gap_id	start	end	length	sequence
AP012051.1_gap1	5951	6821	870	TTTTCATTGATTCTTTAAGTCTTTTGTAGTGGTCATATGCCCTAAAAATTGCAGTGCCCAATTTTGTTTCATATGCTCTAATTCCTTCAAAAACTCCTGAGCCATATTGTATTACATGTGACAAAATGTGGATCTTTGCTTTGTCCCATTCGACGAAATGCCCATTAAAGTAAATAAATTTTCCTTCAACCATAATTACCTGGTTCTCAAAAGTGTATAACACTTACACTTTTGGTAGGCTTATTTGTAGTCCGCCAATTCAGGTTAGCCATATAGCCTACAGGCGGAATTTGGCTAACCATAGTCCCTGCACCAAGCACAGGAACTAACTTTTCTATTAGTCTGTTGTATGCAAATCTCATACATGATGAGAATTTTCTCATAAGTTTTAAGAGTAATTCTTTATCTGTTTTAGAGAGTTCTAACTCACATTGCAAGGTTATCATGAAAGCTTCCTCTTTTTCTTTCCAAACTTAAAATAGTCCCTCTACTTATTTCATAAATTTCTTTTAAGTTTTGTGTAGTTAATAGCTTCCTATTTTCCATATTTAACAATATACAGTTTTTGTCAACCGTTTTCAACCTCCTATCACGAAAATTTTACTATTATATTCATTTTTCTTGAAATGCAAAATCGTTTATAATGAACTTGAAAGGATATAAAATTCAAAAAATTAAAAAGGAGTGCTTATGTGGAAGTAAATCCTTATGCAGTGTTTGTATTTAAGCGAAAAGTAAAAACAATGAGAGGATTGCTAAAAGGTGAATTAAAGGAGGAAAAAAACTTTTTTAAAACGCTATCCTTAAAGAAAGTTAAAACACTAAACGATCTTGCCAAACAAAATAATTTAATATTGCGCGGATTAAAGG
AP012051.1_gap2	20817	25684	4867	TACATTCTCTTTAACCATAGTTTCGACTCCGATATGCCACAAAATCCAACACGTGAGGGATATACTTTTACAGGTTGGAATACAAAAAGTGATGGAAGTGGAGCATCTTTTACGGATAGCACAGTTGTAATTTCGGAAGATCTTAAAGTTTATGCACAATGGAAAATGAATACATATACTATTACTGCCTCTGCATCAAGTGGTGGTTCTATAACTCCCTCAGGAAGTGTTGTAGTAAATCATGGAGATTCAAAGACATTCACAATTCAACCCAATTTAGGATTTAAGATAAAGGAAGTAAAAGTTGATGGATCTTCTGTTGGAGCAGTTTCAACATATACATTCACGAACATAACAGGTAATCACACAATAGAGGCAGTATTTGAGGCGATAGCATTCACTATAACGGCATCTTCAGGCACTGGTGGTTCTATAACTCCCTCAGGAAGTGTTGTAGTAAATCATGGAGATTCAAAGACATTCACAATTCAACCCAATTTAGGATTTAAGATAAAGGAAGTAAAAGTTGATGGGTCCTCTGTTGGAGCAGTTTCAACATATACATTCACGAACATAACAGGTAATCATACAATAGAGGCAGTATTTGAGAAGGTAGAGGATAAGATAGTTATGATTCTTCAGATTGGAAATGCACGCTTTACTGTTAATGGTGTAGCGAAAACTCTTGACTCACCGCCTATCATTAAAAATTCAAGGACTTTACTTCCCATAAGAGCAGTAGTTGAATCCTTAGGTGGAACAATTGATTGGAATGGAACAGAAAGGAAAGTAACAATTTCTTTCAAAGGAAAAAATATTGAACTGTGGATTGGAAAGGCAATTGCTATGGTAGACGGAGTATCTACTCAGATTGATCCTGATAATAAAAACGTTGTGCCTGAGATAATCAATTCAAGGACAATGCTTCCTCTAAGGTTTGTTGCTGAATCCCTTGGCTGTGTTGTGCAGTGGGACGGCACAACAAAGACAATTACAATAACTTACCCAAAGCCGTAAGGATAAGTTACAATGGATAGAATAAGGAAAGACAAAATCTTCCCTACAAGTTCTGTGTGGAATAATTTTTAGGATTAAGAAATAATGGTTGCGATAACAAGATATTACGGACTTTTTATAGTGCAGTTATTAGGGTTGACATTCAAAAGAAATTTTATTATACTTAATTATACAAACTAAAAGGAGGGAGTAATTATGAGAAAGTTTGCGGTTTTTTAATTATTTTGTTAGTATTGTTTGCCTTCGGGTGTAGCGGAGGGACAACTTCGCAAAATCAAACAAAGACATATAGTCTCACTGTGCAGGTAGTGGATGCAGGCGATAACTCACCAATTGAAGGTGTAAAAGTCTCGATAGATGGACAAAGTGGCACTACTGATAATTCTGGTAAAGTTGAGATTAAAAATCTATCAAGTGGAACTTACACCATAAAAGCGTCCAAAGAGGGCTATTCTGATAATTCACTGGAAGTTTCAATTACTGACTCATCAAAAACTGTTTCTATAAGTTTAAGTAAACAAACTCTTACGAAACTAACGGATCTATCAAAGGCAAAGAGTTATTACTATACATTAAAGGTGAAGGAAGTAAGCGGCAAATTACAAACTAACATTGAAATTTACGTAGATGACTTTGGTAATAAGGAAAAATTGATTTCATACAATCCTGATGGTAAAGTAGATATGGAAATTTATGTTGTAGGTGATAAAGGCTTGATAAAGATGGGAGGTGGCAATAATATGAGCGTTGATAAGGATACGGCAAAGGGATACATTGAGAATATCGCAAGTATTGGACAGAGTTTTGTTTCATCATTTAAAGATGAATATGACAACTTTGTTATAACTCCAAGTGGCACATTGACCGTGAAGGTTTCAAAGGGAACTCAAAATGGATATTCTACAGATTCGGTTGAGTATACAGTTAACATAAGTGGCGCTCAATATACCTTTGCTGGATGGGTTATAAATAGCGGTGAATACAAAGGATTTCTCACACGACTTCTTATTGAAAATAAAACGCCAAATTTAAAAAGTGATGAGATAAAAACGATAGAAATAAACGTAAAAGATTTCGGAAAATCGTTTGATATAACACTTTAATAGACTCTTTAAAAGTTTTTAGTATCAATCTCCCCCACTTCAAAAGGTGGGGGATTTTTTCATATTCTCTTCACATTGTTTTTCTATACTTGGGTAGTAGTAAAAAATAAAAATTTAATTTAGGAGGTAAAGATGAAAAAATTTACATGGCTTTTAGTAGGAATTTTAGGAGTAGCGGTTTTGTTTGGAAGTATTGCAGTGGTAAGTGCTGCAACAGGAAATGGAACGGCAAGTAGAGCTGGATTTGGTAAAGGTCAGGGTGTTGCAATTGGTCAAAGGTTTGAAAACTTTGAAAGTGACATCGCAACTTACCTTGGAATTTCAGTTGAAACCCTTCAGTCGGAAAGAATTTCTGGTAAATCATTAGCAACGATTGCAGTAGAGCATGGAAAAACAGAAGAAGAACTTATTCAGTTTATCGTTTCAAAAAAGACAACCTATTTGAATGACTTACTTTCACAGGGCAAGATCACACAAACCCAGTATGATAACGCAGTAAAAACCCTTACCGAAAGGACAAAAACAATGGTTGAGAGAACCTCTACAGGCAGGCTTTCTGATAGAGGCGCAAACGGAAGTAATCAAGGTAGATTCGGTATTGGTAATAGTGAAGCAAAAAGAGGCCAGGGAAACGGCACTTGCATTAAAACACAAACAAATCCATAACTCTTTAAAAATTGGAAATATGAGGCAGGCTAAGATGCCTGCCTTTTTTGATTTAAATAAAAGTGTTATGACACTTCGATTATGTAAGGCGAAATTGGAAAAAGAATCCCATTTGTTTGCAAATAGATGCGGTATTTACCTGTTTGAGCCTCCTCGTCAATTTGGATTGGTCCAAGATTTATTTCGGGGTGTTCCTCAGGAAATTTTGAATTTTCACTTTTTATTAGGGCAAAATGCCTCATTTTAATTGTTGAAACATCATCACCCGAATAAAATACCGTTTCATAATTATAAGGGTATTTTGGTGTAGATGGCTCTGGATACAATATAAAACTCACTTCTCCAATGTTTCCAAGAGCCTTTGGTGGGTTTAAGTCAAACACAATTTCGACTTCATCGCCACTTTTCACCTTATTTGGTATTGCACTTTTTATATTCGTGAATAGTTCTGGATTTGTTTCAACATAATTTGCAATAAGAGAATCGGTTTCAAAAGATTTTGAGAGTTTATAGCCATCGCTTCTTTTAATGAGGTAAAAGATCATAAACGTATCTTTCTCTGTCGGAAAATACATTCCATATTGTCCGCCTTTGTTTGTAGGTTTTAGATGCATTTGTGTTACAATTTCAACCTCGTCGGGGCTATTACCAAGATTAACGGGATTGCTTATGTGCTCTAAATTTATTTCTACGTATTTGTCTTTTACCTTTGAATTTGTAAGTTCTTCAAGGATTCCTATTCCTGGCCAAACAATTGCAGATTTTGAGAGAGCAAGTGCAAAACTCTTATCATAGTTTGCATCGTTTATGTATTTTATGTATGCTTCAACAACACTCTTTGCGTTAAACCTGTCAAAATTAAATTCACTTGGCTTTTTAGCACACGAGGGAATGATAATTGCAATAAGCAATATCAAAACCACTGTAAACTTTTTCATAGTTTCACCTCCTCAAAATAATTTTATGAGCAAAAATTATTTACAGAAAATTTTTCAAAAATGCTTTGTTAATGTATAATTGATTGCTATTTAAACATTGAGGCGAAAGAGTGGACGAACGAACTCATACAGGGTTGCGTGCTGTAAAGATTGCAATGGCAGTAAATACATTCCTTGCAGTATTAAAGGTTCTTTTAGGTTTTATTGCAAATTCTATTGCGCTTATAGGCGATGGTCTTGATACAACTATTGATGTTGTAAAAAATGTTATTGTGTATAAGGGCACGCAAATTGCTTCACGTCCTCCAGATTTTGACCACCCTTATGGCCATGGAAGAGCGGAAACCATTTCATCAAGTATAATCGGTGTTTCTGTTGCTCTTGCAGGCGCATTTGTTATGTATGAAGCAATTATAAGATTTGGTAAAACTGAGGCACTTGATACCCTTATGATGATTGGTGCTTCAATCAGTATTGCAGGAAAAATATTTTTGTCTGCATATATGAACATTGTTGGAAAAAGAATTTCCAACCAAGCACTTATTGCGAATGCAAAAGATTACTTTGGTGATATTCTTTCATCTATTTCGGTTCTCCTTGGTGCAATTCTTATAAGATTTACAGGAAAGAGTTATTTTGATAGCATTGCATCATTTTTTGTTGCGATAATCATCATTTATATGGGGTTTGATATTTTAAAACCTGCTATTTCTGAAATAATGGAAGAAACCGACGAAAGCGTTGCAAAAGAAGTTGAAAACATTATTTCAAGCTTTGAAAGTGTCTGTAATCCACATCAAATAAGAGTAAGAAAACTTGGGTCATATTATGTTGTTGATCTTCACCTTGAATTTCCAGAAGATATGTGCGTAGGCGAAGCGCATTCAATTGCAACTGAAATTGAAGATACTATTAAAAAGAGTATAAAAGGTATAACTGAAGTAATCATTCATATTGAACCATGTAATAAAAATTGAAAAATTCTTACAAAAATAGTAAGTTTACCTCTTGACAAAAGTTAAAAATCGTTAATAATAACATAAAAGGCTTCGACCTTGTGTGTCCCTTTGGGATAGCAAGGCGATAGGGTTTGAAGAGCAATCTTCAAGCCTGCCTTCTTGCAAAGAAGCCCTAAAATAAGGG
AP012051.1_gap3	27502	28438	936	GAGAAACTAAGAGAACTTGGACTAAAATAGTTTAGACTTGTTATCAAAGAAAAGGGAGGGTGTATCCCTCCCTTAATTATTAGGAGGCTAAAGTGGGTTCACTTACACTTAAATTTCAAGGATACACAGTTGAAATCCCAGATGGAAGAGACATTAAGAAAGCATATGTCGAGATAACTACTTTTTGTAATTTGAATTGTAAAATGTGTTTTAGAAGATTCTGGCAGGATAAACTAAGACAGATGCAATTTTCTGATTATCTTAAAGTCCTCGACAATTTTAAAGATTTCCCGCAACTTGAGACCGTTTATCTTGGAGGAATTGGCGAGCCTCTTGTTCACCCAGATATAGTTGAGATTATAAAGGAAACTAAGAAAAGAGGATATCGAGTAGAATTTGGAACAAATGGGGCGCTTTTGAACAAATATGCGGAAGATCTTGTTAATCTTGGTGTTGACAAAATTACTGTTTCAATTGATGCGCCAGAAAAAGAAGTCTACATGGACATAAGAGGGACTGATTTTAGTAAAGTTGAAGATAACGTTTTATATCTTCAATCTGTTAAGAAAAAACTTGGAAAATCAAATCCAGAAGTATGGCTTGAAGTAGTTTTGATGAAAAGCAATATTGGTCTTATAGAAAATCTTCTGCCTCTTGCAGATAAATTAGGCATAACTACTATTCTTATGTCAAACCTAATGCCATTTTCAAAAGAACTCTCAAAAGAGATAATTTATGATGGCTCCTTTGATGACACCACCTTTATTGATAAACTTAATACAAAAATTGGGAAATACAGACTTAAAATTATTTATCCAAAATTTAAACTTTTAACCGAGAGGAAGTGCCAGTTTATTGAAAATAATTCAACCGTTATAGGTGTTGATATGGGAGTTTATCCTTGCTATAGACTTCTTCATTCGTATACTGAATATA
AP012051.1_gap4	70186	71767	1581	TATACCTAAGAACTTGTTATCAGTCATTGACAACTCTAATTCTAAACCTCTCAATACTTCCCAAAAAGTCATCTTCCTTTTCACTTTATTTTATCAATCTCTTACGTCAAGACTTTTAAAAAATTTCCCTCAAAAATTTTTTCTCTCATAATATAGATACAAAAACTCCCAAAAAAAGTTCCACAATTTTTATAGAATTTTTTTAACTTTTTCATAAAATCATTTCTTCATACAAAGAATCCGCTCATAAAAAGTGCAGATTACGGAGGGTTAAACGTTTGAGAGTGAAAAAAGTTCGGTGTGGGAGCTTTAATTTTGTTTTGGCAGTATCCACTTTACTACATTGCCTCCCAAGCCTACAATGTCTCCACTTTCAGGGGCTATGAGATAGAAATCCTGATGGGGAACAAGTCTTACTCCACAATGCCCGAGCTCTTGTCTTATCTTCTTGTACTAAAATCTAATTATTGTAAACGAGTGAAAGTATTAAGGTTTGTTTTCTTGGCTGTGCAATACTTCAAGCAGTTTATCAATATATGTGACATTTATCCACTCGACAGGCCCACGATAAATATCTTTAGGAACACCTATGCTATTTTCAGAGACTATAATATTTTCTGAAGTAAATGTGTCCCATGCACCTCTATACTCAATCAACATATTAGTATCCCTATCAAAGAGCTTTGGTAGTCCCTCAAACGTGATGAATCTCCCGCTTGGAGAAACACCTCTACATGTCGGGCTCCAATCATCCCAGGCAATATAAAATGGAGGCTTAAGCACTGCCTCTGTCATTAATAGTTACTTTATCTATTAATTTGAAACACTTTGTCGGCAAATAAGAACAATCCGTGTGTTTCGGCATCTATTATGCCAGTTGGTATAGCAATGGAACTCTTGAATTCGCCGTTGATCTTCTCTAAGTTTATGTTAGGAGAATGTATTCCTATAACGGGCATTGGTTTAGATATTGGAAGATAGCTTTTTACAAGATCCTCTTTTGTGGGATCAAAACACCCAATAAAGAGAATCTGCTTATCGGTTTTCAAATTTATAACTTCTACCGCATCTGTTGGAGGATCATCACTTACTGTTGAAAGGAGAGGTTTGCCGTCTATTGAATCGACATCGCTTCCAACAAACCAAATTTTTCCATTTGAATGTACTACTCCAGATACAATAAACACACCCAAGTTATATGTTTTTATATGTCTTAATTCATTGTCTAAAACGAATAAGTTACCCTTTATATCGACTCCCCATACGTTGTTTTCCACGACAAAAAGCTTCTGCACTGGTTGTGAGAAAATATCAAACTCTCTTGTTGCGAGATTTAATTTCCCAAATTGGTCCTGTATTAAATAACTACCTTTCCCTGAATAGAAATTTGTCACGAAGAGTATATCTTCACTAAACTTTATGAGCTTGTTCACTGAACCAAATTCCTCTGGTAGTTTCCATTCGTCAAATTTTCTTCTATCAACATCAAAGAGAAGAATCCCATTTGCATTATTCCTCGATATTGCAATATATTTGCCGACTTTTTCTATGTCTATAATTGAACTATCGCTTGTGTCCGTG
AP012051.1_gap5	73910	75410	1500	AATTAATACAAAAACATAGATAAAAATCTTTTTTTGTTTAATAGTCGTTTGTTCATCTCTTCCCCTTTCTTTTTTTTACATATTAAGGATTAGAACCTTTATGGAAATCAAAATATATTGGATAATTTCCGTTTGCAGTTGTGCAGGGCACTAATGAACCACAGGGCCTTGCATCGATCCCGGTATGTCCATCAACTGTATACCAACGATAATATGCAATTCCAGATGAAGAAACTGCAATATACTACATGCTGAGCGTGTAAGTATCAGTTTCTGCTAGCACTTGTGCAGTAGAGCCTATATGAATGTTTGATTGTGCTGTGGTCTGCCAAGTTGTAGCTACACCAAGTTTCGCTTGAATAGCACCTATTATAGCATTCTTTAACTCGGTTGTTACTTCTCCATTTACCTGGATACTTCCCGTGTACGATCTTAAATAGTCTGTTGAAACCTCAATCATTTGTGGGCCACCTCTTGCAACTACATAATTAATAAGGTATCCTCTTAATTGTTTATATCCATTTCCGAATACATAATGATCAAACCTTTCGGTATAAAAACTTCCTCCATCTGGTGAAACACTTGGTTTTGTAGATGTACTATTCTTGTTCAGTAAAACTGCTTTGTTAAATGCTTCATTCAAAAGATACTGAATATGGTTAAGATTGTATCGCTCTATATACGCTTGTTGATCATCATATGCTTTAACATTAAGACCTCCTGCGTTAGTAAACAAGAGTGTTAATACTAAAACAACTAAAATTAACTTTATTTTCTTCATCTTAACCTCCTTATTAAAATTTTACTTCAACTTTTTTTAAAATTCCGTCTTTTTCCTTTCACTTTTCGTCCTCTTTTTGCCTATCTCTACCTCCTTTACCTCGGAGCCTTGCCTCAATTTGAGGGGTTGAACTGCACCCCTCAATACTCCCCAAAAAGTCATCTTCCTTTTCACTTTATTTTATCAATCTCTTCCGTCAAGAGTTTTAAAAAAATTCCCTCAAAATTTTTCCTCTTATATAATAAATATGAGACATTCAAAAAAGTTTGATGAACTTTTAAGGAATTCTAAAGATTTATAAGCACCAATATAAGATTTTGGACAATCATAGCAAACATTTGCAAGTTTCTTTCCATTCTAAGTTAAATTTATAATTGTACTAATAGAATTGGAAAGCCCTAACTAAAAGTTAGGGCCATTTATTAAAAAAACAAGTGTGATAAACTAATGCTGTATAAATTGACTACTTACTGCAGGAATAAAAGCTTCAAACTTTCCCTTATCCCCATTTTTGTATAAGATTTCGCCAGAAAGTTTGTAAACAGGCTGGACGAATTCTTCTCCTAACTCAAGTGTTGTGCCAATATCTCCATAATATTCTGTCTCAATTTTATCAATAATTACTTTTTCTGCTTCGGGATTTTCAAGTTCGACTTTCCATGCTGTTACTTCGTTATTTTTAAGTTGTTTGACTACTTCGTCAGTAGACTTTAAAGTAT
AP012051.1_gap6	235031	236872	1841	CACTTGATGCAGGAAATTCAGTTATTGTTCAACTTGTAGTAAAAGTTAATTCACCGATAAATGACAATACCATAATTCACAATACTGCAACTGTTGATTCCGAAGAACAAGGGCCTTTATTAGATACAGAGCAAACAATTGTCTCTTCTCTTCCAAATTTAGTTATTACAAAGAGTGCGTCTGAAAATCCAGTAAGACAAGATAGAGATCTTACATACACAATTAGATGCGAAAATAGCGGAACAATGAATCTTACAAATGTTGTCGTTACTGATACTCTGCCGAATGGAATAACATTTGTTTCGGCAACGCCTAATCCAACGAATATAAATGGTCAAACATTAACTTGGAATATTGGATCTCTTCCTTCAGGCTCATCTTTTAACATTATTGTTACAGTACATGTAAATCAAAATGTTCCTAGCGGCACTGTCTTAACAAACAGTGTTAATGCAACGTCGGATCAGGTTAGTGCAAGTGCAACTTGTGATACAACAATTGGTGCACCTGCTAATTTAACTATTTCCAAGTCAGATAATATTGACCCAGTTCCTGCTGGTCAAAATATTATTTATACAATTAAGTATCAGAATACAGGTGGACAAACAGCAACAGGAGTTATGATTACTGATATACTTCCTTCTAATGTTATTTATGTCTCTTCAAATCCTTCTGGAACTTACAATTCAGGACCTCCTGCAACACTTACTTGGAATATTGGGTCTCTTCCTGCAGGTTCATCGGGTACAATTACAGTAACTGTTCAGGTGCCAGTTAATACTACAAACGGAACAGTGTTTACAAATAATGCAACCATTTCAAGTGATAATACAAATCCTGTAAGTGATTCTGAAGATACAACAGTTTTAAGTGCACCTGTTCTTACAATTAATAAAACTTCTACAATGCCACATAACCCAGCACAACCTGGAGATACTGTAACCTATACAATCACATATGGAAATAATGGAAACCTTACTGCAGCAAATACATTTATTGTTGATAAAATTCCTGCTAATACAAAATTTATAGTAGGAAGCGTTACAGGAGAGCAAGGAGTTTCAATTGAGTATTCAAATGATAATGGGACCACTTGGACCTATACTCCAGTTGACTCTGGTGATGGAACAGATCTAAATGTGACAGATATAAGATGGACTATTGGAAGCCTTGCTCCTAATATTACAAATCAAACTGCTTCATTTAAGGTTAAGATTAATTCTCCTCTTCCAAATGGAACAATTATTACAAACACAGCAACTATTGATTGTGATCAAACCAATCCTGTAAACGCACAAAATGATTTTATGGTTGGTTCAACACCTAACCTTCACATTACAAAGACAGGACCATCAAATGTTAATGCAGGCGATACTATTACATACACCGTAGAATACTGGAACGATGGTAATATGACAGCAACAGGTGTTGTTATTACAGAAACATACGATGCAAATGTAGAATTTATTTCAGCAACGCCATCTCCTGATACAGGTACAAATAACAGATGGACAATAGGTAATGTTTTTGTAGATAACACACACCATACAATAACGATAACAGTTAAGGTAAAATCTCCTCTACCTAATGGCACTGTAATCCATAACACAGTAACTATCGATTCAGATCAAACTGATCCAAAAGATGCAACATTTGATACAACAGTTGGTTCTGCACCAATCTTAACTATTACAAAGGTAGATACGCAAGACCCAGTACAAGCAGGTGATAACATCATATATACAATAACAGTAGGTAATACTGGTAATGCACCTGCAACAAATGTCGTAGTTATAGACACAATTCCAGCAAATACTACATTTGTCTCTGCAAGATTCATT
AP012051.1_gap7	243502	244976	1474	AGAGTTATATTTTCTTCTGTAGGTTCTCTTAAAATAAACAAGCATAAAATGGGTGAATACTTCATTATTAGGTTAAACATGGGAAACTCGCTTTTTTAAGAAAAAAGAATAAAATAATAAAGGAATTTGAAGTCCTTATCAAAGGCAACATAGTCATATAAATTGAGGATTTTTGGGATTTTTCTTTTATTTGTGCTTAATTTGATAACATTTTGTAATCGCGCAATCTTTTAGCTTGATTTTCAAAGTTGTCAACTTCCATAATAGCTTGTGTTTTCTAAATTTTTTTAGTTAAATTTGCTATTTTCGTTATCGTTATATAAATGCTCAATGAACAAAGCTACTCCAGTAATAAGTTTTGTATTTGTCCTGTAAGAATACTTAAAGTTATCACCATTTAGATAATATGTCGCTGGAAGATGAGCATTTTGACCATACCATGCATAAGCACTCGATGGTTCCAATGTTGCGTAGATTATGTCTTTTGCATTAACAGGCTGTATTACATCAATTGTTCCGTTAATTGCGTCTTCTACTATTAAAAGGTTATCTTTAATTATAAAACTTGAACCTGGTGTAAGTATTATACGTTTAAAAATAATTATTGTGTCGGGGAATAGATTTAATGATGTTACAAAGTCATATTTTTTATAAAAGAAGGGAATTAAGCATAAACCAAATGTGGCGTTGCCTTCTCTTATTGTTGGCCAAGATGAATGTCCTATTGTTCTTATAAAAGTGAGTGCAAAGAATACTAAGCTTGCTAAAACAGTATAAACTATGGAATAAAGTAATAGTGATAAAATGGAAATATCTTTGGTAGGTAACAAAGAAGGAATAAGAAAGATTAACGACATTCCTAAAAAGACCAAAATGTAACATGTTAGTGATTCCCATATAAGTATTACTATTTTTATTATTATAACTTCTATATTTGGATTTATTTTTTCCATATTCATAAAATTATACCTATTACTCATTATTTCTTCAATATCAATAAAAAATAGTTACGAATATAAAGCACACATTTTCAATTATATTATGATAGCGAATTTTTCTACAAAATCAATTTTGAGCAGTTATATTCGTAAAAGTTTTCTATTTTACGGCTGATAACTCATAAGAGTATTTTTGAGTAGTGTTAATTAGTGCAATGTATTATTTCCTATTTTATAAATAGAAAAACAAAACAGTCATTTTTAAGCAAACTTTTTCCAAAATTTTTACTATAATAATAAGGAGAAAGATGATTAAAAAGGGAGATTTTTTCATGCAACAAATCAAAAATTCTAACTTTTTAAAGACGGTTATTGAGGAATCCCTAAAGAATCACAATGCAGTGCATATTAAACACATAGGAACATTTTACCCTGTTGAATATATTTCTGAAAGAAATGGGAAAATCATAAAAACCCAAACATTTGCATATAAAAAAACGCATACACAAAGTTTAAAACAAAAAAGATAGGAGATG
AP012051.1_gap8	248334	250105	1771	ACGAGTCCTCCCCTCTTTTTGTAAAAGGTGGAAGAGAAATTATCCCCAACATTGAAATGCTTCTTTCCTTTTTTAGGAAACAAAATCTAAATCGCATTTTTATTAAAAGAGAACATCGCGGGAGCATAGACATTGATAAACCGCGTATACCTTACGGTGGCAAAGTGCTTTTGCCCAATTCGGAAGGTGCAAAAATTGTAAAAGAACTTTTCCCAATGGAGTCAGAAATTGTTGTCATAAAAAAGAGGTTTTCTGCATTCTTCCATACGGAACTTGACCTTATTTTAAGGCGCCTTCAAATTGATACCCTCATCTTAACAGGGGTTCAAACGCCAAATTGCATAAGAGCAACTGCCGTTGACGGAGTTTCGTATGACTATGATGTCATAGTTGTAAGTGATGGGACTGCATCAAGTTCAGATGAGGTGCAGAAAGCAAATCTCTTTGACCTTGAAAAAATGGGTATAAAAATTCTCAATGTAAATGATGTAATAGAGTTTATAAAAAAACAACTGGTTGTATAATTTAGTATGGCAAAGTGCTTGCGGTGTGGAAAACCTGCAACAATTTTTCTTGAAGGACTTCGCTTTTGCAACGATTGTTTTAAAATTCATGTTGAAAAAGAATTTCAAAGCGCAATTGAAGGGCATGCAATAGGGACTCGTCTTATTAACGGAGAAGAGCAGGTAATGGTTGCTTTGTCAGGTGGAAAGGATTCAATGGTCCTCTGGTATCTTTTACGAAAATTTAATTTTAATGTTGTGCCAGTGCACCTTAATTTAAATTATGGTGTTTTTTCAGAGAAAAGCCTTGAAGTGATCCAGAAATTTTCAGAGAAAATTGGCGACAAAGTTCTTGTATATAACATAAAAGATGATTTTGGCATTGATATGTTGGAAGTTTTTAATAGAGCAAAAAAACGTCCAAGGTGCGGGGTTTGTGGCATCATAAAGCGATACCTTCTAAACAAAATTGCACTTAACTTACAGGTTGATGTGATTGCAACTGGCCACAACCTTGATGACGGCGCTGCAACGACATTTAAGGCAATCCTCAACTGGGATTTTGATACACTTTCAAGAAATTATCCAATCGTCTCATCCTATAAGGACAAACTTGTTAAGAAAATTAAGCCACTCTATAGGCTTTCTGATAAAGAAATTAAAATGTATGCAGACCTTGTTGGTATTGAATACACATCGGAAGCGTGCCCTTATAGAATTGGAAAAGTGACACTATCAAAAACAAAGGACATTTTAGACGAAATAAGCGAAGATTACAAAGGCATAAAGCGCACTTTTTATTATGGGTATCTTCGCAATAAGGACATATTTCAAAAAGATGAAGCCGAGTTAAAGGAGTGTAAAATTTGTGGTATGCCTACAGCAAGCGAAGATGGTGTTTGCTCATTTTGTAAACTCACGAAAGGACTAAGCGATGGGTAATAGATTTAAAGAAGGTGATTTAGTTGAAGTTATCGATTCAAAGGATAGAATTTTCCTCTTGAAACTTAAAAAGGGCGAAAAATCACACTTCCACTTTGGAATCCTCGAGCATGATTCAATCATAGGAAAAGTTAACGGAAGTTTTGTAAAATCCCTCAAGGGAGACGAGGTTTTGGTTTTCAAAGTGCGCACTCCATTTTACACGGTGCATATGCGAAGGGTTTCTCAAATTATCTATCCAAAAGATGTTGGAGCAATTGTCATACATGCGGATATTCACCCAGGGCTTAGAGTATTTACAGCAGGCGGAGGAGCAGGAGCGCTTG
AP012051.1_gap9	273698	278246	4548	TGATGTTGGCAAAAAGATACATACTGCGCGATCAAGAAATGATCAAGTACTCTGCACCTTACGCCTTTATTACAAAAGTGCTCTAAAAGATATTGAAAAAATTGTTGTGGAAATTATTAATGCACTTAAAATATTCAAAAGAAAGTATGGTAAGGTTCAAATACCGGGCTTTACTCACACAAGAAAGGCAATGGTTTCATCTATTAAATTGTGGGCAGATTCGTTTATTGAGGCACTTACTGATGAGTTAAAATTTGGAAAATCAGTGTATGAACTTATTGATAAGTCGCCTTTGGGCACTGGTGCAGGATATGGAGTACCTGTGTTAAAAATAGACAGAAATTATACAAAAAAGATTCTTGGATTTAAAACATTGCAATATAATCCCATATACGTGCAAAACTCCAGGGGTAAATTTGAAGGCGAAATTCTTTCTTTCCTTACAATGATTATGTATGATATAAACAAACTTGTTTCTGATATTATCTTCTTTTCAGAGGATGATTTAGGATTTATAAAAATACCAGTAGAGTTTACAACGGGAAGTTCCATAATGCCACACAAGAAAAATCCAGATGTTTTTGAAATTGCACGAAGTAAATATTCAAAACTTCTTTCCCTTGAAATGAGGGTAAAAATTTTACCGTCAAATCTTATTTCAGGCTATCACAGGGATTTGCAGGAGACAAAAGAGTGTGTCTTTGAAGGCTTCGATACCGTAAAGGAAACTCTTATAGTGTTAGCAAACGTTTTGTCAAAGTTAGAAGTAGATAAAACCAAGGCGCATAGTCTTTTAACCCAGGAACTATACGCAACAGAGGAAGTCTATAAACTCGTCTTAGAAGGTGTTCCTTTTAGAGAAGCCTATAAAATAATTGGGGAGAAATATCTAAACGAATAAGTCAAATACTTTTAGTAATCTATAGGTCTTAACTATTATCTATGATTATTCGAAGATGGTTTTAAGTTATATTTTTAAGTATGGAGTTAACAATTTTTGTGTGATAAAAATTTCTGGGGTGTCGTCTCAAATTTTGTCACAACAGAATATAACTGGTTTTTGTTTTCAATAGGCGAAGTTTTAATTTTGATTGCCGTTTTTCTTTTTATTCGATGAACCACTAAAACTAAGAAATAAAAAAATTTTATTTGCTTTAATTTTTGTTTTGCATAAAATTGAGTATGGCTAATCTTTAACAACATAAAATCTTAATGTCATTAAAGAAAGGTCATAAAGTGAGGTTATGAACCCCACAAAGGAGGGAAAGATGAATATCTTTAAAAGGCTTATATCTTTCTTACTTGTTTTAATGATGTTCTTTTTGAACTTTCCGTTTGTAAGTAATGCTGTTGCATTTTACTTCTCAATTTTTAACGATGCAACAGCAAGCAGGTGGGCAATCTCAGAACTCACACAGGCTTACAACTATGGGCTTACTTACCCTGACATTATGGGTAAATTTCAGCAACCAATCACAAGGGAAGAATTCTGCGTTATTGTTGTAAAACTCTACACTAAACTTACGAATAAAACGGTAGTGGCAGGAGCAACTCCTTTTTCCGACACAAGCAATCCTGAAATTGTAAAGGCGTATCAACTTGGTATTGTTAATGGAACAGGCGGTGGAAAATTTTCACCAACTCTTTCCATAACAAGACAGGAAATTGCAACAATGATTTATCGAGCACTGTCAAAGGCTTATCCTGCGCTTCCAACCATTAATAAGAACGACTTTCCATTTAGGGATAAAGAAAAAATCGCTTCGTGGGCACTTACAAGTATGATGTTTGCATTCCAAAATGGAATTATGAAGGGCACATCAGTTGATACAATCGACCCTCTCTCAAATACAACAAGAGAACAAGGGATTATTCTTGTAAAAAGGACCTATGAAAATTTCAGAACTTCCATTAATGCTACACTTCAAATTCTTCCAACACCTGCACCTACAAGCGAATCCGAAAAATTTAGAAATCTTGATTTCAATGCGTTAATAAATGCGCCTGTGTATGATACTAAATTGACTCTTTATATTGCAAATGACTCGACAAAACCCTTGAGCATTCCGACAGCATCGTCAGGTACAAAAAGTGGCTCGCTTTACACAAAGGCAGACGATGGTGCTCTGATTGATATGTCGGGCAACAAGCAACGCTATTTTTATGCAGATTATGGGACTTTGACTCCTTATGCAATTGTTGTTCAAGTTTCAAAGGCGCCTTTCGTTGGTTTCAAGACAAACTGGAATAATCCGCCGGCTCTTGTTTATACAACAACGATATCGCCTGCAAAAAAAGAATTTGTTATTGATTTTTCTAAATTCGTTGAGGCATTTCCGATCCTTATAATCAATACCACGCCTAAAACAGAAAGTGCACAGGTTTATTACGTAAGGGCTGTTCCTGTAGACAAAAATATGAATTGCATCGGAGACCCGGGTGAGGGATTGCGAGTGCTTTATGGAAAGCCAAGTTTGGGAAATCAAAAACTCTCTCAAATTACTGTTAACGGAAAGCCAAGTTTAATAAAAACGTCTTTTGAATTATGGACTACCCAGCGTGACGGAGACATTACCTGCAATGGTGAGTTTCCAAATAAACTCCAACATTTAAGCGAAGTTGGATTTGATTGTGAGAATCCGAATGATACCGCAAGATGGTTCCAATTCAAAAACTTTCCAGAAGACACAACAAAAATTGTCTTAGAGATTTCTTCAAAGCCGTTTGATGTAAATGATGCTGTCGATAATCCAGCAGGGCTTGTTTATTCAAGCTCATATATACCACCAATTCCTGCGGTAGCATGCACTGGAACTGGAAATTCTGTTTCCGTGAAGTTTCATAATTTTGCATCGGCATCTTCTACCCTTAAACCAGGCGATTCTATCTCGTACTATGTAAGGGCTGTTGCATATTCAAAATCTGCATTGGCAGGATCTTTGGATTATGCTCTATCCGATGTTATAAAAGTGAATTATTACAAGCAAAAGGACATTACATTCTTTATACCAAAAACTATTAATGTTCCCACGTATATTCCATCCGTTAAGATAATTCACTACGAACCTGTTCAATGGCAAGACCCAAACTGGGCACATTACTATGTGGTGTATCGAAATCCACATTGGAACGAGGTAAACTTTGAAGTAACAAACGGAGTCGACACTCTCCATCCTTATATGTACTACTTTGAAAATGATCCCTCTATGACTCCTGACCGCTATGAAAAAGAAATTCTCTCAAAGTGGCTTGCGGTAGGAGACGGAATACAGGTTTGGGATAGGCCTAAAGACGAGTCGTTCTGGGGACAATTGTGGGATGGGATTGTCTCATTCTTTAAGTCTTTGATAAACGTTATAGCTCAACTTACAAACTGGGTATCACAGGCATATGCCAATTTGAAATCAGGGCTAATTAATTTTGTTGTATCGAGTCTTCCTGGAATCCCCGATGGTTGGCGTGACAGTTTGAAAAAAGCGCTTACTGCACTTGTAGATTATGGCTTAGCTTCTCTTGGAATTCCTCCAGAACTTCCAAATTTTGATGCACTTGAAAAAGATGGGCTTGACTATCTTGCAAAAGAAACACTAACTGAAGCAGGTGTGCCTGCAACGGATATGACCGTTGATTTAGTTGAAAAAACTGCGAAAGGTATTGGTGATAATCTTGCTGCCTCGGCAAATTCTGCTACTCCAAACCCGCTTAACTGTTCATTCCTTAAAGTTAATCCAATGTATTTATACAGGCCTGCATATATGGATATTAAAATCACTAACAACTATGACAAGCCATCGCAACCTGGTAAATTGAATATAGACGTTCAATGGGAGTGGCACGAATGGAATTCTGATGGTGGAAGTATTACACTCTCAAGCCCACTTTCTACTTTTGCAAATGGGTGTCCCGATGCTGCACTTCAAGAAGGAGTGGATTACCGTAACCACTTTCTTAACGGACTCAAAAATGGATATCCGTACTTTCCTGTTTACTATCCGATATTTGAGCCTGTTAGGGGCATTTCAATACCTGCGCTTAAGCCACATGAAAGCACGACTGTTCGTATCTATTTCAAGGAATATGTGGGAAAGAATTATCCGTTTGCACCAAATGGAGCAACTGTTAACTGGGACGATTTTGCAAACCTGTATGGAATGGTAGGAAATGTTGGACCATCGCAATTCAAAGTTTATACAAATGGTTTCACACTACCTAATCTCCCTAAAACTTATTGCGATGAGAAAACACATACAATTTATACGTATGTCTATGATGCAACAACTACTTCAGATTCATTCATAGGAGTACCCAAAAACGCGCATTAAATAAATACCCAAAAGTTTTTCAAAAGTGGGTCCTTTTAAACTCTTGACTATTATGAGCATATGCTTATAATATTGTAGAAGGTAAGTGATATGACAAGACCGAGATTTAGAAGAAGAATTGGATGGCTTCCTCGCGTTGACTACTTTACTCCTGTTTTAGATAAGGGTAGCCAAGTTGAAAGTGTTGTGCTTACACTTGATGAGGTAGAGGCAATTCGCCTTGCGG
AP012051.1_gap10	301094	303935	2841	GTGAATTCTTCGGCCTGAGGAAACACGCAATGTGCGGTGAATTTCACTTTCGCATTCTTTCTTATACGAATATTAAAGATGATATTTTGCAGTCCCTTTTTCTCCACATAGCCAGTGCATACATGTATTGGAATTGGCAGTATCACGCCTTCTTCAATTTCCATATCCACTTTAACACCATTTTCTATTTGAGTTGGTGTAAGTTTTACGCCTTGCACATTATTCAATCCGATAACTCTATTCCCACTAATGATGATTGATGCAACTTTTTTGTCAAAATATTTCGAAGCATCGTACCCATTTTTTTCAAGAGTGTCGATGATTTGTTTGTATTCATTAACAACATTTACACTCATTTTGCTACCCCCCCTTTTGTTAATTGTTCATTTCTTTCAGGTGCATTCGGATGGTTGCATATGCCACACTCTTTTTTGTATTCCTCAATTACTGATAAAGCATCTCCCTTATGAAGGACTATGCCATTACATATGTGGTAGGCATAATCAACATTTGTTGCCATTTCTTCTCTGTGGGTAATTATAATAGGTGTTCCGCCGTATGAAGCAATATAACTAAGTACGTTATTTACCATTTCAAGACTCATAATGTCAATTCCTGAATCTGGCTCGTCAAGGATTGCGTATCTTGGTTTTAAAACTAAAATAGATGCAAGTTCAACCCTTTTTCTTTCACCGCCACTAAGGCTTCCATTAACTTTTCTTGCTATGTATAATTTTGGATTTAAACCTACTGTTGCAAGAATATTTTCAATTTCTTTTCTTTCAACTTTTAGTTTTCCTCCAAGAGTTAAATACGCGCTAATACTAATTCCTTCAAATCTCGGTGGCTCTTGGAAGACAAGTGTTATGCCCCTTTTAGAGCGCTCATAAATTGATAGACTTGTTATATCTTCGTTATCAAGGAAAATTCTTCCCGAGGTTGGTTTGTAATCCTCAAGTCCCATTATGATGTATCCAAGTGTGCTTTTCCCAGCACCGTTTACACCAAGAATTGCGTATTTTTTTCCTTCTTCAAACTCCATGGAAATGTCTCTCAGGATTAACTTATTGTCCGCAATGTAACTTATGTTTTCAAGTTTTAGCATCTTTTCACCTCGTCTTCCAGAAAATTATAACACAAAAAGTAATATATTACAATAGAATAGGAGGTAATATTTCACTACTTTTATGGAATTCAAAATTAAATAGAATTGAAGAAGTTATAGCTAAACTAACCAAATCCTATATAATAGAAATATGAGAATAAGAGTTAATTTTGAGCGTCCTTATGCAATTTTTTATTTGGGGCATCTTGATATGAAGACAGTTATTGAACGTGGATTAAGACGCACAGGTCTTCCGCTTAAATTTACCGAAGGGTTTAATAAAAGAGTTCAGTTGGAGTTGGGATTTCCGTTGAGCGTTGGGATGGTTGGAGAGGATGAGTATTTTGATTTCTTTTTAAGAGAGGAAGTTGATCTTGATAAAATTTTTAAGAAACTTACCGAGGCGTTTTCAAATCTTCTTGTAATAAAAAGAATTAAACCACTTCCGTATTCTGCAAGATCGATAACTTCTTTTGAGGCAATATTTACAAATATTGTAGTGGGACATCTGCTTAAAGATGTTGCTCAAACTGATATTGAAAATGCGTTAAGTTTGATTTCGGAAAAGCAGGAAATTATTGTAGAAAGAGATGGAAAGAAAAAAGACGTAAGGAAATTTATCGATAAACTGGAAGTTTATAACTTCACAAATCCGCATTTTGAGATACTTCTAACTACACTATATTTACGAGAGGGAAGTATCAAAATGAATGAATTTGAAAGTATCCTCTCAAGCCTTGTACCTATTGAGTTTGAATACGTTGTAAGGAAAAATACGCTTGTTATTGACAAAGGAAGACTTGTTTCTCCCTTTGATTTGAATTTTTAACCATACTTTTAACCAAATACGCAGGTATTTTTACCCTTCTTTTTTGCTTCGTACATAAGAGTATCTGCTCTTTTAATGAGTGACTCAACTGTGTCTGTTTCTTTAATTAGTGTGCATCCGATTGAAACAGTTGCAGATATTTCACTTCCATCAAAGTCGACAGAAGAATTTCCTATAAGAATCCTCAATGTGTTTGTGAATTTTCGAAGGTTTTCTTCATTAATATCTTTAAGGATTACTGCAAATTCTTCTCCGCCATATCTTCCAACAGTATCTTGCGGTTTTATGTTAGAAAGGATGGTTTGAGCAATTGCTCTTAAAACTCTATCGCCAACAAAATGTCCGAAGGTATCATTGAGTCTTTTAAAGTTATCTATATCGAGAAACAGGAATCCGTTCGTCCTTTTTAGTGCATTTACCTCTTTTATTGCTTCCTCAATCTTTTTCTCAAGGTATCTTCTATTTGGGATTTGAGTTAGTGGGTCAATATAAGCGTCTTTTTGTAGTTTTTGGATATTTTCTCTTACCAAGGACAATCCCCAACTTTGATTGAATCTTTCAACAGCACCAACAACTTCACCTTTTCTATTCTTTACAGGAATTGCCTCAACATAAATAGGGATTCTTGCACCGTTTTTATCATGCAAATATACATTTTCAGAAACGATTTCACCCTTTTCCATTGCCTTTACAAGTGGACATTTTGTTTGACAGAGAAGAGTGCCATTATCGTCTACATGTCTCAAAATATTATCGAAACATCTTTTATTTATTATTTCCTCTTTCTTATAGCCTGTAATTTCTTCTGCCGCCTTATTCCAGTATAGAATTTTTCTTCTTCTATCAACAAAGTAAACACCATCGATAGTATTTTCTGTGGCGGTTTCATAGTACTTTTTAATTGCCT
AP012051.1_gap11	453927	455012	1085	TAATTTTTATGAAGATATGCAGTATGATGCAATCTTAAAAAAGTTTTTGGATAGATTTAATGAAGTTGTGCCCAAAAATTATGAAGAACTTGCAAAGAAAAAAGGCCTGACCAAAGAACAAGCGATAGTTCTTGCATCAATTGTTGAAAAAGAGGCAAAATTTGACGAAGATAGGCTTCTTGTTGCATCGGTTTTTTTAAATAGACTTTCAATTGGAATGCCACTTCAAGCAGATTCAACAATCCTCTATGCGCTTGGCACACATAAGGAGTGGCTTACAAAGGAAGATTACCAGATTGATTCTCCATACAACACGTATAGGTACGCAGGGCTTCCACCAACTCCTATCTGTAATCCGGGGCTAAAATCGATAATGGCAGTAGTTGAGGCACCAAAAACTGATTATTATTATTTTATGACAACACCTGATGGAAAGGCGATTTTTTCGAAGACACTTGCAGAGCATGAGGCGAATCTCAGAAAGTATTATGGAGGCACATGAATGGAAGACTTAAATGAAGTAAAGAAAAGAGAAGTGGTTCGAAGGATAAAAATGAAAAAAGAGTGGATCTGGTTTGTGCAGGCAATCTTTGAAGATACTCACATGGCTGCAATTACCCTTGGTGACTCTGAGAGTCTAACATTTTTTTACGACAAAAAGAACGAAGACTTCATAAACGAATATTTGTCAAAAATTTTTGCGTTTTTAGAAAAAGAAGATTTGTAATTTGAAAAAAATTGTTTATGCAAAATCACCTTTGTCGAAATCAAGGATTGCAGAGTACAACATTAACCCATATCTTGGTTGCACTCATGGGGGTAGGTATTGCTATGCTTCGATGATTATTGAGAGGTTTCACAATAAAGATGAAGTATGGGGGGAATTTGTAGATGTGCGAATGAATACCCCTGAAAACATTCTTAGAGAACTCAAAAATAAAAAAAGTGCAGATATTTATATGTCGTTGATGACCGATTGTTACCAACCGATAGAAGAAAAATATCAAATTACAAGAAAACACTCCTAAGCATCCTTAATCTTGAGAATACACTTTTTCACGATAAGTTCTCTATTACTATTCAAT
AP012051.1_gap12	493470	496031	2561	CATCCCTCAAAAAAAATGACAGTAAGATTATAAATAAACGTAGAAATGACTAAAGCTAAGTAAATAGCAGTCTTGTGCTTATACAATACTTCAAAAAAATGAAATCTAGTATAGGGAGAAGCAAAGATAAAAGCAAGGAAGAAAACAAAAACTAGAATCAGGCTTGCAAGGATAAAAACTTCGCCATAATTTTTTGTAGACAATTCTTTATCTAAAAGTGATTTTGTGGTGATTAAGATAATAGGTACAGAAATTATAAACAATAAAGCAAGCGACCATTCAGCAGTAAGAGCAAAATACCTAAACATCGTTAACGGGAATAGTGTTATTGCAATTACAAAGCCTAACTCTCTATTTAAGGTACTTAATGTTCTCTTGTTCATTTTTAAAATCCTAAATACTTTACTCGTTTTGAACAATTACAGTTGGCAAGATTACACCAGGAGTGTGGGCTAAATCAATTGCGCATTGGCTCGAACACCCAATTTCAAATGCAATCTTTATAACATCTGTAACATTTCTATCTATATTTGACTGAATGATACCTGTTATAAGCGCCCAAGCAAGGCTTTTGTATACGGCATAGTCTCCTGCAGGAATATATGGATAAACCACAAGAGAAGCTAATGACATTACTAAATCAAAATTTGTTTGTTTTTTATAGTTGCTAACCACAAAATCCCAGTACTGTGAAGTTGCCAAATCAACTGCTGCCTTTGGGTATCCATTTTGGTCCAAATAAGCATGACCATAAATAGTTCTTGAGCCGCCATAAAAATATTCTACTACTTTGAGAGAAGCATCGGAGTATTCATAGCAATTATAAGTTAAATTAGAACTTGCGTCATAAAAAGACCATTGCTTTACAAGAGTTGCAGCTTTTGCTTTTTCTAATGGATGAGACCATCCTACCATGGTGACGGACATTAGGATGACAATTAATAAAATACATAGCTTATTAACTTTTGATCTCTCCATTTTTAGCCTCCTTAAAATTTTATTATTTTTCTTTTCTCAAAATTTAGTTTTATCTACTCACTTTTTTTGTAATTATTTCTACTTTACCTCCTTTTCCTCGGAGCCTTGCCCTCGCTTCAACACATCACCTTCCTTTCAGAGGGAGATTTCACTCCTGCAGTTACTCAAAGATGTATATGTTACAAACATTTCCCTGAGTTTTCTCCTTTTTTATCAAATTAATAAATTTTTCCTTTTACTGTATTTTATCGTCCCCCTCTCTCTTGTCAATAAATTTTCCCGACTTTATCAGTTGACCTTGAACCAACCCGCATAAATCCTAAGAATTAATTTTTAAAAACCTTCATTTTGCTACTACAAACTTCTGTTTGATCTTTTTGTTCTGATTAGATTCTTAACTCTTCAAAGGGAGTAATGTTTTTTGGAGGTTTAATATGAAGTATTTTAAGAATCTTGTTACCAAGCTCATCCCACTTTGTTTTAAGATAGAATGAATGTCCTTCTGCACTAAATTCTGTAAGATTCATTAAGTTGAGTGCTTCTTTGATTCTTTCAGGTGATGCTTTGATATTATTCTCTTTAAGTGTTAGTTCAAGCGTTCTTTCAAGAAGGAAAGAGAGGAAACAAACAACAAAGTGGCCTTTGATTCTTTTTTCGGTCCAGTGGAAGATTGGCCTAACCTCCAACGTACTCTTCATTATCCTGAATGATTCTTCTATCTTCCATAGAGCATGGTGTGCATCAAGAATGTCATTTACATTCATATCAGTCTTGCTTACCTCTATTGCATAGTATCCATCAAACATCTCATCCCTTGACATTGCATTTTTATCCAATTCCCAGTTCAGCTTGTTTGTCTCCTTGAGGTATTTTCTTCCTCCACGCTTCAAGCTTCCACTGATAGCAGAAGGGTTATCAAGAAATTTTACTCCTTTATCAATCAACCTCTGCCTATCCTCTCTATCCTTTTGAGCTCTCAAGGGAGAATAAGTTACAAGGAGCTTCTCTTTGAGGTCATACAGTTTGTTATCTGTATCTCTTACAGTATTTACATAATCAAGCAGCTTGTATCTGAAGGTTTCTTCATCTTGGCTTGAATCGGCTGAATTGAGGTTAAGGGTATCTTTCCCTTTTATTGTGACGTACCCCTCTTCATTCAGGATACTTTCCTGCACATCCTTCTTCATGCTCTTTATGCGTGATGAAACAATGTAATCATACCCTTTATCTTTGATTTTCTTTAAGTTGAGCTTTGAATTTAGCCCTCTGTCTGCAACGATGATTACCCTGCGTATGCCAAACCTTCCACTGAGTTTATCAAGGGACGACTCAAGTGTCTTACCTTCAAAGGTATTGCCAGGAAAGAGTTCATATCCTATTGGCCGACCAACCATATCAATGAGCAGTCCTAAGACAACCTGCACTTCATTAACCCTATTTTCTTTGCTGAATCCAAAGTCTCTTAATGTATCCTTCTTTACGCTTTCAAACCTGAATGTTGTTGCATCATAGAAGACAACATCAACATTCATATTGAATAGGCTCTTCTGTTTGTTAAAAAGGTAATCTTCAATTGTTTCTTT
AP012051.1_gap13	501750	506541	4791	TGGAACAAACCTTTCGGGCGGACAAAAACAGAGAATTTCTATTGCAAGAGGAATCATAAGAAAGGGCGATATTTTTGTATTTGATGATTGCTTCTCTGCGCTTGACTTCAAAACCGAGGCAAAATTGAGAGCGGCTTTGAAAGATGTTATTAAAGGTTCGACTGTTATTCTTGTTGCTCAAAGGGTTGCAAGTGTTATGAGTGCAGATAAAATTGTTGTCCTTGATGAGGGAAGAATTGTAGGTATTGGAACACACAAAGAACTTTTGAATTCTTCAGAGGTTTATCGCGAAATTGTCTTCTCGCAACTGTCGCAGGAAGACCTCGTAAGGGAGGGTTTGGCATGAACGGAAAGAAGACAGAGACCCAACAGGCAAGAATTGGCCCAATGATTATGGGCGGTGGACCTCATGGTTTAAGAAGCGCTGTTGAAAAGCCAAGAGATTTTTGGGGCACATTTAAGCGTCTTATGGGATACTTAAAACCGCAACTTGGCAAATTAACTTTAATAATCTTTCTTGCTATTGCAAGCACGGTTTTTACGGTTTTTGGTCCAAGAATTAGTGGAAATGCTATTAATGAGATAACAAATGGGTTTATTGCTCAAAATCTTGTAGCCGGAGTTTCAAAAGCACAAGAGCAGACACTTCCTCAAGTTAAAACTATGCTTGATACATTAAATAAAGCAAAAACACAAGCAGAGAAAGTGGCAGAGGCTCAGGTTTTAAAACAATTCGAAGGGAAACAGGTTCCACAAAGTGTAATTGAAGAAGCAGTATCGAAGGCAAAGGAAAAAGCCGATAAAGAAGTGCTAACGCAATTTTTATCAAAGGCAAGTTTAACTGAGGATCAGTTCAAAGCCTTAGAGAGTTTTGTAAATTATCCATTTGTGAATACCATAAATGATTATTCTGAAAGAGCGAAAATTGTTGAAGATATAATTAACCTGAGTAAGAATTTACCTCTTGATAAACTTTCATCTTTCATGGGAAATACGGCGGGAAATACACCTCAAATGAGGAATTTTAAATTTTCAGAAACGGATCTTACAAATGCACTTGATATAATAAAGAAAAATGGTGGAAGGATTCCTTTTGACAGCTTAGGACAAATTCTTCTTTTACTTGTAGGTCTTTATGTATTAAGTTCATTCCTTACATTCCTTGTTCAGTATATAATGTCAGACGTTGCACAGAAGACCACCTACTCTCTTCGAAAAGACCTTTTCGAGAAACTAATGAGATTGCCTATAAGATACTATGACTCACATTCAACAGGCGATATTTTAAGTCGAATGAGTAACGATCTTGATACAATCTCAACAACTCTACAACAGAGTATTACCCAAATTATAATATCCATAACACAACTTATTGGCTATCTTATTATGATGCTCACGATAAGTGGTAAACTTACAATTATTGCTGTTTTAAGTTTGCCAGTTTATGCACTTACCATGTCTCTTATAATTAGATTCTCTCAGAACTTCTTTAGACAGCAACAAATTCACCTTGGGCGACTCTTAGGGCATGCTGAAGAAATGTATACTGGCCATGTTGTTGTAAAGACTTACAATAGAGAAAAAGATTCTATCGAGAAATTTGAGAAAATAAATAAAGACCTCTACGCTGCAAACTGGAAAGCGCAATTCTTAACAGGTATTATGATGCCTATGACAAACTTCATAAGTAACATTGCTTATGTATTCATAGCGGTTTTTGGTGGGATATATGTTGCTCATAATGTACTTAATCTCGGTGATATCACTGCATTTATTCAATATTCAAGGTCTTTCTCTCAACCGATAATTCAAATTGCAAATATTTCAAACGTTCTTCAATCAACGATGGCATGTGCAGAAAGAGTGTTCAATGTGATGGATGAAGAGGAAGAACTTCCAGATCCAAAGGATACAGTTTTCATTACCAATCCACGCGGGGAAATTGTTTTTGATAATGTTGATTTTAGTTATGTAGAAGAAAAACCACTCTTTGAAGACCTTAACCTTGTTGCAAAACCTGGAGAGATGGTTGCAATTGTAGGTCCAACGGGAGCAGGTAAAACAACTCTTGTAAATTTACTTATGAGATTTTATGAGATTAAAGATGGTGTAATTTGGTTTGATGGAGTTGATACAAGAAAGATTAAACGTGGAGACTTAAGAACAAAAATTGGAATGGTTTTACAGGATACATGGCTTTTCAATGGCACTATTAAGGAGAACATTGCTTATGGTAAAGATAATGCAACCGATGAGGAGATTTTCAAAGCTGCAAAATTAGCACATGCTGACAGGTTTATAAGAAGTTTGCCTCAAGGATATGATACGGTAATTAATGAAGAGGCTTCAAATATCTCTGCAGGGGAAAAGCAACTTTTAACCATCGCAAGAGCGTTTCTTGTTAACCCGATTGTGCTTATCCTTGATGAAGCAACAAGTAATGTTGATACAAGAACTGAAAAACTTATTCAAAAGGCAATGGAAAAGCTCATGCAGGGGAGGACGTCCTTTGTTATTGCTCACAGGCTTTCTACAATTAGGGATGCAAAGACAATCCTTGTTATGAATAATGGCAAGATTATTGAGCAAGGAACACATGAAGAACTTCTTAAGAAAAAGGGCTTCTATGCGGAACTCTACTACGCACAGTTTGTTGGTGCATTTGATAGCGACGTAGTTCCTAATCCAGAAGCACTAAGGACGGAAGAGGGAGTTAGTTAGAAACTTTTTAGACCCTTCAAGTGGGTTTATCATGTCGAGCAAAGCAAGACATATCTAATTTAGAGAGGGATTAACAAGGCCCCCCTCTAACTCTCCCTGAAACAGAATGTTTTTATTTTTGTTTGTCATTCCGAAGTGGCGAAGCCACGAGGAATCTCCTCTTTTTATATTAGAGGGGGATTAACAATTCTCCCCCTCTAACTCCCCCTGAAAGGCTAAGAAAATTTTTTATTTTTAGGGTGGAGTTGGAGGAGGGTGTCCTAATTTAGAGGGGGACCTAAAGGCTCCCCCTCTAACTCCCCCTGAAAGGCGGAGATCCCTCGCATTCGTTCGGGATGACTTTTTTTGGGGGGAGTACTGAGGGGGGTATTTTGCCCCCTCAGATTGAAATGAGGGGATGCCTCAGAAAGTCATTTCGGCATGACTACAAGATAATTGTGTTATTGGGGGAGTACTGAGGAGGGTATTTTGCCCGTCAGATTTAACTGAGGAGATCCCTCACATTCGTTCGGGATGACTTTTTTGGGGGGTACTGAGGGGGTTGTTTCCCCCTCAGGTTGAAAGGAGGAGACCCCTCGGAAAACAATCTCGGGGTGACTTCAATTAGAAAGGGGCACATCCCCTTTCTAACTTACCCCTAAGGATAAAAAGATTTTTTGTTTTGGGTGGAGTTGGAGGAGAGTATCCTTCCTCTAATAAGAAATAAATGTATTGGCGCATTTTAAATGAGTGGTGTTATAACTCCTAAAGCTTTTTTGCATCTCTTCAAAATCATTTGACAAGTAAATTTTGTAAAAATATTTTTGGGTGTATAATATATTACCTAAAAAACCAAAAATTTGGTTAAAGGAGGCGTAAGATGAGTATAGGAGAAGAGATAAAGAGAAAGGCTTTATCAAAGAGCATTGAATGGTTTATTGGTTATGTTTATAAAAACCCGGACAAAAATCTTAGGAAAGGATTTGAGACACTATACCGACTTTCAAACACGCTTAACTTTAACCAAATGTTCAAAAACCAAATAAAAAATATCATTGATGTGGTAAGCACTGACACCCCGACAAAAAGATACATTGTAAATTTATTCACCGATACAAGAAAGGATATCCTTCAAAAAATTGCTGTGAATTTCATTGTGAATGCAGGTTGGTATGGTGTGCCCAAACAACATAAAATAACTGTGAGAGAGGGTATAAAAGTCCCCTGGTTTATGCTTGTTGATCCAACAGAAAAGTGTAACTATAACTGTATTGGTTGTTGGGCTGGATCTTATGATAGAGCACATGAATTATCTTTTGAAAGATTTGATAGATTAATGGAAGAAGCAAAAGAACTTGGTATTTACTTTATTGTTGTATCTGGCGGTGAACCAACAATATACCCACATCTTCTTGACATCTTCAAAAAGCATAACGACATGGCATTCATGTTCTATACAAATGGTTCGCTTATAAGCGAAAAGTATGCAGAGCGTCTTGCAGAAGTTGGCAATGCAGTGCCATGTATAAGTGTTGAAGGCTTTAAAGAAAAGACAGACTGGAGAAGAGGACCTGGTGCCTGGGATAGGGTTGTAAAGGCAATGGATAATCTAAAAAAGGCAGGAGTCCCATTTGGATACTCTGTAACTGAAACAAGCAAAAATATTGAAGAAGTTCTTTCAGATGAATTTGTTGACTTCATGATTGATAAAGGTGCAAAGATTGCATGGTACTTCCAATACATACCAACAGGAAAAGACCCTGATATAACTCTCATGCTTACACCTGAACAACGCCTAAAATCCTATAAACGAATAAATGAAATTCGCTCAACAAAGCCTCTCTTTGCTGCAGACTTCTGGAATGATGGCATATATACTGATGGTTGTATTGCAGGTGCAAGAAGTTATCTTCACATTACAGCAGATGGTGGTATCGAGCCATGCGCATTCATACACCTTGCCCAGGGAAACATCAATGAGATAAGTTTAAAGGAAGCACTTCAACTTCCATTCTTTAAAGAGATTCAAAAATTTCAACCATATTCAGATAATTTGCTTAGACCTTGTATGCTTGTCGACAATCCAGATAT
AP012051.1_gap14	511636	515881	4245	AAACATCTTCCAATTTGGTGTAGGCTCTGTTGGAAAGGAACTCATAAAACTTATCAAGGAAAATGAATTTCATTTTGAGAAAGACCTTCATCTTCGTTTGCGTTATGTTGGACTTGCAAGGTCAGGAAGTTTTGCAAAAGGTGATGAGGTTGACGCACACATATTAAATTGGGACTTTAATTTCAAGAATACAGGCTTACCTTTGAATTACATAATAACGCTTCCCAAAAACACAGTAATAGTTGATGTGACAAATTCTGATACAATTGGAATGGATCTCCTTGAACTTCTTTCGTTGGGATATAATGTAGTAACATCAAACAAGAAAAACCTTGCAACAGATTATCAAACTTTCAAAAAATTTACAACCGAAAAAGGAAAATTTCTTTTTGAAACAACAGTTGGCGCTTCCCTTCCAATAATTAAGGTAATAAGGGACTTTATAAATTCAGGTGATGAAGTTTACAAAATTGTTGCGCTTCCCTCTGGCACGTTATCATTCATTTTTACGCTTGTAAATAGAGGAGCATCTTTGAAAGATTCAATTTTAAAGGCAGTTGAGTTGGGTTATACAGAGCCAAATCCTGTTGACGACCTTGTTGGTATGGATTTACTTAGAAAGGGGAAAATTCTTTCCTATGTTATAGGAAAAGATTTTAAAGAAAATGATATTGAATTTGAATGTTTTACGAAGGCAAAAACACTTGATGAATTTTTCGAAGATGACCTTTTAAATTTTGAAAAACGCATAAAAGAACTTTCAAAAAATGGAGTTGTGTATCCTGTTGTTGAAATTGAAGATAAATTGAGGATCAGGCTAAAAAGTTTTCCTAAGGACTCTACCTTTGCAACCCTTAAAGAGGGAGAAAACATCTTTGAAATTTATCTAAAAAACTTTTCAGGAATACCAATAACAATAAGAGGCCTTGGAGCAGGACTTAGGATTACAGCAGAGGGTGTGCTTCAAGACATTTTAAGTTTGGAGGCATATATATGAAAAAGCAAGTTGCAATTATGGGTGCAACAGGAATGGTGGGGCAACGGTTTGTAAGCCTCTTAGAGAACCACCCATTTTTTGAAGTTACAAGCCTTTATGGGAGCAAAAGAAGTGCGGGAAAAAAGTATAAGGATGCTGTTCAGTGGGTTTTGGAGAAAGATATACCAGAATATGCAAAGAGTATAGTTTTAAAATCTTTTGAAGATTCGCCTACTGTTCAAGAAAACATTGTATTTTCAGCACTTCCTTCGGATGTTGCAAACACACTTGAAACAGAACTTGCAAAAAGTGGGCATTTTGTTTTTTCAAATACATCATCTCACAGATACGATGAGTTTGTGCCTATTTTAATTCCCGAGGTAAATCCTGACCATATCGAGGCAGTAAAGTTCCAAGGGACAAAAGGTTTCATTGTTACAAATGCAAATTGCTCCACAACCGGTCTTGTGATACCTTTAAAGGCACTATTAGATAGATTTAAGATAAGTGATCTTTTTGTTGTGACAATGCAAGCAATTTCTGGTGCAGGCATTCATGGGCTTTCTGCTCTGGAAATCCATGGAAATGTTTTACCATACATTGAAAAGGAAGAGGAAAAGATTGAAATCGAAACAAAAAAGATTTTAGGAAAATTCGTTCAAAAGTTTACAGATTTTGATATCAATATATTTGCAAGAACAAACAGAGTGCCTGTGCGTGAAGGACACACTGAAGTGGTTTTCTTAAAGGTTGAGGCATATTTGCCTGAAATTATAAGTGCTCTTAGAGATTTTAGAGGACTTCCACAGGAACTAAAGCTTCCTACTGCTCCCCTAAAACCAATTATCATTTTTGAGGACCCTTTAAGGCCGCAGCCTGTGCTTGATGTAAATAACGGAAATGGAATGAGTGTAAGTGTTGGAAGAATAAGACTAAAAGGTGGTATTTTGACCTTCACCGTTCTTTCTCATAATACAATTCGAGGGGCTGCAGGTGGGAGTATTCTTAATGCAGAACTTGCATACGTAAAGGGGCTTATATGATGTTCAAAAGAGGCAACTTAAACGATATTTTTAACGATTACATCGTATTTAGAGAACTCAATCCTGTTAGAAGGTCGCTTCCAAATTTTGAAATGCTCAAAGATAAACTTGGGCTTCAAACACTTCCACGTAAAAAAGACAAAGATTATGCAATTGTCCTTTCGGAAATCCTAAAAAGTGCAATGGATTTTTCAAATATAATTTATCTTGGCGATACGTTTCTTTCCGATCTTACAGTGATAAAAAACCTTAAGGAATTAGGATTTGATGTTTTTGGAGTCATTACAGACGAAGAGGCAAAGAATACAAATTCACCGCATGGATACGTTGTTTTTAACGATAGTTGGTCAAAAGTTAAGGATCTTGTTTTCGATAAGATTAGTGATAAAACAATTCTTGTTATTGACATTGATAAAACGGCAATTGGGGCACACGGAAGAAACCATTTGCCAATTGATAAGGCAAGGACTGACGCTATAGTTTCTCTTGCTGAGACAATTTTTGAAAAGCACTTTGACACAGCCGAAGAAGAAAATTTTTTAAAACTCTATAAGTCGATCCACACGAAGGACCTTTTACATTTTACCCAAGATAATCAGGATATTGTATCAATTGTAGCGCTTATTATTTACTCAAATGCAATTTCTTTTGATGAATTTTTAAGACGCGCAAACACAATCTCCTTTGAAGAATTTATCGAAGGTATTAATGTTTCAGGACTTATTCAAGGGCTTGTTCAGGAAGTGAAGGATAATGTTATTAAAAAGTCGCCGACACTATTCCCAACATTTAGAAAAATAGAACTTGAAAAAACCCTTGCCCGAATGGATTATTTGCCTTCCGATACGCCGCTTGAAACACTTTTTTCTGAAGAAATCCTTATAACAGGTGAAGTTTTCGAGATAGGGACATATGTACTTTCAAAAGGTGCAATTGTGTTTGGAGTTTCTGACAAGCCTGAAATCGCATCATTTTCTGAAGATAAGTCAATTTTTACTAAAGTTATGAAGATTTATCCATAGCATTTAAGTAGTAGATTGATATAGAGGTGAATTATGAAATATAACTTTGATGAGGTTGTAGAAAGAATTGGCACTGCATCCTATAAGTGGGATGGGGTTAAGATGATATTTGGCGATAGTAATGTTCTTCCTATGTGGGTTGCGGACATGGATTTTAAAATCGCAAAACCAATAACAGATGCAATTCTAAAAAGAGCAGAGCATGAAATCTATGGATATACGACGGTTCCTGATTCGCTAATTGAAGCAGTAATTGAGAGGCTTAAAAGAAAGTACGATTGGGATGTGAAGCCTGAGTGGCTTGTTTTTACGCCAGGAGTTGTTCCTGCACTTTACACGGCGGTTAAGGCTTTTGCAACTATTGGCGATAGCGTTCTTGTTCAAGAGCCAGTGTATTATCCATTTTTCCACGCAATAAGGGACAATGGGGCGCATATTGTAAGTTCTGATTTGAAACTTGTGGACGATCACTACGAAATTGATTTTGATGATCTTGAAAGAAAATTTTTACCCAGGCAAGGTCTTACACCAACACCTCAGAGGATTAGGGCGATGATTATGTCAAATCCGCATAATCCTGTTGGAAGAGTTTTTACAAAAGAGGAACTTGAAAGAATTGGAGAAATTGTTTTAAAGCACGATGCGGTTATGATTTCTGACGAAATTCACTGTGAAATTGTTTACAAGGGGCACAAACATATACCATTTGCAACAATTTCAAAGGAGTTTAGAGATAACTCCATTACTTGTATGTCTGCAAGTAAAACTTTTAACCTTGCAGGACTTGAAACGTCTTTCGTTATAATTCCCAGTGATAAACTTCGTGCGCGCTTCATAGAGGCAAAAGGGAGAATTCTTTCAACGCCAAATGCCTTTGGGCTTGTTGCGATGGAAGCGGCATTTAGATGCGGTGATGAGTGGCTTTCACAACTCCTTGAATATCTTGAAGAAAATCTAAATTTTCTTAAGGATTTTGTGGAAAAAAGAATTCCAAAGGTAAAAGTCATAAAACCTGAAGGCACATACCTTGCATGGCTTGACTTTAGGGAGCTTGGTATGAATGAATTTGAACTAAGCGAATTTTTACGTAAGAAAGCGTTGGTTGGTCTTGACGATGGATACATCTTTGGTGAGTCAGGCAAAGGCTTTGCAAGATTAAATTTTGCAACTCCCAGAGTAATTCTTGAAGAAGGCCTTAGACGAA
AP012051.1_gap15	556914	561467	4553	CAGAAATTTTAGTGATGTCTCCATGTCCAGGCAAAACGACATAATCATCTTGTAAAATGAGTATTTTTTCTTTTATTGAATTTATGAGTTCATTAAAAGCGTTTGGGTAATCTTTTGCGACACCGACGGTTCCTGCAAAAAGTGTATCTCCAGTAAAAACAAATTTATCGAAAATGATTGAAATACTTCCCCTTGTGTGCCCCGGAGTATGCACAACTTTTACATTTAACCTACCAAGTAATAGTTCGGTCTCTAATTCAATTTCTATATCGGCTTTGGGTGATATAATTTCAATACCTGCCAAATAGGATTTATTTTTTATTGGATCTAAAAGCATATCAGAATCATATTTGTGAATAATTAGTTTTGTATTCTTATAAAGGCGTTTTAAGATAACGTTTCCTACAATATGGTCAAAATGTCCATGAGTGTTAAAAATATATAGATTTGTGTTCTTAATTTCATGTATAAGTTCCTCGGTTTCGTAGTCGCTCATATTCGATGGGTCTACAATAATTGAATATCCGTTTGCGTTTATAAGATAACAGTTTGTTGAGAGGGGATTGAATGTAAACTTTAATATTTCAACGGTTTTTACTTTTATTTTTTCCATTATTACAATTATAAGATATTTTTGTATAATTTATTGATGGTTAATTTATATTTAAGTAAATTTTCCCTCTATGTGTGGTTGTTTCAATCACTCACGGTTATAATAACTGTAGCATTTTTACTCACCCAAACTCCAATTGCAAGGTCTCTTTTTAACCTTGAACAATCCGTTAAAAAGCAAATATACCTTGGAATATTCTTTGGATTCATATCAATTCTTGGGACGCTTTTAGGCGTTCAAACTCATGATGCTGTTGCAAACATAAGGGATATTGGTGCTATTACAGGTGGACTTTTTGGAGGGCCTATTGTTGGACTTATCGCGGGACTCATGGGTGGGGTTCATCGTGCATCTCTTGGTGGATTTACAGGTAATTCATGTGCACTTGCAACAATATTAAACGGCATTTTTGCAGGGCTCCTTTATACAAGAAAAAAGGAGAAATTTTTCTCACCATTAGGAGGATTTATTTTTGCGGCTCTTGCGGAAAGTTTCCACATGATTCTTGTTCTTCTCATATCTCCACCTTTTAATAAGGCTATTGAACTTATTAAGGAAGTTTCAGGGCCTATGATTTCAGCAAATGCGGTTGGCGTAGGGCTATTTCTACTTGTAATAAGAGTTTCTTTCATTGAAAAAGAAATTGTGTCTGCAATAACTTCCGAGAAGGTTCTTAAGATAACTGAGAAAACTTTGCCGATTCTAAGCAAAGGTCTTACTCCTGAGACGGCTGATGAAACGGTAAAGGTTATCCTCGAAAATACCAACCTCGATGCAGTGGGTATAACAGATACTGAAAAAATCCTTGCGTTTCGAGGTATTGGCTCTGACCATCACAAACCGCTTTCGCCAATTTTAACAACATCAACACAAAAAGCACTTACAAGTGGAAAAATAGTTCTTATGAAAAATGAATTTGATGTTGGTTGTTCTGTAAAAGAATGCCCCCTTTCTTCAGGTGTTGTTGTGCCTTTAAAGGATTCGTCGGGAAATGTTTTTGGGGTTCTAAAACTGTACAGAAAAGAACGCAATACTATGACTCCTTTTGATGTAGAAATGGCTATAGGTTTAGCAAATATTCTTTCACTACAGGTTGAACTAAACAAATTAGAAACCGAAAAAAAGATGAAAACGTTTTTCCAGTTAAAAGCGTTACAATCAAGAATAAATCCGCATTTTCTTTTTAATAGTCTCAATACGATAAATTATGTTATAAGAAGTGATCCAAATAAGGGAAGGGAACTTATCCAAAGACTCTCTTTTATTTTGCGAAAGACAATTGATACAGAAGAAACTCTTTCAACTTTAGAAGAAGAAATAGACCTTGTTAAAGCCTATCTTGAGATTGAGAAGGAGCGATTTAAGGATCGTTTGCATTGCGAGTTTAATATTGACTCAAGCCTCTACGATGTGAAGGTGCCAGCACTCATTCTTCAGCCTGTTGTTGAAAATGCCGTTAAGCATGGGTTTTCCTTGACAAAGAGGAATATCACTATCAAAGTTTCTGCCTATAGAAGAGGAAACTATGTCTATATTACAATTGAGGACAATGGAAGAGGAATTAATGAAGAAACACTCGAAACTCTGTTTGATGAAAATAAGAAGTCACTTGGTATTAGAAATGTAAGAGACAGAATTATGAATCTATATGGAAATAAAGCCATATTTAAAATAAAAAGTGCTGTTAATGTGGGAACGAAAGTAATTATAGGAATACCACACGAAGGGGTGCCAAATTGGATATTAGAGCGATTATCGTCGATGACGAAGAACCTGCAAGGGAAGAGATAAAAAGTCTTCTTCTGAAATTTCCTGAAGTAAAAGTCTTGGGTGAATTCGAAGATGCGTTAAGCGCTTTTAACTTTGTCTCCGAAAATTCAATTGATGTAATTTTTCTCGATATAAATTTAAGCGGAATTTCCGGAATGAAACTTGCAAACGAAATAAAAGAATTTAAGAATTTTCCTCTGATTGTTTTTGTGACTGCCTATTCTGAATATGCAGTTGATGCTTTTGATGTCGGTGCTGTTGATTACATTTTAAAACCAATTGATGAGGGTAGATTTTTCAAGACAGTGTTAAAAATAAAAAATGTGCTTTCATCGAAAGAAAGAAGAAAAGAGGATTTTGTTGTTTGTAGTTTAGACGAGGAACTTACTTTGGTTAGGTTAAGTGAAATTACCTATTTCTTTACAGAAAATGGAAAACTCTATGTTAAGAAAGGAAAAGAAGAATTACCAGTTAAGGGGCTTAACCTTCAAGGCGCAGAAGAAAGGTTCAGTCCAGTTGGATTTTTTAGAATAAATAAAGAGTATCTTATAAATATCTCAAAAATATCAAAGATTATCCCTTGGTTTAAGGGAAAGTATATGATTGAAATGGATAACGGAGATAAACTTCCACTTTCTCCGCATAGACAAAAGGAGTTTAGAGAAATTTTTAAATTTTAACAAAATGTTAACCTCAAATTTTTTACTTTAATCCCTAAATTTTCTACCTTTATTTAATTTTCCTTGACTTCTAAAAATCCATGGTAAAATATTATTGAGGGTATATGAGAGCCTCAAGAATTTTAAAAAAAACTCAAAGGAGGTGAAGTATGTACACAACAATCATCGTATTGATTGGTGCAATCTTCTACATTGCTCTCTACTTTACCTATGGAAAATCTATTGAGAAAAATGTTGTAAAGGCGGACGCAAGTAGAGAGACTCCAGCGGTAAGGTTGAGAGACAATGTAGACTATGTTCCTGCAAACAAGTTTGTTCTCTTTGGACACCACTTTGCATCCATTGCAGGCGCTGGGCCTATCGTAGGTCCTGCAATTGCTGTAGTTTGGGGTTGGCTTCCTGCGTTGCTTTGGGTATGGTTTGGTAACCTTTTTATTGGCTCTGTTCATGATTATCTCTCTCTTATGGCATCAGTTCGTTATGATGGAAAATCGATACAATGGGTTGCAGGAGAATTGATGGGAGAAGGCACAAAATACATTTTCGAACTTTACGTTTACTTTGCTATGATTCTTGTTATTGCTGCATTTATGGGAGTATTTGGTCCTCTTGCAAACAGTACACCTGAAATTTTGACAGCATCATTACTCTTTATGGTTGCAGCAATTGTTGAAGGTCAACTTCTTTATAAGACTAAACTTCCTTTCTGGCTCTCATCACTAATCGGAGTGATTTTAACGCTCCTTTCAATCGTACTTGGTTTTTATTTCCCTTGGAAGGTTAGTCTCAATGCCCTTTATTGGGGTCAGTTTATTTATATTATTCTTGCTGCAGCACTTCCAGTTTGGTTCTTACTTCAGCCAAGAGATTATCTCAACTCATATATTCTTTGGGGTGGTGTAATTCTTGGATCAATTGCAGCAATTATTTCATTTAAGTCTTTCTCATGGCCTGCATTTACAAGTTTCTCTGCTAATGTAGTTCATCCAGCAGTTCCGTCACCTTTCTGGCCGACTGTTCCGCTTGTTATTGCTTGCGGTGCCCTTTCTGGATTCCATTCAATCGTTGGTTCTGGAACAACTTCTAAACAACTTGACAATGAACTTTCTGGTCTTTTTGTAGGTTATGGTGCGATGTTTATGGAAGGAATGCTTTCCACTATTGTTATTACTTCAATTGCAGCTTACGGTCTTAATATAGTTCAGGGATTTGCAGATAAAATTGCTCAAGCAAAACCCACTCTTGATGCAATGAAACTTTCAGATCCAGCATACATGGCACAGTATGGAAACGCGATCATCAATTTAAAAACAGCAGAGGGAAAAGCGATCATTGGTGGTGCACTTGGTTTGTTTACCAAGTCCTTTGGTCAGCTTCTTTATAATTCTTTAAGGATTCCTACAAAGGTTGGAACAATCTTTGGAGGCCTTTGGGCATCTGCGTTTGTTCTTACAACACTTGATACAACAAACCGTCTTGCGAGATATGCC
AP012051.1_gap16	572200	573956	1756	CACATTTTCAGAAACCCGTATGATTAGGATTGCTCTGTTGATTGTCCTTGGGTCACTTAGCATGTATGTAATTAGCTCTCTTATAATTTGGTCATTTAGTTGATCTACAATATCATCTCTTATACAGATTTCTCTTCCTAATTTACTATCTTCGTTAACAAAAGCAGTAATTGCATCGTCAAGCATTTGTAATGCAGTCTCTGTCATTCTTGGAAGGTCTATGTATGGTTTTACATCTGGTTGTGGAATGAGTTCTCTTCCGAATTCCGCAATATTTACAGAAAGATCACCAACACGTTCGAGGTCTTTAACCATTTTTATAATCATAGCAACCTTTCTTAAGTTTTTTGCTTGTGGCGCGTAAAGAGCAAGCGTTTCAATTGCAAAGTCATCAATCTCAATTTCAAGTTCATTTACTTGAGGTTCAAGTTCATTAATTACTTTTTCTGCCCAATCCATTCTCTTTTCTACTATGGCTCTTACGGATAATTTCACCATTTCTTCAGCAATTGAAGACATTTTCAAAATCTTTTCAGTTAATTCTTTTAGTCTATCTTCTAACATCGTTCACCTCATCCAAATTTACCTTCAAGATAATCTTCAGTGAGTTTTTTCTTTGGAGTTGTAAATAGCCTTTCAGTCTTATCATATTCCACAAGTTCACCCATATAGAAAAATGCTGTGTAATCAGAAACTCTTCCTGCTTGCTGGATGTTGTGTGTTACAATTACTATCGTAAAGTCTCTTTTTAGTTTTTCAATAAGTCGCTCAAGTTGGAGTGTTGAGATTGGGTCTAAAGCCGATGCTGGTTCATCCATCAAAAGGACTTCTGGTTCTACGGCAATTGCTCTTGCGATGCAAAGTCTCTGCTGCTGCCCCCCAGAAAGGCTAAATGCAGAATCGTTTAGTTTATCTTTTACCTCTTCATATAAATTTGCTTCCTTGAGTGCCCAAATAACCTTTTCCTCTATAAGTTTTTTGTCTTTAATCCCATGAATTTTTAAACCATATGCAACATTTTCAAAAATTGATTTAGGAAATGGATTCGGTTTCTGAAAGACCATTCCAACCTTTTTTCTTAGTTCAAAAACGTTTACATCTTTATCGTAAATATTTTTATTGTCCAGTAGAACCTCTCCTTCTAATGTTATATCTTCAAAGAAGTCGTTCATCCTATTTAGACTTCTCAAGAAAGTTGATTTCCCGCAACCAGATGGTCCTATAATTGCTGTTACAGATTTTTCATATATATCAAGATTGATTTTCCTTAGTATTTGCTGTCTTTTTGTGTATGCCGAAAGATTTTTTACCGAAATTTTTACCATTTTTTATTGCTCCTATATCTATTTCTAATTATTATACCAGGCAAAGTAATTATAAAAACAACAATTATCAAAACTAATGCTGCGCCAAACGCAATGGGAACCTGTTTTTGTGGGAAAGTACCCTCAGTTAGTAATCCATAAATTGTGTATGGAAGTGCCATTACCGGTTCAAGAATACTTTTTGGAAGACCTCTCGTATAGAATGTTGCTCCAGTAAAAAGAATTGGTGCGGTCTCTCCAATTGCTCTTCCTACACTTAGCAAAACTCCAGTTATAATGTTTGGCATTGCCGTTTTTAAAACAATTTCAGTCGTTGTTTGCCATTTCGTTGCACCAAGTGCAAAAGAAGCATCTCTGAAATCTTTAGGAACAAGTTTTAAACTTTCAATAGTTGCTGAAATTATCGTTGGAAGCATAAGAAGCGATAGTGT
AP012051.1_gap17	716497	719800	3303	AATTTGGGCTTCGGAATGTGCTCTTAACGACGATGTTTTGAAAATATTTAGCGAATTTAATTTAAAGTGGACCATCTCCGATATCGATAACCTTCCTCAACTCGGGATAGACAAAAATGATCCTATAAAAGCGCATCTTCCATATACTATTAACGGGGTTACAGTATTTTTTAGAGACAAATATTTATCTGATGGAATTAGTTTTAGATACTCAGGAAAATCTGTTAATGAGGCAATAACTGATGTTGAAACAACGCTTACGAATTTACAAAAACTCAATACGGCAGGTGATCTTGTTTATACAATTGCTCTTGATGGAGAGAATGCGTGGGAATACTATGAAAATGACGGAAACGATTTCTTAAACGCGTTTTATGGTAAACTTTCGGAACTTCAAAAGAAGGGAATTATAAAAGTAGTAACACCGTCTGAATATCTTTCGAAGTTTAAAGGCCATGAGGTGACTTTACATAAAGTATCAGCACTTTATCTTGAGAATAAAGATATATCTAATATTAACTCTTATTCAAATCTTCCAAAGAGAGAGTATGATGGGTATTTTGGAGAATCAAGTTGGGTGAATCCAACGCTTGATACATGGATTGGTGAACCTCAAGAAAATATTGCGTGGATGTGGTTAATTGACGCATATAAAAAATACAAAGAAAAAGAAAATTCTCTCAGTTTGAGTATTCAAACTGAAGTTAGGCGAGATTTGATGATTGCAGAGGGATCTGATTGGTTTTGGTGGTATGGAAGTGATCAAAGTTCAGGAAATGACCCTGCATTTGATAGATTATATAAAATACATTTGGGAGAAATTTACAAAAAAATTGGAAGTGATATTCCAGATTATCTTTATGGAAATTATTTCCCAGATGGGGAACCTTATGTATCAACTGAAATATCCTTAAAGGATGATGAGGTTGTTTCTGTTAGTAATCTTTCGAATATGAAAATAGGGGAAATGGTTTATAGCAAAAAGAAAAATTTGCTAACTTTAAAACTCAATTCTCAAGATTTCATTGTTGCAGTATATAACGGAAAATCTTTAAATTCATTTTTAAGCGAACAGACAAAACCCAGAAACTTTAATATGAGCAATTTCCCATATACAAACGAAAGTATTGGAATGCCCGTTGATTTTGAGATTTACGGGAAAGATAGTGTATATTCTTTGGATCTAAATGGTCTCAACTTGAACAAGTTATATATCGTAATAGTAGGTGTTAAAAACGGGAATATAAAGGTAGAAACACAACCTATTAAATTAAAATTCCCGCTAAACATTGGAGGAACCCTTATAGGTGAACTTTACGATCAAGCAAATGATGATAGCGGGCCTGGAACTTATACCTATCCTCTTAACGATGTGTTTAAAAATAAGGGTCATCTTTTTGATTTAATTTCCTTTAAGATGTATGATGCAGGAGAGAATTATATACTTCAGTATGAAATGGGTTCCATAGGTGGAAATCCTTGGAATGGACCTAATGGTTTTTCTTTTCAAATTATTGAAACATACTTTGATGTTATTGATGGTGGAATGACCGAGCCTATTGATGTTAATGGTCCAAATGCTTTGCTTGATGATAAGCATCCTTGGGATGTTGCAATTCGTATTGCAGGGTGGTCATATGGCAACTATATACAAAATTCAAAAGGTGAAGTTGCACAAGGAGAACTTGGAATTTCAGTTGACAATGAAAAGAATACAATAAACGTTGTAGTACCTAAAAAGTATCTTTCAATTAATTCCAATTATACTCCTTATGTGTGCATCATTTCGGGAAGTCAAGACGGATACGGAGCCGGGTATTTCAGGGCAATCACGCAAACTGCAAGCGAATGGACCTGTGGAGGGGGAGATCCTGAGGCACTTAATGCAGGAGTACTCCCGAAAGTAATGGATATCTTTACACCTAAGGATAAGACTCAAAAAGAAATCCTAACCTCTTACGATGTGAACAGTAAAAAACTTGCAATTATTCCTATGCTTCCCCTTGAAAAAGCAAAAGAAGTACCTAATCTTATCTCTTCTTACAAATTAAACATTGGAGAAATTACTCCTCCTAATTCGGAATTTTCTCTTGATATTCAGATTAAAAATATTGGTAAAGGTGATCAAGATGATCTTGAAGGTAATGAGCTAACATTGTATATCCCTGATTTTGTCAAAGTTAGGAAAATAGAAACAAGTTCGTTTAAAAGCGTTATCAATGGTAAAGTAATTGCCTTCAATGGAAGTGTTAAAAAAGGAGAAGTTGAAAAGGTTAAGATTACTTTTGGTTTGGCAAGCAACGTTCCTAATGCATATAAAGAGAACTTTAAAGGTATTCTGAGTTTTAATGGAGATGGATTAGGGAAAAATTCTACATCCTCAGCTTTTGAATTTTACTTTTACACGAGTTATAAATTGGAAATTTGTCTACCTTTTGATAAAAATTATCTTGTAAGAAATGGTTCAAATATTCAATTCAAAAATGCGAATATTAAAACTGAATTTTCAGAGAGATTTAATGATGCAACAACTTCTCTTGAAGACCTTTGCAATGCTTTGGGTATAAGTTATTCTTTTGATGGTAACAAGCTTACTCTTGTATTTATGGATAATAAATATGAACACTGGGTAGGGCAAAACAAAGCACTTCTTAATGGTAGTGCAATACCATTAGTTCAAGGAGAACAGAATATAAGGAGTTACGTAGAGAACGGTATCTTGAAATTCCCTATAAAAGCACTTGCATATGCGTTCAAATTTAAGTATAATATAGACAGTGTAAATAAAACTGCAAATCTCTACTACCTCCCATAGATTTAGAGTGAAGGAGAATCTCCTTCACTCTTGAACATTTAAAGGAGGCAAAAATTGAAAGGCAAAAATCAAAGAGATCTAAAAGAAGAAAATACCTCAACGGTACTTAAATTAGTAAAAGATAATCCAGGTATTTCAAGAATATCTGTTGTGAGAAAAACTGACCTAACACCTCCAACTGTTTCAAGAATTATAGGTTTTCTTCTGGAACAAGGCGTTGTCTCTGAAACCCCCGGAGAGTCAAGTAAAGTTGGAAGAAAACCATATTATCTTAAATTTAACGGAAACAATTTTCGAGTTTTTGCAGTTGAGATGTCATACACACAAGTAAAGTTTGCTCTCATTGATTTCGATGGAAAAATTTACCATGTTGAAACTATTGAAACATCTACTGATATCTCAAATAAAGAACTTCTTGAATTGATCGTTAAACATTATAAGAAGTTTGCTGATAAGTTTGGTAGAATTTTTGCAGTAGGAATCTCTGC
AP012051.1_gap18	747742	749016	1274	TCCCAGTTTCTAAAGTAAATTTCGTTTTGGATGTACGCTTTTAACGTTGAAACATACTCTTCATAATAATAAATTAGCTCAAAAGCCCTTCCAAACTGAGATTTTATTTCATCAAAAATTGTCCTTCTAAGATAAACCGGTAGTCCATTGTAGAGTAAGTAATTCAGAAAATATTTTTTCTTTCCTTTTATTCCAACCCTATAGAAATTGACAAATGGTTTTCCAAGGAGTAAATTTGATAATATCTTATAAACTAACATATGATAGTTTTCTTCGTTTCGAATAATAAAAAGGACATTTTTCTTTAAATCAAATTCTCCAGAAGGAATTGCATGACCCATCAGGCTTGAAAGAATATCGGGAAACTCGCTTGAATCTATAAAAATCCTTCTTTCGAACTCAATTTTTTCAGGAAGAATCGGGATTCTTAAGGTGTTTTCTACAGAATTTATAATATCATTGACCCTTGTTTCGTCGAATTGCTCCTTGGTTGAGATTATTTCTTTTATTGTTTCTTTATATGGGTTTGCTATTTTTATTTCTCTTGCCTTTCTTATTAAGTTTTCAGACGTCGAAGTTAAAGTGTCTTCCAGGATTCTTTTTAGATCTACGAAGCTATTGTCGAGATTATGGAAATCAAGAAATCCTTTTAATTTTATTTCAGTGCAAGTTTTAATTGATTTAATTAATTTCCTTAGCTCGGTTAAGGTTTCAATTGCATTTGTTTTTTCGACTTTTAGATTTTCCTTCTTATCAGTGTCGCTCTTGGTTAGTAAGTAAGTTGAAAATTGATTAATAAAATATTCGAGGTAATCGATCTCTTTTAGTACTGCTTTTCTTTCTGCATCTGTTATATTGATAACATACGTCCTTATATAATCGTTAATATGTTTAAGTGTTCCAAGTCTCTCTGCAAAATTTCTACTTCTTATACTCATTGGTTTTGCTTGAGTTAGTGCAACTGAAACAATTCCCAAAAATGCATCAAACACAAAAAACTGAGCATTACCAAAAAAGCCTTCGTCTATGAATCCTAACGTATTTTCCAATATTTTTTTGAATGTCTTTAAGTCGTGAGTCCTTTGATTTTTGTTTCGCTCCTCAAAGCTCTTTAAAGAGATCGTTGTATCGTTTATTAAGTTTCTTAAGTTGTTTAACTCATTTCTATCGTATGCTGAAAGTTTATAATCATACCTATGAATTCCTCTGAGAGTTGCAAAAGAAGAAAAGTAATAATAGTATTCATCAAAAAAATTTTCTACGAGTAAGTCAAG
AP012051.1_gap19	772950	777675	4725	TTTTTCCATATTAAAAAAAAAGGGATATTTGTTAAAGAAGAAATTATTGATAAAATTGTAGAGGAGGCATGGGAAAAGACAACGTGAAAAAAATTGGTATATTCTACAAAGATGATCCCTATTTGATTGAAATAGCGAGAGAACTTGAATCATTTTTAAAGCGAAAAAATATTGATGTTTTTAAGAACAGCGATTTTGGAAATCTCAAAGAAGATGAGTCATTAGTTATATTGAGCCTTGGAGGAGACGGAACCTTTTTAGGCGCTTCGCGTATAGCAATTCAACTTAATGCATCAGTTTTAGGTATTAATTTAGGAAATTTTGGTTTTTTGACTGACGTTGAAGGAATGGATGTTTTTATCGCAATAGAGAAATTATTACGAGGAGAATACTTCATTGAAGAAAGAATGACTCTTTCCTGTGAGATAAACGGGAACGAAGAAAATACTTTTTGTAGCGTAAATGATTTTGTGGTGTTAAAAGGTGCAGAGGACAAAATTTTACAATACGAAGTTGCTGTAAATGGAATAAAGGCAGGCAGATTTCGAAGCGATGGCATAGTTGTCTCAACATCAACCGGGTCTACTGCATATGCCCTTTCAGTTGGAGGTCCTATAATAGTACCTCAAGCACAGGTATTCGAGTTAAATCATATTGCACCGCATAAACTTTCTGCGCGTCCCCTTATATTAGCAGAGAGTGATATTCTTGAAATTGAAATAGAAAGTGACGGTTACTACACATTTTTAAGAGATGGCCTTAAAGTGGGGAACATTAAAAGATTTGATAGATTGGAATTCAAGAAAAATCGAAGAAACTTAAAAATAGTTCATCTTAAGGGAAAAAATTTCTTTGATGTGCTAAATAAAAAATTCGGATGGGGATATTAATATGCTATTAGGACTTATTATAAAAAATTTGGCAATTGCAAAAGACATTGAACTATCTTTTGACAATAATCTTATCATTATAACTGGCGAAACTGGAGCTGGAAAAACAATAATAATGAATGCGATTGCCTATGCGTGTGGTGGAAACGCAAGTACAAATATAATCCGAACAGGTGAGGAAAGTGCTACGGTAGAGACAAGTTTTTTTATTGGAGAAAATCAAAAAATTAAATCACTTCTTGAGGAATATTCTATTTATGAAGGTGAAGATGTTTTAGTAATTTCAAGAACAATCTCAAAAACAAGGAGCAAAGTAATTGTTAATGGTCATCTTATTTCGTTAAAACAACTTGCAGAAATTGGAAAAAATCTCATCGATATGCATGGGCAACATGAAATTCAAAGTCTTCTCGATAAGTCAACACATCTTACCTACCTTGATAAATTTAGCGGTGAAAAAATTTCAAAGTTGAGAGAAACTGTTATTTCAGATATTGCAGAGTATAAAAAATTAGACCAAAAAATAAAAGAACTGATTGATCAGGATAATAAATTTAGGCAAGAAAGAGATTTTATAAATTATGAGATAACGGAACTTGAAAAAGCAAATCTTAAGGAAGGAGAAGAAGAGGAATTAGAGGCCGAATACAAATTACTTAGTAATGCAAAAGAACTAATTAATACTCTTGAAAGCGTTCAGGAGTCTTTATCCTCGGGTGATTTTTCGGTTTCAAAAATGCTAAATTCCGTAATTTTGCTTTTACAAAAGGTAAGTGATTATTCAACAGACATTAAGGGTTTTAAGGAAAGACTTGAGAGCACTTTAATTGATATAAAGGAAACTTCTCGTGATATCGCAAATTTCTATAGTAGCATAGTTGTAGATCCTGATAGGCTTAGTTATCTTGAAGGTAGACTTGATGAAATTAGTAAATTAAAACTAAAATACAAAAAGTCAGTAAAAGAATTAATAGCTTATCTTTCAGAACTTAAAAATTCCGTTAAAAGTTTTAACGAAGTTTCTGAGGAGATTGAAGAACTTAAAAAAAGGAAAGAGATTCTCGTCGAAAAACTTAAAGCCGAAGTAGTCGAACTTTCAAAGTTAAGACAAGAAGCCGCAAAAGAATTTGAAAAACAAGTAGAAAATGAATTGAAAGACCTTGCGATGGAAAATGCAAAATTTATGGTAAAGTTAAATCAGATTGAAGATCCCGAAGGTCTTACAATAAATGAGAAATCTTATAAATTGTTTTCTGATGGTATAGATGTATGCGAGTTTCTTATAAGTCCTAACCCCCCACATGATTTTAAGCCCCTTGTAAGTATCGCCTCTGGCGGAGAACTATCTAGGGTGATGCTTGCAATTAAGTACGTGATCGCAAAAGTTGATGATATTCCAGTTCTTGCATTTGATGAGGTTGATGCAGGTATTGGTGGAAAAACAGGAGAAAAAGTTGCCGAAAAATTGTTTGAAATTTCAAAGTATAGGCAAGTTATATGTATTACTCATCTTCCGCAAATTGCATCGCTACCTTCTGAGCATTTTGTAGTTGAAAAAGTTGTAAGAGGCGACGAGACAGTACTGACTGTCAAAAAACTAAACGAATTTGAGCGAATTAATGAAATTGCAAGAATGATTTCTGGTACAAATATAACCGACACAACGATTAAGCAAGCAAAAGAACTAATAGGGAGGTGGAAAAGTGAAAATTCTTGTAATTAATCCTGGTTCAACTTCAACAAAAATTGGAGTTTTTGAGGATAAAAGTCCTATTATTGAAGAAACAATAAGACACGATAAGACTGAACTTTCAAAATTTAATACAGTTATCGAACAGTTAGATTACAGGAAATTTGCAATCTTAGACTTACTTGAACAGAAAGGAGTTTCGTTAAATGAACTTGATGCTGTCATAGGAAGAGGAGGTATTGTAAAACCTATAGAAGCAGGTACGTACATTGTTAATGAAGCACTTATTAATGATTTAAAAGTCTATTCAAAAGAACAAGAACATCCATCTACTCTTGGTGGTCTTATTGCCTATGAAATTGCAAATGCAATAGGAAAGCCTGCTTTTATTGCTGATCCTGTGTGTGTAGATGAATTTGAAGAAATTGCAAGAATTTCAGGCTTAAAGGAAATAAGAAGAAAATCCCTTCTTCATGCGTTGAATGTAAGGGCAAGTATGTATAAATACGCAGAGTCGGAAGGCAAAAACGTTAATGATCTAAATCTCATAGTTGCACACCTTGGTGGTGGAATTACTGTTGCAGCAATAAAGAAAGGAAGGATAGTAGATGTAAACAATGCAAATGAGGGAGGACCTTTCTCTCCGGAGAGAACAGGATCTCTGCCATCAATTGACGTCGTTAACATGTCATATTCAGGCAAATATACAAGAAGTGACCTTCTGAGATTATTCACAAAAGAGGGTGGTGTTTACTCATATCTTGGCACAAATAATATAAAGGAAGTTATAGAAAGAGTAAAAAATGGTGACAAAGTTGCAAAAGAAGTTTTTGATGCAATGTGTTATCAAATTGCTAAAGAAATAGGAGGAATGGCAACTGTATTAAAGGGTGATGTTGAAGCAATAATTATCACTGGCGGTATTGCGTATAACGAAGAGGTAATCCAGGAAATTACAAAAAGAGTTTCATTTATTGCGAAAGTAGTTTCTTATCCTGGAGAATTTGAGATGGAAGCACTTGCTTTTGCTGCTCTTAGGGTTTTAAAGAGAGAGGAAGATGCAAAAATTTACACATAAATGTGATATAATAAAATAAATTGAGTTAAATTTGTTTTGAGGAGGAAATATGGAGACTATAAAAAAACTTGAAGATTTACTACAAGCAGTAAGGTCATTAAAAGAGAAAAGGACTGTCTCTGTTGCTTACGGCCAGGATCTTCACACGCTTCAGGCAGTTTCTAATGCAATAAAAGAGGGTATTGTGAACGCAATTATTTTTGCAGACAAAGAAGAAGTAAGACGTGTGTGTGAGGCAAACAATATTGATATGTCAATGTTTGAAGTAGTAGACGTAAAGGACGAAAAGGAAGCAGTAAGACAAGCTGTGAGGCTTGTAAGAGAAAAGAAAGCGGACTTCATAATGAAAGGACTTTGTCAAAGCGCAACATACATGAGAGGAATTCTTGATAAGCAGGAAGGTTTGCTTCCCGAGGGAAAAGTTCTTTCTCATGCCGCTTTGATAGAGTCGCCAAATTATCACAAACTTTTAATTGTTTCCGATGTTGCTGTCATTCCACAACCAGATTTAACAATGAAAGAGGCGATGATAAATTACGACGTACAAATAGCAAAAAGGCTTGGCATTGAAAGACCTAAAGTTGCAGTTATTGCGGCAGTAGAAACCGTCTCGCCTAAAATGCAAGCAACGGTCGATGCTGCGTTGCTATCGGTTATGAATAAGCGAGGACAAATCAAAGATTGTATTGTCGATGGGCCTCTTGCTACTGACCTTGCACTTTCAAAAGAGTCTGCAGAGATCAAAAAAGTAAAGTCAGAGGTTGCTGGTGATGCAGATATTTTAATTATGCCTAATATTGAAGCAGGAAATGCATTTTTCAAAGCACTAACAAAACTTGGAAACGCTGAAATTGCAGCAGTTGTAACTGGAGCAATGGCACCTGCTGTACTGACATCTCGTGGAGATAGCGAAAAATCGAAATTATATTCAATTGCTTTAGCAGCGCTCATCGCTGAAAAATAAAGTTAAAGAGGTGAACCATGGAAGAGAAGAATTTTTATGAAAATGTTAACCCAAATGATATAGAGTCAATTTTAACCAAGGCAGCTTCAGAAAAATTACCCCA
AP012051.1_gap20	794480	795882	1402	GATAGGTATTTCTCCAAAAGGCGAGGTTTATAGTACTGGTAAATCCTTCATTGAAGGCATGAAATGGACATTCTCAACTTTATTCCAAATGTTTACATTTCTTCCAAAGCTTTTCACAAGAGCAGGTGTCACATCTATCACTGGGCCTATTGGAATTATTTCGATGACTGGAGAGGCTGCAAGTGCTGGTTTTCTTAATTTACTTTTCTTTATTGCCTACATTAGTATTGCTCTTGCCTTTACTAACTTGCTACCAATTCCACCGCTTGACGGAAGTTGGCTTATAATAATTATAGCAGAAGGAGTTTCCGGTAGAAAAATTCCTAAGGATCTTACAGCGAAAATTCAAAGTATCGCTCTTATTTTTATGCTTATTCTCATGTTTGTTGTAAGCATTAACGATATATTAAAATTAATCAATAAATGAGAAAGATTAAAAAAGAAGTTCGTATTGGAGACATTCTAATTGGTGGGAATAACCCAATACGTGTTCAATCGATGTCAAAGACTGACACAAGAGATGTCGAGGCAACAGTAAACCAAATCCTAATGCTTGAAGATTATGGATGTGAACTTATACGTGTAGCAGTAAAAGACCTTGAAGCAGCTGCCAAAATTAAAGAAATAAAGAAAAAAATTCATATTCCGCTCATTGCGGATATTCACTTTGACCCTCGTGTTGCTATTGAATCAGTTATTAACGGCGCAGATAAAATAAGGCTAAATCCATCAAATATTACTGACAGAGATTGGATCAAAAAAATAGCAATGCTTTGCAAAGAGAGAGGAATACCTATTAGAATTGGCGCTAACCTTGGCTCATTTAAGGAAAGACCCAAAAATTTAGTTGAAGCCTTGGTTAATAGTGTTAAAAATGAAATTAGAATACTCAATTCTGTAGATTTTGATAATATAGTTATCTCTGCAAAGACATCTGATGTTCTTCTAACAGTCGAAGTTAATCGAATTATAAATGAACTTTTTGATTATCCGATTCACATAGGAATAACAGAGGCAGGACCATTAAGAGACTCTCTTGTAAAAAGTAGTGTTGGTTTAGGAATTCTTCTAAATGAAGGTATTGGAGATACTTTGAGGGTGTCCATCACCGGAGATCCGGTAGAGGAAGTGATAGCAGGGTATAACATACTAAAGGCTCTTGGTTTAAGAAAGCACGGAATTGAAATTATTTCATGTCCTACATGCGGAAGAGCAGAAGTTGAAATCGAGGAAATAGTAAAAAAACTGAACGTAGATTTCGGAAATGTGAATAAGAGTATCAAAGTTGCAGTAATGGGATGCGTTGTAAATGGTCCAGGGGAAGCAAAAGATGCAGATGTAGGAGTTGCCTGTGGAAAGGACTCAGGAGTATTGTTTAAAAAAGGAAAAATAAAAAAAATTT
AP012051.1_gap21	896728	898138	1410	AATTTAGAAAAGACATAGAAATTAAGAAAAGCTTAGAACACGATGAAATTAACTTCTTAAGTGGAAAATATTATTCAGAATTACTATTAAACGAATATATTGCAACCAAGATGGCCTTAACTCAGAACGGTAGACCAAACGTTTCGATAGAAATCGAAAAAATAAACGAAGAAACCTTGGGTGAATTAATTTACTTTTTAGAACTCGAAGTGCTTGCTTTGGGAGAGATTCTAAATATAAATCCAATTGATCAACCATCTGTTGAAATTGGTAAAAAATTTACACACGCCTTGATGGGAGATAAAAATTACTCTGAATACCTTAAAACTCTTGAAAAATTAGGAAATGTTGATAAACTAATCCTTGATTAAGGAGATATAAATGAAGAGAAACACCATACTTACAGTAATTTTGCTTTTAATAGTTTCGTTTGTCGCTGGTTATTTTGTAGGGTTCAGATATCCAATAGGAGTTAGTAAAACAAGCTCTCACTTGCTTCTTACGAGAACCGCAGATTACCTTCTTTCAAATTTCTATAAACCCATTACTGAAGAAGAACTCATAAAAGGAATGGTTAACTCTTTGAATGATCCTTATACAGTTTTCATGAATCCAGAAGAAACAAAAGCACTTCAGGAAGAGGTAAAAGGAGAATATGCTGGAATTGGAGTTGTTATAAACAAAAACAAAGAATTAAATTACCCGGAAATTGTAACTGTTTTTAAAGATTCCCCTGCTGAAAAAAGTGGATTGATAAAAGGGGATATTATAGTCGAGGTAAACGGAAAATCTACATACGGCCTCACCTTAGATGAAGTTGCATCAATGGTAAAAGGTAAGGTTGGAACACAGGTAACATTAAAGATAAAAAGAAATAGCACGGAACTTACATTTAACATAATTAGAGCGACCATAAACATACCTTTAACTGAGATAAAGTATCTTGACAATGGTAGGATTGGCTATTTGAGCATTTTTATGTTTTCTGAAGGAGCAGGAAAAGATGTTGAAAAAGCATTAAACGAATTTAAAGAGAAAAATGTACGAGGAATCATTTTAGATTTAAGAGGTAATCCCGGTGGACTTTTGTCTGAATGTGAAAATGTTGCCAGTCAGTTTATTCCAAGTGGAGTTTTACTTTACACAAAAGATAGAAGCGGAAAACTAACACCAATTAATATAAGTGGTAAAAAACTTAGTATTCCAATGGTTGTTCTTGTCGATGGTGGCACTGCAAGTGCTTCAGAAATTTTAACAGGCGCGTTGAAATACTATAAAGTTGCAAAAATTATTGGCGAAAAAACATTTGGTAAAGGCGTTATACAGCAAATTTTCCCTCTTCCTCAGTCATATTCTCTTAAGATAACGGTAGAGGAGTATCTTCTTCCTGACAAATCAAGTATTAATGGA
AP012051.1_gap22	1065207	1066535	1328	GCAAAACCAACAGCCTTTTACGGAATTTCTGCACCAATAGTAAGTAAAGATGGTGTAGCATTCTTTGGAAGAGATCCAGAAGCATCAAAACAGGTGTGGTCAGCAAAAGAGGGATATCCTGGAGATTTCAATTACAGAGAGTTTTATAAAGACATTGTTTATGAAATTAATGAGACAAGAATTAAAAAATATATTCACCCAGCAGGCTTTAAGGTAGAATCTGGAATAAAAATTCATAAGATAACGGGTAATGTTGGGCTTGAAAAAAAGGAATTATACGATAGGAAAAAGGCACTCGAAATGGTTGATATACACGCAGGAAACTACATGTTCAACCGTGAAAGACAGATAGATTACCTATCAAGCGTCATGGACAGACCACCAATTGTCGTTGCACCATTTGATACAGAACTATTTGGCCACTGGTGGTTTGAAGGACCAGAATTTCTTGCAACCCTTTTAAGAAAAATCGATAAGTATTCCGAGGTTATAGAGACAATAACACTTTCGGAATACATTGATAAGCACCCTGTAATGCAGGTTTCAGAACCTGCAATTTCATCGTGGGGAGATGGCGGTTATTTTAGAGTGTGGCTTAACGACAACACAGATTGGATCTATCCTCATTTAAGCGTAATTGGGAAACGTATGATAAACCTTGCAACACAATATGATAAACCAAAAAACAAATTACAAGAAAGAGCATTAAATATGTGTTCAAAAGAGTTACTATTATCAGAAAGTTCCGACTGGGCGTTTTTAATTACAGTGGGAAGTGCAGTCAACTATGCAACAGAAATGCAAAGATTTCATATAAACGCCTTTAATAAACTCTATAAAGAGATTATTGATGATAATATTGATGAAAAATTTCTATCATATCTTGAGGAAAAAGATAGCATATTCCCATTTTTAGATTATAGAATTTTTAAAGAAAAGGGGTGAAAAAATGCTTAATAGAGATGAAGCATTAAAACTTTTACAAGAGAAAGTTCACGATGAAAATCTTATTAAACACATGCTTGCAACAGAAGCAGTTATGAGGGCTCTTGCAAGAAAATTTGGTGAAGATGAGGAAAAGTGGGGACTCACTGGCTTATTACACGATATTGACTATGAGGAGACAAAAGAAAATCCAGAAATCCATAGTAAAATTGGCGCACAATGGCTTAAAGAGCTTGGTTTTGGGGATGATGTAGTGCATGCAGTTTTAGCGCACAATGAAAGACATGGCGTCGAAAGAACTTCTCTTCTCGATAAGGCACTCTGGGCGACAGATCCTGTAACAGGTTTCATTATTGCAGTCGCTCTTGTAAGACCGGACAAAA
AP012051.1_gap23	1072775	1073726	951	ACTTGGCTACCTACCCACTGGAGCCGACGAGCCGACTTGAACGGCTAACCTACTGATTACAAGTCAGTTGCTCTACCCGTTGAGCTACGTCGGCATTCCGAATTTTATTATACGAATATTACGCTGTTTGTCAAGAGGTAATTCTTCTTTTAGAGGCATTGCTTACGGGTTTTTTATTCTCGTTAAACTTTTTGGTCCTGTGCCTTTGTAGATGAGCTTTCCATTTTCAACTTTTAGAGTTTCAATATATAAATTTGGAATTGTAGGTATTAAGGATTCAATCTTATTTTCTACATAAGAAATATTTTCTCTTTTAAGAAGATTTGATGGGACAGGTATGAAGCCAACAACAACACTTTGAGGCTCAATATGGACTTGATTATTTTGAACGTATATAACTCCCTTTGCATATACTGGCGCAGAATCTGGAATAAAGGAAGGAACATATTTTTTCTCGTCTTCAGTTAAAGCGTAATTTGAAAGGGCCTTAAAATCAACATTAGCACCTGCCTCTATGGTGCCATCATTGTTAATTTTAACTTGAACGTTTTTAAAGGCAAAATAAGACGGTCTATTTTCATTAAGCCATGCAGTTATCTCTTCTTGAGTATATGTTGTACCCACATTTACCTTACCTGACCACACATATTTATAGTCCTTAACCGAACCAGATTGTGGTGCTTTATCCTTTGTTAATTGTGATTTTTTAATGACATTCTGATAATCTTTTTCGGCGTATCTTACGCCAAGATCACGTGGTTTACCTTTAACGTTTAGAGAAAGAAATCCGCCGATTATAACTAAAATTGCAACTAACCAGACTAAGACTTTAATTAACTTTTTCATTTAAGTCCCCCTTTTTTTATTTTTAAAATCAAGTTTAAATAACCTTAAATAAGATCTATTTGCCATTATTTCCTTGCCTTCAATTATATTTTTAATATTTCTTCT
AP012051.1_gap24	1075385	1078664	3279	ATCAAACCAATTTTTTTCCCTAAAAAGCACCTGAATTTCATTTTTGCGAGTATGGGTGAGAATTGCATTCAGAATATTTTCTTTGAGATCAATACCCTCTTGGATTATAACAAGCCTTATGGGGTAATGTGCTCTCAATGCCTCAAGCACAGGGTTTCTTCCTATAATAAAATATTCATTTTTTATTTTATCCATTTGTCGCCTCTAATCTGTATTTTGTTCCCTCTTTTGTATCTTCCAAAATTATTCCGATTGATTTAAGTCCGTCCCTTATTCTATCTGAAAGTGCAAAATTCTTCTCACGCCTAAATTTGTTCCTTATCTCAATCAGAGTGTTAAGGACAGAAACAGGATCAGCCAAATCTTTGTCTTCAAGCTCTTTTTTGATATCCTCAACTTCAAGAAACTCTTCAAGAATTTGCTCGATTTTCTCTTTAAATGAAAAATCAATATTTCTTTCAACTCCTATTCTATCAAAACCAAGGATATAGAACATATCCCCAAGGATAGAATCAAGCAAAATCAAATCATCCTTAGATACGCTGTCTTTATTAGCATTGAAAAATTTGAAGACTTCAAAAAGTACAGAAATTGCAACAGGAGTATTAAAATCATCATCCATTGCATTTAAGAATTGCTCTTTCCATTTAAGTATTTGCTCTTTTATTGATGCTGTCCCTGAAGTTTCTTTTGTCAAATATTTCTTCAACTCGAGATAACTATTATGTAAGTATTCGTAGTTTTTGCGTGCAACTTCAAGGCCCTCAAGATCAAAATTCAATGGTTTTCTATATGAAACTGATATATAGAATAGCCTCAAAACTTCTCCATCATAATCTTCCAATAGTGTGTGAAGATTGAAAAAGTTGCGAAGTGATTTGCTCATTTTTTCCTTGTTTACATTGAGCATTCCATTATGTACCCAAAACCTTACAAAAGGTTCAACACCAGTGTATGCCTCGGATTGAGCAATTTCATTTTCATGATGAGGGAATATTAGGTCATCTCCGCCGCCGTGAATATCAAATGAGTTTCCAAGAATTTTTAGAGTCATCGCAGAGCACTCAATGTGCCACCCTGGGCGTCCCTTTCCCCATGGACTATCCCATGAAGGCTCTCCTTCCTTTGCCTTTTTCCAGAGGGCAAAATCAAGTGGATTTCTTTTTTCTGGATTAACTTCTATGCGCGCACCTGCTTGTAGTTCTTCAATATTTCTGTGAGAAAGTTTTCCATAATCACTAAACTTACTCACATCAAAATAAACTCCATCGGAAATCTCATATGCATAGCCTTTATTTTCAAGTACTTTCACCATTTCTATTATTTCGGGAATAAATTCAGTTGCTCTTGGATATGCATATAGTGGAAGAACATTCAGTCTTTTGAGATCCTCAAGGTAGATTGAAGCAAACTTCTCTGCAAGCTCTTTAAAATTAACTTTAAGTTCATTTGATCTTTCAATAATTTTATCATCAATATCAGTAAAGTTAGATATATGAATTACCTCGTATCCAAGATAAGTAAGATATCTGTGAATCACATCGTAGACAACAGCAGAACGCCCATGCCCTGCGTGTGCATAATCATAAGGAGTAAGCCCGCAAACATACATGTAAACTTTGTTTGGTTCCCTTGTTGTAAATTCTTCAAGTCTTCTTGAAAGATCATTATAGATCCTAAGCATTCAGAACCTCCAGAACACTTTCTAATCTTCTAACAGTCTCGTCCTTTCCAATAAAATATATAAACTCATGCACTTCCATTCCTTCTTCTTTCATCGTAATAGCAAGGCGTAACGGGAAATAAAGATTCCTTCCTTTGATTTTAAGCCCTTTGCCGAGTTCACGAATGAGTGCTAAAACTGAATCTATCGTAAATGGTTCAAGAGTTTTTAGCCTAATCATAAACTGTTCAAGAAGTTCTTTTGCATTGTATTCTTTGAGTTTTTCGATGATTTCTTTTCTTATTTCATACTTCTCAAAAAGTTGCAAAGATATTCTCTCAACATCCCTTATAGTATCAAAATGCTCTTTCATTGCGTCAATAAAAGAAAGCCACCAGTCCTTGGGCTTTTTGCTAAAATCAAGACTAATTTGTGTGCCAACATCGTAAATTCTTTCAGAAGAAGTCTGAGTAAGATACTTATGATTCATCCATTTTAGTTTTTCAAAGTCAAAGATAGCAGGTGCTTTATTGACATTTGATAGGTCAAAGAGTTCAATGAGTTCTTCTTTTGTAAAGAATTCTCTATTGTCTTTGGGAGACCAACCAAGGAGAGCAAGGAAGTTAAACATTGCTTCAGGAAGAATACCCATCTCCCTAAACTGTCCTAAGGATGTTGCACCATGTCTTTTGGAGAGTTTTGTTCTATCTGGTGCAAGGATAAGGGATATATGTGCAAATGTAGGAAGAGAGAAGTTGAGTGCTTCAAAGATGAGAATCTGTTTTGGAGTATTTGAGAGGTGTTCTTCTGCTCGTATCACATGGGTTATTTTCATGAGGGCATCATCAATTACTGTTGCATAGTTATATACGGGAAGGCCATTGGATCTTCTTATTACAAAGTCTTTGAATTCGTTTGAGTTAAAGACAACATCTCCTCTTACAAGGTCATGGACTACAATTTCTTTGTTTTCTTCTACCTTGAAGACTATGGCAGGGGTGAGTCCTTTTTCTTTGAAGGATTTTCTTCTTTCTTCTGTTTCATTTTCTTTTAATTTTCTATAGGAGAAGGTTTTAAGTGTTTTTTCGTACTCTTCACGGATTGAATCTACTTCTTCGTCTGTGTAGTAGAGTTCATAAGCAAAACCATTTTGAAGGAGGATATCGATGTAGTGGTTGTATATATCAAGGCGTTCTTTTTGCCTATAGGGACCAAAATCTCCCCCTTTTAGGTATCCTTCATCCCAATCAAGGCCAAGCCATGTTATGTCCCTTATCATGCTATCAATGGCTTCTTTGGTTGAACGTTTTTCATCTGTATCATCAAGCCTTAAAATGAATGTCCCTTTATTGTGACGAGCAAATAGATAATTGAATAATGCAGTTCTTGCATTACCTATGTGTATCTCTCCTGTTGGAGAGGGTGCATAACGAACTCTTACCACGTGTACCTCCGAAAAAAAGATTTAATTCAATACATTATAATAATGAAAACCACAAAAATAAAAAAGGGGCACAAGCCCCTTCTCTTTAGAGTAGTAATTTGAATTATCTCTTTCTGTACTGACGGTCTTTTCTTGCAGAGTGAAGTCCGTACTTCTTTCTTTCCTTTTCCCT
AP012051.1_gap25	1202191	1205146	2955	TAAAGTCGCCTATGTCTATTGCTTTCTTAAAGAAATTATACTTTTCTTCCCCAAGGTTATCGAGCCTGAAGTATAGTTGAATATCAGATGAAAAATCTCTCAGAACTACAAAACTTGCTTTTCCATGACCTCTTATAGCCATTATTCTGCCACGTGCTTCAATAACTTTGTCTATAAGTTCATCAAAATGATCTTTAAGATATTTATTATTAAAAGACGTTATAAATCTTCGCCCATACGGATCTACGCCTGAAGCCTTTAAAATTTGGACTAATTCTGCCCTCTTTCTCTCTACTTCGTTTAGGTTTGGAAGTTCCATCCTAATCACCCTTTACTATCTTTAAAATCTTGTATCTAACTGTTCCTTTTGGAATTTGTATTTCAACTATCTCGTTTACTTTGTGCCCAATAAGACCTCGTCCAACAGGAGAAGTTGATGAAATTTTTCCATCGTCAGGGTCGGATTCAGCTGGACCTACGATGTAATAACTTACAACTTTTCCCGTTGAAAGGTTCTTCAATTCGACTTTACAACCGATATTTACCTTATCTGTATCAACTGCATCTTCATCTATTATCTCTGCCTTTGAAAGGATTGCTTCCAATTCTGCAATTCTACTTTCGTTAAAGGCCTGTTCCTGCTTTGCCGCATCATATTCAGAATTTTCAGAAAGATCTCCAAAAGTTATCGCCTGCTTGATTCTTTCAGAAATCTCCTGACGAATGACTGTTTTTCTTTCTTCTAATTCTTTTTTAAGTTCCTCATAACCTTTACGAGAAATTTGGATTTTCCCTTCAACTTGTTCTTCCATCTTTAACCTCCGTTTCATCAAAAAAAGCCCTGACAAGAGCTATTGCTTCTTCCTTAGTTTTTATACTATTTGCATATCTTCTAAACTCTGCTGCTCTTCTTATTCCTCTTGCATACTTAATAAAGTGTTTTCTCATCTCAACTATTCCTTTTTCCTCTCCATAAAATTCAACGGCACTTTCTATATGTCTTACTATTATATCTATTTTTTCTTTATTTGGAATATCTAATTTGATGTTTTCTTTTAAAAATTTATAGGAAGATTTCAAAAACCACGGACGCCCTATTGTTGCACGTCCAATCATAACATAAGGTGCATTTGTCTTCTCAAAAAGCGCCTTTACGTCTTCCTCCTCTTCAACACCTCCATTTGCTACAATAGGAATTTTTGCCTTTGCCACAATTTCAGCAATCGCATCCCAATCTTCGCTTTCCTTTTTAAAACCTTCTTCCGTCGTTATTGCATGGATCGTTAAAAATGACACGCCCTCATTCTCTGCAATTTTTAAAACTCCAGATAGCACATTTTCGCCTTTATTAAAACCTTTCCTTACTTTAAGAGATACAGGTAAGTCCGAAGAACTTTTAACAGCATGAACAATCTTTGCAAGTCTCGTAAGATCTTTCAAAAGATATGATCCAGATCCATCTTTCACAATTTTTGGGACTGGGCAACCTGCGTTTATGTCAATTCCATCAAATTTAAGATTAGTCACGAATTTTGAAGCATGTGCAAACGCATCGATATCCGAGCCAAAAAGTTGCACGAAAATCGGGTGCTCTTCGGGATAAAACTTAAGAAGCCCAAGTGTATTTTTATCCTTGAATTTTATTCCCATCACAGAAACCATTTCAGTAAAAACAATTCCCGCACCAAAAGATCGAACAACCCTCCTAAAAGGGGAGTCAGTGTATCCTGCAAGAGGTGCAAGAAATATAGGAATTTCGGGATTAAGCCTATTCAAGGTGTCATTTTCCTTTAACATATTCGTAAATGCTATAAAGCCCTTTTATTGTAAGAAGTTTGTCAAATATTTCTATTCTCTTTGAAACACCTTCCATAATATGGGATATACCACCAGTGCCAATGACACGTACTTTTTCTCCAAGTTCTTCTTCAATGAGTTCTATAAGTCTATCAACAAGGCCACCAAAACCATTTATAACACCTGACTGCATTTCTTCAACGGTATTTCTTCCTATCGCACTTTTTGGTTTCACAAGTTCAATTCTTGGTAGTTGTGCAGTTTTTCTAAAAAGTTCTGTTGAAGCAGGAAGCACGCCAATTGTTATAGGACCTCCAACGAATCTTCCATCTTTTGTAATTACAGAGAATGTTGTTGCCGTTCCGAAATCAACTGTTACGGCATTTTCATTCGGAAATAATTTATGTGCCTCAAAAATGTCGCAAATTCTATCTGCACCTACAAACCTTGGTTCGTCAACATCAAATTTTATTCCAATCGGTAACTCAGAGTTAATAAGAATTGCATCTCTCCCAGCCATTTTTCGTGCAACTGCTCTAAAGACAGGTGTAAGAGATGGGACAACAGAAGAGATTACAACATCCTCAACGTTTCCGTGAAGTTTCTCTTCTCTAATAAATTGCAGAAGTAACAACCTATATTCATCAGATGTCCTTCCGCTATCTGTTACAATTCTTAAAGTATTTAGAAGCATTCCCTTTTCAAAGAATCCAAACACAATATTTGTGTTTCCAATATCTACCGTTATAACCATTTTTACCTCCTAACTTTCTATTTTACACAAAAAACAGGTATTTTGGTATAATAATTTGGCGAAAGGTGGTTAAAATGAAGAGACAAATAAAAGAAGATATAGCAGCGATTGGAAGAAGACTGTATGAGCATCAACTTAACGGAAGTTACGGTGGAAATTTTTCAGTAAGAGAAGAGGAATTTATATACATAACTCCTTCAGGTGTTCCCAAAGACGAATTAGACTACTCAGATATTCTTGTAATTGATTTCAGTGGAAACGTCGTTGAAGGTGAAGGGAAACCTTCTTCGGAAATTCTTTTTCACATAAAAATTTATAAAGTTCGTCCTGACGTAAACGCAATAATACATGCCCACCCACCATATGCAACAGGTTTTGCTATTGCAAACTCTTCAATTCCAAAC
AP012051.1_gap26	1208282	1213024	4742	TGTCAGACTCTTTGTCAGGGATACTTCCTACAATTGGATCAAGTGCTTCTCCCTGAATAACTTCTCTTGCATTTTGTTCCATCTGCTTCTTTGCAAGATGTGGCAGTAAATCCGAAATAACAAAAACTGGGTCAGTTTCGCTCTCTCCTATGCTAACTTCCAATTTGGTGCCATCTTTTAGTATTATAACGCCATGAAGTGCAAGAGGAATTGTCACCCACTGATACTTTTTAATACCACCATAGTAGTGTGTTTTAAACATTACAACATCCGCTCCCTCGTAAAGTGGGTTTTGTTTAATATCAATTCTTGGGGAATCAATATGCGCAAATACAAAATTCAAACCATTTTCCACTCCGAGGATTCCGTCTTTCAATAGAAAAATGTTTTTGTTATCATTTATTGCATAATACTTTCCCGAGTGCGTATCTCCTTTAAACAGGTCAACAAAACCGTTTTGCTCTGCAACATTCTTCAAATACTTTACTGCTTCTCTTTCAGTTTTTGCGTTACTTATGAAGTCCTTGTAAGACTCAGAAAAATTAATTACCTCATCATGTTTTAATACTTCCCATGCATTTTTTGTTGAATACTTAAGTTCCACGTTTGCCTCCTTAAAAATTTTTTACCCTTTATTATAACTTGATTTGCATTTTTAAAAAATTTTCATACTATATGTAAAGGAGAAAAGGAGATGGCTTTACAGGGAAATTTAAACGATTTTAAATTGGAAGAAGTAATACAGAGTATCTCAACAAGCAAAAAATCTGGCAAACTTGAAGTTGATGGGGTTATGGGGATGTATGGTATTTACTTTTCAAACGGAGAAATTGTGCATGCAAATGGACCATTTTCGATTGGAGAGGAGGCAATTCTTGATGTATTTCTTGAAATTAACGGAGTATTCTCATTTATCACAAATATCGTTCTTCCGCCAAGGACAATTAAGAAAGATTTATTTGATATTATAGCGACCGGTATAAATCTTAGAGAAGAAAACTTTGAAATCATAAAAAAGATTACAAAAACTACAAAAATGCTTCCAAACACGAAAAATGATAAAAATGGCGTTGAATTATCTAAAGATGAAATAAAATTACTTAAATATATCTTGGATGGCACACCAATTTCTATTATAATGGAAGAGATGTCCATGAGTTATGTTAAGTTCTTAGAGGTATTAAAAGGATTATTAAGGAAAGAAATTGTTACTTTGGGAGGCTAAAAACAGTTAATAAAACTGTTTTAATTAAGGATATTAAATATGAGGAATAGAGAGTTGTTAAACGTGCAAAACTTAAACAAGATTTATGGAATAATTAGAAAATTCTCAAGCACTCTAAAGCTCCAAGAACTTATAGATCTAAGAAAGGAAAAGATTAGGGAAGAGTTAAAACACTCTTTAAAACTTAGGAAAGTTATTAAGGTAGCCTTTGGTATCCCTATCTTTGGGAGGTCATTTATTAGGGACTTCTCTCCGTTAAAAACACTCTTAACGGATTGGGCAAGGTTACCAAATAGGTTAGTCCCTGTGCTTGGTGCAGGGACTATGGTTAGCCAAATTCCGCCTGTAGGCTATATGGCTAACTTGAATTGGCGGATTAAAAATAAGCCTACCAAAAGCTATCCAATTTCGGATAGTTTTTGAAACCAGGATAAAATGGAAGGAAGACTTTCAAAAGTACAAATTGTTTTAAATGAAGAAGAACTCAAAAAAATAGAAGAATTATTTGGTGAGTATCTTGTCGAATCTGAAGCAAGGGACATCGTTCTTCTTAACAAAAGCGGCGAACTCCTTGCAAAAAGTGGAGATATAACTTCTGATGTTGCACAAAACATATCTGCACTTGCAGCAGGAGTATTCTCTGCAACAAATGAACTTGCAAGGCTTTTGGGTGAGAAGGAATTTACAATTACATTCCACCAAGGACAGGAAACAAACATTCACATATCCCTTATTACTCAAAACGCACTCCTTGCTATGATTTTCGACAATAAATTACCGATTGGCGCAATAAGATTTTGGGCAAAGAAAACAGGTAATGAAATAAAGCCAATAATCGAAGGTGCAGAAAAAAGAGCAGAGAACCAAACTCAAAAGGTTATAAACGAGGACGTAGAAAAGGATATTGAAGACCTATTCTAAGGAGAAAAGATGAGTACAATCAATTTTGCAAAGAGAGAAATCTCTTTTAAGATAGTATATTATGGACCTGCAATGAGTGGAAAAACAACAAATCTCAGGCACATTTATACAACCCTGCCGGACAAAGTAAAAGGCGATTTTACAAGTATCGCAACCGAAACAGAAAGAACGCTTTTCTTTGATTTTTTACCCCTTGAACTTGGAAGCATCAAGGGTTTCACAATAAGACTAAGCCTTTATACTGTGCCTGGACAATACATCTATAAACTTACGAGAAAATCGGTTTTAAGAGCAACTGATGGGATTGTTTTTGTTGCTGATTCTCAAATTGAAAAGCGACAAGAAAACATTGATAGTTTTCAAGATATGATTGAAAACCTCATAGAATTTGGGGAAAATGTTGAAACGATGCCAATTATCCTTCAATACAATAAAAGGGATTTACCAAATATCCTTTCAATAGAAGAACTGCAACAGGATTTAAACAAAGATAACAAATACCAATATTTTGAAGCAATTGCGCAAGAAGGCATAAATGTAGTAGAAACTTTAAAGGCAATCACAAAACTTGTAGTCCAAAAGGCATAATGAAACCGACATTTATTGGTATTGCAGGTGGCACAGGCTCAGGCAAAACAACTGTTGCAAAGATAATCCAAAAATCTTTGGGAAAAGATAAAACTGCAATCATTTCGATGGATTCATATTACAAGGACTTTCCAGAGTTAACAATCGAAGAAAGAAAGAAACTTAATTATGACCATCCATCAATTTTTGACATTGAACTTTTAAAAAAGCATCTTGAAGATTTAAAGCATGGAATCCCAATAAAAGTGCCTATTTACTCTTTTGAAAAATACGCAAGAACGGGGGAATTTGAGGATATCTATCCCAAGCCAATTATTATCGTTGAAGGTATTCTTCTTTTTTATTATGACGAAATAAGAGATTTCTTTTCAATCAAGATCTTTGTCGATACCGACCCTGATGTAAGAATTATAAGAAGAATTGAAAGAGATGTTCTTGAAAGAGGAAGAACCTTAAAATCAGTTATAAACCAGTATCTTGAAACAGTAAGACCAATGCATATCCAATTTGTAGAACCAACTAAACAGTTTGCAGATATTATTATTCCTCGTGGCGGCAAAAACGAAATTGCAATGGACATAATTCTTGCAAAGATTAAATCAATTTTAAATCAATAATAAATTTCTTTTTTCTTAATTTTTGTCGTAAAATATATACCCAAAATAACATTAAGGAGGTAGGATGAAAAAAATAATTATTATTTTATTAACTCTTATCTTTCTCCTAACAGGTGCATCTTACACTAACGCTAAGGAACCTATATTCACTAAACCTATTGGTCTTTACGGTGGCGAAATTGACAAAGTTGTCGTTTCAACAAACTTTTCAAATGATGGAATAATCTTTGCAGGTGGTCCTGAAGGATTTTATGTCTCGAAAGATGGTGCAAAAACTTTTAACTCTATAAACCTTTCCGTTGGATATAACTTAACGTTTGAAGGTATAAATGATTTTGCACTTTCAAAAGATTTTTCAAAGGACAACACGGTCTATATAGGAACAAAAAACGGCATTTATATGACAAGCGATTTTGGAAAATCTTTCAAACCCTACCAAATGGGCATTGAAGCAACCTACATTACTCAATTAACAAGCGACCCAATAACGAATACCCTTATGGCCGTTTCAGTGAGTTTCGAAAAACGAAGCGATGGAAAAGTTTTAAACACAAACTTGATTATGGTAAATAATGGATCTTCATGGAAAACAGTTGCAAAATTTACATCAGAATATGTCACCGCAATTGCAACATACAACGACAACTATTTTATCGGAACAGAATTTGGAAAGTTTTACAAAATTGACGGAACAAATAAAACTCTTCTTTATACTGTAAACTCGCCAATAACATCAATATCCATTAAAAATAACGCTTATGCATTTTCAACACTCGGAAGTGGGATTTATCTTTCAAATGATCTGAAAACATTCAATCAGGAATTAAATGGGAACAAAATTATTGGTATAAAGATAGATGACTTGAACAATCTTTACGCACTTTCACGAACTAAAAAAATGTTTGTCAAAGTTAATGGAAGTTATACAACTTACGAAATTCCAGTACCTTCAACCAATATCTCCTTTGATGTTTGTGCTGATGCTATTTTTATCGCTTCATATGAATATGGTATCATTAAATTTGACAAGGCAAGCAAAACTTTTTCACTTTCAAATACAGGAATAACTAATATAAATACGACAACTTTGAGCTTCTCACCTAATTATTCAACAAACAAAACCGTCTATCTTGGGACTGCAAATAATGGGTTATACGTTTCAAGAGATGGAGGTAAATCATTCGAAAGCATTGGCAATCTTGATACACACGAAATTCTTGAGGTAAAAGAGATTTCAAATGGGACAATTCTTATTGGAACACTTGGGGAGGGAATATTTGCTTCAACCGACGCAGGAAAAACTTTCAAACAACTCGACATTTTAAAAGATCACTCAGTTTCTGTTATTTATGAATATAACAAAACATTATTCATAGGGACAGAGGATGATG
AP012051.1_gap27	1243775	1245462	1687	CTAAGTGCATCAATTCCTTCAAATAAAACTTTCTGTTCGTCTTTTTTAAGGAAGTGATAAACACCTAGCAAATACACCTTAAGTCCATAAAGAGCAGTCAATTGGTCGGGGATTGTCCTTGTTAAAATGTGATTGTTTTCCAAAACGAAACTCTTTGACTCATCTTCAAGGTCTGAAATAAACATTTGGAATGCGTTTTTTCCAAGGTAGTAGTTGGTAAGTTTCTGTGGTCTTTCGTAGTAGTTCTTATGAATTTCATAAACGATATCTTTAAATTTAGATCGCTCGTACAAAATAAATCTCTCTATCCTAAAAGGGTTGAGTTTTGCAATTCTATTTTCGCTTTGTAATTCGTGAAGAGGAAATTCATATCTATCAAATACATGCTCACATAATAAAGTACCATTCATACGCTCAATTGCAAGGCAATTTTGTGGAATTAAAATAAAAGGAGGTTCAACATCTTCGATTGTGCCAATATCAAAAAAATTTAATTCAAAATTGAGGTACTTCTTTAAATTGAATGCAAAATAAGGCAAGTCCTCATAAATTAATGGATTTTCGTAACTATATATAAATCTTAGAGAAAGTCCAGAAAAAACTGCAAGTTCATGAATGAGAATCTCGACATCTTCTTTCAAGATTGACTTCTCAAGAGCAAAAAGCAAATCATAGGTAGGCAAATTCTCAGTATTCTTCAATTTTTCTAAAATTTTATCGTAGTCCATCTCAATTACATTATAAGACAATTCCCATGAAATTTCGATATTTGCGTTTTTCTTATAGAATTGTTTTATTTGTAATGGGCCATAAAATTACTCTTTACTTAATAGGATTTTTGGGGATTATCTATACAATAATACTAAGGAGGCGATTATGATTAAAAATCAGTGGTACATCGTGTTATCTTCTAAAGAACTGAAGGACAAGCCCATTGGACTTAAAAGATTTGGTGAAAAACTCGTCATGTGGAGAACAAAAGATGGCATTGCATGTATCGCTGATAAGTGTGCTCACAGAGGCGCAAGTCTTTCAAAGGGAAAAATTGTAAATAACCATATTCAGTGTCCATTTCACGGATTTGAATACGATTCAAGTGGAAGAGTTGTCCTCATACCTGCAAACGGAAAAGCCTCAAAAGTACCTGACAATTTCAAAGTAAAGAGTTACAAAGTGAAAGAAAAAAATGGCTTCATATTTTTGTTTTATGGTGACGAAAGTAAAGCACCAGGCGAAATACCGTTTTTTGATTGGATTGACGGCAGTTTCACATACGATGAACTAAATGAACCTTGGAATACACACTATTCAAGGTGCATAGAAAATCAACTTGACCCGATACACCTTCCCTTCGTGCACCATAATACGATTGGCATTGGCGGAAGAACAGTTGCAGATGGACCTGTTGTTGAATGGTTTGATTCAGAAAAAATGCGTTTTTATGTGTTTAATAGAAAAGATGATGGAACTCCACCCAAAAAACCAGAAGAATTGAAAGGACAGAAAAGCAAAGTTTATCTTGAATTTATCTTCCCAAACTTTTGGCAAAACCATATAAGTGATAAATTCTTTATAGTTGCGGCATTTGTTCCAGTTGATGAAGAGCATTCGCTTGTTTATGTAAGACAGTATGTGAAAATTACAGGTATTAAATTTATTGACAAACTCATCGCAACTCTTTCTATTC
AP012051.1_gap28	1276554	1281457	4903	TTAGTTGTTTGATTATAACTTATTGGATTCCAAGAAAAGTCTCTTCCTTCAATTTCATTAGCCTTTGTTCCAAGGTGAATAAATTTTACAGCTGGAAAATTAGTAATAATTGTTATATTAACACTCGTTGCAGAATTATGGGCAAAATCAATCGTAAGAGTTGCAGAAGGAGAACTTCCTGTATAGTTAAGAAACACAACTTTATTGGCATCAATGAATACTCTATATGTTACATTATCACTTGAGTAATTACGTTTTTTAAATGTATTTGCAGGATAATTATTTGGATTCGTATATGAAGCAAAGTCAGGTATAGGAACTGACGCTGGTTCAAGATTATAAGTTAAATTATATATAGGGTTATTCATAGTAATTATATTAGAATTTGAATTTGTTTTTGTATATTTTCCCGTTTGAGTATAAAGACAATATTTGAATGCTTCCGAAGAAGATCCACCTATTATTGAACCATATACTGTCCTTGTAAAATTCCCAACAGTTCCTACCCCTTTAATATATCCAATTCCACCAAAAGTATCACCTGTGTAGTATGTAGCAGTGTAAGAATATCCGCTTGGAGTCGTTCCACTTATTGATTGTCCATTTGAGTATGAACTTCCTGCATTTAAGTTGTAAATCATTTCATTTATACCATATTGAGCAACGTAAAGTGCAATCTCACGCTGTGAAATTTCAGAAAGTTCCATTGCATGTGTTCTCAACCAAACACTGGTTGCATACAAGAGTCCTGTAAGAATCAAAGCTATAACAACAGTTGTAACTATAAGAATATACCCTTTCTTCATAACCTCCCCTTAGTAAAATTATACATAATTAAAATAAAAGTCAAGTAATATGCCTTCATTATTAGCCACATTTTTTAATAAAATTCCCCTATAGAATATAATAAATTGATATGCATTTAATAATTGGACTTGGAAATATTGGAAAAGAATACGAAAATACACGCCACAATGTTGGCTTTATGGTAATTGATGAGCTTTCAAAGGCATGGAAAATTAAAGTAAATTTTGCAAAGTTTAACGCCCTCTATGGAAAGGGAACCGTTAATATTAGTGGGAATGAATACAACATTATTCTTGCAAAGCCTTTAACGTATATGAACCTCTCAGGAAGAGCTGTTAAGCAGCTTATGGATGGTTTTTTGGTGCCATCAACACATATAATAGTTATTCACGACGATCTTGATTTGCCACTTGGGACGCTTAGGATAAAGGTAGGTGGATCCGATGCAGGGCACAAAGGTGTAAGATCCATCAAAGAACTTGTAGAGGACCCAATTATAAGGGTGCGCATTGGCATTGGAAGGCCAATCAATAAAGAAGAAGTTGTTAATTATGTCCTTGAAGAATTTGGGAAAGACGAAAAATTTGCTATTTTAGATGTCATTAAAAGATCAGTAAAAGCAATCGAAACAATCATCTCAAAAGGCGTTGAAGTAGCGCAAAGAGAATTTAACCAATGAGACTTAAAAATATCGTAGAAAATCCAAATTTCTACTTAAACTTCCTTAAAAACGAGCGCCATGTAAGAATAAACACATCCTTAACAGGTGTTCTCTATGCCGTCTTAAACGAACTTGATACACCCACCCTTCTAATAACTAACGAAGACAACCTTGATAAACTTGCAAAGGTTTTTAAAAATAACATTGTTTTTAACGAATTTGGCCTTTTTCCATACGAAGTTGGATTTTCAAGCAAAGAGATCATCTTTAAAAAGAAAAAGGCAATCAAATCCATAAAGAACACGAAAATCTTAATAACAACACTCAAAGGCATTTTTGACTATGCACCTTCGGAAAATACCATTAAAGAACTCACGATTAAACTTAACAACACAGTTACGCTAACTAATCTTACAACCACCCTTGTAGATTTTGGCTTTGAAAGAAGTGCCGAGGTTGAGCACCCAGGCGAATTTTCAGTAAAAGGTGCAATAATTGATATATTCCCGTTTGATTACGAAAAGCCTGTAAGAATTCAACTTGATTTCGACCGTGTTGAAAAAATTGCAATCCTAAACGAACTTTTGCTTGCAGAGGAAAATGTAGATAGCATAACAATCTCATCGATTAAATACATTGAGGAAAGTGAGATCGAAAAAATCGAAAAAACAATCCGAAAAAAACTAAAAAACGTAAACGAGTTTACGGAAGATATTGTCCTTAAAGATATTGAAGAGTTAAAAAAATCAAGAAACTTCGGCCTCAATTTTTACCCAAAGTTTCTTGAAAACGGTATACACTTTAAATACAGAACTATTCTTGACTATATCTCCGATAGCACAGTTGTCCTTTTTGATGTTAATATCGATAAATTCCTTGAAAGCGTTAAAGAATTCATAGCCACACAAAAAGAAAATTACGGCAATCTCGTCGAATATGAACCAATTGAAGAAACAATCAAAAAATTGCTTTTAAACAGAAAGGTTATTGAATTTGGCTCTATGCTCGAAAACGCGCTCGACTTTCATGTAAAAGAACTTTCAGAAAGCCTTATTATGCTTGGAAATCTCAAGGATATCCTCATAAACGAAAAAAATAGACGCACAATTCTCATAAAAACCGAAAATTTCGACAGGGTTAAAGAAATTTTAAATGCATATGAACTTCCATACACAACAATCCTTGAGGAAAAAACAGGCATTTATGTCCAGGAAGGCTTTTTCGATAGAGGTTTTGAAGGAGATAAAATCATTGTCCTTACAGATAGGGAACTTTTCTTTCATCTTGAACCCACAAAAAGACCAAAGAAAATCATCTTCTCAAGGGAGATCGTTTCCCTTGAAGAACTAAAAGTTGGAGATCTTGTTGTCCACAGGGACTTTGGTATTGGTATTTTTAGAGGACTTGTAAAATTAGGCGAAACACCAAAGGAATTTCTCCTTATCGAATATAGAGATGGTGAAAAACTATACGTCCCATTAGAGCGTATTGGGTTTGTCGAAAAATACATTGGCGACAGAAGAATCGTAACCCTCAATTCCCTCAAAGGAAATGATTGGGCAAAGACAAAAGAAAAGGCAAAAGAATCAGCAAAAGAACTTGCAAAAAAATTGCTTCTCATCCAAGCAAAAAGAAAAATATATAAGCGCCCTCCTTTTAAGCCTCACCCACAGGAAGAGCGTATTCTTGACTTATCATTCCCATATGAACTTACAGAAGACCAGATGAAAGCAATAGAGGAAGTTTACGCAGATCTTGAGGACACGGAGCCGATGGATAGACTCATTGTAGGAGATGTAGGCTACGGAAAAACGGAAGTTGCAATAAGAGCCTCTCTTAGAGTTGTCCTTAACGGAAAAAAGGTGATGGTGCTTGCACCGACAACAATCCTTGCAATGCAACACGAACGCACATTTAAGGAGCGCTTACGACTTTTCCCTGTGCGTATTGAAATGCTTTCGCGTTTAACTAACACAAAGAAAGAGAAGGAGATTCTAAAAGACCTCAAGGATGGAAAAATTGATATCGTAATTGGCACCCATAGACTTCTTTCAAAGGACGTAGAAATAAAAGACCTTGGACTTCTTATTATTGATGAGGAGCAAAAGTTTGGTGTAAAGCACAAAGAAATTATAAAAGAGTTGAGAGCAACTGTCGATGTTTTGACACTTTCTGCAACACCAATCCCTCGAACACTCTACGCCTCCCTTATAAAACTTCGCCCCGTTTCTTTAATTCTCACCGCACCAACAGGGAGAATCCCTGTAAAGACATTTGCGATGCCTTTCAATGTTGATGTAATGAAAAACGCAATAAACTACGAAATAAAAAGAGGCGGACAGGTATTTGTCGTCTACAACAACATTGAAAAGATTTATAGCATGGGAGAATTTATACGGAATCTTACAAACACAAAAGTGGCTGTTGCACATGGAAAGATGCGAAAGGAAGTTATCGAAGACGTGATGCTTGACTTTTATGAAGGGAAAACCGATGTCCTCGTTGCAACAACAATCATTGAAAATGGGCTTGATATACCAACGGTAAATACACTCATTGTAATTGAAGCAGAAAATTTTGGCCTTTCTCAAATGTATCAACTTAGAGGGCGTATCGGAAGGTCTTCAATCCAAGCATATGCATACTTTTTCTACACTGAGAAAAGTTTAAACGCCATTGCAGAAGAACGTCTTGAAGCAATAAGAGAATTTTCAGATGAAGGCGCAGGACTCAAAATCGCAATGAAAGACCTTGAAATTCGAGGTGCAGGGAATATTCTTGGAAAAGAACAACACGGGCATATCATTTCTGTTGGATACAACATGTATTTGTCACTTCTGGACCAGGCGATTAAAGAACTTGAAGGCGTTAGTGTAAGTGAAGTAAAAGAAGTATCAGTGCGCTTAAATGAAAGTTATTACATAAAGGAAACCTACATTCCACTCAATGCAGAACGTATAAACTACTATCGAAGGATAACCCTTGCAGAATCAATTGATGAACTTCGGAAAATCGAGGGAGAACTTTGGGACAAGTTTGGCTATCCACCAATTGAAGTAAGAAATCTTTTAACCGTTGGGGAAATAATGGTGCATGCAAGAGAAATCCAGGCAAGGGAAATCTACCAAGAAGGGAAACGAGTATTTATCATAATTGAACGCACAAGCAAAATTACCGTTGATGACCTTATGAGCCTGTCAAAGGTTGCAAAGAACGTCCAATTTGGCGAAGACTACATTTCATTTGAGGCAAACTTCCCCTTGCAAGATACCCTAAAAGTATTACACTTATTAAGTGGCTATGAAAAAGTTAAATAATTTCATTTTTGACGAAAAATTGAATGAGTTTGCAAAGTGCTTTGTTGTTCTCAATAGCACCCGTATCGAAAAGGATTTACTCGTATTCTATTTTGAGAAATCTTCACAAATCTTTGAT
AP012051.1_gap29	1287421	1291742	4321	TATTGCCTGATCATATACTCTTCCCGACGCAAATACAGGATCTTGAGCCCATCCACCCATGTAAAGATTGTTATCAGACCTTATAATTCCTTTCGTAACCTCGAATTGCCCAAAATATACTTTGGTATGGTATAAGCCAGAAAAATCACTATAATAAACAGTAGTCGAATCTGAGTCGGTTGATCTTACGTACCAGTTTCCATTTGCTAATTGTGAAATTGTAGAAGTAGGCGTGACGGATAATTGCCCTCTTGAAGCATGAGTTTCAATACTTCTATAAATCTCTGGCTTTGAAATATTATATGAAGTTGCTCTAATGACCCATTTATCTGGATTGCCTGGCCAATATTGAGTGTTCGTATCAATTTCAAACCACAAATTATCACTTTTATAATTGGGATCTACCTCGCTTATCCCTCCGTTGTAAATATCACCTGTAGTTAAATTCTTTATAGGTCTTACTGCAATATCTCCATCAGGGCCGACAGAAGAAACTGATGCTATTTTATTGTTTGTTACATCCCATACAGCAAACCAAAGACTTTCATCACTTTTAAAAATGTAAGTAGAAATATTATTAATAATTCTATTATATGATCCGATTGGGTCGTTTATATCTGCAACTCCACCATTTAATTCGGAAAGTCGATCAGCTATAGCGTAGTCCCTTGCTTTTACTAATGCTTCTTGTTGATTTTCATCTTCAAATTGAGGGGAACTGTATGGAAAACCAAAAGTATTTATGGTGTTTAGAATATTCTCAATTGCAGCATCTGCAACTACAAGTGCCCTGTCTGATATTATCTCCCCTTTGCTTGTAAAATTACGCGTAGTGGCTGAAGAAAAAAGCATTAATACTGGTATCATCATCATCGCAGCAATAAGAATTGTAAAAATCATACTAAACCCTTTCCTTTTCATCTTGCTCACCTCCTATTGTTTTAAAGTTATTTGCATAATTCGAACAAACTTTTTTCCTTCCTTTGAAAATGGAGCTTTCAAATATGTCTCCACTATTATTTGAAAAACCTTCGGTGAATAACTCGGCCTTATCACGGTAAAATTTGTAATTACTTGTTCTGTGATCGGTTGGTTTGTTATTCCAGTCCAGGTTGTTCCATTCCATGTTTCATTTGAATATAAAACTTCACACGGTTCGTATAGTTTATTAAGCCAATATTCTCTTGGGATTCCTGAATAACTGCCGTTATTTTGAGGTACGCCTAATGAATAAGTTATGCGGTGCGTGGTCCCATTATTATCCTTGATATAAAATTGAAGAATTGGGTCTGAATTAATAAAAGAATAATAGTCGTGACTAGAATCAAGGGGGTAAGGATTTACTAAGTCTTGCAAACTTCTCTTAGAATCATTGGATGGATTATACGATGGAAAGGTGACACCTGAGAATCCACTACTATCATTGTATATCGAGGCTTGCATTAATTCTTTCTTTATTTGAGAAAGCAATGTATCTATGTTATCCTGTATATTCTGATTTACTTGTATATACCTTGCAAAAGAGCTAATATAAGAAAATGACGAAAGGCCAATATACAGAAGTATCAGCATAATAACCATTGCAACCATAAGTTCAATTAGAGTAAAGCCTTTTCTCTTCATTAACTTCCTCCATATGAAGTAAGCTTTATCTTTACGGAATATGACTTTTCTTCAAGTCCCTCAATCCAATATACTGTCACTTCAACATCAAACCACTGTACGTGGTCAGGATCCGTAATCCTTTGCTTCCTTGCAACAATCTTTGTTAGTACTCTATAACCTTTATATTCTTTCGTTTTCGAAGCAATAGCACCATCGTTTGTATAATACGGAGTAAAGTTAGGATTGTTAGAATTCGTAAGACCAGCACCTTTCACGTAAATCTTGGGGACATAATTTTCACCAGATTTAAAGAAATCTATTCTTTCTGGGTTTAGCATCCCGTTTATTGTTCTAGTTAAAGGAAACCTTACAACCAAAACATTATTAGTTACTCGGTCATAATATTTTCCTTGCGATACATATAGATTTGCATCTTCCAAAGCAGGATTAGTATCCGAAACATATCCATTTTCACCTAAGGAAACGAAACCCTGTAATGAAAAGTAAAAGGCAGAAGGTTTATCGTTGAATTTTTCGCTTGGCAAGGCAGGACTTACATTTAAGGAAAGGGGAGTGCCGTAAATGTCAACAAGACCAGGCAAAGGATGCGTATTATCATTTCCAAAGAGGCTTATATCGTAACCTAAAGTATTATCATAAGTGACATTCTTAGATCTTATGTAATCGATAACATAGTTTGCCAAGTCTTTCGCAATTTGCCTTGACTCAGCTCTTTTTTCGGCAACGTTAATAGACATCGCAGCACTTGTCACAGAGACAACTATAAAAGTGACTACTATGATTGACACCATTGTCTCAATTAAAGTAAAACCCCTTCGCTTTTTCACTTCTCCTCCTTACCTTTTAACCCATTCTATTGATATGTTGCCTAATTTAGAAATAGTTATTCGTATAACTTTATTTTTGTTTGTTGTTGAAATAAAAATTCCATAAGTATTATCGTTTGTTTCTTTGCAATAGTAATTTGGATTGCCAAAGTTATCAAAATTTAATTTCACGTATGCAAGCGGTGGAGACAGAATATTAGAAAGATTATCAAAAGTTGCAAGATATATTTTTTGTATTTTTATACCATCTCCTAAAACAATTTTCTCAACGGCACCAGACATCGTCTTGGTTACAGGATCAAAGGAAGCATTCAAATCCTTTTCTACATATATAGTATTATCGGCAGGGAAGAAATATACCTCAAATTTTCCTGAATCTTTTGTGGTACTATATGTGACCGCCTTGTTTTGTGCATATAACAGAGTTTGTTGAATTTGAATAGCCGCATTATACAAACTTCTTTCGACAAAAGTACCAGGCAAAATGCCAAAGCCAATCCCAATAATTACAATGACTACAAGTATTACTACCAACAACTCTAATAATGTGAACCCTCTTTTAGAACGGTGTAACATTGTTAAAGTCATCTATTGAAATTTCTCTCCATGCATTAGGTGATTGTTCCGCAGCAGTAATTACATTCTTTACGCTTGCAGTCCCACCAGGAGTCCCCACAATGCTTAGATTAGACATCGAAACTGGTCTATAGAAGATATTATATGTACCATTCAAGTTCACTGCACCTTTCGATACTATGGCACCATAGCAATCAAATGTTCCACCACCAGAAAATGAACCGGTGCTGTAAAAAATTCCTTTCAATAGCGCATTACCATTTGCAATCTCCACGTTGCCATTAACAAGCATTGCCAATGCTCCATCGTTATCAACGGTTGAATTGCCATTTATCATAAGATTGCCATTAACTACAATTGTACCTTGTAATTTTACAGTCCCGTTTATATGAGCATCTCCCTCAATAAAGTAAACAATGTTTTTAGCATTATCTTTTAACTGCTGCCATTTCAAAACATCAAGCCCTACAAATAATCCACTTTTTGATGATAGGTCTTTGTAGAAGGTAACAATTTGCGAAAGTGAGGAATTATATGATGTCCCAAGATACGAAGTGATAATCGTGTGAAGTATTGGATCAGTAGTATTTGGATAATCTGATCTGCTTCCATCATAAGGTTTTCCTCCGGTCTTAAATGCAAGTGCAAGATTCTTATAATAATCTACATTGAGCATCGGGAATTCAATTGGATTTTGTCCTGAGTATGCTCCAATTTGTGCTACTCCTTTTCCAGTAATTGCACCTACTGCGTATGCAGTTCCACCACCATATTGTGGATCATAAGCAATTCTTATCTTTCCTTTTGCTGGACCCAAGTCAATATTGCCATTCGCAAAAACATTTCCTGCAACCTCTTGAGCATTACCGTTGAAGGCTATATCCGAACCGGAGAAAATACCATAATTAAAGACCTCCGAATTAGGAGGAATGTCTGTTGGAGTTATGGTACTTTTGTGATAAGTTACAGCCATTTCAGTGTATACTGCTTTTTGGGCAACAATATTATTATTTTGTTTTACAAACCCAAGGGCATAAACCCCAATGAAAATTGTTTTATCTCCATCCAATCCAATGTCTGGGTCCCAACTGGCAACATCACCTTTGTTAAGCCTCTTTATTTTTGCCTTATAGTAGGTATCTGGGCTCGATGAAAGTGATGCAGCATCTTTAGACAAAACATAACCAGGGGGATTTTTTACGATTGCTTTTACATCTGAAACAGTAAGATAGTGAAATGCGGAAGGTGGATTGATTACATTGTTGCCTAGATCCGAATTTCTTAAGTCAAAG
AP012051.1_gap30	1295663	1298041	2378	GAGCAATTTAAGGTCTTCTGTATCAAAATAATGACTTACAAGTTTTTTGGGGGGAAGTCGTGTAACAGCCCAGCTCACAAAATCCATCTCAGCCTCAATCTTCTCCAGTGTTTTACGTGAGGCTGTAAGTTTTACTTCGTACTCAATCATTTTTAACCCCCTTTCTTTTTGTTTAACTCTTTAAGATAAAGCGTCCTCTTATATGCCGAGTAAACCGCTTTTTCTAAGACGGTTCTAAAACCTCCCTTTTCAAGTTCGTAAAGTGCATCTGCAGTTGTCCCTCCAGGTGATGTAACCATGTCTCTTAACTCTGCCGTATGTTTCCCTGATTGCATCGCAAATAGCACAGACCCAAGGGTTGTTTTATACACAAGTTCCATTGCATCTCGCCTTGAAAATCCCAAGTGCACCCCTGCATTTACCAGGGACTCTAAAAAGAGGAAAACATAAGCAGGACCTGTTCCAGAGAGTGCTGTTGCCATATCCACGTAAACTTCATCTTCAACGTACATTTCACTTCCCATTGAAGAAAGAATTTGTTTAACGATATTTTTCTCAGTATCCTCAACTTCCTTGGTTGCAGTCCAAACAGTCATCCCCTGTCTAATCTGTGCTGGTGTATTCGGCATGCAACGAACTACCTTTTTGTGAAGAAGATTTCTTTGAAGAGTTTCAACGTCAATACCTGCCATTATAGAAATGATGAGTTGACTATCTCTAATGTAATCCTTGATTTCATTTGCAACAGACTCAAAAATCTGCGGCTTTACTGAAAGTACAACAATGTCTCCAAATTTGACGGCTTCTGAATTGGATATTGTTGTATTTATGTGAAGTGTATCTCTTACTTCCAAGGCTTTCTTTTCCCTGTGAAAACTTCCCATAATATCAGATGGAGCAAAAATTCCTGCATCGATAATCGATTTTATCATTGCAGTTGCCATTGTGCCTGTGCCAATAAAACTTATTTTCACTTTCTAATTTCTCCTTTAAAGTTATCAAAAAAATCCTTTAAACTCAATTTTAACAATCCTAATTCAAGCACCCTAAAAAGTGCAGCAAAATCAAGGAGGAAGAATTCTTCAAGGTCAACATCATTTGAGTTTTCAATTGCAAATTCTTTTAGTTCAAAAAGTCTATCTTTGATTGCCTTTAGAGACCTGACATTTCTAAAATATCTTTCCTTTATTTGGAGAATAGATTCAAGGGCACTAATTCTTTCAGCCTCTGGTATTTGAACAAAACTCTTGTACTCATTCAAGAAAAATTCCTTTGGTGACTGTTCGATGCTTTGCACAGGATATCTTGATAGATTTATGCTTCGGAAATATGTGTTGAGGTCATCAATTGCACTTACAAAGGTGTCATCAGCATATGGGTAAATATCAATTGTAAAAAGTGTCATACGTTCGATTCTTTTCTTTGAATATGTCACGTTTTTATAAGTCCAGCCAAGGCGATAGAGTATATTTGCAAGTTTTTTAATATCATCTTCTTCAAGTAGCGAAACCTTCACTGAGACAAAGTCATCAACCTGGACGATATTCATTTCCTCGCCAATGTTGTGGACAACAAACTGATTGAAACCATTTTCCTTGATTTTGTTATATTTTATTTTTCTTGATTTTAGCGTATCCTCGATTGCTTTTTCAATATTCCTTTTAGCCAACTCTGTAAGCCTCCATGTATTATTATATTCATTATTGCTTAATTTACAAAAAGCCAATTAAAATGGCTACTTTTTAACACAATTTACTAAATGTTGAATAAATATTCTCTTAAATTTAATTGACTATTGAAGGTAAGAATAGTAAAATATAAAATGAGGTGAAATATGAGCGAAATAATTGAATGTATTCCAAACGTAAGCGAAGGGAAAAATCAAGACGTCATAAATAAGATCATTGAAAATCTCAAACAAACAGGCGTAAAACTTCTGGATGTTTCATCAGATCCCGACCACAACCGGACTGTTATTACATTTGTGGGAGATAGAACAACTGTCTTAGAAGGCGCATTTACGGTTGCAAAAAGTGCAGTTGAACTCATTGACCTAAGAAACCACAAGGGAACTCACCCAAGAATGGGTGCAGTAGATGTAATTCCCTTTGTGCCAATTAAACGCATTACAATGGAAGAAACAGTTGAACTGAGTAAAACCCTTGCAAAGCGAATTGGAGAAGAACTCAAAATACCTGTATACTTATACGCAGAATCGGCAACAAAGGAAGAAAGAAAAGCTCTTCCAAACATAAGGCAAGGCGAGTTTGAGGGATTCTTTGAAAAGATTAAAGATCCAAACTGGGCGCCAGATTTTGGCCCAAATGAAGTACATCCAACAGCTGGTGTAGTTGCAGTTGGCGCAAGAGAATTTCTCA
AP012051.1_gap31	1488692	1490164	1472	CATCTGTGTTTATTGTTATCAAAACATCAGTAAACCTACCTGCAAATTTTTCAAGATGGAAATATATCAAATTCATTAAAGGATTGCCATATTCATGAAAGTGAAAACCATGCGCTGTATAAACAATGTGAGGAATTCCTGCTATCCTCCCCACAATTCGCCCTATAAAACTTGCAACAGGTGTGTGAGTGTGAAGCATTATATAGTTTTCCTTTTTTACGAGTTTATACAATTCAATTGCAGATCTTATATTACTTATACTTAAAGGATTCCTGCTAAAGGGAATATTATGGACTCTAAAACCTTCAACCTCTATCTTATCTGTAAAGCCGACATTTGAACACGCAACTTCGACCTCATATCCCATATCTCTCAACAATTTCATAAAAGGAATATGAAAATAATAAATGTGCGAATCAACAGTTGCGAGAAATAAGATTTTCTTAATTGTTTTCTTCATTTAGAATTTCCCTGTATAAGCGCAACATTTCTTTTGTGTAAGCCTCAATCGAATATTCTCTTTTAACCTTTCCAAAGGCATTTTTTGATAGTTGTTCTCCATAAGCCGAGCTATTAAGAAGATAGACAATTTTTTCTCCAAGTTCGGTGGACGACTCTTGGTCAACGAGTAAGCCATTAACACCATCCTCAATCACCTCAGGAATTCCACCAACTTTGGTTGCAATTATAGGAATCCCATTTGCCATCGCCTCAAGTAGCACCATTGGCAGTCCTTCCCAGAGTGAAGGAAGGACAAAAATTTTGCTCATTCTCATTAGCGCTTCAACATCTCTTCTTATACCAAGAAATTTTATACTACTTTCAAGATTAAGTTCTTTAACAAGTTTTTCATAATCGCTTTTCAAAGATCCATCGCCAATTAACGCAACAGCAAGGTTCAAGGAGTATTTTGATTTTATTTCATAAATTGCTTTTATAAGAACATCAACTCCTTTTGCCTTTTCAAGCCTACCAACGAATAAAACATCGTATATTTTATGCTTCTGTTCCCCAATTTCATCTTTTACAGGAATTGCATTTTTAATCACGGTAGTCTTGTCTGCAAGTTCAGGAATGTAATCAATCAGTTTCTTTTTAACTAAATCACTTACACAGATAATCTTTTTATATCGTGAGTAAACAAACATATCAATTGGCTTATATAATTTTATATCTCTTCTTCTATTGTAAATGCTATGCTCGGAAAAGATAAATTTAGCCTTTTTACTAACAAACAATGACGCCAAAGCCCCAAACAAATCCGCCGGAAACAAGTGCACATGAACAATATCATAATTATTCTCTCCTATTAATTTTACAAGTTTCAAGACACCTCTAAAGTCATATTTAAAAGGTAGTGCAAGGTCGAATACATTAACACCGTTCTTAACAAGATCATCTTTAAATACGTTCCTTGAATACAAAGTGCACACATCAATTTGTATATCGGGATGTTTTTTTACTTCAATCAA
AP012051.1_gap32	1492217	1497002	4785	AAATCTTCTTTTACACCTTTCGATACTGCAATTACAAAATCTGCATATGGATAAAATACATGCATTAGCAGAGGCAAAACTTTGCTTTTTATCGATTTTGAATTCCTTCTTTCTTGAGAAGGGATACTATCTTCCCTAACAATTATTTTCGTTTTACTATTCAAAATCAATTTTGCCATTATTGCAACAACATTTGCATGATTTAAAGAAGAAATTAAAGCATCGGGCTTATTACTAGCAAGATACTTCACCAATTTAGGTAAAGCCAAAATAACATGCGAAGTGTTTAAATCAATTATTCTTACATTATTAGGAATTTGTGAAATATATGGTCCTTGTGCACTAACTAATACTAAGTCGATATAAAAATTGCGTTTTGAAAATTCCTTGACTAAGTTTACTATTGATTTTTCTGCACCACCACCGTTAAGGTTCGGCAAAAAAAATGCAATTCTTTTTTCAATATTACTCACCTAATTATTCCTCCTAATAATTTTGCTTTAATACGATATCTCAAGGAGTATCTAAGTCTAAAAAGAAATTCAAAAATACAAACGGATGTTTAAATCCGAACAATAATGCATTTTTAAAATCCTTTTTCTTTAGGTAATATGTAAACATATTATAAATATAGTTTCTATTAGATTTTCTAATAAGTCTGTTAAAAGCATTTTTTTCTTCTTTTGTTAACGGATATTTTTGAGAAAGATAATCAACAATTAAAGGCATATTGTCAATTGGTTTTTTCGAAGTCAATGAACCAGGAGTAATTCTATACAGGTAGTAAGATTCTTTTGTCACTTTCAATTTTAGCCCAGACAAAAAAAGTTCGAAGTAAAAGCACAGATCTTCAACAGGAACAAATTGTTGTTGTTGAAATATTTCTCTCTCTTTTACTATTGATAGAGGAAAAATTGGATGCATCATCATGCTCCCAGCATCAATATAATCAAATATATCAAATTCTATTATTTCTGAATTAAAAAAATTTTATTGTGAAATAAACGTAATTGACTCTCCCACCTTTTTAAGCCCATCGGAGAATCAAAGCAAATTATGTGATCATCTCCAACAAAAAAATTCTCATTTTTTGCTATTATTGGAATTAATTTTTCCAATCTTTCCTTTAGCCACACATCGTCTGCATCAATAACCGCTCCCCACTTTCCTTTTGCAATCCTAAGGGCGGTATTTCGTGCTTCTGCAACTCCAAGATTTTTCTCGTGCTTAATATATACAATCCTCTTATCCTTAAAGGACCTAATTACTTCATCACTCCTATCAGTTGAGCCATCATTAACAACTATAAGTTCAAAGTATGGATATGTTTGAGCTAATACAGACTCAATCGCATCTTTCACATACTTTTCTGCATTGTAAACCGGCATTATTATTGAAACAAGCCCTAAGTTTTCCATTATTTTCATCCGTTAATACAAAATAACTTACAAGAAAATTATACCCAAAAATTCTAATAATAGAGAATCTTCGAATTGCCTAATCAAAAACCCTCACAAAATTAAGTCATTTCCTAATATAGAAAATCCTTATAGAAATTTAAAAAATAAAACGAGGATATTCATTGTATTAAAGAAGACTCGGAAGAGTTTCTCTTCGTGAATAAAAAGGTATTGAGAGATAATGGAAGTGAATTCATCAATGCACATCTATTGAATTATTGTGAAAAAGAGCATATCACAATTACAAGGGCAAGACTTTATAGAAAGAATGACAATTGCTTTGTTGAAAGATAAACTATTCTGTGGTAAGAAGGGCTGTAGGATACATAAGGTATGATACGGATGAGGAACTGAAGATAATGAATGAACTCTACAATACATTGAGGCTCTATACGAACTTTTTCTTACCTTCAATGAAACTAAAAGAGAAAACAAGAATTGGAAGTAAGGTATCAAAGAAATACGACAAACCCAAGACACCCTATCAAAGGATTCTTGAATGTGAGTTAGTATCTGAAGAAATAAAGAAGAATCTCAGGAGAATGTATGAAACACTAAATCCTCTTTTACTTAAAAGAGACTTAGATATACTGATTTTCCTTTGACTCAGAATAATTTCAAGTAGAATTGCTTGAAAAAGTTAGCAATTAAAAACGTGCTAAAAAAATTAGGTAAGGGATCATATATCTCAAACATAAATTTTCAAACTTTTTGGGAAACTTGCAGAAATCCTAAATAAAAAGGCAGGCATTGAAGCCTGCCTTGATAGGTAGTTATTACAAGTTAGGTTGGATTATGGTATGTAGTAGATTGTTATGGTCTTTGATTGAGAGTCGTAGTCTACAACCATGCCAAGGGATTCAGAGACAAATCTCAAGGGGATGTAGGTTCTACCGTTTATGATTTGAGGAGCAACATCAAGGGTTCTCTTGTTTCCATCAACATAGGCATAGGTTTTGCCAATATAGAGGATTACTGAGTGGCCGTTTAGTTCTATGGTTACTTTCTGTTCTTTTGCATCCCACAGGACTTTGCCACCAAGAGATTCAATGAGAGTTCTTATGGGGATAAGGGTTCTACCGTTTTGGATGATGGGTTTACTTCCTTGGGTATCGATGTTTTTGGTGATGGTGTAGTCAATGGTAATGGTTGGGGAGTTTATGGTAAGGGTTACGATATGGGATCTCTTTGTTTGTTGAGGTTGAGTATAGGTTATTGTAAGGGTTTTGGTAACCTTGTTGCCCATATTATCTTCTGCGGTTAATGTTATGGTGTTTGTGCCTTGAGAAAGTGTAAGAGTTGTTTCAAAGTTTCCTTCAAGGGTTACAGGAACAGGAATATCATTTATGATAAGGGACCTTACACCTGAAACAGTATCTATCAATGTGCCTTTAAGAGTTAGAGAATTGGTTGATGTTGTTTGTGGAATATCTGGAAGGATAACTGTTGGTGGTTTTGTATCAACGAGCACTTTGAAGGATTTGGAGGTATAGTTTCCTACTGTATCATAGACTATTACTTCAACAGTATTTAGTCCATCAGGAAGGGCTATTGTTGGATCAAGGTTGTTTTTATCAATTACTACAATGCCATTTACTTTTACAACCATTCGTGCTATACCTGATTCATCAGTTGCAGAGACTGTGAATGTTAGTGAATTATCTTTGAGTTTAAGTGTTGTATTAGGTGAATCAAGGTTAATACCATTTATGGTTGGAAGAGTTACTGTAGGTGGAGTGGTGTCAGGGAGCTTAAGAACATTAACTTTAAATTGTTTTGAATCTTCCCTTCCAAATGAATCTGCAACCTTTATTGTAAAGATAAATACTTTATCTTGATCATCAATGGATGGTGTGAAATTAAATGTATTTCCTGAAATTCCATACTTGCCGTTTGGTTTTGGCGATACAGTCGGAACAGAATAGCTGTAAGGCGCAACTCCTCCCGATACACTAAGCGTTGCGGAAACAGTTTGACCTACACTTATAGTTGCTTCAGTTGGATTTATTGTAAGAACAGGGTTACTTCCAAAGCCCATATTCCAAGCATTGTCAATTGCGATAACATAAATTTCACTTGTATTTTCACCTGCAGGAATAGTAAAGGAGTTCTGTGTAGGTGAGACAATAGCAAAACCACTTGTCCACTCAATATCAAATCCCCAAATGCCTGAAGAAGGCTCTGAGTCTAATGCACTCCATGTAACAGTAACAGATCCATCTGGATTTGTTGTTGTAGTCCAACTTGTTGATGGTGCAACTCTATCAAGTGAAACGGGGAAGTCAACTATATGTGGTGCATCATAATTTGCCTTATTAAACATCTTTTGTGGTGTAGCTTTTATTACAAGGTGGTATTTTCCGTCAGGCACAGAATTTCCATTTGCATCTGTTCCATCCCACCAGAAAGGTTGCCCAGTCCATGGATTGGCAAAGTACCATAACCACCCATCAAGCGCATAATAAGGGTCTTTATACATCCAATCAACAGAATCAATTGTCTTTACAAGATTGTTAGAATTATCTCTTATCTCAATTGTCACATTTTGAGCATTTCTAAGCAAACCAAAGTTTGCTTCAAGATAATAAGAATTAGTATTAACTGCTATTGCATTTCTGTCAGGATTTCCATAAAAATCAATACCTGTAAAATACCAATGGCTACCATCTGTAAATTCAGGCCATGTATCAAAATAACTCTCGCCATACCACCACCAAATAAGGTTATATGGATCATCTGCGGGTGGGTCAATTATTGGATTAAAGTCCCAAGCGTTTTCATCTGTAAACTGATTCCACTTACCAAGCACACCCATATAAGGCATATGGAGCTCAGGAAGAGTTGGATCTGTTGGCACAAATTTTATGAATCCCTCAACATAATTCACATAGTAGTCAAGTATATAACCGTAAAAGTAAAGGGTTTGCTGCGTGCAATTTGTTGCATCAATTGTTATCGTAACAAATGCAACACCATTTGCAGGAACCGTAACTGTTGAAGGACTTGCGGAAATTGTTGCACCAGGTAATACTCTTGCTCTCATTACATAATCAACTGTCTGGACATAACCTGGATTAACTGTATATGTAGCAGGTGTAGATGTTGTATTTCTCAATCTTAAGGTAAAGGAAATTGGTTGATTTTTGTAATTTGTTTGTTCTCCTAATGCAACATAGGGAAGTTCCGTTGGCATTGGTATTTCACCTTTAGGGCTAAAATGCGTTACAAGAACCGGAGTTTTCACAGCAGACTTTACATCTACCCTTCCTGCGCCAACAAGGTGAGGTGAATAGTAAACGCCCGTTGAAGGATCTGTTATCAATTT
AP012051.1_gap33	1557603	1558103	500	CATATATAACTTCCTTATTGTAATTTTTAGAATTAGCATATTCTTTTAACCTATTAATTTGATTTTCCAAATATTTTTCTTGTTTTTTAGTAGATACTCTTGCGTAAAGGATAGTATCTTTTTCTATATCATAGATAGCCTTTTCTTGTGTTAAAGATAGAAGTTTTTCTATATCATCTTTTAAATATCTTCTATGTCCCCCAGGAGTTTTTATAGGATTGATTAGCTTTTGTTTTTCCCAACTTAAAATAGTCCCTTTACTTATCCCATAAATTTCTTTTAAGTTTTGCATAGTTAGTAGCTTTCTATTCTCCATATTTAACAGCAAATAATTTTGTATACTTTTTGTCAACTGTTTCAAGCCTCCTTTCAAATTCATCTTTTAAATTATAAATAAAATTGTTCATTAATAAAAACATTCTTTGAACATTTTTTACAATAAATTATTACTTTCACGCTCACTTTTTTATTTGTGGAAAACTTTCATATAATACTTTTGT
