gap_id	start	end	length	sequence
AP024681.1_gap1	49750	50287	537	TCATCGAATTTGGATCTTCAGGAAATCTTGCTGAACCTATAACTAATCGTTTATTTTGAATTTTACCTCTTATCCATAAATTATCTTCAATAAAAATAACACTGTTTGTTGGGTAATTAAATGTGCCTAAAAATTGTCTGTTAGCAATACTCCAAGTGCTTTGATTATAGCGCGTATTAACACTTGAACAAGCAGGATTAAAAACAACAGAATCGCACATTTGACAACCAGAAGGAGGATTTGTTAATGAATTTACTCTATATAAATCGAAATTATTTTCTTTTAAAACAATTTCATAACCAAAGTAATTATTTCCTGAAAAACCTCTATAAAAACCATTTTGTTGGGCTAATGTTTTTAAATCAGCTAAATTAGCGCTAATGCCATTAAAATTAACTCCTGGAACTCCAACTAATCTCCCAGCTTTAAAAACATCATCTCTTTGAGGAATATTTTGAGGATCAGGATTGCTGCCAGGACAAGGATCTTGCGGAGAAAGATGAGTATGCACAGCCCATTCATAACAACCAGTATGAT
AP024681.1_gap2	51790	56450	4660	TATTAGCAGCTATTTGATATTTAATTACTGTTCCTGGTGGCATTGTTCCATCCCACATAAAAATATGATAATTAACAGATGTTGTGCCAAAATCAATTGTATTAGAAATTAACCATTCTGTTGCTGTTGAATAACCGTTACCTAAATTCTTTAAAGTAATTTTACCGCTAGCATTAATATCAATACCACTGCTAATCGCACTAAAATTATTTAACCAATTGTTATTGAAAATATAATCGCCACCCGTAAAATTAATCATTGTTATGCTATTCTGCGTTAAAGTAACGGTTGCCTTATTAAGAGGATTTTGATTTTGATCAACAACTTTAATTATCAAATTATTAGGTAAATTATCAGCAAGACCACTTTTAAAAACATAATTCCCTCCAGGATTAATTGCTATTTTATTCAACCAATCAAAATTAGCGCCTCTTATAATATAATTAGAAGTTCCTAAATCGAATTTGTAACTATCCCATTCTAAATTTAAATTTTTATAACCAAAATTATCAGTAGTAGTTACAATATCTGTCTTAATAACATCGGGATTTCTAGCAATTAATTTATCGCCTCTAAGACGGAATGGTAAATTAGCACTGCTAGTGCCACATAATTTATCAGAAAAATAAAAATTAGTGTTACTTAATCTATCAATTTGCAAAGTCAATTCTGTTAATTGATTAGAAGCAACGGTCTGATGTGGCAAAATAGGATTAGTAATATCATTAGGAGAATAAGTTTGATCAACAGAATATCCATCTTTAGTAGTTGTCACGGCATAGGCATTTAAACCTGGAGGTACGTCAACTAAAGGAAGCACACCATCAACGCTTGATTTATCATTAACCACAAAAGGCGAAGAAGAAATAAAAGTAACCTTAATATCAGCATTAGCAACAGGCATACCGTAAGCATCTATAACTTTAACAAATAAAGATCCGTTATTAGTTGATACTTCTAAAGCTTTGGGAGCAATAATTGTCGTTAAACTTTGTTTATTAAATTTGTAAAAACAATTTAGACATTCGCCTTCTATTTCTATTAATTTATAATCAGCCGGCGCAGAATCGCGCGGCGTCGAAGTAACAGTGCCATCACGCGGATCATCAATATTGCGCACGAAAAATTTAAGCCTAAAATTTACATTATTAACAGAAACTATTTTTTCTGCCGGTAAATTGCCAGGCGGAAAACCTCCTTGAATACCAATATTTTCATAATTCATAACCTTTATTCTTTCTATTTCGTTTTGCATAATTCTATACAATTGCGATATTAACTTACTATTCAAAAAAGATTTATTTAAATTAATAAGCGTACCAAAAATTAAACCGCTTACAATTCCTAAAAGAATCACTGCTAATAAAATTTCAATAAGAGCGAAACCTTTCATCTTACTGCGAAATTTTATCTGATATTTCATAAATAGGTGTAATAATAGCAATAGCCATAAAACCAACTATAGCAGCAATTGTGAATAAAATAATAGGTTCTAACATATGCAACAATCTATCTATTTCAATCTCTATTTCTTGTTCATAATTTTGTGTTAAATAATTTAAAGTATTTGATAAATTGCCTGTTTTTTCCCCAATATTTATCATCTTAATAAAATTATAAGGAAATAAGGATGTGTTTGTATTTAAAAATTCTTCCAAAGGATGTCCTTGAGCTATAAATTCGCTTGCTCGGAGAATACTTTTTTTGAAAACTTCATTGCTTAAAGTCTCGCTTGTTAATTGTAAAGCTTCAACAATAGGCATACCACTATTTAAAAGAAGTCCAAAAGTTCTACATAAAGAAGCTAAGTTAAATTTTTTTACTATTTTTCCTAAAATTGGCAAATGCAAGATAAAAATATGGAAACCATAACGAATTTTATAAAATTTTTTTACTAAAAATATCATCAAAATAACCATTGCTATCATAGCAATTAGCAAATATAAACCGTAATTCAAAATAAAAGTACTTACTTGAAAAAAAATTCTTGTCATTAAAGGCAATTCAATATTTAAACTTTCAAACATTGGCAATAAACGAGGAAAAAGAAAATAAATAATAATAATGATAATAACAAACATTATGCCTATGATAAAAGCAGGATAAATCATAGCATTAATGATCTTGCTTTTTAACCTATCTGCTTTTTCTAATTCTATAGCCAATTTATCGCAATTTTCTACTAACTTTCCGCTTACTTCACCAATTCTTATTAATGATATAAAAAAATTGCCTAATTGTTTTGAAAATTTAGCAAGAGAATTATATAAAAACTGTCCCTTGTCAACATCACTGATAATATTATTAATAAGAAATTTTAAAGATTTAGATTCTGAACTTTCTTTTAAAATAACTAACGACTCTGATAAACTAATACCACTTTTTAATAACAAAGCTAAATTACGAGAGAAAAATATTCTATCCTTATTTTTAATTCTAAAAAAAAATGGTTTTTTAATAGAGTTTAAATCTTTATTCATGACTAACCCTTAATACTTCTTCTATGGTTGTAATACCATCAATAACTTTAAAAATACCATCTTCAATCATTGTGCTCATACCTGCTTTGATAGCTTCTTGTTTTAAAATATCAGAACTTACTTTTTGAAGAATTAAATTTTTGATTGTTTCATTGATAACTAATGTTTCATAAATTCCTGTTCTACCAATATAGCCAGTTTTATTACATACTTCGCAACCTTTTCCATAAAAAACACTGGAAACTTTTAAAAATTTCGCTTTACTTCGAGTTGGCAATAAATCAATTAAGGACTGAATTTCAACATCTTTTAAGGAACGTTCTTGCTTGCATTTATCGCATATTTTTCTTACCAATCTTTGTCCTATAATAATATTCACAGTTGAAGTAATTAAGTATGGTTCTATACCTAATTCTATTAATCTAATAACAGCGCTTGGTGCATCGTTAGTGTGTAGTGTCGAAAGTAATAAATGCCCAGTAAGAGCTGCATTAACGCTAATTTCTGCAGTTTCTTGATCACGAATTTCGCCTACCATAATAATATCTGGATCTTGACGTAAAATAGTGCGCAAACCTTTGCTAAAAGTTAGATTTGTTTGTAAATTAACTTGAGTTTGGGTTATACCTTCAATAGCGTATTCAATAGGATCTTCAATGGTTATAATATGCACTCCTTCGGTATTTAAAACATTTAAAATTGTATAAAGCATTGTTGTTTTGCCTGAACCAGTTGGACCAGTAGCTAAAATCATACCATAAGGCTTTTTAATAGCTCTTTTAATTTTAGTTAAATCTTTAGATGATAAACCTAATTTATCTAAAGAGAATAAAGCACCGGGACTAACTAATAATCTTAAAATAGCATTTTCTCCATAATAGGTAGGCATAATTGATATTCTAACGTCAAAAAACTTTTTATCTTCATAATAAAATCTAAATCTTCCATCTTGAGCAGCAAAATGTTCGTCTATCCGCAAATTAGAGATAATTTTTAAACGAGATATAACTTCATCTTGTAAAGGTTTTGCTATTTCAAAAATATTATGGGTTATACCATCAATTCGAAATCTTACCAACAAACAACTTTCTTTAGGTTGAAAATGAATATCCGAAGCTCTTAATTGGTAAGCATAAATAATAATATTATTAACAATATCAACAATCGATGCTTTTTCTAAAGGTTTTTTAATTTCTTCTTCTATAATATTTTTTAAATTATTTTTAGCTTCACTCATTGAATATTTCTGTAGACAAACGATCAAAAATTAATTGCGGATTATGATAAAAAGATTTAAGATTCTCTCTAATAACTTGAAAAATATCATCAAATTCCGTTGGTAATTTTTTATGACGATAAGGATTAGCCAACGATAAAATTTGTTGATTAATATAAGGATGCCATTTATTCAACTCTTTTAATTTTGCTGCTATATTTTTAATAATATTATAAGTATCAATAACTATAGTTGCTCGTTGCTCTCTTATTTTGATTGCTTCTTCTAATTTTTCATCTAAAAACAAATCGCATTTTTTTAAAATTGGTTCAAAAATACTGCCCGCTATATTTTCGTATTGTTCATAAACTAATCCTAAAGTAACATAATAGGCTTGCTCGATTGAATCTATCAAAGCAGAATTAGATTCCATTATTTCAGGTTGATTATCCAAATATTGACGATAAATATTAAGAGCAACATAAGCTTTTTCACGAATATTCAACTCTTTCTCAATATTAAAATTCATCATTAAACGTGCTAATTCTTGAGGAATAATAACTGCTGGCAATTCACGAATGCCCAATTCTTTTGCAGCTAAATATCGATGCTGACCATCAACAATAGTATAATTCCCCTCGCTCTCTTCAACAACAATTACCGGAACAATAAAACCAATTCTTTCAATCGATGAAGATAAATGTTTAATATGATGCAAACTCGGTTTTCTTTGGAAAGATATTACTTGCAATCGATCAATAGGAATAATAGCAAATTCTAACTTATTCCCTAAATAAGGATCCTTAAAAATCATTTGAATATGTTTTTTTCTGATCATTAGAAGCGGAGGGGGTGGGATTCGAACCCACGAGTCCGTTATTCACGGACGCAGTTTAGCAAACTGCTGCCTTAACCACTAGGCTACCCCTCCATTTTCCCTAATCTTACTTAAATTATATCTTAA
AP024681.1_gap3	117588	120494	2906	TCCATTGAAGGTAGCCAAATATGGCTATAAAAATATACTTATTTTTACTTTGCCAAAGTTTTCGTAAATAAATTCTTTCTCGGCGATAATTTTTTTCATTTTTGTGCTAATGGCTGTTTTAGTTCTTGCTAAAATATTTTTCATCCTTTGTTGCAAAATATTCATTAATAAACCGCTAGCTTCAATATTTAAAAAAACAACTTCTTTAGGTGTTAATTCAGCATCTTGTCGTAAATCTTGAATAAAACGAACAAAGTCATTTTCAATACCTATAATTTTTAAATCATCGGTAATAGTAAAATCAATTTTAATTTTTTCTTGTTGCTTAACATCAATTTTAATATCAACAACATTAATTTCTTCTTTCAAAATATCAAGCAATTCTTCTGAAAACTTAGTATTTAAAGTAACTAATTTTAACGGCTGTCGGACTTTTAAACCCTTTTCTTTACGTAAACGATGAACTTCAGCAGCAATTTCTCTTATTTTTTCCATTTCTTCTAATAATATTTTTTCTTTTAAAGTAAGTTTTAAAGGCAAGCTTAATCTTTCTAAATGAATGCTTTCTTTTAAAGAATAGCGTTTGTTTAAATCATTTTTAATTTCTTGATAAAAATATTCACTAACAAACGGTGTTAAAGGAGCTAACATTTTTAGCAATTGGAAGAAAAAAATCTCAAAATTAACCATTGCTGAAAAAAATTCATTCTTGTTTTTTGGATTTTGAAAGCGATCTCGTGATCGTCGTAACCACCAACGTGAAAAATCGCCTACTAATTCATAAATAACACGAGTTGCCTTATGCACATTAAAGTCAGTCATATAGTTATAATACCGAAGGTAACTTTCCTTAAATTTAGCTTCAAACCATAAATCAATAACTTCCTTTTTAGGTGAGCCTTTAAAGTTAAATTTTTGGTAACTATAATAAAATTTATAAAAATTAAAAATATTAAAAAGCAAACCAAAAAAATCATTTTTGATTTTTAACAATTCTTTCGCGTCAAAACTTTTATTATCATAGATTTCATTAAGATATAACAAATAAAATCTCAAGGGATCAGCTCCGTATTGATTAATAATTTCCATAGGATCAGTAACATTGCCCAAAGATTTTGACATTTTAATACCCTTTTCATCTAAAACAAGTCCGCTAACAATAACATTTTTATAGGGTGCTTGTTTTTTAATTATTGAGCTAATCACCAATAAAGTATAAAACCAACCTCGCGTTTGATCAATGCCTTCAATAATAAAATCTAAAGGAAATATTTTGTTGCTATCTATTTCACTTTTATTGGCAAAAGGATAATTATTGGCTGCAAAGGGAACGCAACCTGAATCAAACCAAATATCAGCAATTTCACTAATCCTCTCGTAAACTCCTCCACATTGACATTGCCATTTTATATTATCTACAAAAGGACGATGTAAATCTAGCTCGCCTTCCTTATTACGAGGATAGGTAATAAATTTAACATTCCTTACTTCAGCTGTTTTATATTCTTTTAAATCCTGCCTACGTATTGTTTTTAAATTTAAACCTTTCATTTCAGCTTCGAGCATCATTAATACAGCGCCATGGGAAACAATCAAAATATTTTTGTTCTTATGTTTAGCTTCCAGCTCTAATAAAAAGTTTATTGCGCGACGACGAACATCGTCAAAACTTTCACCATTGGGAAGCTTTTTAAAAAAATCTTTTTTATCTTCTAATCGATCTAACAAATATTCTTCTAAATCTCGAGAACTTTTACCCTGAAAAAAACCAAGATCTAACTCTCGCAAACGCTCATCAACAAAAAATGGTTTTTTAATTTCGTCGGCTATAATCATTGCTGTCTGTTTAGTTCTTAAAACAGGCGAAGTATAAATAATATCAATTTTGTTTTTTAAATTTTTAGCTTGTTTTTTAACATCGCTAACTCCTTTCCTCGTCAACGGATTAAAAAATAACTCAGGATAAGAGGAAAGCATATTTTTAACAAGAGACAAAGAACCACCATGTCTCATTAAGTAATAATTATTGTTGGCTGCTGGTAAAAATTTAGCCAAATCATTTAAACTACCTATAACTTCAATCTTTTGACATTGATGACAACGCCAAATAGGCAAAGGTATGCCCCAAAATCTTGTTCTTGATAAATTCCAATCTTTACCTTCTTTAATCCATTCATAAAAACGATTATAAGCGCTCACAGGAATCCATTTGACAATTTTATTATTATTAACAATATCTTTTTTAATTTTAGAAACTTTAATTACCCACGATCTGTTGGCTTTATAAATTAAAGGCTTTTTGCAACGCCAACAATGGGGATAATTATGTTCATAAGTTTCTTCTTTAAATAACAGATTCAATTTTTTTAGAGAATCTAAAATTAAACGATCGCTGTCTTTAAACAATAAACTCTTTGTTTTAATAACCAATTCCTCATTATTGCTATTTTGATTTTTATTAATTTTTATATCAATCACAAATTGACCCTGATCATTAAGATAATCAAGCATACCTAAATTGTTTTCTAAACCTAATTTAAAGTCCTCTTCTCCATAAGCTGGCGCTATATGAACAATACCCGTACCCTCACCTTCAACGACAAAATCACCTTTATAAACTTTATATAAATTGCTTACCTTTTGAATGTCTTTATAAAATTTATTATTAGTGTCATCAATTTTATCATTAAGCAAATCAAATAATGGTTTATAGCGTCTACCAATTAAATCTTTACCTCTTTTTTTACGAATAATAGGATAATCAAATTTTTTATGTGACCAAATCAAACCATTGTCAGTTTTATGCAAAAAATAATCAAAATCAGCATTAACAGCTAAAGCAAGGTTGCCCGGCAATGTCCACGGCGTTGTTGTCCATACTAATAAATATTCTTTATTATTTGTTC
AP024681.1_gap4	131671	136579	4908	TTAGAGTATTTAAAGAGCGAAGGCAGAAAAATGACTGCTGAAAAACTTAAAACTGCTTTATCTTTTGGTGATATAAGCGAAAATGCTGAATATGACGAAGCAACAGCGCTTAAAGAAAGACTAGAAAAACGTATTCTCGAATTAGAACATATAATCAGATCAGCAAAAATAATAAAAGATGTTAAAAATAAAGACCGAATTTTCCCAGGCTCAACATTTGAATTATTAGATCTCTCCACAAATAAAAAATACACTTTCACTTTAGTTGGATTTGGCGATGCTGACCCACAAAAAAAACAAATCTCAGCTGAATCACCATTGGGCAAAGAATTGTTAAATAAAAAAGTTGGCGATATTATTAAAGTTAAAACTCCTAAAAAAGAAATTAATTATAAAATAACAAAAATTATAAAATAACTATTTTCTCTCAACAAAAGATAATTTAATTGTTTCTGGATCAATAAACTCTATTTCTCCACCTAAAGGAATACCCCGAGCTAAAAAAGTAAATTTTAATTTAGGAAACTTTTTAACAAGAATGTTTAAATGTTTGATTGTTGGTAAAGCTTCACGAGTATAAGGTAAAGCGATAATTATTTCTTTGTATTGCTTAGTAGATAAACGCGACTCTAAAATTTTTAATCTTTCTCTAATAATACTTTTATTTTCAAATGGCAAAATTAAACCTCCTAAAATAAAATATTTACCTTGAAACACTTTAGCGCTTTCTAAAGTCAAAACATCAGTTTCGCGAGCTACAATCATCATAATATCATCACGACGATGACTATTGGCGCAAATATTACATAATTCATTAATAGAAGGAAAAAAACAATTCTGACAAAATTGGATCTCGCTTAAAGTCACATTTATATTTTCTAAAAATTTTTTCTTTGTTTTTTCATCCTGTTTAATTAACCAAAAAAATAATCGTAAAGCTTGACGTGAGCCTATTTCCGGAAAAGAATCAAAAAATTCTATTATTCTTTTAAATAAAGGAGGTAAGATTGATGACATTATTTAATTTAGCGTTTAGCATATTAATGAAATTCTATTTCTTCTGGTTGAGTTTCTAAAGTATAAAAAGAAGCTGTCTCAGCGTCAAAAAATAAATCAACACTACCGATAGGACCATTTCTATGTTTAGCAATGATTATATTAACTTGATTAGAAGGTAAAGCGGCGGCTGTTTCTTTAGGACGATGTATAAAAATAACTACATCCGCATCTTGTTCAATACTACCTGATTCTCTTAAATCAGATAAACGAGGAATTTGAGAAATTCTTTGTTCCGGTGCTCGCGATAATTGCGAAATAGCTAAAACAGGAGTTTCTAATTCCCTTGCTAATTCCTTTAAGCTTTTCGATATTTCACTAACTTCTTGAACTCGATTATCTATCATTTTGCTTGATCTTATTAACTGTAAATAATCAATCACTATTAATCCTAATTCGCCTATTTCATGCTTTAATTTTCTTGCCATTGTTCTAATCTGCAAATTATTAAGACTAGGACTATCGTCTATAAAAATCGGGACGTTTTTAAGTTTGTCAATAGCTTCATCAATTAACGCTAATTCATCAACATTACCTTCGCTGCTTAAACGTCCCGTACGTAAACGCCATAAACTAATACCTGCCTGCGAAGCAATTAAACGATCGGCTATCTGATCTTTAGACATTTCTAAAGAAAAAATGCCTACCGGGATATTTTCTTCAACAGCTAAATAACGTGCAATATTAAGCGCCAACGCTGTTTTACCTTGAGATGGCCTTGAGGCTAAAATAATTAAATCTGATTTTTGTAAACCTCCTAAATACTCGTCTAATTTAACAAAACCTGTAGGAATCCCTCTTAAAATAACTCCTTTTTGTAAATCATAAATTCTTTTACGACTGTCATCAAGTAAATTATTTAAAGGTATAAATTCATAAGGATACACTTTTTCAGCTATAGTAAATATATTTTTCTCAACCTCATCAATTAATTCTTCGGCATCTTTATTTTCATCGTCAACTAATTCTCTAATTTTTTGAGATAATTCTAATAAATCTTTTCTTGATTTCCTTGTTCGAATCAATTTAGCGTAAGAAACTATATTAACAACTGAAGGAGCTTTGTTAACCAAATTCACCAAATAACCATAACCTCCAATGTTGTCTAAAATTTTTTTCTCTTGCAAACGATTGCTGACAGTAATAATGTCTATGCCTATTCTTTTTTCAAATAATTCTAAAATAGCTTTATAAATTTCTTGATTTTCATTTTTTAAAAAATCCTCAGGCTTTAAAATGTCAGCAATTTTAATAATACCTTCATCATCTATTAACAGCGCTCCTAATAATGCTTCTTCTAAATCATCCAAAATATGGGCAAGTTTATTCAGGTTATTAAAAGAATTCATAATAATTAATTATATTACTAGTTTTATTAATAAATTATCTAAAAATTTTTTAAAAATAAAAAATCTGGAAAAAATGAGGATAAACTAATAATTAGTTTAAATTTAATTTAAAAAATAATCTTTATTATCAATAAAAGAAAAAAGCCATTAAAATATAATCTTAAAATAAAATTATAATAAGATTGCATCATTAATCAAAAATTGGCTAATATTAATTTTTATTAATAATTCTTTTGGATTGTTAAGTCGAAATTAAAATATAAAATTAATTTTTCTTTATTAATAATGACTCATCCTGAAAATATTAATCCTCCTAAAGACCACCTGGAAAATTCAAAAAATCAAGAAAAAGAATTTTCAGCAAGTCAAGAAATTAAACGCGGTCCCTATGCTCTTCAACTAAAAGTTATATATACACGTTACCTAGGATATTCTCTTAATATTCTTGGTATTCCTTATAAAACTTCCCAAGGATGGAATACAAAAGATGAAACTTATGAGCTCAAAACCGATGATGCTGAAAAAGCAAAAGAAATTTTTGAAAAAATAAAAAAATTCTTAGAAGAAACAGACAGCGATTGGAATGAATTATTTCCTGAAAAATTCAAATTTATTTTAGAAAAAACTATTAAGGAGATTATTAATAGTAAAACAAATAATTAGATTTTTAAAATTATTCTTGCTCATAATTTTATCACCGCCTTTATCTTGATAATTAAATTTAGCGCCATAAAATTATAAACATAAAAAAATTAAGCATATACCAAATAATCATAAAAACTTAATAATCCAAAAAATTTTTATTATTTAAAAGATAAAGTTATAATAATAAAAATAGTCCTCTTGTCTATTCAATATTAAAAATATTGCATTTATTGCTAAAAAAATATGTTTTAAAATATAGATAACAAAAATCAAATTGCAACCAATTGGTCAATAAATTAATTAATCCCTTATTTTGGCGCTTACTATCTCAAAACCTTAATAAAAATGTCAAAAAAAGTATTCTTTATAAGCACAATAATACTCTTATATACATTATTGGCAACAGCCGAAACAAACTATCAACAATTATCACTTTCTAATCAGTCTACGCCTCAAATCAAATTAGAAAATAAAAACGGCAACATTGAAATAAAATTAGAGATACCTGACGATTTAAAAGATTCAATCACAATAGATTATTTTGAAATTTATAGAAATAATTCACTAATTGTAACGACAACAACAAATGAATTCATAGATCAACTAAAACAAAATGGTCAATACAACTATAAATATATAATCCACGCTAAAAATAGATCCAACAATACAACTCTTACAATAACCAGTCCAGAAAAAACAATTGTTATTGAAAACTTAGCAACAACAACTACTACTAATAATACTTCAACCACCTCAACTACAAATATTTCTACTACTAATATTTCTTCTAATACTTCTTCAGCAACTACTTCTACAACTACTTCTAATAATTATAATACTTTTGTCACCAACAATATTATTTCAACAACCACCACAGGACGAAACACAGAGGAAACTGAAAATGAATTTAGCGTCGAAAATATAACCGCAAATAATTTATCAAATATTAATACCACCACAACAAAAATTACTCCTTCCCAAGAACAAAAGAAAATACCCGAAACACCACGCTCTCGTCTTGAACAACCTTTGCCTAAAACTACTGCAACTATTAAAGAAGCAGAAATAAAGAGTAGAAAGGAAACAAAAGAATCTGCTAAAGAAAAAGTAAAAGAGACGAAAGATGAAATTAATAAAATGTCACCAGTAAAAATAAAATTAACTGGTCAAACGTTAACAACTGAAGGAGAAATTTTAGGTAAAAGCAAAGTCTTCATTCAAACAGCAAAAGACATCTATGAAATTGAAACAAATCAAAACGGAGAATTTAACATTGAGATACCTGGTTGGCAAAATATTACTATCAATAGTGTTTATGCCAGAGATTCGTCTATTTATAAATCAAATATAATTAATCTTAACCTTACTGAGAGTGATCAAAATATTAATATTTATTTAGAAAAAGAAAAAATAGTTTTACCTCAACCAATAGAAAAAGCAATTGCAACTAATAAAGAAGAAAAAATAGTTCTTGATGATAATACAGAAATTACTATCCCCGCAACGGCAGTTACCACAACAAACATTATCAATGTTGATATTAAACCAACAATTGAGGTACCGCCAGTAACTAATTTTAGTTTCATCGATAAAGTCTATGACATAAAACTTAGAGATCAAAATAATAATGAAATTAAAAATCTTGATAAAGAAATAGAAATTAAAATAGAATATGATCCTCAAGTATTAAAAGAAAAAAATTTAAGTGAAGATGAAATTTTAATCGGTTATTTTGATGAAATAAATAAAATTTGGATTCCTTTAGAAAAGTATACTCTTGACAAAAAAAATAAAGTTATTATTGGTTATGTCCAACATTTAACCAAATTTGCAATCATTAGTTTTGTTGATCGCACTC
AP024681.1_gap5	143450	144201	751	CCGTTTCAGTGACGAAGACATCAATAAAACAATTGAAATTATTGACAAAAAAAGAAAGGCAAAAAATAAAAATGATTATTTAGCTGCGAGCAGTGAATTGAATATTAATCTTCAAAACAAAGGCATGATTATTGCTGCTTCAGCAACACTTACGCCACGCACAAAAAGAATTTTTCTTTTTAAAGAACTTTTAGGATTTGAAATCGGAAATTCCAATACTAATTTAAGAAATATTGAAGATTTATATCAAATAACCTCAACAAAAAAACTTTTAACCGAATCAGTAAAATGGATAAAAAAATTAGGACAAGGCGGATTCGTCTTCCTAAACAGCGACTTTTCCAAAGATGATATACCTATGTATCTAGAATTATTAAATAAAAACAATATTAAAGCTATATCTTATGAAAATTTTAATAATAAAAATAAAGAAAAATTTATTAATAATGAAATCCAAGTAATTGTTGGTTTTTCAAATGTACGTAATCCTTTAACACGAGGTATTGATATGCCACAAAAAATTCGTTACGCTTTATTTGTCGGCGTACCTAAATTTAGAATCCCCTTAAGAAGCTCTTACTCGCCTTTACATTTATTTCTTTTAGGCTTATCTCTTTACGAGTTATTTAAAAATAGCGAAGAAAATATTGCTATAGAAAGACATCTTAATTTTTTGAAAAAAATATCATTTATCAAAGAAGAAGATGTTTTAAACAATCCTCAATACAAAAACATTAAAGATAAAATCGAA
AP024681.1_gap6	239802	244489	4687	AATTTTCTAATCAATAAATATCCGAAGTTGTTACTGAGGAAGTGCGAAGCATTTCTAATAAAGGCTGCGGTAAGCTTTCAGATTTAGGAATATAAAATTTTGTGAAATCAAATTGTTCAACATTAGCTGGCGTTGTTTCTAAGGGTGGCTCGCGATTAAAACTATAAGAAGCAAAAATAAAATACAAAAAGAAAGAAACACTAATAAGCCATATGAAAATTTTATTAACCTTTCTAATGTCCATTGATTTATCTATATTATACGATAAAACAATCAATAAAAATTTAAATTTTAATCACTACTGGCAAAACCATTGGACGTCGTTTAGTCTTTTTAAATAAAAACTCAGCAATATCTTCTTTTAAACTATACCTTATTTGTTCTTCTTGTACAGCTGGCTTTTCTTCGCCAGAAAATCTAATATGTTTATCAACAATTTTTCTAATAAGGTTTCGAACTTCTTTTAATAATTCTTTTGATTCTCGTAAATAAACAAAGCCGCGGGAAATAATATCCGGACTTGTACGTAATTGGCCACTAGCTGAATCAATCGTCACAATTACCACAAAAATTCCATCATTGGCTAAATTCTGTCTATCTCGTAAAACAACTTCCTGAACATCACCAACACTTAAACCATCAACATAAACTATATTTGCCGGAACTTTTTCATTGCTAACAAAAACTTTATCCGGTAGAGCTTTGATAATCTGTCCATTTTGCGCTAAAAGAACTCTTTCTTTTGACATTCCAATATTAAGACATATTTCCTCAGTCGCCTTCATCATAAAATAATGGCCGTGAATTGGCATTACATATTCAGGCTTAACTAAATTGATTAACAATTTAATCTCATTAGAAAAAGCATGCCCTGAAGCATGAATATCCATCATTTGATAATGAAAAACATTAGCACCTTGTTTTTGTAAATCATCTTTCAACTCTTGAATAATTCTTTCATTGTTAGGAATAACTGAAGAAGAAAATATTACTGAATCGCCGGGAATAATTTTAAAATACTTATGCTCGCCGGCAGCAATGCGCATTAAGGCTGAACCTTCTTCAGCTTGTGAACCGGTACAAATTATTGTTACTTGATTAGGCGGCAAACGAAAACTATCTTCAGGCTTGATAAAAATACCCTTAGGAGTTTGAATGTATTTTAAAGCTTTGGCAACTTCTACATTTGTTTTCAAAGTTCTGCCGTCTAAAACAACCTTTCTTCCATAAATACCCGATAACCAAACGATTTGCTGAATTCTTTCTAATAAAGAAGCAAATGTAGCAGCGATAATTCTACCTTGAGCTTTGCGAAAAATAGTCTCTAAATTTTCCATAATTACCTTCTCGGAAGCAACAAAACCGCTTTGAAAAGCATTAGTAGAATCAACCATTAAAACACGCACTCCGCCCAATGACAGCTTAACAATCCGCGATAAATCTGCAGGTTTATCAAAAAAAGGAGAAAAATCTATTTTAAAATCACCAGTATGAATAATATTACCTACAGGCGTTTTAATCAAATAACCAATAGAATCAGGAATATTATGATTAACATGGAAATAATTAATAATAAAAGAACCAAGCTGAAAAAATCTAAATTTATCCTTTTTAATTTCGTGAATTTCTAGTTTAGGAGCATTAGGAAAATCTAATTGTCTCTTTAGAATAATTCCCTTAGCTAAAGGAGTGGCATAAATTGGAGGGTTGCCTATTCTTTCAATTAAATAAGGAATAGCGCCAATATGATCATAGTGTCCATGGGTAATTAAAATACCTAAAATTTTATCTTTGTTGTGTTCTAAATATTCGACATTAGGAATGGTAAAATCAATGCCCGGCATTTCTTCATAATAAGGATAACCTAAACCAAAATCAATAATAATAATCTCTTTATTGTTTAATTCCAAAGCCATCATATTTCTACCAACTTCTTCCAAACCTCCCAAAGGAATAATTTTTAATTCGCCTTCATATTGTTTTAACGGCATTTGAGTTTTTGCTTTCATAATTAATCAATAAACTAATAAATATAGAAAATTAATTAAATGACCGTCGATATATTTTAAAAAGGTGTGCCCCGGGTGAGATTTGAACTCACACGAGTAAAACTCGCAAGGCTCTGAACCTTGTGCGTCTGCCAATTCCGCCACCGGGGCAAAGTAAATTTAATACTCATTAAAATTCAAATCAATTATTCCGCCACTTAAATCAATAGTTACGGTTGCTTTTAAGTTTTTTCTTAATTCGCTACTTGTCAAATAACCATTAATATCAATTACTTTAGTTGTGCTATTTAACGAAACAACTGAATAGCGAAAATAATTTCCACTAGGCATAACAAAAATAGCATTAGTGGTAGCAAAATTTGGATTCTTGTTAATGTTATACAAAGAATAATTTAAACCGCTAAAAACTAACGATTTTAAAACGATATATTGATTAAACTCGCGGTTAAAATTTAAATTAACAATAGATAAATTCCCTAATATTATAATAAAAAAAATAATAAAAATCAATATTAAATTAACCAAAAGAAAAGTTATTTGTCCTTTCGTTTTTCTTTGAAAAAATCCTTTTAATAATTCGTTAATAAACATCATAAAAATTAAAAATTCGTTAAAATAATATTGTAATAATTAAAAAAATCGCTATTTTGTTTGCCAATTTCAATATCGCCGCTAACAGTTGAAGAAATAAATTGCCAATTAAATTTTCTAAAAATTAATCCTGGATTAGATATTAAGTTTATAGAAGAAATTTCAGGATTAGCTTCTGCTAAATACAATCTGCCTTTATCTTTATAAACAAGCAACCAACCAATAACATCATTCCAGGCATAACCCTGTAAGTCTAAATTATCTAAAGTTATTTTAAAATTAGTCGAACTACAAACATCTAAATCTTGACAATTAAAAGCAATCCAACCAATAACATCATTCCAAGCAAAACCACGAAACTCATTATTGCGATCTATGCAAACACCATAAACAACCGACTCGCCGGGACTAGATCTAAATTTTATCCAACCAATATTTGGCGACCAAGCATAACCAGATAAACTATATGTTGACGAAACTGTTGTTAGATTATTAATTGAACAATTAGAAGAACTTGAAGCAAAGACACCAAAGCCACCACCCTTAAGACTAATGCTACCAATGCTTAGATTAGACAAATAACCATAAAAATAATTATCGCTTTTATTTAAACGTGCTGTTTGTCCTAAAAAAATAATATTACTTGTTGTTCTTGAATCAAAAATCACTTCCCAATCAGTAAGAATATTTAAATTTTTTGCTTGCCAAGCTAAATTATTCATATTAAAAAAAATATTTTTTGCTTCGATGGCAGAAGAATTTTTATTATAAAAATCAACATAATATTTCAAAAAATGATTAAGGATATTAAAAATAAGAATAATAATAAAAGAAAAAATCAAAAAATACAACAAAATTTCTACTAAAGTAAAAGCCCGGGAGTTATTATTAAAACAGACATTTAGTTTATGTAAAAACTTATTGTGACGCATATTTTAGTTTAGCTATCAAAAAATTATCTGTAAATTTAAGATTTAAATATTCAACACTAATTGTAGTCATTTTTAAGTCGCTATTACCTCCATAATTACCTATTTGAAAACTAAAACGATAAAAACCGCCGCTACCAAGATTAACATTTTCTTGTCCATTCTTAATAAGCCATGAAGAGGTAGCTTTTTCAAAATAGTAGTTATTGCCAACAATTAAACTATTAATAACACTCCAGTTATTTTTTGATAAAGCTATAAGAATATTGCGATATTTCTCAAATCCAAAAATAGCTACATTTTCGTTTAAACTTTGATAATCGTAAGATTTTTGCAGAACTAACGAAAAATTAATAAAAAGGACTAAAATAATCGAAACCAAAAGCAAGGTGACTAAAATCTCAACTAAAAGTTGCCCATGGTTAAAATTCATTTATGTTTATTGGTTTCCATAGCCTGAACAATGTTTTGGCTAAGCTGTTGAGGAACATTTTCATAATGAGAAAATTCCATAACTACCGTACCTCTTCCTTGAGTAAGAGAACGAACAACGGTTACATAACCAAACATTTCTGCTAAAGGAGCAAAGGCTTTGATAACCTTGCTTAAACCACGATCAAAGACATCCTCAATTTTTGCTCTTCTTGATGATAAATCTGCGGTAATGTCACCTAAAAATTCAGCAGGCACAACAACTTCTAATTTCATAATCGGTTCTAATAAAATAAGATTAGCTTTTTTAACTGCTTCTTGTAGGGCTATTGAACCAGCAATTTTAAAAGCTATATCCGAAGAATCAACTTCGTGATAAGAACCATCAAATAGAGTTATTTTAATATCGCGAATAGGATAACCAGCTAAAACTCCTTTGTCTAAAGCTTCTTTAACTCCTTTCTCAACTGAAGGAATAAAATTATCAGGAATAATACCTCCTTTGATGCCATTAACAAATTCAAAACCACTACCTCGTGGCAATGGCTCTACTTTAAGCCAGACATGACCATATTGTCCGCGACCACCACTTTGTCTAATATACTTACCTTCAGCAACTGCTTCTTTGGTAATTGTCTCTAAATAAGCAACTTGTGGTTTGCCAACATTAACATTAACATTAAATTCCCTTTTTAAACGATCAACCTTAATATCTAAATGCAGCTC
AP024681.1_gap7	247477	251506	4029	CTAAATTACTTAAAGCGCTTAAAGATAACGCCTTTTCTATATTATAAGATAATTTAAAATAATTTGTTAATTTATTAATTATACCATTAAATTTATCAACATCAAAATTTTCTTGATTATTAACAACATTTCTTTGTAAGACTAATAGTTGATCATTTAAATTTTTTTGATAAATTAATATTTCTTCGTTTAATTTTTGATTAAAAAATAAAAACACGCCTGAAATAATCGCTAAAAGTAAACTGGCATAAACTAAAGTAAAAATAATTATTGAAGGCAATTTATTTAAAAAATAAGCAAAATAAGATTTTATCGGCAAAAAATCAATAAATTCTTGATCGCTGAAAACTTTTTCAAAAATTAAATAAGAACCCTCAATAATAATTTCAAGCGGCTTAATGTCTAAAAATAATGTCTGAAAATTTGTCTGAAAATTATCTAAACGGTAATCACTAATAAACAATATTTTCGTATCTGGCGCGATATTAGCTTTAAAAAAATTAATAAATTTATCAATAATAACATTTAAAGGTTGAGCTTCCAAATTAATTTCATCAATTAAAATTTTTTCAATTCTTAATTTTTTAATCAATAAAGATATTAAATTCTGTTTTTCAATAAAGAAAACAATATAGTCCTCATTAAAATCTACAAGAGTTTTATTTAAAAGATAGTAATAAATTGCTTCAGTGATAGGACTGATAAACAAAGGGATAAGATTATATTTTTCAACGATTGCTAACAAACTATCAATAATGTCTTTGGGAACAAAAACAACATTAAAATTAGAAACATTAACCGACAGTTGATAGCGATCTTCTTTGTAAAAAAACGTATATTTTTCTAAAGAAAGAGGCGATGAGACTTTTAAATAATTTATTATCGCTTCCCTTGGATTATTAGTGCGAGCTAAAGTAATTCTTTGAGTCAAAATATTAGGCAAATTAAGAATAATGCCCAGTGAAGATAATTTGTATTTAGAAATAAGAGAGACTAATCCTTTTTCTAAATTATCAAAAATTAACAATGAATCTTTAAAAATTGTGACTTCCAAATTTTCTATTTTAACAATATTTAATGATTGCTGTTTTTTTATAAAACGAATATAAGTAATTGAATTAATATTAACAATTAATAAATCGTAAAATTGTTTATTTAAAGAAAATATGTTCATTTTTTAAACCACTGTTCTATTTTAACAAATCTTGAAGAAGCGTCAAAAAGATAACTTTGATCAAAATTATAAAAATCTTTACTTATAAAATAAATATAATAAGGATTAACCAAAAAGATATTGGCTTTTAATTTTAAAATTAAATTTTCTAAATCAGCTAATTCTTGTGATAAATCAATGTTTGCTTCTTGAGTAAAACGTTGCAATTTTTCTTCAATAGCTAATGATTGGTGATTATTAATATTTAAACCCGCTGAAGAAAAGAATACTAAATTGGGCAAATGATCGAAAAAAATACCTGTTAACAAAGCTGAATACTTCTTTTCTGCTATTAATTTATTTAAGTTATTTTTATCTGTAAATTGTATTTTAATAAAATTAAATTTCTCTTGCAAATATCTTGCTATATCAGGATATAAATAAGAACTATCAACAGTTAAAATTAAAGTAGATGTATTTTTATAATCTTTAAAAGTAATAGCACTAGACATAGTACTTGTAACAGCTTGATCTTTGATGAGCAAAATTTTTCTTAATGAAGGCGAAAAAATTTTTGATGTAGCTTCGGCGTAGTCTTTAAAAACATTTTTAACAAGCTCTTGCCTGTTAATTGCTTTAGACAAATAATCAATAACTTCTTCATTAACTTGAGCTTTGTTAAAAAAAATGCCAACAACGCGAGGCATAATAATTTTATATATATTATAATCATAATGTATATTAGAGGGTAAAGAAAAATAATTCACGCCACCCAAACCATCTATCTCTTTTAAAACTAAAGCATCAAAAGCTTTCCGCACCGAAGAGTAACTATAAAAAACTATTTTATCTAAATAAGGTTGGGGTTGATATTGCAAGTTTCGCGTTAAAGTAAGAATAGTAATATCGTTTTTAGTTTCAATTTTTTCGAAAACAAAGGGACCACTGCTAACTTTTAAATCATTAAAAGATAATTGATTTAAAGAGTCAAAAGAAGCAAATTGTCTTGGAAAAATTCGGAAATTTTTTAAATTATAAAGAAAATAATTATCGTTATTTGGCAAAGTAAAGATTACTGTTTTTCTGTCAGGCATATTGATAGTAACCTTATCTAATAATAATCCCGGATTTGTCTTTTGTAAAAGATTAAAGCTAAATAAAAAATCGTCAATATCTATTAAAGCACCATCGCTCCAACGTAAATTATTTTTAAGATAAAAAGTGTAAGTCAACTTATCATTGCTAATTTTATAAGAATCAAAAAAACGAGATCTTATTTTGCCATTATCAAACTCAACAAAAGGAGGAAAAAGAATATTAAGAATTGATTTTTGAGTAATATTGTTTTCATTAATTTTAGCTAAATTTAAAGGCTCAACAGCTTCATAAATACCTTCGCGATAAATGCCGCCAGTTTTCGGATAAGGGCTTTCAGCAATTTTAATGCGAATTAAACCAATAACCGTAAAAATGATACCTAAAAATAACAATAATAACACAAAAATAAAAAATTTATCATTAGCAAAAAACAATTTGTGTAATTTAAGAAAATTAATTCTGAATAAAGATTTTAAAGGCTTCATAAAAATTGCATATAAAACAAATTAAACTATTTTATAAAATTGCAATAAAGAAAAAATAACAAATAAAAATATTAAAGCCCAGGTTAAAAAAAATAAATTTTTTTCTAAACCTCTTCTTTTTATTAAAAAAGATGTAGCAGGTCCAAAAAGTGCACTTGATTCTCCACCTCTCTGTTGCAAAATAATTAAAGCAACAATAATTCCTCCTATAATAATTTGCAAAAAATCAAAAAACATTTAAAAAATTAATACACTTAATATTTATTGATATCTTATTCTAAAGCAATTATATAAATTAATTTCTAAAATATTATACCATAAATTTACTTATACTGCTATATTTGCGTCAATATTTATATCAATATCAATGATATAATAAATTTAAAACAATGGAAGGGTGCCGGAGTGGTTTAACGGAACGGCCTGGAGAGCCGTGCTCTCGCAAGAGGGCTCGTGGGTTCGAATCCCACCCCTTCCGCCAATCAGTTCCGCCAATCAGTAAATATTAAACCTACTCCATTCTTTGCAAAAATTCGCCAGTTGATTTTAAAGTAAAAATTTAATTTTTTTTGTATTCGTATTTTTGTTAAAATCTATTGTAAACTTCAAAATTTGATATAATTAAAAATATGAAAATAAAATTAATTTTCTTATTTTTTCTTATAGGACTTATTCCAGTTGTTTTTCAAATACAAAATGTCAAAGCGCTTAGTTGTTTACGCTTAAGTTTTCCTATTCTTGGAATTGTTAGCGATATCTCAGTAAAAGGATCGGAAACAGAAATAGTTTTGGATAAATTTTATACATTCAATACGTCAGACATCGATAATGAGAAAATAATTAGCATTGACCGGTATGAAAATATTGTTAAAGAATATATAGAAAATAATTTTCAACTTCCTGAGAAGCCTTCGTTACAAGATAATGATCCGACAAGCAAAGATATAATTAATAAGGTTTTTATTCCTACTAATGCTTTTAAGCAAATACAAATTGATAAAAATGACATTATTATAAATGGACCTCCGTTTTATGTTTGTACTTACAGATTCACCGGAATATTTACAAAAGATGGAAAACTAAAAAGTGCAATAATAAATGACAACTATCAAGATTACTCCTATCGCAATAATAAACTAGAGGTAGAAGCTGGCAAGGAGCTTGAATGTTATGAGCATAATATATGTAAAATTGAAGTCAATTTTAAGCTAGATGATAAATCATTTAATTTGTCCCCACCTCAATTATACAAACCAACAGGAAGTTCAATTAAATCCATTTCTCTCTTAGACA
AP024681.1_gap8	336452	337073	621	GGCAAGATTTAAAAATTATTAGTCAAAACCCGGAAGTAGTTGAAGTGAAATTTTTAAAACCAGAAGAAACATATTTATTAATTAGTTACATAGACATTCAATTAGATAAACCTTATAAATTAAGAGTTATTCTTGATAGAACTCAAGATGTTATTGAAAGTCACAAAAAAACTGAGTTTGTTCAATTGGTAAGCCATAACTTGTTAACGCCTTTAAATGAAATCAGGTGGTTATTAGAATCAATTAACAAACAATCATTAAAAGATGATGACAAAAACGCTCTTAATTCGGCTTTGCAGGTTGTTAAAAGTACGGTTGTTTTTTCAGAATCAATTTTAACCTTTTTACGTAGTGAAAAGGGCCAATTAAAATTAAATTTGGAAGATGTTAATCTAACAGAATTGTTAATTAATATCTTTGATATTTTAAAAGGCAAAATAGAAGAAAAAAAACTAAAACACCAAATAGAAATTAGCGAAGGCGAAGATCATTTAACTTGCGATAAAGGATTAATGTTTTCAGCCTTATTTGCTTTAATAGAAAATGCTGTTGTTTATAATAAAGAAGGCGGAACAATTAATATCAGCATTGATAAAAATATTAAAGAGAATGCTCGGGAGA
AP024681.1_gap9	452020	456099	4079	ACCGATTAGAAGATTTTTAGAAGAAATTGATTTAGAACAATTGAAAGCCGATACTTTAAAAAAGATTTCTAAAGCATCTTCGAAAGAAAAACAATATTTATTCCTGAAATTAAAATTTATTAACGCTTTTATAAAACATAACCGTAGACCGGAATGGATGATTTTGACTGTTTTACCGGTTATTCCTCCAGATTTAAGACCTATTGTTCAATTAGCTGGAGGTCAGTATACATCTTCTGATTTGAATGATTTGTATCGTCGTATTATCAATCGTAATAACCGCTTGCGCAAATTATTAGATTTAAAAACGCCGGAAATTATTTTTAGAAATGAAAAAAGAATGTTGCAAGACGCTGTTGATTCTTTGATTGATTTGAATATGAAAAAAGATAAAATTACCATTGGTAGAAAAGTGATTAAATCTTTAGCTGATATTTTAAAAGGTAAAGAAGGTAGATTTAGGCAAAATTTATTAGGAAAAAGAGTTGACTATTCAGGTAGATCGGTTATAGTTATAGGACCAGAATTGCGTATTAATGAATGTGGTTTGCCTAAAAAAATAGCTTTTGAATTGTTTAAACCTTTTGTTATTCACGAACTTTTGAAAGCGGAGAAAGCTCAAACAACTAAACACGCCAAACATTTGATTGAAATCCAAGATCCTGAAGCTGTTGCCGCTCTTGAGAAGGCTGTCCAAAATAAATATGTTCTTTTAAACAGAGCGCCTACTTTGCATAAATTAGGTATTTTATCATTCAAACCTATTTTAATTGAAGGTTTGGCGATTCGCATTCCACCATTAGTTTGTGAAGGGTATAACGCTGATTTTGATGGTGATCAAATGGGTGTCTTTTTGTTATTGTCAGAAGAAGCACAAGAAGAAGCTCGCGAAATTCTTGACGCCGGAAAAAATTTATTAAGACCGGGCACTGGCGAACCAGTAGCAAAACCTCAACGTGATATTATAATAGGCCTTTATTATTTGACTTTAATCATAGAAGGCAGTAAAGGCGAGAATAAAAAAGTATATGACGCTGAAGAAGCTTTATATTTATATTCTCAGGGTTACCTTGATTTACATGCCAAAATTTTTGTTAAACATTTGAAAGGCGAAAAAGATGTTGAGACTTCGGTTGGTCGTATTATCTTTAATAATGTTTTGCCTTACGATTTTCCTTTTGTTAATCAAGTAATTAACAAAAAAGCTATCGGAAAAATTGTTTCTGATATTTTAGCTCGTTATGATCTTGATAAAACGGCAATTGTTTTAGATTCATTAAAAGAATTAGGATTTAAATATGTTACTTTATCTGGATTAACTTTAGGTATTGACGATTTAGTTGAGCCAAGCAATCTTCAAGAGGTGATTAAGGAAAATTTACAAAAGCAAAAAGTTTTAGAAGAAGCTTATGACAATGGATGGATTAGCGAGCTTGAGAAGAAAAATCAATTAGCTGAAATTTGGAATTTAGCCCGACACGAATTAGATAAAAATGTTCAATTATTAACCAAGCCAACAGATAATACAAGGTTAATGATTGATTCCGGCGGTAGAGGCTCTATTGGTCAATTATCACAAATGGTTGCGATTAAAGGTTTGGTTTCTAATCCTAAAGGTGAAATTATTGATTTACCAATTTTGTCTTCTTTCAAAAAAGGTTTAACGCCAGCTGAATATTTTATTAGTACCCATGGCGCTCGCAAGGGTGTTGCTGATAAGGCTTTGAAAACACCTAAATCTGGATACTTAACAAGACGTTTAGTAGACGCTCTTCATGATGTGATTATTCGTATTAATGATTGTGGTGATAATGATGGATTGATTATTGATAAAGAAGAATTGAAAAACGCTGGCGATGAATTCAAGGATCAAATTTATTCACGTATTTCTCTAGAAACTGTTAAAGATCAAAATGGCAATATTTTAGTTAACGAAGGAGATATTATTACTAAAGAGATAGCAGCAAAAATAGATAAAGCTGGCGTAACAAGGATTAAAGTAAGATCACCTTTTAGTTGTAAAGCTTTATACGGACTTTGCCAAAAGTGTTTTGGTTTAGATTTATCGAATGATAAATTAATTAAACTTGGCGAGGCAGTTGGTATTGTCGCTGCTCAATCAATAGGTGAGCCTGGCACTCAATTAACGATGCGAACTTTTCACTACGGCGGTGTTGTTGGCGCTATGGACATTACCACCGGTCTTTTAAGAGTAGAAGAAGTTTTAGAAGTTAGAACGCCTAAAAGTGAAGCCATTTTAAGTCCGGTCAAGGGTAAGGTAAAAGCCATAGAAGAAGCAGCTAAGTTTTTTGTTGTTTCTATTAAAACAAAAAATAATAAAATTATAAATTTGAAAATTTCTAAAAAGTTTAAACTATTAGTTAAAAAAGGAGATGCAGTTGTTAAAGGACAAGTTTTAAATGAAGGTATTGAAGATCCTAAAAAAATTTACAGGACAAGAGGTAAAATGGCTGCTTTTCAATATATGTTAAGTGAAGTTAAGCGTATTTATAATGAACAAGGAGCTTCAATTCATAACAAATATCTTGAGATTGTTATTAAAAAGATGTTTTCTCGGGTAAGGATAACTGATCCAGGAGATAGCGAATTTATTATTAACGAAGTTGTAGAAAAAGATATGTTTTGGGAAGAGAATTTAAAGTTAAAACGAATGGGTAAAAAACCAGCAAAAGGAATTTTAATGTTAATGGGTATTAAGAATATAGCTTCCAGCATCTATAGTTTTCTATCAGCTGCTTCTTTTCAAGAAACTTCTCGCGCTTTAGTAAGAGCAGCTTTAGAATGTCGCGAAGATACTTTACGAGGTGTTAAGGAAAATTTTATTATTGGTCGTAAACCAACAATAGGTAATGAATTTAGAAAATGGCTCAAAAAAAAGGATCAGGTACAGTTAAGTCAGGAAGGGATTCTATCAGCAAAAGATTAGGAGTAAAAATTTTTGGAGGACAAAAAGTTTATGCTGGTAATATTATTGTTAGACAAAGAGGCACAAAATTTTTACCGGGTCTTAATGTTAAAAAGGGAAGTGATGATACTTTATATGCTTTGAAAGATGGGATTGTTCGTTTTAAGACTTTGAGAAAAAAAACTTTTTCCGGTAGGAAAATATGGAAAAAGCGAGTTGATGTTATTGAAAACAATTAAAATATAGCTAGTGGACCTAGCCGGAATCGAACCGGCATCTTCGCTTTGCGATAGCGATGCTTTGCCATTAAGCTATAGGCCCCTTATGATAGTATTATACCATTTATGATACGGCAAGGGAAATTTTGAGCATAATTGTTGTGTTGTTTTTTTGATTATTTTTGGATTTATTTTTTTAATAAGAAGTTTATAAATTAATTCAGCAATTATTTCCATTTCTTTTTCTTCCATACCTCTAGCAGTAACCGCTGGCGTTCCTAATCTTATGCCTGAAGGATTAAAAGGCGAAATATCATTAGGCAAAGCATTTCTATTAGCTATGATGCCGCTTAATTCTAAAATTTTTTCTGCTTTTTTACCATCAATTTTTAATGGCTTGAGATCAATAATCATTAAATGATTCTCGGTACCTCCGCTATATAATCTGAATCCTCTATTGATTAACGATAAAGACAATTGTTTAGCATTTTTAATTATTTGTTTTTGATAGTTAAGAAATTGTTTTGTTGTCGCTTTTTTAAAAGTATAAGCTATAGCGGCAATTGTTTGCATATGCGGACCGCCTTGTAAGCCAGGGAATACAGAACGATTAATTTGTTTTTCTAAATCTTTTTTCATAAATATTACTGCACCGCGTGGGCCTTGAAGAGTTTTATGAGTAGTGGTAGTAACAATATCAGCATAGTGGAATGGTGAAGGATGAAGGTTAGCAATGATTAAGCCGGCAATATGAGAAATATCAGCTAGATGATAAGCTTTGATTTTTTTAGCAATTTTAGATATTTGCGAAAAATCAATAATGCGAGGATAGGCAGTTGTGCCGGAAATAATCAGTCGTGGTTTAAATTCATAAGCTAATTTTGCTATTTCGTTATAATCTATCTTTTCTGTTTGCAGGTTAAGACAATATTGTT
AP024681.1_gap10	458906	460945	2039	AGTTGTATGTAATATTGGCATTGCGAAAAAATTAGCACAATTATTGCCACTTGGAGTTATTAAAGGTTAAGCGTTGCGAGGGAATTTTCTATAAAATATTTGTTTGGTAATTTCCATTAAGCCTAAACATACTAAAACAATAATAAACATTTTTTTTATTAAGTCTTTGCCTAAAGGAGTGAATTGAAATATATCACGAAAGGGAGATAAATAAACAATAACGAAAGTCAGTATAATGGAGGCAAGAATAGTAATCACAAATAATCTTGACGGTTTGTCTTTAATAAACCAGTCTTTGGTGCGTACCGTAAAACATAAAATTATTCCTAAAATAGTCGTAGTCATAAAAATAAATGTTCTAATTACAGCAATATCTTGATCTTTTACAATTAAATACGCCGTGATATTAGCTAACATAGTTATAAAAGAAAGAATAATAATAAATATAAAAAAGCCAATTTTATAATTGCTAATGCTTTTTTTAATTTCTGTTGTTTTAACTTTATCATTTGCAAAAGATATAATCGGTATATCAGTTATAGCATTGGTTAATAAAATTTGCACAGGCGTTAAAGGAGTAAAATTAATGAAATTACTTAAAATTGATAAAGCAAACACATTTCCAAGATTGCCTACTAAAGTATGCTTTATATATTTAGCAATGTTTTGAATGCTTTTTCTACCGTAGTATATGCCTTTGACAATAGATGTTAAATCTTTATCTTTTAAAATAATATCGGCTTCTTGTTTAGCTATATCACTGGCATTTTCTACTACTAACGATACATTGGCTATTTTAAGAGCCATAATATCATTAATACCTTCGCCTAGAAAACCAACAAATTTTTTCTTTTGAAGAGTTTGAATAATTCTGAATTTACTTTCTGGTTTAATTCGCGCAAAGACTTTATGATGAAAAACAATATTTTCAAAAGTTTCGTCATCAAGATTATTTATATCTTCTTCAATAATTACTTTATCTTTGTCATTAATAATGCCTAACTCTAAAGCTGTTTTTTTAGCAACTTGAGGCGAATCTCCGGTTATTATTTTTATATCAACATTAAATTTTTTCGCCATAGCTATTGCTCGCAAAGCGCTTTTTTTAAGAGGATCTTCAAAACTGGCAATACCTATTAGCTGTTTATTGACAGCAAGAGCTAAAGTTCTTAATCCTTTAGCATCTTCTTGATAGAAAATTTTTTCCCATTTTGCTTTATGCTTAATTGTTGTTTGTTGGTTATATTTACTAAAACAAATTTTTATAATTTCTTCTGGCGCGCCTTTTATGATTTCTAGTATTTGATTTTTGTATTTTACTTTTATAATTTTTATTCTTTTTAAAGGATCAAAAGCAATATCTTGTATTAATTTATAAGAATGGTAATTAGCAACTTCGTTAATTAATCCAATATTTAAAGCGTCGAGAATTGCTTTTTGATAGGGTTCAATCTCGTCGTTAAAATAAATATCTATTAGAAAAAATTTAAGAAATTTTTTGCGGTTAGTGGTTATTAAATTTACAAATTTTAGGGCATTAGTAGTTACCGTGCCTGTTTTATCAGTGCACAATATTTCAATTCTGCCTAGATCTTCTATAGCTGATAAACGTTTAACAATTAATCCTTTTTTGCTTAAAATGATACTAGCAATAGTTAAAGATAAAACCGTCATTGAGGGTAATAACTCTGGCAAAGCAGCTATTAAAAGAGCGATTGAGAAGATTAATAATTCGTTAAAATTTAATTGATTAATGCCTAAAATATTAGCAATAAATAAAGTAGCGATAGCAATAAAAGCGCCATAAGTTATTTTTTTACCTAAATCAGACATTGTTTTTTCAAAGGCGGTAGTTTTTTCTATGTCAACTGTTTTTTTAATTAATGAGCCGAAATAAGTTTTTTTCCCCGTAGCAAAAACAATTCCTTCAATAGAGCCTTTTACTAAAGATGTGCCCATAAGAGCTATATTAGAAGGGAGAGTGCTTTTATTTAAAGAATCGTTAATTTGGTTTTCAGGCGTTTTAAAAATAAAATCAC
AP024681.1_gap11	469764	472299	2535	AATATAGGTATTGGCACAACCACGCCTCAGTACACTTTACATGTTATAGGTAGTGTTGCCGCTGATACAGTTTGCATTGCCGGTGATTGTCGTAATGAATGGCCCGTTGCGACCGATAGTGTTAGTGGCTCAGGCGCAGTGTCGCAAGTTGCTTTTTGGGTTGACACAAAAAGAATAAGCGGAGATTCTAATTTTATTTGGAATACTTCTTCTCATACTTTAGTTGTTAATGGTACAGTAAGTTCAACAAATTTAATTGGTGCTTTAGATGTTGGTTATGTGCAAGCAGGTGTTTTTGGTAGTAAAGTTGGGATTGGCGATTATACCTTTCCATCTAATTTAACTATTAATAATAATTTATATGTAACTAATACTATTTTAGCAATGGCAACTATTACGACTAATAAAGCTTTTTGCATAAATAATAGTTGCATAAACGCTTGGCCCGAAACAGACTATGTTAGAGGTACAGGAACAACGGATCGTTTAGTTAAATGGATTAATACTTCAACAGTAGGCAATTCAATTATCTATGAAAAAGACAACAAAATAGGTATTAACTATATTAATCCTGAAGCGACATTAGACATAAACGGTTCTTTGCAAGTGTTATCATTTATTATGCCTCCAGGCGCGCAAGATGATTATGTTTTAACTTCTGATGATTCTGGTAGGGGAACGTGGCAACCAAAAGCATCTTTACCTGTGGGTGCTTGCGTTTTAGCTAGTTCTACTGATGCTATACCTCCAAATTCTGGTTTTTATATTGATGCCAGCGTTGAAGTTATTCAGCAAAACACTGCTACGGGTACATATTATTATATTTTTTGCAAAACTCAATAATTTAAAAAATGAGTGTTAAAATAAAATTTATCTATATTTTTACTCTTTATTTAATTTTTCTGTTTCTGTTTTTTTTAGTTTTTTATACCATTACTCCATTAGAAAAAGTTCCAGCTCAATTAAGCTGTCCTTACGATGCCAAGAGATTAAAATTTGTTGGAGAATGGGGTTCGAATAATATAGTTATAACTACTAATAATGATAAATATTTATCAAAGTTAATATTTTTTCAAGCAAATAATAATCAAGTGGCAATTAATAAAAGCATATCTTTAGCTAATAAAAATTTAGATATCATTGGCACTTTAGCTTTAACAGGTAATCTATGTCTTAATGGTGTGTGTCGTTCTGGTTTAAACGAAGTTCGTGGTTTAATTGGCGAGGGAGTTACAGGTTCAGTTGCTTTTTGGGTTGCTAATGATGAAATTCGAGGTGATTTTAATTTTATTTGGCAAACTTCAACAAGAAATTTGATAATATCTAATCTTGTTACTTCTACTCAGCTTAAAGGAACTTTAAAAGCTGACTATGTAAAAAGCGGTTCATTTTTAAATAATTTTTTTACTTTTCCGCGAAATTTGAGTATCGGCAATAATTTATATGTAACTAATACTATTTTAGCTAAAGCAACAATTACTTCTAATAGAGCTTTTTGCATAGGCACTGATTGCAAATCTTTCTGGCCCTGGTTATTGCAAAATTTTGTTCGTGGCAGTGGGACTATTAATTATATAGCTAAATGGATTAACCTTGATACCATTAGTAAGTCAATTGTTTATGAAAATAACAATAAAATAGGCATCAACACAACATCATTAATTAGCGATGTAAATGTTGCTGGGTCTTTAAAATTAAGATGTCTTTTTTCTCCGACAACTACTTGTTTTATTTTGCCAACAACAACTCAAAGGGGCTTTGTTTTAACTTCAGACAGTAGCGGCAAAGCTTACTGGTCTTCATTTAGCCCAATTCCTCGAAATACATTTATTTTAAGTTTATATCCTGATTTAGATAAAAAATATCCTAATAATTGGAAATATGCTAATGCTTATATTTTGTTAAAGTCTAAAGGTGCATGGCTTATACCAAGTTCTCAAAATTTTAAAGAACCAGATGATATATATGACAACATTGATCCTATTCGTTTAAGTCAAAAAAGAAGCAATGCAACCGGAGTTCTATATGATTATGCAATAAATAACATAAACATAAAAAGGATATATATATTTGGAGGTAATGGTGGTGTGTCAAGTGGTAATAATGCTTTAAATACTATTGAATATTTAGATTTAAATTCTAGTACATATCAATTTATTAGCAGTACTACTGTTTTGCCGCGGAAAATAACTGATTCAAGCGCTGTTTTTAATTCAAACAATGGAGATGTTTATATTATTGGTGGTCGCGATCATGATAGTCTTGACTCAGATCAGCATATTTCAAATTCTGTTGTTATATGTAAGTTAAACTCGCAGAATCAACAATTAACATGCGGTGAAGATACGAATATTATAAAGCCTATGAATTATCGCCGTAGATCTCATAAGGCTATTTTATATAATAATAAAATAATAGTTATTGGAGGGAAGGGTAGGCTTGCAAACGAACCTGATGCAAATAATAAAATTTTAAATACTATTGAATATTTAGATTTAACGTCTGCTTCAAGCCAGCGAATATGGAAAATTGCGT
AP024681.1_gap12	638482	642266	3784	CCTATAAATAAAAAATAGCTTTATCCTTATTGACTAATTTTATCCTTTGTATTTAAAAAATTAATTAGTTTATCTATAATTTTTTCTTGATAACTAACTAATTTTTTTCTTGCTGTTTCTAAATCAAAATAACCAGCTTTATCAACTTCAGGTATTTTAATAAATTTTTTTGATTTAGGTGGAAATTCGAGTTCAATTAAATTGCTTTTAACTTTAAAATCATCACCAAAATCTTTTTTTAAAACAAAAACATAAAGAATCTTATTTGAACTCCTAACTTCACCAAGATATTTAAGATTGTTTGTATCTTCTTTATTAAGCTTTAAACTAGTTTCTTCTTCAAACTCCCGAATAGCTGTTTCTTTTAAAATTTCTGGTTTTAAGTTTTGAGTTTTGAAATTTGAGATCTCACCTTTAGGCACACTCCAACAATTTTCATCTTTATTTTGCCAATAAGGACCACCAGGATGAACTAATAAAATTTCAATTTTGTTATTAATCTTTCTGTAAACCAAAACTCCTGCTGATTTTTTCATTTTAATTTAATTTTAACCTTGAGTTTTTATAATATAAAAACTTACTAGAAGTATTATAGTTTTTTAAATGAAATTATCTGTAATATAATTAAATTATGAAAAGTCAAATTTTAGTAGAAAATAAACCAAAAAAGATTAATAGCAATTCAGGAGAAAAAATATTAAAGATAAATATTAATAGAATATGCAACTGTCCTCAAAATAAACTTTCTTGTTTAGATGCTAAAACTTGGACTAAGTATCAAGTAGGTATTTGGGAATTTTTTTACGAAAAAAGGGATATTAGAGACAAAAATATTCACCCCGCTGTTTTTCCGATTGAATTACCAAAAAGATGTATAGAACTTTTTACTCATAAAGGAGAATTAGTTTTGGATCCTTTTGTTGGTATTGGCACAACATTAATAGCTGCTAAAGATTTAGAAAGAAATGCTATAGGCTTTGATTTGAATAAAAAATATGTAGAATTAGCAAACAAAAGAATAAATAAAGAAAAACAACTTTTTGATTCCAACACAAAACAAATCGCGATTTGCGATGATGCTTTTAATATAAATAAATATTTAGAAGAAAAAACAATTTCTTTATGCGTGACATCACCACCTTATGCAAATATGTTAAACAAACAAAGATTAAATAAAAGTTTTCGAAGTGATTTAAGAAAAAAGAAATATTATTTAGATATCCAACAATATTCACAAAATGAAAGAGATTTAGGCACCATGGAACCTAAAAAATACATTAAAGCGCTTCAAGAAATTTTTAAAAATATTTTACCACTTTTAAAAGCTAAAGCACATTGTGTGATTAATATTAACGATTTATGGGTAAACGATAAAAGAATACCACTTCATGTAATGGTGATAAAAGCAATGGAAGAAGTTGGTTATGAGTTAAGAAATATTATAATTTGGGATAAAAGAAAATTAGTTAATAAGGTAGGAATATTTGGTTGGCCAAGTAATTATATTACAATGGGAGCCACGTTTGAATATTTATTAGATTTTTGGAAGCCAGAATAGAAGATTAAAAAATTTTATTTAAATCATTGATTATTTCACTTAATCTTTTCACGTGAGGAAGAATATGTTCTGTTTTTCTAGCTATATAGACATAATCAAAAAAAGTAATAGTAGCTCTATATTGTGGTTCAAGTAGTTCTTTATAAAAATTAGTTGTAATGAAACCAAATTTTATTTCTTTTTCCGGTTTATAGTTAATATTATATTTTTCTTTTAAAAAATCACAATATTGAGCAATATCTAAAATTAATTTCCATCTATGAGATTGCCCAGCTCGTTCTCTTAGAGATGTTTTTAAGCTAAATATGATTATCGGCTTATCAGGTTTTTCACTAAAAGCCATTAAATCCATATCTGGTTTTAATATTTCGTTCCCGATTTTAATGGCAGCGTATTCTTTTATTAATGGATGATTTTTAGAAAGAGAAAGTTGCATACTAGATGGCAATTTGCCCAGCTCCTTTATCTTTAAAAGAGTATAATAAACTCCAAAAGGAAATAAACTTCCTACAATAGCAACCCGGGCTTGCTTGTAATCTTTATTTCTATTTTTAGCTATTTCAGTGCATTCTTTTTCACAGCTTTTTAAAATTTTATCAAAGTTATTTAAAATTTCTACCAAACTTTCGTAATTTTTACCTATTTTATCTATTCGTTTCTTTAAAATTTGTCGGTAAATAGATAATTTCATTTTAACTCAATTTTAACTCAATTTTAACATACCAACTCCTTGTCTTAAAATTTCAATTTTTCCATTTTTTAATTTAATTAAAGTTGATGGTTTACCAACAATTTTACCAGTATTGTAATAAACAACATTATTTCCAAAGTATTTTTTCGCTTCAGTTATTGTTTTTGCCGGTTCATAACCTTCCCAATTTGCTGAAGGAGCAACTAAAGGACCAGAAATTTTTAAAATGTTTCTTAACCATTTTGGTTTTGGCATTCTAAAAGCCAATGTTTTTGTACCCCGATGAAGGTATTTAAACTTTTTAATTTTGTTTTTATCACTAATATCTAAAATCACCGAAACCGGTCCCGGCCAAATCTTTTTGAGGAAAGTTTTTATATCACCTGCTCGAATGTTAACCGAATTATTTGGTTTTTCATTCGAGTAAGTTATTCGGTTATCATTCGTGTGATCTATTTGCGTTGAATTAACGTCAACGCCAAAAATTTTTAAATCATCAAAATCAGAAATCAAAGTAATCATTGGTTTTTGTGGCGATCTTTTTCTTAATTTATAAATTCTTTCTACTGTTTTTTTATTTAAAGCACTGCCGCAAATCCCATAAATTGTATCAGTTGGCATAACTGCAATTACGCCTTCTTTTAAAAGTAAAGCAAGTTTTTTCCAAGAATTTTTATAAGAACCAAAGTAACCGCCAATTGTATAATCATTTTTTATAATACGATGACAAGGGATTTTAGGGTTTTTATTTTTAGCTAAAATATTTCCTATAACTCGGTAAGCTTTTTTATTACCGGCTAATTTTGCTACTTCTTGATATGTTGAATATTTACCTGGTTTTATTTTTTTAATTATTCTTAGTACTTTATCTTTAAAATGCATATTCACTTTATTTCAGATCATTGTGAAAGTAAATAGTTTCTATTTTTTTATCTTTATATTTTAAGGTATGAATAAGAGGTTTTTTCTTGTTGCTAACATTGCTAACACATTTTCCTTTGCCAATATAAAAACCAATATGTTTATGACCATCTTTGCCAAATCCCCAAACAATTATAGCGCCTTTTTTTAAAGTATTGATTTGATACCAACCTGATTTTTCTAAATCTTCAACAGTACTTTTTACTGTTGAATGTATGTCATTAATTAGTCCTATTATCTTTAAAATTGTACTTACATAAAAAGCACAACTTAAACTGCCATTTTTATAAATATCTTTTGATTTGTTGTCAATAAAAAAATAAAGCGATCTAAAAAATTTTATTCCTAAACTATTTTTAATTAAGACAAAGAGAGATTTTTTCTTATTGATTTTATAAGCCATTTTAATTAAAATTATATCATATAAACGTTTAAAAAAATGAAAATTTATATCATTTTGCATAATATAAGAAGCTCTTATAATGTTGGAGCGATTTTTCGCACTGCTGATGCTGCTCAAGTTGATAAAATATATTTAACAGGTTACACTCCAACGCCAAAAACTAATCCTAAACAAATTCATAAATCAGCATTAGGCGCTGAAAATTTTGTGC
AP024681.1_gap13	646016	649004	2988	GCTTCTATTATTTTTAAAAATAGAATTTGTATATTAGGAGGAATGGATGTATTTTGGCAATGGAAAAATGATATTTGGTGTTCGGAGAATTTAAAATAATCATCACAAACATTACCCAATTAAAGTTTGTTTATGTTGCTAACAGGATATATAAAAAACAATGATTCGTTAAATTATTTTGTTTTTATTTATTTTTTATAATTGCTATTCAATTACTTATTGAAAAAACATAGGATATTGAGATATTATTATCTAAATTAAATAGTATGATATAATTAGGCTGATATGAAAAAATATTACGGAGTATTTTTTTTAATATTTGCAGTTGTTAGTTTAAATTTTTTGTTGAATTATCGTTTGATTGCTGATTTAATTTTAATTTCTATTATTGATCCCGACAATTATGATGTTTTAGGATTTATTTTAGATGATGATAATTTAATTTATCTTGTTTTTATTGTATTTAGTTTCTCTGTAGTTGATTTTATCTTTGCAAAAAATTATTTTAGTAAATTATTTATTAAAACTACTTTTCGTCAACAAGATAGTTTTTTAGGCAACCTATACATTCGTTCGCCTCCTTTTTAATAATATAGTTAGCAATAAAAATCTAATATTAGTTGGTCAATATTTAAAAGTTATAAACTAAGATGAAAAAATATTTTATTTTTGGACTTTTAGCTATTATTTTAGGTTCACAATTAATTTTTGCTAAAAGTTTAACATCAACAAAAATGAAACCAAACTACAATGCTTGCGTTAATTCAAAGATAAAACAGTTAACAAAAGAAATGACAAAGAAAAAACAAGATGCTTGGACTGAATTTAAAACAGCTAACAAAAAGGCAACTACTAGTCAAGCTAGAAGAGAAATTGAAAAAAATTATAATCAAAAAATTGTTGATATCAAAAGATGGTATAACCAAGAATTGAAGAATGTTAAAACAGAATGCAAAAGTTTACAGTCTTCGACTTCAACTTTAACAACAACAACTTCTAGTCAACAATAAGGTAAATAATTTAATTATAGTTTTCAAAGGTCGAGCCAGCGCCTTAAAAAGCGCTGGTTTTTATAATTTATATATTTTTGTTATAATTTAAAAAACAAATAATAATCAATATATAAAAATTAATTTTTAAGGTCATTATTAATAAATAATATCTTTATAAAAAATGAAAAAATATTTAACTTTTTTTATTTTGATAATCGTTTTTGTAGTCGGTCAATTAACTTTTGCTCAAAATTCAATCGAAGCAAGACGACGCCAAGTAATTAGAGATTTAGAAGGTAATGTTATGGTTTCAACAACAACACCAACAACTACTAGAAAAGTTATGCACGATTCTGCTATGACTGCTATTCGCAATTTTAAACGCGAAGGAAAAACAGATTATAATGCTTGTGTTGGTAGACAAGTTAAAGAATTAAGAAAAGAAATGAGAGCTAAGAGAAGAGAAGCTTCTAACGAATTTAACACAGAGTTCAAAGCAGCAACGACTGTTGAAGCAAAAAGAGAGGCGCGAATAAAACATAACCAAGCGATGAGAGAAATTCGTAGATTGTTTAATCAAGAATTAAGAAGAATTCAGCAAGAATGTCGACAACTAAACATTCCTCAACCTTCAACATCAACTTCATCGATTCCACCAACGACTTCAACTTCAACATCAAGGCAATCTCCTTCAGAGATTACAATAAAAATTACTAATTCAGGTTTTGAACCAAAAGAGGTTACTATAAGTAGAGGGACTAAGGTTACCTGGATTAACGAATCCGACAATTCTTCTTGGCCTGCATCAGCTGTTCATCCCACTCATAAAGTTTATCCTGGTTCTGGCATCGAAAAATGCGGTACGCCTGAACAAGTAAATATTTTTGATGCTTGCAAATCTTTAAGCAAAGGTGAAAGTTGGAGTTTTGTTTTTAATGAAATTGGCGAATGGTATTATCATGATCATGTTAATCCTTCTTTAAAAGGTGAAATCAATGTTGAATAAACTTAATTTCTAAAAAAATTTTAGCAAAATTTAATTTTCTTTATCTTAATCAGCAATCTTTTTGAATCTATTAGATTTTTTTGTTTTGTTGTTTTAATAATTTAGTTTTTTTAATATTAATTTTCTGTTAAAATTATAAATAAGTAAATAATAAATATTATGTTGTTAATAACGCTAATTTTTGTATGGATAATTTTAATTTTAGCATTTCTCTTATTTGTTTATTTATTTTTACACTTATTTGTAGAATTATTTTTTACATTATTTAAAAAATATGCTCCTTTTGTGCCAACGGTAACACTTATCTATCGTCAAGAATTTGAAGAGCTTTTTAAGTTTCTTGAAAGTCTTAATTTAGAAAATAAGAAATTTGTTGATCTTGGTTCTGGCGATGGCGTAGTGGTTAAAAAATTTGCAGAGAAAGGTTATCCGAGTTATGGCATTGAAGGCAACCCTTTTTTATTTTTTTTAAGCAAACTAGGAATAAAAAATAAAAATGCCTTTTTTATCAGAAGTGATTTTTTTAAAGAAGATTTGCGAAATTTCGGAATTGTATATGTTTATCAATTAACATCAATTAATCAAAAATTATTACCTAAACTACAAGAGGAACTTAAAAGCGGATCAATTATTATTGCTCATAAATTTCCATTTTTTGAATCTGAACAAATTAAATTAATTAAAAAAATTAATGGCAATACATTATTAATTTACCAAAAATTATGAAAATCTATTTTTTATTTATTTGTAGTTATTGATTAATGATTTTATTTAAATTTATTAAAGATTTTGTTTTAATTTAAAATAAATTTAAATAAAAAAAGGTCGCATTTAAATTACTTAATATTGCAATAGAAATAATGGAAAATAAAAATTTAAATATTTCTTTAGGTCTTTTAAGACTTTCTTTGGGATGGATATTTTTATGGGCATTTTTTGATAAACTTTTAGGTTTAGGATTTAGTACTTGTCGTGATACTCAAACAGGAA
AP024681.1_gap14	658593	661626	3033	AATTAAAGTAGCAATGATAACCGGTGATAAAAAAGAAGTTGCTGAAAAAGTTGCCAAGGAGTTAGGAATTGATGAGTATTTTGCTGAAGTTTTACCAGAAGATAAAGTTAATAAAGTTAAAGAACTTCAAAAAAGAAATTTAAAAGTAATGATGGTTGGCGATGGAATTAATGACGCTCCGGCATTGATGCAAGCTGATGTTGGTGTGGCAATTGGGGCAGGTACAAATGTGGCTATTGAATCAGCGGGAATAATTTTAGTCAGAAATGATCCAAGAGATATTGTTAAATTAATTGAGCTTTCAAGAAAAACTTATCGCAAAATGATTGAAAACCTCTTTTGGGCAACTGGCTATAATATTGTTGCTTTACCACTCGCAGCTGGGATTTTAGCTTTTAAAGGAATCTTTCTTTCCCCAGCTTTAGCTGCAATCTTTATGTCTCTTTCAACAGTAATTGTTGCTGTTAATGCGTTGGGGTTGAGAGGTTGATTTAACAAACTTGACAAGGTTTGTTTTTGTTGTGTATAATGTATTACAGCTAAATTAGAAAGTTGTTTGAATTCTAAGTAAATTATATTAAAGGTCGCTATTAAATAAAATTAAATAAATGAGGAAAATAATATTAAAAAATAATGATAAAAAAAGAATTGCTAGTATCTATTCGAGAGAACCAGAGTATACGCAAATAAGAAAGGTGAATTTGGTAGCTGGTCCATGTGACAATTCTAGCAATGGATGTACAGGTAGTTGCAATCATTCATCGGGTGCCATTCAACAACTCAAATAACGAATATACAAGTTACTTGCAATTACTTTTTAAAATAATTATATTTGTATAAATGTTAATTAAGGAAAGAAGGCTAGAGGGAATATCAAAAATTAAAATATATAAAAATACTAGATGGTATGATTTACCATTCATATGGCAATATGCGGCTTTTTTTTCTAATTTTAAAAAAAACAATATCTTTGGAGTAGGATCTTCATTGATTTCTCGAAAAATAGCTATTACTCGAGCTTTTTATGAGTTGCTAGAAAGATTTTCGCTTAGCTACCCTTCTCTTAATAAATTTTTAAGGCTCAGTTTTTCTGAAATAGACGAAGATAGAACAATACCGTACAATGTTTGGTTCAAGAAAAATGATGTTGAAAAAAACCAAAAAATAAATCCAAAATTAATTAAAAATATACCTTCTTTAGATGATAAATTATACTTTGCGTGGGGTTACAATTTAATTAATAGAGAAAAAGTTTTAATTCCTGCACAGTTAATCTATGTTCCTCCAAAAAGATTTATCGAAAAAATAATTCGTGAGTCAAATAGTACCGGGGCTGCTGCTGGTAAAAATTTAAAACAATGTTTGATTAAAGGTATTTTAGAAATTTTAGAAAGAGATGCGTTTATAAATTATTATTTAAACGAATTTTTTGGTGAAAGGATAGATCTTAGCAGATTTAAAAATATTAAATGCTTTATTAATAAATTTAGAAAATACCATTTAGAAATATATTCTTTTTATCTACCTTCCGATATAGAAATTTTTAATGTGGTGACTTTCTTAATAGATAAATCAGGCATGAGTCCAATTATAAATTGTGGTTCTGCCTCAGGGTTTGAGATCGAAAATTGTATTTTAAAAAGCCTTGAAGAATCTCTTCAGGTTTTAATGTGGATAAGATTACTTTCTTTAACTAAAAGAATTAGTACTATAGATCTTAACACTCTTGAGAACAGGGGATTTTTTTGGATGGATAATAAAAAATTGAAATTAATATATCAATGGGTAAATAAATCAAGAAAACCAAAACAACTTAATTCTTTAATTAAAAAGCTTAAAAATAACAAAAATAACCGTTTAAATTATCTTATTGAGCAAATTAAAAATCATAATTATAATATATATTATTCTGAAATTACTTCTGAAAAATTCAAAAAATTAAAAGTAAAAGTAATTAAAGTGATAATTCCTCAATTGCAATGGATATATTTAGGCGAAGATTTTAAATTTATTAATTGGGAACGAATTAAAAAGATCAGAGAAATTAACAATCTTAAACCTTTTGATGTAGATGCTAACAAATTAAATAAAGTGCCACATTTTTTTTTATAACTATTTATAACATCTAAATGAAAGAGAAATTAAGTTATGTAATATTAAAAAAATTAGCTTCAAATTATGAAAATGTCAACAATTTTGAATTTTTAAAATACTTTAAAAAATCCTCTATAGATAAATTCCATAAAACTATCAAAAATTATCCCGAAAGCTGGAAAAAAATTAATTTTAAAACATACGCAAGGTTCTCCAATGTTTTGCTTAATAAAAATTTTGGAAAGGATGAGCTTTTAAAAATTATTTTTAAAAGAAGAAGTGAGAGAAATTTTCAAAAATATCCTTTAAGTTTGAAAGAAATTTCTTATTTTCTCCTAGGAGCAACAATTACCAAGGTTTTTGATAATAATTTCGATTATAACTCATTTAGAGCTTATCCTTCGGCTGGAGCCCGTTACTCTCTTGAGGTATATTTATTTTTATTATCATCAAAAGATCTAAAAAGGGGCTTGTATCATTATAATGTAAGATTTCATTGTTTAGAGTATATGTGGGATTTTAAGAAAAAAGATTTAATAAAAATTTTTAATCAAAAATTTATTCTAAATAGTAGTTTAATAATTTTTATTACTTGTGTTATTAAAAGAATTTATCCTAAATATGGTGAAAGAAGCTTGAGATTGGCTCTATTAGAGGCAGGACATTTAGCTCAAAATTTTTTACTGTTAGCTACAAAATTAGGGCTGAAATCTTGTCCAGTGGGTGGTTTTAAAGAACAAAAAATTTTAGAAATTTTAGATATATCTCAGGAAGAACAAGAATTGCCCCTTTATTGTATAATAATAGGAAAATGACATTAGAAATGATTTTATCTAAAGAAAAAGGACCGTTGAGAGAACATATTTTTTGTGATATTAAGTTTTTGAGAATCGGCACTAAAGAACTAATTACAGAGAGCAAACTTATTGTTCGTTCAAA
AP024681.1_gap15	679936	680436	500	AATTGATAATTATCTCTAAAAAAGAATACCAAAAATTAAAGGAACAGTTGAAAGAGCTTTTTATTTTACTCAATTCTGTAGTTGAAGGAAACAAACTTTTAACTCAAAAGAAAACAAGAAGTTTCAAGGAGTTCTTGAGCTCATTAGAGAAAAGTAGATGAAAATAATTCGTTCTAATACTACTCCTCAATTTGAAAAAGATTTCTTAAGTTTACCGCGTAATATTCAATTAAAAGCAAAGAAGAAAATCCTACTTTTTGAAGAGAACTGTTTTAACCCGATACTTAAAACCCATAAGTTAAAAGGTGTTCTTAAATGTTTCTGGTCATTTTCAATAGATAAAAATTATAGAGTAATTTTTAAATTTGTTAATAAAAACGAGGTTATTTATTATAGAATAGGCTTGCACAAAATCTACAAAGAATTAGAAAATTATTAATAAGACATTTTATTTTTTTACTTTTATCTATGCGATAAAATAAAACTAATGAAAAAATCAT
