gap_id	start	end	length	sequence
AP024152.1_gap1	21552	23082	1530	GTTAACACGCCCAACGAGGCCATTTTCTCCTGGAAAACGAGCTGGGCTTGCATTTGATGCAGTTGCGCCAGCGTGCTACTCAATTCCAGATTTTTTTCCTGCAACTGCTCGGTGCGCTCTTCGACCTTGTTCTCCAATGTCCGGCTGTATTCTTCCAACTGTCGGTAAAGCAGGGCGTTTTCCAGTGAAATGGCGGCCTGTGAGGAGATAACCCGCAAAACTTCGAGTCGTTCGCGGGCAAAGGCTCCTGAGGCCAGATTGTTTTCCAGAAATAGGATGGCCACTAATTTCACCTGATGGATGATGGGCGCGCACAAAAGGGAGTGCGGTTTCCTGGACACGATGTAGGGATCGCTGCTAAACAAACTTGGTTCTGAGGCATCGTGCAACAACACGCTTTCACGGGTGCGGGCCACGTATTGAATGATGCTGACCGGCAACTCCTGACTATTTTCCACGGGTATCGATTGCATCACCCGAATCTCCCCTTCCTGAGTAGCGCTTTCTGCCTCAATGTACAGGTGCCCCTCCTTCTCTAAGATGAGAGCCCCCCGGCTGGCGCCTGCGTTTTCGAGGGTGTAACTCATCAAACGGCTCAACAAACGCTCCAGGTCAATTTCACCGGACAAAACCTGTGAGACCTTAATGACGGTCGCCAGATCGAGTCCGACGGAGTCGGTAGTGCCCAGCGCGTCCGTGTCCGCCTGAGTATCGGGAGTGGATGCCACTACGAGAGGTGGTAGCTCCTGCGGTACAGCAGGTGAGGGGGCCACCAAATCGGGATAGAGGCGCTCTAACTGCCGCACTTTGGCGAGGGCTCCCCACGCCTGATAGTGAAGGTGAGCATCCGTTAGATAGGTCTGTGCCAATCGCGGTCTGCCCGTATTCTGACAAAACAGGGCCGCCAGTTCGTTGGAGATAGCTACGTTCTGGGGGTCGCCGTTTTCGTGCGCGGCGGCGATGGCGCGATCATAAAGATCGAGAGCCTCCTGCTTTCGACCAAAGATGCGCGCGACCTCGGCTGCCACCAACAGGTATTTGTGCAGATAATTACCAGGGGCGTTATTCGCCCATTTCTTGAGCGCCTTTTGTTGAGTGCGTAACTTTTTGCGAGTCTGACGTTTTTCCTCATCCGAGGCAGTTGGGTAAAGCGCTGCTAGGGTGAGCGAAGAAAAATAGTTCTCGTCCGGGAGGTATCCCATGCCAACTAAAGGAACGAGGTTGCTTTCCGCTATGCGCGCCATCTTGAGGGCCAAATGGTAGTCGCCATAGATGTAAGCCAGACGGAGTTTGAGGATGTAATACCAGAGAACACCCGCTTCATTCTTTTTGTCCTGCAACTGCTGCACATGAATGGCTTCGTCAAAGCCTTCGCTATCTAGAGTGGCATGGTCACGAGTGCGGCCTTGCAAATTGCGACACATCTGGCGCGTGAGCAGCGTCATTCCCAGTTGATTGGGATCTTTAGTCCAATGCAGGAAGGGCAGATATTTCTCGACCTCCGCTTCCACCTCCGAGAGAGCAACGCCG
AP024152.1_gap2	150235	153182	2947	CACCACCTACGGAGAGGATCGCCTAAAACTGTCCTCAAATCAAGACAGTTCACTCTTCACTGCTGGCTAAGTTTATAGCCAGCGTCCCGACATTTTTCTGCTAATCGTTTACAAATACTAGCCCGAAGAAGATTCCAATGAAAACCATAAATACTCATTCCTGTAAAGCATTCACTCTTATCGAATTGCTTGTAGTCATCGCCATCATCGCAATCCTGGCAGCGATCCTCTTTCCCGTTTTTGCCAGAGCGCGCGAAAATGCGCGCAAGTCATCCTGCCAGTCCAATCTCAAACAAATTGGTCTGGGTATGTTGCAATATACGCAGGACTACGACGAGCAAACGTTGCCCATTCGCTCCGATACAGGTGTCACCGGCACACGCAACATTTGGTTTAGCCTAGTTCAGCCTTATGTCAAGAGCACGCAATTGTTTGTCTGTCCCAGCGATACCAATACGGGCAACATCGGCAGCTACTGGTTTCCATCGTCCATTTCCCCATTTCGTTCTAGCTATGCCTACAACGCCAACCTCAATGTCGCGAACAATTTGGCGCAGGGGCGAAATCTCGCGGAACTTCAAAACGTCGCCGGGACTGTGGCCGTTACCGATGCAGGAACGCATCCTGGAAATGGCACCAACCCACGCGATCCTTTGACGTGGTCAATCAAGAAAAGCGCATATATCTTGGATGACTGGGCAACCGGTGTTTATCCAGAGTCGCAGGTGGTCGTTCCAGATGGCACCGGAGATGGAAGCAGTGTTGGAGGTCCCCTCGCTCGTCATCTGGAAACTTGCAACGTACTGTTCGCCGATGGACACGTCAAAGCCTTGAGGATCGAAAAGTTCTATGACACGAGTGGCCCGACGAGTACAAGCCGCCATCCATGCCTTGATCCAGCCAAAGGCTGCTCGTAATTTTGAATCGCCTGGGCTTACTGGAAGCAACATGGGTAACGACTGGTCCGCATTCACCTTCGACACTGCCAATGGGGATAATTGCCGACAGCGAAGAATATTCCGCTTTCAAGATACCCTGATCTGCTGAAACGTCACGACTCCTTTTAACCACATGAAATATTTCATGGGCTTGCTCTGTTTTGTCGCGATGGCTTGTGTCGCCTGTTCCTCCCACGCGCCCCCCCCCCCCATTGCAGCGGCTCTTCTTCGGTGGGGCACGTTGTTTCAAACCAACTTTGAAAGTGGCATGGGATGGCCAGATTGCCCCCCTGTTGCTGTTGGCACCATTGATAGTGCGGGTTCGACACAAACTTCACAAGGTCTGCGTTCTAGTACGCTGATTTCGAGTGGGCCGTTGGCTCTCCAAAATACCGAGACAAATTTGGGCAAGCTGGCGTTGGCTTTTAGCCTTTCGGCCAGTGCCGCGCGACCAGTGAAGGTGCGGGTGGAATCGTTCAACCAAAAGAGAAAGCGCACAGGTGGAATAGAAACCACCATTTATCCCCCGGCGCCCAATTTCTATCAACGCTACGCTCTCGATTTATCGAACTTCACGCCTTTGGGAGGCGGAAGGTTCGCGCCTACTGCGCCCTTCCTCTCGTTCGCTATGCTGGTTGATACCCCGCAATGGAAGGGGATAGAAAAACCCGAAATTTGCGTCGATAATGTACAGTTCGCCAAGCCCGCCTGGTATGTTAGCGCAAGCGGTAGCGACCAGAATGATGGACGCACGGAAAAGACCGCCTTTGCCACTCCCCAGAAAGCGGTGGACGCCGCCGGGCCGGGCGACATCATCGACGTGATGAACGGCACTTACACACCCACGGGAATCCAAGAAGGCATCGTCCGCTTTAAACAGGCGGGCACGCCGGAGGGGTGGATCACGCTGAAAGACTATCCGGGCCACAGTCCTCTATTTTTTGGCAAGGGCAGTTGGGGCGCCATCCGCATCTGGTATCCCGATGCCCAGGCTACCGCTGATGCCGCTGCGGGAGTTGTTGTGCCTATACCGGCTTACATCGAAGTGCGAGGTTTGCATATCCGTGGCAACGGGGATACGGCCAAGCAGCAATACCCGGATTTGATGGACCAAGCCGCGCCCGAAACCAATAGCAATGGTATCAGCGTTACCTGGAGCAACTCGGACGCAGCGCCACACCATCTGCGCTTTGCGGATAATCTCGTCGAGTATTGTCCAGGCGCTGGAATTGGGCCGGGACTGGCCGATTGGGTGACAGTTGAAAACAACGTCATCCGCAACAACTGTTGGACGACCATTTACGGGACATCGGGCATTTCGCTGAATCATGGTTCCAACTTCGATGGTGTTCAGGAGCAATATACGCAGCTCATTCGTAACAACATCGTTAGCGGTAACCGCACTTTTCGCGCCTGGAAGCAAATCGGGAAGATTTCTGATGGGAACGGCATCATCATTGATGTCAACCAGGACAACAAACTGCCCCCAGAACAACGCTTTTATGGTCGCACCCTGGTCCAGAACAACGTCTCTTTCAACAATGGCGGGTCGGGAATTCACGCTTTTAAAAGCAAACGAGTGGACATCATCAACAATACGGTCTATCTCAACTCGGCTTCGCCCGAATTGGAGTGGGGGCAACTCTTCGTGCAGCAATGCGACGATATTCGCATGCTCAATAACATCGTTGTGGCCCCCTCCGACCAACCAGTTAACACCAACAATATGAAAGGCGGCGACCAGAACAACACGAACATTTACCGGGCGAACAATCTCTACTTTGGCGGCGGAATCGCGCCTCTGATGGGGACAGGCGATGTTTTGGGAGATCCGCGATTTGTGAATCCTTCCATTGATGACAAGGTGGCTAATTTTCGCTTAAGACCGGGCAGCCCAGGTATCGGGACAGCAGGCATTGAGCTGTTCAGTCCTCCCGAGGGATTGAATGGAAAACCGCGCGGCGCAAAACCCGATAAAGGCGCTTATCAACAGTAAGTTCCCGATGAAC
AP024152.1_gap3	157682	162133	4451	CAAACACCCAGTAGCGAGGAGTACAACTTTTCCGACTACCATAGTGGTGAGGCACGGAGCCTATCTGAGCCAGTGATGCTATGGTTTGCCCGCGAAAAGCGCAACCGCAGTAGTGCCCATAATGAATTAAAGAACCTAGAAACGCTCTTTGCTTCGCTTCAAACCACTGGCACTGCGCGGCACGCCAGCCGCCATCTCGCATTGGAATTTTTATGGTGGGACCCGGCGTTGCCTCCCTCAGAGGTAGATGATACTTTGCCTTTGCACTGGACCGCAGGGGGGAAATTACCGCTGGCCGTTTTGCGGACCGCCTGGAACTCACCGCGCGCTACTTACGTGGCGGTTAAAGGCGGCACACCGGATGGGTCTCACGCCCACATGGATGGGGGAAGTTTTATTCTGGAAGCCAATGGCGTGCGTTGGGCTCTCGATTTGGGGACAGAGAGTTACGACAAAATGCGCGCGACCAACCTCGACCTGTGGAATTATTCGCAGGAAAGTTCGCGTTGGACGACCTTTCGAGTGGGGCCGGAGGGCCACAACATTCTCCGTTTTGACGGCGCCCGACAGAATGTTTCCGGCAACGCCGAAATTCGCGCACTGCCGGATGAAAACGGTGTCAAGGGCAACGCTGTCGTACTTTCCTCGCTATACAAAAATCAGGTCGAGCGTGCATTGCGGACGGTGCGGCTTTTTCCCGACGGCAGTGTTTCTTTTCACGATGAGTGGAAAACAGGAGAACGCGGCGTGCAGGTTTCGTGGCAGTGGCTGACGAGAGCCACTATCACACGCACACTAAGCGGAGTTCTACTCAAGCAAGCGGGCGAATCCCTGGAATTGAAGATTGAATCGCCCACGCCTTTTCGCATCACAATTGAGGACGTTTCTCGGCCCAGGAACCCACAAGATTCGCCCAACCCTGGCTTGAGCCGCGTTGTGGTCCATTTGCAAACTGCGGCCAGAAGCGAGGGAAAATTGGAAATCCAAGCGATTCCGGGCCGCTAAATTTCCAGGATTCAACTTCATGTCTGGCCCAGTCCAGACATTGTTCTTTCAGGATGACAACCCTGTTTAATTTGCTTTACACCAATGCCTGACTTCCAAGGGCGGAATTCCCGGGAAAAGGAACTTCAAAATATGCTCAAAAATGAAACCGAGAACGCTTTAGCACTCCGCTTGATTGACGCGGATATTCACAACTGGCTGCATGGGCCGGACTTGATGCCGTTTATGTCGGCCTACTGGCGCGAATGGGTCAAAAATCGCGGCATGGGCATACCCGGTGGCGCCTATGCTTCACCGATAGACGTGCTGCGTAGCGATGCGGCGCCCCCCGGTGGTGGAATGCCCGGTAGCGATCCCAAATATCTCGCGGTCGATCACCTCGATAAGTACGGCATCAACTATGGCATCTTGACCGGTAGTGGGATTTTAGGATTGTCACTACAACCCGATGTGGACTGGGCCAATGCCGTAGCGGGGGCTTATAACCAGGCTGTGGCTATCAAATGGCTCGACGCCGACCCGCGCTTTCGCGGTTCCATTCTCATCAACCATTCCGATCCGATATGGTCAGCGGGGGAAATCGAGCGCGTTGCCAAGGATAAGCGCTTCGTGCAGGTTCTGATGGCGAGTGGTTCCAACCGTTTGTTCGGTCAACGCTTTTACCATCCCATTTACGAGACCGCCGAGCGTAACGGCCTACCCGTCGCCATTCATCCTGGCACCGAAGGCGTCGGCAATTCCGGTGCGCCGACTCCGGCGGGTTATCCCTCGCGCTACATGGAATGGCATAACATTTTGCCAATCAATTACATGGCGACAGTCAATTCGCTCGTCTGTGAAGGTGTGTTCGAGAAGTTTCCACACCTCAAGTTCGTGGCGCTCGAAGGCGGCGTCGCGTGGATGCCGCATCTGATGTGGCGCATGGATAAAAACTACAAAGCGCTTCGTGACACGGTGCCATGGCTGAAGAAATTGCCGTCGGAATACATTCGGCAGCACATCCGCCTCACCACACAACCAATCGAAGAACCCCAGAACCCGCAGCACATTTTGCAAATCTTCGAGATGATGGATGCTCAAAACACGCTCATGTTTTCCAGCGATTACCCGCACTGGGATTTCGACAATCCCAAAATGGCGTTGCCACCGCTGAAGGGTGAACTCAAGGAACACATTTTATGGAAGAACGCCGCGCAACTTTACCGACTCGGAGGCGATGCCATATGAACACAGTGCCCAGGCCCAAGACGCGCCATGCCGTTGCTAAAGTTGGCGACATTCCAACGGGCGAGCGCAAGATTTGCAAAATTCCGGCTTTCGGCAAGGAAATCGAGATCGGCGTCTTCAACGTCGGTGGGCGCATGGTCGCGTATCGCAACGTTTGCCCTCACGCCGGAGCCCCAGTTTGTGTGGGCAAAGTGTGTGGAACCTCACTGCCTTCTCAGGTGGGCGAATACATCCTGGCACGCGAAGGAGAGATTTTGCGTTGTCCGTGGCACGGTTGGGAATTCGATTTATTAAACGGGCAGCATCTGGTGGACGAGAAGATGAAACTTCGCGCCTACGACGTGGAAACCGACACTGACGCCCTTGAAGGCTTTGAGGTCGAAACGCAAGACGAGACTGTCTTCGTGTTGATTTGACGTGTTTATGCGTTGTTACCGTGAAGAGGACCATAGCTCTCCTCGATCCTCTGCGGGAACCTTGTTCACCGCACTTCAAACCGCTTCTGAAAGCGCCGAAAATTCCGCCGTGTTGTCCCCGGTAAAAATTTTTTGTCTGAAATGTTTGAAATGCTGAACAGATGGGTATATTATTTAGAACGTTCTACTAGAACGCTCTAAAAGCTACTTCTATGGCCATCACGCAGAAACAAATCGCTCAGGAACTGGGCGTGTCGCACCAACTGGTGAGTTTTGCGCTCAATGGTTCGGGCAATGTGGCTGAGAAGACGCGGCAGGAAATTGTGACGGCTGCGGAGCGCTTGGGCTATCGGCGCAATGAGTTAGCGCGGGCGATGGTAACAGGCAAAAGTTCGACGCTGGGCTTTTTAAGCTACGAGATTGACGAGTCGGACCACATGATGCGGGTCTTAGCGGGCGCCATTGATGCAGCCAATGAGCATGGCTATTTCATCAGGGCAATGCATTACTCCAAGCTCTCTGACATTCGCAAGGTGTTTGAGCGCTGCCTCGAATGGAAGGTGGCGGGCTTGATGGTGATGAACTTGATGGATGAGGGGATAAAGTGCGTCGAACGTGAAGCAAACAGGTTTGGTATTCCAGTCGCGTTTGTAGACAATCAGCCTTTTAGCAGCGCTGATATTTGGGTTCGATCGGACGATTACAATGGCTTGCGTCAGGTGATTGAGCATCTGGTGGCTTTGGGGCACGAAAAAATCGCCTTTTTCAATGGTGACGCATGTAGCCGTTTGAGCAACAACCGCGAAACGCATTTTCGTCGCCTGATGGATTTAGCGGGTTTACACGTTGAGGAGGAATGGTTCGTGTATGGCTCGTGGAAGGGCGATACGAAAAAGATTGAAGCGGCGGCCCAGGAATTCTTAGCGCTGAGGCCCCGCCCGACTGCTGTGGTTTGCACAGGCGATCCCTTTGCGATGGTGATACTGCGCGCCGCTCAGAAGGCCGGTTTGAAGTTGCCCGAACAGCTTTCGGTCACGGGGTACGCCAATTTCTTCCTCTCGGAACTCGCCAACCCCGCGCTCACCACAGTAGACCAACCATTTCGAGTTATGGGGCGCACGGCCACTGAAAATCTTATCGCGCTCACGACCTCTGACCAGACTTTGCCGCTCGACAAAGACGACCAATTACTCCCCACACGACTCATCGTGAGGGACTCAACCGCGCCCCCCGCGCGAGCCGATCAGTAACGTCACTCACCCACGATCTCTGGCGGCTTTCGCTGCCCACGACCCGACATTCTCTTGTCATCTATTTAAAGTGTGCAACTTCCGAGGAAATAACATGAAATCAATCGCTCCTTTGCGCCAGGCATTCACTCTCATTGAATTGTTGGTAGTCATTGCCATCATCGCGATTCTCGCGTCAATTTTGTTCCCCGTTTTCGCCAGGGCGCGCGAAAATGCGCGGCGTTCATCGTGTCAGAGCAATTTGAAGCAACTTGGCTTGGCGCTGCTTCAATATTCTCAGGATTATGATGAAAAGAACTGCCCCGGTGTGGGTCTTTTAGATCTTCCCAGTGCCGCCAACAGTGCCGTTTCCTGGGATGCGTTCATCGAATCGTACTCCATGAAGGCTGGTAGCAGGTATTATGGTGATGGACAGAATCCTTTGTTGCGCTGCCCCAGCGATTCCATCCAACGCACCGCTGGAAGTGCGCGGTCCTACGCTGTTCCGGTGAATAACACAGCCAATGCCAACTTCAGTTGGAAGGTAGAAACGTACCCCACGACTCCCGTTTCC
AP024152.1_gap4	235979	237755	1776	CTATTGCCTCCCCAATCCGCGCCATCAATAGCTTTGACAGCACGGACTCCCAGCGCTTCTCGGCGCAACATCTGCAAGTTCGTGGTATCCGCGATGTCAACCCACTTCTCGTCATCGTTGAACCATTGAAGGTGATCGATGTGCTGGACCTTGTGATCGACTTGGACCTTATCGCTCGCTTGACTCCCAGTGACTTGGACGTTGACCAGGAAGGGAGCAATGACGCCGTCTGTTACTGTGGCTTCTAACCGAAGCAGTAAGGTTTGATCGGCATCAAGGCCGGGAAGAGCCCAGCCATTCGCGCCCACGATAACCTCCTGATTATCGCTAGTGAAGAGACACAAAGTCCAGCCAACGATAGGGGCAGAGAGTTTCAGATGGAAAGCCTCGGACACATTACCGATATTCTTCACTTGCAACTCATAGGCCCCTGTCTTCCCGGCATTAGTCACCACGAACAATGATTGGCTTCCGCCTTGCTGTGAATCCACAACTCCCTCTCCAGTCCAAGGAGCATCCGCAGGAACATAATCATCGGCATTCTCCGCACGCCGAATCGCCACATCAGGAATCGCTATAGCCTTGTCTGTGGTCTTGGCCTTGACCTGACCGCTGACGGGCACCGGGCTGCTATCATCGTCCGTGGCCGTCATCGCAAGACCATCTGTTCCGCTTCCACTGGGCACAGGTACTTCGACGCTCACTGTCATCTCTTGGCTCAGGGCGCCAAGGAGCACTGCGCTCAGCCCATTCTCTGCCTCTTTGTCGTACAAGTACACTTTGTTGGTGCGCGTGGTATTGGGAGCCCCTGGCACGGTCACGGTGCCCGAAGTGGTGGGCAAGGGATTGGTTTGTGCAGAGGCGACGCCTACAATCAGGCAGGACCAGGTCACTAAGTACACTACAACTTTACGCTTACATATGGAAAACCGCTGGCGGATGAACCACAGTACAGGCAGCAAAAACAACTGAGAAAAAGAGGACATTATGGACGAAACGAGAGGCGCCGTGAAGCCGCAACGAGGGCGAAGGTAAAAGCGAGGAGAAATCAGAGGAAGATTAGGAGCTTAGGCTTAAGCTCCTATTGACATTGAGTGTATCTTTTGTGAATGAGTGGTCAATAGTAACCTATTCTGACTTGTCCCCGCCAGCGAGTGTAGGTTTTTCCACTCCTCACATTGCTGTTTCTACCAGGCCATTTCATTAGCGCTGCAACCCTATCTCCCGATGGCTCCTCCCTAGTAGTCTGAGTGGGTGACACAAAATTTTTGAGGTTGATTTGAGCGTGAAAACGGAATCTGAGACGTAGGCCATAGCCCCTATCGGGGAGTTATTCTCGCTCTTTTGCTTCCACCAGGGTTCAGTCAAGGACTCAAACCATTGGCTTTTCGGGCTCCATTACCGATAAACATTCGGTTGTTGCCCCATTTCCACGCTCAAAAATTTTGTGTCACCCACTCAGCCCTAGTAGTCGGGGCTCGGAGGGGAGCGAGAGAGATGCGTGTCTACACACAGCGCCTGAAGTAACTCCCCTCAAGCCTCTTGCTCATCGAGCCACTTCTGCGACCAGAACTCGCAGGGCATGGAGAGGCGTAGTTCCAGCTTTTCGTGAGTGGTAAGCGGTGGAAGTCGCTCATCTTCCCAACCTAAACGGTAGAGGCCACGCGCCGTGAGATAAGACTCTTGGAAGACGGATAGAAGGCGAATTCAAAGTCATCGTAATCGGTAGATAGAGTAACCCAAGTTGCTACCTATGAGTGTGGTGTAAACGTTCTC
AP024152.1_gap5	327193	331514	4321	CGAACCGGACTCAAACACGCCCTCAAAGCCACTTAATCTATTTATGTCCACATCTCAGTTAAACCGATTCCACGGATGTCGCTCAAGCCAATCCCCCCGATGCCCAACAATAGACCCGCAATGAGTAGATATATGCGTTTGTTCGCCATCAAACCTTCCTCCTTGATGTTCCGATGCCGGAGTGTAAATCAATTCTAAATAACACATTTGCAATTAAACAGTAACGACAAAGGAGATGGTAGTATCACTACAAAGACCACCAGTGGCCGAGAGGTTCCTTGGAGAGCGTCCACAACCTCTCGGCGGGTTGGAGTCAGGGCGAATAGGGACCAGTTCACGAACTCGATTTAATATTCAAAGTGAGAAAGCTGCGACCACAAGCCAAGTTATCATGCACGAAGTCAATCGCTCAGGCTCGTCTTATCTCACAAATTAGCTTCGCAAATATCGATCTTCCATACGATAGTGGCTCAAGAGGATGAGGTGGAAGTTTGAAGTCGAAAAGCGAACTGGATATGTTAAGGAGAAAGTCAAATCGTTTATAGGTGGTTTCCCGTTTGTTGGCGTGGGGTGCTACTACTCGCTTAATGTTGAGGTCGAAGGTCAGCCGAATCTACGGGAAACCACCTCAAAATCACGAAGCGAAATATGAGTGTGAGGGTTAATCTGCTAAACCGGCGTTCCAATGGATTCAGTTGCCCACCTTCTCGACCAAACCGCAGCCCTTCCCGTCAACAGCGACGCCCACAAACGCCTCGAAAAGTGCTTTGAACGAGACAGAGATCACTAACTTCAACAATGCGCCGTGCAGGTCGAAGCCGTTGCTATCTATGCCGCGCTCAAAAATGGCGCCCATGGCGACGAGGATACCGACGAGGCTTTTTCACTCAAGCGCAGACGACAGGGAAGCGATGCGAAAGCAGCATGGTATAATCCTGACGCTGGCATGAGTTGACAAAGAAAGCCAAGGGGGTTGGCACTGGTAGCGTGAAACACTCCGCCTATCTCCTCTTCGCGCCCTTATTTCTCGTTAGGTCTTGCACGGCAATAGCATGAGGGAAAGCATCAAGGTGTGCGAGGTCTTCGGACGCCAGTTCGACGCCGCACACCGTCGCCACCTCGAAGCGGACAAGGCACTGACCATGGTTCGCAAACTCAAATTGCCCAATATCCAGATGAACATCAGCGATGACCAGGTGGCTAATCGGGCATCCAGGTCGTTGCGAGAGATTCCATCTGACCTGGAACATCGCCGCAGCGTTGCCACCTATTATCAAATGGAGAGTTCCAATTGTAAATTGGCTTTTCCGGGTTCAAACAGTACGACTCATAATCGGCTCTGTTGCGTGGGAGCATAATAGGCCAACCCTCTTGAGACCAGCCAATGTGCCAGGGCACCATTTTGACATGTCCGTCTCCGTAGAGGACGTTGCGCCAGTTGCCGTGTCGCCACGCCGAGTTGCGAGTTGGCATCGTGTTGCGCTGGTATCTCTCAATGTCCATCAGATGACCGTATATATCGAAGCTATCAGCGGCCAGAAATGAGCTACTGGGCGCGACATCCGAGGCTAAGGAGTCCCCATAGGCAAAGTAGGCTGTTCCCTCAGAATAGATGCCACCTTGGGGCATATTTTCTGGTGGCGACATAGGGGGCCACGCCCAGGCATAGAGAGGTCCGCTGTTGAAACCATAGGAGATTTCTTTGCCGCTGCTCGTACATCCATTGGCCGGATCGCAGTCGTCTGCGTCGAAATCGCTGGGACAATGAAAGATTTCGTCGTTTTTTACGTAGGGCAGACAGAGATACCAGGCGTCTCTGGGGTGGTCTTCAGTGTCTACATAGAAAGTAGGATAGTGTTCATCGTAATCCTGCGTGTACTGTGCCACTGCTAACCCGATTTGCTTGAGATTGCTGGCGCACGTCGATTGTCGGGCTTTCTCCCGAACCAAAGCAAACGACGGAAACAGAATCGCCGCCAGCAAAACGATAATCGCGATAACGATAAGAATCTCGACCAAAGTAAAAGCCCGCCGAGAAAGAGGTGGAGAAACGCGACGCATCACTAGGGGGCGAGAGGACGTATAAAACCTCTCTAACAGTAACCTCAATACTCATTGTAACACTGATTTACTCTTCTTCAAATATTTGTCATAAAGTGAGGGGATACAGAGGCTCTCTTCACGGTAGCTGTTGCATGAGATTGGTAGAGATGCCTTCTACCATCCAAAGCGCCAACATCCACAGATGGTTACGAATACTCAAACCTACTTTTACATCTGAGCTACCTTTCCGCGATAGGAATGCATAAAGACAGGCTCTGAAGGGATTTTTCATACTTTGCATGGCCAAAACGAACAGAAGATTTCACCTTGTGCAGCCAAAGGAAAACGAGACGCTCAGGGGCTGGTTGCTTCATCTATAGAAAGGTGAAAATCGCCTACCGACCAGCCGTCGAAACGGAGATTGGCCGTGTTTTTCGGAATTGGGCCGCGCGTATTCAGAGCCTGACCAAGGAGCGACTCGAACAGTGAACTATCTTTTCTTCCGACCCGAACACGTTCAAACACAGCCGCATTGATGGGCTGACTCGAAACCAACAGTTTCAGGTTTTCGCAACCAAAGGGTGGATTGATTCGGTAGATGGCGGTCTCGGCTGTCGCTCCCTCCTCGTCTTTCGGTTTAAGAACCATGACTTTGCGACGGTCCACATCAGCGATGGCTGTGATGCCTCCGTCCTGAGACAACCACAAAAGCGAAACGTACACGCGCATGTCGGTCTCGTTACTCAAATGAAATTCGATGCGGTCCTGATCGACCACATGAACAATGCCCGTCGAATCGAGTTTCAGGTGGACTGTTCTCCTGGGATCAGGGACAAATTTATCCCCCTCCATCTTCCCCGGCACTTTGAACGCTTCTAAACGCACCGCCTGTCCCAGATTTTTGGCACCCGAAGAGGCGTTCGATAAAGCGATGATGTTACTCTGCGCCGCAAAATTATCGAGAGTTTTGCGGATTTCCTCTTCGTCCGCGTTGGAGATATCGCCATCGGGTAGAGCCTTAAACCACGCGCTAAATAGTGGCAGAGCGCCCGGTCGAACCGAAACGAAATAACCGCATTCGTCAGCGGGATGGCGCTCTGCCTCCATCGGGCGCCCTTGGGGGAACGCTTCGCCATAGGTGCTGGCGACTAGGGTGACATCGGCCATCTCGCCACGAGAAGCCAATTGCACAAAATCGTTGCCCATAGTGAATTCGCGCAGGCGTCGGGCGAGCGGGCCAGTACTCAAATCGCCCAATCCAACGCGAAGGGGCTGTTGGCCGAAATAGGGAGTTAACAGTTGAACTGTGCCCTGCACCGGGATAGGCGCTTGGAAAGAGCTTGGAACGACAATCTTGCTGCGGCCCACGTCTGCCGAGGTGATTTGGAAGCGCCCCAGCGGGGAATTGCGCGCAGAGGGGGTGATTTTGGATAGACCTTTAGCTAAGGACTTCTGCGCTGCGAACAGTTCGACAACCCCACCTTTGACAGCGCCACCTTCAACTCCGCGCGAAATAGTCAAGGTATTACCTTCGCGGGTGTAGATGATGCGGGGCGCTGCGGAACGAATGCCTCCTCCCAAGAAAGGTTGATTGATGGCGCCTTCGAGTTGTGGGCTCTGGTTAAATCGATTGAGAGCCTGTGCGACATATTGCCACATTTCGCCATTGGTTGTTTTCTGCGAAGCTTCGTTCGTCGCTTGCAGCAAATAGTAAGTCATGGCTCCATGTACACGCATCATCTTGTGCCCGTTCACCATTTCGGGAAAAGGCCGCTCCTCTGAAGTCTCAAGGGACATTGATCCCGAAAGCGCGACAAATTGGGCGAGTTGGGGAAGCCCCGGAGATGACTTGCTGCTCGGGTGAAGGCGAGAATCGGCGGTAATGTCTTTGCCTTCGGGGTAGCGGCGCGGATCGGCAGCGATGCCCTTGATTCGGCGTTGCTGGTCGCCAAGCGGTCGGGAACCACGCGTCGCGGTTCCCGAATGGCAGCAATCGAAAATCGAAGTGAGCTGACCGCTAAAATGCGGCATGGCTTGCAGTTCGTCGTAGAGAACTTGAATCTCGTCATCCACGAGGTCGAAATGTTCGCGATCTTTGGGATCGCGCGTCGAATCGAAGGTGACCAGAGTTTCGTCCAATGTATCGGTGGGGGCGAGTAAGGCTTCATCACCGTTGGTGTCGAACGTTTGCGAGCCATGACCAGAGTAATAAAAAAGGAACACGCCGTTGGGATGCTTTTTGGCGTTGGCCGTCAGTTGTGAGCGGAAGGCCGCGATA
AP024152.1_gap6	335721	339382	3661	CCGGGGATATTTCAGGGAATAGTTCGTCTGCTCCAGACGCGTCCCGCCAACCAGCAAGTTTTTCTTGCGTTGGGCATTATTGTCCTGGCAGTGCTGTTCAAGAATGCCTTTATCGCGCTTTCCATACGAACCGGGCATTGGTTATCGGCCAGGTTGCTTGCGGACTTGCGAGCGAAGGCCGTACGCCTTTTGATGCATGTGGGGCTTGGGTTTCATCATCAATCCCGACCGGGCGATTTGATTGACAAAACCATCGTCAACACCTATTTCGTGGAATTTTGGCTCAGAACTTTCATCGAATTCGCAGCCAATAGCGTGACGCTGGTTGTGCTCGTCTTCATGCTGTTTGTGCTGTCCTGGCAACTGGCGGTACTGGCAACAGCGTTGGCGACCGTATTATTGCTCTTCTTCGTTGCTTATTCCAGACACCTGTTCGGCCTTGGGGAGAAGGTAGCGGACTACGACAAAGACTTGCTGACTACGCTGCATGAATCGCTCGCCGGGATTCAACTGATCAAGGCATCCAGCCGGGAAGGTCAGCAAATTGAAAAGTTGGACGGAGCCATTGAGGCAGTTCGATGGGCGACCTTTCGCTGCAATTACCGCATCTTTGCCATGCATCCCCTGGTAGATATAGGAGCGACGCTCGCGTTCGTCTTCCTTTTTCTGGCGGCGATGCCGATGTATTACATGGATTCAAAGCTGATGCTGACGCAGCTTTTCCCGTTTCTGTTTGTCCTGCTGCGCTGTGTTCCTCTCGCGAAGTTGTTACAAGGGCAAAAGGCTTCATTGGTGGCACGCTGGCCATATGTGGCGTTCGTCGAAGAATTACTCCGGCGCGACGATAAACCGTTCATCGTGGATGGCGAGAAGCCTTTCGCTGGCCTTGAACGGGGCATCGAATTGCGGGGCGTGAGCTTTTGCTATCAGGGACGCGAACGGCCAGCCCTGACGAACATTAGTTTTTCTATTCCTGCGGGGAAGATAACGGCGATCATCGGGGAATCGGGGTCCGGGAAATCGAGTCTTGCCAACCTGTTGCTTCGTTTCTATGATCCGCAACAGGGAGATGTTCTGGTTGATGGTCAGCCACTGTCGGCCCTGCGCTTGGAAACCTATCATCGCCATATCGGCATCGTCACCCAGGATACTTTTTTGTTCAACAACACGATCCGCTTCAATATCGCTTACAGTGAAGGAGCCGAACTTTCGGAGGATAGAATTAAAGAGGCCGCCAAACGCGCTGGCGCGCACGATTTCATTATGGATTTACCGCAAGGTTATGATACGCTTATTGGGGAGAGTGGAGTGCAATTATCCGGCGGGCAACGTCAAAGGTTGGCCATTGCCAGAGCGATATTACGCGATCCAGAAATCTTAATTTTTGATGAGGCCACCAGTTCTCTGGACGTTGAGAACGAAAGCCATATTCTCCAATCGGTCGAGGAACTGAGCCAAAATCGGACCCTTATCATCATTACACACCGGCTCTCGACGATTAAAAATGCCGATCAAGTGATTGTGATGCAGAACGGGCAAGTCAGTGAGACTCGCTACAAGAGCCCGGTACCGTATGCATGAGTTCGCACACTTATTTTCCTATGAAGGACGCTCCCGATGTCTCACCCGCCCGCGACGTTGCCGTGCCGCCGATCTGGGTCGTCAATCTGAAGCGTTCCGTAGAGCGCAGAGACTATATCGTTCAGCATTTGACGGATTTAGGATTGGATTTTGAGCTTGTGGAGGCCGTTGAGGGCCGCGCTATCTCCGAGGAAGAAATGCAACGCGTGTACAGCCGAGACGAGGCGATGCGTTACATTGGCAGGGCACTGACCCCGAGTGAAATTGGCTGTAGCCTTTCGCACATCAGGCTGTACGAACGCATGGTGCAGCAAGGATTGGACGAGGTTATTATCGTGGAAGATGATGTGGAGGTGTTCCCAAGCTTTTGGGAACTTCTGCGGAACAGGAGCCATTTCCCCCCCGATTGGGAACTAATTCTTTTGTATCATGGCGGGGCGCAGGCTTCGTTCTGGAAACGCCAAAAAATCCAAGCCGGCCTTGAACTGAGGAAGTTCGCCAGCGTGGCCGATGGCACTGTCGGGTATATGGTTACTCGCAAGGGAGCCGAAAAACTTCTGGCTCAGGCCTACCCCATTCGTGTTCCGTCAGATGGCTTGACGGGCGGGTATTTGCCAACGGGACTTCACCTCTTCGGCGCGTATCCGCTTTGTATGACGCAACATGGCCCCGGTGGAGCAGCCGAGAGTACAATGCCAGATGCTCATGCGGCCAGAATCACGGGGCCTGACAAAGATTCGCTAGGAGTGGTGGGTTGGAACCTTTATGTTGCCAAAACCGGCCTATTTAACTTCGTTCGCCGACTCAGCCCCTGGGCGATCATTTGACCAGCATAACCCCCATAGCAGACATTGAATCATTCCTAAAATGCACAACACATCAGAAAACAGTTTTCTTCGCTGGCAAGAGGTCTGGGACCGTAAGGGCGCGGTGGCGGCAGCACAGTTGGAATCGGGGGAAGTGACGGCGCTAGACCTTTCCGAGTTACTGGCAATTGACGGGTATGACACAGCCGCGTCTCAGATTGGCACGGCCAATTGGCTGACTTATGTCGAAACTATCGGGAGTCGGTTGGGTCTTGGGGAAGGCGAAGGCAAGAGCGAGCTTTGCGAGATTGGATGTGGGGCGGGCGCATTTTCACAGCCGCTGTACCAACAAGGGGTTCAGATTACGGGCGCCGATTATTCTGCGGGGTTGATCTCTATCTGCAAGGTCATTATGCCTAAGGGGAGGTTCGAAGTTGCCGAAGCGTGCGCTGTGCCTTTTGAATCGGCGACATTTGATGCGGTCATTAGCGGCAGCGTGTTTATTTACTTTCCCACCCTGGAATACGCGGAGTTGGCATTCGCGGAAATCGTCCGGCTTATGAAACCCGGTGGGCGGGCGGCACTCCTTGACCTCAACGATAACGCCCGGAAACAGGAGTATGAATCCATCAAAATGGAAAAGTTAGGGAGGGCCGAATACGAAAGAATGTACAAAGACCATCGCCATCTTTTTTATGACCGAGCGTGGATCATGGGTTTGGCGCACAAGCATAATTTGCAGTGTGTGATCGAGGATCAGATTTTGGCGGGTTATCCCAACGCCGCCTTTCGGTTCAATGTCTTCCTGAACTTTCTACCCGATGCTGGCTGAGAAAGGACTTCAAAATGGATAAGCAAGTGGCAGCGGCGAATTTGCGCCTCCTGGGAGAGATTCTGGACCGCGAGGGAATTCCTTTCTGGTTGGCGTGGGGAACATGTCTGGGCGCGATTCGGGACAACGATATTATTTCGCATGACTACGACATGGACCTGGAAGTGTTTGCTCGCGATAGGAAACGCTTGTTGGCCTTGAAGCAAACTTTAAACGACCAACAATTCCAAATTCTTTATCCGTGGGGCAACATTGGCCTTAAGCTCAGGCGCACAGGCGAGGACATTGACATCTTCTTCTGCAAACCGGGGAAGAGAAACGGCAAACCAGTCTGGTTGACGGGCAATGAAATCATCGGAGAAGACTTTTTCAGTCGGTTGGAGACGGTGAATTTCCTGGGGCAAGAATATCGCGTTCCCCAACGGCCACAAGCTTACCTGCG
AP024152.1_gap7	471717	473832	2115	CCGCGTAGCCACCGGAAGTTCCTACTTTGGTCAGCGCGTCCATCTTCATCGATTTGACGTGACCATCAAGATAAAGGACGTTCACCGTATCCAGGTGACGCTCCTCGTAGGCGTTGAGAGTCCGTGGACTCCCGCTCACCACAGGATTACCCGAAACCCAGTTCGTCTCGAAAGCCCCGTTGCCATCCGCCCTCCACAACGTGGTCGCAGGAGTAGCGGCAGAGACCAGAGATACAAATTCTCCTCCGGGAGAAGTCATGTTCCGTGTTGTAGTAAGCCGAACTGATAGGGTAACTACCATTGTTGCTTCCGCCGCGAAATACATAGAGTCCCTGGCCCGTTCCGTAAGTGGACTGGCTGGGGCAGTTGAAAAATTGCGTGCTTTTCACATAAGGCTGGATGGCATCCATCCATTTGCAGTTGGTGGTGGCATCCGAAATAGAACAATAGCTTCACCAAGAAAGGCAACCGACCTACCGGAGAACATTTGACTCGGAGCGGTTTGTACCAACTTTTTGAGTGCCTCAGCAAAGTTGCTGGAATTAGAACGACACGATGCAGTCCTCATACGATGGTGTGCCGGTTGCCGCATTATAGCGGTTCCGATTGTAGTTTGCTGACTCGTATTGAGACGTCAATGACTGGCGTTGCCTCTTCGCTTGCTGGCCGGGGAAGACTGCTCAACTCTATGATAATGGGGGCAGCAAACTGCAATCGAAACCGCTATAAAGTCGGTTCATAGGAGTGGAAAAGAGACTAGATTGTGAAGGGCTTCTCCTTCTCAAACTCAGAATTTGCAAGTCCAACGGTGTAGTAATTTGGGCTTTGGGTCAAAGGCATCCGACTGACGATCTGTTGCCAAAATTTGTAATAGCCGCCATTGAAATGCCCGTTTGCCCAAATCTGAAGTAAATTGGCTGTGAAAAGACCATTTCTAATCCCATCCAACGAGGTTTGATTGTCCTGGCAACCTGAAATTAGCAGGACACTCGCTGTAACAAGGGAACGATCCCCGTCAAAATTTGACCACTGCACCGAGTCATACATTGATTGATGCTCGCCATATGTTGTCGCCGCAATATCCGCCGGGATAGCTTTGCTACTACTGAAGTCAAGCCCAAGTGATCTGTAAAGCGCTGATATTTCATCACCAGGTCCTTCGGACATAAATCTGGCGACTGTTCCGCTATGGCAACTGTCGGACAGCATGAATATACGAACTCCAGGCTGAAATTTTGACCACATTGCATAGAGTTCGTCGTCAACTAACATTCGATCATAGAGAACCCAAGTTTCGTCCTGATTATCATCCTCATCTCCATTCACATCAGGAATCTGGCCGCCGTGTCCCGAGTAGGTGATCAGCAGTATGTCGCCAGATGATAAAGCTATCGCAGCCTCAGCCAACGCCTTTAAAACTCCGGCAGATGTCGCCTCTTCAGTCAAGAGGAGAGTTGATTCAAAGCCCTGACCGATAGCGATGGTTTGCATATCTCTTGCGTCGTTCTCGCAAGCTCGAAGTCGGCCCTCCCACCCCTGATAATGCTCTGGATCAACGCTGTTGAGTCCTATGTGTATGGAAATTCCCTGTGCCATAAAAATTACCTACCCAACCAATTTGAAAACGGACGTAGTATGCGATATTATTCTATATTTGTTATTCTAATTGTAAATTTTATAACTTTTCTGTGTTAAAATCGAGATGTGTGGACAGTGATAGCATCACTAATTCTGCGAATGACTCCTAAATTGTGGAATAGTCACTCCCAACTGGGTCTTGAACTCAACTTCTCTTTCATCTACAAGCAAGCGGCTTTCCTGTGATTTATGGGATAAGTTCAGGGACAGTGAATGGCTTTGGAATTGCGTCTGATGCTGACGAGCAAACAAGTACATGAAAAATCAGACCATCTCTTTGAAGCGGAGCACGGCCCTGGGCGTGGCCACACTTTTGATCGGTGCGGGCGTGGCTTCGGCGCAACTCGGGAGCATTTTGAAGGTCGGCGGCGCGATCTTAATCGCCGATAAGTTTGGAGGGCAAATTAATTCGGTACTCAACAAGGCGACCGGGCAGAAGAACCTCGCCGATGCAGGCATTGCGTCCAAAGTCGTGCC
AP024152.1_gap8	543785	545572	1787	AAGAAAGTGGTGGAGCGACTTATGAAGAGATATTCCAAATTCGTGCTGTTGGTGGGCTTTGTTGGCGTTGGCACCACGATTTTCATGGTAGCCGGGCATAGTTCGCCAGAAGTCCGGTATGTACCCCTGGAACTCCGCAAACAACCTGCGCGGCGCCATCATCCGATACCCGGTCGCCTACCGCAGCCTCGCCCCGCAACGCAATTTGGTGATCCATTGCCAGGACTAACGCCAGCCCAGCTTGTCGCGTTCGCCACAGGTCTCGATGAGTTCCAGAACGTCGAAGATGTGGCTGGCGGTCTGGGGCCGACCTTCAATAATGTGTCTTGCGGCTCCTGCCACTCCAGTGGGGCCCTCGGTGGTGGCAGCAACATCACGGTGACTCGCTTTGGCAAGGTGACTAATGGCGTGTACGACGCGCTCGAACTGCGCGGGGGCTCTTTACTTCAAGACCACGCCATTGATCCCGGTGTTCAGGAAATCGTTCCCCCCGAAGCGAACGTTGTCGCCCACCGGCAATCGACGCCCCTGTTTGGCCTTGGACTCATTGAGGCCATTCCCGACGAAGCGATTCAGCGCAATGCCGCCGAGCAACTGGGTGGCGGCCCGCGCGACGGTTTGCCCCTGCCTGGTAGCCCCATCAGACCACCATATCCACCTGCGGGAGCAGCAATTCGTGGCCGCGTCTCGGTGATAACGGACGTGACGACCGGAAAATCACGCGTGGGACGTTTCGGTTGGAAAGGGCAACAGGCCACACTATTGGCCTTTGCCGGGGATGCTTATCTCAATGAAATGGGCATTACCAACCGTTTCTTCCCCAAGGAGAATGCGCCTAACGGTGATGCAACCAAACTGGCCGCCTACGACAGTGTGGCCGACATTGAAGACGCGGTTGATGTTTCGACTGGTACCTCGGATATTGACGTGGCCGCCGACTTCATGCGCTACCTCGCTCCGCCTCCCCAACTGGCGCCCAACCCTTCGTCGCGAGCCGGGTCCGAAGTGTTCCAGAACATCGAGTGCGCTTCCTGCCATAAACCGCTGATGATGACGGGTTCCAGCCCCGTTGAAGCACTGAACAGAAAACCCGTCGCTCTTTACTCCGACCTGTTGCTGCACGATATGGGCTCGCTTGGCGATGGCATCGCTCAGGCCGCTGCGGGACCGACGGAATTCCGCACCCCGCCCCTGTGGGGATTGCGCGTCAGCGGCCCCTATCTCCATGACGGGCGGGCCGCGACCATTGATGAAGCGATTCGCGCCCACGATGGACAGGCTAAAAGGGCACGCGACTTTTATCTTCAACTGAGCCCCGGAGAGAAGCGCCAGTTACTCGATTTTCTCGGCTCGATTTAGAAAAGGAATTTTTTGCCCACAGATGGACACAGATAACCACAGATGATTTAGGGATGGGGGCCGACATACCGATAGATGAGGAGAAAAGAGGTAAAGACATATCTCCATTCCTTTTTGTATTTGTAGCCTAGCTGTCAATGCCTCTGCCCATCCTTCAAATCATCTGTGGTTATCTGTGTCCATCTGTGGGCAAAAAATTCCCTTGACTCTTTTCATCCCCCTCTACAGGTCTTCCTCGCTCCCGGACTGGACTGGAACTCGCTACACCCTTTTGTATGCGATCTTTGCGCCCCCTGACCCACTTTCTTCGGCCTTATCTGTTGTGGGTGGCTCTGGGTCCGGCGTTCATGGCGCTCGAAGTGGCTGCCGACTTGATGCAGCCGCGACTGTTGCAGCGCATCGTGGACGTGGGCATCGCGCGCTCCGAT
AP024152.1_gap9	547317	551646	4329	GGGGCTATTTGAGTCGTCAGAAAGCCTCGTTGCTGTTGGCGGCGCTTTTCGTCGCGGCGGCGGCGGGACTGACGCTAATGGGGCCATACCTGTTGGGACGCGCCATTGATGGCACCATCTTGCAGCGCGATTTGCCGGGACTGGCGCGGCTTTGCACCTTGATGCTGCTCGTGTACGCCCTCTCTTCGCTGGCAACGTGGGCGCAGAACTACATTATGGCGGGCGTGGCCCAGAAAGCGGTGCGCGACATCCGCCACGATTTGTTCTCGCACCTGCAACGCCTCCCGCTGCGCTTTTTCGATAGCCACGCCCACGGCGACCTGATGAGCCGCCTGACCAACGATGTCGAGAACGTCAATCAGGTTCTCACCGACAGCGTGACTGGCCTCGTCTCGGGCTTACTCGGACTCGTGGGCGCGGCGGCGCTGATGCTGTTGCTCAATGTGCCGTTGGCGCTGGCGAGTATGTGTACAACGGCCCTACTCACTCTGGGTCTCAATCGCTGGCTCTCGACTCGCACGCGCGCCGCCTTCCGCACCCAACAAAGCAAGTTGGGAGCGCTCAACGGCCTCATCGAAGAAACCATCGGCGGGCAACGAGTCGTCAAAGCCTATCGCCGCGAAGCGCTCGTGCAAGCCGAGTTCGAGCGGGCCAACAACGAACTGCGCGACAACGCGACAAGAGCGCAGATGTTCGCGGGCTTCGTTGGCCCGATGATGAACGGCATCAACAACACCGGGCTCGCTCTGGTGGCGGGCGTCGGTGGCCTGATGGTGCTACACGGCGCCGCCACGGTGGGCACCATCGCCGCCTTCATCAACTACGCGCGCCAGTTCGGGCGCCCGCTCACCGACATCGCCAACCTGTACAATACCATCCAGAGCGCCATCGCCGGAGCCGAGCGCGTCTTTGAAATCATGGACGAGACGCCCGAAACCGACGTGCCGGGAGCGCAGCCGCTTCCGCCACTCCAGGGCGACGTCGTCTTCGAGGACGTATCATTTGGCTACACAGCGGGCGTCCCGATACTCAAGGGCATCTCGCTCCACGCCAAACCGGGCGAAACCGTCGCCCTTATCGGGCCAACGGGCGCGGGCAAAACCACCGTTATCAACTTGCTCACCCGCTTCTACGACGTGGACGCGGGCCGCATCACAGTGGACGGCCATGACATCCGCACAGTGGAAAAGGACAGCCTCCGCCGCCAACTCGGTATCGTGCTGCAAGACACCTTCCTGTTCGGGGGCACCGTCGCCGACAATATCCGCTACGGACGACCCGATGCCAGCACAGAAGACATCATCGAAGCCGCGAAGAAAGCCAACGCCCACGCCTTCATCCATCGCCTGCCACATGGATACGACACGCCGATTTCGGAGCGCGGCGGCAACTTGAGTCAGGGCCAACGCCAACTCCTCGCCATCGCGCGGGCGATTCTGGCCGACCCGCGCATCCTCATTTTGGACGAAGCGACATCGAGCGTGGACACCCGCACCGAACGCCACATCCAGGAAGCCATGCGCCGCCTCATGCAGGGCCGCACCAGCTTCGTCATCGCCCATCGCCTCAGCACCATCCGCGCCTCCGATCAGATTCTGGTGGTCAGCGCGGGCCAAATCATCGAACGCGGCACCCACGAAGAATTGCTCCAACAGCACGGCTTCTACTTTGGCTTAGTCAGTAGTAGCGGAGACGATGGGGGCCAGAAAAAATGAAACCGAGGTTGAATCAGGGGAGGTGAGATTTTATTCTCGCCTTGAGTTCTGGCCCAATGCGTGGGTTCGCCAGAAACAGCTCAACCCAACGTCTGGCAGTGATGGGATGCAACTCAACGTCCTTCAACTCAGCCGTGGGGTCATCTGAACTTCCATCAATGACAGTGCCTCTGCATTTTTCCAAATCCAAACTGATCGTCACAAATCGAAAGCCACGGCTCGTTTTCCTTTTGATTGAGTAGCGGATTAGGAGTGTTCCATTCCTACCGACTGCCCAGTGTCCTGGTTCTTGGTTTGGCGAAAGATAGAAACAATCAGAAAGCCCTGCGGACTCTTTTCCAGGTAGATTGGTACTATAGATTGGTTGGGACGATTCGTACAAAGTTTTCGGATTGCCAGTGAAGTAATTAATTTTGACTCGTGAAGCAGTCGAGAAGAAGGCGCGCATCTCCAAATCTTCTTTCGTCGGGGTGGGATGGTCCACATGCCACTTTGCGCCCCACACCAAAGCGAATAGAACCAAAGGCAACGCTAACCCAGCTACTCTTCGTTTCATAACAGCAGTTCGAGTCCCACATCCAATACTGTAGCCTACCTCAATTTCGGGGCGCGGGCGTCTCGCCCGCGCCCCGAAGGGAAAGACAAGCTCTAGAGAAAAGAGGCCGCGCCCTGAAAATGCTCCTTTTTCATTTCGTTTTCAGGAATTGTTCGGGATGAGCGGCGAAGGCGTCGCGGCATCCAGGCGAACAAAAACCGTAGAGCTTGCCTTTGTACATAAAAGTGTTTATTGTGTCGGCTCTGACTTTCATGTGGCAAACCGGGTCTTGGTCAAGGGCGAGTTTTTGGCCGGGCCTTCGCGTGGCAGAAACGCTTTGAACTCGCACCCGCGCATGGACTTGCTCTGGGTAGGACGGGGTACCGCGCCGGTATTGGAGCGCGCGTGCCACCAGATCGGCGGTTTGTTTTCCGCGCGTGTCCTCGACCAGTTGCAAAGCGCCGTCAATACCCGACGAGATGCCCGCCGTCGAGATTACATTGCCATCGCGCACAAACCGCACGCCGGAATATGCTTTGGTTTTGGGGAACTGGCGCTGAAAATCACTCAGCACAAACCAGTGCGTCGTTGAGTTCTTGCCATTGAGCAAACCAGCCCGCGCCACGATAAAAGCGCCCGTACAGACGGACATGACCGTTTGGCGAGGCGTCGCGTTACGCCGCAACCAGCTTTGAACGCGCTCATCGGCGCTCACCTGGGCCACACGCTCAGGGGAAGCTCCGGGCACAATCACAATGTCAGGATGCGGACAATTGGCCACATCGAAGCGCGGCGTCAGCGTGAGAATGTCCGCCTCTGTTTTGAGGGGCGCGCAGTTTAGTGCCACCGTGAACACATTGAATGAGCGCGGCGCGACCCGATTGGCCTTCACAAAAACATCGAGTGCCCCTGACATATCGAGCGCTTCCACGCCGGGGTAGACAAATAAAGCGACGTTGAGCGTTTTCTGGGGCGCTTTTGTTTTCGGCATCGCCATTTGTGCGTGTGCGGTTAGCACGAAACACAAAAACAAAGCCGTTGCCGATGAAAAAACAAGGTGAAACTTCATGATTGGACCTTTAGCGAGGACGAAAAACCCCCTGACGGTCAGCAGCAGTTGTGCCCGTGTAGTTATAAAGCTGCTCGAAGCGGCCCCATTTGGCGTGACCGTCAGCGTATAAATAGTTCGCGCCGTCGAGGTGGCGCTTGACTGCCAGTTCCAAGGTCGTGTTGTTGGTTGTGTCCCACACAGCGGATGCCATCATCATGGACGATTGTTCCGGCGAGGCTCCCCAGTAGAACGGATGGAAGTGATCGGCACTGGCCAACATCATCCCGGGCTCATCGGCTTTTTCAGCCATGATGACAGAGCGCGCGGGTTCCTGGGTCGCTGATAATTTGCCAAAGCCGCCATCTTTGCCAGCAGAAAACCAGTCGTTGAGAATGTAGGACGTGGTGAAAGGGGGTGCGGCTGGTGGCACAATAGCCGCATTCCAGCGCGACGAGCTATCGGACGGACAGCGATAAACCTGCACGCTTTTGATGTACGCCTGGGTTGAAGTCGTCCACGAGGACAAAGGTGTCGAGGCCATGCCTGTCACAGTAGTCAGCGGATAATTCTCGTCGTAGTCCTGGGTGTATTGCATGAAGGCGATACCGATGTTTTTCAGGTTGGACAGACAAGAAGTTTTGCGCGCGTTTTCTCTGGCGCGGGCAAAAACGGGGAACAAAATCGCGGCGAGAATTGCTATTATGGTAATAACTACCAAAAGTTCTATAAGGGTAAAAGCGGGCCGCGCGCACGAGCGAAGGCTGCGCGTCTCGAAAGGATGCGTTTGCATGATATTGGGATTACGGACTGGGTTCGTCTCTAAAAGGTGGGTGAAATGCAAACGCACACGGGCGGGCCGCGTCCTGAAAAGGTGCGGATAAGTTCCCGCGCTGGAAAGTCGCGGCGGGTGGGAAACCACGCGGGAAAAGACACGAACGAGACTTGTAGCCGTTGAAAGGGAGAAACAGCCAGCGCGGGCATAGCCGACAGCAAAAGTGCCAGACACGAAGCGTCATGCATCATGCGCC
AP024152.1_gap10	556499	559192	2693	ATGGGCACTCGAACGCGTGCGCCGTCTTTCGGTGTTGCGAGCGATGAGTTTCTTGTGGTGGACGGTGCGCGAACGAGCGACCCGGGTGCGGGCGCTGCGGATGGCAACGGTGCTGGGAGCGCCCGCGAAGCGCCCTTCCATGGCCGAGCGATTGAATTTGACATCTTGGGCCACCGCAAACGCGCCGAAGAGGAAACACAAAACCAACGCCCAGAAGCGGGGCGATTTGTGCAGTAAGAGAACAGAGAAGGTGCGAAACATAGCAATGGGAAGGACGCCTTTTACTGGTTATTAATAACAACCATCTTTGGCGTTGCTTTTGGCCAGCGCCACAAGTGGTTTGAAACGACTGCTGGAAGGAAAGTGGGCGGCGGCCTTTTCAACAAGATTCTCTTCGCCGCATTTGTCGAGGTAAACGGTGGCCCGGCAGAGCTGAACCCAGGCTTCCTCATTTTTAATATCGAGTCGAGTGGCGTGGGTGGCCAGATCGTAGGCCTCGTTGAGCGCACTAATCTGCTTTTTGTAAGCAGCTTTATCGGCGTCAGTCACCTTGGGTTTGGACATCAGTTCCTGGAGAATAGCCGTGCTGGTATCGACTTTTTCTCCCGCCTGTTTCGCCAGGGTCTGCGACTGCACTAAGCGCGCATCGGGTGTTGGCTCGACTTTTATTGGAACCGGGGTGGCCAATGGCACGGTATTGATGATGGTTCTGTTTTCGGGCGCAATGGGCGCAGCAGTGAATGTGGGGACCGGCAGCGGGGTTGCGGTGGCAGTTACCTCCGGGCTACCTGGACGAAACGCGCTGTACCCTACCCCGAACGCACACAGCACCCCCACGACGGTCAGCGGTATCACCCACATGGGTTTCGCGCGCGAAGGGATTGGCCTGGGAATAACAGACGCTGACCCAACCGCCTCTTTCATGGCAGCCACCCACGCACTACAGGAAGGCGCACGCGCCGACGGGTTCTTCTGCAACGCCCACAGTAGCGCCCGGCCCAGAGCGGGCGAGACATCGGCGCTCACCGGATCGGGAAGCGGCGGTTGGTCCTTGACATGTTGCATCAACACCGAAACCGTGCTGGCGCCCGAAGCCACCATAAACGGGGGACGCCCGCACAGCATCTCATAGGCCACAATCCCCAACGAATACTGGTCGCTTGCCCGCGTGGTCGGCAAGCTTTGTATTTGTTCGGGCGACATATATTCCGGCGTACCCACGATGGCCCCAACCCTCGTCAGACGGGGAGCTTGCGTCCCGTCTTCCTGTGCGGCGCGCGCAATGCCAAAATCGACCACAAACGGATGCCACCCGCCACCGGAGTTCGCATGAAGCAGAATGTTGGCGGGTTTGATGTCGCGGTGAACCACCCCCATATCATGCGCGTAGTCGAGCGCTGCCGCCACGGGTTCGAGAATGGCCAGTGTTTCCAGCGCGCTAATTTTTCCGTTGCGGGTGATGAAGTCGTCGAGCCCCCTGCCAGTAACGAACTGCATCGCGAAATAGGGCTGTTCGGCGTCGCTCGACACGCTGTAAATGGTGGCGATGTGCGGATGATGGAGGCTCGCCGCGACGCGAGCCTCGCCCAGAAAACGAGTAATGAAGGTTTGCTCGTTTCCCGGCGTGGCCGCCTGTAGGAGTGGGAACTTGAGAGCCTCGAAGCGAGCCAGGCCTTCGTTCCAGGCCTTCCAGACCTGCGCCATCCCACCTTCGCCGAGGAGTTCGCGGATTTCGTAAGGGCCAAGGTGCTGTCCAGCAGAGACTGGAGTGTTCATCGGAGTTGAGAGGGTTTCCCTGAAGCTTGTTGAGCCAGGCGATTTCATCCACGCATCGACTGGACGCCTCGGCCCGCTTCTGAAGCGGCAGCCGAAACAGTTCGATAGGGATGGATCACGGTGCGCCGAACCGATAGGTGGAATCGGGGTTAAACCATTTAAAGAGTGACCAATTTCACCAATTGTGTCAATCATTTTTTTACGGCTTCATCTCATTTTGGTCCGTTATTTTTTCTTTCAATGATGGAGGAGAAAGCAACTCCAAAGCCCGCTTTGCTTCCCAGGCCAGCCCCGACCGACGAAACTTTCCCAACAGCGACTCAGAGTGACACGTATATATAAGGATGCAAAAACGCGATGCTCAGGTTTAACGGGTTATATTGTTCACCCTTGAATGAAGATCGTGCAAATGACATGGTCTTGTTCTACCGCGACTACTTCCGCTTTTATGAGGACGGCAGCATAATCGCGGTCGTTTCGACGGGTACTCCCCTCGAAGTCGCGCGTTGGTTCTATAAAGGGGCACAACAAGCGTCCACAGGCATTTATGCCATCGAGGGAACTTCCATCGCCTTTTCCACCCGCAGCAACGATGGCGGCCCCGACAGAGGCGAAGAATTCAATGGTCATTCCCTCCAAGTGGTCGTGAGCTACGAAGGGACCATTGGCGAACACACGCTCAATCTTCATTCGCACAGCCACGCTAACGGCCACGAAGCCACCAAAATATACGAGTTCGTGCCCGTAGAACTGCGCTAAAGACGCCACCCAAAATGAGTGCATCATTTCCTCCTCGGGACGCGGGCGAGACGCCCAAACCCGCAAAGGAAGCTACTACTAGATAAGCCCTGGAAGTAATCACTCGTGCGTAAGCCCTAATTTAGATTATTGGCAGTTTTCTTGTTTAAGGTGCGACA
AP024152.1_gap11	706898	710991	4093	TCACCAGCGTAAGCGATAGCATCACCCTGACGCTCCCGCTCACCATCCGCGATGGTCTCATTGGCAACAATGGTCTCTTCGCCCGCGTCCAGGACACGGCGGGCAGCGTCGATCCCGCCGCTCTTGCGGGCGACAATGGCTTCATCCGCTCTGGCACTTACACCGTGACCCCGCAATTTAGCGGTGGTACCAACAGCGCCCCGACGCTTTCCAACCTGACTCCCGGCGCCACCTACACCACTCTGAACGGTTCAGGCATCGCCCCCGCCGCCCAGACCTTCGGCTTCTTCGTGAAAGACGAGGATGGGACCGGCGACATTCAGGAAGTCTGGTTCCTCGCCAACCAGGTGCGCGACTCGAAAAACAGCGCCACTTTCGTCTACTACCCACGCTCTCGCCGTTTGGTGCTGCGTTCCGACGATGACACCAGTTTTCTGGGCGGCGGTCAGATTGGCTCTGCTGGCATCATCGAGAACAGTCAGGTCAAAGTCGATCTCTCCAAGGTCAAAGTCACCATCTATGCCGATGGCAAGAGCTTCGGCCTGACCTTGCCGCTTCAGGCCAAAACCGGGCTGCTGGGGCAAAACGGTGTGTGGCTGCGAGTTCAAGATAGGGCGGGCATCACCTCACCCGATGGCGATGGTCTGGGTTTTGTCCGCAAAGGCAACTGGAACGTCAAGGCCAACACCGCTGCAGACAGCAAACCTTCCGACGGCAACTCCTGACACCGTTGTCCCTACCACAGCGATAAGCCCAAGGGCGCCCTGTTAGCAGGGCGCCCTTTATCGCTGGTGGCAACGCCATTACCAAAGCAATCGGGGTCCAACAGGCGCGGACGCGAGGAGTGTGAATGTGGCCATCGTTGAAACTCGCGAGGTGGCTAACTGCGAGAACCATAATAGCCAGTTGGACATGACTGTTAAAATATCATAGTGCTTGACAGGTGTACTCCTTGTTTGCAATATTGACCCATCCCCACACCGTCGAACTCTTCCTGAACCGTTGTTCTGTTCTCATCGCTTCCATGTCTCACTGTTCTATCTCCCAATTGACCTCCCTCCCCCTGCGCCGTTCGCTGGTTTTGTCTCTGGTGCGCCGCCTGAGTGCGCCCCTGTTGATGTTGCTCGCTCTGTGTTCGCCCTTGCTCCTGACCGCCCCTTCCGCGTGGGCAGCCCTCCCCGCTGGCTCCCGCGCCTATAGCTGGGGACACAACAACCGAGGTGAGTTGGGCAACAATAGCACGACCAAATCGTCTGTTCCTATACGGGTCGATAGCAGCGGAGTCCTAAAAGGCAAGACCATCACCCAAATTGCCGTGGGGGGCTATCATTCCCTGGCGTTGTGCAGCGATGGCACCCTCGCCGCCTGGGGAGACAACGTCTTTGGTCAGTTGGGCAACAACAGCAGGACCGACTCGCCTGTTCCAGTTCCAGTGCTGGTAGATAGCAGTGGAGTCCTGAGTGGCAAAACTGTGGCTCAAATCGCTGCGGGCTTTTCTCATTCGATGGCGTTGTGCAGCGACGGCACCCTCGTCGCCTGGGGATACGACGGCAATAGTCAGTTGGGCACAGGCAGAGGGGCCACCTCGCCTGTTCCAGTGCTGGTGGACCAGAGTGAAGACCTGCGCGGCAAGACCGTCACCCAAATCGTTGCGGGTGGTCTTCATTCTCTGGCATTGTGCAGCGATGGCACTCTCTTGGCCTGGGGAGACAATAACTATGGTCAGTTGGGCAACAATAGCACGTTCAACGCGTATGTTCCAGCGCGGGTGGATAGCAGCGGAGTCCTGAGCGGCAAGACCATCACCCAAATCGCTGCGGGCTATTCTCACACACTGGCGTTGTGCAGCGACGGGACCTTGGTCGCCTGGGGCTTGAACGGCCAGGTTCAGTTGGGCAATAATAGCAGGACCAACTCGTCTGTTCCGGTGCTGGTGGATACCAGTGGAGTCCTGCGCGGTAAGACCGTCACCCAAATCGCGGCGGGTGGTTTGCATTCGATGGCGTTGTGCAGCGACGGCACCCTCGCCGCATGGGGATACAACAGCTATGGTGAGTTGGGCACGGGCGACTTGTTCACCTCGCCTGTTCCTGTGCTGGTGGATAGCAGTGGGGTCCTGAGCGGCAAGACCATCACCCAGATCGCGGCGGGCTATTTTCATTCGATGGCGTTGTGCAGCGACGGCACCCTCATCGCCTGGGGAGACAACGACGATGGTCAGTTGGGCAACAATAGCACGGCTCAATCGTGGGTTCCGGTACTGGTGGATAGCAGCGGAGTCTCGCAGTTGATGCGGGGCAGCATGAGCCGTCACACCTTGGTACTCGCGGCTCCGGCGAACACGCCTCCGGTGGTGAACAGCGTCACCATCGCCCCGGCGAACCCCAAGACCAACGGGACCCTGACCACCACCGTGGAAGCCAGTGATGCCGATGGCAACAATCTCACCTACTCCTATGTGTGGAGAAAAAACGACGCTGTTATCCCTGGTGAGACTGGCCCCTCGCTCGACCTCTCTAAGCCGACCAACGGCAATGATGGCGACATCATTGATGTTATCGTCACAGCCCATGATGGCACCAGTGACAGCGAGCCGCAAGCGGCTAACTCGGTGCAAATCTCCAACATCGCGCCCCAGGTATTATCGGTTAATCCATATGACTCCAGTGATCGAGTCGGGGCGAAACGTACCTTTATGGTGAGGATGAGAGATATCAACAGTGCCAGCGACATCCGCGAAATGTGGCTGCTCATCAACACCACCCTCGATTGGAGCGGCGGCGCCACTCTCATCTACCGTCCCAGCGCGAGTTCGCCCTCCGAGGGGCAACTCTTCCTCCGCAGCGGCGACAACTTCCTGCCACCCATCCAAATCGGCAAAGGCGCTCGTTCCACTGCGGTTCTCGATAACGGTGCGGTGCGTGTCGCCGCTACCGATGTAAGCGTAACAGCAGATAACGATGGCGAAACACTCACCCTCTCGATTACCGCCACCATCCGCGACGGGCTGGTTGGACAGAACACCGTCTTCGCCCGTGTTCAAGATAGCGATGGGGCCGTTGATCTCACTTCCTTTTCCGATGAGTTTGGCTTCATTTTCAGTGGTTTCTACACCGTAACACCGCAGTTTGCGGGCAACACCAACACCCCACCCACGCTCTCCAAATTAACGCCGGGAATTACTACCACCACACTGAACGCTCAAGGTATCGCTCCCTCCACGCAGACCTTTGGCTTCTTCGCCAAAGACGAGGACGGTCTGGGCGACATCGAGAGTGTCTGGTTCCTCGCCAACAAAACGCGCGGCTCGAAAAACAGCGCGACCTTCGTGTACTACCCGCGCACCCGTCGCTTAGTGCTGCGCTCCGACGACGACAGTAGCATCCTGGGCGGAGGACGAATCGGACAACCCGGTATCATCGAGAACTCGCAGGTGCGCGTGGACCTCTCCAATGTCAAACTCACCATCGTGGATGGCAAGAGCTTCGGCCTCACTCTACCCTTGCAAGCCAAGACTGGACTGCTGGGCAAAAATGGGGTGTGGCTGCGAGTTCAAGACAGCACAGGCATCACTTCACTCGATGGCGACGACCTGGGTTTTGTCCGCAAAGGCAACTGGGACATCAAAAAAGTCGAGGGCACCGGAGCCGACCCCAAACCGTCGGGTGCTGCTTCGTAGAAATCTCTCTTTGGTCCAGTGCGCGTTGGCCCCTTCACATTCCCCGCTCATCCGTACCCATCTGTGCCTCCATCGGTGTTCATCTGTGGATAAATGGATTAGTCAACTTCCCAAGCCCTCAAAACTCACCGGAACGGTGAAATAAAACCTACTTCCCTGTTGCAACTGACTCTGCACCCAGATTTCGCCGCCGTGCGCCTCGACGATCATCTGGCAAAAGGTCAGCCCCAGCCCCGAAGACGATTTCTCGCCGTTCGCTTCCGCTTTGACCTGGCCGAACTTCTCGAAGATGCGCTCGAAGGCTTCGCTGGGGATACCGGGGCCGGTATCGGAAACGGCGAATTGCACGGCGATGGGCTCATCGTCCTGCAATGGCGAGGATAAAGTGGCGCCGATAGTGATAGTGCCGCCCGA
AP024152.1_gap12	768900	772906	4006	CGAGGTCGCCAGTTAAATTTGGCTAACAGCGACAGAGCCAGTTCCGGTGTAGCCTGGGCACACGCCAATGCGAAATCAGAGGATTGGGCGTTTATATTTTGTAGGTACGTCGGCTTAACATCAGCTCCATACCACGGAATATCATCCTGTGATTTCATCCTCCGCATATAGAAAGAAACAACCCACTTTTGGACCATCTCCTGCGACAAAGACGCATCACTCCGAGGAACAGGAAGTTCGGAAAACGGATTTTGATGCTTCACCGTTGCCCCTGCAATATGCAGACGCAGACTCACCAATTCCTCTTCGGTCAAAGGCTTGTTGTTATCCATCGCCCTTCATTGTCGCACGCAACAAAGTCCACAGTAACTTTCCGATGATGAATTCCGCTCATATTCAGTGCGCGCAGCGCCCTTGCGGTGTGAACGCAGGTTCACAGCCGGCTTTAGCCTGGCAGCGCGGGCTTCAGCCCTGCGTTCACTCAAAATTGAAAAAACTCTCATTGGGAAAAGATGTCTTAGGAATTCTGATATGCCTCTTTAATACCTTATCCATAAGGGCTAACTTGTAATGCATGATGATAAAACGTAAGGCCCTTCTTATGTTTTGCACCGTTTACTGTGGGCTAATTCCTACAGTAGCTCAACAGGAACGGACGACGCAATCTTTAAGGAATTATCCCACCTTCCCCCATATAAAAGCAATTAATGAACGCCATATCGAGTCTTCTCTTAACGGCTTCGTCAAAGAACTTGATTCTCTGTTTAAACATGGCGCCTATGGCGAGGTCATTGAAAAAGCATCATCTCAAATTGATGCCATGAAAGAGCCCGATACCAGGTTGGTGTATCTGCGCGGCGCGGCAGCCTGGCGAGTAGGCCTGTTCGCTCTGGCTAACCAGGATATGTCGCGCATTGGGGCGTTCCGTCTCCATTCCACCTGGCCTTCGGCGACGACTTACACCATCAAACTTCAAAGAATAAAAGCCCTGCTTCCGCCCAGAGTGCGAGAAGTTCGCAGCGACGAGAACGTTGTTTTTCGTGTGTTCTACTCGAATAACGACAATTGGACGTCCGGCATCATCAAGCTTTTGCCTCTGGCCTATCGGCTCAATCGCCGGATTATAAAGCAGCCCGTCACCGAAACTCAGGTTTTCATTTTCAAGAACTACGAGGACTTCAAGGCATTCTACCGCCTCAAGAGCGACGGACGCTCGCCAGGCAGTTGGACATGGGCCGCTGGCGATGCGGGCGTTATGTTTTTCAGCCGGGGCGTCCCCGGGGCCAGCCCCAAAGCGAGCGACGTTAACTCCGATTACTTCCAAACCACGGTCGTTCACGAGTTCAACCACACCCTCGTGAATGCCATTTCAGGCAGTGCCCACATGCCGGTTTGGTTGAAAGAAGGCTTGGCTACTCTGGTTGGAACTCAGGCTTCGCGCGAAAACGCCACTTCGATCAAACAGAGAATGCAACGCGCTGCCTCAGTGAACGCCTTCTTGCCGTTGACGGGACTATCGAGCCGCCAGGAATTCGCGAAAAACACGGAAGACTATGTGACAAAGAGTCGCAAGAACATTTACTGCGCCGATACCTACCCTCAGTCCTGCTTCATGGCCAGCTACTTTCTGTCGCTGCTACCTACTCAGGGCCTGGAAGCATTTCTGACCGATTTAGGTCAGAAGCGTAACTTCGATGAGGTCTTCCAAAAATACACCCAACACACCCCCGATGCCTTTTACCGCGACTGGTTAGCCCAGATCACTAAGCAATTCCACCAACCCTCCCTCTCGTAAGCCCCCCTCTGAGTCGGGTCCGCCCGACACTTTCGCCTAAAATCACTAGCTACTCCGCGCTTTCCCTGTTATACTTGAAATCAAATAAAACGCCATGCGCGTTTAATCCCCACCTCCGTTTCTGACAACAGAAGCGAGACCCCTCAACAACCATGATTAGTTTCCGCGATGTCGCCCGCAACATCGAACGCAGCGCCGTCAATTCCGCGATTCGTTCAACTCCCCTCGAAGCCACTCTCTCCCAGGGCATCATCCGCGTCGGCAGTCCCCAAAACCTACTCGCCGCCAACCATAATCTCGACGCCCCCCTCATCGCCTCTGACGGCACCGTACAGATTCTTCTACGAGCCAATACCATTCCCATCAGCGATGGCCTCTTGGCGCCTTAATATCTGGCAGGCGCCCCCTCACCCGGCCTTCGGCCACCCTCTCCCGCAAGCGGGAGAAGGATGAACTCAAACAAACGAGCTTGTTTGTCATTTGGCGAGAACTCGTCTGTATCAGCCGTTCCTTCTCCCGCTTGCGGGAGAGGGTGGCCGAAGGCCGGGTGAGGGCCGCACCGCTCCCCCCCATTTTCACTCCCAACTTTGATTAGTCAAACTTCTCACAATCTTTAAACCTTAAACCCATCCAGAAATCAATCTCCCCAAATTGATTTCCCCGCGAAATAGTCTGCCCACTCCACCCTCTCATTCTGGCCTCTGGCCTCCGGCTTCTGGCCTCCGGCTTCTGGCCTCTAAAGCGAAGCGTCCATGCTCACCACTCCCTACTCCCTCAAGCGCGACTACTCCGCCTCTACCCCGGTCAGCGCGGGCGACCTTAACCGCCGCGCCCGCGTCCTCGCCACCCAACTCCCCGGTGCGTTGCGCGGGGCTGCTCTCAGCGCGGGCGTGTTTCCGCTGTGGAACCCTGCGCCGGGCCTCTCCCTCGACGCCCTCATTACTGATTTAGTGGCGCGCGCCCAGAATTCGCTGCAGGTCACCCGGTCGGGCGCGCTCTTCGTGGCGAGTGCGGGCGCCGCCGTTATCGAAGCCTCGGATAACTTTGGCACCGCCCCTCTGCTCTACACCCAGACGACAGGCCTATCGGTAGCAGCCGAAACACCCCAGGACGACGATACCCTCTACATTCACCTCGCCCTCCAGCTACCTACCGATCCGCTTGCCCCTGGCGCCCTCGATTCGACCGTTGGCGATGCGCCCACCCTGCTCGTCTCCGACACCGAAGAGGAACCCGGCGCCCTCCTGCTCGCATCCATCACCGCCGCCGGTGGCTTGCAAGATCGCCGCACCTTCTCGACGCCGGTTCTGCTGGCGCTCGAAATGGACGCCCTCCGCCAGCGCCTCGACGCCCTCAGTGCCCCCACCACTGCAGGAGAAGGCAGCGAAGGTGGACTCACCCTCGCCAATTTCAACGACCTGCTCAACCGCACCTCGGCCCTCGAAGGCACCCTCGCCGACTTGCGCGCCCAGATCGCCAAACTCGGCGGCGGCAACGATCCCTTCCCCGCTCCGTTCGACATCCTCGCCGACGAAATCGCCCTCACCCGCTCCGGTCTGGCCGAAGTCAATCCCCCCGCTATCGAGCGCGGCCAAATCTCCCTAATCGTCGCCAACGCGGGCAAAGGCCAAAACGATACTCCTAACTTCGCTCCCAATACTCCCACCCCCAACGACCCTCTCGAACTCCCCTGGGACGCCCAACAAGGCCTCTTCGGACCGTAAAGTTCTCGCGCTAGAAGGGTGTCGCAATTGAGAGTGATTAATTTTTAGACGCAGATGAACACAGATGATGGCTGGATGGGAGTGGGCGCTTTTCTTCGTTGGTGGCGACCGGATGGAATCAGGAAAAAAGGGGCGGCAGTTGGAAGCGCCTACGCTTGATTCATTTTTTCTTTCTCGCTCTGCTTTCTATGAATCGTGCCCATCACCATCCAGCAATCATCTGTGCCCCATCTGTGTTCATCTGCGTCTAAAAATTATCACCACCCACTCCTACAAACTCCTAACAAGGCGAGAATCCCCCAACTCCCATCTCTGGCCTCTACCATGAAAGACCCCCGCTTTATTTCTGTTGACACCTCGCTCCTGAACGACGGGGATCTGCTGCGCTACGACACCGCTACCCACCGCATCATGGGCGTGGCTTCGGGCGAGAGCGGCGAAAACGTCGCGCCTCTGTCCATCCGCGTCATCGAGTTAACGGGCCACA
AP024152.1_gap13	774663	779155	4492	TTGCTCTCCTCTTCTAGCCTCCGACATCCAGCTTCCCATCCCTAAAATCATCTGTGGACATCTGCGTCTATCTGTGTTCATCTGTGTCTAAAAATCACCACATTTGAACTCCCCACCACTCGCAAAAGCCCGCCCCCTCCGAAATCTGGCCTCTAAAAACCTATGTCCGCCCCCATCAAAGTCCCCTTTACAAACCACTTCGATTTCCACACCCTGCCCCAGATCCGCGTGATGGAATCGTTTGCCCAATCCGGGTGGGTCTATGCCGGTGTTCAAAACGGCATCTGGCCCTACGACGAATATTATTGGAGTGAGCGCAAAGGAACTTGGGGCGGTGTGCTCCCTATGCCCGCCCGCGAAACAGTGGGCCACTTGCGCCTGAGCGGTGCCACACGCGAAGAGTTTGGCCCCCTACATGAACCTCTCGACCGCATCGCATCGGGTGTCCCTCTCATCGCGCTCGGCGAAATCCTCTACCGCTACGACTTCTACGCCCTCGGCGTCCCCAGCGGCGCCAGCGAACACCGCCTTTACAACTGCGCGACGGGCGCCCTCGTCGCCAGTGCCGGGCTCGGTGGTGCCCTCGGAACTGTGCCCGATGGCTCATATATGCTGTGGGCGCGCACCTTCGCGGGCGAACCCTTCCAGACAGGACACGGTCTCGCCCGCATCAAAGACGGCGAGTGGTCGGCACTTCGCGTCGTAGTTGGTAGCGGCACATGGAGCGTCGCTCCTAATGTCTGTCCTGGCCCCGGCGCCGCGCTCTACCGGAAAGACCAGAGCGCCGCAGAAACCGTCATCACCTCCGAAAGCGACGAGTCCTTCCGTGTCGCCTTCGATCCGCTCGCCCGTTGCGTCTCGGCTTCATGCGTGCTGGAAGCCCCGATCCTGACCAAAACCGGCGTCGAACTCATTCCTGCAGGAACCCGACTCATCGGCGGACTCCGCTCTTCAGCCAGTGGTCCCCAGACCGCACTATGGGTTTTGCACCCCGACGGCACCACCAAGATTATAGCTCTCCAAGTTGACTTCACTGATGGTGCCTGTGAATGTGCCAAAACCAACCACTTCGCCTCCGACATCGTGCAAGGGCCAAACGGCGATCTATTCGTCCTCACCGAATGCGCCCTCTTCCGTTTCGATCCCGACGCCTCCTCCGTTTACGAAGCTCTCCAGGGCTACCCCGCGAAGTCGGTAACTCCTGGCTTCCTACTCCAATCGCAAGGTTCATCGCCCGAAGCGGGGTACCCCGGTGGGAACTGCCTCAGGTTTCCGCAGGGCGAAATGATACATTGGGCTGAGAACTTCGGTGGAGTCAACGATGGCACTCCGCACTACAACCGCATGGTGCGCCGCGTCGCCGGACGCGATGTGAGCGGCCCCTCAACGCTATGGCATGGTCCCAACTGCGCCGAAACCTATCTAGGCCGCTTCTGGGGCATCCGTGCTGACGACGACGAAACCCTTTATCTCGACTGGCTCGACAATGGGCGTTGGCATGGCTACTCCGGCATGAATCGCCCCATCAATGCCACCTTCTGGCAACGCCTACGCGCTGTTGGCAACACCCTCTTCCTCTTCGGCTTCAAACCCGGCGCTCCGCTCAATCAAGGCAGCAAAGACCACACCAACGGCCAACACGACATTGACCCCAAAACCGGCAAACCCGTTTCCACCGACCCGCAAGGCCAGCAAGATGGCGCCCAATCAAACGCCGACACTCCTCTCTGCGCCGTCGCCGATGGTCTCACTCTGCGCGATGCTGCTTTCCCCTACTTCGTCCGCCGCGCCACCGTTGCCAACGAGTCGCGCGTCTTCGTCACCGCCCGCGCGGGCGATACTGGCATCGGCCCCGCCAACCGCGTCGTCGAAATCATCGCCGACAACGGCGGACGCACCCACCTCTGCTCCTTCTGGAACGAAACCGACAAAGCCTTCGAGCTAAACCGCGCCGATTTCGAGTCCCTTGGCGGCGACACGACCAAACTCCCGCCCTGTTTCGTCTGGCAACCCCTCGGTGGCGTCGATGCGGGCGGCAAATGGAAAGCGCGGGATTCATCCCCCATCATCGGCTTCTGGCTCGAAACCCTCGCCACGAGTTCGACCCTCAAGTTCTCCGCCCACCCCAGCGGCACCATCCCTTACGACGTTTCAGTCTGGAATCGCCTCTGCTTCGACATCCTCAGCGACAGTAGCCTCGACACCGAAGACGGCCCCATCATCGAACCGACCTGCCACAACGCCCGGTGTGTACTCGATTCCCTTCCCGAAGGCACCCGCTTTCGCGTCGTCCAGCGTCCCGTCCACGACGCCGCCAACCCCATCACCGCCATCCAGATCACCGACGCCAGCGACCAAAAGCGCCTCAGCACCGCCCGCAACGTCGCTCCTACCCTCTGGATGCGAATAGATTCTCCTGCCCCCCAGAGTGACCTCACCACCTACACCCACATGGTCAATTACAGCCGCCTCATCCCCCTCTCCCAAACTGCCAAATCGCGTGTCGAAGTCGTAGTTCTAGTGCCCCCCACCAATCAGCCCTTGAAAGCCCACGAACTCCCCATCGTTTCCAGACGAGCCTAAGAGATGTCTAAAAAGTCCCCTTCCACTAATGTAGGTGTGATTAGAAGAGGGCAGCAGCCCCGCTAATGTATTCTTCAGCGGGTCTGCCGCCCTCTGTCAATCACTTTCCACCGCCTCCCCTCACTCCCCAACCCCCATCCCCAAAACCATCTGTGGACATCTGCGTTTATCTGTGTCTAAAAACAATTCCTCTGAACTCTCTGCGCCTCTGCGGTTAGTCCCAAATTCTAAATTCTGGCCTTCGGCTTCTGGCCACTGAAACATGCCCTCCCTCATCCAATGTCGCCAATGCCGCGTTCAAAAATCGTGCGGCAGTTGCTTCGAGCCCTCAACCTTCGCCCGCCAGAATCTCGTATCAGGAATGCGCTCGGCCCTTTGCAAAGTCTGCTTCGCCCGGCGCCAGAACAAAACCGAATCGCAAATCGCCGAAGAACTACGCGAAGTCGCCTTCGAGCTAAAACAAGAACAACACTCCCCCGATAGCAACTGAGCGCTCCACTCCCATTGCGCTCTCACAAAACACTCCTTTTCCCCTCTTTTCTTCCCTCCTCTTCTAAAACATGCCCACCCTCCAAATTGCACGCGGTACCAGCGCGAACGTGCCCACCACCTACAACCCCGCCACAACAGGAGGGGCACCATTTGGTTGGGCACTGATTGGCCCCGTTGGTTACTGGATTTACTCCACGGATGCGGACACGCGCGGCTACAATGTCAGCGTGACTGATAGGAGCAACGCCATTGTCACCGTTCCCGCCGATGCCCCTCTAGCCAATTTCTCCCTCTCGACTTACCCACTCGACGGAATGGGGGGCGATTACCGCTCGTTTGGGAATTTCGATGTGATCACAGGCGAGGGGGGCGACTGTCCCACTCTAGCTGTTACTCTGGCGGGTGCGGAGTTCCTAGCCACTGAACGCATTCACTATCCCGATGGCAGCTTTTCGCCCAATGGTGTTTGGCGCTACACCTGGAATTACACGCTAACTGGTCCCGATGCGAACAGATACCAAGTCATATTGGTTGATCCGACGGGAAGAAGCAGCAATAGCGGTCCAACGACGGTTTCTGTGCTTGTGGCAGGAGAGGAGACGTTCGCTGGCACTATTAAAATCGTCGGGTTGCACCCAGGAGACGATTGTGTGGCGGAGTTTCCCGTCTCTGTCACGGCAGGACCGGTGTATCATCGTGTGCAGTGCTTGGATGGCAACTGTGTCGGCTTCGCTACAACAGATAACACAGCAGGGTTCGCGACGGTGGACGACTGCCTTGCCTCTGGGTGTGGCTTTTCTGGAGATGGATGGTATTGCGTGGATAGCGCCCCCGTCCACATCACGTCTTCAAATGAGTGGAGTGCAGCCGACAATCCGACTCCCCGCTATGGCACAGAAGCTGAGTGCCCCTGCTATTCGGGGCCGGTTTACTGGTGCGCCAATGGTCATGTCCAAAGCGGCACAACTCCGCCTTCTGGTGTCACAACTTATCCCTCCGAGCAAGCGTGCATCAATGCGGGCTGTGTTATATGTCCGCCCATTTTCACCCGATTCCGTTGTAACTCGCAGGGTATCTGCGAGTCATTCCCGACCTCAAACCCCAATGCGGGCTTCGCCGATTGCGAAGGCGCGAATTGTAGTGGTACCACCGAACCGCCCGATTACTGGCGCCACTACTGCGACGAAAACGGCGTCTGCCAGAGCTTTCTCACTTTCGATCCCACCGAAGGCTACGAAGACTGCGAACATGCCAACTGCGGCGCTCCCACCGAGCCCGAACCGTGCGATTACTTGAGCCATCCCATCGCCAACATCACGCCGTCGGGCAGCGCGAACCTCTCATTTAGCCTGTCGCGGCTCCAAAACGAAGGCTGGCAACTCGTCGTCACCCACGCCTTAAACGGCACGGCGCAGAC
AP024152.1_gap14	783956	788262	4306	ACCATTGACAGGGATTCCCATATCTGGGTGTGGGCAAGGGTTAATTGGGTGTTTATGCGCCCCCTGGCAGGGGCGCGAACGACGCGGGGAAATAGAGAAATGCTCCCCCAAAGCACATTTGAGGATCACACGGACAGCACTAGAGATAAAATGGGAGCCTATGAAATGGTTCCCCTGTGCCCTGCTCACTTTCTTACTCCTCGGTGGTTGTACTGCCTCGCCTCCCGATGTCCTCGACATCGGCACCACCAAAGAAAGCATCCTTTCTCAACGGCGCACTGCCATCGCACGGCTTTCCCAGGAAATCAAGCGTAACCCTCAAACGACTCTCTTTCTTATCCGCTGGGTGTTTGACAATAAAGGCCATAAATCGAACTCCGAACTGGCTTACAACAAAAACTCTGGTACTTTGACCTTGGATGAGTTGCGGTACTCTAATGTCACAGAGCAAGCCTTAAGCTCTGTCGTTAGCGGAGGCGATGTTGTCGAGAAACTCACAAAATATGGAGCCGTAAAAACCGTGAGGTAAGCTCGGCCCAGTGGACTGTGATGGATGGACGACATCGGGGAGCTTTGGATAAACGACTGTCAACTCCGAAGAGACGAAAATCCCTTTTTCCTGTCCGCACACAATTAAATTGGGATTCACCATTTTATCTCGCCTCATGACGCACGATAGAGTAAGGCCGCGCGCCCCCCCCGATTTTAAGGCGAAAGCCCCTATCCCTATATTGCAGTCTGCGTTTTTTGGGTCCGCCTTTTGCCCCTTGTCTTCTTTTGCTACTAAACGCCACTTCAATGCACATCTTATTTGTGGATGATATTTCCGAGACGAGAGACCTCTTTCGCCTCTGTTTTACTTTACAGGGGCATACTGCCGAAACCGCCCCCAACGGGATGGCAGCGCTCGATATCATCACGCACAACGCCGACGCTCTGGACGTAGTTATCATGGACTACCATATGCCGGAGATGACTGGACTTGAGGTGGTGGAGCGGCTCCGGCAGAGAAATGATATAACACAAGTTCCCATCATCTTATTCACAGGCGATACGATGGGAGAGTTTGAAAGCCAAGCCCAGAAGCTAGGAGTGGCCCGCGTGGTTTATAAACCCATTCTGCCAGCGGCTCTCATTGCAGCGGCTCAAGAAGTTGTTACAAAAAGTCATTAACAGCGATTAAGAACTAAGCCATCACTCGCGAGCGTTTCAAGTGACGCCCACTCTACGTTTTCCCTGGTTGCACCCCATCCCCAATAAGCTGCCACGCCTCAAGTTGTCTTGCGAACTTCACCTCACTAGCCTCGAAATGGAAATACCGGATTGAACGATGAAACGCCTCTTAATTGTCGAAGACAGTCCTGAAATAGCCTCACTGATGTCGCTTATTTTGCGTATAGAAGGAAATGAGGTACTAACAACTTCGACAGGCGAGAGCGCTCTAAAAATGGCGGCCCGAGAACTTCCTGATCTCATCCTTCTCGACGTCACATTACCCGGTATAGACGGTTTTGAAGTTGCCAGGCAACTCAAATCCGCTGAAGAAACACGCGCTATCAAACTCATCTTCGTCACATCCCGCAACGCAGTTGATGATCGAGTCCATGGCCTCGAATTCGGCGTCGATTATATCATCAAACCCTTTGCCGTTCCCGAACTCTTGGCCCGTGTGCGCGTAGCCCTACGCCCGGAACACTAAGAGCCAGCCACCACTTTTGAAATGTATCCCCAAAAATCGGCACCCAATTCCAAAAACCTGCTTATCGAAAACGCCTGGGATCGAGTGGGCTAAGTCGCCTTAATATTCTTTCACACATAAGGCCCAACTACGTCATGATGTTGTGCAGCGCCTCTTCGCAGAGTTCGTATAAATAACTGTGTAGAATGCAAGGAACTATGGGGAACGGTTCCATCTGCACAAAGTAAAAGCACCAAAGCCCACCTCAATTGAGGTGGGCTTTGGTGTCTCCCCATGAGGTTGCGTCCCAATACGCACAAACGCAACCAGAAAATACAAACCAAGACGCCTTTTCTATTGCCGGTAGAACGGATTTACTTCGAGTTGCGGGATGCCCCTCATACTTGCCAGACAAGGAGAAAAGTACAGATTTGACCACATTTTGTAAGACATTTGAGGAAAGATTGTGTAGTGCAAAGCCTGATAACCGCTTAACCTCGGCACAAGATTTGGTTAACAATTATGTCATGGAACGTTCTCAAGGAGGAGACTTGTCACCCCCAAATGTCGAAGACTGGACGCGAAAATTGAAGCGTGTTTGGGAACCCTCAGCGATTCTTGAAGTTCGCCCTCGAACCGATGGCGGTTTTTTGTTCATTGCCGGGCTATCATCAGGCGTGGTTCTGCATTTGGGCGTGCGAGCCGAGGGTGTCGATATGTGCGCGATATGGAAAGGAAAAAACTTCGTCTTGTGGGACAGTCTCATCGGTTTCTGTTCGACATTATCTCCCCTTCCTGTTTCACCAGAGCAAACCGCCCTCGAAACACAAATGAGGCCCCTCGTCCGTCGCAACTGCTTTTTAATGGGATGCGACATTGAGGCCACCGATGGGGAAATGCGCGAGTGGAACACATGGTTGGTCGGGCGCCCCAATTCTGACGCTGAACCCCCTATCTCAACTTGAGCCTGGTACTTCACTTATTGGCAGCAAAAGGATTGGCTTCTGAACTGAGGACCACACCTTGCCCCTTCATCCGCTCAATGGCGACTATTACCGCGAGTTGAACGAGAGTAGGAGCTTGCTTAAAAGCCTGATAGGAGGCCTCCAAAACCGAGCCCGAGGAAGAGAACACGAGAGCCTCCCAAAACTCACGCGCCTCTTCCCGTTCTTCGGGTGTGAGCCAATCGCCCTGCTGACTATCCCTCAATTGCCTCATAGAAATAGAAAGTGACACAAATCTCTCCATTGGACACTTGCCCACAAACATAACCTCTTCGCCAAAAAATAAGATAGCTCTGCTTCCGCCTATCAACCCCAGCGACTTCTAGATTAATCAGACCTTCCCTCACATTCTGTAATCGAAGTCATAGCCCCCAGTAAAAAATGGCTACACCATGCTTTCATCAACAGGCGGGCTTCTCTCATGCACTTGCCGCAATGGACAAGCCAATTTTTCGACAGGCAAGTAAATTTTTTTACTATTCGCCTCAATTCTTTCCAAAAGAGGGCTAATTTATCGTTCCTGTAATGATACTGTTCAGCCCACGTACCTAAAATTGAAGCAGCAGAGGGAATCTTGGGAACGATTCTCCCTGTCATGCTAGATGTACGACATAAAAGCGCCACAACCCACTTCATCTGAGGTGGGTTGTGGTGTCATTTCTACCTACAAATTACGCTAATGACTCAGGCGCACCCCTCCCTCGGAAAACCGCTCCACACTAGGGGTTACAGGATGGTTCTCTCATTTTGGTACGGAACAAGGCCCAATCCTCACTATCAAGTCAGGTGCAAGAACAACCGACAATGCTGGGCTTTAAATATGGCCACGGCACAGGCAAAGGAAGAGAAAACAACGCAACAACATGCGTTGGGAGTAGTCGTCAGGGAGTCCGCAGAACACGTAGGCCCCCTGTTGAGTCTCCAAAGGGCCTATGACTCCATCTCGCACCTACTCATCAAACACATCAATTATGCACCGCACTTTATGCACATCCCTCCGATAACCTTACCCAGCGTTTGATTCCACGTCCCTAATTTCTATCAGAGCAGAGGCGGCAGCCCCACGGACCCTCCAATTCTCATCTGTCAAGGCTTTTTCGAGGGCGGGAATGGCACTGGCAGCCCCTATTTTTCCCAGAGATCTGGCGGCAGACCGACGGACATCTTTGTTTTTTCCCCTCAAGGCTTGCTGGAGAAAGGGAATGGCACTGGCATCTCCGATGCTCCCCAAAGCCTCGGCGGCAAACCAACAGACCCGCCAATCTTCGTCGCTCAAGGCTTGTTGGAGGGAGGGGATGGCACTGGTATTCCCAATGCTCCCCAGAGCCTCGGCGGCAGACTGGCGGACATTTGAATCCTCATCGCTCAAGGCTTTTTCGAGGATGGGAACGGCACTGACATCTCCAATATTCCCCAGGGACCTGACTGCAAACCGACGGACCCAGCAATCCTCATCACTCAAGTGTTGCTGGAGTGCAGATATGGCACTGGGATCACCAATGCGTCCCAGAGCCTCGGCGACAGACTGGCGGACAGATGAATCCTCATCGCTCAAGGCTTTTTCGAGGGCGGATACAGCACTGGCATCCCCAATGCGCCCCAGAGACTTGGCGGCAGACTGGCG
AP024152.1_gap15	791964	793057	1093	GAGATTTCAGCATCGGGCGAGTTACTAATTTTGACTGGCTTTGAGTCGTCCCAGTCATCATCCCACTCATGGGTAATCAGTTGCTCGATTGCCCAACAATCGCCCGCTTGCATTCGCGCCACGGATGCACAGGCGCCTCGGAAAGCAAACGTTGACAGCTTCTCCCAAGCGAAACTGTCTTCTCGCATATAATTCCAGAGCAGAGCGGGCTCACCCCCCGCGTAACCCCAGGCCACAAAGCGGTCGGCAAACGACATATAGTTATCGTACACCGCACTGGTGGCTTGCCCCCGGTCAAACCCTATCTTGAGTTGCGCCCTCAGTGCGTCGGGGGCTTCGCCAAGTGCGGCGAATAGCTGCGCCGCACTATATCCATCCTTGAATTTATTCGGGTTTTGCAACCGATCAACGAGACGCCCCACGACTGTTTCTTGACGAGAAGCCACATATTGCAGCAAGCGGCGATACGCCTGAGATAAGTCAGAAGAGTTGATGGGACGCGAGAACAGGGCTTCCTCGCCAGCATCACCAAGGTCTAACAACTCATGCAATGCCTGGTTACCGATAATAGGATCGCCGCCGTAAATGCGTTCGATGAGTTGGTTTGGACTCGACATCACAGCTCATTTTAATGGTTTATCCCCTCAGTGATGAAAGTGTGCCGTGCAGTGAGAGCAGAGACCAGAAGCCAGGTAAGGAAACGGGAATATCGAGGGGATGTGCCATGTGTCTGCGCCCCCAAACGAAGCCATGGAGGGTAAACATGAGGGGATGAATGCAGAGGTTTCTTTGAGGGATGAGATCGTTGAATGCGAGAGGCGGTTGCGGGCAGCTCAGTTTTCGTCCGACGTCCCCGAACTGGATGCGCTGATTGCAGATGAACTAATTTTTGTCGATCTGGCGGGCCAAATCGCGACCAAAGCGATGGATTTGGAAGCGCACGGCAGGAGGGCGTTGAGACTCACCCGGTCGGACCTGAAGGAGCAGGAGATTCGCTGTTTGAACGAGGCGACGGCGGTTGCCATCGTGAAACTGGGCATGAGTGGTGCCTACGAGGGCGTCGAATTCGAGGGCGATTTCCGTTACACGCGCG
AP024152.1_gap16	827891	829404	1513	GTTCTATCGGACGAGGTGCCATACACGCCAATGCCACTGGACGAGGTGCCGTAAGTGCCAACGCTGCTGTCTGAGTCACCATACACGCCAACGCCACTGGACGAGCTACCATACACGCCATCGCTCGTGGTCGAGAAGCCTTCAACGCCAGAGTTCTTGTTGGCTCTACCTTGAACGCCAACGCCATTGACCGAGGTGCCATACACGCCAGGGCCAAAGCCTGCATGAGAGCCATAGACGCCGTAGCCCTCATAGCCGGTGCCATTGTTGATGCCGCGCACGCCCGCCGAAGAGGAGCCCGGCGCCGTGGACTTGATGAGGCCCGTGACCCCTATGGCATTGGCGGTAGTGGAACTACTCTCACCCACTACCCCCGCTTGGACGCCGCTGGTGTTGGTGTGCTGGCCGTAGATACCGATGCCGCCGCTACTGCTGCCCAGAATCGCGTTTCCAACTCCCAGTCCGTAAATCGGATAGACGTTCGCCGCCGTGCCCTTCACGCTGAGAAGGCCCGCAGGGGTGGTGGTGCCAATGCCGATTTTACCACCACTCTCGATCATCACCGAGTTGCCGATGGCGTTGGTACCGGTGAACTTGGCGATGGTGCCCGTTGTTCCCTGACCTGTGATGGTCCCCACCGCTCGTGGGGCGCGTGCTGTGAAGGTCTCGCCCGAAGGCGTAAGGGGAGTGGCGAGAGGTTCGGGGACGCCCGTTGCCTGAGTGTCCCCGTTGCCCGGTGCATTGTCTTGAGGCTGGGCCGAGACTGGTATGGGAGGCCCAACGAGAGAGCCCGCGCTAAACAGCAGGATGCCTACAGCAATCAGTTGATTGGGTGATGGGTTGGCTAAGCGTTTCATAATTGTGTTCTTCCTGTCAGTGACTCCACAGAATTATCGCACTTTGGCGTTCCCAATTACACCTCCTTGATTGGCAGAGAGTAGAGCAGCGCGACCTATTCCCTCGAAAGCGAGCCATGCCCCAAACTCAAACGACCATGACAGAGCAGGAAGCGGAGATAATAGCAGCGAGGTTGAAGCGGATATGGGGCTTAAGCGAACCAATGGACATCTTGGAGTCCCTCAGCGGCTACTGGGTTTTTAATGGGTGCCTGAAAGAGCCCGCTTTTGTGTCTATCCAAATCAAACCCTGGGGCATCAAGCCCTGGGACAATCGCTTCACCCTGTACTATCTGTACTATAAGGATGAAGTGGGAAACAAGGAATCTGTTTTGGTCTGCCGTGGCACAGACGAGATTCGGATAAACCCGCACGGGGGGTGGGGCCAGTTTGCCCCTCAATGGTTGCCCCTCTTTCGACGCGGCTGCTGGCTCTGCGGTTGTCCTATCGAAGCCACTCTCCACGAGAAAATGGAGTGGATACAGGGCTTTACCCGCGAGGAAATCGAAGCATGGAATTTGAAGATGTGAGTGAGAAGGTCGAGTGGGAAGCGCGGCGCGTGGCGGCAGCGTTTGGAGTCGGAGAATGGAAACCCAATGAGCCTTCAAGAGAGATCA
AP024152.1_gap17	833956	838125	4169	TAGGCCTCTTTCCCTTTTTATCGACCCTTTTACTGGGTGGGCGACTAGAGACTTGCTCGCTACTTCAGTGGAGGAGAATTGCGGACATCTGGCGATTCGGGCGCCAGATGTCCGCTCTGGGGGAGAGAGTGGTCGATCTTAAACTTGTACTGTTTCCTGTGTTTCTTCCTCGAATTGAGGTGCCTTGTCTCCATTCGCCCCAATATCTAAAGAATCCACGACCAATACGGCTTCTGCGTCCTTGAACCCTTCCACCTGGATGAGCAGAATGGCCGAAAGAACTTCCTGAATCGGGTAGGAGTTATCCGGTGCGTTCTCAACTTGCGGACAATAGAAAGAGCGGTAGAAATCTCCATTGAGCTCTTGACCATAGCCAAAATCCACCGTGTGCAAGGCGCCACCGATATTTAATGCCAGAGTCGCTCGTGCATCCGCAGTTTTATGCACGAAGCCGCGCACATCGACCAGATACCCGTGAAAGTACGGTTTATCCTCGGCGCTGATACTCACAGGGATGCTCCACGAAGAAACCTGACTTGTCGGCATCTCCTTTTCAGCCTGGGGAGACATGCCCACCAGAGCATCATTCAAAATGATGCTCATAACGCGCCCATTGAGTGTGAAAGCCTCCGGTTGGATAGTCGCAATCGCGACGGCAGGATGAGTTATGGCGTCTCTGCCAGACCCCAAAAATGTCCCAGATGGCGGCGGCGCTTCCGGTGCCGTGACCTCACCCCGTGGCGCCTCCAGTGCATCTCCGCCTAAATTCCGAGAAGCCACCGCAAAATTAAATGCAGTCCCACCACTAGTGACATCGGTCGCTCGCCCCAGAGATGATGTAAGAACGACGTATTGAGCCGTAACCCGTGTGCCGACTCCGCCTCCACTCGTTAGTAGATGGCGTAGGGCCGCGTCTGAAACGTCGCCTAGGCCAAAAAATACCGTACTGACCGCTTCCGAACTGTCCATTGCGATAGTACCCGATTGGGAACCCCACTGATTGATTGTACCGTTACTCATTATGAAAATTTCTCCTGAATGTTCAATTAATTATTGAAATCATGAGCCAGTTCGAGAACTGGCCCATGACCATCGTCGAATTCACGCATTGCCTTGAATGTTTCCCTGGTTAATTTCCTGCGGGTTTTTGCTGCGGGTTTTGGTCTTTTAAAAGAGAGGCTCGTTTGGTATCAACCTCATTTTTCAAGCGCAGTTGTAATGTTTGGGTTTGTAATGGGCTATCGGGTTGACGTAGCAGATTGACGATATCTCCGATAGTGGGGTACATGGTGGTCTGGGCAAAGACCACGCTCTCCTGTATGGCGCCTGCACTCCCTTTGCGCCTCGAAAACCAGCCGATGAGGGGTAACGAGCGCAGTATGGGAAGATCTCTGAGGATGGGAATGCCCCCCGAATTTTTCTTGGGGACACCCAATTTGCTGTTCGCCTCGAAGCGGGATACCTCGCGCAATTCCAGATTGGAAAGCTGCACTTCGGTGTTAATGGTATGACGCTCAATGCGGGGGAGTTGGGGATTGACTGTGCGATTGGGTCCTTGAATGAAGTTGTTTTGCGCGTAGTCGAATTGAAAACGCAGCGCCTGACCGGAGGGGTCGAATATCGGGGTCACTTCAAAGGTCGCTCCCGAAGTAATACCGTAAAGTTCGGGGGGACCCTCGCGTTTCACTCCTCCTAAAGCGCTCAAACCACCAAGGACCCCACCCGTTTGCGATGACACGATCAGTTGGGCAAGTTGTTGGGTTGCACCTAAAACATCTTCTTCTGGGCCGATTTCAAGTTGGGCCGAAGCGCGCGGATCAACGCGAGAAAGCGAACGATTGGTTGCCAGCATCGAAGTGCGCCCCACAATACCCACGTTCACATATCTATTGGCGAGGGTGGTGCGTAAATCGTTGATGGAAGGCGAAATGAATTGCCTGTCCAGATCGTCCTCTGCCGCCGTAATCATGCGTTTGAGCATTTCATCCGCCGCCGCAATGCGACCATTGATGAATGCTCTATCTATCGAGGTATCACTCAAAGGTCCCAGAATGTAAGCCACCGCATCCTCTCCGGTATAGCGTGCGCTCCTATCGATGTATTGGTCGCGAAGTTTTTCCGCCGCTACTACAGGGTCTGTTTCCAACAAAAGCGATTTTATAGAGTAGCTCAACTGTAGACCTTGCGCTTCCACGAACCAGTTAGCCAGGGTCATTAACTCTTGAAAGTTATCTTTTTGAATAACCCGTAATTTAAGCAGACGAGCCGGGTCCACAGGCCCCGGTTGTTTTATGTCCTCAGCAATAAGGATCATCTCCTCGACCAACGCTCTCACCCGTTTTTTCATTTGCGGCAAGTTGGCTTGCACTAAGGCATCGGTGATTTCACGTTGCGCGGGGGTCAGGACCGGGTTGCCTATGTTGCTCGCCGTAGGCGGCCCCATAAGTGGATCCAGGCCGACTTGATCAATCCACAATTGTCTGCGGAGCGACAAAAAGCATGGAACGGGAGCGGTTTTGGGCTTGTTGAAGGCAGCATTATATTTGGCCTGAAAATGCTCCCAAACATTTTTCTGGGTTTCCGGCGAACTGAGGCTTAACACCAGGAGCGTCTCGCCGAGCGTAGTCGTTCCTGCTGGATCAGGCAGCAGCGATCTCCCGACGACTGTACTATCTTGCCAGGTTTTTGTCGTTTGCTTGGTTGTGATGTGGTCGCTTGTGACACCCAGACGCCGCAAGACTTCCGGTGAATAGAACATCCATCGTGCATAAGTCGTTTGAAAGAGCTTGATACTATCAGCGTTTAGGGGGGCGGGCAATTCCGACTTCACCGTTCGCTGTGCGATTCGATTGACTTCCTCATTGACGCATTCGCGGAGCAAGGTCACGGAATCCGTCATTTGGCCCCGGGTTGTGGCCAGAGTTCCTTCCATGTGTTGCAACGCGGCGTTGAAATTCTTCAGACCCTGCTTATTCCCCGAACCGCTCATTTGCAGCGTCCACAGCGTCAGGCGGGCCTGAGGTGCGGGACGGTCGAAATTCGCGATGATTTCGACGGCGCGGTCCACATCGTCCTGATTGCCGCGCAGGAAGATGGTTTTGCTGTCGCGAAAGCCATAAATGCGAACTTTACGCACCGGATCGTCGCTGGCGGCGATGGCGGGAGCGAACAAAAAGGGGGTTTTGCTGCGGGAACTGGCGAACGCTTTGGACTCTGCCTCGACAGCCAGTTGCATGGTCATGCGACTACTGTTGACGGCATTCTGAGCGCGCTCCAGTTCTGCCATCAGGCCGTCTAAAGTCGCCTGTTCGCCGTCCAGTCGCTGGACTTCGGCATTCGCGGTTTCTTCTTCTGCCTGACGGTCATCATCAGCGCGCTGCGCGCGTTTGAGAACATCGGCTTTAACGGCAGTTTGAGCCTTCAAATCCTCCAAAATTCGGCTAGAGCTTTTATGACGACGAACGATATCGGCGAGAAGACCTTTGGCGCTGGCGCGCTCGTTGCGTATCGCTACTATTCGTGGCTGAACATCATTCACCGCTTGCTGGGCATTGACGAGGTCGATTTCGGCCTGGCCCAGTCGCAAACGGGCTACTTCGGCTTTCGCTTTGGCCGAGGGATCGCCGCCCTCTTCCCGCACATCGGGATTGAGGATTTGCATCAGTCGCGGCACATCGGTGAAGTAGTACAGGGAAACGCTTTGGACTGTCTCGTTCGCATGACTGCCACCAATGGCGTCTTCGAGAATGTTTTTGGAGGCCGCGAGATTGGCGGTATCTTCGTAGAGCGCCTCGCTCGCGGTTTTCAGTACGGCGATTTGACGCGCGTGCTTGGGTTTGTCTTCGAGTTGAGCCGCCAAAACTAACCACCCGGCGCGGAGTTCGTTCAAATCCTTGAGTTCGCCCTGAGTGCCTTTAATCAGCGATTGTGATGAACCCAGTTGGCCTTTCGGATCGGCCAGTAATTCCGGCAATTTATCCAAATTGCTCCGCCGCTGACTCTGGGCGTCCGCTGACAGGCTATCAAACCAACTGGGCAATTTCTCCAGAACGTCCTGCTTCTTCTGCTGGATTGCGTCCCGTGCGTCGTTAACCTGGCCAATCGGTGTGGTAAAGGCGTCGGCATCTATGTCCATGATCTTCTGTCCCATGTCGGCCCACACGGTATCG
AP024152.1_gap18	1016066	1018348	2282	CGCCACGCCATTCGTGCATTTGCTCGAAAGCATGAGGCTGTGAAGATAAACCGCCGCCACTTTCCCACATTCCGTGGTAATCGCGCGGCTGGTCGGAACTGTATTTGACTTCGGGAGTTGTAGGCGCCCCTTGCGCTTGCGGCGCCTCGCCCAGAGTCACAAGGGCTTTGGCGAACTTGTTTTTGTAAGTGTCGGGCACATTGGTTTCGCCGATTTTGGTTTGAAAGGTATAAAGGTCACAGGCTCCCGAATCGAAATTGGAGCGCCAGCGATTGAACAACTCATCGAGGTTTTCTTGAAGCGCCACCACTTTTGAGAAATCAAAGGCGTAGCGCCATTTGGCCGGATCGAGCCCAAAGAGCGGCAACAGTTGGCGGTTGAGGGTATCGGCGTCCTTGTTGCGATCTGGCACGATGCGAAGTTCCCAGAAACCCGTTTGCGCCGCCTCCAGATTCAAGTAAGTCGGGTCGTCGCCCATGTCGGTAATTTTGGGAGACACGCCCATGAGGGCATGGAGACGCCGCATGAAGTAATCCGTCAGTTTTTCCACCCCCATTTCGTCGGGGCTGTAGCCCATTTTTGTGACATCGAGCGGCATACTGGTGCCTTCGATACCCCCCGACGCCGCCTTGTTGCCGAAGTATTTGCGCCGCCAATTGTCCACGAAGGCTTGCATTTGGGCCGGAGTCACTTCGATGGCCGCACCCTGCGCCACACCCTGCTTGAGAGATATGAGAAGCGACATCACACCCGCGTTAAGCAATACCGAAGCGTGATAAGTGGAAACGGTATTATCGCCGACCATCGCAGCGCGCCCTGTTGAAAGCGGCGTCCATCCTCGGCGATTGTTATAGACATCGACCAGATGCCGAAAATGGACAATCTGTGACGGCGGCACGTCCTGCCATTCGCCGTCACCATCGAGCACCTTGTAGTTCGAGATGAAGTGATCTTTATCGCCCTCGACCTGAACCTCGGAAACCAACTTGGGGATAATGGCGGCGGGACTGCCCGCATTGTTGTAAGCCAAAAACCAGAAGGCTTCTCCGCGCGTCAAGCACGACGCCGCCTTAAGCCCCCATAATTCTGTTTCGCTGAGCGAACTGGGGTCAGTCGGACGAAAAATATCCAAGGCCGGATGGCTGTCCACGCGCTCCCATGCAGTCGTTTTTATGCCCTTTTCGTCGGTATGTTCAACCAGTTGTTCCAACACCAGCGGCGCGTCCGGGTAGGCACGCGTGTAGGCGTCCACACAAGCGGCAATGACGGAGTTGGAAAGTGGGTTCTCCATCAACGTCTCGAAGTTGTACTGTGGCCCGCTAGCACCAGTGCCCGCAAAACCCGTCTCAATGAGACCGTTGGGAAAGAAGACGGGGGTTTGATAACCACCGCCACCACCACGAATAACGGGGAAGGAAAGGCGCGGCACGATGGCGGTCACGGCTTTGATGGAGTCGCCCCAAACGGCTAATTGATTCGGCATAATTTAGTATCCCGCCACCATCCAACGCGCGACTCGCCCAACGAGTCCCCACAGTCCGCAAAACGCGAGGCCATAAATACCGACCAAAAGCGGCGCGGCAAAAAGATAAACCAGGAGGCTTTGCAAACCGCCAAGTTCGATGCGGGTAGGCACAGGCGGTGTTTGTTCAGGCGCTTTCATGTCGTAAAAAAGAATTCCTTCTTTGGCTTCATCATTGGTTCTAGCGCATAGCGGAGCCCGTCGATGCAGTGATTATCTGCGTCCTGCGGTATCGGTTTCACATCACCACTCAGGCGATCAATTTTGTAACTGTGTGTCCGAAACTCCCGAATTGTTTCTGTACAGCGAGGATGAATAATAACCCGCTGATAGCTTTTAATGTGTGCAATGCCGTCCTCAACACTCCCCTTTCCTTTGTCGCAAGCCGTCACCTTCGGTAGCCCGTGACGGTTCACATAGCGAATACTCTCCGGCCTTGCATTGTCAGCGCGCGCAACCCATTTCTCAAACTCCGGTATCCGGTCGGCGATGAACTTCGGCGTGTCGTCCAACTCCAATCCGACCTTCACAGCTTCATGACTAATGAAAAGTTTGTTGTCCCAGACGTAGCAACGAATTGCCGCTGTCGGGTCGTTCGCAAAACCCCAATCCAATCCCTGCGCCATCGTCCAGTCTTCGCCCGGCACAAACTCCCCTACTTCGTAGCACTTCGCAAATATCTGCGCCTCACTTTCTTCTCGATAAGCGCCTTCCCATATCCACGCATATGTACCGTCATCCATGCGTTGTTGATCGTCAC
AP024152.1_gap19	1025121	1027717	2596	TGATGTGAGCAGGGGCATTCAATATGCGTGAAATGCAATTGGCGATGTAGTTCATGGCGTCAGTATTGGCTATAGTTTCTTGCGAAGGCTTTGTGTGCCCGCATTGCCTTTTTCATTTCGCCCCCTCCAATTCGGCGAGACGAGCGCGGCCCCTGTCGGTCAAATCGAAAATTTGTTCAAGCATATAACGAGAATTATTGCGGCAGATAAGAGTCCCCTGTAAAACACAGTCCAAAACGGCGACGCCCACAGCGGCGCGACCTTTAGTTCTGTGGGGTAGCGTCACGTTAATAATATCCTGTAACGAAAGCGAACCGCCCGCCACCGCCACCGTTCGCAGCGCGAGCCGTTCTAAAGAGGGAGTGGTGTTAGTCGTCATGTTTTGTTCCTTGAATACCACCATAATTCAAACCGTACCGCGCCAGATGGGATGTCTTTCACTAAACAACGAAGACACACGAGGTTGTAGCGATTCGGGTTGATCTCACTTTTCACTTTACGCGGCTCTTCTATAATCCGATAAGCATTGCCAGTGGGTTCTCCCGTTCGACGGCTCATGCTGACTACATAGTGCCCTTTGAGAGGCGCCATTTTTGTGTCATAAAAGAGCTTGCAGGTTCTATCGTTCATAATTCACTCCTCACGCAGTACAACGCGCTGACCTGTGCGCCACTCGTAGTAAGCGGCACTCATGGCGAGGGGAATCATATCGCGGCTCTGTACATGGACAACGGCCTCGCGATAAACGCCTTCGACCTGTCCCCAGATTTTGGCAGTCCACAGGGCATGAAAGCCGACGTTGTGAGAGACGCCCTCCTCGATACCGGCCCAGAGTTCCCAGGCAGCGGCGATGTCGGTAGTGGGGTCATCAGGTGCCTCATTAAACCTCGTCTGTGGTTCAATAATCCAAAGGCGCCCTCCCATGTAGGCAACCTTAATCCCCATCTTTTCCAGCGCCCACACCCGTAACTCTGCGCGCGTCAGTTCAGTCATGGCACTAGCTCACCTTCCCAAGCAGCATAGTCATCTATGCGCTCGCACCTTTCCGCCACCTTGCATTGTTCGGCATGGCTACCCCCGTAGTACTCTTCCAGCGCTTCATCCGTCAAAACCTTGAGGCTAGAGGAAGTGCCGCCACAAACAGAAATGAAGGAAAGCCCGACGCTATTCATGTTTTGCAATGCTCGCTCAAGCCGTCTCTTGGCTTGTTTTTGTTCTTTAGTCAAAGTGAATTTTTCAGACATCCTTCTTCATCTCCTTCTCAGCCATCGCCAGTACCGCCGTCGTGTCGAGTGGCAACGACGCCAGAAACGCCGCGCCCTCATCGTAGATGTGATGGTCATTTCCGGCCATCCTTAGCCCCTGAATGCAGTGCCCTCTCTCCGCCGCCGCTACAGCAGGCAGGAGCGCTTCGAGATGAGCAATGTAGTCGAACGAGGCCAGCAATTCTGTTTTCTCAAACCCCTTCGATTTTTCAACTCTCCCGCGAATCTCCTCAATCGGTGGTCGTGTCATGGGTGGCCTCCTGGGGTGTGGCGGTCTTTTTCTCAAACTCTTGCATGGCTTTATGCCACTCTAGTTTCTGGTGGGCCGTTGCCTCCAACGCGCCTGACTCAGCACACGCCAACTTAAAAAACGGTGTCCATTGCTTAGCAAAACGCTTCGCTTCTCTAGCCTCTTTTAGAGTGCTGTGTGAATAAGTCCCGTTTGTGATTTTGTCTTTCTCGTAGCTGTAAAAGTAGAGGCATCCGCGCGGACCTCCTTGTTTCGTGCTGAACACATAGCGCTCATGCCCGCCGAACTGCTCTGTGTAACGAAAGTACGTGCCATTATCGAACATAAGAAAGATGTCGGGGCGCCCTAATTTCTCCTCGATACGAATTTCTGCCTGACAGCCTGTGGGTGTCCAAATCTTAGCCAGTTTTGCTGCCAGTTCTTCAGTTTTTTGCTGGTTCATGGTTACTCCTTTGGTGGTTCTGGAAATGGAATGCGTTGTCTCCAATATGCCTCTTTGATTAATGTAGCACCCAATGCGCGCACCGTTTCCCTGAACCATTTGCCCGACTCACTTAAATATCCCTTGGATTCTTTGTAGCACAGTTCGTTGTTGTAGCCGTCAGCTTTCCGATATTGAACCAAAATAAGAATGTCTACTTCCTCGCCATGAACAGGACTTTTTTCTTCAACAGATATCCACTGCAACGCCTCCCGCAATTCATCGCGCTCCTTTTCCGCTCTCTCTGCACGGGCAGCTAATTCGGCAAGCATGGCTCCCGTTCCCGCTTGGCCTAACGATAAGTTTTTTTCATCAAGCCGGTTTTTAACATTTGCAAAAAATGTTGTGAGGGGTGCTTTAGCTCGTTCTCTCAACGCCGCGTTCTCTGCGCGGGATTGGTCGAGTGTGGCGAAAATGCGCTCTAACTCTGAGGGCAAAAACTCCTTTTGCAATTCGGCCCAAGCTTCTTCGCTGGTTATGTCGTTGAATGCGCGTGCAGCGACAACACGCTTGTACTCAATTTCTTCAGCGCTCAACGGCGCAGTAGGTTGGTTCATTCGGGTTTTGGCTCCTGATGTGGAACTAACTCCAAAATCAGTA
AP024152.1_gap20	1105567	1107880	2313	TGCGTGGTCAGACCGATCACGGAGCGCTCATCGTGATTACCCACGACCTCGATATTCTGGACGACGCCGACATCGTGTTCCGTATGCGCGACGGCTTGCTCACGGATACCTTCGTACCGCAGTTGAAGTGCCAAAGCAAAGATGTGCGACCATCTCAAGAAGCATTCCCCAATTGACGGGATGAAGGAATCGATTGACGATAAGGTCTCCAGCATGAGAGCATAGGTGCCGGAGCGAGAGGGCATTGGCCCATTTCTATCGCTGTCTGGACACAGGGGTATGCAAAAGAACTAAGATGTAAATTGGCGCGTATGCTTCCGGCGGGGCAATTTTTGTCGGCTGGAATCGGGTGCTACGATGGTGAATATGTCCAAGTCAGGGCACAGCATTGCGTTTAAAATGAGTGATTAAAAGTGGCTAGGCCCGCAATCTCACCATGAAATCGCAGTGCGGCACTTTTTTGGCTCTTTTCACTATGCTCCTTTCGAGGAAACCCTGTTATGTTCAAAGATACTCTGCTCGCGGCAGGAGCCGCACAATTAGAGGCGGCCAAAGCGGCTGGAGCCGCGCAATTCGATTCGGCCAGACACGACGCCGAGAAGTCCTTCTCTAAGGCCAGACACGACGCCGAGAAATCTTTCTCGAAAACCAAGAAAAAAGCGGCCAAAGTCGCTGCTCAAAAAGCGGCGCTCGCAGCGGGCTATCTCCCCTCGCTCAAACCCGAAAAGAAACCCAGCGCCTTGACGCGTATTCTGGGCGATCTGGGCACGGCGATCTGGTTTGGCGGCTCGGTGTTCGGTATTTTGTCGCTTAACCCCTCGGTCGAGGTGCTGGACGACCCCGAAGAGCGTGGCAAAATGGTGGACGAGGCGTGGGCGCGCTTTCAGCCCTACGGCGCAGCCGGACTGTTAGTGGCGTTCATCGCTCACATCGCCATGCGCCGCCGTCCGCCGCGCAACCAGACCGAGACCTACAAAATTGCAGGATTGGCGAAGGACTTCTTCATCGTGGGGGCGGGCATCACTTCGATTGCCTCGCTCGCTCTGGGTGAATATGCCGTGGATGACCACCAACCAGTGGATTCAGCCACCGAACCCACCGAGGGAACGCCCGATGACACGCAAAAAGCCCAGAACGGACTCTCTATCGCGTCCATCGCCCAATTGACCTGTGGTTTGGGTCTCATCATCGCGGGTGCAATCCTGGCCAGCGAACGCGATAAAGCCTAAAGTTTTCGGCACTCACACTCCTTAAGAAAACTTAATATCAAAAAGTTACAAAAGGAACTCTCGGCGGCGAGTTCCTTTTGTGCTTTGGCCATTCTTTATAGTAGAATGGATATGTACAGGAAAGAAGTTGTGACAAGTCTAAGCCCGATTTTCTGTTCCTGTAACGATGTGATAATGGTGGACTTCTAAAATGGATGGCGTTCACGGAAAGGCTCGTTGCTTCTTCGCTCTATAGCGTAGGATAATATGGCCTGACCGGACCGGTTGCCGGACCTGTCTTGCACAAGTCAAGATGGCGTCACCCTCTCTAAGAATCCCCCCTCGTCACCCCTTTAGGTGGGTCATTCAGCGGAACTGACTCCTGTTGTACCATGCTTCGTTGGTTTTTTGATGCCCAAAACGCATCCCCGCTCGAAATTCTTTCCCTCGTGCCGATGGAAACGTTTGCTCACGACTTCACAGAGGCACCTTCCGAATCAAATGGCACGCTCGAATTTCCTCCCATTGGTGATGGCACCGAAGCAAGCGAGGCTGTTTTGCGCTGGCGTCGCGTCGTCCTCAGCCTGAGCGAGGAGTTTTCGCGGGCCGCGCAGCGTCACCCTCACCTCGCGCCCATCTTCATGGAAGCGATGGGCAACTTGCTCGAACAACTGTTACTTTTTGGCCGCGAGGAAGACGTAATGGCCCTGGACGAGTGGTTGAATTTCAACCCGCACAACAAGTAATTTCCCAACTACAAAAGCGAACGCGTAACGCGTTCGCTTTTGTAGTTGAGGGGTATCCATTCCTCTTTTCAACCCGCCAGCAGTGTGCGCGCCTCTTCCAGTTGTTCTCGCACGCGTTGCGGCGCCGTTCCACCTTCGCTCTGTCGGCCCGCGACACTGCCTTCCACTTTAACGGATTCCAACACGCCTTCGTCAAAACGGGCATCTAACTCTTTCCACTCTTCCAGGGTCAAATCCCATAATTCTCGGTTCGTGTTCTCACAGAGTCGCACGGCGGCGCCGGTAATTTCGTGCGCCTCGCGAAAGGGAATGCCACGCCGCACCAGATAATCGGCGACATCGGTGGCGGTGGCAAAGCC
AP024152.1_gap21	1110938	1113307	2369	GGCCCAACGGAACTGAGTTTTGAAGCCGAGAGCCTTCGCTTCACGACGGGTGGTGGAACAGAAGACACTTCCATAGATCAGGCCGTAACCGCAGCACGCGGCGCAGATGTCGCGCTGGTTTTCATCGGCACAAACGCCAGTGTCGAGCAAGAAGGGCGCGACCGCAAAACACTGGGACTCACTGGCAATCAAGAAAAATTGGCAGAAGCCGTCTTTGCCGCTAACCCGCGCACCATCGTAGTGGAAATGAGCGCAGGGCCATTAACGGTGCCCTGGCTCAAGCAAAACGTCCCCGCCATGCTGCAAGCGTGGTGGCCTGGAGAAGAGGGCGGACACGCCATCGCCGACGTGCTGTTTGGCGATGTTAACCCCGCTGGCCGACTGCCGCACACGGTTTATGCGTCGGAAGCGCAGGTACCGCCACAAAACGAGTACGACGTCACGAAGGGCTACACCTATATGTACCTCAACGGCGCCCCGCTGTTTCCCTTTGGACACGGGCTCAGTTACACCCAGTTCAAATACTCCAATCTGCAAGTGCAACCGAAACGGATCGCGGCCAATGGCAAAGTCACGGTGAGCGTGGATGTGCAAAACATCGGCGCGCGTTCCGGCGACGAGGTGGTGCAACTGTACGTGCATCAAGTCCAGAGCAGCGTGAAACGTCCTGCCAAAGAACTGCGCGGCTTTAGTCGCATCAGCTTGCAACCGGGCGCCAAAAAGACTGTGACACTGACTCTACCCGCCGAGAAGCTGGCGTTCTGGGACGAGAAAACGCACGGCTTCAGAGTCGAACCAGGTGCATTTGATGTGTTAGTCGGCGCTTCCTCCGAGGACATCCGCACACGGGGTCGCCTCACAGTCACCAAATAGCGATGCCGCCTTGCCCGGCTTTACTGAGTCATGGGGGAAGATTTATTGCCATTTTTGGAACTGGCACTAGAAGTCACTTTTTTCTGCCCAGGATAGGCTAAAGACAAACCAGTGCGCGCCGGGGACATTAAAGTCGTCTAGGTACAGCACCGCCTCATAATTGTTGGCGGCGGTGGGTTGTTGCGTGACGCGGACGTTGAATGGGGCGTCGCTCTGGGCGGGAATCTCACCGTTGTTAAGGATATCGAGGCTTAACACGGACTCACTGTCTTGGGGTAAAGGAGTTGTGAGGGTGTATTTATCCGAAGTCTTGTCGTTCCAAGTGGGGAGCCATTCCTTACCATTGATGCGGGTGGGGTGAAGGCCATTCCCTCCAGGCAAGTCCCAGCCGCCGTGAACGAACCAGAGCTTGCCGCCTTGAATATGCACTGAATCGCTCCCATCAACGTAGATGGCAAAGCTCATGGCCTGTCCCTTGTGTTTGGCAACAAAACTGGCGAGTCGCTTCTCTATGGAAACCCTGCGCTGCTCTTCGGTGAGGGTCGTATCTTTATCGGAAACGAGTTGTTTCCCGGCACTACCCGCCCTGAAAACACCTCGTATTTCAGTAGGGTTGAGGGCTCGCGCCGTCAGGCTGACTTCGTCGATATCGCCCTTGAAAGTAGTGTTACCTCCGTTGATATAAATGTGTTTGCCGATAAAGAAATCGAGATTAGTGCGGGGGTCGAGTTCACCAACGTTTTTCTGGGCCTGCACTTGACCATTACAAAAAAGGCCGACGACGCCGGTATCTCTGCGGTATTCAAGCAGGATATGCTGCCACTTGCCCGCAACGATGACTGCCTGTCGGCTCAACAGCCGGTGGGAGCCTCCCTTCATGTCGCGCAGATCCGTACCGAATTTGGCCTTGCCCCCCTCGGTTGCGGGCTCGATCCACAGACTAACACCGGGAGTATCGACGCCCGACCAGCCAGCCACAGGTTGTAGTTTCGAGAGATCGTCGGCTTTAATCCACGTATCCAGGGTGAATCCGGCGCCTGTACCGGGATCGAGGTCGGTGGTCGAAACTTTAATGTAGCTCTTTTCGCCATCGAGATGGAAAGCTTGCCCTACCGTACCAGAAACGTAAGTGACGTGGCCGTGAACACGACCATTATTTTGTCCCAGGCTGTCAAGCGCATCGGCGTCGCCAGTCCACCACCCGATCAGCCCTCGCGGTATACCGGTGATTTCATGGGTATTTTTGTCTGTGGGCTCCATCTCTTCAAGCGGGGGCGGCTCTAGCGTGAGTGCCAGAGATTGGATTACGGGAGGAGCTTTAACATCGTCGGCCCGAGCGGGCAAGTAAAAAACAAGCGAGCAAACAGCCACTTTCAGCGGGGCAAGCCAGGATGGGAGGATCTTCATGAGTGGAGAGCCAACGGTATTTCCGAGTATATTTAGCGAAAGTTACGTATTTATATCGCAACCAACTGGCGTTCTAAGTAACCGTTGAT
AP024152.1_gap22	1135050	1139939	4889	ATGGGTGATCCTCGTGGGGGCCGCGACCCGCGCTCACAGTTGGGCATGGGCGGCGGCGATCCGCGCATGGGCGGTGGCGACCCGCGCATGGGTGGCATGAGGGGCAACCCGGCTGGCGGTGCAGGTGGCGATGGTCAACCCGCCTTTCTTGGACCACGCATTGATGCGCGCGGTCTGTCAGCTACTTACGCGTTCCCCAACGAGGAACAGAATTACCGTGTGGAAGTGACAGTGCGTGACCGCTCAGGCCAGAAACAGCCAGTAAAAACCTCGATTCTGGTTCGCATTCGCGGCTAGAACATCTTTTTGAGTAAAGAAAAAAGGCGCTTAACTTTCCGTTGAGCGCCTTTTTTGTGTCTGCCGCGCGTAGTTACGGTTGACTGAAGCGCGTGTCCCATCATTTTTGCACTCTCGAACGCGAAGTCGAGTTGGAAGGCGTCGGACTCCATAGCGGCCAGAGCGTTCGTTTGCGTCTGCTGCCTTCATCAAAAGTCGGCGTGACTTTCGCCCGTGTCGATTTACCAGGAGCGCCCGAAGTCGCCGCCGACGTGAGGCAGGTTTCGACCACCATCCATGCGACTACCATCGAGAGCGGTGAAGCGCGCGTTTCCACAATCGAGCATTTATTGGCCGCACTGTGGGCAAGCGACTATACCCACGTTCGTGTCGAGCTCAATGGGCCGGAAGTGCCGATTCTGGACGGTTCGAGTCGTGGATGGGTAGAACTGTTGGAACAGGCGGGACAACGCGAGTTGACAGGCGAACGCCCCATCGCACGACTTCAAGCCCCAGTCTGGCTCGAATCGAAGGGCACGCAAATGTTCGGTTTGCCCTTACCCATTCCCACAGACGGTTCAGAAACAACGTTTCGTCTGTCGGTCGGCGTCAACTTCGATGCCCCCGGTGCAGGAGCCCAATCCTTTGATGGTCTCATTTCCGCGCATTCGTTCGCACACGAACTCGCTTCGGCCCGCACCTTTACCCTCGAAGGATGGCTCGCCCCCCTGCAAGCGGCAGGACTCATTAAGGGAGGTTCGCTGGAGAACGCAATCCTTATCGGCTCTGATGGCACCCCTTCGTCATCTCTGCGTTTTGAAAACGAGTTGGCTCGCCACAAGGCGCTCGATTGTGTGGGTGATCTAGCGCTTGCACTGTGCGCGCGTGGCGCACGTTTTCACGGCCACATTTTTGCGCTCCGCGCCGGACATGGCGCACATCGCGATTGGGTGAACCATGCCCTTGCCAGTTGCGCCCTCACAATGTAGCGTTTGTAACACTTCAAATGACAGCGTGTTTTCCAATAAGTAAACACACACTTTTATTCATCTCCAAAGACCTGAAGTGGTTTAGAATCACCGGTAGACGGGTATAATGAGAGGGATTATCGTCCTGTCATTCAACTTTTCATTAGGGCGTCGTCACGATATGTTTTATTCTAATTCATCCAACAAGCGGGGCGCGTTTACCCTTATAGAATTGCTCGTAGTTATTGCTATTATTGCGATTCTTGCATCAATTCTGTTCCCGGTGTTCGCCCGCGCCCGCGAAAATGCGCGACGGACCTCGTGCATGAGCAACCTCAAGCAAATTGGTCTTGGTGTCTTGCAGTACACCCAGGACTATGATGAGAAGTTTCTCAAACAGGATCTAACCCCTACAACTGGCGATTGGCACTTCGGTTACATTTTGCAGCCGTATTTGAAGAGCCAGCAGATATTCATGTGCCCCTCGGCAGCGGGAGCAGAAACACTTGTTACCCCAACCGATGGAAAAGACCACATCTGGCGTATCAACTCAGCACGCACGGGCAACTTCGTGGGCTCCTACGGCATGAACTCAACAGTGGAAGGTTTGTCCCAGTCCGTCTTTACCAGCCCATCCACGACTGTCATGTTTTTCGATGCAGCATGGCCTCAGGTAGGAGCCATTGCTGACGCAGCAATGTTCAATTCATCGCGTCACTTTGATGGCTACTCCTTCTGCTTTGCCGATGGGCACGTAAAATGGCTCATCCGCTCAAGAGCCGCCGTCGATCCCAACCTTTTCTACTCCTGAACCTTGATTTCATCTCACAGCCCCTTCTTTTATAAGAAGGGGCTGTTTTGTTTTCGCTAAGCTGTTTGGCGCTTATGGCCGTCGCCACGCTCAATTATTATTCGCCGTCACTCGACAAACAAACGACCTGTAACGTCATTATTCCTGAAGTCGCCGGTCACGATGGGCCATTTCCGGTCTATTACCTGTTGCATGGATTATCGGACGATTATTCCATCTGGCAACGGAGAACGAGTCTGGGGCGCTATGTGCAAATGCTCCCTCTCATCGTGGTCATGCCCGATGGAGGGCGCGGCTTCTACTGCGATGCCCATGAGGGCTTTGCCTATGAGTCGGCCATTGTCAATGACCTGATTTCGTTCGTTGACCGTACCTTCCATACCATTCCCGAACGAAGCGGGCGGGCCATTGGTGGCCTTTCGATGGGGGGATATGGAGCGATAAAATTGGCGCTCAAGTTTCCAGAGTTATTTACCTCGGCGAACGGTCATTCGGGGGCGTATGGCTTCGCGCACGGCATGTGGCGCGATGCAGAAGCCGAATTTCAGCGCATTACCGGCCCTAACGCAGTGGGAGGGCCCAACGATTGCTTCACCCTTGCCGAACGGTTCCGCGCAGCGACAAACCGCGCTAAAATGCCCGCGCTTCGCATAGATTGTGGCACGAGCGACTTCCTGCTCGACCAGAACCGGGCATTCCACACCCATTTGCAAGAACTTGGTATTCCCCATGATTATGTCGAGGCTCCGGGCGCCCACGACTGGGCCTACTGGGACAAACACGTCCAGGGCGCCCTGCGCTTCCATTCCAAACACCTCGGTATCTCCAAGCCAAAGCTGCGGGCTTAACTTTGTTTTTCTCAGGCAGCTAAAGCGATAATCGGCATCTCGATATGGGTGATTTCGCCTTCGAGAACGGCGCGTAAGAAGTCGCGCACTTCAGATTTATTCATTCCGCGCGAAAGCAACTCTTCGATCTCTTCGCTCCACAGATCGAGATTGAGCCAACGATGCACACGCGCGCACATTTCCTCCTCTTCATCACTCCTGTAGGGAGAAACAAGGGGATTCGCTTCGTCATGCGCTAGCGACCACAGCGTCGAACTGCAATCGTAGCCCTGCAGTACCGCGAGGGTGTGCAGCAAGAGGTCGTGTTCGCGGCGAAAACGGCGCGTGTCGGCGCCATAGCCAAGGAAACGCGCGACGGTGCGATCTTCGACAGGGCGCGGCAATCGTTCGAGGATGCGCCCCGACGAGGAGAAATAAGCGGTGGTTTCGCCGGAATCATGCACGTTCATACGGCAACCGGGGAAGAAATACGTGGTCATGTTGACACTCTCCCTTTTAACGGGATATATGCCCCCTTATACGCCGCATTTTGGCCTTTTGTTCATAACTGTTAGTCGGATTTCCAAACTGATGCCCGACGAGCTTCTCCATCGAAGAGAATTTCGATTTTCCAGTTGGGCGCCGTCAAAAAATTCGCGACCATTTCGGGCCATTCCAGCAAGCGAACCGCATCGCGTCGCTCCAAAAAATCGAAGAAGCCCGCATCGGCGAGTTCGCCGCTTCCCAAGTCTTCCAACCGATAGGCGTCGCAGTGCAACAACGGCAAACGCCCACTCTCGTATTCGAGGATAAGGGTGAAAGTGGGCGAGGTGACGTCTTCTTTAATTCCCAACGCTCGCGCTAATTCCTGCGCGAACGTCGTTTTCCCGGCGCCCAGTTCGCCCGACAAATACACCAGATCGCCCGCTTGAAGTTGCGCCCCTACCGAAGCGGCCAGGGCGCGAGTCGCGGCTTCGTCGGGCAATGTCAAAATCTTAGTCATTACGGAGAGTATTAAGTTTTGAGTGGTGAGTTATGAGAATTTGCACGAGTGGGCTGCTCCTTGGAGGCTTTTCGTATGAACATGGCAATGGAAATGACCGACCCAATACTCAATACTCTCCCCAAATGGCCAAAGCCTCGCAAAAGACCCATTTGACAGAGTTTGCGTCTTAAACCTACAATGAAGGCGTCCGCTTTCCTTTGTGTCGTTATGGGAAAAGCACCCTGTTTCGTGGTAGAACTCGCTTGCGTCGGTCAAAGGCCAATTCATCGCCAGACACCGACACCAGTTTCGACAAGGATTTTTATGCTGCACACCACCCGTCACTCAGCCCTGCGTTTGTTGCCGCTTTTGCCCGTTTTGCTCGCTATAGGCACGCGTGCCCATGCTCAGACCGTCGTAACCCCTCCCGCCTCTGCGGAGGGCACCGTCGCCGTCGTTCCTGCCGGCCCGACTCGTTCGGGAGCGCCCGTCTTGATCGTCGCCGTTGTGGACACGAGCGGCAATGCCGATACCGCCAAAAAAGCGCTTAACCTGGCGCCCAAGGCACTCGCTCAGACTCCGGGCTACAGCCCCGTATCGGCGAGCGATTACCCATCCGTTTCTGCGGCCCTGACCAAGGCCGCGACCAAAGACACCGATTGGTCCTACCCATTTACCTCGACCGATTACATCAAACTTGGCAAAGTCACGAAAATGACGCGCGCCATGACGCTTTCGGTGACTCCTGCCGGTGATGGCTATACGGCAATCGCGGAACTGTACGACACCAAAATGGGCGTCCTGACGGGCTATGGACGTGGCACTTCGGCGGCGGGTCAAACCGGCGACGACGCCCTTAGCAGCGCCATAGCTGATGCGGTACGCGCCCTTGGCCAGACCGCAACCATTCCCGGTATCGTGCTTGCCAAACCATCTATGGGCGGGACCTATGTCGCTCGTTTGTCGCTGGGCACCCTGTCAGGCGCACGCGGCGGCGCACGCATCGAATATCTGGGCGACAA
AP024152.1_gap23	1182591	1184894	2303	CAGGGTATGAACATCTTTACCAAAGGCGGTTATCGCGCCCTGACGCACGTTGTCGCGGTTGATCGTCTCATACGAAACCCACTTCATGTTTGGCAACGCCGTTTTCAGTTCTGCAATCAGCGACAGCGTCGAGGGCGCCGTGATGGTACCCGTCAGTAACGCGATGCCAGCACCACCATTGATTTGCGCTTTTTGGAACTCGGTGTTCAGAACGCCCGCAAAATCGCTCCAACTGGAGGGCGCGCCCGCAAGACGCACCTCCGCCGAGCGGTCGGGGTCGTACATATCCAGAATCGAAGCCTGCGCCCATACATCGGTTTTACCGCGCGAAATGGGATGGTCGGGGTTACCTTCGACCTTAGTGGGGCGTCCTTCGGTGGCTTCAGCGAGCAGACCCAGTGCGTAGCCCATGAACGGCATCGCCGTGGCGTAATACAAAGGAATGCCAGCGACCGATTCTTCGGGCGCCTTCACGAAGGGAACAATTTTTTCTTGCGGCTGAAACGCGCAACCCGACAAACCCGCGAGAGCCAGAGCAGCACCCATCAGCTTGACGAAGTCGCGGCGTGGCAGCGGTGCCCAGTCGCGGGGCGCGATGGGGAACTCGCGGCGCAACAGTTCGGGAAAATCAGGATCGCCCGCGACTTCTTCCAACGAGCGCCAATATTCCTGGCCATGTTTGGCAGCCAGCTTTTCACGCACTTTTTGAACGTCGAGTTGCTTTTCTTCGAGTGGTTTTCCGCTGTTGTCGGAAATCTGAATCAAGTTCATTAGAGTTTTTAGTTGTTAGTTGCTAGTTATTAGTGATTGGTTAGCAGAAGATGGCTCTTTAACTAACCACTAAAAACTAACCACTAAGAACTCAGTGATGGCAGGTGTAGCAGTCGGTCAGATAACGCTCGTGCGCGATCTTGTAGTTTTTGACTAGCTTGCGACCTAGTTCAATTTGAGTAAACGGCTTTTGGGTGTCGGGGTTGATGCCCGCATCCGAAGGTTTCCAACCCATCGTCCACACCGCTTCCTTGGGGCGCAAGAATTTTTCGGGGTGACGGTGGCAATCCAAACACCACTGCATCGACATGGTATGCACCTTCATCGCGAGAGGAGCCTGGTCGATTCTGCCGTGGCAGGTTTCGCAGCCGACGCCCTTGTTCACGTGCGTCGAGTGGTTAAAATAGACGAAGTCGGGCAGGTCGTGTACGCGGTTCCAGTTGATGGGTTGCCCCGAAATGTAGCTCGCGCGAACCGGCGCCAGTTCCGGTGAATCCGACCAGATCTGCGAGTGGCACGACATACAGGTATGCGTATCGGGCATACCCGCTGAAGTCGATTTCTCTACCGCCGTGTGGCAGTAGCGACAATCGATACCATCATCCAGAACGTGGTGCTTGTGAGAGAATTGCACCGGCTGTTCGATAGGTTTATAGACCTGATAGCCGTAGGTCATGTTGATGGCATACCCAACACCAATGAGGCTGGGAAGGCCCAAAACGCCGCCCACGATTGAAACTTTTGCAATCGTGTTGCTCGCCGGATGAAACAGTTGCGCCATGTAACAGCAATACCTTTCTTTAAGACAACGTCTGCGGTTTAGATACTAACGTTCCAAACCATCTTAACACGATGTCCAGGTGTTTCGGGAGCTTCCAGAAATAGAAGACCGCCGACACACAGAACACAATAACGAATTCTACCCAGCGCCCCGATTGGTCGATGGCCAATGCGAGGAACAACAATGCCAGATAGATCATCGAATAATGAAACAACGATGAGGCGCGTGGCCGGTCAATGTGCTGATACAGCCGCACACACCCCCGCATTAACGCCAGATTGAGACCCAGTACGACGAAACCGTACCCTGGCCCCGCGCCCATAAACAGCGGCGCAAACGAACACGCGATGGTCACAATCGCATACAACCCGATCTGTGACACCGTATAACGGTCGCCCTTAACAACGGGCAACATGGGCACACCGGCTTTGGCGTAGTCATCCTTAATTAGAATCGCCAGCGCCCAGAAGTGAACCGGTGTCCACACGAACACGAGGGCAAACGACACCCACGCCAGAAGAGATAATTGTCCCGACGCCGCCGCAAAGCCCACCAGAGGAGGAAAAGCCCCTGCCGCGCCGCCGATAACGATATTGCTCCACGTATGTCGCTTGAGCAATAGCGTATAAACGTTGACATATACGACCAGTCCCGCCAAGGCCAAAGTCGCCGCTAAAAGGTTGGAACTGCCCCATAAAATTCCGAAAGAAAAGGCTTCTAACCCGAAAGCGAACCAAAGCGCCGTGCGGGG
AP024152.1_gap24	1203997	1204834	837	GAGTCCTTTTTATGAAATGGCATTTGCACCCCCTCACCTGGGCTTTAGCGATTGGCTTAATAATAACGGCGCGGGCCGACGACGCGGCGGATAAAGCGAAGTGGCGCGCTCAAATCGAAGCGTCCACGCAAAGCATTGCGGCGGGCGGCGATGATATAGCTCTAATCATCGCCTATTACAACCGCGCGGCGGCCCACAATAACCTCCAGGAGTTCGACACAGCGGCCACCGATGTGGATGCATCCCTCGAACACATCAGCAAACTCCCCGCAGGCCCCCAGGAATCTCAGGCGTGGGTGCAAGCGTGGAGTTTGAAAGGCGACATCGCCGTTGGGCAGAGGAATTGGGATGAGGCGCGCAAGGACTACGAAAACGCGACTAAGAGGAGCAACTTCGCCACATCTCTGGGCGATTTTGTGGGCACCTTTTACTACAATGCCAGTCGCGCCAACGCTCATGTTGATCTGCCCTACTACTCGCACTTGAACGCGGATAAGGCCATCGAGTTCTTTGCCGCCAAAACTGGCGACGAAAACAAACGCATGCACATGCTGTCGCTACGCCAACGGGCCATCGCACGTTATGGCGAAGGCGATTTGGATGGCGCGCAGTCCGATTGGGCGGCGGCCAAACTCCTTGAACCCAAACTCGGCGATGCCCCTTTCGATTCCGAGCAAGCCCCGCTCAACAAAGCCGTGGCGAATGGTCGCGAAAAGGAGCGCATCGCCCGTGCGCGCTATATGCTAGACCGCGCCCGTGAACTTGACAACGAGCAGGCTGGCGATGAAGCCCCCGATCTCGAACCAGGCGGCACTGTGAGTTTGTCCGACGCGACAG
AP024152.1_gap25	1300611	1303436	2825	GCCGTCAGGGTGCGATTGTGGGCGCCTTCGGGACGTTGGGGTAAAGGCTTCGTGGGTTTGTTGCTCTGGGGCGCTTCGCGGGGAGGCTTCTGGACGAGTGGGCGAGGCAGACGAGGGAGTGGGGGGACAACGCGATGCGGGCGTGTCGTGGTGTTGAGCGGACGCACTAAACGTCGGCGTTTGGGCGGCGCGAGTTTGCGGATTTGTTCGACGCGACGGCGGATTTGTCGGGGGGTGACGACTTTGGTTTTTGGGGGACCGCTTTTGCTGAGTATGACGCGCGAGATTTCGATGATCTGCGGAGGAGCGGCTTTTTGTCCCAAAACCACGCTTCCAAAAGCGCGCCATAAAAGGCCATTGACGAGCAACGACGCGATGATGGCGCCGCCCAGTCGTTTGGTTTGAGCATCCATGAGGGGTTAGCGGGCCTCCGTGCCGGTTGCCTGGTCGGGCGCCGTGGCGATGGCGAAGCGCGTGATGCCGACTTCGCGGGCGCCGTCGATGCAACGCACAACCAGGCCATGTGGCACGCTGGCGTCGGCATTAATAATGACGGTGGCCAGATCCAGATTGGCGTTTGGACCAGCTTTTTGTAACAGGGTTTGTTCGAGCGTATCGAAGGTAACGGGTGTTTTGTTGACGTAGAGTTTCCGGTTTTTATCGAGAGTGACCGTGAGTTCGGCGGGCGCCTGTCTGGGGGCGTTGGCAGCGCGCGGCAAATTGACCGGCAAGCCGTTGAGTCGCGTGAGGGCGAGGCTGGACAACATGAAAAACACGAGCAAAAAAAACATCGTGTCGATCATGGGGATGATTTCGATGCGAGTGCGCTTAAGCTCGCGTCGGGCTTTGAACTTCACTATTCACCTCTCTGGAAACAAACCCATCGGGCGTAAAAAAGCCTTCGTCCGTCAACACATTAATCAGCCGGGTCGCGGCCAGTTCAGTTTCCGAAGTCACGCTTCGCAAGCGCGCCGCGAAATAGTTATAGGCGATGAAGCACACCACGGCGATGGTGATACCCGTCGCCGTGGCGTAAAGGGCCTCACCGACGCCGGAGAGAACCGCGTCGGAGTTGCCGCGCGTTTGTTGGACCGCGATGGCGTTGAAGGTTCCGATCATGCCAACGATGGTGCCGAGCAAACCCAGCAGCGGCGAGACGGTTGTGACGGTGTCTAAAAATGGCAGAAAACGCTCCATCTTGGCGAAGTAGTCGGAGCCGATTTCCTCGACCTGTCGCTCGGCGACGCCAACGGGACGGTCACGGTGCTTGAGAATCGTTTCTAACGAATCGGCCAGAGGACCGCGCTCGGCGTTACATTGTTTCTGGGCTTCTTCGATGCGCCGCGATTTGATCAGTTTGACGACTGAGGGGAGCAAGCCCGGTGCGAGATAGGCGAGCGACCGAAAGGCCAACAGTCGCTCGATGATGATGGCGATAGCCCCCACCGAGAGTAGTAGCAATGGGTACATCACCCATCCGCCGCCGCGCACAAAATCGAAAAATGTAGTCATGAAAAAACTGCTGGACTGAGCAGGTTGAAAAGTTTGTTCGGCTGCTCAATCCAGCGAGTGTCGAGGTGTTTGGCCTGTGGTAAGAACGCGCACGTCATTTGAAAAGTTGATATCTCAGTAAACCGGAGGTATAAAACCTCCGGCATCCGGCTTCGCCAAGTGTCCTGCCGGACACAGTACCTAACGAGGAGAAGGTTTTTTACCCCTGCTCAACAATCGCAGCTAACTTTTTCAGACGACCTCGAAATTGCGCGCTTTTTATGTTAGTTCTGCTCGCCAATTACCAACGTCCCCTGATTGTCCTTGGTAGAGTCTGAACGATGCATTGGCAGTTACAGCTTGAGAGCGGTTTCATTTGCTCTAAAACTGCCGAACGACTCCGACGCGAATGCTGCGTTTTTCGGAGGGATGAAAGTGAATGTCTTCCACTCCGTCCGGGCCTTCACCGGGCAGACGCGAGGCATAGTAGTAGTCAATGTCGCTCACGGCGGCATTGAAGATGTTGAACACTTCCACATTGAAGCGCGTGCCATTTTTGAGTTTGTAGCCCAGGCGCCCATTCACTAGAGCCGATGATTTAGAACGCACGCTGTTGTCTTCGATGAGCGGACGCGGGCCGAAGTAGCGCAAACGGAGCGCGCCGTTTATTCCCTGGTCTCGTTCGTAGCTAGCGCCCAGTGACACGATACCTTCCAGTGCGCCTGGGATGCGGTTGCCCGCCGGGTCGCTGTCGCGAAAACGGGCACGGGCGTAGGCAAAGTCGGCGTCGAAAATTAGGCCATGTCCAACATTTAAGTAGTTGGTGAACTCAACTCCGATGCGGCGCGAGGGACGCGAGGGCTCGGTTGTTCCGGCATCGCCCACGAACACCAATTCCGATTTGGAATCGAGTCCAAAGAGCGCAAGCGTCGATTGTAACCCGCCGCGCGCATGGCGAAGGCCCAATTCCACAAAGTTTGCTTTCACCAGGGGCGTGACCCGATCAGCCGGGACATTGGGATCGTTGGGGTCAACGGTAATGGTCGTGCCGCGCGCGTCGTTGGAGTGAAAGCCGCGTCCGAGTGAAAAGTAGCCCTCGTCCGATTTTCCCAGACGATAGGCCAGAGAACCTTTGGGAGAAAGCAGCGAATCGTTGACCTTACCGCTGTTCTGGGCGATGCTGGATGCCACATCGAAGCGGTAGTAGTCGAAACGAGCGCCCACGGTGGCGCGCAGTTTCGGGTTGAAGCGGATCTCGCTTTGGACGTAGGGAGCCACCGAGCTTTCTTTGACGCGGTCTTCGCGCACCGTTTCAAAGCGCTCGCGGGCCTGGG
AP024152.1_gap26	1405318	1409805	4487	GTGCGTTCTAAGGCCTTAGTGATGAGTTCAGCGATGGTGGGGAGAGCATTGGAAACGGCGGCGTTGGGCATGTAGGAGTTGCCAGAATTGAGTGAGGCACCGATGAGCAGGTGGCGCGGCTCGATTTCGTCACGTTCGGCCAAGATCATGGCGCGCTCGATGGAATTTTCGAGTTCGCGGATGTTGCCCTTCCAATTGTGGTGTTTTAGCGCTTCCATTGCTTCGGGAGTCACCTTCATGTCGGGGCGGCCCGTTTCGTCGCCGTACTTTTTGAGGAAATGGTTGACCAGAAAGGGCATATCCGAGGGACGCTCGCGCAAGGGTGGCAATTCGATGGGGACGACGTTGAGGCGATAGAACAAGTCTTCGCGGAAGGTGCCGTCGGAGATGGCACGCTGCAAGTCGCGGTTGGTGGCGGCGACGATACGCACATCCACTTTGATGGTTTTGCTGGAGCCGATGCGCTCGAACTCGCGCTCTTGCAACACGCGCAGCAATTTGACTTGAACTCCAGGGGCGACTTCGCCGATTTCGTCGAGGAACAGCGTACCGCCGTGCGCCCACTCAAAGCGCCCAATGCGCTGCGAGGAGGCGTCGGTGAAGGCGCCTTTTTCATGGCCGAAGAGTTCGTCTTCGAGCAGATGTTCGGGTAAGGCGGCGCAGTTGACTTTAACGAACGGTTTTTCGGCGCGGGTGGATTGGAAATGGATGGCGCGAGCGAGAACTTCTTTGCCTGTGCCCGACTCGCCCGTGATGAGAACGGTCGCGTTCGATTTGGCGACTTTGGCTGCCGTCACATAGGCGGCTTGCATTTTTTCGTTGTCGCCGATGACCGTCTCGAACTTGTAGCGGTTCAGTAGCTCGTTCTGGAGATAGCGGTTTTCATCAATGAGGCGCGAGCGCTCCAGAGCGCGGCGGGCGACCAGGGTGACTTCCTCAATCTTGAAGGGCTTCGAGAGGTAGTCGTAGGCACCCAGACGCATGGCTTCGACAGCGCCATCTTTGGTGGCAAAGCCAGTCACGACCACGACGGGCAAGTCTTGACGGCGGCGTTTGACTTCGCGCAGCACGTCGTTGCCAGTCATGTCGGGCAACTTCATGTCGGTGAAGACCATGCCGATTTCGTCGATGTATTCGTCGAGTTTGGCGAGACCGTCCCCCCCTTTGTGCGCCATGTGAACGGTCAGCCCCTCGCCTTCGAGAATTTCGGCGAACAGACCGGCCAGTTTCTTTTCGTCGTCAATGACAAGCACGCTCGCCGCGAGGGGAGTCGAAGATTCAGTCGTGGACATGAGTAGTTATACCGCTTATTTTAGCCCAATCTTTTTGCCATCTTCTTTAAGATTTTGAGAGCCAGGCTTTTGCGGCCCGTATTTGTCCCGGTAACGGTGCAAATATGGGGCGCTTGCGCTGCAAAATGGACAATGATTCCTCGAATGAGGTCTGGTTTCGCTTTGCAAATATCGCGCACAAAATGGCCGCCGTGCGCTCCATTCCAGCGCGACAATGGGCATAAATTTTGGCGTTCGGGTCACGTAAGACCTCTTCGAGCCAGTTTGCTGCCCTCTGGAAATCGGCATCAGCGGGCTCTTTGGTATCCACGATGGGTAGATGCAAACGCGTGATACCAACTTCTCCGTAGGCATTCACCGCCTCACTGCCGAAATGAGGCGGGCTCCATTCGTGGCTTTCGCGCAAATCGAGAACATGGGTGATGCCCGCTGCTTTGAGAACCTGAACATCGTGGGCAGTGAGAGGATTGCGCCCCGCCGCCAACTGTGAATCGAGCCAATCGAAGGAAAACGGCGGGAGCCCCGGTTTACCGTAGGAGCGCAAATGCTCCCTGAGCATGAAGAGATAGCGCGCGAGTTGGTGCAAATCGGCGCGCTGATGTAGCGGCGCCAGCCAACGTTCGGGAATCGCGTCATGGCCGTAGATAGCACCCGCCGCACCGCCAGCGACAGCCCCCATCGTGTCGGCTTCGCCCGCGAGGTTGACTATTTGGACGAGGGTTTCCTCGAACGAATCGAAGTTCAAAACACACCAGACGGCGGCTTCGAGGCATTCGACGACGTAACCCGCGTAACCACTGGGTTGTAGCTGATTGAGCGTCAGCGATTCAATGTTCGCCATCCGCGACCAGAACTTGGAGGGCAACGGCTTCGGCCCCGGGGTGCGCGCGTCGAAGTGCTTCAATTTCTGGGCATCGCTCAGAGCATCATACCATGCCGCGCACTTCTCCTGACCATCCAGTAGGCGCGACACCCACAGGCAGTAGAGCGCGCAACAGACTTCGGCTTGCGAATCGAAGTGCGTCATGGCCGAATGGAGAGCGCTATGACGCAGCATCTCCTCACGGTCTGAAAAAGCGAGCGCGACGGGCAAGATTCGCATCAGCGAGCCATTGCCCGCCGCTTCGCCGCGTAATGCCTGGGGCGTGTTGCGTGAGGCATCGAACCAATCGTCGAAGCTATCAAGGTTGCGGAACACGGCGGAGATAGTCGAACCAACGTCTTTGGCCGTTCTCGACCAGTTCAAAAACTCCTCTCCCGTTACTTCGATCTCGTCGCCTTCGTTGGCACCCGCCATGATGCCACGAGCCACGCCGAGAGCCATCGCGGTGTCGTCGGTCCATTCGCCGGGTGCCCATATCGAGTTGCCGACCATTTCGGTGAGGGTGCCAAAGCGCTTTTGAGCGACGGCGAGTGAGAGAAATTCGAGCGGTGCGCCGAGGGCGTCGCCCACCGCCAGACCTAAAAAGGCGCCTTCGATTCGAGATTGGAGTTGCATGAGGGTCAGTTATGGTGTTCTAGCATAGAGCAACTTTCCCAAAGTCAGCGACATCCTTTTTGAGGCGCTGATCGAACACATATGTAGCAGTTAGGATTTTACGACTCTCGCTCGCCCCCCATGCCGCGCAAGAGGGCGATATAAAATCGCAGCCAACGAAGTAGTCGGCCTTCGCCGACGGAAAACCTCATAAAATCTGACGACATTACGAGTTAGGACTTGTCGGCGAAGGGAAAAAGACGCGCTGAAGCACGTCTCTACAAGGGGGATGTCACTCGCCTATACCCTTAGCTTGATGCCTATGGGACATGGTAGGCCCGGTCCCTATGGGCCATCCGACCAACTCCGATTTTTACGCACATACCATAAGCGACTGCGTGATATGAGTTTGTTTATCATCTGTGCCCATTTGATTCATATATTAGAGATTCTTATTACTTCCCCCCGTTTTTCATCTGTTCTTCCCGGTAACTGTGACATAAGATGCTGGCTGTTTTGCCAGAAACTTATGGCGAGAACTTTCAACCCTTCCTTTATATGCATAGCCGCTTTGCTGTGCGCTTCTGTTCTTGTGGCGCGGGCCGATGAAGCGGCGACCACTCCTCCACCTGCGGCGCCCCCTCATCCCTTTTCTGCAGCGGACTGGAAGGCTATGGCCGAGAGCTTTAAGCCAACGCCGAAGCCGCCCATCAACCAGCCGGTGACCTTCACCAGCCCGACGGTCTCGCTCGTCACGACGCCTTCTTCCCAGGTGGATGTCGCCACTTTCCTGCAAACGCCCGTCTCGTTCCAGGTCAAGGGCGCCTCGTTTCTGAGCGCCTTTGATGCGGTGCTGACGGCTGCGGGCAAAGCGTGTCCCATCGAGTGCCGGGGTATCAAGCCGATGAAAGTGACCTTTGGCGCCGAAGGAGATAACGTCGGCGTTGTTCTCGACACACTCGCCAAGATGGGCGGCGCCTCGCTGTGGTTGCTGCCCGACAAGTTGCTGCTTTGTCGCGCGGATTCTTTGTCCGACCAGGAAAAAGAAAAAGCCAAACCGTGGAGCGTGCTGATCTCGAAAGCCACGCTGCTTCCTGCGGGAAACGGCAAGTTGCCAAGAGGACAACATACTAGCTATGCGGCGCTGTTGAACACGAAAATCTCAGCGTCGCTCGACGGTGGCCAGTTTGCGGATGGCATCTGGGCCTATCAAATGGCGCTCGCTCATTTAGCACTCAAAGACCTCACCTACTCGATTCACTACAACTACAACAAAGAGCAACTTACGACAGGGTTGATCACCAATGTGTCCTTCTCTTTCGAGGACGTTACTTTCGGCGAAGCATTGGGAACACTCGCTCACATGCAGGGTGACGAGCTTTACCTCTTGCCAGATCATCTCCTGATCAGCCCGCCGGAAAGCCTCACTCCAGAAGAGCAAAAAGTGGCTGTTCCCGCGTTCACATATCCCGGCGTTGGAAAGCTCGCATTACCCACATTATCAGCACCCAACTCTTAAACACAATCATGAAAAACTTCATCCAAAACACTTCTCTTAACCGTGTTCTCCTTGCGCTGGCTGTTTCAGTGGCCGCAGGAGGCGTCGCCAGCGCCTCTCCAGCCGGCACAGTGACTAGCACTATATCCGATCCTGCGAACGGCACTTACTATTCTGCAGCTGATCTAAGGCCCTTTCAAGGAAGCATTGCCGCGACTCC
AP024152.1_gap27	1486323	1487957	1634	TGCTTCCCGGTTTGATTGTGGGAGTCGTGCAGATTGCTGTCGCGATAGGATTGTGGAGTCACTCTGAAACCATCGCGGGGGTCATCGTCAAGGATGAGGATTCTGGTGTTCCGATAGCCGATGTGAATTGGCAGAAGGTCGGTTTAGGGCTGGTGGGGATGTATTTGCTGATTGATAGCACTTCTCGCTTTGTGATGTTTGCATCGTTGTGGGTGGGTTTGGGAGAAGGGGGTCGTACGCCCTCAGTGGAGATACGCTCTTTCGGTCTAGAGTCGTTGGTTCGCGGTGTGCTTGGCTTGTGGCTTACGCTAGGCGCCAGAGGGGTCGCGCGAGGTATCATGAACCTCAAGAATGTGGGGCGCGATGCGGAATCGGAGGGGCCATGAATGTGAAGACGGATTTGTCTTGAGGGCCGACCTCCCTGGCATATCATTATGCCGAAGTGGTTGCCGCCTCGTCATCTGGAAGAGGAGGAGAGGATTTGGGTTCTGTTTCGGGAATTGTTTGCTCTGTGGGTTCGGAGAAGCGGATGCCGTCGCGGTTACGCTCTCGGTCGAAGAGGTTCATGGTGACGGGGGCCGATTCGCCCATCGCGGCGAACTCTTCGAGGTCGGGCAAGTCGTCAATGGAGTTGAGGCCGAAGGCTTCGAGGAATTGGGGACTAGTTTTGAACTCGAAGGGGCGACCGGGAGTATCGCGACGACCTGCAGGCATGACCAATTTGCGTTCGAGGAGCAAGTTGAGTGTGGCACCCGATTCGACGCCGCGCAGTTGTTCGATGTCGCCACGCGTGGCGGGTTGGCGGTAGGCGACGACGGCCAGCACCTCGAAGGCGGCGCGGGAGAGCTTGGGGCGCTTTTCGTCGCGCAGACGGCGGATGGCGGCGGCGAATCGCGGTTTGGTAGCGAAACTGTAGCCGCCCGCGACTTCAACAAGGCGCAGAGCGCCGACGAATTCTTTTTCACGACGCAGAGATTCGAGGGCGACTTCGACTTCTTCAAGCGAGAGTTCGGCGGCTTGAGCCAATTTTTGCAGGGGAACGGGTTTTTCAGAGGCAAAGAGAAGGGCTTCCAACAAGTCGGTCGAATTCATCACGATTTTTTAAACGCAGAGGGCGCAGAGGAGAACGAGATTACACAAAGATATTCTAAAGGCATTGGCTGTGGAGATGGATGCATTTCTATTGACTCCAATCAGGGGTGAACAGAGGATTGGCGCCGGAGACAATGCGAGCGGACGCCCGCGTCCTGAAAAGGCGCTCCACTCCCAACTCCACTAAGGCTGCTGTGCTTCATATAACTTCTACGCTCGCAGGGTTTGCAACCACTTCGCGCAGTGGGTGGGATGACGGAAATGGAGGACTTTCTTTCCCAGGTGGCGGGCGCGACGTTTCGTGTTCCAGCCACCTCGTCTGCGCCTTGTGTAGGTGCGAAGAAGCCAGAGGACAATCGAATCACGGGACAAGGTCAGGGGAAGTGTTTCAAAATTTCCGTTGCAACACGATTCGCCCTGGACGACGCGTCTCCAAGTGCGTTTCAGCAGTCGTCCCAACACAAAAAGAAACGAATAATCGAGCCAAATCACGGTATCGGCGTGAGGCAAAATGAGTGAGTGCGCCTTCGTGTAATTACCCG
AP024152.1_gap28	1606325	1606971	646	GTTTCGTGGATTACTTGCGTGCGTCTGGGCTACGATAACGGTGGGTTGTCTCTGGCCAATAGTGGTTGGGCGACGGCCCTCTCGCAACGGTCCATCGTGTTCTTAAGGGCCATGACGGGTGAGCCCAAAACTTCGACATCCTTCAACGTATTCTGGTTTGGCATTGGCGCCGTGCTCACCTTTCTGATGATGTTCGCCCGCGCCCGCCTGAGTTGGTTCCCCTTCCACCCCGCTGGATTGCTGATGAGCCTGACATGGCCGGGGGCCGCGCTGTGGGGTTCGATTTTCATCGGTTGGGCGCTTAAAACTCTTATCCTGCGCTTTGGCGGCCCTGACACTTACCGCAAAGCGACACCCTTCTTCCTGGGTTTGGCGCTGGGTGATGTCATTAGCATCTTCCTCTGGCTCGCCATCGACGGCTGGCAAGGCCGCACCCTACATATGCTCATGCCCGATTGATGAGCTTTTAGCTGTTGGCCTTTATCTTTCAGGGTCTGCAACCGAAAAGAGGCCCGCAAGTTTGCGGGCCTCTTTTCGGTTTATAGCGCCTTCAAAATGAATGTGTCATGGCCTCTTCGGTGCGCGGGCGTCTCGCCCGCATGAATCGCGAGGAACCTAGAAGCGGGCGAGACGCCCGCGCACCGAA
AP024152.1_gap29	1611941	1616728	4787	AAGAGAAACACCAACAGTATTATGAAATCACTTCGACTTTTCGCTTTGAGCCTTGGGGTTTGCGCTATCGCGACGACAGCCACGATTCGACCGGCGCACGCGATTTCCGACGAAGAGGAAATTCAGGCCGGGCGCGAAATGGCGCAACAGGCCATTAAGGAATATGGGCAACCACTCTCGCCCAGCGACCCACGCCAGCAACGCGTGTCGCGTATTGGTGCCATGTTCGCACGCCAATCCTCGCGCCGCAACATTCCTTACTCCTACACGGTGTTGCAAAACGAGAAAGTTCTTAACGCCTTCGCTGGCCCCGGTGGACCTGTTTTCGTCACTACCAAGCTTCTCGAAACCGCGCAGAACGATGCCGAACTTGCCTACGTTCTAGGACATGAGACGGGCCATATCGAAAAGCGCCACATCGTAAAAAGCGCACAGAAGTCGCAAACAGTTGGCATCGGCGCCGCGATTCTGGGTAGCATCCTGGGGGGAAGTCGCGGTGGCGATCTGGTTGGAGGGCTCGTCAACGTCGGTGCGGGCCTGTGGCAAAAGGGCTTCTCGCGCAGCCAAGAATCGGAGGCCGACGATTATGGCACGCGCGCCATGGCGCGTCTGGGGTTCGACCCGCGTGCGGCGGTTTCGATGTTGGGGCGTCTGGGTGATGGACCAGATGGACTCGCCAAATATCTGAGCGACCACCCGACCTCGAAAGCCCGCGAAGAAAAGGTCGGGAAGGAAATCAACGATGAAGGTTTGCTGGCTGTCGCTCGCGCCAATGGTGGTCCAATTTTGAATATTTCCGGCTCGAACGCGGGCTATGCTCCCTCCTATGGAGCAGGCTATTCACCGGTGGCTTCGGCAGACGATGCCTCGTTCGAGGCGCGCGTCGTTACCGAGAATGGTGGACGTGTGGTTCTGGTGCCCGTCGTTGATATGGCTCGTTTGGCCCGCGCCGAGTGGAGTGAACGCGGCGACGGCATCGCGGTTCGCACCGATACTAGCGGCCAAACCAGCGGCATCTTTCGGGCGAACTCTGACGAAGCGACCATTAATGGACGCACTGCCACACTCTCGGCCCGCGCACGTCGCATCGGTGGGAAATTGTACGCACCCGTGGGAGCCGTTTCAGCGGCAGTTGGCGGACATGCTTCCCTCCAAAGCGACAACTCCATTCTCGTTACATTCGGAACAGGGCGCTCTTACGTAATTCGCTTCTAAAGCGACAACACAACTTTCCAAACGGGCGCTTTTCCGAGGCGCCCGTTTTATTTTTAACTTCATGTGACACAGTGGGATATGGGAGCGGTACTCACCCTGCCTAGAGCGGCATCGGGGGGCGCTCCGCATGGCTTCTCTTCGCCTGGGAGCGGGCGCTCAGGGGCTCGGGCGGGGATTGAATGGGTAACAATCAATCCTGAGCGTGATTTATGCGTGAATGAAGGACACAAAATGACCACAAAAGATTGATTGTTTGGCCGTTTTGGGTGAAAACGCGGGTTTTTCTGGGGGAATTCACGCTCAAAAGGGGCATTCCCAGGATTGAATATTGACTATTCAATCTTTTGGAGTCCTCCACCGTGGGGATGAATGGGAAGAGGAAGGTCGTGATGGGGACACCGGTGGAGGAGAGCGCGGACACAGGCCAGGGACAAGGGGATGTGTTTGTTCATGGGAGGGGAGAAATAAAGGCGACTCGCTTTATTTCAGGGATATCAGTGTATATGGTTTATCGGCTGACTGCCAAGGGGACGTGTCGCAGGGCAGTGTCATTGAGTTCTCGCAAAGACGCAGAGGCGCAGAGGCGCAAAAAGGTTTGGACGCGACGAGACCCAGGGCGAAGCGCAGCACAACCCTTCCTCTTGACATGGCAAATACCTGTGGACGTCGCGCCCTGGCGTCTTGGCCAGAACTGAATGACCCTGGTCGCAAGGGGGACAGCCCAAGAGGGAAATTGTCATCCGGGGCTGCGCCCCCATTGTCCAGCCTTCATCAGGGAGTCCCCGGCAACTGGACGCGGTTGCCCAATACTCCTGCCATAAGCTACGGCGCAACATGAGTTTTAACCTTTCCCTCACAAAACCTTAAAGAAAGGCATTGAAAATGGGAGCGGAGAAATCCAGCCATTCCCATGAAATTCGCTTCTTCTAATAATCGCTCTGCCTTTACACTTATTGAGCTGCTTGTAGTTATAGCAATTATCGCTATTCTCGCTGCAATCTTGTTCCCAGTCTTCGCCCGCGCCAGGGAAAATGCACGCAAATCGTCCTGCCAATCGAACCTCAAACAAATCGGTCTGGCTTCGATGCAATACGCGCAGGATTACGATGAGAGTCTGTATCCACACCGCTTCAACGCGACGGGCAGAAACCCATTTTTGACGGCTAACGGTGGTTCCTATTCCACAACCGACATTACAGGGACAGCTCAGGACAAAATCTTCTGGATTTCGCTGTTGCAGCCTTACATCAAGAGCTATCAAGTGTTCGTTTGCCCCTCGAATCCCAATGGTTGGACGGGCGCGGGTCCCGACGACTGTGCGGCAACTGGTTGCGGTGGCAAAGGTTATGGTGGCCAAAACTCTTACGCTCACAACGATTTGCTCTCGCCCTCGGATGCCTTCAACGGTGGCGCGGGGCCGCTTCCCATCAAGCTCGCGCAAATCCAAAACGTCGCGACGACAGTTGCCGTTCTCGACGGCACCTACTACGGCGCATTTCCCAACATGACGACGGGCGTAGGCAACGTGGTTGTCACCTCGAATGGAAGCGCTTCCACTCCTACCGCCTTTGCCAGCGCCCTCGGCGCTCAGTACGTGAGCTATTTCGGCAACATCGGCAACAACAAATGGAGCTATAACGGCGGAGTCTTCTTGGACAACGAGACCAAAGGCGCACAACGTCACATGGGCATGGTCAATGTGCTCTACGCTGATGGCCACGTAAAGGCGGTACGCACCGAGAAAATCACCAATGACCTGTGCCAGTGGTTTGTTCCCGGTTCGTTCTCGAACGGAACCACCTTCACCGTCGATACATCGGGCTGCCCCTCGTAAATTCGCGCACTTTTCAACGGCTCGCACAAAATGTGCGGGCCGTTTGTCGTTTTCGGTGGTCAAACTTTCCGTTATGTCCCAAGACCTGCGCGCCGTGCTCCGCGACATGCTCCTCATTCGCCGCTTTGAAGAGAAACTCGATGACCTGTTCTCCTCGGGCGTTATCAAGGGCACCTCGCACCTCTACGCCGGACAGGAAGCCGTCGCGACGGGCGTATGTGCCATATTGCGTCCCGACGACATGATGACTTCGACCCATCGCGGACACGGTCACTTTCTCGCCAAAGGCGGCAGTCCAAGCGCGCTGATGGCCGAACTGTGGGGCAAAGCGACTGGCCCCTCGAAAGGGCGCGGTGGCTCACAGCACGTCGCCGACTATTCCATCGGATTTCTTGGCTCGAATGGCATCACAGCTGGAGGACTTCCCATTGCGACGGGCGCGGCTCTGGCCGCCAAGATGAAGCAAACCGGCCAGGTGGTGGTGGCGTTTTTCGGTGAAGGCGGCGCCAATCAGGGCACTTTCCACGAAGCGATCAATATGGCTGCCGTGTGGAAGTTGCCGGTTCTGTTCGTGTGCGAGAACAACCAGTACGCCATGAGTACACGCTACGACGAAATTTTCGCAACCCCCACCATCGCGGCGCGTGCGGCAGGTTATGGCATCGCTGGAGAGGTTGTGGATGGCACAGACTTCTTCTCCGTGTGCGAAGCCATTGAACGCGGCGCCACGCGCGCCCGCAACGGCGAAGGCCCCTCGCTGATAGAAATGCTCGTGTATCGCTATTATGGGCACTCGAAAAGCGACAAGTGCGAGTACCGTACACGCGAAGAAGAGGCCGAATGGCGCGCGAAAGATTGTATTGGAAAGCTACAAACCCACATGGGTCTCTCAAACGAAGAATATCGCACCATTCTGGAAGATGTGGATGCCGAGGTGGAAGCGGCGGTCGAGTTCGCGCGCGAATCGAGCGAACCGGAAATCGAAGACCTGGAAAGCGCCTTGTACGCTTAAGCGTTCATGTTACGCAGTGGGATGTCTTGGGCGCGAAGACAATCACGTCGTGGGGGTTTCATGTAGGAAGCCGATACCCGCTTGCGGATGTTGCCATATCCGCGTGACATAATCGCGCTGACGCGCCCTTGGTGAGACACCCTCTCGCGGACATGGCAAGCCATGTCCCTACATTGGACCTTCACGACGTGTATTTTCTCCACGCCCAAGACATCCCACTGCGTAACATGAGTTAAGCGGAGTTTTGGAGCGCGTTGCCCTCGGGGATGAGGCACGGTACGGGTTCTAGCTGAATTGCTGCTATGGTAATTGAGGGAGGACTGGCGCTGGAGACAATCCTATAAAACTGCTTTCTCGTCCGTGTTGTTGCCTTCTCATTTTTTTGAACCTAATAGCCGTGTCATGCTGTATGGCACGACGCCGCCCCGCCAGGGAACGAGCCCCAACGACATTCAATTGGCCGCAGAAAAACTCGTGGCGCGCACGAAAACTCTCGATCTGGATGGGCTCATCGTTTACGATGTGCAGGACGAAAGCGAGCGAACGGACGAGCCGCGCCCGTTCCCGTTTTTGCCCACGCTCGATTCGCGGGTGTATTCGCAAATACTGCATCAATTGGCCCAGATTCCCATCGTCACCTACAAATGCGTGACGCAAATGGATGAGGCGGAGTGGGAAGAATGGCTGAATCAGTCGGCGCGCGATTTCGGCACCACGACCCTTTCG
AP024152.1_gap30	1627312	1631834	4522	AGCAGCCAGCACTTGCTCGAAGGGCGCGTCGGGACGACCATAGGAGATATTGTCGCGCACTGTGCCATGAAATAGATACGGGTCCTGGGGGACAACCGAAATATGGCTCCGCAAGTCTTTTAAATCGAGGTCGCGCACGTCGTGACCGTCAATTTTCACGATACCATCCTTGGCGTCATAGAAACGCGAGATGAGCTGCACCAGGGTAGATTTGCCACTTCCCGAAGGACCGACGAGACCAATCATCTGTCCCGGTTCGACGGTCAGGTTGATGTGTTCTAATGCTGGTTCACCCGAATCGTAGCCAAAACTTACGTCCTGCAACTCGATTTTGCCGTCCATTTCGGGCAACGGTGTCGCTTCTTCGACTGAACGAATATCGGGTTGGGTATCGAGAACTTCGTAAATACGCTCGGCACTTGCAGCGGTATTGGCATACAGGTTCGCGGTGTTGGCGAGCGATTGGACCGGCGCGTAGAACTGCATGACGTAACCGGAAAACATCACCAGTTCTCCCGGCGTCAGGCGATTGGCCAGCACTTCCCGGCCACCGACCAACCACACCACGACCTGTCCGACACCAAAGGCGAGCGCCACACCGGGGAAGAACAACGCTTGCAACTGCTGGGTTTTCACACCAGCAAAAGCGAATTCACGGCTTTTGGCGCGGAATTTCGAGGCTTCAGTTTCTTCCTGATTGAAAATCTGCACGACGCGAATGCCGCCGATGGTATCGCTCAAAATCGAGTTCATGTCGGCCAGACGGCGCCGCATGGTGCGGTAACTGGCGCCGATGCGCTTTTGAAAAGCGCGCGTTCCCCAGATGAGCGGAATCGTTGGGAGGAAGACCCAGAACGCGAGATAGGGGTTCGTCACGGCCAGAATGCCCGCGATGATAACGACTCGCAGGGCGTTGATGAGCGAATCGCGAATACCTTCAACGATGAACTGCTCGAAAACGGCGACATCGTTGGTCACACGGGACATGATTTGTCCAGTGCGTTTGTTGCCGTAAAAAGCGAGAGAAAGTTTTTGGAGATGTTCGTAGAGTCCGGTTCGCACCTGGAACAGCACTTTGTGGGCTAATTTCCCGGTGTAGACCATGCGCGTATAGTGGCAATAGGTGCGGCATAGCAGGGTCGCGAACAAAATGGCGGAAAGGATTTGCAGCAGATGCCCATCCCGTCCGTAGATAGCTTTGTCGATGAGGGGTTTGGTCAGGGCAGCGGGAATCATTTCCATGACTGCCATGATGACCGAGAAGCCAAGGCTTCCGGTCAACAGTTTCCAGTGCGGCTTGAGTTCTCCGAGCAATCGGGCGTAGATGTTGGGTGTTTCCATAATCGGTAATTCCCGCACCACAAAACGCAAAAGCCACCGCCCTTGCGGAGAAACGCTCCATGCGTTTCGTTGCAAAGTCGGTGGCTTTCAAAAGACTGCGATTTGTGAGGTACGGTGGCGGATTTTGTTAGTTCAAAACCCTGTTAACCCTCGTTTATCCCCAATTGCGCGCCGTGACAACCAGTTCGTCCAAAATTTTTCTTGGAATTTACTAATCTTAGAATTATCCCTTGCCGTTGACCTGAAGAAGTTCGATATCGAATTTCAGGGTGGCGCCGGGAGGAATTTTGCCACCGGGCGCTCCTCCATTGCCATAGGCGAGATCTGAAGGAATCGTGAGTTTGCGTTTGCCGCCGACTCGCATTCCCGCCACACCCTGATCCCAGCCCTTGATGACCTGCCCCGTCCCCAGTTCAAAATTAAACGGCTGTTTGCCGTAGGACTCATCGAACATCTCGCCATTCAGCAGCGTGCCGCGATAGTTAACCGTTACCGTATCGCGCGGCTTTGCAACAGCTCCAGTTCCCTTACGCTCGTCTACGATTTGAAGTTTCTTGATGCCTCCCGCGACATCGAAATTAGGCGCCTGCACGGTCGGCTGGGCATCGTGGTGATCGTCGTCTTCATCAGAAGGCAGCGGCTTCTCTTTGAACACAGCAATGAGACCAATGCCCACAACAAGGACTATAATGGCAATCAACTTGGACTTATCCATACTTTAGATTTTAAATGCCCAACAAACATCTGGTGTTGTGGGACGGCGAATGCGGCTTCTGTCGTCGCTGTACGGTGTGGTTGCGAAAGCAATCTCGCTATGATTCGCTCCAATTTTGCCCCTATCAGGAAGCCGATTTAACACCTGAACTGCGCGAAGAGTGTTCTAAATCCATCCATGTCATCAAAACTGATGGGGAAATTCTCAAGGGCGGACGCGCCGCGATGTTTCTGGGCAGATTCACACGCTGGAACCGACTGGCCCGCATGGGTGAGTGGCCCATCTTCCTGCCATTCGTCGAAATCGGCTACTCCATCGTGGCGAACAACCGCATGGTCTTCTCGAAACTCATGATGAAGGCCGAGAAATGAGCCGGGTTTCGCGGTTCAGGCCCGAAGGCAAGGTCGTGATGCGCCCACAGTGGAGCAACCTGTTGTTTTTGCACTGGGAATTTGAACCTGCACTCGTGCAAAAGCTGTTGCCCGCTGGCCTGGAACTCGATTTATTCGAGGGCCGCGCGTATGTGGGCTTAGTGCCATTTCAAATGGCCGAAGTGCGCCCCCACTTCATCCCCAATTTGGGCAAGTGGGGCCACTTTCATTCGCGCTTCCCTGAAATGAACGTGCGAACCTATGTCGTGCGCGACGGCATCCCTGGCGTGTGGTTCTTCTCGCTCGATGCAGCCTCCAGCCTTGCCGTTATCACGGCACGTCTGTGGTTTTGCCTGCCCTATTTCAAGGCGCGGATGCGCGTCCGAGAAACGCAGGGTGGTTTCGATTACTGGTCGAAGCGCCTGTGGCCTGCCCCGTTCGAGGCCACGTGCCGCGTCCGGTATACGCCCTCCGGCTCGTCAAGACAGAGCGAACCCGATTCGCTCGAAGAGTTTTTGGTCGAGCGCTATGTTTTGTATTCGCAGCGCGGCAAACAACTGTTTCGCGGGCGCGTCTTCCATGAGCCCTATCCAATTCAGGGCGCGAAGGTCCAATCACTACGCGAAAGCTGCTTACGCGCGGCAGGTTTTAAGCGCCCCGACCAGAAGCCGCACGTTTTATTCTCACGCGGCGTCGATGTCGAGGTGTGGGGGTTGGAAAAATGCTGAGACGCGCGGCATGGCCCTTCGATTTCGTGCTTCTGGTGTGCTGCGCCTTCGTGTTTTTGACGCTCGGAGCGATGGCGCTCTATCCAGGTGGCACCGACTTTAATTCCAGGGCGACGACCTATCATTTTTTCGAGAATTTCTTCTCCGATCTGGGGCGCACGATTACGAAGGGCAGCCACAGACCCAATCCGTTTGGCTCGACTCTTTTTTTCGTCGCCCTTTCGAGCGCGGGCATTGCGCTGGGTGTGTTTTTTATCGCCTTCGCGCGCTTTTTCTGGGGCGATTTGGCTCAACGAGTGGCGACAACGGCGGGTGTGCTCTTTGGCCTGTTGAGCGCGCTCAACTTTCTCGGTATCGCATGGTATCGGGCGAATATTTATCCCAAAGAACACGTTCACTGCGTTTTTGCGGCTTTCAAATGCTTTCCCCTGGCCGTGTTTTGCTTTGGCATAACAATGCTCATCGGTCGTAATTACCCCAAACGCGGCGCATGGATTTTCGCGATATTTTTCGTGGTGCTGCTTGTCTATCTGGGACTTATCACGAAAGGCCCATCTCCTGAATCGGCACAGGGACTCATGATTCAAGCGGTGGGGCAAAAAATCGTGGTTTATACATCACTTCTTTGTGTGAGCGCCCAATCATTGCTGGCAAGGCGTCACTTAAGCGCCACAATGAAGTCCAACTCCCTGCCTTGAAATCTCTTCTATTAGCTGGCCTTCTGGCTCTGACTCCTGCGGCTCATGCCCAGACACTACGCATTGAAGCCGAAAACGGCCAAATCGCCAATGTAGCGGTTCAAACCCAGAACAGCGGCTTCTCTGGTGCGGGTTACGTCGGCAATTTTTCTCAAGACGACGCCCGCGTGTCGTTCAAGTTACCCAACATCAAAGCGGGTATCTACCATCTGAAATTGCGTTACAGCGCGCCCTATGGCGAAAAGAACTTCGATTTCAAAGTGAACGGCATTGGAGGAAGCGGCCATCTCACTGCTCTCAAAGACAGCTTTGGGTGGACCGATGCGGGCAAAATCGAACTGCAAAACGGCACCAATGACATTTCAATCGAGCGAGGCTGGGGCTACTTCCTGCTTGATGCCATTGAGGTTGCTCCAGCCCCGGTAGTGCCCCTTAAACCCGTTCCTACGCGCCTGGTAGATGCCAAAGCCTCACTCGTCACGCGCGCCCTCTACCGCCGATTGCTACGCGACTACAGGCGCAAAACCCTGTCCGGCCAGTTCGACATTAAAGACACTGAGTTCGTCCGCCAACAAACCGGGGTATTGCCTTCGGTTTATGGCAGCGACTTAATCGATTATTCACCTTCGCGTCGCGAACACGGCTCTAAACCCGAAGGACAGAGCGAAG
AP024152.1_gap31	1636638	1637224	586	TGCGTCCCGGTGGCAGTGGACGGGGTGGTAGCGGTCAGAATTACGATTATGGGACATTAACTTCACCGCTTGGTCCACTGACCTACAAGGGCACTTTTTCGACTTCGGAATTGGGCGGCAACATTCATGGCTCACAACTCGAATGGAACGGGCGCTGGCTGTGCTTCTATCACGACTATAGCACCTCGGTTGGTTTAAAGAAAGCCGGATTCAAACGCGCTCTGCGCGTGGATGAACTCCGCTTTGCACCCAACGGCGACATTTTGCCGCTCGAATGGACGACAAGCGGCCCGACCAAGTTAAAAAACCTGAATCCTTATGAGCGGGTTGAAGCCGAATGTCTGGGAGCCGCCGACATTCCCGAAGGGGAACATGCCATCAGAGTCGAGCCCTGCGAGGCGGGCGGACAAGATGTCGGTTCGCTCGGAAACGGCGACTGGATGCGCTATTCAAACGTCGATTTCGGGGCAGGCGCCTCAACTTTCGAGGCCAGCGTAGCCAGCCCAATCAACGGCGCGAAGTTGGAACTACGCCTCGATTCGCTCACGGGCCCTATCATCGGGCAATGCGACGTTCCCAATACGGG
AP024152.1_gap32	1641040	1642160	1120	AGGCGAACTTCTGCGTTTCGATGCGGGCCGACTGCGCCGCGCCCACCGCTCGATTCGGGGCGAAAGCGACGAAGCGGCATGGCGCAACCCGCCCGCGCTTGCCAGCGACTGGGAAGCCCGCATTAAGCGACTCCGCGACGCCGCATCGGGACGGGGGGATGAAGCACGCGCCAACTTACTCGCCCGCTCTCTCGACGGCGGCGATCTGGAAGGCATTGCCCGTCTGAAAGCCTTGTTCGCTCCTTTGCAAGAGCCACTATCTGCCCATGAGTGGGCACAAACCACGCTATCTATCTTCGACACGCTGTGCGCCCACTGGCAGGAGGAAAACGACATCGCGGGTCGCGCCTGTGCCGCTATCAAACGGGTGCGCGCGGGAGTCGAAGCTCTCGCCACCCGCGCGGGCGAAGATGGCGCCCCCCGCACCTCGAACCGCTGGGTCGCCTGGCTACGCCTTGAACTGGTGGGGACGGCGCTTGATGAATATGCCGATGACACTCCGAGCGCTGGAGTGCGCGTTCTGCGCGCCAGCGACGCGGGCGAGGCCGGGAGCGAAGGCGAATGCGAGATTTTCGTGGCGGGCCTTTCCGAACGCGCCTGGCCCGCGCGTCCTCCCCAGTCGCCCTGGCCCGTCGCCACTTCCAAGGTATTGGAACGGTTACGCGAGGGCGAACCTGCTCCTCTCCCCCGCGCCCTGCATGGATTGGCCCGTTTGATGGCAACGAGTGCAACTCTGTCCCTATCGCACCCCGCCTGGCTGGATGGCAACGAAAGCGAAGCCTCGCCCCTCGTCGAAGACCTGCGCGCCCTTTTCCCGATTTCAGAGTGGCCCGAACTGCCGCGCGCGGAGTCACAACCGCGTACCTATTCCCGCTCTCAATGGCTGCGGCGCCAGAGCGCGAGTACATTTTCGGGGGTGGAAGACGATGAACTCGCCCTCCGCTTGAATGCCCTCGACACCATACGCCGTCAGCGTTCCGACGCGAGCGGGTTCGGCCATTACGACGGCGTTCTGGGCGAACGTGGGCACGATTTGCTCAAGCCCCTTTTGCCGCGCGATGAAGGGCGCCTCGAACTTTCGGCGTCGGGCGCCGAATTGTATGCCCGTTGCGGACTGCGC
AP024152.1_gap33	1800160	1800698	538	GGAGAGATCGCCCTAGCGTGGCGGCTCCTCTCCTCTGGCCTCTTTTATCCATGATACTCACGCCAATCGTTTCCAACACAACGAGAATCCGCCCCCAAAATAGGCACTACGTGTCGCGGGTGTCGCGCGCCTCTGGCGCCGATTCGTTCCCACAGGAGGTGTATTAATGGCAACCGCCAACACAGTGCTGTGGGAAGAGGTCGTTCCCGGCGGCAACCACTGGTCGGGAATTTTGCGGCGGGGTACGCAACTGCGTTTCACCGATATGAAAGGCGGTGCAAACGTTTCGCTGTCGCTGTATAACCGCGAGACGACGCTCGAACGCCTGAACATCCCCGATACGCTCAAGGGGCAACACACAGCCTTTTTGACGACGGGGCGGGTGTGCTACTCGGACATGGGCCGCGTGCTGTGTTCGTTTGTCGAAGACAGCGTCGGCTGGCACGATGCGCTCTGTGGTCCATCGGATGCCCACGACATCGCGGCCCGCTATGGCGAGCGCTCTTACGCGACGGCGCGCAACGAGATGTTTCGCAAC
AP024152.1_gap34	1803452	1806289	2837	CGCCGCCGCTCTGGAATGCACCGTGGTGGGACCAACACTGCGATTTCGCAACGCAACGAGCATCGTTCTCACCGGAGCGGATATGGGGGCGACACTGGATGGGATCGCTATTGCGCCCTATGGAATCTACCCCATCGCGGCGGGAGCGACACTGAAAATGGGGGCGGTTCGCGGCGCGGGCGTAAGGGCTTATATTGCCATAACGGGTGGGTTCGATGTGCCACCTTATCTGGGCAGTCGCTCGACATTCACTCTCGGCAACTTCGGTGGACACGCGGGGCGAACTTTGCGTGTGGGAGATGTACTACCCGTGGCGAATGCCCCAACTTCAAATAATACGCCCGTTTTGGTGGCTCCAGACATGGTGCCGCAACTGGTCAACGAGTGGGAAATTGGTGTCCTGTACGGGCCACATGGCGCGCCAGATTTTTTCACCCCCGAAGACATCGAAAACTTTTTCGCGGCATCGTGGGAAGTGCATTACAATTCGAGCCGCACTGGTGTTCGCTTGCTCGGCCCCAAACCGACATGGGCGCGTCAGGACGGCGGCGAGGCAGGACTACATCCATCCAACATTCACGACAACGCCTACGCCGTGGGTGCGATTGATTTTACCGGCGATACACCCATCATCTTAGGGCCAGATGGCCCCAGCTTAGGGGGCTTCGTGTGTCCGGCGTGCGTAGTCGAATCGGAACTATGGAAAGTGGGACAACTGCGCCCCGGCAACCGCATTCGTTTCGTGCCAATTAGTTTCGAGGAGGCGAGAGAGCGCTTCGAGGCCCAGAATGCGGCGGTAGAAAACCTGGAGTTGGCACCGCTTCACACGCAACTGCGCCCCATCGAACCGGGAGGCGCTGTGCTGTATCGGCGCGAAGCGCAAGAAGACGAGAACGAAGAGATTCCTTCCGTGACCTATCGCGCGGCGGGAGATGCTTATTTGCTGGTCGAATACGGGCCGTTGGTTCTCGATTTGAAGCTGCGAATGCGCGTTCACCAGTTGATGCTGTGGCTCGAAGGCAAGCAACCGGAAGGGCTGGTTGACTTGACTCCTGGTATTCGCTCCCTGCAACTGCATTTCGACCCGCGCCGCACTTCGCGCGAGGCGCTACTTAATTTGCTGCAACAGGCCGAGGCGGAGTTGTCGGGGCAACACGATGTCAAGATGCCGACGCGCATCGTACATATGCCGCTGTCGTGGGACGATCCGGCAACCCAACTCGCCATCGAACGCTATATGACTTCGGTGCGCCCCGACGCGCCCTGGTGCCCCAGCAACATCGAGTTCATCCGCCGCATTAACGGGCTAGAAAGCATTGACGAGGTGTGCCGCATCGTGTTCGAGGCATCCTATTTAGTGCTGGGATTGGGCGACGTCTATCTGGGTGCCCCCGTCGCCACTCCCGTTGACCCGCGTCACCGTCTGGTGACGACCAAATACAATCCGGCACGCACCTGGACGCCACAAAATGCGGTGGGCATCGGGGGCGCCTACATGTGCATCTACGGAATGGAAGGGCCGGGGGGTTATCAATTCGTGGGCCGCACCCTTCAAGTCTGGAACACCTATCGTACAACCCGCGATTTTGAGGCGGGCAAGCCCTGGCTACTGCGCTTTTTCGATCAAGTGCGCTTTTATCCGGCCAGCAAAGAGGAACTACTGGAAATGCGCGCCGACTTTCTGGCAGGACGCTTCGCGCTTCGCATCGAAGAAACGCATTTTCAACTCAGTGATTACACCCGCTTTCTGGAAGAACACGCGGCTTCGATTCGCGAGTTCAAAACTCAGCAGCAAAGGTCGTTTGAAGAAGAGCGCGAACGCTGGATCGCCAGCGGGCAGGCCGACTATCAAAGCGAAAACGAATCGAACGCGCCGCCCCCCGACGAACTCGAAGCGCCCGAAGGCGCCCTCATTTTGACTGCACCAACTTCGGGAATGGTGTGGAAAGTCAATCTCGAAGAGGGCGCGCAGGTCAGCGAAGGCGATGTGATTCTGGTGCTGGAATCCATGAAAACCGAGTTCCCCCTACCCGCGACTAGCGCTGGGCAAGTGCTTCGCATCGCGTGTACCGAAAACCAACAAGTGACGGCGGGGCAACCGCTCGTCGTTTTGCAACCCATCCCGTAAAACCCACATGAATAAACCGCTTCGTCTCGATTTTGCCTCCCTTCACGCCGCCTACCAAAGCGGCGAAACCACGCCCATCGCTTTGCTAGAGCAGGTATGCGACGCAGCAGCTAACGCCCCTGCTGGCGTGTGGATTTCGCTCGTGCCGCGTGAGGCGGTGTTGGCCCGCGCCCGCGAATTGCAAGATTTAGATGCCGCGACTTTGCCACTCTATGGATTACCGTTCGCGGTGAAGGACAATATTGATGTGGCGGGTATCGAAACCACGGCGGCTTGCCACGAGTTCGCTTATCTTCCCGAAAAGAGCGCTACCATCGTGCAACTGCTGCAGGAAGCGGGTGCCGTGGTCATTGGCAAAACCAACCTCGACCAGTTCGCAACAGGTCTGAACGGCACGCGCTCGCCGTATGGGGTCTGCCACAACGCGCTGTTACCGGAATACGTGTCGGGCGGTTCGAGTAGCGGGTCGTCGGTGACGGTGGCCCTGGGCATCGTGTCCTTTTCATTGGGCACCGACACGGCGGGTTCGGGGCGCGTGCCCGCCGCACTGAATAACATCGTGGGATTGAAACCAACGCGCGGGGTATGGAGCATGAGTGGCGTGGTTCCAGCGTGTCGTACCCAGGACACCGTTTCGGCGTTCACTTTAACGGCGCGCGACGCGCAGACGGTTTTTGAAGTCGCCGCCCAAGTGGACGCCAGCGATCCA
AP024152.1_gap35	1807346	1811303	3957	TCACCGAGTTCGGGGGCTGGCGGAGTTGGCTCGCAGCGAAAAATTCGTAGGCGCAAAGCGAATTTTATGTGACTTTACTGAATGTGGAACATTTCGTGTCATTGAACGTTGATATAGGGGTGAGGGGTATACAACGCTCTCATAGAACTTACGATGAGATACGGGACGAAATGGTTTTCGAGCGCTGTAGCGATGGCTTTTCTGGCTATCGTGGCGCTATGCGTTTCGCCCGCGTTCGCGTGGAGTTGCTGCTGTAGCGCGGCCCAAACCACAGTTCCTGCCAGGCCATCGGCAAAAATAGGGGCGCGCATGATGGCGCCGGTTATGCCCCACTGCGTGATGCCATGCTGTGCAAATGACCATGTCACACCACCTCAGGCCCAGGTAAAGTCCACAACTTCGGCGTCGCATATAGTCAACGCGACGGGCTCTGTGTCCATCGTCAAGAGCAAATGTGAGTGTTCGCACGACGATGCCTCCCCCGTTGTTTCGGGTGTAACAGCACATTCCTTTTCAGCCCCAGTTGCTTTAGCGATGCCAATTCGCGCGCTTGCCTTCTCATTCGAGGAGGACGCGCGTTTTGCACCATGCTTCCACATTGCCGCCCGACCTCGAAGTCCGGGATGGCGTTCCAGTCCCGGTCGTGGACCGCCCACTTTTAGCTCCTGAGCTAAAAATGTGGTTTGCTGCGTTTAATCGCCTTATTTTTCTAACCCGTTTTTAGCTCTGTCGCCGGTTTCGCCTTGGCGCCGCACGTTCGCGCGAAACCGATTTTGTGAAACGTGCCCTTTTCAAGAGCTAAAAATGAAATTCAACACCACCGCCGTCACCCGCCGCGTTTTCGCGGGCTTGTTCGCAACCGCTTTAGTGGCACCTTTCGCCACTCCCAGCGCATTCGCCCACATCGCGCCCTGCCCCTATTGCGCGATGACCATTACTCAGGACACGCCAACCCAGGACAACGAAGTGGCGCTCCGCATCGGGCGCAAGCGCATCGAATACAAGTGCGTTTATTGCGCGCTCGCCGAAGCCCAGACGGAATATCAGGGCGATTTGACTGTTATTGCGCCCAGCGAGAAGAAGGGCGAACCCATCCTCATCTCACGCAAAAACGGCCAGTGGTCGGCACCAGATGGCGCCTGCTACGTTCTCAATGCACCTGTCAAACACAAGGTCTGCCAGGAACAGGCACGCGCCTTTACCTCCAAAGAGGTGGCACAAAAATATCTCAACGCCAATAAAGACACATTGCCCGGCGCCAAAATCGTGACGCTGCCTGAACTGGTCAAAGTCTCCGGCGCCTGATCACGTATCCCACTGGAGGAAATATGAGACACCTCTTTTTTGTGGCGGCCTTACTGGGAATGAGCGCTTCCGCGTTCGGAACACCGAGTCATCCACTCTCAGCAACAGTTACCTTGGCTGGTGCAGCACGGACACTTCCGCCTCTTCCCCCTCAGCTTCCCGCATGGTTGGACTCGAAGCAAAACAACGACATTTTCTATAAGCGCGGGGCTTTCAACTTCGCCATCACCAACATTCCGGCGCTTAACCGCGATATGAATGGTGTCGCGGTGGGACATGCGCTCGCTTATGAAGCCCTCGTGACGGGGCGCGAAAAATCGCTGGAAACAACGGTATGGGATCAGATTAACCACGTATTGAAGAACCCGCCGAAGTTCATGCCGACCGAAAAGTCATTGTCGCCGACCTTCGGGCAAAAATACGGCGTGCTGGAGCAGGTGTTCGACTGGACGCACGTTTCGCATGCACAAACCATTGATGTGCTGGCTTCGCCCCGGTTCGACAATGCGGACAAAGACGCTGAAACCACCAGGGTGTGGGACTATTACCGCGACGAAGGGGCGCCATTCACGGTGACAGGCTTGCCGATGAATATGGCGTGGCTCGATTCCCAGGCCTATTCGGGAGCGTTTCGTCGCAAGTATCCGAAAGTGAACGCGCTGTTCTGGGGCTATCACTGGCTCCAAACCTCGATTTATGACGGACTGCGCGACAAGACGCCCGAAGAACAGAAGAAGATGTATGCCCTGCTCGGCAGGCAGTACCACGATGTCGAGTTGTACGATACCAAGCGGCCTTTTATGCCGATGATGGCGGAAACCAGTCCGCTATTTTCAGCCAAATATCCCGACATCGCCAACGCCTTCGACAACCTGCACATGCTGCACGACATGGTGAACGACATTCTCGCGAGCGACTGGATGACCGGCGCGCAAAAGACCGAGCAAATCAAACGCGCCGTCTATATGATGTCGCCCGATGCCCATAACGGATGCAAACCGGGAGAGAATCGGGGAGTTATTGACGGTATCTCGCACGATCACCGCTTCATGGCCGGTATGCCGGGGATGGGCATAATGAAGACCGGAATTGCGAGCGAGGATAAGATGCCAATGAGTGGGCACGCCGGAATGAACATGGCAGGTATGACAATGCCAGCTACGCCTGCAAAGGGCGAAGAATTCGATCCGACACGGCTGATGTGGATGCCAAAGATGGGCTGGATGGATATGAGCCAGTGCCACCACTGCTCAATGCCCCTCACGGGTGGCGGCGACGATCCGCTGAGTGCATGGCAGAATTCGACGATTTCGGCAGAAGGGTGGACGATGCGAGTGCGTTGCGCGCTGTGCGCGCGCGACATGAGCGCCGAAACCAAAGGTGGCGCGATTCTCTCGCTCGCCACCGAAGATCCGAATCGGCGAGTCATCGTGTTCTCGGATGAGCGCGGCAACCTCACCACCGATTTCAAGGGCGCCGTGTTCCTGGAAGAAAAGGGCGGGCACCCGAAGTGTTCACAGTGGTCACAGGCGTTCACCTCGCGTGCAGCCTTCGATGCCTATGTCGCCAAAAATCCGAAGTTCAAAGAGGCCAAACCGCTATCGTTCGAGGAGTGGGCGAATGTGGAAGCGGCGGGGACACCCGACACCTACGAGAAAGAAGAGGGACCAGTCGAGAACCCTTATGCCGCCGACTTAAAAACGCGTGGCATTGCGCCGGACGAAGGGGATGGGCCATGAAGAGGCGTTTTCTGTTGCTAGGTGCGCTAATGAGCGGAGCAATCCCCGCCGTCGCCGTTGACCACGACAACATTGACGCGAACCGTCCGCTCGATTTCGATGATGCCGAAACCATTGCCTTTCGAGAAAAATCATCGGAAGTCGGGGCGGCACTCGCGCAACCGCGCGGCGGAAAATTGGGAATTGCGGGTGATGCCGAGTTTCTGTATGGCTTCGCCAAAAACTGGCACCTGAATCTGGGCTTAAATCCGGCTCTGCTCGACCGAAACGGGAGTGGACGTCGCTTTGATGTCGGCGACTTCGCCATCGGAGTGCAGCACAACTTCAACCGCGAAACCCAATCGTCACCCGCCTTTGGCTTTCGCGCTGATGCCTATTTGCCGACGAGCCGCGATTCAAGCGGAGTTGATTTTCGATTGCGGGGCATCGCCTCGCGCAAGTTCGGGCGCTACGGTCGTTTGCATCTGAACGCCGATTTAAACGTGAACACTAGCCCCGGTGCGGGTGAACAGCGAATGCTTCCAGATGTAATTCTGGGCTACTCGCAACCACTGGGCTACCCGCGCCGCTTCGACCGCACATTAGTTGCACAGGTCGGTTTGCGCGCCGCGCCTACCAACGATAATTCGGCGATTGTGAATATCGGAGTGGGATTGCGACAGCAAGTTTCGCAGCGCAGCGTGTTCGATTTGGGAATCAAAAGTGATATTTCCGGTGCGGGAAACGACCGCGAGCGTTTTCGCGTAGTCGCTGGCTACTCCACTGCTTTTTAAGAAATCATGAGCAACAAAATTTCATCTCTCGGCGCGCTATGCGCCGTCGTGGGGCTAACGGGCATCACGCTCACGTTTTTAGGCTGCGCCTCTTCTCCAGTACGCGCGCAAGATACCCCGACGGTGCGGTTAGCCCGTGT
AP024152.1_gap36	1984196	1987080	2884	GCAGTTCATCTTCAACGTGACCTGCGAAGGCGTCAACCTTGGCGCTCCCTTTGAGCGCGAAATCATGACGGGCAATTTCACCCCGACCACGAAGTTCGAGTACGGCGATCCGAACGAACAGCCGGATCATTGAGCCCACATATTTAATCCATGCCCAATCACACTCTCGCGCCCGGAGAAGCGTCCCTCCAACTCGATGTCCCCTTTTTGCTTCCGGGCGTGGACGACCCGCAGGATGGTTGCGTCAATCGCCTTGAAGAGCGCTTGCGCGGCCAGACCGGTATCAAAAACGTTCACCTCGACCGCGATGGGCTCAATCGCGTCGTGCTATGTCTGCACTACGATCCCAACCTCGTTTCCCTCGACAAGGTAAATCGTCTGGCGCGCGACGAAGGCACCTCCATCACACAGCGCTTCAAACACGAAGCTATCCCGGTCAAAGGCATGGACTGCGCCTCGTGCGCGGCTTCCATCGAACACGTCGTCCGCAAAATTCCCGGCGTCATGAGCGTCAGCGTTTTCTACCCAACGCAAAAGATGCGTGTCGAGTGGGATAGCGAACAAACAAACCGCGAGGCCATCGTCAAAGCCGTTTCGCGTCTGGGCTACCGCATCCTCGATAAAAAATCCCCCCTTATCTCTCTGACAACGCGCGAACCCGAACACAGGCACGAAGGTCACGACCACGAAGGTCATGACCATGAGGGCCACGATCATGATCATGGCGACCACGAGGGTCACGACCATGCTCATCATGACCACGACGAACACGATCATAGCGCGCACAAAGCGGAAAAAACCGAGGAACACGGCCACGATCATCATGATCATCTGGGCCATTCTCACGATGACGGCGACACTGACCCAAACGCCCACTGGACGAAGCGCTATCCGGCTTTAACCCGCTCTCTCATCTCCGGCGCCTTCCTGTTAGTTGCCTTCGTCGGTCAGGTCACTGGCATTTTGCCGGTCTGGGCCTATCTGCCCCTGTATGCCGCCTCCTATTTCGCGGGCGGCTACGACTTGGCACGCCACACCGTCCCCACTACTCTCAGTGGGCGCTTAGATGTCGAGTTTCTGATGCTACTCGGCGCTATTGGCGCCGCGATTCTACATGACTACGCCGAAGGCGCCTTTTTGCTCTTCCTGTTCTCGCTCGGCCACGCCCTCGAAAACTTTGCTCTGGGCCGTGCCCGCGACGCGCTGGGCGCTCTCGGCAAAATCATGCCCCGCACCGCGCGAGTGCGCCGCGACAATACCGAACGCGAAATTCCCCTCGAAGAGCTCGCTGTAGGCGACACCGTAATCGTGCGCGCGGGCGAGCGCGTCGCGGTGGATGGCAGCATCATCAAGGGCCGTTCCTCTCTCGATCAGAGTGCCCTCACGGGCGAGAGCGTTCCCGTCGAACGCGGCGAAGGCGAGTCGGTACTGGCCGGTTCTCTCAACGGCGATGGCGCCCTCGAAGTTCAAGTCGGCAAGTTAGCTCAGGACACGACTTTATCGCGCGTCATCACGATGGTCGAAGAAGCGCAGGCACAAAAAGCCCCTTCGCAAACATTCGCTGACCGCTTTGAGAAAATTCTGGTGCCCACGATCCTCTCGGTGGCTTTTTTCGCGGCGATTATTCCACCTCTAGTGGGACGCCTCACCTGGAGTGATTCGCTTTTACGCGCGATTTCGGCGATTGTCGCCGCCTCGCCCTGCGCCCTCGCGCTCGCTACTCCCGCCGCAGTTCTGGCGGGTATCGCGCGCGCCGCGCAAAGAGGTGTTCTCATCAAAGGTGGCGTCTATCTCGAAAACCTGGGCACTCTGTGCGCCATCGCCTTCGACAAAACCGGCACCTTAACCAAAGGCCGTCCCGAAGTCGCCGCCGTCTGGACGGCGCCCTCCCTTTCCCAGAACGACCTGCTGCAACTCGCGGCCTCCCTCGAATCGCGCTCCAGCCACCCGCTTGCCCGCGCCATCATGGACGCCGCCACCAAAGCGAATCTGCCCCTCGCCACTACGGGCGAAGTGCAAACCATCCCTGGACGCGGGCTACGCGCCCAGGTCGAAGCCGACGAGGTTCTCATTGGAAACGCGGCCCTGCTCAATGAAAACCACATCGAAATCCCCGCCGAAGCGCACCAGCAATTGCAACAATGGGGCGAACAGGGCCGTCCCACCATGCTCGTAGCCCGCGGCGGGCGCACCATCGGCGCTTTCGCTTTTGCCGACCCGCTCCGCGACGATGCTAAAAGCACCATCGCCGCGCTGCAAAAGCTGGGCGTTTCCGAACTGGTCATGCTTTCCGGTGACAACGCCCGCGTCGCCGCCTCGGTTGCTTCGGCAGTGGGTATCACTCAGACGCGCGCCGATTTGCTACCCGCCGACAAAGTGACGGCCATCAACGCCCTCTTGAGCGAGCACAAGATGGTCGCTATGATCGGCGATGGCGTCAACGACGCCCCCGCGCTCGCTACGGCAACGGTGGGCGTCGCGATGGGAGCCAGTGGCACCGATGTCGCGCTCGAAACGGCGGATGTCGCCCTCCTCAGTGACGATCTCGGCAAATTGCCCTTCGCCGTGGCGCTATCGCGTCAATCCAAATCCATCATCCGCCAAAACCTGTGGATTTCGCTGGGCGTCATCTGCCTTCTCGTACCTTCCACGCTGTTCGGTTTGGCCCCGTTAGGAGTGGCGATCATTTTCCACGAGGGTTCTACCCTTCTCGTCGTCTTGAACGCACTCCGATTGCTCCGCTTCGATATGGCGAAGTAGCCTCCATCAGCCGCTACGCGGCTGATGGGGCAAACCCCTCATACTCCGCGCGATTGTGCGTCTCACTACTACTTCCTTCTTGGTCTTCGCGGGTTCGCTTCTAGTCGTATCGTTAGCCCATGCC
AP024152.1_gap37	2024290	2025228	938	ACGGATAACGCTTCTGCGGCGACTCGATACCGTTCGCAACTTCAACAGGCGCTGTCCATTTTCCATCTTCATGCCGTGATAGCCAGATGCCGACATCAGGATGGCTTTCAGCACTGCCCCCAAACCACGCCGCAATCAGTCCCCCCTTCGATTCGACGATGGTGGAAGCATGGCACGATGCAAACGGAGCATTCTGAAAAATGAACTCGCTCTGAAATTTTTCGGGGCTTTCCTGCCCCCCGGCTTGCACCGCAGTCGGCACCATCGCGCACACAACTAGAATCAGAATAGGCAGCAGAAAATCGAGTCTCATAAAGAACCGGCAAACCCTAACCGTTGGAGAAATAGACTCGTCTTGACCACCTGAACCCACGCAAGTTTCAGTGGCTTTCAGCACAGCGTTGGCTTCTCAGTTGCCCGCATAAGTGCTTCAACAATGGATTTAACCGGTATTCACCATCTCACCGCCGTCACCGCCGACGTGCGCGAAAATCACCGTTTCTACACGCAGGTGTTGGGTATGCGCTTGGTCAAGCGCAGCGTCAACCAGGATGATGTCAGCGCCTACCATCTGTTTTATGCCGATAAGGTGGGCAGCCCCGGCACCGATGTCACCTTCTTCGACTGGGCCATGCCTCGCGAACGACGCGGCACGAACAGCATCACCTGCACCAGTTTGCGAGTCAACGGCGCACAAGCGCTCGACTGGTGGACCAAACATTTCGAGTCGCAGGCTATCACTGCCGACCCCGTAGTGGAACGCGACGGACGCCTGACCCTCGATTTCGAGGACACCGAGGGCCAACGTCTCTCGCTCGTGGACGATGGTGGCGCGGGCGAAGCGGGGCAACCCTGGGAAAAGAGCCCGGTCCCACCCGACTTTCAGGTGCGCGGTCTGGGGCCAATTACCCTCAACGTGCCCGATTTGGGGCCAACCA
AP024152.1_gap38	2031830	2035284	3454	ACTATCGCGGCGCTCCGTTGGGTCTTCCTATTGCGCCCATTTTCCCGACCACCTTCGGTGGAGCGGAAAGTTTGCGCGCCGATGGCTACTTCAAGTTGCGTCCGCGCCTGACGCTGTTCGGCTCGGCCCAGTTCGTGGACATCAACACCGAAGACCAAAATCCGGCCCCGGTGGGCGGACGCGGATTTTCGCGCCAACAGGTCGCAAGACTGGCCCTTTCCTACGATTTGTCGCGCTCATTCGTGCTGACGGGACGGGCAACCTATGTCTCCACCAACCAGCCGAACTTCGTCAAAGGCGAGCAATCGCGTAACAATACGACATTTTCTCTGGAGATTGGGCGTTCTTTTTAAAAATCAGAAAAAAGCGCTTCTTGTGGTTTTATTATTGCAAAGCCCTAGCGCCGCGCTAAACTGCGCCCGCTTTTGCACTTAACGCTTTCACAAGGAGGTTTTCTCACTATCATGAACTGGATGTCACGCATCGCAATTTTCGCCGTTCTCGGCGCCATTTTGTCCAGCGCTGTTCTTGTCGGCTGCAGCAGCGGCGGCGACGAAGATAACAACGCTCCTGCCAACGTTGCCAAAAATACTGCTGACGGTGGTTAATTAACTCGTTCTGCGAGTGAACTTAGAAACGCCCACTTCTTCGGAAGGGGGCGTTTTCGCATTTTGGGCGCTTGATTCCGGCGGCAACTACTGCCAATTTCCTCTCCTGCCATGAAGCCCCGTGGACCTCACTGCCGCTTTGAGGGGCCATAAGACATCTCCCCCTTTAAAAGTTTCGGCTCGTTTAAAAACCGTTATAAAGTTCTGTTATTGCCATTTTTTGGGAAGGAGGCGAGGCTTTGGCTAAACTGCGCGCGATTTTTTGCGTCTACCAGCCGTTCCGAGCCCAGGAGCGCGGATCTCTACTTCATGAACGCTTCGCCTTTTCGTCGCACTACCATTTCTCTGGTCCGTCATCGCCGCATCACGCGGGTTTCGCCATTCGCGCTGACATTGCTCGCGTTGCCGCTCGGTGCGCCGTTCGCGCATGCGAAGCACAAAGAAGTTCGTCTCGCACAGGTCGATGGTACCACACCCGCTGCCACGCCCGAAGATCAGCCGCGTGGTCTGCAAACTCCCACTGGCCCCGTCCTTGGGCCAGGACAGAATGCCCCCACAAACGATCCCCAGAACAACTCAACGGTGGTGGCCCCTCCGCCCACGGTTACTCCAATTCCGGTCCCCGATGCGCCATCCATCATCGGCGATGTCCAAGCCGCCGAAGGCCGCGAAATCACCGAAGTGCGCGTCGTGGGTAACCGCGTCGTGCCCTCCGAAACGATTTTGACGCAGGTTCGCACCCAGCGCGCCTCGGCGTTCTCCTCGCGCCAGGTGGACCTCGACCGCTCTCGCATCGACCAACTCGGCTTCTTCGCTTCGGTCCAGGCACAGGTCTCACCCGATGTAACTGACCCAGAAAAAGTGGTCGTGACTTATATCGTGGTCGAAAACCGCGTCGTGACGGGCTTCAAGTTCACTGGCAACACGGTCCTCAAATCCGATGATCTGCAAAAAACGCTCGTTTCCAAAACCGGCATCGTTCTGAACCGCCAAAATGTGGCAGCGGACGTAACGGCCCTTCAAAAGGCCTATTCCGACAAAGGCTTTGCCGTTCTGGTGCAAAATGCCTCGCAGGACGACGCGGGCGTTGTTTCCTTCATCCTGCTCGAAGCGAAACTCACGCAAATCAAACTATCGGGGCTAACCAAAACCAAGCCTTCTCTGGTCCGCAAACTCATCACAACCCCCGTCAATGAGCCATTCGATGCCTCGAAGTTGCGCCGCGATTTGTCGCGCCTGTACGACACCAGCTTCTTCGAGGACGCGACCTTCAAGATCGACGACGATCCCGACCTGCAGGGCGGCGTCATCGCGACCTTCTTGCTGAAGGAAAAGCGTACCGGCCAGTTTGGAGTCGGTTTGGGATTCGACTCACGCTCGAAAATTTCCGGTTTCGTCTCCGTGGGAGAAAACAACTTCCGTGGCAATGGCACCCGGGTCGCCGCTTCGTTGGAAGCCGGTTCGCGCCGTAACTACGAATTGAGCTATGGCAACCCCTTCGTCGGCAAGCGCAACGGCTCGTTCGATGTCTCGGTCTATTCGCGCAGCATTTTTCGTGAACCGCGCATTTTTCAGGGCAATGGTGGCCCAAATGTAATAACCAACTCATTCGAGGAACAGCGCAGAGGTGGACGTATCAACATTGTGCGCCCGCTGGACAACCAGCGCACGCGCAACCTGATCTTTGGCATCCGCGACGAGCGCGCCACACTGCGTCAATTCGATTCCGATGGCAACGAAACCAACACCCCGATTTTGGTGAATGGTGTGCCGTTCGTTGGGTCGGGTACTATTCTCGCCCCTTCGATTGGCTATTTGCGCGATGCCCGTGACTCACGACTCGATCCGACACGCGGAGGTCGCGAACTCATAACCATTGAGCAAGGTCTCAAAGGATTAGGGGGTTCGAGTTCATTCACCAAGCTCGACATTGACCTCCGTCGTTATTTCCCGTTGACCAAGCCCAAATCGGCGACGGAACTTCCCAAAGTTGTCCTCGCGGGCCGCGTTGTTTTGGGCCGCGCCCTCAACCAGTTGCCCGCCTTTGAACAGTATTTTATTGGTGGCCCCGATACAGTGCGCGGCTATCAAACGGACGAACAATTTGGCGACAACCAGTATTATGGCAACCTGGAATTGCGTTACCGGTTTAATCGCCAGATTCAGGGCGTTTTATTTAGCGACGCGGGTTCGGCGTTCGGTGGCACCTTCACTAACAGTGGTAGCGCCAATCTACTGTACAGCGTCGGCTTCGGCGTCCGCTTGCAAACTCCCATTGGCCCAGTTCGTCTCGACTACGGTATCGGCAAAGATGGCGGCCAGACCCACTTCGCTATCGGCCCAACGTTCTAAAAAGCTGTTAGCTATTGGCTGTTGGCTTTTAGCCCACTCACCGAACTAAAATTCGGGACATGGCCTGCCACCCCATGTGCGACTCTATTTCATATCTCATGTTATGCAGTCGGTTCTGTTAGAGACCGATTGAGAAGTGTGAAGCACTTTTAAATGCTAACAACCCGTGTCCGGTAGGACACTTGGCGAAGCCGGATGCCGGAGGTTTTATACCTCCGGGAAGGCGTATCGCGCTGCATAACATGAGTCAATATATGTATCGTGTGGCGAAAGCTATGAAGTCGCAGTTGGGATTGTAGGGACATGGCTTGCCGTGTCCGCGAGAGGTTCCCATACCGAGGGCGCGTAAGCGCGACGCAAGGCGCTTGAACGAGAAAATGGCCTTAATAGGAGCGTGTTGAGCAGACGCTTTCGCCGAGCAGAGCAACAAAAAGAGTCGCACATGGGGTGGCAGGCCATGTCACGAATTTTAGTTCGGTGAGTGGGCTAAAAGC
AP024152.1_gap39	2036495	2039519	3024	CGACCCCTTGAAAAGCAGGGGAGACATCGGGCAGCGCCAAAGCTTTGTCGAAGGTAGCGCGCGCCATCTCCCAGTTCTTCTCGTCACGAAAACTCTGTCCTAACTGAATCCATGCTCCAAAACGCAAGAAGGTTTGAGCATTGGAGTCTCCGAGAGAGGAAAGTAGCGTGCGCCCACGCGCGGTTTCGCCCCGTTCCAAAAGAACTTGGCCTAGGTTATACCTCACGACATCAGCTATCTCTTTGGGCGCCTGGGGGTCAACGAGCTGCGGGTCGGCGAGAAGATCCTCAAAAACTTTTTGCGCCTTATCCAGTTGTTTTTCCTGATGCAAATCCTCACCGATAGCAAACAGGACAAGGACTCTATTGGGAGCATCAATACCGGGCTGTGCGGCGGCTTGCTCGTAGAATTCGCGGGCACGCGCGGCGTTCTTTTGCTCGTCGAATGTTTTGGCAATGCGGCTGAGGGCGCCGAACTTTTCTTCGGGCGTTTTCGCCACAGCAAGGGCACTTTGCATGGAAGCCCGCGCCGCATCGTAGTTTTTGGCCTCGAACTGGGTTCGCGCAGTCTCCAGAAAGTCGGCGTAAGTGGCATCGGCAGCGTGGACGCCAATTGAAGACAACAACAAAAACGAGGAAAGAAGGAGTGGTTTCATATTTTTCACATCGCCGCGACAAACAGAGAGAGGCGTTCGATTTGATGGGTCACTTCACAGTCCGGCAATGAATCCAGAAACGTTTGCCCATAGCGCTTGGTTTTTACGCGCGGGTCGAGAACCGCGACAATGCCTCGGTCGTTGCCAGTGCGAATCAAGCGACCAAAGCCCTGACGAAACAACATCACCGCTTGCGGCACCTGGTAGGAAGTGAAGGCATCCTCGCCGCGCTTTTTGATTTCTTCGACACGGGCCTGAACGATGGGCTCATCGGGCACGGCGAAGGGCAATTTCATAATCACTACGCACGACAGGCTCTCTCCCGGCACATCCACCCCCTGCCAGAAACTCGTGGTGCCAACCAAAACCGAATGGACGTCGCGGCGGAACTCTTCGAGCAGGGCTCCCCGTGCCATTTCACCCTGGCGCAGAATACGAATTTTCTTGCCCAGCATCCGCTCCAGAAAATTGGCGACCTGATCAACCAATCGAAAACTGGTGCAAAGTACGAAAGCCCGCCCTTCGGTGCGCTTAACAACCTCCGCGCAACGCTTGATGGCGGCTTCTTCCCAGAACGTCTGATTCGCCGGGTCGGGCAAATCGGACGCGACGTAAACGAGCGCATTTTTGCGGTAGTCGAAGGGGCTCCCCAGCGTGAGGGTTCGTGGCGGCTCGACAGGCTGACTTTGGGCCGCGAGTTCTTCAGGCGTGGCCGCACCCAGCTTTTCGGTTTGCTTCTGGCGAAAAATCGGCGTGACGCGGGCGGCTTCCGGCACGGGAGCACTCACCTTTTTCGTCTCTTTGGCTTCGTCTTCTTTTTTCTCTTCCCCTTCATCGTCTTTCACCATAGGCGGTGTGCCTAACCCCAGACGATCAATGAGAAAATCGAAGGATGCGCCTGTTGTCAGGGTCGCGCTGGTCAGAATGACCGGTTTGAACTTGGCGAACAGCCCTTCGCGTAAAGCCTCTGCGACTTCGATGGGCGCCCCATGCACCGAGAGGCGTGGAGCACGCACGGCGCTCCCGATACCATCGCCATGACGGGGCACGCACGTCGCCCAGTAAACATAGCCGCGCTCGGATTGCGACACCACGAGTTTCGCGGCGCGGCGCATTTCAGCACTGCGATTCGCAAAACCCTCCAGTTCTTTGACGAGAGATTCATCGCCGCTCAGTTCCGCCAACTGACGCGCTTGCAACAGCACATCTTCCAGGTTCTTCAGAGGTTCGCCCAGATGGTCGTGCAGCAAATTGGGCCGCGTCATCCGCACGTTGGTGCTGCGATTCGGGTCGAGATTGAGGGCGAGTTGCAACTCCTCGAAGAACTTCCCGACCGCTTCACGCGCCGTCTGCGCCGTCTCTTGCAACAACCGCTCATGAACCCCTTTGTCGGGAAAAGTCGCGGTAGTCAGTAGTGTTTTGCCCGAACGCCGCGAAGCGATAAGTTCGATGAGCTTGGCCGCCCCCAAATTCGACACCTCGGCTCCCAGATAGGACGACGCCACATCCTCGATGCTATGCCCCTCATCAATGACGATGGCATCGAAAGGCGGCATCACACCACTCGCATTTCCCCCCGTCGAAAGATGAGCGAATAACAGGTGATGGTTCGCCACCAAAATTTGCGCTTTTTCAGCCTCACGGCGGGCTTTAAAAAAGAATGAGTGGTCATAAAGCGGGCAAGAACGCCCCAGACACAAATCGGATTCACGGTTGACCTGCGCCCACAGCGAGGCGGGCGGCTCGATTTTCATATCCACTCCCCGTCCCGTCTTCGTTTTGGCAGCGAACTCCTGAATTTTGGCGAGCGCCTGTACATCCTTCTCCGAAGCGAACAGCCCAGCAACTTGAGCTTTGGCGAGACGACGCGGGCAAATATAGTTACTCGTTCCCAGACACAGCGCGAAGGCGAAATCGCGATTGAAGTTCGCGATGAACATTTCGCGCAAAAACGGCAAATCGCGTTCGACCAGTTGTCCCTGCAACGCCTTGGTTCCCGTCGCGATGAGAACACGCTTCTTGTTATCCAGCGCCCAGATGAGTAGCGGCACCAGATAGGCATACGACTTGCCAACACCCGTCCCGGCCTCAACCAGTAAATGCGCGCCGTCGCGAGCACTGCGCGACACCTCGCGCGCCATTTCGAGTTGTTCGGGCCGGGCCTCGAAATCGCGTCCGCGCGCCTTCATTTGCAACTCCAACGCACCACCGGGTGCGAAAATGCGCTCTAAGATTTTGACATCGAAATCGGCGGGAGTTGGTGTGGCGGGAGCGGGGCGCTTACGGGGAGACGAGACGGACGGCATCAGAGAATAGTTTGAGCGTTCTGGCAGAGCTTCGGGACATTTAAAGCCCGTGCTTTTCCTTTG
AP024152.1_gap40	2042024	2043945	1921	CCTTCAAACCCAACACCGACGATATTCGCGAGGCCCCCGCGCTGGTACTAATCGAAGAACTCCTGGAACGCGGCGCCCAGGTCGTCGCCTACGATCCCGAAGCGATGGATGCCGTCGAGCGCACTTACGGCTCGAAATTTGGCGACCGTCTCCGCTTTGGCAAACGGCACTATGACGTGTGCGAAGGCGCCGATGCCCTCGTCATCGTGACCGAGTGGCCCAAGTTCCGCGAACCGGATTTTGCTTTTTTGCACGAAATGCTGAACTACCCGGTCATCTTCGACGGGCGCAACGTCTACGATCTCGAAACCATGCACGACAAAGGCTTCACCTATTATTCCATCGGACGCCCCACAATCCACTCAACTGCAAACGTCAAAGAGGAGGTCGCCTAAATGCCACACGATTTCAAGGAAGGAGAGCCGTTCCCAGGCTTTGAATTGCCCTCGGTGGCGCTGTGGAACGGCGAAAAAAACGAACACACCGTCTCGAACGAAACCTTGCTCGGTAGGCCATTCGTCTTGTGGGTTTATCCGAAAGACCAAACCTCGGGCTGCACCATCGAAGCCCGCGAGTTCTCCCAACTCTACCTGCAACTTCAAGATGCGGGCGTCGAGGTATTGGGACTGTCGCGCGATTCGATTCGCTCCCACGTCAATTTTTTGCGCGCGCAGGAATTACCGTTCGCGCTACTAAGCGATGCGGGAGGCGCGTGGATGAACTCACATGGGCTCATCTATGAGGCCAAGATGTATGGTAAGCCTGTAACGAAGGTGGCCAGAACGACTTTTCTCGTGGACGGCGACGGTACTGTGCGGCGCATCTGGGAGAATGTGACGCCCGCCGGACATGGCGCGCAGGTGTTAGAAGCGGTTACACAGTTAAAGTAGCCCAACTACCACTGCCAGTTGGACAGGGTCTTGCGCTGAGAATGGCGAGGCCAGACGAATGACTTCATGGAAAATTCCAGCGCCAATTCTTCCCGGACCCGCGCCGCGCCAACTCGTATTTTATTCGTGTCCCTGTGGGAGTTAGGTTGGAAAACGTGGGCCAACCAACTCGAACGCTATAGCGAGGATTTTCCAAATCTGGAAGCGGTTCACTTGCGTATCTCGCGCCCCCACTGGATGTGGGCCTTGTCACGAGAGCTGCGGCCTCTGGGTCTCCCTCTGGTGTCGTCCCGTCGCTCGTGGGAATGGAAAATGAAACGCACCGTGGCGCGCGCCATCAGCGCGGAGCGTTTCGATGTCGTCTTTGTCTCGTCGCAGATTTTGGCACCCGCCCTGATCGAGCCCTGCCACGACGCCGGAACTCGATTTGCGGTCGCCCTCGATGTCACTGGCCCCGCCTATCAACGCGACCTCTTGCATCGTCAAATTTCGTCCCGCAAAAGATGGGATGACGAGCGCCGGATCTATGATGCGGCAGATTTATGCGTGACCATGAGTTCTTGGATCGCCGATTCGCTCCACCGCGATTTCCAGGTTCCCTGGGAACAGATCTGCGTGTCGGTGCCCGCTGTCGCGATAAATCCCTCTCCTAAAGCGAAACCAGAAAGGAAAGCAGGGCACCTCCCGCGCATTCTGTTCTGTGGCAACGACTGGAAGCGCAAAGGCGGCCCGCGACTGGTGCGCTGGCATCAGGAACTCTGGTCGCAAAAAGCAGAACTCCACATCACCTCTGGAACCGCACCACCTCTAAAAAACTTACCCAACGTGTTCCATCACGGCGTCATCCCCTATGACGAACTGGTGAACGAGTTGATGCCTTCAAGCGACATTTTTTGCTTGCCCACCCACAACGACATGTCGCCCTTTGCCGTAAGCGATGCTCAGGCAGCGGGTTTGGCCACGGTTTCATCGCGCATCGGCGGCATGAGTGACTTGGTCATTGAAGGGAAAACCGGCTTTTTGCTCGCCCC
AP024152.1_gap41	2170728	2175056	4328	TGAAACTCGGAGGCTTGAATTGATTGCAGCAACCGAAGAGATGGTGAAAGCCGAAATTGAAGGCCGAGCGGCATTGTCGTCGCTACTTCGCGCTCAGATAGCAGAGACATGGCCGCCGCAGTTCTATGGCGTCGAGGCTCAAACGTTTACGTTGCAACAACTTGAAGGGAAGCCAGAACAAGTCGGATGGTGGAGTTGGTATATCGTGCTAAAGGGCGAAACCGAGGGGGGCCGTATTCTGATTGGCATTGGCGGCTTTAAAGGGCCGCCCGACGCTCAGGCGAATGTCGAAGTGGGTTATTCGATTGTCGAGGAATTCCACAGGCGTGGTTATGCGAGTGAAGCGGTTACGGGATGGGTAAAATGGGCCTTCGAGCAAAGGGCGCAAAGCATCACAGCGGAGACATTGCCTGAACTGGTGGCTTCGATTCGCGTGATGGAGAAGAACGGGTTTTCTTATGTCGGCGCCGGTTCGGAGCAAGGGGTCATTCGTTATCGAAAAGAGAGGGACTAAAGATTTAGTTGGCGCGCGCGGCTCGTTGATTTCGCTCGACGCGATTTCTTGTTTGCCCGACTCGCCTTTGCCAGCATTGAGAGGGTGGCCAACGAAATTACCATCCCGCTGCTTCCCTGCCACTCGATTAACGAGATGCTGGATTTCTACCCGGCCCTTGGCTTCGAGGTGACTTACCAGCAGAGCAAGCCCAATAACTATGCGGTTGTTCGGCGCGGCGGAATTGAGCTGCATTTCTTTTCGATGCGCGATTACGTTCCGGCCAACTCTTATAGCACCTGTTATGTGCGAGTTTTTGAGATTGACGACCTTTACCGTGAGTTCTGTGACGGGTTGAAGCAAAAATATGGACGGGTACCGACTGCGGGTATTCCACGAGTCCTGCCGCTGAAAAACAAAAACGGAAGGCGCGAATTCATCGTTGTCGATCCCGGCGGCAACTGGATACGAATCGGGCAAATTATCGACTCATCGGCCAAAGAAGAAAAGACTGATGCTGAGGGCACAGCACCAACAAAATTATCGCGCGCGACCCATGCCGCGATTCTGCTGGATGAAACTGGTTACTGCGACCAAGCCGCTCAAAAATTGGATGGCGCTTTGGACCAGTCGGATTCGTTTCCCGTCATTCATCGTGGTCAGGCGCTTGTGCTGCGAACTGCGTTAGCAATCACGATGGAGGACTATGACGGTGCCCGCCAGAGGATGGTACAATTCCGGCAAATTTCTTTGCTGGACGATGAGCGGGCCAAATTGAAAGACGAATTGGAACGAGCAGACGGACTGGAACAGATGCTTTTCGAGGCGACGGGCGGGCCAACCGCCTAAATTAAGAGAAGTTGCGCTTACCAGAGCCCCTACCGTGGCGCGGTTCGTTTGCCGACTTCGGCTTTGACGCGGGCGGTGACGTCGGAAACATCGTATTTGCCGTCCTGTTGGCCACGCAAGGCCATCAGGCTGCAAAAGGCCATGCCAAGAGCACCAGCGAAAAATAGTTTGGGGCCGATGTAGATGTTGCCGAGAGCCGTAAACGACCACATAACGAGAAGGACAGCACCACTAAGGGGCAAAATGCGGGTGGTATGACGTTTGGCTTCATCGCGCCACAATACCCACCCCAGAATGGCGAGGGCGATGAGCGATGCGGTAAATGAGCCGTTGAGGGCGTGCCCACTGTATTTCCAACCGGGATAATAGATCGGCATGATCCATTTGGTCGCGTTGTAGTCGGTGCCCAGCGAAGAATTGCCATTGGCGTCGATGTGGGTATTCAGGTCGAGGCCACCCATAAAGGTCCAACTGTTGAGGGCCGGAACTTCGCCCCATGTCCAATAAAGCGATACCACACAAAGCAGCGCGCCGAAGATGGCGTAAGGGGCATAACCGCGCTTAATTTTGGAAAGGTCGAAAAGAGACCACACGGCATGCAGCGCGTAGAATACGCCGATAAGCCAGGGAATGGCGCCCAGGCCAATGTATGTATTGTCGAGCGTATGAGCGCAGACAACGAGCGCCCAGACCACAATTTGCCACTGAGACGCGCGCCCAGCCCGAATCCAGGCAGCGGCGCCCAATAGTAGCGCCGACCATATCCAGCCGGGGCCACCGAACCAGGGCAATATGTTGAGGAGCACTGCGACTATAATCCAGGCGGTGCTTTTTTTGGCCGATGTTTGCACTCTCTTTAGTGTGCCTTGACTCGCCCAGGGTTCCACAACAGCGGAACGAAAGGCGTAAGATATTTGGCGCTGTCGCCTGAGTTTTAGGGCCGACAAACGATGAGAACTCCCGTAAAAATTCCGTCGTGGATTTTGTCGTCGGTTGGCCTGTTCCTCACCGGACTACTACTCGCGGGCGCGATGGGGGGCATCACAAACAGCATCAACGGATGGATCAACCCACTTTATGTTGTCGCCGTCATGCGGTGGCAGAGCATGGATGATGTGTGGTGGGCTGGTGTCGCGGAAGGCGTGGCCAGTGGCGTCATGAGGGGCTTTGTCCTGTGTGCCATTTTCACCCTCGGAATTGCCCTCATTTCGCGCGGAGAGTGCCCACTCTCTTTGAGTCTGCGTTACCTCTTCACCATTTTTGGCTCGGTTTCGGTGTGCTGGACAGTGGGAGGCTTGTTCAGCGTGGTGTTGTCGCTACTTTTTCCCCAATTCTACCGGTTCTTTTTCTTCGGGATGCCAAACGAAGTGGGCGATGTCATCAGATATGCCTGGGTAGGGGGCTCGATCTGGGGGGCACAACTGGGGGGAGTCGGGTCGGTTTTTGTGGCTCTGGCCCGGTTCAACACGCGATGGAAAAGGCGATTTTGACCACAAATATCGCGTCTTATTTTCAATGAGCGAGTGTGGCGTTCAGTTCCCCGCAAATCGTAGGGGCAGATGACACTGGCGACATTGTAAAATTTCCTCGTTTCCTTTACTATGTCCATCCAACACGATGTCAAAGACTTAAAGCTCGCGGACGCGGGACGCGAAGCCATCGAGTGGGCCGACCGGCAGATGCCGGTGTTGCGTCTCATTCGCGAGCGCTTCGAGCGCGAACAGCCACTCAAAGGTGTGACTCTCGCCGCTTGTTTGCACGTCACCACCGAAACCGCCAACCTCGCGCGCACTCTGAAAGCGGGCGGCGCCAACGTCTATCTGGCCGCCTCGAACCCACTTTCGACGCAGGACACGACTGCTGCTGCGCTTGTCAAGCACTACGGCATTTCGACATTCGCGATTTGTGGCGAAGACAACGAGAGCTACTATTCGCACATCAAAGCCATCTGCGACGCCAAACCACTGATGACAATGGACGACGGCGCTGACGTTGTTTCCTATCTGCATAAAGAGCGTCGCGACGTGTTGGACGGCATCATCGGTGGTACCGAAGAGACGACGACGGGCGTTATCCGTTTGCGTGCAATGGAAGCCGACGGCGTTCTGGAATATCCCATCGTCGCGGTGAACGACGCTTCGACGAAGCACCTTTTTGACAACCGCTACGGCACCGGCCAGAGCACGATGGACGCCGTCATGCGCGCGACCAACGTACTCATCGCGGGTAAAGTGGTCGTCGTCGCGGGCTACGGCTGGTGCGGCAAGGGCGTCGCCTCGCGCGCTAAGGGCCTGGGCGCCAACGTCATCGTCACAGAAATCAACCCCATCGCCGCGCTTGAAGCAGTTATGGACGGCTTCCGCGTGATGCCGATGATTGAGGCGGCACCGCTCGCCGACATCGTGCTGACCGTCACGGGCAACACCACCATCGTGTCGGGCGACGTGTTCGCGGCGCTCAAAGATGGTGCTATCGTCGCCAACTCCGGCCACTTCAATGTCGAAATTGATATCCCGGCACTCGAAGCCCAGACGATTTCACGCAAAACCATTCGCGACCACATCGAAGAGTTCTCGCTTGTTAACGGTCGCTCGGTGTACTTACTCGGTGAAGGGCGTCTGGTCAACCTCGCGGCGGCGGAAGGCCACCCCGGTGCGGTTATGGACATGAGCTTTGCGAACCAAGCCCTGTGCGCCGAATACATGATGACCAACGCGAAGTCGCTGGAGAAAAAGGTTTACAGCGTGCCATTGCCAATTGATGAAGAGATTGCGCGCCTCAAGTTGCACTCGATGGGCATTAGCGTCGATCTGCTGACAGCCAAGCAGGAAAAATATCTCACCTCATGGGAAGAAGGCACCTGAGCCTTTAGTTTTGAGTTCTGAGTCATGAGTTTTGAGTGGGGTAATTCCTACCCCACTCTAGCTTTCGTCGCAGATTGTTTCCAGGAGGTTCAGTTTCTCTCTTGACTCATGACTCAAAACTC
AP024152.1_gap42	2196932	2201588	4656	TGGGATTAGGAATGGAAGAAATCGAGCGTGGCTCGTAGCGAAGCGGCAATGTATTCGACGTGTTCGCGGGTATAATTCTCGTTCCAGGGCAACACGAGCATGTGCGCCAGCGCATCGTAGGTGCCGGGGAGCGTATCGGGCGTGGGCCAAACGGCGTCTTGAATGGGCCAACCAGAAGAACCAAGGGTGCGCTTATCGCGTAGCACTTCGCACTCGAAGGCCGGTTTTTGAACATAGCGCGGCGCACACACAATACCGTATTCGTCTTTGAGGCGCCCCCCGATTTGGCGCACATCGGCCCCGGCTGCTTCGGGTTCGATGCGGAGGGTGACTTTCCAGAAGACGTTTTGTGCGCGCGGGGACACAAGTTGGGATGACACACCGGGGATGTCAGCGATTTTATCCAGAAAGGCGTTCGCCGATTGTTGACGGTCGCGCACGACACCTTCGACGCGGTCGAGTTGGGCCAGAGCGACGGCTCCTGCCAGTTCGGTCATGCGGTAGTTGGGGGCGGAGAAGTAGTGATCGGGTTTCGGGTCGCCATAGCCCCACGCCTTATCATGAAAGAGACGAATACGACGGGCCAGATCAGGATTTTTCGTCAACACCAAACCGCCCTCGCCACACGAAAAATGTTTGCCCTGTTGGAGAGAGAAGCAACCGATGTCACCAAAAGTCCCCATACGCACGCCATCGAAGGTGGCATAAGGGGCTTGCGCGGCGTCCTCGATGAGATAAAGCCCCCGTTCGCGACAGAGTGCGCTAATAGCGTCCATGTCGCAGGGCGAACCGAAGAGATGGGTAGCAACGACGGCGCGTGTGCGGGGAGTGAGAACGGCTTCGATGCTCCCGGCAGAGACATTGAAGTTTTGAGCCCCGATGTCGGCGAAGATAGGCACAGCGCCCTGGAAGAGAATGGGAGTGATGGCCCCCATATCGGTGACAGAGGTGGTGACGACTTCATCGCCAATTTCGAGGTCGAGGGCCGCAAGAGCGCAGTGAATGGCAGCTGTGCCACTGGTGACTGCCGTACAAAAGAAACCACCGCCGCCATAGCGTGCGGCAAATTCCTGCTCTAAACGTGAAACGAAGGTGCCACGCGTGCAATTGAGAGTGCCGCTATCGAGAACCGCGCGTAGGTTCGCCAGTTCTTCCTCGCCGAAACGACGCCCCGAAGCGTCCGCGTCCGATGGTAAGACCATATGAATTCAAATCTAATATCAAATTGGAAGCCATACAACACGCGAGTATCAAAAACTGTTGAGCATCAGGGAGCAGTGGCTTCGCGCACCATGAAGTAGGACAACGAACTACCGTGCAAGGCGCGCACAGACGCGGATTGAAATTCGGAGTCGGTTTGTAAACGGAGCGTCGCTTTTTGCGGATAGGGTATGGCGATGCGAGGTGCTAACACCTGGAAATTCTCGTTCGGCTGACGCCATGTGGCCTGGGCGACATCGCCACCGTCGAAGCCAATGGCGTTTTCGACACCCTTCTGATCGCGCATCGAGAGCCAGAAGCGTTGTTCGTCGGCAAGGGTCCAGCCTCCGCGCCCACGTTCGCGGCGCCCGACGAGGGCGCGCGAAGGCTCCTCGCCATCGGGCTCTTTGACGATTAAAACCCACAACTGGCCGCTTTTGTTCCATCCAGCACTGGTGCGCGAGGTGTGCATCCAGTCGAGAGTCGGAATGTGACCCGCTTCGCTCGGTGTCGAAGGGATGGGTGGGGTTTGTGGTTTTTCGCCGAACCACGGATAGGCGCGCAATTCGAGCGGTTTTCCATTAATCATCAGAGCCTGAAGCGTGCCCGCTGCACTGTCGAAATCGCGGCCTAAGTGGGCGAAATTGGGTTCGTGTTCCAATTTGAAGGGTGGCAAACCGCCGCGCGTCTGGGCGCCCCAGGTCCAGCGGTGGTTGGCGCCACGGTAAAAAGCACGGCCTCTTACAACGACAGGGGAAAGGTGAAAGGCGCGGTCGTTGGCGCGCGGTTTTTCATTGAGGAGACCAAAGAATCCGGCGTTCCAGGCGGCAATCAGGTTGCCACGCGCGTTCATCTTGGCGGCTTGCGAGGCAAAGCCGTTGTTCCAGTAGGGGAAGCGGTTCAGTGGGCGCTTTTTGTCGGGTGACGATTCGAGATCGGCGTCCCAGATACCCAAGCGCAAGCGTGGGTTGGCCTTCCAATCGAAGAGGAGCAAATCAAGCGTGGTGCCGTCGCGGAGAGTGCTTGTCCAATGCGAGACGCCGCGATAGAGGGTTTCGGGTTTGGCACCGGGCCAGGGCCAATTCGTGTTTTGAGAGGGGGCGACGAGAGCGGCATAGCGAGAGCGCAAAACGAACCAGCGCCCACCGGAAAAAATAACGAGGAGCGGGGTCGTGACCAAGGCGATGCGGCGCACCAGGAGCCAGCCGCGCCAGCGACGGGTATCGCGTTTGTAGCCGAGGCGCAGAGCTACTAGCCACGAGAGGGAAGCACCAAAGATTCCGCCCAGAGCGAGCGATAAAATGGTGCGCCAGAGCGGGACATAGAGGGGGTTGTTGGCCTGAGCGAAAGAGTTGACGACGTTGATTTGGCCGATGGCGCCCAAGAGCAACAGGGGCCATGCGAGATGGCGTTGGCATCGAAAGGCGCAGAGGGCACCCACAATGAGCGCGGGGTGGCAAAGCAGGAACTCTTTGGTGCGCGGGCGGGCGACGAAGAGGGTTTCGAGGAGGGCGCGGAACTTCCACTCATAATCGGAGACGGCGACACCGGAATCATTACCAGAGCGGGCCAGCCACAGCCCGACGACCAAAAAGGCACAGGCGGCGAGTAAGACGTCGCGCAGGGGGAAGGCACGGCGGCCCAGGACGCGCAAGCGGCGGCGAACTCGTTTCCAGCCGTGCGCGGGGGAGTTTCCGGGCCAGAAGTCGCCGAGTAAAACGAGGAGAACTAAGGCGATGGGGAAGAGACTGGCGGCCTTGGTACCCCAGAAATCGGCGACTTTGGACCAGTAGGTCCAGTCGTTGAGCGTAGCGGCGACCACCAGCCCGCCCGCGACGGCGAGGCCCGTTGCAAGCAGCAATACCCTACTCGCCCTGAGGGTGGCGTTGCGGCGCGTTTCTTTTCGCAGGTGGGCGTTGGCGCCGCTCCATGCGAAGGCGATAACGGGAAATACCAACGAGGCTTGCAAGGCCAAAAGCTGCGCGCCGAATCCGGGGAAAGGCGATAGTGCGGCAACGCCTGCGATGCCCACGATGGCGAGGCTGCGCGTGGCTCGCAAAGACAGAGGCATGAACAGGGCAATAACCAGCAGGGTTGCGCCGACAGTGCCGATTCCGGCGCCAAAACGGGCGAGGGCCGCGCCTTTGGGAGAACGAGTGCCAACGCCGAAACGATGGGCAAGGCCGATGGAAAGTGTCGAACGACCAAGGCGTGCCCAATGGTTTTCGCGGGTTTCACTGGCCAGGGACGTCATAAAATCGAGTTGTTGTGAGAATGAGCCACGCTTCCACTGACCTTCTTCGGTGGCTTCGCCAGTGAGTTGCCTGGGCATTCGCACCAGAAAGAGCCGGACGTTGCGCTCGCGAGCGGCACGGGCGAAGCGATCCACGATTTCTCCCGGCTCCAGGCGCTGGGTATCGAGGGCGGAAACCGCATGGGCACGCACCAGATAGCCTTCGACGTGGCGGGCCAGTTCGGGAGTACCGCGCGCGGTGTCGGCTTCTACCCACGCGAAAGAGAGGCCCGTTTTCCGCATTGCCCGCGCGGTTTCGGGGAGGAGGGTTTGGTTGCCGGGCGAAGGGTCGCCCACGACGACGATGCGGGCACCATCGGAGCGGACTTGCTTGAGAACCGCGTTCAGGCGCATGGGGTTGGCACCGGTCCAGTCGCCCAGGCGGGCGAGCGGCTCCATTTTGGCACGCTTGATTTCGGTAATGGCAGACGGATCAAGTCCGACCGGCCACGCCGAGAGGGAAGCTGGAGAAAGGGCAACCGCGATGACGTCGGGGGCCACATCTAAGACGGGGTTGGCAACCGATTGGACGCGGAGCCACGCTCGGATGCGATTAAAAAGAGCCTTGTCGCGACAGACGATGACGAATTTGTAGGGCTGGGGCAAACGCGCGACCTGTGGGAAAAAAGGAGCAGCGGAGGCGCGGCTCCAGAGCGTCAGGCGCCCATCGTCGGAGAGGTCGCGCACGCTTTTGACATCGAGCGTTACACCGCGCGCGCCCCGTTGCCTCATGGCGCGCAACCACTGGCCGAGTGAAACCTTATTGGCTGCCGAAAGGCGGGTTGCGTCGCCCCATTCGAGCGCGATTTCGACGGGTGAGGGCGTGGCTTCCTGGCGCACGCGGGCGACCAACGAAAACGTGGCTAACAGCACGCCCAACCAGAGCATTATCCACGCGAACGAGAGGCGGTCAGCGAAACGAGGAGAGAGCACAACGAGAATTTGATGTTACCAATTTCAGATGGTATTGACGGCACATGCGGAACAAAACTTGGCATGTGGAATTTGTCTCGATGGGGACTTGCGGACAAATCCCTGCGGAGTTGATAGTCGAGTCAGTGGTGATGTAGCGAGGAGCATGCGGATAGTAGTCGGGGCCATCAACGATCAGCAAATCGTTAAGACCGGAGGTATGCTCCCTGACCCCTCTTTATGTTTTCTCT
AP024152.1_gap43	2214747	2218369	3622	ACCGCGTCCAGGTCGGTGATCAGTCCTTCTCGCCCGAATTCATCTCCTCGATCATCCTGAGAAAAATCGTACAGGAGGCCGAAGAAGCGCTCGGCGAACACATCACTCAGGCGGTTATTACCGTTCCGGCGTACTTCACCGAAACGCAGCGCCACGCGACCTATGAAGCGGGAGCACTCGCCGGTCTGACGGTGCTTCGCATCATTTCGGAACCGACGGCAGCGGCGCTTTCTTACGGTATTTCGCGACGCGGACGGCCTCGCAACATCCTGGTCTATGACCTGGGTGGCGGCACCTTCGACGTGACGATTCTGGCGATTGATAACGATAACCTGAACGTGTTGGCGATTGGTGGCGACCCGCATCTGGGTGGCAAGGACTTCGATGACCGCATCATGAACTACATCGAAGACGAGTTGCGCGAAAAGTTCGGCTACGAACTTGAGCCCGACCCGTCGCTCGAAGCGGAACTGCGCCTCAAAGCCGAAGCCGCCAAACGCCAACTGACCGGGCGTCCGAGCGTGCCCATTACCTTCAAAGCGAAGCGTTCGCTGGGCAACATGGACACCTATATTCCCGTCCGTGTGGAACTTAGCCGCGAAAAGTTCGAGGAAATTTGTAACGACCTCATCGCGCGCACCGAACTGTTGCTGGAGAACGTGTTGCTCAAAGCCAACATGGGCTGGGAAGACATTTCGGAAACGCTGTGTGTGGGTGGTTCGAGCCGAATGCCAATGGTGCGCGAGATGTTGACCCGCCTGTCGGGTCGCCGTCCGATGCTGCACGATCCCGACGAATGCGTGGCCAAAGGCGCGGCACTCCAAGCGGCGCTCTTGGTAAAAGACGAAACCGTCGAGGAGTTCGGAGTCGGCCACGTTCTGGCGCACTCGCTGGGTGTGGCAACGGTCAAATCGGAAAAGACCATCATTGACCACATCATTCCAGCGCTGACCCCCTTGCCCTGTTCGCAAACGCGCGGCGGGTATACGACGACCTTCGATGGTCAGGAGAAAGTGCAGGTTCGCATCTATGAAGGCGAATCAGGAGACCCACAAGCCTACCCAACTGGACCGATTGGCGTGTTCAACCTCGATACACGTCCTCCCCGGCCAGCGGGTAAGCCCAACATCACTGTCGAATTTCGCTGTGATGAAAATGGACGCATTATCGCGGTGGCCCGCGATGCCGATACGGGCCGCGAATCGCGTGTTATGATCTCGCTCGCGGGTGACCGCGACGATACACAGGTTGAAGAAGAAGCCTTCATGTTGTCACAGGCCATTATCTCGTAGTTTTTAGCCGTTAGTTTTTAGTGGTTAGTTCTGGATTCAAGAATCCAAGATAACCACTGAAAACTAAAAGCTAATTGCTAATCACTCACGACTTTATCCACAAATTCCCATGACCGAACCAACCGCTTTCAATCTCACCGACGCCGCATTACCCGATGGCACGGTTGATTTTTACACCCTGATCGGCAAAACATCCGATGCCGAATCGGAGGATATTCGCCTACGCATTCAGGCACTTTACTCTGAAGCGACGGCGAACCGCGACAATCGCAACCTGAAAAAGCGCCGCGAATATCAGACGCTGCTGGAATTGCTGCCCCCCGCGCGCGCGGCCTTGCTGGAAGCCCCCAAGCGCGCCAAATATGACGAGTTTTTAGGCAAAGCCAAGAGCGGCGCAGCGCCAACTGATTTTGAAACCTTTATCAATGATTTGATGGGGTTCAACGAACAGATGGAAGAAAAAACGGGGCTACTCGCAACCAAGGACAAGGCCGAACCACGCGCCAGTGTTATCAAAACGCCCGACGCGTCCACATCTACGAATCGGACCACCTCGTCCTCCGCTTCCACATCACGTCCGAATCCTGCCAATAATACCTCATCACGGCCCACTAATAATAAGGCGGCCTCCGGTGGAGGCAATGCCTACTCGACGGGTAGCACTCCCAAACCCAGTTCAGGCGGGCCCGGTGGTGTCATCGGCGGTGTCGGTGGTCTGGTGTTAGGTTTGGTACTGGGTTACCTCGCCTTGCACAACATCATTCCCGCAATTTTGCTGGGTATCATTCTGGCGGCGGTGGGCTTCGTCGCTTTGAATGGCAAAGTTGGCAACAAAATCAGCTCGTAATCTGAAGGCTCATTAAAAGCGCGCAACGCCTGTTGCGCGCTTTTTCGCATTTCTACGGCAACTGCGCCGTTTAGCAAAGGTCTACTTCGACATGCCATCATTCCGCCTCGCTCGTCCCGCCCTACTCGCTCTCATTATCGGAGCCGCCTTTAGTGCCGGTTTCTGTCTGCGCGCACAGGGCCAGGACGATGCCTTTTTCGATCTGGGGACTTACCGTGTGGCGCTCGGCCAACTGAGCGCCGGACACCCGCAGAACGCGCAAATTTTGCTCGAAACCTCGATTTCACGAGATGGGACACAACTCGCGCCCGAAAACGCGTTGCTACTGGCCTATTTGCAAGATACGAATGGTCAAACCGCAGCAGCGCGCAAGACACTCTCTGCTTTGACAACGCCCTCCCCATTGGCGAGCGCGTATATGCGCCGCCTGGCGGATACAGCACCTGCAACAGGAGCAGAAAATCCATCATTGGTTGTGGCGCCTCGAATACTCGCGCCGCAACCCCAGTTCGCTAACAATGCGGCGCGACTAGCGGCCAGTGATGCGCGGCTGACGAAGTTGGAGGCGTTCATGGTGGATGTGGTGAACGACGAGCGCGTCAAACAGGGCTTGTCGCGCTTACAAACCGACCCGCAGCTTGCGGAGGTGGCGCGCGCTCACTCTGCCGAAATGCGCGATAAGAAATATTTTGAGCATGAATCGCCCACACCAATGCTTAACAAACCACGCGACCGTTATATGGCGGCGGCGCTTGGAAGTCCGCCGCGCATCGTTGCCGAAAACATCTATCGTGTGTGGGGTGATCGCTCCTTTTTGACGCAACAGGACATTCTTACCGCCCATGCCTCGCTGATGAATTCGCCCGGACATCGCGCCAACTTGCTGAATCGCGATGTGACGCGGATCGGCATTGGACTTTGCACGGATAGCACCGGTAATCTCTGGGTTACGCAAATGTTCACCTACATCCCCTAAATCTTTCACAATGCCGCGCACTTTCCGACTGAGCGCGGCATCTTATTTGGTTCAGAAAAGGCTCAGGAAAAATATCTATGGGATTCCTCGACAAACTTTTCGGCAACAACGAACCACAACGCGCGCCAACAGGTAATACCGGTGCCTTTGGCTATGGACAACAACAGGACTACAACAGTCAAGGGCAAGGCTATAACCGCCCGCAAAACGCCGATGAACAGGCGGTGGCGCGCTATCGCTATATGTTGCAAACCGCACCGCCCGAAGACATCGAGCGAGCCCACGAAGAAGCATTCGCCCGTTTGACTCCCGAACAGCGCCAGTTGCTGTTGCAGCAACTCTCACAGAATGTGCCCCAGTCGGAAGCGCAGAACCTACAGAACGATCCGCGTAGTCTGGCTCGCGCTGCGACGCGGGCCGAGGTCCGCCAACCCGGTTTCATCGAGCGTACCTTTGGCGGGGGGCAACAGATGCAAGGCCAGGGATACGGCCAGTCGATGGGCGGTG
AP024152.1_gap44	2219380	2219958	578	CAGCAGAAATTCTGGACGGCACCGACTGTTTTTCCATTGGAAGACAAGAATAGGGAAGGCAGAAACGGTTTCTGGGCGGGCCAATGAAAAGCGCGCTTCAAGTGTCCGTTGCGAACTTCACGGACGCGTAATTCTCCTTGATTTCCTTTTCTTTCAACCGAAGCTGTTAATTCGGGGACTGTCCGTGAGAAAGTCCAGTAGGCTGGCTCCCTCTCAGGCCAGTTAATGCTTTTACCAGTGGTGATATCGTTAATATAGGGAAAGTTGCGAGTATTTCCAGGACGATTGGAAAGTAAGGTGTGTTCGTCGCCTGACAAATAGAAGACGGACATTTCCAACCCATCGCCCCGTCCAATCTTCACAGGACGCCACGATGCGAGGGAGCGCATCCACAGCACTCCCCCAATGACAACGATGACCGTCAGAGCAAACAGAAAGATTTTGAGAGGGCGTTTCATAAGAGTTTTCAGTGGGCACGCCAACGGAAGATTTCGCCTTTAGCGTTCTGGGTATAAATGTAGTCGGGGGTAACGCGCAGAATTTGACTATCACTCTCACGCGGACCGGGGAGTTGTCGC
AP024152.1_gap45	2273721	2277776	4055	AAGAGGGCCTACAGGCGATTGATGAACTTCTAGGAAAAACTTGACCTCATGACTAGCGCTCAACCTACCCACGCACAACCACGGCCCTTTTTGATGGCGGCAGCAAGTTTGGCGTGTGGGGGGATGGCGACAGGTTGGCTTCGAGATTTTGGTGAAGGGGCGATCTCTGCCCCGCTTACCGGGTGGTTCCTCTGTGTCATTGGCAGCGGCATCGCTGTAGTTGTTGTAGGGCGTCGGTTAGGGATGTCTGGAATAACATTTAGGACTTTCGCTTCATGGTAAGTAGGCGTGAATGGTGGGATTTGCAAGTTGTTGTTTGAGAAAGTCACTCCAGAGTTTGTGTTTGGCGTGATAGCAGGAGGCTTTGAGTTGGCGGGCGCGCTGTTTGATGGCGACCCAGGCCAGGTAACAACAGGCGAGGTGATTCCTCTGGGAGCGGGCTTTGCGACACTGGCACTTGGCACTGCCCACCAGTTGCTTGAGTTCGCGATGCAGTTGCTCGATGTGCCAGCGCACGGCGTTTTTCTCTTTCACGTCGTGCGCGGTTAACCGAGATGGTTGCTCATCACAGCCCGTGTGGGAGCCGTTGGTGATTAACCATTCAATGTCGCCGTTTGTGGCGACTATCTTGAACACCCGCACTGCGAACGCAAGCGCTTTGAGTTTGACCGTAATTCCCTCGACCAAAGCCTGCGCGTTCCAATCCAACTCTTGCAAATGAACCCAACTCGCCTTTTCAGGCGATTTTTCATCGTCAGGAACCGTTTCACTCCATAATCTCACCAGACGATTGCTCTTGAGCGTGGTCACAAACCTCAACTTTAAGCGTTCGATGAGCCTGAGATTGTCCAGAGAGGCGTACCACGAGTCAAATAACACCGTCTTGGCTTGCAACTCTTTGTCGCTCACCGCCCGAATCAACATCTCGCGAAAATGCTCGTTTTTGGTTTTGCCGTCACATTCGGGCGCATAGATGCGGTAGTCGAGGGGACAAAAATCGCCATCGTGTCCGCTGCTGTGCAGCAGGTTCAACACCCCGATGCCCCGCACCAGACCGCCTTCGGCTCCACTGTATTGACGCTTGACCAACTCGATCTTGGCCGAGTAGCGCTTGTCTTGCACGCTGTCATCGAAGATCAAATAGCTGTCGGGGCCATCCTGCACCAAGTCTTGGGCCACAGTCCATAAGCCGCGCGGCGTCAGCTTTTGCCCACTCAAAAAGTCACACACCGCATCATGGCTTTGGGCGGCATCGCCTTCGAGATGCGCCGCCAGATTGCTACACGTGTAGTTCTCGGTGGTCGCGATCAGATACTCAATGTATTGACGTTGAGTCACAGCTTCAGATGGACGCTTTTACCAACCCTATGGAAGCGAAAGTCCTAACATTATGGCTTCTTGTTCTCCCCGCCTGTTGTCTTGGTGGAAGGGTGGCAACTCAGTGGATCGGCAAATGCGGAGCTTATGCTGTGCCTCCTGTTCCAGACAGTGTGGGAGTAGCCATTTGTGTTGGGGCTATTGCGACAGGTATTCTCTCTTTACTGAGAAAGGAACGGGTGATACCTCTGGCCCTGACTGGTATCTGTGTGGGGCTGTTTGTCGCGCTGACCTCCTTTTTCTACGATTGGTTCACTCGGTCTCCTTATTTTGTCTTGCGTCAATTTGCCGCTGCTGCCGCGCGCAATGACCAACAGGTGATGATGCCTTTCTTCTCGCGCGACTCGCTGCGGCACTTTTCCCGACTTCCCACCACAAACTATGGCAACGACGATGGTGTCTACCCACGACAATTGAAAACGGTGGCGCACTTATTTGGTACTGGAGCACGCCATACGGTCCTCTTGGGCATCAAAATCGTCGGCAATCGAGCGGTCATTGATTGTCCGGTCCCTGAGCGTTGGGATATGTTTCGTGTCGCGGGGAAGATGGGAAAGGTGTATTTGGTTCGAGAAGGCAAACAGTGGAAAGTCGATGTCTACAGGTATTGGCAGGAAGAGCAACTTAAGCGCGGGATGAGCACAACAATTCCGTTGACGGAATAGAAAGAGATGAGGAGCTATTGTGTGCTCTTAACTGACATCTTAGCCTCCGAGAAACTCGAACTGCGGCTTTTTGATGCTCCGTGAGTTCTTGGTCAAGTCAGTGACAAAATCAGTCTGCTGTGAGGTATTTGGCGATAAAGGGAATGGCTGCTTGGCCCGTGGGGGAATTTTCGAGCGCGTGAAAGGCTCGTGTCCAAAAACCGCCTATGTTGCTGATGTTTAAGGCACTGGCCTTAAAGCATTTGGGGTTGCCTTCTGTATCTCTGAGCCACTCGACGCCGAGGCGATGTGAATGCTCGTAGGAAGCGACTGGCACATCATTGAAGTAATGGTAAGTTTTTATAACCTTGCCGAGATAGATGTCGCCAGAGTGGTCTTTATCTGGTATCAAGATGACGCTCCCCTTTTGAATATTGAAAAAACTTCGTAGATACTTCCGGTGGTTATCTGTAAATTCTTTGGAGCTGTAAGGTGCAGTCAAAACATCCTGCTTGAGCGCGTCATTTAGATCTCCAGTTGCGGGCCAGCCGATTCTTGCGAAATTATTCTGGAGACAATATTTCAACGCATTGAAGTAGGTGTTTGGGTAACGTGGGGGCTCGCCCGGAATATAACGGTCTGGATCGTTGGGATTATTGTGGATGGTGTTCCCGTTGACGCGAACGAAGTAATACATGGGAGTTAATTTACTGTTTGTGTCTTTTACTGTGCTGATTTAAGTTGGCGATTGGTGAATTGTTAAGCGGAGCATAGGGGGGTGTTGGCGGGGAGGCGCTGTGGGTTTCACACTCGATTGGTTCGTTTTCCCATGCCTCAACTGCGTCACCGTCCGCGCGACCTTGTGCAAGGTCGCTATGAAATTAAAAAGCTGCTCGGTTCGGGGGCTTTTGGCACGGTCTATGGGTGTCTCGATGGCGAACTGGAAACGCCGGTTGCGCTCAAGGAGATGCATGTTCTCGATGATCGGGGCGGCGAGCGTGCGGCGGCGCTCGCGCAGTTTCGCGTGGAGGCCATTCATCTATCGCGCTTGAATCATCCACACATTGTGCGAGGGCACTATCAGCGCGATGTGGGGCAGTGGCGGGTATGCCCGATCTGCGGGCTCGACTTTCCGCAATTAAATGAGTGTCCCGATCATGGGTCCGCTCTGGAAGCGCTCGATTCGCGGCACTATTTGGTGATGGAATACGTCGGGGGACAGGATTTGCTGACGCGCGCCGAGGAAGAAGGTGGGCGGCTTGATGTAGATGAGGCTATCGGATGGATGGAACAAATCGCGTCGGCGCTGGCGCACGTTCACGCGCGAGGCTTCGTCCACCGCGACTTGAAACCGGAAAACATTCGCTTGCGCGGCGACTCGCTCGAAGCGGTGCTGCTCGATTTTGGCATCGCTTCGCAGGATGAGGGAGGCGTGAGGGGCAATCACTACGGGACGCGCCCGCGCCGCGCCACGACGGGTGGGGGAACGCTGGGCTATGCGCCGCCGACTCCGCAAGAGGCCGCCCATCCTGACGCACGCAGCGATGTGTTCGCGTTTGGAATGACGTTCTACCATTTGCTGTGCGGACTCGACCCGACCGAACCGACTACCGAACGGCAGATGCACGCCTGTTCGCCGCGCGAGTTCCGGTCCTCCATTCCGGGGTGGCTCGATGAACTTATTTGCGATTGCATCGCGTTTGAACCCGACAGGCGCCCACAAAATGGAACGGAACTGCTTGAACGACTGGAGATGGCCGAAGGAGAACCCGAAGACGATTCGCAACCCACTGTACTTCAACCTTCGCACGGTGTCGTGGGGATGGGAGTGCCGACCACGCCAACTGTGGCCCCAACTCCTCTGGGGACGCCGCTTTTATTTCGGTCGGGGCACTATGCACGCGATTTGAACGATCTGGTGTGGTTGTGCGATGAATATCCCGATGAGGCGGCGAAGCGGCTGTATGAAGGCGAGTTCGAGCGCTGGTTGCGCTCGCAAAATAACGAGGTGTTGGCGCGGGCGGCGAGTTCGGC
AP024152.1_gap46	2312123	2313445	1322	AGATCACGCAGTTCGGCGATTTCTATCGCCTCAAATCGGTATTTCCGACCGAGCGTAACAGCAGTAACGAATCGGCGTGGATGTTCGTTTCCCGCGACCAGCGCGAGGCTGTCGTGACCTGGGTTCAGGTGCTGGCGCTGCCGAATGCCGCGCAATCGCTGCTGCATCTGGCGGGTTTGAATCCTAGCCTCGATTACGAACTGATTCTCATTGACCTGGATGAGCAGTCGAAAGCGCCTTCGCAAATCACGCCACTGGTGTTGGGCGGCGATGTGCTGATGAACGCGGGCATTCGGGTGGCGAACCATCGCGGCGATTTCCGCGCGAAGGTGTGGCATTTGAAGGCGAAGTAAAAGAGCGCCTCCACTCTTGTAAAAAGATCATGTCGGGGAGCGCGAAATTAGAGTGGGCGTTGGGGAGAAGTATTTTTAACCACAGATGCACACAGATGAGGCACAGATGTTCACAGATATGTTGAAGAGCTGGGGAGAGACACTGACGGACAAGAGAAAAAGACACAAATGATGGGTGGCCTGTTCTCGTCCAGCGGCGACCATCTGTGTGCATCTGTGGTTAAAAATACTCCCCAACGCCCACTCTAATTTCCGGCATCCCAGCCTTAAGAGTGGGAGCGCCTCTGATTTTCGAGCGGAACTTTGATACTACGGACGAAGTGGTTCTATCAATCCGGCATTTCGTCTATGGAATGCGGCTCAACGCGCGGCGCCTGATTCATCTGGTGACGAAAAGCGGTTGAGGCCTCGTATACCTTGACCCGCACACGCTGAATCGAACCGAGCGGGCGGTGGGCGGGGAGGGTGTGCCAGGGATTAAAGGAGAGTTTCTCGTCTACAAAGACGCGTCGGGCCGGACTATAAGCCTCCTGTTGGGGAATGACGACTTTAGCGACGGCAATGTAGGGACTTTCTTTTTCGTCCCATTCGACGGAGGCGTCTTCGACGGGCATCTTTTCGAGGTCGGTACACAGTTGAATACGGAGTTCGTATTCGGCGGAGTTGTGAGCGAAAAAGTCCACGACGAGGTTGCGTAGCGTCGAGGGATCGTCGGCATCAACACGCTGGGCCACCAAAGGAAGCAACGATTCCGAGGTGGGCACGGCATTGATTTTCGCGATGTAGTCACCGTAGCGGTGCGCTGCCATGCTGAAGAAGGTTTCGCCCAGAATGTGGGTTTGTGGTTTGTTTGAACCCGCCGCATCGGGGGTGATTTCGCCGCCCACTTTCATGACGGCCTCGTTGACCGTGCGTGTGACATTGGACATCAACTCCTTCACGGGCTCGGCAAGTCCTGATTGCTTCTCC
AP024152.1_gap47	2315696	2317377	1681	AGTTGCGAATTAGAAACTCATGTTACGCAGTGAACTGTGGTAGGTGGTGAGAAAACATGCATTTTTGGGATGCCAGGTAGGGACCGGGTGCCCGCTTGCGAGTGTTGCTGTGTCCGCGAGACAGAATTGCGCTGACGCGCCCCTGGTGAGACACCCTCTCGCGGACACGGCAAGCCATGTCCCTACGGAGCCCCCTACAAATGCATGTTTTCTCACCACCTACCACAGTTCACTGCGTAACATGAGTTAGAAAGTCAATCCTCAAAAGCCCGCGCTGTCCGGCCAAAGCTGATCTGCCCACCTGAGTGGGAACCGAATTGACACTTTTGCAGCAAAAACGTGAGGGGGGAGCGCTCTGGGCCAGACTGCGCCGCTCACCAATTTCTAGTGAGATTAGCCCTGCCACTCCAACTCAATTTGCACTTCCCCTGAGCAAACTTCTAATAGTGGGGATGCGATTGAAACTTACTTCCACTCTCAAAAAGCAAAAGGCGATGCTTCATATGAAGCATCGCCTTTGATTATTAAACCGCGCTTTGGAGCGCTTCAGCGTGGGGGGTGTGTTCCCAGGTGAATTCGGGTTCGGTGCGGCCAAAGTGACCGTAGGCTGCCGTCTTGCGGTAGATGGGACGGAGCAAATCGAGGTGTTCGATAATGGCTTTGGGGCGCAGGTCGAAGACTTTTTCGACGGCTTTGGCGATGCGGTCGTCGTCGTATTTGCCGGTTCCGAAGGTATCGACGTAGACCGACAAGGGACGGGCTTTGCCGATGGCGTAGGCGACCTGAGTTTCGCAGCGCTTGGCGAGGCCAGCGGCGACAATGTTCTTGGCGACGTGGCGCATCATGTAGCACGCGGAGCGGTCCACTTTGGTGGGATCTTTGCCCGAAAAGGCGCCGCCACCGTGACGGCCCATGCCACCATAGGTGTCCACGATGATTTTGCGGCCCGTGAGTCCGGCATCGCCCTGCGGTCCACCGATAACGAAGCGGCCCGTGGGGTTGACGAAGATCTCGATTTCATCGCGGAAGTGCTTATCGCCCAGTACGGGTTTGATGACGTGTTCGATGACGGCGTGGCGAATTTCTTCGGCGCTGGTTTCGGGGTGGTGCTGGGTTGAAATCAACACTTTGTCTACCGAAACGGGGACATCGTTCTCGTATTTGACTGTGACCTGCGATTTGCCGTCGGGACGCAGCCATTTGAGGGTGCCATTTTTACGGACGTCCGCGAGCTGTTTGCACAGGGCGTGGGCGAGGGTGATGGGCAATGGCATCAGCACGTCGGTTTCGTCCGAAGCGTAGCCGAACATCAGGCCCTGATCACCCGCACCGACTTCGTCGTAGTGAGAATCGTCGGCTTTGCCTTCGCGGGTTTCCAGACTCTTGGTAACGCCCTGCGCGATGTCGGGACTTTGCTGGCCGATGGCGTTCAAAACGCCCGCCGTCAGGTAGTCGAAGCCGAACTTGGCGCGGATATACCCAATTTCCTTAACGACTTTACGCACAACGGTCGGGATTTCGACGTAGGTTTTGGTCGAAATTTCGCCACCCACAACAACGATGCCAGTTGTTAAAAACGTTTCGCACGCCACGCGCGCGTTCGGGTCGTCTTTGAGGATGGCATCGAGAACGGCGTCCGAAATCTGGTCGGCCATTTTGTCGGGATGGCCTTCGGTCACGG
AP024152.1_gap48	2331134	2335737	4603	CGAAGTGGCGCGAAGACCTTGCACGCACGCCGTATTTCGGGGGAAAATTGGCGAGTTGAAGACACGTTCGCGCCCTAAAATATTAGCACTACTGCCCTTTCGCACTTTGACCCTGGTCTCGTTCACCTCACACCCGACTTCTATGAAATCATTTCCGCTTCTTCCGCTGTGCTTACTCTCCTGCGGGCTCGCGCTTTCCTCCACTGCTGCCTGGTGCCAAACGTCGGGACGCATGAGTTCTCCCGCGCTATCGCCCGATGGCAAACGCCTCGTTTTCGTGCGCGATACACCGCGCGGCTCCCGACTTTTCATTGGCAAATGGGATGGAAAAACCGTGCTGGGCGCACGGGCTCTGGCCCCCACAACCAGTGGCGATGACATGCAACCGGTGTGGCGTCCCGATGGGGAAGCCATCGTGTTTGCTTCCAGTCGCGGCGCCTCGAAGCGCTTTGATCTGTATTCCGTTAGCTCGCTTGGAACCGGACTCAAACGCCTGACGAACACGCCGAAACTGGACGAAACCGAACCACAATTTGCGCCGCGTCGCTTCACCCTGCGCGAAGGCAACGGCGAACCCATCGTTCCCGACCGTTCGCGGGCGTCGCTCACTTCTTCGGAACTCAAACTCATCCAGCGTCTGGCGGGGAGCCCCGACGCACTCCAAAAATACGACGACAACTCCTATCGCCCTACTTTTAGTGCCAAGTTTGGCGCGCGCTTTTACAAAATCATCGCGCGTCAGGGCACAGTCGCCAGCGACGGCAAGCTCTTCGTGATGCATGACGACGGCAGCGACCGCCGCATTCTCGATACGGGCATGGCGGGTTCTTATGATTCACCTCGGCTCGATCCCTCTGGTCGAGGCATGGTGTTTCGGCGCGTGGCGACGGGCACGGGCGGCGGCACCTTCTTCTATTACGCTGCCGTGCCCATCGTGAGCGAAGTTTTCAATGACAAAGGCGACTCGAAGGGGATGTCTGTCGCCACCAAAGATTGGCGCGCTTCGTTTAAGCGGCTGAATGGGGATGCCGGGGCGTCGCAAATTGCGTTTTCGCCCAATGGCGAAACCATCGCGATGGCCGGGGCCGGGAGCCTGACGCTTTTGTCGCGCTCCGACACGTCGATTTCGACCAATCCGCCAGCTCGCAAAGTGACTTCGATTCCCGTGCCATCGGGTCTGTTCTGGGCGCGCGATGGCAAAACAGCCTTTGTTTCGAGCCGAGCCAGCGACGCTGCTGCTGTGGCCAACTCCGACTCGTTGGCCGACGTTCACAATTTGCTCGAATTCTCCGAAAGCGCGAACGAAGGTGATGGATTGATCAGGCAAGACCGCCCATTGCTGGCGCGCAACTCGTTTGTCGTGGGCGGCGAAGGCTCGAAACAGATGTTTTCGGTGTATGAAGAAACTGATTACGCCGACCACCCGGTTTTTGTGTCGAGTGATTCGCTGCTCCATCTCAACCATCTGGTGTTCGACTCGTTGCTGCGCGAAACCGAGACCAAGAATCTGCTCCCCACGACGATTGAACTGACGAGCAACTATCTGCGGGCGTCCATTCAGCAGGGACGGGGGACGTCGGCCTTTCACAAGGATGCCATTGCCAACGCCGCATATTGGGCGGTTGTGGCGCGCTTGCTGCGCGGAGAAGTGGCGACGGGCCTAACCGAACCGCCCGCTTCGGCGGATGCGGACGAAGCTGCCAAAGTTAAAGGGAATCGCGCCAAAAACATCGCGGCGATGAACACGCTGACACAGTCGCTGGTGCCCCTGCTGGCGGCGTTACCGCCCGAAGCCAAAACCTTGGCCGATGGTGAAATTGCGCTCATTAAAAAGCACTCCGACCGCGCTAAAAGCCCCATCTTCGGCGGCGCACTGACTGGCGTGGGGCAACCAACAGAACCGCTCCTCGACACGCGCATTGATTACACCCAGTTCGCGCCGCGTGGTCACTACACACGCACCGAGGCTTTGCGCCGCTATTTTCTGGCGCAACGCTGGTTATCGGGGGCGCCTTTCCGCTCGACTCCGGCCCATTTGCGCCGCGCTTTGCTGATGGCCAGCGCCACCGATGCCGCGTCGCAGAAAAAGCTGCAAACCCTGTCGCGCATCATGGCCCAATTCGTCGGTGAGGCCGATGACCGGCGCTTCCTCGACTTCGTTTCCATCGCACGCGGCCTGTATGGGCCGACCGTCCCTCTCGCTTCACTGGGTGATGCCGAGAAACTCGCACTGTTTGCGGGCGAGGTGGACAAGTTGCCCAAGCCTCGCATCGCGCCGTCGGGGGGGCCCGCCATGACGCTGTATCCGGCGCCCTACACGTTCGATGCCGAGGCAATGCAAAACCTGGTGTATGACCGTCAGGCGCCCGATGTCGGCACCGAAGATGTGCCCCGTTACTTCGCATTGGGGCTCGATGTCATGGGTGTTTTAGGCTCGAACCGTGCCCGTAATCTGCTCGACACCTTTACTTTTGGTGACAGCTTTTTCGATTTTGGCCTCAAGGAATCGGGGTATGCGAACTACGCCAACCAGTTCAAAATCGAGCGCGCGAAAATGGACGCTATGCCCGAAGGCGAGTGGAAAAAGTCGTTCTATTCGCAAACCCTGTGGTCGTTGCGCCCGCTGCTGACTTCGCAGTCGAACCCAAATTACAAGTTCACCCAGAACACGGCGTGGACGGACAAACAACTTCATGCGGCGCTGGGCGCGTGGGCGGAACTGAAGCACGACACGTTACCCAAACAACCTGTCGCCATCGAAGCGGGCGGCGAAGGCGGTATGACCGAAGTTATGCTCGAAGAGCAACCACAAGGCTTCGTCGAGCCCTCGCCGGAACTCTTCAAGCGACTGCGCGAACTGGTGTCTAACGAGCGCGTTGCTCTGGCGGGCGCGGGCTACCTGTCCAAAGAATCGGACGACCGACTTGGCGCCTTTGGCGCGTTGCTCGATATGGTCACACGCCTCGAAGCCAAACAGCAAGCGGGCCAAGATTTCACCAAAGGCGAAGTCGAGCAATTGCGCTTTTTCGGTACCTTCCTCGAACACATTACCCTGATTTCGACCGAAGGACAGGCGCAAACGATGGAAGACAACGATATGGCGATTATTGCCGACGTTTCGAGCGGTCTTTCCACACGCACGCAGGAACTGCGGGTGTTGGAAGAAGGGGTCGGGCATGCCCTGCCCATTTATGTCGCCTTCGAGCGCGATGGGCGCCGCCAGATGGCGCGCGGCGCGACATATTCGTACTACGAGTTCACCCAACCCGCAGATAATCGCCTGGCCGACAGCGCATGGCAGGAGCTACTGGGCACCAAAGACGCGCCCGCCATGCCCGCCTGGACGAAGAGTTTTGTCTCGCGGACAAAAGGCAGCGAGTGAAGAAATAATCAGGGCGCAAAACGGACGGTTTTGCGCCCTGATTATTTCTTTACTGGATGTGTCCTGAGGTCGTGTAATAATTTGGATATGCACACCCAATACACGGAAGTTGACTTCGATTCTCGGTTCTGGGAGTCGTGTAGTGTTTGGCGCATTACGCTACCGTTTGGAAGTCCGTTTGAACACAAGGTGGACGAACTGGTGTTGGACCTGGATTACACCGTAGAACTGCTCGCCGATGGCAGTTATTGGCACGCCCCGGCGGTGTTGGAGTTTCACGGTGTCACCGATTTAAACGTCAACTTTTTTAGCGGTGACTCTGAATTTCAAAACGCGCCTTCGGGCTTTCTGTTCGAGGCTATCAGCCGACAATTGATACAGCCGCAGAAAGTTTTTTTCGACAGACCCTACTACGGTTGGACACTTCAACTTGTCGCGCCGCCCCAATCGGGACAGTTGGCATTTGGGGCCTATGGCTTCACTTTTCGAGTAGCGGAAGCGATTATATCGAAGCCTCACCACAGCCAGTTGCGTCACATCAGGTAAACCTTTATTGCTCCCTAATGCCATGTCAGGACAAACGCATTACTAGTTCCCCCGAATAAATTCGGGGGCTACAAGTCAGCCCTACTGACAACTGTTCGCCTACGCGAACATCAAGGCGCGCTGCGCGCACTTGCGGATTAGATAATCAATCATCAAAAGCCCGCGCTGTCCGGCGAAAGTCATCTTCTCACCTGCGTGGGAACCGAACTGACACTCTTGGCCGTTGGACGCTCTGAGACAGACTCCCTCTTTCTTGCCCTGTATGTCATGTCGGCATCGCAGCAGATTTTCCCGAGGTAAAGATAAACTCTACTTGCTACTGTGACATCAATTCTTGAGCGGAATGGCAGCTTGATTCATGTTCCTCCCCACTGCCCGGAATGGCTCGATAGATGATGCTGCCAATTTGATGTCAGCCGCCAGGCGGCTGAGGTTCGCGGACGACCTCGAAAAGCTGTTCCGCGACGATTACTTCAATCACTCTCTGACTCTTTGTCGTGCTGCGCTAGCCGCGTCTTTCGCCATTTTCATGGCGTTTGGATTTCTCGATCCCTATGCCGTGCCCTCAGCAACGCACGCCATCTGGTTTATCCGCTACGGGTTGGTATCTCCTGTCTGTCTGGGAGCGCTCGTTCTGAGTTTCTTTCCGGTTTTCCGTAGGATTATGCAACTGGC
AP024152.1_gap49	2343679	2346574	2895	ACCAGAACTGCTGAAAAGTGATACTGCCAAGCGGATGGTACCCCGACCGGCTCGTAGTTAATGCTGTAGTAAGGCGCCACAAAAAGCTCGAACTTGCTCGCCCCCGTCGTATGCCATATAGTCCACACCGCATACAGTGCCGACGACGAAAGGACCAATAACCCCACAATACCCAGAAAAGCTCCCCAGCCCCATGACAGGAGCGAAAGTTGCGTTTTGCTTTCGCGACGCAACACGGGAACAAAATGCAATAACAAAGAGCAACCCAAGGCAACTGCCAACAGCGTCGGTAGCCCTGCAATCAAGCGAAGGCCGAGCCAATCAGCGCCCTGGGCCAAACTGGCATCGCGCAGATTCAATCCAGCGAATAGGCTATCGGCTCCTGCTTTGCGCGTTTTGCCACGCCACGTCCCCATTTTCACCCATTGCTTGCTCAGTTGCGCGACAATATCAGGCCGTTTCATCTGGCGGGCGAAAGCAACCAACGAAGTGGGGTGGCTTGCATAAGCCGAAAGAGACGCCTCCATGCGTGGCCGTTTGATGGGCCTGGGGCGGAATGGGGAATACGAGCCTCCGTACAGAGCGATGGACTCCATCGCCATACCAAACCGAGAGCCAAACAACGATTTCGACTCGCGCCGCATCACGCGCGCCATCTGAGCGAAGTCACGCAAACCTTCGAGGGCCTGTTTTCGTTTCGCGGCTTCTCTTGATATTCGCAAACCCGAAGCGTTATCGCTTATCTGCCTCGCCGATTCGCGCATAATCGCATAATAGGTAAACGGAATGGAGGCAGCTAAGTTTATTTGGCCAATAGGCGGCACAATTCCTCGTTGGCGCCTCAATCTCACACGGGCCAGAGCCGCATCATTGGCGTGATCGTCGTAGCCCGTTTTGTTGAGGGCAGCGCGCAAAACGGGCCAGACCTCGTCACCTCGGTTAGCAGCCAACAAACCCATAGTTTGCGCCCAATCCCAGAAGGTATTGTTCGGCTCTAACTTCGCGCCACGCGCCGTGGCCGCAAACCATGACTTCAACAATTCGGGTGCAGGCGTTTGTATCTTGGTTAATTTGACCGACCAGTTCGGCTCGCCACTCGAAGAAGGGCCGGGTTGCCGCACGGCGTAAAGATGGAGTTCGCCCGAAGAAGCGACGATTTGCGCTGCACAAATGTCGGCATCATTGGGGTAACGACGCCCCAACTCTTCGAGCGTCGCCCAACGCGCACGGCCCGGCCCGGCGGAAGGTCCCGTACTATCAAGTGCCTTAACAAAGGCCGCGTCGCGCGACAGCCCAGTTAATGACTCAGCGTCCGAAGAAGACAAAACTGACGGCGCTGTCATCAAGCGCTCCTTCCACTCGGACAGGGCCACTTCACGCGTCGAAGGCAGGAGAAACCATAAAGCCCACAATCCGAAGAACACCAGGGGGATAAGAGAAAAGCGTCGGGGGAACACAGGCACGCAGTTTCGTTACATCATCCTCAAATGTCACCAGGCGCGATATTAGATGGTTTCCTGCAACACCATCTCGGCCCGCTCGAAATCGCGTTGGAGTTGGGCGCGCAGTTCATCGAGGCCGCTAAAACGTTGTTCATCGCGCAAACGGGCTACGAACTCCAGTTCGACTCGCTTGGGTGGCACTTCGATGGTTTCGTTGACGACGTGAAATTCGATTTGACGTTTTAGCCCTCCGACCGTGGGGCGCATTCCAATGTTGAGCGCAGCGTTCTTCCATTCGGGCGCGGTGTCGAAGCGAACGCGTACCGCATAGACACCATTTTTGGGGGTGCATTTGCGCTCGTGGATTTGCAGATTGATGGTTGGCGCCCCGATGGTGCGACCGATTTGATCGCCGGATACGACATCACCACTCATGCGGTATTGGTGGCCCAAAAAGGCGCGCGATAGCTCAACCTGACCGGCTTCAATAACACCGCGCGAGCGGGTGGAGGAAATGGGCGCTCCGCTTTCGAGCAGTTTGCCGTCGAGGGCGCGCGCTTCAAAACCGAGTTCTTGCCCCAGTTCGGCAATTTGAGCGATGGTGCCCTCGCGCCCTCGTCCTAACGCGAAGTCGGGACCACCAATAAAGAGTTTGAGGCCCGCCATTTCAACCCAATGCGATAAAAAATCGCGGGCCGAGGTGTTGCCTAACTCGCGCGTGAAAGGCACGATGAACAAATGATCGAGCGGGGTTTGGTTGGCGAAGACTTCGATTTTCTCGTCGGCTAACGATAGCAATTTCGGGCAGATGTCGGGACGGAAAAAGCAAATCGGCATGTCATCAAACGTCAGTGCCGCGCTTTGCAAACCCCGACTTTGCGCTTCGGTGTGCAGGGTTTGCGCGAGCAACTGGTGTCCGCGATGAACGCCATCGAAGGTGCCCACAGTCAGGGCCAGACCCGCCAAAATTTTCGTCGTTGGCAGCACGCGATGAACTTGCATCTGTTTTAAGTGTGGCGAATTTTTGTGCCTTTCTCGTCCGACACCATCTTATTACAAGAATTCATCTTCCGATTCACCAACCACAATCGTAATTTGTAGTGACAAACATCATTTGCTCGGGGAATACACGCACTTTCACTTCGTTGTCAGAGTAACCATTATTAGCTCTCACGCTATATTGCCCCGGCGCCAACCTAGCCACAAATCGCCCGTATTTATCGGTTGTTACACGCATCAATTGCTTTTTCTTCTTGCCATCGAAGCGAAAAATGATGACTTCCACATCTGGCATCGGGTCGCCATCATCCAAGGGCTTAGACATAGGCTCAGCAGGGGGAAAAGGTTCCGCATACCAATATGGTAATGGCAGAGGGGCTGGCGTAGGTAGAGGGGACACACCCTCTGGGAAAATGGGAGCGGTACTGGAAGCAACAATTTTCCCCTTAATCCC
AP024152.1_gap50	2347771	2349777	2006	ATGCTCGCCGTTGGAGGCTTTAATCGCACCGATAACGGTGCAAATCAGGCCCATCAGATACACAACGGGCAAGACCAAGAAGCCAATGAGGAAAAAGCAGAGGATGAAGGCAATGGTGAGATAAATCGCCACGGCAATATGAAAATTGAGCGATTCTTTGCCGTGCCTATCAACGTAAATCGAATCGTTGCGTTTCCACAGCCACACGACGAGCGGCCCCAGTACGTTGCCGTAAGGAACGCCGATGAACCCTGACAGGGCGGCCAGATGACACAGCATCGCCCACTGCTTTTCTTCGTTGGAAATCATGGAGAATTTTAGTTAAAGCTCCAACTATGTATGACGACGATGGACATCGGAGATTCCATAGATTCCCTCTGTCTGGGTCGCAAGGTCAGTTAGCAATTCGGGGATGAGGTTCGTCGATCCACTGTTTGGCGCGTTTGATGATTTTCTCGACCACCATCTCGAACTCACCGCTTTGACGACATCCTGCCGCTGCCGCGTGGCCGCCACCGCCGAACTCGTTGCAAAATAGATCGGCGCGCAAACCTTCTTCACTCCGTACAGAAATGCGCGCGTGGGGGCCGCTTTCATCGCGGCGTTCGCGCATACAGATCGCCATGCGCGCGCCGCGCACGTTTCGCAAAAAGTTGACGATGTTTTCGGAGCTTTCGTCGCCTGTGCCGATGGATTGAAAATCGCGCACGGCGATGGCGGTGTAGATTAACTCGCCGTCGTGTTCGGATTGCGATTTTTGCATCGCGACGCCCAGCAACTTATTCGAGGAAAATGACCGCTCATCGAATTGCTTGAAGGCGACGAGGGAGTTATCGGCGCCGAGTTCGATGAGATGAGCCGCCGCGCGCAACGAATCGGGCGTGGTGTTGGGGAAGCGAAAATGCCCGGTATCACATGAAAGCCCCGTCATGAGCGCCGTCGCCATAGCGGGTGTAATTTTCATTTCGAGCGCGATGAGCAACTCGTAAATCATCTGCGCCGTCGCGGGTTTATTGGGGTCGAGCCAGTTGATGTCAAATGTAGGGAGGCTGGTGCGGTGATGATCAATGAGGATGCGTTCGCGCGCCAACTCGATGGGTTCCATACGCGACGCAACGCGCGGCGCAGTCCCGTCGCAATCAAGTACCCAAGCGCAGTCGAATTTCTGGCCGATGGGCACGTCAAGTTCGATACGCTCGTGTCCGGCGAGAAAACGACTCGAATGCGGCACCCCATCGCGCGATACATAGACCGCCCGCTTGCCCGCATTTTGCAACGCCATTTGGAGCGCCAGCGCCGAGCCGATGGCATCGCCGTCAGGCCCGACGTGGGTCGTGATGTAAAAAGTTTTGTGGCGCTCGATGGCGGCGCGGATGAGATCAAATGGCGGCATTGGGTTCAGAGGTGGTCACAGGCATTCAGCACGGGGCAAAACGCGAAGCATCCACCTTCTGCCCATTCGCTCGCCTTTGGTGAAAGCGTTATTTATCTTTTTGCAGTTCAGGCAAGGTGGCGAAAATTTCGTCCATTCGCATCTGGTTTTCGACGCCTTTGTCGAATTTATAACCTAAATCGGGCACGGTGCGAAGCGGTACTTCCTCGCCCACTTTGGAGCGCAGGAACGGTGCAGCGCGGTCAAAACCGAGTTGAGCGGCGGTTCGCTCATCAGCACCACCTAGAACGGTGTAAAAGACGCGGGCGAACGACAGATCGTGCGTTACCTCGACTCGGGTGATAGTCACATTTTGCAGTGACGGATCGGAAATTTCTTCGCGCAGTGTGCGCGATACGGCCATACGAATCGCTTCGGCGGCACGGTCGGATCGGAATGTAGTGGACATTGCAACAAGGGAAAAGAGCGAGTTGACTTCCAGAAAGTCGGCTCACCCCGTATTTGTCTGGTTAACAGCTTTCACACTGTGTACTTTAAGATTACCCTTTTTTATGAATTCCTCTTTTTCACGCCGCGCATTTCTTGAAGGAGCCGCTGCTACGGTAGGCGCGGC
AP024152.1_gap51	2474422	2476930	2508	GGGGGGGTACAACGTCGGAGAGGTCGCAGATTCTACTTTTTGCACTGCGACACTTACTTTTTGCACCTTTAAATCACGCGGGAAGCGAGTAAGCCATCGCGGACGTACCACAGATTCAACTTGAACAGGCCAATCGGTGTAGCCACCTTTCCACTCTGGCGCGACGAGCGCGCGCAAACGGAGTTCTCCGGCACTTCGGGGGATGCTACTCGTTTGCACGTCCGCCCACCAAGCAGGACCTGCTTCGTGAATAACGCCTGACATCTGGAACTTGTCCACATCCCCTATATTCTCACAGGCAGAATCATATATAGTTTCAGAGGCGTGGAGTAACCAATCGTGTCCGCGCTCATCAAGCAATTGAACTTTCTGCGTCGCAAATCCAATTGGCTTATCTCGTCGCCATAGGGGGTGGCTCCATCCCAATTTTGTCTGTATGCGTGCATTTACTCGTCCCTGCTTCAACCTTTCATTTGCTGCATCACCCAGCAAATGAACCTGCGCCTCTTCAACCGTCAAAGGCGACTGATGTTCGGTTTGAGCAATAACAGGTTCCGCCCCTGGAATCTTGACTGATATATCAACTAGTGACGATTTCAGGTTGCGCGTGTAGTCGTATTTGCCAATACGCTCCCCAATTTCGGCCTGTAAAAACCCGTGTAAGCGCACCTTATCTGTTCCTTGAGGTACGAGGTTCATTGGAAGAGCAACATCCAAACGACGTCTAAAATTGCCCTCATCCAGCCAGACACGTAAGCCATTCCATCCGCCGGGGTATTTTATGAGGTGCCATTTATTTGCTTTCCTGTATTGAAGGTTGAGAGCATTCGTCAACGTGAATGTCCTTAAAACCCCCACTTTTCCTCTGGTACGACCGGCGAACCAAAATCGCGTTCCCCATTTGAGAGTGTGCCCTGTGGCGATGTCGCTGGGATTAGGTGGCTGAGGCTTCCACTCCGCCATAACCAGACGCATAGGCCCTTGATTCAGATCTTCGGGGGGAGTGGTTGAGATTTCATATGTTGTTGGTTGATGAATCTTCCACCATGCAACACCTCCGATCACTAGCACAGGCAAGGTCATCCATAGGAGTTCGCGCGACTTGAATTTGGGTTTTACAGGCTTATTCACGTTGCCAGGAGGAGAGACGTTGGAGTTTTTTGAAGAGGAGAACGCCATGATTTCATTTTACAAGGCCGTGCTTTTCTAACTGGATTTAGTCGGTATCTGGGGGCATCAGGCGCCACCTTCTTTGGCAACATACCCACCATAGTGAAACCCTCTTGAAACAGATTGGCGACGAAAAAGAAACGCGGCTCTTTTATCATTTTTGCCAAGTGCCTCCCGGTTTTGACTTTATCCGAGGTGGCCGAATTTGGTTTTACCATATGAGTAACCTTGTCTCGCGCTTCAAAGAAGCGGCGCCCCAGCCCGAATTTCGGCGCCATTTTCGCGCCGCACTCGCCGGCAAAATGCTCGGCCTGTTTCTGATGTTTGCCGTCATGGGCACGATCAGCCTCTGCTTCTTCGCACATGCCAACGCACAGGCGTCGGGGCAAGGCGCCTCCATCGATCCGGCAAATCTCAAACTGACAGAATCCACCCCGTTTATCTCTGCCATCAACACGACCTGGGTTCTGGTCGCCGCCTTCCTGGTCTTCTTCATGCAGGCCGGGTTTATGGCTCTCGAAGCAGGATTTGCCCGCTCGAAAGAGTCGGTGAACATCATCCTCGAAGGCATCGTTGATACCTGCCTGTGCGGTCTGCTGTTCTGGGCCTTCGGGTTTGCCTTCATGTTCTGTGCTGGCACGCCGTTCATCGGTCTGGGGCATGATCCCAACATCCTATCGAGCGATGCAGCCACAGCCAAAGCCGCAGCCCAGTATTCGTATTGGTTTTTGTCAAATCCGGCGGCGACTTATGGCACGACTGGCATTCCGATATTGGCGTTCTTCCTCTTCCAGTTCGCCTTTGCCGATACCTGCTCGACCATCACATCGGGCGCCATGCTGGGCCGCACCGGTTTCGTTGGCGACTTGCTGTACTCGTTCGGAGTATCGGGCTTCATCTATCCCATCATCGGTCACTGGGCCTGGGGGCCAGATGGTTGGCTCTACTCGATGGGCTTTCTTGATTTCGCGGGTTCGACCGTCGTTCACACCATTGGTGGTATGGTCGCTCTCACAGGTGCCATTGCTCTGGGACCACGCCTGGGTCGCGTTTTCAAACGTGATGGTGGTGGTTTGCCCTTCGCTCATGACATGCTCATCGCCTCGATTGGTGGCGTCATCCTGTGGTTCGGCTGGTATGGCTTTAACCCCGGTTCGACGCTTTCGGCGATGGACGTTCAGGGCATCGCCCGTGTTGCGACAAACACGACACTTGCAGCGACAGCGGGCGGTTTGTGCGCGCTGGCTTATCTGTTCCCCCGTGGCAAAACCTGGGACTGCGGTATCACCGTTAACGGTTTTCTGGCTGGTCTGGTGGGTATTACCTGCCCTTGCTACT
AP024152.1_gap52	2478062	2482456	4394	GCCTGCAATCAAAAGAGAGTATTTCATTGATTCCTCCACATTCTCGCATGGGCAAAAGCGGCGCCTTAAAACGTTTGGGTTCAATTGGCGGGTGGGAACAGGCAGTCGCGCGGCACCACTTCAAAGGCTTGATTTTCGCTCTGCCAGTACAGTGAGGCACGCGCCGCAACTTCGATTTCAAGATAATCGACTTGAAGGGGATACTTGCGTTTGGCTTCGAGATAAATGAAGCCGCGCGTGGCGCGAGCGGTTCCGGGAGCGAAGGCATCGATCACGTTTTTACTATCAATCGAGACGCGGATGCCATCATCGGCGAAGGTCTGGAAGGTATACAGCCCCGAATAGCGCGGCTGAATCTGGCCTATCCAACGCACAGCGAAGTGGTCGGCGGGCACTACTTTGTGGGGCGAACTCATGTTCCAGTTAACGTCCACGTTTTGCCCATTTTCTGTCGCGAGGGGAGTCGTAAATGAGGGAGTTGTGCCCTGACTGGAAAAATATTGCGCGCGCAGTCCGGTTCCGCCGAAGGCTTTCTGGGGCGTGCTACCGACTTCGCCCGAGGGTACGTTGAGTCGGATGGCGGCGGGAATGGGAAAACCAAAGTTCGGTGTGCCATCGGGGTTCCAACTGAATCTTTGGGCGCGCGCCAGACGCCCGCTCCAGGCGTTGTAGATGAAAGACAAAAGCGCCGCTCGAATTCGAGCGGCGCTTTTGGGTGTTGTGAGTTCGATTTACACGTCGAAGTACAGGCTGAACTCGTAGGGGTGGGGGCGCAGGCGCAGAGCGTCCACGTCGCCACGTTTGAGTTCGATGTATTTCTCGATGAGGTCTTCGGTGAAGACGCCGCCAGCGGTCAGGTAGGCGTGGTCCTTCTCCAGGTTGTCGAGTGTTTCTTCGAGCGAACCGGGGACGGTTGGGATGCCCTCTTTCTCTTCCGGCTCCAACTCGTAGAGGTCCTTGTCGAACGGGTCGCCCGGTTCGATTTTGTTGAGGATGCCGTCGATACCCGCCATCAACTGCGCCACGAGTGACAGGTAGATGTTGCCGGTCACGTCGGGTGTGCGGAACTCGATGCGCTTGGCTTTGGGCGACTTCGAGTAGAGCGGGATGCGGACAGCCGCCGAACGGTTGCGCTGCGAATAGAGCAAGTAGATGGGCGCTTCGTAACCCGGAACCAGACGGTGATAAGAGTTGGTCGAAGCATTGGTGAAGGCCAGCAAAGAGGGCGCGTTCTTCAGGATGCCGCCGATGTACCAGCGCGCGATGTCGGACAACTGCGCGTAGCCATTTTCGTCGTACATCAAGGTTTTGCCGTCTTTCCAGATGGACTGGTGACAGTGCATACCCGTACCGTTATCGCCGAAGATCGGTTTGGGCATGAAGGTGGCGGTGAGGCCATTCTTGGCGGCCACGTTCTTCACGATGTATTTGTGCAACATCATGGTGTCGCACATGGTGGCGATGTCTTGCAGCGAGATACCGATTTCACATTGACCGCCCGACGCAACTTCATGATGGTGCAAGTCAACGCCGATGCCCGCCTTATAGAGATTGCGAACAATTTCGTTGCGGACTTCGACCAGGTTATCCTGGGGGGGAACCGGAACATAGCCACCCTTGTTGCGGGTGCGATGGCCGGAGTTGGGTTCGCCAGTCAATTCGTCGTAGACAGGGTCGGCGTTGTGCCAGTCACCATCAACGGATTCGACCTTGTAGTGCGAGAAGTGACCATCGGGGCCACCTGGAGCTTTGTGACCACCGAACGACACGCCGTTGAACAAGAAGAACTCGGCCTCGGGGCCAAAAAACACCTGATCGCCGATACCAGTGGATTTGAGGTAGTTGAGCGCCTTGGTAACGATGAAGCGCGGGTCGCGGGAGTAGGGTTCGCGCGTGACCGGATCAATGATGTTGGCGAACACCGACAGGGTGGGCGTATCGTAGATGGGATCGATGATCGCGGTGCTGATGTCGGGGACGAGCATCATGTCCGACTTGTCGATGGTTTGAAAACCACGAACCGATGAGCCATCAAAACCTACACCGTCGGTGAAAAAGTCGTCGTTGAGGGCGGATTGTGCCGGGTAGGTCAGATGCTGCATGTCGCCGAGCAAGCCGACGAATTTGAGGTCGATGAACTCGACGCCCGCTTCCTGAGCCATTTGGATGACCGATTGAATGTCTGCCATGAGTTGTTTGGGTCCTCTTTGTGAGGGTTCGCGCTTTCACGCAAAACACTCGTCGAAAAGTTGGATATTTTGATTTAACCCGCGCCATGTTTCGGGTGTGTTTCACAGGACTGGCAAACAGATAATTAAACCGCGCACTCAGTCATAACTTGCTCATGGGTGCTGAAATCCGTCATGAGACCTGTCAGTAAAAATCCGACACCCAAATTTTCGACCTCGCCTATGTTATCATCTCAAAGGGCAAACCACAAAACCGCAAAGCCCCAATTCTGTCGGATTGGGGCTTTGCGGTTTTGCTTGAGGACAGGGGCGCTCTTACGGAAGCGGGACGGTTGAAATTGTCTTCAAGATACGGGACGCGATCTGGTAGGGGTCGCCCTGCGAGTTGGGACGACGGTCTTCCAGGTAGCCACGGTAGTTATTTTCCATAAAGGAGTGCGGAATGCGGATGGAAGCGCCCCGGTCGGCCACGCCGTAGGAGAACTTGTCGATGGCCGCCGTTTCGTGCAAGCCGGTGAGACGCAAATGGTTGTCGGGACCGTAGACCGCGATGTGTTCCATTTTTTCCTTCTCGAAAGCGGACATCAAAGCCTCGAAATACTCTTTGCCGCCGGTTTCGCGCATGTAGTTCGTCGAGAAGTTGGCGTGCATACCGGAACCGTTCCAGTCGCCCTTGATGGGTTTGCAGTGAATTTCGACGTCCACTTTGTGCTTCTCGCACAACCTGTAAAGCAGGTAGCGGGCCATCCAGACCTCGTCGGCGGCGCGCTTGGAACCTTTGCCGAAGATTTGGAATTCCCACTGACCTTTGGCGACTTCGGCATTGATGCCTTCGTGGTTGATGCCCGCTGCAAGGCAGAGGTCGAGGTGTTCGTCTACGATACCACGCGCGAGGTGGCCGACGTTGCCATAGCCGACACTGGTGTAGTAGGTGCCCTGTGGCGCGGGGAAGCCCTGTTCGGGGAATCCGAGGGGGCGGCCATCTTGATAGAGAAAATACTCCTGCTCGAAACCGAACCAGGCGCCCTCGTCGTCCAGAATGGTGGCACGGGCGTTGGAAGGATGCGGCGTAACTTTGTCGGGCATCATCACTTCGCACATGACCAGAGCGCCATTGGTCCGTGCCGGATCGGGGAAAATCGCAACCGGTTTGAGCGCGCAGTCGGACGAGTGACCTTCGGCCTGCTGCGTCGAGGAGCCGTCAAAGCCCCAGTAGGGCAACTGATCGAGGGTTGGGAAGTCGGGGAACTCTTTGATGAGAGTTTTGCCGCGCAGGTTGGGCACGGGCTTATAGCCATCGAGCCAGATGTATTCGAGTTTGTATTTCTGTGGCATGAAAAGCAGCTTAAAGAGTGTTAAAATTAACTCTTTAGAAACAAAGGATAGGAATTGGAAACACGGCAGTAATTGCCATGAAATGAGCACACGCGCCGATTTTTGGTAAAGAAAAACACCCTTTCACAAAGAAAGGGCGTTTTTCTCAATTGAGTGCTTAAAGGGCGTCCTCGTCGCGGTCGCCAGTACGAACACGGTACACCTGTTCAACGGGACGAACGAAAATTTTGCCATCACCAATTTCGCCGGTACGCGCGGCTGAAGCAATGGTTTCCACCACTTCGTCAACCTGCGAATCTTTGACGGCGACTTCGATTTTGACCTTGCTAAGCAGGTCCACTGTGTATTCCGAACCGCGATAGCGCTCGACGTGGCCTTTTTGACGACCACAGCCGCGCACATCGGTGACGGTCATGCCGACAATTCCAATGTCGGCCAAGGCGCTTTTGACATCTTGCAGTTTGTGGGGCCGCACAACGGCTTCTACGAGTTTCATATTGCGAAAAAACCTCTAAAAAAGAGAAGAGGACGTTTCAAAAACGCCAGCCCAAACTTCTGTGACGAAGAATTGGCTTTTCTCCCGGTTGGCGCGCAGTTTAGGCGGAAGGCTTCGCGTCGCGTCAACGGGCGTCTCAAGCGCCAATCATCTTAAGGGGCACGTGTTTCACTCTTGTTTCACATCGGTAAAAATCGCTTATGCCAGATGTTGCCAACAAGAGCAAGACGCCCTCTCCCTTGTACTAACGCAGAAGAAAGGCAGAAGTTGGTCAGATTTTGCCTAATCCTGGCTGACATAACCCATCACTTTGTAAATAAGGCGCGCGACGGCAAAGGCACTGGCCGGGTTACCACCAATCAGTTCGACGCAAT
AP024152.1_gap53	2503735	2505790	2055	GCCCACTGAAATGGAAATTGAAACGGCTTTTAGGCTCGCTCAATGTGGGCTATGCCGTTCCGTTGTCTCTCGAAGAAAAGCTCTGGCATTTGGACCATGACGCAGCCTGGATGACAGTGAACCTGCCCATTGATGGACACCCCGATAGGGTGGAAGAGGTGCTAGTCGAGAAAGTAGGGGACAATCGCTACCGCATTGCCAGTTCACCCGGCATGATGCAAGGCCTGGCCGCCAACGACATCATCGCTCTGGACGCTCAAAACTCTCTCGGTTTTCAACTTCTCCAACGCGGCACCAACGTATGCATTCATGTCTTTTGCGACGCGCCCCAACGCGATTCCATTCAAGCAGCCCTCACACGAGAATTAGGACGAATCGGCGGCGGACTAGATGGAACGATGGGACAAACCGGCCTTTGTTTCACGGTGCCAGTTGCAGCAGGTTTCTCGGTCATCGAAGGAGTGCTACAACGTGTGGTCGGTGAAGAGTGGTCCTATTCCAACGTCTATGACCCGGAAACAGGAAATCCATTGAACTGGTGGCTCAAGCAATCAGGAAACACAGAAGACAACCACTAATCGGATTCCACTATCAGTAACGCAACGCCAAGCCTTCTTTCATAACAGGTCATACAGCGAATAGCCAGGCTCCGTGTTGCCATACGCCCGCGCGAGAGATCTCTTGGCAATCTCTGTCAACTCATCTCGCTCCCATTCATCGGAAGTCAAAACGGTAACTAACAATGTAGCTCTCATAGGCAAATCGAACGGCTCGTCGAGCAATATTTTCTCGCCATCAAAATGAGCTTTGAGTGCAGTAGCCATGTGTTCAGTTTTGCACGAAATTAGGAGGTATTGGCGTTCAGAGAAATTTGAATATGGTACTTGATTAGAGTTCTGCGAGATCAACCTTTTTGGGAAGAGGAACCAAAATCGAGCGGACGCTATGCCCCTTTGCAACTTTAGCGCCTGTTGCCCCTGCGACGTGCCATAACACATCAGGATCAAAATCTGTCAACTCGACTTCTCTTTGATGATAGTAATTGCCTAAGGCGGAAATATTGTGCGGATTGAATTCGTATGGCCCAGTGACTTTCACAACCAGTTCGCGCCCATGCGCGACGAGAATAACGGCATCCCCAATCTGCATATCGTCGTAGAGCCCCCACAAACTAGCTCCACCGGCGCCGCTATTTCTGTAGGGATGTTGTCCCAATGCGTAAGCGGCGGCTATTTCGCGCGCAATATCAGAGGCATTTTTATAACCACGAGTACCTATATCACCGACGCAATCCCAACCAATAGCAATACGGTGATTCTGTTTTGTCCATGCGATAGCCGCCGCGCGATTTTCATGGTGCGCGATGAGGCGCCAGACAGTGGAGAGGGCCATATCCCCATTCTATAAGAAAAAGCGCCGCGTCACATGACGCGGCGCTTTTCGGTTCAACCATACAGTGGCCCGTAGGTGGCACAGGCGCGGTAATCGGCGCTTGTGTCTTCAATGCCGCCGAAGCGGTTCCAGGCAGCGGGACGGAAAATGGCTTCATCGGGAACGTTGTGCATTTCGACGGGAATCCTCAGAATCGAGGCGAGAGCGATGAGGTCAGCGCCGACATGACCGTAGGAAGCGACGCAGTGGTTGGCGCCCCACGAGTTCATCACCGAGTAGGCGTCGCGAAACTGGCCCTTCCCTGTCAGGATTGGCGCGAACCAGGTGGTGGGCCATGTCGGGTTGGTGCGCGAATCGAGGGCGTCATGCACCTCATCGGGGAGCGAGACGACGAAGCCTTCGGCGATTTGCAGAACCGGCCCCAGGCCCTTCACCAGATTGAGACGGTACATGGTAGCGGGCATTTCGCCGCGCGTGGTGAAGTCGGTAGACCAGCCCCCCGACGGGAAGTAGCCCAGATCGGACGCGCACCACTTCGTCGCCTTCAAGCAGTTATCGGCGTCTTCGGGTGTGATGTCCCACCATGATTTCAACACCGGTTCGCCATTGGCACCTTGCATTTCGCCCGTCCAATCGAGGGCGGCGGGGCCGGAGTTGATGAGG
AP024152.1_gap54	2510442	2512631	2189	CAGAAGCGGGAGCTACGGTGTTTCACGCCTGCCCGCATTTTTATAATCGCCCCCAGACCGTCGAAGAGGTCGCCGACACCGTCGTTGATCGTGTTCTCGACCATTTGGGCGTGGACGTGCAAACTGCGCGTTGGAAGGAGAGCAAATGAACCGACGACGCCTGAGCGTTTCAACTTGGAGCTTGCATCAATCTCTGGGTGCGATGCCCGTTACTGGCCCTGGCGATAAGGCCAATAGAACTGCATCCGCGACCGCCCTATCACTGTGCGATCTACCGCGCCAAATCGCCAGACATGGTATCGAAACGCTCGAAATTTGTCATTTCCATCTCGCATCAACCGAGAGCGATTATCTGGCGCAAGTGCGCGAGCAACTCGAACATAATCGCATCGAGTTATGGTCGCTACTCATTGATGGCGGCGATTTAAACGGCGCCCAGGCCGAGCGCGATTTCGAGTGGATACACGGATGGCTTGAAGTCGCCGCCCAGTTGGGAGCCCGCAATACCCGCGTCGTGGCGGGCCAAGGGCCGCCCAGCGACGAGAATTTGAGCGCAAGCATCAAGCAGTTACACAAGTTAGCCGCAATTGCCGAAGCGCAAGGGGTGCGCTTAATGACCGAAAACTGGTTCGCCACGCTGGGAACTCCTGAAGCCGTGCATCGCGTCTTTCAGGAACTCGACGGGAAACTGGACCTCTGCCTTGATTTTGGCAACTGGCGTGGCGCGACCAAATACAGCGACATCGCATCCATTGCGCCTTATGCGACGAGTTGCCATGCACGCGCCGATTTTGGCATGTTGGGCCTGTTAGAAGAAACCGATTTCCGGCGCTGTCTGAAACTAACGGTCGCCGCCGATTTTCACGGCCCCTTCACCCTCATTCCCTCTGGGCGCATCGACAATGAATGGATCGCCATCAACGAAGCCGCGCGGGTGGCGCGGCAATTTTGCGAGTAGAAATTTGCATCATGACTTCACCTTCTCTTCAACCATCAAAACCCCTCGCCGGAGTTCGCAACTACCTCGAACTCGTCAAATTTTCGCACACGATTTTTGCGCTCCCCTTCGCCCTCGCCTCTATGCTCGTCGCGGCGCATGGCTTTCCTCCGCTCCGCATTTTCGCCTGGATTCTGGTGGCGATGGTCGGTGCTCGTACAGCCGCGATGGGATTCAACCGCATCGTTGATCGCGAAATCGACGCGCGCAACCCGCGCACGAAAAATCGCGAACTGCCCAGCGGCAAAGTTTCGTTATTGGGGGCGTGGATTCTGGTTGTGGTCTCATCGCTCATGTTTTGCGGCGCGGCAGGCGAAATCAACCGACTAGCCCTCTTACTCTCTCCGCTAACGCTGGCGGTGCTGTTTTTCTATTCGTTTTGCAAGCGCTTCACCAGCCTGTCGCACTTCGTGCTGGGTCTTTGCCTTGGCATCGCCCCGGTCGGGGCATGGGTCGCGACGCGCGGCGAAATTGGCATTCCTTCGGGCGCGCTGTGTGCGGCAGTCTTGTTCTGGGTGGCGGGCTTCGACATCATCTACGCCACGATGGATGTAGAGTTCGACCGCGAAAATAATCTGAACTCGATGGTGCGAAAACTGGGAGTAGCGAAAGCCCTCAACTTCGCCAAAGTTCTGCACGCGGCTTTCATCGCCAATCTCGTTTTATTCGGCTTATTAGCCCATCTGAACGCGATTTACTTTGGCTCCGTCGCCCTCATTGCCGCCTTTCTGGTCTACGAACACGTCCTCGTCAAACCCGACGATCTGCGCCGCGTCAATGCCGCCTTTTTCACCGTCAACGGAGCTATCGCGGTGTTCTTTTTAGGAGCGGTTGTGCTGAGTACTTTTATAAGGATGTAAAGAGAGTCTAAGAGCCTGTCTTCACGCTCAGTTACAACGCCAATGAGGGGCGAGAATTCTAACGCGCGAAACGCACCTTTACTGATTCCCTGCTGAATACGCCAATTCGCTCCCCGTACCGTATTGGGGCGTGTTTTCTGCCCAAATCGCCGTACTTTTGGTGAAAACAAGCTCCGATTCTGACTGAATGAGTCAAAGCGTGAAGACAGGCTCTAAGTAGGGTGATCAGTAGGTCTACTCCTAGCAAAAGGCAATGGTTTACTGTTCATCAAAGTTTACCATCGTCCTGAATTTGCGGCATCCACCGGCATACCCTGCGATACTGCTGTAAC
AP024152.1_gap55	2517172	2520785	3613	AAAACCCACATGAGCCACGCAGTTTCCTTCAAATAAGTCATGGCGATGTGCAGTTTCTTTCGTCGAAATCAAAACGGGGCACACCTTTTGGGTGCGCCCCGTTGTTTGTCTAGTTGACGCCCGCGCGGGGTGGGGAAAAGTCGGAGGGTGGCACGACATAGGGGACGACCTGAGCCGGTGGCATTGGTGGAAGGGGCGTGGAAGTCGTGGTTTGGTTGGGCACGGTGGGCGCAGTCAATGGGCCGGATGGCGGCGGCAGACTGGGTACGGAGAATGGGGGAATCGAAGGACGCGGCGTGGGGCGCGGTGGGGCGGGTAGCACGGGAGGCGCCACGGGTGAAGGTGGTGGCAGGGTGCCTATTCCGGCATCGGGAATGGGGCGCGGAGTCGGCGTGGGCAGAGGCGCAGGCACGACTCTAGGAAGCGGCTTAGGCGGTGTCACGACAGCGGGAGGCGCGACGGGGCTGGCCACATCACCCTGAAGAGAAAATCCGAGCGTTGAGCGCAAAGCCGAAGTGAGACGACCTTCGGGCAAAAATGTCGAGGTGTTATCCCACCAGGAGAAGTTGCCGTTGGCGGCGCCCCAATCGAGTGGCGTCCCCTCCGCGTTATGGACCAAAAAGCCAAAGCGCACGACGCCATCTTTTTGGGCCAGCGCTTTCGGGTTAAGACCCGGAATCGCGGAGAGCGGAAGTTTCGCCTCATAAATCGTGCTTTCACCCTGCTCATCGCGCCCGATAGCGCATTTAGCGCCGGGAACGGCACCGCCCCAACGGATGCGGTCAGCGACCGAGTTGTAGGGTTTGTCGCCGCCCCAGAGACGCAACAAGCGGCCCTGAAAATTCTGAGCATCGGATTGCCCCCAGGGGGACAGCAAAAATCCGAAATCGGCATCTCGGAAGGGCGCCACGCCCGGTACAGTTTCAGGCCCGTTGCCGAGTCCGAAAGCCAGTTGAATCGCATCGAACCCACGCCAGAACTCGTAGGAAGAGGCTTCGGGGTTACGGGCGGTTAGCGCGTTCTCGCGCACCTGAGCCGCGACGTACAGGTTGGCGTTATCCCATTTCCAGGCGAGTCGGGCGCTTACTCCCGCCGCATTGGGCGCAACGGTCAGCCAGTTGGCGCCGACCCAATCGTTCAATTGGGCATCAACGACGGGAATGGCATTGGGAGCAACGCTCTGGGCCGAGGCCACTTGAGCGTTCCATTTCCAGTTGCCATCGAGCCCACCACGCGCACTCAGTTCAAAAGCCAGCGAGGGCTTTTTCGGATCGAAGGGCGCGGTTGGGGCGCGGAACTCAAAGGTTTTCGATTCACCTGGAGCGAGTGTGAGATCGTAGCGGTCGCGCGCCAGTTTCCAGTTACGCGGGGCCTTGAGTTGGATTTGCCCACTCGCCGATTCGAGCCCGATGTTTTGTACCCGAACCCGCACCGCCGCACTTCCGGGCCCCGCTGATTTCGGGTCGCGCGATAGGGGTAATAACTGCGCTTCGAGCGAGCTAACGCCCGCGACTCGCGCCGAGCGCAAGGCATAGCTGAGAACTTCGGTTCCCACACCCGATGCGATGTAGATGGGTTGTTCGCCCAGTTCGACTTCCAATTTGCCGTTCTGAGACTCGGCGATGGGATTCCCGTAAGCATCCAGAACCTGCGCGGGCGAAACGCGCAGCGTCATTTTGCAGGGACGGAGCGGGGCATAAAGAACAGCGACCGATCCACGCGGCACCCGAAAGAGAGCTCCTTCCAATGAGGGCGATTTCGGGAAAAGCTGCTCGCGAAACGCCGCGTCTTCGAGCGTGCGCGACAGCATCGTGAACGCCGCAGCGCGGGCCATGCCTTTAGCGTTGCTGCCAGGGGCGAATGTCACGGGTTCCGACATGGAGGAAGCCCCCGCCATGATTGCCGACAGATAATCGGCTGTCATTTCGGCGGCGCCACCAGCCGCATTAGCACGGCGCAAATGGAACGAATTCAGTCCCGCTTCGCGCGCGGCCAGGGCGCGCGATAGCCACAAGCGGCGAAGCGCCGCCGGATGCACCGACTGGGTTTGTTCGAGAGGCCAGCCGAAAGTCGCACCATCAACCGAGCCATTTCTGAGCCTCGCACCATTGGAAGCGACTCCTGAAGGCAGCGTGGGCAGTGGACTGAGCAGAGAGATGTCGGGGCGGCGCGCACGGACAAGTTGCGACCACGCATCAAGGTCGGTGGGGTCGATGTCACCGCTCAGTTCCCATGTCGAAAGCGAATTGAGACGCGCGAGCGTCGAGGGCACCTGACGTGACCAGAAAGCCTGAGCCCGCGAGCCGTCGTCGCCCAGATCGAGAAGGGCAATGGAACTCAAGTTGCGCCGCAACCGCTCGCCGAGCTGTGATTCGAGGCCAGTCCAGTCGGGCTTCGTCGGATCGGCGGGAAGGGGAGAACGCAAGACGCGCGCTCCCAGTCGCGAGTAGAAATCGAGCCCCTGAGCATCCAGAGAGGAGGGAGCATCGAGTACAAAGAATGACCGGGGGCGCGTGCCCTGAGTCGCGTCTGGTGGAGCGGCAAGTGTTACGGCAAAGGGAAGCGAGGATTGGGCGAAAGCATCGGCCCCCTTGCGCTGGTAGGAGGCGCTGGCTTGCAGCAGAAATCCGCCTCGACGCGGGGCATCGAACAGTTCGCGGCGAACGATGGTCGCGCCACCTTCGATGGTGAAAGAGGCTCGTTTAGCCCATACGACTTTCCCGTCCGCGTCGGTGATTTTCCACGCCAGATCCAGGTCGCGCGACTGGTTGGTGGGGTTTTGCAGCCGCGCCGAAAACAGAATCGGCGTTTGCGGCCCCAGAGTGTCGCGGTCGAAGTAGACGCTGGTTGGCTCCTCGCCCCGTAGTTCCAATCGCGGGTTGACCGCATCTGTGGGAGAGGTGGAGGTTTGTGCGTTGGCGCCTGTGGCGCCCATCCCCACGAGGGCCGCCATCCAGCCGAGCCTTCGCCAAAAACGCGATGAACAGGAAAGAAGCATGTTTGGAAAAGTGTGGCGCGCCCGCCACGCGAACGAGGCAAAGAAGTGGACGCTACGCGGAATTACCCTAACTCGCGGGAGCGGTTGGTTGCCGCGAGAACCGCATCCATGACCGTGCCACGGAAAGCACCATTTTCGAGCGCGTGCAATCCAGCAATGGTCGTTCCCCCAGGAGAAGCGACCTGATCTTTCAAAACACCGGGATGTTTTCCGGTTTCCAGTACCATTTGCGCGCTGCCCAGCACTGTTTGCGCCGCGAGTTGGAGCGCGACGTCGCGTGCGAGACCGGCCCGCACACCACCATCAGCAAGCGCTTCGATGAAGAGGAAGACGTAAGCGGGGCCACTCCCCGATAGGCCGGTAACGGCATCGAGTAGTTTTTCGTCGGCTTGAACGCAGAGTCCCACCGCCGCGAAAATCGCGCGCGCTTTGTCGAGGTTTTCGGTTGTGGCGTGTGCCCCCGCACAAACCGCCGTCGCTGCCGCGCCCACGAGCGCAGGTGTGTTCGGCATAACACGCACAACGGGAATAGGGGCCACGAAACACGCTTCGAGTCGTTTGGTTGAAACGCCCGCCGCAATGGAAACGAGAGTTTGCTGCGGTGTCAGGGCCTCG
AP024152.1_gap56	2663348	2668105	4757	AAGCGCGTGAAGCCCGCCTCAAGATTTTGGAAGTGCTGAAAGGCGCCATCTCCGAGCCCAAGGGCCAACTTTCGCAGTTTGCGCCGCGCATTTTGACGGTGCAGATTCCGCCCGAACGCATCGGTGAGGTTATCGGACCTGGCGGCAAAATGATCCGCTCCATCGTGGAGCGGACAGGTGCCAAGATTGACATCGAGGACGATGGCACAGTGTTCATCACCTCGACTCAAGCGCAGGGCGGCGAAGCAGCGGCGAAAATCATTCGCGACATGGTGCGCGAAATCGAAGTCGGCGAAGAGTTCGACGGCAAAGTGACCCGCATCATGAACTTCGGCGCCTTTGTCGAAATCCTACCCGGTAAAGAGGGCCTCATCCGCATCTCCGACCTGTCGTGGGATTACGTCAACACCGTCGAAGACGCCGTGAAAATGGGAGAAGACGTGAAGGTCCGGGTCGTTGAGATTGATGACCAGGGCCGCGTCAACCTGTCGCGCAAAGCGCTCTTGCCCAAACCGGAAGGCTACGTCGAGCGCGAACGCGCCCCGCGTGAACCACGCGGCGACCGTGGAGATCGCGGTCCTCGTGATGGTGGCGGCGGACGCGGTGGCTTCGGCGGCGACCGTGGCCCACGTCGCGATGATCGCGGCCCCCGCGAAGGCGGCGATGGTGGCGACCGTGGTCCACGTCGCGATGATCGTGGCCCCCGTAATGGTGGGAATGGCGGCAACGGCGGAAGCGGAGGCCCACGCGGTGGCATGGGTAGCTTCGGCGGACCTCGTCGCTAAAAGCGAATGACATAAAAGAGAAAGGGCGCGTGAACTCAAAGTTCACGCGCCCGCTTCATTTGCCCCTTTGATCCAAATGGGAGTAGTCTGCAGTTTGGCTACCCCAGCGAAAATCGTTATCGGTAATACCGCGTGACATTACGGTCCGTTTGTTCCAACCACTGCCAAAGGAGAATCCTTGACTTTTACGAATCAGAATCTTCTTCTTTCGGTCGTAAATCAATTGCTCGTTATTCTCGTAGTCTGCGCCACTAGCTGACCATTTCACGATGATCCTGTGTGAGGTAGATAGGCTTACCGACCTCGCCATGATCGGCATATCATCAATTTGTGAAGCATCAAGGCCAATATCGCCCAAATCAAACGTCGTTGTATCTCCGCTTTTGTGCGCGAGAGATTTCAACTTGCTGAGGGAGAAGAAAACTGCATTTTCCAATGTGTATGTGTTAGGACTGGAGCTAACTGAAACTTTAGAGGGAGTTCGATCTTCAACCAGAGAATTTGACACACCATCTTCCACGATCCTGTCTTTGTTGAAATTACCAGTACCGTCATGCCATTGATATAATGTCGCCGCCGACAGCAATGACAGAGCGAGCAGTAGAACGCCACTCGGTAACTTGCCATGCAAAATGGAGTTCTTCATATTAGGAGTCAATCTTCCTAATTCATAATATCAAAATCAGTCGGCAGTGACTATTCCATACTCTCAGGCGCGATTAGTTTCTTCTCGAATCTGCGTTGGCGTCATAAGACAACGGTTTAGCTCTACGAATGAGAGAGTTCAGTAGAGCCAAAAGAAATTTCAACACGCCCAAACTCGCGTTTTTTGAGGAGCTGTCCTGATTGCCGGGTGACCGAGTCAGCACTGTAAAGCGGGCTAATAAAAATTTACTTGGCCATAACGCTTGGCAGCTATGGCTTTGCGAAGATAGAGGGCGCCCCTATATTGTGCAAGGAGAGGGCCACTTTCGATGTCGAGATTGAGCAGTGCGGTTGCCATGCTTCCGCTTTTTTTGATGCTGTTGATTTCAGTATCGTGGGCTCATAGTCTCAACATGACCGGGGTGAAAGTGCGCTTGGAAGGCCAAAGCGCGACGGTGAGTATTGTGGCACACGCTCACCTGCTCCACGCTCCCAATACGAGTGACGAAATTGCGAAGCGGCTTCAACTGAGCATCAATGGAAAACCATTTGTCCCGACCAAAGTTCAACTGCTCCGCGACAAAGCCAATGGCATCGTAATATGGCAAGCCCAATCGAAGGTGACAGTTTCCCAATCTCCTCTGGTCGAGTTGGAGGCTCCCATTTTTCCCGAAGTCGCCGACCAACGCACCGTTCTTACCGTCATCAAAGACCGTCAGGTTCTCGATGAAGTTCTGCTTAACGCGGACCATCCGAGTGGTGTTGTGGGTGGTCCGCACGAGCGTCTGACTAAGACTACGGTCGTCGTCCGGTTCGTGCGCGAGGGCATCGGGCACATCTTTGGCGGCATTGATCACATCCTGTTTTTGTTAAGCCTACTGCTACTGGGGGGAGGTTGGCGTCAGTTGTTGAAGATCGTGACGGCATTTACTCTGGCTCACAGCATCACGCTATCGCTGGCCGCGACGGGTGTGTTCTCTTTGCCGCCGCGCTTTGTCGAGCCGGTCATTGCGCTGTCCATTGTCTGCGTGGCACTCTCCAATTTTCGGAGTCGTCTCCGTGAGCCAGGCGAACGGCGCATCGACTGGCGCCCCTTCATGGCGTTTGGCTTCGGACTCATTCATGGATTCGGATTCGCCGGGGCGCTGGCCGAAGTGGGTTTGCCGCGTGAAGCCCTCGCATGGGCGTTGGTGGCGTTCAACTGTGGCGTCGAGATTGGACAGGCTGCGTTGGTGTTGCTGTTTGCGCCCGCATTGGGGGTATTGGTGAAGCGCTGGCCGCCAGTGCAACTGCCGGTTGTTCGGTATGGGTCGGCCAGTGTCGCGGCAGTGGGTGCGTTCTGGTTTATACAGCGGGTTTTTACCGCATAATGAAAGGTATTCGCATGAAATCGAACAAAGTCATGATTCGAGTCTGGGCTATTGGTGTTCTATCACTGGTGTCTCTGGGTGGGTATGTGTACGCCCAGCAAGGCCCCTTCTTTGGGCCGCCACCGGGAGGAGGTCCCCCCCAAGATTTTGGAGGGGATGAAGGAAACGACGAACCACTTCCTGCGCCCAAGGTCATTATCGAGGAACGGGATGGGTATCGGATAATGACTTCTAACGGCATTCCCAATCATGCTACCGGGCAGTTTCCAGGGCCGGGAAACCCGAATCGCATTCAGGCGCAAAATTACAAGTTTCGGATGCCGCTTAAGCCTGCTCTGGGGGAAATGACGCCTCTGAATCACGACATATTCGGTGTGGCGGTTAATGGTATTCCATTCGATCCTGGCACCGCCGAGTTCTGGAACAACAATCCCAATTGGAACTATGAAGCCCTTTCGGGAAAAATCAACCTGGGCACCGATTCAAGCAATGCTCACGTTCAACCAGGTGGCATTTACCACTATCATGGTTTGCCTAACAAACTCATCGAATTGGTGAGTAAGAAAAATCAGATGGTACTCGTTGGCTATGGCTCCGATGGCTTCCCCATGTATGCGACTTATGGCTACAAGAAGGCAGACAAGGCCAAAAGCGGCCTTAAAAAATTGCGCTCCAGCTACCGCCTGAAAGAAGGTATGCGTCCCGGTGGCAATGCTGGCCCGGGCGGAGCTTATGACGGCACGTTCACAGCGGATTGGGAATATGTTAAAGACGCTGGCGATTTGGATGAGTGCAGCGGGCGAACGGGTGTGACGCCGGAGTACCCCAAAGGCACCTACTATTACGTCCTCACCGATGAGTTCCCCTTCGTGCCCCGCTTTCATCATGGTACCCCCGACCGCAGCATGATGAAACAGCCTCCTCCCGGCAGAGGCAATGGTCAGGGCGGCTGGGGGCCCGGTGGCCCCGGTCCCAATGGCGGTCCTCCTCCGTGGGGACCGGGATTTGGTCCACCTCCCCCTCCACCACCAGGATTTTAGAATGGTGCTTGCCAAAGAACCCCGGTAGCAGGGCAAGGAAAACCAGGTTGTTTGTCATCAAAGGAAACCTTGTTGGCAGTGATTTGGTACTACTGGTTCTCTCATGTCCCATATCGCCGACATTTTGCCTCTTCTGCGCGAAGTGAATGATTTGAAAAGGGTGCGCGTTGCCTCGCGTGAAGGGTCGTTGGCCGAGCAGTTGTTTATGCGCGCGTGGGGGCGTCTTGCGCGCGGTGAGCCGCTGAAAGATGTGGCGGCGAGCGAAACTGCGCGAGCCGTTGTTGCCGCGCGGCTCGGTGGCATAGATGCGGAGGTCTTGAGTGAGGCGGGCCTAAATGACGAAGAGATTGGTTCGATTTTTGAGCGCGCCTTCGACTCGATCACCACAGGCTTGAACAGCGAGTTCGCGGAGCAATTGAAGGCGGCCATCAATCCCGAAAGTGGTTTTGAGCCCAATGACACCGAATTGCCGCAGTTCGTGTTGCTTCTGGCCAGGCAACCGCGCGTGAGAACGAAGCCCGCTGGAGCGGTACGGATGACGGAAAGCCATGCGGAGCATTGCGGGGTGGTCGCGGTGAATTCCTATCTGGTGGCCTCATCGTATGGAGCAGCGCCGGAACGCGCTTTTTTCATGGGTTTGTGCCACAACGTCCACTATGCCTTTTTGCCCGATGCGGGTGCGACGGGCGAACAACTTCTGGGTGATAAGTTGACCGAAGTGGTGGAAGCCTGTCGCGGGCGCGCACTGGCTCAACTTCCGGCGTGGCTGCAACACGAGGCACGCGCCAGTCTGGAAAGTTTGAGCCGGGGCGATACGACGGAATCGCGGGCGTTTCAAACGGGCGACTCCGCCGATGACACACTCGAACAGAATTGACGCATTACTCGAACGGATGAAAGCAACCCGCGAAACTAGA
AP024152.1_gap57	2671603	2674965	3362	TGGTGATGATGAGGCCGCTCTTATCAACGATGACGCCCGAACCGATGGACTGCGATTTCCGGTCGGGTTCGCGAAACATGCGCCCACCGAAATCGCCGTTGTCGCCAAACATACCTCCAAACGGGTCAGCGAAAGTGCGTCCGCGTTGCAGGGTCACGGCCTGGATATTGACCACAGCCGGGGTCACTTTGCGTGAAATCTGGGAATAGGTTGCCGAAAGCTGCGCCAGGTCATCGGCGTTGCGAATCGGGGTTTGTGGTGTGTGTGTTTGTGCGACGGCGCTTTGTTCCAGTCCGTTGGAGGTGGGCGCTGTGCGCTGATAGCACGCCCCCGCAGCGAAGGCAATAAGGGAAGCGCCGACAGAAAGCGACAACCAGCGGGAAGTTTTCATAATGTTCGGCGCCTCATTTGCGCGCGTTTGATGCCGAAACTTCTCTTTCACACCCTAATTGAGAGAAGAAAAGGAAAACTCACATGGCTTTTGAACTGCCCGCACTGCCTTACGATTATGCTGCGCTCGAACCGACCATTTCAAGCGAGACGATGACGCTTCATCATGACAAACACCATGCCGCTTACGTCAATAACCTGAACGCCGCCGTAGAAAAGGCGCCTGAACTCGCAGGCAAGTCCGTCGAAGAACTGGTCAAGAACCTGTCCAGCGTTCCCGAAGCGGTGCGTCCGGCGGTACGAAACAATGGAGGCGGCCACCTCAATCACACCATGTTCTGGGAACTGATGACTCCCGGCGGCGCCAAAGAACCCGGCGGTGCGCTCCTGGAAGCCATCAACGCTTCATTTGGCTCGGTTGACGAGTTCAAGAAGCAGTTCAATGCGGCGGGCGTGGCACGCTTTGGCTCCGGGTGGGCCTGGCTCGTTAAAGATGGCGGTGGCAAGTTGTCCATCGTTTCGACGGCCAACCAGGACAACCCACTGACCGATGGGCACACCCCTATTCTGGGCAACGACGTATGGGAACACGCGTATTACGTGGACTACCGCAACCTGCGCCCCAAGTACCTGGAGGCGTGGTGGAGCGTCGTCAACTGGGATAAAGTCGCCGAAAATTTCAATAAGTAAAGGGATGGACGCATCGCGTCCCCGGCGGAGGCTCTATCATCTGAGCGTATTCCCTCAACTTGGCGCACTTTAAGGGAGCGTAGGCATATTGCTTACGCTTCCTTTTCCTTTTTGGAACGAGAAGCGCTCTACGAGGTGGCAGATAAAAGAAGATGCCTATCGTTTTGTTTCTGGTTCGCCGATTGCTGACCGGGCTTGCAGCCCGTGTCTTCACGAATTTCCTGGTGAAAAAGTTTCGGGTTTCACCGGGCGTCGCGAATTTGATCTTTGTTGTGTTGACCGAACTGTTGGCGCGTGGCACCGAAAAGCCAACCTCACCCGCGTCGGGAAAGGGCTTTGGTTTCGGTAGTCGCAAGGGAACTCGGTGACCTGTGTAGAGTGGTAATAAACGTGTTTAATCCTAACCTCGATGAAAGACCCAGAACCCACATCATCCGTCCCGACCTCGGGCGCACTCGCCGCCTTAGAGACAACGCGCGCGGCCTTGTCACATGGTTTCGAGGACATGCGCGCAGGGATTCTATCTCAGTCCACCGAAATCGAAGTGCTGCGCCAGCAACTCAAACAGGCGCAGGGCCGTATCGCCGAACTCGAAGACCAGTGCGGGGTTAACGAGCAGACTAAAGAGCAACTGCGTATGGAGGTCGCCAAACGGGAGGGCGATCTGGTGCGCCAGAATGTTCAACTGGTCGAGGCCGAACGCGCCCACGACGAAGCGCGCAATGAGAACGCGCGCTTGAACGGTCAACTCGTTCAGGTATCGCGCAAATTGGAAAACGCCCGCGAGCGCAACCGCGACTTACAAGACCAACTTCTCGACTTTTACGCCGAACTGCGCTCCGCCGACCTGCCTCATCTGGCGCTTCGATTGGCAGCGGGTTTAACGGGTGCCGAATCGGGTTTGTTCACCGAAGTAGATGGCGATGGCACCCTCGCGACCTTCCACCTCACCGAGATGGAAAAAAAGCTGGTGGACGCGCTTTATAATTACTCGCGTCAGGTCGCTCATTCGGAAGAACCCCTGGTCGAGAATGATTCCTCAAAACTGCCCGATGGCGCGGGTCTGGTTAATTTGGCGGCCCTGCCCGTGGCAGCCAAAGGCAAACTGCGCGGAGTCTTGCTGTTGTGCAACAAACGTGCGGGCGATTTCGATGACGAAGATACCCAACTTCTACTCGCCATCGGGCAACACGCGGGCCTAGCGCTGGAAAACTCGCGTCTACACGCCGAACTCAACGACGCCTATGCCGCGACCATCGCTGTGTTAGCCGATGCCATCGAAGCCAAGGACGCCTACACACGCGGTCACTGCGAGGGCGTCTCACGGCTCGCCGTCGAAGTCGCGCGCCGTTTGGAACTCACCGATGCCCAACTCGAACAGGCGCGCTATGCCGCGCTGCTACACGATGTCGGCAAAATCGGCGTTCCTGATGGCATTCTGCTCAAACCCACGAAGCTCATTCCCGAAGAGTTCATGATTATCCAGAAGCACCCACAAATTGGTCGGGACATCGTCTCGCGGGTGTCGGCTCTCTCGAATCTCTCCGATGCCATCTTGCACCACCACGAAAAATGGGATGGTTCGGGCTACCCGTCAGGACTGGCGGGTGAGGGTATACCGCTGCTGGCCCGTATCGTCGGTGCGGTGGATGCCTTCGACGCGATGACCACACCGCGCCCGTACCGCAATCCGGTTCCTCAAAGCGAGGCCATCGAAGAAATGCGCCGTTGCGCCGGGACTCAGTTCGACCCGCAAATCGTTGAACTCGTCGCCCAGATCGTGAGCGCTAACTAAATGTTAAACCCAGAGGGCACGGCAGAGAGAGAATTTTTAACCGCAGAGACGCGGAGATTCGTAAGAGGAGGGGTGATTTAGGAGAGGATTTTTCACCACAGAAGCACGGAGACACAGAGAAATTCAGAGGAAGAGAGATAAAATAAGCACTTCTAGACTTCGCCTAATTTGTAGGTGGGCCACAAGACATGGAGCGTTACATTTCTCTCGATGAATATTACGATATTCTGTTGAATGGCAAGGTGAAATATGAGTGGTTCAATGGGCAGATGTGGCCGGTTGGCAATCCTGGCAACTCGCCGAAGCTGGTGGCTGGGGCACAGCCTGATCACAACCGCATCAAAAATAATGTGGAAACGCGCCTGACGAATCAACTGGAAGCGACTCCATGCGAGGTGATGTCGGGCGACCAACAGGTTCGCGTCGAAGATACCCACTTGAATGCTTTCCCCGATGTCGTGGTTGCGTGCGAGGATGCTCAATTCGA
AP024152.1_gap58	2676582	2680445	3863	GTTCGATCTTGATGCCGATTCTGCCAAAAAAGTCGCCCGTGTGCTGCGTATGAACGCGGGCGAAACCTTCGTGGGATTTTCCGGCTTTGGACGCGAGTGGGAGTGCGCCCTGACGAATATCGAAACCGAGGGCAAGCCTCGTGTCAAAGCCGTGATTTTGAACGAGCGCGATGTCGAGCGTTTGGAACGGGTCCGCATCTCCATTGCCCAGGCCATCCCGAAGGGCGACAAGATGGATCTGGTGTTGCAAAAAGGCACCGAAATCGGCGTCGCCGAATTCTATCCCTTCGATGCCGAGCGCAGCGTGTCGCGCCTCGATCCCGATGCGGATTATGAGCGGGCCACGATGCGCGCCCAGCGCTACCGCAAAATTGTCGAAGGCGCCGCCGCGCAGTCGGGCCGCGCCGATGTGCCCATCGTCCACGCCATCTCCGACTTTTCAACGGCAGTAGCGACGGGAACGGGCGAAGGCGTGTGTCTGATGTTGGACGAAAGCGAAGATGCCCTCTCACTCCGCGAAATTCTGAAACGCGACCCCATCGAATGGAGCGATGAATTCCCGCCCAAAGTCATGCTGCTGATTGGTCCCGAAGGGGGCTGGTCGCCGCGCGAACGCGAGTGGGGTGAGCGCTACGGCGCCGTTGCCGTTAGTCTGGGTCGCCGCATTCTTCGCACCGAAACAGCGGCTCTTGTCGCCGCCACTATTTTGAAGTGGGAAGCGGGTGAGATTTAGTTTGCGGCTCTCGGCGAGAGCATGGATGTGACTTGCCAATCATTGTTAGCGCGCTTCAACTTCATGGAGAACGACTTGACAGTAGGTTCCCCTCTACTATTGAGATCATTAAGATCGGCTATTATTGTTTGGGCGAGAGCCTCGTTGGATGAGGTAAAGCGCAAATGCAGCAGCAATAGTAAGACAGTCTTAGGAGTTCTGTGAGGACGTTGTCCTGTCTGTTTGATTCTCTCGACTTGCTTCAACCAACGCTCCTGGTCGGCAACAAGACATTTGCCGACACGACGCGAGCGGAGTCGTTGAAATACCAGTGTGGAAATGGCGGCTTGTTTGCCATGATATGGTGCCGAAACAAGGCATTTAGTCACTCGAAAACGGGTATGGCGCTCACGATACGAAGTGGTATCTCTATGATGCCACAAACTCCAATCTTCATCCATCTGCTTTTGCAATAGCCGTTCAAAGATTGCGGTCTGGACAGCCACTCGCCGCGCCCACTGCGGCTCCTGGTATGGCTTGGCATCAACCGAGTGAGCCGACCCAAGAAAAACTAATGCGCTGGCAATGAATACAAACAGCCTGTTCATTCACGAATCCCTCTATATATTCATATTAGCATTTTCCAAGAGACAGTGTGCAAGGTGTTCCAGCAGGTATAAAACCACTGGCATTCGGCTTCGCCAGCGTGTCCTCCCGGACACGCTGTCAAGGCATTTCAAGGTTCCAAACATCTCTATCACACTTCGCTGCGTAACATGAGTTATGGGGATTCGACCCAACTGGAAAATATGTGATTTCTCCGTCTAATCGCACGCTCTATAGTGCCTCAACGGGACGATTCGTGTGCCAGTTGGAATCTCCTGTTGATTTTGACACCTACACCTTCTCGTCTAATGGTCGTCAATTTGATACGCCGAACGAGGACGGGCGTATCCGACGCTACCATTTGGCGTGATTTCAGTGGAGCAAGATATAGGCGCGCTCCCGCAATCGGCACAGGTCTTGAAGGTCTTGGGCAAAGCAATACCGATACTCTGCCCATGCCTCAAGTCGAACCTGCGCCTAATATCCCCTCCAAACAAGCCATTCGCCGTGTTAATACCCTGCTCATCGAGCGCTTTGGGCAGCGCACAGTGAATAAGCGCGACCCACTCGATGGACTGATTTTGATTATCTTGAGTCAGGCGACGAACGATGTGAACTGCGACCGCGCGTTTTCTGGGCTCAAAGCGGCTTTTCCAACCTGGAAAGAGTGCATGGATGCGCCGGTTTCGGCTATCGCCGATTCTATCCGTTCTGGGGGTTTAGCCAATCAAAAAGCGGCGCGCATTCAGCAATTGCTGCGTGAAATCTGGGAGGAGCGCGGCGACCACGACCTTTCCTTTTTGAACGGCCTGACTGGTCCGCAGTGCGAGGAATATCTGGGGAAATTTCACGGTGTCGGGCCTAAAACTATCGCCTGTGTTCTGGTTTTCTTCTTAGACAAGCCCGCTTTTCCCGTTGATACGCACGTTTTTCGCATTTGCAAGCGGCTTGGGTGGATTCGGCCCAAAGGTTCGCCCAACGAGGCGCACCGCGTTCTGCATGACCTGGTGCCCGACGATTGCAAGTTAGATTTGCACGTTAACCTCATCGCGCATGGTCGCCTGACGTGTCGTGCTGATGGCAATGGTGGGCCCCGATGCGGCGAATGCTCCATCAAAAAGTTTTGCTTTTTCGGCAAGACCCTCAAGGTCGCACCGGGCGAAAACGCACTGCAAACAGGCAAGCGTGACCCCGATTTCTTCGTCACCATCAAACAAAAGAAGCAACTGGAGAACGTGGAAACGGTGGAAGAAGTGGTGGGACAGTAAGAACGGCCTGTTCTGGGGACCCATGATAGCGCTTGGGCTCGCCGACGCATTGGGAAAAATTCCTAACAAGAGGAAACAGAGGGCTACTGAAATTTTGAGGATACGGAGTCAGTCAAGGAAATAATTTCTACCCACCATTTGAAACCGAGCTCCCTCACGGTAGCGCCACGTCTATTTAGGCGCAGCAGCATTAGCTACGGGTGTAACTGCCTGTGGTCACTTTGCTGCCGGTGCCACATCTGCGCTCCCATTCTGGTTGAGAGGAGGTTGATTAGCGGGATCAGTCGTGGGATCTTTGCTACAACCCGCCAACCCTGCTACTATAGCGGCATAAATTAGGATTTTCAGTGAGGATGATTTCATACAGTGCTTCTTTTACGTGACGATTCAAGGGCATTGTTCGCTCTTCTACGGGAAGCTGATCGTTTACATCGCTTGATTCGCCGTGAAATTTATACAAACGAACATACGCAAGTGAAATGTATTCAGTGATTAGTGGAGAGACACACAAATGGATTTAGCGTGAATTGCTCTGATTTGGTGTTTATTGTGAACACAACGGCGCTGTTACTCATAGAAACTTGCGCCGTTGTGTTTGTCAGAAGACAGCGAATCTGTCGTGCTACTACGACTTGTCCATCAGGGTCTGCCAGGTAGCCATTTGACTCTGCTGTGTCGCTCCTGCCGCACCATCGTCTTCAGTTGACCACAGATTGTTAGGAGTAACGGTTGCTAGAGCTTTCATCGATTTGACGTGACCATCGCAGAATAGGAAGTTAGCGGTCCCCAGATGGCCAGTGAACATAAAGTAGTTGAGGCTGTAGGCAGAAACGGACTGATTGAAGGCGAACTCAGCCCAGGAATAGCTAAAGTCGGCAGCTAGGATGGTGGTTGCCGTACTCGGAATCGCGGCCAGAGACTGGGACGTGTTGTACTCCGACGGCGCGGTGCCACCGTTACTGACGCCATTAGCATTCAGCCCGTAGGAGCGCATGAACCGTGGTGAGCTTGCATCTAAGCCATAAGTCGCCATTTTGGTGAGATCGCTGCTGTCGTCACAGAAATTAACATTTTGCGCGTTGGATGGGCAAGAATAGATTTGTGCGCTCTTGGTGTACGGATAAGTGGTGCGACGCCATGACATGACTTCGCCGTTTGTGGCGCCACCGTACTGGCGTATGGGATATTTCTCGTCGTAGTCCTGGGTGTACTGCATGATACCCAAGCCGATTTGTTTGAGATTGGACTGGCAGGAAGCGCGACGAGCGTTTTCGCGG
AP024152.1_gap59	2783262	2786807	3545	GTATCGCCGCCCCCCGCCGAACAGCTCGTGACCGGCGAAATCCGTCTCCAACTCAATCTCAAACGTCGCGCGGACGCCCCCATCCCGATGCGGGCTTTCGCCTCCCCTACCACTGGCGAGCGAACCAAAATCGAGCCCTTTCTCGCCATCATGCGTAACCTCGTCAAAGAAGGTCGCGACAAAATTGAAAAAAGCATGGGTGACATGCTCTAAAAAGAGGTCGGCAAAGGAAGCGGCGCGGAGAAAATGTATTTCTCCGCGCCGCTTTGCTTTTGCGACTGGCTAGCCAGCTTAATGGCGGGTTTTCCCTGCAAGAACTGGTGATTGATTTGCCGCCTTGAGTGCAGGATGGTCGTTTCTGAAAAAGGTCTCTGGAAAAAGGTCCTCCCCGTCTATGGCCAATCTACCGTGGTAGTCTTAGGCGTATCAATCGCAGCGGCTTTCGCCGTTGAAAAGCTGGGCTGGAAATGGTTGAGCCTTCCCGTTGAACCCTTTTCCATTGTCGGAACAGGTCTCTCGATCCTGCTAGTTTTTCGCAACAACGAAGCCTACGCCCGCTATTGGGAAGCGCGCACGCTCTGGGGCCAGGTCATGGCATCTCTGCGCTCGTTTTGTCGCTTGAGTCTTACCCTGTCGCGGCCTCAGGCCTCCGCTGTCGGCCCTCACTGCGACCAGAAAATTTCTCCGGCCCTCGAAGCCATGCGTCGCGAATGGGTCTACCGTAGCCTCGCTTTTTTAAACGCGCTACGCTCCTCGCTCCGTGGCGACTCGCCTTCCCACCTCGATTTCGACTCTCTGGCTCCCTTTCTCGAAACCGAAGAACTCGAAACCCTGCGGTCCCAGAAAAATGGTCCCTGCGCCATTTTGCACACTCAGGGCGAACGCCTTGCCGATGCATGGCGCGCCGATTTTCTGCATCCCATGCACCTCCACCTGTTGGACGAGCACCTCACCACTCTGACACAGGCCTACGGTGGGTGCGAGAAAATCGCCCGCACCCCCATCCCACCCGCCTACGGTTTTTTGTCGCGCCGCATCGTGTGGGGGTTCGTTCTTCTTCTCCCTCTGGCTCTCGTGAACGACCTGGGATGGAAAACCATATTTCTTGCTCCTCTGGTGTCGTTTCTCTTCGGTGCCTTGCAGCGTTTTGGCGAAGAAGTTCAACACCCTTTCGATCCTAAACACGATGGTTTGCCCCTCGACGCCATGACACGCCAACTCGAAATCGAACTGCGCCAGCGCCTGGGTGAAAGCGTTGAAGACCTCCCCACAGAACTCAAACCCCGGGACGAAGTGATGCTCTAACGGAAGGAGAGATTGGAGCGTCCCGTCGGTTCGCGTCTCTTAGTGCAACTGCAAAAGCCCCCTCAAGGGGTCGCGATAGGGGGAACCACCGCATTCTTTGCCACCATCCACTGCATCTCGGCGAAACGCGAAAAGGCTTCCGCTTCCGTAGTCGAAACGAAGGCGCGGTCGGGAATGATTAAAGCGCTACGCGCATCGAGAGCAAGAATCAGACGCGCATCCCAGCGCTCAACATGGCGAAAGGTGGACCAAAAAATGAGGCTCTCGCCACCTGCGTGGCGAAGTTGCGCCCCCGCCTCGCTCAGTTCCAGAGTAAAAGCCGCACCAAATCCTGCGCGTCGCAAGAACGAAAAATTGAACGCGTCAAAGAACCACCATGTTCGCGACAAGATGAGTCCTATCAAAGCTCCTATTGCACAAACCCATTTTTGACGCAGAAGCAGCAACGAGTTGTATCGCCACAACAGAAAAAGCAAAAACACGCTCAAAATCACCAGAAGGGCGGGCAAACCCCGCCTCAAAAACCAATAGGCTGGTCCCCACCGCAATTGGAGTCGGCGTTCGGAGAAAACACGGACATCATCGCGCGTGTTTTGAACGGAAACCTGCATAGTTGTAAGGCTCACAGCATGTCGCGAATCCGCTCGAAAATCAGCCGCACGTTCTGGGAATGAGCGCGCCAAGTTTCCTCGAATACAACGGGCGCTTCATCCGGCGGAAGTTGCGGAAAAACGGCGCGCGCCCAGATCTCGAAATCTTTGGAATCCCGCTTCAAACTCGACGGCACCCCTTCACGCGCAATCTGGAGCCGCAGTTCCGCGCGCCGGAACCAGTCGTAGGCCGTTCGCATCGCGTCGAACTCGATGCTGGCCAGCAAATGCCCCTCACGCGCCGCGTCCAATTGCGCGCGCGTGTTCGGCGTCTGCAATGCCCCTGTAGCGGCGCCGTTTTTCAGTGCCAGCCACTGCGCCGTCCATTCGATGTCCGAAAGTCCCCCCGGCCCCAGCTTCACATCGAACACCGCCCCTGAGGCCGACCCCTTGGCCGCTCGTTCGCGTTCGACCCGCTCCTTGATATGCCTCAACTCATCGCTCCAGTCGTCGTCCCACTGTTGCGGGTGCGCCGCCACGCGAATCGCTGTCATCGCCCGCGCTCCCAACGCGAAGTCGCCCGCCCCAATGCGGGCTCTAGTCAGCGCCTGTCGCTCCCAGGTCGCGAATCCCTGCATCGGTTTATCGAAATAGCGGCGCAATGCCGCTATTGTCACGGCGAGCGGCCCGCTCGCCCCGTGCGGGCGAAGGCGCGCATCCAGATTCCACCCCACGCCATCTTCCGTGCGCCCACCCAGAAACGCGATCAACTCTTCGGCAAACCGAACCGCAAGCGCACTCTGCGCGGGCGACGGTGAGAACGAGTCAAACACGAACATCACGTCCAAATCGCTCGCATAATGCATTTCCAGCCCGCCAAATTTGCCAAGCCCAATCACGGTGAACGCCAGCGAGTTTGATTCTGGCCGCAATCGCCCCTTGATCTCATCGACTGCCAGATCCAGACACGCCCCCGCCAGTAGCGCGATCTCCTGCGTAATTTCAGGCGAAGGCGCATTCAACACGAGGTCGCGAAGCCCAATACGCAGCAACTCGCGCCCACGCCACCTCCGCAAAGCCGCACCACGGTCCCGAAACGCCAGACAGTAATCCCGGCACGCCGCCCGCGCCTCTTCGCGGTTCCGAGGCCGTTCCAACAACGAACGGTTGGCGACGAAATCCAGCAACTGCGGGCTTCTCACCAGCGTGTCACTCAAAGTCTGCGAACCGCCCAGAATCGTCCAAATCGCGTCACTTAGCCGGGGCGAAGCATCGAGTGCCCGCAGCAACGACAGCCGGTTCCCGCTCGCCTCGCACAAATTCTCGAACCCCAGCAACGCACGCTCCGAATCGGCGGCGTGTTCTATGGCTTGCAACGCTCCCGGTAACACTGCCCGAATCTGCCGTGACAGTGGTGCGGGCAACGGGCGTGTTTGCGTCCCTCCCACCAGCCGTTCCAACCGCGCCACCTGTGTTTTGTCGCGCAGGTCGGGCGGCAGCAAATCGGCGAGTTCTTCGCTCGTCTCATCACCGCGAAACGTCCAGAACAACCGTTCGCACAACGCGCGAACTTGAGTCGTATGCCGCCCATGCTCCTCATCGAACCACCGGGTCGCGGCCTGCCCTCGCCAGAAACATCCTAAGCGCCGT
AP024152.1_gap60	2790534	2792624	2090	CGTGAGTTCGATCTCGGGACGCGAAGGCAGCACCGCCTATAACGCCACCGTCACCGTCCTGATTTCCAAGCCACTGCCCTATCCCGTCACCATTAACTATGTGACCCAGGATGGCACCGCGACAGCCGGCAGCGACTATGTGGCCACCACCGGCTCAATCGTCATCCCTGCCACCAAGACGTCCGCTCGTTTCTATGTCCGTATCCTCGGCGACACCACTCCCGAGAATAACGAACAATTCACCGTGACTGCCTCCAGCCCCTCGCTTTCGCCCGCCCCGTCAGTCGCCACCATCACCCTCCTCAACGACGACGGTACGCCCGCCAGCAGCCCCTCCCGCTCCAACGGCAACTCGTAATCTCACTTCGAGTCGAATAGCAAAAGGGCGCTCCTGAATTCAGGAGCGCCCTTTTGCTATGAGAGCCAACGCTTCTGAATTGGCGGTTTGTGCCTCATCGAGTTCTCCAGATGGGGCGTTTATGGCTCGGCTTCCTGGTGCTTCGCTCCGCCTTAAAACGAAGGGCGGGATGGTCATGTGAAGGCGACCAGGGGTTAGCTACAGCATCTTGTCAGGTCGATTTTTTGGAAATAAGCTGTCGAAGCACATGGCCTTTCCACATCCAGAGTCCCGTCAGGACAAGGACAGGGATGGAGACAAACCGGACGACGGGGGCGTAATTGGGAAGCTCTTCAAACGGGCTATAAACATAACCGATTATCGGAATGCTAAAGACGATGTGAATCCAGCGAAGAATCGAACGTTTGGCGGCATTACTCATCATTTAACCCCTTTCCATCGAGAATTTTCTGTATACATTTTTCAACCCTTGACTCCCGAGTCTTAGATTGTTTGGGTGCGGAAAAATAAAGGATGTAGGCCCTTTGTCGTCCCGGCGTCAATGCATCAAAAGCTGTCTTCAGAGCGGGGATCTCATCTAATTCGGTCTGAAATTCTTCGGGAATTATGAATTCTGCAGTCTTCTTAAAATTCACTTTCAAACCGGCTTTTTCCACTTCAATGGCTTCATCAATATAGGCTTTCAAAATGGGTTCCATCTCAACTATTTGTTGAACATTGGTGAACCGAATCACGCGCACCGACTGCGTATTCTCCGTTTGTTGGATTAAAATATTATTGGGATCATTTAACAACGCACCTTTGACGAAACTAAGCACACAACATTCTTTAAATCTACCGATAAAAACTATGTTACTGTTTTGAAACGTGTAACAGGGAACACGCCACTTCATTTCTTCGGTCAGTTGGCAGTCGAGAATGATCGTTCTCAATTTCTGCAATTCCTCCTGCCACTGTTTGGATTTTCTCAAATATCCATCAACACTAGGATTCATTCTGTTCATTAATTGATACTCCGAAATAAAACGCACTTAACGACTGCTTTCACCTGTCGGGTTGGCTGTAAGAACACCATGTCACGAAAGGCCTTCGTGTCGGCCCGATCCAGCGCTTTGTTCGATACCACTCCTAATTGCGGTTGGCCGCCAAGCTCGCGACACCTCAGAAAGCTGCCCGAGCATCTTCGCCCAGCCGAACTCGGCCCCCCGGAGCGCCTGCTCGCCTCGCGGCTGAGAGACGTCGAATCCCGAATGCTCGAAGAGGACGCGCGTTCCGTCGCCATCCGGTTCGAGCCGGAAGCTCACCCGTGTATTGACGACAGGACCACCAACCGACCACGAGAACACGAGCCGACTCGGAGGGTCGCACTCGATTACCTCGCAGCGCACGACCAATCCGTCGAAGGCCACCTTGGGGTTCGGCGGCACGCGGAACGTAAAATGATGGCCGACGCGCGGCTCGAAATCATTGGGATACATCCATTCGCCCAGCGTGGCGCTGTCGGTGATCGCCTGCCACACCTGTTCCTGCGGCTGCGGGATCAGAATCTCTCTACGAATCGTTTTAGTCATTCTTCGCTCTTTTTGGCTAGCTGCTTCTGAAGACGCTGAAGGTGATCGTCCCAGAACTGCTCGTAATGCGCCATCCAGTCCCGCACCGGGCCGAGTCGTTCCGGGACGAGGCGATAGCGGCGTTCGCGGCCATACCGCTGCTCGGCTACGAGACCGGCATC
AP024152.1_gap61	2817358	2819027	1669	CACCATCTTAAATGCGCTCACGATTAAAAACAGGGAGCGGACACCTGTGGGCGCCACCAGAGCCACACCCGCCCAGGGAATTCCCAACGCCGCTTGCGAAAGGGCAAAGGGAGCAAAACGCAAACGAAAGGTGCGGAGTCGCGCGTGTTCGGCACGGCGCTGTCCTCTCGCGAAATAGCGCCACTGCCGGCGCGGATGGGCGCCGCGCCCGAACCACTTCAAGAATTTAAACAGAGGTCGCATAGATGGTCGGGTCCTTGACGCCCGCCAGAGCGAACGCTTCGCGCCGTTCGACACAGGTGCCGCATTGTCCGCAGTGCGTTTCGCCTCCCTCATAGCAGCTCCATGTTCGCGCGAAGGGTACCTCTAATTCGTCGCCAATTCGCACGATAGCCGTCTTATCCACTTCTAAAAAGGGCGCCAGCAATCGCAGATTCGCGTCTCCAAACCCTTCATTCGCCTTTTTTTCCATGACGTCGAAGGCTTTGATAAAGGCGGGACGACAATCGGGATAGATGAAGTGGTCGCCGCCATGCACGCCCGTCGCCACAATCTGGGCAGCTTCGTTCACCGCGACGCCGTAAGCCAATGCCAGCAAAATCGCATTGCGATTGGGCACGACTGTAACCGACATGGTGGGCGCGGCGTAGTGACCGTGCGGCACTTCCACATCCGAACTCGTGAGCGCCGAATTGGAGATTAAATGCGAAAACCCGCTCAGGTCGACAATATCGAACCCGGCTTTGAGGCGCATCGCGCAGTCGCGGGCAAATTCGAGTTCTTTTTTGTGTTTTTGGCCGTAATCGAAGGCAAGCAGGTGCAATTCCGCGCCCTGATGCGCGAGCAAATGCGCCAGCGTCACCGAATCGAGACCGCCCGACACAATCGCCACCGCTTTTTGGCCGTTCAAATCGAGATTCATGGGCAAAGTTTGACCAACATCTCAAAGAGCGGTTCAGATTTCAAAAAAACGGCCCGCTCTGGTTTCAGAGTGGGCCGTTTAAATGGGTGGATGCTTATTTGATCTGGAAAGTCGTTACATCGCTGGCAGCGCCAACGTTGCTGATCTTGGTAGTTTTGAGCCACTTCACATGCCCATCAGCGAACATGTAGTTGGCCCCCTCCAGGTGCTTTTCGGCTCCGACGGCTTTGGTTGCGGCTGTTCCTGAGACCTGCGTATCCCAGTTCACCTGACAGATATTGGGGGAGTTGGTCGAGCCGGTATAAACCGCATTGTAGCCCGCAGTCGAAAGATTGCTGGAGCCAAGCCCATCCCCCGCATAAATCGTGTTGCTGACAAAAGAGAATGAAGCCTCGCTTTCTCCAAATACGTTGCCATTGAGCCAATAATCGGTGAAGGCGGGAGTATTCGCGCGGGCACTCAAACTGGCGCCAGGCGGTGGGGCCGTCGTGTCACTTGGGCACTGGAAGATTTGTTCGCTTTTGATGTAAGGCTGGAGATCAGCAGCCCAGGCATCGCCAAAGAAAGAGGAGTTGGATGGGGTATTCCGTTCGTCGTAGTCCTGGGTATATTGCTTCAGACCCAAAGCGATCTGTTTGAGATTGCTCTGGCAGGAAGCGCGGCGGGCATTTTCACGGGCGCGGGCAAACACCGGAAACAAAATGGCCGCCAGAATCGCGATGATCGCGATAACAACCAGAAGCTCTA
AP024152.1_gap62	2827283	2831906	4623	TACAAGAATGGCCGCCGATGGGCGGAAGACGCAGTCAAAACCACCAAAGCCGCCGCCAAAATCGCCCTGCGCCCCGACCGCACCGTTATCACCGCCGATGGACAGGATTTGTCCTTCATCACCGTCTCCATCAACGATGCCGATAATTTGCTGGTCCCACGCGCCCAAAACAGTCTGCGCTTTCAAATTTCCGGTCCCGCTGAAATTGTAGCTATCGACAACGGCGACGCGACCGACCTGACGAGTTTTTCATCGTCGCAACGCAAAGCCTACAATGGTTTAGCGCTGGTAATCGTGCGCTCCCAGAGCGGGCAAAAAGGCACGATTCGTCTGCGCGCCACATCGGAGGGGTTAATTAGCGCAGAGACCAACTTGACGAGTCGGTAAGGGCCATTGGCATGGGGCGGGTAGAGGGGTTACTGACCAACAACGACGGCGCTTACGGCGACGGCCTCTACGCCGCCTGGCAAGCCCTGCTCGATGCAGGCCACGATGTCTTCGTCTGCGTCCCCGACCGCCCCTGATCCGCCTGCTCTCACCAGGGACAGTAAGCTCCGCTTTTGCTCATCTCTAATTCTGACAAGGGCCTGAGTTTTACAAGCCTCTCAGGTTCTACTCGAAAATAAACTTCTCAAAGGTGCGAGCCGCCAGGCTGAGAGGACGGTTTTTGAGATGTAGGGAGGTCAGTGGCCGAGTGACCTTCAAATCAGAGATAGATAAAACGCGCAGTTTTCCCAATGCAATCTGGTCTGCGGCAGAGTGCAGTGAAACCATCGCCAACCCCAGGCCTGAAGCCACGGTTTGTTTAATGGCAGCGGTGCTATTAATTTCCAGGGTATGCTTCCACCGCAGATGGCGCCCCAACAACGCCTTTTCGACGACCTCGCGTGTGCCCGAACCCGGTTCTCGCACGACCCACACCGCATCATTCAAGTCGGCAGCAGTAATAGGCGCGCGAAGCGCAAGAGGATGCTGAGAGGCCGCCACGACGACCAACTCATCCTCACGCCATTTCCGCACCTCAATACGCTCGTGGTGAACCGGACCTTCCACCAAAACGACATCCAACTTGTAATCGAGCAGTAAAGCCACGATTGTTTCGGTGTTTTGAGACGTCAAGTGCAAGTTGAGATCGGGATAGTCCGCGATGAAGCGGGCCAGGATTGGTGGCAGATAATAATTGGCGATAGTAAGACTGGCTCCAATACGTAGCGTCCCCCCACTTAACCCCCGATAGGCTCGTAACTCCTCTTCGGCCACTCTTTCGGCAGCGAATATGGCCCCGGCGTGTTCTTGCAAGCGACTTCCCGCTTCCGTAAGTCGCACACCCCGCGCTCCCCGTTCCAGCAGTGGAAGGCCAACCTGTTTTTCTAACTCCTGGATGCCTTTGGAAACGGCGGGCTGACTGATATGCGCGACCTGAGCCGCCCGCGAGAAGCTGCCCTGTTCAGCTACCGTCATAAACAGGCGCAGCAGATGAAGATTTAAAGCCATAACTTCAGGTTAAGAAAAACTGAAGAAGATGTATTAGGATTTTAACTGCACTCGTTCTAAGCTTTCTTTCACACCAAGTCGCACAATCCTCTGGAGAACACCATGCCTACTGAAATTCAAATCCCAACCGCACAAGAATCGCTGACCAAAGCGCCAGTAAACGGAGAACAAGCTGCCAGCGAGCGGGTGGGCAAGCGCGCATTCGCACTAAAATACGCCGAGGACGGTCGTCCTGCCACGTTGTCTGCTCTGGGCGATGAACGAGCTACTCTCACGCGCAACGAGCGCATCAAAGTCGAAAAACCAGGACCACAAGTTTGGAAAGACATCGTGGAGAACTACGCCAAAAACGGCTTCGACTCGATTAGCGAAGATGATTTAGAGCGTTTCAAATGGGTGGGCGTTTACCAACAGCGGCCAAAAGACGGCTATTTCATGATGCGCCTCAAAATCGCGGGTGGTCATGTTCCCACGGCACAACTGCGCGTAGTCGCGCGCATAGCACGCCTTTATGCCGACAGCGTGGCCGACATCACCACCCGTCAGACCTTTCAGTTGCACTGGCTCACCATCGAAAACATGCCCGCCGTGATGGACGAACTGGAAACGGTTGGCCTGGGCGTCAAAGCAGGGCTCTTCGGTGCGTGCGGCGACATTACCCGCAACATCGTTTCCTCGCCTTTGACGAACATCGAAAGCGAGCAACTCATTGATCCAACCGAGTTTTTTCATGAAGCCAACCGCTTCTTCTCATCGGCTCCCGAATATGCCGATTTGCCGCGCAAATTCAAAATCGGCATCTTTGGCCATCGAGGGGGTGGACAATGCGAAATCAACGATCTCTCCTTCTACGGAGTGCAGCGAACTGATGGTCGTGTCGGTTATGGAGTAATGATCGGTGGCGGGCTTTCCACTGAGCCCCATCTGGCCCAAGATCTGGGAATTTTTGTTGAACCCACCGAAGCGATGCGGGTGATGGGCGCCATTATCAGCGTTTATCGCGACTGTGGCTACCGCAAGAACCGCAAGCACGCCCGCGTCAAGTATCTGGTCGCCGATTGGGGTGCCGCCAAGTACCGCGAAGTCGTGGAAGGTGTTTTGGAATATAGGCTCACCGATGCCGAAGCACAATCAGAGCGGGTAAGCGGCTACCAGGACCACTACGGCGTCCATCCGCAACTTAAGGAAGATCTGAGCTATATTGGTGTGCCCGTTATCGGCGGTCGCGTCACCAGCGACCAGTGGGATGCCGTAGCCGATTTAGCCGACCAGTACGGTAGCGGCGAAGTGCGATTGACGGTCATGCAATCGTTCTATATCCCCAATATTGCGAGGGAGAACACCGAGAACGTGGTAGTCAGATTGAAAGAAATTGGCTTGCCCGTCCATGTCTCGCCGATCTATTCCGGCATGGTGGCTTGCACCGGCATTCAATATTGCAACATAGCGGTAGCGGAAACCAAAAACCGCGCCAGAGAGGTCGTGACCTGGCTCGATGCCAATCTCAAATTTAACGAAGGCGAACATCTGCGAGTTAATCTCAATGGCTGCCCCAACTCCTGCGGTCAGCACTGGATTGCCGACATCGGCTTTCAGGGCTGCCAAAAGAAGGTCGATGGTGTACTCAAAGAACACTTCGATGTCTTTGTCGGCGGCCAACTCGGTAGCGACGCCCGCTTCAATCGCCGCATCAAACGCATTGATGCCGAAGAAGTGCCCCTAGCCGTCAAGACCTTGACCCAGACCTACCAACAACAGCGCCAGAACGGTGAAAGCTTCGCCGATTTCTGTGCCCGACTCAGTGACGACGAACTGGCGGACATCCTGTAACCAAACCTATTAAAGGAGTCACCCCTGTACCACTCATCATTAGGACTTACGCAGGTGAGAAGTATCTAATCGTTACAGTCAGAGTTGGTCGAGTTAGTGCCATGAAATAAGAGCGTCGTCATCCTGAGCCTGCGAAGGATCTATACCTCCACCTCGGACAAAGTCGCGTATTACCGAAATCACCTCAAGTGACTATGACTGCTTATAGGGGCTTAAATCCACGCTCTATGCGCCATTCACCCTCATGCTAATTCGCGACCCCCGCTTCACCGACCCCATGTACTCAGCGGACAAGTTCGTCGAGTTCGATCCCGCCGATGAGATGGCGCATGAGGAGCGACAGATTTCGCTCCTCATGCGCAGCAAGTTTTGGGCAACCTACATAACGCTGAAAAGCGACGCTCAATACTCATTATCGGAACCCGCCTTCGGAGAATCTGCCGCTTGCCGGAAATACGGGTAGTGGTCAAATGGGGTGAGAAGGTTTGTCATTCCGAAGGAGGAACGACTGAGGAATCTTGCATGAGTACCTTATCAAACACTCAAAGGGCCTTTTCACCCATTTGACTATTACCTGAGTGCGATTCTTTGAAGGAGGCATTCTTTATGATACTCACCCTATATAATGCAAATTCTACTCACCAACGACGACGGCGTTTACGGCGACGGCCTCTACGCCGCCTGGCAAGCCCTCCTCGATGCCGGACACGATGTATTCGTCTGTGTTCCCGACCGCCCTCGCTCCGCCTGTTCTCACCAGATAACCATGCACAAGCCCTTAAGGGTTAAAAAGGTCGAAACTCATGTCGGCATCGCCCACGCCAGCAACGGCACTCCCGCCGACTGTGTTCCTCTCGCCATTTTGCAACTGATGAAAACTCCGCCCGATCTCGTCGTGTCGGGCATCAACCTTGGCCCCAACCTCGGCGACGACGTGCATTATTCCGGCACTGTCGGCGGCGCGATGGAAGGCGTTCTCAACGGTTTCAAATCGGTGGCAATTTCCCTCGTGACCCACGAGAACCCGCTCTGGGACGGCGCCGCGCGCTTCCTGGCCGAGTTCGTCCCCAAAGCCGTCGCGCTCGACCTGCCCCGCGATACCTTTCTCAACGTCAACGTCCCCAACCTCCCCTACGAATCGCTGCGCGGCGCCCGCGCCACCTCGCAGGGTTCGCGGCGCTACAAGGGCGACATCACCCGCCATAGCGCCCCAGTCCAGGGCGAATACTTCTGGCGCGGCGGCGAAGTCGTGGACCGCGCCGAATCCGACGATGCCGATGTATTAGTCGTCAAAGACGG
AP024152.1_gap63	2871699	2873449	1750	TTGTCCCAGCGCACGGGAACTCCCATTTCCTTGCCGATCTCATTCCCGAAATCAATATCGAAACCCTCGAAATTGTCACCAGTTTTAAGTTCAAAAGGGGGATAAGTCGCATCCGTGCCGATAACGAGAACGCCTCGGTTACGGATGCTTTGCAGCGAACTCTCGGCATAAGCCGAATGCACGCCGAGCAACAAAAAGCTGAAAACCAACAACGCTGCGAGAAACCTCAAAAGTGACAGTCTTTTCTCCCAGGGCCAAACAATAGGATGCATGAAATTCTTACAGCGCAGGATACAACGCAACCCGGGGCGAAAACTCAATGGGAGTTTGTAGCGGTGGCGCATAAAAATAGAAATTCAGCAGGCAAAACTACCCTCCCGGGTCGGCCCCCTGCAACACACAATCTTGACAACCCGAGTCTAACCTGTTTAAACTGACATCGCTGAAATAGAGCAAGTCGTCTCTATTTCTCCCCTCCCATGAATATATGCCTCTCCTCGTCCCTGACCTGTGCCCGCGCCCTTCTCCATCGGCGCGGCATCGCCGTCCCCATTACTCCCTTCCCCGCCCGATTCGCCCCCCCGGTAGAGGGCGTCAAAAAATTGAATAGTCAATATTCAATCCTGGAAACGCCCCGTTTGAGCGTGAATACCCCACAAAACCACCGCGTTTTCACCCAAAAGTGCCCAAATAATCAATCTTTGAGGCCATTTTGCGCCCTTCATTCACGCATAAACCACGCGGGGGATTGATTGTTCCCGATTCAATCTCCGCCTGCCCCGTGAGCGGTCCCTCTCCCCTCTGCTGACTGGTAGAGCCCGTCTCCAGGCGAAGGGACACGTGGCGAAGACCGATGCCGCTTCCCCTCCTTGAAAAAGGCGGGGTTAGGAGTGGTTCCTCTTCCGGGAACACACTTCAGTAACACCGATCACATCGCACTACAGAACATGAATTACGCCAAAATAATTTCGAGACTTCTGGCTCCTTTCTGTGCAGACAAAAGCGAGCTACCTGTTGCGTGTGTCACCTCCACATTTTCGCCAGCCCCCACCTCGATTCCCACCAACAAAACGCGCCAATTCCCTTCTCCTTCAACCTCGAACTGAATCGAATTTCCATCACGTTTGGCGGTTGCAACCAGTGCAATTTTACCGCTCAAATCGTGGACTTTCGCTTGTGTTTCGCGTCCATCTTCCAGTTCATAAAGCTGAAAAGTCACGCCATTAGCGAAATCATAATCGGGGCGCGTTTCAACATTTCCAATTGCCAGCAACGAGTTGGGGCGCACCAACAGGGGAAGCGAAAAGTAATCATGCCGCTCACGCTTCCATGTCGGGCCGACAATCACTTCACCACTCAAATAGTTTGTCCAGCGACCAGCGGGCACATAGAAATCCACGAAACCATCTTCGGAGAAAACTGGGGCTACCAACAAATTGTCACCAAGCAAATACTGGCGGTCGAGCGTATCACAGGCGGGGTCGTCCGGGAATTCCAACATCATGGCGCGCATCACTGGAACGCCCTCATCATGTGCCTGGACTGCGGCGGTGAACAAAGAAGGCATCAACTGGCACTTGAGGTGTGTGAAATGACGGAGCACATCAACCGATTCTTCATCGAAGAGCCAGGGCACGCGATAGGACGTGCTGCCATGCAAACGCGAATGGGAGGAAAGCAAACCGAATGCAAGCCAGCGTTTATAAATGTCGGCTGGGGGCGTGCCCTCGAAACCACCGATGTCGTGACT
AP024152.1_gap64	2908708	2910114	1406	AAATACTGGCAATAGTCCCACTTCGTCACGGGCATAATGCCAGTCTGACACCTACTCTGCGTAAGTCCTAAGTAATTATTTTTAGACACAGATGAACACAGATAGACGCAGATGTTTTGAAGGAATAGGTATAGGAATAGGCTACATACTAGCGAGCCGAAAGCGTCAGCGGCGGGTACAAAAAACTGCTACTACCCGCCGCTGACGCTTTCGGCTCGCTAGTTCGTCGCTCTATTCATCTATCTGTGTAAATCTGCGTCTATCTGTGCCCATCTGTGTCTAAAAATTATCCATTTGAACTCCCTGCGTCTCCGCGTCTCTGCGGTGAATTTCCTTTCTCCTCTTCTAAAAATGTTCTCTGTGTCTCCGTGCCTCTGTGGTGAATTCAATTCATTTCCACAAACTCATCGGCGGTTAAAACCGAATAAGGCACCAAACTAGCGATTTTAAGGGCGTCATGCTACGACCAGAAAACACTCATCCCGGCGACAACGACGCCGTTTTGCGCGATGGCGACATCTTGGAAACCGCAGAAAATTCGCCTTTCGGCCAATTATCCGATTCGGCATCGAGCGAAGAGGACGCCGGACTCTTGCAAGCCGAACGCGATTTCGATTCGGATATTGACTCGGACTTCGACGAGGCCGATGCTCCGCGCGAAATCACCATGACCGATGCACTCAGCGAAGGCGACCGGCCCGAACTGCACCCCTCGGAATACTCCGACATGAACACTCCAGGCGAAATTGACCTCGAAGAATTGGACGACTTTACCATCGAAGAGGCCCTGCCCCCCGATGCACGCTTAGACCCGCTAGAGCCATAAAGAGAGTGCCATTTGCTCTACAAGAGCGACATTTTTACGGTCAGAGGCAGCGTGTCCGGTAGGACACTCGGCAAAGCCGGATGCCAGACATTTTATATGTCCAGTCTCACCCAGAAACAACCACAAAAGAGCGAACCACTAAGTTCGCTCTTTTGCTATTTTCAGGCAATCATGAATTCTATCGGCGGACTCTTCTGAAGACTATCTGCGCTCATCTGTAGTTATCTGTGTCCATCTGGGGGCAAAAAATTCCCCTGTGCGCTCGCCCTTTAAACTGCCGCATCATGCCTTTGCCCTTCTGGAATATCTACCGACACGGTTTTGTGCGCGTGGCCGTCGCGGTCCCTCATGTGCGCGTCGCGAACCCCAAATTCAATACTGAGCGCACGCTGGCGATGGCACAGCGCGCCGTCGAAGCGGGCGCCGCTCTGGTTTTATTCCCCGAGTTGGGTATTTCGGCCTATTCCTGCGAGGATTTGTTCGCCCAGGATGCGCTTCTCGACGCCGTCGAAGAACAGATCGCTGTCCTGTGCGAGCAAACGCGCGAACTCGACGCCGTGCTACTGGTCGGAGCGCCCGT
AP024152.1_gap65	2956020	2960645	4625	TGCTTTCGCTTTGAGCCATCGGCAATGAAACGAACAGCGCCGCTGCCCAAAGTCCAGCAGTCTTGCCTCCGGCGCGTTTTCCCAACGTTATCAGGGCCAGAGCGCCGAAAACGAGCATCACCCAATGAAACAGCTTGGCGAAGACGGCATCGCGCACTCCCAGCGCGAGAGCGTACAGCATCTCGGCAACAAAGGGAAAGTAAGAATGATGATCGAAAGGGAGTTGGGCTACCCTACCCGCACGCAACCATTGAGCGGGAACCGCCAGATGGTAAACCAGCGAGTCGTAATCGACTCCGCTGGGTGGCACCAGCGAGAGAATAAACGTCAAAGCCGCAATCGCCGCGACATAAAGGAGCAACGTCTTCTCAAGCGTCGAAGTCGCGCCCAGCGCTTTTCCTAGCCGCTTCGCGTTGGTGATTAAGTTGGAACGCTTCCAGACGAGACATCCCACCAAAACCACGATGGCGGCGGCCCAAAACGGCATCGCTTGCAAAAAGCCGAGCAGACCCGCGAGGTAGAACAGAGTCGCCCACACGCCCAAAAAGCCAGCGGGCGCAAAAAGCAGGGCGTGTTCGATGGGGCGACGAGAAGAAGTCACCGATAGACCGAATGCCAACAGCAACGCGAAAAAGCCGAGAAAGAGGGCGGCGTCGAAAAGGTAGAACATCGGCGCGAAAAACGAAAAGGGGCGCTTAAAGCGAAAGCAACGTCGCTGTAGCTCTAAAGACCAATGCCGCTGAGTCTCTAAAGAAAAATAGAAAAAGCGCGAACAGCACAATGAACCACGCGACCAGAAGGATTTCGATTGTACGCGAGGAGAGATTCATCTTATTTTTGCGAGGCTTCGGGTTTAGGAGCGCGCGGGTTCTCGAACATATCGAGCATCATATCCCAGTAACCCCGTGCCGAGAGCATCAAATCAATGATTTCGCGCACCGCACCGCGTCCACCACGAGCGCGCGTAATGTAATCGGCGCGCGACACGACAACCGGTTCGGCATCGGACACCGCGACTTTTAAACCGCACACCGTAAACGCCGCAAGGTCGGGCACATCGTCGCCGATGAAACAGCACGATTCGGGGCCGATGTTCAGTTGCTTTTGCAAATCGAGGAGGGCCGTGGCCTTATCGTCACAGGCAAGCAAACAAAAATCCAAACCGAGTTCGTCGAAACGGTGCTTGGCGACTTTCGAGGGGCGTCCAGAAACCCACGCGATTTTGATCCCCGCCCGCCGCGCGGCCACCAGACCAAAGCCATCGCGCACATAGAACGTTTGAATTAGCTCGCCGTTGGAATCGAAAGTCAGGCTCCCATCAGTTAAAACACCGTCCACATCGCACGCCAAAAGCTGAACTCCGGCCCATCGCGCGGGTGTCACTTCGGCCCGTTCGATGCGTGTCGAAAAAGAAGAAAGCGGCGAATGCATTGCCCTTATTTTATCAACGCCTCGTTAGTCCTTTCCAAAGCGGTTGAATACAGCACTAATTCGATTGCTGACGCCCCACTTCAGCGGGCAACGAACGGGCCATTAAACAAGCTAAAGCGCCCACCAAAAGCCAAATATCAATAAACGATAATCGCTTAAATTGCGCGTGTCCCGCATCGAAACGCGCTTTCAGTTCGGCTTCCTCGGGAGAAAGTGGAGCCGGTGTCGAAGGAGGAGATGAAGATGGCACCGACTGCGAGCGCACGTAGAGGGGTAATACGGCGGGTTGATCGCGTTCGACGGTGGGAAGCAGACCAAAATTGAGATAGGCTCCCAGGCTAACAGCAATAACCGTCAGCCCACCTTGCAATCGCCACCAGAGCGCCCGCGTAGTCAGGGTCAGGATACCATCAAGAAGCCAGCCCCCCACCAGGATGAACGAACACACGGTGCAAACGATGGCAAAGCGCGACAGCATCGGCCCCACCATTCTGGGTGCCATGTCAGCAACGCCCGCCTCGCGGGTCATGCGAAACATAATCGCCGCTGTGATCGCCCCGAAAAAGACGAGCCCCCCAATCCACAGTCCCAATCCCAGCGCGACGAGAGTGCGCGTCAATCCCAACAGAAATCGCATCAGTAGAAGTGAAAGAACGACGCGTTCAGCCCCAATAAAGCTCACATCGAATACGAAATGAAGCCCTTTCATGGAGCAAGGCAATACCGGCTAAACGACAAAACGCCGCGACTTCGGAAGTCGCGGCGTTTTGAGATTGTCGTTGGAACTTAGTTCGCGGACGGCGAGCGGAACGTCAAGGTGACGCTATCGCGGTAGATCCGCACGAAGTAAGCACCATAGGGTCGTAGCACCTGGCTACCGGCGGGAACTTCGATCAGTTGGCCTTTGGAGTTCATGGTGTACAACTTGTCGCTGATAACACCTGCTGCAGCAGCCTCGCTGACGCTCTGGTAGGTATCGCTACCCGATTGAACCATCGCGGTCGCGAAGGACACGCTGCCGAACTGAGCCGGGTTGAACGGGAAGCCAATGAAGTTGAGTCCATTGTTCGCGTTCGTCTGGCCAGTTTCGGAAACGAAATTCGGGTTGCGCGTGAGTACGAACGAGAACCCGGTGCCGTTATAGGCTTGTACTGCGGATGGAGTTTTCAGCGTCAAAGGTGTCGCTCCGGTTTGCAGGATATAGCCGATACCACGCTGGATTGAACCAGTGTTGGGCACCAATTGGAAGTCTTGTCCGATAAGACGCGAGTTCTTCTGGTTGGCGACATCAAAACGATAGATTTTGAAGTCGGAAACCGACGACTGGACGAAGAGCGAACGAACCGGAATGGTCGCTGTCGCCGCCGTGCCGATGGCATAAGGCGTCGAGAACGTGTAGGTGCTATTGGCCGCGAACGAGGTGGTAGTCGCGTTGCCGCCACCACCACCGGTTCCGGTTTCGTTGTCAGCGTTAGTACCTGTGAGTGCCGGGAACGGCTGTGACGTGTAGACCGGATCGGTCGTCGTCACACGTCCCGTGATGGTGAACGCTTTGTCACCATCAGCAATGGTGTCGTCCTGACCAATAACGTTCACCGTTTGCGGGTTCGCGTAGTTGGTCGGCGTGAAGGTCAGCGTCAGTGACGGCGTGGCTCCAGCCGTGGTGCGCGACAGGCGCGCTTCCGAAGCCGGATTCGCCGACAAGATGACCGACACGTTCGTCGTGGGCGCCTGACCCAACGAGACAGTGAACACGTCGTTCGTGCCGCTCTCGCTGGTGCGTAGCCCTGCAGCGGGTGCATTAACAACGAATGCGGAGTCATTGTTGAACACCGTCACCGTCACGTCAGCCACATCCAAACCATTGAAGTTCGGGTCGCCTGACGAAGCCGCCGAGGTAATGATACTCGCCGTGCGTTGCTGCGTGAATCCACCATCGGGCACACCGCGTACCGTGACGGTTTGAGCAACGTTGTAATTGCTCGGTGTGAAGGTCAGCGTGGTGGCGCTGTCAATCGTGACCGTGTTTGGATCGCTGCTCGCCAACGTGATGACCACGTTCGAGGTGGGCCGCGCGTTCAGGCGAATAGAGAAGGTTGAAGTCGTGTTCTCGTTAACCGTGAGGGTCGTTGGGAACACCGTAATACCATTGGCCTCGTTGTCGCGGTTGGTGTCCACCAAGTCGGGCGGATCAATGCTGCCATAGGCGGCATCGGCGGAACCAATCACTGTGGTCGTGATGAGCGCCTGTTGGTCACCATCGCGGAAGTCATCGTCTACACCAACCACTCGAATCGCGAGTGGTGTCTGATAGAAGGTAGTTGTTTTGCCGTTACCTGTTCCCGATGCGAGATAGGTAATGGTGAGGCTACTGAGTCCTGGACCAGTGGGATTGTTCGGATCAACGAAAAGAACTTCGTCAACACGAGTGGACTGGAAGGTGATGGACACGTTGCCGGTGGGTCTGGTACGCAATGAGGTGGTGAACACGTCCTGCTGACCATTCTCATCGGTGTTGAGGTTGGTCTTCGAGAACAGGAAGCCTTGATCATTACGTCCGTTACCCTGTTCGTTGTCGGTGTTAACCAACACGAATGGCAATTGGAGCGGAATGTTGTATTCCGGATCTTTCGATGTGCTGGTCGTCGCCGTAACAACGAACTGTTGGTCACCATCCGACACCTGATCGTCTTGGCCAATGACCTCGACAAAGTGCGGGTTGCGGTAGTATTCGGCACGAGCCGGACTTGTCGCGTAGATCACTTGGATGGTGTTCTGAGGACCAGCGCCCGAAGGATAGACCTTCTGACCATTAACCAACACATAATAGGTCAACCTACCTTCGTTCAGGTTGCTCGATGTGAACGCCACCACGACGTCAGCCTTCGGACGAGCATCGGTGTTGATCGGGTTCGTAACCGCGCGACTGTTCGGAGTGAACGGGTCAGGGTTCGGGAAGTCGAGGTTCGCCAGGTCAATCGCGAAGCTAGTACGGTTGTTAGGCGAATTTTGGTCCTCGGTTGTGCGAAGTGCCGTACCAGTGTCAGTGGCAAAGGTATGGATGTCGCGGCGCTCGAACTGAATCTCCTGGAATCCACCAACGGGGTACAATTCGCCATCGGCAGAAGCGGTGATTTCTGTACGCAGTGTCATCTGCACGCCCGAATTACCCACCGGCAAGGTCAAGCCAGTAT
AP024152.1_gap66	2982179	2987176	4997	TCGCGGGTGATGTTGGGCGAATAAATCATTTGCACCAACTCTTCTCCCTCGCGAATTTCCAAAAATTCCATTACTGCATGAGCCAGGGGAGTCGGATGAGCACGCCCATCAAGAGCGCGGCATGTCGCGCGCAAAGCCTCGACGCCGAGCCAGTAACCACCACCTTCATCACCGAGCACCGGTCCCCAACCATCGGCATAAACGCGGGCGCCAAATTCATCGGCCCCAAAGGTAATGGCCCCCGTTCCCCCCGACACCACGATACCGGTCGCCCCGGCAAAAGCCCCCGCATGAGCCGCCACCACGTCCGTTTCCAACGCAAAGGGAACGATGCACACCACGCCAAGCGCGTCGCGCATCCGCGCGGCATCGCTCTCGCGCCGCACACCCGCCAGCCCGAACCCCCACGAGCGCACGTTCTCGGCATTGAACGACGAATCATGGTCGCGGGCATTGGCGAGCGCATTCTGCGCGGCCAGAGCGCAGTTGCGCGCCGCCGTCGCGACGCCGACCGCGAAATGATTGGCTGCGCCCGCCTCGCCGCGCCCCAAGATTTCGTAGTCCGCGTTTACTACCACCGCACGTGTCTTGGAGCCGCCGCCGTCAATACCGAGAAAATAATCACTCATCGTTGGGAAGTTTGAAGTTTAAAGTGAGACACAGGCTTAAATTGAGTTGTTTTCTTCATTTCCCATAAATAGTGAATAAACAACCAAATGCACACGAGACGTATACGGGAGCAACGGCCCCCGCCTTCAGAGCCGTTTTGTAATCGCCTTCGCGCCACTTCCACCATCCCATCACCAGACTCCCAATCGCGACGATGGGAAGTAGCATGAACATCCAGAAAACAAACCAATTGCCCGATTTCTTCTCGCTTCCCGGCGCGTCAAACATCATTACCGAGGGTATCAGCAAGCCGACCGAACCTGGCAAAAGCAGGATGTTGAAAATGTTGAGCAACAGGGATGCAATTTTCATCGCATTATCAGAATGAAAGCGCCGCGAAAGATGTTCCTTCGCGGCGCAATGGCTCTATTAATTTTCTTTGCAATGAGCGCGTGAAACGCTCAACACAAGTCCAACACCCAAAAGGGCGCACCATAGTCCTGAGCCACCGTAGGTCAGAACAGGGAGCGGCATTCCAGTCACGGGCAACACACCGCTCACGACGCCAATGTTACCCAGTGCCTGTATCGCCCATAATGCTCCGACACCGGAGCAAAGCAATCTCTGGAAATCGGTGTGCGAACTATGGCCGATCTGGAAACAGAAGAAGACGATGGCACCGTACAGGCCAATGAGCAACGCCGAACCCCACAGACCGGTTTCCTCAGCGATGACCGCAAAGATAAAGTCGGTGTGCGGCGCTGGCAAGTGACCTTGCTTGTAAAGCGAAGCGCCCAATCCGACACCTTTGGCGCCGCCGCGCGTGATGGCGCGTTCGCCCTGTAACTGCTGGTAGTTCCCGCCTTGATCATCGTCGCCGCCCGCCAACTTCGCCGCGATGCGGTCTTGCTGGTAGGGCGCCAAGAATGGTACCGAGTGGGTCTTGCACATGCCAATCGTGACAGCACCCAACACCACTATGGGAACCAGGATTTTCTTGAAATGCGCTCCAGGAACTCCCGCGCAAAACGCGACTACGAAAGGAATGACGGCCAGCACCAACGCTGCCGAGAGGTGTGGCTGAATGAACGTCAACACGAAGGGGATGCCCGCGATAAGTGCCGCTCCCCCCCAGGGACGCATGGTGACTCGCGAGCGTCGCGCCGACCATTTCCAGTAGTCGGCCATGACGCCAATCAGAGCGATTTTGGCGAGTTCAGAAAACTGGAACGTAAGCGGCCCGATCTTCACCCAACGCTCGACGTTACCCATCGAAAAACCAAGAGGCGAGAATTTAGTGAGGAGAAGTCCAACCACCGCAGCACAGTACAACGCCCAGGCGAAGCCGCGCACCTTGCTGGTTTCGACGCGCGAAACAACCACCATCATCACGATGCCCAGCAGGACGTTCATGAGTTGGCGCGACAGGAAGAAGTTTGGGTCGCCGCCATGCTGGTCGAGGGCAATCGCCGTCGAAGCCGAGTAAACGAGCGGTACAGAGATAGCCGAAAGCAGCAAAGCCGCGACGAGCAGTCCCCAGTGACAGGGAGCACAAGGCACCTTGGGCACTGCAACCAGCTTTTTGAACTTTTTGTTTTCGGCGGGCGAGAGCGGCGCCGCTTCGGGTTCGGCCTGGGGCGCAGCGACGGGCGGCACGAGTTCGAGTTCAGGCTTGAAATCGTGATCCCCATGACGCGGCGAGACGCGGGTGCGGGTTTGGGCGTGGAGCGTGGTCTCGTGTGGGTGGGCGGCAACTTTGTGGCGCTCAAAACGAGACCGGGTGGCGACGGTGGACTCTTGTGGCTTCATTGTGTGGCGGCGACGAATGGTGTGAAGTGGTGAAGCGGAAACCTGGTTGAGAAGTTGCTTTTACAACATGCGGGCTAAACGTCGAAACGTCTCTCCGCGTTCTTCATAAGACGAAAATTGATCGAAACTCGCGCAAGCGGGACTCAAAACAATGGTTTCGCCAGAAGCGGCATTCATTTTCGCAAGTTGTAGGACTTCTGCCAATGTGTTTTCCCTAAAAATGTACAAATTTTCCACATTTTCCCTATGTGCGACATCTTCTAACATGGGTGCAGCTTCTCCAAACAAGTAAATCTTCGTGTTTGCATCTCGAACTGCACGCATCAGGTTCTCATAAGACTCGGCCTCAATTTTCGCTCGTCCCCCCAAAAGTAACGAAACAGGAGCCGAAAATGCCCTGAGAGCCGCAATAGAAGCATCGGGAATGGTGGACTGAGAATCATTGACGTAAGTCACACCATCCTGTTGTGCGACAACTTCTAAGCGATGAGGAAGAGTCTGGAAATTGCGAATGGCATCGGCGATTTTGTCTTGAAAATTCCAGATGCTTAACTTCTCGAATGAGTCGTTTGAATCTTCAATGGTAGCCAATGCTTCCTCAACAGCAAGGAGTGCGGCGGCCACATTAGAGAGATTGTGCGCGCCACGAATTGGAATATCCTCTACCTTCAAAAATGGTTGTTCAGAAGGAGCGCCAGTAAATTTCAGGAACTGTCCCTCTCGCTTGATCCAAGGATGACCGTTGCTTTTCGTACCTTCTTGTGCCGAGGAATCTAACTTGGAAGCAGAAGTCTGAAACTCAACGAACATCGCTTCAACACGAGGGTCATCCACATTGAAGATAGCCACATCTCCCTCACCTTGATTCGCGAAGAGCTTGAGCTTGGTTTCCCAATATTGCTCCAGGTCGGGGTGATAATCTTGATGGTCTTCGAGTAGGGAAAGCAACGCAGCGACACGGGGTTTGAAGGTGGGGGCTTTTTCGAGTTGGAAGCTGGAGACTTCGACGACAGCACACGAACTGGCTCCCAGTTCGGGCAAAATCGAAATGAGCGGTGTCCCGGTGTTCCCTGCTGAAATTGCATCAATGCCACAGGCACGCAGCATTTCGGTGATGAGCTTGACAGTCGTGGATTTGCCTTTGGTGCCTGTTACGCCAATCATCGGACAGGGGCAAAAGCGACTGGCCAGTTCAAGTTCACCAATGACTTCGCCACCAGAGGCTTCGACTCGTTCGATGACCGATTTGAGCGGCTCAAAATGGACTTTAAGACCGGGAGAAAGCACCACTAAATCGCACTTTTCGATGCCCACAAAATTGTGATCGCCCAATTGAAGTTCGACGCCCGCCGCTTCGAGTTCAAGAATCTGGGGACTAATAGCCTCACGAGCTTTAGAATCATAGCCAACAACTCTCGCGCCGCGTTCGATCAGAAAGCGGGCGGCAGGCATGCCCGCGCGGGCGAGTCCGATAACAGCAGCGCGTTTGTTTTCAAATTCGTTCATGCTTTTTGTGGTGCTACAAAGTAGATCGGAAGTAATGGAAGACGATTTTTATCTTCATCTGTCAATTTATGATAGAACTCGCGCCACAATGAGATAAGGCGTTCCAAATCAATCAGTTCTACGTGAACATTAGCTCCTCTAGCCGCTGATTTTGCGTCCGAGGTGAAACCACCTGATGAGATGAAGATGCCAACATCGCCGTCTTTCTGCAAGATACCCATAAGTTGTCGAATCTCAGGAACAGACGCAGTTGTGTTCAGACGGTGCTTGATCTGAATCTTAATGCGCGGCGCCAGCGTCCCCAAAGGGTCACGGTAGGCCACAATATCCATACCACCATCTTTGCCTTGCGGCGCAATGAATGGGGTATAGTACCCCATTCCCCTCAGGAGCGCGGCGGCTAAGTCTTGAAATTCGTATGGCCCTAACGCTTGGATGTGGCTTTTCAAACCATCTAGTGCTAAAGCCTCAATTTCGTCCAATCTCATTTCATCGGCGCGTGATTCAATTTCTCCCTCGCCATTTTCAACTTCCTGTGCGACCTCAACTTGATCGTTGTTCTTCGAGGCTTTCCATGTGCGATACCCTTCCGTTGCGGCTTTAAAAAACGCTTGTTCACCTTTAGAAAGAGCTTTATCTCCTTCAGGCGTCAAGACCCAAACACCTTTGCGTTTGAGTAAAAACCCAGCCTTTACTAAGTCGATGGAGTAAAACGACAACATAGAACGCCATCTAATCGCCCCCGACGAGTAGGTTTGCAGCGCCCATTCATCGAAATGGACTCGTTTAGCGATGCGTTCATAGACATCTGCTGCCGCCATTTCTCCTCCATTCTCTTTAAGGATGGACAAAGCTGCGAATGTTGTTTTCATTCCAATGGTACTGGAAGGTGAGAGTTTTTCTTTCATCAGCGCTTAATTAGATACGGAGGCAATATAATTCTGCTGGGTTTCGCATCCTATGACATATGCGTTTGCGCCTAATTTTCAGGGGAAGTGACGAAGAATGCCTATTTTCCAGAGGACGAGGCCAATAACGGTGGTGAGGGCATTGATGCCCCAGAAAGTGACCAC
AP024152.1_gap67	3046262	3049612	3350	GTTCAAACCGCGCGCGATTTCGTCGGCCCACTCGTCCAGATCGGGGTGGTCGGCGCCTTCGGCCACAACGACGAGGGCGTAATCGCGGCGCCTTTTCACTTCGCGTAGTTTCGCGAACATACCCTGCAAATCCGCCGGGTTGCGCTCGGGGATGAGGACATAATCGGCGTCAGCGGCAACCGCCGTGTACAGCGCCGTCCAACCCGCTTTGCGACCGAACACTTCCAGCACGATGACGCGATTGTGTGAATCGGCGGTGTCACGCAGTCGCTCGATGGCTTCAACGGCCAGTGTCACCGACGTATCGAAGCCGAAGCACTGGTCGGTGCCAAACACGTCGTTGTCCATCGTTTTCGGCACACCCACACAGGGCACCGGCTTTTCAATGCGCTCGCCCTTGGTCAAGCGTGAAGCTACCGAAAGCGTGTCGTCGCCACCGATAGCAACAAGCGCGTCCAGCCCCAACTTTTCGACGTTTTTCAGCAGATTTGGCAACTGCTCCGGGTTTTTCGGGTTGTAGGCGTTGGTGCGCGAGGTGTGCAGGAAGGTGCCTCCCTGCTTGATGATGGGACGCACATCATCTACGGTTAAAGAGCGCGACATCGGCTCGTCGCCTACGAGCGATTTCCAGCCGTTAAGCAAGCCGACGCACTCGATACCGTGATCGGTAGCGCGCGTCACGACACCCTTGATGGTTGGGTTGAGGCCGGGACAGTCGCCGCCTCCGGTAAGAATTCCGATTCGTTTGACAGACATAAGAGTTAATGGAACGGGGGAAAAGGTTAGCAAGAGGCGGAGTAGATGGGGAGTTTAGAACCACGAATCTGGCTATTCCTTCAATTTCAGACTGTGCTGGCACCATGCTTGCGAGTTAGAAAGGGGATGTGTCGGGGTTTACCTGACAATCCCCTGAGTTGAGTTCAATGTCTGCGTCCCAACACACAGTCCCCTTATTCGGAGAAAACATCGCCATTCTGACGGCGACTTCTCGCGATGCAGCGTTGGCACGCGATACCCTGAACACAGCCGGGTGGAGCGGACAAATCGTGGGCGCCCCCACCATGCTCCGCCCCGTGTTGAACGATGGCTGCGGCGCACTCCTACTGGCCGAAGAAGCCTGCACTCGCCCGGTGTTGGAAGAGTTGAGTTTGTTTCTGGAAGAACAGCCGGCGTGGAGCGACCTACCGATTTTATTCTTACTCCCCACGCCAAAACCCAGCACACCCCACAACGAAGGCAATGACGGTTTCGAGCGGTTGGCTAAGTGGATTCCACGCGGCAACATTTCGTTTCTGGAGCGCCCCCTACGCCGCTCGACTCTCATCGCCGCGATGGAATTCGCTTTGCGCGCCCGCGCCCGCCAATATGCCCAACGCGACCTAATCAGAGAAAAAGAGCGCGAGGTCATTCGCCGAGATGAGTTTCTGGCGATGTTGGGTCACGAACTGCGAAACCCCCTGGCCGCCATTCGCTACGCCGTCGAACTGCTCGACCTGTTGGACGAAGCCGATGAAACCCGTTCTCCTCGCGAGGTCATCGCGCGTCAAACCCGCACACTGGGCCGTCTGGTAGATGACCTGCTCGATGTGGCGCGCGTGACGCGCGGCAAAATCGCGCTCGACTTGCAACCTCTCAACCTCAACGAGATCGTGCAGAAGACCCTGGCGTCGCTTGAAGCGGCGCATAAGGGCGATGAACACCACATCGAATTTTCACCAGAATCCCATGCCGTCCACGTAACGGGCGACCCGGTGCGCCTTGAGCAAATATTTTCTAATCTGCTCTACAACGCCATCAAATACACCCCGCGTGGTGGGCACATCCAGATTAACCTGTGGGCCGAAAACGATACCGCAATCGCCACCATCGCAGACAATGGCATCGGTATGGATGCCCGTCTGTTGCCACGAGTCTTCGAGCTCTTTTCGCAATCGGAACAGGCCATCGACCGCGCTCGTGGCGGTCTGGGTATCGGCCTCACCCTGGTACACGGCCTAGTCGAACTTCACAGAGGCCAAATCACCGCTCATTCGCCGGGAGTGGGACAGGGCTCGAAATTTGAGGTGCGTTTACCTCTGATTCAGAAGAAAACGCCTTCGACGAACGCCCCCAGTAAAACCGACGCGATTCAACCGCGCCGCGTAGTCGTTATCGAAGACAACGATGACGCCCGCGAATTGGTTTGCCTTCTGCTCAAGCGCGACGGGCACCACGTCGAATGGGCCAGCGACGGGCACAGAGGTCTCAAACTGCTCACCCAATCCCCTCCCGACGTTGCGTTCGTAGACATCGGCCTCCCCGAAATGGATGGCTACGAGGTCGCGCAACACGTGCGCGAGGCTCTTGGCCCCGCCATTCGTCTGGTCGCCGTAACCGGTTACGGCCAGCCCGAAGACGCCGACCGCGCCATTCAATCGGGCTTCAATGCTCACCTGACTAAGCCCATTTCTCTCGCCGCCCTGCGCGGCGCTCTGGCTGACATCTCCAAATAACCTGAGAAGATGCCCGCGCCCCAAAAGGCTCAATCCGTCACGGCACTTTCCAACAATTCCACAACGCGCGCGCAATTCTTGGAGGTATCGCACATCCCTAGTGCCCGCTTGTAAACGTTGCGCCCCAATTGCTCCCGAAAATCGCTATCCAGTCCCAGCGAGGCCAAAGCCCGCCCCATCCCGGCGCAATCTCCCCAGGGGGCCATCACCCCACCGTTTTCCCCCACTAATTCAACCGCTCCGCCTCCATTCTCAAAACACAGAATCGGCACACTCTGCGCGGCGGCTTCAACAGCCACCAGCGGAAACGGATCTTCCCGCGACGCCAGAAGAAACCCATCCAACCCCGCGAAAAACTCTTTTGGCTCGCGCGTAGTTGGCAGAAAATGTACACGGTCCCCGATCCCATACCCCTGCACATCGCGCTCGATTCCGCGTGCAAAAACGTTGTCGCCGCCCCCCAGCCACACAAAGTGAAGCGGCGCAGGCGACTTGCGGGCGTTTGGCTCAACATTCAAGGCATAAAACGCGCTTTGCACCCACCAATCCGTCCCCTTACGCGGCTCGATGGTGCCGCAACCCCCAATCACAACCGCCTCCTCCGGTGCCCCGATACGCAGCCGCAACGCATGTCGCGCCGCCGTTCTATCGGTTTGCAATTTCTCGAAGTCAACCCACTCACGCACCACGACAACCGGCGCGAGCCCCTGATTCTTAACCAGTTCATCGTACACCGCTTTTGAGACGGCGATGAATAAATCCCCCCGCCGCTTCAAAAAGCTCCACCCCGGCTCGTTTTGCGACAGCGCGAACGCCATCTCGTGGACATGAACCACCAATTTCGTCCCTCTTCTCAAA
AP024152.1_gap68	3055120	3056250	1130	GTGACTGATGGTCAGCTTAATTTTGGGTTTGGTCACAAATTCACGGCAACGCGCAGCAGTCACCAGAGCATGGTTCTTCCCCTTTTGGTCAATAATATCGTTGAAGGGCAAACGAAGCACAATATGAGCTTCATCAAACTCGTTTTGCACCGTCTGAATCAATCGCTCAAATCCTTTGTCCGCGAAACCAAAACCAAAACTCCCAATTGTTACTATTGAAGGAGACGGCAACTCATTGTTATAGGTGGGAATGAGTCGGGGAGTTTTAAACGTAAGAGGATTATTTTCGATCAAAGTCGGGTCGGGGCAGAGATGAAAGTCAAACATCTCTGCTCTGGCATTATCCGCTTCTTCCTGAGTTACTTCATGCATGATTCCCAGTTGAGTGACGGGGCAACTTCGCGTCACTTTGGCTGTTAGCCAGGGCATGGTCGCCGGGTAATAGTTGTAGATAACGAAGCGAGGCCGACGCTCTAACAAAATTTCATTGAGGATTTTTGCGCTCGAACATTCACAGTAGCAAAAGTTATAGCGCGTTGACTTTCGCAGCGCCTGAAATACATTGACGCCATATTGCTGTATGCCGCACTGAGACTCAGAGTGCGAGACAAGAAGAATCCTGTCCGCAACACTGCGCGCCGCGAAATCCTCGCCAAGATCCAGCTTCGCCGCCGCAATCTCCTCATAGTCCAACCCTCTCTTTATCCCCAGGATGTCTTTGATTTTGTTCTTAGCGCTTTGAATTCCAACGGGCACAAAATACTCCTTGCATAACACAAACTGCTCTCAAAATTCTCTTTCCCTCAACGCGAGTAGCTCATTTTTCGCTCATGGCAGGCAACGCTGCTTTTTTATATCCAACCAGTTTTTTTGTCCCCTCTATCAGGCTCTGCGGCATGGTTTTTCTGATGGCTCGTGCGACCATTGTTTTAAATGTCGGCGATTTCTTTCGTAATTTTATGGAAGCAGATGTGGCGTTACTGTTTCCAACAGCCTCGAAGAGATGCGACTTTGTTAAAACCTCTTCAAATCGAAGAGTAAATTTTTCCGCCGACCATTCCTTCTGCAACTGCATAACTTCCGCTTGAGATACCTCGATGGATTCTTTTAAGCTGCGAAGCGGATAGGGC
AP024152.1_gap69	3094787	3096196	1409	GCAGGCCAAGGAGAACGGACAGAACGCGGCATTGCTCGACCAGGAACGACCCAACATCTTCTCGCAGCGCGTGGCCAACATTATGCCCGGCCAGAAGATTAGCGTGGAGATCTCCTTCACCCAGCCCATCGTGTACCGCGCGGGCCAATATGAATGGGAATTCCCCACCGTCGTCGGCCCCCGCTTCGTCACCCCAGCCACACCCGACGCGGACAAGGTCACGCCGCCCATCACCCCCAAGGGCACCAAAGCCGGACACGATTTGACGATGAGCGTTCACCTGCAAAGTGCTGTACCGCTGGGCGAGATTACCTCGGCACTACACCCCATCAACGTCAGCAAGCAGGGCGACAGCGAAGCACAGATTTCGCTCCAGGAAGGCAAGACTCTGCCCAACAAGGATTTCGTGTTGCGCTTTGCCCCGCGCGACAACAAGCTACAAACCGGGCTGTTGCTCCGCAGCGATGGCAAGGGTGGCGGCTGGTTCCAACTGGTGGTGCAACCACCGATGGATGCGCCTCCAGCGCAAATTGCGCCCAAGGAGATGGTGTTTGTCATCGACCAGACTGGCTCGCAGATGGGCGCCCCCATCGAAAAGGCCAAAGAGACGATGCGCTACTGCATCGGCAACCTCAATCCCGGCGACACCTTCCAACTGCTCGGTTTCAACACCGATGTCTATCCCTGCTTTCCTCAACCCGTCCAGGCCACAGCGGAAAACATCCAGAAGGCGCTCGATTACCTGAAACCCCTCGCGGGGGGAGGCGGCACCGACATCCTGAAAGCCGCCGACTATGCCCTGCAAATCCCCGATGACCCCAACCGCCCGCGCATCGTGTCGTTCATGACCGATGGCTATGTCGGCAACGAAGGCGACATTCTCCAATATGTGCGCGAGCACCGCAAGAGCGCGCGCATGTTTCCCTTCGGTGTGGGCAACTCGGTCAACCGCTATCTCATTGACGGCATGGCGCGCGAAGGGCGCGGCGTTCCCGAATATGCCTTGCTCAATGAAGATGGGCAGAAGCTGGCATCTCGATTCTACGACCGCGTCGCCAATCCCGTGCTGCTTGATGTGAAGGCCGACTGGCAGGGCTTGCCGGTCGCCGAGGTGTTTCCCAAGGTCGTGCCCGATGTCTTTGAGAGTGGACCGGTGGTGTTGACGGGGCGCTTCTCGCGACCTGTGGCGGGCGACCTCATCGTCAGCGGACGCGCGGCGGGCAAGCCGTGGAGTCAGCGGGTGAGAGTCGATTTTTCCAAGGCCGATTCCAAGGATGGCGAAGGTCTGCCCAGTGCCTGGGCGCGCCAGAAGATCGAAGACCTCTCCAACACCAGCCCGAACGAGCAGGTGTCGGGAGAAGGAGCCAAAGACGTCAAGGAGCAGATCACTCAAGTCGCTCTCGACTATC
AP024152.1_gap70	3103823	3108360	4537	TGATCGCGGAAAATGATGATGACCTGGCGCAGTTAGTCGCCCAGAATTTGCAAAAGGCGGGTTTTGCCACGTTCATCGCGAACGATGGCGCACAGGCGTTGCAAGACTTTACGAGCATCGCCCCCCATTTGTTGCTGTGCGACATATTGATGCCGTGTTTGACAGGACACGAATTGGTCGCGCGCGTGCGCGCTCAATCGGGTATTCCCATCCTGATGATGACCAATGACAATAATGACGAGGCCCAGATACGCGGTTTAAAAGACGGCGCGGATGACTATCTCGCGAAACCATTCAATCCCAGAGTGCTTACCGCGCGGGTCATCGCCAATCTCCGCCGTGTTTATCATTACCACCGAGCGATAGTTGCCCACGCCCCAGCCACTCCTGCCCCAGTTAGTCCCGCCATCGCTGCTTCCATAGAGCAGGCTCAATCTGCTTTACCCAAGGGTTTCCTGCGATGTGGGGAGTGCCCTTACATCGGGCCGTCATGGAAGTTCAACGCACTCGATAAAGAGAAAAGGCCAGTCATCCAATGCCCCAGTTGTGGCAACCGCTCCATCACTTTTAGCATTGGGTGAAAATGGACATCAATAAGATCAAAGGCCGCGACTGATACAGTCGCGGCCTTTGATCTTAGCTCTCTAGTCCCTTACCGAATCCCACCAGAAATTCGCGCCACTCGGGGCGCCTTACTGCTGAGACGAAGCGGGGAAAGGAGATGTAGGGGACGTAGCGCGGCTTGCGCGGGGGGTGCGGGAGTCTCAGGCCGCACTCTTGTGGGGTGCGGTTGCCCTTTTTGTTGTTGCACTTCAGGCACGAACACACGACGTTCTCCCAACTGGTTTCGCCGCCACGACACCGGGGGAAGACGTGATCGAGCGTTAGGTTCTCGCGCGAACCGCAGTACACGCAGGTGTAGCCGTCGCGGGCCAACACACTTTTGCGTGAAATCTTCAGTTCGGGAGTCGGGCGACGGACGCCCGAATGCAAGCGCAAAACCGACGGGATCAAATGCTCCTCTTCGGCGCTTCGCATCGTGTGCTCGCTGAAACGCAACACTTCGGCTTTGTCGAGCAAAAGCAGTGCGATGCCGCGATGCAACGAGCAGATGTTGAGCGGCTCGAAGTTGGCGTTTAACACCAACACGCCCGGCAATTGGGTGACGGGGGCTTCGATGATGGGCAAATTGCCGTCGTTCGAGCGCAGGTCGCGCCGACCACGCGTATTCAATGAGGCGTTCTTGTTACGCCTGCCAGCCTCCGGAGAAGGCGGGTGCTTCGACTTAGATGAGTGTGTGCGTGCCATGATGTGATGGACTCTCCTTTCTTTGAGATATATAAATTCGGCCAAAAGGCCAGTGAATTACTTTTCCAGTCCGAGCGCCTTGCGGCGCTCACGGTTCCATTTAGAGGCAACCGTTCCGGCATCATACAGTGAGGCGACGTAAACGACGAACCAGACTAAAATGCCCACTTTGAACAACAGCGAATTGACTCCACTCAGGTTGGAAATCGCCATCCCGAAATCGAGACGAGCTTTTCCGGTTTGACTCGACAGTTGCGTCCACAGCGGATAGAACCAGCACAACGTCGAAAGCAAGGCGGCGCCTACGAAGATGGCGCCTTTCTCGTTTTCTTCGTTGTAAAACTGGCCCGCTCCGGGCAAAAACACCGAAAGTGACACCGCTTTATGCGGCGAGCGCTCGAAAATTTTGCCTTTATCGCCCGTTTCTACGAGAAGGGGAGCGACCACTTTGTCAGCTTCCATCTCGGCGAGGTCGAGGCGACAAATCGCCGCTTTCTCTTCAAATGAGGTATTATGCGGATAGCGCGTGAACGCCTTCTCGAAGAGTTCGAGCGCCTTTTCGGTTTCGCCCTCTTCGAGATAGATGTCGCCAAGGACTTCTATCGCTTTTTCATCGCCGGGATTGGCGGTGAAAGCCTCTTTCAACTGCATTTTGGCCTGTTCGCGCTCGCCTTTTTGCAGGGCGCGGCGCGCGGCCAACACGAACGCACCCGCTCGTTCGGCGCGGCGTTGCGCTTCGTACTGTTCTTTCAAATCAATCTGGCGCTTGGTGGGCGCACTCTGGCTCTGGTTCATCATGTCTGGTTCACCCCCTTTCCTCTTCACACGTAACGGCAATGAAATACAAAAAAACCCGGCGCCGCACTGAAGGACGGTTGCTGGTTGCGCTCGTCACTTGCTTGCGGGCCGGGTTGAACTCGGTTGGAAGTCGTTCCTACTTGAGTGGAAGAAGGAAGACTGCCCCCTATGTCGAAACCCATGTCGCCCGCATGTGCGGATGCGTCGTTCTAAGCGTGAGTCGGCGTTTTTGAGCCAATGTGCCGCGCCGCTATCAATCTGATAAGCGGCCACGCCCAACGTCAGAGCGCTGGAGGCGCGCGGCGTTGTGGTCGGCAAGGCAAAAAACGGGTTCATCGTGGAGATAGAAACGAAGCGCCAAAATTTTTTCGGCACGTCGCATTATATCAAGAGGAATTTAGAGTTTCAAGAAAAATGAGGGAAATCCGCAGAGAAAATCTATCGGTTGCTCTGCGAACGGCATCCCTTTTATCATACCCAGCCGATTTCCCAGTGGTTTTGGACTCAAAAATACCTCTCCTAATCAATTTAAACTCCCTCTAATGCCCTCAATTGCCGAATTGCGTGCCCACGCCCTCGCTCGTTCGTTAGGCAGCAAAACCGATCTGATGGGGGCCATTCAATATCTCGGTTACGTGCAGGCCGACCCAATTCGCGCTCCGGCGCGGGCACAGGACCTCATCTTGATGCAGCGAGTGCGCGGCTACCGAGTAGGCAATCTGGAAAAGCACTATCCGAGCCTGGGTATCGAGGAAGATATGCTGCACAACTATGGTTTCGTGCCACGCGATGTGCAGCAGTTCGTTCATCCCCGTCACATCGAATCGCTGAGGATTGAACGCGAAATCCCCGACCTTTCCGAAAAAGTGCTTGAATTTGTACGGGAAAAGGGCAGCGTTCATCCGCGCGACCTCGATGACCATTTCGCCCACGGTCCAGTCGGCAACGCCTGGGGCGGCACTAGTAATGCCACAACACGAGTTCTCGATGGATTGCACTATCGCGGCAAGTTGCGCGTCGTGCGACGCGACAAGGGGATTCGGGTCTATGCCGTGGCCAGCCACCTCGCGTCGCAACCGGACCCCCTGAGCCGCGAAGAACAGGCACGTGGTCTGGTGCAACTGCTGCTCAAACAGTACGCTCCCCTACCCGTCCAGAGTCTGGGCAATCTCGTCTCCTTGCTCGGTTACGGCGCTCCCCATCTGAAAGCCGAAGTTCGGGCCGCCTTGAAAAACATTGAGGCCCAGAAAATTAAAGTTGGCTCTTTTACCTACCTGTGGCCAGAGGGAGAAACGTTCGCCGGGGAAATACCGCGCAAAGTCCGCTTATTGTCCCCATTCGATCCTCTGGTGTGGGACCGTCGCCGCTTTGAACATCTGCATGCCTGGGCCTACAAGTTCGAGGCTTATACGCCCGCGCCCAAACGACAATTCGGCTACTATGCGCTACCGCTGCTGTGGGGCGCTGAGGCCATTGGCTGGGCGAACCTGAAAGTCGAGAACGGGGAGTTAAAATCGGAAATTGGCTTCGTGAATGAGGCACCGAAATCAAAAGTATTCGCCCGCGAATTAGAAGCAGAATTAAACCGCTATCGAGTGTTTTTGGGCCTAACCCGTTGAAAGAAGTCACTCACTCATGTTACGTACTCGGCTGTGATAGGGGAGCGCGAGATTAGAGTTGGAGTGAGGGAGAAGCCTTTTAACCACAGATGTGTTGCAGGATGGGCAAAGGCACTGACGGAGAAGAAAAAGACAGCCAAGAATCTATTCCCTCGGGGGCATCCCCTTCTATTCCATCGGCGACCATCTGGGGTTATCTATGTCCATCTGTGATTAAAAGACTTCTCCCCCACTCCGATTCTCATGCGCCTGACGGCATTACCATAATCCACTGCGTAACATGAGTTGGCAAGTCTGGGGGAACTAATTTTTGCCACATAGACGTTCGCGCATGAATAACGAAAAGGGCGAACACATGGTTCGCCCTTGGATTATTGCGAAAACAAGCCGCGCTTGGCTGGCGCTTCTTCCACGACGACTTCGCTTGGCCAGGCGCTGATTTTGGCGTCGGCCCACAGGCGTTCTAAATCGTAGAACTCGCGGGTTTCTTCCGATTGGACGTGGAGCATGACGTCGCCGTAGTCGAGGACGACCCAGAAAGAATCGGCGTTGCCGTCGCTGCGGGCGCGGATACCATTGTCGCGTAGAACGTCCAGTACGTTGCGGGCGATGCTCTGGATGTGCGTGTTCGAGGTGCCGGTCGCGATGATGAAATAATCGGTCAAAATCGTCTGGTCGCGCACGTCGAGGATGGTGATGTCGAGGGCCTTGATTTCATCAGCGCTCTGACAGATGAGCGCGGCCTTTTTGCCCGCGATTTGTTTTTCCAGTGCCTTCACATCAATTGTGGGCTTGGGCAGAGCTTCGATACG
AP024152.1_gap71	3113168	3114519	1351	AACAGGTCAGTAATCAACTGGCTTGTGCCCGTTCGATTTCGCCTTTGACATGGCCATTCAGGGTGTATTGGCGCCCGTCGCGGAGCGCGATATTGGTGATTTTGTGACTGCCGCCCAGAAATAAACTGCGCGTCGTTTCGTCGAGATTTGCGATGTCATCCACGTCGAATTCAACGTCTTGCTCGGCGTTGTAGCGGGCATCGACAAACAATGGGAATTTTAAGCGCATGAAAAGCAGTGTGCCCCTCACCCAAATGTTTTCGTCAAGCTACAAACACCTCCAATAGGGCTTTCACTATCGGTTAATTGGAATGAGTGAGTTGGGCGATCAAGGCAGGTAAGAACTGGGAGGGGCTTCCACCATTAGTGGCTGTAAACATCTTGGCCGGAAGTGATGTGCGCGCGTTACTGTTCAGTACGGCAATGCCCCCTTCTCCGCACAATGCGCCCGCAACAAGAGCTAGAGCATCGAATTGTTCTGTGATGTTCCTCGTCCCCTCCCTGTAAACCATAATTACGGAGGCTTTGTGGTTGCGCGCTCTGTTCTTGTCATCATCACCATACGAGGCAAGGGCCAAGCATTCTTCGACGATGCTTTCGGGCATAGGAGAATTGAATGATATGACCTCAACCCGATGCACGCCCCACGTAAGCTGCCATGAATAGGAGCGCGACGCATCTGACTCATCACTGGAGCCCATGTGTGTCACGTCTGAAATAATGGCACTGGACAGCGTCGAATCGAAAGCGCGCACCACTTTTTGCAAATGCGCCACATCCTCCGAAAGCGTCGCCTGGAATAACACCTGAAGCAGAGCGACATCAACAGGTTCAGGGGTGGATTTATCGAGATTAGGCGCAGATACAGGCACCGTTTGTTGATCGAGTTCAGGGACAAATGCAGCGGATGACTTTTTAGGGTGTTTGCGGAAAGAATCGAAGATTCCCATAACGCCAGTTTGACTCGACAAGCACAAAAAAACCCGACTCGAACAGTTCGAGTCGGGTTTTGGTTTCGGTGTGTTTTACGCGAAGAAATCGGCGTTGGTCTGTGTGAAGTCTTTCCACTCCGAGGGCAGAGCCGAATCTTCGTAGATCGCCTCAACGGGGCATTCGGGCTCGCAAGCGCCGCACGAAATGCATTCGTTGGGGTTGATGTACATCTGTGGGCTGTCGTCGTCGCCGTGGATGCAATCCACAGGACAAACCTCAACACACGCTTTATCTTTAACGCCGATACACGGCTGGGCAATTACATAAGCCATTTTCTATTGTCTCCTTTAATGTGCGCCTTTCAGCGCAGCACTATAAAAGTTACTGCGGGTTTTAAGCCGCGTCCAAAACGTGGTTT
AP024152.1_gap72	3172529	3176298	3769	GGGCGACATTGACCAACTGTTTTGCTCGGTAGGAAATGCCTTTGATTCGACATCGCGCTTGTACTCTTGGAGGGCTTCCGTCCAAATCTGGCGTGTCTGGGCATAGGCACGCGCCATTTTTAGGCTTTTGGCCGATATACCGACCAGATCGTGCCAGACCAACACCTGACCATCGCAACCGTTTCCGGCGCCAATACCGATGGTTGGGACTTTGCGCGCTTCGGTGATTTTGCGCGCGGCTTCTTCGGTCATGGCTTCCAACACCATAGCGAAACAGCCTTCCATTTCGAGGCTACGGGCCGCGTTGACGAGTATTTGTGCGTCGCGATGAGTTTTGCCCTGCACTACAGCGCCCAGCGCCATTTGCGATTGCGGGGTGAACCCGATATGGCCCATAACCGGAATACCAGTGGCCTTAAGTGCCGCGAAAACCGAGCGTTCAGCGTATTCTACTCCCAAACCTTCCATTTTCACAGCGTGGGCGCCGAGTTGCATCAAGCGCGTCGCGTTTTCGACGGCTTTTTCGATGGTCGCGTAAGAACCGAAGGGCAAATCGGCGATTATGGGCACGTCGGGACGGGTAGAACTTTTTACACCGCGCACGACGGCTGCGACGTGGTGCGCCATCATATCCATCGTGACGGGCAGCGTCGAATCGAAGCCGAGGGCCGTGTTGCCGAGCGAATCACCGACTAAGATGGCGTCAATTCCGGCGTCACAGGCGATTTGCGCGCTGGGCGCATCGCTGAGGGCGACCATAGCCAGAGGAATTTGATCGTCTTTTTTGCGTTTGAAAACGGATAACGGAAACAACGACATAAGGCTCACCGAGGCGCGGCAGAGGCGACTCGCAGATTATTTCTTTTTCAGCCTTGAAACCAAACGGGACAACAAATTGGGAGTCGGAGCCGATTTCGTCATCGAGTGCGAGACCACCGTGGCACGCGGCACCGCTTGCGCGGTGGGCGTTCCTTTGCGCTCGTGGACGGCCCGTGTTTCGGGGGGCATCAGGCTCAACCAGCGACGACGCAATGTGACGTTCGCTGGCGCCAGCACCAATGCTTGTTCCCAGACGGCGAGTGCGCGGTCGGTTTGCCCCAACCGCAGATAGGCTTCGCCCATCAGTTCACGCGCCGGGATGTTGCGAAAATCGGTTTTTAAAATCCACTTGCACATTTCCAGTGCTTCGTTTGGTTTGTTTTGCTTGAACAACAGGTTGGACGCTTCGGCGAGGCGCGCGTGCCGCGATGCTGGCGACGCGGCAGAACGTTTGGACGACGCTTTGGGATTGGCGGGTGAGGCGGGTGTCGCCTTCGCGGGTGCGGGACGACCAGGACCAGGGGGGTGAGCGGGCGCGGGGCGCCCCGTTTTTGCCTTACTGGGATTGGGGGAAGGTGGCGCGGGTTTTGGTTTGGGGGTGCTACGTTGCTGGGCGAAACGCTGTGCGGCAAGGCGCTGCCGCTCGCGCTCGTCGAAGCGCCAGCGGGCATCGAAGCCCGCCCGCTTTTGCGGATCGCCGATGAGCGCCCAAGCCGCATTGATTTGCGTCATGCGAAGTGTCGCCGCGCTTTTATCGTGTGCGATGTCGGGGTGATTTTCACGCGCCAGACGACGATACGCCGACTTGAGTTCGTCGGCGTTACAATCGCGTGGCACACCTAAAATTGTGTACGGATCTGCCTCTGGGTTCATCTACTTCGCGTCGGGATTACTCAAATTATCGAGTTGCGCCCCGTAGTCTTGATAGCCGCTGATGAGTTGCGGCAACACAAGGAAGAACGCGACAAATAACAGCATCAGAATTCCAATGACTGGAACGGATTTTTTGATGGTTGTTTCAGCGTCGGATTCCAGAAAGTCGGCGGCTTTGTTCAAGGACATATCCAAATCGCCCGACTGTTCGCCGATTTGGAGCATTTGCAGCGCGAGGGGCGGAAAATGGTTGGTCGCCCTCAGTGCCTCAGTCAATTGCGCGCCGCGCTCGATTTTAGGAATTTGGGCGAGGGTATCGTGGGCGAGAGCGAGATTACCACAGGCTATTGCTGACAGACGCATAGCTTCGCCGGGTCCAACACCCGCCCCATACAACGCACCGTAGGCGCGGCACCATTTGGCCGTCGCTAACCCGCGCACCACTTTGCCAACAATGGGGACATACAGGCGAACCCGATCCCACACCGATTTGATGGGATTATCGCGGGGTATGAAAGGTTGCAGGATCACAAACGCATACCAGATGATAACCGCGAACCCCACCTTGAGGAAAACGGGCAACATGATATGCAGCCACGCACCGAAACCTTGCATGAACAAAGCCACCGCAGCGAGCGGGTTCAAGATGACTGAGGCAAAGGCGACGAGTTTTGGATACCACGTTTCGCGCTTGACCATCGTTTGCAACTCGTAGTCGCGCTCGGAGTAGTTAGCCAGTCGTTCAAAAGACTCGACTAAAAAGCCGCCTCGTTCTCCTGCCGCCGCAATACCCGCCGCGAGTGGTGAGAACAACCCCGGAAACGAGGGCATGAGGTCGCTGAGTTGCGCTCCGGTCATCACGCGCTCGCCCATTTGCAGAGAGGCCGAGCGCAAAGCGGAGGTGGGTGCCGCCGTTGCCATGCTTTTCAATCCGGCTCCCATACCTGTCCCCGCGTTCACCAGCGAGGCCATGTTGCGATACCAGAGAGCCATATCCCGGCTGTTCGCCCGCAGGAGAGGCTGGGTGGGAAGCATCGCGCCCGCGCTGGTGAAGGGGTTGGGCATCGACTGCGATGTGCCAGGAATGTAGCCCTCCAGGGCACGCGGCGCGGGCATCTCAGCAGCCACAGGCACAGGTTGAGGCTGCATCTGGGGGCGAGGTCGGGGGAGTGGAGCGGCAATGGGTTCGACGCGCGTGGGGTTCACGCCCTGCGAACGGATGCCGAGCAGGGCAGCGTTTTGGTCGCCCGCCTCGACAGTGCCGCGTTTGGCCTTGCCGAGTTGATCGAAGCCTTCATAACGAAAATGGGCCATTGCAATTTCTGTGTTTAGTTTCCGTGTTATTGGAGGTCATAGCTAAACTTGCGTTGCTTTTAAGGAGCTAAATTTCATGCTACCCAACATTCCCGGATTGCAAAAACAAATTCAAAAGATGCAGGAAGACATGGCGCGTGCCCAGACAGAACTGGAAAACGCCCGATTAGAAACCGCCAGTGGTGGCGGAATGGTCAAAATCGCGACCAACGGCAAAGGTGATATTCTGGATATTCAACTCGCGCCCGAAATTGTTGACCCCACCGACATCGAGATGTTGCAAGACCTCATCGTGTCGGCCATGCGCGAAGCCGCCGACAAAGCCGAGAAATATAAAACCGATAAAATGAATGCTGCCATGCCGCCAGGACTGATGGGTTCGCTTCCCAAAGGAATCTTCTAAAGGCGGAAGTAGGAAACCGGAACGCGGAAAAGAAGAATTGGGGACGCGAAATGACCTCGCATCTCGATTCATCCTTTTTCCGCGTTCCGGTTTCCTACTTCCGATTTCTACTGTGCTCTACCCTCGCCCGCTCGAAGCGCTGCTATACGAACTGGAAAAACTGCCCGGAGTCGGCCCGAAATCGGCGCAGCGGTTGGCGTTCGCGCTCCTTCGCCGCGACGCCCAACAAAACGACGATCTGGCCGGTGCTATCCGCGACGTCAAGGCCAAAATCCGCCCCTGTGAAAACTGCGGCAACTACACCGACGTTGAAATTTGCGACATCTGCGCCAGCCCGAAGCGTGAAAATGGTTTGCTCTG
AP024152.1_gap73	3185500	3189311	3811	GCGCTATACCAATCGCAATGGCATAGCTCACCATCGAAATTTTTTCTTTGGTACCCGATCCCAGAGCTTTTTTGAGTGTGGAGTTTTCGCCTTGCGCGCGGATTAGCAACATCGCCAGAACAAAGTAGGCTCCCCCCGAACAAAAGAGGACGACACCATACAGCGCGACGGGTTGGGGCTGAAAATGGTTCTCTCCCATCCACCCTGTCACGAACGGAATAAGCGATAGCCAGAACAACAGGTGCAGGTTAGCCCACAGCACAGGCCCGCGAACATGACGCACGACCTGGAACATATGATGGTGATTATTCCAGTAGATGCCTATGTAGATGAAGCTGAGGATATAGGACAGAAAAACTGGGAGAATGGGCCGAAGTGAGGCGAAGTCGGTTCCGTGCGGTACCTTCATTTCCAATACCATAATGGTGATGAGAATGGCGATAACACCATCGGAAAACGCTTCAAGACGAGACTTAGTCATAAAACGGTCGTATTGACGTTACTAGGTTTCACGAAAACGAGCCCTTTGATTCGCAGTTAATCTGGGAACAGAACAAGCTTCCATTTGAACGTCTAGCCCAAAGAATTCATCTTTTGCCACTTCTCCGAGATACCCTCTAAAATTAATAGCGTTCCAAAGCGCATAGGGTTTAGACCTAGTTAAAGATGTAGGGTTTGGCCCGCAAACCGCCCCAGAATGTTTTGTTCCAATGATGAGTTACGCCTGGGCACCCTCGCCCAATTTTTCGCGCGAATGGTTGATTGCTAATGGCATCGGCGGTTTCGCTTCAGGGACTGTCGCGGGAGCCGTCGCGCGGCGCTATCATGCCTTTTTATGCGCGGCCCCCAAGGGGCCTCAAGAACGTTTCGTTCTGGTCACGAAAATCGAAGAAACGCTGCAAGTCGGTGAGGAGACTTTCGACCTGGGCGCCAACTTTTGGTCCAATTCGATAGCGCCGCGTGGTGACGAAGCCATCGAACTCTTTTGTCTTGATCCGTTTCCGCGCTGGATTTTTCGCGTGCCAACTAAAAATGGCCCCCTCCGCATCGAAAAGCTATTGTGGATGCCCGACGAGCACAACGCCACCATCGCGCGCTACCGCGTACTGAGTGGTAGCAGTCTCAATGTTACTTTGCGGGTTCGGCCTTTTCTCGCCCCGCGCGACTACCACTCCACTCATCACGCCAACGGCAACTTCAACGCATACCCTCAAACCGAAGATGGCGCCGTCACTTTCAAACCTTACGATTCGTTGCCCTCGATTCGCTTCGACAGCGACGGTCTGTTCTGTAGTAAAGGCAACTGGTATTGCGGCTTCGACTGGCCGTTAGAGCGCGAACGGGGCCTGGATGCCAGCGAGGATGCTTATTCGCCCGGCGACTTTGCCATTGAACTGACCAGCGCCCCGGTTTTCTTCTCGGCAACGACGGAAAACGCTTGTCCAGACCGAGCATCGTTGGCGGATGCCCTGCAAAGGCGCCAAAGCCTCATTGAAGATGAAGACTGGCTCGATACGGAAAATCGTCTAAAACTGGCTGCCGACCAGTTCATCGTCAAGCGCACCGACGGTTTGCATACCGTGCTAGCGGGCTATCCCTGGTTCACCGACTGGGGCCGCGATACCATGATCGCGCTTCCCGGCTTGTGTTTGGATACCAAGCGATTCGATGTCGCCGCTTCCATTTTGAAAGCCTTCGCGCGCTCGATGGACAAGGGGCTCATTCCCAATCGCTTCCCCGAAGGCAACGAGACCCCCGATTATAACACGGTGGATGCGACGCTGTGGATGTTCCACGCGGTCGGGGCTTACGCCCGGACGTCGGGCGACTACGAAACGGTGCGCGCGCTTTATCCACAACTGGTGGAAAGCATCGAATGGCATCTGGCCGGGACGCGCTACAACATCAAAGCCGACGACGACGACGGTTTACTCAGCGCGGGCGACGAAAACACCCAGCTAACGTGGATGGACGCGAAGATAGGCGATACAGCGTTCACGCCGCGCTGGGGCAAAGCGGTCGAAATTCAGGCGCTGTGGTTCAACGCCCTACTGGAAACTGCCCATTTCGCGCGTGAGTTCGCTGACCCCAACACGGCTGGTATTTGTACCGAGTGGGCGCGCAAAGTCGCGGCGAATTTCAGCGATGCGTTCTGGAATGCCGATGAGGGCTGTTTATACGATTGCATCAATTCGCAAGGCGCCGACGGCAGCGTGCGACCGAATCAGGCGTTAGTGGTATCGCTTCCGCACCGCTTGCTTCCCGCCGCTCAAGACGCCAGTGTTATTGCTTGCGTTGCGGCAGACCTGGTGACGCCTCATGGCTTGCGTTCCCTGTCGCCGCGCGATTCGCGCTATCGTGGGCGTTACGAGGGCGACCAGTGGGCGCGCGATTCGGCTTATCATCAGGGCACGGTATGGGCGTGGCCTATTGGCTCTTTTCTCGAAGGCTATCTGCGCGTTAACGCGTCTTCTACTGCCTCGAAAACTCAGGTGCGCGCCTGGCTGCAGCCCCTTATCGCTCATCTCGATGAAGCAGGTGTCGGCTCGATTTCAGAAATCTTCGATGGCGACGCGCCCAACACGCCGCGCGGCTGTTTCGCACAGGCATGGAGCGTTTCGGAAGTGCTGCGCCTGTGGCGCCTGAGCAAATAAATTCGGTTTTGAATTTCTTGCCGCCACGTTCTTTTTGTAGGGAACAAGTGGGTGGGGGCTTTCTGTCAAAATTCCTGTAATGAAAGCGATTCTCTTATTTGGGATATTGGCCATTGTCCCGATGGTGGCGCGGGCCAACGATTCATCGTTTGAAGGCGTGGGTGGCTCAATGCGTCCAACGCGTGGCGAAAACACCGCAATTCGCATGGTACGCGAGACAGTCGTTCTCACAACGAATGCCGACGACTATTCGACGCGGGCCGATTTTGTTTTCTCCAATGAAACGGGGCGCGCTCAAAACGTCTCAATGGGCTTTCCCGAAGGCAATTTTGGCGATGTGTCATCGGATGGCCCGATGAAGACGAGCGGATTTCGCGGGTTTAAGACTCTGGTAGATGGACGCCCGTTCGTGGCCAAACGCACGATATTGCGCGAGATGGACTCAAGTGGGTTTGATACCTACTGGATCAAAACTGTCGCGTTTGCACCACACCAAACGCGCCACGTGCGTGTCGAGTTTCGCTCGCCCTACGGAGGCTCAAACGACTGGGGAATGACGAACTCGCTTTCATATTCCTTTACGGGGGCCAACTGGCGCGGCAACGTCGGAGAATCGGTGCTGGAGGTACGGGTGACTCAGCCCGGTCTGTGGCGCGCGGTGGGATTCGGGAGCAATAGAAAAATCTTGCCGTTTGCACTTTCCAGTGATAAAAATAGCGCGACCTTTCGCCGGGTGTGGAAGAACTGGAACGCACAGGACGACGTAACCTTTGGCCTGGAGCGCTCCACTCCGTTCTGGCGCAAAGACACGACGGGTTATGATAGCGGCGGTTTCACCATGAAGACGGTACTGGCCACGCAGACCGTGCGCGTTGGCCCCAAACCCAAAGAATTGGATGATTCGCAGGGCGTCCCCACCGAAGGGTTCACTTACAACAATACCTTTTATGTCGGCGTGAACTACTTGACCAGCAAACTCGATATGTGGGGCGATGAGCACACTCCCAAATTCGAGTCGAAACTGACCTTTGCTCAGGCGACGGGTTTCGATCTGCGCGCCGGAAAATTGCGAATCCAAGGGCGCGAAGGCGACTCGGTGCTGCGAATTAACGGCAAAGCCATCGCGACCGGAACCCCGGTTATTACTACCCGTAGCT
AP024152.1_gap74	3208491	3213012	4521	AATTCTATTTCGATGAATTCACCCCATCGGGATGTGCCTTATTCGACTACGATAACGATGGATATTTGGATGTGTTTCTGGTACAATCCGGCTCGTCATCGCCAGCGTCCACGGTTATTAATAGGCCCTTATGTGCTTTGTATCATAATCGGGGCGACGGCACATTTCAAGAGGTTACAACAGGTTCTGGATTGGATAAAGATCTAGGTTACGCTCAGGGCGTAGCTGTGGGCGACTATGACAACGATGGATTCGATGACCTGTTCATCACCTCCTATGGTGGCAACCATTTGTTTCGTAATATCAAGGGCAAAGGCAAATTCGAGGACGTCACACACATACAAGATGTGGATAAGGTGCATGGCAGCGGCTATGCCACAAGCGCGGCCTGGGGCGACTACGATAGAGACGGACTACTCGACCTTTATGTGTGCTATTATGCCAAATGGAGTCATGCCCTCAACAAGGACTGTCGCGATGATAAAACCGGCGAGATTGACTATTGCCGTCCTCAAATTTATTCTCCAGAAACGCACCAACTCTTTCACAACACCGGGCATGGTTTTGAGGATGTTAGCGACAAAAGTGGTATTAGCAAGGCGCGAGGACGAGGGTTGGCAGTAGCCTTCGTGGATTACAACGGCGACGGTAAGCAGGATATCTTCGTCGCTAATGACGTTACCCCCAATATGTTGTGGAAGAACAATGGAAATGGCACATTCTCGAACACAGCCCAGCAGAGCGGCTGCGCTTATGAAGGTCGGGGGCAGGATATGGCCAGTATGGGCATTGGCATCGCCGATTATGATCGGTCTGGTAGTCCCAGCCTGTACGTCTCCAATTTTTCTAATCGTCCCAATATTTTGTTTAAAAACACGAGCGGGATTTTTGAAGATGCGACAGCCGAGGCGAATTTATCACTTGTCCACCTCAAATTTCTCTCGTTTGGTTGCGAGTTCATCGACTATGATGCCGATGGGTGGTCGGACGTAGTTGTTAACAATGGTCACGTTCAAGCTCTGCAAAATAGGCGTGAGGCGGATGTTGGACGTCAGCAACGCAAGCAGCTTCTACATAATGAAGGGAGAGGAAGATTTCAGGAGGTAACGGATGTGGCTCAGTTGGGTAGTTTGTCTCAAGCAGTAATTGGACGCGGATTAGCGACGGGGGATTTTGACAACGATGGACGCGTAGATGTGCTGGCAATGAGTCAGAATGGGCCAGCACAGTTGTTGCACAATCAGACTGAGAGTAATGGTAACCATTTCGTTTCTTTGCGTCTCGAAGGCACAAAAAGTAATCGCGATGCCATCGGCACCCGCATTGAACTTGAAGCCGGGGGTGCCAAACAAACCGCTTGGGTACGCGGGGGATCGAGCTATCTCTCATCGAGCGATAGACGACTTTTCTTTGGCCTGGGAAAAGCTACTAAAATTGCACGCCTGGCAATCGTGTGGCCCAATGGACAACGAGAAAACGTGTCTAATATTATTCCTGATACATTTGTTACGATTATAGAAGGCAAAGGTCTATTTTCACAAAATACGCCCCACACCCTGCCAACACCTTAAGGCAATTCTTATCATGGAACTGGCTCTCCCCTATCTTTGCCTTGATTTTTATAGCCTGACGTCACAAATAATTTATGCCTCCTCTAAAAGCATCAGATCTTCTCTTGATATTACATTCCGATAGATATTTTCTTAATGATTTTCATGGCAACTGGTTTGCGAGTTTTAGCGACAAAATTGGTCTATCAGGGTGAAAGTGCGTTTGTTAAAACTCCCTATAGAAGTCCTGTAATTGAACTGGGTGTGACTTTCTCTTATGACACCACTCTCTCCCGCCGAGTCAGACGAAGAGCAATGGCAAGTGGCACGCATAGGAAACGAGTTGCCGCCACTCGGATTGGTCGCGGAGATGGCTACGATGGATGAGTCAGCGACGATCAAGTTGTCTACGGCTCAGTACCAGTCACTCTTTGAGTCGGCTCACGAGGGAATTTTGATTCTGGATGCCGTGACTCTGGACATTGCCGATGCGAACCCGGCGATGATGAATTTACTCGTGGCGGCGCGAGAAGAAATCTTGGGATATAAGCCCTGGGAAGTAGGTTTATTTGCCGATGAAAGTAGTGGGCGGGCGGCTCTAGGGCAGGTAAAGCAAACCCATCTTTTGCATTGTCAAGACATGCCGTTGCGCTTGAGCAATGGCGAGATTCGGGAAATCGAGTTGCATTGTAGTCTGGGGAGTCGGGGAGAGCATCAGCTAATCCAATGCACCATTCGCGATCTGACCGAAGGAAAAATTGCTGAACGCCAGTTGAAATTTCAAGCACATCTGCTTGATATGGTTGCGGAAGCAGTCATTGCCATTGACCTCGAAGCCAAAATTACCTACTGGAACCGTTTTGCCGAGCAGCTTTATGGCTGGCCCGCCGTGGAAGCGTTGGGACAAAGTCTTCCTTCCCTGCTCGTTCCCAGTGCCAAACGCGGGGACGCGACACAAATTCTAACTCAGGTGGGCATAAGTCAAGGCGAAATATCTACGAATGATCTGGTGATGCAACGACGTGATGGCAGTCGCTTTCACGTCGCAATGACCAATTCGCCGATTTACAATGAATCGGGTGAGTTATCAGGTTTTGTGAGTATCTCGAAGAATGTTTCCGAAGAAAAACTGGCGGAAATCAACTTGCGAGAGAGCGAGGAACGTTATCGTCTGCTGTTGGAAAGTGTGCAGGACTATGCCATTTACATGCTTGATTTGGAGGGACGAGTGGCGTCGTGGAATTCTGGGGCACAGCGACTTAAGGGGTATCGAGCAGACGAGATTATTGGTCAACATTTCTCCCGTTTTTATACGCCCGAGGATGCAGACGCCGGTAAGCCACAGAGAGGATTAGAAATAGCTGCTCGTCTTGGGCGCTCAGAACAAGAAGGTTGGCGCGTGTGCAAAAGCGGCGAGATTTTTTGGGCCAACATCGTTATTACTGCTGTTCGGGACGAAAAAGGCGAATTGCGTGGCTTTTCCAAAGTGACGCGCGATATCACGGAGCGCAAATTGGCTCAAGAAAAGCTTGAGCGTACCAATCGCGAAATTTTGACTATCTGGGAGAGCATGACCGATGCCCTTTTTGCTCTGGATCGGGACTGGCATATTACTCACGTTAACGAGCAGACCTGCCGTATCTGCCGCATGACGCGCGAAGAACTTATTGGTAAAGGCATGTGGGAAGTCTTCCCTGACGCCGCAAAACTTAAGTTTGGCAGCGAGTATGCGCGGGCAATCGAAGAGCAAGTTTCGGTGTCATTCGAGGAATTCTACAAGCCCCTTAATATATGGTTTGAAGTTCACGCGTATCCGTCGGAGATCGGACTCACGGTTTACTTTCGCGATGTTACCGAGCGAAAAAACTCGGAGCAAGCCATTCGCCAAAGCGAAGCTCGCTTTCAAAGCATTGTCTCGAACGCGCCAGGAATGGTGTATCAGTTCGTTTTGCAGCCGGATGGCACGGTAGATATTCCCTTCGTTAACGATGGAAGCCGACGCCTGTTCGAGATGACGCCAGATGAGGTGCGAAATACCGCGTCCTCCTTCGCCCAGATGATTTACCCTGAGGACCGCGCAGAATGGCAGGTCTCCATTGTTCAATCAGCGGCGGCTCTTTCGCCGTGGGACTGGGAGGGGCGCATCCAGCTTCCCACGGGCAAGGTGAAGTGGGTACAAGGGGCCGCGCGTCCGCGCCGCCTTCCCAACGGAGGAACGTTGTGGGATAGCTTGCTCACCGATATTACCGAACGCAAACAGGCCGAGGAAGAACGAGATCGTTTTTTCACTCTATCGTTGGATATGTTGTGTATCGTGGACGGGCGTGGTTTCTTTCGTCGTTTCAACCCCGCCTTTGAACAAACGCTCGGATTTTCTTATGTCGAATTAACCTCTCACTCGCTGCTTCACTTCGTTCATCCCGAAGATCTGGCTTCAACCCGCATAGCATTGCAAGACCTGTGGGTCAATGGCGCGACGCAACAATTCGTGAACCGCTTCCGGTGTCAGGATGGTTCCTATAAATGGCTCTCCTGGCGCTCGACTCCGTATGGAGGGCTAAATTATGCCGCTGCGCGCGACATCACCGCACTCAAGCAAGCCGAAGACGAATTGCAACGGGCCAATGCCGAACTGGAACACCGCGTCGCACAGCGCACGGGAGAACTCGCACACGCCAACGAAGAGTTGCACATAGAGATGAGAGAGCGGCAACGAGCAGTCGAAGCGCAGTTGGAGAGTTATTCGCTTTTGCACGCCGTTATCGAAGGCTCGACCGATTCGATATTCGTGAAAGACTTGGATGGGCGCTACTTGATGATTAACTCGGCAGGCGCCAGTTATCGTGGCGCCAAGATAGAAGACGTTATCGGGAAAACGGACGCCGATTTCTTTTTGCCCGCAACAGCTCAGAAGTTTGTGGATTCCGATAAGCGCATTTTGCGTTTGGGAACCACACAAACCTACGAACAA
AP024152.1_gap75	3215351	3218679	3328	ATGGATGGTATCGAGGTAGCCACTCGTCTACGAGACTGGATGGAAACCCCCATCATCGTGTTATCGGCCCGCGATCAGGAGGAATCGAAGGTGGCTGCCCTCGATGCAGGTGCCGATGATTACTTAACTAAACCTATTGGAGTGGCTGAATTACAAGCGCGCATTCGGGTTGCGCTACGACATTCGCGCCGCAAAAATACACCTGTCGAGGAGCCGATGTTTCAGGTTGATGGGTTACGTGTTGATCTCGCCAATCGCAAGGTGACGCTGAACGAGAACGAATTGCGCCTGACACCTATCGAATATAAGTTGCTTGCTTATCTGGTGCGAAGCTCCGGCAAAGTCATTCGTCATCGCGAACTACTGCAAGCCGTCTGGGGCGAGGAGTACAGCACCGAAACTAATTATTTGCGTATTTACATCAAGCACTTGCGCGATAAAATCGGGGACGATGCAGGCAATCCACGGTTTATTTTGAACGAGCCTGGCATCGGTTACCGGTTCTTGGGGGAATAAACGGAGCGTAGCCTTTTATGCACAGGCGTGTTTGCATGTAGAAGGGAGATCGTACTCGAAGTTGGGTTCAGCTTCGAGATGCAAGAATGCCTCAACAACAGCGGGGTCGAAATGGCGCCCGCTCTGGGCCTTGATTTCAGAAACGACCTCTCTGTGCGACCACGCCTTTTTATAAGGGCGTTCGTGAGAAAGCGCATCAAAAACATCGACGAGGGCGACGATGCGGCCTTCCAAAGGAATTTCTTCTCCCTTCAATCCCTGGGGATGGCCGGTGCCATCCCATTTTTCGTGGTGAGTGAGAGCTATAGATTCGGCCATTTTAATGACATGGCTATGACCGTTCTTAAGCAAATGTGCTCCCACTTTGGTGTGGGTTTGCATGATTTCAAACTCGGTGGGAGTCAGAGGCCCTGGCTTGAGTAAAATCTTGTCCGGGACGGCAATTTTGCCGATGTCATGAAGAGTGGCGGCACGACGCAGCAAAGACACTTGCCATTCGGACATTCCTATTTTGCGGGCTATATGTGCAGACAACCAACTGACACGATTGGTATGTTCGCCCGTCTCTTGATCGCGGTATTCCGCCGCATTAGCCAAACGTTCCAACATCTCGATCTGGGCTTCTTCCAGGAGGCGAGTCCGTTCGAGAACCAGTTTTTCCAGGAGTTGGTTTTTGGACTTTAGTTGCAAGTGCATCTGGCGTGAGTGCAGAAAGTTACGAGTCCGCAGCAAGACCTCGGATATCTTGAATGGCTTATTAATGAAATCCATCGCCCCCAGAGACAGCGCGCATTGTCTTGCCTGTGGGTTGGTATCGGCGGTGAGAATTAAGATGGGTACGTAGTCGCTGTGAGTCAAATCTTGCAATTGCTCCAATACACCGAACCCATCCAGATGAGGCATGTGCAAGTCGAGGAACACTAAATCGGGCTGCGACTGGTTATAGCGCTCTATAGCTTCCCTGGAGTCCTGAACACAAACGATATTCGTATATCCATCCCGTGACAAGATGTTATGGAGGAGTTGAATGTTAAAGTCTTGGTCTTCTACTATCAAAATAGTGCATTCTTGTAAGAATTTCATTGAATATCATCCGGCGGGTGACAATTGATTGGAGCAGTGAGCAACTTAGAACACTAAACTACACACGAAAGGTGCCATTTGCCTGGAAAGAGCCTCAAACCGTCTACTTAACCAACACCTGAAAAGACACCGTACCGCTATCTCCAGGAGCAAGAACCCCACTGAAAATCCACTTTATGCTTCCGGTGTCGCCCACAGGGGGCTGAGTTATGGTGCAACCACTCAAAGAAGAGGGGAGTGCCCCGTAAGTGGCAGCCACGAACGTGGTGTAATCGGGTGTGGCGTTTTGGATGCCCACGCCGGGAAGTGACAACGCACTGCTGTTGCGGTAAGTGATGGTGTAAGTAATGACTTCGCCCGCCTTGGCGAGGGTTTTATCGACGGTTTGAACCAACACGAGGGGAGAAGAGACAGTAATCGAATCAGTGTCGCTAGCGGTGTTGTTTGTCCCGTTCAGGTCGGTGACTCCCGGCGGTGGAGCAACAGTAAGCGTATTGACTAGATTGCCCGTTGCCGACAACGGGACTGTACCGGTCACGGTAATCTGGGCAGTTCCTCCGGGTGCGAGGTTGAGGCCCGTCCATGCTCCGGTGGTCGAGTTATAAACGCCTTCATCAGGGATGAAGGTTGAATTTTGCAGGGCAGGAGAAATTGTATCGGTGAGCGTCAGGGTGGACACAGTGCCGGGGCCATTGTTAGTCACGGTGACAAGGTAGGAGATGGTAGCGCCCTGAGCGATTGAAGTGGTGCCATCGGCGACGGCGACACCGAGATCGGCTAATAAAGTCACGGTATCGGTATCGGTCGCACTGTTGTTTGCCGAGTTAGAATCGGTGACGCCTGCCGGGGTTGAGACGGTGGCTGTAGTCGAGACCGTGCCAATTGCGAGAGGGGAAACGCGGGCGGTCAGGTTGAGAGTGACGCTGGCGCCCGATGCGAGGTTGAGGCCCGTCCAATTGCCAGTTGTAGAGTTGTATGTGCCGGAACTGGCTGTCCAGGTGGGATTTGATAAGGTGAGGGGCAAATTGTCAACGACGCGAAGACTGGTAACGGAGGTAGGGCCATTATTTTTGACGGTGATGGTGTAGGTTGTGTTGCTGCCTGCCGGTACGCTGGAGGTACCGTTGGTGTTGGTGATGGCTAAATCGGTGGTTGAGTTCGCTTGCGTCGAGCCGAGCAGATTGAGCGGAGGAATGGGGCCGAGACCATCGGCATCGACAATGGAAAGGTCAACGACGGGGAGGGTCAGACTGGTCACAGCAAAGGTGATGGTGGCCGTTTCACCCGCGTTGATCTGGCCTGCTGGCCTGCCGGGGCTGTTGATGAGACCACCAAGAACGTAGGGGCCAGCAACACCGATGTCGGCCAACGTGTTGCCGTTGAGTTTGGTGGTGCCCGCTCGGTACAGTGCCCCCACTGGGATGGCGTCGGTGAGGGTGGTGCCAGACGAGTTAATGGTGCCGGTGTTTTGGACCGTGAGGGTATAGGTAATTTGAGTTCCCAAATTGAGAATTGGAGGCAGGGAGACCGTTGCGATAGACATGCTCTGCTCCAAGCGCATCACGGGTGTGGTGACGGTATTGGTCGTGAACGAGGCGTTGACTTTGGGGGCACCAGCGGTGGGACGATAACGGTATGTCCATGATGCCTGATTGCTGTATTGGGCAGGGTCGGGACGCTGGGGAATGGCATCAACGACGCCAAGAACGGTGATAGTGCGCGAGGTGCC
AP024152.1_gap76	3239352	3244144	4792	CTCTCTGCGTTTGCACGATTGACATCAACGACTCGATAATCGTCAGGTCTTGAGCTTGTCTTTCAAACCCTTGGCCCAGGCATAACCGTCCAGATAGGGATCGGGCTTGACGGGCTGACCGGAGTTCCAAACTTCTTTGAACTGGCCACTGGGTTCGACAACGCCGATGCGAACCGTTTTGTAGACGTGCTGGGTGGGGCCGTCGATTTTAACCATGCCGCCGGGAGCCATGTAGGACACACCGTTGGATGCGGCGCGCACTTTGGCCACATCGAAAGATTTGGCTTTTTCGACCGCTGCTTTCCACAGGTACACGCCAAAGTAGGCGGCTTCCATCGGATCGTCGGTGTAGGGTGTTTTGGGATTGGCCTTGATGAAGTCGGCAACGAACTTTTTGTTTTGTGGCGTACTCGTCGTCTGGAAGTAATTCCACACCGCGTAGTGACCGGCCAGAACGTCGGGGCCAATGGCGGCGATTTCCGGTTCGGCGATGGATACCGACATAGTGGGGAAGTCTTTGGCAGTCATGCCAACGGCTTTCATCTGTTTGAAGAACTCGACGTTGGAGTCGCCGTTGAGCGAGTTGAAGATGATGTCGGGTTTGGCGGCTTTGATTTTGTCCACGATGGTCGCGTAGTCGCGGTGACCGAGTGGGGTGTATTCTTCGCCGACCGGATCGAGGCCGGCACCTTTCAACTGCGCCTTGATTTCGGCGTTGGCGGTGCGAGGAAACACGTAGTCGGAACCGATGAGGAAGAACTTTTTCTTGTTCATCGATTTCATCAACCATTCGACGGCGGGTGTGATTTGCTGGTTGGTCGTGGCGCCCGTGTAGAAGATGTTGGGCGAGGTTTCCATACCTTCGTACTGCACCGGATACCAGAGCAGACCCTGATATTTTTCAAAAACGGGCAACACGGTTTTGCGAGATACGCTGGTCCAGCAGCCAAAGACCGCAGCGGCTTTGTCCTGGGTGATCAGCTTTTCGGCTTTGGTTTTGAAGGTATCCCAGTCGGAGGCGCCGTCTTCGGTGATGGGTTTGATTTGCTTGCCCATGACGCCGCCTTTGGCGTTGATTTCGGTGATGGCCATCATCTCGGCGTCTTTGACCGAGGTTTCGGAAATCGCCATCGTGCCCGTAAGCGAATGCAAGATACCAACGGGAACTTCTTTGACGTCGGCTTTATCGTAAACCGATGCGTCGAGTTTGTCGCCGGAGGACGTGTCGGTCGAGGTGGTAGCTGTATTTGCGGCAGCATTGGTCGCGGTGTTTGCAGCGGTGTTGGCATCGCTGCCCCCGTTGCCGCAACCGCTTAGTCCAACCGCGAAGACGGAGCAGGAAAGGGCCAACATGGTTCCGATTGACCGGCGATTGGCGAGAAATTCGACCAACTTCCGTTCCGTCAGGAGAGGCGTTTTTTGATTCAGGTACATTGTGTATTCTTAAAGAACTCGCGCAAACGGCCTAACACCGCTTTAAGATGCGGCGACGGTGGCGGCGCGCAAACGCAACTGCCGAAATTCTAAAGTGCGACTGTTTCCCATACGTTTCACTAAGGTAAATTGCCTATGTGTTATCTGTTGCATGCAGAGATATGGCACAATCTTTGTTATGTTATAGCGGTTTTCTGAGGGGAAAATACCGCACTGCGGGCAAAGTCAATGCTTCCTGATATGTTTTAAAGAACGACGGGAATCTGTAGTTGGACTTTGGCCATCTTTAATCGTTACCGGATAAAGCTTTCGAGTGAAGCCTGTCTCTTTTTGCGAGATCAGCCGTGAAAAGCGATGTCCCTCAAACCCATTTTGAACATGAAGCACGCTTATTTTGCGTATTTCAGACTCAAACACGATGTAAAATAATTTACATTACAATAAGAGCGATTACATAGTAATATTTCGACGGGTGATTTAATAATCTATGCAAGCATTCCGTCTTAGTGATGGTACTTTCCCGGAAAGTGTTTCTCGAACTGTGACTGGTATATGGGGACCGACCGGTCAAATTATTCTTCCTCTGGACATTACTCTTTACCGGGTGGATGGACATTATCTTCCCGAACCTTCGGGAGCCTATGATAACGATCAGGTTCAAGGCAATTTGAGTATCATTGGCACAATCGACCCCGGTTACGATGATCCCGACGATATTAGCAATACACCAGGGGCTAGTATCAAACCGATAACTCGTCTTAATCCAGCCGGTGGTGTTGGAGGTTTGCCTGTGTTCAATCAGGGGTGGGCTCAGACTGATTTCGTGGAAGGCACGAAAGTAAGGGTTTGGACGAGCGAGCAATTTCCGCTCACAGGTTTCGTCGTAGGAACGGCCAAAACAGCCTTTTACCCTCCTCAAAAGCCTTGTTCTTTTAGCTCCCATCGCATCCGCATTGCGGGTGATATGCCACAAGATACAAAAAAATTGGGGGCGGCCATTACTGATGCCAACGATCCAACAGTGTTAGTGGGCATGGCGGTCAACTTTGAGCAATTTGCCAATTACTTTGAAGTGATTTGCTTCCCGGCCTACAGATTCTAAAACGCGATGAAATCTTTTCTTCCATTTCTTGCAGCATTGAGCCTTGTGGCGGGGGGGATTTCTGCCCACGCCCAGGAGTCCACTCCGGCGCCGCCAGAACCTGAAGCCAGTGGTTTGCACAGTTTTCCAGAGCCACAGGCGTTCACAGTCGCCCTTTCTCAGAGCGTCTTGAAATATGTGAAGGGCCATGCCAAAGCCGATTTAAATTTGAGTTGGGATTACCTGCCCGAAAGCCCCTCGTTGCGCCGCACACGGCTTCGTTCGCCGGTTTCCACGCAACTCTGGCACCTCGACTCTAAAGGTTTCAAGCGTGTTGGTAATACGCCGCCCCAACCTTCACCAGAAGGTGCATTGGGTCAATCCGACGATGACCTCGCTGCCCTTGCCATGAATCAGGGCAGCGATTGGGACAAAGACTTCAATGAATTATGGACGGGTAAAGATGGGGCACCACCAGCAAATAAAGTGATTGGCTCATCTATCGACAACTCTATTATTTCGAGTAGCGACTACTTTGGCTTATTGCGAGACCACCGACTTCTCTACAACTTAGTCCGTGGCAACAGTATCCGCTTCATCACCAAAGTCGGTCAGGAAGAGGCGATTATCGAGCCTCAAGACATCTCGTGGGCCATTAGCCAATTCAAATATGTGCGCCGTATTTCCAATGGCGGGGGCACAGGGTTTACTCCGGTGGTTTATTACCGCTACAGCATTCGTGCTGACGCCAAAACGCGCTCTTTTACAGTCCCAGTACCCGATGCCGACATTGAGGCCAAAAATGCAAAAATTGAAGTGCCTATCACGGTAGAAGCGGAATGGACAAATCCTGAAGGAGGCATCTCACTCGCTGACGAGCGGCTATTTTTTGTCGATCCGCCACCACTCAGCGTTCCGACTAACACTGCCATTGATAGTGGTAGTGAAGATCAGGAGGCTTTTAAAGAGCGGGCCAACTACTTCTCTGGCATCTTGCAATATGCGGCGGGCAGTTCGTTGGGCGAGGTTGTCTCACGCGGATTGTTTGGTGGCGGCACCAATACCAGTCTGTTTGCGGGGGCGATGATTTCTAAAAAAGATGTCTCACAGATGGCCGGAGTCAACTTCGAGCTAAATCCCAATGCCGACACTCGCGCAGGCGTGTTGTTGGGCTTCGACGTAAGTAATTCCAACACTCTTTTCTTAGGCCCCTCGATTTCGCATGGCCCCGTGCAACTGTCGGTAGGTGCCAGGGTGAGCAGTAAGGATAATGACAGTAACGGTAATGTGAGTACACGTCTAGCGGGCGCTCTGGCGGTCGATCTCTCACGTACGCTGGGCAAAAGGGAGAAAAAAGTGTCTCTCACTTTAGATTCCTCAAAAACCGGAGGCGATTGGGGACAAGCCAGCGACGAGCAATTCAAAAACCTGGAACTGGTGACGCTCACTTTCGATATTTCGGCTGTTCCCCCCGGCCTGTATAAAGTTCAATTGAAACGCGTCGAGGAATTTGATGCTAACTTTATGCGAGTAAAAGTTCCTGCGGAAAAACAAGACGCCTACACCATACCAGTTTCCCAACAGTTGGGACTTTCCAAGCGTATGTTCATGCCGCTTGGACTTTATGAAGTCGCGGTATCTCCTGCGGGCTTCAAATACGATGGCACGCAGAACCTTCGTGTCGCCAAGGGAGGGGGGGAGCCCTACGAAATCAAAATTATTGCTGCAACGCCTTAACCCCATAGGAATTGTCAAAACAGCACCAGGCGCCCTTTCAATACAAGGAGGGCGCCTGGTGCTGTTCTGGGCTTCAGGTTTTTGGAGGGTGTGGAATCTGGCCGTCCAGATTCCACGCGGGCTCAACTGTGTTGCCGAAGTGGACCATACGATGACACAAACATCAACACTAATGATGCCTACTCTCTTTTGCCGCTTTAGAGGTTGAGTATGGGAAACAAAAAAACGGACAACCGGGATGCTTTCGCACCCCGGTTGCCTCTCCCCCCTCAACAATACGTAGATGTCTAGGTTGGGCCAAATGGCTCCAACGGTGCCGAAGGCGGGAGAGCCTAGTGTAAAAAAATTTACTTCTGCCGTGGTTGAGAAATTTGCCAGCAAAATCCTCTGGAGAAAACGATGTTGTGGACTTGTGACAGAGTCGCAGGGTAAGACGCGTTATTAACGTTCATTGGTATTCCTTGCTCTGGCATTCAGTCCCCGACTAAAGCCGGGGTCTACACCTCAAAACGATGACAACGTGCGCCCGATTTCATCGGG
AP024152.1_gap77	3319911	3322321	2410	ATGGTGGAGTCATTCGTGTGGTGACACGTCAATTAGACGAGGATTTCGTTCAAATCCAAATTCAGGATTCGGGCGCGGGGATTCCCACCAAGGCACTCAAAGAAGTCTTCAATCCTTTCTACTCGACCAAAGTTTCAGGATCGGGACTGGGCCTGGCGGTCACTAAAAAAATTATTGCCGACCATGAGGGAATAATAGATGTAGAATCACAGGAGGGCGTGGGGACAACGTTTTTCTTTAACCTTCCGCTACGTCCGCATGGTAAAGATTCACCGACAGAAGAAAGCGCTGTGTAACCTTCCAATTAAAGGTATTATGGCGCGTGTATAGCACTTACAAGCTTTGCTTATGAGGAATCAAACTCTATGACAACTTCCACTGAAAACACAGGGTCTCAGCCCAAAAAACCGCTTCTTTTGATCGTGGAAGATGATGTAAATCAACGCGCCCTCTACGAAGAGGAAATGCGTGATGAAGGGTACGAAGTCGTGACAGCATCGGATGGTCGTCAAGCCATACAGGTAGCAGCCGACGCGCACCCCGATTTGGTTATTATGGATGTGAACATGCCTGTGATGGATGGCCTCGATACAATGTCGCGTCTCATCGAAGCTGACCGCCATGTCCCTGTCATTATCCACACGGCTTATGAATCGTACAAAGATTCGTTCGCTTCCTGGTCAGCCGACGCCTATGTCGTCAAATCCGGCGATTTATCCGGTCTCAAAGAAAAAGTGCGCGAATTACTTGATTCTCGCAGTACGGCCAGCGCTTAAAACAAGGACTTACCCTTAACACGACCCACTTAAACCAACTCAACTATGGAATCCACTACGCCTTCCGCGTCTGCCTCACCCGAAACCATCGCTACCGAAGAAGACGGCGGCGTTGCTTTCTCACCATCAACTAACGGAACATCCGAAAATGGAGCGGGGACCACCTCGCCAGTTGATCAGTACGCTCATCCCAACGCCGTCCACTTCGCGCCTACCATTTCCCGTGGTGCATTAGTGCGAGGACAACAAAATGCGCTACAAAACACGATGGTCATGTTGTTGGCAGGTGGTCAGGGCGAACGACTCTCACCACTGACGCGCGACCGTGCAAAGCCCAGCGTCCCCTTCGCCGGAATCTATCGCATTATTGATTTCGCGCTTTCCAACTGCATCAACTCCGGTTTGCGCCGCATCCTCGTGATGACGCAGTACAAATCGTTCTCGCTTCAACGCCATATTCAAACTGCGTGGGAACTGTTCAATCCAGTGATGGGCGAATATATCGACGTCATCCCGCCTCAACAGCGCAACGTTTCTCGCTGGTATCAAGGCACGGCGGACGCGATTTATCAGAACATCTACATGTTGGAGCAGGAGAAGCCAGCCTATGTAGTCATTCTTTCGGGCGACCACATCTACAAAATGGACTACTCCAAAATGTTGGAATTCCATCTGGAAAAGGGCGCCGACCTCACCATCTCCTGCACGCGCGTCCCACGCGCCGAGGCATTCCGTTTTGGCATCGCGCAAGCCGACGAAGATAACCGCATCGTTAAATTCGTCGAAAAGCCCAAAGATCCACCCGGAATTCCTGGCGACGAAGATTACTCCTACTCTTCGATGGGCGTTTATATCTTCTCGACTGAAAAACTGGTACGCCGCGTCATTCAGGATGTTAAGACCGAAACCGAACACGATTTCGGCAAGAACATCATCCCACGCATGGTGAAAGATGGCGACCGTGTTTTCGCCTACCCATTCGTCGATGAAAACAAATCGGCGGCTGTCCCCGAAGGCGAGGTGTACTGGCGTGACATCGGAACCATACAGTCGTACTACGACGCCAATATGGACCTGGTCAGCGTTAGCCCACAGTTCAACCTCTACGACGACAAGTGGCCGGTCCACCGCCGCTCGCAACCGGGGCCACCCGCCCGCGTCATCGCTCATGATCGCGGACGAACGCCCGTTGTTATTGACTCGCTGCTCTGCACCGGCACCATCGTATCGGGCGCGCGCGTCGAGCGATCTATCATCGGTCCACGCTCCTTCATCCACTCGTGGGCCAGCGTCGAAGACTCCATTTTGTTTGACGATGTCGAAATTGGAAGACACTGCAAAATTCGTCGTGCCATCATTGATAAGCACGTCAAAATTCCCGAAGGGACCGTTATTGGATACGACGAGGAAGAAGATCGCAAGCGCTTCACCGTATCGCCCGAAGGCATCGTGGTCGTGCCGAAATCGTTGGCTCTCAAATAGTCAACCGAGTACACAAATTTCCATGGGAGCAACGTCATTTTTCTCTGACGTTGCTCCTTTTTTTGTCCATTTTTGGCGCACTGTTTCACGTGAAACGTTAAAATATCTTGTGCCTGTTTCCGAGAAAATAAACCAAGACGCTTTTGGTGTTT
AP024152.1_gap78	3334320	3337415	3095	GAGAGTGGTCCTCCATGATGCTGGCGTTTTTCTTTGGGGTAGCTACTTTTTATACTCTCGGCACTAATAAACCTCCCATCTTCGCTATTACCGGGGTTTTGGGAATGCTGGCAGTTTTTATCTTCAAATTCTTCCAACGCCGCCATTATGATCGTATCGGCTGGTACGAGAAACATGAGACGGTCGCCCTATCACTACCTTTCATAATCCGCATGAGTCTGCATCCAATAATTCCAAACCGATCATTCATGCTAACCGGAGAAGAGAAAGTTGTCTTTGGTGATGAAACCATCAATTTAGGAGGCGTCTATACCGTCCACTACTCACAAATCCGCGAGGTACATACTAACTGCGAACGCCTTTGCCTGAAGGGGATAACTATTCATCTTGTCCATAACCCAGTTACTGAATCCATCAATGAACTGCCCATTCCTGATTACTGCAAGGGGGAGAGAACCCGAAAGATACTTGCTATTTTGAGAGTGAAGGCCCGCTATGCCACATTTACCGGTCCACAATGGGTTGAGGAAGGTTGGGTGCCCCGTTTGGGCTTTTCGTGTCCGTCATCGCCTCATGGCGGCGGTGGTCCCTGAGTAAAAACAAAGCCAGGGGAAATAATAATCGTTGCCTTGGGCAACGTATTTCTAGAACCAGCGTTGGTGATTGATTAGAAGAAAAAATGAGCATCTTTGGTCTCTTCCTCTCTGCACCCCGCGCCGAATGTATCCCTACATCGCCAGGGGATGCGCCGCTTCGGCTTGGATCTGCGCGTTTGTTGGCCACCTGTGGATTATCCATCCCCTTTGCTCTGCTGGTATTTGTATTCAACTTTCATCTCTTTTTTGAGGTCGTGGGGTGGCTGGGGATAGTTGCTGCTTTTGCTGTGCCATTTGTGCTGTGGCGGCGCTATGATCGTATCGGGTGGTATGAACGCCGCGAAGTCGTCACGCCCGAATTGCCTTATGAAATGCGCGAATTGGGTGAGCGCATCGTCTTTGGAGTTGAGTTGGTGACGTATTCTTTGTTTCTCAGACCTAAGCGCACCCTTTCCTACGCTCAGATTGTAAAGGTGCATATTGATTGCGAGGGCGATTGTCTGAAAGGAGTTATCCTGGGGCTAACTCACAATCATTACTGGAGCGTTAAGACCGCACCACAAATCATCTCAGACAGTGGCGATGGCGAGCGAACCCGAACCGTGTTGGCTATTCTCAGAGAGAAGGCCCCTCACGCCACGTTTAGTGGCCCCAAATGGGTCGAAGAGGGGTGGATGCCGCGTATGGGATTTACACATCCCAGTTCCGGTGCTGGTGGCGGAGGCCCTTGAATCAAGGACGCAACTTTCGCTCCAGCAGTAGCATCGCCATCACGGTTAATGCATCGTTAATTTGCCCACTGACCACCATCTCCACCACTTCCGCCAATGGCACGCGGCGAACATGCAGCTCTTCGGTTTCTTCGGGCGCCGCCTCGCTTTGCGTCAAACCTCTGGCAACGAACAAATAGCCGCGTTCATCAGTCACAGAGTTGGACAGGTGCAACTCGCCTCCTAATTGCTCGATAGAGGCCGCTACAAGGCCCGTTTCCTCGCGCAATTCGCGCAAGGCGGACTCACTGGGCGTCTCACCTTGCGGACAGCCTCCTTCGGGGATTTCCCACGAATACTCGTCCATCGTGTAGCGCCACTGCCCCACGAGCGTCACCGTCCCGTCGTCGTGTAACGGCACCACCCCAACGGCCTTATTCCGCATCGAAACCACACCGTAAATACCTTCACTGCCATTGGGCCGTATTACCTGATCTTCTCGAATCGAAATCCAGGGATTCTCATAAACCGCGCGCGTGCTTTTCGTCTGCCAGGGATTCGTCTGTTCCGTTTCGCTCATCTAGCAGTGAGTTTAGAAGCAATAGTTCGGGCGGCTTTCCATTGAGGTGCGCCAAAGCACGTCTTTTTCATATAGGAAATAGTGGCAAGGCAACTTATTTTGTAGTCTGCGATTTCACAGCACTTATAGAAGGAAGATCGCCTTCGACATCACTTTGAGCGAACCACCAGCCACCAATCGCCATGCATGCGAGCGAAGCAATTTGAAGTGTGCGAGTCCATGACATGCCGCCATATTGGGCGTTATGGGCGAATTTGCGGTGAAAATGCGAAAGCAACGGCCATACGATGGCTGTCATGGCGACCTGGCTAGCCGCGACTCCCATTGTCCATGCGAGAATGCAAGCGAATAAGGACGTTTCTGGCAACCCCCACGCCTGAAGAGGCACGGCACCCGAAAAGCCATGCAATAATCCACCTAACGTTGCCAGCACAATCAAAAGTGGTGCGCCCTCCGCGAAAGAAATTCCACGTTCGTCCTGGCGTGCTTGCCACCACGCCAGTGCTGCCACCGCGACAATCGAAATAATGGCTCCCAGAGCCGCCAGAAATGCGGAAAATGCAACCTGTCCCGTTAATACCAGCGAAAATGCGATACCATGAGCGAGCGTGAATCCCACGAGCGCCACAACCAGACGGCGCAGTGGCAAAACAGAAGCGGCTAGAAAGAGGACCACCAGAAATAACAGATGGTCAACCCCACTAAAGGGGTGCTGCGCTCCGCTCCACGCGAAATCTGTCAGATCGCCGCGCAGTGTTGGAATTGTTGAAGCAAGCGGAAATTCGACGTCTTTCACTCCTCGTACCACGTGCGAATCTCCACCCAGATAAACAATCGTAGCGGCTTTATCCAAATTGCCAAACAATGTCACAGAAACAGTAAGAGGTGTGCGCGCTAATTTCGCAGGTCGCTCGGCGCGGGCGAAAATCTCGAAATGCTCACTGTCTGGGTCCGAAGCGCTCCTCTTCCAAAAATGCACCGGGCCTGCCTTAACGGGCAACACCTGTTCGCCCTGCTCAAAAAACACATGAGACTCAATGTAGCGTGCCGCCAACCTCTGCAAAAGTGCAGAAGCGGTCGATTCCGTTGAAGTGTGACCACTCGCCCCTTCGCTTCTCGCCACTGCATCGCGCAAATCGAGCCCAGCCCCCACAATCCGCAGCGAAAGATAATCGCGCCGTGGCGCGATCTGAAGTTGCGCCGCCTCGG
AP024152.1_gap79	3364214	3364823	609	ATAATAAGCGGGCAGCGACTTGTCGAATGCCACTTTAACTGGCGAAACGGTGATCACCGGATGCATCAGCGATGCACTGGGCGCAACTTCGATAGCGCTTCCATCGGGAGTGCCGGGTTTGGGCAAAGCTGCGATGCGAGGCGCGGGTTTTGCCTCGGGCACAACCGTGTGCGTTGTTACTACGCCATCATTCGTCGTCTTCGGCTGGCTCAGTTGCGGCACCGTTGCTGGTGCTACTTCCGGTGCTACGGCAACAGTCGTCGCGTTATTTTTCGTGGGCGCCACCTTGTCGTTAATGTTGTTAACAACGTGAGTGTTGCGCTGGTACGGTTTGTGTAATACCGCTTTCGATGGTCCGGGATTGCGCCGGGGAGCGGCGGGTGTCGAAACAACTGGTGCCGGGGCTGTCGAAACTGTCGCTGGTGGAGCAACAGGCACAGCCTGAGCTTCCGGTATGGTGGTTGGAAGTGTGGTTTGAGTCGAACTGAGAACGGGTCTGACGTCCAGAGCAGAGGGCAGTGCCAGACGCGCAGTCTCGATATGCGTTGGCAGTGCGACGCTCAATTCGGGACTACGGGCCGGAGTCAGAGCGCTGGCCACTCCTGCTGA
AP024152.1_gap80	3437407	3439461	2054	CAGCGTCGCCATGCGATTTCCTGTAAAAGTGGGGGAGCCAACAAAAGCACCGCACAGAAGAGCGCCCCGCCATACAATTGGGTATTTTTCCCTCCTATTGCCAATCCTAAAAACGAAATGAAAAACAGAGGGAGAACCACGCGTTCGAGCCAGAACATGCGTTTTGGTTTCGGGCTGCTCCCCATTGCCACATCCGTAACGGCATTAAGATAGGCCGCGTTATCGGCGCGCGTCAGTGAGAACGAAACTTTCATGCGACATCACTATTGACTCATAACCCAACAGCCGCCGAAATGAAAATTCTGGCGGCTGTCTTAATATCTGAGTTGGTACGCCTCATACGGGCGAAACGCCCGATTTACGGCTCGATGGCATGAACACATCAGCGAAGGTCTGCGAGGCGAAGCGGTCGGTCATGCCCGCCACGAAATCACACACGCACCTCGCTAACTTGGCCTGATCGACTTCGCCCCACGAGTTCGACGGGCAAGGCGTCCCACTCATCTTGTCGGGGTTGTTCATGAAGTAGTCGAACAGATTGGAAACCACATGAGTCACTTTTGGTTCTTCATCCGCCGAGTTCGGCAAATACACCTGATCGAACATCCAGTTCTTCAACGCATCGGTCGCGTGCATCACGTCGTCGCGCATTGCGATACGGTCCAGTGCCTCGCGTCGCCCGTTCACCATTTCGCTCGATGCGTCGATGATAGCTGAAACCATCGTGGTAATGCGCGTCGCATGACGTCCACCTAAAACATCCAGATACTCGCGCGGCAAATCCTCGTTGGCAATCACTCCCGCGCGCACGGCGTCGTCAATATCGTGGTTAACATAAGCCACGCGGTCGCAGATGCGAATGATCTGGCCTTCGAGCGTCGCCGGTTTTCCGCGCTTTAGCCACAAATCCAGCGATTGCCCCGCGTGCAAATCGGCCTTGCCCTTCGAGTGATGCAAAATGCCGTCGCGCACCTCCCACGTCAAATTGAGTCCCTTGCCGTGATTCTCTAATTCGTCCACAATACGCAGCGAGTGTTCGTAGTGACGAAAACGGGCCGTCGGGTCGTAACGCCGGTACGCCTTGTCCAGTGCTTCCTCCCCGGCGTGACCATAAGGCGCGTGCCCCACGTCGTGTCCCATACCAATGGCCTCGACCAGATCTTCGTTCAACCGCAGCGCGCGAGCGACGGTGCGGGCGACCTGAGTCACTTCAAGGGTGTGGGTAAGACGAGTGCGATAATGGTCGAACTCCGGCGAGATGAAGACCTGGGTTTTGTGCTTCAGGCGCCGAAACGCCTTCGAGTGCAAAATCCGGTCACGGTCGCGCTGCCATTCCGTGCGAATCGGATCGAGCGGTTCAGGCCGTTCGCGCCCCTGCGACTGGCTGGAGCGCGCCGCCCGTTCGCACAAGGTTTCCTCCTCGCGTTGCTCAAGCCACAAACGCACATCGCTCAGGTGTTCGTAGGGCTGGGTTAGGGTTGCGTTTTGTTGCATTGGTTTTCAGGTGTCCCACATTGGCGAAGGCGCCGCCATGATGTTCATTTAAAGCGCATCAATCAAACTGAATGGACGATGTTTCTTCGAGTCGTACTGGCGGGCGCCTTGCTTGCCTTCTCCGCGTTTCCCGCGTTCGCATGGTTTCCCCAGGGACACTCCATAATTGCGCGTTCTGCCGCGAAAATCGTGCCCACCGATATGCCCGCGTGGTTCCGCAAAGGCGCCGATCAAATCGCGCACGACGCGCAAGATCCGGACATTCAAAAAAACAAGGCGCTCCCTTTGATGACCGAAATCGAGTATCCCCGCCACTACATTGATTTCGAGTTGCTCCAAAACAATCCTCTCCCCGTAAAACGCGCCGATTACTACGCCCTTTGCAAAAGTCTCAATCAAGACCCCGGCGATGTCGGCGAGCTACCCTATTCCCTCCGCGAGTACAGCGAGCGCCTCGCGATGGACTTCGCCGAAGCCCGCAAATATCCGAACAACCGCTACATCCGCACCAAAACCCTCGTGACGGCGGGCATCCTATCCCACTACTCGGGCGATTGCGT
AP024152.1_gap81	3443190	3445846	2656	CGCCTCCGCCAACCTACACAATTACTGGACAACTCTCAAAGATGACGCGCACCCCGACGCGCGTGGTGCCTCCACTCCCGCCGAGTTCGAGTCCCAAAGCGCTAAAATCGTCGCCGAACTTAAAGGTCTCGACGCCGATGCTGTCGCCCTTATGGAACTCGAAAACAATGGCGATGGCGCACCTGATGATGCCGTCGGCCTCTTGGAACCCGAAAACCATAGTGCCGGCGCCATTGATGACTTGGTCACACGCTTGAACAAGGCTTACGGCAAAACCGAATACGCCAAAGTTCCCGCCCCTGCGAACGGCTACGGCACCGATAAAATCCGCGTCGGCATGATCTACAAGCCCGCGCGCCTACAACTTGTCGGTCCCTCCCAAAGCTCCGCAGACGCCATCTTCGAGCGTTTTCCCCTCGCCCAGACTTTCAGCTTTGGGAAAACGACTTTCACCCTCGTCGCCAACCACTGGAAGTCGAAAGGCTCCGGCCCCGATACCGGCGATGTGGATACAGGCCAGGGCGCATGGAACAAAAAGCGCGTCCAACAGGCAGCGGCGACCTTGAAGTTCGTGCAAACCCTGGCACAACCCAATGTTCTCCTTCTGGGCGACTTCAACGCCTACACCGAAGAGGACCCGCTCAAAGCCCTGCGCGCCGCTGGAATGAAGCACCTGAACCTCCGCCTTCCCGCCGACGAGCGCTATTCGTTCGGCTTCGGCGGCAAATTCGGCTCACTCGATCACGCCCTCGCCTCCGATTCAATGGATAAGCTCGCCACTGGCTTTGCCGAGTGGCACATTAATTCCGACGAACCGGAATTTGAACTCGAACAATCGGTTGGCACCCCATTCCGCGCGTCCGACCACGACCCATTTCTCGTCGGTCTAAACCTCCCCACCGAATAACTTTTCGGCGCCTCTTTAACTTATGTTAACCCAACGGATAGTAGATAATGGCCGCTACATCCAGAGGAGTTTTGAATGTGATGGAGCCGTGTCCGTGAGGACACTTGGGGCGCAGCCCCGGTGGGGCGCAGCCCCGGATGCCGGATATTTTATATGTCCGGTGCAGACCACATCCTACTAAGGAACATGGCTTATCGGGGTAGGGAATACTCAGTCATCTCACGCCATGAAACTGGTCTATTCCCACCCCAACTTCCCCTATGTCGGCTTAATGCGTTCTCTGTTGGAAAACAACGGCATCCCGTCCTTTATCCGCAACGAATATCTATCAATGTTGCGCGGAGAAATTCCCCCGCTCGAAGCCTCGCCCGAACTTTGGGTGGCCGACGAAGATTTCGAGACGGCTCAAAGTATCATCACCCAATCTCGAACACACTCCACTCCCGAAAACGCATTGGCAAGCTGGACATGCCCCCGTTGTGGCGCCGAAAACGAAGCCAACATGGGCCTCTGCTGGAACTGCGACTACGAAATAGACGGCCCCAATAACCCATCGTAGAGACGTGCCTCGGCGCGTCTTTCCCGCTCGTCGGCGCATACCGAAGATTTTCGTGTCTGCGAATCTATTCTCTCCTAGTAGTCTGACTGGGTAGGAGCTTATGTCTTTTTTGGGGGCATCAGCGAAGAAAAATGAGCGTGGTATCGTCAAATCTATTGAATTTTCATGCCCCAAGATCCTACCCAGTCAGACTACTAGAAACAGTCTGAAAAGTGCAAATTGCCCTATTGGAGCGACGTTTTTACTGTACGAGGAAGCGTGTCCGGGAGAGCCTGTCCTTGAGCGAAGCAACACTTGGGGCGTAGCCCCGGATGCCAGTTCCCCTCCTTTTCAAGGAGGGGTTAGGGGTGGTTTTGATGTCCGAGTAAACCACTTTTCAGACTGTCTCTTAAAACACAAAAGCCCGCCACAAAATGTGGCGGGCTTTTTTCAGCATGAAGGTTAATTGTGAGCGTGCCCATTTTTATGAGCGTGCCCGTTAGTTTCATAGCCATTGGGGTTATAGCCCGGTAACGCCGTTGAAGGCGTGGCAGTAACCGCATCAGCGCGCGTGATGTTCGGCGTATACGCCGTCACATGGGGAGCCATCGGCGAGGGTAACATGGAGGTCTCGTTTCCATATTCCAGGCCGCGCCGCAAAACGCACGTCTCGACTTCCTGCAATCCAAACGCTTCCATCAAATAATCGCAAGTGAGAGCGGGATCGAATTCTTTGCAGGAAAACACGTCAATGGCGACTTCGCCGCGTTCAGGAAATGTATGAACGCTAATGTGCGACTCAGCGATCATGACGAAGCCAGAGATGCCCCAATCTTCGGGGGTAACACCGACGTAGCGCGTAACGATGGGCGGCATGATTTTCGTCATGTTGATGCGACCGGGGAGCGTGTCCAAAAGCTCGTACAGAGCGGGCAGGTCTTGCAATTTGTGCCAGTCGCCGCCGCGACCTTCAATGATGAGATGCATATTCTAAAGCCGTCTCCCGACGGTGTGGATGGGACGTTGTGGCCCCAGTCCGCTAACCAAGCCCGACGATGGAATCCAGTGGGAAGGACCCTTGCCCTACTTCCCTATTAGTCACTTGAAAAAGACTGGATTGTTGTGTACCGGGCTTACCTCCTGGCGGATGTGGAATCACTTCATGCGGCCCGCGACCTCGCGTGAAGCGTTGTGCTTTTCAGCGCCCCTTT
AP024152.1_gap82	3449537	3450760	1223	CGCCCTTAACCGTGCCGAATCCGCTTTCGCTTCTTCCCTTCACGAAGTCGGCGGCGCCTTCTGCGCGCGCGGCACCAGCGTCAAAGCCCTCCGCGACTGGCTCTGGGCCCACGCCGGAGCCACAAAATGAAGAAGGGCTCCGAAATATCCCATCCCCACTTCCTTTGTTTGTAACTTACAATGTTACACCCATATAGGGTATGGTCTTATGGAGGAGAAAATGTATCTCCCTTTAACCCCGCATGTTTTTAACCATCCTCGCGCCCCATTCATCCGTGTCTATCTGTGTCTCCCATCTGTGGATAAAATCGGTTTCATCGAAAAACTTCGATTAATCAATCAAGGAAGTCTTTAAAATAACACCGTCAACCACTCCGTCCTACAATCCCCTCGTTTCTCCCACAGAAAAACACATTGAAAAACATTGAAGAAACCCTCAAATAATTGATTAACCCCCGAAAATCAATCTTAAATTAACCCCCGTTATTTTACCCCTCCTCTGTAGTTAAAAATCCTCTTCTTTTGCGTCTTTGCGCCTTTGCGAGAAATTTCTGGACTCCGGCCTCTGGCTTCTGGACTCTAGCAAACCCATAGCGTCCCCTCTTCTTTGCGCGCGATTTACCAAAACAGCGTGGTGACAGGTCAAACTGGGGCACCGATGGCACCCGCCGCTTCCCACCCACTTGTTCCCGCTCGCCGGGCACCGCGCGGCTCCTTTTTCCGCTTGCACGCGCTCGACTTGGCTTACGCGCGCGAAATGATCGTGCCGATGTCCCTTGGCCTCATCGTTCTTGTTCTGGTCATGGCGGGCAACTTCGTCTACTGGGCGATCAACTCCATTGTCAATCAGGGCATGAGCGTGTTGCCCGTTCTTAAGTTGTTCATCCTCGCGGCGCCTGGTTTCGCTGTCCAGGGCATCCCTGCCGGAACGATTCTGGGAGTCTGCCTGGTACTCAACCGGGCCGTCCGCGACAACGAGATTCTGGCCCTGCGCGCGGGCGGTGCCTCGCTCCCACGCATCGTGGCGCCGTTCCTCTTTATGGCCCTCGTCACCTCCGGCGTCGATTACGTCATCGTCGAACACGTCGCCCCCATCACCAACGACCGTGCTGAAAAAACGCTCGCTCGCCTGATGAGCCAGAACTCTGCCCCCTTCATTGACTCCGACCGCTACTTTCGCGCGGGACCCTATTACTTCTACGTCGGGCGCGCCGAAAACGGTG
AP024152.1_gap83	3456846	3461566	4720	TTGTTGCCACGCGCGATTTTCGAGAGAGCCGCCATCGGCTCGCCCTGCGAACCAGTCATGATGACGCACACCTTGTCGTCGGGAAACTCGTCGATCTTCTCGACATCCACGACCGGAGCGGGCGGCTTTAAGTAGCCCAGTTCCGTGGCGACCTGGCAAATTTGCAGCATCGAGCGGCCCGTATAAGCCACGCGCCGCCCATATAGGTGAGCGATGTCGAGAACTTGCTGGACGCGATGCACGTTCGAGCCAAACGTCGCCACGAACACGCGCCCCGGTGCATCGGCGAAAATGCGTTCCAGCGCCGGACGCACGGTGGATTCCGACTCGCACGAACCAGCACGCGTCGAGTTGGTCGTATCCGACAGCAAGGCCAAAACGCCCTCTTCGCCGTAATGGGCGAAACGCGAAATCATCGGCGTCTTGCCGTCAACGGGGTTTTGATCCCATTTGAAGTCGCCCGATTGGACAACGGTGCCAAGCTCGGTCGTGATCGCGAGACCACAGGCATCGGGAATCGAGTGCGAAACCCGAATCCACTCCACGTTGAATGGCCCAATTTGCGCTGATTCGCCCGCTTGCACCACTTGGGTTTTGAGTTGTTTGGGGTCGATGGGAGCCTCGCGCAAGCGGATGCCCATGATGCCCAGCGTCAGCGGAGTACCATACACCTTCACGTCGGTGAACTCGGAGAGGAAGTAGCCCATCGCGCCAACGTGGTCCTCGTGACCATGCGTCAGGCACAGACCGACAATCTTTTTACGATTCTCCTTGAGATAGGTAAAGTCGGGGATGATGAGGTCAACGCCGGGATGCTCCTCGTCCGGGAACATAACGCCGCAATCGACGACCAAAATTTTGTCGTCGAACTCGTACAACATCATGTTTTTGCCGATTTCGGCTGCTCCGCCCAGCGGAATGATCTTGATTTTATCTTTCATAATTCTACTTTTCGTCCTCAGATGTGACAAAAAAGAGCCGCACGGACTACAGGCGCCGCGCGGCGGGAAAACAGGTTTTGTACTTTCCCAGACGCTCGAACCAGAAGTTGTTTCCGCGTAATTATGGCGACGTTGCCCGCCGTTAAAATTCGGCTGTTTGTTTCGTTTCTTCTGGCGTTTTCCAGTGCGGCATTGCCTCCGCTTCCTGCGTTTGAGAGGCTTCAGCGCATTCATCCAAAGGTATCTAAAACAGAGACAGTGTCCCCCCATCTTCCTCGTCTTTTGCGGAAGCAGGAGCTGCTTTGGGCTCTTCAATGGGCGTAATTTCGTTGTCCTCAATGTCGCGATTAAGGAAATCTTTCAAATTCGCTAGATCTTCCAGAAACTGCTGCATCGTCGTTGGGCTCCGCAGAGCTGCAGCAGGGTGCAAAATGGGGATGAATAAAATCCCGTCCTTGCGATACACCTTCGACCTCGCCTTCATAATCCCCAACTTCGGCGAAACCAACGTCTTGAGCGATGGGCCGCCCACTGGCACGATGAATTTCGGCTCGATGAGCGCGATTTGAGCGCTCAACCAGTCGTTACAGGCGACGATTTCATCTCCTAATGGGTCGCGATTTCCCGGTGGACGGCATTTGACAATGTTGGTAATAAAAATTTGCTCGCGCCGAATACCGATTTTGACCAATTCCTGGGTCAGCAACTTCCCGCTTCGCCCCACGAAAGGCCGCCCGGTTTGGTCTTCCTGTTCGCCTGGGCCTTCGCCCACAAACATAATTTGTGCTTGTGGATTGCCTTCGCCCGGAACCGCCAGCGTTCGCGTGTCGGCCAGACGACAAAGCGGGCATACGCGAATCTCATCGGCAAGGGCGGAAAGCAATTCGATTTTATCCATGTCTAATACGCTAAACGCCAGAGAAAACTCACCAAATCCCACAGCAAAATGCCAATCATTCCCAGCATCGGAAGACCTAAAATGCCAACCTCCAGCGCACCCTTCAGTTTGTCAAAGCGCGCGGGAATCAGGGCGATGGTAGTGAGCCCCAACGCCAGCCAAACTAACGGAATAAGAAAACCAATGCCTAGAGCCGCCGCGCGCCCCCAGCCATGAACCCGCAGCGGAAGTGCGATCACTGGCGTGTAGAACAACACGATGAAAACCGGCAACATGATGGGCGTGATGTGAGAAATCATGCCAAGAGCGCCGCGACGTTTCATCCGTATACACGCAACCTCGCTACTTATGAGCCGGAAGCGACGGGTACAGAGAATTGTTGTTACTCTACGCCTTCGCTTCCAGCCCGTTGACTAAAGTAGTCCCGCCGTTTCTAAAACTTTCTTTAACACTGGCAATTCCGCATCCTCACATTCGACGAGTGGTAAACGGAGAGGGCCGGTATAGAGTCCCTGCATTTTCATCGCGGCTTTGACTGGTGCGGGCGAAGGTGTGTTGGCGGGGAATATCGCCTCGATGACAGGCAACAAGCGCAGATGAAGTCGGCGAGCTTTGGCAATATCTCCGCTCCAGAACGCCTCCAACATCTCGCGAAATGGCTTACCCGCGATATGGGCGACCACCGAAATGCAGCCGCAACAACCCAAGGGCAGCATGGGGAGGGTCGCAGCATCGTCGCCCGAATAAATGGCAAAGTTTTCGTCGGTCAGCGCACGAATATGGGCGGTTTGAATCATATCTCCGCTCGCTTCCTTGGTGCCGACGATATTTTTCACGCTCGAAAGACGCGCTTGAGTCACAGCACCCATGTTACGCCCGGTTCGTCCCGGCACGTTGTACAACAAGCAGGGCAAATCGACGGCGCCCGCAATCGCCGAAAAATGGCGAAACAGACCTTCTTGCGAAGGCTTGTTGTAATAGGGCACAACCATCAAAATCGCATCTACTCCGGTTTGTGCGGCTTGCTTGGTGAACTCGACCGAAAATGCTGTCTCGTTGTCGCCCGTGTTGGCCACGATAGGGGCATTCCCCGCGACCTTTTTGATACGCCTGAACAGTTCGAGCTTTTCTTCGGGAGTGAGTGTTGGGCTTTCGCCCGTCGTACCCGAAACAATCAGGCCCGAAGAGCCATTCTCCAGAAGATGAGTGGCGACCTGCTCGGCTTTTTCGTAATCAACGGAAAAGTCGGGGTGAAACGGTGTCACCATCGCGGTCAAAAGCGGGCCAAAGGGCGCATACGGAGCGTTCGACATGAATAATTTAAGGTTAACCAACGCGGCTGAGGAACCTGTCGGCGTCAGGGCGAAGACTCACTCTGAACAATGGCTAAACGCTAGTGAGCTTCGCTCGTTGCGTTTTACATCGCTCCAACCAGCCTCATTGGGTGGATGGCGGTGCAGCGGTGGGCGCTGGTAATTCGGGAGGTATTGTCCCATTCCACTGCCCGCTTTCCCAGCCTCGGATGGGGGTGCCAGCGTTGTCACCTTTGCGTTTAACCCAGGCGCGACGCTCGGCCTTATTGTCGAAAACCATACGAACAATGGCTTCTGGCGAGTCTTTGTCCAGGCGTAGCACCCATTTGATGCTGGCTTCGGGCGCCAGTTCAACTAATCGAGCGCCCATCTGGGGCATGATGACTTCGAGATTATCGGCATGAAGCGAGGCGTAAGTCGCTCCATCGGTGGCGGGTGATTGTACCTGACCATCGAAATCGGACACAATTTGCCACAGGGCTGGGGCGGGCGATTCGTTAATCGCTTCCAGTTTCTGTGCAAGGGCAGCTTCTGGCACAGCCGAGGTCGCCGTGCTGAGGATTGGCAGCGCCCGTTCATCCCAACTCACGTTCCCGACGGCTTGAACATGGGCAAAAACCCACGCACTACCACTGGGCAAAGAAACGCTCATGCGATATTGCTCATCGAGTTCAGGGATCACCGCTCCGAGCGATAAATCGCGTGTGGGGACAACCGACGAAAAGTACGCTGTCCAATCCGTATTTTTAGCTTTACAGCGCGCCAGCAGCAATTCGCCCGTCTTTTGGGGAGGCCATGAAAACGATTCGCCGTTTTGCTCCACGCCACCCGCATTCCACGTCACGCTCCATTTGCTGGCCTCAGAAACCGAGATGTCGAACGGCTGGCCTTCCCTGGCCAAAATGGTTTGCCCTGAAGCCACGCTCTGCTGAGTCTTGCTTTTGGGCCAAGTTACTACGAAGTGAGGAGCGCTCGGCACCCGTTTCGATGCGATAAATGTCGCCGTGCCCAGTGCCGCGCCCAGAACCACGACAACGACCAATGCCGACTGCCAGCGTTTGCGGCGGCGCGCCGTCTGCTTGATCGCAGCCAAACGGCGTTCGCCTGCTTCAATAGACCGTTGCAGTTCGGCTTCGTCGTAAATCATGTCTCAAGTGTTGAAGAAAATGTAACGAGTATTGAGTCAAAAGCTGCCCAACACTCATTACCCACCACTCTTAAATGCGTCCCTCGCGCACCAGCAACTCAGCTACCAGAATGGCTCCCTTGGCCGCGCCCATTTTGGTATTGTGTGAAACCAGCACATATTTAATGCCACTTTGCCCCAGCACCGTTTCCGGTCGCAATCGGCCCACAACGGTTGTCATACCGCCACCCATGTCGCGGTCGCGACGGGGTTGCGGGCGAAACGGATCGTCATGCACGAAAATCAAATGCTCCGGTGTCGAAGTTAATCCTTCCAATCCGCCCTCAAATTCGCGCATCGCCCGCGCCGCGTCTTCGACGGAACATGGCTTTTCCGTAGCCACAAACACGGCTTCGGTATGCCCATCCGAGACATTGGCGCG
AP024152.1_gap84	3463953	3465625	1672	AGGCGGGGGAGTTGCCTCGCGTTTGGCATCGGGCATTATTGATTATGCCCGCGAAAATCAGGGCAAGATAACACCCTTGTGCGGCTTTATGGTGGCCTACTTTCAGCGTCACCCCGAAGCACACGATGTGTTGAAATCACCCTGATTATTTTGCGGCGGCGATACCCACGTCAATGCCTTGTCCCCCTGTCGTCTGGTGTACATGGACTGCGAGGGTGTTTTGACCGGGTTTGAGTGTCGCGCGCGCCGCATCGCTCATGGAAATCGGCACGTAATCGCCTGTGTAGCCTGTCGCAGTGCCCGCCAAGACGCCATTGACGTAAATTTCGGCGTCCTCATCGTGTTTCACGAGCAGATTGAGTTTGGCGGGGATTTGAGTTGGCAAATCGAAGGTGCGACGAATCCAGATGTCACTCGTCGTCCACTGGGTGCGAATACCACCGGCATCGTGACCGAAAGGCGCGGCTCCCGTTTTCCAATCCGTGTCGTTAAAAGCGGCGCCAAACCAGTCGTCGGCGGGTTTATCTGTCGTGTATTTCCAGTTCGATGCTTCATCGTCCGAAGTTGGCACAAGTTCAGGATTGGGATTGGGCGGCAGTGGTAGAAATTCGCCCCGGTTGGCCGCAGCGATAATTTTTACGTCCGGTTTCATCACCGCGCGGTCGTAGGTTAAAAGGCCATTAATTTCCTGTTCGACGTCGGTAATCTGGGTGTAAACGATGGCGCTGGTGCCGCGCGTCTCTTTTAATTTGTAGGCGGTTTCGAGCAGATTCTGATAGCGCTTGGTGGCGAGCCAACCACTTTTCAAGGTGGCGCCATAGCCCATAACCCCCGCGTTATTTTGCCAGCGATGGTCGGGCACGCTCATGGTGATGCCGCCAAATTCGCCGTTGACCGCCGCGCGAGTGGCTTCGGGTTCGTTCGACCAGGGGCCGGGATAGGCGTGGGTGTCGTGAATATCGCCCACGTTTTGATCGGTCCAACCGCTCGCGTTGTTTACCAGACGGCTGGGATCGAGAGCTTTGGTGTAAGCCACTACGCGAGGAGTGTCGTGTTGGCCCCAGCCCTCGTTGAAGGTGGTCCACACCACAATCGAAGGGGAGTTATGTTTCTGCGAAAGAATGGTGCGCCATTCAGTATCGAATTGGTTTTTGGCTGCGTCGCTGAGGGCGCCCTGAGGCCCGCCGTACATTTGCGGCATGTCCTGCCACACCAGCATTCCGAGTTTGTCCGTCCAGTAATACCAACGGGCCGGTTCGACTTTGGCGTGCTTCCGCAGCATGTTCCAACCCAGCGTTTTCGCGATCTGGATATCGTATTTCAGCGCGTCATCGGTGGGCGCCGTCCAGATACCATCCGGCCAGTAGCCTTGGTCGAGGGCGCCGACTTGAAAGACGAACTTGTTATTGAGAAAAATGCGCGTGCGCCCCTGGTCGTCTTTGCCGAGCGAAATCTTACGCATGGCAAAGTAAGAGTTCACGCTGTCGGCGTTTTTTCCAGTGCCGAGCGTTACCTTCAAATCATACAGAGTGGGCGAATCGGGTGACCACAATTTGGCGTTCTTGATGGGAATGATCAGTTCGGTGTTCGCCGTCCCTTTGACTGAAGCGATGGTTTTTCCGCCATCGAGGGCCGAAACCGAGATGGGAGCATTGCCACTCGAATTCACCGT
AP024152.1_gap85	3505495	3509338	3843	ACCTCCAATTCCAGCCTCCGGCGGACTCATGGAGTGGAAACATATTAATTCATTTTCTGCACAGAAACCATACGACTTTATTTCTGCGGGCTCACGGCGGGGGAGCTACTCCTCATACAACGAGTACTTGGAGGATGTGCGAACCGAGCGTTATAACAACAGTCTCGCGAGCAGCTACCTCGACACGACAATCATCGTTGGTAGAAAGTTCGTTGCCTCCGAATTCGCCACGTCGGAGTTTCCTTCCGTGCTTTTGCATAAACCCGCACCCGTAATGAAGCACGCCCTGGAAATGAAGCCTCCTCCTTTATTGGCGACGATAGGCTGAAAGTTCTCTTCATCAGACTCCGCACTTTCCTGTCTTCTAAATCATCTTCGATTGCTAATCACAATGAAACTTCTCCTCTTAACCGCCTCCCTCACAGTCTTCTTTGGCATCCACGCCCACGCTGCGCCCACAAATTCTCTGTTTCTGCCTCCGGCGGCCAAACGTCTTTACTTGTCGCCGCGTATTGTTGTTATCCGCCATCGCGGATTCCATCCGCGTTATTCAACCATCTTCAATGCAGTCAACTTCAATCCTCAACAGGAAGAGAGTGTTTCAGGAGCCTTGATGGATTGGAGGCACGTTGATGCCTTTTCTATACAGGACCCTTTTTACTCATTCTATTATTACTGGGTGCCTCGCGATGGAGATTTGCTTAGAATTCATCCGTCCTATATTGGCCATCGTACTCCTTTCCGTGACACGAAAATCCACATCGACAGAAAATTCGTTGTGTCCGAATTTGCCAGATCAGAATTGCCCCGCGTATTCTTGCATAAACGGGCTCCAGTGATGAAAAACACTCTAGGAAATGTGCCTTTGTTGATACAAATAATGGACTGAAAGTCCTCATTGCTCTAGCGTCTGTCTTGCATCATGAGTCATCTCTGATTGCTAGATGCGATGAATTTATGCGCTTCATTCTGGGGCTCAAAACGCGCCGCTCATTCACGATAAATCTACGGTCTTGGCTAAATCTCCATGAAGTCCCTAATCCTCGTTGCCCTTGTCTCGGTGTCTTTTATTGGACCTGTTGAGGCCGACACGCAAACTGACAAGCAATTAGATATTGAGTTTGAAAATATCAAAGAACGGCTAGAGGGCCTGAGTGACCATGCATTTCGTTTACCTCAGCTACCCGCCAAATGGCCTGGAGCCCTGGTGCTGGCCTCCACCCGACGATTCAAGAAGGAGGCCGCTTACGATTATCCCCTGGGGGCTGATGGGTGGCCCGTTTCCAATCAACCTGGTCGCGACCTTTGGATTATGTCTAATCCGTTGAGCCCTGTAGCGCAGTCACCGTTGGCCCCAGTTCGTTTTCATAGCCCGCCAGTAATTATGAACAATGTATTACTAGTCAAGACAGTCATGCGGCGAAGGGTGCTTTGGGTCTTGGGGCAACCGGCTCCCGTGTTAGAACCCATCCAATTCGCGCAAAAACGAGGTTAAGAGATGACTTTCCCGCGCTCGAAGCCTATACGTAAAGCATGACCCTTGCGACTTCAAGATGATTAGTGAAACTGCCAGTTGCGGTGCGTATTAGAAATGGCGACGTGCATCGCTAAATCCATTGATGGATTGGAACCGCGTCTGACAAGGGAACTCAGTCACCCAATTTTCGTGCCTTGATAAGCCAATTGATAAGAGTAGCCCCCATGCCAACATCACCCCCAACCATCGCTGATTCTCAAGCGCGGAATAAGCAGCTTTCGACCATCGCCCGTTACTGTGTGACTAAGTCGCCCGGTTTTGCGGCCATTGCGCTCTGGGTGCCACATCGCTACAATGGCGATAAAAGCTTCATCGCTCGCACCGATGGGCGCACCATTCAGGCGGGCAACGACTTTTTCGACCGCTATGCGTCGCGCGAACAGGCGTTTATCTTCATGCACGAGGTATTGCATGTTGCTTTGCGTCACGTCCCGCGCGGTCATCGCGCGTGGAGTGTCTCGTCTGCCCATGCCCTTGTTTGGAATCTTGCGACCGATGCCATCATAAATCGCGCCCTCGCAAAAATGTCGTGGATTACCGCGCCCAAAGATGGCGTGACGTTTGAAGGTCTGCTCGACAAGGAAGAACTCGAAGCGCGTCCACCGCAGCAGTGGAGCGCCGAAGCTCTCTATTACCGTCTGCTCGAAAAAATCGGCTTTCCTGCCGATAAAAAAAGCTGGGAGCAGTGGCTTGACGATTGGATCGAGAAAAACGGCTTGCCCAAGCCCGACGACCTGGGGCGCGGCACCGACTGCGACGACTCTGGCGACATTATGAGCGAACTCGCCTCGCGCGTGTGGGCCTCGCGTCTGGCGCGCGCTCAGGCGGGCGATAAGCCGGGGGGCTTGCTCCGCGAACTGATCGGCGATTTTCCCGTCGTCAAAACCCCTTGGCCGCAAATCCTGCGCTCCTACCTCCAGGACGCCGTGATGCCACAAACGCGCGAAAATTTCAATCGCCCCGGACGGCGGGTGCTGTCGCTCGACTCCGAGTTTTTCGAGCCGAGCTTTCAGCCCGAAAAAGGCGTCCGGCGCATCGGCGTCGCCGTAGACACCTCGGGCTCCATTGACGAGAAAATCTTGCTCCGTTTCGCGGGCGAAATCGAAGCCGTTCAAAAGCGAACCGGCGCCGAGCTTTATCTGGTGGTCTGCGATGCCGAAGTCACGGGAGAATTCCTCATTCCCGCCTACGGCAAAACCTTCACCCAGCGCTACAAAGCCGGAGAACTCGAATTTCGCGGCGGCGGCGGAACTGATTTCGCGCCCGCCCTCGCCAAACTCAACAAATCGAACGTCAAAATAGGTTTGTACTTAACGGACATGATGGGCAACTTCGGAGCTGAGAAGCCTAAAATACCGTTCGTGTGGTGTTCGACTTCGCAGGGATACGAGCCACCAACGGGCTTTGGGAAAATGATCTATCTCGATCCATTAGATCTTTAATGGAGTTAGTCTGTGGGGATGATGGGCAAGTTTGGTGTTTATAAGGTTGAAATGCCGTTCGTATGGTGCTCAACTTCGCAGGGGTGCGATCCAGCGGTCGGCTTTAGAAAAGTGATCTATCTTGCTCCGCTCGATTTGTAATCTCGCCCGCGTTTCTTCTCGTTCTTTGTCAATTGCGCCACAAAACGCGGGCCTACACTCGCCCCAATGTCATCTCCGAATCCCCCTCGTATGACCCGGCGCCGTTTTGTACGCGGTGCCATTGGCCTTGGTGTCGTTGCTGTTGGCTCCTATCAATGGGCCGAACGGGTTGAGCCCAACTGGACTCAAACCACTCATCTCGATATTGCCCTGCGTCATCTCCCCCGCGAATTCGACGGCTTCACCATCGCCCAAATCTCCGACATCCACATCGAAAGTGGGACGATGCGTGCCCATTTCCCTCGTATCTGCGAACGGATAACGGCTCTTCAATCCGATTGTATCGTGGTAACCGGCGACTTCATGACCGAGCCGAATAGGTGGTCGCAGGCTTATTTCGCGCATCACCTTCCCAAACTTAAAGCACGTGAAGGCGTTTTTGGTGTGCGGGGCAACCACGATGTACGCTCCGGCGAACTCGCGCGCGGTTGCGATATGAGCGCCGCCATGAAAGCGGGCGGAGTCCACGAATTGTTCAATAAGGTTCACACTTTCGAGCGTGACGGCGCGAAACTCCATCTCGGCGGAGTGGACGACCCCTGGCTCGGTTCGCCTGACATCGCCAAAATCGAAGCACAAATCAAAGACGGTGAAGCCGCCGTCCTCCTGGCTCACGAACCAGATTTTGCGCTCGACTACGCCCGGAACCGCAAGTTCGGCCTC
AP024152.1_gap86	3511059	3512881	1822	GGGCACACTGGAATGCATGTATCTGATGAGTTACTTCCGCACCGAGTCCGAAGCGTTGCATCTGGCGTTTTCCTCCGACGGACTGTTGTGGGAACCGTTGAATCAAAATCGCCCCGTCTGGCACGCACCCATCGGCAATAAAAGCGTGCGCGACCCATTCATCCTGCGCGATGAGCAGGGCATCTATCGTTTATTTTCGACCAACAGTTGGCACTCCGATTCGATTATCGTGGCCGATTCGACCGATTTGATCGAATGGACCCATCCCCGTTTGGTTACTCTTATGAGTGGTGTAAAGGGCACGCGCAATACCTGGGCGCCTGAATGCTTCTTCGACCCGGAAGCGGGTGTCTATCGTGTCATCTGGTCGTCGTCGCAGGATTTGCGCTCGCTCTCGGAAATGGAAAAAAGTGCCGATTGGAACCATCGTATCTGGACGAGTTCCACCACCGATTTCGAGAATTGGACGCCCCCCGAATTCTTTTTCGATCCGGGTTACTCCGTCATTGACGCTTGTGTCGTGCATCTGCGGTTAGGCCGTTGGATGATGAGTTGGAAGGACGAACGCAGCACCGACGCGACAAGACTCCACTCCAAGAAAATCAAGGTCTCATTTGCCCCTTCCATTTCCGGTCCCTGGACAGAAGAAAGCGCCTTTCTAACCAACGATATGAGCGAAGGTCCAACCTTGTTCCCGCGTACCGGTGGCTGGACTTTACTTTTCGACGCCTTCACCGCTCACTATTTCGGCGCTCTTCATTCCGACGATGAGGGCCAAACCTGGCGCGACATCTCCTCGCAAGTCACCTTCCCTCCCGGTCCCCGTCACGCCAGCGTCATCGAAATCCCCGAAACCGACGCGAACACTCTTCTCGCCCACTGGAATTAAAGATCGTCTCAAAGAAGTAGTTTGGCCTTCGGTGTGTGGGCATCTCGCTCGCCGGAACAGCCTTGAGCCTACGATGCGGGCGAGACGCCCGCGCCCCGGAAACGCACGAATGCTGCGCCAGATTCCTTGAATTCGGTGAGTGGTCCCTTCTCCCGCGAGGGGAGAAGGTTAGGATGGGGGGGCGCTACAAACCCCGAACTCGGAGGCCATCTATCGAGAGTGCAGACAAAAAGACCAGCGCACAATACGCTGGTCTTTTTGCTATTTCAATTTATGCCAGATTATCGGACTGGTGGCACTTCGTGTGCGAAGCCCACGTCCACATACTGACCACCATTCGTCTGGTGACAGCTAACGGCGAGAGTAATGGTCGCTCCCGGTTTGAGTTGGGCGCGCGCCTCGGGACGCATCTCCAGAACCTCATAAGCGCCTGTATACCCTGCTGCTTTCGCCGCCAACACGCCATTGATATACACCGTCAAGTCCTCGTCGTGGTGCGCGAAGAGTTGAATGTTGGCGGACAAATTGGCGGGCAATGTCACCTGACGACGCATCCAGATGTCGCCCGAATGCCACTCCGTGCCAATGGCTGCCCCCGGTGTTCCTGGAGTGCCGAACCCGCCGGGGCCAACTTTCCAGCCACTATCATCGAAGTTCGCCGCGAACCAGTTGGCACCGGGCCTATTTTCCGTATAGTGCCACGTCTGAGCCACTTTTTGTGAAGTCGGTACATCCACCTGAATCGTGGGGACTGGCGGAAACGCCGCGAAGTTGTTGCTTAACTTCTGGCCCTGCCTGACGTACTTCGTCCACATCGCCGGGTCGTCCAACATTTTGATGAACACGCCGCCAATGACGGGGCGAGCCCTCATTCCATCCGAGTTCTTGTTGTCGGTTATATACGAATCCACGAACGGCAAACGGGCGGTCGTA
AP024152.1_gap87	3515028	3516377	1349	AAGGAAATAGACGCGGCTTGAAGAGAGCTATCAGTTACTAATTAACGGGCCGCAATCCGCCACACGGAAGCGGAGTTCGCCGGAAGCGTTGCACTAAAGGTGTTGTTGGCAACAGTTGCCGTAACGGGCACAGGCGCGACCTTCATTGGTTGTTCGATGCTATTTACATCGCCCGGTTGCCCGGAAATTTGCTGGCCACTGGCGACGGTCGCCCGCGTGTTCAAACCCGCAATTTGTACCGGCTGGGCATCGCCCGAAAAATTGACCAGCTTCACGAACACATCGCCCGATTTAGAATCGCGCGAAACCGCCGAATAAACGGGTAGAGGGGTTGCGGGCACATCTTTCGTTGTCACGATGAGTTTGCCGTCCAGGTAACCCTGGATCTGATCGCCGCGCACCGAGATTTTGACGTTGTACCACCGTCCGGTTTCAATGGTGGTGTCGGTGGTGCCGAACTCCGAGTTCCCACCTCCATGCTGAAACGCCGAGCGTTGGTTGCCCCAACCGCCTAGATTCCACCACACATAATTGTCGCCGCCTTTGTTGTGAAACGAGATCAAGAACCCTTCGCGCCCCGCAATCTTGCGAGCGCGCAGTGTCAGGTCATAATCCGTCCAGTTCATATCTCCGGCGCGTGCCCGCACGTTTTCGTCTTCGGCGGTTTGACGCAAAGCGCCGTCCTGAATTACCCAGTTGCCGTTATCCGTGGTGAAGTTACCTAATCCCCCGTTCGAGAAATCCTGCGAATACAGCACTTTGCCAGTCGGGTCCGTCACCTTGATGTCGTCGAATTCGGCCTGTGTATTCCACGTTGCCACGCCAATTCCTCCCGAAGCGGGTTTGGCTCCCGGCGCGGGCGGCATGGTGACCTGCGATGGCAACACCCGGTCGCCCGTGTAATTGGCGAACATCGACTGCACATAAAACGAGGGCGAGCCAAACGACTGCGCCGCGTTATAGCCGATGAGGTTGGTCCCCCACTGTTGCGCTCCCCGGTTCACGTTGACAAACAACGGCGCATAGCATTCCATTACCACAACGTCAGCGTTGCGCTCTAGGCCTGTCAGCCAGGCCGCGTCGCCAAGTGCCGCTTTAAGTGTCGGAGTCGGGTTGCCTTCGGTTGAAGCCCATTCGCCGACGAAGATTTTCGGACCAGTGCGGCTGTGGTTGTCGTAGTGCCCCGCATCCGCCGCCATTGCTGCCGCGCTGCGGTAGTAATGGTCGTCAACGACATCGGGAGTAACGCCCCGCACAGCGGCAGTCGCGATGAGTTGTAATTTCGGGTATTTGGCTTTGATGGCATCGTGAATCTGTTTGTAACGCCCGCTATACGAGCCGGAGCGGTC
AP024152.1_gap88	3523383	3526036	2653	GCTTCGCGTGCCCAGCGTTCGGCGAGGTCTTTCGCCACACCGCGCACGCGCGTCGCCTCGGTCGTCTCGCCGCGCATTTGGCACAACCGCGAGTAAGCGCCCAGTGCTTCCGTGGCCTTAATCGACAGGTTGGTATTGTGCGCCAGGTGTCCCGCGAAGTCATCGGTCGAAAGCTGGCTTTCGGGATCGAACCCCTTCTCTTCCAAATAGGCCGCCCACTTCTGGAGTTGCGGCCACCACCGCGAGGCGAATTTCGCGTTGCCGTCCTGCTGCGCGATCTGCGCCAGCAAAATCATCAGGTTGCCCGTTTCCTCGACGGGCATCTGGTTGTCTTCTGTGCGTTCGCCGCCACCATAAACCTGTCCGTTGGCAATGGGATAAGTCCCCAGGTCATGCGGCGCAAACGGGAATTTCCAGCGCGGCGAGGCGGCGTAGTTCAACACCGGAACCAGTGCGGCCTTGGCCAGAGTCGGGCTGAACACCGCGAAAATGGGGTGTGTAGGATAAATTATGTCCACCGTCGCTATACACCCGTTCGAGAAGTTCTCCTTCGAGAACGCCAATGGCGCGCCGTTTTTGTCCTGCACAATTTTGTGTGCCGCCAGTGCCTGACGAAACGCCAGTGCGCCGATTTTCGCATAGCTCTCGCCGCCTACGCGCGTCATGTCGTTCATCAAGCGTGTATCGAAGTCCACGCACTTCCGTTGCAACTGCGGCAACTCGCGCGCACTCTGCGCCAACACGCTCGAAATGGTGGCGCCATTCTTCGCCCAGAACGGTTTCATGCGGCGACCCATATAAATCAGCGAATCGCCATCATCATAGGCAATCATCGTGGTGCGTTCGCTCGCATTCTTACCGACTTTGCCCAGATCAAAGGCAACCGCCGCAACAGGCATCCCCTCGTTCGGTATGCGCGACTGGAGAGAATCATCGTAGGCAGGCAACTTGCCGCCCATCGAAAAAGCACTTTGCATCGTCTCACGCGGTCCAAGCGCCATCGAGGTCCCCTTCTGATTGGGAGAGGGCGCAACATACAGGTAGCCCCAGTCAATTCGTAGGTTATCGCCCTTCTTCTGCAAAACAGGTTGTTCCTGCGTGCCAATGCGAAGCGACGAGATACCGTTTTGCGTTTGGCGCTTCCACACAACGGGCTGCGAGTTCGCATCGTTAACAGCCAACTGCCCGCTCGCATCATCGTAAATTTGAACCGAGTGCGAAGCGCCATCCGCCGAACGCGCGCGCCACGTCAAAAACGTGACGGGCCGCGACAGGGTATCGAGGTCGTCGGGCAGGGCAGGGGTTAAAAATTCGAGCGATAGCGCGATTTTGGGGTTCTGGAAGTGATACACCGTGCGTGTCGGCAACACCTGCACATCGGTTTCAGGCAACACCGGCAAGTTACCGGGCTGGTCGCCCATCAGCCGAAAGGTTTGCCCATCCACCCGCACGAGCGACGAGAGGGTATGTTCGCGCCCCGTCCAGTGCCGCGTCGGTCCATCCGCGAGAGAGTTGGCGTTAGCCCAAACCGAAAAATAAGGGTCATGCGTCACCAGGGGAACGGAGGGCGGACGAAAACTCGTCTGAGCGCTCGCTATTTGTGACGAGAGCGCAAGCCCCAGCACGGGCAACAAAACACCCGCACGTTGAGAACATATAAAATTCATTTTGGAATTCTGCCAGAAAAGACGATATTTTAGAGTCATCCCCTCCCCAGATGTTCGCCAGCGAATCGAAAGTTCTGTCAACTACCCGGCCCACAAGGGGTGAGGCTTGTTCCTAACCCGCAAAGGTTGAAACAATAGGCCGATTGACTGCGGCCCTGAGTGCGATGTTTCGCGAGGCGTTGGCGTCTGCGTCGTCCTCGAAACCGCACTCCAAGCATTTAAAATGCGTTTTCTTACGATTGGCTTTTGCACAATGCCCACACCGCGAACAGGCGCGACTGGTGTTTTTGGGGTCTACATGAAACACCCACACACCTGCCAGGCGTGACTTGTATTCGATGTAAGCACGAAGCTGTGCAAAAGCCCAGTTCCCCAGCAACCAGCGCATCTCACGGTTCAAGCCGGTTCTCTTGCGGATGCCTGTGAGGTCTTCCAGCGAGAGTGCCTTGTGAGACGCCTTGGCATCACGGACAATTTCTTTCGCAATGCAGTGGTTGGTGTTAAGCGTAAACCGCTCCTGGCGCTTTGAGAGCTGCTTCAGGCGCCGCTTGGCCGACTTGGTGCCCCGCTTTTGTAGGCGCCGCCGATGCTCCTTCAGTTTCTTGCGGAGTGCTTTGATTTTATCGCCGCAATAATTCTTACCGTCCGAAGTCGTCGCGAGGTTTTCCAAGCCCATGTCCACGCCGATAATGCCCTGGGGTTCTTCTGGCAAGGGAGTGTCCTGATGGCAAGTGGCCAACAAAAACCACTTGTCTTTGTGAAACACCAAATCACTTTCGCCCTGACGGGACTGAAAAAGCTGTTTTTGGTGCTCACCCAAAACAAGCGCGACTTTGATACGCCCCTCGACGGTCCAGATGGAAACTTGGTCCTCCTGATAAGTCAGAATGCGGTCATCGTAAGCAATACTCCCCGTCGAGCGAAACTGACACACCTTCATCTCGGGTAAGGGCAACAGGTCTTGGCCTTGCCCGGCACGTTGCTCG
AP024152.1_gap89	3546932	3548600	1668	ATTTAACGTTCGGTGAATACGTCCGCGTGGTACAGAAAGAGGAAAGGTGGAATAAATTAAATTTATCTATTCCCCGTGCCTCATTCGTCAAACAATTAGATGAAGTGAGGGAAATTCGTAATGATGTTATGCATTTCGATCCTGATGGTCTACCGCAAGAACAGTTAGACAAATTGCGTAACTTTGTTCGTCTCCTCCAAACATTGCAGCAATTTGGAGCCATCAAATAGGTGAGCATGAGCCTATAAAGTTCCAAATACCCTATCCCAAATCAGCGTGTAAAATCCGAAGTTATGGTCGCCGTCCTGATGATGTCCCGCGTGAAAGCTACTGGTGGAGATGTATTTGAGGATCGGTGTTGTCTTCCATCGCTCAGGAAACGGCTCGACTCCGATGTGGCCGATGAGCCCGAAAGCGACGTTGGACACCAGATAGAGCGACATTCCCACCCAGGTCGCATCATAAATGCAGAGTAAGGTCAGCCAGAGCAGCCCAAAACTCAGCGCCTCGACTGGGTTCATCACAAACAATGTGAGGGGACGCGGATTATCATACAGATGATGGGTGCGATGCACCATCTTGAAAAACAACGGGACATGAGCGAGGCGATGCAGCACATACATCGCCACATCCATCACCAGAACAAGCACGAGGAAATCGAGTAAAACCGCCCATCCGCTATCCATGCGAAAGTGAATAAAGTCGGCTCGCCACAGAAACAACCCACCCAGAGTCACCAGCGAATTCAGTAAAACCGTCGTCGAGGCCAGCATAATTTCGAGCGAAGTCAATGGCGCCGCCGCTTCGGTAACTCGATGAGACGCGTAAAGCCGCGCCAGTCCTTCACCAACTAGCACCGCTCCCACCAATATGAATACATTCTCCGCCAAAATGCAGAGCACCAAAATCCAAATCGGCGTATCGCGCAGAAAGAAAATAAGGGTATTCATGCTTCATCCAACGAACGAATAGTAGAAGAGCCGCACTATTTTCCAACAGCCCACAAGTTAGGAACATGGTATTTTGGGGTATGTTTTGATACGCTCATTCATTGAGTCGTAGGAGCATGACTTAATATGAAATCCACCTTCAAAATTCTGGCATTGATTGTTGCTTTTTCGGCAACTGTTGGTGCCTCCTCACCCTCTTTTGCCCAGGAAAAAGGACGAGTCGAAACCTCGCTTCTGGGGCTTTTCCCCCTGGGCAGTCCCAGTTACCAGAAGTTCGACGGCTACTATCTGGTCAGGGGCAAAATCTTTGGCAATGCCATCGTTCAACACGTTTACGAGAATGGCGGCTCGGCGACCTACGAGACCGACAAGCAATACGACGTTTTCGAGGCCGATATTGCTAACACTTGCTCAAGCCCCCAGGATCAAATTCGCTTTTTCGTGTTGGGAGATGGAAACGTAATCTACCGTTCCCGCCGTTTGACCATCGCGGATAAGCCCATCCACATCAGCGTCCCAATTAAACAGTACAAAGGCGTGACCCTCGTGACCCAGGCGTACTTCTATGGCGGTCTTCCCAGTGCTGTCTGGGCCGATCCCAAATTAGTTAACATCGGGCGCGACCAAACTCGACCTATTGCCTTGACCCTGCCCTCGCCATCCATCGCTCCCTCACCGTCAGTAGTTCTACCCTTAGCTTCGGGTAACACCATCACTC
AP024152.1_gap90	3552574	3555975	3401	GCCGAATGAAGCCCCTGCCGATTCCGACTCGCAGGTCATTAAAACCATTCTGGCCCTCACCAATAACCCGCGTCGCCGCCAGGAACCCTATCACATCGTCGCCGAAATCCGTGACCCAAAAAACATGGAAGCGGCGCAGTTAGTCGGACGCGATGAAGCCCAGATCGTGCAGTCGAACGAACTCATCGCCCGCATCACGGTTCAAACCTGCCGCCAGTCGGGAATGAGCGTCATTTATACCGAGTTGCTCGACTACGGCGGCGACGAAATCTATTTCAAGGCCGAACCCTCGTTGACCGGCAAAACCTTCGGCGAAGCTCTCTTCGCCTACGAAGACTCGGCCTTAATGGGCTTGCACACGGGCGATGGGCGCGTTTTGCTCAACCCTCCGATGGACACGCACCTCCAAAATGGCGACGAACTCATCCTCATTGCCGAAGACGACGATACCATCAAACTATCGGGCCTTGCGAGCTATGGCATCAACACGGGCCTGATTCGCAATCAAACTCCTGTGCTCCCTGCGCCCGAACAAACGCTCATTTTGGGCTGGAACGGACGCGGACGTTTGATTATCGATCAATTGGAAGCTTACGTTGCCCCCGGTTCACAACTCGTGGTTATGACCGATGTGCCCGAAGCGGAAGCACAAATCGAGCGCCTCCGCGCTCATCTGACAAATCTACAACTTGCTTTTGTCCTGGGCGATACGACGGATAGGTCTACCCTCGATTCAATCGGACTCGCCGACATAGACCACGTCATTGTACTGGGCTATTCGGACGACATGGGACCGCAACAGGCCGACGCCCGCACGCTCATTACCCTATTGCACCTGCGCCAGATTGAACAAAATTCGGGTAAATCGCTCTCCATTGTTTCGGAGATGCAAGATACCCGCAACCGCGAACTCGCCGAAGTCACCCAGGCTGACGACTTTATCGTCAGCGATAACCTCGTGTCCTTGCTGCTGACGCAGGTCTCAGAAAACAAGCACCTCCATGCGGTTTTCGCCGACCTGTTCGATCCCGAAGGCTCAGAAATCTACCTCAAACCGGCATCCGACTACGTCGCTCCCGGCCAATCGTTGAACTTCTACACGGTCTTGGAGTCAGCACGCCAACGCGGAGAAATCGCCATCGGCTACCGGATAGCCGCTGATTCCGGCAACAGCCAGAAGCAATACGGTGTCGTGGTCAACCCCAAGAAATCAAACGAAATTTGCTTCGCTCCCGAAGATCGCATCATCCTCATCGCCGAATCCTAGAGCAGTAGTCACCTGAGTTAGTAGCGAACGCAAGGATGCAGCAATGCCGTCATTCTGAGCCTGCAAGGATCTCAGTTCGGATACCATCACAGTCAACGAGCTAGCATCCCAACGGAATACCGCTGTAATTCCTTGCTTCGGCATCCATCGGCACAAGGCGCCGCTCTTTCGGAAAGAGCGGCGCCTTTGTCCTATTTCCCTACGGGTTTGTCTACTGCCGCAAAAATCGTCAGTTGCTCAAGGGGAGCCGGAGCGGGCGGCGATGTAAGCAATAAAGAAAGCCCGCCGAAGAGGATGGCATCGTCTCCCAACGTCGATTGCACAATTTTGGGCGGTATGCCCGTGCCCTGCATCGCGACTTTTTGTACTGCTTTCTCTATTTGCGGCATCATCCATTTGCCGCATGCCTCGATAACGCCCCCACCAAACACCACCACTTCGGGGTCAACGATGTGTATTACGCTCGCGGTCGCCAGACCGAGCAGATAGGATGCACGCCGCACCACTTCGGTGACGAGTGGGTCGTTCTTCTTCAGTGCCTCTTTGAGCGCTCCCGAACGAATACGCTCCAACTTTTTGTCCCCGACAACCTCGGTCAGCATCGATTTTTGCCCTTTGGAAAGGGCGAAGCGTATTTGGTTCTCAATCGCAGTGCGCGAACAGACTTCTTCCAGATAAAGCTGTTTCTTCGCAGTGGCGCCCGTTTCCAGTTCCACGCCCAATGGCACCAACAGGTGTCCAATTTCGCCGCACAAACCGCGAAATCCCTCGACCACCTGTCCGTTGAGAACCAGGCCACCGCCAATGCCCGTTCCGACGAAAATGCCAAACGCGGAACTGGCGCCCTGGGCCGCGCCGCGCCACACCTCGCCCGCCATTCCCACGTTGACATCGTTGCCTACGACGATAGGACAGCTCCACTTGCGGCTCAAAATCTCGCGGAGTGGCGTGTCTGACAGCGGGGCATTCGGGGTTAGAACGACATGCCCGCGCGCAGAATCGACTACGCCGGGAACGCCGAGAGCGATGCCGCCAATTTCACTCTTGAGAAGTTTCGCTTCCCCCAGAACCGTATCGAGCGCCCCTTCCAGTTGTGTAAGCAAGCTCTCTTTGCTGCTGCGGTCGGTTTTGAGTTTGAGACGCGCCAGAATGCGCCCCTCGCGGTCAAGCGCTGCCGCCAAAATTTTCGTACCACCCACATCCACAACCAGGAAAGAAGACATAGAATTAGGGCGCGTAGTTTGAGAGAGTTGGGGCGCAATAAAAACCGATTTTCAGCAATGAAAGCCAACTTCTAGGCCAAACCACAAATTAATTTTCCGGTGTGGTCTCCTCTCCATGCTCTTCCACTTCTTCTGGCTCGATAACTTCGGCTTTGAGCGCGTTCATGCCCGCCTCGATTCTTTCGACCCGCCGGGGGTGTGAAAGCGATTGTTGCAGCGATTGCAGCACCGGATCGGCGCCAGTTCCAGGCAAACCGTCAATGGCCGACATCGCCGATGCAATCTTGGGCACAGTCACTTTTCCAATGGGCTTGAGGCGTGTTTTAGAACTGGTGCGGTCATTCGTTTCTGGAGCGCTCTTAGCTCCTTCAGCAGCAAAAGAACTGAGCAAGTTCGCTTGCAAGTTAAAGGAAACTTCGTCGCCTCCGTGCACAACTCGCCTATGCGTGCCATCGGGCAAGAGTTCGCGGGCTTTGGTGTTGTCTGCGAGAGCCCCAAACAGCACCTCCCGTTTCACTCGTTCGCGCAGGGTGGCATCGAGAATCGGAAAAATAACTTCGACGCGGCGGTAAAAATTGCGTGGCATCCAGTCGGCGCTTCCGCACAAAATCTCCTCATCGCCTCCCCCCGCAAAATAATACACCCGCGAATGCTCTAGAAAACGCCCGATAATCGAGCGAATGCGAATGTTGTCACTCAGCCCCGGCACTCCGGGCCGCAGAGCGCACATGCCGCGCACAATCAAGTCAATCTGCACGCCAGCCTGACTCGCGCGATAAAGCGACTTAATCACGCCGGGGTCAATGAGGGCATTCATTTTGGCGATGATGCGCGGCGGCTCGGCCTCGACTGCATTCCCGTTCGCCTGAGCGTGCGCGCGCTTTTGCTTTCTCGCGAGCGCAGTCAAACGT
AP024152.1_gap91	3559799	3564285	4486	ACGATACCCCCAGTGAATTCTCACTGGGGGTATCGTATTAGATCACCAAGCTGCGCGCCCGATGAAATTAGGGCACGTTGTCGGCGCAGCCGACTTGTAGCCCCCGAATTTATTGGGGGAATTAACTCCCCCTCTTACTTCTTGTTGAATTTCTTCTCGATGGCCGCGACTTTGGTTTGGATGGCGTGAATCTTCGACATGTCGAATTTCTCACTGCGGTCAAACGAGTAAATCCCGTTCTCTTCCTGGAATACGTCGGTCAACTGTGTGTAGCAGTAGCCGAACATATCGGGATTGTCGAGCAACACGTCGCAGAGCCCCTCGAAACGGGCATAGAACTCGTCCAGAGTCGTCGGCGATTTGCCATAACCCCAGGAAATGGTGGTGGCCGCCTGATCTTCCGCGTTACTGGAATCCCACACCGACGACGTGATGAGACGTGCCCCGGGTTTCCAGTGGATACCACCGAACTCCGACACGAAATAAGGTTGCCCGCGATAAGCGATAGAAAACGGGCGGTTTTCGCCACCGGTATTCATAAATGGCTTGTTTTTCGCCAATCCTTTCTGGTTTTTGGCAAATTTGGGCGGCACTTGCTCGTAGTCGTGCGAGTCGAACACATCCGTTTCGGGAACGCGATGCGAGTAACCCGACGCATCCAGAACCGGACGGGTCGTGTCGAGCAACTTGGTCATCCAGTACATCGCGTGCGCCGCATCATCGAGTTCGGTGATCTCATCGCGTAGCTCCTGATGCGTCTCGTTTAACGGGCACCAGCCAATGATGCTGGGGTGCGAGTAATCGCGCTCCAGAGCCTCGGCCCACTGCGCGGCGAAGGTGATGCCATGATGCTGTGCGTTGTTATCGACCGTCTGATAGCGGCAACCCCAGTCGGCGAACTCGCCCCAGCATAGATAGCCCTTTTTATCAGCGTGGTACAAAAAGACTTCCTCGAACACCTTCTGATGTAAGCGCGCGCCATTGAAGCCAGCCTTGAGCGACAGGTCAATGTCGTCAATAAGATGCTGTTCGGTAGGTGCCGTCATGAGGCCATCGGCATAATAGCCTTGATCTAGCACCAGACGCTGGAATACCGCATGACCATTGATGCGAATGCACTTACCCTCAATTTGAACCGAGCGCAAGCCCCCATAAGTCGAACACTTGTCCACGATTTTACCCGCTTCATTAACGAGTTCGATGTCAATATCGTACAAATAGCCTTCGCCCACTTCCCACAGGTGGCGCCGCTCGCTCGGAATCTCCAGATCGAGGCGCGGTGTGAAATCATAGTTCGTGCTGACCTGTGCTGTGGAAACGACGCCCTCTTGGTCGCGTAGCGTCGCTTTCAGCACCAATCCACTATGGTTGCCCGCAATGCGCTGTTCCAACCGGAAGCGTCCTGGCCCCACTTCGGGCGTAATGCGCGGACGCAACAAATACGTTTCCCGCACCGGTTCTATCCACACTGTTTGCCAGATGCCGGTTGTGCGCGTGTAGAGGCAACCGTGATTATTGTAAAGCTGCGACTGTTTGCCGCGTGGTTTGGGCGTTTTGTTGTCGTCGCGAGCCCGCACACAAATCTCGATTTCGTCGCCGCCCGTTGCCAGTTCTTGCAGGGCGCACGAAAACGGCGTGAAGCCGCCGCGATGACGCCCGACCTCGACGCCATTCACCCACACCGTCGCGTCATAATCAACCGCCTGAAAATGGAGCAGGACTTTTTGTCCTTTCCATTCGGCGGGAACTTGAACGCGCTTTTTATACCAGACAGCGGGCATGAAATCGACATGCCCAACCCCCGACAAAATAGATTCGGGACAAAACGGCACAGTGATCTGCCCCGAAAGTTCATGTCCGGGTTTATGCAGTCCGCGTGCAAAACCCGAATCGCCGCCGTCGATTTCAAAACTCCATTGGCCGTTCAAATTCAGCCAGTGTTCGCGCACAAACGAAGGACGCGGATATTCGGGACGTGGCAAGGTAGTTGGTGAGTCCATAGGTAAAACTCCGTAAAAAGTTGCGGCCCAAAGGTTGCTTCATAGCGTCAAATTTTTCAACCACGAAATGTGAGGAATCTCTTTGAAACCGGTTTTATATTAAATTTTTTCGTGACAACGCGGCGAGCTTTTTGCGCGTGGTTATGCCTGGAGAGATTTTTATGAAAAAAGCCACCTTGCTTTGCGCGATTTGGATGACAGGTGCCGCCGCCACGATTGTCTTGCCCGTGAGCGCGGCTCCACATACACCGAAAGTCGGTTCCAGCGAACGCACATCAATTATGAATGCGCTTCATCCTGTTCTGGGAAGCGGCAGACACAAACCCCTCGTTATTGCGAGACGTGTCAAGGTGGATAGGGGCTGGGTTTTTGTCGAGGGCGACTTCAAATACGCCGATGGTGCCCCTCTGGAAGAAGATTATACCGAAGGCAGTGGCACGAATTTCTCGGCACTTTTGCACCGTGAGGGAGGCAAGTGGAAAGTGAAGCGTCGTTTGTACCACGGCGATGTCGTCATTCCCGAATTCATGCACGATTTCCCCAAAGCGCCTCGCTCCATTTTCCAATAGAATCGATTCGGCTTCTTAAAGCCGCCGCCAGATGAACCAATTATTAGTGTGGGACGAGAAGAGCGTCGTCATCCTTCGCCTGCGAAGGATCTGTCCTCATAGTTCGGATGCAGTCGCAAAAGACTCGCAAGCATCTCAGCTCAAGATCGCACTAACATGAGTGCCAAAAAAACAAAAGTCGCCTCAAATTTGAGGCGACTTTTGTTTTGCAGTCGAAGACAGAACTAAAGAGCGTGGACTGTATAAATACAGAGCGACTTCTGTTAGTCATGCCTACTGGGGCGAATTAGCGTGCCAGGATGGAGCCGATGATGGCGCCAATAATGGCACCCTTGATTACTTTATTGTCGTTGCGACGATAGCGGTCATCATAACGTCCATTGTTGTAACGCCCGTTATTATAGCGCCCATAATCATCACAATTCGGGTCATAGCGACTGCTGTCGTAACGCCCAGAATTGTAGCGACCATTGTCGTAGCGCCCATAATCGTCACAATTCGGGGCATAGCGATTATTGTAACGCCCCGAACTGTAGCCGCTATTGTCATAGCGCCCGTAATCATCACAATCCTGGTTGTAATGCCCGGAATTGTAGCGGCCATTGTCATAACGGCCAGAGTTGTAGCGCCCGCTGTCATAGTCGCCATAGGAGCGGTAGTCGCGTCTGGGGTCGGCGTGTGCGACCGGCGACAGGCTCGTTAAAGCAGTGATCCCCAACAATCCTCCAATCAGCAATTTCTTATACATCGGAAAGGCTCCTTAGAAAGTTCAATTCGACTTTGGGTGTTAGTTGATAGAACTCTCGCTCGGACAGCGACGCCCCGGTGAAAAGGAGAGTTCAAAAGAATTTTCCGTTGCCAAAGAAAAGTCACTGACTGAAATCAGTTCGGCATAAGTTGATGCCCCGTCCGCCCAAACCAGCCATCTACGATCAGCCAGAACAGCATCATCGAAACATCGCCCAGCACCAAACCCAGGAAAAGCGGCACCATTTTGCGGTACGAGTCATGCCCACCAAAACGGGTAATTAAGGATTTTGCGGCCCATCCCAGGAAGATCGAGAACCAGAACGTCTGCATCGCATAGTTCAGCGAGATCAGGTAGCCAATCGGATGAAACGGGAACCACGCGAAACGCGCCCGCGCCGTCATCATGCCCCACGTCAACAGAATGCCCGCAATAAGCGCCACCCAACTCGCGAGGGCCATATCGCCTCGGTCGCGTTGAAGGCTGTCCAGGAAAGTCGCGGGCCGTACCGACAAGTGCCCCGTGGCCCAGGTGCTCGCCAATCCCAGCGCGCCATGATCGTAGCCAAGATGAATCACCATCCAGAAACTCATCGCTGTCGAAATCGCCATCACCGCCGCGATAAGCAACAGCAAAGGCTTCGCTGAAATCGAGTTGTCGTGCGCCAGCTTGAACCCCTGCACAAACGAAGGCATGGCAAAACCACGCATATGGTACACGACGCCCGCCTGAATGAACGACGCCGGAACCACTCCCGAACCGTTGCTCACCGAAAGCCACGGCGCGCTCCAACTGAGCAGACGAGACAAGGCGCCCAGTGGCATGATGTCATGCAACAAAAACAGCATTCCACCCTCGACGGCAACGCGAGTGAGGGCAATAGCCAGCACCAGATACGAGATCCACAGCGCCAACGCCACATCCCAGCGAACTCCCGCCACTATGCTAAATCCAAGGATGTACACCATCGCCAGCGTAAATCCCCAGAACGCGCGCGGATAAGAAAGCGCCTCGCGCTCCTCACCCGCTTGGGCAGGCGTTCGCCCGAACGCCCGTTTAATAATGTGTTTGAAATGCTCGCGACCCGTCCACATCACCAGCGCGGCATACGCGAAATAGGCTCCGCCAGTCTGGAAACCGAGGAAGTTTTTATTGGGAAAATAGTTCGC
AP024152.1_gap92	3606316	3609422	3106	GCGAGAGCAGGAAGCGCGCTTGAATCATATCGCGCGAACTAATCTCGAACGGAGACAGGACGCCTATGACTATCTGGTCAGTAATGATTTTTTTGAGCGCGGGGCATGGCATGCCATGAGGCAACGGCAAAAAAGGGAGGCTTTTGAACAGTTCGGACAAACCCCTCCCCCTTTATCCCCACCTATCGTGGCATACGGCCCGGCGTGGTTAACATGGTTAGAATTCGATGTGGGGAAGTGGGTGGGCACACTTCTGTCACGACTAGTGCCACCTCACATCTGGAGGAGCGTTCTATCTCGAATTCTACCGCGAAACTTCAACCAGTCGTTAGCTAAGGTTGGATTGGGACTCAAATTTCTTGGCCGAATATTATCCTCTCACCATTGAAAAATGAGCCCCCAGAAATTTAAATCGCAGAACCTTCGCCCTACTTCTTTTTGAGTTCTTCGGGTTTGTGGATGGCTTCTTTGCCACTCTTTTCGCTTTTGACTTTGTATTGGGGCTCGTCTTTAGATGCTTTCGCTGTGTGACTTTTGACTTTGGTTTCTTCGGTCACTTTCTCGATGACCTCGCCTACGGAATGGCCACCTGACGAATCCCATTCCACTTGATCACCCTTTTTTAGTTCTTTTGCCATTGTTTTATTCCTCCGACGCGGACTTTTGCAGAAGGTGTGCCAGGCTGGGAACTTGTGGGTTTTACCCTTAGCACTTATAATTTCTATTAGTCCGGCGCGTGGCGCCGTTTGTTATGTTCGCTTTAGCTCTGAACCTGAATCAACAGAACCTGCAACTCCAATTGCAAGGTTCCGTTCGTCGTTCGGGTTTCCGTGCCGGAGAGAAGCGATAGGTTAGTTTTTCGTTTTCATTCTCAAGGCCCGTTGCTGAAACCTCAGCGACGGGCCTTTTTGTTTTTATTGTGCCCGATGGTCAAGTGGTATGACGGAAGACTTTGGATCTTCAATCCCTCGTTCGAGCCGGGGTCGGGCAAGCGTAGTTGGGTGGCGAAGTGGTAACGCGCCTCACTGTTAATGAGGTTATCGTGGGTTCGAGCCCCACCCCAACTGCTTTATTTTTGTCCGTGTGGCCCAACTGGTAGAGGCGCCAGATCGAGAGTCTGGAAGATGGAAGAGGAGTCCTCTCGCGGATAGTGTGGCTCGTGCGCGTAGTCCAACTGGCAGAGACAGTTGATTTAAAACCAACGCAGTGAGGGTTCGAGTCCCTTCGCGCACAGTTCGTCCATATAGCCCAACTGGTAGAGGCGCGACGTTTAGACCGTCGATGTTGGGGGTTCGAGTCCCTCTATGGACATGGACAGACAAGAGCCGCTTCAATTGAAGCGGCTCTTCGCTATTAGTCTAGGCCGATGGCGTCTTTGAGACGGTCGAAGAAACCACGGGGATGTTCTTCGACGTGCTGGTCTTCGGTTCCAGCGAATTCGCGGAGCAATTCTTTCTGGCGGTCGGTGAGCTTTTTGGGCACGACTACACGGGCTACACAAATCTGATCGCCGCGATAGCCACTCCGCGTGGTGAAGCCTTTGCCGTTCACTTTGAACGTCGATCCGTTCTGGGTTCCGGCAGGAATGGAGAGGTCGTGTTCGACGCGCACATCGCCATTCATTTCAAGGGTCGGAACTGAAAAGGTATCACCCAGAGCCGCTTGCGCGAATGAGAGATTCATGACGTACAACACGTCGTTATCGCGGCGCGCGAACTGGTCGCCTGGTTCGGCGTAGATGAAACAGTACAGGTCGCCCGGAGGAGAGCCTTGTTGCCCATCCTCGCCCGCACCGACGATGCGAACGCGGTCTCCTTCATCTACGCCGGGAGGGATGGAAACGGTGACGTTGCGTTCGCTACGTGTGCGCCCATCGCCTTTGCAGGTCGGGCACGGGTTGGTGATGATGCGACCGCGTCCAGAACAGCGTGGGCAGGGGGCTTCTTGTACGAACTGGCCGAAGAAGGTTTGGCGCACCTCGCGGATGCGACCGCTACCCGCACATTGAACACAGGTTTCGGGCGTGGTTCCCGGTGCCGCGCCTGTGCCTGCACACGGCTTACAGGTCAGCAGTGAGGGTACACGCAGTTCTTTGGTAACGCCCGACCAACACTCTTCGAGAGTCATCGAGACATCTATACGCAGATCGGAGCCTCGCCGTAAATCTTCGCGGGCGCGGGCTCCCCCGCCTGCGGCACCGCCGAAGAAGACCTCGAAGAGATCGCCAAGTCCACCGCCCATGCCCCCGAAATCGACGCCTGGACCACCACTGGGGCCATTGACACCTTCGGGGCCGAAGCGGTCGTAGCGGGCGCGCTTTTGATCGTCGCTGAGGACGTTGTAGGCTTCGCCAACTTCTTTGAAGCGCGCCTCGGAATCCGATTTGTTGTTGGGGTTGACGTCGGGGTGATGTTCACGCGCCAACTTGCGGTAGGCGCGGCGAATCTCATCGGCACTTGCCGTTTTTTGAACGCCTAGAACCTCGTAATAATCTCTGGCCATGACAGATGGAGGCCAGAAGCTGGAGGCCGGAGGCCAGATGTCAGAGTTGGGAGTTAAAAGAGAAGTGCATCTGAATTAATGGCTTCTCCTTTCTAGGCTCCTTCTCTGGCTTCTGCCCTCTGGCTTCCGGCCTCCGGCCTATTTCGCGACTTTCACCACACTTGTGCGTAAGACCTGCCCGCTGAAGCGGTAGCCGCGTTTGGCTTCTTCAACGACGGTGCCACTGGGGACGCCGGGGGCATCCACTTCTTCGATGGCCTCGTGTAAGGTGGGATCGAAGGGTTGGCCCTTGGATTCGATGGGTTCGAGTCCGGCATTTTGCAGGGCGGTTTCCATTTGCTGGGCAACGAAATCGAGGCCGATTTTGATGGTGTTGACATCCTGCGCCTGTCCCGCGTACTGCTGCGCGAGCGAGAAGTTATCGAGGGCGGGCAGCAAATCGTCGAGCAAACGGCGCTGGGCGCGAAAGCGCTCTTCTTCGATGCGGCGCGTCGTCTGACGCTTGTAATTCTCAAATTCTGCGGCGAGATAGGCGAGTTGCGACTGGGCTTCTGCGAGTTGTTGCGCCGTTTCGTCGCTGGCTTCCAACGAACTATTTTGATTG
AP024152.1_gap93	3715121	3719491	4370	CCCCTCGGCATAAATGGTATCGAACGCGAGCGACGATTTGCCCGACCCACTCAGTCCCGTAATAGTAATCAGTTCATGGCGCGGCAAAACCAGGTCGATATTTTTGAGGTTGTGTTGCCGTGCCCCCTTTACGATGATGTATTTATCGGGCGACGGATTCTCCGGCGCAAACGCTCCTGCATCTGGCGCGCAAATGGGCTGCGTCTTCGCGCGCGTTGTTTTAGGAGTCGCCGCTTTTCGAGTCGCCTTGGGTTTGACTTCGGCAGTCGCATCAGCTTTTGGAGTCGGCATAAGATCTATATGATTTCAACGAGGCGAAAAAAAACGCCCTCAAACGGATGCTTGAGGGCGTTTCAGGTGCCATTTTTCATGATTCAACAGTGGATTCGAGTTGATGCTGGATATTTTGGCTTTCATGTAACACGGCAAAAATCTCAATGCCATTGCTTGATGCGAAAGCGCGGTAGTAGATCCAATAGCGTTTATGATTTTTTACGCGATAGCGGCGGAGGGAGTGGAGAACTGGATTCGCAGTTGGATACGATACGCCCAGATTAGGCTGGTCAGTCAACTCTTCGAGAGTTGTCTTTATGTCTGTTAACCATGCGACAGCTTTTGGCGATTCTCGCGCCCAAGATACAAAGTGACATTTTGAATGTGTTCTCGTGCGCTACCGCGCAAGATAAAAACGGAATTACTTGGACTGTTCATTGTCGAGAAGATCCATCGTCTCCTTTTCAAATTGGGTCCACCATTCAGGTGTCACTTCGATGGTGGGAGAATTGAGGGCTTCAAGAAGCTTTTTTTCTTCCCACGAAGTATTTTGATCATCCAGCAACACTGTTTCAATTTGCTCGCGCACCCACGACTGCGAATCGAGGTTGCGTGCCGCCGCCCGCGCTTCAATCTGGCGCAGGGTTTCCTCCGAAATTTCCAACTGCAAAATACTCATAAAGATAGTTTAGAAATTCAGGGCCTCAATTTCAGCCCCAACATCCATCGGTAAACGGGTATTCACCCACTCGCGCGGTTCAAAGCGGGCTTCCAAACACATTGTTCATGCTGGTCGCATCGAATGGCTAAGAATGGGAAGAGCCGTTTCTTCATTGATTTATGAGGCAGTTGTCCCAATGAAGCTAAAGTAACCCGCGCCGATGCAGTGAATCTAGCAACGCTGGCAAGGCCTCCAGGGTTTCATTGACTCCGGCATGGAGTAGCACTATCTTTCCTGGTGCGGCCCCATTCAAAACGCGGCGCATGAGTTCGTCGCGGCCCGGTCTTTTCCAGTCGAAGGCGTCCACAACGCCCTTGGTCGCGTTGCCAAAAGGCGCTTTCAGTTCGTGACCTTCGGCTTTGGCGCGTCTGGTGATGGCGGGCGAGTTCTGGCGGCGCTGGTTCGAGCCACACAAAATGGCTTTCACGTTGGCGGCGCGCAAAATATCGAGCAGATGGTCGTCCTGTCTGGCGTCGCGTGAAGGGAAATCATCGAAGACCAATCGAACTGGAGTCGTGTCTTGCGCGCCATCGCCGTTTAGAATCGCGCGCACGCTTTGGAGAATAACATTAGAACGCGCGATGCCTTGCAGCGAGAGCAACACCCGACCCGTTTCGTCCACAACTAGCGTTGTCGGGACGGCATGGATTTTCAGGCGATTGGTCACGTTTCCCCCTGTGTCCAGCAAGGCTGTGCGCGCGAGGTCGGTCCAACCCGGTTCGCGACTTTTATCACTCCAGCGCCCATCAACCGATACGATTTGCCAGTCAACGGGCAAACCGCGCGTTTGTTCCTGGGCGCTCGCCATACGGCGTGATTGCTCTTTCCAGGTATCGCACCAAAAGGCACAAAACGAGACCACAGTAATGTGGCCGCGCGCCCACAGTGGTCGTGTCCCGCCACTGGCGCTGGTTAAAGATAATGGTGGCAATGTATCACCGGGAGTTGGAGCGGCCAACGCTGGTGACGCCAACAACAAGGAAATCAGGGGGAATGCCACCTGGAGCGACGAAGAGGCCAGGGGGAACAAGCGCTTATTTATCACTGGTGACCTCCAGAACTTGCGCGTCGGAGTTGCCGCGCTCGTCGGGACGGCGCAGCACTTCCGCCGTCGCGGGCAAGGCCGTTACTTTGCCAGCGGATTCGGCGCGGATGTAATAGCGGAAGGTGATTGGAAGACCGTTGCCGCGCACATAATGAATGATGGCGCCATCGCGCACTTCCTGTTCGCCACTTTGACCGTAATCGTTGTCGTCTTCGATGTATTCAAAGCCGGCTGGAAGCGGTTCGGTTACTCGCATGGCGTCGGCGCGCTCGGATGGCCACACCACGACCGTGCAGCGAATCGGTTCACCCGCCACGACGGGGCGCTTCAGTTCATCCCACGCCTTGCCCGCGTTCTGGGCATCGTAGCGGCGGAAGACGCGCACGCCCCCTCCGAACTCGAACTGTGATGGGATGAATACTCGTGTTTCGAGCGAATAGAACACCTCGCCTCCGCCGTTGCGCTCGACACTGATGGTGTTGTCACCATCGCGCCATAAGCCTTTGGGAATCGCCACTTGCAACGGTTGTCCCGCGATTTCGGTAGGTACTTTTACGCTCTGTCCGTTGAGCGAAACGTGCACAGTGCCTAGCTTTCGCGCCGAGGGGTGCGCTTTCGCGTAGGCGAGGAGGGCTCGCAAACGCACCGTTTGCGCCTCGAACGACGAATAAGAGAAGTTGGAGTCGTTGGCGAGATAGCGCGCCAGTTTGATTTGCAGAGCACTGTCGCGTCCCATCTCGGCGCACAGGAGCAGAGCGGCGGCAGTGGCATCGCCTGTGGTCGCTGTCCAGCCTGGACGCTCACCGACGCGCAGGCAGGCTTCGTCGGGGCCAACGACCACATCTTTTAGAACGTCGTCCGCAATTTGACGGGCATCGTCTTTTCGGCCTGCCCGAAACAGCGCCTGGGCCACGATGAGCCGCGCATAGGGCGACAGGTTTTCGGAGCGGCGCAACACTTCGTCCAATAGTCTTAGCCCCGTTGGGGCGCCGTCGTCTGGCCTTTCGGTCGCGAAAATCGCTGCTGCCAGCAGTGCGCGCTGTTCGCCCAGTTGGTTCTGATCGTACAGATAGCGGGCACCCGCCAGCCCCCGTTTTATCAGGGATTCGGGCACATCGGCTCCATCGGCTCTGGCACGGCCCAGAGCCGACAGTACGAACGCTGTATTTTGTGGATCGCTCTGGTCATCTTCCCACCAGCCCCAGCCGCCGTCGCCCGTTTCATAGCGGGCCAACAGAGCGATATTTTCCAGGCGTTCTTTGTCGAGCGAAGTCACGATTTCGGGGGCCAGAACCGTTACATTCAGGCGTGAGGCCGCGATGGGGGCTGTATCGCGCGACGTGTTGTACAGGCTGCTTGCCAGCCCTCGCGCTATCTCGGCAACTCCTCCACCCAGCGTCAGAACGGCGTTCGTGGCGGGTTCGATGTGGCCTGCGGGCAGTGTGACCTTGAGGTTCGCGCTGTTCGCTAGGGTACCGCCCTGCAAAACGCGGCGGATGATGCCGTTGGGCACGACCTTAACGCGCGATTCGAGGGCGTCCGATAAATCGGCGGCGTTCACATTGGTGGCGCTCGAATCAATGGTGCGTCCGGTGAATTTCACTTCACCTGAAGCGGGTAACTCGCCGATTGTGACCGGAAAGCGTGAGCGCCCTTCACCGCCCGCTTTCACTTGCACGCTCTGGACTTTCGGTCCGGAGATGGTGGCACCAACCGCCGATAGCGCGGTTTCCAGAGTGCGGTCTTGCGTTGTGCGATTGTTCGCCGATGCAATGAGCGTTAATTGGTCGCCCGTCACAAACTGGCGGGGTGTCGCCAGTCGCAGGGTAATTGGACGTGTCGCGGTCACGGAATCCTTGGCGATGCCGACGCGGGTATCGCCTGTGATGGCGCGTGCCGTCGCCCGCCATGTCGTCAGGTTGCCGGGAATCGGAACTTGAAATGTCGCCTTCCCCTGCGCGTTTGTGACGACGCGTGCGTTCCAGAACGCCGTATCGAGGAATTGCTGGCGTACCCCCGCCATTTTATTGACGCGCTGGTAAGCGCCGCCCGACTGTTCTTCGGGTGATGAGGTTGAAGTCGTCACGATGTTGGGACGAAGCGCCCAGAACAGGCTGTAGAGATCGCTCGTGCTGTCGGGACGGACCGCGTACAGCGCTTCATCAACCACACCAACCGCGACTTCGGCAGAAATTGGTGCCCCTTTATCGTCGGTCGTTTGCACCGTATAAGTCGCTTTGTCACCGGGGCGATACTGGCGCTTGTCGGCCTGAATCGAAACCTTCAGCTTGCGCGACGGATCGGGCAAGGGCATGATGGCGTTATCGGAAA
AP024152.1_gap94	3722503	3723143	640	AATCGAGCAGGGCCAGGTAACGATTGGGCCGTGACAATGGCGACGCCCACACGGGCCGCACATTCCACGCGCACTTCTCGCCTTCAATATGCGCGCACAACCACTGTTCGCGCCGGAAAAGTTCAATTTTCATGGTAATTTTGCTTTCGATTTCTTGGCACGACGCCTTGCTTCAAAGCCGGAAAAGTCCATATTGCATTCAATGAGTTGTTTACTTTGATTGAATGTAAATTTCAGAGGAAGCATTTGCTCAATTTGCTGGGCTGGAAGGAAAAGTTGCCGTTCTTCATAAGCCCGAATCCAGATTGCCCGTTGTGAGTTGGGAGGCCAGTGAGTGCTGTTAAGAGTGGCTCCGCGCGCCAAAATTATTGCCTTACCGATAGTTGAGTGGATGACAACTCGTTGCCGTTTAGCGTCCCAAACTGTGGCTCCATCGGGATTGTAGGTGTCACTGGGGAGCGGATTAAGATGGTCGTTAAGCCAACGTGCCCTTATCCATAAGTGTCCGTTATTCAAGAAACCATCAGGGATGGTGAAACTGTGGATGGCTCCATGCTTAACGAAAGGATGTCCAGGTAGGATAATGAGCGAAGGGGGGTAATAGCCGTTTCGGTTTTCTCTGTCGTAGAGCGAGCCGGAA
AP024152.1_gap95	3736812	3738278	1466	TCCCCACCGCTAAATTCGCGACCTTTGATTCGGCAAGAGAGGCTAAAGCCTATTTACATGCCCAAGACGAGGGCGCTTTTGTTGTCAAAGCCGATGGACTTGCCGTTGGCAAGGGTGTTGTGGTTGCGGCTACCAAAGATGAGGCTGTTGCCGGAGTAGACGAAGTGTTGGGAATTGCCTCGCAAACCGTGCAGGGCGACGCAGGGCGCGTTCTCATTGAGGAAATGATGAGCGGCCCCGAAGTATCGTTTTTCGCTCTTTGTGACGGTCAGAATTTGCTTCCTCTCATCGAAGTACAGGATCATAAGCGGGCCTTCGATGGTGATGTCGGACCTAACACCGGGGGGATGGGGTGCTATTCGCCCGTTCCGTTCTGGAATCAGGAACTGCGCGAACAGGTCATCGAAACCATCTTGAAGCCGACACTCGAAGGGCTTAAGTCCGATGGCGTCGAGTATCGCGGCGTGTTGTATTGCGGCTTGATGATTACCGAAGACGGACCCAAAGTCATCGAGTACAACGCGCGTTTTGGCGACCCCGAATGCCAGATTTTGATGACGCTGTGCGAATCGGACATCGTTCCCGCGCTATTGGCCTGTGCCGGGAGCAAAGACTACTCGTTGTCCGAAATTGAGTTTGGTTGGCGCGATGAGGCTGCGCTTCTGGTGGTGTTGGCTGCCAGTGGTTATCCGGCTACTCCACGCCGCGATGATCCCATTATCGGATTGGAAAGTGTGGCCGATACCCTCGTCTTCCACGCTGGAACGCGCGCTGAAAACGGGCGCATCCTCACGGCGGGTGGGCGTGTTCTGGGAGTGCTTGGTACAGGGGCTAATTTCGCGCAGGCCCGCCACAAAGCCTACGAAGCCGTTTCCCACATTCATTTCGAGGGCGCCCATTTCCGCTCCGACATCGGCAAACTCGCTATGAGCGAAGCCAAGTAATCGTTCTTACAAATACGGCATCACAACGGTGTTGGAAAACCCGCTCGTGCTGCCGTTTTGTGTGGCAGTGGCCGCCCAGGAACCCACTGGATAGCCCTTCCAATCGAACTGCCACTCCGCGCTGCCTTTCGCGTCGGTCTTCACCGTGTGCGTGTTGCGAATGCTTCGGATCTGCGGTGCGTCCCACGCTTCATCCGAGGAGTACGCCAGTTCCAGAGTCACATTCGTCTTCGCTTTTCCCTTGAATTTCACCATGAACTTGTGGCTAACGGGAGCTATAGCATCATCGCGCACAATCGAAAGACTGGGCGCCGCAAGGCCGTCGTTAGAACCATCCTGCAAAGAGATTGGGCTGTTGACGCCGTCAAACAAATTCTGCTCGAATCCATTGCGCCGGGACTTGTGCCCATGCACGACGATGCCATAAGGCGCGCTCTGAAATTCGTTGCGCTCAATGCGAGTTTCACTGGAGCGAATCGAAACAATTTCGTGTGGCCAGTTGATCCACTTCACCCCAATGAT
AP024152.1_gap96	3758906	3763691	4785	CGTTTTTGACACCATGCGATTTCGGCTTGGCGGATGCTACTTTTTCCAGATGAAGTCGAACGGTTTTCTCGATGCCGTTGGCGTCTAGTCCCAGTTCATCGCGTTGGATTTTGGGGCTGGCGTGATGAATGAACTCGTCGGGGATGCCGACAATTTCTAGGGGTACTAGAATCTCTTCGCGCGCTAGCAGTTCCAGCACTGCCGAGCCGAAGCCGCCCAAGCGGGCATTTTCTTCGACCGTCACAATGCGTTTTGATCTGCGCGCTACGTCGCCGATTAGTTCCTCATCCAGAGGTTTGACGAAGCGGGCGTTCACGAGTCCGACTTTGGCACCTTCGGCGCGCAATTTCTCAACGGCGGGAAGGGCCATCTGTACCGAGTAGCCAATCGCTAACACCGCGACATCGAACTCTTCATCTTCGTTGCCCACTAGCAACTCGCCGCGCCCAATTTCCATCGCCTCAATTGGTCCGCTCAGGTCAATGCCCACGCCATTGCCGCGTGGATAACGAACGGCACTTGGCCCATCAAGTTCGACGCTGGTTTTTAGCATCGAGCGCAGTTCGCCTTCGTCTTTAGGAGCCATCACGACCATGTTGGGAATCGAGCGCAAATAGCTCAAATCCATCACTCCCTGATGGGTCGCGCCATCTTCGCCGACCAGACCGCCGCGATCTAGTGCGAAAGTCACTGGCAACCCCTGAAGACGGTGCTGACAGACATCGTGGATGATCTGGTCGTAGCCGCGCTGCAAGAACGTCGAGTAAATCGCGACCACTGGATGCAAGCCCTGGAGCGCCAGACCCGACGCAAAAGTCACCGCGTGTTCCTCGGTCATGCCGACATCGAAGCCGCGCTTTGGAAACTTCTCGATGAACTTATCAATGCCCGTCCCACCGGGCATTGCGGCAGTAATCGCCACGATTTTCTCGTTTTGCCCGGCCAACTCAATGAGCGCGTCTGAAAACACTTTCGTATAGCTGGGAGGTGCCGCTTTGGGCTTAACCAACGACGCCGAATCTTCCATTAGCGCGTCTTTTTTCGACTCGCCAAAGCCTTCCTTTTCTAGTTCGGCGGGCGTGGCGGCGTGCCACTTGATTTGTCCATCGGGCAATTCGGCCTTCTCGAAACCCTTACCTTTCACTGTGACGGCGTGAATTAGCACAGGGCCGTTAATGGTCTTGGCCGTTTTTAGCGCCGAAATCAGCTCGGTATAGTTATGCCCGTTGATGGGGCCGATGTAGTGATAGCCCAGTTCTTCAAACCAGAGTCCTGGCACCACCATCGAACGCACGCCCGCGCGCAACTTCTGCCCGACCTCGACCACGATTTCGCCGCCTGGTAACTTGCGAAAAATCTCTTCCAGGTTTTGTCGCGTGTTCTTATAAATCGGATCGGTGCGAACACGTCGAAAATAGGTTGCCAGCGCCGATGAGTTGTGCGAAATGCCCATCTCGTTATCGTTGATGATAACGATCATCTTGCGCTGTTCGTGGCCGGCCTGATGTAAGCCTTCGAGGGCCAACCCACCCACCAGCGAGCCGTCGCCGATCACAGCGATGACGGCTTCGTCGTCGCCCTTTAAGTCGCGCGCGACGGCATAGCCCAGAGCCTGGGAAATCGAAGTCGAGCCATGACCGGGGTTGGTCGTGTCATACGGCGATTCCTCAATGCGCGGAAACGGCGCAATACCGTTTTTCTGACGCAATGTGTGAAAGCGGTCGCGGCGTCCGGTCAAAATTTTGTGGGCGTAAGCTTGATAGCCCACGTCCCACACGAATTTATCGCGCGGCGAATCGAACACGTAGTGCAGCGCGACGCACAGATCAACGGCGCCCAACGGACCCCCGAAGTGACCTCCGGTATGAGCGATGGTGTCGATGATAAATTGGCGGACCTCCGCCGCAACTTCCGGTAGCTGAGAGGGCGAAAGTTTTTGTAGGTCGGCGGGCGAGTTGATGTGCGGCAGATATTTCATTTGGTCGGTTGGAAGACAGAGAAGCGAGATGTTTTGGCGGTTCCAAGAACCACCCAAATACCCCGCCACCTGACCTCCTCATTTCTGTCTTTCGATAACGAATCTGGCAAGTTGACGCAAAGCGTCAGCTTCGGTTTGGAAGTTTTGCAGCGAAGTGTGAGCAGCTTCGCTCGATTCTCGCGCCAAACGCTTCGATTCGTCCATCCCGAACACGGCGGGATAAGTCATTTTGAGGTTGTCCGCATCGCTAGAAGCTTTGCCCATCACTTGCGGATCGCCCTCGACATCAAGCACGTCGTCCCAGATTTGAAACGCCCGTCCCAGATGTTCACCATATTGACGCAGTGCTTCGATTTGCTCCTTGTCGCCCCCCCCCAGAATGGCACCGCACTGCGACGCCACCCGCAGCAAAGCGCCGGTTTTCATGGCCTGTAACTGGGCGAGTTGCTTGCCCGAAATCTTGGCGCGGTCATCTTCATCTTGAGTCCAGTCGATGTCGAGCGCCTGTCCCCCCGCCATACCCTGCAATCCTGCGGCCTCCGCGATTAAACGAACAACTCGCAAATGACGCAGTGGCTCCTCGGCACTCACCCAGAAATCATCGTCAGGAATGCGCGCCGCCACTTCAAAGGCGAGAGTTTGCAGGGCATCGCCCGCCAGAACCGCCATTGCCTCCCCCCATTTTTTATGCGTCGAAGGCTGCCCCCGTCGCGTGTCGGCGTTGTCCATTGCGGGCAGATCGTCGTGAACGAGCGAGTAGGCATGAATTAATTCCAGCGCACACGCGGGGGGAAGTGCCATTTCCAGGTCGAACAGCAAATCTTTGCTTTCACGTGCAAAATGAACGCACGACGCCGCTTCCAACAGAAGCAGTGGCCGTGTCCGTTTGCCATCAGAAAACACGGCGTAACGCATAGCGCCCGTAAGTTGGTTGAGGCCGCGTTCGCCGCTTTTTTTAGGCGCGGGCAACAACGTCTGCAAATAGTTGTCGATGGTCTCGGCGCCAAAACGCCAGTTAATTTCGCTCATGATCAAGAAGCTGTTAGCTCTTAGCTGTCGGCTCTTAGTTTCTCGACTTAACTCTTAGAAGGCATCGAATCGCCCTGCTAAAAGCCAATTGCTAAGAGCTACAGCTTCTCACTCACTCTCCTCCAGTTCCAGTTCGCCTTCGTCCGTCAGCAGCAGCGTTTGAAGCGTTAGTTCTGCCTCACGCAATACCTGTTCGCAGCGCCCTTTCAGTTCCTCCCCGCGTTTCCAGAGCGCGAGCGAAACTTCGAGCGGAACGCCGCCAGTTTCCAGTTTTGCCACAACTTCCTCATATTCGCGCAGCGCCTCTTCAAACGAGAGCGATGCAGCGGGCACCTCGGCTGGAGTTGCGGCGGTCGCCGGAGAGGGCGGCGACTCAGGACGGCGAGTGGATGATTTGGACGGCAACTTGAAACGTTCCTTTTTGCAGTGTGACGACGAGCGTTTGCCCTTCACGCACTTCTTCGAGTGCCGAAATAATGGCCCCGCTTTGCGCGTCAGAAAGCATGGCATAGCCCCGCTCCAACACGCGGCACGGATCGAGCGCCCTTAACTGTGCGCCCAGCCCCGCCAATCGCTGCGTTTCTATTTTAACACGCGCTTTACTCGCTTCTTCCGCGCGTTTTCGTAATGCTTGCAACCGTTCTCTCTCCAGTTCCAATCGTTTCGCTGGCGAAGCGAACGCCAGCTTTTGGCCTAAAAAATCGACCTGCTGCCGTGCCAGCCTTACCTCTCCCCCCACGGTCTGCGCCGCTCGCAATTGCAACCCCGCTAAATACCCCAACAATTGCCGCACATCCGGTGCCACCATTTCTGCCGCTGCCGACGGGGTAGGAGCCCGTTTGTCTGCCACAAAATCCAAAATCGTGAAATCGGTTTCGTGCCCAATCGCCGAAACCAGAGGGATCGAAAAATCTGCGACTGTGCGTGCCAATTCTTCATCGTTAAACGCCCACAAATCTTCCGCCGACCCTCCACCGCGCGCCATAATCACCACATCCAGATCGCCCCACGCCTCGGCGAAATGCAGCGCCCGAATCAAATCCATCGGTGCCGAAAACCCTTGCACCGCCGCTGGAATCAACACCACCTGAGCCAGAGGGTAACGCCGTGAGAGCACATTCAAAATGTCCCGAATAACCGCTCCCGTCGGCGAAGTAATCACCCCGATGGTTTTTGGCATCAGTGGCAGTTCTTTCTTCTTGTCGGCATCGAACAGCCCTTCTTCCTCCAACAAGGTTTTCAATCGTAAAAACGCCTCAAACTGCGCCCCCTGTCCGGCAAAATGCAGTTCCCGCGCAATAAACGAGGTTTCGCCGCGCGCCGGGTAAAAGTCCACGCTCCCCAATGCCAGTACTCGGTCGCCGTCACTGGGCCGAAACCCCAGTCGCGCCGCATCGCGCCGCCATAAGACCGCGCGGATTTGCCCGTTCGCATCCTTGAGCGAAAAGTAGCAGTGCCCCGACGAATGAATTTTGAAGTTGGAAATTTCCCCCGTCACTGCGATGTCCGACAAAATCGGGTCGCATTCCAAAACGCGCTTGATGTGCAAATTGAGGTCGGACACCGAAAACACCGCTTCGGTCGCCTCACTGGGGTCGAGAAGGTCGAACACGCTTACTATAGATGAACGGGAAAAAGTGCGGACGCCTATTTGTAGAGCTTTTTCACCACCAGCCACCCTAATAATCAGTGGACGTTCAGCGATTCGGTCTCCGATAGTAATCTCGCCTCATCTCTCTTTTTCCTGACTACTAAAACTTGAGGCTGTCCATTTCCCG
AP024152.1_gap97	3776110	3779980	3870	AGATTCGCTGCGGTCCTTCGACCTCGACTCCCAGCGTTCGACCGGAAAACTTCAGTCCATCCGTCTCACTCCCCCCCGCGAACTCTATCTCTCGGTTACAAAGGGCAAGGAAATCGCTGAGCAAGTCAAAGAAGCCCTCGCCGAACGGCTCCACCAACTGCGCGCCTTCCCCGAAGACGCGCGCCAACTCAAAGAAAAGACCGAACTCGAAATCGCCAAGCTCGAAGGTGGCGTCTATTTTCGCGGCCTCGAACGCTATCGCGGCTTGCTCTATCCGCAGCATCCCACCCTCTTCGATCATCTCCCCACTGGTGCGCTGATCGTCTTCGCCGATCCCGACCGTAGTGCCTCCCAAACCGCGCGCCTCCTCGAAGAAAACGCTGCCTTCCATGCCGACGATGTTCTCCCCCTCCCGCCCTCGCTCTGCGACTGGAAGGAACTGCGGAGCCGTGCTATCAAGTGGACACAACTCGAACTGCGCGCTTCGGGCGATGAAAGCGCCGACTTCGATTTAGACGCCCATACCCCGCCCGCTTTCGCCGGAAACTTGCCGCAACTCGGCACCTATCTCCGCGATACCCAGTTCAAGGGCGACATTATGGTCTGCGCCACCAGCCACGCCCGCCGCGTGCGCGAGATTATGGCCGATCAAAAGGTCAGCAAAGTCGCCCTCATCGACGAACTCCCCCGCGCCGAAGGCGGACAGGTTCTGGTCTTTCCCCACCGACTGACGGGCGGTTTTCGTTGGGGCGCGACGAGCGTGATGTGCGACGTCGAAATGTTCGGCTGGCAAACCTTCCAGCCGCGCGTCTCCACACGCAATCGCAAGAAAAAGAAGAACGCGGGGACCAAGTTCTCGACCGAATCCTCGCCCCTCGCCCGTTTCAGCGACCTCCAGGTTGGCGACTACATCGTCCACATCAATCATGGCATCGCCCGTTACGGCGGCGTCGTCCAACGCGAAATCGGAGGCGCCATCAACGAATACCTCGCGCTCGAATACGAGGGCCAGGACCGCCTATACGTCCCCGTCGCTCAACTCGACCGTGTTCAGAAATATCTTGGCTCCGAGGCTGCTGTCCCCTCACTAACCCCGCTTAAAGGCGGTGTGTGGGAGAAAGCCAAGCAAAAAGCCAAAGAAGAAGCCATCAAAGCCGCCCAAGAACTTGCCGTTCTTTATGCCGCCCGCGAAAAGGCCCACAAAAAGCCGGTCGCTCCCGACTCCATGTGGCAACGCGAAATGGAATCTTCCTTCCCCTTCGAGGAAACCCCTTCGCAGTTGCAAGCCATCAAAGACGCCAAAGTCGATATGGAGAAGTCTCGCCCGATGGATCGCCTTGTGTGCGGCGACGTGGGCTTTGGCAAAACCGAGGTCGCTGTGCGCGCTGCCTTTAAAGCGGTTCAGGACGGGCGTCAGGTCGCGATTTTAGTTCCCACCACCGTTCTAGCCCAACAGCACTTCCAGACCTTCTCTGAGCGTATGAGCGCCTATCCGGTGCGTATCGAGGTGGTCTCGCGCTTCAAAACCGCCACTGAAATCAAGCGCGTCCTCGAAGCCGTGAAAAACGGCGCCGTTGATATTGTCGTTGGTACCCACCGCCTCATCCAACCCGATGTCGAATTCCACGATCTCGGTCTCGTTGTAGTGGATGAAGAGCAGCGTTTCGGCGTCCTCCAAAAGGAGCGACTCAAAGAATTGCGCGCGGAAGTAGACATCCTCACCATGAGCGCGACCCCGATACCGCGCACCCTGCAATTGGCGCTCGGTGGTTTGCGCGGCATCTCGCTTATCACCGACCCCCCACAGGGCCGTCTTCCAGTTCGCACCTACGTCATGCAAATCAAAGATGGCGTCCTCAAAGCCGCCGTCGAGCGCGAGTTAGAGCGCGAAGGTCAGGTCTATTACGTCCATAACCGCATCGAGACCATCGGCCTGATCGCCGAAAAAATTCAAAAGCTGGTGCCCAACGCCCGCATCGGTGTCGGTCACGGTCAAATGGGTGACGAGGAACTGGAGCAGGTCTTCCTCGATTTCATCAATCACCGCACCGACGTTTTACTTGCCACCACCATCATCGAAAACGGCATCGACCTCGCCAATGCCAACACCATCATCTGCGACAACGCCGACCGCCTGGGTCTCTCGCAGATGTATCAGTTGCGTGGCCGCGTCGGACGCTCGCCGCGCCAAGCCTACGCTTACTTCTTTCACGGTTCGCGCGGCAAACTCCCCAAAGACGCCGAAGACCGCTTCGCTGCCCTCCAGGAAAACACCGATTTGGGTGCCGGTTTCCGCATCGCCATGCGCGACCTCGAAATTCGCGGCGCGGGCGATGTATTGGGCCTCAAACAATCGGGCACCATCGCCGCTGTCGGCATGGAACTCTATTCGCAGTTCCTCGCTGAAGCTGTCGCCAAATCGCGTGGCGAGCGTGTGCGTCAAGCCCGCACCGAAGAGCTCCCGGAAGCCGATTTGCCCTTGCCCGCCCTCCTGCCCGATACCTACGTCAAAGACGATGCAGAAAGGCTGCGCCTCTACCGCGCAATGACAGGAGCCCGCAATTTGGATGATGTAACCGCCATTCAAGAGGAACTGCGTGACCGCTTCGGCCCCTTGCCCCCGCCCGCTTTCAATCTCATTCGTACTCTCAAAATCCGTATCAACCTGTTGCGCGCCCGTCTGCGCTCCATCACCAAATCACCCGACGAGGTTTTGTTGCGCCTCCAACCCGGTGACTCTTTCGCACCGGAAGACCTGAAAGCCGTCGAAGCTGCGATCCGCGAAAAAGACAAGCGTTCTGAACAACACATTTCCCTGCGTAAATTGGAAGGCCTTGCCATCAAAACTCGCACTCTCGGTGCCCCTCAACTCCTGCGCCTCGTCGAAATCATCGTCGAAGCCCTCGCCGACGAACGCGAGAAGCGATTGAGCGGATGAGGATTTCGCGAGCAAAGAGTCCCCCCGATTAAAATCGGGGGCTACAAGTCAGCAAGTTGACAACTGTTCGCCGCCGCGAACATGAAGGTTTGGTATGCCTCTCATCCAAAATTATGTTCATTTTGTCTGGGCGACGTGGGATAGACGCCCCAATATTGAGGCTTGTTGGGAAAACGATCTTTAGCTCAACTCCGAGCCGAAGCCGAGCGAATAGGATGTGTCGTTTTGGCCTTGGGCGGCATCGAAGATCACGTTCATTTGCTTGTCTCATTACCAGCGACTTGCTCCATATCCGAAGTTATGAAACAGGTGAAAGGTGCTTCCTCTCTATTTGTCAATACCCAGCTTTCCCCACTCGAACACTTCAAGTGGCAGCACGAATATGCTGCTTTTTCCGTCTCGCGCTGGGATAGGCACAAAATTGCGACTTACATTAACAACCAGAAAGAACACCACGCCGCCGGGACGATCAAATCTCAACTCGAACTGCCACCCCTCAAAGATGTGCGACCGTGAAAATTCCCTATAGCTCCTGATGTTCGCGAAGGCGAACAGTTGTCAGCTTGCTGACTTGTAGCCCCCGATTTTAATCGGGGTTATTAAACCCAGTAGTCGGGGGAATATCTACCCCCGACATACTTAAGCCTTCCTAATGCCAACGCCACTGCACGCTCTGTCGCCACTCGATGGACGTTACTCTGTTCAAACTGAGCCACTGGCTCCCTTTTTCTCCGAGTGGGCTCTCATTAAGTTCCGCGTCCATGTCGAAATAGAGTGGTTGCTGACCCTCGCCGAAACGACCGCCATTGACAGGGTGCGTGCTTTTTCATCCGAAGAAGTGCGTCTTTTACGCTCCATCTCCGCCAATTTCTCCGATGAAGATGCCGAGCGCGTCAAGCGAATTGAAAAGACAACCAACCACGATGTCAAAG
AP024152.1_gap98	3786105	3788285	2180	GCAGGTACCGCAACCGCCACCCGACGCTGCGGGAGCCGCCTCGCCATCTTTGGGGGTGAACGATGAGCCACAGCCACACGACGAGCCCGCGTTGGGGTTATCGATTTTGAAACCGCCGCCCATCATGGACTCGACGAAGTCAATTTGTGCGCCGCCGAGATACATGGCCGAACGGGGGTCAACAATGACGCGCACGCCGTTAGCCTCGAACTGCTCGTCGCCTTCCATTGGCTCTTCTTCGAGCGTCATGCCATATTGAAAGCCCGAACATCCGCCGCCCGCGACGAACACACGCAGCATCGCTTCCGGCTTGTTCTGGCGCTCCAGCAGACCATGCACTTCCTGTGCGGCACGGTCAGAAATCGAAATCATCGAAGTGGTGGTTTCCATAATAGTGAGCGGTGACGGTGTTCCCCGTTGGCCCGCGCTGAATTTTACAGCATCAAACCAAACGTCGCGTCACAGGTTCCGTTCCGCCCGTCCTTTTATCTCAAAATTTTATCACTTGACATTAGGGCTATTCTGTTGCACCTCAGGGATGTCTTCCGTCCGTTGTCCCATACGTGACTAAGCGGTAGGTTATTATGACGCTTCGAGGAAAAACTCTGTGTTTGGTGGGGGGCAGCCTGGTGGCGTTGCTACTGGTGCTGTACGTTTTTACGCGTCAGGTTGTGCTAGACAACTTCAGCAGGGCCGAATTCCAAAACGCACAACTCGATGTGCGAACAGTCGAAGGTATCTTGCACAGTAGCACTGGCGATTTCGGCAAAGTGCTACAAAACTTCGCTGGATGGGACGATACGTTTCAGTTCGTTCAAAATCGTAACCCGCTTTATATCAACAAGAACTACTACGTCGAAACGCTGCATTTGAACGAAGTCGATTTCGCCTATTTAATAACGCGCGATGGGCAAATCATCCCATTGGGCAGTCAAACCCCCGCCAATCTAGGGGCTCAAGTGCGAGCGCTCAACAAGCACCTCCCCCCAACTTCGGCGCTACTGCGTTTCTCCAGTTCGCGCTCTGTCAACAGCGCCATTATTAACCTGCCCGCAGGTCCAACACTGGTCGCTGCCGCGCCGATTGTGCCCTCCGATTTCAGCAACCACATTCAAGGGACACTTATTTTTACGCGCGAACTTACTTCTGAACGGATAGCGCGCCTGACGCGTTCGATGAACTGCACTGTCACTTTGCGCGCTCCTGCTACATTGCCCCCAGACAAATTAGACCAGATTGAGGTGAAGTTTTTAGGAACGGATGGGCCAGTCGAACAGCAAGAAGTTCTCGCTGCGACGGTTTTACCCGACGAAAACGGGCAGGCGCGCTTTGTTCTTTCTGTAAGTCATCCGCGAGATATTTACACGCGCGGCGTCCAAACCGTTGGTACTTTCGCGTTTGTGCTGGTGCTCGCCGGGGTTTTGTTTGCGGGACTTGCGCTCTGGCTTATCGAGGTCCTTGTTCTTCGACGCATGGGAGCCTTGTCGAAAGATGTGGATGGCGTGCGAGAAAGCAGTGATTTGAGTCGGCGCGTCGGGCAGGAAGGGAGCGATGAATTGGCTTTGTTGGGCCAAAATATCAACAGCACGTTGAGCGCCCTCGAAAGCGCGCAACGCTCACGTCTCGATGGGGAAGCACGTCTTCGGGAAAGCGAACGGCTGCACCGGGAACTCGCTCATGTCGCCCTGACAGCGGGCGACGCGTTCTTTGTTGCCGAGCTGCTTCCCGACGCCGACTTGCTGGAAGCTCCCCTGGAATGGAAGGGCGACTCCACGCCCCGCTATGCCAACTATGGTCGTGCCCCAGAGAATTTGGGCGAATGGATCGCTTGTGTCAACCAAGATGAGCGGTCAGCCCTGCGTATCGCCTGGGAGCATGCCACAGAGGGTAAAGAGTTTGAAATCGAAATTGCTCTTTCTCAGCAAGATGGGCCTGAACTGCACTGGCTTCATCGCGGTACCTTGCTACGCGGTGCAACAGGCGAACCGGACCGGATTCTGGGCGCCTGTCTGGATATCACCGAGCGCAAAATCGCCGAACGCCGCCTCGCGCAATCGGAAGAACGCCTGGCCCGCGTGTTGCAAACCGTTGCCGATCCCATCTGGATTTTTGACCGTGAGGGAAGTCTGCATTTCGCTAATCCCGTTGCCGCACATCGTATGTTTGGGCCGGAGGCCCGT
AP024152.1_gap99	3861054	3864795	3741	AAAAGCTCTTCGGGCCGAAAATCAACACGTTTTTAGCTGAATTGGGTCAGGACCATTTGTTGGTGGTCAGCCTAAACCAGAGTAATGCCCCCAGTTTTCATTTTGAGGGCGCCAGTGAGGAAGAAATCAGAGAGCGATTAAATCTAGATATGGAGGAGACGGCGGGTGAGCAACCGCGACAGCTTTTTGAGTACGACAAAAAGGGGCGCCACATTTTGCCAGTTTTTTCCTCGCCAGAGGCTGTGTCACAGTGGATGAAGAGGAAGCCCTTTTCCCTTGACAGCCAAATGTTCGCCTTCACTCAGATGCGAATGCAAACCCTCGTGCTGTTCACGAAATTGAAGCACCTGCCGGTTTCAACTTATGTGATGCTCGATCCTGAAACGCCCGAAGAGCGCGAATTGATGCCTATCGAAATTCGCCAGACCCTCGAACACTTTCGGCGCTAATCCTCGTCTTTCTTTGGATAGCGCGTCGGTTGAGCTTCTTTCTCATCGAAGAGGCGGACGTAGGACTCGTAGCGTGACTCGGCGATTTTGCCTTTTTCGACGGCGGCTTTGATGGCGCAGTCGGGTTCGGAGCGGTGGGTGCAGTTGGCGAATTTGCACTTCGATTCGCGTTCGCGCATTTCAGGGAAGCACTCGCTGAGGTTGATGTCGGTGGTTTCGAGAAGCGAGACGGTTTTGATGCCCGGGGTGTCGGCGATGTAACCACCCTTTTTGAGTGGGTGCAGGGTGACATCGGTTGTGGTGTGGCGGCCTTTGCCGATGTCCATAACGTCGCCTACCCAGAGGAGCAAATCGGGGTCGATCATCATCGCCAGACTCGATTTGCCCACGCCAGATGAACCCACGAAGGCCGAAATGCGGTTTTTTAGCTCTTTTTGGAGGGTTTTGCGGCCTTTGTCTTCTTCAGGCAAAGCGCTGGTCAAGATGACGGGGTAGCCGAGGTCGCGGTAGAGTTCGGCGAAGGGTTCGATTTCTTTCTTGAGTTCTTTTTTGGACAGTAGATCGGTTTTGTTGAAACAGATGATGGCGCGCAGATGGTTGGCTTCGGCCAGAACCAGAAAGCGGTCGAGGCGGTGCAAATTCAAGTCGGGTTCGCGGGATGCCATGACCACCACGACCTGATCGAGGTTGGCGAGGGTGATTTGCGCGGTTTTGTTGAAGCGTGAGCGCCCCAGTTGCGAGGTGCGAGGCAGTAGTTCTTCGATGAAGCCTTCGCGCCACTCTTCGCCGCGCGCATTTTTGCCCGATGTTTCAAGCGCGCGCACCCGCACCCGGTCGCCGACTGCGACGGGTTGCGCCCACGAGCGCTTGCCTTTTTTGAGACGTCCACCGAGCGAACAGAGCAACCGCTCGTCGTCGCCGGGGACGTCCACTTCGTAGAAGCCGCCGCCGCTTCGCATCACGACTCCTTCCAAAAGTGCGACCTTTTCGAGGTCACCGTCTTCGGGCGCTGAAACTTCTTCGCGCTCCTGCGGGGCAGACTTAGGGTCAGATTTCGTTTTTTTCGCCATAAACTGGAAGGCCGTACCGAACGTCGGTTGGCTTCTTCATGCGTTTCTCGCCTCGATTTCTTATTTTTGTGCCCGTCGCGGGCGCGCTTCTAACCGTGGGATTGAATTTGTCCCACAGTTCTAACGCGCAAACGGCGGTCGCGGCCCCCGATCCGTTGAGCCGTTTACCTTTGCCCCCGACGCAAAACGGCGGTACATTGGGTGGCCCGTTGCAAGATCTGACCGCGCAACCTCCATCGGTTAAGCCCACGACCGCTTATCAGCCGCTTGCCAAACCCACGCCAACTCCGGTGCCGACGCCAGTACCCGCACCGAAAAACGTTATTCGGGTGGGGCTTTCGACGCAAGGCGGCCCGCTGCAACTGTGGTTGCCGGGGGGGGCTACGCTGCGCGATTTGGAGCAGCCGGGACGGTCACAAAGTGTGGCGGCCAACACGACCCTGGTGTTCGGCTTTGGTCCGGTCAAACCGCAAAAAGTGGGGACGGTTACGTTTCGCGGGCCGCTCACGGTGAAAGTTGGGCAAAGCACCTCGGCAGGTTGGGCGAAAATCGCGATTCAACCGCTGGGAGGCGGGCTGGGTCGGGCGACCTCGAACGGCAACTCGGCGCGCTATGGACGCCCCTATCGCGGTAGTTTCGAGGTGTTCCCGCAGCGCTCGCTGGAGCCGAACCACCGCAAAGGACAGCTAGCGTTCATCAACATTGTGGGGTTGGAAGACTATTTGAAAGGTGTTGTGCCCTGGGAGATGGACCCCACGGCCCCAAGGGAAGCCCTCAAAGCCCAGGCGATTTGCGCGCGCACCAAAACCCTCGATTTCACCACGTCAGGCCGCTATCAATCAGGGGGGTTCGATGTTTGTGACTACGATGCCTGTCAGGGCTATCCGGGAACGGAAAACGAAAAGCCACCGACTTCGGATGCGGTCGAGGCGACCAAGGGGCTGGCTCTGTTCTACAAAGGGCGCCCGATTGACGCGGTGTACTCGACCAATTCGGGTGGCTTGACGGCAGCAGCGAGCGACGTGTGGCGCGGCGAAGTGCCCTATTTGCAAAGCGTGCGCGATTTTCCGTCCGACTCGCCATTACAGGATTTGATGCGTGGTCCGATGAATGAAGGCAAATGGGGGCAATTCGTCTCGCAGCCTTTTCCCTCGTTCGCGCGGCCCGACGGCGTTTCCCGATCTGCCTACGAATCGCGCAAATACCGCTGGACGCAGTTCGTGTCGGTCGAAGAAGCCACGCGCGCCTTCGCCGCGCAGGGCATCAGTCGGGTACTTAGCATCGCTGTCGAAACGCGCGGGGCATCGGGGCGAGCCTGGCGTGTGAAAGTTACGGGTATTGACGCCGCTCGCGAGAAATTGATGCCCACCCCCAATCCCGCTCTGCCCACGCCAAAACCAGGTGAGCCGTCGAGAGTGACAGTGGAGATTCCCATTAAATCGGTAGTGCTGGAATCGGATGGTCCCATCCGTTCGATGTTTTCTAAACAGCTCGGTTCGACCACAGCGCTTCCCAGTTCTCTGTTCGTGGTTACGCCGCAAACCGATGCGAGCGGCGAAGTGAGTGGCTGGGACATCGCGGGGGCCGGATGGGGACATGGCGTGGGCATGTGCCAACGCGGAGCCCAGAACCATGCGAAAGCCGGTTGGGACGCGCGCCGGATTTTGAACTGGTACTACAAAGGCGTCGATTTGCGCGCGGTGTCGTAGCGAGGGGAGAAAAACAAACCCCCGATTTCAGTAGTTGAAATCGGGGGTTTGGGATTAGGCCAGGATGCCTTTGCGCTTGGCTTTGGCGATGGTGGCGGCGACACCGTTGCGGCTCATGGCTTTGAGGGCGCGGGTCGAGATTTTCATCTTGATGAAGCGGCCTTCTTCGGGCACCCAGATGCGCTTGGTTTGCAAGTTTGGCATCTGGCGATGCTTGGTGTGGCGCATCGAGTGCGATACCAAGTTACCTGTCAACGGCTTTTTGCCGGTAATTTCACAACGTCGGGACATTCTATTTTTCTCCGTATGCGTAAAGCGGGCGCAAAGTGTAACAGCGCATCTCCATCAGGTCAAAAGGCAGCATGAAAAACGCTTGCATTGTAAAGTGAAAATGCGATGTCGTCGCCTTCGCCCTCCTCCGCGCGCCTTGATGTGACACAAGGGCCATTGATGGGGAACAGTGTCCCCCTGTCGTTTCCCGAAACCATCGTTGGACGCGAAACCGACTGTCAT
AP024152.1_gap100	3873102	3876805	3703	AGGACGAGCGACTATTTTTTTAACGCGCGTTTTGTGGGTGCCTCGATTGCGCCAATTTCCTCTCCCAATACTCTGATTCTCCTGGGGGACGGTCAGGCCGACGCGCGCCTTGACCCCACCCTCTTCCGATTTCCTGTTGCATGGCTCCAAGACCAGAGTTCTCCCGCATGGCGGCATCTGGGCAGAGCAAATTATGGTTTCTCCGATGGACATGTCAAATGGTTGAAGGTCCAGAGGATAAACCGCTATTTTAGGGTGGTGAACTGATGAGACGCGCTTTTACTCTGGTCGAGGCTCTTGTTGTTGTCGCGATTATCGTCATTTTGGCGGCGATTCTGTTTCCGGTCTTTGCTCGATGTCGTTGCTATGCGCGTTCTTGTCTGGGCAACCAGAGGCAAATTGGGCTGGCATTTTCTCAATACACGCAGGACTTTGATGGGCAATTGCCACTTGTTGCGTCGCGCTCGTTCGGGTGGGCCGATTTGCTCCAGCCTTACGCAAAAAGTTGGGCAACGTGGGATTGTCCCCGGACTCCAGCCAGTCCACCGGGAACGACTGATTACTTCTTCAATGGGCGTCTCACACATTTCCCCCTTCGGCGGGTCGTGCTGCCGAAAAAGACGCTTTTACTTGGTGAAGGTGACGATGCACGCCCCAGTAAGGCCGAACTCCGTTGTTTGCCTTCCATCGCGCTAGAAGACAAAAAATCCCCGGCATGGCGCCATGATGGTATAGCCGCTTACCTCTTCTGCGATGGGCACGCCGAGTACATCAACCCCGAAGATTTCGGCGCGAAGGTCAAGTGGAACCCGCGCCACCTCTCACCATGAAACGCGCTTTTACTTTGCTCGAACTCGTCGTTGTTATCGCGATTATCGGCGTATTGTCGGTGATTCTCTTTCCTGTTTTTGATCGGACTCACTGTTATGATGCGGGCTATATCTGCCGGTCGCGTCAAAAACAAATTGGGCTCGCGTTTTTTCAGTACGCGCAGGATTACGATGGTCGTTTGCCTCCTGTCGCGTTAGGAGCGGCAGGGTGGGCTGATTTGCTTCAACCCTACACGAAGGGGTGGGGCGCCTTCAATTGTCCTTTGACTCCGGTGAACCCGCCGCGCTCGACGGACTATTTCTTCAATGGGCGCCTCGCGCGGTTTCTACTGGGCCGCGTCGTGTTGCCCGCGAAGACGTTATTACTCGGTGAGGGCGACGATGCACGTCCCACTTCGACCGAATTGCGACGCCTTCCTGCGGTTGCGCTGGAAGATAAGAAATCTCCCGCCTGGCGCCATCGTGAAAAAGGCGCCAACTACTTGTTCGGCGACGGGCACGTCAAATTCATCCAGGCCGAAGAATTTGATGCACAAGTTAAGTGGAACCCGCGTCATCTTTCACCATGAAACGTGGATTTGCTCTCATTGAAGCGGTCGTGGGTATCGTAATCGTATTGATTATCGCGGCCATCTTCGCTACGATCTTCGCACGGCCTCGAACTCCCACCGGGAGAGCGCAGTGCCAATCGAATCTTGAGCAAATCAGTCTGGGATTCAGGCAATACACACAGGATGCGGACAACAAGTTTCCGCCTGTGCAAGTGGGCGAATCGAACGGTTGGGCCGACGTGATTGTGACTTACACGAAATCGACGCGGATTTTTCAGTGTCCGGCGGCAGAAAGCTCGATGCCGCCATTGACTGATTACTTTTACAATCGCCGTCTGTCTCTGGCGGGGATGGGACAATTGAAAGAGCCATCCCAGACCATTCTCATTGGCGATGGCAACGACAACGCTCCGACCTGGGCTTCGCTTTCGCAATTGCCCTCTTCGTGGCTGACAAATGAAAAGTCTCCGGCCCGGCGCCACAATGATGGAGCCATTTACGGTTTTGCCGATGGGCACGCCCAATGGTTAGCCCCGATAAGTGTCAAGTCCACTGCGCCACAAAGTGGTTATTCGACCTTCGCATTGAGATAAATCACCATGAAACGCGCCTTTACCCTCATCGAATTTATTGTCGTTATTGTGATTATTCTGATCCTGGCGGCGATTTTGTTTCCTGTTTTTATGCGACCTGACGAGGGAGGAGGAAGAAGAAGGTCTATATGTCAATCGAATCTCAAGCAGATTGGATTGGGGTTCGCTCAATATGGTCAGGACTATAACGAAAAATTTCCTCGCGCCCAAGTCAATGCCTCCACTGGCTGGGCCGATGTGCTGCAACCCTATATCAAATCAAGACAGATTTTTCAGTGCCCAACAGCTCCCAATGCTTCTCCATCGCTGACGGACTACTTTTACAACCGCCGTGCCTCGGACGTGGTGGTGGACAAATTCGAGTCATCCTCACAGACCATCCTGACTGGTGATGGTAACGACAACGCACCGATGTGGGCTTCGCTTTCCCAATTACCCCCCTCCTGGATCAAAATAGAAAGTTCCCCAGCGAGGCGTCATTTGGATGGCGCTAATTATGGCTTTGCCGATGGGCATGTCAAATATTTGACGCCCTCGAAGGTGAAATCAACTTTTTCGCAAAAAGATTTTTTGCCCACTTTTGCGATTCGGTGAACCATCATGAGACGCGCTTTTACCCTCATTGAAGCAATGCTCCTACTGTTCGTGATTGTCTTAATTCCGGCATGGATTCTCTTTATTTTGTGGATGCCTTCTAAACCACCAAGTAGATATGTCTGTCTCTCGAATCTCAAGCAGATTGGTTCGGGATTTTTGCAATATACACAGGATTACGGTGGGAAATTCCCTCCTTCACGCGTTAAGTCCTCGACTGGTTGGGCTGATGTGCTTCAGCCTTACATCAAATCGAGGTCAGTTTTTCAGTGTCCGGCCACACAAAATTCAGTGTCCCCATTGACGGATTACTTTTATAATCGCCGTGTCTCGCGCGTGCCAATAGGCAAATTGAGATTTATAAGTCAGACCATTTTAGTAGGCGAGGGGGATGACGATAGGCCAACCTGGGTTTCGCTTTCGCAAATGCCTTTCTCCTGGCCTATAACAGAACATTCCCCGGCGAGGCGTCATTCGGATGGCGCCAATTACCTGTTCGTTGATGGACACGCTAAATGGTTGGAGCCCTCGAAGGTCAAGCCAACCCTGTCCCGAAAAGATTTATCTCCAACTTTTGCTATCAGGTGAAATACCATGAGACGCGCTTTTACTCTCCTCGAAGCCTTGATTATCTTTGTCGTTCTGGCTGTGATTGCGGCGTTTTTGTGGCCCGTTTTTGGTAGGAGGCCAGAACCCGACCATCGAAATAGAGGGTGCTATTTGAATCTTAGACAGATCGGATTGGGATTTCTCCAATACGCTGAGGACTATAACAAATTTCCGCCCGCCCGAGTGACTGCTTCGACGGGTTGGGCCGACGCACTCCAGCCTTATGTGAAGTCGCGCCAATTGTTCAGTTGTCCGATGACAAAAAGCTATTCGTCTTCGGCCAGTGATTACTTTTACAATCGGCAAATGGCGCGTGTGGCTTCGGATCGAGTGGATGAGCCCGCGAAAACGATTTTAACCGGAGAGGGGAACGACAATGCACCCACCTGGAACTCGTGGGTAGGGCTTCCCGCCGATGCTGCTACGAATTCCAATTCGCCCTCACAGCGCCATCGCGAAGGAGCCAACTATGGCTTTAGCGATGGTCACGTGAAGTGGATCAAACCGGGAGATCTTCCCGCGAGGG
AP024152.1_gap101	3910821	3914488	3667	TAGTGCTCCGCTTCCCGGCGGCGCAATTCTCGATCAGGCCGATGGGACTGCATGGATGGCGATGTACTCCCTGAATATGCTGGCGATGGCGCTTGAATTGGCTGCCGAAGACCCCACCTACGAGGGATTGGCGACCAAATTTTTGGAGCATTTCTTCTACATCGCGCACGCCATGAACGAGCGGTTCACGGTGCTACGCGAACCGGGCATCGACCTGTGGGACGAGAAGGATGGTTTCTACTACGACGTTTTGCAAATCCCCGGACAGGAACCCCAATTTCTACGCGCCCGCTCAATGGTCGGCCTGTTGCCACTGTTGGCTGTCGAAACCCTCGAAGACGATCTGCTCGAAAAATTGCCGGGTTTCCGCAAACGTATGGAGTGGTTCCTGGAGCATCGCCCCGACCTGACCAACAGTGCCGCTTCGCTTCATCAAAAGGGCCAGAGTGCCCGCCGCCTGTTTGCTGTCGTGGATGAAGTGCGGCTACGGCGCATCCTGGACAAGATGCTCGATCCGAACGAATTTCTCAGCGAACATGGCATTCGCTCCGTCTCCAAATTCCACCAGGAGAATCCCGTTTCTCTCCGACTCGACGGCGAAATTCGCACCCTCGACTACGAACCGGGCGAAAGCACGAACTATCTGTTCGGCGGCAACTCGAACTGGCGCGGTCCCATCTGGTTCCCCGTCAACTACTTGCTCATCGAAGCGCTGCAAAAGTTCGATTTCTTCTATGGCGAAGGCTTTCAGGTGACCTCGCCGACCGAACTGGGCAAAATGCTCACCCTGTGGGATGTCGCTACGCTGTTGTCGCGCCAACTCATCCACATCTTCACCCGCGATGCCGATGGCAAACGCCCCCTGTGGGGCGACTCCCAAAAACTCCAGACCGACCCTAACTTCCGCGACAACCTCCAGTTCTTCGAGTATTTTCACGCCGACACCGGCAAAGGCTTAGGCGCCTCCCACCAGACCGGTTGGACAGCCCTCGTCGCCAAACTCATCCAGCAAAGCGGCGAACAGCAGGAGCAGTAGAGGGCTATTCTGAGAAACGAATTCCGTCGGAGTTTCCGCACGACTCGGTGTAAACACTTCTGATACGGGCAATTTCGGCGGGCACTTGGGAGCGTTAGTGGAGTTCTACCGAACGCACAGCCCGCCCATCAGCATTTGCCATACGTCGTTGTAGATTGTGTCCAAGGTTGGGTCGCCCCAATCGGAAGCATGGGAGGGGTGGTGGAACCGCGATGTGGCAAATAGCATTGCTCGCCCTGTTGCCACAGCATCGTTGGTGCGGAAGGTGCCTTCGTCCACGCCCGATTGGATAATTGTCGCAGTCAGGTTGACTAACTCGTCCAGGTGGGCGGCAACCACGGATTCGGCGTCTGCCGCCAGCGTGCGGTAGGCGACGAATAGCTCTGGATCTTCGGTAGACCTGCGGCGTTTGATGGCGATCAGGGTATCGAAGTACTGTTTTAACTTCTGTGGGGCCGGGGTCGGCAAATCAGCGATGGCCCGTAGCTGGGGCATGTGGGCCTCTATCCACCGCCCGACGACCAGATCCCTTAATTCGGCTTTGGTCGCTACGTGACGGTAAACGGCTGTATGACTGACACCCAATGCCCGTGCCACATCCACCACTGTTGCCTTGGCGGGACCGAAGCGGCGAATGACATCTTCGGCGGTGGTCAGAATCAAATCGCGGGTGAGCGGGGCGTCAGTGGGGGGCATGTAGAGCTTCGATAAGACAGTTTGTTTTCTGGTTCTCGCTTTCAGTAGTACCAGAAGCGAGAACCAGAGAGCCTGTCAGTATCAGTGTTCCACTGTTCCGGCTGAGACGGCGATTCCATCCAATTCGGTCAGGGTGTCCGGCGATAGTGTCAGTTGCCCGGCGGCGAGGTTTTCGCGGAGGTGAGCTACTGACGAGGTGCCAGGAATCAACAGAATATTGGGCGAGCGATGCAGCAACCACGCCAGCGCGACTTGCATTGGTGTAGAACCCAGTCGGTTTGCAACATCCGTGAGAGAGGATGATTGCAACGGCGTGAAACCACCGAGCGGGAAGAACGGCACATACGCAATGCCCTGTCGGGCCAGATCGTCGATAAACGCGTCGTCCTCGCGGTTGACCAGATTGTAGTTGTTCTGCACACACACAACGTCGGTGATGGTCTGAGCCTCTTTTACCTGGGACGCCGTGACGTTGCTGAGACCAATGTGCCGGATGAGCCCCTGGCGTTTGAGGTCGGCCAGCACTGCCACCTGTTCGGCGATGGACCCTTCGGCGGGACCGTGCCCTGCTCCCGCTCCCATCGCGCGGTAGTTGACGATGTCGAGGGCTTCCAGACCGAGGTTGCGGAGGTTGTCGTGAACCCCTTCGGTCAATTCCTGGGGCGAGATAGCCAGTTGCCACGACTGGTCGGGTGGGCGTCGAGCCCCCAGTTTAGTGACGATGACTAATCCCTCCGGGTAAGGGTGCAAAGCCTGCCGAATAATCTGGTTGGTGACGTGCGGGCCGTAGAAGTCGGAAGTGTCGATGTGGTTCACACCTGCCGCGACCGCTTCGCGCAGGACAGCGAGGGCAGCGTCTGGATCTTTGGGCGGCCCCCACACGCCAGGGCCAGCCAACTGCATCGCGCCGTAGCCTATTCGTTGGACCGTCGATGACGTGCCCGGAAACGTGAATTGGCCGCCGAGCGCGGCTTCACTCATTTTGCTCATGATATTGCTCCTTGTCTGGACTAACGCGAAAAAGTTTAATGGATCGGGTTTCAAAAATCAAATTATGAAACTTGAAACTATAGTGTTTAGGGGTATGCCATTATAGAGTGCCAGCAGGTGTGGATTGGGGCCGCTCATAAATAAGCATTTACTGTGCTAAGGTGAGACCGAGTCACCCTTTCGCCAGCACGATTTGGGCTCGCGAGCCGCGCCCAGTATTTTGCATGATGAAGGTTACAACCACTCGCTGACCGCTCCACTCTGGTGGCGCGAGTCGGCGTAGATTGATCTCGAACGGGCGCCCATTAATCATCGCCTTTTCCAGGATGATACGATTGCCCGTGAGTCTCTTTTCCTGCCACGATGATTTGAGGGCAGCGGCGGTGCCAGAACCTCCGCCGTCATAGAGAACGCTGCGAATGATGTGCCCCGCGTCATCCTGAAAATTAAGCAAAATTCCCAGCATACCGTCGCGGTCTTCGAGAGTTCTACCGCGATAGTCCACCCGCACCCGCCATTTCAGAGCAGGGTGTTTTATCAGGGTGCCAATTTGCGCGGTGCCCTGACTGACATCCAGTAGACCGACGCGGGCCGTGCCGGTTCGCTCATCGAAATCGGCGAACTCCTGCGGGACAGATGGGCGGTCGGGGAACCAGCCATAAGTGCGACCGAAAGTTCCCACTGGCTGTTCGACGAATCGCTTGAAGCGCACTCCATCAACGGCCTTCAAATATACCACTGAATGCGCGGGTAAAACGCCGCTCCACGAAGTCGAATCGCCATCAAAAGGTGTGCTTTGCAGAGTTTCCAGATTTTCCGATGCGGGGTTGTCGATATAACTCGCGTGGTCGTGATCAATACGCGAAAGCATCAGGGTGCCATGTTTAAACGGCAACTGGTTCAACTGCACCGTCACGGTGCGCTCGATAGCCGAGGTGTTCCACA
AP024152.1_gap102	3951028	3951820	792	AACAGTGTCGCCAGGGCCAGATTGACGTAGGGATTGGCCGCGAACAGGTTCAGTCCTGCGGCTCCAAACACCACCGAGACCAAGACACCAACAAGAGTAAAGGTGCCAATAATTCCCGCGCAATAGACGATTGGCCCCGCAATCGACTTCTTCTCGCCGTTTTTCGGCGTGAACAGCGACACGGTGATGGGAATCATCGGGAACACGCATGGTGTGAGTAGCGCGAGCAATCCCGCTCCAAACGCCGTGACGAGGAACGCTAGCACGCTTCCGTTGCCCTTCTGGATGTTGATGGGAGTCCCTGCCGAATCGGTCGAAGTTGTCCCCGCCGAAGGTCGCGAGCCTTCTGGCGAAATCGAGGCGAGGGCAACCTTCTGACGTTCGGGCCGCGCTTTGCCCGCGACCAGCTTGATTTCAAACGGCACACTCACGGTTTTGGGGGGCAGACACAGCCGCGCGTTGCACGCCTGATAGCGCACACGAAATGCTCCTTTCACTGCACTTTTTGCGTCGGCGCCCAACTTCACCTGGGCACCAAAAGTCACCACTTTTTCAAATGTTTCGGTCTCGATTCCAAAGCCCGCATCCATTTTTCGCAGCGGTTTGGGCTGGGCCACTTTCCCGGCGAGCGTCGCCCTGGCTCCGGGCGCGACCTCGATTTTGGTGGCAATCGGGCCACCTGCGGGTGTCGTCGGCGCGTAGATGTGCCACCCGTCTTCCATCTTGGCGGTTAGTTCGACTTTGGCGACTTCACCAGCACGCGCGTCCGTCGTTTTAACGATGGCGCTCCAC
AP024152.1_gap103	3961195	3965304	4109	CATACAACAGGTTCGGGTGCTTGGGCATAAAAAGAATTTTAGTCGCCCCTGGGAGAAAGACGCTTGGTGGAATTCACATTTTTTCCGGTGGGCACCAATGGAAAAGGGCACGGAACAAATTGTTCCGTGCCCTTTTGGGTTACGCGAGTTGCTACGAAGCACCCGCGCTCGCTATGCTGCGTTTGACTGAGCTAGTCGATTTCGACTTGGAGAACAAGAAGCCTTGCGGCACGATTTGCCAGTCTTTCGAGGGATATTTCCACCAGAAATTGATCTGCCCTGAGTTGGAATCGCTGATATAGTCGATACGAATTGGATAGCGGGTGCCGCCAGTCAGTGAGAGGGTGGCGTTGGCAGTGCCAGAGCCGAAGCGGTTATGGTCCATCACGACATTGTTGTTGAGCCAGACGCGGGTCCAGCCATTTGCGACAAGCGACAGATTATAGGAGCCAGTTTTAGGAGCGAGTAAATCGCCCGACCAACTGACGGCATATTGGTTGGTCTTCACACCCGAGATTGGTGATTTGCTACCCCACTTGAAGTCAATTGTTTTGTCCACGCGCGTGGCGGTGGGTGAAAACAAATTGTATCTGTTGTAGTAGGAGCCCGATAGTCCATCGCCCGTTGCCGGAACTGGCGTTGGAGTGGGAGCCGCTGTGGGCTTAGGTGTTGGTGTCGCCGTCGGTTTGGCCGTGGGCTTAGGAGTCGGGGTCGCCGTCGGTTTTGTTGTGGGTTTAGGCGTTGGAGTAGACGTTGGCTTGGTGGTTGCCGTAGGAACGGGCGTCGGGGTGGGAGAAAGATCGTTACGCTGACGCAGCAATTCGGGCACGGTCAAAAACGAGTAGCCCTGAGCGCGCAAGGTTTGGATGATGACTGGCAGGGCCGCAATGGTTTGCGAACGGTCGCCGCCGCCGTCGTGCATCAGCACGATGCCGCCGGGAGTGGCACCCGACACGACGGTGTCGATGATGCTTTGCGTGCCCGGCATCGACCAGTCCTGGGGATCTACCGACCAGATAATGCCCGCGTCGCCCTGATTAAGTGCGGCGTCAATGACGCCGTTATCGAAGTTGCCGAAGGGAGGGCGGAACAGTTGCGTCGAGATGCCAACGCGCGCGAAGGCTGCATCAGTTGACGTGACTTCGCCAGCAGGGTCTTCAGGGGCTTCGAGGTGATTGTAGGTGTGGTTGCCAAGCGCGTGCCCCGCATTTTTAACCATCTTGGTCAATTCAGGAAATTCGTCAATGTGCGAACCCATCTCGAAGAAGGTGGCTTTGGCGTTGTTATCGGCCAAAACCTGAAGAACTGCTTCGGTGTTGCCGGGTTGAGGGCCATCGTCGAAAGTGAGGGCAATAACCTTATTGGTGGGAGCAACGGGGACTGAATTGAAGACGTAACCCTGAGATTCGATGGGGACGTCGTAGGTCGTCGTAATGGTTTGCGCGTGAACGATAGGCGCCGCGACCAACGCAAGAGCGCCAACAACTACCAGCGAGCGTTTAATTTGGGACAAAGACGGAAACATTGACAGAATTAATAATTCCTGGACAATGAGTGTTGCCCATCAGTTTTCAAGTGTCCATTCGCGTTTGGCCCTAAAGTTTGGCGTGCCCAAAAAAGTCTCAGGAAATTTTTGTTGATTGGGGCAAAAACGATCTCTAAACCTCGATTTTGTATGGAAGACCTATTTCTTCCCCAGTCATACCCCGAAACCCCCAGTTGGCTTTAGGCGACTCGATGATTTGAATTTCGACATCGGCGGATACCAATCCCAACTCTGCGCCTGTGCGCCGGTAAATGGCGTGGATCAGGTTCTTCTTAGTTTCCGTCGTGCGGCCTGCAATCATGTTGATTTCGAGGATGATGTAGCGCGGCGAGGCTGTGGCAGGCCGATAAAAGTCTTCTTCCTCTAACCCGAAGAAGCGGTGCGCCCGCTTGTCGCGTGGCAAACCCAGAGTGTCAACCACGCAGTCGTGAATCATATCCGAAAGGCGCGCTTTGATGGGATCAAGGTGTTCTTTGAGGCCGTAGATTTTGATTTGGGACATTTTTAGAGGCCAGAAGCCGGAGGCCGGAGACCAGAAGGGAAGCGATGAACTCCGAGCCGGAAGCGTGAGCGACGGGTAGTAATAATTCTCCGTACCCGTCGCTGACGCTTCCGGCTCGTTAGTTCATTGGTCTGACTCAAAACTAAGCCATTACACGTTAAAGCGGAAGTGCATCACATCGCCGTCTTTGACGATATATTCCTTGCCTTCCAGTCGCATTTTTCCGGCGGCTTTGGCGCCTTTTTCGCCGTTAAGAGTGATGTAGTCGTTAAAGCCGATGACCTCGGCGCGAATGAAGCCGCGCTCGAAGTCGGTGTGGATGACGCCCGCCGCTTGCGGAGCGGTGGCGCCGACGGGGATTTCCCAGGCGCGCACTTCTTTTTCGCCCGCCGTGAAGTAGGTTTGCAATCCCAACAACTCGTGACCCGCGCGGATGACGCGGTTCAGGCCGGGCTCGTCGAGACCGATTTCAGCGAGGAATTCGAGTTTTTCTTCGTCGCTCATCTCGACGATTTCCGATTCGAGCGAAGCGCAAATAGGGACGACGAGCGCGCCCTCGGCTTCGGCTTTCTGGCGCACGAGAGGCAGAAATTCGTTGTCGTTTAGGTTTTGCGCGTCCGAGACGTTAGCGACATACATCGTCGGTTTGAGCGTCAGGAAGGAAAACGACTTGAGCAAGGCTTTCTCGTCGTCGGTGAAGCCGAGCGAACGCAGAGAATTGCCCGCATCGAGAGTTTCGCGGGCGCGTTCCAATAGCGGCGCGATTTGCGCGGCGGCTTTGTCGCCGGTTTTGACCTGTTTCTTCAGACGGTCAAGGCTTTTTTCGACGGTGCCAAGGTCGGCGAGGGCGAGTTCGGTGTCGATGACTTCGATATCCGAAAGCGGATCGACTTTGCCCGCGACGTGGACGACATCATCATTATGAAAGCAGCGCACGACATGGGCGATGGCATCGCACGAGCGGATGTTGGCCAGGAACTGGTTGCCCAGACCCTCGCCCTTGGACGCGCCCGCAACGAGGCCCGCGATGTCCACAAACTCGGTCGTGGCATTGAGGATGCGCTGCGGCTTGACGATTTTGGCAAGTTCATCAAGGCGCGGATCGGGCACCTCGACGATTCCAACGTTGGGTTCTATAGTGCAAAAGGGATAATTTTCTGCTGCGATGCCCGCTTTGGTGAGGGCGTTAAAGAGAGTGGACTTGCCGACGTTGGGAAGTCCCACGATGCCACATTGAAGACTCATGAGTTAGAAAAAGTATGACGGGACAACGCACCGTAACATTTTCAAAAGATGGCGCTTTCACACTTTGGCTTGCGAGAAGAGGAAATTGAATGTAGATTCTGGCATGGAGGCTTTGCGGCGACGCATTGCCTTTTTCTTTTTAATGTGTGTTCAGTTATCCCTATGTAGTGTGGAATAAGTGGCACTAAATGGTAAAATTCTTTCAGTGCCAATAGCTTTGACTCGGAAGACAGAGAATCCTTTGGAGGTCCGCATCTACCACATCTGTCCCATTCAAAACTTGGCTTCTATCATTGAATGCGAAGCGCTTTTGTCTCCTAATGTTCTCATTCAACGGCATATAAAACCTGTCAGCATCGCATACCCTCATTTGCAAGAGCGCCGTGCCCGTTTTAATGTGCCTATTTCGCCAAAAGGAACATTGCATGATTACGTTCCTTGGAGTTTTGCGGCCCGCTCGCCAATGCTCTATACCTCGGCGCAAGGTGCTCTTGGGACTGGCACCCAGCAAAATGACGTCGTTCATTTAGTAAGCGATATCGCGCAAGTCCAAAAGTGGAGTTTGCCCTTCGTATTTACTGATGGACATCCTTTAACAACGAGGCTCACCAAATTTTCTAATGACTTGAACAAATTGCCAACTTTCCTTGACTGGACTGTATTACTCGATTATTGGTGGAACGACTCTGATGTAGATACTGACCGTAAGCGACGGCGTCAGGCCGAGTTCTTGGTTTATGGCCTTACTCCTTGGCGTGCGGTTCGTGGGATTGTGGTGAAAACTGAAGAGACAAAGGACAAAGTTGGGCAAATCGT
AP024152.1_gap104	4048183	4049821	1638	GGGGCATTGCCATCTCGCCGGCATGAGATCAAAAGCCAGTTGAATAAATAATTGTGTAAAGGGCGACATTCTTCCGTTTCGGGTGTCATCCCGCCCCATCTCAACCTCCATCTCGGAAACAGTCGCGAACCAATATGTAGGGGCTTATGGCAATAAGCCCTCTTGAGTTCTACAATCCCAATTCGGAAAGCCCTGCAACGCATTTCTCCCTATCTGAAAAACAAATAAGCCCGCTTTATTTTCTCTATAAGGAATGAATCACAGGACGCGGATAAACTGCGCTCATCATGGACGCCAACGTTTCGCCCGCTCCTGCTCCTGTTTCCCCTTCCGATGTGCCCCCCCCGTCTGTTGCTCCACCCGTAGTTGTGACAGGACCGCCAACACCTGTACCCGTGTTTGCCCCCGTTCCTGTCCCGCCCCGCAAAATCAGCTTCTGGAAGGTGTTCTGGATTGTCGTCGTTAGCGGCATTCTGTTGTTATGGATTTGGGGCGCCATCGCGAGTCTGGTGGCGGCGTCCCAACCTCAAATCGGGCTGATTGAGGTTTCCGGTGCCATTACCGATCAGGGCGCGAAAGGTTTGCTTGGTGCGGGTAGCGCAGGCGGTGCCCGCGAATTCATGGAGCAAACCGAAAAAGCGGAGAAAGACGACTCCGTCAAAGCTGTTGTCATCCGCATCAACTCGCCGGGAGGTTCCGCTTCGGCCTCGCAGGAAATGTTCGAGGCCGTGCAACGACTGCGCGCCAAAAAGCCCGTCATTTGCTCGATGGGCGATGTCGCCGCCTCTGGTGGTTACTACATTGCGGCGGGCTGCGACAAAATCTACGCCAACCCCGCCACTCTCACCGGTTCCATTGGCGTGATTTCCGAGTTTCCCAACTACAGTGAACTCTTCCGTAAAGTCGGTTTGGGCGCGACCACCATCAAATCGGGCAAGTTCAAAGACGCGGGTAACCCCGCTCGCCCGCTCACCGCCGAAGAAAAGCAACTTTTCCAGGACATGGTGAACTCGATTTTCGCCGAGTTCAAAAACGATGTCGTGCGCGGACGCAAAGCCGCAACCGGTGGAAAACTGACCGCCGAAAAATTGGCATCGCTGGCAACAGGCCGCGTTTTCACCGGACGTCAGGCTAAAGCCGCCCTCCTGGTGGACGAAAACGGCGGCCTTTATGATGCCATCCAGGATGCCGCCAAACGCGCTAATATCACAGGCACCCCAAAGATCAAAGAGTTCTCCAGTGGTGGTGGACTCGGTGCGCTTTTTGGCGCCTCATCTTCGAGTGGCATCCTGGGAGCCATCACGAACACCTTCGGCGAAAGCGTCGGACGCGGCGCAGTCCGCGAGTTGCAACAACAAACACAGTCCAATCTCCCCACCATCTACTAAGGCACTTCTGGGAGCGCGGGCGTTCCGCCCCGCATGAAGAGTTTGTCGCGCTGGCTTGGGCGAAAGCCGGCGTTCCCAAAGTGCGCGACTGTTGTGAGATGCGCTCCATATCCGCCGGACTCAATGAAGTACGTCTACGCCACAATCTATTCGATTGCCGCCTTACTCATCATGACTCTCGTTGTGACGGGTAATCCGTTTGAAACGGCGCCGGGTGTGTTGGGAGTGCTGGCAATACTCGTCGTTTCGG
AP024152.1_gap105	4123193	4127981	4788	CCGAGAGAACGCCCAGTGGCCAGAAGTTGCCCGCCACGCGGCCCACCAACGCTTTGACCGAAGGCGAATCGACCAATAAACGGCCATTGCCCCCCACGAACCCCCAGTTGAACGAGGGATTCCCGGTCAGGGCTGAACGCGGTCCCACCCGTGCCAGCTGCAGGGCCACCCGACCTGCCGTAAGGTTCATCCCCACGCGCGAATTGAGAATGTCGGTGAGGCCCAACCCCCGGCTTCGCCACGCGTAGGACACGTTATCCCAGAACGAGCCCCCCGCCCCGCCGCCTTGCGTTTGCGCTGTCATATCCACGAGCGCGCTCTGAGGGATGGTGAGCGTCGTTTGCGCTGGCGCTGGAGCCAGGGCGCCACTCAAAAAGGCGCGCGCCATCAGGGGAATGAACACGGTCTTGTTCGGGTCGGAGTCCATGTCGAAGTAGCCGCGAATTTTGTTGGGATTCCAGTTGTCGCGGTCGCCGTTCCACGAGAACAAAAAGAGGCCGTCCCAGTCCTGCATCGCCGCATAGCTCAAGATGAGCGGCACCGTTTCACTGGCGTAGTCGTTGGGGGCCGGATGGTTGTACTCCGAAACGATGAATGGCTTGCCCTCGACATGGTACGGTGCCAGTTCAGCCAACGTCCCACCTTTGGGATCATTGAGCATCGGGGTGTTGCCGATAGTCCAGTTCTTGGAATCCCACGCTTGGCCGGGAAAATTGGGATGCTGCCAGTAGGCGTGCATATCCGTCCACTCGCTCGCCGATTCGCGCGCCACGCCGCCAAAGCCACCATAGCTTTCCTGCGAACAGGCGATGGGGCCTTTAAAGCCGCATTCGTTGCGAATGGTGTCGCGCATGGTGGAAACATACGCTGACTCGATGGTCATCAAATAGTCGATCCAATCTCGGCCTTGCCCGGGCGAACTGCCCTGGGCTGGTGGCAAATCGAGCGTCGAGTCTTCAAGGGTTTGCGTGGTTGGAACCAGGGCCTGCGCGCCCGTCGCCAACTGCACATCGGCGATTTCAACCGCATCGGTGGTATTACCCAACGCGAACGAGAGTCGCGAATGATTGGCAATGGTAGTACCCGTCTTGAATACCACACGCACATATTGCCACGCGGGGTTAAGCGCCAAATCTTTCTGCCCGCCGATTTGCGACCACGGATCTTGATCGAGCGCGAAGTAATTGCTCGCAGTGCGCGCCTTGTCCGCGCGAATCCAGTAGCCGAGCGTGTACCACGAACTCGAACGCAAATTCAGCCCTGTCTGGTGGAGTTGTAGCTTCCAATCGGCGTCCGGCTTTTGCGTGATTTGAATGCGAATCGCTTTCCCCCTGGGACCATTGGTGGGGGGATTCTGAATGTCAACGACCGAAATTTGCCCCTGCGCGTTGTCCTGCGTTTCCAGCGACCATCCCTGAGTTCCTGTCGCGAACTGGCCGTTGCTCAACAGGTTGGGTAGCGTGCCCGTATCAACGGGCGCACTCCACGCCTTCCGCAGCGCGGTCGTCGAGGTGTAGCGCGCTTTGAGAAACCGATTCCAGCCGTCCTGCAACGTCGTGCGATAGCGAGGGGGTAAGCCTTGCAACGTCCCCGACCATGCCTGACCGACTAACGTATCTTCGTTATTCAATTCGACGAGGGCGACAACCGGGTCATCGGCCCATTTTTGCCCGGTGTAGGGGTTGCGATGCGTCAAAATTTGGCGCGCATACTCCTTCTGCATCGCGATGAACTGCGGGTCGAAATAGGCGGTGACCTTGCCCATCTCCGGCAACTTGTCGTCATCGGGAAACCCGTCGGCGAGTTTGGGCTCGCGCGAGACATGCAGATTGAGGTCAACGTACACACCGTTTTTCTTCAGTTGTGCGACGGTAAAATCGAGCAAATCGAGGCTTGGCGGCGCAACCTGCGCGTTCGATTGGGTGGAATTGTCACGATTGGCTCCAAAGATGTTCGGGTTCGCCCACTCCGCATCCATGTGATGCAGCCGGACGCAGTTAATGCCGAGTTTGTGTAAGCGTCCCGCGAATAAGATGGCGTCGCCGGACCGCGAAAAGTTGGCGTTCCCGACTAAGTTCGTCCCCAGAAAGCGCACGCGCCGTCCACTGGCATCAAAAAAATGGCCATCTTTGACCGAAATCTTCTGCGTATTGGTCAAGGGCGCCGGGTTCAAATCGGCAGCAGAAATCACCGTCCGAGTCGCATCATCCCAGGGCAAAGAAAACGGAAATTTGGCAGGCGTTTGCGCCGAAGCCAACGAACAAAACGCCAACGTGCCCAGAACGACGGGCGAAAAGAGAGAACGCATAAAAGCTGAAAGAATTAGTCAATCAATTGGCCGATTGTATTTGTAGGGCAAGTTGCCACTGGCTTCTGTAGAGTCAACGGGATGCCGCAAATCACTCGTAAATCTTGGCCGCATAAAGAATGTTTGCCAGAAGTTGCCAGGGGTTCAAATCGGTCACGTTTATCGAGTGGTTCACCAAATACCCGTCCATATCGTTGACCCACCGATACAAAGACCACAGGTACGAATCCAAAGTACCGTTTTCCCATTCCTGGGGATTGCCATCAAAGTCTTTCTGAAGTGCCAGCAAAAAATCGGCGAAGTCTTCGCGTGTTTCGATGGAATCTATGGTGTGCTTCCAGTTCATTGTTTATCTCACAGCCATTTGAGCCATTTGAAGTACGCGAACAGTCCCATGACGATGACACCCATAGCACCCAACGACCCCCAGAAGCCGTGTTCTTTGGGCAAATCGTCGAAGTTCATGCCGTAAATGCCCGCAATCAGCGTCGGTAGCAGCAAGATAATCGAATAGGCGGTTAGCCGTTTCATCACGGCGTTCATGCGGTTCGACTCGATGGCCAGATACGCATCAAGGGCACCCGAAAGAATGTCGCGATAGGTGTCGATGTTTTCCACGATGCGCGAGGCATGGTCATATAAATCCTGAAAGGCGGCGAAGTGTTTGCCGCCCTCTTCGGCGTCGCGGCGCAGCAGGATGTTGGCTACATCGCGCGTCGGTCCCGCGATGTGGCGTATTTCCAGGAGAGCCCGCTTGAGGGCAAAAATCTCGCTCGACAGGCGACCATCCCCCGAATCATCGCCATTTTCCTCCGCGCTTTCGCCCGCTCCATACAGACGGTCTTCAAACGAATCAATCTTTTCATCCAACCGGTCGAGAATGGGGAAGTAATCGTCCAATATGGAGTCCATCAGTTCATACAGCAGGTTGCCCGCCCCATTTTTCATCCATTCGGGGCGCCGCTTCCAACGCGCCGCGAGCGTGTCGAATTTAGGAATGGGGGCATCATGGATGGTCACGAGCCAGTCGCCACCGACCAGACAGTCAATTTCGTGGGTGTTGACCTCGTGCTTGCCGGGATGATCGGGGTCATCATCGAGGGTTATGGCGTGAAAGATGAGATAGAGGTATTCGTCGTAGTCGTGCAACTTGGGCCGCCCCTCGCGTTCCTGCAGGTCTTCGAGGATTTGGGGGTCGAGCTTGAAGCGGTCGGACAGCGTCTTCAACTTCTCGTCGGATGGCTTCGTGATGTCAATCCACATGAACGAGTGTTCGTCCCCTAGCGGATGGCAGGGGGTATGATCCGATTTCAATGCGACCTTGTGCAACTCCGCTCGGTCCATCACTTCGACGGTGTTTTTCGCCGCGTCGTAAAAAATCCCTTGAAACACAAACGCGAGTTTGGCGTCCATTAATGACGAAGGCTTGTGAATCTTTTCACAAACCTTTAAAATGGAAACTCTTTGAGCAAGACCGAGAAAACTCTAATGGCGAACCTTCAACTTCAAGGCGAACTGGCCACCGCGTTTCGCGGTGTGCATTCAACGGAAAATGGTTTCACCGGCCATATTTCGATGGAGCGCGGCGCACAGTTGCAGGTGCCGTTGCCCGAAAAATACACGCGCATGAGCGCCGAGGAAATCGTCGAGCGTATCGGCGAAGCCAGGGCCAAACTCGGCACCCGCCTTGTCATTCTGGGCCACCACTACCAGCGCGAGGAAGTCATTCGCTGGGCCGATTTTCGTGGCGACTCCTTTAAGCTCTGTAAAGACGCCGCAGCCCGTCCCGAAGCCGAATTCCTCATCTTCTGCGGCGTCCACTTCATGGCCGAAAGCGCCGACATTCTCAGCGCTCCACACCAGAAGGTCATTTTGCCCGACCTTCATGCCGGTTGCTCGATGGCGGACATGGCCGACATCGACCAGGTCGAAGAAGCGTGGGACGCCCTCACCGAAGCCTGTGCCGGTCAGAAAATCATTCCCATCACCTACATGAACTCGGCGGCGAATCTAAAAGCCTTCGTCGGACGCAACGGCGGCTCAGTCTGCACCAGTTCCAACGCCAAAAAAATCATGGATTGGGCGCTACGCCCCGTCGAAGAAGGTGGCGCGGGCGGCGAGAAGCTGTTGTTCTTCCCCGACCAGCATCTGGGCCGCAACACGGCGGTTCTCGACATGGGATTCCAACTCGAAGACTGTCTCGTTTGGGACCCAAATCAGGACATGGGTGGCAACACCCCCGAAGCGCTGCAAAAAGCCCCCATTTTGCTGTGGCGCGGCCACTGCTCGGTTCACGGCACCTTCTTACCCATCCACATCCGCAACATCCGTAAGCAGCACCCCGGCGTCCACGTCGTCAGTCACCCCGAATGCACCTACGACGTCGTCCTCGCCAGCGATTCCTACGGCTCGACCGAAAAAATCCGCCAGATTATCGCGGCGGGCAAACCCGGCGACGTCTTCGCCATCGGCACCGAAAT
AP024152.1_gap106	4129883	4133841	3958	CGTCGCTCTCCACTGCGGGCCTCTACCTTTGGCACTGGCCAACTTATCCGCGCCGCACTCGATGCGGGGGCGCGTCGCTTTTTTATTGGCCTGGGTGGAAGTGCTACCACTGACGGAGCTACGGGACTTCTTAGCGCCCTCGGTGCGCGTTTTTTCGATGAGCGTGATTGCATCATTCCCTCTGGTGGTGGCGATTTATCCCGACTGGCGCGGGTTGACCTCCAATTTTTTGACCCCCGCCTTCAAAAATGCGAGTTCATCGCTCTCTGCGATGTTTCCAACCCTCTCTGCGGCCCCAATGGTGCCGCGCACATCTTCTCGCCCCAAAAAGGCGCGACACCCGAACAGGCCGAACAACTCGACGCATCTTTGGCACGCTTCGCCGAAGTCACCGCGCAGCACTTGGGCCGCGATCTACAAAACCAACCCGGCGCAGGCGCCGCAGGAGGAACAGGCTTTGGCTTGATGGCCTACCTGGACGCCCAAATGAAACCCGGAATCGAAGCCGTTCTGGAAGCCACCGAGTTCTCCGAAAAGTTGGACGGCGCCGATTTAGTCCTGACAGGGGAAGGCTCTCTCGACACGCAAACCCTGAACGGCAAAACCATCGCGGGTGTCTGTCGCGTTGCCAGAGAAAAATCTGTTCCCGTCGTCGCTCTGGGCGGACGCATCGCGCTTTCCGGCAAACAACTGGACGGACTCGGCCTCAAAAGCGCCTTTTCCATTGTTGATGGACCTCGCGACCTCGAATGGTGCCTGGAGAATGGAGCGACCTTAGTTGAAACTACCTGCGAGCGAATTCTGAGGACGATACGATGAAAACATTTTTCTGTGGTCTTGTCCTGTTTTGCTTTCTTTCTAGTGCATCGGCGAGCGAGGTAGGAAATGAGCGATTGGTGCAGTATTGTAACGCTATTCTCCTGCAAGATGGGGGCATTGGCGAATACACCGACTATCCACCTCACTTGGTCGTGCGCCGATTCGCTTCCAAAGCGCGGCACTACTTTGCCACCCGCTCATTCGCTCAAAAGAGGATTGAACTTCAGCGAGCGGCGCACCTACCCCTATCCAACGGAGCGATACAAAGCGTGGCTTACGTGTCGGCCATGAGCGGCATAAAACCCTATTCCAATGCTCGCCGAATGCTCGGCTATGAGGATGTTGCTCATCCGTTGTATCCACAGATGCCGGGATTAGGAGAAAATGTTTATGGCAACATCTGGAAAATTTATAAGAAGTTCCCCGACCATCGCATCGCGCTTTTATTACTTGAAGGGCACAACAGTGATGGTGCGGGCGCCGAAGTCGTACGCTCTGTGCGCTTTGGGATGCTTGAAAAGCAACCACGCTTCATTTTTGGTTTGGCGATGCAGTCGAAACGAGCCTTCTCAAAATTAAACGAGGACTTTGAGTTCGAGGCCAGTGAAAAAGAATTTCGTGTTCTCCGGCGTCTGTGTCACGACCCTGATCCCATTTTACGACAGGGAGCGCGTCAGATTCGCCATCATGTTCACGCCTACCACTCTCGCTTCAAGCGTCATTACTTTAGTGGGACATGACTCTGTCAATCAAAATTTGCTCATGAAACCCGCGTGCTTATAGGAGAAACTATAGAGAGCGCACCCCACGCACCCTTCAAATGAAACTCTGGAACAAACTCTCTCACTCTAAACCTGTCCAAGATTACGCGACAGTCTTCCAACGTCAAATCGAAGTTGACTGCTTACAACGAGGCATCCCCTCCAATCTGGAAGGTTTTCGCGCTAAGTTTCGGCGCAATCTCGTCGGTCATTGGAAAACCGAACCCGAATCCGAGCTACTCCCTGTCACTGAGTGGAAATTTTTCTCGAACGGCACTGCTGTGCAACTGAATTCTTCCATCATCATCGGCAGTAGCGAAGTCAACTTTTGCTGGCGGGAACGGGGCGATTTAGTCATCGACATGTGCAAGGCCGGTGACGAAGACGAAAACTCGAATTGGTTTCCCATCCACTACAACTTCAAGCAGAAAAATGGACTGATTACTCTCGTCCAACTCCCCGAAACCCCAACCTTCAAGTTCTACTTGACGACCGATTACCTGTTCTTTCAAGGTGGCCCCGCATGACGAAGGCGCGAAGAGGAATTCCTCTTCGCGCCTTCGCGTCTTTGCGAGAAATTAAGGATCTACAAAGTCACCGCTTCGCCCGTCTCGCCCGATTTGTAGATGGCGTCGATGATCTTCGTGATTTCGAGTGCCTGTTCGCCCGGCGTATAAACGGGCTTGTTGTTGATGACCGAATCCACGAACGACTCGATTTCCTTGTGGTGCGATTGCACGTTCTTCGGCAGGTAGGCTGGAGTGATGTCGAGTAGGGTACCGTACTTTTCGGTATGCATCTTCAGCGGGTTATACGACAATCCACCCTTGTCGCCGAAAATCTGAAAGCTCATTTTGTCGGCTTCCTCTTGCTCGGCCACAAACGAGCTTTCGAGGTGTAGCGAGGCGCCGTTTTCAAACAAAATCTGCGCCGCCGCGAAATCCTCGACAGTGAAATTCTTATAGTCCCACTGGCCCATCAGTCCGGTCACGTCGCTGCGTTTGCCGAACTTCTGGAAGGTCTGGCCGAACACCTTGACAGGTTTGGGGAAGCCCATGACGTGCATCGTGGAATCGAGCATGTGGACGCCGATGTCAATCAGAGGCCCGCCCCCATTTTTCTCTTTCGAGATGAACAGTCCCCAGCCGGGAATGCCGCGACGACGCATTGCGATGGTGCGCGCGAAGTACATATCACCAAATTCGCCCGCCTCGGCAAACTTTTTCAGTGTTTGCACTTCGGGCGTAAAGCGGTAGTTGTAGCCGCACATCAGCTTGTTGCCCGTTTCCCTGGCGGCATCGACCATCGCCTGTCCTTCTTCGGCGTTCATGGCGAGTGGCTTCTCGCACAGAACGTGCTTTCCGGCGCGCAGAGCTTTAATGGTCGCTTCCGCGTGCAGGAAGTTAGGGGTTGTCACCGAAACCGCTTGAATGTCGGGGTTCTCCAGCATCTCCTCGAAATCGGCGTATACGTTCTCGATAGCGAATTTGGTTTTACACGCGGTGCGCGCGCCCTCGAAGGGGTCGGAAACGCCGACAACGCGAACGTTGTCGAGCTTTTGATAGCCGGGAATATGAACGCCCTGCGCGATACCGCCGCCACCGATGATGCCGACGCCAAGGATGGTGTCCTTGCCAAGAGTTGTGTCCTTTGCCATGATAGGTTGTGGTTCCAATGAACGCGCGCAGTCTGAAGACTATCGCGAGCGTTGGGCAAGGCGCAAAAACGACTGAATCGTGCCTCCCTGACAAATAAAAGGGTCTGATTCTTCGAGAATTAGACCCATTTATTTGCTTTTCCCGATGGTTAGTTACGGGTTAACGTGAAAGTACCGATTTTATTCGCGGTGCTCGTTCCCACTCTGGCAGCGGTGCCAGAAATCTAGATGCTTCCCACAGCCGAGACTTTAATTGTAAATCTTGTGGCGAATCGGGGAGCGGTCTTCCTCATTATTGAGAGAGCAGACTTCCTGTCTGCTTGTATGTTTGAGCAGGTAAGAGGTCTGCGCGCCCAAATTACTCAGCCAGTCAAGATAACACTCCTTTCGGATTCGCTGTATATGTTCAACTCCCGTCGCCCCTTGATCTGGCTTCCGTTGGCCGCTTTGACTCTCTTTTTGGTGGTGTGCGGGTGGCGAAGTTGGCATCTGCCCAATGATGCGGAATCAGTTTGGTTGGTGATGGCCGACAGCTTCCCAATGTCCATGCAGAGAGGCGCTCCCACGCCTTCCTTTCCTGGCCAAGAAAATTTGCCAGATCCGTTTATTGCAGGTCAGTCCGTAAAAGTGGGTATTGAAGATGACCCAACTCAGGCCATCAACGACAAAAATTTCCCCTTCAAACCGCTTCCCCCAATGCTGCTGAAGGAAATTCAGTCGC
AP024152.1_gap107	4135303	4139419	4116	GATTGCTGCCAACTGGGAAGAGAAGACGCATGGCCTCCGTCACCTGACCGACGAGCAGCGCCCGCACCCCGACGCGGTACTGGAAACGTATCTCGGCTACGCCGAAAAACTCAAGCCATTCGTCGTGGACGGCTCGATTGTACTTAATGATGCGCGCAAGGCGGGCAAGCATGTGTTGTTCGAGGGCGCGCAGGGCACAGGGCTCGACATTGATTTCGGCACCTATCCCTATGTAACCAGTTCCAATGCGACGGCGGGTGGCGCTTGCACCGGAACCGGTGTTGGGCCAACGTTCATTGACCACGTCGCAGGAATCGCCAAAGCCTACACTACCCGTGTCGGCGAAGGGCCGTTTCCAACGCTGATGGAACCGGGCATCGAAGAGTTCTGCCGGCAGGTCGGCCACGAATTCGGAGCCACGACCGGACGCAAACGCTTGTGCGGCTGGTTCGATGCGCCGCTCGTGCAACACGCGGCGCGCGTGAACGGGCTGGGCTCGCTCATCATCACCAAATTGGACGTCTTCGACCAGTTCGAGGAAGTCAAATTGTGCGTCTGTTACACAGACGGCGAGGGCAAGAACGTGCCGTTTCCGGCGTCGCTGGCGCAGTTGGCACAGTGTTCTCCGGTGTATGAGACCTTCCCTGGGTGGAAAACCTCGACCGAGGGCGCTCGTTCGATGGAGGATTTGCCCGCCAACGCGCAGGCTTATTTGAAGCGGGTGGAGGAAGTGGCGGGCGTGCCGATTTCGCTGGTTTCGGTTTCGCCTTCGCGCGAAAGCTTTATTTTGCGCGACGAACGGCTACTTTCTTACGCCTACTGATTTCTCGCAAAGACGCGAAGCCGCAAAGTTCATTTTTGCGGCTTCTGTTTTTGGCCAGGCATTCAAGGGCTTTTTGAAAAACCGCAGAGGCGCGGAGACGCAGAGAGAATTTTTGAGGGTGCCAGAGTTCGTGGTGGAATGATCCGGTGAGGGCACCAATTCGATTTATGGTTTCTGAATACGAAAAGGACATTGTTGGTCTGGAACGCAAATACTCGTCGCAACCGACGGGGAATATCGTGTTCTACGGCTCCAGTTCGATTCGCTTATGGCCTTCGCTCAAGCGCGATTTTCCTTCGGTCATCATCGAAAATTGGGGGTTTGGTGGCGCGACGCTGCAAGAATGCGACTTCTTTTTTGAGCGCGCCATCGTGCCGCGTCAGCCGCGCGGCATCGTGTTTTATGGAGGCGATAATGACCTGGCGAAGGGCCGCACTCCCGCCGAAGTGTGGGAATCGTTGCGCGACCTGTTGGACAAACGCGATGCCCATTTTCCTTCGACTCCTTTTGCCTTTGGCGCATTGAAGCCCTCGCAATCGCGCGCGGAACTGCGCGAAGAAATCGAGGAGGCCAACGAATGGTGCCGCCGCGAACTCGCTTCGCGGGAAAATTGCGAGTGGTTGGATTGGTACGACGCTATGCTTGACGAGAGCGGACAACCCCGCCGCGAGTTATTTTTAGCCGACGAGTTGCACCTTTCGCGCATGGGTTACGACCTATGGAACTCGGTGTTAAAACGCGAGTTGCATTGGCTAACCGACTGACTCGCGCTGTGGGAAAATATGGGGTGTGCTTCGGCGTTTCTCCCCATTCCAATTGATATTTGCGCTTGTTGTAGTGCTTTTGTGGAGCGCGGTTGGTTTTGACCGCGAGGCGCGGGAGGTGGCCCGCCAGCAATTGCACAACGCGATTGTGCCATATTCGCGCAATATCCGTTACGAATCGCTCAATGCGAATCGAGCTGATGAGCTCCTTATCCTGGCGACGTTCAAAGACAAACGTATATCTCCCCTCGTAGAACGTTTCCCAGACGATATAACGCTGTTAGCAATTTATGTACGGGGGAACGATGCCCTCAATTGCCATCGTCGTCTGGGACCAAGTTTCTCCGATTACCTGGAATGGTCGGTAAAAATTAGCGGGGGTAATGTACCGGGGGCTCCCAGTGCTTCAACCGACATCGAAGAAGATTTAAAAAATCGACCTTCGCCCCACGATACTGCAAATGTACTGCACTTTATTGTACGTGGACAAAAGTTAGAGCCACAGAACACATTTTGGGATTGGATGGAAATGGCCGCGCTGTTGGCAGCAGGACGCGAGAATGAACTGCCGCGCGTTTTAAATAATGCCGCCCGCAAGAGCTATTGGGATGACCATGTTGTGGCAGAAATGCACGCTTCCTCCAGTTGGAACCAAAGAGAGAATTCGCTCTTTGCTCCGGCGGCAAAAACCCAGAGCTATTCATGGATTCCACTTCGCCACCTTTCGCACCTTCGCAATGTGGTGCGCGCATTGGCTCAGCAAGTGATGGGACTTCGGCTACAAAAGCGCGATGATGAGGCGTTGCAATTAGGGCTGCAAGCAATGCGATTGGCGCGTATGGTGCGCCTTGAGGCTAATACTCCTATCACTTCGTTGGTGGGTACCGCCTGCGAGCGAATTATTTTGCGAGAGGCGCGCGTTCCGCTGGGCAAACGCACTCGGCTGCCTTTTCCCTCGCCCGCATCAGCATTGGGCAAAACCTCAGAATCACTACTATTTCTCGCTAATCAGCGCTCATCCATTGCTGCTCGTGAAATTTCTTCGGAATGGACGCGCCTTAATGGATGGAGAATGGATTCTCTGACAGATTTATTTGGGGGTCTGGTGTCTCGTAGTACGCTGGAACGAGTAGGATGGACCACGAGGGTGGCCAGTTACATCATGATGGCGCTTCCTTTCGCTCTTGCCGTGTGGTTAGTTTCGGGTATTATCGGCAAATGCTGGAATATCAAAAGCAGTGTCTCCTCATGGTGGGGAAGTCTGGGGGGAGGATTGCTGTTGACTGGTTTTCTAGCGTTTGACTGGGTAGTGCGAGAACGCGCGTTACAGGAGAATGCGCCGGGGTCATTTTGCGATGTGGACTGCGTTGTACCAGAGGAATTGCTGTTTCCCACTCGTTCGTTTCTGGAGGCTCATGGATTGGCCTGGAGTGGTGTGACGCTACTGCTGGGAATGTTCGCTTTTTATCTGGCATTCGCTCCTTATAGAAATAGAACAGCGCGTAAACACCAGGCAAGAGAGATAGAAACGCAGGATTTGCATCCCATCGGTATTTTGTGGAGTGGAATCAAGTGGATATGGCGCGGACAGGGACGATTGTGGTCGTTCCTTGCACCGATACTGGTATTAGCTCTCGCTCTGGTTCCTGCGGTGGGGCTGGCCTCATCCTCTGATTCCAATAATTTCGTATTGAACTTCGTAGCCCTCCTCCTCGCTCTCACGGTGTGGCCCGCGGCAGTAGGGGTTCGGCAAATAGCAATTTTTCTTCGCATACGGCAAAGGACAAATGCCCCTGCCCGCTTCATCGGAATCTGGCACACGGCAGTGGGTAATTTTATTTCGGTCGCCTTACTCATCCTCCCGCTCTTGCTCTGGGGCCAAAGCCGGTTCGAGAGGGACTTTAATCGCCAGTTCGCGCCCATTGAACGGGGGCAAATGGTGGCGGCCATCCAGAAGATGCGTGGTATCCCGATGCGATGATTAACTGGGCCTTTAGTCCGTGAAAAAGCCTCTCCTCTTTTGCCTGTTAGTCTGGATTGTTTTATTCGCGTTGCCCTGGACACGCGGGCAGGCGTTGCTCGATTGGCGCGGGGCGACGGTGGGGCAATTCAGTGGCGATATCCCGGCATGGGCGCCTCTTGACGCGCCCTATTTGCCCGAAACGGATGCTTACAACTACTCTCGATCCGGTTCGCAGATCAGTCAAAACTTGGATGAATTGGTGAAAGCCAACGGCTTGGAGGTCGCGCCACAATTTGCGGCGATGGCGCGCAGTTCGACTGACCGCGACGTGTTGGTGTGGTGCGCTCTTTCGCCCATCGATTCCAAAGCGGTCGCGCGTAATATGGCGGTGATAGAGGCGCGGTTCCCCGGCGATGTGTCGCTGTTAGCGTGGAAGTGTGGCACTCAGATTCAGAATCTGAGCATGACGACGCGCGTGCCGGGGCCACTGTCGTCTCCCACTGTGTGTTGGTCGGTGCAAACGAATAAAACGCCGGGATACCCCTACAAGGTCGATGACAAGGCGC
AP024152.1_gap108	4140760	4143526	2766	TCGCCATTTTATTCCGCGCCAAAGGGTATGGTGTGGGCACCTATTTCAGGGGATGGTTGGAGGTGACGCGGCGCTTCCTGGTCGCTCATCTGGTGTTGACCACCGTGTTGTACCTGTTGCTGGCGACTAGCGGTGCTTTTTGGAGCGCCCGATTCGATGCGGAATGGCTCAAAGTCAATGCGCCCCCAAAGGCCTCAGCCACCTCCGCCAAACCATGATGCCCCCTGAACTGCGGCACATTTGTCAGCGTCAAGGCTCTAAATGCAGGAATGAAAATTCTCTCGATTCCCTTGTTGTGCGCGAGTTTGCTACTCACTATTGGTTTGTCGGCTCACGCGCAGCCGGTGCCCGTTTCCATCACGGTGCAAAGCACGCCCCGCCAGACATTCGCTGGCTTGGGGACCAGCCTGGGCAACTGGGGCATGGACTACCAGAAATTGCAACCCACTGAACGCGCGCAGATGTCGAAGCTGCTGTGGGGCGATTTGAAAATGAAGACGCTGCGGTTGTGGCTGAACTTGAACGAGTACGCCCCCACGTCCCAGGATCGCACGACAGCGAATTTTCGTGCCCGTTACATTGATTCGGGCATCATCGCCGATGCCCGCAAGAACGGTGTCGTTCATCTGCTACTGGCCCCCGATGGCGCTCCTGATTTTCTTAAAGTTAAGCGCGAGGGAGGGGGGAGTGATTTCGCAATTCCCGACGACAAGTTGGCCGACTATGCGGGGCTCATCGCCGAATTTATCGCGCAAATCCAACGCGAAACCGGGATTCTAATCGATGTAACGGGATTTCAAAACGAGCCAAACGACCTCGACCGCCTTGCCCCGGATCAAATGGCACCGCTCGTCAAATTCCTGAGAGCCGCACTCGATGGGCGCGGACTCAAGACGGTACAACTCATTGGGCCAGAAAGTGCCAATGTGGACGGCATTTTTTACGAAGCTCTCGATAAATTGCGCGCCGATCCGCAAGCATGGCAAGCGCTGAGTGGCATTGCCTCGCATTCCTACGCGATGGGGGCGACGAAGGAGGGCACGCATCGTATCGAAGACGCGCAGGGGAAGCTCACCAAGTCGTATTGGATGACGGAAGCAAGCGCCAACGGCGCGGAAGTCGAGGGCGATACGCTACGTGCGGCTTCGCTGGCCTCGCGGTTTTTATCGGATATGAATCAGGGCGTGACGCATTGGGTTCACTTCCTCGGCTTTGAAGTTCCCGACCCGAAAGATAACGCGACGCGCATCCTTGCGTTTCAAAATGCGCCATTTCGACTCACGACCTTTCAGAAATACTGGACTTACCACCAGTTGAGCGCGACTTTCGATGTGGGAGCCACTTTTCGCTATTGCACCAGTTCGCTGGATGGCGACATGGTGTGGACCTATGGCAAAAAGCCGCACCTGAACGCGAGTGCGGCTCGCAATCGCGACGGCTCATGGAGCATTGCCCTCTCCAACTTCACCTCGCCCGCCTTCAATGACAATACAGACGATAAGAGTGGTCCGACAGGAAACGGCTACGAGAATGGCTTCAAGGCCCAAACCTATATGGTGAAAGTTGTGGTTCCCGAACTGGCGACGGCAGGACAAAAGCGGTTTAAGGTGATGAGAAGCCAGAGCAACGGGGTGGAGAAAGCGGAAGGAAACGTGGAAATGCACGCTGGCGAAATAGAAATCCCCGTCATTGGCCCGCTTGAGCTACTCACTCTTCGCTCGCCATAAAAGCAAGTCATGTCTCGAAATCTGCGCTCACACGTTCCCATCTTTATTTAAAAAATGCCAGTTGAGCCAACCCACCACCTTGAAAAACAGCGTCAAAGTGGTACGCGGAATCCAGACGAAAGGCTGACGGAAATTGAGCGCGAGGATGGGATGTAATTTTAGGTCACTCAACGATTACCACATAGAGCGATGCCAGAGCCGGAGAATGTCTGAGGGGGAGTCGCTACTTTTTGCACTCCGACTTGCCAGCCCGAATCTTGGAGATTTACCGGCGACCGCGTAAGAATTAAGGTTTCCTTGTTTCATTCCTTCGCTGACAATAGTTAGCTCGTCGTCTGCGAAGGGAGACGAGGCCCGCGAGGTAACTCGATTGATTACGTCCGATGGCCTCTGGACAGGAGCGCGGTAATCCGCTACAACAGCGGCCAAGATTTCCTCATCATCCATCGAAAGATTCCAATTTCGCCAGCCCAACGCGGCGAAAAAGAGTGTCAAGACGACGAGTGGGAAAAACAGTAACAAGCGGCGTGAGGGGGACATAAAGAAAGTATGCCTTGCCGTGCCTGTTGTGTCTTTGCTAATATGGAGTGGGCCTTTTGCAGAGGTACCCAAAATCGGCGCGCGCCGAGATGGGTCGTTAGCTCAGTTGGTAGAGCAACGGACTTTTAATCCGTGGGTCGTAGGTTCGAATCCTACACGGCCTATACCAAACAAGACCGAACATTGACAAATGTTCGGTCTTGTTTATTTTTTATGCGCGAGCTTTTTGTCGTGATGAGTTCCCGAAAGCGGCCCTCACTTAAAAGGAAGAGTTGGATTTGTACGCGTGCCAACTAGAAAGTCGCTTGGTAATTGAGTGCGCTGTAAAGGCGCACGGTGCTGTAATGGTGCCTTCATTCCGCTAAAACGCAGCGGGCACAGAAGAGGACGTAAATCATTTTTGGTTGAGGCGTTCATCCCACAATCTTTCGTGTTGTTCGAGCATGCTGAGGATTTGCTTCCGAGACGCTTCGCCTCCATTTTAGAGCGGGCATACTTT
AP024152.1_gap109	4145388	4147162	1774	TTTGTTGGTAACGCCGGATTGTATCGTTTGAACTCAGTGGCCCTTACCGCCGAAGCACCAGCGCCCAAAGAAACGCGAATCGGCGCCAACACGCTTGTCGGCATGAAGTTCAAGACTGGCGCCAGGACGCTGTGGGTGAAAACTCTGGGCCGTTGGGCCAAACAGGGCCAGCGAGGTGGTCACTTCTACCTGGTGCGTAGCAAAGATAACGCGCTCGTTGCCGATGCCACGCTCGATGAAGTACGCGGCAACTGGATGCAAAAATTGCCGCCCGGATACTACTATGCTCCCGTTAACGTGCCCGGTAAAGAAGCTGGCAAAGATGTTTCCATTCGTCTGGAGCCGAACACCGAATATGCCCTGTTAGTGGGCTCCACCCAGCGAGACGACCTAACGATGGCCGAAGGTGAAATGAGCGCTTCCGGCTCCGGCCCCGACATCTCAATACAAAACGCTATCCAAGCCGATACTGGCGGTAATCTGGCTAGCCCCGAATCTTGGAAATGGACGCAGGGCGCGGCGCGGCACACGTTCGGTCCTGTGAACTTTCAATTTCGCACGACTGAAGAGGGCGAAGGAGCTAACCTGCCCGATTATCCTGCGGTGGTGGACGGAAGTCAGGCGGCGTGGCTACGCGGCACAGGCGAAATTTCTCAGAGCGTCAACTTCGCATCTCCCGGTAAATATGCGCTCATTTTTCATGCGGCCAGCACCATGAAAAATTGGCCAGGGTATTTGCCATTCGACATCTATTGCGATGACCAGAAAGCTAGCCCGATGAGACAGGGCGACCACCGCGTTGCGGACAATACTTCGGGCATTGGCGGCTTCGCGCGCGCTATGTCCGATCTGCATGAGGAGTACGGTAGCGCCGTTTTCACTATTACTAGTGTCGGCTCGCACGTCATTCGTTTGGTCGGCAAGGGCAACGACGATCAGTCAATCGTTTTCGACGAGTTTTCCATCGCTTCGTTGGATGCCATTCTCAATTCCGGTTTTGGTGCCGGTTCTGCCTTTGGACAAATCGCGTCCAACGACTATCAAAACCAACTCAATAATCAGGCCAGTTATGCCAGAGCGTTTGGTCTGCCTGTAGTCGCCTACGAAGCCGGGTGGAGTCTGGGCGGTGATTTCAATTCCAAACCCATTCAAGGTTACGCCAAGTTCTCGGATGCCCGTGCGCGCGCCATCAACAATACGGCGATGGATATTTTCACTCGGTCGGGTGGTTTCATGAACGTGTGGGGTGTTTATCAATACTGGCCCGAAAGCGATACCTCGCACGCTTCAGAGTATCCATTGATGCAAAGTCTGCAATACCTCAACGACCGTTTGCCCGCCGAAGCGCGCAACGGTGCCCCCATTCCTGCCTCATTGAAGCCTTCTACGGCAATCCGATGGTCATGGAGCGACAAATGGAATGGCGAAATGTCCGAACGCGGTCAATGGGGAGCCTGGCTGGTGGTCGCTCCCAAACACGCCGTTTATGCGCTCACGGTGGAGTCCACTGCCGGGGGAAACTTTGAAATCGAAGCCGACGGTAAAAAAATTGGCACGGCGAATGATTCTGTCGCCTCGAAGCCATTTTTAGTGACGCTGGGACCGGGAACGCACGGAATCCGTGTGCGCTCTCTGGGAGGCAAGTGGTCTTTAAAAAGCGTGTCCATCGCGCCGCAAAAATAACAGGGGGGCGTGCCGAAGGTGCGCTCTTCGCGTGTTTACTTTTTCGGTTCCATCTGTCCTTTTCGTCACGAGGCGCAAGCGAGCGCGACGA
AP024152.1_gap110	4154149	4155923	1774	ATGCGGTCTGGCCCCGCCTCGACCGATCCGTACTCCGATACCTCTTCCAAATTTCGTCAGCAAAGCACCGACTTGCGGCGCAGTTTGAGAGGAGATCAATGGGTCATCTCGGTTCGCCCCCAGTTCAGTTCCAACTCCGTGGACATCGTGGTTACGCGCTCCTGGCAGGGCCTCAGCCGCGACGACCGTTTGCAATCCGCCAAATCCTGGACGCAGTCCTGGAGAAATATGCGCGCCCCCTTGCCAGCCCCTCTCCAAATCACCGACTCACAGGGACACGTTCTGGGGGGCCGCACCGCAGGCGCCAACGAACCCTGGCTTCGCTAGAGTCGGTCTCCTTTTCCTGTCACTACCTATCGGCCCCGAACACGTTTGTAACTTACGATGTAACACCCATATCGGGTATGGTTTATGGAGGAGAAAACACTCCCTTCTTACCTCATGTCCCCACCCTTCACCCTCGCACATTCCCCATTCATTTGTGGATAACTCCCTTCTCCCGCTTGCGGGGGAAGGTGGCACGGAGTGTCGGATGGGGGCCAACTTCGATTAGTCAATCTTGAGAAGCCAATTTACGCGTGGATCTCACATCAAAACGCGCAACAATCAATCTTTTCAAAGTTGATTCACGCTCAAAGACAATTGATTGGGATTGAAAACTCCCCCCAATCAATCTTAACGGAACGCCCGTTATTTTAATCAAAATATCCCCATTTAACGCTCAAAACAGTTTGGTTTTTCCGACTTCCGGTTTCCGCGTTCCGATTTGAAAAATCTCGATTCAATTCGACCAAAACGACCATACTCCTCAATCTTGGCTCCTCCTCTAATTCCCGGCCTCTGGCTTCCGGCATCCGCTTTCTGAAACAATGATCTGCCCCGTTTGCCAATCCCCCAACCTCGAAGATGCGCGCTTTTGCGCGAGTTGCGGCTCGCCACTCCCCACCGTCGAAGCCGCCCCCGATGCTCATGTCCTCCAGCCGCGTACCCCGCTGCACGGCGGCTCCTTCGTCATTGAGGAACTACTGGGCGCGGGCGGTTTTGGTCTCACCTACCGCGCCCGCGAAAGCGCTCTGGGCCGCGAGGTCGCCGTCAAAGAATTCTTCCCTTTCGGCTCCACCCGCCAGGACGGGCGCATCGTGCCGCCTCCCACTGTGTCCGGCGAAGAGTGGCGCCGCGAACTGAGTGCCTTCCGCGAAGAAGCCCTCACCCTGGCCCGCTTCTCTCATCCCGCCATCGTGCGTGCCTACGCGGTCTGGGCCGAAAGCGGAACCGCCTATTTCGCGATGGAGTTTCTGCGCGGCCAATCGCTGCAAAAGCGGCTCGAAGGTGGCAAACCGCTGCCCGTAGATGAAGCGCTCGCCATCATCCAAAGCATCGGCGAAGCCCTCGCTCGCGTCCACGAGGCGGGTCTGTTGCACCGCGACATCAAACCCGACAACATCCTTCTCTGCAACGGGCGAACGGTGCTCATCGACTTCGGCACAGCGCGCGAGTTCGCCGCCGACAAAACCACGCCGATGACGCAACTGCTCACCCCCGGCTATGCCCCGCTCGAACAATACGGGCGCCGCGCCCGTTTCGGCCCATTCACCGATGTCTACGCCCTCGCCGCCACGCTCTATCACGCTCTTAGCGGTCACGCCCCACCTCCGGCACCCGACCGCGCGGCAGGCGTTGAATTGCGCCCCCTCGATGAACTCAACCCCAGAATTTCGTCTCGTCTCGCCCGCGCCATCGAAACGGCCCTGGAAGTGTCCGTCCCCAAACGTCC
AP024152.1_gap111	4159350	4161390	2040	CCGCGATGCCGCGCGTGCCCAGTTGAGCGGGCAAAGCGGTGCTCAGGCGCCCCTGAGTTCACCTTTCTCTTCGTAACTCGTAAACCTGACCGGACACCGCCCCGCCGCGTTACTCTGTGCCATTCCATGAAAAAACCATCTTCCAACGAACCATCGCCTTTCTCTTCGTCCACCCACGATCCCAACTTATCGGGCCAGCCCACGCAAAATCAACCTGCGCCCAACCAACCCTCTCCCGTTGCGCCTCCCTCAAACCTGCCCGATTCCGTCCAAAAAATCATGGCGGCCAATGCGCGCGGGACCGTGGGAGGCGGCCCTACTATCATTGCCTCCAGCTATAAGCCCTCCGGCAAAGTCGGCCCCACCGCTCTGCCGGTCATGCTCATATCTTCAGTTGTAGGGGCGCTAATAACGGCTGCCGTCTACTACTTCATCGCCCCCCACTTCAATGTCGTGTTAATCACGCAAATGTACCTGGGGGCTCTGTTGGGCGGCGCGCTGTGGCTGGGTGTCAAAGCTGGAAAGGTGCGCTCCCAGCGCTACTCGTCGCTTTTCGCCGTGCTGGGAACCCTTTTGCTTTTTGGCGCCTATCATTCGGGCAACGTCTGGCGCCAACGCGAAGAGACCCTCGATTTCTACGCCCCATCTCTGGCAAAAGCGACTAAGGTAAGCGTCCCTGCCGCCCGCGTCCGTCTCGGCCAAAGACTCACTTACATGCGGGCCACCCAGTTGTATTGGAAAGACCATTACACCAACGGCGTCACGCTCCAAGACACCAAATCATCCCGCGCCACGTCTACCGGAACTCATTTGGCGGGTATGGCTTATGTTGCCTTCCTCCTCGCCGAAATCGGTATGACGGCCCTCGCTGCCGCCATCGTCGCCTCTCTTTCCACCGTAGCCCGCTTCAGCGAAACCCAGAACCGTTGGTACTCAAAAAAGCGCGTCTTCGCCGTTGGCAGCAAAGAGGTCTATCCCGTATTGCAAGCCCTCCAAACAGGCGAGTGGGGTAGTGCCCGCCAGATAGCCACCGAGCGCAAATGGAAGGTCGCCGATGTCGGTCAGGTCTACGTTGCCACCGTCCCCGGCGACCCAGGCGGCTGGGTAGAAATGACCATCACCCAGGACAAACAACAAAAACTCCTCTTCGAGTCCGAAGTAGACGCCGAAGCCCTCCGCGCTTTAGGCGCCAAAATCTAGCTGCTTGGCTTCTGATTGCTTTTCACTAATTCGTATGGCAGCTAGAATTTTCAAGGATTGTCGTCTCAAAACCAAATGGATCGAGAAATTCACCTCCCGCTAGATTTCCTGTACTCGTTCATGGGTTGGGTGGCGTTCCACGCGGGCCACATGTCCCGCCAATCCATCAATTTCATCCCCTCGAACGTAGTCTTGATAGGATTGGCTCCCCTGATCTGCCTCATTTGTCTCATCGCTTATACAGGTCAGATCTGGATTCTCCTGCTAGGGGTACTCTCGGCCCTGATGTTCGTGCTGCTCATTATCTCATCCCTAATAAAGCACACGGTCTTCCAGCGCAAGAGATCCAGTTCTGCGACGGCGCAGACTCTGGAGAATTTCGACGGCGAAGTGCTTTTCAACGGGAAATTGCGTTTGTCGGAGAAGATGTTTAACCGATTTTTGGGTGTGCTCGCCCGAATTGTGACGCTTGAAGATGGGTCTCTCGGCTTCGCCTCGCTCATTGATGCCTCAACCACCATGTATGGTTTCGTCTTGAGCGAACAACGCGGTGTCTGGTACTCAGTGCCCATGCCTGGGAGTTTGGAAATAACAGATGGTGTGTTCTATTACGGTGCGAAGGGACACCCCGCTCTTCGGCTTTCCTACACCGAAAAACTTGGTCCCAAACGTCGTACCGAAGTGGCTATAGTCGCCTTTTCTTCGGAGGCTGAACGCGAAACGGCCCGCCTCTGGTTTGCCGAGAAGGTCAACCCTCCCTTCGACTACTAACTCGTAATTGGTAAAGAGTAACAAACGTAGTTCCCCCTCAAACGTCTAAATAATCCTATGCTGCCACGT
AP024152.1_gap112	4165755	4168711	2956	CGCCCAAGCAACTCTCGAAAGAGGGCGCGAAGTCGGCCCTGCGGGACGAAAGTGGCCCGCAGCCCGAGCGCATGTCCGCTTTCGAGTCCGCGATGGGAGCGCCCGTTCGCGACCGAGGCTTGGGAAGGCCCACCAAACGCGACCGCCGCGACCTCGAACGCGAGTTCGGCAGCCGTATCGAAGACGAGGACGATTAAAAGATCATGCCCTACCGCACCCAGTCGAGCGACACCAGCCGCGCCGTTGAGGAAAAACAAGTCGAAATTTTGCGTCGTCTCGGTCCCTCAAAAAGATTGGAGACAATGCGAAAGTTATCGCGCGGCCAAAAACAAATGGCTTGGAGTGCGTTGCAACGATCATTTCCCAAAATGTCGCCGCGCGAATTGCAAGTCAAAGCAGTTGAACTCTGGTTCGGACGCGAACTCTCGGTTCAATTGGAGCAAACCTTGAAGGAGAGAAACAGGTGGAGCTAAGTGATGCGCTCGAAGCCTTCGCTCCTGTAGCAAAGGTCTTCGACGAGCTTGGTATTGAATATCAGTTGGGTGGCTCCGTTGCCAGCTCAATACACGGTTTTCCTCGTGGGACTCTTGATGTCGATGTACAAGCTGATATTCAAGAGCGCCATGTGCAGCCTTTAGTCGAGCGTTTGGAGGATGAGTGGATGATAACGACGGCAATGGTTCGAGAAGCTATTCGTTACCGCTCCAGTTTTAACATCCTGCCATTTGAAGCTATTGCTAAGATTGACATTTTCGTCCCTAAGAACACTCCATTCGACCTTAGCGCGATTTCAAGGCGTGTGAAAGATGTCGCGATGATGGACGGAACCACAATCCCGTATTTCATTGACTCCTTGGAAGATGCCATTCTTCGCAAGTTGCAGTGGTATCGCATGGGAGGACACGTTGCCGATCAAAAATGGTTGGATGTTTTAGGGATGATAAAAACTCATGCGTTCGATATTGAACTCGATTATCTCGAACGATGGGCGCCAGAATTGGACGTTGCCGATCTGTTAGACAAAGCCTTGGATGAATCGGGCTTTTCAGAATAAATCATGAGCATTCTCATCAACAAAGATACCCGCGTCTTGGTTCAAGGCGCGACGGGCCGTGAAGGTCTTTTTCATACCCAGCAAATGCTGGAATATGGCACCAACGTCGTCGCGGGGGTTACTCCCGGTAAAGGCGGCCAAACCATCGAACACGCTGGCAAATCGGTGCCCGTTTTCAACACGGTCAAAGAAGCGGCGCAGGCAACTCAGGCCAATGTCTCCATCATCTTCGTGCCACCACCCTTCGGTTCCGACGCCATCTTGGAAGCGGTGGATTCAGGCGTGACTGGTATCGTATGTATCACCGAGGGCATTCCCATCCAGGACATGATGAAGACCTATCGCTTTGTCAAAGAGCGCGACGGGTGGATGATTGGCCCGAACTGCCCCGGCCTCATCACTCCTGGAGAATGCAAAATCGGCATCATGCCCGCCCACATCTTCTCGCAGGGTGACATCGGCGTCGTGTCGCGTTCTGGCACCCTCACCTACGAACTGGTGGACGAACTCACCCGCAATGGCATGGGCCAGACCACCTGCGTCGGTATTGGTGGCGATCCCATCATCGGTAGCTCGTTCGTGGATGTACTGGCATGGTTCGAGAAAGACCCGGCGACCAAAGCGGTTGTGCTATCCGGCGAAATTGGTGGCAACGACGAAGAAATGGCCGCCGATTTCATCAAAAACCACATGACGAAACCCGTCGTCGCCTTCATCGCGGGCAAAACCGCGCCTCCAGGCAAACAAATGGGCCACGCCGGAGCCATCGTTTCGGGCAGTGCGGGCAGCGCCCAATCGAAAGTCGAAGCCTTCACAGCCGCCAACGTGCCCGTAGCCGATTTGCCGAGCGAAGTGCCAGGACTGTTGCGCGAAAAATTGGGGCTGTAAATGGCGCTCGCACCCGAAAAAACTTCGGCTCTGGTCGAAGCCGATTCGCCCGAAGCCAAAGTCGAACTGGCGCGTTTCTCCGTGGGCGACTACTCCGTTGGCCGCCCGTTCTGGGTGCGTGCCCTGTGGTTTTTGGTCAACGCTCGCGTTTTGCAAAATCCTGCGAATCCCAGTTCGGCGCTCAAAACGCTCGCTTTGCGTGCTTTCGGAGCTAAAATCGGTCGGCGTGTCTATTTGAAGCCAGGGATTAATGTCAAAAATCCCTGGCTTCTCGAAATCGGCGATGACTGTTGGATCGGCGAGGGTGTCTGGCTCGATAACCTCGAACCTATCCGCATCGGCGCCAACGTCTGCATCTCGCAGAGCGCCTATTTGTGTACCGGCAATCATGACTGGACCGATCCCGCCATGAGCTACAAACTCGGCGCCATTCGCATCGAAGATGGGGCCTGGATTTGTACGCGGGCGATGGTCATGTCGGGTGTAACCGTTGGGCGTAACGCCATTGTCGGCGCGGGGGCCGTTCTTGCCTCCGATGCCGAATCGGGCTGGATCTACGCGGGTAATCCGGCCCAACAAATCAAAAAACGAAAGATGAGAAAGCCGTAAAGGAGCGGCCCACACCTCAACGTCATGCAAGCCATTCGCGTTCATCACACCGGAGAGCCGGACGTGATGCAATTGGAAGAAGTCGCCGACTTACAACCCGGCCCAGGTCAGGTTCTGGTCAAAGTTGAAGCCGCCGGCGTCAACCCCGTCGAAACTTACATTCGTGCGGGCAAATACCCACAAAAAGCGCCGCTTCCATACACCCCCGGCTCCGATGCGGCGGGCACCATTGCCGCCGTTGGCGAGGGGGTCGGAAATTGGCATATCGGTGACCGCGTCTTCACCGGACGCTCCCAATCGGGTTCTTACGCCGAGTTCACCCTCTGTGCCGCCGACATGGTGTTCCGCCTCCCCGATAGCCTCAGTTTCGAGCAGGGAGCAGCGATAGGTCTCCCTTACGCCACA
AP024152.1_gap113	4177394	4179349	1955	TTCGACGTTCTCGAAATTGAAACCTATTCTCCCAAAACCTATATCGAAGCCATCGAAGCCGCTGATGAAGCGGGTTACGACGTTCTTGTCATCGACTCCCTTTCTCACGCCTGGGTCGGTAAAGACGGCGCTTTGGAACAGGTCGATAAAGCAGCCCGTCGCACCCAGTCGGGCAACAACTTCGGCGCGTGGCGCGATGTTACTCCGCAGCACAACGCGATGGTGGATGCGATGATCTCCAGCAAAATGCACATCATTGGCACCATGCGCGCCAAAACCGAATATGTGCAGGAGAAGGACCCCAAAACGGGCCGCACCACCATCCGCAAAGTTGGTATGGCTCCCATCCAACGCGACGGTTTGGAATACGAGTTCGACGTGGTGGCCGACCTTGACGCCGACAACAACTTCATCGTCGGTAAAACCCGTTGCCCTCAGCTTTCCGGTGCCGTCGTCAACCGCGCGGGCCGCGAAGTGGCGCGCACCTTGAAGAACTGGCTCACCGATGGTGCCCCAACCGAAGCGCCCCGCGTTGAGCCACGCGTCGAGGCTCCCAAACCTCAACCGAAAGCGGCGAAGCCCGCTCCTGAACCCATCGAAATCGAAGACGACTTCGAGGCTGACGATGTGGACGCCGTCCACTGCGACTGCGGCATCCCCGCCAAGTACGTGCGTGGCAAAAGCGGTGCTGGTTGGGTCTGCGGCCATGTCGGAACCGACGAGCCGACCTGCGGCTTTCGCATGAAGGAAGCTCCTATCGAAGTCGCCGACGATCCTTTCGGAGAAGAGGAACCGACCCCTAAAGCCCACCTCAACGGCGCCCACGGTTAGGCCTCGGTTGCTTCTCTCCCTCATTTAAAAATAACGCCTGCTTCTTGGTGAAGCGGGCGTTTTCTGTTTGGGCCAAAGCGATAGCCGAGATGCGCCTGAGCTTTTTATCATTGAATTCGTAAATCCCTTGTGATAAAGTGCCGCGAGAGCCGCAAAATCTCGGCTCGTTGCCTCATGGAACTCTTCGTTATTGCTATCCCGGCGGCGATCTACTTTGGCACACCACTCTTGATTAAATTCGGAGAGGGGATGAACGCCAATCCGACGCTCATGCCCGTTGATCCGGCGCAGTGGCCGACCTCAGTTGCCCAGACCATGAGTCGCGTCGAACACGATTTATATGCAATGGGTTTCTCTATCGTGGCGCGCTTTCGGATGTCCAATGCCGCTAATAACACCGATACCATCCTGACTATGCTCGTCAACTACAAAAGCGGCGACAAAGCGATGATTACCGCTATCTGGGGAAACGCGAATGGCGTTTGGACGCTGGGCACCCACTACACCGAGTTCTCGACGCGTTTTGAAGACGGCCACTGTTTCGACACCATGAACTCGAAAACCCTGGGTTCGTTTCAGCGCGGGCCCATGGACATCAAAACTCAAGTGCCCCAGTTAAAAGAAGCTGCCGATCTGTGGGCTCTGCATCGCTTCGTAATGCGTAAACACAATCCAGCGGGCCGTAAAATCGTCTACGATATGAAGGATGCCGAGACCTATTTGCGTCGCATCTGGCGCGAGGGATTTCAAGAACAGGCCAAGTTTGGACGCTTCACCGAAAAAGGCTCCCGATTCCAACCGACATGGAAAGGAGCCTATCTTATGACTTGGGCACTCATGTGGCCGATGAAGTGGATACGCGAATCTCAGATGAACACGCGCGCTCAAGCCATCATCCGCGAATGGAGAGGCCAACCCGTTTCCACTCACGAGGGCGCCTTTGACGAAAACAGTGTCTGGATTAAAGCCGAAGCCCCTGCCACGACCTGAATAAGATACGGCTTACCCTTTATATTTTTGCCACTTGACGCCGGGAAACTCTAGTGTCGAGGTAGCCTCATCGGGTCCGGTTTCGGTTGCGTGCAGGTGAATGTCCACTGTTTTTGTCCCATCGGTAGGCGCGG
AP024152.1_gap114	4194948	4196138	1190	TTGGATTTTTTTCTTGCAAAACGGTACTTAATATTGCGCCCGTTAATACAGAGTGGCTCTGAAAGCAGGGAGAATATGTCCTCTTCACTGGGGACTTCCTTCCCTAATACTCCGCTATCACGGAGGTGATTAAAAGCAGCGATACCTACTTGAGCAGGAATACCATGACCTCCAAGAAGGCAAGCAGCGGTTTCTTCCTGGAGCGTTCTTCCTAATTTATATCTAATTGGGCCGCCCTCGATCCTACGGGCCAATACTTGAAATGCCCAGTATGCAGGAGAGGGAAAATTATCGACAAAGCCCCATTGGACACCCGGCATTACCTCTGTTTCGGCGTTAGGGAATTCTATATTGACGGTCGTATTTTTAAGATATAAAGCTGTCCGCTGCATTGGTTTTTGCCTCTTGATCAATTACATAGGTCTTGTTGAGCCAGAGAATAAATTCATTGCGCTCGATATTATCCATGCGCTGCACACGATTTTTCAATCTTTCTTGTCGTCTTTTTATAATTTGACGAGTGCGAAAAGACGAGCCTATAAAGCGCGTATCATGGAGCCGATCCGGTACTGGGAAATTTAGCCATACACATTCTTCTCTAATATCAGAATGTGTTTTCGCTTTGAAGGTGATCTTTCTCCAATCGCTTAAAACGTCCGCGTAGAGTTCATTCTCATAACTGGACACCATCACCATACACCGTAATTGGCGCAGTATCTCTAGCAAATCTATATGATTCTGCTCTGTATAATCGTATGCGTATATGTACTTCCTCCGCCTTGTGTTTATTGGGTACGGAGGGTCCGAATAAATGAGTTCATCTCCATTAAACTCATACTTGCGGAGATAATCGACTGCATCTTTTTCTACTAATTGACAGTAATGTGAGTGTTGGGTTTTCCAGATCTCTATAACTTCTGGATCTATATCTATACCGATGTTATGTGAGGCAGGGAACTTATTCCTTAGCACTGCCCCTCCCCCCAAATGGGTTTCTATATATGTCTCATGAGGAGGCATGAGATTGATGAGATGTTGGAAGCACTTACCTTTGCCGCCCGGATACCGCATACACCAGATTATCGTCAAAAATGGCGATGATGTCAAGCAAAATGGTGCCTGGGATTCGCAAGAGAGGAGTCAACAGATAGAAATACGCAAAGAGTCAAAAATACTATATGGTAAGTGGA
AP024152.1_gap115	4231943	4233286	1343	GCCCGCTCCGATGATCTTCCCGGTTATCGTTGCCATTGCCATCATCGTGCTTTCTGTCGTAATCATGACGAGAGTTAAAGCGGCCATTGTTATCGAAACGCCCATCGTTGCGATTAGAGCCGTTGCGGTACAAGTTGCCTCGGTGATCCTCAATGCGCCCTGCGGCGGAATGCGAGTTAAAGCGCGGTTCCGGTTTGTTGCGTGAGTCGAAACGCGAATCCTCATGTCGTAAATTGTTATTCCATGTTGGACGCGAATTGTTCCATGCCGGAACCGAGTTACCTCTATGAGACGGAGACGCCTGAGCGGATGAGGTCCAGGCCAAAGCCGGAGCGATGGTCAATGCGCCCAACAGCGCGACTTTGGTCAGGTTCGTCTTCAAAGTGAGTGTTTTCATGATCAACATCCTCTGACGCCCCCTGTTGAAACACTGTTGATAAGGAACTCTCACGTTTCCCTAAAGACACATTCGCCTCTTAAGGCGCTCTTAAGAAAGCCCTAATTGTGTCCTTCACACTTTCGCCCTCGATAGATTGGAAGGAAGAATCAATCCTGCCTATCACTATGTTGGGCATTATCAAGCCAAATCTCCCGTCAAGAACTCCGATTTTTGTCCATACTGAAGAACACCTGTAAGTTCCAGTAATTAAAGGACGTAAAACCCATGTTTTTAAGCGAAACGATGCGAGCCGTCGTGATTCTGTCTTGTGAAAAACATTCTGCCCCGCTTGTCGAGAAAATCCAGGCGACAGAGACGGGCAACTGGTTCGTTTTGCCCGCCATATCGCTCTTCAAAAGTGGCTATTGGCCTAATGTCTCCAATTCCCACACGGGTAACGGTAGTGTTATTGTCGGCTTCATCGAAAGCATGGCTCTTGCTCAGGAACTTAAGGAATTCGAGACCGAGAATTACGACAACGGCCTCTGTCCCAACTGCGCGATCTACGAGTGGAATGTCTCCGCATTGCATACCACCCGCATGACCCGCGATCCCGTCTGTCGCCGTCTGGTTTCCTCGAACGCCTCGCTGTCCGAAATGTACCACGACCGCCTCTTCTTCTTCTGCTCGATGGGCTGCCGCGACCGATTCCACAAAACCCCAAGAGAATTCGTCCCCTCCGCCCCCGAAGTGAAATACCCGGTCGCGTCCGAGAGACTCGAAATAAAATAGGCCCATGCATAATCGGAAAGCGATTGCGTCCGGCACATCAGCCGCCTTACTCTTGTTGCTGGTAGGAGCGTCTTTAGCGGGCGCGGCACCTACCGCAAACGAGTCCGCTAAATATACCGGGCTATCCTACAAAGGTAAGCCCGCGCTTATCCCTGGGACTATTCAAGCCGAG
AP024152.1_gap116	4234460	4235807	1347	GCATGATGTGCCTCGTGGAGCGGCACCTGTGCCGCCGATGGCAAAGCCATTTACCCGAACTGTACCTGGACGATACCATTTGACGTGGCCGTCTATAAAGGCGATATTCGAGCCCTCCAAATGACGAAACGACAGGTTATCTTCGCCCGACTCGTAGAAGAAGCCGTCGTTGGTCGAGCCGGTGGTCTGGTCGGCGGTGCCCGATGTCGCGGACTCCTCGCACAGCATCATCCACTTAGAGGTTTCATCGAAGGCCGCCAGACTTTTGGAGGTGCCTCCCGGATCGTTGGACGAGGTTAAACATGAGTTCATCGCGTAGGAGTCACCTGTTGTCTGCCCGTCGGAGTCGGATGGACAGACAAAGATTTGCCTGCTCTTGATGTAAGGGTAAATGTTGCCCTGAGAAGGATCAAAATTTCCTGCCGCCGTCCCGCCAAACGTCGTGTAGTAAATCCAGCCCCCAGTTTTGGCTTGGTTGGCCGCTCCTCCCAAAATCCCCGGCAAACGCTCGTCGTAATCCTGTGTGTATTGCATGATTCCCAGTCCCAGTTGCCGCATATTGCTGGAACATGAAGAGCGCCGCGCATTTTCGCGGGCCCGTGCAAAAGTGGGAAACAGTATCGCGGCAAGAATGGCGATGATAGCAATGACTACTAAAAGTTCTATAAGAGTAAATGCTGCTCGCATATGATTTTCCTGTACTGGTGTGCTGACAAAAGAGGGCAGATAGAGAATTCGTGAGAATGTCAGAACCTCGTGACTTTGCCCATTCAAGAAGTAAAGAAATTTTCCCCTTTGCAGACATAGTGAAGGAAAAGTGGAGCTTAAGATTTCGGAGGCCGAGATGAAGAACGTTTAAGGCGCGTCATTACAAATCTCCTGTACATTTAGGAAGGCCTCTGTTGTAGCCACAAGCCCATCCACAGAAATTGCGGGACCCAGTGCGAAACCATATGAAAGTCGTCACGCCACAATTCGGGCCGCGACATAATGGCTTGCAATTCGCGCTCGAATTGGTTCGGGTCGGAAAGCGCGATGGGCCATAACTGCGTGACAGCCGCGCCCGCATTGTGGCAGTTTTGCATCTCCACCGTTCCCATTCTGGGCGAAGTAAAGTCACACTGCGCGTCTTCAACGAGTGCGAGCAGGGAGGGCAAGTGCAAAAAGTCGTAGCCATCGATGGGGCGATTTTCGACACGCCTTTTGAAATCCTCGACGCGCGACTGCAGTGCCTTAAGCCGCTCTCGATTGCCGGAAGAGATGTTGAGTTGCAATAAAAAGAGAGCAAACAACCAGCTATCGTGACTGGCGGCGGCGCGCTGAAACCAGGATGAATCGAAAGAATGA
AP024152.1_gap117	4237809	4239068	1259	GAAGGTGTAGCGGACATGGGCCTCGTCGCCGGAAATGATGGCATAGTGAATAGGAATCCAGACTGCCTTTTCGCCATTGGCGCGCATCAGTTGGTCGTAGCGCTGTTTGCCTCCATCGGCACTCCAGGTATAGATCTGAAGAGAGGAACTGCTATAGTCGAGGGCATCGCTTCGCAGACCCGTATCGGTCGTATTCTTGAAGGTAAAGAACGCCTCATACCAACCACTGCGCGATTTGCGGAAGCCATCGAAGCGCACATCTAAGCTTTCGCCGCAGGGTTTGAACTCGCCTGTCCCACCGCTCAGACCCATATCGCCCAGGTTCGCCGCAGGGCGCGCACCGGGAAACGAGACGTTCGAGATGTCCACTGTCTGTGGCTGCGAGGCATTTTCCCACAGTGTGAGCGTCTTAAGTTGCGAAGTGCCTTCAGGAATGCCAATCAGAAGTCGCACTTTCAACTCGCCGCCTGCTGGCACTTCACGGGCACCCTCTATCTGTGTGGGTTCACCTTCCGGTTGGAAGAAATTCCGCTCGTCCATAAAGCCAATACCATCCGAATCGGTGGCGACAGCAGAAATTTCCCACCCATGAATGCTCTGTGTACTCTTCGTGCGGTTTTTGAGGGTCGCGAACACTTCCAACTTGTCGCCCGCTGTGTTCGCTGAAGTGCTGTCCACGCGAATCCCGAAATTTTTCAGCGGAAGGAAGCTACCATCCGTGTCCTGTGTCGTGCGACCGATATTAGCGCCTGGTAATTTGCCCCCCGTCGTAGGTAACGAAATCTTACCTCCCGTCGGCTTGGGAGCCGGGGTGGGCGTTGCTGGTTTGGGGGCGGGCGTCGGCGTGACTGGCTTCGGTGTCGGTGTTGGGGGCACAGGCTTTGGCGTAGCTGTTGGCTTAGGAGTGGGCGTTGGTGTGACCGGCTTCGGTGTTGGAGTTGGTGTGACCGGTGCTGGTTTGGGCGTCGGGGTGGGTGTTGCCGGTTTGGGAGTCGGAGTTGGCACCACAACAGGAATTGGTGTGGGAGTCGGAACAACGACGGGAATTGGGGGGACGACGACTGGAACTGGTGTTGGAGTCGGAACAACGACGGGAATTGGGGGGACGACGACTGGAACTGGTGTTGGAGTTGGAACGACGGGTGCAGGAGCCGGGTCGTCAATAGGTGTGCGGGTGATACGGTAGTGCCATGTATAGAGAGCATCACCGTCTCCTGCGTCCCAGTAGCGATCTTCGACGGGCTTACCCGATGAGGAGA
AP024152.1_gap118	4317073	4320644	3571	CGCTTATTGCCACGGCGACCGGACTCTCCATTGCTATTGTGACCTTGCCGGTCTATAACTACCTCACCGAGCGCGTGAGCGAGATTATTTCTGAGATGGAAGTCAGCGGCACGCGTTTACTCAACATTCTCGCCGTGATTCGGTATCAAGACGCGCAGAAAAAACGAGTGCCTCTCACCACCCGCCCCCTGCTTTTGCCCTCCAATATTGAGGCAGAAAACTTGAACTGACCAGTTCATCCCAAGAATACCTTCATGATTGTCATTGATTTTCTGCTTAAAGGCGGCTGGATTATGTATCCCCTGCTCGTGTTAGCTGGCACCTCCCTCGTGGTGATGATCGAGCGCTTTTTCGCGATTCGCAAGGCCGGAGCCGACAACGAAGAGTTCGTGCAGCGCATTCGCCAGCATCTGGAAGCGGGGCGAAACGAAGACGCCTTGAAGTTGTGTGATGACACTCCCGGCCCGATTCCCCAACTCATCGCCAGTGGTATTCGCAATCGTCACCTCGATAATCCCTCCATCGAACGGGCGATGGAAGAACTAGCCCTCCGTCAGACGCCGCTGTTGCATAAGCGCCTGGGTGTTTTGGACACCGTCATTACGATGGCGCCACTCATGGGATTGCTCGGCACCATCACTGGCATGATCAGTTCTTTCAACGTGGTCGCTGGCCCGGACGCCGCCTCGAAGACAGGCGCTTTGACCGGCGGCGTGGCGGAAGCTCTGATTGCCACGGCCACTGGACTCACTATCGCCATTGTGACCTTGCCGGTCTATAACTACCTCACCGAGCGCGTCAAAGAAATCATCTCCGATATGGAAGTGCGCGCCACCCAACTACTCAACATTCTGGCGATGTTACGCAGTCGTGAGGCGACGGAGGAAGTCCATGAAGTTGCCTCGAACTGAAATGAAGAAGGCGCGCATCGAGATTATCCCGATGATCGACGCCATCTTCTTCTTGCTCGTCTTTTTTATGATGACCAGCATCTCCCTGGTACAACTCAACTCGGAGAAGGTGAAATTGCCCGAAAGCTCGGTTCTCCAACTCAAACCGGAGGGGCCTAAAGTGGTGGTGACGTTGACTAAAGACGGAAAATTCTACCTCGACCAGCGCAATGTCAAAGTCTCACAAATCGTGCCTTTGCTATCTCAACGGGTGAACGCCAATCCACAAGTGACGGTCATTCTCAACTTCGACCGTGACCAACAGATGGCGCAGTTCTCGCGCGTTTTCGACCTCGTCAAACAGGCCAACCCCGCCAACGTCATGTTGGCTTCTACCCCCAAAGATGTAAGCCAACTGCCAGCCAAGGGCGACGAATAAGCCCATCAGAGAACACCCATGAAGATCCACAAGCTAGTGATGAAGAAAGCGCGCATCGAAATCATTCCCATGATTGACGCCATCTTCTTTTTGCTCGTCTTTTTCATGTTCTCCTCGCTGTCGATGATTCGCATGCGTGGGGCCAACGTCAGTTTGCCCGCCGGTTCGGGCGGCAAAGGCGCGGTGACGCCAGGAGAGGCGCCCAAATTGGTGGTGAGCGTCACGACCAATGGCACCTACTTCCTCAACAAGAAGGCCATTAGTCGCCAGACGCTGCAAAGTTCGCTTCAGGACGAGGTCAGTGCGCGGGCGAACTCGGTGGTTGTTGTCAATATGGCCAAGAACCAGACTACCCAGACCCTGGTCGATGTGCTCGACTCCATCAACAAGGTCAAAACCCCGGCAGGGGTTTCTGCCCCCGTTTTAATTGCTACCGAACCAGTCGATACTGAGGGCCGACCTATCGACACTCAAACTCGCTGAGAACTTACTGGACATGCCACGCAATCGCCGTTTAATCAAATGTTTGCTCGCCTCTTTCGTCATCAATGGCGTATTGGTATGCGCGGTGGGGGGGAGCAGCCTGTTGCACCCGGTGAATGTTACGGAACTACTGCATCCGGTTCCCATCGCCATTTATAAGCCTCAGCCGCTCAGAAAGAAGCCTCGCCTCAATCGGGAACGCGCTGTGCCACAGCCTACTTCTAATCCGCTGACGGACGCATCGAAAAAGGGCGGCAAATCGACAGGAAAGACAACTCCAGTTAAAGTGGCTAAAGTTGACCTGAAAGTCAAGACACCCCCCTCGGATAAAAAGCCCTCCAAGGCTGCGGCACGAAAGGCAGCGCGGGCGGGCAGGGCACGCTCGAAGGGAACAACCAGTAGCCGAATGGCGAAGGCACAAAATCGCCCCTCTTCGTTGCGTAGCCAGACAGGAAAAGCTGCTTCCAGGGGGCAGAGAATGGCGGGCGAACGCAGAGAAGTCGCCCAAAAGCGGGGCGAAGTCATGGTGGCTCTGCGCGCTGCGCGAGCGCAATTGCTCGCGGCCCGGGTAGTCCAGCGAAACGCCGAATTGAAAGTTGCCGCCGCGCGCAGTGCCCAGGGCAACGCGCAGCAAAAACGAGCCTCACGAGACAGCGCCCGATTAGCGGCGGCGAAGGCGAATCAAACTGTCCTACAGACCCACCAAGGATTCCGCACCGCTTCGCTGCAAACTGGTGGGCACCCACAAGAGGGGCAAATTGCGGAACTAGAAGCAACTTTTAAGACGATAGCCGCCAACACAAACGCAGAGTTGAAGGCGAAGCAAGCCCAGGCCGATGAAGCGGAAAAAGCGGCCAATGACGCACAGGCGCAGGCGGAACAAGCACTTCAAAATGCCTCCAGGCAAGCGATGACCTCCACTGCGTCCCAGAAGAAGCTGCTCGCCAAACTCAACGAATTGGCCCATATGGGGCAGAGCATATCCCCCCCCACTAAGGACGGGGCACCAGCGGGACAGGAAGTCAAAACCGAATCGCGCGAGGTTGCCGGCGAACCGGAGAAAGAACGTAAGCCCAAAGTCCACAAACCAGTCACAAAGATTGTGTTGAAGACGATCAAGATGTGGGCTCCCAAAGCCGGGCAGAAGTTCAGTCTGCCCACCAATCTGGAAATCGTTCTTTCCGATCAACTGCGAGTTATTCCCGGCCCTCCGTTGGACGAAGAACAACTCGCGGAACTTGCTCAATTGATGGCGCACCGCAACTTGCAACAAGTCAAGATGAATCGGCGCCAGCTAAAGGATCTCATCGAGACGCGGCGCCAAAGCGAGAGTCGCAAACCCAAGCCCAAATCCAAAAAGTCTAAGGAGAATCAATTGGACGAGTGGGGACGCCGCCGTGAAACTAGGCGCCCCGACGCTGAGAAAAAAGCAGAGAAGGCGCCAGGAACCCCCAAAGATCCCTCAGCGAAATTGGAACGGCCCCAGGCCCCTTTCCAGGTAAAGCAATGGGACCGCGATATGTCGCAGCGTTGGGCGATGAGGTCTCGTACCAAAGACGAAACGCCTGTCCAAACTCCGCCTTCTCCGAGCCCGACCATTGCGCCAGCCCCTGATGAACAGCCGGGCAGACGTACAGGGGAAGAAGTAGCATCGGGCGACACCGCGCCCCCAAACACGGGCCATGATGATAAAACGGGAACGATGGGGGAACGCCCCGTCAATACAGGCACGACGCCGACAACCCCTGAAACTCCACAG
AP024152.1_gap119	4331155	4334209	3054	TTCGCAGTATCTGAGCAGTGCCTGTTACCTGGCACACGAGAACAACGAGCTTGTTCCAGCCTTTTTCGATGAGGAGGGCACCTTGAGGGTACGTTGGAGTGGCTTGGCGCAAGATGGTCCCGTCTCGGTATCGCTATATGTTGATGGAGTCGCACAGTTTCTGGTGAAAGCCCGTGTCAGCGAGGGGCAATTGGAAATTGTGGAACCATTGGCGGAACTGGGGCAACGCAACGTTGAACTTCCCGCCTCGGTGCTTTTACTGCACCCTCTTGGCGAAGAACAGGTGTAGAAAATTCCAGCATTTGCGGTTCATCCTTCAGAACTCATGTTACGCAGTAAGTTATGATAGGTATGTCTCTGGAGTTGTGTAGGGGTACTGGTTGCCCTGTGGGAGCTTGGACGCTTGGGTCACAGCCGGATACCAGTTCGCCTCCTCTTCCATGAGAGGTTAGGGATGGTTCCTACACCGGTTTGTCCTCGAACGCTTCCCGGCGGAACAGGCGTCAGAGTCTCAACACTCAAACTTCGGTGCCAATGGCAGCTTAGATTCTCTCACCTTAACCCGGCGATGGCGAGGGGTGGTTGATCGCGGTGAGTCTTCGACTGCGCCCACCCCCGGCGATGTATCCTCTTGAGCTGCGCGGTAAAAACGCTTATACTGATACCAATGAAATAGAGCGAGCGCCGCCTCTAGTTCTCCCCTTCCATGAACAGACTCCTCCCCTTTCTTCACCCCTTGGTTTTTTGTCCACGCCCTTCTCTATCTGCGGGTATCGGCGTCCAAATCACGACCTGCCCCGTCCGGTTCCATCCCCACGGTGGAGGCAACCAAAAGATTGAATAGTCAATATTCAATCCTACAAATGACCACTTTGAGCGTGAAACCCGCAAAAAACCACCGCGTTTTCACCCGAAACAGCCAAACAATCAATCTTTAGAGGCCATTTTCTGCCTCTCATTCACGCTTACACCACGCTTAGGATTGATTGTTCAACATTCAATTGCCGCCCACGCCTTTCTCACCCCCATTCGAGGCGCGAGCCATACGCCCAAAACCCCCGTCGGTACGCCCACGCCGCGAAGAGGTCCAACCCTTTTGCCGTCCCCTCTCCGGCAGAACCCGTCCCCAAGAGGAGGGAAATCACACTGAGCGACCCCCTATGCCGCGTTCCCTCTTGACAGGCAGGGAAGGAGCGGTAGAGCCGCTCTCATATCCTGCTGCATAACAAGAGTTCAGAAATTTGTTTCGGCCATCACAAAAATTTTTAGCTTCAGCGTATAAGGCGATGGAAGCCCTCAGGAGGCTGAAATTATGGATTTATGGCAACAGGTTCGTGAACTCTGGGGGGTTGGCAAAGCCGCCTCCAATCGCCCCGCAAAAGTGGATTATGATGGTCTCATCGCGGAGATTAAGAGCTCGATCAATAAAAATCGTCATAAGATTGGCGAAATGGTGTTCGTGCCATGCAATTATCTGGTGCAACTTTCGCCCAAAGACGTCGAGCGATTTCGCGCTGGTGGTCTCACTTCGCCCATGCAACATGCGTTGCAAAAAGCGATAGAAGGACACATCAGAGAACGCCAATATCAAGTGCAAGGCCCCATTGTGGTGCGTCTGGGCGAGGATGCCTCCCTGGAGGAAGGGCATGTCAGCGTGAATGTGAGTCACACCAGCCCCTCGTCTCCAATTCCACCAGCCCCATCTAACGACAATACCTGGAAAGCCTCCGACGACACGGACAAGACAGTGCTATTTACCCAACCGGGGACATCAGGAGCCAGTTTTGAAGTCGTCAAAGGGGATATCGGGCAGCAAGGTAAGAGGCTAGAATTGAAGTCTTTTCCGGCTATTTTAGGGCGCATCACACGCAATCAAAGTCCCACCGTGGGTATTACGGACCCATCCAGCAATGTGGGGCGGGAACACGCCACCATCGAACACAAAAATGGGGGGTTCAGCATCCGTGATACCAGCCAGAATGGGACGTGGGTTAACGGAATCAGGTTGAAAAAGGACGAGAAAACGGTGTTGTTGGACGGCGCGGAAGTCAGCCTCGCTAATGGGGTCGTCGTGTTGCGGTTTCGCAGTGGCGATCAGACCGTGATGCAACCACGCAGCAAAGGGGATTGGTTGACATGACATTGGATGTCATGGCGTCCTTTGTTTTTGTTCTCGGGTTGGCGGCGGTCGGAGTATGGGCATGGTCACCGCGCGCCACCTCCACCTCATTTTGTGTGTTTGCTATCGGGGTGTGGATGCTGGGCGTCATGGCGACCAACAGTGCCTTTTATACACGCGGTTCGGTGTGGCTACGCGAACCGATGCGTCGTTTTACTTACGAACTTAAAAGCAGTGGCAAGGGAGATTTAGGTCAACATCATCGTCTGCTGGCACCCGCCGAAGTCGAACGTTTACCCTCGCTCTTCGACCAACAGAGTGGTCCTGTCGCACTAACAGTCGATTTCAAGCTGCAACCGACGGGCAAAGTCGCGGAGGCACGCATCGCGCGGTCTTCGGGCAATCCGATTCTCGATTCGGCGACGGCCTCATCCATAAAAAGCTGGAATTTTGGCTCCCTGCCTCCTACTTATGCAAACCAGCACTCTGAGACGGTCAGCGTCACAGTCGAGAACCGCTATGAATTTTTGCGGCAAAGTCGCACGCTGCTCCTGAGCCTGGGAATTTTTGTCGTGGGGTGGTTGGCGACGGTAATGCTGCTTCCCCAGCGTGCCAGCGACGATGAATATGCTCAGGGCCTCATCCGCCGCGCGCTCACAATCGCCGGATTCTTGGCGGGGATCGGTTGGATTCTGATCTGGCGTCTGGCACCCGATTTCAATCGCTTCGATTTACCAGCCAAGCAATTGGAAATGATGGTGGGAAGTTTTGTGCTTGTGTGGGCGGTCTTCCTGATTGTTTCGCGGACGGCGTTTTCGGAGTTTCTGGTGACTCATAGCGCAAAGTTCGTAGGTCTCGGCGTGATACTGCTGCTGGTGACGCGCTTCTTCGGAACTGATCTGGGCACCGGACACCGCCTGTGGATTCGGACTCCG
AP024152.1_gap120	4387750	4388874	1124	TCAGGCCCTCGTTGCCGCGTGCCCGCGCCGCATCAAATTCGGCATCAAGGTCTGCGACATTTTCAAATTGCCTTGATTCGCACAGGCGTGCGGTTTTCCCATCGAAAGCCAGGTTCTCTAATTTTGCGCGCCGCTCTTGAAAAGGCAATTCGAGTTCATTCTGGCCCGTGAACAGCAAATCATAAGCGATGAATGCGACGGGTACTTCTCCCAAAATGGCCGGTGTCGGAGTTTTGCGCCCCAGGCGCTTTTGAAGCGACTGAAAGGGCGCGATTTTATCGCCCACGACTGGGACGATTTCTCCATCGAGAACGAGTCCGGGGACATCGGGCGGTAACAAACGCGCTAAGGCGCGATGCAAATCGGGAAAGGCGCCGGTAATTTCGTCAAGGGTGCGCGAAAAGAGCGCAACGCGAACGTTGGTTTCGCCCTCGACTGTGCCATGCAGAAGTTCGTCGTGTGGTTGATGGAGCGCGAGGTGAACCTGGGCGCGGATGCCGTCGAATTTATCCTCGACAACGAACGCAGGGGGCATACCTTTTTCCACATCTTCGAGAGAGGCGGCGGGGGTGGCGAGCATAAATTTGAGTGGGTGGAATAACTGAAAGCGAGCGGTTTCAAGTTGCTTGTGGCGAGCTAATAGAGCGACTTCGCCCAAATCGCCCGTCAACATATTGGCGCGTTGCACAAGCGCGACGCTTTCGCCTACCATACGCGCTAACGCGTCTTCGACGGCGCCTTCTTTGAGCCCAATCCGTAAGTCGCCGCTCAACAACTTCACGAAGTATTTGGATTCGAGGGGAGTGCAACGCACTAGAAACGCCTCGACGCGTGTCGCCTTTTGTTTTGAGCCGCTCGTTTGAGCCAGCGATGCGAACTCGCTTTCAATGTCCCCAAGCGTGAGTTCGCCTTGAGTTGGCGCTTCTGTCCAGCACTGCCATGCTTCAAACGCCAAATCGCCGCCATCGCCGGTTGCAACCAACCGTTCACGAAGCCACGTTTCGTCCTGGCCCGATACCTTCCAGATAGCACCGAACAGCAGTGCTCCGCCCACGTTTAGGGTGCGCCCTTCGCGCAGGGGAAAGCGATAGCCGCCCAGATAAAGCGCCGCGCGCTTTAAATCG
AP024152.1_gap121	4389943	4394161	4218	GTTCGGGAAAATGGTTAATTGAACATTGCCGCCGAGACTCTGGAGTGCGTCCACCATCTTTTGTGATTCGTTTACAGGAACAGTTGTATCTTCAGCGCCGTGAAAGGCCCAAACGGGCGTGTTCCGTAATGGCGCCACATATTTCGTCTGGCTCTTGCCACTAATGGGGGCTATTGCGGCGAATCGTGTTGGAAAACTGCTGGCGAGTTTCCAGGAGCCTGCGCCGCCCATGCTCCATCCGGTTAAATAGATACGCCTCGAATCGACATGATATTTTTCGAGAATTTCGTCGAGCAACACGTTCACATTTTCAACTGACCAATGGCTGTCCCACCATTCGTCGGGCGAACATAAGGGGGCGACGACAATAAAAGGAAGTTTTGTTCCCGTTCTCAAAACATAAGGAAGGCCTTCTTGCTTTAATTTTTGTAGTTCCTGGCTGCGTGCATCGGAACTGTGCAAATAAAGCAGAACCGGCCAGGTTTGTTTGGGCTGCTCGGCATAATGGTCGGGCAAATAAAGCAAGTAACTGCCACTGAAGGTTTTTAGCGATTGCCTCGTGAAAGTGGCCTCTCGTTCGTGGGAATCTATCTCCTGTGGCGGTTGTGCATTGGCGACACCAGCAGAGAAGTTAAAGAGGATGAATAAGAAAATTAGAAGGTAACGTCTCATGCGATTTCGGGCGGTGGTCGAATCGGGTGAAAGGGTATGGCATTCCTGCTTCGGAGCGTCCGAAGAATTTGTTGACAGTCATCCAGCAAGCGTGATGCGCTTCGGGCCACATCATTCCCTATTTGACCACTGACCGAAATCGTATTGCACTGTGCGATGCGGGCGCTCAAGGGACGCGATGGGTGCGGGCGCGTTCGAGCAGTGTCAGAAGTGCTTCGGCGTTGCCGCGCGCGTCGTCCACCGGGTCGTGCGTGTGGCGCGTTTTGCGAAGCGATTTCCACTTGTTCGCGGCGGCCCAGTCGTTTTCGAGGCCCGCCGCAAAATCGCCGATGCGTCGCGCCGAAAATCCGAACGGGTTGCGGCCCACAAACTCCCACATGTAGAAATTAATCCACTGCCAGTCAAAGGCGGGGTTGTCAGACACGAATATCGGCTGTCCACTTTTGAGCGAGCCTAGCCAGTCGGAGAACTCGCGCATGGTTTGAGAGGGATCGGGAAAATTTTCGTGTTCCTCGCGCGAAATTCCCGAAACCGCGAGGGCTTGAGCATCCCACTTTTCAGAGATGGGGGCGCAGCGGCCATAAAATGTGCGGTCGAGCGAGGGCTCAACGACGACGGCACCGAAACAGACCAGCGAGTAGCGCGCGGGGATGGGACCGTCGGCTTCGCAATCGACAATGATGAGGGGCATAGTAATCCTTACTGAACTGACGAGGGAGATTCTAAAATAACACATTCCCGCTCGCATCAATTCATAATTTGTGGATTAAAGACGCAAACATTAACAGGTGGGGCTTCATCTGTCGGAACTTTCTCACTAAATTCTTCTTTGAACACTTAATTTCCCTATTACACTCCGGCGCGGTCTCGAACATTTCCTCATGAAAAGCCTCTTTGCCAAAATTATTGGCCTCTGTGCCGTTGTCGCGATACTGGGTGCTCCAGCCCATGCTGCTGATGGCCCAACTTTCCTCAAACGAACGGTAAATATCAAGATGTGGCGCTTCTTGCGCCACTGGGCGACCCCAACAGCCAAAACGCCTCAGTACAACACCTGGTGTTGGGTTCCTCAGATGGATTTTCAGGTCATTGGCCCAGTGGCCGGGGGCAGCCAATGGATCGTGGAATTCGATAAGCCGGACGGCAAGCCGTGGCTGGTCCGCAACTGCCGCAGCGACGAAGCAACTGATGGCGAAATTGTAACCATCAAAACGCCTCCCATTGACGATGTAAAGGACGAGAAAAAGGCTACCACCGCTAAAATGGGCAGCTTTCCTTTTCATATTCGCTTGAAAAACGAACTGGAAGGCACCAATAAAGTGGTGTTCTCCGGCAAATACATCGTTAAGACCTACGCGCCCAACCAGAGCATCCCCGAATACAAAGGCAAATCCGAATTTTACGCCGATGCTGACTGGCATTTGCCCATAGGCTTCATCTGGCTTGACCCGACCGACAACGATGATGCCTTCCCGCTTAAGGTTTCGATGTGGTTTCGTGGCCTGGGTTCAAGCCCCAGCGTTCAGGCATTGATTTTCAAAGACGGCCAACAAGTTGGTGATGTCGCCGGGCATAGCGAGGATGCCGAACTCGCAACCGGCGTGGATGATAACGCTCATCGCTGGAAATTAATTACCTTCACCTGGTCACAACTCCGCAGTCTGGTGGCTGGCAAGGAAAAGCCCTCCGGTTACAACTGGACCTACCTGAGTGATGCCCCTGGCGTCTATCAGATCAAAGTGCTTCGGGATAATAAAATCGCTCGCACTGCCTCATTTACGATTGGCACTGACGGCAAGGTTGTGGACAACGGCATCGCCAAAGCCAATAACCTGGGTGGCATCCGCATGGTGTTGCCCGTCAAAGTCGTGGGCACTGCCGATGGTGCCTGGAACCCGCTCGCGTGGAAAACCGGGGCGTTCTATGGCAACCCATTGAAGGGCTTTACAGCCCCCTGAGCGACAGAACCACCCTAACCCCTCCTTGAAAAGGAGGGAGACCTGCATGCTGCATTGCACTTTTCAGACTGTCTCTGAACGACGCGTAACTCCGACCTAACCTATTCCATAAGGAGAACTCCTATCAAAATCTTATCTCGCATCGCTGCCGCATTGACTCTCGTGGCGCTTAGTCTGGCGGCCCCCGCACACGCCCAGCCTACGACTCCCACTGGCCCCACTCTGCTCAAGAGCCTGGTTTATGTGCGTGCCGTTCGGTTGACGCGCCTGTGGAAAAGTCCGACCGTCTCGGTGGGCGACACCTGGTGCTGGATGCCCGAAGTCACGTTTACCGTGCTGGGACCAGTGCCCCTGGGCAGCCAGTTCACCGTTGATTACACCAAATCCACCGGAGCGCCCTGGTATTCGGTCGAGTGCCCAACCTACAAAGTAGAGCCGGGTGGCTATGGCCGTTTCCAATCGCCCGTCGCGCCGGGCCATGCCGATAAGCGGGCGACTCTCGCCATTGGCACTTTTGGCTTCAAAATTCGCTACGCGAACTCGCTGTCAGGTGCTCATTCAACGCTTATGACTGGCAAGTTTTCGGTCAATAAAATCCATAAGGGGATCGCTACAGCGGCTTTCAAAAATCAATTCGAGTACACGGTGAATCAGGACTGGCGATTGCCGGTCGGTTTTCTGTGGTACAACATGCAGAATGACCCGAAAGTGCCTTACTTGACGGCTTCGATGTGGATTAAAGGTGATAGCGACGACACGCGATTGGCGGGTTACCTGTTCTACAACGGCAAACAGATCGCCAGTACCAAATCCGACGGCACGGCCTATAAAAGTTTCTCGTTGCTTGCTACCAGTGGGGATACCAACGACCCGACGTGGGAATATTGGGATTTTAACTTTGCTACCACACGGGTTTATAATCTCGATACCGAAAGCGCGAACAACTGGGATAATGTGTTCTTCCTCGATAAAAATCCCGGCGCTTATGAAGTCAGGGTGTTGCGCGACGGGCATCTGGCCCGCACTGCCAAATTCACCGTCGGCGCCGACGGCAAAATCGTGGACAATGGCCTATCCGCCAAAAACAATCTGGGGACGCTGGCGTTCGTGCTGCCCGTCAAGGTGATGGGCACAACCGATGGCAAGTGGGACCCGCTCGCCTGGAAAACCGGTGCCTTCTATGGCAACCCGATGCAGGGTTTCACCGCTCCCTAGGGCGAAGTCATTCCGCTTTATCGAAGCGCCGCTATTCCTTTTCAGGAGTAGCGGCGCTTTCTTTTAAGCTTTTTGAAGCGGGTTTTTAGTGCATGATCTGGTGAGTTTTGTTCTGACACTAAATGTCGGAGTGGGTGTCCTAGAATCATAATGAACACCCGTTTCTTTCATTTGCGTGCGCGCCATTTGCCTGTTTTCTTCGTGACGGCGATGGCTTTCGGTGCCTTTTCGAGTACGCAATCGCGGGTTTATGCTCAGGAGACAGATGCCCCCGCACCTCCCACCAAAGCGCCAGAGCCTCCTCAAGTTGGCGAGATAGCGCCCGATTTTGAATTGGAAGCTATCGATGGTACGAAAGTTAAGCTGTCGGCGC
AP024152.1_gap122	4504487	4505625	1138	TCGTCAAAAGCGGCTGCCCAACCCGCAGGGGGTGCGGTCGCTGCCCACATATTGAATCGCACGCCGAGAGCGTCATCAGGAACTACGCCCGAAGTTTCGGTGCGAATAAGTTGGTCGTTGATGAACCACTGCACCTGACCTGCACGCCACACGACGCGGTACACGTTCCAGTTGCCCGCCGCGTAACCAGTGGTCGTTGGCTCGGCCAACCCAATTGTTTTGGTCGGATCGGTATAACTATCGCCGCTAGGAACACCCGTTTGCGGAACGCGGAAGTCGTTGTAAGTATTTGTCCAGGTATACGGAGGATTCGCGTTCACGCCATTAGTGAGAACTTCATGGTCAATTTCATCGAACGAAAGAGGAGGGTTACCGCCGAAGTTACCCTTTTGCCCGAACAAGAAGAACGAGCCAACAAGCCCGCCACGTTCGGGGTTACTCATCCGCATGCGCGCTTGAAATTCGACGCCTGTGCCTCGCGCTATTTTCTGGTTGGCCGCGAGTTCAGTTCCATAAAATTGTAGTATGCCCGCCGCGCGCACGGTGTCATCGGGCAAAAAGGAATCAATTTTCACGCGCATAAAGCGAGTGCCATCTGTATCTTGCCCGAAATCCGGCTGGTTGCCGAACTGTGTGCGCTGAAGTCGGTTGGAATTGTCAAGCGTCGTCCACTTCGTGCGGTCAAGCGAACCTGCGTTGAACTCGTCGGCAAACGCGGTCCCCGGAACCGGTGTGGGGGTTGCGGTTGCATTCGGAGCAGGTGTGAACGTGGGAATGGGAGTCGAAGTCGGCACGGTTGCTCCGCCGCCTCCACCTCCGCAACCAGAAACGAGCAGGGCACCGCCCAGTAAAATGGAGCCAATCGCGAACGAGGCTCGAACGAAAGAAGGGTTCAGGGACAACATAAAACAGTCAGTGCAATGCCCGATAGACAAGCAGTGCCAAGTGTAGCGGCGATAAGGGCTATTATCGCTTTGAACGAGATTGGCCGTTCAACGCCATTTTGTTAAGTGACCATCCTCACAGGACAGTCGGGCAACGAGGGGCCACATGTATTCTCTACCATTCAAAATCGGATAGCACGACACCTGTTCCCACGACACGCGGACCTTCTCTCATCTCAAATGTGGCTCCCCGT
AP024152.1_gap123	4517401	4520055	2654	CGGCTTTGTGTCGAACCTCGCTGGACAGGCCCAGCTTCCCGGCGCTGGTGGCGGTCGTGGTGGCGGCTTCGGCGGCGGCGGCATGGGTGGCGGCGGTTTTGGCGGCGGCGGCTTCGGCGGCGGCGGTCAGGGCGGTGGCTTCGGCGGTGGCGGCCAAGGTGGACAGGGCGGTGGTCGTCGTCGCGGTGGCGGCGGCGGTGGTGGCGCTGCTCCTGCCAACAACTAAAACTCATTTCCCCGTTGCTCTGTAACAAACAACAGCAAAAGGACGCGTGCTTCGCACGCGTCCTTTTATTGTTTTTAGCCGATGCCGCAGGGCTAAAGCCCGCGCTGTCCGGCTAAAGCCAACTGTGAACCTGCGTTCACACTGCAGGGGCGCTGCGCGCGCTGACGGAAGGAGAATCAATAATCAATAGCCCGCGCTGCTGATCCTTCGCGCATATTTGACGAGGGAACCGAAAGGTTCTACTTTGAGACATTTCAGGGGGATTGGGATGGGTAGAGGAGGTCTAGCGGAACCAAGAGTTGGGTGCGAACTGAAAATGTGGACACACCCATCACCACTTCGTGGTGGGGGTGGTTGGATGAGTGCGGCTATTTTTAGGATGCTTTGAAACGCATGACCGAGCCTTCGTCATCCGCCTCCGCGCCCTCGTCTTCCCGTCCGCTTCGTATTTTGGTGACGGGAGGAGGAACGGCAGGGCACATTTCTCCTGCGTTAGCGTTGATTTCCACTCTCCGCGAACTCGAACCGAGCGCTCAATTTCAATATGTTGGCTCGCATGGCGGTATGGAGCGCAAGCAGGTCGAGGGGATTAAGGTGCCATTCGTGGCGGTTTCGACGGGCAAGTTGCGTCGCTACTTTTCCCTTTCCAACCTCGCCGACTGGTTTCGGGTGCCGCTCGGCATTGTGCAATCGCTGGCCGCCATCCGCCGTTTCAATCCCGATGTCGTGCTGGCGACTGGGGGATATGTCGCGGTGCCACCCGTAGTTGCGGCGGGGCTACTCAAGATCCCCATTCTTATTCACGAGCAAACGACTCAGGTGGGGCTCGCGAACCGCATTTGCGCGCGCTTTGCGAGTCGCATCGCGCTGTCGTGGGAAGCGGCGGCTAATGCCCTTGAGCCGAAATTGCGTGCGAAGGCGTGGGTGGCGGGTAATCCGGTGCGGCCCCAGATTTTTGGTGGTGTGGCCTCGAAAGCCGTCGAACACTTTGGCTTGAGCGATGAGTTTTTGCCTGTTGTGTACATCACCGGGGGGAGCTTAGGGGCGCGCGTTATCAATTTGGCTGTCGAAGAGTGTCTGTCCGAACTGGTGCAACTCGCGCGAGTTGTTCATCAATGCGGGGCGCAGGAAAACGAGTCGGAGCGCGATTCCGACCGCCTGACGCGCGCGCGTCTGGTGCTGCCCGATGAGTTGCAGCGTCGCTATGCGGTTACGGCTTTCATCAAGGAAGAACTGCGCGATGTCTTTGAACTGGCCGATTTAGTGGTCGGACGCGCTGGTGCGGGGACCGTGACCGAGTTGTGCGCTCTGGGCAAAGCCGCTCTTTATGTGCCGCTCGTGCCCACCGGGGGCGACGAACAGACCAAGAATGCGCGTATGGCCGAATCGGTTGGGGCGGCGCGCGTCTTGAAACAGGATGAGTGTGATGGGCCGCATTTGCTCGAAGCCGTGCGCGCTTTGCTCAGTGACAAGATGGGGCTAAAAACAATGGAAGAGAATGCCAAAACCCTCGCGCGCCCCAACGCGGCCCGCGAAATTGCGCGTGCTGTGTTGGAACTGGGGCGCAAAACAGAGTGGGAAGAGAAGTGAGATGAATTCGGGTGTCGAAGTCCGCAGTGTGCTGTGGCAAAAGCTGTTTGTCTTTGTGCTGGTCTTCCCCTGTTTTGTAGTTGGATGTCTTTGTTGGCTGGCCCCTTTTGTACCATCGCTTATGGCGGACGCCCCCAGTTCTCTCTCTACGTTTTTGCTAGGGGCCGTGTACATTGCTGCTGGATTCGGGTTATGGTGGCCCGTCATGAGGTACTCCATCCGCGCCGATGAAAAGGGAATTACACAGACCAATGGCTTTTTTAGTCAAACCGTTTTGTGGGGTGAGGTGGAGTACTACTACCTCGAACGTAATAAAAGACATCACACAGACCGACATGTAGAGCCAGTTATGTTTGACGCGCAGGGAAAAAAGGTCTTTCGTGGTTTTGCCCATTTGCTCGTTTCTACCCCACCTATTGTTAAACAAAGGCGCGCTCTGTGGCAGTTCGTTGAGTCTCAGTTGGAAGGAAAGAAAAGAGAAACTCCCCGACCTGAATTAACCCCCGAAGTCCTCGCTGACAGAGCCCTTTACGTCGATTGGTCCCAGAAAAGATGGCAGTGGAAGGTGCGGCGCATCCTATTTCTTGTCGCCTATTCATCAATGTGGTGCTGTTCTTGGATGAGCCTTATCTTTTATCTAGATGACAAAAGTAACTCCAACGACTGGACGCTTTTGTTGATGTTGATATTATTGGTTGGGGCTCCCTTCCCTTTCGCCGTTTGGTCGAAGTTCAAAAAGAGGAAAATTCTGCGCGATATGAAAGAACGAGGAGTGATTCGCTGAGACTCAGCACGTCTGAAAAAAGTCCCATTCGGCATCACGTCGGCAGAAGCTGAA
AP024152.1_gap124	4529811	4534391	4580	TTCGAGGCCAATGGTCGTTTCGCCTACCGATTGGTGACGGGCCAAGGGCCGCAGTCGGGCGCGAAGTCGTACCAAATCGCGGTGCAGGGCGCTCATATCGGAGTAGCGCGTTCCGGCAGGGCCAAGGGTTTTAGCCAGGATTTGCGGAGCACCGGGGAGCAGCATCTGAGGGGCGAAGGTGGAGGCATCCCAGCCGGTTTCGGCGACGCCCGCGCCCGTCACGATGCGGTGGAGCAGGGCGCCGACGGAATAGATGTCGGTGCGCGCGTCGAGGGTTTCGCCCGCGATGATTTCTGGCGCTCCATAGCCCGCGAAGCTCGCGGCCCCGGTGCTTTTCTGGCCGATAGGCGAGAGCGATTCAAAGCCGCTTAAGCGCACCGGTTTGCCCAGAATGATGGCTTCGGGACGAACAGCGCCGTGAACGAAACCGGCGCGGTGCAAGCCCGATAGCGCTGCCGAGGTCTGGGTTAGCGTCGAGATGAGATCGGCGAGCGGGGCGTCCTGCTGGAGTTGCGAGGCGAAGGTTTTTTCGGAATCGCTCGTCGCGTCGGCGAGATAGACGCGGTCATCGCTGGTGCCATAAGCGGCGGGGAGCGGGATCTGGGGGGAGTTGATGGTGCGGCGCGCCGAGTTTTCGCGCTCCATGCGCGCGGCGGCTTCGGAATTTTGGGCGGCTTCGCGCAGTAGCAGCGTAACCCCCACGGCACTGTGGGCTCGGTAACAGTTGGTGTTGCCACGCGGAGATAGTGCTTCTGTTACGGTTACAGTGACAGGTGAACCATCGCTGGCTGAGAGTGACACCTGTGTACCATTGGCCAGGGGGGACGGTGCCAGAGTGGGCAACGGCTCATGGTACTCTTCGAGGTTGCCTTCGGCGTCGAGGGCGTCGGAGGGGGCCAGCGGCTCGAAAACGGGCGAGATGGCTGGGCTGACAACCGGTGGGCTGACGACGCTGGGGGGCACAGGGGAATTCGCGTAGGCGCTCGATTCGCTAGTGGTGGAATCGGGTGTCGTTGTGGGCGCGTTATCGAATGAAAAGGTGAACGGATCGAAGGCGTCTGGAAGCGGAAGCGCGTCATCGCCTGGCTGAGCGGGTGATGGCTCAGGAGCGGGCGGCACCGTTACGGGTGGCGTTTGTACCGCAACGGGTACAGGCGCCGGTTCGGTGGGTGGCGTGACTACAGATGAAACGGTGCTTTCGGTGGGCGCTGTGTACGCAGATGGCGGCGTTTGGGAAGTGGGGGGATATGGCGCGGCCTCTGCCGGAGACGCGGCTGGTGTTGGGGGCGGGGCCGACGACGGACTGGTTAGGTTATTGATTGCGCCACTGAGGTCGCGCCCTGCGCTCGATAGATCGGCAATCAGCGATTGGCCCAGCGGTTTCAATGACTCGCCGAGGGGTTTGGCACTCTCCGCGAGGGTACGCGCGCCCTCGTTGATTGACTGCGCGGCGTTGTTCATCAGCCGATTGGCTTCGTCCATGTTGATGGGCGAAGCGGGGGGCGGCGCATTCGGTGGAGTTTCGGCCCCGGTCGGGGGCGCACTCGGATCGACAGACGCTTCGGAAGGCGCGTCTTTTTTTGGCATGAAGCGGTCGAAAATACCCATGATGAGGGAAAAAGAAAGCGCCTCTTTTGCAGGAGGCGCTTCGGTTGTCAGGCGATCTGGAACTCGAAGCGGGCGTTGCCAAAAGCGACTTCATCGCCGTTTGCGACGGGAGTCTCGCCCGTGACGCGGGTGAAGCCCGCCGCATTTTTGACGAAGGTGCCATTGCGGGAGCCCAGGTCTTTGACCAGCCACTGCCCATCGCGCAAATTGACTTCGGCGTGGTGGCGCGAAATGTAGACCGATTCGGGTAGTTGAGCTAAATCCACATCGACGGGGCCGGATTCGGGATCGAAGCGGCCAACGGTGGCGCTTGGCCCGATAGTGAACACGTCTCCTGTCGGGGCGCCGCCGCGTTTGAGGACGAGTTTGGCGCTGCCCGTCGGGACTGTTGGTGTGGGCGTGGGGATGACCGGGGCGGGAGCGGGCTCAATGACCTGCGTGGGTGCGCTTTCGATGGCGTTGGGCAATGGCGACGCATCGACCGGAGGCGCTTCTGGTTCCGGGGTCGGGGCGACGGGTTCTTCGACAGCAGGAGTTTTGTTGAGGTCGAAATTCCAGTCGCTGCCCGCGAAAGGATCGTTGCCTGCGGCTTCAACCGGGGCTGGATCGGGAACGGGCGAAGATGCGTCCGGGGTCGGAGCGGCTTCGGGCGCGAAATCGAATGGCGCGGCAGCGGGAGTTTCGGGGACGGAGGCTGGTGTGGCCGGAGTCGCACCGTGTCCCGGCAGTTCCATGCCGCAGTCGGCGCACACATCGGCGTTATCGGGGTTCAGACTTCCGCACGTTGGACATTGTTGCATAGTTGACCTTTTATTTTGGCACAATCGAACGAAGAAAATGCAGTGGTGTTTTTAAGCGTCCTTTTTACGCTTTGCTCTCGTTATTTGCGGGCACGGCTTTGTCGGCAATTGAAGCCAACGGGACGTTTCCGGCTCCGCTTTCCAACTGAATGCCGGAAAGCGCTTCGTCGCCGCTGTGGTCGGTTGGTCCCGGCATTAAGCGTGTCATAACTGCCAACACGGTGCCCGCAAGGTTGGGAAACGCACGGTATAAAAGAGCGGCCCAGCCAATGGGGGCCGGAAACGTCAAGAAGGGGTCGCCGTAGCGCATGGCGTCGACAATGAGCTTGGCGGCGACGGTGGCATTGACGGCCAGAGGTGAGATGGCGCCCAACTTGAATATTCTGTATTCGGCTTTGTGGTGGCCCTTGAATTTGGCCTGGACGTGCGAGCCGGTGCGAATGATGCCGGGGCAGACCGTCGTGACACGCACGCCGTCTTTGGCGACCTCGTGACGCATGGCATCGGACAAACCGACCAGACCGAACTTCGAGACCGCGTAGGGCGCCATGTGGGGCACGGCGACTAAGCCGCCAAAGGAGGCGATGTTGGCAATGCGCCCGACGCGGCCCCGTTTCAAATAGGGCAAAGCGGCGCGCGATAGATGGAGCGGCCCCCAGATGTGCAAGTCGATGGCGGCTTTGAAATCGTCGTCGTCCATGTGTTCGAGCGGCCCGATTTGAATGACGCCCGCATTGTTGACGAGCGCATCGAGCGAACCAAAGCGTTCCGAAGCGGCTTTGACGGCGTTTTCACATTCGCTTTTTTGCGTCACATCGCCTACGATGGTGAGAACTTTAACTCCAGTGCCTTCGAGTTCTTTCTTGGCATCCTTGAGTTCGTCTACGTCGCGCGCGAGCAGAACCAAATTGGCACCTTCCTGCGCGAACTGGCGGGCGATGTTCAGGCCCAGGCCGCGCGAACCGCCGGAAATTAAAATCGTGCGTCCGCGAAAATCGACGGCTGCCCGCCCACGCATCAGGCGCAGCAGTAACATGACGGCGCCCACAAAGAGTGCCAACTTAGAAAAAGAAAACCCCGCTTTCGCCGGAGTTGGGAGTTCGGAATCCATCGGGGCTAAAGCGGGGGCGAGTTTGGGGCCAAACAGAAGCCAGGGACCAGAGGCCGGAGGCCAGAAAAGGGAGAAGAAATAACCGCAGAGACGCAGAGAGGATAAAGGGGATTTTTATCCACAGCTGGACACAGATAACCGCAGATGGGGCACAGATGATGAATAGAGCGAAGAACTAACGAGCCGGAAGCGTTAGCGACAGGTATTGAGAACTGCTACTACCCGTCGCTAACGCTTCCGGCTCGTTAATACCTCACACCCCTCTTCTGGTCTCTGGCCTCCGGCTTCTGGACTCTACTATTGTTGCATCGAGCCGACTTCTTCGGGCCCGTCGCTCCAGTTGAGCGAGGAATCGGGAATGGTGAGCCACGCGGCGCCGATGGGTTCGAGTTCTTCGGGACGGGGGGCTTCAGCGGGCGAGACGTTCACCGCAACTTTGATTTCGCTGATCATGTTTCCGCTACGGCGAATGTAGACGCCTTTGGTGGGCGGCACATCGGAGTAATCGCGCCCAATGGCGGTACGGATGTGGCGCTCGCCGCATTCGAGATCATTGGTCGGGTCGAAGCCAACCCAGCCCAGATGGGGCAACAGCACCTCAATCCAGGCATGTGTGGCGTCGGAAACCGAGCGGTCGTGCGAATCGGCGCGATGGAACAAATAGCCCGATACATAGCGCGCCGGGATGCCGAAATGCCGCATAATCGCGATCATGATGTGGGTGTAGTCCTGACACACGCCCTGGCGTCCTTCCAGAGCCACGTCAATAACCGAGTCCACCTGTGTCGCTTGTGGCACATACAAAAACGCGCCGAAGATCGTATGATTGAGATTACGCGCCCAGGTGAGCGGGTCGCTTTCGCGTTTCAACCCCAACTCCTCTATGAACTTGAGGAGTAACGGAGTGGTGCGGGAGAACTTCGAGTCGAGTAGAAAATCCCAGTGGTCTTCGTAGCGCGTCATCTCATCCAATACGTTCCAATCTTCGGGTTCGAGTGCAGTGGGAAGCGGTTGCATGGGCGTCACTTCGACCAGCGACTCGGAGATGACCGAAAGGGTGT
AP024152.1_gap125	4536940	4540509	3569	ACGCGCTCCAGGCCAGCGGTGGTTCGCATGTAGACCACGTTGTCATGAACCAACAGGTCGCGGCCTTCCACGAGTTGAACACCCATCTGGCGAGCCAGAAAGGTATGTTCAAAGTAGGCTGAGTTGTAAACGCCGGGGGTCAGTACCACGATGGTCGGATCGGGGCGATGTGCTGGGGCCAGGGCGCGCAGTGTGGAGAGCAGCACCTGGGCGTAGTGATCAATGGGTCGCACCGCGTAATCCTGGAACAGGCTGGGAAGCACCTGTTTCATCACGCTGCGACTGGTCAGCATGTAGGAAACGCCGGAGGGCACGCGCAGGTTGTCTTCAAGCACTGTCCATGTGCCATCGGGGGTGCGGATGAGGTCGGTGCCGCACAGCGAAACCCACACGTCGCGCGGCGGCTTCAGGCCGCGCAGTTCGCGCCGGTAGTGCTTGCAGGTGTAGATGAGTTCGCGTGGAATGGCGCGGTCGGTCAGGATACGCGCTTCGCCATAAATATCCTTAAGAAAGGCGTTGAGGGCGCGCACACGCTGTTCGAGTCCGCGTGAAATGACATCCCACTCTTTCGAGGTGATGATGCGCGGCAACAGGTCGTAGGGAAAGATACGTTCTGTGCCGCCTTCTTTGCCATAGACCGTGAAGGTGATGCCCTGATTCAAAAACGACGCGTTCGCGGCGGTTTGAAACGCGTTGAGTTCGGACGCGGGCATGTTTTGCAAACGCGAAAACAGGGTTTCGTAGGCCGAACGCGGGGCCACTGCCTGCGCGTCGAGCATCTCGTCGTAAAAGGCTGGATCGAGATCGTAACGTGTGAACGGTTCGGGCAACGACTTTGTCTGCGATTGGGACTGCGACTGCGAGCCGTTGCCACTTTGCGATTGGGATTGCCCCTGGCTTTGTCCCGATGCGAGAGGGGGCAACGGTTGAAGAGGTGGCAGGGGCTCGATTGGCTTGAAATCGGACATCGGCGAGTGAGCTTCGAGTATAAGCGTGGGCCGTTTCGGGTTTGTTTCGCGACCCACTTCATTACTCAAAACGGCAATTCGCCTTCGATGGGTGTCCAGCGCGCGTGGATGCGCTCGGCTTGCCACTGAAGTTCGCGCACAGTTTCCTCGTCGGAAAGCTCATCGCGGCGTAGTTGGGCGCGAACCCAGCCCAAAACCTGGGCGCGACTTTGCTCGGAAACAAAGCGGGCTGGGACATATTCCACGAAGCGCATCCACAAAAGGTGTGCGACAAAAGTGTCGAAATCGTCCGATTCGAGCATCTCATCGGTTTTGGACAGCGATTCGGAGTTTTCGATGAGGCGCGACAACAAAGTTTTCTTCCACGCGAACTTGCGGGCGCGCTGTTGAATCTGACGCGGCGGTTCAGGAAGGGCGCCCAGGCTGGACAGCCAGTACACGAGCAGACAGGTGCGCGGGCGCAGATCATCGAGCCACGCACCGTAAGTCGTGGCCTCACCTGAAAAAAATGAAGGATTAAACGATGGTTCCAAAGCGAAGTGAGAAAATAGGAATGAGCGCTGGGAGGCGCTTTAGAACCATTGTAAAAGTCGAAAATCACAGAGGTGTTTCAGAGAAATTGAGGCCAGATTTACTTTGTGCGACAAAACGTGTTTTATCTTAAAAGCCGTCGAGCGTGAAAATTCTCACATTGATTCAGATTTTCAAAGAACATCCGCACCAGCGGCCTCTCTAAAAAAGCGTTTTTAAGGCAAACGATTGATGAATTTTCAACATTGGCGTGAGTTAGTCGCTCTTTTGATACCGCTAACATTGGGGGTGAGCGTGGTTTCAGCACAGCCTCAAGCCGCCAGCAAAAACTGGGTGGCTTATGCGAGCCCGCTTCAAGGCACGCAGTCGAGTGGAGGCTTTTCACGGGGAAACACTTTGCCGCTAGTTGCCCGGCCTTTTGCCATGACCGATTGGTCGCTTCAAACCGGCGAAGGAAACTGGGGCTGGTGGTTCGACCCTAATTCCCGCGCGATTCAGGGCGTTCGTGCTACCCATCAACCCAGCCCCTGGATGGGCGACTACGGCTATTTCACGGTGATGGCGCAAACGGGCAAGCTGTATATGAAGCCGTCTCAGCGGACCTCGACCTATCGGCCCGATGAGTGCGTGATTCAACCGAATTATCTGAAAGTGCCACTGCGTCGCTATAGCACGACGCTTGAAATGACCCCCACCGCGCGTTGTTCGCTGTTTCGCTTCACCTTTCCGCAGCAAGAAACCGGGCGCGTCATCGTGCAGATGGAAGGAAAATCGCAAGTTCAATTCGACCAGCAAACGGGTACAATCTCTGGACTCACGCGCACTAAAGGCGATGGCACCCCGGATAACTTCGCCTTTTATTTTGCGGTGCGCTTTGACCGTCCCTGGAAGCGGGTACAACTGGCGAGTGAGGACAAAGTGAATGAAACCGTCACGCAGTTGGAAGGAAATCAGATTGGAGCTTCCATCGAATTCGACTCGAATACGCCTGTTGTGATGCAAGTTGGCACCTCCTTCATCAGCAACGAGCAGGCGCTGCAAAATTTGAAGAACGAAGTCGGGACCAACAGTTTCGACACGATTCGGATGCAGGGCCAGCAGGAATGGAACGAGAATCTGGGGCGCATCGAGGTTTCCGATGGCACCCCCGATCAACTTCGCACCTTTTACAGTTGCCTGTATCGCGCCCACCTCTTTCCGCGCATGTTTCACGAAACCGACGCTACTGGGAAGGTCGTTCATTACAGCCCTTACGATGGCAAAGTGCATGATGGAGTGAGCTATACCGACAACGGCTTCTGGGATACCTATCGCAGCGTTTACCCGTTGTTTGCCCTCATCCAGCCGCAGCGTTATGGCGAGATGGTTAACGGCTTCATGCAAAGCTACCGCGAAGGTGGTTGGATGGCGCAGTGGCCCAGTCCCGGCTATCGTATCTCGATGCCAGGAACTCACGGCGACGCCATTATCGCCGATGCCGTGGTTAAAAACATCGGCGGCTTCGATGTCAAAGAGGCTTATGCAGCCATCACGAAGCACGCCAACCAACCTTCATCGCAACGGGGCGCGGGCCGCAACAACATCGCCGATTACCTGAAGTTGGGCTATATGCCGGGTTCGGTCAGTGAAACCCTCGATTTCGCCTACGACGACTTTTGCGTCTCGCAAGTCGCCGAATCGCTCGGCTTGAAAGAGGATGCCCAGAAATATCGCCAACGCGCGATGAACTATCGCAACATCTACGACCCCTCGGTCGGCTTCATGCGCGCCAAGGATGCCCAGGGCCAATGGCGCACCCCGTTCAACCAGTACGAATGGGGCGGTCCCTACGTCGAAGGCGGCCCGTGGCAATCGACCTGGGCCGTGCAGCAAGACCCCGCCGGATTAATGGCTCTGATGGGAGGAAAAGAGCGCTACATCGCCAAACTCGACCAGATGATGGTTGAGCCCCCACGCTATGACGTGGGCAGTTACGGCAACGAAATCCACGAAATGACCGAAATGGCCGTCACTCATTTCGGCCAATACGGGCACGGCAACCAACCCGTCCATCATATCTTGTACTTGTTC
AP024152.1_gap126	4707565	4710110	2545	CCAATTTCATCACGTCGGGCGCGACACGATTCAAATCCACCATCACCACTTCATCGTCACCATCGCCCGCTCCAGTTAAGTTGTCGCCCTGGTGAACGACCGAACCATCAGGGGTTTGCAGTTGGTTATAGAAGATGAAGTCATCGTCCGAGCGCATCTTGCCCGATGCACCCAGCAAAAAGCAGGAAGCGTCCAGGTCGAAGTCGGCGCCCGCTGTGGCCCGCGCCGCCCACCCAAGGCCAACGCTGATTTTGACAAGTCCCGGTTCAGATTTGGAGAGTGATAAATTGCCGCCCTTATTGAGTGAGATGGCCATGATAGAGGATGTAAAAAGACGTCGGCGCGGACGTCACAGAGTACGACCGCGCCGTTTGACTTCGCCTGAAATATGTGGGCACGGCGAGAAACGCCGAATAGTTACCCACACAAAAACGCTTGCTCGCGATTAAATATTGACGCCGTAGTTGCGCGCCAATGGTCCCAGACCGCCAGCGAAACCCTGACCCACAGCGCGGAATTTCCATTCGCCGGAGTTGCGGTAAACCTCGCCGAAGTTCATCGCGGTTTCGGTCGAAGCGTCTTCCGAGAGGTCGTAGCGCACGATTTCGACGCCGGTTTCGGCATTGACGACGCGAATGAAGGCGCTCTGCACCTGTCCGAAGTTCTGTCCGCGACTTTGCGCCTCGTGAATGGTCACGGTGAAAGCCAGCTTGAAGATTTCAGCCGGTACGCGCGAAAGGTCCACATTGATGGATTCGTCATCGCCTTCGCCTTCGCCGGTCAGGTTGTCGCCGGTATGCTCGACCGAGCCGTCCACCGACTTGAGCTGGTTATAAAAGATGAAATCGGCGTCGCTACGGACTTTGTTCGTCTCGCCGAGCAAAAAGCACGAAGCGTCGAGGTCGAAGGCGGCGCCTTCGGTGGAACGCACATCCCAGCCGAGGCCAACACTAATTTTTCGCAGGTTGGGATCGGTCTTCGACAGCGACAGGTTGCCGCCTTTATTAAGAGAAATGGCCATGATTGATGAATTGGAGGGCTGAATGACAGCGGGTAATAGGAAGAACCTACTATCCGCTGTCAGCTCGCTGATTAGATGTTGACGCCGAAGTTTTTCGCCAGTGGTCCGAGACCCCCTGCGAAGCCCTGACCGATGGCTTTGAATTTCCACTCGCCCGAGTTACGGTAGATTTCGCCGAAGATCATGGCGGTTTCGGTCGAAGCATCTTCCGAAAGATCGTAGCGCGCGATTTCTTCGTTCGTGTCACCATTGACGACGCGCATGAACGCATTCGACACCATACCAAAGTTCTGGCCGCGTGAGTCGGCTTCGTGGATGGTAACGGCAACCGACAATTTGGAAACATCGGCGGGAACCGTGTCGAGCTTGACTTTGACCTGCTCGTCATCGCCTTCGCCCTGGCCCGTCAGGTTGTCGCCTTGGTGTTCGACCGAGTTGGCGGAGTCGGTTTTGTTGTTATAGAAGATGAAATCGGCATCCGAACGGACTTTGCCGGTTTCGGCCAACAGAAAACACGAAGCGTCCAAGTCGAACGCGGCGCCATCGGTGGCGCGGGTATCCCAGCCGAGGCCGATGGTGATGCTCTTGAGGCCGGGAGCCTCTTTGGACAACGAAACGTTGCCGCCTTTGGAAAGTGAAACTGGCATATTTTGGAAGTTCCTTCGAGTGGTCGAGAGCGCAAAATGCGCGCACATTTACGTTGCGAAGTTGCAACTGCTCATAGCTTAAAAGCCTCATATAGTGACGTCAATTGCCACTTAAAATTCGTCCACACACTGCTTCTCGTTCGCCGTGCGCGGCCCGGCCCGAAAGCGCCACCGTGCGCGCGATGCCGCCGCTTTTGAACTCGACAATTCCTGCCAAAAACGTATCGGCGCCCACGTTCTCGACGCGAATTTCCAACTCGTGTGGGCCGCTCGCAAGTCGTGCTGGAACAAAAGAAACGCCCGCCACGCTGGTTTTCAATTCGCACTCGTTGGGCACCTCGACCTGAACGCGATACGAGTTGATGGCACGCGGCGCGAACTCGCCCAGATCGAGTGTATCCGGCAGTTTCCAGTCGCCTTCAATCGAAGCAATACCCTCGACTTCGCCTCGTATCCGCACGTTCTCCAGGCGTGGCTGCATTCCTGGGGTCACTTTGAGCGCCACTTTTGCTTCTGCGAGCCCTTCTTCGGGCGCAGTGACTTCAATATCTAAGTCAGAAAGCATAACTCCCATCGAATTCACGACCACCACTGGTCCGTTGTGTGCCCATACGACAGCGCCCTGGCCTTGAATGGTAATGGCCCGATCCAGAACAATTGGCCCGCGATATTCGCCCGGAGTCAGCCTGAGCGTGCCTCCAGGGGGTGTCTGAGAGATCTGAGTCTGCATCAGACCTGCGCTCGAAGTCACCGAGATAACGGTCACCGGGGACGAGTGTGTGGCCGGAGGCGAAACGGGCGGTGGTGGCGCAACCGTGCGTGGTTGAGACGAGGTTGGCTTTCCTCCTGTTGGGGATGCCCCCGCCGAAGAGACCGC
AP024152.1_gap127	4831186	4832840	1654	CGTATCGACCAGGAATTGACCTCAGCGACCGCTTATGTGGGCCAGCCCTTTAGCGCGACGGTCGTGTCGCAGCAGAACGGCGATTCCGAATTTCCGGCGGGAACCAAAATCATGGGCGAAGTCGTGGCCGTGACTAAGAAGGCAGGCAATAACCCCGGCACGCTCGATCTGGACTGGAACCGCGCTGTTTTGCCCGGAAACCAGAACGTCGCTCTTGATGGAACTTTGATTTCTCTCGACAACGATTCGGTGCAGACGGTCGGTGGCCGTATTCAGGCCAAGGGCAACGGACGTTCGAGTTCGGATACGCTGAAAGTCGTCGGTATCGGCGCTGGCGCTGGCTTCTTGCTGGGCCGCATTTTGAAACAGAACTCGACCCTGACCGCTGTTCTGGGCGCGGCTGGTGGCTACCTGTACGACAAGTCGAAGAACAAAGGCAATGTCTCGGATGCGCGCGTGGCCGCCGGTACAGAGTTGGGAGTGCGCTTGCGCTCTGGTGTCAGCTACCGCGACACAACGGGCTACTCATCGGCTCGTGACAACTACTTGCGCCTGTAAATTTGGTCTTGAAAAGAAAGCCCGTCGCGTTGCGGCGGGCTTTCTTTTTGGATGCCAAAGAAAATGTTCACTCAGAAGTTACGATTTTTACTGAGCGTGCCTGGGGCTGAGGCGTCGGGAACAGGTATGCGAGTTTCTTCCATTGCTTCACGCGCAGTTGTTCTGTTTGTGCTGGGTACTACGCTTGTGTCCCCCACTTTCCTGGCGAAAGCGGCCCCCGCAGCCAAACCTGACGCGCAGGGACAAAAAGTCGTTAAGCGGGTCGAGCAGCTTTTGCGCGGCATCATCAAAAATCAGGATGGCACTCCTCTCTCCATTCGTTTGACGCCCACATCCAAGGCGTCTCAGGGCTATTTCTCGGAGATTCGCATTTCGGGTGGGGCCACCAAACTTAAGTCTCTGTTTGCCACGGAGTTCCAGTTGCATGCTCAAAATGTGCAGATAGATGTTCCTGCGCTCTGGAGCGAGGGGAAGGTACGGACGAAGAAGGCGCAGACTCAAATGCGCGTCGTCATTACCGAACAAGACCTGACGAAGATGTTGGGAAATAGTAAAAGCACGAAAGACATGGGCTTGACGGTGAAATACGTCGGGGACAAAATGAGCATTACGGGCACTCTCAATTACCCATTTGTGAATGGCCCGATCTCTGGCCTCGGCAAACTGCGGCAAACCAGTGATCACAACGTTTATCTCGATATTCTGTCGTTGCAATTGCGTGGCGTCGAAGCCCCCGGTTTCATCAAGAACCAGTTGTCATCCCGCATCAATCCCGTAATCAAATACGCGACGGTGCCCTTCAGCCCACCATTTCGCTCTCTGCGGGTTATCGGGAATAAGGCCATTCTGTCCACTTGATGCTGGTAGACCAAACAAAAGCCCCGCTCACATCTGTAAGCGGGGCTTTTGTTCGTTGGTTGAATTAGCGGGTCTGGGTGGTGCTACCGCCTACCGAAAGAGTGATGCCATTATTATTTCGGTAAGTGATTCCGCCACCCGCCACCGTTGTCCGCGAATTGTAACCATAGCCGTAGGGGGCGTAAGCCCCATAGGGGAACGGTGGGACAGCAGGATTAACGATGACCTGCGGGACTGT
AP024152.1_gap128	4835299	4839426	4127	CGCGTTCAAAAAGCGGCGACGGTCGCCTAAATCGGCGCGCGTAAGCAGCATCTGGGCGACGTGTAACCCTTCGTCGCCTAGCGCGCGACGGTAGGCGCGCATGAGCAATGACTGGCCGATGGCGGCAGCGGCCTGTTTTTCGGCGAGGTTTTGGGCGCGTTCACGGCTCAAAACGTTGAGGCCCGCGCGCACCGCCCCCGATGTCACGACGACGCTTTGCCAACCCTCTCCTCGCAATATCTCGATTTGGTGCGCTAAGTCGCGCAAAAATTGGTCGTCAATCGCTCCACTTCGCACTAAAGTCGAAGTCCCGATTTTGATAACGATGGTTTTCATATAGAGGCCAGAGGTCAGAAGCCGGAGGCCAGAGAGTGGAGTTAAAAGTTTGTGGCAACGCTTCGATATTTGTTGCCGCGAAATGTGAAATGTAGTTTCTGGTCTCCGGCCTCTGGCTTCTGGCCTCTCGCTTTACTCCTCGAACTCGAAGGAGAGGTCGCCAAAGTGAACGAGATCACCATATTTGACGCCGCTCTTACGCATTTCTTCTAACACGCCCCCACGCTCTAGGATGCGATGTACATAGAGCATGGCTTCGGTGTTTTTCGTATCGAAACGGCCCAACAGACGATTGAAGGGACCACCCGTAATTTCCCATTCGCTCTTGCCATCGGCATAGCGCGCGCTTTCTTTCACGCGAAGAGGTTCGTCGGTCTCGACGCGTGTGACCACGACAGGCGCAATCTGAGGTTCGGACAGACGGCGCCTGACTCCTTCGGCGATGAAATCCCAGGCACGCCACATCAGCGGTTCCAACCCTTCGCCTGTCGCGGCGGAAATCGCAAAGACCTCGCAACCGAGCGCTTCGAGTTTCGCTTTGAGGTGTTCGGTTTCTGCGCGCAAGTCGTCATCCACTTCCACGATATCCATTTTGGTGATAGCCACCAATTGGGGTCGCTCCAAAAGTTGCGGATTCCACATCTTGAGTTCGCGGTTAATGCTCAAGAAGTTGCGATAGGCTTTGGGGACGAGTGGGTCAACGAGGTGAATGAAAACCGGGGCACGCTCTATGTGCTTGAGGAATTGATGGCCCAGTCCTGAGCCCTTGTGGGCACCACGAATAAGACCGGGAATGTCGGCGGCGACGAAAGTGCGCGCGTTATCCAGGCGAACAACGCCTAGATTTGGGACAAGAGTTGTAAAGGGATAGTCAGCAATTTTAGGTTTCGCCGCAGAAATCGCCGCGATGAGAGTTGATTTTCCGGCGTTGGGCAGACCGATGAGGGCGACATCGGCCAACAATTTGAGCGCCAGCTTCAGCATGCGCTCCTGTCCCAGTTGGCCCATTTCGGCGAACTTGGGTGCTTGACGCGAAGACGACGAAAAATGGACGTTGCCTCGTCCACCCAGGCCGCCCGGTGCCGCGACGTACTCCTGACCCTCGACCAACAGGTCGGCGAGTAATTGGCCGGTGTTCTGGTCGAAAATCTGTGTGCCGAGCGGAACGGGAATAAGTACAGCGGCGCCATCGCTTCCTTTGCGGCGGCTGCCCTGACCGTGGCGACCGCGCCCTCCCCGGTGGTGGCGCACGCGAGACAGTTCGAGCAACGTCTTGCGATGCGCGTCGGCTTTGAGAACGACATCGCCGCCTTTACCCCCATCTCCTCCCGATGGACCACCCATGGGAACATATTTTTCACGGCGGAAAGCGACAATTCCATTGCCGCCATCGCCACCTTTTACTTCAATATTCGCTTCATCTACAAACATAGCCTTCTTTTCACGAGTGAAAAGCCAGTTTGCCCCCAAATTCTGATGGAAATGCCGGGAATTGTGGAGATGAACGCAACTTACGCCTTCAAAAACATTCAAACCTTCGCTCATGTTTTCATTCTGGCGCGGCACAGGGGCCGTGCTTTTGACCCTTAGCGCGCTCTGGTTCGCGGGATGTGGCGGCGGCAACAGTGGCCCCAACCCAACTCCTACGAACACTCCACGTCCGGGCGCAACGGCAACACCAACAGGAACACCGGCCTCCAGCAATCTCATTATTGTGCGGTTGCGTGATACGAGCGGGACGGTTGTTGATGGTGTGGTGTCGTTAGTGGTAGGGGCCGATACGTTCCGACTGGGCACCACGAGCGGCCAAGCATCGTTCGCGGGTTTTGTGGTGGGGAATTACTCTGTTTCGGCCCAAGTCAATGGGCGCACGCAGAGCAAAACCTTCACTGCAACGCAGGGGACAAGCACCGTCGATCTTGTATTTCCGACTGGAATTACACCTACACCTGCTGGTACAATTCCACCGCCGCCTTTTGAAAACGAATAAAAGGTATCGGTTTTGGAGCCTGTGCCTTAAACTGGCGCCGATTTTGGCCCAAACGTGCGAATCTGGGCGCGCCAGTTCGCCCAAAGAACGGTTCCACTTCGGTTTAGACCAATGACTACGAAACGACTTCCATTTCAAGCCTCGACGCTGTGCGCCGGGGGCACTCTGTTGGTTCTGGGTAGCTTCTTAGCGCTCAACCTCGCCGGTTGCGGCGGTAGCAGCAACGGCCCCGTCAATCCGACTCCCAGCACGACGGCCACACCTATTCCTGCGGCGCTTCAATTCTTGCTGCAATTGCTGGATGGTTCGACTGCCACTGGGGGCACAGTCACGCTGACTGCTGCTTCGGGCCGCACTTACACTGCAAATGCGAACTCACAGGGTCTCGCCAGCCTTCGCAACGTTGTTCCAGGCCTTTATACGCTCGTCTTTAAAGTGAAGCAAGCGAATGGGACACTTGTATCCACCACGCGTTCGATCACGATTACTTCGCCCACTTCGTCGGGTGTGCAGAGCTTCACGCTCCGTCAGGGCGACACGGGCAACTCGAATCCGTTTACCATTACGGGGCGCATTTTGCTGAACCCTGCTGGAACTAACGATCCCGACGGGAACTCGAACACGGCTAACTGCCCTAGCGTGATCGTACCCATCACCGATGCGGTCATCGTGACGGTGCGCGATTTGAATGCGACCAATGGCACGCCCATCATCGCCCAGATTACTCGTGCCGCACAGCCCGCCAGCACACCGGGAACTCAACGTGGCGTCTATACCATTACGATTCCCTATCAGCCCACGGCTTTCCAGGTGTCCGTAACCAACTCGAACGATGCTCCATTCGCTGGACTTAGCGCTTCGACCTCGTTCCCCAAAACGGTTAACACGGTGAACAACGTGGACGTTTGCACCAACGCTTCGACGACAGCGCCGCAGCCTTCCGTGACCACGGCACCATCGGCGACACCGTTTGCAACGGCCACGACCGTAGGGACTCCTTCGGCCACAGCGACTCCGACGCCTGTTCAGAATCCGACGGCCACTACTGTTCCGCCTCCCACATCAACACCAGTTCCCACAGCCACGCCAGTTCCCACGAACACGCCGATTCCGGGCAGCACGCCCTTTGCGACCAATACACCTTCGGGTACTCCAACCAACACGCCCACAGGCACCTAATTGCCTGTGGACCCGTTCTCATGAAGAGAGTGGGCGCGCAAAGCGACAATTTTTTGTTGGAGAGCGAAAAGAAAACACCGTCTCGTGCGAGACGGTGTTTTCTTTTGTCTCAATTCCCTGAAACTAATCTCCAGTTTTCTCTCATGTCCGTTTTGTCGCCCGCTTCGCTTTCGTCGCCCGTCCCTACACGGACGATGCAGCGACGTTTGTGGTGGCGCCGGGGGGCAGCCCTGGTGGGCGCGGGGGCTGTGCTGTTGGTGGGATGGTGGGGATTTCAGGACGATGAAATCTCTCCTGTGGCCCCTGAGCCCGAATCGCCCCTCATTGCCGAAAAAACAAGCCAGATCGTTCGCAAGGATGGCAAGCGGTTGTGGCAGTTCGACGCCTCCCGCATCGAACTTTCGCCCGATGGTTCGCAAACCTTCGCGCACCGTGTCTCGAAAGGTATTTTGTTTCGCGATGATAAACCGTTCCTGAATTTGTCGGCGCAACTGGTGCATCTGGAAAACACCTCGAACAATGTGGAGGCGACCGGGGGCGTCAAGGCATCGGGCGACAACCGCTTCGCCGTTTCGTCGCGGCTTGTACGGTGGAACTACTCGCTAAAACGGTTGTCCTGTCC
AP024152.1_gap129	4876066	4879659	3593	AGTGTCCTTGTAAATGGTCGAATCGCGACCTTCAAGACGGGTGAGATACCGTCCATACCCGTTGCTCGTCGTGCTGCGAAATAACAGGTAGGAACTGGCATCCCCAACGCGATTCCACTTTACAGTGATGCATTGCACCTGACCACTCGCCCCAATTTGGCTTGGGGGAGGCGGGAAAGCGATTGGCAGTGCCAGAACTGGAGATGAAGGGAGTCCATCATTTTTGCCGTTACAGGCTTTGACAACAAAATAGGTGGGTGTTCCATTGGGCAGCTTGCTAATAGTTGCCGAACATCGGTTAGTCGAAAGCGTGGGAGTCGTGGGAAATTGCCGACTCGATTTGGACGCAAAAATCTTGTAACTCGTGGCCCCTTTAACTTGAGCCCAAACGAGACTGGCGCTCGCATTTCCCGAATGGACCACAAGACCTTGGGGCGCCGGAAACATAGAATTCTGCGCGTTCGCGCTTCGGCCCTCTAATCCTATCCATACACAGAGAGAGAAAACACAAACAACAAGATTTAGATAACTGGGGAGTTTATATGACGAAAACATTGACCTTGGCTATTCACTTGGCCCATTGTTTTTACGCGAATCGTGCGCTCGATATAAGTCCCAATTCACCTGACACAATTGTCTATAAAACGACATCAACAGGGATTTGGAAGAGAAGCTCTTCAGCGATGAGAGCGAACTCATTGCCTGGCATTAGGGCGTACCGTTAAAAGTATTAATCTGCTCTCGGCGCTCTATTCCAGCCAGGGCACGTCGTTGCCCGTGGTCTTCGAGTTGATCCGAAAAACCTGACTGGAAACTGACCCAAAACTGGCAGAAACAACTGGATAGGTGCGCGCAGGGAGAACGAGATGATCATCTCCAATCGCTAAAAGCCGCGTTACCACACCCCACTGCGTCAGGTGAATTACCAATGGAAAGACTCAACCACCAATGGAAACCATGTCTTTGCTCGAATACAGCGGAATGATGTCGTTCATGCGATGCCCCGCCCATTTGAGCCCCGCCGCCTCTCGAAAGGCACCAGCCAACTCGTCGTCCGAAGCGCCGCCCCGAAGCAAGCGGCGCACATCGACTTCGGCGTTTTGATGCAAACAGGGGCGTAATTCACCCTGCGCGGTTAGTCTCATGCGGTTGCAAGTCGCGCAAAAATGGTCGCTCATTGAGGAAATAAAGCCAATGCGCGCGCCTGTTCTCTGGCAGCGCCACATCTTTGCGGGGTCGGCGCCTGTTGGCGCTTCTGGTTCCAAATCGAAGCGGGTTTGCAAATGCCCCAACATCTCCCGCCACGAGACGGTTTGATTGCGATCAGTCTGCCCGGTCAGTCCCATCGGCATCCATTCGATAAAGCGCATTGGGGCGCCGCAGGAATGAGCGAAGCTAACCAGGTTGCCAAGTTCGTCGTCGTTCCAGCCCCGCATTACGACCGCGTTGAACTTGAGACCAAACCCTTCCCGTTGCGCTGCTTCAATACCCCTTTGCACGCGGTCCCACTCGTCGCGCCGCGCGATACGCGCGGCTTTGTCCCGGTCCAGCGTATCGAGCGAAATGTTCAACCGGCTCATGCCCGCGTCTTTGAGCGGCGCCGCGAGTTCGTCCAGTAGCGCCGCATTGGTCGTCATCGCCACTTCTTCGATACCCCGGATAGAGGCCAGCATCTCCACTAACTGCGGCAGATCGCGCCGCACGGTCGGCTCTCCGCCCGTCAATCGGATCTTACGAAGCCCCAATTCCGCCCCCACCGACGCGACGCGCGTAATCTCCTCGAACGAAAGCAACTCGCTACGCGGGCTGACTGCGATGCCCTCGGCGGGCATACAGTACACGCAGCGAAAATTGCACCGGTCGGTCACGGAGATGCGGAGATAAGAAATGAGGCGGTCGAAACGGTCTACGAGCATGAAAACGACTAAAAGCAGTGTGCCTTTTTAAACTGGACGCGTGGCCCTCGATTCCGTGACTGAAGAAATCAAAAAACGCGCCGATCTGGTCGAAATCGTCGGCCAATACGTCGCGCTTCGTCCCGCCGGAAACGACCGTTGGAAAGCCTGTTGCCCCTTCCACGACGAGAAAACCCCCTCCTTCTATGTCTCGCGCGATAAGGGCTTCTATAAATGTTTCGGATGCTCTAAGTCGGGCGACGTGTTCCGTTTTCTGATGGAAATGGAAAATGTGACCTTCCCTGAAGCCCGTAAAAGTCTGGCTTCGCGATTTGGAATCGCTCTCCCTGAACGCCGCGATATGACGCCGGAGCAACGCGCCGAACAGTCCGAGCGCGAACGCTTGCTCAAAATCGCGGCGAGCGCGCAAAAATTCTTCGCGGGGCAGTTCGCGGGCAATTCTGGGTTGGTGGCCCGCGACTACGCGCGCAAACGCGGACTGTCGCGCGAAACCGTCGAAAAATTTGGTCTGGGTTATGCCCCCGATGCCTGGGAAGGACTGCGCTCGAATCTGACGCGGCGCGAAGGCTTCACCGACGATGAAGGCATTACGGCGGGTCTCTTCATCGAGCGAAAATCTGTCGAAGGCGAACTGGGTGGCATGTTCGCCGAAGGCGCCACGCGGCGAGTATGGGACCGCTACCGCCATCGCCTGATGTTCCCCATCTGGGATGAATCGGGGCGTGTCATCGCCTTTGGTGGGCGCGCGCTGGATGGCGGACAAACGGGTAACCCCGACGCGAAATACATCAACTCGCCCGAAACCCCGCTCTTCCATAAATCGAACGTATTATTTGCTTGGCATCTAGCGCGCGGCGAAGTCGCCAGGCGTGGTGGCATCCTCATTTCCGAGGGCTACATGGACGCTATCGCCCTCCACGAAGCGGGTTTCCCCCACACCGTCGCCACCCTGGGCACGGCACTGACCACCAACCACGTCAGCGCGCTCCGGCGCCTGGCGCCGCAATCCGTGTGGTTGTGCTTCGACGGCGACTCGGCGGGAATGAAGGCGGCGCTCCGTACCGCCCCTCTCTTCGCCGATGCGGGTCTGAACGTGCGCGTTGTGCAGTTCCCTGATAGCCACGATCCCGACACATTTATTAAGGCAGTCGGGCGCGAGGGGATGCAGGAAGAACTCGACCGCGCCGTTCCTCTCTCCAAATACCGGCTCGAAGCTGTGATGGCAGCGCGCCAGTTGGACGACCCCCACGAGCGCTCCGTCGCTTTGCGCGAAGCCGCAGAAATCGTCAACGACATCTCCGATCAAATCGAGCGCGATGGCTACGTCAGTTTCCTTGTGGATACGCTTCTGAGTCTGGAGCGCGGCGTTTCTTATTCCGAACGAGAAAAACGGCGCGTCCGCATCGAGGGCTTGGTGCGCTCTGAACTTGAAGCCGACCAACAGCGCCAGGGCCGTCAAGACCGTGTGCGCGCGGCACGCTCCCCACAGGGGCAGGCTCCTTTCCAGCAAGGCTCTGCACCCGCGCCCGCTGGTAGCTTGCAACGCGTGGCGGATGAGGCAAGAATCGGAACGCAAAGCGTGCCAACCGAAATCGGCACAGTGCGCCCGCGTTACGTCTCGCCGCGCCAGCAGCAAAAAATCGACGAGCAGGAAAAATCGGCGGCTGATCTGCGCGA
AP024152.1_gap130	4898824	4900506	1682	CCGTCGTCGGTAAGAAATACGGCAAGCAAGTCGGTGCCCTGCGGAAGTTGCTCGAAGGAGCGCAGCCCTCCGAAGCCAAACGCATCGGCGAAGCTATCCGTGCCGGTTCGTCCGTCGAAGTCGAACTCGAAGGCCAGCCCGTTACCCTCCAACCGAACGAAGTCCTGGTCGAAGCAAAACAGGCCACCGGCTACGCCTTCGCCTCAGAAAACGGCTGGGGCGTCGCGCTCGACACCACCCTCACCGACGAACTCGAAGTCGAAGGCATGGCCCGCGACTTCATCCGAGGCATCCAGGCCGCCCGCCAGAAAGAGGACTTCCAGATGAACGACCGCATCGCCATCTTAGCTGTAGACGAACCGGGTTCCCGTCTCCCTGACGTCCTCGAACACTTCGGCGACGTCGTCCAAAGCGAAACCCTCGCCGACGAACTCCGCTTCGTGGACGCAGGTTATCCAGAGCTAGGCGAAGCGAAAATGGGCGAAGAAACAATCCATTTCCGCGTCGAGAAGATGGCATAAAGCGCAAAGGCACTGCATCGCGATGCAGTGCCTTTATCTTTGGCTGTAGGAAAATGGGGTGTAGTTAAAGTAGGGACATGGCTCGCCGTGTCCGCGAGAGGGTTTCGCATTTAGGGCGCGTAAGCGCGACGAGGAGTTCCATAGTCTCAAGAAGGATATCGCTCAAATTCAGGGGCATTGTTCAGCCATGTCCATATTCAACTGCGAACTCATAAAACTCAACCCGTGATGAAGCAAACATCTTTTCTCCTCTTGTCCGCATTCATTGTCGGTGGTTGCTCGCAAACCACTCCTCCCGCTCCTCCACCATCGGCTCAAAGTCAAACCAAAGCGGCTCAGACGCTTGTGGACGCAATGACAGGCGATGCGCCCGCCTCACGCGACAATGCCCGCGCGCTACGTCGCCAATCGGATGCGCTCCTGGCGACAAAAAATTATACAGGCGCGATGGACAAGCGCCTGCAAATGCTCGCCCTGCGAAGCAACGACTCCTCGACGCTCGGTGCCCTTACCTACTACGCGATTCAATCGCTGGCACTGGGGGACATCGAGAAAATCGCCTCTCACCTCGACGCGGCCTCATGTGGCAACTCCGCCACGCGCCTAGAAAAAATAGATGCTCAGATCCCGACTTACACCCTGTTGCTGCAACGGGAAAAGGCCAGTGAACTTAAACGCCTCACTCAACTGTCAGGTGATAGCCAAAAATGGAATCGCACCATCGCCGGATTAGGTCGTACTCCCCAGGAACAGCAAACCCTCAACAACATGTCCGTTGCCCAAATCGCAGCCAACATCAGCACGGTCTACGACGCGGCCATCGAAAGAGCGACGCAGCCCTATTCGATGCAAGAGATCAAAGTTTCCACCGACCCTTACACCCGAACGTTCGCTACCCCCTCGCGCATAGGCCGATTTCTGTGGACGAAGTTCAAGACGGAGCGAGTCCTCCTCATCTCCGCCCTGGCAGCACGAGATGAGCGTCGGGAAAACCGAACGCTTTCCTTACCTATGCTCTCCGACCCCTTTGGCAATGGTCCTCTCAAAGAGAAAAAAGGTGTCGTCTATTCGGTTGGCCCCGACACAAAAGATAACGGCGGCAAATCCGTTCCCTCGCCGAATCGTGTCCAACCTTCGGACAAAGGCGATCTTCTTGCCCCG
AP024152.1_gap131	4904332	4905768	1436	AATTCAATCGGTCGGCCTTCGGGCCGCTCATCGTATGCTCGTGAGGTTGCACACCTTTGCCGAATGCTTCCAGCGTCAGGGCACCCAGAACGCCGCGCCGCTTTCTGATATGGCTCGTACCTGGCACCTCGAACTGCTGTTCGTACAGGTAAAACGCCGAGTCATCGCGCGTTAGCCAGCCTTCTTCCGTCCACTGCTTGAGAAGGCTGGCCGATTGCGCGTATTGCTCCTCGGTTGCCTGTTCGCCATAGCGAGTGGCAAGTTCCACGGCGACGATGTTATGCGGGTCTTGCGCTAACAGTTCGTCGCGTGCCGTGCCCTTAATAACGTCGTAAGGCGGACACAGAACCTTGGAGAGTTGCACGCGGTTGCAGTCATAGCGCAGACCGCGAAAAGAGGTGAATTGAGCCATAAAATTGAAATTGGCAGGCGAACATTGGCTTCGCCCCCTAGTCGTTTCTTTCGATTTCTATTCCAATCTGAAAGGTGAGATGTGTTCCCTGAAAAGAGCCAGAAAACATCATCTACCTATGCACCGTGTCCGTGAGGACACTTGGCGAAGCCGGATGCCGGACATTTGATATGTCCGGTTCTCACTTTTTAGACTGTCTCTACAATTTGGTCAGCAGGGCGCCCCCACTAACCACTAAAAACTAACGACTAACCACTCACTTGCGCGCGTCCTTAAGACGAGCTTCCAGTTCGCCCACAGCCGCCAGCACTTCCGCTTCGCTGAGAGCGGTGTTGATGGAACCCGCGACGGCTAATTGCAATTTGTCGCCGAGCGATTTGGCCTCGACTTGCGCCATGCGATCCAACGTCGATTCGCCTTCGCGCAGTAACGAGTTGCCCGTCATCGCTTCAGGTTGGGCCACGCCCATCAAATCGAGTAGGGTGGGCGCAATATCGGCCAACCTTCCACCGCCCCTTAGCTTTGCGTTCTCGGTGCCTTTGCCGAACAGCACGCACGGCACGAGGTTGGTCGTGTGCGCGGTGTGCGGCACATTTTTCTCGAAATCGAACTCCTGCTCGCAGTTGCCGTGGTCGGCAATCACCAGTAGGTTGCCCCCAACCTGTTCAATCGCTGGAATAATGTCGCCCAGCCCGTTATCAGCGGCTTCGACGGCTTTAATTGCCGCTTCCACCACGCCGGTATGCCCGACCATGTCGGTTTGCGCGTAGTTCAGAATGATGAGGTCGAACTTTTGCGACAAAATCGCGGCGACCACTTTTTCCGTCACCTCCGGCGCGCTCATTTCGGGCTGCAAGTCGTAAGTCGGAACATCGGGCGAGTTCACCAGAATGCGCTCCTCGCCATTCCAGGGCGTCTCCATGCCTCCCGAAAAGAAGAACGTGACGTGTGGGTACTTCTCGGTCTCGGCGATACGCAGTTGCGTCTTACCGGCTTTTGCCACAGTCTCGCCCAGCCCATCGTT
AP024152.1_gap132	4910346	4913412	3066	CGCCATTCTCGCCTTTAAGCGTGAACAAATCGCGCTCGCGCAGCAATACGAGCGCAGTTATGGCGGTGTCGCGCAGCCCGAACTCGAAGCGTGGATTCGTGGGGCTCGCCGCCGCACTCTGCAAATCGAAGCCGCGCGTGATGATGCGGCCTCGGGCTCGCTCGTTGCATCTGACTCACCGTTCCAACTTCAGGAACGCGCCTACTTCGCCGCTAACGACGATTCGCCTCAGGGTTACTGGGTGGCTTTGCCCCACGACTACTCGCCCACAAAAAAGTGGCCCCTTGTCGTGTTTTTGCATGGCTACTCGACTTCCATCTCCAAATTATCACCCTGGATCTTGGACATCGATACCCTGAGCGCGGCGACAAAGTTGGGAATGATCGTGGTTATGCCCTACGGGCGACGCAACTCCGATTTCGTGCAATGGGGAGAAGACGATGTTTTACGAGTCAAACGCGAATGCCTGAAGCTGTACTCCATTGATGAAAGCCGCACCTTTCTAACCGGCACCTCAATGGGCGGCTACGGGGCTTATGCAGTCGGGCTTCACACGCCAGATGAATGGGCAGCCGTCGCCCCCATTTCTGGCCGCACCGATTTCTATGTGTGGTTCAAAACGCAGCGTGATTCGCTTCCTCCGTGGAAGCGCTTGCTGTTCGATGCCGACGATCCGCGCACGCTTATTGAGAATGGACGCAACACACCCTTTTTCACCCAACACGGCGCCGAAGACAAAACCGTCCCCGTCGAACACTCGCGCCTGTGGGCCGCTGACACCGCACGTTTGCAACTGCCTTACGAATACACAGAAACACCCGAGGTCGGGCATGAAAATGAGTTTCAGTTGCCCGCGCTGGCGAATGCCATCGAATGGCTGAGTCGCCACCCTTCGCGCCCCACATCGCACGCCATCTCGATTACTTCGGGCGATTTGCGGGAGGCGCGAGGCGACTGGGGACAAATTGAAGCCTTCTCCGACTATTCGGAATTGGCGCGACTCGACGCGAAAGTTGACGGCAATACCGTGCGGGTTCAAACCCGCAACGTCGCGCGCTTCACACTGAACTTAAAAGCGTTCGCTCTGGGAACAGTTGATCTGGAAGTCAACGGCGCCGATTCGGGCGATTTCGATTCGGCGAAACCTATCGTCTGGAGCGCACCGGAGGCAAAAACAGACAAATCACCAACCCTGTGCGGCCCCTTTAAATCGCTGATGCGCGACCCCTTCACGATAATTTATGGCAATGACCGCGACCGCAAAGACGCCCAGAAATTTGCCAAAGAGTGGAGCGACTGTGCCGATGGAACTATTATCATCAAATCCGCGAGTACCATTTCTGGGACTGACAAACGCGAGCGTAACATCATTTTGTTCGGCACGCGCGACTCGAATTCAGTGCTACGGGAAATCGCCGATAAACTCCCTCTCGAACTCAGGACCGAGGGATTTCGTAAGGGCACGCAGTTCACATCTGGTAAAAACTTGGGACTGCGTATGGTGTGGCACTCGCCCTGGGCCAGCGGACGGCTAATTGGTATCTGTTCGGGCGCATGGTGGGGCGACGATTTGCCACTCAACCACAAATGGGATTTGCTGCCCGACTACATTGTGTATCACGGCGACCAGCACGATAAGGACGACACCAACACGGCTGTCATCGCGGGTAACTTCGATGGTAGCTGGCAATAGAAAAGGCCGACTCCCCGTGGAAATCGGCCTTTGGATAGTGCTTGTTCGCGTTTAACGCGCGGAGCGGCGGGCGCCGCGCGCGAGATCATTGTAGGTCGCCATTTCGATGGCGAGGGCACTCAAGAACTCGGAAGCCAGAGCGCGTTCGGCCTCGCTTCCATGCAGAGACACATGGCGGCATAACGCCGAAGCAGTCGAAAAAAGCCCCAGAGCAGAACGAAAGCGTTTGAGACGAGCGGCTTCACGCGCTTGTTCGCGACAGACTTCGGCCTGTTCCAGATAGATCGTGAGGGCGGTAATTTCCGCAGGCGGGGGTACGGCAACTGAGGACACGGAGGTGGTGGGTTTGATGATGGTCATCGGCATAGACTTCCTCGGCAAAATATGGGCCTTACGCGACAAAGATACTTTAGTTTTTGTGAGTTACAAAAGCGTTTCAGACACGCAAATTTTCCCCTGTCCATGTTAAAAGTGTGCGTCGTAAGGCAAGAAATGGATGTAAGGATTTCATGAGAAAACGTGGGGGCACTGTAGCACCTTCTTGACCAGCTCAACCGATTTCTTATAAGTGTGACTTGTTTTGGGAATCAAGTTGGGTCAACTTTTCAAAAGCGATTTTATGGGCTTGGGAGAGCCACTTCTGCCAGGGATAAAGCGTCAAAACTCCCATGCACTACGACGAGCTTTGGCTAACGGGCATGGGCACGGTTTGCCCATTGGGGTTGAACGTCGAGACGTTCTGGCGCCGCTTAATTGGCAGCGAAAGCGGGATTGGCCCCTTAACCAAAGTGGATGCGAGCGGACTCCGCAATGCTCGTGGTGGACAAATCAACGGCTTTGATATGTCACTGTATGTCGAAGAAGGCGACTGTGACGAGGCGAGCGCCTTCGCATTCGCCGCAGCAAACGAGGCCGCACAAAACGCCGGTTTAAACGACGACGATAAAGCGCGATGTGGATTGGCTTTTGGCACCAACTTCGGTGGTGCGGCTTCGTGGGAAATGGTGTGCGAACTAGCCCGCGAGGGTGAGAGCGACCCGGAAACTTTCGCGCAGTTCCTGCCCGACCAAGCTGCAACCTATCTCGCTTCACGCTGGGATAATTCCGGCCCACGCGCGACGATCTCAAACGCCTGTTCGAGCGGCGCGCACGCCATCGGACTTGCGGCGAACTGGTTGCGCCTGGGCCGCTGTGAGTTAGCCGTTGCAGGAGGATTCGATGGATTAGGGCTCTCGACTTTAGCGGGGCTTTCAATTCTACGCACCATCTCGCCCGACGAAATTCGCCCCTTCGATGTGCGGCGCAACGGCACCATCTTCGGCGAGGGCGCGGCCTTCGTTGTGTTGGAAACCAAAGCCAGTGCCCAAAGGCGT
AP024152.1_gap133	4922442	4923815	1373	GCCGACCGCGATGTGATCGGCGCCCGCTTGTTCCATGAGGGGACGCTGGCTTTCGCGGCGGATATGAGCGGTGACGATGGCTCCCGATAGACGGGCCAGTTGGATGGCAAAATCGCCCACGCCGCCTGTGGCTCCGGTCACCAGGACTTGTTGACCCAGTAGGTTTCCGCCTTTGTAAAGGGCGTGAAGCGCGGTTAAACCAGCCACTGGAAGCGTGGCGGCTTGCGCGAAAGAAACGCCGTCGGGAATTTTGGCCGCGTATTCGAGGGGGACAGCCACCTTTTCGGCCCAGGCGCCTTTGCGAACAAAGCCCACAACCCGGTCGCCGACTTGTGGGCTTTGACCATTGGCGGCACCCTGTTCCACAATTCCGGCGACATCCCAACCGGGAATGTAGCCGTCGGGATAATAGCCCGTCTCCAGGGCCATGCGGATTTCGCCTCGATTGAGCGAAGTCGCCCGAACGCTCACGAGAATCTCGTTGGGTAGTGGAGTGGGATCCGCCGTTTCGCGCTGAACAAGTTTTTCGGGAACACTGGTGTCGATAAGATAGGCTTGCATGCTTGAGATTTTCCCTTGTTCGCGGGCGTGGGACATCTTTTCGAGTGAAGGGACAGCCTCATTATGAGGTAATAACAATTAATTGTTATCCCCGGTCAGCGTATTGGGGCCTTTCCCTGGCTGAATATCAAAGTAATTGATGTTCAGCACCGTGTCAGGGAAGTCGAATGACTTTTTTAGATTGGGAATGAGCCTCTGTTTTTGTGCGAGTCCATAGCAGCCGAGATCCTTCGCAAACTCAGGATGGCACCATGCCCACTACTTACTTGCTTGATGCTGTATTCAGGAGGGAGTAGTGGTCAAATGGGGTGAGATAGTCGTTTGGCTCTTTGAGAGATTGACAGGATGCTGTGGCTAGATTCCTCAGTCGTACCTCCTTCGGAATGACACTCGATCTCACCTCAGTTGACCACTGCCCAGGAGGGGGAGGCAATCTGTCCTTACGTATTATTTGAGGGGAGATTGCTGGGGGAGGGGGAGAAGCCGAGGCTGGAGATCAGGTAGCTACCCGCTTGATTTCTTTGATGATGATGGTGGGACGGGAACTCGCAGTAAAAATCGCTCGCCCGCCAAAGGCCGCTCCTGGTTTGAGTTGCCCCGGAAGGATATTCGCGTGTTCCCCGTCCTTATCCCTGTATTTGAAGGCCATATAAGTAATGGTTGTGCTATCGCTGTTGTTTAAGAATCTCCATGTCCAGGTATCGCCTTTTATCTGGGCGTAGCTCACAGAAACTTCGTGGGAGACGTAGGAATAGGGACCGAAATTTGAAGCGTAGGCTGCATTGACGCACGCGGCTACAACTAATGTGAAT
AP024152.1_gap134	4930421	4932444	2023	TCAGGCGGCGCGCTCCACTGCCATCTCTGTTCGCAGTCCAGATTTCAGAGGATTTAATTTTGAATTTGTTCTGGGGATCATCTCCTGCCAGAGTGACGACACAATAAGCCACTTTTTTCGCATCGAAACTAAAGGTGGGGCTAGCCACATCTTTATCGGCGGCGCGGGCCAGGGAAAATCCAGTGAGGAGAGAGTAGGCCAGGAAGAGAAGTCGGGATGGTCGCAGGGCTAAAGTCCGCGCTGTCCGGCCTGCGGCCAACTTCCCACCTGCTTGGGAACAGCCGGTGGCGCTACGCGCATTGAAGAAAAGAGTGGCAATCATCCTAAACAAAAAGCGGGCGGGCGCCCTGATTGTTGGAGTGGAAGTGTACGGATTTGTGGCGGTATTTCGTAGTATTACCTACTGTATTTTGTCTCTTGACCGCTGTATAGTTCTTGATTTGGACACTGTCGTCTGCTGAATTTATTTACCTCTGGCGAGCTATTTCTGCGCGGAACTCGTGGAGACAACAGCCCTTCTGCCAAACTGTTTTGTAAATGTCTAAACCGTTAATTGCCATTGTGGGGCGTCCCAACGTTGGGAAGTCCCATTTATTCAACCGGCTCGCGCGCCAGCGAATCGCGCTTGTCGAAGATTTTGAGGGCACGACCCGCGACCGTTTGTATCAATCCATCGAGATCTGGGGGCGCGAATGTTTGCTGATAGATACGGGTGGTTTTGACCCGCTCGATAAGGAAGGTTATACACCCGCAATTCTGGGTTCGACCCAACTTGCCATTGATGAGGCGGACATCATTATTTTTATGGTGGATGGGCGCGACGAGCCGACCACGCTCGATTTTGAAATCGCCGATGTGCTTCGCAAAACGCGCAAGCCCGTTATTATCGCGGCCAATAAAATCGACACCTTGAAAATGAAGCCCGCCAACCACTATGCGCTGCGTATGGGGACTCCGCTTCCCATGAGCGCGGCGACTGGTTTTGGGGTCGCTGAACTCACCGAAAAAATTGAGGAGGTGTTGCCACCCAAAGATAAGGACGAGGAGGAAGATGAAGAGCGCACACGCGTCGCCATCGTGGGGCGCCCCAACACGGGCAAATCGCAGTTGACCAATACCTTGTTGGGCTTCGACCGCTCGATTGTGAGCCCCGTTCCCGGCACGACGCGCGATGCAGTGGACACGCCGCTCGATTGGAACGGCGAACCCTTGCTACTCATTGATACGGCGGGGATGCGGCGCAGGTCGCGGGTGAAGCGCGATGACACGTCGGTCGAATACCACATGGTGTTGCGCTCGTTGCGCGCCATTGACCGCGCGCATGTCGTGATTTTGCTGGTGGATGCGGGAGGCGTCACCGACCAGGACACCAAAATCGCGGGCTATGCCTTTGAAGCGGGCAAACCGCTCATCATCGGCGTCAACAAGTGGGACTTAATTGAGGGCGAACAAGTCAACCCCGAAAAACGCACAGGCGCTCAAAAAGACTACGAAGCGAACTTGAACAATTACTTCGCCTTCGTTTCTTACGCGCCAGTTCACTTCCTCAGCGGCGAGAAGGGCTGGGGAGTGCAGGAAATGATCGCTGATGCGCTTTCGATTGCGCCGAACGGTATGGTTCGCATCACGACGGGGCAACTCAACGATATTATCCGCCGTTCGATTGCCGAACACCCGATTCCTTCGGTGAAGGGACGTCCGGTGAAATTCCGCTACGCGACGCAGTTCGCGGTCAATCCGCCAAAAATCGCCGTCTTCTTGAATCAGCCGGAATTGTTGCACTTTTCGTATGTGCGTCGCATCGAGAACGTGGTGCGCGCGAAGTTTCCGTTCCGAGGTGTGCCACTCAAAATCGAAGTCCGCAAATCGAACCCGCGCGATGAGAAAGACGACCGCAATTAGCGACTGAAAGAATGAATTCACCACAGAGGCACGGAGACACAGAGAGATTTTTCGTGTCTCTGTTGAGGATTTTAAAGAGTGAAGATGAACCAGAGCGAACGTGAGGCGCAATTGCGCGAGG
AP024152.1_gap135	4973349	4975519	2170	GATTGCCCTGTGGTCCTTCGTCCCGAGTGTTAACGTCCCGGAGGGAGACTCCTTACGCCAAGATGTGACGCTTATTGTGAGCCGTTTGCAGGAAGCGAGCGTTCCCACAAGGCTGGTAGCGACCGAAAACGGCTTTTTCATGCAACGAAGAGGGAATAGAAACCATCTTCTTAGCCATGCTCAATAGCTCTGAACCAAAGATTGAACAGTTGCGCTCTCTGTATGCGGCTTTCAATGCGCGTGATATTGACGCCGCCCTGCCGGGTATGACGCCGGACGTGGCCTGGCCCAGAGCGTTCAAAGGCGGCTTTGTGCGCGGCCCCGAAGAAGTACGCGCCTACTGGACAGAGCAATGGTCGGAAATCAATCCGCACGTCGAGCCCGTGTCATTTCACCCCGAAAACGACGGACAAATTCTGGTCAATGTGCATCAGATAGTGCGCGATCTCGCAGGAGCGGTGCTGGCCGATGGTTACGTCGGGCATCGGTTTAGCTTTGAGGACGGTTTGGTCTCCAAAATGGAAGTTGGCTCCCCGCCCCAATCCGACTGAATGCCCGTTCGTGGGTTGACCTCAAAGCTGAGACGGGTGGTCACTTCATTACACCCTTTGTTAAATAATATGATGTGATTAAGAAGCCATTTCTCGCCGCGATGATTTTGCTGGTCGGTTTGTGGGGTATGTGCCCAAACGTCGAAGCTCGCGAGCGCTACATATTGCGCTTCCACAAAATTGTTGGGTGCGAGGAAAGATATGCCTGGGTGTATGACAACGCTCAAAACCAGATTCTTTGGAAAAGGCGTTTAACCAACTGGATCACAGTTCATTGGTCCAGGGATCGTAAGGCGCTCGCTATCGAATGCCAGATTCCGCAGCATAATGTTGTCGAGACGGGAGTCCTCGTGTGGCGTGAGGGCTATCGTTTGCGCTTTTTTCGCGCACCCGGAAGCAACGATTATCCGATGGGCTGCGTTTGGTCTTCAGATAATCGTCGTTTGCTCGTGAGAGCTGGCGGGAGTGACGCCGCCGACGCGGATTATGGTGAGCTGTTTTGCCTGTGGATGGGACGCTGGCCCCAGTACAAAGTCTTCAAGCTAGGAGACGCGGCTAAAATGGCCTGGAAGAGCAACAAAACAGCGATTTTCTGGGAGCGGGAGAGCATTGGTCCCAGGGATAATCCTGGCTATGGCGCACTCCAAAAACCTCGTTTATGGCAGGCGCCTTAATCCATGAAGTGCTGCTTATGTGCTCCTTTCTTCGAGTATTGAAAGCATTTTGGACACCCCGATAGGGCTTATTGCTATATGCCCCTACTGAGGAATGGTCAGGGCGCTTCGTGGGGGCTGGATGATGGGGCAACCTATCCAGCCCACGCAAAGCGCCCTTTATATGTCTAAGCGCGCGGCCACACCAGGGGAAAGTGTTCGCCGTAGACCGTTTCGCCGTCCTCGCCTTCGACGAATTGGCCCATCGGGTGCAGACCGCGTTTGGCGCCGACGAATTTCGCGTCTTCGCTCATAAAATGCAGGGCGAGGGCGCGGCGAGGGCGGCCCGATTTGTTGGCGGGGGAGCCGTGCCACGTGAGAGGATGGTGGAAGTGAACGGATCCCGCCGGAACGGGGCAGGGCGCGATTTGAATGGTGTGGCCATTCCACTGTGAAGGCATTCCCTCCCACGCTTTGAGTTGGTGCAACTCGTCGATCTGGTCGCCCCAGTGGTTCGATCCCTTCACCATGCTCATGCAGCCGTTATCCTCGTCGGCATCGTCGAGGGCGAGCCAGGCCGTCAGTTGTACGTCTTTGGGCTGTAAAATCGGCCAGTAGGGGCTGTCCTGATGCCACATATTCACGCCACCGGTCGCGGCAGGCTTGAACTGAATCTGGTCGTGGAAGAGCCGCACTTCGTTTCCGGGTAACAACTGCGCGACTTCTTCGGCTAAAACTGCATTTCCGACCACGCGCTTGAAAGCCTCCGACCCCTCCCAGATGTTGACGATTTGCCACACCGGAGCGTCGCCTTTGCCCATGTTGCCAACGCGCACGGGCTTGCGCTCCCGTTCGATGCCATTTTGAGCGTCGTCCACCACGCGCAGCACTTCGGCGCGCAGCGTTTCCAGTTCCGTGTCGTTTACAATGCGCGAGCCCAGCACAAAGCCATCGCGCCGAAATTTT
AP024152.1_gap136	4979194	4982853	3659	GGCCCAGGTGCGCCCGACATCACCTCGCCCCTCACCAGTGCGAGCGGCTGGAGTCCCACCCTGGCTCCGGGAGCGGAGGTGCTGTTGCGCGTAGCCCTGACCGTTGGGACTACTGCCCAGGTCGGGGAACGGCGCGCTCTGATCATCCACGCATTGGATATGGGCGGCACTGGCGCGGACGCGGTGGGCGCATCGGTACTGGTCGAGGGCATTCCCACCGATTCGACCGGCCCCTATCTGCAACGCATCGAGTGGAGTTTCGATGGCGTCCACTGGCAAAGCGTGGGGGGGGCGATCCCGCTGCTGCACCATGAGTCGGTGGGGTTGCGGGCAGTGGCCCGCGATCCGATCAACTCCCCATGGGAGCAAAGCCTCATTTATGTGCCGACCTGGACGTTCCTCGATCCAGGCCACACCATCCCCCGACGCCAGATCGGTGAGATGGTGTGGGTGCCCGCCAAAGATATCGGCACCCTCACCTTCTCGGCGACCTGTGGGCGCACTCTGGGGGGCAGCATCAGCGTGGCTCCCGACCCCAACTACGATACCCCGGAGGTCTCCCCATGACGCGCTCCGTTCACAAACTCACCACGGCTCTTCACCAACCACCCAGCGCCCCCCCGTCCATGCTCAGACCTCACTTGTTGCCGTGTTTGCTTTCTCCCCGGAGTGTGACCGCTTCCGCTATCACGCTCATGCTTATGATCGCTGCTTGCCCACCCGCCACGGCAGGCGAGTGGAAAGTGCGGGAGTACCTGCGCCAGGAATCGCACACCGCGCAGACCTGGGTTCTGGCCAGTCAAACCGAGACCGACGCCAACGGGCAAAGCCATTGGCATCTCAAGGCGGGCAAAAACTCGTTTCTGACCAATGCCCACTCCTACCCCAGCTACCAGGGACCGCCCTACCAGATGGGCTATCATCTCTACACTAGCCTGACTCCTCTGGGCGGCTTCTCGCGCCGGGTGGACGATGTGGCTCCCTACCATAACACCGAAGGCAACTACTCGCCCTACAACCACGGCACGGACACCTCCATTGGCTTTCAATCTCCGGGCTACAACCAGATCTTTGGCGAACCTGAACTTACTATTGAAGACGCCACTCAGACGGGGGGAACGGTTGTGGGGGAGATGTCCATCACGCCCCTGCTGGAATGGGTGCCGACCCACATTGATCGTCACGATGGCCAGGAGCCCAGAGACGATCCCACCGATCTGCCTCCGGCCCTGTCGTATTTTTGGGAGGGGGCGAGCATTCATGGCTTCGAGTACTTCTTCGCGGGGGGCTACAATCCCGTCCCCTACGATGAGGACAATCCCTATCACAACGTCGATTTTACCTTTTCCGGCCTCAAGTGCCCCTTCACCTTGACCGAAACCAACACCGATCCCGCCGTCAATACCGATGCGTTGCTGGGTGTGGACTACTCCTACAGTGGCTACGGCGGCTCTGGCACCCGGTCCACCGTGGCTGGCACCAACATCTATGCCCTTAAGAACCCGGGGCGCTCCTTTGTGCTGCAAGGTCCCACACGCTACTTTGCGGGCAACATCACCCTGTCCTCCGCCTTCTTCAGTGAGGAGTATGTGGGCCAATCCGGGAGCGCCCGTGTGGAATTCGACTACCAGTTCAAACCGGTGACACCCTCGATTGTGTGGGATGCGGCGCAAAGCTCGGTGGCTGCCGGAGCCAAGGCGAACGCGGTTCACCAGGCGAAGTTTCATCTCCAGTTCAAGGATCAGGGGCAGACGGCGTTGCCCAGTGACGCGATGCCGCCCGTCAAAGTCGAAGTGCTGGACGGCGGACTGGGTCTGGATGAGAGCGTGAGGGCCACGGTCAAAGTGGATCCCCTACTCGATGCCAATGGTGAGGTCACCGGCACCTTCACTTCGGGCAACCGCGTGCAGACCACCACCATTGGCTTGCTCCAACTGCCAGGCGACAAAACCAGTGGCACCCTCGCATCAACAGGCATCAACCAGGGTTGGGCCAATGTCGAATGGAAGCTGGGCGACGACGACGAGACGAGTTGGGAGCATCTGCGTTCGTGGGGCGAGCCATTTTTCTTCGATGACGATGCGGACTATACCCGCGTCGCCTACGCCAAACTCACCAGCCCCGCCGACAAGCCCCTCACCCCGCACAGTTTCAAGTTCCTAATCCACAAGTTGGTGGTCGAAGTCACCGACGCCAACGGCGACACCGCCACTCATTTCATCACCAACGATCCCGCCGAGGCGCAGCAACACCTCGACGCCATCGCCGAGCATCTGGAAGACGCCAGTACCCAGGTCATTTACGAACCCGACCTGCAAGCGCTCACCGCCTCCGTCGCCAGCTACATCACGCCACCCGCTCCGGCGGTATCCGATGCCGAGGGCATCGTCAAAGGCGCCTTCACCGTCAAGCACGGCCCAAACTTCGTCGTCGATACCTTTGGTTTCACTATTCAAGACCAAGACGTGTTGACTCGGTAATTGCACACTGTCCTTATGCCCATGCGCTACTCCCACATAGTTCATTTGTTTCTTTGGCCCGCGACACTTCTGCTCGCCTTTGGTGGCTTTGCTCAAGGTCCTCTCTCACCTCCTATACCCTGGCATATGCCTACCAATAGGGCAGGGGATGTCAATCGGCTCCTAATAGACATTGATATGGACGTAGATAACACAACCCTCACTGGCTATCCGGATTCTTCCGTGGGTGATCGAAGCGCCACGGAGGAACGTCTTGAAAAGTCAGAGTATGTGCGTACATTCACCAATGTGATGGATGTCGATAATGATGGTGTGCCAGGTTATGCAGATGGCATCGACAAGTTCGGCAACGGACAGGCCGATTCTTGTTGTAAGTTCGAGCCTATGGTTGTTGACATTCCAACTCTCGCTCAGTATCCCAATGCGGAGGTTGAATTTTCGTATTTGGCCTCGGACCCCGACGCACTCACAATTAACTCCGATGGTCATTATGTCGCGGCACCAGGTGTTTTACGAGTATGGAAGAAAGACGGTGATCAGGTGCGGAATCCTCATTCTGTAGAAACCAATGGCGATTTTGTACGCCCAGGCGAGGTATATTCATGCACACAGTTGGGTTTGGGAATACAGAATACCACCACTATTCTTTATGTAGAGGCTATTGACTGGTATGGATTCGAGAAGTTCTCGCCTATTACGGCGAAATTCTATCCATTTGGACACAGCAATGGTAGTTTCGCATCTTCGCAAACCATTAAGGTCAGACCCTACTACATGAGTAGTGAGAATCCCAGTGCAACTAATGCCGGACCAACAAATACAGGCGATGGAGTGGGATATGGCTTGGGATAAGTGCTGGCCGGGGAGCCTATCGAAGAAGGGGTACTAAGAGCGGTTTCCTCACCCGTGCTTCACATTCATCATACCTCAACGACTATTTGTCCAGCTTAAAAATTAACTGAGCGAGTGACCAACCAGAAACTGGATCCCAAATGAAGACAATACGAACTCTTCTTCTCACCATACTCATTTTTCCGATGCTTGCCCAAGCTTCTTTCGCTGTAGTGCAGTTTGGTACAGCTGCTAATTCCATCACTGTAGGTGACAGTGATGAGCACTATTTACGCTATGTACGTTATATGACGGTATCTCTTGACAAACGAACTGGAGCTGATTGGA
AP024152.1_gap137	5102500	5105736	3236	TCAGTCAACTCAAAGCGAAGATGGCGGGGCCAGATGGCAAAGTGCAGGGCAACATCACGGTGTTTCTCGATAGCTGCTTTTCCGGCACGGCCCCGCTTGGCGAAAATGGCTTGCCCCAGCGTGGGCGCGGCTGGAACGAAAAAATCGACGGGCCACGCCCCCAGATGGTAGCTGCTCCCGCCACTCCCCAGTCCGAAACACCTGCCGGTAGCGGGATGCTAGAGCCGGGTGAAGCGATGACTAATGGCTATGTCGTCATCTCTGCCGCGCGCAGCGACCAGACCGCCCAGGAAGCCCGCGATGAAAAGGGCCGCCCGATAGGGGCACTCACCTACTACCTGACGCGCGCTTTGCAACAGGCCACCCCTCAAACCACCTACCGCACCCTGTTCGAGAAGATGACTTTGCAACTGCAAGAAACCCTCCCCGACCAGACCCCGCAAATGGAAGGCGAAGCCGATAAGCTCTTGTTCGCGGGCGCCGCACTGCCTGTCCAGTCCTTTCTCGTCGTGCAGAAAGCCAACAAGAACACCCTCACCCTCCCTGTTGGTTTCTTACAAGGCACTTCGGTTGGTTCGCGCTACGCGATTTATAAGCCGAACAGCGATGTAGGCGACGCGAATAACCTCATCGGTGAAGCCGACATCACCTCGGTCGAAGACATTCATTCCCAGGCGCAACTCACTTCCGAATCTGCCGACAAGTTGAAAGCCGAAGATTTGCAGTCCGCTCGCGTCGTCGAGACAGCGCACAACTTCGGCGAAAACCGTCTCCGGGTTTTATTCGAGGGTAACGGTCCCTGGGTGGATGCCATCAAAGCGTCCCAGGCGCGCGGCGAACTCGATGTCATGACAACCGAAGGGGCCACCGCCACCAACTACGATGTACTGATTCGCCTCTCCAATGGCAAATTAGCCATGCTTCGGCGCGGTGGGCAACCTCTGGCGCTTATTATCAATGATGAACACGCGCCCGCCAAAGTGCGCGACGCTTTGATGGGCGAATGGCGTTGGCGTTATTTGGCCCGCTTGGGCACCTCGAATGCGGCGTCGCTGTTGCAACTGGAAATGAAGTTGGTCCGGGTAAACAATGCCGTAGGGGAGGCACCCGTTGATACCGATGGAGGCATGGTCTTTCATTACGGCGATACCTATGCCCTCCAACTTCGCAATTTGTCCCCCGTCAATGCTTATGTGACGGTCCTGGATCTCTCGCCCGATGGCACGATCAACCCCGTATTACCTCCAGGCAATATCGTTGATGACGCGCTCAAGCCGACTCCGCCCGAATACATTCCTGCCGATGGTGCGTGGCATCAGATCCAGGGATTTTCATGGGGAGCCGCCCCCCCCGCCGGACGTGAAATCTGGAAGGTCATCGCCACGCGCGAGCCCGCCGATTTTAGCTCGTTCCTCTTGCAAAAAACGGAAACCGAAGGTGGTGAAGTGCTATATCCGGCCCTCCTCGACCTGACGAAACGCGGCGCGCCGCCTAATCCCCTGGAGAAGCTGTTGTTGAGGTCGCAGACGGGAACCCATCGCGGCTTTACCGCAGTCCCCCCCTCCTATTGGACGACAGCTCAGGTGTCCTTTGAAGTCAAGCCTTAAACCGGACATTTTAGGAGGAGTTAGGCCGTACGATAGGAGGCAACTCATAGGGACCGGGTACCCATTTATGGGTGTTGTCATGTCCGCGAAAGGGGCTTCCAACAAGAGCGCGTAAGCGCGATAAGTAGTAGGACACAAATACCTTTCCCTTTATTTCTTCGGCGAAAAAGGAGGTTTTGAACGTGAGAGTCTCGATCTCGACGCTTTTTTCATAGTAAAGATATTTGTGTCCTACTACTTAATCCCACGCGGACATGGTAGGTCATGTTCCTACAACCAACTGCGTAACTCCTATGGACTTTCACATGGACTCTACCTGAAATCTGCGTCCAGAGGGTACTTGATTTGCAACTTTATTGTGATGTTTTTGCGTCTCACCACGCCCGCTGGTGAGATGACTTCATACGCCGGAGTCCACGATGAATACGAAGCACCTGATGTTCGGATTGGTTGGTGTGGGGGTAGCTCTATCGCTGCTAACGGCAACGGCCCTACCGCGACGTGATGCTCCCGGCCCCGGTCACATACCGATTCCGACCCCGAACTCAGGCATGTTGCCGCAACCCGATCCCGACACGGATGCCTGTGCCACAACAGCGACCAATTTGCCCACGCCCAAATTGGTGACCTTTCCCGGTCCCGGCGTTTTGACGTTGCATGGCTATCTCTATGTGCCATCCGGTCCCGGCCCCTTTCCGGCCATGATCTGGAATCACGGCAGCGAACATATGGATAGACCGGGCGCAGGAGAACAGCAGGAACTCGCCAAGTTCTATGTGAAGCACGGCTTCGTGTTTTTCATGCCTCACCGTCACGGCCAGGGCCGCTCGATGGAAGCCGGAGATTATATCGTGGATCTGCAAAACCTGATGAGTTCGCCGGAAATTGACCGCTCCGCGACCGACGAGTTCGATACCAAAATCCACGATTGGTACAATCAAGACGTGCTGGCAGCCGTTTCCTGGCTCAAGAAACAACCCTCGGTTGACCCGCACCGCATCGCCATGTCTGGTTGCTCGTATGGCGGTATCCAGACAGTGCTGACCGCGCAGCAAAACCCCGGCGGCGTCCGCGCCTATGTGCCATTCTCTCCAGGGGCGATGTCGTGGGCTAGCCCCACCATAAGAACACGCTTGAGTCAAGCTGTGCGCCGCGCCAAAGCGCCCATTTTCATCGTTCAGGCGCGCGGCGATTTCAGCTACCCCATCCTGACTCTTGGCCCCATCATCACGGCCAAGGGCGGCCTGAACAAGTCGAAGCTCTATCCCCAGTACGGCACCACCAACGAAGAAGCGCACGGCTGCTTCGCCACCAAAGGCGGCGGTATTGATGTCTGGGGCACAGATGTCATTCATTTTCTCAACACCGCGATGAAGTAGAAATAAAGAAATTCGCCATGAACTCTCGAATTCTATGGGGAGTGAGCGGCCTCGTCATCGGGGGCGGTGTGTTCAGCTACTTTGCGCTTCCCCATCATGCGATGGCTGGACCCAAAATCGTGGCTCAAAAGCCCGTCACGATGGCCACTCCCAGGTCGCCCTTTGTCCTGGTCTTCACGGAGCATAAGATTTTGCCGAATCAAACCGACCCGGCCATCACCGACCCCAATCGCCAGGAGTATGCCTACGC
AP024152.1_gap138	5176674	5180555	3881	GTGATGTCTTCGGGCCTCATAGCAATGATGTGAATTTCAAACCCGACTTGACTTAAGGGGTGATCTAAAAATCGCACGGTATCCGCTAATTTTTTCGCAGCCTCTACATCGCCAAAGACAATTAATTCTTTTTTGACGTCGTCGGGTATTATGTTATTGATGCCTTCAGGTAAAGTGAACCAAGAGTAGATCGAAGGTAGATAGATCCGAGCATAATCACGCGACGCAGGGGGAGGATTCAGGTAAAGATTGGACCCTTTGAGAGGTGGCTGTTGGCTCTGCGGAGGTGTGTTCAACCACGAGAGCATGATGCGCGGTTGCACGTTCTGCAATGGAATAACGTAAGCCTGTCGCGTTTGAAGAGAAGCGGGATTTATTTGCTGACTTTGGACTGGCCCAGTCGCGACCATCAGTAAGCCCGCCGCAAGTAGGGGGTGGAAGGGAATTTTCATCGCCTTTTGGAGGAGAAATCGGGAGCAGAGTTGCGGTGAGAAGGCAGAGGCTTTCCTTATGTGTTGAGCCTCAAATTGCACTCTTTGCATGATGCGGGGTGATGTACAGGTTGCCGTACTCATAGAATCTGGCAGACAGTGAGGGTTTGGCAAATAATTCGATAATGATGCGTTTCTCTCCACTCGCCTGTTTCTTATTGGTAATTTTGCTTTGCACCCGTGGATTGGCACAGGAACAGAAATTAATCCTAACTCCAACTCAAATTCCCTTTCCATTTCCCCTGCCGACGCGCGCGATGCGTTTGATGCAGGAAGCCCGAGACCCTGAAACGCCAATTTCGCGGTTGCTTGAAATGTTGACTCCTGAGAACACACCTCTGCATCGTGCTGTGCTCGAAGTTTTGGGGGAACGGGCAAATGCTGACGTGCTGCCTGCTCTTGAAAAGTTGCTGACGTTAGTGACCTCAAATGGTGAATTGACCAGCACGATCAGAAAAATTCGTGTGCGCCAGGGGCTAGAGACCGTGCCCAAGATTGATGCGGAGGCAGAGATTGCGTATCTACAGGCTCATCCTATTTCGGAATGGAAGGAAGATGATTGGGATAATAACGCTGTTCGTGGCACTGTTGAAACGCTCACTGGCCTCGTGGAATTAGGCGATAAGCGTGCTTTGCCGTTCGTTCAAGAGTTTGCCCTTCGGGTTAAACCCCACATGGTCGAGCTTGAAAATCCGCTCGCTAACGATCTCGACCTCTCGCAACGGGCCTACCATCTGGAGATGGAGTCTTGGAAATTAAGGCTGCGAGAACTTTCCCTGGAGCAGAAGGTCACTCTTTTCAAAAGCTCTGACTCTATGCAAACCCCCTATGTGTTTGAGGGCCTGGACGAGGCCTTGCAGGATGTGGGAAGCCCCCTGTTCCCGTTGCTGGCGGAAATTGTTCCGGATAAAACTGCCTCATCTACGCTGAGATATAGGGCGGTTTCGATGCTCTACTGGATTCGCGACCCCGGTACGACAGACGTTTTCTTGAGGGCTCTCAATGATCGCACTGTGTCGAAGGATATGCGAGAGTTTATGCTCGATTTCCTGGCGCTTTCAGGTCACCCCCGTAGTGTTATGGTAACTCTAAAATCGCTTGCTCTAAAACAAGGTGTGGAGACTGCCGATAATTGGGAGCAAGTCACACCGGAGTTATGGAGAGTCAGCACATTGGCTAAGGTTGGTGTCGATAAGCAACTCTTGGAGAATGCCATTTTGCCTTATCTAGAAAGTGGAAGTTCTACTGCGGTGAGTGTTGTCTGTGAAGTGGGGAGCGACAAATCAGTGGATGCATTGCTAGCTATCGTCAAAGAGACAAAAGTCCCCACCGAGGAGAGTCGTATGATGGTAAGACGGGCCGCTCTGGGAGCGCTGGGGGTTATCGGGCAGCGTATTGAGGATAAGGATGGCCGATTACAGGCCATTTTGCTTGAACTTTATCGAGACAAAAACTTTCCCACGCGTATTTTTGCTCTCGCGGCTCTGGCTCATATGGGCAAGTCACAGGAAATTCCCGTGTTGTTAGACCTCGCCAGAAATGAGAAAGATTCCAGCGCTTTATCGTTTGAAATAAGCGGGATTTATCTGGCGGGGGGAGACGAGGCTGTGAAAGCGCTCAAAGAGATAAAGCAGTTAGCTCAAGCCAGGCAAAACGCGGCGATAGTTGAACTCACCGAAGAGGGGCTAATGAGATTGAATCAGGAAAAACGGATGGGCCAGATAGAACAACCTGTCGCACTAGCTCACTAACCCCCAAACCCATTTGGGGAGGTCGAAGAATGAATTTTATGGTTTCATCGGTTGCACGATGTGGGGGGTGAAAAATAGGACTAGAGCGTCTGTTTGTGAGCCAGATAGACCGTTTCTTGAGCGGAATAATTGACCTATGGGGAAGTCACCTCTTTGTGGAAGGCCAGCATAAAAAGGAACTTTTAGAAGGGTGGAGGGAGCCAGAAAATTGCTAGTGAAATTTTGGTCGGGGAGGCGCAGAGCGATGGTCTGGCCGTCTTTGACGTTGAATATGGTTTCCAGGGCGAAGGGAGTGACCAAAGCGGGATCTTTCGTTGCGTCTTCGGGCAATAGTTGAGACTTGCCCTCTATGTGTGCCCCTATAGTGATGGTGTCGTCGTTGTTGATTGTCGGCGTGAGTTCTATTTCGAGTTTCGCTTGCATTTTGGCCGTGCGAGTTATCTCGTCGGCTTGAAGTGGCAAAAGCACGGCGTAATTGCGAGAGAATTCAACCTTGCCATTCCCGTTGTTGATGATGCTGGTCGTGGTGATGCCAGGCGCGGGGAAGCCAATTGGCGGAGTGGAAAGGCCCGGCGTGGCCAACAGCATGGATGGGCTGCTCCCAATCGCGAGGAGCGAAATGGTGGGCCTGATTTGGTCTTCGGGCTTACTCGATGGGAGAGTCCCGAAATCGAGGTTGAGAGTTTTTTGGTCGCGCTGTGTTAGCCCGACGATGCGTGTTTCGATTTCTAGCGCGCGCAAGGGCTGGTCAAGGGTAGTCACCAGTTCTCGCAGTTTTTGTACGTCTTTTTCGTCGCCCCAAACCAGCAGTTTCTTTTGCGCGTCGTCGGCAGTAATTTTTTCGATGCTTGCGGGCAAAGCGAAGGGGGCAGGGAAGTATTCGGCTTCGCGGGACAGAGGTGGCCCTAATTCGGCGGGATGAGGTTGATGGGTTGGGTCGAGCCACCACGCCATGAGGTGAGCGGGCACGTTTTTGACGGGCAATTCGTAAGCCTGTCGCGTTTCCAGAGGAGCAGGTGTTCCCTGGCTTTGGGCGGGGAGAGTCGCGACCATGAATAAGCCCACCGCAAGTAGGGGACGGAAGAGAATTTTCATCGTCTTTTGGAGGGGAAAATGAGTGATGAGTTGCGTTGAAAAGGCAAGGGCAGCTTGACCAACTGGTAAGCGGAGGTACAAAAACTCGCCCCGTTTCATTCTGGCTTTGGAATTTTGGTGAAACAGTAGGGTGACTCAAGTTGAGTCGCCCTACTGTTTTAGAACTTTTAGTGCATCATCAATGACTTCAATGAGCGGGGGTGCTTCAAACCACCCCTGGTAGTCGTCTCGCGGGCGAAGATCTTGATGGTGCCAGTGACTCCGTTACTCAGATGAACACTTCCCGAACCTGTGAATCCGCTGTCAAGCTGGACTGAAATGGTTGCGGTACCGCGCGCGATTGGAGGCGATTGCAAGGTCTTGTTAGCCGCTAACACAGGTGTGCCATCGGCGAAATCTTCGTCATTGGGTTGGTCCTCAATGACGAAATCGCCGTTTTCTCCGTTGGAGAGCGTGTAGGTGCCTATATAACGCGTAATTATCTCCAGAGTGGCCGTTGGTTCCGGGGTGGGGGAAGGGCCGGGAGTCGATGTCGGTTCCGGGG
AP024152.1_gap139	5182205	5183037	832	CACAGTTCGGGGACTTTACCCGTCACACGGAAGGTGCATTCGAGGTCTTGAGTGCTCTGGCGCTGGTTGGAAACGAAGTAAATCTCGGAACCATCGGTGGATCGGTGGATTTCGGCGACGCGCGAACCGGGAGTGTCGCACGAGAAATCGGGGAGTGCGCCCAACGAGGCGAAGACCTGTTCGAGCGGCTTGCCCCAGATGATTTGTCCTTTGCCGAACGCGTGGGAGGTGACGGTTTTGCCATCACAATTGCCCCAGATCTGGGCCGCCAGTGTTTGCACTTGCGCGTCGCAGTCGGGGTAGTTCTGCAAACTGGGTGAGCGCTCGGGGCGGGGGCCGATGACGGTGGCGCCCGCTTGCACTAACTCGCTCACTTTACGGAGCGTCGCGATGGTCATGCTCGGACTGGGAGGCAAAATCAGCACGCGGTAGGAGGTGCCATCGGGTGTGACCAAACGGCCATTTTTTACGCTGAAACGCTTGAACAGGCCATCACTGGTACAGGCGTCATAGTCGTAACCTGTGGGGAGAGCCGGATCGCCGACACGCATACCGACCGGGGCGTTCTCTCCGGTGAAGTAGAGGGCATCGGCCACGAAATGGCCCTGCTGCAAGAGGAACTGGCAACGCGCGATGTAGCCCAGCCACGCACTTTGTGGCCCCCACAGGGTATTGGTGCGCTCGAAATGGATGCCCCATTGTCCCATCGTCATGCCGGGAACCCGATTCAACCAAGGCTGCATGGCGTAGCGGTGGAAAATGTAGCGATTGACGCCCGCGCAGAAAATGCGGTCGCCAATCGCTTTGAGCGAATAAGGGTCGTTGGTCCATT
AP024152.1_gap140	5242658	5246547	3889	CTGTTGAGAAGCGACAGCCCTATTTCACCAATTTCAGTATAACCAAAAATTGGATTTCGATGACGCGAAGTGGGTTGGGGAATATATTTTTTACCTCATGCGCGTCGCTTTGTTGAGAATTGGTTTTAAAGGCTGACGTGGACGGTGCGGTACTCTTCGCCCCCGAAGTTATACCAAGTGCCCGTCCAGACACTTTGTTTGCCTGGAGTCACACGGGCTTTCAAGTATTCCCTGGCTTCGTCCGAACTAGCGAAGGGTTGGTCCACCAGTTTCTTGAACTCGATGGGTTGGTCGCCAGTGCCGCCGTCCGGGAACTCCTTCGACGCATGACCTTCCACCTGCGAAGGTTGGCCGATGTAGAATGACCACCCAGACGTGTTGATCGCGTAAATGTAGTATTCGCCGCTCTGTCCAGGAGGAAGAGGCGTATTCAAGACGGTGGGGTCAGCGGGAGTTCTATCGACGCTCATGGCTGGACCGGATTGGACGGGGCTGTCGGCGGCCAGTCTTCCCGCGAGCTGTGACCCTGCGTAAACGATGACACCACCGACGACCAACGTGGCGGCAGCGCCACCAATGAAAGCGGGCTTTGGCAAATAGGAGATGATCCACTGCAAGAAGCGCGCGCCTCGCGAGGCAGTCGCCGCCGTTTGTGCTGCCTCCGCTGCGGCTGCCGCTTCTGCCGCCGCCACCGCAGTGCTCTTAATGGCCTCTCGCGCTACTTGCTTTGAAGCATGCGAAAAAATTTGGCGGGCAAGAATGGCAAGACTATCACTGCCAATCAGGTTGCCTTCAACCATCGTCATGACTTCCGCTGTGGTTGTGCCCGCAGCGGCAGCGGCTTCCGTGTAAGCGGCGGCGATGGCTTGCGCTCGCTGGGTGGCGTTCGCAATATCCTTGGCCACGCGTAAGGCCTGTTCGAGCCTTCTCACAATTTCAATCCATTCCATGATTTCACTCCGCGTATCGAATAACTAACAAAAACGTGTGCTCTGACGGTGAAGATAACGGAAAAGTTCAAAGTTTTGAAAAAAATGTTTTGTAAGGCGTAGTTAGGGGAACGGGCGTATATGCATTACATTGGCGTTCCAACATATGTCTCCTCCAAAGGGAATGCAACCGGGAGAAGTTGCGTGGAGAGAATTTATACTAAATACTAACACCAGTTAGGGGGCATGGGCTTTTATGAAGACATTGGTGGTTATTGCTGGACTTTTGGTGTATCTGAGTTCTGTTGGTCGGTGTGCAAGGGCAGGAGAAAGTTTGGGTACCACAGCTCCGGCCAATCTGGGAGTGGCGCGTGGCCTGATTGCGCGCATTGCTGCGGGCAAAGCCTCGCGGTTCGTGGTGGAGAGTATTGCGCCGCAAAACGGGAAAGATGGGATGGCTTATGATGTCTTTGAGGTGGAAACCTGGGATGGCAAGACCGTGTTGCGGGGCAATAGTGCTGTTGCCATCGCTTCGGCTTTCAACTGGTTCTTGCGCGAGAAGTGCAACTCGAACCTGAGTTGGAATGCGGGGGATCGTGTGGTGTGGCCGACCAAGTGGCCCGTCGTTGCGAAGGCGCGCGTGGTGTCGCCGCACCGGATGCGCTTTGCCTACAACTTTTGCACCTTCGGTTACACCAGCGCCTGGTGGGACTGGGCGCACTGGGAACACGAACTCGATTTTCTGGCGACGCAGGGGATTAATTCGGCGCTGGTGGTGCCGGGAATTGAGGCGGTTTATATCGAGGCACTACGGGACGCCGGGTACTCGGACGAGGAAGTGCGGAAATGGCTGGTGATGCCGTCGCATATGCCCTGGATGTTGATGGGCAATATGCATTCGTATGGTGGCCCGGTGCCCGCGTCGGTGGTGGCGAAGCGGTTGGAGTTGGGGCAGAAAATCGTCGTTCGCATGCGCGAACTGGGGATGGAGCCGATGCTTCCCGGTTATTATGGGATGGTGCCGCCGGGGTTCGCGCAGAAAAATCCCGATGCCAAAGTTTTGCCGCAGGGTAACTGGAGTTGGTTGCAAAGGCCCGATTTACTCGACCCTTCGGACTCGCATTTTGCGTCGGTGGCGAGCAGTTACTACCGCGCGCTGCAAAAGGATTTTGGGGATTGTCGTTATTTCGCCGCCGATCCGTTTCATGAAGGGGGCAACTCGAAGGGCGTTGATTTAAGCGCGGCGGGAACACAGATATTTGCGCCGATGCGCGCGGCCAACCCGGACGCGACGTGGGTGCTGCAAGCGTGGAGTGGCAACCCTAAAATGGCCCTGATTCGCGATGTTCCGCGCGATAAGACGCTGATTATCGACCTGGCTTGCGAGACGCGCGAGGGGTGGCGTGCCAACAACGGCTGGGATGGGGCGCGCTGGATCTGGGGAACCATCCATAACTTTGGTGGCAATCAGGGGTTCTCGGGGCGACTCGATTGGCTGGGGAAGGGGCCAGTTCTGGCATTGAATGACCCCGGCGCGGGCGGGATGCGCGGGATTGGCGCTTTGATGGAAGGGAGCGAGACCAATCCGGCATTGTGGGAAATGTTTTTCGGCAATGCGTGGCGAACCGAGGCGCCTAATTTGGATTCGTGGTTGCGCTCGTATGCACTGCGTCGTTATGGGAGCGATTCGCCCGCGATTTTGGCGACGTGGAAGACGCTCGCGGCGACCGTTTACAATTCGGGAGGTTCCGATGGGGAATTTCCCATCAATTCGGTTGTAGCGGGGCGCCCGACGCTTGACCCCGGAATGCGGGCGCGGCCCTATGTTGGTACTGAGCCGTTTTATGACACGACGCAACTGGTGGGCGCCTGGAAGAATTTGCTGGAAGCCGCGCCGCAGTGCCGTAATTCGGATGGCTATCGGTACGATTTAGCGGATGTTTCGCGGCAGGTGTTGGCCAATTATGCGACGCGTTTGCACAACCAGATCGTGGAGGCGTTCAATGCCAGAGACGCGAGCAAAACCCGACGACTCGGCGAGCAGATGCTGAAGCTGGTGGGTGATATGGATGAACTGGCGGGCACGCGGCGCGAATGGTTACTAGGGACATGGCTCCATGACGCACGGCAGTGGGGAAGCACTACCGCCGAAAAAGATTTGGCCGAACAGAATGCGCGCACCCTGCTCACGACGTGGACGAATCCTCAGAGCCACCTCGATTATGCCAATCGCGAATGGAACGGCTTGCTCAGTGGATTTTATCGCCAGCGCTGGCAGATGTGGGTGACGGCTTTGAACGATTCGCTCGCGCAGAATCAACCACTGGACGAGAAGGCGCTCACTCAGAAAATTCAGGCGTGGGAATATCAGTGGCAGCGCCAGCACGAAGCCTATGCCACACAGCCCAAGGGCGATACCATCGCGATTTCTCGTCGCCTGTTCGCTGAGTGGAGCGCTCTGGCAACTAAAGGCGATGTGAACGAACACACGCTTTCCGAGGGGGTGTGGACTCCGGCTGTGACTTCGCTGAAAAGCGGGGAATGGGTGTTGGATGCGTCGCCTCAAATTACCGGCGCGGGCGATTATGAGGTGAAGTTTCAGTGGCTGAAGGGGCAGAGCGCGCTACGGATTTTTGGGGTGACGCTCGAACAAAATGGCGTCGTGGTGGCGCGCGATGTTCACGAAGGTTGGACGGGTACCCAAAACACCGCCAACACCTATCTGTTGAAAGTGCCGTCCGTTCAGCAGGGAGTGCCGGTGACTTTGCACGCCAATATCGCTGCCGTTTCTTCCAAAGATTCGAGCGGAACCATCTCGATTTCGCGCGTTCAGGCGCCGTGACGGGATTTTCATTGTCCATGCAGACGGGAAGGTGTTGAGATTTGCAACTCCTATTATCTGTACATGCTTCCATGATGCATCAACAAGTCATGTCGAAACTAGCCATTCTCCTCGTCCT
AP024152.1_gap141	5247793	5250883	3090	GAAAATCAACTCGTCGTGTCTTTTGACCACGCGCAGGGGATGGCTGCTAAAAACGGCGAGGCACTGCGCGGATTTCAAATTGCCGGAGCCGATGGTCAGTTTTCTGACGCGACATCTCGCATCGTAGGCAATACCGTCGTGCTGGAAAATGGGGGTGTTCCCCAGCCGCGTCAGGTGCGCTATGCGTGGCAGCCTTTTCCTGACGCTAACCTGGAAAACGGCGATGGTTTGCCCGCTTCGACTTTTCAACTTTCTTTGCCATGACCACCGATATTTCTCAAGCCGCTTCGCGCGCGCATCTTGCCGCCTTTTACCGCTCGGCTCTACTCGATGATTGCATTCCTTTCTGGCTCAGTAAGGCAATGGACCGCGAGGAGGGCGGCATTTTTACCTGTCTTGATCGCGAAGGAGGCGTCGTGGACTTCGATAAGAGCGTATGGTTTCAGGGCAGGGCGGCGTGGATGTTCGCCACGCTGTATAACTCGGTCGAAAAGCGCCCTGAGTGGCTGGAGGCCGCGCGCTCATGCATCGAATTTTCGCGCGCTCATTGTTTCGCACCGGAGGGGAAGATGTATTTTTCGGTGACGCGCTCTGGACAGCCACTGCGGATGAGGCGCTATGTGTTCTCCGAGTCGTTCGCCTCGATTGCCAGTGCAGCCTATTTCACTGCGACGGGCGAAGAGCGCGCGCGCGAAGACGCGCTGGCATTATTCGCGACCTACTTGCGTTATTCGTTCGAGCCAGGAGTGATGGCGCCAAAAACGGAAGCGACTCGTCCCATGCAGGGCATTGGCGCACACATGATTGGCATTGTGACGGCGCAGGAACTTCGCCTTCATCTGGGTGATATGACGGTGTCGGGACGGACACTGACGGAATGGATCGATTGGAGCATTGCCGCCATTGAACGAGATTTCTGGAAGCCGGAGCTCGATGTGCTGATGGAGACGGTGGGGGTGAAAGGCGAAATTGTGGATGGTTTTGAGGGGCGAATGCTCAATCCCGGTCATGCCATCGAGTGCGCGTGGTTCGTGATGTATGAGGGGAAAACGCGCGGCGACAAACGGCTCATTGAACTGGGAGCGCATATTTTGGATGCGATGTGGAGGCGCGGATGGGACGAGGAGTTTGGCGGCATCTTCTACTTTCGCGATTTGAGGGGGTTGCCGATACAGGAATACTGGCACGATATGAAGTTCTGGTGGCCGCACAACGAGGCGCTCATCGCGACCATTCTGGCTTATGAACTCACGGGCGAGGCTAAGTACGCGCGCTGGCACGCCCTGGTGCATGACTGGAGTTTCAAGCACTTCGCCGATGCGGAATACAGCGAATGGTTTGGCTACTTGCACCGCGATGGCAGCGTTTCAAGCGAATTGAAAGGCTCGATGTGGAAAGGACCATTTCATTTACCGCGCGCCCTGTGGATGGGGGCGGCTTTACTGGGGTGAGGTGGAGCCGCGATGTGTTGGTTTCGCTTATTTGAGAACATCCCAAAATTTACGGCTGCGAAATCTAAAATTTACTTCTGACATGTGTTAGATTTGTCCTTAAGTTGGGTATATTGAAAGAGAAGTTTTCGCCATGTCCATTTTTTTATCAAAGTCTAGGTCTGCGTTTACCTTAATAGAGTTGTTGGTGGTTATCGCCATCATCGCGATTTTAGCCGCTATTCTCTTTCCGGTTTTTGCCAGGGCACGCGAGAATGCGCGTCGCGCCTCTTGCATGAGCAACATGAAGCAAATCGGGTTGGCTTTTGGACAATACGCCCAGGACTACGACGAAACGATGGTGCCCAGTTTCGTTCAATATCCCAGTAGCTATCCCTATTGGAGTGAGCTTTTGCAGCCTTACGTCAAAAGCGTGCAGATTTTTAAATGCCCCTCCAACACCTTGAATGTCAACTGGTCGTTGTCGACTATTCCCAAGTCGTATGTTTGTAACGGTGGTTACTCGTCCACGGACTTTGGCGGGACTGGAGCTATTGGCGACCGTCCGATGCGTCCACTCAATTACAACTATGCTGGCTACGATAAGGGGGTTAACACGAGTTTCTATCAAAGCCCTTCGCAAACCATTGTCGTGGCTGAAAAAGGAACGGACACAACGAACGAGGCACAAATTAGCTATATCGGTTCGGTTACACCGCCGGGGAATGCTTTGCAAAACCATCTGGGAACGAGCAATTACCTCTTCGTTGATGGTCATGTCAAAGCGCTCAAACCGATTGCGACGGGCACACCTTACAACATGTGGCTCAGTAACAACCCTACCGGGGCTGCTGCCCCCGCAGGTTTGCTGACACAGTTGGGCGCGCAACAAGCCGCCATGTAATCAAAACTCTGACAAAGCCAGAGCCTCGCTTGAATTCAAGCGAGGCTCTGGCTTTGTGACGTGGGCACTATTTTTTAAGCGTGGGCGATGCGGGGCATTTCCATCGGTTCGCGTTTGAGTTCGGCATTTACCCATTGCTGGAACAGATCGGCTTTGATGAGCGCGAACTCCGGGTTGCTCCAGAGATTGCGGGTTTCGGCGGGGTCGGTTTCGAGGTCGAAGAGTTCGCCGTAGCTCTGGCCGCGGTAGACGGTCATTTTCCAGCGTTTTGTGACCAGGGTGCGGAGGTGGATGGTGGTGGGTTCGTGGTGGAACTCGACCAAAACCTCATCGCGCACGGAGTCGGCTTCGCCGCGCCATACATCGAGTTGATTGCAGCCCTGCATTCGTCCCGGGATTTCGAGGTTGGCTGCTGCTAAAAATGTGGGGGCCAGGTCCACGAGCGATTGAAGGGCGCTCGATTGCTGGTTGGCCGGGACCTTATCGGGCCAACTGACTAGAAATGGAACGCGGATTTCGTCCTCGAAGTGGAAGGGACCTTTGGCCCACAGACCGTGTTGCCCCAGAAAATGGCCGTGGTCGGTACTGAAGACGATGAGGGTGTCTTCGCTCTGGCCGCGTTCTTCGAGGGCGTCAAGGATGCGCCCGATCTGGGCGTCCATGAAACTGGTCATGCCGTAATAGGTCGCCATGTCCTGGCGGGCTTGTTGCTCGTCAGCGAGATGCGAATGCATTCCGTGAATGCCAAAGCCACTT
AP024152.1_gap142	5253209	5256739	3530	AGGTGCCCCCACGCAAGCGTCCAAATTTTCTTTTCATCATGGCGGACGACCACGCGGCTCATGCGATTAGCACCTATGGAAGTCGCATTAATAAGACGTCTAACATCGACCGCATCGCTATGGGTGGTGCGCGTTTGGATCATTGCTTTTGCACAAATGCCATTTGCACTCCCAGTCGTGCAGCGATTATGACGGGGCAGTACGGGCATATCAATGGCGTGCGCGGATGGGAAAACATTGATAGTCGTCGCCCGATTCAAACGCAAAAGCTGTTGCAAGCTGCCGGATACGCCACAGGCATGATCGGAAAATGGCATCTGGGGCGTGGCGGCAACAGCGACCCACAAGGTTTCGATTACTGGGAAGTGATGCCCGGTCAGGGGGTTTATGACGATCCCAAATTCTACACGGCTGCTGGCGAGAAGCAGTATCCCGGTTATGCCACTGATGTCACGACCGACCTCGCGCTGAACTGGTTGAAGGAAGGGCGCGACAAAGACAAACCGTTTTACCTGTGCGTGCATCACAAGGCACCGCACCGCAACTGGGTGCCGAGCGCGAAATATCAGCACCTGTACGAGGACGTTGAAATTCCGCTCCCCGAAACCTTCGACGACGATTATGCGGGGCGTCCTGCCGCTGCCGCCGCGAAGATGCGCGTGACGCGGGATTTAACCCTCACTGATACCAAAGGCGCCAAACCGCCCGAAGGTTTGACCGAAAAAGAGCGACGCAACTGGTTCTATCAAACCTACATCAAGGACTATTTGCGCTGTGTGCAGAGCGTGGACGATTCGGTGGGGCACTTGCTCGATTATCTGGAAGAAAGCGGGCTCGCGCAAGATACGGTCGTGGTTTACACCAGCGATCAGGGCTTTTTTCTGGGCGACCACGACTGGTTCGATAAGCGCTTTTTCTACGAAGAAACGGTCAAGATGCCATTTCTGGTGCGCTACCCACGCGAAATTCAAGCGGGCAGCGTGCGTCAGCAGTTTCTCGCGAATGTGGATTTTGCGCCAACTATTCTCGATTATGCTGGAGTCACTGTGCCACCGGAAATGCAGGGTATTAGTGGACGCGCCATGCTGCGAGGACAAACGCCGCGCGACTGGCAGACCACCTTCTACTACCGCTACTGGGTGAACGGTGATGAACACAACACCGCCGCACATTATGGCGTTCGTAGTGACACCCACAAGCTGATCTACTTCTACTGCAAAACACTGGGAGTGCAGGGGGCCACCGAACTCAACCCGCCCGTCACGCCTTACTGGGAATTGTATGATCTGCGAAATGACCCACACGAGATGCACAATATCTACGCCGATGCCGCCAATGCCGAGGTTATTGGTGTTTTAAAAGCGGAACTCAGCCGGTTGCAAAAGAAGTACAACGACGAGCCGCAGCATTAAGAGTCATTTGATGGATTCACTACAGAGGCACGGAGACGCCGAGAATGCAGAAGAGGGGATGGGAGAAAAGGAGTAGAAACCACAGAGAAGCGTAGGTTGGAGGGGTATCCTTCGCAGCCAACGTAAGTGGCCGACGCGTCGAGGCACGTCTTTACGGAGAGGGATTTTAAATCTTTCTAACTCTGCAAACTCTCAAAAATAGCGAGTCATTTTTTGAGATGCTATGTCATACTTTCTGACAGCAGTTAGGGGGTCTGTTGCTTTTCCTGTGAGTGGTTCACGCATATTCGGTGTGACTCCGAAAAAATTGAAAGCGATTGCGGCAGAGATGTGCGGTTCCACTGGATAAAACGACTGGAGAAGCTGTGCCACTTCCCGGCGCTAGTGAGGCTCAATTCCTTCATCCTTGGACATTTTATGAACACGCGAATTTCCTTGTTTTTTAGCGGTTTACTGGCGGCTCTTATTCTTCCCGCGTGCGCGCAAACGCAGCCCGCGCCACTCAAGATTCAGTGGCCGATTCGCTCGAACGATGCGGCACCCGCCGGGAAGGAAATCACGATTCAGGCGCCCGCCGCGCGCGCCATTCTCGATGGCTGGCAGGCGCAGAACCCGGTGAAGGGCGACCGTTTTCTTCGCATCGTTTACTGGACGCCGGCTGACCGTGAACCCGCGCCGCAGTACCGAGAGCGGCTCTCGAAAATCATGCTCGACATTCAGGCGTTTTATGCGCGCGAAATGAACCGTAATGGTTTTGGGCCGCGCACGTTCAAGATGAAACATGACCCCGATGGAATGCTGCAAATGTTCGTCGCGCGCGGCGACAAAATGCGCGAGCATTACAGCGGCGATACGGGCGATGAAATTCGCGCTGACTCGATAGCGGAACTTAAGAAGGCGGGCATTGATGGCAACAAGGAAACCTTCCTCATCTTTTGCAACCTCGGTGACTGGGATGCTGAAAAGCGTTCGATAACGGGCAGTAGTCCCTACTACGCATCGGGCACGACGCGCACCGGGACGGCATGGCAATCCGATTCGCCGATTTTGAACATTGATGGTTTGCTCGATGTGACCGAAGCCAACAAGGTGCAAAGTGGGCAATATGGCCACATCACGATGGCGCACTACGACTCCATTTTCATTGGTGGCATTGCTCACGAATTGGGGCACGCGCTTTCGATGCCTCACGACCTGGAGCGGCCCGATCAGGCGGGATGGGGTAAAGCTCTGATGGGTTCGGGAAATAGGACGTATGGCGAAGAGTTGCGCGGCGACACCAACACGGAAAGCAAGGGAGGGGGCACGTTTTTGCCGTTTGCCGATGCGCTGCGCCTGGCATCACATCCCAGCTTTTGCGGCTCGATTAAGGGCTTCGATGGCATATCGAATGTCAAATTGACTGACGTTAAGTATTCAACCGACGGAAAGAAAATCACCTATTCGGCGAGGACCACGGCGAACCCGCCAGTTTATGGCGTCATCGGATATATGGACCCGGCAGGAGGGCAAGATTACGATGCCACGACTACAACTGCCATTCCCGATAAAGATGGGCGATTCACGCTGGACTGCGATGCCCTGGTGAAGGGGAAAGGTGGCACCCTGCGCGTTGTGACGCTGCAAGCCAATGGCGCCGCGAGTTCGGCGGCGGCAGGAGCCGGGACTTCCCCCGAATATCCGTATAACGTTGCGGCAGATGGCACGGTGGACCTGGATGTCTGGAACACCCAGCAGAAATTGATGCCGCTTGCGGATGCCATCAAGAGCGGGAATCGGACGGCGGTTGAAGCGGTACTCAAAACTCTCGAAGCTGGGAAGGCACCCGCCAACGTTCTTGAAATTGCCCGCGTCCAGTTGGCCGCTTTCGATGGCAAAGTTGGCCCTGCGCCCGCCGATGCCACCGGAGATATGCTGTTCCTTTCCGAAGCGAAGCCCACTTCGGCGAGCGTTGGCTGGCTCGCTCCGACTTATAATCGCTTGCCTGTTGAAGAAGGGAGCAATCCGCTGTTGAGTGCGGGCGGAAAATTCTATGCGCGCGGCATCTACGCCCATGCGCCCGCTCGTCACGTTTATGATTTGGGCGGCAAGTGGAATCGCTTCGTCGGGACGGCGGGG
AP024152.1_gap143	5326121	5326881	760	AACGGCTCGCTCCCGTCGAAGAAGGCGATGAAACGGGCGACACCGTCAAAGATGAGGAAGAGCAGCGCGCCGAGCGCCCGTTGTCGCTGCACCAAATTCGGTTGGACACGGTCGCGCGTGTTTTGAAGGAAGCGGGTGTCAAGCGCGTTCTCGATTTGGGATGCGGCGAAGGACGGCTTATGCGCGAATTGCTCAAAGACGGACAGTTTGAGTTCGTGCGCGGTGTCGATGCCTCGCATCGTGCGCTTGATAACGCCGCCGATAAGCTGCGCTTCGACCGGATGCCCGACCGCCAGAAAGAGCGCGTCGAGTTGCTTTTTGGCGTGTTGACCTACCGCGATGAACGTTATTCTGGGTTTGATGCGGCGGCTCTTGTCGAAGTTATCGAACATCTCGACCCGGCGCGGCTTCCCGCTCTCGAACGCGTCGTGTGGGAATTTGCGCGTCCGGGCATGATCGTGGTCACGACCCCCAACCGTGACTACAACTCCGTGTGGGAATCGTTGCCCGCTGGCTCCATGCGTCACCGGGACCACCGCTTTGAATGGACGCGCGCCGAGTTCGAGTCGTGGGCCAAATCTGTCGCGGACAAATTTAACTACTCGGTCGAAACCAGCCCCCTGGGGCCAGAACATGAAACTCTGGGTGCGCCCTCGCAAATGGCCATTTTTCGCCGGGGTTGATTTCAATTTCGGCCCACAGATGAACACAGATAGCCACAGATGATTTTTAGATGAGTAACGAGAGCCAAGGAACTGGT
AP024152.1_gap144	5330158	5331081	923	AACTCGTTTAGCGGCTATTCAAATGTTCGGCTAACTGGCGTGTGGCGCGGGCGCGGTGCGAGACGCTGGCTTTCACCGAGGGGGCGACTTCGCCCAGGGTTTTTCCGACGAATTCGGAGTCGGCACCTGTGGCGAGGGTGATGCCAAAAATCGGGTCGTAGCCAAAACCGCTCTCGCCGCGCGATTCGAGGGCGATTTCTCCTTCGCAGATGCCTTCGCCTTCCCATTCGATGGTTTCAGGAGTCGCCAGACACAGCGTACAGCGATAGCGCGCGTTGCGGTCTTCAACCTCGACTTCTAGCATGCGGCTCAGAACTGCCGCGTTTCTATCCGCGTCGGAGCCGTCTGCCCAACGCGCCGAATAGACACCCGGTTCGCCATTGAGGGCGTCCACTTCCAGACCGGAGTCGTCGGCCAGAACGCGCACGCCAAAGTGCTGCGAATAGAACTCGGCCTTGATGCGCGCGTTTTGCGCCATTGTGTCGCCGTCCTCTTCGGGGGCTTCGGTCGCGGGGAAATCGTTCAGGGTTTGCAGTTGCAAACCGGGAATGTCGCTCAATAGAGCGGCAATTTCTCCAGCTTTATGCCTGGACGTGGTGGCGAGTAGAATGGTCATGGGCATGGGGTAAATCGAACAACGGTCCAATTTCCAGAACGGGGTCAGGAATGCCCATCAGTGTACGAACCCAATTCGAGACGCCTTCGCGTGGGCCTGACACCCAGTAACGGTCGGATTCGGTGCTGGGTTCAATGTTGGGAAAATGACTGGCGACTTCTTCGGCGAGCGCTGTGGCCGGGTCAATGAAGTTCAGTTCGGGCGCCACTTCACGCAACAGCGGCAGCAAAAGCGGGTAGTGTGTGCAACCCAAAATGACCGCTTCGGCGCCGAAGCGTTGTAGAGGAGCCAAGTAGTGGCGACAGGC
AP024152.1_gap145	5385923	5387722	1799	GGCATCTTGCCACCGCGCATTTTCGCCATCAGGCACATATCGACGGTGAGGTTGCCGCCCGCACTTTCGCCACCAACAGCCACTTTGCTGGAATCGCCGCCGTATTTCTCGGCGCCGCCATTGAGCATGGCTTGAGTGACGGCGTAGCATTGCTCGTGGGCGATGGGCAGTTTATGTTCGGGCGCGAGGCTATAGGCGACGGCAGCGACTATGCAGTCGGCAGCGTTAGCGAGGGCGCGACAGGAGGAATCGTAGGCTGCGACCGAGGCGATAACGAAGCCGCCACCGTGGAAGTAGACCAGCACGGGCAGCTTTTTCATGCCGGAATTCGCGGGACGATACAGGCGCACCGTGACCATGCCTTTCGGGGTGTCCATCATTACATCGCGCACCGAATCGACTTTCTCGGGCGTGGTGGGCTTGCCCATTTTTACGAGCGTGCGCTTGACGGCATCGGGAGGGCCGGGTTGAACGCGGGCCTGTTTGTAGTTCAGAGTATGGATCGGTTTGGCGCCGAGTTCTTTGAGCGATTTGAGAACCGCTTTCATTTGCGGGTCGGGTTTGCCCATCGGCATGGGGGGCATGATTTGAGCATGAGCAACGGAAGCGCCGAGAGACAGCGCCACGAGGCCGGAGAAAATGCTCTGGCGAATTGGGATTGAAACCATATCAAGGCGCGCCACTTAAGCAAATGAAAGGCCATTCCCCTCTGACTAACAGTTGCAAATTCTGCTAATGGTGCGCCGCACGCTCAATAGCGCCGAAGTTGTAGGGATTTTCTCTTACATGGATGATTTTCCTGTCAGATGGAAGTCTTCGTCGTATTGCTACTGATGAGAGGTGTTCGATTTGCAAAAGCGCTCGCAAGCGATAGTTCTCCATGCATTTATCGTTTATAGGAACTGATGGCTCGATGAATTCCAACGAACACACCACCAACTCTTTGGTTGAAACTCAACCGACCCTCTCGGCGGATGAACTGACGAGGCGCCGCTTTCTGGGTGCTGCCGGTGCGACCGCTATCGCGGCGGGAGCCGGACTTGGCGCCCTGGATGCCACTGCTGAAGTCGCCAATGCTCAAGCTACCAGCAGTGCCCGCGCGCCACTTCAGCCGCCTCCGCCTGTGCGTTTGCCTCCTCTCTCGACTCCTACTGAAAAAGCCGAGGGGCAGCCGCCCGCGCCATTGCCTCCATCGCAGCGCGTCGGGTACGCCATTGTGGGCCTTGGTCACTTGACGCTCAATGAGATTTTGCCCGCGTTTGGCGAGTGCAAAATGTCGCGTCTGGTTGCGCTTGTGACTGGCGAACGCGAGAAAGGGCTGACTGTGGCGCGTCAATATGGTTTGGAAGCAAGCGCGGTGTATTCTTACGCCGACTACGACCGTTTGCGCGATAATCCTGCCGTGGAGGTCATTTACATCGTGTTGCCGAACTCGATGCACGAGGAATACACCGTTCGCGGTGCGAAGGCGGGCAAGCACATCTTGTGCGAAAAGCCGATGGCGACCAGTTCCGCGTCGGCCAAGCGCATGATTCAAGCGTGTCAGGCAGCCAATCGTAAGTTGATGATCGCCTATCGCATCCAATATGAGCCGTATAATCGTGAGGCCCGTCGTATTATTCGTTCTGGGGCTCTTGGCAAAGCGAAGTTGATGGAAACCATCAACGGCCAAGCGCAGGGCGACCCTAACCAATGGCGCCAGAAGAAGGCGTTGGCAGGCGGCGGCTCACTACCGGACATTGGTTTATATTGCCTGAACACGACGCGCTTTTTATTGGGCGAAGAGCCGATTGAGATTA
AP024152.1_gap146	5391929	5393513	1584	GACGAGTCGGAAGCGCCCATCGGCGAATTGATGAACGCTCTCGACACCTTTATCCCAGAGCCACAGCGCGCCATCGACCAGCCCTTCTTGATGGCTGTCGAAGACGTGTTCACGATCTCTGGTCGTGGTACCGTTGCGACGGGTCGTATCGAGCGCGGTCAGATCAAAGTCGGCGAGCCCGTCGAAATCGTTGGTCTTCGCGACACGCAGACCACCGCTGTTACCGGTCTGGAAATGTTCCGCAAATCGCTGGACGTGGCCGTGGCCGGTTACAACTGCGGCGCTCTGGTTCGCGGTTTGAAGCGTGAAGACATCGAGCGCGGCCAGGTTTTGGTCAAGCCCGGTTCGATCACTCCTCACACCACGTTCGAGGCCGAGGTCTATATCCTCTCGAAAGAAGAGGGTGGCCGTCACACGCCGTTCTTTAAGAACTATCGCCCGCAGTTCTACTTCCGCACAACTGACGTTACCGGTTCGGTTACCGAACTCGCTGGCGGCGCGGAAATGGTTATGCCCGGTGACAACATCGGTATGACGGTTGAACTCGTTTCGACCGTTGCTATGGAAGATGGTCTTCGCTTCGCTATCCGCGAAGGTGGCCGCACCGTTGGTGCGGGTGTCGTTGCGAAAATCCTGAAATAAGTACGAAAATTCGGGCCGGTGGCCGCGACGCAAGCGTGGCTACCGGCCTTTTCGTGTCTCTGGAAGAGGAAGTTGAAATTTGTAGCTTCGGGCTGCAAGGTTGAACCCAAATGGAAAAAATTCGCATCAAGTTGCGGGCCTTCGATCACAAATTGCTCGATCAGACCGCAGCACAAATTGTATCCACGGCCCGGCGCACCGGAAGCCGCTTGAGCGGCCCCGTGCCGTTGCCGACGGAAAAAAGCATTTATTGTGTTATCCGCTCGCCCTTCGTTGACAAAGAGTCGATGGAACACTTCGAGATGAGAACGCACAAACGGCTCATCGACATCATCGAGCCCGATCCCCGCACCATCACCGAGTTGACCAACCTCAACTTGCCGAGCGGTGTGGATATTCAGATCAAGTTGTGAGTTAGGAGTGGTGAGTTTTGAGAACAAGCTCGCCACCACAAAAATCGAACGTCTACGCTGAGGTGTAGTTGATGGGAGTGAGTCTCAAAACTCATCACTCACAACTTAAAACTCAGCCTGACCTCTGGAAATTTAAATGGCTACTGTTAATGGATTGTTGGGCCGCAAAGTCGGCATGACCCAGGTGTTTACGGCGGAAGGCAAAGCCGTTCCTGTCACGGTTATCGAAGTTGGTCCTTGCTCCGTCGTGCAGCGCAAGACCGAAGAGAAAGATGGTTACGACGCCGTTCAATTGGGCTACGTCGAAAAGAAGGCTCCCCGCAAAGAAACCAAAATCAAGCGCGGCGAAGCTCACCATCGCGGAAAAAATGAAGCCTCCAAGCCGGTCGCGGGCCACTTCGCCAAAAATGGCGGCGCTACCCCGACCCGCTTCTTGAGCGAATTCCGTCTGGAAGCCGAAGGCGAAGAGCCCGTTGCGGGCTCGACGATTTCTGTCTCCGATGTTTTTGCCGTTGGCGATGACATCAAG
AP024152.1_gap147	5394973	5399625	4652	CAACGCGAAGCAGACCCTGGTTCACCAGGTCATGGTCGCGGAATTGGCGGGTAAGCGTCAAGGCACGGCGAAAGCCAAGCGCCGCGATGAGGTCAAGGGCTCAGGCGTCAAAATCCGTCGCCAGAAGGGTACCGGTCGCTCGCGTCAGGGCGACAAGCGCGTTCCCCACATGCGTGGTGGCGGCGTTGTTCACGGCCCGCGTCCCCGCGACTACTCGCAGAGCACGCCTCGCAAAATGCGTCAGGCCGCGTTCCGCACCGCGCTCAACTCGCGTTTGCAAAACGACCGCATCTACATTTTGGACTCTCTCTCGTTGGAGACGCCCAAGACTAAAGAAATGGTTCGGCTCCTCGCCGCGCTGAACCTGAGCGACGCCAAAGTGTTACTGTTGTCGGCAAATGGCGAAGAGAACATTGCTCTCTCCGCGCGCAACTTGCCCAAAGTCAAGGCGCAGTATGTCGGTACGACTTCGCTCGTAGACGTTCTGGGCGCTGATTACATCGTTTGCACGCGTGGCGCGTGGGCCGATATGACGCTTCGCGTCGAAGGCAAAGGCGCCGAAGATGCCAGCACTTCTGAAGAGGTGGCCCAATGAGCAAGCCGTTATACGAAATCCTTGAACGCCCCGTCATCACCGAAAAATCGGTGAAATTGTCGATGGCCGGTCAGTACACGTTCCGCTGCAAAAAGAGCGCGAACAAGCCGGAAATCCAGAAAGCCATCGAAGAAGCCTTTGACACCAAGGTCAAGACGATCAATACGCTGAACGTCAAGGGCAAAACTAAACAGGTCGGTCGTGCCCGCAAAGGCAAGACCGCTGATTATAAAAAAGCAATTGTCACGCTCGCCGAAGGCGCATCGGACAGCCGCTTAAAGGAAATTTTCGAGGGCGCTTAAGCGTAAGGAGATGTCCTCAATAGTCTTTAGTTGTTAGTTTCTAGTGGTTAGTTTTTGGGAGTCAGAGCGAACGCATATAGCCTCGCATCTCTATTTCTAAAACTAATCACTAACGACTAAAAACTAGCAACTGGCTATTCAAACCTTTCGACCATGCCAATTAAGAATTACAATCCGACTTCTCCGGCGCGTCGGTCGATGACGAAAGTTGTCAACCCCGACCTGTCGGACAAGCGACCGGAAAAATCGCTCACCGAGCCGCTCAAGAAGACGGCTGGCCGCAACAACCAGGGCCGTCTCACCGCCCGCAATAAAGGCGGCGGCCACAAGCGTCTCTATCGCATCGTGGACTTCAAGCGCCGCACCGACGGCGTTTCGGGTGAAGTGACTCACCTGGAATACGATCCGAACCGCTCCGCCAACATCGCTCTCATCCAGAACTCGGATGGCACCAAGCGTTACATCATTGCTCCCGCTGGCCTCAAGGTCGGCGATAAAGTGATGGATGGACCCACCGCCGAGATCCGCGTCGGGAACGCGCTTCCGCTTCAGAACATCCCCGTCGGCACGACGATCCACAACGTGGAATTGCAGCCCGGACGCGGCGCCCAGTTGGGCCGTTCTGCGGGAACCGCCATTACGCTTCAGGCCAAAGAAGGCAAATTCGCCCTCATCTTGCTGCCTTCGCGCGAAACCCGTCTGGTTCAGTTGTCCTGCCGCGCCACCATTGGCGCCGTTGGCAATGCCGAATGGGAGAACATCGTGTGGGGCAACGCTGGTCGTTCGCGCCATCGCGGTATCGCACCGCACACTCGCGGTAAGGCCATGAACCCCAACGACCACCCGCACGGTGGTGGCGAAGGCCGCGCTTCGGTAGGCCGTCGCAAATCTGGTCCGGTTTCGGCCACTGGTGTTAAAGCCATCGGCTTCAAGACCCGCAAAAGCAAAAAGCCGAGCGACAAAATGATCGTCTCGAAGAGGAAGAAATAGTTTGAAGTTTTTAGTCGTTAGTTTTTAGTGGTTAGTTGCTTCGGCACGCCACTCCAAAAACTAACCACTAACCACTAAGAACCAAAAACTACTATGGCACGTTCACTGAAAAAAGGTCCCTTCGTAGACCTTTCGTTGATGAAGAAAATCGAGGCGATGAACGGGAGCGGCGAGAAGCGGATTATCAAATCTTGGAGCCGTCGTTCGACGATCTTCCCCGAAATGATTGGACACACCATCGCCATTCACGATGGTCGCAAGCACGTTCCTGTTTTCGTTCAAGAAAACATGGTTGGCCACAAGTTGGGCGAATTCGTTCCGACCCGCACGTTCAAACGTCACGGCGGCGCTACCGAAAAGGTGAGGAAATAATGGCAAGAGCAATTCTTCGCGATCTGCGTATGACGCCGCTGAAAGTGCGCCGCGTCGCCAATCTGGTCAAAGGCAAGCCCGTATCGGTGGCGACCGACATTTTGTCGCTCGATACCCACAGCGCTTCGCCTATCCTGGCCAAAGTTATCAAGAGCGCGGCGGCCAACGCCGTGAACAACGAAGGCGCCGACGAGGACAAATTGGTTGTCAAGACGGTCATGATCGACAAAGGCAAAACGCTCAAGCGTTACCTTCCCCGTTCCCGTGGCCGCGCTGACCAACTCAAAAAGCGCATGAGCCACATCACTGTTGTTGTCGAGGAGGCGATCTAAGAGTTTTTAGTTGTTAGTCATTAGTTTTTAGAACGGCTGTGTCCTCACTAAAAACTAACCACTAAAAACTAAGAACTATCTATCATGGGACAAAAAATTCACCCTTACGGTCTGCGCCTTGGCATCATTAAACCGTGGCAGAGCCGTTGGTACTCGAAAGATCAGTACCGCGATTTCCTCATCGAGGATGAGAAAATCCGTCGTTTTATTCGGCGTTTCGTCAAAGCCAAACCCGTGCGTCCCGGTTCCCGCGAGCGCACCAACGATCCGGCTTTGTCGCGCATCGAAATCGAGCGTCAGGCCAACCGTTGTATCGTCAAGTTGCACACCGCCAAACCCGGTGTCATCATTGGGCAGCGCGGTCAAGACATCGAGCGTTTGCAAAAAGCTCTTGGCAAATTCACCAAGAAAGACGTGCGTGTCACGGTCGAAGAAATTCGCAACCCGAACATGGACGCCCAGTTGGTCGCCGAAAGCGTCGCCCAACAAATCGAACGCCGTATCGCGTTCCGCCGCGCCCTCCGTATGACGCTTCAGCGCGTCATCAAAGATGGCGCCCTCGGCTGCCGTATCGAAGCGGCGGGGCGTTTGGGCGGAGCCGAAATCGCGCGTCGCGAAATCGTTAACGAGGGCAAGGTCCCCCGTCACACCCTGCGCGCTGACATTGACTACGGTACTGCCGAAGCCTCGACCACCTATGGCAACATCGGTATCAAGTGCTGGGTTTACCGTGGAGAAATCCTTGACGGCATGGAAGCCCCCTCTTTGACGGCTCCTCGTTCACGTCGCGATGATCGCGGCGGCGACCGTGGTGGTCGCGATGGTGGACGTGGCGGCGACCGTGGCGGGCGTGGCGGCGGAGATCGCGGCGGCTACCAGGGTGGTGGCGGCGGTCGTGGACGTGGCGGTCAAGGCGGCGGTGGCGGGGGTTATCGCGGCGGCGGCGGTCAAGGCGGCGGCTACCAGGGAGGTGGCGGACGCTAGAAAGTTTTTAGTTTTTAGTGGTTAGTTTTTAGTTCGGGCATTCGTCTTCTAAAAACTAACCACTAATGACTAACCACTCAAAGGTCACACATCATGTTGATGCCTAAGAATGTGAAATATCGCCGCCAGCACCGTGGACGGCGTTCAGGCGTGGCGACGCGCGGTAACTATATCGCGTTCGGCGACTTCGCCATTCAAGCGACCGAAGCCGGTTGGATCACCTCACGCCAGATTGAAAGCGCGCGTCGTGCCATTCGTGGACACGTTAAGCGCGGCGGACAACTCTGGATTCGCGTGTTCCCCGACAAGCCAGTCACGCAAAAGCCCGCCGAAACCCGTATGGGTTCGGGCAAAGGCTCCGTTGAGTTCTGGGTGGCCGTTGTGAAACCAGGTCGCATCTTGTTCGAGATGTCGGGCGTTGCTCCCGATGTCGCCGAAGAAGCGATGCGCCGCGCCCGGATGAAGTTGCCGATGGCGACCAAATTCATCCAACGCGAAGCCGAAGTCATCTCACAGGCTGTCGCCGATAAACCGGTAGCGGCTCCTGTTGTTGAAGAGGACAACAGCATCGGCGAGGAAGTCCACGTCGAGGAGATTTAAATAATGGCCGATTTGAACCAGTACATCTCAAACGCCGACTCCAAGGTGAAGCTCTATGAGGTTCGCGAGCGTGTGAAACGCGCCGACGAAGCTGAACTGCGCGACATCTTAAAAGTTAGCGAGCGCGAACTGTTCGATCTTCGCACCCAAGCGATGCTCCAGCAGTTGCCCAACCCTATGCGTATCCGGCACGTCCGCAAACTTATTGCGCGCGTCCAGACCGAACTTTCCGCCCGTCAATCACAGGCGGCCTGAAGAAAAACCGCACCTGTTCCGGCGATTCATTTCGTCGGAACTCCAGCGGGGATGTAGTCCCTACAGGAATAGAAAATGGCAGAACAAACACTTGATAGAACAGCGCGCAAAGTCCGCGAGGGTCTGGTTGTGTCCGACAAAATGGACAAAACCGCCGTCGTCGCGGTCGAGCGCCTCAAGCGCCACCCGTTGTATGGCCGCGTTCAGCGCGTGACCAAACGG
AP024152.1_gap148	5519693	5522616	2923	AGTCACATCTCCGCGCGATGGCGTGTTAATCTGGCGAGAAGCAGGGCAGTGGCGACAAAATGGTGGGCGCGAAATCCGTTTCACCAACACCTTTCGCTGGACTCAAAGCGACGACAAAATAACTCTCGAACACCTGCGCTTTGGCGAAGCCCAACCCGTTTTTCTGTTTCAACTCGCGGCCATTCAGCCCCATGAATGGCGCGATGTCGAACCTCACCTCTGTCGCCAGGATAACTACTCCGCCGTGCTCCAAATCGAAGAGGAGGGTTTGAAATTGAGTTGGACCGTCTTTGGCCCTACTCGCGATGAAACCATCAACTACCGCTACCAGTGAGTTGAAAACTAACCGCGGAGACGCAGAGAAGAGGAGTTTTTAACAATAGATGAATAGAGCGACTCACTGATGAGCCGGAAGCGTGAGCGACGGGTAATCAGAGTTCTCCATACCCGTCGCTCACGCTTCCGGCTCGTTAGTTCTTTGGCACCTTCTTTTTCCCGTCCCCTCTTCCTCTTCTCCGCGACTCTGCGGTTAGTTTTTCTCTCTCAAAACCTTTCCAAACTCTTCCGTGCTTCTCATTCTCCTTTGTGTTCTCTGTGTTTAATTGCTCCCTATTCAGGTTTGGCAAGTGATGGTGCTGACTCAACGATGGGAGTTGGTGATGCAGGAGGAGCTTTGAGTTTTGTCACCGATGTATAGATGGTGTATCCGCCCATCACGACGGCGAAAATGCCAAAGCCAAGTTGAAGCGTCGGCCCCTTGAGTTGGTTGGCGTATTTGCCGCCAAACCAGGCGCCGATTGCCAGTAGGACCGCGATGATGGCTGCGGCTTGCCAGTCCACGTTACCTTTTTTGGCGTACTCGTACACCGCGCCAATTCCCAGGGGCGGAAGCAGGATGGCGAGCGATGTGCCGGTCGCTTTATGCTGAGAAAATCCCGCGAAGTACACGAGCGCGGGCACAATGACCAACCCGCCCCCGATGCCGAAAAAACCTGCCGCGATGCCAGCCACTAATCCCGTCAACAACATTTTGAGGTAAAACACGAACTGTTGTTGACGGGGCGGGGGATGCTGGGAGCCATGTCGTAAAAAATAGTGGTCCTTTACGGAAATTAGGCTTCTTGTTTTGCAACGAGTTCAAAGCAGAAATCATGAAACGTTCGATTCTTTTTATTGCGATGCTGTGTTCCGTTTTGGCGATGGGAACCCTCTCCTATGCCCAACCCGATCCCAACGATGCTCCCAAAGGTATCAATCCACCGATACAAATGCCTGGTGGTGGGGCTGACTGGCAGAAAATGACGCCCGCGCAACGACGTGAGACCATGCAACAAGTCACCGAGCAAACCCTGCGCGGCGCAATGACTTTCTTGGGCTACGATCCACCGACACAAACTATTATCATCGAAGCTGTTAAAGAGCGAGAAAAGACCCTCGCCGATGTGCGCGATAAAAACCGCATCGTTGCTCGGGGGCTTATGGCTCATCTGGACGATGCGAAGATGACCATTGCCCTCGATAACCTGCGTTTCGCTCAGGAGGACGACGCCGACGCCCGCGCCAAACAAATCGCCGACCTCGACAAGAAACTTGACTTCTCCCATAAACCGAGCCTCAAAGCCTTCCTTTCGCTGTCAGGCATCATCAGCGACGATTCGGCAGCGATGGGAGGAGTGCTGGGCAACCTGATGGGAGCCTTAACGAACATGGGGATGGACGATCCGCCCAAACCCGACATACCCGCAGCCAAACTCGCCGTGCCCGAAGTTGCCCCCGCCCCCGCACAGTAAGCCAAAGCAGCCGCGAAATCTCGCGGCGGCTTTGAATTCTAGAGGCCAGGAGGCCAGAAGAGCGCCCACTCCCTAACGAGCCGGAAGCGCCAGCGACAGGTACGGTTTTGCTACCCGTCGCTGACGCTTCCGGCTCAAGGGTGAGTCGTTCTTCTCCTCTCAAACTCTCTGCGTCTAAACCTTTCCGCTTTTGACCTCTCCCCATCCAAAAATCATCTGTGTTCATCTGTGCCACGTCTGTGTTCATCTGTGGATAAAAATACTCCCCCAAGCTCTCCGGGGAAAGCTCTCGCTCCTAAATAGAATCAGGATGTGGGGATGGCGAACAGGAAAGTGCTGCCGTACCCCATCGTACTTTGCACCCAGATACGGCCCCCATGAGCTTCGACCGCCATTTTGCAAAATGTGAGCCCCAGGCCGGTTGACATTTTGCGCCCCGACGTGCGCGATTCGACCTGCCCAAACTTCTCAAAAATGTGCGTGAAGGCTTCGGTGGGAATGCCCTCGCCTGTATCCTGGCAGGCAAAAACTATGGAATCGCGTCTTCCTGGGCGTGCCACGAAGCGCGTACTGAGGGTAATTGAGCCTCGCGCTGGCGTGAACTTGATGGCGTTGGAAAGCAGGTTGACCATGACGCGCACCAGCTTTTCGTCATCGGCTTGCAAGGGGAGGAGAGCGGTTTCGTTATCACAAATTAACTCCAATCCTTTCGCCAATGCCAGAGCCGTGACCTGGCGCAGAGCCCGTTGCGTTAAATCGGCAATTTCGACTCTCTTGGGCTCAATTTTCATTGAGCCGTTTTCCATTTTTGAGATGTCGAGCAGATCGTTAACCATGCCGAGCAGAATTTGTCCGCCCTCTATGGAGATATTCATCAACTCGCGTTGATCGGCGTTCAGTTCGCCCAGCATCTCCACGCTCTCCATACCCGTAAGAAACGACGTCAGCGGTGTGCGTAGGTCATGCACAATCATATCGGTGAGGTCGTTCTTCAAGCGATTGAGCGCTTCAACTTCGCGGCGCCGTGTAATGTCCTGAAAAACGCAGACTGCCCCCACGACATCGCCCAGATAATCTTTGACCGAAATCGCGCTGATTTCGACGGGAGTAATCTTTCCGCTGCTTCCTGTCAC
AP024152.1_gap149	5535674	5540667	4993	CGAACATGGTGGAAACCGAGTCGTTCTGGTGAATGCGGAGGATGGCCTCGGCACAGACCTTGGCGACACTGAGTTGGGTGATTTTGGGAATGCGACTTTCTGGTGCAATCGGGATGGTGTCGGTGACGATGAGTTGTTCGATTTGCGAATCTTGGATGCGGCGGATGGCGTCGCCCGATAAAACGCCATGTGTAGCACAACCATAGATTTTTGAGGCGCCCCGATTGGCGAGTTCCTGGGCTGCTGCCACGAAGGTGCCGCCGGAATCAATCATGTCGTCAATGAGGACGCAGACCTGTCCCTCAATTTGCCCGATGACCTCCACGACTTTGACTTTGCCCGGTTCGGGGCGGCGCTTGGCGACGATGGCGAGTTCGGAACTGAGTTTTTCTGCCAGGATGGTGGCTCGTTCGACGCCGCCCACGTCGGGCGAGACAACGGTGACGCCTTTACCATAGACGCCCATCGAGCGAAGGTGAGTCGCCAGTAGTGGTTGCCCCGGAAGATGATCGACGGGTATATCGAAAAAGCCCTGAATTTGTCCGGCGTGTAAGTCGATGACGAAGATGCGGTCGGCTCCTGAGTGCGAAATCATGTCGGCGACTAACTTGGCCGTAATGGGTTCGCGGGGACGCACTTTCTTATCCTGGCGAGCGTAACCAAAATAGGGCACTATGGGAACGATGCGTCGGGCTGATGCGCGCTTGAAGGCATCGCATAAGATGAGCAATTCCATCAAGGTATCGTTGACCGGAGCGCAGGTGGGCTGGATGATGAATACGTCGGCGCCACGGATGGATTCGTTGATGGCGCAGCGCGTTTCGCCGTCGGAGAAGCGCGTGATCATGATCTCGCCCAACGGCAGACCGAGGACATCCGCGACATCCTTCGCCAGTTTAGGATTGGCGTTGCCCGAGAAAATTTTAATCGTCGAACTATCGAGTTCGAGCGAACCACTTTTTACCTGTTCGGTGCGGAGTTCACCCGTATTTAAATGTGCTTGTGATTCGCTCATGAAGGTGTCGCCTCGTTTTCGGCTGCTAAACGCTCTTCCTCTTCGAGTTGGCTTTCAAGTTCGGCGAGTTCGGCGCGGGTGTTGATGCCCGTCATTTCGCGTTCGCTCACCAGAATCCCGACGACCTTTTCCCCGTCTTGACGAAGCAAGCCGATCACGTCGGTCAGATAGTATTCGCCGCTGGCGTTGTCGTTAGTCACGCGCGCCAATTGTTTCCACAAATCCTGAGAGCGAAAGACATAAGTTCCAGCGTTGACGGTTTGAACGGCGCGCTCTTCTTCTGATGCATCCTTCCATTCGACGATTTTTTCGACTTCGCCGCCCGGCGCCATGATGACGCGGCCATAGCGACCTGGTTCGTCCAGGCGACCGACGAGCATGGCTGCCGCTGCGTCGTCCTGTCGGCGGCGCTCGACCAGATCGAATAACGTTTCGCCCGTCAATAGCGGCGCATCGCCACAGGTGACCAGGATTTCGCCGTCGAAGTCTTCGAGCGCGGTTTTGGTTTGAGAAACCGCGTGACCAGTGCCGAGCATCTCGCCCTGATTGACAAATTCGACCGAAGGATGCGAACGCTTAACCTCGGTTTCGACCAGTTCGGCGCGATGACCGACAATGCAAATCAAACGGGTGGGACTCAGGGTAAGCGCGGCATCGAGAACGTGTGCCACGAGCGGACGACCGCGTAGCGGATGCAGCACTTTGGGCAGGTCGGATTCCATGCGCGTGCCCTTTCCGGCGGCTAACACCAAAACGGCAAGATTCATTATCGCCCAAGATTTTAACGCACCCAGCCCCTAAAACCGCTATTTTCCCAGGAGAATAAGCCTCATTTGAGTTCCAACAATTCGCGGGTTCACGTGAGAACGGCGACGTCGAAGCTCCGGGCGCTGTTCAGTTGGAAGGATTACAACTGTATCCGAAGTGGAGGTATGGATCCTTCGCAGGTTCAGGATGACGGCGTTGCAGCAGCCTCGCGTTCACTCGCAACTGCTTTCACTTGCGCTCACGCGGCTTTGATGAGAGAGTCTCACGCGGACACGGCTACTCTGGCGTTCGCCGGGTGCCCACCGCAAGCGGGTACCCGGTCCCTACGATCCGAATTTCTACCGTATGACTTTCGCTATGGGATGCACACACCGATTGCTGTGTGCGGACATGGGCCTTTTTCTGACAAATGTCACTAATCATCCTTGAACAAATCGCAAGTCCCGGCTTATTTTGCTCTTGACAATACGAATAGACTTTGTCAAATTCTATCTAGTTTTAATATGAATCAATCGAAGTTTGGAGTCGCTGCGATAGCTCTGGTTGTGCTTTCGGGCGCCACTTGGGGGGCGCCTCAGCGCGCGAAAGCTCCGCGCCGGTTGCTGCGGCCCGCCGAAATTATTTCCGTTCCGCGTACTTATCCGGCTATTCGGTGGAAGACCACGCTTGGACTCCCTGCTGATACGACCCTGGCGGTCGGCGACCTGGATTTGGATGGGCAAGTCGATCTGGTGGCGCCCGCTGTGGATGGGCCAGCGATACTTCGCCTCGATGGGCGCGGAGCGGTGGTGTGGCGTTTTCCACTTTCTCAGGAGGCGACGGCGGGGCCAGCTCTGGGGGATGTGGACGGCGATGGCACGCTCGATATTGTGGTGGCCGTGGAGAACGTGGTTTTGTGTCTCAACGCACGGGGAGCGCTCAAATGGCGCGTTGAAATTCCGGGTAAGCAGGACGATGGGGAAAATGTGAAAGTCGAAGCCTCTCCCACTATCGCCGACTTAGACGGCGATGGCCGGGCCGAAATTCTCGTTGGGGCCACCGATGGGAAGCTGCATTGTTTGAACTTTCAAGGGAAGGAGAGTTGGAGCGTGACCACGAAGTCGTGGATCGTGGGAGGTACTGCGGTCGCTGACATCAATGGTGATGGGCAGAAAGAGGTGATTTTTGGTTCGTATGATCGCAACCTCTATTGTGTCGGAGCCAATGGTCGCCTCAAATGGAAATATGGAGCAGATGTAGGTGACTGGGTTGGTTCTTCGCCCGTCATCGGCGATGTCGATGGAGATGGTGTAGTTGAGATTCTGTTTGTCTCGGATGATGGTATTTTGCGGTGTTTGACGCGCACCGGGACACTGAAGTGGAAGCACCGCGTCGCCAATCCCGAAACGCGCATGAGGCCGTATCTGGCGGTTGCTGACCTTGATGGCGATGGAACGCTAGAAACGCTTGTCCCAACTCCCGATGGACGTTTGCAGGTGTTTCTGAGCAACGGGCAACTGGCGTGGTCGTATGCCGGGGGAGAGAGCGTTTCGGCTCCTCTGATTGCAGATTTTGATGGCGACGGGTATCAGGACATTTTGCTGGCGGCCCAGGACGGAACTTTGCGCGGTTTGAGCGCCTGGGGGCAGGAGCGTTTTCGGTTGGATGTGGGCGAGGGCATCGAAAGCACGCCGGTTCTGGCCGATACCGACCGCGACGGCAAATGGAATTTGTATGTCGCCAACCTGATGAGCGAAGGCGATACCGGCTTTTTGAGTTGTTTCAAAATGACGACGAAGGGAGGGCGAGCCGCATGGACCACCCTCAAGGGCGACCCGTATCGGACGGGCTTCGTTCCCAATGCGGTCTCGTATGGGAAGACGGCGGCGCGCGGGGTGGATTTTGCCACGGCCTGGGCTCCTTACGGGCAGAGTGAGCGCCCAGTGACGGGCACGCTCGCGCCACGAAAATTGCGGGTTTCGCTGCTGCCTCTAGATGATGCGCGCGGCAACCGCGATGGTGCCCTCGACCCCGGCGAGACGGCGTGGATGCGTGTGAAGGTCGAAAATTTGGGCAAAGGGCCGAGTTTCGATGATTTGCTGACGCTGGATTTTGGGCTCTCGTTTTTGAAACTGGATCGCACAAGTGCCTATATCGGCTACCTCGCGCCGGGGGCGACCAAAACCGCGACGTTTCGGGTGACGGCCCCACCGCTTGAGGAAATCAAGCGGCAGACAATTTTTCGCGACATCAACGATGTGCAACTGAACAACCCCGATGAGCCAGACAGCACTTCGGGCGCACCAGCAAAAACGCGCCTTCGGGTGCGGCGACTGCGTGGGGGCAGACGGCAAGTGACGCGGGTTGCCATTGCACCCCGCCGTCCGACTTACGGGCCGCAGACTTTGCGGATGAGCGTTCTGGAATCGAGTGTTCCGGCGGCCCTCTCGAATGCGGTGGTGTTCAACGTGCCGCCATTGCCGCCGACGCTCAAGGTGGCGCGCGTTCAGATTATCGACGGGCAAGGTGCCAAAACCAGTGGCAATGGCAACGGGCGTCTGGATGCCGGAGAAACTGTGGTGCTGCGGGTTACGCTTCGCAATACCGATTTGACGACCGCTCAGAACGCATTGGCCATTCTGGGGAGTGGGACGAGTGATGTGCTTGTCGCGACCCAACAAGTGACGTTCAAAGATGTCGTGCCTTATGGCAGTCGCACGCTCGATTTTTCGCTGCGGGTCGCGCCGCGCCCCATCGCGAAGGCGGCGAAATTGAAGCTATCTACTTACGCGGTTACGCGCGGTGGCGACCGCTTGACGCGTGCCCAGACGCTGTCGTTTCCGCTCGGAGTTCGTTCTCTGGATACGACGCCACCACAAATTCTGTTCGATTCGCCACGAGCCGCCATTGCTTCGACGCGCGCCCAGACGTTTCGTATTTCCGGTCAATTGCGTGACTCTTCGCCCATTGCGTCGCTGATGTTCGAGCGCAAGAAAGCGCCTTTACTGCCCGCGAATCGCTTCGCGTTTGTACGCCCGCTCAAAGTGGGCGAGAACGTGTTCCCGATTTCGGCCTCTGATGCCTACGGCAACACCACGACACGCTTTATTCGAGTGGTTCGACAACCCTGAGTGAGTACGAAGAAATTTGCTGTCCAACCCTGATGAAAAAACTTATTTGCCTTTTTCTGCTGGCTGCGCCCGCCTACGCGCAGGAAACCCCACCTGCGCC
AP024152.1_gap150	5651572	5654741	3169	AAACAAAAGCGCCCCTTCGTAATCGGAATACGAAGGGGCGCTTTTGCTATTTTGTGGGTTAAGTTGCTGATGTCGGTTTCCTTGGGAAAAACGTCTTCAGGCCACTAATCTCCCAACACGATGGGCAACTCGTCCACTGAAATGACATAGGCCTGATTGGGAAAGACCTTTTGCATGAGTAGGTCGTGAACTTCAGGGGTACGATCCGCGCAGCCGTCCTCCAGCACATACAACCGATAGTCGTGGTCGGCGGCATCACGCACGGTGGAGAGAACTACCCCACTGGTCGTGACTCCCGCAAGAATCAGCGTGTCAATCTCCCGCTCCCGCAACTGTTGGGCTAGATCGGTAGTCGAGAATGCCCCCACGCGGGTCTTACGCACGATGAGGTCGCCCGATTCTGGAGCTACTGCCGGATGAATGGCAGAGTCGGGAGAATCGAGAGCGAGGCGACGGCTACCCGCCACCGCAGAAAACCCTTTGTTCGTCTTGGGGATGGCGTCATAATCGGCATCAGAAAAGGCTACCCAGACATAGCCGATATGTACCCCCCGGCTGCGGGCCAGAGTCATTGCCTCCGTCGTCCGCGAGAGCAATTCGCTGGAATCGGGCAGATTATTAAGAATGGCCGATTGATAATCCATCACCAATAACATCGTGTGGCGGGGATCTATAATTGGGACGTTTTCGTTCATGGGTTCTCCTTATGCGAGCGATTTGCCGCCTGAGACTCGGCGAAGCTTTCGAGCAATTCAATTGCCCCGGATAACATGGAATGTTTTTTGACATTCGTTATCACCGAAAACAAAACAGCCCGCTTCGTTATCGAAGCGGGCTGTTGTTAGCGCTAATTTTTAGCGGCGGGTGCGGAGGGCATCGCGGGCGCCTTGTGGGGTTTTGCCCTTGACGCCGACGACATTGTCGCCGACAGGCTCGAAGCCGCCGTTCATGTAGGGTTCGAGTTGCTTGCGGAGCGTCTGGCGGGCGCGGAAGAGGCGCGATTTAATCGCTTCGAGCGTCGAGTCGGTGACGCGGGCGATTTCTTCGTAAGTCAGGCCCTCGATGTCGCGTAGCACGATGACGATACGATAGTTTTCGGGAAGTTCCATCAGCGCTTCGCGCAGACGGTGGCGCACTTCGTCGCCTTCCAGCTTTTGCAGGGGCAGTGGGCGCTCATCGGCCACTTCGATGGGGCCGCGTGCATCGAAATCGTCATCCGGTCCCTGGTCCAGGGACCAACGTTCCATCCGATAGCGACGCTGCAAGCGCTTTTGCTGGTTGTGGCACAGATTCAGCGCGATGCGGTACAGCCAGGTGTACACCTGCGAATCGCCGCGAAATTCGTCCCATGCGTTGAAAGCGCGCACGAAGGTATCTTGCGTCAAGTCACACGCTTCTTCGTAGTCGCCGGTATAGCGATAGACCAGTTGAAAAACCTTGGCGTGGTAGCGCTGGACGATGGCCTCGAATTCGGCGTGTCCGGGTTTTTCTGCCTCGTTGGACGAGGTAGAGGGAGCAGATGACGACGCGAAGCGGTTAAAAAACATCAACTTTAGTCCTTAAAAAGGCCAACGCAGCGACACGATACAGCTTTCCAGAGGAGTAACTGAAAGTGACGCTATTTAACTATTCCCCACACGACCAAATTTTAAACCTTTTTTCAGCAACTTTTTCTTTAGAATGTCCAACTTTTTCCTAAGGTCAGGGTTTTGACCTGCCTTTCGTCCAGTTTGACACCCAGATAAAGGTCGCCTTTCAAGCGATAATCCACACGCAACTCAAAGGGCGAACGCCCCCCGGATGTTTGTGTGGGGCCCAGGCTACGCCGGTAGGTAATTAAAATTCGGTCGCCTAACGTTTTGGAAATTTCAAAAGCGAGCGGTTCGTTAAAACGATACTCGAACGACACGCTTGATAGTCCCAATGCCTGTGCGACTGAACGCTCGAACCCAGAGAAGAAAGGAGCGGAAACCAGTTGTAGCACGGCCTGAGCGTAGGCTTGATTGGCCTGTGCGACATTGACTCCTCCATTTTCGTCTGAGAAATCGCGAGGAGAGACACCGAGCAGTTGCGCGAACGCCTCATCCTTCGAGAGTGCCGGGTTAGACGACACGTCTATTTGTAAGTTCGAAATATTTTGTGAATCTTTGGCATCAAACTGAAGAGGCCCGCGCAAGCGCAATGTGATGGAATAACGCCCCGCCTGTCCGCGCGCCGTGGCGTCCACTTCCAGACGCGTGCGAGGCAGATCTGTTTCGGCGTCGCGTGTGATGTTGATGGAAACTCGCCCATCTTCGATACGGGCGCGCGCATTGGGAAAACGCACCTGTCCGTCCAACACTTCGACCGTTCCCAGTAGCAGTGGATTGGAAGGCGTCCCCGACAGCGCCAGATCACCGCCTAAGCGGGCGCGCAGTGTGGCGTTCGAGAGTTCCACATCACGCCCCAAACTCACGCGAATGTCCAGACGTGGCGCGTCAGGTAAGAAAGACAGTCGTGTCACCTGACCATCACCCGAACCACCTCCCACAATTTGTGCGCTTGAGACCACGATGTTGCCGCCCAATCGAATCGGCAAATCGGTATTTTCTGTGTCTCCCAACGATTGAACGTCACGAGGGGGCAGGGGTGAACGGGAACGCAGCGGCGAGACCAGCGCGCTTTCCTTCCACGCTCCGAACAAACGCGCCCCGTTCACCGGTTCGTAGGGGCGCAGCGAGGGCTTACCGGAGATGGTTTGTAACCGTGCTGCATCGGGCGCCCGGTTCGTGGCTTGCGCCTTGTCGAGAACCAGTTGCCCATCGACCACAGCACTACCGTATCCGCTTGCCTTCACGCCGAATTCTTTGAAAACGAGTTGCGGGCGCGCATCTTCAAACGCCGAATCGGGAGCGCGCCTGGCTGCGTCAGCATCCGCCAGATTGCTGGCAACGCTCGTCCACGCAACCGGAGTGGAGCGCGCCAACGAGGGAAAGCCCGACACGAAATCAGGTCGCAACCGCAATACGCCGCGCGTGAATAACTCGCCCGCCCCCAGTTTCTTCCCGGGGGCAGTGCCTCGCCCCGCCCCAATCCAGCGCACTGTCTGGGTATTGGAGGCATGGGTTGAGTCGGTGGTGACGAAACTGGCGGCGAAAACCGCGTCCTGCAAGCCACTGGTTCCCGGAGC
AP024152.1_gap151	5664747	5668005	3258	TGAGTTCGGTCAGGTTATCTTGAGGCATAGCAAGCGTTTTTCACTTTAGGCGAAAGCTGAAACGCTAAAGTATACACGGCAGATTCAGTGTCAGGGTTTCTGCTGCTTTTCCGAAAGTCGCGGGAAGCGCATGCGTTTTGCGAGCGTCTGTTGATGGCTTTTATGGCAAATCCCGATTCTAATCTACTCGCGCAACCTTCAGTGCGCGCTCTCATTTCGCAGGGCGCCCGCGATGGGCGCGTTTCTTTTGCCCAGATTAACGACTTACTCGTTGACCTCGAACTTGATGAAGACGATGTGGAGTTGCTGTATGACGCCCTTGAAAAGCGCGCCATCGCCATCGTTGACGAAGAATTTGTTCCCTCCGCTACTTTTCTGCCTAACGTTAATGTTGCCACGAAAATCGAGCCCAAAACCAAAAAGGTGGGCGCACACGATGACCTCGACGCCATCCTCGCTGACCTCGACCAGATCAAAGGCACCGATGACGATGTGGACTCGGTCGCACAATTCTTGGCTGAAAACGACGAGGAAACTTATGTGGGCGAAGACCTCGACGATTCACAGCGCCCCGTTGACGATGCTCTAAAAATCTATCTGACGCGCATGGGCCAGATTCCAAGGCTCGACGCCCATGAAGAGCGCGAACTCGCGCTCGAAGCGCGTTCCGGCGACCCGGAAACCGCGCGCGAAGCAAGGAACCGCCTGGTCGAGTCGAACCTGCGCCTGGTAGTTCACCTGGCGAAATCGGCGGCAACGCGCACCACGCTTTCGATCACCGATTTGCTGCAAGAAGGCAACCTCGGTTTGCTCGATGCGGTCGAGCGTTATCGGGGCGACTCGAACAAAACCTTCGGTGCCTATGCGACATGGTGGGTACGCCGCGCCATGAACCGTGCCATTCAGGACCATTCCCGCGTTTTGCGTCTAAGCGGTGAGCTCTATAACGCCATCCAGAAAATGCAAGTCGCGCAGCGCGAATTGACGCAGAAATTGGGTCATACTCCCTCACGCCAGGAAATCGCTCAGGCGACCGGGCTTTCCATCGAACAAATCGAGGAGGCACAGCGCGCGGCGGTTCGACCACTCTCGCTCGAAACTCCCGTTGGCGGCGATGAGGACTCGACCGAATTCGGCGAAACCCTCGAAGGCGGCGAAGAAGCCATCGAAACGCGCTCGGAGCGTCTGGCGGTCGCTAAAGAACTCACGGCCTTGCTGGAAAACCTGCCCGACCGTGATCGCGCCGTGCTGTCGATGCGCTTTGGTTTGGGCGACTATGAAACGCGCGGCCCCCAGGCCATAGATGACGTGGCCACTCACATGAATCTCTCGCGTGAGCGTGTCCACGACATCGAAGTCCGCGCGCTTCGCAAACTCCGCAAACGGGCGCGTAGTGCGGGATTAAGTGGCTCAGACGCGGACTTAGACGAATAAATTGGTATCGAAGGGGCGTAATGGCTTTGGCTCTGTGCCCCTTCTGCTCCAATCATTTTACAAAGCGATGATTTCCCTTCTCTCGTTTGTACAAACTGGACGGTTGGATGATGTTGAGCTAGGAACGAAACGTGACGAGGTCGAAAGGGCGTTTGGACCACCCAACGATTGGTTCGCGGGACATCAAGTTACGGAATCTCCTATCTGGAAATATGGCAACATCGAACTCCATTTCGATGCAGAGGATAGGGTATTCCTAATTTTCTGCGACAATTTCTATGTGCCCCCTGAAGCACCATTTGCTTTTGATGTGAGTGAACTCGGGGAGCAGACAGAGGCAGATGTCGAGTCCTGGCTCCAACGCAAGGAAATCCGGTTCGAGAAGGTGCCATACCTTTGGGTTGATGGTGTCACCGTGTTTCGTGTTCCCTCGGATGTCGAATTGAAGGTCTATGCCGACGACTCGGTTTCCACTGACGAGAGCAATATCGCGCGCCTCTGTTCCGTCTCGCGCATAGCCCGTTAAACTGCGTCCCCCAAACGCGCCCGTAGCTCAACGGTTGGAGCAGGGGACTCATAATCCCTTGGTTGGGGGTTCGATTCCCTCCGGGCGTAAATCGCAAAAAACTCCTCTTCATTTTGAAGAGGAGTTTTTTGTTTTCCATTCTCTGACCGATAGACCGACGAGTTCGCGAAAGCGGCGCGATAAATGGGCTTCGTCGCGCCAGCCCAGGCTGCGCGCAATCTGGGCCTGTGTCATGGTGCCGCTTCGCAGTAACGTTTGTGCGGCTTCGATACGCTTCAGGTCGCGGTATTTTTGCGGCGTCGTTTCCGTGTGTGCTTTCCACGCACGCCGAAATGATTCATAGCTCATCTGCGCTGCACGCGCCGCATCGTGCCCATCCAGAGGTTGATCTAAATTTGACTCTAGTACCGACCGTGCTCGCCCAAGCCACGCGGGTTCGACGTTAGGTGAGTCGCGCGGTGGAAAAACTTCATCCAGAATCGCCAACAGTTCGCGGAGTTGCTTTCCCTGTTCGCGTGCATTCGCCGGACGCGGCGCTTCACAGAGTGCGCGTAGACGCCCGAACACTGCTTGCCAGTTGGGAACCGAGCGCACGAGGCGAGAATCATCCAGCATTCCTTCGCGCCTCCATAAGTCGAATAAGGGTCCGTCGAAGCATAAATAAATTTCGTCCCACACGCCGCCGCGCGATTTTGTCGGTCGTGCCGCGTAAACGTGCGGCAGTTCGGGCAAAACCAGAATGGCGTCACCGGGATTAATGTCGCATTTCGTCCCGCGCGCGTCGGCATAATAACCGTGCCCCCGTACCATCAATACGAGTGCGAACTGACCGAAAACGCGCATCGGTTTCGCCGCGACGCCTCCGCTATTTTTTATAGTCCCGGCCAATGTCAGCCGACCCACCGGACGCGCCGCTTCATCAACGAAAAACGTTCGGCTTTCTTTGACCATTTCCTCGGACATGGCCGCGAGTTTGACCAAAAACGCCAACTTTTTGTGCATTCTCGCCCTGTTGGACCTCATCAAAAAATTTGATCCTGTTGAATGCCATGAACACGCTGCTCGAACCCCCGATCACTTTAACATCCAGCGGCGAAACGCTCGATGTATCGCCCGACCATTTCGGCGAACTGCTCGATTCGAGCGGCGCACTGGGCGATATGCCCGTTCTGCGCGCCCGCATGGAACGTGACGGCTATGTGTATTTGCCGGGAATGCTCGCGCGTGCTGAAGTGCTGGAAGCCCGTCTCGCCATTGCCACGAAACTATTTGAGGTTGGAAACCTACTTGCCGACTCC
AP024152.1_gap152	5765858	5769106	3248	TTTGCTTTTCCACTTCGCTCCAGCAGCGAGATTATAGGAGAAGAGTTGTATGGCGCCGCCTTCGGGTCCACTCTCCTGATCGAGATAGGAACCCGAGATAAAGCGATCTTCTAATATCCGCGTCTGGCCCCGTTCAAAACGCACCGAGCGGGTCCATAGAAAGTGATATTCGGTTTCCCACCGTCCGGGATCACCGTCCACGTAGCGACGTTGAGGGCGCACGGGACGCCCATCGACAAACGAATGAAATTCGCGCAAAAATCCGGCGTAGGGAAATGGCCCCGGCTCAACATTGCCGTCTTCGGGCATTCCTATGGCGACCGTCGTCGCGGGGCCATCGTTGCGAAACGCGTAGCGCGCCACAACACGGCGCGAAGGCAGTTCTACCCGTACCTCTTGCCACAACATTCTTACGGTCGAAGGTCGTGTGCCAACAGGACAGGGCGTGCCTCCCACACCCGTCATATAAACAGGGTTCGCCCTGGCCCGATTAGTTGCAAAACCAAGTAGGACGAATAAACCAAATCCGCAAACAGTGCGAAGACAGACGCGAGGATGATAAATCATGGCATTTCGATGGCTGCAATCGCGTGTGCCGCGAGTTGGCTTAGAGTTGTGTTTTTGGCCGGGGCATGGTCGCTTTGTGCGATAGTGCGTAATTCCGCTAATGCGGCGCGATCTTTATGGTCGGCGGCACAGGTGATGGCTTCTGCGCGCACAAGTGGGGAGGCATCTTTTAAAAAGGCGCGTGCTGCCGTGAGAGATTGTGCGTCGCCGAGGTCAGATAGCGTTTGTACGGCGTCGGCGCGCAGAGTTTCGTTTTTTGAGGCGCCCAATTTTTGCAATGCTGCCACGATGGGAGAACTCCCCTGCGCGCGCACGGTGGGCGTTCCCTGCCATAGTTCGCCTACGGCCAGCATTGCGCCTTCGGCCACCGTCCACTGCTTATCGGAAAATGCGGCCAGAAGTGGCATCAACGCGCGCGGGTCGTGGCTTTTGCCAAGCCACTCTGCCGCGTTGTAGCGCGTGTTTACATCGGGGGCCGATTTCAAATCCGCGACCTGGTGTTCAAACTCGCTCGCCGCTTTTGACGGTGCAGCGGCGTTCAAGCCCAGAAGTGGTTTGATGGACTGCCAGCCCTTGAGGTCCGCGAGTTCTGAGGGCGTTAGTTTGCGTTTGCCGCTCGTGGTGGCCACTAAAACCATCGTTTCCCACGTTTTACCGACTTCGGTGGGGGTGACCCCCGCTTTATCCCGCGCATTGGGATTGGCCCCCGCTTGCAAGAGAACTTTGGCGATAGCGAAATTCTGCCCGCCAATTGCCAGATGAAGGGGTGTTTCTCCCCCCTTGTTTCGAGAGTTGACTTGAGCATGGCCCGCAATCAGTACACGCGCAATGTCGGCACTGCCACTCGATGATATTGCTTGAGCATTGACCAGGGTCGCAAGATGTAGTGGTGTGTCACCATCCTTGTTGTGAGAATTGGCATCGGCGCCAGCCGCGAGCAACACGCGCGCGACAGGGGCATTGCCCAACAGAGCGGCAATGCATAAAGCGTCGTTCTGGTCCGCGTCTCGGTCATCGAGGCGGGCGCCACGCGCCAATAATAGGCGCGCCAACTCAGGGCCATGAACCGTCGCCGCGAAATGTAGCAGGGGAGAGCCCTGAAGATGCATTCGCGGTGACAGACCCCGGTCTAGCAAAGCGTGCATCGGCTTCAAGTTGCCCTTATTTGCCCGGTCGAGTGCGCGTTCAAGCGCCGCCGTTTTGGACGCCGCCTTCACCGGGGCGCCTTGGGCTACACCGCTCAGGGAGCAGCCCGTCGCGACAGCAAAAAACAAAAACGCAGTGCGGATCATGGCGAAAGAGAGGCATTGGCCAGAGGTTATTACTTAACGCTAAAGCGCGCCGTGCGAATGTACTTACCGTTCAGGTAAACGTCCACCTTGTAGCGGCCAAGCGGCCATGTATTGGAGTTCGACAGAGTAAAGTGTGCCAATACTAAGTTTTTAAGTGGGCCCACTTTATCTTCGTAGGCTTTGGTATTGGCTGGAATACCCGGGGAACTCTCGACGAACCACACGGTTCGCACGACGGCGCGAGAATCCAGTTTCGTCAGGCGCACCGCGCAATGAATTTTTTTGGCGCTTGGTTTGAAAGTCGTGGTAACGCCTATGGGAGTGCCGGGACCACTGGCGGCGGCATTGTAATCTGTCGAGAACACGACTGATTTCACTGCGGCGGGCGCGGCCTGTACCTGTGCGGCGCAGGCGAGAACAACAGAAGCGGCGCCTAGAGCGGCACCAAAACGAGATGAGATGGATAGCATGGTAATCAAGAAAATGGAAATTGTCAGGGAGTGCGCTTGAAATCCCAGTTGATGCCGAGCAGTTTCCAGGCACCATCTTCGGGAACGTAGCGCAATCGGAAGTTGGCGCGAATGGGTTTGGTCGGGTAGTAGCCATCGACACGCAAAACCTTTTCGTCGTCAATGTGGGGGGCGGGCGAAAGGACGGGTTGGGTGTTGCCCCAGTCGGGCAGGCTTAGTTCGCCCTTGGTGAGTTGGGCAAAAGCTTCCTTGAACTCGGTTTCGCTGGTTTGCTGTTGCCACATTTGCGAGGTCGAGTTATAGAACGTGCCAAGGTCTTTGGCGCGCACACCGTGGCGAAATGCAGAGGTTGTCTCCTGTGCCAGTTCCTGGGCGTTGGTTGGCACATGGTCGGGAGAAAACGACTCGCCATTCGTTGTGGACGCGGAAGAATTGCCCAAGGATGAGCCGGGGCTGAAACCTCCGATACGCCGAAAGGTGACGCCAGATAACTTCATGTCGCCGCCCGTATCTGAGGGCGCCTTATCAAGCGTCCATTCGCGTCCCATGCCAAAAAACGACGAGATTTTCAGCTTTTTGCCGGATTCGTCCACGGTGATGCCGCCGCCTTCAACTTTGAAATTACCGCCGTTGAAGTCACCTTGTCCATCGGAACGAATCGCCAGAGTGGTCCCGTCTTGTCCCGTCCACTTGCCAAAATAGCGTGCCGGAATACTGGAGCCAGAGACCTCGGTGGAAGATGAGTTGCCCGAGGATGCGGATGGACTCTTTGGGGACGGTGAATCGCCCAAGATAGCCCCCAAAACAATGAGTCCAACCAACGCGACAACGGGCAAACCACATCCAAAAAGCAACAACTTATTGGGGCCACGCCGAGGAGTGATTGGCGTCGGCGAAAAAGGCGGCCCCACAGACGAAG
AP024152.1_gap153	5770481	5772923	2442	CCCACTCCGAGGCAACGCGCAGATTATCTTCTTCCAGATGCAGCCATGCCATCAACCTTTCGCTTTCGTCCTTGAGCAACAGTGGCTCGATTCGCTGGACGTGCGATAAAAAATAACGCGCGTGTGCTTCCCCTAATTCCATGCGCTCACTCGGTACTAGCAGTTCGTTGGCAAATTCGCGTGTGGTTTCAAGCAGACGAAAGCGTATTGGCGCATCGCTGTCGGGAGCCGCATCCGCCACAATGAGCGAATGATCGCGGAGTGACGAAAGCGCGTTTAGCACACCTTTTTCACCACAGACCGCGCTCGCTGCGTCGGGTGTCCAGCCGCCCCGAAAGGTGCTGAGGCGTGCCCAGAAAGCGCGTAACTCGGGCGACAACAAGCGCACACTCCATTCGATGGCGTTATGGAGCGTCCGATGGCGGGGGGCGATGTCGGGACTCGGCGAATCGAGAGCGTCGCCTTCTTCCAGATGAGCCAGAATATGCGCGGGGGACAGTAAGCCCACGCGCGCCGCCGCCAGTTCGAGCGCGAGCGGCAAACCATCCAAGCGGCGACACAGCGCCCAAACCGCACGTCGGTTGCGCTCGTTGACTGCAAAATCAGGTCGTATCGCACGCGCCCGTTCACAAAATAGCTCGACTGCTGCCCAGGTTTCACCTTCGCGCGGTATGAGTTCGGTGGGCACCGCCAACGGCAAAACTGGCCACTCGCGCTCGCAACTCAAGCGTGTCACCCGACGTGACGATAGCACAATGCGAAGTTCAGGCGCCCCGTCGATTAATTCTTGCAGCCAGGGTAGGGCACTCGGAACGAGTTGCTCGAAATTGTCAAAAAAGAGAATGGCTGGGCCACGTTTCAAAACTGTAAGCGCGGTCAGAGTCGCGTCGGCTCCCGGCGTTACACCCAAAACGTCGCAGAGCGCGGGCGATAATAACTGCGGCTCAAAAAGGGCCGCACCGTCGAGCCACCAGAGCGATTGGACCGATTCTTTCTTCTCCAGTTGGCGGGCGAGTTCCAAGGCAAGGCGTGTTTTTCCTGAACCGCCCGGTCCTGACAAAGTAATGAGGCGCACATGGGGTTCAGCGAGCAAAAGTTGCAACCGTGCCAGTTCCTCTTCGCGCCCAAAAAAGCGATTCCAGGTAGTGGGCAAACGGTGAGGTGTCGCGCGCTCCTTCGTTCCGCTGGAGGACTCGCTAATTGGCGCACTCAGACGTTGCTCGATTTCATGCAACAACGCTCGCATCGACTTAGAAAGCGGCGAGTCCAGTCGCTCGCGTAAAAGTCGTTCGGCTTCGCGGCCCGCCCGAAGCGCCGCCGCCCCCTGTCCCCGCGCTGCCAATACCAAAATCAGGTCGCGGTGCGCTTCTTCGCGTGTGGCATCCACTTCGATGCCCCGCTTTGCCAGCCGCAACGCCTCGTCGAGCCGGTTCGCTTTGCGACACCCAATTACTGCCGCATGCAGCGCCGCGAAAAACTCATCTTCCAGAGCCAGGGCGGTAGACGCAATCCATTCATCATCGTAATCGGACAAAAAGGAGCTACCATATAGGTCTACTGCCTGTATCCAATGGTCAAGTCGCGCGTTTTCGTCGCTACTGCGCGCGGCGCTCAGGGCATCCCGAAACTCTCCGACATCGGTTTGAATGGTAGGCGCATCCAAACCGATGCGGTCGTTTTGGGTTTTGAAGGGCGAGGGGTTTTGAGTTCCAAAGGCGCTGCGAAGCGATGACAGGACTACGGAAAGGCGATTGCGACCCGCGTGAGGTTCACACCCCGACCACAACATCTCGATAAGGAACTCGCGTCCATACAGTTGTCCACGATGGAATGCTAGAAACGCGAGCAAGGCTCCCGCCTGACGCGAACGAAACCGAGTCACGACGGACGCATCACCGCATAAAGGTTGTACCTTCGGGCCTTCCCACAGTTCGATTCGCCACAAAGCCTTCATCGTGCCAACTTCCTTCGCGACCATTATAACGCCTATGAACTGGGTTAAGTTTCTGTTTACAAGAGCATAGACTACTTTGGTTCAGATATTGGCATCTTCCAAGGTTGTGTCTTCGGTTGCGGATGGCCCATCATGTCCGACTCTTTTTGGCTTCTTCCCTTCATTGCCAAGGAGAAGAAGTCCTGTCATTCCGCAAGGAGCGATCAGATTGGGTAGGATTTGTTGAACTCGGGACATGATGAGGTCTTGTCTTTTCGATGAGATAAATTTCGGGGGCATATATTGCGCTTGGGAAGAATGTATTCGGCGTTGTGACTAAAATGTGACTTCTGTGTGAGGGAGGCGTGAACTTGTTCTGGTAAAACTTGAAGGCAACCACCATGCTCAGTCCGCGATGGCGGTGCTTCCGAGGAACTACCTGTGCCACACCATATTCTTGTCATCGAAGATGACCGCGACATCGCCAATCTGGTGCAACTGCACTTGCG
AP024152.1_gap154	5775753	5779942	4189	ACGCAGTACATCGAAACGCTGCTCAAAGAGCCCACCCCACAAGCCGCAAACACCCAAACAGGAGAAACGAACATGACTAAAATCATCAAGACTGACGCACAGTGGAAGGCGCAGCTTTCACCGGCTGCTTATAACGTGCTACGCCAACAGGGAACGGAACGCCCCTTTTCGGGAGACCTAACTTCGCATGGGACGGGCACATACAAGTGCGCGGGCTGCGGGTTGGAACTCTTCGATGCAAGCACCAAGTTCGATTCGGGCACGGGCTGGCCGAGCTTTTATCAGGCCATTCCCGGCCACGTTGACGAACACACCGACAATTCCTATGGTATGAGCCGCACCGAAACGCTGTGTGCAAGATGCGGCGGGCATTTGGGGCACGTTTTTGACGACGGCCCGCAACCAACCGGCCTACGCTACTGTATGAACTCAGTGGCTTTGAAATTTGACAAGGACGAGAAATGAACGCTGGACATCAACTCGCTACTTTTGGGGCGGGGTGCTTCTGGGGTGTGGAGGCGGCCTTTCGCCAGTTGGCGGGTGTTACCAACGCTACCGTCGGCTACATTGGTGGGACGACCCGCAACCCGACTTACGAAGAGGTGTGTCAGGGCGACACCGGACACGCTGAAGCCGTTCAAGTCGAATACGATCCCACGGAGATTTCCTACGAACAGTTGCTGGACCTGTTTTGGAGCACTCATGATCCGACGCAACGCAACCGGCAAGATTGGGATTTGGGCGCGCAGTATCGCTCGGCCATCTTCTTTCACACGCCCGAACAAGAGCAAGCTGCACTTAAATCAAAAGCTACTCTGGAAGCCAGTGAGCATTTCAATCGGCCCATCGCGACGGAAATTACGCCCGCTCCGACATTCTACCGTGCTGAAGAATACCATCAGCAATACCTCGCCAAACACAGACCAACCTCCTGCCATCGGTGAAAAAATGGTTCAGAGTGCATTTTGCCCGTGACCAAAAAAGAATCTTTGCGTGAAAAATTGGTGACATGGGAGGGCTATATTTGAGGTGTCCGGTCGAAACACCACACCGGGATAAGGAAATACAGATACCATGACACGTCGCACATTCTCGAACGCTCTGCTGCTGGCCGGAGCTCTGTTGTTACCAGCGTTGACCCTTACGCCCGCTTCAGCCAAGCCCATGATGAAAAAGGGCGGCAAGATGATGATGGGCAAAAAGTCCATGATGATGATGTCCTCATCCGACAAAATGATGGAAAAGAAGATGATGGGGCATATGAGCATGAGCGACAAAAGCACTTATATGCATATGTCGATGAAAGAGAAAATGCTCACGATGAAGATGATGAAGATGGGCAAGATGTAATTGGCCCATCTTGAAAACGTCACAGGCGCGCGCTCGAAGAAAGAGCGCGCGCCTGTGGCGTTTTGGGCTTTGCTTATCTCGTGATAAAAAAGTGAATATTTCGTGAGCAAAGCGCCATACGCGCGTGAGAAATGCGTAAGGTGTGGGCGCTATATTGTGGCGTGCCCTTACTTTCCAGGAGAAAAAATGAAATTGCTACAGCACAGAAAAAGCCTGATTCTGGTCGCCGCCGCCGGAATTGCCGCCATCGGGTTAAGTGCGCGTTTCGCGCCCACACCGCCCACTGCACACGCCTCAGATCACATCGATTCGCCGACCTTGGCGCATGATCATGCCTCTGATATTGGCGATAACTGGGCGTTTCTCGACCCGAACGATAACTCGCGTGTCGTGCTGGTCATGTCTACCAATCCGTTTCTGATTTCGTCCGAAGCGATTGGTCAGTACATTTTCGATCACAACGTCCGCTACCGTTTCGAGATTGAAAATACGGGCGATGCCAAACCGGACACATTCGTGGATGTCACCTATTCCAAGGGCGTGGGCCGATTGCAGCCACAAACTGCTACGATTTCCCTCCCCAATGGGCGCAAATTCACTGCGTTGACTACCATCGGCACTCAGGATGATACACCTCCTGATTCCGTTATAACCGTTGACCGCGAAAGCGGGGTGCAGTTCTTCGCCGGGGCCGTGGATGATCCCTTCTTCCTCGATAATACTGCCGCCAATCGCTTTGTCCTCTCGGCATTAAAGAATCCCGGGCATCCCGACAAGGCTGTGTTTGAGCGTGGTCGCGACACCTACGCTGGCTTCAACACTCTCGTCACTGTCGTGAGTCTGCCCGCCGCAATGCTAAAAGGCAAAGGCAACGTCATCGGCATCAACGCCGTGACGCAACGCCAGAGTGGGCAGCGCGTGCAAAAAGATGGAACCGTTATGGGTTCGGGAGCATGGCTTACCCTGGACCGTGACGGAGGCCCGTTGGTCAATAACGGCCTGATTCCCGCCGCACGCAAGGACGAATACAACGCGGCCAGTACGATGGATGACGCCAAAGGTCGCTTCCGCGCTGACATCGTTAAGTCACTGAATGCGGTTGGCACCGATGCCGAACATCAGAAGATGTTCTTAAAAGTTGCGGTGGATGGAGGCGACATTTTGCGCCTCGATTTATCTGTGCCCAACCGGGGAACGGGTGGAGGTAACAACCCCGATGGTGGTTTCGGCAACATGGGCGGGCGGCGCTTGAGCGACGATATTGTGGATAAATCATTCACTTTGCTCAATAACGGGCAGCCCCTGGGCGACCATGTGGACGCCAACGAAGTGCCATTTCGCGACACCTTTCCCTTCGTTGCTTCGCCGATTCAGCCAAACCCCAAAGGCGTCAAAAACGAAGACGACCGCACGCGGCTTTAAGCCTTAATTCACTCCGGTATTTAAAACCTGAGTACGACCTTCAAATAGCGAACCCGTCGCACTCGCGACAGGTTCGCTATTTTTTCATCATTTTTCAACAAAAATGCCTATCCTCACTCTTTCAGCACCATCGAAGCCGCGCAATCTTCTGTCTGTCTTCGCTTTGATTCTGGTGTTGTTGGTGCTGGCACTTGGTGGCTTGTGGCGGCGCGGTGGGAGGTCTAATGCAGACGCCATCATGCTCCCACGCGCGCGGCCAATACCTTCTGATGCCAAAGCCGAAACGGGTGCGATTCGCTTTCTCCAGGCGCGGGTGCAAAGTGATCCCGACAATTTCATCGTGCAAAACCAGCTTTCCGGCTATTTTTTGCAACGGCTGCGAGAAACATCCGACCATCGCTTTCTGACACCCGCTCTGCACGCTGCACGGGCATCATTGCACGCGGTCAGCGAGCAGCAGAACACAGGAGGATTGAGTGCGCTGGCACGGGCTGAACTGGCCGGTCACGATTTCGCCGGGGCCGCTACTCACGCGCGGCGGCTCATGGCACTGGAACCAACTAAAAGCGGACCTCACTCCCTGCTGGGAGATGCCCTCCTGGAAATGGGTGATTACTCTGGCGCGGCACGAGAATTTGCGCGCGCTCAGACGCTGGGCGCCGATGGCGTGGAAATCGAAACCCGTCAGGCGCGTCTGGACGTTCTCTATGGTCGCACGGACAAGGCGCAGGAGCATTTCACTAGAGCCCTGGCTTTGGCCCTCGACTGGCCGGTACCACCGCGTGAAACCATTTCCTGGTGCTATTGGCAGATGGGGGAAACAGCCTTTTTAATGGGTGATTTAGATGGCGCCGAGCGTCACTACCGCGACGCGCTCACCGTGAATTCCGAAGACTTTCGCGCACAGGCCGGTCTGGGGCGCGTTCTCGCCGCGCGTGGTGATCTGAACGGAGCTATCAACCAGTTCAAGTCGGCCACGACATTCCTCTCATCTCTGGGCGACCTGTATCATCTGGCGGGTCGCGAACGCGAAGCGCGCGCCACTTACAAACTGGTCGAATTCAGCTTCTCGCCCGCCAAAGCGACGACGGCTTCAATGCGCCTGCATGCCCGTTTGCACTTGCGTGAACTCGCGCTCTTTTATGCCGATCACGATCTGCACGCTCCTGATGCGTATGATCTGGCCAAGCGCGATTATGTTTTGCGGCACGATATCTACGGCGCGGATGTGCTCGCATGGACTGCCTTCAAAGCGGGCCACCTGAGCGAGGCGCAAGTTGCCGCGCGCACCGCCCTGCGACTTGGCACACCGGACGCGCGCCTGTATTACCACGCAGGTCTTATTGAGCGCGCCCTTGGCAACCACGACACCGCAAAGAAATTTTTGCAGCAAGCTCTCGACCTTAACCCGCATTTC
AP024152.1_gap155	5784543	5787052	2509	AGCGACCCGCTGGCTTTTGGTGCTAATAATTCCGGCATCGGCGTAGGCGGCTCGACCCTGCATTACACCGCTTACACGCCGCGCGTTCAACCGGATGATTTGCGGCTTTACTCTGAGTTCGGCGTTGGTTGCGACTGGCCACTTGAGTTTCAAGAGCTAGAGCCGTATTACGACGAACTCGAAGCGTTTCTGGGAGTGTCTGGTCCATCGTCCTACCCCTGGGGGCCGCCGCGCAAAACCTCTTATCCATTGTCTCCCCTACCGCTCAATGGCGCCGCCCAATTGATGCAGCGTGGTTGCCACGCACTGGGTATTCGCACCAGTCCCGCTCCCAACGCGGCTCTTAGCGCTCCTTACTATCAGTCTGGTGTTGGCTGGCGAAGGGCCTGCACCAATCGGGGTTTCTGTCAGGCGGGTTGCTCGACGGGCGCCAAAGCTTCAATGGATGTCACCTTCGTGCCGCTCGCGCTTTCTCACGGCGCGCAAATTTGGCCCGGTTGTTTCGTCACCCGTATTGAAACGAAAAGCGGGCGCGTAACGGGCGTGATTTACACATGCGAAGGGCGCGAAGAGCGAGTCAAGTGCAAGAACCTCTTCCTGTGTGCCGGAGCCATCGAAACGCCGCGATTGCTGCTGCTGAACGAACTGGGCAATGCGAGCGGGCAGGTCGGACGCAACTTCATGGCGCACACTGGAATGCAATTATGGGGGCAGTTCGAGGAGGTCGTGCGCCCCTTCAAGGGCATCCCTGGATCGCTTATCTCTGAAGACATGCACAGGCCCAAAGATGCCGATTTCGCGGGCGGCTACCTGTTGCAATCCATCGGTGTGATGCCTGTTACCTACGCTTCACAGTTGGCGCGCGGGCAACGCGCACTTGGCGCCGCATTATGGGGAGATGAACTGCGCGAACATATGCGCGCTTACAATCACACGGCAGGCATCAACATCCTCGGCGAAGGTTTGCCTTCTGCGGGCAACTTTCTGGAAATGAGCGACGAGACCGATGCGCGCGGCCTTCCTAAACCCCGTATCCATTTTTCGGCGGGCGACAACGAACACCGATTGCACGCCCATGCGCGCAAAATGATGGGAGCCATCTTCGACGCGGCGGGCGTGGGCGCAGCGTGGACGTTTGAACGCTTCGCCCACACTCTTGGCACCTGTCGTATGGGCTATGATGCCGCGCAGAGCGTGGTGAACCCGCACGGGCGCTCGTTCGAGGTGCCCAATCTCTGGGTGTGCGACGGGTCGGTGTTTCCCTCCAGTCTGAGCGCTAATCCCGCGCTCACCATTATGGCGCTGTCTCTACGAACCGCCGACCACTTTCTGCAACAAAACGCAAGAGGAGAACTTTAAATGGCCAAACAATTTCTGGACATCGTGAAAAAAAAGCTCGGCGAGAGCGACTACTCCGGCGACGAACATGGCGGCGCGAGTGGGACTGACGGCTCCGGCCTGCCCGATTCTTATCCGGGCAATTTCCTTTTTGCCACAGGCATCGAGTGTTCCTATCCCACTATTGTGGCCGCCAATGGCAGACGCATTCGCCGCGACGAATTGGAAGAGTGCGGGCACTACAAGCACTGGAAACGTGACCTCGAACTGGTGCGTGAACTGGGTCTGAGAGTATTGCGCTACGGCCTTCCTTACTTTTCGGTTCAACAAGGCGCGGACAAATACGACTGGGAGTTTGCCGACGAGGTGATGAATGAGATGAAGCGGTTAGACATCACGCCCATCCTCGACCTTTGCCACTTCGGTGTGCCCGATTTCATTGGCGATTTTCAAAACCCCGAATTTCCCGTTCTCTTCGCCCGCTACGCCGAAGCCGTGGTCCGGCGTTATCCCTGGGTTCGCTACTACACGCCAGTGAACGAGATTTTCGTCACCGCTCGGTTTAGCGCCAAAGATGGGGTGTGGAACGAGCGCCTTAAAACGGACAAGGGCTTTGTTACAGCCATCAAACATTGTGTGGCCGCCTCGATTCTGGGCAATCATGCCATTGCGCGCCATCGGCCCGATTGCGTCATTGTGCAAAGCGAATCGGCGGAGTACATCCACGAGGCCAAAGCCTCGCCTTCTGATGAAATCAAGCTGCAAAACAAGTTGCGCTTTCTATCTCTTGACCTATTGTACGCTCACCCACCCGACGCTGATGTGTACATCTATATGATGGACAATGGATTGACAAGGGAAGAATACAACTGGTTCATGAAAGGCGAACCGCCCGGTTACCAGATCATGGGCAATGACTACTACGGACGTAACGAACACATCGTGCTTCCCGATGGAACACGGATCGAAGCACAGGATGTGTTCGGCTGGTATCAAATCACACGCGAATACTACGAGCGCTACAAAAAACCGGTGATGCACACCGAAACAAACGTTTTGGCTGAAGACGCACCCACGTGGCTATGGAAACAGTGGGTCAACGTCCTGCGAATGCGTCGAGATGGCGTCCCCGTTCTTGGTTTCACCTGGTACTCGCTGACTGACCAGATCG
AP024152.1_gap156	5820633	5822310	1677	GACGTGACCATCATCGCAAACGAAACGACCGGAATGATGAACAAACGCGCAATGGTGCGCTTGCGGATAACTTTGCCGCAGTAAACCCGTGTAAAAGCGAACATCCACACCGGTACATTGACCACGCCAAAATAGCGCACCACTTCTCCCAAATACTTGACGCCAAATGTGGAACTGCATCGCCCGATGACATCGCCCAGCATCCAGAAACACGCCCCATATGTTGCCAGAGCGAACAAGCGTCCCCCGCGCGTTAGCGGATTGAACCAGGCGTAAGTCGCCACCAAACTACACGCCACAATGCCAACCGTCAAAAACGGAACCAGCCGGGTATCGGAGATATTCATACGAACTCGGAGAACCTGTCGCCCACAACGCTCCTGAGTTTGACCTAGCGGGTCTCTGGTGCCGCGACGCATCACTGAGGGATTAGCCGCAAAACGTGCCTCTCGATAAAAACCGTCTCGGCGAAGCTATCCTCCACTTATTGCAGGCTGCTCCAGGGACTAATGGACACTTCATCCGTTGCTGGTTCGCGTGAGCGAAGGTTTTTGTGTTGCTCTCCCCAACGCACTTCGCTCGCCACAATCCCCAACACAAATAGCAATTTTGATAGAGTGACCAGTACGATGGCTAACGCTAAAAATGCCCTGACTGCGGCGAAAATGAGACCGGACATTTCCATGAGTTACTCCGGTAATTCAAGTTTGACTATGCCTTCTTCGATGACCACTTTGTAGGTCTCCACATCGTAATCGGCGACAGTCCTACATTCTCCGGTGCGGGTATCGAACTCCCAACAGTGCCAGGGACAGGCGACTGCGTAGCCATCGGTATAGCCGGAGGCGAGGTCGGCCCCGGCATGGGGGCACTCGTTGTCGATGGCGTGAACTTCGTCGCCGACGCGAAAAAGAGCGACCTGATAGGGGCCGTGACGAAATAAAAAGCCTTCGCGGTCGGGGAGGGCGGTGAGCGGCTTGACGGGGAAAAGCATGGCTACGATTCGTTAGTTTTAGTTGGGGAGAGGGCTTTTTGCCATATGTCCCTGTGCTTACACCAGGAACTCGCGCAGGGTCGATTCGAGTTCGGCGGGAACCAAGATGAGTAGCAAGTCTCCCGGCTCGAAGACGGTGCTGGCCGATGGGATGTGCCCCTCGTTATCGCGCAGGGTGGCGATGACGAGACACTGCGCCGGGAAGGTCAGGTCGCCGAGGCGGGCGCCGTTGAGCGGCGATTCCTCGTCCACGATGATTTCGATGACTTCAAGGCTCGATTTTTCGAGGGCACCGAGTAAAACGACCGGGGAGCGTCCCATTTTCTGGCCGAGCATATTCAGGACGGTTGCTGTGCCGGAAACGCGCTCGTGAATGCCGAGTTTCTCGAAGAGGGCTTCGTTGTCGGGATTGTTGACGCGCGCGATGACACGCGGGCGCGTGAAGCAGGTTTGCGCCATTTGCGCGATAACGAGGTTATCGGCGTCGTCACCGGTTGCGGCGAAGAGGATGTCGGCGCGTTGCACGCCCGCGTTTTTCAGGGTGAGAGGGTCGCAGCCATCGCCCATCATGACGACATCGCCCAGTTCCGAACTGAGGCGCGAGGCGTGACTCGGATGCTTTTCGAGCAAGCAGACTTCGTAGTCGCGGTTGATCAAAGAGCGGGACAGATAATATCCGATTT
AP024152.1_gap157	5824630	5829236	4606	CTTTTACCAGAGAGACGATGGCCGCGACGCCCGCCGATGCTGACACGGCGACGGTAAGAACATAATCGACCAGCAACGAGGCGCCCGCAATCTGGGCGGCGACTGGACCGAGATTATCGCCCGCAACAATATAGGCTCCCCCGCCAGAGGGGTAAGCCATGACAATTTGCCGGTAGGAGATGACTACAATGGCCAGCAACACGATGATGGCGAGCGAGAGGGCGGGCGTGTTGAAGAAGAGCGAAGCCCCGCCCAGGAGCAGGGCGGCCATGATTTCTTCCGAGGCGTAAGCGGTGGAAGAAAGAGCGTCTGACGCAAAAATGGGTAGCGCGAGAACTTTGGGGAGACGTTGGTGCCCCGCATGTTCGGTTGCCACCGGAGAGCCGATGACGATGCGCCTGAGAGAAAAGGCCATGATGGAGCGCCGCAACGTTGCGGCGCAAAGCGCGACGGATGCGAAACCAAAGCCAAAACTATGTTCGCTAGAGCGCCAAGCGCTTTGTGTTATTTTGCACTTTTGGCGCCTACGCGTCTACTAACGTTTCCACAATGAAAATTCAAAGCGAAACACTATGTATCACTGCGAATTAGAGGATTTTCTGGCATGGAACCAGGATTTTCAACGGGGTATGACCCGCTTAGACCCTGTCATTCTTGACGCCGCGCACCTTTGGGAAAGCCCATGCTGTCAAAACTGACAAGGGCCGAGAATTTCGCGCCCACTTTAATCCAATGAACCGTTCCATTTTTGCTGCGGGCGCTGCGCTCGCCCTCGCCGCTGCCGCGACACCACGCGCGGCTCATGCCCAGTCCACTGGTCTGGTGCCCGTGCGCCTCAAAGTTGGTGCCTTGTTGCCGACACAAAGCGCCGCCAAAGATTTGGCTGGCTCGATTGTTCCCGCTGCCGAAGTGGACGTGCGTATTCCTTCATTTTTGGGTGGTTCCTATGCCACGATTGGGTATCAGGAGCGTGGACGCAATGGCGGCAAACTCCGCACGGTTCCCATCACCATCTCGCGCACCTTTTCGCCGCCCAACCCTGCTGGTGCCGTAACGGGCAACGTGTATTTTGGTGTCGGTGCCGGTGCATACTTGCTGAACGGACGAAGTTCAGTGGGCAACTCGCAGTCGCGCGCGACGCTGGGAGGCTTTGCCCAGATCGGCTATCAGACGCCCTCAAAGTTTTTCGTGGAGGCCAAATATCAGGTCACGGCACAGAAAGCGGCGGGTCTTTCGCCCAATGGTGTGCTGCTATTTGTCGGTACTACTTTCTAAGTGAGATCTCGAAGAGAGTGGCGCGCGTTGCGAGTGCATCGCGCGCTTTTTTGGGCTAAAATTGCCTCTGTCTCAGAATCTTCCCATGAAATCGCTTCATATTGTGTTGAGCGGCGTTCTCGTTGCGCTTCCCCTTGGTGTATTGATCGGTGGTTGTAGTGGTGGCTCGAATGGTCCCACGACTCCGACTGCAACGCCCATCTCTACCTCGACTCCGACACCCACGACTAATGCGACAACGACCCCCTTGCCCATTCAAACTGTCGCGCCAATTCAGTTCGCTTTATCTGATGGACGAGTGGTTACGGTTCGCTTGCAAACGCAGGGGCGACGCGCTTTTGGTGTGGTCGAAACGCCACAGGCGACGACTGCGGCGGCTCGTCAGACCAGAGCGGCTTTGCCTTCCATCCCCCTGAAGTGGGACGGGGGAAATTACGCGGTAGATGGCTCTTTCACGCCACCACTTTCCATTAACCTGACAGGCGAAATTCGCCAGAACGGTGTGACCGTGTCATTCGTGTTCCGGGGGACATTGCCGACAGAAACCACTCCGGGCACCTTTTCGCTTACGGCGGGCGGACAAACTGTTACCGTTACAATTCCTGCCCTCGGTAGCCCGACCTCAACGAGTACGCCTGCGCCGACTGCCACGCCCGTCGCGACGGCTACACCCGTGGCGCAAGGCATCGTGTTCAAGGGCACAGTGACGAGCGATGGGCGCAACTCTGGCATTTCTACGATTGCGGCTAAGGGCAACTCGAAAGTGCAGCGGATCGGGAATTCGGACGTTATCACCGGGCAATACACCTTCAAAGTGGGGAACGAGACAGCCCTGTTGCAAACCTTCGGCACCTTTTCACACCTCGAAAACCGCGCTTACCCGCCAGCGAGTAGTGGACCTTCCTACAATATCGTGCTGACGCAATCAAATCGGCGGTTTGTTTCTTATCCCGGAGATGGTACCATCACTTACCTCGGTACACAGAACGGCGTGCTGTCGTTCAGCCTGAACCATATCGCTTTCACCGAGAGTGGTAAGAGTGCCAGCGATGGCTTCCTGATTATAAACGGAACGGGAACTTTAACGGACGCGCGTTAGGAAAATGCTCCTTCTGGTCCCAACAAAAGTGTCTTATCCTTGCGAGTAGGTATGAGTTTGATTTCAAATTTCGGCTCGTGAAACATTCTATTCCTCTATTGGGCGGCGTCCTGCTTGTTGTTCTTCCTCTGGTGGGGGTGATAACTGGTTGTTCTGGTGGAAGTGGGGGAATCGTTATTCCAACAGCCAGTCCGACTTTACCCGCTACACCTACACCAACGGCAACATCGGTTGCGATGAACCTTGGCTTGGCTCCTGTGGCATTTGGCAATGGGCAAACCGGAACACTCAATTTGATACGTACCGGGAATAACGTGTCGGGTACGCTCGTTGTTGATCAGGTTCAGCCACAAGATAAGGCCCGTTCAACCAAAGCTTTCCTGTTTCTGCTTGCTGCGGGAACATATCAGATCAGTGGTACTGTTAATGCATTGGCTAGACCGGTTACTTTTAGCCTGACTGGTAAATTCCCCTCGCCCATTGGAGCATTTTCGGTTACCGGCACCGTGCCGACGACAACTTCTACTGGGTCGTACACGATTTCGGCGGTCGGACAAACGGTATCGGGCGTATATCCCAAAATTGGTGGGATGATTCCGACCCCGGTCCCAACAGCCACAACTTCGCCTCTGGGGGGCATATTCAATTTAGCGTTGACCCAGTCCAACACCTCCAATTTCGGTCTAAGTTCCTTTCAGCCTACGTCCATTGTTGGAAGGCGCTCGGCCTCCGGTCTCATCAGTGTTGGCGCCAAATACAGCGCCAGCATCACGACACAGTCCAGAAGTTTTGTACTCGTCATTACCCCCGGTGCTGCCCTCAAAGTCGGCGACCAACTCACGTTGGGGCCAACGGGCTTGTCGAGGGCTTCTATTACTGTCGGCGGGTTTACAACGAGTAATAAGGTGACTTCGTGGAACACTACGGGCGGTATTCTCGAAATTACGGCCATTTCCGACACCTCCATTTCGGGTAAGTTGACCAACGCGACGTTGCAGCCGTCCCTTGCGTCGGCGGCCAAGGGAACGCTGACTTTTGACGGCACGCTTCAGGCAGATCTGTCGCCCGTGTAGGCGTAACTTTTTTTAGGGATTCCGCATTCAAAATACGGAGGCTTTCTGAACACGAACGCCCGTAAGGAAATGGTTCAGGGAAGTCGTGCCCCAATTCCTTACAAGTCACGATACACCTGAAATACGTTTCTGGGCACTAGATTAGCCGCGTTCTCCGTCTAAACTTTCTGTAATGCTGCTTAAACCTGGCGAATCGCTTCAAGGGCGAGACGCCTCCTATGAAATTGTCGAGATTCTTGGTCAGGGCTCTTATGGGACGGTCTTTCGGGCGCGCGACCAAAATGCGAATTTCGTCGTTATCAAACAGTTTTTCGACACCGGTTCGGCGTCCAAAGAAGATTTCGCTTACCAACGTAAGCTGTTCTGGCGCGAAGCCGAAATCCTGTCGCAAATCAATAACCCCAAAATTGTGCGGTTCATCGAACGCATTCCCGATGAAACAACTCTGCCCGCCGAAGGCGATTTGTTTTTGGTGATGGAGTTAGTGCAGGGCCAAACCCTGCGAAAAGTGTTCGACGATTGGCGCATCAGTCATAACAACCAGCCCTTTCCCGCAGAGAACGTGGTGGCCGTGGGTATGGAATTGTGTGAGTCGCTTGGGTATCTGCACTCATTGCCCGGTCAGATCATTTATCGCGATTTGAAGCCCGACAACGTGATGTGGGATAGCGTGGGACAAAAGTGCAAGCTGATTGATTTTGGCACCGCGCGTTTCTCCGATCAATCGAAACGCGCGACGCAGGGGTTGGGTACCGAAGGCTACGCGCCACCCGAATTGTATTCTTCGCGCGCTGAACTGGGGTTCTACACCGATACCTACACCATCGGCGCGTTGTTGTACGAGTTGCTGACGGGAGACACGCCCGACCCAAAAGTGACGCCGTCGCACTTTCGCGGTTATGATGCCACGATTCCCAGTGGCTTACAGGCGGTGATCATCAAGTCGTTGCAACTGGACCCGGTGAACCGCTACCCAACAGCGGGGGCGATGCATGAAGGGTTGGAAATACTGCATCTGGCACTTGAAGAACCCGCACTCGAAAGCGTGGGGGCACCGCGTGCCACGAATTTGCACCCACTGCTCAGTTGCTTTTGTCCGAACTGTGGCTCAGTGCCGCGCACCGATAAGGCGATTTACTGTGGAAAATGCCGAGGGTTA
AP024152.1_gap158	5862431	5866385	3954	GTTCTCCTCTTCACCGAAAATGACGTGCAAACCAACGAGGGGATGGAGATGCACCTGAATATCTGGGCGACCAACCCCACGCCCGCCCCAACAAGCGCACCGGGCACGAACTATCTAATGGACGTGGACTGGTGCCGCGTTTCGGATGTGCTGGTGAGCGCCCTTCGTAAGCCAAAAACTGTGCCATCGAACGGGCGCAGTTAGTAGGCCGGGATATTGTGATGAACGCTCAATCCCTGGATTATGTCAATCACAACTTCATGTTACGCAGTGGCATTTGGTAGGCGCCCCTGGGGAGTTGGCGAGAACTTCCGATTGTTACAATGTCCCCTGCCAAATCCCACCGCGTAACATGAATGAGGGGTATAAAAAGAGAGGGGAAGAGGCTGTAACCGTTGGAGAAAATGGGGGGCATGTCTGTGTTCGCGTAAGAGCTACGCTTGATAGGTGAGGCGGCTTAGGAGCCGGGGGCGCTGGACTTTGGCCTGGCCGATGGGGGCGCTGATTTGGCCGATGCCGAGGAATCCAACACCGAGAACGGGACGCCATAGTTGAGCACGTTTCCGAAGACGTCCGCCGCAGTGATATCCAGTTCGTAGCTGTAGCCAGAGTCTAATTGGGGCAAATCGATGTCGAAGTTCACAGAGGGATCTCTGTTGCCCTCAACATGAAGGCTAGGCGCGGTGCCGAGCGCCAATAACCATTTGCCTGAGTTCCAATCGTAGTACTCCGATGTGTCATCATTTGAGCGATAGAACTGGAAGTCCGCCACGTCTACACCTGTGTTGTCCACGAGCGTCCCCGTGAACTTTTTGGGGGCTGTATCTGGGGTGTAGATCAGCTGGATATTAACGTTTTGCACTGAAGGCGCAGCGTGATCGGTGAGCGGGAAAGTCGTCACGACGTATCCGTTGGGACTGTACGGATCATACGAACTCTTATGAGCGAGAAGAGGAAGAACAACGTCATCCTGTTGAGGAGCGACCTCGCCGGTTTGCGAATCGACAGCGCGCACCGAGTACGCGCCAGGGGGCAGATTGGAAATCTTCCACCATCCCTGCTCATTCGAGCGCGCAAAAGGCACCGGACTGTCGTTGAGATATATGTCGATGTTGGCCCTAGGCTGACTCTGATAACGGGGCAAGGTTTGTAAGACCCGGCCCGCGATGAAGTACAGGCTGGAGGAAGGCGTTTGCGTCGCAAAGTTCGCTGTGGCGGTTACAGGCTCCGCGTTTTTATCGGTCGGCAGAGTGATTTTGATAGATGTACCAAAGGCACTAATCCCCGAAATGGCGCGCACCGTATGTGTGCCACCCTTGACCCCATAAATGGTATAGCGCCCTCTGGAGTCGGTGACAGCGTCCGGTGTACCAGAGGTCTTATCCAGGTAGATGGAGATACCCGCGACTGCGATGGGACGAGAAGAGTTGGCTTGTGTCGTGGTCGCCACACCGCTAATTTTATGTACGGCATTGTCGAGCAAAGTCCCCAGATTCACACGTAATCCGTCTTTCGCATAAGGCCGCAGTTGCTCGACGCGCGTGGCTGAAGCCAGCAGACGTTGTTTAATCTGCGGCGCTGTGAGCGAGGGGGTGCGGGCACAGAGTAATCCGATGGCTCCCACTATCACGGGAGTCGCGATGGAAGTTCCATCACCATTATCATGGATGCTCGTATCGGAAGAAATACCAGCAAACGTCAGGTTGGCGGGCGCGAAAATATCAACCGATTTGACGCCGTAGTTGGAGTAAGACCGCTTGTTGTCGGAATAGTCGCTGGCTCCCACAGAAATGATGTTGGGGGCATCAACAGTGGCAGGGAAGAACGCAGACTCGTCAATGTTTGTATTGGCATTCCCTGCTGCACAAACCATCAGTGCTCCAGCCCGACTGACGGCTTTAAAACTATCGATAAGAGGTCTGGTCAGATCGCTCAGAGGAGCTCCAAAGGAACAGTTAACTGCGCGTAATTTCACGCCCTTCTTACGCAAAGCTACGATGTAATCCAGATCTTCAAGGAACGCCTCGGTCGTGGTCGCTACCCCATCACTCGTAAAACGGATGGGAATGATTTTGATGCGCCAGTTGATGCCAGTCATCAGCTTGCCGTTGTTGCCGGAAGCGCCGATGACGCTCGCGCACGCCGTTCCATGCCCAGCTTGGTCAGAGACGTTACCGTTCGATTCCAGGCCGTTCCAGCCATGCACATCGTCCACAAAGCCGTTTTTGTCGTCGTCTATTCCGTTGCCGGGGATCTCGTTGGGATTGGTCCAGATGTTGTTTTTGAGATCCTGGTGGTCAATGAACACGCCTGTGTCCAAAACCGCTACGATGACATCGTTGGAGCCTGTGGTCGTTTTCCAGGCCTGGGGAGCAGATATTTTTTGCAGCGCCCATTGCTTGGGATAGTAGGGGTCGTTGGGTACAGGGCCGCTGACCAGAGCGCGGCTCTGGCGCGTGGGAGCTGTGCTATCACTGGAAGTGCGCGGATCTGGCGCCAACTTCCAGCGATAGTTCGGTTCGACACTCATCACCTTGGCGTTGGTTTCAAGGGCTTTGAGCGCAGAGGTCGTTTTGGTCTGCGGCACTTGAACTGATACCCATCCGGTCGAGTAGGTGTGCTTCACCACGCCACCGACCTGGGCCAAAATACGGCGTTTTTCTTGAGCGGAGACGCTGTCATCGAAGCGGAGGATGAGTTTGCCCGCCACCTGGCCGGTGGTTCCGCGCGGAGCGCGAGTCGGGTCGGCGTGTACCTGTGAGAGAGGCACAGCCACAGTACCCAGCAATGCGAGGCCAGAAAGTGACCACCGCCAGACAGGAGATGAAAAGGGTTTCATAAGACGCGAGAGAACCCTCGCACCTTATGTAGATGGAGAAACTTTCCCCATCTTATATCCAACAGCCAAAATTGGAAATTTTTAAGTTTGGTAACGATGTAGGTGGCAGCCTGATCGCGCGTGACCACACACGCCAGAATTAGTGCGCCCACAAACGCCGGGAGTTGGAGAGAAGACAGGAACGTTATGGCAAGCTAAAAACCCGAAAGATAAAGATCTCATGTTGCGCGGTGGGTTTGTGGTCTGTGGGGGATGGTGCAAGGCAAAAACAGATTTCTTACGTTTAATGGTCGCATGATGTCCACAGGTTCGGGGGATAGTTGAACGCAATTGGCATCAAGCTGATTAGAGGAGTTGGCAACGGCCTGATATGGAGTAGCTATTTGAATCTATCACCCACAAAGTTCCACTCTGTTCCTTGGAATTCGGACAGTTCAATTGCACTTGAACAGCTTCGTTAATAGGGATTATCGCCTTCCATGTTTCGTCATTATTGGATAGAGTGCAGCGAAATTCGGTCGCTTTGAACTCGGTGAGAAAGAGATTCAGTTCATGCTCGATCAATTCGCCTTTGCTGGGAACACTCATGAAAACGCAGTCGCGAGGGTTGGCGCCCTCTTCCCGTGATTCTTTGCCCGCCAACAGAAGAAACCCAATGAGTTCGCCTTCGAGCGTTTGGAGTGAAAAACCGGCCATGTGTTCCAGTGAGTCTTGCCGAATTTTAGTCGTTTCAGACTGGTGGGAAAGTTATTTTAATCCGATGAATTAAAGGCAACGCCCATGCGGTCCGACTTTTAAACTCGCCTACTAATCATGCAACGCTTGCGGATAGGCGTCATTGGGACGGGGAGTGCGGTGGAATGGGCAATTTTGCCGTGTTTGAATGGTCCTGATGCACTCGCTGCTCCCGATTCGGGCGCGTGGTGGGCTCGCCGACCCGCGCCATCGGGCGATATCCGCTACAATCCGCCTGCGTTGCCCGAAGTCGTTGCTTTGTGCGATGGCGACGAGCCCGCCCCGACGCGCGGCTCATCCTCTTCCAAAGTCTCGCCACGCCTGGAAGCCCTGGCGCGCGCTGCGCGCGGTGCGGGACTTTACCCCGACGCGCGTACCAT
AP024152.1_gap159	5883488	5885765	2277	CTACATTTGGGGCACGCCGTTGGTGAAGTAGGGATGGAAGCATTCATAATAATACTGTGACACAACTGACCGTGTCGAGAAACGAGAAATTAAGAAGCAAGATTTAGCGTGCGGGTTCCAAAATAGCTGTCATCGAGCCCTGCGACGTGTCCATGCGCCAGTCGGGACCATAGTCGTGGACTTTCTTTTGATAGGCTTCGGCCCGTTCGAGCGCTCCCGTCCAGAGTGTGACCCGCTTTTTCATGTCCACCTCAATGGCGAATCCATAGGCCTGCAGAACATCATATCCGAACACGTCCCCCAGCATTTCAATGACATAGTCGTAGGTGTGATGGTCGTCATCCAGCAAAACCACATTCCAATCGGAATCGAGATCCAGATCTTGCTCTTCAATTTCCTCCACAGAGGGAAGCGTGACGGTCTGCGTTTCGGAAACTAAAATCATGGCGTGGTTTCCCTTGCAAATAGTGTCCCCCCAAACGCACACCGCGTTTCGCTCTCTTTCTCATTTCTTTGTCTGGTTGTTTGGCAATGTCAAAGCCAGATGGCGCGGCTTTCTCCTGCGCTTCGCCCCACTCTGGTTGCCGCTCATTTTGATTTGGGCGTTGCCTATGTCGCGTGAAATCGCCATTTCCAATGGTCTGGGGGCCATATTTAATTTTGTTGGTATTCGCTTCTTTCGTCCCACAAATGATTTACCTTTCCAACATGCCCAGGATGAACCCAGCAATTTAGGCGCTCAGTTGAATGCCGTTCCCTTCTCCTATCTAGCGAATCAATCTCCCTATTACGAGGCTGAAGAAACGCCTCATGCGCGTGAAGAATGGTTGCAGGGAATTGACAGGCATTTTCACGAGCCGTGGTTGCCAGCCTATCTGCTTCGCTGCCGTATGGATGCAACATCCTACGCTGCTGCGGGATATTCCTACTCTGCCTTATCCATACCCATATCCCCCGACATGTATCAACAGCGTTTGCAAAAGGGGCTGCCTACTCTGCGAACTATTGAAACGGGAATGAAAGCGGAGCCGAAGAACGTGTTCTGGGTTGTTGCTCGCGCTTGGTGGGAGTGGAATTACGCTCCCCGCCCGTTCTATCCAGCGCCTAAATCTAATTTTGCGATGATGCCCCCAACTGAGCCTGAAGCGATGAGTCCCCCTGGAGCGCCCGGCGTTCCTTTTCCCGCCCCTCCTGCTATGGTTGCCCCTCTTCCCGATGATTCCGACTCAGATCCAGTCCCAATCCCAGTCTCACCTCCTTCAGTTCCTTATGTCCCCTATGTGGGAATGGTGCCTTCTACGGAATTTCTGGCTTTGCCGGGGATGGTCTACGCTGTCCCTTTGCCAGGTCCCCATCCCTCTATCTCATTGGTCCCTAATAACGAACCCGTCGTTCTCAAAACTCTCGAAATTCTGCGGCGCGCTCACGCTTGCACCTACTACGATGATGGTTCTGCTCAGGCTGATAGCCTGATGAGGAGCGACCGATTATCTGGCAACGGAACCTATTTAGAATCTGATTGGTTGCGAGAGGAGTCCGCCCCGCTCAGGGAAACCAGTTTTTTGCTGGAACTGCCCTCCGAATTGTGGGGCACGACGACAAACAACTTGTCTTCCATGATTCGTGTGCCTTACGCTCCCGCAGCGCCCCTCGAACCCCTGGGAGCCCGCCTGACGCCCCAAATTCTAGTTGCGTCGGGAGCCGCGATTGCCCGTGTAGGTAATCTGATTGATGCCTTGCCGCAAAAGGCACATGAGCGTGTGCGTCGCCCTGCCTATGCATGGCTCGACACGGGCTGGAATCTCGATACAGCACCGGTTATGTCCCGGCGACGCCCTCCTGCTGGAGCCGCCAGTGCTCGTTTCGCAAGCTACGCTCGTGCTATCGGGGAGAAGGAATACGCGCGTCAAGCTCTGGCAATTGAAGCGCAAGTGTCTGCCCGCGACGCGCTCTGGAGGCGCGTCGCCACCCGCTCCCTTCTCCGTTATTTCAGGGAGTTGAGAGAAGCTGATGCTCTTGTGCCGCCTTTCTCCGTATGGAGTGCCGCCCTTTGTGGAGCGCTCAGTGTCTGCCTGATGTGCCTGGCGCCTCTGTGGATGTTCCTCAATATCTTGCTAGTAGGCAGCGTCGGAACTCCATCCTCGCGCCCTCAGCGTTGGGGAATGTCTTTGGCTCTAATTACTGGTTTGCTTCTGTTGTCTCTCTGGTCGATGGCCTATATATCCATGTCTATCACGAGATTCATTGGGTACGGTGTTCCGGCTATCGTCATCGGAG
AP024152.1_gap160	5889397	5893865	4468	TTTGATTTTGCTGGAAGACGGCCCCAAAACTCAAATCGAACTTGGGCGCCAGTTATGGGTGGATCGCACTTCGATGGTCGCCCTGGTGGATGAACTCGAAAGCAGTGGCGATGTGAAGCGTGAGCGCCATCCCGAAGATCGGCGGGCCTACCTCATTCAACTCACCGAGCAAGGCCAGACCACCTTGAAGAGAGCGCGAGAAATCGCCGACGAAGTCGAAAACGAAATTTTCTCCACGCTTTCCGATACAGAACGAAACCAGTTGCGAGGCTTATTGGCGCGTCTGATTTAACGCGCGAGGAGAATTTTATGGCCGAACAAACTCTTGAGAAGAGCGCGGCTCCGGCGCCCGCTCCCATTCCCGCTTCGGACGAAGAGGAATTATCCCCTTACCGCTGGCTTATTCTAGCGGGCCTCATTACCGCCGCGATTCTCGAAGTTCTCGATACCACCATCGTCAACGTGGCCTTACCGCAAATGGCGGGCAATCTGGGCGCGACTTCGCAGGAAATCGGTTGGGTCTCGACGGGCTACATTTTATCGAATGTCGTCGTCCTGCCGATGACGGCGTGGCTATCGGCCCGCTTCGGACGGCGCCGCTATCTGAGTGGCTCGATCATCTTGTTCTTGATTGCCTCGTTTTTCTGTGGTACCTCGCATAGCCTGGGCGAACTGGTGGCCTGGCGTATTTTGCAGGGCGCAGGTGGTGCCGCACTTCTATCGACCGCGCAAAGCACCATCCGCGAAATCTTCCCGCGAGAGCAACAGGGCACGGTCCAGTCCATTTATGTGCTGGGTATTATCGTGGCGCCCACTATCGGTCCAACTCTGGGCGGATACATTACCGATAACTACTCTTGGCCCTGGATTTTCTTCGTCAACCTGCCCATCGGTTTGTTTTCGCTGGGCATCATCGCGTCCTTTCTGACCGATTCAAAACACGCGATGAGGATCTCCAGCGTTGACTGGTGGGGAGTCGGGTTACTGACGGTCGGACTGGCTAGCCTTCAATATGTCTTGGAAGAAGGCAACGCTGATGACTGGTTCGAGAGTGCGACGATTTTACGTCTCACCATCATCGGCCTCGTCGCCCTGGGTATCTTTTTGTGGTGGGAATTATCGCCGCGCAACAAGGCGCCCATCGTCAACCTGCGCGTGCTAAAAAACCGTGACCTCAGCGCTGCGATGATTTTGTTTTGCGCGCTGGGCTTTGGTCTCTATGGCGGTATCTTCATCTTTCCGCTGTTCGCCCAATCCATTTTGCACTTCACCCCCACCGTCACCGGCTTAGTGCTGATGCCGGGAGCCATTGCCACCGGATTCGCGGCCATCGTGTGCGGACGTCTGCTCAACGGCAAAAAACAGGCGGTCTCGCCTCGTATCATCATAGTCCTCGGCATATTGCTGTTCATGTACTCGATGTGGGATCTGGGCCACATGACGGCGCAAAGCGGAGAAGCGGATACACGTCTCGCTCTCATCGTCCGAGGGCTTGGATTGGGAATGCTGTTTACACCCATCAACCTTGCCGCCTTCTCGACACTCAAGGGCCCCGAAATTCCCCAGGGAGCCTCCATGCTCAACCTCATGCGCCAATTGGGTGGCTCATTTGGTATCGCTGTGCTGGGTACATTCGTCACCAACCAGACGCAGGTTCACCGCGCCGATTTGGTATCGAATGTCTATCGGGGTAATCCCGCTTTCGACTCCATGTACAACGGTTTAATTGCCAACTTCCAGGCACGCGGCTTCGACTTGCCCACAGCCCAGAGTGCGGCTTTGTCGCTCATCGACCGCACGGTACAAACACAGGCACAGGTCTTATCCTTCGCCAATGCCTTTCTACTCATCGGCATCTGTATTATGTTGGTATCGCCCTGTGTGTTCCTACTGCGTTCCAATTCCAGCAGCAGTGCATCAGCGGCAGCCGCCGACGCTCACTAACCTGTGGCGAAATGCAAAAGGGCGCGACTTCAACTGAAGTTGCGTCCTTTTTCTTTGCTCGTGACAGTGAACCCGACGCCAAACTGGGAAGGATGCCTCGGCCCATCATCCTTATTTCGAGTGGACGCACCCTACTTCCATCCCGTGGCGACGATGCTCAAAGCACCAAGGTCGGTTCCGACGAGCAATACGTCGCCGCCGTCGTGCGCGCGGGCGGCGTGCCCCTGTTGCTGCCTCCCCACGGCGATAAAGAAGCCACCCGCGCTGCGGTATCAGTGGCCGATGCCCTTTTGCTCACAGGCGGAGGAGATATTCATTCGCTCGTTTACGGCGCGCAGCCGCACCCCAAATCATTCGACCAGGACCCCGCGCGCGATGCCACCGAACTGCTCGCCGTCGATTTCGCCTTGAAAAAGCGATTGCCCATTCTGGGCATCTGCCGAGGTTGCCAACTGCTCAACGTCGCTTTTGGCGGCGACCTCATTCAGCACATCCCTGGCGGTGAAGAGTGGGTCAAACACGAGTCGCAGGGCATGGCCGGATTGCTCCTCCATACCATCTCCCTGGAACCGGGAACCCTGCTTCACCAATTGTTCCCAGTCGATTCGATGGCCGTCAACTCCTTCCATCATCAGGCACCGGGGCGAGTCGGCGAAGGCCTACGCGTTTCGGCGCGCGCCACCGATAGCACTATCGAAGCTCTCGAAGCCGATGATGGGCGCCCCATTCTCGGCGTTCTGTTCCATCCCGAAGAGTGCGCGCCCTATTATCCGGTCTTCGATGCCATCTTCAAATGGCTGATTTCCAAAGCGCGCAAGAAGTGAGGAGATATGGAGTTCTACCCCATTGAAGCCGCCAATTTAATGGATTGCGCCGAGTTGTTCGTGAATGTGTTCAACGGCCCGCCCTGGAACGAAAGCTGGCAGCAGGACGCCGTGATGCGCCGCCTCGAAGAGTGCTACCGCACGCCCCATTTTTATGGTCTCCTGGCCAAGGTGGAAGGTCGCGCTGTTGGTTTCGCTCTGGGTTATGGCGAGCAATGGGACCAAAGCCAGCATTTCTATCTAAAAGAGATGTGCGTTGCTGCCGACCTACAACGTTCTGGCGTCGGCACCGCCCTCATGGAAGCACTGGAGCAGAACTTGAAGGGTAGGGGAGTCGAAAAGATCTACCTCTACACCGCACGAGACACCAGTTCCCAAAATTTCTACGAGAAGCAGGGATTCTACGTCAGTTCTAAAATGATTATGATGGCGAAGTGGCTCAGTTCTTGAGGCGGGGCAATCTAATTTGTTAGCGAGTAACTAAGATTTTCTGTTGTGCAAGCCTCTGAGGGCTTCTTTGTGTTCGTCCATAGGCCCTATAAAATCGCAGCCAATTGTAGAAACGTGCCTCGACACGTCTTCCTTTTCCCGATAGAGAATATCAACCAACTAGGCGAGCAAGCGCATCTTTTCTGCTCACACCTCGGAGAATGTTCCACTTCGCGTAAGTCTCTGTAATATCAATCCCCCACACACCGTTCTCTTCTATTAAGACTATGGGCCGCACGGGTTGCGAGGTGTTGTTTTCGAGCGTAATAATCGCCGTCTTCCCTTTGGTTTTTAGCACTTTGAGGTTGTAAGTGGTTCTCTTCCACTCTGCTCTCAACTCGCCCATGAACTCTTCCACTTGCTCTGTCCCAACGAGTTCTCGGCGCGTTTTGGCTGAGACAACACTACTTTTTGCCCAGTCGGCAAGAGCTTCTGCATCGTTGTTGTGCGTGTTTAAGAAAAGTACAAACGCTTTTGCAGTCCCATCTCGTGTCAACTTTTTATTTTGGGGCGCCTTGGGACTTTCAGTGTTAAAAGCTCCTTGCGCCCGCAAGATTTCCCCGTTCCACAACAGCCCACCGCTCAAGAGCGAAATGCATATGCAAACTGCCAATCGTTTACGAAACCAAATACTCATAGAATCTCCATCCAACGTATTTTACCCGTCTTCTAGAAAATGGATATTACCTTTATAGGCCGCTTGAGGCTTCAATTTCTTGTGCATAACCTGCTTTTGCACCAGAGTGCCCAAGACTTTGCACAGCATTGAAGTGCAATCCGCCGAAATGTGTCTGGCTTTGCCAAACTACGGCACTTTTTCACGATGGATTCACCTCAGTCGCTGCACCGTCCCCGCTCGAAGTGGCCGGTTTTTTTGGTCTGGCTCGTGATACTCGGAGGCGTCGGCTTCGGGGCGTTTTCTTACTGGAAGCGCTGGGAAGAAAAACGGCACATCATGCGTTTTGGCCCGATTCCTATGCCCTCTCGTGTCGCGCGCGTGCCCAACGATTGGAGCGCTGAAACGCTCGCGCTACGCCTGCAAAAGGCTGGCAAAGTCCGCGATGCATCCGCATTTGAAGAAGTCGCCGACGAAATTGGACTGCAAAACGTTCAGAAGGGCATTTACGCATTGCCTCGTAGCGCGTCACCTAGAGATCTCGCCAAAATTTTTAAAGCGGGGCCCACTCTGGGGCGCGTCACTTTCCCCGAAG
AP024152.1_gap161	5907562	5910110	2548	CTTCTCAAAACCGAACTCGCCCCCATAACCAAAGGGCCAGTGCGTGGTCTTACTCTTGAGTAGGTTTCGTTAATGGTAAAAAAATTCTCTCTTCGCTTGCCCCCCTGTGCTGGTTCCCTGCTGTCTCTTTCTCTCGCAACGATGACTCTTCTCACTGGCTGCGTTCAGACGGCCCACGCCGATTACACCGTGAAAGTTGACCCGCAGGACAAGCGCGGCCAGTGGGAAGGCTGGGGCTGTTCGTTCGCGTGGTGGGCGCACGCACTCGGCACCAGAAACTACGAGTCGCTCTACGCCGACCTGTTCTTCACGACCAAGTCCGTGCCTTTCCTCGACCAGCAGTTGCCTGGTCTGAACTTCAATATCATCCGCTACAATGTGGGTGGAGGCGGTCGCAAGGAAACCTACGAAGACGCCGTCGAACAGGTCCCCGACATTTTGCCCTGGCACCGTGACATTGACGGCTACTGGATCAACTGGGGCAGCAAAGACCCCTCCTCCGATAGCTGGGACTGGTCGCGCGATGCCGGACAGCGCTCGATGATGCAAGCTGCCATCAAACGCGGCGTCAACCACGTCGAATTCTTCTCCAATGCCCCGATGTGGTGGATGATGGACACCAAGTCCTCGGCAGGAGGCCATCTCCAGGCCTGGAATAAAGCCGACTTTGCCCTTTATTTAGCCACCGTCGCGCAGCACGCCCAGAAGAACTGGGGCGTCAAGGTCAACGACATTGAGCCCTTCAACGAGCCCAGCGCCGGATGGTGGAACTACCCCAAAAATCAGGAAGGCTGCAACATCTCGCGCGAAGATCAGGCCGACATTCTGGCCCTGCTGCGCGAAGAACTCGACAAGCGCGGCCTACAAAACGTCCCCATCGCCGCTTCCGACGAGAACTCGATGGGACCCGCGCGTGAGACTCACGAGTTCTTCAAGACCCGCGATGTCACCGTCAATGGCCAGACAAAAAAAGTCGCCGACATCATTGGTAAAGTCAACGTCCACTCCTACAGTGGCCTCAATCCCATGCGCGACAACGGCGCCCGCGAACGCTTGCGCCAGAGTGTCGGCGACAAAAAGCTATGGGCCGACGAATACGGCGATAACGACGGTAGCGGCATGTCGCTGGCGCAAACCATCACCGAAGACATCAACTTCTTGCGCCCGACCGCGTGGGTCTACTGGCAACCCGTCGAACCCGGTTCCGCCTGGGGGCCAGTGAACGGCTATTTCGGCGACACCGAAAACCCCGAAGCTGGAAAACCCAAATGGGCTTACACCAAGTTCTACGTCTTGGCCCAGTTCACCCGCACCATCCACGACGGCGCCACCATTTTAGGTTCGAGCGACCACAACACCATCGCCGCCTACGACGCCAAAAAGCGCGAACTCTCCTTCGTCACCACCAACTACGGCAACGCCCAGAGCATCGAATACGACCTGTCCAACCTGAAAAATGTTGCTCCCGAAGCCACCTTGATAACCACCAACACCGACGGCTCCAAACGCTTCGAGTCCTCCAAAATCGCCGTCACTGGCGCAAAAATAACTCTCAACGCGACGGCAAACACCATCTACTCGCTGACTCTAAGCAACGTCGATTTGTAAGCCATCATCAAGAAATCAGGGTGTGTTGTCAGCGTAGCTGACTTGTAGCCCCTGTACGCGTCGGGGCAATGCCCGTGGGAGATTCTGTGGCCGGGGCAACCACCGGGGGGCTCCGACGAACTGGCCGCTTAGAAAATCAATAGCCCTGCGACCAGCACGAGGCCAACAACCATACTAAACGGCAATGCCACAGGAAACCGTTTCTGCGATCCCGTCTCCTCGTTCCTCGGTGGGTGTTTCCCGCGTGCAATGGCTGGTTGTTGGTGCAACGCTCCTCGCGTGTGCGGCAGTCGTCGCGCGCCTCCCGCTATGGGGAACCACGGCCTGGGGTATTCATGAAGTTCCCAATCTTGCCGGAAATTTGCCGTTGCTCGTGGTCATGGGGCTGCTTTTCGGAGCCTACATCTTTTGGGAGCGCTCGGCCCAAAGTGCAGAAACAGGCAAACGCACCTCTCACGCGGGCAAAATCGCAGTTTTCTGTGCTTTGGCGTTGGGACTCGGCCTGGGAGCCCGTCTGGGAGAAAGTGCCGGTTGGGGCCGTCTGGCCATTTTGACGATCAATCCAGCGTCGGGTGGCTTCTTCGAGGCCGCCTACGATTCGCAACATGACCCGAACTGGCTCCAGAATTATCCCAAATTGATGAAGGAGTACCACCACGTCCACTCCCACCCTCCAATGGGGGTGGCCCTCATGCGCTGGTGGCTCGGTCAAAGGTCGCCCGCATTGACCGGCGCCACCGATAATTTTCTGGCGATTTCGCCTGGAACCAACTCAACCGCTCTGGCCCAATTTACAGCGGGCGCCTGGAAACGACCCTACACGGCTAACGACATCGCCGCCGCCTTCTGGGGCGGAATGATGTGGCTGTTGTGCGCCTTGCTCGTTCCGGCGTGTTCATACGTGTCGGCCAACGCTCTGTTTGGTTCGCGCGCCGCTTTG
AP024152.1_gap162	5941328	5945206	3878	CGGTTGCGCTCTGGGCTGTGTATGAGCCGTCGTAGGGGTTACGGGCGACTGGGGGAACATAGCCACTGCGAATAATTTTGCCCTGGACGATTTCAGTTTGATCGCCTTTCGTTACTCGAAAATCAATGGTTTTGCCCTCGTAGAGCGACAACAGGAGGGCCTGTGAGATGGGGTCGGCGCGGTAGAATTGCTCCACAATTTGCAATTGGCGTTTCCCCGTCGGATCGCGCAACACCACCGAATCGGGTTCGAGCAGGGCTGTGGTGTCGGAAATTTGAATGCGGTTCAGACCGGGTTTCAAGTCGAGAGGAAGGGTGTCGCGAACCACCGCGAAGTTCTGGTTGTAAACGGTGAGGGCGGGTTGAGCCTTCGCGAATGTCGCAGTAGTTGCAAGCGTGCCGATGAGCGCGGCTAAGTGGAGAAGTCGAGTTGTATTCATCACGGTGAAGGGTATGGCCGGAATCAGTTCTTCGGGAGAACACGGCACCTGGAAGCGAATTTTTAGAGCGTTCCCAGGGACGAAAGTTCGAGAGGACGCGTGTTCAAATAAAAAACCGGCCTGATAATTTCAGGTCGGTTTTTGCGCTGGGGATAGGAAGTCTTATTTCTTGTGGTCTTTCTTGTCACGGAGGGCTTTTTCGCGGGCTTCGTACTGAGCGACAGTCAGGCCCAGAGCCTTGGCGACTTTTGCCTTGAATTTGTCCTGGATGGGCTTCATCGCTTTTTGGCGCTCTTTCTGGGCGGCGCGCACGGCGGCGATTTGTGTTGGGGTCAAAGGCTTGCCCAGAACCTCTTCGGCGTGTTTGACAGCGTTGCCTTTCTTGGGCGGTTTTGCACCCAGAGCGGCTTTGGCTTTAGTCTTGGGTTGGGCTTGCGAAGGCACATTGCCCATCATGAGCGCTAGAGGCAGGGCCGTACTGAGGACAGCGATACGGAAAGAGGTCGGTATTTTCACAGTAATAATAGCGTTACGGTCGCGGTAGCGTTCCCAAAGAACTCTCATTAATGGCTAAAGGCCGTGTCGGAGATTTCTTGAGGGAGGGAGCCCGCTGAATTCCATTTTAAGGTTAAAGTCGGCACTGTTGTCCCCACCTTAAGAGCAGAGAAGTTGAATGGATGTTTGCCCGCCTTTAATTTGATGATGCCCTTGATTTCGGAGCCAGGTTGGTAGCCGTAGTCGGCATCAATGACGATGGCTTCATGGAGGCGGAGCAATGCTTTGGAACTTGTGGAGAGTGAGAAGGTGTAATCGCCATCTTTGGGCACTTCGATAAAACCACTGAATTGAATCTCGTTGGCCTGGGGCGAAAGTTTAGGCCATAGGAGACGCGGGGTTAGGCCCGTAGAAAGTGGTTTTAGAGCGGTTGTTTGTGCGACCCAGGGGGCTGGTTGTTGTATGGCGTTCCAGGTGAGGCCCTTAGTTGTATGTTCAGGAGTGACGGAAGGCACGAACTCATCGTCGTAGGGGCGGGGCGCATCGGTATCGGGACGACGAAGGCCCAGGACGGTATCGTGCAACTGCTGTTGGAGCGCGGCGAACTTCGGATCTTTCGCCAGATTATTGGTTTCCTGGGGGTCTTTAATGATGTTGTAAATCTCGAACTGGTCGGCATGGCTGGCGATGTTGTAGCGCACCCCGATGTAGTCGCCGAGGCGAAGCGCTTGCATTTGCTGCCGGACTCGCCCCTGATGGGCGGGTGCAAATTCGGGATAGGCGGGAGTTTTCCCAGCCACCGAATACTCGAAGTAGAGGCGCGAGGGATTTTGTGTGCCCCGGCCTTGCAGGGTGGGCAGAAGTGAAACACCATCGCTGCGCGCGGGAGCCGGAAGTCCGGCGACCTCTGAAAAGGTGGGCATCCAGTCCCAGAATGCCGAAGGAGTGGGACTGACACGGCCCGCCGCGACTCGCCCTGGCCAACGGGCGATGGCGCCGACGCGAATGCCGCCTTCCCACAGGTCGCGTTTGATGCCATCGAAGGGGCCGAAACTGCCGAAAAAGTTGGCCTCGTTATTTTCTGGGAGGTAGGATTCCTGGCTGGGACCGTTATCACTGGTAAAAACGACGAGGGTGTTACTGTCTATCTTGAGGTCTTTGAGCAGAGTTAATAAATCGCCAACGCAGTCATCAATGCGTCGTACATCGGTGGCGTAGCGCTTATAGACATCGGGCCAGGTTTTTTTGGGAGTGACGGGATTTTTGTCGTCGTCCCAGGTAGCTGTGACGTAATCGGGATGGCAGTAGGAATCGGGCTTGCCATCGGCGGTATTAATCATGTGACCGGGTGTGCCCAGCCACTGGACTCCGCCTCTGGAGCCACCGCCAGTGGGGAACGGACAAGGCGGATATTCGAGTTTCGCGTGGGGAGTGTCGTAGGCGAGATAGAGGAAAAAGGGCTGTTTGGGCTTGACCGTTTCTTGTTCGGTAATCCACTTTTTTGCGCGCGCGGTGAACAGGTCGGTGGTGTAACAACCGTCGTAAGCAGCCACGACGTTCTTGCTGCCATCGAAGAGGCGTTTGCCGTCTTCTTTCGGATAGTGGGCGTGTCCTGCCGCATGCGGAATGTATCCGAAATATGCATCGAAACCACGATTTTGTGGATGGGAGGCGAAACCGTTGGGCTGGTTGGGCGATTCCTCGCCTTGCAAGCCCCATTTACCGATACAGGCGGTGGCATAGCCCGCCTGTTTTAAAACGCGGGGTAGGGTGTAGTTATCTTCCAAGACTTTGTCGAACTGGTTGTCGCGCACGTTGGCGTGACCTTGATGGACGCCCAGCAAAAACGAGGCGCGTGAGGGCGCACAGACGGGCGATGAACAGTAATGCTGCGGAATCTGGATGCCCTGCGCTGCCATTATGTCGAGGTTGGGCGTGAAATGCGCGGGACGCGAACGGTCGTTGGCGGCACGGCGCGCGTTCTGGTGAAAAACGCCGATGTCGCCATAACCCAGGTCATCGGCGAGGACGAAAATGATGTTGGGTTGGGTTTTCGGCTGTGCTTGAGCGGGCCTGATGGTGGTTCCGGCGAACGCAGCGAGGGCGAGTGTCGAACAGAAAAGCGAGAATTGAGAAGGCATTGGGGATACAACAGAAACGCTTATTGGATAGTATGAATCAATCTAACACGAGTAATATAGCTTTATTTTGGTCGGGTTAACGAGGCCAGACGCTTCTTTTGGCTACTCGTCCAGGTGAAAGCTGGTTGGGAATTTCGGTTTAACAGTCGTTTTATAAGCTCATCTATCACATTTGATAGATGCCGTGGTCGTGATCTGTCTGCATTGGTTACAAGTAAATTGGGGTGAGTTGATGACTACTAAAGCAGCATTATTGGCAAATTCCTGTTTATCCTTCCTGTCATTGGTTGTCTGGTTGCTTGGCTACACTGGTTTGTGACGCGTCGAAAAGCCATTCCTGCAATGAAAGCTCATCTGCCGAAAAACGAAGAACAGCGTTTGGCGGCCCTGCACGAATACGGGGTTTTAGATACGCTCCCCGAACAGGGATTTGACGACCTTACTTTGCTGGCTTCGCACATCTGTGGTACGCCGCTTTCGTTCGTGTCTTTGATTGACCGAGACCGGCAGTGGTTCAAATCGAAGCGGGGCTTAGAGATCATCGAAACGTCGCGCGATGTTTCTTTTTGCGCTCACGCGGTGCTTGAGCCCAATGAACTTTTGATCGTGTCCGATGCCCGTTATGACCAGAGGTTTGCTGATAATCCTGTGGTGACTGGCGAGCCCCATGTGCGATTTTATGCGGGGGCGCCGCTCGTTACCCCTTCGGGCGAGGCTGTGGGAACTTTGTGTGTCGTTGACCACTTCCCACGCGAATTGAACGAGGAGCAGAAGCAAGCCTTACGCGCTCTGGCGCGTCAGAC
AP024152.1_gap163	5951882	5956413	4531	CTTTGTAGTGGGCATACCACCTCGACGTTTTCGGACAAATAACAGCATAAATTCGTTCTTTGCTCCTCGCGCAAAGCTCTGAATAGTGATATAACCCCGTTCAATTGAAATATCGGATGGGAACTGATGTTTAAGCGTCCTAAATGCTGGGTATACTTTGTTGGTACAAGAAATGGTTATGGTGACTTTGCCTCCTCCAGACATCACTCCGGAAACTTTAGGCTCCCTTAGTGGTGTTCGTTCGGAAGATGTACCCCTTCATTTGCAGGTGCAGCATCTGCTGCGCGGTGCGATCAGGGACCACTTCGAGGATGGGCAGACATTTTGGCCGGAATTGCTGCTGATGGAGAAATTGGGCGTTTCGCGCAACACCGTGCGTCAAGCCCTGAGCGAACTTTCCCGCGAAGGATTGTTGCTTCAACAATCCACCAAAACTCGTCTGGTCAGCAAGGCCACAACTCAAGTTGGTATTTTTCTCCAAATCTATAACTCCGATTTTCGCGCCGATCTCCTGCACCATCTCGCGCGGGTATGTCATGACGAACGGGGCTGCGACTTCAAAATTTTTTACACCACCCAGTTAGATACAGTTTTAGAGAATTTTCTGCGCCTGGGGTTATCGGAACATAAGATTCGCCTGTTACTTTTCGATGGAGCCAAACACAACCTGTGGCTGCACGAAGAACTCAACAAACGCGGGTATCGCACCGTGATGATAGATACCTGTCCTCCGGGGTATGAAGGCCCTTTCGTTGGCACCGATGCCGCCGAAGCGGTTCATATTGGCGTCAACCACCTGGTCAACCTGGGTCATCGGCGCATCACCCTTCTGGTCAACGAGCCATCGTACGAAGAAACAGTTCAGGCCAAAATCGCCATGTTCGAGAAGCTTGTTGAGCAAGAAAAGGTTACTGAGGGCCAGGTGTATCTTTGCCGCTCCTCAACCACCAGCAACGCTTTCGATTTGGCCTACAACGCGATGGATGCGCTCTGGTCACAACCCACTCGCCCGACGGCCATCTTTACGGTATCCGATGCCGGTGCATGGGGGGTCTTGAAGTGGTTGGGCGAACGCCACGTCAAAGTCCCGCAGGACGTATCGGTCTTAGGGTTTGAAGGAGCGCGCCCCAGCCGCTTTACCCAGCCTTCGCTTTCCACGGTCGCCCATCCCATCGAGGAACTGGCCCATCGCGCGGTGCAAATGCTTTTTGAAGAAGAGGTAGGTCCAGAATTTTTGCCGCCGGTCTTGGTCAGGCGCGATAGCACGGGACCAGTACCGATGGCATCGTGAATCGAGCCCACAATTGAGGTGGTCTCCGCATCAAAACAGATAATTGGGCAACTGATATGAAACACACCTACTACAACAGTGATAGATAAATGCTTTCACATTTATAGAACTTTTCTGTCATTGCGCTCATTGTAATGTTTCCCGTCTCTGCCAGAGCGCGAAAGCACCCGCCGCATGCCATGTCAATCCGACCTCAAACACATTGGCATGGAGTTGTGGCCATGCACAAATCTGAATTATTCAGGATGGCTCATAAGGTCATCGCCTTCACTCCATAATGCACGCCTTAGAAGTTACGTTCCCGAACGCTCGTGGGTTGGTCGAAATTGATACCAGCACGGGCGTTTATCATCTTTGCCAGCAGAACCTGAGCATCCGCAACATCCGCGCGATGTTGTTTTATACAACCAACGGTCAACAGGGCGTCCTCGACCTCGTGCAGGGCGGGGCTGTCACGACCGGGGATCGAAAAATCAACGGCCAGCACCGCGAAATCATCGAGATCCAAACGCAGGAGGGGCCTATTGGCGCGACGCTTTTGCTGACTTACAACGAAGCAGAACCTCTTTTTCAAATCAGCGCTCGGTTTCACCTTGTCGAAGCAGAAGCCGACGTTCAGTTGCAATCGGTCGTCCTCTTCACAACCAGCTTCGAGGACACCTTTTTAGCACCTTTGGGCCGGGAAAACTGCCGATTCTGGAGCAACTCACACGACATCTGGCAGCCCATTGGTTCGGCGCCCCTCAATGGGCCGAAAGATAAATCCGACATCGAAAAGCCGCACGCTTACCACTTCGCTAGTCTGTACTGCGCTACGCCCCCATTGGCGCTCACCTTCGCCTACCAGATGCCCAATCAGTGGCTGGATCGCATCGAATGGAAGGACAACACCCAACTACTGGCAGAAGACAAAATTGGCGCAACTCTGTTTGCGGGCCAACCCATTATCAGTGATCGTTTGACCATTTCGATGGGGCCAATTTTCACGGAAGCCCTTCCCCCATTGCACGCTAACCACGTTACCCGCCGCAGAGTCGAAGAAACACGCGACCATTTTGGCTGGAATTCCTGGGAGGCCTATCAAACCGCTGTCACCGAAGCGGACATCGTCGAAAATATGGAGGAAATCGCCAGTTATCTCTGGCTACGCGAGGGTATCCGCTACATTACTATTGACGATGGCTGGCAGCGGAACATGGGCGACTGGGAGGCCAACGATAAGTTTCCCGATGGCATGGACGCTATAGCCGACAAAATCCGGGCGCGCGGATTTCAGGCGGGCATCTGGACGGCCCCCTTTCTCGTCTCAAAGCATTCCCCGTTGCTGGCGAACCGTCCTGAATGGCTTCTCAAAGACGGGGATGAACTCTTGACCAGAAACGGCGAGACATTCTACCTTGACCCGACGCACCCCGAAGCGCGCGCCCACCTTCACAGTGTTTACGCGCGGCTTTATTCGTGCGGCTATCGCTACTATAAAACCGATTTTCTGGTCGAAGCACCCATGTTTTTCGTCCCGGGGCGCTCCGAATATCGGGAAACCGCGCGCTGCTTTGACCCGAATCTGGGTATCATGAGGGGGATGCGCGCCGCGATGCAGACCATCCGCGCCGCGATTGGCGAGGACTCCTTCTGGTTGGGGTGCGGCACGGACATAGGCAGTGGCGCACTGCTGATGGATGCGTCTCGAACCGGCGGTGACATCGCGCCATTCTGGACGCGCGTGCCCAATCAGGCCCGTTCGGTCATTCATCACTTCCATCTGCACGGCAACCTGTTCCTGGCCGACCCCGATTTCACGCTCGTCAAAGGCAGCGATACCTTTCACCCGGAATTTCTCGACGTTCCCCTCGTGAGTCCCGAACCTTACGTCGTGGATGCCTGGCGCGGAGGCCGTTGTTTTGACTCCGACGACGCCCGCACCTGGGCCAGTTTGGTCATTCTTTCCGGTGGGCTACTCAATCTCAGCGACCGCATTCGGGGCTTGAACGAAGTGGGGCTGTCCATCATCAAAACCGCCCTGGAATATGCGGGGGGCAGCGCAGCCATACCCTTGGATGCCGAATCTCCAATCCCCCGTATCCTGCTGCGCGAAGAAAAATCTCACTATCTGTTGGGGCTACTCAATTGGGATAACGACGACAGCCTCATCATCACCGCGACCGAAGCGATGGGCATTCCCTTTCCGCCAGCGGGCACGCTCCACGAAATCTGGTCGAACGAAAAATGGAGCGTGGAAAACGGCGAATTAACCGTGAATTTGGCTCCTCATAAGTTACTGCTTTTCAAATGGGATAAAGCCCAAAACAACTGAAGATTTAATGCAACGAACCATGTGGAAAAACTCATTCTCAATCCTCTGCAACGCGACATTCGTGTTGGTTGCATTATTCGTAATGGCTCTGCCAACCTGGGCCGCTGATGCGGAACCGACTGGAGACTTGCGCGCCCTCATCCAGAACGCGGTAACTGCAGGACAAGCGCGCCTAATCATTCCTCCTGGCGTATACCGGGTTTCTCCAAAAGGTGATTCCGGCGCGATGATTACCGTTCGCAAGGCTCGTAATTTAGAGATTGTCGCCGATGGGGTAACGATGCTTTGCACGAAACGGATGCGCGCCCTCACATTCGAGCAGTGCGAGAATGTGACCCTGCGCGGTTTGTCTCTCGACTATGATCCGCTCACCTTCACTCAGGGCAAGGTTGTCGCTATCGCCGACGATAAGGGCTCGCTGGATATCAAAATTGATGCGGGCTATCCCCAGATTCTTTTTGACCGTATCGTGATTTGCGACCCGAAAACGCGCTTCCACAAATATGGTATCAATCATCTGTGGGGCACCAAAGCATCATGGGCCGAACCGGGCACAATTCGCATCACCTTGAAGGATGTCGCGCGAAATGTGGACCTGGGCGACCCCGTCGCGCTCAGTGGCGGACAGGAGATGGGAGCATGCCACGGCATCACCGTCGAAAACAAATGTTCCAACGTCGTTTTTAGAGGCGTAACCATCCACTGCGCGCCCGGTATGGGCCTCGTAGATTTCAACAACGAGACGGGCATCAAGATGTTCGATTGCAAAATCGTACCCGGCCCCAAGCCCGCAGGAGCCACCGAGGAGCGCTTGCTCACGACTTCGTGGGATGGTCTCCAGTGCAACGCCGCTCGCATAGGTGCTCAAATCGAAAATTGCGTCATCGAGCGCTGCGGCGACGACTCATGGAGCGTACCAGCCAGAG
AP024152.1_gap164	5992173	5995164	2991	CGAATCGACGCCGCCAGTTCCGGTACAACTCGATGGGGATGAGTGGGGAACGACGCCACTCGAATTGAAAATGTTTGCCGGTTCGCTGAACGTGTTGGCGCCTCTACCTGCGGAAGAGTAGCATTGGCCGACATCTGGCACACACTTTTCTCGCAAACTCAAACTAATGGCTTCAAAATTGGATGCGCTCAAGCGCGAATTACGCGCGATGGGGCGTGTAGTCGTCGCCTATTCGGGCGGCGTGGACTCGGCGTTCTTGCTGCGTGTGGCGAACGACGAACTGGGTGCCGCTTGCACGGCGATGATCGGGGTCTCGCCGTCGCTGTTGCCCGAAGAATTGGACGAGGCCCTGGCGTTGGCGCGGCGCATTGGGGTGTCGGTGCGCGAGGTCGAAACCTCGGAACTCGATGACCCCGACTACGCGGCCAATCCAAATAACCGCTGCTACTTCTGTAAAACGACGCTGTGGCATACGCTCGTCCCGCTGGTCGAAGCCGAAGACCTGGGCGTGCTGTGCGACGGAACGAATTTGGACGATGCGCGCGAATGGCGACCGGGGGCACGCGCCGGGAGCGAAAACGCCATCCGTTCACCACTCCGCGAAGTGGGACTGAGCAAAGCCGAAATCCGCGAGTTCTCGCGCGAACTGGATTTGCCGACGTGGGATAAACCCGCCATGCCGTGTTTGTCGAGCCGCATTCCCTATGGCCAACGGGTGACTGCCGAAGCATTGCATCGCATCGGGCGAGCCGAGGTGTATCTGCGCTCGAAAGGATTGCGAGAAGTGCGGGTGCGCCACTTCCTCGAAAACGAGAAGCCGCAAGCTCGCCTCGAAATCGCGCCCGCCGAACTGCCGCTCATTTTCGGTTTCTACGAAGAGGCGGCAGCGACATTACGCGAACTGGGATTCGCTTCGGTACTGCTCGATTTGGAGGGCTACCGGCGCGGACGCCTGAACGAAGGCACAACACCAGCCGAGACAACCAATTCATGGGCGCCAATTCAGTTAGTGATTTAACACAGAGACAAAAAATCCCCGCTTCAATAGGAAGCGGGGATTTTCGTTTAATTCGAGTAGGTGTACAGGATGTCGGGTGAGGAAGGTAATTGAGGAAGAGCTGCGAATCCTGTAGCTGTTGTCGTATCTATGGCGGGTAATGGCGCGGCATTGTAGCGAATGGTTTGCCATAAAGGTTGAGCCGCGTTTGCCGTATTGTAAACCTGATACGACAGCGTATCGGTCCAGCGCTTCATCGCACCTGTCGCGACGCCATCGGAATCCGGCTCATCATCGTAATCAAAAGTGGCACTTGGTGTCATCATTTGAGTGATGTTGCCGTTGATTGTAACGTTATAAGCTGGGCGGCGCCATTCGATTTGTTGGTCTGCTCCTAGTCCTGCGTTCGCGGGGATTGTCGCGGGGATTGGGACAACGAACCATGACCCTCCTTCAGCATAAATTGTGGCGTCTACTTCGATAGTCATGTTGGCCTTAATATCTCTATCAGGTACTGTGGAGTCTGCTGGTGCGGGAGCAATAGATCCTGTACCGCTTACTCTCTGAAAATGCATTCCCGATAGGTAGTACGTTGGGAGACTATCATCGTAATCCCCTGAACCATCACGGGTGAAAGCGAAGTCGCCCGAAGATGAATTTGATGTATACGTGATGCTATTGTCTGGCGTAGAATCTGTCGGGATGCTCCATTGAGGTGTCGTCCCATAAAATGAGTTTTTGACAGTATTTTGATCTTCGTCAGTTGTGGGTGTAATAGAGTTTGCACGGAAACCAAATGCACTCCCTACTCGGTAAATTGGGGTCGCATCTTCTGGTGCCGTTGTCCCCAACGCCAATGATCCCGAAAACAGTACCACTGAAGAAGTAAGTGGCACACGAAATTTCGTGGGTTCGTTTGGAGCTTCTTCGGTGTTGTCTTGTTTCGAGTTGGGAGGAGTTATCGAGAACGTCATGTCGCCTTGTGCCAAACGCCTAGTTGGTAAAAGGCCAGTCTTAGTGACAACATTCATTGAATCCTTGACATCTTCTATCCTCCAACGTGACTTTTCCCTGTCTGCGTCTGCGGCACGAGTCAGGAAAAATGAGTTAAGAGCGTCGAGAGTAATTGTTCCGTCACCTTCAGTTGAAGCAACTGAACCATCCTGATTCGCATCTTGAAGGTCAAAAGTCTCTTGGCCATTGATGTCTCCAGGTTTTGGCTTCAGCGTGAGATCAATTTTAGTTGGGAGTGCTGGGCGAAGTGATATTTGACGAGCACCATCATCTTCTTTGGCAGGGTCCGGTGTTGTCGGATCTTTGTCGTCTCCGCCACGCACTGTGAATTTTACAATGCTCTTTTGTGCCGCTTGATTGAATGCCACGCCTACTGTTACAGCCGCCCCATTTTTATCACTAAACGGGACTGTTCGTACCAGAGTATCGCCGCCAACTGCAAATTTGTAGGCGTATGAACTACCCGCGCTGGCAGGATTCGTCTTTAAGTCGAGTTCTTGGGTGTTAGCTTCTTTTCCATCTCCGCCCGCAATAAAGTGTTCAGTGGCCGGAATGTCATCGGCACCTGTACCATTGGCTTTGTTGGCTGTTTGTAACAACACAATTGATGGGTCGCAGGCGAGTTTAATTTTGACGTCAGTACCATCAGGAAAATTCGTCGTGTCTAAGACAGGAGTAAATTGAATGGACGTAGGATTCACTCCATTGTCGAAACCCGTAACTTCATGCCAGCCATCAGACTTGAGGCCCTGCTTGAAGACGGCAACTTTATCCCCCAATTTGAAGGTTTTGGCTGTTAACGTCTTACCCGTCGCTTCCTGAATTCCTCCCGATAGAACTTTTGCCGTAAAAGAATTTTGTCCAACCGATGTATCGACCGTTCCGATAGGTCGTGAGACAAATTGAGTTGGATTGAGAACAACATTCTTCTTCGCTAATAACGCAATTCGGCTAGTATTGGCGGGAGGTGTTACAATGGG
AP024152.1_gap165	5996584	5997762	1178	GGGTCAAATGATGTGACAAAGTTGGAATAGGAGAATGTTCCTTTATTCCAATTGGTGGTTTTATAAAGTACGCGGCGGCTCCAAGCTTCGGGGTTTTTAGATGACAGACCAATGACCGTGATACGAAGCATGAAGCGCTTGTCGCCACCATCAGCATCATCAGTGGTGCTTGTTCCTAAGAAATGAGACGACACCAAAAACTGTGGTGCTTGCCGTGATCTACGTGGGTCAGGATATTTAGCGAATCCTTGGGTAGACCAACCTAATGCTTTGTCCAGTTCAGAGTAGTAGAGGTCGTAATCGACATTACTTGCATTAGGGACTCCGCCCGAAGCAACTACTGAGTCTGTCGCTGCGTTCCATACATCGGGGTTAGGCACTGCCCGCAGACGCGCCACAACGAAGGCGACTCCTTTATCGGCGTTACGTGAGGCTTCGGCGCGGTCGGTTTCGCGTCCGACTTGACGACCGTTGTTACCGATGACGACCAAGAATGCCGACGATAGCAACACGGCGAACAACATCACGAACACCGCGAGAATGAGAGCCTGACCCTTGCGGCGCGTGCGAGAATGAACGAATGAGGGTTGCAAAAGCATAAGCATTAGGAAGTTATTGGACGTTAGGGTCAAACACGGTCTCGGTCAGAGTGCGGGCGATCTGTGGCTGCAGAGCCGAGCGAGGTGCAGCAACTCCAGGAGGTCCCCCCGGAGTAGGGGAGGGGACAGTGCGGCGGTTGACCGAGTTCTCGTCGTACTGGCCGACGGAGAGTTGAATGGTAACGGTGTCGATTTTCCCGTCTTTATTGGTATCGGAGCAAACGAACGTTGTGTCCGGCACAAGGCTCATGCCATTACTTGGCGTTGCAGTTGTGTCCGTGGCGGCGTTAGGAGTTATTAGAGCCGTCTCACGTGGCAGCACGAGTTGGTGCGACCCAAAAGTGAGAACTGATGCCGTCGAAGATGTAGGCGACGCATTCGCAGCAGGGAGTGCCAGGGGGGTCAAGTCGAACTCGCCGTACTGGTTCATCGTGAGCCACTGCAAGCTACGGGCATTGCACCCACTGGCACCTAAAGTGGAAAAGCGCTGATTGGAGAGGTCGGCGTTATAAGGTGGAGTCGGGGGATTAGAAGGAAGTGTTCCCCAGGCTGGGAATGGTTGTGTGCCGATTGTTGCAT
AP024152.1_gap166	6180209	6183689	3480	TTGTCGCGCACGCCCACGGAGTCGCTCCGTTCGGTATGGCTGGGCGTCGTTGTATAAATAGGATGGTGCATATACACAACGCGCCAGATGCGGGCGTCGGGGTCGTGTTGTTGCAACCGGGCTTCTTCAGCTTTGACTTGCTCTAGCCCCGTTTTTAACCATGCGATTTGGTCGCTATCATAGTCGTCGTCGGTGCGCTCGGATAGCTTGCGCGCCAGCGCGAGGTCTCGCTGTGTATCGAGGATGGCTTCGCTCAGGTCTATCTGTTCGAGGGGAGTAGAGGGGGCTTGCGTTTCGCTTTTCTCTTCCCTTTCTCCTTCAGTTTCTGTTTCCACATCGCTGGAAGGAAGGGCACAGGGGCCTGGCAACGATTCGCCTACACGCTCCCGGCACCAGCCACCGATGCGCCCGTCCAGAACCAGACGGGCTCGGCGTGCGGCCTCGTATTCGGGGGCCGGGGGCAGTGTCACAGTGAATTCGTCGCGTTTGGCCAGGTGCTGTAACCACGCTTCCTGCAAGTTGATCAAATCATCGAGTCTCGCTTCATAGGCCACTATGGGCTGTGGGGCCGCGCCCACTTCATCCAGAATTGAAACCCAGGAATCATGCAGGTCATGTTCTTCCTGGGCGAGTGCTTTCAGTCCCTTAACTGCCTCCATCTGCGTTTTATCCAGGCCGGCGGCCCACAATTGCGTGTCGCTCGCGAGCGCAAGGGCGCTGTTGGCGACTTCCCTGAGAAGCTGTTGAAGTTTGGGCCACAACTCTTCGTGTTCTCCAGCCCGCATCGCCGTGCGCTGACGGTCAATTTCCTGATGCTCCCAATCGCGGTCGCGCTGAACATGGTCGTTGAGATCGTTGAGGGTTCGCTTCGACTGCTCGACCAAAGCAGAAGCGTTTTCTTTCCAGAGGTCCTGAGTTCCGGGGGGCGGAGCATCCAGGGTGTTGGAATCTAAGGCAAAGAGATGCACGTTGCCCTGGCGTACCTGATAGTAGCGATTGGGAAGTCTGGTGCGCTCATTAGGACGATAGGGGAGGGGTTGGGGGCTGTCCGTCTCAGAGTCCACAAAAGCCTCCATGTACGCAGCCCCAGTGTCGGAGCCCCCCAGAGGCACAGACAGATTCATGCGGTAGAAGAAGTGGGTCAGCACCTTGGAGAGGCCGACCCACGAACCGAGGGTTAGGATTTTCGAGACCCAGCCGTGTAGGTCGTAGTAGTCATGGTTACCGGGCACCGGAAGGAAGGGCAGACGAAATACCAGATTGTGGAAATGGCTTTCCGGGGTTTGGAAGGCCCGGTAGGGATCGATGAAATTGATGTCGTAGAGGCGCGCTTCCCCAGTCAGATAGTTGATGTCACCAGTGTGGATTACCATACGCGCTGGCACCGACAGAGAGGGAGCGCCCGCGCGCGCCTTGTCCTTGGATACTTCTGGCAAAAGGCCGCAGTCCTGCGCCATGAACGTGGCGACAGCACTTTGTGGCGAAACGTGCGCCCCGAAGCGATCCGAATCGCCGGTATCGCCTATGGCGAGGAAGCACCATTCTCCATCGGGTGCGGGTATGCCTTCGATGACCAATTCATGACGGCCTGTCCCGCCCGACCCGCCAACCGTCCAACGGCGGATAATGTCTTTGTCTGCAGGATTAGAAAACCAGTCGAGATTGATGTGCAGACCAAAAAGTGTAAGCATGATGAAGCAACTTTACGATAACGAAGTGATCGGTTCCGTGTTCACGGCAATAATGGGTGCTGGGGGCGCTCGAAAGGAGGTATGGCCGGCAAACCATGCGGGGTTGAACAGCTCAACCGACTATCAAGATTGCAACTGGGAAGAATGAGTGATGAGGAAACGAGTTTCAACACGGCATGCATCCTAGTGGTCTAACCGTGTAGGATCTTATGTCTTTTTTGATTCGTCGTGAAGATTAAATTCATGCCGAACAAGCAATATCATGTAAGTTTAAGTGCCACCGAACGAGAAGAACTGGAACAGGTGGCGCGTTCGACACGGCGCGCGGCGCGGGAGAAAACACGGGCGCGGGTGTTGTTACTCTGTGACACGAACCGCAGTCTGGAAGACGGTGGCCCTCTCACTGACGCGACCATAGCCCACCGTCTTCATAGCACTCTGGTCACCGTGGCCCAAGTGCGGCGTCGCGCCTGTGAGCGAGGAGCGGTGGCCGCAGTGACTCACAAAGAACAAGCTAAACGCAAGGCGCGCAAACTCGATGGAGCCGGGGAAGCCGCTTTGGTGGCTCTGACGTGCTCGACCCCGCCTCAAGGACAGAGCCAGTGGACGCTCAAACTGTTGCGCCAACGTCTGATTGTCCTCGAAGTGGTGGAACAGATCGGCGTGGAGACGATTCGTACCACGCTCAAAAAAACGAACTTAAGCCGTGGTTGAAGCAAATGTGGTGCATCCCTCCCGAAGAAGATGCGGCCTTTGTCGCAGCGATGGAGGACGTGTTAGCTGTCTATGCCCGTCCTTACGATGCCAAACGTCCGGTTATTTGTCTGGATGAGGGCTCCAAACAACTGCTGGGCGAGGTCGCACCCCCTCAGGGATGCGCTCCAGGTGTGGTCGCGCGGAGCGACTACGAGTACGTGCGAAACGGCACCGCCTCCCTCTTCACCGCCTCCCTCTTCATGGTATTCGAGCCTCTCCAGGCCAAACGAGCCGTGGAAGTGCGAGAGCGGCGCACCGCCTTGGATTACGCTCAGGTCCTACGCCGCGTGTGCGAGGAGTTGTATCCCGATGCGGAGAAAATTGTCTTGGTGCAAGACAACCTGAACACCCACGGCGCCCATAGCCTCTACAAAGCCTTTGCGCCACAGATCGCCCACCGACTGATGCAGCGGATCGAGTGGCATTACACCCCCAAGCACGGCAGTTGGCTCAACATGGCCGAGTTGGAATTGAGCGTATTGGCGCGTCAGTGTCTCAAGGGACGCATTCCCGACCGCCAGGCGTTGACCGAGCAAGTCGCTGCCTGGCAAGACCACAGAAACCAAAGTGCCACCCCTGTTCAATGGCATATGACTACTGAAGATGCACGCATCAAACTCCAGAAACTCTACCCAAAGATACTACCCGGTTAGACTACTAGGTTCATTCTACTTGAAGTGAGATGTGTCGTCGTTGATTTTGTGCCCATATTAAGGGCTGTAAAGTGTTTGGGCTAGGCTATGTTCTGAGAGTCTTGTATGTTGAGAGAGGGCAAAGTGAGGTAGATAAGAGTCTGAGCCAGCGTGTATTCGTTGAGCCTGGAAGACAAAGTTGCGCCTTCTCCCCCTTTGCCTTTTTTATCTTTGGAAGTCAGACAGTATTTAAAGCCCTCTCTTGCGAGAAGGAGCTTGCATCCACAAGGCTGGCTGAAAGATAAATCTCAACGGGAAGATAGGGGTTTTGACCATCCTGCTATTCTCGCTGCTTTGCCTTTACCTATGGATTTGTCGCGTCCAATACGCCAATTACAGTG
AP024152.1_gap167	6362907	6367085	4178	CGCCAGGAAAGTGCGAAGTCGCCGACCCGATGATCCCAGTGGGCCAGTTCAAAGTCGAGAATGCCCGAAAGCTGTCCGTTCGTGAAGTGGAGATTCCACGGCGTGAAGTCGCCGTGAATGACTATGCCCGGCCAATTTTGAAGTGTGAGCCCGTCTATTCGAGTGCGGGCGCGGTCGAGGTGCCAGCGAAGGATATGGATTTCCTCGGATTGCTCCCGCTCGTGTTCGGTCAGGATATGGTCGAGAATTGGGTCGGCGAGTATCTGTTCGCAACGCCGCCAAGTTCCACGCTGGCCGAACTCATAGAGGTGTGACAGGTCAGAATGGAAGTGGCCCAGTAATCGTCCGCGCTCACGTTGCTCGGCTACCGAATACTTTTCTGAGGTTGGCTCTCCCGGAAGAAACACAGAAAGGCTCCAGGTATGGCCTTCCCATTCAATTGGTTCTTCCACTGCGTAGGCGACTGGCCACCCCAAATCTCCTAGCCGTGCCAACAGGCGCAATTCGTAGTCGCTGGTCGCGGCCCAATCGGGCGACCAACGGCGGAGGACAAATCGGGTGTGCCCAGACTCGACGAGCCAATGTTGATTCAGCCTTCCACCGAGCGGGGCCAGCACCTGTACTCCGAACCACTTCAAGATTTCGTCGCTCGGTGGAGTTGGCGTGTTCATAGCAATGGAAGCGCGATTGTATGTGAAAAGCACAAAGCCCGCGAGAAATTTCGCGGGCTGTTAGTGGCGTATAAAATTTTTTAGTTGACGGCTTCGGACAGTCCGCCTTTGCGGAGTTTGCGAAGCGCCTGGCCTTCGATTTGGCGAACACGCTCGCGCGACACTTTGAAGTAGGCGCCCAGCTCTTGCAGCGTGTGGGCACGCCCACCGCTGAGGCCATAACGCATGTTCACTACTTCGCGTTCGCGTTCGGTGAGTTCGTCCAGGGCACGGCGCACCTCTTCGCGCAAAATTGCGGTTTCGGCGGCCTCTTCGGGAACAACGGCGTCCACGTCGCGGAGCATGTCCACGAAGTCTTCGCCATCACCAGAATCGCCGATTTCGTCGTCCAGCGAAAACGTCTCGGCCATGTTCTTGAGAACAAGTTCGGCGGTTTCTTTGGTGACTTGCAGTTTTTCGGCAAGTTCTTCGACTGTTGGCTGACGACCGAGCGACTGAACGAGCGTCGCGATGGTGCGGTAAGCCGTTTTGGTCAGTTCTGCGATATGAGCGGGCACGCGCACCATTTTCGCTTGATCGGCGATGGCGCGGCTCATGGCCTGACGAATCCAGAACGAAGCGTAGGTCGAAAAGCGGTAGCCTAGCGCTGGATCGAATTTGCGCGCGGCACGCATCAAACCGAAGTTGCCTTCCTGAATCAAGTCGGCCAACGTGAGAGAGTGGTTGTGCCCCTGATGCAGTTGTTTGAGAGCCATCGTGATGACGAGGCGCAGGTTGGCCTCGACCATCCGCTTGTAAGCGGCTTCGTCGCCTTTAGCAATGCGACGGCCCAACTCTTTTTCTTCGGCGGCGGTGAGAAGCGGCGTTTTCTGGGCCATCTTCACCCAGGCCGCTACAGCATCAGGAAGAGCGGAAGAGGTTGCTTCCACACCACGCGAAGTCTGGCCGGTCGGGTACTGTTTGCTCATTTTTCCTTTGATATCATTCCCTGACGAGGCGCCTGTTTTCGATAGTTGAGAGGGGTTTTTGGTGAAGAAGTCACTAACATCTTCAGCCTACTTTCGTCAACCCTTTGCGCCACGCCTATCCACTAACGCGGCGCAGGGGCGCAAAGTTCCAAATGGCGGGCAGACTTCCCCCTCATTTTACTATTTTCTTTTAACTTTATTAAACGAGGTCGCACGCTTGAGCGGGCATCCAATGCTTTTCTTGTCCTCGCCACTTGACGTTGCAACCAATCGGATTCGTCAGCGGCATCTCGACTTGTTCTCCTTTGAGAAGGGCATCCACGGCATCGCGAAGTTCGTGTGTCGTCTCTTTGCCGGGATTGCGCGGGTTGTCGTCCATGCGTCCGGTGTAACGCAAGTGGCGTCCTTCGTCGAACACGAAGTAGTGCGGGGTGCGGAGGGCTCCATACGCGAGCGCTACTTCTTGAGTTTCGTCGTGCAGATAGGGGAATTGGAAGCCTCGCTCTCTAGCACGCTCGATCATGTGAGGAAAATCATCGTCCTCGTATGTCGTGTCGGCGTTCGAGTTGATGCAGACCAATTGTACGTCTCGGGGTTTGTAGTCGTGGTCGAAGGCGAGAATGCGTTCTTCCGAATTGATGACGTAAGGGCAATGGTTGCAGGTGAAGGCAATGACCAGAATCGGCGACGCGGAAAAATCGGCGAGCGAATAGGTTTTGCCATCGGTGGCGGGTAAAGAAAAATCGGGCGCAGTAGCGCCAATTTCAAGAGTGAAGGCCATAGGATGTGAAATATGCGCGCAGTTTTGGGGCCGCACTGTTAACAGATGAGCCTCAGACTGCGAGAGCATGAAAATTTTAGTGACCGGGGCCGCCGGAACGATAGGGCGGATTGTCGTGCGCGATTTGTTAGATGCAGGGCATGAAGTGCGTGCTTTTGATCGAGCGCCCTTGCCGCGTGAGTTGCGGGATAAGTGCGAATCTCAGTTGGGCGACCTCACTGATCGCTACGCCGTTCTCAAAGCCGTCGAGGGAGTTGAGGGCGTGGCCCATCTGGGGGCAATTCCCAATCCAGAGAATGGAAGCGACCTAATTTTGTTTCCGCCCAACGTGTTGGGGACACAGCTCGTTTTTGAAGCATGCGAAGCTTTCGATGTTGGACGGGTTGCTCTGGCGTCGAGCGGTTCGATATTCGGGTTCGCCTTTCAAAATGCCCCGCATGGCGAAGAGAAAATTGGTCCCCATTATTTGCCGATGACTGAAGAACACCCCATCGAAAATTGCGATGTGTATGGCCTCTCGAAGCAGTGCAATGAAATTACTGCCGGAATGTATTCGCGCCGCACCGGAATGGCGACGACCTGTTTGCGGCTCGGTTGGGTGAACTCAACTGAGCGCCTTAACCCCTGGATGCGTCGGGCTCTGGAGCGAGGCGGCGAGTGGAAGAGCCGTGATTTGTGGGGCTACGTTGACCGCCGCGATGCCGCCCGCGCTTTTCGATTGGCGCTGGAACATGTCGAAAACGGGCACCACATTTTGCATATTATGGCGCAAGATTACTGGTCAACGCTACCTTATCGCGCTTTGCTCGAACTTCACTATCCCTCTCTGTTACCTTCGTTAGATGAAGCTGTTGCTGCGGGCTACGATGCCTCACAAGGCGGTTGGAATACAAAGCGCGCGCAAGAACTGCTTGGCTGGAAATCGCAGCATCACTGGGGCGACCTCGAAGAACTCAAAGATTTGGTAGAGCAGAGGAGCCAGTCAAAGGCGTAAGCCTGAAACTTCTCCCCTCGTAGCCCGCACGAACTCTCGCACTCGCCCGGCATCTTTGACACCTTTGGTCGCTTCGACTCCCGACACACAATCGACTGCAAAGGGTTGAACCTTTTCGACGGCGCGCGCCACGTTGTCCGGGGTTAATCCTCCGGCCAGTACGACGCGAAAACCCGCGTTCACCAGGGCGCGGGCGCCGTTCCAGTCGGCCACTTTGCCCGTTCCACCGTAGACGATACCATCGGGTTGGGTTTCGCGCGCGTCAACGAGGATGGCTTCGGCACCCGCATCGCTGTACTGGCGCGCGAGTTCGAGTAACTGCGACGCATCGCCGTGAATGGCTTTCCAGACGCGAATTTTTTGGCGTGCCAGCGATGCCACTAATGCGGGCGATTCATCGCCGTGCAATTGAAGCACGGCGGGTTCAATTGCCCGTATTAGTTCCCGAAGGCACTCTTCGTTCTGGTTGACCGAAAGCAGAACTAATTTTTCGGGTGCTAAATTACGGATCGTGCGGGCGACTTCCGGCGACACATTGCGGGGCGAGGGCGGATGAGCGACGATAACGCCGATGAAATCGGTGCCTGCGTCAAGAGCGAGCCGCGCGTCGTGGACGGAAGTCGTTCCGCAGATCTTGACTCGCACGATTATCCCACAACGCGCATGGTCGCGTTCTGGGCCGATAGGACGCCCATTTTCTTTGTCGCTTTTTGCATTTCCGAAATCATCATGTCCGTCGGGTAGGCGCCCGCAACCTGGTTGAG
AP024152.1_gap168	6377761	6380314	2553	GATGACTTGAAGCTGGGGATATTTGGCTTTGATCGCGTCGGAGAACTGTGTATAGCGCCCATCGTATGTGCCCGATTTGTCGAAGCCGTCCTCGTTACCAATTTCCACATAGGTCAGCGGGAAAGGGGCCGGATGCCCGTTTTTCGCGCGCACCGCTCCCCATTTCGTCGTCGCATCGCCAATGACGTATTCAATTTCCTCCAGTGCTTCATCGACGAACGGTTGCAGCGCGGGTCCGGGTTCGACATGGTCGCCCTTCAAGGAGTAACCCGCATAGACCGCGAGAACTGGCTGAACCTTCAAATCCTCGCACCATTCCAGATATTCCAACAACCCCATGCCATCGGACGAGCGGTATCGCCATGTCCCCGGATGCCCCGGACGCTCGGAAATGTCGCCGAGCGTTTTCTTCCACGGAAAGCGCGTGTCGATGGTTTCGCCTTCGAGATAGTTGCCGCCCGGAAGCCGCAAAAACGTCGGCTTCATGCCCGCCATCAACCCCATAATGTCGGCCCGATTGCCATTGGGACGCGAATTAAAGGTCGGCGGAAACAGCGAAACCAGATTGAACCAGAACGTGCCCGGTTTGCTAGTCGAAATCACGAAGCGCGTCGCCGCTGTCGTCGGAACATTCTTATCGGTAGTCAGCGAAACGGTGTAACGCTGCCACTGATTCGTCACCTGTGTCACTTGCGCCTGGGCGTAGTTGGTCGTGCCGTCGCTGTTCTGAATGCTGACCGAAAGTGGCCCACTCGAAGCCGCATCGGTGCGGGCATAAAACGAGGCGCGATAAGTAGTCTGTGGCTTCAGCGGAATGCCCCAGTACCCATCGTTGGCAATGCCATCGCCCGCGACCGTCGCGGTTAGTTTCAAACTGGTGGTCAGCGCCTCATTGATGGGCTGGCTTTCATCCAGGGCGATGGCACTGGTGCCTTGAACTGGCGACCAGTGAAGTGGAGTCGTCGTGTCGTCTTTGAAGGAGCGATTTTGAATCAGTTCGGCGTACAGCCCGCCATCATAGGAGTGGTTGATCTCCTCGGTCATCAAACCGTAGAGGGTCGGGCTAACCGTCACGCCCGCTTGCGCCAAATCAAGTGTCAGCGTGGCAGGACCGGCCACTGTTGTGGCGGGAGGTGCCGCTGGAGTGTTTTGGGCACAGGCGCTCGAAGCGAGGAAAAAGCCCGCAAACGCTGGGGCGAGAAGAAAAGTCTTCGCGCCCGTAAAAGACGCATTATTAGGTTTGAAATAGGCTGGCACGGTGTGTTGGTTCCTTCTGGTCAGAATGTTTATGCGGGCTTCGCGGGAGGTCGGTTCCTTTTGGGGGAGAAGTTGCTGTCCGGGGCATTATTTGGATGGAATGGGCTCGTAGATTTCGGCTTCCACGATGTCCAAACTCCCTTTGGCGGTGCTTTGGCCACCTGTTGTGGCAGCATTGGCTCCATTCTCCAGTTCGACGATGTTTCCAAAAGCGTCGCTTCCGCCTGTGGCTCCCACCAGTTCGATGCGAACGCTCTTGCCTGTTGTCGGCGTTACGGGAATCGTGATATATCCCAAACTCTGTTCTGTTTTGCCTTTGAAGACGTCCTTTCCGTCCACCGAAATGCGAATGGGATAGGTCTTGGTGCGCCAGCCACCCATTTTGAGCGTCAACTCGCTGACTTTGGCGGGATGCTCCAATTCAAATTGAATCCAACCCGTAGCACGACTGCCGTCATTGGTCCAGTCGGTGCTTTCGTCATCATCGAAACTCTGCGCGGCTTTGTCCGCGTTCGCGCCCGCTGTCGCGCTCACGATGCGTACCGGCTGGCGCGTTTTCAGCACCGAATCGATGAGTGGGGTTGGGCCGCGCCCCAGGTAGGACGGCATCTGGGTACCAGGCAAGACAGGCGAAAAGCCGTTCGCCATCGGAACCGTTTGTGAGTTGAGTGAAAGAGTGGCGCCTTTTAAACCCTCCGCCGTTGCCGACAGCGTGATTTTGCCGCTCTGAGGTAGTGAACGTAGAATAACGCGGTTTACCCCGCATTCTACTGGCAGGCTTTTGGACAGAATAAAGTTGTCCGCTCCCTGCGCGATGCCACCCCGCCACTCGGCGGGGCCGCTCAACGTAAAGTTCACCAGGTTGAGTGCTGTCGGGCAGCGATTGCCTGCCGCATCCACGACCTCCACATCCACTAATGCCATGTCAGCCCCATCGGCTTGCAAGCCTTGCGGCCCCGTGTGGGGTGTCAACCTCAGCGCGGCAGGGGTGCCCGCCGTTGTGTGGGTGTCCTCGCACACGTTTTTGCCGCTCGCATCGTAGCCCACCGCGCGAATTTGACCCGGCTGCCATGAGATGTTCTTCCACGAAAACAAAAACTGGTCGCTTTGTTCGCCGAAGCCTTTGGACTGGCCATTGATGAACAATTCGACTTTCGCGGCGCTTGAAACAACGTAGACAGGCTTAACCGTTTGCGGCGTATAGTTCCAGTGCCCAATGAGGTGAATACGGGCGTGTTCCGGGTTCACCCAGCCGTCCCACATCACCTGATTGGCGAAGTAACCATCTTTGGGCAA
AP024152.1_gap169	6385472	6388970	3498	GCAATTCCATGAGAGTGAAAAAATACGTATTTGAGTGTGCGTGTTATCAGCTGTCTTCAATGAGGATGTAATTTTCATATTGATACCTGAAACCTCGCCTCTTGTGTGTGGGGGCCGCTAAAATTGAGGGTGCTAAAGGCACCTATTACGGGAGCAACAATTAAGAAGCACCTTGAAGATTGGACTTTGTTGGTTGCTACGGAGAATCGTTTGTAGCGTAAAAAGTTCAACGTGGGCATAAAACCTCGGTTTTGTGTTGTGTCACTAATAGAAGCCATCAACTTCAACTCAGGACCGGAGGCAATCGGTCTACTATCTCGAACTTGGGTTCATGGACAAGCCTCGCTCCTTAAGGGCGCGGTGGTTAACCGTCCGTATACCAATGTGTTTTCTCCGAACGTTCGCTTGAAGTTAATCGTCTCGAATTATCTTTGAAAACCGGTTTGCGGATTGATTATACCCACATTAATTCGTTTTTAAACAAATTCTAATCTTTCAGGACAGTAATTATTACTGTCTGTTCTCAAGCAGGTAGCAGCGGCTTAAAACGGGAGACTCTGGTGAATTTTAGTCTGGCATCGACCTCGGCCACCTCCACTGAAATTAAGAGAAAGGCTTGACGCCAAGGCGAATCTGTATGATTTTGCATAGGGGCGTACAAGGCTTTGCTCATTTGCCTTATGCCCTGTGAGTGTCCGCAGAGACAGGAGCAGGAATGCCAAAACCTTCCGATCAAGAATGACTGGAAGGTTTTGAAGATGTTAAGACTCAATCAATTTTGTGGTGAGGCTAGAGGGGCCGTTGCAAAGTTGACCTTGAATTTGTTGCACCATACCGTAACCGCCAAATATTGCCACAGATCAATGTTTTTCGGAACAGCGTAGATCTGCATGCCGGACAGCGATTTCAGTTTTCCAAGGTCGATAAAGCCCGCTTTTTTCACACCAGTGCTGTCTTTAACGTCTTCGGCTTTCACCAGATACAGGTGCAGATCTGGGCCTTTGGCTGAAGAGAAGTTCGTCAAGGTCAGCGTGCGTTGGCCCTGACTGTTCTCCTTGATCGTGGCATTGCCCTGCACACCTTCTCCCACTTTATGGAACTGGCCTGTCGTCACCGTTACGCTCTTCGCATCGTTTGTGCTGACAGGAGCCATCTGCGGAGCCGCCACGAGAGCGGGCCTGGGCGCCGAGGTGCCGTTTTGGAGTGCGGCTCCGGCGAAGTTGACGCCGAAGCGTTTGCACCAAATGGACACACTTTCGTATTTTTGTGGGTCAAAGTTGGCGGGCAGGGTATAGTTCTGATCGCCGATGTTGCCCTTGAGCGTGCCCAAGTCGAGGAATTGACCGTTTTTAATCTTGGCGTTATCGGTTCCGTCGCGGCCTTCGACGGCGTAAACGTGAACGTCGGGGCCATTGGAGGTAGAGAAATCGGCTAAACGCAACACATAACCGTTTTGGTTGCGGTTATAGAGGCGGGCGCTGCCTTCAGTGTGGTGAGCGAGGCTTGTAAATTGGCCTTGCGAAATCAAAGCTGGGGCGTTTTGACCGCTCGTGGGCAAGGTTTCACTTACTGTCTGGTTGACGAACAGAAGTTCGGGACGAAACAGCGCCCAACCACCAATAGCAAAGACGGCGGCTACAGTTGTGGCGACAATTTTTTTACCTGTGCTCCAGGTCGCCGGATGAAAACGGCTGTATGTTGGTCGGGAAATGAGTGTGATGTTTGTGTTATTCATTGGATTTGTCCTGTGCGCTTTTTCGCTCTACAGCGACTTTTTGTGCGCCTTCTCCCTCTCTAATGCCGTGTGGAAGTTCTTGTTCCCGGTTTGAAAAAATTAATTTAGGAAATAATTCGTCGCTCACTATGCTTCCTATAAGGAAAAGACACGCATCCGCGACAAGTCTGGCTACGATAGGACCATATTCCGTAAAGTGTTGGATGTGGACCGACCTCTTCGGGGAAGAGGACATATAATGGATTCTCGTTTTTTCTCGTTTGTTGGTGCCCCTTCCGGCGAATGGCGCATCCTGAGCATCGCGGGAGTCGCAGGAGAAAGCCTCGAAAACGCGTCCTGCCTCCAAATTCACAACGCCAATCTGGTCGCTTTGCCCGAAGGCGCGTGCTGGGTTTTGCGCGGTGTGACCAGCAACACGCGGTACACCACGCGGGCCGAGCAAACCGCGTTGGCGACGATTCAAGCGCCTATTGGCCGCCCCAGTTGCAGCCATGCGGCGCTTATTCCTATTACCAAGAACGCTCTCTAGTGGTCACTGACACAAGACGAGCGCCGCGAAATTCTAGAAGAACGCTCGGCGCACATTCAAATTGGGCTTCGCTATTTGCCCGCCATTGCGCGGCGCTTGCATCATGGCCGCGACCTGGATGAGCCGTTCGATTTTCTGACTTATTTTGAATACACGCTCAACGACAGCACGGCTTTCGAGGAGTTAGTAGCGGCGCTACGCCAAAGCGAGGAGTGGAAATACGTCGAGCGCGAAGTGGATATCCGGCTCGAACGTAACCTTTAAATTGCTGAGTGGTCGGTGGAGACGTGTTTTGGCGCAGGAGTCGAAAGCTGCACCACGTCTTTGGAAAAGAACACATCGAGAGTCCAATCCAGAGCCACGCGCAGTTTCTTTTCGAGGCGAGGCAATTTTGACAGGTAGATCAGGCGCCACATGACCCACGCCACAAATCCGGAAAATTGAACGCCAAACACATTGGCGACACCCGCCCGGTGGCCAATGGCGGCGAGTTGGCCGATGGTTTTAAAGCGGAAGGGCACTTTGTCCTGGTCGCGCAAACTCGCGGCGATGTTGCGCGCCACTACTTTTCCTTCGCGTAGCGCATGTTGCGCGGTCGGAGGATGAGGTTTACCCGTTTCTTCGTTCATAATATATGCAGCATCGCCAAGAGCCCACACCCCCGGCCAACCGGGGACTTCGAGATGTTTATCCACACGCACGCGACCGCGCTCGGTCATGCACGGTAACAAACCCAACAGAGGATGCGGGGCATTGCCAACCGTCCAGACGAGGGTATGGCAGGGAACTTTTGTTCCATCCGATAACTCGATGCAATCGGGTTGACAACCCGCAACACGCGTTTGAAGGCGCACCTCCACGCCCGCCTTACTCAGTTTCTGCGCGGTGTAAGTTCCCAACTTGGGGCCAAGTTCAGGGAGCAGCAGTTCGCCGGAATGCACTAATATCACGCGCACATTTTCGGGCGTGAGCGCGCGGTAATGCCTCAATGCACCATGCAAAAAATCGTTGGTTGCTCCCGCCGTTTCTACGCCCGCAAATCCGCCACCAGCCACGACGAAGGTTAATAGTGGTGCCCGCATTTGTGCGAAACAGTCGGCATTTGCCACTTCCAGACTTTCAATCAGCCGATTGCGAAGCGTAACCGCATCTCCTAATGTCCTCATCGAGAGCGCATTTTCTTCGACACCGGGAATATCGCCAAATCCGGCGACACTACCCGGACACAAGACCA
AP024152.1_gap170	6511644	6512611	967	GCCGAACGCCCATTGCTGACCATCGAGACTCTTCCCTGGCGTGAAACTGAGTGGCGCACCGTCCCTGTGCGCCAACTCGAAGATTTGCCGAACTATGATGTCTCCCAGGTAGATAAAGGGTTCAGCAAATACGGCGGTTGGCTCTCGAAAAAGGTAGACGCGACAGGCTTCTTTCGGGTTCAGAAGGTGGGGGAACGCTGGTGGATGGTCGATCCCGAAGGATACTTGTTCCTGAACCGGGGACTGAATGGAGTAGGGCCGGGTTCCTCGAAGCCAGCGCAAGATGAATTGGGACAAAAGTTCGGCACGAAAGAGCAATGGGCGATTCAAACAGTGCAACTGCTACGCGACAATGGTTTCAATGGCACCGCGAACTGGTCGGACGATGCCCTGCTCAAGCAAGTGCCCCAGCGCCTACCTTACACACCCAGTTGGAACTTCATGGGCACTTACAAAAAGGAGCGCCATGTCTGGAGTACTACTCCTGGCAAATCGGTTTACCCCGGCGACGCTATATTCATCTTTGACACGCAATTCCCCGAATTTTGTGACCGTCACGCCCAACAATTGGCAGCCTTCAAAGACGACCCTTTTCTCGTCGGCCACTACTCCGATAACGAATTGCCGTTTTTCAAGAACTCGCTCGATAACTTCCTCACCCTCAATCCAGAGGACCCCGGTTACAAAGCGGCGCTGTCCTGGCTACGAGAAAAACATGGCCCGAATGCCTCGACCAAGGACATCACCGACGACGACCGGCAAAAGTTCGTCGCGTTGGTGGGTGAAAAGTATTTTTCGGTTGTCTCGAAAGCCATCAAAAAATATGATCCCAACCACATGTATCTGGGAACGCGCTTTCATGGCAATGTGATGGATCAGCCGCTTTTCATGCAAACCGTCGGGCCTTACATCGACGCAGTTAGCATCAATTACTACGGTCAGTGGACACCCCGCGCCGAGCGCATCG
AP024152.1_gap171	6513992	6516355	2363	GTTTTTCTCAGTTCATGCAGGAAAATGATCTGACATGGGAATGGAACGACTTAAAAAAGCAAGATACCATCCAGTTAGCAGCCCACCTCAATTCCTTGCCCGACTTTCCTGAAGTCGTGGTCGCTACTAATGTTCGACGTGCTTTAACAGTGGCTCTTGAAGCGCAACGGCGCGGTCTACGGCTTCCCGAAGACTTGCAACTCTTGTGCTTTGCCAGCTTGCTGGAACACGCTCAACCCCTTTTGCCTTACGCCAGCGTCATCATGCTGGACGAACCCGAGGTGGGTGTCAGAGCTGTGCAACTTCTCCAGGGAAAAACCACTCTGGAGAACAATCGTGAATCTGTGGTTGAGCGCGTGCCCGCCCATTTTATCAGTGGTTTGTCGCACCGCATCAAAGAACCCTTAGAGCCTATTAGCGCGTGATTCCCTGGGGAATTGCGTTCGATTTGGAGCCACGTCTCCATAACATTTATCATGCAACATCTCTATCGCGCTCGCACATGTCGTCAACTGTCCAAGGCATTTACCCTTATCGAATTGCTTGTAGTCATTGCCACTATCGCTATCTTGGCAGCGATTTTGTTTCCCGTTTTCGCAAGAGCCCGCGAAAACGCCCGCCGTGCCTCATGTCAATCCAACCTCAAGCAAATCGGCTTAGGACTCACTCAATATTCGCAGGACTACGACGAACGGATGCCGCGTTCGTGGTCGGGAATAGATAAAGATGCTTCTGGCGCTGGACGTTATAAGTGGATGGACTCTATCTACCCTTATGTAAAAAGCGAGCAGATTTTCAACTGCCCAAGCGACACGGCGAATGCCACCCGCTCTGATATCAGCAAAAACGCGCTCTACAAATATCACAATGGCAGCGTAAGCGACGGTATGGGCTATAACTACGGGAGTTACGGCGCCAACAACGCGTATTACGACATTGGCCCCGATGCATTGCCACCCTTTTCCAGCGCGGCTAGCCTTTCGGCCATCGCAGCCCCTTCCACAACTATCTGGATCGGCGATACCATTCCCACCGATTCGACGAACGCAGCTTACCACGCCTTTGAATTTAACTGGGCGACGCGCGCCGATCAACCCACCGCTCCTGTCACTGTCGGCAACAGCCCTGCTTTAGTGGGTACTTCTTCTTCCATTGGTATGGGCGCACGCCATCTGGAAACGACTAATCTTCTGTACTGCGATGGGCATGTCAAAAGCGCCAAGCTAACTTCCCTGTTGCAACTCGGCACGACTGGCTATTACAAAGCGTTTACTTCCAACGACGACTAATTCGATGGGCCAACATACCATGAAACTTCCCGTCAGTCGCCTCTTAAAGGCAGGGCTCCTCGTTTCCGCTGCGGTGCTTCTGCTTCCTTCGTGCGCGGTAACGGCAGCCCAAAACGAGCCGTTGGTGCCTATCACACAAATCAAGCCCGAACCCATCGCTCAGGGCAAGCGCGTTTTGCCGCACGCGATGTGGGTCTGGGATGCAACCGCTATCACTAATCCCCAAAAGGGTCAAGACCTGTTCGATTTTTGCGCGAAAAAGGGCATCTCGGTCATCTACCTGAGCATGGGCGACATCTTCTCGCCTAAACAACGCGAAGCCACCGACCCGAAACACGTCACCGCTCCGATGCTCGGCAAATTTTTAAGTGCAGCCCATGGGAAAAGAATCGAAGTCGAAGCCCTCGACGGCGACCCCAGTTTTGCGCTACAAGACAAGCACGCTGAAGCACTAGGACGCTTGCAGAAAGCGCTCGATTACAACAAGACAGCAGCAGAGAACGAACGACTCGATGGTTTCCAGTGGGATACCGAGCCCTATATCTTGGAAGATTTCAAAAAGGATGCCGCATCGCAGCGCGCCGTATTAAAGCAATACCTCGATAGTGCCGCCCAGATGCGCGATGCCGTCAAAGCCAGTCCAACTCTGCGCCTGGGCTATGCGATTCCCGCCTTTTTTGATGAAGACGCACGCTCCGTCGAATGGGATGGTATCACCAAACCGGTGACTTTCCACCTGATGGACATCCTGAATACGCTTCCCACAACCTACGTGGCGATTATGGCCTATCGAGACAAAGCGCTCGGCGTGAATGGCACTGTTGAAATCTCGCGTGGCGAAGTCGCTTACGCGACCAAAAGCACTCCCAACGTCAAAGTCTGGATTGGACAGGAAACGCTCGATGTCAAAGGCGACCCGCCTTCCATCACCTTCTGGCAGGAAGGCGAAAACGCGCTCAATGCGGCACTAGGCCAAATTCAGGGTGCCTATCAAGACAAACCCGTCGTCGCTGGTTTAGCTATTCACCACTGGGGCAGTTATCGCATTCTCAAAGCGGGCGACCCAGTAACGCC
AP024152.1_gap172	6658543	6662148	3605	CTCCAATGTGCCGCCCGTTTGTTGGTCCTCACCGGGCGCGTACCGAATTTAGAGGCGGGAATGGCGACAGCGCAAGCCTGTCTCGAATCGGGCGAACCACGCGCCAAGTGGGACGAACTCCTCGAAGCGCAAGGTGGCGATTTGAGGGCGTTTGAGAAAAAACTGAACGCCCCGGTTGCCGCGTTCGCATTGCCTATAGAGGCCCCTTCATCGGGCAAGATTACTGCGTGCAATGCTCGAACTGTTGCGGAAATTGTGCGCGATCTGGGCGGTGGGCGAGCGGCCAAAGACTCCGTTCTAGATTTGAACGTCGGTCTCGCCGCTATGAAAAAGCCAGGAGAGCGAGTAGAGCAGGGCGAAAAATTGTGCGTACTTTATGCCCGCAACCAGGCCGAGGCCAACGATAACGCCGAGCGAGTGCGCTCGGCGTGGAAGATTGCCTGATGTTTTATGAGTCAAGGCGCATTGTTTGACTCCTTTTGCTGTTTTGGTTGTTGGAACTCTTGAACAAGAGTTCTTTGCTCAGTAAGGGGCATTTTCGCGCTTAAACGCCTTGCCGTGTCTGCGTCTCGCGCTGAAGTTCGCTTGGTGCAAGTCCGTCTCGCGGACACGGCAACACCCGCAATCGGGTACCGGTCCCTACGATCCGAATTCCTATTTCATGAGTTTCGCTGCACCCACGAGCCGCGCCAATTTGCGGGGCTGAAGATATCGGCGAAGGTTTGTGAGGCGAATCGGTCGGTCATGCCCGCCACGTAGTCGCACACGCAACGTGCCAGTTGAGGTATGGTCAACTCTTGCCAATTGCCCGATTCGACTGGGCATAGCGCGCCGCGCATCGCTTTGGGGCGCTCCATGTAGAAATCGAACAGCTTGTTGATCACATGGAAGACTTTGGGTTCTTCCTGCGCCGAGTTGGGCAAGTAGACGTGTTCAAACATCCAGTTTTTCAGCGCGTCGGTCGCTTGCATAATATCGTCGCTCATGGCGATGCGTCCGGTGCATTGGCGTTCGCCATCAATGATGGCGCTTGAGGCCTCAATGATGGCTCCTACCATCGTGGTAATGCGCGTGGCGTGGCGTTCTCCCAGAATTTCGAGGTATTCTTCCGGCAAGTCGCTGTGCTTGATGACGCCCGCACGGATGGCGTCGTCAATATCGTGATTGACATAGGCCACACGGTCGCAGATGCGGATGATTTGGCCTTCCAATGTCGCCGGTTTGCCGCGTCCCAGCCACAGGTCGAGCGATTCGCCCGCGAGCAAGTCGGCCTTGCCCTTCGAGTGGTGCAAGATGCCGTCGCGCACTTCCCATGTCAGGTTGAGACCCTGACCATTTCGCTCCAGGTGGTCAACGATGCGAAGCGAATGCTCGTAGTGACGAAACCTCGCTCTGGCGTCATAGCGTCTGTAGGCTTCATCGAGCGCTTCCTCGCCGACGTGTCCATAAGGGGCGTGTCCTACGTCGTGCCCCATGCCGATGGCTTCGACTAAATCTTCGTTCAATCGCAACGCGCGAGCGACAGTGCGGGCAATCTGGGTGACTTCGAGAGTGTGAGTCAGGCGAGTGCGGTAGTGATCGAACTCCGGTGAGATGAAGACCTGGGTTTTGTGCTTCAGGCGCCGAAACGCCTTCGAGTGCAAAATCCGGTCGCGGTCCCGTTGCCACTCGGTGCGAATCGGGTCCGCCGGTTCGGGGATTTCGCGGCCCTGCGATTGGCTGGAGATTGCGGCATGAGGCCCGAGCCAGAGCATTTCGCGCGCTTCGAGTGCGGCGCGCACATCGCACAAATCGGAATAAATTTTTGTCGCCGTCATAAAATTGGAAAACACCTCACTCACACTGAAAAAATTAGTTGGAATTCGATAAAGCCCATTCAGACATGACTGATGCTCCGAATGGGGTGTCGAGTTTCATAGGAACGGAAGCGAAGCCAAAAAAGGGGGAGAAAGTTAGCTGTGGGTGAGCGAAACCAAGCCTCTAAATGATTTCGTTCACCGGGTCGTAGCCGTCAACCGCGAAGTCGCGGGTCGCGCGGCGAGAAGGTAATGTCGGGTCGTCTTCGTAGCGTCGCGCCGCTTCCAGAAAGAGTTTGCCCACGTTGGGTAACGCGGGTTTCATCGCCGTCAATACTTCCTCGTGCGAGAGGGGAGTGTCGGAGATGCCCGCCGCCGCATTGGTAACGATGGAAACCGCCGCATAAGAAATTTCGGCTTCGCGGGCCAGAGTGCATTCGGGCACGCCTGTCATGCCGACCACATCGGCACCCCAGCGCGAGTAGGTCCGAATTTCTGCCGCTGTCTCGAAGCGCGGCCCATCGGCACACAGATAAGTGCCTCCGTCCTGCAACGTGAGGCCAATATCACCCGCGACACTCAGCAATAGTGAGCGTAAATGGCTACAGTAGGGATGTGTCACGTCGGTATGGACGGCGCGAGTATCGAAGAACGTTTTTTCGCGGTTCGACGTGACATCGAGAAATTGGTCGAGTACGACCAGAGTTCCCGGCGCCCATTCGGGGCGCAAACCGCCAACCGCCGTCGATGCCAGGATACCAGTCACCCCCAACTTCTTGAGCGCGGCGATATTGGCGCGATAGTTGATTTTGTGCGGCGGTACCGTTTTCTGGCTCGCGTCGTCGGGTTGTGCATGACGATGCAAAAACACCACCCCTTTATCGCCTAGCATCGCTCGTGTAACGTTCGCGGCGCCGAACTTAGTGTCAACGCGCTCGTCGGTTGGGTTTTGGAACGGTGAATCGGGGCCGCGCAAATCGAAGCCGGTGCCGCCAATGAAGGCAATCAAGGTATCGGACATAATCGGTGATGCAGTTTCGCTCAGGCATGAGCGAAGACCACGACGCGGTGCAACAATCCCTCCTCGTTGAATTCAACGACGTGCAAGCCCAATTTGCCGTTTTTGGATGCTTCGGTTTCGCGGTGCCATTCGATGTAGGCTCGCTGTGGTGTTGAGTCCAGTATTTCGGTGACACGGTGAATCACCAAAGTTTCGCCACGTCCCTGCAAACTCGTGGACATCGTAGAGATGGTGGATTTGACGCTGGCTTTGCCTTCGGAAGCAGGGCCATAGGCGGGGTTAAAGTAGATGCCATCCTCGGCCCAGTTGGAGATGAGGGCATCCATATCGTCGCGCGCTAAGTCGTCGAAAACGACGCGCATTCTTTGTTCGGGTGTCATGTGATTAAAAAGTAGAAATTAGGAAGCCGAGCCGTGAACGACTTCGGAGGGAGTCCCGACGGGGGCACTGGTGATGGCGTGACCATTGCTGATGCCGCCATGATCTTCGGTGGTGGCCTGCACGAGAGCGTCGCCATTGGTGAACTCGTGCCATGTCATCGGAGCGCCGCGATCTTCGAGCGAAACCATCGTGATGCAATCGGGAACCGGGCACACCAGCGAACAGAGGTTGCAGCCGACGCATTCGGTTTCATCCACGACGGGAAAACGCTTATCGCCAATTTGAACGAGTGGAATGCACTGGTGCGCGCCGTCTTCACAGGCGATGTGGCACAGATTGCATTGGATGCATTTGTCGTGATTGATGCTGGCGACGGTGTGATAGTTGAGGTCGAGGTCGCTCCAGTT
AP024152.1_gap173	6799142	6802390	3248	TCGTGGATGCGGTCAATTTTGCCGTGAATACGCAAAATCGGCTGTTCATCACTTGTAAGATGCAGATCGGAAGCTTCGACCTGTTTCATGAAGCGGAACAATTCGTCGATATGCCCGATTTCTCTGCTACCTGCGGGCGCCTTGGGGACTGCGGCGATGGTCTCAGCCGGGCGAGGCGGCATACCCGCGTTGGCAGTGGGGACCTCTTCGCCGTGACCGTTCGTGCCATGAGGCAAGATGGCCATCTGCGTTGTCGGGCCGTTGCGTCCCACCTTGATATCGAAGGGGCCGTGAGCCGATTGATAGGAAAACGAAAAACCGCCGTCATGCGATAGGTTTTGGCGCAGATGTGGCGGCGTGATTTCGTTGAGGATGTTTTGCAAAGCGGCGCCCGGAACCACAGTTCCCGCCGTTTGAACGCCAGCGATAAACATTTGCATCGGCTGGTCGTTGATGAGCATAACGCGCTCGGCGTGACGTTGAGACATCATGCCAATGAGTTGGTCGATCTGAGCCATGAATGTAGAAAGAAGCGATGAAAAACGATGATGAGTTTATTATGTGTTTTATAAGTTGACAGAATGAAAATGCCTGATTCAAGAACTTTTTCTTCAAACAAGAAAACCCTCAGCATAAAACAATAAATTCAACCCTTTTTACTCTTTCCACACTGGCCCAAACCTAAAAACAAGGTGTTTATGACTCCTCTTCATTCTCGTACCAATCCTCCCAGAACTGGCGGTCTCGCTCGGCTTTTTCCTTGAGGTTCTGCTCCCACTCACCCTCCGAGAAAAACGAGGAGGCCAATTCCTCTGGTGACAGAAAAGGGTGTAAATCCTCGAACCGATACGAAATATCGCGCCAGACGACAGTTTCATTCCATCTCGGATTTCCGTACCGATAATTAAGAAAAAGGTCTGTCACATGCTCGGCTTCCAGATGCCCGCCGAAATGCCGTCCCACCAGGCCATCCCGGTATTCGACCAGAAACACCCCTTCATAGCGGGGGTGTCGTGTCGGACGCGCCTGAAGATACGATTCCGTCAGCGCGCCGGGAGCCTCGTCTTTCTTTTCTAAAATGACATAGTCATTGCCCGATGTATCCGCAGGTAGCGCCGCGATGACATCAATGATTTGTTCGTTAGGCGGATCTTCGACTTCCCACAACGAATGAACTATGAGCAGGAATTTGGTCTGCATTTTTTCTCTTGAACAGAAGTGTTGCCCCCGGGCGTTGAGTTGAATAGGGAAGTGTGCTTGTAGAGGCTATGAGATGTTCGCCACTCCAACGCTAACCGCACCACGCGGAACTCACCCCATGAATAATCTCCTTAAAGAATCGAGCGCAACAGGCCACCCTCAACCCGAAGCGCCGCGCCATTAGTAGCCACCGAAACCTGGCTACTGACGTAGACAATCATATTGGCGACTTCTTCCGGTTCGATAAAGCGTTTCAAAATGGATGAGGGGCGCGCACGCTCAAAAAATTCCTTCTCCATCGCTTCGGTTGATAGCCCCTTCTCCCGCGCGAGTTGCCCCACGAAGGTCTCCACTCCCTCGGACGCCGTCGGTCCAGGAAGCACGCAATTGACTGTGACTCCCGTTCCTGTCGTGGTTTCCGCCATCCCCCGCGCCACCGCGAGTTGGGCCGTTTTGGTCATACCGTAATGAATCATCTCTGTCGGAATGTTAACCGCAGATTCGCTCGACACAAAAATAATGCGCCCCCAGTTCTGCGCCTTCATGCGTGGCAAGTAGTAACGACTGAGCCGAATACCAGACAGTACATTGACCTCGAAGAAGCGTAGCCACTCTTCATCGCTGATTTCCTCGAACGGTTTCGGCTCGAAGATGCCCAGATTGTTAACCAGAATATCGGCGTCAGGTGCCTGACCAATCAGCGCATCCACTCCTTGAGCGCCTCCCAGATCCGCCGCAACTCCACTGACCACGGCGTCTGGTACAAGGTCTTTCAATCGCGCAATAGCCGACTCAACCCTCTCTGCCTGACGACCATTGATGACGACATGAGCCCCCTCTCGCGCCAATCCTACCGCCGAAGCGAAACCAATTCCAGCCGTCGAACCAGTCACGACAGCCACTTTATCCTTAAGTCCGAAATTCATAAGCGAATTATCCTTCCAAAGTCGAGTTTCAACACCCTCTATTTCTTGTTTGTACGCCAATCGCGCCGGTAAACATAAGCGCCACGCGCAAGAGTGGTTCCGCAACCACTCCCGTTCTTCAGATGGGACTTATCTGCCAAGAAATCATGAACCTCTTAACACCAACTGCCAATAATGGGGCTCAAGAAAAACCTTTCCATGAAGATTAATCCTCAAGCCATTCCGTTCAGCATTTCCGGTTCGTACATGGCCGTGAACTACCTTTGGTGGGAGTGGGCAATCACCCCCAAGACGCCAAAAGGTTGGTATATTCGCGGCGTCGGCGCCAGGTCGCGCGAAGTGTTTGAGTTGATCCCCATCCGTAACGAAACGGTCTTGATTATCGCCGACGCAACCGCAACTCCAGGCCAATTAACCCTGTCTGTTGATGACGGCACCATCGAATGTACTTGGGCCGATACCGCGACTCTCCACATCCGCGTTCGCGGTTGCCAACTCCGTTTGCGCGCGATTACACGGGCCTGGGCCAACGCCTACCAGACGAACGGCGCGTGGATGGTCATACCCGATAGCGAGTGCGACAAGTTTTTGTGCGTTCCTCTGCGCGGAGCGCTCACCGCGAATTGTCAGTGGTTGCACCGTCCCTCCCACGATCAGGTTGAATCGTTAGCCCTGACCGTCACTCCTGATGCGAGTGGAGAAGCGCAAATAGCCATTTGCGCCGACGAGGTTCAACCACACTTTCCCACGCAGTGGTCTTCCTTCGACAACAATGTTCGGCGCATTGCCAACGATTTTGCTCGTTTTCTTGCGCCCTTCCCCCCACTTGCCCCCGAATATGCTGAGTCTCGCGATTTGGCAGCCTACATCTTGTGGGTTTCCACCGTCGCGCCACGCGGTCATTTCGCGGTCCCTGCAGTCCTCATGTCCAAGAATTGGATGGACAGCGTCTGGTCATGGGACCACTGTTTCACCGCCTTCGGACTGGCAAGGGCCCACCCCGAACTCGCATGGCAGCAATTTATGTTGCCCTTCCACGCACAGCACCCTTCGGGAGTGCTTCCCGACAGCATCAACGCGCGATCTGCATCATGGATGTGTACCAAGTCGCCAATACATGGC
AP024152.1_gap174	6811748	6812570	822	CAGCGTGACATCGCGCGTATCGTCCACAAGCGGATAGCGCCATGCAAGGGTGTTTGGCTCCCTCTCCAGCGGCGCGGCTAATTCTATTTGGACACGCAAATCTTGCCTCGCCGCGACCTGCGAAATGCGCGCACGAAACACGTTTCGGTTGGCAATCTCGACTTGAGAGGGAGAAGCATTCTCTTGGGCGACCTGATAAATTTGCGCGGCTCTCTCGCGGTCAGAAATGTAGGCCACCACCTTTTCTTTCCCAAACCAGTAAGCAAAGCCCGTCACGACGGCGCCTGGAGGCGCCGCATAAACGAAGTCGGCCTCAATGCTCGACCGGTTGGCGTTGGCATAGACCGTGGTAATTGTGGTGCGTGCGAAGGCGCCGTCCACCTGGGCGCGAATATCCATCGCGCGAGGTTGCAAGTTGCGCGTATTGCTCTTGGTGGGTTTGAGTAAGGCACCCGCTTGTGAAACTGCCGCAGTGGTAAACAGGCAGAAAACGAGAAAAAGAGGTTTCATGACGTGAAAAGCGGTAACAGCGTTTTTCGCATCGCGCGGCTTGTAGACGGCCTCATCATGGCGTGCGAGGTCCTTTGCGCGATTCTGCGAAAAATATGTCTTCGAGGCGGACACGAGTTGCTTTCAGGGTTATGCGTATCCGCCTCAGGTCAATCCGTGTTTTCTAGTGGTTTAAATCCACCATCACTTCGGTCTTGTTATGGGCTCCATCAGTCAGCAGAAAGCGGACTTGTGCCTTGGCATCGCCAAAAGCAGCGGGAACGGTGGCATCGGCGACAAAGACCGCATTTTCGTTCCGGCGTAATTCGATGC
AP024152.1_gap175	6859625	6862070	2445	TGTTGCCCTTGCGCGTGACACCTATAGTGACAGTGCCTACATCTTCGTTAACCGAGTAAGTTGTCGCATCGAAATTGACCGATGGGTCATCGTCTAAAATGGTAACAGTGGTTGTTGCATTCGGACTGAGCGTTATAAAGATATTATCTGTCGGTGGGGTGACGAAGGCGGGATTGAAGATCCTGACGCGGAAATTTTCGGTATTTTCAGCGATGGTATCGTCTATGATCGGGACCTGAATGGTTTGCGTCGTTTGATTCGCGTTAAAGGTCAAGGTGCCACTGGTAAAGGTATAGTCGTTTGGCTGGGTTGCGGTGCCGTTGGATGTCGTGTAGTCAACAGTAATGGCACGAGACTTATCGCCTGAACGTGTGACCGTGATTGTAGCAGTGCCACCATTCTCGTTCACCGTGTAGTTATCTGAGGCAATGCCAACGAGAGTGTCATCATTATCAACTATAGTCACTGTTGCGGTTGTATTGGGGCCAAGAGTAGTATTGCCATTACCTGCCGGGACTGAGAGCGTAACCGTGAACGTTTCATCGCCTTCGTCGAGAGTATCGTTGGTTATAGGAACGAATATCGTCCGGCTGGTTTGGTTAGCCGCAAAATTGATGGTGCCATTCTGTCCGGTGTAGTCTTGACCGGCAATCGCAGTTCCATCCGTGAATGCATAATTCACGGATGTGGCTGAAGAACTATCGCCTGTGCGGGTCAGTGTTAGCTGGGCAGAACCAGTTCCTTCTGTTACCGAGAAGAGCGTTTGCGTGAACTGGATGGCGGAATCATCATCGTTGATGTTGATATTTGCCGTTCCCGTGCTGATGGTTGTTGTTGTACCATTACCTGAGTTTGGTACGGATAAGTTAATGGTGAATGTCTCAGACAACTCTGAGACGTTATCATTAACAATCTGTATTGGGATGAATTTGGAAACTTCGTTAGGGCCAAATGTCAATGTGCCGCTGGTAGTTATATAGTCGCCCGGTTGGGTTGCTGTACCATTGGCCGTTGCGTACTGTACGGTCGTTGACAGGGTTGTATCGCCGGATCGGTCAACTCGCACTAGGTTGCTGACAACTCCAGCGTTCTCACTGACTGTGTAACTGGTGGCCGAGAATGAAAGTTGAACTACTCCTGTTGCTGCCAGACGCCACCCGCGCGATGAGGGCGCCGTGGGACCAAGCAACGTCGAAAATCCTCCAACATTTGCTAAGTTGGCAGATGTTGACGAAGGAGTAGGCGTCACACCCACGTTTACAAAGGCGTCACGTGATTGATATGATATGCGCGCATGTGACGAGGGGGTGGAGCCAAAAGATAAAGTTTTGGCCATCGCAGAATGGCCAGAAGCTAGAGCTGTTGCTCCAACTACAAAGACGGCGCACATCGGAGACAGCGCGCGCAGGAAGCGGGAAAAGTGATTCATGAATCCCAGAAAGCGGTGAAAGTGTAAGTATCTCGCAAAGAATGAAAAGGAGAGCATCCCCCTTCTCCAGAAGACTTCTTGACAGCCGCACATTAATAGAACACAAAAAGCGACGCTGGTTGCGTCGCTTTCATTATAGCGATCCTAAATTAATGCAGATATTTTAAAACGGCTTCGCCCATAACCTCGGTTGAGCAGTGGGGTTCGCCCGCACAAATGTCTTTGGTGCGGAAACCTTCGTCGAGTGCCTTTTGAACGGCCTTTTCAATTTTGACAGCAAGGTCTTCACGGTCAAAGGTGTAACGCATCATCATGGCACACGCCAGGATAGTGGCAAGCGGGTTAGCGATGCCTTGTCCGGCGATGTCCGGTGCGCTACCGTGGACGGGTTCATACATCGAAAGCCCGCCGGGATTGAAGTTGGCGCTGGGACTCATACCAAGCGAGCCAACGATAGCAGCCGCTTCGTCGGAGATGATGTCGCCGAACATATTGTCGGTGACGACGACATCCCACTTACGGGGTGATGGGTCTTGCAAGACGAGAATGCAGAAAGAATCGACAAGCTGCGACGAGCAAGTGATTTCAGGATGTGACTTGGCCATAGCCTCAAACATGCGGCGCCAGTACAGTGAGCCCGATAGCACGTTGGCTTTATCGACAGAGACTAATTTTTTGCCGCGCTTTTTCGCGATGTCGAAAGCGAATTCCAAGATGCGTCGCACTCCTCGCTCGGTAAAGAGGTTGATATCGGTGGCGGTCGTGGCCGTCATGCCGCCCATACGCGCATAAAGTCCCTCAGAATTTTCGCGGATAATAACGAAGTCCACCCCCCGTTCCAACAAGGCGTCTTTGAGCGGTGATGCGGCCTCAAGGCCACGAAACAACTTGACGGGACGAATATTGACGTATTGCTCGAAGATTTGACGAAGCGCCAGAATGCCGTCGCGCTCAACGACTCCTGCTTCAATGTCGGGGCGTCCCATCGGGCCTTTGAGAACAGCCGCGCAACCGCG
AP024152.1_gap176	7037689	7039863	2174	AAGGAGCGAGCGCTGTCGAAATGGAAGTGAGCGTCCCCATATTGTGATACAGGTAGTCGTTAAATTCGCCGATGGCATCGGTGCTTTTCGAGCGAAAAACGTCGAAGTAAAAACCACTGTTAGCGCCTGTGCGAATGAGAGCGAGAGTGCGGTTTTGCTGGGCGGCTGGTTTTTCGTAAGCGAAGGAGGCGCGCGCGAAACTGACGTTGGGACTGAGTGATTCCTGTTGTGAGGCTGGTTCGACAGCTTCGACAATCATTGCTTTGAGCGGCGAATGATATTCGTCGTAGTCAGAAACGCCGTTCACAACAACCGTGTTGTGCGCGACGGGCGAGACATAATACTCACTATGCTCAGGCAACCAGTAGGAACCGCCACGTCCAGGATCGGCGCCTTGAATGACACCCGCTCCATACAACTCGATAGCGAGGCCGTTACGGTGAATATGCCCCCCATTCGTTCCAAATAGCGCTGCCGACAGTGCGGTTTGCGGGTCGTTTCCATTGCGCTGCATCAGAATATTGAGGCCGGGAAACCAGAACGAGCGACTTGCCGAGGGTGCGGCAACAGCCGAAGGCAATTGCCCGACAAAGCGCACCAGAGAATAAATGTCGGAGCGGCTGGAGCGGTCGTAGTTTCCTGCCGCGATTTCACGCGCCAGGTAGGGGACAATCTTTGATGCCGTGGTTGTATCTCCCAACGCCTGAGCGGAGGCGAGCAGATTTTCCATCGCGCCCACATTCATGCGGGTATTCGTGGTATCACCAACGCCATTGGACAGACCGTTGGGATGCAACATTTCGCCCTGATTGATGAGCCCCTGCACCAGTAAAGGTTGGGCCAGAACAGCGCGGCCAGCCGGGTTATTTTGCAGCAGTGACGCCAGCTCAATGATTTGCGATGACGAGCCAAAACCATAGCCTGCCGCTTCCGGCCACAGTCCCGTCGCAGGATCAAAGCCTTCTTTCATTACCAGGGTCAACCCTTTTTGCGCGGGCAAATCGGCGTTCAGTACGATGTTCGCGTAATAATCGCGGCCATGCCCATCGGGGTAGGCAGCATTGGGTTCGAGGGCCAGTCCCGCGTAACCAATCATCATCGCCTGATTGAGATTCCAGTTGCCGTCGCGGTAGCCGCCATCAGTTACGCGTTGCGCCCAGCGCTTGAGGCTACTTTGAATGCTCTTCACGTCGCGTCCCTGCCTTTCGAGATATGGTTCAAGAAAGTCGTAAGCCAACGCTATGGAAATAACCACGTTTTCGTGGATAACCTCGAACGTAGTTGGCCCGATGTTGGTCTCCATCGTTTTATCGGGTACGACGGGTTGGGGAGCGGTTGTCGCGGCGAATCCTTCGATAAACGTCCACAAAATATCCGAGGCGAACTTCGCGTATTTCTCGTCGCCGGTTACCCAGTAAACGAAGGCGGCATCAGCAGCCAAGCTCAGGATGCGTTGATGTGCGCCACGAATAACCCCGCCTGTATTGCCTGGCTCGACCCACTCGAACTGGTTCGTCTTCTTGTTGAGGAGATAGATCTTGCCGCCTTGGTCGTTGTTGGGCTTCCAATCTTCGATACTGGCCGGCAAGCTATAATCGGTAGCCCAATCGCGCGCGCCCTCGAAGCGCGGGGTGGCAACAAGAGCGTGGCCATCACCGCCCACAGTACGCGATTTTTCGACAAGTGTGGTGGTGTAATGCGTATCCCAGTTCATGAGCATGCGCGAAGTCACGAACTGCGGGTCGGTCTGGGTTTTCTCCACCAACGGATCAATACGGGCTTTGAGCGTGGTAAAGCCCGTTTTTGCCCAGGGCACCCTTGCAATCTTGGATTGAATTACCACTTTATCGGCAGGAGTCACCAGAATTTGCGGATGATCGGCCAAAGCCAACGAGGACATAATTAAAGACGAGGCCAGAGCAATAAGGCCGGAAGTTTTGGTTTTCATACATTCACGCCATCGTTTCGAGCATCTGTGAGGTCACGGCGTAGCGCAGGGGCTCACCGCATTGCCAGCGCTCAAATTCTGCGAGCGCCACTTCGCCCAAACGCCCGACTTCATCACCAATCGAACCGGAGATGTGCCCGGAGATATGTACATTGGGTAGAGTCCTCAAGGGGTGTTCCAGAGGCAATGGCTCAGGGTCAGTGACATCGAGAAGAGCTGTCACATC
AP024152.1_gap177	7054803	7057468	2665	GAACTGGTGCGAATGTGAATTTGTCCGATGTCGTTAAGAGCAAAGTTGGCCGTGTCCTCATCACGCTCCAGGGTATTAATATCCACTTTATAGTTGAGCGCCGAGACGATGGCTTGTACTTCGCGCGTTGTATGGCGCAGATAGTATTTGCCGCGTGGAATCAGTTTCTTCTCGCTGAACCAACAGATGGTCGCGTTCAACTCTTGTTCATGGCGAGGCAAATCGTCGCTCGACACGATCATGTCGCCACGCGAGATGTCAATCTCATCTTCGAGCGAAAGGGACACGGATAGCGGGGCGAACGCTTCGTCCAGATCGCCCTCAATGGTGTGAATCGCCTTGATGGTGGACTCGAAACCCGATGGTAACGCCATCACTTTTTGGCCGGGACGGAACACACCGCCCGCCACACGGCCCGCGAAGGCGCGAAAATCGGGGTAAGCCTCGCTCTGTGGACGAATGACCCACTGCACCGGAAAACGTGCATCATCGTGGTTTTCGGCGTCAAGGACTTCTACGACTTCAAGGTGTTGCAACAACGTCGGCCCAGAATACCAGGGCATGTTGTCCGACGGGTCAACGATATTATCGCCATGAAGCGCCGCCAAAGGGATGGCCGTGATTTCCATCGGATTATCTAACCCTGACGCGAAGGCACGGTAATCTTTTTCTATCTGGTTGAATACCTCCTGGTCGAAATCAACCAGGTCCATCTTGTTGATAGCCAACACGATATGGTTGATGCGAAGCAAATTGACGAGGAAGGAGTGGCGCCGCGTCTGTTCGATAACACCTTTACGGGCGTCTACGAGAACGATGGCCAACTGCGAAGTCGAAGCGCCTGTCACCATATTGCGCGTGTATTGCACATGACCGGGGGTATCGGCGATGATGAATTTCCGTTTGGGCGTCGCGAAATAGCGGTAGGCCACATCAATAGTGATGCCCTGCTCTCGCTCGGCTTTCAGGCCATCGGTCAGAAGGGCAAGGTTCACATGCTCGTCGCCACGCTTGCGAGACGAGTTCTCGACTGCTTCGAGTTGATCTTCAAAAATAGATTTGGAATCGTAAAGTAAACGGCCAATGAGCGTTGATTTGCCGTCATCAACCGAGCCGCATGTAGAAAATCGCAGTAAGTCCATAGTGTTTTTAGTTCAGTTCAACTGTCACATCGAGCGCATACGATTCGCCCGGTTCAAGCGAAATCACGTTGCTCCTTAGCGCGCCCGACTCAACGCACACAAAATTCGGCCAGTCAGATTCGATCAAATCTTCCATCGCACTGCCAGGGTTCCACACGACGGTCGAATTCCAACCGCTAAGGGCCGTAAGCCGAAACGTTCGCTCCGGCTCCCGGATAAAGACTGGACCGCTCGAATCAACGAACAGGCGCGCGCCAAATGGCGGAAAAGCGAGCGTGCCACCAAGCGCTCGTTTATGCTCGCTTCCCAACCAAACTCCATCCGGTACGCCTTCTACGGTCGTTTTTCGCACGTCGGAGACCACAAAATAAGGGTGAAAGGCACACTCGAACGAAATGGTGCGCGTATCGCGATTCTCAACTTCAAACAGCAACCCAAGCGACTCACCGAACAAGAAACTCATTCGTGCCAAGAACTCTCCCGACCATGCCAAAGATTCAAGCCCCTGCTCGCGCACATCCTCGCTCGATAACATCAGGGAAACCTGCGCGCCGTCGTCGCTCTGGTGTTCGAGTTTCCACTGAGCCTGACGCGCCCAACCATGGTTGGGCGCGTGGGGATGTTCTCGCAAGAGATTGAACCAGGGAAACACCAACGGGACTCCCGCATAGATTTCGCGCCCCGGTTCAAAGGGCGTGTGAGCGTTCTGGAAAATCCAGGGCTTTTGACCACGCGGCTGGAAATGCATCAACTGCGCGCCCTGCAAAAGAATATCGGCGTGGAATTGGTCGTTGCGAATGCTGATGGTTGGTAAGGAATGCGACATGGCAGAGGAGTTTTGAGTAATGAGTGACTCAAAACTCACCACTCATTACTCAAACTCTTTAAAAATATCCTTCCCGTTTGCGGTCTTCCATCGCGGTTTCACTGCGTTGGTCGTCGGCGCGGGTGCCACGCTCGGTTTGGCGGGCGGCGGCAACTTCGGCGATGATGTCGTCCAAATTATCGGCTCTCGAATCGACGGCGCCCGTACAGGTCACGTCCCCGATAGTGCGAAAACGGACGGTGCGCTCTTCGATGTGTTCGCCGGTTTGTGGTGCAATGAAACCAGTCTCGGTGTCGAGCCACGCTTTGCCACGCAAAAAGACACGGCGCTGATGCGAGAAATACAGGTTCGGCAACGGGATCTGTTCGGCGCGAATGTATTGCCAGACATCCATTTCCGTCCAGTTGGAAAGGGGAAAGACACGAAAATGCTCGCCGAACGCTTTGCGACCGTTGAAGATGTTCCACAATTCGGGGCGCTGGTTCTTGGGCTCCCACTGTCCGAAAGCGCTGCGGTGGGAGAAAAAGCGTTCCTTGGCGCGCGCTTTTTCTTCGTCACGGCGTCCGCCACCAAGCACTGCATCGAAGTCGTTCTCTTCGATGGTTTCTAATAGCGTCACAGATTGGATGGAGTTGCGAGAGGCTGTGGGGCCGGTCTCTTCGACGGCAGTTCCCCGGTCAATAGAATCTTGTACATA
AP024152.1_gap178	7068637	7071227	2590	CGTGTAACCGCGCATAAGTCCTATCAAAGCCTGAACCACCAACTCAACAAGCAACGTTTCATCAAGTGTCTACCATCGGGGCAACAAGACTTCTCACGTGTCGCAATCTCATGATTAGAGACGCTTGCCCATGCTAATGACATCATCAATCGTGAAGCCGAGGCGTTTGTAGAACTCGATGACCCCAGCGTTGGAAGTACGGATTTGCAAATTAATTTTAGGGCACCCCAACGCTTCGAGTTTGGCGGTTGCGGCTTCGATCATACAGCGCCCAATACCTTGGCGTTGGAAGGCAGGGGAAACTCCCAGATAATTAAACCACCCCCGATGACCTTCATATCCAACCATAACAGAGGCCACGATTTCTGAGCCGATTACACCGACTAAAAATAGCTCCGGTTGCACCTGCAACTTGAGTTCGATATCGCGCTGAGGATTGTTTTGGGGCACGACCAAACCGCAGTCATGCCATAGTTGCACAATCTGATCTTCATCTTCCGACTGGTAGGGCCGAATAGTCAAATTCAACATTTAATTCTTGATTGGGTTTACCTGAGCGTCGCGATACTACGCGCGATATGTTCTACCTACCCATCATTTTGGGCTGTACACGCCGGGGGCGGCAAAGCCCCAAAGTGGCGAAATTTGTCCTGGACCGGATGCAACGTCGGCCTCAAATTGAAACGGAGATCCTCGACTTACTGGAGTACGACTTTCCCATCATGGAGGAGCGTCTACGTCTCCGCGATGATCCGCCCGCCCATTTGCAGGAGTTCGCCGATAAAATCGAACGCGCGGATGGCGTTGTAATTGTGGCGCCCGAATACAACAACGGTTATCCCGGCGTCCTCAAGAACGCCCTCGACTACCTCTTGCCCGAATACAAGCGCAAGCCTATCGCCATAGTCACCGTCTCGGCGGGCGGTTTCGGTGGACTGAACTGCCTGTCTCAGTTGCGCCTCATCACCCTGGGAATGGGGGCATTCCCGATTCCAGCCAGTCTTCCGATCTCGCACATATACGACAGCTTCGATGAGAATGGCATTCCCAAGGACCCAGCCTATGAAGCCAGAGCAGAATCTTTTATTGATGAGGTTCTCTGGTTCACCGAAGCCATCGCCACCCAAAAATCCAAAACACTCGCCTCAGAAAAATAGCCTTTGGCGCTCAAAACGAAAGTTTTTCCGTAAAGCAAATTCGCACTGGAAGCAACACCGGAAATATTTATGCTCGCCGATGTCAAAAGTGTGGCTTCCCCCTATTGCATTGTGACGGCAAAGAGACTCAAGCAACGTTCATGAAGAAAAACATCATTCTACTCACACTCGCGAGCCTTGGCGTTTTGTCCGGGGTGGCATCAGCCAACGACGACATCTTCCCTCCTCTCCCTGGCGCCAAAGCAGCCATTGACTTCGACGGGCGCGGCTTCCTGGTCAACGGCAAACGCACTTTCATCGCATCGGGCACCATTCACTATCCCCGCGTGCCGCGCGCCTTGTGGCACGACCGCTTGCTCAAGCTCAAGCGCGCTGGATTCAACACAGTCGAGACCTACGCCTTCTGGAACTATCACGAGCCCAAAGAAGGCCAATTCGATTTTTCGGGCGAAAAAGATTTCGGCGCCTTCTTACAGGCGGCGCAGGATGTCGGCTTATACGCAATCGTGCGCGTTGGCCCCTATATCTGCGGTGAGTGGGACAGCGGCGGCTACCCGAATTGGCTTCGATTCAAGCCCGACGTGCGCGTGCGTGAAGATAATCCGGCTTTCGTCGCCGCGACCATGAGTTGGTATGACCACATCTTGGCTATCGTGGCAGGGCACCAGATTCAACGGGGCGGCAACGTGTTGATGGTGCAACTCGAAAACGAGCATCCGCGCGGTTGGGGCACAGATATGCCAACGCCCTATTTCAATAAATTGCTCGATAAAGCGCGGACAATGGGCATCGAAGTACCGACGTTTTTCAGCGGCCTCCATCACGGCTCCGACCCGGCACCGCGCGACCCGTTTTCCAGTCAGGGACGAAAAAACCCGTGGTTCACCACCGAATTTTGGCCCGGTTGGTACGACCTTTATGGTCCGCTTCAAGAAACGGGCGGTCGTAGTGTGCGACAGTTCGAGCGAGGTACATGGCGCATCTTGTCCACCGGTGGCAACGGTTACAACTTTTATATGTTGCATGGTGGCTCGAATTTCGATCACTGGAATAACAACGAGGACGCAGCCGCTTACGACTATGGAGGCGCCATTGGTCAGGCGGGCGATCTGCGTCCCATTTACTATCGCTTTAAACGCGCCAACCTCTTCGCCACGAGTTTCGGGGCGATTCTGGAAGACAGCGACAACGCCTCCGCCGACTTTCAAAATGCGGCGTCCAACGTCAAAATCTCGGCGCGCAAAGGTCCTTCTGGCACTATTGTGTTCCTCGACAATCCAACCGAATCGGTCGTTAGCGCTCAATTGAATGTTGGCTTTTCCATGCAACTCGAACGTGGTGAGACGCTAGGTCTGGTGCGCGATTTTGCCCTTGATGGCACCTTCAAAATCGCCGACAGTGCCGCGCGTATTCTGGGTTTTGCGCGGCAGGGC
AP024152.1_gap179	7108004	7108978	974	AGAATTTCGCAGCCGACCACCCGAACCTTGCTACCCGCTACTCCAATTTGGGACTGATTGAGCAGGACTCGGGGAATCTCGACGAGGCGAAGGCTCTTCTGGAGCGTGCCATTGCCATTCTTAAGGCGACGGACGAAACAGATAATACCACCCTCGCTTCGGCCTACTCTAATCTGGCGATGGTTGAACGCGATAAAGGCAATTTAGCCGAGGCCCAGAACTTTATGGAAATTGCCATATCCACCGACGAATCGGTGTTTGGCACCGAACACAGTAGCACGGCGATTTCTTACGCGAAGAAGGCGACTATCGAACACCTGTTGGGAAACTTGGAAGCCGCGCGCCAATTGCTCCAACATTCAATCTCAATCCAAAGCCAGGTGCTGGAAATGGATCACCCCCGCATGGCCAAATGTCAGTTCTGGCTGTCCCAGGTCGAATATGACCTGGGAAATACCGAAGAGGCACGCCGCTTGGCCGAATTAGCTCTCGCCACACAACAGGCCAAATTCTCCGATTCACATCCCGACTTGCTCCAAAGCACGCAGTGGCTAAAACAACACGGCTGGCTCGAAAATTAGACGCGACCCGAAGGGGCGTATTACAGTCCTAATTTCCATCTTGTATCAAGATTGTCTATGAAACACCCACTCACTCTTCTCGTATCCCTGACCGTGTTCGGCGGGATAGCAAGAGCCCAGATACCTACTCCCCCCGTACTTACGGTTCCCACTCCGGCCAAGGTTCCTCACACCAGCGAAACAGTGGCCCTGGCTACATTCAAAAAGCTGAATGCCGTCCGCGTCGCCACCCGTGCCAACACACAGCAACGAGCTAATGCCGCCGACAACGCAGCAATCGCGGCAGTTCAAGTCGCATGGGCCGCGTTCGATGCGGGTCACTTCGATGAAGCAGCCACATGGTTCGCTCGCCGAGCGACATTGCGTCAGGAAAGCTACGGCGCATGGAAGGCC
AP024152.1_gap180	7111322	7116167	4845	ATATCGCGCAAATCTTCCCGGCGACGACTAACTTTGAAGGCGCGCAGGTTACCAAAGCCTCCGTCACCGACACTGAGAACCTGACGAGCCGCGTGTTGCATTTCGCGACTCACGGCGTACTCAACCCAGCCAATCCCTCACTCAGCTATATTTTGCTATCTCCCGGCAAAGCCCCCGGCGATGAGCAACTCACAGTCGGCGAAGTGTGGGATATGCCACTTCAGAAGGTGGACCTGGTTGTGCTCTCAGCCTGCAACACAGCACTGGCAGAGCGCGACCCGGATGGCAGCGAACTGACCACTCTGGCCGAAGCGTTTTCCAGCGCCGGAGCGAACTCGGTACTGGCCAGCCTGTGGAGCGTGTCGGACGACAGCACCAAGGACTTGATGGTCGAGTTCTATCGCCAACTCGCCGCAGGACAAACCAAATCCGCCGCCCTGCGCTCCGCCCAGTTAAGCGTGATGAAAAACCCGAAATACCGTCACCCCTATTTCTGGGCACCGTTTGTCCTCATGGGCGACTGGCGCTAAAACCATCGACCAAATAGAAAATGCCACCCTTGCTCAAAATAAGCAAGGGTGGCGTTTTCTATTTCTGATTTAGGCATATCGAGGAGAAAACTGAGGTACTCCTCTGTAAACTTTTTTTGTGACAAAATCCGCCACGCTTCTCCAGGCGACTTCGGCCATTAGCACCATCGCAACAGGACTTTTTACGGGTTTGATGTCTTGTTTCTTGATTACTGTAGACCCGACCTTAGCCGAATTAGATGGCCCGTCATACACGACGGCCATGCAACACCTGATCCATCATGCCGACCACCCGCCGTTGGTTCCCCTCATGGTTGTGGTCTCCCTGATTTCCCCATTGGTTTCGCTCTATCTACTGCGCCGCGACAAAAGCTCGTCGGCATTCAAATACACGCTGGCGGCCTTCGCGCTTTTCATAGTCGTGCTGTACATCACCATCGTTCTCAACGTCCCAATCAACAATGCGATCACCTCATGGAAAGTGACCGCCCTCCCCTCCGACTGGGCCGAACAGCGCAGCCACTGGCATGCTCTCAACCTCTATCGCACACCAGCCTCCGCACTCGCCTTTTTTGCCCACATTCTCGCCTGTCTCAGCCTGGGTCGCCAAACTCAAAAATAGCCCCTATCCGCTAATCAGCGCGCGCAGCGCCCCCTTTATGTTCGCGAAGGCGAACAGTTCCGCTGTAGGCGGTTGTAGCCCCCAAATTCATTCGGGGAACTGTCTCAGTAGCCCTGCAACCCTTCGGCACACAAATCCCTGATGCGTTTGCCGTCACGTTTGCCCCTATTGTTTTGTGACGTTTCAACTACACTACAGGCCGTTAGTCGTCTCTCCTTTGGATTGTCGTAAACCAATCTATGAGATCAACAGTTATGAACACTCAGCGGTTAAGCGAAGTTCACCTCACAACAAAGTTTTTCCTCGTTTTTGTCGGCGGTCTTGGCCTGTTGGCTGAATCGGCCACGGCAGCCCCTAAAGCGATGGCCACTGTGTTGGGACGTGTTCTTGTCAAGCGTAAAAACCTGGCAACGACGACGACCCTCCAGGCCAACGACAAACTTTACCCTGGAGATGTTGTAGTAACTGGCCTGAGCGTAGGAGCCACCATTCAGTTCGCCGATGGCTCGCGAGTTGATATGGCTGGCCGTTCGACGCTAGAAATCACTAATTCTGCGGGCCACGGAAGAACCCTCTTCCGCGCGCTCAACGGACGTATGGCCGCACACCTTCGCCCCGGAAAAGTAATAGCGACGCGCACCTCGCTTGTGAGGGTCAAAGGCACTGTCATCCTGATCTCGATTGATGACAATGGCGTCGCCACCCTGTCGGTTCTGGAAGGAGCCGCCGAGTTCTACAACCCCTGCGGCAGTGTCATCGTCCCGGCTGGGGCTCAGAGTACGGTTCTCCCCGGCAATGCCCCCACAGCACCGACGGCGATTCCTGATGTCCAAGCGTTGCTCAGAAATTGGGAAGACCAGACCGATGTGCTCTCCCCCTTTGTCAAACCCGGCGCTCAACCCGTTCCGAATCCAATTGCCTATGGTTACATCAACGGCTGGGGTCCCGATTACCTCCAGGATGCCGTCGCTCACTTGAAAGCGCGCCCCGCAAACGAGCGTCTGGTGTTCATGACGGCCCTGGCCAACATCAAACCCAAACTGAACAAGGATTGCGGCTGTGACGGAACGGCCAACTCCAAATAACCAGAAACGCCCCGCGCTATTGCGTGCGGGGCGTTTCTCTTTTAAGGCAGAACCACCTTCTCATCAACGCGCGTTTGCCCCTGCGGTGTGAACGCAGGTTCACAGTCGGCTTTAGCCGGACAGCGCGGGCTTTTGATAATTGACAATCTTTTCGCAAGTGCGCGAAGCGCGCCTTGATGTTCGCGAAGGCTGGGCGCCCGATGAAATCAGGGCACGTTGTCAGCGAAGCTGACTTATAGCCCCCGAATTTATTCGGGGCTACTGTCGGATGAGATTGTCAATAGGCTTTAGCCCTGCGTGTTGTTCGCTTGCGCGAATAGTTCTCCCAAAGGCGGCTATTGAACCCTATCGGGCTTTATCCAAAGCCTGTCCCAGAATCACTAATGCTTCTGCGGTCGTTTCCAGGACGGTCGTCGTTTTTTCGAGCAGCACCATCCGCCGCGTAATTGCGGCCCTCGCTTCAGGCGAAGGATTGGCGCTCAGAGCCGCCTTCTGTTCCTGTGCGAGACGGGTCAGTTCACGCCTCAACTCTTTGGCGTCCTTAACGGCCCGGTTGTAGGCTTTCCAATCTATATTGGAGCACCCCGAAAAAGGAGCGACTTGCGCCAAGCTCGCCGAGAGGTGAATGCAAATCCTTGTTGTTTCGCCAAAAGCAGGTTGATCCGGCGTGGTCAGAATTTCACGGTTAAAGTTGTCAATAGAAGTGATGACCCTGCCAACGCTGGGGACTGAAGGCGTGAGCGGTTCATCGGTATGGAAATTTCCAGGAAAAAATCCAGACACATCGGAAAGCGACGAGTTATTTTCTCGCTGGGCATGGGCGGGAACGGCCAAAGTCGCCAGCAGAGCGCAGAAACTCAAAATGGGACTGATTTTTAAAAAAGACGATTGGGAATGAGGACGTTGCATGGGTGAACCTCTTCGGATAACGTGATGGCTTTCAGCGCGTGAAAACGTAACTGACTCCTGCCGTAAAACGGGCTCCATTATGGGCCGTGCCCGCGACATCGGCTAGGGCCAACGTAATGGCCAGAGGATGCTTGCGAAATGGGATCAGCGAAGTCCCCACATCGAGTGACTGGCCCGTCCATTCGGCAAAAGCTATGGAGGAACGGTTCAGATTAACTGCCGCACTGCCGAAGATATTAACGCTCCCTGTATCGTTAAGAAAGTCGCTTTCCGAGAGGAAACGCTTATTTCCGACCCCAAACGAAAGGTAAAGGCGGCTAAACGGTTGTTTGCTGCTCTCAGCGAGACGAATTTTTTTGCTAATGACGCCGTAGTAGCTGGAGCCAGAATCGCTGGCAGATGAAACGATGGCATCCTCCCCACCAAAAGCCACCGAAATGTCATTCCCTAGTTGTCGATGCAGCTTGAAACTTAACGCGCCGTTATGAGTGGGACGCGACAAATCGAGGACTGAGCCCTGAACGTCCACACCCAATTTGCGAGGATTACCCAATCCCACCACAATTGCTGCCGTACCATCCTGCCTGTCATCGTTGTAACGAATCCGGTTTTGATAACCAATACCAATCGCCACCATCCCCTGAGACGCACCATAAGCGGTTGGCACGTTGGAACTCAGGTTAGGCAGGAGCATCATAATTGGCTCAAGGTCCATGGCATTGACCTTATCCAATCGCTGGTCCAAATTGCTTAAACGGGCTTGTAAGTCTTCTGTAGATAAGGAGGAAACACTTGAATTGTCCTGGGTCTGCGTTGGGCCTGAAGAATCGTCTGCTACCGGTTGGACAACAGGAGCAGTGGTGGGCGTCGCTGCCAGAGGCTCGTCGGCAATTGCTTGTACAGTGTTTAAACCTAAAACGCTGGCGACCAATGTGGTGGCAACGATGTTAAGTGTGGTGAAGTGATGAAATCTATGATCAAGCGGTTTCATTCAATCTCCTCCGAGATTCAAGATCACAGCGGTTTACGGCTGTACCGTGATTGAAAGCCGGACATCATGGCTTGTTACTAAAATACAAGCGTGTATTGTAACTTAAGCTGAAGTGGGAGGCTACCGTGGCTAAATGGGAAAACTGGTTGAGTGAGTTGGAAGGATTGTCTGCGGACGATCCTGTCTGGGAAGAATTCGATAGATTTTTAGAGGGCGCAACACAGATTGCAAGCGCCAAGCGGCTCCTACGCGAGTCCGCAATAGCGTCATTAGGGGAACTACTGCAATCGCTCCGAAACCGACAGGGCGAGGCCCTTTCGCGTTTGGGATGGCCCGATTTGTCCCGATGGCAGAACGAGGGGTGTTCCTCTTCACAGGCGTTGCGTCTTGTCACGCCTTTAAATCACTTCCAGGATCTACTGGAACGTTACGACGAGACAGTCCATCAGGTGCCCGCCACACCCCAGGAATTCCGAACCTTGCGCCAGGAGCGCAACGCTCTGGAAGATGAAATCCTCCCCCTCGGTTCGACGCTCAATACATTCTTCTCCGACCCACTCGCCGAAGATAGCCTCAAATTCACCGAAGTTGTTCCCACAGATTCCGAACCCGAAGTCACCAGCGAAAACCCTTCTCCATCAACAGACTCTACTCTAAACGCAGTCCCCGAATCGCTAGTTAGCCCACAGGACATATCCCCTGAACCAG
AP024152.1_gap181	7286627	7291019	4392	TCACGGCCAACAGCGCATCGCCTCAGGCGAGCTGGCGAACGTCGCGCAAAGTGCCAAAGAGGTTATTGACCGAGTCGAACATGCCTCCATTTTGATCTTCGATAATGCCACCAGTCGTCAGGTTGAAATTGATTTTCGGGGCACTGCCGATGAGGTTTTGCAGCGCCTGCCCCCCCTGCTCACCGAACCTGTCGCGCAAAGCACCGAAGTCGAGGAGCCCAGAGTCGGACGACCTAAACTGGGTGTTATCGCTCGCGAAGTGACTTTATTACCGCGCCACTGGGAGTGGCTGGCGACTCAACCCGCCAGCGCTTCGGTCACGCTGCGGAAATTGGTCGAAGACGCGCGCCGCAATAGCGTGGCGCATGATAGAGAACGTCTGGCTCAGGAAGCGACCAACCGTTTTATGATGATCATGGCGGGCAACTTCCCCGGTTTCGAGGAAGCCTCCAGAGCTTTATATCGCAAGGACAAAGCGAAATTCGAGCAAAGCATCGCCGATTGGCCCGTCGATATTCGTGACCATGTTAACCAGTTGGCCGCGGACGCCGGATGGGAAGCATAAAACATCGCGATCCTCTTACGAGGAAACTCTACAATCACACCCAGCCAGAATACTAGCACCCTCTAATGCCCAACAGCAGTGACACAGAGACCCCGGCAGCAGAAGACCGATACAACCTGAATCGTTTTTTGAGCGCACAAGAGAATACCTACGAGCGTTCTCTGCTGGAAATCCGAAGTGGACAAAAGCGGACCCATTGGATGTGGTACATCTTTCCTCAATTCGAGGGGTTGTCTCTGAGCTTGAGATCACAGCACTACGCAATTAAAAGCGTCGAGGAAGCCAGGTCCTATCTGTCTCATCCGCTCTTGGGGCCAAGGTTATTGGAAAGCATCGAAGAGGTATTGCGGGTGGAGGAGCGAACTGCTCAGGAAATTTTCGGTGAGACCGATGCCCAGAAGCTCAGGTCATGTGCAACGCTCTTCGCACTGGTTTCGCCCACAGGTTCCGTTTTCGAGCGCCTGCTCGGAAAGCATTATGCCAGTGAGCAGGACATCCAGACTCTTGAGTTACTGCATCTGGATACTCCCTGATAATGCGCGCCTATTGGCGAATAAGCCACTGGTATAGATACCATTCGCCGACCCCAAAACCGAAGACTTGTTCTCCCAGTGGCAGGAAGAGTCGCGGACTGTCACGACGCAGGTTTGAGCGACGAATTTGGCTGCAAACTTCTTCAAGTCTGCCCAGAGCCCACATGTTGTTAGGGTTCACAACCAACTAACTCCCCATGAGGCTCTCTCTCGAAAAGCAGCGTTTCACTGCTGTAGCTCTCTTGTTGCTGTGGTGCATAGTTCTCATCACCTACCGAATTCATCTGGCTTATGATTGGCTGGCCGTCGGGCTTCTGTGGAACCTCTTTTTGGCGACCCTGCCGCTACTCTGGAGTTCGGCTTTTCGCTCGGCTGTTGAGCGCAATCGAACCATCCAAGCGGGACTCTTCTTTTTTCTCGGGTTGCTCTTTTTCCCTAACGCGCCCTATCTGCTGACCGATCTCATCCACCTGGGGCCACGCCCATATGTTCCGCTCTGGTATCTGATGGCGATGCTACTCTCATGCGCCGGAGCGGGCACCCTACTCGGCTACCTGTCGCTGATCAGCGTTCACACCGCAATCGAGCAGAAATGGGGAAAATCTACGGGGTGGGCCGTTGTCACCAGTTCTTTGATGCTGTGCGGCTTTGGCATTTACTTGGGACGCTTCCTGCGCGTGAACAGTTGGGACGCCTTTATCCACCCTCTTCGACTGATGAAATCTATGGCGGGACAATTCATTGATGCGGGACCCCATCCACACCCGCTCCCTGTCACTCTGGTATTTGGAATTGGCCTCATCATTGGTTACATCGGGGTGCGCGTTCTCGCCACAGTAACCTCCACAAAATAGCGACAAAAGGCTCTCTCCCTGCGAATTGGAACTTAACCCATTGCCGCAAACACATTTTGTAGTGCAGCGAACTCCTCTTGGGAAACGGGCAAGGCACTGCCATGACGGGCAGCCAGGGGAAACGCCACCTCGGTGGCGGGCAATTCCTGCCAGCGGAACAGATCAGTCGAATGGGAAATGCCATAATCATCGGTGGCGCAAAAGTCGTACAGCAAAAGCCAGCCATCGCCCTGCGGGTCGGGTAACACCGCCGGGCCTTCGGTAATGGTGGGCACGACGGCGCCTTCGTATGGACCTTCAAAGAGTGTCCAGGGACCATCGGGCGAGTCCGAGGTCGCTAACCGAATCGCCCGGCGCTCGCCTTTTTGGACACCGAACTCTTCTTCTTTGTGGAACAGGAAATATCGTCCCCCGCGCTCGATCAGAGTACCATCAATAACCGAATACGGCGGCTCGAAGAAGACGCGCGGCTCCGAGAATTCCTGCCAGTCGCGTGTGCGGCAACTCCACAGCCGTGACTCCTTCCAACCGACATCGCGGAACGATGACGACCACAACAACAAATATTCTCCGGCCTGAGCGTCGTAGAACCATTCGGGTGCCCAGACATTGCGCGCTTGCGACACCGAGCGCATCAGGGGCAATTTCCGCGTTTGCCAGCAGATGAGGTCGCTCGAAACAGCGTAAAGGCACGAGCGTTGAACTCCGTCCTCGTCGCGCGGACCAGTCGCCAGCAAATGAAACTTTCCATCGGCCCCCCGGTTGACGAATGGATCGCGCATCCACTGCTCTGGCCAGGTCGGGCGATTGCCATTGAGCGGCTCGAAATGCCGTCCGTCGCGACTCCACGCCAGATGAAGGTACTCCCGCTCCATTGCCTCGCGGAGCGTGACTAGATGCTCTCGCCCAAATTCATCAACTTCAACGCGCCCTCCGTAATGCTGACAAAAATAAGCGAGTATCCAGATCGAGTTGTTCATTGTGAAACGAAGTGTGCCAGTTCCGCACGTGACACAGAGAGCAAACAATGATGATCGAAATAATGCATTAGATGATTTTTGTAAAAAAATTTACAATAAAATTGTTGATATTTTTGCTTTATAAAATCAAAATTGAATTGTCACCGACACAATATAAAGATAAAATTAATATATTCCCTATGGGAATATATACAGTAAGAATGAAGAGTTCATACGCGTTTACCCTCATAGAACTTTTGGTGGTCATAGCTATCATCGCGCTTCTTGCTGCCATTTTGTTTCCCGTGTTCGCGCGGGCGCGCGAGAACGCGCGGCGGGCAAGTTGCCAATCCAACCTCAAGCAAATTGGCCTGGGTTTGCTCCAGTACAGTCAGGACTACGACGATAAGGTGGTGCATTCCTGGTGGGGATTGAATAATCAGCCGAGCGATGCAGCGAGGTATAAGTGGATGGACGCCATCTACCCCTATGTCAAAAGCGAGCAAATCTTCAATTGCCCCAGCGATTCCTTCAAAAGCTTCTCTGGCTCCTACAAACTTCGAGGAGGAGGCAATTACGGCTCCTACGCCATTAATGCCGCCTACTGGGGCACCGATGACTCCGTGCAAGGGCCTGCAGGAGAACTAGATACCATTCTGGCCTCTTTCCAAGATCCTGCGGGCTGCATCTGGGTCAGTGATGGCGGTGGACACTTCGAGTTCGCCTGGGAAAATAAGGACGAGCAACCTGATGTCGAGGTTGACCCATCGGGCCTTCGCTACCTGGATTGGTTGGTCGAACGCCACCTGAGTACAAATTCCGTTCTTTACTGCGACGGCCACGTTAAGGCGGTTAAGCTCGATAGGCTCGTCAAGAAAAACGCCGCTGGTATCTACCCGGCATTCACCGTTCAAGACGATAACATCTGAGACCGCCTCACTGCGAACCCCTACTCGCGGGGCATCGCCTCATTGGTGGCCCGTTGCAAGTCGAGCCGTGCCCCGGTTGCGCGTTGCGCCTCGAACTCGTTATCGCCCAGGGCGGCGCGGGCGCCACGCTCCTGCACTTCCAAAATATCTCGCCAATCGTCGGGATAAGGCGTGCCTCGCGCCACGTCCGCCGCGCCCAATGTGCGAGCCACGAGCGGCCAGTTGCCCTCCAAACCATGCAAATAGGCCAGGATATGTAGCATGAGGTGTTTCGCCCCATTTTCGATAAAGACGGTGTAACTAGAAATTATCAACTCACGTCCGCGCGCCAGATCACCCTCGTGCAGTGCCATCAGCGCCGCGTCGTGGCGATACCAGCCCAGCACGACGGAGCGGTCACCGCTTTGTTCCGCCCGCTGTATGACTTCCTCGAAGATGGGACGAGATTCGGCAACCCGCCCGGTGTCCGCCAACAATTGAGCGTATTTGTAGAGAGCCCAGATTAGGCCGGTTTCGTCACTGGAAGCACGCTTCATGGTCAGACTCTGCTCC
AP024152.1_gap182	7307566	7312480	4914	GTTGGCCGAACTGCGCGCCTATGGTGAAGGTTTCCTCATTGCCGACCAAATCCCCACCAAGTTAGCACCCGAAGTCCTCAAAAACTCCAACGTCAAAATTGTGCATCGTCTGGTCGCCCCCGATGATCGCGAAGCGGCGGGCAGTTGCATCAACCTTTTACCCGACCAGATCCGTCACCTGAACACCCTGCGCGCGGGCCAAGCACTGGTTCACGATGAGCGTTTGGGCGAAGCGATTCTCACCCAGATTGTGGCCGCCAAAGAAATGCGCGCCCCGGCCCTCACCGACGAAGAGCGCCGCGAGCAAGAAGCGCGCGTGCCCTCGAAGGCCCGTCGCCATCTGTGGCGCAATTCGGCGTGCCGCGCGTGCCCGTCGCCCTGCGACTTTTTGAACCGCGTCGCAGGTTCATCTATGCCCAACGCCGTCGAAAGCGCGCGCGAGGCGTTCTTTGCCTGGCTTTTGCTGGACGATGCCGAGGGCGCATGGGCCAAATGGTCCACCTGGAACCAACTCTGGCGCGAACGCGCGATGGCCATGCGCGGTGCCGAGGGTAAGGAGGCACTGGGGTTAACCTATTGTGCCGCCGCGCAAGGCGCCTATGAGTGGCTGGGTAGCGTTTGGACTGCACGCGAACACGCGCGCGAGCGGGCCGAACTGCGTTCTCGTGGTGAAAGCGGTGAGCCCAATCCCTCTCTTTCGCCCGACGAGCGCATAGAGCGCGAAAACGCCGCCAGTGCCCTCACCGATTTGCTCTGGTGGTGGTGCCGCAAATCGGGCATAGGCGAAACCTCGCTCAACGACGAAGAACGCGCTTTGTTCGAGACCGCCCGCACCCCATTGCTCGAACACGCTGGAAACAACTCGCCCCACGAAAGGCCGGGCTGTGCCGCGTGCCCTGCCAGGTGCCGCCTCGTCCCGTTCGTGGAACCCCTGTTGGGCGAAGTCGAAACGCGCCTCAAAACCTCGCTCAAACCAGCCTTGCCCGTAGAGAAACGTCTAGACGTCGTGCGAGAAGCCGCAGCGACAGCACAAAATCTGTCCCCTGCCCTGGCAGGCCGCGCCTCGGACGACCCGCGCCGCACACAGTGGAACTACTGCTTCGTCGTCAACACCGACAACTTCCTCCTGAGCGCCAGCCGCCCCGAACTGCTCCGCCTGCTCAAAGAGGAAAGCGAACCCGACCTATCAATCCAAAATACCCCAGACGAGGACCCAACCGCGAATAGTGAACTTCTGGCAATCTTTGGCCGCAGCAGCTAAGAGACCAGTTGCTCTGGATGCATTTAAGAGTTGTGAAGGGGATATAGCAGCATATCGTGGGGAACGGATATTCGCATACGCGGCATAATCGGCAAATGCCACAGTAACCATATCCACCTATTTTCTCTTCAAACTTGTCTATCGAGTTGGGAGAAAGGGCTACTCGAAGGAGTAGCCCTTTCGTTTTCCTGAACGCTTTCGTCAATCTCCCGAAAGCCGAAGATTGGCTTCGACTAAACAGTCACGCTGAAAAATAATTCTCTTCCCAGAGTCAATAGATGTTTTAAATCATGCTCGCCGGGGTATAATGGACCCACGAAGTTAACAGTAAACCTCGTTAGGTATTGCCCTCTTCGGCAATATAAAGGCGTCCATGAGAAACATTCGCCCAATCGCTCGCTATGGTCTGGCTCTACTGCTGGTTGTTTACGCGGTGCAAACGCGGCCCGTCGTGGCCCAAACACAAGCTAAAGCACCGACACAGCAAACCTTCGTGTTCGTCGCTGACCGGAAACTAGATTCGGTCTCGGTTGCCGGAACTTTCAACAATTGGAATAAGGCTGCCAACCCCATGAAGGTCAATGCGGACGGTTTGACTTGGCGCACGACTCTTCCGATGAACTACGGCAAGCAGTTGTACAAGTTCGTGTTGAACGGCGACACCTGGGTACTCGACCCGCGCGCCGCGCGGGTCGAAGATGATGGCAACGGTAACACCAACTCGGTGCTGGCACTTTTTCCTCGCGACTATAGCCAACCTGCCAGTCCCAACGACGGTGTAATGGCGACGAGCGCGCTGTTGCACTCGTCTCGTGAGCCGTTTCTGAACTATGACCGGGGCAAACTGCGCCTTGTGCTTCGCACCCGACCAAACGACTTGCGCCAGGTCTGGCTCCGCTCGGCGGGTCGCCGTATCCCGATGCGGTTATCCCGAAGTGACGAACTGTACGCCAACTACGTCGGAGAAATTGCCTGGGATCGGAAAACGAGTTTGTCATACGACTTCGAGTTGGTTGATGGAAAGCGCACAACGCGATTTGGGGCGAAGGGCATTAATTCCCAAAACCAACCGTTCCGACTCGTCGCCAAAGATTTTCACCCGTTCGTTGTACCCACGTGGGTCGAGAAAACGGTTTTCTATCAGATTTTTCCTGACCGTTTCGATAACGGCGACAAAAGCAACGATCCTACGAACGTACAGGCGTGGGACAGTGCGCCAACGGGATTTAGCCGCTTTGGAGGCGATGTCGCGGGGGTCAAAAAGCATGTCGGGTATCTCAGCGAGCTCGGCATCTCGGGGGTTTACTTCAATCCCGTTTTCAAGTCCCCTTCCAATCACCGCTACGACGCCCAGGATTACAAAACCCTTGACCCCGAATTTGGCACTAACGCCGAGTTTTCGGCCCTGACCAAAGATCTGCAAAAAAGAGGGATTCGCACGGTGATGGACTTTGTGTTCAATCATACTGCGACCACCTTCGCTCCCTTCGCTGACATCCGCGAGAAGGGGGAAGCCTCGAATTATAAAGACTGGTATTTCATCAAGTCCTATCCGGTGAAGATGCAAGACCCACCCAATTATGTCGCATGGTACAATCACCCAGCCATGCCCAAGTTGAATCTGCAAAACCCCGCGACTCGCGACTATATGCTGGGTTTGGTCAACTACTGGAAAGGGCAAATTCCTCTGGCGGGTATGCGCCTCGACGTGGCCAATGAGGTGGATATGCGCTTCTGGCGTCTTTTGCGCCAACGCACCAAAAGCATTGACCCACAGATGTGGATCGTGGGCGAGGTGTGGGGCGATGGCACTCCCTGGCTCGGCGGCGACCAGTGGGATTCGGTGATGAACTACCCGTTTCTCTTCGCCAACGCCGATTTCTTCGCTGACGGCAAAACCACGCCCACGCAGTTCACCAACTCCTTGATGGAGATTTACAACAGGCATCCGCCGCAGGTGTCGCGCAATATGATGAATATGCTCTCCAGCCACGACACGCCGCGTTTTTTGACGCGTTGCCACAATGACGAGCGTTTGCAGCGACTCGCCGCGACAGTGCAATTCACCTGGGTCGGAGCGCCATCCATTTATTACGGCGAAGAGGTCGGGATGCAGGGCGGCGCCGACCCCGATAATCGGCGGGGAATGAGATGGGATCTGGCGAACGGGGGAAACCCAATGGTGCGCTTTTATAAGCGAGTGATCTCGCTTCGCCGTTTCTGTCCAGCCCTCCAATCGGGCGATCCCAAGATTCTACTTGCGGATGATAAGAATAAAACTCTGGCTTATGCCCGCACGACGGATGACGATGTGGCCATCGTAGTTATCAACCGTTCCGACTCTTCTCAGACTTTGGACATTCCACTTCCGCAGGGGCCGGGAATGAAGAAAATCCGGGAACAAGGATTTAGTGATGGATTGAGCAAACAGGGGTTTGCTATCGGAACCGCAACCCACTTAAAAATTACGATTCCTCCCATGGAATCTGCAATTTTAGTTTCCACCTCCTCATTGGGGGGTAGCGACGCCAAATAAGCACTCCCTTCTCAAACCTAAAAACTCACGTTATGCATTGGATGATGGTAAGGGCATCAGGCCCATTTGGTTAGGAGTTGGGGGTGAGCCTTTTTAGACACAGATGAACACAGATTTGACACAGATAAGCACAGATGGGTTGAAGAGATGGAGAAGGGCACTCATCGACAATCCCTAACCAAATTTTAGGCGACAAACTCTCGCTTCCATATCACTGCTGACTGCGTAACATGAGCTAAAAAGTGATTTTTGCTTATTGACAATTTAATCCGCAAGTAGTATCTACCTGTTAACTTGCGCTTACGCGCCCTATTTGTGAGAGCCTCTCGCGGACATGGCAGCGCCCAGGGGGCACCCGGTCCCTACATTCGAGTTCTTCGGCTTGCGGATGAGATTGTCAATAAGCAAAAATCACGCCCTGCAAATCGCACCCTTCAGTAGCGCAGGATGACTACGCCGTAGTTATCGAGTTCGGGGAGTTGGGTGTGTAATTTTCCGTTCGTGACCTCGAAGTCGAGCTGGACGGGCTTTGCAAATGTGGATACGTCGGGGGTGGCGAATAGGACGGTTTGGGGAGTGGCGCCAGCGGGCAAGTCAAGGACAACATCGAGATTTTTACGCGGTGGGAAAGCGGGAGTGTCCACTGTCCATTTTCGCTCGTTCTGGACGTTTAGTAGCTGCATGACTAGGGCTTTCTTCGCGGGTATGGCGTAGGTACGCGTGACGCAATCGGGCATCTCGTTTTCGAGGGCGGTATTTTGGACGCTTTTTCCGTGCGTCCAACCGTACATCAGGGCATCGAAGTGATAATAGTCGTGGAGTAGCTTCTCGTTTGCCTTTGGAATGGGCTGATGATCGGGGTAATAGAGAGTGTTGAGCGCGTGCATTTGACCGCTTTGTTCGTCGGGTTCGCCCGCCACCATGAGCGAACCCGCCCCCGTCATGGTGGCTCCTAGCAAACGGCGCAGTGTCGCTTCGGGCCATACCTTTTGACCCTGTTGCATGGTGGCAGGATATAGCTTTAAGATCACACGTTGCTGGCGGGCGGCGCGGTTGCGCGAGCAAATATCGACGATGTTTTCGAGATTGGGCGTATAAAAATCCCAAATTTCCAGAA
AP024152.1_gap183	7324147	7325999	1852	ACTTCGACTCTAATGGGACTGACGGCCTTACCATAGTCCACTGCGTAACATGAGAGAGATATTCTTTTTGGTCTGCTACAACATTGACTAATCCACTGTGAAGGCACTGGGGGTGGACAAGTTGGGTAGGATGTCTTTTGCCAATTCGGAAGGATTTTCTACTGTGAAGTCGGCCTCATCGCCGCCCTGTCAACCAAATTTCACACTATTCTTCATTCCACGGGCCAGGGCCATCCTACCCAACTTGCTCATCTCCCCCAAGCGTTGCCCGCTTCAGCGAAATAGATTGGCAGTCAGTTAGATATAAGATTCAACAATTGCGGTGACTCGCTGAAATCGCTGCGGTTGTTGATTTTTGGCGCGTTATTGGCAGCGATAAAATTGGTTTATGATAAACCAATAGTGAACCACGCGGAGGTTTATGGGAAACGCGCGACAACAGGACGATTTGAATAGCCGGGTCCGGGCGCATTTGAGGAGCGGAGGCTTCGAGGTCGGAGGGCGTTTGCCAGCCGAGCGAGAACTGGCGACTTCGCTGGGAGTGGGGCGCACGGCTCTTCGGCCCATTTTAGAAGAGTTGGAAGGGGAAGGCGTGCTGGAACGGCGTCCTCAAGCGGGCACTTTTCTGCGTTCTCTGCCCGCTTTGACTTCCAAGGGGGCGCGGGTGACGCTGATTGCTCCGTTTGGTGAAACCGGAGAAGGCGAGCGGGAAACCGACCCGATGTGGCTACACCGCGTGGTTTCGGCCTTTGAGCGCGTGGCACGACCCGCCGGAATGGAACTGCAACTCCTCGATCAGTCACCGCGCGCTGCCGATCCATGTTCGATCAAAGAGATGGCGCGCGAAGCGGCGAACGCGGGCGCCGGAGCGGTAGTGTTGCTGCACCCGCTGGGAAACCGCTGCACCATTGGTTGCGCGTTGGCACTGCTACACGACCAGGGCGTGCATCCGGTCATCGCTTCGGCCCGCACTTATTCCGGTATGGCGAGTTCGGTTTATTTCGACTCGGGCTGGGGAATTTACTGTGTGACAAAACACTTGATTGAATCGGGACATCGGCGCATCGGTTTTGTGGGTCCCTCTATAGGTCACGAGTGGGTACGCGAACGCATCGCGGGGTATGAACAAGCGCTCGACGCGGCGGAAATAGCAGAAGTAGGGGATTCAGCGCAGTGGATTTGGGTATGCGATGAAGGGGAGAGGATTCCATCGGCGCAAGATGGGGAGAACGCCTTCGGGAAGTGGCTGTCATTGCTTGAAAATGAGCGGCCTACCGCAATTGTTGGGGCGAATGACACCGTTGCATTGGGCTTTTTGAACGCCGCACGAAAACACGGCATTTCCATTCCGGGCGATTTGTCGCTGACCGGGTTTGACAATGATCCGGGTGCCCTACTCGCCGGACTTTCGACGCTGGAACGCCCGACGGAGACATTGGGCGAAGCGCTGGCGCGCGTAACGCTCGATAGGCTCACGCAAGAATCGGGAGGTGAAGTCGCTGCCATCACCCACCGTTTGCGGCCCGATTTCATTGAGCGCAAGACGGTCGCGCCGCCACGCGTGGGCGAGAAAACGAAGACAAAAACATCAACACCATGAACACATCACTACCGCAACGCACACTGGGCCGCACAGGTCTTTCGGTGTCGCAACTGGGCTATGGCGCGATGGAAGTGCGCGGGCCTCGCATCTGGGGCGGGCGTCCGGTTACCGAAAGCGAAGCCGAAACCATTTTGAACGCCGTCGTGGATGCAGGCATCACCTTCATTGATACCGCCAACGATTACGGTCGTAGCGAGGAGTTCATCGGGCGCTTTCTATCGCACCGCCGCGATGAGTTCGTGCTGGCGA
AP024152.1_gap184	7363472	7365001	1529	GGTTTCTTTGCATAAAAACAGGTCAGGCACTATTCTGTGCCTGACCTGTTGGAAATAGTTCGCCCCATCTACCAGTCCATTTCTACCGGGAAGGCATCTATCGAGTTGGGGAAGCGGAGGCGCACTACGCCGCCCTCGAAATCGTAGTCGCTGGCCGGAAGTGCTTTTCCGGCGACGGTTACGCTTTTGGGCAGAGCGGGCGCCGTCACGCGCACAACCGCGTCTGTCTCGCCGATACCACTGGCCCGAAAACGCAGCGACTTCTTGGTGGCGACTTCATCGCGCACGCGACACGCCGCCGCAACGACGCGAGGCTTGTTGGAGCGGTTGAAGTCCAAATCGAACAACAACACACGCTTCCCGGGCGAAAGTTCGACCTGAGTAAGGACGGGTAAAGTAGAGTCGAACAGGTTGATGAAACGTCCACGCAGGGTTTGCACTGGCCCATTGGGAACCGATTCATCCATCGCCGAAGCCACAACATAAGGGCCGCGTCGCAGTACCAGAGAGTTCGATTCGGTCCAGGGCAAGCCCACTTGTGTCGCCGCGCCGCTGACAACACGGCGCACCACGTTGCCACCGTCCTCACGGTGGCTGAGATCTGCCGGTGACGAGTTTTCGCGCACGACCACACCTTTGCCCACATGAGCAGTACCGATAAAGTTCCTGTCCAGGCCTAAAACTTGAAAGAGATGCTCGCGCGGCGTTTTATAGGCATTGGGTGCCGTATTCCACCACTCGCGCACAGCGTTGTAAGGGTCGCTATCGTTATCAATCACAACCAGCGCACCTCCTGCGCGCACCCATTTCTTCAAGGCCTCGTGAAAGGCGGGAGTCGGTGGCTTCTGGCCTTCATAAGTGAGGACCAGCACACGGTAGGGGGTGAGAAAATCGCTTTTCTTGGTGACGCTCTCGACCTGCACTGGCTCAACGGGGATTCCCCGCTTAACGAGGGGCATCGCCAATCCATAGAACGAACCAAGGCGGGAATCGGACGGCGTGGGGTCCCCGCGCTCGAACATCATGGTATCGGAGACTAAAACTCCCACGCCACGAGTGCCGCTCTGTTCCCATCGCACCGATTTGGCGGGCTGCTTCATGTCGCCAAGCGCATGGATGACGCTTTGCAACTCCGTCTCGTAAGCGGCTGGAATCCCAACTTTCTCGACCGGCTCGCCCTCTTTGCGCTCCGAACGCTCTTTCACCGGATAATCGTTGGTAAAAATGCGACTCGGCCAGGGCATAATCTCGTAGTGATGCACTTCGCTTTGAAACAGCGACGCGGTGAGCGTGCTTTCCCAGTTGGTGCGGTAATCGTCCCACGAGTGGTCGGGGTTATCTTCGATGGGGTCGTTCAAGTACCATACGCGCCGTCCCGACGCGCGCACGAGGTTTTGCATCGAGCCATATTCCAAAAAGGCTGTTTCAAAGGTACGCGAGCGAAGCTGCCCCTCATAGACATTGGCTTCGCGCGATGTCCCCGTCCACACCTGCGCGATGTAGCCATCACAACCAACATCCAGGAGCGA
AP024152.1_gap185	7399988	7404839	4851	TCTTTGAGTTGTGTGGCCTGTGGCACGCTGAACACAACGGGAAAATTGAGAATCGCTCCTGGCACCAGCCACTTGCTTTGAATGGGGCCACCTTCAAAGTCGTAAGCAATCGGCGAGTGCGACCCGCCCTCCATATCCGTGAGTGCGGTATGGATTCTGTTGTCGCTGATAGCGGTCCACAACGTCCGCTTCTCATTGACCGCGTTGGTTACGCGACATTGAAGCACGACGAGCTTATAGCCCTGACTGGCATGAAAAGTTCGGGTTGTAGGATTGAATTGGGTGAGACCCGCAGTGTCAGAGTAATCAGCCGGAGTTTTCATCGTGAAAGATTCGGGCATCTGCACGTTCAGTACCTGAAAACGCCATTGGCCGTCGAATAACACGTCGCCAACTTTGCCCTGCGTCACACCTTTGATGGGGTTGGCCCCACCCGGTTTTTTAATCTCGTAACTATCGCCGTGCTTGATGACGACCATGCCCAGTGCCTTGGCGACATCCGCCACTTTCACATAGGCACTCCCCCCAACCACCTTCACGTCGGTTGAAGCGGTCTTGCCATTCATTATCAGTTTGGGAGCGGCTAAAGCGGGTGTGCTTCCGAGGAGAGCGACCAACGGCAAAGTGAGCACAATAACTTTGAGTGGCCATTGTTTGCCCTGGAGATTCATGATGTTCATTTTCGTTTTCTGTTGTGTCGCGTTGACACGGCTAACACAACATTTTGTTTCTATGCACGACTGTCATCTCATGCCGCGAAGCGAGGGGGCATAATCTTAGAGGGTGGCCCAGGCATGAGGGCGAGCACTTTCCCAAAGCTGTGCCAGCCTGTGCCCAGGGTGACGGGACCTTCCATGTTTGCTTGAACCTACCGAAACGGCTGACGGCTGGGAGCAAGCCGCGACCTTTCGATTACATACTCCCATTAATAGGGCAGAGAGAAGCACTTGCCAATATGAGAAGCGCGCAAGACGAGACATCTTCTTCTCAACGGGTTGATGTTACTCATGTGACTTGCGCGCTGGATAGCTTCACTACCTTACGACATCAGGCGTATTCTCAGGCATCAAAGCAACGACTTTTCCAAAGCTTTGCCAGCCCGAACCGAGTTGGACGGGACCTTCCCAACGCATTTTAACCCTCTCGAAAGCGACTTTGCGTGGCGCGACGCTCCGTTTATACCACAGCAACTTTCCATCTTTCTGGATAGCCAAAATCACGTCATCACTGGCGGGAATAATCTGCTGAAAATCTGCCCAGCCGGAACCGACGTTTTGGGCTGCATACCAATCTTTTACACCAGTCTCATAGCCTTTTTGCACATAAAGTAACAAAGTGCCGTCCCGTTGGACGGCGTAAACATGACCCTGTCCCGTCGAGAACACGTCTTTAAAATCGCCCCAACCCGAGCCCACTTCTTTGGCTTCGCTCCACTTGAAAGAACCATCGCGGAAACCGAGATGGCGATACCAGAACAATTTGCCGTCTTGACGGATAGCGTAGATAATGCCTTCTCCTCCCGAAAAGATGCGAGAAAATGTCCAACCATTTCCCACTTCACGCGTCGCTTTCCAATTGAAAGTGCCGTCGTTGAAGCCATCGTGTTGATACCACATCAACTTCCCCTCTTGTGTGAGCCCATAAAGTCGATTTCCTCCGGCGGCAATCACGTCTTTCAGACCTGACCAACCGGCGCCAACTTTTTTAGGTCCCTGCCATGCTGTCGCGTTTGAATCTTTGCGGTACCACATCAAATCGCCGTTGGGTTGGACGCCGTAAAGCCACAGGGATTGATAACCTGGCGGCGTTTTGGCAAAATTTCCCACGTTACCAGTGGGTGGATAAGGATCTGCCGAAGGTTGGGGCGGGGGCGGTCCCATAATATTGAGGATTTGCGGCCAAACCGGAGCAATCGGCGCGTCAGCAGCTTCAGGCGTACTCGTCACCCACGTCCAACCAGTGTTTGGCTTGCCTGGTACATAGCTCGCGTGCGTCAATGAGTGAACACCGACCAACGCATACCCGGACAGAACCCAGGCGAAGGATGGACCACCACTATCGCCGCCCGCGATCATCTGCCCGTTGACACTGGGATACCAGTAGCGATTATCTTTGTTGTAGGTCGCTTTGGCGTAGCTCATTCGATAGAGCCCATCGTTTACAGATGGCACGGCGGAAGCGCCTTGACCTGAGGCAAAAATGCTGATTCCCTGTCCGAAAACCAACAAATCGGCGCCAACAGGTTCGCCAAAATACGGAAATTGCCCGTCCTGAAAGACCAACCTTGAGTAGTTCGTAGTCGAGCCATGCACGTTGAAGGGAGCCGCGACCTGGATGAGAGCCACGTCGTAAGGCCGAAAGGTTTCGACCCGCACGACTTTTTGCGACTGGGGTGTGTTCCATGTCGCAGTCATTGTCATGTTTCCGATAGGATTCAACTTATTCTGTCCAGGTCGCGCCGGATCAGGCATGAAGTTACCCATTGCGTCTGTAGCATCCACGCAATGGGCCGCGGTGATTACCCAGCCATTGCGGAGCAATGAGGCACTACAAACTCCACCGCCATCACTATAGCCCAACAAGCCGAAATCTTCCTGGCGTTGCTCATCTATGACCGAGCCACCAACCAGTGGCTGTCTAACAGTCCCGGTGTTTTCGCGCGTACTCAGCGGTACGGGCGCGAGCCGGATAAAGTCTCCCGTGTTACTCTGTGCCGTAGTGCTCCCATCTTGCCCTTGTGGATTGATAATGGTAATGCGATCTTTCGGCTTGATGATTTTTATGCGGCCTTGTCCTACGCTACTACCAACCAGTGACATCACTGTGGCAGCTAGAACCCACAGACCATAGCGGGCGATTCGATATTGTTTCATTTTGAAGTGTCCTTGTACCTACTGTTGGGGTTGAATTTTGATGCGGCGACGGATGGCGGGCACGTTCTGCCCCTCACCAGACACAGGCGGCATCGGCTTGGGAGTGCCGAAAATTTTTCCGTAATTTCTGATGTTGTCGCTTATTGAACCACGACTAAAAGAGATTGTCGGCAAAATCGTGTAATACCCGCTCACCTCGAACGCCACATCCTGGCCCGCATTGTTGGGGAGCGGAAGCGAATAAAGAGTGAAGGGCACCGTAAGCGACTTGTCGGTGGGCGGGGTGGACGCCAAATCGAAATCGGCCTTGGCCACATTCCACGCACCGGCATTATTGTGTCCTGCCCCATTCAAGGGGTAAGGGACCTGGACGGAATTGGATGACCCCGAGGAGGGCGGCGCCCCAACGGTCAGGAAGTCTTCATCGTAACCATTGACCGCCAGATGCAGGTCATCCACATTGCTCAGAGAAAACTCCTTGCCAACATTAACCGATCCACCATCGGGAATTTGCAATGTTGTGGAGCGCCCACCCAACCAAACGAAATTACGGTTAGTCGTCGCGTCGTAGTTGGTAAAGAACTGGAACATCAGGTCGCCCGTACCTGTACCATCGCCGCCTGTCAGAACATGAACCTTCTGGAAGACGACTTTGACGCGACGACCAATCGTGGTAAAGCTGCCGGTTTCCTGCACCAACTGCCCGCCTATGATGGCTTCGATGATGTAGTAGTAAGTCGTATTGGGCGCCAGTACGGGTTGCAAACGCAGCCTGTGCGTTGTCGTCCCGTTGGCGTCTCGTGGGCGTGGAGCATTGTAGGCAGGCACTTCATCTTCGGGTTTGAAGCCCCATTGAAGTTGGGGAGTGCGTCCTCGTGGCTCTTGAGTCGGCGCCGCTTTGCCAATTCTCACGGTCGGGTTGGCGCCGTCGCGTGTCTCGAAATTGAAAATCGCGCCAGCAGCGAGTGGATTTACCTGCACATTTTGAATCGGTTTCAAAAATTGCGTCACGGTGTCGCCAATCTTGATGCGGTCATGGAAGTCGCGTACACGAACCTTCTGTTCCTGCGCCAGAACACAGGAAGCGCTCGCGAGCAGCAACAGCGCGGACATCAGAGACGGCGTGCAAAACAAAGGGCGACAATAAATGGCGTGTCTCATCGTTGTGCTTTCCTCTCACTGTTTGGGAATAATCCGAATGCGCTTTTTGGCCTTAATAGTAGGCGAAGGGGTTTCAGTTGCGGCCTGAGCCGCCCCGTAGGAGTTCTCAGACAGGTATTGATTCGTAGTCTGGTCCAATGCGTAGGAGCCCTTGGTCGAGGCTTTGATCTTGTCCGATATTTGAGGATGTCGGCGCGCGCCTGAAATGGTGTCTCCAATCCTCAACTTGTCGCTTACCAGCGGCACGCGGGGCGGGGGCAAATAGGAAACGGTGAAATGGCCCTCGACTTCAAAAAGCAAATGGCTTTGCGAGATGCTAATGGCCTCTTGACTCTGATACAAATGGAAAGAAACCGTGCCCGGTTGGTAGGTGCCTCCCATCGTCGTGTCTATGTCGCCACTCGCCGTTGACCAGTAAGCATAGGGGTTATAACGCCCATATCCAGCATCGGTATGAGGAGAAGCGGGGTATTCCTTGGGCCGGGGATCGGTTGGAAACGTGGGAGTGGTATAAAAACCGTTGGGGTCAGAGATCCTGCGGCTTTCACGGTCGCATGCTAGCAGTCTGAGCAGCAAGTGGTCGGGAGCCCTGTCAATGCGAGCGTTAATGTTTATTGTCTCCCATCCCGCCGGACGATAGTTGTTGTAACTCCCCAATCCCCCAATATCGGCGAAGGAGCCATCGCGCGGGTAGCGCCAGTAACCAGTGCCCACTGTTCCCCATTGGTCATTGATGCCTCCATGCAATTGCAATCCTTCTCGTTTCACCATGACTAAACGCCCATTGGGATAAGTCGCATCGGAATCAAGCTCCTTT
AP024152.1_gap186	7430169	7430669	500	TCTCCACACCATAGTAGGTTGGAATACGGATCTCGAAACCGCTATTCTTAGCAGTTGATTCCACGACCACGATACATTGCGAGGGCGAAGCGATGACGGACTCTGGCACCGAAACGGCATATCCAATGGCGCCTACGCCGTTAGCGTTCGCCGTTGTGTCGTTAGTAGAAGTGCTGGCGGCATAGGAAACGTAGGTCTCTGGATAGCCATCCTGTGCGGGATGTGTTGGTGTATTATTGTTCGTGTTGGAAGGACAGCGCAGCACTTGCGTACTCTTGATGTACGGCTGAATCATTTGGCGCCAGGAGATATTAGCGGTTCCTGCCGAGTTAGGGTAAAGATAGCGGGGATAAGTGCTATCGTAGTCCTGAACGTACTGCACGATTCCGATACCGATTTGCTTCATGTTGCTCATGCACGACGAGCGACGGGCATTTTCGCGCGCCCTGGCAAAAACGGGGAACAAAATGGCCGCCAAAATCGCGATAATGGCAATGACC
