gap_id	start	end	length	sequence
AP024682.1_gap1	13534	14554	1020	ATGATGAAAGCGGAAAACTTCTTCCAAATTTCTTGCTGGGCGATTGTGAGGATTTATTTTAAATCCCCAAGAAGCTAAAATTTTATGTTCTTCTTCATGAGTTTTCTGACCAACATCGGTTACAATAGCATATTGGAAAGAATCTAATTTGCGCGAGGCGGTTACTTTGGGATCCAGCTGACGAACAGAGCCAGCGGCTAAATTTCGAGCGTTAGCATAGGGCTTAAGACCCATTTTTTCTTGTTGGCGATTTATAGCCGCTAACTCTTTCTTGGAAATAAAAACTTCTCCTCTGACTACCAAATGTTTAGGAATGGGATATTTCCCTAGCTGTTCCAATTTTTGAGGAATGGCTCTAACTGTTCTTAAATTCTGAGTAACATCCTCTCCGATCAGGCCATCTCCTCGAGTCGATCCCTGAACCAAAATTCCATTTTCATAGACTAATTCAATAGCCAAGCCATCGATTTTTAATTCACAATAAAACAAGGGGAAATTGGGATCAGCAACTTTTTCCAAAGGTTTCCCTAAATAATTTTCTAATCTTTCCAGCCACTCCTCCATTTCTTTTTCTCCAAAAGCATCATAAAAAGAAAGCATCGGTTTAATGTGCTTTACCTTGGCAAATTTATCAAGGGGCTTTCCTCCAACAACTTGAGTGGGAGAATCGGGGGTAATTAAATCAGGAAATTTTCTTTCTAATTCTTCCAATTCATTCTTAAGCGTGTCAAAAGCCGCATCATCAATTTCAGGAGCATCAAAAACATGATAGAGGGTGCGGTGATATTCAATTAATTTTCTTAACTTTTCAATTCTTTCTTTAGCTTCCTCTTTATTCATAGCAAGCCAAAATATTTTTTTAAATTAGGGCTGTTGCTGCTCAAGAAAAACACCAAAGGCCCGAGAGACTTTCCCTGATTTCCCTACTGATTTTATCACTTCATAAACGCCATCAGTAGAGGTAGCAACACTCACTGTTGATCCATTGCTTAAAGAAAGATTGCAATCAATCTGAGGATC
AP024682.1_gap2	89395	90672	1277	CTCTCATTTTAAAGACGCCGCTTTTATTTATCGTGGCTCCAATAACTTTATCGCCCGCCTTTTTATCAACCGGGAGTGATTCACCGGTTACCATTGATTCATCTAAAGAAGCTTGACCCTCAATAATCACTCCATCAACCGGAACCTTTTCTCCTTGTTTGACTAGCAAATAATCACCAACCTTAACTTGGTTTACATCAATGTCATGAATTTCTCCTTTTTCATCAAGACGATGAGCAATTTTTGCCTGAAGTTTCAAAAGTTTTTTAAGCGCCTCTGAGGCTGATCCTTTAGCTTTAGCTTCCAAATATTTTCCCAAGATAATAAAGGTAGTAACCACTACCGCCACATCAAAGTAAGGCTCTAGACGAGCTATAAGCGAACTACTAAACTCAGAAATAAGATTAGCCAAAACCACTACCGTCGAAAAAAAATAAGCAGCTCCAGTACCTAAAGCTACTAGACTATCCATCCCCGGCCTTAGATTTTTCAATTCATAATACATCCCTCGCCAAAATTGCCGACCCACCCAAAATTCAACCGGCGTTGAAATTACCAAAAGAATTAGTAAAGAAAGTTTTTCAGGAATAAATTCATTCAACTTCCCTCCAAAGCTTAAAAATAGAACTATCAGCGAAGCAAAAACACCAAATGTTAATTTAATTTTCAAAACTTTCAACTCAGCCTCGTCTTCCATTTTGGCATGATCGTGTTCCTTAAGGGATTGATTAGGATGATCGGTGTGATGATTGCTGTGATCATGATGATGATAACTGATGTTTTCGCTAACCACCTCATAACCCACCCTTTCAACGGCTTCAATTATTTTCTGATCATCTATTTCTTCACCGCATTCAACAAAAAGTTGATCTGAGGCAAAGTTAACCGAAGCACTCTTGACTCCCTCTAATTTTCTTACTGATTTTTCTATACTGGCAGCGCAGGAGGCGCAATCCATCCCCTTTATTTTAAAAATTTTCTTTATCATAAACCCTTCTTAACTATTTTTATTCATTATTTTTGCCACAAAATTTATTATGAAGCCAAGCAATTAACCAAGCAATAACATAAGTATAAACCAAAACCTCAAACAAGCCGATAACAAATCCTTCTCCAGTAACCCGAGTAGTGACATTTAAATTAACTAAGTGCACAAGATAGCCAAAAAGCTTTAATCCTAAAGAAGGCCAGAGAGCAACGAAGACGGCGCAAAGAGTATAAATTCCTCCCATCACCAAAGCGGCTGCTTTGGCAAACCCACTTTTATGAATTTGACA
AP024682.1_gap3	203744	205721	1977	TCGAAGAATTGTTTGGATGAGCCCTTGGAGCCGCTCTTTGGCAAGGATTATTTCTTATTCTTTTTTAATTATTGTTTTGGGAGCAACGGCGGCTTTTTTGATTTCGGAAAGTTCTCGCTTTCATTGGTTGGGAATTTTGTTGGCTCTTTTTCTAATTGATTATGCTATTCATTTTTCCTCTTCTCATTACAAAGTAAGCCAGCTTTTTGCTGGCAAGGTTCCTCAAAATAATGTTGCTTTGTGTCTTAATCGTCAGGCTTTGGGAGCTCTTACTTTGGCTTTGGAGCGAGCGCTTTTGATGAGGGAAAAATTTTATTTGGTTTTAGCGCTTTTTTTGCTAGAGAAAGATTCGATTGCTAAAGCTTTGGAAAAATTAGAGATAAATATCTCGGAATTTAAAAACAAATTAGAAGAAGAAATTGAAAAAACTAGTGGTCAGGAAAAAATTTCTCTTCCCGAACTAAAAGAGGCGGTGAAAGACTTGGTAACTCAGGCGGCTTTTATTTCTAAATTTCATTTGGAGGAAGAAATTAATTTGGAAAGTCTCTTTTGTGCCCTCTTTTTATCAGATGATCCGTCTTTAAAAAAGATTTTGGATCTTTTTTCTTTAACTGCTGATGATATTAACGCGGCTATTGTTTTTTCTCGTTTTGCTTTTGGAAAAAAAAGTCTTTTGCCCGCTACTCTAGGGGGCTTTGCTTTGAGGAAAGCTAAAATTAAGAGTCATCGAGTTAATCGTACCTTCACCTCCCGGCCAACTCCTTTTTTGGATAATTTTTCTGTTGATTTAACTGATTTAGCTCGGCGAGGAGATGTTGGATTTCTCATTGGTCATCAAAAGGAATATGAAAGAATGATTAATATTTTATCAGGAGAAGGCAGGCGCAATGTTCTTCTGGTGGGGGAGGCTGGTATTGGTAAAGAATCTTTGGTTCAGCATTTAGCTTTTCAAATAATTAATGATAATGTTCCCGCTCCTCTTTTTGATAAAAGGTTAGTAAAACTTTCTTTGGAAGAAATTATGACCGGAGCTGGAATTGAAGAATTAACTTTAAGATTAAGAAAAATTATTGAGGAAATTGTAAAAGCAGGAAATATTATTCTTTATCTACCCGACATTCATCTTTTAGCTAAAACTTCTCAAGAGGGTGCTTTTAATCTTTCTGATGCCTTTTTGCCTATTATTTCTTCCTCGCTTTTCCCGGTGATTGGCGCCACCTATCCCAAAGAGTTCAAAATGTATATTGAAAGTCATTCAAATTTTGCTTCTCAATTTGAGGTAATTCGAGTAGAAGAAATTAGTTTAAACGAAGCCATGACCTTACTTACTCATGAGGCACTTTTATTAGAAAGAAGATATCGAGTTTCGATAAACTTTTCTGCAATTAAGCAAGCGGTTTTTTTGGCTTCGAAATATTTTAAACAAACTCCGCTTCCTTCCAGCGCTGAGAATCTTTTAAAAGAAGCTTTATCTTGGGCTTCTCAGACACAGGAAAAAGTGGTTGATAAAGAAAGTATTATTTATATTGCCGAAAGAAAAATAAATATTCCTCTTCATAGAACCAAAAAAGAAGAAGCGGAAGCACTTTTAAATTTGGAAGATTTAATTCATCAGTCGTTAATTGATCAAGAAGAAGCAGTCAAAGCAGTGGCTGATTCTTTGAGAGCTTTTAGAAGCGGATTAGCTCGAAAAGGAGGCCCAATTGCTACTTTTCTTTTTGTCGGACCAACAGGAGTAGGAAAAACTGAGCTTTCTAAAATTCTTGCCAAAATTAATTTTGGCTCAGAGGAATCAATGTTGCGCTTTGATATGTCAGAGTATCAAGAAAAATCATCTATTGTTCGTTTTATTGGTTCCAGCGACGGGAAAATTGTTGGTTCTCTGACGGAAGGAGTTAGTCAAAAACCCTATTCTTTAGTCTTGCTTGATGAATTTGAAAAGGCTCATCCCGATGTTTTAAATCTTTTTTTACAAGT
AP024682.1_gap4	211981	216078	4097	AGGAAGTTCTAAAAATTTCCTTCAGCAATAAAATAAAACCTTTTCTTTTATAAAAGTGGTGGAGAAGTGGTGGAGATGATGGGAGTTGAACCCATGTCCAAAGTAATTTTTAGTAAACCTCTACGAGCGTATCTCTCTTTAGAGAGAAAATAAAGTTGCCTCTTTTTTGTCCTTCTGTTTTTGGAGGCACAAAAACAGAAGTAAGTCTTGTTTCTTACACCGAACTTCCCTACAAGACCTCAGGAGTCGATGCCTCTCGATTTAAGCGAGAGGAAATCCCTGCTTTACGCAAAAGCGTAAGCGGGAGCCAAATTTTTGTTGGCAGTTATTTTTTTTGATAGCTTAACGGGCTATCAGGCGGCTCGCAGTTTACTAAAAATTTACTTTGTCGAATCCCGGCATCCCCATTTTTATTTTTAAAGTGCTTTAGAAATTGTTTTTAGCTTTCTTTGAATCTCTCTTTCGGTTTCCCTTTTTTTAATTATTTCTCTTTTGTCGAATTGTTTTTTACTTTTAGCTACTCCAATCTCTATTTTTAAAAGGTTGCCTTTATTATACAACTTTAATGGCACTATTGTCAATCCTTTCTCCTGCGATTTTCCTAAAAGATAATTTATCTCTTTCTTTTTTAAAAGAAGTCGTCGGGGGCGCTCTTTATCGTAGCCAGGGGGAGTATTTTTTTCTTGAAAAGGGGAAATGGAAGCTCCCACCAGCCAAGCTTCATTATTGTAGATTTTTACATAAGCACCAGTTAAGGATCCTTTTTGAGCGCGTAAGGCTTTTACTTCGAATCCTTCTAATTCAATTCCAGCTTCGAATTTTTCTAAGATTTGATAATCAAAGAAAGCTTTTTTGTTTTCAAGAAGAATCATATTTTGATAATAATTTAGTCTTCCTTATTTTATCGAGTTTTTTTCCAAATTACTACCGATTTTATCTCTTTGCTATTCTTTTTTTGTTTTCGAATAATTGGTAATTTTTCTGCTATCGCAGGAAAATTAAGAAGATAAGAAATAGAAAGAAAATCATTTTTACCCAAAGGTTTCAAAAAGTGGATTTTTTTCAAAAAAATGTTTAAAATGGTTTTTATGCTAATCAACTTAAAATCTTTTAACCCTTCGGAGGTTGAAGAAAAAGTTCTTCAATTCTGGAAGGAAAAAAATATCTTTCAAAAAACTTTAAATCCCAAGGGGAAAAAGAAAAAATTCTTTCATTTTTGGGAGGGCCCTCCTTACGCTAATGGACGGCCGGGAATTCATCATGTTTTGGCTAGAGTGTTTAAAGATGTTTTTTTGCGTTACAAAACGATGCAGGGGTTTATAGTTCCCAGAAAAGCTGGTTGGGATACTCACGGTCTTCCTATTGAAATTGAAGCAGAAAAAGATTTTGGAGTTAGCTCTAAAGTGGAGATAGAAAAAATAGGAATTGATCGTTTTAATCAAAAAGCCAAAGAAATTGTTTTCCGGTGTAAGGATGAGTTTGAAAAAATGACTGAACGAATTGGTTACTGGTTGGATTTAAAAAATGCCTATGTAACTTACTCTCCGGATTTTATTGAAAGTTTGTGGTGGGTGTTTAAAAGAATTTATGAGAGAGGTTATTTGAAAGAGCTTTACCGAGTAGTTCCTTATTGTCCGCGATGTCAAACTCCTTTATCTAATCACGAACTGGGTCAGCCGGGAGTTTATAAAAGCGTTCCCGATCCTTCTTTGTTTGTAAAATTTCCTTTGGCAGGAAAAGAAAACGAATTTCTTTTGGTTTGGACCACTACTCCCTGGACTTTGCCGGCGAATGTTGCAGTGGCAGTGTTACCGGAAGGAGATTATGTAAAGTACAAAGTTGGCCAAGACTATCTCTGGATGCTTGAAGGGGCACCTTTTTTGAGAGAGAAATTTGAATTAGAGGAAGTGGAAAGAAAAAAAGGAAAAGAAATGGCTGGCTGGAAATATCAACCGCTTTATCCTTTAAAACAAAAAATTAATTTACCAATTGAGCCTTACAGCGTCCTTTTAGCAGATTTTGTTTCAATGGAAGAAGGGACAGGATTGGTTCATATTGCTCCCACTTTCGGGGAAGATGACTTTAATTTAGTTTTTGCTCAGGGAATTAAAGAAAATCATCATCTGCCCCACACCGTTGAGGATGATGGAACGATGGCTAAAGAAGTAATTGGAGAAGGGCTGCCGATAAAAGAAGCTGATAAAGTAATTCTTCAGGATTTAGAAAAAAGGGGATTAGTTTTATTGGTGGATAAGATAGAGCACGAATATCCTCACTGTTGGCGTTGTTCTTCTCCCTTGATTTATTTTGCTAAAAAGTCTTGGTTTTTTGAGGTTTCTCGCTTAAGAAAAGAATTAGTAGAAGCTAATCAAAAAATAAACTGGTACCCTGAATATCTAAAAGAAGGAAGATTTGGAAATTGGATCGCCGAAGCCAAAGATTGGTCTATTTCTCGCGATCGCTTTTGGGGGACGCCTCTCCCAATTTGGCGTTGTCAGAAATGCCAAAAGTTAACAGTAGTAGGAAGTTTTCAGGAATTATTTTCCTTACAACCCCACGAAGAACCAAATAAATATTTTCTTCTTCGTCACGGAGAGGCGGAAAGTAATATTAAACAAATTGTTGATGCTGATCCTAAAAACAAAGACAGGGTTGGTTTAACTTCAAAAGGGAAAAAACAAGCTCAGCAGGTAGCCAAAAAGTTAAAAAAGGAAGGAGTTGATTTAATTTTTTCCTCTGATTTTCGAAGAACTCGAGAAACAGCTGAAATTATTGCCAAGGAATTAGGCATCAAAAAGGTTATTTTTGATGAGCGCTTAAGAGAAATTAATGTGGGAATCTTTCACGGGCATAATGTCCAAGATTATCACACTTACTTTCCTTCTTATCAGGATAAGTTTCAAAAACAGCCGGAGAAGGGAGAAAGTCTAAAAGATGTTTCTAAAAGAGTTTGGGATTTTGTTAAAGAGGTGGAAAAGAAATATCACGGCAAAAAAATTTTGATAGTTAGTCACGAGTATCCTTTGTGGATGCTTTATTCGGTGATTAAGGGTTTGTGGCAGGAGCGCTCGATTCGGGAAAAAGAAGAAAGGGGTAATGATTTCTTAAAGCCAGCCCAATTTGAAGTAGTTGATTTTGCTTTAGTGCCGCGAGATGAGTGGGGAATGGCTGACTATCATCGCCCTTATGTAGATAAGATTTCGCTTAAGTGTCAGCATTGCGGATCTTTAGCTAATAGGATTTCTGATGTAGCGGATGTTTGGTTTGATTCAGGAGCAATGCCTTATGCTCAAGAACATTGGCCTTTTTCTAAGATAAAAGAAGGATCATCGATTTCTGATTTTGATAAAAAATCTCTTAAAAAACCGGATCGTTTTCCAGCCGATTTTATTTGTGAAGGAATTGATCAAACAAGAGGCTGGTTTTACACTCTTTTAGCAACCGCGGTGCTTTTGGGAATGGGTACTCCTTACAAAAATGTGGTTTCTTTGGGATTGGTTTTAGATAAATATGGTCAAAAAATGTCAAAATCTCGCGGTAATGTAGTCGATCCTTGGTCGGTTATCAATAAGTTTGGAATCGATGCGGTGCGCTGGTATTTTTATTCAATTAATTCTCCAGCTGAGCCTAAAAACTTTGATGAAGAAGAAATAAAAAATTCCTTAAGAAGGTTACTGATGCTGGTTTACAATTCCTTTGCTTTTCTTCAGCTTTATGGGCAAAGGCGCCTACCTTTAGAAAAAACTCCTTCTTTAAAAAATCCCTTAGATCAATGGATTCTTTTGCGTCTTAGCCAAACCGCTTTAGCGGTTGAAGAAAGAATGGATAATTATGATGTTTTAAAATCAACTCAGTTAATTGAAGAGTTGGTGGATGATTTGTCTCGTTGGTATATTCGCCGCTCGCGAAGAAGATTTCAAAAACCAGATTTAGATTCTTTACAAGGAAAGAAGGATTATCAAAATGCTTCTTGGGTGTTGGCTTTCGTTCTTTTAAATCTTTCTAAGTTGTTGGCTCCGTTTATTCCTTTCTTTGCCGAAGCTCTTTATCAATCTCTAAAGAAGCTTTATCGATTTAAGAGTCAGGATTCAGTTCAT
AP024682.1_gap5	247595	250194	2599	TTTATGATTTCTGATTAAGAGTATGAGAAAAAATAAAAGAGTAAGAAAAATAAAAAAGAAAGGGAAGATTTTAAAGAAAGAAATTAAACTAAAAAAGGAAACTAAGAAAGAAAAATCCCTTTCCACTCCTTCTTTGATTTTGAAGAATAAAAAGAAGAATGCTTTTCCTTTAGCTAAAATTAAAGTGGTGGGAGTGGGAGGAGCGGGAGGAAATGTTATCTCCCGAATGTTTGATTATTTTCCTCGGGGAATAGATTTGGTAGCTATCAATACTGATCTTCAAGATTTGGAAAATTGTTTAGCCAAGAGAAAGGTTTATATCGGCAAGCAAGTAACCAAAGGATTAGGAGCGGGGATGAACCCAGAATTAGGACGACAGGCAGCTTACGAAAGCAAAGAGGAGATTGCTAAAATTTTAGAAGGAGCCGATTTAGTTTTTTTAACTGCTGGTTTGGGGGGAGGAACGGGTAGCGGAGCTTTGCCGGTAATTGCCGAAATTGCTCAAGAGTTGGGGGTTTTAACAATTGCGGTAGTAACCAAACCCTTTGCCTTTGAAGGAGCTCAAAGAAGTCAAATTGCTCAGGAAGCTTTAAGCCATTTAAGAGAAAAGGTAGATGCTTTAATTACTATTGCCAATGATCGCATCTTTTTGATTATTGATAAAGAAACCTCTCTTCAAAAAGCTTTTGAGGCAATTGATGAAGTTTTAAAAAATGCGGTCTTGGGAATCACCGAGATTATTGTCTCACCGGGAATAATTAATGTTGATTTTGCTGATGTGAGAACAATTGTAAAAAATTCCGGCTCAGCCATTATTGGAGTAGGGATAGCTTCAGGCAAAGAAAGAGCGCTGACAGCAGCTAATTTGGCTTTAAATTCTCCTTTGCTGGAAACTTCAATCGATGGAGCGAAGGGAATTCTTTTTTCCGTTTCTGGTCATCGAGATTTGAAAATGTATGAGATAAATGAAATTGCCAAAGTAATCTCTGAAAGTGTTGATCCTAATGCCAAAATCATCTTTGGAACTTACTACGATAAAAAGTTAGATAAGGGTCAAATAAAAGTAACCCTCATTGCCACTGGCTTTGGTTCTCTTTTAGGAAGAACCGCTCCTCTTTTCGAGGATTTCTCTTATCGGTCTTTGGGGAAAAATCCAATTAGCTTTGAAAGTGGTTTGGGTTCTAGTAAAATAGAGAAAGAATCTTTGGTTTCTGATAAAGAAAGCTCTTCTAGTAAAAAAGAAAAAGAAATAGTTGAACCTCAAGAGGAAAAAGAGGAGGATTTTTGGGAAATTCCGGCTTTTTTAAGAAAGAAGAAAAAGAGATAATTTGAGTAGCTGGAGTTTTTTTGGTTTTGGGTTATAATAGTTCTTAAAAACGATGAGGTTAAGACTTAAAGGATTGATTAAGAAAGGAGGGGAAGAATAAAATTTTTGTTCTTATTGATTCTCTGGGGATTAATAAATAATTCTTTTCAAACATATGGCGCTTAACAAAACCTCAAAAAAATCTCACCCTTCTTTCTCTCACTCTTTTTCTTTAACGCGTTTCTTTACTAAAAAAGGCGTTTCTCCATTCGATGAAGTACGCTGGGTGAAAAGAGATGCAAAGGTGGGTAGTTTTGAGCAAAAGGAAGTAGAATTTCCTGATTTTTGGTCAGAAAATGCTGTGAATATTACTGCCTCTAAATATTTTCGTGGCAAACTAGGCACTCCTCAAAGAGAAACCAGCTTAAAGCAAATGATTAGTCGGGTTACCAAAACTCTTCGCAAGTGGGGTAAAGAGTTTGGTTATTTTGAAAATAATTCTCAGGCCCAAATTTTTGAAGATGAGCTAACTTATTTGATCTTACATCAGATGGGGACCTTTAATAGCCCAGTTTGGTTTAATGTTGGAGTTAAAGAAAAGCCTCAATGCTCAGCTTGTTTTATTCTTTCGGTTGAAGATGATATGAATTCTATTCTAGATTGGATAAAAACTGAGGGAATGATTTTTAAAGGCGGATCGGGAGCGGGGATTAATCTTTCTCCCTTGCGCTCAAAAAGGGAACCCTTATCAGGAGGAGGAATGGCTTCCGGCCCGGTTTCCTTTATGAGAGGAGCGGATGCGGTAGCAGGAATGATTAAATCAGGAGGCACTACTCGCCGGGCAGCCAAGATGGTTATTTTAAACATTGACCATCCCGATATTGTTGAATTTATTCGCTGTAAAGCGGAAGAAGAGAAAAAAATCAGAGCTTTGATTGAAGCTGGCTTTGATATGAGCGATTTAAATAACGAAGCCTGGCACTCAATTCAATTTCAAAATGCAAATAATTCTGTAAGAATCCCGGATGAGTTTATGAAAGCGGTTGAAGAAGATGGTGTCTGGCAAACTCGCTTTCGCACCACTGGAGAGGTGGCTGATACTTACCGAGCTCGCGATCTTTTAAATGAAATTGCTCAAGCGGCTTGGGAATCAGGAGATCCGGGGGTTCAGTTTGATACTACTATCAATGATTGGCATACTTGCCCTAATTCTGGAAGAATCAACGCTTCTAATCCTTGCTCGGAATATATGCATTTGGATAATTCAGCTTGTAATTTGGCGTCTTTGAATCT
AP024682.1_gap6	265106	268503	3397	TTTTGCTTTAACAAAGGGTGATGAGGTTGTTTTTGGAAAAAATTACTTTCAGATTCTTTGGCCAGAGACTAATTTTGGAGGTAAGCTTGATGAAAATGACGCTTCTTTAGTAGTAGCCTTTAGAAGTAATTATTTTTCTGCTCTTTTTTTAGGAGATATTTCATCTAAGGTGGAAAAGATTCTTCTAAACTCGTTTGATTTTTCCAAAATCAAAGTTGATGTTTTAAAGGTAGCTCATCATGGATCGAAATATTCCTCGGATTTTAATTTTTTGAAAGCGGTGTCTCCTAAAGTAGCGGTAATAGAGGTAGGAAAAAATTCTTACGGCCATCCCACTTCTGAGGTTTTAGAAAGACTAGCTAATTTAAAGATAGAAGTTTTTAGAACCGATAAGGATGGAATAGTTAAAATTTTTAGTGAGAATAATCTATTGAAAGTAGCAAAATCTCTCTCAAATTGATTTTTAAAAATTTTGATTTTTTCTGCTTTTTTGATATTCTAAGCTTATGTTGAAAATGTGGATAAAAGAAGTTACTCAAAAGGTTGGAGAGGAAGTGGAGTTACTAGGATGGGTGGCTAATCGTCGCGATCACGGAAAATTGGTTTTTATTGATTTACGTGACAGAAGCGCAATTTGTCAGGTGGTTTTTTCTCCTGCCTCGGGAGAAAGGGTTTATCAAGAAGCTCAAAGATTAAGGGGCGAGTGGGTGATTAAGGTTAAAGGAATAGTTAAAGAAAGGCCAGCGGGAATGATCAACGAAAAAATTCCTACCGGCAAGGTGGAAATTGAGGCACAGGATTTGGAAATTATTAATCAAGCCCAAACCCTTCCTTTTGATGTTGGCGGGGATGGTTATGAAATTGGAGAAGAAATTAGAATGAGATATCGCTATCTTGATTTAAGAAGACCTCGTCTCCAAAAAAATCTTCTTCAAAGAAATAAGATTATTAAGTTTTTTAGAGATTTTTTGGAGAAGAAAGATTTTATTGAAGTAGAAACTCCTATTATTACCAAATCAACTCCTGAAGGAGCCAGAGATTATTTAGTTCCCTCCCGTCTTTATCCGGGAAAGTTTTATGCTTTACCTCAATCACCTCAGCAATACAAACAGCTTTTAATGGTGGCCGGAGTTGAAAGATATTTTCAGATTGCTCGCTGTTTTCGAGACGAGGACACTCGCGGCGACAGACAACCAGAATTTACTCAGTTAGATCTAGAAATGAGTTTTGTAGAAGAAGAAGATGTTTTGTCTTTGATTGAGGAGCTTTATTTGGAAATGATTAAAGCTCTTTATCCTCAAAAAAAAGTTAATTTAGATGAAAACGGCAGAATTCCTCGAATGTCTTATCAGGAAGCGATGGAGAAATACAATTCTGATAAGCCTGATTTAAGAAAAGACAAAAACGATCCTGACGAGTTAGCTTTTCTTTTTATAGTTGATTTCCCAATGTTTGAATGGAGCGAAACTGAAAAAAGATGGGATGCGGTTCATCATCCTTTTACTGCTCCTAAACTTCCCAATGGTTCCTTAGAAAAGGAAAAGATTCTTGAGTTTTTAAGAAACGATCCAGGAAAGCTTTTGGCTCGTCAATACGATTTTGTTTTAAATGGCTATGAAATTGGCGGCGGCTCGATCAGGACTCATGATCCGGAAATTTTGGAAGCGGTTTTTGAAACAATGGGTAATAAGCCCGAGGAAATAAAAGAAAAATTTGGTCATATGCTTGAAGCTTTTTCTTATGGAGTTCCTCCTCACGGGGGAATTGCTCCCGGGATTGATAGATTGGTAATGATTTTAGAAAACGAACCCAATATTCGAGAGGTGATTGCTTTTCCTAAAACGGGAGATGGGAGGGATTTGATGATGAATTCTCCCAGTGAAGTTAGAGAAGAACAACTTAAGGAATTGGGAATTGAGATTTCTAAAAAAGAAAAGTAATTAGAAATTAAAATTAATTATTTTCTAATATGTTGTGGAAAGAAAGAACCTTGGTGCTTCTTAAACCCGATGCCGTCCAAAGGAATTTGATCGGTGAAATTATTACTCGTTTTGAAAGGGTAGGACTAAAAATTATTGCTATGAAGTTTCTTATTCCCACCAAAGAACAAGCTTATAAACACTATGTTAAAAATGAGGAGGAAATTGAGGCTTTGGGTAAGCGATCAATTGAGGGGAAGAAAAAATCCGGGATCGAAACCAACGAAGATCCCAAAGAATTAGGACAAAAAATTATTGATCGATTAGTAAGATTTCTTTCCTCAGGGCCGATTGTGGCAATGGTTTTGGAGGGTAATCAGGCAGTAGCAATTGTAAGAAAGTTGGTGGGTTCAACCGAGCCCCTTCAGTCAGATGTAGGAACAATTAGAGGAGATTTTACTTTGGATTCCTATGCAATTGCTGATAATGATAATCGAGCGGTGAGAAACTTAGTCCATGCTTCTTCTTCGGTTGCGGAAGCTGAGTATGAAATTAAGGTTTGGTTTGATGAAAAAGAAATTTTTAGTTACAATAGCGTTAGAGACAGAGTTCTTTATGATGTTAATTTAGATAACATCAACGAATAATAATTAAAAAAAACAATTTATGAAAAAAGAAAACTTTCCTCCTTTGGGAGAAAACAACCAAGAAGAAAAACCTCAAGAACCTTTAGATTTAGATGAATTTATGATTCCTACCGTTTTGAGAAATCAGGGTCAAGAGATTCCTCATTTTAAAATTGAGGAAGGAGCCGAAGAAAATCCTGATAATTTATTAGTTCCTACTCTTTTACGGCAAGCTTTGAGGGGAGAAAGAGGGGTTAAATTAACAAAAGATTTGGCTAAAAAAGCGGTGGAAATGGCAGTTGAAGCAATTGCCGCTGGTAACAATGATTTCAAAGATTTGTTGAATGCCATTTTAAAACTTAACTCGGGTGAATCGTTGAACGAAGAAGAAGCAGAGATGATAATCGATTTGATAGCTCAAGCCAGAAAGAGAGAGAAAGAAAATCTCTAATTTTTTTCAAAAAGAATTTGACTTTTTGGGATGGTATTTGATAATGTAAGTGAGCCCTGCCGAAAAGATTCTCGGATTAGCCGTTTTTAAAGGGAGGGCAACAGCATTCTAACCCGTGGGTTAGAATTGAGCCCACCCACCTGGCTTTAGAGCTGGGAAATCTTTAGGCGGGGCTCTTAGCGTATAGAAAATGCTTTTAAGTTTTAATTAAATGTTTTGAAAATTTATGAGAGAATGTGAAATTTGCAAAAAAGGTTCTATAGTAGCTCGAAGACGTCATAAATTAAGAGGGAAATATAATCCTACTCCTCAATCTCGCCGATATCCTAATCTTCAAAAGGTAAGGCTTCCTAATGGAAAAAGGGTTTTAGCCTGCACTCAATGTATTAAAACACTAGCTA
AP024682.1_gap7	278179	280671	2492	CAAAGTATTCCCGATACGATGGGCGATCTTTTTCTTGATATCTTAGGAGCTTTAACTTTTGGTCTCTTTTTAATAAGGAGAAAAATTTAAATCTACTCTCTTAAGAGAAGTATCTTCTAAAAGATAAATTTTATTTTCTGCTAAAAGGTAGGCGGCCTCTCCTTTTTTGTTGGTGATAAGAAACTGATTATTGGGTTCCAGCTTGGTTATTTCGGCTATTTGGATTTGGTGAGGATATTCTAAAAGAAGGTGAAAAGAGTCTTTGTAAAAGTAAATTTTTTCTATCTTTGAGGCATCGGCTACTTGAATTCTTAAATAGCTTTCTTTGGGTGCTTCTAAAGAAACAATCTCATCACTTAAAAGGTAAACAAAAATTTTTCCGTCTTTATCCTGGAAGACTATCTTGCTTTTATCAGGAGAAAAAGAAAATTGTTTGGCCTTAAAGGCAATTTGCCGAAAACTTTTTTCATCGGGAGAATAAATTCCTAAAGCTCCGTTTTCTAAAAGGAAAGCTAAAAGACCATTTCCTACTTTCAAATCGATAACTTTTTCTTGAGGATTAAAGAAACTAAATTCTTCTTGAAAAACCTCTTTATTGAGGGTTAAGTCGTAAATAATAATTTTTTTGCTTGTAATTTCGTTTTTCTTACTTCTTTCTACTTTTAAGGCGTAAAGATTCTTCTCGGTGGCGAAAAAATTTTCAAATTCTCCCTCTAATAAGAGAGAAGTTTTTTGTTGATCTAAATTCAAAAGGTAAATCCCCTTAACGGTTTGAGCTAAAAAAGCGTTTTCTTCTTGAGGAGAAAATTTTAGATTAATTATTTTGGATTTAAAAAAGGAAGCAATTCGAGAGCTGAGGTTAAAATTTGTTTCTTTTTTTAGGGAAGTTAAGTAGTAGGTATTATTTTTATCTTGAGTGAGGACATTTTGAAAATTATCGATATCTATTAGTTTTTCTCCTTTAAGGTTTTGAGCAATCGTTTCTTTTTTTAAAGTTTGAGGGATAAGAAGAGCATTGAGAATGCGAGTTACTTGAGAGGGGAAGACCTCGATATTTTTTTGATACTCATGGAAACCCTCTTTTTTTAAAATCAAGCGGTATTTTTTAGGAAGAATATTGGTAATTAAGGTTCCTTTTTGAAGAATACTTGATTTATTGGAAAATTCCTTGCCATTGATAAAAATAAGAGCATCTCGAGGAAGGCTTTCGATATAAATGGCGCCAGTCTTTTTAATAGAAAATGAGGCCAAATCAATTCTAAAACCTTGAGAATAGTAAATTATTCCTGTTCCCACAATTAGAAAAAAGAGAACAAAGGAAAGAAAGAGTTTTCTTCTGAAATTAATGGACATGAGATTTTTATCAGTTTTTGGATTTTATTTATTATAATCTTAAGTGAAGAATAAATAAACAAGACTTTTTTTACCTTTGATTTCTGAAATTTTTTAGGGTATTCTGAATTTGAAAAATCTTGGCTAAGAGGATTTAAAAACTTAGGGAAATCTTTAAAATGGCTAAATTTTTAATAAAAGGAGAAAGGGAATTAAAGGGAGAAGTAAGGGTTAAAGGAGCAAAAAACGCTGCCTTAAAAATAATTGCTGCCTCGTTACTAGCCGAGTCTCCTTGTTTGATAAAAAACGTTCCCCGGATCAGTGATATTGAAACACTTTTGGAAATTTTGAAAGGGATTGGAGTCAAGTTTGAGTTTAAAGAAAATACTCTTTGGATAGACGCTTCCTCGATTCATTCTACTAGTCTCGATGATGCCGGGATGAAAAAATTAAGAGGCTCGATTGTTTTAGCTGGTCCGCTTTTAGCTCGCTTTGGGAAAGTAAGTTTTAGTCAGCCGGGAGGATGCTTAATTGGAAGTCGCCCAATCGATGATCATTTAGATGTTTTTGAGCAAATGAAGGTTAAGATTGAGTATGAAGATGAGAAATTTTTTCTCTCTGGTAAACCCCAAGCAGCCCATATAGTTTTGGAAAAAATGAGTGTTACTGCTACCGAAAATGCGATGATGGCGGCGGTTCTTACTTCTGGAACAACTATAATTCATGTGGCAGCCGCAGAGCCGGAGATTAAAGATTTAGCCGATTTTCTCAATAAAATGGGAGCCAAAATTAAGGGAGCAGGGACTCACGAAATAGAAATTGAGGGAGTGGAAAAATTAAAAGGAGTAGAGCATCAAGTTTTACCAGACAGAATTGAAGCCGGCACCTATATTATCGCTGGAATTTTAACTAATTCAGAAATTGTTGTTGGTCCAATTATTCCTTGTCATTCTGATCTTTTTTTAAAAAAGCTTAAAAAAGCCAAAGCTAATTTTAGAATAGAGGAAAAAGAGGGGCAAAGTTATTTAAGAACTCTTAAAAGAGGAAAATTACTTGCCCAAAACATTGATGCTCGCCCTTATCCGGGATTTCCCACTGATCTTCAGCCTCAATATGCAGTTTTAATGACTCAAGCCGAAGGGAGATCGGAGATATTTGAC
AP024682.1_gap8	308318	313109	4791	GGTCAAACTTCCTACTAAAATCAGAATTGTCTTCAATTTCATATTTATTTTATAAGCTTGCGATAAGCGATTATTGTCATTATACTCTGAAAAAGAAGAGAGAGGTAGTTTTTATTTATCTTATGGATATTCGAAATTTTTGTATTATTGCTCATATCGATCACGGTAAGTCCACTTTAGCTGATCGCTTGTTAGAAATCACAAACACAGTTGATAAAAGACAGATGAAGTCTCAGTATTTAGATCAGTTGGAGCTAGAAAGAGAAAGAGGGATTACTATAAAGATGGCTCCCGTAAGAATGAAATATTTTTTTCGGGGGCAGGAGTATTGTTTAAATTTGATAGATACCCCTGGTCATCCTGATTTTGGATATGAGGTTTCTCGGGCTTTAGCGGCAGTAGAAGGAGCAATCCTTTTGGTTGATGCTACTCAAGGAATTCAAGCACAGACTCTTTCTAACTTTTATGCAGCTCAAAAAGCAGGCTTAAAAATTATTGGAGCGGTAAATAAGATTGATTTGGGAAGTTTTGATGTAGAAAAAGCGGTCAAAGAAACCGCTTCTCTTTTAGGAGTAGATGAAAGCGAAATTTCAAGAATTTCAGCTAAAACAGGAGCGGGAGTAAAGGAATTATTGGAAAGATTAATCGAAGAAGTTCCTCCCCCCCAGATTCAAAATCATCAGCAAATTTCTCGAGCTTTAATTTTCGATTCCTTTTATGATAATCATAAAGGGATTGTTGCTACGGTAAGAGTTTTTGAGGGAAGTTTTAAAGCTAATCAGGAAGTTTTTTTGATCGCCGCTAAGGAAAAATTTAAGATCAAGGAGGTGGGTTATTTTACTCCTCATCTTTCAGCTACCGACTCTTTGTCGGAGGGAGAAATTGGTTATTTAGTAACTGGTATAAGAGATCCTCATCAAGTAAAAATTGGAGATACCGTTATTTCGCTGAAAGCGAAATTGCAGACAAATAAAATTGGTGTTAGTGCTAATCAACATTTTGATTCACATCAGGCTGCACTCTGGGCCCTGCCAGGTTATCGAGAACCCAAGCCAGTAGTTTTTGTTTCTTTTTATCCTGATAATCCTGACGAATACGAAAACTTAAAGAAGTCTTTGGAACGCCTTAAACTAAATGATTCTTCTTTTACTTTTGAACCGGACGCTAACGAAGTTTTGGGAAGGGGATTTAAAGGAGGATTTTTGGGGAAGCTTCATTTTGAAATTGTTCTCCAACGTTTGGAAAGAGAATTTGGAGTGAAAACAGTTACTTCTTTTCCTTCAGTGGCTTATAAAGTTAAATTACCCCCAGCTTCTTTAAAAAAGGATAATCTATCTAGGTTAGAAAAAGATGAAGAAGGTTTTTTGATTATTCGCAATCCCAAAGACTTGCCCGATAACTTTTTAGAGATTTGGGAGCCGATGATTAGGGTAGAAATTATTGCTCCTCATCATTTATTAGGAAGTCTTCTTCAATTAAAAGAAGCTTTTCGTTGGCAAGAAGTAAATACTAAGTTGATAGGAGAAAAGGTTATTATCGAAACAAAAATGCCTTTGGCAGAATTAATTTCTGACTTCGATGATAGGTTAAAGTCGGTTTCGGGTGGGTTTGCTTCTTTTAGTTATCAAGAAGAAGGTTACCAAAAATCAGATCTGGCGAAATTAGAGATTCTGGTGGCTGGTGAAGTGGTCCCCGGGCTTTCTCGAATTTTACCTAAAGAAACTCTGGAAAAAGAAGCGCGAAAAATGGTTTTGCGTCTTAAAGAAATACTTCCTCGTCAGCAATTTAGCCAAGCTCTTCAAGCAAAAGCACAAGGAAGAATTATTGCTCGAGAAACTATCCCCGCTTTAAAAAAAGATGTGACTGGTTATCTTTACGGAGGTGATCGAACTCGGAAGATGAAGCTTTGGAAAAAACAAAAGGAAGGGAAAAAGAAGCTTTTGTCTTTGGCGCGGGTAAGAATTTCTCCTCAAGACTTTAAAAAGATTTTGTCTAAATAGATTAAGGGGTTATTTTCTTTTGGAGAAAAATTATTTGGAGTATAATAAAAACAATGACTAGTTTTAAGAAATTGATTTTAGTGGTTTTTTTGGGGCTGATGGTAGCGGGATTAATGACGAGTGCTTTTTTATTAACCAAAAAAGTAAAAGAGTTCTCAAAAACTTACAAAGATCTTTCCGCTCAGATTAATAATTTAGCGGAAGAAAATTTGATTATTGAAAGGGATATAAAGTACTATCTTAACCCGCGCAATTTGGAAAAGAAGTTAAGAGAAAAGTTTAATTATAAGCATCCTTCAGAAAAAATGATTATTGTTGTGCCTTAAATTTAAAAATCTAATGTTGAGTATTATTAGCAACAAAAACAACAAAATTTATTTTGATTTAAAATTAAATTACTTTTTAAAATGAAGTTTGAATTATCTGAATTTTTAAAAAACAAAAAAGTTATCGGGTTAGCGTTGGGATTAGGTGGAATTTTAATTGTTTTTTTAATAGTTTTTACTTTTGGTTTGTGGCCGGTAGCCTTTGTAAATGGAGCGCCAATTTTTGCTTTTCAGTATCAAAAAGCTACTGACTTAGCCTTTAATTATTTTGCAAACTATTCTTCCAATGACCAAAGTAAAGAGAAATTAAAGGAAGGTTCAAGGGCAATTGCTTTGGAAGGCTTAATCGACGAAATTCTAATCGATAAAAAATTAAAATCAGAAATGAAAAAGAGTGAATTGGAAGAAAAAATAGAAAATCACATAAAGCCATTTTTAGATGATCAAGAGGCTCGTCGCTTGCTTTCCAAGCTGATTCGGTTGCCTGAAAAAGATATCATTCGCTACTTTCTAAGAATTCAGGCCAAGAATCAAATTTTGGATAGCCGACTAAGATTAGAAAAAAAAGATTTGATCTCTTGGTTGATTGAAGAAAGAAAAAAGGCAAAAGTAATTATTCTTGTCCCCGGAATCAAATGGACCGAAGAGGGAGTAAAATTAATTTAATTTATTTTTTAAATTTAGATTTTTTAAAAAAGTTTTAAAAGGATAGGAAGAGCGAGTGAGGGGAATCGAACCCCCGCCTGTTCCTTGGGAAGGAACTGTTCTACCACTAAACTACACTCGCGCATTAGATCATAGGATAGTTTAGTTTATGAAGTTTATAAGTCAAATTAAAAAAGAAACAATTAAGGGGAAAACAGCTCTTCTTCTCTTGGATTTAAATATCGAAAAAAGCGAATGGAAAAACTCTCTCCGGCTGGAAAGAGCAATTAGAGCTATTGATTTTCTTTTAAAAAAAGAAGCTCGAGTAGTGGTTTTGTCTTTTAAAGGAAGGCCGGATTTGAAGTTGGTTAAAAATAAAGATTATCGCGCTTCCTTTAGTCTTTTTTCAATTGCTCAAGAGATCTCGAAAAGATTAAGAACTTCTTTTGATTTTGTTGATGATTTTAATTTTAAAAATTGGAAGGAAAAAGTTAAAAAGTCATCTCGGTCATTAATTTTTTTGGAGAATTTAAGATTTTTTAAAGAAGAAAGAGAAAATTCCTTATCTTTTGGAAAACTTTTAGCGAGTTTGGGAGATTTTTATGTAAATGATGCTTTCTCAGTTTGTCATCGCCAACAAGCTTCGATAACGAGAATTCCCAAATTTGTGCCTGCTTATGGAGGTATGGGAATGGAGATAGAACTAAATTCTTTAAAAAGAATTTTTCAAAATCCTCTAAGGCCCGTAACTTTGATTGTTGGGGGAGCTAAAGTAGATGATAAGATGAGGGTTATAGAAAATCTTTATCCCAAAGTTGATTCTATTCTTTGTGGGGGAGGAGTGGCCAATACTTTGCTGTTTTTTCAAAATCTTCCCGTGGGTTCTTCTTTGGTGGAAAAGGATTTATCTTTCAGAGATTTTTATTTTCGGTTTAAAGAGAAAATAGTTCTTCCGGTTGATTTTCTTTGGGAAAGGGGAGCAATTTTTGATATTGGTCCCAAAACGATAAAGAAATTTTCTTCTATTATTGATGACTCAAAAACAATTATTTGGAGTGGACCGATGGGATTTTTTGAAAAGAAAAATTTTGCTGCTGGGACAAAGGCTTTGGTAAAAAAGATTTTGAAAAGCAAAGCTTTTTGTGTAATTGGCGGAGAGCAAACCACCTCTGCTTTTTTAAAGTTTTCAAAAACTGCTTCTAAAAAGATTTCTCGAAATCCTTTTTATTTTAGAAAAAATATCTTTTTATCCAGTGGGGGAGGAGCAATGCTTTACTATTTATCATCAGAAAAACTTCCGGGTTTAGTGGCTTTAGAAAATTCTTCTCGCCGTTAGAGTTTTTAGTTTTTATTTAAGTTCTTATTTAAGTTCTCAATTTTAAAATAAATTTCAAAAATTTAAATCAATGAAAAATTTTTCTTCTGATAAAAAAATCGTAATTTATACCGATGGTGGCTCGCGGGGGAATCCGGGCCCTTCCGCTTTAGGGGTTTATTTTAAAGATTTCGAAAAGAAGTATTCTTTTTATTTGGGAGAAGGAACTAATAATCAAGCAGAGTACAAGGCAATTATATTTGCTTTAAAAAAGGCTAAGCAATTAATAGGAAAAGAAAAAGCCAAAAAAACTTTGGTAGAAATCAGAGCTGATAGTCAACTGGTGGTTAATCAACTCAATGGTGTTTTTAAGTTAAAGGAAAAGGAACTCTGGCCTCTTTTCATAGAAATTTGGAATTTAAAGCAAGATTTTTTGGGTGTTGAATTCAAATTTGTACCTCGTCAGGAAAATAAAGTGGCTGATTTTTTGGTTAATCAGGCTCTA
AP024682.1_gap9	314445	319305	4860	TTGGGGTGGGAGAATCGGAGCTTGAGCGGCTAATTCTTCCTGAGACTCAGAAGAAAGGCTAAGATTTTTTAAAGAATAATCAATAGAAACCAGAGTGGTTTCAATTTTTTCCAAGTGATTATTGAAAACACTCTTTTTCTCTAAAACTACTTTGTCTTGATTGTTTAGTTTGGTCTGCAGTTGCTGAAGAATAACCTCTAATCTATCTAATCCTTCTTTTAATCTGGTAGCATCTTGCGGACCGAGAGCATCAGTCGATATCTGAGAGGGGTTAGCTTGAGGAGAATTTATTTCTTGAGCTTGGACAAAACTGCTTTCTTTTATTAATCCTATTCCTGTCAATAGGAAAATCACCCACAATATTTTTTTTGTCATATTTGACTCCATTTTACTGATAAAAATAAGAATCTTAGTTTAAAATGCTTTTAGTAAATGGAGTGCTTTTGTAGAGTGCTAATTTTATAAGAAGTTTTGTAAAAGGTGCTAAAAATAGCATACAACAAGATTTTTAAATGTAAATAAGGTTTGTTTTTTGCTTTTTTTGAGTTAAAATAAAAAAGATTTAGAAATTAACGCTTTAAAATTTAATTTAAAAATGGCTAAAAAAAGGATTCAGGAAGGCCTCACCTTTGATGATGTTTTACTTAAGCCTCAATATTCTCAAGTTGATTCTCGTCGTCAAGTTAGTCTAAAAACAAAAATTTCCCCTCATATCACCCTCAATCTTCCTATCATTTCCGCTAATATGGACACGGTTACTGAATCGGCGATGGCGATTGCAATGGCAAGGGCGGGAGGATTAGGAATTATTCATCGGTTTTTACCGATTGAAAAGGAGGTGGAAGAAGTTCAAAAAGTTAAAAGAGCGGAAAATTTTGTTGTTGAGGAACCTTTTGTGGTAGAACCAAACTTTACCTTAAGAAAAGTGAAAGAATTATCGAAAAAGCACGATGTTCAAACTTTTGTAGTAGTTAATAAGGAAAGAAAAGTTTTGGGAATTTTAACTAAAAGAGATTATTTGTTTGAAAAAGACGAAACTAAATTAGTTAAGGAACTAATGACTCCTCGTTCTCGTTTGATTGTGGCTGATAGGGGAACTTCTTTAGAAAAAGCTCAGGAAATTTTTAAGAAAAATAAAGTTGAGAAATTGCCGCTGGTGGATAAAAATGATCGCTTACTGGGCTTAATTACCGCTAAAGATATTTTAAATCATCTTAATTCTTTAGCGGTGAGGGATAAAAAGGGAAGGCTAATGGTAGGAGCGGCAGTAGGGATTAAAGATGACTATTTAGAAAGAGCTCAAGAGTTAGTAAAAGCAGAAGTGGACTTATTGGTAGTAGATGTAGCTCATGGTCATTTAGATGCTTGCTTGAAGGCAGTTCAAACTCTTAAAAAAAGATTCCCTCACATTGATTTAATGGCAGGCAATGTGGCTACTAAAGAAGGAGCGCTTGATTTAAAAAGAGCCGGCGCTGATTCGATTAAAGTAGGAGTAGGCGGTGGCAGTGTTTGTTTGACAAGAATAAAAACTGGTGCTGGTGTTCCTCAATTGAGCGCTGTTTTTGAGACAAAAAAGGGAGCCGGAGAAACTCCTATTATTTCCGATGGCGGAATTAGAAATTCGGGAGATATTGTAAAAGCATTAGCAGCGGGAGCCAGCGCGGTGATGGTAGGAATGCTTTTGGCGGGTACCGATGAATCTCCTGGAGAAGTAATCAACTGGAATGACAAGCGAGTTAAAATTTATCGGGGAATGGCTTCTTTTGGAGCTAAGATGGAAAGAGAAGCCAAGATTAAAAGATCTTCTGGTGAGAATTTTTCAATGACTGATTTTGTTTCTGAGGGAGCAGATCAGGTTTTTATCCCTTATCGAGGAAGAGTAGAAGAAATTCTTTCTCAATTAGCCGGCGGAATTCGCTCGGGTTTTAGTTATTGCGGAGCAAAAGACTTAAAAGAACTTTGGCAGAAAGCGGAGTTTATTAAAATCACCGGTGCTGGTTTAAGAGAAAGTGGTCTTCACGATGTTTTTCTTGCTAATTAGTGAGCTTTAATTTTTTAAGGTTTATCAATGAAGACAAGAAGATTTTTTCTTCCTTTTTCATTATCGGGAAAGAAAGAGTTGTTAGTAGCTGATTGGCCAACCTTTAATCGATTAAAGAATGTTTTAAGAATTGAACCGGGAGAGGAAATTAATGTTTTTAATTCTCGGGAAGGAGAATACAGGGCAAGAGTAAATCTGTTATCAAAAGAAAAGATAGTTTTGGAAATCTTGGAAAAAAAAGAAAACAAGAGCGAGCCGGAAATAAAGGTTAATCTTTTTCAGTCAGTGATAAAGAAAGATAAGTTTGAATGGGTGGTAGAAAAATCAACTGAAGCCGGCGTTTCTTCGATTACTCCAATTATTACTCAAAGAACTGTTAAAACTAACCTTAACTTTGAAAGATTAAAAAAAATTGCTCAAGAAGCCACCGAGCAATCGGGTAGAATTTTAGTTCCTCAAATAAATGAAATTTTAGATTTTGAGGATTTAATGAAGAAGAAAAGTTTATCTTTAAAAAACAATTCTTTTTCTTTTCTTTTGGATTTTTCTGGTAAGCCGATAAGAGAGGTAATTTCTAAGATTAAAAAATTTGAAGAAGTTAATTTTTTTGTTGGTCCAGAGGGAGGATTTAGCGAGGAAGAAATTGATTTGGCAAAAAACGAAGGAGTGGAGATCTTAAGTTTTGGTCCGAGAATTTTTAGAAGTGAAACAATAGGAGCAGTGGTAACTGCTTTTATTTTAAATGTTTAGTATTTTTTAAAAATTCTTTAAGTACCTGATTTACTTTCCAAGTTTTTTTTATTTATTTTTTCTAACTTAGATATTAATAGTTCAATAGCGCTCTTTGGAAAAAAGTTTTTTATTTTCCCTTTTTCAAAAAAAAGATCTTTTTTTCTTATATTTTGCCAAAAGATGGGTATTGAATATGAAGCTATTTCTTTTGTTTCATAACTAATAATTTTTTCTAGATTTTCATTACTTATAAGATGGTTTTTTTTGCTATTTTCTCGAAGTATTTTTTTTATTTTTCTTTTAAATTTATTTAACTGCAAATTAAATGGTTGGATAAGATTTTGTTCGATAAGGGTATAGAGTGAAGTTCTTCTTACTATTACTCTTGTAAGAGTATCTTGATAGGAATCTATAATCTTGTAAATTTTTTCCTTGTTTTTTTCTATCCAAAGATAAGAATCTTTAAATCCTTTTATCATCTCGTTTTTAAAACTTTCTGGTTTCCATAATTTTCTATTTTTTTTAAAGATTCTGTTTTCTAATTTTATTTTACTGTAAGTTCTGTATTTTATTCTCATGAGATCAGTATTTTTAAATAGGATTATTGGATTTGCCAGACTTATTATTTTCTTGTTTCCACCAAAAATAGCACTTGTTAACTGTTTACTTTTTCTTTTTTCGATTATTCCGGTAGATTCTAAGCTGTTTTCTATTTTTTTGTTTTTGTAGAAAGAAAAATTTGTGAATAAACTTTCAAAATCTAAAATGATTGGCTTTTCTTTGGAAGCGATTAAATTTTCCATATGGAAATCAGATCCATTAAGTGAGTAAATCAAAGCTAAAATCTGCCCCAGTTGATAATAAAATTTTTTTGCTTGAAGAAAAGAAATGTTTTTATTTTTTGTTTGAATAAATTCTGAATACCACCCATCTTTTGTTTCTAAACTTTTAGGTATTTTAATTTGGATCTCGTTTTCTTTGTTGAATCTATTTATTATTTCAATAAAACTTTTTGCTTTTGAAAATTGATGCGGATTATATTTGATTATTTTTTGATTATCGAGAATGAAAAAAATTACTCTTCTCCCTTTTGTGTGTCTATCTGATTGGGTGGGTATTTTTATATATTTTATTTTTTTGAATTTTACTTTGAAAAAGTCGGAAATTAAATTTTTGTTGTTTAAAAATTTTTCTAACGAATCAAATAAAAAAAGAACGTCTTCTTCAAGAATTTTTTTTATTAATTTATAAAGTGAGGGAAAATTTTTTAAAAAGGTTTCTTTTTTTGAGAAGATAAAATTCTTAAATCTCTCCCTTGTATTTTTTCCTAATATCGAACCTTTCGATTTATCTAAATAAAGTTGCCAACAGAGAGTAGGTAAAATAATTTTTTCTACTTCGTTATTCAGATATTTTTTTATTTCTTTGTTGAAAAGATCTTGATTTTCGATTATTCCTCTGAGTAAGACCGAAAAGTGTTTATTAATTATTTTCTGTATCAATTCTTGGTAAAGAATTTTTATCATTTCTTAATCTTTTTGTTGGATTTTTTAACTGCAGGTTCCTGTACCACAACATTTGGTTGAGCTAAACGATCCTATTTCTTTCAGGATTTTTTTACTGTTTATGTTTATTTGATCAAATCCGGTTGGATGATATCCTTGGAATTTTTTTCCTTTCTTCCAAACTTTAATTGCTTTTTTTATTTTTTTCATTTTGTTAGAATTGTTAGTGATAAACTATAATTGCAAACTAAATACAAATCTCTGATGATTTTAGTAGTCTTACTGAATTTAGTATGCCAAAAATTTCTAAAATTTCAAGTTGCTTGAGATTGGTGAAATTAAAAAAAACTATTGTTGATAACAAAAACGACTTAGAGAAATTGGTTAACTTTGTTTATTCTTATTTTACTAAAATAGAGAAAAAGAAAATATCTTTAGAAAGGATAAAGGACGGAATTTTAAAAAATTTAAAGAATCATCGTCACGTTTATTTTTTTATTCTTTGGGATAATTACCCAATAGGAATGCTTCATCTTTTTTTAGGCGAAAAGTTTACAGATTTGTGCTTAATTTATCTTGAAA
AP024682.1_gap10	401405	404002	2597	GTTATAAGGTGAGAAATAATCAAAAAACTTGGAGTCAGGAAATTTGGGTAATGTATCAAATTGCTAGTCCAAAACCATCGATAGATAAAAAAAGTAAAGAAAAAGGGAAAGGACAATCAAAAATTGTTTCTTCGGGTGATAAACTAATAAAGATAATTTCTGCTTGGCGGTATCCGGGAAAAACTAATCCCGGAAGGAAACTACCTCCCGAAGTAATAAATGAAATTGAAGAAGCCCTAAATAGCTTGTAGTTTTGAAATATTGAAGAAATTAAAAAATGTGATATAATTTAAAAATGTCATCAAAAGTTAGTAAAGAAGAAATTGAAGAGATTTTAGAAAGGGGAGTGGCAGAGGTGATTGATAAGGAAGATTTAAGAAAAAGGCTTTTGGGAAGAAGCAAGTTGAGAGTGAAATTAGGTATTGATCCAACAAGCCCTAATATCCATTTGGGAAGGGCGGTTTCTCTTTTAAAATTAAGAGATTTTCAAAGATTAGGGCATAAAATTATTTTTATTATCGGTGATTTTACCGGGGTAATTGGTGACACTTCTGATAAAGAAAGCGAAAGGCCGATGCTGGATGAAAAAACAGTTAAAGCTAATTTAAAGACTTATATTCAGCAAGTTTCAAAAATTTTGGATATCAAAAAAGTTGAAATAAAATACAATTCCTCTTGGCTTTCTAAGTTAACTTATAAGGAAATTGCTTATCAAGCCAATCTTTTTTCTCTTTCGGATTTTATTGACAGGGAAAACATTAAAAGAAGATTAATAGAAGGGAAACGCGTTTCTTTAAGAGAAGTCCTTTATCCCTTAATGCAAGCTTATGATAGCGTAATGGTAAAAGCGGATGTGGAGGTTGGAGGAACGGATCAAAAATTTAATCTTTTGGCGGGTAGAGAAATGCAGCGGTATTATAAACAAAGGCCTCAAAATATTTTGATGGTCAATCTTATCGAAGGAACAGACGGACGCAAGATGAGTTCGAGTTGGGGCAATACTATCAATATTAATGATAAACCGAACGATATGTTTGGCAAAGTAATGAGAATTGATGATGATTTAATTATTAAATATTTTATTCACTGCACCCGAGTTCCTTTGAAAGAGGTTCACGATTATGAGAGACAACTCAAGCAAGGAATTAATCCAAGAAATATTAAAATGATTTTAGCCTACGAAATTACAAAGCTTTATTGGGGAGAAGAAGAAGCAGAAAAAGCTCGAAACTTTTTTATTTCTGCTTTTCAAAAAAAAGAAGCTCCCTTATCAGGGATTAAAACCTTAAAAGCAAAGAAAGGGACTACTTTTTTTGAGGTGTTATTAGCTAGCGGCTTTTTTAAAAGCAAGAGCGAATTAGCGCGACTTTTCAAGCAAGGAGCGGTTAAAACAATTGAGCCTCGATTAAGAATTGTTAACTTTCAGGATTTAGCGGTTGAAAGTGTAGTGAAAGTAGGGAAAAAGATCTTTTTCCGAGTTGAAATAGTTTAGTTTTCTTTTCTTTTTAAGAAAAGATGAAAAGCTATTTTTTGAGATTAAAGATTTTTTTAAAAGAGAGAAAAAAAGAAATACTTCTTATTATTTTGGCTTTTTTAATAATTGCTTTGGCTTTTGCTTTGGGCTATTTAACCGGAAGGGATTTTTTGGAAAAAACTCCTATTATTATCAATAAATATTCTTGTTAAAGGTTTAAAGGGGGAGAGAGAGAAAGTTTAAATTTACTCTTACTCTAAGTAGCCTATTTGTTTTAACCAGTATTCATTTTCCCATTCCCAAAGTTTTTTGGCTCCTAAGAAAGCTTGATAATCGCTTTTCCAATAAGGAAATTCTTTTAGTTCTATTTCTCCCACTAACTCACTCCATTCATGTTGACAAGCTTCTGATTTGGTTTTGATGTTTTTATCGTTTGGATCCCAAGCAAGACGAATTTTTTCTCTCCCTCCTTTAGGGCGTAAAGTAGCTCCACATTTAAGACATTTCTTGTGTTGATCGACTCTTAAAATCCAACGGGTTTGAAGATTGGGAAAATCTTTTTCTAAGGCTGCCATATAAGCGGAAGTTTGAAGATTATAGTCTCGATAAATAGATTGGGAAGTTTTAATATCCAAAACTCCGAATTTCCCGTTAATTAAAGCTAAAGCATCAAGAGTTCCCGCGTAGCGCTCTTCAAAATTAATTATTCTTTTTTCTACTTGTTCAGGGTCTACTTGAATGCGATTTTGTTCAATAAAATTTAGAAAAGCTTCAATGGCTGGTTTAATAGATTCATCAATAGTAGGGGATTTACCTGTCAAAATTCCTTCTATAGTTTCGTGAATAAGCGTTCCCTCGGAGGCAGATTTAGCTTTAATATCTTCTCCCTCAGCAAAAGAGTTCATTTCAGCATAAAACTTATAAAGGGCGGGTTTAGCTTTAATTTCAACGATTTTAGTTACTCGCGGATACCAGACTCCATCTATTTCGTAGCCGGCAACCTCTTTAAAGTGTTTGACATCAAAATAGTTCATAAGAGTAGATTAAAGGATATTTACTAAAGACTCTGAGGATAGTTTAAAATAGAACCTTAAATAAGTAAAGTTTTCGCATAAAAAGCATA
AP024682.1_gap11	405495	406942	1447	AGAGTATTTTTTTGAAGTTGGGTTTCTTCTATCTTTTTTCTTTGTTCTAAAATCTCTCTATTGATTTTTTGAAGCTCTAAGGTTTTGGCATCTATTTGAGCCTTCAAATTTTCTTTATTGGCTACTTCAGCTAAACCAAAATTGATAGGAAAAATTATTTGATTTAGCAAAAAGATGATAAATACAAAAAAACTTGTTGTTGCTGAAAGGTAAGAATTTTTCATGAAACCAATATTTTTTCAGGAAGTTTCTTGATTTAAAGAAGTTCGGAAGCTTTCTTAATGGCAGCCTCGATTCTTGAGAGCGTTTCTTTTTTTCCTAAAACCCACATAATTTCAAATGGTCCGGGAGAGCTTTTTCGTCCGGAAAGGGCAACTCTTAAGGGCCAAAGCGACTCCCCTCTTCCTAAAGTTTCTGCTAAAGGCATTATTTCTTTTTCTAATTTACTGATTTCAAAATCTTTTTCGTCTATTTTGTTGATAGCGTCATAAAGATTTTTAAGATTAAGAACCACTTTATTAAGGGACATTCCTTGCCATCTTAAAGTTTCTACTTCCCACTCCCCTATTTCAAAGAAAAATTCGGCTAATTCTTTAAATTCAGAAAGTTTTTTCATTCGATCTCTTTCTACCACCACTGCTTTTTTCAAAATTTCTTCTTTTTCTAACCACGCAGCGGGAACAAAATTTTTAATTCTTTCAACTAATGTTTCTAAAGGAAGATTTTTAATATACTGAGCATTAAACCAATCCAACTTTTCTACACTAAAAACTGCTCCACTTTTTTGAATTCTTTTAAGATTAAAAAGTTTTATCATTTCTTCCAAACTGAGAATTTCCTGATCGTTTTCTGGGTGCCATCCTAGTAGCACCAGAAAGTTTAAAATTGCTTCAGGAAGATAACCTTCTTTTAGATATTCAACAAAAGATGTTTCCATTTTTCTTTTGGAAAGTTTGCTTCTGTCGGGAGCTAAAATTAGAGGTAAATGAGCGTATTTGGGAATTTCGAAATTAAGGGCCTTTTGAATGATAATCTGACGAGGAGTGTTGGAAATATGATCTTCTCCTCTGATTACATGAGTAATTTTCATTAAACTATCATCAATTGCATTCGCTAAAAGAAAAAGAGGGGTTTCTTCATCTTTAGCGATTACAAAATCCCCGATAATCTCTGAGCTAACGGTAATTTTTCCTCTGATTAAGTCGTTAAATTCGATGGTGGTAGAAGTTGGGGCAATTATTCGAATTACCCCCTTTTGACCGCTTTTTATTTTTTCCTCGACTTCTTTTTGAGTAAGATGGCGGCACTTTCCACTGTATTTAGGGGCAATACCAGCTGCTAACATTGCTTTTCTTTCCTCCTCTAATTCTTGTGGAGAGCAAAAACACCAATAGGCTTTTTTTTCGTCTAAAAGTTTTTTAATGTATTCTCGATAAATTTCTTTTCT
AP024682.1_gap12	438296	441887	3591	CCTCGTTCGGGAATATCAAAAAAATTAATCAAAATTATTCTCAAAGAAAAACCTAAGAAGATATTTTACCTTTCTTGCAATCCTCTAACTCAAATTCAAGATCTTGCCCAACTTCAGGAAAACTATTTTATTAAAAACTTTTACGCCTTTGATTTTTATCCTAATACTCCTCACTTTGAAACTTTGGCTATTTTAGAAATAAAAAAAGAAAAAAAGTAGAGTCCCTGAATTTTTTCTGCTATAGCAGGAAAATTCAGAAGCAAAATCAAACAAAAAAGAGCGGGTTTGAAATAAAAAAAGAAAGATTTGATAAAATTTTAAAAGTCGATTAACAAACTTAAAATTTAAAAAATGTCGAAAACAACAAAAAAGAAAGATTCTCAAAAAAAAGAATCGAGAAAAAAAAGACACAAGGCCTAGCTGGGATGAATACTTTATAGAAATAGCCAAAGTTGTCGCTCAAAGAGCCACTTGTGATCGAGGTCGGTCGGGGTGTGTAATCGTTCGCGACAATCAAATTTTGGTTACCGGCTATGTTGGTTCTCCCAAAGGATTGCCTCATTGCGATGAAGTAGGACATCAACTCAAAACCGTCACTCATGAAGATGGTAGTCAAAGTCAACACTGTATGCGAACTACTCATGCCGAGCAAAATGCTATCGTTCAAGCCGCAAAATTAGGAATTGCCATTAACGGTGCTACTCTTTACTGCAAAAATGACGCCTTGTTCAACCTGCGCCAAAATGATTATTAATGCCGGCATCAAAAGAGTTGTTTGTGAAAAAAAATATCATCAGGGAAAAGAAACGGAAGAGGCTTTTCAAACAAGCTAAAATCAGTCTCGAATATTTTGATCAGTCCCGTAGAAAAGTATCCCCACCAATAGAAGTTTATGAAAAAAACAGTTATTGCTCTAGTGGGAGAAATAGGATCCGGAAAAGGAACTATTGCTTCTTATTTAAATAAAAAATACAAGTTTAAAATCCTTAAATTTTCTACTCCTATAAGAGAAATTTTGAATCGGCTTTATCTTCCTGTCAGTCGCCTAAATATGCAAAAACTTTCTACTTACCTTAGAAAAATATTTGGCCAAGAAATTATTTCTTGGATAATCACTCAAGATATTAAAAAAATAAATTCTCAAACAATTGTTATCGATGGTCCCCGCCGATTAGAAGATATTACCTATCTAAAAAAAGATTTTAACTTTTATTTAATTGCTATAAAAAACAAAAAAGAAAATTCGCTATCAAAGAATTATCGCTCGTCAGGAAAATCCTGATGAAAAAAACAAAACTTGGGAAGAGTTTCAAAAAGAAAGCCGGCAAGAATCCGAAAGAAAAATCAGAAGTTTAATGAAAGAGGCAAGCTTTTTTATCGACAACAATCAAAACCTCAAAGAAACTTATCAACAAGTAGATGAAATTATTAAGAAAATTCTCAAAAAGAATTAAAGATCTTTTTTGTTCTCAATAGAAAGAAGATGAGAAATTCTTTCTTTTATTTCGGAAACCGTCTTTCCTAATTAAATCGATCTCTTCTATTACTCTCTTAATTCTTCTGCTTTCTTCTTCAATTTCTTCCTCAGTTTTTTCATCAGTTTTTTTCTCTTCTCTTAAACCAGAAATAAGAATTTGTTCACCAATAAAAAAGGAAACAAAGGTACCAGTTAATAAAAGAATAATCACTGAAAGAATTAAAGATTCCCAAGAAGTTATTCCGTATTCATCCGCCAAATGCCAAATTCCTCTCCAAAAAAGAACAATCCCCGTTCCCCCCGATAAATGCATAAAGAATAGGCTTTTTGCTTAAAAGATGACGAATTTTGTCCTCTAACTTATCAAAAAATTTTGAAATTCTTTTAAACATTGTCCCCCGGCTAGGACTCGAACCTAGGACCCTCTCCTTAAAAGGGAGCTGCTCTAACCAACTGAGCTACCGGGGGTTGTGAAATAAAAAGCTATACTTGATAAAGAATAACCAAATTATTGATCCTTTTCAAGTTCATCAATTAGCTCCTGAATTAACTTTTTAGCCTTTTCGCTTATCTTTTGCGGTGTTTTAAGAGTAAGCTTAATAATTAGATCTCCTCTCTTGGAAAAACCAGCAGAAGAAGAGCGATACATCCCCCTCTCCCTTTACAACCAAGGGTTCATCTAAAGAAAAACCTGAAGGAATTTCTACAAAAATTGTTCTTCCGTCAATCCCTTCAACTTTAATCTTTTTATCTAGTAAAAGTTCTTTTAAGGTAACCGGGCGATTAAGGATAAGATTGTCTCCTTCCAATTTAAAAGACTTATCGGGAAGAATATTTATTCTGATAAACAAATCACCACTTTTTTCTCCTCGCAAACCAGCCTCTCCCTGAGAAGGAATTTTTATTATTTGACCATTGTAAACACCGGGTTTTATTTCTACCGAAACTATTTTATCTGATAAAATCCTTCCCAAACCGGAGCATTCACCACAAATTTTTCTGGGCGCTTGACCAGTACCAAAGCAATGATCACAATCTCTAATTTGAATAAAAGTTCCAAAAAATGAAGATTGTTGTTGTTTAATTTTCCCTGAGCCACCGCAAACTTTACATTTTTCCAAGCCGGCTTCTTTATCGTAACCTAATCCATTACATCTTTGACATTTAACAAAAGTTCTAAAAGAAATATCTTTTTTAGCTCCTAAAAAAGCTTCCTTTAAGGTAATATCTAAAACCACTTGAATATCGTTCCCCCGCCGTTTCCCTCGAAAAGCACTCTTTTTCCCTCCAAAAAAGGTTTCAAAAATATCCTCAAATCCTCCAAAACCGGGAAAATCAAACCCTTCAAAATCAAATCCGGCAAAAGGACCTTTTTGCCACTCTCCTCCAAAATCAAAATCAAACCCTGCCGGACCCGCTCCTTCAAAAACCCGACCATACTTATCATACTGAGCGCGTTTTTTCTTATCCGAAAGAACCTGATAAGCTTCGTTAATCTCCTTAAATTTTTTTTCATCTCCTCCTTCTTTATCCGGGTGATATTTATGAGCCAGACGGCGAAAGGCTTTTTTTATTTCCTCCTCAGAAGCATCGGGAGGAACTCCGAGAATTTCATAGTAGTTTTTCATAGTCTCAGAAAGAGAAAAATTCTAAACTTTGATTTGAATAAACGAGAGGTTTTTCTCAAATCAAGGTAAAATAATTTTCTCTTTACTTTGATTTTCAAAGACAATGGCGCCAAACCCTACAATCATCAAAAACTGATAGACAACAAAAGCCAAAATAAGAACCAGCCACCTGATAAAAGGAGAAAGGAATTGAACAGTAAGAAAAATTAATAAAGCTAATACCATTGAAAAAATAGTCTTTGATTTTTCATCTAAATTATTAATTTTTAAAAGAAAGGCTTGATAAATAGCAGAAGAAAGTTTTATTTCTGGATTTAGAGAAACACCCAAAAGAGACTGAAATTGCTTCTGAAAGTTGGCAATTGATTTTTCGACTAATTCTTTTTTAACTGCGGGATTAACTAAATTAGCAGGAAGGTTTTGGCTTTTTATTTGTTGATCAACCAATTTTAAACTTAGTTCTCTTAAACTTAAAGAAAAATCTAA
AP024682.1_gap13	471311	473236	1925	AGCATCAATAATATTTGATTTTCCCGAACCATTGGGGCCAACAATACAAACAATTCCGGCTCCGCTGAAATCGAAGACGGTTTTCCCCGCAAAAGATTTAAATCCATTAATTTCCAGTCTTTTTAAAAACATAAGTTAATCCTTTTTTAGCCGCTTCTATTTCCGCTTCTTGTTTAGAAAAACCCTCCCCTTCGGCTACTTTTTTATCCCCCAAAAAAAGACCCACTCGAAAAATTTTTTGATGATCGGGCCCTACTTCCTCTAAAACCTGATAAACCGGAGTAATTTTGTACTTTTCTTGAGCTAATTCCTGAAAAAGACTCTTAGCGTCTTTATAAAGACCTTCTTTAATTACCTCTGGAGCCTTGGAAAAAATAAACTTTTTAATAAAATTAGAAACCACCTGATATCCTTGATCAAGATAAATCGCCCCCAATAAAGCCTCCAAAGCGTTGGCTAATATTACCTTGCGGGCTCGGCCGGTGTCTTTGGCTTCTCCTTTAGAAAGAAGCAGATATTTTTCCAAATCAAGAGTCCGAGCTACTTCCGCCAAGGAAAGATAGTTGACTAAAGCGGCTCGAATACTGGTTAACTTGCCTTCATCTTCTTGAGGATATTCTTTAAAAAGATTTTCAGTAATCACTAATTCCAGCACTGCATCTCCTAAAAATTCCAATCTCTCATTATGAGGAAGGGGCCAAGAAGGATTTTCGTTTAAATAAGAGCGATGAGTAAGCGCTTCTTTTAGTAATTCTTTGTTTTTAAAAGTTATTTCTAACTTTTTTTCTAACGAAGACAAATCCTTAAGCATACTTTTTCCAAAAACTCTAAATCTAATCATTGTTTCTTTACCTCCTCTAAATGTTTAAAGACGGTCCCTAGGACTCCGTTTACAAATTTTCCAGAATTAATTCCTCCGTAATTTTTTGCCAATTCAATTGCCTCGTTAATAGCTACTTTATAAGGAACCTCGTTTTTATCAGCGAAAAGAAGCTCGTAGACTCCAATTCTTAAAACATTTCGATCAATTAAAGAAATTTGCTCAAACGGCCACTCAAGAGCAGATTTTGAAATGATTTCATCGATTTCCGGAAGATGTTTTATAATTCCATCAACCATTTTCCAAACAAACTCCGGTTCATTTAAACCAGGAGCAAATTCGTTTAGATTTCTTTCTACAATCTTTACTAAATCCACCTTTTTTTCCAAAAAATCCCATTCGTAAAGAGATTGAAGAACGATCGAGCGCGCCAAATGGCGAGTAGCCATAATTTTCAATGCTTTAATTAAAACCTAAATCTTTTTTCTTTCTTAGTGAAAGATTTTCAAACATCGCTTAAATTTAGATTATTTCCCCTTCTTTTTTCCTTTATAAAATCCACACTCTGGACAAGCGCGATGAGGAAGAGTTGGAAATTTACATTCCGGACAAGGAATTAAATTGGCTGGCTTTAAAGCCATATGAGATCTTCTCTTACCAGTTTTGGAGCGAGTATGATGTTTTGTTGGAACGCCACCCATAATTAAAAATTAATCTTAATTTTGAAAAATTTCTTTTTTTCTTTTAATTTTAAATTCTCAATGATAATAAGATACCCCCTCTCAAAAGTCAAATTAAGCTACTTTAAAAGATTCGAAAAATTTTCTTAAAAAACTTTGGCGATGAACTTGAGAGGGACCAATTTTTTTCAAAACTTGAAAATGTTTTTTGGTGCCATAACCTTTATGAGCGCAAAACTGGTATTCCGGATAAACTAAATGAAGTCTTTCCATCTCTTTATCTCTTAAAACCTTAGCCACAATAGAAGCCAAAGCCACCGCCGGAACTTTTTCATCGGCTTTTGGAAAAGTTAAAAGAGTAAGAGAATTTTTTCTTTCCAAATCATTCAATTCGAAATAAATTCCCCCATCAGCAATAACTAAAA
AP024682.1_gap14	474377	475988	1611	CATTATCTTGAAAAAAATGATGCTCTTTTTCATGACATCTTACTTGCGGTTCAAACCGGAAACAGAATCACCGACGATGATCGGCTTACTCTTAAAGCCGGAGAATTTTTTATGAAATCTCCAAAAGAAATGGAAGAGGCTTTTTCTTTATGGCCTCAAGCCTTGGAAAACACTCTTGAGGTAGCTCAAAAATGCGAGGTAGAAATCCCTTTAGGAAAAACTATCCTTCCCAAATTTCCGCTTCCGGAAGGAGAAACTAGTTTCTCTTATTTAAGAAAGTTAATAGAAAAAAGAATTAAGGAAAGATATCAAGAAGTTACTGATGAAGTTAAAGAAAGATTAGAGTATGAATTAGAAATTATCGAGAAAACTGGCTTTGCCGACTACTTCTTAATTGTTCAAGATTTTGTTAACTGGGCTAAAGAAAGAAGAATTGTAGTCGGCCCGGGAAGAGGGAGTGCGGCTGGAAGCCTGGTTTCTTATATTTTAAAAATTACTGAAGTTGATCCCTTAAAATATAATCTTCTTTTTGAAAGATTCCTTAATCCCGATAGGGTCCAAATGCCTGATATTGATCTTGATTTTACCGATGTAAGAAGAGATGAGGTGATTAGTTATTTAAGACAAAAATATGGTGAAGACAGAGTAGCCAACATTATCACTTTTGGAACAATGGCTTCGCGAGCCTCTATTCGAGACGCTGGAAGAGCTTTGGGGTTTTCTTACGGTTTTTGTGATCAAATTGCCAAAATGATCCCCTTTAATTTAACTTTGAGTCAAGCCTTAGAAAAAGTGGAGGAATTCAAAAAAGCCTATCAACAAAATCCAGATGTAAGAAAACTAATAGATGCCGCTCAACATTTGGAAGGAGTAGCTCGTCATGCTAGCGTTCATGCTTGTGGAATTGTTATTTCTAAAGAACCTCTTACTGAATATTTACCTCTCCAATTAGCCCCCCAAGATCCTAATACCATTATTACCCAATTTGAAATGCACACCATTGAAGATTTGGGGCTACTAAAGATGGATTTATTAGGACTAAAAAACTTAACCATCATTGAAGATACAATTCGTCTAATTAAAGACACCGAAAACATTTCTTTAGATATTTCCAAAATTCCTCTTGATGACGAAAAAACTTTTAAAACTCTTCAAGAAGCTCAAACTACTGGAGTTTTTCAATTAGAATCCAGCGGAATGAGAAGATATTTGAAAGAATTGGTTCCCACTCAACTCGAAGATATTATTGCTATGGTTGCTCTTTACCGCCCCGGCCCAATGGAACTTATCCCCCATTATATTGCTCGCAAACACGGCAAAGAGAAAGTCGTTTATCTTCATTCAAAATTAGAACCAATTTTATCGAGCACTTATGGAATTGGAGTTTATCAGGAACAAATGATGCAGATTGCTCGAGATTTAGCCGGCTTTACTTTAGCTGAAGCCGATACCTTGAGAAAAGCTATTGGAAAAAAAATAAAAGAGCTCTTAGATCAACAAAAAGAAAAATTAATCGAGGGAATGATTAAAAATGGAATTGATAAGGAAACCGCTCAAAAAATCTGGGAACTTTTTCCTCCTTTTGCTCGTTACGGATTTAATCGCAGTCAC
AP024682.1_gap15	507280	508574	1294	CAGGAACCATTAAGTGAAGGTTTTCTACTCCCGGCCCATAAAGTTCAGCTGGGATAAAACCTTGTTTGAGAAGATTCTTAACCTTTTTCCCAAAAATTTCTCTTATTTGAGCATTTAATTGAGGCATATAAAAAAGCTATCATAAACCAAAAAAAGAGGCAAGATTTGGATAATTTAAAGCAAAAAATATGAAAACTTTGGTTATTCCAAAAATCTACTTATAAGAAACTTCAACGCTATCAATCCACAACCGTCCTTCACTGCCAGCATGTCCGTAAAGATAAAGAGAGACATTGTGACTATTAAGCTCCCAATCACTATCAATAGTAAATTCTTGGCTGACTTCTTCCCATCGATTAGCTCTACTTAAACTTTTGGTTACAATTGCTGTTCCAAAAGTATAAACTCCAGAAGCGTTTGACCAGTGATAAAGGCCAAAATAAGTAGGTTTTCCGGTAGTACTGACTTTTGCCATAAATCTAACTTTTACTTTAGTGCCATTCGTCCATCCTAAAGATATTCCCGGCGTAGAAAAAGTTTGAGCAAATCCTAACCATCGATGACAATACCCGTAGGTACAATTTTCATCTATATATTCCAATCCGCCGCTATTTTTTATTCCTCCTGTAGAAGTAGCGTGAGCATGATAGCCAACCGAAGGATTGGTCACTCCAGAATTATAACCAGAACTAAAACCATTAGTAGGCCGATAAGTTCCGTTTAAGTTTACATCCCAGCCGGGAGTATAAGGAGTAGTTAGATCATTAACAGAAGAATTAATAACAATATTTTCGTTTTTATAAAAAGACAAATTATCTCCTTTTTCATAAGAGTAATCACTAATTCCCCCATCGCTTGACGAAATTTCTTTATCCCCTCCGGGTTTATAATCAAAGCTTTCGAAGTTTTTTGCTCCTACCACAAATTTTCCCGCTCCATCAGTCGCATAGAAATAATAAAGGTTTTCAGTATCAGAATTAGTTGGGTCAATCGGTAAAGAAGAAGCCCCCAGCGAAGATAAACCGTCTGTCAAGTTAATAGGAATCCAACCAGTGCTATCAATTTTTAAAAGATTAGCCGAAGAAACACATCGATAACTCCACCCCGAAGGCAATTTTGGAAGATTTAGATCAGAACAATTTTGATTAGCCGAAGGAAGAGAAAGGTAAAGAGTATTTGCACTTCCCAAAGAAAGAGCCCGGTTGCCTTTGTATTTATAGTTAGAAATTAAAAGAGCTAACTGATTAATATCAGCAATTCTTTTAGAATCTCTGGCTCTTTTAAAATACTCAAC
AP024682.1_gap16	543585	544094	509	GCCCCTTTTTCACTTTTTGACCTACTGATACAATTGGCTTTTGATTAATAGTGGTATATTGATTAGAGCGTCTAAACTTATTTAATTCATAAACATCGTTGCCAGATTTAGTTTTGACAACAATTGAAGAAGCATCCACTTTTAATACCTCTCCATCTTCTTTAGCCAAAACCATTCTTCCTGAGTCTCGAGCCGCTTTTTCTTCTAAACCAGTCCCCACTAATGGCACCTGGGGCCTTACTGATGGCACCGCTTGTCTCTGCATATTAGAACCCATCAAGGCCCGGTTAGCATCATCGTGTTCCAGAAAAGGAATTAAACTTGTAGCAGTACTAACTAACTGATAAGGCGAAACATCAATAAAATCTACCTCTTCTCGTCTACACATTCCCGGCTCGCCATCAATTCTTGCTTCTACTTCTTCAGGAAGAATCCTTCCGTTTTTATCTAAAGGTGTTCCTCCTTCAGCAATTTTGTAACCTTTCTCCATTGAAGCCGTCATCCAAACA
AP024682.1_gap17	546509	550961	4452	TTTTAAAGATTCCAGCGAGGGATTAGCAATCGGAGTTGGGGGTAGGCCCAAATAAAGATAAGTGTTATGAGGAAAATCCCTCTTAAAATCGTTGGCTACCAAAGAAGGACAATCCAAAAACTTTCCCTGACAAACTCCGTAAACCACTGACGCATCTACCTGAAGAGGCATATTCAAAGCTAATCTTTTTAGAATAATCCCAGCTACCAATTTCTTATCCTCAAAAGAGTTGACTTCTTTTTCTAAAATCGAGGCAAGAATAACTTTTTTATAAATTTCCTCCCCCTTAGTTAAATCGCCCCAAAGATTTTTAGTTTTTTCCCAAAAATTATCAAGAAAAATTTCCGCTACCTGAGAAGGAGAAGAAAAAGGAAAAAATTTATAAGTATCGGGCATTAAGAAGCCCTCCAAACTTTGAGCGGCACTCAAGAAAGGAAACTTCTGGGAAAAATTAGCTGCCTCCAAAGAAAGTAATTCTCCTTTTTTAATAATCCTATTTTTTGCCAGCAATTCATCTATTTCCTTTAAAGTCATTCCCGGATAAACAACTATTTCTAAAGGCAAAGGCCCTTGAGAAAGAATTTTAACAATCTCTTTTAGACTCAAAGAGGGAGAAAGAAGGTAATGTCCGGGTTTTAGCTGAGAAAATTTTCCCGAAAAGTAAGTATAGGCCAAAAAAAGAAATTTAGAAGAAATTAGTTTTTCTTCAAAAAGCTTTTGAGCAATCTGGCTAACCCCCTGAGAAGGAAAAACACTAAATTCTACCCAGCGCTCATCCTCAAGGCCTTGAATTTGCTTGGAAAACAAAGAGCTACTTATTAAAACAATCAATATTAAACTTAAACTCAGAAATAAAAATTTTTTACTCATTTTCTACCTGCTATCTTTTTATATAAGCCGACTGAATTATACCAATCAGAAGAAAACTTGCTAAGATGCTTGAGCCACCGTAGCTAACGAAAGGTAGGGTAATTCCCACTACCGGCAAAATTCCTAAATTAGAGCCAACATGCAAAGTAAATTGAGTTAAAAATAAAATCGCCAAACCCAAGGAGAAAAATTTATAAAAATTATTTTCACTTTCCAAACCAATTTTAAGAATTCGAAAAATCATTCCTCCAAAAGCAAAAAAAAGGATAATCGCCGCCAACATTCCCCCCTCTTCTACTAGAGCAGCAAAAATAAAGTCAGTTTGAGCTTCGGGTAAAAATCCTAATTGAACTTGAGTTCCTTGGCGAAATCCTTTTCCCAAAAAACCACCCGAGCCAATAGCAATTTTTGACTGAATAACATTATAGTTAACTCCCAAAGGATCTCTTTGAGGATAAAAAATTCCTAAAATTCTCTGGCGCTGATAATCTTTAAGAAAATAAGACCAAGCTAAAATGAAAACCAATAAAGCCGCTAAAGAAATAAAGAAAACTTTTTTTAAAGGCAATCCCGAAATCAGAATAAAGCCCAGCCAAAGAAAAGCCACTATTAAAGCCGATCCCAAATCTGGCTGAAGAGCAATTAAGAGAGTTGGTAAAACTCCATAAAAAATAGTAGAAAAGAAAACACGCCAATAAGCAATGCTTATATGTTGGCGACTCAAAAAGTAAGATAAAGTAATAATCAAAATCACCTTTGCTATTTCTGAAGGTTGAAACTGAAACCCTCCAAAAACAATCCAAGCCCGATTCCCTTTAATCTGGGGAGCCAAAAAATAGGTTAAAATCAAAAGAATAACCATTCCCCAATAAAGACCAAAAACAAAACCCTTTCTCCCTAAAAAGGAGCGTAAATCAGCTATCATTAAAAAAAGACTAAGAAAAAAAGAAAGCCCAACCCAAACCAATTGTTTATAAAATAAGTGTGGAGCAGTGCTTAAAAGACTCAACAACCCCATCGCCACCAAAACAAAAACCGCTCCCAAAAGTTTCCAATCAAGTTTTTGAATAATAATTTTCATTAGCTCAAATAAATAATTTTAAGTAATTTCAATTTTTTAGAAAGTAACTTCCAGAATCTTAAAGATTGAGATTGCCATTTGCTTTTAAAGGGTATTTTTTCTTACTTAACCTGTTGAGATAAGCTGCTACTCCAATCATCACCGCATTATCTAAACAATAATTTAAAGAAGGAACAACAAGGTTGGCTTTGATTTTTTTATCCTTTATCTCTTTTCGTATCATCTGAGCAAGTTTTTTATTGGCTGCTACTCCTCCTCCAAGAAAAATTGATTTAGCTTGATACTTTAAAGCAGCTAAAGAAGACTTTTTTACTAACGGCAAAAAAGCTGCTCTTTGAAAAGAAGCAGCAATATCTTCTCGAAGAGAGGGGTTAATTTTAAATGCTCCCGGTTTCCAAAAATTATGATTATTTTCTTTGGTACTCGTATTTAAATCTCTCAAATAATAAAGAACCGCCGTTTTCAAACCTGAATAGCTAAAATTGAAATTTTTCTGAGAAATCATCGGCAAGGGAAAAGCAATGGCTTGAGCATTTCCTTTTTTGGCTAATCTTTCAATTTCTGGACCACCGGGATAACTTAAGCCCAGCAAGCGAGCTACCTTATCAAATGATTCTCCAACCGCATCATCCAAGGTTTCGCCTATTTTTTGATAGTTTTTTAAGTTTTTTAAAAGCACCAAAATCGTATGGCCGCCGCTAACAATCAAAGAAATCGCCGGAAACCATAACTTTAAAGAATAATTTTTTAAACTTTCTAACCTTTTCTTATCAAAAAATTTTGAAGAAAGTAAAAAACTAAAAAGATGACCTTCCAAGTGATTAGCTCCCACTAATGGCTTTTTCCATTCTTGGGATAATTGTTGAGCAAAACTAATTCCTGTCCATAAAGCCGGCTCTAATCCCGGTCCAACCGTGACAGCAATTAAATCAATTTTTTCTATTTGCTGTTTTTGAGAGAAAGGATCTTTGCCTAATACCTTTTCTAAAAGCAAAGGAAGATTTTTGAGATGTTGTCGTTTGGCTAAAGCAGGCACTACTCCTCCGAAAGGAGCATGAATTTTTATTTGCGAAGAAACAAAGCTTTTGATCACTTTAAAAAAGGGCTGATTAATTCCTCCTTTAGCTTCTAGCAAGGCAAGAGCAGTTTCATCACAACTTGTTTCAATAGCTAAAATTCTCATAAATTCTCATAAATTAAGAGTCATCAATTTTCAACGGTGTTTGGGAGTAACCCAAAAATCCAGTCGCCATTTACCAGAAAGAGCTAATCTTGTTTGAGCCTCCAAAGCCGGGAGAGAACCAAAAACAATTAAGGTTAAAGGCATAAGTAGCCAAGAAACAAAATACCAAAAAAGATGTCTTTTGCCAAAGTTGGGTGGCTTGGGTGGTAAAAGCGCCATAGAAAGAATTGCTGAACTAACGATTCCAATTGAAGCAACTGTCATAATATAACGAGTGATATAAGGAAGATTGTAAGCTAAAAGAGTTACCCGAAATCTTTGTCCTCCCAAAATAATAGGCAGCCACCCTAAAGCAAAAATAATCAAAGAATTGGTTGCCCAGGAATGAAAACCTTCAATGACATGAAAAAGCCAAAAAAATTTTTTCTTAAAAGGAATTCGAGAATTATTCTTAAAACCATTAGCAATGTAGGCAATATTTTCTGCTCCCCACCCCCACCTTCTTTGCTGTTTGTAAAGATTGATTAAGGTTTTCCAAAAGGTAGGAGCAGCATTGGCATCCATTGAAACCGGATAAAAAAGAGGCACTACCCGCCAATCCCCATTGTAATGAAGATAACACTGCCAAAAAATTCGCGAGTCTTCCGAAACAATATCTTTCTGCCAAAAACCGATATCTACCGCCGCTTGAAAGGGCATTGAGTGAGAAGAAAAGGTTGTTAGTTTTTCTGGGCGCGATTGTTGCATTAAATGCCAGAAAGTAGCCGAAAAACCAATAATTCGAGCTAAAGCAGGAGCTTTGTAGATATTATTTAAAAAAAGAGGAACGGGTTGATAACTAGAGCGAAGAGGATGAGCAGTGGTTAAAAAATTATAGGTTAAAATACCAAAGTAATCCTTAAAAACTTGAGTATCAATATCAAAAACTGAAACAATTACATCTTTATAATCAATCTCTAAAGAATCCAAAAGTTCCTGAGCCTTTTTCCCCGCCCAAGCTTCATTAGAACCCTTTCCCGGCATTTCTCCTTCTAAGTTAGCCGGATGAACAGTATAAAGAAATTCAAAAAAATAAGAGCCAAATTCTTTTTCTATTTTTTGAGCTACTTCCTGCCCTTGAGGGAATCTTTCTTCTGTTGCCAAAACCACTATAAACTTATCCAAGGGATAATTACTCTCTCTTAATTGAAGAAAGGTTTCTTTAACAACCTCATAAGGCTCAATTGCCATTGGCAGAATGATTAGATGATAAATTTTCTCCCACTTATCCTTGGTGAGAGGATCGTTTTTTAATTTTTCTAGCCAATTAATTTTTAAG
AP024682.1_gap18	561360	561860	500	TTTTGATATTTTAGGTAAAATTTTAGGTATCTAAAACAATCCCTCTTTTCCAAGGGGTGGAGTTTTTCTCTTTTTTTGTGTAAGCTATTTAAGTAAAGCGCCTGTAGTTTAACGGATAGAACACAGCCCTGCGGAGGCTGGGATCGAGGTTCAATTCCTCGCAGGCGCACTTTCAGAAAGCACTCATTAAAAAGCCTCCATAGTTTAACGGATAAAACGTCGGCCTCCGGAGCCGAAGATGGAAGTTCAATTCTTCCTGGAGGCACAAACTATTTCTTGCTAATTTCTTGCTAAAAGATAAAAATCTTAAAACCTATGATTTCCTTCTCTCAGCCACTCACCGAAATAAAAGGAATTGGTCCAAGAATTGCTTTAAAATTAGCCAAACTTAAAATCCGAACCGTCAAAGAGCTTCTCTATTATTTTCCTTTTCGTTATCAAGATTTTTCTCAAATAAAAAAAATCGCTCAACTTTCTGAGGGAGAGGTAGCCACAGTTTA
