gap_id	start	end	length	sequence
AP029619.1_gap1	5674	6449	775	GTGCCTCTGGCGCGCAAACTGGGCCTCACCACCAAAGACCGCAACAAGGTGCCCAAGATGCTGGAGCTGGTGACCGTGCAGGACACCAACTATGAGATCATCGATATCTATATCGACGATGAAATCTATGAGGGTTCCTGCCTGGTGAAGGATCTGAACCTGCCTCCGGGCACCCTGATCACCTTTATCAACCGCGAGGGCAAGGTCATAGCACCCTCCGGCGCGGTGGAGATCAAACCCAATGACACCCTCACCGTGCTGGTGGAAAAAAGAAATATCGACATGATCCCCCTGGAGATCAAGCGCGGCTTTATGCACAAAGGCAAGGGCGGGCAGGAGGCGCATCCCGAGCAGGCGGAACCCGATGCCGCGGTTGTGGCTGCAGGGGAAGAGGATGGGCTGCAGGGCGGCCCGGAAGTCTCCAGTTAAGGCTCTCGTCAGGAGCGGGGTCGGATTGCAGCGGGCAGGCGGGAATAGTGCTTGACACCATTTATCCTTCCAAATAGAAAGGCAAAAAGCTTTAGGAAGCAGTTCCTGAGAAATCCGGCAGACAAGGAGAAAGACAATGAGCAAGATTCAGCGGCGCGGCGGCTATCTCTTGGCGGCACTATTGGTTTTGGGCGCGGTGCTGGCCTCCTGCGGCAAAGACCCGGCGGCTCCGCCCGAGCCTGTGCTGGCAACCCCTCCCCAATTGGATCCCCCCAGCGGGGATCTGGACAGCCTGGATGTGATCACCATCACTTGCAGCGATCCGGAGGTGGTGATCAAATATACC
AP029619.1_gap2	48021	51460	3439	AAGCTACGCTTGAACCGGGATCCAGTCTTTTATGAGTTTATCCACGAATTACACGAATTAACACGAATAAAAAAATTGGAAAGGCGGACGGCAAACTAAAACCTTGTGATGTCGTGATGTTGTGGTGATTGTAAGTGGATAGAATGGTGAACGCAAGCCAGAAACAGACCACACCAAGCTCTATATCGCGTCATCCCGGGCAAGCTCCGCTTGACCCGGGATCCAGTCTTTTGTAAACAAACATCCAGCTTTGAAACAGACCCTCCCATAACCCCAATCCGCGTTCATCCGCGCCTTTTTTCCGCGTATATCTGCGTGAACTATATTAAAACGCCACCACGCCTGATCAATAATCAGCTATACTAATAGATTGAATTACAGCACCTTAAATGACGGTAAAAAATCGTAGCACCTATATATATGGGAGCCCGAAAAATCTCGCGAGAAAAATCCGGAACTCCGGCGGGCACCAAATAACATAAAGGAGGGCTTTCTATCATGAAGGTCAAATTCAAGTATGGCATCCGCACCTACAGCGGGACGGTCGACGAAATGGTCTATGGCTCCTACCGGAAGCACAGGCTCTGTATCGGGCGCCAGTATGTCTATCCCCGACTGACCGCCAACAACGAGAGGCTGGGCAACATCGCGGGCAACCTCAGACTGCTCTGGGACGAGTTTTCCGCGGGCTGGAAGAACGACCTCGCCACCTACGCCCTGCGCAACGGCTCGGAAAACGTACCCAAGACCAAGCTCATCCCCAGCCGCTACGCGCTGTATGTGAAGATGATGTACGCCTGGGCCGCGGACGACCCCACCCATGTGGACCTCACCAGCCTCAACGCCGAAGACCTCGCGTCCCTGGGAACCCCCATCGCCACGGTCAAGGACGCCATCGAGAGCGGCTACCTCGCCCCGGTGAAAAACTTCAGCGACCTCATCCAGGTGATGTAAGCGGGAGGATGGAATGAACAGCGAACTGATCCAAGCCCTGGCCAAGGAACTGGCGACCAAAGTGAACGGGATAGTCAATATCCCGCTGGTTGACGAGGAACACGAGCAGGCCTTCTTTGAATTGCTGATCGTGATCCTGCTGGAAATCCTGCTCAACAAACTGGGACGCAGCCTGAAACTGAAATAGGCTGTCCCACCACGCGGAGACCCGGCTCAAAACCGGGTCTTCGCCTTTTTCTGACGGATAGAAACGATGTTCTGCATATGTTGTAGAGGCAAGCATGCATTCCTGGTTTGTTTCGGGGCTGGCTGGTTGTTTCTAAAAGACTGGATCCCGGGTCAAGCGTAGCTTGCCCGGGATGACACACTTTGTTGCTTGGTGGGGCTTGTTTCGGGGCTAATTGTATTCAAATTTAACGCTCTTTAATCAGTGTAATTTGTGGATGTTTCTTTTAAAAGACTGGATCCCGGGTCAGCCACCCCAAAGGGGGTCCCCGTCTGGCCGGGATGACACGGTTTTATAGTCTGAGGGTGGTTTACTTTTGGGTCGGGTGCTTGTTTCATAAAAATTATCTGCTCCACGCGCCCCAATTAAAAAACTTGACATAATCAAAGGTTTCAAATGAGTGTGCCATTCAGACCTAATTGGATGGATTAAGCATCGGCAGGAAGCAGGCCTGAAGGTGAGAAATGATTTTCCCACGTACCCGCACGAAACGCTAAATGGCGTTGGGGGACGAGGTCTAAAGTACAAAGAAGTAAGGAAACAATGATGGATTTATTAGTTTTTTGTAAGAAGGAATCAATGAAAAAGGGCATTTTGTTATTGCTGGTCTGGTTGGCCCTGGGAATGATCTGGGCAGATACGGTCTTGCTCAGCCCTACCGGGGATGGAGGATTTGAGAGTGGCAGCACTTTCGCACTCAACGGATGGACCGCAGTGGGAAATAGTTCTTATAATCAAAACCACTACGTATTGGGCACCTTTGCCACTCCCTATGCGGGAAGCTACTGCGCATACATAGGCTACAGAGACTACAATAGATACTATTGGAATTCATCTGGAAACGCGACCTACAGCCATTTGTACCGGGATGTTACCCTGGGCAGCACTGCCGAACCGGTGGTGACGCTCACCTTCTGGTATAAGATAAACAACCCCAGCCCCGACTCCCCAAGCAACTCCGCGGACAACGGTACCCGCGGCCCCAGTGCCACGGATGGCGATGGATTCCGGGTCTATCTGGCGCCCACAACCTACACACCGAGTACTTCAGGTTATCCCTCCGGAGCTGGAGTGCAACAGATCGGTGCCTGGTGGTATGACGGCGTCACATCCTGGCTTGACAACGAAATCTATTACTATGGCTTCAACGCCCGTAGCTGGACCCGGATGGTGGTCGCGATCCCGCGCGATTTAGTCGGCCAGGAAAAACGGCTGATCTTCACCTGGCGCAATAATGGCGATTCTCCCCACTATGTGGGCGCGCTGGACAACATTTCGCTGGTCAGCAAGCCGCTGCCTACCAATCCGCGCTTTGTGGCGGAGTGGGAACAGGCCCGGGGCGCCTGCATCAACTGGGATTACTACAACGCGGGCAACCAACAAGGCAACAAATTTGGCGTGCCGAATGGATTGATCGCAGCCCTGGCAGATTCACTGCCCATCTTTGTGCATTGCGATCCGAACCAGGTGTCGGCTTGTTCTAACTACCTGACTGGCACAGTTGGGCTGTCAACTTCCCAATTCATTATAAGAAACTATCCCACCGACTCTTATTGGGCGCGCGATCACGCGCCGTGGTTTATCTTCCACGGGGATGAACGCTCACGGGCCAGGTCCGTGGGCATCACCCGCTTTACCTACAACCGGGACAGGCCCTGGGACGACCATATAGGCATAAGGGTTGCGGAACAGGAAAACTATCCGCTATTCTGCATGCCCCTGGTGCACACCGGAGGCAACATCATGACGGACGGCAACGGCGCCGCCATGAGTACCAATCTGGTGTTGGAGAATAATGACGGATCTTACAATTCCGATCTTGACCATGTGGTGAATTTTGATTACACCCAGGATGAGATCAACGATATCATGCAGGAATATCTGGGGGTGGAGGATTATCAAATCTTTCAAGGCACCATGACAGGTGACGTTTTTACCATCAATCGCATGGACACCTGGTGCAAGCTGTTGGATGTGGACAGGGTGATCATCCGCAGGGTTCCCTCCACCCACCCGGAATACGCCGCCACAGAAGCGGCGGCGGCGCAGTGGCAGAACAAGTCCACCAGCTATCAGCGCGAAGCCTTGCAAGAGGGTAAACCGGGCAGCCCCTACGGCTATAAGGTCTTCCGCGTGGACACGCCCAATGGCAATGAACCCTATGTAAACAGCTTGATCATGAACAACGTCATCTATGTGCCACTGGTGTCCAATCCGCCTTCCGCGAACGACCTGGCTGCCATCGAGGCTTATCAGAAC
AP029619.1_gap3	250649	253818	3169	CCCACTCCGCCGGGGATGCCGAAGAACGTGGTCATGGGGAACTGCCCGGTGAGGGTTCCGTCCGCTGTCATGTTGGCAGGATCGTAAACGATGGAGTCGGACTGAATCTTGCAGGCGCGGTTGCTGCCGACGGTCTGGGCTTTGAAGTGGTTTGTGCTGTTGAACCAATTCCCATCCATCGGGCGCTGGAAGGTCAGGATCAGGTTTTCGCCGTTCAGATAGAGGTAGGGGTCGGCGAAGGGTATGGTGATGATGTTTTCACCAGTGGGGAAGTTCAGGTTTCCGGTGAAGACCTGGGTGTGGTTTTGGATCGGGATCCAGCCGCCCGACATATCTTCCGCCGTGGTGGTTCCCAGCCAGACGTTGATGGGTTTATCGAGCAGATCCTGTGTGAAGTTGTTGTATAGGCTCATGCCGGTGAGCATGCCCATAAAGTTGCCGATCTCCGCGGGGTAGATCAGATACTGCTGCACCGAGTTCTTGAAGTAGAAATCGATGGGGGTGCGGGCGGTTTGGACGCCATCGCCCACGGTGTAGGCAAGGGTGCCCGCGGGCTGCACCAGGACATTGAGATTGGGGGAACGGTCATTGAGGTTGTTCTGGTCTCCTGTGAGTACCACCCTGGCATAGATGGTGGTGGCGCCTTCTGTATCGGGAGTCCAGGTCACAGGTACGCTGGCTGTTTCGCCGGGAGCTACCTGCACGCCGGGAGCTGTGGCCAGTTCGATATCTGTGGGTGTGGCTACCTTGAAGAGTTTTACTTCATAGGTGCTTTGAGGCAGAATGCCCCAGTTGAACACGCTCACGGTGTAGGTGGATGGTTGTCCCAGAGACGGGGTGCTGTTTCCGGTAATGGCTGTGGCAGCCAGATCGTTGTCCGGTATCACTTCCAGCATCACGTCATCCAGATACAACGAGCGGCCGGTTCCTCCCAGACCGTGTTTGAAGGCAATGGTACGGCCGGTGCCAGTGTAGCCGTTGAAGGACACCACATACTCGGTGACGGTGGTGGTGAGGGCTATCGACTGCACTTCCGTGTAGGTTGCGGGATCAAGCGGGTCGGCGATCACACCCACCGAGAGCGGATAGTTCGAACCGCTGGAGCGTGCCCAGAACTTCACGCGGGTGGTGTTGGTGGCGATGGCGGACGCGTAAGGCGGGGCCAGCAGGATCAGGGTCGCATTCGCGTCGGAAGGATTGTAGAGCCGCACGCAGTTGGGCTGGCTGTGGGAATAGGTGGTGGAGGTATAGGTTCCCACAAAGGCACTGGTCGATGTGGACTGGATGATCGAGCCCCAATCCACTGGAAGATCAGGGGTGGCGACAGCATCGAAGTTCTGCAGATAGGGCAGGGTGTTGATCTGGGTGTCGATGCAGTTGGCGGTCACCGTGATGGTGTGCGTCTCGCGGGTTGTATTGTCCACTATGGTGATGGTGGCGGTATGCGTGCCTTCGGCAGTGGGTGAGTAGTTCAGGTTGAAGTTCAGCTGCTGCCCAAAGCTTATGGTGGCGGGCAGGACAGGTAGGTCGGAGAGGGTATAGAAGGGGTCGCCTGTGACGGAGATGGAGTTGATTGTGAGAGCTCCGCCGCCGGCATTACTGATGCTGATCTGGCGTGTGACGTCGTTGTTGATCAGGATGGTGCCAAAATCCACAGCAGTGGCACTAACAGTAAACACCGGGGTGTTTCCGATGGCGCTAAGATGGAAGGTAGTCATTGGGAAAGTACCGGAGAGGGTGCCTGTGGCTGATGGCGCGGTGGGGTCGTATTGAGTGGCGTCCGCACGCAGGATGCGGGCTCTGTTGCTGCCCACGGTTTGCACGCGGAAGTCGTCGCCGGAGTTGTAATAGGTGTCTTCCCAGGGACGGTTGGCATAGAGCACCAGGTTGCCGCCTGTATAGTTGTAGGGGGTTTGCAGCGGTATGGTGATTGTGTTTTCCCCGCTTGGGTAGGTGACGTTGCCATCGTAAACCAGGGTCAGTCCATCCGAGGGCAGTATCCAGCCCGCGGAAAGATCGGAAGACTGGGTTGAGCCCAACCAGAGTTTGGTGGGTTTATCCGGCAGGTTGGTCACGAAGTTGTTGTAGAAGCTGAGCGCGGTAATGCTTCCGAACATTCCCAGCTCTTCGGGGTAATACAGGCACTGGAAGAGGCTGTTTTTGTAATAGAAGTCCACCGGGCGTCCATCCGATGAGGTGCCTTCGCCCACGGTCACGGCGATGACTCCGGCCTCCATCACGGTGATGTTGAGTTCAGGCGTGTTATCGTTGTCCGGCACGGTGTCTCCATTCAACACAACTTTTCCGTAGATGGTCATGGCTCCGTCGGTTGTGGGTGTCCATTCAATATCGAAAACATGCGTTTCACCTGAAGCCAGGTTAATTCCGTTGGTCGAGGCCAGTTCTGTTGTTCCAGACATCAGTTTGACCGTGTAGTTGGTTCCAAGCTGAGTAGTCGTGCTGGTGTTTTCCACAGTCACCTGGTAAGTTGAGGCCATACCCACGGTGGGGGTTGTAGAGCCGGCGATCTGGGTAGCGGCGAGGTCATGCCTCAGGATGTGCAGCATGTTGGAGAAGGCTGGCACGCTGGGCACGCCGTTGGTATAGATTGCTTTCACCGCCCATTTGTAATTGCCATCCGGAGCTCCGTCCCAGCCGCTGTCCACATAGGAGGTGTCGGTGATGGTGTTGGCGGTCAGCTGGGTCCAGCTGGTTTCATCGTTTTCATTGCCCTGCAGCAGGCGCCAGACTTTGTAGCCGATGAACACGCGGTTGGGCTCGCGGCTGGAGTCTCTGGAGATCTGATGCTGGGAACGCAATTTATTGATCAGTTGTTGTTTGTTTGCCACACCTTCGCTTTCCAGACCAGAGAATCTGCTTGGCGGCGTGGGAGCGGGAGGGTCAATTTGAGTGACAGTCCTTCCCATGGGTGGTCCGACGTAGATATCGTCGAGATACCATCCGGCGTAAGAAACTATAGCGGTGGCGAACCACTCGAAGCTGATTTCCACGTTATTCTGATTGCCATAGGCGGAGAGATCAATGGTCAGGCGCTGCCAGGGCATAAATACTGCCGAAGCGATCGTGCCCCACACAGTGTTGCCGTTGACCTTGATTAAACCGTAGTCCCAGTTATTATAGCCGTCCATATAGTGCCAAAGATCGAGCA
AP029619.1_gap4	307969	310827	2858	ACGGGATGGGTTTTGTGAATGGAGTGGAGTTTGAGATCATTTCAGACTACAACCCATACATCATCGAACTTAAGGGTAGCAGACTGGCTCTCAGTGCCGAGCTACTCCAATGCTTCAGAGTGGGCTGATATTTTTTTGCCAACAATGTTAGGCAAGACTAAGTTTATCGCAATTCCAAATATACAGGAGACAGGAAATGAAAATGATAGCTCTCGCGGGGAACCCCAACGCGGGGAAGACAACGGTCTTTAATGGATTGACCGGCACCCGCCAACACGTGGGCAACTACCCTGGGGTAACGGTTGAAATAAAAAAGGGAGTAATAAAGAAGACGGATTTCACCTTGGTTGACCTGCCTGGTATCTACAGCCTTACTCCCTATTCCGAGGAAGAACGGGTGGCCCGCAACATGCTGTGGAAAGAGAACCCGGACTTGATAGTAAACGTGGTGGACTCCTCCAATCTGGAGCGCAATCTATATCTGACCCTGCAGCTTATGGAGTTTGGCATTCCGGTTGTGCTGAACCTGAATATGCAGGATCTCGCCCTTGCCAAAGGCTGGAAGATAGACACCAAAAAGTTGTCGCAAACCATGGGGCTTCCGGTGGTGGAGACCGTGGGACATCAGAACAAGGGTTTTGATGAGCTGATAAAAAGCGTGAAGGTTGCCCTCGGAGCATCCCAAAGGATTTCCCAAACAGCCCACTTTTCGGACAGCGTAAACCGGGCCCTGGATATCCTGGAAAAGAAGCTTTCCAAAGAGAATGCTTCGGGCGCTTCGCGTTGGCTGGCTCTCAAGCTCCTGGAAGGTGATCCGGACATCGAACAAGAGATCGCCAACGCAGAAATCAAGCAAACCGCCAGGGAACTGGTAAACGATCTGGAGAGAGAACATAACAAGGAAATCGAAACCCTGTTGGCAGAACAGAGATACAAGTATATTGAAGGCGTCTTTTTGCAATGCGTCAGCTCCAAGCTGTCCTTTAAAAAGCCCCTTAGCAGCAAAATCGATGCCATCGTGTTAAACAAATATGCCGGCATCCCGATCTTTCTGATCATGATGTACTTGGTATTTCAGCTTACCTTTACAGTCGGGGAGCCTATGATGGGTTGGGTGGAAAGCGCCTTCGCGTGGCTGGGAGATTTGATAGCAAGCTTTTGGCCCGAGGGATCCGAATCGTTGTTAAAATCACTGCTCGTGGATGGCATTATCGGTGGAGTGGGAGGAGTGTTGGTGTTTTTACCGAATATTCTGCTCCTCTTTTTGGCCATCTCTATCCTGGAAGATAGTGGCTACATGGCGAGAGCAGCCTTTATCATGGACAGGTTGATGAACAAAATCGGGCTGCATGGCAAAAGCTTTATCCCGATGCTGATAGGATTTGGGTGTTCCGTCCCCGCGATTATGGCAACCAGAACCCTGGACAACAGAAGAGACAGGCTGGTTACGATGCTGGTGGTTCCCCTGATGAGCTGTGGAGCCAGGCTTCCGATCTACACTCTTATCATCCCGGCCTTTTTCCCGTCCAAATGGCATGCCCCAATGCTGTGGTTGATCTACATCATCGGAATCCTGTTGGCCATCATCTCGGCAAAGCTTATGCGGGTAACCATCTTCAAAGGGGAAACAGTTCCCTTTATGATGGAGCTTCCCCCCTATCATTTCCCCTCCCTCAAAGGGACTCTTATCCACATGTGGGACAGGGGGAAACTCTACCTCCAAAAAGCCGGTACACTGATCTTGGGGTTATCCATCCTGCTTTGGGCTCTGTCCACCTTCCCCATGCTCTCCAAAGAAAGAATAGAGGAATACGATGCTCAAAGGGAAACAATCGTTCAGTCCGAACTGGCGGATTCACTGCAAGCGATACAGTTATCAGCCCTGGATAACCTTCAGGCTGAAGAAAGCGTGGAATATAGCGCCGCGGGGAGATTGGGCAAATTTATCGAGCCCGTCATCGCCCCCATGGGCTTTGATTGGCGGATAGGAACATCCCTGGTTGGAGCTTTTGCCGCAAAAGAAGTCTTTGTATCCACGCTTGGCATAGTTTATTCCGTTGGCGATGCAGATGAGGAATCAGAATCCCTGAGAAGCAAACTGAAAAAGAACTACGATCCTTTGATTGCTTTTTGTATAATGCTGTTTTCTTTGATCAGCGCCCCCTGTATGGCTACCATCGCCGTGACAAAGAGAGAATCCAACTCCTGGAAATGGGCGATGTTTCAATTGATTGGCCTTACGCTGCTGGCATACTTCATTACAGTCGCAGTGTATCAAATTGGCAGATTAGCCGGATTATAGGAGCTTTAACATGGATCTGATAATAGTTCTCATAATTGTCCTATGCTCAGTTCTCTACCTGGCTTACAAGGGATACAGAATAGCAACAAAACGTTCTGCTGCCTGTAGTTGCGGTTTGCGGCAGACTTCGTCCTGTCATGGTTCATGTAGCATGTGCCCGGCGGCGGGGGAATCTAAAAAGGCCAGTGTAGAGGCAGAAAAACCGTAACTGACTTTCAAACATAGTCATAACAATGCTAATTATAGGATAAAAGAGGTTATCATGAAATTCATTACTGCAATTTGTTTTACCTTGTTTGTGTGTGCATTATCTGCCCAGATAGAGCCTCCACAAACCCATATTTCAATCATGCTTGACGCCAAATTCTTCCGGGGAGACAGAGCAAATGACGGCAGCTATGACAACGCAAACCGGTTCCAGGTAAGAAAGGCGGAAATATGCTTTGAAGGTGAGTTGGCTGACCGCGCCGAGTATTCGGCCGCCATCGGAATGTGCACCTGCTCCGGAAACGCTGCAACTGTGGATATTCCTGAAGCAGAGATTATGTACAAGCTG
AP029619.1_gap5	429557	433812	4255	GAACCAATGAACTCCAGACATGCCTGGCGGAAGTGGTGCCACCGGTGGTATGGTTTTGGGTGGTACTGGCTTCCCAGCAGGTGCCGCCTCCATCCACGTCCACCACGGTCCAGCCGATGGGCGGGAAGACTCCGTCTTCGAAATCTTCATCCCAGGGGAAGTTGGTGATGGTGGGATCGCTTTGGATCGTAAACTGGCGGGAAACAGCAACTTCCTCAACTGATCCGACCACTGCGGCGACGGTCCAGTTCCAGTGCTCGTCATAGGCGAAGCTGAAGGGTTCCGTTGCACCTTCCGGGATGACCACAGTCGGGTTCAGGGAAGTCACGGTCGCGTCAGCGGTTTCCCAGTAAGGTCCGCCATATTCGCCTTGTTCGTCGGTCCACAGGAATACTTTGAAGTAATCCGGTACCATACCCATCGGGTTGTTTTGCCAGGTCAGGTTAAAGCCGGTCTTGGGCAGGTCTGTAGCTCCATCTGCAGGATATACCAGGATCGGTGCTTCCGGAGCAGTGGGTGCCACTCTCACGATCACGTTGTCGAAATCCACGTAATAGTCTCCCTCGCCCCGGTTACCCTGGAACTTCAGCATGATATTGCCGGTGGTATAGGCTGTAAGGGGCACAGTTACCGTGGCGAAACTGGTGCTGGTAACATGGTTGGCCTGGTTAATCGTGTGGATGGTGCTGTAAGTGGTGCCGCTGTCTGTGGAGATTAGCACCTGAATATTGTCATTTGCTCCCAAAACAGTTGCGTTGTTAGGATAGCCAGTATAGTTAACAATGCGGTAATCGAATTTAAGCTCCACCCCGTTGGTCATCGGCCCGATGGGGGGAGTTATAGCGTTGCATGTGGTGACATAGTTGTACAGGTTCCTGTACAGGCCGTTGGTGCCGTCTTTACCATGCGTGGAGGAAATGCCCATGTCTCCGGTCCAGTCTATGTCAGTCAGCGATGTGCCACTGTCGAAGTTCTGCACATAAGGCAGTGGTCTGGTGGGATCGTCTCTGGTGGTGAAAGACCATTCGGTTACGGGCGAGGCATCGCCAATGCTGTTGTAGGGGGTCACTGTCCACCAGTATTCGGTGCTGTAGTTCAAGGTTGGAGTATAGGTGGTATCCATGCCCAAATCCACGTTGTTGACTATTGTGGTATAGGGATTGACGGTACCGAAGGAAAGACGGTAGCCTTCCACGAAGCCGCCGCCGCTGCTCCAGTTCAGGGTCTGAGTCAGGAGCACGTTGGTCGCGTTGTCGGCCGGGCTAACCAAAGTGGCGGGGTTGGGGGGGGTGGAGACAGGCTCGAAGGATATGTTCAGCACGAAGTTGATGTAATCGGGGTTGGGTGCCCAGTTGTCCACGATCACATAGTAATCTCCGGCAGAAACCACCTCGTCTGTGATATTGAGAGAAGTGACATTACCGTAAGCCTGGGCCAGCACAGCGGCGGGATTGGCCAGGCTGGGAATGGTGTTGACCAGGAATATGCCGGGATAGTATCTGGCTGTGTCTCCGCTGGGATTGGCCAGGTTGATATCCAACCAGCCGTTTCCAGGAATGGTCACTTTGGCAACCCAGTCAGGGCCTTGTACATAGTAGTTGCTGCCCAATCCGGTGAACATCGCCGCGGTATAGTCGTTGGCGTATCCGTTGGTAGTGCCGGCATAGTCAACCAGCGGCAGGGTGACAAGATAGGGGTTCTCGCATATCTCGCCGACCGGCATCACTTCGCCTGTGCCGTTCACCACGATGCTGCTGGCCTGACGGGTGTCGTTGATCAGCAGGTTGGTGGTCAGGGCTCCAGCCACGGTGGGATTGAAAACTACGTCGAAGGTAACGGCGGGATCGCCGAGGTTGATGGTGACGGGCAGGGTGGGCAGATTGGCCAGGTTGAAGTTCGTGTAGTCGGCCAAAGCGATACTGGTAACGTCGAACGCCGCCACACCCGTGTTGGTGAGGGATACCTGCACTGTCTTTTCGAAGCCGATATAGCTGTTTCCGCATTCCACCGGGTTCGGGTTGACTGTCAGCAAACCGGCTTGGGGGATGTTTTCGAAGAGTATATCATCGATGTAGATTGTGCGGTAGGTAGCATCCACGCCGTGTTTGAAGGCAATATACTGGTCAGTACCGGCATAGTTGTTAAAATTCACGGTGTATTCTGTATAGTTGGAAGTGAGAGTGACTGTCTCCACATTGGTGAACACAGCCCTGCTGCCAGTGCCGTCCATGGTGCCAACCTGCAGGGTGAGGTCAGTGCCGCCTTTGGCCCAGAATCTTACCCTCAGGTCTGTCAGGTTGGGATCGATGGGAGGGGAGATCAGCACCAAGTCAGCCGCCGTATCGTTGCCATTGTACATTCGAATATGATTAGGCGTGCTGTTGGGCGTGCCGGTGGCGTAGGTTACAACAGTAGCGTAGGAAGAGGAAGAAGACACCTGCTTGGACCAACCTGCCGGAAGCGCCGGGGTGGTCACAGCGTCGAAATTCTGCAGATGGGGCAGATCGGCGGCGTAGATGGTGGTATCCAGTGTGTTGGTGTTTACTGTCGGGATGGGAGCGTCAACCTTGAAGTCGATGTCAGCCCCGTTGTTGGTGTAGGGCCAGATCTTGAATTCATAGGCTGTGTTCTGGTCTAATCCCGTGAAAGTGTATGTGTTGGCACCCGCCACATGGACCACATTGACCGCGGCGTTGCCGTCTGACCAGTCAGTGTCATCGGCAACCGGAGTTCCGTCCGCGACCGCGGCATAGGAACCAGCGCCAACCTTGATCGCCTGGATCAGATATCCTATGGGCAAATCCGTGCCGGTGGAGCCTGTCCAGTCAAGCTTAACATTGAAATAGTCAGGTGTGGCGGTAAAACCCGTAACGTGGCTGCTTGGTTCGGGGAATATCTGGAGATCAGGGCCGGTGAAGTCATCGACTCTCAGATAGAATTGATTCAGAGCAGTCGCCTGGATGGCCACATAGATCGGTGTGCCAATATACGCGGACAGATCGTAGTCATACTGGGTCCAGGTAGTGGTTGTTGTTATTTCCGAGCCTAATTGGATAGTAAAATCACTTACCGCGTTACTGGCAGTGGATACCCACACCTTGAATGTTTCAGGGTAGTTGCTATAATGGCTTGCCCAGAAACTCAAGGTGTAGTTAGCTGCCGATGGGACCAGGCAGGGAGTTACCAGCCAGTCATTATGCGTGCTGGAGGAATCGAACTTAATATACGCACTGCCCGGAGCTGAGTAGTAGTGTGTGGAACTGGTATTCCTGATCCAGGCTTGGCCGCCGTCAACATTGTGTACAGTCCATCCCGATGGCGGAAAAGTCGGATCAGAAAAGCTCTCGTTCAGCGGAGCAGCAAACAAACCACCCAATATCAAGGTGGTTATGAATAATAGTACTAATTTCTTCATAAATCGTCTCTCCTTAAGATAGAGTTCTGAAGTTAGCGTGAAGAATCTTTAAGAGTCAGTCAGATAGGGACCTGATTCAGCATGGGAAACGAAGTTCCCTGCCATATCCAAGCCCCAGATTTGGTTTTGAAGTTGAGATGTTATACATTTTTCCCGTAACCTTACCCGCGGCAGCCGGTCTGAGGTAATGTGCGATGTTATCATGCAAACGGGCTCGCAAATGCCGGTAGGGTATTCCTTGATTATTTGTGATTGTAGATCTGTCTTTCTGACAAGGGAAGTGTGTTGATTTTGGATGTAACGCCAGAGGGGGATCAATCCCTGGATCCTGTACGAAATTAAGCAAAATACCATATTTCGTGGCATCACATCTCCTTGCTTTGATATTATTAACAAAATCGGGTATTGCTGCTAAGCCACCCTGATGCTTATGATAACACCAGTGTAGATTGAAGGTAAAAAGAATAGCAAGCAACCTCTCAGATTTTGTTGAAAACGTAAGGGGGCAACATTTCTGTCAAGATATTTTTCGCTTTTCAAATTCCCCGTTTTTCAAACAAGTCAGGATCAGTTGTTGATATTTCTTTGCTCTCCAGGCGGTCGTCGTGCCGCTTTTTTATGCCCTCGTAATTCGTATATAAAAAGAGGGCGGGATCGAAATCCCGCCCATATCTGTGCGTGAAGATGCCGTGGCATCTCCGCGCGGGTTACTTGGTTTTGGCTGGAGGTGCAGGTGTTGGCATTACACCATCAGCCGCGGCGATCTTGAAGAAGTGGAAGGGATCGGTGCCAACTACGTAATCATAGCTGTTGGTGGCGCTGTAGCCCACGACGGTGTAG
AP029619.1_gap6	441119	444403	3284	AATATCGCAAGCAAATTAGCATTACATTCACCAAAAACAACGGCAATATTCTGCATAATCCTTCATAGCGCCCGCCCTTGCTGTTCCTGCATTTGCCGCCATCATCCTTAGGTCATCCCTCACCAAGTTAAGGATGACCTACGGAAAATATAGACTTAGCTCACTCACGCGAACGAGGGCCAACACTGTTTCAGCCGGGAACATTAAATGTCAAGGGTAATTGGCCCGGGATGACGCAGTTTTATTGTCTGGGATGCTTTGTTTCGTGGGCTGCCGAAGTCTGTTCGGCAGTGGCAACGGAGTTGCCTGTTTGGAAGAGACCTGCGGTCTCTGTGGCAAACGGACTTTGCCACCCCTGGGCACTGGATCACAGGTCAGACGGTTCACGCAGATATACGCAGATAAAGGGCGCAGATTACCGCGGATCGGGGTTATGTGGGTGTGGTTTCGGGCTGGTTGGCTGTTTCTAAAAGACTGGATCACGGCTCAAACCACCCCACCAAACCGCTACGCGCTTTGGCGAGGACCCCGACAGGCCGTGATGACACGGTATATAGTTTGGTTGGCTTTGTTTCGGGGTCGGGTGGTCACTTTACCACCCTTTCAACAAAGGTCTATTAAAATCTATATCCTGCAGATCCTGTCGATCCTGTCATCCGCGTTCTATTATCCTTTCCACCTTTCCACCTTCAAAGATCCTGTCATCCGCGTTCTATCTCTTTTCAGCACCACGCCAACACGCCACCATGTCACCACGCCACCACGATGTTCCCAGCCCGTGTCCACCTTTCTCAGGGCAGCCTGTGGGCATTTTTCTAAAGATTTGCCGCGAATCTGAAAAATAAAGCTTGACACGGAAAACATCAATTTATTGAGTTGACTTTGACTGACGTAATAGGTCTTGTTTAGTGAATTGCTATTTTGTTTTTTATGCCGCGCCGTTCAGTTGCGCCGTGGTTTTTAACACTGCCAGCCAGCGCGGCGGAATGTAAGGAGAGATGATTGGACATTGTTTTTACCGACAAGTGTCATTACCATCTTTGCCTAAACAAGGGCAGAAGCGCCGGCATGGTGGACGCGTCCACGCAAACTGGCCGCGGGGCCCAACATAACTACACTCTGGCATCGGATTTTCCGTTCCTGTCCAGGCACTGCTTTGCACGTAACAACATCGCACATGTACACGCTAAAAACGTGCCCGGCCAAGCCGCGGAAGTCCGAACCATGCTTAATGAATCAATATCAAACCGGGAGCCGCTCCCGGACCCGCCGCAAGCGGGGCATCCGGCTAAGGAGCTCCCATCGATTTAATTCTTCAAACCACAGAACTCTGAAAAGAGGAGAACAACATTATGAAGAAACTAATTGTTCTATTAATTGCGCTAATGGCGCTAACCATGCTTGGAGCTACTGAGTTACAGCACTGGACGGGATCGATTAACACCTATTTTATATTACCGGATCTTGATGCTCCAGCTGTTCCACGTGTTGCTGTAATATTTGAACCCACAGGACCATGTGTATTTAATAGCGTGTTAATGCGATTTTATCAAGCTGGATCGCAAGGACAGCCTCAGGTAATGGCTGAGTTGCGTCCGGTTGATGCAGCTGGTAATATTGACGAGTCTGGATTTGCTCCCCCCAGCGTTTTAAAACAGTATAGTGAAATATCATGGTTTCCTAGTGCCACACTCTTCGATTTCGCCAGTATTCCTGAAGCGAATCGTACCTTTGCGGGCGGAGAGAAATTTGCCATTGTGCTATCCGTACCCAACGCCACCGCAAATATTAATGTCGGCGTTTTGGGCGTTGGTGGTGACATCGGCAACAGTTACACCTATATAGATACCTATGGATGGTATCGTAATGATGATGTGTTCACCAATCCAATGTCTTATGCATTTACTGCCGACGTCACCTACACCGGGACTTTCCTCGACCTTGAGGCTACCAGTCTCTATTTCACAGGCGATATGTTTCTGCAGCCGGGAGACGCCATTCTCTACGAAGCGGACGTCACCAGCAACAGCAATATCCCCGTAACCGGCGATGTGAAGATCGAGGTTTTGGACCAGGCAACCGGTACCGCGCTCTGGACGCAGACCTGGGCCAATCAAAGCTTCCCCGTGTCAACTGAACCAGTCCACTTCACCTGCACCGCGCCTCCAGTTGTTGCCTATCCCACCACGGCAGGCGACTATCAGGTGAAACTAACCGTCACCCTGGTCAATGATATGGACAACACCAACAATATGTTGGAGTTGGAGCAGATCACCTTCTCGCCGCCTGGAAATATGGACTATTCGGACGACTTGGATACGGATGAGCCGGATAATTCCTACGCGTGGTACAATGGCGGATCGGAAATTGGAGTCGATTTCTGGTATTATGCCGCCCCGCTTACCCTCCAAAGCGTCGGTTTCAGGATTAATGATAGCAGTTGGCCTTCCGGCGCAGCCACCAACCCGAACCTGAAATACGCCATCTACAATTGGGTGGACGGATTACCCAACCAACTCTACGTGACCCCGGACCCTGTGCCCTGCACCTTGGGCCAGTGGAACTACTACGACGTTTCCGCCCTGGGCCTCAATTTTGCTGCCGGCGAAAGCTTCATGGTCGCTTACAAACAGGTTGGTGACTATCCAAATTGCCCCAGCCTTTGCACGGATGAATCCGCTCCGCTTTCCGGTTGGATCAGCTCATATTACTGGAACCCCACTAACCAAACTTGGTACCTGGGTGAAGACTCTGACTTAATGATCCGGGCCGGTGTCATTGAAACGGTGACTGGCGTGGAAGCCCCCATCATCTCCGTCGCCCTGGACAGCGGCTATCCCACCATTACCTGGAGTGAGGTAACGGGAGCCCAATCCTACAACGTCTATGGCTCGAATGATCCCTATGCAGCCCAGCCCTGGACAGCCATTGTAACCGGCATCAATGACCTTGGCTATGCCTATCAGGGCACCGAGCCCTACCAGTTCTTCTACGTGACAGCCTCCACAGAGGCAGATGGCAGCAAGATGGCGAACACAGAGCTTGTTCCCACTGTCAATGCCAATGCCATCTCCCGGAAAATCAAAGCGTCCGACGTCAAAGCTGAAGTCAAGCGCGTCCACAAGCTGCCCGTAGCGAATACCCGCAAGTAAACAACCCTGGCAGGACTTTCCTGCTACGTATTTGCCCCCGCATCGCCGCGGGGGTTTTTATTTCCCACCTGATCTTATGTTGATCTGTCGGGGATCCCTTGCCCGGGATGGCGCGGTTTTTGGGGGCTGCCG
AP029619.1_gap7	448079	451393	3314	AGTGCCGTGGATATAGGCGTTATAGACCATTTCATCGGCACAGATCAGCAGTTCGTTGAAGAGGTTCTGGGGCAGATGCAGGTTTTGCTTGAAAAAGAGGCGCATCACCCGGGAAATGCTGGTGAGGGAAAGCTTTTTGGGGTCGATGACCAACTCCATATTGGCGGTGTCCAGGTGCTGCATAAACTGTTCGAGGTTTTCCCGCGAATGCCTGCGCTTCAGATTACAGCTGATCATCCCCACCAATTGCTGCGCCTCGATGGGTTTGCTGATAAAATCCACCGCGCCCAGTTGAATTGCCCGGATGAAATATTTTGGTTCCAGATGTCCGGTCATCAGGATCACGTCCAGATCGTGTTCTTCATCCTGGCGGATACGTTCCAGCAGTTCCAGTCCGGAATATCCCGGCATCTCGATGTCGCAGAGCATCAACTCATAGCGGTGGCGCCTGATCTTTTGCAAGGCGTCCTGGGCGTTGAAGACAGCGTCAGCCTTGATCTCGTGCATGGCCAGGATCTTGCACAGGCTTTGGGCAAGGCTGGGACTGTCGTCCACGATCAGGACGTTGCTGGTGGATTTCATCAAGCCAGATTGACGGTGAAAAGCTGGTTGAGTTTTAGCATGGTAAACAGGTCGTAAACCGTGGAAGAACAGCGGGTAACCTCGATTTCGCCGCCCTTGCCCAGAAAGTCCTTGTAAAATAGCAGCAGTTTCCCGATGCCGGTGCTGCTGATGTTGTTGCAGTTGTTAAGATCGAGCTCCAGGATGGTGGCTTCGGATTTGAGGACTTTATTCAGATACTCCTGAAAAATATGGGCGTTTTCGCTGTTCAGGATCCCATCAACCACGAGGATCGCAGTATTGTCATCAAAGCTAAGATCAATTTTCATCTTTACCTCTTCGCGCAGACAAATTCACTTATCGCATATTATGGATGGCCGCGGGCCACTGTCAAGCTATTTTCACGCGTAGCCCCGAATTCTCCTCAGGACTGCCGTCTGGACCTGGGCGGGGCTGATCTCGTAGGTTTTGAATTCCAGCGAGTAGATTGCCCGGCCCTGGCTGAGGGAGCGGATGCGGGTGGCGTAGCCAAACAATTCGGAAAGGGGAACATCGGCCACCACTTCCTGCTGATATTCGTTATGCCTGCGCATTACGGAAATCTTGCCGCGCTTGGCATTGATATCGGCAATAACGTCTCCCACAAACTCTTCGGGAGCGATCACCGTGAGCAACATCAGGGGCTCCATAATGACCGGCGAGGCTTCCCGCAGGGCTTTATTGACAGCCATCGACGTCGCGATGCGAAAGGCCAGTTCATTGGAATCGACCGGATTGTGGTCGCCGTCTATCAGTTCCAGGCGTACCCTTTCCACATTGGCGTTGATGAGGGGGCCGTCGTTGAGGGCGTTCAGGGCTGCCTCTTCGATTGGTTTGATATACTCGGAGGGAATCTTTTCCGGACTCACGCTGCTGACAAAGATATTCTTGCGCTCTTTGCTGAGCTCTTCAGGACTGAGGGGCGAAACGCGTAACTTGACCCTGGCGTAGCTGCCTTTGCCGTTCATGTCACGCTGGAAGGTTTCTTCGCAAACCGCGCTCTGGGTGATGGTTTCCTTGTAGGACACCTGGGGGTTGCCCACATTGGCGGCGACGTTGAATTCCCGGCGCAGGCGGTCCACGATGACTTCCAGATGCAGTTCCCCCATCCCGGAGATGAGGGTCTGCCCGCTGTCTTTGTCCGTATGCACCTTGAAGGTGGGGTCTTCTTCCTCCAGCCTTTGCAGGGCTTCCTTGAGGCTCTCCTCATCCGCTTTGGTTTTGGGTTCGATGGCGATCGAGATAACGCTGTCCGGGAAGTGCATCTTGCTGAGCAGAATGTCGTGGCTGCCATCCGTGATGGTGTCTCCCGTGCTGAGGAAACGGCAGCCCACAAAGGCTCCGATGTCTCCGGCATGCAGCTCCTGCAGGTCGTTCTTGCGGTTGCTCATCATTTGCAGGATGCGCGCGACCCGTTCTTTCTTGCCATTGTTTTGATTATAGAAGGACGCGCCTTTTTTCAAGGTGCCGGAATAGAGCCGCACATAGACCAATTTGCCCACATATTTGTCGATCTGCACCTTGAAAGCCAGGCCAACCAGGGGCGCGTTGGGATCGGGCTTCACCGGCACAGGGTCGTTGGTCTGGGGGTCGAAGCCCTGATGCGGGGGCATATCCAGGGGCGAAGGCAGGAAGTCGCAGATGGCATCCAGCAGCAGTTGCACTCCCTTGTTTTTGAGGGATGAGCCGCAGAGTACAGGTATGAATTGGTTGCTGATGGTGGCTTTGCGGATAGCCCGGCGGATCCATTCAGGTTTGATCTCCTGGCCTTCCAGATAGGCGTTGATCAGTTGATCGTCGTATTCCGCGACGCTTTCCAGGAGCGCCTCGCGGTGCTTGGCCGCGGTGTCCGCCAGCTCTGCCGGAATATCCTCAAGGTGGAGTTCCGAACCCAGGGTGAGGGGATCGAAGGTCCAGGCCTTCATCGTGATCAGGTCAATAACGCCGTTGAAACTGTCTTCCCTGCCGATAGGGATGTTGACCAATTTGGCTTTGGAACTGAGGCGTTCGTTGATCATCTGCACCACACGCTCGTAATCCGCTCCGATGCGGTCGAGCTTGTTTATATAGACGATCCTGGGCACCTTGTAGCGATCGGCCTGATGCCATACGGTTTCGGACTGGGGTTCCACACCAGCCACGCCGCAGAAAACTCCCACAGCTCCATCCAGGACCCGCAGGCAGCGTTCAACCTCGGCAGTGAAATCCACATGGCCAGGGGTGTCTATAATGTTGATCTGTTTGTCGTTCCAGATACAGGCGACCGTGGCTGAAGTGATGGTGATGCCGCGTTCGCGTTCCTGGTCCATCCAGTCGGTAAAAGCATTTCCATCATGCACTTCACCCATCTTGTGCAGAAATCCCGCGTAATAGAGAATCCGCTCCGTCGTAGTGGTCTTGCCGGCATCGATGTGGGCCATGATGCCAATATTTCTGATCCTTTGGAGCGGAGAATCAGCGTCGCTACTCATTTTGCTTTCCTTACAGTTCCTTTATCTGGATTTATTACTTAAATGCCAAGAAAAACAGATAGCAGTTCTTTGTCCACCAAAAAGTTTTTAACAGTGCTTCTGCAGACGCGAAAAATCAACAGTCTGCAATGAATTCTTTGCCCTTTGGAGACGCAGCCACGCTGTAAAGCTGCCGGGTGGAATACGTCCGTATCGACCATCTGCGCTTTGCTTACGGAGAAAATAGTTTGCGGTGAACGCGGG
AP029619.1_gap8	478454	481640	3186	TTTCAGTTTGCGCAGCAGGGGCAGTTTTGAGCCTCGCAGGGGTTGCAGCGAAGCCCGCCCGGCGATGATCTCGTTTTTGCTGATGTCGTGGGTATATACCTCAAAGCTGAATCCGTAGCTGCTGGTGTTCAGCCCCAGGTAGCCGCCGATGTTTTTGACCTTGGGATAGCGCAGCATATTGGAGTAGTCGTCAAAGACCAGGCCATGCCCCAGGGTGTAGTCCGGAATGCTTCCGATCTTGAAATAGAGCGAGTCCGTGCGGTCAGCGAAACGGATGTAGAAGATTTTGCGCAGGATGTCCGCCCAGTTGTCCCAGCCTTCCCTGCGGATCTTGCCCTCTCCATCCAGAAGCAGGTCGATATCCAGTCCCAGTCCCAGTTTCCAGATTGCCAGCTCCGGCATGAAGCGCACCTGAGAGTAGATCACCCCGTCCACCGTAGCCGAGCCAAGCATGCCTCCCATGCTGTATTCGGGGCTGCTCAGAATCTCATAAGTCGGATCCTCCCATGCCTCATCTCCCGGGAACATATATTCGTCGTTCAGGCTTTGCGCGCAAAGCACCAAGGGGAGAAGAAGCAAGGCCAGCAGCAACGGTGTTTTCATTCTATATAACCTGAATACTTATATTGTGTGATTAAATCACGGATTGACCAATCTGTCAAGCTTATTCTCGCTGGCCAGGGCTTTCCGCCTTGAATCAGAAGCTGTCCGGCTCCACTAATACCTTTTCAATTTCGTTATCCACGAATTACACGAATTAAAAAGAGTGGAAAATTGGAATGGTGAACACTAAGCTCCAAAGCAAACCACCCCCAAACCATAAAACTGTGTCATCACGGGCTTGACCCGTGATCCAGTCTTTTAGAATAATCATCCACAAATTACACAAATTAACACGAATTAAATGAACAGAACAAGGACAAGCGTCCAATCCAAAAAACAACCTCTCAGCCAGATACAAACCACACCAGACCCAAAGCCGCATCATCACGGGCTGTCGGGGTCCCCGCCAAAGCGCGCAGCGGTTTGGTGGGGTGGTTTGACCCGTGATCCAGTGTCTTGGGGTGGCAAAGTCCGTTTGCCACAGAGACCGGAGGTCTCTTACAAACAGGCAACTCCGTTGCCTCTGCCGAACAGACTTCGTCAGCCCTAAATAAGCACCAAATCCAGAACCCCAAAACCCCTAATTCGCGACAATCCGCGCCTTTTATCCGTGTATATCTGCGTGAACCACCTTTCCACCTTCAAATATCCTGCAGATCCTGTCGATCCTGTGATCCGCGTTCTATCTCTTTTTCACCATCACTCACAAATAACGCAAACAATATAGTGTAACATTCACCAAATACAACGGCAATAATCCTCAATATCCTTCATAGCTCCCTCCCTTGCTGCTCCTGCGTTTGCTGCCATCATCCTTAGGTCATCCCTCACCAAGTTAAGGATGACCTACGGAAAATATAGACTTAGCCCACCCTTGCAAATGAGGGCGATATGATGATTCAGCCGCAGGCATTAGTTGTCAACTATCAGGCGCGATGGCCAAAAAAAGCCCCGGAGGGTATCCGGGGCCTGGTATATGGGTTTGGTCTGATTATTTCATCAGGATCATCTTGCGGGTTTCTGAGTATTTACCGGTTTGCATCTTGTAGAAATAGACGCCGCTTGCCAGGGGGTTACCCTGGTTGTCCCTGCCGTCGAAAACCAGCTTGTGGTTGCCGGAGGCCTTGCTTTCGTCCACCAGGGTGCGCACCAACTGGCCTTTCAGGTTGTAAACCAGCACCTTGACGGGGGCCGCTTCCTTGAGGCTGAAGCTGATGGTGGTCTTGGGATTGAAGGGATTGGGATAGTTGCCTTTAAGCTCCGTAAGCGCGGGAGATTCCGGGTCGTCATTAGCGACGGGCTGGCCGGTTCCGCTGAGCGATACGGACAGCATGGGGGTGTCGGGGTCATCCGTGCTGATGGTCATCACACCCAGATATTCCTGGGCTGCCACGGGCAGGAAGCTGACCTCCAGGGTCAGGGACGACTGGGCGGGAATCACAATATTCATCATGCTGGCGGGAGTTCCTTCCTGAGCGCTAACCATAAAGTTTTGAGGAGCTATGACGGTTCCGATCAGCACCGCGTCTCCGGTGTTGTGGATGGTGTAGGGCTGGAGGGCGGTGGCGCCGATGTTGACCATGCCGAAGTCCAGGGTATTGCCGTCCACTCCGACATCGGGAGTGCCGGAGGTGCCGCCCACGGAGGGGAAGACGATCTCATCGATCCAGGCGCAATCATCTCCGGAGGAGACCATGGAGTCTTTCACATATTCCCATTTGAAGATATTCATGCCGGTCTGGACCGGATAGGTCTCCTGGCTCCAGATATCGTTGGTGCCCGACCATTGGCCTTTCATGATGCCATTGATGTAGAATTTGAGGAAGTCATAGCTGGTTTCGCTGGAGACCTTTTTCCAGAAACTGATGGTTCCCGGCGCCATGCTTTCCATGGTAATGCTCATGGAGGTGGACTGGTTGTGGCTGATGACGGCGCTGCGTGCCGCGTTGGAGTTGTCGAAGCTGACTCCCTGGTCGATGGTCCAGTCGCCTCCGGTGAAGGTCCAGGGCAGGGAGCTGAAATCCACGATGAAGCTCTCGGCCAGGATGCCGATATTGACGTTGTAAGTCTGCGCCGCGCTATACTCTCCGCTGAAGGTAATGGCGGTGATGCCAACCGTTGTGCCGGCGGGTAGTTGCGAGCTGAAGGTCACGCTGTAAGCCATTTCCGCGCTTCCCTGCGGAGGCAGGGCGGTGAATTCGGTGGCGATGGGGTCGGCGACGTGGGTTCCGCCGCTGATCACCATGGCGGTGGTGATGGAATTGGCCTGGGCGTGGCCGCTGTTGGTGATGGGGAAGGTGAGGATCACGCTTTCGCCGGGATCGATGCGGCCATTGCCGTTTCCACTTGAGTCGTCAACCAGGATGCCGCCCCAAACGAGGTTGGGAGCGTTGATGGTGATGTTGCGGGTGGCTTCAAAGGTGCTGCCGTCCTCCAGGGTCGCCAGTATATGGAAGGCCGCCACGTGCTGGTCGGGAACGTTGTTTGCGATTCGCACGCCAAATCCGGCACTGGTTCCGCCTGTGCTGTTGGCATCGATGGAGGCGATGACTTCGCTGTTGTTGAGGATGGTCACATACTGAT
AP029619.1_gap9	493079	497328	4249	GCGGTGTTATACCGCACCAACGCCCAGTCGCGCGTGTTTGAATACGCTTTCATGCAAAACAAGATACCCCACAGCATCGTGGGCAGCCTGCACTTTTACCAGCGCAAGGAGATCAAAGACCTGCTGGGCTACCTTTCCTCCATTTCCAACACGGCGGATTCGGAAAGCCTGCTGCGCGTCATCAACGAACCACCCCGTGGCATCGGACAGACCACAGTGAACCGGCTGCTAACCTTCGCCGCCAAGGCCCGCATCCCTCTTTATCAGGCTGTGCAAAACGCGCAGGCGGTGGAAGACCTGCAGGGCGCGGCTCGCAAGCGGGTGGCGGATTTTGCCCAACAGCTTGCCGCCTGGCGGGAAATGTCGCTCCGCGCCCCGGTATTGGATGTGGTCAAAGCCATCCTGGATGACCTGGATCTTATCCCCCAATACAGGCGCAGCGGCGATCCCAAGGATATTTCCCGGGCGGAGAACCTCACGGAGTTCGTCAGTTCTGTAAGCGAGTTTTCCGAACGCTGGCTCACTGAACACGAGAGGCCCGCCTTGCTGGCGGACTTCCTGCCCTTCGTTGCCCTGCAGACCGATATGGACCGCGTGGAGGACGGGGCCGAGAGTGTGCGCCTCATGACCCTGCACAACGCCAAGGGTCTGGAGTTTGACTGCGTATTTATCGCGGGATTGGAAGAGGAACTGCTGCCCCACCGCATGAGCATGGACAGCAGGGAGAGCATCGAGGAAGAGCGGCGCCTCTTCTATGTTGGCGTCACTCGCGCCAAAACCCGTCTGCTGCTCAGCTATGCCAAATGCCGCCGTATCTATGACTCTTTCAGTTTTACCCGACCCAGCCTCTTTCTGCAGGAACTGGATCAGAACCTCTTCGCCGGAAACAAAGACCCGGCAGACCTCGCGCGTGGCTCCCGTCCCCGTCCCAGGAAACGCGTCGCCATCACCGAGAAGGACAAGCAGTTCCGCATCGGCCAGCAGGTCTGGCACTCTGAATACGGGCGCGGACTGGTGCTCAGTGTGGACGGAGTGGGGCCGGATGCCCGCCTCACCATATCTTTTGACAGGGGCAAGCTCACTAAGATCATCGGCACCTTTGTGAGCACCGAGCCGCTTTAGGACGGAAGGATGCTGTTCAAAAAGCTCCGTCCCATCCTGGATGGATCACCCTTTCTTACTTCGCTGCCCTCACTGCTGCAAAGCGGAGAGCGTGTCCAGATCCACCATCTTAACCAAAGCGCCAGGGCTCTGGTGGCAGCCCGCCTCTGGGAAGATACCCAAAAGAACGTTCTGATCGTCTCCCAAGACGACATCATCGCCGAGGACATCTGGGACGACCTGGTGGCTCTGTTGGGTGCCGGCAACGCCCACTACCTGCCAGATTACGAGATCCTTCCCTACGAGGAACGCTCGCCCCACTATTCCATCCGCGCCACCCGCATGATCTGCGTCAATCACATCCTGAGCGGCAAACCTGCAGTTTACAGCCTCTCCATCCGCGCTCTGATGCGCTGGTTGCCTCCCCTCAGCTCCATCGCCTCCCACGTGAAAGTCCTCACGCCCGGCCTGGAGTATCCGCCCCAGCAGTTGATCCTGGACCTGGTCAACATGGGCTTTGAAGCGCAATACCAGGTGGGCAAGGTGTTCCAGGTAGCACGTCGGGGCGGGATCGTGGACATCTTCAGTCCGCCCGACCTGAAGCCCGTGCGCATCGAGTATTTCGGCGACGAGATCATCACCATGCGCTACTTTTCCACCAACACACAGCGCTCGGAACCGGGAGAGGTGCCTTCCTACACCATCATTCCCGCCCGCGAGTTTTGCCTGGACGACATCAAGGACAGCTCCCCCCTGGCGGCCATGCTGAAAACCAAGGGCTTCTACGAAGGCATCGAAAACCAGTATTCACTGCTGCTGGACGAACTTTCCACCTTTGCCGACTACTTCGATCCCCAACAGCGGATCATGCTTTTCAACAACTACATCTACATCCAGGAAGAGTTTGAACAACTGGCGGAACAGGTGCTGGAACAATACCGCCGCGAACTGAAAAGCAAGACCAAGGCCAAGCTGAGCCCTCCGGATAAAGTGATGGCGGATGAGGAATATCTCCTGTCGCTCACCCGTCCCCAGAGCAGCCTTTTCCTTTCCCAGAGCGAGTTTGTGTTGCCCTTTGCCGCCAAGGGCGTGAAAGCCCCCTTTGAGTCCCAGCCTTCCTTCAATGGCGATCTGGCGCTGCTGGCAGACAGCATCCGCCAAATGGAAGCGCAGGGAACAAATCCCATCCTGCTTTTCGACAATCCCAGCCAGAGCAAGCGCATGCACGAACTCTTGGCGGATTACGCCTGCTCGCCCCAAAGCCTGATCGGTGTTTTGCACGAGGGTTTCCAGGTGCTGGATTGCGGCCTCGCGCTGTGGACCGACCACGAGATCTTTAACCGCTACAAGCGCAAGCGCTACGCTCCCCGGTACTCTCCGGGAGAGGAGATCGTGGACTACGAAAGCCTCAGCCCGGGCGATTACGTGGTGCATGTGGATCATGGCATCGGGGTTTTTGAAGGGCTCAAGATCATCCGCCTGGACAGCCAGGACACGGAGTGCCTGGTCTTGCGCTACGCCGGGGATGACCGGGTCTATGTGCCAACCTATCAGCTCAAACTGGTTTCCAAATACATTGCCGAGGAAAGCGCGTCCCCAACCCTTAATAAGATTGGCTCGGCGAAATGGCAGCACACCAAGCGCAAGGCCACAGAGCAGATCGAACTGATCGCCGCGGACATCGTCAAACTCTACGCCGAACGCAGTTCCCGCCTGGGCATTGCCCACAAACCGGACACCGACTGGCAGCGCGAGATGGAGGAATCCTTCATCTATGAGGATACCCCCGACCAGGCGCGCTCCAATGCCGAGATCAAAGCGGATATGGAAAGCCCCGCTCCGATGGAGCGCCTGCTCTGCGGGGATGTGGGTTTCGGCAAGACGGAGGTGGCCATCCGCGCCGCCTTCAAAGCGGTGTGTTCGGGTTATCAGGTGGCTGTCCTGGTGCCCACCACCCTGCTTGCGGAGCAGCATTGGCGCGTCTTCAAGGAGCGTCTGGCCAAGTATCCCGTGCGGATAGCCATGTTCAGCCGTTTTCGCAGCGATAAAATGATCAGCGAGGATGTGGCAGGCCTGGCCTCCGGCATGGTGGATATCGCCATCGGAACCCACCGCTTGCTTTCCAGGGATGTCCAGTTCAAAAAGCTCGGGCTGCTGATAATCGACGAGGAACACCGCTTCGGAGTGCGCCACAAGGAACGCCTCCGCAAGCTGCAATCCAACGTGGACACCCTTTACATGAGCGCAACGCCGATCCCGCGCACCCTCAATATGGCGCTCGCCAAGCTCAAAGAGATATCCCTGATGCAGACCTCGCCCAAGGAGCGCCTGCCGATCCGCACCATCATCACCCCACGCGACAGCGAGGTGATCAAGGACGCTATCCGCCGCGAACTCGACCGGGGCGGGCAGGCGTTCTTCATCCACAACCGCGTGCAGACCATCGAGACAGTCGCCGAGGAACTGCGTCAGCTACTGCCGGATGTGAGGTTCGCCGTTGGCCACGCCCAGATGCCGGAACGCCATCTGGAAGACGTGATGCAGGCTTTCGTCAACCGCGAATACCAGGTGCTGATCTCCACCACCATTGTGGAAAACGGGATCGACATCCCCAACGCCAACACCATCCTCATCGACCGCGCGGATACCTTTGGCCTCGCCCAGCTTTATCAGATGCGGGGACGGGTGGGACGCAGCAACCGCCGCGCCTACGCCTACCTGCTGATCCCCAAAGGCACCACCAGCGTGGCCCGCCAGCGCCTGGAAGCGCTCACGCAATACGACTATTTGGGCGCAGGATTCCAGGTCGCGCTGCGCGATCTCGAACTGCGCGGGGCGGGAACGATTCTGGGCACCAAACAGAGCGGCATTATCCAGGCCATCGGCTTCAACTACTACAACAGCCTGCTGGGAGGAGCCATCGCCGCAGCGGAAAAGGGCGAGGCCTTCGCTCCGGAAGACGAGACGCCTAAGACCCGCCGCCGCCTCATCACCGAGATCGACCTCTATTTTCCCCCGAGTTTTATCGAGGATGACGAGCAGCGCCTGGCTATCTACCGCCGTTTGAGCGAATTCGACGACTTTGCCCAGATCGCCGACTTTGAGGATGAACTGCGCGACCGCTTTGGAGAACTACCCGAAAAAGCCG
AP029619.1_gap10	623605	628251	4646	GTTCAGATAGAACGTGAAGCGTTCTTTGAGGTCCTCAGAGGCAAAGGGAACCACCGGCCCGCCAAAGGCAAACTTGAATACATCGGTATTACGGCCATTGTTTTCGGATAACAGATGATCGAGGCTGTATTCCACCTTTCCGGAATAAAAAGAATCTCCGTCCTTGGTTACAATGTTGACCACTCCGGATTGGGCGTTACCATATTCGGCAGGGAAACCGCCTGTCATAACCTTCATATCGCTGATAGCGTCAGTATCCACTTGCAGAGCGCTGCCACCGTCAACAGGGTCGGAAACCGACATTCCGTCCACGGTAAAATTGATCTCATTGGAGCGTCCGCCCCGGATATGCAACTCTCCACCGATGTTTGTAACACCAGCTTGTAAGGAAACGATGCCGGCGATGTCGCTAACGGCAACGTCTTCCATGCGGTCCATTTCTATCTGGCGGGATGATCCCACACGGTCTTTTTCCACCCTGTCCTGTTCGGCCGTCACCACAACGGTGGCAAGTTTGACACCAGTCTTGTTCATGGTGGGCGATAGATTTGTGGTCTGGTCGACGTTGATGCGCACATCGGTGAATGTATAGGCGTCGTAGCCGATCAGTGAGAATTTAACAGTGTAGATACCAGGGGGAATGTTGATGATTATCGCGGTACCCTTGGCGTTTGTCTGGCCGCCTGTAATGCGCTTGGCACCTTGAAAAACCACGACATTGACAAACTCAATGGGCTTGCCCTGATTATCACGCACTCGCACTGCCAGGCGTCCTGTGGTGGCCGCGTCCAAAAACGCAACGCCACAAATCAATAATATTAGCAGGATCAATGCAGTCTTTCGCATCGAGAACCTCCCTTCTCTATATGGCTTTATTTCTATCTTAGCTTTCATCACTAAAGGGCAAACAGCTATGCTGCCGACCATAATTACAGTTGGTCACGAATATATGGTTTCCCTAAAACCGTCAAGGATTTTTTCGGATTATGCTCACCAAACGTATCTTGTTAGCGAGTTTGGACGGATTGGCGAGCCTCAATTTCTTCATTGAATGAAAGTCACTTTTTCAAAAGCTGGGCGCGATTCTTCGATCTCACCCAACACGAGGTAATTTGTATTTTTCATAAAATCTTCCACGAAACCGGGATCCACAACAGCGATCATGCCAATACCCAAATTGAAGGCACTGCGCATTTCCTCAATATCCAGATCGGCGCTTTCTCTCAACCATCTGAACAATGGAGGAACCTCATCCAGGTTGTAGCTTACCAGGGCGGAAAGACCATCCGGGATTATCCGTTTCAAATTGCCAGGGATGCCACCCCCCGTGATATGCGCCAGACCGTGCAAGCGTCTGTCGTGGAGATGCGGTTTTATCTCCTGAAGATAACTTTTGTGGACAGCCAGCAGAAGCTCGCCCACTGTTGCCTTGAGGTCAGTCACGTATGAGTTCACGTCCAGCTTCAGATGGTCGAAAACGATTCTACGGGCCAGTGAATAGCCGTTGGTGTGCAGGCCGGTGCTGGGCATGCCAACCAGAATATCTCCACAGCGGATCCTCTTGGCCGGCAACAGCGAGCTTTGTTCCACCACACCCACTATGGTGCCTGCCAGATCAAAGTCTTTTTCCCGATAGATTCCCGGCATCTCAGCCATCTCGCCGCCAATCAGTACGCACTGGTTTTCCCGGCATGCTTTGACCATCCCGGCTATTATTTCCTGCACCATAGCCTGGTCAAGCTTTCCTAACCCAATGTAATCCAGGAAGAACAGGGGGAGCGCGCCCTGGACCAGAATATCGTTGACGCAGTGGTTTACCAGGTCCTGGCCTACGGTATCGTATCTGCCTGCCAGAACAGCCACCATCAGCTTGGTGCCAACCCCGTCGGTGCTGGAAACCAATACCGGAGCCTGATACTGTGATGTGTCGAAGCGATACAGGCCGCCAAAGCTGCCCAGATCGCCCAATACGTTGCGGTCATAGGTTTCACGCACCATCTGCTTGATGTTGTCCACGGCATCTTCGCCGGCCTGGATATCCACACCGGAAGACCTGTAGTCTATGCGTTTGTCTGTCATATCACGACCATTCCTGCAGTTCTTTGATCATTGTATCGATCTTGTTAGTATCCAGATCTGTTAGACCTTCCAAGCTGAAATCTCCCACATTCAGGGCGGCCATCACGGTTCCCAGGCGCACGGCTTTGCGCATGGCAATCTTACTCAAATCGCTCTGGGTAGCCAGATAACTCATAAAACCCCCGGCAAACGCGTCCCCCGCTCCGGTGGGGTCTTTCACTTGCTCCACAGGGTAGGCGGGAGCAAAGAACAAATCGTTTTCGAAAACAGCCACGCTGCCATATTCTCCCCGTTTGATGACTGCTGCCCTGGCTCCCAGGCCGATCAGCTTCCGCGCTCCCGAGAAGATGTTGTGAGATTTGGTGTATTGCCTGATCTCATCTTCGTTGATAAAAACGATATCCACTCTCTTGATCACTTCGGTCAGCAGCTCCGGGCAGAGGTCTATCCAATAGTTCATGGTGTCGCAGGCGACCCAGCGGTAACTCTCGATCTGGTTCAGCACCTGCAGTTGCAACGCGGGATGAATATTGGCCAGCAGCAAGCTTTCGCAAGACCTGCAACTGGGGGGCAACTGGGGCGAGAAATCCGCAAAAACATTGAGTTCAGTGCTCAAGGTGTCTGCCTGATTTAGGTTCTGATACTTTCCGCTCCAGCGAAATGTCTTTCCCTGTTTTGTTTCCAAACCGTCCAGACATATCCCGTGCCTTTGCAGCAGCTCTATGCCCGGCTGGGGAAAATCCTCTCCCACCACACCCACAACTTTGGTTGGAGCAAAGTAGGACGCGGCCAGGGAGGCGTAGATAGCCGAACCACCCAGGGCGTCACACACTTTTCCGGAGGGGGTTTCGATTGTGTCCAGCGCGACGGAGCCAACAACCACGAGGCTCATTGAACCGGAACCCCTTGCACTGCCGTAGTGTCGATTGGCGTGGCTGTGGAATCGATGATCTCTATTGTTGTGCTATTTTCACGCTGGCCAATAGTATCCAGTTTCTTGATCAGGATCAGGATTGCCGCCAGCAGCAGGAACATGAAGATCAGCCTTTTCCAGTTATAAGCGCTTTTACGCCGGTCAGTCCAGCGGTCTTTGTTTTTATCATTTAAATCGCTCATGTGTCTTTTGCCTCAAGCTCTCAGTTCTTCCAAAAACGCGGCAAAGCGGCTCACGCCCTTGCGCAGGTTGTCCATGCTGTTGGCGTAGGAGAAGCGGACGTTGGATTCGATTCCGAAAGATCCTCCCGAAACCAGGGCCACGTGATGCTTTTCGAGCAGTTGGTTGCAGAACTCGTCGGAACTGTGGATTCCGGCATTGTTGTTTTTCAGATACCAGCCGATATTGGGCATGATATAAAACGCGCCCTGAGGTTTGAAACAAGAGACGTGCGGAAGCTTGCTCAGCTCTTCATACAGGAAATTCCTGCGCTGTTCAAACTGCTTTCTCATCATCTCGATCGAATCGTCCTCTTCATTCAAGGCCGTTACGCAGGCTTTTTGCGTGATCGAATTAACGCAGGAAGTGGCGTGTGCCTGCACCCTTCCTGCTGCAGCGATAATATGCGCGGGACCGGCGGCGTAACCGAGGCGCCAGCCAGTCATGGCATAAGCTTTGGAAACTCCGTTGATCACAACCGTATGCTCCTGCATTTCCGGGCTGAGTGAGGCTATGGAAACATGTTCCGTTCCATCATATACCAGGCGTTCATAGATTTCATCGGAGACCACCAGCAGATTGTGCTTCAGGCAGACCTCTGCCAGTTTTTCCAGCTCAGACCTGGTATATACGGCACCTGTGGGATTGCTTGGCGAGTTGAGGATCAACACCTTGGCCGCGGGGTTTTCCCCGATGGCCTTGCTCAGCGCGGCCGGCGTCAGTTTGTAGCTATCCTCTTCCAGGGTGGGGATGTAAATGGGCTGGGCATCCGCCAGCATCGCTTGATAGGGATAGCTGACCCAATAGGGCATGGGCATCAGGACCTGGTCGTTAAAATCGCAGACCGCAACCAGGATGTTCACGATGGAAGCCTTTGCTCCGGGGGAGACCAGAATCTGGTTTGGTTGGTAATTGAGTTTGTTTTCCCTTAGAAACTTCGCGCAGATGGCTTTTTTGAGCTCGGGGATGCCGGCATTGGCTGTGTAGCGGGTAAAGTTGTCGTCTATCGCTTGATGAGCGGCTTTCTTGATATACTCAGGTGTGTCAAAGTCAGGCTCTCCCACTCCAAAATTGACCACATCGATTCCGGCGGCCGACATCTCTTTGGCCTTGGTGGACAGGGTGAGGGTGGGTGAGGGTTTGATCAGGATGGTTCGGTTTGATAGTTTGATCGCCATGTTTTCCTCCAGCTTATTTTTTTCCCATCAGAAGTACCAGAACGCAGGTGTTGACAATGTCTTCCATAGAGCAACCCCGGGAAAGGTCGCAGATCGGCGCGGCAAGTCCCTGGATGATTGGGCCAAAGGCCTCGGCTTTGGCGAAGCGTTGTGTGAGCTTGTAGCCTATGTTGCCAGATTGCAGGTCTGGAAATATCAGGGTGTTCGCTTGTCCAGCCACCGTGCTGCCTGGTGCC
AP029619.1_gap11	629973	630476	503	TTGCTCTCTATCCAGACCCAGTTCATTGCAAAGCAGGCTGCTCAGTTCCTCAATGCGTTTGGTGCGCGCCGCCATGCTGCCCAACTGCGACTGAAACACCACCTCTTCCAGGCGGGGAACATAGGTCTCCAGGGGGACGCGGGTGTCTTCCTTGAAATACCACAACGCGTCTGCCAGGCGGGCATTCACCACTTTTTCATTACCTTTCCGGATCAACCCGGCATGCGCCGCGTCGCCGTTGGAGATAAAGACAAACTTGTTGCTGAGCTTTCCCTGTCCGTCACGCACGGAAAAGCATTTCTGGTTCTGGCTGATGGTGGAGGTGATGATCTTTTCGGGGATGTCCAGATATTCTGCCTGGAATTCCGCGACCACGGCGTTAGGGTTTTCCACCAGGTCGGTCACAGTATCGATCAGCCGTTCGTCCTTTATTACGGCATGATTGCCGGAGGGGAAGGCGTTTTGCAATCCTTGCGATATAGTCTCCCGGCGTTCCCGGCGAT
AP029619.1_gap12	751935	756352	4417	CTGTATCAGATCACTGGCACCGTCGAGATCACATCCCACACCATGACCCCGCCTCCTTTGCCGGACGGAGAGTTTTACATTGTGGAACCGGGGGAGTCCGTGGCCGTGACCATTGCTGATCTTGCCCTGCAGCCAGCCGATGCGGTTTTATATTACACCCTGGATAACAGCCTGCCAGGCCCTGACAACCCAAACGCTTTCATATACGCTCCGGGTAGTCCCATTCAGCTCACTAATCCCACCTGGATCAGCTTCAAGGCTTATCTGAACAATTGGCTGCCCAGCCAGACCGTCAGCTATTACTATGATGTCCGCACCAGAGTGAAAGTCAACACCTTTGCCAATGGGACTGTTTTCGATCCTGCCCCCGGACTGAGCACCACACCCGTAAATGTGAGTATCAGCACCAATACCGCGCCTGCTGGCGCATCCATATATTACAGTCTGGACGGGGGAGACCCGGATGAGCTTACCGGGACGCCCTATACGGAGGCCATCTCCCTCTCTCAAAGCACAACGGTCAAGATTATTGCCTACTATCCGGGACTGTATCCCAGCGTCGTCCACACCGGTTACTTTGAGATTACGGGAACCGTGGCAGCGCCGGTTTTCGACCCTCTGCCCGACAATTATGACAGCCCCCTGGATCTGAGCATGAGCTGCTCGACTCCACTGGCGGATATATACTACAGCCTGGATGGCTCCGAGCCAGCCCAGACTTCTCCCTCCTCATTCCTCTACACTGGACCTGTAGCCCTCGGTGTGGGAGAGCATTTTGTGCGCGCCAGAGCCTTCAAGGCAAACTGGGATCCCAGTCCGATCAGCGAAGGCCAATACAACATCAGTGTCTTGCCGCCGCCGGTGTTCGATCTGCCGGAAGGCCTTTATTACGAACCGATCGTGGTTCATCTGTCAGTGCCCACCGTTGATGATGCATCCATTTATTATACCACAGATGGAGCGGATCCAACCCAGGGCTCAAACCTGTACAACCCATCCCTTGGCATACCTGTGGGGGCTCAGACAACCATGACCATCAAAGCCATTTCTGTGAAGACGGGTTGGGCGACCAGCGCGGTCTCACAGCGGGAATACCGGGTGACCGGTACTGTGGCTACGCCTGGTTTCAATCCCGATGGAGGAGTTTTCACCACCGCTGTGTCGGTGATTATCTCATCTTCCACACCCGACGCGGTGATCCGTTATACACTGGACGGGCAGGATCCCAGCATGGAGTATGGCTCCACCTATGAGGCGCCGCTGACGATCAGCAGCAGCGCAACGCTCAAGGCACGGGCTTACAAGGCGGACTGGCTGCCTTCGGAGATACACGGCGCCGTTTACACAATTTTTGGCAACATCGCGGAACCGGAATTCACCCCCGGAGCCGGAACCTATACAGCCCCTGTAGAAGTGTATATCTCGGTTAATCCCCCGGATGCCTCAGTCTATTACACCACCAATGGAAGCACGCCCTCCGAAAGCAACGGAACTTTGTATGTGGCCGGTAATCCTATCCTGATCAGCGAAGATACGTTGTTGAAAGCAGCCGCGTTCAAAACAGGCTGGAACCCCAGCAGTATAGCCTCCGCGCAGTATGTGATCACGGGCATGGTCAGCTCTCCCGTATTCAGTCCAGGTTCTGGCCAATATGGCGCCGCGCAAACGGTGACAATATCTGTGAATCCTCCCCAAGCCACCATCGTCTATACCCTTGATGGCAGCGAACCGACTCTGACCAATGGAACAGTATATTCAGGACCCCTGACGATAGAGACAAATACGATAGTTAAAGCCTTTGCCTGGTTGGAGGGATGGGATCCTTCCCCCGTTGCTGTGGCGTCCTATGTGATCAACGGCGCGGTGGGAACACCGGTCATCAGCCCTGCCGCCGGTTATTACAACACTCAGCAGCAGATCAGCATCACAGCGTATCCAACAACAGCCACGATACGTTATACCCTGGATGGCAGCTTGCCAACCGCTGATAACGGCGCGGTGTATTCCGGTCCCTTCACCATCAGCCAATATACAATGGTGCGGGCATACGCGTATCAGGACAACTGGCTGGATTCTGACGTGGCAATGTCTGAATACTTCTTTGTAACCGCCAATCCGGTGATAACGCCTCCTTCAGGCACCTATGCCGACGCGCAGGTCGTGACAATCGGAGTGGCAACGGCGGGAGCCAGTATTCGTTACACTCTGGATGGAAGCGAGCCCACGGCCACCTATGGCCTTGAATACAGCGGGCCGTTCACGGTCTCTGCGAGCGGCACTGTCAAAGCGATAGCTTACAGAACCGGCTGGATAAGCTCGAATGTGGTGACCAATACCTATCTGATCAATGGGCCGGTGGCTGATCCAGTCTTCAGTGTACCCGGAGGCGACTACTTCTCCAGTTTCTCAGTTGGAATCACGGTTTCGCCAATGACGGCCAGCATCTATTACACTCTGGATGGTAGCGAACCAAGCGATGTGTCCGGAATCCTCTATACAGCGCCGATAGAAATAAATGAGAATACAGTCGTCAAAGCCAGGGCGTATCTTTCCAACTGGTTGCCATCCAATGTAAGCAGCGTGACCTACAACCTGCATGCCAGTCCTGTGAGTTTCAATCCTCAGGCAGGCAGCTATACTACCGCCCTGTCTGTGCAGCTCAGCACGGTAACCCCGGGGGCCACGATCAGCTATACGCTGGATGGGTCGATACCGGTCCCCGGTGTTAGCGCAGTGTTCGATCCCGCAAACCCGATCCATCTAACGGAAGACGCGACCGTCAGAGCAATAGCCTCAAAACCTAACTGGTTCAATTCTCAGGTCACCTCGGCTGTATATGTGATCGATATTCCCCTGCCTACTGTGGCTACTCCGCAGATCCTGCCTCCAAGCGGTGTTTATGTTACCCCGCAGACAATTACCATCACAACTGCAACAGCAGGGGCAAGCATTTACTACACAACCGACAATACTGAGCCGAGTCCGGTCAATGGAATGGTTTATACAGGCGGTTTCGTAATCTCTGACGATGCCATCATAAAAGCCAAGGCTTTCCTGGATGGTTATAATCCTTCTTTGACAAGCACCGCCCAGTATATCATTGCCATACCGGTGGAAACCGTTGCCACCCCGCAGTTCGATCCGCCTGCCGGAATCTACAACCAGCCTGTGGATGTGGTGATCACCACTGCAACTCCTGGTGCGACGATACGCTATACCATAGACGGAACTGAGCCGTCTGCGGAGATTGGCACATTGTATTCAGGTCCGGTCAACATCACCGAAACGGCTACTGTGAAAGCAATCGCCTTCAAGACAGGCATGAATAACTCACTCATATCCAACGCCAGCTATGTGATCAATATCGTCATCCCGACCGTGGCAGCGCCCATGTTCTCGCATCCTTCGGGCACCTATCAGGAGCCAATCTCGCTTACCCTAACCTCCACCACGGCTGACGCTTCTATCCGCTATACCACTGATGGCACCGATCCTTCTCCCACTCAGGGAATCTTGTATGGCTCACCCATTGTGATTCCCGGGAATAGCTCGTTGTTCATCAAGGCGATTGCCTATAAGGATGGCTGGCTGCCCAGCTCGATCGTATCGGCCAACTACAATGTGACCGGCTCTGTGGCAGCAGTGCAGTTCAGCATTCCCGGCGGTATCTATACCAGTGCGCAGACTTTGGTGTTGAGTACTTCCACCGCAGGAGCTTCCATACGTTACACTACCAATGGAGCTGATCCGACCGAAACTTCACAGCTATATAGCCTGCCGATCCAATTACCCCTGAACAGCCAGACCACTGTCAAGGCCAGGGCATACAGGCAGGATTGGACTCCCAGCCCGATAACCCAGAACACCTATACCATTACCGGTCAGGTGCAGATTGCCGCACCGCAATTCAGTGTTCCTGCCGGCACCTATACCAGCCAGCAAGTTGTTAGTATTGGCAGTCCTCAGCCTGCGGGCGCGGTGGTACGCTATACCATCGATGGCACAGACCCCACCGAGGCCTCGACAGAGTATGCTGAGCCAATAGTAATACCATTGAACAGCACCTTGACGCTCAAAGCCAGGGCATATTTGGAAAACTGGTTACCATCCCCGGTGTATTCAGCAAGTTATCAAGTTACTGGCCAGGTTATTCTTCCCGCGGTGCTCTTCAACCCGCAGCCGGGAATATACCAGACAGCTCAGATGATTACCCTGAATCCAGCTCAGTTGCCGACCGACGCTGTTTTGCGCTATACTTTGGATGGCAGCGAACCCAGCCAGAATTCCCCGGCTTATCAAAATCCCATCACCCTGCCCCTGAACAGCCTGACCACCATCAAAGTAAAAGGATTCAGGGCGGACTGGATACCGAGCGAGACAGCCCAGGGAACGTTCCAGATAACTGGCCAGGTGGCTA
AP029619.1_gap13	791987	796891	4904	GTTTGCATGCCCTGCAACGCAATTTCACGGGGGACTCCCGCTTCCGCGCATACAGCCAGGGCTAACTGCACATTCTCCGCGTGCTCTATGTACTTGAATTTTGCCAGTTCTTCCTGCGTGACGTCTGTGGGTCTGATCTTGTGGATTCTGCAGTTTCTTTGCCCGGCAACCTTTTCCAGCAGGCCAAAATGCCGGTTTTCAGCAGTGTAGCACACACCTCCGCTGGGAATGGTGTTGGAAAGCGACATGGCTACGCTTTGCTCGGTTGAACCCATTTGATCCAGATGGTCTGCCCGGCAGTTGGTGATCACGGCAATGGTGCTGCGCACAAACTTACGCTCTGTGATCCATTGGAAGACGGGGTTAACCGCCATGCACTCGATTACAATGGCGTCAGGGTTATAGGATACGGCATGGCGGAAGATATACTTCTGCTCGATAATGTTGGCACCCATCAAGCGCACAATCGCCGCTTCCCGTCCATCAGGCAGGACAACTCTGGGCAGAGTGCCCGTGATCTTGGCCACGGTCTTGCGTCCGCCAGCCCGCAGTCCTGCAGCGATCAGCCTTGTGACGCTGGATTTTCCCCGTGTGCCGTTAACATGGACCCGGATTGGAATGGCCTCCACATTGCGCTTGTGCCTCCGGTACTCGAATATCCAGTGCAGAATAAGCAGCACCGTTGCCAGGATTAGTACGGTCATTTATATTCCTTTATTTAACATCAAAACTCAGGCATACCATCATTCAGGTTACCGCAATCTGTATGTGAGCAAATTCTATTCCAAGCGGAGTAACATTTTCCAGCAAGCAAAATCTCAAAGATAGAATTGATATCCGGAGGCTGTCAGTCAAAATATACGATACCTGTCCCATATTTCCGCATGTTCAAGGGGATTAACAAAAGCGCGGAGACACGTCCGCGCGTGTAAATACTGTATGTGGAGCCTGACCTACTCGCCAATTGGCTCGTCCATCGGTGTTGTACTCTGTGGTGGCTGGGTCTCGCTCTGTCTTTCTTTATGTTGTTGAGGAATTGGCAGGGTATTCTTGCCGTCCGGATAACATCTCTTGCAGGGTTCATAACCGGAGTCAATGGCATCCAGGCGGTTAATGGATACGCGTTTGCCCAATACATAACGGCAGTTTTCGGTGTGGTATTTCTTGCCTGATTTGGTGACATAGACCGTGTAGTTCTGATTGGTCAGATTTCCAGCCAGATTGCTGGTCGTCATCAACTGCTGCATGGCTTCATTACCCACAAACTGTTGATTGGTATTCTTTTCCCCGTTGATATTGACCCCAAAGAAGAGGGCCACCAAGAGGCCGATAGCGCCGACTATAATGGATATTATCTTTGTTTTGTTCATCACATACTCCTAAAGATAAACAGTTTTGGCACTTAAGCAGAGTGCTGTGTTCAAGTCAAGCAAAAACTGCAAGGAACGTTTATAATTGTGTCCAAAAGATTTCTGCCACCTGAATGAGACAGGCGCTCTGACCTTTGCGCTGAACTTTGCCCTCGCGCGCGCGAAGGAGCTAAGTCTTTATTTTCCCTGGGTCAACCTTAACTCGATGAGGGATGACTTAAGGATGATGGCACCAAATGCAGTAGCAGCAAGGGAGGGCGCTATGAAGCAATATCGGAATTGTTGGCATATTATGATTATTGCCGCAAGTATAATAAGGAGAGAATGAAGCTCTGACTCCCAGTGGAAACAGCGCAGATTCTCGAATGTAACAGTAGCTCTTTGGGACGCTTAGAGAGAAGAGATAATAGTTTTATGGATGCGTCTGGAGATCACGACCAGAAACAGGGTGAAGGCGATCATCAAAGTGGACAGCGAGTTGATGGTGGTGATCGTTCCCCTGCGGATGGTTCCTTCCACATAGATGGGCAGGGTGTTGAAGCCCCGTCCGGAGGTGAAGAAGGTGATGATGAAATCGTCGATGGAGAGGGTGAAGGCAAGCAGAGCCGCGGCGATAATCCCGGGCAGCATCAGAGGCAGTTTGATCTTAAAAAAGATGGTGGCAGGCTTGGCCCCCAAGTCCATGGCGGCTTCCACCAGGGAATAGTCGAAGCCCTCCAGGCGTGCCTGGATCACGATAATGGTGTAGGACACGCAGAAAGTGATATGGGCGATCAGCACGGTGAACATGCCGGTGTTGACCCGGGTGAAGTTAAAGAGCAGAGCCAGGGACACGCCCATCAGGATGTCGGGAATTACCAGCGGCACGTAGATGAGGGCAAGCAGATGGTTTCTGCCTTTGAAGTGTTTGTTCTCCAGTCCCAGCGCCGTGAGCACCCCGATCAGGGTGGATATGAGGGTGGACAGCCCGGCGATCAGCATGGTGTTCTTGAAAGCTTCGATGATGTTGTCGTTTTGCAGCAGTTGCTGGTAATACTTGAGGGTGAAGCCTTTCCAGGTGGTGATTATTTTCGCGTCGTTGAAACTGAAGATAACCAGGATCGCGATGGGGATGTAGAGAAAGACTATCACCAAGGTGAACAGGGTGAGGTTCATCCCTTTGTAAAACCTGGTGATGCGCGACATACTTAGCATTACACATTCCTCTTTGCCAGTGTTCGCTTGCGGTAAATGGCATACATCGCTATTAGCATAATTGCCACCAGCAACAGCAGGACGAAGGACATCGCTGAAGCCATGGGCCAGTTGCGGGGGATGTTTTTGATCTTATAGGTAATTACCTGGCCAACATACAGGGAGCGCTGATTGCCCACCAGTTGCGGGATCAGATACGCGCCCAGGGTTGGAATGAAAACCAGCAGTGAGCCTGCGAAGATACCTTCTGCCGCCAAAGGCAAAGTGATGCGGAAGAAGGCCTTGACCTCGTTAGCTCCCAGATCCATGGCGGCTTGCAGCAGGGTGAAATCCATCTTTTCCAGGGCGCTGTAAAGCGGTAGTATCATGTAGGGCAGATAGACATAGACCATCACCAGCAATACGGTGAAATCCGTTCGCATCAGCTCCAGTGGAGTGCTGATCAGGCCCAGGCGCAGCAGGATTGTGTTGAGCACGCCATTGTATGACAAAAAGATCCGCCATGAAAAGATGCGGATGATCAGGTTGGTCCAAAAGGGGATGATAATCAGGATCAGCAGCATATTGCGCATTTTTTCGCTTGCCCGGGCGATGTAGTAGGCCACCGGGAAAGCCAGGATCAGGCAGGCAAAGGTGGTGATAAAAGCCAGGCGGAAAGCGAGATAAAAGGGGCGCAGATAGATGCCGCTGAAGAGTTGTCGATAGGCACTGAGGGAAAACTTGAAACTGACATCGTAGATATCGGTGGAAAGAAAGCTGTAGATAAACACTATCAGATAGGGAACCAGGAAAAAGACAAGCAGCCAGATCAGGGCGGGCGCGGTGAGAAGATAGCTGGCGAGGTCGCGCCTGCGGGAGGCTTTGGTCTGTGAGCAATTTACCTGCTTGAAAGCTTCGAGATTCATACTTCTGCCGGAATTCCTTTTCTGGATGCGCGTTGCGGCAGGCTGCGGGGCTCGACACTGGCTTCAACTCCGTCGGGCACTTCGTTGATCAGCCAGGAATCAGTATCGTGCCAGAATAGCCACACTTCCTCATCCCAATCCAAAGCTTTTTCATCAAAATAGACCCGTTTATGCTGGCTGAAGACGCGGAACTTCAAATCTCCAACCTTTACGATGTATTGGGTGTGAGTGCCAACGTAGAGGATGTCTTCGATGGTGCCCCTCAGGATGTTGAAATCGTCCTGATTGCGGGGTTTGGAACGGGTGATGGCGATCTTTTCCGGCCTTAGCGAGACAGTCAGTTTACTTCCCAGGGTGGGGGGGAAGTGGAAAGTGCTGTCGATCTCGAAAAACTCTCCATTACCCCTGTGGCAGCGAAGTTGGACATATTCGTCCTCGATGCCGGTCACTTCTCCCGTGATCAGATTCGTTTCACCAATGAAATACGCGGAGAATATCGAAGTCGGTCTTTCATAGATGTCGTCCGGCAGACCGGATTGGATAATGCTGCCTCTCTGCATCACCGCCATGCGGTCTGAAATGCTCATGGCTTCGCTTTGGTCGTGGGTAACATAGATGAAAGTGATTCCCACCGCGTCATGGATGTTCATCAGTTCGATCAGCATGTGCTGGCGCAATTTGAGATCAAGGGCTGCAAGCGGTTCATCCAGCAGCAGGAGCTTGGGCTCGTTGATCAGGGCGCGGGCGATCGCGATGCGCTGCTTTTGCCCGCCGCTCAACTGGGAAGGATACTTGGCAGCCTGATCCTCCATCTTGACGAGGGTAAGCATCTTTCGCACCCGGTCTCTGATCTCGGTTTTGGGCACCTTCCTGACGTGCAGTCCGAAAGCCACATTGTCGAAGACGTTCATGTGGGGGAACAGCGAGTAGTTTTGAAAGATCGTGTTTACCGGACGCTTGTAAGGGGGCAGATCTGTGATATCCTGCCCGCCCAGATAAATGCGTCCCGTGCGAGGGATTTCAAATCCGGCAATCATGCGCAGAAGCGTGGTTTTACCACAGCCGCTGGGACCCAGGAAGGAATAAAGCTCCCCGGGTTGAATGGTGAGACTAACATTATCGACAGCCAGAAAGCCGTCATAATCCTTGCTCAGGTTTTCTATGCGAAGTTCGTCCAAGCTTCCGTAATACTCCTATTTTACTCTTAGCAACTTTCCTGTGGCCAAGGGCTTTCCTCGTGAGCTAAGTCTCAGCAAATAAACTCCGCTGGAGCACTGGTTGCCACGCAAGTCGACACCGTCCCAATAATAATGGTTGTCACCTTTCGTCAAGCACTTATTATCAAAGGTCAGTAGCAGTTGCCCCTTGATGTTGTAGATGGATAGTTCGCAGTCTGGCACTGGATGCTTTGTGCCGATTTTTATCTCAGTCTGTT
AP029619.1_gap14	801274	805985	4711	CCGTAGGCAGATCAACATGTCCCGGCAAGAATCCCGGGATCATGACCAGTATCAGGACTGTTAGCAGATAAAAGCTGTGCTTGGCACTGAGCATATATATTCTCCATTACGAACCAAAGTTGGACGATATGTTCATACAATTTTTAAGCCAAAAGAGAAAAAAAGCCTTCATACCCGTAAGCGGAGTCGGAACTTGCAGCGTATTTGCCCTCGCGCGCGCGAGGCAGCTAAGTCTTTTTTTTCCGTGGGTCATCCTTAACCCGGTGAGGGATGACCTAAGGATGATGGCTCCAAAGCCAGTAGCAGCAAGGGCGGGCGCTATGAAGGAATATCGGAAAGGTAGTCAATTTATTCTAATCTGCGCAAGTATGTCGAGTGTGTTTTTTATCTGATTCAGGGCTGGAATAACCAGGTTTTCCATCATCCGATCATAACTGTGTCCTGTTTTCAACATACGATCTAAAATCGCATAGTTTGGAACAGACCAGTTATCTGCTATTTACAATCTGCTTTGTTTGCAAGAAAGAAAAAGATACAGTTCTGACCTCATACACTGAAAAAGCTTTCCCAGTACGGGCACACAGGTGTTGAGCAGCCTTGATGCTTTGATTGAACCAAGCTGTTCCGGATATGGTAAAAAGAAGCTATATCATTTCAGTGAAGCATCTGAATTTGCCTCCAAAAAGTCATGAAACCAGATATTTGGAGATATTGCTTGACAAAAAGATTCAGCTCCATATTGGATTAATGAAAGAGGTTTTTTTATGAGTACCAAACGACACATGATAGTTAAAGAGCTTGATCCTGAAAGTGTTACAGGATATTCTGAAAACGAGAAGAAGCATTATGTGAGTTTGGGTTATAGGCCATATCTGTTGGAAGATGGAACGATCAAATGGTTGACCGCGGCTCAGAGAGCCTACAGGGAAATGCGCTACGCTCCCCGCAGGTCACTTAAAAGATTATTTAACAAGAATACTCGACCTAAAAACGTCAGGTATAAGAAAAGACGTGGAAGGAGCGTGAAAAACTTCTTTCGGGAACACTGGCTCTTTTTGCTTTTACTGGTAAGTACAGCGTTAGTTATATTTCTAATCTTTAAGTTTTGGATCTAATACGGTAATCTGAGGAGATTGAATTGCGAATTTTATTGACCAATGACGACGGTATTCACGCCCCCGGGATTCGTACCTTGGCGGAACATTTGAGCAAGGCTGGCCACAAGATAGTGATTGTGGCGCCGGATCGCGAGCGCAGCGCCGCTTCGCACTCGATCACATTGCGCAGAGACCTGCGTGTGACCAAACTGAACGAGCGGGAATACAGCGTGGACGGAACCCCTGTGGACTGCTCGGTTATAGCTCTGCAAAAGGTCATCAGCGAACCAGTTGATCTTGTCATTTCGGGCATCAATGCTGGCCAGAACATGGGGGAGGACGTCCTATATTCCGGAACTGTGGGAGCCGCTGTGGAGGCTTGCTTTCTGGGATTCAAGGCAATAGCTGTCTCGATAACATCTTACAAAGACCAGATCTTCGAAACCGCGGCAGCCTGGATGGTCAAAATGCTGGACATGGGCATCTGCGATCTGATCCCGGAACGAGGTATTTTAAACATCAATATACCCAATATACATTCTGACGCGATCAAGGGCGTAAGATTAACCAGCACCGGACATCGCAAATACTATAATTTTATCAAAGTAGTGGATGAACTGGAGGATGGTTTCACCTACCGGGTAGGCGGCGATGCACCCGTCTGGGAAACCCTGAAAGGATCGGATTCGGAAGCCGTCTCGGAACATTACATATCCCTTACGCCGCTGGGTTTCAATCTCACCAGAGCGGATTCTTTTCCCGCCATCTTGGAATGGTTGGAAGAAAATGGCTTGCTGCAACTAAGGAAAGTTCATGCGCTTTGAAGATCAACGCAAGCTGCTGGTGCAGGAGCTGAGACAGCAAGGTATCAGGGATGAAGCTGTCCTGGCGGCCTTCAGCAAGGTTCCCCGAGAACTATATGTGCCGCCTCAGTACAAAGATTATGCCTATCGCAACCGGCCTCTTCCCATCGGATTGGAACAGACCATCTCCCAACCCCTGATGGTTGCTATCATGCTGGAACACTTGGAGCTGAAGCCGGAGGATTTGGTGCTGGAAATTGGCACTGGCTCCGGTTACGAGTGCGCGTTACTTGCTGAGATAGCGGGAGAAGTTTGCAGCGTGGAGAGGTTGGAGGAACTGTCTTTAACAGCCCAGGGAGTATTGAAAGAGGCTGGTTATAAAAATATTTATTTTCGCATCGGCGATGGGGCGCAAGGCTGGCTCAAGGCATATCCGCCTCATAAGGAGTTTGACAAGATAATAGTCAGCGCCGGAGCCAGGCAGATTCCCCCGCGCTTGCAGGAGCAGCTGAAACCGGGCGGGATTTTGGTTGTGCCGGTGGGGGCGGGTGATTATCAGATCCTCACCAAGGTGATACGCACTGAAAATGGGTATACCATTTCCGAGCATGGCGCCTGCGCTTTTGTGCCCTTGATCAGTAAGTAACAGGGAGATCAGATGGTAAAAAACTATCTCAAGTGGCTTTGGAAGGTAATCAGAAAACCTAATGAACACCAGGCCTTGAAAAAGTACATGCTTTTCCGGGAACTCAACCCCTTTGAGCTGAGCCTGGTCAATGCCTGTTTACACAACCGTGAATACAGGGCTGGCGAGGTTCTCTTCGAGGAGGGACATCCTCTGGAAGTGCTGTTTTTCATCGTTTCCGGGGAGATGCAGGTGACAGGCAAGCTGAACCCACAAGGATCTGCTGTTCTAAAAAAACACCAGTTTATCGGGGTTATAGACCTGTTTGGGGACAACAAACGCAGCGGCAGCGCCACCGCGCTTACTGACCTTAGCGTCCTGGCCCTCACAGAAAGCGATTTTCAAGATCTGATCAGCAAGAATAAGCGTTTGGGAAACAAGTTGCTGAAAGCCTGCTGCAAATTTCTTGCCAGTTACCTGCAGGATATGGGTTCCGGATACTAATCATGAACTGGACGAAGATCGTCTTTATTGCAATAATCCTGGCCATGGTCGTGCTGGGTGTTATTTTCTACCGTCCCGTGTTCAGTTATCTGATCGTTTCGATTGTGGTTTCATATATCTTGGATCCTCTGGTAACGAGTTTGGAATACCGCAGGGTTCCGCGCTGGCTATCAGTGTTGATGGTATATGCGGTTATTGCTGGAGTATTGGCGCTTTTCACAACCAGAATGGTTCCCATGCTGATTAACCAGGGGAATAACTTAATGGCGCTCTTTCAATATTCCGATAAACCTGTCAGCGAGCAGGTCCTGGCCTTGCCTTTCGTAAGCTCGGTCTTCGAGTTTTTGCAGAACATCGACAAGCAGGTTCCCAGTTTGGGGTTTTCCGCCAAATTTGTGCACCTGATCGAGACCGGCAACCAGCTTCTGGGCGAACTGCCAAAACTACTGGTGGACAATTACCAGACCATCCTGAGCATGATATCCTTTGTGGTCACAGTGCCCGTATTCAGCTTTTTCATGTTAAAGGACAAGCAGGCGTTACGCAAAGGCATGCTTTCTTTGGTGCCCAACCGCTTTTTTGAACTGGCTGTGATCCTGCAAGACAAGATCGATGAAACCGTGGGCAGATTCTTGCGTGCCATGTTGCTGGAGGTGATCGCGGTAAGCATCATGACATCGGTGGCGCTCACCATCGCGGGAGTGCCATACGCGGTGCTGATAGGCATTACTGCCGGTGTGGCCAACATCATACCCTACATTGGACCCTGGATGGGTGCTGCTTTGGCTGTGCTAACCGTGCTGATCACCGGCAAGCCATTGTCCATGATGATCTATGCGGCTCTGGCCATGTATCTGGTGCAAGTATTGGACAACAACTTTGTTTACCCGGTAGTGGTGGGCAAGACTATCAGGATGCACCCCCTGATCGTGCTGGTAACCGTATTGGCTGGAGGCTGGTTCGGCGGCATCATCTGGATGCTGTTCTCCGTGCCCTTGGTATATATTGTTTACAGCCTGGTACGCGAGCTATACATTAACTTAAAACAGTTTCGATTAATATAGAAGAGGTATAAATGAGCCTATTTGATAAATGCTATCACTATGATGAGGCAAAGAAAGCCATAGCAATGGGTTATTATCCCTATTTCCGCGTGATAAGTTCCGAGCAAGACACCGAAGTGATCTGCAATGGTAAGAAGATGCTGATGATGGGTTCCAACAGCTATCTGGGGCTCACCAGTCATCCCAGGGTGAAGGAGGCATCCATCAAAGCAGTGGAGAAGTATGGCAGCGGGTGCGCTGGTTCAAGGTTTCTGAACGGGACACTGGATATCCACATCGAGTTGGAAGCCGCTCTGGCCGAGTTGGTTGGTAAAGAAGCGGCTTTGGCATATCCCACGGGATATCAGGCCAATGTGGGCTGCATCTCCACCATGGTCGCAAAAGATGAATACATGCTTATAGACAAGTATGACCACGCTTCCATCATCGACGGCTGTTTGCTATCACAGGGAAAAATGCTGCGCTATAACCATAACGACATGAAGTCCCTCGAAAGGTTGCTGCAGAGGGTCCAGGGCAGCAACAGCCTCATCATTGTGGATGGCATTTATTCTATGGAAGGCGATATCGCCGATCTGCCCAATATTTTGTCCCTGGCCAAGCAATACGGTGCCAACC
AP029619.1_gap15	808819	813583	4764	TTTTCAGCTTGACGTCAATGAGCCATCAGTAAAAGATCTACGTATGAGGGTGCAAGAGGATAGTTTGGATTCCAGCCTTCGCATAAGAAAAAGGGATGTCCAGCGGGACATCCCTGATATAGATTGGGTCTGCCAAAACGGCAGTCCGGGAGTTTACTTGAGCATCAGCATTTTTTTCGAGCTGGTAGCTCCGTTCAGTTCCAGCTTGTAGAGATAGATGCCGGAAGCCGTGGCGTTGCCGTGGTCATCCCTGCCATCCCAGGCAAGGCTGTGTTTTCCACCGCTCACTTCCGAATTGAGGAGGCTGCGGACCAGCTGGCCTTTGAGGTTGTAGATCGCCAGGCGCGCGTGGCCGGGGTCTTTAGCTGTGAAGGAGATCGTGGTGCTGGGATTGAAGGGGTTGGGATAGTTCTGCTCCAGCGCGAAAGGAACTGAAAGCAGTGGCTCGTCGTTGGCGAGATAGTTGTCAGGCGGAGTGGTCGTGAACTTTATGGCCAGGCCTGGCTGGAGGATGGCGGCTGTGGCGGGATAGGTGTTTCCATGGGTGTATTGCAGCCCTATGAGCTGGGTTTCATCCTCGATGCCCACGGTGCAATAGTTGGTGGTGGTGCCGGGGTTGTCCACAGTGTGGTATTGGATGACGATATCCCCATCCTGCCCCTGGCGGGGGTAGAGGATGATCTGGAATTTTTCCAGGGAGGCGTTTTCCATCATGTCGATGGTGTATTGGTTGTAGGCGTCGTTCCATTGCACGATGTAGCGGTTGTTGGCTACGTCGTGCCAATAGATGACGCGCATGTCGTTGAAGCTATTCACACCGGTCTTCATGCCTTTGAGGTCGTCCCAATAACCAGCGATCATGGCATAGGGTCCCAAGGCGGCGGGGATATAGTGGTTGTAAAAATCGACCATATCCGTGGGCAGGAGCGAGATCCAGCCGTTGGAGCACATGGTCAGGTGGTTGTAATCCTCTCCGTAAAAACGGAAGGTGAAAGGCAGGTCCACTGTCTTGGAACCGTCATCCATCACAAGAAAGACCGAGCCCTGACCGCCCAGGAGGGGATCGGTCTCCACCCATTGATAGGTGGGAGTAGCTTCAAAACCAAGGTCGGTGCTATCGTAAGCGTAATAGCCATAGGCGTCTGGGCCGGTGGGGGAGGTGGTGGTGGCGGTCCCAGCTGTCAGGCTGTGGAGCAAAAGGGTCTCATATCCTCTGTCGCTGATGATCAGCTTGAGGGGCAGATGCCTGCCATTCCAGGCTTGCGCGCCCACGGTGATCTGGGTTTCAAAAGAGACTGACTGATGAACGCCGATATGACCCAGAGATATAGGAGTGTCGGGGAAAGTGGCTGCCGTGGTGAGCGAGACCACCTGCACCGAAGCGTCCTCCATTCCCGTGAGGCCGATATTGAAGATGTTGAAGGTCACAGAAGAAGTGGCGCCGATCGGGCAATTGTCAGAGGTATTCAAGATCATGAATCTGGCTCCGCCACCCCACATCTGGAAGCTATGCGTGAAGGCGGGTGCCTCGCTGTGGAGGGTGAAAGTGACAGCTTGGCGGGGTTGCAGGGTGGGTAGGCCGGTGATGGAAAAAGTGAGGTTGTGGGTTCCCTCCGCGGGAATAGTGAAGCTGCTGTGTCCGTAGTCCACGCTGGCGCCCGCGTCGGCCGTGATGGCAAGGCTGGAGAGGGTCAGAGGCGCCTCGCTGTAGTTTTTGAGGGTCAGATGCGCGGTGGCGGTTTGGTTGGGATTCAGAATCGTTCCATCCAGATCGTTGGCAATGATGCCGATCCCCACGGGTTCGCTGGGAGTTAGAGTGCGCACCAGGGGAACGAAGTTGGGCTGGGAAACCGTGATCTTCAGATCTCCGCTCGCTTCGGGGTCGATGGGCAGGATGGCTAATCCGTTTTGGACCTTGGCGTGGGTGAAATCCACCCCGTTCTTGGTTCCGGTGACCATCGCTCCTTCATTGGCGGGGGCGTTGATCCGGATGTGGGAATCGCTCTGGGCATAGCTGAGGCCGCCCTCGATCACGCTTTCGGGGATGGTGTCGGGCACCAGTACCCACATGTTGAGGCTGGGATCGGAAAGCAGGTTGTAAACGTGGAAATAGAAGGGGACATATTGGTCGGGGGCGATGTCGTTGGGGAAGTTTTTATAGAGCTCCATCTTGCCCGCCAACACGGAAGCGCCAAAGCCGCGCACCCCTCCATCCAGGATACTGCGGAAGGCTCCGCTGGAGATGGAGTTGTTCAGGCGCGTCTTGGTGTGCAGATCGGAGGGGCCCACGAAGGCCACGGCTCCGTTGGGAGAGACCATGGTTCCCATTCGCATCCACTTTTCGCCAAAGCAGGGATTGACATGCGGGTTCGCAAAGTCGCCGGTATTGCAGACGATGGAAAACACGATGGGCATCCGCGGCCCGCTGAAGGTGGCGTCCAGATTCGACGCATAAAAGGAGGGGTAGTGCCAGCCGTTGGCATCGCCCCAACCGCGGTAGCTGACGAATTGGACACCTTGGTTGATGGACGATTGGATCAATGTGGTTCCCGGATAGGTGGGGGGATAGAAAACCGTGTCCACCTGCGCGTAGCCGTGGTTGAGCATCTTTTCCCGCAACCAGCGCGACATATGGATCGGGGTGGTGGGGCGCAAGCCGCCTTCCGCGTAGTTGCCCGCCACAGCCAGGCTTCTGGTCATCCAGCCGGTGTCGCCCATGTAAGGCGATCTTTCGTAGATGATGGTCTTGTTCGCCATGCTCATATACTCGGAGACATCGTTGAACGAGAACCTTCCCACCAGCATCTCGGGGAAATAGTCATCGCCGGTGATGAGGGTGTACTGGTAGTCGTCGGCGTCGTTTTCCTGATACTCCGGCGAGGGGTAAAAGGCCGTGGGAATCGAGAAGGAGCCGGTGACGTCGCCCAGCAGGAGCAGGTAGTCGCAACGGTGGTTCAGGTAATGGTTGCGGATGAAGTTTTTGTAGTCATCCAAAGTTGAACCGATCTCGGATTTGTTGGCGACAAAGACGTCGAAGCCCAAGGATTTCTTCCACTCCACAAAGCTGGCCAGATAGTCGCTCAGAGAGTTATGGGAAAGGATCAGCATCTTGGGGCGGGCGGTGGGCAGGTCGCGCAGGTAGGAGCTTTCATAGTTGTCCGCCAGGGTCTTGTAGGCATCGACAAAGGCGGGGGAGACGGAGGTGGGCAGTTCGATCGGATCGCTGCCGGTGAGGGTGAAATCGGCCTCCGTGAGAGTGAGGATACGATCCTGAACCTCGATCTGGGAGCGGATCAGCACGGTGAAGCCTCTCATCTCGCGGAAAGTGAAGCTGTTGCCCAGGCTCAGGGCTTCCGAGTTTCTGTTTTGCTCTTCGTAGAGAAAGTTGCCTTGTTGGTCAAAAACGTTCCAGCGCAGGGATTGCACCGTCAGTTGGGCGTTCTGGAACGGCAGGGCAAAGGTTCGGGAAATCGTTCCGGTATCCGGAAATTCATCGTCCGGATCGGCAGACACTGTCATTGGCGCCTGCCTGATGTTGGCCAGGCTCGCGCTCACTCCAGCCGCGTTCGTCAGGTATCTTTCATTTATAGCCGCGCCTAAGAAGCTTAGGGACAGCAAGATAATCGTTATTATGAGATATCTCATTGTATATCCTCCCATGAATCTGGATAACTCTATGCAAGAAGTATTCCGCAACGGGATAAATTTAGGGCATGTTTTTCCGTGTTTTGGAGTATAAATTGCATAAAACTTCTGTCCATATGAAGAAAGGAATTGAAATGCGGAAATTCTTATATACTGGATTGGTTGTACTGGCAGCCTTGCTGGCTTTCTCCTGTGGAACCACGGAGTTTACCAATCCGAATACTCCCAATGTAAATCCGGACGCGAATCTGTTGTTTGGTTCGGATGACAGTTTTGACGTTGTGACTTGGAACCTGAGGACCTTCCCGCTGGCAGACCCCGCTACCAGCGAACTGCTGGCGCTGATTATACCCAAGCTGAAGGTGGATGTCATCGCCTGCCAGGAGATCATGAGCTACGGCGATTTTATCGAGCTGGCGGAGATGATTCCCCATTTCGAGGCCCGCGTGTCCAATGTGAGCAACAGCTATCTGCTTGCCTACCTTTACGATACCAGGACAGTGCAAGTCAACTCCGACTATGCCATCTTCCTAAACGATTCAAACCCCTTTCCCCGCCCGCCCCATGTGATGGACCTGAACTTCAATGGCCACAACGTCTTTCTGATCAACAACCATCTCAAGGCTTTCGGCGACAACTATATCGACGAGGACGACCCCTGGGATGAGGAGTATCGCCGCCGCACCGCCTGCCGGAAGCTGGATCAGTATATAGTCTCAAACCTGGGGGATGAAAAAGTGATAGTCCTGGGCGACATGAACGACCAGATAGCCGAGCCAGCGGAGTATAACGTGTTTTTGAGCTTCCTGGACAAGCCGCAGGAATATCTTTTTACCGATATGCACATCGCGCTGAATCCCAACTACTCCAATGTGTCCTATCCGCCCATGGTGTCTCATATCGACCACATCCTCATCTCCAACGAACTCTTTCCCGCCTGGCAAAGCGCGGGAAGCAGCTGCCGGGTGATTAAGGTGGAGGACTGGCTTGGCAACTGGGCCAGCTATTCAAACCAGATCTCGGACCATCGGCCCTTGGGCTTGAGGATACCACTGGACTAAGGGATTCCCAAAGGATGGTTCACGCAGATATACGCGGATAAAAGGCGCAGATTGGCGC
AP029619.1_gap16	824383	827970	3587	ATGAGCACCGCAGATTCGGGCAGCAGGATAGTTCTCAAGGCCATGGACGAATACCACGAGGCTTTTGAGAAAGAATCCGTCATCTGCAATTTCAGCGGTCTGGAAGCGACCAGGGTGCTTGAATATAAAGTGGGGGACACTGTTTCGCTGATCGGAATAGTGCAATCCACCGGTGGAAAACACGATGACATCGTTTTTGAGAACTGCTCCATAGATATGCCGTAAACATTTGAACCAAAAAAGAAAGCGCCCCCGGAAGCCTGAGGGCGCCTTTCTTTACATAAATATATTTTTAGCTTTTAGCAGCCTGCTGTTTGGCCCAGCTATCCTTCAAAGTCACTATCCTGTTGAACACCAGGGCATCCGGGCCGCTGTCCGGATCCACGGAGAAATATCCCTGGCGCATGAACTGATAGCGCTCCCCAGCTTTCGCGTCCCTCAATGAGGGTTCAAGCCTGCAAACGCGATTGACGACCAGTGAATCTGGATTCAGGTAGTCTGTGTAGTCCTTTCCCTCTTCCATATCATTGAAGTTGGCGATGGTGAAGAGCTGGTCATAAAGCCGCAACTCAGCCGGGATGGAGTGTTCAGCGCTAACCCAGTGGATGGTGCCCCTGACCTTGCGTCCATCGGCTGTTCCCCCTCCCCGGGATAGAGGATCATAGGTGCAGATCAGTTCGCTGATCCTGCCCTGGGCATCCCTGACCACTTCCTTGCAGGTGACGTAATAGGCATGCTTGAGGCGAACCTCCTTGCCGGGGGACATGCGAAACCAGCCCTTGGGCGGGTTCTCCGAGAAATCATCCCGTTCGATGTAGAGATTGCGGGAAAAAGGAATCGGCCTCACTCCGGCGGAAGGGTCTTCCGGATTGTTGTCGGCCTCCAGTTCCTCCACTTTGCCTTCCGGGTAGTTCTCGATGGTAAGCTTGACCGGATCGAGCACAGCCATCACCCTGTTCGCGTGTTTGTTGAGGTCTTCCCTCACGCAAAACTGGAGCAGCTCAAAATCCACGACCGAGTTGGCTTTGGCGACGCCGATGCGGTCGGCAAACTCCCTGATGGCTTCGGGTGAAAAACCACGTCTCCTCATTCCCGCCAGGGTGGGCATGCGGGGATCGTCCCAGCCGTTAACAACCTTGTTTTGCACCAATTCCAGCAGACGCCTCTTGCTCATCATGGTGTGGGAGAGGTTTAGGCGGGCAAATTCGATCTGTTGGGGATGGCAGGGGACGGGCAACTGGTCGAGAAACCAGTCGTAGAGCGGCCGGTGGTCTTCAAACTCCAGAGTGCAGATCGAGTGCGTGATCCCTTCCAGGGCGTCAGAAATGCAGTGCGTGTAGTCATACATGGGGTAGATGAGCCACTTGTTTCCGGTGCGGTGGTGTTCTGCCTTCTTGATGCGGTAGATGACGGGATCCCGCATATTCAGATTGGGCGAGGCCATGTCGATCTTTGCCCGCAGCGATTTGGCGCCTTCTTCAAACTCGCCATCCCGCATACGCCGGAACAGATCGAGGTTCTCCTCGACGCTCCGGTTCCGGTAGGGGCTGTCTTTGCCTGGAACAGTGAGGGTTCCGCGGTGTTGGCGAATTTCCTCCTGGCAGAGGTCGCAGACATAGGCTTTGCCTTCTTTGATCAGAATCTCGGCATATTCGTACAACTGGTCGAAGTAATCAGAGGCGTAAAAAAGCTTGTCCTGCCAGTCAAACCCCAGCCAGCGCACATCTTCCATGATAGAATCCACATACTCCACATCTTCCTTGATGGGATTGGTGTCGTCAAAACGCAGGTGGCAGATTCCGCCGTAATCCCTCGCCAGGCCGAAATTCAGGCAGATGGACTTGGCGTGCCCGATATGCAGATAGCCATTGGGCTCGGGAGGAAACCGGGTCTTGATGCTTTTATGCTTTCCGGATTCCAAATCACGCTCTATGATGGTCCGTATAAAATTGGAAACCGGGGTTTTGTCTGTGGTAGGATTTTCCATGCATACCTCGATCTTGCTTTGTGTTGCCAACTTTAGGGATGGGCTTTATCAAGTCAAGACATATCGTTTGGAACAGAAATGAAAAGACCCCGGAAGCTCCGGGGCCTTGGTGAATATTGCGGCAGGCAGATTATTTCATCAGAACTATTCTGCCTTGATGTTGGAAATCGGGGCTGTTGAGTTGATAGTAGTAAACGCCGCTGTCAACTTTGTTACCAGACGAATTGGTGCCATCCCAGTTCAAGCTGGCTTCTCCGTTTTGGTCGGTTGAGCCGGTCATGCTCCTGACCAGTTGGCCCTTGATGTTGTAGATGTAGATGTTCACTTGTCTGTTCGCCTTGCCGCGCAGCGCAAATGAAGTGCTGGAACGGAAAGGATTTGGATACACATTGAGTGAATTGCCGGCTGGAATGACATCATCCTCGTTGGACAAGATGTTGATGCTGACTATGTTGGATGGGTCGGAGAGCATCATCGGATCGTTGAAGAGTGAGCAGACCCAATACTCATTGATTCCTTGGGGCACATAGGTGTCGGTGAAGGTCAGGGTGTTGGGGTTGGTAATAGTGGAAATTGACAGTCCGTTGCGGAATAGCCTGTAACCCACAAAACCTCTGCCACCGTAGTATTGGGGTGGTTCCCAAGTGAGCACCACGGTGTCCGGGAGATTGAGGGTGCCGGTCAGATTCTGGGGCGCGGGCAGATCGATTATCGTGGGTGTGGGATCACTGGAAACAGGTGTTCCCGGCATATCGTGTTCATCAACCGGGGTAACTTCAAAGACCAGTTCATGGTCGATATCTGCTTCCACTGGGGTATAGTTGATTTCATTGGCTCCATTGATCAGAACCGGTGAGGAATTTACGATCCTGTACCATTTATAGATCGAGCTTCCCTCGGTGTCGCTATCCGCATCGGTGAACACATATTCCCCCGTCAATTGCTGATGAATGACTGGATGCCCGGAAACAACAACGCCCGTGGCTACCGGCGCTTCGTTGGTGAAGCCCGTTCCTGTCAAGGGAATGGTGATATTGGGATGGTTGTAAAGGTTGCTGGTGATCAACAGGTTGCCATTGTATGTTTGAGGGGCAGTGGGAGAGAAGGTCACATTCGCCGTGATGGTCTGGGCTGCGGGAATGTTGAAATTGCTCACGTCGCAGCTGAAAACCGGATTGGAGATAGTGATCGTACCGCTTGCGGGGGTGGATGAGAAATTGGTGATCGTGATTGGGATTGTGTTGGTACCGTTCACTGAGACGTCGGGGAAATCAATGGTCTGGTGCGAAACAGGATATGCTCCCACCAGCGATGCAAGTGAATATTTGACCCCTTGCAGAATCTCTTTCGAAGTCATGTTCTGCAGGAAAAACACGATTTCGCAGTTGCCAATATTCCAAGAAGCATCGGGAGTGAAGGTCAGATTGACAGTGGTTGTTTCGCCAGTGGCCAGATTAATGGCGGTGCCGTTTTGGTTCGGTACCATCAGCCGGTTGACATTATCCACCGTGGTTTGGTTGAACCAGGTATAAGGAATGTTGGACTCGGTGAGTACAGCGTGCAGCTTGACGTTGGTGTTGGTATCCGCTTCAGGCTTGGA
AP029619.1_gap17	844413	845855	1442	CCTCTCGCCTGGCGCAGGGAAGATCCCGTTTCTTCCATAAGGGAGAAGATGTGTCCTACATGCCCGTGGGCAACAGTTTTGGGCTTGATAATCAGCAGGATCTGGCCGATCATCGGGCTTTATAAACTGTCTCGATATAATCCAGGGCTGCCACCTTGATGGCAATATCCCGGTTGAGGGCTTTGCTGGTGACGATCTTGTGGTTGAGGATCTCGGTCCAGACTTCAAACATCTCGCTGGGTTTGAACTCGATGGAAGTGTATTGTTTGAGCATATCCTGATAGAACTCATCCCGGTCGGAGTCCACTCTGGCAATGACCAGTTTGAGGCTGTCCTGGCACACATCGTAATCCTTGTAGCGGACATCCACCACGGCATAGCCCAGTTTGAGCAGGTTTTCAAAATTGATTTGCAGGTCTTCAGACATTTTATCGCTCCACAGTTTATTTTCTCGACAAAAACGAGCTTCTCATTTATCTGTGTCCAAGCTTTGGCGACAAAGATAAAAGTCAAGTTAAAACTGAAAAAAGACTCGTCTCAAATCCAACCAATCAAAGCTGGACGGCAGGAATGCCAAACAGACAAGAGCAGAGGTATCATGGGAATTTTCAAACTCCACTCCAATTATGAGCCCAGCGGCGACCAGCCGGAAGCCATAGCTTCCCTGGTGGCTGGGATCAGGGAAAATAAACGCTTTCAGGTGTTGCTGGGAGTAACCGGCAGCGGCAAGACCTTCACCATTGCCAACACCATTGCTCAGTTCGACCGTCCGGTGCTGGTGCTTTCCCACAACAAGACCCTGGCCGCGCAACTTTATGGTGAGCTCAAGCAACTCTTTCCGGAAAACGCGGTGGAGTACTTTATCTCATATTACGACTATTATCAGCCGGAATCTTACATTCCCGGCAAAGATATCTATATAGAGAAAGACGCGGATATCAACGATGAAATCGAAAAGCTGCGCCTGCGTGCCACCATGAGCCTGATGGAGCGGCGGGACGTGATCATCGTGGCATCCGTCTCCTGTATCTATGGGCTTGGCGTGCCCGAGGAATACCGGGAAGCGTTGATCAGGCTGGAAGTGGGTATGGAAATGGATCGCGACAGCCTGCTCCAAAAGCTTGTGACAGCCCATTACAGCCGCAATGACATTGCCTTTGAACGGGGAGCGTTCCGCGTGCGGGGTGACATTGTGGATATCTATCCCGCTTATCTGGAACATTGCCTGCGGGTGGAGTTTTTCGGCGACGAAATCGTGAGCCTGGAAAAGCTGCATCCCATCTCCTACCAGAGTCTGGGCAAGGTGGACAGCTATCCTGTGTATCCCGCCATCCACTTCATTATGAACGAAGACAAACTGCGCGGCGCACTGCAGAATATCGAGCGCGAGCTTGATGAGCGTGTGGCCTTCTTTTTGGAAAACCAGAAATATGTGGAAGCGG
AP029619.1_gap18	848364	851148	2784	TTAGATGGTTTCAAGCACAGTCTGGTGGAGCTTGATAATCCCATGCCTATCAGTGAGATAGTGCGCGCTACTGACATCTCCACCAAGACCGTATTGTCCTATAAAATCAATCATCGCCAATATGTCAATGACGAATATGTCCCAGCTCAGAATACCATGGTGGATTGCATCACTTACAAACATCCGGAAGGCAGCAGGATCTATCATGATTCTGTGATCTTTGTGATGGCCAAAGCGGCGTACAATATTCTGGGTGAGAACAACACTCTGGTGGTGGAACACTCGGTGGGCGACGGAGTGTTTTGCGAATTCTTTGGCGACCAGCTCTGGACCGCGGATGACTGCGCGCGCTTGTTGGAGGAAATGCAGCGCATTGTGGAAAACGATATTCCCATCGACAGGATAGAGGTGCGCACCGAGGAAGCCCTGGATATCTTTGGCTCCATGGGCCGTAAAGACCTGGTCAAGAACTTGAAATACAATTACCGGGACAGCGTGTCGATCTATCGCTGTGGCAAATACTACGATTCCTTTATACGTCCCCTGGCAGACCGCACCAGTATCGTGAATGAATTCGATGTGGTTTACCAAGACCCGGGCTTCATTCTTCGTTTTCCTTCCGGGCCGGATTTCAAAGTTGTAAGACCCTTTGTGTTGCCAAACAAGATATTCTCGCTACACCAGGAACATGATAAATGGCTTGATATCCTCAAGGTGCACAATATAATAGACATCAACAAACTGATCGACGACTATAATGTCTCGGAGTTCATCCTGACCGAGGAAGCTTTGCAGGAAAAGAAGATCGCGGAGATCGCGGCGGATATACATGCCAACAAAGATATCAAACTGATCCTGATCGCGGGACCTTCTTCCTCCGGCAAAACCACCTTTGCCAAACGCCTGTCCATTCAACTGCGCGCCAGCAAAGCCAAGCCTATTGTGATCGGGCTGGACGACTATTTCATCGACCGCGACAGAACAGTGCGCAAGCCGGATGGCAGCTACGATTTTGAGTCCATTCATGCCCTCGATTTGGATTATCTGAACCTGCAACTCACGCAACTACTCAACGGCGAGGAAGTGGTGTTGCCGCATTACGATTTCACCCGGGGCAAACGGCGTCCCAGCAATCAGGTGATCAAGCTCAATCCTGAGGACGTGATCGTGATGGAAGGCATCCATGGACTCAATGACATGCTCACGGCATCAGTACCTGCCAACCGCAAGGTCAAGATCTATATTAGTGCCCTGAACCAGCTCAACATTGATGACCACAACCGGATTCCCACCACCGATTGCAGGTTGATCCGCAGAATCGTCAGGGATCATCAGTACCGCGGCTACACGGCAATGGAGACCATCCAGCGCTGGCCTGATGTGCGTGATGGCGAGGAGAAGAATATCTTTCCCTATCAGGAAAACGCAGACTATATGTTCAACAGCAGTCTGACCTACGAACTGGGGGTGCTACGCAAGCACGCCTGGAAGCTACTGCTCTCTGTTCCGGCCAGCAGTTCAGCCTATACGGAAGCCCGGCGTCTGCTACGCCTGCTGGACCACGTGAATGACATCCCGGACGCGCTGGTGCCTTACAACTCGATTATCCGCGAGTTTACCAACGGTTCTATCTTCAGGTATTGATATGAAAGCGATCCATATTCTGGCCGATGACGTACGCAACAAAATAGCCGCAGGCGAGGTGATCGAAAGGCCGGCCTCGGTGGTGAAGGAACTGGTGGAAAACGCCATCGATGCAGGAGCCACGCAGATTGCGGTGGCTGTGGAAAACGGTGGCAAGGACCTTATCCAGGTGAGCGACAACGGAAGCGGCATGAGCCCGGACGATGCCCTGCTGGCATTTGAACGGCATGCCACCAGCAAGATCCGCACGGTGGACGATATAGTTCACATCGGTAGCCTGGGATTCAGGGGAGAGGCGCTGCCCAGCGTTGCCAGCGTAAGCAAGCTGAGCCTGATCACCCGCAGGGCTGAGGAACCGGTGGCCACTCAGGTGGATTACAGTTTTGGCCGCTTGGTGAATGTGGGGCAAACCTCTTCCAACATCGGCACCAACATCACCGTGAAGGGCCTGTTCAAAGACATTCCCGCCCGCCGCAAGTTCCTCCGCAGCGCTCAGACTGAGTTGCGCCATATCCTCAAATATATGCATTACCAGGCTGTGCTCTATCCCCAGATCAGTTTCAGGCTGTTAGTGGATGGCAAACCTCGGCTGTCCTTTGTGGCTTCTGAAAGCCGGCTGGCCAGGATGGGCGAGGTGTTTGGTTCGGCTTTCTTCTCGGACGACATCATCGAGATATCCGCCTCCAGCGATGGCTACACTCTATCAGGATATATCTTTGGGCTGGAAGACCGCAGCGATAAATTGATCGATATGCAATACACCTTCATCAACGGACGGTTCATCAACGACAAAACCCTCAGGCACAGCATCAAGGCAGCCTACGAGCCGTTCATCCTCAAAACGCGGGTTTGGGCCAGGGGCAGCACCCCGCCCTACATCCTGTTTCTGGAAGTGCCGCCGGAGCAGATCGACGTGAACGTGCATCCCGCCAAGCAGGAAGTGCGCTTCCGCGAACAACGGAAGGTGCACTCATTTACCCTGCTCACGCTCACAGACGCGCTCAAAAACTATGAGCACGAAAAGTTTGCCAGCGCGAGGGAGAAGTTCAACCTTGGCAGTGAAGTGCACAAGGCTACTCAGGTGGAGCAGAGCATCTACAAAAGCAGGGTGGACGTGCCCAGGTTTTCGGAGTACAAAAA
AP029619.1_gap19	855522	856105	583	TGCCTGAACTATACGCAGGTTGACCCCTGCCTCCAAGAGATGAGTGGCAAAGGAATGGCGGAAAGTGTGGGGTGTGATCTGCTGTTTGAGTCCGGCCTTTAGAGCCTGCTTTTGCAGTATCTTCCAAAACCCCATACGGGAGAGCTTTCCACCGCGGTTATTTAAAAAGACCAGGTCGCTGTTTTTAAACTTCAGGAGTTCCGGTCTGGTTTGTGTAAGATAGGCGCTCAGAAGCTGTTGCAACACATCCACGTAAGGCACAAATCTCTGTTTTGATCCCTTGCCCCGAACCAGGATTACCTGATCGGTGAAGTTGATGTCGTGTACGCTCAGGCCCAACAGCTCAGACACACGCAAACCGGTTCCATAAAGCAGTTCCAGCATCACTTTGTTTCTCCGCTCAAGGCACGTTTCGGTGGGAAGTCCATCCAGCAGTTTTAACATGGTGTCCACATCCAACACATCCGGTAGATACTTGCCCAGCTTGATCTTGGGGACTTTGTCGAAATCCAAGCCAGGAATCACCTCGTTATCCTGTAAAAAGCCAAAGAACTGCTTGAGAGCCACCCTTTTACGGGCCAGG
AP029619.1_gap20	892351	896112	3761	GCCATTTGCATCGATGTAGGCTTGTTGGGCAACAGGATCGGTGGGATACAGCCTGAGAGCTTCCTGACGCACCATTTCATTGTAACCGCCTGTGGTAAAGTCGCTGGAATAATACTTCGTCAAGTCAAAGAAGAACGACTCCGGATAGGAACCCGGCTGCAGGTTGGCATACTTCAAAGCGTAATCGTAAGATTCCCTGTCTTTGAGGTTCCTTTCGCTGCTTAAAAAGAACATCGAGCCTATCACACCTACCTCTGCTCCCAGCATAGCGTAGCCATAGCTTCTGTCGTTGCGCACCTGTCCCAAGCCTGGCAGAGCCAGAGATTGAACAATTGTCCAGCCCCGGCTGTCGGCCATGAGCGCGAAAGCAAGCAGCACGCATATTATAGTTAACGATATCTTTTTCATCTTTGCCTCAAAACTCGATCTGGTAATTTAGCATCAGGCCATCATCCCGGCTGGGAGTAAAATACAAGGCGGTTGTCCCCGACGGCTTGCGAGTGATGAATACAACATCGACAGCACTGATCAGCCGGTTAAGAAACACCGCGCCCAGGCTGGCATTTTGATAGAGCCTCATTTTCATGTATTTTGACCGGAGCTTGCGGAACTGATCCAGATGATACTCACTTTGCCAGTGCCAGGATTCGCTCTCGGAATATGTGTTGGCTGCCATATAAGTGTTATAGGCATCCAGATCGTAATTATATATCAAATAGTAGTTTCTGGCCATCATTTCCTGATACAGGTTAAAATCATCGCTGCTAAGATATTTTCTTACATGGCTATAATAGTGCTCATCATTGGTAACGGGCACCCCGGCATAAGCCTGTGCGTATAGTTTGTAAGATTCGTGCAGGTCATCCCGCTGTTGCCCCAAGGCCCAATAGGTTGTGAAGGCCAGCAGATCCATACCCAGAAAAAAGCCAGCCCTGTTTACTTTACCCAAAGCCAGCTCGCCGCTTCCGGGCAGCGCGGCAGACATGCCAATATATACTGCTTTGGGCAGGGCGGGCAGGGAAACTGCCACAAGCATCAGAGCCAGGACAAGGAGATATTTCACCTTACAACTCACTAAAAGAGTATGAAAAGCCGAGGGAAGGAGTGATCTTGTTGTCTCTCAGACCGGTGTAATAGTACATCTTGAGTGGATTCTGGGTGATGGCTGTCCGGTTGACTCTATTGGTTAGCAGCACAGCGTCAATGGCGGAAGCAATGTGGTTGGCCACCAGCCCAAAGGTGAAGTAACCTGCGATCTTATACTGATCCTTTGAATCATTGCGCATTTGGATGTACTTCTCACGCATGGGGGAGGCTGCCGCCATGGATGGTGTCACAATTGGGCAATTATCAAGATTGTTGTAATTGTTTATGTAATCCGCAATTTCGCGATTGCCAACCCACCTGAACTCGCTATGGTATTGGCCATAATACATAACCCATGCGGATCGGAAAAAGTCTTCATCCAGCACGCAAAGCGAATCCGCGGTGGGATTTTGATATGTGACCCGGGGATCCATCGCGAAACGGCAAAACCAGTCAGCCCAACCGAAGAGATACTTATTGTACTTGCCGATATCTTCGTAGAAATGCTGTGTGTTCTCTCTATCTAAACGAAAGAGGCTGGGTTCGTAGATATCGTCAAAGCTGCTCGGATTGTAGTTTATCAACGCATTCTGCACCACAGTCTGGAACTCCCTGTTATATCGGGGTCCTGTGTATGTGTAAGACAGGGTGTCACCCTCGATTACATAGGTAAATTCCTGGGTTATTGTCTCTCCATTGGCATACTTTTCAAACTCTCTCTCTTTATCGTAGCCCTGGGAACGGAAATAGACAATGCCGCCTATCATAGCCGCTTCCAACACAGGAAACAGATATGCTGTTACTGCTGATCGTTTTGCATAGAACTGTCCCGCTCCCGGGAAGATTGCTGAATAGAGCAGGGCTCGGTGCGCACTCTTCTTTTTAAAGTTTACCTTGATGATGTCGTTGTCGTCTGAACTCTGTTCCTTTGCAGGCTCATCCTTGAAGATAAGGTCGTCTATACCTTGGGCTTGAGCGCTGAAGGCGATACACAGACATACAAGTATAAGTCCGATTTTTCTCATCATTCCTCCCAATGATGCCAACTCATTTCTCCACAGCAAATTTTAGGGTGGCGTCTTTGCCTGAGCTTTGCACTTGCAATATATATACTCCCGACGCCAGATTGCGGGAATCCAGAGCAATAACCCGATCTGGATTGCCATTGTAAACCAATGTTTTGCTAAATACCAGGGACGCTTTGCTGTTATAAACATTTATCTTTATGTCTTTGGTCGCGTTCACTATTCTCAGATTGAAATTGTCCGATCTGACTGGGTTGGGGAAAACATAGGCCTGGAAACCAGATTCCGACGGCTCGAGGTCAGATGCGTGGGGAGCGGTAAAACATCCATTGTTTGCGTTTCTGAAACCGCTCCATAGCAGGGTAAAGGCCGATGGGTCAACCAGCGCGGAATGGATGTAGGCATTGCCACATGAGTCTGAATAAGTCCAGAGCAGGTTTTGTCCTGAATCAGTCTGGTTCACAACATGAAAGAGCGGTGCAACCTGTTCTGAATTCGAGATCAGTGAGTAGCTTGCGTTAAGGCCGTTCTGGATCTCGAAAGCCAGATGGCCACGGCCGGAAACAGGAAAATACAGGTAGTTCTTTCCGTCATGTTGCATGGAATAAACATGTTTCTCAGGTTCAAAAGTATATGAACTTGTGTTGTAGGGAATTCCGCGGAGTAGCGATCCATCCTGCTTGATTGCGTATATCTTTGATCCGGCTGACCAGAATAGGACTGGAAGAATTTCATGCCCGTCAAGCATCACGGGGCTGATGCCAAGTTGACTGGGCCTGACATTGCTGGAACTTATATATATTTGCTCAATATGGCTGCCGTCATACCTGTAGATGTTGCCACTGTTTGCCATTATGAACAGCAAGTTCACAAAAGGAGCCTGGCTGGTGCTGAAAGATACAGGTTCAAAATCTCCAAAAGCCTCGGGCAAAGAGAGTTCTGCGTTGGGATTTAATGAGTTTGCATCCAGCAGGATAAGCTTGTTGTGGGTCAACGCTGCCAGATCATCGCCATAGATTGAGATTCTCTCTATTCCTGAGATCTCATGGGTGGTGCTTACGTTGCCATTGGCAACTGTAGAAATACTATTCTGAGTGCAAACGAAAACTTTGTTATCCAAAGCCAGAGGCGCTACTGTTATCTGAGCGGGGAAGTTGATCGATTCTACAAGGAGGTCATCCTGAGAAAACTCCAGCAGCTCAATTGAGTTTTCGCCCACGATAAGCAGTTCCTTCCATCCATCGGCATCCTGATCTGAGGTTATAATCGGGAATCTGGGATTGGACAGTTCCTGTTCGTATTCCACCAAAAGGTTCCATTCACCATTTGTCTGGGTGAATAGCTTAACTCCCTCTGTGGAGATCAAAGGCAGAGTTGTCGAATCCATACCTGTATAGACGGTATTGACCAGCGGGCCAACCTGCATACCAGCTTCTGCATAGGAATGTATCTGCGTCGCATCGAAGAATCCGGTTCTTACGGAGTATTCCATCTCAGCTTCCGGATTGCCAATATCTGCCAGCCAGTAGATGCTTCCCAAGCCCTGGCTGTCGTGCAATGATGGCAGAGAAGAGCCACTATACTCTGGCTTCCATGGCTCTCCAGACCATCCTTCAAACAGTCCATATCCATTCAGCAGTGGTTTGTGCG
AP029619.1_gap21	1004885	1007453	2568	AACGGAACCGCTTACATCGACGGAGCCTTTGTAAAGAAAGACATTTTGATTGAAGACAAGTTAATCACCCGTATCGAGGACAAAATCAATGAACCGGCGGAAAAGGTGATAGACGCCAAAGGGATGCACGTCTTCCCGGGTTTTGTGGATATCCACGTGCATCTGCGCGACCCAGGCCAAACCTATAAGGAAGATATCGTTTCCGGAACCAGATCTGCGGCAAGGGGCGGCTTCACCTCCCTCTGCGCCATGCCAAACACAGACCCCGTGGTGGACAACATCGCCACTGTGGACTACATCCAGCGCAGGGCAAAGGATCTCGGCTCCGCCAAGGTCTATGTGATTGGCGCAATGACAAAAAAGAGCGAAGGCCTTGAGATCAGCGAGATGGCCACCATGAAGTCAGATGGGATCGTGGCTGTTTCGGATGACGGTAAATGCGTGCAAAACGCCAAGCTGATGCTCAATTGCATGCGCTACGCCACCAATTTCGGGTTGCCCCTGATCGTGCACGCGGAAGACTACAACCTGAGCGGCAGCGGCCAGATCCATGCGGGGAAGATAGCGTTAAAGCTTGGCCTTACCGGCATTCCCGCCCTGGCTGAGGAAGTGATCATTTCCCGCGATATCATGTTGGCGGAAAACACAGGCTCACGCCTTCATATCGCGCACATCAGCACCGCCCGCTCTATCGAACTGGTGAGGGAGGCCAAGCAGTTGGGCTTCAATATCACCTGCGAAGTCACACCCCATCACCTGATCCTCACTGAGGATGCCTGCCTGGGCTTTGACACCAACACCAAGATGAAACCTCCCCTGCGCACCGAAGCAGACCGCCAGGCCTGCGTTCAAGCCCTCAAGGATGGAATCATAGACTGCATCGCGACAGATCATGCCCCCCACGCGGATTTTGAAAAGGTGAGGGAATTTGACCATGCCCCCTTTGGGGTCATCGGACTGGAAACGGCTTTCCCCGCCCTTTACCACCATCTGGTGAAGCCGGGCCACATATCTTTGGAAAGGATTGTTGAGGCGCTCACCAGCGTTCCTGCCTCCCTGTTGGATCTTCCTCCCAGCGCGCTCAAGATCGGATATCCAGCCGATATTTGCCTGGTGGATTTAAACCAGGAGACCAGCTTCGAGCCTGAAGAAATAGCCTCCAAGAGCAAAAACACCCCCTGGCTGAACCAAAAACTCTCCGGCAAGGTCATCTATACCATATTGGATGGAAGGATCACCTGGGAGGCTATTTGAGCGTCAGCCAGAAAACACTGCCTGTAACTGGCGCGGATACTCCCCAACCCGGCTACCGGGTCTTGTGGATAGAGGATCACGAACTGGCTGCCCGCTGCGTTCCCGGAATGTTCTTTGAACTCAAGGCGGACCGGCGCGACCAGGCTAACAGGCTTTACAAACCCATCAGCGTATATCAGGTGAGAGAGGGCAGGATGGCTTTCATGGTCAAGGAAGTGGGGGAGGGCAGCAAGGCTCTCTGCTCGCTCCGGCCCGGCGATGGCGTCAGGCTGATCGGCCCGCTGGGAAATGCTTTCCCCCTCTTAAAAGTCCAAAACATCCTGCTGGTAAGCGGAGGAGTCGGATACCCGCCCCTGGCGTATCTCAAAAGCTGCCTTCCTCCTTCGTCCCGTGTTATCCATTTACATGGCGGAGCCAGCGCCAAAGATATTTTCCCCTGCGACATCGTTTGCACAGAAGACGGAGGCGTGGGAAGCAAGGGACGGGTCACAGACCTGGTTCCAAGCGTCATCGCGGAGAACCGGATCCAGCTTGTTTACAGTTGCGGGCCCCAACCCATGCTCAAGGCTTTGGCGCGGATGGTGGAAGGGATTCCCCATTTTGTTTCCCTGGAAGCCTATATGGCCTGCGGGATAGGGGTTTGTTACGGCTGCTCGGTTCCCGTGGGAAATGAATTCAAGAGGGTATGCAAGGACGGCCCGGTGTTCAACGCGGCTGACATCGCCTGGGAGAAACTGTGAGTAGAAGCAAATCAAAACTTGGTAAGATGGATTTCGACCCGCCGGTCACCGTGGCTTCCGGAACCTTTGGCACCGAATACTTCGATTTCTTTGACCAACGCTGGCTGGGCGCGTATGTGAGCAAGACCGTCACCTTTGAGCCCAAAGCTGGCAATCCCGTTCCCCGCCTGTATGAGACTGAGGTAGGACTGCTAAACGCGATCGGGCTTCAGAATCCTGGCTTGAAAGGCTTTATCGGCGATGAACTGCCCCGGCTGAGAGACCTGCTTCAGATTCCGCTCATCGTAAGCTTTTCCGGCTCCACTCCCACGGAGTTTTGCCAAATGCTGGAATGCCTGGAAAAGCAGCCTGGGATCGCCGGCTATGAGGTGAACGTATCCTGCCCCAACGTAGAGAAGGAGGGGCTGCCCTTTGGCATCGACCCGGATGTGGTTTTCAATCTCACGCGGGAACTCAGCAAACTGACTGATAAGGAATTGACCGTCAAGCTCAGCCCCAACGTTTCCAGTATCGAGCAAGTCGCACAGGCTGCTGAAGCGGGAGGAGCTACCTCGCTGGCCCTGATCAACACCCT
AP029619.1_gap22	1188979	1189924	945	GATGAAAGGAGAGTTAAATAATGGCCGGCAAAGCTTTTCAGAAGATATATACTAAACTGAGTCAGATAACCAAAGCCACTTGCACTGTAAACGCGACAGGTGTTGGCAACGAGGAACTGGCCACGGTCGGTGGCCGTATGGCCCAGGTTGTCAAGATCATGGGCAATTCTGTAACGCTGCAAATCTTCTCTGGTACTGAAGGTATCGGGACAGATGCCGAAGTGATTTTCTTTGGCAAACCGCCTACTTTGAAAGTCAGCGACCAGCTTGCGGGAAGATTCTTTAATGCCTATGGCAATCCCATAGACGGCGGTCCTGAAATTGAAGGGGAAGAAGTGGAAATTGGCGGCCCCTCTGTGAACCCGGTGCGGCGCAAAGAACCTTCCGAGCTTATAGCCACGGGAATTGCAGGTATCGACCTCAACAACACCTTGGTTACCGGACAAAAGATTCCCTTCTTTGCTGATCCTGACCAACCCTACAACCAGGTGATGGCCACCGTGGCACTGCGTACCAAGGCAGACAAGATCATCCTGGGTGGCATGGGGCTTTCCAATGACGATTACCTCTTCTACAAAAATTCCTTTGAAAACGCTGGCGTGATCGACAAAATCATTTCCTTTGTCAACACCACGGACGACCCTCCGGTGGAACGCCTGCTGGTGCCGGATATGGCCCTCACTGCGGCTGAATACTTTGCCATCCAAAAAAACGAATCTGTGCTGGTGCTGCTCACAGATCTTACTTTGTATTGCGATGCTCTGAGTATCGTTTCAAACCGCATGGATCAGATTCCCTCCAAAGACTCAATGCCCGGCTCGCTTTACTCTGACCTGGCCAAGATTTATGAGAAAGCTGTGCAGTTCCCTGAAGGAGGGTCAATCACCATCATCGCGGTCACCACTATCTCAGGTGGCGACATCACTCATGCCATTCCGGATAATA
AP029619.1_gap23	1193515	1194690	1175	CATTTTTCTTGGTAATTTCCGACACAAACCCTGAAAACGCCCAGATATCCACCTTTATTTTGCTCTCTTTTCAGCCCTTTTTTCTTCCTTATCGAATCCAATTCATATTGAAAGCCAGACACCTTATCTGCAGGTAGAATGTTGTCTTAAGAAGACCGATGTATCTTGTCCGGCCCCAACCATAGCTTTGTTTCAGTGAGCCAAAGGTTCTTTCCACCACATAGCGCTGCCTGGCGATTCTTTTGTTGCGTTCAATAGCTTGCCTGTTCTCCGGTTCATTGCGCTTTCTCTTGTGCATGATCTGATCGTTCAACTTACGCTGCCTCAGAAGCTCCTTGTTCTTTTCGCTGTGATAGCCCTTGTCCGCGTAAACCGTGTCGCCATCTGACAATGGCGATTTATCAAGCAAAGCAGGAAACATCACCGTATCATGGACATTGGCCGGGGTGACGCTCAGACCTTCGACAATACCATTGGAGTCAACCAGGGCATGGGCTGTAACCAAGGTGGCGTCAACCATCTTGCCGTGTTTGACCTCCAAACCCAAATCATGAAGTTCGTCCATGATGCCCTGAAAGATACTGTCAAACAATCCAGATTCGGCAAAGCGGTTACGCGTGGAATGATCCGGCTTGCTCTCGGTGATGCTAAACTGGCAGACAGGGTTTTCTATATTCTATGCCATTTGATGTTCTCATCCAACTGAATAAAAAGTGTTCAAGCTTGGCCAGGCTGTTCTGAATCTCGTAATCGGTCAGGGTCATTTTGTCTGTTCTCATACTAAACTCCATCGTTGTGATAGAGTGTCTATATATAGCTAACAATCTTGTCAATAATCAGTTACATCTTTATAGCCTATCTTTTTATGGCGTTCGTTTCATTGCTTGGAGTTAACTTCAGAGACTCATATGCAAAGGTCTTACGAGGTGTTTTTGTCAAACCATTATTATAACCTATTATAATGTGCCCCAATGTGTTAGATAACCAGGAAAGATTAGACACTGAAATGTATCCAGTTTGACTACCAGCCCAACAGTTGCTACTATTCCATCTCCTTTTATGCTGATTACCGTGTCTGGGTTGGCGATTAAATGCAGGTAGATGATATCTCGCTGATCGTGACAACGGTCATGCGGTTGTGGTTGAGTGTGGTTCATGGTTGACAGAAAAGGTAT
AP029619.1_gap24	1195898	1198493	2595	TGGCAATCTCGATTCTGTTTGGCACCACTTCCATGCTGGCGGTCACGGTCACCTTCGAGAAAAAGAACAGTTCTTTCGACCGCTTGCTGCTGGCTCCGATCTCATTTGACCTTCTAATGCTTGCCAAGACTAGCGGCGCGATCTTGTTTGGGATAGTCAATGCGATGATCCCGATCCTCATGGCTTCGTTCATCGCAGATATCTATGTTTCCAGTTGGCCTTTGCTGATCCTTGCTGTCTTCCTGATCGCAGTGGTTTCCACTTTTCTGGGTTTGCTCATTGCCGTGGCCGTCAGTGAGGTCTTCGAAGCACAGACCTTTTCCAATTTCTTCCGTTTTCCGATGATCTTCCTTTGCGGCTTGTTTTTACCTGTTTCCAAACTGCCTGTTCTCATCAGACCTCTATCCTATGCTTTACCTTTAACATACGGCGTGGACATCATGCGGGGCTTGATAAGGGGCGGAAACTTCATGTCCATTCCCATGTCGTTTGCTGTGCTGACCGCTTTTTGTATCCTCATCTTCAGCCTGAGCAAACACTTCATCAAAAAACGCTGGATATCATAACCTTTAGGAGTTAACATGAATCATGCTTACGTAACAATCATCATCATAGTCTTAGTTTCACTAAGCTCCGTCCTGTTAGCCATTGAAACTGGAAAACCTAACATTAATGTCTTTTACAAGAACAGGGAGCCATCTCAAAATGCTCTGGTAAAGATCAATGAAGCACTGGATAGATTTCGTGACTTGTATGATATCCGATACCACGATATCGAAGATGAAGCTAACCTTGAACTAATCCATAGCTTTGGGCTTCCCTCTACGCATTTCCCTGTCGCAGTGGTTATCGACGGAAAATTCACAGTTCAAATTGGTGATAGAATTGCCTCATTTGTGCATTTCCCCGATTTTATGCATGGCATCGGCAGGCATGAGGGTAACTGGTCTATCTCCGATCTGGACGCAGCCCTTCAAGACAATTCCCTGCTGCTTGAAGAAAATATCCTGCCTGAACTGGAAGACGACGAAACTGAAGGAGAATGCGAATAACTTATTAATGTGGACCTAAATCACCTTACATTAGACTACTTTCAGAAAACAACCAAATGCGTCAGCGGAACCCTTCAACTTGCACTGCAAGTCTTACTAACTGGTCTATTTCGTTGAGAATCAGCCAGTTCCGAAACCAGTCTGAAAAGAGTCTGTATTTGACACAAAGCTGTCACAAGCCAGTCCAAAGAAGTCCAAAACCACTGTGACAGATTTCCGAAAGCAGTCCTAAGCATCTCTGCACCGGATAAAGGTTTATGTCTCTTTGTCACAGTGATGGCTATATGACATTTGAGGTGTCACTTTATAACGACCCTGTTTCTATCCGCTCGAATAGAACTTGAGTCTTTTGTTTACTCATCTGCTTGATGGCTCCCCTTAGCAACTGCTTCTCAACATAGGGTCAACCTGGGGTCATCCTTAACTTCGCAACCGCATACCTAAGGATGATACCCACAAATCCAGTAGCAGCAAAGGGGGGCGGTATGAAGCAATATGATGATGGTTGATGGCAATATCTGGAGGGAATAAATAACATAACGGTAGTAAAGCGAAGGCTGCCATTGAATCTCAGCCCTATATAATGCAGTTGTTCTTTCCAGATTTTCCCATGTTTCGTGACCGATGACCACAAAAATGTGGGGGAAGAGGCTGTCAGTGGAGTATATAGAACAGGAAAAGGAGAGACAATGCGATTTGGATATATGCTGCTGGTAGCGGCCCTGCTGCTTGGAATGGTTTTGGGTGCCTGTTCGGTGAACTGTGTGCGTGAAGAGTCACGGGAAATATTGTGGACTCTGTTCATTTCCCCAAAAGATCCCTGGGCGGGCGACGGCTGGCAAAACCTGGTGCTGAGCTGGACCGGGGAGGAAAACGACTATCCGGATCCGGACTCAGTGTACATCCAGTTTGGAGATCGTTCCTACTGGCTGGAAAACTGGGGTAGCCACTGGTTTGGACGTGCCAATCTGACCCCTGGGATGAACTATGAGTTTTGGATTGTCGCCGACGGAATCTTGTTGACTCACGCCTCCTTGCAAACCGTTATGGAAGCCAGAGCAGATTTTCCTGCGGACTTTTCTCCACATAGCGAGGCCACACTGTTTTGGGATCTGGAGGGAGACAATCAGGGGCAGGTGCTCAGATTGAGCGCGGAAAACGAGGAAGGGACGAGGGATGAGTATGTGCTGGCACTCGACCCCGGGGAGCGGGGATTCACGATTCCCGCCAACGCAGTGCGTGATCTGGGCTGGCAGGCAAGTTACAGCCTGGATTTGACCCAGATGAACCAGTTGATCAGCAACCGGGTGTTAATCCAGTCCTCCCAAACCTTGGGCTGCAACTATCCTCTGGAGTGAAAAGGCTCAGGAATCCCGATGCCACAAGCCGGTCTCAAAGGAACTGAGAGACTGGCGCAGGGCTGTTTCCGCGATGGCAAAATCCGTTTTGGAACGCACCCAGATCTGCTGCTTGTAGCGCACTTTGATACGCGAGAAGGGAAGCGGAAAACGGAAGCGGTCCCAGGAATTGAACACCCACTCAC
AP029619.1_gap25	1200282	1203355	3073	TTGGCTCGTTCAGTGATCCAGTCTGTGAAGCGGACTCCCCAGCGGAACACACGCAGACGGTCAAAGAACCAATCTATGAAAAGCAGAATGAAGGGGATGGGCAGCATGTTGCCCAGGATGGAAAGCAACACAGCTTGGGGCCAGGGCATCCCGAGCACAGCCATGGCTACCGGGATGGCGCCGCGCAGTTCGACGATGGGCAGCATCGAGATGAAGATCACGATGAGCCAGGGTTGGATGCCCCTGTCTTTGAGGCTTTGGGCGGTGCGCTCACCGAAGGACGTAGCGCAGAGCTGGCCGGCGCAGAGTAGCAGGACTAACGCGAGCAGCAGGGCTTTAATTCCGATATTCAAATTCACTCCAGAACTTCTGTATTAATCTTGTGAAGTCCTTTTAAGCAGGGCTGGATTTTTGGCAAGGGAAATCAGCTTGGGGAGTAAATGGAACTATGGAAAGAATGAAGTTTATCGCAATGTCGATTATTTATGGAGGAAAGAAGGTCTAATCCCTGGCAGGAGGGTAAAACTGTTCCAGAACCTGCAGGCTTTTCAGCTTGAGGGGATAGTTGAAGTGGGCAAAGAAGAAATCGGCGAAAAGCTGGTTAAGCTCTTTCACCTCCTTTCGTAATGGGCGCAATTCGTCAAGATGGTTGCCTATTGAGGGCAACAGGCGCAGCAGCTTTGAGCTTGCCGATGAGAGGCGATCACGAGAATCGCTGTTTTCAGAGGTTGCCAAACAGTTGTGGCAGAACAAGGCCCCTGTGCCACGATCCCAAGCGGCAATGCTTTCTTCCGTGGCTTGGCAAAGGCTGCAAGTTAGGGGATCAAAGGGAGTGCCAAAAAAGTTGAACACCCTTAACAAAAACCTCCACCAGAGCAGGATGGCGCTGCCTTTGCAAGTCTGTAAAAAATCCAGATATGAATCCAGCAATGCGTAATAGACAGGGCTTTCATCAGTTGGGATAATAAGGCTGGAAAGTAGTTCCAAAGCGCAATCGGCAGCAGCCCAGTGTTGAGGGCTGGCAGAAAGGTCGCGTTCTTTAACAGATGAGATTTCTCCCAGCAGATAGAGCCCTGACTCCGTGGGCGGATACAGATTCAACTCGTATTCTCCCAAGGCCATTAGCTGATTTCGGGTCTGGGCGCGGCGGATGCCTTTGGCCAACACCGATACGGCTCCCAGGTCGCGGGTGAAAAAACGTAGGATCAGGCTGCTCTCGCTGTATTCGCTCAGCCTGGCAAGGCAGCCCAGACTGCGGACACGTTGTTTCACAAGCCCAGCTCCGCCCTTACCGCGCGCAAATCTTTGGGTTGCGCGAATACGGTGCTGTGCTTGCTGTATGTCACATAGCCGGGAGCGCTGCGGCGGGGTTTGCGCACAAAACGTATTTGTGTGTAGTCCACAGGAACGTTGGAGGAAAACTTGGCCTTGCTGTACCAGGCCGCCAAACTGCAACAGAGTGACATCAGGGTGTCATCGGGAGTGCTTTTCTTGAAACAGCGCAGCAGCACGTGGGCTCCCCGGTAAACGCGGGTGTGAAACCACCAATCATGGGGCTGTGCCAATTGAGTCGTAACATAGTCGTTTTCTGTGGCTTTGCGGCCGATCACGATCTCAAATTCATCATTTACGCGCAGACGCAAAAGACGATCCAGCAAGGCAAGCTTTTTGCCCAGAGAGGCAACCCCGTTTTTGGTAGGAAGTTCGGTGAAGCTGCCCTCTTCCACTCTGGCGATGATGTTTTGCAGGTGTTCAAGCTCCTTGCGGGTGGCAGCAAGGTTGGAGGCGATGATTTCGGCTCCCCTTTTGGCTTTCTGGTATTTCTTGAGATAATACTGCAAATTCTGATGGGGGCTGCGTTCAGCCTGCAGGGGAATCTCGATCTCCGCCAGATCTGGATCGAAGTAGTTCACTGCCTTCAGGCTGGTCTGGCCTGTTTTGAGCGCAGAGAGATTGTGTTTGATGGTTTCGGCGCAAATCCTCCATTGTTCCTGCCTGCCCGCGTCCTCCAGTTCAGCTTCCTGCTTGGCGAGTTTGGAGGCAGCTTTGCTTAGCTCGCGGTTCCAGGCGCCAAGTAGCCGTTTTTTGTGCTCCTGCTCCATCCTCTCCTGTAAAACATTGGTGAAATACGCCTGGAAATAGGCGTTGAAGCTCGGATAGATGAGGGTTTCGCCAGTAGCCAGACTGGTCAGGCTCAGGGGCAGGGAAAGTTCCTGTTCCCGCGGCCGGAACGATGTCTGAGGAGGCTGATAGGGCAGACGGGGCAGTATCTGACGCTGTGGGTTATCTGCGTAGCCATATTTATAGAGGGCGTCCACGATTATCAAATCCTGTTCCTGACGTGCCAGAATCAGGTTAGGATGGGGTGGGGTCAGTTCAGCAACCAGTTGCCAGATGCTATTCTCTCCATAAATATCTGACTGTCGGAAGCTGAAACGGATGATCCTGTCCTCGGGATCGATTGCAATCGAGTCCAGTTCCGCGTGGATGAGTTGATTCCAGACCCTTTCTCCGGGAGGGCCGTCCGGCCTGCTGGGTTCGAAGAACGGAAAGGCATCCTCACGGCTGATCACCAGGACCAAATCCTCTTTTTCCTTGAAGCGGAGGCGCAGGCCGGGAGAGCCGATCCAGACGCTTTCCACCCGCAGCCTCCGGGAGGAGGCTTCCAAACACCAGGCTTTGAGAAGAGAATAATGCATAAGAGGCCGTTTTCTTTTGGTCTTGACAGGATCATGGCCTGTCTGATCTTTGTACCATGCAATAAATTGCACGCAAGGAGTCAAGCATGAAAACAAGTTCATGGATAATACTGGTGATTTTAGCCATAGCCGCGATAATTTTTGGCGCGATGTGGGTGAATTCTGCCAATAAAGCCAAGACCCTGATGAAGAGCAACGAGGAGCTGCAAGCGCTGTATGAAAGCTCCACCTCCACCCTGAACGAGATCCAGAGCAGTCTGGACTCCATGGATGCTGATCTGTTTGGCAGCATCGGTGTAGTGGGCGAAGCTCCGGGAAGCACACCGGAAGAACGCAGATCACAACTGATGAGCACCATCACCAAGATGCGCTCT
AP029619.1_gap26	1216580	1220783	4203	GGAATATTAACCTGGCTCCCATCAGCTTCGCCATACGGCTATACCTTAGGGGCCGACTAACCCTGAGAAGATTAACTTTACTCAGGAAACCTCGGGCTTGTGGTGTGCGGGTTTCCCGCCCGCATTGTCGTTACTCATGCCGACATGGTCTCTTGCGATCACTCCAGCATCCCTCACAGGACACCTTCGGCGCAATCACAACGCTCTCCTACCAGCAACGCTTGCGCGATGCTCCGCAGCTTCGGTAAGATGCTTGAAGTCCCGATCATCTTCGGTGCTCTACCACTCGACCAGTGAGCTGTTACGCACTCTTTAAATCATGGCTGCTTCTAAGCCAAGATCCTGGCTGTCTGGGCAATTGAACATCCTTACGCACTAAGCATCTATTTGAGGACCTTAGCTGACAGTCTGGGTTGTTCCCCTCTCGCACGTGAAGCTTATCCCTCACGCCCTGTCTCCCAGGTATTGATTAACGGCATTCGGAGTTTGATTGGGTTCAGTAAACCTGTAAGTCCCCTAGCCCATTCAGTGCTCTACCTCCGTTAATGTCCACCTGAGGCCATACCTAAATATGTTTCGGAGAGAACCAGCTATCTCCGGGTTTGTTTGGCCTTTCACCCCTACCCACAGTTCATCCACCGCCTTTTCAACGACGGTTGGTGCGGTCCTCCAGTTGGTTTTACCCAACCTTCAACCTGACCATGGGTAGATCACCCGGTTTCGGGTCTAATACCATAAACTTGACGCCCAGTTAAGACTCGCTTTCGCTACGGCTACGTGCCTGTAACACTTAACCTCGCTTATGACATTAACTCGTCGGCTCATTATGCAAAAGGCACGCCATCACAAGCGTCAACACTGCCCATAAATCAAAGAACACATATCTTCCTCTACTTACAAACAATGTTGACGCCTGCTCTGACCGCTTGTAGGCGCACGGTTTCAGGTTCTGTTTCACTCCCCTCCCGGGGTGCTTTTCACCTTTCCCTCACGGTACTGCTACGCTATCAGTCACCAAATGTATTTAGCCTTACGAGATGGTCCTCGCTGATTCACCCAGGATTCCACGTGTCCCGGGCTACTCGGGATCCGGCTACCAACCGACACTCATTTCAACTACGGGACTATCACCCTCTCCGGTCAACCTTTCCAGATCGGTTCGTCTATAAGTGACAGCCAGATGTCGCCGTCCCACTACCCCAGCTAAAAAGCTGGTTTAGGCTATTCCCCGTTCGTTCGCCACTACTGAGGGAATCGTTCTTACTTTCTCTTCCTGTGGCTACTAAGATGTTTCAGTTCACCACGTTCGCCTCCCTAAAAGGGATGCCAGGTCTTCAACCTGACGGGTTGCCCCATTCGGAAATCCCCGGGTCTATGCTCGCTTACAGCTCACCGAGGCTTATCGCAGTTCGCCACGTCCTTCATCGCCATTTGGTGCGTAGGCATCCACCATGCGCCCTTTGCGCTTTCACCAATTAAATATCCTTTTGTGTTATACTCTCTCTCACACCGCGGATTCACTCTATAAAACTGAATAAAGATCTGGTGGGCCTGGGCTGACTTGAACAGCCGACCTCACGCTTATCAGGCGTGCGCTCTAACCAAACTGAGCTACAAGCCCAAGCTCATTAAAAATCTAAAAGAAGCTATAGAGATTTGTTTGAAACCAAAATTGCCATGCACCTTATAAAGGAGGTGATCCAGCCGCACCTTCCGGTACGGCTACCTTGTTACGACTTAGTCCTCCTCACAAAGCACACCTTCGAAAGCTGCTCCCCTTGCGGGTTGGCTCACCTCCTTCGGGTGCACTCCACTCGGCTGACTTGACGGGCGGTGTGTACAAGGCCCGGGAACGTATTCACCGCGCCATGATGTTGCGCGATTACTAGCGATTCCGACTTCATGAGGTCGAGTTGCAGACCTCAATCCGAACTGTGGCAGCTTTTATGAGATTCGCTCCACCTCGCAGCTTCGCTTCCCTCTGTAACTACCATTGTAGCACGTGTGTAGCCCCGGACATAAGGACCATGATGACTTGACGTCGTCCCCATCTTCCTCTGCGTTGTTACCGCAGCGGTCCTTCCAGAGTCCCCAACTAAATGATGGTAACTGGAAGCAGGGGTTGCGCTCGTTGCGGGACTTAACCCAACATCTCACGACACGAGCTGACGACAGCCATGCAGCACCTGTCTTGCAGCTCCGGCAAAGCCGGCACGGCCTCATCTCTGAAACCTACTGCAGATGTCAAGACCGGGTAAGGTTCTTCGCGTTGCCTCGAATTAAACCACATGCTCCACCGCTTGTGCGGGCCCCCGTCAATTCCTTTGAGTTTCAACCTTGCGATCGTACTCCCCAGGCGAATCACTTATCGCGTTAGCTACGGCACCGAATCCTCTACGAACCCGACACCCAGTGATTATCGTTTACTGTGTGGACTACCAGGGTATCTAATCCTGTTTGATACCCACACCTTCGCAGTTTAGCGTCAATTACGGCTTAGAAGACTGCCTTCGCCTTAGGTATTCCTCCTGATCTCTGCGCATTCCACCGCTACACCAGGAATTCTGTCTTCCCCAACCGCATTCCAGATCTACAGTATCTCCTGCCGAGCAACGGGTGAGCCGTTGAATTTGACAAAAAACTTATAGATCCGCCTACCTGCCCTTTACGCCTAGTAATTCCGGACAACGCTCGCAACCCCCGTGTTACCGCGGCTGCTGGCACGGAGTTAGCCGTTGCTTATTCATATGCTAATATCCCTGATCCCACGCTATTAACGTAGAACCCACTGCTCACATATAAAAGAACTTTACACCCCGAAGGGCTTCCTCGTTCACGCGGCGTCGCACTATCAGTCTTCCGACCATTGTAGACTATTCTCGACTGCTGCCTCCCGTAGGAGTCTGGGCCGTATCTCAATCCCAGTGTGGGCGACCACCCGTTAAGGCCGCCTACCTATCATCGCCTTGGTGTGCCTTTACCACACCAACTAGCTAATAGGACGCAGGCTCATCCCCAAACGACAGCCCGAAAGCCATCTTTTAAACAACATCACTGCTGCTATCATCCGGTATTAGCCCAAGTTTCCCTGGGTTGTCCCCGTCTTGAGGGTAGATCACCTACGTGTTACTCACCCGTTCGCCACTCTCTGATGCCCGAAAGCACCATACCGTTCGACTTGCATGCCTAATCCACGCCGCCAGCGTTCGTCCTGAGCCAGGATCAAACTCTCCATCATAATTATAATTATGTTGAATTGACAATTATGGCTCGCTCAAACCTCTATAGCACTCTATAAACTGGTAAAAGAACTGATTTGCGACAGCATTCGCTGTGCAGGTTGCGTCATAAAAAAGACGGCAGTTTATCTGTCAATATAAATCTTGATTATTTCTTGTCCTGCTTCGGTAGTGCAAGGTGCTATCTTTTAACATTCTAGTCTGTTAGCTCAGGCACTAAATCTTGCCTCGGGTTGTCGAGACACCCTAATCAGACTTATGAAATACGATAAAACACCATAAGATAAATTAAACGATTATGCGGAAAATGCAAGCTGCAATTTTCAAGAATTCCTTGTTCAATGCCGAATATACTGACAAAGATACTGATTTTACGTCATAGCCCCCGCCTTTGCTGCTATTGGATTTGACGCTATCATCCTTATGTCATCCTTATAAATTATAAGGTTGACCCCAGGAAGACCCAGGCTGGAGAGGGTGATGCAAATGAGGACGATCCCTTCATAATATATAGGTGCTAGGATCAGGTCGTGGAAAGGTAGAGTGGAAATAGAAAATATTAATCTTAGTTATTTTTGCCATGGTTCGGTCAACTTGGCTCTAAACGGGAACTTGTAATGTAAGTGAACCGAACTGACAGGAACTGTTTACCTGCCATAGTCTGTAAAAGACAAACTGGGATATTTTGCTTCAGTCCATATTTCTGAAACAGATGAGCATAGAGAAAGCCTCCGAGAGCTTGATATCCGCCAAAAATCATTGACATTAAAGAGGCTTGAAAGTTTTTGGCTATATCTAGACATATCTGGAGTCAAAAATGCTAAGATCCATACTTTTATCGAAGTTACACAGAGGTACGGTTACCGAGTGTGACTTAAACTATAACGGCAGTATAAAAATCGATGAAGCTCTGCTGGATGTATCCGGCATGAAGGAATACGAATACGTTGACGTGTTCGACATC
AP029619.1_gap27	1226160	1228384	2224	TTCTGCCATGGCTCCCATGATCAAGCGCATTTATGCCAACCTTGGATACGCGCCGCTCAACAAACCCATGACTTTTCCGATGTTCATGCTGGAACCTGTACGCCAGCGTTTTCCCCAAATCCAGATCAACCAGCTTAACGAACTAATCACTCCCTTGCGCAAAATCAAGGACGATTGGGAGATTCAGCAGCTGCAGAAAGCTATCGACATAACCGGCAAGGGACTGCAGGACGTGATGGAATCCGCCATAGCCAACATGATGGAGTACGAACTGGAAGCAACGCTCTTTTACCGTATGCAGCGCAGCGGAGTGAAGAACTGGGGTTTTGCCCCGATAGTGGCTTCCGGAATCAACGCTGCTACCCTGCACTACGAGAAAAACAATTGCAGGGTGGAAACGGGCGACCTCATCCTGATGGATGTGGGGGCTTCCTACAACAACTACAGCGCCGACGTTACCCGCTGTTTCCCGGCGGGGCCAACCTTTTCGGAAAGGCAAAAGCAAGTTTACAGCGCCGTGTTAGAAGTTCAAAAGCGGGTGATCGAACTGATCAAGCCCGGTGTGGCACTCTCCACCTTGAACATCAGCGCCCGCGACTGGCTGGCTGAGCAGATGGTTTCCCTCGGCCTGATCACCGACACCAAAGATGTTGCGCTTTATTATATGCATAGCGTCAGCCATTTTTTGGGTATGGACACGCATGACCTGGGTGGAAGAGAAGCGGTTTTGGAACCTGGCAATGTTGTCACTGTGGAACCTGGCATCTATATCCCGGAAGAAAAACTGGGTGTGCGCATTGAGGACGATGTGCTGGTGACAGAGGATGGACACTGCGTGCTTTCGCAAAAGATCCCCAAGGAAATCAATGAGATAGAAGAAATACGCAAGGCGGCGTTTAAGAATGAGCCATAATGCAATTTATCCGGGAACTTTCGATCCGATCACATACGGACATATCAATATTCTGGAAAAAGCCGCAAGGCAGTTTGACCACACCATCCTGGCGGTGGCAGACTACACCGGCAAACCCACCACGTTCAACCTGGAAGAGCGCTACCAGCTCTGCCTGGAAGCCACGGCACATCTGGAAAACGTGAGTGTGAAGAAGTTTAAAGGACTGGCTGTCGATTTTGCGATTTCCCAAGGCTGCTCTGTTATGATCCGCGGGCTTAGGGCAGTATCAGATTTTGAGTATGAGCTGTCCCTCGCCCTCACCAACACCAAGCTCAATCCCCAGATCGAAACTGTGTTTTTAATTCCCAGCCTTAGATACATGTATCTTTCCTCTTCACTGATCAGGCAATTGGCAGATCTTGGTTCGTGCCTGAAAGATTTCGTGCCACCCTGCGTTGAACTGGCTCTCGCCCAAAAGTACAAGAGTTAGAAACATGCCCCGTAAAGAAAACACCCCCAAGGAAATTGACAAGGTATCTGAACGGAGTCTGCCCGCAGATGTAAACGCGGAAGCAGCCATCCTCTCCGCGATGCTGATCGATTCTGGAGTGGTGAGCAAAGGAATCGAACTGATCAAGGAAGAATACCTCTCCCGCAGCGCCAACAAGCTCATCTTCAGAACCATCTGCGAGCTTTTCAACGAAGGCGTGGAAATTGACACCCTCACACTCGTGGACAGGATGCAGCGCAACAACATTTTGGAAAAAGCCGGTGGCATACCCTATATTAACGATGTTGCCAATGTAGTTGTATCAAGCGCCAACTTCGATTTTCACCTCAATATCGTAACCGAAAAAGCCCTGCTGCGGCATTTGATTCTGGCCTGCAACGGGATCATAGAGTCCTGTTACAGCTCTCCCAAACCGGTTAAAGACATCGTGGACGAAGCCGAGCAGGCAATATTTTCCATCGCCGAATTGCCCCAGCACCAGGGATTTCTGAGGATCGACCAGATCAGCCCGGAAGTGGTGCAGAGCATCGACTCCATCGCCTCCACCAAAGTGCCTGTGGTGGGTGTTGCGAGCGGATATAGCGATCTGGATATGATCACAGGTGGATTTCGCCCCGGTCAGTTCATCATCATCGCCGCACGGCCTGCCATGGGAAAAACCTCTCTGGCTTTGAACATCGCCTCTCACGCGGCCGTCAACCTGGGTAAAAAGGTTGCCATCTTCACCATGGAAATGTCGGCTGACGAAGTTGTGATGCGGATGTTCAGCGGGGCGGCGGAAGTGAACATGGACTCCATGCTCAAAGGCTTCGGCATGA
AP029619.1_gap28	1243255	1245654	2399	TTCCAAGGACTTTAAAACGGGGCTTTTATTATATTTATACTGCCAGGCAAGGCCAGCTTTCAGCAATTCGTGATTCAGGTTCTTTCCCCCGGGAGTAATTACTGTTCCCAGATATCTTCCATACCTGTCGCGCTTTTCGTATTTTACTTTTACAGTTTTTCTGAATACGAGGTCAGAGGTAAACTTGCGAGCCACGTTGCCAAAAGCCTGGTTCTTTTCGGGACAATCGATGCCATCCAAACGAATCCTGTATTGCTTTTTCGCTTTTAGCACCGTGATGGTATCTCCGTCCTGGATGGAAACAACCTCCCCCTTGATGCTTTTGCTGTATAGCAAAGAGCCAACAAACAAGCTGACAGCAAGCACCAGGATCTTGGCAAGTAATCTCTTATAATCATTTTTCATGTATGCATACAAATTCGACAAGCGGCAAATGTCAAATGAATTCTCTAACCTTAAGGTATTCAGTCCAATTAGATGATATTCTGGTTTCTATTCATTGACAAGTTATCAAGATCAGAATAACAGGATGTTTTTAGTTTTAGCCCATGCTGCCCAGCTTTATAAAAGGAGTGCCAATGGAACAACCAAGTGAATTGATCTTGATCACAGATATCGGTAGCACTACGACCAAAGCCTTGCTGATAGACGGAAGGCCAGAAACACCTCAGCTGCTGGCCGTATGCAATGCTCCCACAACAGTGGAAGATCCCGTAAACGACGTGCGTTATGGAGTCAAAGCGGCTATAACGGAATTGGAAAGAATGGTTGCTGTAGAGCTTCTGCAGAAGAGTGAGGGGCCAGAGTTGCAATTTGCGGATAACGTTGCCTATTTCAGCACCAGCAGCGCTGGCGGAGGTCTGCAAATCCTGGTTATTGGGCTTACTTTATTCGATTCCGCAAGCAGCGGCAAAAGATCAGCCTATGGAGCCGGGGGAGTGATCCTGGATACAATTGCCATCGATGATAAACGACAGGCAAGGGAACAGATGCTGGCTATCCGCAAGCTGCATCCGGACCTGATACTCATAAGTGGCGGCATAGATGGCGGCGCCATATCTGGTGTATTGCGCCTGGCAGAAATAGTGCGCATTGCAGACCCAAAACCGAAGTTTCATTCTGGAAACAAGATACCTGCCATATTCGCAGGCAATTCGGAAGCCGCGCCGATAATAAAAAAACTCATTTCCGATTCCTTCGATCTGCATATTATGCCAAATATCAGGCCCAGGATCGATGCTGAGAACTTGCAACCAACTCAGGAAATGATCCAGAAGCTTTTTATGGAAAACGTTATGGAGCATGCGCCAGGATATTCTCTGCTAAAGAAATCGGTTTCTGCGGACATTCTGCCTACTCCCCTCGGAGTTCAAAACGCGCTGCAAATCGCTTCTGACGATGAGACCCGCAATATCTTCGCGTTTGATATCGGAGGTGCAACCACAGATGTATTTTCCTTCATCCAAGGTTATCACCAGCGCACTGTGAGTGCGAATCTCGGCATGAGCTACAGTGCATGGAACGTATTGAAAGAAAGCGGTCTAAGCAATGTTATGCGCTGGCTGCCTGAAAATATCGCTCCCCAGGAAGTACGTAACTACATTGCCAACAAATGCCTTCACCCCACAGGCAATCCCAAAACCACAAATGAATACAGGATCGAACATGCCCTGGCTAGAGAAGCATTGAAAATGGCCTTGGAGCAACACCGTCAAATGCACTATAATAAAGCTCGGATCGGATTTTTGGACAAGCTAAAAATGGGAGATAAAGATAAATATGAACAGATCTTCGAGTACCAGCGGGAAGATGCCAAATTCTCTTTCCATGAGAGCGATATAGATGTGCTTATCGGTGCCGGGGGCGTCTTTGCCCACTCACAAAACACCCATCAGTGCGTAATGATCCTGATAGACGCCATCAGACTAAAGGGAATCACTGAAGTGTGGATCGACCGTCAGTTCATCTCACCGCATATGGGAGTCCTCTATCCAAGCGAACCAGTCATCGCCAAAAAGGTCTTTGAGCGTGAATGCATCGAAAAACTGGCTCTGTTCGTATGCCCCACATTCGACGGAGCCAGCAAAAAGAAGATACTAAGGTTGGAGATGGAATACGGAGGCAAAATAGCAACCCTGGGGATTGGTGCCGATGAGTTCATTCATATCCCTGCCGGAACAAAAAAGATCAGGCTTGAGCCGATCAACAAGGCCAGGCTCAAGGGATCGAAAGCTCCGCGAATTTTGAGTACAGACCTACCCCTGATAATTGACACCCGGAGAGACGCGGCGACCCATGTGAAAGTCGCGGAAGCAGCGTTGCAAACATATCAGCAGGATGGGCTGGATATCCGAACCACCGATCACAAACCGGTTGCACCAGCAATCAAGGCGGAAGAG
AP029619.1_gap29	1257676	1258214	538	CAAGGTTTTGGAAAACTTGTGCGATAACAGGTCATCTTTATCCCACCAGGATTCGACCTTGTCCCGCACGCGGAAGAATGAATCGAAGAAAGGATGGGTTCTGGCGTTGGTGCTCAGATACCACACGCTCCGGCCCTGATAGGTGGATGACCTGGCCTCCATCACAGCTGACCCGGCAGAGACCAGCCCATACTTTACGTTGAAGGTCAGTTTTTCACCATCCTGAAAGGGCACAGCGCCCAGACCTTTCAACAGGGAGAGCAGGATGATCGCAACAATGAAAGCTTTATATTTCAAGTTTTCCTCCATCTATCAACTGATCTGAGCGGAAAATCCGCCATCCAATACTATGTTTTCTCCGTTCAAATTGATGAGCGAATCGCTCAACAGCAGATCGGTCACCACGCGAATTTCTTCTTTGCTGACAAGTTTTCCGGTGGGGCTTAGCTTGAGGGCTTTCTCAAAATAGCGGCGGCGAAAAGCAAGGTATTCCCCCTGATAGTCTTCCTCCAGCTTTGTGTCCACTGGAGCGGGAGAT
AP029619.1_gap30	1260663	1261536	873	GGACGCCCATGATGTCCATGGACATCTGGCAGGCAATCATCTGCACGCCAGCCATCTGAGCCTGGCGGATCATCATCTCCAGGGAATCCACGTTTTTATCTTTCATGCGCTGGCGCATCATCACGGGCCCCAATCCGGCAAAATTGATCTTGGACAGGCCAAGGCCCTTGCTGCTGCTGGGCAACATCATGCCAAACATCTTGCCCATAAAGTCTTTCTTTAACTTGGGACTGTCTTTGCGTTTGATCACGTTCAGGCCCCAGAAAGTGAAGAACATGGTCACCTTCTTGCCTGTCGTGGCAGCCCCGTTGGCGATCACAAAGGATGCCAGAACCCTGTCCAGATCGTCACTGAAGACAATCATGGTCTTGTTTTTACCCGCCGCCGTGGAAGAGATTTCCTGCGCTCCTCCTTTCTGGATGGTGGCTATGATCTTCCTGCCTTCCTGCCGTACTTCGACCATGGTATTGCCTGTCATCTGGCACCAGGCTGGCACGTCCTTGGCAAAGCCTTGATCCGTGGCCGTTATGCGCAGTTGGTCGCCATTGGCAAGTTTATCCATTTCCTGCTTCAGGCGCATGATCGGGCCGGGGCATTGCAAGCCGCAGGCATCAGCTTCGATGATTTTCCCTGAAGGAGCTGCGGATTTGGGCTGGTCGTTCTGTTGGAGCTGTTCATCTTTATGGGTGCTTTCGCCGGCAAAGGCGTTCTCGTTGCCTTGCTGTTGGTTGGCATTTTTGTAGGTCATGTATCCTCCCGAAAGATTGTAAACTTCGTTAAAACCGTTTTGCATCAGGATGCGACAGGCAAAATAGGAGCGGTGGCCAGTCCTGCAGAACAGCACCAGTTTCTTGCCGCGGGGAACTTCGTCCA
AP029619.1_gap31	1304071	1304745	674	ATTGCTGATTGCCCGCCTCGCCTCCACGCCCAACATCTCTGACCTGATGGATATGGGGCTGGGCATCCCCCAGATCCTCAAACGCTTCCTCTTCACGGAAAAAGACTTTAGCCTGGAAGAAGCACATCCCATCCAGTATAAATGCAATTGTTCCCGGGAGAGGTTTGAGCGCGGGTTGAGGCTGCTTGGGAAAGAGGAGCTTTCGGAAATGTTGGATGGCGTGGAACCCCAATGCCATTTCTGTAACGCCAGCTACCACTTCTCGGGCAAAGACATAGCAGGCTTGATTGCCTCACTGGAGCGGAAAGAATGAAACGGCTTCTACTGATACTGGTTTTGCTAACCACAAGCCTCTGCGCCGTCTCGCTGGATGACCTGCGCTTTTTGCTTGATAAGGAGCAATTTGCAATCCTCGCCAGGCATGACGCTTCCATCGAAAGAATGTTGAGAGGAGATAAGCGGGAACTGCTTTTTGTCCTGGAATACGCCCAGCGGACATCGAATGACGCTTTGGCCCTGCGCTGCCATCAGGAACTGGCGTTGCGGGAACACTCGCTCCCAGACGCGGCGCGATGCCTGGAGCTGGCCAGGAGTATGGAACTCGATGAGAAAGGGTTTAATTCGCTTCGCGGCCGATTGAGCGAAGAATTCAGCGCGCCGGACGAAAGCGTCGT
AP029619.1_gap32	1310596	1314138	3542	CAATTATTACGGCCAACTCATCTCCCCCAGCGGACAGCGTCAATGGGAACCGCTTGGCGTCAATCTCGCGGATTACTCGCGGGAACAGGAACAGGCTGTGATCGCCAATACGGATGTCTGGAGTGACGGAGTCGTGTTCGCCTTCTGCGAAAATATCGACGGTTACCACGATATCGTCGCCAGCCGCTACTCGCTTTCCGGCTCGCCGATGTGGGGAGACCTGGGACACTTTGTGGTTCAGAAAGACAGCACCCAGGCCAACCCCAGCCTGGCTCGCTTCAGCTCCGGCGGAATGGCGATCGCCTGGACCGAGTATCTGAGCATCGAAGCCGACATCTATTACAAATACATCAATGCCGACGGAAGCTTTGTGGGCGAGGCCGGCGGCAATATCCTCTGCGACGCGGGTAAATCCCAGTATGAGCCGCTTGTGGTGACCAAAGGCAATGATGCCTACGTTATCTGGGCGGATGGGCGTTCCAGCGGAAAAACCGAGATTTTGGGTATCTTTGCTCAAAAGCTGAGTTGTGAGACAGTCTCGAACTCCGATCCCACGGCTCCCTCCCTGAATTCATTTGACCTTCTGCAAAACCACCCCAATCCGTTCAACCCCAACACCACTATCCGGCTATCCATCAAGGACAACGCGCGCCCCTACTCACTGAACATCTACAACATCAGGGGACAGCTTGTCCACACCCTGCACGACGGTGTTTTACAAAAAGGCATGCACACCTTTACCTGGGATGGCAGGGACAAGGACGGAAACCCGATGGCCTCGGGCGTTTACCAATACCGCCTGAGCGACGGCAGGCAAAGCCAGAGCAAGCGCATGGTCTTGTTAAAATAACCTTGGGGAATAACATAATACGCAGAGCCCGGGAGCATTTCCGGGCTTTGTGTGTTCCCCGGGGAAAGCCATTTGGCAAGACCGTTTGAAGTCAGCCGGCCTCGGGGTTTGGCGAAATCCATTCAAGCTTCCTTGCCGGCTTAAAATCCCAACTCAGCCAGCATGGAGTTCATAGGGCCTTAACTGGCTGTTAATCTCCACCCGACGCCTGGGCTCTATGTTACTCATAAGGAGAAAAGAGCCCCATGCGTGATAAAGGCAGGCGAATCGGCCTCATACCTTGATGTCCCACCGACAACCCATTGACGCCCGGCCAAAAGCCCGCCCGGCGATTGGTCAGCGGTCAGTCAGCGATCAGCCGGCGATGAGCGTATGAGGGCGTGGGTGATACTTTTTAACCTGGATTATTACAACAGGGGTTCACATTCCACCATTTCACCTTTCCACGGCTGTTACCAAAAGACTGGATCCCGGGTCAAGCATGCGCTTGCCCGGGATGACACGGTATATAGTCTGGTTTGGTCTGTTTCATGGTCGGGCTGCCGAAGTCTGTTCGGCAGAGGCGACGGAGTTGCCTGTCGGGGAGAGACCTCCGGTCTCTGTGGCAAACGGACTTTGCCATCCCCTCGTGATGACGCGGTATATAGTCGGGTCACTTACCACCCTTTCAACAATGGTCTTTTCCAATCTATATCCTGCTGATCCTGTCATCCGCGTTCTATTATCCATTCCACCTTTCCACCTATCGTAGCACCTATATATTATAGAGGGATGGGCCTCATTTGCATCACCCTCCCAGACAGGGGTCTTCCGGCAGTCATCCTTAACCCGGTAAGGGATGACCTAAGGATGATAGCACCAAAGCCAGTCGCAGCAAAGGAGGGCGGTATGAAGGATTATGGCGATGGTTGTAGTAAATTTGTAGAAAGGTGAAATGGTGGAACAAGGCGGTTCGACGACCGCCTGTACTGTACCGGCGCTTGCATAGCGCCGATTGGAAAGACCAGCCAGACACGAAACATACATCCAACAGACTACATTCCGTGTCATCCCGGCCTGTCGGGGTCCCCGCCGAAGCGCGTAGCGGTTTGGTGGGGTGACCTGGATGACGGGATAGGCAAGCGCGGTGTGTTCCTCCACATTATTGCGCCAGGATTTGGAGTAAAGCCGATATTTCCATTGACAAGCCAAGGCTCAAATTAGATTTAGGTTCATACTTACGACCATGGAGTTCGAGTGAAAAAAGTTAAGATCCAGAGCCTCAGGATATTGATCCAGTCACTGTTTTTGTTGCTTGCGCTGTCATGGTTAGCTATCTCTATTATTGGGGTCACTCGCAGCATCCACCAATTCTGCCCTTACGCCGTGGTCTGCTTTGGTTTGCGCTGGGGTGTTTTATTGCGCCTGGGCGGGGTGTTGATGTCGGGAGCCATCATCTTTGGATTCGCGGTTCTGGTTTCCACTCTGTTTTGGGGACGCAGATTCTGCGCCTGGCTCTGCCCATTGGGAACCGTTCAGGAATGGCTGTTCGCCCTCAGATCGCGTCAATACAGGCTCAAATGCAAATTGCCTTTCTACGCGGACACCAAGGCGGCCTGGCTCAAATACGCCCTGATGGCGGCCACCATCCTGCTTTCCATTGTGGGCCTGGGCTATGTCTCCATCAGGCTCTGCCCCTTCTATTCGCTGTCATTGATACCCAGGATCGCCTTCCCGGGGCTGATTCTGCTGATACTGACCCTGGCGGCTTCCCTGTTCGTTTCGCGTCCCTGGTGCCGCTTTCTCTGTCCCTATGGGGCTTTGATGAATGTTTTCCAGATCGCCGGACGTAAGGCGGGAATCCCCCGCAAGCTGGTGAAAAGGAATCTGGAACGCTGTACCGATTGTGGCTTGTGCAGCCTGTTGTGCCCGATGAATATCAATATCGGCGAGAACGAGTATGTGGAAAACGTGAATTGCATCCATTGCGGCGTCTGCGCGGAAAAATGCCCCAAAAAGGGCACTATCGATGAGGAGAGCGTGTGTCCAAAACAGCTTTGATATTGGTCGTAACGCTTTTGGTTCTGGTCGTTGTGCTCCAATTGCTGGCCGCCCTTAATATCTTTCCCCGCGCCAGGCTGGTTCCCGTCTGCCCCGTAAACGCGATCCAGATGCGAAATGGCAAGGCGGTGATCGACCCCGGCAAATGTATAGGCTGCCAACGCTGTGTGATTGGCGTTCCCGGGATATTAACCCCCGTGAAGGAAGACTCTGTCGCGCAGGCTTTGGCTCCCATTGAAAGCCCAGCCGATCCGGTCATATCAGATAATGCCGTCCCCACAAAGGCTGCGCCAGATAAAGCTAATCCAACCAGCCAGGTCAAACCTGCCAGGCCACAGGAAAGGAAAAGCTATGCCGTGGAAGCGCAAAAGTGCATCGGATGCGGCCTGTGTACGCTTTTCTGCCCGGAAGGGGCCATTAGCCTGGTGGATGGCAAGGCAGTGATCGACCCTGGTAAATGCGTCAATTGCGGTATCTGTAAAAACGGGAACGGCGGCGACTACGATGGCTGTCCCACTGGCGCCATCACAGCTCCCTGAGCAGGTTTGGTTCCGGTCTGCCAGATTGCAGTTGACCAAAACATGAGCTAATTTTTTAATGAAATAAAACAATAAATAACAATGGAGGATACCATGAGAAAGACCGTGGTTGT
AP029619.1_gap33	1342563	1345667	3104	AGCCGAATTTCCACGTGATAGATGCTTTAGTCGGAGACGATGACAGCGGTAGTAGTCTGGTTAGACAGATCCCCGGCAACGAACAGACTTACACGCTGCTCAAGTCGTTCTGGGAACCCTTTGATGAAGTTAATTATTTCTACTTTGGCATCAACGCCATATCTTTCGAGCTTCAGCACAAATACAAAGTACTGATCGTGGGTAATTCGAATACCTCGTATGATTGGAATGATGGTGAAGATGGCAATGGTCAAGCCCCCAGGAAGCCGGGATCACAGTTCCGCTTCATGGACAAGATCGAACAAGAGATCGTCAAATAGCGGATAGAGAATAAGTAATAATACAGGCCCGCTGCTGAAGTGGGCCTTTTTTTGCATGTAACCACGGCAGCAAAAGAACAAGGATTGACTTTTTGGAACAACACAGCAACTCGAAGCACACCAGCGCCATAGCCCTGTTTTCCGGCGGTCTGGACAGCATCCTGGCAGTAAAATGGATGCAAAACCTCGGCTTTCGGGTGTATGCGGCGCATTTCAGCGCGCCCTACCTTCCACCCGAAAAAGCCATACATTATGCACGGGAGAACGGCATCGAACTGATCGTAAGGGACATCACGACGGAACATCTGCAAATGATGCAAAACCCCGTCCACGGCTTTGGAAAGCACCATAATCCCTGCATCGACTGCCACGGCCTGATGTTTCGCATGGCGGGGAAGTTGATGGAAGAACTGGGAGCTGGCTTTCTGATCTCGGGCGAAGTGCTCGGGCAGAGGCCGATGTCCCAGCATCGCAATGCCCTGCGAGCGGTGGAGAAACTGAGCGGTTACGGCGATCTGATCGTCAGGCCGCTTTCCCAAAAACTGCTCGAGGATACCAAGCCAGTGCGTGAGGGATGGGTTGACAAAGCAACGCTATTGGATATCAGCGGGCGCAGCCGGAACCGGCAGATGGCGATGGCAAAGGAGATGGGGATCACCTATCCCGCTCCGGGAGGCGGCTGCCTGCTTACGGACAGGAGCTATACGCTTCGCTTGAGGGAACTGCTGGACAGGGGCGAGGGCAGCCCCGAAAACATCAGGCTGCTGCGCTGGGGCAGGCATTTCCGCCTGGCAGACGGCATAAAACTGATCGTGGGAAGAAACCAGGCAGATAATGAAGGCCTGCAGCGGGAAGCTTATCACGGCATCTATCTGAAGCTGAGGGATTGGAAAGGACCTCTGGGGCTGCTCACCAGCAATGACGTTTCCGGCGACCTTCTGGCCAGGGCCGCGTCCATTGTCCTGAGTTATAGTGGCAAGGCCACATCCCCAGCCTATGTCAAGTATGGAATTGACAACATCTGCGACCGGGAAATTTTGGTTGGGAAACTTGGAGAAGCCGAGTTGAAACAAGACATGATTGCATACGATTAGGAGTGACCGATGCTCAAAGTGGAAAACCACATCTTATTACCGGGATTTGAGACCAACACCTGGCTCTTGTGGGATGACGAGAGCGGTGAAGCGCTGTTGATAGATCCCGCCGCCCCATCTGAAGAGCTTTTAAGCAGGATCGCAGAGCTTAAACTGCGCGTCCTGTATATAATCAACACCCACGGCCACGCTGATCATATCGGCGGCAACAAGTTCTTCAAAAACAAGCTGCAAGCTCCGGTCATGATCCACCCCGCCGACGCCGGAATGCTTGTCGATAATAAAAAAAATTTCAGCGAGTATCTGGGTGCGCCCCTGGAAACAATGGCAGCGGATATTATGGCGGACGAGCAAACCCAACTGAAACTGGGAACTCATCCCATAACTCTGCTCCACACACCAGGACACACGCCTGGCGGCATCTGCCTCCTGGCAGGCAAGTTTCTGATCAGCGGAGACACGCTCTTTGAACTGAGCATCGGACGCACCGATTTCCCAGGCGGCAGCCACAGTCAGCTCATTCGCTCCATCAAGGACAAGCTCTTTGTTCTTCCCGACGATGTGGTCGTCTGCCCCGGGCATGGCCCCCGCACCTCGATAGGCATGGAACGTAAAAACAATCCCTTTGTGAGATGAAGATGAAACACAGCATGGTTCTTATTCTGGATTTCGGCTCCCAATATACCCAGTTGATAGCCAGGGCAATACGCTCTCTGCATGTGTATTGCGAGATACATCCCTTCGATCTGAGCGCGGCAGAGGTCAAAAAGCTTTCCCCCCAGGCGGTGATACTTTCCGGCAGCCCCTTCAGCATTAAGCAAAGCAACGCCCCACGGCCGAATCAAATCATCTGGGAGCTTGGCGTACCCATCCTGGGCATCTGTTACGGCATGCAACTGGTGATAGATCACTATGGCGGCAGGACCGAACATCTCAACGCGAGGGAATATGGCTTCACTGGTTTGACGATCAGCGAAAAAGGCAGACTTCTGGAAGGATTGCAGGACAGGGAGCAGGTCTGGATGAGCCACGGGGATTCGGTGTCGCAGCTGCCGGCTGGCTTTCGCGTCCTGGCAAACACTCCGGGAGCCCCTTACGCGGTGATAGAACATGAAAGCGAGGCTGTTTTCGCTTTGCAGTTCCATCCGGAGGTAGTGCACACCACCAACGGCAGAACCATCCTGAGCAATTTTATCCTGAAAATAGCCAACTGCGAGCAGGATTGGACGCCGGAGTCGTTCCTCGCGGAATCCATCTCCCGCATCAGGGAGCAGACAGACAACCAGAAAGTGATACTGGGTCTCAGCGGAGGAGTGGATTCCTCTGTGGCAGCCATGCTTCTCTACCGGGCTATTGGTGACAGGCTCATCCCCATCTTTGTGGACAACGGTTGTATGCGCTACATGGAGGCGGAGCGGGTGCGCGAGGTGTTTTCCCGGATACCGGGTTTTGAGCTGCGCTGCGTAGATGCTTCCGACCTGTTCCTCAGCAGGCTCAAGGGTGTAAAGGATCCGGAAAGCAAACGCAAGATCATCGGCACTACCTTCATAGAGGTTTTTGAACAGGAAGCGGAGAAATATGACAATGTGGGTTTTTTGGCGCAGGGAACGTTGTATCCGGATGTGATCGAGAGCGTATCCGCGAACGGCCCCTCCGTCACCATCAAGAGCCATCACAATGTGGGCGGTTT
AP029619.1_gap34	1354599	1358020	3421	TCACCAAATGTATTTAGCCTTACGAGATGGTCCTCGCTGATTCACCCAGGATTCCACGTGTCCCGGGCTACTCGGGATCCGGCTACCAACCGACACTCATTTCAACTACGGGACTATCACCCTCTCCGGTCAACCTTTCCAGATCGGTTCGTCTATAAGTGACAGCCAGATGTCGCCGTCCCACTACCCCAGCTAAAAAGCTGGTTTAGGCTATTCCCCGTTCGTTCGCCACTACTGAGGGAATCGTTCTTACTTTCTCTTCCTGTGGCTACTAAGATGTTTCAGTTCACCACGTTCGCCTCCCTAAAAGGGATGCCAGGTCTTCAACCTGACGGGTTGCCCCATTCGGAAATCCCCGGGTCTATGCTCGCTTACAGCTCACCGAGGCTTATCGCAGTTCGCCACGTCCTTCATCGCCATTTGGTGCGTAGGCATCCACCATGCGCCCTTTGCGCTTTCACCAATTAAATATCCTTTTGTGTTATACTCTCTCTCACACCGCGGATTCACTCTATAAAATATGTAAAGAACTAATCTAAAACTTATGTGTATTTGAATAAACAATTATTATTTGGTGGAGAATGACGGATTCGAACCGACGGCCTCCGCCTTGCAAAAGCGGCGCTCTCCCAACTGAGCTAATTCCCCTGTAACATACAGAGAAAGGAATGAGGGAAAGATCATCTTATTGCACCTTATAAAGGAGGTGATCCAGCCGCACCTTCCGGTACGGCTACCTTGTTACGACTTAGTCCTCCTCACAAAGCACACCTTCGAAAGCTGCTCCCCTTGCGGGTTGGCTCACCTCCTTCGGGTGCACTCCACTCGGCTGACTTGACGGGCGGTGTGTACAAGGCCCGGGAACGTATTCACCGCGCCATGATGTTGCGCGATTACTAGCGATTCCGACTTCATGAGGTCGAGTTGCAGACCTCAATCCGAACTGTGGCAGCTTTTATGAGATTCGCTCCACCTCGCAGCTTCGCTTCCCTCTGTAACTACCATTGTAGCACGTGTGTAGCCCCGGACATAAGGACCATGATGACTTGACGTCGTCCCCATCTTCCTCTGCGTTGTTACCGCAGCGGTCCTTCCAGAGTCCCCAACTAAATGATGGTAACTGGAAGCAGGGGTTGCGCTCGTTGCGGGACTTAACCCAACATCTCACGACACGAGCTGACGACAGCCATGCAGCACCTGTCTTGCAGCTCCGGCAAAGCCGGCACGGCCTCATCTCTGAAACCTACTGCAGATGTCAAGACCGGGTAAGGTTCTTCGCGTTGCCTCGAATTAAACCACATGCTCCACCGCTTGTGCGGGCCCCCGTCAATTCCTTTGAGTTTCAACCTTGCGATCGTACTCCCCAGGCGAATCACTTATCGCGTTAGCTACGGCACCGAATCCTCTACGAACCCGACACCCAGTGATTATCGTTTACTGTGTGGACTACCAGGGTATCTAATCCTGTTTGATACCCACACCTTCGCAGTTTAGCGTCAATTACGGCTTAGAAGACTGCCTTCGCCTTAGGTATTCCTCCTGATCTCTGCGCATTCCACCGCTACACCAGGAATTCTGTCTTCCCCAACCGCATTCCAGATCTACAGTATCTCCTGCCGAGCAACGGGTGAGCCGTTGAATTTGACAAAAAACTTATAGATCCGCCTACCTGCCCTTTACGCCTAGTAATTCCGGACAACGCTCGCAACCCCCGTGTTACCGCGGCTGCTGGCACGGAGTTAGCCGTTGCTTATTCATATGCTAATATCCCTGATCCCACGCTATTAACGTAGAACCCACTGCTCACATATAAAAGAACTTTACACCCCGAAGGGCTTCCTCGTTCACGCGGCGTCGCACTATCAGTCTTCCGACCATTGTAGACTATTCTCGACTGCTGCCTCCCGTAGGAGTCTGGGCCGTATCTCAATCCCAGTGTGGGCGACCACCCGTTAAGGCCGCCTACCTATCATCGCCTTGGTGTGCCTTTACCACACCAACTAGCTAATAGGACGCAGGCTCATCCCCAAACGACAGCCCGAAAGCCATCTTTTAAACAACATCGCTGCTGCTATCATCCGGTATTAGCCCAAGTTTCCCTGGGTTGTCCCCGTCTTGAGGGTAGATCACCTACGTGTTACTCACCCGTTCGCCACTCTCTGATGCCCGAAAGCACCATACCGTTCGACTTGCATGCCTAATCCACGCCGCCAGCGTTCGTCCTGAGCCAGGATCAAACTCTCCATCATAATTATAATGATTTTTGACAAGAGCCTTTCCTCTCATTCCCACTCTATATACATGATAAAGATCTTGGCGTCCGGATGCAAGCATCATCAAACGCACGTTTTGCCATTAGTTTGAAATGCCGCTTTTTTGTCAACACAAATCTTTCGACAATTACCTCTACTCAGGACAGACGCATCATATAACACATTTAAATAATACACTGTTACAGCAGGCTAAAATATTTTCGTATTCATGCCAATCTCCGGTTATAAACTCTATAATACCGGAATTAAGTAAGCCAATCTACCCGGAATCAGAGCGTCTTTCCAGAAGGCATTTACCCATAAATGACGTAAATGCGGAAGAAAAGATATGATCAATAGGTGGTTATCGCATAATTACCCCAGTCAAAAACAGGAAATCTATCTGACCCTCCATAGCGCGCTATCCTTTGCTGCTAAAGCATTCCAAGCCATCATCCTTAGGTCATCCTTGTAAAAGTTAAGGTTGACCCCAGGTTGACCCAGTCTTGACGGAGAGTTTCAAAGCTGAGCGAAAGAGGTTCTGGCTGTTGTAATCCTGATTTGTGTCGGGACGTTTTGAAATTCTGCACTTGACACAATACGTATTGTGGCTGAGAAGGATAACAAATGAATAAAACTATCAACAAACAAACTGAACGCGCGATTGTTCTGCTGAGTGGAGGCATGGACAGCCTAGTGACCGCAGCAATAGCCAACAGGGACTGCCAAGAGCTGTTCTTTATGCACGCCAACTATGGGCAACTCACAGAAAAGAGGGAGTTGCTAAGCTTTAATGAGCTGTGCAAACATTTCAAGCCCAAACAGTCGAGAATCCTCAACTGGGATTGGTTTGCGCAAATAGGCGGTTCCGCTTTGACAGACCCATCCATCGAACTCCCTTCCAGCGCGGAACAAGAAGGTATTCCGATTACCTATGTGCCTTTCCGCAACGCCAATCTGCTGGCTGCCGCCGTTTCCTGGGCTGAGGTTTTGCACGCTGAAGCCATCTATATCGGAGCGGTGGAAGAGGACAGCAGCGGTTATCCAGACTGCAGGGAAGTTTTCTTCCGTGATTTTGAGAAATTGATACAGACAGGTACCTGCAACGAGTTCCCCATCCACATCGAGACACCGGTGTTGCATCTTAGCAAAGCGGAGATCGTGAAGCT
AP029619.1_gap35	1408564	1411563	2999	AACTTTGCAACCGCATACCTAAGGATGATGGCGCTAACTCCTTTGGTATCAAAGGAGAGCGGTGTTACGGATATTGAGGAAGGTTGGCAAATATTATGTGAATGGTGAAAGAAGAAAAGCAGGGACTGGTAAAGCAGTCAATTTGTTTCCGCCTGTGACAAGCAAGACGCGTCACAGTTATGGTAGACTTGGATATATCTGGTTTTCAGGGATTGTATTTGAAGTTTTTAGCGGCGATTTATACATTTTGTTCCATATCACATATTTTGCTTTACTTATACTCAGCGGAATGACCGAGATAAAACTTGACAACAATTCGACCCTCCCCGATAATGACATCTGGAATTGAGGAGTCGATATGAAACGCTATATTGTACTTTCACTCATATTGTTCGCTGGCCTGACGCTCAGCGCGGAAGAGCGTCTGGTCTTTACGCATACAAGCACCACCGAGATCACAAGCCCATACTTTCTGGCGGAGGTGGATTCCGTTCTCAACCTTTACAGCTACAGCGAAGTGGACGGTATGATGCAAATCCTGAAGAGGAGCCATTCATCCCACACCGGCGAGGTGAGCAGCCAGGTTATCTGGCAACAGGCGCTTCCCCCCAATCTTGCCAGCCCCCTGCTCTGTCACAAGGGGGAACGTATTTATGGCAAGCTGTGGGTCTATACCCATCACGCGGATTGGTTGGGCGCAATCTCCCTGGACGATGCCGGCAACGCCCAATTCCACCAGCTCAATGTCCCTGGCTCAGCCACTGATTTCTTCATACTCCGCATGCTGCAACACTTTGGCGAGGGGCATATTTACTTTTTTGCCAATACTGACCTGAAGCATTGGGAGCTGGCCGCCAACCAGGCAAACACAGTGGTTCAGGTACCCGGCATTGATTACGAGTTTGAGAGACTGGGTAATGAGTATCTGCTGATCTCGGGAGTAGATCACAATGCCCCATTTCACACATACCTGCTGGATAGCGGCCACAACCTTATTCAGACTAATCTCGTGAACTGGGAGTTCTGGACTACCTACAGATTTCAGGAAGGCCTCTATTATACAGATTATTCCTGCCCTGACGAAATGGGAACTGGTTCAATCATGATCAATAATGGCAATATTGATTTAGTGACTTGGAGCCTATATGGTGAATGGCATCCCAGCACTTTTCGAATCCACCCTATCCTGAGCCTGCCGGACTCTCTTTACCTCTTTGTCTATACTTCCACGCCCTATGATGAGCCTCCAAGCTCCGGCTTCGTTATTAAGCGTTACAATGGAGCGAACAGCTTCAGCAACTACTCAGGGTTCCCAGCTACAACTGAAAGTGCCTTAAGTGTTAATGCTACATTTTTTGCTAACAAATTGCTTCTGATGGGCTGGCAGTCTCCAGGCTTTTTTGCCAGGGTGGCAGATTTGGATTCCCAGACTTGGATACAGGTTGATTTCTCAGAAGATCCATCTTACTCGTTAACATATCCCAGTATTTACAACAACGATGAAGCCATCTGGTTTATCTTTGAGCGCTATGAAGGTACGGAGCTCTTGAAAAGCTACCGGGGGGATTTCTGTGTGGAAAGCGATGATCCCCTTGCTCTCAAACCAAACAAACTGACTCTGTACCCCAACCCTGTCCGGTCGCAGGGGCTGCTCAAGCTGGAGAGTGACGCTCCCACCAGTTCCGTGAAGCTTTACAACCTGAGGGGCCAATACCTCGAAGACCTGTCCCTTGCCTCGCAGACATCCAATGAGTACAGAATCCCGGAGCTATCAGCGGGGATTTACCTGCTCAGGATCACAGACGCGTATCAGAGGACCAGCCATAAAAAGCTCCTGATCAGGGACTGAGCCTCAGGGCAGCTCCAAAACCTGTTCCCCTCGCGCTGGCAAATTGCGCTATGGGGATATTGGCGCGAATGCCAGTCTTATCTGCTTGACAGAAAGCAACGCTGTTTTTTGATGGAAGAAAGTAAATTTCACCCTGAGGGAGTATTGGAAGATCTCAAATCAAAGGCTCTGGTGGACAACCTTGCCCTGACCAGAGTTGCCTCAATAGAGATTCCGCCGGATGCCTTGTGGCTGCTTGGCCTGAGCATGGATTATTTTGGCATCCATCAACGCTTCAGGGCATTTTTGGACGAGCTTTACCACCCCTTTGCCAATCTGGAACTGGCCCTGAACCTGATGCGGCAAAGCCTGATCCCCGACCTGTGGCTCTACGCGCGCCATCCGGAGAGGGATAGGGCTGTAAGCGTGATCTTCAGCCTGGTGGACCGCATGCGCTCCCTGGCTCAAAGCAAAGCGCTGAGGAAAAGGCTGCTGCAAGAGCATCTGGAGCTGGTGTCGGCGCTGGCGGAGTTTGGGGAGATTCCCCAGCACCTCTACTTTGAAACCCTGGCTTTTTTGGAGGATTGGGCTGGAGAGGAGCCCGGGCTGTTCACCCACGCGTCCGGATATTGCCGGAAAAGCCTCTTTAAGGTGATCCGGCGCCTGGATTCTGAAGACAGCCGGGAGTTTGAAGCGCGGGCCGGGGATTTCCTGCTGGCGCAACTGGCAGGTTCCCTCGCCGAGTGGGAGGCCATGACAGATATCGAAAACTGGCATGCCCGGCTCCAGGACCCCCTCCTGCCCCAGGTGGAAAAGCTGAGCGGACAGATCGGCAAGGCTTACTTTCAGCGCCTCAAGAGCGAGCTGCAAGCCGCCACCCGATCCTCCGACCTGGAAAAAATCCCCTCCTACGGCGAGATAGCCGCCTTGCACCGTTCGCTGATTGGCAGTTTTACGGGTCTGAACGCCAGGATACATTACATCTTTTACCTGCTTGCCCTGCCGGGCATGGCCGACCTTTCCGACCACCTGCTCTGGGATCTGAACCGCCAGCTTGCCGACCTGCAAAACGCCATGAATCCCCACCAGATAATGCTGTTGCTGGATTCTGTGTTCGACTCGCTCAAGGGGTTCCGCGCCACCCACCAGAGCATCGTGCTCGATTGCGTCC
AP029619.1_gap36	1425892	1429132	3240	TGGAACAGCTCCATCTGCGGATCGAGGAACAACAACAAATACTGGCCAGGCACAAAAACGATCTGGAATCCATCCACTTCCAGCTTTCAGACTCCGCCACCTACAACGATCAGGGCAGGGTGCTAAGTCTGCAAAAAGAAATGTCCAGCCTGGAAGAGCAAATTCAGGCTATCCAGACCCGTTTGAACGAACTTGAAGACCAGTATCTGATACAGAGTTATGAAGAAAGCTAAACGCATCGGCTTCACGACCTCATTTCCGGTGGAGGTGATCTTTGCGGCGGGTCACATCCCGGTGGATCTGAACAACATCTTCATCGAGGGGAATGCCGCACAGCATATCCGCAACGCGGAACTGAAAGGATTTCCCCGCACCCTCTGCGCGTGGATCAAAGGCAATTTTGACGCAGCACTCGCGGCGAATCTGGATGAGGTGGTGGGGATAGTGCAGGGAGATTGTTCCAATGGCGCCTCCCTCACTTCGATGCTCAAGGAAGAAGGCCTGCCCGTGTGGCACTTTTCCTTTCCCCAGGAGCGGGATTATACGGAACTGGACAAGGAGATCGCCAAGCTGGAAGAGCATTTTGGGGTAACCCGGGTTCAGACGCTGCAAGCCAAGCGGTGGCTGGATTCGATCCGGAAAAAACTGGCTATCCTGGATGGATGGACTTCACAGGAAAGGCTCGTAAGCGGCAAGGAAAACCACATCTGGCTGGTGAACTCCTCAGATTTCTGGGGTGATCCTGACCGGTTCGAGAGCGAATTGGACGCCTTCCTCAAGCAGGCCTCGCAACGGCAGCCCATAGCCTGCAAATACCGCTGCGCCTACCTCGGCGTGCCCCCTATCTACAGCGACATCTATGACCGCCTCCGGGATCTGGATGCCGATGTGGTCTTCAACGAGGTTCAAAGGCAGTTCTCCATGCCCCCGATTGATGATGATATTGTGCGGCAGTATCTTGCCTATACCTATCCCTACAGTGTGTTTGAGCGCCTGGAGGATATCCAGACCCAACTGCGCGAGCGGCGCGTGGATCTTGTTTTCAGCTACACCCAGGCTTTTTGCCATCTGCAGATCGACAACATCCTGCTGAAAAAGCACCTCGATCTGCCCTTCCTTACTTTGGAAGGGGACCAGCCAGAAGAGTTGGACAGCAGGACTCTGTTGCGGCTGGAAAGTTTCTTTGAGGTGCATGGATGAAGCGGGTCGTCCTGGGCATGAGCGGCGGCATCGACTCCACCGTTTGCGCCCTGCTGCTCCAACAAAGCGGATATGAGGTGATTGGCGTCACCATGTCCATCTGGGATGAAAACAGCGTCCGGGGCGAGATCAGCGGCGGTTCTTGCTTTGGCCCCCAAGAGAAGGAAAACCTCGTGGCTGCCCTGATGGCTTGCGCGAAACTGGGGATCGAACACCATATAGTTCCCTTGCAACGGGAGTTTGCGACCTGTGTTTTGGACTATTTCCGCTCCACCTATCTGGCAGGTAAAACACCCAATCCCTGCGTTGTCTGCAACCAAAGCGTCAAGCTTGGCTTTCTGCCCCGGCGCTTAAAGCAACTCGGCATACCCTTCGATCTTTTCGCCACCGGCCACTATGTGCGCAACGATTATTCGGAGCAGACCGGGAGATGGCAGCTTCGGAAAGCCAAAGACCCCGGCAAAGACCAATCCTACTTTCTTTGTTATCTTACTCAGGAGCAGCTTGCCAACACGATCTTCCCCCTGGGAAACCTCACCAAGAGCGAGATTCGGGCTCTGGCTGCCATGCATGGCATGGACTTTGTCCTCACCAGAAAAGAGAGCCAGGACTTCCTTGGCAGCGACCAGTATCCCCTGCTCTTCCCGGATGATTCTTTTGAACAGGGAAACATGGTCGATCCAGAGGGGAAAATAGTGGGAACCCACAAAGGCATCATCCATTATACTGTGGGACAAAGGAAAAACCTTGGTTTGAGCGGAAAAGCTGAACCCTGGTATGTCATCTCCCTGGATTCGGCAAGCAATCAGGTGTTGGTGGGGCCCAAACAGTATCTGTACAAGGACAGACTGACCGCGCAACGCGTCAACTGGCTTTCAATCGAAAAACCTGACAGGGAAATAAGGGCGGAAGCCAAGATCCGTTTTGGCCATGATGCAGCTCCCTGCCAGATCACCCCGACCGCGGGAGATGAAGCGGAGCTTGTGTTTGACACTCCTCAACTCTCCATAACCCCTGGCCAGATGGTGGTCTTTTATTCTGGTGACCTGCTGCTTGGTGGCGGAATAATTAAGTAATATTTATAGCACGGATGAACACCCCTTAATCAACCAACTCCCTACATTCCAAACGCATATCAAGCCTGATATATTCTATTTGACACAAAGCAGTGAGGAAAAAAGAGTGGGATATCATGAAGACAGTAAAATGGGATCTTGACCTCAACCCTGAGCAGCTTGCAACGCAGAAGGGTTGGGCTTTTTTCTGCATACAGGGTGACTCAGGTCCCCTGTTGTGCGGCTACACGCCCAATCTGGCTAAACGCCTGAGCCTGATTCTCAAGAAAGCTGAGGAAGAAAACATCTACCGTCAGATGAGCCAGCAAGCAAGATCCTTACAGTATGAGATTTTTCCCCAGGCAATGCAGGCTCTGCTGCGCCATAAGGTCTATTGCCTGCAAAACCAACCTGCTTTCCAAAGTAAAATCCTGCCTTGGGAAAACTACTGCTATCTGGCTTTGGATGCCTATCGTTTTCCCTTTGTGAGCATACAGTCATACACCGATGACGACTGGCTTTACATTGGCCCCTGGCGCAGCCGGTTCATGTTGGCAGACGTCATGGACAGCCTTTCGCGCATCTTGAAAATCCCTTTTTGCGAGACGGGCACTTTTCCCTGCCACAAGCTTGATAGCCAGGTCTGCAAAGGCTATTGCCTGGCCCTGCAAGAAGGGCTTTCGCAAAAAGCAAAGCCGGATTTGGGCAAGCTTCAGACGCTGTTGGAAGAAGCCTTTACACATCCGGATAATGGCATTTTGGAACTGGTAGCCAAAGAACGGGACAACTACTTCAATGATCTGGAGTTTGCCAAGGCAGATTTACTGAACGATGAAGTGGAAATCTTGAAAAAGTACCGTGAATGGCTTGAATTTCTCATCGCCAGCAAGTCGATAGCCCTGGATGGGACGGATTTTTCCGTGGAAGGTGGAATGCTGAGAACCTGTAATCTGGATGGCAAACTCTATGAGTTTACGCGGCCCGC
AP029619.1_gap37	1437688	1439720	2032	TGCTTGGAATCAAACTCCGGCTGTTCCAGGAAATTGATGCTGCCGTCATAGTTGATATAGAAATCGCTGATATCGATAAAAGCCTTGTGCAGCTCGCGCAGAAACATGCTCACCAGGGCGTTGTCCTGATACATGTTTTCCCGCATCTCCACCAGCACTTTGTTGGCTATGTCATAGATGCGCAATCCAGCCAGTTCGTCATTCAGATAACGCACCAGTTTCCTGAGCTGGCCTTCGGTGATCTCATAATCGAGCTTCATGACAACCGTCTTGTCCAGGCCGGAATCCAAGCTCATCACAAATATATACTTGCGGTTGCCGATCGAAAACACATCCAGCTTGGCCAGATATCCGTTGGATACTTCGGGTTCGGCCACAAAACTGAGCTGATCCGTCTCCCTGGCCAGCAGTTGCATGATGTAATGGAGCGCCAGCGGAGTGTCTTTGTAATGCTTGATCAGCATCTCGCGCAGCAGGTCCATGCCCCGGAATGTCACCTTGTTGTGCTCGGGAGCTATCATTTGCAGATAGTGCCGGTAGCCCTTGATGGTCGGAATCCTGCCTGCCGAGGTGTGAGGCTGATAGATCAGGTTCTTCTCTTCCAGCTTCATCAGATCCAGGCGCAGCGTGGCAGAGCTCACCTCCTGCAAATACTTTTCGTTCAGGACGCGAGACGAAACCGGCTCATTGCACAATATGAATTCATCAACAAGAGCCATCAGGGTCTGATTGAGTCTGAGCTGATTCTTTTTCATTAATTCATCACCATTGTTTTTTTAACTTAGCGCTCGCACTCCATAAGTGCTAAGCTCAAGGACAAACTAATCGGAATGCGATAATTGTCAATCTAAAAGTGAGAGTGCTAAAAAATATTTTCGGGGGATTGGCAGAACTAAGGTGATATTCGTTCCCAGACCGTTATAAACCCTCACCCAAACTTCAAATGGCACTCACTTGTAAAAACAGGGATAACGCCTTACACTAATTCGCTTTCATCAAGCTATTATTTGCAATTTGTAATTTGACATTCTCTGGTAAAGTCCGTGGAATGATGAAATGCTGAAAGAAGCCCCGAAACAAACGTCAACAAGCTACATACCGTGTCATCCCGGGCAGACGGGGCCCCTTTGGGGTGGCTGACCCGGAATCCAGTCTTTTAGAAACAACCAACCCGACACCGAAATAAAGCACACCAAACCACAAAACCGTGTCATCCCGGGCAAGCGTGCTTGACCCGGGATCCAGTCTTTTAGAAACAAGCGCAAATCCAAACCCCAATAACCCCAATCCGCGGCAATCCGCGCCTTTTATCTGCGTCAATCTGCGTGAACCGTCTGACCCGGGATCCAGTCTTTTAAGGCTTCAAACAACCACCATAAGCATCACCTGACAAGCGTAACCTTTTTACTCAACGCCCCTATCCCATTGACCTTCAGGTTGAGCAGGTAGATGCCGCTGGAACACAGCCTGAAAGCTTCGTCCCTGCCATCCCAATAGCTGAACTGCTCACCCGCCTTGCCGGGATCAAGCGCGATGCTCTTTACTTTTTGCCCCTTGATGTTGTAGATGTCTATGCTTGCGCTTGTTACCCTTGTTTTGTCATTGCATCGATTGGAAGGCAGAATAACCTTGAGATTGGTGAAAACCGTAAAGGGATTGGGATAGGCGGCAAGCTTCGGGGCAGGAAGTTCCGGAACCACCGGATCGTCACTGTCCACCCATGGCTCCGAGCCGTACTCATAACAGCCCATGTCTATCCTGCCATCCCAGATGCGCCAGTTGCCTGCCAGATCGTAAGGAAGCAGGCCAAGGTCCTCCGTGTCCGGAGTCCCGCCGTTGATGCAGGGTGAGGCGGCGGAAAGGCTGTAATAGAGCGGATCGTTGGTATCATCACCACCCAGAAAGAGGGGGTTAGTGTTGATATTAGTAGGAAGATAATTTATAATATTACCAGGGACTTGTCGAATGCCGTTATTGCCTCCATTAAACCCAAATAATGCAGTAGGATTTTCTCAGTCCCGTTTTTTGGACT
AP029619.1_gap38	1534649	1535749	1100	AGAGCTTGATGCTCAACAGAATGGAAAAGGCTACGGCATCCGCCGCATCGCCACCCAGGAAGATATCGACAAGATGCGCAACCTGCCCTCGGAGGAGGAGAAAGCAGCCACTATCTTTGTGGATATCCTGCAGCGCTACCCTTTCGCCATGAAACTGATTGAAACTATTTACCAGTTCGATGGCAACAAGCTCACTTTTTTCTTTACCGCCGACGGACGCATCGACTTTCGCGTCTTTGTGCGCGAACTGGCCAATGTCTTCCGCACCCGCATTGAGCTTCATCAGACCACAGGCAGGGATGAAGCCAAGCGGCTGGGCGGCTTTGGCATGTGCGGCGTGCAATACTGCTGCGGAAGCTTTCTCAAACGCTTCAATCAGGTCACGATCAAAATGGCCAAAGACCAAAACCTGGCCGGTAACCTCTCCAAAATCTCAGGCCCTTGCGGGCGTTTGCTCTGTTGCCTCAACTTTGAAGAGGATTTTTATCTGGAAGAAAGCCGCGATTACCCGATACCCGGCACCTGCGTGGAACTAAAAGGCAAAAAGATGTATGTGTTCAAAACCGATATCCTGAACAAACGCGTCCATCTTTCCGATGAAAACCAAGCCGTCACGGACATCGATCTGGAAGCCTTCAAGAAGCTGAAAGTGCTCACTGTTCCGGAAATCGAGATATGCTAAACAGCATCTACGGCATCTACCCGCCAGATCTTTTACTTTTTTTGGGAAAAGACTTCCCCGCCTACCGGGGCAAACAGTTGCTGGACTGGCTGTATCGCAAGTTTGTCTTCGAGCCGGAGCGGATGACCAATCTGCCCGCCGGGTTTCGCGAACACCTGAGCCGCAGCTTCGATTTCAGCGTTCCCGCCATAGATCAGGAACTGCTGTCCTCCGACGGCAGCAGAAAGTTTCGTCTGGTGCTGGCCGACGGCGCCCGCGTCGAAATGGTCTTGATGCCCGAAGCAAAAAAACTGACCCTCTGCGTCTCTTCCCAGGTGGGTTGTGCCCGAGCCTGCGCCTTTTGCGCTACCGGAAGAATGGGCCTCACCCGCAATCTGCAGACGCATGAGATCGTGCAGCAGGTACTCCTGGCCCGCAA
AP029619.1_gap39	1537834	1540290	2456	TGCCAGCAAGGATGATTTTCATGGCAATTTCAAGCTGCCGCACGTGTCATTTCTTGAGGATAGCTTCGCCATCGAAGAAACGGTGCGGATGATAACTGTTCCCTCCGATCCGGACACTCGCATCCTGGCCGCCCTGCTCTATGAGCGGAGCCAGGGCGATTATGCCGCCTGCCTGAAGTATGTCCGTTCCCTGGATGCTGAGGCCCAGGCGGAGCTTTACCGCCAGATTTTTGCCGGAATCAAGCCCTGGAGCAAGCTGCCCCGCGCTTTTGAACTGGCGGAATTCACCTTCGAGCTAAAAATGTCCGAAAGCTGCTGGGCGCAGTTCAAACGCCACCGCATCGGCACCTTTGTCAAACAGGCTTTCCCTTACGATGAAACCTATCTCCTGCCCCGGCCAATCAGCTCTATCAGGCGCGGGAAACACTGGAGAAGATTGCTGGATATGAGTTTTGATTTGATAACGCAGCTTGCCAACATCAATCTGGCTCTGGCCGCCTACGTCCGTACCAATGCCGACAAGGTGAAAGTGCTGGCCAGGATGAACTTGCGCGAACTCTACCACTTCACCCGCCTCCGTAGCGACGAGCATGCCCAATGGGAGATTCGCAAGCTTTCCAAACTGATGACCCTCCATATCCAAAAAGCGGCACCCCTCAGCGCCAGTTACCTCTGCGGGAAAAGCGAGCTTGTGGAGAGCAAAAGGGACTAATCACCTAATCTTTCCTACACGTAAGTGCTTGAAAAATGGTGTGTTGTTTTGACGGAAGCAAGATGTATCTTACTATGAGACATTACGATATCTTTTCAGTGCGAATATGGGCTTATCCATTTCTTCGATTTCATTATCGTACCAATGCCTGTCCATGAATTGCCTTAACACGAGATCGTAATCGTTCAGGAGTTGCGCAACATCACTGTAACCAAGTGATAACGCATACTCGAGCAGGCACTTAGCTTTGTTGGTGAAGACTAGGGAGCAGAAGATATCAAGCCAGGTATCTTCCATTTCCGAGTAGAACTCGATTAGCAGTTGCCCGGTGCTTTTTGAAGGATAGTCATACTTCAGTGAGCAGAACATATTGTAGAAGATGCATCTGATGGTCAGGTCAGCGATTTGTGGAGCATACTTGGATGATTTGCTTTGATCATAGCCGAAGTACTGTTTGAGTTCCTTGAACACCACTTCGATTGACCAGCGGCGCAGGTAGATGCTGAGGATTTCCATTTCTTCCAGGTTCATATCTGTGCAGATCAGTGCTTTGTATCTCTTGTGTTGCGGATACTTGAAGAAACACATCCTCACATAGCCCAGTACAGTCTGCAATTCAGGTTGGTTTGCGGATTGCTTATCCAGAACTGCCACTACAATTGACTTGTACATAATGCCGGTTGCTTTGTTTTGCTGCCACTTGCCTGATTTCCTATACAGTTCCTTGATGGTCATGAACTTATCGCCAAAAAGATATCTCTGCCCGTCCCGTTTTACCATTGCCACCAAGTCTATACACTTGGACCTGAGCGTTCCAAATACGAATCTCAAACTGCCGCTGTTGTTGTACCAACTGTCCCAAAGCAGATAACGGAAGCGAAAACCTCTTTGTATGGCACGACGAATGAATGACTCGGCTATCTTCGTTTTCTTCTGCCTGGCCATTCTTTGGCGTTGTTCAGTATGAGTCCCTTTGCAGTAGTGGCTTTTATTGGCATGTTTGACCCTTGCTTTCCCAATCTTAAGCTCAAAATCCAAGGGGATACTTACCACTCCATTGTGCCAGGCAGCTACAATTGCCTGATATCCCATATAGTAAACTTTGCGACAGTGATCCACAAACCAGGAGCTGTTCTCAACCCGTCGACCGGTCTTCTCTTTGGCGGTGTCATCAATGATCAGGGCAGAGGTCTTGCCTTCTGGAGTGGGACAGAGCTTGGCGAAGTGCAAAGAAATGCGGTACAAAAGGTTTCTCCAGTTATAGAATTCGTTGTTCAACATGCTGTTGAGAGGACTCTTTAGCCGAGTTGCATGGAGATTGACTATTCCGGAAAACAGAGAACGCGAGCCCTCCAACATAACGACCAACATCAGATACAACATAAACACAATTGGATGACCCTTTTCTTTACCAACTCCACATTGCCGTAAAATACTGCTCAACCTAAAGCGTTTGAACAGGAAATGAGCATTGTGCTCTATAAGATCTGAAGTTTTCACTTGACTGATTTGGGCTATTCTTAGGAAATTCATCTTAACACCTCGTTCTTGATATTTGGTTAATTGCTTATGCAATAAAAAGATACGAGGTGTTTTTGTCAAGAACTATTTTTACCTATTTTAATGTGCCACAGAGTCTTAAATAACTAGGAAAGATTAGTAATCACAAAGCACACAGCCCAAGAACATGCGTCATCCAGGGCAAGCCGGGGTCCCTGCCGAAGCGAGTAGCGGTTTGGTGGGG
AP029619.1_gap40	1572725	1576483	3758	TGGCTGTCAAGCCCGGGGATTCGATGCCGATCAGGTTGACAAAGTTTGGCAGACCATGTTGCGATTCTTCGTGGATATAAAAGTCCCGGAAGCCCTCTCCGGGTGCCTGCAGCTTGGGCCTGATCCCGGTGTCGTCCGGCGTGAGTTCCTCCCTGCTTATTTCCATGTAGCGGTTTATGGACGTGTAGAATTCTTCGAAGAAACTTTCATCGAATCTATAGTCAATCTCATCAACATAGAAGGCGTTTGGACCGAAGCGGACTTCTCCATTCAGGTTGAGCGTGAGGTGGATGCCCAGAAAAACTCCCAGCGGATCGGCCACAGGATACAGCAAATGCCGAATGCCGCTGATTTTGGAGCTTTTATAGTACTCACCCTTGCACCAATGTTGCTTGATCTTGAGTGCCCGCGTGTCCAGACCAGCCATGGCAGCGATCTGATCCGCCCAAAGCCCCGCAGAGTTTATCGCGACTTCACATTCAATCGCCTCTCCATTGGCAAATTCCACGATATAGGAGGAGTTTTCCCTTCTGATGGATACCACTTCCATGCCATAAACGATGAACGCGCCCCGCTTCTCGGTTTCCGTGGCCAAACTGTGCATGAAACCATGCGTGTCGAAGATTCCAGTGGAAGGTATCAGCAAACCCGACTTGCACTTTGCCCGAGGCTCCAGCTCCAGAACCTCAGCTTGGGATAGAAAAAGAAAGTCCGGACAGCTATTGACCTTGCCCAAATCATGATATTTACGCAAGGTCGCTTCTTCCGCCGTGCTTTGGGCGACAATTATCTTTCCTGTCCGGCTGTGCTGGATGCCGTTGTCTTTCAGATACCGGTACAGCACTTCGTTTCCTCTCACACAGAGCCGGGCTTTCAAAGACCCTGGCTCGTAGTAATGTCCGGCATGGATCACCTCGCTGTTGCGGCTGCTGGTGTGCTTGCCGAAGCTATTCTCTTTTTCCACCACCACCAGATCGGGGTCCTGTTTCGCCAGTTCACGCGCGACCGCCAAGCCGACGGCACCGGCGCCGATGACCAGGGTTTTTACCTTTTCCAATCTATACTTTCCTTAAACGCAAATGGAATTGATAAGCTAAGTGCTTGAGAGGTCCGAACATCACAATAACCGGGGTACCTCTAAGGTTATCAGCTGTTTATTCGTGAGTCGATCCGCTACTGTTTTCGAATCTGTCTTTATAGACCTGCTGCGCTTTCTCGTAATCTTCTATACGCCCGATATCCAGCCACGTTTCCTTGATCGGGTAATGAGAAATGGGCATCCCCTGGCTGATCATCGTCTTTATCAAGGTATCCATGCCATAATATTCATTTTTGGGGATTATCGCCAGCAGTTCCGGCTTTATAACACAGATACCGGCGAAGATAATGGTTATTATATCCTGCTTTTCTTCAATGCCCGCCACGTAATCGCCATCAAAGACGATCCTGCCAAACTGGGATTTGGTGACTATCTCCTTGGTGCTGATGGTCAGCAGGCTGTCGTGTCCCAAGGCAAATTGATACATAGCCGAGATGTCCAATCCGGTGAGTATGTCCCCGTTGATCAGGACAAAGGGGGCGTCGAGCCTGTCCTCGATCAGCTTGATTGGTCCGGCCGTTCCAAGGGGATGATCTTCCCTGACAAAGGACAGCTTCACACCATAGCGCGATCCATCGCCAAAGAAATTTCTGATATACTCGGATTTGTAATAGGTACTAAGGAATATTTCGGTGAACCCATGGGATTTAAGATACTCGATCTGAATCTCCAGCAAGGCCTTGTCGCCTATGGGCAACAAGGGCTTGGGAATCACTTCCGTGAATGGCCTCATCCGGGTGCCCAAACCTCCGGCAAGAATTACAGCTTTCATTTTGCCTCGCTTATTATTTTCTGGAATGCCGGAACCATTCTGTCCCGGACCATTCTCTTTATGGAACGTTCCTCCCCATTTTGAGCTATGGTCTGGGAATTGAAACTGCCAAGGTTGGCCAAAAGAGTATGTAAACCCTGCTCAAAACCCTCGGGGCTGTCTTCAATCAAGACTCCGTTGCTTGGGGTTACCACTCCGAGCATGCTGTTGTTCCTCACCGCTATCACCGGCAAGCCGGAGAGCAGATATTCATAGAGCTTGGTAGAAATATTGTTGGTGTAGTAGGAAGTGATCCGGTTGTACACAACTCCGATGTTGGAGGTTCGAAACACACTGATCAGATCAGTATCATCCAGCCTGCCCAGGTACTTAACCGGCACTTCAGGTCCCGCGGCGGCAATGCTGGCCTTTACAAAATCCACAGCTTCGGGGGCCCCACCGCCAATGATCTTGTAACTCATCTGAATCCTGCCTTGGTTGGCTTTGAAAAAACGGGCAAATCCCTCCACGGATTCGTGCACATAGCGGTTGGAGAGTGCCCCCAGATAAACCAGGTCCAGGGACTCAAACACCCTGTCCTGATACTCGATCGCTTCAACCCCTACCCCGGTCACATGGGCTTTGCTGAGGGGGACTTTGAAAAACTTCATCACCCGTTCCGATCCCATGAACATGTGCTGGAAAAAGCGTACATTGAACTCCACCTGCAGGTCATGGAGCTTGTTCTTTAGGCGAGAGGACGTAACTCCGGGGGCAAACATCTGCATTACATACTTGTATTTTGGACCCAGGAGCAGCTTGATGGCAAAGGCCCAAGTCTGGTCCCAGATATAGACCAGGTCATAAACATCATCGCGCGCGTAGCTCCGGACACCATAGATGGTGCGGAAAATCCTCGTGAAAGTCTTTAGTTTCTTAAGCAGTTTGAACCGGGGTTTTGAACCCCCCGTATCCAGATACACCGTCTTGAACAGGCTGCTGGTCTTTTTTTCCAATCCCTCATAGGGAGAAATCACTGTTATATCGAAGTGATCTGCCAAATACTTGCATTGGTTGTACAGGTATCTATGGGGAAGTTGGTTCAACCCTACAATCAGAATCTTACTTTTTGTCATAATCTGTCCTTGTTTCCTTATCAAAGCCCCGCAGTGTCCACAACTGGCGACACCTTGTAGAGATAAATCCTGTATGGCGATTGGTCGTTCCCGAAAGACTCCAAATACTCCTGACCCGTTTCGTTGCAGTTAGTGATTTCCAGCACGGACAGCAGATATCGGCAGTTCATCCCATACAGGTGGTCCGATAGACAGGTTATCTATACTCACATCAAGGTCCTTGTATAAAGGGTATGTCTCAGGCATTGGGATAACCGATCTTGTATGCAATATCTCAATCAAATAAACCTCAAGGGCACAAACTGACATGAACAAAAGGCTTCCCAAGCAAAAAATCAAGACCGGCGGCAGACCAGAAAACCTGACCAGCAAGTAGGATACGCCACCAGCAACAGCGCCATATATGAAATAGGTAGGTTTTGTAAAGCTCCTCCCTGCCAAATCTTTTTCCATCGTACTTCACCCGCTGGAGCACAGATCTTTTTTCTGCGCCGCGTGCGGCTATTACAGCCTTGCTATAGTTTAATACCAATGCCCACTTTATCCAAAGGTGAGGGCGGCATGGATATTCCGGACATGCTTTCCATTGACACTCAAACATTTACCTGGGTCAAAGAAGCTGAGGATAAAAGCAATAGAACCAATAACTGGACAACCGAGATCTTATTGATGGATTTCTCTGGCAATTCTGACATCCTTCCAGCACCAAGCAGTATACCCATGACAGCAGGGATAAACAACCACCTTTGCTCCAAATTGGTGTTAACATATA
AP029619.1_gap41	1653019	1655489	2470	GCGGGATTTCTCCCAGCTCTTCTTTTATTGCTGCCGTGCTGAAGTGGAAGGATTGCTCCCTTCCCTTTTCCCGGAACAGCAAAGTAATCTGATAATCCACATCCGGATGCCCGATAATGACACCCAGCAGAGTGTCTTTGAGATTACCCAAAGGCATCCTGTCGATGTGATCCAGCTCAAAGTCCGCGGTTAAAACGGTCCCGAAGCCTGGTTCGCTGGTCATGTTGAAGCAACCGTTGGCAAGTTCCGCATTCTGCTTGAACAGTGGAATGCCCAAGCCAACCTTTTTGGGACGTTTTTCCTTGCTTGTATAGAAAGGATTCTGAGCCATCTCCAGGGTTCCGGTGTCCATGCCAACTCCATCATCTTCCACAATGACGCGCAACAGGTTCTGTTTGCGGTCGTTGATCACACGCACCTTGATGTTTTTCGCGGCAGCCCGGACTGAATTTTCAATGATGTCCAGCAGATGCAGTGAAATGTCTTGCATTACAATATCCGCATCAGTCGTATTTCTTCAGAATTTCGTTGATCTTATCCCGGGTTTCGATTCTGCCAAAGGTGTCTTCCCCAATCACAAAGACCGGAGCCAAAGAGCAAGCCCCCACACAACGCACCGCGCTAACCGTAAAGCGGCCGTCGGAAGTGGTTTCGCCAACTTCCACCCCCAGCTCGTCGCTGATCATCTGCAATAGGCGAGGCGCACCTTTCACGAAGCAGGCGGTTCCCATACAGATGTTGAGGGTATATTTTCCGCGGGGTTTCATGGAAAAGAAATTGTAAAAAGTCACCACGCCGTAAATTTTACTGGCGGGAATGTTCATTTCCTGAGCAATGAACTCCTGAACCTCGATGGGCAGATAACCAAAGATTTCCTGGGCATTGCGCAAGATCTCAATGAGCGGGTTGCGCAGATTCTTTCTTTCTGCAATGACAGCGCGCAGTTTGTCATATAGCAGGTTGTCTTGTTGAGAAATGGGATTCATTTCTCCTCCTGTTCTATATTTTTTATACTAATAATCTTCTTTCTTCCAAGTTGAGGGCTGCCTTGGCCAGTTCGGATACTCTGGCATCGTGCGCGAACACCTTGCTGCTGCCGCTGCCCAGATCGTTCAGATAATGGGCGTCGGAACAGCGCAGAAAGGCTTTCCCCTGCAGTTCAGGATGTATGGACAGATACTGCTCCAGATCGAGCCCGGCGCTAATACCCAACAAGGGAAAGACCGGCTCCGCAGGCAAAAAACCGAGCTGGCTGATTATACTGTTCACTTCGGCATCGATATGCGCCGGAACACAGTATCCGCCAAACTCCATTGCCTTTGCCACGGACGTGTTCAAATCCCAGATGGATGAATTGAGCAAGGCTCTTTGTTCCATTCCTAAAATGTTCTCATTTTCGTCAATGATTACTTGATCCCCAAAGAAATCCGGATCGTTGGGCAGCGGCAGCAGCGAATCATACAGCTCGGCGCCAAATGCCTGTGCCTTGTCCGGCTGGTCAAAATACACCAGCAGATGTATTTCTTCCGAGGTCTGCACTTCCACGCCCCAGGTAAAACCGACCCCTTCCCGCGAAGCAACGGCGGCGTAAGCCGGACAGTTTGCCAGAGTGTTGTGGTCTGTAATCGCCATCCAATCTATCCCCAGGCTTTTCAGGCGTCCTATTATGGCTTTGGGGGCCATTTCCAAGCCCCCGCAGGGTGACAGAACCGAGTGGATGTGCAGATCGGCGGTAAACCAGCGCATCTCATCCTATTTTTGGAGCAGTGTGTAAAGAATTCCCGCCAGAGAAAAGGTGTCCAACTCACTTGAGCAGATGCAGACGCCTTCTTCATTGGCTTTATCGATCACAGCTTGCTCGGGAACGTTGCCCTTGGCCAAGATGATCGCCGGAACGCCGGTCATGCTTGCCACCGCAATGGTGTTCAGGTGCTTCATGATCGTGATCCAGACCTGGCCTTCCCTAGCAGAGCCCATCACATCGCTGAGCATATCGCAAACGTAGCCGCCTTTCAATACTATCTCGCGTGGATCGAGGCCGGAAGTGTGATTCGTCCCCCCGATTTCCATCAGATATTCGTGCAGTGTTATCATTCTTTATCCTGTGCTGAATTTATTTCTTCCTGTTTGATTTCTTCTTCCACCTGGCTATGTCTGCGCAGCAACACAATGCAATCCTCAATTGTCGCTTTACCCTGCACGATATCCTCCGCCAAGGCATAGCAGGAGGGAGAACCGCAGGCGCAACAATTGAGGCCCGGCAGACTGGTGAGGATTTCATTGAGCTTCTTCATCTTGACTATGGCTTTCTTGATGTCCTTGTCCAGTTCCATTATCGGACGCGAAGAAAGGGGAGCCACATCAAACTCACCTTCCTGATACAGCTCGACCAGGTCCTGGACGTCGATCTTCTTGTCCTCGCCATCCTTGATCATCTTCTTGATGCGGCTCATGGCTACGAAAGGATTTT
AP029619.1_gap42	1706596	1709208	2612	CACCGCTATCCCTTCCTGCTGGTGGACAAGATCATAGATTTCCAGCCGGGGGTTTCCATCACAGGCATCAAAAACGTTACCATTAACGAGCCGTTCTTTCAGGGACACTTCCCGGGACATCCCATCATGCCGGGCGTTCTGATCATCGAGGGAATGGCTCAGGCAGGCGGGATCATGCTGCTCAACCAGCTCGACAACCCGCAGGATTACGTGGCATATTTTGCCTCCATCGACAACGTCAAATTCCGCAAACCTGTCTTGCCAGGGGACACCCTGCGCTACGAGATGGAGGTGATCTCTCTGAAAAGATCGCTTTCCAAGATGCACGGAGAAGCCTATGTCGGCCGCACCAAAGTGGCCGAGGGCGACTTCATGGCCATGATCCAGGATAAAAACAAATGACTAAGATCCACCCCACTGCAATAATTGATGAGGGCGCGCAGATCGGAGCAGACTGCGAGATCGGCCCCGGGTGTCATGTAGGGCCTTCGGTGGTCCTTGGCGACCGTAACATCCTCATCTCCAACGTGATCCTCTCCGGACACACCACGATCGGGGATGACAACAAGATATCCCCTTACGCTGTTTTGGGCACAGACCCCCAGGACCTCAAGTTCAAGGGAGAGCCCACCCGTCTGCGTATCGGCAGCCGCAATAAGATCAGGGAGTTTGTCACCATCAACCGCTCCAACAACATGGAGGAAGACACTGTGGTGGGTGATGACAATCTGCTCATGGAATATGTGCATGTGGCCCACAACTGCCAGATTGGTAACAACTGCATCATTGCCAATGTGGTGCAAATGGCGGGGCATCTGGTGATTTCTGACTTTGTGAGCATCGGCGGCATGACTGCCATCCATCAGTTTGTGCATATCGGCACCCACGCTTTTGTGGGCGGGGCTTCCGCCATCAAAAAGGACATCGCCCCCTATACCCGGGGACAGGGAAATCCCTACCGCACAGTGGGCTTAAACAGCGTTGGCCTGATGCGCAGAGGATTTTCCAATGCTTCCATCGCGGCCATCAAAGAAATGTACAACCTCTTTTACCGCAAGGGGCTGAACACCAGCCAGGCACTGGAAGAAGCTGCCAAACTGGGCACTCTGACACCGGAGCAAAAAATATTTATTGATTTTGTCAAGCAGGCAGACCGCGGCCTTTCAAACTGACAGAATTTCCTTATAATGACAACCCCCTGCTCGACCAGGGGGTTCTTTTCATACCAATTCGCTTTCATCAAGCTATTGTTTGCATTTTGATATTTGACATTCTCTTGTAAAGTCCGTGGCAGGTTGGAAAGGATATATAGAACGCGGATGACTGGATCGACAGGATCTGCAGGATACTTGAAGGTGGAAGGTTCCCCGAAACAAGCACCACCGAGCTACATACCGTGTCATCCCGGCCTGCCGGGGTCCTCGCCAAAGCGCGTAGCGGTTTGGTGGGATGGCTTGAGCCGGGATCCAGTCTTTTGAAGCCTCAAACAAGCACCCAGCCCAAAAACAACCGGCATCAATTCCTTGACAACCACATAAATAAACCGATACATTCCGCAATATCCTTCATAGCGCCCTCCTTTGCTGCGACTGGCTTTTATGCTATCATCCTTAGGTCATCCTTATAAATTATAAGGTTGACCCCAGGAAGACCCACCCCGGAGAGGCTGATTCAAATGAGGGCCACCCCTCATAATATATAGGTGCTATGCCCTGAAAGGGCTGTGGAAAGGTGGAATGGTGAAATGGTGTCCAGTTGTAATAACGCAAACGAAATAGTATCAGGTTTTGAAACCACCCCCCTCGGCTCACTGTCTGCCCGGACAAAAAAACTGTTGACTAAAACCATGTTCTACAAAGAAGTGGAATATCACTAATAATTTGAAGGTCGCCCATGCTGCAAGCTAAAATATTCATCCGCCTCAAACCCAACGTTCTTGACCCCCAGGGCAAGGCCGTAAGCAATTCCCTCCATCAACTGGGATACGTCAAGGTAGTGGAGACGAGAGTGAGCAAATACATCGAGATCAGCTTTGATGACGACAATGAACAGGCGGTTGAAGAGCAAGTGCAAAAAATCTGCGCCGACCTGCTGGCCAATCCGAACACCGAAAACTTCACCTATACCATAGAAAAGATGGGGACGGTCTAACTTGAGAGTCAGCGTGATCACTTTCCCGGGCTCCAACTGCGACCGCGACACCCAGCGCGCCTTCAGAGAGAGGGGTCACACCAGCAACCTGGTCTGGCACAAAGATCGTGACCTGCAAAATCCCGATCTGGTGGTGCTGCCTGGCGGTTTCTCCTATGGCGACTATCTGCGCTGCGGGTCTCTGGCACGCTTCTCCCCCATCGTGAATGAAGTGGTCGCTTTCGCCGAATCCGGCGGACTGGTTCTGGGCATCTGCAACGGCTTCCAAATCCTCACGGAGTGCGATTTGCTGCCCGGATCGCTGCTTATGAATTCCGGCCTCACCTTCATCTGCCAGCATCAATACATCCGCGTGGAAAGCGCAAACACCCCGTTCACCCGTAACATCCCTGCGGGCAGAGTCCTGGACATCCCCATTGCCCATAAAGAGGGGAACTTTTTCATTGATCCCGAAAGGCTGA
AP029619.1_gap43	1710812	1715076	4264	GGACGCCTATGTTTCCACCTCCTCAGCCGGAGGCGGCCTGCAAATGATGGTCACCGGAGTGGTGGCTTCCATGACAGGCGAAAGCGCCGAACGTGCCGCTCTGGGAGCGGGCGCCATTGTGATGGACCTGATCGCAAGCAACGACCGCCGTATGAACCACGAAAAGATCGAACGCATCCGCGAACTGCGCCCGGACATGATCCTGATGGCGGGCGGAGAGGACGGCGGCACCGTTAAACACGTGGTGGAAATGGCGGAGTTGGTCAGCGCGGCCGATCCCCGTCCCCGTCTCGGTTCCGGCTACAAGCTGCCCGTGATCTACGCCGGGAACAAGGATGCCCAGGATGAGATCCGCAACTCCCTCAAGGACAAGGTGGACCTCATTGTTACCGACAACATCCGCCCCAAACTGGAGATCGAAAACCTCGGCCCCGCCCGTGACAAGATCCACGACCTCTTCATGGAACACGTCATGAAGCAGGCGCCAGGCTACAATAAACTGATGGAATGGTGCCAGGGCCCGGATCACGAGACGGTGCCCATCATGCCCACCCCCGCCGCCGTGGGAAACATCATGCAAGCCATCGCCAGGGAAGAGAACATCGAAGTCCTGGGCGTGGATATCGGCGGAGCCACCACAGACGTCTTTTCCGTCTTTACCGAGGACTTCATCTTCAACCGCACCGTGAGCGCCAACCTGGGCATGAGCTATAGCATCTCCAACGTTCTGGCCTCTGCCGGACTGCCCAACATCATGCGTTGGGTGCCGCTCGACATCGATGAGAGCGAACTGCGCAACATGATCAAGAACAAGATGATCCGCCCCACCACCATCCCCTCCCTGCTGGAAGAACTGGTGCTGGAACAGGCGATCGCCATCGAAGCCCTGCGCCTGGCTTTTGAACAGCACAAAGAGTTTGCCAGCGGCCTGAAAGGCATGCAGCGCCAGCGCGATATCTCCGAGGCCTTCAGCCAGTCCACCTCCGGGGCCACCATCGTCAACATGATGACCCTCGACCTGCTGGTAGCCAGCGGCGGCGTGCTTTCCCACGCTCCACGCAGAAACCAGACCGTGATGCTGCTCATCAACGCCTTCCTGCCGGAAGGAATCACCCGCCTGGCGGTGGACAGCATCTTCATGATGCCCCACCTGGGAGTGCTCTCCGAGATCAGCACCAAAGCGGCCACCGAAGTGTTCCGCAAAGACTGCATGGTCTATCTGGGCACCTGCGTTGCGCCGGTTGGTAAAAGCAAGATCGGCAAACCGGCCCTCCACGCCAGGCTGGAAATGCCCGATGGCAGCGTTTGGGAAGAGGATATCCCCTTTGGCGAAGTGCGGCTCATCCCCTGCGGTATTGGCGAAGTAGCCAAAGCCTCGCTGAAAACTCATGGCGGCCTGATCCTGGACAAGGACAAAAACCGCGAACTCAATATCGACCTGCACGGCGGAACGGTTGGCATCGTGCTGGATACGCGCGGACGCCAGCCTTTCGTGCTGCCCACGGAAAAGGCCCAACGCATAGACATGCTCAAGAAATGGATGCGCGAGTTCAAAGCGTATCCCGAAACGATTCTGTCATAGGAGGAAAGAATGGGACAAGCATATTCAGCTGGATTGACCGTTACCGACAGCATCATTCTCAAGAAAGAACGCATCCTGCCCCTCAAGGGCAAAGTCCTTGTTAAAAAAGGCGATAAAGTAAAGGCCGAGGACGTGGTGGCGGAAACCCTGCTGCCCGGCAAAGTGGTGCCCTTCAATTTGGCCAACAAGCTGGGCGTTACGCCGGCCCAACTGGTCAATTTTATCAAGATCGAAGTCGGCCAGCAGATCACCAAAGAAACCATCCTGGCGGAGACCAAAGGCCTTTTCGGCACGGGACTCTTCAAAAATGAAGTGCGCTCTCCCGTGGAAGGTGAGGTGGAAAACATCTCCTCCGTCACCGGCCAGATACTGTTGCGTGAACCACGCGTGCCAGTGCAGGTGAAAGCCTTCATCGACGGCATCGTTACCGATGTGATCGAAGACGAAGGCGTGATCATCGAAAACAAGAGCGCCTATATCCAGGGCATCTTCGGCATCGGCGGCGAAACCATCGGCGAGATCAAGGTCCTGGCCAAGGGCCCCGCCGACCAGATCAACCCCCAGCAGATCGACCAATCCTGCCAGGGCAAGATCATCGTCTCCGGTTCTTTCATCACACTCGATGCCATCGAAGCAGCCCGGAAGAACGGAGTGAAAGCCATCATCACAGGCGGAATCGACGACCAGGACATCAAGATGCTGCTTGGGCACGACATCGGCGTAGCCATCACCGGCCATGAAAACATCGGCCTCACAATTGTCTGCACCGAGGGTTTTGGCAAGATCGACATGGCCAAAAAAACCTTTGAACTACTCAAAAAGTTTGATGGACACAAGACCTCGATCCACGGCAAGACCCAAATCCGCGCCGGCGTGATCAGACCTGAGATCATCATCCCACTCGACTTTGACGAAAAGGAACTGGTGACCAAAGAAGCCACCATGCCCGTGCTGGAGCCGGGCACCCTGATCCGCGTGATCCGCCAGCCCAACTTTGGCAAGATCGCCAAGGTCATCTCCCTGCCCGAAGAGCTAACCAAAGTGGAGTCGGAGACCCTGGTGCGCGTGTTGGAAGCCCAGTTTGAAGATGGAACCAAGATGATCATCCCACGTGCCAACGTGGAAGTGATCGAAACCTGATCCCAATAGATAAGTTACGCGTGGGGCGGCCGTTGCGCCGCCCTTTTTCTTTGCCCGCCAACAATTAGGAACGGAAACCGTGTCTGCATGCCCCTCCTTCACAGCGGAGGCCAACCATAATCTATCCCCGAAGCTCCCTCATACGCTGATCGCTCATTGACCGCCCATTGATCGCTGACCGACCGCCGAAGCATATATTACCCGGCCATCAATTGGTGATCAGTAAGGCATGAGCGTATCGGAGCCCAAAGATACAGTTCGCTTTCTTTTGATGGCTGCATGATAAACCCCGAACTCGTATTTGCGCCGCGGATGTCACAAATCCGCCCTCTGCGACTGCCTCCGCCCCCATTTCCATCCCCTTGTCTTCCATGTGTCAAGCGTAGGTCATCCTTAACTTCTTTAGGGAATACCTAAGGATGATCACGTAAGCTCCTGATATTGCGAATGATAGCCAGTGCCGCAAGTTGAGGAAGCTGCTGTATTTTTCTCCAGAGGGAAAGCATTATTTACTTCAGATCGCAAATCTTGTGCAGTTGCAACTGCAATCTTGCCGTGAGGCCGTCATCCAGCATCCATTGGGCAAGGGTTTGGGCTGGCAGCACGCTGGTGACCGGTGAAAAAAGAAGGGTGCGGGACTCCAGGGAATTGTCTTTAATAAATTGCCTGGCAAAGAGATAGTCTTGATAGTTGGTGAGCACGAACTTCAGTTCGTCATGCGGCTGCAACAGCTTGAGGTTCCACTTCATAAAGCTGTCCGCGCATCCGCTGCCGGGACACTTGACGTCGATGATCTTGATCACCTGGGCGGGGATGTCTTCCAGATAGAGGGAGCCGTTGGTCTCCAGCATCACCTGATATCCCGCCTCCAAGAGTTCCTCGCAGAGTCGTGGCGTTTCATCCTGCCAGACTGGTTCCCCTCCTGTGATCTCCACCAGTCGGGCTGGATATTTCGCCACCTTGGCCATGATCTGGGGAATGTCCATCTCCCTGCCCGGGGCAAAGGCGTATTGGGTATCGCAATAGGAGCAGCGCAGATTGCAGCCGCTCAGGCGGATAAAGACGCAAGGCCTGCCGCTGAGCGTGGATTCGCCCTGCAGGCTGTAGAATATCTCGCAGACGTTGAGCAAGGCAAAAGCTCCCCCGGCTTCAGCCGCGCAGCTCTTTCACCTTCTTGATGAGCTTTGGCACCACCTCAAAGAGGTCGCCGACAATGCCGAGATCCGCCACTTTGAAGATGGGGGCGTCGGGGTCTTTGTTGATGGCAATGATATAATCCGCCGAGGACATTCCCGCCAGGTGCTGGATGGCGCCGGAAATGCCGACCGCGATGTAGATGGTGGGCTTGACGGTCTTGCCGGTCTGCCCGACCTGATGGGAATAGGGAATCCATTCGGCATCCACTGCGGCGCGTGAGGCGCCCACCGCTCCGCCCAGGGCATGGGCAAGCTCTTCCAGTAAGGCGAAATTCTTTGCCTCTTTCAGGCCTCTGCCGCCTGAGACGATAATGTTCGCCTCTGTGATGTTGACCAGATTGGTGAG
AP029619.1_gap44	1716254	1717356	1102	CAAGACCACTTTAGGTACTTTTTGACAGGATTACCGCAAATTAGATCACTGAAAACTTCAAATTCTGACAGGATATCTGCAAGGGTCAGATTTGAAGATTGCACTGAACAATGGAAGAATCAATTATTTCTTTTTCGGGTCATTAGTTGCTTTGAGGAACAGGTATCTTGCCAATCCTGAATTTGAGTTTGTTATACTGCACACCGTTATATTCCAAAACCTTATCATTTTCAATGATTTCAAAACCGATACGAAGAGCCAAACGCACCATCCTTTCATTACCTGACCACGTTTCACAGTAAATATGCTCCAATCCACGGTTCTCAAATATGTATCCAATCCACAATTGCAATGCTTCCCTGCCAATTCCCTTAGCCCAGAACTCATCCTCCGGGATGGAAATGCCAACTGCCAGAAAGTCCGGCTTTCTCTCAATGTTGTAAGAAGAAACCCAACCAATATGGGTGCCATCCACTTCTATTTCTAAACGTGTTTTTATCTCTTGTGGTCCTTTTGATAGTCTGGTGGATAGCCTCCGTACAAAGTCCTGAGCAAATGTGTCACTCATTTCTTCCCAAGGTGCATCCCATTTGGTCCATTCGAGCCCTTTCGTAAACCATTTTCGATAATCATTCAAGTCAGTATCGGTCAGGTCCCGTAGAGTAACCATTTTTCCTTTTATCTCTTTGACCATGTTAAATCTCTCCAATAATAGATTTGTATTCCAGATATTATTTCAAAATCAATTCGAAGTTCGAGCAGTTTGATTTGTGTGTATACCCTTTTTTACTTTGGGCCTTGTAAGCACAGCCAGCACAACATATATACCTGTATTTTCAGCTATCTTTTGAAAACCATTTACCAACTTATCGAAGGAAATTCTCCGTTTGTTGTGCAATGTTGGTGTAAATTCCAACTTATTGTTTCTCTGGTTTGTTAAGGGCATCTGATATCCCTCGTTATTCACAATCTGTGTAAGGCCAAGCGACCGACTGCATTGTTTTCATCTTGTAGATCCAAGTCAAGTTCTTTTTCATGAGCATCTACCTTGCTGCGACAGGCTGAAGATCTGCGGAGGAGGCATAGCCGACGGAGCAAGGCT
AP029619.1_gap45	1742462	1747216	4754	CATTTTTCCGGGCTGGAATACCACAACATCCCCAGATGCACGTTCACCTTCCCGGAAGTCGCCTCTGTTGGGCTTTCCGAAGCGGAGGCAAAGGATAAGTACGGCCAGATAAAAGTGGGCAAGTTCCCCTTCAGCGCGAATGGCAAAGCCCTCGCCATGGGAAACAGCTTCGGTTTTGTAAAAATCATCGCCCGGGAGGAAGATTCCCGCCTGGTGGGCATGCATGTCATCGGCCCCCACGCGGCGGAGCTTATCGCCCAGGGCTCAATCCTGATATCATCCGGCGCGACGGCGGAGGTGGCGGAAAACCTGGTCTTTGCCCACCCCACCCTGTCTGAAACCGTCAAGGAAGCTCTGGAAGATATCAGAAACCTGTCCATCAACAAGATTTAACCAAGGAGGTATTAAAATGCAGATTACAATCACTGCACGCCACTTCGAACTTACCAAAGCCATCAGGGATTATGTGGAAACTTCTTGCCTCAAGATCGAGAGATACTTCGACAACATCATCAACATCCACGTTACCCTGGGCTTGGAAAACAACCGCAACATCTGTGAGATTGCCCTGAACGCTTCGAGATTTTCCCTGCAAAGCCAGGCCGAAGAGATGGATATGTACCTCTCCATCGACAACGCCATGGATAGAATGGAAGGGCAAATCAAAAGGCTGAAGGACCGGGTCACCGACCACCAGAAGAAAGCGCTGAAAGACCACTTCCACGAGTTCTCCCGTGAGTCTGACATCCAGATGAACAGGGAAAACCGCGTCCGTAAAATGGTTAAGACCAAACGTGTTGTTCCCGAGATCATGTCTGTCCAGGAAGCCCTGGAAAAAATAGATGGACAGAAAGAGGAATTCCTCATCTTCAAAAATGTGGAAAGCGACCGTCTCAATGTCCTGGTCAAGCGTGACGATCAAAACTACAAGCTCTTTGAGCCTTGATTTATAATCTGCCGGGCTGCCGGGGCCACGCGCTTCCGGCAGCCTGCCTTTGAGGGAGCAATCAGCCATGAAAGAGATTACCATCAAGGAATTCTTTGACGCCAAAAAGAAAGACCTGGCCCTGTCCCTGCTCACCGAGCCCCAAACCCTGAACAAGCGGCTAAGCTCTCCCCACCTGAACAGGCCGGGGCTGGCCCTGGCGGGATACCTGGAAGTCTTTGCCCACGACCGCATCCAGATCATGGGCGAAGCGGAAGTGCGCTTTATGCAGACCCTGCCGGAAGAGCTGCTCATGGACCGCGTGAGGAATGTTTTCAGAACCGACATCCCTTGCGTGATCGTGACCAAGGGCCTCACCCTGCCGCCGGTGGTGGAATATCTGGCCAACGACCTCAACATCGCCATCCTCTCCAGCCGCTTTTCCACCATCCAGCTCATCAGCCAGCTGACCCGCTACCTGCAGGATATTTTCGCCTTGGAAAAGACCATCCACGCCACGCTGGTCGATGTGTTCGGGCTGGGCATCCTGCTCACCGGAAAAAGCGGCATCGGCAAAAGCGAATGCGCTCTGGACCTCATTCACCGCGGGCACAGCCTGGTGGGCGACGACTTGATCACCATCCGCTATCTGGACGACGCCCTGCTGGGCAAGTCGGGGCGCGATTTCGGCCATTTCATGGAAATCCGCGGCGTGGGATTTGTGAATGTGGAACGCATGTTTGGCATCGAGCGCGTCAGGCGTCAAAAAACCATCGACCTGCAGATCGAGCTGATGCCCTGGCAGGAAAACATGGACTATGAACGCATCGGGCTCTCCAACAACTATTCCGAGCATCTGGGCGTGAAACTGCCCATCATCTACCTGCCGGTGTCACCCGGGAAAAACGTGTCCGTGATCGTGGAAGTCGCCGCGATGAACATGATCCTCAAAGGCGTTGGCTACGACGCGGCGGAGGATTTTAACAGCCAGCTCCATGCCGAAATCCGCAAACAAACCTTTTTGAAGAAGGCTCAGGAACATCTTGATGCTCCAGAGAACGATTAAGGTCACCAACAAGCTGGGCTTGCACGCGCGTCCTTCGGCACTGGTGGTGAAGGCCGCCACCAAATACCGCAGCGATTTTTTTATCGAGAAAGATGGAATTCAGGTGAACGGCAAGAGCATCATGGGCGTGATGATGCTGGCTGCCGAGTGTGGCTCCACTCTGCATTTGATAGCTGACGGAGTGGATGAGGAATATCTTTTGGAAGAAATCGAGGCGCTGTTCAACAGCGGCTTCGACGAGGATTAGGGACAAACCATGATCATCGCGGAAGGAAGCGTCATCCAACCGGGCCTGAAAATTGGCGTCGCGCGCAAGATCAGCCCCAAAACCTGGCACCTTCACCGCCTTCGGATATCTCCCGCGGAGTCGGACGCGGAGTTGAGTGTCCTGAACGAGGCTATACAAACCGCCAAACATGATTTGGAGGAATACCTTGCCAGCTTCCAGGGCCCGCCTGCCGACAAGGAAATCCTCAGCACCCATCTGCTTATATTGCAAGACCCGGAACTGGAATCCCAATTGCGGGAAGCTGTTCAGGTGAGGCTGGAATCGGCGCCTCTGGCGGTGCAAAACACCTTTGACTCCATCACCCGCCAATTCAGGGAGATGCGCAACGATTTCTTTTCGCAACGCGCGGCTGACTATCAGGACGTGCAAAACCGCCTTTTAACCGTTCTGGCGGGAGAGGAACAGGATTCTTATGACGATTGGCGGCCGGAACAGATCGCCGTGCTCAAGGACATCACCCCCTCCCAGGTCAGCAATTTCTCCCGCTTCAAAATCGACGCCTATTGCACCGAGCAGGGCAGCTTCACCTCCCACGCCTCCATCCTCTCAAGATCACTTGACATTACCTCCGTCACCGGCATCGCCGGCCTTTTTGACATGGTGGAAAACGGAGATACCCTGATCCTGGACGGACTGGAAGGCAAGCTTATCGTCAATCCGGACTCCCCCACTCTTCTGCGTTATCAAGGGCTGCTCAAAACATACCTCGCCAAACAGGATAAGTTGCGCGATATTGGCAAGTTGCCCGCCATCACCCTAAGCGGACGCCAGATCAAGCTGCGCTGCAATCTGGAGCTGCTTTCCGAACTGGATTCTTTACGCTATCTGGGCTGCGACGGCATCGGCCTTTACCGCACGGAATACCTCTACATGGGCAAAGACAGCCTGCCAGATGAGGAGCTTCAGTTTGAGGCTTACCGCGAGGCAGCGGAAAAAACATCCCCCCACGGCGTGGTGATCCGCAGTTTCGATCTGGGCGGCGACAAGCTTTCCCACCTGATCCCCGCGCCCCATGAGGACAATCCCTATCTGGGCAGCCGCGGCATCCGCTTTTCCCTCTCCCATCCCGACATCTTCCGCACCCAGATTCGCGCCATCCTCCGGGCCAGCGCCTATGGCAAAATCGAGCTGATGTTTCCCATGGTCATGGACGTGAGGGATTTTCTCAAAGCCCGCGAGATCGTGCTGGAGTGCGAAAACGACCTGAAGGCCAGAAATATAGATTATGACCCTCAAATCCCCCTGGGAGTGATGATCGAGATTCCCTCCGCCGTTCTCTGTGCCGATGAACTGGCGCAGCACTGCGATTTTTTCAGTATCGGCACCAACGACCTGACGCAATACACCCTGGCAGCCGACCGTAACAACCCCGCTTTGGCACCCTACTATCTCACCCATCATCCGGCCTTGCTCCAACTGCTGCGCCTGACCCTGCGGGCTGCCCAAAGGCACGGCATTCCCGTTTCCATCTGCGGCGAGATGGCTTCCCAACTGCACTATATACCCCTGCTGATCGGCATGGGATTCACCGAACTGAGCGTCAATCCGGCTTCTTTCAACCAATGCAAGAGCGTTATCCGCGGATGCGATCACGCCTTGGACCTGTTGATTGGAGATTTCGATTTCAACTGCGATCTTGCCCAGACCGAAGAATTAATCTACCAAACCCTTAAACCCTACTATCAAATCTGAGGAGCCGCCATGCTGCGCTTTGAACACCACAACCTTTTGCACAACCATTCCCTGCCCACCGCCATTCCCGCCGCAAAGGTGAAGGACTGGCACCCTGCCTGCCAACAGGCGCATGAAGAGATAATTTCCGACCGCAAGGCCGACATTCTGGGCTTTTACGGCCTGCCGGAGCAGGACATCAGCCACATCACGGATTTCGTCGCCAGACTGGACCCTATCTTTGACACCATGGTCGTGTTGGGCATCGGCGGTTCCGCCCTTGGTAACAAAGCGCTCTATTCCGCGCTGCGCACCGAACGCGAACTGCCCCGCAAACTCTTTGTGTACGACAATGTCGATCCCGTCTATCTGCATGAGATTCTGTCCCAGATCGACCTGGACAGGACTATCTTCAACGTGATCACCAAAAGCGGCACCACGGCGGAAACCATGGCTGGCTACATGATCCTTGCCGACCTCATCAAAACAAAGTATCCGCAGGATTACAAAAAGCGGCTCATCATCACCACAGACCGTGAAAAAGGCTTTTTGCGCCAGGTTATCTCCCAGGAAGGCTACACCTCTTTTGTGGTGCCGGACAACGTGGGCGGGCGCTTCTCCGTGCTAACCGATGTCGGCCTGGTATCCTCTGCCTTTACCGGAATGGATATCGGCGCTCTGCTCCGGGGAGCCGCCTCGATGCGGCAACGCTGCGGGGAACAGGATATTTTCGCCAACCCCGCCTATCTCAATGGATTGCTCCACTTCCTCTATATGCGCGAAGGCAGAAACATCTCCGTGAT
AP029619.1_gap46	1945441	1949819	4378	ATTCTGAAAATACTGCAGTCCGCAGCTTCTCGAAGGTCTTGGAGATATTGGAATCCTACGATTTCAATGCCAACAAGATCATCCCGATCCTGCAAGCCGTCCAACACGAGTATCGCTACCTTCCGCAGGAAGTGCTCACCTTTATCGCCACTTCCCTGAAGGTCTCGCCGGCGCACCTATTTGGCGTCGCCACCTTTTACAGCCACTTCTCTCTTGAGCCCAAAGGCAAGCACATCATCAAGATGTGTGACGGCACCGCCTGCCACGTGCGCGGTTCCATGGCCGTGATTAACGCGGTGAGAGAAAAACTTGGCCTTTCCAGCACCAAGATCACCACCGACGACATGCTCTTCACCTTTGAAACGGTGTCCTGCCTGGGCGCCTGTGGCCTTGCTCCGGTGCTGGTGATGGATGAGGAAGTCCACGGCCAGGTTACGCCCGAGCAGGCGATCAAGCTCATAGATGAAATATTGGAGAAGGAAAATGCTTAATTTGGATCAAATCAAAAAGGACTATCAGGAAGCTCTGACCCACTATAAGAAACGCATCGTAGTCTGCGCCGGAACAGGTTGCATAGCCAACGGTTCCGAAAAGGTTTACAATGCCCTGAAGAACAGCCTTGCCATGCACTCCCTGGATGTATCCATCGAGCTGAAGGCCCACGATGAGCACAATCACGACGTGCTGATCTCGGGAAGCGGCTGCCAGGGCTTTTGCCAGGTTGGCCCGCTGGTCACGATCGAGCCGGATGGCATCCTCTACGCCCACGTGAAGCCCGAAGACGCCGAAGAGATCGTGACGCAGACCATCGTGCAGGGCAAGCTGGTCGATCGTTTGCTCTATGTCAACCCCGCCGACGGCAAACACTGCAAGGGCGCGGGAGACATCCCCTTTTACACCCGGCAGAGGCGCACCGCGCTCAAGGAATGCGGACACCTCGACCCCGAAAACGTGAATGAATACATCAGCCACGGCGGTTATTTCGCCGCCCGCGACGCCTATCAGAAATACAGCGCCGAAGAACTCTGCAAACTCTTTCAGGATTCCGGTTTGCGCGGGCGCGGCGGAGGCGGATTCTCCACCGGTTTGAAGTGGGAACTCACCCGCAGACAGGCGAATGAAAAGAAATACATCGTTTGCAACGGCGACGAGGGCGACCCGGGCGCCTTCATGGATCGCAGCATTCTGGAAGGAAACCCCCACAGCGTGGTGGAAGGCATGATGATCGCCGCCGCAGCCGTCGGGGCCGACGAGGGCTATGTCTATGTGCGCATGGAATATCCCCTGGCCTGCTCCCGCATCCGCAAAGCCATCAGCGTGGCGGAAGAGCTTGGGCTTCTGGGCGACGACATCTTTGGCAGCGGCAAGAGCTTCCGCATCAAGGTCATGGAAGGCGCCGGAGCTTTCGTCTGCGGAGAGGAAACAGCCCTGCTGTCCTCCATCGAAGGCAAGCGCGGCATGCCCAATCCCAAGCCGCCCTTCCCCGCGGAAAGAGGCCTCTTTGGCAAGCCCACCGTGATCAACAACGTTGAGACCCTGGCTTTGGTGCCGGTGGTGATGCGGGAAGGCGTCGAGGCTTTCCGGAAAGTTGGCCTACCCAAATCCCCGGGAACCAAGACTTTCGCGCTCACGGGACACGTCGCCAATACAGGTTTGATAGAAGTCCCCTTCGGCACCACCCTGCGCGAGATCGTCTTTGAGATCGGCGGAGGAGTGCTGGACAAGGATGGCAAGATCAACAACGACGCCTTCAAGGCGGTTCAGATCGGCGGCCCCTCCGGCGGTTGCCTCACCCGCGAACACCTCGACCTGCCGCTGGATTATGATTCCCTCGGCGCGGTTGGAGCCATGGTTGGTTCCGGCGGACTGGTGGTGATGAACGACACCAGTTGCATGGTCAAGATCGCCCATTACTTCATGAGCTTCACCCAGAACGAATCCTGCGGCAAATGCGTGCCCTGCCGGGAAGGAACCCGCCAGATGCTGGAATTGCTGGAGGATATCACCGAAGGCAGAGGCACAGAGGAGACTCTGGAGCTTTTGGAAGAAGTGGGAAAGGCGGTTAAGATCACTTCGCTCTGCGGCCTGGGCAAATCCGCTCCCAATCCAGTGTTGAGCACCCTGCGTTTCTTCCGGGATGAGTATCTGGCCCACGTGAAGGCGGGCTATTGCCCCACCCGTAGCTGCAAAGCGCTCACTCCCATCACAATTGATCCGAACCTATGCCGCGGTTGCACACTCTGCAAAAGAGTCTGCCCCGTGGGAGCCATCTCCGGGGAAGTGAAATCTCCCCACCAGATCGACCCCATGGTCTGCATCAAATGCGGTGCCTGCGCCGCCGCCTGTAAATTCAAAGCTATATCCTAAGAGGAGAGAAAGATGGATACTGAAAAGATCGTATATATAAATGACCGCCCCGTGGTCTGGGAAGGCGAGACCAATATCCTGGCGCTGGCCCGCAAGGCACATGTGGAGATTCCCACCTTCTGCTACCACTCCGAACTGAGCGTCTATGGCGCCTGCCGGCTCTGCCTGGTGGAAGTCGAAGGCAGAGGCCTGGTGACTTCCTGCTCGACCGCCCCCTTTGAAGGGATGCGGGTGAAGACCCATACGCAGCAGATTCTGAAGCTGCGCAAACTGATCATTGAGATGCTGCTGGCAAACCATGACCGGGAATGCACCCAGTGCGACCGCTCCCCGGATTGCAAGCTGCGTGAGATATCCTATAAACTGGGTGTGGACAAGATCCGCTTCCGGAAGACCCGCCCCACCAAAGAAATAGACACTGGCTCCCCCTGCCTGGTGAGAGACCCCAATAAATGCGTGCTCTGCGGCGACTGCGTGCGCTTCTGCTCCGAGGTTCAGGGCATCGGCGCCATCGACTTTGCCAACCGCGGCGAAGGCGTGGTGGTGACCCCCGCCTACGGCAAGAGCCTGGCGAAGGTGGATTGCGTGAATTGCGGACAGTGCGCGGCGGTTTGCCCCACAGGCGCGCTCACCATCCGCAGCCAGACCGACCAGGTCTGGAACCAGCTTCAGGATCCCGGCAAGAAGGTGGTGGTTCAGATCGCTCCCGCGGTGCGCGTGGCTCTGGGCGAGATGTTCAACCTTCCCGCCGGGGAGATCACCACAGGCAAGATGATCGCCGCCCTCAGAATGATGGGTTTTGACCGCGTTTTCGACACCTCCTTTGCCGCCGACCTCACCGTGATCGAGGAAGCCAACGAGTTTCTGAAGAGGAAGACCGAGGGTGGAAAGCTCCCGATCTTCACCAGTTGCTGCCCCGCCTGGGTGAAGTTTGCCGAGCAAAGCTATCCGAAGCTTTTGCCGCATCTTTCCAGTTGCCGTTCACCTCAGCAGATGTTTGGCTCCATCGCCAAGAACAAGCTGCCCACGGAAATGGGCACCGATCGCGAGAACCTGATAGTCGTTTCCGTCATGCCTTGCACGGCCAAGAAGTTTGAAGCCCTGCGGGATGAATTCCGCACCGAGAACGTGCCGGATGTGGATTATGTGCTCACAACCCAGGAGCTGGGACGCATGATCAAGGAAGCGGGAATCGAGTTCGCCAACCTGGAGCCAGAATCCATGGATCTGCCCATGGGCTTTGCCACAGGCGCCGGAGTCATCTTTGGCAACAGCGGCGGCGTCTCGGAAGCCGTGCTGCGCTACGCGGCCGACAAGCTGGATATCCCTCTTCCGGAAAGCATTGTGCTGCAGGAAGTGCGCGGAAGCCAGAGCGTTCGCGATACGGAGATTGACACTCCCGTCGGGAAACTCAGGATGGCGGTGGTACACGGGCTGAAGAATGCCGCGGAGCTTGCCGACCGCATCCAGGCCGGCGAAGTCTATTACGACATCGTTGAAGTGATGGCCTGCCCCGGCGGTTGCAGCGGCGGAGCGGGACAGCCCATCGTGAACAATCCCCTGGTTCGCAAGGAACGCACCACGGCTCTTTACCACGCCGACAAGATGATGGCCTTGCACCGCGCCCAGGACAACCCCTTCGTGACAGACCTCTACAAAGTCCTCCTGGACGAGCCTAACAGCCACAAAGCCCACGAGTTGCTGCACACTCATTATAAGAGCCGCAAAAGGATTGAGGATGAAGAGATCAGCTTCTCCGCGCCCTCCAAGGAAGAACGCTGCAAGGTGAAGGTTTGCATCGGCACCAGTTGCTTCCTGAGGGGAGCCCAGGAGATACTGGCCCACACCCTGAAGACTGTGGAAGAAAACGGCTGGGGACGCCATTTTGAAGTGTCAGCCACCTTCTGCACCGAACAGTGTGACAAGGGCCCGACCCTCATCGTGGGCGGGCAAGTGATCCACAAAGCCAAGATGGAAGACGTTTCTGCCGCTCTCGAACGCGAAGCGCAAA
AP029619.1_gap47	1957195	1960307	3112	GATTCTTGGCACTGCCGGAAGCAACGAAGAAGCTGAATCCGGACATACAGTTTGATGTTAAGCCCCTGAGTGTGATATTCTCCAGATCATAATTACCCTGGTACATAAACATGCCGGCATATGAAACAGCATGCACCGGATTGATAGTAATATTGGAGAATATAGAGTTATCACAGTGGCTCATAAAGAATACGGTGTGAGGTTGGTAAGAGCCATGCTCAAAGATCATGTTTTTGACAGTTAATTCCGGAGCATATCCACCCGCCAGGGTTTGCTGATAGTGCAGATTCTCAATAATTGGATAGCTCAGAGAATCGCCTACCAGCTTTACACTGGCTTTCATACTCAGGGGAAACAGTTGACCATCTGTAGATGAGTAGGTACCGGGAGCCAGATAAACCGTCTTGGGATTTAGGCTATCGCTGGCTATGGTATGCAGAGCTTTGGCAATCGACTTGAGAGGGTTAGCAGGCGACAAGCCGTCATTATCGTCGCTTCCGCCGGGCGATACGTATAAGTCGTGGTTTACTTCTGTGCGATAAGCGTTTAGAATATCATAAGTGAAGTATCCAGCTCCTCCCGAAAACAGATATACATAGTTTGAGTAGTATGCCGTAGGGGGATTTACGGTAAAAGTATCCAGCACGATGTTTATCACTCCCCCAACCTCCGATGCTCCTATATCATTCATATCTCCAGCATAATTTTCGTAAATACTGCATCTATTCACGCTATCAAAAGTGCAATTGGAATCGCTTTCAAAACTAATTCCACCAGCTGAATAGGAAGCACTGTTATTGGTGATGATTGTATCCTTCAAATTCATCGTTCCCTGATTGATTTGGATTCCACCGCCTACAGAAGCAGAGTTGTCTGTGATGATGCAGTTATAAATTTGAAAATTGTTGGTGTATTTCAGCCTAAATCCTCCCCCTTTGCTGATCATAGCTCCGTTTTGCATAAAGCTGTAGCCTGAGCCATGGCAGATGGTAAAGCCATAGATGCTGGCATTGTTTTCGTAGGACACTGCCATCACGCAGGAACCGTTGTTATTACCGTCTATGATCGTGCTATCCCGGTAGGCAGGATTTCCGGTGCTTAGCTCCAGGCTAGCTATGCAGATGCTCTTGCCGGAGTAATTGATGTTTTCATAATATCTGCCCGGATACACCAGGATAGTATCTCCGGATGCACTTGCATCTATTGCAGCTTGTATATGAGTGAAATCCCCACTCCCAGCCAAATCTACCGTCAGGGTAACCGATGCGATAGTAAAGATCATGGTGCAGGCAATAAAGGTAAGTATCAGTTTCATAATCTTGTCCTATTGTAAGTGGGGAGAGTGCAAACTCTCCCCTATGTTTGATACTATTTCATCAATAGCATTTTCAGGAAGGTTTTGTTTCCCTTGTACTGTAGCGATGCAAAATAAACGCCACTTCCAAGAGAATCTCCATTGGAATCTTTACTATCCCAATAAGTATGATTGATTCCTTGCAGTCTATATTCATTTACTAAGCTTGCTACTCTTTGTCCCTTGATATTGTACACCTCTATAGAAACGAAAGAGTCTTCCGGTAAATAGTATTCAATCTTAGTAATTGGATTGAAGGGATTTGGGTAGTTTGACATATAGACTTTAGGTGTGGGATTGATATTGCTATCATCTGAATTGATTCTTACCCTGAAGTAGTCCTTGTACTCAGTTATCATCAAAGAAGTGTTCTCATAAATACCAGTTTCTGAATTCAAAGTCTGATAATCTGGAACAATATCATTTGCTTTGCTATCAAAATACAAAGACCTTTGCACATGAGTCTCTGAAGTTAACTCCAAACAATGAAGCGAACGACGTAAAAAGATAGGTAAGATATATTGTAAATAATTCTTGACAATATTGTTAGCTATATATATTGTCACTCTATCACAACGCTGGAGTTTAGCATGAGAACAGACAAAATGACCCTGACCGATTACGAGATTCAGAACAGCCTGGCCAAGCTTGAGCACTTTCTTCTTCAGTTGGACGAGAACATCAATTGGCATAGAATAAAGAAAATCCTGGAACCTTTGGATCCCAGCAGGAGGAATGTAGCTGGCCGGGATTCATACGAACCGCTCAAGATGTTTAAGGTCATGCTGATACAATCATGGTACGACCTGTCCGATCCTGAGATGGAGTTCTATCTCAAAACCAATCTGCTCTTTATGCATTTCTGCCAGTTTAGCATCACCGAGAGCAAGCCGGATCATTCCACGATCTGCCGCTGGCGTAACCGCTTTGCCGAATCTGGATTGTTTGACAGTATTTTTCAGGGCATCATGGACGAACTTCATGGTTTGGGTTTGGAGGTCAAACACGGCAAGATGATTGACGCCACCTTGGTTACAGCGCATGCCCGGCCCCGCAAGAAGGTCATCATCGAGACCGAGCCGACCGGAGATGATGAACAAGCAGAGACACCTACCTATGAAGCCAGCGAAGTGGTGGTGAGGACATCCTGTGATCCTAACGCGGACTGGTCCGTCAGGGCCAATATCTGCACCTATGGCTATAAAGCCCATACCGTGGTTGACTCCAATGGTATTGTCGAAGGTCTGAGCGTCACCCCGGCCAATGTCCATGATACGGTGATGTTTCCTGCTTTGCTTGATAAATCGCCATTGTCAGAGGGCGACACGGTTTACGCGGACAAGGGCTATCACAGCGAAAAGAACAAGGAGCTTCTGAAGCAGCGTAAGTTGAACGATCAGATCATGCACAAGAGAAAGCGCAATGAACCGGAGAACAGGCAAGCTATTGAACGCAACAAAAGAATCGCCAAGCAGCGCTATGTGGTGGAAAGAACCTTTGGCTCACTGAAACGAAGCTATGGTTGGGCCCGGACAAGGTACATCGGTCTTCTTAAGACAACATTCTACCTGCAGATAAGGTGTCTGGCTTTCAACATCAAACGGGCTATGAAAGTAATTTCTTTGAGCCCGGTATAGGGAAAATCCGTCCAAATCCTATGAAGTGGGTTCGATAAGGAAGAAAAAGGGCTGAAAAAAGACCTTTGCACATGAGTCTCTGAAGTTAACTCCAAACAATGAAGCGAACGACGTAAAAAGA
AP029619.1_gap48	1988776	1993222	4446	AAGCCTTGACCTGGATGACGACCCATACGACGAAGAATAGGCGGGCATGACCCTTCGCGCCTTGCAGCAGCACCTGGAAATGCTGCAAAACTCCGGCATCGGGGAGATCTACCGCGAGGCGAAGGACAAAGCTGCACTGCTGGCCAAACTCAAGCTCCAGCACTCCACCTGCACCCTGTGCCCGCTCCATGAGGGCAGGATCAAGTTTGTCTATGGAGAGGGCAATCCCGACGCCATCGCGATGCTCATCGGAGAGGGGCCGGGAGAACAGGAAAACCTGAGCGGAAGACCCTTCGTGGGCAGGGCAGGGGATTTGCTCACCAAGATGCTGGCCGCCATCGAGATAAAGCGGGAGGACGTCTATATCTGCAACATCGTCAAATGCCGCCCGCCCGGCAACCGCAACCCCGAAAACCCCGAACGGGAGGCCTGCCTGCCTTACCTGCTGGAACAGATCGAGATCATACAGCCCAAACTGATCATGATGCTCGGTCTGGTGGCAGCCCAAACCCTGTTGCAAACCAGGCAGCCCATGCAGGAACTGCACACGGTGACCCACGAATTCATGGGCATCCCCAGCTATGTCACCTACCATCCGGCGTCCCTGTTGCGCAACGAGAGATTCAAGTATCCCGCCTGGGATGATCTGAAGCGCTTCAGGCTGGATTATGACCGATACCGGAGCTGATGCGAACCCTTTTGCCGCCATCCCCAGCCAATTCTGCCCGGAAATCCGGCGGATGCGGCCTGATAAGCGCTTCCCGCCTCACGCTCTGCGCCCTGCTCGCTCTGCTGCTGCTTCCCCTGTGGGCGGACTTTGCCGTGTACGGCGACACCCAAACCGGACACAGCGTGCACAAGAAGATCGCCGCGGCGATAGCCAAAAGACAGCCCGGGGCGGTCTTCCACGCCGGAGACCTTAGCTCCCGGGGCAGCGACCAGAAACACTACGACAAGTTTTTCTCCCTTTCCCGGCCGATCACCCGCGTCTGCCCAATCTATCCCGCCAGAGGCAACCATGATCGCGACAAGGCACTGTTTCTGAAGAACTTCCCCCACTTGGGCGGAAAAACCTATTACAGCGTGGAGCATGACAGCCTGCTGTTTGTGATCCTGGACACCAATCTGAGCCTCAAGCCCCGCTCCGCGCAGTTCCACTGGCTCAGGAAAATCCTTTCCGAAAAGAATTCCCTGCCCAGGATACTGGTTATGCACCATCCCATCTTCAGCAGCGGATATCACGGCGGGCGAGATGAATACGCCATCCTGCTGCCCTCAATGCTGGAAAGCGGTAACGTTAAAGCCGTGTTCAGCGGGCATGACCACAATTATGAGCGCCTGGAACGCAAAGGGATCACCTATTTTGTGACCGGCGGCGCGGGAGGAACGCTGCGCCCCAAACAGCACAATGTCTCAACCAGCAAGGTCTTCCTGCCCCAAAACCACTATCTGTTCTGCTCCCGGGAGGGATCGCGGCTCAGGGTCACCGCCTACGGCCTAAGGGGCGAGGTGCTGGACAGCGCCGTCATCAGACTGGACTGACCTGCTCCGCCCTCAACGGCAACACACATTCATCCCGCCAAAAGCGGTCTCAGAAATTGATGCGTGTCCCCAGGCTCAGATAGTTGATGTTGGCAAAGGTATAAACTTCCTCGATATCCGAACCGCCTTCCAGAAAGCGGTAGCCTGCGTAGAGCGAATAAGTGCTGTTCAGATCGTAAACCAGGGCCAGCAGGATGTCCTCGGCGCGTCCGTATGGTGACGCCAGCGCCTCCCCTTTGAGCAGCAGCGCCAGTTCCTCCGAAAGATCGTAGCCAAACTCGAACCCGATCAGCGGAACCACTCCCAAATCTGTCTTTTCGGTATAGCCAGCCGACTTGTTTTCCAGGGAGATAAGCGCGTCGCGCACTTTGAGCGAGACCCCCAGGGCGCGGATGCCGATGTTTCGCTTCTCGAACCTATACAGGTATTGCAGGCGGTAGCTGTTGAACTTATACACCGCGTAAATCCACTCTCGGGCGGCATAGGTCCTGCCCATAAACTCAACTGCCGCAGATGGTTCTCCGCTTGGTTCGATTGTGAAGGGCGATGCCAGCAGCGAAATTTCATGCCGCGGAGTGATCTGGTAATGCAGGTTGGCGCGGCCAAACATTTTGGGCTTCGACTCCAGTTCATCCGTGAAAGACAGTATCCTGCCGCTTTCGAGGTTGGGAATGCGCATGTCATTGTAGCCGAAAAAGGCAAGTCCGGTCTCCAAGTCCAGGCTGAACTGGGCGAAAGCCATTCCCGCAAAGGATGCCAGGATCAGGACAAGGGCATATTTTTTCATTTTCACTCTCTCAGTTTGTTTTGCTCTAAACAGCATAATCGGTTTCTTCCTCCCCGCAAGCCTTGTCATGCCGCCCTCCTTTGCTGCCACCGGCGTTGGGGCCATCATCCTTAGGTCATCCTTATAAATTATAAGGTTGACCCACGGTAAACCCCAGCTTGGCTGCGGGATGCAAATGAGGGACATCCTCCCCCATAATATATAGGTGCTACGATCAGATGGACAGGCGAAATGGTGAAAAAGAGAGCCAGTTGAAATGCAAGCAAAACAGTATCAAGACTGGAAATTGGGGCTGGCTGTGATGGAAATCAGGGCAGTTGCCGCAAGGCATGCCGGGCCTCGGTGACGCATTCCTGATCCCCGCCGATGCTCACGCAGAGGGAAAGGAACTCTTTGGCGCGCTCCAGGTTACCAAGCTTCAGGTAGATGGCTCCCAGATGCCAGGCTATCTCGGCGGGCATATCCTCCATTTGGGCTGGAATCGCCATCAGTTCCTCCGCGCGGGCGTAGTCTCCCGCCAGATAGTGGCTCCAGGCCATGCTGTCCAGATAGAAGGGGTTTTCCGGCTCGGCGTCCAGGGCGACCTGGATCAGCCGGGCAGCTTCCCTGGGATCGGCTCCCTCCAGCAGGAGGGTATAGCCCAAGTCGTTGGCAAACACGGGATTATCGGGATACTTTTCCACCGCTTCGCTAAGCAGAGAGCGGCGCAGGGAGGCATCGCCCCAGTTGTGGTGGTATTGCAGCAGAAACTCGTAATCCGCGGGGCGCAGAGTGGTGATTTGCCTGAGATGATCGACAAGCTCTTTTTTGGCATCGGCATAGCCGGCATAGGTGCTGTCGGCGGCCGAACGCGCCACGGCCAGCAGATAATCCCGCCCCGCGCCGGGAGCGAAACGCTTTTCCACCTTGGCCGAGAAATCCGCGCTGAGTTCACCGGTAATATCACCCGCGTCCCGGGGAAAAGACTTCAGGCGGCCAAGGCCATAGTAGCTGTATATCTCTCCATAAGCCTGCGAAGTGAGCAACTTACCCGCCTGGGAATCCAGAGGGTGGATTTCGCCGACGGCGAGGGAATGCCCGATAAGCAGGGCATAGAGGGATTGTTTTTCGTGTTCCGGGGCCAGGGAAGCCTGTGCCGCCTGCGAAACCCGCTTCAGAACATCCGGCCTGCCCCTCACCAAAGCGGCAAAGGCCAGTGAATGGAGCAGATCCATATCGCCGCTGTCCAGCAGTTGCTCAGCCACGGCAATTATCAGATCGTGGTTTCCCGTCTCCAGGGCTGCCCGCACGAAGGTGCCCATCGCTTCGCGGTCTTTGGGCCAGCCCAGGGTGGAGAAATAGCGTTGGGCGGAGGTGGCGTCCCGCTTGTTGATTATGATGCTGGCCAGCAGGTTATGGGCCTCCGGTGAAGGCGCGATCTCGTTCATCCGGAACAGTGCCTGCAGGGCGCGGTCAACATCGAAATAGAGCAGCAGGTTGGAGAGGGCGCCCAGGGCCTGGGGATCGTTGCGGGCCTGATTGAAAGCCTGATCCAGATACTTGAGCTGGGTCTGGCCGTTGTTTTTGTATTCAAAGATGAAGCGCTGCATGCTGGCGTTGGCGGAAGGAAAGCGTTTCTCCAGTTCCCGCAGGGTCTTTTCCTGCGCCTCGCGGTTTCCGCTTTGGTCGTAAAAGCCGTAAACAGCCAGCAGCATATCCTCATCGAAGCTCGTCTGGTAATCCTGAGAGGCGATCAGCAGGTTGACCTCCTCCTCACTGAGGATTTGCTGCGCGTAAAGCCCAATGGAAACAAGCAAAAGCTGCTTTTTGATCTGGAAACTGCCCGGATCGAACTGTAAAGCCCGCTTGTAGAGCTGCAACGCGCCTTCCAGATCGCCCTGTTTCTGAGCGAGGGAAGCACTCAGGAAGTAATAGATGGAGTTGGCGTTGGGATTGCCGTCCCCGGTTTTTGGGGAAGAGCCCGCCACTCTAAGGCGCGGCGCGCAGGCACAAAACAGCAGGCACGCCAGGCAAACGGCGGCTCTAAACAAAGGACGGGGGATCATTTGACCCGCAACGAGGCAGAAATCTGTTCCAGCTCAAGCAGCACGGGAAGCTTGTCGCCGGCAGGGAAATAA
AP029619.1_gap49	1998076	2001645	3569	CGCGCGGGTGATCAGGTCGAAAGCCCCCACCAGCAGGGCATCCCCCGCCAGCAGGGCAGCGCCTTCCCCAAAGAGGGCGTGGCAGGATTTTTTGCCCCGGCGGTATTCGTCGTCGTCCATGTCCGGCATATCGTCGTGGATCAGGGAAAAGGTGTGCAGCATCTCGATCGCTGCCGCCACCGCCGAAATCGGCTCCAAATCTTTTTTGTACATGCCATAAGTGATCAGGGTGAGATAGGGGCGCAGCCTCTTTCCTCCCGCGAAAACGCTGTAACGCAAGGCCTTGTGCAGGCTTTTGGGATACTCGTCCTTGCGGGGCAAAAAGCGGTCCATGATGATATTGACCAGCTCCTGCTTCTCGCGCATGTCCTTTTTCAGCATGACTTTCCTATCCATTTTCGTCCTCTCCCGGGGTAATGCCCATCTTTTCGTTCAGCAGCTTGACCTTCAGTTCGGCCTTGGCCAGTTCTTCCTGACAGAGCTTGAGATAGTGAAGCCCCTCTTCATAAAGGACGATCATCTTATCCAAGTCCATCTGGTTTTCGTTCAAGCGCTCAACCGTGTCTTCCAGTGCCAGAAGTGCCTGTTCAAAGGTCATTTCGCCTGGCTTGAGTTCCTCATTCATTCGATGTTCTCCCAAACTACATGATTAAATAATACCTTATAAATGAATGAATTATTCTTGTCAATCGATATTTGGCAAGATGGATGGAACAGCCTTGAACAGACCTGCCGTATCCAAGTTCCTCCCCTGACATCCCTCCCTGATGGCTATCATTTTAGGCATCAACAGGTTAACCTATCATCCTTAGGTCATCCTTATAAATTATAAGGTTGACCCCAGGAAGACCCCCGTTTGTGGAAGGAATGCAAATGAGGCCCCCATTATATATAGGTGCTACGATTAGGCCGTGGAAAGGTGGAATGGGAATAGAACGCGGATGACAGGATCGACAGGATCAGCAGGATATCTGAAGGTGGAAAGGTGACATGATCACGTGGTGTCGTGGTGACGTGTTGATGGAGGACGTCAGCCCCGAAACAAATACCCCCAGTCTATATACCGTGTCATCCCGGGCATCGACCCGGGATCCAGTCTTTTGGAAATGGCAATGGAAAAGTGAAATGGTGAAACGGAGCTTGTTTTCATCCGTATGATGCCTGGCATGCAAATCTTATACGGATTGACGGATTAGACTGATTTACGGATTACTACGGTAAAACAAGAAGGCTCTGTTCAGCCAGCCCGAAGCAAACACCGGCATTGGGGCAATAGTCTTTATTGGCTGCCGCCCATCCCCCTGAGACGGAAAATCATCCTCCGACAATGGCCAGGGGCAGGCCGCGGGAAACGGCTACGCGGGCGGGGGAGGCCACTATCCTGTTGCTCATGCCGCGGGGATGGCTGCAAAAGAGGCGCACGCCCGCCAGGGGATATTGCAGGCCCTGGGAAGAGGCGAACTCCACCTCGCTCCAGACGGCCAGCAGGGAAAGGTTGCAGTCGGCCAGGCCGCAGAATTCCGCCTCGCCAGCGATCAGAAACAGCCTCTGCGTCCCGCTCTCGATGCTACCCCTTCCACCGCGTTCATGGATGAGCAGCAGGTTTTGCACCAGGGCCAGGGCGTGGTCGAAGCGTCCACCCAGATCGTTGCAGATGGTGATATCCGCAACACCCCGCTCCAGCGCCCACAGGATGGCCAGTTCGGTGTCGGTCTCATCCTTGCGGGCCGGATGGCGTTGCAGAAGAGAAGCAGGATATTGGGCAAGCAGTTGCGGGGAAAGGGAGTCAAAATCGCCGATTATCACATCCGGTTGCAAACCGAGTTCGTGAACGCGCTCCAGGCCGCCATCCACCGCCACCACCAGATCCTTGCCGGCATCAAGCCTGCCATAGCCGGAAAACAGCTCCCGGGGGGCGTGATGGGTGAAGATCCAGGCCTGCCGCGGGCTCATCTTGTGGCAAAAGCCCGGTCGTCCAGCCGGTTGAGATAGCTGGCCGGATTCACGGGTTGTCCACCTTTGCGCACCCCATAGTGGAGATGCGGCCCGGTGGAAAGTCCGGTGTTGCCCATCAGGGCGATGATCTGCCCCTTGCGCACCTGCTCCGCGGGTTTGACCCGGAAGCTCAGCAGATGGCCGTAGATAGTTTGATAACCCTTGGCGTGGTTGAGGCGGATAAACTTGCCCAGGCCCTCTTCGTGCGCCACCGCGTCCACCACTCCGTCAGCAGTGGCATAGATGGGTGTGCCGACCTGGTTGGCGATATCGATGCCCAGATGCAATTCCAGTTCTCCGGTGATGGGATGCAGGCGCATGCCCCAGCCGTCGGAGATTCTGCCGAAGGTCGGATAGATGGAGGGGATGCCGTCGCCCGAGGTCACCACCACCCGTGCTTCAGATTCACCAGTCGAAACGGGCGCTTCCACACCCAATCTGTCCCATAATTGGGAGAGTTTGCGGTCCAGGGAATTGAGCTGTTTCGCCAGGTCGGGGGTTCCGCGCAGCTTGCTGCGGGCCTCCTCATCCCTTCCGCTGTAATAAGGATAGTCCTGCTCCTCTGAAGTGGCGAAGCCCAGGGAATCCAGCAGGCTGGCGAGGGAATCAAGCTCGATCTCATACTCCGCGATGCGTGAGCCAAGATACTTGTTTTGCTGCCGCAGTTCCTTTACCAACCTGGCATCCGCCGCATTGCCTCCCCCGAAGCCATAAATACCCACCAGCGCCAACAACACAATTACCGCAGCCGCCACCAGAACCAACAGCCATACGGGCAGGTAAAAGCTGCGCTTCCTGCCCCGGAAGTCAAGGCTCAGCTTGAGCCTCTGCTCGGGAACCAGTTCCGGCTCCAGGTTGGGCATCAGGTCTTGTCGGCTCATCTTTATAGTGGACATCCTTGTACTGGCGGGGACTGCCCGGGAAAACAGCGGGGCTGCCATCCCGAATCCTCGCCTCTTGGTAAAAAATCTCACCCAAAAAAAATGGCATCCCGTAGGGGAATCGAACCCCTGTTGCGTGACTGAGAATCACGAGTCCTAGGCCACTAGACGAACGGGACGCATTATACGGGAATCAGACCACAAGCGGTCTGCGCTGGCAATAAATCACTCTGTAATAGCAGTATGGCGACCCCTAGGGGAATCGAACCCCTCTTGCAAGAATGAAAATCTTGAGTCCTAACCGATAGACGAAGGGGTCGCAACTGGTGATCCAGGTTGGACTCGAACCAACGACTCTCTGCTTAAAAGGCAGATACTCTACCGCTGAGTTACTGGACCATTTTTCGCTATTGTTTGTTCAAAAGATTTTTGCGCCACCATCCTGTCAAGGGAAAATTCCCTCCGCCCCGGCTTGCCCGGGATGACGCGTCTTGGATCTTGGGGTTCTATCTATCCGGGTGGGTTAAACTCTCACGCTCTTTTAACCCGCATGCCTTGTTGCCTTTTTATCCGTGGCCACAACGATTCCAGAGGGAGTTCATTCCTTGTCGATATTGTGTTTGATCACCTTGCCCACCGCCATGTAAACTGTGTTCTCGGCTATGTTGGTGGAAAGATCGGCGATCCGTTCCA
AP029619.1_gap50	2070027	2072143	2116	AAAAGATATCGTAATGTCTCATAGTAAGATACATCTTGCTTCCGTCAAAACAACACACCATTTTTCAAGCACTTACGTGTAGGAAAGATTAGTTACTAATTACGGAACTCATTTAACTTTTGGAGGACCTAACTATTCTGATAAAACCCTAATCAATGACTCTCTCGATAATAATTCAGGTGTCAAGATAGTCAAATGCAATTTCAGCAGTGAATCACCAAAAAATCTGCCTGGTGTTTTTCTAACCAGAGTTTACAATATACTGTTTATGACCGGATGCACATTCAATAATCGCAATATCAGCGTCGAGTATGGTAATGACATTACGTATGAAAAGACAGGCTTTCTACACAGTGATATAGAATGGCCTAACATACTATATGACATTGAGAAAGAGTTTTATGGAATCATACGATTGTACAATAGATTCGTTCTATCTGGCGTTGCATCCCCTAAGAAAGATGGTAAGGATGAATTAGACTACTTTGATTTCGCATGGGAATTTCTAGCTGGCGATCAAGTTGCCAACTACGTGTCATTCAACAGGCAACACCTGCCAAGTGCATTCAAAATAAAAAGCTAATAAAGGACTTAAGATGAAAGAAACCCACACTCTTGAAGAAAGGATTGCAGCCCTCGTCCCCAAGCTGCATCCCATACAAAACCACATCCTGCAGACCCGGGATGACCATGTGAAAAACATCTATCTGGTTCTGCTTACTTCCATTGCCCGGGAGGATAATGTAATTGGAAACAAAGAGCAAATCTACCTTAATGCCTTGTGTAATGGCATCACTGGTATTGAATTGGATAAGATCATACCACAATTGGATGCGTTGGACGACGTAAAACTGGCTGATACGTTAAAGACCTTGCACCAGGATCAACTTGCAGTTTGGCTTTTTATAGATGCCATCATCCTGTGCCGAATTGACTCACCTCTCGATGAGAGAAAAGCCACTCTTTTAGGCAATCTGGCTGATGCCTTGAAAATCTCCCGTGATACTGCAGAGCTTTGCCTCAAGTTTGCCGTCATCGTCCTATCTCAAGATCGGCAGTTATTGCTGGATCTGGTGCCAAAGCTTAAGGAACTGCTGCCTTTTGAGCAACTGTATGAGGCTTATCTCAGCCCTTGGATGGATCTGAAGTTCAGCTTTCAGGAAGAAATCCACAAGGGTGGTGAGCTAAGTGGTAAGTATCTTATATATTATCCCGTTACATTGACCGGAGGACTGGAACTGCACCATGTGGAACTGATCTTTAGTGATCAAGGAATGATCAGAATCGGCTCCAACGCAAAAGTGAATTTTAACAACCTGTCTATCCAAAACGGGCATTTTGAATGTGAACCAAACAGCGAGGTCGTCTTCAGCAAGTTTAGCATCAAGGAAGGAAAAGGGATAATCTGCAATGCAGCTTCCCTGATTGATGTCAATAACGGATTATTAGAGAATGCTCCCCTGATCTGTGAAAAAGTAAAGTCTATCAAAATCGCAGAGATGAGGTTTGAAAGCTACCAAGATCAAAGAGCAATGATGTTCACAAACTGCAAGCAGGTCATTATCAGTTCCTGCAGCTTTAAAAACTGTGGCTATGATCTTAACTTGAGCGAAAAGCAAGACGGTGGTGCAATCAAAGCCATTGATTCAAACATATACATCCAGAGATGTAGCTTTGGAAATTGCACTGCTTCTGACGACGGGGGAGCTCTCAGCTTCTGGAATTGTGTTCACAGAATTTCAGATAGCAAATTTATCGACTGTATAAGCGCTACAAACGGAGGTGGTCTCGCAGTGCATGGAATCAAGAACTCCGATGAGGATCTTTATAAAAGAAACATTTATGGCTTTAAAAACACTGGTGATGATAAAGGAAAAGCATCCATAACCAAAGACTCCGAGTTTATTCATTGTCAGGCAAACAACTCAGGAGGGGGGTTTTTTGATTACCATAGGACCATCAGGTTTTGGAATTGTTTATTCCAAAAATGCTCAGCAAAAAACACGGGAGGAGGAGGTACCTATAATAGTAAAGACATATGGGATTATTCGTATGAAATGACGGTGGGGTACAATAGAATAAAGAACTGCCGTTTTATTGAAAACACCGCCAAAGA
AP029619.1_gap51	2088104	2092578	4474	GGCAATTTGCAAGTTGCTGTCCTTCTCGTAGGCGTGAATGTTCTTATGCTCGGCCCCGTGGTACTGGAAGAGGCGGCGTATATCTTTCATGAGGCTGATCAGCCAGACATAGAGAACGAAGAAAGCGATGCGAATGCCGCCGGCGAAGAGGTTGAAATAGAGGTTCTGTTTGGAGAGCCCGATCCAATCCGCCAGCTTGTAGGGCAGGTAGCCAAAGAGCAGGAAAGCGAGCCCGATAGCAAAGACGAAGCTCAGCAGTTCCTCCGCCTTCGATGAGGATTTGGAGCTTGTTTTGGGCTTTTTCCCCTTGGCGGCCTCTTCAGCGGCGATGTCAAGTTCCGCGCGGTTGGCGGAGAGGGTGAGGGTCTTGACCCCGATTACCATCATCTCGATGAGGGACACAAAGCCACGCAGGATCGGCAGCCCCAGTATCTTGCTCTTTTGGGTCTTGCTGACAAATGGCTGCACAAACAGCTCCAGCGAGCCGTCCTTGCGGCGGATGGCGGTTGCCAGGGAGTCCGGACCCCGCATCATCACGCCTTCTATCACTGCCTGGCCGCCAACGGCGATCTCGGGTTTTTTATCGTTCATGATCGGCTCCTTTGCCATATTAACAAGCATTTTCGCCAGGATGTAAAAAACGCCATCATCCGTGCTTCCCGCGCAGCGGATAAATGGCGTTCTAAGCTTGGCGCTGGCTACTTTTCGTTTTTGAGGTTATACTTGCGGTTAAACTTCTCGACGCGGCCGGCGGTATCGATGATTTTCTGTTTGCCGGTGTAGAAAGGGTGGCACACATTGCAGATATCGACCTGCATGTTGCCTTTGGTGGAACGGGTCTGAAACTCGTTGCCGCAGGCGCACTTGACAGTGACGACCTCATATTTGGGATGGATTCCCTGTTTCATTTTATCTTGCTCCTTGAGAAAAATATTATTAGTTGTTTGCCAGAATTTTAGACTTGCCTCCCCTGTCAACTGTTTTTTATCCCCGCTTTTATCCAGACCTTGCGGACTGCATTGCATTGCGGAAAGGCGGCAGATTTGCCGGGCAAGGAAAAATCCCACAGACCGCAAAGCACTTGACAGCAGAAGCCAACCCAAGAATTTGTCCGTTGACCATACTATTGAACGGTATGCGCTTGTAAGTTAAGAGCGCTCGAATGGAGAAGAAAAATGGAATATCCCTTTACCAGGATCGAGAAAAAGTGGCAGCAGATTTGGCGTGAACGCCGGATCTTCAATCCCCCGGATTTCCCGGACAAGCCCAAATACTATGTGCTATCCATGTTTCCCTATCCTTCCGGAGTGCTCCATTGCGGCCACTTTTCAAACTATGCCATCAGCGACGCCATCTCACGCCTGAAAATGATGGAAGGCTACGCCGTGATGCAACCCATGGGCTACGACGCCTTTGGCATGCCCGCGGAGAACTTTGCCATCAAGCACAACTCCCATCCCCGCATCACCACCGAGGAAAACATCGCCGCCATGCGCGTCCAGTTCGACTTCATGGGCTTCGGCCTGGATTGGGAGCGCGAGATAAGCACCTGCCGCCCCGAATATTACAAATGGGGGCAGTTCCTCTTCAAAAAGCTTTATGAAAAAGGACTGGTTTACCGCAAAAAAAGCTGGCAAAACTGGTGTGAGGAATGCCAGACCGTGCTCGCCAACGAGCAGGTGGAAAACGGCCAATGCTGGCGCTGCCACAGCGAAGTGTCTCAGAAGGAGCTGGAACAGTGGTATTTCCGCATCACGGACTACGCCGAGGAACTGCTGGACTTCAGCAAGCTGATCGACTGGCCCGAGCGCGTGATCCTGATGCAGAAACACTGGATCGGCAAGAGCGAAGGCACCCGCATCGAGTTCCCCCTGGAAGACGGAAGCGAGAGCATCCCCGTCTTCACCACCCGCCCGGACACCGTCTATGGGGTCACCTTCATGGCCCTGCCGCCGGAGCATCCGCTGGTGCAGAAATGGCTGGAGGAAGACCCGGACAACTGCGAACTGCATGACTTTTGCCACAAGGTGATCAACGAGGACAAGCTCCTGCGCGCCGCGGAAGACACCACCAAGGAAGGCGTGTTCAGCGGCAGATACTGCCTCAATCCGCTGAACGGCAACAAAGTACAGATCTGGGTGACCAACTATGTGCTGATGGATTACGGCACCGGAGCGGTGATGGCAGTGCCCGCGCACGACCAGCGCGACTTTGAATTTGCCAAAAAATACGGCATCCCCATACTGCTGGTGATCCAGAATCCACAGCAGGATCTTGTTTTGGAGCAGATGACCGAGGCCTATGTCGAGCCCGGGATCATCGCCAATTCCGCCCCCTTCGACGGCATGGACAGCGAAGCCGCCAAAGCCGCCATCTCCGCCCGCATCGAGGAATTGGGCTGCGGCCAGGTGACCAGCACCTACCGCCTGCGCGACTGGGGCATCTCCCGCCAGCGCTATTGGGGCAATCCCATCCCCGTGATCCACTGCCCGCAGTGCGGCGTGGTGCTTGTCCCGGATTCCGATCTCCCCGTGCTGCTGCCGGATAACGTGCAGGTGGGCAAAACCACCTCCAATCCCCTGCTCTCCGTTCCTGAATGGTACATGACCGTCTGCCCCAAATGCGGCGCGGCAGCCAAACGCGAGACGGACACGATGGACACCTTTGTGGACAGCTCCTGGTACTATGCCCGCTACGCCGATCCCAAAAACGACAAAGCCCCCTTCGATCCCGCCAAAGCCAAGCACTGGCTGCCGGTGGATCAATACATCGGCGGCATCGAACACGCCTGCATGCACCTCCTTTACGCCCGCTTTATCGGCAAGTTCATGCGCGACCTGGGCTGGCTGGACTGCGACGAACCTTTCTCCCGCCTGCTCACCCAGGGCATGGTGCTCAAAGACGGCGCGAAGATGAGCAAATCCAAGGGCAACGCGGTCGATCCCGGCTACATCATCGACCGTTTCGGCGCGGACACCCTGCGCGTATTCCTGCTTTTCGCCTCCCCGCCGGACAAGGATGTGGAGTGGAGCGACGACGGCGTGATGGGAGCCTTCCGCTTCCTCAACCGCGTCTGGCGCCTGATCGAGGGCAACCTGGACGCCATCAGGCGCGGATTGCAGCTCAATATCAAACTGGAAGAGGTGACTCCGCCCTTGCGCGACCTGCTCTTCAGCACCCATAGCACCATTAAAAAGTGGATGGACGATTGCCAGAACAGGATGCAATACAACACCGCCATCGCCGCGGTGATGGAGCATCTCAACCATTGCGTGGCCGTGAAAGACCCTGCCAGGCTCAAGGATTCAGACCTGGCGGTCTTTGCCGAAGCCTGCGGCGTCATCCCGCAACTGATCTATCCCTTCGCGCCCCATGTGGCGGAAGAGCTCTGGCAGATGCTCGGCCATGATAAGCTGCTGCATGACAGCGGCTTGCCTGCCTATAAGGAAGAGTTTCTGCAGCGCGCCAGCGTCACCTATGTGGTGCAGGTGAACGGCAAACTGCGCGGCAAGCTGGAAGTGGCTCCCGACATCGATCCCGAGGAACTGAAGAAACTGGCTCTGGAAGTGGAGAATGTGAAGCACTGCCTGCAAGGCTGGACGGTTAAGAAAGTGATAGTTATTCCCGGCAAGATGGTCTCCGTCGCGGCGGGAAAACAATAAAGCAATTTGTTGGACGGCAAGAGGATGGCACGTGCCGCCCTCTTGTTTGCGTCCGGCAGCCCGCCCGGCTGGCCCTCATATCCAACCGCCAGCCAAGAGTCGGTCAGGCAGGGGTCTTCCTGGGGTCATCCTTAACCCTGAATAAGGATGACCTAAGGATGATGGGTTAATCGGTTGCAGCGCAGTATGATAGGCAAAAGGGAGGCTACTTTCCGATACAAAAATTGGAAAAGATGCGCTCAAGCAATTCGTCGCTGCTGATCACTCCCAAAATCTCTTCCAGAGCCTTGCTGGCGGCGATCAGATCGAAAGCGGTGAACTCGAATCCCGCCTCATCCCGCAGCGAGTCCAGCGCTTTTACAAGGGCATCCTCGCATCTTTGCAGGGCAGCCAGATGGCGGGCATTGGTGACCAGAGGACGGCGCAGATCAGGCTGCTGGAGTTGGAAACGCTCCAGGATGGCGGCTTTGAGCTGATCCAAGCCCTCTTCACGCATAACGGTAACGGGTAGGCAGCCGGAAGAAGTCAAACCAGGGCTGGCAAGGTCGCTCTTGCTGAGCAGCCAGAGGGTTTTGGGGTGGAATTCCGGCGGGATGAGTGAGTCTTCAGTTCCCTGCCGCGCTTGATCCGCCGGGCACAAATGCAGGATCAGGTCTGCGGAACGCATCAGCTCGAAAGAACGCTCGATGCCCTGCCGCTCAATGCTATCCCGGGTATCGCGCAGTCCGGCGGTATCGGTGAGGATGAGGGTGTATCCCCGCAAAGCGACCCTTTCTTCCAGATAGTCGCGCGTGGTGCCGGGATGGGGGGTC
AP029619.1_gap52	2095295	2097531	2236	TCCAGAGATCGTGTCCCAGGCGGGTGTGGAAAAGGGTATCCTGCCACTTGTCCGGCAGGACTTTGATGTATTTTAAAGCAGCCAGATCCATGTTTTCAAAGTCGCTTTCGCTTTGGTCGTGATCCACGGCGATCACTGTGCCGGGGCCTTCGGGCTGGCTGAGTGTGTAAAGTCCGGGGCTGGCAAGCCTGTGGCTGCGGGAAGCCAGTTCAATGGTGCTGCCGTCGGGTAAAGTGATGCTGGAGGCGCTCACCATGTCCCCGATTTTGCGGGTTTCTCCCGTAGCGATGGCGGCGCTCACGTATTCCAGGCTGCGATAGGCCAGCACGGCATAGGCGGCATCCAGAAAAAAGCTGTTGGCGGGGCTAGCGAGGTCAAAGGACCAAAGCACCAGGTTTTCTTTGGCCAGGGCAAAGATGTCGGAGCCCCCTCCCAGCAGATTGGCGGCTCCGCTCCCGCTGAGGCTCCAGTAGTCCCTGATCTCCCTGTGGCGCAGGTTTTTGTCCGCCATCAGAGAGGTGATGAAGTGGTGTTTGTTGATATAGCTGATGGATTTGGGCTGTTCCCGGAAGGCACCTATCCGCAGGCCAAAAGTCTGCTCCAGCACGGCTTTGTAGTCAGGGGTCAAGCCCTTGTCCAGACAGAACAGCGCCCCCCTCCCGCTTTTCTGCAGGCTGCCGATTATCTCCCGCAGCTTGGGCGAAAGCTGGCCTGGGGCATAGAAAACTATGGTCTGGTATTGATTGAGGGTGCCCAGGCTCACCTGGCGCGGGTCGAGGCGGACGATCCTGCCCTGATCTCCCGCGTAAACGCTGAGGGAACTGCGCAGAAAGCCCGGTAACTGTGGTTTGGCGCTAATGACAGCGATATGCGGGTCAAGGCGGAAAGGAAAGGCAAAATGGGCGCGGTTGTCGTGGATCAGACGGTCGTCCATCACCTCCACATATCCGCTCTGCCAGCCATCCTGGCGCAGTTCGATCACGATCGTCTCTTTCACGGACTGGCGGGCGGGAACATCCACGAACTTCTCCGCCACCTTGGCATCGCCCAGAACAACCTTCACCAGCACTTCCTTGCGGTCTTGCGCTCCGTGATTGCTGAGCACGAATTCGATGCTCTGGCGGCGTGATTTTTCCACCAACTGAGCTTGCACTTGGGCGGAATGGCAACTGAGGTTGGCAAAGTCCCCATCCGGGAAAAGGTCGATCACCCGCAGGTTAAGCTCGGGCAGCTCGGGATACTCCTGCCGCTGGCCGTCGGTGATCAGATAAGCTTCGCGGTTCGCCAGCTGGGTCTCGGCCAGTTTGCTTTGCGCCAGTTGCGCCATATCGGTCAAAGGCAGGGGGTCGAAGCTGACGCCTATCCGGTCGATGCTGTCCTGGGGAATCCTGCCGGCATAGATCTGGGCGTGCAGGCGGTTCCAGGCATCGTCGGAGGTGATCAGGATCAGCCTGTCCTCGTCGTTGCAGAGTGTATTGATCTGCCGCAGGGCGTCCTTGGCGCGGTCGAGGGTGCTCTTGCCCTCCTGCACGTAGTCCATGCTGAAGCTGGTGTCCAGCAGGATGGCGAGGGCGGTGGGAGGATGCTTGCGCGAGGGCTTGAGCCGCTTACTCTGCAAAAGTGGGCGCGACACCGCCAAAGCCAGCAGCAGGATGATCAGCATGCGGATGATCAGCAGGATGATGTTCTTCAGCCGAGTGCGCTTCTTTTCCTGTTCCTGGCTGGCTTTGATGAAGCGCAGGGTGGAGAATACGATCCGCTTGGGCTTCTTTTTGGCGAGCAGCCAGATCAGCAAAGGCAGGATGGTGGCTGCCGCCAGAAAGAGCAAGCCGGCATTAAGGAAACTGATTCCGCCCATGGCTTAGGGCAATCCCACTCCCAGGGAAAAGAGGTATTCGCTGTCTTTTATCTTGAGACCGCTGTTGTTGAGCGAAAAGTCAAAGCGCAGGATATTGTAGTTGTAACCGGAGCCAAATGTGTAATTGATGGCGGAGGTGCTGCTGAAGTCATGGCTGTACATCCCCAGCCTGACAGCCAGTCCCTGCGCGGTCCTGGGTCCGCCCGACCTTCTTACGCCCATATCCCAGCCATATTGCATGCCCAGGTGGAAGGTGGTGTCTGTGGAGCGGGAAAGCTTGCCCTGCAAGCCGCCGTTCAGGGTCAGGTTGTCGCTTTGATACTGGGCGCCCAGGGCGATCCTGCGCTGTAGCGAGACCGCATCGTAGTTTTCCCACCA
AP029619.1_gap53	2245589	2249870	4281	GCCTTATCGATTCTGTAGACTGAACTGACAGAATATCCCAACAACTTGGCAGTCGACTTGTTGTCGAGCTTCTCTGTATAACCAAGAACACAACGTTCCAAATGCCTGGAATGCCTCTTCTTACCATCGGCAATGCTCTGCTCTTCCGTTCTGATACCACAGCGGGGACAATTAACCCGACGCCTTTTCAGAAGCAGGATAACGGCACGACCCAGTATTGAAGCGTGGAAGATATAGCGTGTCCTGGTATCGTAAACCGGAAGCGCTGTTTTGCAGATCGGACATTGCGCAGGGGAAAGACTGCTAATGGATACATGGATTTGCTTTCTATCCTTGAATTCAACTTCTTCTATCCTTTCAACAGAATATCCTTGCAGTTTTAACAGCACTTCGGATATTTGTTCTTCGAGAGGAACTTGCATGTGACACTCCTTTTGTTGTGATTAGAAGTGTCATTAAAAAAACATGCCTCGTTCCTCTCAAGTTTTTTCTACCCACCATGATTGAACTTGAGCCTTAAATAGGATTTGTGAAGTAGAGGTCATTTAGCATCATCTTGTTTTGTTGATGCCTGTTTTCCGCGCTGGCCGCGGACAAGAAAAAAGCCCGGCCTCAAAGGTCGGGCTTTTAACTTTATGGGTGATTGCTCAGACTTCCAGGATTTCCTTTTCCTTGCTTTTTTCCACCTCGTCGATCTTGTTGATCCATTCGTCGGTGATGTCCTGCACGTCTTTGAGCTGTTTCTTTTCTTCGTCTTCGCTGATCTCTCCGGCCTTTTCCATCTTCTTTAGCTGGTCGTTGGCGTCGCGGCGGATGTTGCGGACCGCCACGCGGGCTTCTTCAGCCATCTTTTTGAGGCTTTTGACGATATCCTTGCGCTTGTCCTCGGTGAGAGGCTGGAAAGGCAGGCGGATCACGTTGCCGTCGTTTTCCGGGGTGATGCCCAGATTGGCTGCCAGGATCGCCTTTTCGATATCTGCCAGGGTGGTCTTGTCCCAGGGCTGGATCACGATGGTGCGGGGCTCGGGGATCGAGATGTTGCAAAGCTGCTTCACCGGCGTGGGCTGTCCGTAGTAGTTGATCCGGATGTCGTCCAGAACAGACGCGCTGGCGCGGCCGGTGCGCACCTTGGAATATTGGTGCAGCAGCGATTCGAAGGACTTTTGCATTTTATCGCTGGACGTGTTCTTGATTTCTTCCATGTTTTTCTCTCTTTGCCTTTAAGGCGCTTTAGGGATGGATGTATGACCCGCAGCCGGCGCTGGTGACCGCTTCGCAGAGCGTTCCCGGCTTGCTGACGTTGAAGATCTTGATAGGCAGGCTGTTATCCCGTGCCAGGGCGAAGGCGGTCATATCCATCACACCCAGCTTTTGCTCCAGGCAGTCGTCGTAGCTGGCGGAGCTGATGAGCTTTGCCTGGCTGTCCTTGCGGGGATCGGAGCTGTAAAGGCCGTCCACGTTGGTGCCCTTGAGCACCAGGTCCAGCTTGAGCTCGACAGCTCTCAGCACGGCTGCCGTATCGGTGGTGAAATAGGGATTGCCGGTTCCCCCGCTGAGGAAGCAGATCTTACCCGCCGCCAGGGCCAGGGAGGCCTTGCGGGGCGAGTAATGCCTGCAGATGCGATCCAGGTTTTGGCTGGAAAAGACCTCCGAGGGATAGTTTTTGGCTTTCAGGATTTCAGACAGATAGAGGGCGTTTTGCACAGTGGCCAGCATGCCGATTTCGTCCAGGGTCACGCGGTTGAGGCTCCGGTTTTTCCAGGTGCCGCCGCGGAAGATATTTCCCCCGCCCAAGACGATGGCCAGGCTGTAGCCCAGGCGTTTGAGGCTGATGATTTCATCGGTGAGGGTATCGATCACGTCGTCATCATAGCCGAAACCCCGGCTGCCGGCGAGGACTTCGCCGCTCAGCTTGAGCATCACGCTGTGAATCTTTGCGGGCTCGTAGGTCATGTCAGGCTCCCGTGGGGTCTTTATTCTCCGCCCAGGGAATAGCGCACGAAGCGCGCGATCTGGATGTTTTCGCCGGTCTTGGCGATCGCGTCGGTGAGCAGGTCTTTGACGGTGCGCTTGGCTTCATTCACCAACTCCTGTTCCAGCAGGGAATGCTCGGAGCAGAACTTTTTGATGTTTCCTTCCACGATCTTATCGATCAGTTCGGGTTTTTTGCCTTCGTTGATGGCTTTGTTGCGGGCGATTTCTTTCTCACGCTCGATGATGGCGGGGTCGATGCCCTCGGCGCTGATGGCCAGGGGGCTGGTGGCCGCGATCTGCAGGGCCAGCTCTTCAGCCAGTTGCCTGAACTCGTCGGTGCGGGCCACAAAGTCGCTCTCGCAGTTGAGTTCCAGCATCACGCCGAGCTTGCCGTTGAAATGTATATAGGAAAAGATGATTCCTTCTTTGGTCGCGCGCTGGGCTTTGCCTTCGGCCTTGGAAATACCGCGTTCGCGCAGATACTTGATGGCGGCGTCCATGTCGCCATTGGTTTCCACCAGCGCTTTGCGGCACTCCATCATGCCGGCTGCTGTCCTCTCTCGCAGTTCTTTTACCATGCTTGCGCTAATCTCTGCCATTTTTATCTCCTTGTATTATCAGAATTATAGGTCGGGGAAGGGTTGTGCTGCCCTTCCCCGCAAGATGTTGTTATTGTTCTACGGTGGGTTCTTCGACGGGCTCTTCCGCGGCGGGTTCCTCCGAGGGCGCGGCTGCGAGTTCGGCTTCTTCCATCACTGGCGCGGCGGCTTCCTCGCCCTCTTCCGTTTCGGTGTCGGCGCCTTCGGCGGCGAGGTTCTTGCCTTCGATCACGGCGTTGGACATGATTTCAGAGATCAGGTGGATGGCCCGGGTGGCGTCGTCGTTGGAGGGAATCACGTAGTCCACCAGGTCTGGATCGCAGTTGGTATCGACCATGGCGATGATCGGGATTCCCAGGATGCGGGCTTCGTGCACGGCGATCGCTTCATGGTCGGTGTCCACGATAAAGATGGCTGCCGGGGGGGCGTCCATGTCGCGGATGCCGCCCAGCGAGAACTCGATCTTGTCGTGGGTGCGTTTCATCTTTTGCTGTTCCAGCTTGGTGTAGTTGCTGATCGTGCCGTCGGCGACGATATCTTCGTAATACTTCATTTTTTCTATGCTTTGGCGGATGGTGGCCATGTTGGTGAGCATGCCGCCATACCAGCGCTGATTAACGTAGAACACGCCGGCTTTTTCGGCGCTTTCCTTGATCGCTGCCTGGGCTTGTTTTTTAGTGCCCACAAAGAGGATATACTCCTGCCGGTTGGCAACTTCTTTGACAAACTGATAGGCCTCATTGATCGCGTCCACGGTCTGTTTGAGATCAATGATATGGATGCCATTGCGTTTGATGAAGATATATTTCTTCATCTTGGGATTCCATTTGTAGGTCTGATGACCAAAATGGACGCCAGCTTCGAGCAATTGTTTCATCGAAACTACGGACATTATTTCTCCTTAAGTAGATACGGTTAGATTTCCCCAGCGGGATATACGCAATTCAGGGAAGCTTTCTTCCCACCGCCTCACAACTCCCGTTGAGGTTTTTTCTTGGTTGATTGGTTGCTTTCTCATCGTCATCCGGGGAGGCGCGGATGCCTCCCCAAAACCCAGAGGATTAACGTTTGGAGAACTGGAATCTCTTTCTGGCTTTCGGTCTTCCGCTCTTTTTACGCTCCACCATGCGGGAGTCGCGGGTGAGGAAGCCACGGGCTTTGAGGGTGGGTTTCAGGTTTTCGTCATACTCCAGCAACGCGCGGGCAATGCCATGCCGGATCGCGCCGGCCTGACCGCTCAGTCCGCCGCCGGAAACGTTGACATAGACGTCGAAGTTTTCGCTCAGTCCAAGCTCCTGCAAGGGCTGCTCGACCACCATTTCCAGGGTCTCGCGCTGCAGGTATTTCTTCATCTGAACCTTGTTGATGATGCGCTTTCCGGTGCCCGGGGCGATCCGGACGCGGGCCACGGCATTTTTCCTTCTGCCAACGGCATCGTAAGTTTGCATATTTTAATTCTCCTTGAGCTTGAGTTCAATCGGCTTTTGGGCGGCATGGGGATGCTCGCTGCCGGCATAGACTTTGAGTTTTTTGAACATCGCGTCGCCCAGCACGGTTTTGGGCATCATGCCGCGGACGGCGTGTTCGATGATCTGGGTGGGATGCTTTTCCAGCATCCTTTGATACGGGATTTCCTTGAGACCGCTGGGGTAGCCGCTGAAGGTCTTATAGGTCTTCTGCAGGCTTTTCAAGCCGGTTACGCGCACTT
AP029619.1_gap54	2251541	2254408	2867	GCAGTATTCGCGGTTGGAGCGCTGAGCGCTTTCAATCAGGGAACCATCAATCCAGGTGGCTATGTGGCCATTTCCTCAGTAAAATACGATTCTGATGACGATGCCACGACAGGCATCGTAATTGCCCCCCAAATCGGCTATTTCGTGATCGACAACCTGTCAGCGGATTTAATGCTGAGCCTTGGCATGGATTCACAATCCGGTGATTATGCCGGCGAGGATTACAAAGACAGCTCCACCAGCCTGGGTATCGGCCTTGGCGCCAGGTATTTCTTCCTTAACTTCTACGGCGGCCTGGGTTTCAATTATGAATCCTATAGCAATAAAGAAGAAATGGGTAATCTCGAAGAAAAGTACAGCTCTTCCGCCATGTACATCACACCCAAAATCGGCTATGTGCTGCCTCTGGCAAGTAATGTGTATGCCGATCTTGGCCTGAACTACAGAATGGGCATTGGCAAGGTCAAGGGCACCAGTGAAATAGCCGGCGTTGACTCCGATTGGGATTATGACAACGAGTACAGCAAACTGCAATTTAGGGCAGGTTTGCAGATTTTCTTCCCCAGCAAATAAACCCATAGTAATTTATCAATAAGCCCGGACATCGCTCCGGGCTTTTGCTTTGGCACTTTCAAGCGGAGCGGATACATACGCGCCCGGGGGGGTCGGTGTGTTCCACCCCGGTTTGCCCTCGCGCGCGCGAGGCAGCCAAGCAGGTGTCTTCCTTAGGTCATCCTTATAATTTATAAGGATGACCTAAGGATGATGGCACCAAACGCTGTAGCAGCAAGGGACGGCGCTATGAAGTAATATCGGAAAGGTAAGCGTATTATTCTGTCTGGAGCAAATATAGCGGGTAGGGTTTAAGCCAGAATCAGAGCGGGAAAGACGGCAAATTCCCCCACACCCGGGATGCCCTGATTTCCGGATAAGTAACAAAAAAAGGGTGCCTCGTCAAAGGCACCCTTCAAGTTGGCCAGTTAGAAACGGTAGCCCAGCAGCAGTTTCATGTTGCTGTAAAAGGTTTCGTCAGATTGCTTATCATCGAACACAGGGGTTATGCTGTTATCGAGCCTCATCTCAAACAGTAAATCGTTGTAGCTGATGCCAACGTTGACCTGATACCCGATCAGGAACTTTGATAACTCGTCATCATCATATTCGCCGTCGTCGTCGGGTAAGTGTTTGTTATCCATATACCAATGGGAATAAACTGGCATGCCCAGAGACGCTCCGCCTCCCACATAAGGAATTATTTTGCTTTTTGGGAGTGGAATGTTGAAAATGATTGATACCGGAAGCTGGGCTACAAACATGCTGTGAGTCATGGTCGTGACATCTTTTAATTCGATTTTCGATCCGTTCATGCTCAAAGCGAGCTCCCCGCGGAGGTCAAATACCTTGGATAGCGGTATTGTTCCGATGATGCCCACATGGGCTCCCATCTTGTTATTCACGTCGAAACCAGAGTCTTCGAGGTCTTCCATGTCTTCACCGCTGAAATTGGCAAGATTCAGGCCGCCAATCAGCGCGCCCTTTGACTGGGCTTGGAGCCCGGCGAACAGTAACAGCGCGAACACTATCAAGAGGCTAACTTTAGTCTTCATTGTTGTCTCCTTTTCTTATATGTAAGCCAATAGTAATAAGATTGACGTAGCCAAAAATTGCATTTCAGCAAACTGTCAATAACAATTTGAGCTTTTGGTGGTCTATGTTTTTTATATTTGAAAGGACGGCCAAAAAAAGCGCCAAGCTGAGTTGGCGCTCTATTGTTTGGCTCGGAAGCCTGGATCGACGCATGTTCAACGGCCGAAAAGGTATCCCAGGTTTAACATGAAGCCACGATTGTAAACATATTCATCGTCATCGTCGGCATCTTCGAAGATGTTGCTGAGGCCATAGTTGTAGCGCAGGCCGACCATGATGTTTTCCCTCAGGATGGCATCGACGCCGAGGTTTAGTCCCAGCTCGAGGGAGTTCATTTCGTCCTTGAAGTCATTGGTATCGTCATAATCGCCATATTCGTCGCTTTCGTAGCTGTATTTCTCCTTAGCTCCAACAAGCAGGGCCAGGCTGGGGCCGAGGTAGGGTTGAAGTTTGAATCCCTGCAAATTCGCATTATATTTGATCAACACAGGTACTTCCAGATAGCTCAGGTTAGCCTTATAGGAAAATTCCCACCCACCTTATATAACAGGCGGATAATCCCCCCGGAAGCACGCGGAACCACGCTTCCAGCCGCTTTGTTTCTTTATTTGCTTGACACCTGCGGCATTTGGCGATTTTGGGTTATGTTCTTGCGAATATTTACTCTTGAGCCCGCTTTGAAGGTGGAGAATGAGGAAGATTATGGAGATCAAAAAAACTTACGAAGCAAAGCAGATCGAACAGAAATGGTATAAGTTCTGGGAAGAGGGCGGCTATTTCAAGCCCGCGGGCGATCCCGCCAAAGCGCCCTTCACCGTGCTTATCCCGCCGCCCAATGTGACCGGCATCCTGCATATGGGACACGTGCTTAACAACACCCTGCAGGATGTGGTGGTGCGCTTTCACCGCATGCTTGGCGAGCCCACCCTGTGGCTGCCCGGCGTTGACCATGCCGGCATCGCCACCCAGAACGTGGTGGAAAAAGAACTGGCCAAGGAAGGCAAAAACCGCCACCAGATCGGCCGCGAAGCCATGGTGGAACTGATCTGGAAATGGAAACAGGAAAAGGGCGACCGCATCATCAGCCAGCTTAAACTGCTTGGCGCATCCTGCGATTGGGACCGCCTGCGCTTCACGATGGATGAAATGCTCTCCCGTGCGGTCAAAGAGGTCTTCGTCTCCCTCTACAATGATGGACTGATCTACAAGGGAAAATACAT
AP029619.1_gap55	2263905	2265945	2040	TCCGGCGGCGGGCCAAACGACGGCCTGCCCGCGGCGATCAGGGTGGACTGCAACGGCAGCCTGGTCCTGCTGGGTTTTCCCCTCTATTTCATGCTGCAGGATGAAGTCCGCGCCTTCCTCACCCAATACCTGCCTGTCCTGCATCCCATGGTGGCGGCTGCAGACCCCCTCGCTCCGTGCCTGAAGCCCTCCCTCAGCAGCCAGCCCAATCCTTTCCGAAGCTCCGTGAGGATAAGCTGCGATCCCGGCAAGGATGCCGGCCCCTTCAGCCTGCGCGTCTTCAACCTGCGCGGCCAGATGCTGCGCGAACTCCCCCTGGCAGCCAAGAGCGGCGTCCAACACCTGGAATGGGACGGCAGAGACGGACAGGGCAAGCCTCTGGCATCCGGGGTCTATATCCTGGAACTGCGTGGCAAAAACCTGCGGAAGACACTCAAAATCCTCAGGCTGGAGTAGCTTACGGAATAAGCTGTGGAAAGGCGGAATGGGAAAAGTACGCGGATGACAGCATCTTTGTAAGGTTTCCCAAAACAAACCTCAATGGTTCCCCTGAAACAAGCCCCCCAGACTACAATGCCGTGTCATCCCGGGCAAGCCGGGGTCCTCGACGGGTCGGTAACGATCCGTTGGGGTGATTTAACGGGGTCCCCGCCGAAGCGCGTAGCGGTTTGGTGGGGTGGGTTTGACCCGGGATCCAGCCCCTAGGGGTGGCAAAGTCTGTTTGCCACAGAGACCGGAGGTCTCTCCCAAACAGGCAACTCCGTTGTCTCTGCCGAACAGACTTCGGCAGCCCCCTGACTTACACCAATCCGCGGCTATCTGCGCCTTTTTCCGCGTATATCTGCGAGAACCGCCTGACCCGGGATCCAGTCTTTTGAAGCCCAAACAGCCACCAGGCCTAAACACACCCTATACGCTGATCGCCCATTGACCGCCCATTGACGTCCGAACAATCGCCGGCCCGACAGTTGACCGGACCTCAACCGCCTATCGGATGGAGATCAAGGCACCAGGGAGGAATCACCGGAGCATTCAATATCCCTTCAGGCAACCCTCGCCTGATCCACCCGTCTGGAACGAAAATCCCAGGCATTTTTCCCGTGACTTCCACAAACCCACTCCTGCCAAATATGCCCTCCATATATATAGGTGCTACGATTTTTACCCACCAACCAACCTCTTGCGGGATAGTAAGATTATCTTTTATAATAATTCTACGGTTATTGGCTGAGCTTTACAATATTGAATGTATCGTAAAAGATGTTAGATATCTGTTCCAAGATTGTCTCACCAGGTTCATTATTTCTAACGACCATAAGATACTCAGAAAATAATCGTATAATCTGTTGTTTCGTCACATCTCTTATTCCAAATATATCAAACATTTGTGAGTTATTAATATCATTTGGTTCGAGTTTACATAACCCATTTCCATATTCCCGTTTACATGACTCAAGTAAAAACACAGAAATATCTGATAACAAGTATGCAATAAATAGCAACCTATCTTTCTCATTGTCAATGAACTTGTTTAAATAGACACAGTGAAAAGCAGTTAAATTACTGACACGAGCATCATTTAAAATGAATCTAGGTTTCTTTCTATTAAAAACGCCAATCCAGAGATCTGAAGGTGGCCTATTCTCAAGAGAATACCATGGAGATCTTTTTGATGTTAAATACTTTCTATGGACACCTAATGACAAACCAATTTCAAGGTAAGCAGCAACAGATGAACTTACTTCTTGTGTAGCATCGAGAAGATAAACTTTTTTATCTAGATTATGTAGTTTCTTAAAGTCTTCTCTCGTGAATACTTTTGATGCAACATCTTGTGACTTGCCAATGCACGGAATCAGGCAAGAATGCGGTATTCGATACTCTTCTGCTTTTGCCCTATTGAAGGTGAAGTAATTATTGTCACCTGTCGCAATGCCCCGTTTTACTGATGCAAATTGCGAAAATGGTACTAACCTTTTGGATGTTGGTGCTATTATGGGACGATAGTAACCCGACCATTTAATACACGGATCAAGATCT
AP029619.1_gap56	2268851	2271754	2903	ATAAAAGGCGCAGATGAACGCGGATTGGGGTTGTGGGGTGGTTTGCTTTGGGGTCTGGTGCTTGTTTTTGGGTTGGACGCTTGTCCTTGTGACCTGTTTTAATTCGTGTTAATTTGTGTAATTTAAGGGCTGCCGAAGTCTGTTCGGCAGAGGCAACGGAGTTGCCTGTTGGGAAGAGACCTCCGGTCTCTGTGGCAAACGGATTTTGCCACCCCAATGTACTGGATCCCGGTGTGTAGTCTGGTATGATCTATTTTAAGCTCTGGTGCTTGTTTTTGGGTTGGACGCTTGTCCTTGTGACCTGTTTTAATTCGTGTTAATTTGTGTAATTTGTGGATAACTATTTTATCAACCGCGGGGAGGCGCTGTCTTTTTGGTTGACACATTAGCAAGCGGGTCAATTCTTGCATCTGACATCTGACGATGAATAAAGTGGGAAGGATGCCATGATTTCGCAAAAGGAAGCCGCCGAACTTTTGGGAGTGAGTTCCAAGGCCTTGTGCCGCTGGAGCGGCGCGGGGAGCTTGCCTTCCCGCCGTCTGGGAAAACGCCGTTATCCGGAGCGCGGGGAGCCTGGATCCCTGCCGTGGGAGCGGGTGGAATGATGCAGTTGTATCTCGCCGGAGTCATGGCCATCGTGCTTGGCGGCTTGATCGCCCTGCCGATCAGAAATGGCCGCCTTTCCTTCGCGGCTGCCTGCGCCGGAATGCTGGTTGGAGCAGTCCTGACGGCGATTCCCGCGATCAGGGCGTTGTGGGGAGTTTTCCCGCTGAGCGCGGACTACCACTGGTTCCTGCCCGGGGCTGCCTTTAGCTACAGGCTGGACTCGCTTTCCGCCTTCTTTTGCCTGCCGGTGCTGCTGATTTCGCCGCTGGCGCTGATCTACGGACGCGCCTATCTGCGAAGCCCGGGCAGGTGTCCCGGCGCCCACTGGTTTTTCTACAATCTGCTTGCCGCCAGCATGTTGCTGCTTTTGGCCGCGAACAGCGCGCTGCTTTTCCTTATCGTTTGGGAAGTGATGGCCCTCGCCTCGTTCTTTCTGGTCATGCACGACCACACGGACGCGGAGGTGCGGAAAGCGGGCTGGACCTATCTTATCGCCACGCATGTCGGAACCGTCGCCCTCCTCGCCTTTTTCGCCATTTTGGGAGGAAGCGCGGGCTCCCTGGATTTTGGCCGCATCGCAGCCGCGCAACATGGCGGGAAGTCTGTGGCGCTGCTTTTTTGGCTGGCGCTGTTTGGATTCGGCGTCAAGGCGGGCTTCATCCCCCTCCATATCTGGTTGCCGGAAGCCCATCCCGCCGCGCCCAGCCACGTTTCCGCCCTGATGTCCGGCGTGATGATCAAAACGGGCATCTACGGCTTGCTTCGCGCCCTGCTCCTGCTTGGACAGCCAAGCGCGTGGATGGGCTGGGTTTTGGTGATCGTGGGCATCGTTTCCGGGGTCGGCGGAGTGCTCTTTGCCCTGGCGCAGCATGACCTGAAGCGGCTGCTTGCCTATCACAGCGTGGAAAACATCGGGATCATCGCCCTTGGCCTGGGAACCGGAGTTTTGGGACTGGCCTGGCAGATTCCGGCGCTGGCGATCCTCGGCTTTGGCGGCGGACTGCTGCACGTGCTCAACCACGCGATCTTCAAGAGCCTGCTCTTCATGGGGGCCGGCTCGGTCATCCACTCCTGCGGAACCAGCAATCTCGAGCTTCTGGGCGGGGTCATCAAGCGCGCCCGCTGGACCGGAATCACCTTCCTGATCGGCTCCGCGGCGATTTCCGCCCTGCCACCCTTCAACGGCTTCATCAGCGAGTTTTACATCTACTTTGCCGGAGTGCGGGGCTTGGGAGCCGCCACGCCCGGGCCGGTGATCCTGGCGGTCTGCCTGCTCGCCAGCCTGGCTTTGATCGGTGGCCTGGCCCTGGCCTGCTTTGCCAAGGCGTTTGGAATAGTCTTCCTGGGCGAACCGCGTTCCGAACTTGCCCAGAAGGCGCATGACCCAGGCTGGATGATGCGCCTGCCGATGCTGCTTTTGAGCCTGCTCTGCCTACTGATCGGGCTGCTGGCGCCGCTGACCCTGTATCTGGTTTTCCCTCCCGTTATTGCCCTGGCGGGACTGCCTGCCATCTTTGACTCCACGCCTTTCCAGCTCACGCAGTCCCTGTCCATCATCGCGTTTCTGCTGGCGCTGCTCCTGGGCAGCGCGGCCTGGTTCCATCTGATCCGCCGCTCCTTGCCCCGGGGACGCCAGGAAAGCCGCGCCGGAACCTGGGATTGCGGCTATTTGAAGCCCAGCGCCAGGATGCAATACACAGCCTCGTCCTTTGCCGCTCCCATCACCGGGCTGTTTCAGCGTCTGCTCTGCATCCGCAAGCGGGGAAAGCCGGTGGAAGGCTATTTCCCCGCCTCCGCCAGTTTCCATTCTGACACTCCGGACGCCGCGAAGGAAGGGCTCTTCGCCCCCCTCTTCCGGCTGACGGAACGCTTGATTGCCCCGCTCAGAAAATTGCAGCACGGCAATCTGAACGGCTATCTGCTCTATATCGCGGTCACCCTGATCGCGCTGCTGGTCTGGAAGACCGTGGTGGCAAGATGAGCGCCCTTTCCTGGATCTTTCCCCTCTGCGGCTGGCTGCTGGCGCCGTTGATGGTGGGCGTGATCAACCGGGTCAAGGCCATCATGGCGGGACGCCGCGGCCCCTCGCTCTTTCAGCTTTACCGCGATCTCTTCAAGTTGCTGCGCAAGGGATCGGTTTACAGCGAAACCTCCACCCTCATTCTGCGCCTGGCTCCGGCCGTGATCCTCGTTTGCGTGGTGCTGGCCACCCTGATCCTGCCCTGGGGCGGATTGCCCGCTCCGGTCTCGTTTGCCGGGGATTTTATCCTCCTGGTCTATCTTTTGGCGTTGTCCCG
AP029619.1_gap57	2297613	2298113	500	TGCCCTCGGCGGGAAAACTGAAACCTCCGTTGCCGGTGGCGCAGTCATCGCTGAAGCAGGTGCTGTCCACAATCGTTTGCACCGTCACTCCCGACCAGTTGTTGCCGGTGAGGTTATCCTTGTTGGTGCATCCCGTCAAATACAACATTCCAATGAATGCCAGACAGGACGCAGCCAAATTTCTGATCATCTTCCATGATACCATAATTAAAATACCTTAGAGAATTAAGATTTTCTAAATTAGTAGATATAGTAGGCACTGTGGATAAGGGGATTTCTGGTCAACCTTTTTTTTAACTTATTGCCAAAAAAGCACAAAGCCGAGCCCAAAAGTTGTGCATAAACTGTGGATAAACACCCCCTCTTCCGGAAGCTTATCCACGCTGTTTTGACCCCGTTCGCGTTGAGGCGGAAATATCCACATCTTTCCACCGCCATCCTTCCACAGGGGTGCACAACTCCGCCTAAAAACTCGGGCATTCGCTTGTCCGGCAGCGCAT
