gap_id	start	end	length	sequence
AP029158.1_gap1	14886	15726	840	AAGTTGGTATTCCGGCGACCTTTATTAACTCGTCAATTTCACCACTAGAGATGTCGGCTCGTTGGGAGCGAGTGGCGAGCGGTTATTATAAAATTGTTTATTTAGCTCCCGAGCGTTTTTATAATCAAAACTTCTTAGCGGATTTAAAAAAAATTAAAGTTTCTTTATTAGCGATCGATGAAGCCCATTGTATTAGTCAGTGGGGGCACGATTTTCGTCCCAGTTATTTACGCTTAAAAGAGGCTGCTAAATTAATGGGTCGACCCCCGATAGTCGCTCTTACAGCCACGGCTACACCAGAAGTTCGCGAAGATATTGTGGCCCAGTTACAGCTTAAAAATCCGGCGCAAATTGTGACGGGGTTTTCGCGACCCAACTTACAATTTGCAGTTGTTCAAGCCAATAATAATCAAAAAATACAATATATTGTTGATACTGTTAGCGACGAAAAGTTGGGTTGCGGGATAATTTATACCGGCACGCGGGCGAAAGCCGATGAGCTGGCCAACTTATTGGTGGCCCGAGGAGTGGAGGCGGTGGTTTATCACGCCGGTTTAGATGCTAGTAGTCGCGCTTGGGTCCAGGACAGTTTTATCAGTGGTCAGGCACGCGTCGTTATTGCGACTAATGCTTTTGGCTTGGGGGTTAACAAAAAGAATGTCCGTTTTGTTATTCACCATGACCTACCGGGAACAATAGAGGCTTATTATCAGGAAGCTGGTCGGGCGGGTCGTGATGGTTTGCCGAGTTTTTGTTTATTATTTTACACTCCCCAAGATCGCTATTTACGCGAATTTTTTATTAAAGGTGATAATCCGGAACCCCATATCATTCGGGAAG
AP029158.1_gap2	18711	19380	669	GTTTTGGGTTTTATTTATGCCGGCTTCAGCTAAACAGCCTTCAGTATCACCTTCTTTAGTGAAGCATTGAACGTAATCACTTAACTTGTCGCCCTGCTCTTTCTGGATGCAGTATTGAACTAAGTTTTCTTCAATTTCCTTCTCACCGTGCATGATATAGTCATTGAACTTTAATTCAAAATCAATCTTATCTCCTAAGAGATCAACAACCGGGAAGATTCCTTTTTCCATTTGTAAACCGTAAGGGCAATAACTCATCACGAATAATTCAACTGTCGGTTTTTCTGATTTAGGTACATCTTGAACTGGCACTTCTCCATCGGCATTGTCACTAGGAGAGGCATTAGCCATCTCTTCTCTAACTTCAGCAATATCTAAAGCTTGTGGAAAGAAAAGTTTACCATCGCGAGAAAGATAGGAATCAACCATTTGTCCGGCGCCAACATCCATTTTTAACTTATATAAATCGTACTCTTCGCTTACTTCTTTTACCAAGGCAACGCTTCCGGGTTGCATTAAAAAAGAATTAACAAAATTTTCTCCTTGGGCGGCAGCCTCTTTTTTACTAATCGTGCCTCGGTTATTTAAAACAATTCCCAAAATAACGGCCACGACTACCAATAAAAGAACAACCCCTAAGAGAAGATTATTTTTTTTCTTCATAATTTT
AP029158.1_gap3	27555	31099	3544	ATACTGGCGACCAACAAAAGAGCTAGTTTTGATTATAACTTTCTCGAAACTTACGAAGCCGGGCTAGTTCTTTTCGGGCACGAAGTTAAAGCTATTAAGGATGGGCATGTTAGTTTAAAAGAGTCTTTCGTTTCAATCCAAGAAAATAAAGGGCGCTTAAGTTTATTTTTAGTGGGTGCTCATATTTCTCGTTATCGTTATGCTGGTGCCTTAGATAACTATGAACCAACTCGTTCGAGAAAATTATTGTTAAGACAAGAAGAAATTGATCGTTTAATTGGAAAGATGCAGTCGAGTGGCTTGACACTCGTTCCCGTAAAACTATATACTAAGCATAGCTTAATCAAGGTTGAGTTGGCTTTAGCGCAAGGAAAACGTAAATTTGATAAGCGTGAAGCTCTCAAAAAACGGGATATAGACCGTCAGATTAAGACCGCCTTAAAACAGCGGTAAAAGCCAGGGGATGTCGGGCTTTCGATAATGAGACCATTCCCTCAAATGTGCAAAACGCGGCGAGTCAACCGCGTTATCAAAGACTCAAAACGACAAACGTCAAAAAAGCAAAAGCATTCACTTGGTTCGTTCCAAGCTATGCTCCTGTTGTAGCTTAAACGCCACAACCATCGGCCTAAGAGTTCTCCAGACTTAGTTACCGGTGTTATTTATGGAGAGTAGGGTTGGCAGATGCTTTCTTTGCTAACTCGAAAACAATGAAAGCTAACTTCTTATTATTTTGTTCGGTTAATTAGATAAGAAGCGAAAATAAATAACCGAACTAATTTTGTAGAAGCATTTAAGGAAACTCGTTAGACATGGGTTCAACTCCCATCATCTCCACCTTCGTTTTGTTAGTTAAAAAGCCGCGGTGGCGGAATTGGTAGACGCGCTGGACTTAAAATCCAGTTGTGGCGACACAGTGCGGGTTCGATTCCCGCCCGCGGCACTCGGTTGTTTTTGCAGCCCTGTTTTTTTGTTCTTGTTTTTTAAACGAAGATTTGCTATATATCTATAGCAGATGCGGGTATCGTATAGTGGCTATTATGCGACCTTGCCAAGGTCGAGAGACGAGTTCGATTCTCGTTACCCGCTCACTGACAGGGCCCGATTCGGCCCTGTTTTATTATGAAAAAAATTTTTAACGCCACTCAGTTAAAGTTTGGAGCCGCTGCTTTAATGGTTTTGGATCATTTGCGATTATTTTGGGTTGGTGTTCCGGAATGGTTTAGTTGTTTTGGAAGAATCGTGGCCCCAATTTTTTTCTTTCTAATTGTAGAAGGATTTTGGCATACTCGTAATCGCGGGCGTTACTTGGGTCGTTTAATCTTAGGGGCGGTAATAATGGATGTAGGAAGAGCTCTGCTCAATCATTTTTTACCGGCACCAGTTCTGATTGATATTAATATTTTTTGGCCATTAGCGCTTTCAGTTGCCCTGATGATGGCCATTGAATCCTTAAAAGAAAAGAAAGTTAATTTGCTGGCTATTTTTTCTTTACCGATGATTGTCGCTATTTTCTTTTTTGTTGAGGGGTCGTGGATGCTTTTAGGGGTAACTTTAATTTTCTATTTTTTCCGTCAGCACTGGGGCGCCTTAACGGCTGCTTTTATTCTTTGGGCTTTTATTTGGCAATTTATTTTTTGGGGAGTTAATGCTTCGGGAACTCCGCAATATCAGTGGTTAATGATTTTTTCCTTACCTTTCCTCTGGCTTTATAACGGCCAGCGTGGCAAAAGCACTCCAGCCCTTAAGCATTTTTTCTACATCTTTTATCCTGTTCATGTTTGGTTAATTTATTTAATCGGGTTAAAATGGTGGTATTAGGCGGGTATCGTATAGTGGTTATTATGCAAGCTTCCCAAGCTTGAGAGGAGGGTTCGATTCCCTTTACCCGCTCCTTTTTTAGTTTCTTATTTGACTTTATTGGCTTTTTTAGCTATAAAGAAAGCACTAAGCTATTATTATTAGAAAAAAATCATGCGTATTAAATTTCACCGCACCGAAGCAAAAGAGGTTATTTTGTTTAAGTCTAACGAAAAAATTCTTTCGGAGCAGGTTTTTTTGATTGATGAAACGGGTGAGCAATTAGGAGTAATGGACACCAAAGAAGCTTTAGCGATGGCTAAAGAGGTGGATTTAGATTTGGTGGAGGTTAACCCTAAGGCTAATCCGCCGGTGGCTAAAATTGTTGATTTGGGGCAACTTAAATATGAACGCGAGAAAAAGGCTCATAAACAGAAAATGCAACAAAAGAGGGTAGATGTTAAAGCTATTAGACTTTCTTTTAGAATCAGCGATCATGATTTAGAGCTACGTCTAAACCAGTCAATTAAATTTTTAAGCAAAGGGGATAAAATCAAAATAGAATTACCGCTTAAGGGTCGGGAGCGGCAGCATCCACAAAAAGCCGCCGCGATTATGAATGATTTTTTAGCTAAATTACAGGCGAATCCTGATTTAAATATTGAGGCGGAACAACCATTGACAAAACAAGGGAGTCGGTTTAGTATGGTATTGGTGAATAAGAAGTCATCTTAGCCCTTAAACCAGGTTTAAACCTGTTTTTTTCTTGAAATATGCCAAAAATAAAAACTCATCAAGCAACCTCCAAGCGTTTTAAAGCAACGGGCGGAAAAAAAGTGCTGAAACGGAAATCCGGGCAAGCGCATAATAATTTTCGTGAGGCCGGTAAAACTACACGTGCCAAGCGGACTGATATCACGCTAACAGAATCTTTGACTAAAACAGTCAAAACTTTAGCGCAACTTAAATAATTAAAAGAACAAGCTGACACTGTATGCCTAGAGTCAAACGAGGAGTCTCTCATGTCAAAAGACGCAAAAATATTTTAGCCGATGTTAAAGGCTATAAATGGGGTCGTAAAAATTTAATCAAATTAGCTCAAACCGCGCGCACCTTAGCGGGAGCACATGCCTATACTGATAGACGCAAAAAGAAACGCGATCGTCGAGCTTTGTGGCAAATTAAGATTAGTGCTTTTGTTCGCGAACAAGGTATTTCCTATTCTAAATTCATGGGAGCTTTGAAGGCGAAAAATATTGATCTTGATCGCAAGGTTTTAGCTGATCTAGCGGTCAATAATAAATCAGTACTGGAAAAGATCGTGGCGACCGTAAAAAAGTAAACTATGACTTGGATTAAAATAGCCCAATTAGTCATTTCTATATTCCTGATTTTAGCAGTCTTGCTCCAAAATCGGGGGACTGGACTCGGTTCCACTTTTGGCGGTTCGGGTGGTGTTTATTTAACTAAGCGCGGTTTAGAAAAAAAGCTTTTCATTGCCACCATCGTTTTGGCGGTATTATTCTTTGTTGTTTCCGTGCTCGGAATTATTCTTTAAATCCGGTTCTCGTGAAATATCGTAAAACTAAAAAAAAACTAGCGGCGGCTTGGGGAAAAACTAAGCACCGCTTAGCTAAAATTTTTAAATCTAAACGCTTAACCACTAAGCGTCGCTTGCGTTTAGCGCAAGAAAAGGCGGATAAGAATCTTGTTTATTCATTGGCAGCTTCCAAAATTCCGACTG
AP029158.1_gap4	35479	37602	2123	ATTAGATATCGCAGTCCCTGGAAGAAATGGCATTATTCACTTCCTCGTCCACAGGCCGAAAAACCAGGGGATTTGTTGCAACTTGATACGGTTCATTTTGTCACTAGTTCGGGGAAAAGATTCTATGTCTATACGATAATCGACCTATATTCGAGATGGGCGTATGCGGAAGTGGTCAAGAAGATCAGCGCGGGAGAAAGTGTGAGATTTTTGAAGAACGCTAAAAAACATGCTAACTTTGATTTTGTGATGGTACAAAGTGATAATGGGCCGGAATTTACAGCCTGGTTTACCAGGGGCGTAGCCAGGATGAAAATAGCCCATCGTCATTCTAGGATTAGGAAGTGTAATGACAATGCTCACATTGAGAGATTTAACAGGACTATTCAAGAAGAGTGCTTTGGGGTGGAGAAACCAGTGAATTATGATCGCTATCTGTCTTTGATTAATGACTATTTAAAATACTATAATACTTCGAGATTACACCTCAGTTTGGGGCTCAAAACCCCAGCTGAAATGTTGGCTTAGTGTTGCCAAGCTATTGAGCTGAATTCGTTCTCCTTGACAAAATCTGTCTTTCTTGACATAATCCAAATACAAAGATTGTAAATTAACAACAAAATAATCTAAATAATGAAAGCAAAAAACTTTTCTGGTCTATGGAGGGCGATAGTCTTTCTGGCCGCCGCTATCACGGTGTTGTTTTCCTGCTCTTCATGTGAGCCGGAAGAACCACCCCTTGTTTATGAAACGAGCATCACTCTCACTGTTGAGGGGATAACAGAGCAAGCCGCTACTTTAGTGGCTGAAGTTAAAGCTGGTAATAAGGAACTGCAAGTAGTCTTTGAACAACTGGTAAATGGTAAGTGGGAAACCTTGGCCAGTGAGCCGGTTTCCGAAATTGAAAAAAAGATAATCAAAAAAGAATTCACTAAACTAAATCCGGAAACGGATTATAAGGTTAGGGCTTATCTTAAAGATGCCAATCAGCAGCCAGTAGCTGTCAGTTTAGAGTTAGAATTTACTACTCCTAAAACAGCCGCTGTCGTTGAGTTGAGTCTTAAAAAAGTCGGTCGCAATCAAGTAATTTTAGTTGCTAGCACCAAAGGGCGCAGCAGCGAAGAAACCTTGGGATTGTGGTTTGAATACTTTGATGGCACTGTTTGGAAAAGCATTTTTTCTAAAAACATCTCCGGGGTGACCGAACAGGAAGTAGAACAAGAGTTAGGTGATTTAAACCCTAATACAAAGTATCAGGTCCGCGCCTATTTACTAAGTCCGACTGAGATTCGACTTACCAGTAGTAATGAGTTAGATTTTGTCACTTTAAAGACGGCAATGTTGGAGTTGGCCTCAAAAGATGTTGGTTTAACCAGTATTGATCTTAGTCTTGAACTCACCCCTTATGACGACACTAAAGTCATTATCAGTTATCAGGCTAAAGATCAGAATGCTAAAGTAATTACCTCACCGGTCTACACCGGGAACCAGCCGATTCCTTTGGAATTTAAACTGGAGAATCTGGAGAGGAGCACTGTCTATAATATCAGTATCAAAACTGATGAAGTAAACAGTACCCCAATTGAATTGTCTCTTGAAACCTATGCCGTTTCTGACTATGACGGTAATTTGTATCGTACTGTCACGATCGGCGACCAGGTTTTTTTGAAAGAAAATCTCAAAACTACCCATTTTCTAAATGGTGATCCGATTTCGCACGTTACCAATGATGACCAGTGGCTGGCTCTTGTCACCCCCGCTTATTGTTATTACAACAATGATCCAAAAATGGGTGAAAAGTATGGCGCTCTTTACAATTGGTATGTCGCTTCTGATCCTCGAGGGTTGATTGAAGGTTTTCATGTTCCCACTCTGGAGGAATGGAAAAAGTTTAGTGCTTATTTAATTAAAAATGAACTAGAAGTAAAGAGTAATACTTTCGACTGGAAAGAACCAAATTTGCTTTGGGGTAAGCCTAGTGGTTTTGAGGCTTTACCGGCCGGCATTAGGGGCGGAAACAATGATGAGGGGGTTGATAATGGAAAGTTCCAGGCTTTTGGTGAAGCGACAAAATTTTGGGCGAGCAGCATTGAGCCGGCTTTACCGCAGGCAGCTGACTCTCC
AP029158.1_gap5	46586	51584	4998	GCGCTAAGTATAAGATTGGCCAAACTGTTCCCGGCTCAATTTTGAAAGTTAATCCTTTTGGACTTTTTGTAAAATTGGATGAAGAAATTCATGGTTTAGCGCATGTGAGTCAGTTAGGCTTAGGGGCTAAAGAAAAAATTAGTGATACTTTTAAAGTTGATGAGGTGAGAGATTTTGAAATTGTAAATATCTCACCGGAAGAGCACCGTTTGGGCTTAAAGTTGGCAGGCGTGGTCAGCACTGAAGCTGCCACCGAGGCTCCCAAAAAAGCGAAAAAGGAAAGCAAAAAGAAGGACGAAGAAAAAGAAGAGACCGCTGAAGAAAAGGAAGTTACTCAGGAGAAAAAAACTGCCAAGAAAGTTAAAGAAAAATAAAATTACTCAAGCGCCGCAATTGCGGCGCTTGTGGGTTTAATTGCTAAAGCCCTAGTCGCCGTGTATAATTAAGAGATAAAAAGTCCTTATGAAAAAAGAATTAATAAAAAATTTAAGTATATTTTTCCTGGTGTTTCTCGGCTTAGCTTTATTTTTTGGGTTCTTTAGCGAGTCGGCTCAGCGACAAACAGTCGGGCTCGATGCTTTAGTTAATCGGATTAATAATGAGGAAGTTTCTTCCCTGGAGGTAGAAGGAGAAAAAATAATTTTGACCTTAAAAACAGGAGAAAAAGAGGTGGTTCAAAAAGAGGAAAATGATTCGCTCGCTTCTTTGTTAGCTGATTTTCAAGTTGATCCTCAGAAGTTAAACGAAGTTTCGGTAACCGTAAAAGAGGATAGTGCTTGGTCTTATTTTTTAACACTGATTCTGCCTTTTTTATTACCCCTTATTATTATCGGCCTTTTTATGGTCTATATGATGCGCGGTGTTTCCGGGATGAATTCGCGCGCTTTGAGCTTTGGCCAAACAGCAGGCAAAGAGCTTGATTTGAATCGTAAAGAAAAAGTTACTTTCGCTGATGTCGCTGGAGCCAAAGAGGCTAAAGAAGAGCTATATGAAATTGTGGAATTTTTAAAATTCCCGAAAAAGTTTCATGATTTGGGGGCTAAAATTCCTCGCGGAGTCCTTTTGTTGGGTAGTCCAGGTACGGGTAAAACTTTAATTGCTCGTGCTGTTGCCGGCGAAGCTGATGTCCCTTTCTTTACTATTTCCGGTTCGGAATTTGTAGAAATGTTTGTTGGCGTCGGCGCTTCTCGAGTCCGATCTTTATTTGATAAAGCTAAAAAAGTCGCTCCATGCCTTATCTTTATTGACGAAATTGATGCTGTTGGTCGTCGCCGGGGCGCTGGTTTGGGTGGTAGTCATGATGAACGCGAACAGACTCTTAACCAAATCTTAGTGGAGCTTGATGGTTTTGAGCCTAGTCAAAATGTTATTGTTATTGCCGCTACTAATCGCCCCGATGTTTTAGACCCCGCTTTACTGCGACCAGGGCGCTTTGACCGACAAGTAGTTATTGATAAACCTGATCTAAAGGATCGAGAAGAAATATTAAAGGTTCATGCCCGCAAGAAGCCTTTAGAGCCAGCTGTTAGTTTAAAGTCGGTAGCGGAGCGCACACCGGGATTTTCCGGGGCGGAGCTGTCTAATATTTTAAACGAAGCGGCGATTTTAGCGGCCCGGCAAAATAAAAAATCTATCAGTCAAGATGATATTTTTGAAGCAATTGAGAAAGTGATGATTGGTCCGGAGCGTAAAAGTCGGGTGATTACTGATAAAGATAAAAAAATTACCGCCTATCATGAGGCTGGCCATGCGGTGGTGGCCCATTTTTTACCGGGAGTTGATCCCGTCCAAAAAGTATCCATTATCGCGCGCGGTCAAGCGGGTGGTTATACCTTGAAAGTTCCGGTTGAAGATCGCAGTTATCATTCAAAGTCCGAATTTATTAACGAACTCTCCGTCCTTTTAGCTGGGCATCTAACGGAAAAAGAAATTTTTGGCGAAGTCACTACCGGGGCCACCTCGGATTTGCGCCGCGCTACCGCAATTGCCCGTAGTCTCGTGACTGATTTTGGCATGAGTGAAAAAATGGGTCCGCGTACTTTTGGAGAAAAAGAAGAAATGATTTTCTTGGGCCGGGAGATTCACGAGCAGCGTGATTATAGTGAAAAAGTAGCCGAGCAAATTGATGATGAGATTGAGGGGTTTATTAGCCAAGCGAGCGCCAAAACTCAAGAAATAATTACCAAGAAGCGCGCCTATCTGGAAAAAGTAGTAGCGGTTCTTTTGAAAGAAGAAACGATTGAACGCGAACGCTTTGTTGCTTTAATGAACGAAGGGGCTGGTGAGACTCCTGAAAAAGGCGATGCCTCTCAAGTTGACTAAACCCGATTTTAAGTTATACTAAAAACGTAATCTAAGTAATTTTAGCGCCTAATTTATATGGCAAATCCTAAAAAAAGAAAAACTCACAGTGCTGTTGGTAAGGGTAGAGCGCATTTAGCTCTAAAAAAGGTAGCAATTAATAAGTGTTCCAAGTGTGGCGAGCCAAAACTACCACACACCGCTTGTGAATTTTGTGGCTCTTATAAAGGTCACGCCGTGGTTCGCGTCAAAAGTCGCGCCACTAAATAGTTATTGCTTTTAGCCCTTAAAAATTATGTCCAACCGTCATTTGGCGCGAACCATTGCTCTGCAAACTTTATTTGCCTGGGATTTTAATGGTCAAAAAAGTGAAGATCTTGATTTTCTAATTGAAAATAATTTTACTCATTTCGCGCCTAATTTTGATGACGGCGGTTTTGTTAAAGAATTAGTTTCTGGGGCGGTTGACCACTTAGAGGAGGTTGATAATTTAATTCGTCGCCATGCGACGGAGTGGCCTCTCGAGCAGATTACCGGAGTTGATCGCAATGTCTTACGTTTAGGTATTTATGAGTTGTTGTATGCGGAAAGTATTCCTTCGCGGGTAGCAATTAACGAGGCGATTGAGGTTGCCAAGAATTTTGGCGGCGATTCTTCCGGAAAATTTATCAATGGTGTGTTGGGGGCTATTTATGCTGAATTACCAGAAAATAAAAAGCGCGACAACAAAGAAGAGTTTGAAGAAAAAAAACGTCAAGAGGCGGCGGAATCGTTAACCTCGGAGCAAAACTTGCCCCCTCTTTAAAGTCTTAAAGTAAACCTCCACCCCGTGAGGTTTTTTTAAAAAATATTTGTATGGCGAAAGAATCATTAAAGCCTTTAGAAAAAAAAATTGAAGTCACTTTTAAAAATAAGGACTTGTTAAAGCAGGCGCTTACGCACCGCTCTTATCTAAATGAGCATTCGGAATCAGAATTAGGTCACAACGAACGCCTGGAATTTTTAGGCGATGCCGTTTTGGAAATTGTTATTACTGAGTTTTTATATTTAAATTTTCCCGAAGTGGATGAAGGCGCTTTAACTAACTGGCGCGCTTCTTTGGTAAATTCTAAAATGTTGTATGTGACGGCGACGGAATTAGGTTTAGAAGATTATTTGTATTTGTCGCATGGTGAAGCCAAGGATAAAAATAAAAAGTCGCGGCAGTATATTTTAGCAAACACCGTGGAGGCGGTAATTGGCGCTATCTATTTAGACCAAGGTTTGGAAGTCGCTAAAAAATTTATTTTAAAATTTATTGCCTCTAAAATGGATGACATTTTAGAGAACGCTGCTTACCTAGATCCTAAATCTCGTTTTCAAGAAAAATCTCAGGAGCAGCGCGGAATTACGCCGCACTATGAAATTTTAGAAGAGAGTGGCCCTGATCATGCCAAGACTTTTGTGGTTGGCTTATATATAGATGAAGAATTAATTACCCGGGGCGAAGGCTCTTCTAAACAAGAAGCTCAAGTCGCTGCTGCTTTGGCTGGTTTAAAAAAATTAGCTTGGTAAAAATATGGATTTAATAAAAATGCTTGAACTGGCGACGGCTCATAAAGCCTCTGACCTACATTTAATGGTCGGGCAGCCACCAATTTTAAGAATTGATGGCGAGCTGGTGCTTTTGAGCTCAATGGCTCCGGAATTTACTAATCAGCCCTTAACTGATGAGAATTTGCGCGCGGCTTTAGAAAAAATTGCTACCCCCGAAGAACAAGCGCTATTTTTAGAAAAAAAAGATTTGGATCTTGGTTATGAAAATTTGGGGACTCGGTTCCGTGTTAATTTTTCTTTTGAAAAAAGTAATTTACGCTTGGTCGCGCGTGTAATTGAAGAAAAAAAACCGACGCTGGAGGAGATTGGAATGCCAGAAACAATTAAAGATTTACTTGATCAGCCGCAAGGTTTAATTTTAGTTACCGGTCCGACGGGCTGCGGTAAGTCCACGACTTTGGCGGCCATGGTTAATTATATAAACAGTACTCGCCGCTGCCACATTATTACTTTAGAAGATCCGATTGAGTTTGTTTTTAATTCTGATAAAAGTTTAGTTACGCAGCGTCAGCTAGGATCGGATATGAAATCTTTTGCTAGTGGCCTAAAACATGTTTTACGGCAAGATCCGAATGTGATTATGGTTGGTGAAATGCGTGATTATGAAACGATTGCGGCGGCGGTTACTTTAGCAGAAACCGGACACTTAGTTTTAGCTACTTTACATACTTATAATGCGGTGCAAACGGTGGATAGAATTATTGATATTTTTCCTCCGCACCAACAGAGCCAAATTAAGTCGCAGTTATCAATGCTCTTAACCGCGGTTATTTCTCAACGGCTGTTACCAAAGATTGGCGGCGGTCGAGTGGCGGCGCGAGAATTATTAATTCGCAATTCCGCGGTCGCCAACCTAATTCGCGAGGGTAAAATTTCTCAGATAAAAAGTGTGATGCAGATGGAGGGTAAAAATGGCATGATTACCATGGATAAACATCTGAAAGAATTATATAAAAGTGGTTTGATTACTAAAGAGGTGGCTGTTCTTTATTCAGACGAGCTAGCGGTAAATTAAAAAATATTCCTGTTGATAAGTTGGTGTTAAGTTAAGCTTCTTAAGGAAAAAATTAGTTATTTTTTAGAAAGTGTTAAAAGACACTT
AP029158.1_gap6	56060	58695	2635	CTGGTAATTTAGAGATAAATACCCAATATATTAAAGGTTATTATAGTTATATAATTATTTTTAGTGTTTTTTATTTGAAAAAAACCACCTCTTTATGAAATGGTTTTTTGTTTTTGGAGATTCGAAGTTCAAAAATGGTTGAACTCGTAAATGATGATTTCACCCTCCGGTGTTTCTTCGCGATGAGTAATCTGCGGCTGAAGTCTTCTTGTTTTGCAAGTTATCGCCGGACCGTTGATATCGCCAATTTTCCGATTAAAGGGGATAAATATTTTTCCGTCGGGCTTTAAAAAGGTCATCGCTTGGAAGAAAAATTTATCTAACAAATGTTTATCATTAAATAAACCTTCTTCTAGCCATTCGCCTTTTTTTGCTTCTCCTGGGATTAGGAGATTTGAAAAAATAATCACATCAAGTGCGGATGGAACATCTTCCAATAAATCTGCTTCAACTATTTCTACTCTTTTAAAGAGCCCGATTTTTTTTAAATTTTTCTCGGTATTAATTCTTGCAAACGGCGAACTATCAGTAAAGAAAACTTCTTTAGCACCATTTAAAGCAGCACTAATTCCTAATATTCCGCAACCGCAACGGCAATCCGCGACAATTTTCTCTTGGACTATTTTGGGGTTATTCTCAAGATATTCCAGCATAACTTTGGTTGTTGAAATGTTAGGGCTAAAGACACCGCGGTCAACAATTATTTCTTTGCCTTTTAAAAGTTGTTTTTGGCCGGAGTGGCCGTTAACTTCACGGTAAAAATCCACTAATTTTTCTAATTTTTTCATTTTCCTCCTTTTTTATTGTTAAAATACTCCTCCTAAGATAAACTATTTTTATCTTATTGTCAAGGACTAAGGACTGTTTTTTAATCTAAAATAAGATAAAACAGTAATTGCTCCATCGCGCTTAAAATGATAAAATGAGACTGTAAAAGCTTATTTTTTATGAATCAAATCGTTATTTTGGCGGCCGGAAAGGGCACGCGCATGAACTCTGATTTGCCTAAAACCTTGGTTCCGGTAAACGGTAAGCCGATGATTTTCTATATCTTAGAAACTATTTTTGCCTCGGGTCTGGATAAAGAGCCGATAGTAGTTGTTTCTCCGGACAATGTAGAAATTATAAAATCAGCTTTAAAGGATTATCCGCTAAGATATGCTCTCCAAAAAGAACAGTTAGGTTCGGGCCATGCCCTTAAGTCGGCTAAAGGTTTAATTAAGCCGGGCACAAAAAAGATTTTTGTTGTCTATTGTGACCACCCCTTTTTAAAACCAGAGTCTTTATTAGCCGCCGCTGCTGTTCCCGTTGAATCAATTATAGTGATGACCACGAAGCTACCCGATTTTTCTGGTTGGCATCAAAACTTTAAGCACTGGGGGCGCTTTGTCCGTGATGCTGCTGGCAATATTCTAAAAATTGTAGAATTCAAAGATGCTAGCCCCGAGCAGCGGGCAATCACGGAAGTCAACCCTGGGTTTATGGTTTTTTCTAATGATTGGCTTTGGGAGAACATTGAAAAGATATCTAATAATAATGCTCAAAAAGAATATTATTTAACTACCCTGCCCGGAGTAGCAACCGCGGGCGGCTATCAAATTTCTAGTATTCCGATTGAGCCTTTGGAGGCTTTAGGGGTTAATAGCCAAGAGGAGCTAGCTTTAGCCGAAGAGGCCGCGTCTAAGTTTGTATGAAAAAGTTAAAGGGGCTTTTAAAAGTTTTAATCTTATTTCTGTTGCTTTTTTATTTAGCAATCTTTGTTACTCTAGAATATAACTCAAAAAATATTTCCGACGCCCCTGCTGATCATTGGCCGGTAGCTAGTCAGGTATTATCCGGCTTAGCCGGCTTCATTAAACAGGCGAATAATCGCCCACAGCCATTTTTAACTTGGTGGCCACAAGCAGTCGGTTCTCAGGCCGGAGAATTCATTCAGGGCCAATCCGCCTTAAATGAAGGAAAATTAGTTTTAGATTATCAGAAAAACAGTAGTAAAATATCCGCAGCTGAATATTTGAAGGAGGCTTTCAATGAGGGCGCCTTTAATTTAGAAGTTGTTTGGAATAGGTTTATAGATTATTTTAATCAGTTCAAATAGTTGGTGCTCGGTTAAAAATAGGCTATAATATAGCAGTCGAATTTTTATAAATTTAATCTTAATAACCAACCCTCCCGAAAGGTTATTGTCAAAATTATGGCTAACAAAAAAACTGCCCCCGTTTCCAAGGAAAACGGCGAGGCGAACAAAAAGGAAGAAGCGGCTTTAGCGGCTATGGAGCAGGTGCGCGCTAAGTTCGGCGAGGGCTCCATTATGAAGTTTGGTGACGCCCGTAAAACCGATATTGACGCGGTTCCTACTGGGTGTCTATCTCTAGACATTGCTTTAGGCATCGGCGGTATTCCGCGCGGACGAGTCATTGAAATCTATGGCCCGGAATCTTCTGGTAAAACAACTTTAGCGCAACACATTGTCGCTGAAGTGCAAAGACTGGGTGGTATTGCGGCTTTCGTAGATGCGGAACACGCTCTTGATCCGGCTTATGCTGAGAAAATTGGTGTTAATATCAAGGATTTAATTATTTCCCAGCCAGATTCTGGAGAGCAGGCCTTAGACATCGTTGAGACCCTGGTGCGC
AP029158.1_gap7	60993	61842	849	TAATATTTCTTCCTTCACGGCCGATAATACGGCCCTTCATTTCATCATTCGGCAAGTCAACGGTAGTCGTGGTTAGTTCAACGGTGTAGTTAGAAACCATGCGTTGCATCGCTAGAGCCATAATGTCTCGAGCTTTGTCCGCTAAAGTTTCTTCGCCTTCATTTTCTAATTTTTTTAGACGGACCGCTAAATCTTCGCTGCACTGAGCTTCAACTTTTTTAAGAAGTGCTTCTTTCGCCTCCTCAGGGCTAAGCTCGGCAATTTCGGCCAACTTCTTTTCCTGTTCTTGTTGAATAGCTTTAATTTCCTCTTTGATACTTTGAACCTCGGCCACTTGGTCGTAGAGTTTTTGTTGCTTCTCTTGAAGATCAAGAAGTTTTTGGGAAAAAGAATTTTCTCTTTCTTCAACGCGCGCCTGAGCTTGGCTAATTTCTTGCCGCCGTCGCGCCTCTTCTTTTTTAGACTCCTCAATTACTTTGAGCGCCTTTTCTTGAGCCTGTAAAAGGATTTCTTTTTCCTTTAAAGACGCATCATCTAATAATTTTTTCGCTTTTTGTTCTGAACCACTTAGTTTTTTGGCGCCGAGACTTTTATAAATTAGATAACCAATAAAAAAGCCGCCGGCCAGAAACAACACATAAAGAATATATTCCATATGATTACGGTTGTTTTTGGAAAACCGACAGCCGACGCGCCTGCTTCTAAAAAATTAGAGCCGGGTAGAATATTATATTGATAGCTAAACTAGAAACAGAGATTAAAAAACTAAAAATATTAAGCGACGGAAAACAGGGGTTAAGTTCCAGAAACAACCTGATTAAAAATCTTATGCTTCTAGCCTAGCATTAA
AP029158.1_gap8	110419	112099	1680	ATTCTGGCCGTGAGATTAGAGATATAAAACCCCGCCGCTACTAGTCCGGCTAAAACTAAGCCGAGGATAATAATTAGTGCTATCCCCCACCAGCGTTTATACCAAGGGGTTAATTTTTTCTTATATTTTTCTTTAAGAGTCAAATATTTAGTCCGCTCTTCCAGACTCAGATTGCCGAGATTTTTTGCCATAAATTGTCTCTTTTAGCTTTTTTAATTATACTTTTATTATACATAATTTAGTAAAAAATTACAGCATGAAAATTATCTCTTGGAATGTTAATGGCATTCGCGCCGTTTTAAAAAAAGGCTTTCGGGAATTCTTAGAAACTGAGCGTCCGGAAATTTTATGTTTACAAGAAATTAAAATCTCTGAGACTGCTAAAACTGAAGCTGCCTTTGATTTTCCCGGCTACCACGAGTATTGGAATTCGGCTCTTCGCCCGGGGTATAGCGGTACGGCGACTTTAGTCCGCGAAGATATTGATGCACCTCTGAGTCTTAGCGGTTTAGGTCTCAAGGAATTTGACGATGAGGGGCGCACTCAGATTTTAGAATTTACCGATTTTTATTTGGTTAATTGTTATTTCCCTAATGCCAACGCCGAATTATCGCGCTTGCCTTACAAGTTAGCCTTTAATGAAGCCTTGCAAAAAAAGTTAAAAGAACTAGAGCTTAAAAAACCAGTTATTTTAACCGGCGATTATAATGTGGCTCATCGGGAAATTGATTTAGCGCGGCCTAAAGAAAATATTGGTAGCGCCGGTTTCACTTATGAAGAGCGCGCTTGGATGGATAGATTTTTAGCGGCCGGCTTTATTGATACTTATCGAGCCCTAAATGGCGGCCGTATTCAATACACTTGGTGGAGTTATCGAGCTTATGCGCGGGCGCGCAATGTTGGTTGGCGGATTGATTATTTTTGCGTTTCCGAAAAATTCTTACCGAAAATAAAGACAGCGGCCATTTTAGATGAAGTTGAGGGGTCCGATCATTGTCCGATTCTAATTGTACTTTAGGTTGAAAAAACTGCCCAGCAGCTCTTTAATTTTTTAGTGCTTAAATCTTGCTTTTTAGCCATTTTCCCGCTAAAATCCAAAAATACTCAAGAAAAATTAGACTTTTTTTCTTTAACTTATTTTTATGTATAATTTCCAAAAAATTGAAGCTAAATGGCAAGAAAAATGGCGCGCGGCCGAGATTTTTAAAACTCCAGAAATTGATAATCGTCCTAAACGCTACATTTTAGATATGTTCCCTTATCCATCAGGAAGCGGTTTGCATGTCGGTCATGTTGAATCATATACCGCCACCGATATTTATTCTCGTTTTTCCCGGGGACAAGGGTATCGTGTCTTACATCCTCAAGGATTTGATGCTTTTGGCTTGCCGGCCGAAAATTATGCCATAAAGACGGGGGTGCATCCGGCAGAAACAATTAAAAACGCTGTGGCTACTTTTACCAAACAGATTGATAACTTAGGGGTTTCCTATGATTGGGAGCGACGCGTTATTACCAGTGATCCGAATTATTACCATTTTACCCAATGGCTTTTTTTGCTGATGTATAAAAATGGCTTAGCTTATAAAAAAAAGGCCAAGGTTAACTGGTGTGAAAGTTGCCAAACAGTTTTGGCTCGTGAGCAGGCTGAGGGCGGTATTTGTGAGCGCTGCGGCAATA
AP029158.1_gap9	131593	135431	3838	TGAGTTAACTAGCGATAAAGGCATTCTCTACGGCATTAACCGCCATAATAACAGCTTGATTTTATTTGATCGCTTTTCTTTACCCAATGCGAACTCCGTTGTTTTTGCTACTTCGGGCGCCGGTAAAAGTTATGCGATTAAATTAGAAGTGTTGCGATCCTTGATGCTGGGCGCCGACGTTATTGTGATTGACCCGGAGCATGAATACAAGCATCTCTCCGATGCGGTCGGCGGTACTTATATTAACATTTCTTTATCCTCAGAAAATAAGATTAACCCTTTTGATTTACCGCGTTCCGTTGGTGGCGATAGCAAGCCCAAAGATATTTTGCGCTCCGCGGTGATTACGCTTAAGGGTTTACTGCGATTAATGTTGGGTAAGTTTAGTCACGAAGAAGATTCAATTATTGATCGAGCACTTCTAGAGACTTATGCTAAAAAAGATATTACTCCCGATGCTGATTTGTCTAATATCAATCCTCCAGTCGTTAGTGATTTAGAACAGGTTTTAGAGGGTATGGAAGGGGGCAGTAATTTAGCCTTGCGCCTTAAAAAATATACCGAAGGGACTTTTTCTGGTTTGCTAAATAGCCCGACCAATGTGGAGATGAATAATCAGTTGGTTTGTTTTTCTGTTCGTGATTTAGAAGACGAGTTGCGGCCGATTGGAATCTATACCATTATTAACTACATTTGGAATGTGGTCCGGAGTGAAACCAAGCGCCGAATATTGGTTATTGATGAAGCGTGGTGGATGATGCAATACGAAGACTCCGCTAAGTTTATTTTTGCGCTAGTTAAGCGCTGTCGTAAATATTATTTGGGGATTACGACAATCACTCAGGATGTCAACGACTTTTTAACCTCGCCTTATGGTCAAGCGATTGTCAACAACTCCTCCATGCAATTACTGCTCCGGCAATCACCGGCGGCCATTGATTTGGTGCAAAAAACTTTTTTGCTGACCGAAGGAGAAAAGTATTTATTATTAGAAGGTGGTTTAGGGGAGGGGATTTTCTTCGCCGGCAATAAGCATGTAGCGATTAAGGTCGTTGCTTCTTATTCTGAGGATCAATTAATTACTTCCGATCCGCGCCAATTGTTGGAAATCGCGGAAGCTAAGCGCCGCTTTGAGGCTTCGCAAGCTTCGGGCACGGTCGCTGATTTAGATATTTAAAGATAGATAAATTAAATTAAGTTTATATGAAAAATCCTAAGAGAACCGGCTTAATCATCATTATCATTTCCTTGATATTGCTAGCCGTTTTAATCTTTTTAATTATCTGGCAAAAAAATGCCCAGCCCGAGACTCCGGCAGTTGTTCCGCCAGTAGCCACTTCCACTTTACCGCTCGCCGAGGCTGACCCCATTGAGACACCAACCACAACTCCGGGCGATCGACCGCGCAACTATCAGTCTTATGATGTTTCTCAAGAAGACCCTTATCAAGTGGTCGCTTATGATGCTGAGAAAAAAGCCAAATTATTTGCCGAACGTTTTGGTAGTTTTTCTAATCAATCTAATTATAGCAATATCGCCGATGTTACTATTTTAATGACCCCCAGTATGAGAGTCTGGGCGGAAAATTATTTAGCGGAGTTGCGCCGCCAGCCTTATAGCGGTGATTATTACGGCATTATCACGACCGCTATTGTTTCTGAAACCCTGGCTTATGACGAAGCCGCCGGAATAATCAATTTAGTGATTACCACCGAACGGCAGGAAACTAAAGGCTTGGAAGCAGGTCCGCTCTATGAACAAAAAATTGAAATTGATTTAGTCAAGGAAGGCAATGATTGGTTAGTTGACCGCGCTCAATGGAGGGAGTAAAGTATTGAAGTTATGGCCAGTTTAAAAACAATTTACGTTTGCTCTAATTGCGACGCCCAATTCCCTAAGTGGAGTGGGCGTTGTTCGGAATGCGGGTCTTGGGGGACTTTAACCGAAGAAATTAAGGATCAAAAAGAGGCGGCCAAAGCCGATTTAAGTAAAATTGCGGGCGCCGAACTCTTAGATTTACGGGAAATAAAAAATGACCAGTTGCCTCGTCTGCGCACCGGTCTTAGTGAGGTTGATGGCGTTTTTGGTGGCGGTTTGGTGCCGGGGTCACTAACGCTACTCGCTGGCGAGCCGGGTATTGGTAAATCTACCTTGGTGGCGCAGGTGGCGAGCTCTTTAGGGCAGACGGCCACTGATAAAAAAACACCGGTAGTTATTTATGCAAGCGGGGAAGAATCGGCCCGGCAAGTGAAGGATCGCTTTGATCGTTTAGACTGCAGTTTAGATAATCTTCGTTTTATCAGTGAAACTAATATTGAAAAAATTATTGCGACCGCCACTAAAGCAAAACCTCAGCTCTTAATTATTGACTCCATTCAAACGGTCTATTCCGCTTTAATTCCTTCGGAGGCCGGCAGTTTAAATCAAATTCGGGCGGCGGCGGTAAAATTATTGGAGTTAGCTAAAGGCAACGACGTCACCGTAATTATGGTGGGCCACATTACCAAAGATGGCCAGGTCGCCGGCCCTAAATCTTTAGAGCATATTGTTGATACGGTGGTTTATCTGGAGGCCGAAAAAGCCAATAGTTTTTGTCTACTGCGAGCGAGTAAAAATCGTTTTGGCGCTACCAGTGAATTAGGAGTTTTAGAAATGACTAGTCGGGGATTTGAAACGGTTGTTAACCCCAGTTCTGTTTTTATTGAAGGGGTAAGCGGTGGTATTTCCGGCTCCGTGGTCGGTTGCGTCTTAGAAGGCGCGCGCCCCTTTTTAGTTGACCTGCAGTCGCTGGTTTCAAAAACAGTTTTTGGTTATCCGCAACGAAAAGCCAGTGGCTTTGACCTGAACCGCTTACAAGTTTTGGCAGCGGTAATTTCCAAACGCACTAAAATAAATTTAAGTAGCCAAGATATTATTTTAAATTTAGTTGGCGGCTTGCGCTTGGCTGATCCGGGCTTGGATTTAGCGGCTTGTGCGGCAATGATTTCCTCTTTTTATAATAAAAACTTTAATCGCCAAACGCTTGTTATTGGCGAGGTTGGTCTGGGCGGTGAAGTTAGGGCGGTTTCGCGCCTGGAGCAGCGCTTGAAAGAAGCTGAAAAATTAGGCTTTAAGCAAGCGCTAATCCCCGATGTTCCGATAAAGGCGGCGAAGTTAAAATTAGTGAGAGTGAAGCATTTAAATGACTTAGTTGAGTTTATAAAATAAGTAGTCAAATAAAAAAGCCTGAGCATTATGTCAGGCTTTATTTTTTTGTTTTTAAATATCTACTGTAGATAGTATATCCACGGGGATCTTTTCTTCTACCTCCACTTTTTGATAGCGAGGTTTTTTGGGTTTTTCTTTTTGGAATTTCTTAGAAATAATTTTAAACTCCTTGGTGATAAATTTAAGGTATTCCTCATCTTTGGGGTGTTGGAGCGTTATCTGGCGCAGAGAAGCGTACTGATCGCTGCCTTCAATTAAGGCGCGAACTTCTCCGGTGCCGGTTATAAATAATTTGTCAAAATTGATTAATACCCTCTCCCCATCCTTCATAGTGCAATACAGTTTTTTGTAAGTTTTTGTTTTACAGCAAAACTGGCTGCCGTCTTTTGTCTCAATTCTTGCCATGTTTTTTATTTTTAAAGTTCAACATTTATTGAAATGTTAGTGTATCATTAAATTAGTAGCTTGTCAAATAGTGCTAATTATGGTAGTTTTCAAATATGACTAAAACCGATTTTAATTACCTTTTTTCTCCGAAGTTTGCGGCTGATTACCAGAAATATCAGTCTTTTAGCGACCAGGAGCTAGATCGTCTAATTTTAAGCTCCGAAATCTCGCCCACCTTAGCGAC
AP029158.1_gap10	182634	183824	1190	CAGAGATCGGTAAATTCACCGACACTATAAAAACTGACGGTTGTTTCGCCGGCACTTTTTAAGTCGGCAATCAGTTCTTCTTTGTAAGGATGTTTTTCTTCTTGGGCTTCAGCTAAAGCGGCCTCAATATTTTTTTCACTGCGAGTAAAACTTAAATTTTGTTTAACCAAATGAACCATTCTTTTCTCCAGTTCTTTTAAATCGGCTTCGACGATTTTCGTTTCCCCAAAATCAATATCGTAATAGAAGCCAGTATCGATAGCTGGGCCGATTGCCAATTGGGCGTGGGGGTATTTTTCAATTACCGCTAGCGCCAAAAGATGGGCGAGTGAATGTCGCTTGGTCGAGGCTGAATCGACGGGAAGATTTTTTTTAGACATAAATTTTTATTTAAGAGAACCGTGGTTTTAATTGGGTTTAAAAAACCCGCCTCGGTATCAGCATAAGCTAAACTTATGCAGTTACCGGGACGGGATTTATATCTCGCGGTTCCACCCGATTTTTAAACGGCCTTAATGAAACCGTTTAACTCTTTTTATTTGTTTGCCTCTTTAGCAATTAGGCCATTTGGGTGGCGCCGGCTTGGTAGACCGGCCAATCAGAAGCAGTTTTATTATATCAATAACTTCAGCTTTTTCAAGAGCTTAAGTTATTTTAAATTAATTTGGTAAATGTTGCCGGTGCGACTGTCAGAGAAGGTGAGCTGATTTTGATTATCATCGACCACTACCTGATTGATATTATATTTACCATCAGGAATAGCGATTAAAGTGCGCGTGCCGTTTTGGAGATTGATTTTATAAATTTCGTCATGGCTATTAGCCGCTACGGCGCGGAAAATACCGGAACCCTCTTCTAGCTCGGTGGGGACGGCGCAATAAATTTCGGTGTTGGTGGCAAAAGTACATTTGTCTGCCCACGTATTAAGGCCTAAGCTTTGGCGGCCCTCGCTAATCCTGTCACCTTGGGCTTCAACAATCCAGAGCAGAGGTTTTAGGTCGCTTTTTGAATTATAAACACTGTAGAGTAAGCGATCGCCAGTTTGTGACCAAGTGTAGTTTAAGCCGCGCCCCTCAACAATCGTTGATTTAAAATTCTCGCCATGGAGACCGACAAAAAATACTTCTTGGCGATCAAAGTCCAATCCGCGCGCATAAGTTGCGACAATCTGATTGTTTGGTGACCAGCCC
AP029158.1_gap11	224036	225648	1612	AATGCCAACACGGTTAAATTTAATAATTTTTCAAGATGGTTTTTAATTTTTCTGGTCGTGGCCGCTCTGGCAGCAACCCTTTATGTTTTTAAGCCTTTTCTGATAGATATTGCCATTGCCGCAGTTTTGGTAACAATTTTTTATAGGCCCTATTTAAAATTAACTAAATTTTTAAAAGGTCACCGACGGACCGCCTCCTTTTTGATGTGTTTGATTTTGTTAGTGATTATTATTCTGCCGACTATTAATTTAATCATTTATACCGCTAACAAATCGGTATTGGGCTATAACGACGCAGTTCTTTATTTTGAAAATAATAGCTTTTCTCAAACTCTTAGCCATCCGGTGATTGAGCGCTTGAATTTAAGTTATCTCTTTTCTGACATTAAGGATAATAACTTGATAAACAATACCATGCTGGACTTTCTAAAAGGGTTTAGCAATACTTTAATCGCCGCCGCTAAAAGTTTAGTGGTCGGAACAACCAGTTTTATTGTTTCGCTGGTGGTAATTATTTTTACAATGTACTTTTTCTTTATTGACGGTGAGAAATTACTACGCTATCTAACCTATCTTTTACCTCTTAAAGAAAAATATACCAAAGAAATCTTCAAAAAATTCCACGAGATTAGCTCGACAACTATTGTGTCAACCTTTGTGGCGGCTTTAGTTCAGGGAACAGTCGGGGCGATCGGCTTTGGAATTGTTGGTTTTCCGGCTTTCTTGGCGGGGATCATTATCGCTTTTTTGTCATTAATGCCGGTTTTAGGTTCAGCCCTTTTCTATGCCCCCGTTGGTCTCTATTATTTGCTGGTGGGGCAGATTTGGCAGGGGGTTTTTGTTCTGCTCTGGGGCTTCTTAATTATCGGCACGGTGGATAATGTCGTTCGGGCGCTGATGATTAAAGATAAGGCGCAGATTAATCCAATTTTCGTGATCCTCTCCATTTTGGGTGGTATTGCCGTTTTTGGTTTTTGGGGCGTTGTTCTCGGCCCCTTAATTGTTTCTTTGCTAGTAACGATTCTTCATATTTATAGTTTAGAGTTTGCGACGGAGTTAAAAGCGGAGAATAAAAATCAGGATATTCCACCTCAAGAAAGTACGCGTTTAGATAATCCCCTATTAAGTGATCTCCTTGATTATTTAATAAAGACGCCCAAAAATGATCGTGATAATAAACGCTTAAAAAAAGTTGAAGAAAAGGAGTCAGTGGAAGATAAATAAAATTTTTAATTATGTACGGTTTAAAAATTTTAGGAAAAATTGAATTGCCGGAGAAGAAAATCCGCCCCGAGGAATATCGGCCATTTTTGGAAAAAAAGTTAGCGACGCGTAGTCAGGAAATAAATGAACATTGGGGGCTAGATTTTTTAGATAATGAAGGGGCGATAAAAATTCCGGAAGCGGAAGAGACGGCCAAGGACCGACAATTTGTTTCTGATCGGGAAGAGGAGTGGGCAATTTATAAACACCAAACGGTGTCAGAGTGGCAAGCGACTCGCGCGAAAAATCCCTCTTTAATTGCGGAAATGGCCGTGACTTTATCTTTGTCACGCCAGCTAGGCGATCGCTTTATTGTGGCGCGCGCCTCGAGCTATGACGATTATCGTTA
AP029158.1_gap12	226808	230501	3693	ATTTTATTAAGGACTCTAAAGAGCCTATTAGATCTGGTATTCATTTAGCTAGAGTTATGGCCGGTAAAGCCCGTCGTATTAGGGATAGCATTAAAAATTATTTGACCCTGGGAGATGATAGTACAAATCAGGAATTATTGGCTGTTTATGAAGTTATAAAAAAATTATTATTAGCCGATTTAGATAGAGAAAAGTTTGCTGACATGTATGCCCAGACTTTAGTGTATGGTCTTTTTGTTGCGCGTTATTACGACAAAACTTCAGAAACTTTTTCTAGACATGAGGCTCGTGATTTAGTTCCTGCCTCTAACCCTTTTCTTCGCCATTTTTTTGACCATATCGCCGGATCATCTTTTGACCCAAGAATTGAAATGATTGTTGATGAGTTATGTGAAGAATTTGCTCACGCTGATGTTCAAGCGATTGTTCATAATTATTATAAAGTTGATAAAGATGATAGCCGTGATCCTATCATTCATTTTTATGAAGACTTTTTGCAGGAGTATGACTCCAATGAACGAAAAAAGATGGGAGTTTTTTATACACCACTGCCAGTCGTTCGTTTTATCGTCCGTTCTATTGATGATATTTTAAAAAAAGAATTTGGTTTATTACGAGGTTTGGCAGATACTTCTAAAATTGAAGTTAAGCGAGAAAGTCAGGGTAAAAAATATAAAGATCAAATACATAAAGTACAAGTGCTTGACCCTGCCACTGGAACGGGTACATTCTTAAATGAAGTTATTTTACAAGTTAAGAAGTCTTTTTCTGGTCAAGAGGGAAGATGGAACAATTATGTTAATGAAGATTTATTACCACGGCTCCACGGCTTTGAATTAATGATGGCTTCTTATACTATTGCTCACTTAAAACTTTCTACTACAATTAAAGAATCTGGAGCAGAAATAAAAAATCAACGCCTCGGTGTTTATTTAACTAATTCTTTGGAAAAAGGATTGGTAGAGGAGAGAAATCTCTTTTCTGGTTTAGGGTTTGGCAAGGCTATTACCGATGAATCTATAGAAGCTAGTAGAATAAAAAATGATTTACCGATTATGGTCGTGCTTGGCAACCCGCCATATTCTGGGGAGTCAAATAATTCACATTATATTGCAAATGATGTTTATAAAATTGAGCCTAATGGAGGTAAGCTGCAAGAACGCAATTCCAAATGGTTAAATGACGATTATGTAAAATTCATTCATTTTGCAGAAAGTATGATTGAAAAATCTGGCGAAGGAATTGTTGCCATGATTACCGCTCATGGTTATCTTGATAACCCAACTTTTAGAGGGATGCGATTTCATTTAACCAAAACATTTGATCAAATATATATTATTGATTTGCATGGGAATTCAAAAAAGAAAGAGGTCTCTCCAGATGGCGGTAAGGACGAGAATGTATTTAATATTATGCAGGGAGTGTCTATTATTTTGGCGATAAAAAAGAAAGGAAATAAAAATCGTGTTGCTGATGTTTTTTATTCCGAGTTATGGGGGAAAAGAATTAAAAAGTTTGAGTCTCTTTCTGGCGAAATAAAGTATCAAAAAATTTCTCTAGATCAAAAATATTATTTTTTTGTACCAAAAAATATTGAAGGGAAAATTGAATATGAAAAGGGATTTTCTATCGGAGATTTGTTTGTTCAAAATAGTGTTGGCGTTGTTACCGCAAAAGACTCTGTGTTTATTGCGGACAGCGAAAAAAGATTAAAGGATCAAATAAATAAGTATTTTGAAGATAACAAAATTAATGAAATATTTAACGAGGATAAAATAAAAAAAATTTCTTATAGACCATTGGATAACAAAATAATATATTGGGATACAAAATTACTTGAACGTTCGAGAGAAAGGTTGATGAAACATTTTTTTAAGGAAAATGTTGGTTTAGTTTTAGTTAGACAATTCAAATCTGGGGGAAAATTATTGTCATGTCTTAATCTCTAAATTAATAGTTGAGTCTACTTTTATATCAAATAAGACAAGTGAGATTGGATATCTATTTCCTGTCTACTTGTATAATGATATTGGCATAAAAATTTCTAACCTAAAAAAAGAAATTGTTGATGATATAGAAAAAATAGTTGGCAAAACAACTCCAGAGAATATTTTAGATTATATTTATGCTGTTTTATATTCACCAACTTATCGTGAAAAATATAAAGAATTTTTAAAAATTGATTTTCCGAGAGCACCTTATCCAGAAAGTAAAGAGCAATTTGAATCATTAGTTTCTTTTGGTAAAGAGCTTCGTGGACTTCATCTTTTAGAATCATCAAAGTTAAATAGTTTTATTACCACTTACCCTGAGGTTGGCGACGATATTATTGAAAAGAAATTTCCAGTATATAAAGATGAAAAAGTTTATATTAATGACATCCAGTATTTTGGAAACGTGCCACTAATTGCTTGGAATTTTTATATTGGCGGTTATCAGCCGGCTCAAAAATGGTTAAAAGATAGGCGTGAGAGAAAATTATTCAATGAAGATATTGAACACTATCAAAAAATGATTACTGTACTTATGGAGACTGATAGAATAATGAAGGAGATTGATAAATTTTTTAAGTAATAGATAGTTGTTTATTGTTTAGTATTAGCTTACTACTCAAATTCCCCAGTACCTCTCTTTTCTCGCCAATTTTTCCGTGCTCTAAAACATATCTAATATAGGCTTTGATATCGGCACCCTTTTCTTTGATTTTGGATTTGATATTAAGATCTCCGCCTGATATCGCCGAAGCCATCATGCTGAATCTTTTTATTTCCTCATTTATCTTATCTTGTATTACCTTATCTTTGAATTCCAGTTTATCAGCCATCGCTACAATTTGATTGATTAATTCTTCCTCTCTAATAAATGGCTCTCGGCAATCGGTATTGATGTGTCTGGTACAGCGGTAATATACATATTTTTTAAGGCTCCCGTCAGAGAGCCTTTTGATTTTTTCTTCTGCTGTAATTCCGCCACCGCAATTTCCGCATTTAATTAATTTGGTAAATTGAAATTCTTTTAAGCCATATTTTTCTTTTGGTGCTGACAGTAGATTGGCTCTCGCTTTTTCAAAAAGCTCTTTATCTATTAGTGGCTCATGGCTTCCTTTATACCAATTACCTGATCCAGTAGGGAATTCAAATTCCCCATAATAGAAAGTCATGCCTAGTAGTCTATATAATCCGCTGAGCGTTAATATTTTGCCGGTTCTAGTTGTGAATTTAATATCATCTCTTAGCCAGCGATATACTTCTCGTCCAGAAATAGCATCGTTACCAACTCTCTCAAAGACTTGTTTGATGATTGGTGCTCTTTCGGGGTCAAGTAGTATTCGGCTTTTACCTCTGACGGCGAGCTTCTCGTTCAAATAACCAAGAGGACAGTGTCCTGGTCTAATTCCTAAATCACATTTAGCCCTCAAACCTCTTTTTACATTTATTCCTTTATTATCATTTTCCAGCTTCGCCTGCGAACAGAGAATCATGAGCAAGAATTTTTCGTTCGGCGAATTTTTAAAGACCTGGCCGTTAGTTCGTATTTCTTTGAGCAGCCCTTGATCCATTAAATCAACCACCGTGCCTAAATCTCCGGCGTTACGACTAACTCTATCCGGTGCCCAAGTAAGGATGGCGTTAAATTTACCCAGTCTAATGTCGGTGAGTAATTCATTAAAGACAGGTCGTCCGCCCGAGCTTT
AP029158.1_gap13	270160	271542	1382	CCTTGATGATGCGCTGCTTAAGGGCACTAAAAGAGATAAAGCCGAGCGACCACGACAGACACGACGGCAATTGGAAAGACAAGCGCGGCGTGATTTAAAATTGTTAGCCAAAAATGTAAAAACTGCTCAGCGGGAGGTGAAAAAAATAGACCGCGAGTCGTTGCCCAAGAAGTGGACTTTAAGTTATTTTGGCCGTCGCTGGCGAGAGCGGCAAACTCAGCTTCGCTTGAAATTTTATGAAAAAAAACTTGATGCTCAGCTTCGGAGTGGCGAAAAAAAATTATCTTCCTGGCGCCGAAAAAATTTTAAAAAACCTTCAAGTTCTCGCCGCCCTTGGTTTTGGCGCATCATTATTTTTGCCGGAGTCCTTTTTTTAGTGACCATTCCTTTCCAAATTTTGGTGCAATTTAGTGACCGGGATGACTATTCTTTTAAAGACTATCTCTTAAACATCACCAAAAACGCTTGGGGTAATTTAACCAGTGGTGGCGAAGCCCTAACTAATCAAGATTGGAATCGAGCCGAAAAAAGTTTTAACCAGGCGGGCGACCAATTTTATCAAGCGGCGGCTGGTTTAAAAATTATTAACGATCGACTCTTATCTTTAGCGGCTTACACCAGTAATCCGGAATTAAAATTAGTGGCGGAAAGTAAAAAATTATTAAAGATTGGCGCTCTAGGTTCGGAATTAGCGGCGGAGATCACGGCCGCCCTTAACGGCTGGGATCGCGCCAATGGTGATTGGTTGGTACTACTAACTCAACTTGAGAAACGTGCGGCAACCGCTCAATCTTTAGCCAATAATCTCGTTTCTGAATTAGAAACAGTAAAGGTGGAAAATTTGCCCGTGGCCTATCAAGCGGATTTTGAAGAAATTGTTGACCAGGCTAAAGCTCTGCCAACGGCTTTAAGTTTGATTACCGACAATGCCGGTCGCTTTAAAAAATTATTAGGCAGTGGTCAGGATAAGCGGTATTTATTAGTTTTTCAGAATAATAATGAAATTAGAGGTTCGGGCGGATTTTTAGGAAGTTATGCCTTAATTGATTTTCGTGATGGGCAGATAACCAACTTAGAAGTCCCTGGTGGGGGTTCTTACGATACCGAAGCGGGGCTTAAATTAAATATTATTGCGCCCGAGCCCTTGTGGTTGGTTAATCCGAAGTGGCATTTTTGGGACGCTAACTGGTGGCCAGATTGGCCAACAACAGCGCGCAACCTCAGCTGGTTTTTAGAAAAAAGTGCGGGCCCGACGGTTGATGGCGTGATTTCTTTTACTCCGAGTGTGATTGAAGAATTATTAAAGATTACCGGACCGGTTGATTTAAGCGCCGAGTATGGGGTGATAATAACCGCCGAAAACTTTTGGCAAGAAGTACAGT
AP029158.1_gap14	284515	286654	2139	TCTCCATGGTGAAGAAATCAGTGCAAAAATACAAAGAGTTAGTGGCCGATAAGGAGAGCGGTCGTTTAGATCGTTATACTAAAAAGGAGCGCTCTGACTTTGACCGGGAAATTAAAAAATTGGAAGAACGGGTGGGTGGTTTAACCAATGTTTCTAAACTCCCAGATGCTTTATTTGTTTGGGATATTAAAGAAGAGGAAACCGCTGTTAAGGAAGCCCGGGTTAAAAATATTCCAGTCATCGCTATTTGCGATACCAATGTTGATCCGAGTCTAGTTAATTATCCGATTGCCGGCAATGACGATTCAACCAAAACCATTTCTTTAATTACGGAAACTATCCGTTATAATTTAAGCCAAATTAAGCCGGTGACAAAAGACGAAGAAAAGAAAGAGGCTTAAGAAAATTTAAGTTATTAATAATTAAGTATAAGTATATGGAGAATATTAAAAAATTAAGAGAAATGACCGGCGCCGGAATGGTTGATTGTAAGAAAGCTTTGGATGAAGCGGGTGGTGATTTAGAAAAAGCGGTAGAAATTTTACGCAAGAAAGGAATTGCCAAGGCTGCCAAAAGAACCGATCGCGAAGCGAGCGAGGGGTTGGTCGCGGTAAGAGTAAGTGCTGAGGCGACTGAGGGGTACATGGTGGAAGTTAATTCCGAAACTGATTTTGTCGCCCGCAATGAGAAGTTCCAAGAATTTGCGGAGCAAGTTTTAAACTTGATTGTTGAAAAGCAACCAGAAAATCTTGAGGCTTTATTGGCTTTAGAATTAAATGGGAATAAGGTTCAAGAAGTACTTGATCAGCTTTCAGGAGTAATCGGTGAAAAATTGGCAATCAGCCGCTTTACTGTTTTAAAAGGCGCCAGCGTGGCGGCGTATTCTCATTTAGGTGGCCGCATTGGTGTTTTAGTAGCTTTAGATGAGCCCGAAAAAAGCGACTTAGCCTTGGACGTTGCCATGCAGGTAGCGGCGGCTAATCCAAAATATATTAGCTCGGATGAAGTTAGCGCTGAGGAATTAACTAAGGAGAAAGAAATTGCTCGCGAAATTCTAATCAAAGAAGGGAAGCCGGAGGAAATGGTAGAAAAGATTTTGACTGGAAAAATGAGCAAATATTACTCCGAGGTCTGCTTAGTGGAACAAGAGTATATCAAGGATGATAAGAAAAAAGTAAAAGATATTCTTGGTGACTCGGTGGTGCTCGGCTTCGTTCGGTTTAGTCTTTAAATTTGACCAAGCCGCGCCCCATAAAGGGCGCGGCTTTTTCTATATGAACTTAGTACAAATAAAATTTTCCCCCTGGGATAAGAGTTATACCTTTGAAACCAATGACCCCACTTTAGCGGCTGGTGATTATGTGGTTTTAGAAACAGAGGTTGGTGAGGATTTGGGCCAGGTTGTGGAGATCTTAACAGATACCACTTTAGATCCGGAGGCGCCGCCTTTAAAAATGGTTAAAAGGCGAGCTCAAAAAAATGATTTAAGTCGTTTGCCGAGTCTAGCCGAGAAGGAGGCGGCCTTAGAGATTTGTCAGGAGCGTGCCGATTTTTATCAGCTAGATCTAAAATTAATTGATGTTAGTTTTTCTTTGGGTGGTAATCGTTTGAATTTTGCCTTTACCGCTAATGGCCGAATTGACTTTCGTGAGCTGGTTAAAGATTTAACAGTTCGGTTCAGTAAAAATATTCGCCTCACTCAGATTGGCGCTCGCGATGAAGCCCGATTTTCCGGTGATTGCGGTGCTTGTGGCAAGCCCTTGTGTTGTCGGACTTTTGTGAAAGATTTTTTTTCCGTGACCTCGGAGATGGCCGAAGCACAGCAAGTTGTTCATCGCGGGAGCGAAAGAATTTCCGGAATGTGCGGTCGTCTAATGTGTTGTCTGTCTTTTGAGTATGAAGGCTATCAAGAACTAAATGATAAATTGCCGCCTTTGGGAACGCGAGTGAATGTTGATGGGCAGCGCGGTGTCGTTGTTGGTCATCATGCTTTAAAACAGGCTGTGGACGTCAAATTCCCGGGCAGCCGGGAAGGGGAACGCGATTTAATTGTCCGTGTTGACTTAAACCGTCACCAGAAAAAGGAAGCGGCTGAGAAAAAAGCGGTCACCGAAAAGAAGGCGACTACAGAAAGAGCGG
AP029158.1_gap15	291309	295939	4630	CGGTTAAACAAATTGCTTATCAGGCGACTAATATTGCTCAGAAAATAAAAGATTTTATTTCTCCCACTGATGATAATTTAGTTTATCTTGAAGAAGAAGAGATAGAGTCACCTCCGTCTAAAAAAGTTAGCAGTGTCAAAGAGCCGGCCTCGACAGCGGTGGTTAAAACTGTCCCCAAAACTAGCGCCCCGGCTCCAACTAAAGTCGTGCCGGCCCCGGCCCCAGTAACTAATCTGCCGGCAAAAACGACGCCTATCCCAATCTCAAAAACTGAGGCGAAAACAGAACCAATTAAAGTTTCGGCGCCGGTTCCTAAAAAAGAAACCCCAGCGTCTAAGGCGGAAAGTGATCGGCCTGCCACCACCGTTTTGCCTAGTACTGCCCCGGCGCCACCACCGATTGAATATGTGCCAATTAAAATCGCCACTCCCAAAGGATCAGTAACCAATCAATTAAAAAAGCTGGCCTCAGAAGAGGCAAAAACCGAAACTAATAAAAATACTGTTCCTGTTAATACCGAGACGGAAGAAGAGTTAGTCTCCGCGCCTCAGGCCCTAATCTCTAAAGTTTATAGTAATGGCACCGATGATTGGTTGGAGATTGTTAACGCCTCAGACGAGGACTTAGATTTAGTAGTGCACGACTATCGTTTAGTTAAAGTAAAAGGGGGCAGTCCGGTTTTAATTATGGATTTTGGCAACGAAAATCACGGCACTTATCCTGGCGGGACGGTCATTGCGCCGCACAGTAGTTATTTAGTGGTCCGCTCTTCGGCAGCGGAAAACGTCAAAGCTTTAGCGGACGCTATCTCTACTCGTGATAATTTTTCTTGGACCGAGGATGGCTACACCTTATATCTCGGTACCGGCGCTATTTCCTCTGATGAGGATGTTGATATTGTTGATCGCCTGGGTTATGGCGAAGCCTTATATTATTCGGGTGCGCCCGCGCCCGCGCTCGTTCCTGGCTACGCACTCGAGCGGAAGGCGACCGCCAGTTCAACAGTAGAATCTTTGTCCTCTGGTGGCCTGGAGGAATTATGGGCGCGCCTATATGATAGTCGAGATAATAGTCGCGATTTTTTATTGATTCCTTATGATTATGAATTAATTAAAGCCAACGAAGAAAAGAATAATCCTCCAGAGGCTGATGAAGAAGATAAAGAAGAGACGGAGACGGAGGTTATTCCTCCGGAATTAATTGATACCGCTGAAGGCCTGTTTGTTAATCCGGCGAGTTTGGAGTCGGAAGCCTTGACCCAGTTATGGCATTTTGATGAATGTTTTGGTGCCGAGCACCGTAATGCGCTAGCTGCGGTCAGTGATTATCCGCAGGAGTTAGTGGCGGCGGATTTGTGGGGTATTGGCAAGTGGGGGTGTGCTCTTAAATTAGATTTAGAAAATCGCGGCCTAAAAAGCGATTTGCCGCCAGATTTTGATAGCAATAATTTTACCATTGCCTTTTACTACCGCAAAGATATTCATGGAAACTTTTTTATTGATTGGCGTTTAAATAATCGCCAGCCGGAGACACAACAATTTTCTCTTAACTTAAATGAGTACCGGAGCGAAGTTCACGGTTTTCCCGGACCCAATGGTTATTTTTTTGACATGGCCTGGCCGGCTGATGACAATTGGCACCAGGTGGCGTTAGTTGTTAATCAGGCGGCTGGCTATTGGGGGCTTTATCTTGACGGTGAAGAGAAGTATCTTTACGAAAACAGTTGGATCATTCCGGAGTTTACAGATTGGGAAATTGAATTAAGGCCGAATACGCCGGCCGTTTTAATTGATGAGTTAAGTCTCTGGTTGCGACCTTTATCACCAGCCGAATTAAAGGAGATTTTTGATTACAATTTACCCTTTAATCCTTACACCTGGCCCGATCCGCAACGGGCGCCGGAGCTCGAGCACTATTGGCGCTTTGATGAAAATAACGAGGAGGTTGCGAGAGATGAGATTGGTGGTGATGACCTAGCAGTGAAAGTGAGCGATTGGAATATGGAAGGCTTTATTGATAGCAGTTTAAAGGCAGTCGGTGATTTTTCCTGGAATATTACTGAAATGCCCTTAAAGGACAGTTCTTTCGCTTTTTGGTGGCGAAATACTTCTTACCCCAATGAAGGTCGCTTCAATCTTAAGTTGCGGGGCGACGATAAAGATATTTTTACTTTAATGCCGACAATTTATAACCCCAGTTTTTCTTTTAATGGTAGCGGCGGATTTTTAGGAGAATACGGCAAAGATTATTTTCCGAAGGATAAAAATTGGCATCATTTGGCGATTACCTATGATTCCTATCGTTATCGCTGGCGCTTTTTCTTTGATGGTGAGCTATGGAAAGAGCTGCCCGCCATGAAATTGAGGCCCGAGGCTGTCTTAGATCAGCTTGTTATTGATACCGAAAATTATCCCTCCGATATTGATGAGCTTAAAATTTGGAGTGGTGTCTTGAATAAAGAGGCAATTTTAGTGGAATATGAGAGTTATCGTGAGTATTTAAATTAAGCTATTTTTTGAGTAAGCGCTTATTTAAATAATGTTTGCCAACGCCAGATCGAGAGACGGTGGTGGCCGCCCCGACTATTTGTTAAAAATAGTCGGGGTTTGTATTTTTAACTTGATTTTTACCCCATTTTTTTGTAATCTATAAGTGTTATCTGGGGGGCAAGTAGATGATTGCTCGGTTCGCCGAGAGGAAAGTCCGGACTCCTTAAAGGGGCAGTGGATAACGTCCACCAGGGGTAACCCTAGGGAAAGTGCCACAGAGACAATACTAGTCCGCCCGTTGGCTTCGCCAGCCGGTGGATGAAAGGTGAAAAGAAAGAGGGTGTCGCAAGGCTACCTTTTTCGCTTAGCGGTGACGCTAAGATCGCGGTAAACCCTGCCTGGAGCAAGGACAAACTCTGTTGCTTTTTAAGTAGCAGAAGAAAAGTGGTCCGCTTGATCGGTTTGGCAACAAATCGGCTTAGATAAATAATCATCCTAGACAGAATCCGGCTTATCGCTTACCCCCAAAATAACTTTTTTAAAACTTTTTATGAAACACAAGCGTGCAGAATTATTTTTTACGACGGTTTTAGTACCTTTAGATTTCATTCTTATCTTTCTCGCCGGAATTTCCGCTTACTACCTTCGTTTTTCTGATTACTATCGTCAAGTGCGTCCGGTTATTTTTGATTTACCAATCAATGAATACTGGCCGGCCTTACTAGTAATTAGCGCCCTCATGATTCCGGTGATGTTTTTTTCTGGCGCTTATAGCTCAAAGCGCGACAAGCAGCCGGCTAAAGAGGTGGTGAGAGTGGTTACTGGCGCTTCCGTTGGCTTAGCGCTGGTAACTTTAATTATTTTCTTACAACGAGATTTATTTGATTCTCGTTTTATCGTTTTAGCGACTTGGGCCTTCGCGATTCTTTATTTGAGTATCGCTCACCCCTTAGTTAATTGGCTGCAGAAAAAAATGTATGCTCGGGGCATTGGTGTTAGCCAAGCCATTTTAGTAGGAAACAGCAAAACCGCTGATAATTTAATTGCGGAATTTTCCACCAATAAATACTCCGGTTATGAAGTTGTTAAGCGGTTACGTGATTTTTCTTTAGAAACCGCTCAGGAGTTAAGAGAATTTATTAAGGATCACGCGGTAGATGAGGTGATTCAAGCTGATCCTAATTTAAGTAAGGCCGAAACTTTAAGGCTTTATGATTTTGCTAACGAAAATCAACTCACTTTTAAGTATGTTGCCGATTTGTTAGAGATTAAAGTTTTACGTCATGAAGTCCAAGAAATTATTGGCATTCCCGTAGTAGAGGTGAAGAGAACAACCTTGGAAGGTTGGGGTCGAGTAGCGAAACGGATTATGGATTTAATTTTTTCTTCTCTATTAATCATTATTCTTTCACCGGTCTTTTTATTCACCGCCCTAGCAATTAAATTAGATTCTCGAGGGCCAGTTTTCTTTTCTCGTCGTGATGATGGTACGCCGGTGACCAGGGTCGGTGAAGGTGGTCGTCCGTTTCGTTATTTTAAATTCCGGTCCATGCGCGATAAGGTTGACAGTATGCGCTATAACGAGTTGGCCGATAGAAATGTCCGCAGTGACGGGCCGATGGTTAAAATTAAAGACGACCCGCGCGTTACCAAAGTCGGCAAATTTATTCGTCGCTTTTCCATTGATGAGTTGCCGGAATTATTTTTAGTTTTTGTCGGCAAGATGAGTCTGGCTGGCCCCCGACCGCATTTACCGGAAGAGGTGGCTAAATACCAACATCATCACAAAAAGACTTTAACGATTAAGCCGGGAATTACTGGCTTAGCGCAAGTGTCTGGACGCAGCGATTTATTGTTTGAGGAAGAGGTTAAGTTAGATGTTTACTACATTGAAAACTGGACCTTAATGTTAGATTTTGCCATTTTATTAAAAACGCCAGCCGCTGTTTTTAAAAAAAGACAAGCTGATTAATTTTATGAAAGTTGCTTTAGTTCATGATCATTTAGCTCAGACCGGCGGAGCGGAAAAAGTTTTAAAAGTTTTTGCCGATATTTTTCCCGAGGCCACTATCTACACGTTGCTGGCCGATAAAGTCAAGACTGATACTTATCTTGAAGGGCGCCGCATTGATACTTCTGTT
AP029158.1_gap16	303547	306674	3127	AATACTCACGGCGTCGCTATTTATCAAGAGCAGGTGATGCAGATTGCTCGCGATCTGGCCGGTTTTTCCATGGGGCAGGCTGATGTGCTTCGGAAAGCGATGGGAAAAAAGATTTCGGCGCTCTTAGCTGAGCAGAAAGAAAAGTTTATTGATGGCTGTGTAAAAAATGGCATTTACCAGGAGCTCGCGGAAAAAGTTTTTTCTTTTATTGAGCCTTTTGCCGGTTATGGTTTTAACCGCTCCCACGCCGCTTGTTATGCTTTAATCGGTTATCAAACCGCTTATCTAAAAGCGCACTGGCCCGTGGAGTTTATGGCTGCCCTCTTAACCTCCGATCAGCACGACAATGATCGCATTGCGATTGAGATTGAGGAGTGTCGCAATATGGGTATTAAAATTATGCCACCGGACGTTAATCAATCTTTCGCCTCTTTTACGGTGGTGACGCCCAATACAGCTACCAACCAGGCGGTTGCTCCGGGTGAAGTTTTAGATACGATTCGCTTTGGTTTGAATGCCGTTAAGAATGTCGGTGAGCATATTGTGGAGGTGATTATTTCCGAGCGCAAAGAAAGAGGTCCTTACCGTGATTTGTTCGATTTTTTAGAAAGAATCACTGATAAGGATTTAAATAAAAAATCTTTAGAAAGTTTGATTAAGTGCGGCGCTCTAGAAAGCTGGGGCGAGCGCGGTTATCTATTGTCCAATAGCGAAAAACTTTTAAATTTTAATAAAGAAATTATAAAAGAGAAGGCCAGTCGACAAGATAGTTTGTTCGTTTCTTTGGGGGTCGAGAGTTTTAGTGCACGAATCACTTTAGATAATTATCCGCCAGCGGGCCAAGAAGAAAAGTTGTCTTGGGAAAAAGAACTTCTTGGTTTGTATGTCAGCGAACATCCTTTTAATTTATACAAAAATCGTTTATTGGGTTATGCCGTGCCTTTGGTTAATTTATCAGGCCATCGCGGCGAGCGTTCGGTGGTGACGGCCGGAGTTATTAATACGATTAAAAAAATTATTACCAAGAATAATGAGTCAATGTTGTTTGTAAAAATTGAAGACGCGGTGGCGTCAGTGGAGTTGTTAATTTTTCCCCGTCTTCTGAAAGAGACGGAGACGCTTTGGGTGTCCGGACGACCAATTATTTGCGAGGCGACGGTTTCGGAAAAAGATCAGGATATAAAATTATTAGTTAACACAGTGGCGGCTTTAGACCCGGATAATTTAGATGCCAGTATTGATAATTTTAAGCGTGCCGTTTTAGCGCAGCGAGAAAATAATGGTAATGGTTCTTGGCGACGCAATAACTATCGCCGCGCTGACAATAAAGCTTCTACCACCCCGGCCAAAACGACTCCGGCGCCAACCGCTCCGGTTGCGCCCCCGGCCGCCGCAACGACTAACCAGGTGCCGTTAAAAATTCTTTTTGAACAAGTGCCAGCGGCGGAAGAGCTGGAAGATTTAAAAAAGATTTTAGCAACTTATCCGGGAGAGTCAGAAACCTTGTTTAAAATTAAGCAGCCGAATAAAGATACCGTAATTAAAACGGGTTTAACGGTTAACATTTCTTCCTCGCTAGAAAAGGCGATTATCGAAAAATTTACGGGCCGCTTAAAAATTGTTTAAGCAGTCGCTTTTTGTTATAATCTAAAGACGAAATAATTTTCTTTAGAAAATAATTAGTTACTCCATTCATTTTTCAAATATATTTCAAGATTTTTTTTCTTGAGTAAGTTTAATTTTATGCCCAAAGAGAGCCCCAGCGGTAAAAAGAAAAATACGGCTAAAACTTCTAAGCCGGTTTCCAAAAAAACAGCTGCTTCCAAAAAAACAACTGCTTCCAAAAAAACTCCGGCGAAAAAGGCGCCGGTTAAAAAAACTCCGGCGAAAAAAGCGACCGCCAAAAAAAGTGCTGTTAAAAAACCGGTGGCCCAAAAGTCGGCCGAAACCAAAGCTTCCAAAGTGAAGCCAGTTTTTGTTGACGTCATTGCTGATCAAGAAACAGAGGCGATCTTTGACAGTCCGGTTTATCGTCCCGATTATTTAGAGGAAAATGATGGTGAGGAAAATTTTTACAATAACGAAGTGGGTACTTTAGATTTTGAACCAACCGACAACAGCGCTTTTGATAAACAAAAAAACTTTTTTTCCGAGTTAATTGAAGAGAGCGAAGACTGGGATGGCGCTGAGGAAGCGGTGCCGACACCGGTAATCAGAAAAAAACCGATTAAACTTTATCGCCGCCAGGCTTGGGGCTATATTGCCGCGACGATGGTTTTATTGGCAGCGGTTTTTTATATTTTTTCCGTTAAATTAACGGTGCATGTTTATCCGCAAGGAGCAGAAATAATTAATGACACCACAGAATTTACGGTGAGTTCGGCTTCGGAGTTAGATTCCGATAAGCCCCTAGTGCGCGGGGAAGCTAAAATTGTAGAACAGGTCGCCGAAAAAATTTATCAAGTCGAGACCGATGGTGAAGTCGATGATGTGAGTGGTCGCGTCCGCGGCACCGTTACTTTAGTTAATAAGTTGAACCGTAATCAACGTTTAGTGGCGACGACTCGGTTACTAACTGCTGATGGTCGTCTTTATCGTTTAGATGAAGCGGTTAATATTCCGGCCGGCGGGGAACTAGAAACAACAGTTTATGCCGATGAGTTAGGTCGAGATAAATTATTAAGCAATTCAGAGAAATTAACTATTCCTGGTCTATGGGAGGGCTTACAAAATAGTGTTTATGCTGAGGGTGGAGAATTTTTCTATCAAGCCGACACTCGGACGGTTATAACCCAAAAAGATTTAGATAAGGCCGCTGCCGATTTAGAGGCGGTTTTAGACGAGAAGGCCAAAAATGAATTTAAGCCGGCCGCCGGACAAGCGACCGCCTATAAGCAAGTTCCCGATTCTTTTAAAGTTGAGTTTAGCGCTGAGGCGGGTGATATTGGAACGGAGTTTACAGCGACCGGCAAAAAGAGTTATGGTTTAGTCCGTTTTGCTAAAGAAGATGCCATTAATCTCGCTAAAAATAAACTCGCTCTGACTATCTCCGATGATCAGCGGCTAACGGGTTTTAATCCGGATTCCATTGTCTTTACTTTAGGTGAGTATAAAAATAATCCCGCTC
AP029158.1_gap17	320509	323523	3014	GCTGATAACCCGGAGCTGACCGAACGTTTTCAAATTATTATTGCCGGCTCGGAAGTGGGTAACGGTTTTTCGGAATTAAATGATCCGATTGATCAGGCCGAACGTTTTCGTTTGCAGCAGGAGTTGATTGATCGAGGCGATAAAGAGGCAATGATGCCGGACTGGGAGTTTGTGGAAATGTTGGAACACGGTTTGCCGCCGACTTGTGGTTTTGGTTTTGGGGAAAGGTTATTTGCTTTTATGTGTGATAAGCCGGTGCGCGAGGTGACGCTTTTCCCGCTCTTAAAGCCGAAGCAGGGGGAGTAGGGAACAATAAAATAATTCGGGGATCGTCTAATGGTAGGACTGCAGGTTCTGGTCCTGTATATCTGGGTTCGAATCCTAGTCCCCGAGCAAATTTACAAAAATAGACTACTGATCGTAGTCTATTTTTTTTATTATTTATTTATTCAAGATTTAATCTCCAAGCCAATCACCGTGTATCCTTAAAGTTTGCATATGTACGGCTTGGTGTTCTGCCGGAGTGCAAACATATAAGTTATACGGTTGATTGTTTTTTATTTCCATCTTGATGGTGAACTACCTCGTCGAATCTCAGTCTTCTGCCCAAAGATAAAAATCTTATGGCCCCTCCTAACTCCCACCGCACAAAGAGAAGTGTAAAAGTTGATGTTGGCGACTACCGAATATAACAAACTATCTTATAATTACCGCGAAGATTAGGCCTTAAAGCTTTTTTGTGGTTTTTTGGGGTATAGCTATCTAAAAAATTCTTAATCTTAGGTGGGTTATCTTACTATATTGACAAAATGTTTCTTTTGTGATACAATTCTCTTAGTTAAATATTGGAAACTTGTTAGCTAGAATCTAACGACAATATTTAACCGGCACCTTTAAAACTCAATAAAAAATGAAGAAATTTTCTCTATTCCTAATCCTAACACTCATTAGCCTGTCCTCCACATTCTCTCAAAAAAATTTCAGCCAAATCTTTAATGAAACGGTTGAATTGAATGAAAATCGGTTTAAAGATGTAAACATCATCCAACCGGGAGACACCGTTTTACTGCCTGCCAGAAGTGGCATGGGAGTTGAGGCCTGGATTACTGATTGGCCGATTCAAAATAACCACGACTGCATGTGGAAGATTGCCGAAAGGTATTGGAGCTCAGAAATTCCGACTTTCCCGATCGATACAGTGACGGTGACTCTACCCAGCCCGGCACCAGAAGTTGTCAAAGAAAAAGGGTTGCTCATCTGGGTGCTTTTAAGTCTATTAATCCTTTTCATTGCCGCTTTTGTTACAATGCTTATCACTCTTTGGAAAAAAAGAGTATACCGTAATCCCGTCATCCCTGGCGGTTTAAGTAACAACGCCGGTATTGCTGCCAACCAGATTCAGAGCGTGAGTCCAAGCGCTACACTTTCGAAGGTAGAGCGGGGAAAAATTATGGGAGAGGGGAAGAAAAAAGTGTCCGTTATGTTTAGCGACGGCTTAAAAACTATCTCCTTAAGTCCAGGATTATCAGCTTATCGAGCAACAGAAGTCAATGGCAATATCAGTTACTACTTACAACATTGTGGTAACTTAACCGGTGTCTTCGCTGATGGTCGTTTCTCTTTGCCTGAGGGTTGGTATTTCTATCCAGATGTTAAGTCTAATCACAATGACACAACAGTCTGGGAAAGCACCGCAAATGTTTTTTCAGAAAAAAAAGAAAGTCCTGAGTCTCCTGCCTCCGTCTCCGACACTAAAGTAAACCTTGAATCATCGGTTCCCGGAGAAAAGCCCGATAGCGACATCGTTGCTGCTATAAAGGCAATCGGGGAGCTGAAATCTCCGGTCACTAGAATGACCGCGAATGATGGTCGACTCAACATAACGGTTGAGTTTGATCAAAAGAAATAACCCATGTTTTTCCTTTCGTCCTAACATTGGTTATTAGTCCCATTACTCTGCGAAGAGTAATGGGGCTTTTTTTAAATGATTGACAAAGACTGATTATATTGATTAACTGTAGTCAGTTTTTTAACAAAAAAGGGGGAATAATGGAAATAAAAATTTATGAGAAAGAGCCTGTCGTTTTGAACATGGGCCATGACTGCAGTTTAAAAGAAATGATTGTGGTCGCTAATTACAATTTTTGTAATTATGACATCAAGAGGGAAAAGCTCCCACTGACAGAATTATCTGATCCGCAAAAAACCTTATTGGTTTCATTACTTTCTTTTGATCAGAGAATTGATTCTAAAGAGGTTATTTTACAAATGAAACTTAAAGGTTTTCGTCCCGCTTCTTTAGCGGAACTAATTTATTTTGAGATGGCCTATCCTGAACTTTGCGCCGGCGTTCCCATCATTGCTTTGGGCTCTGTTTACCGAGACTCGTTTGGAATTAACAGCGTCCCGCAATTTGTGGCTGACAAAAATGGTCGTAACCTTTTTCTTGATTTAGTTGATGGTGATTGGGAGATTGGCGACAAATTTTTGGCCGTTGCTATTTAAAATTAATTCCGTCTACGAAATGTAGACGGTTTTTTTTATTAAGCCTAAGAGATATGGTATTATATAAAATAGTTAATAATTTAATTAAATGACTATGAGTATTTTAGTAAGCGGCGGAGCGGGTTATATCGGCTCGCACACCTGCGTTGAATTACTAAACAATGGTTATTCCGTGATAATTGCTGACAATTTAGTTAATAGTAAAATTGAAGTTATTGATAGAATAAAAGAAATAACCGGCCAGGAACTGACTTTTTATAAGGTTGATGTTACCGACGAAGTGGCCGTTGAGGAAATATTTTCAAATCATAAAATTGACGGTGTTCTTCATTTTGCCGGTTTTAAAGCGGTGGGTGAATCTGTGGCCAAGCCTTTAGATTACTATTACAACAATACTCTTAGCACGATGGTTCTGGCTCGAGTTTGTCTGAAGCATGGGGTTAATAAATTTGTCTTTAGCTCGTCAGCGACGGTCTATGGCGATAACAAATCACCACTTTTAGAAACAA
AP029158.1_gap18	401284	402309	1025	GGTAGGGGCTCTGAAGTGCTCGCTTCCCCTAACTCAACTTTTGGAGTGCTAGTTTCGATTTGTGGCACTTCAGGAGCTTTAACTTCTTCTTTAGCCGGCACTAAAGTACCAAGTAAGGCGCCAGCTTCCTTATATTTCTTTTCATTAAATAAAGTTTCCGCTTGTTCAATAATTTTAGTCGGTGAATTTGTGTCTGATTTTACATTTTCTGTTTCCGCCAAACTAACCGAGATGCCGTCTTCCCCTTTTTCTAAGTTAGCACTAAAAACATCTTCAGCGACCACTTCCGCAACCGGAGCTTGGCTCTCAACATTACTGGTCTCCGGAGCTAAAGCCACCGAAACGCTATTGTCCTCTTCCCAACGGGAAGCCACTTCTTTCATGGTATTTAATTCCTTGGTAAATTTCTCGGTCAAATCAGAACGAGTCTCTTCATCAATAGACTCCTCTTCCGATAAAACGGTAACAATATTTTGCGCCTTAGAAGCAGCAAATTGACTGGCGAGCTCATCCTTAGCTTTTCCACCCCGCATGGTGTTAAGTTTTACCTGCTCGGAAAGTTCACGGGCAATATATAAGGAATCAGTCGGCTTGGTGTCGGAAAATAATAAATGACTGTAAGTCATCGCTGATCCTAAAAATAAAACCAAAGAGCCAAGCACGGCCGCCGGAACGGAAACACCTCTTAAAACACTTTTAAAATTAATAACAAAAGAACTCCACGGAGAAAGCTCTTTCCCCCCGGAGTTTGAAATTTGGGCAAACAAAGAATCGCGGTTGCTTTTAAGCCACTGCGTGTCTGGTTGAATATCTTCTTTAAGTGATTTTAGTGAGTTAAATAATTCTTTATCAGTCATACACTATAGTATACGGCTGGCGACGCCAATCGTTACAGTTTTAGGGTGGGCTGTTTAGGAGTCTTCCCGCCGGATTTTTTCCCACCTTTTTCTTCAGGCGGCAACATTTTCTTTAGAGCGACAATAGAGCGATGAATTAAGACGCGCACATTGCCGCGCGTCTTGCCG
AP029158.1_gap19	410071	413766	3695	GGGCGATGACCAGCAAACAGAAATGATTGCTCCCCGCTTACATTCAGGAGCCAAGACCACTTGGGCGCCGGCCAGTTTAGCTTATTACGATAACTACCTATATTTTGCTGGTTTGCGCGGTGAGGCTCTTTACGCCGTGCCTGTTAATGAAAACGGCGACCTAGGAGATCTTGAAACTTTCTTTATGGGAGATTATGGTCGCTTAAGAATTGTTAAAGTTGGTCCTGATAATTCATTTTACTTAGGCACCTCCAATCAAGATGGTCGCGGTCGTGTCCGGGCCGGCGATGATAAGATTATTAAAATGGCACCAAACGCTTGGAAATAAATCGACTTCAAAAAAAGCTCCCAACTGGGAGCTTTTTTTGAATCTTTATTAATTTTTTTTTAGATATTTCTAATTTTAAATAATATATTTAATATTATTTTTCATTTTAAATAAGACTCCCTATTTATAAGTTTTGGTAATAGTTCTGTAGGTCAAACGAGAGACATCGGCAATAAAATCAGCCATTTTTTCAAAATCATCACCCCGAGTCATTACGCAAAGCAAATATGGATGCTCAGGAAAATAAATAATTCCACATTCGTGCATTTGCTTATTGGCCGTTTCCAAATTATCATTTTTTCTTTCCCCAAATTTATGAGCAACTTTTGTTCCCAGGGGGACGCCAGCCACTAAACCATCAAAAAAATTAGTTCGGGAAAGTAGATTTAAAGATTTTTCTGAATAATATTCATTTAAATAAGCAGCGTTATAGAGAATACGGAAAAAAGAAGCGTACTCCTTAACGGACATAAAATCTTCCGGGCTACTAATACTAGGAACAATAATGCCCAAATCCTGATAAACCTGATCAATTTTTTCTGGCTCAATATTACTGGCCAGATTAAGCATGGCAATGTTATCGGAGTTAATAATCATAAAATCAATTAACTGGTCAACGGTATATTCCTGGCCAATCACTAACTCTTCGCCAGTCACGATATTTTGGGGTAAGTTTTGGTCGCTGGGCCGCAGAATAATTTTTTCCTGCAAAATAGCAGGATTACTTTCAGCTTGTTTATAATAAGCAATCATTAATGGAACCTTCATTAAACTCGCGGGGGTAAAATTATTGGAAAAATTAATCCCGAACCAGGGGCCATTGTTAAGATCGCGAAAATAAACCGCAATTTCTTTATTTTTATATTTACTATCATTAAGGTCAGTGATGGATTGTTTTAATTTTTTTTCAAAAGGAATGTAAACACTATTTAGATAAGTATTTTGAACATCACATTCCAACAAAGGATTGATAAATTTATACTGCCCCTGTTCACGTACTGGCGCGGGGTTATTTTTCTTAACCTGCCTATAAACAGAAGAAGAGCCAATTAAAAAACCAATTCCAATTCCGCTGGCGATTAAAATTAAAACCAGTAAAACTTTTGACCACCAGGAGACACGAAAACTCGCTAACCGTCGCTGCCATTCATCGTTTTTCATAGACAAGAAAATATTAGAAAGTGTTTTTTAAAATAAATTGCCTACAGCTCTAGAGAATGTTTTAAATAAAGTTAACTGTAATACTTTTAAGGATTTACTTAGGGGCTTAATTTAATTAACTTCTACCTCGTCCACTAGCTCCTTTTTCTTCCCAAAAACAAAAATATATAAAATTTCTAAAATAGCCAGAGTGTTTAAAATCAAAATAACCACAAACCAGCCCTTATTACTATTTTTAGCGGCTTTCCAGAGAGCGCCCCCCCTTTCCAGGGCAAGGTCCAAAGAGCGAGAGTTAGAAGGCCGGCGGGCGTTTGTAAAAAAGCAATAATTTGTTCCTTATTTTTTATAAATTAATAAAAAACTTACGGGCTTATTATACAACTTTTTTAGATAAATTTGCACTTTTTCTTTGATATTCAGCCAAGAGTTCAAGATCTCGAAAATCCTTTTCCCGGCCCAAAGCTTTTTTAAACTTAACCGTTTCGACAATATTTAAAAATGGATAACCGTTAATAATATCAGCGGTTTTTATCGCCTCTTGAACAGACGTAGGATAAGCAGCCCACTCCAATTTACTTATTATTTCCACCTTGTCGATCTCAGAAACTAATTTTCCATTAACCTCCACCTCTTGATATCTCTTAGAATTAAGCAGCTGTTTAAATAGTTTTGGCGTAACCGCAACATCTAAATCGTTAGCCTCTCTTATGCCCCGAGCCGCTAAAGGGCCGCTACCGACTAAAACATACTCTCCTAAAGGAAAATTTAATTCGGCTAATTTCTTGAATATATCCATAGAAAAAATATAGTCTTTATTATAGCTCTTAAAAGATTTTAAGAAAATATCAAAAAGAAATTTTTGGCTTAATAAAAAAAAAGCCTCGAAACTGTTTTAGTTTCGAGGCTGGTGGGGTTTTCTAATTCCACTCTACACTTTTTAGGTCTTTAATATAAAAAAATATTACATAAGGCGCAATTGAAGTAACCATAAATCGTTTTACTAGCACTCCCCGATCATAATCGACTACTTTTTCCCAATCTTTTTTATTCCAAAAACGAATCGAGGCGACGATTCCTTCGTCACCTAGGAACAGGGCAATGCCTTTTTCGTCGCTTACGACCAATTCTTTTTTTTCTTGGATAATTTTCTTTTTTCCAAAAAAACCTAAACCCCCTGCTTCTTTGACTGCTTTTGGAGTGGATAAATAATTTATCGTTATTGAGCTTATCTTCTTTTTCGAAATTTGTTCTAAAGAAAGTTCTTCTCCATTACACAAAAAAGTTGGTGTTTTTTTTAAAGTTTCCATCACTTAATGTTTTTATTAATTTTTTAAATAACTACACATCTAACAATTGTTATACAACCATAATCTTCTTTTGTCAAAAAATAATAATTAAATTAACACGCTTAGCCGGGAAAATAAAAACTTAAGCCAGGCTTTACAAGCCTGGCTTAACCTTTTATTTGTTTAGTTTTAAAACTTTTAGTCTACTTGGCGAACTTCGGTAATTGAGCAGCCATCACGATCGCGCTAACACCGACTAAACTATAGACGACGCGGCTTAAAGCCGACATGTCTCCGAAAATTGCAGCCACTAGGTCAAAGTTGAATAAACCAACTAGTCCCCAGTTTAAGCCGCCGACAATAACCAACACCAAGGCAATCAAATTTAGCGTTTTCATATTATTGGCTAAATTTAAACTTGGTAAATTTTGCCCGAACTTAAATTTAGTTAATTAATAATTACGTTTACATTTTACCAAGATTTGACTTAATTAACAATAAGTGATGCCTTTAGCCTGCTGCCTACTAATTTAAGATGTATTTATAATAAAAAGAACAAGCTAATAGCTTGTTTTTTATGCTCCCGGGGTGGGATTCGAACCCACGACCAATTGATTAACAGTCAACTGCGCTACCGCTGCGCTACCCGGGAATATTTTATTTTGAACTAACCGCAAAAAAAGAAAAATGTTTAAAACATTTTGTGTTCCTATTTTAACAAATGCTCACTTTCTGTCAACAATCTTAAGCCCCCGAAAAATCGGGGGCTTAAGCCTTACGTTAAACAATATCTTATCTTTTCTTTAGTAATCTTTGAGCTTTTCTAAACCTTTGAAGCGACGAATCTTTTCTAAAGCTTTAGATTCGATTTGACGGATACGCTCGCGGGTAACTTCAAATTCGCGGCCCACCTCTTCCAA
AP029158.1_gap20	417835	422681	4846	GGTGTCTCTAAAACGCTCAGCACTGGAAGAAGCGCCTAAGACAACAGTGATAATGGTTTCTTCGGTTTCCAGCTCATTAATGGCGGCGGCAAAACAATAACCCGCCTCTTCAGTATAACCAGTTTTCGCTCCTTCTAAAGCGAGGTCCACGGAATCGGCGTGAACTAAATCATTAGTCGCTTCAACGATCCGGGTTTTTCCCTCTTTAGTGGTAAAGCGATAAGTGTTTAAATTAGTGGTGGCCGCTATCTCCGGATAAGCAAGGGTGGCTTTCACCAGCCGCGCTACATCTTGAGCGCTGGCCACATTTCCGGCTGCGAGGCCCGTCGGTTCAACAAAGTGGCTAGAAAACATTCCTAAACGTTTAGCTTGATTATTCATCGCCGCTACAAAATCTTCTTCGCTTAAGCCGGTGGATTTCGCTAGTGCTCTAGTGGCCACATTATCAGAACCAACCAAGGCGGATTTAAAAAGATCAAGCACCGTCACCGTATCACCACTCCAGAAATGAATTTTACCGCCAGCGATATGATCACCAGCGCTAATTTTATACTCTTGATCAAAACCAGGATTATTTTCCAAGAAAACTAAGACCGTCATTAACTTGGTTAAACTGGCAATCGGCTGCGCCACGGTCGCCTCCTTAGTGTATAGGAAAGAATTATCAGCACTGAGCATAACTGCTCCTTTGGGTGCCGAAACTTCAGGACCTGGATCTTCGGAATCTTTAGTAAATCTTTTTTTGTCTAGATTAGTCGGTAAAAAATTCTCGGCAGTAACTACTTGTCGACAATCCTGATAAGCGGCCACCACCTGCTGTGGTTGGGAAATATCAGTAAATAAAAAAATTGCGAAACAATTGATAATGAAGGGCCAATACATTTTTAATTCGTTTTAATTTATAAATCTGAGTCAGCATCCGCTTCGGTAACAGCGCTAGTTAAAGGTTCGCGAGCGTGTAGTTTTTCGTAATCAGGCAATTCGTTTAAATTAGCGACCCCTAAATATTTCAAAAAATCCAAAGAAACAGAATAGACGGTTTCACCGAGAGCCTTATCTTCGGCCTCTTCAATTAAACCGCGAATCAAAAGATTGCGTAAAATCAAACTGCAATTAATCCCTCTAATCATTTCTAGCTCTGCCTTAGTCACTGGGCCACGATAAGCAATGATAGTTAAGGCCTCTAAACTGGCCGGTGTTAACTCGCCGGAAGTTTCGTCCTTCAGAAAACGACTAACAATTTCGGCATTTTCCGGGGCGGTCGTTAGTTGATACTTGTCATTATTCTGAGCCAAAATAAAACCGCGCCCGGATTCTTGATACTCACTGCCAATCTTAGCGAGCGTGTCTTTAACCTCACCGGCCGAAGCGTCGACGGCCTTAGCTAAATCCTTTAGCGCTAAGGGCTGGTTAGAGATAAATAATAAAGATTCTAAAATAGATTCGAGTTTCATAAATATAATTAGTTAACGGCCACCACCTGAATTTCGGCAAATAAACCGTCTTGTTCAAAAACCAATTCCTGCTGTTTTGCTAATTCCAAAACAGCTAAAAAATTAACGACGACTTCGGTTCGATTCTTGGCCGTCTTTAAAAACTGAGAAAAACTAAAACGCAATTTTTTACCTAAGAGCTGGCGAATACTAACAATGCGGTCATCAATACTAATTTTTGCTTCCCAGCTTTCTTCTGGCAAAAGTTTTACGGTCGCGGCGAGACGATTAAGAATTTCTTCATAACGAGCCGCTAATAATTCCGGGGTTACATTTTTGGGAGCAACAAATTTCGGACGGGTGACTGGACGACGACGCCAATTACGATTCAAAGCCGAGGGGGCAAATAAGAATTTTTTGCGGCCAATAATGACCTCTAAGTTATGACTCGCCGCAACGAATTCTTGATACATCTTTAACTGCTTTTCAAGATCATCTTCATTGTCTTCACTCTCATCAAAAACTAAATAAGGGAGGAGTGCCTTAGATTTTATATAAAGTAAACGCGCTGCTAAAACTAAAAAATCCGCCAACTCCTCATCGGGGATATTAGGATTGGTTTGGACATAGTCAACATAGTTGTCGGCAATTTTAGCTAGCGACACCTCGGTAATATCCAATTCCTCTTTCTCAATTAAACGTAAGAGTAAACCTAAAGGACCAGTAAATTGCTCTAGTTCGATTTCATGCATAAAGCTTAACGCGCCTTCTCAGCCTCAACGGTGACCGGACTTTTCTCCGACCAAACTTTTAAATCAAAGCAATAATAGCCGGCATCATGAGTTTGCCCATAAAGCGGTCGACTCTCCGGATAGAGCTGGGTATTGTCGGTATCGGTGCGAAAAGTGGCACAGAGTCTATAATTTTCGTCGTCAACAATTTCGTAAACCAAAGGTAAGCCAGTATCACTATCAATTAAATCCTGAGTACTGAAATAAGCGGTGCGGCTATTTTTAAGAGTATTTAAATCCTCCGGTAACTGACCATATTCCTCATAATAAGAGTTAATTGAATTCTCAACCAAGTTAACACTATTCATTAATTGGCTGTCTAGTTTTTTGGCTCGGGTCACAGTCGGCGCTTCCATAAAAAACCAAGCTGAGACAAAAGCGGCGATCACCAAAAGCAGCGAAGCGAAGAAGAAAATCTTGATTCCTGCTCGCCCTTCATTAGGATTGCGGCGACGAATTTCCAAGAGGTAGAAAGAAAAAATAATTCCGGCAATCAGTAAGACTGTTAACATCTGTAAAATGAAACGCCAAGTAAAATCACCGGATAAAAAATTATTCAAAACAGCGATTAAAACACCGAGGATCGTAACAGCGGAAACAAATAAAATTAAATAAGTCATCCAGCGACGCACCGGTGACTCTAAGGGCAAATCCTCTTTACGCAAACCTTTAAAAATCAAACGCTGCATTACATAGAAAATTGGCGCGGCAATTACTAAAGAGGAAATAGCAAAGCGGAAGGAAGCCGAAGGGTCATAATAAGAAGAAAGTGGTGAAGCTAAAGTCTCGTTAATGATTCCAAAGGCGATCAGGCCCACCGAAACCGCGGTAAAAGCCAGCGCGACTAAGGACAATAAATAATAGAACACGTATTTAGCAGAATTATTCATATATTTATGATTACGATAATCGGTGATAGCACCGATTATAAAAATGCTTAAGAAAATTATTGTCGCCGGGATAAAAACCAAAGCGCTAAACATTTTTTTGCGGTTTTAGATTAATATTTAACTCTTCTAATTGCCCTTCAGAAACGGAAGCGGGCGCGTCCGACATTAAATCTCGGCCCTGATTGTCTTTAGGGAAAGCATAAATATCGCGAATTGAATCCCAATCATTTAACACCATTAAAATCCGGTCAATTCCCGGGGCATTGCCGCCATGAGGGGGCGCGCCATAAGAGAAGGCATTAATCATCGCGCCAAACTTTTTGTCCACTTCCTCTTTACTGTAGCCAGCAATGTTAAAAGCAGCATACATAATCTCTGGGTCATGGTTGCGAATACCACCCGAGGAAACTTCAAAGCCGTTTAAAACTAAATCAAATTGATAAGCTAAAATCTCAAAAGGATCTTTAGACTGCAGTGCCTCCAGGCCGCCCTGAGGCATAGAAAAAGGATTGTGACTAAAATCAACCTTCCCTTCTTCTAAATCAGAATAATCATACATGGGAAAGTCAACGACCCAAATCCAAGCGGCGACCGAATTATCTTTGAGGCCTAAACGTAAGCCGACTTCGTTGCGCACGGCGCCTAAAGCCTCGGAAATTAATCGCCAGGGGCCAGCAGCTAAGAAAACTAAATCACCAACTTCTAAGGAAACAGAAGCAGCTAAAACTTGTAAAGCTTCCGGCGTCACCGCCTTAGCAAAAGAAGCGCTGAGCTCATGGTCGCGACTGATAATGTAAGCTAAACCGCCTAAACCTCGCTTTTTCGCCACGGCAATCAGCTCATCAATTTCCCGTCGCGAAAACTTAGCCCCGCCGGGAATTTTTAAAGCTTTCACCACGCCACCGGCAGCTAAGGCCTCGGTAAAAATTTTAAAATCACTTTTTTTAGCGGCCTCCGAAACATCTTGTAATTCTAAGGCAAAGCGGGTATCGGGTTTATCAGAGCCATAACGATCAATGGCTTCTTGCCAAGAGATTTGCCGAAAGCGACCGTCCGGCCATAAATTAATTAATTTTTTGGTGCTAATCTTTTCAGTCAACTCTTTCATGATCGGCTCCATGATTTGAAAAATATCATCCTGCTCGACAAAACTCATCTCCATGTCTAACTGATAAAATTCACCGTAATGTCTATCCAGGCGTGGATCTTCATCGCGAAAACAAGGGGCAATTTGAAAATACCGGTCTAAACCGCCGACCATTAAAAGCTGCTTGAACTGCTGCGGTGCTTGCGGTAAGGCGTAAAATTTTCCAGGATGCAAACGAGAAGGAATTAAAAAATCACGCGCCCCTTCGGGCGAGGAAGAAGCGAGAATTGGGGTTTGGACTTCAGTAAAATCATGGGCGTGAAAATATTCCCGGATTATGGTAATCATCCGGTCTTTAGTACGCAACATTTCTTGAATTTTAGGACGGCGTAAATCTAAATAACGATATTTAAGACGCAAAGCTTCATTGGCTAAACCGGTCTTATCTTCATTTAATTCAAAAGGCATGAGCTTTGACTGGCTGAGAATCTTAATTTCGGTAGCCGGAATCTCAATGGCGCCAGTTTTCATTTCCGGGTTAGTCTGCCCTTCACCACGCGCGCGAACCGGACCAATTATCTGTAGCACCCACTCGGGCTTAATGGTCTCGGCTAAAGAAATTAAATCAGCGGCGGTGGTGGCCGG
AP029158.1_gap21	429550	430850	1300	ACTTTCAAAATGGGCTTACCAGCTGGATTTTTTAACGCCCGGTAAATCGCCGTTATCGGCCAATTCTTTAAAACAAATGCGGCAGAGGCCAAAGTCACGGAGGTAGCCGTGATTACGACCACAACGCCAGCAGCGATTTATTTTTCGAGTGCTGAATTTGGGCTTGCGCTTTGCTTTTACGATTAATGCTGTTCTAGCCATATTGCTTATGTATACTTATTTTTTGAAAGGAAAACCTAAGAGGCGGAATAACTCCAAACCCTCTTCACGATTTTTCGCGGTCGTCGCGACCGACACTTCTAAACCAAAAACTTTTTCGACATCCTCTAAACGGACTTCAGGAAAAGCAGAATAGTCTTTAAAGCCGATGGTTAAATTACCGGTGCGGTCAACCGCCTTATCGGAAATGCCTCGGAAGTCGCGAACGCGAGGAAAAGTGATATTAATTAATTTTTCTAAAAAGTCATACATTCTCTGACCGCGCACAGAAACAGCGCCGCCAACAATCATCCCTTCACGAACCTTAAAGGCGGAGATGGATTTTTTAGCCTTAGTTAAAATTGGCTTCTGGCCAGTAATTTTTTCTAAGATTTTGGCAACCTCGTCGGCATAATCTTTTTCCTTAGTAAAGCGACCAAAGCCCACATTGATTACCACTTTGGTTAATCGAGGCACCTGATGATCGTTGGTGTAAGAAAATTTTTCTTCCAACTGAGGCACTATTTCTTTTTTATATTTCTCTTTTAATCTCATATAGTTTACTAAAGAAAGGATTAATCAATCACTTCATGACACTTCCGGCAAGCTCGATATTTTTTAGAGCGTCCGTCAGTGACCACAATTTTATGAGCCACGCGCGTCGGTTTTTCACACTTCGGGCAGACCAACATCACATTGGCGGCTGGCAAAAAAGCGGGAAATTCTAAACGTTGCCCCTTTTCACCTTCACGACGGGGGCGTAAATGCTTAATCAATAAATTCAAGCCCTCAACGCTAATCCGTTGATCTTTAGGAGAGACTTGCAAAACCTTACCGATTTTACCCTTATCTTTTCCGGTGATAATTTTTACTTTGTCGTTTTTCTTAATATTCATATAATTAGAGTACTTCCGGTGCTAAGGAGGCGATTTTGGAATAACCGGCGCGACGAACTTCACGAGCGACCGGACCAAAAATACGAGTACCCTTAGGATCCTTTTTGTCTTTATCAGTAATTATTACGCAGGCATTCTCATCAAACCGCAAATAAGAACCATCGGCGCGGCGAATTTCTTTTTTGGTGCGCACGACGACCGCTTTA
AP029158.1_gap22	433926	438494	4568	TAAGCCAGCAATCAACTCCAAATTATGAATAGCCATCCCCGCCGGAATGTACTCTAAAGGCATGGCGTTTCCAGTTTTTATCTCAATCAATTTTTGGGAACTCATAACGGTATCACCCACCTGAAAATCTAAAGGAGCAATAATATAGCGCTTTTCACCATCAGCATAATTTAAGAGCGCTAATCTGGCCCCACGACCCGGATCATATTCAATCGCGGCCACTTTGGCTGGAATATCAAACTTATTACGCTTAAAATCAACTAAACGAATATAACGTTTAGCGCCGCCGCCGCGATGACGTACGGTAATTTTACCTTTATTATTGCGACCGCCTTGGCGTTTTTTAATAACAATCAAAGCTTTTTCCGGATTCTTCTTGGTGATATCTTTAAAATCATCAAAAGAGGCTTGACGTCGTCCGGGAGTTGTTGGTTTTACTTTTTTAATACCCATATAATCTAAACAAAATATCTAAAAATTAGACACCCTCGTAAACTTGAATAGAATCACCTTTCTTTAAAGTTACAATGGCTTTTTTCAAATCACGGCGGCGCCCCTTGATTCGACCACGAGTAACGACCTTTCCGTCTTGACAAACGATGTTAACCTTAATCGGCTTCACACCATAGACCGCATAAATAGCCTGAGCGACACTTAACTTATTAGCCTCACCGCTAACCACAAAAACATATTTATTCAAAGAGCTGGCGGTCGCGGCTTTCTCAGTAATTAAAGGATGAACTAAAACTTTATAAGCTTCAGCAAAAGCGGTTTTAGCTTTGGCGCCAGTAGCACTTTTACTTTTCTTAGCGGTTTCAGCGCCAGCATATAAATCAGCCATCGTCGGCTCTTCTGCGACCTCAGGGGCGGCTTTTTTAGTGGCCTTCGCCTTCGGGGCCGCTTTTTCTTTGACAACCTTTTTAGCTGGAGCGGCGGCTTTCTCCTTGACTTCGTCTTTATCTTTTTTCTTTCCTAAAATTCCCATATATCTATTTGCTATATTGTGTCTCTAAATTTTTGATCGCCGCTTCGGTAGTTACTAAATAGCGAGATTTTAAGAGATCCACAATATTAATATTTTCTAAATTAATCATCGTCACACCAGGTAAATTGCGCGCGGAGTATTTTAACTTGTCGTTTTTACTTTCGCTAATCACCAAAACATCACGGCGCTCATCTTTAAGGATTTTAGTTTCAACCGCTTTCAAAATCGCCTCAAAATTTTTGGTTTTAAATTCAGCCACTTCAAGATTATCTAAAACCACTAAAGCATTGTTGGCTACTTTATTAGAAAGCACCATCGCCAAGGCCTTTTGCCGCATTTTCTTATTTATTTTTTTGGAAAAATTACGATCAGAAGTTGGACCAAAGGTGACACCACCACCAATCCAAATCGGTGAACGAGATGAACCGGCACGAGCGCGACCAGTACCTTTTTGTTTCCAAGGCTTTTTACCACCACCGGAAACTTCGCTGCGATCTTTAGTGTCAGCTAAATTCTGGCGCTCATTTCCCTGTTGCGCCAGGAGCGCTTGATGAATCAAATCTTGATTAACGGTCACACCAAAAACTTTCTCGGATAAATCCAGATTGTGTAAGGGTTCCGCTTTTTGACTATAAACTTTTGTGTTCATACTTTTAGAAAATATCCTTATCCTTATTTAGCGTCAGCTGGAGCCTCGGCGGCCTCAACTTTTTCTTCAGTCTTCTCTTCGGTGACTGGAGTTTCTTCTTTAGCTTTCTCTGCCGGAGCCTCCTCTACTTTAGCCTCTTCTTTAGGAGTTTCTTCTACTGGAGTCTCCTCTTTTACTGCTTCGGCTTCAGAAACTGGGGCTTCTTCTTTTACTTCCTCTTCTTTAACTAAATTAACTTTTAAATCGCCAACACCTTTAATCGCCACTAAAGAATTAATTGCTCCCGGAATCGCGCCTTTAACATAAATTAAATTCTGTTCTTCATCAATGGCCACGACGGTGAGATTTTTAACGGTGACCGCTTCGTTGCCCATTTGGCCCGCCATGCGAACACCTTTAAAAATGCGCGCTGGTCCTTTTGAACCAACCGAACCGGGCATGCGTAATTGATCTTTGTTGCCGTGGGATTTTCGGCCACCGGCAAAACCATGACGCTTAACCACACCCTGAAAGCCTTTACCTTTGGAGGTGCCGCTGACATCAATAGCATCGCCAGGGGCAAAAGTACCAACGGTAATAATATCACCAACTTTTAGATCCGCTCCAGAAGCTCTAAATTCACGAGCGACCTTCGGTAAAACATCAGCTTTTTTGAAGTGGCCGCGTTGCGGCTTATTAATATTCTTTTCCCGGCGTTTACCAAAAGATACCTGAACCGCTTCGTAAGCGTCAGTGCTTTCGGTTTTGATTTGTGTAACGGTGCAAGGTCCAGCCAACACCGGGGTAACGGCTACGACCTTGTCGTTGACCCATAACTGAGTCATTTGTTTTTTGGTTCCGAGGATAAATTTCATATTCTTTAAACAAAAAAACTGGTGTGAAAACCAGTCAAAAAAATTTCATCCACTAAAAGGATCTTGTTGAAATTTTCTTAATTTGACTGATTACCTCCTAATATTAGACTAAATTCAGCTCGAGCACTTTCTCAAAATGAGAGTTATCCAAACCGATTTTTAGTCCGATTTTTTTGTATAAAATTACTGCTGTATTTTACTGCATTTTAATTTCCACGTCAACACCGGCTGGCAGATTTAGGCTGGTGAGATCTTCAATCGTCTTGGCGCTGGGGTCAACAATATCAATAATACGTTTGTGGATACGCATTTCATATTGATCCCGGGCATCTTTGTGAACAAAGGTGGCGCGGTTAACGGTATACTTTCTTTTTTCGGTCGGCAAAGGGATCGGGCCAAAAAAGTGGGCATCACTACGTTCAATCGTGTTAACGATTGTTTTGGTAGATTGGTCAACGATCTTGTGATCGAAGGCCTTAATTTTGATACGAATTCTTTGCTTGAATTCTTCCTTTTTGTTGTTGTCAGACATAATTGGTGCTCCCCTTTTAGTCAAAAGCAAATTCTTTGAAGACTAAAATGGAAGATTGTTTTTAAATAAACACAGTCAACCCGCCCTATAAATAGAGCGGGTCTCAGTAATTATTTAATGATTTTGGTCACCACGCCGGCGCCGACAGTGCGGCCACCTTCGCGGATAGCAAACTTCTGCTTCTCTTCAAGAGCAACTGGAGAAATCAATTTTACCTTAAAGGAAACAGTATCGCCAGGCATAACCATATCGGTGCCAGCCGGTAATTCTACTTCACCAGTAACATCAGTGGTACGGATGTAGAATTGAGGCTTGTAGCCGTTAAAAAATGGTTTGTGGCGTCCGCCTTCTTCTTTGGATAAGACGAAGACTTGCGCTTCAAATTCCGAGTGAGGAGTAATAGATCCGGTTTTACATAAAACCTGACCGCGCTCAACCTCATCTTTCTTCGTACCGCGGAGTAATAAACCGGCATTATCACCAGCTTCACCTTGATCCAAAGACTTGTTAAACATTTCGATTCCGGTAACGGTAGTTTTCTTGGTGTCCATTAAACCAACAATTTCAACTTCATCACCAACTTTAATAACACCGCGTTCAATACGACCAGTAACAACGGTACCGCGACCTTCAATGGAGAAGATATCTTCAATCGGCATTAAGAAAGGATGTTCAGTGTCGCGAGTTGGGGTAGGAATATAGGAATCAATTGCTTCCATGAGTTTCATCACTGGTTCAGAATCTGGACCGCTAGGATTTTCTAAAGCTTTCAAAGCGGAACCACGGATGATTGGAGTTTCAGCGCCTGGGAATTCATACTTATTTAATAAGTCGCGAACTTCCTCTTCAACTAAATCAATTAGTTCTTTGTCCTCAACCATGTCGCACTTGTTTAAGAAAACAATGATATAAGGAACACCAACCTGACGAGCTAATAAGATGTGCTCACGAGTCTGAGGCATAGGGCCATCAGTAGCGGAAACCACTAAGATAGCACCGTCCATCTGCGCCGCACCAGTAATCATGTTCTTAACATAGTCGGCGTGACCAGGACAGTCAACGTGCGCATAGTGGCGGTTAGTTGACTCGTACTCTACGTGAGTAGTGGAAATAGTGATACCGCGGTCCTTTTCTTCGGGCGCCGAATCAATTTCTTTGACATCTTTTTTGGAAGCACTTAAGCCGTGCGCTCCAAACACCGCTAACATCGCTGCGGTTAAAGTGGTTTTGCCGTGGTCAACGTGGCCAATAGTACCAATGTTGACGTGTGGCTTGGAACGATCAAATTTTTCTGCCATACTTCTTTGATTTACGACCCCCGATTGGGGTTTTTCTCTTAAGAGACCAGCCGTAATTAATTAATTAATAATTTATAAATAATTTATAACAAGCTAATAATTCCGCCTTTACTTTATTTCCTCAGCACCTTTCTTTACTTGTGGCGGGATGGCCCAAGGATTGTTATTTTTACTTTCTTCGGCCAAAAAAGGAGCTTTCTCTTGATTTTTCCAAGTGGAAATATCGCCATTTATTTTATCAGTTAGTTCC
AP029158.1_gap23	463280	465575	2295	ACTAGGGCAACGATTATTAAAACGCGGCCCAGAAGATATGCGCGTGGTCGCTCCCTCAAAATGGCTCTTGGACCTTTACCAAGAACAAGGTTTTTTTAAAGACCAAAAATGTTTCGTCACCCCCAATCCTTTGGTAAAAAGTTTCACACCGACTTCAGAAAGAAAGAAACAATTTTTATTCATTGGCCAGGCCGGCCATCATAAAGGTTTAGATTTATTTATCGGCGCCGCCGAAAAATTTCCGGATTATAATTTTGTTGTCATCGGCGAACACAAAAACACCCAGGCAACCAGCAATGTTAAATTTTTAGGGCGGCAAACTAGTGCGGCCGTGAATTTAGAATTGGCTCAAAGTCTAGCTTTAATTGTTCCATCGCGCTGTTATGAAAATTCACCAACGGTTATTTATGAAGCCCACCAAACCAAGACCCCGGTGATTGCCGCCGCTTTAGGCGGTATTCCGGAACTGATTGAGCGTTGGGGCGGTCTCCTTTTTGAGCCTGATAATTTGGAGAGTTTACTAGCAACCCTAAACGATTTTATTAAAAACGGGGCACCTCTTCAGACGGCCCCGCCTCCACCAGCTTACGGTGAACAAATTTTAAATTTAGTTTTTAGTTGATTAAAATTAACCCTCAAATCCTTGTGTTCGGCTCGCGGACTGCAAAGAAATGATGGTTTTTTTAATGCCATTTTCCAAAGTAACGACCGGCATCCAAGCGAGATTATTACGCGCTTGATAAATATCGGGCAACAATAATTCGGTTAAAAATAATTTACTCTCCGAATAGGCAATCGCCGATTCTGACTCGGTTTCTTTAATAATCAGTTGAGCCAAGTCGGTGACATTAACATCAACATCGGAGCCGATATTTATTGGTCCACTTAAATTAGAAGCGGCCATTTTAACAACGGCATCAATAGCATCATCAACGTAACAAAAAGAGGAAGAAAAATTTTCATCACCAAAAATTACTAAAGGTTTATTTTTAATAGCCGAATAAACCAAATCCGGAATTAGCTGGTCATCATCTAAAGTCATGCGCGGACCATAGATTCTAAAGAGGCGAACAATTTTGGTATCTAAGTTATGCATCTCGCGATAAGAGTCAACCATGGTTTCAGCAAAGCGCTTCCCTTCATCATAAGCGGCCCGCGATGATAACTGATTGATAACACCCAGCTCAGTTTCGCGCACCTTGCGCCCAATATTATTAATATCTCGACCGCCATAGACAACCGAAGAGGAAAATTGGATAAACTTAGCTTTATTGGCGACTGCTAACTCTAATAAATTATAGACAACCAAAGAGTTAGCTTTCAAAATTTCCAAACGATTTTCTAAAAAATTACGAGGCGACAGTGGGCAAGCTAAATTATAGATTTCTTGAAGACCCTGAAATTTTATCTTGAAGCGTTCTAGAATTTTAATCTCGGCGAGATTTAAAGGTTCCGCGAGATCATGATTAATAAAAATAAAATCGGGATTAGCGAGGAGGTGGTCAATATTTCTTTGTTGGCCGGAAATAAAATTATCAACGCAAATAACTTTACAGGTCTTCACTAGCTCGTCACAAAGATGCGAGCCGATAAAACCGGCGCCGCCAGCCACCAAAACATTTTTTTTATCAAAGATTACCTGCTTGGACATATATTTTTAATTATTAAAACGAATTAAGTTCACATTAACACCGCCGGTAAAAGTTTCCGGATAAGCGTAGAAAGAGGACACTAAACTGCCGGCGCGGTCAAAAACCCGAGCATGAGCTACGCCTCCCGCCTGAGCACCGGTAATAATCTCGGCAATACCATCGTTGGAAACATCACCAGCGGCTAAACTCACACCACCACGCCAATTAGAATTATAAGCGAGAAATTTTTGTTGTAGACGACCATAGTTATCAAAAATTCTCACCTGGGGTTGATAGTTGCCGGCCGGGGCCACAATAATACTATCGTGTTGGCCATTTTGACGGCCGTAAAGTGAAGCCGCCGCGACATTGACGCCGCCACGATAATCGGGGGGATAAACATAGAAGGCCGCCTCCAACTTAGCCTGATTATTAAAAATCTTAACAATTGGCTCTCGCCCCTCACCTAAGCCAATAATTAATTCCGGATGATGATTGCCATCGACGTCACCTAAGGCTACGCTTAAGCCACCACGGTCATAAAGACCGTCGGCAAAAAATTGCCTCTCCACCTGACCGAAACCGTCAAAGATTCGCACGTGAGGACCGCCGCCTGGACCCGGAACCGTAATAATCTCTGCCTGACCATCAAGATCATAATCGC
AP029158.1_gap24	488155	492374	4219	TCCGTTTTAAAAATATCTCCTTTGGCCTGCTCACCACCAACCCTGGAAACTTCAACATCACAGTTAATAACCGGCGTATCACCGAGAAATTTTTCCAACATATCCATTTTATCTTGAACATATTGAGAAATGGCGGGCGTGAGGGTAATTTTTGTAGCTAGTAAGTTAATTTTCATATATTTAAATTAATTATTAGTTAATTAAAGAGCCGCAAGATGTCTTTGTAGGTGACAAAAATAATTAAGGCCATCAGCAGGAAGAAACCGGCATTATTAAGCCAAGCTTCTATCTCTTTTTTGAGCGGTTTACCGCGCAATTTTTCCACTATCAAGAGAAAAGCCCGTCCACCATCAAGGGCTGGGAAAGGGAAAAAATTGAGAACGGCCAAGTTTATGGATAAGAGCGCGGTAAAGTTCATGAGGTTAGTAATACCAAAACGAGCCACCTGACCAGTCATTTGCGCAATCATCACCGGACCGCCAACCGAATCGCCGACCGGAGTACCTACAAAGAGATCTCTGATTAATTTAAAGAAGGCGATAATAATCAACCATAACATTTCCAAAGCATACTTAAAACCTTCATAAATCGCTTTAAAAAAGGGATAACGAACCATTTCTACCTGATCTAAACCAACACCAATTAAAGCTTGCCCATCCTTGTCTTGAGGAGTCACGCTTAACCGCTGTTCTTGTCCAGAGCGATTAATAGTGACCAACAATTCTTGACCGGAAGACGCGCCAACAACCCCTTGAAAGGCAGCGACGTCGCTTAAAGCCTCGTTGTTCACCGCCTTTAAGGTGTCACCGGCCATGAAGCCAGCGACTGCGGCTGGCGAATCAGCCACGACTTCAACAACCCTTACTTCCCCGCCTTCGACAACCGATTGCAGCACGCCAATCATCATGCTGGCGCTAAAAAGAATTCCGGCAAATAAAATATTCATGGTGACGCCGGCCGCCAAAATAATGAAGCGTTGCCAGATTTTTTTACTGGCGAAACTATCAGTCTCGTCCGACTCGCCATTTTCGCCTTTAATCCGAACAAAGCCCCCTAAAGGCAACCAATTTAAAGAATAAACTGTTTTCTTAAAGACCGGCACCAAACATTCCAAATCGCGCGTCCCCCAAAAAAAATGCCATTTATTATCCACCCCCCGATAAAAACCGAAAAGACGGGGCGGCATACCCAGACCGAATTCTTCGGCACCAACTTTAAAATAACGAGCGGCCCAAAAATGGCCGAGCTCATGGACCAGGACTAAAGCGGATAAAACCGCTAAAAAAATTATAATGGTTAACATGCAGGTAAATTAAATAGCCATAATATCCGCCTCTTTCTGATCGCGGATTTCTTTTAAGGCCTCGTTTTTCTTAGCGATTAAATCATCTAAATCTTTTTCTTGACGAAATTTATCGTCTTCAGTCAATTCTTTAGCGCTAAAAGCCTCATCAATCTTAGTTTTTACTTCTTCGCGAACCTGGCGCAGTGAAATCCGGGCTTTTTCTAAGCGATCATTTAATTTCTTTACTAAATCACGACGATTTTCTTCGGTTAGATTAGGAATAGTGAGACGAATTTTATCACCCTCATTCATGATCCCAAATCCCAAATCAGCCTCCATTAAAGCTTTTTCTACTGATTTAATTATTCCCTTATCCCAAGGGGTAACGAGGAAACTGCGCGGATCAGAAATAGAAAGATTGGCGACACCATTTAAAGGGGTCACAACGCCATAAGCTTCCACTTGGATGCCATCTAACATCACTAAGTTTGCCCGCCCGGTACGAAGACTGGCGATGTCACGCTTAAAAAAGTCGATAACATTATTAAATTCGGCTTCTTTTTCTTGAACAAGATTAGTCATATATTTTTAATTATTTATTTAAAGATTAGTCCGGTGCCCGGACCACTATTAACACCGAAGTAAATATTATTCGGATAACGATAATCAATTAAGATTTGCGAGACGGCACGCTTGGTCGGCAACTTAATATTAGACCAAGTTACGCCGCCATCACCAGAGCGAGCAAAAGTCAGGCCGGTGCCGTAGTAGAGATTATTGGAATTTTGGGGATCAATGGCCACCGCGGTTACTAAATCTTGATCTTCTGAAGGCAAAATAGTGAGCTTTTGCCAACTAATGCCGCGATCGGGAGATTTGACGACAATATTCTTAGTGGCCAGCATAATTAAGTCATCACTGGCGCCGACAGCTAAAGACCGGAAAGAATTATCAACATCCAAGTCCGCTAAAACTTTTCTGAAATCAAGCCAGTTATTAACGGCAAAGTTAGTATTAACATCGCCAGAGCGGCGCGGATCAGTATCACTGTTAGTAATAAAGGAATAAAGGCCGGCCGAAACATCGGCGACAAAAATCTGGCGACTGTCACTTGGCAACAAAACAATTTCCGCTACCCCCCTATCTAGCCGGCGCAAGACGCGCCAAGAGGATCCACTATCAATACTTTTTAGAATATCGCCATTAGACGTTCCTAAATACAGATTGTCCGGATTACGCGGATCAATGGCTAAGGCGTTAAAGACGGCTTCCCGGTCGGCGTCTAAGTAAAGCTGACTCCAAGTGCGAGTACAATCAGAAGAGCGCAATAATTGATTGCCAAAAATAGCAAAAACTTCACACTTGTCTTGGGGGTTAATGACCACGTCATTAACAGTCACATCTCCCGGGAAAGATTTTACTTTCTGCCAGCCCTCTGCAACATTGGGAGTAAAATAAAGGCCATTACCATAAGTCCCTAGATAAACCCGCAAATTATCACTGGGATCAATGGCTAAACTGCGCACATTGACATTAGCAATACTGCCAGGCTTATTGGTAATCGTCGGAATATAGGGTTGGTGGCTAAAACGAGCGCCACCATCCGTAGAAACAAAAACCGCCCCCAAATCGGCCAAATCTTGCTTGCCGCCTAAAGTACAAGCGGAAAGAAGTAAAGGAACAATCAGAAGGGTGAGCGCTAAGCGCCAAGATCGCGAGTAAATCATATTTAAAGATTAAAAATAACTTGTTCTAATACTGTAGCAGGACTAACATTTGCTGCCAAATATTTTTGGGCAGTGAGGAGCATGTCTGCTAGTTGATAATAATAAAACCAATCTTGCTCAGCCAGTTGTAAATTAACGGTGGCGAGCTCCTCTTTTAGGGCAGCGTATTGGATAAGTTCGGGCTGATTAAGACGCAAGAGCAGTAAATCGCGCCATACTCGCTGCCAAGAAGAAATTAAACTCTCCACCTGATCTCTATCTAGAGGGCCAATCTTTTTTAAGGTAGCACTGCGCTCAATTAAGGACTGAGAGAAAAAACCAAGAAAAGAACGGGCCGAATCTAACTGCGCTTCATAATATTCCGGTTCTTCCAGCAAACGGACCGCTTCTAAGGGGCGCCCGGCCGCTAGGGCCGCTAAGTTTTTCGCACTCGCCCGGTCAACCTTTTTCTCTTCTAAAAGATAATCATAAATAATTTCGTAAGGCACGGGAGTAAAATAAAGCACCTGGGCCCGAGAAACCAAAGTGGACGGTAAGGCGGTTAAGGAGTTTGTCAATAAAATAATCACCACTTTCTCCCGCGGTTCCTCCAAAGTTTTTAGTAAAGAATTGGCGCTGTTAGCATTTAAGGTTTCAGCCTCTTTAATAATCCCGATTTTATAAGACCCTAAAAAAGAGCTTAAAGATAACATCTTAATAAAATCACGAGTGAGATCAACGGGAATATCTTTTTTCCCGGCGGGGCGCTCTAAAATATAAAGATCACTGTTAGCACCGGAGAGCGCTTCTTGTCCATCCGATAAAAGCAAATTATTAGCAAAAGCTTGAGCGAGAGTGCTTTTTCCTAAACCATCAGGACCAACAAAAATATAAGTTTGCGCCAATTGTCCGGAACTTAAAGAATGATCAAGAAAATCAGCCACCTTGTTATTGCCTAAAGGGGGCCAATCATAGCGTCTTTGATAGTGAAAATTAGAGTTTGCCATGTCTTGATTATATCACAGCTGCGCGCAGTCGCGAAACGGGTTTCAATTGATTTTAGCAGGGTCTCTTGCTATAGTAAACTTATAAATATATGAGTAAACGTTTCAAACAAGTCTGCCTAATCTTAGGTGATTTGGGAGTGCTTTTTTTAGCACTCGCCGGCTCTTTGATGTTACGCTTCGGGCCAAATTGGCAAGCAATGTGGTTAGAGAATATTCCCTAC
AP029158.1_gap25	520703	524262	3559	CCGATAAGGCCGTGGACTTAATTGATGAGGCGACCTCAGCGCTACGAATGGAGATTGATTCCCTGCCGGAAGACTTGGATCAACTGCAGCGAAAAATAAAACAGTTAGAACTTAATCGCGCCGCCGTTAACACCGAGGCCGCTACCGTCAAAAAAAGAACGAAATTAAAAAATCTTAACCAGGAGTTAGCGGAACTGCAGGAAAAGGCGAAACAATTAGAGCTGCACTGGAGTAATGAAAAAGAAATCATTAGCAATATCCGCGAAACTAAAAAAGAAATTGAAAAATTAAAAACCCGAGCGGAAATCATTCAACGCCAAGGAGCGGATTTAACGGAGGTTGCTAAAATAAAATACGGCACCGTGCCAGAACTAGAAAATAAAATTAGCGGTCTTCAAGACGAGCTCTTAAAAATCCAAAAAAAGGGTCAACGCATTCTCAAGGAAGAAGTTGATGAAGAGGATATTGCTAAGGTCGTTTCTCGCTGGACCGGGATTCCGGCTCAGAGAATGCTAGACGATGAAGCGAAAAAATTAAGCGAAGCGGAAGCAATTTTGGGTCAAGAAATTATTGGTCAAAATGAGGCTATTCGCGCGATTGCCAACGCTCTGCGCCGGGCTCGTGCTGGCATTAATGAGGAAAAGCGACCGCTGGGATCCTTCTTATTTGTTGGCCCGACCGGTGTGGGTAAGACCGAACTGGCAAAAGCGATTGCGCGCTTCATGTTTAATGATGAAAACTCCTTGATCAGAATTGATATGAGTGAGTACATGGAAAAACATTCCGTCGCCAAACTGATTGGCTCGCCACCCGGCTATATTGGCCATGATGAAGGCGGACAATTAACCGATCGGATTCGCCGGCGCCCCTACTCCGTTGTTCTTTTTGATGAAATTGAAAAAGCCCACCCCGATACTTTCAATATGCTCTTACAGATTTTAGATGATGGCCGCCTAACCGACTCTAAAGGTCGCGTGGTCAACTTCAAAAATACCATTATTATCATGACTTCCAATCTCGGTAATGATGTGATTAGACAGTACGCCATTGGCTTCAATGTTGATGAAACTAAAGAAGACAGTAGTGAGTGGCGCCAAGAAGAGATGAGAGAGAAGGTTGATAAAATTTTACGCGAAAATTTCCGTTTAGAATTTTTAAACCGCATTGACGAAATCATCTTGTTCCGCAGTCTCTCTAAAGAATCTTTGGAAAAAATTATTGACTTAGAGTTGGCGAAAATAACTAAGCATTTAAACACGAGTAAAAACATCTCCTTAAAAATAAATTCTGCGGCCAAAAAATTACTGGCCGAAAAAGGTTATGATCCAACTTATGGCGCCCGTCCACTCAAGCGCACGATTCAAACGATGCTCTTAGACAAACTGGCACTAGAAATTGTAGACGGCACGATCAACGAAAATGATAAAGTGAGGATTTCCTTAGATAAAAATAAAAAAGAGGAGCTCCTGATTAAAGTCGCTTAAACTCCTGAAAAAATAAGTTAAAAATAAGTTAAAAAGAGGTCCAACCCGGATCTCTTTTTAAAAAATGGGGTCTTAAATATTTTTATGTTATAATAAAGCCAATCAATAAAATGAATAAATAATTGTAAATATGTCAAATCGTTTTTTTAGCTTTTTCTTGCTCTTAGCTTTAGCGACCCTCGCCTTACCGGCTCAGGCCAACTTACTAACAACTAATTTTGTCACCACCAGTGCCCCCACCGAAAATGGTTTTAACCCCGCCCGAATCCTGGAAGATGCGGATATGTTAGATGTTAAAAGCATGAGCCTGGCAGAAATTCAAGCTTTTTTGGAAAGTAAAAATAGCTTCTTGGCGACTTTTAGAACCACGAATGCTTACGGCACCCCTAATAAATCGGTGGCGGAAATTATTTATGATGCTGCCAACAACAACTATGACTGCGATGGGGTTTCTTTAAGCGAATCACCGACCGAAGCTGAACGCCAAAGCAAGTGTCGGCCGATTACCACCATCAGCCCGAAAGTTATTTTGGCCACCATTCAAAAAGAATCTAGTTTAATTGAAACCACTTCTTATCACACTCGCGCTGACGGTTGGGCCCTAGGTTATGGTTGCCCCGATGGCGGCTCCTGTAATCCTTATTACAAAGGCTTAGGCAAACAAGTTAATAGTGCGGCACTCCAGTTTTTAGCTTATATGCAAACACCGCAACGCTATCCTTTTCAAGCCGGTCAGACTTATTCTTTTACCAATCCTTACGGCACCATTTCTCAGGAGCCAATGACCGTGACTGTAGAAACTCAAGCCACCGCTTCACTCTACAATTACACCCCCCATGTTTATAATGGTAACTATAATTTTTACCGCTTATTTAAAGAGTACTTCCCGCCTGGCATCCGCAATTACCCGAACGGCTCCCTTCTCCAAATCAGCGGTGAACCCGGCGTCTGGTTAATTCAAAGTGGCGTTAAGCGACCTTTTACTAATTACGCCGCCTTAACCTCACGCTTTGATCCGAAAAAAATTATTATTGTTAGTCCATCGGCGCTCACCCCTTACACGAAAGGGGAGCCAATTCGCTTCGCTAACTACTCTTTAGTGCAAGTGGAAACTGGTGGTATTTATCTTCTAGCGGATAACGAAAAACGGCCGATTGATTCCATGGATACTTTTAAAGCGATTGGTTTTAACCGAGAAGAAATTATTGCCGCCACCGAAGCGGATTTAGCCGCTTACGCTTTAGGAAAAACAATTACACCCGCTTCGGCTTATCCGACTGGGCGCCTCGTTCAAAATCCAGTTAACGGCGGGGTCTTCTTTGTGGAGAGTGGAACAAAATATCCGGTTCCGGATCGCGTTTTCTTAGATACTAAATTTAAAGGACGCACTATTACTCGGGGCACGGTCGCCGAATTAGAAAAATATACGACCGGACCGGCCGTGACCTTTGACAACGGCGAACTGATAAAATCGGATTCCGTCAGCACCGTTTATTTGGTCTCGGAAGGACAAAAACGCCCCTTCTTAAGCGGCGACACCTTTGAAACTCTGGGCTATAAATGGAGTAATATCATCACGGTTTCCCCTCAACACTTAGCTTCTTATCCCCCCGGCGAGCCGGTGCTAATTGGGACCACCCCCACTAATTAATATGCCTTTAACTAAAGCTTTTTTAGTTCCCCATTCGCCAATTCTAATTCCGGAAATTGGCAAAAGTAATCGCCCTTTATTGCGGCCAACTATTGAAGCTTACGAAACCTTAAAGGCTCGACTTAAGGAGGCCGAGGTAGAAACTTTGATTATTATCTCTCCCCACGGATCGGCTCAAGAAAATTATTTTAGCGCCAACGCCTTCCCGACTCCGAGTGGCGACTTAAAAAAATTTGGTTTATTGGCACCGCAGAAAAAATTTAATACCGATTTACTCTTACTTGATAAGATTCGCCAAGCGACCACCGCGCCCTTACAATTACTGAGCGCTGAGTTTTTAGATTATGCGACCACCATCCCCTTAAAACTGCTCACGGATGACAAGCCTCTAAAAATAATTGGCTTACAAATTGCTGAAGATTTA
AP029158.1_gap26	661093	665591	4498	AAGTTGAACCTTATCTACTGCCACCGTCTCTAAACGCCGTTATCGGGCAACGTTTAGTGCGCCGTCTTTGCCCGCACTGCCGCAAGCCTCACAAGTTGAGTAACCTCGAAAAAGAACAAATTAATAAAATTATTGGGGTCATTTCCCCCAAGTCAGGGGTGAGTGTTCCCGACCAGTTACCTCAACTCTGGAAAGTAGGCGAGGGGTGCCCGGAATGCAGTTACACCGGCTATCATGGCCGAATTGGAATTTACGAACTATTTACGATGGATGAAAAAATAAAACAGCTCACCATTGATCGGGCCCCGTCTTTTAAAATTCTCCAACAAGCCATTGAGAACGGAATGATTACCATGCTTCAAGATGGTATTTTAAAGTGCTTTGAAGGTATTACTTCAATTGAAGAGGTTTACCGTGTGGTCGGTGACTTTGATTATATCAACGAAATTTACGATATCGTTATTTCTCAAACTATTGGTCGCGGTCTAATCATCAAGGAGACGGACCTAGCCCAAGCGAGAGAAACCACAATTGATATTAAAGCCCTTTCAGAACAGGTTAAAGTAATCTCACCCCGAGAAATTGTTAATTTAATTATGTCGCTAGCGATAGTTAAAGACGCGGGCGATGTTCATATTGAGCCCACTGACAATTTAGTTAAAGTTCGCTTCCGAATTGACGGGGTCTTACACGACATCACTAACCTCCCGAAAACTTCCTATTTACCGGTTCTAGCGGAAATGAAAATTTTAGCCGGTTTTGAAACTAACGTGAAGCGCGCCACTCTTGATGGTCGCTTTAGCTTACACCTACCGCAACGAAAAATGGATTGTCGTATTTCGATTATCGCGGGCGGCTATGGAGAAACCATTGTAATTCGTTTATTATCGGCGGCGGCAGTGAGTCTGGATTTAGAGGAACTGGGCGTTAGCGGCCCTTCTTTTGATTGTTTGACTAAGGCGATGTCGAAGACTAAGGGTATTATTATTACGACCGGACCAACTGGCTCTGGTAAAACCACGACCCTCTACGCCATTTTGAATAAGTTAAACCGACCTGATATTAAAATTATCACCGTTGAGGATCCGATTGAGTATCAACTACCAGGAACTATTCAAACCCAGATTGATACCGAACGGGGCTACACTTTTGCCTCGGCTATGCGTTCCTTGTTGCGTCAAAATCCAAACATCATGATGATTGGTGAAATTCGCGATGCGGAAACAGCCAAAATTGCCATTGAAGCGGCCTCCACTGGCCACTTAGTGCTCTCGACGATTCATGCTAATTCGGCGGCCGGAGCGATTTCTCGCTTCTCTGGTTTAGGTGTCGAGCGTCAAGCCCTGGCTAACGCCTTAGAATTTTCTATTGGCCAACGGTTAGTTCGACGGCTTTGTAAGCATTGCCGCCAACCCGCACACATCGATGAGGAAACACTTAGCCGCGTGCGCAGTATTTTATTACAAGTTAAAAACCCGCGAATTAAAATCCCTCAAGATTTAATATTTTATACCGCTCCCGGCTGCGAGCACTGCAACCATATTGGCTATAAAGGAAGAGTAGGAATCTATGAGACTATTACCACCACCCCCACCATTATGAAGCTGATTCAGGATAACCTCATTACTGATTATGAGATTGAGCAAGCAGCGATTGCCGAAGGAATGGTGCCGATTGTAGTTGATGGTATCTTAAAAGCCTTAGCTGGAGAAACCAGTTTAGACGAAATTTTCAGAGTAATTTAATTTATGCTTAATAAGAAATTTTTTGCTGATTTAATTGCTAACTACCGGGAGCAATCCCAATCACGACGAGAAATTATCGCCGCCACTGCCCCGATTTTGTTTGCGGCTAAAACAGCCATCTTCTCCCTACACCGAGGCGAAGAAGAAAAGGCGCGCCAAAATTTAGAGACAGCCACTGCTGCTTTAAAAACTTTACAAACCGACTATCCGCTGGAGCGATTAGAAGAAGAAGGTGCTTACCGAGCGGCGGTTGAAGAATTTGCCGAAGCTTCGTTCTTGGAACAAGCAGTTTTAAAAAATACTTTAAGTGCTAACTCTGAGGTTACCTTAAACTACGAGGCTTACTTGGGTGGCTTATGCGATTTAGTTGGCGAGTTAGTCCGTCTAGCAACTAACCGAGCCGCGGCGGGACAACTTGAGGCGCCGGCCGAATTAAAAGTTTTGGCTGATGAGGTTTTGGCGGCATTAGCGCCGGCAAATTTTACCAGCTACCTGCGAACAAAATACGATCAAGCCAATAGCCACCTGCGCAAACTTGAACAGATGGCTTACGAAATTCGTTTACGTCAAAACGCATGAGCTTAGTGGCGATTTTTTCCGACCTGCATGACAACCTAAATAACTTAGATTTATTTTTAACTAAGGCCCGCGCCCAAAAAGTCGCGGCCCTTATTTTTACCGGCGACTTAACGAGCGCCGAAACCTTGAATTATCTTGCCTCGCAGTGGGACAAGCCGCTTTATTTAGTTGGCGGCAATGCCGACCTCTTTCGAAGCACTGATACTAAAAAGCGCCCCCACCTTATTTATGACGAGAATTATTTAGATTTTACTTACGAGAATTTTGACTTCTTAATTGCCCACAAGCCGACTGATTTAAAAAAAATTCTCGCTACTAACACTGTTTACGATTTCGCTTTTTACGGTCACACCCACCGCCCTTGGATAAAAAATGAAGGCGGCGTAATTATCGCCAACCCCGGTAATTTAAAAGATGGGTTCGGCCAAGCCACCTACGCTCTTTTAGATACGAGGAGTGGCTACTTAAAATTAAAAAGACTAAGTGATTAAGAAAAACGGCTCCAGCAAGGAGCCGTTTTTTTATTTCAATTTTCTTAGATATTGGCCGGTATAACTTTCTTTTACTTTAGCTACCTGAGCGGGCGTCCCAGCGGCGACTACGTGTCCCCCCATCTTTCCGCCCTCAGGCCCAAGATCAATCAGCCAGTCGCAAGTTTTAATTAAATCTAGATTGTGTTCAATAACCAAAACCGTATTCCCTTGCTCAACTAAAAGATTAAGAACTTTTAAGAGGCGATCGATATCGGCAAAATGAAGGCCGGTGGTGGGCTCGTCTAAAATATAAAGAGTTCGACCGGTTGAACGTCTGGCTAGCTCTGTTGCGAGCTTAATTCGTTGGGCTTCACCACCAGAAAAGGTCGTCGCGGCTTGACCTAGTTTTATATAACCCAAACCAACCTGATCTAAGATTTCTAACTTATGATGCAGCGCGCTTTGGTCGCGAAAAAAAGAAAGGGCTTCTTTAACTGTTAAATTAAGAACTTCAAAAATATTTTTTCCCTGATACTTAACGGCGAGAACTTTAGGTTTAAAGCGTTGCCCCCCACAAGCTTCGCAATTCAAATAAACATCCGCCAAAAATTGCATCTCCACTTTTATCACCCCGTCGCCGCGACAAGCTTCACAGCGACCACCGGGAACATTAAAGGAAAAATCTCCCGCCGTTAAGCCGCGGGTTTTTGATTCCGATAAATTTGCATAGAGATCACGAACATAGCTAAAAATACCCGTATAGGTGGCGGGGTTAGACCGAGGCGTCCGCCCAATTGGAGACTGATCAATAGCAATCACTTTATCAATATTTTCCAGGCCGATGATTTTCTTATGTTTGCCCGGGATAGCTTTGGCTCGATAAAAATGACGATTTAAAGTCTTGGCTAAAATATCATTCATTAGGGTAGATTTTCCCGAACCTGAGACTCCAGTAATCGCCACCAACTTACCCAGCGGTAAACGCACATCAATATTTTTTAAATTATGTTCGCTGGCGCCAATAATTTCTAAGAATTTACCCATCCCTAAATGATCGCGACCACGCGGTTGAATTTTTTTACGACCGGCTAAATAATCACCGGTTAAAGACTGCGGACAGTCAACAATCTCGCTAGGGGGACCGGCATAAATAATCTCGCCGCCATAATCACCCGCCCCGGGACCAATATCAATTAAGTAGTCCGCCGACCGTATCATTTGCGCATCATGCTCAACGACAATTACGGTATTACCGTTATCCCGCAAACTCTTTAAAATTTCAATCAGTTTCTGGTTATCCCTTTCGTGCAAACCAATTGAGGGCTCGTCTAAAATATAGATGACACCACTTAGGCCCGCTCCAGCTTGAGTGGCCAGGCGTAAACGTTGCGCTTCGCCACCAGAAAGACTGGCCGCCCCGCGCGATAAACTTAAATAGCCCAAGCCAACGTGTTGTAAAAATGTTACCTTTTTTAAGACCTCATTTAAGATTGGCTGAGTGACAGCGGTTAGGCCGGTTTTCGCCGCTAACCATTTATTAAGTACCTCAGAAAAAGAATCAAGATCTAAATCGGCTAAAGCAGCTAAATTATAATTATGGAATTTTACGGCCAAGGCCTCAAGATTTAAACGCGCGCCCTCGCAACTGCGGCACGTAAAAGATAACATCGCTTTTTCAAGCTCCTGTTTAACAAAGTTTGA
AP029158.1_gap27	672824	674405	1581	CCAACTCCATTGAAGAGAGGGTGGGGTTATTTCCTAAAATGAAAAAATAAGTCATATCCTGCTAGCTTACCGCAAGCTTTTAACTATTGCAATTATTTAGTATCCATGTTAGATTAAGCGGGTAAATAAAAATGAATAGTAATATCTTTTCCATGGTTCCTTTATAGGAGTCGGCTTTCCGGCATTAGCGACAGGAAGGCCAAAGGTGTTCTAGGAAACCTCTCGGCTTTTTTAGGATACCGGGAGGATTTTTTTAACCGAGCACCCCTTCATCAAAAAGGCGCTCCTAAACAAATTATGTCAAAAACTAAAGCGTCGGGTTTAACCCGTTACGAAATCATGTTCATTGTTCCTAATAAGTACACTGAAGTGGAAGCAAAAACCATTATTGGTCAGGTGGAAAAAATGATTATGGATAATGATGGCCAAATTGTCTCCGGTGAATATTGGGGCAAGAAAAAAATGGCTTACGAGATCAAACACAATTCTTATGGTTACTATCAGCTCTACCAGTTTGATTTCCCTAATGCTAACTTAAGCAAGTTAAACAATGACTTGCGTCTCTCCACCGAAATTTTACGCCACCAAATTTTAAAGATTAAAATAAAAAGTGAAGAGCAGTTAGCTAAGGAGCAAGCGGCTCGCGATCGTTTAACTGCTAAAGAGGAAGAAGCAAAAGTCGCCGCCGCTAAATCCGCAAAAAAAACTACTCCTCACAAAAAGAAAGATGAGGACAAGGCGGAGCTGAAAGATTTAGACAAAAAACTAGACGGTATTATTGAAGACGCCAAAGGTTTAGTGTAAAGACTGTAAATAATATTAATTAAAGCGACCCCCTGCTCGCTTACTAAAAATATGACTTTAAACAAAGTAATGATCATCGGTAATCTCACCCGCGATCCAGAATTACGCAACACCGCCTCTGGCGCAAATGTGGCTTCTTTTTCGGTGGCGACCAGCTTAATCTGGAACGATGCTAATGGTCAAAAACAACAAAAAACCGAGTTTCATAATGTCGTGGCCTGGCGCCGTTTGGCCGAAATTTGCGGACAATACCTGCGCAAAGGCTCTAAGGTTTTTATTGAGGGGCGACTACAAACTACTGACTGGACTGGTCAAGATGGAGTAAAGCGCTATCGCACCGAAATTGTTGCCGAAAATCTAATCATGTTAGATTCAAAAAATTCTAACCGCGGCGATTCAGTTGGCGACAATAATCTACGTGAAGAATTAAAAGAAATCCAAGTTGAAGAGGAGCCCGAAGAAGAAATTCGCGTGGAAAACATCCCCTTCTAAAATTAAAAAAATATAATTGTTAATTATGACTACTAAAAAAAGTAAGGAGTGCTATTTTTGCGCCAATGATATTGAGGTTGATTACAAAGATACCCGGTCATTACGCAAATTTGTAAACTTTTATGTTAAAATTCTACCGGGAAAACGCACCGGTGTTTGTGCTTGGCACCAACGCAAGCTAGCGGAAGCTGTTAAGCGCGCCCGCACGATGGCTTTGATGAGCCATACTCATCGTTAATTATTAGCCTATGTTAAGTATCAGCGAAATCAAGCCGGGACGAGTGA
AP029158.1_gap28	675830	677612	1782	TGTCTTAACTAAAGTTTTACTAAAGGATTTATCGGGCCAAATTCGCCGCCAGCAATGGAGCGAAACGATGTTAATGTTAAAAGACGGCCGCTTAATTACTGGCGCCGGATTAAGTGCTTATCAGGAGGCGATTACCCCTTATCACCAAGATGGGATTTGGATTAAAACTGATGACCCCAATTGGCTACATGATATAATGTTCACTCCCGGCTTTCGAGAAAAAATGTGGCAGCCGACAGAAATTTATTTATACCCGCATAATATCGTTTTAAACTTTTGGAGTGAGCTTGGTATTTTTGGCGCCCTAATATTTCTTTGGATAATTGCCAAAGCCTTGGTAATGACGCTAAGATTGTCCCGGAAAAAAGATGATTCAGAACGCTACCTGGCCCTAGGGATTTTTGGAGCGCTGGTAACTTTAACTGTTCATGGCTTAGTTGATGTCCCCTATTTTAAAAATGATCTCGCTGTCCTTTTTTGGATTTATTTAGCCCTAATTGGCGGCCTAACCTTAAAATCAAATGGAAAAAATCTTACAAAAAATAATCGCTGAATCCGGTTTTTGTTCCCGCCGCCAAGCGGAAGCCGCCATAAAGCGTGGTGAAGTAAAAGTTAATGGCATCTTAGCTAAGCCCGGAGATCTAGCTTCGGCGACCGATAAAATTACCGTTCGCGGAAAAAGAATCGGTGCCCCCCAAGAAAAAGTTTATCTGAAACTTAATAAGCCTAAAGGTTATATCTGTACTAACCGTACTTTTGTTAACGAAAAAAATATTTTTTCACTCATTCCCGATAACATTAAAGGTTTATTTACAGTGGGACGTTTAGATAAAAACAGTCAAGGTTTAATTATCTTAACGAATGATGGTGATTTAACCTTAAAGTTGACCCATCCGCGCTCCGGGCATACTAAGGTTTATGAGGTAAAAACTCGACCAAACCTCGAAGAAAAAATTATTAAAAGAATTCAAAATAATTTTATTAGCGGCATCCCCTTTGAAGAAGAGGAAGGCATTGCTAAAGCTAAAAAAGTTACTTATTTAGGTGACGGCGCTTTTGAAGTGGTCTTAGCCGAAGGAAAAAAACGCCAGATTAGAAGAATGTTTGAAGCTTGTGGTGTAAAAGTTTCCAACCTTAAAAGAACAACTTTTGCCGGTTTAAAATTAGGCGGTTTAGCGGAAGGGCAATGGGGGTATTTAAGTAAAAGTGAGATTGCCAAACTGCGCGGCTTATAATAAGATAAGGGCGCTTAGGGAGGAGTCGCATAGCCCGGTTGATTGCGCCGCATTCGAAACGCGGTATACCCGTCAAAAGGTATCAAGGGTTCGAATCCCTTCTCCTCCGCATATAAAAATACAACCCTTTAGGGTTGTATTTTTATATGATGATAATAAGGGTGAGAACCTTTAGGTTCGACTGCCGAGGATAGCGAGCGAAATGAAAACTCGGTTTTCATTTTCGAGCGACACAGGCAGAAAAGGGCGGCTTGACCGCCCTGCTATCCCTGCCTCTCCGCAATTGACAAGGGTATGCCAAAATGGTATACCTTTTTGTTAAATGGATCCTTAAAAAAAATATTAAAAATGAGAAAAGTGATAAACATCATTGCAATTAAAGATAAAAAATTCTTTTAGTAAGAAAAAGGGAGGCTTGGATTTTGCCTGGCGGCAAACCTAATTTAGGTGAAAGCGACGCAGAATGCCCCCTTAGAGAATTGTCTGAAGAATTGCCAAAATTATCAGTTATTGGAGATTTCAAACTTTATAAAAGTTTTACCGGTCA
AP029158.1_gap29	716794	717294	500	CCCATCCTTGGTCTCCATTCTACTCATAAAACCATGTTTGGTGCTGGCTCTTTTTTTGTTCGGTTGATAGGTTCTTTTCGGCATAAAAAATGTGTGTTTCTACATTTAAAGTCTAATTCACTCTATCATTTTTATTTTAAATGGTCAATAACTTTTTTCTGTCTTTTTTTTAACAATTATTAACAATTTACCCACATCTTGTAAACATTTTTCGCTTGTTAAAAAGTTTTTTATTAAATATAATGGAATCATATTCTTACTCATCCTCTTATGTCATACGAACAGATTTGGCAAGCTGTCTTAGGCGAAGTTGAAGTTGGCTTATCTCGAGCCAATTTTATTACTTGGTTTAAAAATACCTTTATTCATTCTCTTGAAGGCGATCATGTTGTTGTTGGCGTTCCTAATGCTTTTATTAAGAAGTGGTTAGAGGAAAAATATCATCGCAGTATTGTAGCGGCTTTAGAAAATGTTCTAAAAGAAAAGGTAGAAGTTTCTTA
