gap_id	start	end	length	sequence
CP003130.1_gap1	6638	11633	4995	CGGGATGAGGACCTTCTCCGCTCGCCGGCTTCGTGCGGCGGCATAGCCGTAGACGAAGGTGAAGAGGGTTGAGAATCCCAGCGCGATGAACATTCGTAGCGTAGAGCGAGCGGCGTAATTCGGAAGATTGCGCGGGTCCAGACTGATCGTTGGAATGACATCCGGCGGACTGAACTTGACGAGCGATTCAGCGCCTACTCGCGCGGCGACATACAGCAACACGAGTGTTCCGAGGCCAACGGCGATATCGGCGGCAGCGAAGGATGGTTGCGACTCTGATTCGGTCCGAAGGCCAAGGCCGAACTGCGGTATACGGGAAAACTTCACGGCCCTGTTGACCTTCCTCTCCAAATTTGCTCGGTGCGTCGGAAAAGGATACCAAAGCCATGTTGCGTTACCGCAAAACGGGTCTCACGCGAAAGAAGTGATACAAACTCTAGCCCCGCAGGGGCGGCCCCATCAAAGCCCAGGGTGAAACCCTGGGTTACAGAATCTCTATGAGGGATATAGCCCTGAAGGGGCGATCTATCGCGGGTGACTCGATAGGTCGCCCCTTCAGGGCTCAGCATCCTCTTAGCACCTTAACCCAGGGTTTCACCCTGGGCTTTGATGGAGCCGCCCCTGCGGGGCTAGAGTTTGTGCCGCTTCCTACTCTCTTTATCTCACTTGAAAATTGCTATTGCATCTCTACGGCACGCTAGTAAAGTCACGTGCTCTGAGCGGAGCACCTCACGCGAGGCGCTCCGCTCAGGATGACGATTTTGTGGGGGATGAAAGCAAGTGGCTAAAGAATATTGACGGCCCGCGCAGCCAGGAGAGCTACCGTCGTGAAGGAGATGAGCGCCTGGATCATCACCATGACCTTTGCCCAGGGTGACAGAACGGGAGTATCGGTGGGCGAAAAAGCCGTGCTGGTATTGAACGCCAGAAACAGGTAATCGATAAAACCGGGGCTCCAGCATTGCTCCCCCATGACTCGTTTCGACTTTTGATCGAGGGTCATCTGCGGAAACAGAAAGGCTCCATCGGTATGAACTCCGCGCAGTTCGCGTGCACGAGGCCCTCCCGCATCCAGACGCCAGTACCACGATGCGAAGACGAGAATGTTCGTGATCCATAGGGCAGCAGCGGAGATCAAAAGCTCTTTCGGCGTCTCCTTATGCGAGGGAAGGGCCAGCAGAAGAAGTCCCAGGGACCAAACCATGTCCACGGTCACGATGGAGACCATCAGATACCCCAGGACCTGGTTGAGACGGTTATCTCCATGAAGTCGTGCCAATACCGTGGGAATTGCAAGTACTGCCACGACAGGAATCAGTAGCCAGGCCGGCCCGATGGATAGAGACTCCGGCAGGGCCAGACGCAGGCCTCCGACAGCAAGAAGAGCTAGAATTGCGGGCCAGCGTGGCTCCAGATGGATAGAACGCGTTGTCATCAGGGTGTCTTCATCGATAGAACGTTTAAACCGGCCGGGACTGATCCTTCATCCCGGCACATGGGGAGAACTGAGTTCATCTTATTTGAGACAGGTGGGATTGAGACCGCGAAGCACATCGCTAAAAAAAGCCCTGTTCACGACGTTTTATCGTCATGAACAGGGCACCTAACTTGTAGGGAGCAGTTAGGAAACAGCGTTCTTCGCTATTACCTGCTTATAGAACTCCGCGCTTAACTTAGGCGTCCGCTGCTGCGTGGCGAAATCGACATAGATGATGCCGAAGCGCTTCTCGTATCCATCGGCCCACTCGTAGTTATCCAGCAGGCTCCAGAGGAAGTAGCCTTTGACCGGCACGCCCTCCGAGACTCCGCGCTGAAGCTGGGTGAGGTAGTTACGCAGGAACATGACGCGGTCCGTGTCGTAGACCTTGCCCTCAGGTGTGAGGTGGTCGCTCGACGAGGCGCCGTTCTCGGTGATGTACATCTCCTTCACCTTCCAGACCTCGTGGACCAGCTTCGGTCCCCAGTAGATGCCCTCAGGGCCGACGTTGAGCCAGGGGCTGAACATGTGGGGATAAGAGCTGGGAGGAGGCACGACGGCGTAGCCCTTCTCTGAGCTGTCCGCACGAACATACATGGGCTGATAGATGTTGATGCCCACGAAATCCAGCGGGCTGCGAATGATCTCCATCTCTTCCGCGGTGAACTTGGGAGCGTTTCCTCCAAGGCGCTTGAGGTAAAGGTCCGTGTAGCGTCCCTCCTGTACCACGGTGAGGAACGAAGCATTCTCTTCGCGCAGGGCCTTGTGTGCGGCTTCGATGTGTTCCGGCGATTCGACGACCGGCGTCGTCGCGGAGATATTCTCGGCGAGGCCGACCTTGGTGCCGGGCTTGACCGTCGCGCGAATCGCTCGCACGGCCAGGCCATGGCCCAGCACGACGTGGTGGTTCAACTGCGCGAGACGCTTGTCGTCGAGCTTGAGACCGGGCGCGTGCCTGCCTTCCCTGTTGCCTACGTCGACGAAGGTGCGCATCTCGTTCATGGTCATGAAGTGGTGGACATTATCCGAGAGCTTGCCTGCGGTGTAGCCGGCGTAGTCGGCAAAGGCCTTGGAGGTGTCATGGTTCTCCCAGCCGCCTTTGTCTTGCAGCGTCTGGGGGAGGTCCCAGTGATAGAGCGTGCAGAAGGGCTGAATTCCGGCTTCGAGAAGAGCGTCGGCCAGGTGATGGTAGAAGTCCAACCCCTGCGGATTAGGGGAGCCGGTGCCGGTGGGGAAGATGCGCGACCAGGAGACCGAGAAGCGGAAGGTCTTAAGCCCCAGACCCTTCATGATCTGGATATCTTCCTTGTAGCGGTGGAAAAAATCGTCGGCGACATCGCCGGTATCTCCGTTGTGGGTCTTGCCCGGAGTGTGCGAAAAGGTGTCCCAGATGGAGGGCCCGCGGCCAGCTTCGTGGACTGCGCCTTCTACCTGGTAGGAGGCGGTTGCCGAACCCCAGAGAAAGTCGCTGGGAAAGGTTCGGGTCGTCCCGGCGGAGTGCGTTGAGGGGGCTGGGGCGCCTTCGGTTGCGAATCCAACACGAGGTAAGGAGAGGGCTGCGGCGGAACCGCCCAGGATGCGGGCAAGGGTGCGGCGAGAGATGTTATTGAACACAGAAGCTCCAGGCTGCAAAATTCTTTAGTCAGTCAATCACAGCAATCAAGTGAAAAGCCAACGAGCCGCCGATCCGTGAAGGCTATCGGCGGCTCGCCGTGTTTCCAGTCAGTATTCGTCAGCTTAGAACTGTAGTTTCAAAGCGAACTGATACTGCCGGGGGGTGTAGTTCGGATCGGTTTGCGTAACGGTACCGAAGGCCGCATTGCCAAAGGCCTGGTTAGAACTGTTGTTATTCGCGATAAAGAAGTTCGGCGTGTTGGAGATGTTGAAGGTTTCGACACGGAACTGCACGTTCACAGCTCCCTTGATCGGAAAGTTTTTGAAGAGTGAGAGGTCTACGTGGCGGAAGTCGGGACCAAACAGCGAGTTGCGCTGCGTGCTTCCAACGGTTCCGAGGGCTTGAGGAGCGAAGGCTGTCGTGTCGAAGAACTGCGTCAGGGTCTTGTGGCTCAGACGGGCATCCTTGATCTGGTTGGGACGATCCGCTCCACCGCTGTTTTGCGGGACAGCGCGGTTGTTGAAGCCGTGCGGTACGCAGTGGTTTTGGAGGTCGCAGTCCGGAGGATTGTCGAGGCCGCTGCCGGATTCGGTGATCGAGAAGACCTTTCCGCTCTGCCATGCCGTGATGATATTGGTCTGCCAGCCGGAGACAAGGGCCTTCTTGATGCCGGTGAATTCCTTTCCGTACTGCAGTTCATAGTTGAGCGAGAGGGCGAAGCGGTTTTGGATATCGGTATCCGATTTGCCGTACTCGATCTGGCGAATGCGGGTCGGGTCAGCATGAGCCCAACCCTGGTCGCCTTGCTGGGAGAAGCTGCTGATGTCGGCCAGAGCCTTGGCCCAGGTGTAGTTTGCATCGAAGGCCAGTCCGTGGGTAAAGCGGCGCTGGAAGGAGGTCTGCAGGCCGTTGTAGTTTGAGACACCCTCGCTTTGGATAAAGCTCACACCGCCCAGATTGGGAAGCGTAGCATTCAGCGGACGATTTGCCCCGGCTGGATTGGTGAGGGGGTTGAAGGGCTTGGGCTGGTTGATGTTGTCGATCGACTCCGGCAGGTGCTGGCCGATGTTGCCGACATAGCCGATGGTGAAGACATTGGCGCCAACCTGCTGCTCAACCTGCAGATTGAACTGCTGGATGAGAGCCGATTTGAAGTTGGGGGCTTCGGCTACGAACCCGAGACCGGGAATCGTGGACAGGTTCGCGATCTGGGCTGCTGAGGGAGGTGCGGGAGACGGCAAACCCTCATTGATGGTTCCAGGCGCGTTTTGAAGTGCGCAATCGTCGTTTTGACCGGCAAATTGATTCTGGGCCTTTTCGATCTGGACGGCGAGGGTGGACTGGCAGGAGGGGCTGAAGACGGAGGTGAACGGGGCGTTCTTCAGATCGGCGTTCGAGGTGTAGTTGCCGGGGAAGAAGCTGAGACCGTAGCCTCCGCGAAGGACGAGTGAAGGCGTCATGGAATAAGCGAAGCCGAGGCGAGGAGCAACGTTGGAGTGATCGGTCGGAATATTTACCTGGGAGTTGACGCCATTGACACCGGCGATCTTCAAGGCACTGGATACGTTTCCGGCGCTCAGGGTGAGCGCCTCCGGGAAGTCGAAGTTCGAGATATGGTTATGCGCTTCGGTAAAGGGAGTAAAGACGTCGTAGCGAATGCCAAGGAGCAGCGTCAGCTTCGGGCTCACCTTCCAGCTATCCTGCGCGAAGCCGCTTGGCTCGTAGCTGCGGTAGTCGGGAGGGTTCAGGTTGAAGTTGCGGGTCTGGCTGTTGAAGGCGCCGACCAGGGTTGAAGCTAGCTGGTAGCCCTGCTGCGTCCTCTGGTCAGAGTTGGTGTCGCTGGGCAGATTGAACTGGTAAAAGCCGGCGGCAGAGGCACTCTGCACGTTACGGGCCTGTCTGC
CP003130.1_gap2	70877	72756	1879	ACGGCAAATACAAGCCACCGCGTAAACTAGACATCTCATGTCCACCGAAATAAACCCCGCTCCCGTCACGACCATCGCCACCCTCGGCCAGCACGAAGGCCAGACCATCACGCTCCGCGGCTGGCTCTACAACCTGCGCTCCTCGGGCAAGCTGCTCTTCCCGACCTTCCGCGACGGCTCCGGCACCATCCAGGGCATCGTCCCCAAGGCGGCGGTGGCGGAAGAGGTCTTCGAGACCCTCAAGAACCTCACGCTGGAGTCGAGTGTCGTCGTCACCGGCAAGGTCCGCGCCGATAGCCGCGCGCCCAGCGGCTTCGAACTCGACGTCGAGAATGTCACCGTGACGCAGCGCATCGCCGACGAGACACCCTACCCTATCTCGCTCAAGGAGCACGGCGTCGACTTCCTCATGGAGCACCGCCACCTCTGGCTGCGCACCCCGCGCCAGTCGGCGATCCTGCGCGTGCGCGCGACGATCATGCGGGCGGCGGCGGAGTACTTCGACACCAACGGCTTCATCCGCACCGATCCACCGATTCTCACGCCCAATGCCTGCGAAGGAACCAGCGAGCTGTTCGAGATGGACTACTTCGACGACGACAAGGCCTACCTCACGCAGAGCGGCCAGCTCTATATCGAAGCCACGGCGCTCGCGCTGGGCAAGGTCTACTCCTTCGGCCCGACCTTCCGCGCGGAGAAGTCCAAGACCCGCCGCCACCTCACGGAGTTCTGGATGATCGAACCCGAGGTCACCTACCTCGACCTCGACGGCCTGATGGGCCTGGCCGAGGGCTTCCTGACGCACATCGTCACGCGCGTGCTCGAAACCCATCGCGCCGACCTGAAGGTGATCGGCAAAGAGGTCTCCAAGCTGGAAGCCGTTGCCGCCCCGGGTGAGTTCCCGCGCCTCAGCTACGACGAAGCCCACCAGATGCTGGTCGAAGCCCACGCCAAGGGCCTGATCGAAAATGCGCACACCTACGGTGACGACTTCGGCTCGCCCGACGAGACCTATATCTCGAACCAGTTCGATAAGCCGGTGATGGTGCACCGCTACCCGGCCGAGGTAAAGGCCTTCTACATGCAGCCTGATCCCAACGACCCGACCAAGGCCCTCTGCGTGGACGTGCTCGCGCCCGAAGGCTACGGCGAGATCATCGGCGGCTCACAGCGCGTAGACAGCTACGACCTGCTCAAGTCCCGCATCGAGCAGCACAACCTGCCGCTCGCGGCCTTCCAGTGGTATCTCGACCTGCGCAAGTACGGCAGCGTTCCGCACTCGGGCTTCGGTATGGGCATTGAGCGTGCCGTTGCGTGGATCTGCGGGTTAGAGCATGTGCGTGAGACGATTCCGTTCGCAAGGACGCTGAACAGGATCTACCCATGATGAGTGACTACGCCAATCCACCCACTCCCGAAGTGCAACCATCGCATCGGGCAGTGGGCGGATGGCTGCTTTACTTCTGCATTGCGCTCACATTCCTCGGACCGTTCAAAATGGTCCAGATGTTTCAGACGTCAGAGGTCTGGTACATGATGATGATCTATGCCATTCTTGCGCTTACGAGCTTGGTGGCCGGTGTCCTGACTTGGTCCAGGTCAAACGCAGCTTTTCCGTGGCTTAGAATTCACTTGCTGGCACGCCTCTTCTATGGCTTCCTGCAGGTCTATTTCACCCTTCAATACTTCCAACATCCAAACCTCGGTCAGTCAAAAGCCATACAAGAAGCCTTCTACTCCATGATCAACATCTTGGCGTCGATTGCCATCTTCCTCTATTTCCGTATCTCTTCGCGCGTCGACGAAACCTTTGGCAGAAATATTTAGTTAGTGTTGCGGACCTGCAGGCTTATCGCGTTTTGCGACAAGCGCGCATTCA
CP003130.1_gap3	74739	78748	4009	TCAATGTGGCTCCCGGTCCTTTGAAACCCGTAGGTTTCAAAGTCGGCATCGGCTTCCGCGAAGCAGCGGTCACTGTCGGAGAACCCGATGAGGACGAGTACGACGATGACGATGATTAACACCTTCGCCGGTGGCGTAGGTAACAGCTCCTTCGGACTAAGGTGTTGCAGGTTCGAATCCTGCCACAAGCGCAAGCTCGTGTAGCTCAACTGGCAGAGCACTTGGCTATGCTGTTGCCACTTTGTTCCCCGGCGATTTTTGTAAGTGCACTTTATAAGGAGGTGCGTGATGAAACTGAACATCCTGAAGTTTGCCCATCTCGCTCGGCCCCGCACCCATGAGGGTGCGCCGGCTGTAGCCATCACCCCGGAGCTTGCGCTGCGGCGCAGCGTGCTCGCCTGCATGCTGTGGGAGAACGAGTTCTATGAGGACGGCGTCGCCATCGCGGGACGCATCCGCGAACTCGTGCCGAAGGTCGCGGCAGAAAAGGTTGCCGCGCTCGCGGTCGAGGCCCGCACGGCGATGAAGCTGCGCCATGCGCCGCTGCTGCTCGTCCGCGAGATGGCGCGCCACGCCACGCACCGCGCGTTTGTAGCGGAGACGCTGGCTCGCGTGATCCAGCGTGCCGACGAGCTCGCCGAGTTCGTCGCAATCTACTGGGCCGATGGCCGTGCACCTCTCTCGGGGCAGGTGAAGAAGGGTCTTGCAGCGGCGTTCCCGAAGTTCGACGAGTACGCGCTCGCGAAGTACGATCGCGCGGGCGTTGTTCGGCTTCGCGATGTGCTGTTCCTGTGCCACGCGAAGCCGCGAGATGCGGAGCAGGCTGCGGTCTGGAAGCGGCTGGTCGATGGTGAGCTTGCGACGCCCGATACCTGGGAGGTCGCACTCTCGGCCAGTGCGGGCGACAAGCGTGCGCACTGGGAGCGTCTGCTTGCAGAGAACAAGCTTGGCGCGCTCGCCCTGCTGCGCAACCTTCGCAACATGAAGGCTGCGGGAGTCGACGAGAAGCTGGTGGTCTCAGCTCTCGGCACGATGAAGACCGATCGCGTTCTGCCCTTCCGCTTTCTTGCTGCGGCGCGTTATGCCCCGCAGTGGGAGGAGGAGCTGGAGGCTGCGATGTTCCGCGCAGTCGCCGAGCGCGAAAAGCTTGTCGGTCACACGGTGCTGCTGGTCGACGTCTCAGGCAGCATGGTCGTGCCTCTCTCTCGCCGTTCGGAGATGCTGCGCACCGACGCGGCCTACGGTCTTGCGGTGCTGCTGCGCGAGATCGCGGAGAAGGTGAGCGTCTATACCTTCTCGGTTGGTGCTGTTCGGGTTCCGCCGCGGCGTGGCTTTGCACTGCGCGATGCGATGGAGGCGAGCCAGCCGCACGGAGGGACGAATCTCGGTGCGGCGCTGGAGGCGGTAAAGGAGAAGTACGACCGCATCCTCGTCATCACGGACGAACAGTCACACGATCGCGTACCCGCGCCGAAGGGCCGTGGCTATGTGATCAACGTAGCCAGCGCGCGCAACGGCGTAGGCTACGGAGCGTGGTCGCACATCGACGGCTGGAGCGAGGCCGTCATCGAGTACGTCCGTGAGTTGGAGCGGGCGGAATAACTAATGGAACCACAAAGCCTTGTGGTGCCTGTCTTAGGTGGGTTGCCTCACTCCTAAGATAGGCACCGGGCATGAATCACTGGCACGAATACACCAAAATATGCCATCCTTACACATCGGAGTCTTCATGCGAACCAACATCGAAATCGACGACCAACTGATGGCCGAGGCTTTGCGTTCGAGTGGTGAACCCACCAAGCGTGCCGCCGTCGAAGCGGCCTTGCGCCTGCTGATCCAAACCAAGGCGCAGGGCGGCATCCGCAAGCTTCGCGGCAAGATTCAATGGGAAGGCGATCTCGCGGAACTTCGCCGGAGCCGCGTTCGGGACTGATCATGGTTATCGTCGACACGACGGTCTGGATTGATTACCTCGCGGGCAGAACCAATGCGCAGACCGCCTGGTTGGATGCCCAGGTAGACCATCAGCGCCTTGGGCTTACGGATCTTATCCTGTGCGAGATTCTGCAGGTGATTCGCGCTGATGCCGATCTCAAAAAGGTTCGTCGCGAACTCTCGCGCTTCGAAGTCTTTTCTACGGGTGGGGAGACTCTTGCAGTAGCCTCGGCGCAGAACTATCGGGCACTGCGGCGTCGCGGTATCACCGTTCGCACGACGATCGACTGCCTCATCGCCACCTTCTGCCTCCGCGAGGGGCACTCGCTATTGCATCATGACCACGACTTCAATCCCTTCGAGAAGCATCTTGGATTGCGCGTGGTTCACCCGGTGACATAGGGCCGCACGATGACTAGTGCAGGCCCCGCGTAACCAGAAAAATAAACAAGGCTATAACGCCCCCGACCGTCCCAATCAGCCCTGTCGCGATAAAGATCGTCGCGCCGCGCTTTTTCTCAGGAGTGGGTGGGGTAATGCCTACCGTGATGATGAAGCCATCGACAATGCCCTGGATGAGACCCATCTTCGTGTACCTCAGTTAAAGAGATAACGGATCGCATCCTAAGCCATCGCTCCGATCTTGCTGCGGCTTGACGATTCTTGCGGGAACTATGATGGAGCAGGAGACAGCCAATGCCTCGGCCCGGGAAAATAGCGGACAGCAGGACGCGGCAGGACGCAGGCCCGCTTGCGTCTCCTTCTTCCGCAAAACCCGATCTCCCCTCCGCGAAACGGGTATCCGTGCTGGTCGGAACGAGGTCCGTACCGCTCCTTCCCGGCCGGCCGCTCATCGACAACTCGCGCTCGCCCTGGACCGGCCTGGTGATGGAGAAGCACCGTCTCGGTGCCGTCGCCATCCCCGTGCATGAGCACGATACCTTCTGCCTGCACCTGCAGACCAGCGGTCCGGTCGAGATGGACTGGAACTCCTCCGGGCGCAGCGGGCGGGTGCACTCGGGTGTGGGAAATCTCATCTTTCTCAGCCCCGGAACGCGCGACAGCATGCTTTGGCACGGCCCCTCGCAGCGCATCGTCACCTCCATCCAGCCGGCGCTGCTGCGGCAGGCCGCTGAGCAGATGGAGCTCAAAGGCCTGTACGACTTCGACAACCAGTGGTCGTTTCAGGACGAGCAACTGCAGCTTCTATTAACAGAAATGGATCGTGAGATGGCTGCGGGCTGGCCGATGGGTTCTCTCTACGGCGACCTGCTGGGGATGTCCCTGTCGATTGCGCTGATCCGCAAGTACGGACACACCTCGTCAGCGCTGGTTCCGCTGAAGGGCGGCCTCTCCCAGCCGCGCCTCAAGCATGTGCTTGCCTATATCGAAGAGAGCCTCGACCGCGATCTTCGTTTGCAGGATCTGGCGGAGCTGGCAGGCCTGAGCCCCTTCCACTTTGCGCGTTCCTTCCGGCAGAGCATCGGTGCGACGCCGCATCAGTACATCGTGCAGCGCAGGGTGCAGCGTGCGAAGGAACTTCTGCTGCGGCCGGAGTGGAGCATCGAACAGGTCGCCTCCGCCACGGGATTTGCAGGCGCGAGCCAGTTTTCGAGGGTCTTTCGGCAGAGCGCGGGCGTTACGCCGACGGAGTGGCGACGAAAGGTTTAGCTTTTGTTTTTCGTCGTCATCCTGAGCCGTAGGCGAAGGACCCCCGCATTGGGGTAGCCACGTATGCTCTAGGCAGGCAAAGAGCGCGACAGATGGTGCCTGCATAGGCCGTATTCGCTCTCTCCGGCATCGTGCAAAATGCGGGGGTCCTTCAGCTACGCTTCAGGATGACGACGAAAGGCAAGATTGTCGGTAGTACAAAACCTACGGCATCACCGCAGCCCGTTGCGCCAGCAGATACGCCGTACGCTCGTTCGGTGTAACACCCGCTTCTTCATCCACCTGCTTCAACGGCGAACCCTCATATCGCTGGTAGGTAAAGTGCTGGTCCGGAGCGATCGTCACATACTCGACCGACTTCGCCGCCGCCGGAATATTCCCGCCAAACCAGCGCGGATCTTCC
CP003130.1_gap4	80019	84887	4868	TAGTCAGATCAAATAGACGGCTCGATCGCAGGAATAAGATGCTTAGCTGCCGCTACTTCTCGCTGCTCGGAGGGGTAAGTCCCTTCAGGCGCATATACAGCGCGAGGGTCGCGTACTGCTCATTGTCGTGCGACGCATTGCCCCAGAGAAGTCCTACGCGCGAACGACTCGCCTTGCCCAGCGTAAACATCTCGGCCAGGTTGGTATCGGTCGCCGACGCATAGGCCTTGTCGCACTCCGCAAACGAAGCCTTCAGTGCCTCGAGGATCGTTGCCTTGTCTGCCGTCTCGGCCGGGACCTTGAAGAGGTCGGCAGCAGCGGTGTGGTTGACCGCGCCACAGCTGCGCAACTGGGCTTCGGTAACGTGGTTCACGACCCGGGCAAAGGTGCGGATGTCGGGCTCCGGCTTGAAGGGATAGGCGTCGTCCGGCATCTCGGTGGCCGATTTAAGGATGTTGGCCTTTACACCGGCATAGTAATGCTGCACCTCAGCCGCTGGCCCTGTCGGGACATTGGCCTGGCCGCTGCCTGCGGGTGCTGTTGGGGGTGTGCCTGCATGGGCCTGCGCCATCGCCGCCCCGGTTGTAACCAATCCAGCCAAAATTGCCGTCGCACAGATCACTCGAACACGCTGCATCGTCTTCACCTCGCAACCAGCCTACAACATGGTCGTGGTTTTTAATGCAAAGAGATGCCGAGCTTTCGCGGAGGCCCCGATGGCTTCGGTGGCAGTTCTTGTGAGACGCCGGGAACTAATTTCGACCACATGTTTTTTCCAGTCCCCACGGAATCGTCATCCTGAGCGAAGCGCCTCGCGTTTTTTTGCGAGGTGCGAAGTCGAAGGACCCCGAGGGACTTGATCTTACCCATAGTGTCGGAACCTTCTCCAGCACGAACGTCCGGGCCTCAAGCGCTTGAGGTAGAAAAGGGGCAAAGGGCATGGGCAGGATTACAGCCTTCGGGGTCCTTCGACTCCGCGTCCCCAAAAGCCGGGACGCTTCGCTCAGGATGACGCTTTTGTGGCGAGATTGATAATCAACTACGGTCTTACCCATTCACCAACGGCCGCACCTGCGTCCCCAGCATCTCGATCGTGCGCAGCATCTTGGCATGCGGCAGCGGACCGCCGCTCAGCATCAGGGTAATGCGCGAGACGCCGCCCAGCACCTCATCGACATACCGCATCTTCTTCGCCACCGTCTCGGGGTCGCCGATAAAGTATGCCCCCTGCTCGCTGCGCTGGGCATCATAGGCCGCCCGCGTCGTCGGAGGCCAGCCGCGCTCGCGCCCGATCCGGGTAAAGGCCATCGAGAGATACGGCCACAGGTCATCCGCCGCCTGTTCCGTAGTATCGGCGACGAAGCCGATTCCATGGATGGCAACGTCCAGCGTCTCCGGCGCATGTCCCGCCCGCAGACCGGCCTGGCGATACAGGTCGATCATCGGGCGAAACCGGTGCGGCTCGCCGCCGATGATCGCCACCGTCAGGGGCAGACCCAGTATGCCTGCGCGGACAAACGACGCTGGTGTTCCACCCACGCCGAGCCGTATCGGCAACACGTCCTGGGCAGGCCTCGGCCAAACGCCCTGGCCCGTCAGCGAGGGGCGATGCTTGCCCTCCCACTGCACGCGGGTCTCTTCACGCAGCTTCAGCAGCAGGTCGAGTTTTTCGGCGAAGAGCTCGTCATAGTGCTGCAGGTCATACCCAAACAGCGGATAGGACTCGATGAACGAGCCGCGTCCCACAACGATCTCCGCCCGCCCCGCTGAGATCAGATCGACTGTGGCGAAGTCCTGGAAGACCCGCACGGGATCGTCGGAACTGAGCACCGTCACCGCGCTGGTCAGGCGGATGTTCTTCGTCCGCGCCGCCGCAGCGGCGAGCAGAATGGCGGGTGAGGAGGCGATGTACTCCTCGCGATGGTGTTCGCCGATTCCGTAGACATCCAGCCCGACGCGGTCCGCCAGCTCGACCTCTTCCAGCAGCTCGCGAACGCGCTGCACTCCCAGCTCGCCCTCCGGGCGGTTCGTGCCGGTCACTGTCTCCACAAAGCTATCGATACCGATCTGCATCATTCCTCTTTCCGCGTCTATTTTTGGCGCACTTGCCTCGTTATCAAGTATATTGATGTCAATATATATGAAAACGATGCAAAAGCCGGAAAAGGACAGGAAGTCTGACGGAGTGCATCTGTGGCTTGTCCTGATGAAGGCCTTCCAGTCGATCTCAGCGTACGCCATGCACACGCTGCGCGACAGCGGTCTCGGCGACTCTGACTTTCGGGTGCTGGAGGCCCTGCTGCACAAGGGGCCTCTGCCGGTGAACGTCCTGGGGCCCAAGGTCTTTCTGACCCCGGGGTCTATCAGCGTCGCGGTCGACCGGCTGCACAGCCGGGGGCTGGTAACGAGGATCGAAAGCGAGTCCGATCGCCGGGTGCGCATCGTCGATCTGACGCCCAAGGGCCGCACCCTGATCCAGCAGGTATTTGCGGCGCACACCAGGGAGATCGACGCACTGATGCAGGTCCTGGACCCGGAGGACCGCAGGAAGATGACGAAAGCCCTGAAAAAAATAGGCAAACACGCGGCGGAACGCCTGCAGCCTCCCACACCGTAAGCATCCTTAAAAAGCCTTGACGCAAAGAACGCCACCGTAGCCGTGGCGAAACTTGTCGCTCTTCCTTCGCGCACTTTGCGTCAAGGCTTTTGCTTGTTCCTGCCCCGCCCATGTTCCAATAGAAGAGAAGGAAACTGAACAGAATGCCCCTGAACTGCGGAATCGTAGGTCTGCCGAACGTCGGCAAGTCCACCATCTTCAACGCGCTGACGGCCTCCAAGGCCCAGGCTGCGAACTACCCCTTTTGCACCATCGACCCCAACGTCGGCATCGTGCCCGTGCCTGACGTGCGCATGGATCGTATCGTGACGATGGTCAAGCCTAATTCCATCGTTCCCACCACGATGGAGTTCGTCGACATCGCCGGCATCGTAGAAGGAGCCAGCAAGGGTGAAGGGCTGGGCAACCAGTTTCTCAGCCACATTCGCCAGACCGATGCCATCCTTCACGTTGTTCGCTGCTTCGCCGACCCGGAAGTCATCCACGTCGCGGGCGGTGTCAACCCTCAGCACGATATGGACATCATCAATACAGAGCTCCTGCTGGCGGATCTCGACACGGTTGAAAAGCGCCTGACGAAGGCGGAGAAGGCGGCGAAGTCTCAGTCTGCTACTGCTGCGCAGAAGTCGGAGCTCTCCACCATCCAGAAGCTCCTTGTCGTTCTGAACGCCGGCAAACCCGCACGTACCGCGGAGCTGGAAGACGATGAGAAGCTGGTGGCTCGCGACCTCTTCCTCATCACCATGAAGCCGCAACTCTACGTTGCCAACGTTGATGAAGACGGTATTGCCGCGGGTAACGAGTACACAAAGATCGTCGAGCAGCGCGCCGCCGAAGAGAACTCCGAAGTCGTCCGCATCTGCGGCGCGATGGAGGCTGAGATTGCACAGCTTGAGCCAGCCGAGCGGGCTGAGTTCCTCGAAGCTGCAGGACTGGAAGAGCCGGGCCTCAACCGCCTGATTCACGCCGCCTATCGCCTGCTGGGACTCATCACCTACTTCACCTCCGGCGTACAGGAGGTCCGTGCGTGGACGATCAAGCGCGGTACCAAGGCTCCCGGCGCTGCCGGCGTGATTCACTCGGACTTCGAGCGCGGCTTCATCAAGGCCGACTGCTACGCGTCGAGCGATCTGTTTGCGTTGGGCAGCGAGCAGGCCGTGAAGGAAAAAGGTCTGCTGCGGTCGGAAGGCAAGGAATATATCGTGAAGGACGGCGACATCCTGTTCTTCAAGTTCAACGTGTAGTTTGCCTTTGTTCTTGGTTTTCTTGCTTGTCATTCCGAGCGCAGCGAGCGAACCTGCTTTCTCCCGTTTTTTGATCGTGTCACCGCAAACCATTAGGTATCGGCACAAGCCATACTTTTCGAGTTTTCGCTCCCATCTTTAGTTGGGCAGTACGACCGAAGAACGGGAGGAAGCAGGTTCGCTCGCTGCGCTCGGAATGACAAACAGAAAGGCAAAAGCAAAAGCAAGAACCAACCCCGAGTACACACCCAGGTTCACCCCCTCGCATTGCCAACCCCCACAGCCCCACTCTGTCCGACACTTGAACTGACATGGCAAAGAAAAAACTACGCGTAGGCATTCTGTTTGGGGGCAAGAGCGGCGAGCACGAGATCTCGCTACGTTCCGCTCGCTCCATTCTCAAAGCAATCGACCGCAAAAAGTACGATGTGGTCGAGTTAGGCATCACCAAAGAAGGCCGCTGGCTGCAAAGCTCCGCCGCCCAGGCGCTGCTCGGCGGGGAATCGCAGCCGAGCGAAGACCTCAGCGGCGAAACCGGTCTCACCATCGCCGCGGCTGCGGCCGAACCCGCTGCGGGCACGGGCCTCGATGTGGTCTTCCCGGTGTTGCACGGTACCTTCGGCGAAGACGGCACCATTCAGGGTCTCTTCGAGCTAGCTGACATCGCCTATGTCGGTTCGGGCGTGCTCGGTTCGTCCGCAGGCATGGATAAGGACGCGATGAAGCGCATGTTCTTCGCCGCGGGCCTGCCCATGACGCCGCACGTCACCCTACTGCGCAGCGAGTGGCGCGCCGACGCGAAGAAGTCCACGCGCCTCATCGAAAAGACGTTGCAATACCCCGTCTTCGTAAAGCCCGCGAACCTGGGCAGCTCGGTCGGTATCAGCAAGGTGAAGTCGCGCGCGGACCTCGCCGTTGCGATGGACCTCGCCGCGAGCTTCGACCGCAAAATCGTCATCGAGCAGGGAGTCGGCGGCCCCGGAGTCAAGCCGCGTGAGCTCGAAGTC
CP003130.1_gap5	94682	97063	2381	GTCACCCAGGCCAACGGCTTCCGCATCGAGAAAATTCTCTTCGAGAGCCAGCCCGGATTTCCCGTCACGGCTCTCCTCTATCTACCCGACGGCAAGCCTGCAGGAGAAAAGCTCTCCGCGGTCCTCATCGCTCCCGGTCACGGCCCGGCAGGCAAGGCGAGCGACTACTTTACCGCAGCCACCTTTGCGCGTAACGGCTTTGTCGTTCTCTCCTACGACCCAATCGGACAGGGCGAGCGCCTCCAGTATCCCGACCCCAGCAAGCCCGACGCCAGCCTCGCCTCGCGTCCCACCGGCGAACATGGCGAAGCTGGCCTGCAACCTTCGTTGATCGGCGATGCCATCTCCCGCTACTTCGTCTGGGACGCCATGCGCGGCATCGACTACCTCAGTCAGCGTCCCGAGGTTGACCCCAAACGCATCGGAGCCTTCGGCTGCTCCGGCGGCGGAGCCATGACCGCGCTTACAGGCGCACTCGACACCCGTGTGGCCGCCACTGCCGTCGCCTGCTACAACACCTCGTTCGATACGCTTCTCGCGTCCATCGGCCCGCAGGACGGCGAGCAATCCATTCCCGGCTTTATCGCCGCCGGTCTGGACTTCCCGGACTGGATCGAGCTCGTAGCTCCGCGTCCCTACGCCGCGGTCGCGACCTACTCCGACATGTTCCCCTTCGCCGGTGCACGTACAACGGTCTCGGAGGCACGCCGCTTCTACGCACTCTTCGATCCTGCAAGCGCGGGCATGCCCTCGGCCTCTGCGGCAGAGGCGGCAGCTCAGTCTCACCCCACGGCACCTGCTCTCAACATCGACACGCCCAACGCCGTGCCGCTGACAGCGCGCCTGCAGTTCATCACCGGCCCCGGCGGACATGGTGCCCTGAGCCCGATCATGGGCAACATCGTCGGCTTCTTTCTGCGCAACCTCCAGCCGGGCTCTGACGCCGATCACCCCTTGCTGCCGCCGCCCATCCCTCGCGGCGCACCCACCGGTCTGCCCAAGGATGCTCTACAAGTCACGAGCACCGGCCAGGTGGCGACGAGCTACCCGCACGCTGAAACCATCTTTACTCTCAATCTGAAACATGCGGCTCAGGCGATCCCTTCCAGCCGCCCCGTCCTCGCTGGAGAAAAGCTGGCCGTCGCCATTCGCGAAACCACCGGCGCGAAGGCCAAGCCCGGAGCCTCAAAGCAGGAGTCCGCCACACAGTCCACAAAGACCGGCGAATTCCAACTGGAGACCGCACCGAACGTAAATCTTCGTGGAACGCTGTCTGTTCCGCCGACTGCCGGACGGCATCCCGCCGTCCTGCTCTTGGCGCCGGAGTCCATCGATGCTGACAACCCCAGGGCGCAGGCGAACAAAGCGGAGTTTGAAAAGCTCACCGCCGCAGGAAACATAGTCCTGGCGGTTACGCCCTCTCCTTCACCTGCGGGAACGGATGACATGAAGTCGCCGATCCTTGGCCCCTTCTATCTGCTAAGCCTGCGTGCCGAGCTGGTAAAACACACCCTGGTAGGAATGCGTGTGGATGACGTGATCCGCCTCGTCGATGCCCTCGCGAGCCGTCCCGATGTCGATGCCAGCAGGATCACTGCGATCGGCAGCGGACATATGGGCCTCGTGCTGCTGCATGCCGCCGTTCTGGACGCACGTCTCAAGCACATCACGATCGACCACGTCCTCAGCAGCTACCACAGCCTGCTCGAAGCGCCGTTGCCCATCGGCGCGTCAGAGGACATCATCCCCGGCGTGCTGCTTCACTACGACATCCCCGACTTGGCTAAAGCTCTTGGCACCCGCCTGACGGAGACCGAACCACTCAAAGGCACCGACGATCTGAGCCAAACCTCAACGCCGCTGGAGACCCTGCGGAATCAGTAAAGCTGCAGAGTCAAACAGAAATCGGGGTTCTCGCAGAGGAAGGCAATTTGCTCCTGGGCAAGAACCCCGATTTGTTCGATAGTGTCTGATCAATCGGCACGATCTGCCTTTGTTTTTGCTGTTGCTCCTGAGTTCGCAAGCGACAAATCAATGTCCTAAAAAATTAGGTTGACAAGCGTCTTGGCTGAACCTAAACTCCTATTTGTTTAGGAGAACTCATGGTCGGTCGCAAAAAAGGTTCCACCGCCCTTACCCCTCTCGAACTGCAGATCATGCAGGTCCTTTGGGCCGAAGGACCAAGCAATGTTTTGCAGGTGCAGAAGAGCCTGTCGCCCAAGAATGATCTTGCCTACAACACGGTGCAGACCATGCTGAACGTTCTCCATCGCAAGGGGAGAGTCAAGCGCACGTTGATGGGGCGTGCCTATGTCTATCGCACGGTTGCCTCCAGGGAGGCCGTCCTCGGCCAGGCCGTCCGCGACCTCGTAGAACGCATG
CP003130.1_gap6	102654	106517	3863	CTCGGCGGGCACGGCCATGCCGGACTCCGCTGCGTGGTCCGAGTAATTGAGGCCGATGCAGAGAAACTTGCCCGGCTGCACAACGCACGAGCCAAAGCGCGGATTGCCCTCGACGACGGGCAGGCCGTTCAGGTCAAGCTGGGCAATGGCTTTGAGCGAATCGGGAGAGAGGAACTTGCCGCTCAGGTCGGGAACAACCTTGGAAAGATCGCGGATGGTTCCATCGGGTGCGAGGATGCCGGGTTTCTCCTGGCCTGCGGGGCCGTAGCGTAACAGTTTCAAGTCGTTGCTCCTTTGCAATCGGTCGAATCAAATATGGCCCAGGGGAAGCCCCTGCGACCGGCCGGGAGTTCACAGGTTCCCGGCACTTCTATATCCAGCTTCATGATATCGCCGTCACGTTCGACCTTCGGAGCGGTGCCCTCAGGTGGTCTCGTTCAGGTCGAGTTCGCGTTCCAGTCTTCGCAGTACCGAGTCGCTGATGCGTCCCTCATCGCGCAGATGGACCAGGATCTTTCTCTGTACCTTCAGCAGCTCCAGTACGACCGCTTGCTGGCGTGCAAACTGCCTCGCATTCGTCCCGGTATCGCTGTGGCCCAGTACTGCGGCAAGACGCTCCCGATGGTGTTCGGCGAGGTCGTCATAGAGCCTCGCAAACTCCGGCAGATCATTTTCGCGAGCCTCTTCGATATGCTCCAGCGCTGTTTCCAGCATCAACCGTCGCGCCTCACCCTCTTCACGATCCGGTTCGCCGGCTCCGCCCAGTCCCAGTGCCCGGACGAGTGGCGGAAGCGTCAGCCCCTGCAGCACCAGCGTCACGAGAATCACGCTGAAGGTCAGAAAGATAATCAGGTTCCGGCTGGGAAACGGCTGGCCGTTCTTCAGCGTCTCGGGAATAGAGAGCGCCGCTGCCAGCGAGACCACGCCGCGCATGCCGGTCCATCCTGTGACGAAGATCTGCTTTGCCGGAAGCATCGGCTCGTCTTGTTTCAGCAGCCGTCTGCGGATGAAATAGGCCAGGTACGCCCCAGGATAGATCCACAGGAGCCGTAGCGCGATGACCAGCGCGCTGACTGCTGCCGCATCGACCATCAGGGTTACTTTGCTATAGCTGTGCAGCCCTGCAAGGACAAACGGCAACTGCAGCCCAATCAGGACGAACACCAGTCCGTTCAGCACAAAGTCGATAGCGTTCCACAGAGCATAGGCCTGCAGTCGCACGCCCGGCGAAAAGAAGCTCGCACTCTTCCGGCTCAGGTAGAGGCCGCAGGCGACCACCGCGAGAACACCGGAGGCATGGGCCTCTTCCGCTGCGATATAGGACGCATAGGCCGTGACGACTCCGAGCGTCATTTCAATTGGCCCGTCGTCGATGTGCAGCTCAAACCAGTGCACTACCCAGCCCACGGCTACGCCGATTCCAATGCCCGCTACTACCAGATAGATCAACCGCAGCGCCCCTGCGCCGAACGACGGAGTTGTGCCACTCACCACCATGGCTACGCCGAACTCCAGCGCCAGCAGGCCGGTGGCATCGTTGACCAGGCTCTCGCCCTCCAGGATGTCTGTGATCCGCTGCGGCAGTCCTACTCGTTTTGCAATGGACGTCGCGGCGATAGCGTCCGTGGGCGCGACGATCGCGCCTAGAACAAATCCCGTGCGCCAGTACAAAAGCGAGAACAGCCTCTCCCCAGCCAGCGCCACGCCGAGCACGGTAAAGCCGATGAGGCCGAACCCCATCAGAAAGATGGTCACGATGTTGTAGCGGAAATCGCGCCACGAGGTCTCCCAGGCGGCGTGAAACAGCAGCGGCGGCAGCACGGCGAGGAAGACCATGTCCGGGTTCAGGCTGATCTTCGGCAGGCCGGGGATAAAGCTGACCAGCAGCCCGGCGATGACCAGCACGATCGGATAGGCCACCTTCAACCTGCGGGCCAGATCGCCGAAGATCACCACAAAGAGCAGCAACAGCAGAAAGACTGTCTCTATCCCTCGTATTCCTTCGTGCATCGTGACCTCCGCGACGGACTGTCCTTTTGTCTTCAACAGACAACGAAGCTGTGCGTTCCAGTATCTCCTGTTGTTGCCGTTGTTTGTTTTCGCCGTCATTTGCAACTCCACTATTGCTTATGTATTCTCATTATTATGAGTGGAACCGTGAAGACCCTCCCTACCACCGTGCTCTCCGGCTTCCTCGGCGCCGGCAAAACGACTCTGCTCAATCACGTGCTGAACAATCGCGCTGGAATGCGCGTTGCGGTAATCGTGAACGACATGAGCGAGATCAACATCGACTCGCAGCTGATCGCCCAGAGCGGTGCAGGTCTGAGCCGCACCGAAGAGAAGCTCGTCGAGATGACCAACGGCTGCATCTGCTGCACGCTGCGCGACGACCTGCTGCAGGAGGTCTCGCGCCTCGCGCGCGAAGGCCGCTTCGACTATCTCCTGATCGAGTCAACCGGTATCTCCGAGCCCCTCCCCGTGGCCGCGACGTTCACCTTCATCGACGAGACCGGCAAGTCGCTCTCCGAGGTGGCCAAGCTCGACACGATGGTGACGGTGGTCGATGCCGCCAAGCTGTTGCAGGACATCCGCTCTATTGACGATCTTCGCGACCGTGACGTGGCCTTGAGCGAGGACGACGAGCGGTCGATCTCGGATCTGCTGATCGATCAGATCGAGTTCGCCAACGTGCTGGTCATCAACAAGACCGATCTTGTCAGCGAGGAAGAGCTGGCGCGGCTCGAAGCCATCCTTGAGCATCTGAACCCCGGCGCAGAGCAGATTCGTTCTGTGCGCGGCGAGGTTCCGCTCTACAGCATCCTGCACACCGGGCTCTTCGACATGGACGAGGCCGAGAGCTCCGCCGGCTGGATTCGCGAGTTGAACAACCGCCACACGCCCGAGACCGAAGAGTACGGCATCGCAAGCTTCGTCTACCGCGCGCGCCGGCCGTTTCATCCCGAGCGTCTTGAGCAGCTGACCAACGGTGGCTTCCCCAATGTGCTCCGCGCCAAGGGCTTCCTCTGGCTCGCCTCCTGCAACGACGACCTGATCCTCTTCTCGATCGCGGGCGCCACGCTTACGGTTGAGCCGCAGGCGCAGTGGCTCGCCGCGGGAGACCCCGACGAAGAGCATGATCCCGATACCAAGGAGTACATCGGCAGGGTATGGGAGCCGGAGTTCGGCGACCGCCGGCAGGAGGTTGTCTTCATCGGCGCCGATATGGATCGCGCCGCCCTTGAAGCGCAGATGGATGCCGCGCTGCTTACGCCTGAAGAGATGGCTGGCGGCCCGCAGGCATGGAAAAAACTCAACGATCCGTTTGCGGAGATGTTCCGCGATCGCGAACCGGCTGAAACGCCCGTAGAGGCATAGGAGAAGAAACATGGCAAAGGTATGTCCCATCACGGGCAAGCGAACGGTGACCGGTAATAACGTCTCGCACGCCAACAACAAGACGCGCCGCCGCTGGGAGCCGAACCTGCAGCTGAAGCGCATCTGGATTCCCAGCGAGAACCGCTTCGTTCGCATGCGCGTCAGCGCCCGCGGAATCCGCACGATCCAGAAGCTCGGGATAGAAGCAGCGCTGCTGAAGGCAGCGAAGAGAGGTTAGCAATGCGAACGATCATCAAGCTGGTCTCGACCGCAGGCACGGGGCACTTCTACACGACGACCAAGAATCCCAAGCTGCAGACCGGGAAGTTAGAGCTGCGCAAGTACGATCCGGTGGTCCGGAAGCATGTTCCTTATAGGGAATCGAAAGCTTAGGGGCGTCTCCTGCTGTAAGGAATCCGTTCAGCCGCATATCGTGTCAACTGCTACATATCGCGCAAAGCGCGACAACGCTGACGCTTTAGCGT
CP003130.1_gap7	226253	227218	965	CTCGGCGTCGATCCCCACGACTTTGATGTAGCGACCTCCGCAACGCCGGATCAGGTGCAGGCCGCCTTTCCTCGTACGGAGTCCGTAGGCGCGCACTTCGGCGTGGTGCTGGTGATCGAACTTGTTCACGGCGAACGCACGGCCACCGAAGTCGCTACGTTTCGCAATGACGGAGCTTACAGCGACGGGCGCCGCCCCGACGCGGTGCGGTTCTCGCTCGATCCGCGCGAAGACGTGTTGCGCCGTGACTTCACGATCAACGGCCTGTTGCTCGACGTCATCGACTACGAAGAAGGCGATCGCCTGCAGGATTGCGTGCGCGACTTCGTTGGCGGGCAGATTGATCTGGAGTGGAAGCTGGTGCGCGCCATCGGCAATGCCGCCACGCGCTTTGCCGAGGACAAGCTGCGCATGCTGCGCGCGATTCGCTTTGCCGCCCGGCTCGACTTTGCCATCGAGTCCCGCACGATGGCAGCGATCCAGGAGCAGGCCGTGACCACCACGCAGGTCTCCGCCGAACGTGTGCGCGACGAGCTGACAAAGATCCTGACAGAAGGCGGCGCGCGGCGCGGCTTCGAGCTGCTGGAGGAGAGCGGCTTACTCCGTGAGGTGCTGCCGGAGGTTGCTCGCATGAAGGGTGTCGCGCAGCCGCCGCAGTATCACCCTGAAGGCGATGTGTGGACGCACACCCTGATGCTGCTGGGCCATCTGCCAAAGGCCGCAAGCCCGACGCTGGCCTGGGGCATGCTGCTCCACGATGTCGGCAAGCCTGCGACGTTTACGCCTCCCGATCCCGCCAGGCCTGGCGATCGTATTCGCTTCAACGGCCACGTGGAGATAGGCGTTGCCGTCGCTCGCACGATCCTCCTTCGTCTGCGCTTCAGCAACGACGACATGGAGCAGATCCTCGCCCTGATCAAACACCACATGCAGTTCGGCGATGTAATGAAGATGAAGCAGTCCAC
CP003130.1_gap8	232448	235442	2994	TGAAGAGACGTGGCAGACCTGAGTACATGATGACGGCGAAGACCTGACCGAAGGTCGTTTTTGCGCCCAGTCCAAAGTTGAAGGATCCCCAGAGCACCAGGGCTTCAAGCGCTATCACGAGGAGGAAGGGGATGCAGGCGCCATACGTAAAGGCACGTGTGAATTTGGCTCCTGCATGCAGCCTGGCAGCCTGTTGCGCCGGCGGCAACTGCTGGAACTGTTCCGCGGCCGCGGGGGTTTTCGTCATCTGGTGTTCTGTAATGCTTTCGAAGCCGATCTTCTTGTCCATGGCGAAACAGGAGGCGACAGTGGCAAGAACCAGCAGAATAAAGGGCAGCCACCAACTGGTGTTGCGTAGGATATCGGTAAAGGTTTTGGAGGGCGCGATAAAGGTGTCCACCACGCGCTCAACCTGAGAGAGTGCGGGGGCTTCGGGCAGAGGGGCGGCATCGGTCATGAGACAGGGGCTCCTTCAGGGGGGTGTTGGACGATTGACTGCAAGTGTACGCGAAGGAGCAGCGGTCTGGAAGACCTCAATCTTTGGTGGCGCGGCCCAGGGAGAGACGCATCATTGTGGCGAGCGATAACCCTCGGCAGCATGTTTGTTGAGGCTCACATAGCTTTTGTTTTGCGTCTCCCCACGGAATCGTCATCCTGAGCGAAGCGTCCCAGCTTTTGGGGACGCGAAGTCGAAGGACCCCGAGAGTTGCTATCTTGCCCATGTCCTTCGCACCTTTTCTACCTCCAAGGCTCGCGCCCGGACGTTTGCGGTGGAAAAGGTCCCGACACCCCTGGGTAAGGTCAGGTTCTTCGGGGTCCTTCGACTCCGCACCTCGCAAAAACGCGAGGCGCTACGCTCAGGATGACGATTCTGTGGGAAGACGCAAAATAGGTGATTCGTTGTTGTGATGGCGCTCTCTACCCCTCGCCCAGCACCTGCTGTGCCGCACGCAGGCCGCTGCGGAGCGCCGCATGCACCGTTCCCCAATTCCCGGTCGTGTCGGTATGCTCTCCCGCGAAGAAGAGAGTATCCACCTCCGGCTGGGTCATCGCTGTAGGAGCATCCATCGCACCGGCAGGAACGTAGCTGTAGGCTCCGCGTGCGAAGGGATCGTTGGACCAGTCATGAGTGTGCGTCTCCAGGAGAGAAGCGTGCACCAGGGCTTCGTCCATCGAGAAGACCTCCGCGAGGGCTGTGCAGGCCTCACGGCCCAGCTCCTCCGCGCTCTTGCCTTCAAGCAGTTTGGCGCGAGGCCCTCCCACCCAGCCGGTCAGCGTAGGAGACGCCTCCGGTTCAGGATGCGGTGTCCACCAGACGGCGGGCAGACGCTTTGAGGTGAAGAGGAAACTCATCGTTTGCAGACTTACGGCATCGAGGGCAGGCGATTGCTCCCACCAGCGCTCGCGGAAGACCAGCGTAAAGCGAACGGCGTGGCCCATCTCCAACCGCCGCGCTTGTGAGATAGCCGCGGGTTCCGGCGTGATGTGCAAGGCAGCCTCGCCGTTGACGCGTTGCAAAACGCCGAGGGGCAGCGTGACGATGCACTGCTTCGCGCGCAGCGTGCCCTGGGTCGTTTCGACTTCAACGCTATGTGCGCTCCACCGGATAGCGAGGACCTCGGTGTTGAGCCGCACATCGCCGCCAAGCTCTTTGACGCGGCCAGCCAGGTACTCCGCGAGCTGCGCATAGCCTCCGCGAAGATGCCAGGCACGGTCGCCCTCGATGGCGTCCTCTGCCTTCTGCTGTACTCCCAGAGAGCGTATGCCGATTTTGTGCGCGTCGGCGGCGTTGAAGCCTTCGACGTAGCCCAGCAACGCGGGGCGATCTTCTTCGGCAACCTCGCTGGTGGCAAGCCAGTCGGTAAAGGAGACATCCTCGCCTGCAAAGTCTTCGAGTTCTTCCAGCGGCGCAAACATCTCCTCGTCCTGCGGGTCGTCCTCGATCAGACCCCCATCCCATTCCTCGCGCAGCATCGTGCCGTCGCGTTCGGTGGTCTGCGCTTCACACTCTGCGAGAAGCGCCCACAGCTCAGGAGCACGTCCGTGGACGAACTCCGCGCCGAGTTCAACGATGCCTCCGCCTGCGCTCACTCGCGTAAGCAGACGCCCACCCACGCGATCGCGAGCCTCCAGTACATTGGCCCGTATGCCGCGCTCGCCCAGGGCGCGTGCTGCTGCGAGCCCGGCGATACCGGCTCCAAGAATTAGAACGTCGTTATCTTTTGTCTCATCGCGCATGAACGATTGGATGCGTTCATTTCGCTGAATGTGCGGGCTTCCATGTAGCGTATGCCTGGAGCGTCTTCTCCGGCCCATTGCCGTACCACGCGTAGCCGTTGCGCCGTTCGAGTGTGAGGTCCATCACGTCGTCATGGATTGTCTTGTCGCGATCGCCGAAGATCGGTTTGCCGGTCGTCAGTGAGTAGTACCGCGCCCACAGCGGACCCGCGCCCGGCGAGGCCGTCAGTTTGCGTCCCCCTGGAGTGTTTCGTCCGCCACTCCACTCGTAGCCCATGATCTTGTGGGCCTCGAACCATGCGGCAGCCGCGTCTACGGAACGCACAACGGCAGGAGAAGGATGGCTGAGCGACATCAGGTACTCCATCACACTGGCCGATTCGCCTGAACTAAGCGCCTCCGGCTCGAAGTTGCGCGCGGCGACAGGGGCCAGCGTCAGCGGATCATGCTGCTGCGCCCAGACGGCGAGGACGGTGCCCCTGCCATCCGCCGCAGGCACACGGACCTGCGTTGCGAGGATGCATTGAAGCGCCCTGGCCACGGCTGCCTTGGCCTTTACACGTAAGGCTGTGGGAACGAAGCTGTAGTCCTCCATTGGCTGCTGCGAATCCGCCGCGCCCGCTTCCTTGCCGGCAGCAGCGCGCTCGCCCCTTGCCGCCAGCGTTAACACCTGGGCCGACTCCGTTACGGCATCGTCGTTGAAGGTGATCGCGTCGTGATAGCCACCTTCCAGGGGCCAGACCTGTGGCCATCCGC
CP003130.1_gap9	236805	241208	4403	CACCGTTGAGCCCATCGGCAGAGTGCGGTGAGCGGCGGTCATCTCGTTCTGGTCGAAGATCGTGCCGTCGGCGGCAGCGTGGTGGTGATAGATCGTGCCATACCAGCTTGCGGTGCCCTCTTCGGTAAAGACAGGCCTGCCGCTGGTGTCGTCAAAGAAGCCCTTAGGAGCGCTGGAGGCCTCTTTTTTGAGGTCGATGGGCGGTTCGGTGGAGGCCGTGCTCGTAGTCGAACGATGCGAGTTCACGGGTGGCGGCGGAGGCTGATAAGCAACGGTCGTCCTATGGTGACACCCCGCCATGAGGAGAGAAGCAAGCGCCATCATGGCGAACGTTGCCGCCCTGCGGCCAAGGTCTGCGCGCAGTTTCTTCATCGCGTCTCTCCCTTGGATTCTCTGGAGTTGCCGGATTCGCTGGTTTCGCTGCCTGGATTGGAGCGCTTGCTGTCGTCCATGTGTTCCGCGAGTTGTTGCAGCCGGCTCGCGGCGCTGCGCAGGGCAGTCGAGCCGTTGCGGCGAACCTCGGGAACGACCTCGTCATCGATGAACCGCACGACGCGCCGCAGCTCCTCCTGAAACTCATCGCGAAGCCGTGCGCCGGTCTCTGCGACCCGCTCTTCCCAGGGACGTTTTGTTCCGCTTTGCTGCTCCATTGGCCCATACCCCTCGCGTCGGCAACGCTTCCTCTTCGATGATTCGTTCGTGCAAGCGGAGAGTCAACGTCATTGCGGGACACAGTGCCTAGCTGGTAACGACCCTGCTTTGTCTATCAGCTAACGTATCCAAATACAACCGCATGGGGGCCGAAGGCGTCCTTTTATAAAGAGCCCCATCACCGGCGGGGCAAGACTGCCGTTTCAGTGCAGCCGTTGGCCGGAAGAACGGAAGGGCTCGATGAACTTGAATTTGCGTAGCTGGAGTATTTCTTTTTTTGTTCCAGCGCTGTTCGGCACAGTATTGGTAGCAGGGCCAGGCACGGCACAAGGTCAGGATCGGATCTTCTCTCCGGGCGCAGCTCGAACAGAGACGATGTTGCTGGCTTCTTCTGACTCAGCGAAAGAGTTCTTCAAGTCGGTCGCCGTCTCCGATGCCGTATCGAGCAGTAGCGACGATACGGAGGATCTGCCTGACGCCCCCAGCGCGGTTGCTCTTCGTGAGCCGGTCTCCGCACCTCGGGGCCAGGTGGAGAGTACGCATGTCGCTTCGACGCTGACGAAAAACATCCCCGCCGGATGGACGGCACAGCCCCTGACGACGCGTCAACAGGTCGTACTTGGCATCCATAACCTTTACTCGCCACGAGGCATTGCCGGGATGGTATTTGCGGCAGGCTACTCGCAACTGGCCAACGGCCAGCCGAACTACGGCAGCGACACGGATGCCTTTAAAAAGCGGTTGGGAGCGGTGGTTCTTCGTGACACCACAGAATCTCTGTTCGCGGATGCGATCCTCGCTCCCATGCTGCATGAGGATAGCCGCTACTATGTGCAGGGGCCGCAGCACAACTTTTTCTACCGCATAGCGTACGCGGCATCACGTCCGCTGATTACGCGTACGGATAGCGGAGACTCCACGGTCAATGGCTCCCTGTTGCTGGGGTATGCCGCGTCCAGTGTGCTGACGAACGCTTCCTATCCAAGCATCAACAGAAACTTTCACGATACGGCTTCCACCTATGGCGGGTCGCTGGGTGGCGCAGCTCTCGGTTTCCTCCTCAACGAATTTCATGATGAGGTATTGCAGACACTGCATCTCGAGAAGAAAGATTAGAGCAGCTGTCCGTTCTTCTGGTTGCCGTTGCCTTTGCTGTTGTTTTTGTTGTTGCTTTTCTGGTTGTCATTCCCGAAGGGAATCTGCTGTTTGCTCGTATCACCACAAATAAAGGTGTGAAAACCGGAAGGGCACGGTTTCAACCGTGCCACTAATGCCCAGGTTGGAAGCCTTGTACCGCTCTGCCGAAGGCTGGAGTGAAGGCGCAGCCGGAACGACTGAATTGCTCTCCTTTGTCGGGCCGAAGACGCTTGGGAATGCCCACGTGTCTCTCTTTGCTGCCACCTTCACGAAAGTCCGACGGGTGAATTGCTAGCTCCACATCAGCTGTGCTGCAGCGATTCGTGCCGACAGCCAGACTCATTCGCCTCCACCAAGAAGAGCAATTCAGTCGTTCCGGCTGCGCCTTCACTCCAGCCTTCGGCAGAGCGGTACAAGGCTTCAGCTCTGCCTTTTACGGCACGGCTGAAGCCGCGCCCTTCCGATTTCTGCCAGTGCGCGCATTCGTGCCTGTCCGTGCAGGGAAGCAGGTTCCTCGGCGGTGCCTCGGAATGACAACCAGAACCGCAACAGCGGAGGTTAAACAGAAAGGCCCAGTCCGTAGACTGGGCCTTTCTGCTTCTTGTTTCCTGCTCTTAGAACGTCGTTGCGACGGTAAAGCGGAAGGTCTTACGTGGCTCTCGCAGTACGTAATCCGCACCGTAGAGTTGCAGGGCTTGCTGGTAGGTGAACTGACCCGCACCCAGATTGGTGGGGAAGAGTTGCTGGAACTGCTGCGGCGTTACAGCCAACTGCTGTGGCAGGTTTCTGTAGAGACGTAGCGGGTTGTAAGCGTAGTAAATGCGGAACGGTGCGTTGACGATCGGCAGGATGACCTGCAGCTCGGCGCCGTTCGACATACGCGGGACGATGTTTGTATGGGGCACCGTGGCCAGGTCGAGCGGGAAGGTCACCTTCTGTCCGCCGAAGCAGGCACCGTTGATGACCTCAGGGCAGCCATAGAGCGGCGTGTTGAGGATCGATTGGCCGAGCACGCTCTGGCGTAGCTGCGACTTCTCCGTATCGAACGTCAGGCCGAAGTCGGTGAAGACAGCAAACGTCACCTGGTTGACGATCGGGATACGATACTCGACGTTCGACGTAAGGCTGGTATCGCCGCCGATGGGAGCCAGACGATAGATAGGCAGGGGGATCTGCACGTTGCCCAGTGTGGCGTTGGTCGGGTCGCGCGGAACCAGCGTGCCGTCGGGGTTAGTGAGGTTGAACAATACCCGCGTCGGGATGAAGGTATACGGTGAGCTCGAACGGATGTCGAAGCCGCGTACTTCGTTCTCGCCGCCGCCATAGATACGGTTGAAGGGTGGTGCAACCTGACCGCCGAAGCCGGCGACGTTGGAGAGCTGGATGCGATAGCCCAGGACGTTGTGTCCTTCACGATCCATCCTTAGGCCCTTCATCGGGAAGAACTGGCGGTAGGTTGCGGTTGGCGCGTAGTACTTGGTGTTTCCACCAACACCTGCTACCTCGAACGCAATGTTGAAGTCCTTGCCGTGGTGCGGTCCCTGTGCCCGGTCCAGCGTCGAGAAGCTGAAGCTGGGAGTGATCTTGGAGGTGATGATGCCGGTCAGTTGGCTCGATCCTGCGATACCGGAACGGAATGCCAGCGATTGGAAGACGTTGCGCGTCGTATCGCTGAAGGTCGTAATGCCTGAACGCGACAGGGAGTAGGTGACACCGACCCTGGCCACGCCCGAACGACGGAACAGCTTGCGCAACGGCGTGCCCGTTGAGATGGTAAAGCCGGTCGAGGACTGGTTGTAGTTGCTCGATAGCGACTGTTGCTGGTTCGCCTGATTCGATCCTGCCACGGTGCCGGTAAGAGAGGCGGCCTTGGCTGGGTTGAAGTCGGACTTGCTGCTGAACACCTGCATACCCAGCGAAATCGGCTTGTTGCGCAGATAGGGCTCATTGAAGCCCAGGCTCAGGGTGCGCGACAGATCGCCGATGTTAGCGGTTACGTTCAGGGTCTCGCCCAGTCCGAGGAAGTTGTTGGTCTCGTAATTGAGGCCGATGAAGGAGCCGGAAAGACCGCTGAGTCCGCCGTTCAGGCCGATGGAGTTCTTGCCCTTCTCCTTCAGCTTCAACAGCAGGTCGACCGTGCCGGCGTCAGCGTTCTGGCGTGTCTCCACGTCCTGCTCAGCCTTCAGCGTGTCGAAGTAGTTGAGCTGGTTCAAGCGCAGCAGCGAGAGATCGACGAGACGGCTGTTGTAGACCTGGCCCTCTTCGATGAGGATCTCGCGGCGGATGACCTTATCGCGGGTGATGGTGTTGCCCGAGAACTCGATGCGCGAGACGTAGAACTTCTTGCCTTCGTCGATATCGACATCGAGATAGACGAGCTTTTTGGCTTCATCGACACGCGGGGTCGGCGTGCCGACCATGTTGATGAAGCCGCCCTCGCCATAGGCCTTGCGCAATGCTTCAATGCCCTTGCCGAAGAGCGTGGCGTTGAAGTACTCGCCGTCCTTCTGCGCGAACTGCGCACGCAGGGCCTTCTTGTTGGTGTATTCCTTGTTGCCGGTAAAGGTGATGCCGCCCAAACGATAGCGAGCACCTTCTTCGACGGGGATCAGGAT
CP003130.1_gap10	327670	329014	1344	CCGGAGAACATTCAGCGAGCTTTGATCTTGATCTCGATCTTCCAGCATAGGCTGACTAGCACAACGCTTCATAGATTTGCATTCTGTTAGGACATGGCTCGATCTACCGCGCTCATAGAGACCGCCGGCTCCGACGGAAACTGATAGGGTTATCGCCATACGCACGTTTGAACGCTGCTGCAAAATGACCTTGGTGTTCATACCCGCTTGCGCTAGCGATATCGCTAACAGGCTTATCGGTTGACAGCAGATCTTCGGCTGCACGTTGCATTCGCCTTCGCGTGATGTATTCGTGTGGAGACGCTCCGATTCGTCGTTTGAACAATCGTGCGAAATGAAATGGACTTATTCCCGCTTCATGGGAGAGCGTTGCTATTGTCATGTACATATCAAGATGGTGCTCGATATATGCGAGTACTCGCTCGATCCTTGCATCAGGAAGATCGCGGACAACACGTGGCTTCAATGTTCGCTTAGGGTTTGACAAAAGTAGGTGAGTAGCAAGAAAGCGGGCAGCAGTTTCAGCATATAGATCCGGATAGCCCTGTTCGGCTGCGGCTGCAATGGCCGTAACAATTTGAGCTGTGAGTGGGTCGACAAAGCCATGATGATTTGGGCACGTCAAATCATCGAGATTCAGCTCATCCTTCGCTTCAAGAAAGAAGAAGGGCGGCATATACAAATGAGCCGTAACCAGAGGTGTTGCCGATTGCGTCTTCCAGCGAAGCTTGTCTGCGTGGTATGGCTCTGAAGATCCTCCCGAACCAGGGCGATGTTGAGCTTTTCTCCATTTGCCTGAACTTGCGCTCTCGATTACCGAGTGACCGCTCAGCACCACGGTAATCGCTTGATCTGGGGTTGGAACGGTCTCGTAGCAATCAACGAGAAATGGGCTTTCGACTTTCTGCACAAGAAGAGAATGCCAACCCGCGTCACGACTAGAGGCTAATCGCTTTCCCGGCTCCCTGTCAGCATTGACGATGCTTTCTTTTGCATACATTCGGCCCCTCCTCCTCTCTCGCAGAATAAGTCCGAAACCGACCTAATGACAATTTCACGAAAAAAGAGCATGAATAGGATCTAAAAGAGCAAGTTGGCGTGAGCGCACGGCAATGCCAACACATTTAATAGACGAGAGTTGCCCTAAATATAGGGAGTGACAAGGATCACGGGCGAATTTGATCTCAAGCACAGGAGTATTGACCAATGGCAAAAGTAGCAATTGTTACGGGAGCATCCAGAGGCATCGGCCGCAGCATAGCCGAACGCTTGGCGCACGACGGCTTCTCTGTCGTAGTGAATTATGCGGGCAATCAAACCGAGGCAGGCGAAGTCGTCAAGCAG
CP003130.1_gap11	341473	342094	621	GATTTCGGTGTACTTGTTGCGCGGCAGTGTGACGCTGCCTTCTTTCTGCTGTCCGTGGGCTGTGCTGATTTGCACGAGCGTGGGCTTGGTAGCGATGGCCTTCGCGACGTGGGCTTCTACCTTGGCCTGATAGCAATTTGGCGAAGTGCAAGCGTCCAGCTTGCCGAAGTCAGAGAACAGGAGCTTGTTATGCCCTGTCCGCTTGGGGCAGTCCACGCAACTGCCCGCCGCTGGCACAAGCTGTGCGTCGCGCTTATCGAAGGGCGCGAGTTTCAGAACGAGAAGGATGTTCGACTCAATCCAGAATTGCAGGCTGCGAACGGGAAGCAGGATGCGTTTCGCCTTCTGGCCACCCGCGCTCCAATCCTCTTTGAAGCAAGCGGCGAGCGCCTGTTCCTGCTGGTCGGGCTGGAGCTTCGCGAGCAGGAGCGCGTGGCCGACGCCGATCTCCTCGCGATAAAACGCATCCACAACGTTCTGAGTTAGCTCGGTCAATTTCAATCTCGCTGCCACGTATGCGGGATTCTTGCCCGTCTTCGCGCTGATTTGCTCGATGCTGTACTTCGGCTCTTCCAAGTCCAGCAAGGCGCGGAACCCGCTGGCTTCCTCCATCGGATGAAC
CP003130.1_gap12	370256	370826	570	GAGCGGCGGAAGAAAGAAAAAATTGTAGCAGGCAGTGGCGACGAGTGAGGCTCCGATGGAGAAACGCAGACCCCATCTGGCCGCGATGAACAGGATAAGCAGCAGCAAGGTCAGAGCGACGGTCGTCTGGTTGGCATGCACGACGAGCCTGTAGAACGTTACAATTCCCGCGAGACAGGCTGCGGCGCCGATGCAACGCATAATGGTAATAAGCCGTTTCGAGTTCACTGTGAGATTCTACGACTCGTGCGGTTCTCCTGCTGGGGTATTCCGACGGGGAGGTTCCATATGTCGTTTTTAAAGAAAGCGGCTCTCGTTAAGTCCGTTATGTAGAAACAGGAGAACTGCTCTATGGGTGCATGCGACACGCCAAGGAAACGACCCGAAGACTGGCTTGAGTCCGCGGAGAACGTAGAGAAGAAGCGTGGACGCTTCAAGGTCTTTCTCGGCTATGCGCCCGGAGTAGGCAAGACCTTCAGCATGCTGAGTGAGGGCATCCGCCGTCAGGGCCGTGGCGAAGACGTCGTGATTGGGATCGTGGAAACGCATGGCCGCATCGGGACGTCCGAG
CP003130.1_gap13	404259	407062	2803	GGATTCGATCTCTCTGTGCAGCGTCTCGCGCGCATCGCGCGCGAGGTTATGCTCATGATGCCGCTCGACGCAGCCTTCAATGCCGACAGCAATCAGCAGGCCGACCGTGATGGTCAGCAGATGGATCAAGAAGTCTCTGAAACCTTCAAGCCGATGATGCGGCGAATGAACATCCAACACATTGCCCCCTCGATAGCGCAGGATCTGCCTGTGAGTTCAGCCGTACAAGGAGCCAGCTATGCTGGGGGCGTTATTCCGCGCCCCAGCGTTTGAATACCAGCGAGCCGTTCGTCCCACCGAAGCCGAAGCTGTTCGACAGTGCATAGTCGATCTTCAGGTCCTGCGGCGTATTGGGTACATAGTTCAGACGGCAGCGTGGGTCGGCCTCATAGAGGTTCATCGTCGGCGGAGCGATGCTGTTCATCATCGCCAGGATCGTGATGCCTGCCTCCAACCCGCCTGCGCCGCCGAGCAGATGCCCGGTCATGGACTTGGTCGAGCTGACCAGCAGCTTGTGGTTCTTGGCGCGATCACCGAAGACGTTCTCGATGGCCTGTGACTCCAGCGCATCGCCGAGGGGTGTCGACGTGGCGTGGGCGTTCACGTAATCAATCTTGTCCGGAGAGATGCCCGCTACCTTGAGGGCAGCAGCCATCGCCCGCCGGCAACCGTCGCCCTCGGGGGCCATGCCGGTCATGTGGAACGCGTCGCCGCTCATGCCGTAGCCGACGATCTCAGCCAGGATGTTCGCGCCGCGTGCCTTGGCGAATTCAAGTTCTTCGAGGATAAGAATGCCTGCGCCTTCGCCTACGACAAAACCATCGCGGTCTTTGTCGAAGGGACGGCAGGCGTGCGTCGGGTCGTCGTTACGGGTGGAAAGGGCCTTCATTGCGGCAAAGCCCCCAACGCTGAGGGGAGTGATAGCAGCCTCAGCGCCGCCCGCGATCATTGCATCCGCATCACCGCGCTGGATGGTGCGGAACGCATCGCCGATAGAGTGGGCCGAGCTCGTGCAAGCCGTCGCCGTGGCCTCGTTCGGCCCTTTGGCGCCGTACTTGATCGAAACATGACCGGCGGCGAGGTTGATGATCGAGGCAGGGATGAAGAACGGCGAGATCTTGCGAGGCCCGCCGTTCATCAACGCCGTATGCTCGCGCTCGATGACATCGAATCCACCGATGCCCGAGCCGATATGGACGCCGATGTTATCGGCATTCTCAGGTGTAATCTTCAGGCCCGAGTGCTCCATGGCCTCCTGCGCCGCCGCCATCGCGAAGTGGATAAAGCGACCCATCTTGCGGGCCTCTTTCTTCTCGACGAAGACATGCGGATCGAAGTCCTTCACCTCTGCAGCAAAACGGACGGAATGGCCTTCGAGATCGTAAGCCTTGATCTCGGCCATACCGCTCTTGCCTGCGAGCAGACCTTCCCAAACTTGCTGGGCGGTGTTGCCGACCCCGCAAACGAGGCCCATGCCCGTGACGACTACCCGACGATACTCCTGCATTCGTTACTTGCCCTTCTGGTTCTTCTCGATGTAATCGACGGCATCCTTGACGGTCTTGATCTTCTCCGCGTCTTCATCGGGGATCTGGATGTCGAAGGCCTCTTCGAACTGCATGACGAGCTCAACGACATCGAGCGAGTCTGCGCCGAGATCTTCCTGGAAGCTCGCGCCGGGGGTAACCTCGGCCTCATCCACCTGAAGCTGCTCGACAATAATCTGCTTTACCTTCTCGTCTACTGCTGCCATCGTTCGATCTCCTGTGTGTGTTGCGTAATAAGCTTGTGGGAAACGCAGACCCTTGGGCCGGGCATCCGTACGACATGCCCCAGTGTGAAAGCATACCCACGCGGTCTTGCGGTGTAAAGACGATGCTGGATGCAAGGATATCCGACATTCGTTAAATGTTAGGTTAAGGGTACAGGTTTACGCGCTGCGGAAAAAGTTCAGTTTGTTTGTAGACAGCGTTATCCCTGTTCCGATACAACATCTTTTCTGGCAGTAGTTGAGCTCTATTCCTGTCTAAACCGCCTGTCAAACCACGTTCCGTCGCTAGAATAAGGCGACAAACGCTGTATCTGATTCGAAGGGTTCCCGTTGAGTACCAAAGTCTGTTCGTATTGTAAAAGTACGTCGATGCGCCGGATTAATCGCAATGGATTCATTCAGCGCGTATTTTTGCCCTGGTTTGGCTTCTATCCGTGGGAGTGCGTGATGTGCCGGCGCCGGATGTTCTTCCAGGACGCGGGCCACAGACCCTCCGAACGCGGCTCGTTGTCATAAGCGGCCGAACCGTCCCCTATTCCTCCTCGTTGGTGGTCAGCATCGGCAGTACGTTTTCGATGCTGAGAACCTTGGCGTCGCCGGGGTCCACCTCACCCACATCGCGTAGTGTGCGGTTAATGGCGCGGGTACGCACGCCGACGGCCTGAATCGTCTTCTGGACCTTGCTTACCTGGTCGTCCATCTTCGCCATCAACTCCTCAAATTTGCCGAACTCATTCTGGGTTTTGGCCAGAATCTTCCATACCTCATCGCCCTTTTTCTGCAGGTTGAGCATCTTGAAGCCAAGCTGGAAGCTGGTCAGCAGGGCATAGAGGTTCGCCGGTCCGGCGACCATCACACGGCAGTTCTGGTGCAGGTCGGCCTGCAGCCCGTCGCGGCGCAGCACCTCGGCGTAGAGGCCTTCGGTCGGCAGGAACATGATCGCGTAGGGAGTCGTCACCGGCTCGTTGATGTACTTCGAGCAGATGCGTTTGCCTTCCACCCGAATCGCCGCGTCGAAGGCCTTGCGCGCGG
CP003130.1_gap14	435866	436999	1133	GTGGCCAGGCCTGCAGCCAGCGCGGTAGCGAAAACAAGGGTGCGGTTCATGCGGTGTTTGAGACTCCTTACAGGATGGAGAGATTGGTTGGCTTATTCGTCGAGAGATCGATGGCTAAAGCGTTGGATCGGGAATCGGCAGTTCGGTTCAATATCTCTGACTGTTGAAAGGAGAGAGTTGCGGGCGCAGAGTGCCGTTGGCTGCCGTCCAAATGTTCCAGTTCAGCGTCTCTGATTATAGGAGAGGCCTCTGGCATGGTCAACGTCCGAAAAGACCCAGGTTGACGCGCTTTTTTTAGGCAATTCTTCCGAAAAACGGAGCATGTGTAGGGCTATCTCCGGATTTTGGATAGAAATCATTCCCGGCATTCTCGAATTCCCTTGAAATGAAGGGTATTCGGGTTTGGCACGAAGATTGCTTTATCTCTCAGTGTTCGAAGCATACACTTCGGCGCGGGAGGTTTACCTGCCGATGCGAAGTGTAAAGCTGAATGTTCGGGATCAGGGCATGAAGTCGCACCTAGTGATTATTAGAGATGCGCCACCCTCCGAACCGGTTCTGCTTCAGGCGGAGCCATTTTAGGGAGGCCAGTGACTGGCCGTTAGAAGCTGAGGGCCATCTTCCGGGGAGGGGAGGTGGCCCGAGGGCTTTAAGAACTCCAAATGCCTGCACAGCGCTTTGCGTCTGGAGGCGGCCCGAGGGCTTTATAAAGCTGCAAATGCTCGCACAACAACGAATCACATATTTTTGCCCCCCACAGGGACGTCATCCTGAGCGGAGCGCCTCGCGTTTTTTTGCGAGGTGCGGAGTCGAAGGACCCCGAAGGACTTGATCTCACCCAGGAGGTCGGGATCTTTTCCTGCACGAACGTTCAGGCTCGGGCGCTTGAGGTTGAAAAGGGACGAAGAATATAGGCAAGATAGCAACCCTCGGGGTCCTTCGACTCCGCGTCCCAAAAGCTGGGACGCTCCGCTCAGGATGACAATTCTGTGGAGAGGCATACAAAAAGTTCGAGTACATTGCGATCTTGGTTTCGATCTAAACCGGCCTAAGACCTTTCTGGAGTGCACTTTCCTCAAAAAGATAGGCATGATTGGCAGAACAGGCTTGCGCATCTCAACTTCCGGGCGTAG
CP003130.1_gap15	443191	447381	4190	TGAAGGCCCACCTCGAAAGCGTGTCATGGCGGTTGCGGAACAACTGCGCGATTTCTATTGCGATGGCTCCAAGCCATGCGCCATCAATATGTTGTCCATTGCAGGCGGCGGCGAAGATCTTAAGACGATGCTGCGCAACGTGACGCAGGCATGGCTGAAGGCCTTTACAGAGATCGCGCGGGAGAGCGGTATGTCTCTCAGCCTGGCTCGTCTCCGCGCAGAAGAGGCCATCGTGAGGATTGAAGGCTCACTGGTCGTCGCACGAGCCCTTGGCGACAACGCACCATTTCAACGGACGCTCAAGCTCTTGCCTGATCTTTTGACGGAAGCCTAATGTTTTGAAAGGGCGGGGCTTCAGCCCCGCCGCCAAGATCTTCCCACAAAAGCGGCTTCAGCCGCGGAGGGAATGATGGGGGTAGCAGATCATGGGTAAGTGTTAGCGCTGGCCCCTCTGCGGCTAAAGCCACTGCATGGAGCTAGCTCTACCGGCGGGGCTGAAACCCCGCCCCTTCAAAACAGAGGCGAGGCAAAACAGCGGTGGGGTAGAGAGAACTACTGCCCGGTATAAGGATCAGGCGTTCCGGGAGTCCCTACCGGTGGGGCTGGTGGATTGGTAGGACGTGGCGGAAGAACAGCGCGCGCCGCATCGATGCCGGGTGCGGGTGTGTGGCCTCCACGCAGACCTGCCAGGATTTGAGTCTGGAACTCGCTGGCTGCGCCTGGGCTATTGGGCAGGAAGAGCGTGTTGGTCCCGCCACGGGTGCCGATATCGCGCAGCGTATCGAAGTACTGCGTGAGCAAAACCAGCGCCATGACGTCTTCAGCGGAAGCGCCCGGAACGCCCTGCTGGAAGTGTTCGATGGAAGCCGAGAGACCATCGATGATGGCCTGGCGTTCGGCGGCGATGCCCTGGCCCTGGAGCGCCTTCGACTGGGCTTCGGCCTCGGCCTGTTTCACCTTGAGGATCTTTTCAGCTTCGCCGCGAGCCTGGGCCGCGACCTGCGCGCGCTGCGCAGCGTTGATGTCGTTCATCGCAGCCTTCACCTTGACGTCGGGGATGATGTCGGTGACCAGCGCGGTGAGGATGTTGAAGCCGAAGCCGGACATGATGGCGTCGAGCTCGACCTTGACGGCGACGGAGATGCCGGACTGCTGCTCAAAGGTCTCGTCGAGCGTGAGCTTGGGCACGTGGCCGAGGATCGAGTTGAAGACGAAGCTCTCGATCTGCTTCTGCGGCATGCTGAGCTTGTAGAACGCGTCGTAGATCTTGTCGTCGAGCACGACGTACTGCACGCTGACGGGGATCTGTACGAAGACGTTGTCGCGAGTCTTGGTCTCAACCGAGAACTGAGCCTGCTTGACCTGCAGGTCGACGAAGTAGACGCGCTCGCCGAACGGGATAAGGAAGTGTAGTCCCGGCCTCGTGATGCGGTTGAACTTACCGAAGCGTTCGACAACGCCGGCGGTCGCGGTACGGACGGTATAGAGAGTCTTGAGAAGGGTGACCAGCAAGAAGAACAGAATGATGGCGACGAAGATCACAAACAGCGGCATGAAAGAACCCTTTCGGTACGAGCCCAAGCATACTCCCTGGAGGAACCAGGAAAGTTAACACCCCGCTCAAGGACTACTTGAAGTGTTACTGAAAGGTAACGGGCGAACGTTCAGGCAGTGCGGCCGCGGAGCTCTATTTCGAGCAGGCACTGGATGAGCGTGACCGCCGCCGGGGTAACGCCGGACATGCGGCTGGCCTGTCCCAGCGTGGAGGGACGGACGCGGCTGAGCTTTTCGACCATCTCGCGGGAGAGGCCGGAGCAGGCCCGGTAGTCGAACCAGTCGGGGATGGCGCGTGCCTCATCTTTGCGCAGACGCTCCATCGAGCGCTGCTGCTGTGCAAGGTAGCCGGCGAACTTGATGCCGGTCTCGACCGTCTTCATCTCATTGCGAACCCAGGCAGGAAGCGTCTGCGGATAGTTCGCCGCAGTGAGAGCGGAGAGCCAGGGCGCAAACTCGGAGATGGCGCCCATGCGCGTGACCAGCAGGGGAAGGAGCTGCTCAATAGTGATGGCCGGACGCTTCAGGAGCTGGGAGAAGAGGTCGCCCCGGGTGTAGGTCTGTGCCGCGGAGGGCTCTGAGGAGCTAAGAGCTTCGAGGGCTTGCAGGTCGCCATCGGTCAGACGAGTGGTCTCGAGCAGGCGTGTAAAGGCCGCGGCGCGGGCCTGCTTGGCCTCGAAGTTATCCCAGGCTGTGTCGTCGATGAGACCGAGCTGGCGGCCGTGCGGAGTCAGGCGCACGTCGGCGTTGTCGATGCGCAGGTGCAGGCGGAACTCGGCGCGCGAGGTGAACATGCGGTAGGGCTCATCGGTGCCCTTGGAGATGAGGTCGTCGATGAGGATGCCGGTGTAAGCCTCGGTGCGGTCAAGCGTGAAGGTCTCCGCAGTGCCCTTGGCGTGCAGCGCTGCGTTGATGCCGGCCATCAGTCCCTGGCAGGCGGCTTCCTCGTAGCCGGAGGTCCCGTTGATCTGTCCGGCAAGGTAGAGGCCCTCGAACTTCTTGACGCGCAGCGTGCGATCGAGCTCGGTCGGGTCGATCGCGTCGTACTCGATGGCGTAGCCGGGACGAAGCATCTCGGCATTTTCGAGGCCCGGGATGCTGTGCACCATGGCGGCCTGCACCTCCATCGGGAGCGACGTGCTCATGCCGTTGATGTAGACCTCGTGCGTGTTCAGTCCCTCGGGCTCGAGGAAGAACTGGTGTGAGGTCTTGTCGGGGAAGCGGACGATCTTGTCTTCGATTGACGGGCAGTAGCGCGGGCCGATGCCTTCGATCTGCCCGGTAAACATCGGCGAACGGTGCACGTTGTCGCGGATGAGCTGCAGCGTCTCAGGCGTGGTCGTCGCGATGTGGCAGGAGATCTGGCGCAGGGGCGGAGTCCACGTGGGTTCGCCGTCTGTCGGCGCGCTGCGGAAGCTGAAGGGAGTGGGGTCAGTATCGCCGGGCTGCTCTTCGAACTTGCCCCAGTCGATGGTGCGGCCATCGAGGCGCGGAGGGGTGCCGGTCTTCAGGCGGGTCTCGCGCAGGCCCAGCTTCTTGAGCGATTCACCAAGAAGCACGCTGGCGGGCTCGCCGGAGCGTCCGGCGGTGTACTGCTGTTCGCCGCAATGAATAAGGCCGTTGAGAAAGGTGCCGGTGGTAACAATGACCGAGCGCGCAGCAATGGTGCGGCCGTCGCGCAGCTTGACCCCAGTAATTCGGTGCCTTCCCTCCGGGGCTAAAGCCCCTACGACAGGAGTGGCCTGAACGGACGGGCTCAAGCCCGTCCCCTTCAAAGCTGGCTCGCTGACTTGCTGACTCGCTGACTCGCTCTCGATCACCAGATCAATCACTTCCGCCTGCTTGATAAACAGGTTCGGAATGCTCTCGAGCTTCTCTCGCATCTTCACGCGGTAGAGGGCCTTGTCGCACTGGGCGCGGGGGCTCCAGACGGCCGGACCGCGCGAGGTATTGAGCAGGCGGAACTGGATGCCGCAGGCATCGGCGACCTCGCCCATGATGCCGCCGAGAGCGTCGACCTCGCGCACCAGGTGGCCCTTGGCGACACCGCCGATGGCAGGGTTGCAGGACATCTGCGCGATCAGGTCGAGGTTCAAGGTAAAGAGTGCCGTGCGCAGACCCATGCGGGCAGCAGCAACCGCGGCTTCACAGCCGGCATGGCCTGCGCCCACGATGAGAACGTCGAATTGTTCCGAGAAACTCACAGCACTTCTATTTTACGGGACTGCCGGTGTCTCTGATATTTTACGGGACTGCCGGTGTCTCTGAGATAGGCCCGGCTTTTAGCCCGTGTCTGAAGAATCACATATCTTGTTCCTCTACAGCAGCGTCATCCTGAGCGGAGCGCCTCGCGCTTTTTGCGAGGTGCGGAGTCGAAGGACCCCGAGGGACTTGATCTCACCCAGGATGTCGGGACCTTTTCCAGCACGAAAGTCCGGGCTCGAGCGCTTGAAGTTGAAAAGGTGCAAAGGGCTTGGGCAAGAGGGCAATCCTCGGGGTCCTTCGACTCCGCGTCCCCAAAAACTGGGACGCTCCGCTCAGGATGACGGTTCTGTGGGGAGACGTAAAACAAAAAGCCGGCATCTCCAATTCGCCGGACCCACCCTGACCTCGGGCTTCGATAGCATGAAGGCATG
CP003130.1_gap16	493283	496444	3161	TGTCTCGACCAGACGTCCACGCTGCATCACCGCGACGCGATGACAGAGATACCGCACCAGCGGCATCGAGTGCGAGATAAACAAACACGTCAGCCCATAACGCTGCTGCAAATCCCGCAGCAGGTTGATGACCTGCGCACCCACCGAGACATCAAGCGCACTCACCGGCTCGTCGAGCACCAGCAGATCGGGCCGCAGAGCCAGGGCACGGGCGATATTGATGCGCTGCCGCTGCCCGCCGGAGAACTCGTGGGGATAGCGCCGCAGCGCGGAGCGGTCGAGGCCTACTTCACTCAACAACTCGTCGAGTCGCGCCTCCAGTCCCTGCGGAGGCCGCTCTCCATGGATGGCGAACGGCTCAGCCAGCGTCTGCTGTACCGTCATGCGCGGATCGAGCGCCGCGTAGGGGTCCTGGAAGACGATGGCGAGCCTGCGGCGCAGGCGGCGCATCTCGCGCGGAGGGATGCGCATCAGGTCGAGCGTGCGCTGCTGTCCGTCGGCCTCTGTCGCGTTGTAGAGGATCTCCCCGGCGCTGGGTTCGATCAGCCGCAGCAGCATGCGCGCGACGGTGCTCTTGCCGGAGCCCGATTCGCCGACGAGGCCCAGCGTCTCCCCGCGAAAGATCTGCAGAGACACGTGGTCGACGACGCGTGCGCTGCCGTAGTCCTTGATGAGGTCCCGGGCCTCGATAAGAGGTTCGGCTTCGTGGAGATCGTTTGACTGAAGACTCATGCCGTCCTGAATGATGATACGAGGTCAGCTACTTCGAGGGGGCGGCATCGGTGCTCGTCGAATCGTCGCGCACGATCTTCCAGCCCGCCGGAGTCTTCTCCATGACGACCATGAAATAGCCGTTCGCATTACCGACGGCAGCGCTCCGCTCCAGGTGAAAGTGCCCTGTAGCCGTTGCGAAATGCTCATCCAGTGGCTGCACTTCAAGATTGGAGAAGGTGAGCGTGCCCATCTTCTCGCGTGTGGAATAGCCCGTGCGATAAGCCTCAAGCATCTGCGCATAGCCGCGGCGTACGGTGCGGCCGATGAACAGAATATCCGGCGAGTTCTTGTAGCTTGTGGCAAAGGAGTCCAGGTCTCCGCGATTCCAGTCGGCGGCAGATTTCTGCAGCACCGCGATGATGGCAGCGTCTTCGTGCGAAGAGGCCGTCTGTGCACGAAGAGGCAGAACGAGCAGGTAAAGTGCAAGAGGCAGGGAAAGAAGACGAAGCAAACGCATAACGGGCTCCTGTAAATGAAGTGATGAAATTGTAGAACCTGCCGGCTGTTCCTGTTTCGCGATCCTCGCAGAGATACCTGTCTATTCGGTAATGTCTGATGACGCGACGATCACTCTTTTGCCGTTGTTTCTGAGATAGGTCCAGCCTTTACGGGACAGACACGAATCCCATACTTTATGCCCCCACAGGAACGTCATCCTGAGCGTAGCGCCTCGCGTTTTTTGCGAGGTGCGGAGTCGAAGGACCCCGAAGGACTTGATCTCACCCATAGTGCTGGGAGCTTTTCTACCTCAAGCGTCCAGGCTCAAGTGCTTGAGGTAGAAAAACTCCAAAGAGTCTAGGCAAGAGGTCAACCCTCGGGGTCCTTCGACTCCGCGTCCCCAAAAGCTGGGACTCTACGCTCAGGATGACGATTTTGTGGGGATACATAAAACAAAAGCCACGGGTGCAGCGAGCTTGATTTCACTCTAAACCCGGCCTTAACTCCAAGTCCTCAGACATTCTCTGGCCCAAAGCCTGCATCTCAAACTTGCAGACCCGCAAGGCGGGTGCTGGAGGATGTATGGCCAAAGATCTCTACACGCTGCAAGACCCGACGAAGCAATATCCTTTGCCCAAGTTCAAGCATCAGCCCCAGCGTGTTCCCGGGCTCGCCGCGAAGATGACGCCGAAGCCCGACCACGGCGAGACGAGCTATCGCGGCAGCGCACGGCTGCCCAATCGCAAGGCCCTCGTAACAGGCGGAGACAGCGGCATCGGCCGCGCGGCGGCGATCGCCTTTGCGCGCGAGGGTGCGGACGTCGCAATCAACTACCTGCCGAGCGAAGAGAGCGACGCGAAGGAAGTCATCGCGCTGATCGAAGCCGAAGGCCGCAAGGCCTTTGCGTTTCCGGGCGACATCAGCAACGAGAAGTTCGCACGCAAGCTGGTGAAGGAGGCGCACAGGAAGCTGGGTGGCCTCGATGTGCTGGCATGTGTCGCGGGCAAGCAGCATGCAGTGGACAAGATCGCCGACGTGACGACGAAGCAGCTCGAAGAGACCTATCGCGTGAATGTCTTTGCCCTGTTCTGGATATGCCAGGAAGCGTTGGCCTTGATGCCTCCGGGTGGCTCGATCATCACGACAGCCTCGATTCAAGCCACGCACCCCAGCCCGAGCCTGCTGGACTACGCGCCGACGAAGGCCGCGATTCTCGCCTTCACACGCGCCTTGGCGCGGCAGGTAGCGGAAGACGGTATCCGCGTGAACTGCGTGGCGCCGGGGCCGGTATGGACGCCCCTGCAGACCAGCGGCGGACAGCCGGACAAGAAGATTCCGGCGTTCGGTTCGGAGACGCCGATGAAGCGGCCGGGACAACCGGTGGAGATGGCTCCGTTGTATGTGTTGCTGGCAAGCCAGGAGTCAAGCTATGTGACCGGCGAGGTCTACGGCGCGACTGGTGGGCTCGAGGTGGGATAACGGTTGTACTTCGATCTCGCAACCGTAGAGAATTGAAGCTATGGATAGCGTACGGATGGACAAGTGGCTGTGGGCGGCGCGGTTCTTCAAGACCCGCGCCCTCGCTGCACAAAGCTGCGAGCTGGGCCGCATCACCTCGAACGATCATCAGGCAAAGGCAGCGCGCGACGTGCGCGTCGGCGATCTGCTGCGTGTGAAGAACGAAGGCGGATTATTTGAAGTCGAAGTACTTGGGCTGAGTTCCGTGCGCGGCCCGGCTGCGACGGCGCAGGCCCTCTATCGCGAGACGGAAGCCAGCAAGGTGGCACGAGCAAAGGCAGAGGAAGAGCGAAAGGCCATGGCGGAGTTCGAGCTGCCGACCGGGCGGCCGAACAAGAAGGATCGACGGACGATTAGTAAGTTTCGCGGTCGGGTGATTGGCTTTTAATACGTTTCCTCACATGTCCTTAGATTGAGGAGGACAGGCGGAG
CP003130.1_gap17	499317	502483	3166	ACCGGCAATCTGAACCTGCCGCGCAAAGTTCAGTTCTCAACAGAGATTGACGCCCAGACTGGCATCCCCTTTAACATCACCACCGGGACAGACTCCAACGGAGACGGTATCTTCAACGATCGTCCTTCATTCGCCACGGCTCCCGGCAACGGTGTCTTCGCCACGCGTTACGGTCTGCTCAGCACGAATACCGTGAATGGCAATGTTCCACGTAACTTCGGCACAATGCCCTCTACCGTGCACATCGATGCCAATCTCAGCCGGGCGTTTGCGCTCGACAGAGGCAAGGACACCCCTCGCACGCTCACGCTCAATGTTCGCAGCGCTAACCTGATCAACCATACGAACGTGACCGCCGTCGGCACAGTCGTCTCCTCTCCGAACTTTGCCCAGGGCGTTACCGCAGAAGCTGCGCGTCGCCTGGAACTGGGGGCCCGGGTCTCCTTCTGAGAAGACATCAACCTGGAGCAATTTACCCGATGTCCAGCATGGAGTCTCATCTCATGCAGGGCATCGGGCGCGCCGTTGTACCTATGGGAGAAACGTTCCAGAGCATTTTCCCTGTAGGTGTAGAGCGGCGCCTCGATCTTTATGGATGTTTTCCCCAATGAAAACACCGCTGCACGCCCGTTTCCGGATTCCCAGCAACAGGGAAAATGCTCTAAGTGCTACGCCGGTGCCTGGTGTTCGCAACGGTTAAGTTGCCTCTCGAAAACAAAAGCTACTATTTAGCCTGATAGGCCTTTAGGAAGACGTTGACTGCGGCATGGACGCGCTGGTTCTTTTCGCGAGTTGTTGCACGATCTCCAATACGCAGGACCTATCCGGGACACTCCACTCACGAATCGGCACACGCCTGGATCAGGGGACTGTCGACGGTGAAATGATGGCTCGAGTGAATGGCACGGATTTGCTCCGCCTGTTTATGGAATAAAACCTTCCGTCAGTTGTCTTTCCAACAGAGGGTTTGAATGTTTTTACCGTATTCGAAGTACGTGTGTGCAGGGGTAGTCTTTTTCTTAGCGGCAATCGCTGTTAGAGCACAAGTTCAGGTGACGGTCGAACAACATTCAGCAGATACCTACCCTGCATTTCGGTTTTCTAAAGTCCCACCTCCGCAAGCTCATGATGCAGCGGTAGATGCTGCGATCAGTGTCGTCGACGGAACGGCCGATCCACACTGCGGCGGCCTGTCTGTCCTGAAGGACGGGATTACACCGGTTCGCGCCGACCAACCTAACCTAAATTTCTTTTTTGCACCTGGAAGCAACGGAGGCAGGTTGCAGTTCGATCTCCATAGGCGTGTAAACATTCAGAACGTTAACACTTATTCATGGCATTCAAGCAGCCGAGCCCCCCAGATTTATACTCTCTACGGTAGTGACGGGCTAGGCGCGAACTTCAATCCCGAACCGAAGCGCCCTGTCGATCCATCTCGGGTTGGATGGCGAATGCTGGGCAAGGTGGATACACGCAAGACCAATGGGGCCGTGGGAGGCGCATATGGGGTCAGTATTCACGATCCTTCTCAGCCCGTTGGCCACTATCGCTATCTTCTGTTCGATATAGAAGCCGCCGAAACCAGAGATTCGATCGGCAATACCTTTTATAGTGAGATCGATGTTATTGAGACAGGCCAACCGCTCGCGGATGAGGTTGCACTGCCGGGTCTGACTTCGTATTCCATTGAAGGGGCAAATATCATTTCACGCTGGATGTTTCTCAAACGCCCGAATTGGCCGTCTGGGCCAGGGAACAATTAGTTCCAGTTGTGAAGCAGTGGTACCCGACGATCATTGCGATGCTCCCCAGCCCTCGCTATTCGCCACCACGAAGTTTCACTATCACTTTCTACAAAGATATGGGGGGTGTCGCGGTAACGTCTGGAACACACATCTCCGGCTCTGCTGCATGGTATCGAAACAACATGACTGGCGAGGGGGTTGGTTCAATCGTTCATGAAATGGTCCATGTGGTACAGCAGTTTGGTTCCGCGCGAGTGCCACTGTGGCTGACTGAGGGCTCGGCAGACTACGTACGTTTCTATCGTTTCGAACCCCAGACCCATGGAGCAGACATTCGTCCCGCCGACGCGGCCAAAGCTCGCTATGATGCCAGTTACCGCACGTCCGCCAATTTTCTTAATTGGGTGAGCAATCGGTACGATCCCAATTTGGTCCCGGAATTAAACAGTGCAATACGTCAAGGAGCATACAAGGACAATCTTTGGCAAAAATTCACTGGGCATTCATTGGAGAATTTGGGGGCAGAGTGGAAGAATTCGATTGGGCAATAGCAGAGTGCCAGAGCATGTTCACTATAGGTGTAGATTGAATCCCCGCGCTACATCCACAGGGAAAATGCTCTAGCTTAGGCCGGTGCTCTGCGCCTGTTCATGTGCGTGGTAGCTGGAGCGCACCAGCGGCCCGGACTCTACGTGACGGAAGCCCATCTGCAAGGCTTCGTGCTTGAGGAAGGCGAACTCATCCGGCGTGTAGAAGCGCGACATCGGCAGGTGATCGCGCGAGGGGCGCAGGTACTGGCCGACGGTGAGGATATCCACCTTGCGGTCCGCGAGGTCGCGGAACACCGCAAGCAGCTCGTGCATCTCTTCGCCCATGCCGACGATGATGCCGGTCTTGGTAACGATCGGGCCATCTACATGCTCAGCAGACTCGCGCTTGGCGTTGTCGAGGAAGGCCAGCGAACGTTCGTAGCGGCCGCCGGACTTGGCGACGCGGTACAGCCGTGGCACGGTCTCGATATTGTGGTTCAGAATCTCGGGCCGCGCGTTCACGACGAGGCGGCGAGCCTCATCCACGCCCTGAAAGTCGGGCGTCAGCACTTCCACCTGGCAGCCGGGGGCCTGCTTGCGAATCTCCTGGATGACGTTTACGAAGGCCCGTGCGGCGCCGAGGTTGTCGTCGTCGCGATTCACACTGGTAATGACGGCATGCTTCAGGCCCAGCTGTGCGACCGCATAGGCTACGCGCTCAGGCTCCTGGTGGTCGATCGGCTCAGGCTTTCCCTTGGGCACGGCGCAGAAGCCGCAGCGCCGCGTGCAGAGGTTGCCGAGCATCATGAAGGTCGCGGTCTTGTGGTTCCAGCACTCGCCGATGTTGGGGCAGTGGGCAGACTCGCAGACGGTGTGCAGGTTAAGCTCGCG
CP003130.1_gap18	697333	700044	2711	GCCAACGATGCCGGGGGAGTTAACTTCGGTACAGGCATCGCTTTGAAGGTGTCCGATAACAGCGACGCCAAGTTCTATGCGGAAGGCCGTTATACCTGGATCGACAACAAGCCCACCCCGCACACCACCTATATTCCCCTTACGATGGGGATTCGCTGGTAACCGCGGCGGGTTCTACCTGTGCTTGATTACAATCAGGGGCTAAGGGTAATTCTCCAATTGTTGTAACGCGATGGGGATTCGTGCGTGCCGTCTTCTCCCGGAGAAATGGCATCCAAATCCACGATGCGCGTTATTCCAAAGGGAGAGTTACTTCTGGCTCCAAATCTTCGTCGCATAGAGATGCCTGTGACCCAACTTGCCCCGATGGAACGCTGTCGCGCCGGCTGGTTTACGGCGCTGCTCCTGATGATCAATTTCGTCGGCGATGGCTGGTCCGGGCGCCCGATTGGAGTGGCGCATCAGCTCTTCCTGCTACCGTTTACGGCCGGCTTCCTGGTCTTGCTCTGGCGCTTTCTCTGTGGTTCGGAGAGGGAAACGGCCTGGTGGTCTACGGTGCGGGCTCTTCGGTTGGTATTGTTCTTTGAGATCCTGGCTGGCCTGCTCTTTCTCTATGAGTGCCACCACTTTGCGCCGCTAGGCTATCGGCTGCATCCGTTCGCGGTGCTTGCGGTCTTCATTCCGCTGCTGATTCTTCTTACAGTCTTAATGACCAAGCCCCGCGCCCAGGGCGGCTTGATCTTTGGTGTCGTGCTCGCGGCGTATGTTGCAGGAGTTCTGCTGGCAATCACCAGCTTTCCTTTGAATTACCTCCGCTCGGATATGCTGCCTGTCATCCAGTGGGCAGATACAAACCTGCTGCATCACCTCAGCCCCTACGCGACGATGTACGTAGGCGACCGCATCTACAACTTTCCCTATCTTCCGGGAATGCTCGTGGCGTTCTTCCCGTTCGTCGCGGCCCATCTCGACATTCGTTTCGGGTCTATTGCCTATGTTGTGGGTAGTGCTGTGCTCGTCTTCTGGGCTGCGAAGGTTGAACGGCGACGCGAGGTGGCGGCACTCCTTGGGCTTTTTTTGTTGTGTCCGTTTTTGCAGTATCGCCACGAGCTTTACCTGCAGCCGCACTGGTTTACGCTCGTCGCGATCTTTGTCCTCATGCAGCGCCGCCACTTTGCCTGGGCAGCATTTGTCTTTGGCGTCAGCATGGCGATCTACCAGTTCAGCTGGATTCTCTTTCCATTCTTCCTGCTTAACGCGTTCCGTCGTCGTGGCTGGTTGGAGTCGGCCAAACTTACAGCAGTGGCAGCGCTTGGAGCACTGGCTGTCGCCGGGCCATTTTTGGAGTCAGCGACCCGGCGTATTGCCAACAACACGGTCGGGCAGTGGGGGCTGATGCCTCATGCCGAAGCCATGCCGATCAACCTGTCGTATTGGGTGACGTATCTGGTTCGGCCCGACAAACTGCTGCGGTTGCAGGCTGTTCTGATGATCGCGCTCTTTCTCTACTGCGTCATCCGCAAGGGCTGTGAGACGCTCGAAGACACGTTGCGATGGAGCATCCTCGCGCTGACTGTCTTCATCCTGTTCAATGTGCTGGTTGACGGCTACTTCTATCTCATGCTGTTGGTTCCCATGCTCCTCTACACCTGTGTCGCGAACGGCTGGTGGCGTGAGGCCGAGGGAAGCTACGACAGACCTGACGCGATTGCCACAAACAAGAGTGCCCCAGGACACTGAGCTCCTGAGGCACTGTCGTGCATTCGATTCCATGAGCTAATCAAAAGCCATCGACATCCATGACCGTCTGGGCAAAGGCTTGTGGGGCTTCCTGCGGCAGGTTATGGCCGATGCCACCCGTGATGGTCCGGTGCGCATATTTTCCTGAGAATTTACTGCGATAGGATCCAGGATCGGGATGCGGTGCTCCATTGGCATCGCCTTCAAGGGTGATCGTGGGCACACTAATTACGGGAGTCGCTGCAAGCCGTCTTTCCAGTTCGTCGTACTGCGGTTCCCCTGGAGCCACACTCAACCGCCAGCGATAGTTATGAATCACGATGGCGACGTGGTCCGGGTTGTCGAAGGCCGCAGCGCTGCGATCGAAGGTGGCAGCATCGAAGTTCCACTTCGGAGAAGCGGTCTCCCAGATGAACTTCGCAAAAGCGTGACGATACTTGTCGTAGCCCGCACGGCCGCGCTCTGTCGCAAAGTAATACTGATACCACCAATCATGCTCTGCCGTGGGGGGCAGCGGGTGCTTACCGGCTTCAAGGCCGCTTACCAGGTAACCGCTCACAGAGACCAGAGCTTTGCAGCGCTCCGGCCACAATGCCGCGATGATGCAGGCTGTTCGCGCACCCCAATCAAAACCGGCAAAGATCGCCTTCTGGATCTTGAGAGCATCCATCAGGGCAAGGATGTCGACAGCTACAACCGACTGCTGGGCATTGCGGATCGTGCTGCTTGAAAGAAAGCGTGTTGTGCCATAGCCGCGCAGATACGGGACGATCACCCGGTAGCCTGCCACAGCCAACAACGGCGTGACGTCGATAAAGCTGTAAATGTCATAGGGCCAGCCGTGCAGCAGAACTACGACAGGACCATTCGCGGGACCCGCTTCAGCATAGCCAACGTTGAGCAGCCCGGCATCGATCTGTTTGAGTGAAGCGAACGAGGTGTTTGCTCCTGGCTTAATCGCGAGGATATTT
CP003130.1_gap19	702737	707657	4920	ATCGCCGATCTCATCGAGGAACAGCGTGCCACCGTCAGCGGCTTCGAATCGTCCCAGGCGTCTTTGCAGCGCTCCGGTAAAGGCGCCCTTCTCGTGCCCAAAGAGCTCCGAGGCAATCAACGATTGAGGGATTGCCGCGCAGTTCACGCGAATGAAAGCTCTTGCCGAACGGCTCGACCGTCGATGAAGGGCGCGCGCGATCAGCTCTTTCCCTGTTCCGGTTTCGCCGAGGATGAGGACGGTCGAGTCCGAGGGAGCTACTTTCTCCACCTGCTTCAAGACCTGGCGCAAGGGTTTGGAAGAGCCGACGATCTCCTCAAACATCGAGGCGCGATCGATCTCCTCGCGCAAGGCCAGGTTCTCGTTGTGGAGCCTCTCTTCGGCCTTCTTCCGGCTGTCGATGTTCGTTCCCGTAACGTACCAGCGAACTGTGCGGCCCTCGTCATCTTTGAGCGGGTTGTACTGCATGAGATACCAGCGATACTGGCCATCCACGCCCTTGAGCAGAACGCGTACCTCGAGCTCGAAGGGCACTTCCTCGCGAAGTCCTGCACTACTACGCTCGGCCTGCACGCGGTCGATGTCCTCAGGATGGAAGGGGGTCGCAAAGGCACCTTTTCCGCTCACGTCTGTGATCTCGATTCCGGTCAGTTCGAGAGCTACCCGGTTTACGTAGAGCACATCTCCGTCCGGGGACAGGACGACGACGTATTGGGAGATCGCATCGGTGATCGTGTGGAACTTCTGCTCGTCCTGGCGCAGGTTCTCTTCGGCAAACTTCCGGTCATCGATATCGGTATTGATTCCGTACCAGCGGGCGACGTGGCTCTGTTCATCAAGAACGGGTGCGACGCGTATCAGGAACCAGCGATACTCGCCGTCGAAGCGCCGCAGACGAGCTTCGATCTCTCCAGATTTGCCTGCTTGCCGGAGGGCTCGCCACCACTCTCGTAACGGCTCTATCTCGTCTGGATGAACGGCTGCTTCCCACCCCGATCCGTACACTTCTTCGGAGGAGAGGCCAGTGTAGTCATGAAACTGCCGGTTAGGAAACTCCAGGGAGCCATCCGGCAAGGCGCACCACGCCGACGCCGGGATGCTGTTGATGAACGTGCGAAGTTGAGCCTCCGATCTGTTGGGTTCGTCGAAGGTGTTTTCTTCCTGCGTCAGCGTTCCTCGATGCTCGTGCTCATTGGCGTTCATGGGCTCTCCTATCGAGCGATGCGAACGTAGAAGTTCAAGATTGCGATGGGGTCACGAGGGACGTTCCATAAGGAGCGAAGGAGAGGCTCAGGAATCTCGCTTGTGTCAGTTGGGCCAGCAAGTTTCGCTCACGCGAAATTATAGCGTTCTGGCGGAGCGATTTGTGATTTGGCATTATCGTAAAGTGTTGTATTGGTTCTAGATCAAAGATGTTGGCACCAAAACGAAAGAATCAAACTAGAATGAGCCAACGTGGAAACTATTCTCAGCAATAAACGGTATAGAAATATCTTCTATTCATTCAGCCTTCTTCTATTGATTGTCCTTGTGGCCATACGCTACATAGGTGTGCCTGCCTGGGATCCGAGCATCTCGAGAAATGGGCCCAAAGCGTTTGCCCAATTGATTGAAGGGCTTACGACAAGCTTAATCGTGACGATTCTCATCGGATCGTTTCTATTTTTCGCGACGCCAGCAGTGATGAAGGTTGCAAAGATCGAGCCCGTTGAGCCAAAGATGATCAATGATCTATTGAAAACTGCGACGGCGACATCGATAGCATGGACCCTCCGTGGTGCAATGGGTAGATATACGAGGGCGGAAACCCTGCCAGCCCTCATCAAGCGAGCACGAGTTTCAGGGGCTCGGCGTAGTCTCAGATTAATGGTTCTCGATCCAGATATTGCACGAGTATGTCACGGATATGCGAACTACCGAAATGGAGTTGCGTCCTCGTCAAAGGTACAAACGCCACATACAGGAGCAACTGTTAGAAATCAAATATTGGCTACTGTCCTCACTGCTACAAAGGCGAGTCTGACCGAATCAATGATCGATATCCAGATTTATCTTGTGCCGATGTGGTCCGTCTTCCGTATTGATTTGTCGGATGAATATGCAATTCTTACGAGCGAGGACCCTCGCGAACCCGGGTTACGCATTGATCGTGGATCGCATTTTTATGGGACATACTCAAAAGAATTAGACTTCATTGCTCTCCAGAGCCGTTCTCTTCCTCTGCCTGATAGTTCCTCGGGCTTGCTGCTTTCAAACGCATCGGATGTGAAGGTCGTACTCCAGTCTCTTGGGATTGCTCACGCTGATCTTTCGCAAGAACAATGTGAAGAGATATTCCAACTTATCGATTCAAAGAGTCATCAATATGTCTGATCTGCAAATAGAGAAAATCATCGAGGACTTTTCGTGGAATCACTTGGCGGAAAGATGGGCTACACTGTCCGATCTCATTTGCGCTTGTAGGTTAAGGAGACATCCTCTTGGCTTCATACACGGCGAGTTGATGAGCTATAAACACGCCGCAGTGCGTCTTCATATCTGGGATTCGATCGAGCGTGTTATGCAGGAACCTCGCTGGTTCATACATACGCATACCTTTGATCTTAAAAGTATTGTCCTTACGGGATGTCTCACCAATCGTCTGTATGCGTGGTCTGAGGCTGAATTGAGCCCTAATAAGCGGCTTTATAAAATTACTTACGCTGGAGAGGTGTCCCGTCTGGAGGCTACTGATCAGCTGGGCAGATGTGAGCCGCTTTCGTCCGAGGACGTAAACACAAGCCAAACGTACTCAGTAGATTTCGGTGAGTTCCACAATACATTTGTGCCTGAAGGGGTCTTTACTGCAACCATTGCTCTTACGATCAAACGTCCCGGTAATCCACTTGTAGTCGGTGCTACTAATGGTGAACCCTCCTATTCCTATAGTCGGCGTGAGTTGAACCCAGAAGATCAGGACCGAATAGTCAAAGAGCTTTTCTTGAGAGTCTGTATCTAGTTTAAATCACATGCTTGGTGCAGGCGGTACTGGTGGCTGGGGTGGTGTTGTGGGAGCACGCAGCGACTTCGGCGTTTTGGGTGCCTTAGGCGCCTTGGGAGCTGTCGAAAGCACGGTGACTCCGGGGGCTGTAACCGTAATGCGAGGCGGAGCAGGTGCAGTCGGAGGCAGGGGAGCGACGGTGGTCTTGCTGATGGTCACGTCTCCGTCGCTGGTATTGATCTTTACCTGGGGACCGCCATGGCCCACCGTCTTCAGCAGCGTATTAACTTCTGCCTTCTCCATTGGGGTTAGTCCAAAATCGTTTTCGATATCACCATTCTTCGTTTGGGCGTTTAGCTCAAATCCAGCGCTTGCCGGAACGCCGACGCTCACCGAACCATGCTGATTCGTAACAGTGATCTGTCCCAGAGGCGAGGTGTTGGTGATATCGACGGAGCCATCGCGGTTGGTAATCTGCACGTTGCCTTGCACGCGGTCCAGGGTAATGTTGCGTTCCCGGGTGTTCAGCACGACGGGGCCGAGAATCTGATCGGCCTGTAGCTCCGGTCCGGTTGCTACCTCGAACTCGCCGTCAAGCCGTGCGGCCTGGAACTGGGTGCGGCTGGTCTGGAAGCTGATCGCTCCGTTGATGTGCTCCAGATGGGTCGTCCCGAAGAAGTCTCCGCGCAGCGTCACGGGACCCGTGATGTCGGTGGCGGTAATGTCGCCGGCGCGTCCTTCGACCGTGACGATTCCATTGACGCTGTGTGCGGATACGCTCTCATCGTCGTCGTTGACGTGGGTCTGGACGGCGCCGTTAATTCCATTCAGATCAACCTGCCCGTGATTTGCGGTGAGGGTCACATTGGCGTGGATGTCCGATACCTCTACATCGCCGCGCCCCGCTGTGATGGAGAGCATGGTGTTGTGTGGGACATCGACTGTCAGGTCGGCTTGTCCGCCCGCTACATCCGGCACTTCCAGCAGGACATTGGCTCCGTCAGGCTTCAGTGTAGGTTGCAGTTGAGACTCTTTCTTCTCGGCGTCGCTGTCGCTCCACGCATAGGCCTGCTTGTGGACGTTGACATGGACCTGTCCATCGTCGCTGGTGCCAGTTACCGTCACATCGCCGTGCGGGCAGTGAATGGTAAGCATTCCGCCGGAGGGGATGGAGCCTGCGACCGAGTCGTCCGCATCGTGCCGATCGCCGAAGGCGTGGTCCCAGTTGGTGAAGCCGTGCCCCAGGGCGTGTTCTTTCCACTCCATGCCGCGCTTGGTGGCCCGCGAGCATGCGCCGACGATCGCGAGGATTACCAGGAGCGTGATAACACCGCCGCCGAGAGCGCGGGTGCCGCGGACCGGGCCGCTGCTGTGTTGCGCCTGATACTGATCCAGCGCCCACTCGGCGAGCAGGATGAGTCCTGCGCCGATCATTACGAACGGCCAGTATCCGGCATACCAGTCCAGCGCATGCGCCCAGGAGAGGCGACCGGTCTGGACGAGCAGGAACACAATGCCGACGGCCAGGATCACCAGGGGGCCAACGATCGATCCGCGGCGCTGGGCACGCATCTGCAAGCGAGTCTGAGTGCGCTGCATCCGGGCTTGCTGTTTCAGGGCGCGCTGCTGAGCCTTCCAGTCGTTGCGATTATAGGGCGGCGGATAGGGCGGCTGGCCGGAAGGAGGAGGATAGGAGCTCATCTTACTGCCCACCCTTTGCCGAGTCGTCCGTTGCGGGCCAGTGTGGCACGTGGGGTTCTGTTACAGGAGTTGCGTAGCCGGAGGTCTGCGGGGTTCCGGGAATGAAACTGGAAGCAGGAGGGACGTAGGCCGGACGGCCGACAGAGCGTTCCAACAGCAGGAGTGCACCGAAGGTAATGACCAGGATCGGCCAGGTCTGCCCGAACGTCCATACATGGGCTGCCTGCAGGGCAAAGAGA
CP003130.1_gap20	801035	801911	876	ACGTCGGAGCGGCTGACGAAGATCTACCTGCAGCGGCTGGAGAAGTACAACAAGCAGTTGAACTGCGTGATCACGCTGACGGCGGACCATGCGCTCGATCAGGCCCGCAGGGCGGATGAGGAACTTGCCGCAGGACATGATCGCGGGCCGCTGCACGGTATTCCGTGGGGAGCGAAAGACCTGCTGGATACGGCGGGAATTCCCACGACCTGGGGAGCGGAGCCGTATCGCGACCGCATCCCCGCCAAAGATGCGACGGTGACTCAACGCCTGAATGATGCGGGCGCGGTGCTGGTGGCGAAGCTGAGCCTCGGAGCGCTGGCTTTGAACGATGTCTGGTTCGGCGGGCAGACGAAGAACCCGTGGCTGCTGGAAGAAGGGGCCTCGGGCTCAAGCGCTGGGCCGGGTTCGGCGGTGGCGGCGGGATTGGTAGGGTTTGCTATCGGCAGCGAGACGCAGGGCAGCATCGTGAGTCCGTCGATGCGCTGCGGCGTGACGGGCCTGCGTCCGACGTATGGCCGCGTTCCCCGTACCGGTGCGATGACCCTGAGCTGGACGTGCGACAAGCTCGGTGCGATGACGCGCGGAGTTGTAGACACGATGCTGGTGCTGAACGCGATCTCAGGCCCGGATGGGCAGGACGACGCGTGCGTGCCCAGCAAGCTGAACTTCGCCGCAGGGAAGAGCGTGGCGGGTCTGCGTGTCGGGTATTTTCCGGCGTGGATGAAGGAGGCTCCGGCAACCGCGGTGGACCGCGCGGCGCTGGAGACGATCAAGAAGCTGGGCATGGTGCCGGTAGAGGTGTCGCTGCCGGACTGGCCCTACGACTCGCTCAACATCATCCTCTTCGCCGAATCGGCGGCAGCGTTCGAGGAG
CP003130.1_gap21	829768	833623	3855	GCGGCGATCGGGCATCAAGAGTGCTCCGGCGTGTCCTCCGAAGCCCTCGACCGTATAGCGATAACTGGACGGTGCGGCGATGTTGGTGACGATACCGAGCTCGATCCCCTCGCGCTCCAGCAGCGGGCCCTGTTCGATGTGCAACTCTACCCACGCGTGATAGTGCCCGATGGGCAGCTTCACGCCGGCGAGCGAGCCGTGAAAGCCTGCGGCCTGACGCACGTCTGCAAGCGTAAGGCCGGTGGGCGCAGAGGCGTCGGTCTCAGGCAGGCGGTCGAGCATCCTGTCGGCGGCCTCGGGATCGATGACACCGCCGAGCAGCCGCGAGCCGATGCAGCCAATGCCGAAGCGCGTCGGCTCCTCGCTGGTGAGCATCAATGTTTCAATCGCGCGCTTCGGGACGAAGCCTGCTTCCTTCAACGACCGCATGGCCTCGAGTCCCCCAAGGACTCCAACCGTTCCGTCGTACATGCCCGCGTACGGAATCGCATCGGTGTGCGATCCGGTGCCGACCGCGCCCAGACCTGCATCCGTCCCTTCCCAACGCAGAAAGGTATTGCCCACGGCGTCTTCGCGCACCGTAAATCCAGCGGCGAGAACGAGCTCTTTGAGCCACGCGCGCGCTTCAAGATCGCGCGGCGTAAACACGATGCGCGTTACGGCCTGCGTGGTTCCGGGCAGCGGTCTGTCCTGTATCGGCGGGCAATCCGTGATGAGTGCGAGTAGGTCGAGTTCGTGGAGGAGGCGTTCGATATTGATGGTCAGAGTCATCATGAATTCTCGGGGGTGAGGGAAGCAGATTCCCTGCGGGAATGACAGAAAGAAAGACGAGAAGCCGTTCTACGCGAGGGTGTGCCGATTGAAATCCTTATAGATCAGATATTTCGCAGGCTTCTTGCCGATGGCTCCAAACCACTGCGGACAATACGGTGCCATCCAGATGAAGTCGCCCGCAGACGTCGGATACCAGCTATCGCCGAGCCGATAGATTCCACCGCCTTCGAGCATCAGCAGGCCATGTTCCATGTAGTGAACTTCGACCTGGCTGAGCGCGGCTCCGGGAGCGTACGTCATGGTGTTGCAGGCGAAGTCGAACGTGATGGAATCAGGCAGCAGCGCGCGCACATGGAGGTCTTCATCGCCATTGAGCGCGGTCGCGGGAATCTCCGGCTCGCGGCCGATCAGGAACCACGGATAAGGAACTTCAAGCGCTTCCTGGTCGGCTGGGTCGAGCGGGAGAAAGGGCTTGTCGATGACCGCGACGCGAGCCTTGGTGACAGCCGTCAGCGTGTGCGGATAGTCGGTCGGAAAGTACGCATAGCCGCCGGATACAAGCGTGTGGGGCTCGGCTTTGCCGGGCTCGTCGAGCGTGAGCTCTCCCTCGATCACGTAGATCAACCGTTGCGTCGTCCCCTGCGTCAGCGTGCCCTTGGGCTCGAACTCGACGGTCATCTGCGTAAACGCCGCTCCCACCTGCGGTGCGACGTGCACGATGGCAAGGCCTCCTGTGAGGCTAGGAAGCGGCGTGCGGATGAAGGTGTCTGGCGTGAGCAGCAGATGATCGCGGCGATTGGAACTGCGAGTGTGTCCAAGGTTGTGCATGGTGTCCGATTCTAAGCGGTTGGAGTTAATGTTTCGCGTGCGGCTTCAGATGCACCAGCAAATTAAGCACAGTAGCCAGTGCAGCCTCGACATCTTCTTCGCGGACGCTCTCGCCCGGATGATGGCTGAGTCCGCCGGGGGAACGCACGAAGAGCATTGTCGTGGGCACGTGCGGGGCGAGGATCATCGCGTCGTGTCCGGCGCCGGAGAACATCGGCTTGGCGTCATGCCCGGTACGTTCGGCGGCCTGGTGCAGATGCACGGTGAGCGCGCGATCCATCGGCACAGCCTTTTGCTCCGCCAGCAGCTTCGCACGAACGCTGACCCCGCGCAGGGCTCCGGCGGCCTCGGCCTTCGTGAGCAGATGGGCGACCGCCGCGTGTCGCGATTCGTCCTTCGGATGGCGTACATCGAGTGTGAGGTGTGTCGTGCCGGGGATGACATTCGTCGCTCCGGGCAGGGCTTCGATACGCCCAACCGTGGCGACGAGCTGTGTGTGGTCGGAGGCATAGCGTTCGACTTCGACGATCCACTGCGCTGCTGCTGCCAGCGCGTCGTGACGTAGCGGCATAGGCGTCGTGCCCGCGTGGTTTGCCTGGCCTTCAAAGGTAAGATTTAGCCGCGACTGTCCGACGATCGTTTCGACGACGGCCAGCGAGGCGTTATCACTTTCGAGCACAGGGCCCTGCTCAATGTGGACCTCGAGTGCGGCAAAGGTATTGGGTGTGAGAGGGCAGCTCTGCGCGATGCGGTCGGGATCAAGGCCGAAGTCACGCAGGGCCTGCTCCACAGAGATGCCTGCGCTGTCGGTACGCGCGAGCTGTTCCGCGCTGAGCTGGCCGGTGACTGCCAGTGAGGAGAGGAACGGAAAGCCGAAGCGCACCCCTTCTTCTTCCGAGAAGGCGATGAGTTCGAGGTGGAAGGGAAGCGGCGTTGCTCCGAGCTCTTCTATCGCCGCCAGGCCCAGCAGTACGCCCAGAGGACCGTCAAAGGCCCCTGCGTTGGGCACGGTATCGATGTGCGAGAAGAGCACCAGCGTCGGCGCATCGGCCTTGGCGGAGCGGCGAACCGCGCGCAGGTTGCCGGCGTCATCGGTACGGGCTTCGAGTCCCCCCTGACGCATCCACCAGGTCAGCAGCGTATGCGCGTCACGGGTCTTGGGCGAAAGAAACAGGCGCGTCGTCTCGCCGGGAGCGTCGCTGATACGCGCCAGCTCGCGGCATCGGGCGATCACTTTAGCAGCACGGGTTGAAACAATCTGGTTCGTCATGGCCCACCGTTTTATCAGACACGCCGTACGGTTGCTTCGATGGTGCCGTGTGGCTCATCGGTTGGAACGAAGATGTGATTTGGATTCTCCTGCCCAAAGCGGCCCAGGTCGACCAGCAGGTTGTGCTTGTTCGGCATCAGCATGTAAACCTCGTCGATGATGTCGGTGTGATGCAGCGCGCCCTCGGCCATGGCATAGAGTGTCTGCTGCACCGACAGCGAATCGTGCTTCGCGAAGGTCGTGATGAGGATGTCCCGCAGATGGCTGCGAACCTTGTTGAAGTCGATGCCGGCTTCAATAGCAGCTTTCGTGTAAGGCCATTCGGCTTTGACGGCTGTGCCGAACAGCCGGTCGCTGGTCTCGGGCAGGGTCGTCAGCGAGTCTTTGATGAAGCCCATAAAGCCGGATTGCGCGGTCTTGAGCACCGTGAGCCGCTCGAGCCCGCTGGTAATCGCGAAGGCCTGGCCTTGTTGCCGCGAAACCGTTGTGGTCTGCCGCTCGTCCGATCCGCGCATGAAAGCCGTCGGATAAGGTTGGCCATCGACGGTAAGCCGCTTCCACAGCGTCGACTCGACGACGACCTCGACGCTCTCGGCCTGCGGGTTGCGTCCCAGCAGGAAGTCGATGAGTTCCTTGGCGTAGTCCTCCATGCTGGTGGCCTTCGACTCGCGCGCGACGTGATAGACCGTGTTCTTCATCGTGTCGGTCGGAAGAATCTTCGCGTTGTCGCCGAGAGTGTGCGCAGTGTCGAAGTCGCCGGTGAGCAGGACCTGCACCGTCCACTCGTCGAGATCGTGATGCTGCTCATGCCTGGTCACACGCATCAGCCGCACGCGCGATTTGCCATAACGATTGGAGACAAGTTTTACAGGCATCGTGTCCTCTTCCTCTTTAACTTCCCCGATAGGTGGTGTAGCCATTGGCAGTCAGCAGCAGAGGGATGTGATAGTGCTGCGCCGGATCGGCGACGGCGAAGGTGATCT
CP003130.1_gap22	871877	875057	3180	GTTCGAGCCCGAGCCGACGGAGACCAGCAGATGCTGGCCGTCCGCGCTGAAGATAACGTCGCGCGTCCAGTGGCCGCCGCCGGTGAGCTGAGCGTAGCCCGGGATATCGGGAACGATGGTCTCGGCAGCGCCGGAAGCGTGCAGGTCTCCGGTCTTATAGGCAAAGCGCTGGACGGTGGTGGCGTTGCCGACATAGAGATACTTCGGATTCTTGGCCGGATAGAAGGCGATGCCGAAGGGATGATCGAGACCTGTAGCAAACTTCTCAATCCTGGCAGCCTTGCCGTCGGGTCCGATGCCGCGAAGGACGAGGAGGACGCCGGCGCCGGAGTCGGCGACGAAGAGGTCTCCGTTCGGTGCAGTGCGGATGACACGCGGCTCGGTGAAGGTGCCGCCGCTGAGCGTCATGTGCTCTTTGTTATCCGCGCGCTGCATAGGAGTGGCGTCTCCACCGGCATAGAGCGTGACCTTGAAGCCTGCAGGGGCAACAGGCCAGGCGTTTGCGGGCTTCGCAATGACACGGGGGGTGTTGTTGACCGACTCGTCGGGATGGGGTTCGGGCAGATCGCCGACAGTGATCTTATGGCGAACGCCGGGGGCCTGTTGGTTGTAATCCGTGAAGGCGGCCTGGCCTGTCAGCAGGGGCTGCTGTGCGACGGCGTTCGCCGACATCAGGGTAGCGGCTGCGGCCGTGGCGAGAAGACTGAGAAAACGTTTGCGCATGTGGACTCCGTGGGAGGGTTGGTCGTGAGCGTCGATGAGGGACGTCCTTGTATGACAGGACGATGATGGAATTGTACGAGTTTCGTTCAGGGATGCGCTGGGGGCGCTGAAGATGGCGGATTCTCTGTTGCCGTCGAGTTGGCTGAAGCCAGGGCCTTGATCTGCTCCAGGCTGGCGGTAGCCTCCAGCACGGCGCGATCTTTGTGTTGCTCAAGCGTGGTGGAGGTCAGGATGCTGCGCATGGCGGAGTCGGCGGCGTTATGCGGCTCCGCCGCGCTGCCCAGACCGCGCAGGATGTTCAGCAGCGTGGTCAGCGTCTCTACGGTGTGCTGGGCGGCCGCCGGATCAGGGGCGATCTCTTCGATGCGGAGACGAACAGACCCGCTGTAGCGAAGGCTGGCGACGAGGTCGGTGTCTTCCGGCAACGGCAGTTGCAGCCCCAGAATCGAGATATAGCCGTCCTTCGCGAAGGGAAGGCCGATGTGGCCGATCCCCCAGGCCTGTGAGAGCAGAGGGACCTCGGAGTAGCGTGCCGCCAGCAGCGACGATCCTGGCGTGCTCAGCGCTGAGGCCCGTGAGCGGTCGAGCATCGAGTGGATCTGCTCTGCCGTGGGGGTGTTGGATGCGGCGATGGTGTCATAGCCGAGCTGCGTCACGCGCAGCGTGCGGCCTTCGAGGGGGATGCAGTAGATGTCTCGTCCGGCGTAGCTCTCGTGCGAGGTCGCGATGCTGGCAAGATACTTTGCCAGGCGCTGTCCGTCGAAGCTTCCGACGAAGACCTCGGAGTAGGCCACGGGGCCGTTGGGGCCGTTCGGATTGGCCATGCGGTGCAGCGCGAAAGCCGCGTCGTCGATGTCGCGTTCGGGCACGATGCCTGTGGCGTCGATGAAGTGCTGGAAGTCGCTGCTGCGCTGCACGGGCGTCGCGTCGAAGTGGGTTGCGGCGCGCACGGTCTTCAGGTGGATGTAGACGATAGCGTCGGCTTCGGGGAGAAGCCGCGCAGCTTCGGGGGGAGAGTTCGCCCGCAGGTAAAGTGAAATGCCCAGCGCTGCCAGCACAATCAGGACGACTAACAGGGGAATGAGGGTACGTTTGCGCATAGGTGGTTAAGGGAAGAGCTTGCTTGTCCTAACGGTGAAACGAGTGCCGGGGGCCCATGCTGTGTGATTTTACTCGTGCAATCGTTTGGGGTAATGCAGGCAATAGAGAGCACTGCGTGATTTTGCGAATCATACCGTTTCGCCATGGGTTTCTTGCAGGGGGCGTGCTGTGATAAAGTCAAAACTGCGCTGCGCGGTTCTGGCAGCGTAGTTTGCTGTTTGGGCTGGCGTAGCTCAGCTGGTAGAGCACCTGATTTGTAATCAGGCGGTCGGGGGTTCAAATCCCTTCGCCAGCTCCAGATTTTCCGCAGCATTCGTATGAGAGTTTGGTTGTACCTGCTTGTTGTTCCAGCCTGCAGTGTCCGCCAGCCACATCTGGATTGAATTCTGGCGCGAATCTTCGTGTTGGGCATTTGTACGGAGTGTGGCAGGGCATTTGTTGGATTGGGCCAATCGGCGGGGTAGGGCACAGGTGGCCGAGTGGTTAATGGCAGCAGACTGTAAATCTGCCGCGCTTTGCGCTACGGAGGTTCGAATCCTCCCCTGTGCACCATTTTTCCGCGGCTTTGTTTCCGCCGCCAAAAGGAGTTCGGTTCCATGAACCCTTCGGGCACGGGACGCATGGTTGTCGCGCTGGTAGTGTTTGCATTGCTGGCGGTGTTAGTCTGGCGCACGATGGAGCCAGGCAGGTACCAGCAGTTGGCTTGGCTGCTGCTGGGGTTTTTCGCGTTTCGGGTCGTCCTCGGACGGCTGCGTTCGCGATAAGCTAGAGGTAAGCGCTGACGGCGAAAGCCGCCGGTGTGCAAGAAGGCTGATGTAGCTCAGTGGTAGAGCACTCCCTTGGTAAGGGAGAGGTCATGGGTTCAAGCCCCATCATCAGCTCCAGATTTTAGATTTGCAGCACTACGGGCGGGAGTAACTCAGTGGTAGAGTCACAGCCTTCCAAGCTGTTGGTCGCGGGTTCGATTCCCGTCTCCCGCTCCAGATTTACAAGGCTTTGAAGGCAGGATTTCAAAACAATGGCGCAGCAGACAGCCTTTCAGGTAGACCGTTCCAGCGCTCTGTACGAGCGGCCGGCCATGAGCATCCTCGATCAGCCCACCTTCACGGCCGTGAAGCAGGCGATTGAGGCCTCTTTCGCGTCCCGTAACGTTGAGAAGTTTTTGAAGTCGCTGGAGCGCTCCAGTCTGCGCATCCGCAGCTTCGAACTGGTTCTCAAGGCTGGCAAGCTCGGCACGGAAGCAGCGGCGCAGTATGCGAAGCTGTCCAACGGCGACCAGGGGCAGATTCGCGAGTTCTATCTGGCCTCGCTCGAGCAGGTGGAGCTTGCTCTTCGCGATAAATTTTTCAAATTGTA
CP003130.1_gap23	936080	937124	1044	AATGGTGGGTCTCTCCAAAGAGTCATCGATTGGTTATCACTAGTCCTTCTTTCAACGAGACAATTCCATCCGCGAAGAATGAGCCGGCGACTATAAACCGCGAGGCCTATTTAGTTCACAACCTGCTGGATCAGGCCATCCATCCTATTCCTCACTTTGGTGGGCCTACGAATTTAAAGGTGGAGGAAAAACCTTACACCGTTGGCAAAGTAAAGTTATCCTGCCTTGTCGTCACGTCATCCGTTGCTAAGGATAAAAAGGAGTCGGCACAGGCTAAACCCATCAATTCACAGTTCTGCACTGAGCCTGATCGTAATGTGCTCCGCATCCGCTTTGATGACGGTTATGGTCTTGAGATTGTTCGCAACCGTTTGGCGAATTTTCTGAATACTTCAGTGGCCCTGGAGAACGGTGTTTCGTACGGGAAGTTGGCGATTACGGGGCATGTCGATGTTCTTGAAACCTACGATCCTGTAAAGACGCCTGTTGAGCTCGAGACCTCTTCCAGAGAGCCTGAGAGGATTTCGGGTCTGGTCATTGCAGGGCATTCTTTGAGTAAAACTGTTCCCTCATACCCACAATATGCCCGCGATCAGCATATAAGTGGGACTGTAGTCCTCTGCGCTATTATTTCGAAGCAAGGAACGATTAGTTCGCTGGATGTTGTTGCCAGTCCTGATCCATCGCTTTCCCAATCTTCTCTCGAAGCTGTCAAGCACTGGACCTATTCGCCTTATCTTCTAGATGGGGTTCCAACTGAAATCGACACGACTATTACAGTGAATTACGCACTTCGATAACGTAACGTCTCGAATCTGCATTTCATTCCAAACATCCAATCGCTAAGGAGATCTTTACCCCAATGATTAAGACTCATGGCTATGCAGCCCAGTCCTCTACTACTCCTCTTGCGCCTTTCGACTACGAACACCGTAGCCCTGGCCCCAAAGACGTTCATATCTCCGTCGATTTCTGTGGCATCTGCCACTCCGATATTCACCAGGCCCGCAATGAGTGGGGCAATTCGCTTTATCCCATGGTTCC
CP003130.1_gap24	945116	946251	1135	GGGCGCCCCTTAGGGGCTGGAGTTTATTTTGCGCTCCCGTGGTCGTAGCTGATGACACGCGTTATCTGCCATACCCCGTCTTTGAGGCGCCAAAGATGAATGAACTTGGCCTCTCCGACGACATCACGGTCCTGGACGCCGATGTGGTGGAAGCGATGAACTCCAATTTCGACGGCTCCGTAGCCTTGAATCGGATAGACCTCAAGCGAGCCGGGTACCAGCTCCCGTTGGATCTTGCCACAGAGATTGTTCTTGATGCCGTCGACGACTGTCTTGCGTCCGTACTGCGGATCGTTCTTGTCGTGATAAAACTCCAGGTTTTCGGCAAATTTGCTTTCTACCGTGGGGAGATCGCAGGCGTTTACGGCGTTAAACAACACACTGTCTTGCGCGGAGATTGTCTGGAATAGCGTCTGGCCTGATTCTGGCGTTGATTGAGCAAAGCTGCGGGTGAACGGCATGATGCAGAGAATGAGAGCCAGACCGCGCAGGACGATGGGTGTGTTCATGAGGAATGCCTCTTTGAGATCGAGATGAGTGCAGTACGTGGGCAGAGGGAGGCAGGTTCCATGGGGAAGAGGGCAACGTAGGTGTGCTGCTCTTTGCGTCTTAGGCGGAGCCGGGTTTGAAGGGGGAAGTCTTGATCTTTAGGGCCAAGGGCCCGTTTCATCCCAGCCTGGGGTGGAGCGCAGCAGCGAGCGGTTTTTGCTCGCTGCAAGCGTAGCCCCAGGTACAGGATCAACTCGAAAGCAGAGGGCTGTAAGCCCGACTCATCTTCCATGCAGGGCACGATAAATCGGGCTTACAGCCCTCTGCTTTCTTCTCCTGCACTAACCTGGGGCGTCGCTCCCGGAGCTACCACGCTGTCGCGTGTTGACCCGGGTTCGCTTTGCCCCAGGCTGGGATGAAACGGGCCGTTGGCCCTAAAGATCAAATGAAGCCTTTTTTCGCAGCCTGTGAAGGCGTGCTCTTGCAGCCTGTGAAGGGCATGCTCTTAACGAAACAGAGTTATTTCAGCCAACTGCTGCTTAACGCACGAAGGCCGCGATCTGAATCGCGGCTTTCGTGGTGCTTCAAGCGGTGGTTCGCTTATTCGGGGTTGGTGGTTTGTACGCCGATCGCATCGCCTGAGACG
CP003130.1_gap25	947601	949608	2007	GGACCCTGTGCCGTTACCTGGCCCGTGCGGGCTCCTGGAGCGACGGTGGTTGGATTGGGTTCCTGGCCCGTCGCACTAAGGCACACGATTCCAAGAATCGCTGCGAATGAAGCTGCAGTTGTAGTTTGCTTCCACGTGCTGAGCATTGTCCCGTTCTCCTTGCTGACTGGCCGTTGCTAAAGATGCAACGGCTCTTGGCGATAAATCGCTACAACAAGGTCGGATGCCCCACATAGGACAAAAGGTATCCGCAAAATAAATGTCTAAATCAGGCAACCAAAGGGGTTTGCGTGGGGGTTGTATGGGTGATTGGGAAGGGTGAAGTTTTATGGGAGTGTTATTCAATCGCGCGAAGAGCGCAGCTGGATGGCATGTGCCCTGGAGGCTTGGCACAAAGCTAAGCCCCGCAGGGGCGACGCTATCACAGCCCAGGGTGAAACCCTGGGTAACAATGCCCCATAAAGAGGGGTAGCCCTGAAAGGGCGATCTATCTCGTTGGACATCGATAGGTCGCCCTTTCAGGGCTTTATTCTTTCTCTTCGCTACGGAACCCAGGGTTTCACCCTGGGCTATGATGAGGCCGCCCCTGCGGGGTTGGGTTCGGTGGCATGATTTGCCCCAATCGGGACTCCGTTGCTGTCTGTGGCTCATGGCAACGGTGCTGTGGCGACAGACAGCAGATTCCCTGCGGGAATGACAACCAGAAAAGCAAAGGCAACAGCAACAAAGGCAAAGACGACCTGCAACAACAAAAGCAAAAATGACCGGCTACTGCCCGAGAATCGGCACGCCGCCTACGGCCATGCTTTGCGCGATGCGTTCCTTCCACTCTGCGGGGCCGGTGATGTGGACGCTGGAGCCTTTGGTGTCGACCGCTACGGTCACCGGCATGTCGACGACTTCGAACTCGTGGATCGCTTCCATGCCCAGGTCCTCGAAGGCGATCAGACGGGAGTGCTTGATGGCCTTTGAGACCAGGTAGGCCGCTCCGCCGATGGCGATGAGGTAGGCTGCCTCATTGTCACGGATGGCGTCGATGGCCGCGGCGCCACGCTCCGCCTTGCCGATCATGCCCAGCAGTCCGGTCTGTTCGAGCATCTGGCGGGTGAACTTGTCCATGCGGGTTGCTGTGGTCGGGCCGGCGGGGCCGACGACCTCGTCGCGTACCGCATCGACCGGGCCGACGTAGTAGATGAAGCGGTTGCGGAAGTCGACCGGCAGTTTTTCGCCGCGGTTGAGCATGTCGGTCATGCGCTTGTGGGCGGCGTCGCGGCCGGTGAGCAGCTTGCCGTTGAGCAGCAGCACCTCGCCCGGCTTCCAGGTCTTTACCTCTTCGTGTGTCAGGGTGTCGAGGTTGACGCGCTTCGCGCCGTGCACGTCATAGGTCAGCTTGGGCCAGCTCTCGAGCGATGGGGGATCGAGCGAGACAGCGCCGGTACCGTCGAGCACGACATGCGCATGGCGCGTAGCGGCGCAGTTGGGGATCATCGCGACCGGCAGGTTGGCGGCGTGCGTGGGCCAATCGAGGATCTTTACGTCGAGCACGGTCGTCAGTCCGCCGAGGCCCTGCGCTCCAATGCCGAGCGCGTTGACCTTGTCGTAGATCTCGACACGCAGCTTCTCGATGTTGGTCTGGGGGCCGCGCAGCTTGAGCTCCTGCATGTCGATGTCTTCCATCAGGGCCTGCTTGGCCAGCAGCATGGCTTTTTCGGCGGTACCTCCGATGCCGATACCGAGCATTCCGGGAGGGCACCAGCCCGCGCCCATGGTGGGGACAGTCTTGAGAACCCAATCGGCGACCGAGTCCGAGGGGTTCAGCATGACGAACTTCGACTTCGCCTCGCTGCCGCCGCCCTTTGCCGCGACGGTTACGTCTACCGTGTTGCCCTTGACCAGGGATACTTCGACGACGCAGGGGGTGTTGTCTTTGGTGTTCTTGCGGCTGAAGGCGGGGTCGGCGAGAATGCTGCCGCGCAGCTTGTTGTCAGGATCGAGCCAGGCGCGGCG
CP003130.1_gap26	955325	960102	4777	AGTTGCCTGGCACTCAGTTCGGTGCTCCGATCGACAGCCGCGAGATGAGCGTCGATGCCGTGCTGGGAGCGAATCTCCGCAGCAGCGCAATGGTGGAACTCGCAGTTGCAGATGGCGAGAAGCCGCTGCCTCTGCGGTCTGTACGGTTGGAGATGCGGCAACGCAGGATCTGCTTCGATGCTGCTGCGAGCGAGGCTCCCTATACCCTGAGGTATGGCGATGCGATATTGCATGCCTCGCTCTATGACTATGCGCGCCGGTTTGTTCCTGCCGCGAAGCCGCTTGTGGCTACTTTGGGTGCGGAACGGGTGAATCCTGGTTTTGTCGCGCGTGTGGACAGACGGCCTTATATCGAGAGGCATCCCGAGCTGGTTTGGGTGGTGCTTCTGGCGGGGATTGCCGTTCTGGGCAGCTTTGCCCTGCGCAGTACCCGCAGGCATAGCCAATCAAGGTGGGAAGAGAAATAGACTCATAGGTGTCGAGGCTCACGAGTGGCAGTGCGCAGAGTCATTCAAATGAGGGATGAGAAGCATGCAGGTTGTTGGTCGGTTGATGGTGGCGATGATGCTGGCGGGAACGGTTGCGGCACCCACCCATGGAGCAGCACAGATGAGTGCCGCTCCGGCACAGAGCGCCCTCGTCGAAGGCAAGCGCGCGTTGGCGGCGAAGCAGTTCGTGCAGGCGAAGAAGATTTTTACGGAGTTTTTGCAGACGCATCACGATGACGTCGAGGCCCAACTTGGATTGGGAGATGCGGAGCTTGGGCTGCATGAGTATGAGGCTGCCGAACTGACGTATCGCCGCGTCGTCTCGGCGCAGCCGGAGCTGTGGAATGCGCACAAAAATCTGGTCATCGTGGAAGCGGCGCTGGCTCGGTGGGAGGAGTTCGACCGCGAACGCGCGCTGCTGCGTGGCGCTCGCGAACGGGGCGCTCCGGGGATCTCCGCTCGCGAGAGCGATGTGATCGACAGCTTCACGGTGCAGGGGCAGCACTGGGTGGTGCGCGAGTACTTCGAGCCGGTGGGGCGCTCGCTGACGCGGTACAACTTCGAGCACTTTTCACCCGATGGCAAGGCTGCGGAGTACATCTCGCTGGAGTCCGCCGAGGCTGCCCAGAAGGCGCTTAAGCCGGGAGATGTCCGTATCGGTACGGAACAGAGCAGCCGGTTGAGCGTTAAGGATTTTGCTCTCAACTGGTATACGAGCAAGGCCCATGGAACGGTGGCGCGCTATGCTGCTGGTGAGCCGAAGTATGAGCGGGTGCGTGCGGATGTTCTGCGATGGTTGCATCGCGCGGGTGCGAAATAGATTGTTCTTCTGGGAGCGTTAACCGTGACTGGGTGCCCCATCCTCGACGCGCGCTTTTGCGCGGCAGGGTGGGGTATAGACGCTAAGCGAATCCCACAGATCTTCGAAGCGCGCTCTGCGTCAGGGGTATCGTGCAAAGCACGAACGCCTTTGGCTTGTAGCGGCAATCGTGCCCCGATGAGGGAGTACGGTCGTTTGCTACCGCAAACGATACCCCACCCTGCCGCGCAAAAAACGCGCGTCGAGGATGGGGCACCCGGTTCTGTTGCGCTTCGTGATTTTGGAGCTTATCGCGATGCTGCGTCTACCTCGGCGAAGTAGCCGGGTGACTTGAGGATCTCGCGGGGCTTTGAGCCGTCGGCGGGGCCTACGAGGCCGTCGCGCTCCATCATGTCGATCAGGTGTGCCGCGCGGCCGTAGCCGATGCGCAGTCTGCGTTGCAGCAGCGAGGTTGAAGCCTTTCCGAATTCGAAGACCAGGCGCACGGCATCGTCGAACATGGGGTCGTTGTCCTCGCCGTCGTTCGCGCTTCCGCCGTCTGAGCCCTTCTCGTCTTTCGGCCCTTCGAGGAAGCCTTCGACGTACTCGGCTGTACCCTGTGCCTTCCAGAACTCGGTGACGGCGGAGATCTCTTTCTCGGTGACGAACGGCGCGTGGACACGCTGCAGCCGTGAGGTTCCGGGAGGCAGGAAGAGCATATCGCCGCGGCCCAGCAGGCTCTCCGCGCCGTTGGAGTCGATGATGGTGCGCGAGTCCACCTTGGTGGCGAGGCGGAAGCTCATGCGCGTGGGGACGTTGGCCTTGATGAGGCCGGTGATGACGTCCACGGAGGGACGCTGTGTCGCGAGCACGAGGTGGATGCCGACGGCGCGAGCCATCTGGGCCAGACGGGTGATCGCCTCTTCCACGTTGGCGCGGTCGAGCATCATCAGATCGGCGAGCTCGTCGATGATGATCATGATGTAGGGCAGCGGCTCCTGGTTTACGTCCTCAAAGAGGTAGTCGCTGCCGTGGTCGAAGAGCTTGTTGAACTGGTCGATGTTGCGGACGTGGTTGGCGGCGAGCAGCTTGAGCCGCCGCTCCATCTCGCGCACGGCGTTTCTGAGGGCGTTGGCGGCGAGCTTGGCCTCGGTGATGATGGGCGTGAAGAGGTGCGGGATGCCTTCGTACATGCCGAGCTCGACGCGCTTGGGATCGACCATGATCATCCGCACCTGTTCGGGGGTGGACTTGAAGAGCACGCTCATGATCATCGCGTTGATGGCGACCGATTTACCGGAGCCGGTCGAGCCGGCGATGAGCACGTGCGGCATGCTGGCCAGATCGCCGGTGACGATGCGGCCGCTGATGTCCTTGCCCAGAGCGATGGGCAGCTTCGACTTCGACTGTGCAAAGCTCTCGCACTCGACGACGTCGCGCAGCCAGATGGTCTCGCGATTGTGGTTCGGGACCTGGATGCCGACGGTGGACTTGCCCGGCATGCGCTCGATGAGGATGGACTCGGCGGCCATGGCGAGGCAGAGATCGTCGGCCAGACCGGTGACGCGCGAGTACTTTACGCCGGCGTCGGGACGGAACTCGAAGGTCGTGACGACGGGGCCGGGGTTGATCTGCTCGACGTTGCCGTCGACGCCGAACTCGGCGCATTTTTCGACCAGGGTGCGGGCCTCCTGGCGGAGCTCGTCCTCGCGTACCTGCGCGTGCTCCTCGCTGCGATACAGCAGGGAGCTGGGCGGCAGCTTGTAGCCGCGGATCGATTTGGTGGTCATGGCAACGGCGCGCATGTCCGCGTCGGCGCGCTTGCCGAAGGCGATGTTCTGCGCGGCGATGTCCTGCGTGGGTGAGGGCATCGGCGGGAGCGGCGGTTGTGCCAGTTGCGGGCGTGGCGTGGGGATGCGCGCCGGTGGCGGCTCGGGGATGTCGAACGCGGCCAGTGAAGGCTTCGCAGTGATAGGCGTGCTGCGCTCAGGAGCATCCAGCCAGCCGTCGTCGTGGGCCTGGGTCTTCCTGATGGGCGGATTGCCGGTGTGGGGAAGGTCGGGATCGCTGCCGGGGGTGCGCAGGGGGACGGACGCGGCGGCGAGCTGGGCGGCGTAGGGTGCGGCGGCAGCGGCGGCTGCGCTCAGGCCGGTCAGGGGCACCTCGTCGACCATGGTGCGCGGCATGGTCTGCCACATGGAGGGCGCTTCAGCGGCAAAGTCGGCGCGGTCGCGATCGTTCGGGTCTACATCAAGGTCGGAGCCATGATTTTTGCGGCGGCCAAACCAGCCCAGGAAGCTGGAGAGCAGGGAGGTGCTGGCCGGCTGAATTTCGCTGACGGCTACTGGGGCTTTCCCGGCGCGGCTGCGGGCCTTGGCGATGGCGCGCTCGCGCTTGGTCTCATAGGCGCTGACGACCTCTTCGGTCTCGTTCTTCTGGCGGCGTTCCTTCCACGCGGTATAGCGTTCGCTGGCGTTGCGGATGAACGCGAAGTGTGAGGTGAACCATTCGCGGGCTGTCGAGAGCGTGAACGTGGTCGTCAGATAGAGCGCGAACGCGACCATCAGAATGCAGAGGATGATGGTTCCGGGCAGGTTCACGAATTGGATCAGGCCATCGGAGAGCAGGCGACCCACTACGCCGGAGAGCGGCAGGGTATGTTTCCAGAGCGGATGCCAGGGGAGCAGGTAGATGGAGGCCGGGGCGAACATCAGCCAGAGCACAAGTCCGAAGACCTTGGCTTTCGTCGAGCCGACGGCCCGCGAACGCATCCACGAGAGGCCCAGCCGGATCATCACCAGGGGCAGGAAGAGCACCGAGATGCCGAGCGTCTGGAGCAGCACGTCGGAGACGTAAGCGCCGATCAGGCCGGTCCAGTTGTGCGCCGCATGGGGGCCGGTAGCTCCGCTCACGGTGTTGAACGAGGGATCCGTTGGAGTGTAGCTAAGGAGCGAGAGGAGGAGGAGGCCGGCGGCGACCAGGACGACGAGACCTAGCATCTCGTTGAGACGGCGGCTACGTGTGGGCGAATAAACGAGTCTCTGAGGCTTCATAGGTGGATGGACGCACACGATCACGTTCGCCTGCCGGTGCCAGACCTCGGCGCATGGACGGGGACAACGAGACCTGGAACCACCAGAGCACTTTTATTGTTCCATAGTGCGCTGTGCGGTGCGCAGAGGCTGGGGGTGGAACCATAGTGGTGACGGGTAGGCGCAAAACGTTAGGATGGAAGCGTTTGACAGGAGACTGCTTATGGTACGAGGTTTTTGGCTCGGATTAATGATCGTGATGGGTTTTACGGCCGCATCTGCCACGCCAGCCAGGGCAGATGCTCCCTGCGGGCAGCAACTATCACCGACGGTCTCCGGGCATGGAGCTTCGTGGGCGATCTTTCCGCCGGAGAGCCTGGCGGGGTTAAAAGCGCAGGCCGGGACAGAGACTGGCCGCAGCGTCGTGCGCATGGCCACGACGTTCCTCAGTGAGACGC
CP003130.1_gap27	1040195	1043220	3025	GGAATATCATCCCGGCCTCACGTATCAATCCTGTTGCGCAAAAGATTCTCTCGTTTTACCCCTCGCCAAATCTTCCGTCGACAGCAGGCCTGAATACCTGGGTTAGTAACTATCAGACACCGCAGCCTCTGGTGGATGTCTACAGAAACGTTCTGGCTAAGATCGACCAGAATATCTCCAGCAAGGATCGTCTGACCCTGCGTTATGGCTATTGGGAACGCTCTGAGACGCAAAACTATAACGGCATTCCGGGAGCTGCAGCTCAAGGCGAGTATCCCCATGGCGAGCGCAGCAATACCTTCGCCACGGATTGGGTGCACACCTTCACTCCCAACCTGCTGTTTGATTTCAGAGCATCGGTCATCGTTCGTGGCAATATTGCCGAAACAGGCCCTGCCAACTTCGACATTACTTCTCTCGGACTCCCTCCGTCGCTCGTATCTGAGCTCGGAATCTTTGCGAACCACTTCCCCTCCATTGGGGCGAATGAGTTCACCACTTTGGGTAACTCAGGCGGCCAACTGACGATTGGCAACTCTTTGGCCATGTTGCCGAGTGTGACGTGGGTCAAAGGGAAGCACACGATCCATGCTGGAATCGATTGGCGCATCCTCCAGGACAGTACGCGTGGTGTCCAGGGTGGCATGTCACTTAGCACCGATCGCACCTGGACACAGAAAATTTACAACACGGGTGATCCGGGCAGTGGTAACTCGATCGCCTCGTTCCTGCTGGGTACCGCGAACTCAGGCAGTATCAATATATCTCCGAACATATTCTTCTCCCAGCACTACTACGCACCGTTTGTTCAGGACGACTGGAAAGTCACACCTCGGCTTACATTGAATCTTGGAATTCGGTATGACCTGAACGAACCACCCGTCGATCGTCATAACCGGGCGGACTACGGCTTCGATACAGAGGTGGTCAACCCTGTTAACTCTCAGATCGACCAGAGTGCCTTGCCGAATGGGCCGGTGAAGGGCGGGATGACCTTTGTGGGTGTGAATGGAAATCCCCGCGCCTTCTATTCCGCCACGAAGACAGATGTGCAGCCGAGGTTTGGTTTTGCCTTTGCGGTGGATGATCGCACCGTGCTGCATGGTGGTTTTGGGGTGATGTACAGAAACCCGAACCCCGGTCCGAATCAATATGGTTTCTCGTCTACAACTTCGTATGTCGGGTCGAACGACGGAGGAAAGACCCCCATACCGCAGAGTGTATCGAATCCGTACCCAACCGTTATTCAGCCGACAGGATCATCGCTGGGATACCTCACTGCCCTCGGACAGGGGCCCTATTTCATCAACCCGCATTACAGGACACCTCAGTTCCAGACATTCTCTGTTGGTATGCAGCATCGTTTCCTGAAGAACGACACCCTGGAGATCAACTATGTCGGGACTCGGACCTATCACAACGACAGCAACGACAATATCAATCGCATCGCGACAACAGCTTATGCGAACTGCAACATCTTGTTGGGTGGAGATCCCAGCCGTTGCGACAGCGCTGCTGGCAGCTATGTAAAGAACCCCTTCTATCAAGCTCCCGCCTTCCAGGGGACCGGCTACTATACGGCTTCTACGATCCAGGCCATCCAACTCACCCGTCCTTTCCCCCAGTTCACTGATATTCAGGAGTACCAGCTGAATAACGGCCGCTCCTGGTACAACGCCATGCAGGCGACAGCGATGCATCAGTGGAACAAAACCCTGACGCTGCATGCGACCTATACCTGGTCAAAGACCATGGATTCGGGCGGCTATGCCGATCAGATCTATCGCATTCCCTCAAGGAATATCGACTCATTAGACGCCACCCATGCCGTCACCCTCTCAGGTGTCTGGCTGCTCCCGGTTGGCCGGGGTCAATATTTCCTGGGCAATATGAATCGGGTACTGGATGAGGTCATTGGCGGTTGGGAGTTTGGATCGCTTTATGTGTACCGGTCAGGTTTTCCATGGCAAGTGAATGCAAACAGTCAAAACACCTTGTATTTGTCGAACGCCTGGGTTCCGAGGCAAAACGACCCGTCGATTGCGAATGCCATACGTGGGGTGAAGCCCTGTGCTGCCCAATATGTACAGCAAAGCGATAACTCCTATGTGTTGACGCCGATTCAAAGCAATTGCGGAGGAAACTACAACTTCATCGTGAATCCCCGCTATGCCGCAACGCAAAACAATATCTACTCCGGCATTCGAAATCCCGGCACCTGGGACTGGGACATAAATCTCGCAAAGAACTTTGCGATCTATGGACGTCTTCATCTCCAGCTTCGCCTCGAGGCGTTCAATGTCCCAAACCACCCAATCTTCGCCGGAAGTTACGACAATGGTCCGCTGGATGCAGGCTTTGGAACGATCAACAAGACTTCAGGGCAAACCAATCAACCCAGGCAAGCTCAATTGGGAGCGAAGTTCCTCTGGTAGTGACCGGGCTATAGCAAAGAATGACGCGGGATCCGTACCGCTACGCATCGACGTGGCGAAAACGCTGGACAGGAGATAGTTATGAAAACTACGAAAACAACTCAATGCGGACAACCAGTCCAAAAGATGTGGAACTACACGTTTGTTCTTGCGGCCTGGATCTGTTCGCTTTTGATGTTCAGCCAACTGACAGCATGCAGCGGCGGTGCAACTACTGGAGGCCCACTGACGGTGGCCTCCATGTCGCCGCTGCAACTCACAACAAATGGCGGACAGGTCGCTTTTGCGGGCACCAACTTTACACCGGACACTACTGTAAAGTTTGGTGATGCCGCAGCCCTGAAGGTGTACTTTCAGAGCTCTACGCTCATCACAGCGGTGTCGCCCGCGGTTGGTTCACCCTCGACTACGGATGTGACCGTCAGCAGCCCCAAAAACGGATCGGTTACACTCTCCGGCGCCCTGCAATACGTCCCGCCACCCCCTCCCGTGGTCGTTGGTTCCTGCACAACGTTCCCCTGCACCTATAAGGCCACTGATCCAGGGAATACGCTGGTGGGCGGCGCACAAATATCAGCTTGTGCGGGTTG
CP003130.1_gap28	1171552	1175235	3683	CGCGAGGCCATCGACCTCGGACATGCGGAGCGCATCGGCCACGGTATGGATGTGCTTTACGAAGATCATCCCTCCGCCCTGTTGAAAGAGATGGCGGACAAACACGTCATGGTTGAGATCAACCTGACCTCCAACGATGTCATTCTTGGCCTCACCCGGACCGATCATCCGCTTGCCGCCTACCGCGCTGCACACGTGCCGGTCGCGCTCTCCACCGACGACGAAGGCGTCAGCCGCATCGACCTCACGCATGAGTACGTGAAGGGTGCGGAAGAGCAGGGTCTGACCTATGTCGACCTCAAGCAGATGGCACGCACCTCGCTGGAGCACGCCTTTCTCGCCGGAGAAAGCCTCTGGGCGGCGCCCGACAGCTTTACGCGACGCAAGGCTGCTTGTGCTGCACCGATCACTTCCACCAGCAATCCCACCTCTGCCTGTGCCGTGCTGTTGAAGTCCAGCGAGCGTGCCGCCGAACAGTGGGAACTGGAACGCCGATTCGCTCTCTTTGAAGCTTCTATCCACTAGCTCATGCGCTAAACTTGTGTCGCACCGGCCAGATATTTCGTGGAAATCACGATCCTAAGGAGAGTCCCTTGTTGAAGCGAGCGATTTCGGTAGTGCTGCAAACCATCCTGCTGCTGGCCGTCTTCGGCGTCGGGTCGTTTCTTCCGGTGTTCAATATTCTGCCTATGTGGAAGATGGGCGCTGGCGCCACGCACGATTTCGTGCTCGACGGCCTACTTTTGATGATCGCGCTCTACCTGGTCATTCTTGCCATTGCAGCCGCCCGGAAGCGGTTGCGCAGCTCCGGGGCTCTCAGCACCCTGGCGTTCGTACTGGCCCTCCTTCTTGGTTTTGCGATGAAGTTTGGAATGGTTACCGTCGGTTCGGCTGCCTCCTGACCCTATTTTGGGCTGTTTTTCCACAAACCTGAATCTGCCTCGGAACCCACGATTTTTCTGCCCGGGAGGCCGATTCTTGCTAGTCTTTAAGAGGCAAAGCACTATCAGCGGTCAAACGATTGCGTACTTACTCCACGCAGGCTGGACCGGAGGGGCATTTGTCGATTCCTGATCGTTGTTGTTGCCGCCGGGATTATTGCCCGGTTGAGAAAAGGACTCCTCCTTCCGAATGAATCTTTCCGCCTCTTCCCGTATTGCCACCCCCGCCCCCGCCATTGATCTCGCCGAACGCAAGATCGCTTACTTTTCGATGGAGATTGCACTTTCCAAATCTCTGCCGACGTACTCCGGAGGCCTTGGCATGCTGGCAGGGGACACCCTGCGTTCCGCTGCCGATACCGGCGTATCCATGGTTGTTGTCTCCCTGGTGCACCGCCACGGCTACTTCCAGCAGCACCTCGACGGAGTCGGCCAGCAGACGGAGAGCGATGTCATCTGGTCGCCAGAAACGACCCTGCCTTCCGTCGGCCAGGAGATTGTCGTCACCATGCAGAACCGTGAGGTTACGGTCCGCGCGTGGCGTTTCGACGTGGTCGGTGTCACCGGCCACATCATCCCGGTCTTTCTGCTCGACACCGATGTCGAAGGCAACGACCCTTGGGACCGCAAGCTGACTGACCACCTCTACGGCGGCGATACCTACTATCGCCTCTGCCAGGAGACGATCCTCGGCCTCGGCGGCGTGAAGCTGCTGCACGCACTCGGCTGCAAGCCTGAAGTCAGCCACATGAACGAGGGCCACGCCGCACTGCTGACGATCGGCCTCCTCGAAGAGCGTCTGAACGGTGCTCCGCTCCGCGATGCCACCGAGGCCGACGCCGAAGCGATCCGCCAGCAATGCGTCTTCACCACGCACACGCCGGTACCGGCGGGCCATGACAAGTTCGGTCTCGACCAGATGGTTGCGGTGCTGGGCCATGACCGCGCCTCGGCGATTGAGCGCTTTGGCTGTCTGCACGACGGTCTGATGAACATGACTTATCTGGCGTTGCGTTTCTCGCGCTACGTCAATGGTGTCGCCATGCAGCACGGCAAGGTCTCGCAGAGGATGTTTCCCGGCTACCGGGTACACGCGATCACCAACGGCGTTCATGCCGGAACGTGGCTCTCGCAGCCCTTCCAGGCGCTTCTGGATAAGGAAGTCCCCGAGTGGCGTCACGATAATCAGTACTTCCGCTCGGTCTACGGCATCGCCCCCGCGGTTATCGACGCGACCCATGCGCTCGGCAAGCAACGTCTGATTGCGACGGTCAAACATCGCACTGGCGTTGAGCTTGATCCTAAAGTCCTGACGCTCGGCTTTGCCCGCCGAGTGGCCACCTACAAGCGCGCGAGCCTGCTCTTCCGCTCACCCGAGCGGCTGGTTGAGATCGCCGAGAAGATCGGTGGACTGCAGATCCTGTTTGCCGGCAAAGCCCACCCTGCGGATAGCGCCGGCAAGGGACTGATTCGCGATGTCTTTACAGCGGCAGCGAAGATCAATAACTCGAAGCTGCGCATCCTCTACCTGGAAAACTACGACTGGGATCTGGGCGAGCAGCTTACGGGTGGTGTCGACGTATGGCTGAACACGCCGCTGCGGCCCTATGAAGCTTCAGGCACCAGCGGCATGAAGGCGGCTCTGAACGGCGTTCCCAGCCTGAGCGTGCTCGATGGTTGGTGGATCGAAGGCTGTGCGGAGAACATCACCGGCTGGGCCATTCCGGACTGCGACGATGAGGCGGCGGAAGCCAGCCTGCTCTATTACAAGATCGAGCACTCTGTCGCTCCGCTCTACGCGAACAAGGCTGCCTGGGCTGAAGTTCGCCGTCACTGCATCGCGATCAACGGCACATTCTTCAACACGCATCGCCAACTGGGCCAGTATGTCTCGAACGCCTACTTCCCGCAGTCGGCCTCGGTCGCTGCGAGTGACCAGGTGATTGTGGATGACGAAGTCCGCGAGGGCGTGCTGGTCTAATCTGTCCCGTAGCAACGGCAAAGGCGTCGCGTTCTCGCGACGCCTTTGTCGTTGCACTCTCATCTTTCGTCCGTTTGGGTCGCATGGACATACGTGTAATTACACGCATACAATCTTCTTAGGAGATTGATGAATGCCCTTACATCCTGGTGATCCGGGCTGCATCTGCTATCGTCTGCGACAGACCGCACGGCTGATCTCTCGAACCTACGATCATTTCCTGGCCCCTGTGGGGATCAGCATCGGACAATTTGGCATATTGGCCACTCTCGCCGCGATGCAGGGGAGTTCCATCTCCGAACTTGCCGACGTGCTGCAGATGGAGCGTACAACGCTTACGCGCAATCTCCTGCCGCTCAAAAAGCTCGGCTACATCGAAATTGAGGAAGGGGACGACAAGCGAGCCAAATCTTTATGCCTGACCCGGGCGGGCGAAGAGACTCTCTCGGACGCAAGACCACTTTGGCAGGCTGCTCAGCAAAGCGTTGAGCAGCAACTCGGTAAAGCTGAAGTGCAATCACTCAGCAAGACCTTGGATGGCGCGATGGATCGTCTATCGGCCAGTTCCGGTTAGGGCGGTCCCGTAAAGATCTTGATTTCAAGTACTCCTACTGATGCATTTGCTCCAGTCGTATGAAAAGGAAATCGATATGAATCAGCAACGCCGTGTCGTCGTAACAGGGGTGGGCCTCGTAAGTCCGGTAGGTATCGGTACGGAGGAGACCTGGGCCGCTTTACTGAAGGGCGAATCGGGGATTGCA
CP003130.1_gap29	1225266	1226209	943	ACCCCAACCAGCGTGGCTTCGCCGAGCGTACGGCGGTCAACACGCCACTGCAAGGCACCGCCGCCGACCTCATCAAGATCGCCATGCTCCGCATCGACGCCGCCATACGCACCCGCAACCTGCGCTCGCTAATGACGCTACAGGTGCACGACGAACTGCTTTTCGACGTTGTGCCCGAAGAGGCTGATGAGATGCAGGAGTTGGTAAAGACCGAGATGGAATCGGCAGCGGAGTTCAGTGTGCCCATCGTTGCGGAGGTAGGTCTTGGAGATAACTGGCGAGATATTAAGTAGCGGCTGTCGAGTCTTACCGGACAACGTAGCGGGAATTCGTGTTCAGGGCTTGACAGATATTCGTTTATAAACGAATATCTGTTAGTGTACGAGATTCGTCATTATCTGTCTTCCAATGGAAAAGATGTTTTCATGGAGTGGCGAACTAAGCTGCGCGATACAAAAGCGCGAGTGGCCATTGACCGCAGAGTCAACCGGATCGAGCAAGGAAATTTAGGCGATCACAAATACCTGCAGGATGGTGTCTCGGAGCTTTGCATCAACGTCGGGCCGGGATACCGTGTGTACTACGCCGTGGAAGGTAAGCAAATCATTCTGTTGCTTTGCGGCGGTGACAAAAGCACACAGCGCGGGACATAGATCAGGCGTGCGCAAACTGGCGAGACTGGCAGGCGCGCGGTGGGGAAGAGGAGGAATAACAATGGGAGCTTCCAACGCAAAGAATGTGAGAGATCGTAGCCACGACGAAGCTATGGCAGAGGCGTTCCAGGCAGATCCTGCCTACGCCGCCGAATTGTTAAACTCTATCCTCGAAGATGGTGAGCAAGGAGAACTGCTCATCGCATTGCGGCAGATGGCAAAAGCCTTTGGGGGTATATCGGCCGTAGCGGAGAAGGCTCATCTGAACCAGACGCAAATGTATCGCACAT
CP003130.1_gap30	1284842	1286418	1576	GTCTGAATGCGGTGGCGTTCGATGTAGAGCGCACAACACCTGCACGCGTTACCGAGTGGAGTTATGCGATGGCGCAGCAGTTGCTCACGCGCTATGGGGTGGTGTTTCGTGAGACCGCTCATGCGGAGAATCTGCCGGGAGGCTTCTCCGCGGTGTACGACGTGCTGAAGGCATTCGAGGAGAGTGGCCGGGTGCGGCGGGGATACTTTGCCGCCGATCTCGGCGCAACCCAGTTTGCGATGCCTGCCGCAGTGGACTTGCTGCGCAGCCTGCGTGTGAGCGTGCAGGAACAGCCGAGCGAGGTGTTGATGCTCTCTGCGACTGATCCTGCGAATCCTTACGGTGCGTTGCTGCGCTGGCCCGCCGCTCCGGAGGAAGGCTCGTCACTGACGCGCAGCGTCGGCGCGCGTGTGGTGCTGGTCGATGGCGCGCTGACCGCGTATCTGCGTCGGGGCAATACGAACGTGCAGGTGCTGTTGCCGGAGGATGAGCCGGCGTGTTCGCATGTTGCAACGGCTCTTGCTGAATTTTTTGTGGCGAACACGCAACGGGAAGAGAGTGGCGAAGAGCCGCGTGAGCGCAGGGGAATGTTGATCACCACGGTCAATGGTGTGCCTGTTGCGAGGCATCCGTTGGCGAGGTTTTTGCTGGAGGCAGGGTTTCAGCCTGCGCCGTCGGGATTCAATGTGCGGCGAAGGCCAGTAGGGGCGGTCGCCGAGTAGCGGGCAAACTAAAACTATCGCTCATTTTTCAGCGGCTTCATCAGCGGAGACCACACGTATCAAGGTCTAGCAACTATGGCGGCCAGTTCGCGCATCGATTCGCGTCCTAGCCTGTCTACGTCAGGAAGCACTACGTCTACGTCGAGGCCGTAGCCATCGACGGAGCGATTATCTCCATAGGGATCGCTTCTGCCTAGCGCCATGCGATAGTGCAATCCAGTGTGCGGCAGCACCGAGTAGCCGGGCTGGATCAGCTGGCATAATCCGTAGGTATTTGCTCCCACGACGAGCGTCTGAGGCAGGGAGGCAAGCTCTTCCGTCATCAGTTCGCAATCGGAGCCGCAGCCCGAATTGACCAGCACGATAATGCGCATATCGCTGGGCTTCGGATTAAAGTGGTGCTGCAAGTAAGTCCACCTTGACGGTGTTCTGTCTACACTGCGAGGGCAGTCAGAGGGAAAGGGCTGGGCCATGCGATCCAACCATCTCTGCATTTGTGCATTACCGTTGTCATCTGCATAGCTCCACTTCAGTGCGGCGTAGAGACAGGACGAATTGACTTGAGAGCCGATGCTGTCGAAGCGGATCATCTGGTCTTGGTCGACCCACCCTTTGAGCACATCGAGGCCATAATCGACCTCTCCCCCGCCGTTGTCGCGCAAATCTACGATGAGCACGTGGTCCGAGGGCTTGCGATTCGCCCAGCCCTGACGCGAAACACCGTCGTAGTGGGCGGAATCGAACTCCGGAAGCCGCGCGTACACGATGCCGTCGCCGATGCGTTCGACGCTTGGCCGGACACGACCAAGCGTCTCCTTCCATAGCTCCTTGAGTTTTGACGACCATGGCTTGCC
CP003130.1_gap31	1287450	1292208	4758	CATCATGAATCAGAGCACGGAGGCGGCAAAGATCCCCATGCGCTTTCAGGAAGCGTGGAACACGCACGACATGGACGCCTTCGGTCGGCTGTTCCATCCCGATGCGACGTTTGTGAATCGGTTTGGGAGCTACTGGCGCGGTGTCAACCAGATCGTCACTGGCCACACTGGTATTCATGCCACGATCTATCGCGATTCAACGCTTGAGAACGACGCGCCTGATGTCGACACAATCGCAGACAACGCGGCGATTCTGCATTTCTGGTCGCGGCTCAGCGCCGGCGATGCGCATCCTGCCGGGCCGCATCAGATCGATACGTTGATCCTGGCCGTGGTGACGCTTCGCGAGGGCGAATGGCGTATTCAGGCGTTGGAGAATGTGACACTGACAAATCCGATGACAGGGGCTGTGCGCCTGCGCTCCTGAGCGCGCGGCGCACAAGCCTGTCCCTCCGCCACCGTCACGCGGCGTCTCCCTCAAGTACCTGCTCCAACTTGCCGACGAAGTTTTTCCATCCATAGCCAGCGCCTTTGTAGGCTGCCTCTTGATCGGGACGGAAACCAGACTGCTCTATGCGAAGGTGTGTGCCGCCCTCACCTGGCGTCAGGGTGAAGAGCACCACGCTCTCAAGTCCCATGGAGTTCCAGGTATACGAGAGCCGTGCCAGCGGTTCGACGATCAGCACTTCGCAGTCGATGATTCCACTCCAGTTCGGCATCGGATCGGCGCGGAACTGGAACGCTTGTCCAACCGAGGGTTTGAAGTCATTGTTCAGGAGCCATTGCGCGAGGAGCGATGGCTCCGTAAGAGCCCGCCATAGTTTTTCGGGCGGGTAGGCGAACACTTTTTCTACAACGACAGTACGAGTATTCTCTGCGGGATTGTTCATGGTTCCATCCTTTCCAAAACTGCTTCAAGACGATCGAATCGCTCGTGCCAGAAGGCACTATAGAGTCGCAGCCAATCCACCATGGGTTCCAACGCTTCGGACTGGGCGCGATAGTGCGTCTCGCGTCCATCGCGACGATGCCGCACCAGCTTTGCCCGTTTGAGCACCGTCAGATGCTTGGAGACGGCAGGCTGAGAGACTCCCGCGAAATGGGTCAAGGCATGGACGGTTTGTTCGCCCTGACGCGTTAGTTCCTCGAAGATAGCCCTTCGGGTTGGATCGGAGAGCGCGCGGAATACGAGATTGGCGGTAGCTGGCTGCACAGACAAACCATAACCATTTGGTTATGGTTTGTCAACGGATTATTTATTGCGCCCAACGGCAGGTAGGGCATGGCCGAACCTGAGATGTTGGGACTTTTCCAGCACGAAGGTCAAGGCTTGAGCGCTTGAGGTAGAGAGGTGCGAAGGCTATGGGTGAGCGCAATTCCCCGGGAAAAACGGGAGGAAGCAGGTTCCTCCCCTTCGCTTTGCTTGAGGGTCGGAATGACAACCAGAAAACAAGAACAGATCCTTCGGCTCAGATAAAACACGGCCATAAATGTCGCGGTTTTGCTATACACCTACAGGAAATTTGCTCTAATCCGGTGGCCTCTGGGTAAACTCGCTGAAGATATGCAAGATCATGGCCTTATTTTTTACTTTCAGAACCAGCCAGTGGGCTTTCTGATCGACCGCACAAAGCCTCTGGTGCCAGGAAAGTATGCCTACATGCCCTTGAGAAGCCTCGGCCATCTCCGATTCCATCAGACTCTCAAAGAAAACAAAAAGGCACGCGTAAGTTTTGCTTTCGATGGGAGTCAGATCGAATTTGAAGTCGTAGCGTGTCCGCAGTACGGCGTACTGGAAGTCGGCAGCATCAATACTTATCCGGCGCATCGGGGCCTGGAGTAAGTGCTGCACCGGGAGGGATGCCGGCACCGTGGACAGACACAGCACCGGCACCCTTCGATGAGGAATACGACCTATGATTTTGCTCGGTTACTCGCCTGCTTTGGCGGCTTCTGCACCGCCGCTCACGAGGATCTTCGATAGTGCGTGGAGGCGGTCGGCGTCTCCCGGTGTTTTGGCTGTGGCAGCGGCTTTTTCGGCTGTCTTCGCATCGGCGTGAAGCTTCTTGGTGTTCTTCGCGTCGATGTCGGCGTTGATGGCCGCGATCTTGTCTGCGTCCAGACTGGTTCCGCGTGCGAGCTGGTCGAGGTACGCCTTCGCGGTGAGGAACGTCATCGGGTAGTCGATGTGCGGCTGGTTCTGGACGTTCAACTCAGGCAGGTAGACCTGGGCCGCTGCGTCGATTTCGTTTTGGGTGAGGTCTTTGGTGGGAACGAGTTTGAGGACGTCTGTACCGCGTGCGATCTCTGAGCCGTAGATGTAGCCGTTGTAGTAGTAGGTGGACCATTGGCCGCCCATCGCGGGACGGCTATCGTCGACCGGGCCGCGGTCGAAGTAACCGATCTCGAAGGGGTGCGAGGGGTCGGTGTAGTCCATGACCGAGACGCCTCCCTGGTACCAGGACTGGACTTCGATGTTGCGTCCGGGGACGGGAATCATCGAGCCGTTATGAGCGACGCAGTTCTCCTTGTCGGTCTGGGGAGCGGGCATCTTGTAGTAGGCGTCGAGTTTCAGCTTCTTGTCCGGGGTGATGGAGAAGATGGCGTCGGCGCCCCAGGCCATGGGGTCGGAGACACGGCAGCGCGGCTGGCCGCCGCCGCCCCACTCATCGGTGAAGAGAACGGTCTTGCCGTCGTTGGAGAAGTTGGCGGAGTGCCAGAAGGCGTAGTTGGGATCGGTGACGGCATCGAGGCGCTTGGGGTGTGCGGGGTCCTTGATGTCCAGCAGGATGCCGTTACCGGAGCACGCGCCGCCGGCCAGGCCAAGCCAGGAGTAGGCGGTGATGTCGTGGCAGCCTCGGGTGGACGAGGTGGTCTGCGTGCCGTCACCGTGGTTGCCGCCCTTCCACAGGCCGTTCATGTCGCCGGTCTGGGGATCGGAGAAGATGCGCGGGCTGGCGATTACCTTGGCCAGCTCAGGATGCGCGACCGGCACCTTGATGATGACGATGGTAAAGAGCGCGGTATCGGGATCCTTGTCGGGATCGCCGCCGGAGCAGCCGCCAAGCTCAGCGGAGGGGCGGACGCCCGCGGAGCCGGAGACATAGATGTAAACGTTGTCCTTGTCCTTCGGGTCGATGACGAGCGTGTGGGTGTGGGAGCCGCGGCAGGTCTGGACGTCAGCCACCTGTTTCGGGTTGTGGATGTCGGAGATGTCGAAGATCCGGACACCCTTCACGCGGTCCGGGCTGGGGGGCGGCTGGCGCGTCCTGAAGGCCCTCATCGCAGCGGCATCGGCTGCGGCGTCGCCGGTCGGAGCCGGTGGTTGAGGTTCGGGGCTTGCGGTGGCGAAGCCCTGGGTGCCGCAGTCCATGCGACCGTTGGCCGCTTCAACCGACATGAAGAGAAGGTTCTTGTAGACCGAGACATCGCCCTGGCCGCCGGGGCAGACCATGGAGGTCAGCAGCGCCATGTGCGTGGGGTCGGAGATGTCATAGATGTTGACGCCGTTGTAGTTGCCGTTGAACAGGTACTTGGCGTTGAAGGCGAGGTCCGAGTTCGTTCCGCCGTAGTTGGCACGAGGGCCGCTGGGGTGCGCTGGGCCAGGTTGGCGAGGAGCGTCGGGATCGACAGGCGGTGGCGGTGGCGTGGCGTCGACGGCCTTGATGGAATCGAGGTCAGGGCCAAAGCCTGCGGGCTTGGGAGTGGTCATCACCAGCTTCATACCGAGGATGGCGGTGTTTGCGTCATAGAGGCCGCCTTTGAGGCCGACGCGAGGATCGTCCGGGCCGGAGCGAGGATTGACGAAGACGCTGGGCGGCTTGGGCGGCATCTTTGCGGTGGGTGGTGTCGCAGAGGCGGTGGTCTGGGCAGCGCAGAAGCTGGTGGCGGACAGGGAAAGAGCCAGCGCCAGGGTGTTGCGGAGGAAGTGCGAGGAAGTACTGCGGATCATTGTCTCTCCTTCAGCATGTGACGCATGATGTCGATTTCAGCCTGTTGTGTGTTGTCGACGTCGCTGGCGAAGTCGAAGAGTTGCGGGTCCTGGCCGGCTCCGGGGTTGGCAAAGAGATCTTTGACCATCTGCAGGGCGCCGGTGTGGTGCTGGATCATTCCGGTAAGAAAGAGGTGGTCGAACTCGGGGCCACTGGCTTTGCGCAGGGTGTCCATCTGGGCGGAGGTCAGCATGCCGGGCATCATGGGCATGCTCATGTCCATGCCCTTCATGTCGCCCTTCATATCCATGCCCGCCATGGGATCGGCGGAGATGGGGAAGCCGCGGTCGGTGAGCCACTGTTTCATCCAGCGCATCTCGTCGCTTTGGGAGACGTCGATTTTCTTGCCGAGCTCCCTCACCTCAGGATCCTTGGTGCGGGTCTTGAGGAGCTCTGTCATTTCGACGGCCTGATTGTGGTGCATGATCATGCCCTGCATGAAATCGACGTCGGCTTTGGACGGTGTCTTGGGAGCTTCGCCGGCAGTTGCGTCGGCGTTGGAGAGGGTCTTGTTGCTGGTGCCGGGAGCGCCGGGCTGGATGATCGCCGGTGCGGAGGGAGGTGCCGGGGTAGTCTGCTGCGACCAGGCAGCCGTGGCACAGAGACAGAAGGCGACTGATCGAAGTGTAAGGAAAGTCGGGTAAGACAACGCTCCTCCAACCATGATGCAAAAGAGAGACTATTTGCAGTAACACCCGGAACTGGGCGGTCAGCAGGAGACTTCCTCTTGCGAGGGGAGAACGGTCTGCCGGCTTTCAGCCTGTGA
CP003130.1_gap32	1299135	1300172	1037	TCCACAACTGATGCGAAGGGCGTCTCCCGGTACTAATCCGTCCACGTCGCTTGAGCAGTTATGCCACTCAAGAACGCCTGTGGGTTGCTTCCCGTAAACCCAAATCCTTCAGCCTTTATGGATCACTTCGAAGACAGGGGCGCGACTACGATGCACCGCAAAGGTTTGGATTCAACAAGTTGTGGCCCCATACAAAACTAATCGTCGTAGTCGACGTCTTCTTCCGTAGGTATGTTCGGCAGGAAATACTTTTCGAGCGTTCTGAGGGTCCAAACGCACTTAATGAGAATGTCTTCGAGAACATCGGCTAATTCTTTTTCCCCCATTTCAAAAAATGGCTTTAGCTTTTCGTAGTTGTCTCCCTTTCGGTGGGCCGTGCTCGCCGAGCGCAACGCCTGGAGCTTGCGCAAAAACTGCATCATTGGATCACTGCGAAAATGCTGTGATTGTAACCATGTTTCAAATTTGTCCAAGCCTTTCGCATTTTCTTTGTTCGTGATTCCCTTTGCGAGCTCTTTCTCGTTCAGAGAATCGATAAACACTTTTGTGAGCGTTGCGATCTGCTCGTCAAACTCTCGTTGATCGTTGGTCAGGGGAACGCGAAGGATCTTGAAGGCGTACTCATCCTTGCCGATCAATGACCTGAAAAGTTCCCAGCCGAACTTCTTTTTCCAGTACTCGTTAAAGGCTAAAAACTTTTGCTTGAAGTAAAGATCGGCAGTCTGAGGAGTTGTGAATTGGCCGAGAATACTCCTCTTGAACGCAACCCTGCTCATATTCCCGGAAGGAAGATTAAATCCGCGCCAATACATCTGCTCTGTGTGAGAAAGGTGGCCAAGATCACCAAGAAAAACCATGACCGCTTCAGGTTGATTGTTGTCGATATGAAGGCTCCACAGAGCGCCACAGGACAGATACCCATCACTCACCGTGTATTTTTCCGGCTGCGAATAGTACTTGTTCAGCACCTCTTTTCGGAAACACACTGGCGTCAAATAGTGCGGCGCCCCCGGATTTGCCCCAAAGTAGTTTGAAAG
CP003130.1_gap33	1471828	1476662	4834	AGCTCCTCATCTCCGACCTCGTCGACGACTGGCGGTCGGCCGGCAAATCTGTCCCCGCCGCTTCGTCGAGCTCTACGCTTCGGTCCCTGTAGGAAATTCATCGAATTCGCAAGATTAAGGGCACGGGTTTATCCCGTGCCCTTAACTTTTGTGTCTCAGCAAGCTGTTTGACGGGTGTGGCCCGCACGTACTCGGAATTATTTGGGTGCTCCATTCATGACAGCACTATCGTCATGAGTGGGGTGGCGAGGGAGAAGGAGTGCCAATGTATGGGCATCCGTCGCTGCCCACCCATGCGCAAAGACCGCGCATGAATGGGGCACCCGTCAAGGGTTATTCAGTGCCGCTTTATGATCCACTTCCCTAAGAAGTCTGCGAGGCGAGAAATGAAGTTTCAGCTGGTTTTACAATTTGCAGCGACGGAAATAAGTCAATTCGACGAGCTTGTGGCTTTGGAGGAGAAGCTGATTCAAAATCTCCCGTCGACCTCCTGGGTCGATGGTCACGATTTTGGGGCGGGTGAGTTCAACATCTTCATTTTGACAGATCAACCAAAGGAAGCTTTTGATGCTGCTCGAAAGCTGATAGAGGGCCCCTTTCAGGAACAGGTTCGAGCTGGTTATCGCGAACGGGGCAAAGACGGTTATGCCGTTTTGTGGCCGGAGTATCTTCAAGAGTTTCGAGTGGCGTAGAAGTGTAGATCACTTTCTTCCGGCAAAGAACGGGATGCAGAATCGGGGCTGGATTATTTCGAGGCTAAGTACTATGGATCGAGCATGGGCCGTTGGATGTCGCCGGATTGGGCGAGTAAACCGGAGGCTGTGCAGTACTCGGATCTTGTAATCCACAGTCGCTAAACCTATACGGATATGTAACAACGACCACGGATGGCCTCCGCGTACCCGGAATCATTTAGGTGCTCGATTTATGACAACACCATCGTCATGAATCGAGCACCCGGCCTTTTAGCGGCTCGCTGATTGAAGAGGGGACACCAAAGTCTCAACGAAAAAAAACTACCTGCAAATAGTCCCTCGTCAGAGGAGCTATTTGCAGGTAACTAAGTATTAAATCTTAGGTTCGGCGTAGTCCCCCAAATGCTCAATTACTACCAGCAGTTCGGATAAGGTTGTGCGGTTTGGGTTGCGGGGCTCGTATTCTGGTTCGCGCTGGTGTTTGTGTTGGTGTTTGGGCTTGTGCTCTTGGGGTCGGGGTTCCCGGCGCGAGGAGGCTGCGGGACCGTGGGTGTTGGGCATGGGGTGGGGGTTGGTGTGCCGGTCGAGGGGCGGTCCGGGCCGTGGCGGGGGGCCAGGGAGGGGATTACGCCGAGAGACCGCAGCCAGATGGTGGCGAGGATCGTCCAGTGCTCCTCGGGCTTTCCGGGAGGATGCACACCGAAGCCGTGGCCTCCGGTGGAGTAGAGGTGCATCTCTACAGGGACCTTCGCCTCCTTGAGCGCGCGGTAGTAGATCAGTGAGTTTTCTACGTGCACGCCGTCGTCTTCAGCCTGCAGGAGAAATGTCGGCGGAGTTTTGGCGACAGGCACCAGAGCGGGATCGATTTCAGTAAGGGCTGGTGGGGTTGCTACGTAGGCCGGATAGATGACGAGGCTGAAGTTGGGCCGTGCATCTATCTTCGTGTCGACATCCGCCGCGGCGGGCGTGCTTTCTACATGGGTGTCGTCCCAGTGGGCGCCGAGTGTAACGGCGAGATGCGCTCCGGCGGAGAAGCCCACTACTCCGATGCGGACGGGGTCGATGTGCCAGTCGGAGGCGTGGGCGCGGGTCAGGCGCATGGCCTGCTGGGCGTCTTCGAGATCGGCGGGGTTGTCAGGATAGCGGCCCTTCTCCGGGACGCGGTACTTCACCAGCAGGCAGGTCATGCCGATGGAGTTGAGCCAGTCGCAGGTATCGGTGCCTTCCCCATTCCAGGAGAGACGGGCATAGCCGCCGCCAGGAAAGACGAGCGCTGCCGCGCCTGTGTTCTTCACTCCCGAGGGTGGATAGACGGTGATCGTCGGGTTCGTGACGTTCGTGAGCCGCTCGGTGCGGCGCCCATCGATCAGGGCGTCTTTATCGGTGGTGACGTCGCGTTCAGGATCGGTGGTCTGAGCGGGTTCGGGCGTTGCGTGAGGCCATAAGGGAAGAACGGTCTGCTGGGCGAACGCTGAGGGAGCGGCTGCTAGACCACAGATCGTGAGGCTGCAGGCTGTGAGGCTATAGGCGAAGGCGCGCACGAAAATCTTCATGTGCAAAATAGTACGTCTTTGAGACGTGATGAGGAAACGGTTTCACACAATCTATCGAACGGCACGCTCATCCAGCCCTGCGGGCCGGGCCAGGATGAAGGCTCTTTCCAGCAGTTTGCGGGGAGTCTCACGCTCAGTACCTTTGGCTTGCAACTCGCCTGCGGCGTCCTGTGCGGCAAGGGCGGATCGCACCAGGACGTTCGCCAGAAGCGTGGCGTCTGCCTGTCGTCCGAGCCTTTGTTTCACTACGGGGATCAGTTCTGCCTGCGCCCGCAGATAAAAATCGTACTTCCGCGCGAAGAGCGCCGGCTCGCCATGGATCAGCTTGCGCAGGCTTGCCGCGCGCTGCTTGTTCACTCCGTAGGCGACGAACAAGGCGTGGCAGGTCTCGCGCAACGAGTCCCATATCGGCTCGTCCGCGGGGCGCGCTACAAACGTCTCGCGGAGATAGTCCGCCTGTTGGGCGAACCGTCCTGTAACGACATCATCTTTTGCCGAAAAATAATGGAAGAAGGTGCGGCGCGAGACGTCCGCCGCCGTCGTAATGTCTTCGATCCGAGTCTCCTGGTAACCGCGTTCGAGAAACAGGTCGATGGCTGTATCGATCAGACGTTTCTTTAATGCAGCGCGTTTGCGCTCCCGTAATCCTGGCAATTCTTCAGGCTTCATAGTGCAATTTTGCACTCTTTGACACCTCTCGGCAACGGTAAGAGCCTTGAAGAAGTGGCTAAAACCACGCGAAAGGAAACGAATCGATATGGCAAACCAACGAGTCTGGTTGATTACAGGTTCTTCCCGAGGGCTCGGTCGAGCTTTGGCCGAAGAGGTGCTGTCACACGGCGATCTGCTGGCCGCAACGGCGCGAGATACCCAGCAGCTTGCGCCACTCGTCGAGCAGTATGGCGACAAGGTGCTTCCCCTCGCACTCGATGTACAGGACGCGAAGCAGGTTGAGTCTGCTGTAGGGCTTGCGCACAAACACTTCGGCCGCATCGACAACCTCGTCAACAATGCGGGTTACGGACTTATCGGCGCCTTTGAAGAGATGAGCGAGGAACAGTTCAAGGGGCAGATCGACACTAATTTCTGGGGAGTCATCCATGTCACCCGCGCGGTGCTGCCCCTGATGCGGGTACAGGGTTCGGGCCGCATCTTCCAGGTGACCTCGATCGGTGGCCGTTCTGCCGGTCCGGGGCTGTCCGGATACCACGCCGCTAAATTTGCGGTCGAAGGCTTTAGCGAAGCGCTGGCGCAGGAGGTAGCTCCGCTCGGGATACAGGTCTGCCTGGTTGAACCGGGTGGCTTCCGCACAGACTGGGGCAGTGCTTCCATGGCCTATGCGCCGGAGATGGAGGCTTACAGCGAATCGGTTGGACGGCGTCGTGCGTTCATGCAAAGTGGATACGTCTTCCCTGGCGATCCGGAGAAGGCGGCCCAGGCGATGTTCGAACTCGCAGGACGAGAGCATCTACCGCTGCGGCAGCCTCTCGGCACGGATGCGACGGTCTTTCTGAAGCATGGGTATGAGCAGTCTCTCGCGGAGCTTGCGCAGACCAGCCCGCTGGCGGTGACCACGGATTTCGCGGATGCCGATACTGCGTCGACGCATGGAATTATTGAGAGGCTGAGGGTGTCGGCACAGAAGAAGTAGGTTGGGTGGCGGATGATGTGGTCCGCAAATTCATACAGGCTGAAGGTCCGGCCTGTCGCTTGTTGCGCGATAGACCAGGCCTTCAGCCTGGAAGCAGATTCCCTGCGGGAATGACAGAAAGAAAAGCAACAGCTGGTGCGACGTCAAAGCGGAGGTTGAAGCCTTAATTTTCAGCTAAGACGCGTGCAAAGACCGTGTCGATATTGCTGAGCTGGCGATTGACGTCGAAGGCCGCGGCGAGCTTTTCCGGAGAGAGATGCTTGTTGATCTCGGGGTCCGCCATGATCAACTCACGATAGTTCAGCTCATTCTGCCAGGCGTTCATCGCGTGTGACTGCACGAGGCGATAGGCCTCTTCACGAGTCATACCGGCGGCAGCAAGGTCGATGAGCAACTGGCCGCTGTAGATGAGTCCCCCGGTGGATTCCAGGTTCTTCAACATGCGTGCCGGATAGACGAGCAGCTTCTCGATCAGAGTGGCTGCCTTGTCCAGCAGGTAGTCGGCGATGATCGTTGTATCGGGCAGGATGACGCGCTCGGCAGAGGAGTGCGAGATATCGCGCTCGTGCCAAAGGGCTACGTTCTCCAGAGCTACCTGGGCGTTGCCGCGAACGACGCGCGCAAGGCCGCTGATGTTCTCGCAGGTGATGGGGTTGCGCTTGTGCGGCATCGCACTGGAGCCCTTTTGTCCAGCGGAGAAGAACTCCTCGGCCTCGCGCACCTCGGTGCGTTGCAGATGACGAATCTCGGTGGCGATCTTGTCGAGCGTGGAGCAGAGCACGGCCAGGGTGGTGATGTAGGCCGCATGGCGGTCGCGCTGCAGCACCTGCGTGGAGATCGAGGCATGCTTGAGACCCAGCGAGCGGACGATGTCTTCTTCGTGCTCGGGCTTGAGTTTGCCGAAGGCTCCGACCGCGCCGGAGATCTTGCCTACG
CP003130.1_gap34	1486567	1489652	3085	CAGGCTCAAAGCTGGTCATGCCGTAGAGTTTGGTGACGTGCTTGGGGATGAGGTCGTCGTTGCGCCAGTTGTCGTACTTGGCCCAGGCGTTGAACTTCCAGTTGGTGAGCGCGACCTCACCTTCACTGGCTTGCTGACTTGCTGACTCGCTGACTCGCTTCACAAAGATGGGGCCGGAGTCGCGCAGCCATACGCGATCGGTGCGCCAGTGGTGGAAGTGCAGGCGCGCGAGGTTGGCTCCCTGGCGGCGCAGCATGCTGGTGGCGCGCTTCTCGGTGGGGAGGTCGTTGACGAGGATGTGCACGTCCTCGACCTGCGAGAGGTGGCGGACGATCTCGCTGTAGACCCAGGGGATGGGCTGGAACTTGCCGGGCCAGTCCTCGGGGTTATGGGGCCAGGCGATCCAGGTGGCGGCGTGCGGGGCCCACTCGGCGGGCATGCGGTAGTTGTTCTTTGTCACTAGCCCATTCTAAAGAAGCTTTTGGAGAGGGTGGGTTTTGCGGGCAAAATTTCGCTGAGCATTGATGTTTCGGGCGATAAAATGTTTATGCGAGGTGCTTTATGGACTGGAGAGGATGCGAGCTGGTGGAGATAATTCCAGGTAAAGTTTCCGGCTGTCCTCTGGTGAAAGGGACTCGGATTCCGGCGGATGTCATTGTGAGTAACTTTGATTCAGGTTCGCCGCTGGCGGAGATCCATGAAAACTATCCGTCACTGTCGTTAGCAACTATTGAAGCGTTGATTTCGTTTGCCCATCCACATCGGTTGCAGCTTGCCTCATGAAGGTTCTTCTGGATGAGGACCCGCCTCATAAGCTGCGACAGAATCTACCAGGGCACGACGTAAGCACCGTGAGTTATATGGGTTGGAGCGGGCTTAAAAATGGAGAGCTTCTGAGGACTGCGGAGGCAGCGGATTTTGAGGTCTTTCTTACAGGGGACCAGAAGCTCAGTTATCAGCAGAATCTGAAGGAACGTTTGATTGGCATTGTGACGCTTTCCGCGCAGGAATGGCCGATCATCAAGAGCCACTTGCCGGCAATTGCGGCAGCAGTTGATGCCGCTCTCCCTGGATCATTTCAATCTGTTGAGTGTGGATCATTTCGCAGGTAAGCATGCGGTAGCTGTCCTGCTGCCCGTACAAGTGGTAAAGGAGATTGAGCGTTGTAAGCGCGGTATATCGTGGAGTCGCGATATGTCGCCCCTTTGGGGCTCATAGCCGTGGCTCAAGTTGATTCTCTGCACTCCAGTCAGTGTTTCTCTTCGCTCGGTTCTGTGTTTCTTTAGGCGCTTAGTGGGCGGGCTAAGGACTCAGGGCAAGATCGAGTGTCATCAAGTTACTATTCATCCCGGGCATGGTCTAATAGCTGCGCGTGGCTTGAAGGTGCTTAACCCTTTGAGCCAGATGTGCGACGTTGACGTTTCGAGGTGAGCAGTCATGCGCAGTTCCGCGTCCCTTCTTCTCATTGCTATCGCGCTTGGATCGGTCAGAGTGCATGGTCAAACGACATCCAAACCATACGGTTGCGAAGCTCCTGAAGTAAGGGCGGCGCTCGACACCACGCTTTCCCAGGATGAACTCGTCAAGCTTACGATCACGCAGCGGGTTGCACGCAGACAGCAGGTGCTCGATGCGCTGCTTGCGAAGTATCCGCATGAGTATCTGCTCTATCGCGAGCAACTCTATGCGATAGCAGGCACAGGCGATTGGGAAGCGCCTCTCGCGGCTTTACGTGAGCGCTGGGTGAGCGATGCGAAGTCGCATCCCGATGATCCGATGGCTTTGATGCTGGCCGGGAAGGTGCTGGCAGATAAGGATCCTCTGGAGGCTATCCGGTTACTGAACGCAGCGCAGGTGAAAGCACCAAAGTTTCCATGGCCTTCGTTTGAACTCTCGAACATCTACTGGCGGGGAAAGTATGCCGATGACACAAAGCTGAAGGAGAACCTCGAGAGGTTCTACGCGTTGTGTCCCTCCTGGGTAGAGGCGACCTATTTCGGAAACCAGATCGAGGGGGTCAAGCTGCGCAAAGACCTGCCGCTGCTGGCAAAGACTAGCGTTGCGATGCGTGCGGAGCTGGCGAAGCAGACCGATCCGAAGCGGCTCGAAGACTACGAAATCCTGTGGCAGCGCGAGTTCCTCACGCGGCCTCCGAGCGAGCATGAGGCGGAGCGTGCACAGATTCGGCAGGACCTGGATCGGCTCCAGAAGCTTGTGCCGCATGGGGACGCGCACTGGAGACTCTTCCTGATCTCTGGCTATCAGTTAGCCGGGGCCTCGAATGAGGAGTTGGCGCGCATGCAGAGCCAGGCGGCGAAGGACTTTCCCCACGAGGCGCCGGCCGAGCGGCTGGCGAAGGAGCGTTGGGACAAAGAGCACCCGCTTCCGGATGGGCAGAAGGATGCGGACGCGTGGAAGGCCTACGAAGCCGCGAAGGTTGAAAAGGAGAAGACGGACTTTCAGGATTTTCCGGACGACCCCTTCCTGCAGCGCACGGAGTTTTTCTTCACGGTGCAGGATGATGAATACGTTTCGGAGGCCGATGGGCTGGCGGCGGTCGACCGGTATCAGAAGTCCATTGACGAGTACGGCGGATACGGCATCCTGTCGGCTGGGCCTGCCGACCTGGCGAAGTTCCTGCTGAAGCATGGCTGGCAGCCTGAGCGTGCGCTGGAGCTGCTGAAGAAGACCTCGACCTTCAAGGACGGAGGCCACACGAAGGAGACGTGGAGTAGCTCTCTGGATGCGGATACCGTTAAGCGTTTTCACCGCCAGATGGTATCGATGGATCTCGAGAATCTCGGTCTGATTCTCAAGGCGGCCATGCTGGCCGGGAAGCCGGAAGAGGCTATGCAGTTCCGTGCGGCGATCGAGGAGCCGCCGCCGGAGAACAAAAAAGACCTGGGGCAGTACTGGACCAATCGAGCGCGTTTTGCCACGCTCGACCATCACCCTGAAGATGCGCTGGTGTATTACCGGACTGCACTGGATAGTCGCACGCAGACACCAACGTACTCGCATGGCATCCTGCGCGACGATCTGACCGCAGAATTTCATACGCTGTGGACTAGGCAGGGAGGCACGG
CP003130.1_gap35	1528556	1532339	3783	CTGCAGAGCCAGGGCGGCCTTACACAGAGCGGCTTCCCTTAGGATACTCGGCTTTGGCGAAGAGTTGGCCCAAACTCGGCGGCCAAAATCCCCGCGAGGATCAGCGCCGCTCCGCAGAGTGCTCGTGCGCCGAGGTGTTCGTGCAGGAAAATCAGCGATGTCAGCCAGGCGAAGACAGGCTCCAGGGTGAAGATCAGGGCGGTGTGAGAGGCCGGGAGGTGCTGCTGCGCCCAGCTCTGGATGGTGAAGGCCGCCGCCGTGGCGAGGATCGCCGTAACGGCCAGGGCGAGGACTGCGCGGGAGGTCAGGTGGAACGCCGGATGTCCTCCGAGGGGGAGTGTGATCAACAGGACGAAGGCGGCGAAACCGATCTGCAGCGTTCCAAGGCGGCGGGCGGAGACGTTGGTTGCGGCGTGGGCTAGCGTGAGCAGATGCGCGGCGAATGCTACGGCGCAGGCCAGGGTAAGCCACTCTCCCAGGCCGAGCCCGACGAGCAGCGCTGCGCCAGAGCCGGGCGGTGTGGTGAGCAGGACGAGACCGGCAAAGGCCGCGAAGGCTCCGATGAAGGTGTAGAGGCCGGGCTTTACTGCGCCTGCGGCCCGCACGCGCGGGATCATGCCCAGCAGCGGAACGAAGACCACGACCAGGCCGGTGATGAAGGCGGACTTCGAGGCCGAGGTGCGTGCGAGACCGGCGGTTTGAAACTGATATCCCAGGCCGAGGAAGAGCCCGGCGACGGCTCCGAAGCGGAGGTCCTTTCGGCTCAGGCCGCGCAGGCTGCGTCCGTTCAGCGCGGCCAGGATGAGGAAGGCGAGCGTCATGCGCAGCAGGTTGAAGAGCAGCGGGGAGACGTCGAGCAGGGCCGATTTGACGAGAGGGAAGGTCGCGCCCCAGACGAGCGTTACGGCGATGAGCAGGAGGTGGGCCGTGAGGGTGTGCGAGCGTTTTGTCTGGTTGGGCATTGACGGAGCGAGAAGCAGATTCCCTTCGGGAATGACAACAAGAAAAGCAAAGGCTAGGGCTTTTGGGCTTAGATGGATTCTGAGGCTACGAGCGTGCTGGCATCGAGCAATAGCAGCAGCACGCGTCGCAGGGCGAGGTCGCGGCCCGTTGGGTCGTACCACTCGTCGAGGGTGTGGATGCCGCCGCCGGTGCCGCCGGCTCCGATGGCCAGCGCGGGAACGCCGAGCGAGAGCGGCAGGTTGGCGTCGGTCGAGCCGATGCGGGATTCGGTTGGAAGGCGGAGGTGGCGGTCGACCGCGCGCAGGCTGCGCGAGAGCGGGGCGTTCTCGGGCAGCTCGCCGGCGGCGCGATTGCCGATGCGTTCCACGTGAAGGTGGAGTTGATCGGAGCCCTCGGCTTTGAGGGTGGCCTCCAGGGTTTTGAGGACCGCCATCTCCGTGTGGTCGAGCTGCAGCGCGGAGATCGAGCGCAGATCGAGGTCGGCGGTTGCGGAGGGTGGGATCGAGTTGACCGAGGTGCCTCCACTGATGGTGCCGCAGTTGATGGTGGTGCGCGGCTGGCGCGGCAGAGGAAGACGCGCGATGGCGAGCAGGGCAGCGCTGAGGGTGAGGATCGGATTGGGCCGGCCGGCGTCGGCCCAGGAGTGGCCGCCGGGGCCGGTGATGGTTACACGCAGACGACGGCTGCCCAGGGCGCGATCCACGACCGTTCCATTGCCGCCGCCTTCGAGCGCGATGGCCGTGCGAATGCGCTTTGCATAGGGCGATGGCCCGAAGAGATAGCGCATGCCGCGCAGGTCGCCTTCGCCCTCTTCGCCGACGTTGGCCGCGAAGAGGAGAGTGCAGGCGGGTTTGATCTGTGCTGATTGGATCGCCGCAATCAGGCCCAGGAGGGCAGTGAGTCCGGCTCCGTTGTCGCAGACGCCGGGGCCGAGGATGCGTGATTCGTCCTCGTGCGGCGTGCAGTCGGTTCCGACGGGAAAGACGGTATCGAGATGGGCGGAGAGCAGGACGACTGGGCCGTCGGGCGCGCCATTGTGCAACTCGGCGAGGACGTTGCCTTCGTTGTCGATGTGCGTGCCGGAGAGGCCGAGCATTGTGAACTGATGGCTGTACCACTCGGCGCGTTTGGCCTCGCCAAAGGGTGGGGCGGGGATGGCCATGGACTCCATCTGCCAGCGCCGCAGTTGCGGCTCATGGAGGTGCAGCCACGCAAAGGCGGCGTGTACGGCGCGGTTGCTCGCCAGGCTGGCGATGCGGAGATTGTCAGCCGCACTCATGAGGGTTCCTTTATTCGTAATGGGGTGCAGCTCAATTCTTCGCGCTCTCCATCCATTCAGATTGGGCAAGAGTTGCTGCTTCTTACTGGTGAATCGACAGCTTTGCGTTATACCGGATCATATTCGACGGAGTGAAGAAAAAGTCCACATGCGGGCGCTGTGGGACCGGCGGCGGTGCGGTTTCGGGCTGCAAGGATGCGGGGGATCTCATCCACGGCGAGGCTGCCGCGGCCAACATCGGCGAGGGTTCCCACGATGTTGCGCACCATGTGGTGCAGGAATCCGCTGCCCGTTACGCGGTAGACGAGCAGGCCGTCCTCATGGGCCCATCCTGCCTGCAGGAGGGTCTTTACCGGATTCGGTCCATGGGCTTTTCCGTTGGCGTCATCGCTCTCTTCTTCGCGAAGTCCGCGCTCGGGATCGGAGGCGGCGAAGGAGGTGAAATCGTGCGTGCCGCAGAGATATTTCGAGGCCTCCTGCATGGGTTCGATCGCCAGTTGCCAGCGGCAGTCCCAGGCGTAGGGTGCGAGGAAGGGGGAGCAGATGCGTTCGCTGGGGGACGCCGCTGTCCGGCGTTCGAAGATGCGGTACTCGTAGGTCTTGCGCCGCGCGCTGTGCCGGGCATGAAAGCTCTCGTCTACCAGCTCGGCGGTCAGGATGCGAATACTCGGCGGCAGGGCGCGGTTCAGGGCGCGCTGCAGGTTGGCGGGGGGGATCGAAGTTTCGAGGGCGAACGAGGTTACCTGGGCCAGGGCGTGGACGCCGGAGTCGGTGCGGCCGGAGCCCTGCGGCAGGACGCTCTCTCCGGTGACATATTTGAGCGCCAGGGCCAGCGAGCCCTGGACGGTTGGCAGCTCCGGTTGTACCTGCCAGCCGTGAAAGAGCGTGCCGTCATAGCTGAGTGTGAGTTTCCAGTGGTTCATGTCGTCCTGAACGAAAGCTATCATTCCTGTAAATAAGTGTGTCCCTTGTTGGTTCCAAGCATCTTCCATGCATCTTAGAGGGGCTCATTCAACCTAGCTCCGATATACTGAATCGGCAATCCATTACAGACCTTGTGGGGCTGGAACCAGGCGGTTCCCGCTACCGTATCTACATCTACGGCATCGTCTGGGTCATTGAGTCACTAGAGAACCAAGTGTTGGAGAATCGGACCGTGAAATTAAGGCATTTGCAGGCGACAGCGTGTGTCGCGATGACTTTGGTTAGCGTACTGCCGCAGGGGGTAGCGCAGCAGGCGACGTCGACAGTATCCAACCAGACCCAAGTCAGTCCGACGGCTCCTGCCCCTACGCGAGCGGTGCAGAACGACACCACGGGTAATCCTGGATTGCCGCAAGCCCCTGCTCCAAGGGCGACGGAGCCTCTCTACCTGCGCCCGACCTTTACGAATTACAGCAAGGGCAAGCCATTCTTCCCCAATCCTTTCAAGGATTACACGTCGACGACCTACGAGGCGCCCCGGCTCGGCAATACGTCGAAGCTGGATGACCTGCTGCATAACGGCAAGATCTACCTGAGCCTGAGCGATGCCGTGACCC
CP003130.1_gap36	1552841	1553650	809	GTTGAAGGTCTCGATGCGCTCAACACTCCTGAGAGCCTGGCGATGAAGTCGCTTGTCGAAAAGATTTAGTTTTACCGTGGGCGTACTGTTTCTTGCAGTCAGTCTTGCTGGTGAAGTGCGGGTAAGGGCATCCGGAATTTTGTGGTGGGCTGGTTTGCGTTCAGCTACGAGCTGCGAGGTTGCGAGCTACGAGTTGAAACGGTTTTCTTTTGCCATATTGCTGAAGCGCAGTGTAACTTGTGCAGGTACACACCAGGATTCAAAAGAGGGATTCCAGCATGAGAGTGATTGCGCTTCGACTTGTCGCGGTTTTGCTGTTTGCAATTGGGGTGCTTCAGTCACAGGCCCAAGATCTCTCAGGAAACTGGCAGGGTACTCTGCAGGCGGGTAACGGTCTGCGGATTCTCCTGAAGATATCCAAGGCGGACACTGCTGGATGGAAGGGTGTGATGTACAGCATCGATCAGGGTAGTACCCCTATCAGCATCACCTCCATAACAGTAGACAAGCCGAGCTTTGGTTTTACCGTCAAGCCTCTGGATCTGACTTACGCCGGAACGCTGAATCCCGATGGGACCTCGATCGAGGGTAACTCGACGCAAAACGGCACGCCGCATGTGCTCAACCTCACCCACGTCACTCCGGAAAATACCTGGGCCATTCCCGAGCCACCGAAGTCTATGCCGACGGATGCGAAGCCCAAGTTTGATGTGGTTACAGTGAAGCCGAGCGACCCAAACAAGCCCGGGAAGCTATTTACGATTCGCGGGCGGCAGGTCTTAACGATCAATACCACGGTCAACGATCTC
CP003130.1_gap37	1668196	1672597	4401	TTGTGGGTGTCGAGGTGCGTGACCTGGAGGCCCGCCTGCCGGATGCGTTGGATCTGCGCCTGGGCCTCGCGCGCGATCTCGTCGCTGTTGATCCTGCCTCGTAGGGCGGCGCTGAGAAAGCTGGAGAGCGTGGGGCGGAAGCTTTTGCCATCGGGGCCGAGCAGGGTGGGGATGCTCTGTGGGGGAGAGAGGGGAATGCCGTCGGTGAGGACCACGTGGCAGCCGACGCCGAGTGTGGGGTTTGCGTGGGCGATGGCGATGGCGTCGTCGAAGGCCGGGCCGTTGGCCATGAGGGTGGCGGAGGTGAGCACGCCTGCCTGATGGAGCTCGAGGATGGAGCGGTTGATTCCGCGGGTGAGGCCGAAGTCGTCTGCGTTGATGATGAGGCGGGTGGGCATAAAAGGATTTGAATGAGTTTGATGCTGTTTGTTCTTTGTCGTCTCAGGATGACGGCGGAAACAAACAATGACCTTACACGCTATACTAAGGTCTGATTCGGGCAGCATCTGCTATGAGGCGGAGCGGCACTGGAGAAGACAAAGTTATGAGTCTCACCCAACTTCGCGATCGCGGAGCATCGGCGTCCACGCCAAGAGTTACGGCTGACGTCCTCCTACAGAAAAAACGTGCGGGCCAGCCGATTACGGCGTTAACCGCGTATGACTTTCCTACAGCACGCCTTGTCGATGAGGCGGGGATCGACCTTGTGCTCGTCGGCGACTCCGTCGGCATGGCGGTTCTGGGTTACGAGAACACTCTGCCGGTCACGATGGAAGAGATGCTGCATCACACACGGGCCGTCTCGCGCGGGGTGCGGCGGGCGCTTCTGGTGGCGGACATGCCCTATGGTTCGTACCAGGCTTCGGTCGAGGACGGAATCAGGAACGCCGTGCGCTTCGTGAAAGAGGCGGGCGCGCAGGCGGTAAAGATCGAGGGTGGCCGTAAGCATGTCGATCTGATCGCGCGTCTGGCGGATGCCGAGGTTCTGGTTGTTGGCCATATCGGCCTGACGCCGCAGTCGGTGCATCGCATGGGTGGTTATCGGGTGCAGGGGAAGTCTGCGGAGGCGATGGATGCTTTGTGTGCGGATGCCCAGGCGCTTGAAGCTGCGGGTGCGATTGCCATTGTGCTGGAGGGCATTCCTCGCGAGCTGGCTACCGTGATTACCGCCAGGAGCGGAGTGCCGACGATCGGTATCGGTGCTGGTCCTGACTGCGACGGGCAGATCCTGGTGTTTCATGACCTGTTCAACCTGACGTTTTCGGCGCCTGCGAAGTTCTCGCGCCGGTATGCAGATGGAGCGGAGTTTTTCTCGCGAGCCATCGAGCAGTATCGCGACGATGTTGCCGGGCGCTCCTTTCCGAGTGATGCCGAAAGCTACCACCTGCCGCGTGAGGTGCAGTTGCCGCGCGAGGTCCAGGCTGAATCGGATGCGGAAGAACCGCATCTGTGTAAGGCGTAGGGGCAAGGCATCGAGATGAGAATCTGTCGCACCATCAGCGAGATGCAGCAGGCGTGCCGAGAGCTTAAGAGAAGCACCGCACAGGAGCGAGGTCTTGGCTTTGTTCCTACGATGGGAGCTTTGCATGTCGGACATCTCTCGCTGGTTGCTGCCGCGCGTGCGGAATGTGATGCTGTGGTGGCATCGATCTTTGTTAACCCGCGCCAGTTCGGTGTGGGCGAGGACTACGAGATCTATCCCCGGGAGTTTGAAGAGGATTGCCGCAAGCTGGAGTCTGCCGGGGTGGAAATTCTCTTTGCACCCACAGTAGATGAGATGTACCGGCCTGGTGCGACTACGTTCGTCGAGGTCGCAGGGATTAGCGACCGGCTGGATGGAGCTTCGCGGCCCGGCCACTTTCGCGGCGTAGCAACGGTGGTTGTCAAGCTATTCAATATCGTCGGGCCCGACAAGGCTTACTTCGGACAGAAGGACGCGGCGCAGGTGGCTGTGCTGCGGGCCATGGTGCGCGATCTGAACTTTCCTGTGGAGCTGATTGCCTGCACAACGGCTCGCGAGGACGATGGCCTGGCCATGAGTTCGAGGAATCGGTATCTCTCTGCTGAGGAACGACAGCGAGCTCTTGTTCTTTCCCATGCGTTGCAGGCTGCGAAGTCTCTGGCGAAAGAAAAGGGCAGCAATGCGCAGATGTTGCGCGAAGCCATGCTGCAGAAACTTACTGCTGAGCCTCTGCTGCGCATTGATTATGCGGCAGTCGTCGATGCTGACACGCTGGAGCCCATTGAGGATCTAAGCAACGGGGCGTTGGTCGCGCTTGCTGCGTGGTTCGGGAAGACACGCCTGATCGACAACGTTCTGCTGGAGCCGGTGACGCATGTCTAGGAACATTCTGCTCGGTGTATGCGGCGGTATTGCGGCCTATAAATCCGCGGAGTTGGTGCGCGCTTTGCAGAAGCAGGGCATGGAGGTTCGCGTCGTGATGACGAAGGCTGCCGAGGAGTTTGTGCGGCCTTTGACCTTTGCTTCGCTGACGTCGCATAAGGTGTTTACCGATCTGTGGGATTCGAAGGTGGAGGCCGAAAAGGCCGGGTTTTCGATTGAGCATATTACGCAGGCGCAGTGGGCCGATTTGCTATTGATCGCTCCGGCCACGGCGAATACGATGGCGAAGTTTGCCCAGGGGCTTGCTGACGATTTTCTTTCGGCAACGTATCTTGCGACGACTGCTCCGGTTGTCTTTGCGCCGGCGATGAACGTGAATATGTGGAATCATCCCGCTACGCAGGCGAATCTGCTCGCGTTGCAGCAGCGTGGGCACCGGATCGTCGAGCCGGAGAGCGGCTATCTGGCCTGCGGCATGACCGGCAGCGGCCGGTTCCCGGAGATTGAAACTATTGTGGAGTCGGTGCTGGGACAGTTGCAGGTGCAGCGCAATCTTGCGGCGGAGACGGTTCTGATTACGGCAGGCGGTACACGTGAGCCTATCGATCCGGTTCGCTTTCTCGGGAACCGCTCCAGCGGCAAGATGGGCTACGCACTGGCTGCTGCCGCGCAGCGCCGAGGAGCGCGGGTGATTCTCGTGACGGCTCCCACTGCGCTTGCGACGCCGGAGGGTTGTGAGGTCGTTCGGGTCACGACGGCGGCGGAGATGCAGGCTGCTGTTCTGGCGCATCTGCCGGAGGCTACCGCTGTGATCAAAGCGGCGGCGGTTGCGGACTTTCGCATGAAGCAGGCTGCTGCCACGAAGTTGGAGCGCAAGGGATCGCTCACTCTGGAGCTGGAGCCTACAGACGACATCGTTCGCAGCGTGGTGGAGGCGCGGAGGCCGGGAACGCTGGTCATCGCCTTTGCGGCGGAGATGGGGCGGAATCTGGAGAGGGCTCGCGAGAAGCTGTTGCGGAAGGGCGCAGATGCGATTGTGGTCAATGACGTGGCCGTTGAGGGGTTGGGCTTCGATTCTGACCGGAATGCTGCGACACTGTTAACAAGGGTGCAATCGATCGATCTCCCAGAGTCATCTAAGAGGGAACTTGCGGAGCGGATTCTGGACGAGATGCTTCGTCTGAGGGCTTTGGTTCCCCGAACAAAAGCGAGAGAAGCGCTGAGCGTTTGAGCCAGGCGCAGCATCGGTGAGTTGCACGAAGGAGTTTTCATTGTCATCGGTAAACAGCACGATTGAGTTGATCCAGATCCAGGAGAATCGCGGAGAAACGCCTGGCCCAACGACCTGTAGTTCCAGGCTTGTCAGTCCACCATGGACGTTCGACACGCAGACGCCGGAGTATGGTCCCGGAGCTTCGATGGAGGATTTTATTCCCTCCGATGCTCCTCGTCAGGGACAGATTCCGAAGGAATATCGCAACGCCAGCGCGGAGGAACTCGACCTGCGCATTCGCGCGGCAAAGCATGCTCTGGGAGAGCGTGTTGTGATCCTCGGCCACTTTTATCAACGCGATGAGGTTGTGAAGTACGCCGACTTCGTTGGCGACTCCTTTCAGCTCGCGCGTGCTGCGACGTCTCGGCCTGCCGCCGAGGCGATTGTTTTTTGCGGCGTGCACTTTATGGCGGAGACGGCGGATATGCTCTCCGGCCCGAAGCAGTCGGTGATCCTGCCGAATCTTGCTGCTGGATGCTCCATGGCCGATATGGCCGATATTGACTCCGTCAGCGAGTGCTGGGAGCAGTTGGAAGAGGTCTACGGAACGGCTCCCGATGCGAGCGGCCGCGTGCCGGTGATTCCTGTGACCTACATGAATTCGTCCGCGGCGTTGAAGGCTTTTTGCGGAGAGCGTGGGGGCATCGTCTGCACCTCGTCGAATGCCGCTGCTGTGCTGAAGTGGGCGTTTGAGCGTGGTCAGCGCGTACTGTTCTTTCCCGACCAGCACCTCGGCCGCAATACGGCGAAGGCCATGGGGATTTCTGTCGACAAGATGCCGATG
CP003130.1_gap38	1732208	1733751	1543	GGCGGCACGCTGTACCAGGTCCCGATCTCAAACGGCACCATGGGGACTGCGGCTGCTGCCACTACTCTCAAGCTAAGCACTGCCACAGGCGGGCAAGCTGATTGCACGCCGCTTACCGAGGTCTTTAACCCGAATATCACGATCAGTGGAACCACGGGCCATGACTTGCTCTTTCTGGGGGTGACGAACAAGGGCGCGCCCACAGGCTGCAATGGCGGAGCGTGCATCATGACCTTCGACATTACCAGTGGGGCCGTTCCCACTGCTCCCATAGCGACGTTCCCCTTAGCGACGGGTACGACGCTGCTGGGGACGAGTGGATTAGTTATTGACAACGTCTCCACTAGCACTGGAGGATCGCAGGTGTACTTCGGAAACCTGAATGCAGGTACTGGAGTGCAAGCTTCTCAAGCAGGGCTTCAATGAGGGGCAACATGAATGGACCGGAAGAGATCGACGAGATAACCGCGCAATCGGAGATACAGCCGCCGGCGAAGAAGCTCTATCGCAAACCTGAGTTTCGCTTCGAGCGCGTCTTCGAGACTCGGGCTCTGAGTTGCGGCAAGATATCGACGATCCAGGCCCAGTGCGCCCACAATCGAAAAAGCTCGTGACGGGCGATGTCATGCCTGTGGGGTTGCAGCAGCGCTCGGCATTGGGTTGTGAGCTGGTTGCCGAGGTGGCTCACAGCTTCGGTGAGGTCTGCCTCCAGGTCACAGGCTCCAGCATGATTCCGGCGATCTGGCCGGGCGATGTGGTTGCCGTCCGGCGCTCTGATCTGGGAGAGTTGCGGCCTGGCCAGATTGTTTTATATCGACAGGAAAGAGGGCTGGTGGCTCACCGGATCGTCCATATTCAGGGCAATCTTTTGACTACTCGAGGAGATACGCTCCGGCATGACGACCCGCCGGTCAAGGCCTCTGATCTCGTGGGGCAGGTGCTTTCACTGGTTCGTAAGGGACAACGGGTGAATCTACGCCAATCCTCGTGGCAGTGCATCAGCGCGTCACTTCTGCGGCACTCGGACCTCTGCCTGCGCATGACGCTGCGTCTGGGGCTTCGCCTGCGGCGGCAGGGAACTGAGGAGATGGCATGACGCATGAGCCCGTCACAGCTGCCGGGCAGGGAATCATCATTGAGATCGGCGGCATACCCATCCAGGTGCGTAGTGAAAGCCCGGAGTTTCTGCGCATGTTGGAAGAGCGCTATTCCGGCTTTCTCAACGATGAGGCACACCCGGTCTTTGAATTCGATGTCGAGCTGGTGCAGCCGCGAAGGATCAGCGAAGAGGACGATGTCGTGGTGAGCTTCGATTCGGGCCGATGGTTGATCGAGCGTGGCGACTTTCGTGCGGAGTGGGAGCCGGAGACGCGGCGCGGAAAGATTATCCAGTCGGCAAACCCTTACTCGATTGACTCTGTTCTTCGCATCGTTCACACGCTCGTTCTGGCGAGGGAGGGCGGTTTGCTGGTGCATGCAGCCAGCGCGGTTCGGAATGGCAAAGCCTTTCTGTTTGCAGGTGTCTCCGAGGCGGGAAAAACAA
CP003130.1_gap39	1761933	1762759	826	TGAGCAGCGCAGGGCTTCACTCCGCGAATGGAATTTGGAATGGTCGGGTCGGAGTGTCTCGGAACCCATGCATCGGACAGATACATGGTGCTTCCGTTCAATTGCCACGGGAAGCCCGACTGATATTTATAAAGCGCCGCAAGCTCCCAGCCGCCGATCGCTTCATCCAGGATGCGATTCATGTTGCCCCCGAAATACTTGCCACGGCCAACAGGCAGGAGCCAGACACCTGAAAGTGTGATCCCGTGCGTATAGTCGTTCCCGTCAATGTTGCGAGCGGGAATACGATAGGTCTGATCGGCGTAGCCACCCGAGTCCATGGTCTTCGACCAGGTGTACGTAGCGTGCACGGTCAGGAACTTGTCCCACTGATGCATGGCCGTCACCTGCATGGCGTTGTACCAGGACCTGCCGTTATTCAGTTGATACTCCTGAATGTCCGTAAACGCAGGGAAGGGACGGGTGAGTTGGATGGCCTGGATGGTTGGAGAGGAGTAATAGCCGGTTCCCTGAAATGGTGCAATGTTATAGAAGGGGTTTGTTACATAACTACCGGGGCCGCTGTTGCAATTGGCGGGGTTCCCACCGTACAGAATGTTGCAGTTCTCAAAGGCCGCCGTCGGGATGCGGTTGATATTGTCATTGCTATCGTTGTGATAGGTCCTGCTCCCGACGTAGTTGAGCTGGAACATGTCGCTCTTCAGGAAGCGGTGTTGGACGCCAATGGAAAACGTCTGATACTGGGGTGTTTTGTAATGCGGGTTGATGAAATAGGGCCCCTGACCGAGGGCGGTGAGATACCCCAGCGAAGACCCTGTGGGCTGAA
CP003130.1_gap40	1779248	1783868	4620	TGCCGCGCAACCTCTCCTACGCTGGTTTTCAAGGGGGCGGCGGCACCTCGTCGAATGGCCAGATTGTCATCGGGTACGTCTTTGGCAACGACGCGGGGAACAACCCGAACCTGCCCGCCGTCGAGACCCTATTGGCTCAGTAGGGCTATGCAGTCCATTCAACTCTCAACTGGCGATAACAGGCCAATGCGCTCATCCACCCTCGTTTATGACTGCAAATCTGGCCAGATATGGCTAGTTCCATAGCTAAATAGGCCTACGGGTGTTTTATCCTCACGTCTCGTAGAAAGGACAGGATGATCCACGAATCCGGCCTAATTCAGATATAACTCCAATAGCTGTAACCAATGGACTTTTCATCTCTCTAACGTTGCACAGACTCTGATTCACCGCATCTCACTTGATGCTCCGTGTTATCGGCTGTCTTGCACGCTTTCTGGCGTTTCTGCTGCCACTTTAGAGAGAACGGAGCCTCATGAAAAATTTGCTTAAGTTGTATGAGCGTATCTCGGGGATGTTGTCCTATCTGCAATCTCCATTTTTGTTGGCTGTGCGGCTCTATTGGGGATGGCAACTGGTGATGACCGGGTGGGGGAAGTTGCACAATCTCGCCAGGTTCACGGATATCTTCGCCAACCTGAACATCCCATTTCCCAGTGCCAGTGCTCATTTCATCGGATGCCTCGAGTTCTTCGGTGGAATTCTTTTAATCCTGGGTCTTGGATCGAGGCTGACGGCATTCCTCATGACCTGCAATATGCTGGTCGCCTACTGGACTGCGGACCATGACGCTTTTGTCTCGTTCTTTTCCGATCCGGATAAATTTAGCGCCGCATCGCCCTATACGATTCTGTTTGCATCCCTTCTCGTTCTAATATTCGGTGCAGGACTGTTCTCTGTGGATGCGCTGCTGGCAAAGCGTTGTCGAGTCTGGCTGGAGAACCCGGGGATCGAGAAAGAATGACTGACGTACTCGCAGGCAGGGATGAATCGCAGATGATTGCGTCCATCCTTGCAGGCAATTCGCAGGTGTTCCATGAACTCATTCGCCCGTATGAGCGAAGCGTGTATGTCATGGCTCTGTCGTTGCTCCAGAATGAAGCGGATGCGGAAGATACCGCGCAGGAGGCCTTTCTAAAGGCCTTCCGCAGCCTCGCGAGTTTTCGCGCTGAGGCGAAATTCAGCACCTGGCTGATCAGTATCACGCTGAATGAGGCACGCAGCCGTCTTCGCCGCAAGAATACGGTCAAGATGGAGTCGCTCGATGAGCCGCAGGATGAGCAGGGACATATCTCGCCCGCGCTGCTGCGGGACTGGCGAGAGATTCCCTCCGAGGCGGTGGAACGGCAGGAGGTTCGAGGGTTGTTGCAACAGGCCATTGCCGGCCTGCCTCCAATCTATCGCGAGATCTTTCTGCTGCGGGATGTCGAGGAGTTGAGTATCGACGAGTCGGCAAAGGCTCTCGGCATCACGGTGGCAGCGGTAAAGGTGCGGCTGCATCGCGCTCGGCTGATGCTGCAAAAAAAGCTTGCACCGCAGTTGAAGCAGGTCAATCCAAAGAAGAGGAGGTGGCTCCCATGGTCATAGAGTGCAAACATGTCTGGGATCACATCTCCGGCTACCTGGATGGAACACTGGATCCCGAGGTTTTGGCGGTGGTGCAGAAGCATCTGGAACATTGCGAGCTCTGTTCGGCGATCCTCGACTCGACGCGGAACATCCTGATCCTCACGGCAGACGAGCGTGTGTTTGAACTGCCGCTTGGCTATAGCGAACGTCTCCATGCCCGGCTTGAGGCGGAGATGCAGAGTATTGTGCCCAAGAAACCTGATGATGGATGAGCCGCGAGGGATAGCCTGAGAGGTGCCAAATTGAACCGCGAGCCGTGTCCAGATACGGTGCCTGTCAGGCTACTGAGCGTGATGGAAGATCTGGTGCGTGATCGCCTCGGCCGCTACAAGAACCAGGGTCACGATTGCGAGGACGATCTGGAAGGTTTCGGAACGCCGTTGCTTCTGCGTCACGGAGGCCATACGCCACTGGGATGAGGGTCTGGCGCGCAGGCTGCGAATCCTCCAGACGACATACAGGTTGATGAGGGAGCCGGCTACCGCAACCACCATCATGGGAATGCGGATGGCATCGGCATGGATGCGACCGATGGTGTGCTGCACCCCGGCCGCAGCCGCCAATGCGCTTACCCCAATGATGACGCGTATGCCGCTGATGGCCATGACCGCTGTGCAGGCGCTCTGGAGCAGGATAAACATCAGACTCGTGAGGCTGAGGATCCAGGAGCGGCTGCCGGTGGAAGGTTGTTCGCTTGCAGGAGTGTCTACGGAACTATCCGGGGCGAATTTGGGATCTTGGACAGGCATTTCATCTTTACGGTACACCAGGTCGCGCAAACCTGTTTCTTATGTGTTACAAACGGCACTTGCAGAGTAGGATGGAGCCGTGCGCTCCTTACTCAGGAACGCGGGGATGAATATGGTCAAGACGCATCGCAGGTACCAGGAGGTTGCAGCACGAATTTCGCGCTATGTCGCGGAGAAGAGACTCGAGCCGGGCGCCCGGCTTCCGGGAGAGATCGATCTGGCAAAGGTCTGCGGGGTGAGCCGTCCCACGATTCGCGAAGCGATGGTGGCCCTGGAGATCGCAGGCGAGCTGGAGATTCGGAGCGGTTCGGGAGCCTACGTTCGCGAGGCCGTGAACCCCATGTCGCTGGTGCTGGACTCCGGTCCCGGGCCGTTTGAGCTGCTGCGGGCACGCATTCTGATTGAGGGCGAGATCGCCGCGGATGCAGCCCTGTATGCTTCGGCCGGAGACCTGGCGAAGATCGAGAAGACCCTGCAGCAGATGCGGAAGCTGGTGCAGGCGAAGACCAATGCCCAGGTAACGGACAGGCAGTTCCATGTGGCGATCGGCGAGGCTGCCAAGAACAGCGTGCTGACGAGCATCGTCGATGGGTTGTGGGCAGGCATGTTTGCGCCGATGTATCACCGGCTGAGCCAGCGTGCCGGCCTCGACCAGCATCAGGCGGCCGCGTTGGAAGATCACGAGGCCATCTTTGCGGCGATCGCAGGCCGCAACCCGAATGAGGCCCGCAGGGCGATGCGGCGGCACCTGCATCACGTGGAAGAGCACCTGACCAGCGATGACGTGCCGTCGCCAGTGAAGCCGCCCAGCAAGCCAACGCCGGATGCTGCGGCGAACGGACGCAAGCAGCCGGTTTAGGGTATTTCGCTCTTGTAGCTAACGAATCAAAAAGGCATGGCTTCGGCCATGCCTTTTCGGCCTCCGATTGTGCACAATGTGCGTCTCTACTTCGCGAAGAGCTCACCGAGATCCGCGAAGGCCTTGAACTCCAGGGCGTTGCCCGACGGGTCGAGGAAGAACATCGTCGACTGCTCGCCGACCTGGCCTTCGAATCGTGTGTAAGGCTCGATGACAAAGGACACACCAGCGGCGCGGACGCGTTCTGCCAACGCTTTCCAGTCTGCCTGTGTCAGCACCACTCCAAAGTGGGGAACCGGCACGGCGTGCCCGTCGACGGGATTGCTATGTGCTGCTGTGTTGTCAGAAGCAGGTTTGTGATGCGCGACGATCTGATGTCCGAAGAGATTGAAGTCGATCCACTGCTCTGAGCTACGGCCTTCGGGGCAGCCGAGAACCGTGCCGTAAAAATGGCGCGCTGCGGCGAGATCGTGGACTGGAAAGGCAATGTGGAAGGGGCGTAGTTCGGACATGCTGTGCGCTCGCGAATGAGATAGGGCCGAGTCTTGGCCCACTCGATGATGATACGCAGGAAATTACGAGTGCGGCCAGCGCTACAAGTAGTTGTTTGAAGGGGCGGGACTTTAGTCCCGCCGTATAGGCAATATTTGCAGGGTGGCTTTAGCCACTGAGGGAATCTCTTTCCGGCGAAATTCCCTCAGCGGCTAAAGCCGCCTGCTATGGGGTTCTTTTCGGCTGGGCTAAAGCCCAGCCCTTTCAACGCGACACGCCATTGGGGTTGGTTTTCCGAGACTGCTCTAGCGACGACGATAGCCTTGGTCGTACCCACGCAGATAGGCATCGCGGAAGGCATTGCGATAGGGCTCAAACGGTCCTAGATGCGGATCATAGCCGGGACAATCGTGGAAGGCGCGTGTCCGGCGAGCGTCGTACGGAGCTCCGCTCTCTGCCGCGCGTGCACCATCGGAGCGGCCTGTCTCAAAGCCGTTGTGTTCGGCCAGTTGAACGAGGGGTGGCACCTGGGCTATGGGAGGCGGTGGAGGTGGGGGTGGTGCATAGTGTTTGGCACAGCCAAGGCCCGCGAACAGAAACAAGGACGATGCTGCCGTGAGAACCACGCGATTAAGTTTCATATAGCTCTCCTGACCGTCGAGACGGCACATTGGTTTGAACTCGACTGGGAACAGGATGTTGCTGTGAAGTTTTTACGGAGTGCGCGGTACTCGAATCACTAAAAGACGAAAGGGCATGGCCTCAGCCATGCCCTTTCGGTCTTGCTTTTGCAGGCTGTGAATCACAGGCCCATGCGTTGTTCTTGTTGCTCCGCTTCGTCGGAGACAACGCCCATCTTCTCTGCGATGGACTTTGCCTGCGTGAAGAGCG
CP003130.1_gap41	1870949	1874191	3242	GAGGGAGCTCTCCCAGCCGAACTCTGCTGCGCCGGGATTGAGCAGGCGGATCGTATCGTCGGCACGCGGCTGAATCGCAACCCAAACGGCCTCGCGGAGAAGGCCCTGCAGCACCACGCCGCCGGTGTAGTCGACGTTGCCTCCCATCACATCGAGGCGGCCAGGTGCACGCGCGATCCATAGCGGCTTCTCTGGAGAAAAGAAGCCGTACGTTGCGACGGTGGTGGCAACCTGATCTTCGAAGATGCTCAATTCCGGCTGGCTCTCTCGACGGGAGATGACATTCTCTTTTTCAGGCTACCGAATTGCTATACACAGAACATTAATAAAAGTTCATTCCGCCACCTGAACCTGCGTAATTTGACGCAACCGCGCAAGATCTTCGGCGGAGATGTCCTTATCGGTCAGGATCAGGTCGCAGTCCTCAATGCCGCAGAGGCGATACGTGGCCTCGGTGCCGATCTTGCTGCTGTCGACGACCAGCACTCTCCGCTTGCCCGCCTGCAGCATCTCGCGCTGCGCATCGGGATCGTGGACCATAATGCCGCGCGTAAATGAAACCGCTGCCGCACCAAAGATAATGGTGTCCGCGCAGATCGAGGTCAGGCTCTTGCCGACGGCATGCCCAATGAGGTCGTGGCTGCTCGAACGATAGACGCCGCCGGTCAGCTCCACCCGGATATCCTCGGCCGAGGTGAGCTCTTCGAGGACCGCCAGCGAAAAGGTGAAGACAACAACATTGCGCCGCGCGCGCAGCTCCCTGGCCACATAGAGCGTGGTCGTTCCCGAATCGAGAACCACGGACTCCCCATCATGAACCAGTGCGGAGGCTGCCGCGCCGATGCTGCGCTTGGCATGCGACATCTTCTGCAGGCGTTCGAAGAAGCTTCGCTCCGCACCCCGCCAGTTTTCAATCCGCGCCCCACCGGGAATTCGAATGACCTGCCCGGCTTCGACCAGCTTCTGCAGGTCACGCCGAATCGTCATCTGCGACACGTGAAAGGTCTCCGCAATCTCACCGATCGAGGCAGATGTGTTTATTTTTAACATTTGAACGATCGATTCAAGCCGGGAGCGTTCTGTGATCTCACTCATGTTGTCCGTTTCCCAAGTGTAAGTTTAGCGATTGTTCTACAGATTTTAGCCTATTTTCAGAATAAAACGAGAATGCCTGCATTTTCTCTGCCGCAAATCTAGATAAGCCATATGTCTGCGTTGTGTAACTTTTTCTCATGATGTGTCAAAAGTTTGTCCCTTATTAACATTTCTTTGTTACGGTCTTCTCATCGCAACTGAAGTACGTCGCGTCTGCTCACCACGCACGGGAGCTTTCGCGGTTTTATCGTTCTCGATCCTGAGTCTTCCCGACGAACGCATCTTCCAAACTTTGGGGTTTCTATGAATTGCGTCCTGCCCGCATCTACTGCAACTGTCTGTCTGCAATCCGGTATCGTTCGCCGATCCTATGGTAGCGACAAACGAATGAGCTGCCGAGTCTTTCAGACTTTCTACGGACTGGCATTGTTATTTGCCCTGATCGTTTCCGGTGGCGTCCTCCAGGCTCAGACCTTCTATGGCTCCATCAGCGGCGTCGTCAAAGATCCCAGCGGAGCGGTGGTGTCGGAGGTCGCTGTCACCGTGCACGAGAACCGCACGGCGACGGAGTACAAGACCCTTACCAACAAGGCAGGCAGCTATCGTGTCTCCTTCTTGAAGCCGGGTGGCTATACCGTCCGCTTTGAAAAGGGTGGTTTTGCGCAGTACATCACGGACGAGCTCAACATCGTTCTGAACCAGGAACTCGTCGTCGATGGAGCGCTGAAGATCGGCGAGAACTCCGAGGTCATCACGGTCACCGGCGCCGCGAGTCCGCTCAATGCCACCAATCCCCAGGTGGGCGGCGAACTCAGCACGCAGGAGCTGATCGATCTCCCCGAAGAGACCAGCACGAAGGGCGCGAACGAGTTCCTGCTGACCAAGACCTTCGCAGGTGTCGCCAGCACCAGCCAGGACTACTCGAACGTGAATAACGTCTCGCTTGGCGGCGGAAGACCAGTCACGAACCCCATCATCATCGACGGTCTGCCCAGCAACATGGGCGTCGACGGCACCTACGGCCTCATCCCGACGCCGGACTCCACAGAAGAACTCCAGGTTCTGACCTCGCCATTCTCTGCCCAGTACGGCCAGAGTGGTGGCGGCGCTATCCTGACCACCACCAGGTCCGGCACGGATAGATTTCACGGCAGCGCCTTCGAATCCTACAGCTCGCAGGATCTCGTTGCCCTGGGCTACTTCACCGCTCACGGCACCGTCGTGCCACCCCAGTCCTTCAACTACTTCGGAGGATCGATTGGTGGCCCGGTCTGGATTCCCAAAATCCTCGATGGACGTAAGCATCGTCTCTACTTCTTTACCGACTGGGAAGACACGATCACCCACGCAACCAGCCCGCTTAATAGCGACGTGCCTACCATGGCAGAGCTCGGCGGAGACTTCTCCGGGATCTCACCCCAAAATCAGCCGACACCCACCATCTACGATCCCAACACGACAACTGTAGACAGCAAGGGCCATATCACCCGTACTCCTTTCAAGGGAAACATCATCCCGAAGGCACGGCTCGATCAGGTAGGTCTCAATCTCGCCTCGTTCTTCCCGCAGCCGAACTGCAGCTATCTGACCTACAATTATTGCCTCAGTCCCGTATCGCACAGCAGCTATCTCTATAACGCCGACCGCATCGACTACAACGCCTCCGACTATGACCACATCTGGGCGAAGTTCTCGCGTGACGGTCCAACGAACCAGCCCACCATCGATATTCCGAACGCTGCCAACACCTCGGCGCTGGGCGGTTGGGTCGATGACCACTACGCTGTCTCCTGGAGCCATATCTTCTCGCCGCGCATCTCCAATGAGGCCCGCTTCGGCTATGTTTCGGAAGAGAACTTCAGCACCCCAACACCGGCGGATGCCGATGCCATCGGTCTCAAAGGCGTCCCTCTCACCCAGTTCCCCAGCATCTCTACAACCCAGTACATCAGCTTCGGCGCAGGCTCCTTTGCCCGGACGCGGGACGGCCACTACATCCTGAACGACGCCATGGTCATGCAGATGGGCCGTCACAGCCTCTCTGTCGGTGGAGAGTTCATGCGCTACGCCTACAGCTACTACACCCCCGGCGTTCTCTCCGGAAGCTATGGCTTCACGGGAACCTTTACCACTGCGAGCGGTCAGTC
CP003130.1_gap42	1877690	1879965	2275	CCGTCTCGAAGTGGATCTTGCGATGCGTTGGAGCGACACCCAGAAAGGGTCCCTCGTGCGTGCCGTAATAGGTTTTGTAGGTCGTTACGCGATTTCCAGCGGCAATCTGCCAATGAATTTCGGCACGAAAGTCGGGAAAGGCAACACGGATGTAGGTGTAGAGCTTACGTACTCCGGCCTTGTCGGGCGTAGTCCCCGGCTGGGGTGTGTGATCGATGAAATCTTCGGCAAACAACTCCTCGAAGAGGTCGAAGTCTCCTTTGCCTTGAACTTCTTCGGTATTTCGTAGAATGACCGCTTTTGCAATGGCGGACTGATCGTTGATGCTCATGCGTTACGCTCCTTGCGGTTGAGAGGGATGTCGGTCGTGATTCTGCACGAGATATCTATCAATATAGATAGTATCTGTGTTAATAGAATTGATGACCTACACTGATGATGGATTCATCGGTTTTATGAAAAAAAGATCATCGGATGCCCTTCATGTCTGGCTGGTGTTGAACAAGGCTATCCAGGCCATCTCGCGATATGCCGACATGAAGATTCAGGGTGCTGGTCTGGGAGACTCCGACTTCCGGGTCCTTGAGGTCCTCCTGCATAAAGGGCCTCTTTCTGTGAACACGATTGGGCCGAAGGTAAATCTCACTCCCGGCGCCATCAGCGTTGCGGTGGATCGTCTCTATAACAAGGGATTGGTCAGCCGGGTCGAGAGTGCGGAAGATCGTCGCATTCGCATCGTCGAACTCACACAGAGCGGAAGGGAACTCATCGTTCCCGTGTTCCGGAACCATATGGAGACGATAGGGAAGGTATTTTCCAAACTCTCCCCGCAGGAATTGGAACAACTGGAAGCGATGATGAAAAAAGTAGGCAGGAATGCCGAAACACTCGGCGGGACGAATGAGGGCTCCTAGCGGAGGGAGCCGTAGTTTTTAGGCTGTGGAATAAAGGCCCTGCAAAAATTGAGCTTTAGGTAGTGCCTGACGAATCGGGGATAACAACGAATCACATATTTTGCTCCCCACAGAAACGTCATCCTGAGCGAAGCGCCTCGCGCTTTTTGCGAGGTGCGTCCGTTCGACTACGCTCAGGACCGAAGGACCCCGAGAGACTTGGTCTCGCCCACGCTGTCGAGACCTTTTCCAGCACGGAAGTCCAGGCACGAGCACTCGGGGTAGAAAAGGTGCGAAGGGTATGGGCAAGATTCCAACCTTCGGGGTCCTTTGGCTGCGCGTCCACAAAGGCCAGGACGCGCAGGATAAAATCCCCATCCTCCTTTGTCCTTGCTCCCCTCCACAAATTCGTCATCCTGAGCGTAGCGCCTCGCGTTTTTTTGCGAGGTGCGCAGCCGAAGGACCCAGAGGGATTTGATCTCGCCCAGGCTGCCGGGACCTTTCCCACCACGGACGTCCAGGCACGAGCGCTTGAGGTAGAAAAGGGTCAAAGAGTATGGGCAAGATTGCAACCCTCGGGGTCCTTCGACTTCGCGTCCCCAAAGGCTGGGACGCTACGCTCAGGATGACGATTCTGGGGTGGGATGAAAACAATGTCCTGCGTAAAGTTCACTCACTTCTTCACGACTGTCACCACGCCTATATCCACCGCCGCCCCCGTCTGCTCCAACTTGCCCTTATCCTCCGACCAGTGAAGACGCGTAATCTCGCTCTTGCCCTCTTCATACGCATACGTCTTGCCATCGTCGCTATAGATCGTGAAGTCCCCATCAGCCCCGGGATAAACACGCACGCTGGCGATCGCCTGCTTCTGCTCCGTGCTTTCGATCGGCACACCTAGCGGCAGAATCGAACCGGCTCGCACAAAGACCGGAATCGTGTCGATCGCGGCGGCAACTTCCACACGCTGTCCGCCATGAACACGCTCGTTGGTCCAGAAGTTGTACCAGTCGCTGCCTGCAGGCAGATACACCGACCGGCTCGTCGCACCCTGCTGCGTAACCGGAGCCACCAGCAATGCTGGCCCGAACATAAACTCATCGCCGATAGAGGCCGTATTGGGATCGCTGCCGAAGTCCATGAACAGCCCACGCATAAACGGCGCGCCGGTCTGGTGCGAAAAATATCCAAGCGAATAGATGTACGGCATCAACTCATAGCGCAGCTTCAGATACTTCTCAAGGATCGGCTCGGCCTGCTTTCCATAAGACCAGACCTCGTTGAAGTTGCGGCTTCCATGCGCACGCATTGTCGGCTGAAACGTCGCGTACTGGAACCAGCGCACATACAGCTCAGGATAGTCGTCGTAATGATTCACGTTC
CP003130.1_gap43	1895821	1896396	575	AGTCCTGACCCTTCTCTTTGTACTTGTCCGTGACGAAGACGCGAATGTTGGGAATACCTGGCGTGGTGATCGGCGGAAGGAACTTGCCCGCTACGATGGTTCCGGGAAAGCCCGGCTTGGTCCAGTTGAAGACGAACTCAGTGCCACCGCCGGAAAGCTTGTGTTCGCCGCTTACGCCGCTGCCGACGACACGCTCGCCCTCGGGCACGGTGATGTGTATCTCGGCTGTGAACCGATCGGTGAAGAGCCCCGTCATGGGGAACCAGCGCCCCGCATAGAGCAGGACGCTGACGGGATCAGCAATCTGGACGAGCTTGATTCCATCGACCGGGCTGGTCTCGACGGTAGGCGCTCCCGCATAAGTAAAGATGTAGGTCGCCGAAGACCCTTTAGCTAATAAGGTGGCGGGGGTAACGCGGATGGTCGAGTCGGTAACGTTGCGCTCAGAGTTTAGAGAGGCGTTGGCCGCGTCAGTAATTTTGCTGACCTGCAGGCCGTTATTCAAACCGAAGACGACGACGTTGAGGTCATCGAGCGCCGTGAAGGTGATGGCGGCGGTGGCGGTCAGCTTGCCG
CP003130.1_gap44	1915583	1916292	709	GATCTAACCGACAGAGCAAACGCTGCGCACAGTGGACGCAGGTCATCGGATAGTCCTTGGGATGCACGGTAGCGTCTCCTCCGGCGAAGGACTCCGCCAGTGTCGTTAGCGTTGTGCGCCACTCTTCGACTTGGCTCTGCATATCGAGCACAGTCCTGGCCGGAGTGCCTGGAATGAGGCCTTCTGCATCCTGATAGCCGAGCCACTTCATATCTCGTCCCGGACGCACCTTGGCGAAGGCCAACCCCTTCAGCTCTCCCGCGCCGGGGAGCAGGGCATAGAGCGGGAGCTGCGGTTCATCGGGACGTTCGCCCAGCCAGTTCTTCGGATCTGAGGAGTAGCTGGTTTTGTAGTCGACGAGAAAGACACCGCCTTCGACGATGTCCAGGCGGTCGATGCGCAGCTTCAGATCCAGCGGACCGATATCGATCAGCTCATCGTGCTCGATGTACTGTACGGTGAACGGCCCACGCTCCATCTCTTTGTCGAGCCACTGCAGCAGGACGCGTTGCAGGCGTTCCTTCTGCAGGGCCACATAGGCTTCGTCCCATCTGCCCTGAATGTTGAGGTCTTTGTCGAGAGCCTGGTCGATACAGCGGCCCAGCAGTTGCGCGCGTGCATCACGAGACATCGCTTGCAACGCAGACTGCGACTGAACCTCTTCCCAGAAGCGGCTCATGGCTCCATGCAGCAGGCTGCCGTTCTCGCG
CP003130.1_gap45	1919055	1921605	2550	GCTAACGCCTTCAACACCGCGTTGAACATCGCGAACCAGGCTAGCGGGACTCCCAATGCGACCCTGCCTCTCAACAGTAACGCCGTGGTGCCCGTGACCACGATCAACACCCTGGCAGACGTCCTGGCCGCGTGCATCAACTCCAACGGCATCAGCTCGTCGGGATGCAGCACGCTCTTCGCCAACGCGACGAACGGCACGGCGCCCACCGACACAGCGGCAGCGGCGATCAACATCGCGCAGCATCCGGCAGCCAATGTCTCTGCGCTGCTCAACCTGGCAACCAACGCCAGCCCCTTCCAGCCTATCGTCACTGCTGCCAACGACCTGACCCTCAGCATCAACTACACCAGCAGCCTGCCCGATCCAGAGGGAATTGCGATCGACGGCACAGGCAACGTCTGGGTCATCAACGGGAGAACCAAGTCTGTGACCGAGATCTCCAGCGCAGGAGCGGTCCTCTCCGGGACCAGCGGCTACACCGGCGGCGGCCTGAACAATCCAGAGGGGATTGCGATCGACACCTCGGGCAACGCCTGGGTGGCGAATCAAAGGGGTGTCGCTGTAACCGAGATCTCCGGCAGCGGGTCATTCCTCTCCGGGGCCACTGGCTATACCGACCCCAGCGGTGGCCTGGGTCAGCCCGATACAATTGCGATCGACGGCTTGGGCAATGCCTGGGCGACGAATTCCGACCAAGGCTTCGTGACTGAGCTCTCCCGTACCGGGACAATCCTCAACAGCTACACCATCGATAACGGCCTGTTCAATGCCCAGGGGATAGCGATCGACGGTTCGGGCAACCTCTGGTTGTCTAATGGATTCGCTAACGCGGTAACCAAGGCCTCCAGCACCGGGGCAAACCTTTCCGGGGCCGGCTTTACCGGCGGCGGCCTGGGTGATCCCGACGGAATCGCGATCGACAGCGCGGGTAACGCCTGGGTGGCGAATATAGGTACCTCTGTGACCAAGCTCTCCAACTCCGGAGCAGTCCTCTCCGGACCCAACGGCTTTACCGGCGGCGGCCTGAACGATACCCTTCAACTCGCGATCGACGGCTCGGGTAACGTCTGGGTGGCGAATCTGGCAGGTAACTCCGTAACCGAGCTTTCGAACTCCGGGGCATTTCTCTCCGGAGCTAATGGTTACACCAGCACTGGCCTGAACGAACCCTTTACGATCGCGGTCGATGGCTCAGGTGACGTCTGGGTGACGAATAAGACCTCCATGACGGAGATCGTCGGCGTCGGTACTCCCGTGATTACTCCGATCGCCGCCGGTCTGCCCGTGATCCCAACGGCGAACGGAAGCAGCAACCTGGGCACACGCCCGTAGCTTCTGTGTTCAAGAGCGCTGGGTTTACAGGTCCAACTACTTTTCTTGCGCCTGGAGAAGTCCCGAATAGGTGTAGGGTGTCTCCGCAACTGCGGCTCGAGATAAAGATCGAGCCGTGCAAATAGTTTGTCAGGGCAAGATCCGGAAGGGCAGGGTTTCAACCCTGCCGTGAAAGCCGTTCCACAAGAACCTACCTATCTGCCGAAGGCTGGAGTGAAGGCGTAGCCGCAACGACTGAATTGCTTTCTTTGGTTGCAGCGAACAGGTAGCCGCATTCGCGAATACACCTCGGGTGTCCCTGTGCTACCTGGGCTACACGCAGGAATACAATTCAGTCGTTGCGGCTGCGCCTTCACTCCGGCCTTCGGCAGAAAGGTGAGCCGTTCAGCCCTGTTTTTATGGCAGGGTTGAAACCCTGCCCTTCCGAGTCTTGGCTTAAGAAGCAATTTGCACGGCTCGATCTTTATCTCGAACCGCAGTTTGCGGACACACCCTACACCTATGCGGGAATCCTCTACAGTGCCGGAGACGAGCTGCTACGCGCCGGGTTCCAGAAGCTGACGGCAAGCAGCAACAGGGCGAGTACCATCGGCACAGCCATCGCAAGGCGTAATGATCCACTGTGTGTGGAGACGATCCCCATCAGCCACGGAAAGGCTGCGGCGCCAAGGCCGGAGACCGCCAGCACAAATCCCGCTTCTCGTGCCGAGGGCGAGCGGCGCATCAGCAGGCCAAAGGTTGCCGGGAAGAAGGGTGAGAGGCTGAGCCCCAGCAGGATGCAGCAGAGTGAAAGCTCCGTGGCATGGTGCGTCATCGTCAGCGCCCCGGTGAAGACGAAGGAGAAGACCAGGCCCACGCGCTGCACGGTGCTCTCGCGGATATAGCGAAGGGCAATCGAAGAGAGCCCGCGTCCTGCGGTGAGCGCCGTCCACATCAGGATCGTGGCGGACTGGCCGCCGAGCAGATGCGTGTCGGAGTAGCGAAGGGTGTAAGTCGTGAGCCAGCCGGTGAGGCACGTCTCCAGTCCACCGTAGAAGAAGAGCAGCAGCACGAAGGGAAGCAGGGCCTCCATCGGGAGAGAGGGATTCCTGGGTGCATCGGACGGTTGTGAATCCCGGGAGGCTTTTCCAGGCCGCAAACGCCAATCGAGGCCTCCTCCGATACTGATGACGAGAAACGCCGCGGCAAAGTACAGCAGAAGATTGCGCAGGCCGA
CP003130.1_gap46	1923016	1926008	2992	GCATTGGGACTTTGCCGCGCCCACGACGGATGAGATGGCGAAGATGGAGCAGTTCTTCGGTCTCGGAGTCACTCCTGGAGACAACGGGACGCTGCAGCACTCGTTGTCGACGCTGGTGATCGGCAAGGACGGAAAGGTTGTTGCGTTCTATCCAACCAACGACTGGACTACCGACGAAGTGATCGCGCAGATCCGCAAAGCGGCCACTGCGTAACTACAAACTTTAATTCTGAAAGCGAGATTCCTCTGTGGCAAAACTAACGATCGTCTTTGGTGTGCTGCTGGTTGTTCTGGGTGTTGCCGGCTTTGTGATGACCGGTTCCAGCCATCCGACGTCCCTCATCCCCTGCTGGTTTGGCCTGGTGCTGGCGCTCAGTGGAGCCTTGGCATCGGGTAATGACGCGAAGAAGCGCATGCTCTGGATGCATATTGCGGTGACCGTTGGCTTGCTGGGCTTCCTTTTCCCGGCGGTGATGTCCATCAAGTCGCTGGTCAAGGCGCATGCCCAGCAGGTGGAACTGGCTCATCCGGCAGCGGTGCATGAGCAGCTCATCATGGCGTTTGTCTGCCTGATCTTCGTCGTTCTGTGCGTTCGGTCGTTCATCGCAGCCCGCCGTGGGCGTGTAGCCTGAGTCTTCGGTGAGTCTGGAACATCGAACACTCAGGACTTCAATGAGACTTCGATTCATCGTGGCAGGACATTAGGGTTAATTCATGGCAGGTTTAGGAAGCTCGGGTCTCGGTCGCGGCAGTGGTGGTTTGCGTTCGGCCGAGAGGCCCTCGCGTAATACCAGTAAGGCTCTCAGCGCCGATTTGACGGCGAAGCGTCCAAAGCCGAAGCTCAGCGACATTCTGCCCGAGATCTGGGTGCTGATCAAGCCGCGTCTCTGGCTCCTCTCCGGCTGCTTTTTGCTGATGATCGTCAACCGGGCATCGAGCCTCGTCCTGCCCGCTCTCTCTCGGCCGCTGATCGACAAGGTGATGAATGCGAAAGACATCTCGCTTCTGCCGATGATCGTTGGCGCGGCTGTCGCGGCCACGATCCTGCAGGGCGGCACCTCGTATGCCCTGACCCAGTTGCTATCCAAGTCGGGCCAGCGTCTCATTACCGACATCAGGAAGCAGGTACAACAGCACATCGGACAGCTTCCGGTCGCGTTCTACGACGAGAACCGTACGGGCACGCTGGTGGCTCGCATCATGAACGATGTTGAAGGCATCCGCAACCTGGTCGGCACCGGAGTGGTGGACTTTGTCGGCGGCGTGCTGACAGCGATCTTTGCGTTCGTCTGGCTACTGCATATCAGCGTAAAGATGACGCTGCTCACTTTCGTTATTCTTCTGATCTTTGGGGCGATCCTGCAATATGCCTTCAAGACGATTCGCCCGATCTTTCGCGAGAGAGCCAAGATCAGCTCCGAGGTGTCTGGCCGCCTGACGGAGTCGCTTGGTGGCGTCCGCGTGATCAAGGGCTACCATGCCGAGGCCAACGAGGCGAACGTCTTCGCCGCCGGCGCGGAGCGCTTGCTGCGGAACGTCATCAGTTCGATCACGGCGCAGTCGTTTATGGGGCTGGCTGCGACAGCCGCTCAGGGCATCGTTACGGCACTGGTGATGTTTATCGGAGCCCATGAGCACTATGCCGATAAGCTCACCGTGGGCCAGTACTTCAGCTATGTGATGTTCCTGGTCTTCATGATTGCGCCGCTTATTCAGCTTGTCTCGGTCGGCACGCAACTTACTGAAGCTGTTGCCGGTCTCGACCGCACCAGGGAGGTTCTCGCCGAACGGCAGGAGGACGCCGATCCTCTGCGTTCGCATGAGATCGGTGTCGTGTCCGGAGATGTTCGTTTCGATGATGTGAGCTTCTCCTACGTTGACGACAAGCCTGTGCTGCACAACATCAACTTCGAGTCCAAACCTGGAACGGTGACGGCACTCGTTGGATCGAGCGGCTCGGGTAAATCGACGATCATCAGTCTGATCTGTGGCTTCCATACCGCGCAGAGCGGAGCGGTGCTGATCGACGGCCACGATCTCGCGACGTTGAAGCTCAGCAGCTTCCGGAGCCAACTTGGTGTCGTGCTGCAGGAGACCTTTCTCTTCGATGGCACGATTCGCGAGAACGTGAAGTTCTCGCGGCCTGAAGCGACGGAAGAAGAATGCCTGAAGGCCTGCTCTATTGCGCGTGTGGACGAGTTCGCCGAACGCTTTCCAGAAGGCTACGACACCATCGTCGGGGAGCGTGGAGTGAAGCTCTCCGGCGGACAGCGGCAGCGCATCTCGATTGCACGAGCGATCCTGGCGGACCCACGCATCCTCATCCTCGACGAGGCCACGAGCTCGCTCGATTCGGAGTCCGAGGCGCTGATTCAGCATGGTCTGAGCTACCTGATGCAGGGACGGACGACCTTCGTGATCGCGCACAGACTTTCAACGATTCGCCGGGCCGACCAGATTTTGGTGATCGAGCAGGGAAGAATTCTGGAGCGTGGCACCCACGACGAGTTGTACAAGCTGGGAGGCCGCTACTACGACCTCTACACGCAGCAGCATGGGCTGGAGACGAATCTGTTCCTGGCGCCGGGTGAGGGTGACAAGGTGGAGTTGACCGCCAAGGCTTAGTAGCCATGTACACTATGTACATGGCGTTGCATATTACCAATCCGGCGGTGGAGCAGAAGGTACGAAGCTTGGCCTCTGTTACCGGAGAATCCATTACAGAGGCCATTGGTGCGGCCGCGGAAGAGCGCCTGATTCGTTTTAACGCCGCAGGGAAAAACCTATCCTCTCCTTCCGTTGAAGAGGTTCTGGCGATGATACGGAGCTTCAATCTGAAACCTATCAACGAAGACCTGACGGACGATGAGATTCTGGGGTACGGCCCAGAAGGTTTTTGCGAGTAATGGTTATTGATTCATCAGCATTGGTGGCAATCCTCCTCGCAGAACCTGATGCCTCAATTTATATTTCCGCAATATTGAACGATGTG
CP003130.1_gap47	1927164	1931868	4704	AGGTCGACTGCTGCGTTGCCACATCGTACGTAAATACCGACGCAGGCCTGACCAGCGACTGGTAGGCGTAGCGGAACGTTGTCGTTGCAAAGTCGCGATTGATCTCGCCAAAGGCCGTGTAGGCGGGATCGGGGAAGCGGATGTCGTTTGAAGTGGTGAGCAGACCTGAGGCGTCGAGGGCGAAGACGCGCAACACCGGGAGGCCGCGCTCGCGGTAGCTGGCGACGAGGAAGCTCTGGAAGAGATCGAAGTCTTCGAGCGGAGCGTCTGCGTGCTCGGGCAAGATCTCCTGCCAATGCTCACGGCCTGGGGTGTCCACAGGTGTGCGCACCAGCTTGAACTGCTCCGCCTCGTGATTGGTGCGGAGGTAGAAGAAGCCCTCGCGATGCTCGACGGAGTACTCCTCGTCATCAACGCGTGGAGCGATCAGGGTGAAGCTTCCTTCAGGTTTTGTGGCATCGAGAAACCAGCTCTCGCTGGTGGTGTGGCTGCCGCATTCGAGCATCAGGTAGCGGCGGTCGAGCGTACGGCCCACTCCGATGTTGAAGCGTTCGTCCTTCTCTTCGAAGACGAGTGTGTCTTCGGTCGAACCGAGGCTGTGCCTCCAGAGCCGGTCCTGGCGCTTAGTCTGTTCGTCCTCGGTGGTGTAGAAGAGCGTCGCTGAGTCCGCTGCCCAGGAGATCGAGCCCACGCGTTCGGCGGTGTCGGTCAGGGTTTCGTTCGTCTCGAGGTTCTTGATCGCGAGCCGGTACTGCCGAAATCCGGTGTTGTCCGTTGTATAGGCCAGCAGCTTTCCGTCCGGACTGACGCCGAGGGTCCCAACGCTCATAAACGGCTGGCCCTCGGCGAGCGCGTTGACGTCGAGAATCGTCTGCTCTTCGCCTGGGCCCTCTGCGGCGCGGCGGCAGAAGCGGGGATATTGCAGGCCTTTTTCCGTGCGGGTCAGATACTCCCAGGCGCCGTCGCGATAGGGGACTGAGACATCGTCCTCCTTGATGTGCGACAGAATCTCGTCATAAAGCGCACCCTGCAGTGCCTCGGTGCCCTTCATCGCGGCACTGGTATAGGCATTCTCGGCTTCGAGGTACTCTGTTACGCGGGGCGAACCCTTGTCGCGCAGCCAAGCGTAATCGTCGTGTAGCTGCGTGCCGTGGATGTCCAGAGTCTTTGGTTCAGGGGTGGCGAGGGGTAGCTGCGATATCGAAGGCATGAGTTCTCCATCTCCAGAATAAAGCCGCCGGGACCAGGATGGGGACAACGCGGGAGGGGCGCAGGGACTCCTACAGCCGTAAGCTATTTTTCCGCGGCTCTGCCGCAACGAGGAGACACCCCATGAAGACGACGAAGAAGATGCTTTGTATGACCGTAATAGGCTGCGCTGCCATGTTTGCGTCCTCCCAGGCAAAGGCTGCTGTCACCGATGCTGACAAGACGTTTCTCGCGGCAGCGGCACAGGGCGATATGAACGAGATCAAGTTGAGCGAACTGGCCGAGACCAAGGCTTCCAACCCGGAGGTGAAGGCCTTTGCGCACAAGATGGTGGCCGATCACAAGATGCTCGAAGCGAAGATGAAGCCCTTTGCCACGGCATGGGGCCTTACGGGACCCAGCGGTCCCGATGCGGCCCACCAGGCTGAGTGGGACAAGCTGAACGGGCTGTCCGGCGCGGACTTCGATACGGAATACATCAACGTGATGGACCAGGACCATCACCAGGCTCTGGATGCCTTCACGACTGAGGCTCAGACCACCACGGACGCGAAGTTCAAGGCGGCCGTGATGCAGGGCAAGAGCGTTGTCGCCGCCCACACGAACATGGCTGATGATCTAAAAGGCAAGATGAAGATGTAGTTGCGGTTCTAGTACGTGCGTTTCTCGACCGGACTGCAATAGATATTGGCCCGCAGGGATGGCTTATACAACCCTGCGGGTAAAGTCTTGGGCCAGTGCGTACGCCTGTGGTATTGCAACGGCACTTTCCTTAGAGAACACGGGTATGTCTGGTGATGGTTCTATGTGGAAGGGAACTTCGCAACCTATCCGGGCGTATCCTAAATCCGTGACCGTGACGCGTAAATTTCTAGGAGTTCTGGTGTTCTTGTTGGCCGCTGCGTGCCTGGTGCGAGCGGAATCGGTCGACAAACTGCCCAAGCCGACAAGCTATGTCAGCGACTTTGCCGGCGTTATCGACGAGGGGTCCAAGCAGAGCCTCGAAGATCTGTGCAAGCAGGTCTATGAGAAGGCGCACGCGACGATTGAAGTGGTGACGGTCAACTCTCTCGATGGCCTGACGATCGAGGACTTCACGACACAGCTTGAGGACAAGTGGAAGGTCGGCCCGAAAGGCTCGGATAAAGGCGTTGTGATGGTCTTTGCGATTCAGGACCACAAACGCCGCATTGAGGTCGGGTACGGTCTCGAGGGCATCCTGAACGACGCCAAGGTGGGCGACATCGGCCGCAGCATGGTTCCGCAGCTCCAGCAGGGGGAGTATGGCCCTGCGATTCAGACCGGCGCGCAGCAGATTGCTCAGGTGATCGCCACGGATGCGGGCGTTACGCTGGATGTGGCTCCGGTTCACACCTACCATCGTGAGCAGGTTGAGCAACACGGCGGCAGCAATTGGTTCGGCATCATTATTTTCATCGTCATTCTGTTGGTCATCTTTGGCGGCAGAGGCGGTGGCGGTGGGCGCGGTGGCTGGCTCTGGTTCCTGCTCGGAAGCATGATGGGCGGAGGACGTGGCGGCTTCGGTGGAGGTGGCGGCTTCGGAGGCGGTGGAGGCAGGGGCGGTAGCAGTGGCGGCGGCGGAGATTTTGGTGGCGGATTTGGCGGCGGTTCTGGTGGCGGCGGCGCCAGCGGAGACTGGTAGTGCAGTAAGCTAGGAACGCAAGTCAAGACGCCGGAATGAAGACGATAGAAGGAAATGGGAGATCGACGATGAAGGGTATTTGGGTTGCACTGGGTGTTGTAGGTCTATTAGTGGTCGTGCTTCTGCTGGGAGCAGGAAGCTATATCTCCGCAAAGAACCAGATGGTTCAGTTGAACGAGGACGTCAATCAGTCCTATTCGCAGCTCAACGTCGTGCAGCAACGGCGGCTTGACCTGATTCCGAACCTCGTTGCCACGGTAAAGGGCTACGTGAAGGAAGAAGAGACGGTACTGACCAACATCGCTAACGCGCGCGCGGCTGTGATTGCCGCGTCGTCGGACCATGCGAGCAGCATCCAGGCGAACCAGAAGCTCGATCTCGCGATCAGCCCCCTGTTGCGCCTGCAGGAGCAGTATCCCAACCTGAAGGCCAATGAGCAGTTCATCCGGCTCTCCGATGAGCTGGCTGGAACCGAGAACCGCATTGCGGTCGAGCGCCAGCGCTACAACAAGACGCTCGAGCTGTACAACGTGGATGTCCGTCAGTTTCCTAACAGCTTTTGGGCGAATATCGCTGGCTTCCACTACCGCGACGAGTACTTCAAGGGCAATCCGGCGAATGGCACTGCTCCAACCGTCGACTTCGGCAAGTAAACTTTTCGTTCCAATCGAGAGCCAACGCTCAGGCGTTGGCTCTTCGCTTTTCGCTGTAGTTTGCTGTGCGTGTTCGTGGCGTGTCATCCGCAAACCGCGAACCTCTCAGATGGGGTAGGTTAAGGGAGAGATGAGCGACTTGATTCCAGTGCCGACCAGCGCCTCCACCCTTCTGGGGATGCGCGTCGTCGACTCCGCTGGACATCCCTGCGGACGCGTGACGGAGTTCGCGGTCGATCTCTCGCGAGACGCTACGCATATTGCCGGTTTTGTTCTCGGCCTGCGATCGAAGGGCAAGATGCGTTCGACGTTCCTTCCCGTGGATCAGGTCCTGGTCCCCCGGCGGGCGGATAAGGTTTTGCGCACCGGCTCGAAGCCCACACCCTATACAGAAACCGACGATCTTCTGCTGTTGGACCGCGACTTGCTGGACCAGCAGATCATCGACGTGGATGGCCGCAAGGTCGTTCGTGTGAACGATGTCAACCTCACGTGGGAGCGCGCGGACCAATCGGACGAGGCCAAGGGCCTTCGTATCGACGAGGTCGAGGTGGGGCTTCGCGGCGCTTCACGACGGCTTTTGAAGGGAGTCTCGGCACAGGCGGTCGAGGCAGTCTCGAGCAAGTTCCCGTCTCGTGCGATTCCCTGGGACTTTGTCGATCTGATCGACCGGGACCCAGCTCGGCGCGTGCGGTTGCGGATCGAGCAGGACAAGCTTTCGCGGATGCACCCCTCGGACATCGCGGCCATCCTCGAAGAGCTGGCTCCGGCCGAGCGCGAGGCTATCTTTACCAGCCTGCCGGAAGAGACAGCGGCGGAGACGCTGGAAGAGGTCGAGCCGAAGATGCAGAAGGCGCTGCTGCAGGGCCTCGACTCCGAACGCGCAGCCGACATCATCGAGGAGATGGACCCCGGTGCGGCCGCCGATCTGCTCTCCGAACTCTCCGATGAGGAGAGCGAAGCGATCCTCGAAGAGATGGAGCCTGAGGAGCGTCAGGACGTTGAGGACCTGCTCGAGTTCTCCGCCAACAGCGCCGCCGGCCGCATGACGACTGACTTCGTGGGCGTAGCGCTGGGCGCCACCGTTGCCGATGCCATCGAGGTACTGCGCGCCTTTGACGGAGACGCGGACACCATTACGGAGATCTATCTGACTGGCGAAGAGGAGCACCTCAAGGG
CP003130.1_gap48	2043611	2045709	2098	GAGAGAACAAAGGCGCATGAAAGTACGGTACACGGAGAAGCAGGTAACAGTGAACAGGAAACAGGAAATAGCGAACAGGAAACAGGGAAGACAAATACCGGTGCTGCCTAAATCGGTGCGGCACCGTTGATGATCGCGACGCCCTGAGGCGGCGTGAAGATGAAATCGCTGTCTTTTGTAGGGATGTTCTCGTGCATGTCCGTAAACGTAAAGGTCGTCGTAGCCCCGTCGGTCTCTTCGATGCGCATCGTGTGGATGGTCCCGGTCGAATCTACCGTGAGCGCGAGCGAGCGGACGCGTTGCTGCATGCCTTTGGGCGTGCCGGAGAGCGTATAGCCACCATTCACGGCAGTCAGGCTCAGTCCGTCGAGTTCCTTGGCCAGTTCGGTGTGGCCGAGCAGAAAGCGCAGCGGCGAGCGCAGGTCGTCGAGCTGTTTTTCCGGGATGCGCTGTGCCTGGGCGTCGCCGGGCGTGTAGGAGATGGCGTTCTTGCCGTCCAGGATAAAGAGCTTGCCGGCGGGCGAGTCGTAGGACCAGCGCATGCGTCCGGGTTTGCGGAGCGTCAGGCTGCCGGTCTCGGTGCGATCCAGTCCCATGCCCTGGTAACGCTCGGTATAGCGGGCCTGGAGCGATTGCAGGTGGTTGTAGTGGGCGTCCACCTGGTGGGCGAGAGAAGCGGCCGTAGGCGACTGGGCTGCGAGGGGAGAGGCAAGTACAAAGAGGAGCAGAAGGTTTTTCATGCGAAGTCCTGACACCTGCCTTGGCTCCGGAGAGAGTCTTGGCAGGCTGCTGGAAAAGACAAAGGCCGCCCGAAGACGGCCTTCGTTGTGAATCGGCAAAGGACTACTGCAGAAGATCGGTGCAGTTGGTGCCGCCCTTGGGGTCGTAGTGGATCTCGTTGCCGTCGGTGCAGAAGCCACGGTCGCCGGTCTTGCCGACGGTGTTGGGAACAGCCGTGATCTGGTATCCGGTGTACTGGTCCTGATTGTTGACCGTTACCTTGGTGCAGTTGGTGATGGCGAAGGTGTAGCCCGCCTTGTTGCCGGTGGCCAGATCTTCAGGGATCAACTGGGCCGCCTCAGCCGTGGGCGCTCCGGCGTCCGCCTTGCCGCCCATCGCGGCCAGGGTGCACGAGAACCCGTGGGTCGGGTAGGTCGAGCTGTAGGTGCCTTCCTGGGCGTTGAGGTCGCGCAGCGAGGAGATGGCCGAGGTTTCGTTGGCCTTCTTGACGGTCTTCTGCATGGCTGGAATCGCGAGCGTCGCCAGGATGAGGATGATAGACATGACGATCAGGAGTTCGATCAGGGTAAAACCGGATTCTTCGTGATTGCGGCGGATCTGCATGTTCATGGCTTCCTCGAAAATGGCGCAGTCGTTCAGCGCACAGTTTGTCCGTTTCAGAGTATAGACGTTTGGGGTGGGGGAAGGGTTTAGCCAGCGTGTATCTTTGGTGTCGCAGGTGGCTTTCTTTCTGCCATTCCCACAGGAGAATGGCAGAAAGAAAAGCAGGAACAATGGTTTAGCAGGTCAGGTCGGCGCGCTCGATCTTCAGGCCGCCTAGGTTGCCGAGCAATGTCAGCGCGAAGTTTTCGGGCTGGAAGAGCTGCTGCGCCAGCCGCTGGATGTCTTCGCGCGAGACCCGGTCGACCTCTGCGGTGAGGTCTTCGACCGAAAAGAACTCGCCATAGTACATCTGCTGGCGTGCCAGGTTCGACATGCGGCTCGACGAGCTTTCCAGCCCCAGCACCATGTTGCCCTTGGACTGGTCCTTGACGCGCTTGAGTTCTTCTTCGCTGACCAGCTCGTGCTTCATGCGGGAGAACTCCGCCAGCGTCAGGTCGAGAACCTCGCGGGTCTTGTCGATGGCGCATCCTGCGTAGACGGCCAGGGAGCCCGTGTCGCGGAAGGGGTTGGTCTCCGAGTAGATCGAGTAGGCCAGGCCGCGCTCTTCGCGGATCGACTGGAAGAGCCGCGAGCTCATGCCCCCGCCGCCGAGGATCGAGTTCAGCAGATGCACAGTGAACCGATCCGGGTGCGAGACCTCAAGCGACGGCATGGCGAGGCAGAACTGTACCTGTTCCAGGGACTTCTTGTTCTT
CP003130.1_gap49	2047188	2051593	4405	GATGCGCATGGCCGACGGCGAGACGGTAGAGACGGTCTGGATGCCCGATGGCGATGGCGGCGAACGCGGGGACGGGAGCGAGGCCGCAGAGGAAGAGTCGGCGGAGGTGGTTGTCGCCGAGGAGGCTGTGGACGGTGGTTACTGGTCGCGGCGGGGTAATGGGCGTGACCGGTCGAACTTCGGCACGCTGGCGGAGCAGGGCTTTCGCCGCGCGACGATCTGTATCTCGAGCCAGGTAGGCTGCGCCGTGAACTGCCAGTTCTGCCTGACGGCGAAGCTGGGGATCAAGCGCAACCTCACCGCAGGGGAGATCGCCGGGCAGGTGGCGGCGGTACTCAATCGCCACAGGATTCAAATCGGCAAGGACCGCATCAACCTCGTATTCATGGGGATGGGTGAGCCCTTTCTGAACTACGAGCAGTTCATGCAGTCGGTGCGGGTGCTGGTGGAGGGGATCGGGATTCCGGAGTCGCGGATGACGGTATCGACCTCGGGCATTCTGCCGGGGATCGAGGCCTTCGCGAAGGAGACGATGCGTCCCAAGCTGGCGCTCAGCTTGAATGCGAGTAACGACGTGGTCCGTGAGCGGATAATGCCCATTACGCGCAAGTGGAACATCGCCGCGCTGCTGGAAGCGGTGCAGAAGATTCCCCTGCGTACACGCGAGTGGGTCACGTTCGAGTACGTGCTGCTGGGAGAGGTGAACGACCAGCCCGAGCATGCGCGCGAGGTGCTGGAGCTGCTCGACGGTATACGTGCCAAGGTGAACCTGATCGTCTGGAACCCAGGGCCGGGGATTGATTATCACCAGCCAAAGCCGGCGGATGTTGCGGTCTTTCAGAAGATGCTGATTGAGGGTGGGATTGCGACTTACATCCGCAGGCCGCGCGGGCGCGACATCTATGCAGCGTGCGGGCAGTTGAAGCGGACAGTGGCGGAAGAGAAGCCGCAGTTGGTAGGGATTTCGGCGGCGAGCTGATGGCTGCAATAAGTGAGTGGTTGTCATGCAGATGAATTACAATCTGCCAGGGGGATGCCATGGCCGCTAATGCCTTAGTTCAAACTCGAATCGATGCTGACGTAAGAGATCGCGCTACGGCGGTTCTAGAAGAGCAGGGTATGACTGTCTCCGAAGCCGTGCGGATTCTTTTGACGCGCACCGCGAACGAAGGGGCTCTGCCTTTTACGCCGGCGAACAATGAGGCCTACAACGCCTGGTTTCGTGCCAAAGTGCAGGAGGCGCTGGATGATCCGCGTCCAGCAGTTTCACGGGAAGAGGTCGATCGGCGAATGGCAGAACGGCGTGCTTCTGCACGAGCCAAATTGCGATAGACGATGGCCGTTATCTGGAGTGAAGCTGCTGTTCAGGATCTACAGGGCATCTTCGATTATGTAGTGGAGGACAGTCCGCAGAATGCTCTTCTTGTGGATACTCGCATCTGCGAACAGACCGATGAGTTGGTGCGCTTTCCCGCTCTGGGACGACCAGGCCAATTTGAAGGCACACGCGAACTGATCATTCAGAGAACTCCATACATCGCCATTTATCGCGTGGAAGAGGATGACACCATCCGAGTCGTACGCATACTGCATGCAGCGCAGGAGTGGCCTTCTGTGATGTAAGGCTTAGCGCTTGAGCGCCAACTGCAGCACCGTCTCTGCCACATGCTCATAGCTATGCCGCAGCACCTCACCCTCATGGGCAAAGTTGCCGGTGATAGGTTCTACTCCCAGCGAGCGAATGCGTTCCAGATCTGCTTCGATGGGTTCCTGGCCTTCGCGGGCGTATTGCACGATAGTTTCTCTACGCAGAGGAGCGATGTTCACGAGCGCATAGTCGAAGATCTGCGCGCCGGCGTGGTCGAGGATCTTTTCAATATGCTGCGAGGCCGTCAGGCCCAGCGATTCGTTGGCCTGGGTCATCAGGTTGCAGATGTAGACGCGTGTGGCCTTGCTGGCGGCGAGAGCCTCGGGAATGCCTCGAACCAGAAGATTGGTAATCAGCGAGGTGTAGAGCGAGCCCGGGCCGAGCGTGATGAGGTCGGCGTTGGCGATGGCTTCCAACGACTCCGGCAGGGGGCCAGCGTCGGCGGGTTCGAGCATCAGCTCTACGATGGAGCGCTTGCTGGCGGTGATATTGGTTTCGCCATAAACGAGGGAGCCGTCGTCCATCTGCGCTGCGAGGGTCGCGTAGGACGTTGTGGAAGGGTAGATACGGCCACGTGTGGCGAGAATCTGCGAGCTGGTCTGTACGGCCTGTGCGAAGTCGCCGGTAATGCCTGTGAGCGCCGCGAGGAAGAGGTTGCCGAAGCTATGCCCCTGGAGATCGCCGCTGGCGAAGCGGTGCTGGAAGAGGCGTGAGAGCATGTGTTCGTCCTCGGAGAGCGCCACCATGCAGTTGCGCACGTCGCCCGGAGGGAGCATGTTGAGGTCTTCGCGCAGGCGACCGGAAGATCCGCCGTCGTCGGTGACCGTGACGATGGCGGAGAGTTCGCGGATGAGGCAGGGGATGTTGCTGCAGTTCTCAGGGGAGAGCGGTTTTGTTCCCGGCGCTGCCACGTAGCGCTTCAGGCCGCGCAACAGCGTGGAGAGGCCTGTGCCGCCGCCGATGGCTACTACGCGGAGCTGTTTCGAATCTGGTTTGGACATGCGTCAGCTTTAGTTTAGACGCACAGGGCGGGACAGGCACCGTGTGCCGACCAGACGCATCCTTGCGTGTTCCTTACTTGGACGCAAGGCCGGTCGCCTGAGATGGCTCAGGATTCCGGGTAAAGCAGCTCGGTAAAGCGCGGGTCTTCGGCGACGCCGTCGAAGTCGGAGTCGGCGCGAGCCTGGAATCGGTTGTGCGCGTTCAGGCGGATGGCTTCACTGAGGTGATCGATACACTTCTGCGTGTCCCCCGTAATGCTGGCCAGCAGGGCGAGACCGTAGAAGGCATAATCGGCAGCCTTCTCCTTGAGCAGGATCTGCTCGAAGTGCTCGCGTGCATCGTCGTAACGGCCATGGTTCAGCAGCGAGATCGCATAGTCGTAGCGCTCTTCATGGGTCTCGAAGCTCGTCGTGCCCTTGGAAACATGGCTGAGACAAGCGGCGATGTACATGCGGATACGATCGGCGAGGTCATGCGGAGCGGTATCGAGCATCTGCAGGAAGGCCGAGTGGGCCTTCTCGTATTTGCCCGCCTGCATGAGCTTCAGGGCCGTCTCGTAGAGAGCAAGCGTCTGTTTGCGTGCGGCGGTGTCGTCGGCTTGAGCGCTGCCGGCGAGAGTTCGCGGCGACCGCTTGGCGTGTAGGGCGCCGTCAGCCGTGGGGGCGGTGTGGTTTGCGGTGATAAGGGTTTTTCCCGACTTCGTGGACATGGTCTTCTCTGCAATGAAACCTAAATCGTTGTTGAGGGCCGTATAAATCCTGGGTTTCGCTGTTGAAGTCTTCTCGGTTTTATACGGGCGAAAGGTCGTGGCGGTCAAATGGAGCTCAACCGTCCGGGGTCAGCGGCCTGCTGTAAAGCACCGGATTGAGCGCAGGGTCGTTGTACATCTTCAACTGGCGGTAGAGTTTGAAGCGGCGTTTGCCGTTCCTCACCTCGGTCCAGAGCGTGGCGAGACACGTGGTCAGGTCGTCGCGCTGTTCGAGCAGCAACGCGAGCCGCTCCCGGTTTCTCTGGTGATGTTCGGCGCTTGCCTCCTTGCGCCGAGTCTCCTCTTCGGTATGGAAGATCTTCAGGGCAAGGATGGAGAGCCGATCGACCATCAGGCCTGGAGTCTCGGAGTTCAGCGGCAACTCCGCGGACTGAGCGGGAATGCTTTCCAGCAGAGCCACGTCGATACGCTCGACAAGATCGTTGCGCCGCTGGTTCAACTTGTCGATCGCGCGTTTGACAGCGGCGATGGCCTGGTCGGCGGCCAGGGGATCGCGAGCCGCGTCCTCACGGTGCCAGAGATCGAAGTTGGCGCGGTGCTGGTCGAGAATGAGGGTCTCGAAGGCGTCGCGGGCCGTCTGGAGAGGTGCAGAGTTGTCGTGCCAGTGCGCAGTGGCCTGGTCCTGCAGCAGGGAGATGTGAAGAGCATCAAGCATGGGGTAGCTTCTCGCATGGTACTCGGTGTCTGATGCAGAACCAAGGGGTATGTACTTCCTTGAGATGCTTGTTACGACGCAAACGGAGAGCAGGTTCCTTCTCTTCGACTCACTTGAGGGGTGGAAAGGGTCATCGGAACTCCGAGCGCAGCGGCAAAAGCTTGTAAGCTCACGGCTTGCGCGAGGACTCCGTTGACGGCGACACTGACAGCATGTCCTCTGCGAATGTGAAGCGTGTGCTGCTGTACCGGCTTGGCAGCCTGGGCGACCACCTGGTAGCGCTTCCTTGCTACCGGCTCGTTCAGCGTGCGTTTCCTGAGGCCGAGCGCCG
CP003130.1_gap50	2064796	2068506	3710	GTTGCAAATGACTATACGGCAGAATACGATCCGATAAATAATGCTATTGCTAATGTGCGAGTGATTCGAACTACGACAACGCTTGCCGGTAACCAGGTAACGAAAAAAGAAACAGATTACGAAACCTTTCAATATAACTGTTTAGATGCAATTTCGTGTCCTGGAACGGCTACTCGTCTCAACCCTACAGAAACCAGGGAGTACGATTACGGGACTGGTACTCCTGGAGGACTCTTACGCCGAACAGACTACACGTATCTGCATACCGGAAACCAGAGCTATATAAACCTTAATATCGTGAGCGACCCCGCCGTAGTCTCCATCTATGACGGATCAGGGACAATGGCCGCGCAAACGACCTATGAGTATGACAACTATTCTCATTTGAATCAGCCCATGGTTGCCAGCGCGGCTGTCCAACATGACACTGGCTATGGTACGTCCTTCACAACGCGCGGCAACGTAACCGCTATAGAAAAATGGCGAAATACAGATGGCGCACTTCTTACTTCCACCAACCAATTTGATGACGCTGGTAATCTTCTTTCGACAATCGATCCGCTCAAGCATCAGACAAGTTTCGACTACACCGACTCATGGTCGAATAGTATCTGTGCTCCATCAGGAGCCGGAAAAGAATACCTTACGAAAACTACCAATGCGGCGGGGCAGGTAACCACCTCAAAGTATGATTCCTGCACGGGTGAAATAGCGTCAACAACCGATTCTAATCTTCAAACAACGAGTTGGACTTATGACGTACTCAATAGACCGAAACAGATCAGTTATCCGGATGGTGGCCAGACAAGTTATTGTTATAGCGATATCGGGACTGGTTCCTGCCCAAGTTCCAGCGTCTTGAGCATCACGGGAACTACGAAGCTCACTAGCGCCCTTAACTTTACCAGCACCTCTATTTTCGACGGATTAGGTCGTACCATACAGACTCAGTTAACCTCTGATCCAAGTGGTGTGACGTACTCAGATACGACCTACGATGGGGTAGGTCATGTGGCCTCGGTTTCTAATCCTTACCGTGGCGGTCAATCTGGTGTGGTGGCAAAATCACAGCCCACAACTACCTATACCTACGATGGATTGGGTCAAAAAATTGTACAGACGAATCAGGACGGGACCACAGAGCAATGGTGCTACGACGGTATATCGTCCGTGCAGAGTAATTGCAGTTCAAACAAAAGCTCAATAAAGACCGGTTCTTGGGTTGATGTAACTGATCCGAATGGTCATCATACCCAGCAGGTTAGCGACGTCTTAGGACGATTAACAGCAGTGATGGAACCGGATCCCGCTTCGGGTGCACTCAGTCTTGAGACTGATTACCAATATGACACGCTGAGCAATCTAACGCGAGTGGATCAATGGGGTGGGCCGGTTAATTCATCTGGAGTGCGAACACGAAGTTTCAATTATGATTCGCTGTCTCTATTGCATTGCGCCTCTAACCCGGAAAACAGCCAGAATTCCTGCCCGGCGAAGGCAACAGCCACTCTTCCGTCAGGCGTTACAAGTTATGTCTATGACGCCAGCAGCAATCTGAAGAACAAGACGGACGCACGCGGAATCACCACGACCTACAGCTACGATGCGCTGAACCGATTGATATCGAAAACGTATTCGGACGGGACCGCCGGCGCTTCCTTCGGCTACGACGAAACCGGCGATTTTGGAGCCGCCGGCTGTGGGGGAACTGGTTTTGTGCAGTGCAACACGATTGGCCGGCTATCATCGGCTACCGTGGCTAACGTAACCCAATCTATATACAGTTACGATGCCATGGGCCGGATGACCGTGAAGTCCACCTGTGTAGCCAGCCTGTGTGGCTCTGACCGGATCGATCAATTCTTTACCTACGATCTTGCAGGAAATCTTACCAGCTACGACCATGGCACTGATGTGGCGCGAAATGCCTACTATGGAGGTCACGGACTGAGTTATGACAGCGCTGGCCGGCTGAATCTTGTCACTGGATACCAGCAGCCAGCGAGCCCGTCTAATCTCTTCAAGGCTACTTCCTATGGTCCGGTGGGACTATTAGAGTCGAGCCTGGGGAACGGTCTGAATGAAACCCGCTCGTACGACAACCGAATGCGGCAGACGAGCTATAACGCTCTCAATGCAGCCCCGACATCCTCCCCATCGACTTTGACTGGGTACATGGACGATTTTCAGAACAATGACGTCGAACGATTTCCTGGTGTGACAATCAATGGAAGCGCGCTGCCGCAAAACGGCCTGCTCCAAGTGGGGGGATGGGCAGCTACAGCGCAGAGCTGCCCGGTGGCTGCCGTTGAGATCGACATCGACCAGACCGCCATTGGCTATGCTTCATTAGATAAAGTCCGCTCCGATGTGCAAAGTCTTGTTTATAACAACGACGGGCATCATGCGGACTGCGGGTACAACTTCGTCGGTAGCATTGGGGGAGCCTCCGTAGGTCCGCATTCGGTAAATGTCTATGCTCTGGATGCCTCCGGAAATCGCCAACTCCTGGTGGATGGGCCTGGCAACAACACAATCACCGTCAGCGCTGATCCTCCACCTACCGGGACCATAGACGGCACGGTTTCGCTCCCCGGCCAAATTACCTCGGGCGGACTTATGACTCTTAGTGGATGGGCGATCGACAGCCAGATGCATGCCCCAGTGGGGGCTGTGAAGATCTTGATCGATGGGATTCCTATCGGGTATGCCACCCTAGGAGCTCCTCGTCCTGATGTGGCGGCTGCCTATGGAGACCAGCGTTATGCCAATAGCGGTTGGGTCTTTACGGGAAGCATTGGAAACCTCTCCGTGGGCCAACACACTGCCACAGCCATCATCTACGACAGTGGCGGGCAGAGCACTCCAGTAACTCAGGCCACCGTCTACAACAGCCAGACGCAAACCTGGGGTCTGGCTCCAGTTATTATTAGCGTCGTTGCAGACAAGACATTCGTGTCCAGTTGGTTCGATTTGGTGCAGAACGCCTCCGATCAAACCTCGGTCGTGCCACTCAATGGGAGCATCTTCGCTGGAGGTTGGGTTGGAGAGACCCAGAACCAGACCGCCTGTGCGAAAAATATTAGCAGGGTCGATGTCCTGGTGGATGGCTACTATGTGGGACAGGCTCAGCTCGGGGGCGCTCGGCCGGATGTGGTGGCCGCCTTTCAGAACCCAAGTTGCCTGAACAGCGGTTGGTCGTTCACGGGCACCGTAAGCAATATCGATCCCGGGGTCCACATCTTTACCGCAAGGGCATACGATGAGACCGGCGGGTCGATTATGCTTGCCAACAGCGGAACGATGCAGATCAATGCGCAACTGTCTCCCGCATCAGTAACGAATCCTCTGCCATCGCAATACGCTTGGTCGCTGGGGTATGAACCCAACAGCAATGTGGGATACGCCTTTGACTCGGTGAATGGCAACTATGCCTATCTCTATGACAACCTCAACCGTCTTGTAGCTGCGGGATCGAGCACCACAGGGTTGCAGTGGAGCTATGACTCGTTCGGGAACCGGACCTCGCAGGTGGTAACTGCTGGTTCGGGAACCAGCAGTTACGAAACGTTCAATGCGAACAACCAGCCGAACGATGTGGCTTTCGATGCGGCTGGAAATGCTCTGGGCACTGGTGTGGTTCCACTGCAATACGACGCCGAGAACAGGCTGATCAACGCCAACGGTATCCGCTATATTTACGATGCCGA
CP003130.1_gap51	2137098	2138100	1002	TCTCACAATGCCCGACAAGCCGGCTCCCGAAGCCAAGATAGACCCCGCAATAGCCATATTCCTCGCTATGAACCGAGCCATGTTGCTCGATCCCGCAGATAAGACATCTGCCTTTGAACCGTTCTTCCTATAAGACTCCCTCCCGAATGTCCCTTATCAAACTGAATTTAGAAGTGCCGCCATCGCCTCCGATAGAGCAGCGCGACAGCACCGTTAACGTCAATGGCCTGTTCTCCGCAGCATGGTCAATGCTGACGGATACAACACCCACCGCATCCGGCGAGATGGTCAATGAAGCCATCGCCCTGCAACACATTACTGTTTATGCGGCTGTCCGGTGCATTGCTGAGTCCGTAGGCTCTCTGACTCTCCGTCTCTATCGGCGCACCGACAGAGGCCGTCAGGAAGCACTAGACAAGTCCCTATACCGCGTTCTTACCGTTTCGCCTAACGATGAGATGTCTGCACCTGTTTTATGGGAATCAATTGCTGGTTGCATGGCCCTCACAGGCAATGCCTATCTTGAAATCCTCCGCAACAGCGCATTGGAACCAGTCGGCATATATCCGCTATCACCTCTATTAACCACACCAGTCCGTCTCCCTGACAAGACCCTGGCCTTTAAGACGAGTGTCGGCCTCACTAACGGTCAGACACGCATTGTCGCAGCGAAAGATATGCTCCATTTTCCTCTGTTTTCATGGGACGGCCTCAAAGGTCTGTCACCCATTGGTCAGGCGCGGCAAGCAATTGGCCTCGCGAGAGCAGCTGAAAAGTTCGGAAGCAAGTTCTTCGGCAACGGCTCACGCCCAGGTGGATTGCTCACACCGAACAGCAAGATAGACGAAAAAGAAATGATTAACTTCCGCAAGTTCTGGGAAGCCGCCAATGGTGGAGAGAATCAAGGCCGAATAGGTGTTTTACCTCAGTCCTGGACCTACACCCAGCTTGGCCTGTCACCTGAAGACAGTCAGTTTCTCGAAACCCGTCAGTTTAGCCGTA
CP003130.1_gap52	2226589	2228881	2292	GGACTACAAGTACGCGCTGATTAACGATCAACTGGACCAGGCGGCGTCCGAGATGCGTGCCATCGTGCTCCACCAGCGTGGCGAAGAGGGCGAGGTGGCGGAGACGGCGGCACGATGTCTGACCTCTGCGCACTCGGCCAGGTTGGACGCCGCGCTGACGAGCTTTCAGGTTTCGACGGCGATTGTGTAAGGTCTTCACCACCACACAATCGTGTTCGGAGCGTAAGATAACTGCATCCCCCCGGAGGTCCTCGTTATGGCTGCAAATGATGATCTGTTTCAGAACAAGTACAGCCTTGTGAAGGGCGCTGCACGTCGCGCTCGTCAACTGCAATCCGGTGCGCCGCCGCTCGGCGTTTCAACCTCGATGAAGGCCTGCCGCGTGGCGCAGGACGAGGTCCGAGCAGGCAAGGTCACCTACAGCGTCATGGCGAAGAAACCCACTCCTCCGACGGTACTATAGAGAGGAATGAGTCTTACTCCGCAGCAGCATCTCCGCGCCTATGTCGACTACCTGCGCGACCTCGGCATCTACGACCTTTATCGCCGCGAAAACCCTGCGACACTCTTGCCTGAATCGGTGCGTGAAGCCTTTGCCGCCGAGGCAAAGCGTGTGGCCGCGCCTGCACAAGCGCCGGTAAGACCTGCGACGCCTGTGCCGCGCAGCGTTCCTGCTGCGGTGCCACCGCGCGCTCCGGTGGCACCTCCCGTGCCATCTCCTGTACCAAGGCCGCCAGTTCCAGCCAGGGCCACCGAACAGCCTCCCGTGGCGTCTTATTTTGACTCAGAGCCTTCGCCGCTCAATCTTCCGCCGGAGCTCGCAGTCCCTATGCCGAAACCTGTTTCCTTCGATCAGCTTGCGCCGTTGCCCACGCAGATTCTTCCCGCTGCCGAACGGCCTGCGGCACTCGAAGCCATACGTGCCGATATCGGCGACTGCACACGCTGCCCGCTGGCCTATGCCGGCCGCCATACCATCGTCTTCGCGGATGGCGACCCCAATGCGAAGCTGATGTTCGTCGGGGAAGGCCCTGGGGCCGATGAGGATGCCAGCGGTCTCCCGTTCGTGGGCAAGGCAGGGCAGTTGCTCAACAACATGATCAAGGCGATGGGGCTTCAACGCGAAGAGGTCTATATCGCGAACATTGTTAAATGCCGCCCGCCGGGGAACCGGACGCCCGAACCGATCGAAGCCAATACCTGCTCGCAGTTTCTGCTGCGCCAGATCGACATTGTGCGGCCGCAGGTGATTGTGGCGCTGGGCGGCACGGCTGCGACCTATTTGCTGGGGGTGAAGCAATCGCTCAGCTCACTGCGTGGGCGCTGGCACAGTACTCGCGGCTCGAAGCTGGTGGTTACGTATCACCCGGCCTTTCTGCTGCGCGATCCGCGCCAGAAGGGCGAGGCCTGGAAAGATCTGCAGATGGTGATGGCGGAGATGGGCCTGAAGCCTGCGGCGAAGGCGTAGTTAGACCGTATTACTTTAGGGATTACTTGCCCCTACAGGACTGGGTGCCCCATTCTCGACGCGCAGTATTATGCGCGGCAGGGTGGGGTATGGACGCAAAGCGGGCCACAAACATTGGAATCGCGCTCTGCGTCAGGGGTATCGTGCGAAGCACGACTGTTTCTGCATGGAAGTGGAGATCTTGCCTCGACGGAAGAGAGCGGTCGTTTGCTACCGCAAACGATACCCCACCCTGCCGCGATAAAGCCGCATCGAGGATGGGGCACCTGGTTGTAGCCGGTTCTTAGTTCGCGTTAGTACCCGTTATCGTCGCTCGAACTGCTGTCGTCGGTCGAATCGTAATCGTCGTTGCTGGAATCATCGTCTCCGCTGTCGTCAAAATCATCCTTGTCGTCTTTGGAATCGTCATCCTTGTCCGTGTCGGCAAATTTAGAGACGCCGGAGTCCCGGTCCTTGCCGTCATCGCGGCTGGCATCGTGGTCCGGGTTGTAGAAGCTGCTGTCATCATGGCTGGAGGAAGCTTCGTGATGATGCTCCCCGCCTTCGCCTTCTCCGTAGTAGTTGTTGACGACCTCAGTGGGACGCCCCTCGCTGAAGCCATGCCCCTCGTGGCCTTCGCCGAAGCCGCGAAAGAGCGACTCTATGCCCTGGAACGCGACCTCTCCCGCAGCGACGCCGGCGGCTGTCTGCATGGCGCTGCGAAGGAAGCCGCCACCGCCGCCCATCGGAGATCCTCCCATCGGCGCGCCATAACCCATGGGTTGGCCATAGGCAGGCGGTTGCGGGTAGCCTTGCGGTGGGTAGCCCTGTGGAGGATAGGGCGG
CP003130.1_gap53	2297326	2298593	1267	TTTCGGCATCATGCCCTGAATAGACTCGATCGTTGGGATCGAGACCGAGCCTACTTCTGTCTTGAAGCTTTCGTTGAACGCGTAGAAGTATCGTGGTGAGCGCCAGAAGTAAGGCCCGTGGGATGAGACCCCGCGACCATCTGCGGAGTTCGACTGATAGAGACGGCTCGGATCGAGGATCAGCATCTTTGCCTTGATTGCCTCGTCGAGAGCCTTCGGAGGATAGCCTTCGTTGCGGGCACACCAGACAGCAATGGCCGGATGGTTGCGATAGCGCAATACCTTATCTGTGACGTTCGCCATATAGGTGGGAATATCGGTGACATTGGGCCCATCCCCCGGATTTGGCTGAAAGAACTCATCCCAAAGGAGAATGCCATATCGATCCGCCAGGTCGTAGAAGTCGGGGCTCGTACTCTGTCCAACCCAGTTGCGAATCATGTTCATGTGAGCGAGCGCGTGCATGTGGAACTGCGCATCCAGGCGTTCGCGAGGAATTCGCTTCATCGCCTCGTCGAGGCCCCAGTTTCCGCCACGGATCATGATTCGAACACCATTTACTGAGATCGTAAGGTTGTCCGAGTCAGGCACTTGATACTCGACCTTCCGAATTCCGAACTGAGTCGATACGGATTGCGAGACAACTCCTCCTACCTCGAATCGCAGATCCAGGTGATAGAGGCTCTGCGCGCCATAGCCATTCGGCCACCAGAGAGAAGGCTTCATCACGTGCAGTTCTGGAATTGAGGTGCTGTCGAGTTTGATCTGCCGACTCCTGCCGGCATCCAACGAGACCGGTTCATGGAAGGTGATATCGCCCGAAGGACCGGTAATCACACCGGTCAATATGCCCTTTACGGATTTGGAGGTCCCATTCTCAAGAGTGGTAGAGATAGCGAGGTTCGCATAGGTGTGAGCGTTGTCCAGTTCACTGGTAACAAATGGATTCTTCACGAGGACGGGGCCTGTCTCCGAAAGTGTTACGGGGAGCCAGATCCCTGTGTCGCGGTCGCGGACCGCCGCAAGCCAGTCCCATCCGATCGTCGAAAGAAAGGTTGGTCCATCGATAGCCGTTTCACCTCCGTTCTTTCCGACCCCGAGGGCTACGGTATGTTCGTGTGGAATACCCGGATGCGGTTGCGGAGTGACAAAGACAGCCACAATGGAGCTGTGGCCCGGTTGGACTAACCTGGAGACTTCGAAATCGCCCCGAAGAAAGGCACCCCGAATGGTGCCGACCTTCTGCGAATTGACCCAGACTTCGGCA
CP003130.1_gap54	2329228	2330497	1269	TAAGGCAACGACGTTTAGCTATCCTTGCGATAGAGAAGATTACGCATGGCTTGCCTGCGGGCTTCGTTGGCTTCGCTGATGGACTTGCGTTCGTCGGCATCCATGCGGCGCTTGCCGCCGGTCTCCATGGCTTCTGGGGTGCTGCACTGCGGGCAGCGATTGGCGAAGCCGGGTTTGTCCGGTTTCAATTCGAACTCTTCGGAGCAGACGATACAGGTTTTGATCGGGAAAGGCATTGCGCTGTTCCCATGATACGTCTGTGGCGGGCTTCCCTCAAGGTGTTGTGCCAGGGCTGAGGGTTGTAGTTTTACTTTTATGTGTGGGTACAGAAGGCTATTGAAGCAATGACGATCTCGAATCTTTTGCCGTTTGGCGTAGTCTTCGTGCAGCAGGAAGAGAGTTTCAGCGGCTCTCTTTCGCTGGAGGAAGAAAAGGCCCTCGGCGGTGCCGTGCTTAAACGGCGCATGGAGTTTACCGCTGGAAGAACCTGCGCTCGCAGCGCGTTGGAGCGACTGGGGACTCCGGTCTCTTCGCTGTTGCGGGGACCGGCGAGGGAGCCGCTCTGGCCCTCCGGGGTCGTTGGCAGCATTACGCACTGCGAAGGGTATTGCGCTGCCGCAGTCGCCTATCAGGAGAGGTTCGCAGGGATCGGCATCGATGCCGAAGTGAATGAGCCGCTGCCCGAGGGCACCCTGGAGCTGGTGGCTCGTCCGGAGGAGCTGGAGCGTTTGGGGAGACTTCCCGCAGGCTCTCTTTGCTGGGATCGACTGCTCTTCAGCATCAAGGAGAGTGTCTACAAGACCTGGTACCCGCTCACGAAGTCCTGGCTTGGTTTTGAAGAGGCCTCGGTCACGATCGATTCCAATCAACAGACCTTCCAGGTTGATTTGCTCATAAGAGACTATCCCGAAATTCTCTCCCACCTTCGTGGCCGGTATCTAGTGGAGGGAAGGCATATTTTGACGGCCATCGTCCTTGCAGGCGGAGCGTCTTCGGGGAATCTTCAGGAGCCTGTGTTCCGAGGTTGATGCACGCCATAGATTCTTTCCATGGTGCGCTACACTGATTACCAGACTATAAAACTCGGCAAAAGCGTGTCACTTGAGAAGCTGCGATGGAGCTGGAATTCATGGGCCGATATCGAAGCTTTATGCCCTATGTCCTATCCTGATAGGGAATCCTGTGTGCGTCGATGCAAAAAGCTTGTTCCCGTGATCCGGGCGCAGGGAATCGCTGCGGACCAATACCGGTTGCCGGCGATATTATCGC
CP003130.1_gap55	2360860	2363000	2140	ATTGCTAAAGTGACAGTCCCGTAACACCCTCGGAACCGGGCTGAGGCTCGAGCGTTCGAGGTGGAAAAGGTACCGGAGGTATCGGTGAGATCAAAGGTCTCGGGGTCCTTCGACTGCGCAGCTCGCAAAGTGCGCGAGCTGCTGCGCTCAGGATGACGATTCCTGGGAAGGGTTGAAAGACACTACTGGACGGGCTGGTTGCTGGTGAAGAAGTCCAGCAGGCTTTGAGGTGCGTTGGGGCCGAGGCACATCTGGAGGACCTTTTCCGCCTCTGCTGCCTCGGACGCGCTGCGGGGAAAGAGGTCTTTCTCATACGCGAGGAGCGCGGCTTCGACGTCGCCGGGGTTGGCGGCGATGGCCTGTCCGAGTTCGGCGCCGTCGAACATGGCGAGATTGGCTCCTTCGCCGGAGGGGATCATCAGGTGTGCTGCATCGCCGAGCAGCGTCACTCCGGGTACGCGGTCCCATCTGTGCTGGATCGGAAGCGCATGGAGAGGGCGAGGCACAGGGGAGGCTTCAGCGTTGGTGAGGAGCGCTGTCAGCTCCGGAGCCCAGCCGTCGAATTCCTCGGCGACACGGGCCACTGCAGTCACCGGATCGGAGAAGTCGAGGCTGTCGATCCAGTCCTGTGGCTTGTTCAACGCCACGTACGTGTGCAGTACGCCGTGGGGCTCACGGTGCGCGAGGATGCCTCTTCCCGGAGCCACCGCAAACAGCGCGCCACCGCCAACCGCTTTCGCGCTGGCCTCGTGACGGGTGTCCGCGTCGTATAGATACGTCTCGATGAAGGACATGCCGACGTAGGCTGGTATTGCCTCGGATAGAAGCGGACGAACTCTCGACCACGCGCCGTCGGCACCTACGAGGAGATCGGTCGTCGCTGTTGAGCCGTCAGCAAAGGTCAGGGCATGCCGACCGCCGCCGAGGGGAGCCGCTGATGAGAGTTTGTGTCCCCAGCGGACCGTGCCGGCAGGAAGGGCGTTGAGCAGGATGCGGCGAAGCTCTCCTCGGGGGACTTCAGGCCGGCCGCCTGTGCCGTCATCGGGCTCATCGAGCAGGACGTTGCCGTGCTTGTCGAGTACCCGCGTTGCCTGACCGCCAGGGTGGATGATCTCGAGAAATTGTTCGAAGAGGCCCGCTGCCTTGAGCGCGAGCTGCCCGTTGTTTTCGTGGATGTCGAGCATGCCGCCCTGTGCTCGTGCGTCCGGCGAGGCTTCCGCTTCGTAGATGGTCGCGGCGATACCGTGAACGTGGAGGACGCGCGCAAGCATCAGGCCTCCAAGCCCGGCACCGATGATTGTGACTGGAGTCCTCATCTTGTCTCCTTCATGAGCCAGAGAGCGGCAGCGTTTTGAATATCGTTGTCATCGGGGTCGTTGTCAGATGCCCAGGCGATGATTCCATCAGGGCGTATCAGTGCAGCGCTCAAGCCGAATTGTTCTTTCGCTCGGCCAGAGACATACTTGATTCGGTCGTCATATTCACTCGCCAGAATTTTACGGGAAGCCTTGCTCTCAAAATCGAGGAGTATCGCGTGGCCATCGTGCATGAACTCGCTGATGGTTGTACCGTCTTCAAACTCAAAGTTGGGAACGCTATGGCCGACGAGAGGGTGATCGCCGCCAAGATCGTAGTGGGTGTGAACGCCCCATACTCTTGCTGCCATGTAGGTGGCACCATCACGCGTATCCATCAGGTCGCGGATGATCGCGTTCAGTGCGCGGGCGGGCGGGTCTGGTTTCATGATGGCGACCTGGGCGCGTGACCAATCCAGAACCTGTGCGCCAAGGGGGTGTCGTTCCGATTGATAGCTGTCCAACAAGCCTTCGGGTGCTTTCCCGCGGAGGGTGGCGGCGAGCTTCCAGCCCAGGTTCATGGCGTCGCCCAGTCCGAGGTTGAGCCCCTGGCCTCCCAATGGTGCGTGAATGTGCGCGGCATCGCCGGCTAAGAGTACTCGTCCGTTGCGGTAGGTCGTGGCCTGCCGTGCCCGGTCGGTCCAGGTGGTTGCGGCATGGAGGGAGCTGATCGTAACGCCGGTGTTCGAGACGCGGCGTAGCGCGTCCTGAACGTGTTCCAGCGTTACTGGCTCTGCACGATGAGCGGCTCCGCCATCAAACTCAATCATCACCAGGTAACCGGG
CP003130.1_gap56	2491313	2492226	913	GATGCTCTCTGCTGCGGGGGATGGTCCTACGCGCTGGATGGGCGTACGCAATGAACGACCGGGTCAGGACCATCCTTTGGATGATCCCTGGACGAAGCCTGCCATTGCGGCTGCGCGGGAGGGCAAGGCTTACTCGGTGAGTGCGATCATCTGCAACGAGCATCGCGCTGTTGGCTCAAGGCTTGCGGGGGAGTTGTCGGTGCTGCGCGCCAAGGGCGAACTCGATGTCGCGGATGTGACCTTCGATCTTGAAGGCACGGCGGGGCAGTCGTTCGGAGCGTTTGCGGCTACGGGTATGAAGCTGGTGCTCACCGGTCAGGCGAATGACTTCGTAGGCAAGGGCCTCTCCGGTGGCGAGTTGATCATGCGTGCGGTTGGCCGTGCTGCGGAACGCAGTGACGAGCATGTGCTGCTGGGCAACGTGGCGCTCTACGGTGCGACTGCGGGTAAGCTGTTCGCTGCCGGCCGCGCAGGTGAGCGGTTCGCCGTGCGTAACTCAGGCGTGACGGCGGTGATCGAAGGTGTGGGCGACCATGCCTGCGAGTACATGACCGGCGGTGAGGTGGTCATCCTCGGCGAAGTGGGCATCAACTTTGGCGCTGGTATGACCGGCGGCACGGCGTGGGTGCTCGATAACGCGCAGACGATGATTCGCGACGTTCGTTATCACACGGAGTTCCTGGAAGCACAGGAGTTCGGACAGGCGGAGCCGGAGCAGCAGGCTGCTCTGAGGAGGCTGATCGAAGAGCATGTGAAGCGCTCGGAGAGCACGCTTGGAACGCGGCTGCTGCAGGACTGGCAGACGGCTTCCAAGAACTTCGTGTTGTTTACGCCGAAGCCCCAGGCTTAGGACAGGCAACTGCAAACGCAGAGTACGCCAAGAACGCCAAGTTTGCGCAGAGTTACTTTGCGT
CP003130.1_gap57	2501027	2504003	2976	TTTGCGCGCGTCGTCGCCGAGACGCTGGCTGCCGCAGGCGTGCCGGTATTTCTCGCGAACAAGATCACTCCAACACCGGAGCTCTCGTTTGCCGTGCGGGAGCGCAAGGCTGCGGGTGGCGTCATGATTACTTCGAGCCACAACCCCGCCGAGTGGAACGGTGTGAAGTACAAGGCCACTTATGGGGGCTCGGGCAAGCCTTCTATCATCAGCTCGATTGAGAGCTATCTGCTGAAGCCTGTCCCGCAGGCCGCGACGCCCGCGAAGATTGAAGAGGTGGACTTTGCGCCGGACTACATTGCAGCGCTGGAGTCTTTTGTCGATCTCAAGGCGATCAAGGCTTCGGGCTATCGTTTCCTGATCGACACCATGTATGGCGCGGGCCGCGGATATGTTGCCGGCATCTTTGAGCGTGCGGGGATTCCATATGTCGAATTCCGGAGTGAGCTGAACCCCACATTTCTCGGGATCAATCCTGAGCCGATTCTGCCGCACATTGCGGCAACGCAGAAGGCAGTTGTCGCTGAGAAGTGTGCCGCCGGCCTGATCACCGATGGCGATGCCGACCGTATCGGCGCTGTCGATGAGCATGGCAACGTCGTTGATGCACACAAGATATTCTCTGTCCTGCTGCAGTGGCTGTTGGAGCGCAAGCAGTGGCCCGGCGATGTAACACGTGCCTTCAACACAACGAAGATGCTCGACCGCATCGCGGCGAAGTATGGCCGCACGCTGCACGAGCACGGTATTGGCTTCAAGTATGTCGTCGACCTGATGCTCGAAAAGGACATTATGATTGGCGGCGAAGAGTCCGGCGGTGTCGGTATCTCGAAGCATCTGCCGGAGCGCGACGGCCTGCTGAACAGCCTGCTGCTGGCCAATGTGATGGCCGACGAGAAGAAGACCCTCGGGGAACTCGTTGCGGCATTGCAGCAGGAGTACGGCGAGCATCAGTATGGCCGCGTGGACATGCATATCGACGAGGAGTTGAAGCAGTCTGCGATTCGCCGGGCGAAAGCAGGCGTTGCAGAGGTTGCGGGGCTGAAGGTGCTGCGCATCGAGACGCTTGACGGCATCAAGTTCTTCCTCGACAACCCAGCCTGTGCGGACAAGCCGAAGGCGGCGGAGACCTGGGTTCTGTTCCGTGCGAGTGGAACGGAGCCTCTGCTGCGCGTTTACTGCGAAAGCTGCAGCCAGGAGAGTGTGCAGCAGGTGTTAAAGGCTGCGCAGGCGTTTGTGCTGCAGGGAGACTCGAAGTGAGTCATCAGGTTTCTACCGAGGCTGCAGCGCTGCTCTTCGACAACGACGGTGTTATTGTCAGCTCCATCGCCAGCGTAAATCGTTGCTGGAAGATTTGGGCCGCGCACTATGGCGTTCCCAATGCCGACAAGGTTGAGATTGCCCACGGTACTCGTGCGGTTGAGATCATGAAGAATCTGGCGCCCGATGTCGATCCCGTCGAGGGTTTGAAGCTGATCGAAGACATGGAGATCGCGGACGTGGCGGATGTGGAAGTTCTGCCGGGCGTTCGAGTTTTGCTGACCAGTCTTCCTGCGAATCGCTGGGCGATTGTGTCGTCGGCGACGCATCGGCTGCTGGTCGCAAGGCTTCAGGCGGCGAAGCTGCCCGAGCCGGAGTGGATCGTCAGCGCGGACCGGGTCGTGAATGGCAAGCCGCATCCTGAGCCGTATCTGCTGGGCGCGAAGCTGATCCAGGTTGCTCCGGAAGATTGCATCGTCGTAGAAGATGCACCGAGCGGAGTGAGTGCGGGCAAGGCGGCGGGTTGCCGTGTGCTCGGGGTGCTGGGTACGCACAACGCAGATGAACTGCGGGCTGCGGGTGTGGATTGGGTTGTCGCCTCGCTGGAGCATGTGCGGGCAGAGTCTGTGGCCGGTGGCCTGAAGGTTACCTTCGATACGGTTTAGAAAGTTTAGAAAGATAGCCGCGCGTTCAACTGCATCGTGCGGCCACCGACCGTAACTTGAGAGATGCTGGTGCCTGTTCCGGAGAAGGTCGTGATGCCTTGAGCGTTTGGCGAACTGTCGGGGATGAGTGTCTGGTTGGGCGGCCCGAAGCTCGGGTGATTGAAGGCATTCGTGCTGTCAGCGCGAATCTGGAGTTGGATCTCGTTGTGCAGCGTGAAGGTCTTTCCTAACGAGAGATTCACTACACTCAGCCCTGGCCCTACCAGGCTGTTTCTCCTCATGTTGCCAAAGGTGCCGTTGGCGGGCAGGCCGAACGCGGCTGGGTTGTACCAGTTTTCAATGGTGCGATGCTGCGGCCTGGGATTGCCTATCAAGTTCGGATACCAGCTCCCTGCCTGCGAGTAGGAGTTATTATTGCCGCCAATAGAGGGCGTATACGGGTTTCCCGTGTTAAAGATCATCGTCGAAGAGATCTGCCATCCACCCAGGGTTTCATCTACAAAACGGTTATTGTTGAGGAATAGCTTGTTCTTGCCGACAGGAAGTTGATACACAATATTGCCCTTCAGCGAGTTACGAACGTCGAAGTTCGACGATCCGTAGTTTGCGGAAGGCTTATAAGAGTTCTGGTAGATCTGGGTTCCTGCGATTCCACCTTCCGCGGAAGAGTCCTGATCGTCGAGGAAGTGGGACCAGACATAGTTGAAGTTAAAGCTCAGCCCCGAGGTCAGGCGCCGAGTGATGGAAGTCTGCAGGGAGTTGTAGTTGGAAACAGCATTGTTCGTACTGCCCGAGATGCTTTGATAGACAGGATAGGGGCGGGAGTTCGGACTATCGTTCGGGCCCAGTAGATTTTCGGGAACCTGATTGATATCCACCGGGAAGCTCAGGTTGAATCCGTGGCTGGCAACATAGGCGGCCTCAATCACCATGTTTGGTCCGAGGGTGTGCTGGACTGCAACGTTCCATTGATAAATCTGGGGAACGGGCGTGTGGTACTGGTTGTACGTCACACCCTGCCCATTGAGCGCAGTGGGATCGGTTGTGGAGC
CP003130.1_gap58	2528036	2530295	2259	CAAACGAGATCTATCAGCGGCGGGCCTTCGGGTCCGCCGTATTGCGTTGGAAGGCTTGTGATCTGACCGTTTCCGGGTGCGTTTCCTGATCTAAATCCGTTAATCACACGATGGTATGATGGCCGCTCAATCGTTGGACTGTTGAGGGAAACTTGAAGACTTTGTCGCTGCTTCGCGCCATCTCCTGCCCGTGCCTCGTAGCTGCTTTCCTGTCCTGTACCGGCACCGCTCAGACGGCGAGGAGTGGCAGTGTTTCGCCGGTGCTTAGCGCCGCTAAAACGGAGCTCGACCGGGACTTCGCAGAGCTCAAGAAGCAACCCGTTGCCCCCTATTACCTGAGCTACGAGATCATCGACTCGAATACGGCGACGGTTTCCTCGAGCTTCGGGGCGCTGGTGCATAGCGGTTCAGCTCATCGTCGTACCGCGCATATCGACGTCCGGGTGGGCGATTATGCTCTCGACAATACCCACCAGGTCCGCGGCAAAGGCCCAAGCCTGGGAGCCAGCGGTATCTCCAGTGTTGTCATCCCTGTCGATGACGATCCGCTTCCTATCCGCTCCGCGTTATGGATCGAAACCGACAAACGCTACAAGCGCGCCCTCACGCAACTGTCTGCCGTCCAGACCAACAACCAGGTCAAGGTTGAGCAGGAAGATAAGTCCGACGACTTCTCGCACGAGAAGCCCGAGCAGGCGGTTGAACCCATCCCCGAGGTGACTGTGGACCGCAAGCTATGGGAGGAGAAGACCCGCAAGTACACAGCGCCTTTCCATCGCTATGGCGATCTCTTCAACGCAACCGCCATCCTCACGGCCGATCAGGAGGCGCGCTGGTTTGTCTCCAGTGATGGCTCCATGATCCAGACTTCGACGACCTACTATCGTCTCTTCATCGAAGCCACCTCAAAGGCTCCTGATGGCATGGAACTTCCGCGCTATGAGTCCTTCGCCGCGCTTACTCCGCAAGGGCTTCCCGACGACGCCACCGTACTGAAGGCCGTGGACAAGATGATTGCGGATCTCAAGGCTCTGCGTGCCGCGCCTATCGTCGATCCCTACACCGGTCCTGCGATTCTCTCCGGCCGAGCGACTGCCGTCTTCTTTCATGAGGTCTTCGGCCATCGGATCGAGGGGCATCGCCAGAAGAATGAGGCAGAAGGACAGACGTTTAAGAAGATGGTGGGCCAGCAGGTGCTGCCGAGCTTTCTCTCTGTCGACTTCGACCCGACAATCAAACGTTATGGCGGGGTGGATCTCGTCGGCTCCTACACCTTTGACGACGAGGGTGTCAGGGCTCGTCCCGTGGTATCGGTGAAAGATGGAGTTCTCGAAAACTTCCTGATGGGACGATCGCCGATTGAAGGGTTTCCGAATTCAAACGGACATGGCCGGGCCCAGGCAGGCTTCGAGCCTGTAGCGCGTCAATCGAACCTGGTCATCGTCAATTCGAAGCCCGTTTCGCGTGAGGAGTTGAAGAAGCTGCTCATCGCCCAGATCAAGGAGCAGAATAAGCCCTTCGGTCTCTACTTCGACGATATTCAGGGAGGATTTACGCTTACGGGCCGTTCCATTCCCAACGCGTTCAATGTACAGCCCATCATGGTCTATCGCATCTATCCAGACGGCAGGGAAGAGTTAGTGCGTGGCGTGGATCTTGTCGGCACGCCGCTCACGGTCTTCAGCAAGATACTGGCTGCCGATGACGAGAAAGCCGTCTTCAACGGCATCTGCGGAGCGGAATCGGGACAGGTTCCGGTCTCTGCCAGCGGCCCGGGCATCCTTATCTCCCAGATTGAGGTCCAGAAGAAGGCGAAGTCCCAGGAGCGTCCGCCGATTCTGCCTGTACCCTTTGCGGCGGCACAAGGAGGTGCGAGATGAAGAGACATCTGCTCGTTCTCGGCCTCTTCCTTCTTGCCTCGTCGCATCTGCGTGCTCAGCAGGATGACGTCGAGACCCGCGCCATGAGGGACGAGATGCAGCGCTCCATGAAGCAGCTTCATCTCGAGGGGATGGACGGCCCTTATTACATCGCCTATAAGATCGTCGACGCCGATACGCTCGAAGCCCGAGCCAGCCTCGGTTCGCTCGTCTCCAGCGCGGAGAGTCGCAGCCGTGTTCTGTCTGTGAGTGTGCGGGTAGGAAGCTACGACCTGGACAACACCAACTTCTCACCAGCGGGGGGAGGCCTGGCCGCTCTGCTTGGCTCCCTCGCCAGCGGCAACACGGTGCTGCCGGTGGACGATAGCTACGACGAGCT
CP003130.1_gap59	2546786	2551265	4479	GGACACTGCGCAGCATGGTCAGCGAGAACGACAACGACTCCTGGCAGGCGGCGCTGGCCGATCCGGCGGGGAAGGCTGACTACATCTTCGCGATGGAGGGTGATCCGGTGGAAGCGGCGGTGAAAGCGCATCCGCAGGGATTGACCGAGCTTGAGGTGATCTGCACGACAGGCCAGCCCTGCACGAAGGTGTATCACTCGACTGTATGGAGCGCGGGCGCGAAGTAGTTCAACCATCAACGGGACGACTCACACAGGGTACGTCCATCGACGCCGTCAGAGTAGTATCCTGACCCGATGGTAGATCCGAGCCACATCCATTTCTCGACGTTCGAGCAGATGATCCTTTCGGGGGCCGCGACCAAGCGACTGCTGATGGCATGCGCGATGGGCGGCATTGTGGGCATCGAGCGGGAGTGGCGGCACAAGGACTCAGGCCTGCGCACGAACCTGTTGATCTGCATGGGGTCGGCACTGTTCACGATCATGAGCGTGGTGCTGGCAGGGGATTCCACGGCGAACCATGGGCAGGTGGCCGCCAATATCGTGCAGGGCGTTGGGTTCCTGGGCGCGGGTCTGATTCTGCACACGAAGAATCGTGTGCTCGGATTGACGAGTGCCGCGACGGTGTTCGTGGTGGCTGCGATCGGCATGACCTGCGGGGCCGGGCTGTACATCGAGGCCCTGATCGCTACAGTGTTGGTGCTGATCTCGCTGCAGGCTGTGGGTGCGGTGGAGAGCAAGTTGGGATGGAAGCGCTATCCGATGATCTATGAGGTACGCGCGGATGTAGGGTCCGCTTTGCCTCGGGCGATTGTAGGGGAGGATAAAGCCGAGGCACTGGCAGAGGATGTTGCGTCCGCCTTGCATCGGATGCAGCGTGCGATCTTGAAGGTGCTGGACTCGGCAGGACAGCGATTGTCGGTGCTGGAGCGCGATAACGTGGCCGGCATAGAGCGGGTTGCCTTTACGGTCGTGGCGACTCGCCGCACGCACGATCGTCTGCTGAAAGAATTGCGAGCGAGTGATGCGACCGACCAGGTGGCAGTGTTTCGAGATACGGAGGAAGAGTGAGCGGGATTGGGTTTGTGAAGGCGCATGCGTGCGGTAATGATTTTCTGGTGATCGAAGAACGAGAGGCCAAAGGAAAGCATGCATCGATGGCGCAGAAGCTCTGTGCTCGCAATACAGGTATCGGGGCGGACGGCATTGAATTTCTCGACCGTCGAGCAGATGGTTCGTTCTTCCTGCGATTGTTCAATGCGGATGGCAGCGAAGCCGAGTTGAGTGGCAATGGTACGCGCTGTGTTGCGGCATGGCTGGCGGCGAGCGAGGGGCGGCAGGAGGTCGCTCTGGGCACTCACGGAGGGATAAGGACCTGCCGTCTGATTGAACGCAAGGGCGCGGAGTGGTGGATTGAAAGTGCGATGGGTGTGCCTCGCGTGATGCCGAGGGCTATTGAAATTGCAGGCGTCAATGGTGTCATCGAAGGCGCCATGGTGAATGTTGGGAATCCGCACTATGTCATCTTTCCAGATAGCGAAGACTTTAGCAGCCATGGCATGAGCTGGCAGGAACTGGGCGCAAAGATCAGCGTCGATCCTCTGTTCAAGTTTGGAACGAATGTCGAGTTCGTTCGTGTATTGGCACAGGACCAGATTGAGTTTCGTATCTATGAGCGCGGCTGCGGACCCACAACTTCGTCAGGAACGGGGACCTGCGCATCGTCGTCCGCGGCGATGACTCTACGTGCTGTTGCTCGTGAATTAGCGGCTGTGGCGCAGGGTGGGACGCAACGGGTGGTCTGGCGGGACAGTACGAGCGAGATGATGCTTACGGGGCCGGCGGAGATCATCTGCAAGGGCGAAGTGGAGTTTGGCGGGTGAGAGAGATTTTGGTGCTTTCAGTTTCGAGAGTCGAGTTCCGAGCGGCGAGTTTCCTATGCTGTTGAGACAGGGAAGTCGTGTTGCCGTGGTTTCGCCTGCGTCGGCGGCGAAGGCGGAGCTTGTGGAGAGTGGCGTTGAGCGGCTCCGCGGGTTTGGCTATGAGCCGGTGGTGATGCCCCACGCTCTGGCGCGCGGGCCGCTGTACTATGCGGGAACTGCAGAGCAGCGCGTGGCTGATCTGCATGCGGCTTTTGCGGATGCCTCGATTGAGGGAGTTCTCTGTACGCGTGGTGGCTGGGGATCGGCGGAGCTTTTGCCTCTGCTGGATCGTGAACTGATTTGCGCGAATCCCAAGGTGTTTGTGGGATACAGCGACCATACGTCTTTGCATACGTGGTTCTGGAATGAGTGCGGCATGCGCACGTTCTATGCTCCGATGGTTGCGGCGGACTGGTCGAAGGACGACGGTGTGGACGAGCGCACATGGCGTGCCGCGATCGAAGGCCATGGCGCGTGGAACGTGGGTGCAGAGGATGGATTGCGTGTTCTGCGTAACGGCAGTGCTGAAGGGCGGTTACTGGGGGGATGCCTGGCGATCCTCGAAGCAGGGTTGGGAACGCCGTGGTCGTTGAAGCTCGAAGAACCTACCGTGTTGTTCGTGGAAGATATCGGGACCAAGCCGTACCAATGGGACCGGATGCTGCAGCACCTGAAGTTTGCGGGCATGATGAAGAATGTGCGGGGCGTCGTGCTGGGCGATATGAGCGCGAACGTTCAGCCGAACGAGATGGAGTTGCTGGAGGCTGCGTGCGTCCATGCCCTGCGTGATTTTGAGGGCCCCATTACGATCGGCCTGCAAAGCGGCCACGTGTCGACGCGGAACCGTTCTGTTCCGCTAGGAGCCTGGGTCGCGATGAAGGAAGCTGAGATGAAGGAAGTGGCGGGCTGACGATGGCAAAGCATGTGCATTTGATTGGGGTGTGTGGAACGGCGATGGCATCGCTGGCAGGGATGCTGCGGGCGCAGGGACATCGTGTCACGGGTTCGGATATGGCGGCGTATCCGCCGATGAGCGATCAACTGCGGGCGATGGGGATTCCCATCATGGAGCCCTACAGCGAGAAGAATCTCGATCCGAGGCCGGACCTGGTGGTGGTCGGCAATGCGATCTCGCGCGGCAATCCGGAGCTGGAGCGCGTGCTGGATGAGCGGATTCCCATGACGTCGATGGCTGCCTTGATTCACGATGAGTTTCTGCAGGATCGCGAGTCCCTGGTCGTCTGCGGAACGCACGGCAAGACGACCACGACGAGCATGCTGGCGTGGATCTATGAGACGGCAGGGATTAGGGAACAGGGATTAGGGATTAGGGAAGATGGCACTGCAAGATGGACACCTTCGTTTTTGATCGGAGGTGTGGCGGAGAACTTTGGCACGAGCTTCAGGGTTCAAGAAGGCACGCGACCCTTCATCCTTGAAGGCGATGAGTATGACACGGCGTTCTTCGACAAGGGGCCGAAGTTTTTGCACTACTTTCCCGATGCCGCCATCCTGACGCATGTGGAGTTCGATCATGCGGACATCTATACGGACTTGAATGCGGTCAAGACGGCCTTCAAACGCATGGTGAACCTCATCCCTCGGCGCGGGCGGCTGCTGGCTTTCGATGGCAGCGAAAACGTGACCGAGTGTGCGGCGAAGGCCTTCTGCGCAGTGGAACGCTATGGCTTCAAGGAAGATTCGTATTGGCAGGCTGTCGATATGAAGCACGAGGGCGTCGTCACTACCTGGACGCTGCTGCGAGGTGGAGTAGAGTTTGCGAAGCTGCGGCTGCCGATGGCCGGCGAACATAACGCATTGAACGCCACGGCTGCAGCTGCGCTGGCCGCAGGGCAGGGGATTCCTGTGGAGGCAATCGTCGAAGCGCTGGCTACCTTTAAGAGTGTGAAGCGGCGGCTCGAGGTGCGGGCCGAGGTGGCTGGTGTGACGGTGATTGACGACTTTGCGCATCATCCGACTGCCATTCGCGAAACCTTGCGGGCGCTGAAGAGCGCCTATGCCGGGCGGCGATTGTGGGCTGTGCTCGAACCGCGTTCCAATACGCTACGTCGCAACGTCTTCGAGCGTGAGCTGGTTGAGAGTCTCTCTCTGGCGGATGAAGTGGTGCTGGCGGGAGTCTTCAAGAGCGATGCGATTCCGGTGTTGGAGCGACTGGAGCCGGAGCATGTTGTTGACGCGTTGAACGCGAGACAGGTTCCTGCAGTGCTGTGTGCCGATGCCGATGCGATTGTGGCGGAGATTACGCCGCGAGTGCGCGCCGGAGATGTGGTGGCGATTCTGTCGAACGGTGGTTTTGGCGGGATTTATACCAAGTTGCCTCAGGCGCTGGAGAAGCTGCCGAAGGCTGTCGTAGCGGGGACGCTGCTCTAGTAGTAAACGGCGCAGCCTCGCGCTTCCAGTGTGGCGATCCACTCTGGAAACACGAAGTCGTTGACCCAGCGGAGATCGAGTTTCTCCAGTCGCGGCAGTTCAGCGATCGAGGCGGGCAGATGCTCAATCGGGTTTCCACGGAGATCGAGTTGGCGGAGTTCGCG
CP003130.1_gap60	2556964	2561433	4469	CCGCCGCGAATGGTGGCGGTGCGTCCGCTGACCGAGATGTTCGCGCCCATGCGGTTCAGTTCGCCGACGTGCATGAAGCGATTCTCGAAGATGTTCTCGGTAACGACCGAGGTGCCTTCTGCCTGGGTCAGCAGCGCCATGAACTGCGCCTGCATGTCGGTGGGGAAGCCGGGGTACTCTTCGGTAGAGATATCGACGGCCTGGAGCTTGCCACCGGAGTGGACGCGCACGTTTTCCTTGCCGATTTCGAGCTTGACGCCACACTGCTCCAGCTTTCCGAGGAGTGCGCCCAGGTGTTCCGGGTTGCAGCAATCGACGTTGAGGTCGCCGCCGGTGATGGCTCCGGCGATGAGGAAGGTTCCGGCCTCAATGCGGTCGGGGTTGATGCGGTGGCGAGCGCCGTGAAGCTTGGCAACGCCCTTGATACGGATCACTGAAGTGCCTGCGCCCTCGATCTGTGCGCCCATGGCATTGAGCAGCGCGGCGAGGTCGGTGACTTCGGGTTCGCGGGCGCAGTTCTCAAAGAGCGATTCGCCCTCGGCAAGCGTGGCGGCCATCAGAAGGTCTTCCGTGCCGGTGACGGTGATCTTGTCGAAGACGATGTGCGTGCCTTTCAATCTGTCGGCACGAGCTTCGAGATAGCCATGCTCCTGCGTGATCGTCGCACCCATGGCTTCGAGGCCCTTGATGTGCAGATCGATCGGGCGTCCGCCAATGGCACAGCCGCCAGGCATTGCGACGCGGGCCATGCCGGTGCGAGCGATGAGCGGACCAAGCACAAGGGAACTCGCGCGCATGGTCTTGACGATCTCGTATTTGGCGACGGGGTCGGAGAGTACGGCGCACTGGATGGACGTACGGTGCTGTGCTCGGCCATAGCCCAGCTCGACCTGCGCTCCCATGCTCTCGAGCAGCTTGCGCTCGGTCTCAATGTCGTGGACCTGCGGGATGTTCTCAAGGATGACCTCATCCTCGGTGAGGATGGCGGCTGCCATGCAGGGAAGCGCGGAGTTCTTCGCGCCGGAGATTTTGATGGTGCCGAGCAGCGGGTTGCCGCCACGGATAACGAACTTGTCCATCTGTACAGTCTACGAAAGGGTGATGAGGAAACGGGTGCCGAAGTTGGTGCAGGGGCAAAAGAGGCCTGGTTGACTGGCTTATTTGTCTAACGCGAAGGCGATCAGGGTATCGTCGCGTTTTTCGTTGAGTCCGGCATGTCCCCCGGCGGCGACGACCAGAAACTGTTTGCCATCCAGGGTATAGGTCATCGGAGTGGCTTGAGCGGGGGCCGGGAGCGAGGTGCTCCATAACTCTTTTCCACTGGAAGAGTCGAAGGCGCGGAGTTTGGCGTCTCGTGTGGCTGCCGCGAAGACGACTCCTCCGGCAGTGACGATGGGGCCACCCAGCGTCAGGGATCCGGTAGGTTGACCTGTGGTGTCGATTCCCAGGGGCGACTGCCAGGCGATGTGACCAGTATTGAGGTTTAGCGCCGTTACGGCTCCCCAGGGCGGCGCCGTGCAGGGATTGCCATCGTGGTCGATGAGCGGCTGGCGTTTCAGCAGGTAGGGAGAGCCGCGTTGCGGAGAGATCTCCGCGCCAAAGTGCGGGATGCCGTACTTCATCGGGAAGAGGCAGACCCATCCGGCGATGGAGGCTACAGCCATGCCTGCGAGTAAGCCACGAAGTCCGGGATTCCAGCGTTTACGGCGCAGGCAAAAGAGAAGAAGCGTGCCTCCGGCCAAATACAGCCAGATGGGCCAGTCGCGAAGGATCGGTTCAATCTCGCGTTGCCATAGAGCAGCGGGAGACCGGCGGTCGACGAGTTGGATCGTAAAGGGAACACGGTTGTTATTAACGTAGAGAATGCCCGTGGCAGGATCGAAGGCAAGCGAACCCCAGTTCACTCCTCCGAGGCTACCTGGATAGAGCAGGGTTCCAGTGAGACTGGGCGGAGTATAGATGCCGCTGTAGCGCAGGGCTGCGAGCTGAGTCCGGCAAAACTGGGTGTTGGCCTCGCTGCGTTGCCAGCCTGTGTTGTTTTGCTCTGGAGGGGCAAGAGGCGCGAGCGGTGGAAGGCTGGAGAAGGGTTGCGTTGGAGAGGTGATCTCACTGGGCACGTCGCTCTGTGGGACTGCACGCTCTTCGACAGGATAGAGCGGCTGTCCTGTGCGTCGATCGAGGACGAAGACTTGACCTGCCTTGGTGGTGATGGCAATCGCCGGCGTTGTGTTGTGGAAGGTGAAGAGAAGCGGCTCTGCGGCTACGTCGTAGTCCCAGAGATTGTGATGGACGGTCTGGAAGGCCCAGACCTTTCGACCGGTGCGGGCATCGAGGGCGATCACGGAGTCGGCATCACGGTTGTCGCCTGGGCGCAGGCCACCGTAGAAGTCGGGCGAGGCGCTGCCGGTGGGTACAAAGATGAGGCCGAGCGCTGGGTCGGCGGAGATGACGCTCCAGGCATTGCCGGCGCCGGTGCGTGGGTGCTGTGCCGCAGCCCAGGGCAGTGGCTCCCAGCTCCAGAGCAGGCGGCCGGTGCGCACATCGTAGCCGCGAACGACGCCGGATTCGACATCGACCTGCTGGTTATCGGCGACAGTCGAGCCTACGACGACGACATCGCCGAGGACGGTTGGGGGCGAGGTCAGACCATAGCCTCCGATGCCGGTGTAATGAACGCCCTCGCGAAGATTGACATCTCCGGAATGCCCAAAGTCCGTGCAGGGCTTGCCGGTAGCGGCATCGAGTGCCAGCAGGCGCGCATCGATGGTGCCTAAGAATACTCGGGTGGAGCAGGGAGCCGTGGACCGGGTGGAATCAGGAGAGGTTGGCCAGAGAGCCACGCCGCGCGAGGTGACGATCATCTCTTCGTGCTCCGGTTTAACGCGTGGGTCATATTGCCAGAGAAGTTTGCCGGTGGTGGCCTCTACAGAGAAGATGACGTCGAAGGGAGAGGTGAAGTAGAGCGCATGGCCACGGAGAAGGGGGGTGGTCTCAAACGAGGCGTCGTTCAGACCTGTGCGCTGGGCGTCGAGCGCGTGGGTATGGAATGTCCAGACAGGATGAAGGTGTGCGAGATTATCGCGGGTGATCTGCGTGGAGCTGGAATAGCGCGTGCCGCCTGCGTCTCCTCCGTAGGTGGGCCAGCCTTCGCCTGCGGGAGTTTGTTGCGCGCAGAGAGTAGACGTCCCGAACAAGATTGCCAGTGAAAGAAACCAGAGTTGGGAGGTGGCTGAGGAACTCGTGCAGCGAGACATGGTTCGAGTGTAAGGGAGCGCAAAAAAGCCTCCGCGAGACTGCTCGTGGAGGCTTCTATTTGAAGGAGTGAGTTATGCGGTTGGCGGCGTGGAGGGCTGCTGTTCCTGGCCGTGGCCCCTGTGTCCGTGGTGCATGGATTTCAACTGCTGGAGCTGATCGGGGGTAAGGACGGTGGCGAGCTGCTGTTCGGCGGCCTCGTGGATCGCCTTCATCTGTTGGTGCATGTCCTGCGGGGCGAGGGTGGTGTCGGCGTGGAGGGCGGTGAGCTTCTGGTCGCGATCTGCCAGGATGGGCTCGACCTTGGCTTGCTGGTCTGCCGTGAGGTTGAGCTGCTTGGCAAGCCTCTTCGTCTCGTGTTGTGGATTCGGCGCGTGATGGTGGTGGTGTGCCGGGGCAGCGGCGGGCTGCTGCGCGTCGGGCGCCGGAACTGTCTGGGGCTGCTGCGCGAAGGCGACTGAGCCGGCGAGTACGAGTGCGAGTGCTGCTGGGAGAAGTGTGCGTTTCATCGAAAGCTCCTTGGCGCGGCGCTGTGGATGAAACGCCGCTTGCTGTTGGAATAAACACGGCTTGAGGGGAATGTTGCGTCGGCTGTTAGAGCTTCGGATGGGGTGATTTTGCCTTTGTCTTTCTGGTTGTCATTCCGAGCGCAGCGAGGAACCTGCTGTCTCCCGCTCTTTGTTCGTACAACCAGAAAACATATGAGCTGAATAAGAAAGGGGTGGGTTTGTGGCGACGGGTAATGTTTGTGTTGACACTGGCGAAAAACGGGAGACAGCAGGTTCCTCGCTGCGCTCGGAATGACAACCAGAAAAACAACGGCGACAACAAGAAAACAAAGACAATGCCAGACGACGCGCGCTTCGACGCTTAGAGCTCGAGCCTGGAATCGTCGATCGCGAGACGAACATTGCCATCGGACTTTTGCAAGCGGCGCACTGCTTCCATCTTGTCGACGTTGGCCTTGAGCATAACGACGGCGATAGGAATCGACTTGCCCGCGGATTTGATCGTGCGGATCGCGGTTTCGCGGTCGATATCGCAGAGCTTCATCAGGACGCGGATACCGCGTTCGACGAGCTTTGCGTTCTTCATGTGAACGTTCACCATCAGGTTGTCGTACACATAGCCGAGCCGGGTCATGGCGCCGGTGGTGATCATGTTCAGGATCATCTTCTGCGCGCTGGAGGCCTTCATGCGGGTGGAGCCGGAGACGA
CP003130.1_gap61	2643241	2647558	4317	GCAGATGGGCAATCAGGGCAGTGCCTCGGACGGTCTCCGCCGCGCGGTGGAGACGATTCAGGACGATCTCATCGGACAGGTGCATGAAGTCCACGTCTGGACAAACCGTCCGATCTGGCCACAGGCCATGGAACGCCCCGCCGGAGAAGACCCCATCCCAGCCACCTTGGATTGGGACGCCTGGATTGGCCCGGCTCCCATGCGGCCCTATGTCGGTAGCCGGAACCCTAAGGACAGAAATGGAGTTTACACGCCATTTAACTGGCGCGGCTGGCAGGATTTCGGTACCGGGGCACTGGGCGATATGGCCTGCCACACGGTCAATATCCCCTTTCGCGCTCTCGATCTCGATTACCCCACAGAGATCGAAGCCATGCCTTTCGGCCGGATGAACAAGGAGTCCTATCCTGTCGGTTCCAAGATCCGATTCGCCTTTCCCAAACGCGAAGCCCGCATTTCTCTTGAGCATCCGCATCTCTTCCACCATTACAAGAAAATCGAGCACGACGCGATGACACTCTGGTGGTACGACGGCGGCCAGCCTGACTCCACAGCTCGTGGCGGCCACGACCTGAGCAACAAGCCGCCTGCGGAACTCACCGCCGATATCGTCGCCCTGCTAGGCAGGCTTCCCGACAGCGGCTGCCTGCTCATCGGCGAAGGAGGCATGGTCTTTTCGCCGGACGATTACGGGAGCAATTTCTTCGTAAAGCTCAAGGGCGAGAAAGAATTCGTCAACTATCTCAAGCATCCGGCCATGGCGCAATACCCGGAGCGCATCCCGCGCAATCGTCATGTCGGGGATTTTGGGCATGCCGAGAATGCCGCGGATCTCGGGCAGGCGCATGCGCTGGAATGGCTCGATGCCATCAAGGCGAACAAACCAGAGATGTGCTACTCGCGTTTTGATATCGGTGCGCGTCTTGTGGAGATCATGCTGCTGGGCTGCGTGTCCTTGCGCGTCGGCCAGAAGATCGAATGGGACGGACCGAAGATGGTTGCGAAAAACTGTCCTCAGGCTGCGCAGTTCATACAGCGGCAGGACCGCACCGGTTGGGCACTTTCCTGATGCAGTCATCCTCCACAACCGAATAGACTGCTGCTTGCGCCTGAACAGTGGACGAAGGGCGCTCCCGGTCACTTCGGGAGAATCAGAACCTTTCGACTGCCGGGAACCGGCGCAAGCTTCGGGGCAGACGGCAACGTTGTGGGATCGGTAACGGTTGCCAACGTGGCTGCGTCTGCAAAGTAGTTATACAGAGATAGACAGCATCGTCTGTCTCTGTACGTCAGCTCATATGCCAGACCAAAAAATGCCTCGGATGGAGCAGTGAACTGAATTTAGTGGCCAGCCAGCCTGGGCAGGTTCCAGTGCCGCCAGACGCTGACCATGCGGAGCAGGAAACATACGGAGATTCCACAGATGGCGACGGGCGTTCGAGGAAGCTTTAGCCGAAGGCCGATCACGACGACCGCGGCTCCGGCGAGGGCAGCCGTGGCATAGACGTCGGCTCGCAGGACGGTGGGTACCTGGGCAAGCAGGACATCGCGCACCGTACCTCCTCCAACGCCGGTGATGCCGCCCATAAGGATGGCGAGGAAAGGATGGATCTTATAATTCAGGGCCTTTTCCGCGCCTGCTACGGCGAATAGGGCCAATCCGGCGGCATCGAGCATGGTCAGGAAAGACGCTGGAATTTCGAGCACAAGCGAGTGCATAAAAAAGGCTACGATCGCTCCGAAAAAAGCGATAGCTCCGTAACGCCAGTCACGGATAGAGTTGGGCGGAATGGCCCCAATGAGCACATCGCGGATGATTCCGCCGCCCAGCGCCGTGACGAAGGCCAGCACTAAGGCGCCGAGCAGGTCGAGGTTGCCTCTAGCCGCCGCCACGCCGCCCTCGATGGCGAAGACCAACGTGCCAAGAAAATCGACCGCCAGAAGAAGTGTGTCCGATGTAGGCCTGAGCAAAGCGGGATAGGACAGAACGCGACGGATCGTGGTCATAACGGGTCTCGTTTGAAGATTAGCTCAATCGGCTTCTTCGTACTCAATATTCACGCTCAACCTGTCGTTCGCGAGAATGCTCGCGAATTCTGACGCGTTCGACCTGGGCAAGGATCGATAAGTCGGCATCACGTCATGGATCATTGCTGACGATAAGCACGTTTGAGGCATTAATCTTCCTTCCGAAGCTCAACCGTGTTCAATGAGTGCTACGCCTTGAAGGCGCCCTACATCCTCTTCAGAACTGCATACTTCCAGACCTCTATTCCCTCAGGCGCTCATCACTGTTGCTGAAGCCAAGACTCGAGCATGAGCCGACTGGATGGGGTCACATCACTGCCGGGAGTTTTACTGTATGAGACGAACCTAGGCTCTGAAACGGCTCTCATGGCGCGTGTCCGGGAACAGCGCACTCAAGAGGATCTGCGTTTTGGCAGGGAATTGCTTCTGTTAAAGAATCAGTTGCTATCAGAAGAGCCAACGTAAAAATGAAACGCCTGGCATGGAAGAGATTGAGTGGGTCATTCATATTGACATGCCTTTGTACCGCGAACTACAAGGCTCGTGGAATTTACAAAGACCATTCATAAGTACAGAAGGCTTAGGAGGCCCCATGTTTTCGAAACAAGGTTGGCTAGCATTCTTCGCAATCCCGTGGCTTTTCATCCTGCTGATCAGTGCGACGGTCAGTCATGCCCAAGTCACCTACACGACATCGTGGGTAGGCAACTCGTATTCGACGATCCCCACGTATGTAGGGAACGGCATGCGGTCCATGTGGGTGGCGCCGGAGGGCGTCGTCTATACCTCGTCCGATTGGGACGAGAGCCAGGGAAGTATCAACGTCTACCAGAACGGCCAAAAAACAACCACCTTCAGCGCTCATGGGGAAGCCCAGGGCGGAGCGGTCGGCGGAGATTCTACCCATCTCTTCGTCGCGTTGCAGTTCAATACCACCCTTGGCGGCAGTGGCTTTGTGGGTCGCTATAACCGGAGCACCGGGGTGCGGGATCTGACGTGGTCGGCGAGCTCGGACTTGACCGAGCGGCGCGCGGACGTCATCACAGGCATCGCCGACACCGGCACGCTGGTTTACGTCAGCGACCATCCCGACAACCTGGTGCGGTGTTACACCATCGCCGGGGTGTGGCAATCGGATTGGAACCTCACGGATCCCGGCGCGGTTGCCGTCGACGGAGCAGGGAACATATGGGTCGCCCAGATGAGCGAGGGGACGATCCAGGAGTTCTCTGCGTCAGGGACCAAGCTGAACACCATCAACATGGGGTCCAGTTCGCGGCCTTCGGCGCTGTACTATGACAGCGTCAATAACCAGTTGATGATCGGCGACCAGGGGCCGAACATGAACATCCAGATCTACGGAAATCTGGCGAGCACTCCGTCGCTGGCGAGCTCCTTCGGCGTGCAGGGCGGCTATCTGGACACGACTACCGGAAACAAGGGACAGACCGGGAGCAAACGCTTCACACGTGTCGTCGGTATTGGAAAGGACACTTCCGGAAACCTGTATGTCCTCAATAATCCCTGGGGTGGAACCTGGGATCTGGGACGAGATGGGAAGACCGATCTTCATGCGTACAACAGTGCCGGCGTGCTGCAGTACACGCTGCAAGCGCTGAACTTCGAAGGCAACGCCGCCTTTGACCCCGGCACAGACGGCGCCGACTTATATGGCGGTCAGGACGTCTTCACTGGTTCGGGCGGGGGTGGATACGTTGGCAACAGCGTCGACTCGCTCGACAATCCCACCGATCCGCGCGTGGACATCACCAGCAACAGTCGAGGGTTTGACTTTGGCATTATGACCAGCGTCAACGGCCATCGAATCCTCGCGGCCGCCGGCCAGAATTCGGATGGTTTCCTGTTTTCGTACTTTCCCACCAATCAGTACGCGTCGATACCCTTCGGCACTCTGCCTGGCCAGACCTCTCCGGCAGGCTACACCAACTACTTCAATACGCTGGCCCGGGTCCGCAACGGGTTTGCCCTCGATACAAACGGGGATATCTGGGTGGGGTTGGACAAGACCAACGCGATCACCCATTACCCACTGACCGGCTTCGATGCCAATGGCATGCCGCTCTACGGAACGCCGACGACCACGCCGACACCGTCGACCATCGCGCCTCTGGGCGGCATCGAGTACATACCGTCCACCGACACGATGATCCTGTTGCAAGCCAATGGCACCGATTGGACTTCTCTGGGCAGCAGGGTTGAGGTGTATCACGGTTGGAAGGCGGGCAACACGACCACCCCCAATCAGGTCATTACGCTGAAGAGCAGCCA
CP003130.1_gap62	2649608	2651726	2118	ACTAGCGCCACGCGAGAGCGTGGATTCCCAAAGGGATTTTTGTGGGGCACCGCGACCTCGGCCTATCAGATTGAAGGCGCGCCCACGGAAGACGGTCGTGGCCCCTCGATCTGGGACACGTTCTCGGATGTAAAGACGAACACCTACACGGGTGACAACGGCGATATGGGCGCCGATCACTTCCACCGCTATCGCGAGGACATTGCGCTGATGCAGGAGCTGGGCGTGCAGACGTACCAGTTCTCGGTGTCCTGGTCGCGCATCTTCCCAGAAGGGACGGGAACTCCTAACCCACGAGGGTGGGATTTCTACGACCGTATGCTCGACACCTTATTGGCTGCCGGTGTTCAACCGTTTTGCACGCTGTATCACTGGGATCTGCCGCAGGCGATGATGAAAGTCGGCGGATGGCAGAGCCGGGACACCGCGAAGGCGTTTGCGGATTACTCAGCTTATGCCGTGAAACATCTGAGCGACCGGGTGAAGCACTTCATCACGATGAGCGAGGTGTCTCAATTCGTTGATGGGGGGTACAGATACGGAAGCGATGCCCCTGGACTCAAACTGTCGGATGCCATCGTCGCGCAGGTAACGCACAATGTGCTGGTGGGGCATGGGCTGGCTGTGCAGGCGGTACGAGCGAATGCGCGCGCGGGAACGAAGGTAGGAATTGCTGACAATGCTGTGAGCACCTGCCCGGTGATTGAGACGCCGGAGAATATCGCAGCGGCACGGAAGGCATACCGCGAGATGAATGCGCGATCGCTGACGCCGATCATGGAGGGCCGCTACTCCGAGGATTATTTGAAGGGCCTGGGAGCGAATGCGCCGAAGTTTACGGCTGAGGATATGAAGCTCATCAGCACGCCCCTGAATTTTATTGGGCTGAACGTCTATGAGCCAACCTGGATAAGAGCGAGCGCCGATCCAGGAGGATACGAAATCGTGGACATGCCAAAGAGTTATCCGATCATGGCGGCGAAATGGCTGGAACTGGGGCCGGATGGAATGTATTGGTCGCCAAAACATCTGCAGGCGTTGTGGGGTGTGAAGGAGATCTACATTACCGAGAACGGAGCGGCAAGCCTGGATGTACCGACCAAAACCGGCGAGGTGCTGGATGTGGACCGCATCCTTTTCCTGCGCAGCTACCTGGAACAATTGCAGCGCGCGGTGAGCGAAGGCGTGCCTGTGAAGGGGTACTTCCTGTGGAGCCTGATCGACAACTATGAGTGGTCCGATGGCTATGCCATGCGCTTTGGCATTACCTATGTGGACTACAAGACAATGAAGCGAACGATCAAGCTTTCGGGGCAATTTTATAAAGAAGTGATCGCAAGGAATGGGCTGGCGTAGGAGCGTTCTCTCAATGGTCACTTCATGAGTGAAGTTATTCACCGAGCCGTCTTATGACTTTTGCGCTGAGACGGCCCGAGGCCACCCTGAACATCTCTACGAGGAAGCATTCTCCAGGAAATGGACTTCCAACTTGTCCGCACGAACAACGTCCAGCACTTTGACGACTCGTTCTGAACCGGGAGCGAAGATCTCATCGCCTGACTTGGGTAAAGGCGCTCCGTGAGGATAGTCGATTTCGTTGTTTTCCCCGGACGTTACGTCTTTGAATAGAACCAGTGGCATTTGCATTGACCTCTACGAATTAAGGTTATCACTGCGGCTCCTTTGGGGGAGCCATTTGTCTGATTTCCAGCCGTGTCTCAGATCGACCTCGCTAGAACTTCCTCGATTTGCCGAATCGATTCTTTGGAAGCCCGACCATTTTGTAGCGCAAGACGAGCCGCTAGCTTTCCCGAGCTGGCATAGGATGCGGCTATCTCGGGATCCCAGGCCTGTAAGGCCAGAAGTTGCGTTTCAACCACCTTTGTCTCTCCACGAGAGATTGGACCGGTAAGGGCCTGAACAGGTCCAAAACGAAATAGATTTTCCAGGGCTTCGGTGGCGATGGGTTTCAGAATCTCAAAGGCGGTCGCTCTCGCAATGCCCGCTTCTACAAGGCAATCGATTCCTGCTGCGACGGTGCTTACAAGATAGTTATTCGAGAAGACGCTCCCCGCGTGGTATACGGCTTTGGCTGCTGGGTCGATGGTGAATCTCTTT
CP003130.1_gap63	2661916	2665435	3519	TAGGTATCTGGACTGAGTTGCACCATCCCGAACGGCAGCGTGGCACCGGGATAGCAGTGTCCGTGGCCGCCTGTTCCAATGCGGATATCAACGTATTGAGAGACCTTGGCGTTACTCTCCGAGTGGTCAGCATAGGTGTTTGCGATCGTGCCAAGGGATCGCGCTTTCGCAATTCCACTGCAAAGGCTAGCAGCGCTTAGGGCGGTGAAACGTCGCCGTGAAATCATGATGCTCCTGTCTAACGGGGGATTGAATTTTTACTTAGCTGGCTTAAGCGGAAGCTTTTTGGAAGGCGTCGTTTCTTCTACAAATATCTTCTTGATCTGCGTTGTTAGTTGAAGGTAGAAATCCGATGGAAGCTGTTTGCCGTCCGCATCCAGCGTCAGCCAGTAGCCTGGCGTTGGGGCATCGGCGCGACGCGGAGCCGCTTTAAAAATTGCGGTGCCTTCATTGACTTCATCGAACATGGCTATCTTCACCATGCAGGCACCCGCAGTCCGGGCGTTGTAGGCCTGTCGCCAGAAGAATTCACCGCCAAGCCGGGGTATCTGGTTAGCAGGGGACTCCGGCTTCAAGTTGTGCCACGAGAATCCCGGAAAGATCACGGGCATATAGAGCTGATGATTCTTTTGTGTCAGGGCCACGTCAGGCTCCAGATGCGAAGTCTTCCAGTGATCGGCGGCTTCAGGAGAGTTATACCGGCCTACGGTCCAGGGTTGCACTACATCGAGCGCCGCATAGACACTTGCCCAATTCGGATCATGCGTACTGTCTCCAGAGAGGCTGCCCCAACCTGAAGGTGTTCCTCCGATGACGGCTGCTCCTTGCTGCTGGAACCAGCGGATGATCTTCAGCGCGAGTACTGGATCGACGATGTGATGCCCGTCTCCGAAGCCTAGTCCCCAGATAGCGATAACAGGTTTACCGTTCAGCCGCAGGTAGGCGTTGCTGCTGACAAAGCCGTCCCGTTGAAGGTAGGACCAGTCATCCTGGAGTTGTGCGAAGACCGTGTCGAGATGGGCCCCGCTCAGGTCGTACTCCACGGCAAACTTCCGGCCATGGTCTTCCGCCGCGGAGCGAATGTTGTGGAGGACGGCATCGCCCTCACGCATAAGGCCAGGTGTCGAGTTGATGAAGCGCTGGGCCAAAGCTCCATCGATTCCGTATTGCTGCATCCATGCGAAGTGCGTTTCAACGGTTTCTTTGCGATAGGAAGAGAAGACGTATGCCGGTTGACCATCGATGGTTGCGGCAGGAAGTTTGCATAGTGACTTCGAGTCAAGCTCTGAAGTATCGGGGTAAAGATCGATGGCCATCGTGTCTGGAGAGGGCGCGCCTTTCGACCAGTGACTCCATGTGTTCGCGGGAGAGCCGTCACCTGGACACCGAAACCATCCCTGGTATCCGACCAGTACAAGACCCTTGGCTGTGCCGCATGGTTGCTGTACAGAACTCTCCGCGACCGAAGGGAGGAATGCTGTTGTCAGTAATAGACCAGCACTCAAGGTGCGCAGAAGATCGAGGAGGGAACGTTCGAATAGCTTGATCATGGCAACTCTTGAGGGAACAGATTCAGAACAGAAACGTGTGCTGAAAGATCGTGTGACCGCGCAGCGAGACAAGTGTATATGGTAGCGATGTCATATGCAATTGCGGATTTCAACTTTCTCGTGAGAGCACGAGAAGGGGCGCCCGATAGGCGCCCTTTTTCGTTGTCGCTGCTTTAAGGGGTGAAGCCTGTATTTCCACTTCCGGTTGCGCTGAAGGCGGTGGAGGCGGAGTCGATAAAGGGGCTAAAGCCGGTGGGAATGTCGAACACGTCGTTGTTGTCAAAGAGAGCATTCCCCTGGCTGCTCGGAAGGATTTCAATGCCATCCATGCCTGGCGAATTGATGACTTCGTTCGTGATCTGACCGTTTTGCATCGCGACGACTTGCAAGGCATTGAAGGTTGCGTTCACGATGCTGTTTCCCCGCAGGAGTTCATTGGTGACCTGCGTTTCGTCGTAGCTCCAGTTATTACCCACGCCAGCGGTAACCGCGGGTTGTGGTGTGCCGCCGCGGTGCTTGCCGCCGTTCTGAAAGAGGATGTTGCCCTGGATCTTTCCGCTTTCGAATTTGCCGCCGATCGGAAAGAAGGGGCCTGAATCGATACCGTTCTGGCGTGCGCCGCCGGAGCCGATATTATTTGCCACGTAGATGTTGGTGCCTCCATAGATGCCGTAACAATCTGCCCACCATGGGGCGACTACTGTGTTCTGCAACACAGTTGGGCTTTGCATTTGCACGAACGAAGTAACGGCTGGAGGATTGCTTGCGGCGTCATTCACTGCGATACCGTCATCGCCGGTACCACGTACGAAGTTATTGCGGGCAGTCAGGTCGTTTCCGGTATTGGACCCGGATGCGCCATTGCCATTATTGAGATTGATGCCGTCGGCGAAGGAGTTATTGATGCGATTATTCTGCGCCAGGCCACCAGTGCCCTGAACCCAGATGCTGGGCCCCGCGTGTTGAAGCCAAACGCTATCGATCTTCCAGTTGGTCCCCGATAGATTGAGGCCATACTTGTGAGCCTCGCGGTTGCCGTTGCTATCCATCGCGAAGTTCTCGAACGTTCCTCCCGGCCCGGTAATCTGGTTGTTTCCTGTGTAGTTGGCACTCTGGACGTTCCAGTAGAGCGTCGAGTACCACATGCCTGCCCCCTGGAGGGTGACACTGTTGACACTAAGCTGGCTGGACAGATAGTACGTGCCCTCTGGGATCCAGACACTTTCTTTTTTGCTGAAGGCGTCATTGATAGCGGCCTGGAAGAAGGGGGTGTTATCGGTGCCGCTGTTGTTGGGGACAGCACCGTAGTTGACTACCGACAGAGAGTTTGGAGGTTGTGACAGTGGCGCCGGTGGAGCCTCTAGATCGATGGCGTCGATGTCGTAATAGGCGGCGGTGTTCTGGGTATCGACGCGAAGCGCGATGGTGTCGTTAGGCTGCACCGCGGCTCCAGAGATGAAAGCATGTGCCTCGTCCCAGTACATGAAGGCTGATTCTCCTGCCCCGGGTGTTTCGGTTGAGCCGAAGTAGGTGGCGTCTGTTTCATAGGTCCAGGTCTGGTGGGAGTTCATCGGAATGGATTGGCGGAGCTGTCCGTTTACGTAGAGGTTGAGTGTGGCATCGATACCTCCTCCAGTGGGAGCATCTGGAATGGAGTAGCGAATATTGATGGCGGTAATGGGTCTACCCGTCAGGTTGGTCCACTGAACGGAAGATGCGGCTCCGGTAAGGTGTGCATACGCACGACCGGAAGCTTCGATCGCTGCGGTTACGAATTCGGTGGGCTGAGGAACGAGCTGAGAGATGACGGTTGCGCCGTTTTGCAAAGAACCCCACTCGCCTTCATAGGTAACGAAGGGAGTAACTGCGCCGATCTGAACCGGCGTAAGAGTCCATTGCTGCGATGCGCTACCGGACGAGTTATTTTCCGATACCAGTGAGCCGTTACTGGCACTAGCGCCACTGTCCA
CP003130.1_gap64	2666904	2671687	4783	TCCGACGAATCCTAACTGGTGGTGGAATGAGATCGGTACGCAACAACTGCTCGGGGAGATCGGGCTGTTGATGCGCCCCAGCTTGACGAACGATGATATGGTTCGCATGCTGCCTATTCTGAAGCGCTCCAACTGGTCGACGTGGACAGGGGCCAATCTCGTTTGGGGTGTGACCAACCAGATTATGCGTGGTGTCCTGTATGATGACGAGCCTGCGGTCGCTCAAGGGTACGCCCGTTTGTATGAAGAGATTAACCAGGTACCCGCGGTGCTGCCCAATGGCAAGCCAGGGGAAGGGATTCAGGCTGACGACTCGTTTCATCAGCATGGGGCCCAGTTCTACTCGGGCGGATATGGCCTGGACTATACGAACTACGCTGCCCGTTACATCTCCTATTCCTGGGGTACGCCGCTGCAGATTCCTGCCGAGAAGATGCAAACGTTCGCGAACTTTGTATTGGATGGCCAGCAGTGGATGGTGCGAGGTGAAGTCTTTGACTATGCCGCTGTTGGGCGTGAGATCACACGGAAGGATGAGGCGGCGGTGCAGCACGACTGGACGCATGGTCCTATCGCTGGATACGACGCGGCGTATACGCTGGCAAACGTCATGACTCATCTGGCAGAGCAATCGGTACCTCGGCAGGGGGAGTTCCGAGCCTTCGCCGATCGCCTCAACGGACAAGCAGGTGCCACTCCACTGACCGGGAACCGGATGTTTTGGGATTCCGATTATATGTCGCACCGGCGGGCGGGATACTCGACCTCGGTGAAGATGTTCTCTACTCGCATTCAGAATTCGGAGATTACGAACAGCGAGGGCAGATGGTCTACCCATCTTTCAGACGGCATGAATCTCCTGTATCGGACGGGAGATGAGTATCGCGGCATCTTCGCGGGCTGGGACTGGGCGCTTGTCCCTGGAACAACAGCGGCGCATGCCTATCGTCCCGATGGAGCACCGGATACGGGCGAACGCAGCATCATTGATGGCCGCGGCAAATCCGACTTTGTCGGAGGAGTCTCTGACGGGACCTATGGGGTTGCGACCATGAATCTCGAAAGAGGTACGCTCTCCGCCAGGAAGTCGTGGTTCTTCTTCGACTCACTGTATGTCGCCCTGGGAACGGGAATATCCAGCGAGAAAGAGAGCGCTCCCTTTTTTACAACGGATATCAATCAAACGCTTCTGCATGGTGCGGTCATCACGAACCTCTCATCGAAAGCCCTGGAAAGCGGTAGCCATACGTACAAGCCAGGAACACTTCGGTATGTTCATCATGATGGGACCGGTTATGTTCTGGGGGATGGCCTCAAAGTAGTGCTCTCGAATGCGCTGCAGAGTGGGCGGTGGAGCAACTTCGGCACGGGGCCCGATGAGACGGTTGAGGTGCCTGTCTTCAATCTCTGGATCGATCACGGTCCTAAGCCAAAGAACGCAACCTATCAATACACCGTCATGCCGGGTGCTACTGTTGAGCAGACCGAGGAGGAATCCACGCATCCAAGCGTGTTGGTCCTCAGCAATACAGACGATCTGCAAGCCGTCTTCGTGCCGAGATTGAAGCTGCTTTCTTTGGTGGTGAGGAAAGAGGGTTCGTTGGATACGCCATTTGGCCGCATCTCCGTCTCAGAACCGTCTGTTGTCATGATCAAGAAAGACATGTCGGGCTATGAGATCACTGCGGCAAACCCCGCAAATCAACCGCTGTCCTTCCGTGTAACGATTGGTGACCGCGAAGCGAAGGTGGAATTGCCTGGTGGTTCGGAGGCGGGCTCCAGCGTATCTGTGCATCTGCCACGCTGAAGCCCGGATCCATGCGAGCGTTGCTCATGGCCGCTGAAAAGCCGATGTGAGCTGGGGCAGGAATGCAGGGTCGCTGGAGACCAATCGAGCGGCGAAGGTTTCGGTCTTTCCGGCGCGCGTCAGGCGAACGACGATGTGGTTCCATCCCTGCACGAGTGCGAGCGGGGGTGTCGTGCCTATAGCGGCCGCAGAGGCTTTGTTGTACACGCTAGTGCCATTCAAGAAGAGTTCGGCCCCGTCGGAGGTCTCAAGGTCCATCGAGACGCGCGGCACATTCGGTTCAAGCAGGAGATTGTCCAACGGCCTGGGGCTTTCGAGCCACACGCTGAGATATTCGACTCCTGAAGGGGGATCACTTCCGGAGGTGTTTTTGTCAAGGTCGAAGGTGCCGTCTTGCGCTGTGAGAGTTACCCAGCGCTGTGTGCCGGCACGATCATTTTCCTTGAAGTTTTCCTTCGAGGCGAGATCGACATCCTTGTCGCTAGGAGCGAAGTGTCCAACAGCGAGCATACGGGCAAGTATGCCTGTGGTGAGGAAAGGCTGGCCGAGGTCCACCTCTTTGGTTAGAGGCGCACCGAGGTTTTCCAAAATAGTGCGGATGAGCGTCTGTACTTTATATTGCGATGACCAGGCAGGCAATGTCGTCACCAAGAGATGCCCATTCCCGACATGGTCTTCGATTAATACAGCTCCATCGGGCTTAGTCTCCCGTTCGGACCGGAGTACCATCGCTGTCTTGGCGTATTCGGGCTGCTTGTTCCATTTCGTCCAGTCGGTGTTACACATAGAAAGCAGTGTGTCGCTCTGAGAGACCAGAGGGCCGCTCAGGCCTTGTGTGATGAACGTTGGTGGGCTCAGCTCGGAGAAGTAAAGGCTCGCAAGCGTGAGGCCATTTGTGGCACTTGATGGTTTGCCAAAGACCAATGAAGAACTCTTGCGGCTGGTGCTGGTGATCTCAGCGGGTAGAAGCTGATTTAGAGTTGCGTTCGTCTTCTCATCGACACCCCAGACGATCACCGTACCTCCCTTGTGCAGCACGTCGTCGATCTGCCCGCGCGCTGAGGCTGCGGGCGGGTTGGCTCCATCGATCACCACGAGATTGGCATTGCCCTCGTTGCTCGGCAAGACACCTGCCTGACGCATCTGTGCTACGAAGGAAGAGGGCGTGGCAGAGAGCAGGATGACTCCTGAAATTTTAGCTTCGGCGGGAAGCTGAGATGGAGCCGTAGCAGGCGGAGCATCGAAGAAGTCTTCGTGGGCATCAGCTCCAGCCGCCTTGATGGCGTCGTAGAGGGGCAGGGTCTGGAACGCGGGCAGGGAAGGATCGTATCCAGGGTTCAGTGTTGTGGAGTAGGGGCCGAGACGCTCCGGTTGTACTCCTGGCTTGCCCTCCACGAAGTCCGGGAAAAAGATGCCGTCTGTCACTTGCGGAGGCCGTGTGGTATCGCGCAAGCCAAGCGGTAGTGGCTTGAGCCCGTACCAGACCATGTTGAAGACGCTTTGGTAATCCGCGTGAAGCTTGCGCTCGAAAGCCAGGGTCTTGAAGGAGTCGTTGGCGATGCCGCGGCCTCGCTGTTCAAACGAGGCATAAGCCGCGTCGCCGTAACTCTTGGCTACCTGCTCAGGAGTAGCGTAGTAAGCGCCGCCCGCCTCGCCGACACCCCACGGTTTTCCGGTCTTCGCTGCGCGCTCTATGGCTGGGTTTCCGCCGTAGTGCACGACGTACACCGGCAATCGGCCGTTCCCGTCATCGTCGCCATCTGCTGATATCCACGGTCGAGTGGGATCGAGCTCCTCGCAGATCTTTCGCCAGAGAGCATAGTGCTCGAGAAGCACATCGTACATGCCGGGTGGGTTGTGAAAGACGCTCTGCACAATGGGCTTCATCTCGTTGCACACGCTCCATCCCATCACGGCAGGGTGATTGCGATCTCGCATCACGAGTTCCGCAACGTGAGAGTTTGTGTCTTCCCAGAAGGCAGGGGAGTCGAGTTTGGGGCCGCCATCGCTGGCCCAGATGGCGGTTTCATCCAATACGACAATGCCCATCTCGTCAGCAACGTCGAGATAGAACTCCGGATAGGGCTGCGCATGCAACCGAACCGCATTAAGGTTTGCAGAACGCATGGCGGCATACCAGGCGCGCGCATAGCGGCGACTCATCTGGGGAATACCCAGAAAGTGCCAGGAGTCGCCTCGCAGTTGAAGGGATTTGCCGTTCAGCAATAGCTCACTGCCTTTGAATTGAAATTGCCGCCAACCGAAACGTTGGTATTTCACATCCATCACGCGGTTGCCCTGGGATAGATGGATCGTCATCCCGTACAAGGTGGGTGATTCGGGCGACCAGAGACTCAGCTTCTTTTCCGTCGGTCTTCGTATTTCTACTGTGACCGTTGAATGTGCAGGGACCGTGGCTGTTGTTAGTGCGACCGCGAGACTCGGCTCCGCAGCGAGGTTCCATCTGGCGTCGGCGTCATCAGGGCCGGTAGCGGGGGCAAGGGAGTTCCATCGGCGGACGTCACCGTCCAGTGTTACGGGCGCATCTAGGTCTGTATCGTTGCGGAGAGTCGCCTTGATCAACAACAGATTGTGATCGACCTGCGGTTCGACAAAAACATCGCTCACGCGCACCCCAGGGACTGACACAAGATCCACATCCTGCCATAGGCCGATGACATGCTGTCCCCAGAAGGAACCTGCCTGATAGATGCGACGGCCGTACTTTCCCTTCTGATCGAAGAGGGAGGCTTTGCGTACACCAATGAGAATTTCATTGACGGCGCCGGGCTTAATGAGATCGGTTACATCGACGTCGAAGGGGAAGAAGATATCGAACTTCGTCGCGGCTGGTTTGCCGTTGACGAGGATTTGCAAATCGCCCGCGGCTGCGGCGAAGTGCAGTAGGACACGATTTCCCGACCATTTTCCGGGGACGCTGACAGTCCGGCGAAGCCATCCCATCTCTGCTTTGTC
CP003130.1_gap65	2672841	2675766	2925	GGTGTGATCCGCATCTTCGTTGAGTCGCAGGCGCTCGTCGACCTCCTCCGGTGAGGATTGTGGAGTTGTATCGATCACATACACTGTGGCCCGTGCCTTCAGCAGGAGGTCAACGGTACTTTGGACGGCATGATGCAAAACTTCGGTCTGGTGGGATGTGCTGGTGTGCATATCCACATTGGGAAAGCTTCTCCCCATCCAGATGATCTCCTTGCTGCCACTTTCGCCGCTGCCGGAAAGAGCGATCTGCTGCAGCGCTGCGAGAGACAGCGTGAACTGGCGCAGAAGATCGTTCATGAGCAGGGCTTCCGGAAGGGTGCCTTTCTGCGAATCTAACGCTTTCAGCAGAACCGCTCGATCACGGGTTAATGGGGCGATGGCTTTAAAGCCACGACTGGTCAGACCTATGATCGTTGTCGGCACAGATAGCATGTCGGGTTGCGCCTTAAGGTAGCGGCTCATCTGGTTGCGGGCGTAGGCTACTTCGTCGAAGGGCGTATTCAGGCCATCCAGTACCAGAATTGTTTCAGCAGCATTGCCCCAGTCCACTCGGCCTAGTTTGTCCTTTTTAGGCAATACCGCTGCTTTCGATGTAGTAGAGGGCAGCTCAAAGTGACGAATGGTCTGCGGAACGCCATTTTCATAGACCGTAAAAGCGCTCTGGGGTAGATTGCGAACCGGTGTTCCGTCCGAGCGAAGAACGACCGGATTCAGGACGACTAGCTGGCTACGAACCCGAACGGTTGGGATTGTTTGATCGGCAGAAGGCTGCTGCGCACAATTCCCCGCAGCAGTGCACCAAGCCATCAGAAGTGCTGCGAAGATACGTGAGGTAGCGTTCAGGACTTTAAACGGCAACGTTGGGGCGTTGTTCATGGATCACCAGGTGGTTCCATCTTCACATACTATGGTTGCGTTGTCATTATGCATCTTGTTTGCGGCAAGCCTTGAGCCTGCATCCTCTGTAGCGCATAGACGAGGGTATTGCAAAACCCTTGAAAATAAGGTCTTGACCACTGTTGACCTGTTCATCTATAAAGTCGACGTCTCTATGTGACATCGCTACCATGTATTGAACCGCTTATCGGCAGCGTCTGTTGCTCATTGCTTTCTTTTGATCGGAGTCTACTCATGTTTCAAGCGAATAAAAAGTGGCCATCACATCCATCATGGACCAGGCTTCTTCTCCTACTCTCGTTCATCCTGATTTTAGGTACCAGCAACCAGATTCGGGCGCAAAACCTGACGGGTCAGAGTTCCTTATCCGGCGTCGTGACCGACAACACAGGTGCTGCTGTTGTTGGAGCAGATGTGGCTGTGATCAACACGGAGACAAACGTAACGACAGACGTCATTACCAACAGTACCGGTTATTTCTTGCAGGACAATCTAAATGCAGGGCACTATGACATCAAGGTAACCGCGAAGGGCTTCCAAACGCTGACACAGAGTGGAATCACGCTGGAAGCCAGCGAGCGGCGCAATGTCCCGGTCAAGCTCAATGTGGGCTCTGAGTCGACTTCTGTGATCGTCAATTCGGACGCTCCGCTGCTCGAAACGGAGTCTGTCTCAACGGGGCAGACGATCACCTCCGCCGAACTGGATTCGCTACCGAATGGCACCAGCTCCATCTACCTGGCGATGTTGGCCCCGGGAACTCAAAGCCAACTTGCGTCCAACTATCAGCAGAATGGTGGAAGCAACTCTCTGAACACGCCAAGCCAGAGCTTTGGCGCCTATGGCCGTATCGGAGCCAATGAGTTCAGTCTTGACGGTGCACCCAATATGGGGAACAACCGTGGAACGGCTATCTCTCCGACGGCTGATGAGCTTGACCAGGTGAAGATCATTAGTACAGCCTTCGATGCGCAGCAGGAGCATACCTTCGGCGTAACGTTTATTCAGACAACCAAGGCGGGGACCAATGATATACATGGCACCGCCCGGCTTCGTTATGACAATTCGACTTTTGATGCCTTCCAACACTTTCAGAAACTGACCTACCTCTATCAACGGCGGATAGCCGGATGCGATACGAGTCCAAAATCAAGTGCCTGCCAACTGGCAACCACGAAGTTCGGACTTCCAACCAACGAGGAATATGCGCCCAGCGGATCGATTGGTGGTCCCGTGTATATCCCCCACGTGTTTGATGGCCGCAACAAGCTGTTCTTCTTTGCGGCTTTTTACCGTATCGGATTTGGGGGTGGGACCCCGAAGGTCGCTGCTGTTCCAACAGCGCAGGAGCGGACAGGCAACTTCTCTGACCTTCCGCAGACCGCGTCGATTCCCACTACCGTGGGTTATGCGGGTAAAGCTTTTGCTCAGAACTGCCCAGGCTCGCCCTTCTTCGGGGCCTATCAGATCTATAACCCTTTCCAAATCACTTTCGACTCGAAGGAAGTTCCGCACCGTGCGCCATTCTGCGGGAACGTCCTCCCCAGCAGTCTTCTTTCAAGCCATCCTCTGGTAGCAGCGGTCAATGCGGCCTACTCCAACCCCTCGCAGGCGAACACACCCACGGGCAACAACCTGAATTACAACGCGATCACCAACGGCACCTATGAGCAGTTCACAAACCGCTTTGACTATGCCTTGAATGAGGCGAATCACTTCTTCTTCCGCTACTCCCTGGGCTACTACACGCTTGCTACAGACGATTTCACCAATACCGATATTGGCCAGCTATCGACGCCGCGTTTCATCAAGAATGCTTCTTTTGGCTGGGCGCACAGCCTCTCGGCAAATACGGTGGTCACAGCCACGGTGGGAGCGTCCGATTACACAGGCAACGGATCTTTCTATCCGAATGAGGCCGGTTTTAGGGCATCAGATCTGGGGCTGCCTTCTTACATTGACGATTACTCTGGAAGTGCCGCAGCGTTTCCCGTTGTCAGTGTTAGTTCCTACACGTCTGTCACCGCG
CP003130.1_gap66	2822151	2823034	883	TCCAAGGCTGCCGACATAGTTCACGCTAAGTGTTGTCCTGTTGGCAACGGAACGTTGCACGCCGATATTGATGTTTTGGAAATAAGGAACCCGGCGACCGAGATAAGGATCTCCGTAACCGATGGTTGAGCCTTGAATGATATTTCCGTTCGCATCCAACTGCGCGCTGGAGTTACCGCTCAACTGGGTGGGATCTGTGTTAGGTAATGTGGGGACGGCACCGGGGAAGGAGCCTGCTCCAAAGACGGTGGGGCCGACCCTGCTTGTATCTCCATCCCAGGAGAAGGCCGCTTCTCCGAGAGAGGTGCCGGAGAGTGTGTTGGTTCCTGAGAAGCCCTGCTGGCTGGGGCCAGTGCGGGCACCGGAGTTATGGCCACCCTCCGCGGCGTCGCGTGCGTACGAGATGCCGTAAGCCGCGCGGATGACGGTCTTCGGGTTGACAGAGTAGGCCACACCGATACGGGGAGCTATGTTCTTCCACCACATCTTGATGGGCGAAGAGCAGTTACAACTGTTCGCGCCATACCCGTAGTACTTGAGAATGCCGGGCGCGCCGCTGATGGGGTTTTTGACGGTGGGGTCAAAGTAGGCGGAACGGTTACGGACTTCTTTGAAGGGAGTCCAGAGATCCCAGCGGATGCCCATATTGATCGTCAGGTTCTTTAGCGCTTTGTAGTCATCCTGAAAGTACGGTGCATAGGTTTTGTAGCGGGCACCTGACTCGGGGATAGCAGTAGTTTGCAGGCTCGAGCTATCTACAGCGCCGAGCAGGAAGCCAGCGTAGGCAACGCCTGTTGTTGAGGTGTCGAGTGTTCCTGCTGATTTATTTCCAGCCGGGAAATAGTTCGCGGTCTCCGTGCTATTGAAGCCATAAGTCATCGGG
CP003130.1_gap67	2863206	2866579	3373	ACCGGCGGCATCATCAACGTCGTCACAAAGTCCGGCACAAACGCGCTTCATGGCAATCTCTTCGAGTTCTTCCGCAACACGCATCTGGACGCACGCAACTACTTTTCTCCGGAGCGCGCTGCCTTCCATCAGAATCAGTATGGTGGCACTATCGGTGGGCCGATTCGCAAGGACAAGATCTTCTTCTTCGGCGATTACCAGGGGCAACGTCAGGTCCAGGGCATCGAGACCGGCCTTGTCAGCGTTCCGTCTCTGGCAAACCGCTCCGGCAACTTCGGTTCGTCTTCTGCTTTTACTGGAATCGTTAACGGACCTTACCTTGCGCAGGTTCTGAGCCAGCGTCTCGGCCATCAGGTTACGCAGGGAGAGCCTTTTTCAAAGGTGTTTCCCAACGGGATCATTCCCCAGAGCGCATGGGGAGCCGCACCAACAAAGATGCTGCAATACATTCCAGCGCCGAATGTTGGGACAGCCACGTTCTCAAGCGGGGCGTACAACAACACGATTAATGACAATAAGTTCGGCGGCAGGCTCGACTTCAACTCCAATCGTTTCGGAACCTCTTCGATCTACTACTTCAATGACAATTACAACCTCGATAACCCCTATCCCAGCGCGCTCGGAGGGGCCACCTTGCCCGCTAACGGGTTTGCCTATGATGCGACTTCTATGGGCTCGGATCAGACGGTTATCTTCAGCAATATCCGCACCTTCGGTTTGAATACCGTCAATGAGGCGCGCTTCGGCATCACTCGTTTGGACAACCACCTTGGGACACCCAAAGGAGGAGTCGGAGTTACGCTCGCGGACCAGGGCATTCAGGCAGGCGGTGAGGGCATCGTTCAGGGATTCCCAAAACAGGCAGGTGTCGAAGAGTTGATCTTCAACAACTTTTCTGTGGGCACGAATCCGTTCTCGCTTGCACAGGTCAACACGACTTACGATTTAGCAGACAGCCTTTCGCATACCGTCGGCAAACATACCATCAAGGCTGGGGGGCGCTACATCTGGTACAAGGTGAAGCAGAACCCTAACCTAATCGCGAACGGCCAATACCTGTTCGGCGCGGGCGGAACACAGACTACAGGCAATGCCTTTGCGGATTTCCTGCTGGGCACGCCCGATCAATACTCGCAGCAATCTTCGCCGATCTTTTACGAGAGTGCCGCCGATGGCGATCTGTTTGCCCAGGACAGCTTTCGCATCCGTCCGAATCTCACGATCAACTACGGCCTGCGCTGGGACTACGTAACTCCCTGGGCTGAGAAATATCACCAGACGACGACCTTCGTAGCCGGTGTACAGTCCGAGACATTTCCAGGGGCACCCCTGGGATACCTCGTACCGGGAGATCCGCTTCCAGATGGAGGCACGATCCCCAACGCAATCGCACCTACATCCAAGGACAATTTCTCGCCGCGCTTTGGACTCGCGTACGCCCCGGCATTCTCCGATGGCCTGCTCGGGAAACTGACCGGCGGCCCAGGCAAGACCAGCATCCGGCTCGGCGGCGGACGTTTCTTTAGCTCGCCCCAGGGGCTCACCGTTGCCTATCCGACCGGCAATCCGCCGTATGGTCTCACCTATATCAGCCAGGAACCTCCGGTCATGGAGACGCCCTTCGTTGGAGCTCTCACGGGCACACAATACATCCAGCAGTTTCCTGTGCATGTGCCGCCCCACACTGTTTCGCGTCAAGACCCGGATAACAACGTCGATTGGAACCTCTATACCCCTATCAGCGGAGCAGGAAGTGTGTACTACAAGAACAAGACCAGCTACTCGATGCAGTACACGCTCTCGATCGACCGCCAGATTGGCGCCAACGCCCTGTTCAGCATCGCCTATGTCGGTTCGCTGGGAAGGCATCTGCTCACCGTTCGAGGAGCCAACCCCGGTAACCCCGCGCTCTGTCTCAGCCTGAGTCAACCCTCGGAGGTAGCCTCAGGCTCGACGCCCTGTGGGCCCTTCGGTGAGAACGGTGTCTATACAAGGTCCGATGGTGCGGTCGTCAACGGAACGCGTGGTCCCTTTCCCAATACGATTGGGACCGATGCCTACTACCAGAACATGGGCAACTCGCACTACAACGGCCTGGAAGCGACCTTTAAGCGTACGGTCGGACCGCTATCCATGCTTGCCAGCTATACCTATTCCAAGTCCTACGACCAAAGTTCCAGCATCCAGGAGCAGGTCGATCCTTTCAACTATCATCGGCTGGATGGAATTTCGGCATTCGATCTGAAGCATAACTTCGTCGTTAGTTATAACTACGATCTACCCATCGCTCGGCTGTGGCGTCCGAACCGGCTCACCAGCGGCTGGGCCCTCTCCGGCATCACTCGTTTCTCAACAGGTGTGCCGGTGACATTTGCCACCACCAGCGACAACTATCTGGTATTTGTGCAGGACAACGGCGTGAACAATATCAGCCTCGACATGCCGAATTATGATGGCACCGGATACAAGATCAACCGCAACCCACGCAATGGCAAGCCGTATTTTAATCATCTTGCCTTCACCCCTAATGCTCTCGGAACACCGGGTAACTCCAAACGCCGAGATTTCTACGGACCGGGCATTGATAACTACGATATGGCGCTGCACAAGGTAACGAACTTCTCGGGAACTCGTGCGCTGGAGCTTCGCCTGGAGATGTTCAATGTCTTCAATCACGCGCAGTTCTATGGAGGCAACTCAGTCGACGGAAATATTGGCGACCAAGGTGGCACCTTCGGGTATGTGACGAAGGCGGCTGATCCTCGTATCGGTCAGATCGCGGCAAAGTTTCAGTTTTAGCGGGAATGAGGGAGGCTTCATCGCCTCCCTCATTCTTCAAAGCCACCAGAACGGAGAAAGACATGATCGGAATCAGCACACTCCACTTTGCCATCCGCTTGTTGCTTGCGATTGCAATGGGCGCGACGGTTGGACTGGAACGTCAATGGCGGCAGCGCATGGCGGGTACTCGTACCAATGCTCTTGTCGCCGCAGGCGCCGCGGCGTTTGTCATGTGTGGCCTTTTGCTCGACAACGACCCCTCGGCTCGGGGGCGCATTGTTTCGTATGTTGTCTCAGGTGTCGGATTTCTAGGTGCAGGCGTTATCTTCAAGGATGGTGCGAACGTGCGCGGCCTCAACACCGCAGCGACAATCTGGTGTTCCGCCGCAATTGGAGCACTGACGGGCCTCGGCTCACTGAATCTCGCCCTTGTTCTGGCGGCTGCAGTTTTGCTCACCAATATGGTGCTCCGCCCGTTGGCCTATCTTCTTCATCCCGTTCTTCCTGATGCCTCTCCCGTCGAGACGCTCTATGAGATTCGCCTTACCTGCGGTCTTTCTGTTGCCGTGCATATCCGCTCCTTGTTGCTTAC
CP003130.1_gap68	2940278	2942403	2125	CGAGCCCGACAAGGCTGTGACCGAGGCGATGTTCCGGCTCGAAAAGGACCTAGACATCCCGCTGATCGCGACCAACGATTCGCACTACATCGAAGACCAGGACTCTCGCGCACACGAGGTGCTGCTCTGCGTGCAGACCGCCGGGTCGATGAACGATCCCAAGCGCTTCAAGTTCGATACGCAGGAGTTCTACATCAAGTCGGCGGATGAGATGCACCGTCTCTTCAGCCATGCGCCCGAGGTCTGCACTCGCACCATGCAGTTTCCGGAGCGCTGCCAGCTAGAACTCAAGGCCGTCAAGAACCCGTTCCCGAAGTTCGACGTGCCCGAGGGCGAAGACCTCGACAGCTACTTCGAGCAGGTATGTCGTGCAGGCTGGAGACACCGCCGCGAGACTGCGGTCAAGCACCTTGAAGACCGCGGCATTCTGCGCAAGTCCATCGCCGACTACGAAGCCCGTCTGAACCGCGAGATTGACTGTATCAAGCAGATGAAGTTTCCCGGCTACTTCATGATCGTCTGGGACTTTATCCGCTACGCCAAGCAGCAGAGCATTCCCGTCGGCCCAGGCCGTGGATCGGCGGCAGGATCGCTGGTCGCCTACGTCATGGAGATCACTGACGTCGACCCGCTACAGAACGATCTGCTCTTCGAGCGCTTCCTGAACCCCGAACGCGTCTCCATGCCTGACGTCGATATCGACTTCTGCATGAACCGCCGCGGCGAGGTCATCAAGTACGTGCGCGAGAAGTACGGCGAGGATCAGGTCGCGCAGATCATCACTTTCAACACCATGGCTGCGAAGGCCGCGATCAAGGACGTTGGCCGTGCGCTCGACATGCCCTATGGTGAAGTCGATCGCATCGCCAAGCTGATCCCCGCGACCATCGGCATCACCATCGAGCAGGCGCTGAAGGATTCGCCTCCGCTGGCCCAGGCCTACGAAGATCCCAAGATCAGGGAACTGATTGACACCGCTCTGCGCCTTGAAGGCCTTGTGCGTGGCGCGGGCGTTCACGCTGCCGGTGTCGTGATCGCACCGCAGCCGCTCACGGAACTCGTCCCCGTCACACGCACCAAGGACGACGCCATCGTCACCAGCTACGACATGAAGGCCGTCGAGAAGATGGGCCTGCTGAAGATGGACTTCCTCGGCCTGACGACGCTGACCGTCATCGATGACTGCCTCAAGCTGATCAAGTCCAACCGTGGCGTCGATGTGGACATGGCGACCATCCCGCTTGACGATGCCGAGACCTACGAGAAGGTCTATCACCGCGCTCTTACCAGCGGCGTGTTCCAGTTTGAATCCGGCGGCATGCGCGACGTTCTGCGCCGCTACAAGCCCACCACGGTCGAAGACCTCACCGCTCTCAACGCACTCTATCGTCCCGGCCCAATTCAGGGCGGCATGATCGACGACTTCATCGAGCGTAAGTGGGGGCGTCGCGCCGTTGAATATCTCTTCCCCGAGCTTGAACCGATCCTCAAGGAGACGCTGGGCGTCATCGTTTACCAGGAACAGGTGATGCAGATCTCGAGTGCTATCGCGGGCTACTCGCTGGGTGGCGCCGATCTGCTGCGCCGCGCGATGGGTAAGAAGAACGCCGAGGAGATGGCCAAGCAGCGTGTCTTGTTCATGGCCGGCGCGGCCGAGCGCAAGTTCCACAAGGATCGCGCCGGACAGCTCTTCGACCTCATGGAGCAGTTCGCCGGATACGGCTTCAACAAGTCGCACTCGGCTGCCTATGCGCTACTGGCGTACCACACGGCCTGGCTCAAGACGCACTACCCGGTCGAGTTCATGGCCGCGCTACTGACCTCGGAAACCTCGAAGCCGGAGAACGTCGTCAAGTACATTGGCGAGTGCCGAGAGATCAACATCCCGGTCGTTCCGCCCGATGTCCAGATCTCTGCTGCCAACTTCACTCCGGCGGGAGACAGCATTCGCTTCGGCCTCGCTGCGATCAAGAACGTCGGCCACAACGCGATCGACTCCATTATCAAAGCTCGCGAAGAGCTGCAGGCCGCAGGGAAGCAGGGCTTCGTCAGCCTGTGGGAGTTCTGCGACAAGGTCGATCTTCGCCTGATGAACAAGCGTGTACTGGAGTCTCTGTGCAAGGCC
CP003130.1_gap69	2956195	2957631	1436	CTTCAGCGCATCGGACTGCGCCTGAATGTTTGCCTGGGTAAGAAAGCCGCTGTTGATGGTCTGTTCGCTGAAGGTCGACCAGCCAAGATACGGGCGTTGGCCAACGCCGTTGACCTGCGCGGCAGCAGGGACGGAGGTCAGCACAGAGACGAACGCTGCAGCGAGCAACGGGCGAAAGGTGCGGTGCAGAAAGCTGGATAGTGGGGGCATCGGTCGGCTCCAGTGAATCGGTTTGAGAAGACAGGCGGCGCAAGAGGGCTGCGCAGCTCAAAAGTGGCAGCTTGTGCTGCGCCAGCCATAAGACCGTGTACGAACACGTTTTGTCAATACAGAATCGTAAAATATGTTTATTTATCGGGGAAACTTTGAGCGTGAACGAGCACCGATAACACTCCTGCTTGAAAACAGGTCCGAAATCTCAAAGAAGGGAGTGCGTGTTAAAGCGTGTGATCAATTTTTCGCTGCCGACATATGCAAGCACACTGCCCAGGCGCACCAAGCGGCATGAAGGACTGCCGCTTGTCGTACATAAAGATCGCAAGGAGCGCTATGTAGATCAAAGGTGCACGAGGATGGGGAGAAGCAGGGGAGTCAGCGCATTTGGGTAAAGCGATGAGCCCTGTATGGTCGGACCCAGCAGGTAATGGGAAAAGACGACCAGACACACGACGACGAACGCAGTCTCCAGAAAAGGCCACAAAAGCCTTCCATGCCATTACCCGGCACGTCATGGTGGACACGCGTCTGGTCGTTCACGATTTCAATATTCGCTAGGCGTGCTCATGGTTTTGCTGCGCTGATGTCCGCAGGGCTACGCGGATCGATCTCGTGATGCGTATCGTACTGGCTGCTAAAGCCGGTTACGCTTACCTCTTTCCCCGCAGCAAGGCTGTTCATGGAGATACCAGTTTGCACGTTGACGAAGATCAGGGTTTCGCCGGAACCATCGTTGACGGAGAACTTGAAGCCATAAGGCCCATCGCCGGCCGGTGCCTGGGTGATCTTCCCGTGTACCCTGACGATCCGTCCCTCGTTGGCTTCGCCCACCTCCACGGTCTTGAGCGCCTTCGGCTCGATCACGCTGAAGTCGCCGGCATTCTTCAGGGGCGCCATCTTCACCTCCGTTGCGTCGGCTGGGATCACGACTAGCAGCCCGGCCTTATCTGTGAGCACGCCGCTGACCCGCGCGCGCCTGGGTGGCGTCGCGACATTTGGATTACCCGGTGTGCTGATGTAGATGCCGCCGCTGGAGTCCTGCAGGCCAAAGCCCTTGTCGTCAAAGCTCGACTCGAAGGCGCCTGCGGGCGTGGAGACGATCCCATCGATCGTGACGTGGGTGCCGAGGGGAAGGGAGCGCGCCTTGGCGATTGGGATGACGTTATCGACGGGTGCGGCAGCCGTAAGGGTGCCTGCAAAGAAGGAAAGCAGACCCAGGC
CP003130.1_gap70	3031930	3032534	604	AGCCATTCTGGGCATGGATGTCTCCTGGCGCTCTCTTGAGATTGCCAAAGACAGGCTCAAGCTCGATCAGCTCCCTGAGCGTCAGCGCGCCCGAATCGAACTCGTGCAAGGCTCACTGATGTATCGCGACCAGCGGCTCAATGGCTTTGAGGCGGCTGCGGTCGTCGAGGTGATCGAACATCTTGACGCTCCACGATTGGCCTCCTTTGAGCGCGTTCTCTTCGAGTTCGCGCGGCCGTCACACGCCATCATCACCACCCCAAACTCTGAGTACAACACGGTCTTCGAGACGTTGCCCGCCGGCCAGTTTCGCCATCGCGACCATCGCTTCGAGTGGACGCGCGCCGAGTTTGAGCAATGGGCAGGCGACGTCGCAGCCCGTTTCGGCTATACCGTGCGGTTTCAACCCATCGGTCCCGAAGCCCCTGCCCTTGGCGCACCCACGCAGATGGCGATCTTCTCCCTTTCAGCCCCAACCGATATCCAGACCGAGCCCCAGACGAACGCATGAAGATCACCCTTCCCGAGCTGTCCCTTGTTCTCCTCATCGGTCCTTCCGGCTCCGGCAAATCCTCCTTTGGCCGCAAGCACTTCCTTCCGTCGG
CP003130.1_gap71	3040137	3044428	4291	GGGCCTAACGATCTTAACAACAAACCGTACCAGCTTTACCAGAGCGTAACTGGAAGCACGAACAACGCCGTTTCGAACTATAACGCCCTCCAAGCTCAAGTGACTAAGCGCCTGAGAGACGGCTTTCAGTTCAATGTCAATTACACCTGGTCCCACTTTCTGGACGATCTGGACTCTGCCGGGTTTGGCTCACGCGAAGGCTACCAAAACTACCAGAATGCCTTCAATCCTCACGATAACTACAGCAATGGAAACTTCGACATCCGGAACATGCTAAAGGGACAGGTGATTTACCAGTTGCCCTTCGGCAAGGGCAAACTATTCCTGAATAACAACTTATTGCTCGATGAATTACTGGGCGGCTGGCAGGTGTCCAGTGTATGGGTGATTGAAGGAGGCAACCCAATCGGTATCACGACCGGCGGCAATAACAATTCAAATAACCAGTCGGGCAGCTTTACGCAGGAGGCGAATCGGGTTCCCGGCCAAAGTCTTCACTTGCCTGGCAGCACGAAGCAGCGCCTGAACGAGTATTACAACCTGAATGCTCTAACGCTCCCCGCTCCTTATACCTATGGCAACTTCCTAAGGAATACCGTTTACGGGCCCGGAGTCGTCAATGTTGCTGCCTCACTGGGCAAGACGTTCGATGTCTGGCCCCGCCGCGGAGTCAAGATGCTGTTCCGCGCCGATGCAGGAAACGTATTAAACCATCCCAGCTTCGGCCAGCCCGGAAACAACGCTATCGGACCAGGTGCGACTGCTAATATCACGAGTACAACGGTCGGCGGCAGACAGATCCAGCTCTACGGACGAGTCTCCTTCTAATCGGCAACAGGCAACAAACGCAGGGGCGGTGCGAAAGCGCCGCCCCTGTTTCATTTCCACTAGCATTTGAAATATATTTTTCGTCGAAAAAATAGACAACGAGACAAACGTTTGTCTACAATTGCGGTGCTGCTGAATCTCGAATTCCTCTAATTCATTGCGCTAAACGCCCTTTGCGAATACGCGACTGTTGTAATTTCCATTTCTGGAGATATACCGTGCGAACCTACGTTGCTCTTTCGACCCTTCTGCTGCTGGCTTCCCCGCTTCTTTTCACCACTCCGCACGCAGCTTACGCACAACGGCCAAATTCGACAGTTCGCACCGCTTCCGGGCAGGATGGCGAAGCGTTTGTAAACAGTCTGCTGGGCAAGATGACGCTGGAAGAGAAGATCGGGCAGATGAGCCAGGTAGCGCTCAACACAAAGCTCGACACTCCAGCCGACGAGATGGCTCGTAAGGGACAGGTCGGATCATTCCTCTTCCTGACAGACGCGGCAGAGATTAACCGATTGCAGCATGTAGCTGTCGACCAGAGCAGGTTGCATATCCCCCTCCTCTTTGGCTTTGACGTGATTCACGGGTTTCGCACGATCTATCCTGTTCCGCTGGCGATGGCTGCGAGCTGGGATCCCGCCGTGGCGGAACGCGCACAGAGCATGGCCGCAAAAGAAGCCAGCGCCACGGGTGTTCAGTGGACCTTTGCTCCTATGGTTGACATAGCGCGCGATCCTCGCTGGGGACGCATCATGGAAGGAGCCGGTGAAGACCCGTTCCTTGGCTCGCGGATGGCTGAGGCGCAGGTGCGCGGCTTCCAGGGTGACTCTCTCGGGGCACAGGATCACATCCTTGCCTGCGTCAAACACTTTGCAGGATACGGCGCAGCCTCAGGCGGCCGTGATTACGAAGAGTCAAACATCTCCGATGAGCAGCTTTGGAACGTCTACTTCCCTCCGTTCGAGGCAGCGATTCACGCGGGTGCGGGATCGCTGATGAGTGCGTACATGGACCTGAATGGCGTTCCCGCTACCGGCAATCGCTATCTTTTGCACGATGTGCTGCGCGACGACTGGAAGTTTCAGGGCATGGTGGTGAGCGACTGGGAGTCGGTGATGAACCTGACCACCCATGGTTTTTCACGCGATGCCGGAGATGCCGCAGCTCGTGCCGTCAATGCTGGGGTGGATATGGAGATGACCAGCCATACCTTTCGCGACGGACTGCCGGCGGCGCTTCATCAGGGCCTTGTCACACAGGCGACCCTCGACGCAGCCGTGCGCCAGATTCTGTTGACGAAGTATCGGATGGGCTTGTTCCGGAATCCCTATGTCGACGTTTCCAAAACGGCTTCGCAGATGGTCACACCGGAGCAGCGCGAGGCTGCGCGGCAGGCGGCTACGCGCGCAGCGGTACTGCTGCGCAATGAAGGCAATCTTCTTCCCTTGAGCAAGCAATACAAGTCGATTGCTCTCATCGGTTCCCTCGCCGACTCCAAAGCAGACATCATGGGATCGTGGAGCCTCGCAGGCCATCCTTCCGACTCTGTCACTGTGCTCGAAGGCTTGAAAAAGCGGTTCAGTCCCGGTACGCAGGTTGAGTACACCAAGGGAGTTGAGATCGAACGTGAACAGACTTCTATCTTCGATGAACAGTTTTCAAGTCCAAAGCCAACACTGAAGACAGACGCAGAGCGAGACGCAGAGTTTCATCATGCGATCGATCTTGTTCGCCAATCCGATGTTGCTGTGCTCGTTCTTGGTGAGCTGCAAAGCATGAGTGGAGAGCGAGCTTCCCGGTCGAGTCTCGACCTGCCAGGCAAGCAGGAAGAGCTTCTTGAGGCTGCGGTCGCGACGGGCAAGCCTATCGTGCTTGTGTTGTTGAATGCCCGCCCACTGGATATCACCTGGGCATCCCAGCATGTCGCCGCCATTCTTGAAGCCTGGTATCCCGGAACGGAAGGCGGCGATGCGATTGCCGATCTGCTCTCCGGGGATGCGAACCCCGGCGGCAAGCTTCCCGTTGCGTGGCCTCGCAGTGTCGGTCAGATCCCCATCAACTACGCGCGTAACCTGACGCAGATTCCTAATGATCCGGATACGCGCTACTGGGATGGCTCCAGCGCGCCGCTCTATCCGTTCGGATATGGCCTCAGCTACTCGAGCTTTTCCATGACGAACCTTCACCTTGCTTCGAACTCGGTCCACGCTGGTTCAAAGCTCGAGGTTTCGGTTGATCTTCAAAACACGAGCTCGCGTGATGGCGATGAAGTGGTGCAGCTTTACACTCATCAGCGCGCCGGAAGTGCTTCGCGTCCGGTTCGTGAGCTGAAGGGCTTTCGTCGCGTTACCTTGAAGGCAGGTGAGAAGCGAACGGTTACGCTTGCACTCGACACGCACGATCTGGGGTTCTGGAGCCCTCAAACTCATCACTTGAGTATGGAGCCCGGCGCGTTCGATCTATGGGTTGGACACGATTCCTCTGCCAGCGATCATGCTTCCTTCACGCTGCTTCCGTAAGTAGATTTGCGGTTGCAGTGTGAACACGCTCGGAACCTTTTGCGTGCGGAGTTCGTCCAACTCCCATATGAGAACGATCGCCCTCGAAGAGCACTTTGTTACCGAGTCTTTCCTCCGTGCCACAGGAGCCTACGGCAAAGATCTTCCCGCATACATGGAGGCGCTGCAGCCAAAGCTTCTCGATCTCGGAGCGGGACGTATCGCAGCCATGGACGAGGCTGCCGTCGATTTTCAGGTTCTCTCGCTGGCTGCCATGGGCTTTGACAGCCTGGACGCGGCCACAGCCAACGCACTCGCCCAGGACGTCAACGATGAATTGGCTGAAGCCGTGCGTGCTCACCCCAGCCGTCTCGGTGGCTTCGCCACACTCGCGTTGAAAGATCCTGATACCGCAGCAGTAGAACTTGAGCGTTGTGTCACACAACTTGGTTTTCGTGGCGCTCTCGTCGATGGCACTACCGACGGCTTATTTCTGGACGATCCTCGCTTCCTTCCGGTCTTTGAGGCTGCAGCCCATCTCGGTGTTCCTGTCTATCTTCATCCTGCGCTGCCACCAGAGCCCGTTAAGAATGCGTACTTCTCAGGCCTCCCCGGTGAGCTTGGCCATCTGCTCTCAATTGCGGGCTGGGGTTGGCATGCGGAGACGGGGCTTCATACATTGCGGCTGATCCTCTCTGGCCTCTTTGACCGATTCCCCTCACTGCAACTCATCATCGGCCATATGGGAGAGGGCTTGCCGTATGCGCTAGCCCGCTCCAGTGGGGTGCTCTCACAGGCAGCCCCCCATCTGCGCCAACCTGTGGCTGGATACTTCAAGTCCAACATCCACCTGACGACCAGCGGTTACTTCAGCCAGCCGCCTCTGCGTTGCGCAATGGATGTTGTCGGCATCGATCGCCTCATGTTCTCCATCGACTATCCCTTCAGTCCCAATGGCCGCGGCCGTG
CP003130.1_gap72	3048988	3053825	4837	GGAAATCATAGCCCTGGAGCCGTGCCGTCAGGTGGGCATTACGCAAGACCTGAATGGGCATAAGCCATAGCTCAAAGGTCCCGTCCTGCTCTCCCAGAATGGCGGCGTGCTCTCCCACCAGCGTAAAGGGCTGTTGCGGCTGAGCTACATGGTGGATCGCCAGCGAATCGTTCTCCAGCGGAAACTGCGCGAGAGAGGGTGAAGTTTGAGCTTGCAGTCCCAGAGAGAGAAAGACGAATTGAATCAGGATAACGATCTTGAGCATTGAGTCTTGAGCCCCACACAGTAACAGCCTTTCAAAAGAAACACCGCGCTGTCACTATATTTCACCGTACTCTGCTGCATTTGACGGGTGAAACGGCACAGAATCTCTTGCTCTGTCACGATTCCGGGGATTCTGGGCACTGCTATCGCTTACCGTTCTTCCACTCTGCGTAAGAGATTCGAGGAATGCTTATAAAGGCATCCCTCGTCTTCACGTAGGCTCCAAGGCCGTTCATCCGGCCAATCGCGTGCAGCTCTTCCGCCTTTACGTAAGGGCCAGAGGGATCGACGTATTTGTCTTCGATATAAATCGCAACGACCCTGCCGAGGATGATGCGTGAGCGGCCAATTTCCATCGTCGTAAACTCTCTGCACTCCAGCGCCGCATGTGCCTGTTCGATACGGGGTACCTTCACCAACTGGGAAGGAGCCGTGGTCAAGCCAGCCATCTCCAATTCATTGATCCCGGCAGGAAAGTCGGTGGCACAGATGTTCATCTGCTGAGCCAGGTCCTCGGTCACGACGTTTACGACGAATTCGCCCGTGCGTCGAATGTTTCTGGCAGTGTCCTTGGGAACAAAATGCTCCTGCGGACGATTTGTGACGCCCATTCCGATAATCGGTGGGTCGGTACACAGATAGTTGTAGGCGCTGAAGGGAGCAGCATTTAGGCTGCCATCCTCATTCATGCTGGTAACCAGTGCAATGGGTCGCGGTGCAACCAGTCCAGTTAAAAGCTTGTAGGCATCACCCGTGACACCCTGTTCCAGATTGAATTGCATCCGACGTATCTCCCCGTGGTTACTTTTTGATTAGAGCATTCTCACAGAAGATACGATGCAATGTACAAAGGACCAGAGACTGAGCCTCTGGTCCTTTTGTACATTGTGCTAGCGCAAGCTCTAGACGACGCCCCCCATCAGTGGGTCGCTAAAGCTGGACCGGCCGGTCTCTACGCGTCCTGCATAACGGGCTGCAGACGTTGCACCGTCCGCCATCACCGTGAAGTCGTACCAGCCATGACTCTGCTTGAGATTCAGAACAACAGACATCTCATGCCCAGCAGGGATCGTCTTGTTCACAGTGCCAGTCTTGTACGAGTTATCCAGCACCGCGACCTTGAGGGGTTCGGTTCCGGGATTATGCAGGAGGACTTGCACATTGCCTGTCAGGTGCGAGCTCTGCCGCTCGTAGGAGGTACGCGCCTGCAGGCCAGGAGCCTGAGCCTCGCCCGTAAAGGAGCGATAGAAGCCGTTCGGTCCGTGGACATCGATCGAGTAGCGGCCATCCGCAAAGAGCGACAGAGGGAAATCCTCAGAGAGTGTGTCACCCGATTTCACCGCGTAGGTTGCAACCATCATTCCGGGAGCCGCGTCTACCTTCGTATTCCGCAGGTAGACATTGAAGGGAGCGCCGGCTGCGCGCTTTCCATAAACCTCGTTGCCGGCCTTCAGGTGCAGTTCGAACTTGGTGCGATCTGCGTTTAGCTTGCCCTCTGCATAGAGCTCATAGGGCAGCGAGCACGCTGGGCGAATGCCCTTCTCCTGATGAGACATCAAGTCGGAGCTCGTCTGGTTGCGGTTGATCTCCGCTATTTGTTCAGACGTCAGCTTCTTGTAGTTCGAAGGGACTTCTTTATAGCGAGCCTGTTGAATGCTTACAACAAACTTGTTCCGGTCGAGAAATTCGAGCTTGGTCTCCTTAGCATCATGAGGACGGAAGCAGGAGGTAAGATCGCCAGAGATAGAACGCCGCCATGCGCTGATGTTCTCTTCCCTGACCGTCTTGCCATGCTTTTTCTGTACGAACTCCTCCAGGAACATGAGCGTCGAGGAGTGATCGAAGAGCTGGGAGTTGACCCAGCCGCCGCGGCTCCACGGAGATGCAATGATCATGGGCACACGGAAGCCCATGCCGATAGGCCCGGAGCGCGCTTCTTTTTCGGGTACACCCTGGATCAGTTCGTCCTTCGCGTAGCTGTATTCCAGCCCCGTATCGATGCCTTCGGAGGCGCGCCCCGTCTGCGGACGCTTGGGATCTGCGGCTACGAAGGAAGGCGCGTGATCGAAGTAACCATCGTTCTCGTCATAGGTAAGGATGAAGATCGTCTTCTTCCAGACCTCGGGATTCTTGGTCAGGATATCCATAACCTCGGAGACGTACCATGCGCCGTACCAGGGCGACGTCGGATGATCTGAAAACTTCTCCGGCGAGCTCAACCAGGAGATCGTGGGAAGCTTGCCCTCATTCACATCCTGCCGGAACTGATGCAGGATATCTCCCTTCGGGACTTCCATCGTTAGCGGCTTCCCAGCATCTTCGAAGTCGATGGAGTCCAGTGACCTGTAGTGAGGATCATTCACATTCGTGACAAAGGCCGCGTCATGAAGGGCACGCTGCTGGGGAGTGAGCTGCTTGTAGCGAGCTTCACCGCTGTTCGCCAGTGAGGCTTTGATCTTCTCGATGCGCTTTTGATCGCCGTCGATCCGAGAGTGGATTCGTGCCGCAGCCTCCGGGTCCTGTTCGTTGGCTACCGTCTGCTGAAGCTTCGTCATCTGCTTCGTGAGCGAGGCGATCTGCTGCTGCATCGCCAGAACGCTGCCGGGATAGGCTTCGATGTTGTAAGCCGCAAAGGCTTCCAGAACGTTCGTGCCAAAGTTCGACAGCCACGCCGACTCTTCCCTGCTCATGCCGCCGGAGTTCGTCAACTCATTCTGATAGAGCTTCCAGCTGATCCCAGCTTCATGCAGGCGCTCCGGATAGGTCTTCCAGGTCATGCCGCCGCTCATGATCTCGTCATTGCGCATGAATACCTTGGAGTCGGTACGCTGCTCATCGCGCACAGTCCCGGTCCAGAAGACGCTGCGATTCGGCGTTGTGCTGGTCATCACCGAGCAGTAGTTCTGGTCGCATACCGTAAAGGCATCCGCGAGCTCGTAGTAGAACGGCAGGTCCTCGCGGGTGTAGTGTCCCATCGTGAGAGGGATATGGGCATAATCAGGCGAATACGCGCGCTTGGCGTCGATCCATCCGTCGTGGTGTCCCTCGTTCCAGGCATCGACCTGGCTATTACGGGAGTGAGGAATGGATCCCATCCAGGTAACGCGAGTGTCTCGGATATCCAACCGCCAGGGCGCATAGGATTCTCCGGCTGCATTGGTCTGTACGAATACGGAGTTGCCATTGGCTTGACGGATAGCGCGCGGATCGTTGAATCCACGAACACCCTGCAGGGTTCCCAGTGCGTGGTCGAAGGAGCGATTTTCCTGCATCAGGATAACGATGTGCTCGGCGTCCAGATAGGTAGAACCGGCTTCCGGTTCGATGGCAAAGGCCCGCTGAATGGAATCGGGAATAAAACCAGATACGCCTGCAGCACCTGACAACATTGCTGCAACTTTAAGAAAATCACGTCGTGTATGCGCCATGTTTTTCATCTTTTCACAATTGAGTGTGTACTCGCGTTAAGGCGCGGTGAAACAGTGGGGCTATCGCGGAAAAATCAATGGCCTGGCTTCTATTGAAGCCAGGCCATTGATGTACACGTACGTACCTCTACTCCGTGCCTTCGCGTGCGCCCTTCCATAGATCGATCCCACCCTCTTGTGCGTGGTGATCAATGGCATCCAGCTCCGCCTGGGTAAAGTCAAGCTTCTTCACCGCATCAAGCGAGTTATCAAGTTGCTCGACATTGCGTGCACCAATAAGAGCTGAAGTAACACGCTGGTCGCGCAGCACCCACGCAATAGCCATCTGGGCCAACGTCTGTCCGCGGCCTTGAGCCATCTCATTTAGAGCTCGCACCTGGTTGAGGTTCTTTTCGTTCAGGAATGACTGCAGGAATGATCCTCCTGCGCCTCCTGACTTAGCGCGTGAGTTCTCGGGAACCCCATGGAGATATTTGTTCGTAAGCAGCCCCTGGGCAAGCGGAGAGAACGCGATGCAACCGGCACCTACATCCTCCAGAGTGTCCAGCAACTCCGTTTCGATCCAGCGATTCAGCATCGAGTAAGAAGGTTGATGGATCAGCAGTGGCACTCCTTCGCTCCGCAGGATCTTCGCTGCCTCTCGCGTGCGCTCCGGGCTATAAGACGAGATGCCCACGTACAGAGCTTTGCCCTGTCGCACCGCGTGTGCGAGAGCCCCCATCGTCTCTTCAAGCGGCACGTCCAGGCTGGGACGGTGCGAGTAGAAGATATCGACGTACTCCAGTCCCATGCGCTGCAGGCTCTCATCGAGAGACGCCAGCAGATACTTGCGCGATCCGCCCATGCCATAGGGGCCGGGCCACATATCCCAGCCAGCCTTCGACGAGATGATGAGTTCGTTCCGATACGGGTGAAGATCTTTGCGCAGGATATGGCCGAAGTTCTCCTCCGCCGATCCATACGGGGGCCCATAGTTATTCGCAAGATCGAAGTGCGTCATGCCCCGATCGAACGCACGCCGTACGACCGCGCGGCCCGTCTCGAAGACATCGGTACCGCCGAAGTTCTGCCACAATCCCAGCGACACCGGCGGCAGCACGATTCCTGATCGACCACACTGGCGAAACTGCGCACCCTCGTATCGC
CP003130.1_gap73	3069444	3071037	1593	GCTGCACGGATAAGACCGTGGCTGGGTGTGAGGCCGCCCTCACTGAGCGCGGAGCAAAGTTCGATGCGGTCCGCCCCTCCTTCGCGTGCTGCGAGGCAGGCCTGGATACTCTCCGCACAAAGTTCGAAGACAATCTTGCGCATTAAATCACACGGACCAAATGAAACATTTCAATTCTTTGAAAACGGTGAAGCTCGCAGCCCCGATGCACAGCACCGGGGCTGCAAAACTTTACAGAGTAAGAGAAGGAGGGAGGCTGGAAGCATCCGCCCCAAGAGTAGCGCTAGGTTCTGGACCCATTTCGAGGACAAGCTTTCCGCCCTGTGCTATATCTTCGTGGCGGAACCAGGTTCTCTGTTGCGGCTTTCCATTCAGCGAGAAGGCCTGTACGTACTGGTGTGCAGGGTCTTTGCGTCGCACTTCGATCTCCAGCTTTTTGCCGCCGCCGAGTTCAACCGTTGCACGCTCGAAGAGCGGTGAGCCGATGATGTAAACACCGCTGACAGGGTCCACGGGATAGAAGCCCAGCGAGCTGAGAACGTACCATGCCGACATCTGGCCTACGTCTTCATTGCCCTGCAAACCGTCCGGCTCTGCGGCATACATCGTCTCGAGCAGACTGCGGATACGACCCTGGGTCTTGTGCGGAACTCCTGCATATACATAGAGGTAAGCGATGTGGTGCGAGGGCTCGTTACCGTGTGCATACTGCCCGACAAGGCCTGCGATATCCGGCGGTGCGTTGGCCGGCAGTGTCGATGGCGCGCTGAAGAGCCCATCGAGCTTGGTGACGAAGGGATCTTTGCCGCCAAAGAGCTGGATAAGACCGGCAACGTCATGCTGTACGCCGAAGGTGGTCTGCCAGGCGTTGGATTCGGTGTAGTCGCGCCACTTGGTGGAGTGTCCCAGGTCAATGGGATTGAAGGGCGTGGTCCAGCTACCGTCCTCCAGCTTGGGCCGCATGAAGGCGACGGAAGAGTCAAAGTAGTTCCGATAGTTGGTGGAGCGCTGGGTGAGCATGGCCGCATCGCTGGTCTTGCCGAGCTTGCGTGCGACATGCGCGATCGACCAATCGTCGTAGCAGTATTCGAAGGTCTTCGAAACCGACTCTTCTTCCTTGTCCGCGGGAATGAAATGAAGCTTGCGGTAGTAACCCAGGCCGCGATAGTCGTCGACCATGGCGCGCTTCATCATGAGCCCATAGGCCTTCTCCCAGTCAACGCCGGTAAAGCCCTTGTTGCAGGCCTCGGAGATCACCGCCGCGGAGTGGTAGCCGGTCATGGTGCCGGTCTCTCTTCCCATCAACGGCCAGACGGGCATTCCATCGGGGCTCTGCTCGGCCATGCGGATCAGCGTGTTGACGAACTGCGGCACGCGCTCCGGCTCGATGAGCGTGTAGGTCGGGTGCGCCGCGCGGAAGGTATCCCACAACGAGAAGGTGGTGAAGTTCCGCTGTCCAGCAGGAAGCGTGTGGACCTCGTTGTCCATGCCGCGATACTGGCCGTCGACATCGTCAAACAACGCCGGTCCGAGCGACATATGATACAGAGACGTATAGAAGATGCGCTTATGCGTCTCGTTCGCTGTCTGGAC
CP003130.1_gap74	3079130	3081691	2561	CTCATGGCAGAGGTAAATACAGAAGTTTTGTCCGTTTTCGTCGTGTGATATCGATTGCCCAGATAATCGCCGAAGAAAAACAGCTTATCCTTCTTGATCGGTCCACCCAGGGTGCCGCCAAACTGTGTTTGCGTGAAAGGGTTAATCGGCGTGAACGTTGCGTTATGATCGTTCCCCCATGAGTTAGCATCCAGGGTCTGATTCTGGACGTAGGCATAGGCCGAACCATGGAACTTATTAGTTCCGCTCTTCAATACGCTGACAACTCCACCGCCATTTACATTGCCATACTCCGCAGGAGAGTTTGCCGTTAGAACCTTGATCTCCTGAAGAGCTTCAGGCGCTGGGTTATACGCAATGATGTTGTTGAAGGTCTCATTCATATCGATACCATCAAGCGTGTAGTTGTTTGCCTGAGATCGATTTCCATTGATGCTCGGAACATCGGAGTAATAGGTATCACGCTCGATAGCGTTGTTACCCGTCAGTCCGGACGTGCCGTTTGTATTGATGGCGCCGGGAATGAGCATAGTCAGGGCAGAAAAATTAAGGCCATTGAGTGGCACATTCTGAATAGCATTCGCCGTAAACGTCGTGCCTAATGTCGCATCGCTGGTATTGAGAATGGGCGCGGCCGTCGAAACCTCTACCGTCTCAGCCGTGCTGCCTACCTTGAGAGCCACATTGAACGTCGCGATCTGGAGAATTTCGAGCGTAAACGGAGGCACGGTCTCCTTGCCAAACCCGTTGGCCTCTATCGTGACCTGATACCGCCCGATCGGCAGGTACTGGATGCGATACAGGCCGGATGAGTTGGTGCTTGTCGGCGAATCCACACCGGTGTCCAGGTCATGCGCGATGACCCTGGCTCCCGAAACAATAGCGCCGCTCGAATCCGTCACCGTGCCGGTGATGGAGCCGGTGACGTTTTGTGCCTGCGCAAACGGTGTACAGAAGAGCGTTGCCGTGGCAATCGCAATCCCGGAGAGGTACTTGAGAAGCTTCTTCTTACTGGCGAATTTCATCATTGAGAGAACTCCAGGAGTGCATCGATATGGAATGGGCCCACATGCGGGTAGAGCTTAAGCTCTGCCGCATATCCGCTCGACGGGGCTGCTATGCAAATCAAATATGGAGAAGAGCATAGAAACCTACATGAACACTTGTCAACATAAAGTTTCAGAATTATGACGAAACTTGCTTCATATGCTCAAATGGTGGCACGACTTCCCTCTCCAACTTTGCTGACTGTAGATTTGTTCTTTATTTAGAAGGGACTTAAAACATGGCTCCAAAGACGCAGGACCGCGCAAATCAGATCCTTCATCTTCTTCTTCAGAAAGGCCAGAGCTGCGTTGAGGACCTGGCGGTTACGATCAATGCTTCTCCGGCGAGCGTACGGCGCGACCTCATCAAACTCGCACAGCGCGGCCTTGTGAACCGCACTCATGGCAGCGTGGAACTGGCCGGAAAGATGACCTACGAGCCGTTCCGGTTTGACGCAGCCTTTCCGCTGCGCGCAGAACGCTTCGCCGATGAGAAGCGGCGCATCGCCATTGCTGCCGCCGAGATGGTCAACGAAGGCGATACGGTTGCGCTATCGTCAGGTACAACCACCACGCAGGTCGCCCGCAGCCTGCGGCATCGTGAAGGCATCCATATTGTGACGAATGCGGTGAATATCGGGATGGAGCTTTCCAGCCTTCCGAACGCGCGTGTGACTCTCACCGGAGGCTCGATCCGGTGGCCCGGCGCGTTCTCCATGGTCGGCGCAACGGCCTTCGATTCGCTGCAGCGGCTCTTCTTTGACAAGGTGTTTATGGGTGCCTGCGGGATTCATCCCGAGCATGGCCTGACCGTGATCGAATCCGACGAAGCTCTGATCCTCGGCGAGATGGTGAAGCATTCCAAGCAGGTGATTGCGGTGGCCGATGCCAGCAAGCTCGGCATGTTTACCGCGACCAAGGTCTGTGGCACCGACGCCCTGCATGCCATCATCACGGACGACAGCGTTGACCCCGGGCTCGTCGAAGATTTTCAGCGCAAACAGATCAAAGTAATCGTTGTTTAGCTGGCGTGAATGCGCTTGGTCGACAAGTAGCGGTATCTTTACTAATAGAAGTAGTTTTTTATCGGAACATCCTTTGCCCCCCACCAGGAACCCAGGTAACACTGAAGGAGTAGCAATGAATCACCCGTCGCCCCTGCGTCATTACCGCAATCAACTTGTCCGTTTTGGGGTACTTTGCTTGATTGCCTCTCCCTTTATGTCCGCACAGACTTCGAACACCCTTCTTCCCAAGCCCGCGCAGATGACCGTTGCCGCCGGTTCGATTCCCTTCACCGGAAACTTCACGGTCTCGCTCAACGGAGCGCACAATCCCATCCTCGAAGCGGCAACGCGCCGCACCCTCGACGCCCTGGAGCTCTCTACTGGAATCCCCCTGGGCAAAGGATTGCAGGCTCCTGACGCAACCCTGACGATCCAGGTGCAGGACCCCTCGGGCACGCGTCCAACGCTGGACACCGATGAAAGCTACTCCATCCATTCCACGGGTAAC
CP003130.1_gap75	3097371	3099322	1951	GCGTTCGGAGATCGTGCGAGAAGAGCTACGAAAGCTCTTCCTGCCTCAGAATTCTGCGACCGATCCCGCCAATACTCTGGTTGACTTGTCGCTAGACCCTCGCAACATCACACTGGAGCCTGAATACTACGGCGACGTGGACCCGGTTCGATACTCCGAGCGCAAACCGCTCATCTATCTTTGGCAGATGTTCGATCGCTCTCCGCTCGGGCTCAATCATTGGCTTGGCTTTCGTCTCCGCGCCATGCTCGGCCGGCACATCTTCCAGCACATCGGGAACAACGTAAAGATCTTTCACAACGTCGAGTTCACCTTTGGCTATAACCTCACCATCGAAGACAACTGTGTGATTCACAGAAATGTTCTCCTCGACGATCGAGGAGGCATCCTTCTGCGGCGCGGCACAAGCGTCTCGGACTATGCCAATATCTATAGCCATACGCATGATTTAAACGAGCAGGCGAAGGTCACCAACAAGGTCACCGAGCTCGGCCCCAACGCACGCGTCACGTATCACTCTACGGTTCTCGCAGGTGTCCAGATCGGCGAGGATGCCATGCTCGGAGCCATGGGAGTCGCAACCAAAGATGTCGAGCCACACCACGTCAACGTAGGCATTCCAGCGAGGACAGTACGCATTAAAGACCGAGGCTAGTCCCCTAGTTGGCCGATGGCCGTTCTACATGGTCGATGACATAGTCATCCACCGGTCCCTTTTCTGCCTGGAGTTTCAGGCCAAGCTGCTCCCTTACGGCATCGAAGATCGATGGACGATCCCTCAGCTCCGGCGGCAAGTTCTCTTTCGAGACCTCCGGCGGAAGTTCAGGAGCAAAGGACAGCGTAAAGTCGTAGTTCTTGTCGAGCCCGGTCTTGTCGATCACCGGACGCCCATCTCTTTGCAGTTGCTGTCCAAGCCACCAGCAGAGATAGGACATCGGAACCCTGGCTCCAACAAATGCGCTGTCACTGCCCGCATTGATAGGAATCTTGAAGTCCTGTTCACGGTCATCGGCCTTCATCTTCAGGCCAGACTTATCGACAGTCAGCGCATAGACAGGGCCTTCTTTAACCACTTTATGAAACTTCAAATTGAATCTGTCTGCCAGCAGATTTTGAAACATGACATGAAGATCGTCGATACCGTAGGGATGGTCTGTCCTGGCCTCAACATCGTAGCGGTCAGTATTGAGCCAGTCCGGCCCGCCTGAGATCTGCCGCATGGGTACCTTGTACATCAGGCTGATCATGAGCTTGATCGGAATATTCTGAGCTACATATCCACGACCGTCAGGCAGTGGCTTAATACCACCACCCTGTCCGCCAGATTGCGAAGGCCTGATCGAAGCCACCTCGAACGTCAACCTGTTTGGCTTGTCCTGACCCTGCGCGAACAACCCCGTGCTTGCTGCAACCATTACAGCCAGGAGGCACGCTGTGCGCTTGAACATATTCCCCTCATGCCAACGTCTGTAGTTTACGTCGCACCCGTTCCCGCATGGCATAAGGCCTCAACAAATCGTGCCGTAATGGACCGGGGACAGGTAATAGCCGCGCCCACGACAACCGCATGCACACCGGCTTGCAAGGCTCTGCTGACCTCTTCCGGCTGCTTCACATGACCTTCCAGGATGACTGGAATCCTGAGCCTGTTGAGAAGACTGTCCAGCAATGTCCAGGAGATGGTGCGGGCACCTTCCGTATCGGCGGTATATCCATACAAGGTAGAGGCAACAGCGTCCGCTCCGGCGGCCTCAGCGGCGAGAGCATCCTCAAGCGTGGCAATATCCGCGAGGACTGGCCGCCTCAGTTCCTCATGGATACGAGGAATGATCTCTGTCCATGGCTCGGCCTCGGCAAGGCGACGCCTTGTGCAATCCAGCGCAATGATGTCCGCGCCGGCGTCACTGATCTCCTTCGCTGACTTAAAGTTCGGGGTAATGTAAACCCTGCC
CP003130.1_gap76	3244022	3247312	3290	ACCCGTTGGAGCTTTTACATCCTCTCCTTCCCATTAGATTCTGCAATCGTAGTCGCCCCTTCTCGCACCGCCGCGATGTCTTCTGGCCTTATTTTTTGCCATCGCAGCATCGCCGGGGCGACCTGGAGCCACGATGCAGAGGTGCAACTCGCTACTTCTCCTTTTGATTGTTACGGCAGCCATCCTTGGAGTCGCCAGCGCGTCGAGATACCTTGCGTTAGCGATTTATACCAGTCGAGTTGAAATCCGAAAGATAAGGAGACCTCTCAAATGAACGACGTAGCAACCCTGGGTCAGACGGGTAGTGCAGTTCGAGTTGATCGGACAAGCACCGGGAAAGAGCACTTTGAGGTGTTGGATGGATTGAGAGGCAGTGCGGCCATTCTGATTGTGATCTTTCACGTCTTCAATTACTCCTTCGGCTGGGATACTCCTCTGAGCCTGATGCACCATGCCTACCTGGCGGTCGATTTCTTCTTCGGGCTCTCCGGCTTTGTCGTTGCCTATGCCTACGATGACCGATGGACACGAATGTCTACCCTCCAATTCTTTCGCATCCGGCTCATTCGGCTTCATCCGCTGGTGCTGGTGGGCGCAACCTTTGGCCTTCTCGGCTATCTTTTCGATCCCTTCGGCAAGGGGATAAACCATACCTCAGCGCCGATGTTACTGCTGGCCTATGTGACTTCGCTTCTCCTGTTGCCTTCTCCGCCAGTAGGAGGCCGGCAGAACGAAAGCCAGGCACTGAATGGGCCAGCGTGGTCCCTCATGCAGGAGTATCTCGGAAATATTGCGTACGCTCTGATTCTTCGCCGACTGCGTGCGCTCACACTCGGAATCATCTTCGGAGTCTCCGGACTGCTGCTCCTATGGACCGCTAATATGAAAGGTTCGCTGGATGGAGGCTGGGGATATCCGGAGATCTGGATGGCACCCCTGCGGCTGACCGTCTCTTTTGTGATGGGTCTTTGGCTGTACCGTATTCAGGCTCGTATCCGCCGTCCTAAAATTGGCCTCCTGATTCTTTCGATTCTTCTTGTGGTCATCTTTCAGGCGCCGAAGTTTCCCAACGCAGGCGGGCTTTCTTTCAATGGTCTCTATGATGCTGCGTGCGTGCTGTTCTTATTCCCGCTCATCATTATTTGTGGCGCGCACTCTGATGCCGGTGCAGGCATGATGAGGTTGTGCAAGTTCAGCGGCAGGCTCTCCTATCCTCTCTACATCACACATATCGCGTTCGTATATATCATTGCGAACTTCGCTCATACGAGACATCCGTCCAGGTCCGTGCTGCTGACTTATATCTTCTTGCTTCTGCCCTTCGTGATTGCTGTAGCATGGCTAGTTCTTAAGTACTTCGATGAGCCTGTCCGTGCGTGGCTGACCCGCCGCTACGGTATAAAACGAGCAGCAGCATAATGCCCGAAATAATCACAGCATAGAAGCCGATTTATTTTCAGAAAACGGAGGACGAAAACATGATGTTGAAGAAATATTCTGCAATCACTCTTTTTTGTGTCGCAGTCTCTGGTGTCATTGCCGCCGGGGCACAGACAAGTCCCTTCAGTGCTGAAGCCAAACAGAAGGCCGAGTCTCTCCTGAAGCAAATGACTCTCGACGAAAAGGTCGGTCAACTCAATGAATCGTCCGGTCTAGTGGCGCCTGGCATCGCTAAAGAGAAACCAGACGATCTCATTGCCAACGGCGGAGTAGGCTCGATTCTTTGGCAGATGGACGTCAAGGAGATCAATCGCCTGCAGCATATCGCGGTCGAAAAATCACGTCTTCATATTCCAATCATCTTTGGCTTTGACGTGATTCATGGATATCGAACCGTCTTTCCAGTACCGCTGGCGATGGCCTCTTCGTGGGATCCCTCGGTCGAGGAGCAGGCACAACATCTGGCCGCACAGGATGCACGCGCTGCCGGGATTGATTGGACTTTTACGCCGATGGTCGATATTGCGCGTGACGCTCGGTGGGGTCGCATCGTGGAAGGTGCCGGAGAGGATCCAGTTCTCGGTTCCGCAATGGCTCAAGCACAGGTCCGCGGATTTCAAGGCACGAAGCTTGGACAGAACAGCGTACTGGTGACCGTAAAGCATTTTGCCGGCTACGGTGCAGCCGACGGCGGCCGTGACTATGACTCTTCCTATGTGCCGGAAGAACTGCTTCGCAATGTTTACCTGGTTCCTTTTCACGCAGCGGTTCAGGCCGGGGCCGGTGGAATCATGAGTGCCTATATGGATCTGAACGACGTGCCGGCGACTGGCAACCATTGGCTCCTAACCGACGTTCTCCGAAAGGATTGGGGGTTCCAGGGCATTGTGCTTTCGGATGCCTTTGCAGTCGGAAACCTCGTTACCCATGGTTACGCGAGCGATAGCGAAGATGCGGCCTATAAGGCGATCACTGCGGGCCTGAACATGGATATGGCGAGTCTCACCTACACACACAATCTTGCAAAGGTAGTGAAAGAGGGCAAAGTCAGTGAAGCCTATATCGACCAGATGGTGTTGCCGATTCTGGAGGCGAAGTTCGATCTAGGACTCTTCGAGCATCCCTACGTCGACGAAGCTAGTGTCGATGCGGTCCTGGACCGCTCCGAAGGTATCGCGCTCGAGCGCAAACTGGCGGGGCGTTCCATGGTCCTGCTTCGCAATGAGAACCGCACTCTTCCCCTGTCGAAGGGGCTGAAAAAGATTGCTGTGATTGGCCCTCTCGCAGATGCGGCCCATGATATCGAGGGCGGATGGACGGTGGAGGGCCTCTTCGGAAAGGGGTCCAAGAGTCGCCCGGTGACTGTGCTTGCCGGTATCAGGAACAGGCTGGGTTCCGATACGCAGATCACACTTGTCGCCGGGCCGCTGCCGTCGAAGGTTTATACCGGGATGTTGGATCAGTTTCTAGGTACGAAGGCTTTACCTCCACCTACTCCTCAAGAGACCGCCGACTGGATTGCCAAGGCCAAGGCAGCGGCCGCCGACGCTGACCTCGTCGTGGCCGTCATGGGTGAAACGGCGAACATGAGTGGCGAAGCAGCTTCGCGAGCCAGCCTGGATCTGCCAGGAATCCAGGAGCAGATGTTAGAAGCTGCTGTTGGCGTTGGCAAGCCGGTGGTGCTCGTGCTTGAAAATGGCCGCCCTCTCGATATTCACTGGGCCTCTGAACACGTGCCGGCCATCCTCGAGGCCTGGTACCCAGGTACACAAGGTGGCAATGCCGTAGCCGACGTACTCTTCGGAGATGTGAATCCTGGCGGGAAGCTGCCGGTAAGTTGGCCGGGCGCG
CP003130.1_gap77	3257246	3262152	4906	TCATAGGCTGTACAAATGGGCAAGCCCTTGTAAGTAGGGTATGGGTATGACAACTACTACAATCGATCAGTTCATCCAAGACCTCCGCGAAAACGTTGAGGGAAAAGTTTATGGTTCAGCTGATGAGTCTTTCGGATCTCTCGTCAAAGTCTGGAATGGAGCGATCAGTTCCAAGCCGTCTGCCTTAGTCCGCTGTGAAAGCGTATCTGACATTCAAGAAGTCGTTCTTCTCGCATCACACTATGGAATTCCCGTCTCTGTTCTCGGTGGTGGCCATGATTGGGCCGGACGAGCCTTTTGTGAGGGTGGAGTGGTGATTGATCTGCGATCTATGCGGGATGTTCGGCATGATCCAGCGAGCGAAATTGTCGAATCGCAGGGAGGAGCCACTATCGGCGATCTGCTTGCCGGGCTTCCTGATGACACCGTTATCGTCACCGGAACGGCCAAGCAGGTTGGACTGGCTGGTTTCACCATGGGCGGTGGTTACGGCCCTCTGAACGGGCAGTTCGGTCTGGCTTTGGATAATCTTGTTGAAGCGACTGTCGTCCTGGCAGATGGTTCAAGCGTCACGGCAAATGAATCGGATCATGCAGATCTTTTCTGGGCGATTCGTGGTGGCGGTGGAAACTTCGGAGTACTTGCTTCGCTTAAGACGAGAACACACCGCCTGAGTGAGGTTCAGGCTGCCTTTATCCTGTTTCCAATATCCGAAGCTAAGACGGCCCTGGGCCGCTATCAGGAGATACTGGACAATGCTCCAGATGAATTGGGTTTGATGACCGGCTTCCTAACGGGCCAGGACGGAAAACCGATGCTCTTTATCGCGTCGCACTGGAGTGGGGACAAGACGCAGGGTGATGCCCTGCTGGGTCAGATAACAAGCCTGAAAGGCGCTATCACGGTCAGTCATGGATCTTCACGCTATGCCGATTCCATGGGTATCTTCGATCCATTAGTTGTGAATGGCCGACATCATTACATTGAAACCCGCAACCTGGATCGTTTCAATGTTGAATCGATTGCCGCGCTTGTTGACGGGGCAGAACAGATGAGCTCTCCGTTCTCAGGGATTGTTATTCACGATTTTCACGGCAAAGCAACCCGCGTATCTCCGAATGCGACTGCATTTCCCTTGAGGAAGGCTCATTTGGTTGTGGAGATCGTCTCCGCCTGGGACAAAAGCTCGGAAGATCTGGATGCCAAACATCGCAACTGGGCTACAGCTCTCTCGCAAAATCTGGCGCCGCACTCTCTTTCCGGCGGCTATGTAAACCTTCTCACCGATCAAACGCGCGTTGAGCAATTCTATGGAGAGACGGCAACGCGCCTTCGCGAGGTCAAGCGCCACTACGACCCGAACAATATGTTTAGGTCGGCACCTGGATCAATCTACCAGTCCGAATAACTGCCATGGAAGTTGTTGCGGTAGATAGCTCCTATGTTATTTGAGCTATCTACCGGACAGCTCGGTCATCGTTATCCAAGAAGGTTCGCGCGGTATCGGCTGGGTGTAACGCCTACTACTCTACGAAATATGCGGGACAGATGATGCTGATTGGCAAATCCGCTGCTCAATGCAATTTCAGTCAGCCCGAGGCGTCTATCCCGCATCATCGATTTAGCTCTCTTGGTGCGTAGCTCCAGGACGTATTGGTATGGACTTTTGCCCGTGCTTTGACGGAAGCTGCGGATCAAATGCGAAGGGCTCATTCCAGTTTCGCGGGCAAGATCGTCAAGACGGATGGATTCAGTAAGGTTCGCTTGAATAAAGTCGATACAGCGCCGGAGTGTCGACGGTGCCAAGCCGCCTGTCAGGGATACCTTCAGGGGCAGCGTAGCTGAATATCTATTAACGAGATAGGACGATAACGCTGTAACCATGCTGTCGAGAAAAAGAGCTCCGGCCTGAAAACGATCTCGTCTTTGTTGCAGCAGGATGGTCGTCATCTGGAGTAGCGTCGCATCTTCCAGGATGTCGAAAGTCATCAGCTCTACCCTTTTGATTCCGCAGTCTTGCAGAACGGGTGCAAACAAATCCTCGTTGAGCGTTATGTGCCCAAAGGCTGTCTCCTCTGCGAATTCAAAGACTCGTGAATCATTCATCCGGCAGATAGAGATGTTGCCAACAGGCGTATTCTTCGGATACTGAGCAGTAGGCTTTACCTGAACTGCTGAGGTCGGCTTCAACGTAATAGCCAGACTAATTTGCGAGGAGGCTGGAGTCTTCCATTCGCCAGCACTCACCGCAATCTCAGAGATCGTCACATTTGCGTCTCTATCCCTGAGACTATTCATCTTTGTTTCTGATGAATCGAGCATGTTCATACAGTGAAACTCCGTCAACTTGATGGCCGATGCACGCGTGTCGACCCACCCTCCTATTGGATGAAACAAATAAGGAGACGACTCTCTGGATCCAGCGGGCTACCGCGGAAATCTTTGGCATATCCAACCAAACCCGAAGAGTCTGGACGGCAATCTACCATGTGGACCGCCGACGATTGCTTCTTGCCAGCACTCTCAAGAAACAACCCCTCCAGGGACAAATTATTCCCCTCTTTATCGAGAGGTTGCTCGGTTTTCGTCGAGCGCCTCCCGTCCTATCTGCAGGAATGAAACCTCTCCGACAGGCCCTTGGCGAAAACACTTTTAGTGTGAGTCCGGAAATGAAACTTCTCGGCTAAACCCTTCAGCGAGAATCGCCCTCTCATGGCGATTTCAGATACATCGCAGATCAGCTGCGCGTGTAAAAAAACTACATGGAAAAGATCGATACAAATACGACCGCCCCCGTTGACGACCGAGGCATGGCGCGCCTGCTGGGAAGCGATACGTGGACACGTTGTGCACCATTGCTCACAGACGCTGGAGCTCAATGCTACGAGTTGTCACACATCCTCAGCGACACGATGCCTTCATCGCCCTTCGCTCAGGAATTGAAAGTTGCGGCAAGTCCTACGACGGGAATCCCGGGAACCCGGCATGTTGGAAATAAAGAGATGCTGACGGGCGATTTTACTCAGCAGGGCACGCATTTAGATGCACTCGGACATTTTGGGGTATTGCCGGAGGTGTGGGCCGGGCTAGAGCCACTGCCCCTCGCTGACGCAACTTATCATGGCGGGCTGACGCAGGCTGAGGTGAAGCCGGTGCCTGAGAAACGGTTGGCCCGTTTGGGCGTTGAAAACGTACCTCCAATCTTTACCACCGCGATCCTTCTCGATGCAGAGCGGGAATTCGGCGCGGGTGCTCCTCTATCTGCGGGCTTCTCGATTGATGCCGAGCACATTGAGACGATGTTGCGCGCTCAAGGCCTCGCGCAACGGGGAATACGTCCCGGAGACGTTGTCTATATCCATACCGGCTGGGGTAAATTCTGGGAGGACCCTGTCGCTGAAAACTCGGATTATTATCGGAAAGGCCCTGGACTGGGGTTCTCCGGCGCCGAGTATCTTGCCAGCAAGAATGTCGTGTTGGTCGGGCTGGACAATCCCTTTACCGATCCAGTGAATGGCGGCCAACTGAGTGGTCTCGCGTCGCCACCTGCGGATATGCCTGAAGGTCTTCCCTTTGGAACACATCATTTCAATCTGGTGAAAGCGGGCGTTTTGCAGATGCAAAATATGCGACTTCATGAGCTCGCTCGAGATCGTGTGTGGATATCCTGTACCGTTATACTTCCTCTCCGCTTAGAAGGTTGTTCTGGATCCCCTGTCCGGCCCATTTCCATCGGAAAGCCGTCACTCTAGTTGGCAGATGATTAGTCTCCTGTACTCAAAAGCACAGGACTATTTTCAGCCTGGTTGTTGTGGCAATCTGGTGAGGAGGGAACATGTCGAAGCTAACGAATGATGTTAAGTGTGAAGTCATCAAGCGGGTAAATCATCCTGGACAATCGGTTGCACACCGCTTCGATCACCTAGAGCGTGTCATGCGGAACGCCCGTAAGATTGCTGCAACCATCGAAGGAGTGGATTACGAGATTCTCGAGCTCGCTGTGCTCTTACACGATGTTGACCAACCGGCTGGAAGGAAAGCTGAACATGTGGAATTGAGCTTGCGAGCTGCAGAGGAAATTCTGCGGCAAGCAGGTTGTCCTAGTGATCGGGCAAACGCAGTTCTCGCGGTGATTGCTGAACATTCCACGGAGCATGTCCGTACTGTCAAGCCATCTACAGATGAAGCAAGAATTCTGTTTGACGCCGATAAAGTCGATGGCCTGGCGGCGATGGGTATCGCTCGTGTCTTTTCACTATTCGGACAGATGGGATTCGCACCTTCTGACGCAATACGGTGGTATAGGAACAAGATTGAAGTTGCTTTGGAATATATACAGACCGACGAAGGACGCAGACTTGTTCTGTTGAGATTGCCCTACGTCCAACAATTTCTCTCTGAAATGGAATTAGAAGCTGGAGCAGGCGCGGATATTTGGGAGTCGTGATTCAAGAATAGTTGCGCCTCATGTAACAAGGCTTATGCTATGCCAGTTTCAAAATGCGAATAAGTTGAGAGGCCCCCAGGGCAGAAGATCTCAACCAGGTAATCCTGGTCGGTAAGCTATTCCATCACCACGACCAAGGTGCGTTGAAGATCGTCATCTGCTACGGGCGCGGTGTCGACGGAACGAACAAGAATATATGTCAGAAGTCCGGTGAGAGTAGCCACTGCGGCTGCAACCAGGCTTGCCGCAGCAAATCCTCCCGAGAACGCTGCCCATCCAGCAGCGTGAACCTGCGCCTGAAGTCTTGCGGGAACGTCGGTCATCACGCCTGTCAGGTCGCCTGAGGCGACCTGCTTCGCGGCACGGGCCGCAAACTTTGGCTCAAGTCCGAGAGTTACGCCTGCGCTAATGAATTGGCGCGAAACAACCCGAGCCAGCACCGCGCCAAGCCCTGCAACC
CP003130.1_gap78	3386922	3389018	2096	CTCTCCCGCCTCACCACCGCCGAAGAGATCGACCGCGCACTCGAGATCATTCCAGCGGTAGTCGCACGCCTGCGCTCACTCAGCTAAGCCAGCGTTGCCGTTGCTTTTCTAGTTGTCATTCCCGAAGCGAATCTGCTTCTACTTTTGCTTTGGCTGCTGTCGGCAGTAGGTCAGTTCGAAATCTGATCAAGAGAAAACGCCGAGGTGCAGTCACTCGGCGCTCCACAATGCCAGGGCGGATTCGAACCGCCGACCCCCAGATTAGCAGTCCGATGCTCTATCCAACTGAGCTACTGGCTCAAAGCGGCGCTACCCGCAACATGATTTTAGCAGTCCGACAAGCTCCTCTTCTCTAGCGTGTTCGTTTCGCATCCATGCTTGCATCGTCCTCCGGCTTTGATCCGAGCCGCCCCACAGCAGATTTCAAATTGACCCACTACCCTTTGTCGTTGCTTTTGCCTTTCGGGTTGTCATTCCGAGGCGCAGCCGAGGAACCTGCTTCCTCCCGTTCTTCTCCCGCACCTGCAAGCCCTAAAATCGAAGCCACCAACAAGGGCCAACAGCCCGCTTCATCCCAGCCCTGGGTTACGCACGAAACAGAAGTAGAGGGCTGAAAGCCCGACTCATCGATGCCACCACGATGAATCGGGCTTTCAGCCCTCTAAACCTCTATAGGCTCCGTACCTGGGGCTTCACCCCAGGCTGGTATAAGCCGGGCCGTTGGCCCTGTGTTGACCTCACAGATACCAGGGAATATTCACCACAACGATCCGCTGATTGCCCTTCAACAACAGCATCAGCTTCAGCAACTGCACGCGCTGATTGTGCAGCAGGTTCTCCCACCAGTGCCGCACCACGAGCTCCGGCAGCAGTACCGCAATCTTGCGTCCTGGATTCTCGTCCTCCAGCTTCAGCACATAGTCCATCAGCGGAGACAGGATCGTGCGATAGCTGCTCTTCACCGTAATCAACTCCGGCTCGGCCATATTGTGTTCGCGCACCGGCTTGATCACCATCTTGTCCCAGACACAACCCAAGGCATCCGAATCGTCGCTGTCCACATGGACGACCTTCACGATCGGGCTCATCAGCATGCCGAAGCGCATGGCCTTCTCGGTGATCTTGTCCCACCGTGCCATCGGGATCACAACGATAGGCGGTTCCAGGCCCGTGAGCCGCAACGGCGTCGGGTCTTCCGTCTCCATCTTGACTCGCACATAGTGCCGCTTCACCATCATCATGAGACCGATGAGGAAAGGCACCAGCAGCGCGGTCACCCACGCGCCGGCCATGAACTTCGAGGTCAGAACGACCAGCAGCGTAATGCCCGTCGCCACCGCGCCCAGTCCATTGAGGAACATCTTGATGTGGCGATGCGGAGCGTCCTTCTCCTTCACCCAGTGCCTGACCATGCCCGCCTGGCTAAGAGTGAACGCCAAAAAGGCGCCGATCGCATACAAAGGGATCAACCTGTCCGTCACGCCGTTGAAGATGATCAGGATGATGGCCGTAAAGCCAGTCAACGCATAGATGCCGTGCGAGAACAGCAACCGCCGTCCGCGCAGCAAAAATACATGCGGCAGATAGTCCCTGACGGCAATCGCACGCGCCATGCGCGGAAAGTCAGCAAAGGCCGTGTTCGCGCTAAAGGACAGAGCGGCGAGAACCGCGCCCATCGTAAGGAAGTAGAACCAGCCACGTCCAAACACCGCCGCTACAGCAATGCTCAACACGCTCTGGAAGTTGTGCGCATCGGGATCCATCGCCGTAACCCCATAAGCACGGGCGACGTAAGACAATCCTGCCAGCAGGATGATCAGGATGCCGATAATCACCGTCAACGTGCGATTGGCATTCGTCGAGCGTGGCTCCTTGAACGCCGTGGTGCCGTTCGACACAGCTTCCACACCCGTCATGGCCGCGCACCCGCTCGAAAAAGCCTTCAACAGGAGAGCGAAGAGCAGCCACGTTGAAAGGTGTGGAAGGACCGTCACAATGGGCGGTGGGGGTGCCAGGACCGCCACCGGATGCCCTCCGCTGACCACGCTGCGATACACACCAACACCGATGGTGGCCAAAATCGTGCCGACAAAGAG
CP003130.1_gap79	3543121	3545187	2066	AAGCCCACAGGCCTGAGCGACGACGGCGGGATAGTGATCGTTCTTCCCTCAGGGGCACGAGGGTCTCTTAGCAGAATGGAGATGCACTTACTCGCCAACAACTCATACAGCGTGAAGACGACGTTGCTGTCACCAGAGATATAGAAGCGCAATGAAGAGATACCGAGTGCCCCAGGCTTAACATCCTTGCCACCGCGCAGCACCATACGTAAAGCCGCTGCAGCACCTGCAATCCTTACCGGACGCGGCAACTGTTCGGGCATACGCCAGGAACATTCCGCCACGGTGATTGGCCACAGTTCGACCGGGTAGGTGGTGCGAAAGCGGCACGTCATACCATCCACGTTTCTTCGCGTATTGAGCATCGTCCCCTCAGGCATCATCAGAGAGGAACTTTGTTTGCCAGCACTCTCAGCCTCGATCTGACATTCCACAACGGTCATCGCCGGAATGGGCCGCAGGTAATGCGGATAAATAAGGTTGAGGAGAGAGGAGGTCAGCTCCGGCAGATCGTCATCCAGGCGCAGATGAAGCCGGGCCGCCATAAAGGCGAATGACTCGATCAACCGCTCGACATGAGGGTCTTCGCAGCGATCCGGTTCGAGCAGCAGCCGGCTGGCCACGCGTGGGTACTTGCGGCCAAACTCCGCCCCCATATCACGGAGATAGGCTAGCTCGCGTTCATAAGAATCTAGTAACTCAGGTCGCATAGTTTCAATCCACCTGATATTCGCCAGTAGCGAGATCCAGTACGGTGTCGAAGGCGATCTCCTCCGGCAAAGGCTTCATCTGCATGCGAGCGCCAATGTGGAAGCGCAGCTTCTTTTTCTGCAGGTCTCCGTCTTCAAGGCGCACCTGCACTTCTTGCAAACGTGGCTCAGAGTGCTCCACCATCTCGGCGATTCTCTGCTGCAGGCGCTTCTGATCATCGGTTGAAGCGAGACTAAGCGAGCCAAGATCCAACAACCCGTAATAAAGAACCGTATTACGAGCAAGAGGATAGCCTTCAATACCTTCGATAGGAGGGCGACGCGTATTCAGCAGCCATTCAAGATTGCGTTTGATGCTGTCACGTAAAAATCGAATGGATTGCGCGCGGGTCGTTGGCCAGTCTTCAGTCGTGCTCAACCGGTCAAGTACAGATTGCGTTACCAATAACTCAGGCGCTCGTGCCATGTTCGTCTCCTTTCTTAGCTCTGTGCGGGTGGGGTAATGGCAAGCGCAACGCTCGGATCGATGGCGCACAGCCGCGCAAAGAGTGGGGCAGCGTCGAGCGTCACCGCGGAAGCACACTGCAGCAGCAGCACATAAGGCTTTGCGACGATCCCGCGTGGCTCCCAGCTTTCAAGCTTGCGGTCTTCCACTTCGCGTATAAGCTCCTGCAACATCGGCACTGCAACAGCACTATTGCCGCTCTGCAGACACAGCTCTGCGATCTGCAGGTTGCGGCTGTATCGCAGACGCCCAATCGATTGATGCTCCGCATCGCGCGCTAACATCTGAATAGCACCCTGAACCTGCCCCCTGGCAGCAAGCTCCTGAGCCGTATGGAAGAGGTCTTCTGCCTCTGCCGCGCCGGAGGACTCGCCTTCAGATACCAGTGCGACCACAGGCATGGCTATCGCAACAGGAGCTGCTGCCGAATGCTCCTCCTCATGATTGCCGTGAGCTATAGGAGGAGCAATCTCTTCTGCAAGCCAACGCATCGTCTCTGCATTTGCAACCGGTGTATCGTCATTCAACGTCCATTCCCGCAGCTCTGGCAATTCACGCAGTATCTGCTGCATCGCGACGGCGATGGAAAGCTGTTGCGCCTCCCAACCCATGGCTCTGCAACTTGTCCAGAGGTAACGATAAAGATCAAGCCATCCGCGGCCACAGGGAGTTCCAAGCGCTTCAAAGCTCTGGCGATGCAGTTCCAGCCAGTCCCCAGAACCAGCTACTCCTTTAAGGGCCTGCCTCAACTCCGAAGAGGGAGCTATCAGGTATTCCATCTGCCGACTTACGGAAATCCCACGCAACTCAGCGAGACGCATCGAGCTTCGTAGCAGAAATGGCAGAGGGCT
CP003130.1_gap80	3560712	3565250	4538	GCTGGTTCCCACGTCGACATACTGGATTCCCTTCGGAGCTAGTTCCTTGGCGCGCCGAATATCATCGATGTAGTAAGAGTTCCCTCCGTCGATCAGGATGTCGCCAGACTCCAGGTGAGGAGCGATCTCGGCGATGGCCTTCTCCACAACGCCCGCCGGAATCATCAGCCAGATCGCACGTGGCTTCGCCAGCTTGCTCACCAGATCCGCCATAGAGGAAGCTCCCGTGACGCCCTTTTCCTTCGCCAGTTCTTCCACAACCTTCGGCGACATGTCGAAGACCGTGCATTCATGTCCATGCGCGACCAGCCGCTTCACCATATTCGCGCCCATTCTTCCCAGTCCTACCATTCCAAGTTGCATCTGATCTTTTCCTCTTCCCTTCGTCTGGTGGATCGTTGAACATCGACATGCGTCAATCGTGATCTCACATGTCCTGCTGCAAATTGAGTACGCGGATCGTAAGATTTCCCGCCACTATCTTTCGGTTGGATGATACAACGTCGCCTTGTTCTGCCTGTAAGACGCTTCTTTACAACAGTGCGATTATGGGAAGGATTTACCCGCAAACTGGCTTATTTGGTTTAGCATCGTCCCAGACGCATGATTATGTATTCAAGTGCTTTGAACATTCAACGCATGCGGGGTTAAACTGCTTTGCCACTCTTCTCTAAATGTCCGGCAACAAGCTCCAGCCAGGGCGAATTCCATCGCTCCGCTCGCAGTCTTGTCTTTGCCTCCGGGATTGCGGCTTTCGGCACACCTCTCTTTGCCGTCACAGCGTCCGCACAGTCTCCCACCAACATCTTTGCGCCCGCCGCGACACCAGCGCATTCCATCTTCGGACTTTCGATGCTGGTGCTTTCGGTTACCTTTGCCATCTTTCTTATTGTCGGAGGGTTGCTGCTCTATGCGTTGATTCGCTACCGGCATCGCCCCACGGACTCCGAGCACGAACCGGCGCAGATCTATGGCAGCAACCAGATTGAGCTCTCCTGGACGGTCATTCCCATCCTGATCGTCGTGATGCTCTTCCTGTCCACCACGCGTGTCATCCTCAGGACCGAAGCGATTCCCAAGCCCGACAACACCATGGATGTAACGGTGATCGGACATCAGTTCTGGTGGGAGTATCGCTACCCGAAGCTGGGAATCGTCACGGCCAACGAGCTTCACATCCCCATCAGTGATAAGACGAGCCCTAAGCCGACCTATCTCACGATGTCGTCCACCGATGTGTCCCATAGTTTCTGGGTACCGCGCCTGGCAGGAAAGATGGACGTTATCCCCAACCGGGTCAATACCATGTGGATGGACCCCACCGAACCAGGACTGTATCTCGGCCAGTGCGCCCAGTACTGCGGAACCCAGCACGCAAAGATGCTGCTGCGAGTCTACGCGCAGTCCCCTGAAGACTTCGAGGCCTGGGTTAAACAGCAGCAAAAACCCGCACAGCATGAGTTCCCCGGCAATCCTGCCGCCACCGAAGGACAGACCGTATTCATGCATAATGCCTGCATCAACTGCCATACGGTCTCGGGGTCAGCAGCGACAGGAAGGTTTGGGCCCGATCTCTCCCACCTTGCCAGCCGCGACACTTTTGCCTCCGGAGCGGTCAAGAATACTCCGGAAAACCTGAGGAAGTGGATCGACAATCCAGATTCGATGAAACCCGGTTCGTTGATGCCGCCCATGCACTTGAACGAACATGATCTGAACGTGATTACCGCCTATCTCACAGAGCTTCACTAGAAGGAAGCGCAGCATAATGGCAACCCCGGTGATGGAAGCAATCGATCAAACGCAGTCTCCCCCGCAGGGCCCCCCAAGGCCGAATGTGATCTATGCGTGGCTGACAACGGTCGATCATAAAAAAATCGGCCTGATGTACATCGCCTACGCGCTGGTGTTTCTCCTTGTCGGCGGCGTTGAAGCGGTGTTGATGCGCATTCAACTCGCGGTTCCCAATAATCATTTTGTGTCGCCGCAGGTCTTCAACCAGCTCTTCACCATGCACGGCACGACGATGGTGTTCTTCGTCGGCATGCCGATCCTGTTCGGGTTTGGGAATTACCTGGTTCCCCTGATGATCGGAGCCCGGGACATGGCGTTCCCACGGCTCAATGCGTTCAGCTTCTGGGTCTCCGCCTTTGCCGGACTGCTGCTCTACTTCAGCTACTTCGGCGCAAGCGGTCTCTATGCCGCCGGTTCAGCGCCGGACGTCGGCTGGTTTGCTTACGCGCCCCTTACAGCCAAGGTATTCTCCCCCGGTCACAGCACGGACTACTGGACACTGGCGGTCTTTCTGAGCGGTGTCGGCTCAATCGGCACGGCGCTCAACATCGTGACCACCATCCTCTGCATGCGCTGCAAAGGGATGAAGATGAGCCGCATGCCCCTGCTGCCCTGGCTCTATCTGGTCATGGCAAGCCTGGTCTTCGTTGCAGTCAGCCCCCTGACCGCCGCGCAGATCATGCTGACCCTGGACCGCTACATCGGTTCCCACTTCTTCGACACGCAGGCAGGCGGCTCGGCCGTACTGTGGATGCACTTCTTCTGGATCTTCGGGCACCCCGAAGTCTATGTACTGGTGCTGCCGGCGTTCGCGTTCGTCAACGAGATCGTTCCTGTCTTCTCCCGTAAAGCCATGTTCGGCTACCCGGCGATGGTGGCGGCTTCGGTCTCCATCGGCTTTATCAGCTTGAGCGTATGGGCGCACCATATGTTCACCGTCGGCCTGGGCCCGGTCGGCAATACGTTCTTCGTCTTTGCCACCATGGTGATCTCAGTGCCGACGGGGATCAAGATCTTCAACTGGTTGGCGACGATCTGGGGCGGGAAAGTCATCTTTGCGACGCCGATGATGTTCTGCGTCGGCTTCCTCTTCCAGTTCCTGATCGCCGGGCTTACCGGCATCATGCTCTCGGCCGCCCCGTTCGACTGGCAGTTGGGCAACTCCTACTTCGTGGTGGCACACTTCCACTACGTACTTGTAGGGTCGATCCTGTTTGCGATCTTTGGGGCCTTCTACTACTGGTACCCCAAGGTAACAGGCCGGATGATGAGCGAGACGCTGGGCAAGTGGCACTTCTGGCTCTTCATCATCGGCTTCCACCTCACCTTCGACTTCATGCACGTCCCGGGATTGCTGGGCATGCCGCGCCGCATCTACACCTACGAAGCAGGCCGAGGCTGGGAGTCGTGGAACCTCATCGTCAGCATCGGAGCCATCTTCCAGGCAGCCGGCATTCTGGTCTTTTGCTACAACATGGTGCGGTCTTACTACAAAGGGAAGGAAGCCGGACACGATCCCTGGGATGCGTGGACGCTGGAATGGTCCACGCCCTCTCCCCCGCCCGCCTATAACTTTGCTATTGAGCCAACGGTCAATAGCCGCCGCCCGTTATGGGACCTGAAACATCCTGAAGATCCTGACTCGGACTACGAATGATGAATACATCAAGCACAATTCCCGTCGCCGGCTCGAGTGAAACACCCTGGACGCTGCCCTACCGTGGCACGATCGGGATGGCCTGCCTGATCCTGGCGGAAGCCGCGATCTTCATCATCTTTGTCGTCGCCTACATCTTTTACATCGGCAAAAGCCTCAGCGGGCCGACCCCGGCGCAGGTACTGGAGCTGCCGATCTTTGGCACCATCTGCCTACTCTCGAGCAGCATCACCGTCCACTTCGCCAGCAGTGCGCTGCGCAAAAACAACCTGCGCGGCTGCACAGCCTTTCTGGCGGGAACCGTTCTGCTGGGAGCGATTTTTCTCGTTACCACAGCTCTGGAGTGGCATCACCTTATCTACGATAAGGGCCTGACCATCCAGACCAACCTCTTCGGAACGACCTACTACTCGCTCGTCGGTCTGCACGCGACCCACGTCATTGTGGGTCTCATCATGCTCACGCTCACGCTTCTCTTCGCCTTGACCGGGCACCTTAAAGAAGAACATGAGAAAAAACTCGAAGTGCTCTCTCTTTACTGGCACTTCGTCGATGCAGTCTGGGTCGTCGTATTTTTGGTCGTCTATGTTTTGGGTAGATAGTTTGTTGATTTTTCAGGGACCGATTTTTCAAGGACAAGGAGGAGCGCTATGCAACAGGACAACCTGATAAACCAGCACGAGCCGCATCATGGCCAGGAACACCATGACGACACCGTCCTCCTTCCAGCGCCAACGCCCTGGCCTATGGTGCTTTCGCTCGGCCTCGCGCTTTTGATTACCGGCATGGTGACGCATTGGGTCGTCAGCCTGCTCGGCCTCGTTCTGACGCTGCGCTCGATGGTCGGCTGGTTCTTCGATGTCTTCCCCCACGAGAAACATATCTACGTCCCAGTCCAGGCTGGAATCATCGAGATCACCAGCACTCGAACCACCCGCTCTCAACTGCCGGTCGGTGTCGATCATCGCAAGTTGATTCCGATTGAGACCTTCAGCGTTACCGCCGGACTCAAAGGCGGCATCGTAGGCGGTATCGCGATGATCGTGCCCGCGGCTCTCTTCGGCCTCATCCGGTATCACAGCGTCTG
CP003130.1_gap81	3566656	3568951	2295	GGCGCAGTTCTGGCCGTGCCCATCCTCGGCTATCTTCTGGGGCCTGCGCTGAAGAAGACCTCTGACGACAACTCCTGGATCAACCTGGGTCCTCTGGCCGATTTCCCCGAGGGCGAGACCCGTCTGGTCAACTACCGCAATCCTGTTACCACCTCCTGGGACGGCCAGACCGGCGACATTCCCTGCTGGGTTCGCCGCATCTCCGGAAATACCTTCCAGGTATTCGCGATCAACTGCGCGCATCTCGGCTGCCCCGTCCGCTGGTTCGCCCAGTCCCAGCTCTTTATGTGTCCCTGCCATGGCGGCGCGTACTATGCCGATGGCTCCCGCGCCTCGGGTCCGCCGGAGCGCGGTCTCTTCGAGTATGAGTACCAGGTCGTCTCGGGCAGCCTGGTCATCAGCGCCGGGAAGATGCCGACGCTCGCCAACCAGGCCAAGAACGAGTCTCCTCTGGTCCAGCTTGAAGGGGCCTCATCAACAGATGCTCCATTACCCAAACCGAGGTGCAGCTCATGTCAGAGCTAAAGCGACGCAGCATCGAGGTCTATAACTGGTTCGAGCAGCGGCTCGGGCTGGGAACCCCTGTCATTGAAGCGGCGGAGCACGAAGTCCCGGCTAACACCGCCAGCTGGTGGTACGTCTTCGGCAGCGCCGCGACGGTCATCCTGGTTCTCCAGGTCATGACGGGCATTCTGCTCGCGCTGGTATACGCTCCGACGGCGGGCCACGCCTGGAACAGCCTTGAGTTCCTCGACCACAACGTCAAACTCGGCTGGTTCCTGCGTGCCATGCACGGCTGGGGCTCCGACTTCATGGTCGCCATTGTGCTGATCCACATGGCACAGGTCTTCCTCTTCGGCGCCTACAAGTTCCCTCGTGAGCTTACCTGGATCATCGGCGTCTTCCTGCTCCTTCTAACCCTCGGCATGGCCTTTACCGGGCAGGTGCTGCGCTTCGATCAGGACGCCTACTGGGGCCTCGGCATCGGAGCCTCCATCGTCAGCCGCGTTCCCCTGATTGGCGCTCCTCTCGTCGGCCTGATGCTGGGCGGCCCGATCATCGCCGGTCCTACGCTCTCCCGCTTCTTTACGCTGCACGTCTTCGTCATTCCCGGTATCCTGCTGGCGATGGTCGGCCTCCACATCTGGATGGTGCTGCGCCTCGGCATCAACGACTGGCCGATGCCCGGTCGTCTCGTCAACCGGAAGACCTACGTCAGCGAGTATCACCACCTCACCGAAAAGACCGGCATCCCCTTTGTTCCCGATGCGGCCTGGAAAGACTCGCTCTTCGCCGCAGCTATCATGCTCGCGGTGATGGCCTGCGCCCTGTGGTTCGGCCCCTTCGGCCCCACCGGCCAACCCGACCCCACTATCATCCAGACAGCGCCTAAGCCTGACTTCGCCTTCCTCTGGATCTATGCGGTACTGGCCTATCTGCCTCCGAGCCTTGAAACTCCCGTGCTCTTCATTGCACCCATCCTCGGGATCGGAGCCATGCTCCTGTTGCCTCTCCTCTCCGGAGAGGGAGAAAAGCACTGGTCGCGCCGTCCTGTAGCTGTCCTGATGGTGGCCGTGATCGCCGTCATCCTGGGGGCCTTCACCCGCCTTGGCATGTACACGCCGTGGAGTCCGGTCATGAATGCCTGGACTAGCGACCCTATCCCCGCAGCCTATCTGAAAGATCGCACGCCTCTTGAACGAGAGGGCGCCCTCGTCCTGCAGAACAAGCAATGCCGCAACTGCCATTCCATCGGCGGAGCCGGAGGCATGCGTGGGCCTGCACTCGACGCTGTTGCCTCCAAGATGACGGAAGACCAGATCATCCGTCAGGTTCTGCAAGGCGGAGGTAACATGCCGGCTTATGGCAATGCGCTCAATCCTTCCGAGACCACCGCGCTCGTCCACTTCCTGACAACCTTGCGCGGCGACGATCTATCCCCTGCCATCGATGCCTCCCAGCATCTGGTGTCTTCCAGTGAACAGCCCGCAGGCCCTCCCAAGGAGCATTAGCTGTGTGTTTCCCCTACGCCCATGCCTCCTGAGTGCCGGGCTATCTTTGCAGAGTGGTCGCCGCCCATCTTTCTCACGACGGCGATCCTTCTTACCGCCATCATCTACACTCGCGGCTGGTTTGCCATACGCAAGACCCGGCCGGAGCTCTTTCCGTCCTGGCGGTTAGGCACCTTCCTGCTGGGCCTTGCGACCATCTGGATCGCGATTGGCTCGCCGATGGACGGCTTCGCCGATGCACTCCTCAGTGCACACATGGTGGAACATCTGCTTCTGATGTCCT
CP003130.1_gap82	3575961	3578188	2227	CGGCAGAGCCCATGAGATTAATGAGCAGAAGATCGGTACCCTGGTCTTTGGCCGGCCAGAAGATTACGACTCTTCTATTGATGGAATTGTGCGTACCCAGGCTAGCCGTCTGCGGCAACGGCTTGATCTCTACTTCAATGGGGAAGGTGCGGATGAACCTATACGCATCGTCTTACCCAGGGGAAGCTACGTCCCGCTCTTTGAGCGGAGGCTCCCTGCAGAGGCTATACCCGATCTTCCGCTTATTCCTGCTGAAAATCCGCCGCTCTTACCTCCGACCAAGCTCGGCACAATAGAGAACACAGGTCGCAGCGCAAGGCTCCCGTGGATACTGGTTACAATTCTCTCAATCGCGATCCTGGCCATCCTGATCAGAAACAGAGAGGTTTCATCCCGAGGGTCTTCGCCTATAGCACCACACCCACTCTGGAGCCTTCTCTTCCTCCCGGATCAAAGCACCATCGTCGTGCCGGGCGATAGTGCCCTGGTGATCTGGCAGGGGCTGATGAAGAAAAATGTAGGGCTGGCAGACTATCTCAGCGGAAATTACCGCAAGACAAGATCCGGAACAGATGCCACAGTCAGTCAGGCCTCTGCCGTCGAGCTAGGCAGCCGGCGTTATACTTCGATCGTTGATCTGGACATTGCCAGGGCTCTCTCCCACTTTGGAGACCTAAGGAAAAGTTCCGTTGAACTACGATATGCGCGCGATGTCAGGCCAAATGATCTGAAGCAAGGCAACGTTGTGCTCATCGGCGCCCCAGAGGCAAATCCATGGGTTGAGCTATTTGAGCCCAACATGAATTTTGTCTTTTCCAACGAACGAAGCCGCGAGATCTATTCCGTGCTCAATCGGAAGCCTGTTGGAACTGAGTCTGCAAAATGGGATTCCCAATATAACGACCCCCTGCACCGCGTCTACGGGGTTGTGGCCTTCCTGCCTAACCTGAGCGGCAAGGGTAATGTGCTCATCCTGGAAGGAACCTCGATGGCTGGCACCGAGTGCGCCTGGGACTTCGTTGCTGACGATTCGGTGTTATTGCCCTTCCTGAATCAAATCATGCGCGCCAACGGGACCATCCCCTATTTCCAGATCGTGCTGGCTACCAGCAATATGAATGGCAGTTCGGTCAAGAGCAACATCCTGGCCTGGCGCGTCACGAACTAACGCAAGGGCAAGCCTCCTTGACATGCTGCGAAGCTTCAAGAGTGGTCAGGTATCTGCGCAACCGATTCATTCAGTTCGAGAGTCTCAAACGCATCGGACAAGGCATCCCTTTACACTCGCAGCCAATGGTGAGTAGAGTCAGAGTTTCGGCAAAAGCTTAACCTCGCTTCGGCTGTCCACTTCCGCCGATTCTGCGACAAACTTCTATAATGGGTTGTCTGACAGGAAGAACCAGGAAAACTTCATGCAAGTGATTTCCAAGCGTTTTGGCGTGATTGGCGGGTTTGCGTTGATGTTGCTCCTGCTAGCCATCAACACCGTCACGACGAGGCATCAGCTGGCTATCCAACTCGACTCCCAGGCGTGGGTGGCACACTCACGGATGGTACTCCTCGAGCTGGCCAAAACGGAATCGCTGCTGAAGGATGCAGAGACAGGACAACGCGGCTTCCTCTATACCGGAGACCCTAAGTACCTTGCCCCGTATCAATCAGCCATTCACGAGATCAATTCACACATCGACAGGCTGGCACAACTGACTGCGGACAACCCGCAGCAGCAGGCCAGAGTCGCGACACTACGCGAGTTCTCCGATGCGAAGCTGAACGAACTCGCCCAGACGATCGCCCTCTACAAGTCGGGCAAAACAGACGCAGCCAAGGCATTCGTATTATCCGACGCTGGGCTCAAAAAGATGGATGATATCCGGAGTTTGATTGGTGAGATGGGACGAGAAGAAGACTCTCTCCACACCACTCGTGCTGCGGCCTATCGAAAGAGCATCCAGGGGACGATCTTTTCGATCTATCTGGCGAGTGCTGTCGCAGGGCTCGGCCTGATCTTCCTTGCTTATTACATCCTTCGCGAAATGGACCTTCGGCAAAAACATGCCCGGCAGCTCCTTGACCGTGAGGAGTGGTTCCGAGTGACGCTCACCAGCCTCGGCGATGCCGTGATTGCAACCGACGAGCTCGGCAGCGTTACCTATCTTAATCCTCTGGCGGAGCAACTCATGGGGACCACCATGCCTCAGGTTGTCGGACGCACCATCGAGGATGT
CP003130.1_gap83	3584666	3587069	2403	CGAAGAGCGCTTCGACTGGAAGGCCACCCTTGGCCCCCTGGTGGATCGCCCAACGCACAGAAGTCCATGGAACTATCAATCCTCCGATGGGCTGGGATTGCTGGAGTTTCTGGAGTGGACAGAAGATCTGAATATCAAACCAGTGTTAGCTGTGTACGCAGGCTACTCCCTGAAGGGAGCGCATGTACCTCCAGGCCCCGGATTGCAGTCCTATGTGAATGATGCTCTGGATGAGATCGAATTTGTAACAGGCGATGCCAACAGCACAAAGTGGGGCGCTGCACGCGCGAAGCTTGGACATCCGGCTCCCTTTCCACTGACCTACGTAGAGATCGGCAACGAAGACTGGTTCGATCGTTCCGGCAGCTATGAGGGCCGGTATGCGCAGTTCTACAAGGCGATTAAGGCCAAGTACCCGCAGCTTCAACTCATCGCAACCGCACCCCTAAAGCGCACGAAGCCGGATGTTATCGACGATCACTACTACAAGCGGGCAGATGAGTTCTTCGATTTCGTGAAGCACTATGACGACGCTGACAGGAATGGGCCGAAGATCTTCGTAGGAGAGTGGGCAACGCGTGAAGGGAGCCCGACTACAAACTTCGGAGCCGCTCTCGGCGATGCCGCATGGATGACAGCGATGGAGCGCAACAGCGATCTGATCGTGATGGCCTCCTATGCTCCGCTCTTCGTCAACGTGAATCCCGGAGGAATGCAGTGGGAGTCCAACCTGATCGGCTATAACGCGCTCAGCAGCTATGGAGCTCCCAGCTACTACGCACAGTCAATGTTCGCTGAATATCTCGGGACAGAGGTGCCGGCATCCACGATTGAAGGAGAGGGTCATCGCTTCTTCTACTCCGTTACACGAGACTCGGCTAAGGGTAAGGTCTACCTCAAACTCGTGAATGCGACCTCCGCACCAAAGCCGGTCCAAATCAATATGAGTGGAGCAGGCACGATATCCGCATCAGGCATGCTGATATCGCTCAGCGCGACAAATCCGGCTGAGACGAATACCATCTCTGCACCGACGAGAATCGTTCCAGAAAAGACAGGGCTGAAGAATCTGAGTTCTAACTTCAGTCATACCGTTCCGGCCTATGCGGTACAGGTTTTGGAGATTTCGACGAAGTAATGCTTTCCCAACCTGTTCGTGCTGGAGAGATCCAGCACGAACAGTAACGACACGGGACTCTACGCACCTTTCCCAGATCCTTGTCTGGTTCGAGGGACGAGGGCAGGCCTTCGTAATAGGCCAGAATTGCCAAAGGGAACAGCCTCCAATTCTGAAATGAATCTGCAGAACCTGCTTAGCCTGACGACCTAGTAACGGAGAACGCAGATGAGATACCAGATAACCGCCTTCATTTTATTTGCAGCTATCGCTGGATCAAGGGCTCTGCCTGCCCAACAGGGAAAGAGTTCGGACGTTGGCATAGCGCAAACACCCCCCATGGGCTGGAATAGTTGGGATTCCTATGGACTCACCATCAACGAAGCTCAGTTTCGCTCCAATGTGCAGGTTCAAACAGCAAAGCTGAAGCCCTTTGGATGGAATTATTCGATCATCGACGAAGGATGGTTTCTTCGCAATCCGCAGGACCGCCCGCATCCGGAACTGCTTCAGTTTGAACTCGATGCTTTTGGACGTTACATCCCAGTACCCGCGAGATTCCCTTCCGCCCTGGATGCCCAGGGTCGGAATGAAGGATTCGCCGCGATGGGCCGCTGGGTACACGCACAGGGATTGAAGTTCGGCATTCATATCGTGCGCGGCATTCCACGGGAGAGCGTACGGCAGAACCTGCCGGTAGAAGGTTCTGCGTTTCATGCGATCGATGTTGCCGACCAGACCGATGCCTGTCCCTGGGATCCGACCAACTGGGGCGTAAAGGACAATGCAGCCGGACAAGCCTGGTACGACTCTTTGCTACATCAATACGCTGCATGGGGTGTCGATTTCCTGAAGGTCGATTGCATCGCGGACCACCCTTACAGGATCAGCGAGATTCGCCAGATACAACTCGCGATCGAACACAGTGGCCGGCCAATCCTCCTTAGCCTGTCTCCGGGACCGACGGATCTAAGCCATGCAGCAGAGATTGGTTCGCTGGCCCAGATGTGGCGAATCTCCAATGACATCTGGGATGTGTGGAAGAGCGACAGACCCTTTCCACGCACGGTGGATAGCCAGTTCGCGCTGGCTGCGGCGTGGGCTCCCTATGCGCAGCCGGGAAACTGGCCGGATGCCGACATGCTCCCTTTCGGCGAGTTGCGCCCCAAGCCGGACGTAGGACCGGGACCCCGTAAGACCAGGCTGACGATCGATGAGCAGCAGACGATGCTAACCCTCTGGGCCATGGCACGCAGTCCGCTCATGCTTGGGGCTAACCTGACGAT
CP003130.1_gap84	3588419	3588935	516	CGCATGGCAGCACGCGCTCGCTTCCAATGAGCTTGGAGGACCGCACGGGCTTCGTACCGTCGAGCCGAGTTATCCTCGTTACCTTGCGCAATATCGATACGATCAGCCTACAGGCCAACCAGAGTGCCAATGGAATGGACCTTCGTGGCCCTTGCAGACCTCGCAGGCACTCACGGCGCTCGCCAACCTTCTGGACGACTATCAGCAGTCAAGCATCACCAAAGCTGATTATCTGCGGCTCCTGCGGCAGTACACGCAGCAGCATTTCTTATCTCCGGGACACCCGGATATTCAGGAAGACTACAACCCGGATACGGGCACGCCGATTGTAGGATTGCAGCGTTCACATCATTACAATCACTCGACCTACATCGATCTGATCCTGAGTGGGCTGATAGGTATTCGCCCCCGTGCGGACAACACGCTTGAGATCGCCCCTCTGCTCCCTACCGAAAACACCCGAGGGGAACCGCCGATACGTTACTTTGGCCTGCAGCATCTTGCGTATCACGGTCA
CP003130.1_gap85	3613137	3614082	945	CGCCGCTACAGCTTTGATCGCTTGCACTACGTCTCTTTTAGCCTGCGTCTCCGATTCAAACACTTCGCACCCGCAGAGAAGACTGCAGGACAATACGGTTCCAGCCCATGTCCGAAAGTCCTTCGCGGTGAAAGGCTGGTCGGTGATCTCCTGCAGATACGCATTTACATCCGCTGAATCCACCGTATGGTGCATTCCTTCGTGGTCGAAGTACTGAAACAGCTCATAACCCGGAATATCCTGACACCGCTGAACGATCTTCGCCAGCCGGCGATCGTGGATGTCTACGGTGTGATGGATGCCACTCTTGCCCTGAAAATTAAACGTAATCGTCGAACCATCTACCCGCACATGCTTCTCGCGCAGAGTAGTCAGCCCATACGATTTATTTTGCCGCGCATACTCGGAATTTCCGACACGGATCAACGTAGTTTCCATCAACCGCACAAGGGTAGCCAGGACTTTCCTGCGCGGGAGCCCCGGCAATGCCAGGTCTTGCTCTACCTGTTTGCGGATCGTTGGCAAGGTCGCGCCAAAGAGGAGCATCCGTTCGTATTTGGTTTCATCCCGCACCTCTCGCCAATGCGGATGGTAGAGACTCTGTTTTCTACCTCGGGCATCTCGGCCCGTGGCCTGTAAGTGCCCCTTTGCATGAGGACAGATCCAGACCTCGGACCATGCGGGTGGAATGACGAGTGACTTGATGCGGGCCAGAGTTTCAGCGTCGTGTATGACACTGCCGTTGATGTCGATATAGCGAAAACCGTGATGCCATTGTTTCCGTTGCAGGCCCGGCCTGGCATCGGAGACATACCTCAACCCCGCGGCCCTCGCTGATTCCACAGGATCCGCCAGCACCTCTGGTTTTTGTTTTTTCGCTGGCAATGGCTCCACCCTGCCCTATCCTGCTGATCCCTTTATGCAGCCTTTTAGCTTTACCTTACG
CP003130.1_gap86	3650751	3654235	3484	GCCGGATGGCGTCCTGCACTTCGCCGCCCTGATCGAAGCTGGCGAATCCATGCAGAAGCCCGAGATCTACTTCCGCAACAACACCGCTTCTACCCTCGCGCTGCTCGAAGCCATGCACGCCACCGGCACCAACCGCCTCGTCTTCTCGTCAACCGCCGCTGTCTACGGCGAACCGAAGTCCACGCCTATTGAAGAGACCGCCGCCCTCGCACCGACCAACGCCTACGGCGAATCCAAGCTGATGGTCGAGCAGATGCTCGGCTGGTTCCATCGCGTTCACGGCCTGCGCTACGCCTCACTGCGCTACTTCAACGTCGCAGGCGCACTCCCCGGACGCGGCGAAGCCCACGAGCCCGAGACTCACATCATCCCCTTAATCCTGGACGTCGCCCTCGGCCGCCGCGCCAGCATCAACATCTACGGTGACGACTACCCCACCCCCGACGGCACCTGCATCCGCGACTACATCCACGTCCGCGACCTCGCCGACGCCCACATCCTGGCCATCAAGGCACTGGGCGAACGCGAACGCATGATCCTCAACCTCGGCAACGGCAGCGGCTTTTCAGTCAAGGAAGTCATCGCCTCCGCCCGCCGCGTCACAGGCCACGCCATCCCCGCAGAGATCAAGCCCCGGCGCGACGGCGACCCGGCACGCCTGGTCGCAGGCTCCGAAAAAGCCAAGACCGAGCTAGGCTGGCAGCCGGAGTACCCGGAACTCGATCGCATTCTGGAGAGTGCGTGGGAGTGGCATAAACAGCGTTACGCCTGAGCATGAAGCGTCAATGGTCTTTCGTCATCACCTTGAGCTTACGACTCAGGATGACGACGAAAGACCATTGACGCTCCCACCCACACCTTGTTATCGTCTCTCTAAGCATTCATGGCGATGGGGTTCGCCTGCCGCTCCGCACGCGCGTAGCTGATGACTCCTACATCTCGTAGGAGGTCCGTTGTCCAAAACATCACCTAGCCCCTTCCTCACAGCACAGTTCGGCCTGCTGCTCGACCTTGCCCGCTGGATTCCGATCTCCGCAGCCATAGGCATTCTCGCGGGCAGCGCATCGGCCCTTCTGCTGGCCTCCCTCCATCTCGCGACCGACGTGCGCGAATCCCATCAGTGGATCATTCTTCTGCTGGCTCCCGCAGGCGTTCTGGTCGGCCTGATGTACCACTACTTCGGCCGCTCGGTCGAAGCTGGCAACAACCTCCTCCTAGACGAGATTCACGATCCCAAGGCCGTCATCCCCTTCCGGATGACGCCGCTCATCCTGCTCGGCACTTTCCTTACGCATCTCTTCGGAGGCTCCGCCGGGCGCGAAGGCACGGCACTGCAGACCGGAGCTTCGCTGGCGGATCAACTCACGCGTCCCCTGCGCCTTGCGCCACGCGATCGTCGCATCCTGTTGATGGCAGGCATCAGCGCCGGCTTCGGCTCTGTCTTCGGAACGCCGCTAGCCGGAGCGCTCTTCGGAATCGAGGTGCTCGCCATCGGCCGCCTCAGCTACGAGGCCCTGGCCCCCTGCATGATCGCCGCGTTCGTCGGTGACCTGGTGACCAATGCCTGGGGAATCCATCACACGATCTACCGCGTGACCTCGGTCCCGGAGATCAACGTCAAAGGCATCCTCGCCGCAATGGCCGCCGGTGCAGCTTTTGGTCTAGTGGGCATGGCCTTCGCCAAGACAACGCACGCCATCTCCCACTTCGTCCGCAGCCGCATCCCCTTCGCTCCGTTGCGTCCAGCTGCGGGCGGCATACTCGTCACCGCCGCAGTCTTTGCTCTCGGAACGACGAAGTACATCGGCCTCGGCATTCCCACCATCGTCGCGTCGTTCGACCACAAACTGCCCGCCTACGACTGGGCCGCTAAATTCCTCTTCACCGCCGTCACTCTGGGAACTGGCTTCAAGGGGGGAGAGGTCACGCCGCTGTTCTATATCGGCTCCACGCTAGGAAATGCCCTCTCCAGCTTGCTGCCTTTGCCTCCGTCCCTGCTTGCGGGCATGGGCTTTGTGGCAGTCTTTGCCGGCGCCGCCAACACCCCGATCGCCTCCACTCTGATGGCGGTCGAACTCTTCGGCGCAGAAGCAGGAGCCTTTGCCGGCATCGCCTGCATCATCAGCTATCTGTTCTCAGGACACTCCAGCATCTACCAGTCGCAGCGCGTAGGACACAGCAAACACCACAGCCTGAGCGCCGACGAAGGCCTGTCGCTCGCCGTCATCGCTAAAGCACGGAGTCAACCAAGGAACGAGTAATGAACCGAATCAAAGACAAGTAAGGGCCGGACTTTCGCCCGGCTCTTACTTGTCAGAGAGCAAAGAGAATCTAGAACCGATACTTCAGGTTCACACTCCCGCTAATCGGCGCTCCCGGGAAGATCTCCAGATCCGAGTGCCCTGTATCGTAGTACCGCGTGTTCGTCAGGTTATCCAAATGCGCCGTCACATCCACATGCCGCTTGCGATAGAAGAACATCGCATCCAGTCGCGTATAGCCGGGCAACTGTACTAGGTTGTCATCCGCCGCAAAGCTGTCGGTGTTGAACACCAGTCCACCGCCTGCACCGAATCCGCCTTTGAAGCTGTATGTCGTCCACAAGCTGCCGCTATTCACCGGTACATCATTCGGACGCTTGCCGTTGTACGACACCCCATTGAACGTGGTCGGCGAGTTCAGCAGCACAGCATCGTTCCACGAGTAGCCGCCGTACACCATCCAGTGCGGCGTGATGCTGCCCTGCACCGACCACGTCGCTCCCAGCGTCCGCTGCTCGCCCACCTGGATCAGTTGGTTCGGGTTCGTAGGACTCACCTGCAGGATGTTCGTCCGATCCAGATCATAGATCGCAACCGCAGAGGTCAGCTTGTCTCCCAGCAGAGAGACCTTCGCTCCAACCTCATAGTTTGTCGTCACCTGTGGTGGCAGATCCGCACTCGAGGTTGAGAGGCTCAAGCCCTCCCCCGAAGGATCGAACGTTCGGCTGTAGCTGAAGTACACCGTGCTGCTCGATACCGGCTGGAATAACAGTCCCACCCTCGGGCTGAAGTCGTTATCCACACGCGACGGGCTGGTTGCACCCGGCAACCGGTTATCCACGTTCTGCTTGAAGTTATCGAACCTAACTCCAGCCAATAGCTTCCACTTAGGGGCAAGCTGCATAAGGTCCTGCGTATATACAGCTGCCGTCTGGAAGAACCCACGACTGTTGGTCGAAGGCGTCGTCGACAAGGTCGGCGCGAGGCTCGTGTCCGGGTTATACAGGGTCACCGAGGGAGCTGTTCCCGTAAACTGCAGCCGATCCTGTGTCTGCCGTCCATATTCCGCGCCTACCAGCAGCAGATGCTCTATTCCGAGAAACTTACCCGAGCGGTAGGCCTCCGCTTGGTCGAAGACGTTCTGCTGGCTCTGAGTAGCATTCGTCTGCCCACGCGTCAGGATCGGATTCTCCGGGCTATCACTCGCACTAACCTGAGCAGAA
CP003130.1_gap87	3659482	3659990	508	TTTTCGTTGCCCTCCCAGACTGGAATCTGTATGCATTCTGCATCGATGTAGGTCACGGCTTCACTCCGTGTGTAAACAACCAGACGATGCCGGTAATGATTCCGCCGATCACTGTGGCGCACGTCCCAATGATCCCCACTGCGATCCCAACCCCGCGCCAGCCGTCCATCCAGGACTTCGCCTCAGTCTGCGAACTTCGGATCGCACGGATGTCGTTTCCGATGTTGTTTACATCGGCGCGCATATCCCGCACTTCGGCACCAAGCAGGACTACGTCGCCACTCATTTGCTTCAGGTCTTTCTCTAGCCGTGGGACCATCCCGCTTGATCCATCACCGCTTCCGACAAGAGACACGATCACCCCTTTCAGGAGCTTTAGTTCCCCCTCGATCTCCCACACCTTGTCCGCATTCTGCTGCACGGCATCGTGCAGGTTGTGGCGCTGCGCATCCTGAGCGACGAGGTTCGCCACTAGGGCCGCATTCCCCTCCACTACACCTTTGCATAT
CP003130.1_gap88	3660993	3663312	2319	GGCATGAATAGTGCTGGCGGCATTCACGGGTGACTGAATGTTTCCCATCAGCTCGTAGTTCGAAGTAATGACAGGCCTCGTTGATCCAGAGGTCAGGACCAGAGTTGAGGTGGTCGCCGCCGGGGCTCCGATCAGGCTAGCCTGCGTTACATTTTTGAAGGTCGCCAGTAGATTAGGGATGTCGAACTTCATCATGTAGCACTGGGGCGTCGAAACAATTGCCTGCTCGGGTGGAGTGGTTCCCAGAGTCCCCGCATTCACGCGAACAGCCATCCCTGCCGTCACGGCCATACCACTCCCATTGATGTATCCCACGTTAAACTGCACACCCGTCAAAGTAGATTGCGCGTTCATATAACACGCCTGTGTCAAGCTTCCTGCCGTACCGTTCCAGATCCCGACCGGCGACATATTAAAAGTTGCCCAGTTTGATGGGTTGATGGATGCCACGATAAATATCGTTTCGCTATCTGTCGAGGGCGCATCGGGCAAAAGCAGTTGTCCAATGCCGTTGACGGTTGCACCGCTCATTCCGCTCGCGATCGCTGGAAAACCATTGCCAGAGGATGATGTCAGCAGCGGCGACGCGGGGGCAGCATAGTTGTTAAGGCTCGCCTGCAGGGATTTACCTAACAACGCAAAGGTTGTAAGGCCTGCGGTAACTGCTGGATTGAACGACCCCGCAACATTGGAAAGATCTATGTTGCTATCAAAGACACTAGGCATATGTGCTCCTCTTATCCTTCGAAGGTTAGGGGTTTGATGTTGAAGGCCACGCACCAGTTATTGAGCTCGTAAGGCAATCCGCTGAGGCCGACGACGTCATAGGCCGCCGTCGGCTGGGGAGGTGTAGTTACAGGCAGCAGCGAATCGTCCTGGTCTGGACTCACATAGATCGCCTGGCTTACCGCAGTATCGGAGTCTGTGATATTTCCACGGCCAGCATGTTGCGTTCCTTTCATGGTTGTCGCGTTCTGTGATCCATTGCCGATATCTGCATACTTCAATTGGGCTGTGGTCCAATCGACCGTGCGGCTCGGGATGCACTGCACGACTGTATCGGCCACGATCGAGTAGGTTGCGGCGATGAATCCCTTGGCATCGAACAGGTTGAATCCGAGGTCGGGGAAATTGACGGGAGTGGCGATATCGTAGGCCGTTTGTACTGTGAGCGGCGGTGCCGGAACGTGGAATCCGATGAGCAGGGTGTTTCCATAAATCACCGTCTTATGAGGACCTAGAGGAAGCCATCCCTGCCGCAAGACCGCCGTGCGAAACCAGACCTTCGCGCACATCGCCATCATCCAGCGATAGCTGTTACCCGTCTTGTGGCCGCCGAAATCGGGATAAGCATAGTGTGGACCGAACATGAACCAGTTTGGCTGCGTCTTCGCAAGATTCCACTGGGCCATGCCGATAGAGATGTCATCGAAGGCGTTGTTCTCGAAAGAACCACCCGTCTGGTATGTATAAATACCAGCCTGGTTGACCTGGCCGAACGATGCTACGTTCAGCGCGTCATTAGCAGCACGCATCGTCAGCATGTCACTCATCCAGTCTGTAGCTGGGTTCGCCTGTCCATAATCCTGCTCACCTTGGTCGTAGATGAATCCGACCGCACCAATCGACAGGCTTGCGTTCGAGGCGTTCGTCGCAGCATAGCCTGCGGCTCGCACCATGCGACTCCACAGATTCTGGCCGCTCGAATCCGGTGGCGCTCCCGGAATCAATACTGAGATCGGTTGACCTGGACACGATACGTTCGTCGCAAGAAATACTCTCGTGTCATTGGCAACGCGCTCATGGATATTGATGAGCTGCTTGGCGTAATTGGCGAAGCAGGTTAGGCCTGTATCTCCTGCAGGGCCTGCAGAGTTGAAGGCCTCAACACAAGGATGGTTAAGCGTATCGCCATTTGGCAGCGATGCGCCGGACGAAGTAGCAAATCGAACCTGATTGCCGATGCACAGGTTGCCCAGCGATTGCGTTGTGTCATAGACGCCCTGACACTGGTATCCAGCCATGAGCGACTGCCCATATGCGGGGACGTAATTCAATCCGAAACGGAAAGTCTCCATCGTCGGGTTGTAACGGCTCCGTACGCTTGTGCTGAAAGCCAGGCAGGCGTTGTTTAGGGAGTTTATCGCGTTCTGCAGCCCATAGGTAAGGTCGAAAACCGGGCTGTCTCCCGTCGTTGGATTCAGCAGTACAGCACTGAATCCCTGTCCATCGGTGAGAACAACATTGGGCTGAGTCGTAAGGCCCGTCCCGGCCGACATAAGACCAACCTGAGACTTGAAGATTCCGGCCTCAAGTTCT
CP003130.1_gap89	3666003	3670159	4156	CAGTCCGGAGATCTTCGGTGGCGGCGGCGTTGCGCTCGTAGGATCGGCGTTGACCTGCCGCGCAACGTTATTGTGTGCATTCACGATGTCCAAAAGAGCTTCGTGCAGCTTTGGATCAATCGACCGTATGTGGGCCATATTGCGAGGGTTGAGATTTGCCACCTAAAATGCTCCTCGGACAGGTATCAGCGCATCAGCACGAACGCTGAAGATCATCTTGCTCATGCTCCAGTAGGAAGCCCCTCCATGAGTTACCGGCTGCCCCTCAATGCGAAAGAAGCAGCGTGTAGCCAGCACGTTTAGACCGCATTCGACATCGAACATACTCGAGCTTTGCAGCGGCAGCCAGGGCGTCGGAGCCCACCCATTCAACAAACTCTCCGCGAGCGGAACAAGCCTTATCTGCCCCAAGCCACTTGTGCTCAAGGAGACAAAAGCGAAGAGCTTGCGGTGCATTCCAAGCTGAAGCTGGCGCTCGTTGTCTATGCCGGTGAAAGCATACGTGGTATACATCGCCTGAAAGGAACCAGTATCGTCGTCGATGCCCTGCTGGTCGTTCAAAAGCTTGTAAACACCAGCGCCAGTAAAGCACATCTGATTCGTCCCATCCGGCAATGTCAGCAAGCCCCCGAATGTCGCAGGCCCCGTCCATGTCGTCCATTTGCGGACAACGTCGGTAGATAAGACGCGCCCCGAATAGCTGACCTTGATCGGCCCGCTGCCATCGATGGCCGCCGCGGTGTTGAGCTCGCGATAGTCGAGCACATAGGTGGTGCGGTTGGAACCCACGGTCACCAGAATGTAGATTCGACGAGTTACAGGATCATTCACGACGACCGTATTCTGGGGAGCCGTAATTGCATCCCAGAGAGTTTGTACTTCCTGCGAGATCTTGAACACCTCTCCGCCTTCATAGGCGCGCAAACCCGTATCGGAAGCCCACACAAACCAGTCTTCACCTGAACTATCGCCCCACACTGAAGTAGCGCCGCAGAGAGTCGCGATTTGCGAGACGTTCCAGGACGAAGGTTCCGCACCAGAGGAGTCCTGCGTTTCATAGAGCGATCCGTTCGGTCCCGTCGTGAGCATGCAAAGATTGTCACGGTGCTTCTGAAAGGTGCGGACGGGGTTCGCATCCGAATCAGGTCCTAGAATTCCCGTCACGCCGTCGATACCCTCGGGATTGTTGACATAGGAGACGCGAGCATAGGGGATGTAGAGATTGTCCGTGTAGTCGATCTCCATCTCGTCGATGACGATTACCTGGCCAGCCTGGAGATTGATACCGAAGACCTGAAGCTCTGTATCGGGCGTGATCTGCGCTGGCGTCATTGCGGAGAAGTCAGCCTGAACGAAACCAGTGCCGGCCTGGATGATGAAAGAGGCGACGGCGATGATGCCGCTCGAGTTGACCAGAAAGGCTCCCAAGTTGCCCGCCGTTGTTGGTGAGCTTAGCCAGCAGCGAAAGGTGTATTGCGTGGATGGCTGCAGGATCGCCGCGAAAAATGAATCTTGATAAGCCGACTGGGAGATGAGCCCACGTTGATTGGTCGAACCATCGCCGGTAATCTGCCAAGCCCCTCCAGCATCCGATGGAGATTGTACGAGCGCGCCTCCTCCTCCGGATCCAACAGTCCAACCCAGCGGGCTTGCGGGCGTTGACGCTTGATACCCACCATCAAAACCCATATTTAGCAGGTTTGGAATCTTGTTGCGCTCGCCCCACCAGATCAGCCGATCGGCATAGGAGAAGACACCCAGGCATGGACCAAGCACGACCTGAGCAAACAGATTGTTCCCTGGAATATCGATCGCGGTCGCCCCAAAGAGAGCGTTGTCGCTGAAATCCAGAATGATTTCAGTCGTCGTGTTATCTGGAATCAGCGTCGAGGTCGACGTCACCTGACCATTCAGAGAAGCCGGAACGGGAAGGTAAAAGTAGTTTCCACCCGATGCACCGGTAAAGGCCAGGATCCTCGCCACGGTGTTTGATGGCCCTATAGGAATGTTCGTGACATTGAGGTACTGGCCGCCATTCGCGATGAATTGAACCGATGGCGAAGGCTTTGTTATGCCTCCCTGTCGGGTCTGGAACATTACGACCATCTGATGGGTGCCAGGTGACGCCTGTCCGAACGGGGTCACAGTTCCTACCGCCTCAGTGGATCCATTCGGACCTTGCTGGGCATAGTAGAACTGTGTCGCGCTGACCACCTGGCTGACATAGAACACGCCCTCCCACATGAACCCTACGGTGCCATTCGTCCATATCCCATCGGGATAATTCAGCGAGATATAGAACGAGTTATCGGTCGGACAGGACTGCACCTGAAAGTAGCTCGGCGTTGTGGTGTTATCGGGGATGGGCCATGAAACGCTGACCGATGCGTTGGCGGTAGTTCCATTGATAACATCGGGATCATTAGCATTTATTGGTGTCTGCTCGTAGGTTAGCTCGGTAGGCGATGGAACCGTCAGGATCGTAAAGGTTCCGTTGAAACTGAACGTTATCCCGCTCGCTGATATATCGACCCCTGAAACCTGAATCACTGCTCCGGGGCCAAGATTGTGGCTATTCACCGTCCGAATCGTCGTTAGACCTGTCACCCATTGCGCCGCAGATACGCCAGATACCATTGCAGGCTCTACCCCATTGATCGAGCAGAACGTGCCAGGGACCATCCCATTAGGGCCACTGGTTGTGACAAGCGCCTGTCCTGGATTCGTCTCGTTGTTGATGACGATGCTAGAAACGATGCCTACAGTTCCCGTGCCAGAAAGGGTGTAATAGACCGTGATCTGATAGACCGGAGTGATAAACAGTCTGATATTGTCCGGCTGGCTGACCGAAACCGAGAACCCGAAGCTTGGATCGTTGATGACCGCAGGCGTTATTTTATCGGATGTTAGGCCCCACGTATCTGCCGACGATCCATAGGATTGCTGTGTGTTTACGTTTGTAAACTCGGTGCTCTCTGGCTTCGCGGAACCAAGGATGCCGCTGGAGTTCCAGAGAGATACCTGCGAAAGTACGCCTGCCGTGGGGTTCTCCGAGATCAAACCCATTCCTACTACAACCCCGAGGATGGTCGCAGTATTTGGAATGGACATTCCGAATCCAGAGAAAACAATATCACCCAACGCTGTAGTCGTCGGCTCTTTGATTGTTTCGTAAGTGCCGCCGCCGCCCTGCTGCCAGTTGTTCTGTGCAAAGAACGTGCTAGCCTGACCAGTCTGGTTCACCGTGTTCGCATTGGAATCTGGAACATTTGAAATCTGCGCCTGATAGCCGACCTTCAGATTGTGTGGCGCGGCAGTAGTGCAGAGTACCTGGTTGTTTTGTCGCACCAGCGTAAAGCCGGATGCAGCCATCTGTACCCCGTTATAGGGAAAGCTTGCAATGCTCGGAGGTGCGCCGGGCCCATCCTGCGTCACGCGGTCGAAGTAAGTTCCGTCGAACTGCCGAGGAATATCCTGCCCCAGATTTCCATCCGAGATCGCAAAGTATTCGCGCCCGAAAGCAGTCACTGATTTGACCTTATTGCCCGGAATCGTCTTCCCAAAAGTGGTGTATGTGCTGCCGTCAGTAGTTCTGAATTCCCCGTCCTGCCCAAGCAGGATCGTCACAGACTTCTGCGTCGGAGGAACATAAGTCTTGGCATAGATAGGAGCCGACGGCGGCATGGGCAACGCAGCCTTGCGCGAAGGACGCGTGAACACGCTACCAGGGAGGTATGCGACATCGACGTTAGCCGGCGATACTCCCTCTGGAAGCTCCGATGGAACAAGCTCCGTATCCAACGAACCAAACAGGTCAAGTGATACATCTACAGCTCCAGCGGCGTTATCCATAAGTTTCTCTCCTTAGTAGTTGCTGGCGCTGCCGCGCACTCGTCCATAGGGTTTACGCCTGCGCGAAAGCCGCTGTTTGACACGTGCAATACGAATCGTCATCTTCTGCACAGCGTCATCGCCCTTGCTCATCAGATCGGCTGCAGCGGTCGATCCGCGAGCTGCGGCAAACTCTCCGGCAATGTAGAAACCCATCGCTCTCTGGCAGCGCAAAATCCCAAGCTGAGCCTTCGGATCATTCGGTATATCGGGCAGATAGGCGTAATACCGCAACAAGAGATCGTTCAACTGCGTCGCGCCCGTA
CP003130.1_gap90	3672035	3673352	1317	AAAGAGGGGAACGTCCTGACAGCTCCAGTAATTCCAGTGTTGACAACTCCTTCGGAAAGCCCCGCACCTAGTCCATTTAAACTATTTGCAATTCCCGTGCGCACAGGAGTGGACTTTATTGTGTTATTCCAAAGCTCTTCAGGCACACCATGCAACAGCTTTGAACCAGCTAAATGTGGATTGCTCCAAGTAGCCGGAGAGCGCAGCTCTTGGAATGCATTCTTAGCAATGGTCTCTGCAATTTCTTTTGCCCCATCCAGGCTTGAACCAGGTATTTCCTTTGCGAGCTTACTCGCCACGAGACTATTGCGAGCCTGCAACAAAGGCGCTTCCAGACTTGGATCTGCATTGTAGAGCTGTTCAGCAATATTATTGTGAATGTCATGTGTAGCGCTAATAACACTATTTGTTGCTGGATCGATCTCGCGATTTTTGAAGATATAGTCGTTGAGATTATTCAACATGCCATGGACATCCGCCGCTGACATCGCTTCCTGACCACTCAGGTATGGATCGAACTCGCTACGAAGATTCCTGAGACTGTTTGCCTCATCTGTAATGCCAAACTGCTTTTGCAACCCCGCGATCTTAGGATTGATGACATTGTCTATTGCTTCTTGCACTGTAGAACTGGGGATCTTCGCTTCTGAATTTGATGCGGCTTGGGAGGCAATCTCCGCGTCGCGCGTTGCTGCTGCGTTTAATTGATCGGCTAATTGTCCCTTGGTCATTGCGAAGCTGGTCCGCGGACCTTCTCCTAAAGCAGCAACTCCCGGTTCGGCTCCGTTAAGGTGGATATCTTTACCTGCATTTAATGCCCAACCCATTGCCTTTGGAGCGACCGTATCCTGCAGAAACTCCCCAGCTCGTTGAACTCCCGGTGAAACTGCTTCTACACCCTCCCCCGCTCCAGGACCAATAAACGATGATGCCAGGGAAAGTGCCGGAACAGTACCATACTGAGTAACAGCTCTGCCATAGTTTCCCCTTGCCCATTCTTCTCGCGCAGCCTCAGGATTCCCACCAGCCGCTGCCACGAATGCGTTCGGAATATTCCATCCGGAAAAACCACCCTCGGAACTTCCACGTGCCAGTTCATTCGCGCCGTTGTCACCGGCTCGAAGCATTCCTAGAAATGTTTCCCTCGGATTAACTGCAAACGCTAAAGGAGAGAGCGCCATGCCTCCTAGGGCATTGCTGATTTGTGTGCTTACCGGTATGCTTGCATGCGCCACAGGTGCCTGCACAGGCATTTGAGCTTGGGCGATCCCTCTGGCATTGGCACTCTTGCCTGCTTCTTGCTCGAACTCCTGCTGC
CP003130.1_gap91	3676923	3677908	985	ACATATTTTTCCTGTAAGTCTTTTGAGCTTGCCGGCCACCGATTTCATGGAAAACAGAGTGTAGAGAATAGAGTGTGGAGGATAGAGAAGGCTTCTCTACGCTCTACACTCTATTCTCTACACTCTGTTTTTCCTTCCAGCCTCGGCTCTGCTGAAGAAGAGACCCTGCAGCAACCACGCGTTGAGGCAGGTTCGCGCACCTGGCCTGACTACAGGCTTCTTTGCGGCTCGTCCCGGTTTGTGTTCAGGGTGTCCGTATCCCTGCGACTCACCACGAATCTTGAAAGAGCAAGAGGCATATGCAGCAATGCCCGCAGAGCTTTTCACGTCCGCTCTTGTCTTTGTTTTTCTTTCTGTCATTCCCGTAGGGAATCCGCTTTGGCTGTTGCCGTTGGCTTTGGCTGTTGCCCTTGCCTTTCTGGTTGACATTCCGAGGCGAAGCCGAGGAACCTGCTTCCTCCCGCTCTTCGCCAGTTGCAGCAACAATGCCAGGCCAAACACGGGAGGCCTAAAGCGCTTTTCGGAATACAACAACCCGTGCCGCAACCCACTGGATCTTCCCACTGGGACTCCATCGTAAATCAGGAGTTCTAACTCGCCGTACCAGGCCCAGCGAGACGGGCACATCAGGTTGTGAACTACTCAAGAACTACTATGCCAGAAGAACGAAAGGAACCCAAGCAAATTGCAGTTAGAAATCTTTATCCCAAAACCGCACGTTGGTTGTTCTATTCATTTAGCGAATATTCCGTATCCAATCAAGAGCAAAAGAGCCACGACAATCAGCATCATGCGAACTCCTAACAATTTGCCAAAGAACCTGATAACCCCCTGAGTTTTCGAACCTCGAGATTGCATCCGATTCAGAACAACCCCAAGCCGTCTCCAATCCGCTTCATATGGCCCAGGATTTGCCATTCTCTGCATAGAATATGGCAGCTCGAAATTGTGGTAATAGAGAATCGACTCAATATTCATCTCTCGA
