gap_id	start	end	length	sequence
CP001968.1_gap1	6205	7954	1749	GTATTAATACATGGATATTTCACTTAGGGTTGACGATGAAAAATAAAACAACGGATAGAATTAACAAATGTCAGGTATTGAGAAAACAATAAAACTAAATGTTGAAACTGGTAATATGCGTCTTGATGCTTATATAGCGGATAATACAGACATCAGCAGGTCTTTTGCCGAGCGTCTGGTGACGGATGAATTTGTGAAGGTGAACGGTGTATCAAAACCAAAGAAGTATAAAGTCAAATCCGGAGACAGTATTGTAATTGATGTTCCAAGGGAGGAAGTGCCTGAGCTGACACCCGTAAAAATGGACATAGAAATAATTTACGATTGTGATGAATTTGCCGTGATAAACAAGCCTGCGGGCATAACAGTACACCCCGCACCCGGACATGCGGATGATACAATAGTGAATGCGATGCTGGCAGAATTTGATATTACCGATGATAACGACCTGCGACCGGGGATTGTGCATCGGCTGGACAAAGATACATCCGGGCTTATGATAGTTGCGAAGAATAGAAAATCTAGGGAAGTGTTATCAAAAGTCTTTGCTGACAGGGATATAGACAAAAGATACCTTGCTGTTTGCTGGGGAAAACCCAAAGAGTTAGAGTTCACGATCGAGCAACCAATTGGTCGTCATTATAAAGACCGAAAGAGGATGTGTGTACGTGAGGATGGACGATATTCAAAAAGTGGTGTACGTGTTTTAAAACAAAACAACAATGCATTTCTCGCTGAAATACGCATCTTCACTGGACGAACTCACCAGATAAGAGTACATATGAGTCATGCAGGATTCCCCCTTGCCGGGGACGTGGTTTACGGACATCGTCAATCGTTGAAATTGCCTATAAAAAGGCAGGCTCTGCACTCTTTTCGGTTAGCTTTTGTGAGTCCTTTTACAGGGGAGGATATGGTCTTTGAGTCACCACTTCCGCTTGATATGAAGGAACTTATAATAGGACTTAAATTATAGTAATTTTTGAACTCACGCTTGTTTGATTTCAATGTGAATGACAGGCGGTTAAACCTGAAAAGTTTTAATCCTAAAACGATGTTTCTTGTTGACACCCCCGCTGTGTTCGTGATAGATACTGCATACTGTATACAAAATACAGAGGTGATGTATGAGTGGATATTTGCCTATAGTGTTATTTCTTTTGGTAGCGTCAACGCTCGGCTTAATTGTTATGTTTGCCGGAGCCATTATACGTCCTAAGAAATACGAAAAAGTGAAATTTAGTGTCTACGAGTGCGGTATGCCGCCACTCGACGAAAACAGAAAGCGCCTTAATGTGAGATTTTATATTATCGCTATGCTGTTTGTGATCTTTGACGTGGAGACAGTCTTCCTGTTTCCGTGGGCCGTGGCGTTTGACATGATCGGCCTGTTTGGACTTATCGAGATGATCTTATTTCTCGTAATACTTGTCTTCGGCTATTTTTATGCTTGGCAGAAAGGAGCGTTAGAATGGGCTTGATCGATGGTAAATTACCAGAAAACGTTTTAACTACAAGTATTGATAACGTTATCAATTATTGTAGGAAAGGCTCTATTTGGCCTGTGACATTTGGTCTTGCCTGCTGCGCGATCGAAATGATGGCGACTGGTGCTGCGAAATTTGACCTCGACAGAATGGGGATCATATTTCGTGCTACACCAAGACAGGCTGACCTTATGATTGTGGCTGGTACAGTTACAAGAAAGATGGCTCCTGTCGTCAGAAAGGTTTACGTTCAGATGCCGGA
CP001968.1_gap2	151673	155476	3803	CAGGCGGAACAGTCTGTTATGACAGGCTACGAGGTTGCTGTGGAGTATATCGAGAAAGAGGGACTTGACCTCATCACCACAGGCGATATGGGGATCGCCAACACAACTCCGTCTGCGGCTATAGGTGCTGTTTACACAGGTGCTTCTGTTGACATTATGACAGGCAGGGGCTCCGGAATAGATGATCAGGCTCTTAAACATAAGACAAACGTTATCAAACAGGCTCTTGATATGCATAAGCCTGATAAAAATGATGCTATTGATGTTCTTTCCAAAGTGGGCGGTTTCGAGATTGGTGCAATAGCCGGTGCTATGCTTGCCGGTGCTGCGAAGGGGCTTCCTGTTCTGGTGGACGGTGTTATATCAACTGCCGGTGCTCTGATAGCTGCGGGGCTTTGTCCGAGCGCAAAGGAATATATGATAGCGGGACACAGGTCTGTTGAGCCGGGACAGATTAAAATGCTCGAGTATCTCGGTCTTGATCCGCTTCTGAGCCTTGGGATGAGACTCGGTGAGGGGACTGGTGCTGTTGTGGCTATGTCTATAGTGGATAGTGCGGCTGCTATAATGCGTGAAGTAAAAACCTTTGCAGAAGCGGGAGTATCAGTAAAAGAATGAAAGCATTAAGGGACGCTTTGTCCTTTCTCACCATAATTAAATTCCAGAGTGACGATTTTGATGCTGTGCGTGCAATGAACGCATTTGTCTATGTCGGCTTTCTGCTTGGCGGTGTGTTCGTCACTGTTGCTCTTCTTCTGGGTGACAGCTTTCTTACTCCGCTTTTGATACTGACGTTATGGGTGTCGCTGACAGGTGCGCTGCATCTGGATGGTCTGATGGATACAGCGGATGCGCTCTTCTCACATCGTGACAGAGAGCGAAAGCTTGAAATAATGAAAGACAGCAGGTCGGGTGCCATGGCGGTTGTTGCCGCTATACTCCTTTTGCTGATTAAATTTGAGTCGATAAGCCAGCTAACCAGTCTGTACATTTTTTTCATAATACCTGCTCTGGCAAGGATAGGTATGGTGTGGTCGATGAAGACTATGCCTTATGTCCGCAGTGAGGGGACTGGGAAGATGTTTTTCGAAGGGAGTTCCGCCGGTGTACTTTTTCAGCTTGTACCGCTGGTTGTTGTTCTGATGCTGCTTGGAATCAAACCTGTCCTCGCACTGACTGCTGTTTTTGTCGTTTCCGTGCTTGTTCTCCAGTGGTGGTACAAAAGACAGATAGGCGGGGTCACAGGTGATCTTCTGGGTGCGCAGTGCGAAGTTACAGAGGCTGTTATGCTTGCGTTCTATGCGGGGTTTCTCCAATGAGGCAGGGAGAGCACGGTGGAGACATTCATGAGGTAGCTAACTATCTGGGCGTTCCTGCAAGTGACGTCTACGATTACAGCAGTAATGTTTCACCATATCCTATTGATATAAGTGTTGATAAAAGTGCACTTTCACGCTTGCCTGAGCCGTACAGCAGAACTCTGGCGAAAGCCTTTGCGGAGAAGTACGGCTATGATGAAAAGATGGTGTGCATCACAGCGGGTACAACAGAGGCGATAGATATCATATGCCGGATTTTTGCAGGAAAGAGTGCCTGTATCAAGAATCCAACTTATGCAGACTATAAAAAGTTTTGTAAGAATAATAAAATAACCGTCAGAAACAGTCTTCCTGTGGAGCTATACTTTATCTGCAACCCGAATAACCCCACTGGGCAGACGTGTCCAAGAGAATTTTTGCCGACTTACTTTAAAACCAGCCCCAGCACATTATTTGTTATAGATGAGTCGTATATGCCGTTTCATATTGATGAACCAATGCAGACTCTTATGGGGGAGAAGCTGGACAATATCGCTATTTTAAGATCATTTTCAAAGATATACGGACTCCCAGGGCTTAGGCTCGGCGCTGTCATAGCAAATGAGAAACTGATAGAAAAGATGAAAAATCAGATGTCACCTTGGAGCGTGAATTCTCTGGCACAGTCAGCCGGGCTGGAACTGCTGGATGTCGACACCGCTCCAATAGCAAAAAGACTGAATGATATAAAAGTGCAGTTTTTAAAAGAACTAGAGTCCATTGATTTTCTGGAGGCTGTTGACAGCGACGTTAACTATATGATGTGTAAGATGAAGAGAGGGACATCAGACGAGCTTTTCAGACATTGCCTTAACCAGCGGGTACTCATAAGGGACTGCTCGAACTTCGAAGGGCTGGACAACAGGCATGTCCGGTTTGCAATGGCAGACGACATGTCCCCACTGCTTGAAGCGTTGAAGAGTTTTTGAAATGGAATGGTTTATCGGGCTGAATCTTTTGTCTGTACTTTTTGCTTATCTGCTGGATGTCCGGTTCGGAGAACCAAATACGCCATATCATCCTGTTCGCCTTATGGGGCTTTTAATTGAGAATTTGGAACGGCGGTTTTACAGCAAGGTGCCAAAGTTATATGGAGGGGTACTTCTGCTGGTCTTAACGATGGCTATGGTTGTCCTTGCTACGTGCATCATCCTTGGGATTGCAAAGTTGCTTGGTGGTTTTATCTATTTTATGGTTAGCTCGCTTATTATGTATTTTTCTATAAGCATAAAGTCCATGACAGACCATGCTGAAGCTGTTTTCAGACCACTATCAGATGGTCATATTGAAACAGCCGGACAGAAACTTGCAATGATAGTCAGCAGGGACACTGATGGCATGGACAGTGAAATGATTGTCCGCTCCTGTATAGAGTCTGTTTCAGAGAATTTTACCGATGGTGTTGTTTCTCCGATATTTTACAGTGTTTTTTTCGGTGGTGTCGGCGCTGTGACCTTTAAGGCTGTAAGTACGCTGGATTCTATGGTGGGTTACAGAAACGAGAGATACGAACTCTTCGGCAGGGCATCGGCGAAGGCTGACGATCTTCTTAATTTTATCCCCGCCAGACTCTCTGTGTTGATAATATCCGTCGCTGGGTTTGTTAAAGGCGTTCCATTTACAAAGACATTTGATGTGGTTAAGCGTTTCCGGCTGTCGCATCCCAGCCCGAATTCGGCGCACAGCATGTCTGCTTTTGCCGGAGTTCTTGATGTTACCCTTGGTGGTGCTGTGAGCTATTTCGGAAAGGTGAAAGAGAAACCATACATCGGGGACGGCAAACGTGAGCTGACTCCTGAGATTATAAGCGAAGCTGTGAATCTCTATAAAACTTCGGCACTGACTGCATTGCTGATGGCGTGTCTGCCCCTTATGTGGATAGTCTTATGAAGTTTATTTCTGCACCGTCTTTCATTAAACCTGCAACCCGAATTGAAAATGTCAGATACCTGAAAGGGCTCATAGACGAGGTTGAGCTTCTTTATATGTGTAGCATGTCTGATTATGATTTTCCTGATGTGCGGGAAGTTTCTGAGCTGGCTGATATTGATATCCGTTATAATATCCATATGCCTTACGACAGAGACTTGTCAAAACAGTCCGAGTGGGATTTTATGGCGAGGTTCGCGGATGTGCTTGGCCCGCTGGGTGCTCATACCCACACTTTCCACATCCAGCCGGAGGATAATTTTTTTAAGGGGCTTGAGTGGTTCGTGGGGCAGACGGGGCTGCCGGTGACACTTGAGAACGGCGGTTCAGATATAGAAAGTTTCCGGCTGTCAGATGACGACATCTGTCTCGATGTCGGTCATATGGTTATGTTTGAACAGGACATTTCAGCTTTCATCGAGTGCTATGCAGAACGTATTAAGATGTTTCATCTGCACGGGGTATGTGACGGTAAAGACCATCAGAGCATCAGGCATCTGCCTGAAGATATCAGAA
CP001968.1_gap3	158728	161105	2377	TGTGCTGGGCTGTGTGCCGAGGCAGGGGGAGCTTATCGGTTCCAGACATCTGGGGATAAAGACAGCCTTTGAGGTAGACAACAGATATATGGACAGGTGCGCAGATTTGGTGTGCGAATATATTGATATGAACCGCCTAAAAGAACTTACAGTCGATGTGGTGCCTATTGAGAAAGATGTACAGGCTCAGGATAAGGTCTGTTACGTTGCATATGATAAGGCGTTTAACTTTTATTATGAAGCTAATTTTTATGAACTTCAAAAGCGTGGGTATAGTATTAAGAAGTTTTCACCGCTCGCTGACGAAAGAGTTGACGGTGCAGACATGGTTTATCTCGGCGGCGGATACCCCGAGCTCTATGCTGAGGAACTGGCTAAATGTACTGGCTTTCTCAGGTCTGTCAGTGATTTCTCTGAGAGTGGCAAGCCCGTTTTGGCAGAATGCGGCGGGATGATGGCTCTTACAAAAGGGATACACACAGAGAGCGGTTTCTGTGAAATGGCTGGTATTTTTGATGCCGAGTGCCGTATGATGGATAAGAGACAGGCATTGGGGTATGTGTGTGCTTTTAATAATGATTATGAAGGACTTGTTGGGCATGAGTTTCATTACTCGAAACTTGAAAACGTCAACGAAAACTACTTTTTCAACCTTGAAAAACTGACAAATAAAAAACTGACACAGGACGGATTCCTGAAAGGAAAGACCTATGGTGGATACGCCCATTTCCACTTTATGAGTGATCCGACCATACTTGATATTATAATGGAGAGACAGCATGGATAAAGGGCTTAAGATAGAGAGCGACAGCTTTGATATTATAGAAAATATGATTAACCTTTCAAAATTCTCTGAGATGGAGAGGCTGATAGTGAAGAAGCTGGTTCATACTACGGGTGATCCGGAATTTGCTGAGCTGACAGTTATTTCTGACGGCGGCGTCAATTCCGGCGTGCAGGCGCTGAAAGCTGGTAAGCCCGTTATCTGTGACGTTACGATGGTTACGGCGGGTATCACAAAAAGATATCTGGAAAAATGCGGTGTGGAAGTGCTCTGTTTTATAAATCATCCGGATGTTCTCCGGATTTCAAAAGAGACAAACCAGACCAGATCAGAGGTTGCGATGGAATATGCCGCAGCGGAATATCCCGACGCAGTTTATGCCATAGGTAATGCGCCTACAGCTCTTTTGAGACTGCTGGAGCTGAAGCGTGGAGGGAAGGTTGACCCGTCTTTTATCGCGGGGCTGCCGGTTGGTTTTGTGAAAGCTGCGGAGTCAAAAGAAGAACTTGCAAAGAGTGATGTACCTCATGTGACTAACAGAGGCACGAAGGGGGGGAGTCCATGTGCGGCGACTGTGATTAACGGGCTTCTTACTCTGGCTGCACAGTGACCATGTCTATTCCGCACTTTTCACATGCAGATATCTTTTCTGCATAACCGCTTCCTGTTCCACTGTTTTTAGTGACAAAACAGTCAGCATTTATCTCGTGTATCAGGGCGATGTTGAATGACTCTGAAAACGGCCCCTGCATGGCGATTATCCGGGAATAATGGAATCCTGCATCAAGACAGGCTTGTAAAGATTTTTCGAATGGGAGCACCCGGGCGTATGACACATCTGCAATACCTGCAAACTTATCTATGTTGTTGCTGCCAGTGGTTATTAGAACTGATTTATAGCCTTTTTCCTGCACAAATGCAGCAGCATCATCGTATGATGTAAACATGTGCATCCTGTTGTAGTGAATATCTTCAAGTGTCCGTATTTTATTTATATATGGAATGTTAAGAGCGGTGCACACTTCAATAGCATTTTTTGTTATCTCTTTTGCGTGCGGGTGGGTGCTGTCTATCACCTGCTTAATTGATTTCTCTTTGATAAATTTGGTTAAACTCCCTGTGGTAAATCTTGTATGAAGAACTTTTGACGGATATCTTTTGTTAAATTCGCTATAGCCGTATTCCGTTGTAACAGAGATAATATAGTCGCTATTGCTGAGTGTTTTAATAATTTCGTGTGTGGTTGATGTTCCGCCAAGAATTAGTATCATGTGCTGTATTTCTCCGTGTAGCCTCGTGGCGAAACCATTTTACCTGATTTTATAAATGTTTTAGTGCTGCCGACAATCACCACTGTACTCATGTCGATCTGTTCAAAATCAAGCTGGCGAAGTGTTGTTACGCAAATCTGTTCATCTTCTCTGTCACAGTTTTTGACCCATCCGCATGGCAGGTCTCCTCTGGCAGTCATAAATTTTTCCACTGCGTATGGCAGTTGTGTTGTACGTTTTCTGCTTCTTGGGTTATAAATTGCGCAGACAAAATCACCTATATTGACAGCGTCAATGCGCTTTCTGATAAGCTCCCATGGAG
CP001968.1_gap4	167323	168871	1548	TGTCATTGTGCAGTGGATAGCAAAAATATTTCCACTGGCGTATTCAACGAAACTTATCAGGTATTCACTTATTGGCGGACAACTTAATGTAGGCAGGTATCTGCTGATTCTTCTTCTGATATTTGCCGTTCTGTTTGCGTTTGCCTATCGTGTTGTGAGCAGGGTGGAGGCATGAAAATCTTTTTTGCCGTGTTTCTGGTGATTGTTGTGGGTGTTTGTTCTCTGACAGGTTCAACAGATATCAATATAACTTCAATGACAGATATCCAGAGCAATATCTTCTGGGCAATACGTGTGCCGAGGGTGTTATTTGCCGTTGTTATTGGCGGGATGCTCGGGCTGAGTGGTTCTGTTTATCAGCTTGTGCTGAAGAACCCTCTGGCAGACAGCTTTACTACCGGTGCGGCGTCATCGTCTGCGCTGGGTGCCGTTCTTGCAATCGCTCTTGGTTTCCCTGTGGTGCTGATATCGCCTATGGCTCTTCTGACAGGACTGTGCGGGCTTATGCTGGTTTACAGGCTGTCGTCCTCAAGGGGGCGTGTGGTGAGTCCTGTGACGATGATACTTGCCGGTGTTGTGCTGAATATCGTTGCGTCATCGGTGATCGGTTTTACCAAGTTCTATTTCGAAGAATCACTTTCGTCCATTGTTTTCTGGCTGATGGGCGGATTTTTTATAGTTTCATATCAGAAGATTTCTGCGGGGCTTTCAGTTCTGCTGGTTGTATACGCTTATTTTTACCTGCGTTCGGGGCGGCTTAATCTGCTTTCTATGGATGAGTATTCAGCTGAGACAGCCGGTGTGAATGTGCGTGTAGAGCGAATGTTTGCATTTGTTCTTTCTACCCTTCTGGTGGCTGTGGCAGTTAGTTTCAGCGGTCTTATCGGTTTTGTGGGGCTTATCGTGCCGCATGTAGCTCGGAGCTTTTTCGGCTCTGATATGAGGACAAATATCTACTATTCAACCATTTTCGGCGGACTGCTTCTGGTGGTGTCGGACGCTGTGGCGAGAACTGTTATCCCTGGCGGGACAGAGCTTCCTGTGGGGATAATAACAGCTATTCTGGGCGGTTTTTTCTTCCTTTATATGTTGAAAAGACGCAGAGGGCAGGTGTGGGCATGATACGCACTGGAAGCATAGATTATAAAAGAGGCGGGTTTCACCTGAGCCTCGATTCGTTTGAGATAAGACGTGGCGAGAAAGTAGCACTTCTTGGTGAGAACGGCTCCGGAAAAAGCACTCTGATGCACCTCATGGTTGGTGTTCTCGGCAGTGCAGATGTGTATTATATGGAGAATTCCATCAAAAGCATGGGTTATGCAGAGCGGGCAAGAATACTGTCATTTTTACCTCAGATACCCGAGGTGTCGTTCCCTTTTACTGTTTTTGAAGTTGTGCGGTTCGGACGATTTACAGATGCGCGCAAAGCGGATGCTTCAACTGAGACAAGCCTTAAAATGGCAGACATGTACCACCTGAAAGACAGACCGTTCAGCGAGCTGTCCGGCGGTGAGAAGAGGCGGGCAATGCTCGCCAGAGTGATAAATC
CP001968.1_gap5	316348	320687	4339	CTGATATCATTTTTCGTTTTAGTTTCTTTACCTGTTCTGGCTGCTGACCGAGCTGCTGTCTCTGCCGACAGACTAGCGCAGATTACCGCTGATGAACTGTTCAGTGTTAGTGCGGCTTTTGTTGCAGGTTCGGAGAACTATTCCGGAGGGTGGGCGGAACTTTCCGGAGTGAGAGATGATGTGCGCGATGTTGCAGAACTGCTGAAAGATGCGGGATTTACAGTTGAAACAAATATCAACCTTACCAGACAGGGTTACATAGACGCCCTTGATAAATTCTTCAGAAAATATGCCGGTAACAGAAAAGCAAGGCTGCTTGTTTATTACGCTGGTCATGGTCATACTCTTAAAACCAACGAGGATAAAACCGGATATATTGTCCTCAGCAATGCCAAGGTTCCAGATAGAGACCTGAAAGGCTTCCTTGCAGGGAGCATTCCTATGGATTATTTCTCTGACAGAGCTAAGTCACTTAAAGCAAAACAGGTACTTTTCGTATTTGACAGTTGTTTCTCAGGTACTGTCTTTTCGACTATGCGGTCTGTTCCTGCGCTGGTTCTGGAGATGCTGCAAAAGCCTGTAAGGCAGTTTATCTCTTCCGGAACGGACGAACAGATGGTTCCTGACGAATCAGTTTTCAGGAGACGCTTTGTGACCGGACTGCGTGGTGGGGCTGATTCAGATAAAAACGGCATTATCACTGGTTCGGAACTTGGGACATATTTGAACCGTTCGGTGTCTGCATACTCCGGCGGGACGCAAACTCCGGTTTTTGGAAAGATGCCGGGGTATGAAGGTGAGTTTGTTTTTTTCACTCCGAAAGAGAAGCCGGTTCTGGCTAAGAAGGCAGTGCCATCAACTGAAAAGGGAGAGCTTTTAGCAATAATCAAAGAAAATCCTCATTCACCGGCAGCCTCTGAGGCACTGAAAAGACTTCGTGAAATAGACAAAACCCTAAATAATCAACCACCTGTAAAAGTGCCCGAACGCAAAGACTTTGTGATGACTGCAAAATCTGCTCAATACGAGTCATTCGCAGATGATTTTTACCCATATGTTATTATTGCGCCTGTGCCTGTTACTGCGGGGGGGAAGTCATATAAGGCAGCTTTCAGGATAAGAGCGAAAGATGCGGAATCATACAAAAGACTTTCTGTGAGAAAATTTATGCTGAAGTCAGTGCTTGCCCGCAGGCTGGGTGAAGCCAACCTGCAGGAAGCTGATGATATGGTCGAATTCAGGAGAGCAATAAGGCAGATAGCCAGAGATTCTTCTGACTGGGTATGCCCTGATTGCAGTGATAGAATTCCTGCTATTGCAGGTCTAAAGGGTTGATGACAAGCTGTTCATACATGGCTTCTATCTCGCCTATGTAGAGTCTGTGGTAGTCATCTCCTTTATAGAGTTTATTTATGAAATCAGCCTGGAAATTTTTCGGATCCAGATCCTGAAAATACAGTTTTTTGCAAACCATAGCTATCTTTGTCTCTTCGAAATATATCCCGTCACCGTCAAAGACAGGTGTAAGACCAGCTTCTTTAACCTTGTCGATATCCCTGCCTGATTTTGTACCACAGAGATTCAGAGCGTCACGATACTGATCGTCGAAAAAGGACAAAGTATAGTGGTCGTGCTTTTCCATAAATTCATATGTGTATCTGTTCGGGCGAACGACGACAAAAGAAACATTCTTGTTCCACATGATGCCCATTCCGCCCCAGCTGGCAGTCATTGTATTGAACTTTTCTTTATTTCCAGCGGTAATAAGCATCCAGTCATCATTAATCATAGTGAAAGGGTTTCCCATCAGTTTTGATGGTTCTACTTCTTTGAATCTCATATTATTTTCCTCCTGCAAGAAATGCTGCAACAGCATTGGTTTCAGCCGATGAAATGCTGAGTCCGTGTTTTTTCATTCGTTTGATTGTGCTTTGCCATTGAGCTGTTGATTTTTTTTTATTTAATGAAAGTGACGAGCTGTGGCATCCTGAGCATTTGCTGTAGAATATGTTTTCGCCGCTCTCAGCCGCAGCATAAAGTGTTGCTGCCGATATTATAGCCAGAGTTACTAATGCTGTTTTTAACATGCCCGTCTCCTTAATTTATTGATTTTATATGCCGGATAGCATCTTTTGCCGTTTCCGGTGAAACAATTCTCGCAGTCAGCTCTCTGTTGTATTTAAGAGCACTGTTAGTATAGTTATGACTGCCGATGTAAGTTATCTCACCGTCAACAACGAGGCACTTGGTGTGCATCCTGTTGTCCGGTTTGTCGTAAACAACTTTAATACCATGTTTACTGAATTCTGTGCCAGTCTTTTTGTTTTCGGTGTCAACAAAGTCACCGCCGTCTGATGCTTCCAGTGCAACGTATATGCTGACGCCCCTGTCAGCTGCATCTGTTATAGATTTCTTTAGAAGCCCTGCGCCCCTGCTGATGTTGTCATAGGACTTAAACATGTACATAGCGGCATAGATGCTGTTCTGAGCGTTTGCTATGTCTTTTGCAAGAGCAGTTTCGAGTTCGCTGTCCTGAAGAATTGTAACTTTCGCGTCATGTTCTCTGGTATTTGCGGTTACATTCGCGTATATGAAAAAACATATCAGCCCTGCAAGGGTGAGCAGAAGTTTAAGATGTGATTTCTTCAATTTTTTCCCAGACATCTTCTTTCCCTTTTTTGCTGAGAGAAGAGAAAATCAGAAAATCTTCCCTTGGCATATTAAGCTGTTTGCTTATTTTCGCAAGCCTTGATATCTGTTGGTTGTTTGAGAGTTTATCGCATTTTGTAAGTGCTATCAGAGCTTTTACATTATAATGCTGAAGCCAGTAAAGCATACCGAGGTCGTCTTCGTTAGGGTCTCTTCGTATGTCAAGTATCAGTACGCATGCACTGAGCTGAGTTCTTTCGGTGAAGTAATTTTCTATGGTTTCGCCCCACTGAGCTTTTTCAGCTTTGGAAACTTTTGCAAATCCGTACCCCGGCAGGTCTACCAGCATTATACGGTCAGATACCAGAAAAAAGTTAACCAGACGGGTTTTACCAGGTGTTTTGCCGACTTTTACGAGTTTTTTTGTACCCAGCAGGGTGTTAATCATGCTGGATTTTCCGACATTACTTCGTCCGGCAAAAGCTATTTCAGGGAATTCTGTCTCAGGGTATCCTTTCGGCTCTTTTGCCGATGTAATAAATTCAGCTTTCATCAAGTATCCCCGCATTTTTCAGGAAATCCATAGTATTAAATTCGAAGTCCAGCGAGAAACCAGCGGCATTTTTATGTCCGCCTCCGCCGTTCATCTCTGCTATTGTGCGCACATCAACATCTTTCCTTGAGCGGAGGGAGACTTTTCTTCTCTGCATGTTGATAAGCACGACATAGTCCACGCCTATCTCCTGAATGATGTAATTGCCGAGTTCGGAATTATATTCTTCTGCGTAGACCAAAGCGATATCCATTCCTTGAGCATCTTTAAGCATTTCGATTGATTTGCCGGCAGCGTAAAGGTATTTATCCCGTCTCTCAGTTTCCAGTTCAACGATGAGTGCTTCGTCCTCTGTGAACCCATTAAATCCTCTTCTGGAAAACCTTTCAAGGTATCGCTCAACACCGAGCTTCATAAAGAGCATGTTCATCTGAAGACTTTCTTTGCGTTTCAGATGCCACATATCATAGTCGTTAACGCACTCCACAAGGTCTTTGTATTCACTGACGTCAATACCCTGTCCTTCGAGCCATTCGTACGTGAGCATGGTAGCGCATTTTGTAATGTCGTGAACAGTGGGGGTTAGCTCTGTCAGCCAGTCTGATGTTTCGTGATGGTCTATGACGAGCACTTCAATCTCGCCAAGAATTTCCTTAAGTCCTCTTTTGCTCGGGGACATATCTGTGATAAGGATCTGGTCATATTTACGGAGGCTGACTTCCTCCAGAATCAGATCTATTTCGTTATAGTTACAGAAGGTGTGGTCCACGTCTTTAAGGAAGCGCTTGGTGAGCACTCCGCATGTTACACCGTCTAGGTCATTGTGAGATATATGTAAGATCAATTTTTACTCCGGTTTGTATTATAGAAATTATTCGCCGATTATCTTAACAAGGACACGTTTTCGCCTTTTACCGTCAAATTCGCCATAAAATATACACTCCCACGGTCCGAAGTCAAGCTCCCCATCTGTCACAGCAACAACGACCTCACGCCCCATTATCTGCCTTTTGTGGTGGGCGTCTCCGTTGTCTTCCCCAGTGAGGTTGTGGCGATATCTTAAGAGAGGTTCGTGGGGAGCAAGCTCCTCCAGCCAGTCTTTATAGTCCTGATGCAGTCCGCTTTCGTTATCGTTAA
CP001968.1_gap6	331285	333610	2325	GTGCATGAAGTCTGTTTTCCGCTTCGTCCCAGACGATGGATATATCGGATTCATAAACATCTTCTGTTACTTCAAGCCCCATATATGCCGGCAGGCAGTGCATAAATAAAGTTTTTCTGCCTGTGGCTTCCATAAGTTTTTTATTAACCTGATATCCTGCGAATATCTTTTTGCGCTCTTCCTTTTCTGATTCCTGCCCCATGCTTGCCCATACGTCAGTATAGATTATGTCGGCGTTTTTTACAGCGTCAAAGGGATCACGGCAGAGCTCAATTTTAGCACCTGTCTGTTTTGCTGCTTCCACTGCTGATTTAACAACGGCAGGGTCGCACTCGTAGTTTTCAGGTGATGCAACAGAAATGTCCATGCCGAATTTCGCCGCCCCGTAAAGCCAGCTCTGCGCCATATTGTTTCCGTCGCCTATATAAGCTACTTTTACATCGAAAGTGTTCATGTGTTCATAAATAGTCTGAACATCTGCCATCACCTGACATGGGTGAAAGTCGTCAGTGAGACCGTTTATTACCGGAACATCGGCATTTTCCGCGAGCTCTTCTATTATATCATGACCTTTTGTTCTTATCATGATGCCGTCGACGAACCTTGACAATGTGCGTGCAGTGTCTTTCACAGTTTCGCCTCTGCCGAGCTGGATGTCATCAGAGCTGAGATAGAGCGCATGTCCGCCCAGCTCATACATGCCCACCTCGAAGGATACGCGTGTTCTTGTTGACGGCTTTTCGAATATCATTGCAAGCTTTTTGCCTGCAAGATGATGATGCGTAATACCATTTTTATTTTCAGCTTTCAGCCTGATAGCTGTCTGGATCATACTTTTCAGCTCGTCAGTGCTCCAGTCTTTAAGTGTAAGGAAATCTCTCTTCATTTATTAACCTCCAAGCCCGAGATCTGTTGCGGTCTTGCTTATAAGTTCAAGTCCGGCGTCCAGATCTTCCTGAGATATTGTGAGCGGAGGGTATATCCGCACAACATCGTGACCAGCGGGAACAAGCAGAAGTTTGTTCTCAATAGCTTTATTTATAAATTCTTTCTGTCTGCCCGGTATTTTGGCTCCGAGCATCATGCCCATACCCAGCACAGTGACATCTGTACCTTCGAATATGTTTTCCAGCGCCTCTTTCATGTATGCGCCCTTTTCGTTCACTTCTTCAAGGAAGCCGTCGGCGTTCATAACATCAAAAACGGCGAGAGCCGCAGCACATGCGAGAAAATTACCGCCGAATGTTGTGCCGTGGGTGCCTGGCGTCATGTATTTTGCGAATTCCGGCTTTGCGATCATCGCCCCCATAGGGACACCGTTTGCTATCCCTTTTGCGAGTGTTATCACGTCAGGCTCTATACCGAACTGTTCATACGCAAAGTAACTTCCTGTACGGCAGAAACCAGTCTGTATCTCGTCAAGGATGAGCATCACGCCCTCTTTACGGCAGAAGTCTGCACATTGTGCAAGGTATTTCTTATTAAGAGCGCAGAGACCGCCTTCACCTTGTATCAGCTCCAGCATGAATGCTGCAACGTCCCCTTTGTCAACTTCGCGCTTTAGAGCATCGAAGTCGTTAGCGGGGATGTGGGTGAAAAAGTCAGCCACAGGCTCAAAGCCTTTCTTTATCTTGTCCTGTCCGGTAGCGGACAGTGTCATGTATGAACGTCCGTGGAAAGAGTTTTCCAGAGTTATTACTCTCAGTCTCTTTCCTTCAAAGTGAGTGTTGCCGTAAATTCGTGCAAGCTTAAGCGCTGCTTCGTTTGCCTCCATACCGGAGTTGCAGAAGAAGACGTCTCCTCCGAAGGATCGTCGGCTGAGTTTATCCGCAAGTCGCTCCTGAACAGGAATGTTGTAAAGGTTTGAAGTGTGGATAAGCGTGCCTGCCTGTGTGCAGATGGACTCTGTCACCGCGGGGTGAGAGTGACCAAGGTTGACAACAGATATGCCGCTTCCAAAGTCGAAATAAATTTCGCCTTTGTCATCAGTGAGTCTGCACCCTTCTCCTTTAACAAAAGAGAGCGGGTAGCGTGCGTAGTTTTTAAATATCGCGGACATATACCACCTTAATGAATTTAATGCTCTGTCAGCAGCCATATTCAGCAGTAAAAAGAAGAGTCTCAGACCAGCGGGGAGAGGTTCTTCATCTGTACATAAAATGACATACATTATGAGAGCCGGGAAATTAATATTAAAAGCACATTCCTCTTCTTAGTTCAAGGATTTTCTAGTGTCACGATGTTTTTAATAAGAAATATAAAGAGCATCTTGGGGCTTTCAAAATGGATGATTTTGATATAAGCTTTTATAAGGAGTATTTATGA
CP001968.1_gap7	336478	338217	1739	GAAAGCCACGATATACCCCAAAGGTACGGCGATGGGCACTATGATGGCTATGAGGAGATTATATAATATCTTTAGAATAAACACGTGTGAGCTCCATAATATTTTTCTGCACTTCGGCTAGCTCCTGTTCAACAGTTTCTTTATCTACAGATTCGCTTATTTGTATCGGTTTAAGCAGATGAAGGTCAACCTTTGCGAATGGTTTCGGGAGTATGAAATTGTCCCAGCTGTTGAAACGGAAAAAGCTTTTGCAGTTGCAAAGGACAGGGACAAGTATGCAGTCGGCTTTCTTTGCGAGATAGAGAGCCCCCGGCTTTGCCTGATACTTAGGACCTTTAGGACCGTCCACAGCCATGGCTGCATGGTAGCCTTTGTTCATATGCTCAAGCATCTCTATCAGCCCTGCACTTGCTCCTTTGGAAGATGAGGCTCTGACAACAACATGTCCGAAGCTTTCCACGACAGGAGCGAGGATATCTCCATCTTTACTGCGTGAAATCATGCTGGCAAACCTGTATATTCCGCTCTGCCCCAGAGAGAGAGCCAGCTGGTTGTGCCAGCAGAAGAATACAATTCGCTTCCCCTCTTTCGTGAGCTTCGTGACAGCTTCGTCAGTGTGCAGATTATGTCTGAAGGTTGATAAATAGAGTTTTAATATCAACCGTATCAGAAAGCCTTTCATTATATATTAATTCCGCCGGATTTTTTAATATCATTGTGATAATTTTATAACAATGCCCGAGACACAGCTTTCTACAATATCTTATTATTAAAAGTGATGCAAATATAAATGATATATAATGACCTAATGTGAATACACCTAATTTTTATGTTGCACGTATGTCGTGTTGAGTGGTAAAAATGCCGGATATGATGAAAGGTACAACTGTCGTCGCAGTTAAAAAAGACGGAAAAACAGCAATAGGTGCTGACGGGCAGGTCACTTTCGGTAATACCGTGCTGAAGCACAACGCAAAGAAAGTGAGAAAGGTTTATAACAATAAAGTAGTGTGCGGTTTTGCGGGTTCCACTGCGGATGCCTTTACCCTTATGGAGAGGTTCGAAGCTAAGCTGGAACAACACGGCGGGCAGCTTCTCAGGGCTGCTGTTGAGCTTGCTAAAGACTGGAGAACAGACAGGTATCTGCGTAAGCTTGAAGCGATGATGATTGTTGCTGATGCCGAAGAGTTGTATATCATGACAGGGAACGGAGATGTTGTTGAACCGCAGAATGGTGTTGCAGCTATCGGTTCCGGTGGTCCATATGCTCAGGCTGCGGCAATTGCAATGGCAGAGAATACCGAACTTTCCCCGTCAGAAATTGTCGATAAAGCGCTGCATATTGCGGCAAATATCTGCATTTATACAAACGACAATATAATAGTAGAGGAGATATAAAGTCTTAGATGGAAGAATATACCCCAAAAAAGATAGTAGACGAACTGGACAAATACGTTGTGGGACAGAAAAACGCTAAGAAAGCTGTCGCTGTCGCCATGAGAAACAGATACAGAAGACTTCAGCTTCCTAAAAGCCTCCAGGACGAAATTTCACCAAAAAATATAATTCTGATAGGACCGACTGGTGTTGGTAAGACAGAGGTGGCGAGGAGGCTGGCGAAACTTTCCAGATCACCTTTTATAAAAGTGGAAGCTAGCAAGTATACCGAAGTGGGCTATGTCGGACGTGATGTTGAGAGCATGGTTCGCGACCTTGTGGAGATTTCTGTAAGCCTTGTA
CP001968.1_gap8	341105	342986	1881	TAACAAAAGTATACAGTGTATCTGGCAGGATTCATATAAGTGTATGTCATAAAGAATAAAAAAAAATCGTTTTGATGTTGACAGAGGCTGTATGCCGTGATAGCATTTTAACGATTATATGTATGCAGTAGACTGTATACACGAATTTAGAAACAAAGGTAAAACCTTTAAAATGTAAAAACCTACAGGAGGAAAAGAAATGAGAAAACTTCTTGTTGCTCTCATGATCGTAGCTTTTGCTGCTACAGCTTTCGCTACAGACATCAAATTTTCCGGTACTTATGAAGTGTCCGGTAAATACCTTAAGAACACAGAGGCTAGAGAGGATGATACTCTTGAGCACAGATTCTATGAGCACGACTTTGATCTTTGGCTTAAAGCAGATGTGGACAAAGACACATTCTTCAAAGCTAAATTTGAAATCCTTGACGACACATGGCAAGGCAGCCCTGGAAATGACACAGGGTATGGCAACCAGACACAGTTTTCTGTACAGAGAGCTTGGATGGGACATAACTTCGGTTCTGTTCTTCTTGAAGTTGGTCTTATGGACGGCGGTGCTTGGTCATACGCTTTCGGTAACAACAAAGAAGGTCACTACAGAATTAAAGCAACTGTGCCTGTTTCAAACGGCAGAGTTTCTTTCTACACCCAAAAATCTAAAGAGACTGAAGATCTTGGTTTTGATGATACTACTGATACTTACACTGGTTCCGCATATGTCGAAGATCAACAAAAAGATGATAACGATGCTTATGCTATCAACTATGTTGGTAAATTTAATGGTATCACAGTTGCACCTCTTCTTGTTTACAAAAACAATTCATACAAAGTTGCTGATCAAGGCAGCGATGGTGAGAAAATATGGTCTCTTGACCTCGCTGTTGGCGGTGATCTTGGTCCAGTAGGATTCGAATTTGAATTCGACTATGACAACGCTTCTGCTGACTTCGATTACGCTGTTGGCGAAGATTCATATGATGTCTTTGGTATCTACGGTAACGTATTTACAAAAGTTGGCGACGCTACAGTAGGTTTTATCACAGCTTACTCCTCATTTGATAAAGATGCTGGCGTTGCTTATGATATGGCTGATGACTTTGATGATGACCTTCTTTTCATCCTTGGTGATGAAGGTTACCTTTCAAGTGCTATAGGCGCTGCAGGCGTTGCACTGAACGGTTCATACTCAGGTCTTGCTGCTATATGGGCTAACGGTATCTACGCTGCTTACGATGTTAACGAAAAACTTAACATCACTGGTGGTTTCTTCTATGCTATGTCTACTGCTGAAGATACAGCAGTTGAAGATGCTACAGGTTATGAATTTGACCTTATCGGTAGCTACGCTGTAACTGATGCACTTTCTTACAAAGTACAACTTGGTTACGCATCTGTTGATCCTGATGTTAGCGGTGTTGATCCAGATCCAGCAATGGCTCTGTTCCACACACTTTCACTCAGCTTCTAATCAAATTAATTACGATTTGATATAAAGTAAGGGCTCGCCAATGTGGTGGGCCCTTTTTTGTTTATACACTAATTGATCTTTATATAATCTCATTTTTGTATTAATCTGACTGCATGGATAAATCACGACTGGCTATAATAATATTTACCACAATACTCACATTCTCTGCACTTTATGCACCTCAGCCTGTGCAGCCCATAATAATGGAATATTTTAATATCTCGCAGTCTCAATCAGCACTTCTGACTACTGTGACTATGTTTCCTCTCAGTATTTCACCTATATTTTATGGTTATATGCTGGAGTCTGTATCGTCAAAAAAGATGTTGCTTGTTTCGCTCATTGTGATTGCAATCTGTCAGTTCATCTTTTTCTTATCTGACTCATTTAACCTGCTCCTGGTTTTGCGC
CP001968.1_gap9	455725	459354	3629	AACGTTTTAAATAATGCTATAGATGCTGTAACAGAAGCCCGCGAGAAGGGGCTTGTCGGTGTTCTGGAGCCGGGGCTTATCAGCATTGAGGTGTGGACAAAAGCCACGAAAGCATTTGTACAGATAAACGACAACGGGGTAGGGCTGGATAGTGCTGTGATTGACAAAATATTCGAAGCTGAATATACAACGAAACCAAAAAACAAAGGTACAGGAATAGGTCTGCACATGGCGAAATCTATAGTGGAGAAAAGTCTTGGCGGTAGAATTAGGGCGAATAAGAGAGACAGAGGGGCAAGTTTTACCATCGAAGTACCTGTGGTTTCTGTCTCTATCGGAACCTGAAAGCCTTTCAAACCCGTTAATATCCTTGCAAAATTGACGATTATCTGTAATATTTTATCACTTCAATAAATATATAACACTCCGGAGGAGTTATGGAAGAGCTGATCAGGAAAGCAGACATACTGATAGAATCACTGCCGTACATCAAAGAGTTTTATGGTGAAACTATAGTCATTAAATATGGCGGACATGCGATGGTTGATGATGAGCTTAAATTCAGCTTTGCCCGTGACATAGTCATGATGAAATATATAGGTCTTAATCCGGTGATCGTGCACGGAGGCGGTCCTCAGATCGGCGAAATGCTAAAAAAACTTAATATCGAAAGTCACTTTGTCTCGGGAATGCGTGTTACGGACAAGCAGACTATGAATATTGTCGAGATGGTTCTTGCCGGCAAAGTTAATAAGGACATTGTCAGCCTTATCAACATAAACGGCGGTAAGGCTATCGGACTTTCAGGCAAGGACGGCAACCTTATCACTGCGGAAAAACTTTACCTCAAAGAGGGGGACGGTTTTGTAGTTACTCCGGAGATAATCGATCTGGGGCATGTCGGCAGTGTTAAAAAGGTTGATGTTGAGGTTCTTAACAACATAAGCAAAAACTTTATCCCTGTGATAGCGCCGGTTGGCGTGGGTGAAGATTATCAGCCGTATAACATCAATGCTGACCTCGTTGCAGGCAGTATCGCAACAGCTCTCAAGGCAAGAAAGCTGATACTTCTTACAGATGTTAAAGGTGTTCTGGACAAAGAGGGGAACCTTATCTCTACCCTCACTCCGGAGAAGATACGCATGCTGAAAAAAGACGGCACTCTTACAGGCGGTATGATACCGAAGATCGATTGCGCTCTTGACGCTGTTCAGAATGGCGTTGCTAAAGCGCATATAATTGACGGGCGTGTCTCTCATTCTGTGCTGCTGGAGATATTTACCGATTCCGGCATAGGGACACAGATCCGCCAATGAAGAATGTAAACATCCCGGAATCATACATAAAGCAGGCTGTCGGTCCTGCGTGCGAATGGGACAAGGATATAATAGACGCCTTTTTGAGCACTCCCAGACATAGGTTCCTTGACGAAGCTATGCTTAAGATGGCTTACAGAGACGATGCTCTTCCGATAGGCTACGGTCAGACTATTTCTAAACCGTCTACTGTGGCTTATATGACTAAAAAACTTGAAGTATCCGAAGAACATACTGTACTTGAGATCGGCAGCGGATCAGGGTTTCAGGCGGCGATACTCTCAAAGCTCTGTAAGACAGTATACACTGTTGAGCGGGTTCCTGAGCTGCACAGGCGTGCATATCAGATCATCAAGCGCATTCCTCTGCGCAACGTGAAAATGAAGCTGGAGCCATTTAAGCTGGGCTGGTCTGAGTTTGGTCCTTATGACAGAATTATAGCTACGGCAGAGGGTAAATCTGTGCCGGATGAGCTTGTTGCACAGCTTGCTGATGGTGGGCTTATGCTGGTTCCCGCTGACGGAAAGCTGATGCGTGTAACCAGAAATGGTAATGATATTCAGGCAAAACCTCTGGCGAATTGCAGTTTTGTGGATTTTGTTGGAGCGTAACCTAAGGTTAATTTGTTGTCACTAAGGCAAAAAACTGTGATGGTCTTATGTATTGTTGTCAAAGGATTAATTCACATTTTTAGAATACAATAGATTTCGTTAGACATAGCCTGACAACATAATTCGTTCTGAAACTATTAGTATTTAATAATTTATTCACTTCCATTTTAAATCAAATAAAGTTATATTGTAAACTGTAAAAACCATAATGGCTGCCGGATCTTCAATTTGTGATGATCTGATTTTAGAAGCTGCCCATCATGTGTGGGAGTTGGCAGCAACGAAAGGTTTTGTTGTTCTGAGAGGAGGTCTTGCCGGAGTTATGGAGCACACTTTACACGGTGCGAAGAATGCAGGTGGCTAACTATCGGGACGTTATCGCCCTGTGATAAATCCACTGCAAACAAATACTGTGATATTGTGATGCCAGCCGTATACGGGCAGGGTTGCGATACCCCTGTATCCACTGGCGGAGGGTTCAGGTTCAGCTTCTGAAATATTCATCACTTTGAAGCTTAATCGCTGGATTCTCAGCTTTTGTCCTTCTTTTGAGCACGGCACAAGGGTTTGTAGAAAAAGATGTATTTTTCATTAAATTCACAGAAGTGTTGGAGAGATTATGAGTGAATCTGAAATAGTTGACAAAGAAGAACTTTTGGAAGAGGAACCGACGGATCTCAGCGAAGTTGAAGAGATCGAGACCAAACTTGATACCTGTGAAACTGAACCAGAGCCGAAATATGAGTATTCGTCTGAAGACCTCGAAGTGTTTAAGATTTATCTTAACGAGATATCGAAGTATCCGGTTCTCACGAGGGAACAGGAGGGGGAGCTCTCGCAAGGGATAGAGAAGGGTTGTAATGACTCAAAGGAGACAATGATTAAATGTAATCTGCGTCTCGTTGTTTCCATTGCGAAGAAGTATATCAACCGTGGGATGAACCTTGTTGACCTCGTGGAAGAGGGGAATATCGGGCTATTGAAAGCAGTGGAGAAATTTGACTACACAAAAGGTTTTAAATTCAGCACCTATGCAACATGGTGGATAAGGCAGGCGATAGAGCGTGCCATCATCAACCAGTGCAGGATGGTGCGCATTCCCGTGCATATGTCAGAGAACATCAGTAAAGTGATGAAAACACAGAATGAACTCCAGCAGAAACTCGGGCGCGAACCCACTATCCACGAACTTTCAACAGCATGTAAGATGCCCCTTTCAACCCTTAAAAAAGTATTTGACGCAATCAAACAGGACACTTCGCTTGATATGCCTGTTGGTGGAGATGAGAGCAGCACTCTTCATGAGTTTATCGCTGACGACGAGAAGTATCTTGATCCTTATCTGAAGATCGAGAATACCAGCAAGAAGGAGATCATCTTTAAATGGCTCACCTTCCTGTCTGATAACGAAAAGACTATTATCATAAGACGCTATGGTTTAACAGGTAATGACCCCGAGACTCTTGAGTCTATCGGTAACGACCTTGGGATAACAAGAGAGCGTGTCCGTCAGATTGAGAAACGCGTGCTGAGCAAGATGAGAAATCTGCTGGCAACTAAAAAAATATCTCTGGAGGAGCTTCTTTGAACCTGGTACCGAAAGAGGAACTGCAAAGCCGTCTTACTGCTTTCAGAAAGAAAATGGATGAGCATAATAATGGGTGGAATGTTGCCTTTATTATCGATAAGGTCAATCTCTTTT
CP001968.1_gap10	522601	527453	4852	GAATGAAAGAAGTGAGTCCTCTGATGATATCGACATTGCGAAATAGGGGTCTATGTATATCCAGCTATTTCCGTCAAAGATTTCTGCTCCGTAGTGTATGCCGTTAGACACTAATCTTGCTGTTAGGTCAGCTTCTCCGGCGAGCGTCATAAATATCTGCGCATAGTCTTTTGCACATCCTTCTTTTTTAGCTGCGTTATTTATTTTTTCTGTTATAGTTTTTCCGGTTTGGCAGATACCGTCACCCATAAGGCTGAATGACTTTACGAGGTAAACAGCCCTTTCGTAAGGGGGGAGCGCTTTGGATTTGCTAATGGTTTCTCTTGTCAGATATGTGTTGCTATATATGTCTTCTGATGTCGGTGTGTATGGATGGTAATCTTCTTTGGGGGAGCTGGCGAATCTTTCCGGAGCCACTTTCTTGCCGTATATTATTTCCGCAGCAGACTGCATTAAAATATCACTTTTTGATGTGAAAACTACCGCCATAAGTAATACTATGTTCATCATTATGAAAGTTGCTATAAATTTATCGAATTTCATTGAGCCCTCATTTTAGTAGACTAAAGACAAATATATACTGATAAGCTGTATTTTACAAATGTATTGGGTAAAAAGAGAGGGCATACGACTTTGATGCCATATGCCCTTTATTGGAACTATCTTGTTTTGAATACTTCGACGGCAGTGTTCATTTGTTCTGCCTGTCTGCTGAGATCATCTATGGTCATTGTTATTTCCCGTACGGATGCTGCACTTTGTTCCAGACCTGAAGATACTGCCTGCACACTGTCGTTAACATTATCAATTGCCTGATTTTGTTCGGAAACAGAGGCATCTATAAGATTATTTGCACTTACAACCTCATCTATGGCTTCTACAATATTATTGAACACGTCAACTGTTGCCTGAAGAGCCTTAACGCCTTGTTCAACCTCTTTCTCTGCTTTATTCATATTTCTGGAGGCGATCCCTGTTTCTGACTGAAGAGTTTCTATTATAGTCTCAATCTCAGAGATGGCAGATTGTGTGCGTTCTGCCAGTTTCCTTACTTCATCCGCCACAACGGCAAAACCTCTTCCAGCCTCGCCGGCTCTGGCAGCTTCGATTGCAGCATTCAGTGCGAGCAGGTTTGTCTGGTCTGCGATATCGTTGATTGTGATGAGGATTTCGCTTATTTCATGTGAAGATTTGGATAAGTTGTCTATTGTGTCAGAAAGCTGAACAGAAGAAGTTTTGATAGCTTCTATACTGCTGTTAGTTTCTTTCAGGCGGATTACTCCTTCGTCTGCTTTATCTTTTGCTCCGTCACTTTTTTCTATGATGTGTCTGAGGTTTTCCAGAACATTTATAGAGGAAGCTGCCATCTCTTCCATAGCGCTTGCGATAGTGCTTATCTGTGATGTCTGGTCAGACAGAGTTACATCCAGCTGTTCGCTTGCGCTGGAAAGTTCTATACTTCCCGATGCAACACTTTCAGAGCTGGTGCGTATGCTTTTGGCTATGGCGGTGAGGTTATCCACCATCTTTACCATAGAGGCGTAAAGCCCTGTTGCATTATCTTTATCTTTTATATCCATGTCAAGCTTGCCTTCTGCAATCATCTCAGCAAGCCTGCTCATGTCCTGTGGTTCCCCGCCAAGAGGAGCCATTACACTTTTTTTAATAAAGAAGGCGAACATGACGGCGATAATTAGACCTATTCCGGAAATAGCCATAGTTATTCTTTTTAAAAGTTGTGTCTTCGCTTGCATCTCAGGTCCAAGAGTGTCCTGCTCGGCTTTGACAGAAAGTGTAACATCTTCTGCCAGCTTACCTATCTGCGGTCCAAGTTTGTATAGTTTGTCATTTACTATGTCGTTGCGTACTTTTACAAAATTTTCTATGTCATCAATAATTTTGACGTACAGCTTTCTTGCTTCAATAAAATCATTCAAAAGTGCTTTACGTGTGGGGTTCTGAATGTTGCGTATCGTGTCGGGCAGAAGCTCGTTTATGCTCTGGTTTATTTCTGTCCGTGCAGTTTCGAGATCTTGCTCTGAGTTACTTTTAGTGTATTGAAGTATATAATATCTGGAAAGAAGCACGTGCTCCTGGATACTTCCGGCATAAAAAGCTGCGTCAGGGTCGCCGTCTTTATAAGCCGACTGAGTGATCTCTGTGAGGTTTTTCCTCATTCTGATACCGGTTTCCTGCAGGTTTCCAAGCTCTGCATTTCTCTTATGAATTATATCAACTACATCTGCGAAATAATTTTCGTAGTCATTCAGATGATTTTCTAGAGTATCAATTGCTTTCGCTCTTGCCGGTTCCTGTATCTCTTCCTGTGCCTGATCGAGAAAATCGTTCATCTTTCCTACATATTCGTTAAAGCCCGCCAGGTCATTGTCACGATTGGTAAGCAGAAAGCTCATTACGTTCATTCTGACCATCAGCATATTTGCCTGGAGCCTTCCGGCAAGGTTTGTGTCCATTGCAAGCTGACGATAACTTTTAAATCCAGAAGATGAATAAGCAGATTCAAAGATTGAAGAAGCGGATATGGTCAGTATTATTGCAATTACCACTGAGAACCCAATAATTATAAGCTTGGAAATTTTCATTATAATCCTCTTTCATGTAAAATAAGTTTACGTAGTGTTGTGTTTGTCTGTAAGACAAAGATAGCTTGCTTATCTAAATATGCAATAATTTTTATCAAATATCTACCAAGATGCAGTAGGAAAATTGTGGTATAAAGAGAGTATGGAAAGAGGGCTGTCCAATAAGCTGGCTTCAGAACTAAAAAAACATCTTGGTAATAACGAAGACTGGCTCATTAAACGAATTTTATATTATGCAAAAAAGCAAGGTTATACCGCATACACTTCCACCCTTGAAGAGGCGTGGAGGGCTTCAATTGTCGGTCTTAGTACCCCCCTGCTTAATACTCCGTCCACATCCTTCTGGCTACAGGAGCTACATCCTCATTCCGATTTTCCGAGCGATCCTTATGCCCAGTTCGGTGTTATGGAAGCTAAAAAACACAGGGAACGGGGGATAGACCTGATAATGTTTCTTGGGCTTTTCAAATATTACCGGCAAACATATGAAGACCTGCTTTTCAAAGTTGATATGGACATGGACGACATTAAGAGCTGCCGTACTTTTCTGAAAAGGTATTTCGACAGGGTAGAGCTTGGCTTTATCGATGGATGGATGAAGCTCGGCGGTGATACCATTAACCATGAGATGACAGAGGCTAACAGGCAGCTTACAAATGAGAAGTCTTTGTATCTGACTACTCTGGAAAGCCTTAAGCAGCCGCTTATCGTTACGGATGACAACGGAGCAGTGAAGCTTATGAATCAGGCAGCGGCAGAGCTGTTTGCAGGTCATTCCGCACCAGGTGCAGTGTATTACGGCGGCCAGAAGGTTAATATCTCTCCTGTTATAGAGAAGAATATTAAACTTTTTCTAAAGACGTATAAAGTGTCAGACAGTTACACATTTGTTTATAACAATAAAGTCTTTGATGTTACGTCTACCCGTATGAAAGATGTTAGCGGTAAATTTATCGGTCTTGCCGTTATATTAAACGACATAACAGATAAGAGAAACACAGAAAGCTACCTGAAAGAAAGTGAAGCACTGCGGAAGGCATTTATGGAGGGGATAGATGCTGCTGCACTTGTGCTGGACATGGAAACACAGGAAGTTGTTGATTTTAATACCAGAGTGGAAGATCTTTTTTCTGGGTGCAGTTTTACAGAGGAAGGTCCTGTTTTTTATGAAAATATTGGCGGTGAGCCTCACTCTGTATTCGATCTTGCGGAAAAGTCAGTTAATAATGAAGAACGATATATCGACCTTTGCAGAGAGCATTTTAAACCGGTCAGACTTTTTTCTGTGGAAGTATGGTTTCACAACAAACGTCATAAAATAATGATAATTTTTGATATTTCACGGGAGAAAATGCTGGAGAAAAGAGCTAACCACCTGCAGCATCTTGAAGTTCTGGGGGATATCGCAAGCTCCATTCCTGTTATGATAGGTGCAGCCACGGAGGAGCTGGGGGATACTATCGATGAGCTTCAGAAAGGGCTTGCCGGTGGCGTAGGCTCTGACGTTTTAATAGATAATGTCAAAACAGCAGCAGGGAAGGCATCTGATATCAGTGAAGTTATCACTGCCCTGCATTCCATTGTGCAGTATGAAACAGAGAGTGCGTGTATTGATCTGAATCAGCTTTTGAAAAACTGTATAACCCTTACACGGGACAAGTGGTATCCATATGCCGATGTGCAGACATCATTTGGAAACGGGCAGATTGGGGTTGTATGCTCTCCTGATGAGATGGGACAGGTTTTTCTGAATCTGCTTGTGAATGCTGCCTATGCAGTGCGCAAGAAGTATGAGACAGACAGTGGCAGAGGTTCTATTATTATATCGAGCAGATATACTGGTACGTTTTTCGAGGCAAAGATAAGTGACTCGGGCATAGGCATAAAGAAAAAAGACTACAAGCGTGTTTTTGATCAGGGATTTTCTACAAAAGAGGTTGGCAGTGTCACAGGGAATGGACTTGCCATAGTGTACGATATCGTGGTGAAAAGACACAAAGGGACTATTGAATTTAAAAGTGCAGAAGGGAGGGGGACTGAGTTTACTCTCCGGATTCCCGTTGATTAGGTATGATGTATTTTAAACTCCCAACAGAAACAGCCAGAAGGTGAAAGTAAAGATAGACAGCAGTGTTGATATAACTATCGTACTTCCGGCAAGCGGCGCATCACCCTGCATCTGAGAGGCAAGAACATAATTCACAGTAGCAGTCGGCGCAGACAGCATTATAACGAGTGTTTTTGATGTG
CP001968.1_gap11	531441	532270	829	CTTCAGAAGCGTTTTCATAAGGCGGTTGAAGACCTGCTAGAGCCAAAGGATTTCGTTGCCGAGCTGAAAATTGATGCGCTCATGGAACCCTCTGATGTCAGCTCAGAGCTGATGAAGTGGCTGGGGCGCATGGAGCCTTACGGTGCGGGGAACAGAGAGCCTGTTTTCTGTATGCGCGGAGTTAATAAGCATCAGGAGCCCGTTTTTGTGGGCAGAGAAAGTATGCATCTGAAGATATTTCTGGAAAAAAACGGAAAGGTCTTTGACTGCATAGGTTATAACATGAAAGCATACAAGGATGTTGTGTACGGAAACGAAAGTTTTGATATAGTTTTTTCTCCAGCGGCGACAGGCTATTATCACGGGCGTTACACACAGCTTGTTTTAAAAGATATAAAACCGGCGGATGGTGAATGGGAAACAGAGAAAGAATAGTCCGTTTGATGGACATACAGGACAGATTGATAAAAAACGGCATAAAAGACGGGTTCGACCGTGTGCATACCGCATACGTATATGCCGCCCAGAAGCATAGAGGACAGCTGCGGAAAAGTGGTGAGCCTTACCTCTCGCACCCTTTGAATGTCGCTTACATACTCGCTCAGATGAATATGGACGTAGATACTGTTGTGGGCGGGCTTCTTCATGATACAGTCGAAGACACAGATGCAACATTCGATGAGATATCAAAGCTTTTCGGCGAAGATGTTGCGTTCATCGTGGACGGTGTCACAAAAATAGGAAAGATAGAGTTTAAATCTCAGCAGGAGAAACAGGCGGAAAACTTCCGTAAGATGCTTATATCCATGTCAAAAGATGTACGTGTTAT
CP001968.1_gap12	534918	539786	4868	GAGACGGCAGTCATCGCTTAAAGCTTCTGTCAGCTTTGCCATATTACGCACATCAATCATGGACGCCTCGTCGGCTACAACGACATCATAGGGGAGTTTGTTCTCTTTGTTAAACCTCGGCACACGGCTGTCTCCAGCCATACCCAGCAGTCTGTGTATGGTTAGTGCTTTTTCCGGTATCTGGTCTATGAAAGCTTCGTGTTTGTATTCTTCACGTTTTTCAGAGATAGATTCTGTCAGCCGTGCCGCGGCTTTACCGGTTGGTGCGCATACGGCTATTTTAACAGGCTCACTGCTCATCTCTGCCAGAACTGCAAGCAGATTGAAAACAGTGGAGGTCTTACCCGTACCGGGGCCCCCTGATATTACGCTGAAGCTGTTCATGGCGGTGTTTATTGCCGCTGCTTTCTGCATGTTATTTTCAGGGAAATACTTATCTATTAACTTTTCTGTTTCCGGCGTCATGATGTATGGGGCTGAAACTCTGTTTTTTATATAAATCCCCACAGAGTTTTCATCAGAATAGAAACTTTTCATATATATACTGCTGCCCGCTTTTATAAACGGAGCAGAGATAGCCGGAGCCTCGCAGAGCGCACCTTTTGTTATGAGTCCGGCGATCACATTTTCGCTGAAGGCATTATTGATTTCTTTGTTAAAGGATTTATAGAATGAAATCTTTTCAGGCTCTGCCATGTTCAGGCAGGTATTCCCCCCCTCGGTAACGTTGAAGACGAGCGCAAAAAGAAGCGCGCCTTCCGGTGCTCCGAAGGTATCTGCAAGATTCCTTGCAAAATATATGTCTATATCACGAAGGAGTTTTTGCTCCTGAAGCTGTAGCAGTAAATTTATCATCTTTTCACCAGCTCTTCCAGTCGGCATATCGTGTCCTTTTCGGGGCGGTGGAAATATATCCCTTCGTTGCCCTTTTCATGTATGCCGCGCATGAAGACATATATTCCCCCTCCCATATGTTTATCATAGCTGTAGCCCTTCAGATACCTTTGTAGATGCATGTGAAGTGCAAGGGTATAGATATGCATCTGCATGTAGTAGTGACTGCCGAGCATTTCTGCGTGCATCCTTTCCATACTGTAGTTCTCCGGTGTCATGCCAAGATGGTTTGATTTCCAGTCCAGAACATAATACTGTCCTCTCTGGCAAAATATCAGGTCAGCGAAGCCGTTCATAAAGCCCTGCATAGCGTCGAATGATAAAGTTGATGCTGCGTCTGCATAGTCATTTTGTCCGCTGTTTCTGAAAATCTCTGATACGGGTTCCGGTCTGAAAGGCTTTGTGGCGATCTGAAATTCCATTTCGTGGATATAGTCGCCTTGCTTTAGGTCTTTCAGGCATGTCCCATGCATATCTTTATTGAGTATCGTCAGTATGTTCTGTGTGACAGCAGGTGTGAAATCTGTATCAAAGGAGAAAGCTTTAAGTCGTTCTTCAACAGTTTCAGCTACAGAAAGCGCACTGAAATTTTCAAAATCGGTCTCTTCCATACATTCATGAAGACAGGTTCCAGCCTTCGCCCCTTTTGGGAACGTGAAGATATCAAGCCTGCCGGACGAATCAGATGTCTCATCTTTCATAGTAAATTGGTCTGTGTCTCTGACGCTGGAGGAAGAGTGTATCAGACGGGAAAAGCTGTTTATCTGCCATGGAGGCGTAATCTCTGATGTGAATGTCCTGTTTTTGCCCGTCGGTTGTATTTCAGAACCTTTATATGTCTGCACAGCCGTGTCAGGCAGAGGCTTTATCGCTACATTGCTCCCTCTGAAAAAGGAGTGAAGCCTGCCGCTGTCAAATTTGCTCTGTTCTCCGTTTATGAGATAAGCTAGAGCAGATTTGTCGTGCCCTGTCCCTTCGCCCCATGCAGTAAAACAGACCGATTTTGCTCTTGTGAGTGCAACATAGGCTATGCGCAGTTTTTCCTGCTGTTCTTCCTGCTGTGTTTTTTCTATGGCTTCGTCAGTCCCTGCCACATCCAGAATGAATTTGTCTTCTTTATGGTATTTCGCATAGTCGGGTCTTTTGTTATTGCCCCTGGAAAACATCAGGAAAGGGGTGTACACGATGTTGTATTCCAGCCCCTTGCTCTTGTGTATGGTGATGATGGTTACAGCATTTTCGTCACTGTCCATCTTAAGTTCGGATTCCTCATCACGCATTTCTGCGTTGCTTATCTTCTCTTTCATCCATCGCAGTATGTCCTGCGGTGCGGCTTTTCTGTTCGCCTCAAACTGTTGGGCAAGCTCTGTTATGTGTATAAGGTTAGTGAGTTTTCTCTCTCCCGACGGCAGTTTTGCCAGCCTTTTATAAAGCTTTCTTACAGATGCCATATGAAAAAACATCGGAGCAAAACCACGCAGGCTTATCATGTCGTTATAGTTCCTGAATTCTTCTGTGATGTCGTCCCACTGGTCTGTTTCAGTGATGTGATAAATCTCTTTTGCGGTGTATCCGAACGCAGAGGACGCAAGGGCTGTCTTTATATGAGATTGACTGAAAGGGGAAATTACAGCGGAGAGTATATTGACCATCTCTACAGCTTCGTCACTGGAAAAGACGTTTTCTGACCCTGAAACCACAGCGGGAACACGGCAGTATGTCAGTGCTTCTTTCACCATAGTCATCTCTTTTTTGTTACGGCAGAGAACTGCTATGTCAGAAGGTTTCACAGCTTTGCCGTTTATATGTGCAGACCCATATGAGGACTTGTTCAGCAGTTCAGATATGTGCCTTGCCGTGGACAGAGCGATCTCTTCAGGTTTAGTTTTTTCGGTTTCCCACACTATCATATGGGGTTGTGGTTTTTCAGCCACAGTTAGAGCCAGCTCTTTGTGTCCGCCAACGGATGGGATATATTCTATCCTTGGTTCCATGAAAGCGTTTTCCCTTTGAAAGAAGCTGTTTACTGCATCAACCAGCTCCGGTGCGGATCGGAAGTTTTTTGTCAGAGTATACTGATTTCCTTCCTCTGAGGCAGCTTTAAGATATACATAGACATCTGCCCCTCTGAATGAATAAATTGCCTGCTTAGGGTCTCCTATCATGAAGAACGGTTTACCGTATCTGCCGAAAACAGTATTAAAAATGTCATATTGGTGGGGGTCGGTGTCCTGAAATTCGTCTATCAGTGCAGCGTTAAATTTACGGTTTACGCTGATGCTCATGTTTCCGTGACCTTCGTTTTCCATTACCGAATTTCTCATTCTGGTTATCAAGTCATCGTAGGACTGGATGTTGTTTTTTTGCTTGTGGGTTTCCAGCACTTCTTCCATGTATAGGCACAGTTTGTATTTCAGTGTGGATTCAAAAAGTCTGGACAGCTCTCTGAATTCAGCCTCTTTATCGTACCATTTATGCACCAGACTGAAGAAAACATGTTCAATTTTCCCTTCTATACTGTGGTTTGTGAGCCTGTATATCTTTTTGTTTTCAGATTCCAGCGGGCAATGGATATTGCCTGACTCTGTGAGTTTTTTTAATTCGTTAAAAGAGTCATTAACATATCTCGCCTGATATGACCTTTTGTCCAGTGGAAAGTTTTTTCTTTTGCTGTCAAGCAGTTCTCTCAGCTCCGTTTCATTGCTTGTGAAGCAGGTTTTTACTGTAGTCATGCAGTCTGTCAGTTCGGATATTATTTTTAGGATATCTTCCGGTTCCACAATCACCGCAGGTTCGGCTACGGTTATGGACTGATTGCTCTGTACTTGCATATAAAAATTGATGAGGCTGTCCGGTGTAAGACTTTTCAGAAGTTTTATAGCCTCTTGCGGCATTTTATAGATATTTTCCCGCCAGAAGTTATATACAGGCTTTTTCAATATCTCTCTGCTGTCGCCGGTGAGGTCGATGTCATACGCAACATGTCCGCTGAAAGCGTTTTCCTTCAACATGCGCTGACAAAAGCCGTGTATTGTGAATATCGCACACTGGTCAAAGTCACGCACAGCGCCTTTTAGAAGCTTAATATCTTTTGTGAGGTTTTCCTTCCGCTTAAGGGCATAGTCCAGAGGGAATTCATCCTCCATAGTTATTTCTACGCTGTCCCGCAGGGAGACCATAGCCAGCAGTACATCATTAAGCCTTTTATATATTTTGGCTTTCAGATCAGACACTGCGGCATTTGTGTAAGTAACTACAAGGATGCTCTCCACAGGGTACTGAAGCTCTGTGACCATTCGTGTAAAGAGGGCGGTAATGTTGTATGTTTTTCCTGTACCTGCGTTGGCTTCTATCAGGCTTGTGCCTGTCAGAGGGGCGGTAAGCAGTTCCATCTGTTTGCGTTTCATTTCGCACCCCTCAGTGTCAGCAGTAGGGGATTAATAATCTTTTCTGCTGCGTCTCTGTCAAGCGTTGTATCTGCTCCGAAGCATATGCGGAAAGCATAGTCGGACGCTACGCTGTTATGGCTGTCTTCAAGAAAAGAGCTTTTTAACACTCTATCGTTCAGCTCACGTATTCCGTCAGTTATGTGAAAGCGTAAAGGTGATTTATGCCCCTCTTTGAATATCTCCACCAGATTATTCAGGTGTCCACTGTCCGCAGGCGGGATCTCTACCGTGTTGCCGCCTCCGCATAGAGTCGTAGTTATGGATGCTTTTTGACAAAGGAGAAGATGTCTTATCCACCCTCTGATGATGTCTTTCGGTTTTATACTTGCAGGTTTGGCATATACATACCTGTTTCCGCTTACGCCGAATATTGTTCCTGATATGTGCAGACCGTCAATGGCACTGTCGATTTTCTGCTCTTCGGGTGTTCCGCCCAGTGTTTCTGTGACGGTTCTGTTCAGCTCCATGCTGGTATTCAGAGTTTCTGTGATGGAGAGTCTGCCCAGGTTCTCTGGAGGGAGTTGT
CP001968.1_gap13	542594	544865	2271	ACAGCGATGAGGAACTTAAGGGGATCCTTATTGCGACATGTCTGCACCCCGATTATGCTGACAGCCTTTTATCTTTTTTTAAACCTGTCTCTGGTGTTGTATTTGATGATGCTGTATTTTTTGTAAAGTTCAGGAAGAAGGACGGGGCGTATATTGAATGTGTCCTGAATTTATTTAGCATCAGTGATAAAGAAGGTTCTAATGCGGGGCATGTGCTCTATTTTAATGCACGCACAGGAGATGACGCTGCCCAGAGACAGGTGAATGCCGGCTCTGACATGCAGTGGATAGATATTGAAGATAAAGATAGAAAAGAGGAATTCCTTTGTAATATATTTCATGGGATTCAGGACTCTGTGCTTATAACTGATGCCGGAGGTGTTATCCTCAGCTACAATATGAAGATGCTGAAACTCCTTGGGTTGAATATGGAGGAGATGGCATCTTTTGCAAATCTGGCGGATATCTCTGCGGAAGACCTTAATATTAAGATCGCGGAGAAGTTTATCAGAGGGGCTTTTGACGGAGCAGATCAGCAATTTACGTGGCAGCTTAAGAAACCTGCTGACGACACAATTATTGACGTTGAAATCTTTGCCACAAGCATAAGCAAGGTGGGGGAAGATGTCCTGCTCATTACCATAAAGGACATTACAGACAAGAAAAGGATCGAAGACGAGCTTAAAAACTCTGAAACCAGATACCGTCTTTTAGTGGAACACTCTCCTGATGGAATAATCATTCATAAAAAAGGGGTAATAAAGTATGTAAACCCTGCCGGAGCAGTTTTGCTTGGCGGGGGGCAGGCTGAGGATATTCTTGGACGTCCTGTTTTGCAGTTTTTTAAAGAAAACGTTCATGGAGTTATCCGTAAACGCCTGAAAGACTTATATGACTATAAACGTTCTATGCCTCTTGAAGAAGGTGAGATGATACGTCTGGACGGACAGGTTATAAACGTGGAATTTGCCTCTATGCCCTTTGAGCTGGAAGGCGCAACTGCCGTTCAGGTTGTTCTGAGAGATATAACCGAGAAGAAAAAGCAGGATAAGTATATTAGATATCTTGCCATGCACGACAGGCTGACAGGTTTGCCCAACAGAGAGCTGCTGACTGACAGGATAAGCAAAGGAACCGCCAGACAAAAGAGGGGCAATCTGAAAAATGCGGTCATATATATTGATCTGGACGGATTTAAACCTATAAATGATACCCTCGGTCATGATGCCGGAGATGAAGCTCTGCGAGAGATCGCTGTCAGACTGGACAAATCTGTAAGGGGGAGTGATACAGTCTCAAGGATAGGGGGGGATGAATTCGCCGTTTTTCTGGAAGGGGTCGCAGGGAAAAAAGAGATAAGCAGAGTTGCCGACCGCATCCTGGACAGCCTTAATAAGCCGATAAGCATTAATGATCATTTATTTCATGTCGGTGCCAGCATGGGGATCAGCATCTATCCCGACGACACAGTTAATCTTGGAGAGCTGATTACTTTTGCCGATAAGGCGATGTATTACGTTAAAGAAACAGGTAAGAACAGGTATACATACTATAGTGATGTTCCGGCAGGTGTTTAGAAAGTGCCTTTTAAATTATGTTTTTTCAAAGTATGATATCAGTATGGGAAAAACAATAGACATAGCTGACAATCTGGTAAAAATGGCACACAGTCTTAAGTATGATGATTTTGACGCTAAAGACAAAATTTTGCAATATGCAGGTAAACTGATCGGGGATGAGTTCGGTGAATCGAGCATATATATGCAGAAACTCGGACTGATAGTCTTTTCACCAAAGGATGGTGCCGTGCTCGGGAGCATGGGCGCAGGGGAAGAACATCTGAAAAAGGCAGTTTTCACAAGCGGAGCTGAAAGGCTGGTCGAACTGCTGGAGCAGGTGCGTGATGCCATCGGGGGTATACCTTCGGACAGCGATAAAGTTGTTGTTATACAGGCGAAGGACAAAATCGCCGCTTCCCGTATCGTATCCCACATAAAAGCTAAAGGCTATGAACCGGTTCTTATAAAAGATACGGATGACTGGAAGAGTAAGATTGACGAACTTTTACCTTAAACAGGATCAGATAACTTTACTCTGTTTTTTCATGAGTTTTACGTTTGGCATAACTATACCCAGCATCAGCAGCAGAACTCCGTATATCTGATACACAACAATATTTTCACCTAAAAGTATCCCAGCAAGTATAAGTGTTACAGCAGGCTCTATTGAACTGAATACTGACACGTATGTTGCTCCTATAAGATCTATTGC
CP001968.1_gap14	565639	569512	3873	GCACTGTTATCTCCGACATTCGCAGGGATTACAAAAGCCTATGTGGTGCAGGGGAAGATCAAATGAATTTCAGAGAGAAGTATGTGGCACTGGCTCCGGAAACAAAAAAGAAGCTGAACATAGCGATAGTTCTGTTTATTGGGGCGGTTATTCTGACGCTTATGTACTATGCCTCCGGAGCTTCGAAAAAGAGGCCTGCCGCAGTGCAGAGGACTACTGTGAATGCAAAAAACTTCAGCGCAAAGGAAGACAGGAATACCAGCCTTCTGCTTGGTATTGATAAGAAGTTCGGTGATGTGCTGAAGCGTGTGGAAGAGCTTGAAAACCGGAAGGCTGACTTATCGTTCAATAATCAGCCGTATCAGGCTCAGGAACCGGATAAGGTGATTGCCGCTGGAGAGACTGATTTTCAAAAATCTGTTAACTCAGGCGGCATGAGATATCCGCAGGAAGAGAACAATCTTGAATTCGACAAACCAAAGGATAAAAAGAGCAGACCGACGGAAACAATAATTTCAGGGATAGACTATATTTCGATATCGGTTCCGCAGGAGACTGAACAAAAAAAAAGTAATCCTGCAAAGGTAAATTATGTGCCGTCCAATTCCATTTTCAAAGCGGTTCTGCTTACGGGTGTTTATGCCAAAACATCTACACAGGGGAAGTCAAACCCGACTCCGGTAATATTTCGGCTGACAGACCTGTCATTCTTTCCTAATGAGGTGAGACGAAACCTTGCTGGCTGCTATGTCGGCGGCGAGGCACATGCTGAGCTCTCTGACGAACGGGTGCATACCAGACTAACAAGCTTTTCATGCATCACATCAGACAGAAGACAGGTTGTGGATATACCTGTAACTGGAAGAGTTCAGGGTGGTGACGGCTCTGTTGGTATCGCCGGAAAGGTTATTTCAAAACAGGAGGCCGCCCTGCTGCTTGCCGGCGTGTCCGGATTTATAGAGGGCGGAGCCGAAGGATTCAGTGCCGCAAACAGCACTCAGAATGTCAATGTGTTCGGGACATCTGAGCAGACATATACAGACGACCAGATAGCCCGAAATGCAATTGGAAAAGGGGTTGGAAAGAGTGCAGGTGTACTGACTGACTTCTTCGAAGACCTTCTGCAGGAGATAAAACCTGTGATACATGCTCAGGGAGGGCAGGAAGTGGAGTTGATCATATCAAAGGGGTTTTCCCTTGAAATGGAGGAGTGGGAATGGACAGGTATAAAATATTAGTGATAATTCTGGCGGCCGTAGCTCTGAACGGCTGTATATATAATACTGAGCTTGGCTGTGATGGCTTCAAGGATGCCGGAAGGAGCTGCAAGCCTGTAACCAGTAATGTTGAATATGCCGTTGAGAAAGAGAAAGAAACAGAGATTGCGAAGACTGAAAAGGTTGAACAGGAAAAAGATGTTGATGACCTGATAAATTATAGCATTAACCTGGGAGAGGCTAACCCGCTTACCACTAAAGCAAAAACACTGAAAGTTACGATATTGCCCTATGTGGATGACGCAGGCAGACTCCATATGCTCAGCAGTCTTTATATAATCATACAGAAGCCCGACTGGATTATAGGCGATTATTTGATTCCTGCAGATAAGGGTGCTGTCCAATGATCTCTTGTCTGAAAAGAGCAGTTACAGGTGATAACGGCGGTCTGCTTAAATCTGATATTCAAATTAAAAGGGAGCAGTTCAGCTCGTTATTCCCATATGTCAGTTATGATGAAGAGACAGAGAGTTATTTCCTGCGTGACAATTCTGTCGGATGGATATGGGAATGCAGTCCGGTCCTTTTCGCTGATGACAATATATTCAATCAGATAGCTTCAGTTATAAGAGGTGCAGAAGCTCCGGACACCATCATACAGTATATGCTTTTTGCAGATCCTTTTATTGATCAAATTGCAGATGGGTATAAAAACCTTCGTGGGCGCAACAAAGAAATTCTGCCGATACATTCCCAGCTTATAGATGACTATTCAGAGTTTATCAGGAAGCATGGAAACCGTGGAATGTGGCAGCTGTCTGGCACTCCGCTGCGGCACTTCAGGCTGTTTATTTCCGTCAGGATTCCTGTTAAGGCGGATGCGTCCACAAACACAGGCAAATACAGAAAAGAAGTTGTCGGACATCTTGACTATATATCAAACGTCAAAGAATCTATGAAGCTTTTTAATCCTCTGTCTATGAAACCGGACAGGCTTATTACTATGCTCTATAGACTGGTGAATCCTGATCTGGAGCACAATAAAACGATAGAATGGGATGAGAATATCCCGATACATAAGCAGATTTTATATTCAGATACTGAGGTCGAGCGTGCTAAGAATTCTATAAGGTTTAACGGCAGGCGTGTTGGGATACTGACACCTAAGAAACTGCCCAGAGAGATAGATAACCTTTTTGCGAATGATCTGATAGGGTATGTCAGCAAAGGGATAACTGCGGCTGAGAATGATATCAATCAACTCCAGTGTCCTTTCATATACAGTGTCAACATTGTCATAAACAAGAATCTGAAATCAAAACTTCAGACCAAAGCTGTTCAGAACTCAAAAGCCACTGAAAGTGCAAATAAAGATGGCAGGCATTTTGATGCCTTCGCCGCAGGAACAAACAACAGGAAACAAGAAAACTTTTATGTGGCTCAGAGATATGAGATGGGGGAAAGGTTCGTCCATGTAATACCTCAGCTGATGATATTAGCTGAGAGTGAGGACGAGCTTACATCAAAACTGAACAGGGCAAAATCCATATGGAACACCTGTGGTGTTGAGTGCCAGACGGAGCGGGATTACCTCTTGCATGTGCTTTTCATCGCAGGGTTGCCATGTGGTATGTATCACAGCAATTTTCAGGATTTGGATAGAGATTTTATCCTGGACAGCAAAGGGGCTTCTCTCTTTGCACCTGTTCAGGCTAGTTTTTCAGGGGTTGGCTCTCCGGTGCTGCTGTATATTGACCGAAGGGGTGAGCTTGTCAGTCTTGATATTCTGAATACTGGGAAAAACAAGAATGCTTATGTTACAGGTGGGACAGGAGCGGGGAAGTCGTTTTTTATGAACGGATTTGTGAACTCATATATGTCCATTGGTGCAAAGTTTCGGATTATTACCGTTTGCGATTCATACAGGAAAGCATGCTATATGACCGACGGTCAGTATATTGAGCATGATGAAAGCGGAATGGTTCTGAATTTCTTTGAGGCGGCCGGAGTTGTCAAAGGGACTCTGATACAGTCCATAAACCATAATGGAGTGACTTATCCTGCAAGGACAAAGGTAGAGATTCTTGAACAGGGCGGGTCGGAAATTAAGATACTTGTGGGCGATTCTGATGTTTTATATGTGCGCTCAGAAAATGTAGGCAGTTACTGCATTGAGATGGACGGTGACACGCTTATTATGCTCACGGGTATTCTAGCATCTATGGTGACTTCCCGTGCCGGTTCTGAGCTAGATGAAGACGAGCTGACCATTATAGAGAACGCAGTTTCATACATGTTCAGCGTGAAGGGCAGAGAGACAATGATAGACGATATCCACGATTATCTGATGAATATATCGGAATATCACGCTCAGGATGACAGAAGCAAATATCACAGGGACACAGCCTATAGACTGGCATTAAGGCTTGGTAAATACTGCTCCGGCGGACAGTACGGGCACTTCTTTAATGGTAAAAGCACTGTCAGATTCAAAAGTGATCTCGTGGTTGCTGACCTTACAAAGACACCTGTTGATTTGCGGAAAGTTATAGTCCTTGCTTTTGCAAATATTATTGAACAGGAAATTTATAAAGGAGATAGAAAAACTCCGCAGTTTGTGGTGCTTGATGAAAGCTGGCAGACTCTTTCAGAGAAT
CP001968.1_gap15	760262	761298	1036	ACAGCGATAATCAGGAACTCTTCTCCGCCCCACCTGCCTATATAGTCTGACTCTCTTGTATTGGCTTTGAGTAATTCTGCCAGCTTTACAAGTACTTTATCCCCTGTCTGATGCCCATGAGTGTCATTGACGTTTTTGAAGTGATCTATGTCAATGAGAACCGCACAGAAATCAGTATTGTGTCTCTGGTGCCTGCTGTATTCAGATTGAAGTACGTCATCAAGTTTATGTCTGTTATACAGGCTTGTGAGTCTGTCGGTTACCGACAGCTCCTCTATCCGTTTTTTGTCTGTTATATCTCTTGAAATGGAATTAAATCCGATTATGGTTTGGTATTTGTCAACTTCAGGTGAGATAGTCTGGTGTACCCAGTATTCTTCTCCTGTTTTATTGACATTCTTTATCTCTCCCTGCCATGTGTCACCGTTGCTTATGGTTAGCCACATACTTTCGAAGAGCTCTGAAGGGTTGTCCGGATGGCGGAGGATTCTATGGGTTTTGCCTACTATTTCACTTTTGCTGAAACCTGTTATTTCGGTGAATTTGCTGCTCACTTCTGTTATTCTGCCGTGTATATCTGTTTTGCTGGTAGAGATATGTCTGTCTATCATTTTGTTGTACTCTTTTATCTTTTCATAGGCGTTGAGCAGACTGGACTGGAGTCTGGACGGCAGATATGATGCAAGCCATGAAAGAGGGATGGATATCAGCAACACGATGAGAGTTATGAGTATAGCAGACAGTATATTAGATTTTTTGAGCTGCCCCATGACCTCGTCTTTCGGCGCAAGAATAAGCTTAACCCCTTCGTTGTTAAGGAAGATATCCTCAAGACAAAACATATAAAATTCATCCCGGATGGCGTCCCCTTTCTTTTTTATTACATCAATGTGTTCGGGGAAGATATCTTCTGCATTTGGTCTGTTAGGAAGGTATCTGCTCCACGACTTATCCGGTTCAGGACTGACGAGAATATCACCGTAAACATCAGCAACATATACGCTGAAATAGGCAGAGTTTGATAAGGTGCTGAGTA
CP001968.1_gap16	836556	839619	3063	ATATGGAACGGATAAATGGTGATTTCCGTCACAAAGGCAGTCTGTATGAGGGTCTGCGTTATGAGGTCGAAGAACTGAATATTCTGGCGTTTATGGAAAAATTCATAAACCGATTATTATCAATAATTGATGGAGCAAAGGAAACATTTACAGTTTTTATGAATAAATTGGCTGGAATACAGGAAATGGTAAGGCTTTCAATACAGAATCTGATGTTTCAAAGGTGCGAAACTTGAGATTGTTATTGGAAAATCAATATACCATCTATGTGAGACTTTTTCTATTGTTATCCTAGCTATAACAACAAGTTATCGCACTATATCAAGATGCGAAACTTGAGTTATAATATAACATATTGTCAAAACATTTTAAAGTGTATAAGATTGGTCTCTTTTGTGTGCAAGGATATGTTGCTCTGGAAACGCTTGGTACGTAGCGTTTTATTGGCGTTTGCTATAGTTATTATTATCATGCAAATAAATAAAAATAGATAAAAAGGTTTTTTGAGGATTATACACCTTTTAAATAAAAGGGTTAAAGTGTATATTTTCATGGAAAGGAGAAGCATATGCCTGAAAAATCAGCTAAAGGTGTTGTGTTACATTTGCTTATCGGTGCTTTTCTTATCAGTTTTTCCCCTGTGTTTGTTAAGTTGTCAACAACAGCTGGCACAACATCCGGTTTTTACAGAATGTTTTTCGGACTTTTGGGGCTGTCTGCACTCTTCTTTTTCGGTGGGAAGCTCCAGCGCACCAGTTTGAAAGGGTTTATGGTTATTACCATCTGCGGTCTTTTTTTCTATTTGGATATCTATTTCTGGCATATCAGCATTTTATATGTTGGTGCAGGTCTTTCCACTTTACTGGCTAATTTTCAGGTTTTTTTTATGGCCGGTCTGGATATTCTTGTCTTTAAGCAGAAGCTTTCTAAAAGGCTGGGAGTTGCGATTTTGATGGCAGTCATCGGGCTGTATCTCCTTGTGGGAACGGGCTGGGGCGATAAAGATGATGCCTTCCGTATGGGTGTTTTTTTCGGGCTGCTCACTGCCATGGCATATTCCGGCTATCTGTTTACTTTACGCCTTGCGGGCAGCCTTACTGAGCCTGTTGATAAACGAATGAGTATGTTGATAGTTTGCCTTGTGGGAACTGTTGCCCTTGGGGTCACTGCCCTTATTTCTGGTGAAAGCCTTGCAATACCTGATGTTGAGACAGGAGTATACCTTGTGTCATACGGAGTGCTTAGTCAGGCTGTCGGATGGGTGATGATTGCTGCTGCTCTGCCGAGGACAAGGCTGACTATTGGCGGACTTGTACTGCTTCTCCAGCCGACACTGGCATATGTCTGGGATGTTGCCTTTTTTGATAAAGTTATTGCCAATACAGATTTATTGGGGGCAGGGCTTGCCATCTTTGCTATTTATCTGGGGACAATACGTCCTGCTGGAAGACGCTGAGTTAATGTTTTAACATTTTGATTGCCCGTGTTTTCTTTCTAAATTATAATTTAATTAGGGGCTGTTCACATTTATTTTAACCATATGATTACAGCCACCAATGTTACCATTGCCTCATAGTTTCTTGCAAGTTTTTCATATCTTGTGGCAATTCGCCGGAATTCTTTCATTCGCTGAAAGAGCCTTTCAACCAGATTGCGCTCTTTATACAAATGCTTGTCATATTTCCGTTGTTCTAATCTATTACATTTAGGCGGGATAACTGCAACAGCACCAGCCTGTATTATTGAAGACACAAAAGCATTGGAATCGTACCCTCTGTCAGCAATCACATAAGCAGGTGAAAATCCTGCGATGAGATTATCTGCCTGAGCGTATTCCGACTCCTGTCCTCCCGTAAGGATAAACCTTACAGGGTTGCCATGTGAATCCACAGATGCATGAATCTTAGTACTCAGACCGCCTCTGGAACGCCCTTGGCATTCTTGGTTTTGGCAGTTTTTTTTGATGCACCATGTTGATGAACCCTTACAATACTGCCGTCTACCATAAGGTACTCAAGGTCTGCATCTCCAGACAGCTCTGCAAATACTTTCTGCCAAACATCCTTTTTAGCCCATCTGTCATAACGTACGTATACACTATGCCATTTGCCAAAGCAGGGGTGCATGTCACGCCAAGGACTACCTGTTCTGGCTATCCATAAGACTGCTTCTACAAAAAGACGGTTATCTTTAGCTGTTACTCCGCTGTCGCTCTTTTTTCCGGGGAGCATATCTTTGATGCGTTCCCATTGTTCATCTGATAATTGAGCTCTATACATAAAATACTCCAATTATTTCATTGGAATATATATCGGCATTAATTTAAATGTGAACAGCCCCTAGTTATAAACAAATTATCATCTGGTTATTATTATGCTTAAATCTCCTTCGACACGTATCCTGATTGTTGTGATGTTCTTTTGGGCAACGGCTTGGGCTGAAGTCTCCTGCGCCTATCCAGTGAAGGTTTCTGATTCAAAAGTAAGTGTCAATATAGGTCTGTCTGTGGAGTATTACGAAGATAAAACTGCAACACTGACCCTTAAAGATGCCATCAGGCTTAATAATGAAAATCAGTTTCGTTCGTCTGTTAAGCTGCCTTTGAATTTTGGATATTCCAAAAGCACGTACTGGCTGTCTTTTTCTGTTATGGGGGATACTGCATCAATGTCAGGCTGGGTTTTGGATATTCCTTATGCTCCTCTTGATTATATCACGGTATATATCCCTAATGGAAAGGGGAGTTATGCGGAATTTCGCGGAGGGGACAAAGTCAGATTTAAAGACAGGCAGGTTGAGTACAAAAACGCAGTATTTATGCTCGGGCGTGATCTGCTCCCTTATCAGGAATATTATATTAAAGTGTCGTCAGGTGGATCTCTAAATCTTCCGATTTTCCTTTGGACAGGAGCCGGTTTTACCCAGCATGTAAACATGGTGCAGACAGGGATGGGGATATACTTTGGTGTCATGTTTGCTCTTCTGCTTTATAACGCTTACTTATATTTTTCGATACGGGACAAAGACTTCTTGTTTTGTATCTTGATTATACTTGTTTATTCA
CP001968.1_gap17	921124	925545	4421	GGAGAGCTGCTTGAGCTTCCAGGCGGAGTACACGGTATTGTTTTCAACCTTGAGGAAGACAACGTCGGTATCGTTATTATGGGTGAGTACGCTCACATCGGTGAAGGCGATACTGTTAAAAGAACAGGTAAGATTGCTTCTGTACCAGTTGGTGAAGCTCTCATCGGACGTGTTGTTGACGCACTTGGTCAGCCTATTGACGGCAAAGGACCTATCGAAACAAAAGAGTTCGACGTTATCGAGAAAATCGCTCCTGGTATCGTAAAAAGAAAGCCTGTACACGAACCTGTTCAAACAGGTATCAAGGCTATCGACTCTATGATTCCGATCGGTAGAGGTCAGCGTGAGCTTATCATTGGCGACCGTCAGACAGGTAAAACTGCTGTTGCTATCGATGCAATTATTAACCAGAAAGGTCAGAACATGATCTGCGTTTACGTTGCTATTGGTCAGAAGAGATCAACTGTTGCACGTATCGTAGATACACTGGAAAAACACGGAGCTATGGAATACACTATCATAGTTTCCGCTTCTGCATCTGATCCTGCGCCAATGCAGTACATTGCACCTCTTGCAGGTACTACAATGGGTGAGTACTTCAGAGACAGAGGGCAGCACGCACTGCTCATCTATGATGACCTTTCAAAACAGGCTACTGCTTACCGTCAGATGTCACTCCTTCTGAGAAGACCTCCTGGACGTGAAGCTTACCCTGGTGACGTTTTCTATCTTCACTCAAGACTTCTTGAGAGAGCTGCGAAACTTTCCGACGCTGAAGGCGCTGGTTCACTTACAGCTCTTCCTATTATCGAAACACAGGCGAGTGACGTTTCGGCTTATATCCCGACAAACGTTATTTCGATTACTGATGGTCAGATATTCCTTGAGTCAGACCTTTTCCTCTCTGGTATACGTCCGGCGGTTAACGTTGGTATATCTGTATCAAGGGTTGGTGGTTCTGCTCAGATCAAAGCGATGAAGCAGGTTGCCGGTAGTCTCCGTCTGAACCTTGCTCAGTATCGTGAACTTGCTGCATTCTCTCAGTTCGGGTCAGACCTTGATGCTGCCACTCAGGCGCAGCTCAGACGTGGTGCCAAGCTTGTTGAGATTCTTAAACAGGGACAGTACAAACCTGTTAAAGTTGAAGAGCAGGTTGTTATTATTTTTGCAGGTGTTAACGGTCTTCTTGACAGTATAGAAACATCAGCTCTTTTGAAATTCGAATCAGAATTTATCGCATATCTTAAGAGCAACAAAGCTGACATTCTCAGTGAGATAGTTTCAGCAGGTAAAATCTCTGACGAACTTTCAGCTAAAATGAAAGCGGCAACAGAAGAATTTAAAAAGATGTTTACAGCGTAAGGAGCTTTAAATGCCTGGTATAATGGACATAAAACGGAAAATTAAATCCGTTCAGAATACGCAGAAGATCACGAAAGCCATGAAAATGGTTTCCGCAGCCAGAATGAGAAAGGCTGAGGAAGCTATGAATGACGCTCGTGCTTATGCGAATAAAATCTATGAACTCTGCTGCAATATGGCAGAAAAGGTTGACTCTGAGAGCCATCCGTTTCTTGCCCAGAAAGCAGAGGTAAAGAACATATGTCTTGCCATTATTACCAGTGACAAAGGTCTTTGCGGTGCGTTCAACTCAAACGTACTGAAAAAGACCACAGCTTTCATCAAAGAGCATGAAGGCAAAAACATTAAATTTGTAATGGTTGGTAAAAAAGGTAATGATGCTTTCGGAAAGCGCGGATATGAAGTGCTTGAGAAGTATATCACCTTTGGCGGCAGGATAACCTATGAAGAGGCCGGTGAGATAGGCGACAAGCTTGTTGACTACTATCTTAACGAAGAAGTTGATGAGATATATACTATCCACAATGAATTCAAGTCTACCTCTGTACAAGTAGGTAAAGTAACAAAAGTGCTCCCTCTGGCGTTTGAGGCTCCTGAGGTGGCTGCTGCTGACGGTGCTGTAGATTATATCTATGAGCCCAAAGCAGATGTTCTGCTTAAAGAAATAATGCCCAGATACATTAACTTCACGGTATTCTTTGCTGTACTCGAATCCATAGCGGGCGAGCACGGCGCAAGGATGATCGCGATGGATAACGCATCCAGAAACGCAGGTGACCTTGTAAGAAAACTTGAGCTTCAGTTTAACAAAGCTCGTCAGGCTGCTATTACTACTGAAATTCTGGACATTGTTAATGGTGCAGAAGCACTTAATGGATAAAGAATAAACTTAATAAATTGGAGATCAAGGAAATGGCTGAAAACATAGGTAAAGTTGTTCAGGTAATTGGTCCTGTTATCGACGTTAAGTTCGAAACAGGTCAACTTCCAGAGATTTACAACGCTCTTGAAGTTACAATTGGTGACCACACAGTTATTTGTGAAGTTGAGCAGCACCTCGGTGAGAACATCGTAAGAACAGTTGCGATGAGCTCAACAGAAGGTCTGGTCAGAGGCTCACAAGCAAAAGATACAGGTCAGGCTATTACTGCACCTGTTGGTAAAAACGTTCTCGGACGTATTATAAACGTAACCGGCGACCCTGTTGATGAGGCTGGTCCTCTTGAGACAGAAACCCGCTGGCCTATACACAGACCTGCACCTACTCTTGAAGATCAGGATACAGGTACAGAGATACTCGAAACAGGTATTAAAGTTATCGACCTTCTTGAACCCTACACAAAGGGTGGAAAGACAGGTCTCTTCGGTGGTGCTGGTGTTGGTAAAACAGTTCTTATTATGGAGCTTATCAATAATATCGCTCAGGAACACGGCGGCTATTCAGTTTTCGCTGGTGTTGGTGAGCGTACCCGTGAAGGTAAAGACCTTTTGGAAGAGATGGAAGAATCCGGCGTTATCAGTAAAGTTGCGCTGGTGTATGGTCAGATGAACGAACCGCCTGGTGCACGTATGAGAGTTGCACTTACAGGTCTGACAGTCGCTGAATACTTCAGAGATGAAGAAGGTCAGGACGTTCTGCTGTTCGTTGACAACATCTTCCGTTTTTCTCAGGCAGGTTCTGAGGTTTCCGCTCTTCTCGGTCGTATGCCGTCTGCGGTTGGTTACCAGCCTACACTCGGTACAGAGATGGGTGAGCTTCAGGAACGTATTACATCAACATCCAAAGGTTCTATTACATCAGTTCAGGCTGTTTACGTTCCTGCGGATGACCTTACTGACCCTGCTCCTGCTACTACATTCGCACACATTGATGCGACTACAGTTCTTTCACGTCAGATTGCAGAGCTTGGTATTTACCCTGCGGTTGACCCACTTGACTCAACATCACGTATCCTTGACCCTGGTGTTGTAGGTGAGGAACACTATGCAGTTGCTCGTGGTGTTCAGGCTGTACTCCAGAAATATAAAGAACTTCAGGATATTATCGCTATTCTTGGTATGGAAGAGCTTACTGAAGAAGATAAAATGACTGTTGCAAGAGCTAGAAAGATTCAGAGATTCCTCTCTCAGCCTTTCCACGTTGCAGAGCAGTTTACAGGTACTCCTGGTAAATATGTTCCTCTTAAAGAAACTGTTAAGGCTTTTAAAGCTGTTCTTGATGGTGAGGTTGATCATCTCCCAGAGCAGGCATTCTACATGGTGGGTGGTCTTGACGAAGTTTACGAGGCAGCAGAGAAACTTAAAGCAGGTAAATAATAATGGCTGATACAATTAGGCTTGAACTTGTTACACCGGAAAGGATGATCCTTTCTGAAGATGTTGAAGAAGTGATAGCTCCCGGTGTTGAGGGTGACCTTGGCGTTCTCCCTGAACACGCACCGCTTCTCACAGCTCTCAGGGTTGGCGAGATGGCTTACAGAGTTGGCAAACAGATAGACTATATTGCTATTGTCGGAGGCGGCTTCCTTGAAGTCAACAACAACAAGGTGATAGTTCTTGCTGATGATGCCGAACTTGGTCAAGAAATAAATCTTGATGAAGCCATCGAGCGCAAGCTCAAAGCTGAACAGAACCTTGAGCAAGAGCGTAAGGCGGATGAATCTGCTTTCAACTCTGCTCAGGTACAGCTTATGAAAGAACTCACAAGAGTTCAGATAGCTGAGAAGTACAGAGCTAAGTAATTTCATTACTGCTTCTATATTTACATTAGGCAATATATTAAGGGCGTATACTTATGTATGCGCCCTTTTTGTTTTTATAGTATAGTTACATAGAGGGGGCTATGAAAAATAATATCAATCATTTTATAAATGACTTCTATTCAGATATAGACAGTCTTGAAGATACGAAATACATAGTAGAGAAGTATTTTGCACACGAAGCAGCCCTTAGTCACTATGGCGAAATATCAAAAGGCAGAGAAGCTGTTGAGGACTGGTACGACGCTATCAAAGCAGGCTTTTCTGAGTCTATGCATCAGATAAAAAATGTGGAATACA
CP001968.1_gap18	978871	981823	2952	ATATTCCCGGACTTTTCTGTACCCGTGGTGCAGGCATAAACGGTGAAAGAGGGGGAACCGCAGAATATATGAATATAAGAATGGGATCCTACACTCTGCGCTCCGCACTTGAATATATTGATGGTTATTCGAACAATACATCTGATTATTCCTCAGCGATAGAGGAGTTTGAAAGATTGGAAGAGATAAGAAAGAGGTCAGCAAAAAGTGGTCTCCGCCCTCACGTAGTACGTCAGAATATTCAGAAGGCTGTAGGACCTGCATTCAGTGTTGTTCGTACTACTGAAAAACTTGAAGCTGCAAGTGCTGAACTTGCCAGGATTAGAGCGGAAGATTTGCCAAATCAGATTTGTGCTGATAATTCAAAAACTTATAATACCGAGTGGAGAATGGCTATCGAAAACTACAATATGATTGAGATTGCAGAGATGGCAATTAATGCAACTCTCATGCGTGAAGAATCCCGTGGTTATTACCGTCCAGAGTATCCCGATAAGGATGATGAGAACTGGGGATGTATGCTCGCTGCCAAGCTTGTTGACGGCGAAATGGAATTCGAAAAAGTCTTTTTTGATGACATCTCTTGGGACAACGTTACCTGGGAATCTTAATTATAAGTTTGAAAGGAGATATAAATGAAACTGGAAATATACAAATATAATCCTGATGTTGATAATTCAGCTTCGTATGTTTACGTAAATATTGACTATAAAGATAAAATGACCGTTCTTGAAGCGATTCAGTTTGCACATGAGAAAACACCTATCCATTTTGATTACAGCTGCCACGGGCGTGCCTGCGGAAGATGCTCTGTTGTGTATGACGGCACACCTGTTCTTGCCTGTATAACACCAATAACAGATGGGGATCATACTATTGAGCCGATGAAAGGACACACTGTCCTGCGTGACCTTATTATTGATAAAAGCGAGGCTCATGCAGACCTTAGCCAGCGTTACAGAAGAACCAGAGCGGTTAACTTGACTGAAGAGCAGATAGAAACAATCTATGATACAAGTGTGGCGGAGCAGATTAGCGCTATTGAGTGGTGCACAAGATGTATGATGTGTACTGCCATGTGCCCTGCTTATAAAGCCAACCCTTCAACGTATGTAGGTCCTGCTGCAATGCTTGCAACAGCGTATCGTTATTATGACCCTTATGATGAAGGAAGCAGAGTGAATGAGGCCGTTCAATCAGGTCTCTGGAACTGTATAATGTGTGGACAGTGTGACTATGTCTGTCCTCAAAAAGAGATAGAGAGAGTCTCACAAATATGGAAGGACCTCCGTGAAGCCGCGACAGATGCGGGGCTTGGAAACGAATCTTAATAGACAATATTAAGCTTTCTAACGTGTAAGCCGGTGCAGCTACTTAGTAAATATACATAATTAGTTGCCCGGTTGTTTACCAAAAATAGTGAGGAGGTTCACTTGAGACACTTGACCACATTTAAAAAACTCTGTGGTGTTGCTAATAAAGGTCTGCTAAAAGGTGCTTTTGTTATTTGTGCAATAGCGATACTCATTCTTCCGGATTTCTCCTTTGCCGTGGACTTGCAAGCTGATTCGAAGCTTATGCTTCGTGCCAGACAAACCGCAGATGAAAAAGACTTATTACCTGTTTATGACTATATGAGCTTGGCAGCAACAAATATTCTTGATCCAAGATTATCTTTTTATGCCGGCGCATGGCTGAGATTGGATTTACATGATAAAAGCTCTGATGATTCAACTGAAGGAGAGCTTCAGTATGCTTATCTTAACTTTCACTCTGACAATAATAACCTTGTTGCTAATCTTGGTCGTCAGTTTGTTACAGAGGGTGGAATCTCAGAGAGGATTGACGGAGCTTATGTAAGCTCAGATCTTCCTGCCGGATTTGGTGTTGCTGCATTCGGAGGAGCACCTGTCACCACAGATACTGATGAAGATGGCGGAGACATCATTTATGGAGGCAGGTTATCACACTCTGATTCCCGATGGTATACATTAGGTGTGAGCTACTTGTATGTTGGTGAGGATGGTGACGATTTCCGTGAAGAAGAAGCTATCGATTCATGGATTCATCCTATCTCTCAGGTGGATATCACAGGACTGTCATCTTACAACTCAATCACAGACGGATGGATGGAACATGACTATCTCGTGTCCGTTACGCCTCTGGACGAGATCAGCATCGATGTTAATTATACCAGGATAAACTACGCTGATTACTTTTACAATATGACATCCAATGTATTTAGCCTGATCACGCTGTCTAATCCTACAGGAACAATGGATTCCAGAGAAGAGATGCGCAATATCGGTGGTTCAGTGACATATTCACCAACGGAACTGGTTTCTCTGACTGCTGAATATAAGAACTACGACTACGAAATCGCTGGAAGTGCTGATCTCTATGGGGGAAAGATCCTGCTTAGTTTCAGTTCTATTAATTTATCCTCCGGTGCTTCTGTCCACAGGATGGAAGGTGACACAGATGAAACCTGTTACTGGGCATACAGACTTTTTACTTCTTATAAGGCTGATAAACTCATCACAACATTAGATTTTCTGAATATGGTGTTTGATGAGAGTATTAGCGGAGTCGATAACTCTTTTGTAGCTGTTGCTTCAGCTTCTTACAATGTTAATTCCAGTCTGAAAGCCGGATGCAGCGCAGAATATTCTGAAAGCCCTGAATTCGATGACGAAGTCAGAGGTATGCTGTATTTATCTTATCTGTTCGGGAGGGCTGAATAAAAATGAAAAATATTATTATATTATTGATGTTTACGTTATTGATCGTGGCTTGTGCCCACACAGTTAGCATTCCGCGGGAGCACCCTGAGAAGCTTGATGCTATGCCTAATTGTGCAGACTGTCATGACAATGAACTGCAGGCTTTCAGCCATACTAAGCCTGCATTTTTCAAAAAACACGGTGCATATGCAAAGCAGGAGAGACTTGT
CP001968.1_gap19	983232	987800	4568	CTCATAAAATACCTTAAAGAAATGCATAACAGAGATTGTGGGTTTTATAAATAAGCTTTGTGTCAAACCTTTAGCCAATTTTTTGCTGCTTTGATTATAGCTGAAAGCCCTTTATTTGGATCCCGATATCAATGAGAGCATGAAGTTCCTCCTCTCTCACTGGTGTTAATAGACAGCTCTGGTCTATATATGACCGAGCTGTCTTTATTATTAGTTGTGAATTAATAATTTATACTTGTGTTAGTGCAAAAGATATTAAATATGAATCAAAGGCTTTTACCCTGCCGCCTGAAGACTTAGAAAAGTTTTAAAAACAATATTCATTATTATTTTCAATTCGTATAAGCTGTAGTTTAATGTATAGTATAATTTTTATTCAGGTGAGAACCTGTAGATGAAAGTGAGCTTGACACCCATTTAAGCTATAAGAACATATGCCGCCGCACCATATGGCATGCAGAGAAACGACAGTCGCAAGATCAAGCATAAAGGAGAAAGCATAAGGAGGAGTCTGTCGGAAACAGCCTGGCTTTTAACTGACTTATACTTAAAAAAGAAAGATTCTCTATGCGGTGAAAGTGTACGCATAAAAACGCTACACTGTTTGAAAGCTTCCAATCCTAATGTCCGAATTAAGCGATACAAGTACTTATTACAATATAAAGAGCCCTTGCCTTTTCAGTGGGGGTTCTTTTTTCTGTATCTGATCTGTGCCTTATATGCGTATAACTATTTTTGAAATAATTAAAATTCTCTCCAAATCCAGACTACACGCCCAATAATAGGGTTGGAGGCGTTTTCTTCGGATAAATTTACTACTATTGCATCATGTGTTCTATTTTCAGGGATCAGAGTTAAAAATTGTTCCTTTATCACTTTTGCTTTTTTGAAAGTGTAGCCAGTACCGTAGTTGTCATCAAGCTGACAAAAATAAATAAATTCAGAATTTAAAGAGTTCAGGTCAGGTACTGCTTTGTATATGCAGACCCCTGCTATGTCGCCCTTACATAAGTGCGGCTCCATAGAGTCGTCCCTTATGTGAAATGCTTTTAATTCACAGAATTTATTTGATGCGCTGTTTGGTACGCATACCCACCTGAGAGTTTTGTTATTTGTTATTCTCATTACAGATGAGCCAGCTAATGATTCAGTTTCACGCACTGGGATAAACTCAAAAGCATTTTTATTAATAACATCCGGCGGAATATTGCCGTAATAAACCTGAACATCTGAGGAGACAAGAGGTGACGAGTATCGGTTTTTTGCCAGGCTAGCAGGTGTTTCCAGGTCAAAGATAGTGTTGTAGTCAACCCCCAATGCATTAGCTATCTTGATAATTTTGTGTGAATCGAAATTTCCTGTTTTTTCATGATGTTGATAGGTTTGATAAGTGATACTGAGAATATCTGCAATTTTGACTTGCGTATAATTCTTAATTCTTCGTAAATCTTTTATTTTTTCACCAATATGTTTGTACATTTTAGTATTTTATCATGCAGATTAAACCTGTATAAGCAGAAAATACCTGCTATTTTTAGTTGACTATTAATTAATATGCAGATATATTCTGCATTAATAAGCATATGTTTGTAAGTTTGGGCATGGGTTCATATTCATAAGAGAATAAATGAAATAAGTGTTTGCTGTAACAGCATAAAATATCAGCCTTGATAGAACATAAAATAAGTTGGTTACAATAAACTCATGAAAAATACTACAGGAGATTCTTATGAAAAAAGTTTTGATACTAACTTTTATGGTTCCTTTTATAGCGGTTGCGTCTATCGGACCGTCAGAAATAAATCTCAGGGAGACATGGGGTGTCCAGGGAACCAGAGGAGATGTCATTTTTAAACACGAGTTCCATCAGGATAATAATTCATGTACTGACTGTCACAAAACCGATGAAGGCGGGAAGTTTAAACCTGAGGGTGAAATCAAAGGTATGACCAATAAAAATGCTGCACATAAATTTTGCTGGACATGCCACCAGTCGAAACATCTCCCCGCTGTAAAAAGATGTGACAAATGCCATACGAAATAGAACCATTATTTTAGAAGGAGGTTTTTATGTCGAAAGTTAGGAATGTATTTTTGCTGTTTTCTCTTTTTGTCTTTGTGACAGGTGCTTCAGCCAGCACATTGCAGGATATTATGAAACAGCGCAACCTGTCAGAAAAGGATATTCTGGCAGCAGCAAAAACTTATCAACCTTCTGGTAGAAAAGACGAATTTATTACCTTTTCTTCCGGTGGTCAATCAGGTCAGGTTATAGTTTATGGTGTTCCCTCTATGAGGATTTACAAGTACATAGGAGTATTTACACCTGAACCGTGGCAGGGTTACGGCTATGATAATGAATCCAAAAAAGTTTTAGAAGGTGGCAATTTCAGAGGGAAGAAAATTACATGGGGAGATTCGCATCACCCTGCTTTGACTGAAAAAAATGGTGAATACGTTGGTGATTACCTTTTCATTAATGATAAAGCCAACCCCAGAATTGCTGTTATTGATCTGAAAGATTTTGAAACAGTTCAGATTGTAACAAACCCAATAATGAAAAGTGAACACGGAGGTGCCTTTGTCACCCCTAACAGTGAATACATTATTGAGGCAACACAATATGCAGCACCTCTTGATGACCAATGGCATCCTATAGAGGACTACGAAAATTCGTTTCGTGGTGCTCTGACTATGTGGAAGTTTGATTATGACAAGGGCAGAATTAATACTGATAAATCTTTTTCACTGGAACTTCCTCCTTACATGCAGGATCTTTCAGATGCAGGTAAGGGCGTTTCCAACGGATGGGGTTTTATAAACTCTTTTAACTCAGAAATGTATACTGGCGGGATTGAAAAAGGTCTTCCTCCTTTTGAAGCAGGTATGAGCCGTAATGACAATGACTACCTTCATATTTTCAATTGGAAAATCCTTGAAAAACTTGCCGAGGACGAGAAAAACTATAAGATCTACAACGGTCATAGAGTTATTTCTATGGAGGCTGCTATCAAAGCAGGCGCTCTTTTCCTTATCCCGGAACCGAAGTCTCCTCATGGTGTAGACGTCTCTCCTGACGGAAGATTTCTGATTGTATGCGGCAAGCTTGATACTCATGCTTCTGTTTATGATTTCAATAAAATCAAAGGTTTGATTGATAAAAAAGAATTTATTGGTAAAGACCCTTACGGTATACCTATTCTGGACATGAAGAAAACACTTCATGGTCAGGTTGAGCTTGGGCTCGGGCCTTTGCATAGTTCTTTTGTGCCTGAGGAAGGTGTTCTTTATACCTCTCTTTACGTTGATTCTCAGATTGTCAAATGGGATTATAAGAATCTTAAAGTTCTCGACAGAATCAATGTTCACTACAACATAGGTCACGTTGATGCTATGGAAGGTAAATCAGCTAAACCTGCTGGTAAATATGTGATTGCACTTAATAAGCTATCCATCGACAGGTTTAATCCCGTGGGACCCCTTCACCCTCAGAACCATCAGCTTATTGATATAACAGGTCCGAAAATGGAACTGCTATACGATATGCCTATTCCTCTTGGTGAACCCCATGATGTTGTGACTATAGCCGCATCAAAACTTAAGCCTAAAAAAACATATGATATGGGTAGCGACTCGCGTACTGGTAAACCGCACCCTGACGCAACTCTTGCCGGCAGCGAACGGATTGAGAGAAACGGTAAAAATGTAAAAGTTTATGCGACCATGGTTCGTTCACACATAAACCCTGAGCATATTACTGTCAACAAAGGTGATGTTGTTACAATCGTTGTGACAAACCTTGAGAGAGCACAGGACGAAACACACGGTTTCGGTGTTGACGGTATGAACGTTCACGCTTCAGTTGAGCCGGGCAAAACGGCAAGTGTAACTTTTGTGGCAGATCAGGAAGGTGTATTCCCATATTACTGTACAGAGTTCTGCTCTGCTCTACACCTTGAGATGATGGGATATCTTTTCGTCAAAGATCCTGACAAAAAGTACGAAGATATCAAAAAAACTCAGCTTAAAAAGATGAGCCAGGAAGAGCTCATGGCTGAATATAAAAAGATAATAGCCACAAATAAAGCGACTGATGATGTCATCCAGTCTGTAGTTAAGTATCTGAAAGATAATAACTATCAGAAATATTCCAGCATTGAAAGGCTTGTAGTTGACGCCCTTGATCAATACGGCAAGATTCCTGAGGTAAAAGCGAAAGCAGATGATGCCTATAATAAAGGCAATCTGGATGAAGCTATCCTGTGGGAAAACCAGGTATGGCAGTACATGGTTAAAACCGCCGATGTCGGACTGCGCGCCAAAAATAACCTTGCGAGAACGATTGCCACTCCGATGAGTGATGCAGCAGCAAGAGGCGAGCTTGCATATCTTGAAGGCGGGTGTAACGGCTGTCATGTTATCGGTCAGGTCAGCTCCGGTCCCGACCTCACAGGTTCAATCTGGCGTACGAACGAAAAATGGGTTTGGGAATTCATCAAAGATCCGGCACCGAAATATAACGAACCTTACGTTAAGGAATACATCGATTACTTCAATCTCAGAATGCC
CP001968.1_gap20	995720	999383	3663	ACCCACAGTACGGGCAATCAGCCCTATGGGCAAGTCTGTGGCCGAAAGCATATGCTCTGCCTGTCCGATGCGCTTTTGTCGTATATATTCGGTGACTGTGCAACCGTGGAATTGTTTAAAGGAGTATTTGAATTTTGTAGTGCCCATACAGGCAATTTTAGCCAGTTTTTTCAGAGGCAGTTCAGATGCGAAGTGGTCGTTGATATATGCAGTTACGTTCTCAAGCCCTTGTATATCAATGTTATTGACTCTTTTCTTTGGTTGTTCAGATACCTTTGCTCTGTCTATGACCATAGAGACCGCTTCTGCAACTTTACCTTCGTAAAAGAGCTTTGAAGCAAAGCCGCTTCCTCGGTAGTTTTTAACCTGATTCAGCAGAAAAAGCATCTCCGGAAAATTACTTGTTTGCTCTACCTGGTGAAAAGCTTCATAAGCATTTATATTTTCGTCAGGATACTGTTGTTTCAAATAGTACTCGTAGTAAGCAGGCATTATCTCTATTCCGACGGATCGTATTGGTATTTTCTTATGTATTAATATCCTGTACGGATTGTTCCCACCTATGAAGCTTTTTATACAGTCTGCACTCAGGCGGCGGTAAGGCGAGAGTTCATCACCAGAAATTGATTCATAGTGAGTTATACTGAGACATTCAGGGAGGTTGAATTCCATAAATGTATCTTCAAAAAAATAGAAGTTGTGTATTTTTATGTCAAATAGATCTTTTCTGTCGTATATCCACAGATAGCCGCTTCCGAGTTTTTCCGAAAGACGCCAGCACTTACCAACAGAATTTACCTCAGAGTGACCTTCATCCTGGATAAACCCTCTCTTCTCAAGATCGTCTTTATAATACATGTCGATAATATTGTCTTTGATGCCGGTGCTCCTTTGTAACGATCAGACGAACTTTTGCTCCGAAAAGCCGAAAGTACGCTGGTGATATTGCAAATCAATATCATATCAGTATATCGTCATTATCAGCTGAATGAAAGAAAGAAGTTACAGGGAGATTCATTTATGTGTGCTAATAAATCCAACTATAAAAAGAGAGGGTTAACAACAAAAGATTTTGTTGTCACAGGGGTGTTTTCATCGATATATGTTGTTTTTAATATTGCCGGAGGAATAATATTTGCCCCTAATCCCGTTTTGACATTTTATACCCCCATAGGGATGGCTCTTCTCTGTGGTCCTGTTTTCTTACTCTTATCTGCAAAGGTGCCTAAATATGGCGCTGTGACTATTCTAGGCATTATAATAGGCATTTTATGGTTTGCCACAGGGATGCACTGGGCTTTCGGCACTGGGGCGATTGTCATGGGAGGGCTTGCGGATATAGTTTTAAGATTAGGCAGATATAAGAATTCAGTGTTCGGCATTGTCGGGTATATGGTTTTCTCCTTAGGTCCTGTAGGTACTTATGCTGTTTTTTTTATGGATCCTGCCGGCTGGTCTAAGACAATGATAAGCTATGGCACATCTGCGTCTTATGTGGAAACTATGAATACTGCGGCATTTTCAGGACTCTTGCCCATAATTGTTATCGGGACTTTAACTGCTGCGCTACTCAGTGGGTTAGTTGGCAGAAAGATGCTGAAAAGGCAATTTGAAAAGGCTGGAATTACAGCATGAATAACGCTTTTGAAGCTGGTATTTTAAAGTTTGATCCCCGTACAAAAATCTTGATTCTGATATTGTGTATACTGTCGGCGGCAATGTCGCCGTCTCTTATTTATAATCTGGTGCTGGTGTTTTTCATTGCACTGTTTGGTATTGTCAGCGGTAGACTTAAATATTCTGTTTACAGCGTAGTGTTTTATATCTTTATCTATTTTGTCACTATGGCTGCAATATCTGCACAGAATAGCCTGCAAACTGTGTTTCTCGCTTTTTTCGGTCTTTTTCATAAAGTTTATCCGTGTGCAATGATGAGCGGTATAATCATTTCCACAACAAAGGTTAATGAGTTTCTGTATGCCGTTAACTGTGCACGGTTAACTGAAAAAATAAGTATCCCTCTGGCAATTATGTTCAGATATATCCCCGCTATAAAAGATGACTGGATGTTCATAAAGGACGCAATGAGAATGAGAGGAGTGAACCCCTCCTTTAAAAATATTTTCACAAACCCTTCGGAGACAATCAACGCAATTTATGTCCCGCTCATGATGTCTGCCTCGAAGGCGGCTGACGAACTGACTATTGCTTCCCTGACCAGAGGGATAGAAAACCCTGCCCGCAGGACGTGTCTTGTTGCTATACGAATGAGTATGAAAGATTATTTTGCACTTATTATATTTTTATCTTTTTTCGCGGCTGGTCATTTTTATAGGGAGTTGTTTCAATGATTAAGCTGGAAAATGTCTCTTTTGAGTATTTCGGTAGGAGAGCAGACAGCATTAGTGATGTCAGTCTGGAGCTTAATAAAGGGGAATGCCTCCTTTTGTGCGGAAGGAGTGGCAGCGGGAAAACAACCATAACAAAACTTCTGAATGGTCTTATTCCTAATTTTCATGAAGGCAGTATGTTTGGAAGAGTTACTGTGGGACATCTCCAGGTTAACGAAACTCCTATGTATATGATTGCAGAAGTTGTTGGTTCTGTGTTTCAGAATCCGCGTACCCAGTTTTTTAATGTCGACACAGACAGTGAGATTGTTTTTGGTATGGAAAATGCCGGGATTCCCGCTGACAAGCTTAAACTTCGCCTGGCGCAAACAGCAGATGATCTTAATATTTCAGATCTTCTCGGCAGAAACATTTTTGAGCTTTCAGGCGGGGAGAAACAGAAGATCGCTTTCGCATCAGTTTATGCCATGAATCCTGATGTTTATGTCCTTGATGAACCTTCGTCTAATCTGGATGCTGCTTCTGTTAATGAATTAAAGAAGATTCTGAAGCTTATAAAACAACAGGGGAAAACTGTGATAGTGGCTGAACACAGGCTTTATTATCTTTTAGATATTGCTGACAAGGTTATCTGTATGAATAACGGAAGAGTTGACAAAGTGATATCGCCTACGGAGCTGAGACGTTTTCCAGCAGATGTTAGAAGCCGGATGGGATTGAGAGCCGCAGACCTTTCAGCGGTTACTCCTCTGAACGCCGGTAAAATCGATTCTGAGCCTGTTATTGAGATCAGAAATGTTTCTGTCAGTCATAAGAAAAAAGTCATTCTGAAAGGGCTGAACCTGCAGGTCGGACGTGGTGAGATTATTGCCGTGGCAGGCAGAAACGGAGCGGGTAAAACGACATTCAGCAGAGCTTTGTGCGGTCTGCATAAAGAGTATACGGGGGAGTTTCTTCAAAATGGGAAATCACAGAGCGCAAAAGCGCGTCTGAAAAACTCATACATGGTTATGCAGGATGTGAATTATCAGCTCTTTGCAGAGAGCGTAGAGAGTGAGTGTTCATTTGGTATCAGAAATGTTCAGATGGAAAAGGTAGATATTGCTCTGGAAAGATTAAACCTTACTCCGTATAGACACTGCCATCCGAATACTCTGTCAGGCGGGCAAAAGCAGAGAACTGCTGTTGCTGTTGGAGTTGTGTCTGAAAAGGAAGTTATGATTTTTGACGAACCGACCAGCGGGCTTGATTCCGATAGTATGTTTCAGGTTTCAGAATTGATCAGAATGCTTTCGGAAGAGGGCAGGATAGT
CP001968.1_gap21	1124694	1127386	2692	AAGATAATGGCCATGAATTAGAATTTCAGCTTAAATCGTATAAACTATTAAAAGATTTACAGAAAAATGTTGATAAAGTTGAACATGTCGGTATTATTCTCACTATAAAAGAAGATGAGAGGCTAAACAGACACTTGTCATATGGTGACAAACATTTTGTAGATATAAACTCATCAATAGATACTTTTTCCAAACCTTCTTATTCTGAAAAGGAAGAAGAATACAGGAAATGGGTTTTAAGTCAAAACCTTTTTGCTAACCCAATGAATATTATTACAAAAGAGTGGGTTGCTGCTACTGATATTCTTCAATTTCCAAGTCATACTGTTAAAGTAGCTGAAGGTCCATATTATATGGCTGCATTTTCATCAATCAAAAGAGAGTATTGCTTTGCTCGACATTTACTTTATGAAGGAATACACGGATTACATCCTAAATATGAAAATAAGGATCTATATTTAGTCGATACTCTTGATTATGTTTCTTACGATGGGGGTATAGAAAAAATTAAAGCTGCTTTTCGTATTGCCTTTAGTCTATTTGATAGTCTTTATAAGCTTCTATACGAGTATTTTGTTGAGAAGAAGAATATTTCTGAAAAAGTATATTTTTACCCAAGTCATTTTAGGAAACATTTTTCTTCATTTGAGAGAAACCCATTTATTAATGCTTTATTCTGGCTTTCATGTGATTTGACTGATAATGACGAAATGAAAGATTGGAAAGCACCAAACCCGAATGGGAAAGACTTTAGAAAGATTAGAAATGCTCTAGAGCACAATTGGCTGAGGGTGGCTGATTCAGGATCGTTTTATTCTGGTGAAATTGATTATGCGTATACAATAACTATGCAGAATTTAACTGAAAAAACATTAGAACTTATTACATTAGCAAGGGCTGCACTGTTTTATACGGCATTTGCTGTTCGGTGTAATGAAATGCATAAGAAAAAAGACCTAGATAAAAGTGTTAGTAACCCTGTGAATATTTGGAGGACAATTTAGTTTAATACTAAATATTTATACTCAATAGATTGTGAGGATTATAATGTCAGGTGGTAGGCATGCATTAAAAGGATTTGAATATCAGGCAACAGTAAATTTATATTTGGTCTTAAAACATTTTTTTGACTCTTCACAAGGGGTATCTATTCGTCCAGAAGGAGAGGATGATCTTGTTGTTTTTTCATCTAGCGGTGTTGACAGCGATTACTATCAAGTAAAAAAACCAAAAGAATTTGATAATGGTGAACTTAAAAATGAACCATGGACACTAAATGACGTAATCCAAGTATTATTAATTGGAAGCTACGACAGATTAAAGGCCAATAATTCACGTCAGTTTTGGGTTCTAGGTGATGATGTAAGTGCAGAAGTAAATGAATTGGTTGCGTCAAAAAGCAATAACTTATTGTATTTGAGAGCATTACATACCTTAGCTCGTGACGATTCAGGAGTTATTCCAAAAGATTATAAAAAATGTTCAAATTTATTGAGGTGGTTCCCAAATAAATGTACAGGTATTGCGGAACTTATTCAAACATTTAGGTGTAAGGCGGTTGGTTTAGGTATCCCACATGCAGCAATTAATGAATATGCGGAATCACTTACTGAAATCCATAAACATCTTCCAAGTGTATTAACAAGAATATCAATAAAAGCAAAATTTGGACTTGTTGAAGATATAAGGGCTAAAACAAGTAAAATGTTAATAGATTTCTATGGCCTTGATTGGGAGATTGTAAAAGATACTCTGATTCCTGGATTAAGAAATTACCTTTATGGTATTTCTACTAGTTTAAATAAAGTGATCACCAAAGCTGATTTTGAGGCTGAGGTAAGAACTGTATGGCCCAAAATGACTTTAGTTTGTGAACCACCAATAATAAAAAATATGCTAAAACGAGACTCAATAGTTAAAGAAATATTAAAGCGTTCCAAGCAAGGACCCTTAGAAATAATAGGTGGCTCTGGCTCCGGTAAGACAACTATTGCAAAAGCACTTTTTGAAGAGATTAAATATATTAGTCCATCTACAAGGCCGCTCTATTTGGAAGTTAGGCATGATACTAAGTTTAAAGATGTATTAATTGGGATTGCTTTCCACCTTCGTGCTTTTGGTAATGGTCAATTATTTCCTTTAGTTGTTAATTATAAAGTTTCGGATGAACGTGCGATTATTGAATTTGCTGAGAACTGCTCACTTGTCGATACGTTTATTATTATTGATTTAGTCGAAGGAGGGTGCAGCGATCATTTTGCACGAGATATTGAGAGGTTTCTTGAGAATTTATCAAACGATCTTTTTAAATTAATTATAATGGGACAGGATAGTTCTTTTCGTATGCTGTCTGGCTTCCAGAAGAAAACATTGAAGTTGCCAGACCTGTTGTTATTGCCAGGACTTAGTTTTGAAGAATTTATTAAGTTAATGCAACTTGTAAATCCAGGTTTAGTAGACCGTAATAATCTTTTCAAAATATATAATCGACTTACAGCATCTCGCTCCTCCGGTCTTTATGTGCAAGACGCATGTTCTATTGCAGAGGTTTCAACATTCGATGATATGGAGCAGTTATCGGCAATGCCTCCTTCGGAGTTTTTAAAAGAAGCTGCCTATAAGAAATATTCACTTCTATCTGACGATTTAAAACCTGCAGCTGATCAGTTGTTATGCTTTTTGTTGCCTTTTT
CP001968.1_gap22	1131815	1135519	3704	GAATACAGGAAATGGTAAGGCTTTCAATACAGAATCTGATGTTTCAAAGGTGCGAAACTTGAGTAAAAAATAAATTAATTTCAGAAGATGAAATTGTGGAACTATTAATTAATGAAGATGAAGTCAGTAAACATTATATGTTACCAGAGATGCTTAGGGGTATGGGAAATACAGAAACAGCAAATGTGTTATTAAAGTATGCAAAAAATAATACTGTCAAATTTAAAGAGAATTATCAGTGGGCATGGAGAATGGTCGAGGCAATATTAATTTGTGAGCCTACAATGGTAGAAGAGCTCATTAGTTTTGGCCTAGATGGTAAGATAAATGATAATGGTAAAGAAGATCGCTTAGAGAGAGTAATTCAGGGGATTTGCATAAAGAGTCAGCCAGTCATTAAACCAAGTGCAATGTCATTCTTTATGAAACTGCCTAGTAAAGTACAATACAGACTTATTCCTGTTTTTTTTAAAGATAAACGCCGTGAAGTTTTAACTCCTATTATGCAATTCATATATGAAAAACAAGCCAATATAGACTCAAAGATTTACTTAAACCAACTTGTTAAATTTAATAATTCTGATGAAATCAATGAGTTTTTAGCGTCTATTCCTATGCCATCTACACATGGGAAAATGTTATTACATAATTCTATTCTGTTTGGCATATTGGAGTCGATAATTTGGAAAGAACAAAATACAATACGTTCTCAATGCATTAGTGTTTTTGAGCAAAATTGTACTGATGAAAAGATATTGTTAAATGCATTGCGTGTACTTGTATTTTTACAAGATGATCGTTGCTTAACAATTGCAAAGCAAATTCCATTTAAGAAAGATAGTTTCCTAAGTACCTTTGCTGGCTTTATTCCATTATTCTTTAAACATAAAGTCGATTTTGAAGAATACCGTATGCGTGTGTTAGATGTAGAGCTAGATAATGAGATACGACTGCAAGCATTTTTTGTGTTGAGTGCAGCAGGTATCGATATTGGTCAAACTTTAGATGAGTTGGAAAAAATAGATGAAGGTTCGGCAAATATTTGGGACTTCTCTGCTCTCATGTTTTCAATACAGAATCCTTCTAAAAGAGTAATACCTATCTTTGAAAAATCTTTTGAAGATTCTCCTGAAAATAATCCATTTCTGATATTAATTAATAGGTTTGGAGAACTTGATGGCGATGATGTAACAGATTTTTTATTACGAATGTTAAGATCAAGGCTATCTGAAGCTAATATTCTTGCTTGTTTAAGTTTGCAAAACAGAAGGGACAAAAGAGCCCTGCCAGCTTTGTTAAGTCTGATTAGGGAAAGCAATGATGTGCAAATTGTTCAGACAGCATTAGTTGCTGCGATAGCGAGTGGTCCAGACAATATTAATGAATTTATGGACATTTGGGAAAGGTTTCCTGAAAGTTATTTATGGAGATGTGTCCTAATAGGCAGACTTAGGGCTAGCTCTGATGCTGACTGGTTATGTGAGATAGCAATTGATAAAAATCAACATTGGCAGCTGAGACGTACTGCAGTTATGGCTGCAAGTAGATTACCATTTGAATTAGCTTTAGAGAAAATATATTTGACTATTATGGGGGAGGAATCTTCTTTTAAAATTGATAATCACCCTTCACTTATTATGCATAATATTATTGCCCCATTGGTCTTGAAAGAAGGGGGAGCTTTATTGCGATTTTATTTAAGAGGCGAAGATGCATTTGTTGACTTTTGGGGAGATTTGTTTAAAGAGATGTCACAAGGAGCTAGTTATCCCGCCCCTGAAGGTTCGGAGAAAAGCACAGCGACATGGCTGTTTCATAAGCTTACAGAAGAAGGATTTCCGAAGAATCAAAGTGCTCAAGATTCAATTCTGAATGATTTACATATTCCTATTGTACAAGCATCAATTTTAAGAGGATTTAGATTGTGTAACCGAATTGATCTGATAGAGAAATATATTATGGAAGCCAATTCTGAGTGGCTACTTTTGCGCTCAATATGCGAATGGGCTAAACATAATTATACTGACGCAGATATCGACCGTTTAAAGAAATTAGTTGCAAAAACATCATTTCAGAGTTCTGTTTGTGTGAAAAATGTTCTTAGTAATATCAGTCGCCCCATAGTTAGCAAGACTTCTCAATCAGATATTTATAAGACATTTCAAACATGTAACCTTGAGCCTCGTGTTACTTTGCATTTTCAAGACATCATAGATGCCATTGATTCAGGACGATTTAAATATGATGAAAATTACAGTATTGAAAACATGTCTAAAGATAAGTTCATTTATTTGGTAAATGAACTGAACCCATCCAACGACTATAAAATATCACATGATATAAATGAACCTGCTATCGGCTTTGGTGAAAGTGGACCTTTAATTAAAGAGATGAAACCTATAAGTATCAGTGCTAATAATGAAAACAAAGTACGTAAGTATTTACGCACGCTTATTGCTACTTTCAATAAATATGAAGTTGATATCCCTTGGCATAAAAGTTTGCTTTCTGGTGGGGCAGGGCATCATGATCATATAGCATATGAATATGGTCTTGGCTTTTTACGTTTACTTGGTAAGCAAGGAAATATGGATATGTTCTATTCTGAATTGGAAAAGTATCATTATGATATTTTGCCTCGCATGGATAAATATCTCAGTGATCCTTTAGTAAAATGCCTTATCGATGATCGAATTGTTCCATACTTGCGAAGATATGTTAATGCAGGTACAGACAAAATGCTTCTTTCTGTATGTTCATTAGCCTCATATCTTGATAGTCCAGCTGTTGATCAAGTCTTAAGTGATCTTTTTTACAGGTGGTATAATAAATTTGATAGAGCAAGTAAAGATACCCAACATAATAATAATCGTGAGCTTTGGCAATCGTTTAATATTTTAAAAAAACACCCTAGGTTTAAAGTAATTTGTGATTATGATGTGATTTTGCAGTTCAATTGACCCCCCTGGCGGCAAATATTTGCAGCTGAATTGACCCCCCATATTTGCAATTCAATTGACCCCTCTGTGGTGTCAGCTTTTGTAAAAAGTTTTGTAAAAATCTCTCCTTTGTATAATGCCTCCATAGAAAATAACTATGGAGAAATTGAATGCGAAAGGAGTACCACATGCACGACATCCTGGATATTCTACGACGCAGAAAGCATGGCGACGGCTTTAAGACGATCGCCAAGGCTCGCAAGATGTCTAGAAACACCATCAGGAAATACATAGAACTGGCTGTCACTTTGGGTTTCGAAAGTGACAGTGAGCCACCACTGGAGGAGATCGCATACGGTGTCTACCGCAAAGTATACGGAGACGGTTCTCGCCCAGTCAGTGAGTGCCGTAAAGTTCTTATTCCATACAAAGAGAAACTGGAACACTGGCTGAGTGAAGAGCGCCTCACTATGACCAAGATTCATTCTCTTCTTAAGCGTCATGGTGTTTCTGTAAGCTATGACACACTGCGCCGCTACCTTCATGAAGATCTTGGTTTCTTTAAGCACAACACAGTCCGCATGCCTGAAACTGCTCCAGGCGAATACGCAGAGGTTGATTTCGGTCGTCTGGGGCTTTTATATGACCCTGAGACAGACAGAAGGCGTGTGGTCCATGCATTGATAGTGACTTTGCCTTACAGCCGCTATCAGTATGTTCACCTTTGCCATAGCATGAAATTCCAGGAAGTAATCACCGGTCTGG
CP001968.1_gap23	1223942	1226255	2313	GAGTGAGCATGGCGACAGTATAGTTAAAAACTTTATGAATATATGTGGGGTAGAGGCATGAAAAAAGAACTTATCAGAAAGACGGGGATGGGTGAAAAACTTACGCAGAAGGAAACTTACACCCTGTTTACATCTATCATGACAGGCGAAATGACTGAGTCAGAGATAGCGGCGGTGCTTATCGCTATGCGCATGCGTGGGGAAACACCGGACGAGATAGCGGGAGCGGCACTTGCCATGAACGATGTAAAGGTGAAGTTTGATACCGAGGGAGTAAAGGCATATGACACATGCGGAACAGGTGGAAGCGGCAAGTCTACAATGAATGTCTCTTCTGCTGTTGCTGTTCTTCTGGCATCTCTCGGAATGCCTGTAGTAAAACACGGGAACAGGGCTATGAGCGGAACTATGGGGTCAGCAGACCTCTATGAGATGGCAGGTGTCCCGATAGAGTCTGCAAAGGATGATATGGAGGCATACTTCAAAAAGAATAATTTCGCTTTTTGTTTTGCGCCCCTCTACCACCCTGCTATGAAATATGCCGGTCCCGTCCGCAGGCAGATTATGGTTCCGACTATATTTAATTTTCTCGGACCTCTCTCAAACCCTGCTGATCTTGCCGGTCAGATAATAGGGATACCGAAAAGGGAGCGTCTTGCAGGGATTGCGGAAGCGCTGGAAAAAATGGGGAGAACAAATGTTGCTCTCTATAGCTCTCTGGACGGTTTTGACGAAGCATCTTCATGCAGTGAGACAGAAGTTTATGTTATTAAAGAAGAAGGTATCAGAAATTTTAGAATAAAACCCGAACAATACTTCTCTGTCTGTGATATGCCCGTTGTTAAAACGAGGGAAGAAGGGCTTGATATGTTTGTAAAAGCTATAAGTCCTGACGGGGGAAAACTTAACGAGCTGATCGCTCTTAACTCCGGTGTGGCTCTTTATGTCTTTGATAAAGCTGACAGCCTGAAAGACGGCTATATGAAGTCTATGGATACTATACAGTCCGGCAGAGTGTTTGAAAAATACAGGGGTCTGTGATGAAGTGTTCGGATGTCCTTGAAAGAATTCTTTCTAATAAGAGAAAAGAGATAGAGTTACTGTCGGAATCGGTCGAAGAGCGTACAAAGCCTTTGCTGGATTTCAGGCAGGCGATTATTGACAGGCAGTTTATATGTGAGGTTAAAAAAGCCTCACCGTCTCTGGGTGCTATAAACACGGGAGCAGATGTTGAAAAAGTTGCAGCGGTGTATGAATCGATCGGCGCGGGATGTGTGAGTGTTTTGACCGATAAGGAATTCTTTGGCGGGAGCTTTGATGATCTTCGGAAGGTTACGGCTAAGGTCAGTATTCCTGTTTTATGTAAGGATTTTATAATCACAGAGAAACAGATTGATGTTGCCTATTCTATGGGGGCCGATGCTGTGCTTCTTATGGCTACATCTCTTAGCAGAGAGGATTATGAGAGACTATATTCATACGTTAAGGGTAAAGGGATGCAGGCTCTTGTTGAGATACATGAGCTTGAGGAACTTGAGATTGTAAAGGGTATGGAGCCGGATATCCTCGGAGTCAACTCACGCAACCTGAAAACTCTTGAGATAGACCTTAATAAAGGGGCAGAAATAATAAGATCTCTGCCTGAATATGAAGTTAAGATAGCTGAAAGCGGCATGAAAGCAGAGGCGGATATAAGGCTGATGTCCCAAGCGGGGGCGAAGGGCTTTCTTGTCGGGTCAAGCCTCATGGGGGCTGATGACCCCGCCGGTGTTTTCGCTTCTCTGAGGTCGGGGTTATGTTCGTAAAGATATGCGGTATAAAAACACCGGAGATGGCTGAACTTGCGTGTGAGCATGGAGCAGATGCCATAGGTGTTGTCGCTTATAAAAAAAGTAAGCGGTATGTTGCTCCTGAACAGGCAAAAGCTATTAAAAATGCTATTAACGGGCGGTGTCCGCTGGTGGTGGTTAGTGTTTCAAAAGAGGACTGCGAACCTTATGCATCTTTTGCAGACTATGTTCAGGCAGATGATGCCAACACCTCTGAAACCCAAATTCTCAGCGGAAGTGAAAGACCGGATGGAATTTTCAGATACTTCCTGTATGATGCCAGCCGTGGGGCTGGACTGCGCTCTGACTATCCTGACTGGATAGAGGAATACAGCGACAGACTGATTCTCGCCGGCGGGCTTGATTCGGACAATGTCATTGATGTTATTGAAAAGTACAAACCGTTTGGAGTGGATGTCTCCAGCGGAGTTGAGACAGATGGTGAAAAAGATATTGAAAAGATCAAAGTTTTTATAAATAACGC
CP001968.1_gap24	1297419	1300079	2660	ACGGTTCATCCCAAAGGAGATATTTTTCTGCTAAGTATTTGTAAGATTCTTCATAGTTTTCGCCAAAAGAATTTATCTTGTCAATTTCCTCTTTTGGAAGACTAATTCTTTCAAATTCTCTGAAGTTTCTCTCAAGTTCTTTCAAGTATAAGCTCATTTTAATCCTCAGTTATGACTTTGGTATATAATATAACGTAATTTTAAGCAATAGTTTCATGATTAGAAAATCTAAAGGCGCCATAATCCTCTTCAATAATACTAAAAAGGCGATCCGCTGAAGTATCTGAGTCCGCTGTTTAAAAACTTTGATATGTGGTTCAGGGCATTTTTTAATCTCTCCTGGTTATAGAGAGATAATTTATGTGGATTAACAAATTTATGCTGTTTTTCGCCTTCTTTTGCCAGAGCTATCTGACTGTTTAATATTATATCCGTCACAATTTCGTAAGCGTGTATCATATTGCTGACAGTTTCTTCTGCCAGAGTCCCTTGTCTGCCCAGATGTTTCAGCCTCTCAATGGTGTTTAGGTCGCCGAAGGATTTGCTCAGGGTGAAGCATCTGGTGACATCCACGATGAATGACAGAGCAGCACGTTTCAGGTTTATTAAACCTTTATATTCTCCTTCTTTTTCAACCACAAACTTTCCGAACAGAGATATAGGTATTTTGAGGTTAGCATCTGCCTGAAGGGTTTGTAGTAAAAACACCGGTCTCTGTGCTGTTTTAAAAAGGATAAACTGTTTTAGCTCCATGGCAAGTTCAGGTGTCCCTGCCAGCAGTGCAACGTCAAATGTTATAGAAGACCATCTGAGCCCCTTTTCGCCCGGGTTATCGACCCAGCCGCTGATAAGTTTTTTCCATTCAGATATAGTGTTCTGCATTTCAGGGTTTGTAACCATCACATCCCCTTTACAATACTCATATCCTACGAAGTCAAGGTTATCCGAGAGTTTTTTAGCGAAAGCGACAAGATGTCCTTTGTCTTCTTCCGTTATGTCGTCAGGGAACACAAAGCCGTTGTCCTGGTCAGGGTCAAGCATTGCCTCTTTTCTAGCGACGCTGCCCATAACAATTACGGCATGTTTTATCAGACGGATATCTTTTCCGGTTTCTTTCAGGTAGTTGTCAGAGGTAATGCTGTATATACGTTTTTGAATTTCAATATGCATGGATGTCAGGACGGGGAGAATCTGACTTGTCAGTTTCGAATTGTTCATCATCTGTTCTGCAATGGTATAAAGCCCGATATGGACTTCTTGAAGTCTTTCGAGTGAGTTGGTTTCGTTTATATCTATCCCGTATATACTTGCGTCACTGAAAAGTATGCGCAGTATATCCTTACCGGAGATTATTCCCACCGGCTCGCTGTTTCGGACAACAACTGCATAGTCCTCATCCTGCTTCTGCATTTCAGACAGGGCGTTGACAAGTGGGTGTTCCGGTGAGAGGTGCACTGGGTTGGGAGTCATATAGTCTTTAACATCTGTGCATACGATATCGCAGGAACCATCATTGAAAAGCCTGTATATGACAGATTTTGCCGTGATGACTCCTATGAAACGGTTGTGTTCGCATGTGACAACCACAGAGCCTATTTTATGACGTGACATAAGCACGGCTGCGTCTTTTATATTGTCGTCCTCTTTTACTGTCATTACAGGAGACATCATGTATGTTCCCACAGACTTAAATGTTGAATGCAGGATAGAATCTGTCTTACTGCCTGAAAGTCCGTTTATACGGGCGAATATAAGCTTCTGCAGCTTCTCTTTAAAGTTAGCGTAGTCGCTCATCAGTTTGTATATGCATGTTTCAGGGAAAAATATCAGTGAGCACCCTTCGGCACATTTAGCTGTGACAGAATATCTGGATTTTGCAAGAAAAGTTGAAAGCCCTATTAAGTCGCCTGTGCCGATGGTCAGGCTTGAACCACTGTCGTCAGAATCAAGGAGGACTTTACCATCCAGAAGAAGATAAAGCCCTTTGTGATATTGATCATTTTTATAAAAAATAACATCTTCATTTTCAAGTTCCACCAGAGAAGAGTTGCTGGTGAGTATTTCGAGTCTTTCAGAGTCCACCCCCTGAAATAGATAAAAACGTGTTAGAATTTTGATTATTTCGGATGTGAGCATATCACTCTTCACACTCTCTGAGCTGTCTCCTCATCTTTTTGATCTGCCCGTCAAAGAAGATAGCAAACCCGAAAGAGAGCAGGCTGGTTATCATAAATTCGCCGACATGGATGAACAGATTACCTGTTCGGAGGATATCAGCAAGCATGCATAGGAGCGCGATAGCTATAAAACCGTTCATTAGATATTTGCGGATTTTTATCCCTTTTTTAATTTTTATTCTGTCCACTTTGCCGCCTCCTGAGAAAGTTGAAAAGAGTGGAGCAGGTGTTTTAGACCTGCCCCGATAATTTCAGCACAGTGAATTGTGCCGCTTTGTTAGTCTATTATATTATGCATTACTTTAAGAACTTTGTTGCCTTCTTCGATATCTTTTGCTGTCATGCTCGCCGCAGTCATGTTCGATACCACAATATTAGTGATAAAGTTCAGCGGAGCAAGAATCAGAGCTGAAGATGTAGCCGGCATAATGCCTGTTGCGCCAAAGAATTCAACGTTATTTATCCAACCTACCATAGAAACAA
CP001968.1_gap25	1301383	1303630	2247	GCTATCATGATGATTGCAGGCAGAAGTTTAAAACCTTTTTCAAGCTGAAAGAGCTCTTCGCCGGCAGCTGCATATGCGCCGCTGAAGGAGCCAATGACTAAAACGAGTGTAAAAAACATTTTCGTGTATTTGTTCATAGTGCGCTCCTTAATGCTCTGAATTCTTTACAAGTTTGTTCCACAGGATCACAAAGAAAAGACAAAGCAGAACAAAGCCGACAGTTGTCCCCTGAGCTACCAGCCAGTAGTGCAGAGGGAAACCAATAAATGTTGCCTTGGTGAGCGGACCAATCCCTTGTGAGTCACCGGTAAGTTTCAAAAGTATTGGAGTTGTCATCCAGCAAAGAGCCCACAGCACGATGATGATCGATGCTGCCTTAACTTCAGCCTTAACGTGTGCACGTTTAGGGTTAAAAAAGCTGATGTCTAGCATTTTTTCTTTTTCGGTCATACATTACCTCCTTCTTGTCGCACCACAGTGAACTTTTTAAGGTGTCTGTTAACTGTAGTATTACAGTAATAATAATATGACGTTTTAAAATATGTCAACAAAAAAATAACTACCAAGAAGGGCTTTGAGGCTGAAAATTGAAAATCAATTTTGTAAACCATGATTAAATATAGTGATATTCTGATTTTTATTGTTGTGATAAAGTTAACAAAATATGCCGAAGTTTAAAATGAATTAAAGAATAAAGCAGGATTTGAAAAGTATAATCGGCTATATATTTGTTTTTATATACTTGTAAAATCAGACTATTTGTAAATAATGTAAATTTTATAATATCATATGTAGAAAGATGAATTGAGTGACTCGGGAGTTAATTGCAGTGTGGGATTTATTCATAAAATCGCAGATTTAATAATGATATAAAAAATCAATTATGTATACTGTATACGAGCTCGTGTAATTATAATAGTGTTATATAAAAATCAAAATACTTCATTGTCTGCTGATGCAGGTGTTCACAGCAGATGCTTGATTACAGAAATTAAGATGCATTTCTCAATTTTCATGAGTGGTTATAAACAAGAATACACTATGGATGAACAAATTCATATCGAAGTTGACTTCTGAGTAATTTAATTAATTCAAAAAAAAATAGATTCCCACGGGTAAACCCTTGTTTCTATTGCTTCGCATGTGCTTAACACACTAAGTTACAACTTCGTTGTCACAGTTAGAACATGTGCAAAATACGTCACTGCAAAGCCCACAGGGCTGTGGCAACCTCTGAACTCGTTAGTTAATCCTGAGATTGCTTCGTCATTTTACATTCCTCGCAATGACTTTTAAGCTCTAAAGCTGTGATTAGTTCATTCATCCACGCATAAATGCCTGGTGTCCTGCCTTAGACCGCATAAAATATACCGAAAATGGGTATGGGGTTTGTTCTGAGTTGTTGAAAGTGAAAAGCGGTTTTTAGCATTAAAACTAAAAACCGCAATTATTATTTAATGAAAAGTATAATTTCCCCTGTAACCTCATCAGGTTCAACAAGGGGGGTAGCTTCGTCTCTGGTAATAAGGAAGCTGTCTTCCTGTACTGGTAGATATTTGTAATGGATTTTGATCACCCCTGCTGTTTCTTTGGCAATGTTGAGTGTCATTTTTTTGTGGGCTCTGTTTTTTAGGCTGCCCAGATTCTTATAATTATAAGAAACCTTTGAATCAGAAGTTATCTGACCTCCATCCTCATAGTTTACAGTGAGGCTTTTCATAAATATCTTTCCGACATTTTTTACAGACATATTTATGATTTTTTTATCCGGCATGTCCTTAACGCTGTAGAATATTGCTATATGATCATCTTTTGCAGATTGATCATAGGTTGTTTTCAGGTCATCTGTGGAGTTAAAGCCCATTTTTGGTCCATAGCAGCCGACAAGCAGCAGCAGAAGCACTGGCAGTAGATAAAATTTGCGCATAATGATCTCCGGTTTAGTTTTAGTTGTTATTTTTCCCCTCTTGCTCCTCTGTGTCTTCTTCAGATGGTTCCACAGGGATAGAGTTCGCCGTCAGAACCTTCTGTGATTCTATATTTACAATATCAACATCATCATCAGCTTCATCTGGAAGGTCTTCTTCAGATTCTGTTGAGGCAGCCTTCAGCAGTTCTTCTTTCTCACTGATATCGTTTTCTATGTTTTTAATATAAGTGTAGTCAGGCTCAAAAAGTTCCGGATCAAGCTCCCCGTTCTCAATAAGCTCCAGAACTTTGTTTCCCAGTAATGTTGTTCGTTCGTCT
CP001968.1_gap26	1306693	1308408	1715	TTGCCCTGAAGTACAAACTTGCCTTTGCTCAGTCTTTCGTCCGCATCTTTAAGTGTTGCCTTCCAGTCCACACCCATGCCAGCACAGTTGAGCTTGCCGATAGTGTCGTAAAAGCTGAAGCTGTCTTTGGCAAAGTATATGAGCGGAGCACCTTTCAGGTTGTTTGCTATATGCTCAACATAAGGGAATATATATTTTTCGTAGTCGTATGGGGATACCACACCGGCCCATGTGTCAAACATCTGTACAACATGTGCGCCGTTATCTATCTGCGCCTGAAGATATTTAAGGGTAGAGCTTGTGAGTTTCTCCATCATGATGCGGTATGTTTCCGGGTCTGTATGTATGAGAGTTTTTATATTTTCAAAGTTTTTGGAACCCGAACCTTCTACCATGTAGCATGCGAGGGTAAAGGGCGCACCGGAGAAGCCTATAAGCGGTACATCCAGCGCCTTGACAAGCTTACGCACTGTTTCCATAACGAAGGGTACATCTTTCTCCGGGTCGAGCTCACGGAGCTTGTCTGCGTCTGCCATAGTTCTGATTGGGTTGGCAATTACCGGAGCAGGGTTGAAGTCGAGCTGGATCCCCATAGGCTCAATAGGGATAAGTATATCAGAAAACAGTATAGCGTTATCAAACCCGAAAGCCTCGATAGGCTGAAGTGTAACTTCTGTGCAGAGATCGGGTGTTTTGCAGAGTTCGAGAAAGGATACTTTTTTGCGTATCGCTCTGTACTCCTCCATATATCTGCCTGCCTGACGCATAAACCATACGGGGGGTCTTTCTGTTTTTTCACCATTGATAGTTCTTAATAAAAGGTCATTGAAAGCCATATAGATCCACCTCAATAAAAATGTTTGGTGCTGTATTCAACCAGTAAAAAGTGTTTGCTGTCAAGTTGTTTTACAAAATTTACCTTGTAAACTCACCTGGTAAAGGTAAAATTGATAATGCTATTCAGAGGTTAATATGCGTAACATATTTTTTTGTTTTGTTCTGCTTGTCTTTACAGGTTGCGGAGGGTCATCAGGTTCCGGAACTGCTGCCGGCGAAATATGGCAGCCTGAACCGGGCGCAACATGGCAGATTCAGCTTCAGGGCGAACTAAACACCTCTTATGATGTTCAGGTATACGATATTGATCTTTATGACACGCCTAAAGCTGTGATAGATGACTTGCATAGCAGAGGGGTGAAAGTCATATGTTATTTCAGTGCGGGTTCGTACGAGAACTGGCGCTCAGATGCTTCAGAGTTTCCTGAGGCGGTCATAGGCAAAGACCTTGACGGCTGGGAAGGGGAGAGCTGGCTCGATATACGGAACACCTTAACGCTGATGCCCATTATGGATGCCCGTATGGATATCGCCGCTGCGAAAGGGTGCGATGCTGTTGACCCTGATAATGTTGATGGGTATGCCAACGACACAGGTTTTCCGCTGACAGCATCAGACCAGTTAATCTACAATAAAATGCTTGCAGATTCAGCCCACGAGAGAGGGCTTGCTGTTGGTCTTAAGAATGACATTGATCAGATAGACGATCTTGTTGATTTTTTTGATTTTGCCGTAAATGAGCAATGTTTTTATTATGATGAATGTGGATCGCTCCTTCCATTTATTAATACGAATAAAGCAGTATTCGGAATTGAATATGAACTCGAACCAGACGAATTTTGTGATAAGTCAATAGTTTATGGTTTTTCGACTCTCTT
CP001968.1_gap27	1314536	1318066	3530	CGGCATATGGGACGGCTATATCAATCTGGTAAGTGTTCATAAAGCAAATGAAAACCTGCGTAAAGAGAATGGTGAGCTTAAGCTGGACAACTCTTTGCTTCAGGAAAAAGTTGCAGAATACGAACGTCTGAAAAAACTTCTGAAATTCCGTGAATTCTCAAAGCTTGACTCTATTGCCTGCAATGTCATAGGACGTAACATCAAAGGTTACCTGAAATATGCCATTATCGATAGAGGTACTGAGGATGGCGTAAGGCGGAAAGATCCGGTCATTAGCTACAGCGGTCTTGTGGGGATGGTTACAGAGGTCTACAGCGATACTGCAAAAGTTGAAGTTGTACTTAACCCTGGCAGCAATGTCTCCGTTATGAACAGCAGAACGAGGACTGTAGGGATTGTCCGTGGTGATGGACGTGGTGCTATGGCTGTTGACTTTTATGACAGACTTGATGACGTCAAGGAGAATGATGTCATGATAACTTCTGGGCTGGGCGGTGTTTACCCAAAGGGGATTATCGTCGGGCAGGTTGATCAGGTGGAAAATATCGAAGTAGGTCTTTTTCGTAACCTGACTCTTAAATCGAATGTAGATTTTTATAAACTGGAAAATGTTCTGGTTGTGGGGAAATGATAGAACGCATCATAAACAAATATACCTTTATTATTTTTGCATTGCTTACACTACACATATTCACTGTTGTAGTTAATGGCATTTTTTCTTACTTCGATTTTATCCTGATTCTCTTTATCCTTACTATGGATTTTGGTAATGAAGACAATTTTATATTACTGTCAATAATATTCGGCTTTTTTGCTGATTTCACAAGGGATGCTTTCTACGGTCCCGGAGTTATACTTTTTATGCTTTTTTATCTCGTAAGGTTTCGCACAGATGTTATTATGGATATGACTAAAGTTTATTACAGGCTTCTTATGTTTTCGTCAGTATCATTTATTTACTGTATGTTTAATCTGCTTATTACTGAATACTCTTTTGAAACGGCACTTCCCATTGCTGTTCTGCGCACGATAATAAATGTTTCGTTGGTTTTTGTTATACACTATTTCTTTAAGGGGTTTGGTTGTGCTTTTAAAAACTCTTAAAGACGATGTACTGGAGTATATAAAAAAACGTACAATCGTATTTTACTCAATATTAATGATCTTTATGATAATTCTCGGTGTGCGTATGGCCTATATGCAGGTCGTTGGGTTTGAGAAATATAAAAGACTTTCAGAAAATAACCGCATACGTCTCATGCGTATCAAAGCAGACAGAGGATTTATAAAGGATACTAAGGGGCGGCTTATCGTTAAGAATACCCCTAGCTACGAACTTGATGTGGTTAAAGAAGATGTTAAAGATATCGACAGCCTGCTCGATAAGCTGAATGAAGTTGTCCCTATAGATAAAACATTTGCAAAAAAACAGATAAAAAAATCCTACCTCTATGAACCTGCAATGATTCAGAGGGGACTTACCTTTAAACAGGTTTCAAAAGTTCTCGAAAATTCAGCAGATTTTCACGGTGTTGAAATAGGTCTCGAATCAGTTCGAAGCTATCAGAATAATGAAGCTTTCAGTCACATACTCGGCTATATGTCGGAAGTAAATGAAAATGACATACAAAAAAAGGACAGTTATTCGAGCGGAGATATGATAGGCAAGACGGGGCTTGAGAAAGTGTACGAAAATGTCCTGCGAGGCGAAGATGGCGCCAGACAGGTTGAGGTAGACTCTTATGGTCGTATCCTTGAGGTTCTGTCTGAAAAACAGTCTATCCCCGGTAAGAATATTGCTCTTACAATAGATTCTGATCTTCAGAATTTTACACATAAGCTTATGAAAAATAGAAAAGGTACTGTTATAGTTATGGATATTGATAATTTCAATATACTTACTATGTACTCAGCTCCATCTTACAATCTTATGTCTTTTACCCCATTTGCAAAATCAAATGACAGACTTGATATTATCAGAAATGCTGACAAACCCCTTCTGAACAGAGCTATCGAAGGGAGTTACCCGCCAGGTTCTGTATTTAAAATACTTACTGCTGTTGTGGCTCTGATGGAAGAGAAGATAACACCGGATACAATATTCAACTGTCCCGGCGAGTTTCAGTACGGCAACTTTAAATATAGATGCTGGAAGAGGGGAGGGCATGGAAACCTTGACCTTGTGCATGCTCTGGAGCAGTCGTGCGATGTTTATTTTTATAACGTCGGTCTTCTTACCGGAATTGACCCCATTACTAAATATGCAAACCTCTTCTCTCTTGGAAGAAAGACAGGGATAAACCTCCCTAACGAAAAATCAGGGTTTTTCCCAAGCCGTGAGTGGAAGAAGAAATCGAAGAATGAACCATGGTATCCCGGTGAGACCATCATCACGTCAATAGGTCAGGGGTATATGGCGACTACGCCGTTGCAGATTGCCGTTATGCTGTCTGGTATCTTTAATGGTGGAAAAGTATATGCACCTAATCTTGTTAAGTATATAGAGGACGCCGATACAGGTGTTCAGGTGATGCAGGAGCCGAACCTTTTAAGAGAGGTTCACTTAAGCGAAGAAGCTGTAAGCACTGCTCTTGAAGGTATGAGGCTTGTTGTCCACGGAAAACGCGCTACAGGTTACAGGGCTTTAGTGAAAGGCGTAACAATTGGTGGTAAAACAGGTACTGCTCAAGTGGTCAGTCTTAAACACACGGAAGAGATGGACAATGATGATATTCCGGAGAATCTCCGTGACCACTCGTGGTTTGGTTCAGTTTTTCCTGTGTCAGACCCAAAATACGTTGCTGTTGCACTGATAGAGCACGGCGGTTCGGGAAGCAAAGGCGCAGCGCCCATTATTGGTGCTGTTATAAATAAAATGGCGGATTTAGGATATGTTTGGCGTCAACCTTGATAGAAAGCATCTGGAAAATTTTGATTTTTTGCTCTTTCTCGCAATGCTGCTGATAACGGTCATTGGGGTTGTAGCCATATACAGCGCAGGGTATGATCCTGTGACTGCATCGGTGAAAACTTATTATGTTAAACAGATTTACTGGCTTGTCCTAGGTTATATGATGTTCTTTTTTTTCAGCACGCTGGGGCATAAGAAACTTGTTAAGTATGCATATGTTATATATATCATCGGAATTTTGGTTCTGCTGGCTGTGCTTGTGTCCGGACATGTCGGTATGGGCGCCAGAAGGTGGATATCTGTCGCCGGGCTTCGTGTGCAGCCGTCAGAGTTTTTTAAATTTGTGTGGGTGATTTTTCTTGCGAGGATTTATGTAGAGATAGGGTGCAACAAGTATGGAATGCTTGGTATTATAAAAAAGTTTGTATGGGTGATTCCCCCCTTTGCTCTTGTATTCCTCCAGCCAGACCTCGGAACAGCGGGTACATTTCTTGTTATCTGGGGTATGCTGCTGTTGGTGATGGGGATAAAGCGAATGACACTTATGGTGATTGTCGTCAGTATGATTCTTGCGGCTCCTGTTCTCTGGTCTCAGATGAAGCCTTATCAGCAGAAGAGG
CP001968.1_gap28	1321898	1325523	3625	TCTGGGCAGTATGGTGCGGACCTTGCAGAATGCTCACCCCAACTATTGAATCTCTTGCTTCCGAATATCAGGGTAAAGTGAAAGTTGGTAAAGTTAACGTAGATGAAAACCAGCAGCTTGCAGCAAAGTACGGCATCATGAGCATCCCTACTGTAATGATATTTAACGGCGGAAAAGTTGTTGAGCAGTTTATCGGTGTTCAACCAAAAGGTGTATACGAAGACGCTCTGAAAAAATATATCTAGGATTCCTTATGCCGATCTATGAATACAAGTGTAAAAAGTGTGATAATCAGTTTTCTAAACTTGTTTTCAATATGGATACTAAAATAGAGTGCCCCATATGCAAAAGTGAAAATTGTGAAAAATTAATATCCAGGGTCTCAGCTTCATCAGGCAGTTCCGTTAAGAACGATTTTTCCGGTGGGTGTGCCTCTGGGTTTAGTTGAGCAAATTAATTTGCATCAGGTAGGTGCTATAAGAATACAAAGCGGGTCTTGAAAAGGATCCGCTTTTTTTGAATAAAACTAAAACTAGACAATTAAATTATTTCTATATATGAATTATCGACTATTCAATGTACATTTTTCACATGAATCACACCACCTCAACATCGATTAAGTTTTCAATATATCAGCGTCTTGATATGTATTAAGCACATAGGCAGAACAATCTGTATCATTTTAGAAAGAAATAGGTGTAAACTATCCTTTTTTATATTGACTTACTTTTGTATGTAAGGTAATGATATTGAAAATCGTTATCATAGAAATACTGTGTACAGATTTTGGAAAGGAATTATAGGCTTTTGATATGTCAGAATTTTATTTGACTTCAAGATTGTAATCTTACCATTATGTTATTTTTTGGAGAGTGTAATGGAAATATCCATGAGAAGTATGAAGAAAGATCAGAAGGGGCGCATTACAAGTGTCCAGTGCGAAGGGGAACTGCGTCAGCGTATTAATGATATGGGGCTGACTCCCGGGGCAGAAATCAAGATCGTAGGTAGGGCTCCTCTGAAGGACCCTGTGGCTCTTAAAGTCAGAGGTTTTACAGTTAGTCTTCGTAACAACGAAGCTGACCATATCACAGTAGAAGTTGAGGATTAATTATGAAAAATATTGCGATTGCCGGAAACCCTAACTGTGGGAAAACCTCTCTGTTTAACAATATTACCGGGGCTAACTACCACGTTGCGAACTATCCCGGTGTTACCGTTGAAAAGAAAGAAGCATCTGTCAAGCACAACGGGTCAGTTTTTAATATCGTTGACCTTCCCGGAACATATAGCCTCAGTCCTTATTCTCTTGAGGAGGTTGTTGCCAGAGACTATGTTGTTAATGAAAAACCAGAGGTTGTGGTGGATGTTCTGGATGCATCAAACCTGGAACGTAACCTGTATATGTTTGTCCAGTTTATGGAACTGGAAGTGCCTGTTGTCTTAGCGCTCAATATGGTGGATGTTGCAAAGAAACGTAATATCCATATTGACGTTGATCTTCTTGCTAAGAAGCTGGGTGCTCCGGTTGTTGAGACAGTGGCAAGAGAAAATAAAGGTACTGGACTACTCCTTGACAGAATTGACGATTTTATCAACAGTGGCAAACCTAAACCGGATTTCAAAATATCTTATGGTCAGGATATAGACTCCACTCTTGATAAAATGACTCCTATAGTAGAGAAAAACGATTTTCTGACAGATAAATACCCTGCCAGATGGGTTGCTCTTAAATATCTTGAGAATGATGAACAGGTGCATGCTCAGGGTGCCTTGAATATGGAAGTGCACAAAAAACTGCTCGACATTACAGATGAACTTAATAACCATCTGCGTTCTACACTTAAAGTCACTGCGGAAAACCTCATTGCTGATTATAGGTATGGATTTATTAACTCAATACTTAAAGGGGTTGTGGTTGCAGAAGAGTCAAATATGGACAGGCTCTTTCTGAGTGATAAGATTGATAAGGTTTTGACAAACAGATTGTTCGGACCTCTTCTGATGATTGCTTTTCTTTACGGGATATATGAAGTTACATTCTGGGCAAGTGAATTTCCTGTCGGCTGGCTTGAGACAGCTTTCGGCTGGCTTTCCGGCATCGTTGATGCCGGACTCAATGACGGGCTTCTTAAATCTCTGATAATATCAGGTATTATAGATGGTGTCGGTGGGGTACTTGGTTTTGCACCGCTTATCCTGTTTATGTTCTTTGCAATAGCAATTCTTGAAGATTCAGGTTACATGGCTCGTACAGCTTATATGCTTGATAGAGTTTTCCGTTTCTTCGGTCTTCAGGGTAATTCTGTCGTTGCTTATATAGTTTCAGGTGGTATCGCTGGCGGATGTGCTGTCCCTGGTGTTATGGCTGCCAGAACTATCAAGGGTGAAAAAGAACGTCTTATCACTATCCTGACTGCTCCTTTTATGCCCTGTGGTGCAAAACTTCCTATATATGCACTTATTATTGCAGCTTTTTTTCAGGAACACAGAAGTACAATAATGCTTGGTATTACGCTTATAAGCTGGCTTCTCGCTCTTATTGTTGCACGCATACTGGGCGCTTTTGTCCTTAAAGAGCATTCATCTGCTTTCGTTATGGAACTCCCTCCATACAGAATGCCTACGCTTAAAGGACTCATTATCCACGCATGGGAGAGATGCTGGATGTACATAAGAAAAGCTGGTACCGTTATCCTCGCTATATCCATTCTTCTCTGGGTCCTTATGACTTTCCCAGGGCTTAACGCAGAAGAAGAGCAGGCTTTTGAATCTCAGATCGCTGCGGTTGAGCAAAACTACACTAAAGATGTTCTGCTTGAAGCCGGCAGTGATGCTGAAGAAGTTTCAGAGCCAGCTTCAGAACTTCGCGATAAACTTGCAACAATTGATGCTGAGATGGCAGCGATGAATATCAAAGAGTCTGTAGCTGGTAAAATAGGTATTGCTCTTGAATCTGTTACAAAATATGCAGGTTTTGACTGGAAAACAAATATCGCTCTTGTTGGTGGTATTGCAGCTAAAGAAGTTGTTGTATCAGCTCTTGGTACTGCATACTCACTTGGCGAAGTAGACATAGAGGACTCTGTGCCTCTCGCAGAAAGTCTGATCAGTAAGTCGGGCTGGACAATGGCTAATGCTTTGTCACTGCTTACTTTTATACTGCTCTATTCCCCTTGTTTCGTAACAGTGGTTGCCATTGCAAAAGAGACTGGTTCGTGGAAATGGGCAAGCTTTACAGTTGTTGGTTATACATTGGTTGCATTCCTTGCATCTATAGCTGTATACCAGATAATCGCCTAAAAGGAGGTATGAATGGTAAGTAATATGATCGTTTTTGCCCTTATAGCGTGGGCAGCTGCATATAGCACTTATAAATTATCCGTGTTTGTAAAAGACGCAGGCAAGGATAAGCCCGTGAAGTGCTCCTGTAGTAGTTGTCCGTACGTTGGAACTAAATAACGTTAAGTGTTCATAGCTGCAAAATGTGGCTTGGCTACTATTTCTGGTAGTTTAACATTTGACCAAATGTCTGTATCTATTAATATGTAGATAACAGAATAATAGTTTCAAAAAATATAAAGTATACGGTAGACCTAAAACTACCGTATCCCGCATTGGCCGT
CP001968.1_gap29	1341572	1343035	1463	AGTGCGTCAGTCTGTATGAAGACAGAGTAGCCGTTACCGATATTGATTACTCTGTTGTTAGAGCTTATTATACCCGTTGTTATTGAGCTGCTCAGTCCGTAAGGGTTGCCCATTGCGATAACGGTTTCCCCCATCATTATATCGTCACTGTCTCCGGTTACGGCAGCTTGAAATTTTATATTTTCTGCGTCTTTTATTTTTAAAACGGCAATATCGAGTATTTCGTCACCGCCTAAATATTCTGCTTCGTATGTTTTTTCATCGGTAAACATCACAATGACTTTTGTGGCGCCTTTAACAACATGGTAGTTTGTTACTATGGTACCGTCCTCTTTTATCACAACACCGGAGCCCAGTGATTGTGTTTTGTATGTTCTGTTGAAACCGAAAAAATCGTTTAAGAAGTTATCTGTAAGGGCATTATCGCCAAAGAACGGGCTTTGCTTTTTTATAAGTTTTTCCGTTCTGATATTTACCACCGACTCATCAATTTTCTGTATAGCCTGAACAACAGGGGTCATCCGGTGGCTTGTCTGGCTGACTGTCTGCTCTGCAGGGGCTGTTTGGGGGATAGCCGTGGCTTTTTCCTGTTTCTCTTTCCGGTCTGCCGGATTCGCACATGCGGCGGTTAGTATTATTATAGTGATGGCTAATGTTGTTAGTATTCTGTTCATATTTATATCCCGAAAAAATTAATGTAATAAATATATTTGAAACAATGCATTTATTCAACTATTGTATTCAGATGTCAATGGATAAGTATTTCAGCAAAGTTGGTTCACTCTCTGATATTCTCCCAAGATACAGACAGAGAGACGCTCAGCTAGACGCTGCCAATTTTATTTTTGATTCCATGAAAACCTATCAGCCGGCGGTTGTAGAGGCGCCTACAGGTTCAGGTAAAACCTTTGCCTATCTTATACCTGCTTTTGAGCTGGGCAGGCGAACCATTATTTCTACAAAAACAAAACAGCTTATGTCCCAGATTGCAGGGAAAGATATAGAGGCGGTAAACCGCATATTCGGTGATGACAGGTTTGTGGCTGTTTTAAAGGGGCGTAGAAACTATTTCTGTCACCTACGTTTTTTCCGGTTTGTCTATCCTAATCAGGGGCGTTTCGAGCGGGTGGTGGAATGGTACGGGTCTGTTGTTGATCAGGAGATAATAGATGTGCCTATAGGTGTGTTTTCGCCGCACGAAATAGAGCACATTTCAACTGATTCATGGCAGTGTACAGCTTCTAAATGCGAATTTTATGATATCTGCTCTTTCTACCGGGCAAAAGAGCAGGCAAACAGTGCAGATATTGTAATCACAAACCACTACCTGCTTATGAGTGACTTTGCTCTGAAATCTGAAAATGAACATGCATCCATTTTTGATTTTGCAGATCATATTATAATGGATGAGGCTCATTCTATCCCTGATATCTTCCCTCGCTTTGCAGGAACAGAGCTTTCAC
CP001968.1_gap30	1346305	1349255	2950	CGATATGCCAGACGGGTATCGGTTTGAGAAGAGCGATAAGCTGCTGAGACTTTTTCATAAGCGGCTGATAGTAAAGTTTGAGCAAGTAAAAAAAGCTTCTGAGACAGAGCTTTATGTAAGGCATTTAGGCAAAATGATCACCTTTAAAGGTGATTGGGTTGACAAAGAACTCATAGTCAGAAAGAGGGCTGTGGGGGATAGGTTTGGAAATAAAAAACTGAAAGACATTTTTATAGATAAAAAGCTGGATCTTTTTGTTCGTGACACATCACTCATAATTCTTTGTGATAATTGCATTGTATGGGTTGAAAATATCTCCAGTGATGATACTATAACTGTGTCTGTTAACAGGAAAAATCTGGAGTTATGATTTGAAGCAGCATATTTTAAAAGAGATGATAAGCGAACAGGCGATCAGAACACGGGTTGCTGAGCTGGGCAGACAGATTTCTGCTGATTATGCAGGCAAGAGCGTACTTGCTGTCGGAGTATTAAAGGGGTCGGTTATTTTTATGGCAGACCTGGTCAGAGAGATGGAATCAGTTAACGTCGAGATAGGTTTTCTCGCTGTTTCCAGCTATAAAGGCACAAAATCCACAGGGGAGGTTAGAGTTCTTCACGATCTTGACAGACCGTTGGATGATACTCATCTTCTTATTGTTGAAGATATACTTGATACGGGGAACACTCTTTCTTATCTTAAAAAGATGTTGACCGTCCGAAAGCCCGCTTCTATTAAAATAGTCTCACTTCTGAATAAGCCGGAGCGAAGGGTGGCTGATATAGAGCTTGATTATGAGGGGTTTGAGATCCCTGATGAATTTGTAGTGGGCTATGGGCTTGATTATGACGGATATTATAGAAACTTAAAAAATATATGCACTGTAGAATTTACAGGCTCAGATGCATCGGAGTGATTGATGAATAACAGCTTTTACAAAAACCTGGCACTGTGGCTGATAATAGCCTTTATCATGGTGTTTCTCTTTAACGTGATAAGCGGAACACAGGCAGCCAGAAAAAATATCAGCTATTCTGAATTTTTAGATCAGGTAGCAAGCAGTAATGTCCAGTCTGTGACAATAAAACAGAATAAAGTGAGCGGTGTGTTGCTTGAAGGGGGACAGTTCGAAACTTATACTCCGGACGATGCGGCACTTGTTCAGACACTCAGAGATAATAAAGTACAGATAACCGCGCTTCCGCCAGACAGAAACCCATGGTATATGCAGGTGCTTATATCATGGCTTCCTATGCTTCTGCTTATTGGTGTGTGGATATTCTTTATGCGGCAGATGCAGGGTGGTGCCGGCGGAAAAGCTTTCAGTTTTGGTAAATCGAAAGCAAAACTGCTTACTCAGGACCAGCATAAAGTTACGTTTAAGGATGTAGCTGGGGTTGAAGAGGCAAAAGAGGAGCTTGAGGAGATTATTGAGTTTCTTAAAGACCCGCAGAAATTTCAGAAACTCGGTGGCAAGATACCGAAGGGCGTTCTCCTTGTGGGGCCTCCGGGGACAGGTAAAACTCTTCTCGCCAGAGCTGTTGCAGGTGAAGCGGGAGTTCCGTTTTACTCCATATCAGGTTCTGATTTCGTAGAGATGTTTGTCGGTGTTGGTGCATCCCGTGTCCGTGATCTTTTCGAACAGGGGAAGAAGAATGCTCCGTGTATTATCTTTGTAGATGAGATCGACGCTGTAGGGCGTCACAGAGGTGCAGGTCTCGGCGGTGGACACGATGAACGCGAACAGACACTTAATCAGCTTCTGGTTGAGATGGACGGTTTTGAGTCCAACGAAGGGGTAATTCTCATTGCGGCAACCAACAGACCGGACGTTCTTGACCCTGCGCTCCTCAGACCCGGGCGTTTTGACAGGCAGGTTGTCGTGCCAAGACCGGACATGAACGGGCGTCTTATGATCCTTGAGGTTCACGCTACTAATGTTAAAAAGTCAGATGATATAGACCTTTCTATTATTGCGAAGGGCACACCAGGGTACGCCGGTGCAGAACTTGCTAACCTTGTGAATGAAGCGGCACTTCTGGCTGCCAGAAAGAATCAGGAAAGTGTCACAATGGCAGACTTCGAAGAAGCAAAAGATAAAGTCATGATGGGGAAAGAGAGACGCAGCATGGCTATCAGTGATAAAGAGAAAGAGAATACGGCTTATCACGAGGCAGGGCACGCTATTGTTGCTAAATTTATTCCCGATGCTGATCCTGTACATAAAGTCAGTATTATCCCCCGCGGTATGGCACTCGGTGTGACAATGCAGCTTCCGCAGGATGACAGACATATGTATACCAAAGAATATATGGAAAGCATGCTTGCAGTTCTCATGGGGGGGCGTGTTGCCGAGGAGCTTATTTTCAACAGACTCACAACCGGTGCAGGCAACGATATTGAAAGAGCTTCTGACATATCCAGAAAGATGGTTTGCAGCTGGGGTATGAGTAAGAAGATGGGACCTCTTGCGTATGGCAAAAAGGAAGAGCAGGTCTTCCTCGGAAAAGAGATAGGGCACGCTCAGGACTATAGCGAGACCACAGCAGTTTCCATTGATGATGAAGTGAAGAACTTCGTTATGGGCGGGTATAACCACGCCAGACAAATACTGGAAGATAATATTGATCTTCTCCACGGAGTTGCAAAACTCCTGCTTGAAAAGGAAACTATAGACGGTAAAGAAATCGATACTCTTATGGGGATCGAGCCTGAGAAACAGCCTGAATCTGACACTGAGGTAAATGTTATAACAGATGAGGAAACTGAGACAGTTTAATGTCCGGAATGCTCATTAAAGATATTTACGAAAGATCGGAAAAGGCGTACGTTATGTACGCCTTTCCGTGTATATAGCGGGGGACACCATTTTAACTTCAAGAGTGAAATCATTTTCGCTTAAACGACCTCTTTTGATGGGGATATTAAACATCACTCCTGATTCTTTCA
CP001968.1_gap31	1387925	1392245	4320	AATAGTCAACGGTGTTGTTCTTAAGACGGACAGAGATAACCTTATTATAAATATTGGAAAAACAGAAGCTGTTCTTCCTAAGCGTGAGATGATCGGCGGCGACTTCTTTAACAGAGGCGACTACGTTAGAGCCCTTCTGCTTGATATCAGAATTATCAAAGGCTGGCCGCAACTCATCCTTTCCAGAACACATCCTGAGTTTATGAAAAAACTCTTTGAAACAGAAATACCTGAAGTTTTTGAAGGTATCATAGATGTTAAAGCGGTTTCCAGAGAGCCGGGCGATCGTGCTAAAGTCGCTGTTTATACCACAAACAGCAGCATTGATCCTGTTGGTGCATGTATCGGTCTCAAAGGTGTTCGTATTAATGCTATCAGCAACGAACTCCGCGGAGAGAAGATTGATGTCATTGAGTGGTCACCTGATTCAATCAAGTTTGTATGCAACGCTATTTCTCCTGCTGAGGTCGTTCTTACCAACATATTCGAAGATGAAGAAACAATCGAGATTGTTGTTCCGGATGATCAGCTTTCCCTCGCTATAGGTAAAAAAGGGCAGAATGTACGCCTTGCCGCGAAGCTCACAGAGTGGAGGCTTGATGTTCTTAAAGAATCTGAATACGCAGAAATAAGAAAAGAACGTATGCAGGATCAGGAACAGGATCTTAAAGAATTTTATGAAATGTATAACCTCGACAATCTCGAGGGGTTGGATGCAGATACTATGCACAGTCTCATTGAGGCTGGGTATGACGATATAGAGAAACTTTCTAACGCTGACTTCAAAGAAGTTGCACAAGAGCTTGAGTGTGAAGAAGAGAAAGCTGTGTCGCTTATAAACATGGCGCTTGACTACCTCGCTAATAAATTCGATGAACTCGAAGATGAGATCGAAGAAGCAGAAGAAGCAGCGGATACTGAAGAGAAAGAAGAAACTGAAGAACCGGAGACAGATACAGACACAGAAAATGACTAATACAGGGGCTAAAACTCCTTTAAGGACATGCGTTGCCTGTGGTACTAAAAAGCCTAAAAGCAAGCTTTTGCGTTTTGTACTGGAGCAGGGGATATGTATGGATGAAAGGCAGATCCGACATGGGCGCGGAGCTTATGTCTGTATGGATGAAAAATGCAGAGAAACCGGCATCGAAAAGAAAAAGCTGCAAAGGTCACTGCATAAAGTTACCAGACGGAACCGTAAAACGGGGTGAAATATATGGCTGGAATCAAAATCGCTGACGTAGCTAAGAAGCTCGGAAGCAACGAAGAAGAAACTAAACAAAAAATAACTAATGGCGGATTCAAAATTGCGGACGATAATACCGTTGGCGATGAAGCTGTTAAAGCTCTCGGAATAGACCCTCAGCATCTTAGGCTTGACAGAAGACAGGAAATGCTTAAAAAGGCTATGGAGAGACATAAAAGACACCCCCGGTCAAGAGAAGTTAAAGTTGGCTCCGGTGATGAGCCTTCTGCGCCTAAAAAGATTTCTAAGCAGGAACTTATGGACAGGAAGAAAAAACTGGAAAATACCATCCGTAAAGTAGATGAACACAGAGAAACTATGAAGGACGAGCAGATGAATGATACTCCGTCGCCAGCTGTGGAAAAATCTTCTGCCCCTGAAAAAACTGAAACTGTGAAACAGGAGACTGTAAAAACGGCAGCTCAGCAATCTGAAACGGCTGAGTCTTCTGCTAAGACTGAAACAAAAGAAACTGTTACTCCTCAAACGCAAACAGAACAAAAGCAGGAAGTGAGACCAAAACCTCAACAACCGGCAGGAGAAAGACGTCCGCAGGGTGACAGAGATAACCGTCCTCAGGGTGACAGACCTGCTTATAATAGAGACAACCGTCCTCAAGGCGACAGACCTCCGTATAACAGAGACAACCGTCAACAAGGTGACAGACCTCCGTATAACAGAGATAACCGCACACAAGGCGACAGACCTCCGTACAATAGAGACAACCGTCCTCAAGGTGACAGACCTCCGTACAATAGAGACAACCGCACACAAGGTGACAGACCTCCGTATAACAGAGATAACCGCACACAAGGCGACAGACCTCCGTATAACAGAGATAACCGTCAACAAGGTGACAGACCTCCGTACAACAGAGATAACCGCACACAAGGTGACAGACCTCCGTATAACAGAGATAACCGCACACAAGGCGACAGACCTCCGTATAACAGAGATAACCGCACACAAGGTGACAGACCTCCGTACAACAGAGATAACCACACACAAGGCGACAGACCTCCGTATAGACCTCAGGGTGACAGACCGTCGAGACCAAAACCAGGTTTAGATGAAGGCGGAGCACTGGCTCCTGAGAAGAAGAAAGTTCTTAAAGATAAACCTAAAGCAGCACCGGTTGAGGCTAAAAAAGTTAAAGCTCCGGTACAAAAGAAAGAAAAAAATATCCACAAGGGTATGGATGAAGGTATTGAATTGTTCGAACTTGAACGTGAGATACTACAGTCTGATACTCAAACTGATGTGGCAGCAGAATATAAAGAGATACCTGTAGAGACTGAAGTTAAGAAAGTTGTCGAAAAGAAACCTCAATATGACAACAGAAGACGTGGCGGCAGAAAGCAGAAGGGGAAAAGAAGAGAAGAGAAACCGGAACCAATTATTATCAGACCTTCCAGCGTCGTTGTTGGTGAAAATATCGTCGTTTCCGAGCTTGCAAAACTTATGGGTGTCAAAGCGACTGAGCTGATCAAAAAGCTCATGCTCATGGGTGTTATGGCGAGTGTGAATCAGGCTATTGATGCTGATACAGCTGTTTTACTTGGCGGAGAATACGGGATTGAAGTTAAAGTCAAATTCCTCACAGAAGATGACCTTATTCCTGTTCATGATGACAAAGAAGAAGAGCTTACTTCGAGACCGCCGATAGTTACCGTTATGGGACACGTTGACCACGGTAAGACATCACTCCTCGACCGCATAAGACAAACAGCGGTGGCAGAAGGTGAAGCCGGTGGTATCACACAGCACATCGGTGCTTATGAAGTTAAAATGGAAAAAGGGACAATAACATTTCTCGATACACCAGGTCACGAGGCGTTCACAACACTTCGTGCCAGAGGTGCCAGTGTTACTGACGTTGTAATACTGGTGGTTGCTGCGGACGATGGCGTTATGCCTCAGACAAAAGAGGCTATCGACCATGCTAAAGCTGCCGGTGTTAAACTTATTGTTGCTATTAACAAAATAGATAAAGAAAATGCCAACCCTGACATGGTTAGAAACCAGCTTGCCGAACACGGGGTTATCTCTGAGGACTGGGGCGGTGATTATCAGTTCCAGGAGATATCAGCGAAGGCAAATCTTCATATAGAAGACCTTCTGGAAAGAGTTTTGCTTGAAGCGGAGCTGCTGGAGCTTAAGGGTAATCCTACAGCACTTGCAGAAGGTATCGTCATAGAATCCAAGCTGGACAAGCAGAAGGGTGCTGTTGCTACAGTGCTTATAAACAGAGGTACACTGAATAAAGGTGATAACTTTGTTGTTGGTACTGAATTTGGTAAAGTCAGAGCGATGTTTAACTACAAAGGGGCATCCATAAAAGAAGCCGGTCTTTCTGTACCTGTTGAAATAATGGGATTTTCCGGTGTGCCGCAGTCTGGAGACAGATTCGTTGTTACACCTGATGAGAAAACAGCAAGACAGGTCGCAGACCTCCGCAGCGATGAAGCCCGTAAGAAGAATTTTGCAGAAAAATCAGCAGTGAGCCTTGCAGATCTTTTCAATAAGATCAAAGAGGGTGAACTGAAAGAGCTTAACATTGTGCTTAAGGCCGATGTTCAGGGATCGCTCGAAGCTCTGAAGTCTTCTCTGATAAAACTCTCCAACCCTGAGGTTAAGATCAATATAATCTCAAACGGTGTGGGTGGTATATCCGAAAATGACGTTATTCTTGCATCTGCCTCTAATGCTGTTGTTATAGGTTTTAATGTTCGTCCAGGTGTTCAGGCGAGGGTGAAAGCAGAACAGGAAGGTATCGAACTGAACCTTTACTCTGTAATCTATCAGGCGATAGACGATGTTAAACAGGCGATGGAAGGTATGCTTGACCCATCCAGTCGTGAGGAAGTTATCGGGCGTGCGGAAATACGTCAGATATTCTCTGTGCCGAAGATTGGCAAGATTGCCGGTTCTTACGTTACAGATGGTAAAGTACAGCGAAATGCACACGTTAGGGTTGTAAGAAACTCTATTGTAATATATGATGGCGTCCTTTCGTCTCTGAAGAGATTTACAGATGACGTTAAAGAAGTTGCAACCGGATATGAGTGCGGTAT
CP001968.1_gap32	1405217	1409326	4109	CCCTTTTGTTATTGTTGATCCGGCTCCCAGACAGAGCGAATCATCCGACAACCAATATCTTTTTGTAACTGGTGATGCTACTCATGAAAGTGTCCTGATAAAAGCAGGCATACTCCATGCAAAGGGGCTGATAACCGTTGTGGATCAGGATGTGACTAACCTGTATATCGTCATAACGGCAAAAGGGCTCAGCAAAGACCTTTATGTAGTTACCAAATGTGCTCAGGAAGAGGCTTACAGTAAGCTTATGTGGGCTGGTGCAGACAAGATTGTCTCTCCATACACAATAGGCGGCAAAAGTATTGCCCAGAGCATCATAAAGCCCAACGTCACAAACTTTGTTGAGATGGCAATGGGGCATTCAGGCTATCACATTATGGTCGATGAAGTTCTTGTAAAAGAGAACTCGCACATCAGTGAAAAAATGATAAAAGACTCAAACATACGCAGTCACGGGATAATAATTGTTGCTATCAATAAGAAGAACAAAGGATTTGTTTTTAACCCCGGACCTGATGAAATATTGACTGCGGGAGACACAGTTATAGCCCTCGGGAGAAAAGAGGACTTTGAGTCTCTTCAGAATTATATTGAAAGAGGATAAGATATTATGTGGATTTTCAGAATAATTTACGCCATTTTCATATTGGTGATCTTTGTCTTTACCAGAGACAAAGTCGACATCACTATGGAACAGGCTGTGTTGTATTCCCTTGGAGTTATTTTTGCGATTGTATTTATAGAAACTTTACTTTCTGATATTAAAAGCTACCGTTTTTTCAGCGGAGCTGCCGGAGCTCTTATATTCTTAATAATAGGCTATTATCTCGCTTCTATTTTTGCTGCTTATTTCACAAGTGATGCTCTCAGGTTAGCCTTTTACGTCTTTGTAATCTATGTGGGTGTAATGATAGGGCAGAAGTCGTCGTGGATTGTCGAAGGCGTTATATCTCTTATAACGATTAAGCAGCCTAAACAGCCGAAATACTCTTCCTGCCCGAAAGTGCTTGATACCTCAACCCTGATCGACGGGCGTATAGCGGATATAGTTGAAACAGGTGTACTGGAAGGTGCTCTTGTTATCCCTACATTTGTCTTGAAAGAGCTTCAGAATATAGCAGACTCTCACGACCACCTGCGCAGGCAGAAAGGGCGCAGAGGCCTTAATGTACTTAAACGCCTTCAGGAGCAGACTATAATTCCTGTTGATATCAATAATACTGATTTTACTGACATAGGGACTGTTGATGAGAAGCTTGTTGCCCTTGCTAAAAAGCAGAAGGCAAGCATTATCACTACAGATTTTAATCTGCTTAAGGTTTCGGAGATACAGCAGATATTTGCCCTGAATATTAATACCCTTGCAATGGCAATGCGCCAGACTGTTCTCCCCGGAGAAGACTTTGAAATAAATGTCGTTAAAGACGGGAAAGAGCAGAATCAGGGAGTTGGTTATCTTGACGATGGTACAATGGTTGTTGTAGAGAATGGACGCAGGCTTATAGGAAAGACAGTTAAAGTGTCTGTAACAAGCCTCCTTCAGACTGAGTCAGGACGAATCATATTTACTAAGGTGAGAAATTGAGTGTAACGGCAGTCATCCCCGCAGCGGGGATAGGTAAAAGATTTGCCAGTGATGTTAAGAAGCAGTTCTTTGCCATATTTGACAATACCGTTCTTTACTATACGCTTACAGCATTAAACAGGGCTTACCCTTTTCAGGAGTTCATCCTGGGGGCGAGCCCGTCTGATTATGAATATATTGAGCATCAGCTTGCTATGGTCGGGATTGAAAACTACAGGATAGTGCAGGGCGGCTCTGAGAGGTTCGAGACTGTATATAACTGTATAAAAGTGGTAAGGTCTGACTCTGTACTGATACATGATGCGGTACGACCATTCATTACAACAGAGCTTGTGCATTCTGTTATAGATGCTTCTCTTAAGACAGGTTCCTCTATATGCGGGCTCAAGGTGCGGGACACACTTAAAAAAATTAACGGAGAAACGGTTGAAGGCACTGTTAACCGTGACGAATATATTTTGTCTCATACCCCGCAGGTCTTCAGGACATCAACACTGATAAAAGCTGTTGAGAATGCATCAGAATTTGATATAGCTGTCACAGATGAGGCGCAGGCAATAGAGCTCTTTCGTAAGAAAGTTGCATGGGTTCCGTCTACGCCGGATAATATCAAACTGACATACACAGAAGACATCGCTATAGCAGAAAGTCTTGTGCAGAAATATTTCGGCTGAGCTTGTCAAAATCTTCTGAGGACATATCTTAAACTTCAATTTAACGGGCGCTGTTCCGGTGCCTTGCAAACTCTTTGACTTGATGATAAATAGGTGGTAAAAATACTGATGGATATACAAATAGCCGAATACGTAAGATTTATTACTCTTGCATTGATCCCATTTATGCTCGCAATAACCGTTCATGAATATTCCCACGGTCTCAGTGCGTATATGCTGGGGGACGATACTGCTAAGAGAGCGGGGCGGCTTACCTTGAACCCTCTCTCACACATAGACCCTCTTGGCATACTCTTTCTGCTCGTTACAAGGCTCTTCGGATGGGCAAAGCCTGTCCCTGTAAATTTCGGCAGACTGGAAAAAAACAGCAAATACGGCCCCGCAATAGTATCTTTTGCAGGTCCTTTCTCAAATTTGCTCCTTGCGATAATTTCAGCAGTTGTTTTGCATTTTGTTTCAAACATAGAGGTAGCCAGAGGCTCAGTTGCGATGAAAATTCTGGTGCCTGTTGTGGGAATGCTCTCCCTCTCGGTACGTATAAACATAGCACTCTTTGTCTTCAACCTGCTGCCTATTCCGCCTTTGGACGGGGGACGGATTGTTCAGTCACTTCTGCCTTATAATCAGGCGGTGGCATTTTCAAAGATCGAGAGATACGGTTTTATCATACTTATTGTGCTCTTTCTTACACGTACAATTGATGCTATTATAATTCCCATTATACGCTTTTTTTTACAAATTCTACTATAGAGGTAATTACATATCATGGATAAAGTTTTAAGTGGAATGCGCCCGACCGGCAGACTGCATATTGGTCATTATTTCGGTGCGCTTAAGAACTGGGTAGACCTTCAGGACAAGTATGACTGTAACTATTTTGTCGCTGACTGGCACGCCCTTACCACAAACTATGAAGCACCTGAAAATATTATTGAAAACAGGAAACAGCTTGTGCTGGACTGGCTTAGTGTCGGGCTTGACCCCGAAAAATGCACTATGTTTGTCCAGTCACATAACATATACCATGCGGAGCTGTCTATGCTGCTGTCAATGATCACTCCTGTGCCGTGGCTGGAACGATGCCCGACATACAAAGAGATCAAGCAGGAGCAGGCGAATAAAGATTTGTCTAACCTCGGTTTCCTCAGCTACCCAGTGATTATGACTTCGGATATAATCATGTACGGAGCAAAGTATGTTCCTGTTGGTGAAGACCAGCTGCCCCATATCGAGATATCCAGAGAGATAGTGCGCAGATTTCACCACCTTTATAACTGTGAGGTTTTTGAGGAACCAAAAGGGCTTCTTACAGAAGTTCCGAGACTTCCGGGGCTTGACGGACGCAAAATGAGCAAGAGCTACGGCAATGCCATAATGCTTTCCGAAGATTTGAAAGAAGTTGAAAAAAAGATCAAGCGGATGCTGACAGACACTAACCGCAAGCGCCTTACAGACCCGGGCAATCCTGAAGTCTGTCCGGTTTTTGACTATCATAAAGTTTTCAGCACAGAAGATGAGCGTGCAGAGATCACCGAAGGCTGCACCAAGGCAACTATGGGCTGCATGGACTGCAAAAAGATTCTTATGAAACATATGTTTGCTCTCCTTGAGCCTATTCAGGAGCGCAGGAATAAGTTTGAAGCAGAAATAGATGACATCGACGAATTTCTTCAGCCGATGCAGAAAAAAGCTGTGGCACAGGCAGAGGAGATGATGATTAAAGTGAGGAAAGCACTCCAGATATGAGCAGGCTCCTTGACGTCCGGCTGGAAAATTTCGAAGGTCCTTTGGATCTTCTTATCCACCTGATATACAAAAATGAACTGAATATCTATGACATACCTATCGCA
CP001968.1_gap33	1425195	1427118	1923	GACAAAATGCTGAAAGAAGCTATCAGAGCAGCAAGAGATGAAGACCTTCCTGATTCTGTTCTCGAACAGATTAAATACATTTATGACAATAAAACTAAATTCACAGACATAAGTCTTATTGATGAGCTGGTTGAAAGGCTCGAAGATTATGAACCTTTTGCTGATGTTGGCTGTGGTAACGAATCTTATAGCACTGCGGATGTTAAAAGGGCAGTGGAAAACATCCTGAGTCGATAAGGTACTGTCCGCTCTTAGTATTTCTGCTGATATAAGAATCATCTTAAGCAGCAAGCATTCCTGCGATGTATATGCCCTGGTTTTATATCTTCTTTTAATAAGTAAATAAATTTAAATTTCACTGACAATTATATTAGGTATTTTAATTATTATGCAGACCTAATATTATGGAGGTGATCTGATATGCATTTCACAAAGTTGAAGCAAATTATTGCAGCTATTGCAATTCTCTTTATTTTGGCTGGTTGCGGCGGGGACAGCGGCAGCAAACAAGCAAGCGCTGTATCAGTCAGGGTTATTCACACAAATGATCATCACTCTTATCTTGAGAGTGCAGCATATGATCTTAAAATTAATGATGTCGATACCCGTGTTGAGATGGGCGGTTTTTCAAGACTATCTACTGTTATACAGGAAGAGCGCAATGATAACAGTATCGTAGTCAACAGCGGTGAGCTGAGCGGAACACTTTATTTTTCACTTTTTAAAGGTGAACCTGACTTTAAGGTGTTTAATGAACTTGCTCTTGATGGATATACTCTGGGAAACCACGAATTTGATGAAGGCGATGGACGTCTTGCAGAGCTTATTCAAATGGCGAATTTTCCTATACTTTCTTCTAATATGACTCCTGAAGAGGCAAGCCCTCTTTATGCTGTTAAAGATGATATAAAACCCTACATTATCAAAGAAATAGATGGTGAAAAAGTTGGCATTATCGGGATATTGAAAGTTGAGAAAACAAAAAATTCATCCTTTGTTTCCGATGATGTAACATTCACAGAAGAGATAGAAGCAGCGAATGAAGCTGTTGCAGAGCTTGAAGCTCAGAATGTTAATAAAATAATTCTTGTGAGCCACGTGGGCTACTATAATGACATAATCTTTGCTCAGAACGTACCAGGTCTGGACATAATTGTAGGCGGAGATACACACAATCTTATAGGTGATGAGGCACAGCTTGAGAAAATAGGGCTGGCTCAGTCTTATGCCAATGACCAGACAGGACCATTTGACGGATACACTCATGACGGAATATCTGATATTGATACAATAGGCGAATACCCGACACTTGTCACAGGTCCCACAGGAGACCCTGTATATGTTGTTACAGCATGGTGCTATGCCAGAGCTGTGGGCATCCTTGATGTGGATTTCACAGCTGAGGGTATAGTTGAAAAGGTTGGAGGTAATATAGTTATCCCCGTAAGTGATACTTTTCTCCGTAAAGATGCGAGTGATGCATATGTCGAAGTGTCTGCTGATGTGAAGGCAGAAATTTTACAGACCATAGACGCTGATCCTATTCTCAGAGTTGCGGATGTGAACCCGACAATAGAAAATATTATTGCACCTTACAAAGCTGAGATGGAAGCTACTCAGAATGAAGTTGTTGGTGAAATCACTGTAACAATGGATAACACAAGAATTCCTACCGCTTTTGCCTCAGGTGACACACCTTCAGGAAGTTATGCCGGACAGGTGGTAGCGGATGCTTTTAAAAATACTAATCCGGCAATTGATGTTGCCATTCAGAATGCGGGTGGTGTAAGGGCTTCACTCCTTCAAGGGGACATAACAATGGCACAGATTATTGAGGTTCTGCCTTTTTCAAATACAGTAGTAATGATAGATATGAAAGGTTCTGATATTGTTAAAGTCCTTAACGAAGGAGCATATTATTCA
CP001968.1_gap34	1429611	1433209	3598	CTCCACACCGAAAGCATCATTTATGAAATGCTGGCTGACCCCTTGCGTTGCTCCCACAGCCAGACCAACGGTGGCACCAACACCAGCTCCTGCTGCAACCCCAGCTGCGATACCTCCGGCTGTTGTTGTGGCTGCTGCTGCTGCGGCAGACCCAGCGGCAAATGCACCCACACCTCCGGCAGCAGATAGTGCCCCCGCTGCTGCACCGACGGCTGCCCCGGCAAAAATATAGCCCGCAAGCTTTCCTCCTGTCAGTCCTGCTTTAATACCTGTATAGGTGGCTGCTCCCGCACCTAAGACTGCCCCCACAGCCAGACCTATAAGAAGAATGACCGTAAATGTAGCCAGTTCGTCGCCTGATGGGTCAGTGAGGTTTACAGGGTTGTTTCCACTGTAAACAAATGGGCTGTTATATTGAAATTTAGGATCACATGAATAAAACCGCCCAATATTGGGGTCGTAAAATCTCGCCCGATAGTTGTACAGCATCAGTTCGGTGTCAAACTCCTGACCTGTATAACGGTAAGAGATGAAGTCAGCATTATTGGAACTGTCTGCTATTAGCTGACCAAAAGGCATATAGTTCAGCGTGGTTTCTACATTCCCTTTTTCGGAAATAACCATGCGTACAGACCCCTGATGATCTTTTAATACATAGTGAGCGCCGTCATCGTTTATCATCGCTGTCAATCCACCGACACCATAGATGTATTGCTTTGTTTCATTAGTAATTTCCATAATAGGACAATCGCTAAAACCGTGTACATAAAGAGTCTGGGTTCCGTCAGTTTTTCGCTTTATCACACGCTGATTAATACCATTATATGCAAATGTGAGCTCGCTTCCGTCTGTGTTGCTGACTTTGAAAGGCAGGTTATTCAACATATTATAGCTGATCAGGTTTATGTCTGAGGTACCAGTGATATTGCCACTTTTATCATAATTAAAGCTCTGAACACTGTCTCCTGTTTTAACTGCTGTCAGCTTGTTGCTCCCCTGTTGGTAGCTGTAGTCCCTCAGCAGTTCGCCTTGTTGCAGTGTGAGGATATTACCTGCTGCATCGAAACTTAGGGGTGCACCTGTTCCTATGCTGTAAGCCGGATTGGTAGTGTGTTGAGCAACGGTTAACTGACCTTTCGAGTCATATTGAAAGAGGTATTCAAAAGAGTTTTCCGGAGTTATTGAGTCGGTATTAGTTACTTTGGCTATATTGCCGTTAAAATATCCTGCACCTTTGTACCCGCCTGCGGTATAGCTGAATTTATGTTCCAGTATCTGTTTTTGGTCAGCATAAGAGTTATTTATGTCTGTAATCCAACCGGGCGAGTTGTAAGACATCTGCCGTAATAGAGGTTTTTCTCCGGTACAATTCAGTTTTTCATCGGCAAGACTGCCGTCAGCATTATATCTGTATGAAGCGAATTTCTCCGGTTCATCTTTTGTGCCTATTGCAATATTTTGCCCCATATCGTTATATGTGTAACAGACTCTGGGAACCTGTGCTCCGTCAGGGTAATCAATAGCTATGATATTGCCAAGATTGTTATAAGTATATCGGCTAATCTGCTGTTTTTGATTTGGTATAGTGAGTATACACTCATTTGCCTTTCCGCAATTATCGTACCCGTAAGTATTTTCTATAATGACATTATCAGCGCTGCGCTTTTCAGTTTTCCAAAGGCGCCCCTGGAGAGTTATGTCTTCTCCGGTGCCGTCATAGCTGTTCAGGGTTTCCCAGTTGTGACTTTGAGGATAGAGAGGGTCGCTGTCTGCAATGACCTGTAACTGCGTTCCATCACCCCATTTACAGACCATTTCACCTTCTTCTGTTATACGCCCCATAGCGTCATATTTTTTGTAAAGAACAGTCCCTTTTTTAGTTGTTTCTGCCGTAGTGCTAAACCGTATACGCCCAACCTGATCATATATATATTTAGTTTCGCCGACATCAGGTGTGATACGTGATTCAAGCTGTCCCAGAAAGTTGTATGTGTTTTGTGTTACAAAAGAATCTGCGCTGGCTGAATTAGTGAAATAATTTGGATGTAGAATCTGTATTATATTGCCTGCAGAATCAAACACCTGCTGAACGGCATCAAGCATGCCATTTCCGTCATTTGTCTGTTTGCCCAGTGTCTGACCTTTGCGGTCGTAGATTGTGTAAACTGTTGTGTTGTTTGCATTTGTTGTTGAGGTCACAAGGAAATCACCTGCATGATAACTGATCCCTGCGACGCTTTGCTGATCTGTTACGTTATAACAAAACTGAATGTTATGCTTATTATCTCCTGTAATCGCAAAATCCTTGCCGGGGAGTCCTTTTTTCAGAGGTCTTGCCAGTGGCGAGGCTTCATAAATAGTACCACTGTATGGATACCCTTCATCTTCCGGATAATAGTCGCTGACTTCACCTATCATAACACCTGTAGAGCTGTCAAACCCTTTGACAAAGCTTTTTCGGTAGCCGAACAGGGTGTTGTCAAAGCCTGCGATTTTGGTTTCAGCAATAATATTATACATTGAGTCATAGAGGACATTTTTAACAAGGCACTTAGTATTATTTAGAACCTGTGACTGGATTTTCTGACCGTCTCCGTTTTTATAGTTCACAGATACCTGCGGTGCGAGGAAAGTTACTGGGTTCGAAAATTGTATATTACCCTTCGCTGAAAGGGTGAATACGCCTTTGATTTGAGTGTCATTGATTACTGAAAATACCTGTCTGCCCCCTGCAAAGAGCAGAACAGCACCATTGAGGGGCATCAGCATAACGTTTACCGGAACTTTGCCATTTACAGTTTTGTCTGTATGGGTGGTTCCGTTCAGCACTATTTTCCAGCCGTTTTTAATGTCCCAACTGGCGTTAAGTTTGTCTCCTATGCCCAAGGAAAAAGCAGTACCAGCGCTGTCAGGTGACGAAATAGTTAGACCAATTGCATATGTGCCGGTATTTGCCGTGGATAGCCATTTTATTGTGTTTTTATTGCTGCCTGCGTGACATAACTGTCCGTTTTTTATTGCCCATGACTTATTCTGATCCCTCTGCCATGTATTCCATGTCTGTTCACCGCTTGTGAATGTCTCATAAATTCCTCCATCTGCTGCTATTATCTCAAGATCACTTGAAGGGGTATCCTGAGGGTATTGATAAGGTGATAAATCCTGCCATTCCCGTGTGTTGTAGCTGATTGAGCCTTTTTTAGTATTTTCCTGAGGACCGATCTCGGCAAATTTCTGACGCATACTGTCATAGGCATAACGCTTTGTATCTGCGTTACTGCCTATCGAGGCGATTTCATCGCTGTATACAGGGTCGTAAAACTTCGCCTCCATTTCACAGGCAAGGGGAACTATAAAGATATTGTTAATAAGCAGATAACCGGAATTTTTTTCGTTAGTTATTGATACAGACAGTGACTGTTCGTTACTACTGCTTTTCTTTATTACCGCCTGCCAGTAAAGCCATTTCTCTTCACCAGCGGGGATAATAGCGATCTTTTCAGGATTATCTGAGCCAGTTTCCAGATAGACGTTTCCGCTTTCCTTAAGGAACCCTTGCGATGCTTTGATCCAGCCGGATACAATTACAGTTTCTAAT
CP001968.1_gap35	1509327	1511037	1710	TGTGACACGTTTAACAGAAGAATCAATAGAAAGGAAGCTCTCCAGACCGTCAACAGTATCATGATCGGTAAGAGCCAACACTTCAACTCCTCGCTTTTCAGCATAGCTGACCAGCTTTTCCGGATGCATTGTGCCGTCTGAAAAGGTTGAATGGGTATGTAAATCTATCATTTAACCCTTCTGCACATTAAAAATATCAACAAGAGCAAGGTTATCCATCATGGCATAAAGCTTATGATTTTTTGCTATTATAGTTAACTTAATATCTCAAGTTTCGCATCTTGATATAGTGCGATAACTTGTTGTTATAGCTAGGATAACAATAGAAAAAGTCTCCCATAAATGGTATATTGATTTTCAAAGAACAATTACATCAAGGAGACTTTTTCTATGCTTGAGAATAAATCATGGCAGTCTGAAATACAAGCGGCATTATGGAAAGAATTTGAGATACTCCGAGTGATGAAGGCTTTGCAGCTTCGTACAATTGCCTATAGGTGCGGTATTTCAAAGAATCAGGGCGTTGAGCCATTTTCGATTCTTGTGGCTTTAGTTTTTCTGACTTTTCTCGGCAAAAGCGTTCATCATTTTGTTTCCCATTGCCGGAACAGTCTATTTGATTTAGGCGGTAAAGATGTTTTTTATCGTTTAAGTACACGTACAAGTATCAATTGGCGGCGTTTTATGATGGATATATCGCTTAATGTGATCAGATATTTCAAATCATTCAGCAGCTGGCAGCAGCGTGTTCTTGTAATTGATGACACAGTAATTCAGAAAGCCGGCAAAAAGATAGAAGAAGTATCATGGGTGTTTGACCATAGCAAAGGTAAAAGCGTGAAAGGCTTCAGTGCTGTTGTGCTTGGCTGGAGTGATCGTGCGTCATTTGTCCCTGTAGATTTTGCTTTGCAGCGAAGCAGCAGAAAAGTATTCAAACAATCGACAGAAATTGAAATGGATAAGCGGATGCTGGCGTGGCATCGTCGACAGGAAGCAGTAAAAGACAAACCAACACTGGTAAAGGAAATGCTTAAACGGGCGAAACAGAAGGGTCTGGATGCTGGGGCTGTTCTGTTTGACAGCTGGTACTGTATGCCGAGGCTGGTGTCGTCAATTTATAATGAGATAGGCTATGACGTGATTGCCATGCTTAAAACTACACCGACATTGACTGTTGCTGTAAATGGCAAGGTATACTCAACCAAACGCTTATGGGAATGTGTTGTTCCAGATTTGATTAAGGCAACAGTAACAATTGGCAAAGATCGGGTGTCTGTATCTTCCATCAATGCTTTTTTCGGTTCAACTCTGGTTAAGCTGGTCTTCTGTCAGCCATCTGAGAAAAGTAAATCAAAGAAGCCTATTATTCTACTGTCTACGGATACATCTTTGACATCGGCAAAAATAATTGAAACCTATGGTCAGCGTTGGGCAGTAGAAGTGTTGTTTAAAGATGCCAAGAGCAAGCTTTTCTTTGGGAAAAATCAATCCAGAACCTTTGAGGCTACTATTTGCTTCCTAACACTATCGCTCGTTAGGTTTATCATCCTGAGCTATATGGAACGGATAAATGGTGATTTCCGTCACAAAGGCAGTCTGTATGAGGGTCTGCGTTATGAGGTCGAAGAACTGAATATTCTGGCGTTTATGGAAAAATTCATAAACCGATTATTATCAATAATTGATGGAGCAAAGGAAACATTTACAGTT
CP001968.1_gap36	1636676	1638355	1679	AGTGATTCACTGTAAAGGGTGTCTGCTCTCTTTTCCAGATCAAGGAGAATATATTTAACAATTGCATCTTTATTAACAGCATGCATGATAGCTCTTCTGACATTCAGTTCCTTTGTTGCCCCTCTGTTCGAGTTCAGAGCAAGCATATTAGTATTTCTGGAACCTGATTTAGCGGTAACAAATTGCGGATTTTTCTGAAGCCGTACAAAATTTTCCAGTGTAAAACTTCCATCACCAAGGAGTATGTCAACCTCTCCGGTTTCGAGGGCAACTACCCTGCTGTGCGGATCAGGCAAAACTTTCACCAGCAACTTTGAGTATTCAGGTTTAGCTCCCCAATAGCTCTCATTACGGACAAAAAGGTCATATTGACCAAGTCTTGTTTCTTTGAGAACCCATGGACCTGTTCCGATAGGCTTTTTTATCCCTTTGCTGGTTTCTGCTTCATTATCAATAAACCCAGACGGTGCAAGTATCCTGAACGGTCTTGGGAGACTAAGCTCCTGCAATGTCAGACTGTAAGGTCTTTTCAGGTGCATAACGAAAGTCTGATCATTCTTTGCCTCCCAGCTTTCTATCATGCTCACAAGTGCCAGCCAGCCGTGTCTGGAAGCATTTGCCATTATAGCCTGAAAATTCATAGCAACTGCTTCTGCGTTGAATGTTGTCCCGTCTGAGAAGGTGACACCGTTTCGAAGATAAAATGTATAAGTCAGCCCGTCAGGGGAAATTTCCCAGCTCTCTGCCAGAGACGGCTCTATATCTTTCCCGTCATACCTGACCAGGGCATCATAAATCATAACCTGAGCGAACATCTGATTTGGAGTGTATAAATGCGGATTACCTGCGCCGACATTAACAGGCCATGCAGTTACAAGAGTGTCCTTCTGCCCTGCAAACGAGAACATGAAGGAAGATAGAATCAGTGCAATAGATAACAGCACTTTCTTAAACATAGTGATCACCTCTGAAAATAAATAAAATGACGACGCACATGAATATCTGCATCAAATCGGATGCATGATAACATTCAAACATTTCAGGAGCAACATAAAAAGTAATACTTTTCCAAAATTAGTATTACCACATTATTACGCGCATAGTTTCTCACGGGTAAACCCGTGGTTATATTGCTCCTCACGTGCTTAACACACTAATTTACAACTTCGTTGTCACAACTAAAGCATATGCAAAATACGTCACTGCGAATCCCGCAGGGCTGTGACAGTCTCTGGACTCATTAGTTAATCCTGAGATTGCTTCTTCATTACATTCCCCGCAATGACTTATAAGCTCTAAAGCTGTGATTAGCTCATTCATCCACGCATAAATGAGTGGGGTTCTGTCTTCGAGCGTATAAAAAAAGGCGGATGCACATAAGTACACCCGCCACGACATATGCCCAGCATTATAAGGAGGAATTTACCTTGTTGCCGGACTGCTCAGTCACCTCTTAAAATGGTTTAACTATATCAATCCAGAAAGAATGCCCTTTTGCTCTGTCTTCGGCGTAGAATTCATTCTGATACTTAACTTTGACTCCGAAACTGTTGTCCGGGAAAAACACCCCAGCCTCTAAACCTATGGCATGAACTTGATCTTTCACAGAATCAGCAGCAGCATCGTCTCCGTCGTCGTCAGTAACCTGCCAGTGTGAGTACCCTATCAGACCGATATCA
CP001968.1_gap37	1670010	1674997	4987	GGCAAGCAGAATAATGCGTCTTCCGGTTCTGTCGCTTCGCTTACCCCACGCCCGTGCTGTAACTATCCAGATAACACCTGCAACAGCGACAGTAAGACCTGCATGCCATTCCTGAAGACCAAGCTCTCTGATAAGAGGGCCAACCACAGACAGAAATGCCATCAAAGCGGAAATACATAAAATATTAGCAATCATCAAAGGTTTAATTTCTTTCATTTCTTTCACCTGTTTATCATATGTTTAAGCTTTCAGAAGCCATCATTCCGGCAGCGGATGTTTCATCAGACGTGTCTGCAGCGCTATAGAACCTTACAGAAAGATATACCCCTGCCAGAGAACATAACGACGCAGAAATAAGTATCAGGCTGTATCCGAAAAAACCAGCCAGTATAGTCCCCATAATACCGCTGATAATCCCTACCAGAAAAGTCAGGCTATGCTGCATGGCGAAATCAGTTGCCGGAGTTTCTTCAGAACACATATCCATCATAATAGTTGACAGAACAGTTGACGACGGAGCATAGATCAGCAGCATAGAACCTATTGCAAGACTTGCCCAGAAACCGCTATACCCAAAAACAGGCAGCAAGAGCATAAGAATACATAGTGACTGCATAAAAGCCAACACCACCAGCATTCTCTTGCGGCCTAATCTGTTTATCATACGACCACAAATATAAGCAGTGGCAGCACCGACGGCAGCTCCTAAGACATTTACAATAAATCCTATCTTCTCAACAGACCACCCGACATCAACCATTATAGGACCTATCAGAAAATACGAAAGAGACACGCCCATAGGGTATATTGTCATAAGCCTGAGCCAGCGCATCTTCCCTCTGCCACTCCAGAAACGTAGAATTATTCTGTGATAAGGAATCTTTTCTTTCCCATAAGATACATGCTCCCCCTCTTTGAAAAAAAGAAGCTGCCCAATAGCCAGAACAGAGAGTGTACACATAAAAATAAAACTCCCGGACCACCCCAGAAGCCCATACAGAACAAGAGCCAAACCGCCCCCCAGCATGTATCCCATCATACCGCCTGCTATTTTTATTCCGTTTCCGACGCCTCTGTTACTCTCTCCGACTAACCTGTAAACAAGTGCGTCCAGTGCGACGTCGTGTGTTGCAGCCAGAAAACCAACAACCATGCTCAAAGCGATTATCACAGTAATATGCTCGGTGACATCACACATGCCAATCAGTACTAAAACACCAAAGAGAAGAAACTGAATAGAAACCAGCCACCCTTTAAGATGCCCCACACCTTTGAAAAGCCGAACTCTGTCTATAAAAGGAGCCCAGAGAAATTTAAAAACCATAAATATCCCCAGCAGGTAAACAAAGCCAATCTTCTCAAGGGGCAGACCATTCTTTCTGAATATAACGATCAGACCCTCCAGCAAAAAGCTGAAACCGAGAAACTGCACCACAAAAAGCGAAAAAAGCATAAAAAGCTCTCTCGACTTAACTTTTGCAGGCGCTCTGTTTATGCACTTACATGAATCTGCCATTCCTGCACCCTCTTTTGAGATTCCCACATCGCCTTATATTTGCCATTAAGCTTCAGCAGGTCACTATGACAGCCGGATTCTCGAACCCTGCCTTCATCCATAACAATAATACTGTCAGCTCCGGCAATGGTGGATAGTCTGTGAGCTATTACTATAACAGTTCTGTCATATACAAGAGCATCAATAGCCCTCTGAACAGCAAGCTCACTTTCAGTATCCAGAGCTGCTGTAGGCTCATCCAGTATAACTATCGGGGCATCTTTCAGTATGGCGCGGGCAATGCTAATGCGCTGTTTCTCCCCGCCTGAAAGACTCCCGCCAATATCTCCTGCTTTTGTTCCGTACCCGTCAGGCAGACGCTGAATAAACTCGTGGCAATATGCACTGCGGGCAGCCGTCATAACCTCTTCGTCTGTTGCGTCCGGGCGTCCCATTCTGATGTTATTTAGTATTGTGTCATCAAAAAGATATACATCCTGAAATACAACAGACAGCATCTTCATCAGGTCATCCGGCTGAAAGCTTCGTATATCTTTACCGCCTATTTTAATGCTCCCTTTTGCAGGGTCTGCATATCTCATTATCATTTTAGCTATTGTTGTTTTACCCGAACCGGAAGGTCCCACAAGAGCAGTCATGGAATTTTTCTCCATTTTAAGGCTGACATTATCAAGGGCTTTCATTTCTGTATCCTTATATAGAAAGTCAACACCTTCAAATTCTATTTCAAAACTGTCAGGCATCTCTCCTTGCCCTTCTATATCAAGCTCTTTCTCTCCCATCAGCTCCTTTATCCTGCCAAATCCCGCCCCCATTATGTCAAACATTGTTGCAATATGAACAAACAGGGATAAAGGCTCGGTAAGGCGTGAAACAGCCACAAGAAGTGCAGCCATAACCGGAATAGTCAGCGAGCCGCCTTTTATCAGATAAGCTCCTAATACCAGAACCACCAGAAGACCGATTTCAACCACAGCAGCCATAACCAGAGACGGGAGAACTGTCATGGTTGACGCTTCTTTCTGTATGTTTTTAAGCTTTTTAAGGGAAGTCTGCAAAGATTGTGCTTTCTCTCCTGTCATATTCAAAGCACGAAGGACATGAACTCCCTGTATATATTCAACTATGTCACTGCCAACTTCAGCGTGAGCGTCGGCAACATCCTGTTTTTCCTGTTGAGAAAGCCGCCTTCGCCATTTATAGACAGGGATCGCCATAGGAAGTATAAGGAGCAGTGCCCCCGCCAGACGCCAATCGATGAATACCGTCACGACAAGCACACCGAAAGGGATAAAAAATGTCTGTAATATCTGACCGGCAAGAACTCCCATATGCATAACAGACTCTTCAACATTGTTTGCCAGAACAGAATTCAGTTCACCTGTCCTCCTGCTATAAAGTATTTCAAGAGGCATAGTGCGCAGCTTCTTCCCAAGCTTTACACGGAGGCTGTTTGTAATGTCCACTATGTGACCATGATAATCATGCCTGTACGCAAACCAGCGAAGCAGAGAATCGACAAAAGCAAGGGATGCCATCACCCCGAGCCAGAAAAATGCCTTTGAAGGGTCTGCATTCTCACCGAAACTGTATACAAGAACAGGGAAGAAACATGTAAAGGATACCCCCTGTGCTATATAGGCAATGATAAACAAGATACACATTTTTTTAAAACCTGCGCTCCTGTCATCAGAAATTTCCAGAGACATCTGGTATGATTCCCTGAGGTTAAGAACTTTATTATTAACTTGCTTCATCTTTCCTCTCTCTGACACTAATGTCCCAAGACTGCGCCTGCTCATAGTTACCCCACAAACGGGCATATATACCGCCTGAATCTTTCAGATATTCATGACGTCCCCTTTCGACAACACAGCCCCCATCCATCACAATTATCTGATCAACATCTCTGATGGTTGAAAGTCTGTGAGCGATGACTATCACGGTTTTATTTTTGGTGAGATTCGCAATGGCTCTGATTATCTCTTCTTCGTTTTCAGGGTCAGCAAACGCTGTTGCTTCATCCAGCACTATAACCGGCGCATCCCGGAGTATCGCTCTGGCAATGGTTATCCGCTGTTTCTGTCCTCCGGACAGCCTGGCTCCTCTGTCACCCGCTTTTGTGCTGTATCCATCAGGCAGAGTCATTATAAAATCATGTATACATGCAGCTTTTGCAGCTTTTATAATCTCTTCGTGGGTTGCGTCAGGCTTTGCCATTCTGATGTTGTCAGAAAGCGAGTCGTGAAACAGAAAAGTATCCTGAAAAACAAAAGAAACATGCTCCATAAGTTTTTCAGGGCTGATATTCCGGACATCAATACCACCGACTTTAATACAACCGCTCTCAACGTCCCAAAACCTTGGGATCAGCTTTGCCACAGTGCTCTTGCCTGCTCCTGAAGGTCCGACAACAGCCGTCACTGTCCCTTTTGGAACTTCAAAACTCACATCACGCAGAGCATACTCTTTTCTGCTGCTGTATCTGAAAAATACATTTTCAAACACAACAGATGAATCCTGTGGTTCTTTTGGGGTTTCACTGACAGACAGAACGGGAGAATTGAGTACTTCATTTATTCTGAAAGCCCCCGCCTGAGATTTTTTTATAAAATTATTCAGCCACATTAAGGGCATCATAGCATCAGCCATACCTGTACTCATCATAAGTGCCGCTACAAATGCAGAGAACGACAAAGTTCCTGCCGATTTGAAATATATACCCGCAGCGGTTACAGCCAGCAAAGTAGGAATGGGGCTGAGTATGAGCAGACCTATCCTTGCAGGAATGCCCGTGGCATTTATCCACTCTTTCAGCCCTTTCTTATAAATATCCAAAGCGGTCTGATATCTCATAAAAGAGCTTTTACCATCGTCAAATGTTCGTACCACAGGCATTGCCTGAACGAACTCTATGACGGCAGAATTTATCATCTCCTGCCCTTCTTCATATTTTTTTCGGTATGATGCGGCATCACGCATTACAAACCCCATCACAGTGAAACCGATAACCAGTACAATCGTACTGACAAGAGCTAGCCGCCAGTCAATTATAAACATCAACGCCATAGACGCTACGGGCGCAGCTATCGTGCGTCCTATGAAAGGAGTGCTGTCCGCTACGAACGCATGCAGACTCATCACATCATCCACCATAACCTTTTTCAACGCACCCGACCCTGTTGTTAAAATATACCCCATAGGAACCTTTGCTAAATGACCGGCTATTCTGGTACGAAGGATCTCTTCCAGAGCAAAAGCACCGTTGTGCGAAACTTTAAAAGCATAGGTTCTGAAAATAAAAGCGATTGCTGTCAGCAGTATGGTTAACCATACTGATTCCCACACTCCGAACCTAAAACCGATAAACTCTGTCTCACCGCCGTTTACCAGCGCACCAACAGCCAGTGCCATAAAAAGCATGGCTCCTACAGCAGAAAATGCGCTGAGACCAGCAAGTGTTATACCTGC
CP001968.1_gap38	1688782	1689387	605	CCATTTACCCAAAGAAGAAGCTACACAAAACTTTCTGAAACGTATCGAATATTATAAGTCCAGATATGATAATCTCACCGATGAGCCCAATTATATTGTAATCGATTCACTTAACAACAAAATTATCAGAGAAAAAGATGCGGGCATCCCCTATTATCACCTTATCAGAGACATTCTGGTTTCAGGCTGGATCCATAATCTTTATCTGGTTCGTCACGGGCAAACTTATTTCAACCTTGATAACCGCATCGGTGGTGATTCAGAGCTCACTGAACGTGGGATAAGACAAGGTGCGGATCTTGCAAAACATTTCAGAAACACTGATATCCACTATATTTTTACCAGCACTAAAAAGCGGACAATGGCGATTGCCTATGAGATAAAAAAGGAAATTCCGGATGTTGAAATCGTCCCGTTTGAAGAGTTTGACGAAATTAATACAGGTGATTGTGACTCCATAACTTATGACGAACTCAGATTGAATTTTCCTGAACTGTATGAAGCCAGATCAAAAGATAAATATAACTTCACCTACCCTAATGGTGAAAGTTACAGAACAATGAGGGAGAGGGTTCAGTTTGGGCTTAAAAAAGCACTGTTTCTCA
CP001968.1_gap39	1691478	1694285	2807	CGTTGCTCCAGAAGCGGTGCATCCTTGAATAGAAGGAATCAAAACTACAGCTATACCGACAGAACAACAAAGCTCAAGAAGTTTAGGAATAAATATTTCTGGATTTGGTTCCATCGTTAGCTTTTTAATTTCAGGAATAATATTCTTTGCTTTTTGCTTATCGAATAGTTCGCAAGCAATATTCTCTGCTTGTATAATACCTTGTCTAAGCCACATAGAAGCCGCAAAAGGATTGTTCTCATAGGCAGGACTCTTCCTGTACGCAACAGAAGGGTTCAACCACATTTCTTTCCATTGCTCAACAGAAGAGACCTTAAAGTATTTTAAAAAGTTATCATAAAGTTCATAAGGATCTCTTGTTTTAAAGGGAACCACGAAATTGAACTTGAACGCTTTAGCAAAAGGAAATTGTTTTAAAAATTGAAATTGTTTTTCAGCTTCATGTCTCTTTTTTGCCTCTGAAATATAATCCATATAACGATTAGACTTATCCATCCAGAAATTAGCAGACAATCCGAATATTGGCTCAAATTTATCAGCAGTTTCTCTACTTGGCAAAGCCTTCCCTTTTACAATCTCATTAATTGCTTTTGGAGAAAGCCCTGTTCTTAGTGCAAGCTCCTTTTGAGACATTTCTCTCTCATCCAAAAGTTCAGCAAGTGTCTCTCCTGGGTGAGGTAAATAGTCTGGATAATACTTATTTCTTGTTTTTGCCATCATGGGTATCTTTCACTCCTTGTATCTCAACGATTGTGATGCTGGAGTATACAAACCCTCCATCCTCTTTTCTCTCATACGGTTCGCTAGGCTTATATAAAAGACGACTAGGATGTTCTAAATCTATCGAAAACTGCCCCTTTTTATCTCCAGTCAAGGGATGATGTCTTCCTGGCAGATCCCTAACTTCATCCATACTTTCTACAGATCTCATATCGTCCAATCTACGATTTATAAGCTTTGCGTTCTTATCCCCATACTTCTTGACGAGTTTTTTGAAATTATTACACTCATCCTCCAATTTCTTGGTCTTATACTCGATATCCAAATCGACCTCCTAATTTACTATCAACGTCAAGAAGTTAAACTCAATATACATCATATTCGGCCATAACTCAAGTTTTAATTAACCTTAGAGGTTAATTAAAATAATTTTATCGATTTTGGTTTTACAAAATTGTTAGAGATAAAATTTATTCTGATTGAAACATTATGGATTCTACATAAGAAAATACTAAAAACTGTGACAAATAAAAAAGCCAGCCTATAAGTGACTGGTTTAAAAGGATTTAAAAACAGGAATGACTGGATTGAAGCCGAAACAAGTTCGCCTAATCTCGCCATGTGCCTTAACGAAAAAAAGGGCATCAATCGATGAAGATTAATGCCCATTCTGTATCGGGATGACTGGATTTGAACCAGCGACCTCTCGCACCCCAAGCGAACACGCTACCAAGCTGCGCTACACCCCGAAATATCCATCTGATGCGGAATAACGTTATAACAAAGACTTCCGGCAAAATCAATAATTTTCTAACTCTAAAAATAACTCAACACTACTTATTTGCTGCCGTAAAGAACAGCCGGTATGATATTGTAAAGTTATTACCAGAAAGCGAAACGGATATTTATACTAAAGTTATCAACGTTAATACCGCCTCAGACTGTCTGCTCCGGAATCATGCCACGACACTTTGATGTACAACTTCACTTAAATAAAGTTAATAGATAAAAAAAGGCGGAAGCTATTGCCCCCGCCTTTTAGCAGATATAGGTAGTTGGTTTGGTATGCTTATTTTGCAGGTTTTTCAGTTGGGACTGGTTTCTCTACTGGCTTATCAGTAGTTGTAGTATCTGTCTGTGCTGTATTTGGAGCGACAGTAGTTTTATCTGTCATTTCCCCTGCCATAGCAGAAACAGATGCGAGTACGAACATTCCAGCCATTGCGATAGTCATAATTTTTCTCATGAATTACTCCTGTGTTTTTTCTTAAATTTATATAAAGCACAAGCTGTGCCAAAACATTAAAAAACTATAAGATACTGATAAATAACATTTCATCAAAAAACACAGCTATTCATGCAAAACATCAAACTGCATGGATTTCCATACAAATAAAACCAATTCTTTTATTATAAACGACTTAAACTGTATGAAATTTCCTGCACCCATAAACAATTGATGAGTCAGAGAAATAATCTTAAATTTCAGCATTTATTTATGCTGTTGGCTGTTGTATAGAACTGCTTAAAATGCTAAACTTCTTTCATGAAACGGACTGGAGTTTTCGGAAGACTTATAGTTGCAAATCTTATTTTACTGATTTTTCTTTCTATCTTCATAACCTATATCTTTAACAAAACTCAGAAACTCAACTCTCTGCTGCGCCAGATAACTTCTATAGAACTCCCCATAATAGAAAATACCGATAAACTCAGGAATACAGTATCAGGGCTGGCAGGGTTCAGAGAAAAGTACCTGATATCTATGGACAGCGACTTTCTCAGCAGATACACAGACTACACAGAGGCATCCGACAGACTCGTTAACGATATCAGAACACTGATAAATGATAACACTAAACTAAAAGCCTTTGAGAGTCTCCAGACTGCTTACACTGAATACATTACTGACAGCGAATTCTATCTTCTGAACAGGAGCAAGGAGACTATTCAGCCGGATATACAGCCTGTTGCCGACGCCATCGCAGGGCTCAGGGACATTGCAATGAAAGAGAGGAGCAACAGCCTGAAAATCTCAGGAATACTATCTGAACAGGTGAAGGTTGCGGCATTCATATTTATATTCT
CP001968.1_gap40	1721384	1726295	4911	AAGCGGTAATTTTAAGTAGGTGATGTATTAGAAATTAATAACCCCAGTAAAAAAAAGCGGGTAAATGGAGATGAAAATGAAATTGTTTAAAATCCTTGTCCTGCTGCTTTCAATAACAGCACTGGCAGCCTGTGGCGGAGGCAGTGGAAGCTCATCAGACGCAGCAAAATCTGATGTAGTCGTCAAAACCCAGATAGACTTCGGAACAGCAGCAATAACTAATTCCCAAGGCTATGTCACAACAAAAGCAACTACTGCCATAGTTGTAACTCTCACTATGGAAGACGGAACAAGTTATCAGATGACGGATAACGGCAACGGAGATTATTCCTGTACCGTATCAAACTACTCATCAGGCGCTGCCGGATATATCGAAGCTCATGCCGGTGATGTTGTTCTCAAAAACTTTTTCGACGGTCTCACAGACGATAACGGAGAAGCAGATATAGGTGCAACAGACCCCGACACAACTCTTTTTGTTGATGTACTTTCAACTTTCGCAGCGGCACTCACAGAAAATGAAAACATCGTCACTGCAAGCAAACTCCTTGAAATGTACAGTAATGCTGCACTTGATATAGACGTTGTTGAGCTCAAAGAGCAGGTTGCAAACGAAGGGACATACGAATCCCTGAGACACACCTATAACGCCCAACTGACATGGGAAAAAGCTGAATCAGGCGAAGGTGTTTCGGCTGCACTGGCATCTGCGCTCACTGAATCAACTGTTTATAAAGAGATACACACGGGCGGCATCACTCCACCGCCAGGAGCAACAACTAACGACATTAAAGCAGTGATAACAACTATTTATTCTGCATATGCAACAGGAGATGTGTCAGAACTCGCAAAAGCAATTGATTCATCTAAATTCCTCATGGATGGCTATGATACAGAGCACTGGCTTGCCGATATCGAAGAGGAAATTATAGAAGCCGAAGAGGAAGGACTCACCAGAGAAGTTGTAACCCTCGATGTCTCCGGAACCAAAATAGACTCCACAAACCAGTACAAAGTATTTATCGTTACACACGAAAGAATCAAAAATGCTAACGGTGATATTATAGAAGAATACAGAGACAATGACCACGCAAGCAACTCTTACAAAGCTTCCCCTACTTTAGTTGAAAATAATGGCGGCACATGGACTCTGATAGGGAATCAGAAAAAATCTGAAACATGGCTCAGCATGAATTTTCATAAAAACGGCAGCAGTGATGTCAGTAAATCTTTCTGGGCTGAAGTCACAGCAACTGAATCGTATCCGGTTTCTGCTGTAACCATGACATCAGATGCTTTCAGCGGCACAAAAACCCTCACCGTGCAGGATACCGACGACAATGATGAATATATCCTCTCCATGACAACAGGTGACGACTTACTTATATCAGACCTTTGTAACAATGAGAGTTTTGTATTTAACGTTGAATACACGGATGGTACAAACGAAGTCACTACTATAAAGCTTCCCTCATGTCCTACAAGCGCTGAGATAGAGGCAAATACACCAGAAATAAATGATATTGTGGTTAACTCCGATAATTCTCTGACTGTAAGTTTCGATAAAGGTGCTCTTTCAGACAAACTTAGCTGGCTGTATCTGGAAGTTCTCGACAGCAACGGTTACGATATAGAAGAAGAGGATGACATACCTTTTGAAGCAACATCAGTAAAAATTGAAGCCGATGATCTTATTAATAACAACATTTATACAATAAGACTCACCGCAAGCGACACCGCAGGCAGATCATTTTCAACAGAAACGACTTATCCTTACAACATGGAATGATCTTTACAGGCAGGGTGTAACAGCCCTGCCTTTTTTTAAAACGTAAAACTGGCAAACATCCCCCCCTCGCCTTTTATCTGAGAAACCGCATTCAGTTTTTCAGCCATACTGGAAACCAGCATAAGCCCATAGGAGTCAGGTTTTTTTGATGCCGTATCAAAATCAAAACCGACACCGTTATCTCTATAGGTAAACTCTGTCTTGCCGTCGACACGTTTAAAGGTCACAAATATCTTCGGGGCTACGACACTGTCCTTAAATGCATGTTTAAACGAATTTGTAAGAAGCTCGTTTAGTATGAGTCCGCAGGAGAGAGCATGAACGCCGGACAAAGTAAAAGAGTCAACGTCACTGATAAATTCCACATCACTGTTTCTCCCGAGCGAATGTGTCTGACAGAAACTTTTATATATTTTTGAAATATATTTTTCCGAATCAATCCCTGTGGAACTGCCAGAAGCAAACATGCTGTGCATATGCGCCATTGATATCATACGATCCTGTATATCCTGCAAAACTTCATTTTTATCATGAGTACAGCTTTTTTCCATATGGACATCTATTATGCTTGAAATAATCTGAAGGTTATTTTTGATTCTGTGATTGAATTCCTGCATGAGGATATCTTTTTCGTTATTCAGGTTTTCTTCTTTTCGCATCATTGCTGTCATCTTAAGATAAGCATAAAAGAGAACAGCTATACCAAAAAACCATATAAGAAAGCTGACAATCATATGAGATGCAGACTTGTTCATAAAAGCATCCAGATAACCTTTTAAAGGGATCGCTACGCTTATACCGCCACGGATATCACCAACCTCGTACCCCTGAAAAGCGTGACACTTAAGGCAGCCCTCCTCTGTAATAAAAGGTTTCATAAAACGCAGGTACTGGACACCGTCGACAACATCTATCCCAGAATAAACCGACAGCCCGCTTTTAATCTTTGCAAATGCCTCCTGCTCCCATTTATCAGGTTTGTTGGCAGGATTGAGAACAATGTCACTGATGAGATGCCCCTGTGGAACTTTACTGTCTGCTAATTCAAAAACCTGCCTTGTCATAAAAGCAGGATTAACAAGGGTCAGCTTCTTGCCGTTTTCGGTTATAATATCCCTGTTGTCGATGTTTTCCAGATAAGGGTTAGGCTGCATATCTTCCGTTACAAAAACGTATACGCCACCATGAGAGGCAGACCATCTGCGATATAGGGAATCTTTGAGAAAGGTAAGATCCGCTTCTTTGACTGCAATATGCATAGCAGCATTTTTATATTCGATATGCTGGAGGAACACATGTGCCAAAACAAGCAATGTCCACGTAATGATAAGAGCAACAAAATAGAGTAGAAATTTTCTTGTATTTGTTGACATATACTCACCCTCAAACAAAGGATATCATACTTTTATATGCACTACGCGTTGAATTATCGTCAGCATACTGTAATAATAGTTTATACAAAAAGAACAATTGCAGTAATTAGGTTTGATGACAGTAAACCAGTATTAATAAGGTATTAATAAACAAAACATTTAACTCACATGCCCTTATCATTCAGGCTATTCATTAACGAATAGCAAAAAAAGAATTATATGTTTGATTTTCTATTATATTAATACTTAACTGTATGTAATTAATTATTTTAATGCAAAACGTAAGGAGCTGATTATGTCTTTAAAAATTAAGTTAATTCTGCTGGTTTCTCTGTCAGTATTAACAGCATGCGGGGTCATAGCCGGAATATCTGTTTACCAATTAAAAAAACTGGGACATGAAGAAACAGCCAGATTCAGAGCAAACATGATGGATGCCAAAAGAGCTGAAGTTAAAAATTATATGGATGTTGCACTCACTTCAATTAAAAGAGTATATGACGACCCCGTAATAAGTGAGCAAGAAAAAAAAGAGAGGGTCAGCACGATTATACGTGATCTGAGATATGGTTCTGACGGGTATTATTTCATGTATACATATGAAGGAAAAAATATCGTTCTAGGCCCCAAACCGGAGCTCGAAGGTAAAAGCCTCTGGGACATGAAAGATGCTAACGGAGATTATCTCATCAGGGCAATGTCCAAAGTTGCCAGAGAAGGTGGCGGATTTCACCAGTACCCGTGGGACAAACCTTCTAAAAACGCTGTTGTCGATAAACTTGGATATGTAGTACCGTTAAAGGGATGGGAGTGGTTTATAGGAACAGGTTTTTATATTGACGACATCGACGATCAAGTGACCATCATGCAGGATGAAACCAATGAGAAAATTACTCAGCTCTTTATATTGATATTTCTCTCTGCCGTCATAGTAACTATTGCCTTTGCCTTTGTTACTGTAATATTAAGTAAAATCCTGATGAAGAACCTTCTTATCACTGCTGATGTGCTGAAAGATATCTCAGAAGGAGAAGGAGACCTTACCATATCCCTTGATGACTCCAGCAGGGATGAAGTGGGTATAGTAGCTCATAATTTCAACACATTTCTGGAAAAACTCCGCAGTATCATTATAGCTGTGAAAGAAAGCGCAGGGAGTGTGGCATCGGGCGCAACTCAGTTAGCTTCTACTACAGAGGAAATTTCGTCAACTTTTCACGAACAGTCAGCGCAGGTATCAAGTGTTGCATCAGCTACAGAAGAACTGTCTGCTTCATCCAGTGAAGTGCTGGAACTGCTAAACGAAGGCATTGAACGTACAAAGGACGCTGCTAAATTTACAGAAAACGGACAAACAACCCTCTCTAATGCTATGACACAGATAGACGGGATAAAATCAAGGGTGGACGATCTTGATAAATCAATAAATTCCCTCTCTGAATCCAGCGGTGACATTAGCAATATCATAAACGTGATTAACGATATTGCCGATCAGACTAACCTTCTTGCATTAAATGCTGCGATAGAAGCGGCAAGAGCCGGAGAAGCCGGACGTGGATTTGCAGTTGTTGCAGACGAGGTTAGGAAACTAGCCGAAAGAACTCAGGGAGCCACAAGTGAAGTCGGTTCAATAATAAGCAACCTTGTGACAGAAACCAAAGCAGCCTCAGGAAATATGGAAAAAGCAAGAAGTCAGGTCGGACTCGGCGTACAGGCAATGACAGACACAAGCTCTGCATTCAGAAATAT
CP001968.1_gap41	1787130	1791752	4622	AGAGCATCCGCACACGAACACTCGCTGTAGCCATCCGGAAAACTCACACCGGCATACTTATATGTTTCTGCAAATTTTTTAAGGTTTGAAAGCTCCACAGACAGATCAACTTCTTTTTTTATCATTTTGGTAAATTCGGCAATAACAGCATCAAGTGAGTTCTTGGTATTCTCAGAGAAAAGAGGTCGGAATAAACTGTTGAAATAATTAAGTATTCTTATGTCTGCACGAATCACATTCTGAATGTCGAACCTGCGCAGCTTAACGGCAACCTCACGCCCGTCAACGAGAACAGCTCTATGCACCCGCCCTATTGACGCACTGGCTATGGGTTCTTTGTCGAATTCTTTGAAACAGACCTTATCAGCAAAAGCTTTTTCAAAAACACGGGTAAAGTCTTTTTCTGACATTGGAGGTATTTCGTCATGAAGCTGCCTCAGATAAACAAGATATTCATCTGTAAAGAAATCTGCACGGGTGGCAAGTACCTGCGCCAGCTTAATAAAACTCGCACCAAGATTGTTAATTTTCCTGATCAGTTTCTCAGGGGGCAAGGGCTTAACAAAAAGGAAGCTTCTGCGCCCTTTTATAATAAGAAACACCGTCAGGATTACACGAAAAACTGTGTATATCCTGAAAGGGTTATAATATTTTCTTAAACTTTTAAGCACTATTTATTTTTAAGCAGTTCTTTCAGTTCGGCAATGTCATCTTTGGTTGCAAGCCCCATGTCCGACATAACTTCTTTTACGATATTTTTAAGCTTATCCTGAAATTCTTTCTCTTCTTCTTTCGCTTTGGATTTAGCTTTTTCTATGAACTCGTCCCTTTCGGCTTTGGACATTTTACCTTTCTCCATAAGCTCTTTAGCTTCTTCTTCTATCTTCTCTTTCGCAAGCATTGCAGTGCCTATGCCGAGATAAAACAGTTCTTTGATTTCAGACATTTGATCCTCCGCTTATTTGATAATTAATATTACCCCAGATCATTAAGCTTGGCTTCATAGAATTCAGATTTTGTGCTTAGCTCATCTGTCAGCTCAAGGAGCCTCTCCAGACCAGTTTCAGCAAAAATCTTCGCATCATCAAGTTCTTTTGAGAATTTTGCTATCATATCAGAATCCCCTTCGCCTGAGGCACTGATAAGTTGAGTATTGAGGGTATCAATTTTAATCTCGTTCGCCTCAAGCTCCTTTTCGAGTTTTTTTACTTCGTCCTCAATGGGCTTAAGCGCTTTATTTTTCTCTGATATAACCTCTGCACGCAGTTTTCTAAGTTCCTTTTTGTTCATAGAACTGGTTGGGGCAGAATTTTCAGAAGAGTCATCATCGTCCCAGCCGACTTTTTTAAGAAATTCGGTATACCCGCCTTCAAAAACTTCTATACAGTTATTTTTAAAGACTATGAGCCTTTCAGCAAATGCCTTCAGAAACATTTCGTTGTGGGTTACCATAACGACAGACCCCTTAAACTCATCTATCGCAGCTAGAAGCGAATCGCAGGACTGCATATCAAGGTGGTTTGTCGGCTCATCCAGAAAAAGGATATTCGATGGCTTCAGAATTGTTTTAGCCAGCATAACACGACTCTTCTCCCCACCGGAAAGCACTGATATCTTTTTAAGAGCTTCATCACCGGAAAACATCATCGTACCGGCAACGTCTCTGGCTCTCTGCTTATCAACAACAGTATCAGTATTTATAAGCTCCTGCTCTATGGTTGCATTCATGTCCAAACGCAATACGTTAGTCTGTTCGTAAATACCAGCACGAAGGTTTGAGTGGGTGGAAACCTCTCCACTATCAGGTTTAATTATCCCGCATAAAAGTTTCAGGAGTGTTGTCTTTCCCCGTCCGTTCTTACCTATGATGCATATTTTCTCATCAGAACCTATCGTTATGTTAAAGTTTTTAATAAGCTGCCTGTTTTTGTCATAACCAAAAGATATATTTTTTGCAGTCAGCAGTTCTTTTGCTCTTATAGGCGTATGATTAAATTTAAATTCCAGATCTTCAATATCATCAAGTTTTTCCAGCTCCCCCATTCGCTCAAGAGCTTTAACACGCGACTGAGCACGGCTTGCGAGGGATGCTTTCGACTTAAAGCGTGTGATAAACTGCTCCATATCTTTTCTTTTCTGCTCTTCGTTCTGCCTTGTCTTTTCGTAGATCTCCTCTTCAGTAGCAACCTGCTCATAGAATTTATCAGTATTGCCGGGGATCTTCTTAACTTTCTGCCTGTGAATGCCTAAAATATGTGTAACGACCTTGTCCATAAAAGACCTGTCGTGAGTGATAAGTATAAGCTCACCGCTCCACTTAAGGAGAAAATCCTCCAGCCAACGTATAGAGGTAATGTCAAGGTAGTTGGTCGGCTCATCCAGCATAAGCAGGTCAGGCTCGGAAAGCAGCAGCTTCACAAGGTTCAGACGTACCTGATACCCGCCGGAGAATTCTGAAGGGTGTTTTTTAAAGTCAGCCTCCGAGAACCCTAGTCCTGATAATATTTTTTCAGCACGCCATGTCTGATCCCGCTCATCTTCGGGGAGCCCTAAAGCTGCCTCGTCCAGAGCGTTATCCATCCTGAAATCAAGCTGTTGTTTAAGATACCCTATCTGGTAATTTTTCGGAACATTCATAAGTCCTTCGTCCTGTTCCTCTTCTCCGGTCAGAATGCGCATCAGGGTAGTTTTGCCATGACCATTGCGCCCAACCAATCCTACTTTTTCGCCTTTATTAATGCGGAAGCTTATATTTTTTAAAAGCTCTCTGGCGCCATACGCCTTTGACATATTTTCAATACTTATCATCTTTTACCTGTTGATTATTTTGTGATTTACTGACAGTTATACTCTAAATAGATCGAAAATCAAAAGAAAAAGGGAGCGGACGCTCCCATTATGAATTGCTTATTTTCTATGTACGTTAAAAAGTTCTATAAGATTAAGCTGGTCAAGAAGGTTATAAAGCCTGTCGTCCCACACATTCACCTGAATTGTGATATTGTCGACATTAATAAGTTTGATCAGATAACCTATAACTGAGGACACCATTGAAAGGGAATCAAGAACATTAAAAGTGATATGATCTGCTCCCTTCGCAACAAGTGACTGGGAAACGTTTTTAATTTCGTCATAATCATCAAGAGATTTGATATTACCTGTGATCTCTATTGTACGCCCGTCGACAGCCCTGATATCCATATCGCCCCCCTTTAGACTTTAAATTTCTTAAGTTCATACGACACTGTACCGGACTTTTCAGCAAGCGTCCCCGCAACCTGCTCAACACTTGCTCCCGCCTGAGTATTTTCCAGAGAAATATTAGTAATATCTTCCATAGCGTCTATCATACCTTTAGTTTTTGTAGCTATAAATGTACTCATTTTAACCATTTCTGAAGATACAGCCACAGTTTCATCAAGCTTTCTGCTCGTATCATCTGCCAGAGCCACAAGCTCCTGCGAGCGCCCTGATGCCTCCCGCATACTTTCTGAAACTTCTGTAATTGCTTTCGAAGAGCTGCCTATACTGCCGACTATCTGGTTTGTTATGTGGCTGATATCAGCAAGAGAGGTCTGTGTTCTCTCCGCAAGTTTCCTGACCTCGTCTGCAACCACAGCAAACCCGCGCCCATGTTCTCCGGCTCTTGCAGCCTCAATGGATGCGTTCAGAGCCAATAGATTTGTCTGATCTGCAATTTCAGAGATGATGCCCAGAACATTCTGTATCTCTTTTGCCTGCATGTTCAGTTCCTGCATATTTGCAGCAAGGTCAAGCTGAGAGTCGCTGTCGGAAGCTATCCTGTCCACAACACTATTCATAGATGTCACAAGCTCCAGCAGACTGTCACGTCCCTTCTCCAGAACTTCTGTAGTGGTAACTGCAAGCTCTTCTGTTTTATCCAGATTCGACGCCACTTCGTTCACAAGGACACTGCTCTCCTCAACTTTCGACGTCTGGACAGAGATATTCTGAGCCAGAGTTGCGGCAGTTGAAGAAAGTTCTTCACTTGCGCTGACATTTTCAAGCACACTGTCCAGAGAAGTCTGAACTGTATGCTGAACTTTTGATATAAATCTGTTAGTATTATCAGCGGCAGTTTCAAACTCATCTGCCGTTTTGATGTTTATCCTCTTTGTAAGGTCGCCGTCCCCCTCTGCCAGCTCATGAGTTGCGTCTGTCAGAGCCTTAAGCTTTGACGTAACTATCACCCGCAAAAGGAAGACCATAACAATAATTATCACCACGAAGCCGGAAAGCGAAATAATTATCTGAACAACAGCCACCTTCTCTGCCGCTGCTATCTCATTATTTACAATATTATAATCCTTCCCTACAAAAAAAGCTCCGGCAGTATCACTGTTGAAACCTTTTACAGGGTATTTCACAATGAAATAATTATCAGTTACGAAATATCCACTCTCCTTTTCAATATCTCCAGCAGCTGCCTGTTTCAGCTCATCAAGAAAATTGCTACTAACAGAGTCACTTACAAGCAGATCGTACTCACCAACATTTACAACATCAGAAGCTTCTATAGCCCCCTTCTGCACAGCAGTTAAAACATGTGCCCTGAGGTCTTCTGATGCAGCTTCAGCAATGACACTGCCCGGCAGTATGAC
CP001968.1_gap42	1797230	1799857	2627	GTGTTTTAAGTGATACAGAGAAAAAGAAGCAGTATGACAGTCTCGGTCACGATACATTTAAAAACGGTGGTCACGGTTATGACTTTTCCGGTGCAAACTACGAAGACATTAAGAACCACTTCGGAGGTTTCGACTTTGGCGATATATTCGGCGGAGCAGGAGGCTCCAGAAGCAGGCGCTCCCGTGCACCGAGAAAGGGCGAGGATATCCACTACACAATCCAGATCCCGTTTAAAGATGCAATTTTCGGCAACGAATACGAAATAGCTGTTAACCACACAGTGAGCTGTAAATCCTGTGGAGGCAAAGGCGGTGACAAATCCACATGCCCGGCTTGCGGCGGTTCAGGACAAGCCATGTCCCAGCAGCGCGGAATGTTCGGGGTAGCACCATGTACCACATGCAAAGGTACAGGTGAGATAACCCAGAATGTATGCGCTGTATGCCGAGGCTCAGGCTACAGCAACAAACAGGAAAAGATTAAGATAAAAATACCGAAAGGCGTGGACAAAAACTCAAAAATACGTGTAGCCGGCAAAGGGAACGCAGGACCCAACGGCGGACCGCAGGGCGACCTTTACATCATAACAAATGTTAAAAGTCATGAAGTTTTTGAGCGTCAGGGAAATAATCTCTATGTTGAAGTGGATGTGGACATGTTTGAAGCCGCACTCGGTGAAAAAATAAAAGTCCCCACTCCTTATGGTGCTGTAACGATGAATATTCCGGCAGGAACTCAGCCGGGGCAGAAATTCCGCATAAAAAACAAAGGTGTTCCTGCTCTTGGCAAAAGTGTTATAGGCGACCTTTATGTTGTTATCAAAATAACTATACCACAGGTTGCACAAGAAGCAGACCGTACAGCCCTGAAAGAGATGCAGAAGAAATACATGACCGGACAGCGTGACAAACTGGTAGAAAAAGCGAGGCTTTAAAAAATGAAAAATACGCCGCTGTACATTATCAGCATAGTTTCTGAAATGCTGGATCTGCACCCGCAGACACTCAGACAGTATGAGAGACTTGGGCTTGTACACCCTCAGCGGACGCAGGGAAATACCAGGCTCTACTCAGAAGATGACCTACAAACACTGAAGTTTATACTCACCCTTACGAAAGACATGGGCGTAAACCTTGCAGGTGTCGAGGTTATAATGAACATGCGGGAACAGATGGCTGAACTACAGGAGCAGAACAATCAGCTTAAAGAATTTATTAAGCAAAATGCTCAGCACCTGCAAAAAGCTAAAGAAGGGCTTGTCCCCTCCAGCCACACAGGAATTATAAAAGTAAAAATAAACGAAGAAGATTAGAAAAACTTTGAAAAACGAGAATACAAAAAGAGGAAAATAATGTTCAACTTTAACAAAATGACCATTAAAGCACAGGAAGCTGTGCAGTCTGCATTGGAGCTTGCAGAACAGCATAGCCACCAGCAGCTTATGCCTGAACATCTCCTCCTCGCTCTGATGACTCAGGAGGAAGGGATGGTCACCCCTCTGCTCCAGAAAGCAGGGGTGAACACTAACCAGCTTATAACCGATACTGAAAAACTGCTGGGGAAATACCCTAAAGTTGAAGGAAATGTTCAGTTATATATCGGACAGGAAGCAAAAAAGGCTCTGGACTACGCCTTTGAAATGATAAAAAAGTTCGGGGACGAATATGTCTCAACTGAACACATACTTCTGGGTGTAGGAGAAAATGCAGACTCAAATCTCCGGTCGGCACTCTCTGCGAACGGGTACAGTCTGAATACTCTGCTTAAAGCATACGAGTCAGTAAAAGGCTCAACACGTGTTACAGATCAGAATCCGGAAGATAAGATGAACGCACTGGATAAATACACCATAGACCTTACCGAGTCAGCACGTGCAGGAAAACTTGACCCAGTGATAGGACGTGACGAAGAGATAAGGCGTGTCATACACGTTCTCTCAAGACGCACCAAGAACAATCCTGTGCTCATAGGTGAACCCGGTGTGGGTAAAACTGCCATAGCCGAGGGACTTGCCCAGAGGATTGTGAACGGTGACGTACCGGAAACCCTTAAAGGGCGCACAGTAGCCGCTCTTGACATGGGTTTACTCATTGCAGGAACAAAATTCCGCGGAGAGTTCGAAGACAGACTGAAAGCTCTTTTGAACACTATAAAAGAACGCCACGGTGAAATAGTGCTCTTCATAGATGAAATGCACACCCTTGTCGGAGCAGGAAAAACTGACGGAGCAATGGACGCTGCAAACCTTCTGAAGCCCGCACTTGCAAGGGGAGAGCTCCACTGCATTGGAGCTACAACCCTCGACGAATATAAGAAATATGTCGAAAAAGACACAGCCCTCGAAAGAAGATTCCAGCCTGTAATGGTTAAGGAGCCTTCTGTAGAGGACACAGTATCAATTCTGCGTGGGCTGAAAGAACGCTACGAAGTTCACCACGGAGTGAGGATTACTGACAATGCTATTGTTGCAGCAGCGCACATGGCAAACAAATACATCAGCGACAGGTTTATGCCTGACAAAGCTATCGACCTTATTGATGAAGCAACAGCCAAAATCCGTATGGAGATAGACAGCCTGCCCACAGAGCTGGACGAGCTTGAACGTCGTATCACTCACCTTGAAATA
CP001968.1_gap43	1816028	1818949	2921	TCCGTCACTTCGAAAAAGTTCTTTTATATTTTGTTCCCCTATGGGGATTTTCTCACTTCGCTCACCCTCAATGTCAACAATATAGTCCCGCAGGTTAAAGCCTGACTCAGCAGCAGCTTCTGTAGTATCAAAACGGAAATAATCCAGAAAAGCCTGATTTGAAAGTTTAAGTTTCATTGACGAATCATATGCAAACATCACCGAGCTGTCTGCATCAAAGAAAGCCTGAAGCTGTTCGGTATATCTCGAGACAACAAGACTCATATCTTTTTCTATGGAAATGTACCCTGCCAATTTCCCGTTCTCTACAATGGGCAGCAGGTTAACCTCTGCAAGATACTCATATCCGCTTTTTGAAATACTAGTGATGTATCCGTGCCAGACATTCTCATCGCCGTTGTCTCTGTTATCCACTGACTTAATATCATATATGTCGTCAGTCTTGCGTACGATACTGTAATGTTCCCCCAGAAGCTCTTTTTCAGAATACTGGGACGCGATGCAGAAATTACTGTTAACATAGGTAAAGCAACCTTCACTGTCCAAAAGTGAAAAGATAGTTGAAGAATCTACACCATACCTGTAAGCCTTAAGAAGATTCTGGTAGCGAGTCAGTTCTTTAGCAATCCGCAGATCCTCAAGGAACAGATTAAGCAAATGCTGTAGCTTATCTTTGTAAACAGGCTTCTCAAGAAACCTGTCCACCCCCATGTTAATAGCTTTAATAAGGACATCTGAATCTGTATAGATCGTCATCAGGACAAGCTTTGTCTGCGGTGCCTCAGTGCGCATCACACTGAACATCTCAAGTCCGCTCATACCAGGCATATTATAATCTGAAAGAACTATTTCCGGGCGATGGAGACGAAACAATTCTAAACCCTGTTCGCCGTTTTCAGCAAGAATCATCTCAAGCCCGATCGAGTTGAAGATACCCTCCAGCATTTTTCTGGTAAGACGGTCATCCTCAACTACAAGTATTCTGGCGGGGGTATTGTCCACGAAAGAATTTACCATTGATAATGAGTCTCCGTTATCTCTTCAAAATGCCCGGAAGAGCTCTACACAAAAACACTAACACAAACATGATAAAAAGACACTGATTAACTAAAAGAACTCTGTAAATTTCATTAGTTTTTTGCTAAACTGACTCTAAAATGATTTAAAATAAATATATGAAAACTATAAAGAATAAAACAAGCTTATTTATAATTGTGGGAACTCTTCTTACTGTCGGCTTTCTGATTACTAACCTGATCAGCTATTACGCTGCCAAAAATACCATGAGAGACAGCATCATCAATACCTCACTCCCCCTCACCAGAGACAATATTTACTCTGAAATACAGAGAGACATAATGCTTCCGGTTTATGTTGCCTCGCTGATGGCTAATGATACTTTCCTGAAAGACTGGGTTATCAACGGAGAAGAGGACTTATCCACTATTCAAAAATACCTCAGAGAGATAAAGTTTAAATATCACCTTTTCACATCTTTTTACGTATCTGAAAAAACAAAACACTACTACTATTATGGCGGACTGCTTAAAACTCTGTCCAAAAACGACAGCCACGACAAATGGTATGATGAATTTATCTCACAACATGTCCCTTATGAGCTGGTAGTAGACACGAATCAGGCGGCAAATAACGCACTTACTATTTTTATCAACCACAGGGTTTACGACTATGAACATAACCTTCTCGGAGTTACAGGGGTCGGACTTGACCTTGAACGCATAACAAATCTCCTGTCAGCCTACAGAGTCAAATATAACAGAGACATCTATCTGGTTGATCAGGAAGGTCTGATAAAAGCTCATTCAGATAAGGAACTTGTTGAAGCTGCAAACATTCGCCTCATGCCAGGCATTAAAGATATTGCACACTCAGTCCTGAATATCTCACAGCACTCCGAAGACTTTGAATATAACAGACATAGAGAACACATCCTTCTTACCAAAAGATATATCCCTGAGCTTAGATGGTTTCTGCTGGTTGAACAAAGCCAGGACAAGGCCATAGCCAACATCTGGTATAATTTTATTAAAAGCACTATTCTGGGGCTTCTCGTAACAGCTATTGTAGTATTCATAATTATGTCCTCCGTGAACTACTATAACAGACGCTTAGAAAGACTGGCGATAACAGATGAGCTAACAGGCAGCTATAACAGAAGAGAGTTCTCCCGCATATACGACAAAGCGGTTCAGTGGTACAAAAAGAATGAGGAACCATTTTCAGTTATACTGGTGGATATAGACAATTTTAAGATAATTAACGATGCAAAAGGGCACGCTGCCGGTGACTCTGTAATCAAAGCTGTAACCAGAATATGCAAAAACAGTATCCGCGGAAACGACCTCATCGCAAGGTGGGGCGGAGATGAATTCATAATGCTCATTTATGGCGACAGCAACACAGCAAGCACTATTGCAGAACGTATACAGAGATACATGAGCCAGGATGAAGAACTGCTTACCATAACCTCAGACATAGACGATATCACCTTAAGCATAGGTATATCAGAGTATACCGTAACGGATTCTGAAGACAGTATAACAATACGTGCCGACAAAGCTCTCTACAGTGCAAAAGAAAGCGGGCGCAACAAGGTCATAATAACGCAGTCTCCTCAGAAATACTGACAGATCCCCCTTCGTAAACAGTAAGCAAGTATCTTCGCGGAAACCGTCTGCCTTTGCAGTCATAGTCATCAGACAGCAAACTGTCAAGAGGTATCCCCAGAAGATCCGCGATGCTGTTCAGTGTGAAGATATCAGGCAGTCTTGCCCCTGTGACATAGTTACTGAGCCTTGACGGACTTATCCCCAGCTTCTTAGCAAATTCTAACTGGCTCTGACCGGTTCTCTTTATTTCATCTTTTAGTCTGCTTCCTAGAAAGCTGACTTTTCCTATAT
CP001968.1_gap44	1822309	1824714	2405	AGCAACTGAAAAAATACGCCAAAACCCTAAACATGCCAAAACACCCATATATGCACTCTCCGCAAGCACTATGCCGGAAGACGTCAACAGATGCAGACGTGCAGGAATGAATGGACACATAGCTAAACCTGTAAAGCTTCAGGACATAACAATGGCTCTCAGAGACTGCGCAATAAAGACGCCCTCTCCTGAACATACAAAGCCGAATGAAATAGATATTCCTGCCGGTGATGAACTTCTGAATACGGAAGAAGCCCTTTCAAACCTCAACGGGAATAAAAAACTTTACCTTGAGCTGCTCACAAAATACTATTCAGAGTATGCAGGACTGGACATCAAAACCAGGCATATGCTGAAAGACTCTTCACCTGCTCAGGCAAAAGTCTTCTTTCATACGATAAAAGGGGTAGCCAAAACTCTGGGAGCTACCAAACTCAGCGAATATGCCGAAGCTCTTGAGATCATGACTGATAGTCACACACAACTCCTGGAAACTCCAGCAATGGAACATTTCTGTAAAGAAGGGAGAGCTATCGACCTTAAGCTGAGAGATTTTCTGAAGAATAATCCACTCTAACGGCAAAATCTCTCTTATATTCTATACTTTATATATTGTTCGACGTAGCTTCACAACATTTTCGAACTGCTGATAACAGCTAACGAGGCAAGATGTTTAGCACAAAAGATCAAAACTGGTATTGAAACAGCCCAAACAGCATGATATTCTTCTCAAAAGTTTTGAGGTAAAATAATGAAAAAATCCCTTGCGCCAATTGTAATAATATTAATTGTCATTTCTGTTGTGTTTTTCGCCATTATGCCGAGCACCCCGCAGGCAACCAAAAAACTACAGGAAGAAATATCAGAAGCAGTCGCAGACGGTAAAACCGTTTTTCTACAACTCAGCTCCACCGGCTGTGTCACATGCCGCAAGATGAAACCCGAGGTTGAAAAAGCACTGGCTGAGTTTGAAAACAGCAACCGTTATAAAATAATAAATATCGATGTAAACTCACATAAGGCAATCGCTTCACATTTCGCTATTACTGGGGTCCCTACACAAGTCATTCTCTCAGGAGAAGGGAAGGAAGTATTCCGCAATATGGGTTATATGTCCTTTGATAACATTAAATATGCAATGACAACAGCCACTAAATAATAATAAAGATTTGCCGGCTCACCTCTTGCAGATTATGATTTTAGGGTTGAGCCCTCTCAAAACAGATTCACAACAAGAAAATAAACATATTTTTCAAATTCACACTATTCATGTCATATGGTTTGTATGTGAATTAGCTGTTGCCCTTTTTATTTTTCTATTGTAGGAAAGAGGCTTATTAAAAGCAGGACACGATGTTAAGAGATATAGATATACACAACATTATTGCTGAAAAAAATGTTGTAACATTATTTCAGCCGGTTATAAGTTTGCGGGAAAAAAGAATAATAGCATTTGAGGCACTGACAAGGGGTATATGCTCCGAAACAGGAGCCATTATTCACCCTATGGAACTTTTCAGCGCAGCAAAAGCAGAAAACTGCTCAACCGAGCTGGACAGACTTTGCCGTAAAAATGCGCTTAAAGCCTTTAAGACTATACCAGACCACGAAAAATACATTCTATTCATAAACTTTGATACCACTGCAATAGAAGCAAACGACCCGGATGTCAAACGCATAACACAGGAATATACCGATGAACAGGGGCTTGACTACTCCTCTATATCTATTGAAATAGTTGAATCGAAAATAGATAATCAGGATAATCTTGCAGATTTTGTCGACCACTACCGCAAGCTTGGTTACTATGTGTCACTTGATGATTTCGGAGCTATGCACTCGAATATGAACAGAATAATTGTCTCAAAGCCTGATATCATAAAGATTGATATGGAACTTATCAAAGATGTCCACCTAAACTACTATCAACAATCAATCCTGAGCTCGATAATAGATCTCGCAAAGAAAACAGGAGCTCTCACCCTTGCAGAGGGGCTGGAGGCAGCCGAAGATATTGTAACCTGTTATGAACTGGGCATAGACCTTTATCAGGGCTTCTATTTCTTTCGTCCATGTATTGATATACAGGGAAATTATCCTTTCATAGAAACACGCATAGACTATCTTGTCATGCTGATAAAAAATAAGCTGAAAGAAAATGTTCTTATCAGAAAAAATCAACATCTAAGTTTCGATTTCATCATCAACATATTAAAAGAAGGAGCACAAGATTGTGATGTTGAAAATTACATAAAATTTCTGTCACAGCAGATAACCAATTTTGATGAAATTGAACGTGTCTTTCTGTTGGACGAATCCGGGCATCAGCCTTTCAAGTCCATAAGCAATATCTGCATAAACTCCAAAAAACAGCGTTCATTCCTCATGATGCACGAATATAATGC
CP001968.1_gap45	1836244	1840293	4049	TTTCTTAATACAAAAACGCTTATGTCCAGCGCTCTCTACCCCGATCTGCTTTTAAAACGCATACCGAAACTGAAGCTTATAGAAAAACGAAATATAGCATCACTAATCGTAATGTTAGACACAAAGCAGACCCCAGAGGCTGTCATGGATAAAATCAGGTCAAAAAAGTATAAAATTCTTGAAAATACTGTCTATTTAAGTAATATAGAAGTTGCAACAGAAAAATACGGGCTTTCAAGCTGGCCCCATTTTTTTCTTATAGACAGCACACATAACGTTATTTATGAATCAAAAATACCATCTGTGAGCGTCATAGATTCTATTCTGGAAGGGAGTTGATATGCAGGATTTTTTCAATGTACAGGACATCAAAGACGAATACGATATTGTTGTTTTAGGAGCTGGCCCAGCCGGGCTCACTGCTGCAATGTATGCTGCAAGAGACAAACAGACAGTGCTCGTTCTGGAAAAACAGTTCCCCGGCGGTTTTGTTGCCATAACTGAATGGGTTGAAAATTATCCAGGCTTTTTCGATGGAATAATGGGAGCTGATCTTTCAGAAAAGTTTTATCAACATGCTGTAAAATACGGCGCTCTTGTAAGAAGCGGAAACTGCACTAACATAGAAAAAGATGGTAAATATAAACTTGTTCACGTTGAAAACCGTGAAACTCCTGTTAAATGCAAAGCTGTAATCATAACCTTCGGGTGTGAGCCTAAGAGACTTGACGTACCGGGCGAGAATAAATTCTACGGACGTGGTGTATCTTTTTGTGCAACATGTGACGGTTCATTCTACAAAGATAAAGAGGTTGCCGTTGTTGGCGGCGGTGAGTCTGCACTTGAAGAAGGGATGTATCTCACCAAATTCGCAAACAAAGTAACAGTGATTCACAGAAGAGATCAGTTCCGAGCCTCAAAACTTGCAACTGAAAGAGCACAAAATAACGAAAAAATGGAATTTATATATGATTCTGTGGTAGAATCTATTAATGGAGACACAAAAGTCGAGTGCCTGACAGTGAAAAACCTTAAAACAGGCAACGTCACAGAACTCGCTGTTGACGGACTTTTCATCTTCATAGGTCAGTCAGCTAAAACAGAACTTGTTAAAGACCTGGTAGACACTGACGAATGGGGATTTATCATTGCGACCGAATCCACACAAACGTCAGAACCCGGTATTTATGTTGCAGGAGATGTCAGGACGAAAGAGTACAGACAGATCACTACTGCTGTGTCAGATGGTACAGTCGCTGCAAAATCCTGTGAGAAATATATTACAGATAACTTCAGCTAAGATATACGGAGGTCAATATGAGACTGCTGCTTTTAATCGTTTTCGCTACACTTTTCACCCTTGCAGGTGCCATTGCGGAGACCTCTGTCAGTAGGATTACCATGACCACAGACGTTACTAATAGAGAGCCGGTGGACTCTGCTGTTGAATTTAAAAACGATATAGGCAGGCTTTTCTGTTACACAGAGATTGAAGCCGATGAGTACCCCACTGAAGTAACACATATCTGGATTTATGATAAAAACATCGAAGCAGAAATTAAGCTGCCGGTTAAATCACCGAAATGGCGGACATACAGCTCTAAAGCTATACTCCCTGAATGGACAGGTAACTGGAAAGTCGAAGTTTATTCCGAAGACGGCAAGCTTATTGACTCTGTAGATTTTAAGATAAATGAATAATAAACCACAAGTTTCTTTTGTACCAACCCCTATAGGCAATCTAGGTGACATAACAAGGCGCTCTGTTGAAACAATGGAGCAGTGTGACGTTATTTTTGCCGAAGACACAAGAACAGCAAGATCACTCCTGTCAGCCCTTAACATCAAAAAACCTGTGGAATCATACCATAAAGACAACGAGGTATCCGCTTCTTCAAGGATACTGAATGCTGTCCATGAAGGTAAAAGTGTTTGTATAATATCCGAAGCAGGAACCCCCTGCATAAGCGACCCTGGGAACACCCTCACCTCTGTCTTAACAAAAGAGAATATAACATTTGAAGCTCTGCCGGGTGCAACAGCCTTTATCCCTGCTCTCCTTATGTCAGGCTTTCCTGTGGAAAATTTTTATTTTCACGGGTTTCTCCCTCATAAAAAATCTGAAAAAACTAGAATTGCCGAGTCACTGACAGGCATGAACACTGTAATGGCATTCTATGAATCACCACACAGGGTCAGGGAAACACTTGAGATTATGTTAGAGATCTTTCCGGCACCAATATTCTGCGCCAGAGAGATAAGTAAAATATACGAATCAGGCTACTTCATCGTTACCGCATCAGATATAGAAGAGATTACATTTAAAGGCGAATTTGTAATTATTATCAACAACAGACACACTGCCAACGAAACACTCTCTGGCTGCTCAGACACAGCAAAAAAGCTTATCAAAGCCGGTTATGAGGGAAAAGAAGCTGTTAACATCCTTAAGGCACTTGGCTATAAAAGGAATGAAGCATACTCAACGATACAGGATATTATAAACTCCTGACCCGATAAAGAACACAGTGAGGATCACGAGAACAAACCTTAGGAACCTTCTCTTTTTTGCTATCAGTTTAGGTGTTACAGGTTTAATCAGTGAGTCCACAGGTTCCTGAAGTCTGTCTTTCAGAGAATCAACAAAACTTTCGAAATCTTCATATAAAGACGAAATAAATACAAACTTATGCGGGTCTGAAATAATAAGGATTATGCGCCAGCGAAGTTTTACAATTCCGATATCTTCTATTTCATCAATTCTGACACGCTTACGACCATATATGGTGGTCTGGACTATCTCATCTTCTGAAACTTCTATCTTTTTTGAAAAAAGAACAACAATATTAAAAATAATAAAAGCAACAATAGCAAAACTAATAATAAGCCCGCCGTTCCCCATGCCTGAAAGAAAAACCGATAAAGCAAAGAATAATGAAGCCGCAAGTAAAATAACAGTAAGAATAACGAGTTGTCTGTCAACTTTATAAACCATCAATTGTCATCTCCAGTGGTAAAGATTTGAGGAAATTACTATCCTCTTTTTTAAGGTCGTTCAGACTGTTCAGAGCCAGTTCAAAGTCTTCTTCTTTTATAGAATACAATATCCGCACAGCTTTACCTTTGATATCCGCCGGATATTCCTTCATATAGGATTTAACAGAACTGATCAGTCTGCGTCCATTATAGTTAAGCATAAAATAGAGCATCTTGTAATAGTCAACATACGAATCAGTATAATTCAGGCTGTCTAGGGAAGTGTAAGATGCCTCAGCATTTACAAAATCCTCAACCCACATAAAATAATACAAAGATGCTTTATAAAGCTCTGTAGACCGTATGGTTATACGGCTGAGCTGCTGAAGATATTCAAGAGATTTATCCCTGTCACTCATCAGTATGGTATAGTAAACCAGCTCTTTCAGAACCATTATGTCATCAGGATACTCTTCTGGTTTGATATCAGGCGCACCGGCTCCTTGCTTAAGTATAGCATAAGCCTTCATAAACCTGTAAAGCCTGTCAACTTTAATTGATTCATCAAAGGTTGCAGTCTCCCCTTCAAGAGTGCCCAGCAGGTCTCGGAGCGCATGACCTCTGAATATTGTATTTGGTTCCTGTAGCGGGTTAAGCGCTTCGAAATTCCCCGTTTTCATGTATTCGGCAATGGAGACCATCGCCGCAAGGAAAGAGTTATCATCTTTTTTATCACCAATAGCATCTATCACACGGGTATATCCTTTAAACCCCATTTCTGCCAGAAAACCGGCATAGATAACAGGTTCGGGGATTTTTCTCTTGCCCTCTGCCACCTGCTCAACCCTGTCACGTACAAGGTTGTAATAGTCCATAGCCTTATGCATCTGCCCTTTCTTACTAAAACAGACAGCCATACCGAGATAAGCAGGAAAATGGTAATTATTCTGAAGAATAGCAGTATCAAAGTATTTCGCCGCACCGTTAACATCGCCAAGGTTAAGCTTTGCAAGCCCCATATTATAAAGCGCATACGGATTATTATTCAAAAGCTTATTAGCCTCTTCAAACTT
CP001968.1_gap46	1842088	1846907	4819	CTGCGGTATCTTTAGAAACTTAGATATACATAAATAAAATCGGACATTCTCTGAAAAAGTTAAGCCCTGTCAGCATATTATTTATATAGAATGTTCGTCGATGGCCATGTTTGCAAGTTTGTCCGCTTCTTTGTTCTGTGCACGGGGGACATGATTAAAAGTAACCTGTTTACCATTAAGAACTTTATCAATCTGAAGCTTAACGGGGATGAGCCCCTCATTCTTAAGCTTATATTCACCCTTCATCTGCTTAACAACAAGCTCGGAATCAAGATAGAAATTTAATTTATCAAACTGGTTAAGAATAGGATCTTTTGCAGCCACAAGCAGTGCATTGTATTCCGCAAGATTGTTTGTTGCAGTGCCTATGAATTTTGTACCAGAGGCAATCTCCTGACCGTCAGCATAGATTATGTATCCGCATCCGGCGGGGCCGGGATTTCCCCGACACGCGCCATCGCTGAATATTTTGATATCAGGCATCTTCTTCACTTTTGTAGTAAAGGAATCTCTGACAGTTAGGACATTGAAGAAGTTCCTTATCCTTCACAACTTCAACATAAAGCTGTGGTGGAACTTTAATATAGCAGCCGGTGCATGTTTCATCATCCACACGTACGACGGCAAGGTTATTTCTGGCGTTTCTTACTCTGTCATATCTGGCGAGCAGAGATTTTTTAACACCCTTAACAGCCTCGATTCTCTTCTCTTTGTTTGAGGCAAGCTCGGCGGTGAGTTCTTTGTTCTCATCGTCTCTCTGTTTCAGACTTGCTTCATAAGCAGCTTTGGCATCTTCGAGTTTCTTAACAACCCCGTCATCCTCAGACTTATGTTTGTCCACAGACTCGCCGAGTTCAAGAAGCTTGTACTCTGCTTCATTAACGTGCTTTTTGAGTACATCCATCTCTTTAAGAACAGCTTCATACTCTTTGTTGTTTTTAACTTCGGGGAGTTTTTGCTGAGCTTTTTCAAGCTGGGCTTTGTTTTCTTCGTAGCCTGTCTGAATTTCGTTTTTGGTGTTTAGGTCTTTTTCGTATTTCTTTTTGAAAGAATCAAATTCTGACTGAGCTGTATCCAGCTCATTTTTGGCGTTCTCCAGATAGTCCGGCACTCCGGCAAGTCTCTGTTCCGCATCTGCGATAAGATTGTCCAGTCTCTGGATCTCAATTAGCTTTGAGATAGCTTCAAGCATTGTATATTACCTCCAGTTTATGACAGAGGGCTCTTCCTCTATCACAACAGTCTCTATGTTAAATTTTTTGCTTATAAGTTTGGAAAGGTAGTTCATGAAAATTTTCTCAGTTTCGTAATGTCCCGCGTCAACAACCAGAATGCCGTTTTCCGCTGCATCTATTGCATCATGATGCTTCAAGTCACCTGTGAGCAGAACGTTAACCCCTGCCCCCACGCAAGCTTTCCACATGGAAGCCCCGCTCCCTGTGACGACAGCAAACCTCCTGACACTGCCAGTCGGTTTTTTATTAAGCCTGAGAGTATCACAGCCGAGTTTTTCTTTAACAAGTCTAAGGAAATCTTCTGTCTCCATAGGTGCAACAAACTCTCCGATACGTCCGAGCCCATACGGTTTGCCCATATCAAGCTTATAGATGTCGTGTGCAACCTCTTCGTATGGGTGCGCTTCAATAACAGCGGAAAGGAGTCTGCCGACATCTCTTTTATCAATAATTGTTTCAATACGCAGCTCATCGACTTTTTCCATGACATCTTTTGTCCCTATATAGGGATCAGTTCCTTCTCCGGGGATAAATGTCCCTTCACCAGGGATGCTGAATGTACAGCCTGAGTAGTTGCCTATTGAACCGCCGCCGGCATCAATAATGGCCATCCGAACTGATTCTGCATGTGTTTTAGGGACAAAAACTGCAAATTTTACAAATTCGTGTTTACCCTCTTCCACAAAAGAGGAATGAACTTCCGCACCCAGTATTGTGCAGATGTAGTCGTTGAGGCTGAAGTCTGCAAGATCCAGACTTGTGTGCGCAGCTATTACAGAGAGGTTGCCTTTGATAGCTTTAATGACTTTCCTGTCAAAGGTTTTAGAAACATCAAGGCTTCTAACTTTACCAAAAAAAAGGGGGTGATGAGTTATAAGTAACCCACACCCCTCTTCAATTGCTTTGTCTATTACCTTTTCAGTAGGATCAAGTGCAAGAGCTGCTTTTTTAACTTCCTGATCTTCCAAGATCAGTTGTTTGCCGCTGTTATCCCAATCATATTGTCGGGTTACGTCAGCAAAGCCACGCTCTAAAAAATTGAGAATATCCTTAATACTTATCACTCTACCCATACCGTATTTTGTTTAAAGACATGCAGCCCCCCAAAAGAGAAGCTGCATTAAAATGGGCCAAGTTGGAATCGAACCAACGACCTACCGGTTATGAGCCGGTGGCTCTAGCCAACTGAGCTATTGGCCCCTGTTTTATAATACCACTCCGTCGGCTGCATTTCCACAACCTGCACGGGAGTTGATGTTTTTAACTAAAATTGACGTATTTGTCAACAAGTTTTTACTTATTCCGTAAAGGTTTTCAGAATCCGGCTTCTGGTGGGGTGCCTCAGCTTCCGAAGTGCTTTGGCCTCAATCTGTCTGATACGTTCACGTGTAACATTGAATTGTTTCCCTACCTCTTCCAGAGTATGATCTGAATCACACTCAATACCGAATCTGAGTTTAAGTACGCTCGCCTCTCTGTGTGAGAGCGTCTCTAGTATCTGCTTTGTATGTTCTTTCAGTTTAAGGTACGTTACCTCTTCTGACGGATTCTTAGCAGACTTATCCTCTATGAAGTCACCAAGGGAGCTGTCTTCATCTTCACCTATAGGCGTTTCAAGCGAAACAGGCTCTTTTGCTATCTTCATAACTTTCTTTATCTTTTCGACAGGAATATCCATTTTACTTGATATCTCCTCAGGCGTAGGTTCTCTGCCCATATCCTGCTGGAGCTGTCTTGTTATCTTCATCATTTTATTGATGGTCTCTATCATGTGGACAGGGATACGGATAGTACGTGCCTGATCCGCTATTGCTCTTGTAATAGCCTGTCTTATCCACCATGTGGCGTATGTGGAGAACTTGTATCCGCGTTTATACTCAAATTTCTCTACAGCCTTCATAAGACCAATGTTCCCTTCCTGTATCAGATCAAGGAACTGAAGCCCTCTGTTTGTATATTTCTTCGCAATAGATACAACAAGCCGGAGGTTGGCTTCTATAAGTTTTGATTTAGCTTTTTCGGTTTCGTTCTCCCCCATCAGGAGAGAATCGTGAATAACATCAAGTTCGGCTTTATCAAACCCCAAACTGTTGATGCATTCATCAAGCCCTTTCTTTGCTTTCTTATATTTTTTGACAATTATTTCATAGTCAGGCAGAGCCATGCCTCTGTTCTCGCAGGCTCTAGTCAGCTCGTCCTCAGTAACGGACACCGCATCAGTATAATCGGTATATCTGATAAGTTTACAAATTTTGTCGATATCCTTCGAACGGTCATAAATAGCCTGATGTGCGTCTTTTATCTCATTAGCTATCAGACATATTTTAGAATAGTTAACTTTTATCTCCAGAAGTTTATCTGTGATATCATCAACTGTCTCATGCATCTTGAACTTTATGTTCAGCATTTCATCGATGGAGCATTTATTTTCTTTTATCTTATCATTCAGGTCAATATTTTTATGGAGCTTGTCGGCAATATCTTCAAGAATTTCAATAAACTGAACTTTTATCTGTTCCTCACGTTCTTCCGCAAGCTGTTGTTCAGCCTCAACCTCTGCTGCAATCTCTTCAAGAGTCTTAACAGGTTCCGGCTGTTTAATCTCCGGCTGTTCTGCTGCATTTTCCTCGTTTTCGTTCTCATTTTCCACAGCATCCAGATCATCATTTTCCGCATCTGAGCCATCATCAATGTCGATGATGTCTTTCAGGCGCATACTGTCATTGCGTATGTTCCGCGCAATATCCATTATCTTCATTGCTGTGTTCGGGTAAAGGAGTACGGCACGAACGACCTTACGCTGACCTTCCTCTATCTCTTTGGCAACTTCAATCTCTTCTTCACGATTGAGAAGAGCTATATTGCCCATTTCTTTAAGATAAAGCCTGACAGGGTCGTCTGTACTGATAGACTCTTCTACTTCCTTCAGAAGGGATATAGAATCTTCGTCGTCATCATCGTCGTCAGCCGAATATAATCCAGGCTTATCAACTTTTGAATCAATTACGTCTATCTTAAGCTGTGCCAGCAGCATCATTATTTCGTCTATCAGTTCGGTTGAAAGGATGTCATCTGGCAGGTTTTCGTTGATCTCATCGAAGGTCAGGAAGCCCTTTTCCTTCCCCAGTGCGATGATACTTTTAACTTCGGGGCTTTTTATCTTTCGAGACATAGACATAAAATACGAATCCTCCGGGGTTTACTTTTCCTGCAGCTTCTTTTTAGTATTGAACTTTTCTATTACTAATCTGCGCTTTTCATCCATATCAGAAGCGTCTTTTATCTTACGGTTCATGGAATCTTTCACAGAATTAGCCAGTATCTTTTCTCTACTGGCGGCTGCTGAACGGTACAAATCCGAATTCAAATCACTAACAAGAACAGGAGAAAGCTCCTTAGCTATATCGGGAGTACTCAAAAGGACATTGATATTATCACCATTTTCTAAAACATCAAGCACTTTCTTGTAGATTTCTGACATTCTTCTGTCATGAAAATATTCAGGCAGAATGTTGTCTGTATAGTTAAGCGCCACATCCTCCGGCAGCTGTACCAGAGCTGCTATGAAATCTCTTTCACAGAAG
CP001968.1_gap47	1861701	1866219	4518	TTCATACCACTTTCGACTTTTGCTCCGATATCTTCCGCAAAAGCCTGCCCTGTAAACAACATTGCGAATGCCATCAGGGTTAAAATCAATTTTTTCATACGTGTTCCTCCGTAAAATATGTTCATTTTATTATTTATACTTACATTACTAAGAACGGCAACACCTATTTTTGTTCAGGTGTTTATGTAAATAATTGTCTCCTTCTACTTGATAAAATCTCCATTTGGTGCTAATTAATCCGTTCTACATATTATGTGGTTCAGCACTACAGGTGCGTTCAAAATCGCAAATTATGTTGTCTTTTCAGAATTATCAGGAGCTGTTAAATGGACTACAAAGATACGCTTAACCTTCCAAAGACTGATTTCCCTATGAAAGCCAGTCTGACGACCAAAGAACCGGAGAGATTAAAAAAATGGGAAGAAGACAAGGTCTACGAAAAAATGCTCGCCGCAAGAGACAAAAACAACCCATATATACTTCACGACGGTCCTCCTTATGCCAACGGCGAAATCCACATCGGACACGCCATGAACAAAATTCTGAAAGACATTATTATTAAAATTAAAGCTTTTGAAGGGTATTACACACCTTATGTCCCTGGATGGGACTGCCACGGTCTGCCCATCGAACACAAGGTAGACAAAAAGCTGGGCAAAAAGAAATATGAAATGTCCAAATCTGAAATACGCAAAGAGTGCCGTAAATACGCTGACAAGTTCATAGATGTTCAGCGTCAGGGTTTTATACGTCTCGGCGGTTTCGGCGACTGGTACAACCCTTACATTACTATGGACTATAAATATGAGGCTAAAACACTCGAAGAACTTTACCGCTTTTTCGATAACGGCGGAGTGTATAAGGGGCTGAAACCTGTATACTGGTGCACAAGCTGCACCACTGCCCTTGCCGAGGCAGAGGTGGAATACGATAACCACACATCAACATCTGTGTTTGTCAAATTCCCTATGAAAGATGAATTCAAGGCTAAGTTCGGTCTGGCAGAATCAGATAAAGTTTCTGCTGTTATCTGGACAACAACACCCTGGACTCTGCCGGCAAACCTCGGAATATGCGTCAACGCAGACCTTGAATATTCCATCATAAAAATCACTGAAACTTGTAATAAAAACCTCGCTGAAGGTGAATACATAATCCTCGCCACTGAGCTTGCAGAAAAGCTTAAAGAGGATTTCCAGATACACGCATCTGAATCTGCCAAAGTATTCAGAGGAACCGAGCTTGAAAGAGTAGAGTTCAAACATGCATTCTACGACAGGATTTCTCTCGGCATACTCGGCAGCCATGTCACGCTGGAAGCCGGTACAGGACTTGTCCACACTGCTCCCGGTCACGGTCAGGAAGACTATCAGGTCGGGCTTCAGTACGGGCTCGAGATATACAACCCTGTAGATGACAGAGGCGTATACAGACCGAATGTTGAGATATTCGGCGGAGAACACATCAATAAAGCAGGCCCGAAAATAGTCGAAATGATGGATGAGCAAGGGTCACTCCTCTCTCACAGTGACATAAGCCACTCATACCCTCACTGCTGGAGATGTAAAAGCCCTGTTATTTTCCGTGCAACACCTCAGTGGTTTATCGGCATGGAGATAAACGACCTCCGTCAAAAAGCGCTGGACGAAATCAAAAAAGTGCGCTGGACACCATCATGGGGAGAAAACAGGCTCACAACTATGATAGAAAACAGACCCGACTGGTGTATAAGCAGACAGAGAACATGGGGTGTCCCTATTGCTGTGTTCTTATGTGAGGACTGCGGAGAAGTTGTTACCAGTAAAGAAATTCAGGCTAATGTTGTGAAAGCATTCGAAGAAGAAGGCGCTGACGCATGGTTTGACAGACCAAATGAAGACTTTATTCCGGCGGGAACAACATGCAAATGCGGAGGAACAAGATTCTCTAAAGAGACAGATATACTTGATGTGTGGTTTGACTCCGGTACATCTCACTCTGCGGTACTTGAGGAACGTGACGAGCTTTCATGGCCTGCGAATATGTACCTCGAAGGTTCTGACCAGCACAGAGGGTGGTTTCACTCTTCCCTGCTTGAAAGTGTCGGTTCAAGGGGCGTTGCGCCGTATAAAGAGGTTCTCACACACGGTTTTGCTATGGACGGTAAAGGACGCAAAATGTCCAAGTCTCTTGGCAATACTGTTGACCCCAAAGAGATAATAAACAAATTCGGCGCAGAGATACTCCGCCTGTGGGTTTCTGCTGAGGACTATACAGAAGATGTCCGCATATCGCAGGATATAATACAGCGTCTGGTGGAATCATACAGAAAGATAAGAAACACAGCCAGATACCTTCTAGGCAACATCAGCGACTTTAACCCTGACACAGATATGGTGGCGTTTGAAGATATGCTCGACCTCGACAGATACGCTCTGGTAAGGTGGCAGCAGGTAAAAAAACGCATATACGAAGCCTATGACAACTACCAGTTCCATACCTTCTACCATGCATTCATAAATTTCTGCATAGGCGACCTGTCATCCTTTTATCTGGACATCCTGAAAGACAGGCTATACGCATATAAATATGACTCACGCGAACGCAGATCCGCACAAACAGTGCTCTTCAAGATGGTTCGCGAAATGAGTATACTTATGGCTCCTGTCCTCTCTTTCACAGCGGATGAGATATTTGAGTTCATCCCTGATTACAAAGGTAAGGGTGAAAACATTTTCATAGAAAAATTCGCACCTGTCGAAGAACTTAAAGACGAAGCAAACACCGCCAAGTGGAAAAAGATACTTGAAGTCCGTAAAGAAGTTACGAAAGCTCTGGAAATCGCCCGTGCGGAAAAAACAATCGGTCACCCGCTGGACGCAGACATCATCCTCGGTGTAGATGCTGAGACAGCTAAAGCTCTCGTTGCTGACGAGGGAATAGAGCGTATTTTCATCGTTTCTGAAGTTAAGATAGTTGATCCTTCTGAGCTTTCAGACTGCCACGTTTCAGAAGAAGGAAATATAAAAGTTAAAGTAACACCTTCTGAAAACAGCAAATGTGAGAGATGCTGGACAAAGTCCCCGACTGTCGGTGAGAAGACTGAAGGGATATGCAGCAGATGTGCTGAGGCTCTTTCATAATGAAAAAAATACTTATATCGTCAGTTGTGTTCATTGTAATTCTTGATCAGTGGACGAAACTGTATATTAAAAATAATTTTGACCTTTACGAACTGCGACCTGTTATCGACGGTTTTTTCAGCATCACCTATGTGCTGAACCCGGGCGCTGCATTCGGTATGCTCGCAAAGCTTGACGATTCATACAGACAGGGATTTTTCGTAATCATCACAGCAGTTGCGATACTGGCTGTGATATACCTGATGTCTAAAGAGAAAGACATGAAGATACGCCTTGTGTCATACACCCTTATACTGGCAGGTGCCATAGGCAACTTTATTGACAGGATTTACATAGGCAAGGTCGTGGATTTCCTTCATTTCTACTACAAACAGTATCAGTGGCCTGCGTTCAACGTGGCGGATATCGCTATCTCTGTGGGCATAGGGATTCTGTTTCTGGACTACATAATTTTAAGCAACAGGAGCAAAAGATAATATCATTGCAAGCCTGAAAGCTGGAGCAGCCCCTGAAACTTTTCGTGAGAAAATAATAACGGCTGCTTCGGCTAACTGCTTTTCGCAATGTCATCACCAGCTCCTATAAATATTAACGAGGTTATATTAATGAAAGTAATGCCGAAAACCGCATTGATCAGCGTCTCTGACAAAAGCGGAATCGTTGAGTTCGCAAGAGGACTTAAAAAGCACGATGTTAAGATCATCTCCACAGGAGGAACAGCAAAACTCCTCGCTGAAAGCGGTATCGATATTATTGAGATCGGCGATTTTACAGGGTTTCCTGAAATGCTTGACGGCAGAGTTAAAACCTTACACCCAAAAGTGCACGGCGGAATTCTAAATATCCGTGATAATGAGGCACATCAGGCAACAATGCAAGAGCACGGTCTCGAAAACATAGACATGGTTGTTGTAAACCTCTACCCCTTTGAGGCAACTGTAGCGAAAGGCGCAGACCATGAAGAGGTTGTAGAAAATATCGACATCGGCGGTCCTTCTATGATTCGTTCCGCAGCTAAAAATCATAAATTCGTCACTATCGTTGTCGATAACGGCGACTTCGACAGAGTGCTCACAGAGATGGACAACGGCGGCACAGAGCTTGAAACACGTATCGACCTCGCCAGAAAAGCATACTCTCACACAGGTGTTTACGACTCTATCATAGCCGGCTACTTTAACCGTAAACTCGGCGTAAAATTCCCAGAAGAAATCGCTATTCCGGCACGTAAAAAACAACCTATGAGATATGGCGAGAACCCTCATCAGGAATCTGCTTTTTATGTTAAACCTCTTGTAAATGAAGCCTCTGTCGCAACAGGAAGGCAGTTACACGGTAAAGAGCTGTCATTCAACAACATAGTAGACATTCAGGCGACACTTGAGCTTATCAAAGA
CP001968.1_gap48	1884346	1886374	2028	GAATCCGCAAACTATGCATTCAAAAATAAATTCGGTGACGAAATGGTTCTAACGTCCAAAGGGCGTATGTATTCCAATGTAAAAAAAGAAAATGATAAATTCTTCCTTTATACCAAACGCAAAGGGAAGAAGTTAGAAATAAAGACGATCGCAGGCGGAGATGAACACTCCATGCACGGACACGACCGTATGGAATGCTATACATGTCACTCCAAAACCGTAATACAGTGCTACGGATGCCACACATCATACGATGAGCGTGAAAAAATGTTCGACTTAATCAAAGGTGAGGCTACCGACGGAGCTTTCAGCGAGAAAGAGGACTTCCGTTCATTCTTCCCGTTCCCTCTAGGGCTTAATCAGCGCGGCAAAATATCGTCAGTCACACCCGGCTGCCAGACATTCCTTACCCATATCGATAAGGACGGGGAAGTTATAAAAGATGAACATATCTTCAATTACAGAGGGGATAAAAAGTTCAAATTTGCCCCTTTCTATAGCCATAATACAGGACAGAAAGCGGTTGACTGCATAACCTGCCACACAGACCTTGCTTTTGCCGGTTTTGGTCAGGGGCTCGTCTCCGCTGCAAACGGCAACATTACAAGCTCTTACTTATGTGAGAAGTGCGACAAACCTCTGGACGCTCTTTATTCCGTTATTAACGGAAAACTTTCGGTAACCTCAGACATAGTTCGCGATCACTCACGACTGCTGAACACAAGCGAGATCACTAAAATGTTAAAGGCAAACACTTGTATCGTATGCCATCAGAAAGCTGAAAAACGTATTTACAACAAAGAGATAAACTATGAAAAAATTCTTAATGACAGCGTGCATAAGCCTCTTCTTTCTGACTAGTGCAGGACTAGCCGCAGATAAAAATGATAAAAACGATAAAAACTGCGCCCTATGCCACGACCAGCACTCGTCAGGAGCCCATAAAAATCTCGAATGTGTTGAATGTCACAGTCAGAACAGCGAACACTTTGATAAAGCGGCTAATTTCGCAACAGAAGCTAAAGGCTGTCTGAGTTGTCACGAAAACTACAGCGGTATGATGCATTCTGCCATGGTACACAGGGAAAGTGAAAAAAAGTTTGTTCATAAAACATTTAACGGTATAGACAACAACTTTTATGACAAAAACTGTAAAAACTGCCATGTGACTTCATGCACTGACTGCCACCAAAAGGGAGACGCACACGAGATCACTAAGCCGGATACGGACACATGCCAGAAGTGCCACAGAGACTACTACATCGGCATAGAATACACCGGACTGGGGCAGAGAGAAGATCATGAACGTTACGATAGAGGTATTGAGCAAAATGGTTCAAAGTACGCATCCATGCTACCTGATATACACCACGAAAAAGGGATGAACTGCTCAGACTGCCACTCAATGGAAAGCCTTGCAAAAGGACAAGTTTCTTCTAAGAGTTGCACAGACTGTCACACACCAGACAAAAGTATTATAGAGCATTCTATCGCCGCTCATATGGAAAAGATGGAGTGCTACACCTGTCACTCCGCATGGGCAAATCAGGAGTATGGAACCTTCTGGATAAAGCTTGAAGATACAGCCTTTGATGAATATTTCCGCTGGGTCAAACGCCCTCACATAGATTACGCAAAGAGCAGTCACACAAAAGAATACACAAAATTCCCCATAGCTGTTAACAAAGCAGGCAAATATTCCCCTATCCGTCCGGAGTACATAACATTCCTGACACATGTGAAAGGCGACAAAGTTCAGGGGACAGAAAACCGGATGATCTCTAACTTTTACAAGGCGGTATTCCCCCATACTATCAGGCGTGAAACTGTCACATGCGAGCAGTGCCACAAAACCCCGAAACGATTCATGAGAGAAACCAGACAGGAGAGAATATTTGACCTTCAAAAAGACGGACTGATGGTTGACAGCTTTTATAACATGCGATGGTACCGGTTAAGTAACGGCAGGTTTGCTGATGATGACGAGTTCGAACGCATCATGACAGAAAGTCCAGAATACCAAAAACT
CP001968.1_gap49	1889193	1892715	3522	TGGTAGAAGTTGACCATGTCCACAGTGAAAGAGCTGACGGTGCCGGTACGGACTACCCTATCGCACCACGAAATCTCGGACTGGCAAACAAAATGATCGATGCCATTGCAGAGCAGACACACGAGCTCAAAGGGATGTTTGTTTATGGATGCAACCCATTCCATCACCACGGACATTCTGAAATGGTAAAAAAAGCGATTGAGCAGAGTGAGCTTGTGGTTACATGTGAAATATACATGACAGACACAGCCTACTACTCTGATGTCATCCTGCCCGAATCTACTTACCTTGAAAGGTACGATCCTGTTATATCCACGGCGAGGAAAAGCGGATATTTACAGCTTCGTGAGCCTGCGGTTCCCCCTGTCCATGACACAATGGGCGCATGGGAAATAGCCGCAAAACTGTCGAAAGCAATGGGGTATGAAAATGAATTTATGGATATACGTGAGTATAACCAAAAAGTATACGAAACTATCGGCATAACAGAAGAATACATGAAAGAACATGGATGCTACATCGGAAACACAGGGGATCCTTTCCCTGCTGCAAATGGTGTTGAGCCAACTTTCCGTACTCCTTCAGGGAAAGCCGAATTTTTCAGCAACATGATGTACGATCTGGATTACGATCCAATGCCTTCATATGAAGCTCCCCCTACACCGGAAGATGGTGAGTTCCGACTGCTTTTCGGACGTCTCAGCTTTCACACACATGCAAGAACACAGAATAACGCCTGGCTTCTCGCCCTGCACCACTCTGTTGTTGAGCTGTGGATCAATACTGAAAAAGCAAAAGCACTCGGCATCAAAAGCGGTGACACTGTCAGAATCACAAAAGACGGCAAGAAAAGCGGTCCGTGCACCGCAAAAGTTGTGGACTACATCCACCCCGAGTCTATCTTTATCCCTCACGGTTTCGGTTCTGTAAGTAAAATGCTTACACGTATCGCCGGTGTTGGTGCAAGAGATTCAGACTTCACATCAGACGATACAGACCCTATCAGCGGCGGTGCAGGCTTCCACAACGGGTTCGTTAAAGTCGAAAAAGTGTGAAAGGGGGATATCTTAAATGAATAAAAAATATGCTATGGCATACATAGTTGACCGCTGTGTGGACTGCAAAGCCTGCATGGTAGCATGTAAGGCAGAATGGGAAGTGCCCGCTGATCATTTCCGTACACACATAGACACCGGGATAAGCCCCGATCGTTCTGTGAATATGCGGATGCACTTTCTCCCTAACCAGTGCAACCACTGTGACGATGCCCCATGTGTAACTGTATGTCCCACAAAAGCCAGTCACAAAAGAGAGGACGGGGTTGTGTACGTGACAAGATCCAGATGTGTGGGCTGTAAGTACTGCATTGTTTCCTGTCCGTATGATGCAAGATTTTTCAATCACGATCTTGGTGTTGCAGAAAAATGTACTTTCTGCCTGCCGAGGATAACTGAAGGTCTTGAGCCGGCATGCGTAACAACATGCCCGGGAAATGTCAGAGTTTTCGGCGATTTAAACGATCAGGATAGTGAAATCTCACTTCTTCTGAAGGACGCTGCGGAAAAACATTATAAAGTTTGGAAGCTGCGTGAGGACATCGGCACTCGCCCAAACATATATTACATACAGAAATAGGAGGCTATTATGGTTTTTCAAGAAGCCTTTGAGTGGTATATTGCCGTATATCTGTTTCTGGCAGGTGTGGGCGCCGGGGCTATCGTTGCCGCTGTAATGGCGGATATGTACGACAGGAAAAAATACATATCCTTTATAAAAGCTGCAAGTGTTATAGGAATGCCGCTGGTTAGTATCGGTATATTTTTTCTATACATAGATCTCGGACAGGGGTTATGGAAGCCTTGGCTTCTGATTCTCCTTTTTTTGAACCCGACATCAGCTATTACATGGGGTACAGGGATACTGACGGTATTCACGCTACTTGCATTGATATATGGCGCATTTAATCTCGGATTCATAAAGTTTTCCGGCGGAAGAACCGTGCAGTGGCTGCTGATAATAACAGGTATCCTCACCGCAGGATACACTGCTGTACTGCTTGGTGTCCTAAAGGCAATACCTTTCTGGCATCAGACATCTCTTCCGATATTGTTCATAATATCCGCGACATCCACAGGTATATCCGGTGCGATGATTGTGAGAGAAATGTTTTTCAAAACAGAAGACAGCATGCATAAGATTGAAACCAGCCATTTTTATCTCATAATGCTTGAGATTCTCCTCCTTGTGGGCATGTTTCTTATCGCAATGCAGGGTGTGCCGGAGATGAAATTCTCTGCGCTCAGTCTTCTGACAGGTAAATTCGCTCTGGAGTTCTGGGTCTTCCTTGTGCTCCTCGGGCTTATTATTCCTGCTATTGTCTTCGCGCTGGGCGAAGCTGGCAAAATGCATATATCAGGTTCTAAACTGGTGTTTTTTGAAGCTCTGGTTTTATTAGGGGGATACTTCCTCCGCTTCCTGATAATACATGCCGGAGTTTATACTCAAAAATTCATTGAGTATATTCCACAATAACACTATGAGGGGGGCGCCAGTGCCCCCTTTTTTCTTTATCCACCTTAACTTATATAGTATTATCTGCTTGTATCAAAGGAGTGGTGATGCAGATTATTAAGAAATTCAGCAGAAGATCTTTCCTAAAAACAACGGGAGCCTTTCTGGTGGGGTTAACAGGCATAACTCTGCTATGTAAATATATGTCCCCGCCAATAGAAGAAAACAGTATACTTGCCGAAGCGAACATATCGGACATCCCGGAAGGCGGAGCCCTGATCTTTCAGGACAAACAGCTTGCACTTTTAAGAACGAAAGAGACTATAACAGCGATTTCTCTCTCCTGTACTCACCTTGGCTGTACTGTCTCTCTCAGTGATGACAAATTTGCATGTCCCTGCCACGGAAGCATATTCTCCCTTACCGGAGAAGTGCTGAAAGGACCGGCACAGAAACGGCTTAAGAAATTTGCTTTTTCACAAGAAAACGGGAAAATTACCGTGTACCGGAGGGAAACAGCTTGATATCACCATTTTTCACACACCTTTTCCCGCCGAAATTTTACAGGGATACACTTAAATTTTCCAAAACATTGTATGCCGGAGCGATACTGGTTGCCCTTTTCACGACCCTGTCGGTAACAGGTCTGCTTCTCATGTTTTATTATTCACCTGATGCCGCATCCTCTTATAGCTCTGTAATATTTCTGGAAGAATCAGTTTTTGGCGGTAAATTTTTACGTGCACTGCACCGGATGTGTTCGCATATATTCCTTATCGTTATTGCCGTGCATCTGCTGCGAACCGTCTTAACCGGAGTGTATGCAGGAAGAAAAAGAAACTGGAAGCTCGGATACATCATATTTTTCGTAATCGTTTTTGAGGCATACACAGGTTACCTGATGCCTATGAACCAGCTGTCATACTGGGCTACTAAAACAGGCATGGAGCTTATGAACACCCTCCCCTTCGGAGATTTCATCAAAAACCTTCTGATGCCGGATGATGTTGG
CP001968.1_gap50	1903400	1904593	1193	ATATAACAGGCAACAGCGGTGCGGGTAAAACAAGTCTACTCAGGCTTCTCTATGGCGACCTTATACCTGCCAGAGGGGTAATAAAGCTCGACAATAAGAACATCGGGCACCTTAGAAGCAAAAGCATTGCTTATCTCCGCAGGGACATAGGGGTGGTCTTTCAGGACTTCAAACTCCTTGAAGACATGACAGTCTACGAAAACCTTATGCTGCCGCTGGAAATCTTTTACCTCAGCCCTCAGGTTATTCAGGACAGGATATTTACGCTGCTGAAACAGCTCGATCTTTTCACACACAGAGACTTTGCAGTAAAAAAGCTATCCGGCGGAGAAAAACAGAGGGTGGCACTGGCACGAGCCATCATTAACGAACCCATTCTCCTGCTGGCTGACGAACCGACAGGCAATCTTGACTCACGAAATGCAGATAAAGTTATGGATATGCTCCTTCACAAAACAGCAAAAGGAACAACAACACTTATTGCTACACACGACCAGAGAATCTTAAAGGAATACCCTGGCAGAATAATATATCTGGAACACGGCAAAATCTCTTATGACAGCGCAGGCGGGAGAAGATTTACCCATGGATAGACTCAAATACACTCTGACCAAAGGATTTTATCTTTTTTTTCTAAACCTGCGTAAAAACTTTGTCTCAATATTAACCGTTGCGACCCTTCTGTTTTTTTATCTGGCTGTTTTTTCTGTTAATTTCTCTGCATCAAAAGCCATAGACAAATTAACCGATATCAAAACAATCAGAGTCTTTCTGGAAGAAGGTGTCAGCTACAAAGACATATTAAAAGAACTTTCAGAACTTCAAATGCCTGCCAGTTTTAGATATTTCACCAAACATGCAGCAAAGACCAGAGTGCTGAACCTTGTTCCCGGTGCAAAAAATATCGAAAAATTACCTGTCGAGCTTTTTCCGGAGTTTATCGAAATGAAATTTGCCGATTATGCTTCTGATGAACAGCTCGTAATGGAAACAGCAATCCAGATCGAGCAGATAGGTGGTGTCCGAACTGTCGAATACGGAAAAAGCGTCGGGGAAAAACTGGGGAAGATAAAGCGTACCTCAATGCTTTTTATTATCTTTATATCAGTCATTACAGGCATATCCTCCGCGGTGATAATATTTAACACAATCAGTCTGAGTCTTTATAAACAACAGCGAAAACTTTCTATCTA
CP001968.1_gap51	1906558	1907623	1065	ATAGATAAACCTTTTGATGTTACCATCACAAGGGCGGTTATAAAAGTCAGCTCTGTCAAAAGTAATATGATAGATGGCGATATCGGTTATATACGACTTATACAATTCAATAATAATGTTTCTGATGCTATTTCTGACGCCGTGAAAGAGCTGGACGGAAAAGGGGCAAAAAGCTTCATCATAGACGTAAGGAATAACCCGGGCGGTCTTCTCACAGAGGCTATCAGTGTTTCAAGTATATTCCTGCCGGCAAATAAAATTGTTGTCTATACCAAAGATAGACAGCAGACAAGACAGGATTTCAAGTCAAAAGTGTTTTCGACAAAAGAGCTTGAAAAGCCTATCATCCTGCTTGTTAACGGTGGAAGCGCCTCCGCATCAGAAATACTTACAGGGGCACTACAGGATTACGAAAGAGCTACAATCATGGGCGAAAAAACATACGGAAAAGCTTCCGTCCAAAGTGTAATGCCTTTGCTTGACGGTTCAGCTATCAAGCTCACAACAGCTAAATACTTCACTCCGAAAGGACGCTCGATCCACGAGATAGGAATAGAGCCGGATATTACTGTTGAGTTTAAAGAGCTTACACCTGAACAAATTGAGGAAATTGAAGAACCGGAAAGTTTTAACATGAAAGTTGCTCTGTTTGATCTCGACAAAGACAATCAGCTCAAAGCAGCGGTAGATAAAATGAAGGAAATACTAAAGGATGAACAATAGAAAAAACGGAAGTGGTAAAAGGGTAAGAACCCCCATTACCACTTCCGGTTCTAATAACAATAATAACGGAAATAAAAACAGAAAAGAGACAAAAGTCACAACCTTAATGATGGCAGGAGGACTCGCCGTTCTTGCCGTAATGCTTTTCGCTGTGGCGTTTCTGTTCATGGCAAGAGGCAGCTCAGGCAATGTTGATCCGGCACAGGGGGCACCGGAAACTGTTCGGAAACAAATTACAAACGAACAGGTACTAGATGCGGTCTATGTCTCCCTCTTCACATACGGACTCGATAAAAGCAGTATCAAAGAGCAAACAGAAGTTGAATCTGATGGTAAAACAGA
CP001968.1_gap52	2061701	2063251	1550	AAGCTCCTTTATCTCAGGAACCGCATTGATCAGAGTCTCCACACCAATAGTTCCTGCTTTATAACCGGTTGTATTAGTTTGTGAAGCCGCAGACCCTGCAATAGTTCCACCTGTCGCGAGAATAACAACTTTCGGCAAATCTGCTGAATAAGCATTTGCTGCTGTGAAGCATAATAAAATAACCAAAGACAACAGTTTCATTAAACAATTTCTTCTCATCTCAACAACCTCCATATATTTCAAAAATTTATTAGAATATATTATTTATATAAATAATACCTTGATATGTCAATTTTTTATTACAGAAATCAGAAAACAGCAATATTGCCACACACACAAAACTGATCATTAGGCAGTCATTCCAAAATCAACAAGCACCACTCACTTTATTCAACTCACCCCACCCTTATAAAGAGAGGAGCCCGCTTGACAAATAGAGAGAAAATCAGTATATTTTTATGCTAATAACAAAGCCGAAGCCAGACTTCGGCATTTTTTTACTCAGCTGTTTGTAGAAGCTGAGAATGGAGAAAAATAAATGAATGTATTGCTTCCAGATGGCGCCAAACTGGAAATTCAAGATGGCGCAACAGCATACGATGTGGCAAAACAAATAAGCGTCGGTCTCGCTAAAAAAGCTATTGCAGCAGAGATTAACGGAACATCAAAAGATATTTACGCTGAGCTCAGCGATGGCGATACAGTTAAACTTATAACGGAAAAAGACCCGGAGGCTCTGGACATCATCAGACACTCCACAGCTCACCTTATGGCGCACGCTGTAAAAAGGCTTTTTGATGATGTAAAAGTTACTATTGGTCCGATCATAAAAGATGGCTTTTATTATGACTTTGACATGGGCGACAGAAAATTTACTCCGGATGATCTCAAAGCCATAGAAAAGATGATGGCAAAAATAGCAGCAGAGGCTATCCCTGTTAAACGCAGAGACGTCAAATCTTCTGATGCACTTAAAGAATTTGCCGATGAGAAGTATAAAGTCGAGCTCATCACAGACATAGGTGACGAGCATGTATCTCTTTATGATCAGGGAGACTTTACAGACCTTTGCCGCGGGCCTCACGTGGACAACACAAAGCGACTGAAACATTTTAAACTGCTCTCTGTAGCCGGTGCATACTGGCGAGGGAACGAAAATAATAAAATGCTTCAGCGCATATACGGCACAAGCTGGCAAACAAAAGAAGACCTTGATGCTTACCTGAACATGCTGGAAGAAGCTGAGAAACGTGACCACCGGAAAATAGGCAAACAGCTCAAGCTTTTCACATTCAGCGAAGAGGCAGGCGCAGGCTTCCCGATATATCTTCCGAACGGCGGGGCACTGCGTAACGTACTGGAAACATACGAAAAACAGGAACACATTAAACGCGGATACGACATAGTTTACGGACCATCAATCCTCAAGCAGGATCTCTGGAAAAAATCAGGACACTATGACAACTATCGCGAAAATATGTATTTCACAAAAATAGACGATGTAGACTATGGCGTAAAACCGATGAACTGCCTTGCACACATGATGGTGT
CP001968.1_gap53	2145856	2150239	4383	GACCCGTTGTCTTTCTGCTGGTCACTTTATAATGCGATAAAAAAATGCTTTCCGAACTATTCCTGTGCAGAGATGGAAACACCGACAGGAAATCACGATAAACTGAAATACGAAACTTATATAAAAGCAATTATGAAATCACTGAAGAGATACACACGAAGAAAAACAGTGATCGTACTCGACAACACAGAGCTTCTGCCGACTATCGGACTGGGGTGCAAAGCTGTTAAAACCGCTCTGCTTGCCGCGTCATCAACCCTGCACTTCATAATCTGCTCCCGGAGAACCTGTACAGACTCAACACTTGCAAACAGACTTGAAAAGCAAATAATCATTTTCGATAACAGCTTTTTTTATTTCACAAAAGAGGAATTCCACAAGCTAGCTCTGGCACAACTGGAGCACATCATAGACCTTTCAGGGATAGACAGGATATACGCTATATCTGAAGGGTGGGCGCACGGAATAGTAACAGGACTTAAATATTTCAGAACACGGGGCAAAATCCCGGATTCATCAATAATTGCAGGACAGCTTGATAAATTTTTTGAAATTAACGCTCTGCGTCCGGAAGATATTAAGCTGTACAGCTCCTTCGCTGCCCTCTCTCTGCTTGAAGAGATCCCACTCGAATTTTCCGTTAAGTTTTCAGGAGGGACAGAGCTGGCGAGTTTTCTGATTAACGCCCTTGACAGCAACAACTTCATACAAAAGAAGAAAAAAGTCACTTTTATCCTGCATAACATCTACAGAAGCTGGCTTATTGCTACGTCTAAAGAAACATTTCAGAAAATTAACGCCGCAGCCTTCCTTAACGCCGCGGCCTCTTATGAGCTAAACAAGGGCAGCCTGACACTGGCAATAAAATACCTTATAAGAGCTCAGGCATACTCCCGCCTTGAGTCTGTCATGAAAGACAATATTGATGAAATACTACGCTCTGATAACAACAGAGGATATAACGGAATCCTTTCAGATGTTCCTGGCAAAATACTGCGCAGCACTATGTGGACAGCTTTGGCTTATGCGTACACTTCTATTAATATTATGCCGGAGCAGGCTTGCAGGATGTTCTGCATTACCTTACAAAAATTCATCGATTGTAACGACAAAACGGGAATACTTCTCAGCTACACCGGTCTGGTAAACTTTCACTTCTTTCTGCGCGGAACAAGCATAAACGGACTTAAGTACAAACAGCTTATACAAGATTGTCTTACAGCCGAAGAAGAGAATCTCTCACCTGTTAAAATAGTATCCATATACACATCCCTCGCTTTCGGCGGAATGAACTACTACCCCCAGAAGATTATAAAAGAGTTTATAAATAAAGTCCTACCGCTGGTGGAAAAGGAACGTATGTTCCGACAGAAAATAGAAATATATTATGTATATGCCCTCTTCAACGAACTAATGGGCTCTATGCAGCTTTGTGAGAGATTCACAGATCTTCTTTTTGCAGAGCTGCATACAATAAAAAAAGATCCATTTTCTCTCCTGACTTTTATAATGAAACTGCACAGGTTTTATAATATCCAGGGAGAAACAAAAATATCTGAATACATAGGGCAGTATGCTCAGAGAACAATGTCTGTTCATATGGAGCTAAGTATGCTCTATAAGGCTCTGCTGGATATTTATGAAACTGATAACTTTGCACACTCCGGAGACATCGAAAAGCTTCAGAGACATATGGAAAAATACAGTATGCATGAACTTAATAACCTTCCGGCGCATATTCGTGCAGCAATGACCAGCCATATAGCACTCGGACTTGCAACGAAATTTGATGAAACATCAAGAATACTGGCAGAAAAAGCTCTTAAAGTAGCTATTGATGCTGAGATGAACGAATATACGGTCAGCGAATTTTATTTCTATGCCGGAGCGATTTACACTCTTCTGGGTAATTTTAAAGAAGCTGAAATGCGGCTGACAAAGGCCCTTGAACTTGCACAGGAATTTTCTAACGAAAGGATAAACGCTTCATCCTGTGCATATATGTCATACCTTTATGATACTATCAGTGACAGAAGAAATGCAGCAGAATACGCAGTCTCGGCTGTACGTTTTATGATGAAAACCAGACAGAAAAAACTTAAATGGTCAATGCCTGATATTTGTCAGAATATGCTTAAGTACGCTCACGAAAATGATAATTCGGCTGAATATGCTGACAACATTGCTTTCCAGCAGTTCAACATAAGCTTTACAGGCAGCAGCGAGATGATCCCTGTAATGCAGATAAATGCCTTCGGTGAAATAGAGATAAGAATAGGCGAAACAGCACTTTCCCCTGAACAGCTTTCAGGCAATTTCAGAACAATGATAGCAATTATTCTTTCTTCCAAAAACTATACAGCACATCAAGAAGTTATCCAATCATATATCTGGCCGTCAAGTGGCAAAGAACATGCACGGAAAAGCTTTGACAACCTTATGTCCAGATTCAGAAAGCTTTTATCTAATAATTTCCCCGGCATAAACCCGAAAGACTATATCACCATCAACAACGGAATAGTCAGGATGTCGCACGTTAAATGTAATGCAGATGATTTTATCAATAAAGTCGGTGAAGCAAGAATATCTTTTGAGAATAAAGAGTTTACGAAATGCCTGCTCTGTCTTTTAACTATTAAAGACACCTATAGCGAAAGATACTTTTCATTTATAAACGACATAGAAAAAGTAGATGCAAAAAGACAGTACACTGACGCAGCGATGATAGACATGATGACGCTGATATACAAGATGAACTCTTATCTGCCGGATATCATACCTCTTGAGCCTTACCTTGATCAATGGCATGATATCTTCATCCACGAAACAGAAATGGTGAGGCTCGCGTACCTATACTACAAAGACAAAAACGATAAAGTTAAATGCTTTACAATTATAAAAAATTTCGAAATATTCCTCAGAGAGGAGGGGTTCAGCGAAGACGAAGTCAATGAGCTGATATATGCTGTAAAATCATAGCACTATGCGCTTAATATTTTCCGCAGCATTCCGGCAGCGGCATGTCTCCCCTGCTCTTTCAAAACATTTTCAATGTCCCTGTTCCCTTCTGCACGTTCTTTCCTGATTCGTCTTTCAATACTCTCCCTGACTATCTCCTGTACATCCTCGCTGGAACGTCTGGAGATATTACCAAGAACTGCTTCTGTGAACTTCTTGTCTGCAATATACCATACAGCATACGCCATATCTTCAGTTTTCATATTTCTGAGAATGAGCTGAAGCTGCGGTTTCTGTGTTTCAACGGCATTTATAAGGCTGTCCTGCAGGCTTTCCCTGCTCATAACCTCATCTTCTTTCAGAGCAGAATCAATCAGTGCCTGAATAAATTTAAGCTCCGATCTGGAAAAATACATTCTGGTTCTGTCGTCAACACAAAGAACAAACTCATCCCCTGCTTCTGTCTTTTCTACATTTATATTAGTGCCGTCATCAAGATTAACCTGCATAAACCACCCCATTTGATACTTTAGTATAATTAATTAAAAGCGTGATGCACACCAAAAATTTTCATTCTGCATTGCCTTTAAGCCGTCCCCTTAAAAAAGCATTGCTTTATTCATAAGAACCAATATTTTTCACGAGCGCAATCTGTGTTGGTATGATTCTGAAAGGTACGGCGGAGTATATCAGCAATACATAGATTCCCACGTGTAACCCCGTGGTTCTATTGCTTCGTAATTACATTCCCCGCAATGACTTATAAGCTCTAAAGCTGTGATTAGCTCATTCATCTACGCATAAATGCGTGGTATTCTGTCCTCGACCGCATAAAAAAGGCGGAGTTTTAAACCCCGCCTCAGTATTATAATCTATTTAATATCTATTTAGCGGCAGCCCTTGCATCAGAAAGCCACTTGTTCCACTTTTCCGGATGTTTCGCAATCCACTCCTGAGCATGTTTTGCAATATCTTTTGCTGATTTCTCGCCTTCGTTCATACGGGCGTTCTGAGCATTAATGTCTTCCAGGTCAAGATGGAATTCTCTCAGAAATGTTGCAGCAGCAGGATTTTCTTTAAGAAACTTCTTATTAGCGACAACCCTTATATCTGTGACAACAAAACCGAGTTTAATAGGATCGCTTACAGCACCTTTGATGCCAGTCCCGGTCATTCTGTCCACATATCCCTTCTGAGCTTCTGTAGGGTTAATTTCCGGAACATTTATCCAGACAACGTCTTCCCCTGGTTTCAGTTTAAAAATTGTCCAGTTAGGTGCCCATGTGTAAAAGAATACCGGCTCGCCATTTTTGAACTTAGCTATCCCTTCAGCCATGCTGGCAGAGTAAGAAGCTTTGATAGGATTGATGTAATCCTTCAGACCATAGGCATCCATCTGGTGAGAGATAATCTTTTCACATCCCC
CP001968.1_gap54	2157321	2161131	3810	TGCCCGCCGGCAAGATATCTCATATCCGTATCATAAAAAGTAAAAACCTCATGTTCTTTAGGAAATCTCGGCATTGCCTCCATAGCATCAGGAGAACCAAGATCCTTTGCCATCTCTCTGTCGCCTGCCATAAAAGCAATGTGAAGAGGAACTTCTTTACTTATAAGCTTTTCAAGACTTCCATGAGCCTCATAATATTTGCCTATATTTACAGCAAGAGTACTGAATTCTTTAACTTTTGTTTTTTCAAGATATCTGTGAAAGTTTTTTTTGCCAAAATAACCTATTGTGACAGCAGCAGTGAGCAGACTGAGCAAAATTGACAGAAAAATTATTCCGAAAAATTTATAAAAAAGCTTGAATTTCAATTTTTTCACCTGAGATTATGTTAGTCAAAGCAAGTATCTTCTTCAATATAAAGATTATTTATGAATCCACTTAACACACTGCCTTCACATTTTATACATAATTTAGTTATAACATTAAAAATGAACTATGAAAGAGTGACAACTCTATATTTCATAATCTCAAAATTAATTTCTACACACCACTAAAAAGCCGGACGCTATGCCCGGCTTTTTAACTTTTAGCTAACAGAAAATGTAATTAATTTACGCTTCTAAGCTAATAGAAGAGTATTCAGCATCTTCTGATAATGACTGACTGATTGTTTGAAGATAATCAGCGACAGTTGCTGCTGAATCATCGTCGTCATCCGAGTCATTTGAGAAGAGCTCATCCTGCAGAGAATCAAGCAAAGAAAGGTATGCGTTTGTAGAGGAAGTCTCTTCATCCTCAAGAGAGCTGAGAAGCTCTTCTATTGTGAGGGTATCATCATCCTCTTCTTCAGAACTGCTTGGTGGTGGAGGAGGCGGCCCCCCGCTCCCATTTTCTCAGCAGTATCATCAACACTTTCAAGCTCTGCCATATCTGACGGTTCCGGTCTGTTTGCATCCATAAAGCTTTTCAGCTCTTCGCTGGTATATGTTCCGTCTCCGTCTGCGTCGTATTCCGAGAATTGTTCTTCAACGTTTATACTTTGTCCTGTTTCCTCTGCCAGATTACTCATCAGAGTTGTCAGTTCAGATTGATCGACACTTCCGTCCTGACTGGTATCAACTGCGCTGAAGAAATCTCCTGATGAAGACTTCTCTGATTTAGTGGAATTGCTAGCGCTCGCTGCCGTGCTCTGATAGTAATAACTGTAACTGTCTGCCTGACTGATATACATCATGGCCTCCGTCTTTATGTCACGCCGTGGTATATACATTTTCTGCATCTACTAATAACGGTACTTTTATAGATTATTTTACGAATATGAAAGAAATATGGATAAATACTGTGGATATTATGATATTTCGACCGAAAACGGAAGAAACGGCTCAGGAATGCTTTCCATATAAAAAAGATGACTTATGCAGCTACAGTCACTGGAACCGAACCCTTTCATAGGTATCTCTGCACCGCCTTCAATAAACCTCCGGGCAGTTCTGTGCTCCGCATCGACACCTTCATTGGTATACCAGACAGCTTTTGCCCGCATATGTCGGCGAATGTAATCTATATGCCACCTGCATTTCTTTGCTGTTTTAAAATGTCTGCCCAGTCTGCTTTTCAGCCCGCCGCCTCCAAAAGCACTGCCGACATAAGCGTAAATACCGGGCTTAACCGCAAGTTCACCGAAACTCCCCACCCGAACGGTCAGATTTCTATTACATTCCAGAAATAATACATAGACCCCTTTTTCGGTGGTGATACTCTCTTTTATCTTTTTCATGATCAATCATTTTATCAGGAAATCTGCTACAATAAAACTATGAAAATATTAATCACAGGCGCAACAGGCTACATAGGCAGAAGACTCGCATATGAACTTATTAACGACGGGGCGGATCTACGCATTTTTGTGCGTAACAGTGCCAAGCTGGATAGAAAAATCCTCAGTTCATGCGAAACTGTTGAGGGATCAACATTTAACCCTGACTCTCTGCGGGAAGCCCTGAACGGGGTACACACAGCATATTATCTTATTCATTCAATGGGAAAGTCCGGCGACTTTGAAGATATGGACAAACAAAGTGCCGAGCTTTTCCGAAAAGAATGTATCATCGCAGGTGTGAAAAAGATCATATACCTCGGAGGACTTGGCGAAACAGAATCTGCAAGCAAGCACCTCCGAAGCAGGATGGAAACAGGTGACACCCTCGCTGCCGAACATCATAAAATACAGACAATCATTTTCCGGGCAGGCGTCATTATAGGTTCCGGCTCTGTCAGCTTTGAAATTATACGCAACATCTGCCAGAAGCTCCCAGCTATGGTTACTCCAAAATGGGTGGATACAAAAACCGAACCGATCGGTGTGGAAGATGTTCTCCGTTACCTTAAGAGCGCAGGTCTGCGGACATTTCAGCCTTCTAGCGGCAAAGTAGTAATAGACATAGGCGCAGAAGTTCTAAGCTTCAAAGAGATGCTCGAAAAAGGGGCTGAAACAATGGGGCTGAAAAGGCGTGTTTTCAAAGTGCCGATATTATCTCCGAAGATGTCATCCTATTGGCTTATAGTATTCACGCCGGTGAATTTCGGAGTTGCCAAAGCTCTTGTAGAGGGTCTTTCAAGCGAAACAGTAAAGCTAAACGGCAATGCTGAAAAGTTGTTCCCTGACATTGTACCGGAAAGCTATGAAGCCAGCTTCAGGCGTGCAATAGAAGACATACATAACAGACAGGTAATAAGCAGCTGGTGCGACTCAAGCAACGGTAAGGCATGTGACCTCCCTTTTGTTCACGACATAAGTCACGCTGTCTTTAAGGACAGATATGTTAAGGAAATTGGCAAAAGTGACCCGAAAGACGTTTTCAGAAATATCATGACCATAGGCGGTAAAAACGGCTGGGGTGCTTACGATGTATTATGGCGGTTAAGAGGTTTTTTAGATAAATTAGTAGGCGGCTACGGCATCAGCCGTGGGAGACGTGATGATTCTGACCTGCGTATCGGAGACTCGCTGGACTTCTGGAAAGTTGCTGATCTCGTCCCTGAAAAACGCCTCCTCCTGTCGGCACAGATGAAACTGCCGGGAACCGCATGGCTGGAGTTCCAGCTTATAGACGGCTACCTCATACAGACAGCATTCTTTTACCCTAAAGGGCTGCTTGGAAGGCTTTACTGGTACACAATGCTCCCCTTTCATAAGCTGATATTCAGACGTATGATAAGAGAGCTCGTAACAGACACTCAAACATAGACTATAATGAAACTCTCAGAAGCATTATCTAAGCCGGAGCTCAGTCTGACAAAGGGTCTTCACCATCCTGCCATGATGCAAGATAACGCTCGTGAAGATGGAAGTCCTCACCTTTATGCTCTGTAAAAGTAACATATATATTCTGATGCGGTATCCCCCATATGTCATAGATGATCCCCATGAAGCCAAGGGCAAGTGACCGCCTCTGAATGAGCTCTCTACCTTCTCTTATATCCGCATTGACAAGAGCAACTCCTTCTTTGTTGTCCTCCACCCTGCCGATAAAAAGATTATAGGTATCGTGCTCCCTTATGGAGACACTGATATGGTCTTTTCCGGTACCCATGACCTCTGAGAACAGAGCTTTGATTTTTTCATTAAAAAAGATTTTATCTTCTGATGAAGCTTTACGGTTTATATCAAACTGAAGATGGGGCATGATTCTCACCTCCGGAGATTATATTTATATATTATAACCTCCGAAGAGAGATAATCATGTGAAAATTCTATTTATATGCTCTCCGTCTGTTTCAGCAGAGCACTTTTTATATCTTGCCGGAAAG
CP001968.1_gap55	2249809	2254745	4936	TGCACAAGAGCTTATGCTTGATTATGCTGCGCTTTTTGTTGGTCCTTTTCAGCTTCAGGCACCGCCTTACGGGTCGGTGTATCTTGATGTAGCTAAAACAGTAAACGGCGAATCTACAGCAGCAGTTACGGACATATACAGAAAGTTTGCTTTAAACGTGAAACCCGACATGAGAGAACCAGCCGACCATATTGCAATTGAGCTTGAGTTTATCCATACTGCGCTCATTACTATAGGAAACATGAAGGCTGAAAATAAAGACACAACTGAAACTGAGAATGTTTTCAATGATTTCATCTCAGATTATTATCATCCTTTCGTATCCAGAATGTGTGAGCTAATAGAAAAAAATGCATCCACTGACTTTTATAAATCCATAGGCGGACTGCTTAAAACTTTTTCAGATGAGTTGAAATTAGTCCAGGTATAGCCGCTCTATAAACGTCTTAAATTTATCAGGCAACAAGGCACTGTCAGGAATTTCAGGCAGTGCTTTGACACTTGAGTATACAATAAGCGGTCTTTTAAAGTCATCTGGATGATCTGATCCGTGTATCTTTGCATGTCCTGCATGATCAGATGTTATAACCATCAGATACGTAGGGCTTGCTGATATTTTATTAAAAAAATCCGCAAGCTGCTCGTCGATAAAATTAAACTCTTCCATATACTCAGGTGAAAGCCAACCACTTTCAGGTCCCACAAAATCCAGCCCGCTTATGTGCAGAAAGATAAACTGCTTTTCAGCAGGGTTTAAGATGGCTGTTGCTTTTTCTATAGCATCGTCTCTGGAGTATATCTCTTTATCAGTGTAATCATTTGCCAGATAACCAAGTTTAGGTTTGCTGTATATTAGTGCGGTTTCATACCCTGCTTTCTTGGCTGTGGTTAGCATTGTTGGTTTTGAAACTCTCGCCTCACCTTTCTTCCAGATATTATCGACTTTTCCGTTTTTCTCAGGAGAGAGACCAGTCAGCATTGCAACATGTGATATGAGCGTCTTCGGCGGGGTAGTGCTTTTGGCATCCGCAGAGTATCGACCTTTTTTGATAAAGTTATAAATATTAGGACAACTCTCTTCAGAAATAGCATCCGGGTGAAGCGCATCGATTGATATAACCACAACTGATGAATAGTCTTTGTTTTCTGCAAAAGCTAAATTTACATTCAATAACAAAAGGATACATACGATAATTTTCATAACACACCATAAAATATTATAATACAACTAAGCCCCTTCAAATGAAGCTCCGGCACAAAATGCCTGTTCTAAAACCCAAGATAGAACAAATATAATCCTGCGGCGAGAATTACTATTGCCAGCATATATTTAATGACCACCGTTGCCTGATGGTAGCGCTTCTGCTGCAGTATGCGATTGGCAAAGCTTGCTGACGTGCCGCAAGCTATCAACAGTATACTATGTCCGATCGAATATGAAAAAAGGAGTAATACTCCATATGCTGTGTTTCCACTCTTGGCGGCAATCGACAATATAGCCACCAGAACAGGCGTGGAGCAGGGAGATGAGAAGAGCCCACTCAAAGCTCCGGCGACAATTGCCCCTGCATACCCCTTCCGTATGTCTCTTGATATAAAATTACCAGATGGGATAAATTCGAATACGTCCATTATCTGCAAAGCCATCATCGTCATTAATATACCCAAAATGATATACCACACTTTTGATAATGCAATAAAACTGCCGGCAAATGATACAGTAAACCCAAGCAGCGTATAAACCACTGCTCCACCAATAGCAAAGAGCAGTGACAGCTTAAAGGCTTTTGAGCTGTTCCGAACATCTGTTCCGCCTATATAGCCTATCAGCAGAGGGATTCCGCCGACAGAACAAGGCGTAAATGATGTAGCAAGTCCGGCGGCGAATGCAATCAAAGGTGCCCAGCCGGCATTACTGAGTATTACAGATGCAGCATAGTTTAAGTAAGCTTCTATGTTCATTGCGTTTCCATGTCGTTCAGTATGATTCTGAAGTCATCTTCTGCCAGACCGCCTTCATGAAATGTATAATGGATACCGCTGATAACAGCACTTTGAAAATTAATTTTAGACAGGACTTCATGTGAAGGCTTATAGCTTTCGCCCTTCGGATTTATAAAAATCTGTGTGGGAATGACCCTTACGGGGAAACCCTGAGCGAGGCTGCCGTACTTCCAGACATCGACAAATTTTATTATTGCTTTCCCCTGAAGTTCACTGTTCAAGGCAGCAAGTACAGGTGCCATCTTTTTACAAGGGATGCACGAGTCCGCACCGAAATCAATTATAATCGGAATTTTATAGGATATTAGTTTGTTGAGATCAATCTTATCAACGACATTAAGTGAAAAATCGGAGGGGGCTGTGTTTGATTTTACAACTTCGCTGCTGGTATTAGATTTTTTTAAAAACCAAATCCCTGTAACACACATTAACACAACCATAAGAATAAGGATTTTACTAGCATGTTTATTTTTCAACATAGCAAACCTCTGCAGTTTTATTTTTAAAGGTACCGAGGTGAATATACGAAAATATAATATGAAACACCCTGCTGATCTAATTTCATATTATACACTTACAAGTGTTGATCATATAACAGCAAAACAGAAAGTCAATAATTAATTTGATACATTTCGAAATATAGAAAAAGTTACAATAATAAGACTTAGCTAGTAGAATAGATTGAGTTATAACAACATAGATGCCCACAGATAAATCCTTGGTTCTATTGCTTCGCACGTGCTTAACACACGGATTTACAACTTCGCTGTCACAGCCAGAGCATATGCAAAATACGTCACAGCGAAGCCCACAGGGCTGTGGCAGTCTCTGAACTCGTTAGTTAATCCTGAGATTGCTTCGCCATTACATTCCTCACAATGACTTATAAGCTCTTAAGCTGTGATTAGCACATTTATACACGCATAAAAAAGGCAGGGGGGCACCCTGCCTTAGGACATCATATGTTAACAAATAGTTTCAGTTATTTAAGCTTATCTTCTTCTCTCTGAAGCATCATTCCGGAATCTTTCTCTGACTTATCCATATTTTTGGATTTTTTATCAGTTTTCTGATCCCTTATCGTGTTTTCTGCAGGCATTTTCTCCTGAGGTCTTACATTTTTCTCTGACTTATCCTGTGCCATTGCTGTGACTGAGAGCAGCATAAGCATTCCCATAAGTACGATTGACATTGTTTTCTTCATACTTTAACTCCTTATGATTTAGTTAACTTATATAAAGCAGAAACAATGCCAGAACGACACCAGCAGCTAAACTACTGGTAGAACTTAAATATACACCAAAAGACTTTTTACCGGAGTTATAACTAAATTGACTGACTTCTCATACACAAATGAGCATTCTATATTATTGACAATAACTTATAATGTATGAATTTCACTCCATACATTATATTACTGTCTTTTTCCTGTATATAAGCATGTTTGGTATTGCTAAGCCGAACGCTATGGCGCCCAGAATAAATATCGTTTCAATACCATTAACAACGGCCGACTGGAGGGTTTCATTTGTAAGGTCTTCTCCAGCCAATCCGACAACAGCTATCATTGTTTTATAAGCATACACTCCCGGGATCATCGGTATTATAGAAGCAACAGTTATCACCTTCGGATGTGCATTATGCCTTTTTGCCCACAAGACTCCATAAACGCTGACCACTGAAGCCGATACAAATGTTGCCCAGATAATCTCAACCCCCGACTGCATCAGAAGAGTTCTGACAAAATAACTCAATAAACCGCCTATACTGCAAAAAACAAGCTGGTTCTTGGGCACGTTAAACAAGACAGCAAAACCTGTTGCGGCAAAAGCAGCAGCGAGACAGTTAAGTATAAAATTCCCTAATATAAACATACATCACACCCCCATAATGCTCATCGAAAACACCATCCCAAGGGCTGTGGATAAGGTTATCAGGCTTGCCGCAACCCATCTGGCGACCCCCATGTTCTTAAACCCTTTCAATATGTCAGACAAAGCGTTCACCAGAGGGAAACCGGGAACAAGCATAAGTACAGAAGAAAAAACAGCGACAGCTGGTTCATTGCCTAGATTATATTTAATAGACATAGCGGATATGCATGTACACATGAAAGCGGAGCAAAAGTAGCTAACCACAGGGTTAAAAAGACGTTTCTTAAACTCCTGCAATATAATCATGCCGAGAACGGAAGCGGTGGATGTTATGCCGAAAATAACAAAGTCTCCTCCGGCAAGCTTACTGAAACATCCGCAGGACAACCCCACGATAAACACCACCAGCCATCTGTTGTAACTAGGAGTTCCGGGGTTATCTATCAACGTCTCCAGCTCACGAAGGGATATTTTACCGCTTTCCGCAAGAACAATAGCCCGCTCAACCTCCATTACCCTGCTCATATCTATACCTCTGTCCGGACAGCGGACAGTAATAGTTATCCAGTCATCCCCTTTCATAGCAGTAATAACCATAGAGCTTGATGAAAGAGAGATTTCTGTATGATCCATGCCGTAAAGTTTCCCTGTTCTCTCCACAAAACCACGGATAAGAACACTTTCAGCTCCATACTCCAAAAGGTTTCTGCCAACCTTCACGCAAGAACGCAAAACGTCATGCAGTTCATTATCTATCTCCGTCTTTATATCATTCATGACACTTCCTAAATAATCAATATATGCACGCGATTAAAGATTAAAATACCCGTTATTGACATAATTAACCAGTTGTAAATCACAAATTAAAGACTAGCACCGCATGTAGAAGCATAAAAATAAGATATTTTAACCTGATTAAAGTATCGTAGAAGTGAGTATGGCTTTTATGAATTTGCTGAAAAACTTAATTCCTATAATCTTGAAATTATTTAAAATTGATGTACTTTAGGAAGGTCGGGGCAGGGCTGTAAGCCATTAAAATGTCTGAGACTTTTACT
CP001968.1_gap56	2269510	2271289	1779	GTCTTCTCCGGTGAGATCAAAGACAATAAAGGTAATATCGCTGTCGAAGCCGGTAAGACCATGACAGACGGAGAAATGCTCGGAATGAATTTCCTCGTTGAAGGTGTTCAGGGTAACATCCCAGGCTAACAAACTAAATAAAATAAAAGACTTATACGCCCCCCGCCTTAAAAACGGGGGGCATCTTTTTTCAAAGGTATATCTTGAAACCTATACTCCAGATAGAAAAAATTACAAAAACCTTCCCGGGTGTGAAGGCACTGGACAACGTATCGCTCAGTGTCTACGAAGGAGAAATACACACCCTGCTTGGTGAAAACGGCGCCGGCAAAAGCACACTGATGAATGTCCTGAACGGACTTTATAAGCCGGACAGCGGACAGCTCGTCATTGACGGCAAACCACAGCTATTCAACTCTCCAAAGGATTCCATAAAGGCGGGCATAGGCATGGTGCACCAGCACTTTATGCTGGTACGAAACCATAGCGTTCTCGAAAATATCCTCCTTTCTGTGGAAGGTCTTAAATCGCTCTTTAATAAAAAACTTATTATCAAGCAGGTAGAAGACATCTTAACCCGCTTTGATATGGACATAGACCTTAACGAACCTATGTGGAAACTCTCCATAGGCTCACAGCAATGGGTCGAGCTTATTAAACTTCTTATCAGGGACTGCCGTGTTCTTATCCTTGATGAACCAACAGCAGTTCTCACCCCGCAGGAAGCAGATAAACTATTCTCCTTCCTTCTGAAACTTCGCAGTGAAGGTAAATCTATAATATTTATTTCCCACAAAATGCGCGAAGTCATGGCTCTTTCAGACAGGGTTACGATACTTAAAAAAGGCACTACTGTTCAGGAGCTGACCAAGGGCAATTTCGACGAACATAAGCTGGCAAACCTCATGATTGGCGGCGATGATGTTCCTGCATGGGAACGCAAGCATAAGGACATAGGCAGCGAAACCCTCAGAATTGAAGGACTGAGTGTAGATAATGACAAAGGGCTGAGCGACCTTGAAAATTTCACAATATCCCTTCGCAAAGGCGAAATCCTTGGTATCGCAGGGATTGCAGGAAACGGACAGAAAGCTCTCGCCGAGGTTATGACAGGGCTGAGAGAAGCAAAATCAGGTCGGATACTGCTGGAAGGTCAGGATATCACAAGGGACAACAGCCGTAAGAAACATATTGCAGGGATAGCGCACGTTCCGGAAGACAGAAAAAGTATGGGGATAGCTCCGGAAATGCCTATAGCCGAAAACCTCATTCTTAAAAGCTACAAAGACAAGAAATTCAGAAGATCATTCCTACAAAACAAAAAAGCAATAAACGAAAACGCAGTAAAACTTATAAAAGACTTCGCTATAAAAGCAGGTCCGGCAGGAACCCCTGTCCGCCTGCTTTCCGGTGGGAACATCCAGAAAGTAATCATAGCACGGGAGCTGTCACTTGAACCGTCCGTTCTGGTAGCGCTTTACCCAACGAGAGGTCTGGACATAGGCTCTGCGGAATACGTACACAAAGTCATTATGGATGCACGGGACAAAGACATGAGCACTATACTTATATCTGAAGACCTGGATGAGCTCCTAAAGCTTTCAGACAGAGTGGCAGTCATGTTCAGGGGCGGAGTTACAGGCACCGTAGACCCTAAGAACACGACCAGAGAAGAGATCGGTCTTCTCATGAGCGGGGAGAAACAGAAATGATTAAGTTTATCAAACGCAGAAACAGATCAAAGCTTTTCACCTTCACCGCTCCATTTGTCTCCGTACT
CP001968.1_gap57	2274306	2275937	1631	TCGGCTGGCATTCACTTTCAGGGATAATGCTTGCAGAGATGAAAGGGAGCGATATAGGAGCGATTGCGTTTCTGTCAAACGTCTTCAGGGAGAATATAGCCATACTGTCTATGCCCCTGCTCGCCAAAATGGTTGGTTCTCATGCAGCGATAGCCACAGGCGGAGCCACAACAATGGACGTGACACTGCCTGTTATTGAAAAATTCTGCGGTAAAAATGCCGCAATACTCGGCTTTATCAACGGCGTGATTCTGTCTACACTGGTACCTATTATACTTCCGCTCTTTTAAACAGCAGGTTTGCTTGTGTTACTGCGCATCTTTATATTCAGTATTTCAACACACGAAGAAAATGCCATTGCAAAATACAGGTAACCTTTTGGTATATGAAAGTGTAGGCTCTCCCCGATAAGGCTCATACCGATCAGGATAAGAAATGAGAGCGCAAGAACCTTCAGTGTAGGGTGTTTGCCGATAAAATCACTGATAGCTCCCGAAGCAGCCATCATCACGCCAACAGATATGACAATAGCCACAACCATTATCCAGACATGACTGACCATACCGACTGCAGTTATCACTGAATCAATAGAGAAAACCATATCCACCAATACTATCTGGACTATCACTTTTGAAAATGATGTAATCTTCTTCTTGCCCGCCAGCTTATCTTCTGCAACTTCTACTGCATGGTGGATCTCTGTTGTGCTTTTAGCCAGCAGAAAGAGCCCTCCGCAGAAAAGTATCAGATCCCGCAGCGAAACAGCAAAGCCGCGCACTTCGAAGAGAGGCTTTGTCATGCCAACGATAACGAATATCATGAAGACAAGCCCTATACGCATCAGCATGGCAAGGGCAAGCCCTATGATTCTGGCCTTATCCTGCTCGCTCTCCTCCAGCCTGCCTGTGAGTATGCTTATGAAGATTATATTGTCGATTCCAAGTACAATCTCCAGCACTGTCAGAGTCAGCAGAGCAACAATAACTTCAAAACTAAAGATAAATTCCATATACTCTCCGATCTTTCTGTACGGCACTGGCTGATAAGCTGATAACTTAGCAGGTACTCACTATCCCACAGAAACAACAGCACATTACATACTTATCCTTAATCTAACGGTATCCCCGTTGCCATTCTAAAGGATCTGACTGAGAAACAACTTCAGACGCTCACTTTTAGGGTTGTGGTAAATCTCTTCCGGAGTATCCTCTTCAATCTTCATTCCTTCATCCATAAAGATTATCCGGTCTGCGACCTCTCTTGCAAAGCCCATCTCATGAGTGACAACAACCATTGTCATCCCATCTTTAGCGAGATCCTTAATAACATCCAGAACCTCCCCTATCATCTCCGGGTCAAGGGCAGATGTGGGCTCGTCAAAGAGCATAACCTTCGGCTTCATGGCAAGTGCTCTGGCGATAGCAACACGCTGCTGCTGCCCACCGGAGAGCTGTCCGGGATAAGAATCGCGTTTGTCGGACAGTCCTACTTTTTCAAGAAGTCCTTCGGCAATGATTTCAGCCTGTGCTTTCTTTATCCCTTTAACGTGTATAGGCGCCATAGTGATGTTCTGAATTACAGTCTTATGAGGAAAGAGGTTAAAAGACTGAAAAACCATCCCCACCTCTTCT
CP001968.1_gap58	2417174	2419023	1849	GTATCTGCTCCTCAGACATACCTAGCATATCAATCATTATAGCCTGCTGGAGGAGGTATGTGTCCACTTTCCTGTAAACAGGGTGGAGGCTTTCGATAACCTCTTCCCCAGCTTTCAGACCGTAGAATTTACCGTCGAAGTAAACAGCCATAGTCCTGCCGTTTGTATCATTGCTTAGATATTCGTTATAAGCTGCTTCATCTGCTAGCTCTTCAACGCTGAATTTTGTTCCGAGCTTTTCAAGAAAAGCAGCCATGTCGAAAGCAGGTTCAACATCCACAACTCTGTGAGTAGGGAATATCTTCAGACCTTCGTCATAGAAGTTAACAAACATCATCATAACATAGTCATAAGGCTTTTCTTCACCGGGTACATCACCATTCAGCTCACGCATATAGTCCCGATAGTTCAGAGAAGTTTCATAGCGGTGATGTCCGTCAGCTATATATATTGCCTTATCTTTCATAAAGCCTTCTATATACTGAACAGCCTCATTGGTATTTACAGCCCATAGAGTATTTTTTACGCCCTCATCATCCACTGCGGATGACGCCGGCATATTCTTTTTGGCATCGTTGAAAACAGAGTTCAGCATGTTTTCCTTATCCATATAAAGACCGAAAATCTGGCTGAAATTTGTCTTACACTCTTTCATAAGCTCAAATCTGTCTTTCTTAGGACCAGAGAGCGTCTTTTCATGTGGATAGACAGAGCCCTTACCAAGCTCTTCAAGTTTTAAAAGTCCTACAAATCCTGTGCGGACATATTCTTTGCCGCCGAATTCATAAATCTGCTCATAAACATAAAAGCAGGACTTCTTGTCTTTTTTCAGGATTCCTTTATCAAGAAGATCCTTGTAGATTTTTGCTGCGTTAGCATATTTGTCTTCCTGCCCGTCCGGCAGATCCATTGTCACAACGTTATGAGGGCATTTTGCCTTCAATTTCTCTTTCATCTCAGGAGAGATTACATCATATGGAGGAGCAATAACATTTTTGAGAAGAACTTCCTCAAGATTGTATCTCACCCCAGCTAAAGGTCTTACTATAGACACTTTCTTCCTCCGATTAGCTTACTGTAAGCTTTGCGAACTTTCTTTTGCCTACTTTCAGGACATATTGCCCTGCATGCAGACACTGGTCAATATCCTCTACTTTATCACCATCTATGTAAATTCCGCCCTGCTTGGCAAGCCTTCTGGCTTCGCTGTTGCTCGGCAGGAAGTTTAAACCGTTCTTTGTTATAACGTCGATTAGTTTAACATCTGTTCCTATTTTATATTCAGGCATTTCGTCAGGATTTTCTCTTTTCGAAAATACCTGCTCAAAGCCCTCTCTCGCTTCTTTTGCTGCCTCTTCTGAATGGAACCTTGCTACTATTTCCATCGCAAGTTCCTTTTTAACATCCATAGGATGCTTGCTTCCATCAGCGACAGACTGCTTAAGTATATTGATATCCTCAAGGCTTCTGTCAGAAAGGAGCAGGTAGTAGCGGAACATGAGCTCGTCCGTGATGGACATAACTTTCCCGAACATGTCCTTTGGCGATTCTGTTATACCTATATAGTTACCGAGAGATTTTGACATCTTCTGTACGCCGTCAAGCCCTTCCAGAATAGGCATAGTAAGCGCTATCTGCGGAGCCTGCCCATAGGCACGCTGCAAATCACGCCCAACCAGCAGGTTAAACTTCTGGTCAGTTCCGCCCATTTCCACATCACTTTTAAGCGCCACAGAGTCATAACCCTGAATTAACGGATATATAAATTCGTGTATACTGATTGGTCTGTTCTCTTTATATCTTTTGGAGAAATCATCACGCTCAAGCATTCTCGCCACTGTATAGTGAG
CP001968.1_gap59	2421041	2425903	4862	ACCCTCTGACAACAGCCTTGTCTGTGCCCTCGATAGCTTCAAGAGCCATGACAGCTTTGTTCTTCACTACAACAGTCTGTCCGATGTCAAGTCTGCCAAGTTCTCTTGCGACTTCAAGACCAAACTCTATATCTTCCATCTGAACCTTAGAGGGCTTCTTTTTGCTGTAAATCCCTTTCCCGAGATACAGGGGATAAAGAGCCTCTGACTGCTCCATGACCTCTATCCCGTTAGCGTTCAGTTCGTGACAGATAACATCCATAATAGTATCATCTTTTCTGTTCGGGAGAGTTGCGAGCAGCTTCATAGCCGTGAGATCAAATTTAAGGTCTGAAAAAAGAAGGGACTTGTTCACCTTTCCGGCAAACAAGACCCTGTCCGAGTTATTATTTTTAAGAAGTTTGATTATTTTGCCCACCTGAGTGACACTTACTTTTTCCACCGTAACACCTAGCGAGCCCAGATCAGCAGTAACCTCTTCGTAAAGAGCTATTATGACAAGTTCATGTCCGTCTTTGATCAGGTTTTTTGCTGCGATAAGCGGAAGTTCACCATAACCGGCGATGAGCCCTATACTCAAACTTTAACCTCGATTTTATTCCCGTTGGCGCCTGTGAGGAGTTCGTCGACCTTCAGCGCAACTTTCAGGGAGCGGAGTTCGTGCTCCACAGTGACATTTCTGCACTGCTTGCCTGTTACACAGTCGAGGAAATGCTTAATCTCCATTTTAAGGGGGTTGTCTTTGTAAACAAAGAGTTTTTCATAGCTGTATTCATTCTTATACTTCAGCTCTTTAATCCCTAACTCTTTCCCCTCTTTTGCTTCGCGATAGATATTAATATCCTGTGTTGTGTAATCAAGATAGATGAACGCACCCTTCTGAGAAATGCTCATTGTTCTGTCTTTCTTCTGGGTGACACGGCTCACAAGAATATTTGCAACACAATTATCCTCAAACTGAATAGTAACTGTGGCAAAATCAGGCAGAGGCGAATAAACACAATTGCCATGAGCCTGAATACTGGTTATATTTTTGTTCACCATGTTCAGAATGATATCAATATCATGTATCATAAGATCCAGAACGATGGAGTCATTTTTAAAATTTGGGTTGTAAGGTCCGACACGCCTTGATTCGATCAGATACGGATCATCAGTAATATTGTCCAGCTCCTGAACAGCACCGTTAAAACGCTCAACATGTCCTATCTGCAAAACAAGCTTTTTCTTTTCTGCAATATCGAAAAGCTCCGTAGCTTGTTCTATATTAGTTGTGATGGGTTTTTCCACCAGAACGTGTTTCCCGCTCTCCAGACATTTTTTAGCAATTTCGTAATGATGCTTTGTAGGAGCTGCGACTGTGACAGCCTCAACCTTACTAAGCATTTCATTAAAATCACCTGTTGTCTGATAGTTATAACTTTTAGCCACAGCATCTCTTACACTGCTGTCAGCATCACAGAGCATCTGGAGGTCAGATTCCGCCATCTCATCATTAAGGTTCAGATGATAGCGCCCCATTCTTCCAAGCCCGATAATCCCCGTTTTAACCATAAATAATCATCTCCTGGTAAAACCTCTTTTACTGTCTTTTAAGAAATCAATGAATATTTTAACTTCTTCAAACTGCTCCAGTTCCGCAAGTTTATCCGGCACATCAGCAAGTTTTATTTTTAAATCTCTAAGTATCGCCATCGCTCTTTTAAGCTCAAGTCTCGCATCAGGTTTAACACCGCGTCTCTTCAAACCAACAACATTGAGACCTTCTATTCTGGCAGGGATACCAACAGCCATACAGAAGGGTGGAATATCTTTCGATACATTCACACGTGCTCCCAGCATAGCCCCTGTTCCTATTCTCGTAAACTGGTGACAGCCGGCATAACCGCCTGCAACAACATTTGAGCCGACATGGCAGTGCCCCCCGAAAGAGACATAGTTTGTCAGCGTAATATTATTTCCGAGTTTGCAGTCGTGACCAATGTGGGCATACGCCATAATAAAGCAGTCATCCCCGACAACGGTTTCCCATACATCTTCTTTTGTGCTTGCCCGGTGGATGGTGGCAAATTCACGTATCACGCAGTTCTTGCCTATTATGAGCTTTGTATCTTCGCCACGGAAGCTGTAATCCTGCGGGGCGCCGCCAATATGAGCATTAGGGCTCAAGACAGTTCCGTCCCCTATTGTTGTATTACTCTCAACAACAGCATTATAACCAATCTGAACATTTTCGCCTATGACACAATTCTTACCGATATATGCTCCGGCAGCTATCTCTGCTGAGTCTGCAATTTCGCAGCTGGGGTCAATTATTGCGCCTTTATTTATCATAAAATTACTCCGGGACAGTCATCATGGCAGTCAGTTCACCTTCACAGGCGAGCTGTCCGTCAACAAATGCTTCCCCTTTAGCTTTTACTATTTTTCCTTTCTTTCTGATAATGGTAACAACCATCTCGAGCTGATCACCGGGAACAACCTGTTTACGAAACTTGACACCGTCAACTCCCATAAAGAGCGTGAGCATGTTCTCAGGTGCATCCTCGCCTGATGTTGAAATAGTATGTATGCCTGCACACTGAGCAAGAGCCTCAACTATAAGAACGCCCGGCATCACAGGGTGACCGGGAAAGTGACCCTGAAAAAACGGTTCATTCATAGATACATTTTTTACAGCACGGATTTTATCCGGAGTTATCTCAAGAACACGATCCACAAGCAGAAATGGAAATCTGTGCGGAAGTATTTTCATTATTTCTTTAATATCAAGCATCTTTATCTTTCTCCAGATCTTTGATTCGTTTTACGATATTCGGCAGGTCTCTGACGTATGCGATCTCCCGCATCCAGCCTTTCCTGCTAGTAACCGGAATTCCGGCATATATACCGGGTTTATCTATATCGCTCATCACACCAGCCATAGCCGCCAGCATAACCTTAGAACAGATATTAACATGATCACTAACGCCTGCTCTGGCTCCTATCATAACATAATCTCCCGTGGTGGAGCTTCCGGCAATTGCGGCCTGCCCTGTGAGTATATTATGCTTACCAAGTTTAACATTATGAGCAACCTGAACCTGATTATCAATCTTCGTCCCTTCGCCGACAACAGTGTTATCAAACTTGCCTCTGTCAACACAGCTGCCTGAGCCTATTTCGACATCATTCTCAAGTATGACCGACCCGATGTGAGGTATTTTTACGTTGCGCCCATGCTTCTGGTAGTATCCAAAACCGTCTCCGCCTATTACAGCACTGGAATGGACTATAACTCTATCTTTTAATCTGCATCCGTCATAAATTGTAGCATTAGGGTAAACTATGCAGCCAGAACCGATCTCGACATCTTCACCAATCACTGCTCCGGCATGGATCTCTGTCCCTTCACCGATCTTTGCTCTGCTGCCTATATAGGCAAATGCATCTACAAAGACATTTTCACAAATAATTGCACTGTCGGCAACATACGCAGCGGGATTAACACCGTCTCTGTGCTTTTTCGGATAAAGTGCGTTTACGGCAGCCACAAGGGCAAGCTCTGCATCATCCGCAAAAAGATATGTCTTTCCTGCCGGAACATCTGCCCCCTTTTTAGCAAGAAAAGCCGCGGCAGAAGAAGAATATATATCTTCAGGTATTTTATTACCTAGTATCGCAACAAGACTGCCTTCACTGATATTTTCTATAGATGAAAATGAAGATATTTCTACATCTTCACCATTAAGCTCAGCACCAATGAGCGCAGCAAGCTCTGACGCTTTCATTATTTTCCTTGTTTAAAAACGTTATCGTATCTTTTGATTACATTGTCTGTAATGTTAACGCTATCCGCCATATAAAGAACAGCAGAGTTCTGAACTTCGAGTATAACTTCATACCCAAGCTCTTTTCCGAGATCAGTGACTATCTTCATAACTTCATCCTGAACCCTTTTAAGGTGTCTCATCTCAAGTCTTTTGAGTTCTTTTGAATAGTCCTCTTTTGCTGTGTTGAAGTTTCTTATCTCACGCTGAATTTCAGTTCTCTTCTTCTCTTTTGTATCTTCTTTATAAATGCTCTCTTTCTGAGTATATTCGTCCTGCATATTTTTAATTTTATCACCCAGTGTCTGAAGCTTTTTATCATAATCATCTGCCTGTGTTTGCAGTTTGTTGTAAACTTCCTTACCTGATTCTGACTGCTTAAGCACCTGCTGGAAATCCAAAACACCTATTTTAGCAAATGCATTTGCGGAAAAAGCTACCATTATCACCATTACAAGTATTGAAACGCGTCTCATTAAGTCCTCCTGTATAAAATATACATTTATTATTTATTTCTTAGAACATACCGCCGATGGAAAACTCCCATTTACCACTGGGGTCTTCACCGTTAGGATCGTCAACTGGCACACCATACTCCAGCCTGAGGGGGCCGACAGGGCTGTACCATCTGAAACCGGCTCCATATGATTTATAAACATCACCGCTAAGGAACTGCTCGTTGCTGGTAAGCGATTGAGCCGCATCAATAAAAAATACGCCCATTAGCTGTGCACTCTCCACAACAGGAAAGATCACCTCAAGGTTCATCTGATCGTACTTCACACCACCCAGCCTGTCTCCATCTTCATCCAGAGGGGAGACATCGCCATAGTCGTACCCCCGGACACTATACATGCCACCAAGTCTGTAACGCTCTGCCACAGGTACATCTTTTCCACCGTATGCCTCAACCTGACCGCCTTCAAAGTTACCCATGAAAACAAATTTCCAGAAAAGAGGGATATAGTGGGTGTATGACAGCCCTATTTTTACAAAGTCATTATCACCGCCGAAAATACCGCCGGCTATTTTGCTATATACAACAGCTTTATT
CP001968.1_gap60	2431735	2434445	2710	CTGAGTCGTTATCTTCTGTACGAGAAGACCGGGGAGTATTAATAATTTCATTATTGGATTTTCAAAGTGCTTTCCGCTGAACTTCAGTATCTCATAGCTGATACCTGCTATCACAGGGATAAACACAAGCCTTGCACCAAGCTTAATAAAAAAGTTTGCATCATTAGGTATCAGCGAAAAAACCATTATGCACACCAGCATAAGTATAATCAGAAAACTTGTTCCGCATCTGGGGTGAAACCTGCTCTGTAAGCGTGCATTTTCAACAGTAAGATCAAGTCCCTGTTCATAGGTGAATATAGCCTTGTGTTCGGCTCCGTGGTACTCAAACACACGTTTTATGTCTTTCATAAAAGATATTACCCACACATATATAACAAAAAACACCACCCGAACTATCCCATCAATCCCGTTATACACAAGAGACGAGTGCTCCGCAGCAGGAAATATGTGTTTAGAAAGCTCCGTCACCTGAAGCGGAAGGTATATGAAGAGCAGGAGACCAAGCCCTATGCCTGTCGCCATACTGAAAAACATTGCCCATTTACCTACCTTCTCCTCACCTTCTCCGGTGGAGTGATAGGCGCTGAAGTTCAGAGCACGGATGCCGAGTATCAGGGCATCGTAAAGAGCAATGAGCCCTCGCACAAGAGGCTTTTTGAAAAGCCAGTTTTTATCTATTTTCACTTCCTCTTTCTTGAGGACTATTTCATCTTTGCTTTTCCGGACAGCGATCACAAATTTAGAGGGAGCTCTCATCATAACGCCTTCGATGACAGCCTGCCCGCCGATGCTAGGTTTTGACATTTAAATTTAACTCCTATAAGTTTCAGATTGCTAGTATATGAATTTTCAGTAAAAATGCCAGTCATTTCAGTATCAGACTCTAAATGCTTTATGAGGGCTTGCCATTTCCAATGTACCTCGTAGCACTCAGTTTCGGCTTTTTTTATACTTAGGCAACAGGCTTCTCAACTGCTTATTCTGACAAAAAACTACGGATAATATCCTGTCAGATAGACCTTATTTAAATAGATATTAATTAAATGAATAGATGCTAAAAAACTAAAGTTTAAAAAGAATTCAGGCAAAAATAAAGCCCGACGGCATAAAACCATCGGGCAGTTATTTATAAAAGTATCGTCAACAAAAGAGTAATAGATTACTTGTTTTTGTTGTATTTTTTCATGAACTTCTCTACACGGCCGGCAGTGTCAATAAACTTCTGCTTACCGGTAAAGAACGGGTGACATTCAGCACAAATAGCCACTGATGCTTTATCTTGATCAACAGTTGATTTTGTGTGAAACTCTGCTCCGCAAGCACATCTGAAAGTGATGTCTTTGTAGTCAGGATGAATATCTTTTCTCATTTATTTGTACCTCATAGTGTTACGCTTTCGGCGTCCCCCTTCGGACAGAACTATTCCAACAGCCCTGTCAGGGAATACGGGTTATATCACAACCTAAATTTTATATCAAGGGGTTATTTCCCCATGTTTTCCAGAAACTCAATATTGGATTTTGTCCCTTTCATCTTATCAAGGAGAAATTCCATAGCGTCCACAGCATTCATGTTTGACAGGAAGCGGCGGAGTATCCATATCTTGTTAAGCTCATCTTTTGTAAGAAGCAGTTCTTCCCGTCTTGTGCCTGATTTGTTGATATCAATAGCAGGGAATGTTCTGCGCTCAACAAGTCTTCTGTCGAGGTGAAGCTCCATGTTGCCAGTTCCTTTGAACTCTTCATAGATAACTTCGTCCATTCTGGAACCAGTGTCAACCAGAGCAGATGCAATGATTGAGAGTGAACCGCCTTCTTCTATATTTCTGGCTGCACCAAAAAATCTTTTTGGCTTGTGCAGAGCGTTGGAATCCACACCACCGGAAAGGACTTTACCTGACGGCGGTTCAATGGAGTTGTATGCTCTCGCAAGTCTTGTTATAGAGTCGAGCAGAATAACCACGTCTTTCTTATGTTCAACAAGCCTTTTCGCTTTATTCAGAACCATTTCTGCAACTTGAACGTGCCTGTAAGCCGGTTCGTCAAATGTTGAACTGATAACCTCAGCGTCAACAGAACGCTGCATGTCAGTAACTTCTTCTGGTCTTTCGTCTATAAGCAGGATAATGAGGAAAACTTCCGGATGGTTGGTGGTGATGGCGTTTGCAATGCTTTTCAGAAGCATTGTTTTACCTGTTTTCGGGGGAGCCACGATAAGTGCCCTCTGCCCTTTACCGATAGGAGCAAGCAGGTTCATAATACGTGTCTCGTAAGCTATCGGCTTGTACTCAAGCTGCAGCCTCTCCTCCGGAAAGAGCGGTGTGAGGTTTTCAAACAGAGTCCGTATCCTTGATGCAGCCTCAAAATTGACCTCTTCCACTTTTAAGAGAGCGAAGTATTTCTCATTGTCTTTCGGCGGTCTTATCTCGCCTGCGACAGTGTCACCGTTTCTAAGACCGAATTTACGGATCTGAGCTGGTGAGACATAAATATCGTCAGGTCCCGGCAGATAGTTATAGTTAGGAGAGCGGAGGAATCCGAATCCGTCAGGAAGTATCTCTATGACACCCTGTCCATATATCTGTCCGTTTCTTGCACTTGTTTGTTTGAGTATTTCAAAGATTAGTTCTTGTTTAAGGAGTCCGTCTGAGTTCTCGATGCCTGTAGAAATGGCTATTTCCACCAGTTCTTCGATGGGTTTCTTTTTC
CP001968.1_gap61	2539780	2542539	2759	CAAAGTTCTGGACTTCTGCCGGATAAGCCCCTCTTCCGTCGTAATCCACAGAGATGTTTTCAAGACATGCGGTGTGTTTGACAGCAACATGCGCACCTGCGAGGACTACGACCTCTGGCTGAGAATATGCTCAAAATTTGAAGTCTGCTACCTGCCGGAAAAGCATATAATCAAACGTGCAGTAACGAACGATCAGCTCTCGGACAGTATAAAAAATATTGAATATATCAGGCTTGTCTCACTAGCCCGATTCGTCAAATGCAAGAATATCAAACCAACACTAAAAGTACCTGCCATAAAAGAGATATCACGCAAAGCCCTAATTACAGCGGGGGGCATTAACAATTTTTAATCGTAAGACACTTGATTTTGAACCATCTTCATGTAAGATGCATCTTTAATTAAAGCAGGATAATAAAAATGAAAAACATATTGATATATATACTACTGGCAGTGTCGCTGGCAGCGTGCCAAACGGAGATAAAAGGTCCCGAAGAGGCGATGATACCATCGGTTCCCGAAGACTCTTTCACATTCTCACCTTTTGCTCACCCAGAATTCAAACAAAAACTTGATAAAACATTTGATATTTACACCGTGGTTAACACAAGCCATGAGTTCCGTTTCGGACCCCACGATACAGAATACGGTAAATATGACGTTATAGCTCTTGTTGAAAACAGTCGTTTTGACTATTACGTAAGGCTTTTTACCGGTAACTATAGAAAAGTTTTTCAGAAATGGCTGGATAGATCAAATGAGTATGTATATATCCTGCGTGATATACTCCGCCGCGAAGGTGTACCGGAAGAGCTTGTGTATCTCCCCTTCACTGAAAGCGGTTTCAACCCTGCAATAAGATCCAGAGCCGGAGCATGCGGAATGTGGCAGTTCATGAAAGGAACCGGAAAAGCCTATGGTCTGGACACTGATTTCTGGGTTGACGAACGCAATGACTTTGAAAAATCCACTGTTGCCGCAGCCAGACACCTGAAGGACCTCTATGAGTCTCTGGGTGACTGGTATCTCGCCATGGCAGCCTACAACGCAGGGCTAGGTAAGGTGCTGAACGCCATAAAACGCTACAATACAAGGGACTACTTTGTCATGAGTCAGCGGAAATACCGCTACCTTAAACTCGAAACGAAAGACTATGTACCAAAATATATGGCTCTCAGATATCTGGCAAGAAACTATCAGGAATACGGTTTTGACACGCCGAACGGACAGCCTCAGCTTTTCGACCGAGTAACCCTTTATCGTCAGGCAAACCTTTACGTTCTCGCAAAGATAATAGGCTCTGACATAGATACCCTCAGGGAGCTGAATCCCGAACTGATGACTCCCATGACTCCGCCTGTGGAAGAGTATTCAATGCGTATCCCATACGGCAAAAAGAAGATTCTTGAAGAAAAACTGGAACACATCTCTGACGCCGAACTTGCACAATTCCATATAGAATTCGCACGTAAAGGTCACAGCATAGCATCTTATGCAAAAAAATACGGAATGACCGCAAGTGCACTGAAAGACATAAACGGTCTCAGACATAACATGATACTTCGCGATACTTATCTCTTCATCCCTATCAAGAACGCATATGACGAAGAGCTGAACAGAATGTTTGTTCAGGAATTGAAAAGATATAACCCGAAAGTCCATATAGTCAGAAGCGGCGACAACATGTATCAGATAGCTCATAAATACGGAATGTCACTCTACGAACTAATGGCAATGAACAGAGATGTCAACCCTAAACGTATACGCCCCGGACAGTCGATCATCGTATCTGACTCTTACTATAACACGAGGACAAACAAAAAATCCGTACGCACCTATGCCAGCAAAACAAAATCAGGCTCATACGCAAAAATAACACATAAAGTCAGCTACGGTGAAAGCCTCTGGAGCATCGCCAATCAATACGGCACTACGATATCTCAGATAAAATCCAGCAATAAACTACGCAGTAACGTTATTCAGCCCGGCAAAGACCTTATTGTCTACAACTACAACTCTTCTGCCGCTGACGATGGGAAATACACCGTACGCAGAGGGGACAGCCTCTGGGAAATCGCCAGAAAATTCAACACCAGCGTTAACACCATAAAACGTAAAAATAACCTGAGAGGAAACAATATACATCCAGGGTCGGTGCTCGTAGTAGATTAACGCTTAAACAGTTGTTGAATTGAGCTAAAATAAATCGTATCATAAACAACACACAATAAATTAGCGTCGTTTTGCTTCAAAGGAGCAGAAATTGAAACATGATCTGATACAACTCGCCAAAAATGTTTTCGAACTGGAGGCAAAGGCAGTATCATCACTCACCAAAAAGCTCGATGATACATTCATAGAAGTGCTTAACATGATCTTCAACTCAAAAGGGAGACTTGTTATCTGCGGGATGGGTAAATCCGGACACATAGGTAAAAAGATTGCGGCAACCCTTGCAAGCACGGGAACACCAAGTTTTTTTATGCACCCGGGCGAGGCTTATCACGGTGACCTCGGTATGCTTACCGACTATGATATTATAATGCTTATATCAAATTCAGGCGAAACCGAAGAAATCATAAAACTAATACCAACACTTAAATACAGAAAAATCCCAATGATATCAATAACCAGCAATCCCTTGTCTACCCTGAGCAAACTCAGCGATTTTAACCTTGACATAGGGATGCATGATGAAGCCTGCCTGCTTGGTCTGGCTCCGACAACATCTACAACGTCAACTCTTGCAATGGGCGATG
CP001968.1_gap62	2544544	2545546	1002	ATAAGCTTCTTCACTATCAAGGCGTTCCTGCATTTCATTCAGAATATCGCCAACAGTATAGAGATCGATGTTAGATGAATGTCTGCTGAGTATCTCCACAAAGCGGGACATGTGTGTCCCTTTAAAATTGTGGGGCAGTTTAACATACATATTGATAAGTGCGACAGTATGTTGGCTGCCGCGCTCTTTGTCTGAGAGCACTATGGGGTAACGAATATCCTTAATGCCTACTTTATCAACATCAAGGTTCCTTGTGTCACTCTGGCTCTGGATATCTTTCAATATTATTTTCTCTTCATCCGCTGATTCATAAGAAACTGCTGGTACTGCTGCCCCCCCTGAGGGTTTTTACCACCGAGGTGCATCTGAAGCCAGTAATTGCCATAGTTTTGCATCTTAAGTTTTTTGCCGTTTTTAACAGCGTCAAGATTAGAACTGAGCCTATCATCAACGGGGTTCTTTGCGACACCTTTTGAAAGCACTTCAACAGCTTTCGCCTTGTCACTTTTTTCTATGAGAAACCATGCATAAAGCGCATACATAAACGGCTCTTTCGGAGCTCCTTTGATTCCTTTGTCCATGACTCTTCTGACCTGTGCCATATCACCTTTTTTGTAATAAGACGCAGCAAGCATAGACATTGCCATCCAGTTTTTAGAAAATGCATTTTGCAGGTAAGGTTCTGCCTGATCAAATGATTTACTTGTATAGTAAAGAATACCTATCTGAGAGTCGATCTGTTCTTTAACCATAAACTGCCATTTTGCATAAGGGTAGCCCTCTTTCAGCTTCTCAACTGCTTTTTCAACTCTCCCCGCTTGGATGTCCTTTTCAACAGACTTAAAAAGTGCGGTGAGTTTTTTCATAAACTTTTTGCCTATGAAATAGTTGAGACCGAGTATACCCACAACCATTATAAATAGCGGCCAGAAAATCTGGTAAGTGAGGAAGTAAAGTCCGAGCGCGGCGGCGGTTGATATTGCTACTGATATTATGAGAGTA
CP001968.1_gap63	2550138	2554164	4026	ATCTCATCGTAAGCATCGAGTGACATTCCGCCTGTTATAATGCTGAAAACACCTGTTTCTTCCATCTGTCTAAGCGAATCACACGCATAATCCCCCTTGAAGAGCTTGTCCAGTTCGTTAAAAATGCGCTCAGATGCTGATTGGCTTAGGAGTTCTTTCTCCTGACGCATCTTTTCAAACGTTGCATCAGATGCAGTAAAGCCAAGCTGCGCCATAAAGCGAAAACTGCGAAGTATCCGCAGCGGATCGTCTCTGAAGGTGCTTTCGCTTATATGCCTTATCACCTTACTGTCAAGGTCTGTCCTGTCGCCGAAAATGTTACCTCCGGTATCCATAGCAAGGTTATTTATAGTAAAATCCCTCATCTGTAGGTCTTCTTCGAGAGTTTCGCCCCTAGGTTTTGAAATATCTATCTCTGTGTTCCCCCGAACCAGTCTGATATTGTCTTTAAACTCAACCCAGACTGACGGGACTGCTTCTTTCACGGCAGTTGCAAATTCTTTATAGTCATGGCTGAAACAGACAAAATCAATATCCTGAATCTCCCTGTCGAGAAGAATATCGCGAACACACCCCCCGACAAAATAAGCATCATACCCACCCTCAAGCATCACTTTTTTCAGTTCATAAAAGAAAGGGATTTTAAGGAGATTATTATACATGATAAAAGACGCTCCGATATAAACACGACTTTAATGTATTGACATGTCGGTCTTTGCTAAAATAAAATATATGTATTGTTTGCAAAACCCTTACCTCCGCAAGGATATGAAATGAATTTACTTATAATATCAGATACACACACTGATTCAATAACAAAACTCCCCCCAGCTGTTATAGATGCGGCTAAAAAAGCAGACGGCATTATCCATGCCGGAGATGTTGTCAGCTATAAGGTCATAAGCGGTCTTATAGATATTAACCCGAATGTTTACGCAGTGAAAGGAAATATGGACCCAGCATCAGGAGAAAATGTCCTTCCGCTCAAAAGAGTGCTTGAAGCAGAAGGGGTTAGAATAGGCATCGCTCACGGCGAAGGGAGCCCTCAGGGCATAGAAAACCGACTTCTCTATACCTTCGCAGACGACAAAGTGGACATTATTATATTCGGGCATACACACGTCCCCTTCTGGGGAGTGATAGGAGAAGTCCACTTCCTTAACCCCGGCAGCCCCACAAACAAACGGACAGAGCCGCAGCACTCTTATGCCATCCTAAAGCTGGATGATGGAAAATTTGACGCAGAAATTGTGAGGTTTTAAATGAAAATAGCTATCATAGGCTCCGGAAGCGCAGGCATGACCGCAGCTTATAACCTAATAGACAAAGATGTTACAGTGGACATGTTCGAAAAGGGGAACGGGCTTGAATCCAGAAACCGCAACGAGGTTATGGAAGGGTTCGGCGGTGCAGGAGCATACTCCGACGGCAAGCTGACACTCACAACAGAATACGGCGGATGGCTGACAGACTATATGCCCGAACGTGAGCTCGAAGAGCTTATAAAAGAAGCGGACGACATGTGGAAAAGCGTAAGCGGTGTCTTGGATCTTTCCTCCGGTGCAGACTATGAGGCAACCAAAAACCTTCAGTACGAATGCTCCAAACACGGACTGCGCCTATATCCTGCAAAGATACGCCACCTCGGCACAGACAACTGCCTGCTCTTTATCGAGCGTCTTTACGAGATGATAAAAAAAGCTGAAAACATTAATCTATTCTGTAATGCAAACGTAACAGATCTCATCGTTGAGAACGACACTGTCAAAGGGATAGAGCTGAATATCAACGGCATATCTGAAAAGCGCTACTATGACAAAGTGATAGCAGGTGTCGGCAGAAGCGGTAACGCATGGATGCAGGACATGGTGCGCAAATACAGCATAAAAAATGACCTTAACCCTGTTGACATAGGCGTGCGTGTGGAAGTGCCGAGAGCTATCACGGACAAATTCACCAACAACCTTTATGAATTCAAAATAAAATACTACACAAGCGAGTTTGAGGACGAGGTACGCACATTCTGCGTTAACCCAGGCGGATTTATCTCTATAGAAAAAAACACAGGCGGGCTCCTTACAGTAAACGGACACAGCTATAAAAACAGGCACAGTGATAATACTAACTTCGCTCTGCTGGTTTCCACTAAATTCACCGAACCATTTGATGAGCCGCTTAAATACGGACGCTACATCGCAAACCTGTCAAACATGCTCGCAGGTGGTGACAATGTCATAGTACAGAGATACGGTGACTTCGTGAGAGGGCGCCGCTCCACCGAAAGCCGCATCCGCAAGAACTTCGTCCGCCCCACCCTTAATGCACTCCCGGGTGACCTGTCTTTTGTTCTCCCATACAGATATCTCCACAACCTGCGAGAGACCATCGAACAACTCGACAAGGTTATGCCAGGCATGGCAGACCCAAACACACTCATGTATGGGGTCGAGGTTAAATTTTATTCTGTCAGGATAAAAGTTGATAAACACATGCGGGCGGAATCTCTCGAAAATCTATACTGTACAGGCGACGGAGCCGGACTTACCAGAGGTATCATTCAGGCAAGTGTTTCAGGGCTGATTGCCGCAAAAGACATTTTGCAAAGCAAGTGACTACACAGACAGCGTCATTGTAAACACAAAAAAGAGTCATTGCGAACACAGAAAGATGTCATTGCGAACGAAGTGAAACAATCTCATAACATCAACCTCAGCCGGAGGAACATGATTGCTTCGTCACATTATTCCCAACAATAACACTCTTCCCGTCATTGCGAACGAAGTGAAGCAATCTTACAACGTCAACCCAGCCGAAGGAATATGATTGCTTCGTCACGCTGCTCCTCGTAATAACATAGTGAGCAGAAACAAAAAAACCGCCCCGAAAGGCGGTTTATGTAAACTAAAATATAGCGTTTTTGACTATCCCGGCAAGGGAACTCGCCCCTTCCAGCTTATACACCTGCTTACCGTCCAGAACAACAGCAGGCGGGTTAATTGTCCCGTAAACCGCAGGAGCTGTCTCTTCAGAAATATCAAGAAGGTAAAGGTCAACTTTATTACCGTATTTCTCCCGTATTTCTTCTGCTTTTAACGGAGTCTCATTATCCTCTGTCCCGTCATAAAATACTTCAATTTTCAACATAATGAACCTCCTTTACAAAAAATATATGCCTGTCACCTTTACACCCTAATTATAACATCTGGGTAAGCATCTGCAAGATTTCATGCTTTTTGATAATCTATACATACTGACAAAACGGGTATATTATAAATATGAACATAGACCTATGGCTGATTGACTTGTGTTTTCTACTGTAGTATTTTAGATTTCTGCGTGCGCAAAATCACCTTGAGAGGTTATAAGCAATGCTTAAAAAATATCTGATAGCACCCGGTCCAACTCCGGTACCGGAAAAAGTGCTCCTTGAGATGACAAAACCTGTCATCCACCATAGAACAAGCGAGTTTTCAGCCACATTTGAAAAGGTCGCAAACGGACTTAAAAAAGTATTCAGCACAGAACAGGACGTTCTCATGCTTGCCGGGAGCGGTACTGCCGCCATGGAAGCCGCTGTTGTCAACACCCTTAACCCTGGCGACAATGTTCTGGTCATCAACGCCGGTAAATTCGGTCAGAGATGGCGTGACATATGTAAAACATACGGCATACTCGTTTCAACCATAGATATGGACTGGGGCAAAGCTGCAAAACCAGAAGAGATAGAGCAGTTTCTCAAAGCCAACCCTGACACAAAAGCAGTTCTGCTGCAAGGGAGCGAAACATCCACAACGGTATATCACCCTGTGGAAGAGATAGCCAAAGTAGTCAGGAAGAATGAAAATACTCTTTTAATCGTTGACGGAATCACATCCATAGGCGTGCATGACACTAAATTTGACGAGTGGGGCATAGACATAGCAATAACTGGCTCACAGAAAGCCTTCATGCTCCCCCCTGGTCTGTCTCTGATATGCCTCAGCAAAAAAGCTTGGAACTTTGTTGAAAAATCTACAATACCAAGAT
CP001968.1_gap64	2589898	2593464	3566	CTATCCCCGCAAAAAGGAATACCAAAAGAGGATTAAGGTGCATATTCTTGGCAATACCTGTCATCACTATAGTAAAAAGGATAATAAATACACCCTGATTCGCCTTAACATATTTAATATATAAAATTATGATTAGGCTCAGAATAAGCCCGGCAGCCATCGACAAGAACTCTTCAACAATCACTCCGCCAACGGAAACATCCCCCTCAACACTGTATATGGAAAGCACGAAAGCAAAAATGATAATAATCATAATATCTTTTATGATCGCACTCGTCAGAGTATAGTCCGTAAGCTTCCCTTTCGCCTCAGTCTCCACAATCACAGCTACTGTGGTTGCAGGGGACTTTGCATTTGCAATTACGCTCATGAATATAATCGCTGTGAGTCCTGAAAAAACTCCACCAGGGAAAAATCCGCCGAAAAAATAAAGAAACATAAAAACCAGACTGAAAGTGACCACCACCTGGGCAGTGACAAAAACAAATACTTTCCGGAGACAAATCCTGCTCCCTCTGAAAAGAATCTCCCCACCCGCTGTCATAGCAATGATACTGAGAGCAACGTCATCTATCAGGCGAAGTTCATTTATCATCTCTTTGGTAAAAACATTCATGGAATAAGGACCAAGAAGGATACCCATAAGCAGGAAACTCGTTATGGCGGGCAATCCGAAAGAGTTCAGCAGTCTGCCGGAAATAAAGGCAAGCAGAAGAGCAATCCCGAACACCATAAAGAGTGACTCCGGACGCTCTGACAATCCCTTTGTCTGAATGAACAGTAATAATGTAAGTCCTGCTGTCAGCGACAGTATATCAATAAGTTTTTCTTTCATTTTTCATCATAAAATATGTTGTTATCTCGGTTGCCAGATGCAGCATAAAAAAAGGTACAAACAAACCTGCCACAGCTTCATACCCCCGACGGGTTGCAAAGTCCATAAAGAGTACCGCAGGGAGTATCCCCGTGGAAACCAGACAAATAACCTCACCTTTCGTAGGTATTAGCCGCCATGCAAGCAGCTTTGCCATATAAAACCTAACGGCAAAAAAGCAAAGATAGAGAACTCCGGCAGTAAGAAATGCTCCCGGGCTAAAGCTGTATCCGTAGGCAAGCATCACCCCAAGCGCAACATAAAAGAATATATAGAGTATCCGTTCAAAGCTTATAGACATATTCTGAAAGATATTGCCGTATTTGGTGTCGGATGTAATTAGTCCTGTCAGAAACCCAACTACAAGAGGGGACATGCTGAAAAACAGTGCAACCCCCGATATCATGACTACATATATAATACTCAGATTATGAATATTTTTCTTTGATCGGATTTTGCCATAGTGCAGAAATATAAAAGCAAGCACGAGAGCCGCCATCATTGAAAACAGAAAGTCTGAAGGACGATAATCCAGAATCCCCCCCGCAACGCTATATGCAAGAAGAGTATAGAGCGGAAATAGTGAGGCTGTCAGATTAGATGTAAAAACTTTGTCCTTTGGCACACGAAACAACTTCATAGATAGATTCAGAGAGTAAGGCATCAGAGTGTTCAGAGCGATAGCCGTCATCATAGGACTGCTAAACCCCGAAACCCGCACTACGACATAAAGCAGTGGCAGCAGAGACAGATAAACAATTCCTGTAAAAATAAAATATCGCAAAGGTACAGTAAGCAGAAGCTTAACGCTGAAATGTGTACCGAGGGAGAGCCCCATAAAAGCAAGCAAAAGGTAAAGCATCCCGTTCATAGTCGGAACAGGAACCGGAAGAGACCCCGTCATCGAAAAAATAGCTATACCAACAAAAATATACTCAAGTTCAAGATTTTCCAGGAAGCTCAGCAGAGACTCATGCTTGCGTTTTGCCCTGTAGAGCAGACTACCTGCAAAAAGAAATGCAAAAAAAATGATTACGGTCTCTATTTCATTCATAAAGACATTTTACTTGAACTTTCAAACCATTGCTAGAAATAAACAACTATCCCAGTGCTAAAACAAGCCCCAAGGTTATGATAACAGCTCCGGAAAACTGTTCAATGCGGTGTGCATAATTGTTCAGAAGCTTTCTGATCCGGCTGTTCCCTACGGAAAAAGCGATAAATACATCCCACAAAAGTACGGCAGAAAACATCCATAGCCCATAGAGAGCCTGAATATGAAGTCCGGTGGTTCTGCTGATAAAAAGGCTGTACAAACTGATATAAAATATAGGATTTTTAGGGTTCAGTATCGCCGACACAAACCCCGTCATAAAAAGCATTCTTACTGATTCATGCCTGTGCACCACCCGTTCGGAAGAATAAAGATCACGCTTACCGGACCGCAGCAGCATAAACCCGAGATAACAGAGAAAGCCAGCCCCGGCTACTTTCATAACTGACAGCACCCAAACATGCTCGCGCACAGCAGAAAAACCTATCAGCGCAAGTATAATATATACGCCGTTTGCCGAAGCTATACCAAAACATGTGTAAAATGCTCTGCCGGAACCATTACGAAGTGCTTTTGTTATGATAATAAAAAAGTCAGGACCGGGGCTTATCAACGCCAGAAAATGAGCGACTGCCACTGTCAGAAATTCTGTCATACACCCCTCCGAAACTTTCTTATTTAAATACAGAAAATTTCGGCAGCAGTATTGTACATTATTGACCTTTTAGATATTCCCCCGGGGTTGCGGCTGTAAGCTTGCGAAACATCCGGTGAAAATGACTCTGATCTGTAAACCCCACAGCAAGGGCTGTCTCAGAAATAGAACTGCCCAGCCGAAGCATCTCTTTTGCCCTCTGTATACGTAGATTCATCTGATAGGCATGTGGCGGAAGCCCGTAAGCATTCCGGAATGAACGTAAGAGATGAAACCTGTTCTGACGAAATCTCTCCGCCAGAGCATCTAATGAAATATTGATAAAGAAATTCTCTGCAAGATAACTCTCGATTTCTCCGAGAACATTTGAATGGATATCTGCTTCCCGTCTGGCAGAGCAGAACTTTTCAAAGATATAAGAACAAAAACGGGTTAGTTCATATTCTGCGTCAAACAAATCATCGTTGTTTATAATACTTTTGCATATAAATAAGAAATCATCGAAAAGTTCCTGGTCAAGAGCGTAGCAGATATTGACAGGCATATAATCGTCACAGCCAAACATCTCTTTTTGAATGTTTCTGCACCAGTCTTTTTCAAGGTACATCATCCAATAGGAACGCATATGCCCATCTGCCGGATTGCAGCTATGGATTTCATCCGGATTAAAAAACACAAGAGTACCAGCACTGACAAGCCTCTCTGTATCACCACATGACATGACAGTCTCTCCGGCATCCACAGCCCCTACTGAAAAATATTCTTCGTGGGAGTGCCGCTTATATTCAGCCGTGCTAGCTTCGGTCTGCCGGATTTCAAGAAACGGAAGTTTCTTATCCCGCCAGAATATATTTTTTGCGCTCATCTCACCCCTGTGCCTTCAGCAGACCGCCAAATTTATTAATTTCTTTGGTTCCTCCCATCACAAGCAATTCGTCACGCTCGATAATTGTAAAATCGCAGGAAGGGTTTGACATAATTCT
CP001968.1_gap65	2594474	2595515	1041	CCTGCTGACCATATCCGGACTCACTGACCATAATCCCAGCCAGAAAAGCACCAAGGGCAAGCGAAAGACCAGCCTTATAAGTTAAAGATGCCGTCCCAAGACCTATAAGAACCACCACCAGCAAAAAAAGCTCTCTGTTTTTAGAAGCGGCTACATAATATAAAACTTTCGGTACAAGTGTCCGTGCACCGATAAAGATTGCTGCGACTATAAATACCGCCTTCGCTCCTGTAACACCGAGATCTATATAAACATTGTCCCCTGTGCCAGCCATGACAGGTATCAGGAGCATCATGGGGATAACAGCGATATCCTGAAATATCAGCACGGCTGTTGACAGCCTTCCGTGAGGCGAATCCATCTCGCCCCGTCCGGCAAGAACCTTAAGCACTATTGCAGTGGAGGATAGCGAAACTATCATACCCGTTATTATTGCCAGTGAAAGATTGCCGTGAGACATAATATATACTACTCCGCCTGTGACAAGTGCTGTGACAGTCACCTGAAAACCACCGCCAAGAAGTGCGGGTTTTTTCAGTGCCAGCAGATGAGAAAGTGAAAATTCCAGCCCCACAGCGAAAAGCAGAAGTACGACACCAATTTCCGCCATCATTTCTACTTCGTGCAGGGCATGTATTACAGAAAATCCGTTAGGCCCCAGCAAAACTCCGGTTATCAGATACCCGAGAATCTCCGGCACTTTCAACTTTGAACATATCGCAAGAGAAACGGCGGCTGTTGCGAATATATATGTGATATCAGCTAAAATAGGTATTTCCATCTGTCCTTCCAGATTCAAGAATTTTTATTACAATATCAGGCTTTTGATATTATGTAAAATATTGTATACCTTTCTAAGAGAGGTTTTTAGATGAAAATTAAAACAGGAATCGGATTCGACGCCCATAGGTTTGCAGCGGGTCGGGAGTTGTATGTCGGCGGCATAAAGATTGACTCCCCATACGGTCTGGACGGACACAGCGACGCTGATGTTCTCATTCATGCGATTATTGATGCCCTTGCAGGTCCTGCACTCGGACG
CP001968.1_gap66	2598322	2603066	4744	GCCGCAAGTGCAACAATAGTGGAACCGGCTAATGCATTCATATATAAAACACCTCAATCTGATATACATGTTGCTGAAAAACTTTTTGACCACCTTAAGTCCAAAGGGAAAACAAATGTGGCTCTCATATCTGCCCAAAGCGGTTACGGCGCGACGGGGAGAGATGCTGTTCTCCAGAATGCCGAGCGCTTCGGGATTAACATCATCGCTGATGAGAAATTTATGGACACAGATAAAGAGATGACCGCGCAGCTTTCCAAAATAAAAGATAAAAACGTAGACGCTGTTATCTGTTGGGCAGCGGGAGCAGCTCCTGCCATTGTCGCCAGAAACGCTAAAGCCCTCGGTATGAACAATATATACATGACCCAAGGGATTGCCTCCAGAAAATTCATAGAGCTCGCAGGAGATGCCGCAGAAGGCGTTAAACTTACAGCAGGCAGACTCATCGTAGCAGACAAACTGGACGATACTGACAGATTTAAAACTATGCTTATGAAATATAAAACAGACTACGAATCAAAATTCGGCGGCTCGGTTTCGGTTTTCGGCGGGCACGCATATGATGCTTTCGGGCTGTTTGCTGCTGCCGTGGCAAAATCCGGGAAAGATCCTGTCAAGCTTGCAAATGAACTTCAGCAGATCAAAGGATTTATGGGAACTGCCGGTGAGTTCAACATGTCTAACAGTGACCATACAGGTCTCTCAAAAGATTCTTTCATAATCGCAGAGATAAAAAACGGAGAATTTGTTCCGGCAGAATAAGTTTTTTGTTGACTGACTAAAAAAGATAGGGTATATCAATATCCCTGTATGAATGGCGGTGTAGCTCAGGTGGTTAGAGCATACGGCTCATATCCGTAGTGTCCGGGGTTCAAGTCCCTGCACCGCCATATAACGAGAGTTTAAGGGCTTCCGGAGAAATCTGCGAAGCCCTTTTTAATGTGTAAATAACGTAACCACAGGTTTTAACGTCTTAGAATAACGGTACTTTATTGAGAATGCACAAAGCCGACTACTCAGAGCCGGCTTTTTTTAACTTTTAATGTGTATGCAGGTTTGCAAAATATTTTGAAAGGACATCAGACTTCAGCACATCGTTTTCCCTTACAGCGACATTTCCGTCACCATCAAGCAGGATATACCCCGGGATACTGACGCCCTGCTCATGAGCTATACTCTCAGCGTCTGCGCCACTCAGAAACTTAGTAGGTATGCTGCGCTGAATAATACTCTCTGTCTTTTCAACTTCTTCAGCGGCTTTTGTAACCATAGACGCATCCGGCATAAGCACCCCCAGAGCAAAACCTTCAGAAGAAGCGAATGCCACCAGTTTGTTAAAGGGTCTCTTACTGTCTTTATAATCAGGAATGACAGATATGATCACAACGACGCCTATAAAGGCGATCAGAATAAAAGGCATAAACTTTCTCATTTTTTTCTCCTTCGAATCAATATATGTTCATGCTAATAATGATAGCGTAACTATGAAAATGTTCAATCCATGTTTGAGTGTTGTATGGTATCAGAAATGCTTTAACAGCAAAGGTTTGAACATATGTCGATTTGACAGAGACCAGCCGGATAAGTAGAGCTATTTCTTGAGTGCCTTTCCCATTTCTATGCGTATCACAAGCTCAAGGATGTTTTTCATTGTAACTGACTGTATCATAAGGTCATAATCAGAAAGAAGAGAGGTCTCTTTCTCTGCCATCGCCTTATATTCCCGCCTGCTCATGGTCTTGATATAGGAATCAAGCTCTTTGTCTGTGTAGTGAGTTTTGTAAAAATTATAAATATCAGGTTTTACTTTTTGCCAGCTGAAAGTTTCCTTAACCTGAGCGGCTCCGGCATCAAGACCTTCTTTATCTTTAACACGCAGATTTCCAGCTTTCATCATCGAAACAATGGGGGCATATATAGACCGAACAGCAGACTCATAGGCAGCAGGAGCACCTTTAAGTTCAAAAAACTTATCAAGCTGTTCATCTGTCGGCTGTCCGGCATGGACAATGCCTGACATGAAAAACAGTAAAAATGGAACAAAGATATACTTAATCATATTAGTCTTTTTTATGCTGCTTAAAGAAATCTATGAAAGACACCAGATTTTCCTTTTTAGTAGCTTCGATATTTTCATTCAGAATAGCTTCATACACTTCTTTACGGTGAACGCTCACATCTCTGGGGGCGTCTATACCTATTTTTACGTTTCGACCGGAGACATCAACAATTTTAACTTCGATGCCGTCCCCGATGATTATGCTTTCGTTTATCTTCCTTGATAATACAAGCATCCTTAGTCCTGATTTTTAAATAGAGGCGATTTAATCTGCCACTTGTCGTCCTCAAGTATAACCTGCTTTGAGAGTTTTCTCTCAACATTCACAACCAGAGGGGCTCTGAGATTAACTGTTGCGTTCTTCGGCTGGTCAGGAACAACCACAATACCGAAAAGCTTAACATCCTTTTCTTCTTCAATAGAAAGTATCTTCAGGTCTCTTTTGCTGATCTCAGGTTTATAGTCCGGAAAGAATATCCCCGGCTCAACCAGTATAAAGCAAATATTTGCATCCTGAACTGACTGAAACCAGATAAACGGGTAAGATTTTTCATTAGATATCAGTACAAAGTCGTTTAGCTCCGGAAAGCCAAGTATCGGAGCAGACAATGTGATAATATCTGCTTCATTGAATTCGATCTCCCCGAGTTTACTGGACATAATCTTACGGGTTTCCATTTGTGCCTCACATTTCTTTACTGAGCTTGTACTCATGTATATACTCCCTGAACTTTTACAGATAATCCAAAAGGCTTATCTGAAGAATTTGAGCTGTTGCAGCGAGCGCCGACTGATATACAGTCTGTGCCACAGTATAGTTCGTAGCTGCTGCTGCCTGATCCATTGTTGTAGAACCAGTATACTCTGCTTTCAGCTTTTCGCTGGCTGTGATCAGCGATTCGTTAAATGTTACCGCAGATTCGGCTCTATTCTCTCTGTTACCGACAATGGTCAGGGCAGTGTGTATCTGCGACTCTGCTGTCTCCATCACTTTCATCTCGTAATCAATCCCCGAGCCAACCCCCACGGTGTAAGAATCTGTTGCAGCGAGTGTACCGGCGTCATAGTGATGGTAAACACCATCGGCGACATAGTATTTTTCATTTGCAGTGTCAATAATGTAACTGCTTATCAGAGAACCGTCGCTCCCTGTAACTTTCATTTTGGCTATGTCGCCCCCTTTCTCTATGCCCAATGTACCTTCATAGTCACCGGAAACATGCATAGAGCTGTAGGCACCGCCAAAGCTAAAACTGAGCTGTGTTTCATTCATTGTCCCACAGGAAACATCCGGTGCAAGACCGGCATCTGTCAGTTTCTCGTTAATATTGTCAACAAGGTCGTCCAGCGACTGATAATTTTCAGCATCTACAACTATATTTGTTTCAGTATAGTTGCCGGAGCCGTCATCGGTATAGAATGTCAGAGTTCTCTCTCCGATATTCTTTTCACTCAGGTCAAGGGTCGGGTTTGTTTTGGTCTCTATAGTGTTGGATGTCACCAGAGAGTAAAAGCCAAGTTCCCCGTTATCATCACCGGATACTATTATATCGTCAAAAGTTGCATCATGATTAATTTTTATTGTACCATCATCCCCAAGAACTGCGCTCATCGACCCTGCGGCAAAGCCGTCAGCAACCAGAGCGGTATCGAGCTGATTATTAATCTCCGCCAGCAGAGCTGTATTGTCTGCATATATTCCGGCAGGAATAGTTACAGAAATCGGGGTTGCAGTCCCCCATGCTCCACCTGTTTCATAATAAACATCAAGAACAGAATCTTCTTTCAGCTCAAGAGACGGAAGCTGTGTCCCGCTGGACTTGCTATCAACTCCGCTGAACATAAATGCAGTCTCGGTATTGTTATAATGCACGGTAAGCTCATTATTTCCGGAACCGGAGTCAATGCGCAGATTGCCATTTTCTGTATATGCATTAACACCTAAATTTTGCATATCACTGTCACTGTTGATCTGTCGAATGATTTCATCTGTAAGAGCGTTTTTGTCACCACCGTAAAGAGCCTGTGAGACACTGACTGTTTTCGTAAGAAACCCGTCTCCGGAAAGACTGTCGGAATGAATAACGATATCAAATGTTACAGGATCAACATTGTCCAGCATAGTTATGCCGTCAGATGTCCAGTACTGCTCAGACTGAATGTAATATTCAGAAGAGTCACCGTAGTTTTGCACCTCAAAGGTAAGAAGATCATTGTAATTACCTCTGAACTCACCATCCATATATGGTGTAGCAGTTGAATTCAGCGATTCATCAGACCATGCACTAGGTGCACCTATCCCTGAATCAGGAATGTTCAGATTAAGCGCATCGTACAGGTTTTGCAGAGAGCGGAAAACATTGACATTATCCCCCTCTTCCACAACATTCAGATCGCCAAAACTGAGGTTTGAATTTGCAGTCATATCAATAGTAAATGAACTGCCCACTATATCCCCCAGAACAATGCTCACACCCTGATTCAGATATATCTCTCCGCCTTTGTAGTCTGCTGCGGAAATAGGGTTTGAAGTGTTATCATAAAGCTTTGTACCATCCGAATCAGTAACCTGTATAATAACATCGTTACCTGAAACAGATACATCGACACTCCACTTATCATCTGCTGTGCCGGAATATCTCCCTGTGAGTGTCACATCCGGCTGAAGCATTGCATATCCTA
CP001968.1_gap67	2612994	2614434	1440	TTAGAATTAAGCTCTATTGCGATAAGCATATACGTATATCCATAGGACGGCTTGAGTATTTTTGTAAGAGACTGCTGAGCCATAAGCACTTTATCATCAACAAAAGTTTCAACCTTCCTAGGAGTGCTTGTATGAGCGAGACCGTTAACTGCTTTATCAACACAACCTGCAAAAAATATTGAAAGTATTAAAACCGGAAATAATTTCTTCATAATTCGCTCCTGCCCTTTACAAAGCAACCTTTATGCCAAAAAGCAGAAAAATACAGCACAACTGAGCCATCCCCCCCTCTGGGCAAGCATTCTGCGGCATCCCGTCTTTGATCGTTTATTCCCTGCACCAGACATAATACACACGACGCCCCGTAAATATTTATTTTCACAAAATAACCACTTGCAAATGATTCGCATTTATTTATTATACCGCTTATGGATAAATGCAGTACAACGGAGCTTTTAAAGGCTACTAAAACCAAGATGACAGATGCGAGGAGCAAAATCCTCAATATACTTCTGGAGAGCGAAACCCCGCTAACAGCAAATGAATTGCACATAGCTGTTTCTGACAGCTCATCTATAGACCTTGCGACAGTTTACAGAGCACTTAAGGTCTTCGTGGAAAAGGGACTTGCCCGTGCACTCCATATCGACGGTGAGACCATCTATTATGAAAAGGCCTGTGAGCACAACCCTCTTCACGCACACTTCCACTGCGAAGTATGCGGAGCTGTCGAGTGCCTGAACCCTTTCGGTTTTGATGAAAGTTCCGCCTTCATGAAAATGGCAAAAGATAAAGAAATATCAAGCGTTGAGCTTGTAATCAAAGGGAGATGCAGCAAATGCGTATAATAGTATTATTCATGGCAGTTATTATCACAGCAATTCCGGCGTTCGCAGTAACAAATGTGTATGTGAGCATACTGCCTCAGAAAACATTCGTAGAAAAAATAGGGAAAGACAAAGTTAACGTAAACGTTATGGTCAAACCCGGTGCAAGCCCGGCGACATATGAGCCGAAACCAAAGCAGATGGCGGCTCTTTCAAAAACAGAGATATACTTCTCCATAGGTGCCCCTTTCGAGAGGGCATGGCTTCCTAAATTCAGCAAACTCAGCCCTAAGATGGAGATTACAGCAACAGACGCAGGAATAAAAAAGCGTTCGGTAGAAAAACATGTACACCACGGTGAGGAAGGCGAAGAGCACCACGATGAACATGGAGAGACTCATGAAGAGGGAGAGCATCACAACCACGACCATGACGCAGAACATAACGACCACGACCATGATCACGGTGAACATGACCACGAAGGGATAAGCGACCCTCATATATGGCTCGACCCTATGCTTGTCAGCAAGCAGGCAGACACCATAACTCAGGCGTTATGTGCGAAAGACGCTGAAAACTGTGCTTTTTTTAAAACAAATAACGAAAGCTTCAA
CP001968.1_gap68	2617270	2620169	2899	AACCCAGCGTTTCTGCGGTGTCTGCACAACAGTTCACTCCATAGCATCAATCCGTGCCGTTGAAAACGCACTTGGCATAAAAGTTCCTTATAATGCGGAACTGATTAGAAACATAATAATGGGCTCTCAATACATACAGGATCACGTGGTGCATTTTTATCACCTCCACGCACTTGACTGGGTTGATATAACAAGCGCACTGCAAGCAGATCCTAAAAAAACCGCAGCTTTACAACAGTCTGTTTCCGACTGGAAATACAGCTCGGAAGACTATTTCAGAGGCATTCAGGAACGCATCGGCGCATTTGTCAAAACCGGCAGGCTCGGACCTTTTGCAAACGCCTACTGGGGACATTCCGCCTACAAGCTCCCCCCTGAGGCAAACCTCATGGCAACAGCTCATTACCTTCAGGCTCTTGAGCTTCAGAAAGAGATAATTAAAATCCACGCCGTGCTCGGTTCTAAAAATCCTCACCCGCAGACATTCCTTGTGGGCGGCATGGCTATACCCATCGACCCGAACAGCCAGAACGCAATCAACGCAGACAAAATAGCAATGCTCCTTGAGTACAACAAGCTGGCAGTGGAGTTTGTTGAGCAGGTATACGTACCGGACATTCTCGCTGTCGCCCCTTTCTATCTCGACTGGGCAGGGATAGGCGCAGGACATAAAAACTATATGTCTTACGGTGAATTCCCTGAGACACAGCTCGGCTACCCTAACGACATGTGGCTTCCGTCAGGTATCATCAAAGGCGGAGATCTGTCTAACATCATAGAAGTTGATCAGGCAAAAATAGCAGAGGATTCCGCACACGCATGGTATGTGGATAAATCCGCTAAACACCCGTACGACGGTTCCACCGAAAGACATTATACAGGACCGAAACCTCCGTATGATTTCCTCGATGTCGAAAAAGAATACTCATATGTAAAAGCCCCAAGGTACGAAGGCGAGCCTATGGAAGTAGGTCCGCTTGCCCGTATGCTTGTTGCATATGCTAAAGGTCACCCTGAAGTGAAAGCTGTCGTAGATGCTGTTCTCGGCAAACTTAACGCAGGACCGGAAGTTCTCTTCTCTACTCTGGGACGTACAGCAGCAAGAGCCATAGAGTCACTTGTCACAGCCAAGCGTGTTGATAAGTGGATAATGGATCTCGCAACGAATATTAAATCAGGAGACTATCAGGTACATGCCGGAAGCAAGTGGGAACCAAGCACATGGCCTTCAGTAGCCAAAGGCTACGGCTACCATGAAGCTCCACGGGGCGCCCTCGGACACTGGATAGTTATCAAAGACGGCGCAATAAAAAACTATCAGGCAGTAGTACCTTCAACATGGAATGCAGGCCCGATGGACAAAGGCGATGTACACGGTCCATACGAGCAGTCTCTGATAGGAACACCTATCGCAGACCCTGACAAGCCGCTTGAGATATTGAGAACAATACACTCATTCGACCCTTGCCTTGCCTGTGCGGTACACCTTTATGACGAAAAAGATAAACTACGCTCAAAGGTAAAAATACTATAAACTGAAGCACACCCCGCTTTAGGTGACTATAGCTGAATCAGGGGATATGAACACAGTGCTCAAACAATCAATATACGAAAGACCGGGCAGACAAATGTCCGGTCTTTTTCAGGAAAAACTATGAATTTACTAGTGCTGGGAATAGGAAATCTTGTAATGAACGATGACGCCGCCGGCGTGCTTGTGGCACAGGAGCTAGCTCCTAAGTTTAACAACAAACGTGACGACCTTCTGGTACTGGACGGCGGAACCCTCGGGCTCGACCTGCTCGGGTACATCGAGTGGGCAGACAGGCTTGTTCTTGTTGACGCCGTGGAGCTGGATCTTAAGCCGGGGACAGTCGTGAAACTTGAAGGGGACGACATAGATACCGCCTTTGAAAGCAAGCTTTCTGCTCACCAGATGGGGATGAAAGACATGCTGCTCACTGCGGAGCTGATAGGACACCGCCCGGCTGAAATAGTTTTTTACGGGATACAGGCGGAAACGGTGCAGATGGACATGGAGTTGTCCGAAGCCGTTAAAGCCAACATGCCAAAACTCACATCTCACGTTGCAGCAGAAATTGAAGCATTCATGAATCCGCCTGACAGTTTGTAAAAATACTTTTCCTGTGTTATTCTCTTTCAAAATAACCACGGGGATCATGCATGAAACAGTTAGACTCCAAACAGGCTTATGAGCTTGCAATGAAATACCACCAGAAGGGCGAACTTGCGAAAGCAGAGCAGCTTTACGGTGCCGTGCTTGAAGTTGACAGGCATAACGCCGACGCCATGCACTATCTGGGACTGATACATATCGCAAACGGAAAAACAGAAAGCGCTCTGGAACTGATGAAGCAAGCTGTCTCACTGGATAAAACCAACCCTGTGTTTCATAACAACCTCGGTGAAATTTATCGTCAGACAGGTCAGTTTGAACATGCAGAATTTCATCTCTCCTCTGCTGCGGAACTAAAACCAAACTACTCCGATGCATTCTCCAACCTCGGGCTGCTGTATAAGGAACGGGGACTCGTCAATGATGCAAAATACTGCTTTGCCGAAGCACTACAGAGTGACCCTAAGAACCTTAGCGCACTCATAAACACAGGCAATCTCTTCAACAGCGAAGGCTCATACGAAGACGCCATACAGTGCTATGAAGCAGCACTTGAAATCTCTCCGGACAACCCCAACGCACTTGCCAGCGCCGGAGCGGCATATTATAAGACAGGGGAATATAATACTTCTGCAAAATACTACAGCAGACTGGTTAACGGACACCCTGAGCTCCACAGAGACAGAGTTAACCTTGCACTTATCACTTTACGAAACAAAGACTTTCGGAAGGGATTTCAACTCTACGAATCCCGTTTTAAAT
CP001968.1_gap69	2626246	2627696	1450	CTGTTTTAAAGATATCTGCTGCTATATATGTTCCTGCTTTTGAAAAAGCGGATTCAAGTTCCGACATTACTTTACAGTTAGGCCTGGCGTTGAATCCAGCGTTAACGACAACTTTCACAGCACCAGATCTGAGCTCTTCAGTAAGCTTCTGTGCGGTGTATCCGTTGCGTACGTATCCGTTCACAACAGCGCCCATGTAGTTTACCTGATCATTTATAACAAAAACTGATTTAAGCAGGTCTTTGCCGAGAAAATCACAGAAAGCGAGAACAGCATCGGCGTCTGTACCGGACTGTATGTATTCCTCACCGATAACGATAGAGACCTTCTTAGCCTTTTTCAGCACAGCGGGCACGTAGAGTTCGGGGTCATTTACAACATCTATAATATTAGGATTCTGCTGATTAGACGGTGCCGGAGCATCTTTCTTCATCTCTTCAAGTGCACCTGCAAAATCGCCATACTCAGCCATAAAAGTTTTAGTTGTAAACAGGTCATACTCGTACTTCTGAACACCAGCCACATAGAGTTTTGCGTCATTGTGTATTACAGCGTTCATTATTTTGTGCTTAACGCCCACGGCTTCCCTGCGGAGGTCGCAGCCGATAACAAATACCACATCGGAATCCTTTATGTCATCAAGTGTACCAATGTTCTCCATCGTTCCGAATTTGGCAGAATATTTGTCGTAAAACTCGCCGAGAGAGATATCTGCTTCGCTTGTCAGTTTTTTAGAGCCAACAGCGTCCATGAACTTTTTATAAGCGGCAAAAGCTTCATTTGTAATTGTGCTTCCAGCCACAAAAGCTATCTCTTCAGGTTTAACGCCTGCAAGTTTATCTTTAAGCAGGGCTTCTGTTTCTTCCCAGCTTATCTGACTCAGGCTTCCGTTATTTGAAGCCATAGGGTTCAGCGCTCTTTCTGCGCTGTCCAGATATTTAAATGCAAACCTGTCCTGAGCTGTGATCTGACCGCTGCCTACAGCTTTTGCTCTGTATATTTTACCGTCTTTCAGTCCGTACTCAACAGCTCCGCCAGTTGGGGAGAAAACAGAAGAAGTCACTTTGTTTTCGAGATCCCACACCCGTGCAGAGTGATGAAACTGAGAGTCTAGCAGGGCGCCCACGGGGCATCTATCGATACATGTACCGCAGAAGTCGCATTTCAGTGTATCGCCTTTGGAAGGTGTTACGTGATTATAAAAGCCTCTGTCCTCCATCTTCAGCGCAGAGCAGCCTGTCATTTCGTGGCAGGACTTAATGCATTTTTCGCAGAGAACGCAGAGGTTTGAATTGTATACTATTTTATTCCAGTATTCGATCGGTTCAGCCGGTTTGTCAGAAGAAACCTGTTCCTCCATCATACCGAACCCAAAGGCTGTATCCTGAAGTTCACATTCGCCGGCTTTGTCACATATAGGGCAGTCCAGCGGGTGTTTTATAAGAATGAA
CP001968.1_gap70	2633245	2635916	2671	TGATAAAACACGGTGCAAAAACAAACCTGAAAGACAATCTCGGCAGAACAGCTATGATATACGCCGCTGAAAGAGGTTACACCCGCATAGTCATCGCACTGATAAGCATGGGGGCAGATAAAAATATTACTGACAACATCGGAAACACAGCAAAGGATTACGCCCAGCGTTTCGGACACGACTCCACAGTAATAATCCTCAGCAGAAATTAAAACAGATAGCCTATCTCAAGGTATATAGCAAAGAAGCCCGCACCTATTTTAGTAAATGTTCCGACAAACCTGCCGAAAAGAATTCCCTTCGCCTTCTCTCTAGCACGGACAAGACTCGCACCTGCCGCAAGCTCATAGAAAAGCGTCCCCAGATAAGCTCCGAGAAAAGTCCCCACAACAGCCCCCAATCCCATAAAGAGAGGCGCCATCAGTATACCCAGTATGACTGCTGCGACCACAGAAACCCAGAAACCTTTGCTGGATATGCCGTATCTTCTTCCTACAACAAATGATGCGTAAAACTCTGCAACCTCGCCGGCGGCAATAATTATAATAACACTGATAAAAAGCTTAATGCCGATAAATCCGCTCAAAACCATGATTACAGGGATAATTGCAGCAATAATCCCGCCGGGGATACCAACTATGTTTGTAAGGACAGCAACACTTTGCAGCCCGATTAGTATAACTTTTATTGTTTCCATATAGCATTTTACACTCAAAATCATTAAAATCAAAGCATGTTAAACAACACTTTCTTTCAAAAAGATGCAAAAGAGCTCGCAGCTGACCTTTTGGGAAAGGTCATACGCAAAAAACACGGAGATATTTTTCTCTCTGCGATGATAATAGAAACCGAATGTTACTACCTCACCGAAAAGGGTAGTCATGCGTCTCTTGGCTATACTGAAAAACGGAAAGCGCTCTTCATGGAAGGCGGCACGATCTATATGTATTACTCCAGAGGCAAGGATTCACTGAACGTAAGCTGCCAAGGCGAAGGAAATGCTGTACTAATAAAAGGCGCAGTGCCTTATGTGGACAGCCAAAGCCCATCTGAAACCATTGACGTAATGCAGAAACTTAACCCTATGCCTGACGGAAGAGAAAGAGAGGTAAAGCGGCTCTGCGCAGGGCAGACACTTTTATGCAGGTCTCTGGGGCTGAAGCTCACAGAGTGGAACGGCAGGAACTTTATGCCGGGTATATTTTATTTTGAGGATGTAGGTTACAGCCCTGAGAAAATCATACAGACCACAAGGCTGGGCATACCCGCCGGACGTGACGAACATCTCCCGTATAGGTTCGTAGATTTTACTCATGCGGAAAGCTGCACATCAAACCCACTCACCAAAAAGAATAATAACTATACTATAATAAACAATGAAACTGTTTAAACTCTTCCGCAAAAAAACACTCAAAGATGCAACGGACTACCTTGACAAGGGTAAGGTAAAAAAGGCTCTGAAAGTGCTTAATAATAACCTTGACGACAAAAACGCATGCGCGATGCTTGCCCACATGTACGAACACGGGGAAGGAGTTCCTCAAAACATAAAAATGGCTCTGCGCATGTATATCAGAGCGGCGAAATTGGGCTCTGCTGAAGCGAAATTTCTTTTGGGCAGCTTTTGCAGCAGCGGAATATACTTTGAAAAGAGTACCAAAAAAGCTTTTGTGTTTTACAAAGAAGCAGCAGACCAAGGCATGCCCGATGCGATATACAAGACCGGACTCTTCTACCTCTTCGGTTATCTCGGTGTCAAAAACCTTGAGCAGGCATTTAACTATTTTGAAATGGGTGCAAATCTAGGTCATCCGCCTTGCCAGAACCGTCTGGGGCTACTCTACGCAGGAGGGAGAGGCACGCTTAAGTCTGACGATGATGCTGTCTACTGGTACCGCAAAGCGGCAGAGCAGGGGCATGGCGAAGCGATGTATAATCTGGGCTGTATGCTGAGCACCGGAAGGGGCGGTAAAGCAGACAACAAAGAAGCGCTTAAATGGTTTAATCTAGCAGCTAAGACGCTGTAGCCCCACGCTTTACTACACTGCCTCCAACCTGATGTAGAGATTAACTTTATCAGCCTGAAAAAACTATGTTATCGCTCTAGTCGCACATAAAGGAATAAGACTGACAAGTGAGGCTTGACATAATATTCAGAATTAACAATATTCTTTATAAACAAACAAGGGCGTGATATACAAAAATATTCCCTTTATACTCACATCAATGATATTGCGTAATGCCTGTAAAGAATTATTAATAAGTTAAACACTATGACGTTAAAAAACAAAACTATCCTGATCTTTCTTTTTGCTTTCACAATTGCATTCTCAAGCCTCGGCATATATATGCACAAAAAAATATTCCATGCCTTTAATCATCTCGAAAATGACCACTTTATGAAAGTCGGACATCAGATAGTGAAAAGCATAGACAACAGAGTAAATTACTACAAAGCTTTTCTCAACGACTGGGCATCATGGGATGATACCTATTATTTTATGAACGACCTGAATATTAAATATATCAGAAGCAACATATACGACAGCGTGCTCCGGGATATAGGGCTTACATCGATATTATATTTTGACAGTAATATGTTTCTCAAATATCAACTTACTGATGATGAATATACTGCCGATGTACAGAAACTAGCCCAAAAGATACAAGC
CP001968.1_gap71	2637518	2641604	4086	CAATCGTGTCGTCACCGGCTCCGGCTTGAATATTGTCTCCTCCACCGTGCCCGTCGATAAAATCGTCGCCATCACCAGCATTAATTGACTCTGAGCCTTCTGTGCCAATTATCACGTCATCACCTGATGTGCCTGTAATGTCAGAGCCATCACCTTCAATAAGGTTTACTGAGTCAGTGTCTGCACCAAGTTTAATAACGAGGTTCGCAGTATCAAAATCTCCAGAACCTGCATTCGGATCCGCCCCCTCTTCAACAAGAGCGTACTGGAAGCTCGTAACAGTACCAATATCAACGCCGGATGCCGGATTAAATTCATATGAGCCGTCCTGATCTATGTGGAGTGAGCCATACTCGTTAGTAACTGTAGCACCGTCTGAGCCCACAGCTTCGTAGCCTGTGCCAGTGTAAATATAAAGAGAAGCACCATCTGAACCGACAGTGTCAGTCGCTCCATATGCATCAGCACCTTCGAGGTTGTAGTTAGGGTCTGAAAGGACATTACCTGCAATCAGACCAAGTACAATTTCGAATTGACCATCTGGCTTAGTGCTGCTCACGATCTTAACAGCCCCGGACAGGTTCATTGTGTCCCCGTCTCCTGTCCTGTCATACATACTAACCAGAAGGTTATAGTTGCCTGCTTCAATATCATTAAAAGTTATTTTACCTGAATCAGCAGTTACAGTTATGCTGTCAGTTGAAATAACAGTTCCGTCGAGGCTGACAAGAGTCCACTCCAGAGTATTGTTTATGCCGTAATCTGCCGCAGAATATTCAAATTCAACGAGGTCGTCAGCTCCGACTTCTATGTTAGTTACACTACCTGTAGCTCCCCAATATGTATTATTTCCATCCTCCAGCTGCACTGTGCCAACTGTCTGAACATACATAAAATCTGCCTGAGCAAAGTTGTCAGCCGCTACAGGTTCTCCATCAATGGTAGTCAGGTGCAGAACAGCAGAGCTTGTTGCACCGCTGGTATCTGCCACAACATATGAAACATCTGCTGTGACATTACTCTCAACATTCACTCCGGCAGAATATTCGTACTGACCGTTGGCATAGATTTTAACAAAACCTGCATCACCAAGGTCAAACTCATGGCTGTCTGTTCCGGAACCATCAAATGTGTATGTCTCATCACCGTATGTGACAGATGCTATTTCAAGCGAATCACCGTCTGCATCATAGTCGTTATCAATCAGATTGCCCTCGACAGTATTCAGATTAACTGTACTGTTTAACTGAGCAGAGAGATCGTCTGCATCAAGAACTATCATAACATTCCCGTCGTGATTCCCATCAGGGTCACTTGTCCATGCCACATCTTTCAGGTCAGAATCAGTCTGGCTGACACCTCTGCCTACACCTACAGCATAAACCTGATCAATATCGCTGCCTTCAAGGAAAGAAACCCACTCCGCACGTTCAGTGTCGTTTATAGCATATGAATAGCTTGAAGGTTCGCCATCACTCAGAAAGTAAACATATGTGTTATCAGCTGCAGGAGCTCCTGAATAATTATCTTGTACAGCGCTGATAGCATCATCATAGTCTGTGTACCCACCTGAACGGAAATTAGAAGAGTTATCAAGTGCCGCCTGAGCCTCATCACCAGTCATCCACTTATCACCATCCGCAGAATAGACAAGTCTGGCATCAGTATCAAAGTCAACAAGCATAACACTGTTCAGAGAGTCTCCATATTTTCCTATGAGAGCCTTGAGAGCACTTTCCGCAAGAGCCATACCATTTGACCCCATACTTCCGGAGGAGTCAAGGACAAGAACAAGGTTCACAGACCCTATCTCCACGGTGCTTTCGTTAAATGTTGCGTTATCGTCAACTGCGACAGGCGCATCATTAACAGGTGCAACATTAACTGTAACTGTTGCTATGTCTGTTCCTCCATTACCATCTGATATGGTATATGTGAAGGAATCTGCTCCGTTGAAGTTCTCGTCAGGGGTGTACTGGATTGTTCCGTCATCATTAATAGTCACTGTTCCGTTGGCAGCTTCCCCAACCTCTGTCACAGTCAGCGTGTCCCCATCTGCGTCTTTGTCGTTAGCAAGCACATCTATAGATACCGAGCCGTCTTCGTTAACCAACTGAGTATCATTAACTGCTACAGGCGCATCTCCAGTAGGATTAACTGTAAGGTTTACTGTGGCTGTGTCAGTCCCGCCCTTGCCGTCAGATACGGTGTAGGTGAAACTGTCTGTGCCGCTATAGTCAGCAGCAGGTGTGTATGTAACTGTACCGTCACTGTTCACTACTACTGTGCCGTGCTCCGGCTGGGCAGCGATACTCAGATTAAGCGCATCGCCATCCGGATCAACATCATTTTCAAGAACGTTAATAACAACTGACGAGTCTTCATCAAGAGCAGTGCTGTCGTCCATTGCCACAGGAGCATCATTAGCAGCGGCCACACCAACAGAAATTGTTGCGGTGTTGCTGTTATCATCACCATCAGAAACAGTTATGCTGAATTCTCTGTCTGAAGTATCAGGAGTGTCGGAAGTATTTTCAAACATAACGGATGTTACCGCAGTTTCAAAATCTGCATTCGGCATCTCAACATCAGGGTCAACATTTGTAAAAGTAATAACATTACCATCGATTGTATATGCCAGCCCATCCGGCAGAATGCTTTCATCCACACTCAGCACATCACCAGCCTGCATGTTATTGAGAGTGACAGTCAGTACTGTCATGGTTGTATCGTCAGAGTCAGATATGCTGACATCTTTTGCAATATAAACAGCGCTGCCATCCTCTGTAAAAGTTACACCGTGTGTTTCAAGATTCATCACGACATCATCATAATCTTCATCAGAAACATTCGGAGCAAGATCTTCAACACCCACGACAGTAACACCGTCCTCTGTGACATTAACATTGAAGTGGTTAACATCCTGCGGATTCATTGAGGCATCATCAAAGTATACGTTTTTATTAAGTTCAACAGTGTTGTCGCCAGACTGATAAAGAACTTTATAACTGCCATCGTCCTGTTTTTCAAAACTGATAGAATCGTAATCAACACCAGCTTTGTAACCATCTGCGATAATAAAGAAATGAAGGTCACTTCCGTCGCCGGAATATGTACCAAAATTTCCTTCTTCAAACGCAATGCCGCGTTCGCTATAGTCTGCATTGGTCTCAAGGATTTTAACAAGCTCCGGCTCACCGGCTTCATTAAGCAGATAAAGTCCTACGACATTGTTATAGCTTGCTTCTTCAGAGACATAAGAGACCGTTGTCTCCTGATTCTCTACAGAAATAACAGGTGCGTCGTTTGCACCGTTTATAGTTATATTAAGTTTAGCAGCGTCTGTCCCTGTTCCGTCAGAAACAGTATAGTCAAAGCTGTCAACAAGAGTATCGTTTGAGCCAAGACCACTCACGTCTGGATTACTATTATCAAGTTCGTATGTATAACTACCGTCAGGCTTAATTGTAAGTGTACCGTATTCGCCCTCTATAACAGTCTCACCGTTAACATCTTTTCCGTCAACATCGGCAACATGAAGATCATCGCCGTCTACATCACTGTCGTTAGAAAGGACATTTCCATAAACCATAGAATCAGCGTCTGTGCCGTCTCCTGGTATTGAACCGTCAAGGTCGGCAGGATCGACATTTACATTAACCTCACCAACAGAGACTTCGCCGCTGCCGGTAGGTATAGCTTTCAGACCTTCAAGCTGGTCCGGAGTGACTGTCCATGTTCCGTCACCATTGTCAGTCCCCTGGTTAAGAGTTGCATTAATAACAGACAGGGTATAACTTTCTATGTCCAGGTCTGTATCAGATGTAGCAATGTTGACTTCATACTCAATAGTAGCTTCGGAAATTCCGCCAAATCTGAGATCTTCGACATTATTAACATTAAGAACACCACCGGACTCAATGTCCAGTATGCCGTCAGAAATCGTACCATTGTTTGTAGTCATCCACTGTACTTCATAAGCAGATTCTTCTTTCCCAAGCACGACTATATCATAACCGCCGCCTCCGCTAATATGTGTATAGCCTTTTATATCTCCGGAAATGACAATTACATCGTCACCGTTGG
CP001968.1_gap72	2660318	2660973	655	TCCGGTCAGGCAGCCATAACATTCTCTGTGCTGAACATAACAGCTGCAGGGCAGAACATCGTAGCATCATCATCAATCTATGGCGGGACATACAATCTTTTCAAATATACTCTCGGCAGACTGGGCATAGAGGTCCGGTTTGTTGATGGAACTGATCCCGAAAGTTTCATAAAAGCTGCTGACGAAAATACAAGAGCCTTCTACACCGAATCCATCGGAAACCCGGCAGGTAGGCTGGCTGACATCAGAGGCATCTCTGACCTGGCACACGAAGCCGGAATTCCCTTAATAGTAGACAACACTATAACCCCTTATATATTCAAACCATTTGACCACGGAGCCGACATAGTTGTTTACTCCCTGACCAAATTCATATCCGGTAACGGAACATCCATAGGCGGGGCAGTTATCGAAAAAGGGGACTTCAACTGGGCAAACGGAAGGTATCCTGAGATCACAGAACCGGATCCTTCATATCACGGACTGAGCTACTGGGATGCATTCGGCAACCACGATAAAGCAGTCCTCAGAGGAGCTTCTTACATACTAAAAGCCAGAGTTCAGCTTCTGCGCGATCTCGGGTCATGTCTGTCCCCTTACAGTGCCAACCAGATTCTCTTGGGGCTGGAGACACTTCCGCTCAGGATAAAAAAGC
CP001968.1_gap73	2663757	2668420	4663	ATATGTAATTCTCAGGGCGGGGTGCAACTCCCCACCGGCGGTATTCTGTTAAGACAGAGAGCCCGCGAGCGCCTGCAAGCCAGGGTCAGCAGATCCGGTTAGATCCCGGAGCCGACGGTCACAGTCCGGACGAAAGAGGATTAACCAATCTTAAATAATCGGTTATTCTAACGCCCTGATTCATGAAGGAGTTTAAACATGAATCAGCTTAAATTATCCAAAAAAGAATCTATTCTATCCGCTATTGAAGCAATCAAAAGAGGCGAAGGTGTTATTGTCGTAGACAATGAAGACAGGGAAAATGAGGGAGACCTTATCTTTTCTGCTGAAACAATCACTAACGCACAAATGGCTGCACTTATAAGAGACTGTAGCGGTATCGTATGCCTCTGCATCACCGATGAGCACAGACAAAGACTTGGACTAGACATGATGGTCAAAGAGAATAACAGCCAGTTCGGCACTGCTTTTACAGTCACAATAGAAGCAGCAGAAGGCGTTACAACAGGTGTCTCCGCTGCCGACAGGGTTACAACCATCAAAGCCGCTATCGCCGACAATGCAAATGAAAACAGCCTGGCAAGCCCGGGGCACGTTTTCCCTCTTGTGGCAAGACCTGGCGGAGTGCTGGAAAGAGACGGGCACACAGAGGCTTCGGTAGACCTGATGAAACTTGCCGGTTTAAAACCGTGCGGCGTTCTTTGCGAACTCACCAACCCTGACGGGACTATGATGAAACGAAAAGATATAGACATATATGCCGACATCCACGGTTATGAAGTTATCACCATTGATGACCTCAAAGAGTTTATCAGGGAGAAATAATAATCAGGAAGGTGTTAATGAGCCCTAAAGAAATTATCGAACAATTCGTCGAAGCTTTTAATAAGGCAGACTACAACTCTTTAGCAAATCTTTATGCAACAGACGCTATTAACCATCAAGTTGCTGAAGGGCCCATAACAGGCAGAGAAAATATAAGAAAGATGTTTAAGCTGGCTTTTGAGACAGCAGACATGATATGCATAGTCGAAAATATATTTGAAGATAATGAATGGGGAATTCTTGAGTGGAAAGACCCCCTTGGTCTGCGCGGCTGTGGGCTATTCCATATTAAACGTGGAAAGATTGCCTTTCAACGCGGATATTGGGACAAACTGTCATTCCTGCGCCTGCACAACTTACCACTACCGACAAAATAGACTTAAATTAGTCACCTATTAAAATACAGAAGCCGGATACTCGCTCCGGCTTCTTTCTTAAGGCATTGTTATCGTAAACTTCGGATGACAGTTTACACAATATGCTGTCTGTTCAGTATGTATATGGTGGCATACTGTACATGCAATGTCTCCGAGGTGGGATTTGTGAGGATTCATGTCTTTATGTTCAGCCGATTCTGTTTTCTTCTGTAAGGCTTTAAGTTCACCATGACAGCCGAGGCATGTTACATTACTGACTTCGGAAGCAAACTCCGGAAGCGCTATCCCATGACATCCGTTACAAAAAACTTCTGCTTTAGCATGTCTGTTGTCGAGATCCTGTGATGTCTGCCAATGTACAACCTTCTCTGTGATAAGCTCCAACTCTTCTGTTGGTTCACCTATCCTGCCTTTTTGCAGACCAAATGGTGAAGCCCCCTGCATAACATGGCAAACATTACACTCAGCTTCTCCGGCATGCTTAATATGCATTCCGGCGGCAAATGGATCCGCCTGTAAGACATCCTCTTTCACATGGCATTCTGTACATGCTGCAACCTGAAAATTCACTTTTTCGTGTTCAGACGGTAAAACATTAACTGACTGATGACATTCCAGACAAACCTGTTCAGCAAAGCACATTGCCGCAATACACATTACAGCTGTCAGTAATATTATTTTCATAATAGCACCTGTAGTAAAGGCGGTCGGAGTAAAACCCACGACCGCCATGTATGTCATTTCGCAGCGTTTCTGCCTGCAATCCTTCCAAATACTACTGCATCAGGGATTGCGTTGCCCCCAAGCCTGTTTATTCCGTGAATACCGCCTGTGGATTCGCCACAAGCATAAAGATTAGGTATAACATTTCCCCAAATATCAATAACTTGTGTTTGTTTATTGATACGCACACCACCCATAGTATGGTGCACAGCAGGCCATTGAGCTATGCCGTAAAATGGTCCCTTCTCTATGGGAATCATTTTATCTGTTATTGGTTTACCAAAATCAGGGTCGTTCCCCTGACGAAGGTATTTATTATGTTTTTTTACGGTACCAGCCAAAACATCAGGTTTCATCCCAAGTTTTTGAGCAAGTTCTTCAACAGAATCGGCTTTAACGAATCTACCTTTTTTGAGCCCTGCTTCCACCTCATCTTTAGTTCCCATAAGAGGTATCATAGCTTCATTAAATATTGAGTATGTTGGTTTCATTCCTGTGTTAATTTCAGCTCTTGAGACAACATCCCTTCTTTCGAGGTCATTTACAAATCTATTCCCATTTTTATCTACAGCAATCATCCCATACCCCGGCCCTCTGAAAGGATAAACTGCGGGGCTGTCAAGAATACCAGTCTCCGGCTCTGCATACGGATAAAGCTGTATAAAAGCAAGATGCATTGTCTCAGCGCCAATAGCCTGTGCGTACCTTAACATTTCGCCAGTAGCACCCGGTTGATTAGTGCAGTTATATTCAGGAACAATACTTGGATTGAATTCCATCCGCATTACTTTATCCTGAGAAAATCCGCCACTCGCCATAATCACAGCTTTATTTGCCTTGAGATTCCTTTTTCTGCCTCGAACATCAGTTTCAACACCGATAACCGGTTTCTCTTCAGATGCCCGCCACAGCCAGCTTACAGGAGTATTCAGCATAAATTTAACACCACGTTTTTCTGCTATCCGCTTCAGCGCTTCAGTATACCCTCTGCCTACACCTTCCACACATGTATGGGTACGATATGCAGAATGACCGCCGGTTCTGTTAAGAATGTGACGAAGTTTCAGACCGCCCTCGTCAACCATCCAGTTAAGCGCGTCACTGGAATTGTCTGTAAGCAACTCTATTAGCTCTGGGTCACCATAGAAATCACCGCCTTTAAGTGTATCGCTTTTGTGAAGTTCAGCACTATCATCTCCAAGATTAAGTGATTGACGCAGTTTGAGTTTATCAGTCCAGCTATTATACTCACCGCCATTTATGATAGAGTTACCACCATATAAAGGCATTTTTTCTACAATAACCACACTCAGACCGCTTTCAGCCGCTTCTGCTGCTGCGGCTAACCCTGCAAAGCCTGAACCTATCACTATAACATCAAATGTCTTATCCCATTTAGCAGGTAAAGTTTTCGATGCTGCTTCTGCCGAAAAAGGTGATAACAAATTCATGGCCAGCCCACCAGCTGCAACTGTTGCTGCTGCCATACCAGTCTGCAATAAACCGCGTCTTGTGATTCCACTCTTATTATTACGCATTACATACCTCCTAAATTGATATAGACATATGCTCTTTATATAATTATATACCATGAAATTTATTTTACTTTAATTATCGTGCGAATTATTAAAGAGTGTTTATATCCACAATAAATTACATCATTGCATCAATCGTTAACAAAGTTGTAAATTTTGTTAAGACTATCGCAACACTCTATATAGTAACACTTAACAATAGAGATACATTATAGGTGGTATTTCCTTCTCTGGTGCAATATGAGAATTATCACGGTTAAGAATGTTCAATAAAACTACACGCAATGATCTGAATCAGGTCAAATAGCATGAATGACAGTTTATAAATATCATTTACAATATTAGATTTAGTATAAACGTTGGTGTGTATTGCCTGAGTATGGGGGACGCAGCGATAATGGCATGTTACGGGTTATATAGATGGGTATTTGAGAATAGAAACAGTTAGATTTGAGTTCAGACATAAAAAAATCCCTGGCGGCGACCTACTCTCCCACATGTTTGATTCATGAAGTACCATCGGCGCTGGTAAGCTTAACTTCCGTGTTCGAAATGGGAACGGGTGGAACCTTACCGCTAAAACCACCAGGGAATCCTGTATACATATTCTATTGTTGTAATATTTAATGTCTGCCTAAACATATGAGCTCTTAGAATTAAGGGAAGCTAAAGTAAACAATTATATCAAGCCTTACGGACTATTAGTACTGGTCAGCTCAACGCCTCACAACGCTTACACACCCAGCCTATCAAACACGTAATCTACATGTGTCCTTTAATGACTATAAAGTCAGGGAGATCTCATCTTAGGGCCAGTTTCCCGCTTAGATGCTTTCAGCGGTTATCTGTTCCAGAAATAGCTACCCAACAATGCTCCTGGCGGAACAATTGGAACACCAGAGTTCTGTCCATCCCGGTCCTCTCGTACTAGGGACAGACCCCTTCAAATCTCCTGCGCCCGCAGCGGATAAGGACCGAACTGTCTCACGACGTTCTGAACCCAGCTCGCGTACCACTTTAAACGGCGAACAGCCGTACCCTTGGGACCTGCTACAGCCCCAGGATGTGATGAGCCGACATCGAGGTGCCAAACCTCCCCGTCGATGTGAACTCTTGGGGGAGATCAGCCTGTTATCCCCGGGGTACCTTTTATCCGTTGAGCGATGGCCCTTCCACTCGGGACCACCGGATCACTAAGGCCTA
CP001968.1_gap74	2793878	2796723	2845	AGAAATCCGGCAAAGGCAGAATCATCAATGCTTCCAGCGGGAAGACTGCAAAGAATACCCAGCACTCTGCTCAGCACTTCTTCGTCCTCTTCATTCTTAAGAATATTTAAAAGCAGTGGCTCATGGCGTAAAACATCACGATCTTTCATGACGCCCAAACTCCACAAGCACACCTCACGGGGGAGCTCACCCCAGAATTTAAGCAGGTTTTCAAAATACCCTTCTTTTTTAAGCAGCAAGTTCCTTGCTCTGAAAGGATACACTCCTGTGAGCTCTTTCAGCCAGAGATGCAAGGTCTCAGCATCGGGGACAGGGACACTTACATCATGGTCACTCAGTACAGCGACCCGCACCGCAAGCTCAACACTCAACTTTTTACTATGGGCTAAAAGATTAGCAGCTATTCTGGCTTTAGTGCTACTCTGACCATTCAGCAGGAATGGCGTAAAAAAATCGAGCCTCTCATCCTCAGACAGTCCCGAAAGCTTACTGGCGCAAAGTGTTATAACATCGTCACTTTCAGACTCAGCAAACTCACTTTCAGCAAAGTCGGTACGGGTTCCATCATCAAGGCTAAGAACGGCATATGCAAATGCCTTCCTTATCACAGGGTCTTTTGCCGACCTACATAAATCTGTCAATATCTGGAGCAGGTCTTCACCTTCCCGCTCTGCAATCGCAGTCACCTTTTCAGCGGACTTGCCTATTTCCCGCAGTGTGGCAATACGCACAGGTATTTCAGGATGAGTCAGTGCCTTTCTCAGTCCATCAACAGTTGATATATCAATTTTTATTTTCGGTTTTCCGGTTTTCATTTATATAAAATTAATCTCTATAGTATCAGCAGGATCACCAAATTCATCCGCACCAGCCGCACCAACATCATTAGTCACGGAAGAGTTGAAGCTGTCGAGAGCCAGCTCAAAGCCAAGCTCATCTTCAAGCAGATCTATAAGATTAAAGTTTTTGGTACCGGATTTAGACAGCACCTTAAGAACACTGATGCTTGCCCATATCCCTACAGAGATATTCATCATCTCAAGTGTATGCTTACAGTGTACGCCTATCCTCTCTACTGATGAATCTGCGGCGGGGTCTCCCTTAGGATTTGTCCCTGTAATCTTTCCACTGCCGCCAAATTCAAGATCCTGAAAAACGACATCGTCAGCAACGAGATCTGTTATCTCTATACGAATAGGAAAAACTATACTCACCTGAGGTCCGAAACCGAGACACACGCCAACTTCCTCTTCAAGATCAACAAGAGCTTCTGCAACTGTAGTAAGAGGGACAACCACCTCTACCAATGGACCGCTGACAACATCGGCACCAAGCTCTGCAAGCTGTCTTATAATATAAAAAAGATCCCACTTCATAGGCATATTAGGTTCCAGCCGGATACCGTCATCAACAGCGATACCATTACCGTAAACCTGCATATTATCCAGAAGCCCTTTAGGGATAATGGCAAGGATCTTTTTAAATCCCGGGACCTGCTTGCCCAGAGAATACAAAAGATCAACACATATCCCCAGCAGGTCAAACTTTATGTTTTCGTTAAAGCTGTGCTCCGTACCCCAATGCCCTGAAACCCATCCATGAAGTGATGGATGCCCGGGGTGCCATAGCTTTTCTTCAAAAATAAGATCAACATCAAACATGACGCCAAGAAGCATTCCTGCGAGGACATTATCTTCTGTAAGATGCACAACCATTTCATCGTCTTTCACCTGACCTTCGACAAGAGACGACATCGACCATGAAGGGAGAGCGATACCTGCGGTGATTGCTGTAGTTACTTTAGCAATGGTTTTAGTCCATGCGATTTTCACGTTGCTGTCTAACAAAATAGCGGTACTGCCAATAGTTGTTTTTTCCGCACTGGGAAATTTCGAACCGTAGTAAGAGAGACTGTATTCTATATTAACCGGGTCGCTGGACCCTACAAATGTGCTAGCTATTGATTGATCCATAACGACCTCCTAGCTCGGTATACCGAGAACTAATGATGTTGTTCCGTCTGAAAAAGCGCAGAGGAAAACCAGTCTATTACCACTGTCAGCATGTCTGGTGCTGGTTCCGAAAAGCATCCTATAGACAGACGCTCCACTGGAGTTAATAATATCCCCGGTTGACAGAATTGCCGAATGGCTAAAGCCGTTATAGGCAAAAATAGACATATCCGGTTCATCATCACCATGATCCAGAACAGCAGAGTAATAAAAAATACCGTCAGGACTGACTGTACCGTTCGCGAGGCTTAGTGCAGTTCCGCTAAGTACATTATCTCCTGTTGAACGAAAGGTTTTACCATCTTTCAGCAAAGTCATGGAATCATCATCGGACACCAGACTGTAAACTTCACCAGAAGGCCCGACACGGGTGCCGTAGGCAATCTCGCCGCCGGTAAGAGTGTCGTTATCATCACCACTGTCAAGGCTTAACGCTTTGGTCTGTACATCCTTAGGATATTTCAGATTTCCTGAGATATTTGCAACAGACTGCCGAACTGACAAACCATTTCGGGATGTTTTATTCTCCTGACTCTGCATAAAAACACTCGCACTGTAGTCACCGCTGGTATTATGGTCTATAAGCCCAAATGAAGTCGCAAGGCTGTTTGCCCCCGGAACTATCGAACCGGCGGAAAGAATTACTTCCGCATCAGATAAGCTGCTATTAGGAATATGTAAAATACTGTCCATATGCCCTGTCAATCCGCCTGTGTTCGGGCAGTGGTGGGCTGAGACCAAAAGGCTCCCACCGTTATAAGACACATCTCCGAATATACCGGAGCTTACCTTTTCACCGTCACTGAACGCCTGCCCGCAAAGCATAAGAGGTT
CP001968.1_gap75	2805077	2807099	2022	TAGTGCTCACCTTGCGGGAACTTACCTACTCATGACAGATAACCTTAAAATCCCTGCATCAGCTATTGTTTCTGCTAAAGTTTATTCCAAAGAGCAAGTTGAACTCTTTGAAACAGTTATCAGTATGCTTAAAAACTAAGTATTTCATTATCCATTAACTACATCTCAATTGGAGGAATAGATGGTTTTTTGCCTGTATCGGCTTATTCGGACAGTGGGATCGGAAACATTCGGACAGCGTATCGGTCGTCGGACACTTTTGCCGCAAGGTAACCTTTTTCTGATTATAAGAACCAGTTCATCTATAAATCAAGCGTTATCCGCCTGAATTTTCCTTATACTTTCACCTTTAAGTTTGATCTTGTGACTGCTATGCAGCAGTCTGTCCAGAATGGCGTCAGCCACAGTGTCGTTGTTGAGATAGTCATACCAGCGATCTACAGGCAGTTGCGAGGTGACGATAACACTGCTGATACCCGCACGATCCTCAATCACCTCAAGAAGGTCGTTGGCATCATCGGTGGTGAGCGGATTAATTCCGAAGTCATCAAGGATGAGCAGATTATATTTGGCTATTTTATTAAGCCCCTTAACATAAGTACCGTCCAGTCTTGCCAGCTTCATCTCATCCATAAGCCTGGGAAGTCGGTAGTATCTAGCGGTGAGTCCGTCCCTTACAACCATATTGGCGAGAGCCTGAGCAATAAAGCTCTTCCCTGTTCCTGTGGGGCCTGTGATAAGTATATTCTGCTTTTTATTCAGATACTCACCTGAGATGAGCGAAAGCATAGCTGACTTATCAAGCCCCCTTGGTATCGTGTAGTCGATATCCTCGACCCTTGCGTTGAGGTCTTTGAACTTCGCCTGCGCCATGTTCCTCTTTATCTTGCGTGACAGCCTCTCTGCTGATTCCGCCTGCAGAAGCTGAAGCAGACGATCCTCAAACGGCAGATCTCTGTACTGTGGATTCTCCATCTGTCTGGAAAGAGCTGCCTCCAGTCCGGCGAGCTTCAGCTCTGCAATAAGGTTTTCTAACTTTGACATTTGTCCTCCTCTTTATAATAGTCTCTCCCCCGCACATTATTATGATTGCTGAGCGGAGCAGTGTTCTTCTCATCCTTCTCAAGATATATTTTACTGCTAAGTATGGATTCAAGGCTCTTTACTGAATAAGCTCTTATCTCTACAGCCTTCTTACATGCCATGTTGAAGTCACTTTTATCATGGCTTTTTGCTCTGCTGAGGATAGCTATACATGTCCTGTAAGCGTTTGCCGGATGACTTCTGGAATCAAGGATATTCTTCATGAGCCTTGCAGTATCGAAGCCTATAGAGCCTGCCCAGTTGAGTATACGTGTAGGGTTCCATTTCTCCTGCCACATGACATGATTCGGCGGCATGTGCTCTGTGAGAGTGGAACCTCTCTTTGACTTAGGGTGGATGGCTACAGGGTATCCTTTGTGATGTATTTCAACAGTGGTAGCGGAGTGCCATACGTCCACCTTGTTCTTTATGAGCTTGTAAGGGACAGAGTATCTGCTGCCGGAAACATCCACATGATAGTCGACTCCTACATGTCTTATCAGATACTCACGATACTGATATCTCTCCTTTGGCAGGGGCAGCATCTCAGGACGGTCTATCTCATTCAGAAGCTCAAGACGGCTCTTGCCGATACCTCTTATGACTTTATTGTTATAGGCCTCAGTAAGCGGAGCTATGGCAGAGTTCAGTTCCTGCACGGTGTTAAACAATCTGTTTCTGAGCTTTGCAAGTACCCATCTCTGTATCCCCTGAACTGCCTGTTCTACCTTTGCTTTGTCCTGAGGTTTCGCAGGTCTGGCAGGGATGACTGCACAACCGTAATACTTAGCCATGTCTGAGTAGCTGCTGTTGACCGTAAGAACATCTCTGGTGTGTTTAGTTACTGCTGATTTCAGATTATCCGGCACTACGGTCTTTGAAACTGCACCGTAATATTCAAATGCGAGACTATGAGACAGGATGAATGATTCTTTCTTC
CP001968.1_gap76	2809902	2810946	1044	AGGATTATATCTTCTTTCTGTATTTCTTCCAGTGCGATAGAGACAACAGCCCGACCTGCCGTATATGTAATTGATTCGAACTCTATTGAGTATTCTAGGTTGATTGTCTTGTCAGAACTATATCTGTCGATTACTTTTACTTCATATACAAAGCAGAAGTTATTCTTAACGATAATCATCACATAAGGGTGTAAATGATTATGATTAACCCCTTGCTCTAGAACTTCAACTGCTGGAAGATTAAGGTAGTAATCTCCAACAATACAACTTTCATTCTCTAAATCCAGATCAGTACAAACATCAGATTCTAAATTAGAGATACATGCTGGGTTTAAATTATTCGATATCGCCAGAAAGAACTCTACACCAAAGCCTTGCGTGTGAACTTGAGTCAATATCTTTAAAGTGTCTCTTTCGCTATTAAAATAATTCTGCCTAAGAACGCGGCATAAACTCCTGCTAAGACTTGTACCCATATAAACCTCTTAAGTATTTATATGAGCATAACAAATCAGGGCGACAATAAGTGTCACCCACTCAGTATTAAAACTTTATATAAACTTTTTCAGATTCACAGCATAATTCAGAAACTTCTGAAGCGTCACTGAAAGCAGCTTGCACTTCACTGAAACTATACTCGTTCGCTCTAATTTCAAGTATGCTAGATCCATGAAACTTACTAAGCAATGTATCTATAGGCCTTATAACATTCGCAACTAGCTTTTCTTTATTTGTAATATCAAACAAGGGAATTACAAATGCCCAACCATTAGAGTTACAATCATTAAAAGTTGCTAATCTACCACCAATAATACGTGGAGCTGAGTATATTTCATCCTTAGCAAAGTCAAAGTTGATCTCATTATAAGACCATTCTGAGTCGTTACCATCAGGATAAAACAATATCGTGACAAAAGGCTTTTCAAAATTTGAATGATAGGCACCTGACTCGTCATTATTGAAGAAAGATATCTTAAAACCTAGTAATCCTGTCCTCCTTTTACCAAAATCAACCTTTATATTAAACAAGAACCCACTTTGAAA
CP001968.1_gap77	2811997	2813998	2001	ATCGTAACAGTTGCCCTTACGACTCATTGAGACCTCGAAACCAAACTGTTCCAGCAAGGCTCTGTAGCTCTTTGAGCAGTATTGCGACCCCCTGTCGGAATGATGGATGATGCCAGCAGGAGGGCGTTTCAGCGATACCGCACGGAACAGAGCACGACCAACGAGGTCTTGGGTCATTCTGGAGCTCATAGCATAGCCCACAATCTCTTTATTCCATAAATCCTTTATCCCAGCCAGATACAGCCAGCCTTCGTCTGTGGCGCAATAGGTAATGTCAGATACCCATACCTGACAAGGACCGGATACTGAGAATTTCTGGTTCAACAAATTCGGTGCAACAGGGTGATTGTGCTTTGAATTCGTTGTCGCCTTGAATTTCTTCACCTGCTTACACCGAAGCCCCATCTCTTTGCGCAGACGCTTGATGCGATGAAGGCTTACTTCTATGCCATGCTCATCTCTCAGCTCGTCTTGAAGCTTCTCTACGCCATATGTGCCTCGCCCCTTCTTGTGAGCCATCCTGATAAATACTTTAAGCTTCTCATCGTCCTGAGAGCGTTTAGAGGCTTTACGGTTAATCCAAGAGTAATAGCTACTCCGGGATACTTTCAGGGTTTTACAGATTGCTGTTATAGGGAAACTGTTTTCCCTGTTTAAAGCCTCTACTTGTGCGTACCTTTCTGAGGCTCTTGTGCAAGGTACGCCATAGCCTTTTTTAAGATTTCTCTCTCCAGGCGAACCTGTGAAAGCTCTTTCTTAAGGCGGGAGACCTCCGCCTCCAGTTCTGTTACTGTTCGGCTGCCTGATTTATCTTTCAGGCTACCTTCCTTATGCTTCTTAATCCAGTTACGCAGCGTCTGCTCAGATAAACTGAGTTGACGGCTTACCTCTGCTACTGAAAGACCTCCGTTCAACACTAAAGAGACTGCTTCTTCTTTAAAGGCGTGGGTATAGAAACTTCTCGGTAATCTCTCCATGGACTTCCCTCCGGTTATATTATTTATACCAGATATGGTGTCCAATTTTCCCGACCTACCTCAAATAGATTATACATTGTTATATAAATAATGGTATAAAAGTTTACCAAAGGTGGATTATGAATAAACTAAACGTTGCCTTAGGGCTTTTCAGAATGCTTAGCGAAAATAGAGAGATAAATGCCCGAATGGTCGCTGAATATTTCGAAGTGAGTAAAAGGACAGCCCAAAGATATCTAGAGGAGATTTCATTTCTTCCCTCCATACATAGAGATGAAGAAAGATACACCTATTCACTTACAGAAAAAGTTACACTCTCTGACTCTCTACTCAAAAGTGCAGAGATGTCATTCTTAAATGCTGTACTCGGTTATGCAAAGACAGTTATGGGAGAACAAAACTCCCCTATGCTCGATAAGATTTCTAAAAAGATTCAGTATGCAGGGAACTCCACCCATCAAATCATTAGTTCTCCAGTTATAGACTATGACATAGTAGCCGAAAATCATATCAAACTAGAAGAATACATTGAGAATAAACTCTTAATTTCATTTTACTATGAAAAATCTGACAAGAACTACACCGTTGAGCCATATAAAATAATTCTACACAATGGTTTCTGGTATCTTGCTGCTGGACATAATAATACTCTCAAGAAGTTTGTACTTGAGTATATTCAAGACATTAAATCTTCAGGAGAAAACTATTCAGAAATTCCACAAGAGTTTGCAGAAATACTTTCATCGGCTAAAAGTATGTGGTTTGAACAGGGCGAGAACACTAAAGTAACTGCCCATATAGGTGATGTTGCTGCATCCTATATAACAAGAAAGCCTTTTCTCAATAATCAAAAGATACTAGAAGAACACAGAGACGGCTCGATTACAATTAAATTTGATGTAGCAAATGAGATCGAACTATTACAACTCTTATCTCCATGGATAGAGTATATTTCAATAATAAAACCTGATAATTATAGGAATTTTTTCAAAGAGATAGGACAAAAGATAGCTAAACAAAACTC
CP001968.1_gap78	2844350	2847582	3232	ATTAACAGCTGGAATATGTTTTGAAATATTTTTAGACGCTTTTTTCAGTAGTCTTAAATAGTCCTCTGACTTAGGTGACAAATTTTTAATATAATCGAGCTGTTTTTTTATACTCGCATCTTGTCTCGCTGCTTTCACGGCATTAACTCTATACACTTTTTTCAATATCTCTCTATCATTATCTTTTGGAGAAATATCAGCTTCAGCAATCGACTCGTCATCAAGTAAAAACATGTCTTTAAGAGCATTTAAATCTTGGTCTCTTTCAATAACTTTATCTCTAAGTTCTGAAAATTTTTCTAGAATAATACTACATGACTGAGACTGAATATCTTCTAATAAGACGACCTCTTGATAAGCAAACAAGGACATTTGTCCGCCCTGTCCTTGTGCCAAATTAATGAACTGCTTTTTATCATAAATTTCAAGTTCACCTCTTGTATCATCAGAATGCTCATCAAGATAATCTCCAGAAATTAAAAATAGATAGCGTTTATCATTAATTGTGTCCGTTTCTGACAGAATCTTTAAGTCAATTTTATTTTCAGCAATCTCTCCTTTACAAGTCAGCTTCAATTCATTCTGTGCTAATATCTCCTCATCTATTACAAAGCAAGTTAAAGACATTTTTGTTGATTCATCTGTATAAAGGACATCTTGGTTTTCGGCGGAAAATTTTGAGTAAGAGACATCTATGTCTGTTTTCAACTTTTCCTCAGGAATATCCGTATCAGATATTAGATCACTATCAATCAGCGTCTCATCCAAATATTCCTCAAGCTTTAACATAGGTAAAGAATCTCGATTCAGGCAAAAAGTTAAAAGAAAGTGATTTATGAGTTTATTCTTTATAAAAGCAATATTAAGCTTGTGGTATTCATACTCATCTTTCTGATCCAATAACTGAGTAAATTCCACTTTACTACCTTTACCTATACCTTCCTCTATTGCTTCAGTCTTTATATGATACACAAGGGCATTTTTCTTTTTGAAATCTCCTTCTTTTGACATTTTGAAGGTTCGTCTTATAAGCTTACCATTCTCTTCATAACAACTTTCAAAATTAGCCCACCTAAAAAACTTTACATACTGCAAGCGTCCAGAACCTTTATTTAATTTTCCTTTTCTGTCATCCTTGTAATTTAAAAATCTCTCCCAATTTTCTTCATTAAAACCAACACCTGAATCACTAATTTCAATCTTATTAAAAATAGAATCATCTGGATCAGTAGGGTTAGTTCTTTTATAAAGTCGAATAATGATCTGATTTTCATGCACTGGATTAGGCAGTGATTCGTAAGAATTAACAAAAGCTTCTATAATAGGTCTTAAGTAATCATTGCTCTTTTTTATTTCACTCTTAAGTACGCCTTCATAATGTATACCCAAAGCTTTCACATATGTGTTATCTTTCATAGAGTTTACTCACTAACATAATAGGTTATAGTAGCATCTTTTTTGTTCTAAAAGCAAACAGTCATAATAATGACGACCGACACGAAACTAAGGCCACATTTGGGCAGAAGGATTTTGGACACATTTGTAAGATATTGATAAATTGACAGAATAAAATTTAATGGCGGAGGAGCACAGAAAGCAAAGAGTGTCCAATATTGGAGCGTTATGTCTCCGAAAGTAGCACTCAGCAAGGGATTCCATTTTTGGAGTCTCGTTTCATATTTGTGGATTTGCTCCAATTTTGGAAGAAAATGGCAGAAATTTGGCAGAAAAATAATTGATCATTTCGACCTTTGAATCGCCACTGAATTAGTAGACACTTTTCTTGTTTATATCATAGTTCTTTTCAAATTCAACTGGAGATAGATATCCGTTGTTTCCGTGACGCCTAATCGGATTGTAAAACATCTCGATATAGTCAAAGATATCCCGCCTTGCTTCTTCTCTATTTTTATAGATCCTTCGCTTTATTCGCTCTCGCTTCAAGAGCTGGAAAAAGCTCTCAGCAACAGCATTATCGTAACAGTTTCCTCTCCTGCTCATACTGCATGTAAGGTTGTGTGTCTTTAGAAAGCTTTGCCACTCAGAGCTTGTATACTGGCTGCCCTGATCAGAATGTATGATCACATTATTATCAGGCTTTCTGCGCCACACAGCCATAAGTAGAGCCTTTAAAACTATATCTGAATGCATCCGATGTTGCATTGACCATCCGATAATCTGACGAGAGAATAAATCGATCACTACTGCCAGATACAACCAGCCTTCATAAGTGCGAATGTAAGTAATATCTGTTACCCAAACCTTATTAGGCTCGGATACTGCGAAATCCTGCTGAAGATAATTATCTGCTATATGAGATACATTGCCTTTAGAATATCTTGGCTTACGGTAGCCGACCTGAGACTTGATGCCAGCCAGCCTCATGAGCTTATGTACACGATTCTTGCCGCAAGATTCACCCAATTCCATCAGATCAGTATAAATCTTACGGTAGCCATATACTCCGCCGCTCTCTATCCAGTATTGCTTTACGAGTCCCATTAGGTGTTCATCACGCTTCTGCCGTCTACTTTTAGGCTCTTTTACCCAAGAGTAGTAACCACTAGGATGAACACGCATAACTGAGCAGAGCCTTGTCACAGCGTGGTCAGTTCGGTGTTCATAAATGAATGCGTACCTTACTGGGACTCTTTGGCAAAGTACGCTGCGGCCTTTTTTAAGATGTCCCTCTCTTCAGTGACTCTACGTAGCTCTTTCTTTAAACGGTTTATTTCGGATTGATGATCTGACTGGATTTTATAATCGGAATTGTCTGAACCATATTTCTTAATCCAGTTGTAAATACTGCTGGGGTTGACGTCAAGCCTAGAAGCTACGTCATTCACTTTGTGGCCTTGTTCTGTGATTTGTTTGACTACTTCAATCTTAAATTCATCTGTGTAACGTTTGCCATTCATGGAGCACTCCTGATAGTTGTAATTTATAACTCAGAAGTCTCTACAAAACTAGGGGCGATTCACTGCTGGAGGACTATGCGACAAAGCTGAAAGACAGCTTCCCTAAGCACTTTATAGGATTTGGCGACGACGGGCTGGCTGCTGTGCTGATCCGCACTTTGAAAGACAAAGGGGTGACCATCGCAACAGCAGAGAGCTGTACAGGCGGAATGATCGGCGCAGACCTGACATCTGTGTCTGGCTCAAGCGAAGTGTTTATGGGCGGGATCATCAGCTACAGCAATGATGTGAAGGAGCGCATACTCCGAGTGCCG
CP001968.1_gap79	2850664	2852518	1854	TACTGCACCAGAAACTGGCTATGGTTACATCGAGAGTGAAGAGAGCAGCGAACCTGTGCGTAAGGTTGTCTGCTTTAAAGAGAAGCCGGATGCAAAAACTGCTCAGGAGTATGTCGACTCCGGCAGATTCTATTGGAACAGCGGTATGTTCTGTTTCACTGCTAAAGTCTTCCTCGAGGAGCTGGAAAAATATGCTCCGGAAATTTATAACAAAAGTAAAAAGGCCTTTGAGGCTAGCTTGATAGAAGACGAAGTATGCAACGTTGACATGGACGACATGCTGGCTATCCCATCAGACAGCATCGACTATGCTGTTATGGAGAAGAGTGACTGTGTGAAGGTCATCCCTTCATCCTTTGTGTGGAATGACGTGGGCAGCTATGACGCTCTGGAGACGGAGCTTCCATCTACAGAAGATGGCAATACCGATCTGGACCATCACATCAGCATCAATTCCAAGAACAACATGATATATTCCGATAAAGTTATCGCCACTGTGGATGTCGAGGATCTGATCATTGTCGACACCATAGACGCTATGCTGATAGCGAAGAAAGGCAGCTCCCAAAAGGTAAAAGATGTAGTAAACATGCTGAACAAGCGTGGAAAATCAGATAAAAAATACTCTCAGCTCACTGAGATACACACCACGGCTTATCGCCCTTGGGGATCCTACACAGTGCTGGAGGAACACCCAAGATTTAAGATGAAGCGCATAGTCGTGAAGCCGGGTAAGAGGCTCTCTCTGCAGAAACACCATCACCGTAGCGAGCACTGGGTTGTTGTCAGCGGCTCTGCTCTGGTGACAAAAGGCTCGGAAGAAATCTTTCTGAAGCCTAATGAGTCTGTATACATCAACATGGGTGAGGTACACCGCATGGAAAACCAAGGCATGATCGACCTTGTATTCCTCGAGGTACAGGTAGGCGAATATCTTGGAGAAGACGACATAGTCAGGCTGGAAGATGACTATGACAGGAGCTAGACACTGTGGGTAGCTTGTTAAAACAGATAATAAGCTATAGAATGTTTATTATCTCATCCATAAAGTCAGACTTTAAGATTAGAACAGCCAGAAGTAAGCTAGGTTTCCTGTGGATAGTGATACACCCTTTGGTTCAGGTTTTGGTATACGCCCTTATACTTTCCAACGTGATGGCTGCCAAGCTCCCCGGGATCGATAATAAGTATGCATATGCCATATATTTGATGGCAGGCATCCTCGGATGGACAATGTTTAACGAAGTCCTGATGCGATGCGTCGGTATATTTCTAGATAATGCCAATTATGTGAAAAAGCTTGTTTTCCCCAAGGTTGTGCTCCCCATAATTGTGGCAGGAGTATCCCTGATAAACATGTCTATTCTGCTCGTTTGCACAATAGGCATATTCCTTCTGCTCGGGTTTGTCCCTGGGATCAACATATTTTGGCTCCCCTTACTGCTCGCAATTACTTTGCTCTTGGCTATCAGCGTGGGACTAGTGCTGGGCATACTTAATGTCTTTGTGCGGGATGTCGGTCAGATTGTACAGGTTTTACTTCAGTTTTGGTTCTGGCTAACTCCGATTGTTTATATGCGATCAATTATCCCAGAAAATTTAAGATACGTTCTCAATTTCAACCCTTTGGTTCCTATCATCGAATCATTTCAGAATGTTATCCTTTTGAATGAAAAGCCGATGTTTGTTCCACTTGCGATCATATCAGCGGCAAGCTTTGCTCTGCTGATTTTTGGACTTTTCCTTTACAAAAAGGCGTCTCCTGAGATGGTGGATGTGCTATGAGCAGGATCGCAGCTAGAAATATCAATAAGACATATAAATATTATAAAAGTGAGATCAGCAGATTTCTTT
CP001968.1_gap80	2900833	2902198	1365	AGCCGTGACGGAAATTTCCATTTCTCCATCAGGGCACTGCCAACATCTGCATGCTCAAAACCAAAAAGTTCTTTCTCTACTTCTGCAAGAGGTCTGGACTGAGTCATACTGAGATAAAGCGCATATGCAGAGTGCTCCGGCAATGATTTAAATATGACAAGCCTGCCCACATCATGCAAAAGACCGGACACAAAAAGTCTCTCTGTTGAAACCCCTTCGAGATAAGTACCGAGAAGTCTGGCAAAAACACCGCAGGCAATGGAATGTCTCCAGAAGAGACGCATATTTGTCAGCTCCTGCGGTATCCCTTTAAATGCCTCTATGGCAGAGATTCCCACCGCAAGTGTTGCAAGCTCTTTTGTACCGATAATAGTAATGGCTCTGCGAATCGAGTCTATTTTAGACGGGAAACTGTAAAAGGCACTGTTAACGATCTTAAGCAGTTTAGCCGAAAGACTGGTGTCTTTCTCTACGACATCCGCCATGTGTGACGCTGAACTGCGGGGAGAGTTGAGAACCTCGTTGATCTTATAATATATATCAGGGAACGATGCCAGCCCGATCTCTTTGTCTACAAGATACTTCGGCGTAATGACATTCCGATCAACGGGCTGCGGTTCAGATATACTGCTTATATCCTGCTCTTTGAGAGCATCCGCTGCTTTGATTTTTCCGGACTTTATCCCTCCTGCGATATTGAGTTTATTAAGTCTGTATATCTCTTTCGCAACATCGGCGGTCAGACTGGTATTTCGAAAATTCCTCTCAAGAATACTTTCTGCGTCAGCAAGTATCTCTTTAGAAAACTCTGCTTCTGCCTGACTGTCCAGTATACTTTTGTCAACTCCCGTAATGAACGCTTCTGTAATCCCCCATGACCGGGCGATTTTGATATGCTTTGTTTCGAAAACAGACCCGGCACCCAACAAAAACCTTCCGTTAGGGCAGACAAGGTCTTTTTCAAGCTTCATTCCGGGTTTGATATCGTCGATATAAACTAATCCCATATGTCTTTTTTACCTATTAGTAGTTATTTCCGTATATCACATATAACATTATGACACAATGACATATTTGCTCATGAGCCGTAATAAAGTGTGACCGTAAACTTCGCGCCGTCCTCTACATTGCAGGCTGTAAGCAGTCCCCCCATGTGGTCTTCCACCATAACTTTTGACATATAAAGTCCAATACCTGTACCTTCCCCTTCCGGTTTGGTGGTGTAGTACGGGTCAAAGATTCGTACAAAACTATCATCAGGTATCTTCACGCCATCGTTACTAATGGATACTGCAACTTTCATTTCCTTATATTCTATTGTTATATATATGTTACCAGCATCTCTGAGAGAATTATTTCTCTTTT
CP001968.1_gap81	2912915	2917768	4853	CTGCCTCTGCGAGAGTTGTGATCGCCATATATGTTGCAAACTGCCCCGCTGCCGTGCAGACTGCCGCAGAACCGCCCTCAAGCATTGCTATTCTGTTCTCAAGAACCTCAACAGTCGGGTTAGAAAGACGGGAGTAAATATGCCCGGGAGCTTTCAGGTCAAAAAGGCTGACAGCATGGTCAATCCCTTTGAACTCGAATGCATTCGAATGATAGATAGGAACCTGTGTTGCACCTGTCTTTTCATCCGGCCTGTAGCCTCCGTGGATAGCTATAGTCTCAAATCTGTGATCACTCATGTATTCCTCCAAAAAAAAAGCCTCTGTCCAAGGGTATTGGAAGAGGCGGTATGCACTTAGACATATCGACTTATCTCTCCTCCATAGGGTCGGAATTAGCACCAGACATCAGCTTTTAATGCTAACCGGCTGCTGTAGCTTCACAGGGCCTTGTCCCTCCACTACTCTCGATAAGTTTTCATAATATGCTATATTCTATTTTTACCTTTGTAAAGTATTTTTCATCCTGATCTCTATAAACAGTGTTTGATAATATCATTTATTCTGTTAAATTACCTGTAACATATTCTCCGGAGGTTTCACTCATGAACCCAAAAAAGATACAGATCATAGGGCTCGTTCTTGTCCTCGCATTTTTCGGAATGATCGTAGCCAGAGCCCTTATGCAGAAAGACAGGGTTGTCAAAAATGAAGATGACTTCAAAGCGACTCAGGGCGTACTTGAAGAAACATGGCAGCTCCGGCACATAGGAGAAACAGGGCTTGTGGTCATCACCCCCGACAGCATGAAACATGTCCCGACCAAGCTTGATGACGAAGCGAAGAAAACACTAATAAGCTATGATGCATTTGAATATTCTCTGGAATCATTCGGAATGCGGATAAACCACATCGTGTCAAAAGTCCCTGTGGACTCAGAAGAGTATGCAGACAACCTTGCAAAGGTGATAAAGAAGATAAAGGGTGTTAACAAATATACTTACGCAATCTCCCCGCTGACTAAATCAGGGCAGGAGGGGTCTTTCCTTAAAGGGACAGCAACCCAGTACGGACTATCCATAGAGACTGACTCTGTAATTCTTGTTAAAGACAACACTTTATGGGAGGTTACTGTCAGCTTCAACAGTGACAATGTAAAACTCAGAAACCTTGCGGAAAAAATATTCAACTCTGTAGAAATTCGCTAGGCAAACCGCACATATCAGTGCCATTGCAAAAGAGGGCATTACAGAATAATCCTGTCATGCCTATGATTGATTGTATGCCGAGCTAGCTGACGTCATGGTCTGTTTCAGTCTCATCGCACTTTTCAGCTACGCCGATTGACGGTCTTCCCGGAGCCAATGTCAGCCCCACGACAGACAGACATGTCATTACAACTTCCGAGTCGGAGAGGTTATTCTCGGTGAGCCCCTCCAGAAGAAAAACCACAAAGACAAACATCCCAACCTTTATAAACGGGCTGCATTTACTTCGCCTATAGATCTCCCACATTAATGTCCCGATAAAGCCAAGCAAGGCAAAAAGACCAAAGAAACCGTGCAAAAAAGTATATTGAATATATGAATTATGTGCATGTGCTCGGCTTGATGTCGGCACGTTTATATACTTTGAAACTTCATCCTTAAAATTACCCTTACCATATCCAAAAAAAGGTCTGAGCATAATTGCTTCACTTGCGGCTTCCCACAGCACAAGGCGTGTTCCTATTGAGGACTCTGTCTTGTGAATGTTGTCGATAGTCACTGTAAAGCGCTCTCTCACCTGCGGATCAGCATAAATCCCCCCGCAAATCAAAGCTATAAGCACAATCCCCCCGACAACTCCTTTCAGGTGATACCTGTACACCACCAGCGCAAACCCCGTGATGAGCAGTGAAAATATGGGACCTCTGCTGCCGGAAAGCACTAATCCAACCAGACATATCAGAAAAGTAGCAACAGTGAGGGCAAGCTGTTTTTTATTTTTATAAAGTTTCATTACCAACAGCCCCAGAGCTGTAATGCAGATAAGAGCTGCCACGTTGCCATATGTCAGTGAATGCGTTAGGAACCCCTGAAGACGATCAACCTTACCGGAGAAATATTCATAAAGACCAAAAACCGTAGTTAATATCCCCCCTGCGAACAGCCACATCAGATACCCCGCTTTATCTCTCCCCTCGAAAACGACGTAAATCACAGGGAGATATAAAAGCACCCAGAAGCTTTTGAGTCTGGGCAGGGACTTACCAGGGTTCACACCTATAAAGGTCGATATAATCTCAGCTACAACCATAAGCAAAAAAAAGATGAAGAATCCTTTCTTAAAAACCGAATAATCTTTCGTCTTATATATCTTATATATCGCTATTAATATAATAAGTCCAAACGTACCCTCCGCAGCAGAGATCGACACAGGGTTTGCCAGAGCGCCAAATTTTAATAATATATCTATTGCCAATTTTCCCCTCTATTCATAATAATGCGAGTCCATTATACATCCCTAAAATAGAGCAGACAAACTATTTATCTGATCTTTTGTTTATTACCCAGATACGCACACGTTCCAGAAGTTCATATTCAGCAGGGACTATCAGCAGCGTAAGCAATGTAGCACTGGCAAGACCGCTGCAAAAGGCAGTTGCCATACTGGACCACTCAAGAGACTTATTCGGGAACCCCACAGCCATCGGCAGAAGACCAAGAATAGTAGTCACCGTTGTTATCAGAACAGGACGCATCCGCTGACTGCATGCTGTGAGTACAGCATCTCTCAGAGCCATGCCTTCCCTGCGTCTGGCATTCATAAAGTCTATCAGTATGAGTGAGTCATTAACAGCTACCCCAGCCAAACCAACAACAGCGATAAAACTCTGCACGGTGAAAGTTGATCTTGTCAGAAACAGACCGTAAACCACACCGATAATTGCAAACGCTATCGCCGACAAAATCAGTACCGGCTGAAAATAGTCATTAAACTGTGCCGCCAAAACAAGATATATAGCAAGAATAGCTATTATAAATGCCATAAACAGTGAGCGAAATGCCCTCGACGTCTCTTCAAACTCACCACCGAATGCCACCACCACACCTGGGTATTTTACGGCTATATCCTTAAATTCTGTTTTCACAAGATTCTGGACACGACTCGGCGTCAACCCTGAATTATCTGTAATATCAGCGGTAACAGTTATCGCCGGCTTACCGTTATAACGCCTCATAACATTCGGCTCTGTGCTATATACGATCTCTGCAACATCTTGCAGGTATACAGGGCGGGTACTGTTCTCAATAACAGGGAGCATCAAAACATCTTCCGGTGACCCCACCCCTTCGGATGTGTAATTATAAGCATCAGTGTTCTTGACAAGTTTTACTTTCAGATCTACTTCATCGTCAAGCGAGCGGAACTTACCTGCATACATCCCGTTCAGCGCGCCGGAGGCAACGCCTACCACTGTAGTTTCATCCAGCCCGTATTCCCGTATCTTATCTGCCTTTGCCTTTATAGTGAAAGAGACCTGCTCTTTAGCACGATTATCCTGAAGCTCCTGAAGCCCGCTTGTCTCACTGTTACTACGCAGAAATGCCATAATTTCATTTGCTGCACTTTCAGCAGTTTCAAGCGAATTGGCAGTGACACGGATATTAACATCTTTCCCCACCGGAGGCCCTGAGTTCTCACCGAAGATATTGACTTCCGGCAAAACTCCCCAATCGCTCTTATGCTCTGCTGCAAAGCTTTTAAAATCTTCCCTCAGATAATCAAGATATGCCAAAGCATTATTATCGAAAATATCGCCGAATTCCTGATCCTCGACATTCGGCAGTGTCACAATAATTGATCCGTAATAGTGCCCCCTGTGCCGGACATAATCCACATCTTCGTAAAATCCTGCATAACCGGAAGCAGAAGAAGCCTCAGCTTTCCCCTTTGCCATAATATATGCAGAATAATCACGTATAACCTTATCTGTGACCTCAAGCGGAGTCCCAGTGGGCAGCTCAAATGTTACATGATACCTGTAAAAGCTATCCGGGAAAAACTTCACTTTAATAAGCGGAACAGCCCCCGTAGCAGACAAAACCAATATCGCAACCGCTATCCAAAAGACAACTGTCATCACCACCAGAGTCTTTACGGAGTTATTAAGAAGTGACGTTACGACTCTACTGTAAAAATTCCACGCATGAGCAAACACACCGCTTTTGACATGTGCCAGATCATCTCCGTCATGACTGCTGACCTTTTTCGGTCCCCATTCATAGTAATGAACGGGCAGTATAATAAGCGCTTCCAGCAGTGATGCCGCCAGAGCAAAGATCACTGTCAAAGGGATAAAAGCAAAGAAGTCTCCTGTACTCCCCGTCATGATGAACATCGGGACAAATGCGAGAATTGTCGTCAGAGCAGAGCTTGTAACGGGTATGAATATTTCAGCAGTCCCGTCACGTACAGCCTTTGCCATGGATTTGCCATTCTGTAGGTGCCTATATATATTTTCAACAATAATTACAGAATCATCAACGATAATCCCTGAGATCAGCACAAACGAAAAGATTGTAATAGTGTTTATCGAATATCCGAAAAGGCTGTTCATCAAAACAGCAAAAAGTATGGAAAAAGGTATACCGACAGATGTAAGCATAGCGTTACGAAACCCAAGCACAAGCCATAGGATAACCATCACAAAGGCTATCCCCATAAGCATATTTCCGCCGAGCACATGCACAGAATCTTCTATCTCCAGAGTGGAATCCTGCGTATAATAAACAGAGATCCCTTCGCCTGCGTGACGTTCGGCGAATGAATCCGCCTCCTGCCTGACAGCTTTTGCTATAGTTCCGGTGTC
CP001968.1_gap82	2924215	2927420	3205	CGATCTTTTCCGCAGACTTCGACCAGTCGATATGCCCGTCATCTTTCTTCATCATGGGCGCATATGTCATATCTTCTTCAACCTGCTTTACAGGTTTTATATTTTCGAACTCATTCAGTGTTTTGATAAGAAGCCTCGCTCCCGTTTCAGACAGTTCCTCTGCTATGTCCACAGCTGTCTTCTTCTCTATCGGTGTTTTTAGAACCTGTAAAATGTCTCCTGTGTCCAGTCCGGCATCCATCAGCATAGTTGCAACGCCTGTTTCCTTCTCTCCGTTGATAACAGCCCAGTTAACAGGAGCTGCTCCACGGTATTTCGGCAGGAGTGAAAAATGGACATTAACAGGGGCATATTTAGGCACATCAAGCACAGCCTGAGGCAGTATCTTTCCATATGCCGCCACAACCAGAAAATCAGGCGCAATGGACTTTAACTGTTCCAGAACCTCGTCATTATTTTTCAGGCTGATGGGCTGGATAACATCAAGCCCTTGCTCCAGAGCAAATTCCTTTACAGGCGGAGCCTGCATCTGTTTACCACGCCCTTTCGGTTTGTCTGTCTGGGTTATGACCAGAGCAACATCTATATCGTTATCAACTAATTCTCTGAGTGTTGGCACAGCCATCTCCGGCGTACCCATAAATACAACTTTCATAGCTTCAAAGCTCCATACTTAAGTTTGAGATATATTAATAATGCATAAAGCCTGATTTTACAAGCAAAGTCGAAAGCTAACCGGAACTCATTTTGTCTGATCGCCACAAATTATCTCATATTGCAGTTTTCGTGTAATATTTGCACAGTTATCTGCAAAATTTGCCAATGTAAACTTCTCACATATGATATATTATTTTAGTTATGGGAAATAGATTACCTTCAAAACTGAAACAAATTCTGATCATTGCCGTCATCCTGAACCTTGTGATTATTATTATGCAGGGGTTCAGCAGTGTAAAAACAATAGAAAACTCCAAGAAAGGGCTTATGCTCGTGGGACAGACCGCCATCTCGTCTTTCGAAGGGGGGCGCAGGGCAAGGCTATTACTAGACACCGAAAGCACAACAAGATTCCGTTCGTTCATTGATAACATAGGAGCTAATACAGGTGTACTCAGCCTTTATCTTTTCGACCAATCAGGCAGGGTACTTTTCAACACAAGAGATGTTACACCACCGAAGATAAATCCCGCTATTCATCCTGACGGAACAGTAGAAACGCCAGACGGGTTGTTTATGTATCATACGCTCCCCCCCGCACGCTCTATGATGGGGAATATGATGGGACACGGGCACAACAGAAGATTCAGCGAAAAAACCGATTCAAAAGTGCTCACAGCCGGAGTTATGCTCAACCTAAGCGGGCATAAAAGCATTATCCGTGCCCAGATAACATTCATGTTCGGCATGATAGCTTTGGAAGCACTGCTCATTGCTATATATATATACACCGCCCGTATGCTGAAATTAAATAATGAGCAGTCACGCAGACTGGAGGCATCAGAGCGGGAAGCGGAACTCGGCAAAATGTCACGCCTAATGGCGCACGAGCTCAAAAATCCTCTCAGTACAGTCAAAGGGCTTATGGAGTTCTCCGCCAAAAAAGCAGAGGGCGACCTTAAAGATATCTCCGAAAGCTGCGTGGAAGAACTCGGCAGACTAGACAAAATAATCAATGACTACCTCTCATATGGTAAAGACATGACCCTTATCATAGGTCGTGCAGACATAAGAGACATAACAGACAGTGCCGCAAGGCTTTTGCAGATAGATGCCCGTCAGAAGGGGATAGACATATGCATTACCGGAAATGCGGAGATCAGCGCAGACATTGAGAAGATGCGCCAGATAGTGTTCAATCTGCTTCTAAATGCTGTTCAGGGCGCACCGGAAGACAGCGAAATAAATATTGAAATAAATGACAAAAAACTCACAATAGCCAATGACATAAAAGATGATAATTTTGACCGTGAAAGCCTTGGTAAACCCTTTTACACAACAAAATCTATCGGAACCGGGCTGGGGCTTGCTATAGTAAAAAGAATAGTACAGCTTCACGGCTTCCGCTGTGAAATAAAAACGAACCAAAAGTTTGTAGTTGAGATCATATACATATGAAGATACTGATAGTTGATGACGAAAAAAACCACAGAATGATGCTCAAGCTTCACCTTGAAGATGCAGGGCACAAAACCGCACAGGCGGAAAACGGACTTAAAGCTCTGGAAGCGTTGGATGAAGGCAGGTTTGATGTTATCCTTCTGGACATGAAGATGGACGTTATGGATGGACTTACTTTTCTGGGCATGATGAACAGAAAAGGGCACAGTGTACCTGTGATAGTCATAACAGCGTTCTCCACTGTTAAAACCGCTGTGGAATCCATGAAGCTGGGAGCAGTGGACTACCTTACAAAGCCAGTGGACATCCCTCAGCTTATGGATGCTCTGGAAAAGATAAACGAGCAGTCCGGTGATGTCCTTACTCCTGTTGAAAACTACCGTTTCGGAGGGGTCTACACTCAGGAGGGGCTCGGTTCTATCATCGAACAGCTGAAACTCGTGGCTCCTACGGATGCAACAGTGCTGATCCTCGGAGAATCAGGCACGGGCAAAGAGATTGTTGCACGTTCCATCCACGACAATTCCAAAAGAGCACAAAGACCATATCTGGCTATAAACTGCGCTGCACTTTCAGAAAATATCATAGAAAGTGAGCTTTTCGGACATGTCAAAGGCGCATTCACCACCGCAGTAAAAGATAATAAAGGGTTATTCGAAGCAGCAGACGGCGGTACACTCTTTCTGGACGAGATAGGTGAACTTTCGCTGAATGTTCAGGCGAAACTCCTCCGTGTTTTACAGGAGGGGGCTTTCGAAAGGGTCGGAGACACCCGTACGCTGAAGACTAATGTGCGTATAGTCGCTGCAACCAACAGAAACTTAAAAAAATTGTCAGAAAAAGGTGACTTCAGAGAGGATCTGTACTTCAGGCTTGCGGTTTTCCCTGTTGAGGTCCCCCCCCTGCGTGAAAGAAAAGAAGAGATAGCTCCGCTGGTTAAGTTCTTCATAGACAAACATGCAGAAAAACTCGGCAAACTGATAAAGTCCGCCGATCCGGCATATATCAGAAAATTGTCAGATTACGGCTTCCCAGGTAATATCAGGGAACTTGAAAACATTGTTGAAAGAAGTATAATACTCACCAC
CP001968.1_gap83	2968639	2973235	4596	TTTTTTTATTTTTTACAAGAGCTGCGACAAGCAGCCATGGGATCATACCACTGTCACAATAGAAAAAGTCTCGGAAGTAATGATGTGCACTCATTTCGCCACCGTAGACAGCGTCTTCCTGCCGCATACGTTCCTTAATAAAGGCATGTCCAGTCTTCGTCATGACAGGGATACCGCCAGCACTCTTTACTATTTTAATTGTATTCCATGTGAGCCTTGGGTCGTGTATGATTTTACTTTCGGGTTTGTCTTTTAATAATGCCTCAGCAATGATCGCAACGATATAATAACCTTCAATAAACTCTCCGTTCTCATCAAACAGAAAGCACCTGTCAAAATCGCCATCCCATGCAATACCCATATCTGCGTGGTTCTTAATAACAGCTTGAGATGTAGCTTGCCGTTTATCTGGTAAAAGCGGATTTGGTATTCCGTTTGGAAAATTTCCGTCAGGCTTGTTATGAATCTTAATGAACTCAACAGAGAGCTCGTTTTCAAGAAGATCAACAACAGGACCGGCACATCCATTACCTGCATTGACAACTAATTTTAGCCCGGTTAATTCTTCTTTATTTATAAATCCAAGTATAAACTTAATATAAGCATCTTTTGAATATTTATACTCAATCCTGCCCTTGCTCTTACACGGCAGAAAGCTATCTTTTTCGATTAGTTTTTTAATATCTTGAAGCCCGCTGTCGCCTGATATAGGTTTTGAGTTTTCACGGACAAGCTTCATACCATTGTAGCCTTTCGGGTTATGGCTGGCAGTTATCATTATGCCACCACCAGCGTTATAAAATGACGTCGCAAAATAAACTTCTTCTGTCCCGCATAAACCAATATCTATTACATCTACACCAGAATCAAGGAGTCCATTAATAAGCTCTCTTGCCAGCATATTGCTTTCTAATCGGATATCTTTTCCGACGACAACAGAAGATGGGCAAATAATCTCGGAAAATGCTCTACCTATCTTATAAGCTAAATTTTCATCTATCTCTTCAGGAACTTTTCCGCGTATGTCATATGCCTTAAAACATTTAAGATTCATATATAAAACCCTTCTTCACTTCACAATTCAGACTTTAACTTTACCAAACTAATACATTGGAAGTAAAGTTCAATGTCGTACATTTTGTTAAATATATAATATTTATAAATAAACTCTTGAGTAGCTCTTAATAGTCTCTGAGCAGCATTTATCCCATGAAAACCTATTCCGTTGTTGATGACATTTGCTCAATATTTGAACTTTATTATTATTATCTGCTAACAAACCAATTTTTTCGGCAAAACAGTGTGCAGTGGGTGCATCACATAAAAGACCAGCATCGTCTACAACTTCAGGCAGAGAGGATTTGTTGAGGACGATGGGTATGCATTCTGCGTTTATAGCCTCTGCTGCAGGGATACCAAACCCCTCATACGACGAAGGGTAAAGTAAACAATAAGACAGATTATATATTTTATTGAGAATATCAGTACTTACAGCTTTGTCGATGTGCAAATATTTACCCTTCAGGTATCGTTCTGTTAAGTCTTTTTCTGCACTTGAAAAACTCCCGCCTCCGACAATAATTAACCCTAAGCCGGCTAATGCCGATGCTTCCACAGCAATATTATAATTTTTATAAAAACTTCTGGAGCCTACAAAAACAGCATATTCTACATCAGCATTAAGACCAAATGCTTTTTTCAATTCTTCTTTCTCAAAACTTATTGGAGAAAATTCTTTATTAACTCCATTGTAGACAACATCTATACTGTCTGGGTCTATGTCAGGATAAAACATCAGTAGATCCTGTTTTGTACTTTTAGAAATACAGATGATTCTGTCTGCACGTTTTATGGCTTTTCTTTTCTGCCAGCTGTGCACCTGTTTACGCAATCCGCTAAAAAAATATTCATAAGTAAAATCATGAATAGTGACTATTGTTTTTACTTTATTATCCAAAGGTACTCTATAGTAACTTGAGTGGAACAGACAATCTTTCTCTATTGGGTTAAATACAGGTAAATACCTTGCAAACTTCAGTATTCTTACCTTGTCATATTTGACACTACCTATAGGGATATTAAGCTCATTACGGAAAAAATTATTACATGATTTATCATATTCTATAAAACTTATATCTTCTGTAGTAATTAACCTATTAGTCAGTTCGTACCAATATTTTGATATACCGCCGGAATTCTGAAGATAATAAATAATATTGTCATAGCAAAGTTTCATAACAGATTACACTTCTCCTTCTTTTGACATCATTCTTACGTAAAGTGATTATCACTTTCATTTCAGGAAATATTGTAATAGATTACAACATTAGAAATATGAAAATTACAATCATCACCACCACGAAAAACAGCGAAAAAACTGTCAGAGATACAATAGAATCTGTGATAGCTCAGAAAGATGTTGAAATAGAATACATCTTACTTGACGCAATGTCTACTGACAGCACTCTTGACATAATAAGTTCATATAACAAACACATATCTAAGCTTATTATTGAAGAGGATAAGGGTTTTTACTACGCAATAAACAAAGGTATCAGCATGGCATCCGGTGACTTAATCGCTATATTAAACTCAGATGATGTTTATGCATATGACCATTGCTTAAAAGACGTTGTAGAAGTCTTCCAAAATAAACGAACTGAACTTGTCTATGCTGATATCCATATTGTTGATGCAAAAGATACAACACGAGTTGTAAGGCGGTGGATAAGTAAGCAATTCAACAGAAGAAAAATCAGCTTTGGATGGTGTCCTCCTCATCCCGCTTTCTTTGCAAAAAGGGAAATTTATAATAGGTTAGGGGCATTTGATACAGATTACAAGATTGCAGCAGATTACGATATTATGCTCAGATTTATGCTAAACACTAAAAATGATCCTGAATACTTGAATAAAGTGATAGTTAATATGAGAAATGGTGGTTTAAGTAGTAACAAAGCATTCAATCTTATAAATAAATTACTCGAGGATCGGTCTATAATTAAAAAACATAACCTACCTGGGATAATTACGCTTTTAGGGAAACGCTTAATTAAGATAAAGCAGTTTCTTTAACTATTTCTTCAGCAGTTCTGTCATCTCACGGAGAGCCGTTTTCACTGCACGGGTGCGGATAGCGTCTCTGTCACCAGCAAAAAAATGTTTTTTCGTAACGACATCCCGGTCAATGCAGTATCCCATGCAGACAGTGCCGACAGGCTTTTCGTCTGTTCCGCCATCTGGACCGGCGACCCCTGTAACAGAGATAGCGCACCTGGTCTGTAAAGTATTAGCAGCTCCCACAGCCATAGCCCTTGCTGTCTCTTCGCTAACTGCACCGTGGTTTATCATGATATTCTTCGGGACACGCAGAATGCGTTCTTTAACATCATTACTGTATGATATTATTCCGCCCATAAAAACATCGCTGGCACCTGCAACGCTGGTAAAGTCTGCCCCGATCATGCCGCCCGTACAGCTTTCTGCAACGGAAATAGTCATATCTCTTTCACGCAGAAGCCGAAGAAGAACCGCTGCCATACCGTCATCACCAAAACCGATAAAATTGCGGGGGAAGCTGTCCTTAAGTTTCAGAGCGTATTCATCTATAAGGCTTTTGTCAAAGCCTCTCAGCTTAACAAAGCACTCGCCTTTCGAAACATTTATTATACACTCCAGCGAAGACGGCAGATGTAATTCTCTTATCACATCATCAATATCGCTCTCCGGCAGCCCGCCTATACGCAGATCAAGACTGAACCGTTCGTTCAGGGAAAACTTCCGAAGCATAAAGGGCATAACAAAGTCATCGAACATTTTATACATTTCATAAGGCACACCAGGCATACTGACAACAGTGCATGAGTTCTTTTCAACCCCGAAGCCCATAGCGGTTCCTGAATTGTTTGGGAAAAGCATGCACCCCTTAGGCAAAAGCGCCTGTCTTTCGTGAGAAGGTTTTATGCTGACATTGCGTTTTTTCAACCATTCAACCATGTGCCGACGGGCCTCTTCGTTCATCTCTGTGCCAACACCCGCGGCTTCCCCAAGAGTTTCAGCAGTGAGGTCGTCAAATGTCGGTCCGAGCCCTCCGGTGGTAAGAATAATGTCGTAAGTCTCCATACCTTCTCTAAGCAGTTTGACGATCTTCTCTCTATGATCAGGAATGAGACGTATATCCGTCACGTCAAAGCCGGCTTTCGTCAGCTTTTTACCCAGCCACGCAGAATTAGTGTCGACAATGCTCCCTTCAAGAAGCTCACTGCCTATCGCAAATATGGCAACTTTGACCATCTTTCCACCTCAAATGTTTATGAATTTACCTGTGAGCAAAAAGCATTATATACCCGTAATAGAGAACACCCAAGCATATTATGCTGTAGAACCCTGCCATAAGGTCGTCCACCATGACACCGACACCGCCATCAATCTTTTCTAATTTTTTGATAGGGTAGGGTTTGGTTATGTCAAATATTCTGAAAAGGATAAACCCTGCAACCAGCGTGAATGTACTCACCGGGAACACAAGAAATATCATATAAAATGCGGCTATTTCGTCGATAACAACCTCTGAAGCATCTTTTTCTCCAGTATGTT
CP001968.1_gap84	2983073	2984990	1917	CGTCCGGAAGCTTGAGCACCTGAAGCAGTTTCGCCACCACACCTGTGGAATAAAGGTCATCCATCTCCGGTTCATCTAATTCATCATCCTTTTGAAGTGCAAAAAAGATATGCTTTGTTGAGCTTTCAGCAATATCAACAGCATTCACAGATTTGTCTCTACCCACAAAAACAGGGGAAATCATATACGGGAAGATGACCATATCCCGTAGGGGTATCAGTGTATATTGTTCAATTCTATCCATATTTTCACCTTTAAGATCTATAATATAATCAATTTAATCAAAAGAGGCAAGGTAACACCTCACTGCTTATCATAATGTATCTTAACGCAATGCTTCTTAAGATAGGACTGCGCATACCTTCTGTGTGCCAATCACCTGCGGCTCATTTTATCCGTCTTTTTCCCCGTTAAGAGTCAAGCTGAAGCATTCTCTCAATGGTCAAAAAAAAAGGGGAGCCTAAGCCCCCCTTATATATATCAACCTGCCGAATAAGCGGCAGACTAGGATACTATGCAGTTTCCTTTTTATTCTCATACATAAGTATGGGTTTTGCGCCTTCGTTGACAACATCCTCGTTGATAATACACTCTTTGATCCCCTCTTCAGAAGGGATAGAGTACATAACATCCATCATGGATTCTTCAAGTATGGAGCGCAGACCCCTTGCACCTGTTTTACGGTTGAGAGCCTTTTTAGCAACAGATTTCAGAGCGCTGTTAGTAAATGTGAGTTTAACATCATCAAATTTAAACATCTGCTCATACTGCCTGAGAAGACTGTTCTTAGGTTCCTGAAGTATGCGTACAAGAGCTTCCTCGTCGAGATCTTCCAATGCCGCAGCAACGGGGAGACGACCAACAAACTCAGGGATAAGACCGTATTTAACGAGGTCGGTAGGCTGAAGTTCACAAAGAAGTTCAAACCTGTTCAGTTCGCTCTTAGTCTCTTCTTCGGTTGCACTTGAAAACCCAAGCGATTTCTTCCCGACGCGCTTTTTGATCACTTCATCCAGATAGTCAAAAGCGCCGCCGACAATAAACAGGATATTTGATGTATCAACCTGTATATAGTCCTGCTGAGGATGTTTACGACCACCCTGCGGCGGAACGTTAGCAATGGTACCCTCGATGATCTTAAGCAGAGCCTGCTGAACACCTTCACCGGAAACATCACGTGTGATAGACGGAGAGTCCCCGCGTTTGGAGATCTTATCTATTTCATCGATAAAGATAATCCCTTTCTGGGTACGTTCAACATCATAATCCGCATTCTGAAGAAGCTTCAGTACAACATTTTCAACATCTTCACCGACATATCCTGCCTCTGTGAGTGTTGTTGCATCTGCTATGGCAAATGGCACATTAAGAATTCTAGCGAGAGTTCTGGCTAAAAGGGTCTTACCTGTTCCAGTTGGCCCAAGCAGAAGAATGTTGCTCTTTTCGAGTTCGACTTCTGATTTTTTCCCGTGGAGCACACGTTTATAATGGTTGTGTACAGCAACGGAAAGTATCTTTTTAGCTGCTTGCTGACCAATTACGTATTCGTCAAGCTTCGCTTTTATTTCTGCAGGTGTCAGCAGATTAAATACCTGCTCTTCACCGGAAAGTTCTTCAATGTCTTCTTTAAGTATTTCATTGCAGAGTTCAATACATTCATTACAGATGAATACGTTTGGTCCTGCGATAAGTTTTTTTACCTCGTCCTGACTCTTTCCGCAGAAAGAACAGGAGAGCGTCTCTTTTTTTCCTTTAGCCATATATTTTCACCTCGGGCAACTGAAAATGAATACTCTCAACAAAATATTATTATGTTAAGAATTTTCAAGCTCTATTGGTGATTACATCGTCTATAATGCCGTATGCTTTAGCTTCAGGAGCAGACATAAAGTAATCCCTGTCGGAATCCTTCTCTAT
CP001968.1_gap85	3092161	3094868	2707	TCGGGGAGATTCTGGTAGAACTTTAAGTCTACTCCTCCGGCTCCCAGCCTTATATCAGAGCAGAATGAAACCTCTTCGCTGGTGAAATTCACGCTGTTAGCATTGTAGCATGTTTGGATAATTTGCTTTTCTGAGCGTTTTATATTACCAGCTATTATGCTGTCTCCGTATACTAATGCCGCTTCGGATATGTCTGTTGCCTGCATTATCTCTTCTATTATTTCAGATGCACTGTTCAGGACTATCCCTGTGTATAGATATCCGGCTAATTCCCCTGTTTTCCTACTGATGACTTTTGCAGATCCTGAGAGAGCGACTAATATCCCGCTGCTTGACTCAGACTGTATTACCCGTATCCCTTCACGGAGGAAACGTCCGTTTGCTGTCATGTAGTCTACGATGTGGCTGGTATCGTAGAAAGGCGTGCTGGCGTCAAAAAGATACTTTCCGTCAGCAGACTGGAAAAAGAATATGTCGATATCTTTTGCAAAAGAATGATCATATATTTCCATTATTTCTGCTTCGAAGGTTTCAATGTCTCCCTGGGTGTATGCTCTTACTACATCGGCAAAAACGTACTCGATATCATCAATAGTGTTGGTTAGTATGGCAGATTTTTTGTCCAGAATCATAGTTGCTATGCGGGAGTTCATTTTAATGATTTCTGTCGTTTTATTCATAAATGATTTACGGGTGAATTTATCACCCATGAGGAACATAGGCGCAGAGAGTGCCACGGACATTATTACTATTGCCAGTATAAAAAAATAACTCAAGTTTCGCATCTCGTATCTTTGCGCTAACTTATTGTTATAGTTAATATAATAATAGAAAAAGTCTCACATAAATGGTATATTGATTTTCGAAGAACAATTACATCTAGGAGACTTTTTCTATGTTTGAGAATAAATCAATACAAACCGAAGTTCAAGCGGCATTATGGAAAGAATTTGAGATATTCCGAGTAATAAGGGCTCTGCAGCTGCGTACAATTGCCTATAGGTGCGGTATCTCAAAGAATCAGGGCGTTGAACCGTTTTCTGTTCTTATTGCCTTGGTTTTTCTGACGTTTCTCGGCAAAAGCGTTCACCATTTTGTTTCCCACTGCCGGAATAGCTTATTCGATTTAGGCGGTAAAGATGTTTTTTATCGTTTAAGTACACGTACAAGTATCAATTGGCGACGTTTTATGATGGATATATCGTTAAGGGTGATCAAGCATTTTAAATCATTCAGCAGCTGGCAACAGCGTGTTCTTGTCATTGATGACACAGTGATTCCGAAAGCCGGTAAGAAGATTGAAGAAGTCTCCTGGGTGTTTGACCATAGCAAAGGTAAAAGCGTGAAAGGCTTCAGTGCTGTTGTACTTGGCTGGAGTGATCGTTCGTCATTTGTTCCTGTAGATTTTGCTTTGCAGCGGAGCAGCAGAAAAGTATTCAACCAATCGACAGAGACTGAAATGGATAAGCGGATGCTGGCGTGGCATCGTAGACAGGAAGCAGTAAAAGACAAACCAACACTGGTAAAAGAAATGCTCAAACGGGCGAAACAGAAAGGGCTGGATGCAGGAGCGGTTCTGTTTGACAGCTGGTACTGTACGCCGAAGCTTGTTTCATCAATCTTTCATGAGATAGGCTATGACGTGATTGCCATGCTTAAAACTACACCGACATTAACTGTTGTATTAAATGGCAAGGTATACTCAACCAAACGCTTATGGGAATGCGTTGTTCCAGCTTTAAAGAAAGAAACAGTTACTATTGGTAAAGACAGGGTATTTGTATCATCCACTAATGCTTTTTTCGGTGAAACTCTTGTTAAGCTTGTCTTCTGTCAGCCATCAGAGAAAAGTAAATCGAAGAAGCCTATTATTCTGCTGTCAACGGATACCTCTTTGACATCGGCAAAAATAATTGAAACCTATGGGCAACGATGGGCGGTGGAAGTACTGTTTAAAGAAGCTAAGAGCAAGCTCTTCTTTGGGAAAAATCAATCCAGAAGCTTTGAGGCTAACATTTGCTTCCTGACACTGTCACTCGTTAGGTTTATCATTCTGAGCTATATGGAACGGATAAATGGTGATTTCCGTCACAAAGGCAGTCTGTATGAGGGTTTACGTTATGAAGTTGAAGAACTGAACATTCTGGCGTTTATGGAAAAATTCATAAACCAACTATTATCGATAATTGATGGTGCAAAAGAAACATTCGCATTTTTTATGGATAAATTAACTGGGATTCAAGAAATGGTAAGGCATTCTATCCAAAATTTACTATTTCAAAGATGCGAAACTTGAGAAAATAAGAAAGTCTTAGACCATAGGTCTTGTTTATTTGTCTGAGTATCTTAGTGCCCTCGCTCTAAGGTTGTCTATCATCTCTGTGGACATTGAATTTGTTACCATTACAAATTTTCCGCTGAATATTTGTGGAACCTGTTCAGGTGTTCCTTCCATGTCAAGGCGTATCGCTTCAGCTATTGCTATGCCGTTGTCATCATTCATGCGCATAACGGTAAAATCAAGTTTTCTTCTTTTGATAAGATCCAGCTCTGCCGCAGTGCCGCCCCAGCCACTCACGAGAACCTGACCTGTGCGCCCTGCATCTTCTACAGCTTTTAAAGCGCCCAGTGCTATGTCCGTGGAACATGCATAGAAGAATGACAGATCGTCAAATCTGGACAGAGCAGATGCCGCCGCCTTATAGGT
CP001968.1_gap86	3109547	3114029	4482	ACCGGTTGCCGCCTATCACGTAAGCGGTGAATACAGCATGATAATGGCTGCGGATAAGATGGGCTGGCTGGACGGACATAAAGCTATGATGGAATCCCTTGTATGCATCAAGCGTGCAGGCGCTGACATCATTTTTACCTACTATGCAAAACAGGCTGCTAAAGCCCTGAAAGAGGTTTAATGAGCAACGTACACGCCTACAGGTGGACAAGCAGCGGCTTGGTGCAGATAGATCATATTGATCATGTTAAGAGGAGTGATCTTGTCTCCATAGACAGGCAGATAGCTATGACTGAGGCTAACATCAAAGCTTTTGTCAGCGGTAAACCTGCCCTGAATATGCTTTTATGGGGCGAGAGGGGGCTTGGGAAGTCAACTATTGTTAAGCTTATGCTCCACGAGTACGCAGAGAACGGACTTGCTGCAATAGAGTTCCGTCACGAAGATGTGCTTTCAATATATGATCTTTATGCAGAAATCCGCAGGATGAAGAGTAGGTTTGTCATGATATATCTTGACGATATCTCTTTTGATTCCAGCGATACGCTGTACCGTATGTTTAAGTCAGTGCTGGAAGGTGGACTGGAAGAAGTTCCCAAAAACTGCATCTTTGTTGCCACGTCTAACAAAAGGCATATGGTAACAGAGCAGGCAGCGGATTCGGGCGATCTTTACGACAGAGATGATGCAAATGAAAAGACATCACTCTATGCCAGATTCGGGCTTGCTGTGGGTTTTTATCCTATAATTAAAAAAGACTATCTTAAGATTGTGGAAAACTACCTGAATATTTATGAAATACCGCTTTATGACGGCTGGGAGCAGGAAGCTGAAAATTATGCTATGGACAGAGGCGGACGAAGTGGTCGGATTGCTAAACAATTTGCGGTTTATAAGGGGATTTCTGTCTAAAAAATTGATTTAAGTCAATTTTAAGTAATCAAATCAGGCGTTTTGTGAGGATGTGGATAAATAAACCTTGCGAATAGTATATAAATGGTTATCTAGGGGCTGTTCACATTTATTTTAACCATATGATTACAGCCACCAATGTTACCATTGCCTCATAGTTTCTTGCAAGTTTTTCATATCTTGTGGCAATTCGCCGGAATTCTTTCATTCGCTGAAAGAGCCTTTCAACCAGATTGCGCTCTTTATACAAATGCTTGTCATATTTCCGTTGTTCTAATCTATTACATTTAGGCGGGATAACTGCAACAGCACCAGCCTGTATTATTGAAGACACAAAAGCATTGGAATCGTACCCTCTGTCAGCAATCACATAAGCAGGTGAAAATCCTGCGATGAGATTATCTGCCTGAGCGTATTCCGACTCCTGTCCTCCCGTAAGGATAAACCTTACAGGGTTGCCATGTGAATCCACAGATGCATGAATCTTAGTACTCAGACCGCCTCTGGAACGCCCTTGGCATTCTTGGTTTTGGCAGTTTTTTTTGATGCACCATGTTGATGAACCCTTACAATACTGCCGTCTACCATAAGGTACTCAAGGTCTGCATCTCCAGACAGCTCTGCAAATACTTTCTGCCAAACATCCTTTTTAGCCCATCTGTCATAACGTACGTATACACTATGCCATTTGCCAAAGCAGGGGTGCATGTCACGCCAAGGACTACCTGTTCTGGCTATCCATAAGACTGCTTCTACAAAAAGACGGTTATCTTTAGCTGTTACTCCGCTGTCGCTCTTTTTTCCGGGGAGCATATCTTTGATGCGTTCCCATTGTTCATCTGATAATTGAGCTCTATACATAAAATACTCCAATTATTTCATTGGAATATATATCGGCATTAATTTAAATGTGAACAGCCCCTAGTTAAGTAAATATACAAGAAGATATAAAATATTATTTGCAGGGTTCGATTATGTACCAAATATACAAGGGCAAAAGCCTGGTTCCTATTATTATATTTTCAGCACTTGGTTTGCTGGGCAATATCCATAGCTATGAAATCTTTTTCAATGTCAATCTAACATTTGGAGGAGTATTCGCTGTTCTGGCAGTTATGCTGTTAGGGCGTGTCGGAGTTATTGCTGCATTTGCAGCGAGTCTATATACCTTTTTTATATGGGGACATCCGTATGCAGTGATCATTTTCACCTGCGAAGGGCTCTTCCTGTCTGTCTATGGCAGGAGGTGGAATAATTTCGTTAAGGCAGATTTTATTTATTGGGTGTTTGTGGGCATTCCATTCATGTTCATCTTCTACTATTTTGCCATGGGGCTTAACTTATATATGGTTGAGCTTATAGTTATGAGGCAGAGCGTTAATGCTGTTCTGGCTGCATTTGCAGCGTCTGTTCTGTATGATATAGGAAGTTTTATAGTGCCGTCAGCGAAGAACGGAGAACCGAAATTTTCCTATCGACACATAGTCTTTCAGACAGTTTTGTCTATTATAATTGTTCCTATGGTTATTCTCTTAGCTATAAATGTTAATTCAGGCATGAAATATACCTCTGAAGGGCTTCAACGTGAACTGAATAACGCTACTCAGGCTGTGAGCACCGTTATTGATGATTTTCTGAGAGAAAATGTTAAGGTTATCAATCTTGCTGAACAGATTGTCAGAGATCGTGATGTCAGTCCGGATGGGCATGATTTTATGGAGAGCTCGTTAATCAAGCTAATTCAGAAAAATGAGTATATGACAAGCATTAGCATAACAGATGAGACACTTCAGGAAGTGGGATATGTTCATCTCTCGAATAATAAGGATAATGTTAAGCCTCAGTCACTCGGTTTCATAGAGTTTGCTGATCCTGACTGGCGTGAAAAAGACCCATATTTTGCAGGAGTATTCACAGGGATAAGTGGAGGAAACCGTCAGGCTGCTATGTACATTGTGAAAAAACTGAAAGCATACAGCAGCAAGGAACCGATATATGTTATCGGTGCTCTTAACTTCGATACTTTCGAAGATAAAATAAGGCAGATGACAAAAGGTTCAGACGTTAAAATCACTTTGGTTGACAGAAACAGAAAGATAATGATGAGCACTGATAATGAGCTGATTTCAGGCAAAATTATGCTTGACAGGATGTCTCTTGGAAGTAATAGCGCTGTTAGCGAAGTGGTTGATCTGTGGGCTCCTGATGAAAATAATTATACTTCAGAAGTAGCAAGATGGAAAAAGTCACTGTTCACAAGGACAGTTTATTTTACTGATAATGCCGGATATTCCATGATCATTGATATGCCCCTTGGGAGATATGTTGATTTCATGAATAGCAGCGGTGTAAGATCACTGTCTGTCATATTTATAATAATCATTCTTTCAGTGTGTTTTGGCTGTATTATCAGTAATTTTCTGACAAAAGAGATGAGAAACATCAGTGCGGTTGCAATAGACCTGCCTCAGCGTGTTTCCGGCGGCGAGAAAGTCGAGTGGGATGAAACTATATTGTTTGAAGGGGCTGAAATTAAAAAAAGCTTTAAGATTATGAGCGAAGAACTCAGTAAAAAATTCAGAGAGCTTCAAACCCAGAAAGATGAGATAGAAACTCTGCTTTCTAATATCCCGATGTGTATATTGCTGAAAGATACTGATAACAATATAATAAAGGCGAATAATAAAGCAGCTGAAATTTTCGGGCTTAAAGCAGAAGAGCTAACAGGGAAACATCTGGGGTTGTTTCTGCCTGATGTTGGGTATTTTTATGAAGTTGATCAGGAAGTTATTGAAAAAAAAGAACCAATGATAAATGTACTGACAAAATATAACCCTGTAAACGGCAGAGAATTTTTAGCAAGAACAAACCGTGTGCCTATATTTAATGATGCTGGTGATGTTGAGTCGATACTTGTTATTGTTAATGATATCACAGACGAGGTAAAAGCATCAGAAGAGAAAGAAAGGATGCTGGGGGCAATGAATAAGCAGGCAAGGATGGCGGAGCTGGGGGCGATGCTCAGCATTATCATACATCAGTGGAAACAGCCTCTGAATATAATATCGCTTGCATCACAGACGGTTCGTGATGACATACAGGATGATAGCTGGGATAAAGAAACGGTGAGTAACGATCTTGATACTATATTACAGAATACTGAATTCCTGTCACAAACAATATCTGACTTTACAGGTTTTTTTAATAAATCAAAAAACACGTCTCTGTTTAATGTTAATTCTGTAATAAGTGAAGTTCAGCACCTGATAGATAAGCAGTTTATTAAGAATGGAATAATTGTAAATATCGATAATACCGATGCGTTTGAAATTAAAAGTCTGAAGAACGAGTTCAAGCAGGTTTGCCTGAATCTGTTTAATAATGCTAGCGATGCCATTGTGTCGAATAATGACGAAGAGAGAACCATAAAGGTGCGTTACCGTGTCGATGGTGATGAAGGGCAGATTATTTTTTCTGATACGGGCGGGGGGATAAGCTCTCAGCTTTTGCCTCATAAAATTTTTGATGCTTATGTCACAACTAAAGGGGAGAATGGCTCAGGTATAGGAC
CP001968.1_gap87	3116238	3119849	3611	GTGAAGTTACGCTGCACCATAATATTTTCTGGTGCTCAGTGAGAACTATCTCTCCATCTTCGTAGACAGCTTTGTAAAAGTAGAGATGAACGCATCTTTCAGGGGAGTTGTGTATGATGTCGCCGATAAGGTTTCCGGGGCAGATATTGATGCTGAGTTCTTCTTTTATCTCTCTGACCAGAGCCTGTTCGTGTGTTTCCCCCGGCTCAATTTTACCGCCGGGAAATTCCCATTGGCTGCCCAGATGGGCATGTTCAGGTCTTTGGGCTATAAGGAATTTTCCGTTCTTCTCTATTACAGCAGCTACAACCTCTATGGTATTGATATGAGCACCTCACAAAAAAGCCGGCAAAACTTATTAAAGAATGCCGGCGTAGGTCTTTGTTTCGTTAATATTATTTGTTTACCCCAGAATCTCTATACCGGGGAGTTTGCCGAACTCGATATATTCAAGTGATGCACCGCCGCCTGTGGATATGTGATCGATACTGTTTGCTACCCCTGCCTGATTCACAGCTGCAACAGAATCTCCCCCTCCCACAACGACAGTTGCGCTTCCGGCTCCGAGTGCTCTGGCAATTGCGAACGTTCCTTTGGAGTAGTCTGGATTTTCGAAAACGCCCATCGGACCATTCCATAGAACTGTTTTGCATTTGTTCAGTTCGCCAACATAAAGGTCAGTAGTGTTCGGGCCTATGTCCAGTGCCATAAAACCGTCTGGTATGTTCACGTCAGCGCACTCTACAGGGGCACCGTTGAACTCTATAGACACAACATGGTCAACAGGGAGGAATATCTCAACCTGTTTCCTTTTCGCTGTTTCGAAAACATCTGCGACTATATCCATCTGATCATTCTCAACCATGGAATCGCCGATTGTCTTCCCCTGAAATTTCAGGAATGTATATGCCATTGCTCCGCCGATAAAAACTTTATCAGCAAGTTCCAGCAGTGACCTGATAACACCTATTTTGTCTGAGACCTTTGCTCCGCCAACAATAGCACCGAATGGTCTTGCGGGGTTTTGCTGAAGACCTTCGAAATACTTGATCTCTTTTTCCACAAGAAAGCCTGCTCCGCATTCTTTCATAAGTTCTGCCATGCCGTATGTGGATGCGTGTTTTCTGTGGCATGTTCCGAATGCGTCGTTAACATAAACATCTGCAAGGGACGCCAGCTCGGCGGCGAACTCCGGGAAGTTTTTTTCTTCACCTTTGTGGAAACGAAGGTTTTCAAGCAGGAGCACGTCACCATTTTCGAGTTTGGCAATTGCTTCCTTTGCTATTTCACCCACACAGTCTGAAGCAAATGCACACGGGAAAAATCCGTTACTGATATATTTAGCCACAGGCTCAAGGCTCATCTCAGGCACAACCTCACCCTTAGGTCTGCCCAGATGGGACGCAAGGATAACTTTTGCCCCTTCTCTGACAGCGTAACGTATAGTCTTAAGAGCTTCAGCAATGCGGGTATCATCTTTTACTATTCCGTCTTTAATCGGCACGTTGAAGTCCACACGGATAAAGAGCCTTTTGCCTTTTATGTTAAGTTCTTTGATACTTTTCGCCATATTTCTACATCACCTTTGTTACAAGTTCTGCAACTCTGTTCGAGTAGCCCCATTCATTGTCGTACCAGCTTATGACTTTCACAAGATTTCCGCCTATGACCTGAGTGAGCTGGGAGTCAAATGTTGATGACGCAGGGTTGCCGTTAAGGTCTATAGAGACAAGAGGCTCGTCTGTGTATGTCAGGTAACCTTTCATAGGTCCGCTCTCTGATGCTTTTTTAATAGCTGCGTTAACCTCCTCTTTTGTGACATCTTTCTCAAGGTTTACAGTGAGGTCAACAAGAGATACGTTCGGGGTGGGGACACGCACAGCATATCCGCTCAGTTTGCCCTTCATCTCAGGCAGGACGAGTCCAACGGCTTTCGCTGCGCCTGTTGATGTGGGGATCATGCTCATAGCACATGCTCTGGCACGTCGGAGGTCTTTATGGGGGAGGTCCAGTATTGACTGGTCGTTAGTGTAAGAGTGAACAGTTGTCATGATACCCTGCTTGATTCCGAATGTGTCGTGCAGAACTTTTGCTACCGGAGCCAGACAGTTTGTTGTACATGAGGCGTTTGAGATAACAGTGTGTTTGGACGGGTCATAATCTCCGTCATTCACGCCGAGCACAAGTGTGATATCTGAGTTTTCACCGGGGGCAGATATGATAACTTTCTTAGCACCGGCCTGGACATGCAGCATTGCCTGCTCATGTTTGCGGAAAATACCGGTTGATTCGATAATAACGTCAGCACCAAGCTCTCCCCATGGGAGGTTTGCCGGATTTTTCTCTGCTGTTATTCTGATCTTTTTTCCATTAACAATGATGCCGTCATCAGCAGCCTCCACATCAAAAGGAGCGATACCGTGAACAGAGTCATATTTTAAAAGGTGTGCGAGTGTTTTTGTGTCGGTAAGGTCATTTATACCTACGACCTCTGCATCAAGTCCGCGCTGGATTATGGCACGGAAGGTGCAGCGTCCTATACGTCCGAAACCGTTGATCCCAACTTTTACAGACATTACATTCCTCCTGAAAATATTTTTATCAGAAATCTATTATAGCTGTAAATCGGGCGGGTTTCTATTAAATCTTTACGACTCTTCAGGCGGAGGTGAGATTTTCAGGTTGGCTCTGAGCTCTTTGATCTCTTCTGTAACGGTTTTCAAGACTATTTTAAGGTCATTATCATTTACGACATTTTTCTTGTTAACTGTGTTTATGAGCCTTTCAAGCTGATAGACAGTCTTTTTGCTGAGTTCGCTATACTTCTCCTGCTGAGTCTCAAGGGCGTGTTGAAAATTTTTCAGTGCAGTTGCAGAGCGTATGAGCTTGTTTTTGGAGTCTCTAGCATCCTGTCGAAGTCTGACGAGTTCGCTTACGTTGTTGTCAGAAATAAGTTTTTCAAGTGCTCTGCTCATCTTTTTATTTCTGGAAAAGACCTCATCATAGTTTTTGCTCAGATCCATATAGGCACGTTTCAGTTCGCCAATTTCGTTCATCTTGTCCACTTCGGCTTTTTGGATGTGTTTAACTTTTTCTTTATATTTTTCGATATGTTCAAGGTTTTTATAATTTTCCGATACATCGATCATAAATTCACCTATTTCGTCCATCTCGCCTGTGTGAGAGTAGATAGGGAACATGTGGTGTTCGAAATGAAGATGTTCGTCGTTAAAGTCCAGCTCAATAGTCTGCCCGCCGGTCTCTTCTCCTGAAAGTATCTCAGCCATTCGGCAGAATTCGCATGGTTCTGTGCGCCCGTGGATGGCTTCATAGCATGTCTTATTAAGTATAGAGGGGATGTCAGATATCCCGATAAGGTTTGCTAGCTCTTTGTTGACATTAATTATTTCATAATAAGGAGAAATACTGAAAAGGGGCATCACAAGGCCATCGATGAGTTTAAGCATTTTCTGTCTGGATTTCCTGAGTATCTGTACAGATTCATTTGCTTCATCAAGGTCAGCCTGAAGCTCTTTCTCAAAACTTCTCATTCTGCCGTCAATGGATTTTGCCAGAGTGTTGAGTTTTCTGCGTTCTTTGTCGGTATTGAG
CP001968.1_gap88	3137693	3140876	3183	TTTCTACAGGCAGTCAGGCGCTATCCCCTACAGGGTCAAAAATGGAGAACTTCAGGTTCTTCTTATTACCAGCAGAAAGAGTAGGAAATGGATAATCCCCAAAGGTGTTGTGGAACCATATATGACACCGCAGGAATCCGCAGCTCAGGAAGCATACGAAGAGGCGGGTGTTTTCGGCAGAGTGTGGGACGAGCCTGTAGGGGTTTACGAGGTTGAAAAATGGGGCGGGCTGTGCACTGTGACTGTTTTCCCTATGCTGGTGACTAAAGTTTATGAAGACTGGATGGAAGGAAACTTCCGCAAACGTAAGTGGTTTAAAGCTGAAAAGGCAATTGACGCAGCCGGAAAGCAAAAGCTGAGAGCTCTGATAAAGAAATTCGTAAAAGAGTTCAGTGTTAAAATATAGGGAACATCATTCTTGTGTTTAGCCGAGTAGAGAAAGCCATAGCACAGAGCATGGTTCTATCCCATGTGGCTGTCGAGCTGAAATCTGTCGTGGGTAAGTGAATTAAAGTATAACAGATCAAAGTCCTTCTCTTTTGTACTTAAAAAGCCTTTCAGTTCGTGAAGAGTGTTGAATTGCCTGTCAAACATGTACTGTTCGAGCTCTTCGAGGCAGGTACGGATTATCTCCGGTCCGTTTTTGTAAATACTGGAAACCATTTGTACAGCACCCGCGCCTGCGATTATGTGCTGGATGATCTCTCTTGATGTGTGTATTCCCGTATTGCCGCATATTTCAATATCAACCTGTTCGGAAACAAGATGCACCCACCGCAGAACCTTAAATGTCTCTTCAGGTGAACTGTAGTAGCTCGCAGGTTCGCACTCAAAAGTATTTGTGTTTATGCCAAGTTCAAAAAGTCTTGAGAATAGTGTGACCCCTTTTGCCCCTTCTTCTTTCAGCATTTTAACAAGGTATGGAATCGAGCAGCAGTAAGGGGAAAGTTTGACAGAGAAAGGCAGGTCTGTGGTGTTTTTGACCGTATGTATTATCTGGAGCGTATCTTTATATATATCAGCAGGGGACTTTGCGCCGTGCAGAGAGAGCATGTTGATGTTCAGCTCAAGTGCGTCAGCTCCGGCGTTGGCGATTCTCTCCGGATACGTTTTCCACCATGCAGCTTTTTCGCAGCAGATGCTTGCTATTACGGGGATGTCAGTTGCCAGCTTTGCATCACGGATCAGCTGCAGGTATTCGGATATACCGTAAAGCATGCCTGCATCGCTCATGTCGTAGTAGTAGGCTTCGGGGTGGTAGTTGCAGCACTGAGCGGAGTCTTTCAGGTTTCGCACTTCCTGTTCAAAGAGTGACTTGAGCACCACTGCCGCTGCACCGTTGTCTGCCAAGGCTTTTATCTTCTCCGGAGTGTCTGTGAGAGTACTGCTCCCTACGATGACGGGATTTTTAAGTGTCAGCCCCATAAAGCTGGTTCGGATATCAGACATGGCAGTCCCCCTTACTCTGTGTTCTGCGAGTGTTGAAACATATTAGCTCCATTAGAAAATATAATACATAACAAAACAATACTGTGCAATGCAAAAATAGCCTGAGTTGACACAGTGTTTTATTATTGCTTGAACTTCTTTCCCGTTTTGTTAATAATAAAACATGTGTTCTGGTTGTTAATCGTTTTGTATAAGTAGTTTATATGCGGGCATGTGCTGGTGTGCTTCATAATATTGATGAATTAACTTAACTGTTATTTTCAATAAGGTTTATTCATAGTTACAAGATTAATGTTTAATTACAAAACGTATTGATCGTGAGTTCATTATATATATTAATAACAAAGACAATTATAGTGTTTTTATATCCTTCTGTGTAGCAGACGGTTTCTTATTTTTGCTGTGACTATTGGATAACTTAATCAGATCAATGTATATAAATAATGTATGATCGGTAATAAAAAAAAGCCGTAAAGAAAGGAATGTGAAATGGTGTATTTCGTAAATCAGTATCAGAGCTAAACCAGCCTTAGATAAAGCTTTAGGAGCGATTAACTGCAAAAGTTCACAGCTTCGACTGTCCAAGAGCAAAACCACTTACTTTAGGCATAGAATTTTATGAATAGGCAGTCTCACTGGATATTTTTTCTCCGTCATGCTATATTTTATGTATGAAATATCATGACAGAGAAATATTTGTTTTTGGTGAGGTGCTCTTTGACATATTCGATGGTGAGCGCAAACTCGGCGGAGCACCGTTCAACGTAGCTTATAATCTTCATATGCAAGGTCTTTTACCAAGGTTCATCTCCCGGGTGGGTGCAGATGAGCTGGGCAGTGATATCTTAAACTTTCTTAAAAGAAACGAAATGGCAGCAAACCTTGTGGGGGTGGACGACAGCCTTGACACAGGGCAGGTAATCGTTTCACTGAATGAAGGCGAGCCATCCTACGACATACGCAGGGATGTTGCCTATGATCACATCGAATGTGACGGGGTAGATTTCGCGGATACCTTTGTATATTACGGAACCCTTGCCAGCAGAAGCGAAAAGTCCCGCAACACCCTTTTTAACATCCTTAACTCAAAAGGTGTCAGGACATTTTATGATGTTAACCTTCGCAATGATAACTGGAGCATAGGGCTTGTTCGAGAACTGGCACATTATGCCGACAGTATAAAGCTGAATATCGATGAATTGAATATTGTCGCCGGTGCTGTCTGCCCCAACGAAACCACAGAGGGGAAGTGCAGAGGACTGATGAAAGCGTTTGACATCAGCGAAGTTTATGTAACCTGCGGTTCAGAAGGTGCTCTTCTCGTTGACAGAAATGGCATGATACTCAGTGAAGAATATCCTGTGAAGCACCTGAAAGATACTGTGGGAGCCGGCGATGCGTTCAGCTCTGTAATAATAAAGGCTATACTGAGCGGACAGGACAGGCTGACAGCTTTAAATACTGCGGCATATTATGCAGCACGTATATGTTCACTGCATGGTGCATTGACGGAAAATAAAGAATTTTATTCAGGTATAAAGGAGGATATAGATGCTGTCTTCAAAAAATGATGGGCTTTATGTAATGCTGATAAGTGTGCACGGGCTTATCAGGTGGGAAGAACCGGAGCTTGGGCGTGATTCCGACACGGGCGGGCAGGTCAAATATGTTCTGGAGCTGCTGGATAATCTTGCCAAGCATGAAAAAGTTGAAAGGGCAGAGCTGATCACCAGG
CP001968.1_gap89	3162444	3165050	2606	CATCTCCGTAACCCTTACGCAAAGCTTCCACCACTGTTCCGGCTATTATTCTTACCATGTTGTGCAGAAACCCGTTACCGTTTATCTCTATGCAGATAACCTTGTCTTCCCTGTAGCATCTTATGTTGTTGATTCTTCTGACATTGTTCTCACGCAGGCTCGTTTGTACGCAGAATGAAGTGAAGTCGTGTTCGCCTTCGAAATATTTCAGCAGTTCACACATCCTTTTATAGTTAAGCTCGTCTTTAACCCACCATGTCCGCCCCGCAAGCATTGCAGAACGCACCCTCGAAGGAAAAATCCTGTACAGGTAAGTTTTGCTGACAGCGTTAAGCTGGGCGTGAAAATCTTCAGGGACGTCTTCAACAGAACTGATAGAAATATCTTCCGGCAGCATACTGTTAAGTCCCATGTGGACATTTTCAGGGGGGATATATCTTTCGGTTCTGAAGTTTGCGACCTGTCCCAGTGCGTGCACACCGGAATCTGTTCTGCCGGAGCCTATCACTGTAACTTTGGTTTTATACATTTTGCTCAGTGCCTTATGGAGTTCTTCCTGTACGGTGCGTCCGTTCGGCTGAACCTGCCATCCGGCAAAGTCTGTGCCGACGTATTCTACTATTAGCTTTTTATTATACAGCATAGACTATCACGCAAGCGACAGATAAAAGCGCTGCCAGCCCTTCGGCGGTTCTGATGCGGGGGAGTGGGGGAGTGTCGTATTTGCCGGCAAGTACATCATCGGCAACAACAGCAGATTGATGTGTGACCCCTTCTGCCACGGGTTTTATGTATAGTTCAGGTTTCAGCAGGGCTTTGAACGGCATGTTTCTGTACTCAGGCATATTTTTAATGTGTCTGGCTGTGTCTCGTGACTGGGCAATGAAGACAGGTATGAATTCCATAGCAACCATGAGGACAGTTTTCAGGTTAATGGCATGTTTCCCCCGAAAAGGGTACATTATTACCGCCACCAGTGTTTTCGGGTCTGTTGTCAGAGTCAGGAGTATTGAGAACATAATTATCAGTGCAAACCTGTAAGTGAGACTGATAGAAAGTTCCACCCCGCCGCCAAAAATAAGGTTTATGAGAAAAGTTGATATAAGTATAAGCGCAAAAGGTTTAACTTTCTTTATAATCTGCTTTGTATCAGCTTTAGTCAGGGCAGCAATCCCAAAAAATAAAAAAGTAAAAAACAAATAAGAGATGAAATCGGCGGAGACCGCAGCTCCCTGTATTACAGCCAGGAAGATAACCAGTCTGACAGCGGGATGTATCTGTTGTATATAATGCCCCGCAGGGGCGTATCCGCCGCCGTCCATATCAGGCTTACGCCTCTTTATTGTTTTCTTCGCTCTCTGTGAGTTTTTTCTTATCTTCTTCCGGTGTGATGTCTACTGCTTCTTCTGCGTCTTTTGCCGCTTTTTTAAAGTTCTTGATAGCTTTGCCCATTCCCTCGCCAATCTGCGGGAGTTTGCCTGCACCGAAGAGTACAACAGCTATAAGAAGAATAATGATGATTTCCTGTGATCCAAGACCAAACATGGTAACCTCCGTAAGCTATCCTGAGACAGCTTGATTTACTACTTAAATATATGCAAATCCAGAATTATTCAATAAGAATTTCTTTAAGGATTTTTACGTCTGCTAAAATACCATGCAGCAAAGAGAAAAACAGCCAGCCAGCCGTATCCTCCGGTTGCAAAAAGTGTTAAGCCTTTATGAGTTGTGACATTACAGTCAAGGCTGTTTTTTACTCCGAGAGGGATCATCCCGTTTATTTTTCCGGAAGGGTCAATACATGCGGAAATTCCTGATTGAGCCGCTCTGAGAAGAGGCTTGCGAAATTCCACAGCACGCATAACATCAGCCGCAAGGTGCTGATATGGTCCGGTAGTATCTCCGAACCAGCTGTCATTAGTGACCACTGTTATAATATCCGCACCCAGCATCACCTGGTCACGCACCAGATGGCTGTACATGCTTTCGTAGCATATCATAGGAGCCGCTGTGAATTTGTCAGCAACAAAGACAGTCGGCTCACTGCCGGGAGTGAAATCTTCCGCTCCCTGAAAAAAGTAAAAGTCAATTGGCTTGAAAAGTGTTTTCAGAGGAAAATACTCCCCGAAAGGTACAAGGTGAAGTTTGTCGTATACGCTCACATTGTTTTTATCGAAGAAGAACACGCTGTTTTTGTATGAGCGTTTTTCATCCTTTTCTGTGAATCTCATACCGCCTGCTATTACAGGGGTTTGCTCCCCTGCTATGTCGAGCATCTGATATCCTGCGAAGCTTTCGTTGAGGAAAGCAGGATAAACAGTTTCCGGCAGTAAGATCATGTCAAGCTTTTCCGTCTGCGGCTGCCTCAGCAGACCGTTTACGACAGCCATATGATCATATTTCTTTTCGGGGATCCACTTTTCCGCCTGAGAGTATGCGGGCTGTATAACCCTGACTTTCAGGTTGCTGCCTGCATAATCTCTATTTTGCACAGTATATCCATATATAAGTGAAGCCAAAGTAAAGATTATGGCAAATATTACAGATTGCCTGTTTTTATCTGTTACTGCTGATGCAAGTGATACATTCATATAGGAAATTATTAA
CP001968.1_gap90	3178858	3182527	3669	TGTCTGGCGACAATCCTGTCAACGGAGACGCCTTTATTTCGTCCAGCCTCGGTGACGCCACCGGGCTGATATATAACATTACATCAGATTCCGCTTCCCATGATATCGCATCTAAGATATACAACGGGCTTGTGGAATATGACAAAGACATTAATATCGTAGGGGATCTTGCTGAAAGCTGGGATATAACAGACGAAGGCAAAACGATAGTCTTTCATCTGCGGAAAGATGTACGCTGGCATGATGGCGAGCCTTTCACTGCGGACGATGTCGAGTTTACCTATAAGTTTATGATAGATGATAAGACACCGACATCATACGATGCGGATTTCCGTCTGGTCAAAAGCTTTGAGGTATTAGACAAGTATACTGTCAGAATTGAGTACGGCGAAGCTTATGCTCCTGCTCTGATAAGCTGGAGTATGCCGGTTCTTCCGAAGCATCTGCTCGAAGGTGTTGATGTTACAAAGTCCCCCCTTCTCAGAGAACCTGTCGGAACAGGTCCATATAAGTTTAAAGAGTGGAAAGCCGGAGAATCCATTACGCTTGAAGCTAATGAAGACTATTTCAAAGGACGCCCTTACCTTGACCGTTTTGTTATGCGTGTTATCCCTGACAGCGCCACAACGTTTCTGGAACTTTTAGACGGTGCAATAGACATGACAGGTCTTACACCTCTTCAATGGACCAGGCAGACCGATGCTAATAAACAATTTACAGAACAATACGATAAGTATGATTATCTGAGTTTCGGGTATACATATGTTGCGTATAATGAACTGAAAAAACCTTTTGATGATAAGCGAGTGCGGCAGGCTCTGACTTATGCCACACCAAAAGCGGATATTATTAAAGGTATTCTCTTTGATCTGGGTATCCCTGCCCACGGCCCCTACAAGCCCGGTACTATCTGGTACAATGATAATGTTAAAAAATATGACTATAACCCTGAAAAAGCACTGGAACTGTTAGCCGAAGCTGGTTACACAGACAGCGACAGTGACGGTTTTCTGGATAAAGATGGTAAAAGATTTGAGTTCGAACTGATAACAAATCAGGGTAACTCTGTCCGCACTAAAATATGCGAAACCCTTCAGCAGAGCTGGGAAAAAATAGGGATAAAGGTTAGCATCAGAGTTCTCGAGTGGGCAACATTTATCAATGAATATGTTGATAAACAGAAGTTTGACGCACTTGTTCTCGGATGGAATATAACAAATGACCCCGACCTCTACGATGTCTGGTATTCGGGCAACTGCGGGGCGCGTAAACTGAATTTCATCTGCTATAAAAATGAAGAGCTGGACAGGCTTCTTATCGAAGGGCGCAAAGTCTTCGACCCTGAAAAGCGTAAAGAGTATTACCATAAAGCGCAGGAGATACTTGCAGAAGATCAGCCGTATACTTTTCTTTATGTACCGTATTCTCTTGTAGCAATTTCCAAACGCTTTGAGAACGTATATACAGCACCTGCCGGACTGACACATAATCAGGACAAATGGTGGGTGAAAAAGGGAAATCAGAAATATCATTTTGAAAGGTAAGCTATGCTTGCTTTTATACTGAGAAGAATTGCGGGAATGATACCACTGCTGATAGGTATCACAATTATATGTTTTGCTGTGATACATCTGGCACCGGGAGATCCGGCGCAATTCCTTTCGTCCATGAACCCAAAATTTTCTGAATCAGCCTATGAGAAATTTGAAAAGATGTACGGACTGGACAAGCCTCTGCCAGTGAGATATCTAGACTGGGTTAAGCGTGTTGCTGTACTTGATTTCGGCGAGTCTTTTGCCCCTGACGGCAGGTCGGTAATGGATAAGGTAGGCGAACGGATGCCAGTTACTATCTATCTAAACATTGCAGGGCTGGTTCTCATCTTTATCGTGGCTCTCCCGCTGGGAGTGCTTTCTGCGTACTGGCATAACACATTCTTTGATAAGTCTGTAACTGTCTTTGTATTTGCAGGGTTTGCCGTGCCAACATTCTGGCTGGCTCTCATCTGTATGTACTACTTTGGCGTAGTAAAAGGATGGCTTCCTATATCCGGACTGAAATCATATAACTATGAGCAATTTTCGACGATGGGAAAGGTATGGGATGTCCTTCATCATGCTTTTCTTCCTGTTGTTTTATCTGTTTTCGGCGGTCTTGCAGGGCTTTCCCGTTTCGCACGCAACTCTATGATGGAGGTGCTTGGCGAGGAATATATTATTAGTGCACGCGCCAGAGGCATTACAGAAGGTAAAGTTATCTTCAAACACGCACTAAAAAATGCCATGCTGCCGGTTGTTACTATACTGGGGCTTTCAATACCAGGACTTATAGGCGGAAGTGTTATATTCGAATCTATCTTCAGTATTCCAGGCATGGGGCAACTGTTTTATCAGTCTGTTATGTCCAGAGACTATCCTGTTGTTATGGGGGTTCTGGTGCTTGGTGCAGTATTGACCCTTATAGGCAATCTTGTCGCAGACATAAGCTACGGCATGGTAGACCCGAGGATCAGATATGGTAAGAAGTAAAATTTTTAGTAAGGTTAACGGAAATATCCTATTTTATTCAGGTATGGTTATAGTCGTTATCTTCTTTCTGGTGGCGATATTTGCACCTTACATCGCAACATACGACCCTACTCACATAGACTTTGACTCAGTTTTTCTGCCCCCCTCAGCAGAGCACTACTTCGGGACAGATGACTTGGGGCGTGATGTCTATAGCCGTGTGGTTTACGGGAGCCGTATATCTTTGTTCGTCGGCTTTGTAGCTGTAGGGATATCCCTTGCTATCGGTGTTTTGCTTGGTCTGGTTGCAGGGTACTTTGGCGGTTTTGCTGATGCAATTATCATGCGGTTCGTTGATATAATGCTCTGTTTTCCGGCTTTTTTTCTGATTCTTGCTGTTATCGCTTTTCTGAGCCCATCCATGTTTAACGTTATGGCCATCATAGGTCTGACTGGCTGGATGGGTGTTACGAGGCTTGTTCGTGCTGAGGTGCTAAGTGTTAAGACAAGGGATTACATCGTCTCAGCCCGTGTGCAGGGGCTTCCTGTATGGCTGATAATGAGCAAGCACATCCTGCCGAACGTCATAACTCCAATATTTGTCACTGCAACTCTGGGTGTTGCCGGTGCAATTCTCACAGAATCATCACTGAGTTTTCTTGGGCTTGGCGTTCAGCCGCCAACACCTTCATGGGGTAATATACTCACCGCCGGTAAAGATAATATCATGTTTGCATGGTGGCTTTCATTTTTCCCCGGTATTGCGATATTTATAACTGTATTGGGTTATAACCTGCTTGGAGAAGGTCTTCGGGACATTCTTGACCCGAAACACTAAGTCTACAGCGGCGGCAGTATAGTTAGTATGTCGCTAGGTTCCATATCTATATGCAGACATCTTGCAAGTGCATCTTCTAATGAAAGGTTATACCCGGCTCTTATGTCGGAAATGGTATTTGCGAGGAACAGAGCCTCAATGCAGGGGCGCATTTCGTCTGTTGCCAGCTCAGGCTCATGATGATAAAGAGCTGCTTCGACAGAGTATTGATTAAAGTTCCAACAGCTAAGAAAGTAGGCTCCGATCTCAGAATGCTTAAGGGATATATTTCCTGTCTCCAGCTCGCAGGTGTAGTAGTCTGTGTTGGGGTTATCATTGCGGTAT
CP001968.1_gap91	3203188	3206717	3529	TACTCCGGAGCACTTCCTTACGGCAGTCTTCGACTCCGGCGGATATTCAGCGACATACCACGAATCAGCAGATACAAAGCTTATGAGCAGTATGTTATGAAGATGTTTCACTCTATGGAAGGCGGGATGTCAAAGGACACCAGACTGAAGCACTTTATCAGTGCGGGCAGTTCTCTGAATATTCTGCTGAGCATCTTCAGACCTGTTAAGAATGAACTCAAGAGATCCGACCTTGAAAAGCTCTATGAAAAGATTAAACAGATGCCGAGAGACACTATTATGACAAGCCTGAATATCAGGAAAGATGAGGCGTCTGTGCTGCTGCCGACCCTTGTTACATATCTGAAGCTTATGGACTATGCCGGGACTGATACTGTGAAGTTTACGAGGCAGTCGTTCCCTCATACTCTGAGCCTTTATTATTCCGGTAATATAAGAGACAGAGGGTTTGTGAATCGTGTGCGCAGCACTATCCTCGGTATAGGCAGAAGGTATAATATGGACGAGAAACATGCGGAGACAACTGTGCGTTTCTCGATGAAGCTGTTCGAAAAACTAAGACCTCTGCACTCCCTCGGACGAAGGGAGAAGCTTATGTTGGAGGCTGCGTCTATACTCAGTGATGTCGGCAATTATATAGGCTCCAGAAACCACAACAAGCATTCGTACTACCTTGTGCAGTCCATAGAAATCCCCGGGCTGGACAGGCAGTTTGTCAAGATTGTTTCTTATCTTGCCCTGATGCATAACGGTGATGTTGAGCACTGGTTTGAGAATAAGTATAATTATTTTCCTATGGAGAAAAGACTTCTTATCAAAAAGCTCGTGAGCATTCTGCGTGTTTCTGATGCTATGGATGCCTCGCATATGAACCTTATCACAGACTTTGATGTTGATATACTTCAGGGGAAAATTGTTATAAGGGCGAAATGTAAAAAGACACCATTTCTGGAAAAATTATCGTTCGAGGAGAAAGGACGTATTTTTATGGATACATTCGGTATCCCCATCGAGCTTGAAACAAGAATACTATACGATTAAAAATAAGCGGAAAAGGTAATATACATGAGTGAACAGACCCCTTTTATCAACAGGGAACTGAGCTGGCTTGAATTTAACAGAAGAGTCCTTATGGAAGCGGTTGATCCGGATGTTCCGCTCCTTGAAAAGCTGAAGTTTCTTGCTATATTTTCGTCTAATCTGGACGAGTTTTTTATGATACGTGTTGGCGGGCTTAAAGATCAGCATGATGCCGGATACCGGAAAACGGACATAGCCGGAATGACGCCGGCAGAACAACTGGAAAAGATCAGTGCAAAGGCTCATGAGTTGACCCATCTCCGGCAGGGGATTTTTGTTCAGGTGAAGTCTGACCTTGAAAAGAAGGGGATTGTGATAGCACCGGAAGTTGATCCTGAGCTGGATGAGATAACCGAGGCTATTTTTAACGAAGAGATTTATCCTGTTATATCGCCGGTGACGCTGTCTTCCGCTAACCCTATGCCTTTTATATATAATTTCCGCCTGTCAGTTTATGCCGTACTGAAGAAAGGTGGGGAGATTTATCACTCGATAATAATTCTGCCTGAAAGTATGCAGCGTATTTTTCGTGTGAAGCTCGAGAAAACTTATTATATCTTCGCTGAAGATGTTCTGAAGAGATATCTGCCCCTTGTTTTCCCTGACTATGAGATTGTTGACAGCTACTGTCTGCGTGTAACCCGTAACGCCGATTTGTCCCTTGAAGAGGAGGGCGCAGAAGACCTCCTTGTTTCAATCAAAAAGTACCTGAAAACAAGGCGTAAGGGCGGAATATGCCGGCTGGAAGTTGACGGAAGACTCCCTTCGGATATTCTGGATAAGATGGCGGAGCTCATGCAGTTTGAAAAAGATGATGTGTATGTGATTGATGACGTAATAGATATGACATCTCTTTTTGGGATTACTGCTGAAAAGCCTGAACTGTGTTATCCGCCTTTCAAGAGCAAACTGCCGGAAGGCTTTGATGAGAAAACGGATATTTTTGAATTTATAAAACAGAAAGACGTAATAATGTATCGTCCGTATCACGACTTCTCTTTTATCTCACGTCTGGTTGCGAAGGCAAGTACAGATTCGTCTGTGGTTTCAATAAAGATGACGATCTATAGAGCGAACAAAAACTCGACGATTATGGAAAACCTTATGAAAGCGGCTCGGAACGGTAAACACGTCAGTGTTGTGATAGAGCTTAAAGCAAGGTTTGATGAAGCTCGTAATGTCGATTGGGCAGCGATGCTGGAAGAGGCCGGCTGCATAGTGACATACGGCATAGTCGGTTTGAAGATACACTCTAAGAACCTGCTTATCGTCCGCAAAGAGAAGGGGAGGATCGTCCGGTATTCTCACATGTCCACAGGGAATTTTAATGAAATGACAGCAGGAATATATACTGATGTGGATTATGTGACCGCAGACGAAGAGGTGGGGCGTGACTCCGCCGCGCTTTTCAACTTTCTGATGGGGTATACAGAGATAGCGAACTGGAAGCATTTTTACTTGGCTCCCAGATCTATTAAGTCAAAACTGCTGGAGCTTATAGACGAAGAGATATCCCACGCGAAAGCGGGGAAGAAAGCACGCATAATAGTGAAAGTGAATTCCATAATGGAAAAGATGCTTGTGGACAAGATCATTGAGGCATCACAGGCGGGAGTGAATATTGACCTTATAGTGAGGGGGATATGTGCAATACAGCCGGGGCTGCAAGGTCTTACGGAGAATGTCACTGTCCGCAGTATCGTAGGTCGGTTTCTTGAGCATCCGCGAATAATGTATTTTTATGCAGACGGGCAGGAACGTATATTCTTTTCCACCGCAGACTGGATGGAAAGAAATATGGACAGACGTGTTGAGCTCCTTTTCGAAGTTTCTATACAGCACGGCAAGGATTTTCTGAAAGAGATTCTGGACGAAAATTTAAAAGATAATCAAAAAGCATGGGTTCAGAAAGGCGTGGAATATAAGAAAGTTAAAGCGAACAGCAATAAATTTAATCATCAGGAGTACAGAGCATATAATATTTGATGTTGACATTCAATATCGATAAGTTATATTGAGACTTAAGAAGTCTTGAAAAGAAAGTGAGGTGCTCCGATGACAAAGTTATGCGGCGGCAAAGCCGAAAAAAAACAGAAACGCTTCACATGCAGCAAATGCGGAGCGACCGCTAATAAAAAAGATAATTTATGCAGACCTGTTAAGTAGGTTTCAGGTTTGAACAGAAAGATTATATAAACGAATTAACCTCCACAAAAAGTAACAAGATTTATGCCCGCTGTGTTTACCCCGCACAGCGGGTTTTTTCTTTGCAGGGTAACTGGTTTATTCGCTCTTCTTCTTAAGTAGAAGTTGATTTATCCTCTGAATTAGTTCATATTTTTAAAACAAATCTAACTGGAAGGCTTAAATGCTGGCAAAAAGAATCATTCCCTGTCTGGACGTGAAAGACGGAAGGGTTGTTAAGGGAACAAATTTTGTAAATTTACGT
CP001968.1_gap92	3220486	3221369	883	TTCATTTAAAGGGCTGGATGCACAGAAGCAGGCTCTTGAATTTGGTGTCCGTTTTGCCGGATGCACAGTTCATTTTGTGGATGAAGAGATGGATAACGGCTCTATAATTCTTCAGGCTGTGGTGCCTGTGGAGCAGACCGACACAGATGATGATCTGTCTGCCAGAATACTGGAGCAGGAACATAAGATATATCCCGAAGCGGTAAGGCTCTTTTGTGCCGATAAGCTTCGGACAGAAGGCAGAAGAGTCTTCATAAACTGAGGTAAAATGATGAGAAAAGCGGCTATTTTGTTAATATCTTTTTTAATAGCGGTGTCCGCTTTCGCCGGAGGAAAATCAGTGCTTGATAACGGTGTAAGGTTTATAGAGATCAACAGGGATTATACCGAGACTTTGTCTGTGGTATTTTTTGTCCGTGGCGGAACAGTCAGGGAAACTCCGGTAAATAACGGTGTAGGCTCACTTTTCAGCTCTGTATGGGTGAAATCAAGTGACCTTCTGAAAGAGATAGAATTCTATGGCGGCGGGGTCTATTCCTCTGTGGGAACAGATTTTGTAGAAACCACTTTCTCTATCCCTGCTGAGTTTTTTGACAAGCTTATAGATGACTATGAGAAATTTGTCACTGAACCTAAAATTGATAAAAAAATATTTGAAAACGATAAAACCCTTCAGAAAGAAGGGATTAAAGCGGCAGAAGATAATCCGGACTCACGCTCTTTTAAAGGATTTATGGCTGCAACTTATAACAAACACCCTTACGGCATGAACTCCGAGGGGACGCTTGAAAGTGTGGACAAGATAACAGCGGAAGACCTCGAAAGATACGGAAAGGAACTTTTGCAAGGTACTAATATCACTGTTGCGGTGGCGGGTAAATAT
