gap_id	start	end	length	sequence
CP006914.1_gap1	2046	3853	1807	ACTGAACCTTCAGTTACTGGCTACACCACAACTTACAATAACTGTGTTGATGTAAACGTTCCCGCCGGTGGTACTGCAACCTGTACCATTACAAACGACGATCAACAAGCCTACATCATCGTTGATAAAACGGTAACAAACAACAACGGTGGTTCAGCAGTAGCTGACGACTTTGATCTTACAGTTGATGGTAATCTCGTATTGGACGGAGTTGCCTATGCAGTTAATCCGGGTGCACACACTGCCGGTGAAACCAATCTTCCTGGATATACACAAGGAACCTGGGGTGGAGACTGCGATGTTAATGCAGGTGTCACCGTAGCTTTAGGTGAAACAAAGACCTGTACCATTACAAACGACGATCAACAAGCCTACATCATCGTTGATAAAACGGTAACAAACAACAACGGTGGTTCAGCAGTAGCTGACGACTTTGATCTTACAGTTGATGGTAATCTCGTATTGGACGGAGTTGCCTATGCAGTTAATCCGGGTGCACACACTGCCGGTGAAACCAATCTTCCTGGATATACACAAGGAACCTGGGGTGGAGACTGCGATGTTAATGCAGGTGTCACCGTAGCTTTAGGTGAAACAAAGACCTGTACCATTACAAACGACGATCAACCCGCTTCCGTACAAGGTGGAAAATACAACGATATCAACGGAAACGGAAATTTCGATGAAAACGAAGTAAATGATGATAACAGACTAGATGGTTGGACCATTAATCTTTATGATGACGAATGGACTTTACTCAAATCAATGGTTACCGGGAATGGTTCAACTCCTGCAGGTCCTGTAGAAAAAGGACAATTCAAATTTATAGGGCTCTCAGTCGGAGAGTATTATGTTTGTGAAGTGCAAAATTCTTTGTGGACACAGACAGAACCAAATGCTGACACAGGGTTTCTTTCTCAGACTTTGCAAAGTTACTGTCATGAAATAGAGCTTTCCCTGGGTCAAAATCTGGAAGGTATTCAATTCGGGAACTTCGATAACAAAACAATTACAGGATACAAATTCTCGGATCTGGATGGGAATGGGAGCCGCGACGAAGGGGACGACCCTATAGAAGGATGGGAAATAACATTATGCAGGTACGACCCTTTAGTTAGCGAAGATGAACTATTGGAAGCTTATATAGACGAATCTTGCTTAATTGTAGAAACAACTAGTACTGACGAAAATGGGAGATACGAGTTTACCGGGCTAGGTCCCGGAACCTACAAAATTTCAGAAGAGCAGAGGAGTTACTTTAACGTGATATCCCCTGCAAGCGGTGAATACGATAACATAGATATAAATTCTCTCCGAGAATCTTACGACTTCTATAATCAACCAGTATTACCGGAACTGACAATATCTAAGACCAACAATAGTAATTCTCCTCAAAGCCCCGGGGATTCTGTCGGGTTCATAATAGTAGTGAACGTGCTGGGTTCCAATGTAGATGATGTGATAGTGACTGATTTGCTCTCGGACGGCTTCAAGTATAGATCGGGCTCTTGGGAAGTTGTTTCAGATTTCGACGGTCCTGTTGCAACGCTCGAACCTACATATGCCTCTCCAGGTAAGTGGTTTTTAGGGGATATGAAGGAAGGCGATACCTACACTCTCACATATATAGCGGATATCCAAAGCGATGTGGACGCAGGTACATATAAAGATCTTGCGTGGGTAAAAGGCACCGACTTTTGGGAAGGTAACGTGTTGGGGCAGGCTGTTGAACCCGGTGTGGTAAATACGGCATTCGTTGGTACAGCCGTGGAGGTTGTGACTCCGAATCCTGACCCGGAAGCCGAAG
CP006914.1_gap2	70713	73958	3245	GAGCAAAAGGTATAAAAATAAGATTGTCGGGAGTTTTGAGCGGAAGTAACACAATAGCTAGGTCCGAGCAGTACACATTAGGTTCCATTCCTCTGCAAACGTTAAGAGCAGACATCGATTATGCTCAAATTGACTGTCACTTACTTTACGGGACTATTGGCATCAAAGTATGGATTTATAAAGGTGAGAAGACAATTTAACTATGTTGATGCCGAAGAAAGTAAAATTTAGGAAACAGCAAAGAGGTAATAACAAAGGTATTGCCGTGAGAGGTTCGAAGATTGTTTACGGCGATTATGCAATAAAAGCGGCAGACAGGGGACTTTTGACCTCAAGACAAATAGAGGCCGCCAGAAAGGCTGTCATGCACGAAACAAAAAGAGGCGGCAAGCTGTGGATCAGAGTTTTTCCCGACAAACCTGTTGTTGCAAAGCCTGCAGAAACAAGGATGGGTAGTGGAAAAGCCAACACCGATCATTATTCGGCAGTCATTAAGCCGGGAAAAGTAGTGTTTGAAATCGGCGGTGTGACCAGGGAACTTGCTAAGCATGCTTTTAAAAAAGCCGCGGCCAAACTTCCTATTAAAATGAGGTTCGTGTCTAAGGAATAAATATATGAACGCCAAAGAACTAAGACAAAAAAATGATCAGGAACTTTTGGATTCAAAGAAGAATCTGGAAAAAGAAATAAGGGAAGTATCGCTTAACACTTTACAGGGTAAGGAGAAAAATGTTAAAAAGGCAGGGTTGCTCAGAAGAGACTTGTCCAGAATCCTTACTGTTATAAACGAGAAGAAAATTTTGAGCTCCGAAAAGGTCGGAGATTAACATGACAGAAAAAATAACAAGCGCAAGAAGAATAAAAGGAAAAGTCGTTTCTACTAAGATGCAGAAAACTGTGGTGGTAAAAATAGATATTTCCACGAGACACCCTTTGTACAGCAAACCTGTGAAGACAAATAAGAGATTAAAAGCCAGAGATGAAATAGGAGTGCCCGTAGGTGCGGAAGTAATAGTTGAGGAATGCGCACCGTTCAGTAAAGAGGTCACCTGGAGAGTTGTGGAAGTAGTAAAAGGATCGGAGGGAAAATAGAATGCTTCAGATCGGTACCACAGTTAATTTGGCGGATAATTCGGGAGCCAGGAGATTAAAAATAATCGGCATTCCGGGTTCCAGGAAAACCGTTGCAAAAATAGGCGACCTGGTCACCGCAGTGGTAAAAGGTGCCGATTCCGCAGGTACGGTTAAAGATCACACAGTTGTTAAAGCCATAGTTGTGAGAACCAAAAAAGAGGTAAGAAGAAAAGACGGTAGCTATATACGATTTGATGACAACGCGGCCGTCGTCGTTGATAAAGACAGAAATTTGATAGGCACCCGCATCTTCGGTCCTATCGCCAGGGAGATCAGAGATAGGGGACTTTTGAAGATAGTATCTTTGGCAAAAGAGGTTTGGTAAAAATATGAAAGTTAAAAAAGACGACAAAGTAAAAATAATAGCAGGAAAAGATAAAGGCAAAACCGGCAAAGTGCTGAAGGTGTTTCCTGCAAAAGGAAAAGTTATTGTTGAAGGCGTGAACATTATAAAGAAACACGTAAAGCCCGGTAAGGTCTCAAAAGAGGGCGGAATAATAAGTATGGAGAAACCGGTCAATATCTCGAACGTAATGTTGGTCGACCAAAAGTCGGGAAATCCGATAAGGATCGGATACAAGATCATAGATGGGAAGAAGTACAGAATAAATAAAAAGTCAGGCGAGGTTATTGAACTTAAGAAATAAATATGAACAGACTTAGAGAAAAATATATTAAAGAAATAGCACCAAAAATGATGAAGGAACTAAAACTTTCTAACGTCATGGCTTTGCCCAGGATATTAAAAGTTTCTATAAATTCCGGCGTCGGTCCTTTCAGAGAGAACAGAGAGGCTTTGGATTCTTTTGTCGAGGAACTCTCTTCGCTCGCAGGTCAGAAGGTTTACCCCAGAAAGGCACGTCAGTCCGTAGCCGGGTTTAAAATAAGAAAAGGTGATATAGTGGGTTACTCGGTAACTTTGAGGGGTGAAAGGATGTGGGCGTTCCTGGACAAATTGATAAACATCGCGATTCCCAGGGTCAGAGACTTCAGGGGTTTAGATGACATGTCCTTCGACGGCAATGGAAATTATTCCCTTGGCATCAGAGAACACGTTATTTTCCCGGAGGTAAACCCGAACACGACCAAAGGCCTAAGAAGTATGCAGATAACGGTGGTTTTCAGCACTCCCGAAGTCGAACATAGCAAATATTTACTTGCAGAATTGGGAATGCCGTTCAGGAAGGACGATTGATATGGCAAAAAAGTCATTAATAGCAAAACAAAAAAGAGAAGCAAAGTTCAGCTCAAGGGCATATCACAGGTGTCCGCTTTGCGGAAATCCGAGAGGATACTACAGAAGGTTTAAGATGTGCAGGAAGTGTTTTAGGGAGCTTGCTCACAAAGGCGAGTTGCCCGGAATAAGAAAGTCGAGCTGGTAAATATGAGCATGGATAGGTTATCGAACATGTTAAGCGCACTAAAGAACGCCTCAATGGCCGGTAAGCCGGTTGTAGAGATAATGTATTCCAAAGAATGTGAGGAAGTGGCCAAGGTCTTAAGAGAAAAGGGTTTCTTGGAGAGCGTGAAAGTATTCAAGCCGGAAAAAACATCGGTAAAGAGAATACATATAGAGTTGGCAAAAGCCGATGGTATTTTTACTCTTACCGAGACGAGAAGGGTATCAAAACCCGGAAGAAGAATATACAGAGGAGCCGATGAGATCGGTACCTTCAAAAGAGGCTTCGGTGTTATGGTTGTTTCAACTTCGAAAGGTATCATGAGCTCCGGTGAGGCCAGAAAGAAGAAAATCGGCGGAGAAATCCTCTGCGAGGTTTATTAAATATGAGTAGATTAGGCAAGTTGCCGATAAAAATACCCGCGGGGGTCACATTTGAGATTAAGGATTCTTCGATTACCGTAAAGGGACCGAAAGGGGAGCTCAAACTTAATGTCAGGCCTGAGGTGGCTGTACAGGTTGAGGGTGACGAGGCAAAGGTCTCGGTAGCCATCGACACCAAGCAGTCAGGTGCTTTTTGGGGTATGACCAGATCTTTGGTTGCCAATATGGTAGAGGGAGTGACCGATGGGTTTAACAAGAATCTTGAGCTTATCGGAGTAGGCTACAGGGTTAAGCAGGAAGCTCCCGATACAATTTCGCTGACCTTGGG
CP006914.1_gap3	85725	89188	3463	TGATGTTCAGCTTATAAGATCGAAATATTCATGGAATAAGAAAATTGAGGCTATAGATGAAATATATGACTTTGCAACCAAAAATTATATTTAAGTATCTACCCTACGTTCTGTTCATTCTCGTGCATTTTTTTCTTTTAAATGTGAACACGGCGGAGTGGGGAGACTCATATAGAATACTCAGAGCTTCGGAATTTATAAGGGACGGGAGTTACCCTGAGGACGAAAAAAGACCACCTTTGTATTCTCTTGTGTTAGCCGCGAGACCCGCGGCAGCAGACCCCGTACTTTGGGCCAGGGGATTTATGTTACTGGCAGGTTTGGCCGGAATGTTTTTATTCGGGAAGTTTTTAAAGCAATACATCAGGAACGAACGCTTCGTTTTTATCGGCATGTTATTTTTGTTGCTCAATCCTGATTTCTTATACTGGTCGATCCGGGTTATGGCGGATGTTCCGTTCGCACTTTTAGCCCTTCTTGGAATTTACTTGTATAGAAAATGGAAGGATAATTGGACTTTTAAACGTTATTTCTTACTCGGTATTGTGGCCGGGCTTTCTATTTTAACCAGATTCGAAGGTTACATACTCGCGGCATCACTGTTCCTGTCTTTATTTATAGAACATAGGAAAAAGATCAAATATTATGTTTATTACGGGTTAGGTATTTTGCTTGTTGTTTTACCTTGGTTTTTGTACAGAAGTCCGTTTGCGTCTGAATACCTGGAAGAACCGGCAGGCCGCACTTATGACTGGACGATGATCTGGATTTACTTTGCCAGCCTATTAGCACTGTACGGGTTTGTTCCGGCATTTGCCCTACTCTCTGACCGCAAAAAGGATATATTCAGACTCTTTAAAAAGGAGCCTCACATTTCATTTTTCTTATTTTTCGAGCTCTTGTTAATACTTTTGTGGCCGGCGGCTATTCCGAGACTTTTTGTTGCGGTCGTGCCTATTTTAATTCTTGTACTTACCCTGGTTTTGGAGAAATGGTGGGAGGACGGGAGGGAAAGCAAGAGTGTTTACGTAACGGCGGTGTCCTTACTATTATTTTATGTAGGTTCTCAGTTTTTTCTTAAATTGCAGTTTTTAATTTTAAATAAGGTACTTTTCACGACTCTGTTGATACTGCAGGTCGCTGCACTTTTATTTATCGTGAAAAAGAAATTCCGGCCGGCCGCAGTTTTGCTGGTTCTCACAATGTTATTTTGGTCGGTGTTTGTTATAAGACTGCACAAAGATATTTTTATTTCCGTAAAGAACGCCGCCGAATACACCGTACGTAATCTTGAAGGCAAGGTTGCCTATAACGATGTCAGCAGTGTGTCCGACTTTTATCTGAATGTTTTGGATACTCCTAAGATTTCCGGTTTTTATTACAACACGGAAAGTAAAAAGAATTTAACCTACGAGGCTTTACATCAGACGGGCGCCGATTATTTTTTAATTACAAACGAGCACAACACTACCATGGAGCTGGATCTTGACTCCAGACCGTACTTAACTCCCGTGAAAGATTTTAGTTATAATGTAAACGGAGCCGAATTTTTTGCTAAAATTGTAAAGTTTGAGCGGAAGGACTAAATATGAAGTTATCTATTGTTGTTCCCGTGTACAACGAAAAAAACACGATAGAGAAAATTTTAGGGGAGATAAAGGCCGTCGAAGGTCTGGATAGAGAAATAATAGTGGTGGACGACGCCTCAACGGACGGTACCACTGATATCTTAAAAAGGCTTGAAAAAGAACATCCCGATGTCCGTTTCTTTTACAAAGAGAAAAACAGAGGCAAGGGGCACACACTGAAGGTGGGGTTTGAACACACCACGGGCGATTACGTTATTGTTCAGGACGCCGATCTCGAGTACGATCCCAATGACTACCACAAGCTCATCCGCGCTTTAGACGAGCACCATGCCCAGGTTATATATGGAAGTAGATTTTCTGGAAGCTACGAGGATATGTCCACGCTACATTACATTGGTAATAAAGTGCTCACCATAATCACGAACCTTTTTTTCGGAGTAATGCTGACCGACATGGAAACCTGTTACAAATTAATGCCGGGAGAATTTGTAAGAAAAGTGAACATCAAATCAGATAGGTTCGATTTCGAACCGGAGATAACTGCCAAGATTCTAAAGTCAGGTTTGAAGATAAGAGAGGTTCCTATTTCTTACAGAGGCCGCACTCACAGCGAAGGTAAAAAAATAACGTGGCGCGACGGCATTCACGCCCTACTCACCCTGATAAAATACAGGTTTTTAGACTAATTATGAAAATTACAAAGTTTATTAAGGAAAATTTTTTCATACTGTTGCTAACCGCATTTGTCATTATAAATATAGCGGTGAATTTCCGTATAAACGTTTTCCGTTATAACAATTTTGATTTTGGGAAATTCGATCTCGGCAACATGTCTCAGATGCTTTGGAACACAATGCATGGAAGGTTCATGTATCTGACCGACTACTTTGGGACGAATCTTCCCAGATGGGCAATGAGCCACGTCGATCCAATCCTTTTACTTTTCCTTCCTCTGTTTGCGGCGTATCAGCACCCACTAACGCTGGTGGTTTCGCAGTTCGTATTGGTCATCCTGTCTGCATTTTTGGTTTATAAGATAGCTTATTTGCGACTGGGATCAAAGGCGGCTTCGGCAATGATCGGTGTCTCATACCTTTTATATCCGGCTCTCGGGTATCTGAACGCGTGGACCGGATTTCACGGTGTTACGGTTGCCATCCCGTTCTTTTTCGGGGCATTTTACGTTTTCGAAAAAATGTACAAGGATAAAAACTTCAGCAAAAAGAACTTAATTATATTTTGGATTCTTCTTGTCATTACGATGTCCGGGAAAGAACAACTTCCTTTATATGTCGTTATGTATTCGCTGTTCATACTTCTGTTTAGACCGCTAAAGGAAGAGGGGAAAAAATTCTATCAAACGATTACCGGAAAGCTCGGTCTGTCGATGATGGTTGTTTCCACACTCTGGTTTATAACGGTCTTTATTATAATAATCCCGGCTTTTTCGCGTTACAGGGTCGAGGGATACAACAAATTCGCGCGTGAGATAGGCATAGCGGGGGACACTACACGCGACGTGTCAAAACCCAATTATTTCTTGAGCAGGTATGAAGCATTCGGTGAATCTTACACCGATGTTCTTGTAGGAATGATTTTTGACCATCAAAAGGCAATAAGGATATTTTTCGGAGGCGATCGCATTGATAATCTGAGAAAAACCTTTGACCCTGTTCTATTCTTGCCGTTAGCTTATCCCCAGGTGTTGTTTATCGCAGTTCCCGACTTTATGATAAATTACCTGACTTCGGCCGACGGTGTCGGTACGGCTGAAATAACAAACCATAGAATATCCATGATTATTCCCATACTTTTTATATCATCCATTTACGCCATAGGAATGCTGGCCGATACTTTGGGCAACATTAAAAAAA
CP006914.1_gap4	91078	93797	2719	TTGGTTGTAGGAGGGGACAAATATGCGGATTCTTACACCCTTATATCACCGGTAATTTTCGCTTTTATCCTTTATTCTTTTATTAATATCGTGAAATCCAGCGTTCTCATTCCGGCAAAAATGGTGAAACACATGATTATAGGATTTGTTCTGTTGCTGGTGTCCTCAGCGGTGTTCTTTTTCGGCACCTATCACGGCATCGGAGCGCTTCCGGGAATGGCGTGGGGGATGGCATTCGGAGCGACGGTGTCCTTTATATATATAAATATTGCCATAAGTAAAAAATTAAAATTCAGCTATTTCAACATAGACCACCTTGCTATTCTGATTCAGGCGTTTTCGATTTCAATGGTCGCAATGCTTCCGCCCAATATAAAAATACCGTTCTTTTTTGTTTTGTTCGGTATGTTAATTTGGGCATTCTTTATCCCGGGGTACCTGACCAAAAGTGAAATAAGAAACGGATTTGATTACGCGAAGAAATTTGTTAAAGCATTGAAGAGGTAGTATGAAATTATGGAGCAGATCGCCGGATCTTATTAAAAACAAGTATATTGCTATCATTTTCTTCATTGTAGTTTTTTCCTTAACACGTTTTCTTTTTCTCGGATCCGATGAGATAAATCCTGACGGAGTTAACTGGCATTATAGGTCGCAGCAATTTATTGTCGGTTTAAAATCGGGAGATTTTGAGCGAACTTACCAGCATTACCACCCGGGCGTTACCTTAATGTGGATTACCGGAGTGCCGATTGAGCTCTACAAACAAATCACCGGCATCACCGCGTACGATCAGTTTAATTTTTCGGCATTTAACACGGTTGCCAAAGTTTCTGTGGTCCTGGTCCAGCTAATTCTGACTTTTATCCTTTTATATCATCTTTCTAAGATTGTGGGGTTCAAAACCGCTTATTTTTCGGTATTTCTATTCTCATTAGAACCTTTTTTTATGGGCAATTCCCGTTTGTACCACATGGACGTACTGCTGACCCTTTTTGTGTTTGTTGCCCTGCTTATAAGCTGGGTGAATTTGAAGGATTTTAGCTATAAAAAATCATTTCTGGCGGGCATATTTCTTTCGCTTTCGTTCCTGACCAAGAGTATCGGAATAGGTGCCTTATTCTTTGTTTTGCTCTTTTCCACCGCCTATTTCGCGAATAAAAAGGACATGAAAGGGCTGTTGAAGTATTTTTCCACAATTCTCGGGGCTTTTGTCTTAACAACTTTTATCCTCTTTCCGGCATTATGGGTGAGACCGGCATTTTATTTATCCGAAATATTTGCCGAGTCAGAAAGGGTCGGAATTAGAAAAGGACACGAGCAAATAATATTAGGAGAGACAACTCAGGACGCAGGAATTTTATTTTATCCGCTGGTAGTATTTATGAAAACAACACCTTTTTTATTGATAGGATTAGTTCTGTGTTTTGTTAAATGTTTCAGGTCCTATACAGCGCCCGCAAAAAACATCAGCTCGAAATATTCCAACCCTTATCTTTATCTCGGGTTGTTTTATCTCGGATATTTTTTCGTAATGATCTACCCGTCGAAGAAACTGGACAGGTATATGCTCCCTCTTTACCCTTTCTTAGCGTTAGCGGCTTCGTACGGAATTATAAGATCCTATTCCTTAATAAAAACGGCAAAGATGAAAAAGATATTTATGAGCGGGGTGGTATTTTTGTTCACGCTTTTTTATATTGTTCCGGCAATCTCTTATTTTCCTTATTATTTCACGTATACAAGCCCTTTGTTCGGTTCACCCGTTTCGGCCAACAGAGTAATCGCTCAAAAACCTTTCGGTATAGCAGTTCCTGCTCTCAGGGATTACATAATCGACAGGTACGGCGGCGAGCCGGAGCTTGGTTTTATCGATACAAAACCCATGAAATCCATTTATTCAAATTCAAAAGTTGCGGATATCAGGGTAAACGGAACAAGTGATTATGAACTGTTAATTTTAGGAATAAACGAGGAAATGCCTGAAAAGGTTTTAAAGAGCGGCACAAGATTCAGAAAAGATTCTTCGCTGTACGTTAACGGTCTGGAGTACTGGAGAATATATGTCAAAGAAGACAAGTAGTCTTTTATACTTGATAATATTTCTTGCCCTGGTTTTGAGACTGGCAGGAATAAGTCACGGGTTCCCGTTTATTTTTCATCCCGACGAACCGACCATAGTTCAATCGGCTCTCGGAGTGAGGTTCGATCCGAATCCTGGTCATTTCGACTGGCCCCATTTTTTTATATACGCTAATTATTTTGTTTTTAACATCTTTGCCAAAATCCGTGACCTCGCTGTAGATTACAACATTCAGAACTTCATGATAAAAATATTTCCATTAATGTGGGACGACACCGTCGTATTTTATTTTATTACGCGCGTTTTTGTGGCAGTGCTCGGGGGGCTCACTGTTATTCCCGTATATAAAACAGGAAAAGTTCTTTTCGGCGAGAAAGTGGGTTTACTGTCGGCTCTGGCTTTTGCCGTGATACCTTTTCATGTCCGGCACTCTCATTACTCCCTGCCGGATACGCCCATGTTGTTCTTCTTATCCTGGGGGATTTACTTTGCAGCCCGAATTCTATCTCAGGGATACCCTATAGACTACGTCTTTTCGGGTTTGTTTATAGGAATAGCCGCCTCAACCAAGTATAACGGGGGTCTGGGAGCCCTTACGGTGCCTTTGGCGGCGTTTTTACGCCGGGTGCTGGTGAA
CP006914.1_gap5	108675	110050	1375	ATCCAAATCTTTTTATAGTATGTTTTTACCAAAAAGCTTGACGGGTAGCAGAATTGACATAGTTTATAGTACTAACGAGCAGTTGTACGACGTACTTCCTGGGTTATTACTAAAAATAAAAAAAGGGAATTCTTTGAAATGGGCAGTTGTTGTTCATTGGCTGCCGCCATATAAGTGGTGGGGGAGAAAGCAGTCTACGTTTACCAACTCCTTTTTGTTTTTAGTGAGCGAAAGGATAAGTTTGTATATAGCTTGTTTGTTCGCGGATCGGATATTGGCAGTTTCAGAGTCTACAAAGAATCAGATAGAGAATGATTTTTTCGCTAAATTTTTTGTCAAAAAAGTAGGTGCTGTGAAGTGCGGTGTTAATTTTTCCGACATGAAAAAAGTATCCGATCGCGTCGAGAAAAAAATATACGATGCAGTTTTTTTAAAAAGACTTCAGGCAGTAAAAGGTATATTTGATCTAATAGATATTTGGGAAATGGTTGTTAAAGAATTACCTGGCGCAAAACTTGTGGTTATTGGTGCAGGAATAGACGGAGAAGAGGCTAAGAGGAGGGTGTTAGAGAGAGGGCTAGATAAAAACGTCATATTTAAGGGGGCCATATACGATTTTGATACAAAAGTTAAGGAGTTGGCAAGCGCTAAAATATTTATGTTGCCGACATATGAGGAGAACTGGGCCATAGCGATAGGAGAGGCAATGGCAGCTGGCGTGCCTGTCTTTGCCTACGCCCTTCCTGAATTAGATGCCGTGTGGGGAAGCAACTACTGCGGTATACAACTTGGAGACAAGGTTAATTTTGCTAATAAAGTAATATCAGCTCTCAAAGATCAACAACTTTTGGATAGTATGAAATTGAAAGCCTTGAATTTTGTGGAGGGTTACGACTGGGATTTAATATCTGCTGAAGAATTAGAGCTGGTTAAAAGGGACGTCGATGAAAAACCACGCCGTTAGTAAGTTTTACACGGCAGCATCTAGAGTTAAAAAGCTTCTGTCTTCGGCACTAAAGATTCGTATCCGTTTATTAAACTCAGCCTTCTTTATGGGAATGGCGAACTCGTTATACAAGCTTGAGAAACTTCCAATCTTTTATCCCGTAGCGTTGCTTTTGGTTTGTACAGCACTATTCGGAAGGTTACTCCTTAGTGGAGGTACGTATGGAATGTATTCAGACTGGCCCATACCACCCCTAAATTTACAGATAAAGCAGCAGGTTGTTCAGGATGTCTTTTACGTGTGGTCTCCAAATTACCTTGGTTATGAAAGAGTTCGCCAGGCGGGAAACTACATTGATTTAATATCGTTGGCTGTTTCTTATATATTCGGCGTTGGCGGTGAAATTATTTCAAAGTACCCAATATTGCT
CP006914.1_gap6	111495	115107	3612	AGGTGCCTTTCTATGAGAATAGTGACCTAGTTCTTACAAATGACATATTTTTAAATGTGGGCAGTTATAGAGCGTACGTGGATCATTTTTATTTGCTTAATAAACAATATGATGGTGTTTTTGTGAATGATTATAAGAGTTCAATGAGAGATTTAATAAAATTTGTTCAATTTAGCCAAACTGGAAAACTGGATGCAGTTGGAGTATTTGTTGATCCGCGGTATAAATACCAACCTGGTACGTATTTAGATAAAAATAGAAACAAAGCTACTCAAGAGTGGGCACAGTTGTTTAGAGGAGAGTATTGGTGGTACGACTACGTAGTGAGTGCGGATACCGAGTCGCTTCTAGTATCCTCCAAAGAAGCTAGCAGATTTTCTTTTCCCGTGGAGATGGAGAAAGGTAAAAAATACGCATTGCTTGCAAAGCTGTTGTTCAGTAAATCAGGTTCGGAGGTAGAGTTTAGGTTAAACGGTTCTGCGGCAGGAAAGATTATAACAAAGGAAAATTCGTACAGAGGAGTAAAATACGTATTTGTTTCCGAAATCGTGTCGGACACAAACGAAAATACATTGAGTTTTACATCCACCGGTGACACCAATTCTTTATATGAAATAATAGTAGTACCCATTGAGGAATTATCGGCTGCATTGGAAGATGTAGATAAAATCATTTCGGAATTTCCGGTAGTTTTATCGTATACGGCCGATAGTTATGATGGTGTGGGGGAAGAAAATTCAATGTTTGACTTCTATTATTCACGCCGTTCCTCTAACGCACCGCCTTTTCAAAAATTGACCGTAGATATACCCCGTGCTGATAATTACGGTCTACGTGTTCGTCTTAAAAAAAGAAGAATTACCTTTTCCGAAAATCTCGATATGGAGTATTTCAAAATAGTTCGTCCAGGAACAAGCATTACCCAAAAAATTACTAAACCCAGTGATTCTAAAAACTTAGAATTATGTGTTTCTACAACATATGTTAGCAGTGCTACGAACAAGCCTTCGAACGGGATACCGGAAAAGCAACTAAATATTTCCGTTCGCTCGGAAAATACAAATCAAAGCATTCTCTCTGAAGCGTTATCTGCCACAAGATCATATTCCCCGGGGGATTGGTTCTACAACTGCTTTTCACTTGATGACGCGGTTACTAAAACTTTGGGAAACGAGAACCTTGTTTTATATTTAACGAGTGATTCCAAGGATGTTATGTGGGCAGTGCCGTATAAAAGTGAGGTAAAAAGTGAGTTAGGGTACAGTATTAAATATCGGTTGAATGGTGAGAGTAACGATAGTTCTGTTTTTCTTAAAGTGTCGTCAGAAAATTTCAACGTGTCTAAAAGAGTAACCCTTCAGGATGACGCGTTGGTAGTACTGTCCGAAAGACAGTATTTTGAGGAAGGAACACAAACCTTTTACTTAGACTGTGGCTTAAACTGTATTGTTGATAGAGTATATATGACCAAGGGAACGAGCTTCTCCGATCTCACTTCTACGGCAAACGAAAAAATAATCCCCAAACTTGAAAAATACAAGAACGGACGGATTGAATTTTTATTCAAAGAAAACCTCACTAAAAAAGGTATCTTACTTTTTAAACAAAGTTACAACCCTTCTTGGCAGATATCTAAGGATGGAGATGTTGAGAGAGAGCATCTAGTATTAAACGGTTACCAGAACGGCTGGATTATATCGGACGTTGACGGTAAGGTTCGGGGGAAAATCATTTTTCAAAAACAATCAATTTATAATGTTGCAAATATAGTATCGTTCACTGTTTTGGCTGTTCTTTCGGTCTCTACTATTTTATTGTTCGTTTGCAAAAAAAGGCCTAAAAATGAAACAAACGAGTAACCTTGTAGGAAAGATACATTTTATATATTCAGTTGTTTACATTTCTTTATCGTATCTTCTGCCTTCCTTACTAATCTTTAGACACAAATATGCCACGTACTCAGCATTTATTTTGATATTCTGGTTTTTTAACCGTTCTAGAATTTCTTATAGTAGCTATGTGTTCTTCGGTGTAATTTTGTTTCCGTTCGCATACATTGCAGATTTTTTTAAAAACGACACGTTGTCTTTGTACCTAAGCTCCATAAGTTTATTGAATTTTTTATTTTCCGTTTTCGTCATCGTTTATGACCACTTTAGGTACAATTTGACTAATTTTTCTGAGGGGCATAATAAGTAGGTATGTTAATTGGCGGACTTGACGACCAGATAAATTTAGTTGTTTGGTCTTTAATATCAAAACCATTTTTTTCTTTTGCCCACGATTTTTTTTCTCGTTCTGAAACGTTGAATGTTACTTTTTTAGCATATTTGAGACCTTTAGACTCCAACGAGCCACTCACATGGTTTTTTATTTCATCACTCGCTTCGCTGGTTGGTTACTGGGCTAACAATATTATCGTTTTACTGACATTAGTTCTAAATTTCTATTTTAGCCACTTATTTTTCAAGAAGTTCAAATACGGTTTAGTATTTTCATTGATTTTTACTTTTAGCTCATATTTCTGGCTTCATCTTGGCAAGCACCCGGATTTAGGATTTGTATGGCTACTTCCCGTTATCGTCAAAAAACTAGATGCAGATTTTAATTACTCGCTAAAAAATGGGTTTATGCTAGCTTTTTATGCCTTCTTATTGTCGTTAATGTCTAATTATCTTGGTTTTTTTCTTGTGTTATTTGTAGGTTTATTTGTTTTGTGTGACCTGTTGTTGAAAGTGCAGAGTATAAAAAAAGTAACGAAATTTTGTGTAGTCTTTATTACGTCTTACATTTTGCTGATAGTTACAGCTTTAATGCCTTATATTAAAATTAACTATTTTAATGCACCCCCTCAGGGTTACATAAATCCGCTCAACAGATCTTACGATGATTTAGTATCGTTTAGCTCCAGACCTTGGTATCACTTTATTCCCTCGCCTAAGAACCCGGTTTATAAGGAATTATCTCAGAACCTGCTTAGCAGAATTGAGGGTACCGGGTATTTTCTCGCTGATGATTATTTCCAGGGTGAGCATGACTCGATGTTTTTTGGATATTTTTTTCTTGTCTCTTATCTTTCGGTTGTTATCTATAATCTGTACGAAAGAAAGAGACTCAATAACGACAAGAACACGAACATACACCGCAAATATCTATTATTAGCGTTTTTCTTATTTCTTTTCACCCTTCCGCCGTTTTTTACTGTGTTTGGTCAAACACTATATACCCCAAGCTATCTTTTATTCAAGATAGCCCCTTTTTTTAGGGTAACATCCAGGCTTTCAATATTTATACTACTCGCATTGTTGCTGAGTTTTAGTTACGGTTTAAAAAATATAGTTTTTAAAAATACCAAAATTCTCAGTTTTCTCATGGCTGTGCTATTAGTTGTGACACTAGTTGAAAGCTATGTTCCGCCTAAAATTTATAAAAATGAGGGCACACCAGGTGTATATAAATATTTGGGACAGATGCCGACTTTTGATAAATTTGTAGTATATCCTTACTCTATGACGAAGGAAGCATTGTATTTTCTTCCCGAGCACAAAAAAGACCTCCTTAACATAAGGGGATTTAGTAACAGTACCTATGAGTCGCAAAGTCTTACGGAAA
CP006914.1_gap7	160758	164575	3817	AACGTTTTTTCGGCCCGACCCAAAATAGTGCCAAAGCGTTACCGTCTTTGTCCAGCCTTATCTTTCTCGGTTTCGGGTCGATGGACGCGTATCTTACCTGCTGAATATTTTGAATATCCGGTGGAAGGGCGACCTCGTACACCGTTCCCAAGATTCTGTTATTTTCCAGCTGGTATTTAATGCGAAAATTAAGAGATTGGTATTTCCCGAACGCTGCTGTTACCCCCTTAGCAGAAAAACTTTCTTTAGCAAAATAGTATGTATTCTTTCCGTTCTCAAATTTTTCCGTCACGGGTGCAGGTGAAACAAATATCTTCGGTCCCATAGAGGCGGGAATAGAGAGGACGATGTTGTAAACGGTCGTTGTTTCAGGAGTATCGATGCCCTGAATGTAAATGTTCCAGACATCTCCCATTCTTGAGGCGACCCCCTTTGTTTTGTACGTCATGGACACAACATTTTGTTTGCCTTCGCCTATAGAATAGGTAGAGAAGGGAACAGTAATAACGGTTTCGTTTTTTCCGGGCATTTCTTTACGAGCCTCCGTTTTTTTTCCGTTGGTTTGTGCAACTATGTCGTAAATATCGAGGTACTTAGTTTTAAAGGAGTAAGTGGTTGGTACCACATCGTTCTTCAAACTGGTTATTGTAGTGTTTTGAGATACTAAAGTTTCACCGGAATCCTGAACATCGTACCTGATATCGTAGTTGATTATGAAATTTTCCTCGGTTTGCGCTCCTGTTACCGGAGATACTATTATGGCTATTGCAACGACCAACCAGTATTTTGCCAAACCCTTTGCGGACATGGGTAAATGCTACAATAACTTCGTGGTTTCCTCAAATCTAAATGAAAAACTGAAGCGTATGCCTACGACGCCGGGCGTCTATATATATGAAGATGCCGAAGGAAAGATTATATACGTCGGTAAGGCTAAGAATCTAAGATCAAGGGTATCTTCCTATTTCCGCCTGACCCTGGACAGGTCATCCAAGACCTTCGCTTTGGTGGAAAAGATAAATAATATGCGTTTTATCGAGGTGGAAAGTGAACTGGAAGCACTGATACTTGAGGCAGAGCTCATAAAAAAACACATGCCGCAATTCAATATCAGTTTAAAGGACGACAAATCTTATCTGTACGTCGGCATAAAATCGGAAAAGATAAATGTTGACGGTAAACTTACAAATGTTCAGAAGATTGAAACTTTCAGAAAACCGGATACTCAAAAATACCGGTATTATTACGGTCCTTTTCCTGACGGAAGATCGGTAAGACAGTTGGTGAGAACCCTGCGCAAAATATTTCCGTTCAGGGACTGCAGTATTGCTAAATACGAAAAATATAAAAAATTGAAAGCGCCCTGCTTGTATGGTCATCTAAACCTGTGTCCCGCACCATGCGTTAACGGTTCCGGTGTCCTGGCTTTGTACCGCAGCAACATAAAGACCGTAAACAGCATATTGTCCGGAAAAACATCAAAACTTCTCAACACTCTTGAAAAACAAATGAAGGATTACTCTTCGGCTGAGAACTTTGAGAAAGCCGCCTCACTAAGGGATACGCTCCGAAAATTCCAATATGTTCGACAAAGCTTTCGTCTTCCCGGTGAATATATAGAGAATCCGTATCTGCTGGATGATATAGCAAAAACAGCTCTGGAAGATCTGGTCAGTACTGTGCCCGTGCTTAAGGAATTACCGACAAGAATAGAATGTTATGACATTTCAAACATCTCGGGTAGGGAGGCCGTGGGCTCTATGGTCGTCGCGCTCAACGGACGGATCGATAAACGGGAGTATAAGCGTTTTAAGATAAAAGCAAAAAGTACGCCGGACGACTTTTTCATGCTTTACGAAGTTTTATACAGAAGACTTTCACACGAGATTGATCCGAAGAAAAAAAGCTGGGGCCTTCCGTCGCTGATTGTTTTGGACGGGGGGAAAGGTCAGTTGTCTTCGGGGATGGAAGTTCTGACCAAGTTAAATTTAGATATACCGATGATAGGGCTCGCCAAGAGGGAAGAGACGGTTGTATATTACAATAACGGTTTTCACGAGACTTTGCCCGACACAGGCAGTCCCGGAATGCGGCTCCTGATAAATCTAAGAGATGAGAGTCACAGGTTTGCCCGGAAATATCACCACATACTTCGGAGCAGGAAAATCTTTGGTGCGGTGAAATAAAAACGCTATAATTTAAGGCATGAGGGGTATTCTAAGGACTTTAACTTTTGTGCTGATTTCGTTACTTTCGGCAAATTACGTTCTTTCTTCCCTGTTCTACGGCAGTGACAAAAAGACCTTTTTTATGGTGGCTCTGGCGCTTACGCTCTTGTTCTACCTCGGTAAACCCCTTTTAGCTACGTTTGGTTTGCCGACAAAAGGCGTAGGATTTTTGTTTATTGCGACGATACTATCTACACTGACCATCTATGTTCTCACGATTTTTTTACCTGATTTCACCATAATGGAGACGACCCTGTCGGATTTGATTATTTTCGGCATTATGCTACCATCGAAAAGCCTGACAGCCTTTTGGTCTGTCTTATTTTCTGCCTTTATCATCTCTATGGTATATACTTTCTTCGAATGGCTGTGCTTGTCTAAAAAATAATATGATAGCTTTATTTAAAACAATGCAAATTATAATTTCGGTAGTTCTGGTTTTGTTGATTCTTATCCAGACAAAGAACGCCGGGCTTTCGTCAGGCCTGAAAAACTCGTTTACAGCCTACAGGTCGCTGAGAGGCGTCGAAAAAGCAGTTTTCGTCTTAACCGCAGTACTGGGTGTTCTTCTTGTAGCAAATTCGTTTTTGCTAATTAAATTATCCTGATATGAGTACCGTAATAATTGAAGGCGGTTCTCCGTTGCTCGGTACTGTTCAGGTTTCTGGTACCAGAAATTCCGCGCTTAAGTTGATGGCCGCCGCCATGTTCTCGAACGACGATGTTATCCTTCAAAATGTTCCCAAAATCGATGTTGTAGAAGACGACATAAAAATGATTAGGATTCTTGGGGGTAGAGCTGATTGGGCAGGGGCAGGCCGGGTTATTCTTAACGGTTCCGATATAACTTCCTACGAGGTGCCTTTGGAAACGGGTTCAAAGTACAGAACGTCTCTGCTTATGGCGCCCCCTCTACTTTTCCGATTCGGAAAAGCTTCCATACCGAAATATAAGACACGCCTTAGTGTTCCTAGACCGGTGAACAGAATACTGGAAGTGTGGAAGAGTCTTGGTATAACCATTGAAGAAGATGAGGATTACTATTTTATATCCTCCGCTAATGCCTCCTCCGGCCATGTTAATTTTAAGATACCGAGCCACATGTCAACCGATGTTTTAATAATGACGGCAGCCTTTCTCCCCGGCGAAACCGAAATAAACAATGCTTCGGAAGAAAGTGAAATAGATGATCTTATAGATCTTATGAATGCGATGGGCGGGAACGTCGTACGTTCGGAGCCGCGCCTAATAAAAGTGAACGGAGTAAATATATTTAAAGGCGCGTCCGTGGAAGTACAGCCGGATAAAACCGAAGCGGTCGTGTTTTCAATAGCGGCTTTGATTACCAAAGGAAACGTTGTAATTAAGAATATAAACAGAAATATTATGGTTCCGCTGGTAAATTTTTTAACGAAAATCGGAGCCAGGTATGAGTTCGAGCAAAATTCTATAAAGATTTGGCGGCACGATGAGGAACTTCAGGCTATGAACCTTACTATTGCGCCGACCCCGGGTTTTGTACCCGACTGGCAATCTGCCGCGACACTCCTTTTAACCCAATGCAACGGGACATCATATATTCACGATAC
CP006914.1_gap8	166235	166807	572	AAAAATAGATAAAATTGCAGGGCTGATGTTCGGTGTGACCGTTATTTTTCTGTTGCTGTTGGCTTTCGTTGCGGTTCTTCCGTGCTCATCCGATATATTTTTCGCGCCCTGTATAAACGGTGCAAACCGGTGGTTTTACCTTAACGCCCCGCCCCTGCCGAAGTTGCCTTTACTTGGTGTTGTGGGATTTCAGCCGGGTGAGCTGGCCAAGCTCACATTAATAATGTATCTGGGAATAATGCTCCCAAAAAAAATACAGGAAAACAGAAACGTATTTAGTGTGTACGCGGTAGTAACGGGCCTCTTATTTTTACTCGTGATAGCACAGCCTAATATGTCTACAGCTGTCATGGTCGCGGCTATAGGAACTGTTGTATATTTTTCTTCCGGTGCTGCCGTCAAACCCCTGCTGGTTGTTGCCCCCGCAGCGCTCCTGTTGGGTGTTCTACTAATACTCAGTTCGCCGTACCGAAGAGAAAGGTGGCTTACCCAATTAAGAGGCTCCGGCAGTAACGACCGGGACGAGGGATATCACATAAAGCAGGTTCAGATCGCGCTTGGCTCGGGCGGCC
CP006914.1_gap9	173799	174708	909	CGGGTATAAATTGAGCGGGTCCACATATAAGATGATAACTCCCCAGGGCAAGGCGTTTATAACAATAAACAAAAACACCGATGGCAGACCGCTGGAGGTGTTCCTAAATGTGGGAAAGGCCGGGAGCGATGTGGCGGCTCTGGCCGAAGGTCTGGGAAGGCTGTTGTCCGGCTGGCTCCGGATGCCTCAGTACAGCCTTGAGGTAGTAAGGGAGATAATCGTTCAACTGGCGGGAATCGGCGGCTCAAAGTCCATAGGTTTCGGCAAAAACAGGGTAAGTTCTTTACCGGACGCCGTGGCCAAGGTATTGGCCGAAGAATTCGGCTTTACTGTAAAAGAAAACGGATTAAAAAACTCCGAGGAGAATCCGGAGTCAACGGAAGTAACGGAGACGAGGGGAGAGGAAAAACCCGCACTCCCCCACTCTTTTTCCAACACCGACATGTGTCCCGAATGCGGGAATTACACTCTTGTGCTGGAGGAGGGGTGCGCGAAGTGCTACCAGTGCGGATTTAGCAGGTGTTAGTGGTATCATCTTCTTATGAAAGTTTATACAAAAGAAGGCGATTCCGGAACCTCTGCTTTGTTTGGTTCAACAAAACGCATGCCTAAATCAAGTACCGTGTTTGAGATCCTGGGTCTTGCCGACGAAGTAAATGCTACGCTGGGGTGTGCTTTGGCGTTTCTCAAAAGACCTTCTGAAACAGCACTTTTGACGTCGATTCAGGAAGATATATTTCTCATAGGTGCCTATATTGCCGGGCTGAAGTTCTCCTCCGCGGATAAGGCTGTATGGACGAAAAGAGTAACTGATCTGGAGGACAGAATAGATGCATACTCGGCAAAACTACCCATCCTGAAGGTTTTTATACTTCCGGGGGGCTCTGAGGCTTCTTCCCACATACATCT
CP006914.1_gap10	262837	267286	4449	AAATATAGGGCGTTAAAAGCTGCTTTGCAGGCTTGCTAGCCGTTTAACCTTTAAAGTAGTACAATGACAAAGCGGAAGGAGGTATAAATAGGTTTAACCCCCAATCTATAAAAAACTATGAACGGAACAATTAAAACTAAGACAGATAAAGGATTCGGATTCATTTCTCGTGACGGAGAAACCAAGGATCTTTTCTTTCACTCTAACAATCTAACAGGCGTTACATTTGACGAGCTTCAAGTCGGAGCAGCAGTTACATTTGATGTAGTCAACAGCGACAAAGGACCGAGAGCAGAAGACGTACAGCTTGCTTAATAGAGTCGATAATAAAAGGTAGAATTGCGAAAAAGAGAAACACATCCCCGTATTATAAATATTTAAAGGATGTGTTTTCTTTTTTTTAAAAAACTCCTCGGTGAGCTCTCGCCATACAATTCTCAAATAGTTAACAAGTCCAGAAATAGTGGTATGATGGTCGCAATACTATAACCTGAAATACACGAAAAAGGAGAGAAAATGTTCACAATCTTTGATATGGCTAGGATGCTCAAGGAAGCCACGGCCATGGCAGCCCGGCGGTCAGTAGTAAAACCGCTCCATGAGTGGATTTTGGAGAAGAAGAAATTTACATGTTGGGAAGCCGGGAAGGAGCACGACAGACTGGTGAAAGAAGGTTTTGAAGGGTTGTGTGTCGACTCTTCGCTAGAGGAGCTCCTTCGTACTTATGTTGAGATTGGTCTTTTAAGACTGGAGGGGGATGTTTACACGCTGGTGTGAGAAATTGTTCGTATACAGCACCTCGGGACTCATAGAAATATGAATCACGGGGTGTTTTTCTATTTTGACTAATATTTCGTATGCCTGACCGTATTTAGTGAGGGCATGGTAGTCAAACCCCTTAATAAGGAAATTATCTGACAAAAGTCAAAGCAACGCCCTTTTTACCCATTCTTCCGGTTCTGCCTACACGGTGGATATAGTCTGTAAAAGTTGCCGGAGGATCGTAGTTAATAACGTGTGTGATATCGGGTACATCAATTCCTCTTGAGGCGACGTCCGTCGCTACCAATATGTCTATTTCATATCTCTTAAATTCATTTAAAACTTTAGATCGCTGTCCTAACGATTTATTCCCGTGCAAAGCCCCTGATTTATGGCCTCTTTTTCTTAACTCCGAAGATATTTCCTCTGCCCCTCTTTTAGTTTTTGAAAACACCAGAACTCTTTTGAAATCAGCATTAATTAACAAGCCGTGCAATACTTCGATTTTGCTTTTGCTGGAATCTATTCTCACAATATCCTGGTCCACGTTTTTCACTGCTTCCTGTTTTTCAATCTCAACTTTGTAAGGGTTTCTCAATAAAGAGTTTGCGACCTCTTCTGATTTTTTTGATAGGGTAGCGGAGAAGAACAATGACTGTCTCGAATTATTTAATTTTGCAACAATCTTTTTAACATCATTAATAAATCCCATATCCAACATCTCATCTACCTCATCGAGAATGATGTTATTAAAAGAACTTAAGTCTATTTGTTTTCTTTCGCACAAATCTAAAAGTCTCCCGGGGGTGGCAATTACGAAATGAGGATTTTTCTTAATAAGTCTTATTTGTTCCGAGTAGCTGGCGCCTCCCATAATAACGACATCTCTTAAGTGAGTTCCAGAAATGAGAAGGCTGTATTCGGTTCTGATTTGATTAATTAGTTCTCTGGTAGGAGCAATTATCAAACATTTCTGGCCCTGATTTTTCATAATCTTATTTATCATTGGTATTAGGTAGGCGGCTGTTTTTCCCGATCCCGTGCAGGCTACTCCCAGAACATCCTGTCCGCTCAATATTTGAGGTATTATTTCTGCCTGGATTTTGGTGGGATGCAGGTAAGACTTTTTAGAGATATTTTTTTGCAAAGATTGAACAAGTGTATAGTCGCTAAAGGTCATATTGGGAACGTACATTGACTCTGACTCGCCTTTGACAGCCTTAGAAACGAATAAGTCGGTGTTTAGATATGCTCCGGAATAGGGATTTCTTCTTTGAAATCTGCTTGCGCCTCCGAAACTACTGCCGGAATTGCTGTAATTACGAGCACTTCCGAACTTTCTTCGGCTACGGGCAAACCTCGAACTGCTATTACTATGTCCATAACTTTTAGTATGCATATGTTTTTGGTGGGGAAAGAGAAAAAACGGGTTTATCTCAATCAGACACAGCTAGAAGTATACCACGCAAGCCTTTATATTCAAATTATCCTTGAAACAGCCCTTCGCCTTAAAGTAGGGTCCAGAATCTTTTTTCTTAATCTTAGGGACACCGGAGTTATCTCCAAAAGCTCGTCGTCCTCTAAAAGCCCTAAGTACTGCTCTAAACTCATCTCTACCGGCGGAGGAATTGTGATGCCGTCCTCGCCCGAAGACCTGTTATTGGTCAGTTGCTTCTCTTTACAGACGTTAACTTCCACGTCCTCATCCCGGCCGTTTAGGCCTACTATCATCCCTTGATAGACCATTGTCTGCGGTCCGATGAAAACAGGGCCTTTTTCGTGTGCTGGTACAAGTCCGTGCGGTACGGCCTTGCCGCTGTGAGAGGCTATAATAGCGCCTTTTCTTAGTTTAGGTATGGATGCACCAATTTTCTCGTACCTTGAGAACATTGAACTTAAGACCGCCGTACCTTTTGAAAGGGTTAATAAAACGCTTCTTAAGCCAAGAATACCCCGCGTAGCTATTTCAAAAACAAGTCTTGAAGATTCTGAAGTAAGCTCTTCCTGGGACATCAAAACTCCGTGTCTTCTTCCCAATTCACTTTTTATTGCGCCGAGGTGCATATTTTCAACGTCAATAGTAAGCTCCTCTACAGGTTCCATTTCTACGCCGTCAATAACTTTGGTTATAACTCGGGGTTTGCCTACACTAAGTTCAAACCCTTCTCTTCGTAGGGTTTCTAGGAATACGGAAAGATGGAGCTCGCCACGTCCGGATAAAACATACTGGCCTTCTTCGATTTTAAATTTCATAGCGACGTTTGTTTGAAGCTCCCGTTCTATTCTTTCCAAGATCTGGCGCCCTGTTAAAAATTTACCTTCTTTGCCTAAAAAGGGAGAAGTATTTGGTCCGATTGATATAGCCAGTGTTGGTTCCTCGATTTTTATAGTGGGCAATGCTTCCGGTGTAGTAGCGTCGCAAACTGTATCTCCGATACCTGCATTTTTAATTCCGGTTATCGAAACAATATCTCCGGATACGCCTATTTCGGTTTCAACTCTTTTTAAACCCCGATTCACGAAAACTCTCTCAACAATATTTTTTTCAGGTTTTCCGCCCGATGAGATTAGAACTACAGGCATTCCCGGTTTAACAACACCACGGGTCACCCTTCCGATCGCGTATTTACCTTTATAGTTGTCCCAGTCCAAAGTTGAGACCAGCATTTGAAAAGGTTCGCTATCCCGTGACTCAGGCTGAGGTACGTGCTTTAGGACAGCCTCAAAAATGGGAGTAAAATCGGCAGGAGCAGCGGTCAGTTCTGCAAGTTTCGAGAAATCAAAATCTTTCCAGGCTTTTCCATCCCTACCTATTGCGTAAAGAATAGGAAATTCAAGCTGGCTTTCGTGCGTTGCCAGTTCCAGAAAAAGATCATATATTTTGTGCAGGGAATTCTTAATCAAGGCGTCTTTTTTATCTATTTTGTTTACAATAACAATTATTTTTAAACCCAATTCCAACGCCTTTTTTAAAACGAATTTGGTCTGGGGCATCGGGCCTTCCTGCGAGTCCACTACCAGCAGTGCGCCGTCAGCCATATTTAAGGTGCGCTCTACTTCGCCACCGAAATCTGAATGACCGGGCGTGTCTATAATGTTAATTTTTGTATCTTTATAAATAACGGCAGTATTTTTGGCCAAAATGGTTATGCCTCTCTCGCGTTCCTGGTCGTTGGAGTCCAAAATCAAATCCTGATTCATCTCGGATTCGTTGTCCCTAAAGGTTTTGGACTGCTTCAACAATCCATCAACAATGGTGGTTTTTCCGTGGTCGACGTGTGCAATTATGGCTATATTTCTTAGGTTCATAGACAAGCGTTCATTATACACGCTATCGGCAGTTGCGGTTAATCCGTCATTGACATATCGAAAGCATTTTGGTTTACAATAATAGTATGCAAATAAAAAGGACGTCTGAGCACGGCTTTGCGCACGTTGCTTTGGTTCTTGCAATTTTACTGACAGCCGGTGCCGTTCTATCCTTCAAAGAAATCCCAAAAGTAAAAGAACTATCACGCACTCTGCTCGGAAAAATTGACCCGGGGAATGTGCTGTCCCTGGCCACAGGGAGACTTTACTATGTAGACTGTCAAAAGGGAAATGATTCGAACTCAGGAAATTCTGAAGGCTCCCCCTGGAAGACATTTTCAAAGGTGAACGGTGTGGCTTTAACGGCCGGTGACGCGG
CP006914.1_gap11	278505	281977	3472	TACATACAAAAGGAGAACGTAAACCAAAAAAGCGGCTATATAAGCGAAGATCGGCGTTGCGAATAAAAGGAACTCTTTTAAAAGGTCGACGAATCTTCTCCAGAGGTTTTTAAGGAATTCCAGGAAGTCTATAAAAGTTAGTGCGCCCTCGAGCAGCATATCCAAAATCCTGCCGGCTTCATTTTTCATCCCTATTATCACGAGAATTCCCAAAGTGAAAAATATAGCTGCCGACGCTATAAGAATTATCCAGATTACGTTAAGAATTACCGAAACCGCTTCCGGGAATAAAAATCCTGCCGCGAGGAACAAAGCCAGGATTACAATCAGTGTCGTAAGAAGTGAAAATACTTTCCTATCCATATTATTTCGGCCAACCTGGCCTGTAAATATATCTTTTAGTGTCATTTGTCTTTTCTAGTTAAAATTTCGTAACCGTCTTTCGTTACTAAAATCGTGTGCTCGGCCTGGGCAAAGTATCCTCCGTCAGCCATACGTGTTTCCCATTCGCTTTCGTTGACTACGATGTCGTCTCCGGTGCAAACGAGAGCCTCGATGCATATAGTCATTCCCTCGACAAGCTTCGGACCGTCGTTTACGCCGCCGTAACACGGTATTTCAGGATATTCGTGCATTTCCGAGCCTATACCGTGGCCTGCGTAGTCTTTGAGTACATTCAAACCTTGAGATTCTACTATTTTTTGCATTTTATTGCTAATCCTGCCAATGCGTACGCCGGGACCCACTTCGGAAATAGTTTCGTAAAGTGCTTTTTCTGCCGTATTCACTAAAAGGCTTTTTAGGCTGTTTGTGTTTTTTCCGACAACAGTGGAGAATGCGGCGTCAACGTTCAGACCCTTGTATTTGATTACGGTATCGACGGTCACAACATCACCGTCCTTTAAAATAACGCCTTTTTTCGGAAAACAGTGAACAGATTGGTCGTTTATGCTTAGGCAAAGTCCCGTAGGAAACTCAGGCATACCGTGGGGGGAATATCCTTTACACGTAGGGGCGACTTTATTTTTACTGCACATTTTTATAAATTCTTTTTCCAGATCGAGAGAATCCCTGCCCGGAACTAGCATTTTCTTAAGTTCAGACAGAGTTTCGGCAAGTATTTTTCCTCCGTGCCTCATTTTGTTGATATCTTCGGCGTTTTTTACAAAATCCATATAGTCCATTATACCCCAGAATTAAAGGGTTTTCTTAAATGGCCAAAAAGTGATAACATTTGCTCATGCCCGATAATAGACTTATAAATATATCCCTTTTATTAAATATCTTTGTGTCAATTTTGTTTGCCGCCTTAGTTGGTACGGGGGTGTGGTATCTGCTAAAAGTACTGACACCGCAGACAATATCTGTATCCGGGTCGTCTACCTCTCAGGTAAAAAACCAGATTGCATCATACTCTCTGACTATAGAGGTATCTGACGCTGACAAGGCAAAAGCTGTTGAAGCACTTACTGAAAGGTCCAAAAACGTAGTGCAGATGATCAAGGATTTCGGTATACCCGAAGAAGACATTGAAACAACCAGTCTAAACATTTATCAAAGACAGGATTCAGTGTATCGCGGCGGCGTTACTACCTATGAGCTCGGAGACTGGTTCGCTTCGTACACCATAAATTCCAAACTTCGTGATTTGGCAAGGTCGGACGATCTCACAGCATTGCTGGCAACAGTCGAAAAAGCCTCTATGTGGGGACCGAACCTCACAATCGACGACAAAATGATAGATGAAGAAGCGTTGCTTAACGCCGCCATCGAGGATGCCAGAAACAAAGCCTCGGCAATAGCCGTGGGAATGGGGAGAAAACTCGGGAAGGCTGTTCAAATCAACGAAGGCTTCGTTCAATACATGTACGGAGGCATCAAAAATGAAGCGTTCGGAGCGGGCGGCGGAGGGATACCTATTGAGCCGGGTTCCACATCGACCTATAAGAACGTTACCGTGATATTCGAACTGAGATAATGACCAAGACCTTAAGAGGTATTTTTATCGGTTAAACAACTAAACTTACGATTTTACCTTTTATGTATATTATTTTTCTTATCTGACGGCCGTCAAGCGACTTTGTTATATCGGCGTTGTTTTTTAAAAGTTCAGCGATAGTTTGCTCATCGGCGTTCGGAGCTACCTCAATCTCGGCACGAACCTTTCCATTCACCTGAACCGGAATGATAATAGTACTCTCGGCTAATTTAGAGGGGTTGTACTTAGGCCAGTCCTGCAAATGAACACTATTCCTCTTATCCCAGCTCTTGAAACCGTTTATCTCATGCCAAAGTTCTTCAGCTACAAAGGGTATAAATGGAGCGAGCATCTTAATGTAGCCTTTCCATTGTGCCGCACTTATTGACGGGGTTTTCTTTGCGGCGTTGGCGAAAATCATGAACTCACTTACACAAGTGTTCATTTTTAGGTCTTCACACATACCTGTCACTTTTTTAACCATCAAATTGTAATCTTTTTCCAGCTCTACGCCTGCATCTTCGTCATCTCTCACCTTGTTCTTTAAAAGAAAGAGGTTATCGATAAACTTTTTAGTTGCTTTAACTCCGTGGTCATCCCATGGATATGTTTCGTCGTAGGGACCGATAAAACAAAGGTACAGTCTGCAGGCGTCAGCCCCGAAATATTCCACAATTTCCTTAGGGTTAATAACATTCCCGCGCGACTTAGACATCTTCTGCCCGTCTGCTCCCAGTAATAGGCCACCCGTCATCCTCCATTTATACGGTTCTGAGGTAGGCACTAACCCAAGGTCATAAAAAAATCTGTGCCAAAACCTGGAATATAAAAGGTGCGCGGTTGTGTGACCGCCGTCACCGAAATATTTATCGACGGGAAGCCAGTACTTCAGGATTTCAGGGTCCGCGAAGGCCTTTTCATTTTTTGGGTCGCAGTATCTTATGTAATACCAGCTCGAACCTGCCCATGTAGGCATGGTTTCGGTCTCTCTTTTTGCGGAATTCCCGTTTTTGTCCACAGTCGCGACCCAATCCGTTAATCTTGCCAGGGGAGCACCGCCGCTTTCAGAAGGCTGGTAATCTTTGGTATAAGGAAGTTCCACAGGAAGTTTTTTATGCACTTCTTCCATGTCCTTCGTATCAACAACAGCTTCGACACTACCGTCACTTTTATAAACAACAGGAATGGGTTCCCCCCAATATCTCTGACGGGAAAATACCCAGTCACGAAGCTTGTAATTTATCTTGAACCTACCGAAGTTTTCTTTTTCGGCTTTTTCGATCATTTCCACTATCGCCTGTTCGGAGGACTTACCTGAGTAGTCGCCCGAATTTATGGAAATCCCGTAACCTGTGTAGGCTTCTTTATGGACATCTACAGATGTATCGTCGGCCGGTCTGACAACCTGCCTTATTTCCAAACCGTATTTAACAGAAAATTCGTGGTCTCTTTCATCATGTGCAGGAACACACATTACAGCTCCCGTACCGTAGG
CP006914.1_gap12	295945	297684	1739	TTAGCCGTTGTCATCATTACCTTTTTTCTGGGAAAATGGGTAGAAACTGCTTTTGATAATACTTCGCTGTAGTATAATTGGCGGGTTTGGGGACGTAGCTCAGTGGTAGAGCAACCGGCTCTTAACCGGTTTGTCGTGGGTTCAAATCCCACCGTCCTCACCATGAAAAATTTAAGGCTGCCGTAAGGTAGCCGTAATTTTTTGTAGATGAGGTGGGATGAGAATGCCGGACTGAGCGAAGGCGAAGGAGGCGGGGTCGACGGAATTCTCAGCAGAGAATTACCGGTGACCGAATCCCTCCGTCCTCACCATGAAATTTTCCTGTACCACAAAAAATGTGAAGATTAGGAAGCTTGGATCTCGCCCTTCCTATTGATAAACGGTCAAATACTATATAATCAGATTATAGAGAGCCAGAGTGGCGAAATTGGCAGACGCGCAGTCTTCAGAAGGCTGTATCGCAAGGTGTGTGGGTTCGAGTCCCACCTCTGGCACCAGTATTTGATTAATTTTTAAAATGAAAAATATAAAAATTGCCTTGGTGGTTACACTGGCTTTTGGCGCTTTATTTATTTCCTTCTACAATTTCTTCTACTTAAGGAATCTTGAGAACAGATTAAGAGGCATCGAAAACAACCTGACAGGTAAAAGTTTGGAAGCAATCGATAACGTAGCCCCCGTAGAAAATCCGGTGGCTTTAGAGACCTTTGTAGGAACACTCAAAAAAGAGCCGATTCCGAAAGAGCTGGATTTGGGAGATTACTGGTACATTATCTATTTTGATGAACCGTACTTTCTTGAACTGAATGCCCGCGGCGTGCCCATGGACGTAAACAGACTCGAAGTCTACCCTCCGGAGCGTGAAGAGCAGGGAATGGATGCTTTTGACGGACAGCATGTGGAGATTAAGGGCAGTCTAACCTGGGGTTACGCCGAATCAAGAGTTATTCAGGCAGAAGAAATGGTGCTTAAATAGGAGTTTAATCTAGTGCTTAAATAAGGACTATTCTGGTATAATTCCTCTTGTTTGGGCGAGTGGCGGAATTGGTATACGCGCAACGTTGAGGTCGTTGTCGGGTAAAACCGGTGCAGGTTCAAGTCCTGTCTCGCCCACCATTATAAAAAGCAGGCCGGCTTAAATCGTTATTTAATAATATATATGAGGTCACTACGCAAAATTTCTATCCTGCTTATTAGTTTTTCCATTTTTTTCACAGCCCGTGCGTCTGCCGAAGAATTAATCCGGTCTTTACAACTCGATTCTGTCGTAAATGAAGACGGGACCGTAAGTATCACGGAAACCATTCTGTACGATTTTGGCAACGAACAGCGTCACGGAATTTTTAGATATATTCCCTACAAAAAGGTAAATCAGGACGAAAAGTCCTATGTTTTAGATATAAAAGTCGAAAAAATTACAGATGGAAAAGGAAACGACTATAAATACACCGAGACTAAATCCGGAAACGACTTAATGATAAAGATAGGTGACCCTAATAAAATTCTATCCGGTCAGCATATATATGTTATCTCATACGTAATCAGAGGAGGTCTGACTTACTTTGAGACCTACGATGAATTTTACTGGAATGGCGTAGGAAGCGGCTGGAAAATACCGATAAATTTTGTAACGGCCACTGTTAGTTTTAATCGGAATTTTGTAGAAGGAGAGTTGGACGGAGTATGTTACACAGGTCCGGTAGGAAGCACTGATAAATCTTGTACGATAAATAGGTTAC
CP006914.1_gap13	303123	307620	4497	CTTTGGTAAAGGTAACCTCGTCCTGAATAACAGGCTTGACGCTGATTCGGCCGCCGTTGTTACGCTGATAAACGACCTCCTGAATAAAGTTTCTTCCGAAAAGCTTTATGTTGAACTTGTCGCTCAGAACCAGGACAAAAAGCGTTGCAGCCGCCAAAACGGGTAAGAATATTAAGAGAAAATCGGTATCTCTGTTGTTTCCGCGCGGTCTTTGAGCAGAATCGGGCACACATTAATTTAACCAAATAATGTCGCAATTTCAAAGAGATTTGATAGAATAATGGACGGAAGGTTCTGCTACGCATTTTCCTTCTTCGTGGATTTTAGGGCTTGTAGCTCAGTTGCCTTTTGCGGAGCAAAACTTCGCCGCAGGCGAATTCAGAGCGTTCGCGATAGAGTTTCGTACGTAAGTGTTTAGACCTGATAGACGTTTAGGGCTTGTAGCTCAGTTGGTCAGAGCGTTCGGTTTACATCCGAAAGGTCCCTGGTTCGAGCCCAGGCAGGCCCACCATTTAAGGATGCTGCGAAGCAGACATCCGAAAGGTCCGTGGTTCGAGCCCAGGCAGGTCCACCAATTTCTAAAATCAGAGTTTTCTGCAATCACAGAGGGTTCCAATCTGGTAAAATAATATTTGTTATGGCTGATACACTTACATTAAAACCGATGAGATTACTCAGGGAAAATATATCAAAGATTGAAGTAGCTAAATACTATCTTGAAATTGAATTTTCCAAGCTTTTTGAGAATGTGGGTGTTAATTTGATTAATGAAACTATTGATAACCTTACAGAAAGTAAAATCTGGGCGTTGCTTGAAGCAATGTCTTTTACATATCGTCTAAATGGCGTTTTCTTTAAACTTGCTAGAGAAGGATATACATGGAATGAAGAAATTTGGAATGTTGGGGATGTATTACTTACAGGGATGGATTCAAATGTTAACAAAGTTATTTTTTCGGAAGAAGTGAAAGGGGACGCACTAAAATTCAAGAATTATCTTTTGACTTACTTTGATACTAATAAAGAAAGCGACCCTCAAAAGCTATTTTCATATAAACCCACAAATAGAGAATTGAAATACACAAAACTTATTGCTACTAGAAAAGATAACAAGATTGCAATGTTGGATGGGTCTCATAGGCTAACTGAAATGTTACTTAGCGATACAAAAGAGGTACATATTTTTGTAGGTCATCCGGTTGAAGGAATTCCTGAAGAAAGCAAGAAAACTTTAATTGGTAATAGCACTTTAATATTACTTACAATTTTATATAAACAGGGAAATGAAGAAGAAAAGAAGGCAGTTTTGACTGTTGTTAAGGAAATAATTGCTAAAACCTTAGATGGAAAAGATGCAACCCAAAAATATTGGGTTGATAACATTTACAATGATGAATTCAAGAAAGTTGGTGAAAATCTCCTAAAGGAGTGTAGTAACTCTTATTTTAAATGCAACTAAGAATAAATTCTGCCGGGCGCCGCAATTAAACCGTAATTATATCCGTTTTACACCTGCCGATTTTTCTACTAAAATAGCCCAAAGCAGAAAAGGAGTAGAGAATGACCGAAGTCAGAAACGAGTTGTCCGCAAAAGTGTTTGCAAAGAAGTATGCTGTTTCGGAGTTCTCAGTGCCTGAGTCAGCGATTGCGGTGACAGGTATAATGCTGGTAGCCGGCGCTAAACTGGCGAAAAACTCTTACAGCGTAATGCTTAATGTCACCCACAAAAACGGTACAATAAAGTCGCACCAACTGGCAGTAGATATTAAACTCGGGAGTGTTACTCTCATCTACTAGCCCATCCACGGTAACTGTAACTTGACTTTTCAACATCCTATATATACTATAGGGCAAGACCAACAGAGACACGGGAGGAGGAGACATGAGATACAAATTTCATTGGGAAACCTGGGCGTCATTTTTAATGGCTGCAGCCCTATACCCGCTGATATACATCCTGATAGCAGGGCGCGAACACGTTTTCGCAGTCGGGTTGTTCGGCTCTTTTCTTCTTATATCCGGAGTTATATGGGCAATCAAGAAATATCCGTATCCCGCGATGTTTTGCTTTACGGGAGTACTTTTAGCAGCAGCCCTTTTGGTTTTTCCCTAACGCGTGTTGACCTGCGCCATCCCCCGATAAACTTTACTTTATGTGAAGCCAAGCGGGGGATTATGCTTCTTTTCCGCTCATTTTACAAATTCGGGTTAAAAGCCTCGGTGTAAATTGCGAAATCTTTTAAGCCCGCTTTATTTATGATATCAGAACAGTCGCGGATCATAGCGGTATTTCCGCACAAGTAAAAATCAGTACTATCCGCAACAAAATCGGGCAGGCAAAATGTAACTCTGTTTGCAAAAAAGGGCGGTTTGAGTCCGTCGGTTACTCCCGACAGACATATAAAGTACTTAAATTTGGGCGACATTTCCAGGAACTTCTTGAATTTTTCTTCGAAAAAGACGTCTTCCATATCGCGTACGCCGAAAATGAGTACAACGGACTCTACAAAAGGATCTTCTAAAGCCGTGCCGAGCATAGGAATAAAAGGTGCAATGCCCGTAGAAGTAGCCACAAAGACCAGGTTTTTCCTGCCCTGTTTACGGTAAAAATACCGCCCGGAAGGGCCTATAAAGCCCGCAGACGCGCCTATTTTCAGGGAGTTGATAAAGTTAGCCCCAAGACCGGGTCGTCCCGTAATAGCCGCCAGTTCCACAAAAGGTTCGCCAACCGCGTCATTACAGATAGAGTAAGAACGGTAGGTGCCGTCAGCTACCTCAAGGTTAATAAATTGCCCGGGAATAAAAGAAAACTCCTTAACGCCGTCAACCTTGAGCTTTAACCAGGTAACCAAAGGAGAAAGTACCTTTTTATCCACCGCAGTAGCGGTGTGCCTTGCGGGTAATACCATACCGGTATATGGTAACATAGGTTCATGACCTTCTCAGCAAAAAGAAAAATAGTCCTTATATTGTCGCTCATTTTCGCACTTGCCGCGGGTTTTATTCTTATGGTAAAAGTGTCTTCACCAAAGTTTAATTACGAAATTAAAACGTCCGTTATAGATAACGCCGAACAAATTCCCTTAAAAATCACGCCCCAAAAAGATTCCATTACATTTGAAACAAAGTTTTACGACCTAAAGGGTAATTTTGAAACTGCGCAAATGAAGAGAAAATTAAAATTTCAACCGTCCTTTCCATTTTTAATTGTTGATCCTAACATCACAGTGGTTTTAAGAGACGCTGAGTTTACCGAAGAGGAAACTTATGTTTATTACGAAATTTTCGGAGCGATAAGCAATTTAAATCCTGGTGAGTACAAGTTAACAATGGTCGACGGGTTCGGAAATTTAATTGACGAAACTTTTGTTGAAATAAAATGAGCGAACACGGTAAAAAGGTCGGTTTGGCTTTGGGCAGCGGAGGCTGGCGGGGTTTAGCCCACATCGGGGTCATTAAAGTCCTCGAAAAGAACGGAATTTCCATTGATTACATAACAGGTTCAAGTGTCGGAGCATTGGTCGGCGGTTTGTATGCTTATTACGGAAATATCGTAGAACTTGAGAATATTGTTCAAAGTATCGGGTACCTCGACATGTTTCACGCCTTGTCGGATCCTAAGGCAGAGCTGGGACTTATAAAAGGAAACAAGTTCGTGGCTTTTCTGGAAGGTTATTTAAAGGGAGCAAAAATCGAAGACCTGAAAATACCTTTTAAAGCCGCGACAACAGATATTTTGACCGGAGAAACCGTATATCTTGATAAGGGCAATTTAGCTACGGCAATAAGAGCCAGCATTTCCGTACCGTTGGTTTTGGCACCGGTTGATATCGACGGAAAAAAGCTGGTGGACGGAGGAAACTCAACACCCGTACCTACGGAAGAAGTCAGAAGAATGGGAGCGGACGTTGTGATCGGAGTTAACCTGTACGGAAACATTTTTCCTCTGACTGCAGCTGTGGAAGGTGAGAAGAAATTGGGCGCACGCGAAGTATTTAGTCTCTCTTATCAAATACTGTTAAACCAAATGGCTAAAGGGAATTTGAAACACGCGGACATTGCTTTGAACCCCAAGATACCCGAGAGGAGCTTTAACCTCTTTAAGTTTGTAAAAGAAAAAGGCACGGTTTTGGTTGGGGAGGAAGCGATGGATGGGGAGATGGGGGTTTTGAGGGGGTTGTTGGACTCTCAAAGGTGAGCCGAAAAGGTAGGATAAGAAGCTTTAGGTGCTGGTTTGAGTACCGTCAAGTGCTATAATTTCTTGTGTTTGAGCGCGACTAATGGGGGATCGTCTAACGGTAGGACTGCGGGTTTTGGTCCCGCCTATTGGGGTTCGAATCCCTATCCCCCAGCCAGCGTTTTTGTTGTCATAGCGCCACTTACACAAGCAAATTATTTCGCAATTAAGATAATGTATAATTTTCGTATGGCTGATATAGGACAAACTAATGTCACGCTTGTTCAAACTGAAACTGCAGACAAACTTGTTCTAAACGG
CP006914.1_gap14	341235	345812	4577	GGTATAAGATTGCAGTAGACCAGGAAACAATCAACGATACCTCTCCTTCCGAGATACCCGATGAGGCTAAAGCCCTTCAGGAAAAGCTGGATTATAAATGTCTTCCCTGGCTCCCCGATCAATCACTATTTGAACTTCCCGCAAACGTAGAATTTGTCGATTTCTCTGAATTAACCAAAAACTCCGGAGAACCCGGAGATTCGGGTAACATGTGCGCATTATGCGGTATGATGCAGACCGAAGAAGAGAAGACCAAATGTCTGTCCAACTTCAACTGCGAATAGTCCTGTAAACAATAATGAAATTATTGAAAAGATCCGGGGCGTTCATAAAAAAGCACGTTTGTATTGTTGCCTTTTCGGTAGTTTACCTCGCACTCTCTTTCCTTCTTTATAAAGACTTCGGTGCAACGTACGACGAAAAGGTCGAGTACGATGCAGGAAAATATTTTTCAGCCTACCTGTCTACTCCCACGACCCTAGAGAACACCGACAAACTTATTAACAATAGATCCGAGAACATCAAATACTATCATCAGCTACCCCTGTTCAGCACTTATTCCAGGGTCTATCCCGCCCTCCTGAACATTCTGAACCCATCATTTTACTTCGAGTGGTTCCATCTGCAAAATCTTATCCTAGGACTTTTTCTTTTCATTTTTTCCTACGCGATACTTTATTTAATATATGGGGACGGTTCGAGGGCAGTGGTAGGGCCGATCCTTCTGTTTCTCACCCCCGTTGTTACCGGCCACATACCGGCAAACCCGAAGGATATTCCATTCGCGACTATTTTTCTTTTCGGCATATTTCTTATTTCATATTTCCTAAAAAACCCTAAGAGCAAGTCCGTCGAAATTCTTATGCTTGGCGTAGTTTTCGGTATCGCCCAAAGTACAAGAGTGGTAGGATTTTCCCTTTTTGCTACGTACTTTCTGCTAAGCCTGTTTCAGACTGTATCCAAAAAGGAGAGGGTAGCGGAAACTCTTTTAAATTCCACGATCATATTGATGCTCTCGTTTTTTATCTGGGTGCTGAGCGTACCTTTTCTGGGTGCTAATTTTTTAGCTAATCTTATATATATAGTCACGGAGACGGCGGGGTTTCAAACATGGAATCACGAGATACTTTATATGGGTAAATTCCTTTCAAAGGAAGAAAGGCCCTGGCATTATCTTCCCGTTCTTCTTTCGATACAAATTCCCTTAACCATTCTATTTTCCCTCGCTTCCGGCGTATTTCTCGTGATCAGAAAAAAGCTCCGATATAACATTTCACACCCGGTCTTTGTGATAACAACAATTGTCCTTATCAATTTTATTATTTATTTTGCTCTCCGGCCGGTAATCTACAACGGCATCAGACATTTTCTGTACCTTGCGGTTTCTTTGGTAGTTCTTGCGTCTTTCTTTTTAATTGATCTATACGACAGCCTAAAGAGAGAACATAAATTTATTTTATGGGGCGCCGTTTCAGCGTATTTATTATTTACGCTAATAAGAATGCTCCGCCTCCATCCCTACGAATACGTTTACTATAACGAATTTATAGGAGGGTTAAGGGGAGCCAACAAAAAATTTGAACTGGACTATTGGGGAGCGGCCTACAAAGAATCGGCACTGCGTGTACTTGGTGTTGTTAAGCAGAACAGCATTAAAGATCTGAAAGTTTACGCTTGCGATAATCAATTCGCGGTAGTTTATTACTCCCAGTTCCAATATGAACTTGTCGGAAGGTCGCGCGATGCCGACATAATAATCTGCGACACATTCAAAGAACAGCTAAGAGAAAAAACCGAGGACGCCGCTTACCAAACCACATTCCCCGTAGTGTTCGAAATAAAGAGAGAGGGAACTCCTATTCACGTCGTACGCGCAAGGCAGAGATTTAGCGTCTTATTCGACTAAATTACTCGATTATTATTTGCGTACCAGCCGCAGATTCAGGGGCCTGTCCTTCGATAGACCCGGGTTCCGTTGTTCCTGTTCCTGTCGTGTCCGTCGAAGACGGTGAAGTGTCGCCCGTTCCTTCAGCCCCGCCCACCGGTGCCGATTCTCCTGTTCCTTCGGTTCCGTCGTCAACAGGAACGGATGTGTATCCGGCCAGCAGTTTTGAAACCCAGCCCAATAAGCTGAATTGACTTTCACTTGCCTTTATCACGGAGATTATCTTTTCTCTCTCAGCGTTCAGAAGATCTAAATTGGCCTGTATTGTTTCGTCCCCGCCTTCTGAAGTAAGTTTTTCAACCGTACTGGTCAGTTTCCTTATCGTATTGGTGTTCTTAGCCAACGTACTTCTCAGCTGACCGAGGTTTTTATAATCGGTGCCGATAAGAAAGATCTTCCATTTAGGCTCGTTGACAACTTCTTCGATGGCTTCTGCCGTCTCGTCAGTCGTCTCTTCCTGCTCCTCGGCTATCGAGGTAAGTTCTTCGCCGACTTCGTCATTGCCTCCGGCTTCCTCGGTCTCGGCGACTCTTTTGATTTCTTTCACAACTTTTCCGACCACCTTTTTATGTTCAACTGCCGCAGTTTCCGCAAAAACATCAATGTCATTTTTCACTGATCTTGAGTTTTTTACGGCTCCGGTGTTCTTTTCGGTCTTCTTACCCTGTACCTGAGGCGTTTCACCCGTACCGGCCGGTCTGTTGGTTATTAGATAAGAACCTCCTGCTATTAAAGCAAAAATGGCTATCAAAATAGGTAGATGGATAGAATAAAGCGTATGAGTCTTTTTGAAATTATTAGGCATGGATAAATTGTACATCGAAAAGTCCGCAAGGTTCAATGGCGGAAAATGCCCTGCCGGCATAAAAAGGGAAAGCAGCCCGTGGATATAACGGGCTGCTCGTCTGAACAAGTAAGACCGGATAACCGGAAATTACCTGAGGCCTTCAAAACAAACCGCTTTAGTCACATGGAAATTAGTTCTGATAGAACCTGAACTGGGCTAATTTCATGCCGTTGTTATCGTAGCTCCAGAAATAATCCTGAAGTGCGGGATCAAACAACGGATACCTTTCTTCAACCCCATCTCCATCGAGATCTACATACACATACAGAAGTTGTGAGGTTACGTTAGTAAAAGAGCTTTTGCCCTTTTCTCTAACCATTACAACATTCGATGTCGAGCAGTACTCAACATTGTCTATATATGCGCACGGGGTCGTGGTGGATGTACCACCCGGTTTACCTAAAGCTCTCGCCCAAACAGTGTAAGCAGTCACACCGTCATTATCAGGGTCCGGATTAGGTAAGCTGAACACAGCTCCATTACCGTCGGTACCGTTCGCGTCTAAAACCGCAAAATCGGTTCCGGGCAAAAGGTTCACCTTTATCTTCCCATACAACGGAACAAATATCCTGTGTCCGCTGCCGGAATCCATAAATGCGGTTTTGTCCTTGGAAACACCGATAATGTTTAGGTTATAATGAGCACCGCTGGGTGCGCCATTACCGGTAATTGCCGAGGTTTTGGCCCTTACTGTAAACAGTAAGCCAATAACCACAGTCGTTAAAACCATTGATATTATGGCTTTCTTCATGTTACTCACCCCCTTCTTACTTTTTAAGTTGCTACATCTCGCAGCAAGTAGTTGGTAAGATAGGGAAGGCTTCACTTAAATTAATATTTAAGCTCCCATTTAAGCCTTTTCGGCAGGATTCGTCGAAACACTAGATAGTACAATATAGGGTGGTTTTAGTCAAACCGATCGAGTCGTATTGCATAAATAAAAATTCGGCGTATTATATTGATAATTATCTATTTATTTAATTCGGATAAGGATATTTATGGAACCCCAAAAACCAAAAAATCAAGGATTTCCGTATTTACCACTCTTATTAATTTTAGGTGGAGTAGGGATTTATTTCCTGCTTAACAGACCCTCAACGAAAAATCCTGTAACAGAAAACACATCTACTTCGCAGGTCAGACCGGTAATCGAAGAAGAAGAACCCGAACCAAGTGCAAACCAAGTGAACCCGGTGCAGAACGAAGTAAGAGCAACAGTTGAAGGCAGTCCATTTAAATTCTCGCCAAACACAATATCTGCGAAAGTCGGCGACAAAATTATAGTTACGTTCAAAAACATGGAAGGAACCCATGATTTCGTCATCGACGAATTTAACGTTGCAACAAAAATGACCAAGACAGGAGAAACCGACACAGTCGAATTCATCGCGGACAAAGCAGGGGTGTTCGAGTATTACTGCTCGGTAGGCGAACACAGAAAAATGGGAATGGTCGGCACACTAACTGTAGAATAATGTACAGATGAACAAAGAGGTCAGAAGGTTCGTATATCTTGAGGCTATGTTGCTCTGGGCGTATGCATACCTGGGGCTTTGGCCGTTCGACTCTCTTCCTCAGCCGTCGAGATATGCCTTCCTGGCCGTAATATTTCTATATTCCACCCTTATGGTCAGTCCCCTCACCATAGTTTTTCCTAACATACCCTATAAATTGACGTTTTTAAGAGCCAGAAAGGCCTTGGGCATCTCCTCGTTCTTTTTCGCTCTTACCCATGCCCTGACAGCGTTTAGGGATAGCCTGGGAGGTTTCCAGGGAATTGTCTTG
CP006914.1_gap15	438227	440015	1788	AATCATAGTAAGCCTCGCCAAAGAGGTTGATAAAGTAACTGATTTCGAAAAAGAAATGCTGAAAAAATTCTCCGAAAGTGCGGGTGTCGCAGTAGAGAACTCAAAACTTTACACAAACCTAAAAAGGGCCAAAGAAGATTTGCACAAAGCGTACGAAAATATGAAAGTGTTAAACACCCTGAAAGATGAGTTTCTCTCCGTGGCTTCTCATGAACTTAGAACTCCCATGACAATAGTAAAAAGCTATCTTTGGATGCTGGAAAAACAAAAAGCCGGAAAATTGAACCAAAAACAACTTGAATATCTTAATAAAGCTTTGGTAGGTACCCAGAGAATGATTTCCCTTATAAACGATATGCTGGACATTTCCAAGTTCGAGAGGAAGAAGGTTTCGTTCTCTATTACTCAAATCAACCTTGTCAATGTCATTAAAGACGTACTCTCTAACTTTGACGTCAGGGTAGGGGAGAAGGGTTTAAAGTTAGAATTCAATTCTCCGACGGATGAGGTTCTGGTCGACGCTGATCCTGAAAAGCTGAGAGATGTGTTCACAAATCTGGTGGAAAACGCAGTGAAGTTCACGAAGGAAGGTACCATATCCATATCGATAGAGGAGTACGAAGAGTTTTACAGAATTTCCATAAAGGACACCGGGGCGGGTGTGGACAAAAAAGACCTTCCCAAGCTTTTCCATAAGTTCGGGAGGATAGACAACAGCTACACTATCGCCACCGATTCGGGAGGCACGGGCCTGGGATTGTACATTGTAAAGCTCTACATTCACGGTATGGGTGGGATGGTAGGAGCCGATTCAGAAGGTATCGGAATGGGAAGCACTTTTTGGATTACTCTTCCGAAAAACAAAATTAAAAAGTTCGGTGTCAGTTTAAGACAGGTTGAGATACCAGTTTAATATTTCAATACCCCAGACAAAAGCAACCAGACTTCCCAGAATCAGGAACGGGCCGAACGGTACAACACTTTTTAGTGTTTTTTTGCGGGACAGAACAAGCCCGATACTTACAACCGCTCCTATAAAAAATCCCAGAAATACTGCTAACAAATTGTACGGAAAACCATTCACCAGTCCGACAAGTAACCCAAGCCTTATGTCTCCGCCACCCATACCTCTTCCGCGCGTTACCCAAACAATAAAGAAAAAGAATAAGGCGATAGCTATAGCAGAAACAAAATTAAAACCGAGAGAACGCACCGCTGTCTCAACCTGACTCTCAAAAAATCCTGCTTTTAACAGATAGCGCCCGAAGTCATCATTCTGCAGTCTGTCTCGATACTCGTACAGATTGATTACCGTTGTTGATAAATTAAAAAGCGCAACAAAAATTATGGCGGGAACTACTATTTTATCGGGAACAAGTAAATATTTAAGATCCGTGAGCAATAGAATCTCAAAAAATGAAAATACTACGGCCAAAAAGAGAAACCCTACTAAAGTAGAGACGGAAAAGGGTTCGAAAAAAGAAAACTTTGACAGAGTCGCGGCAAGAACCAAAAACAGCCCGGCGAGTACTTCGGAAAAAGGGTGGTACCACGAAAGACCGGTCTTACAATACGAACACTTTCCTTTCTGCACCAAGAATGAAATAACCGGAATAAGGTTGAGGGGTTTTAATTCCTCTCCGCACTTATCGCATTTCGAATGATCGGCGACGATTTTTCCGCCCTTTACAACACGGTCCGAAACAAGATTTAAAAAAGAACCCAGAGCGGTTCCGAAAATAAAAATAAGACCAAGATTGATATAACTTAACACCATATAGCAGATTC
CP006914.1_gap16	443656	445861	2205	GTCTTCCAGTGTGACGATGTTAACGCGAATAGTGTTCAATTTACTCAAAGCGGACGCCAAAGTTACGGTTTTCCCTGAACCTGTAGGACCTGTTACCAGAAGCATTCCGTTCGGCTTTAATGAAGCCTCTTCAAATCTTTTTAAAGTAGAACCGCGCATACCGAGGTCGCGGAATGAAAAAACCGTACCTTCTTCTTTGAGCAACCTGATAACAACTTTTTCACCGTAAATAGTGGGCAGGGTAGAGATTCTCAGGTCAGTCTCGCTTTTTCCTACCTGAACTTTAAAACGACCGTCCTGAGGAACCCTTTTTTCGTCAATCTTCATTGAAGCCAGAATTTTTATTCTCGCAATAACCGAATCGTGCATCTCTTTCGGAAGTTTTCTTTTTTCTTCCAAAATACCGTCAACTCTGTACCTTAAGCGGGAACCGTCTTCTCCGGGTTCTATGTGTATATCCGATGCCCCTATCTTAACGGCGGTTTCCAATATCATGGAGACAATTCTTGCAATAGGCGCGTCGCGTAAAGTAGCGTCCGTGATTTCGCCGCCGCTCTCTTCAATTTTTAAAGTGGTTTCGGTAATTTCCTGCAGGGCAGCCGTGATTTCTTCGCCTAACTCTTTTCCTTTTTGCTCCTCCAAAACCTTTTCAATTGTTTTTTCGGTAGTTATATAAGGAACAACTTTGTACCCGGTTTTACGTTCTATAAAGTCGATGGTTTGAAGATCGAGGGGGTCGATCATCGCGAGTGAAAGTTTATTTTCTTTTAATTCAAAGGGGACAAATCTATATTTTTTGGCAACGTTAAGGGGAACAAGATCCATCAGACTCGGATCTACCTGCTCCGCCGTGAGGGTAATAAAGGGAACGTTGTAGACCACACCCAAAGCCTCGGCAAAATCCTCAGCCTTAACATAGCCACGGTCTTTTACAACCTGCTCAATACTTTTACCGGTATTAACATTTTCAAATTTGATAGCAGCGAGCTGATCCGAATTTATCAGCTTCTTTTCGTACAAAACATCTGCGACTGTTTTAACTGTATCTGCTTTTAACATAGGGCAGCCAACTTACTTCTACCTAAATATGTTAGCAACTTGCCACAATGTCCGCAATACTTCTTTTATATTAGAGGTAACAACATTCCTTTAACTGCCTCATTCCACGTCGGAATAAATAAAGTATAATCTCTCTATGGGTAAGGCAGTACTTATATATGGCGGGACATTTAAAGACAGGGCGGAGATGCTCAGAAAGCAAGGTGTCCTTCACATTGAAAATTCCGTTGATCCCGATCTTCTGTTAGTGGAAAAGGAAGAGGGCAAGAAAGGCATAGGGATTAATTCTTCCCGCGGAGTAAAAAAATTTCTACAGGAAAAGCCTCTGAGCAGAGATAAGAAAACCGTGGTAATAGCCAATTCCGAGCTCATGACCACGGAAGCCCAAAATGCCCTGCTCAAAATACTGGAAGAACCACCCGAATACGCCGAGATATTTCTGCTTTCTAAAACCGAGAACTCACTTCTTGAGACGGTAATTTCCAGGTGCATAAAGAAACGTGCGTTCCCTTCGGAGGAAAACGAAAAAAAGGATTCCGGGATACATGGGATACTGGCTATGAACCCTGGTCAACGCCTTGACAAGGCCAAAGAAATATCCGAAATAGAAAAAGAGGAGATCGGAGAAGTCATGGAAAAATGGGTACGGGACCTCCATTTCACAACCCCGGGCTCCGTGGCGGCATTACAGATAAAAAAGATACTCCAAACTAAAAAAAACCTCGAGGAAACTAATGTGAACCAGCGCCTCGCACTGGAGGCTCTTTTGCTTGATTTGTAGGCAAAAAAGGGCGAAAAGGTGTTGAATAAAACCTCCCTCTGATATACAATACTAGGGTTATGGCTAACAACTACGATAATTACAGCTCCGATCAAATCCAGGTACTGGAAGGTCTCGATCCTGTCAGAAAAAGACCGGGAATGTACATCGGCTCCACCGGACAGGAAGGTCTGCACCACTTAATAACAGAGGTAGTAAACAACTCTATGGACGAGGCTATCGGGGGTTACGCAAGTCACATCAAGCTCGTTTTCACCGAATACGGCTCAGCGATAATTTACGACAACGGTCGCGGTATTCCCTATGATATTAAAAAAGGTTACGGCGTAAGTGCGCTGGAACTTGCTTATACAAAATTACATGCC
CP006914.1_gap17	464870	466889	2019	AGAGGATAAGAACAAGCCCCAGGCGGGACATAACGGAGTTAAAGGAGCTTTTTCCCGCCAGATAAAAAAGTATTACAAGTACAGCCAGGCTCAGGGGTATAGGATAGAAAATTCCGCAATTCCGGATTGGGAAAGATAGAAAACCCACGGAGACTTATTCTCCGTCGGCGTGCTTCAGACAGGTGGTGGCCTGCGGGTATGCTCTTAGACGGGCCTTATCTATTGGATCGCCGCACACTTCGCATATACCGTATTTTCCTATCTTAATAGCACCCAAAGCTCTCTTAACCTCAATAAGCATGGTTTGTACTATATTCACGCGGGCGTCGGATACGGTTTTTCTCGTGTCCTCCAGGATAGCCTCATCCATGTATTCGGAGTTCGACTCTGTCCTCCCTGTCTGAAGGTAAGGATCATCTTTCATTAAACTTACCTGCTCTTTTTGAAGCTCTTTTTCTTTTCTGATCAACTGTCTTTTAATTAATTCTATAAATTCTTTAGGCAAATTTCTGGTGTTCATATATTTTTTACTCCTGTAGTACAGGTTGAGTAGACCAATCATAAACAATGCACCGGAAAAGAGCAAATATCCCGAAGATTTGAAAAAAACCGCAATGACTACAGCCAGATAAAAAGAAAATAAGGAAAAAATCAGGCCGGACACAAATCTGTATCCCCTAAATCTCAGCACGCCCAGATAAAAAGACAGAGTAAGAACAGCGATCCATAAATGGTGCATCGAACCGTCTATCAAATATTCCCCGAGGCTTATAAAAACAAGGAAAAACCCGAATGCCAGAGAGTATATATCGAATATTCTAAATATTGACCAGCGTCTCTTATCCGAAAAATAAAAGGGCGGGAGAAACGCGCCAAGCAGTACCAAAAAGCTCACAATAATCTCGTAATTTACCGATAAAATGGGGTTGTTAGGCCTATAGATACGCAGGTAGGTATAAAGTAATCCGAAAAGGTAGTAGGACAGTGCCGCAGATACTGTCGAGACAACGACGAGGTCAAAAAACCGTTCGTCGTCGAAGCCGTCCTTGCGCGCTTCATACCACATAACGAAAATCCAAAATACGAAGCCTATCACCAGAACAAGATACATTGTGGGGACACGAACAAGGCCGAAATTAATAATTTCCGATAACAGCATCTTTAGGCTTTAGAAATGTACTCCCCGGAACGGGTATCTACTTTTATTTTATCCCCTATTTTTATAAATATAGGAACTTTGACAACAGTGCCGTTAGTTAGGATTGCCTCTTTCTGAACATTAGTAACAGTGTTGCCCTTGTAACCCGGCTCTGTGTAACCTACTTCGAATATCAGAGATGCCGGAAGATCCACCGATATTGGCCTGTCATCAAAATATTGAACTATCGCTTTTTCTCCTTCGATCAGAAAATCGGTCAATCTGCCGAGAATATCTTTGGGTATGCTAAATTGTTCAAAAGTCGTCGGATCCATAAAAACGTAACTACCGTCGTTGTATAAATATTGGGCGGTTTTAGTCTGAACGTCGGCGTCCTCGACTTTCGCCGTAGCAATATATCCCTTGTCCAGCACCTGTCCTGTAATAAGATTTCTCACCCTTACTTTTACATTCGCACTTCCGCGGCTGACTTTTATGTGCTCATATTTTATGACCTGCAAAGGCTGTCCGTTCTCCTGATATATTTTCCCTGTTTTTAGATCGGTCGCTATCATAGTTTTTGGTGCCGTGGGAGAGAGTCGAACTCTCACGGGATCAGATCCCAGTGGTTTTTGAGACCACCGCGTATACCATTCCGCCACCACGGCATGAAACCGCCACTTCCGGCCGGCGAGTGGAATAAGAGGAAGCGCAGGCGCTCCGGCGCCGGACAAGCTCTTCTTCCGCCACGACCGCTTAAAACCGGTACCGCCCATTGCGTGGAACACACGTCAAATAGGCCCCGAACCGCTCAATTCTATCAACTTTATACATCAATTTAAAGACAAAAGGAAGTTATTCCTGAGTGTGAGATTCGACCT
CP006914.1_gap18	496552	500590	4038	GTTGCAGTTAAAGTCGCAGTCAGTGTTGGTGGTATTGAGGTGGTTGACGGCAACACTTCGACAATTGCGGTATTTTCAATACCATAGCCATAAGAACGGTTGGCTATGAGATAAACCACCAACAGCACCAATAAAAGGATGAGCAAAATCTTAACCATCCTGGCGTTCATTTCCTCCTCCTTCTTCTTATGAGTTTTAGGACTGATTGTCCACCGAACCTGATTAGCCGAATACTAGCACAGACATCACAAAATGACAACGTGTCCCTGCAGTAACAACAAAATGCCATCCCATAACTCAGTATACTGAATCATAGAATGGCATTTAAAAACTCACGAGAGAGGGAGCAAAATCGAAAAAGGAGAGATAATTTGTCTCCGCCTCGCATTCGCACTTCCTATCCCGTTAACGTTCTTGGCCACTGTTGTTTTCTCGAAGGCGTCGGGCAAAATTTGTTAATATCCACCGACTCTTCAATCATTTCTGCAGCAGCTTTCAGCTCCACATAAAGCGCGGACCAATCGATACCCAGGGTCATGAGTTCATCAGCAATAGCGTCGTACCCACCGGGGTATGAATATGCTACAACTGACTGGTCAAACCCCGTATGCTCGGGGGCCAGAGTACCGTCCGACATTATGTCGAGCCAGATTGTGTCTGGTTTGAGCATAATTTTGAACGCCGACACAGCACCGATGACAGGGTCACTTTTACCCGGAAGGCCCCGTTTGCTGAATCTTTCCGCAAAGTTATTAAACTCGGCCTCCAAAAGAAAAGTTCCGCCAGTCAGCCTAACCTGCGATGTCCAGGTTATACGGAGCACCTTAAGTGGATCACACTCCGTCGTCCACCTCCCCGCGGGGCGAACAGAATTTCCTTTGGCCTGGAATTGGGAACCAGCGTCTTTGGCTTCTACCACAGGTTGTTCCCTTCCCGATAACGGTACGGGACTCCATGTCGTAAAGAGCAGAAGGAACAGCAAAAAAACCCGCATTGCGCCTAAGAAAAGGTTATTCTTTTTCATTTCCAACTCTCCTCTCTCTTTCTCGTAATCCGATTATTATTCGGAAATTGGATGGCTGGATTATACTACTATTTGGCCAAAATGTCGAAATTCATGAGTTCCGGAAAAAGTGAAGCCCTCTGATAAAAAAAACGGAGAAATAAACCTACTCTCTTACGATACTGCACGTTTCTATCCACGAAGGAAACAGGTTTGATAACGCAACCGAAGCTTCATATTCTGAAAGTGTTAGTCGGATAACACAACCCGCGGATATGGCAATTTAGCACATAAAAAATGCCGAGATATGGGGAGAATATCTCGGCAAGTATATCAATCAATTAAAAATTGTCGGCAATTGGGTTTCTTGTCAGTTCCAAGAAGATCGTTAAGGTGTCGCACATAGTCTTCCCTGCTTAACACCTCTATTACTTCTCCACCGACGTTAAGATGTCTCCCGTAGTCCAGTTTAAAACCGTACTCGTAAAGCCATCCGCACATGTATTCGGGTGTTATGCTGTCCACCTCGATAACATGCGAAATCCATTCCGCACAATTTCCCGTACACCCCATCAAGATTGCAAACGTGCCCATTTTAACGTCAGATCCCGGGTAATAACCAGGGTCTCGAAAGATTGGGTACACAAAGGTGTCCACGAAGAACTCGGCTTCGTATTTTGTCCATGCGCTTTCGACCGCGGTTGAATCCGATACTGGATCCTTTGCAAAAGAGCCGTCCCCAATATTTAACCCCGAGTAATTGCCCAAAACAGCGTTATTACCAAAAGGAACCATCGATATGGTGAGAACAACGACAAGTACTACCAGCCCTTTCATCTCAGTCCCTCCTCTCATTTCATAGTTATCTTATTTGTTGGTTTTTAGGGATTCTTCACTAGCAGTATAATATTTGGTTCATAAAATTACAACTACAGGTTACCGCGTTTAATCAGGTGTGGAAAGCAAAAATGGGCAACAATGCAATAAAAATCAAAATACCGACCGGAAGTTAAGCTATACTGTCCACCGACTCCTTATCCCCATCTTTTTCACTATCTTCCCCATTGCCGCTCGCCACAGCCACAGGATTCTTCCAACTCTTCCAGTCACAATCCGGGTATCTACTACACCCATAAAACTCTTTCCACTTAGCTTTTTTCCTAACCACATCGCCCTCCCCGCACTTCGGACATTTCATCCCAACCTTGTCCATGTATGGCTTGGTATTTTTACACTTGGGATAATTACTGCAGGCCAAAAACTTGCCGAATCGACCCTGTTTCAGCACCATCACACCGTCTTCGCACTTATCACATTTTCCGAAATCTTCGTCCTCTCCCCCCGCACCGTTCAAAGGTTCTAAAGGTTTAGCATATTTGCAATCAGGATAGCCCGAACAGCTTAAAAACTTTCCGAACTTACCCAGTTTAAAAACCAAAACGCGGCCGCATTCCGGGCATTTTTCTTCGCTCTCCCCCAAATTCGTAACGTCCCTTTTATTTAATTCTTTGTCCTTTTCGCTGATTTTTTTCTCAAACGGTTTATAAAATTCGCGGATAACCGGCACCCACTCCACTTTTCCTTCTGCCACTTTGTCCAGGCTCTCTTCCATCAAGGCCGTAAAGTTGTAATCAACAATCTCCGGAAAATGCGCCACTAAAAGGTCAACGACCACATAGGCTACGTCGTTCGGATAGAAATATCTGCCTTCGCGTAAAACATATTTACGATCCTGAATGGTGGAAAGTGTAGGTGCATAAGTTGATGGGCGACCGACACCCAATTCTTCCATTTTTTTAATCAGACTTGCATCGTTATATCTAGCCGGGGGCTGGGTAAAATGCTGTTCATTTTTTATCTCCAAAAGCTTCATTTTTGTTCCTTCGGCTAATTCAGGAAGGATACTAGAGGTTTCCTCTTCGTCCTCTTTCACTCCTACCATCTTTGATACGGCCAACCACCCCTCGAACAACACAACAGACCCCGAAGTCTTGAAAATATACCCATCGCCCGAACCTATAGACAATGATGTCTGTTCATATATAGATGGATTCATCTGGCATTCTAGACTTCTCAACCAGATTATCGAGTATGTTTTGAACTCATCTCCTGCCAGCCCTATACTTTTCGAGGGTATCGCATGTGCCGAAGTAGGACGAATTGCTTCGTGTGCTTCCTGGGCATTAGCTGACTTTGTCTTATATAGGTTAGGTGTACTTGGTAAATACCCCTCTCCGAACCGTTTTTTTATCAGTTCCCGTGCTTCATTGATAAACTGTGGGGAAAGGCTCAGTGAATCTGTTCTGTGGTAAGTTATATAACCTTTTTCAAACAAACCCTGAGCTGCCCGCATGGTTTTTTTGGCGTTAAACCCATATATATTGGCCATTGCCTGTTGGAGAGTGGAGGTCTTGAAAGGAGGATAGGGGTTCTTTTTTCTTTCGGATTTTTTCAGGGAAGTAACGGCGTAAGTTCCTTTTAGGGCTCCGGCTTTAATTTCCTCTGCCTGCTCTCCATTACTTATTTCGACTTTTTTTCCTTTAATTTCAGATAACTCCGCCCAAATCTTTTTTTTGCTTCCGTTTTGAAATTCTCCCAGAACGCCCCAGTACTCTTCGGGGTTAAACGCGTGCCTTTCTCTTTCACGTTCCACAACCAATCGCACGGCGACGCTTTGAACACGGCCTGCCGATAAACCGTACATAACTTTTTTCCATAATAAAGGGGACAATTTGTAGCCTACCAACCTGTCCAGCACACGGCGTGCCTGCTGAGCATCAACCAAATCCAAATCTATTTCGCCGGGATTTTTAAACGCCCCGTCAATTGCTTCTTTAGTTAATTCGTGAAAAACCACACGTGAAAAAACTCTGGTGTCCTTTTTACCACGCAAAAGCTCCTCCAGGTGCCACGCTATCGCCTCCCCTTCTCTGTCCGGATCTGTCGCCAACACAATTTCTTCCGCCTCTTTCGCAGTTTTTTTCAGATCGGTCAGAACTTTTTTAGCTTTAGAGGGAACCTCATATACGGGCGCA
CP006914.1_gap19	524575	526945	2370	AGATCTAAAACAGGCAGTTAAAGTCGTAGAAGGCACCGCACGCTCAATGGGTGTCGATGTGGAGAAATAATATTATGGAACTAATGGAGGCAATAAAAAAAGCCAAATTGTTATCTAAGGAAAAATTCGATGCCACAGTCGAAATTCATATAAATCTGGACCTGGATTCAAAAAAACAGGACCAGCCCGTGAGATTTTCACTAACCCTACCCAATGGAACAGGCAAGACAAAAAAGGTTGCAGTTCTGGCAAGCAAAAAAGTTACCGGCGCAGACCTGGAGTTGAAAGAGTCTGACATAGAATTAATACAAAAAGGTCAGATAAAACCTAGGATCGACTTTGACACTCTCGTGACAGAGCCTGCTTTCATGCCAAAACTTGCCAAAGTTGCCAAGATTTTGGGACCTGCGGGAGTTATGCCCAACCCTAAGACCGGCACCGTGACCGAGGATGCCGAAAAAGCCGTGAGCGAGATTAAAAAAGGACGTTTAGACGTTAAAACGGAAAAAGATCTTCCTATGATTCATACCATAATAGGGAAAAGGTCTTTCACTGAAAAACAATTATCAGAAAATTTCATGGAGTTGTACAAAACTCTCAAACAAAGCAAACCCACAAAAGCCTCGCCGGAATGGATAAAAAGTATCTTCATCAGTACATCAATGGGACAGTCCGTTAAGGTTGACCACGCTAATCTCTGATGTCTCCCTGCACAATCTCCTGTGTAAAAGAGACGATAATTATCACTTACTATCATATACCGACGTACACACTTACTTTGTTCGACATCGCATAAAGTATCCCCTTATCTATGTCAAACTGTCGCTCAGTTTCTTTTCCCGTATCTATAATGACATATTTTGAAATTAGGGTAATGAAATTAGCATGATACGGTAGTATGTCAAATCTACCTCGTAAATTAAAGGAGGTTACTGTGGTTGCGCTACCCTCAAAAAGAACTTTTTCTCTGGTTCTGACGCTAACTGAAAGTAATATAGTATTTTGTTCGGACATATAATGATTATTTAGTATTTATTTCGTCAATAGACCCTATATTCATAAACTTATCCTCAGGAACATCATCGTAGTTACCATCCATGATGTTTTTTACACCTTCAATCGTTTTATCGACAGTTACGTACACCCCGGGACGGCCGGTCTGTGCTGACGCAACATAAAAGTTTTGAGTCATATAGTTCTTTATTTTTCGTGCTCTTTGATACAAAGTTCTATCTTCATCTGACAATTCAGATTCTCCTACTAAAGATACGATACGTTCTAATAATTCAGCTTTTTTCAGTAAAGACTTGGATGCTGTCGCTACATAATAGTGTTTAGGTGTTACATTATGCGGATTTAATGCATCAGAATCTGATTGTATGATATCAACTGCCGGAAGTCTTCCCTCACGGTAAGCGTCTCTGGAGAGCACTATCGAGGAATCCAGGTACCCAAAAACCGTCTGGGCAGCCGGGTCGAATAGGTCGTCCTCTGGCAGGTATATTGCCTCTATAGCTGTCACAGATCTTCCGTTCTTGGCTACCAATCTCTCGTGTACACTGGCCATTTCCGAGTTTAACGTAGCCTGGTACCCATCCTCAGAAGGAATGTTGTTCATTAGCAGGGACAGCTCACTGCCTGCTTGAGCAAACCTGAAGATATTGTCTACAAATAAAAGAACGTTTTTACCGTAGTCGTCTCTAAAATATTCAGCTACCGAAGCCCCGGCAAACGCGGTTAAAAATCTGGTGGCCGGACTTTCACCCATAGCCCCAAACACAAGAGAAACCGACGGCAACACATTGGTATCCTTCAGTTCATTAAAAAGCTCGTGCCCCTCTCTGGAACGTTCGCCTACTCCACAAAACACCGAGACATTATTTTGCGGATCTTTATTAATAACGTTGTGAAGTATTTCGGTAAGTAGCATCGTCTTTCCTACTCCGGAACCGCCGAACAGGCCGACCTTTCCTCCCTGCACTAAAGGAGCATAGAGATCAACTATTTTAATCCCCGTTTCAAGGAACTTTAAATCGGCCACGGTATCGGCATACGAAGGCGATTCGTTAAAAACGGAGGTTAGTTTGTCATACTTTATATCACCAAGACCGTCTTTGGCTTCCCCAAATACATTCATAACTCTCCCCAATATTCCTATCCCGACCGGTATTTTTAGGGTATCTCCCGTATTAACAACCGTATCCCCTCTTTTGATAGCACGAACCTTTGACAGTCCTATGCAGTAAAAGCGGGTGTTGTCAGAAGATTTCATAACCTGCATTTTAATCGACGGATCCTTTTCCAGCATTAGAACATCTCTAAGCCGGGGTCTGGGCTCGGCCATAAATTCCACTTCGACGACGGCGTCTG
CP006914.1_gap20	539715	541180	1465	GCTACTGTCGTTAAAAGAGTTGCTGACTCGACAGCTGTCGACGGAACAATTACTTTAGGTGATGGGGGTACAACAGCTGTTACCAATGTCAAAATTACAGAACTCCAGGTCGACGGTCAAAAAAGTGCGTATTCCAGTCCTAATAACGTTGCGATATTTTTCAACCAGCGGGTAACCCAGTCTCAAATTGAAGGCACCTACATTCACGATATTTATAGTTACGGCATTTACCTGAAAGGTACTACACAATCGGTCAGTGATAATACCATTCACAATAACACCATTATAAACAGCAGTAACCCAATCTATGTCGATGCCGGATCAACCAGCACCCGCGCTCACAACATTTCAATTACCAATAATAATATTTCATCGGGCGTTGCAGGAATTTACATAAATTACGCTAAGTATTTTAAAGTTTCAGATAACAAATTTTCTAACTATCAGTATATTTTATCGGTGGATAACTCCGAATATGGCGTTATTAGCGGAAACACCACTGACGGCAGCACTATTACAGGGGTTAATACAGCCATGGTTATATCCTTAGGTGCGAGCAATTACAACACAATCGTTTCCAACTATATTTACGGCGGTTCGGGTATGGGTGGTTCGGCGGCAATATATGTCGACAATACAAGTACCGGGAACTATATAGCCGGTAATACCTTGGGCAACAACAAGATAACCGATTCAGGTATCGGCACAATCATTCAGCAGGACGACCGATTCCTCGTAAACGGATATTTAAAAGCTACTTCCCTATATCTTTCAGGTACGCAGGTAACCTCAAGTGCCACAGAACTAAATATACTTGACGGAGCTACCCTTTCCACAACAGAGCTTAATCTTTTAACCGGAAGAACAGGAACACTTGTTGACTCAAATAACGTGGGAAGTTATGCCGTAACTGCCATAACAGCAGGGTCAGGTCTAACAGGAGGAACAGGACCGGGAGCCACAACAATAAATATTGGAGCAGGGAGTGGTATCTCACTTGCCGCAGATTCAATAACTCTTGATACCGATACCACAGGTACAACCTCAGTCACATCAAATAACTCAGGTCTTGAGGTTGTGGCTGATGGCCTTCGCCTAATCGGAGGATGTACAGATACTCAAATTCTTAAATGGAATGCATCAACCTCCATGTGGTACTGCGCTGCTGATTCTACAGGAACTGCAGGTTCAGCCACAATCGCAGGCTCTGGTGTTGTAAACCAAGTCTCATTCTTCTCAGGCTCCACATCAATATCCGGTTCAAATAATCTATGGTGGGACAATTCAAATACAAGACTAGGGATTGGAACATCGGGTCCTTTAACCGCTCTTGATGTATCCGGAACCACATGGCTTAGAGGTCTTTCAGCTAACTCGGGACTATTTGTAAACACCTCGGGATACGTCGGAATCGGAACAACCAACCCCACTGCCCCGCTAAGTGTTGGAACAGGTAGCGCCTTTG
CP006914.1_gap21	559696	564432	4736	GTTTAGTTTTAAAAACCTCTACAACGTTATTTTTATTTGCAAAGGGAACATGAAGATCAAAACTCTTGTACAACTGTAAACCTTCAGTTTTTGCTGAAGGAAAAAATGGGGCTATAACATCTACGTTTACGGATATTTTTTCTAAAGCTTTTGGAAGGGCGCCGATGACATCTCCCAACCCGCCTATTTTAATAATCGGCGCTACTTCCGAGGCAGCAAGAAGTACTTTCATAAAGGTAATGTTAACAGAAATTAAGGGTTGAACAACCCCCGCCGGTAAGTGCTAGCCTCTTTGTTCGGGCTGGCCGCCTCGAATCTTATGGTATTTTTCTGTGTATTTATTGAGGATCTTTTCAACCTCCTCGTTTCCTATCTCAAGTCTTAAAAGGTCTATCGCATTTATCATGTCATATATGTCCAATTTATGCTCAAGTTTGAACAACGCATCTCTCCAAAGTATGGCTTTCTCATATTCCATGTTTTTTACCGCCCTGGCTTCCTCCTTTTTTATCAGGTGCATGAATCCCTCCCACACACCCCTCTGATGTCCCCCTTTGTCATAAGTTCTTTCTTTGAAAGGGATTCTTGTTGCTTCATTTTGTTCTTTCGCCATCTGCCTTACTTTCCCCGTGCGCTGCCATTCAAATGCGGTGGACACTATCAGCTGATAATATTTTTGGGCAGTGCTTATGTCATTATCTGAAATACCATGAATGTTTTTAACGATATCAAGAAATCTAAAGGCGCCCTGCTCTATCATTTCAAGACTCCACCAGGGCTTGGCAGATGCCCACCAAAAGTGATCGCTGGACATGGCAACGTCCATTTTATTTTTTAGCTCGTCGTAGTTATCGGAACTTTCCGGTACTTTATAAAACAAATTCAGAACGAACTTGAAAAAATCCCATTGATATCCATGGATGGGATTGGATATATCAAGCCACGATAAAAATTGAGACCCTCTTTCTATATCCCGAGGACTGCTGGCCCAGGTAGACTCACGGGGCACGACCGTCTCCGTAGTCAAATCCCTGGAACAGGTGTTTAAAAAGTCACTTATTGACATAGTAGAGTACGGTTTTTTGGAGTTGAGTATTTCGCCAAGCAGACTTTCCAGTCCGGGTCGGTGATGTCCGAATGTTTCTCCATCCATACCGGTCACTACATAAGTGCGGGGTATTATATCTTTGATGGCAGGGTCCAGGGTTGCCTTGCTTCTTACCACAGCGCTCATGACCAGATTACTTAGCCGCCTGTTTCTGAAAAATACTCCCAAACCGCTGTCCTTAATACGATAGAGTTTGTCGTCTGACGGAGATGCGATTTCTTTGGCGTAAGCTATTTCGTCAAGTATTAGCCACTTGTAACCCAGCTCCTCCAACATACCCGGAAGAATACCGGAGTAAGCCATCTCAGGCGGGAAAAACCCTGCCTTTTTATAAGTATTACCAAAGTAGAAGGACAGCGTCTCTTCATTCTTAACTATTTGCCTGTAAACTTCTGTCTCGGGAACCAGAGGTATAAAAGCATGGTACTTACAGGAACCGGTGAGTTCAATCTTTCCTTCCTTCAGCGATTTTTTAACCATGCCCAGCAGGTCGTGGTATCCGTTATTGTCCAGCAGTTCTAACAGAGATCCCGAAATATTGATAGATTGACTGCCAAACTTTGATGCATTTATGGACTTAAATACGGGTAGGTATGATTGGGAAACCACCGCCTCGAGGATATCTTTTTGCTGATCAGCCGGTTGATAAAAATGAAGAAAGCTTAACCACTTCACTCTACGATTCTAGCATAGATGAAATGTTCCGCACCAATGTGAGAGTCTTATCTTTTATCTTGCCTTCCGGCATACTGTTTGCAGCATCTGTAACGTAGGCCAGAGATCTTTCTATCATACCCCTGTGAAAAAGCATGGGGTTCCCGAGTATCGATTTCTTTGAGGACCACCAATATTTATCGCTATGCTCGAATTTCATTATCCAGAACAATCGTCTCAAGTATTCTTTGGTTTCTTCGGAAGTATCTGTCATACTTTCGTAAAACCACAGAGGTTGCGCAGTCGTATCGTGATCCCCATCGTTGCCCGGGATCCGCACCTGATTCTCACCCAGGAGCTTTTCTAAAACGTCGAGATTTTTCTGTATCTCATTCCCGGACCAATACGGGTAAGCATTACCTACGGACATGTCTTCATAACTTGCCCCCCACGTGGACTCAATAATCTCATCGATTTTTTTAGTGCGCATTTCGGGGAGCAGATGATAGACACTGACAAAACTGCCACCTTTTTCTGAAACTACGTTTATGATATCCTCCAGCATGTCTATCCCTTCCGGATTGTGATGACCGAAAGTCTCACCATCAAGAGCTATGACCTGTGAAACACCACCTGCAAAAATAGAGTTGACTAAAGTATCTACCGAAGAGCCTCTGTAAAAAGAGAGCATGTCGCTGAGACTTTTGTTGCGGGCCACAATCTTTATATCCAAATCCCCAAGCGTGTCATACACCGGTTCATATCCATCGTATGACAAATTAGGAATTGCTGTCTGATCTACGAGTATCCAATTGTAGCCTAGTCCGTTTACAAGCGAGATAACCTCGGCGTTCACGGCACATTCAGGAGCAAAGAACCCCCCGATGTTCTTCGTCATAACCGCAGCCTCTCCTTCAAATCCTGTTCTGCTTCCAAAATAATATCCCAAAGCGTATTCGTTCAGAACAATTTGTTTTTCTGCTGACTCCTCCGATAGTTTGGTAAGTAAAGGGTGATATGCCGCAGTACCCGTCAGCTCTATACGCTCGGAGGCGTAAAGATCCTTTACGTCGGATATCCAGCTTCCGTAACCGTATTTGTCCGCCTGCTCAAGCAGGCTCAAGGGTATATTTAATGTAAGTGAGACGTTTTTCTTGGCTTTTATAAGTTTTATCAAAGGTAGGTAGCATTGGGAAAATATCTTGCGGGTCACCGCTTCGTCCTGTGTAGGTGGTTGGTATAAGTGTAAAACCAGGGCTATCTTCACCCGCGTATTATGAGATAAAAGGAGGGTGTTTGTCAAAGATTTCTTTGAGAGCACCCCGGAACAACTAACAGACAAATGTTCATACTCGTGCAAAAATTAAAGGGTACGATCCGGGAGGGACGGCTTCTTATACTCCTGCCCACAGCATAAGAAACTTTAGTGTCCCCCTCGGGTCGCACCCGTTAATGCCGAAATCCTATCAAAAAGTTATAGGTTTGTCAAACCTTCCAAGGCCGAGAAGGAGCGGTGTGGGTTTTCATGAAAATTTTTAGTTGTTTCATAGAGTTTTGAATATTCCCGTGCGCTAAACTCCCAGCTGTAATCGGCCCGCATTGCGTTTGTCTGAAGACTACGCCATAACTTGGCGTTCTTGTAGAGCTCTGCCGCTCTTATAATCTTACCGAACAATGAAAACTCGTCGAACTCGTTAAACAAAAACCCAGTACCGGTTTGTTTTATTGTGTCGAAATTCTCGACAGTATCTGCCAAACCACCAACATTTCTGACAATCGGAATTGCTCCGTACCGCATAGCTTCGATTTGAACAATACCGCACGGTTCAAAACGGGACGGGTACAAGATACAATCTGCCCCGCCGAATACGAGCCTGGGTAATGTAAAATTAGGATAAGGATGTATGCCAACCTGTGTCGGGAACTCATTTTTCAGGTTATTAAGACGTTCTGTCAGAGACCAGTCTCCCGCGCCAACCTCCACAAACTGCACGTCATACTCTTTCAAGACATGGTGCATAACAGTAGTTAATAAATCAACACCTTTCATAAAATCCAAACGTCCCACGAAGGCGAAAACCATTTTTTCCGAGGAAACGGGCAAATCAAATTCTTTTTGTAGTGCTTTCTTATTTTCTGACCTAAGTTCAATATTATTAACGTCAAAATTCTTATGCAACAACTTATCGGTTGCCGGATCAAATTCGTCATAATCGATACCGTTCACAATTCCGAACAATTTACCTTTAAGTTCGGAAAGCAGCTTATCCAGCCCCTCTCCGAATTCAGGTGTTAGTATTTCCTTGGAATATGTTCTGGATACCGTGTTAACTGCGTCGGCAAATATTATTCCCCTCCTCATATAGTTAAGGGTGTTCACTCTATCAGAGAATATCGAACCTATGACAGATTTACCGTCATCAAAATTCATTTCTGAAACGTGTCTGTGGTCAAAGATACCCTGATATGCCAGATTATGAATAGTCAGCAGAGACGAGATATTTTTGAGCACGGGATCGTTCTTGTAAAGGGTTTTTATGTAAAATGGGATAGACGCGGCATGCCAATCGTTGCAATGTATGACATCGGGAACAAATCCTCCGCGTCTCACGAACTCCAGTGCGCCTCTCGATAGTAATAAAAAACGGGTGGGGTCGTCGGAATAACCGTACACATTAGCTCTCTTCTCGAAATACTCCTGATTTTCTAAAAAGAATATTTTCACGCCGGAACCATTTTCATAGTATTTCACGTTACACACGAGCTCGGGATTTATCGCATCATCGGTCGGGACAGCTAATCCTTCCATGGCCATTTTCATAGGATATTTTTGTTCGTCTATCAGACCGAATTTAGGAATGAACACAGCTACTTCGTAACCGAGACCTGTCAATGCTCCGGATAAATGCCCGATAACAGATCCTGCGCCTCCTACCGAAACGTAGGGCTGGGCTTCAGTGGCTACCAACAATAT
CP006914.1_gap22	755764	758732	2968	CGTGTTTAGTCGGCCGGACGGCCGATACCGGTTGGTTTACCCGACACGAAAAGTTGGCGGCCAAAATATTAATGTCTTTCATCCAATTAACCAAGAGGCAGGCCAACAGGTCGAAGCGGCCGTCAGTGAAAAAGTAGCTGAAATATTTAGTGAATCATGTGAACAAACCGAACCGGACAACACGTGGTAAAAGCTTAAATTTCTTTCCCGCTCCTCACCTAGTCTTCGATGACGACCGGCTGAAGAATTCGCTCACACATGCCGAGCGAGATTTTCTCATGGTAATCTGCCATCTCTCAAACCGCTATGCAAATGCAGACGGCTGGTTTTGGCATACCGATCGATTGTTTACGACGCGCGAAGATAAAGAGCGCGGGTTCGCTTCGTTCGGATTAAGTAGATCAACATGCCGACGTGTGAGAAAGAAGCTTGCCAGCCTTGGACTTATAGAAATCAGACCGGGAACATCGGAACGCGGCCGGTGGGCCGGAACTTTGTATCGCCTTAACCCAAAACTTCTCCAATCCACCGAGGTTCATAATGAAGCACGGTCAGGCGTCTTGGAGAATCACGGCCCAGCTCCACCATGAAGCACTTAGTAATAAAGATTGAGTAAGAAAGAAATAATAATAAAGCTTAAATAAAGCTCGATGGAAAAATAACCGAGGATTTTTATCAAGAAAAGTACCAAGAGTTTACAGCTGAAAGAAATGAACTCATTGTCCAAAGAAAGAAGCTAAACACAAAGGATAATAGTTTCTATGAGAAAACTACCGCTCTTTATGATGTAGCTCAAAAAGGTATTGAGATTTACGAGGAATCTAAAGAGTTAAGGAAACGCAGATTAATACGGCTTATATTTACAGACATGACCCTTAATAGTGGAATATTATATTTTGCCTACATAAAGCCATATATGATATTAAGAAAAGCGGTTGAAGAAACTAATGGTTCGAAAGTAGCTGAAGACGAGACTTTTATGGAAAATATTTTCGAACTTAAGGATTTTAGCGGTGTTAAAGCAGAAATGGAGCCTTTGGGCATTGATTGTTCTTTATGGCTCCCCCGGGTGGATTCGAACCACCAACCTGCCGATTACATGTGATCCGTTTGTTTCCAAACAGCATGGACTATCTCATCATCTTTTGTGTCACCACATTAAGATGTCGGGCGCTCTAGGGTGTAATCACCTAGTCTCTGCACCTTTTCATGTGTACCCGGCAAGGCGTACAAATGAACTTGGCTCAGGATTACCATGTCCGTCGATTAATCGACAGAGTTAGGTTTCCCTGAGTTCACCCAATTTTTCAACCGTCGTTTCCGGCGGAAGCTGCACTACTCCGTTATGAATTTCCTTGTGACAGTTCGAACAGACTAAAACACATTTTTCAAGCTCTCTTTTAATTGTTTCCCAACTTCTCGTTAGTCCGCGACTGGCGAGCCCGAAGTCTTTTTTCTGCCCATCTTTATGGTGAAACTCTAATGCCGCAAAGCATTTGTTATAACCACAAAGGTTGCATTTATTTCCAAGGTACTCGACTGCCAGCATTTTCAGTTTTCGTCTTCTCTTAGAGACAGCGAGACTGAGATAGCGGGGTCTGTCTGAGTACCTTCGGGTTTCCTTCGTCACAAGATATTTATATAACTTTCATAACGGTTGTCAACGTACAGTCGGACGCTCTACCATTGAGCTACAGGGGAACGAAGCACAGAAATACTAACATAACCGCTTCGGGGCTTCAATAATCGATTACTTTTCTATTTAGTGGATTTTACGGCTTTTCCTGAGTAGCAACTTCGACAGGATTCTTCCCAATCTCCCTCAGCACAAAAACCCCCATTACCAAATTCACCGCCAGAAACCAATATGTAATCGGCATCGGCAGGTTTACAACGCTTAGAACAGTATCTATAAGCACGGGGAGGGTCATGGCGTGAAGCCCTATCCTAAAAGCATTTTTGTAGGGGACACCGGCCCCCAGTGCCCTTCCGGCAATAAATAACAGACCACCGATGACTAATAGATAGGCGCCCCTAAAAATGGAATAGTAGACCATGAGCCCTGCAAACACCGGTACTATCAGGAACAGAGGAAGTATCCAGCCTGAAACCTCGCGGACATCTGTAATAGTTTTCGTTACTTTGCCTTTATCCAATATCGTGTCCGGTATGTCTTTAAGAGGATAAACTCCCGGTTCTCCTGCCTTTTTGATTAGGAGATTTTTTTCGTTTACAAGTAGGGCGGTGTTGTATTTCTCGAGGTCCCCGACCGTTCCGTTTTTATCGAAAACCACAAGGTTAGCGGGTAGTTTTTCTTTATCCTCAGCTTCATAGTTTCCCGGGAAAGGTATTACCAGGGGCTGAGGCTGGTTTATTTCCCACTCCCCGGCTTTTATCGTGAAAACCAGGTTTTCCGGGTATACCCTTTCGGCTTCGGAAAGTGCATTTTGGAAGGTATCTCGAATCTTCGGAGCCTCGATAAAGTAAGTTCCGACAGAGGTAACCACCGCGGCTATCAGCACAAGGACCGCGTAGTACTTCAAAGAAAACTCAAAATGTGTTTTCAGAATTTCGTCATAATATTTGGGGGACACTACGCTTTTATATGCGACGTAGAAAAATGCTTTAATCTTTTTCACCTAAGTATTTTAACACGCCACAACGCAGAAGGAGGGTAGGGCGCTCCCACCACATTGGTTGACTTCTCAAGTCATATAGACTAATATCTATTCGTTATGTCAGAGACACCTTGCATAAAGTGTTTCGGCACCCTGGGTGTCGGATCACGCATGAAAATATTCGAATATCTTAGAAAAACCGGCAAATCCACGGTTAATGAGATAGTGGGGTTTATTAATTTAACACAGCCCACAATCTCCTATCATTTGAGAGAGATGAAGATGGCAGGTCTTCTGGAGAGCGACAAATCAGGCAAGGAGGTCTTCTACTCCATTAGAAGACGCTGCCC
CP006914.1_gap23	843380	845210	1830	CCTCGCACTATTGCCTTACCACCCGGATGTTTTGGGATGAACTCAGTCACGTTATACACTTTCCCTTCGATAGCCATCCAACAGTCTTTTTCTGAATTGTGCGTGACAACTTCAGCCAAGCTATATGTTTTCGCTTCTGTCGAAGGAGTGTCGGAAACCTGCGATTCTCCTGGAGAAGCTGCAGTAGGTGAATTCCGTAGGGAACTACCTTCAGGCTGCGGGAGAGATTTGGATGACTTATTGGAAAACAATAAAAACCCTCCGCCCAGAAGCAAAACACCGACCACTACGACACCAATTATCATAGGACTCGTCGATTGTTTCGGTTGTTTATTTTGATTAACATTTTCGTCCATAAGTTCCACCTCCTCCTATAAAATCTCTTTCGGTGCCGAAATAACAGATGAGATGCTGTATTCATTGACAATAAATTGCTCACCATCGGAAGCACGTTTCACCATGTAATCGGATGCACCCTTGTAAAACTCGAGGGTTTCCATCTTACCGTCGTATTCAACTGTAAAAACCAGACTGGTCTGTTTCGGATAAGTACTTTTACCTGTAACATCATAAAGAGATTGCGCGGTCAGGCTATTAATTTGAGAAAGAATGGGGTCCATTTTATCTTTTCCGATTTCTTCATTTTTAGAGCCGCCTTTCCATTTATCTCCTTCTTTAGTGAGTATGGTTATCGAATTTCCTTCTCTGAAAGTAATTTTCGTGGCTTTGGTCTGATCAAAGGCAAGAATAGTTTTGTCATACCACTCGGAAGCAATTGAAGTAACTGATGGATTATTTTTAAGAAGGTAAACGGCAGGATCGCTATCGAACCGGGTATAAACCCCTGAAGCTGCGGATTTCCCGGTAAGCAAAGTGAGTTTGTTATCAAGCTTTATTTTAGTGGCCAAGTCGTCGGTCAGTTCTAATTCTTTGTGACGTTTGTCTGTCTGAGCAATCAGCTCAGGGGAAGTTGTGGGAAGCAGGGATGAGAGAAGACTGTTGATTTTAGCGGTATCCGCCTTTTTACCGTTTACTTTCCAGACGTCTCCCTCTTTCTTCAGTTGCACGGATCCGGAGGAATTACTGATTTCAATTGCAGAAACGGTCTGGGCGCTGATGTCTTTTGTTTTTTGGACATAGGCTGAGGTAGGTTGTGATAAAGAAGGCGCATACTGCTTAAAGACCAAAAGGCCTATCAAAACAATAAAAACTGCCAGTAGTAATTTTATATTTTTATTTGACATAGGTTCTTTGCGTGAGTAATTTTCTGCGCCTCAGGTAATAAACGGCAAACCCGATGACTACCACCGGAGGAATGAGTAAGTTTCCGTACTGGACAAACAAAATATCCGTAGGCGACTTAAACTCAAAGACTGCACGTCCGGAAGATTTACTCGGTATTGCCGCCAGATCCTTGTCAGTAGCTAAATAATCGATGGTGTTTGACAGGAAGGCTACATTGTCGCGGTTATTCCCCAGGAACTGATCGTCAGCCAGAGTGTTTGAGCCTATCACAACCAGACGGGTGTCTCCTTTTTCTGCAAGTGCGGCAAGAGTCACTTCCTTAGCATTCGGCCGCAGGCTTCCCACTGCCTGCGGGGAAATATTGAAACTCCCTTCTGTTTTTCCCGCATTCGGACCGGTCGTAAGAAGCTTCTTCTGGGTTACTCCGTCTTTTGTCTCAAGCGTGACAGAGCTTGGCCAGCCTAAACTGATACTCTTAACCGTTGCCAGAGGTGAGAAATTGGTATCTGCCGGAAGAGCCCGCAACCAGTACGGGTACTGAGCCAGATAGCGCTGTCCACCCTGTCCTCCAAAAGCCAAGGTCTC
CP006914.1_gap24	848743	851408	2665	GAGGATGATGAAGAGCCCATTTTGCTGGCGAAAAATACACCGCCCACCAAAACGACAACCGTAACGATCATTATTCCTAATACAAATTTGTCCTTAAACATATTTTGTTATTTTACTATGTTTTGTAGTAATTTTTAAACCCTTTATTTATGAGGCGACTTTCACCTCATATTCCAGTGACTTTATAACTTCAATAATCTTTCCCAGGTTAACCACATTCGGATCGAAAGTGACAACCGTTTTTTGCTTAGCGTAATTTGTGCTGGCTTCCCTGACACCCTTTAAGTCCTCCAGCTCAAAGTCAATATTCATGGCACAACTGGTGCAATGCATGCCGACAATTTTTAATGTTACCGTTTTCATCATTTTTATCAGATTACGTTAATGTTTCCTTTAAACATGCCCATACTGCACATAAAAGCAAGCGGACCGGGAGTTGTGGGAGCGGTAAATTCAATTGTGTCAGACTGGCCGATCGGCACAACTCTTTGCAGTCCCAGTTTAGGAATCGTAAGCGACTGAGCACAGCCGCCGCCACCCTGGTTGACAACCGTAAACTTTACCTTTGAGCCGGCCTTGATATTTACAATTCCCGGATCCGTACTGTAACCGTTTCTGGTAATAAAAATTGTCGCTTCCTTAACCGCCATGGTGGTAGCACCGGCCACTCTTCCTTCATCACAGAAACTGATGGTGCAGTTAATGCCCGTTAAAATGCCGTCCAGGGTGAAACTGCTACCGCTAAGTGCTAATGCCCCATTAAAATTGTAAACGGCGACCAGAATAATTGCTCCGGCCGCAATCCGATTAAACGTTCCGCTTAAAGAACCGCCAAGTTTTCGGGCAGCGTAACCAAGCAGGAAGAATAAAGGAGACGTACCCAGCATAAAGACAAACATGGTTGTGGCTCCGGCAAGCGCGGATCCGGTTGAGATGGCATACGCCATCATTGCCTGAGTGGCCCCACAGGGAATGAGCACCGTCATGGCTCCGAGCAGTGCCGGACCAAAAACAGCTTTACTCTTTGATTGATTGCGTACCAATCGGGTGAGAAACTTCGGGGGCTGAATGACAAAATAACGAAATACCGGGTGAACCTGAAGTAAATTCAGCGCAGTGCCGACCATAAACACAACCGCAGCAAACTGAAGAAAAATGCGGGCAGAAAGTGAAAGCTGGAACACTGATCCAAGGGAGCCTAACAGCAATCCAAGCAGAGTGTATGCAATCAGCCGTGCGGCCAGAAATGAAACTATCGGCAGAAGGTGACCAAACCGCCTGGCTTCCTCTTCAAGTTTATTCTCTTCCTGTTGGGCCACTGAGGTGGCAAGAAGTCCTCCCTGAACAGCCAGACAGGTAAGCCCGCCGGCGAATAATCCTGTGATAAAGATAGAAATAATATCCATAGCTCATATTCCGGTTTAGCCATTTATGACTGCAGGGCTTTGTCAATCATCGGCTTGACCTTCTCGAAAGGCAGAGCACCGGGAACGAGCTGGGTATTACCTTTGGCGTCAATAATAATTGTACCCGGCGTGCCAGTTACTCCTTCTTCTGACCCTTTAGCCATCTGATCTTTAACCTTCTGTGCCATCTCACCGGAGTCCAGACATTGTTTAAACGATGATTCGTTTAAGCCCAACTCTTTTGCCAGAGGCACTAATTTATCCAGTGCAAACCCTGTGCCGTTTCCTGATGTACGGGAGAATATCGCGTCTGCATATTTCCAGAACGACTCGTTTCCGCCAAGTTTACCAGCACATTCAGCTGCTTCAGCTTCTTTTTGAGCGTTGGCATGGAAAGACAGCGGATAATGACGATATACCCATTTCACTTTATCCCCGTATTCCTTCATAACTTGCTGCATAGTGGGGTGAAATTTAATACAGAACGGACATTCTAAATCCGAATACTCTACCATTACTACCTTGGCATTTTTATTACCCCGATACCAGTCGGCGTTGGTTACTTCCGGTTTCTTAGCGGCAACCTGGGGTTGGGGTGCGCCTGCAGCAGCCGGAGCACCGGCAGCCTGATTCGTACCTGTCGTGGTTGTTCCAGCCACCGCAGCGCCCTTTTCAAGATACTTAACCTTGGTATACAAAGATCCGATAACGAAAGAAGCAACTATGAGAATAAGTACCAGAGCAATATTAAAATTACCGGAAAGTATATTTTTGAGTGGAGATGAATTTTTTTCTTCGGTCATAGTGATTTATTGTAAACTAATATTACTACAAAGTGTAGTAAAGTGTTATGCCACTTGTCAATAGGAAACTGAAGTGAATACGGCAGGACTATAGAGGCGTGAAGATGTACTTTCTGAAGAAACGTTCTGCTGACACGCATTGGAACAACTGCCTGAACTAAAACAGGCCATTACCGCATCCTGACCGGACTGATGGTATTCAATGGCCTGTACTGGAGCCATGGCTAAACTACCTAGGATCATTACGGACAATGCACTGATGAGGACATTTTTAACTGAAAGTCGGGGTGTTAAAGAAGTTTTTTGAATAATGGTGTTGATGCGCATTTCGAGTGTGTGGGTATCAATAAAACCTGGTGCGGTAGCGTAACTCGGATACAAATCCTCATTTAGTAACTTAGTCAGAATGGATCTGAGGTGATCCCGTCCTTTCTCTGCCCCCATGATGGCACTTTT
CP006914.1_gap25	852606	856950	4344	TGTTAACCAAAGCCCTATTACAGAGGTTTGAAAAGGTTGGAAGGCAGGAAGACAAAAAGGATCCTATCGTTATTGCCAAGTTCTTCAATCCAACCGGGGCCGGGACCTGGTATGCCACCGAGTATGACCCGACAGACAAGATGTTTTTCGGGTACGTCTCTATCTTTGGCGATTGGAACGATGAGTGGGGTTCATTCTCCCTGGATGAGCTGGAAAATTACCGGGGCATGTTTGGCTTAGGGATCGAAAGGGACCTGTATTTTGATGAGCAGCCAATCAGCCAGGTAATGCCCAAAGCCAAACTGTAAACGTTTACCAATACATACGGAGACTAAACCACTCTGTATGTATTGTGTTCTCTTATAAGTTGTATTAAAAGGAGTTAACCATGAACAAGTTACCAGTCTACAAAGGCCATACCGTCGATTTTCGGTTGAAAGAGTTCCGGAAAGCCATTTTTGGGAAGGCGCTTGAGTTTGTCCCGTTCGAGAGCGAAGAAGGCCAAAAACTTATAGCAGGATTCCTGGCAACGCCGGAAGGCAAGCTAGTAGCCAGGCTTCAGACTTAACGTAACCGGTCTATAATGACAATATGGGCAAGATTATTGTTATTAGTAGTGCGCTTCTGCTTCTAGCTGCAGCATTTTTCTATTTTTCCAAACCAAACGACGATAATTTCAAAGCTCCAGGTAGGGATTGGGAATCAGCGAAGAAAGTTGAAGATTATTTTGTGGAACGTCTCAACATGCCTACGGAAGAGGCAGCATCTATCCGTAAAAAGCCAGGCGTAGACGGAACAGTTGACCTTCGGATCAATACTAATGTTACGCTCGACGGATTAGTCGGAAACTTGTATTATTACGGCTTTATCCGGGATGAAAAAGCCTTCCGGTACGCCCTAGAACACACGAAAGACACGACGCCCAATGACAAAGCCATCAAAGTAGGTAATAACGGTACCATTGACCAGAACGCGGAATACAGGATATCCGAGGATATGACAGCTTGGGATCTGGCTGACGTGCTACTGAATAAACCGACTGGTCATTTTCCCTACGATGAATACAACTACTTTTTCATGCCGTAACTAGTTACGGTTATCTTTTCATCCATTAATAAAGAAGAAGTCCTATCCTATTTTTGTTTTGCCAATAGATCAATCCAGGCATCCGTGTACAAGTAATCTCCATGAGCTTTGTCATACACACAAAATTCTGATTTTGTCGGTGTTTTATTAGCGGCATTTGTAATGGGTCGAACGTTAAACCTTTGCCAATTCCTTGTGTGCCAAGTTAATGACCTACGAGTACCCCTTTTCTCCAATTCCGCTAGTACAGCACTCGGTCTATATAAGTTTTGGTTTGCAACTGGAACTAATTTCTCTTTTATTCCAATGATTGCTTTTTCGTATTTTGCCATTTCTTCTGGGTTGTTTGGATCGAACTTGACAAACTCTATGGCTACGTCTGATGACGACCTATGATTCCCAATTTTTGGGATAAGGAAGGCTTTAAATGAAAATTGTTGGGAATTAAGTACGTCTGCAGTTAATAAATTTCTGTATTGTCTTATAAAACCAATTACTTTTTCCTCACTTTTTGTTTTTGGTAATGGGTGTCTACTAGGAGATATTTGAATAGGCATGAACATAGTATCGATCAATGAAGCTGTTTGACCATATTCTCGTGTGAGAAATTCTTCAAAGTTTAAAACAAATGCTTGGCATTCTCCGATTAATTCAGTATCAATACCTGGGAGATTTCTATGTTCAATTTGATTTCTAAGTTTAACAAAAAGCTCAATATTTTTTCTAACAGGATCGTTTTCTGAAAAAACATGTTTTACACATTCTGATAATTCCCATGCCTTATATTCATCATCAATCTTTACATAACGGCCATTGTCCTGCTTGTAATAATATTTTTCTTTTCTTTTTTCAAAATAACTGTGTAATAAGGAAGTCCAAGCAATACACATTAACACAGCAAAATTCCCAGTTCTGAACACACTTCTAGGGTCATTAAACGCAGAAACAGCTTGAGTCGCTGAATCTCTTGACTTATCAAGTAATAATTTACAATTTTTACGTAACCGTCTCATCTCAACCGTATTTTACCAAAACAGATAAAAATAGACTAAACAAGGGATCTTACCCCTCTTTTACAAGGGTTTCCGGCTTCGCCTCCAATAAACTGCGCTTCGCTTGCCCTTGCAAAATTCACCCTGCTTTTTGTTGCACAAGTATCAGGAGGCAGGCAGCCTCCTGAATCAAAATTATAAAAAGAGGCAGCAGAAAGGCAGAATATGAAACTGAGCGAGAAGGCTAAAGCAAGCCTGGAGAGGGTGATAGCAAAATTTCAAAAGGGTGATATTTCGGCAATTAGCCAGGTTGCCCGGATCCAGTTGGATCCCAGAGCCCCGGCGCGGTTTTGGAGCCTGTCAAATAAAGTCCTAGCGTTCATTCAAGCCCAGGAGCTTGACTGTCGAGGCTATATGCAGTGGCAGCAGTTGGGAAGAAGCGTGAAGCATGGAAGCAAAGCCGTGTATATCGTCCGCCCTTTAACCGTAAAGAAAACCAAAGAGGAAGACGGCGAAAAAAAGGACTATATCGCCTGTATCGGCTTTTCTACTTTCCCGGTGTTTGCGGCTTCGGATACAGAAGGTAACACCATATTGCCTCAGTATCAGCCCAGACACTTACCGCCGCTTGTGGATGTAGCCCGAAAGTTTGGTATAAGCGTCGATTATGTACCGGTGCCTTCGGATCGTTTGGGAGATTCTGATACTAACGGCACTAAGATACGTATCGGTGCCCAGGACCCAAGCGTATTTTTCCATGAACTGACCCACGCGATTCACGCCCGGCTATCCAGTGGCTTAAAAGGCGGCCAACAGGTTGACCAGGAAGTCACCGCCGAATTATGCGCGACCGTCCTAATGGACTTCTATGGCTTCAGGGACCATTCTGGGAACGCCTGGCACTATATTAAGCATTACGCCCAAGATCCCTTAACTGCAATCACCAGAACCCTAAGTACCGTAGAGGATGTACTTTCGGTACTCTTGGAAGGAAGAGCCGCTACCTAAGCGGCTCTTAGGGCTCTTTGGGTAATACTTTTTGGAGCGCTTCACGACAAAAACCCATTTTCTGAAGTTGTTCCCTGGTCGTAAGATAGAATTCTAACTCTGGCTCGTCATTTAGCTGCTTTTGGATGAAAGTATTCAGGTAATGACTTGAGCGGTTGTCCGGACAAAACAAAATAATCGCAGGGAAGGGATTGTCATTATGATCCTGCCAGTAGCCATTGTTGAAGTATTCGAAATACTGGCGGACACGCTTTCTTAGTACCATCCGAGCTGGTAATTCATCGAAGATATCCAGAAAATAGCATTTTTTACGTCCATTCGTTTCTTCGATGGAAAAATAGGCATCGGGATAAGGTAAGATCAAATATTTAAGGCCGGATAGGTCAGTTCTGGTATAAAAATGCAGCGTTGCCTTGGTGCTTTGAGTCAATTTAACCAAAGATAAATATATATCGGCCACTTGTAGGCAATGATGACGGAATTGGTTTGATAGTGTTAGTTCCCGCCAAATTCGGTCGAGTAGCTCCGGTTTCACTCTTTCAGTCTTGGCGTTCTGTTTTAAGTATTTCCTGCCTTTATTCCCAAGCGAATAGATAGCCGGTACGGTTACTCTTTTCTTATCGTAGTAACGTCTGATATACCCGTTTTCGGTCAATTCATTTAGCCAGACAATAATGCGGTTATAGTGTTTGTGGTTAAGTAAGGTTTGAAGTTGATTTCTGGATAAAAACCGGAATTGATATAAGAATCGTAAAATTTCTGTATGTCGTGAAGTCATAGATTAGATAACAGTAACGCGCTAATCCGTTTCTCTTCCTTAGATATAAGGAATATAGATGTAGTGATATTTAGTAAACTAGCCATGATTAACATCAGAATCAGTGTAAACACGCTTACACTCATAGCAAGGTTCCCACGTCATCGGCAGAAGCTATAGTTTTTGCCTTACGCATTGGCTTTGAATTTGTTTTGTGACCGTTACTTATTGGTTTTTTATACGTAATGGCGTAGTTTTTCCGTGAAGCTTCGATGATCCGGTCAACCTTCTCAACATTTGGCTCGATCACGATAGCCAATGTCTCGCCGGAAAACGGTTCTTCAGGTTCAACAGCGGATAGCTTCATATAGAACTTATAGCGGGGCAGGTTAACGATGTCGCCCTTTTCAACGTAGGGAGAAAATTGAGACAGCATCAATTGTTCATCGATGGGACTGGCAGTCCTAAAGCAGATGACGGTGCCGGTATTGGCCAAAATGA
CP006914.1_gap26	877609	878109	500	AGAGGTTTACACAGCCTATTTTATAGGCGGACGGGTCAACGTTAATAAATAGCGCAGTTGCAATATAAACGCCGCATCGTACGGAAACCGGAATCGATTTCGAACTGTCCTATAATAAATAGCTATATTTTTGTTTGACAGATAGATTGTTTTAAAGTAAAAGGTTATTAGAAATAACTCGAAAGGGTTTGTTGTCTGCCCGTTAAGGCAAAAATGGCCTTCAAAAACAAAGAAAATTACAGCAAAATATTAGGTTACTGAACGCACACCCCAGGTGTGCTTTTTTTGTTGCTTTCATTTTGTTTTAAGGTTATATAGATAAAATATAACGGGGTTTGAAAACTTAAATTTATTTAGTTCGAGAATGCAAGGAAACACGTTGCGTAAATTGGTCGCTTGTAACGTGCGGAGCAAGTAGCGAAACCGGTCTCTATGTTGAGGTCGGTTTTTTTATTGGTGTGTGCACTATTAAGTTCACCACCGATGCGCCGTAAAAATTT
