gap_id	start	end	length	sequence
CP001130.1_gap1	4173	5268	1095	CATGGCTCAGGATTTTTCTTGGAGAAGAAGTGTCCAAGAGTATATAAAAATTTATAAAACTGCAAAGCTTATAAAAATGCACTGATGAAAATAACATTTTTAAATACGTCAAAAGACGTCCATGTATATATAAAAAGAAATATCCATTACAGTATTAAAACCGAAGACGTATCTAAAATAGTGCCCTCTTTTGCTATAAAGTTTGAGGGCTTTTTAGAGAAAAACGTGCTAGAAAATGCTGCTCGTTTTGGTGTATTTTGCCACAATCAGGGGAAATATGCATTTGTTATAGGAAATAAGTTTGGTATTTTTGAGCTTTTAAAAGCCACAAAACCAAAAATAGCTAAAGAACTTATAAAGCATATTATTAATTTTGGCAAAGAGCACCGTTACAACATATCTTACAACACAAAAGTTTTGCACCTTTCAGACATGAAACCACTTGTAATGGGAGTTATAAATATAACCAAAGATTCCTTTTACGCACCTTCAAGGGTGGATGAGAAAGATATACTTTTTAGAGTAGAAGAGTTTATAAAAGAGGGTGCAGATATAATAGATATAGGAGCTCAATCTACTAGACCTGGAGCAGAGGAAATATCTTCTGAGGAAGAGGTTCGTAAGCTTTTAGAACCCTTAAGAAAGATAAGAAAAGAGTTTAAGAATGTGTGGATATCCATAGATACATATTTTTCCAATACTGCTAGGGTATGTCTTGAAGAAGGGGCAGATATTATAAACGATATAAGTGGTGGAGTTTTTGACGATGATATACTAAAAACTATAGCTGTTTATAACTGCCCTTACATCATAGGACATTCCTCTTCGTACAAACCAAATCAGTGGCCCCATACAGATTTTGAGTATGAGGATATAACCCTTGAAATTATAAATCATTTTAAAAGCCAAGAGACAAAGCTTTTAGAACTTGGGTATAATCTCTTTAACGGCATAATCATAGACCCATGTATAGGCTTTGCCAAAAAACCTATGCACAACTTAGAAATTTTAAATCAGATAGAAGCTCTTAGAAGTCTTGATAGGCCAATTCTTATAGGTACTTCAAGAAAATCTTTTATAGGTATAGTGATAAAA
CP001130.1_gap2	7095	9982	2887	GATATTTTTACATTTTCTTTGTAATATCTATAGGCGTTTAGAGCTTTTGCAAAAAGATCTATCTCATATGAGGCACTTACAGAGAGGTTGTAGGTGGTATAGGGCGCTATACTGAAAAATCTTCCGGTGGGTGTCCGTTTAGATAGTTTTTGTCTTGTACCGGATACATTTAGGTTAAAATTTGGAAAAAGCACAGATGAGTTTTCAAGTACATAAGCCTTCGAGAGTTCTATATTTTTAAGAGCTATAAGGTAGTTTGTATTGTTTTTGAGAGCTAAGTCTACATAGTAATCTAGGGTTTTATCGTTGAAGGTTTTCCACCAGTGTTTGTAAAGGTTTTGATCTTTTGTGGTGTAGACTTGTTCGTATTTTGAAAGCTTTTCTTTAAAAGCGCTTGGATATTTTATAGATACATTTGTTGGTTTTGCGTAAAAAGCGCAAGAGTTTAATATCAGAGCTCCTATACCAATAACAACTATAGCCTTTTTCATATTATTTGCCCTCTAAATATATGTCTACAAGCTGTCCTGGGTAGAGGTTTACGTTTTTAGGCTTTTTAAATCTAAATATTACAGGTAGAACTCTTACGTCTACTCTTTCTAGTAGCTCATCCGATAGTTCTATCTTAGGTGTTACATAAGGTTCTACCGCTACAAATTTGAGGGGCACAGATATGTTGGTACCTCTTATAAACATAACGGCCTTTAAGTCTTTTATAGGTGGTAGTTTTGCAAGAAGTATTTCATCTATAAATGCTCTAACTTGAAGCTCTCCATTGGAGCTTTGACCAAGTCTTACAGGTGTAACGTAAGAATGTGTATAAGTATAATAAACACCAGAAGGTGATACATAGTCCCCTTTTTCCACGTTTAGCTCTAAAACAGTTCCAGATACCGGCGCTTTTACCGTATATCTTTTTAAAAGTTCCAAAGCACTTTGGTAAGCATGCTTATCGGCTTTGTAAAGTTGATACTGGGTGTTTATATCATAACTCCATGCTCCCGCCTTTGTGAGTTCATAATTTTTAATTGCCACTTTAAGATTTTCTTTTGCTTCTTTTAAAGCGTTTTTTGCGTTATCTAAATCTTGTTTTGATACAGATTTTGGGTTTAGTTTATAAGAGTTTAAAAGCTTTTTATAGTTTGACTGGGCATAAGCAAGCTGCGCTTTGGCGTAATCTACTTGAGCCTTTGAAACGGCCAAAACTTGGGGTCTTGGTTCGTGTAAAAGCTCTTGATATTTTGTATAGTCTGCTTGCACTTGATGGTAAAGCTGTTTGACCGTTTGGGCTTGTACGCTGTCATCCACTTGGAAAAGCGGTTGTCCTTTTTGCACAAACTCACCGTATTTTACAAAAACCTTTGTTACATTTCCAGATACCTCAGGGTATACATTTATGCTCTCCCCACTGGCTTGTACTGGTTCTATAATGCCGTTTGCATAAACGCCATTTTTAAAAGGGTCTTTTGTCATATATACAGGTGGCGGTGGTTTTGGAGCTGATCCGTATATGTGAGCGCTTATAATACCTGCTATGATACCAAGAATAGCTAAAGCTATCAAAATTTTTGTTTTTGTATTCATTTTTACCTCCTAAAAGCCAAAAATTTACAAGTCTGCCACGCTTCACAAGTCTGCCACGATTTACAAGTCTGCCACGGTTTAGTGTATTTCATCCAAAGAAGCCTCTTTTATAACACCATCTTCCATATGCACTATTCTAGTGGCATCTTCAAATATTCTGCTATCGTGGGTTATAACCAATATTGTCCTTTCTGGCGTAAGCATTCTTTCTTTTATAAGTTGCATTACTTTTTTACCGGTATCTCCATCCAAAGCGGCGGTAGGTTCGTCCAAAGCCAGTATTGTAGGATTTGTGGCGAGAGCCCTTGCTATTGCTACTCTCTGTTGCTCCCCGCCAGATAACTTGTAAGCTGGAAGCTCGTATTTAGATTCTGGAAGCTGGGCCATTTGAAGTTTTTCTTTTGCCAAATTTATAGCTTTGTCCCAGTCTTCACCTTTTAAAACAAGAGGTATAGCTACATTTTCCAAAACGCTCAATCTAGGAAAAAGATGGTAATCTTGGAAAACAAAACCTATGTTGTTTAGCCTAAACCTTGCCAACGAATCCGTGTCTAAAGACCATATATCTGTATCTTTTACTATTACCTTACCGTTGTCTGGTCTCAAAACCCCAGATATTAGGCTTAAAAACGTGGTTTTACCAGAACCAGAAGGCCCTACTATATACAACATCTCTCCGTAATATATGTCTAGACTTACATTTTTCACAGCACACGTTTTAGCTTCACCAGTCCCAAAGCATCTTGTGAGATTTTGCACTCGTATGGATATTTTTTTATCCTCCATTTTATCCTCTAAACACTTCAAAAGCCTCTACTTTTAATACCTTTCTTACTCCTAAGAAACTAGCGAAGGCTGTTATAAATACAACCATCACCAAAGCTGCTAGCATGTTGCCGTATCCCACCATAGCTGCGTAGTTTGGAACTTTGAGATGTCCTAAAGCTATCATCGATGAGGATAAAAGCACTCCAACTCCGTAGCCTACAAACCCCACCAAAACCGCTTGAATTACTATTATAAAAACAAGCTCTTTCCTAGTAGCTCCTATAGCTTTTAAGGCCCCAAATTTTTCAAGATTCTCCAAAACAAACGTATAAAATGTCTGCCCTGCTATCGAAAGCCCTACTATGAAGCTTACCAGTGTCATAATTAATACATTCATACCAAACCCAGTTTTAAACATGTAAAAATGGGCATTTATCTTAGTAAATTCTTTAGAGGTTAAGGCTCTATAACCAAGCTTAGCTATAGCTTTTTTAATCTCTGGTATGTATTTGGGGTTTTTAAGCTTTAAAAGTAC
CP001130.1_gap3	14927	17235	2308	ACCGAAGCACAAAAAGACTTCCTACAAGAGCCCCAAGTGTGTCAGCGGTTCTATGTATACCAAAGGCAAGCCCTGTTTTTTCTTTTTTTACAGATAAAGATAAGAGTGCATCTCTTCCGGGGCTTCTTATAGCTTTTCCTACTCTATCTAAAGATCTTCCTAAAAGCACAAAAAACCATGTGTTTAGGACTATACTTGATATGTATAAACTCTTTGATATGGCAGAAGTAAGGTATCCTCCTATTATAAGAGGTTTTGCCTTTAGTTTGTCCGCTAAATCCCCGCTAAAAATCCTTAAAAAGTTTGATAAAAACTCTGAAAGCCCTTCTACAATACCTATATCAAACGTAGATGCTCCAAGTATAGTAAGTAAAAGCGGTAAAATTGGAAATATAATTTCAGAAGATGCATCTGTGAGAAAACTCGTTAGGCTAAATAGCCATATGTTTTTGTTCATTTAGATAATTCTAGCATACGTTCTATGGGTTTTTGAGCTTTTAATATGATATCCTCTGGAAGCGTTACTTCGTTTATCTCATCTCTTAGGGTGGTATAAAGGTTTGCAAGCGTCACACCTTTCATAGTGCAGCAATAAACCGGCGAACCGCAATAATGCATAGCCTCAGGGAAAATATAATTTTTAGTGGGGTCTTTCTTTTGAAGTACATATTTTAGGCCTACTTCTGTTATAACGATGATATCTTTATGAGGGGTTGTGGTGGCAAAGTTTATAATCTGGCTTGTACTTCCTATAAAATCAGCGTTTTCTAAAACCTTTGGATTGCACTCTGGATGAGCTGCTACCACAGCGTTTGGATAGCGCTCTTTTAGGGCTTTTAAATCAGAAAGGCCAAACTCATAATGAGGTGGGCAAAAACCTTTCCATATGATAATCTCTTTATCTGGGACATTTTTCTTTACCCAGTTTCCAAGCCCCATATCTGGCACAAAGATTATACGCTTTTGCTCTAATTTTGATACAATCTTCACTGCGTTTGCAGAAGTGACACATATATCTGATACTGCTTTTACCTCAGCGGATGTATTTACATAGCTCACCACCGCTGCATCAGGGTATTTTTCTTTTAGTTCTAAAACTCCTTGGACTGTAGCCATGTCTGCCATAGGGCAACCAGATTCTGGATTTGGATGTAGGACTTTCTTATTGGGATTTAGGATTTTTGCAGTTTCGCACATAAATCTTACACCGCAAAACACTATGATATCTTTATCCGTTTGCTGGGCTTTTCTTGAAAGTTCCAAAGAATCCCCTACAAAATCAGCCAGATCTTGGACTTCCGGTCTTTGGTAGTAATGAGCAAGTATAACAACACTTTTTTTAGCTTTTAGCTCTTTAATTTTTTCTATATAATACTCGTTGGGTAACTCTACTGAAACTGGTTTTTCAATAGTTAACGTATCCATAATAATAACCTACTCATATAAAAGTTTATTTACAATAACTTATCTCATAATCATAGAAATTTATTTGGTTTATAATACTAAAATCCTGAAACTTTTATAGGAGTTTAGAAATGGGTATACCGATTAAGCTTATTGCCGGTTCGTCAAATATGAAGTTAGCTCAAGAAATATCTGAATATCTTGATATACCATTATCAAAAACACTTCTTAGTAAATTTAGCGATGGTGAGATAAGAGTGCAGGTAGAAGAATCTATGAGAGGTGGAGATATATTTGTTATACAATCGTTATCGGCTCCTATAAACGATCACATTATGGAGCTTGTACTACTATTAGATGCTATTAAAAGAGCGTCTGCTTATCGTATAACCGCTGTAATACCTTATTTTGCCTATGCAAGACAAGATAGAAAAGATAAACCACGTGTTCCTATAAGCGCTAGAGTGCTGGCTGATATGATTACAACAGCGGGAGCCCAAAGGGCTGTGATAATGGATTTACACTCCCCTCAAATTCAGGGCTTTTTTAATATACCAGTGGATAATCTCTTGGCTTTACCGGTGCTTTACGATTATATAAAATATAAAGTAGATTCTCCCAACACTGTTATAGTATCCCCAGATGCTGGTGGTGCTGAAAGGGCAAGGCAGCTTGCCAATAAGCTTGGGTGCAATATCGCCATCATATACAAAAGAAGACCAGAACCAAATAAAGCGGAAGTATTTGACGTTATAGGAAACGTAGAAGGCAAAGATGCCATCATAATAGATGACATTATAGATACGGCAGGTACCTTGGTGGCTGCTACCAACATGCTTATAAACAAAGGAGCAAAATCTGTTAGAGCGCTAACTACTCACGGTGTTTTATCTGGACCAGCATT
CP001130.1_gap4	69705	71338	1633	AACCTCTCGTCTATTTGATTGTTTACTATAAGACCGTAATCTCTTGCTGTTTGAGGCATTAACTGCCATATACCGGCTGCTCCGGTGCTTGACACAGAATATTGATTATATCCACTTTCTATGATGGGAAGGTATATAAAATCCGATGGAAGGTTGTACTTTTTAAGTATTGGTAATATTATAGGAGAGTAGTAAATGGCTTTTTCTATGCCCCTTTCTATAAAACCTCTATCTTGGTATAAAAAGTAGTTTATATACTTTTTAACATCTTGTGTATATACAAGATTTAGAAATTGAGGGTTGTTTTGATATATGGGACGATGGCTTATTTGGGGTCTTTCATAGCTTACGTAGTTTGGCTTTTTGTAAGCGTAGTTGTTTCCATATAAAGATGCGTTTGTAATCTCTGCACTGCAAGAGCTAAGTATTATTGATAAAAGCCCCAAACCAAGAAGCCTTTTTACGTTCATAGCATACATATCGGTATTTTAAGATACCATTAAAGTGTTAAACTTTATATGATATATATTATTCTTTTGCTTTTTTCACACTTTCGTATATTCTGTGCGCTATTACTTCATTTGCTTTCGTAATTTTGGCAAGTTGATCTGGGCTTTTTATGATGTAAGGTGTTATAAATATAAAAAGAGTGCTTTTTTTATTTTCTCTGTTTTGATATTTGAAGAGATTTCCTAAAACTGGGATATCTTGAAGAATTGGTATACCGCTTATGTTTTTTATAGTGTTGTTGCTCACGAGTCCTCCTAATATCACCGTTTGACCGCTTTTAACGACTACTTCCGAATTTAAAACTCTATCTGTGGTAATAGGTATAGGCACCGTTTGACCCGCTACGTTTGTATTTGTAAAGCCCGTGATATCTTGAAGATTTAAGTTTATGCCAAGCCTTATGTTGTCTTTTGAAACAGTAGGTATAACATCAAGCTCTAGGCCTATATCTTTGTAGTCGTAAGTGAGTATTGGGAAGCCGTTTATGTTGTATTGGGTACCTGTTACATAAGGATAAACTTGAGCTTCTTTTATAATAGCCTCTTCGTTGTCAAGGGTTAGCACCTTTGGGTTTGATATGATTTTAAAACCATTTCCTTGCTCTAACAAACTTAAAAATACCGCTAAATCAGGAAATATGATTGTATTACCACCTACGTTTGCACTTATACTGCTTGAGCTTGTAACACCTACTACGAAGTTTCCAGATAAAAGCCCTTGGTATATGGTTTGAAGAGATGCCGGGTTAAATCCTATACCGCCATTTTTGCCCAAAGCTTGCCAATTTACACCGGTGGTAAGTTGTTTGGTGAGGTTTGCCTCCACTACAGAAGCCGCTATCAGCACTTGAATGCGTTTTTCGTCTAGTTTTTTTATGAGATTTTTTAGATTTTCGTATTGAGATTTTGTGGCGTATAAAATAACGCTGTTTGTGGCTCTGTCAAAACCTATCCTCGTGCCATCAGAAAGATATATAGAGCCTATTGGTTTGTTGGAAGATATTACGTTTATGTTTTGATTTGGAGGTACGTTGCTTTGAATTGTTTGAGGTTGGTTTTGCATAGTGTTTAGGTTTGGTGTAGGTCTTTTTGTGGTAGAGGAAATGGCGCTTGCGCTTCCAAAA
CP001130.1_gap5	72874	74352	1478	CTTTTAGACATTTTGGTAGTGCCGAAGCAATATTAAAAGCCGACAAAACATCTTTGGAGCCATTCTTCGGCTCCAAAGCTATAAATATTGTTGCTAAAGCTTTTGATAAAAACTATGTAAATAACGCTATTATTAAATTAAAACAGTTAAATATCGAAGCCATAACCTATGAAAATAAATTGTATCCTGCAAATATGTTAAATCTTCTTGATCCTCCTCCGGTAATATTTTTAAAAGGTGATAAACCTTTGCTTTGTCAAAAATCTGTCAGCATAGTAGGCTCAAGGAAAGCCGTTTTGAGTGCTTTAAATATGACAAAATCTGTTGTATCAGAACTAAGACAAACTGTGGTATCTGGAGGAGCCGATGGTATAGACTCAAAAGCTCATCAAAGTGCTTTAGAAGAGTCTGTCCCCACTATAGCCGTTCTTGGTTTTGGATTTTTGTATGCAAAACAAAGTCTTTTTGGAAAGATTCTAGATAAAGACGGTCTTTTGTTGACGGAATTTTTACCTTTTGAGGCACCTTCAAAATATACGTTTCCAATGAGAAACAGAATAATAGCCGCTTTGGGAGATTATATTTTGGTTATGCAAGCCTCTTCTAAAAGCGGTGCTCTTATAAGTGCGTATTGGGCTTTTAAATTAAACAAAAAAGTTTTTGCATATGTGGGAAACCCGGTGGAAGAGTTTGAGGGTTGTGTAAACTTAGTAAGAGAAAATGTAGCTAAGCTTTTTACAAATAAATCCCATCTTTTTAAAGACCTAGATTTATCTTTTGAAAAGCCAGAAAACCAACAAAATCCTATACTTTCTTTTCTTGATAAACCATGCACTTTTGATGAGCTTTTAGTAAAAACAAACTATGACGAGGAAAAACTTACAATGGAGCTTACCATGCTTGAAATAGAAGGCTATATATCAAAAGACGGTGCTTATTTTGTGAAAAATGCATAGGTTTTTTGCTTTTAGAAAAAATGGTACGATAGAGTTTTTTGAGGAAGATAAAAAGCATTTTAAAGTACTTAGAATAGAAAAAAACGAACTTTTAGAGCTTGTTATAGAAGACAAAATATACGAAGCTAAATTCACAGGGCAAAATTTTGAGCTTTTAGAAGAAAAAACAAAACCCCCAGATGTAAAAATATATGCAAACGTATGTATACCGATAAAGCTTCAAACGTTAGAAACAATAATAGATTATGCAGTACAAGGCGGTGTTTTTGAGATAACCCCTGTTTTTTGCAAAAGAAGTTTTCAAGATAGCTCTAAGCTTTTGGAAAAGTATCAAAGGCTTCAAAAAATTTTAAAAGAAGCTATAAAGCAAAGTAGACCCTCTTTCTTGCCAAAATTAAACCATCCTATTTCTTTACAGGATATAACATTACAAGGATACGGTATTGTTTTTGATAGTTTTGAAAAGCCCAAAAACGATTTATTAAAAGACAACAAGTATACCCTTGTTTTTGGTCCAGAAGG
CP001130.1_gap6	130074	133415	3341	GGAGAAACAATAGAAGAGATAACAGAGATAGCAAAGTTTTTTAGAGAAAAAGCTTTAAAAGTCCCAGTAAACAATCAAGAAGAACTTTTAGATACTTGTGGGACTGGCGGAGATGGAAAATCCACCTTCAACATATCAACGGCTAGTGCATTTGTTATAGCTGGTGCTGGTTTTAAAGTGGCAAAACATGGCAACAAATCCGTATCTTCAAAGTGTGGAAGTGCTGATATATTAGAACGTCTTGGTGTAAACATAAGTATGTCGCCAAATCATATAGCAAGATGTATAGAAGAAGTTGGTATTGGATTTATCTATGCACCTTTTCATCATGGTGTTATGAAAAACATAGCAAAGCCACGAAAAGAACTTGGAATAAAATCTGTTTTCAACCTTGTAGGACCTCTTTCAAATCCCGCTGGTGCTAAAAGGCAGATAATGGGTGTTTACGATATATATTTGGTGGAGAAAATAGCTTACGTGTTAAAGGAGCTAGGTAACATAAAATCTTTTGTGTTTAGTAGTTATGATGGTATGGATGAGGTTTCTATAAGCTCCAAAACGCTTGTGGCAAAACAAACAAAAGACGATGTTGACATGTTTGAATTTGATCCTACAGAGTATGGATTTTCTTTTCAAAATATAGAAGATATCCAAGCCAAAGATATAGAAGAAAGCTTAAATTTATTTAATATGGCTTTAAGCGGTAAGCCGTCGGCTGCTCTTGATGTAGTGCTTATAAATGCTAGTTTTGGTATTATGGCTTTTAGCGATATAGCTTTTAAAGAAGCTTTGGAAATAGCAAAAGATAGTGTGTTTTCTAAAAAAGCTTTAAATAAGCTACAAAGTTTGATAGAATGTTCAAATTATACTGAATGATAAAAGTAGGTAAAGTATCTTATTTAAATACGCTTCCCATGTTTTACAATCTTTTAAATTATGAAATAATAGAAGGACACCCTTCAGAGCTTTTTAAAATGCTTGAAGAAGATAAAATAGACATAGGCATATTATCATCTGCCGTATATTTAAAAGATAAAGATAAGTACACATACCTTGATGGCGTTTCCATATCTGGCAAGAAAATGGTATGTTCTGTTTTGCTTTTTTTGAAAGAAGATTATGTAAAAAATGTTTATCTTACCAAAGATTCTGTTACTTCAAGGATACTGACAAGATGGTATGTAGAGGAAATTTTAAAATTAAAACCAAACTATGTAGATGACGAAGAAAAAGCGGATACAATTCTTTATATAGGTGATAAAGCTATAAAAGAATATTGTTCTAACGCTTATAAAAAAATTGTAGATTTAGGTGAAGAATGGTTTAAAAGATATGGTGTTGGTTTTGTTTTTGCGCTTTTTACATACAAGAAAAGATCTGTAAAATCCTTTGATAAGTTGAAAGAGGATGTGATAAATTCTATAAACTTTTTTTATGAAAAACTAAAGAACAATTCTTTAGAGAATGAGATATTTAAAAAATACGATTTTGTGGATATAGACTTTTTTAGAAAGTATTTTCTTGAATGCCTTGATTTAGGACTAAGAGAAGGCCACAAACGCTCACTGGAAATATTTGAAGGTTTTGTGAAGCGCTTTGGCCTTACTTAACCAGCTTTTTTATACATATAAACTGGTTTTTTGTTCTCATCTATAACTATCTTTTCTACGTTTACTAAAGACGGTGCTTCATACATAATGTCAGTCATGATTTTTTCTACTATAGCCCTTAGCCCTCTTGCACCGGTCTTTCTTTTTATGGCCTCTTTTGCAATTTCTCTTAAAGCACCCTCAGTAAACTCTAATCCTATACCTTCCATTCTTAAAAGCTCTTTATACTGTTTAATAACAGCATTTTTAGGTTCAGTTAGTATTCTTATCAAATCTTCTTCTGTTAGTTCATTTAAAACACTTATAACCGGTAGTCTTCCTACAAACTCAGGTATAAGCCCAAAGTTGATAAGGTCGTCGGGTTCTACCTGTGATAGTATATTGCCTTCTTCTTTGTATTTTGAAATTTCTGTTTCAAAACCCACGGTGCTTTTACCAAGTCTTCTTTTTATTATATCTTCTAAACCTACGAAAGCTCCACCGCATATAAACAGTATGTTGGTAGTATCAAGCTGTATGAACTCTTGGTGTGGATGTTTTCTGCCACCCTGAGGTGGTACGTTTGCTATAGTCCCTTCTATGATTTTTAAAAGAGCTTGTTGCACACCTTCGCCCGATACATCCCTTGTGATAGAGGGGTTATGACCAGATTTCTTAGCTATTTTATCTATTTCATCTATATATATAATGCCTTTTTTAGCCTTTTCTATGTTGTAATCACAGTTTTGTAAGAGTCTCACTAAAACGTTCTCTACGTCTTCTCCGACGTAACCTGCCTCTGTAAGGGTAGTGGCATCTGCTATAGCAAAAGGTACGTTTAAAATTTTTGCCAATGTTTTTGCCAAAAGCGTTTTGCCACTTCCGGTAGGTCCTATAAGGAGTATATTGCTCTTTTCTATATCTGTATCGGATTTTCTAAGTATTCTTTTGTAATGATTATAAACTGCCACGGATAGAATTTTTTTAGCTTCATCTTGACCTATGATAAACTCATCTAGAATTTTCTTTATCTCTTTTGGTTTTGGTATAGATCTTACTTCTTTTGTAACTTCTTCCTTATCATGTTGCTTGATTAGATCCATCGCTTTTTCTACGCATTCGCTACATATGTTCATACCATTTGGACCCGCTATCATCAACGGTACATCTTTGGATGATTTGTTGCAAAATGAACAATATTCTTTTTTGCTAGCCATATTAAGCCCTCTTCGTGATTACTTTGTCTATAAGCCCATAGTTTTTGGCTTCTTCGGCAGACATAAAGTAATCTCTATCCACATCTTTTTCTATTTGTCTTAAGTTTTTACCGGTGGCGTTTGCCAATATGGTATTTAATATGTGTTTTATACGTTTTATCTCCTCAGCGTGTATAAGTATATCTGTAGCTTGACCTTGTACGCCTCCAAGTGGTTGGTGTATCATGATGCGAGCGTTTGGAAGCGCAAACCTTTTTCCTTTTGTACCAGCTGCCAAAAGCACCGCTCCCATAGAAGCTGCTTGTCCTATGCATATAGTGGTTACATCAGGCTTTATATACTGCATAGTGTCGTATATAGCAAGACCTGCTGTAACAGAACCACCAGGGGAGTTTATATACATTTGTATATCTTTTTCAGGGTCTTGGGCTTCTAAAAACAAAAGCTGGGCTACTATAAGGTTTGCCACGTGGTCATCTATAGGAAAACCAAGTATAACTATACGATCTTGTAAAAGCCTCGAATATATATCGTA
CP001130.1_gap7	263511	266391	2880	GGATATAGAACCTGCTCTAAAAGGCAAAAAAATGCTTGATATAGGTTTTAACAGCGGTAGGCTTTTGGCTGTAGCCCACGAACTTCTAAACTTAGATGTATATGGTGTAGAACGCTCAGAAAACCAAGTAGAAAAGGTTAAAAAAGCTCTTAAAGATATAAAAATAGATATTGCTAAAGTCCTGGATCATAAATATATTAAAAACCTAAAGCAAAAATGGGGAAGCTTTGGTATTGTGATTTTAGAAAATATAATAGGAAACTTGGAATATCCATACGAATTTTTTAAAGCTGTAAAAGATTTGATGGAAGAAGATGGAATTGTCATATTTACATTTCCTAACAAAGATAGACCTTATATAAAAGTTAGAAAAGGTTTAGACTGGTCTGTGGAAGACAATGATTATAACTATACTCTTAATAGAGTAAGCGTTAGAGGGTTAGAGATAGCCTTGAGAAAAGCGGGATGGAATTATACTTATGGCAATGCTACCCCGATTTTTCCGGGTGATATAGTACAAATCATGGGTCCACCCCCAGTTTTGACTTTAAATACTGGCAACAACCAACAAATGAACATAAACCCAGCTGGCATGGAGACATATATTTATAACTACATGAAACCTATATTTAACGCTTTTTCCCTACATGGTCAATTTGGTATAGTGCTAGCTTCTAAAAAGCCTATAAACAACTACTGGTTTAAAAGGCTTGATGTATTGTGGGAACTTATCCAAACAAACGTTATGAGAAGAGAGTATATAGTAAATACATATTTAGAGCGATGAAGATAAAGCTTAAGATAAAAAGACAGGATAGGTTTGAAACTTACGAAGTGCCCTACAAAGAGGGTATGACGCTTTTAGACGCTTTAAAGTATATAAAAGAGTATTTGGACCCTTCTTTGGCTTTTAGGCAGTTTTGCGGGGCTGGTATATGTGGTACTTGCGCTGTAAACGTTAACGGTTTTCCTAAGCTAATATGCAAAGAACAGGCGTTGTCCTATGCTTTAGATGAAAATCCAACGGTTTTGGAACCTTTAAACAACGCTGAAGTTGTAAAAGATTTGGTGGTAGATATCTCAAATATGTCTTATAGAATAAAAGCTTATAAAGCTTGGATAACCCCCATTGAAACCAATTTAAAGATAGATCAAGAGCTTAGTAAGAAAATAGAAGAGTCATCCGATTGCATACTTTGTTATGCTTGTCAGAGCTTTTGTCCAGAAGTAGCCGATAAAGATTATGCAGGACCGCTGTTTTTTGCTAAACTCTACAGACTCTTTATAGACCCAAGAGACCGTGAACATGGTATTAGGCTTTTAGAAGCAAAAGATACTTTAATATTGCACTGCCTTTCTTGCAACAAGTGTAACAACGCATGTCCTAAAGAGGTAAAACCTGCCACTTTGATAAGGGAGCTTTTGGATAGTTGAGTCAAGTTATATATCCAGGGACTTTCGATCCACCTCATTTAGGGCACCTTGATATAGTAAAAAGAGCCTCTTATATATTCGATGAGGTATTTATAGCGATAGCGAAAAATCCTCATAAGAACCCTATGTTTGAAGCCAATGTCAGGAAAAATCTTTTTGATAAAATACTAAAAGCAGAAAATTTAAAAAATGTCTATGTAGAGATTTTTGATATTACACTGGTTGAATATGCCAAATCAAAAGATATAAAGCTTGTGATAAGAGGTGTGAGGCTTTTTACGGATTTTGAGTACGAGCTTCAAATATCGATGAGTAATTATATATTGGGTGGTCTTGAAACGCTTTTTATGATGCCAAGCCAAGAGTACATACATATAAGCTCCACTATAGTTAGGGATCTGATAAAGTATAAAGCCTCTTTAAAAGGTTTTGTGCACCCTATTATAGAAAAAGATGTCCTTTTATCTTAAAATATAAAATTTTTATAAAAATGTTGTTTTATCGTTATCTTTAAACAAACATATTGACTTTTCTTCTATTTGGTGTCATTATATTATTATAGTTTTATTTAGTTAGTATTAACTTGGAGGTTCACTATGAACATTACAAGGCGTGGATTTTTAAAAGGAATGGCTGCAACTGGTGCTGCTACACTGGTTGGTAAAAAGTTACTGACGCCAGAACAGGCAAAGGCAATCCAAACAAAAAACATCCAATACGCTTATAAACCAAACATATGTAACTTTTGCGCAAATGCCTGTGGTATACAAGTAAGGGTCGCTTCTATCTCCGGTAAACCAAATAGACTTATGAAGATAGAGGGTAATATACATCATCCTTACAATAGAGGTGTTGCCTGCGCTAGGGGTCAAAGTGGTATATCTTACATATATGATAAAGACCGCATTAAAAAACCCCTTATAAGAATTGAAGGCTCTAAAAAAGGCGAGTGGAAATTTAAAGAAGCTTCTTGGCAAGAAGCTTTTAATTATATGATGAACAAGTTAAAAAATATAAAACCTTATGAAATGGCTCTTATGGGAGGATGGCAAGGATGTGCTTTTTATGGTACTTATTTGCTTCCTTTTGTGGTAGCTGCTCAAATCCCAACGCTTTATGGCTCTCCGATACAGCATTGTGTTGGTTCTGAGCATTTAGGTCTTCATACTGTGTTTGGCAATTATAACACCCACGATGAGGTGGTGTGCGATTACGATAGAGCAAGATATATATTGGCAGTAAGAAGCAACGGTTCTTTGGCCGGTATTTCCACTGGAAGAGCTCATAGGTTTGGAGCAGGCATTAAAAACGGTGCTAAAGTGGTGGTATTAGACCCAAGAGCATCGGAGCTTGCTGCCAAAGCAGATGAATGGATTCCCATAAGACCAGGCACCGACAACGCCTTTGCTTTGGCTATGCTTCATGTGATCTTAAGAGAGCAAAAAG
CP001130.1_gap8	309476	311491	2015	TCATTACTATTGGATGGGAGAAGATAACTTCTGGATTATGTGGGGAAGTATACTATCTTCACTTGAACCAGTGCCTTTGGTGATGTTAATGGTGGAAGCTTACAGAGAGTATCATCACATACAAAACAAAGACAAGTTTCATTTTAACATGACATTTTACTGGCTTGGTATGTCTGCCTTTTTAAACTGGTTTGGTGCAGGTTTTTATGGTATGTTTATTAACGAGCCTGCAGTTAATTACTTTACACACGGTACATATTTTGTAATGGCACACTCTCACGTTGCCCTTCTTGGAGCATTTGGCTATATAGCTATAGCATTTATATATTTTATCCTTGAATATAGAGCAGCTGCCGAAGGATTCGTATGGGATATGAAACTCTCAAAATTGGCATTTTGGCTTATTACCATAGGTATATGCCTATACACTATACCAACAATGGTAGTAGGATTTCATCAATTCAAAGAGTCCTTTGACGTAGGATACTGGTATGCACGTACCAGAAGCGTATTGGAGCCCGTTCATTTCTGGATGTGGATAAGGATACTTCCAGATTCCATGGTGTTAGGCGGAGCCTTTTTGCTGATGGTTGACATCCTGTACAAACTATTCATGCCTATAAAAAAGATAGAAAAAGCAGCTTAGTTTAAAACCTCTTTGCTTTGGAAGGCCATCTGGCCTCCTTTTTTATTTTTCTTGATCTATATCAATGATTATTAATACCAAATTGTATCAAAATATTGTCATCAACTTAATGAAGGAGGTTTTTATGAGAAAGAAGCTGTTGTTAGCACTCTCGGTTTTTGGTATGGCTATGTTGCCATTTTATAGTGCTGATGCCATCTTGCTAAAAGCAAATGACAACGAGTTTGCAAACGTAGGTCTGAAGCTTGCTATTTGGGCTCAAAACAACGGTGCCATTACTACCAACGACCACAACAGTACAAACTTCAGCATAGAAAACGCAAGAATCTACTTTGCAGGCCAGATAAACCCTATAGTTCAATTTGGCGCAAACCTTGATTTTGCAGATAATAACGCTTTAGCTCCAGATGGTTCTGCAAGAGCTCATACTGGTGGTATAGGTCCAAAAACGGGGGCTTTTTCTGGTATAAGAGACGCTTTTATAAACTTTAAATTTATGCCGCAAGCCCAGCTTATGGCGGGCTTGTTTGTAGACCCATGGTCAAGGGTATCGCTTGGCGATTTGTATTCTTTCATAGTACCCCTTGAAAACTACAACCCCGGCATAGGCGAGATAGACGTTGATGGTTCAAAGTTATTGGGAAAATCCGTAGGCTTCATGAATCCAACAATCCCATTTACGCTTGGTTCTGATGTGGGTAACGCTTACCGGGATGCCGGTATAACCTTGTGGGGTGATATAGGTAAGGATGCCATGATAAAGTACTATCTCATGGCTGGTAATGGTAAATACGATTATGAAGCAGGTCAAAACGGTAATAGCAATCTAAAATATGGTTTTAGGATAGAATTTACACCTACAATGCTTGGATACAAAGGTACGCCAAGTTTTGTAGATGAAGATACGTTCCTTGGCAAACAAAACACATTGACATTTGCTTTTGCCTATCAACAACAAAAGATAGATTGCTCAGGTATATCGTCAAGCAGTATATGTAATAACCAGACCTCTTCCACCACAGCAAAAGCATATACATTTGACGTATTGTGGGAACAAAAGTTTGGGGATTTTGTGCCAAACTTCCAAGCTGCATGGCTTGACCAAAAGGATTTAGGGTATGCACAAGCTGGAACATCAGGACCAGTAGCTCAACCAGAAGCCGAAGGGTATTACCTACAAACACAGCTTTTATACGATCAAGTTGTAGGTTTAGGAAAACCAGCACTCGTGCTAAGATATGAAGAAGATGAAAACAAAAATTACTATACCTACAATGGCAATTTTGTAACTGGTAAAGTATCTATGACAGATATATTCTTTAACTACTATATAGATGGTGAAAATGCAAACATATCTTTAGGTGCTCAA
CP001130.1_gap9	370617	372966	2349	CACCACAAGACAATCGTCAGAGGGATTTTTTAGTTTAAACTTAGGTGCTAAGTGCCTACATATATCAAACAAAGCATCGTAGGCTACTTGATAGAAGTATTTTGCCCTATCAAAATACATTGGTTTTGATAAAAACTCTGCTTCGTCTTTTGATAGTACAAACCTTAGTTTTTCAACGGCATCTTTTATATGTTTTGCTTTTTCATTTAGAAAATCGTAATCTATAAGAAGGTAATTTTTTGTGGTATTTTTTATGTAGTTTATAATTTGTTCTGCAAAATCTCTAAAAAGTTTTATGTGGGTATTAAGGAAATCGTATAGGCAAGACGGATCTATATCCTTTTTTAAATCTCTATAATTTACGTAGAATTCTGATAGATCTTTCATATCTTTGGCAAAAGGAAATCCTAAGCTTTCAGAAAGCTCGTAAAGACAGTGTTTTGTAGTTTTTATATTTAACACTTGGGATATGTGTCTACATGGTCTCATTGCAGATTCAAAGGCTATGTTGAAATCTGTTCTTACTTTGTCTATTACAAGTTTATTTTGTACAAAAGATTCTTTTGGGAGTTTTAGATTTTTTAATATATCTTTATAGGCTTTTTCAAGGTTTATAAAGCTTTGTACTATAAGCGATATATTAAAGCCTTTGGTTTTCATCTTATGTATTATAAACTAATTTTATATTTTTTGTATGCCGTTTGTTAGCCTAAAATGCCCATATGTATTAGTATTGCGCTTATGGAGGCTGGTGTGATACCATCTATATTTTTTGCTTGGGCTATGGTGGCTGGTTTAAGTTTTTTTAGTTTTTCTATAGCTTCTTTGGTAAGACCTTTTACGTTTTCATAATCCATATCTGGTGGTAATTTTATATGTTCAAACATTTTAAGTTTTTCGTTTAATTTCTTTTCTTTTTCTATGTAATATTCGTATTTTAATATTATTTCTGTTTCATCTTTTATATAAGGGTTTTGAGGTACATCAAAGCCAAATTCTTTTAATTTATCAATGCCTTCTATCGCTATTATTTGAGATAAAGTATAGGGTTTTGGGTTTTCACCCAAATTTATAACGGTTTTTTGGCTTTTATAATAATCAACATAATAGTTTATTCCGTTTAAAAGCTCTTTGGCAAGTTTGTAATCTTCTTCATTTAAAAGCCCAAGGTTGTGAGATAGCTCTAAAAGTCTCTCTGGTGCATTGTCTTGTCTTACCGATAATCTATATTCGGATCTTGATGTAAAAAGCCTATAAGGTTCTACTATTTCCTTTGTAGCCAAGTCCTCTGCCATAAGTCCTATATAGCTGATAGACCTTGGTAATATTATAGGTTCTTTGTTGTTTGCCCTTAAGCCGGCGTTTATACCTGCTAATATTCCTTGTCCTGCGGCTTCTTCATAGCCTGTGGTGCCGTTGAAGTTTCCAGCGTGGAACAGTCCATTAATCTTCTTAGTTTCAAGCGTTGGATATAGCTCCAAAGGATCCACTATATCGTATTCTATGGCGTAAGCTGGTCTTATAAGCACTACGTTTTCAAGCCCTTTTATAGTCCTATACATCTCTTGCTGTATGTCTTCTGGTAAGGATGTAGAAAGCCCGTTTGGGTATATTTCTATTGTATCTTCTCCTTCTGGTTCTAAAAATATCTGATGTTGGGCTTTTGATTCAAACTTTACAACCTTATCTTCTATAGATGGGCAATATCTAGGACCAACACCTTTTATAAGACCACCGTAAAGAGCCGTTCTGTGTAGATTTTTTCTTATTATCTCATGGGTTTTTGGGTTTGTATAGGTAATATAGCAATTTATTTGCTTTTTATTTGGCTCAAACCAATAGCTTCCTCTTGGGTCTGAAAACAATGAAAATTTGGGTGCTGGTTCATCTCCTGGCGCCGGTTCTAGCTCATCAAAATTTATTGTTCTTTTATCAAGTCTTGCAGGTGTCCCTGTTTTAAACCTTTTTAGCGTAAATCCAAATCTTTTATAAAACTCATCAAGCGTCGTAGATGGTGGTTCCCAAGCTCTACCGCCTGGGAAAACTTTATCACCTATAAATATCTTTCCGTTTAAAAATGTGCCTGTGGTTACCACTACAGCTTTACACTGATATTCTATGCCAAGTTTTGTTTTTACTCCAATTACTTCATTATCTTTTACAAGTATATCTATTACTTCATCTTGTACAAGGTATAAGTTTGGTATGTTCATAAGGGCTTTTTTCATATATTCTTTGTATTTTAGCTTGTCTGCTTGAGCTCTTGGTGCCCATACAGCTTCACCTTTTCTTCTGTTTAGCATCTTAAATTGTATACCTGTAGCGTCTATGGCTTTTGCCATTTCACCG
CP001130.1_gap10	374643	376696	2053	TAAAAGCGGAATACCAGAGGATGGTGTATATTTGGTTTTACCTTCTTTTAGAGCTTTTATGCAAGCTTCTTTGACAAAATCAGGTGTATCTATATCTGGTTCACCTGCTCCAAAGCTTATTATATCTATACCTTTTGCTTTTAGCTCGTTAGCTTTAGCGCTAACTGCCAAAGTGGGCGACGGTTTTAATGTTTCAACTCTATCTGCAAGCATAGAAATATTATAAATCAAAAAACCTTTGGCATCTGGCCTTTTATAAAAATTTCATTCTCTGAGGTATAACAATCAAAACAAAGTATGTCTAAACCCATTTCTTTGGCTTGTTTTAGAGCTTCTGAGAAGTTTGGATCTGTTTCTTCGTTTGGTTTGAAGGCTTTTGCATCTGGTCTTTGTACCACAAACACTATCATAGGTTTATATTCTTTTGTGATGTGTATATTTTTTAAAAGCTCAATATGTTTTGTGCCACGCTCTGATGGCGCATCTGGAAACATGGCTATTTCATCTTTTACAAGGTTTACAGACTTTGTTTCTATGAGAACCTCGTTGTTTATTAGTATATCAAACTTATGATTATCACCATATTTTGGTTCTAGTTTTAGGCTTTTAATATCAAACAAATTCTCTTTTTTTATAAAATCCAAAAACAATTTAGGAGCCAGCAAAGAGTCGATATAAACCCAATGTCCGTGTTTGTTCACAGCCTTTAAATGCCAGTTGTATTTGCCACCTTCTTTTTTCTCCAAAAGACCCTTTGCTCCTTTTACCAAAAGCTCTGGAAGTCTTCCAGTGTTTCTAATATGAACAAGAATTTCTTTGTTGTCAACGATAACTTTTGCTACAAACCTGTTTAGTCTTTCTAAGACTATGCACTCTTTGAGGTCAAATTGCATTTATAAATTCAAAGTCGCTTTCTTCAGAGCTTTGTTTTTTGTAATCTTCTTTATCGTCTTTGCCTTGTTCTTTGTCTTGCGAAAATCCCATTTGAGATTCTATGGTGGTGCCATTGATGGTTATATTTTCTACGCTAAAACCAAGGTTTTGTAGATTTTTAAGCAAATCTTTTATTTGAGAATCTTTGTATACAAGCTCTGTGTTTGTATTTATTGCTATAGATAAATTGTTGGCGTTAAATTTTATCTGAAGATCCGTCCCATCGTCAAGTTGGATAGATACATTTTTCATCAAAACTGGATTTTTGGTTTCTTTCAATACAGTTTTTTCTACTTCTTTGAAAATTTTCTCAGTGTTTATACTGTTTGTTGTATTCTGTTGATTTGTTTGTATATTTTGCTGGTAGTTCGTGCTAAACCCTTCATTGTTGTCTTTGTTGTCTTTTTGTTTATCGTTTGTATTAAAAGCCTGAAAATCAAGACTTTCTTTCATAATATCTTTTATAGGGCTTGTAAAATCGTGAAGATTGTTTAAGCTTGTTTTCGGAAGTAGCTCTTTATCTAAATTTAAAGCGCTGACATTTTTTGCTATGTAATCTTTTATGTTTTTTTCATTTTCTTTATAATATGCTACGTTGGTTTCTTTAGGTGGTTGAATTTCATCTTTTTTTGTAAAGAGTTCTTGTTCTTCTACGTTTTTATAATAGCTTTTATTATCGGAAGTCTTAGTTTCTTCGTTAAGTGTAGTAAGGTTGTTGTCTTTAATAGAAGCTATGTCTATTTGGTTGTTTTTTAATAGATCGTCTTTGCTAACCGACATATCTTTATCAGTTGGGGTGTTTTTGTTGTTGTCTGTGGTATCCTTATAAGATGTGATATCGTTTTTAATAGTGGTAGACTCGTTAGCTATATCAGAGCTGTATGGCGTGGTAGACTTATTAATTGTAGAAAACTCATTGTTTGTTTGGTTGGTATTAATTTCTTGCACCTGGTTTTTTGTATTTTCAGCATAAGTTTCTAATTGTTCATATTCTTTTATGGCTTGGTGGGGTTGGTTTGTATTGTTATTTATTTCTATATTTATCTCAACATTTTCAAATTTGTAAGTTATATTTTTAGTATCATCTAATTGTTCTGTTTTGGTTTGTTGATTTTCTAAT
CP001130.1_gap11	433870	435987	2117	ACTACTATATTTTGTAAGACACCCACTTGAGAAGAGGCTATACCGGTACAAAAATCTTTTGAATACATAGTTTCTTTAAGGTTTTCTATATGTTTAATAATATTGTCGTCTATTTTATTAACATCTTTTGATTTTTCTTTGAGTAAAGGATTTGGATAAACAAGGATTTCGTATATCAAAGGACCTCTTTGCAAACCTCCTGCAAAGATATATCTACGTTTAGCTCTTTTGACAAATCCTTTAAAGCTTTTTCTAAAGATGATAAACTAACGTCTTTAAGCTCTACTTCCATAAGCATTATATATATATTTTTCACCTTGTGAGTCCTAAGATCGGTTATGTTTATATTTTTTGATGCTAAAAGCTTTGAAACGCTGTAAACTATGCCGGCTTTATCCGCTCCATATATGGATATAATAGCGTTGCAATTTGACTCTTCTTGGGGTTCTTTGTCTTCTACTGGTTTTATGTCTACTTCTATATCCTCTAGGTCAAAATCTTCTTTTTGTATGGGGTTTTTAGAAGTAAAAAGAAGCATAATAACAAACTGACCAGATAATCTGCTCATAGATGAGTCTTCTATGTTGGCACCCATCTTGTACAAAATCTCTGTAATAGAGGCTACAATCCCAGGTTTATCTTTTCCAAAAGCTGTCAGTATATATTTTTTCATATTAAATGGAGCGAGCGACGGGACTCGAACCCGCAACAACCACGTTGGCAACGTGGTGCTCTACCATTGAGCTACGCTCGCTTAGAATTTCCATTATATCACATCTATATCGTTTATGCAACATGATATGTATCAATTTATATGAAAGATACTTTGTATATGGCTTTTGATATATAATATTAAAAAGCTTTATAGGAGTGTAGTATGGAGTATAGGATTGAAAGAGATACCATGGGCGAAGTAAAAGTCCCAGCCGATAAGTACTGGGGAGCTCAAACTCAAAGATCTTTAATGTATTTTAACATTTCAAACGATATAATGCCTATTGAAACAATAAAGGCTTTGGCTCTCATCAAAAAAGCAGCAGCTATTGTAAACAACGAACTTGGAAAACTAGATGATTATAGAAAAGATCTCATTGTAAGAGTAGTAGATGAGATATTAGAAGGCAAACTAGATGAACATTTTCCTTTAAAAGTATGGCAAACTGGTTCTGGAACCCAAAGCAATATGAATGTAAATGAGGTAATAGCAAATAGAGCGGCTGAGCTAGCGGGTAAACCCTTAGGCTCTAAAGACCCAATACATCCAAACGATCATGTTAACATGTCTCAGTCTTCCAACGATACATTCCCAACTGCTATGCATATATCTGCAGTACAAATCCTTCAAGATAAGCTCATACCATCTATAGAGTATCTAAGAGATGCTTTAAAGGAAAAAGCCGAAGAATTTAAGGATATTGTAAAAATAGGAAGGACTCATCTTCAAGATGCTGTACCAATGACCCTTGGACAAGAATTTGGTGGGTATGTGCATCAGTTAGACACTGCCCTTGAGCGTATAAAGTTGGTGTTACCGGAGTTAAAAGAAATAGGTATAGGTGCAACAGCAGTAGGCACAGGTCTAAACGCTACAAAAGGTTTTGATAAAAGGATGGTAGAGGTTTTATCAGAGCTTACCGGTATAGATTTTAAATTGTCTAGAAACAAGTTTGCGTTTTTAAGTTCTCACGATCCTTTTGTGATGGCAAGCGGTGCTATGAAATCTTTAGCGGCGGCTTTGATGAAGATAGCCAACGATATAAGATGGCTTGGCTCTGGTCCAAGAGCTGGCATAGGAGAACTCATACTCCCAGCCAATGAACCTGGTTCTTCAATAATGCCAGGGAAGGTTAATCCCACACAATCAGAAGCTATGACGATGGTTTGTGTGCAGGTGATGGGAAACGATACGGTTATAGGCTTTGCCGACTCCCAAGGTAATTTTGAACTAAACGTGTTTAATCCAGTGATTATATTTAACTTTTTAAACTCTGCAAAACTTCTATCTGATGCTATGAGATCATTTGCCGATCACATGGTAAAGGGTATAAAACCAAACCTAAAGAAAATAAACTCTTATGTGCAAGAGTCTCTTATGCTTGTGACAGCACTTAATCCTT
CP001130.1_gap12	440655	441175	520	TTCGTTCATAAAGCTTATCTTGGTGGCAAGCATAGCATTGGCAGCGTATTTTGTCATTTCTGCAGATTTTACATCCATAGCTATAAATCTTTCATGGTTTCTGGTAAAAGGAGCATAAAGTTCTTTCATTAGCTCCATCGCCTCTTTTGAATCGGCCCCCACTATTACTCTATCTGGTTTCATAAAATCTTCCACAGCTGCACCTTCTTTTAAAAACTCTGGGTTTGATATAACGTCAAAGCTTATATTTACACCACGCTTGTCTAACTCTTCTTGGATAACTTCTCTAACTTTTATAGCTGTGCCAACGGGTACCGTGGACTTGTTTATAACATACTTATGTCTATTCATGTATTTTCCTATGTCTCTTGCCACACTTAACACATGTTTTAAATCTGCACTACCATCTTCTCCCATAGGTGTACCCACAGCTATAAAGATAATATCTGTATTTTCAACAGCGTATTTTATGTCTGTGGTAAAAAATAGCCTTCCTTGAGATGTGTTTCTTTTTACAAGT
CP001130.1_gap13	563573	568158	4585	GATATGCTTCCTGCGTTAGAAATTTTGGATAAATGCGGATTTTGGTCTTTGGAAGTTTGGGGCGGCGCTACATTTGATGTATGTCTTAGGTACCTAAAAGAAGATCCATGGGAACGTTTAAAACAATTTAAAAACATCACAAAAAATACTAAACTTGAAATGTTGTTAAGAGGTCAAAATATCGTAGGCTATAGGAATTATCCAGACGACGTTGTGGAGGCTTTTGTTAAAAAATCCTACGACAATGGAGTAGAAGTTTTTAGAATTTTTGACGCATTAAACGATGTTAGAAACATGAGAAAAGCCATAGAAACCGGCAAAAGCTTAAATGCTATAGTAAAAGGGGTATTATCGTATACAACAAGCCCAGTCCATACCGTCGAATACTACGTAAAAATAGCAAAAGATTTAGTAAATATGGGTATAGATATAATTTCTATAAAAGACCAATCTGGCATACTAACTCCAAAAATGGCTTTTGATTTGGTAAAAGCTCTAAAACAAGAATTTAAGCTTCCTATACATATACATACGCAGACCACTGCAGAACTTGCAAATATGTCTCAGCTTAAAGCTTTAGAAGCTGGAGCAACTATGTTTGATACGGCTTTTTATAGCTTATCATCTCAGACTTCCCATCCATCTGGAGAAACAATGATACATGTTTTTAAGGAATTTGGCTATCAAATAGATGTAGACCAAGCACTCTATGAAGAAGCTGGCAATGTTTTTAGAGAGGTTAGAAAAAAGTATAAAAAATACGACACACTGCCTCCTTATCCAGACGTATCCGTATTAACACACCAAGTACCTGGTGGTATGATTAGCAACTTTATAAGCCAGCTTAAAGAACAAAATTTAGAAGATAAATTGGAAGAAGTGTTGAAAGAGGTAGCTAGAGTTAGGGAAGACTTAGGGTATCCTCCTCTTGTGACGCCCACAAGCCAAATGGTGGGGTCTCAAGCTTTTCTAAATATAGTAAATAAAGAAAGATATAAGGTTGTCACTAAAGAAATAAAAGACTATGTGAAAGGTTTATATGGAAAACCACCAGCCCCTATCAAACCGGAAATTATGGAATTGATATTAAAAGACGAAAAAGATAAAGTCTATTTTGATATAAGACCAGCCGATCTTCTTCAAAACGAGTTAGATGAAATAAGAAAAGAAGCCTACGACGCAGGTGCAAGAAACGAAGAAGACGTACTTTCTTATGCTATATTACCAGTAGTAGCTAAAGAGTTTTTTGAATGGCGAGAAAAGTTTGAAAAAGGTTTGGTGCAGAAAGAAATAGAGTATACTTATAGCGATTGCAACGAAAATGTACCCGTGGAATTTAACGTAGCCGTACACGGTGAGCAGTTTAACATAAAAATAGTTGGCAGAGAAGGGATGTCAAAAGATAGAAAGCTCTTCTTCATAAGAATAAACGATCAATTAGAAGAGGTTACCATTGAGCCGATTAGAGAAATAACAGTTTCCCAACAAAAGTCCAGCAGCGTTGATATACCAGAAGGGACATCTGTAAAACCAAAAAGACCAAAAGCTCAAGACATAGGTGATATATCTTCAAACATTTCAGGTAAGGTTGTGGATATAAAGGTAAGTATAGGCGATAAGGTAAAAGAAGGTGATACGCTTTTAATAGTAGAAGCCATGAAGATGGAAAATGAGATAAAAAGCACCATAGACGGACAAGTAGAGGAAATTCTGGTAGAAATAGGAGAGGTTATAAATCCCGGTGAAGTGCTCATAAGGCTAAAACCAGAATTTGATGCTTAAAATAGCAATACCAAAAGGAAGACTGCTAGAAGAAGTATCGGAATTATTTCTTAGTAAAAGCCTGATACCTAGCAAAATTGAAGAAAGCAGAAAGCTGATAGTTGATATAGATTACTTCAGATTTTTAATAGTAAAACCATCGGATGTAGCGACATATGTAGAGCAAGGAGCGGCAGATATAGGAGTGGTGGGATTAGATGTGTTAAAAGAAGAACCAAAAGAGATATATGAAATTTTAGATTTGAAAAACATAGGTAAATGTAGTATGGTAGTGGCCGGAAAGCCAGAAAAACTTGGAGACTACAAAATACTTCATTTTACAAAAGTTGCTACAAAGTATGTAAATATAGCCAGGAGCTTCTTTGAAGGTAAAGACGTTTCTATAAACATTATAAAATTAAACGGTTCAGTAGAAATAGCTCCCATAATAGGACTAAGCGATTATATAGTTGATATAACTCAAACGGGGAAGACCTTAAAAGAAAATGGTCTCATAGTGATGGAAAAAATATTCGATTCACATGCAAAGATAATATGTAACAAAGTAGCTTTTAGAATAAAAAAATATGATATATTTAAAATATTGGATAAATTATCCGATATTTAGGTGTAGTGTATGGACATATTCTCTATTATAGGTTTTTTGGCTTTTGGTTCACTTTTGTTAGGAGCTTTTTTAGATGGGACTCATCTTGCAATTTTAATACAACCTCCTGCTTTTTTAATAGTAATACCATCTACTCTTTTAGGGGTGCTTGGTTCCGTACCAGCCGGCAAAATAGGCTATATAATAAAAGCTCTAAAAATGGTCTTTAGTGGAAGCATAGTAAACCCAGAAAAAACAAAAGAAGAGATATTAGAAATAGCTAGCAAGGCTCGTAAAGAGGGTATATTGAGTCTTGAGTCCAGTATAGACGAAATAAAAGACCCTCTTATAAAACGAGGTGTTGAGCTTATGGTGCTTGGCATGGAGGAAGAGTCAATAGTTTCTATATTAGAAGCAGAACTTACAAAAGAAGAGGAAGAGTTAAAAATAGGAGTAGAATATTGGAAAACTTGCTCAGAAACTTCACCTACTATGGGTCTAACCGGGGCTGTTTTTGGATTGATGCACGCCTTAACAGAACTCAACGATCCAAATAAATTAGCTGAAGGTATATCAACAGCCTTTGTGGCTACCATTTATGGTATTGCTAGCTCTTATCTTATTTTTGGACCATGGGGTAGAAAATCAAAGACAAAACTTGAAATGATAGTTATGGCTGGTTATATGACAATAGAGGGTATCAGGCTTATAGCAAAAGGTGAAAACCCAAGACTTATAGAAGAAAAGCTTAATGCTTATGCGTGACAAATATGGCTAAAAAACATAAATGTCCGGAAGAAGCCTCTGAAAGATGGGCTATACCATACGCTGATTTTTTAACACTTCTTTTAGCTCTTTTCATTTCTTTATATGCAATAATGAGAGGGTCTAAAGCTATACCAATATATGCAGAGGCTTTTGCAAAAGCTATGGGCATGAGAATACTCCCATTTGAGCAAACATTACCGTCACAAATATTACCACAACCAGCACTTCCAAAGATTCAATTAACCCAAAAGGGTCAATATATAAACATGCAATTGAAGAGAATAGAGCAAATGTTAAAAAAACAAGGCCTAGAAGGTAAGTTCAAAGTTAAACTTGTACCTCAGGGTATTAAACTTATACTTCAAGACACTGTACTATTTAAAAGCGGGAGCGCTGATATAGATCCTAAGTATTACTCATTGCTAGATTCTATATACAAAATAATTTCAAGCTTGCCAAATCCCATAGAAATAGATGGTTTTACCGACAACACTCCCATACATACACTTACATTTCCCTCAAACTGGGAACTATCTACCGATAGAGCGGCTTCCGTTGCTAAGTACTTCATATTTAAAGGTTTTGATCCATCAAAGATAAAGATAGCTGGGTATGGCAAGTATCACCCATTGGTGCCAAATACAACACCGCAAAATAAAGCTATGAACAGAAGGGTTGAAATAACCATATTGAATATAAAAGGAAGTGAGCTTACTACGCTCGCACAATATGAAAATCCAAACAACAAATGGGAGCAAATAGAAAGAAAATGGGGTATCATCCCAAATGCTCAAAATCCCAATAACCAATCTCAGTAAATTTTTGGTTTTTCATATATAATATTTATATGCTAAAGTACGATATAGTTATAATAGGCGGTGGCGGTGCTGGATTAATGGCTGCCATAGAAGCTTCTAAAGATAAAAACATAAAAATAGCAATTGTTTCTAAAGTTTTTCCAACAAGATCTCATACCGGTGCTGCTCAAGGTGGTATGAACGCCAGCATAGGAGTAGCTGATCCAAACGATTCACCAGAAAAACATGCTTTTGATACCACAAAAGGTGCCGATTTTTTAGCAGACCAGCAAGCTGTCTTGTTTATGTGCAAGAATGCCCCAGACATGATATACGAGTTAGATAGAATGGGTGTTCCATTTTCAAGGACAATCGACGGTAAAATAGCACAAAGACCTTTTGGGGGAGCATCTTTTCCAAGAACTGTTTATTCCGCAGATAGAACAGGTCACGTACTTCTACATACACTATTTGAACAGGCAATGTCAAAAGAAAATATAGACTTTTTCAACGAGTATTTTTTGCTCGATTTAGATATAGAAAATGAAAAAATAGAGGGTGTTGAGCTTTTAAACATAAAAGATTCAAGTGTATTGTATATAAAGACGAAGGTTTTAATATTAGCAGGTGGTGGCTTTGCAAGAATATATTG
CP001130.1_gap14	573398	576046	2648	TTTGAAAATATAGTAAAAGTAGTTTCTGGAGACAGCGAATATAGCCTTAACATAATAAGTGGAATATACTCTAAGGTTGTAAAAGCTGGAATATTTAAAGCAAAATCTATAAAAGTTGCAGAAGCCGCTAAAGTTATAGAAAATACTCAACGAGATATAAACATTGCACTTATGAACGAACTATCGATGATCTTTCATAAAATGGGTATAGATACAAAGGATGTGTTAGAAGCCGCTGCTACCAAATGGAACTTTCTCAAATTTGAACCAGGTTTAGTAGGAGGACACTGTATCAGCGTAGACCCTTACTATCTAACATTCAAGGCTCAAGAGTTAGGCCACCATCCAGAGGTAATTCTTTCTGGTAGAAGAGTAAACGACGACATGCCAAACTTTGTAGTGCAAAACGTTTTAAAGCTTTTAATAAAAGCAAAAAAACAGATAGAATCCTCAAAAATAATCATATTTGGGCTCTCTTTTAAAGAAAACATTCCAGACATAAGAAACTCAAAAGTAGTAGATATATACAACGAACTTAAAGATTTTGGTATAAATACATACATATACGACCCGTACGTATACAGGGATGAAGTTTTTAAAGAATATGGTATAGAACTTTTACAAGACCCTTACGAAGAGGCACCTTACGATGCTGTAATTGTAGCGGTAAAACACAACGCTTTTGGGGAATACGATATAAGATTTTACGAAAATATTACTAAAAGCCCAAAAATTTTGATAGACATAAAAAACTTATACAACAAAGATGTTTTCTTAAAAAATGGCTTTCTTTATTGGAGCTTATAATGAAAGACATAAGAGCAAGAGCACGAGAAATAGCATTTAGAAGCCTTTACGCTTGGGATATAAGTGGAGGAGAAATATCTATTATATCTCAAGAAATTATAAACATGAGCAAACCGCCACTTAAAAAAGATAGCCAAAAATACACGCTACTAATAACGAAAAAGTTTGGAGAGAATATAGAAAATATAGACAAGAAAATAGCCTCTTATCTTGAAAACTGGAATCTTGATGATTTAGGTAGCATAGAAAAGGCTATTTTAAGAACTGCTTTTACAGAACTTCTTTACATAAAACCTAAAAAAAACATACAAGCCATAATAGATTATATAGAAATTGCAAGCAACTACGGTAATAAAAAAACGCCTTCTTTTATAAATGGTATTCTCTCCAAGCTATCAAAAGATATCTACAATGTATAAGCTGCTTCTCACAAGAGAAGAAGAGAAAAACTTAGAATCTAAAAAAATATTCTCTTCTTACAATATAAATACTATCAGCTTACCTATGATAGAAACAATACCCAAAGAGTTTGAGTTAAAAGACTTTGACTTTGATTGTATAATCTTTAGCAGCAGAAAAGCTGTAGAAATATTTTTTAAAAATTTACATATTTGCAAAAATGCAAAAATTAATGTATATATTGTAGGAGAAAAAACTAAAGAGTATTTCTTGGGATTTTACAACACAAAAAACTTAATTGCTAGAGATTCAATAAAAGAAATACTACCTATAGTAAACTGTAAAACTCTTTGGATAAGGACAGACTTCGAGCTTCCAGAAGATATAAAAAATATGGTAAAAAACAAAGATATTTTCATATTAGAAGCCTACAAAACTAAGCATAAGATTTACGAATTAAGAAAAGTACTAGAGACTCTTAAGGCAGTAAATGGAGTATTTTTTGCTAGTCCTTCAGCTTTTTTAGGGCTTTTAAAAAATTTGCAAAATTACAAATATATTTTAAACGAAAAAGACATATTTGCTATAGGAAACACTACGGCAGATGCTATAAAAAATGAAGGATTTCAAGTGACTTACGTCCCCCAGAAACCAAGCGTAGAATCTATAGCAAAATATATATCATCTATTGGCACATAATTTGCTCATATAATTTTATATGAGAAACGAATGCTTTTTGCAAAATACCATATCTGATTCTTTTACAATAGAGGGCATAGGCATACACTCAGGTGCAATATCGAAGGTAAAGTTCCACCCAGCAGAAGAAAATACAGGCATAATCTTTATGAGGAATGCTTATAAAGTAAAAGCTCATGTAGAAAATGTAGTAGATACTTCAAATTCAACATCTATAGGAAACGGCATAGCAACTTTTAGAACCATAGAACATATAATGGCAGCCTTATATTTAGCAGATATAGACAATATAATAGTGGAGTTTGTAAATTCTGAAGAATCCCCTATTATGGATGGTAGCGCTTGTGAATTTTTTAAGCTTTTAGAAAAATACAAAGTGGCTCAAGATACTCCTAAATATTTTGGCCATCTTTCAAATATTGTAAGAGTTTCAGATGGCGACAAATATATAATGGCAAAACCACAAAAAAGTTTATCTATTATATTTGAAGGATTTTTTGGAAATTTTCTGAAGCATCAAATTTATAATTACAACTCCGAATTGGAAAAACCACACATAGATAGAAAGCTCATAAGCGCTAGAACGTTTTGTCATATAGAAGACATAGAAAAACTTAGAAAGTTAGGCCTTGGGAAAGGTGGCTCTTTAGAAAATAACATAGTCCTTACAGATACAGGTGTGTTAAATAAAGAGGGGCTAAGGCACTCTCATGAGCCTGTAAGCCATAAAGTCCTAGACTTAA
CP001130.1_gap15	604072	607850	3778	AACCTTGTTATACATAAAGATCTCTTACAAGATTTTTGGCCAAAAATGGCTATGGTGCTTTTAGAAAGCGATGTTGAACTAAGATGCGATGAAGATAGCTATGAAATATTGCAAAATAAGGATTTTGATTCTTTTAAAAGCAAAATAAAAAAAGCAACTGAAAAAGATTACTACGAAGAATTTTTAGATCTCATATTGGCTGTTAAAACGGTAAATTCTTTGGAAGAGGCAATGCAGTTTATAGAAAAATATGGTTCTAAGCATTCTGATGCCATTATCACCGAGAACCATACAAAAGCTATGAGGTTTTTGCAAGAAGTGGATTCGGCAGCAGTTTACGTAAACGCTTCTACAAGGTTTACAGATGGCAACGAGTTTGGCTTAGGGGCTGAGATGGGTATTTCTACAGACAAAATCCATGCAAGAGGACCGATGGCTTTAAGAGAGCTTACCATAGAAAAATTTATAATCTTTGGAAACGGGCAACTAAGAGAAAATGTAGGCATACCAAAGGAACTAAAGGAAAAGCTTCAAATAGATTAATTTAGTTTTTAGGATTTTGATGTTGTAAAACAAAAGCTTCTACGTTTTTCAAATAGCAAGCTTTGATAGAATTTGTATAATATATAAATTTTGTTAGCTTGTCTATGCTCAACGGGTTTTGCAAACATAGTTTTATAACATCCAATACATTTTTCTTATCCACCCTAAAGCCAATATCCATTTTTCCTAAGATGGCAGCTACATCTTTTATTTTATCTATATACTCTCCGTAAAGAGAATAAGAACAAAAACCAATTGGCTCCACTATATTATGCCCACCATAACCTTTTACAAAAGATCCGCCCACTATACTAACGATGGCTCTTTTATAATATTCTTTCAACTCACCAAGCGTATCCAAAACCACTACCCTTGAGTGTTTTTTTTGAGTTTTAAGATAGGCATCTATACTATTTTGTTTTAAAAACTTTAACACTTCAGAAGCTCTATCTACATGCCTTGGAGCCAAGATAACGTTGTAATCTGTAGATTTTATTATCCACTTTACGGCATCTAGTAAAATCTCTTCTTCTTTTTCGTGGGTACTTCCTATTACTATGCTATCTTTTTTTATATGCTCACACTTTACATCGATACAGAGTTTTAGATTACCACATAAAAGTATATTTTTGTTTATAGTATTTAAAAGCTCAAAACTATTTTCATCTTTTGGCAAAATTTTGTCAAAAAATCTTATCAAAAACCTTTCAAGCATATTTTTAGGAGCCCTTGCATTTAAAAGCATTTTTGGTATATCTGATTTTATTAGAAACGGCCAAAACTCTTTTTCCACAGTGATAAGACAGCAAGGTTTTGCGTTGGCTATAAATTTATTCCATATTATCGGCAAATCCAAAGGCAATGGTAGCGTAGGATAATTCAAATTTAAAAAGAAGCGTTTAGCTCTTGGAGAAAAGTATGTTATAAATACAGGAAATTTAGAGCTAATATGCTCTATTATAAACTTAACGCTGTTGAACTCACCAACGCTTGCGGTATGAAACCAAACGGCATTCCTGGGTAAGTTTACATCTTCTATTAAAAGCCTTTTCGAAAGCTCTAATGTCAATTAGCTATCTATTTCTCCAGCTATAAATTTGTTAACAAGTTCTTTAGCTTTATAGTCTGGGTATTGTATAGGTGGGTGCTTCATAGTATAAGCACTAATAGAATGAAGTGGACCGGCTATACCTCTATCTCTTGCAAGTTTTGCGCATCTTATAGCGTCTACGGCAGAGCCAGCACTATTTGGTGAGTCTTCTACATCAAGCCTTGCTTCTACATGCATGGGCACATCCCCAAAAAGCCTACCCTCCATTCTTATATAAGCAACTTTCCTATCTTTTAACCAAGGTACCCAATCAGAAGGTCCTATATGTATGTTGCCATATCCTAAATCGTAATCTATAATAGAGCTAACAGCTTTTGTTTTAGATTCTTTTTTGGTATCAAGCCTTTTCCTTTCTAACATATTTAAAAAGTCTGTATTACCACCGACGTTTAATTGATATGTTTTATCTATCTTTACACCCCTATCTTTAAAAAGTTGAACTATTGTTCTATGGAATATAGTAGCTCCAAGTTGAGATTTTATATCATCCCCTACTGCCGGTATACCTGCATCTCTAAAACGCTTGGCCCATTCGTTATCAGAAACTATAAAGGTAGGCATAGCATTTATAAAAGCAACACCAGCTTTAAGAGCACATTCAGCATAAAATCTAGCAGCTTGTTCTGAACCAACAGGCACATAGTTTATTAACACATCTGCTTTGGTTTCTTTTAACACACTTACTATTGTATCCATATCGTCTTCTTTTTCATCGGCTTTTATAAAAGTAAGATCTTCCGGATAATTTGACATGTGTTCTGCTAAACCATCTAAGACTTTGCCCATTCTAACTTTACAGCCTAGATTTGGCACATTTGGCTCAAAAATTGCAGTGCAATTTGGTTTTTCGTAAATGGCTTCCGAAACATCCTTGCCAACTTTCCTTTTGTCTATATCCCAAGCAGCTACAACCTGTATATCGTAAGGCTTGTATCCCCCAATATCATCGTACATAAGCCCGCTTACGTCTTTTAAATTATTTTTCTTGTAGTAAAATATGCCTTGTATAAGAGCACTAGCACAATTTCCCACTCCAACTACAGCAAGCTTTATCATGGTCAACCACCGCCGTATTCTGATTGTTCTATTTCCATCATGAAATCTTCCACGTAATGAGTGATTTGATCAAACAACTCTTGGTCTGGAAGATCAAAATAATAATCAAAAAGCTCTATTCTTCTCTCGTGACATTTATTATCTTCTAAGCAAAATTTTACCAAAACCAAGGGTCTTTCACAGTCGGGACAGCAATCATTCCCAGGCATACAAAGTTCCACTATCGTTTCTACCTGGTCAAAGCTGCTACTCAAAAACTCCTCTAGCCTCTTAAGCTTATCTAAGTGCTCTTTCCATTTTTTCATACCTAATATTTTAGCATACCTAATTTTGTTGTATATATCTTTTATCTGTTTCATAGTAAACTCTTTACTATCTGAATTGTCGATAACAAAATCTGCATATTTTATTTTTTCTTCTATTGGCATTTGCCTTGATAATCTTTTTTCTATCTGTTCTTCCGTATAACCTTTTTCGATAAGCCTTTTTTTTGAGATTTCCTTGTCAGCATAAACCACTATCACAATATCGTAATCTTTGTAAGTACCATTTTCTACAACAAGAGAAGCCTCTAATGCAAACATATCACAATCTAAATTTTTTATTAAATTATCTAAATATTCATAAAGGGCTTTATGCACTATCTTTTCTAAAGACAACAACTTTTGTTTATCATCAAAAACAATATCTGCAACTTTTTTTCTGTCTATATTTCCATCCTTTAATATGCCTTCTCCCAAAAGCTTTACAACATCGTGCTTTAACTTTTCATCGTTTTTGTAAAGTTCATGGATTATGGCATCCGCATCGTAAACACAAACCCCTAAGCTTTTAAATAAAGACGATATAAAAGATTTGCCCACACCAAAATTTCCAGTAATAGCTATTTTTATCACTTTTTCTTCTTTCTTATCCTTATTGCATCTGGTGTAACTTCTATAAGCTCATCTTGAGTAATCCACTCCATCGCTTGCTCAAAGTTCATTTTTTTAGGAGGGGTGAGTCTTACATACTCTTCTGCAGCAGCAGCTCTGTTGTTGGTTAGTTTTTTTTCTTTGGTTATATTTA
CP001130.1_gap16	610850	612962	2112	CGCTTATGGCCTATTGAAATATCATTTTCCAATACAAAATGTAGAAAATATCTCATCCAAAACGTCTTCATCTTTAATAAGTCCAAGAATTTCCTCAAGATAATCTAGAGCCTCCCTTATATAAAGCATCATAACTTCTGTTTTATTTTGCAAAACAGCTTCTTTCAATGACTCTAAAGCTTTAGCTACCAAAAACTTATTCCTTTTTGAAACATAAATACCATCATCGGCTAAATCCAACATATGTAAAACTTTATTTTTCAAGTATTCAACATTTTCTTGGTTTCTTATAGAAATAATTATAGCATTATTTTTGAAAAAATCAAGAGTTTTGCTATTTATCCCCAAATCACTTTTATTTAAAGCAACCAGAGTATTTAGGTTTTTAACAATATCATAAATAAAGTAATCTTCTTCTTCAAGATCTTTAGAACCATCCACCACAAACAGCACAACATGAGCTTCTTTCATATGTTCAATCGCTATGTTTATACCTTCTCTTTCTATTGGATTGTCAGTTTTCCTAATACCAGCTGTATCAACAAGTTTGACAGGGAAACCATTTATTTCAAGCCTATCCTCTATATAATCTCTCGTAGTCCCAGGTATATCAGACACTATAGCCCTTCTTTTTTGTAAAAGCGTATTAAACAATGAAGACTTACCAACGTTTGGTTTACCTACTATAGCTACTTTTATACCATCGTATAAATAAGATTGTTCTTTTAGCTTTTTATGAAACTCTTCCAACCTACAAATTAGATCATTGATTTCTTTTTTTATCTCATTTACATCAAGGGGTTGTATATCCTCATAACCAAACTCTATATCTGCTTCTATGTTAGCAATGATCCTTATAAACTCTTTTCTTAGTCCTTCAATAAAAGAAGAGAATTTACCTTTTAACATGTTTAAAGCATTTTCTAAAGCCTTTTCAGTATTGGCACTTATTAAAAGCTCAACACTTGAAGCTTCATCCAAGGTCATTTTGCCATTTAAAAATGCTCTTTTTGTAAACTCTCCAGGTGAAGCAAAGGAGCACCCGTAATCTACAAGCGTTTCTATAGCTTTTTCTATAATAATAGGATTTCCGTGAAAGAAGATTTCAAGCATATCCTCTCCGGTATAAGAACGAGGAGCCTTGTAGTATATAGCTATAACATCGTCAAGTTCTTTATTGTTTACATAAAAAGATGTACGATAGGCATACCTTGGCTTTGGATTTTCAATGTGCAAAAATCTATTAGCTATATCTATGCAGTTGAAGCCAGATAACCTCAATATAGAAATAGCCGATTTTAAAACAGGAGTTGCCGGAGCTACAATAGTATTATTCATAAAAACCTAAAGGGAGGATGACGGGGGTCGAACCCGCGACATAGGGATCCACAATCCCTCGCTCTGCCAGTTGAGCTACATCCTCCTAAAGAGAGTTTCAAAAACTGGGGTGCCTGGATTCGAACCAGGAACCCTCGGATCCAAAATCCGATGCTCTGCCAGTTGAGCTACACCCCATGAGAATATTTATTATAGCAAAATTTATTTGGAAAATCAAGGATTATCTAAAATTAAAAGAAGAACCACATTTACAGGACTGCTTTATGTTTGGGTTGTTGAATATAAAATTGTTGGTTTTCATAAGATTTTCTATATAGTCTAGTTCCGTGCCCTTTAGATAATCGTAAGAGTATTTGTCTATAGCAAGCTTAAAATCGCCGTAATCTATTACTATATCGCTGTCTTTTACAGCGTTATCAAATTCGGTATAATATTTATACCCTGCGCATCCTTCTTCTATAAGGCTTACTCTAAAAACCGGGTTTGTAAGCTGTTTTTTAGCGGCCAGTTTCTTAATGGCCTTTATAGCTCTATCTGTCAATGTAAATTCTACCATAGTTTTCATACCATTACCTCCTTCAAGGTGTTTATTCTAATATACTTATAAATTTAATTTTTTCTATATAAAATCTTCATATTAAAAAATAAATATTAAATTACTGATATGATTACATATCATAATATAACTCTTTCAAGAGTGTTTGGGTCTATAAAATAATTTTCTTTTATTTTAAATACCTTATGTTCTTTACCGGTATCTTCTGTTATAACATC
CP001130.1_gap17	616692	618168	1476	TTGACCAACATCAGCTTTTACCATCAATATATTTAAATTTAGTCTTTTAAAGATGTTTTTGTATGCTTTTACCATGATATCGTAAGAGTTCTTGGCACTTTCTTCGTCTGTATCAAAAGAATATGCATCTTTCATAATAAATTCTCTTCCTCTTATAAGCCCATAACGAGGTCTTTTCTCATCTCTAAACTTTGTATGTATCTGATATAGGTTTAAAGGAAGTTGTTTGTAAGATCTTACGGTTTTTCTTACCAAATCTGTAATCTCCTCTTCATGGGTAGGACCAAGACAGTAATCTCTATCGGATCTATCTTTTAGCTTAAAAAGTTCGTTGCCGTAATAATCCCATCTTCCGGTTTCTTTCCAAAGCTCCGCTGGATTTAATATAGTAAGTAGTAGCTCCTGAGCCCCAGCTTTATCCATCTCATCTCTTACTATATTTTCTATTTTCTTAAGCACTCTAAAGGCTATGGGTGTAAGCTCGTATATACCAGAAGCCACTTGCTTTATAAAACCTGCTTTTGTAAGAAATCTATGAGAAGCTGCCTCTGTTTCAGAGGGTTCTTCTTTTGTGGTGTATAAAAAATATCTACTCCATCTCATTCTATTTATTATATATTAAAAGCTATATCAAGAAGATATTTTATATTTATATGGGGATGGAGGGACTTGAACCCTCACGGGATTGCTCCCTGCGGATTTTAAGTCCGCTGCGTCTGCCATTTCGCCACATCCCCGCGACTAATTATATTATATCACAACATTTAAACTTTTAACTGAGTTAAAACATACTCTATCATATCTATTCTAAAATCTTGTCTGTAGTAGTTTAATACTATATTTCTTAGTTCTTTTATCAAAGATTCTCTTTCTTCTTCATGGGAAAGATAATAATCTATCTTTTTAATGGCATCTTCGATATTTGTATAAGTGATTTCTTTGTAATGCTCTTTGAATAGTATCATCGCTTCTTCTTTGTAATCCACAATAGGCAAGCTATGATATATTGGTGGTTCGTATATCATATCATGTACAGCACTAAAACCTTGGGAGTGTATATAAAATGTGATCTTTGAAGAAGATATTAGATATTTTAGCCTTGAATAGGGTATTTTTACAATATCTGTTGTGAAAAATCTATCCTTGTAATAATCTTTCAATGCGTTTGTAGCATAAGCCCTTACATAAGACATAACACTCGTTGATATATCAAAAAATTCTTGGTTAAAAAATCCGTCTTCTATACAAGGTATATCAAGACATTTTCTTATATCAGATACATCCTTTTTATAACACTCTATATAAGAAGCGTATTTTTTGTAAAAATCTTCGTTTGGTTTATGAAGACTTCCGGGGAAAATAACATCAAATATTTTTTCTTCTTTTGGTATATCATCATCCTGGGTGGATAAGTTTAGATTGCTCATAATAAAGCCGTTTGAGTTCCACCAATAGGCTTTTATACCAAGGGTTCTA
CP001130.1_gap18	746944	749099	2155	TATGGCCGAAGTATTTGCAAAGATTACAAAGTTTTTCTTGTCTATTAGAAAAATAGGGTCTTCTTGCAAATCAAGTATGCCCTGAGTTAGATTCATAATATGTATTTTGATATTTCAGGGTCCTTGGCAAGGTCTTCTAACCTTGAAAGCACAAATTTATCGTCTATTATAATATGCTGACCTTCCATGTCAGGAGCATTAAAAGATATGTCTTCTACAAGTTTTTCCATTATAGTGTATAACCTTCTAGCACCTATGTTTTCATCTTTAGAATTTATATATTCTGCTATCCTTGCTATTTCTTTTATCGCTTCATCTGTAAAATCTATATCTACGTTCTCGGTTTTAAGAAGCTCTTTGTATTGCTTTGTAAGTGCATTTTGAGGTTCTCTAAGTATTCGCTCAAAATCTTCCATAGTAAGGGCTTTTAACTCTACTCTTATAGGAAACCTACCTTGCAGTTCTGGTACCAAATCAGATGGTTTTGCCATATGAAAAGCCCCAGCCGCTATGAAAAGTATATGATCGGTTTTTACAGGGCCATATTTGGTATTAACAGTAGTTCCTTCTACTATAGGAAGTAAATCTCTTTGCACACCTTCTCTTGATACACTATGTCCAACACCTTCATGCTTTACCGCTATTTTGTCTATCTCATCTATAAACACAATACCAAAGTTTTCAGCCAAAAAAACAGCCTCAGACTCTAAATCTTCCTTGTCTATAAACTCCTCTGCCGCTTCTTGCTCCAATATGTTTAGAGCATCTTTTACCTTTAGCTTCTTCTTTCTTCTACCACCAATACCACCGAGTAGATTTCTAATTTGTTTGTCCAAATCTTCTAAGCCCTGCAATCCCATTACCTCTATAGCTGGCATGCTTTGTTTTTCTTGAATATCTATCTCTATCAACTCATCGTCGTATTTACCGGATTTTATACCGTATATAGCTTCAGAAATGCTTACATTCTTCAAAGAAGATATTTTTTGAGCCACTTTTCTTATAGCTTCTTCCCTTGCAACGTCTTTAACTCCATCGGTCCTTTCTTTTTTCACAAGCTGATAAGAGATATTCACAAGCTCCCTTATCATAGATTCTACGTCTCTTCCTACATAGCCTACTTCCGTATATTTTGTAGCTTCCACTTTTAAGAAAGGTGCCTTTATGAGATTTGCCAACCTTCTTGCTATCTCTGTTTTACCTACACCGGTGGGTCCTATCATCAAAATATTCTTAGGAGATACCTCATCTCTTATGTGCGGTGGGAGTTTTTGTCTACGCCAGCGATTTCTTAAAGCTATTGCCACTTGTTTTTTAGCTTCTTGCTGGCCTATTATATATTGGTCTAAATAATTTACTATCTCTTTTGGTGTTAGGTTTTTAAGAAGCTCTTCCCTATTTTTCATCTTCTTTCTCTTTTGATTCGTCTTTTGAAGGTTGATATGCTATTATTGTTTCTTTTGTAAACTTTATCTTTGTGTTGGTATCCACCTTTAACGTTATGGTATCATCAGTTATATCAGATATAACACCCCATATACCAGATGATGTGATAACTTTATCACCTTTTTTCAGATTTGATAAAAATTCTTGGTGTTTTTTTCTTTGAGTCTGCTGTGGTTTAATAATAAGAAAGTAAAATATTACAAATATTATACCTATAAATACCAACTGTGCTAAAATCGGTCCCATTGGATTTCCATTCATAAAAACTCTCCTTTAAATATTTTTCCAGTAATCTTCATAAGCTACCCAGATATACGGTAATATATATTTTATATTATTCCATTCTTTTATATATTTTTTTCTTTTTTTATACGCTTTTTCATTGGTAATACCGTATATTTCTTTTGACTCTTCTTCAAAGGATTCCAAATCGTTTTCCAATATGTATTGTGCAAGCATATTACCTGAGACAACCGCCTGAGGTATGCCACCACCTGTTATAGGATGACAAAATCCTCCAGCGTCTCCACATAAAGCCACATTAGAACTTACCAAAGTATCTATACCATCCAAAGGCAAAAACCCACCTGAACTTTCATCGCAATTGTTTTCTATAAAACCCATAGATACCGCATCTTTTATAAAAAGCTCCAACACATATTTTGGATCGTCTTTAAAAGCTGTATCTATACCAATACCTACATTTGCA
CP001130.1_gap19	752502	754248	1746	TGGAAAGTTTTCTTTGACAACTTTTATTAGGTTTACGTAATCTTCTCTTTCCCAATGCGGTGGCAATCCGCCAACTATGTGTACCTCTGTTATACCGTTTTTGTAAGAGTTTTCTATTTTTCTTAACACCTCGCCTATGCTAAGTTCAAAAGCTCTTTCGTCTGACTTTGAAACACCAAAGCTACAAAATTTGCATTTGTATACACATATGTTTGTAGGGTTTAAATATCTGTTTACTATAAAAAAAGCTCTGTCTTGATTTTTTTCTTTGTTTAACTCGTTTGCTATATACCCTAAAGCGCTTAACGGAGCATTTTTATATAAAAAAACAGCCTCTTCCTCTGTCAATCTTTCTTTGTTTAAGGCTTTTTCCAAAAGAAAAGATACTTCTTTATCCTCTAAAAGCTCAATCATTCTAACCTCCTTAAAAAGCCGAATAAAGATATATTAATAAAAGTTTGCTAAAATACTATGCTAATCATCTTATTATAGCAACCCTTGGATTATTTGAATAGTCGTAAATTATCTCTACATCCCCGAATAAATCTTTTAGGGCCTGCTCTTGATCATGCCCTATCTCCAGTATCATAGGCTTTATACCCAAAGATTTAAGTTTCTTGTAGAAAAAAAGACCTTCTTCTTTCCCGTCTAAAGCTTTTATATCTTCATACTCCAATACGCTTTTTTCAAGAGTATTTAGAACATTTGTTGGTATATAAGGTGGATTTGCCACTAAAAAATCAACTTTTTCTATTTTTATAGCTTTTGCTACATCAGAACAGACCACCAACAACCTATCTTCTACTTTGTGAAGTTTTGCGTTTTTTAACGCTAACTCACAGGCTTTTTTGTTTATATCTGTTGCTACCATCTTAAGATGAGGATTATGCTTCAAAAGTACAATGCTTATGATACCACTTCCCACAAAAGGTTCAAAACCTATTTTGAACTGCTTTGCAAACTTCATAGCCTCTTCTACAACAATTTCCGTTTCTGGTCTTGGTATCAATACAGGTGGTTCTATTATAAACTCTTCTCCGAAAAACCACCATTTTCCAATGGCATATTGAAGGGGCATGCCACTTTGGATTTTTGATAATATGCTTTTAAAAGCCTCCAAAACATCTTGATTTAGCTCTATATTATCCTGATTTAAGAAAATATAATTTTTATCTAAACCGCTTACGTGTTCAAGAACAAGAAGAGTATCTCTAAGGCTTAGAGTGCTTTGTTTGATTAGCGCTGATATGTTCATTTTGCATGATAGAAGAGTTGTTTCTTACATCTGTCAATATTGCTATAACTATCGCAAGCACCATAAAAATAGCCGTAAACCAATAAGTACCCTTTGTTAGTATCGTATCAACACCACCAACACCAAATATAGACCTTGCAGTAGCCCCTCCAAAAGCCGCACCTATATCACCTCTTGATTTCTGTAAAAGCACAAGTACTATCAAGAATAAAGCTATTATAATAAAAAGCACCACCAATATATAATATAAAAGCTCCATACTATTATTTTAACTCAAAATCTAAATCAAAGCCTTACCAAAAATGCCTTATTTCTTAAACAATTTATTACATCTTTTAGGTTTTCAGCTTTTATAAAATAAGCCCTTCCACCAAATAGATCTCCAAAATGTTTCATTGGATTTATGCGGTAATAAGTTTTGTTTACAACCACGTAGCCAGTGGTATAATCAGCATCGTCACTCCAACACACTTCTGCTAAAATACCGCATC
CP001130.1_gap20	903458	906909	3451	GGCTTTTCAAAAGATTTAACTATATTTTCTGATATGGTGAGCTTTTCTTCTACAACAGAATTCCATTCACCACAAGCACTACACCTACCAACCCATTTTACATAAGTTTGACCGCAGTTTTGACATACGTAAGTGGTTTTTTCCTTCGCCATTAGACCACCTTTAAAATTATAAAATAGTACAATATACCAAGATATTCTCTAATGGCTTTCGTAGAGTTTTCCAAATCTGACATATTTGGCAAAAAGCTCCTTACGTTGTATCTTAGGTCCTCTTTGTAATCTACAGGATAAGGTATTACGTTTTTAAAAAATCTATCAAAAAGCATCTTTGCTCTTGGCATATGATAGGCAGATGTTACAAGTATTATACTGTTGCAATCTGGTGTTATGTAGCGAGTACATACCTTATAGCTTTGGGCTGCGTTTTGCATAGTATCTTTGCTTTTAACATCTTCATATATATTTCCTATATCTATAGCGTTTATAAGCTTTACTATAGGTGTATTTTTAGGAAGGTATTTTATATCAATACCAGAGAGTATGAGAGGAATTTTTGTCTTATAAGACAGATAAACACCTGCCAAAAGCCTTTTAACAGTTTCACCAGATAAGTTGCCGTTTTTGTAATACCCACCACCAAGTACAACTATCGCGTTGGCGTTTAAAAAGCCTTTTGGTTGACTGTAGGTACGCTCCAAAGGCGTTATAAGAGCATCTTTTACAGGGGTTATAGAAAGAAGATAAAGAAGTATAGTCATACCAAATGATAGTATTTTTATTTTCTTATTTCTAACAAAAAAGCTTATAAAGAAAAACGTTATTATAAAAATACCGGGAGATATTAGAATAGAAGTGAAAATTTTTTTAAAAAGAAAAAATATCATCTTTTCATACGAGTAGCTATGAGGATGTTTTTAATGCCGTTTTGCTTGGCTACATCCATAAGAGCTACTACGTACTTTTCTAAAGTGTTTTCATCGGCTTCTATAATGAGGTCGTTTATAGGTTGATTGTTTACTTTCGTATTTTGAATGGCGTTTTGAATATCTGTAAGAGTCACATATTGGCCGTTAAGTATATATTGGCCATTTGGTAATATTTCAACCCTCATAGTCTGTACAACGGTTTTTTTACCTGTTTGAGCTTGAGGAAGCTTAACCGCCAAAAATACCATTGGTGATTGAAAAGCAAGGATTGCCAAGAATAAAAACACAGCCAAAAGAGTATCCACCAGAGGAACTACATCTACATACGTCCTCTCTTCTATAGACATACCTACCTTTGCTTTTTTTCTTAAATTCATATTATCCCTCCGATATGGCGTCTATTACCTCTTTTACTTCTGTCTCTACTTTAGATACTATACGATTTTCTACAGCTTTGTAAACCCAATAAAAAAATAAAGCTGGTATAGCCACCGCAAGCCCTGTGGCTGCCGCTGTGAGAGCTTCGCTTATACCATTTGCCAAAAGATACATAGCAGATTGGGTCTCAGAAGTAGAGAATGCTGCAAAAACCTTTATAAGACCTGTTATAGTACCAAAGAGCCCTAAAAGTGGTGATACTGAAGCTACCGTAGAAAGAAAAACCAAGTTTTTATCTGCATCCGATATCACATAAGAAAAGGAGTCTTCGGCAATTCTGTTTAGCTGATAAGAGTCTCTCCTTCCTTTTAGATAGGCTTTTAAAAGCGATAAAAAAGCCTTTGAAGCGTTTGTGTTTTGAGTTTCAAGCATCTTAACAGCAGCGTCTATATTTCTACCAAGTATAAGAGCTTTTATCTGAGTGTAACCCTTTGGCAAAAATCTGCTTAGTCTTAGAGAGAAAGCTCTTTCTAATATAATAGCCCAAGATATAATAGAAAGTACCAAAAGAGGATATATTACTATACCACCTCTTTGAATTATTATCATAATATCATCCATCTTCTAACCTCCAATATTTAAAAGATTTTTGTTTTTACAAGCCGGTAAACGACGTTTAAGGCTTTTTACATGATAAAGCTCTTGATTGGACAGAGAACTCATGTTTAGCTTATCCAAAAGACAAGAAGCATCTTCGTAAGCGTGCATACTTATCAAAATTTTTGAGGCTTTTAGTATAGAATCCTTATATATATCCTGCTCGTTTGGAGTAAGTATGACAACGCTAACATACTCTTTTAAAGCCTTATTTTTGTCGCCATTAGAAAGATAATAGTCTCCTAACTCATAGAAAGCTTTAGCCTTTATGGAAGGATCTTGCGAATTTGATGCGAACTTAAGAAGACTTGGGTCTTTGTAGGTATTAAAAGCCTCTAAAGCCAAAGCTCTCACCTTATCATCTTGGTATTGGGATATAAGTCTATTTAGTATATCTTTTGCTTTGTTTAACATATGGTTTGATATGTATATCTCGTAAGCGTGTATCAAATCTTTTTCATCACCGGTAGAATATATAGCGGCAGCTTTATTTATATGCCCTTCTTTTAAATATAAATCTGCCAAGAGTTCCTTTGCCTTTTCTTTAGTTTCTCCTTGAGCGTTGTCTATTACGTTTATAAGAAGCTCTTCTTTTTTGTGAGGATCTAGTTCTAACATAGCCATTTTTAACATAGCCCTGTAGCGAGGACCACCAACTATACTTGATAAGAGGCTGTAAGCTTTTTCTTTTTTACCCTGCTTTATATAAATGTTTGCAAGTTGATACTTTAGATCTTCAGAAAGCGGGTTATTTTTATATCTTTCTATAAACTGCTTTATGGCCACTTCCAAATTTTTAGAAGGGTTTTTAATGCGAGAAGATATAATATCGTAAGAAGCCTCCATAGCTTCTTTTGAGTTTGGATAGTTTTCCACTACCTTTTGATAATAGTAAATGGCTTTGTTGATATCGCCTAAATTGTAGTAAGCATCGCCAAGCTTAAGAAGCGCCCTCGCTCCAAAGCGTTTGGAAGAAACTATTTCTTTAAAATATCTTATAGCATCTTGATAATCATCTTGTATAAAGTAAGAAAGCCCATAAAGATATTTGGCTTCAGCAGTGGTTGGTTTTAACACTTCCCTTGCTTTAGCGGGTTCATCTATAGATAGGTAAGCTTTGGCAAGAAGAATTCTTTCGTCGTAGGTAGATGGGTTTTCTAAAAGCCTTATAACGTCTTTATAATCTCCCATGTTGAAGTAGACTATAGCTCTATAGTATCTGCTTGTGAAGTAAGTTAAAGCTTTTTGATAGTCTCCAAGCTTGAAATAATACCATCCTTCATAGTAGTTGTGAAGCTCAGTATAGCGTTTGAAACCTTCGCTTCTTAAAAGATTTCTAAGGGCTATGAGATGTTTAGTATAATAATAGCTCTCTGCAAGCCATTTGTAATAAAACTCATCGTGGTTTGGCATCATTTGTAAAATATTTATAGCATCCTTATAGTCTTTGGCTTTTACACAAGCATAAACTGCATCCTTATAATCTTT
CP001130.1_gap21	952859	953379	520	TCAAAGGTAAAAAACTTTACGATAAAAGAAAAGAGCTAAAAGAAAAAGATATAAAGAGAGAACTACAAAGAGAGTTTAAAGGGAGAGTAAAGCTCTAATGGAAAAAGAAGAAATAGTTACAGCTATAGAGAGTTTGTTGTCTTCCAAGAAAAAACCAGTCTCTTTTGGTGAACTTACAAAACATATACCAGTAGATAAAAAGATACTTAGGAAGACTTTAAGAGAGTTAATCAAACAAGATAAAATCATCACCACCAAAGGACATTTTAGCCTAAACAGAGAATCTATAAAAAAGGTAGTAGGTGCTGTAGAGGCAAATCCAGCAGGTTTTGGATTTTTAATACGAAAGGATGGTTCTAAAGATATATACATACCGTTTTTTGAAATGCAGAAAGTGTTTGACAAAGACGAGGTGGAAGGGTATGTTGTCCTTTACAAAGGAAAAGAAGAGATAAGAATTGAAAGAGTCCTAAAACGAGCTAGAAAAGAGTTTGTTTGCAGCATATCAAATTTCAAAAAA
CP001130.1_gap22	957337	960050	2713	ATATTTTTCCTTTGAAGTTGGGATATCAAATCTTCCGATAAAAGCCTACCAAAATCCGTGGTTTGATGCAACTTGTTTAGATCTACTATCACAGAGACACCTATTGGAGCTCGTATAGGCGTAAGCTCACTACAAACCAACTGATTTGCTATATCCTTTGCCATCTCATCCACGCTTGTTATTGGCTTTTCATGGTCCATCATACATGATCTATAATAATATTCTCTGCTATAAGATTGCTGTATGTAAGCTGGTTGATTTGACGCTGGTATCTTAGGCCCAGCTGCCATTTGCTTTTGATATATTGTCTGGTATATAACTTGATGCGTATCTTTCTCACCACCAAAAGCCAAACACAAAACCCCAACCAATCCTAACATAAAAATAAACTTTTTCATAATACTATTATAATACACACATTGTATAAGTTGTGTACAAGTTCAATACATCGTGAACACATATGAGGTAAAAGCATGATAAAACCTCGCTGCAAAAGCCAGGTGTCCGTATTGTGGAGCAGGCTGTGGCTTAAAAAACAAGAATTATCCACCAGCAAAAAGAGATATATTTATTAAAACCTTATAATGCTATAATATTATTTTATGAGAGTTGGTATAATAGGCGATGGACAACTTGCCATGATGAGCGTAATGGAAGGGCTCATGATGGATATAGATTTTGCTGTCTTATCTTTTGAAAAAGACCCTCCAGCTTCTTACGTAACTAAACATGTTTTCAAAGAAAATGAAGTGGAAGAGTTTGTGGCTTTTAGCGATGTGATAACCTATGAGTTTGAGCATTTTAACAAAAAGATATTTGACTGCACGAAACTACTGGACAAGCTTTATCCTGGTGTAAAACCAATAGAGTTAAAACAAAACAGGCTTTTAGAAAAAAAGTTTTTAAAAGACCACAACTTTCCAACAGTCCCTTTTTACGAAGCTAAAAATACAGATGAACTTTTTGAGATTGTAGAAAGTTTAAACAAAGAAGCGGTAGTAAAAACAATATCAAACGGCTACGATGGTAAAGGACAGTATGTAATACATACAAGAGAAGATTTGGAACTTTTAAAAGATAAACTAAAAGATTCTAAAGACAGTTTTTTAATAGAGGAGTTTTGTTATTTTGATTTTGAAATGTCTTTGATAGCTGGTATATCAAAAGATAGAATCGTCTTCATGCCAATGACAAAAAATATACATAAAAACGGTATTTTGTTATACAACCATACAGATTTTTTTACAAACGAAGTGCAAGAAAAAGCTAAAGCTATAACCTCAAGGCTTCTAAAGGCCCTTGGTATAGAAAAAGGTGTTTTAGCGGTGGAATTTTTTGTAAAAGCCAAAGACGTTTATATAAACGAATTTGCCCCAAGAGTACACAACACCGGTCATCACACGTTGAACGATGCCGAATACTCCCAGTTTGAACTGCTTTTAAGAACAATGTTAGATATGCCAATATACTCTCCCTCTCTTATAACACAAGGTGGGATGATAAACATAATAGGCAATATAAATCTTACAAAAGAACTAAAAGATGGTATATTGTCTTTAGAAGGTGCTAGTCTTTATTGGTATAGGAAAACACCAAGAGAAGGCAGGAAATTAGGACATATAAACGTTGTTGGGAGAGATGTTGAAGAAGTAAGAGCTAAGCTTAGAAATTTATCTAAACTTTTATACCCTTCGTTAAATATATGGTAAAATTATAGACTTATGAAGACATCTATAATAAGTCCAAAAGCTGAAATAGGTTTAAATGTAGAAATAGGTGAATTTTGCATCATAGAAGATGATGTAAAGATAGGAAACAACGTAAAGATAAAGAACAAAGTACTTATAAAAAAAGGTACTATCATAAAAGATAACGTAAAGATATACGACGGAGCAATAATAGGCGAAGACCCACAACATTTAAAAGATAACGGCGAGGGTTCTACTGTAGAAATAGGGGAAAATACCATCATAAGAGAGTACGTCACAATACATAGAGGTACCACTTTTGATAAGAAGAAAACAACAATTGGTGCAAACGTTTTCTTGATGGCTTATACACACGTAGCTCACGATTGTGTGGTAAAAGACGGTGTTATTATGGCAAACTGTGCTACACTTGGTGGGCATGTTGAGGTAGGTGAATACGCTTTTGTGGGAGGGCTTTCAGCAGCTCATCAACATACAAAAATAGGAGCTTATGCTATGGTGGGGGGACTAAGCGGAGTATCTTTGGATATTCCACCCTTTGTAAAAGCGGCTGGTCCTCATGCTAAGCTTTATGGAATAAACACAATAGGGCTTGAAAGAAGATGCTTTTCCAAAGAAGATATAGAGATTATAAAGCATGTTTACAAAATAATTTTTAGAAGCCAAAAACTAAAAAAAGATGCCATTGAAGAAGTCCTCTCTTTGTACAAAGACAACAAATACGCTCTTATGTTTGTGGATTTTATTAAAAACTCGAAACGTGGTGTAGCTAGAGAAGAAAGATGAAATTTAAAAGGAGGTTAACAGTATGAACAACAGAAAAGACAAGATGATAGAAGAGTACATTCACGATCCTTACTTTAACAAAGAAAAGCTTGAAGAACCATCTGTATGCGAAGTTTGTGGGGTTGTCTTTAGGGATGGAGCATTTAGATGGGAAGAAGCTCCAAAAAATGCAAAAAAGATGATATGCCCAGCTTGCAGAAGAATTCAAGATAAGTATT
CP001130.1_gap23	1134354	1135022	668	CTATTACAGGAGCTGATTATATGAGCCTGTGGAAAGAAAGACTTAGTAAAGTGAATGCGCTCTATAAGCCAGGTTTAGATAAAGAAGCAAAAGCAAACAATTGGGATGTATATATATCACCAACATTAACTTTGCAAAAAACCTCTTCACAAAAAACCCAAAACAAAAAACCAGGGACTTGCAACGTTCAAGCTAGCTCTGATATAAACCTTGGTTTACAGCTTGTCGCATCAGGAGATCTAAAAAATGCTTCAAAGCAATTTAAACAAGCCATAAAAGATGACAATAGCTGTGCTTTAGCCTATATTGATCTAGCATCAGCTTACATAAATAGGAAAGATTACGATAAGGCTATAGATGTAGCAAAAGAAGGGCTTAAAAACGCTGGAGAAAACAAGGATTTAGAGTATGTTTTAGCTTGTGCTTACTCAAGAGATAAAAAACTAGACTACTCGTTAGATGCTTTAAAGAAAGCTTTAAAGGATGGTTTTAACGATCCAAACAAGCTAGCACATGACCCGGATCTACAAAACCTAAGATTAGGTAAGAAAAAAGATTTCTGCGAGCTTCTCAACAAATACAAGATAACTATAAAATACTGCTTGGTTTAATTTAAAGCCCCCTATGTCGGAGGCTCACACTAAATATATCAATTTCTTCTATTGCCT
CP001130.1_gap24	1164868	1165548	680	GGGAAGGTGACAGATTTCTTGTATTTCCATATAGGAAACCACTACTGGCCAGCTTTTAACGTGGCAGATAGCGCTGTGAGTTTATCCATAGCAGGGCTTATACTTCTTTCTTTAAAAGAGCGTGAGGGGTAATATGGCAAAGGTAAAAATATGCGGTATTACAAACTTAGAAGATGCCCTTTTAGCCCAAGAACTTGGAGCTGATTTTTTAGGTTTTATACTATATCCTAAAAGCCAAAGATACATAAATTTAGAAGAGGCTATTAAAATAAAAAAGCATTTAAAAATACCAGCAGTGGGAGTAATAGTGAATGAGCCTTTAAACACAGTAAAAGAGCTTCTTAATTATTTTGATTTTGCCCAGCTTCATGGAGATGAGGATTGCACTTACAGTATATCAAATAGGATTATAAAGGTGTTTAGAGTGAAAGATAGACTACCAGATATAGAAAAATGCTGGGATGAAAATCTTATACTTTTTGATACGTTATCAGATAAATATGGAGGCACTGGTAAAAGCTTTGATTGGAACATATTAAAAACTTTGAAAAGGGATTTTTTTGTATCTGGGGGTCTAAACGAAGAAAACGTTCAACACTTAAAAGATATAAAACCCTATGCTGTTGATGTGGCCTCTGGGGTTGAAGAAAAACCAGGTAAAAAAAATCCTGATAAATTAG
CP001130.1_gap25	1171285	1175067	3782	GGTATTTAGACCACTTGCATGGAGTATCTTCTTTTGGTTTTTGTTTAAAAAATCCATATCCTCTATTTTTATGTTTAAATCCCTTATTCTTCTAAGGTTTTGCTTTTGGGTTGTGGTAGTTTGATAGTTTGGCCTTACAAAAGCTTCTAACTCTTGAAGTATTTGTTCTAAAAGGGCTCTTTTCTTTTCTTTTGAAAGCTCATCTATGATATTTAGACTTTCATAAAGGCTTTCTGATATGTATGGTTTTAATGCGTTGCTAATATAAGCTCCAAAACCTTTTACCCTTTCTAATTTAATATCGCTTGAAAGTAAATCTTTTATAAGGGATATGGGCTTTTCTAAATCTTCCATCATCTACCAAAATCAAAATGTTTTTCAAAACTTATATTACTTTCCGAAGAGCCGTTTCCATACATCTGTAACTCTATTGAGGTGTTTGGAGTTAGTTTTATAGAACCCCCATAATAAGTATCAAGAGGGTTTTGACTTGTGCTAATATGAGCTTTTAGCTTTATATTCTTTGATATGTCTTTGTTTACTTCTACATTTGTATTTAAACTACCGTTTGCACTTTGACTTGGATACACGTTTAAGTTTACGTTTGTTCCAAATATACTGCTCGCCAAACCAGAAGGTGAATATTTTGCTAGTTTGCTAGCCATAGCATTGATAGGAAGTGCTGCTATACCGGATTTGTTTAATATGAAAGAAGATAAAAGCTCGCTTTTTGGCATAGGAGGATTTGAGTATATATCAAAAGCAGGGTCTTCTAAATTTCCTACCAACGATATGTATGTGTTGTAAGAGTCTCCGGGCGACATCAAAAGTACGTTTATATACTTGTTGGTATCTTTTAGTTTTAACACACCATGCATCACATAAAATATTTTATCTGAATAAGTAAGCTCTCCACCAGAAGCCTTCAAATTTAGATTATAACCAAGATTTCCATTTCTTGCAAAGATTTTTCCTTCTATATTAGAATATATGTTCCCTTCTGGCAACATTACAGTAATTGGTGTCAAACTCTGAATATCCATATCCATATAAAGATTTTTAGGAAGTTTAGGAGAGCTTCCATAAGAAGGGCTAGTGGAAAAGCTTTTGATATAAATAAGTCCATTTGGGTAAAGATGTCCTTTTATATTTATAAAAGAAGAAAGATTTTTAAAAATATAACTTGTATCCACAAATCCATCTACAAATCCTTGATAATAGCCATTTTTTGAGTATAAATAAACTGGTAATCTCTTTAAAGAAGAACCTATATAAATGTTATGGTTAGAGGTTGTTATATTAAAAGCTATAGAATGTTTACCATCAGAAGATGAAAACACAAAATTAACAGGTGTAAAATAACCATCTTTAGAAGTTTTTATATCAAGGTTTATATCGCTGTACAAAGGTAAAGATAGATATTTTGAAAGAAGTAAAACAGGTTTTTGGCTTTTAAGATATAAGTTTATATCTTTATCATCTATATTAAGAGCGTAGTTTATATTACCAACTAATAAGAAAGGAAGCTTTGATTTGATGAAGGCCAAAGTATCATCTATATCTATAACACCGTTTGAGCTTGTATAAAACTTCTTATCGTAGCCAAAGTAAAAACTTCCCTTAAGAAGACCATTTATATGTGCTTGGTTTGATTTTAAATAAAAAGGTTTTAAACCAAGTATACCACTTATGGCTGAGGTTTCCAAAATAGGTTGGTTGTAAAGATAGACCTTAAATCCCTTTGTTTTCCATGCTATATTACCGTCTTTTTGAGAACTTCCACTTACGCTTGCCACATTTATATAAAGGTTTTTATACTTAATATTAAAACCGTTTCCATACATAGTATATACACCGTTGGTGTTTTTTATGTAAAAGTTTATTGGTAATTTTATGCCTTTATAAACCGCAAAACCAACGGCGTTTATGTTCTCTTTACTATCAATGCTACCGTTAAAAGCCAAATCCACATGCAAAATCTTATTTTTACCTATTAGCTTAGCATTGAAGTTTATTGACTTTGATATATTTAGATCTGAAGTAAGTAGAAAGTTTTGCTCTTTTAGTGTAGGTTTTAAATTGAGCATATTGTTTTTATAAGAAAAATATACATTTCCTTTTATATTTTTCAAAAATCTATAGTTTGCATTTGATATCTCAACGTTTCCAGAGATATTTCTAAGAGTTCCAGCACCGTTTATATTGCCAAAAGCGTAAAGATTTTTTGAATTAGAAGCGCTAAACCCTACGTTGTTTATATATATGTTCTTATTTGATACCACGATAATACCATTTGTTAAATCGATAGTATAAATTGCACCGTTTATATACTTGTAAATCATAAGGTGCTTTGGTTTTATATAGCCATTTATAATATTTTTCTGATAAGTAAATAAAGCACTCATATAAGATGAATTACTAGAAAGTGTAAAAATATTATCTTTATAAGAAAGCATTATAGGTAAAGAGCTAACATTTACATAAGGGACTTTTATAGAAGATGCGTTTAAATATCCTTCTACAAAAAACTTAGGATAAAGATTTGCTTGTAAAATGCCACTTATAGAAGCGTTTACATTGTTGTAAGAGATATAAAAATTATCCAAGTTTGCTTTTGTAAAAATGTTTTTGTTATTAAAAGCTATATAACCTTTTACACTTTGATTTCCATACAAAGAGTAGTATAGACTACCAGCATCTTTTTTCTTAAAATCAAGTTTTCCCTTTAAAAGCCCAATACCAAAGGTATATTTATAAAGTCTTACGTTTGAAAGCTTTAAATCTAAGTTTAGGATTTTGTTGTCTATGCTGTAAAATAGCTTTCCACCAGCGTATAAATCTATAGAATATTTTATGTTTGAAGCTATATCTTTGTTGGTTAAATGAAGATTTTTTATGTTTATATTAAAATCGTTGCGTGTATCCGTATAATTTATATAAAGCTCTGCCAAAGGGCTTTTTAAGATACCATCAAAAGACACATCGCCTTGATCTAAAACAGATCCCTTTATATCAAAAGAAGCTGGTTTTATAGGTTTTAACGAAGGTATATTTATATAGCTAAGTTTTAACTGTGAGTTAAAATATATATCTTTGTTTTTTATAATAGCTTTTAAAATGCCGTTTAAAGTGGAAGTATCAAAAACAGGTGTTTTTATAGGCATTACAAAACCAGAAGCTATTGCTTTACCTATTCTATGAGCCCACCAAAAGTTTATGTTAAAATCGTATAAATAAGATACGGCGTTTACATTCTTTGCCACAAAATAACCGTCTTTTAAGTATGCTTTTGGCACATATACAAAAAGCTCATGTCTTGAGCTTTTGCTAAGATAAACATAACGAGCATAATCTTCTGTATGAAGAATGCCGTCTTCAAGGCTAACTCGGGGTATGAAAAGTGCAAAAGCGTTGTTGTAAAATCTATCCGCTCCAGCTATATAAAGATTTTTAACATTTACATGGAGTATTTTATAAAATCTTTCGTAAAGCCTTAGATTAAAATTTGGAACGTTAGAAGGTTTATTGTTCTGAGCCACAAGAATGATGTTTAACTGGTTGGCGTCGGCATATACATGCTTACGATAAAGATATAAATCTCCATCTTTTAAATAAAAAAACAAAGGCTTTGAACTGTAAGAAAGCCCTTTTATACCTAAGCCCAGCCTGTAAAATATAATTTTATTTATTTTTATATCTTTTCCATCTATTTTAAAAGCCAAATTTTTAATATAAAAACTTCTATTTTTATAACCAAAGCTTATATGATGTTTATATATAAA
CP001130.1_gap26	1177252	1180632	3380	CTGATAACTCCCTTAAGACTCCAATATACTCCTTAGGAAATCCCATATCCATAAGGTATTCTCTTACCATGTAAGGATATAAACCTACCAATGGATCTATCTTAAAGGTTCTTACCTTTTCTGGTGGGACTTCTTCTATATCCATACCACCTTCTAAGCTAAGCACTAACACCGGAGTCCTTGTCTCTGTAGAATATGTGATAGAGGCATACAACTCTTTTAGTATTTTGGCTTTTTCGGCAATTATAATACCCACTGGCATCTCGCCGTAAACTGGATACTGTAAAAGAGCTTTAGCAGTTTCTATAGCCTCTTCCGGTGTTTTGCAAAGTTTTACAGCCCCTGCCTTGCCACGTTTCCCTACAAGCACTTGAGACTTAACCACAGACTCACCAAGTTTATTGGCAAAGTCCTTTAAATCATCGTTGATATGATCGGCATACATATAATTTAAAACAGGTACGCCGTACTTCTTAAAAATCTTATCGTAAGCTTCAAACTCATAGAGGTTCATAAGACTTTTGCCTCCTTTAGAAATTGACTAATATTATATCACATTTGATGATTGGAAAAACAATTAAGGCTTTTAAGTTATAATAACTTATATGGATAAAGATGTTGTATACGTAGTAGAAGATGATATTGATTTAGCTGAGATACTTACCTTCAACTTAGAAAACGAGGGGTTTGAGGTAAAACACTTTACAAACGGCAACGAATTTTTCAAAACAATGGAACAAACAATTCCAAATATAATAATACTTGATATAATGCTTCCTGGTTACGACGGAGTAAGGATAGCAAAAATACTAAGACAAAACATCCTCTACAAAGATATACCTATTATATTTCTTACCGCAAAATCAGAAGAAGAAGACAAGATAGAAGGTTTTAATGCAGGGGCCGATGATTACATCACAAAACCATTCTCTTCAAAAGAATTAATAGCAAGGATAAGGGCTGTATTAAACAGATACAAAAAAACAATTACCACAAACAAGTTAAAAGTAGAAAATCTTGAACTAGATGAAGATAAGATGGAAGTAACTTTGGATGGAAAACCTATAAATCTTACAAAAACAGAATTTAGAATATTAAAATATCTACTTGAAAATATAGACAAAATAATGACAAGGGATAAAATAATAAATATGCTATGGTCATATGGCACAGACATAAACGATAGAACAGTGGATGTTCATATAAAACATTTAAGGGATAAACTTGGGGATTTTGGTAAATATATAAGAACGATAAGAGGTGTAGGTTACAAGTTTAGTCTAAAAGATGAGTGAAGATAAGGTAACAATAGGAAGATTTTTATCAACGTTTGGATTAAAAGGTGATTTGGAAGTGGTTTTTGAGTTTGAGGAAGATATAGATTTTTATATTAAAAACCTAAAACAGATATATTTACAAAACAAACAAACTAAAGAGTTTAAAGCTTTTAACGTAACATTTAAAAAGCACCAAAACAAGATACTATGCCACATAAAAGGAATAGACACAGTGGAGATGGCAAAAAGCTTCTGCAACGCCACAGTCTTTGCAAGTGCAAAAGATTTACCAAGAAAAGAAGACACGGTATTTCTTTTCGAGCTTTTTGGAAAAAAAGTAAAGTTAGATAGCGGCGAAGAGCTTGGAAGACTGACAAACGTATTTAAATATGCAAACAAAGACTATCTTGAAATAGACTTTGGTAAATATATAATACCAGCGGAAGAACCGTTTTTGGTAAAACTAGACAAAGACCAAATAATACTTTCCAAAGATTATATCTTAGATTTGAAAAGCTAACAAAACTAAATATATTTTACTTATGCGAAGCATTAAAACCACAGAAGAGTTGGTAAATATCTTAGAAAAAGAAGGCGAGCTTATAAAGGTAAAAGACCCCATTGACATTCATTATGAGATAACAGAGATAACAGATAGAATGTGTAAGACAAAAGACCCAAAAGCTCTACTTTTTACAAACGTAAAAGGCTACAATGTACCTGTTCTCACAAATGCCTTTGGTTCTTATAAAAGGTTAAAAATCATCTTTGGTTATGAAAACCTTGAAGATATAGGCTGGAAGCTTTATAAAGTATTAAGACCAGAGATACCAAATACATTTTTAGAAAAGCTTAAAAAACTCCCAGAATTAAAAAAACTAAACGACGCACTACCAAAGGTAGAATCTAAAAACCCATATAAAACCTTTAGTGAAAGTGTATTTGATATACCGGTTTTAAAGTGCTGGCCCAAAGATGGGGGAAGGTATATAACACTTCCTCAGGTTATCACAAAAGACCCAGAATCAGGTATCAGAAACGTAGGGATGTACCGTATACAGCTTTTAGAAGAAAAAAAAGTAGCTCTTCATTGGCAAATACACAAAGACGGAAACTCACACTTTCATAAGGCAAAAAGACTTGGTAAAAAATTACCAGTAGCTATAGCAATAGGTGCAGATCCAGTTTGTACTTACAGCGCATCGGCACCTCTTCCACCAGAAGTGGATGAGTATTTGTTTGTAGGTATGGTAAGAGAAAACCCTGCAGAGCTTGTAAAAGGTAAAACCGTTGATATAGAATATCCAAAATACGCAGATTTTGTAATAGAAGGTTATGTAGACCCAGAAGAACCACTGATAGATGAAGGGCCTTTTGGAGATCATACTGGCTTTTACACACCGGTAGATAAATACCCAGCGATGCACATCACAGCCATTTTATCTAAAGATAATCCAATATATATATCCACTATAGTAGGACCACCACCCCAAGAGGATAAATACCTTGGCTATGCTACAGAGCGTATATTCTTACCCCTTATTAAGTTTAACTTACCAGAGGTAGTGGATTATCATCTTCCAGCAAGTGGAGTATTTCACAACTTTTGCTTTGTTTCCATAAAAAAGCGCTATCCTGGGCACGCTTTTAAAGTAGCGTACGCTTTGCTTGGGCTTGGGCTAATGTCTTTGGAAAAATACATAGTGGTTTTTGATGAATGGGTAAACGTGCACGATATAGACGAAGTGCTTTGGATATGGGGCAACAACACGGACCCATTAAGGGATATAATCATCACAAAAGGACCCATAGATGTACTTGATCATTCTACCAACGAAGTAGGCTTTGGTGGTAAGATTATAATAGATGCCACAAAAAAACTAAAAGAAGAAGGATATACAAGGATATGGCCAGAGGTGGCTAAAACTGACGATGAAACAAAAAGAAAGGTTGATAGCATATGGCAAAACATATCAAGATTTTTATCTTAAAAGCTAAAAAAACTTTAAAAACCTCCGATATGTTAAATAACAAGTTTTAGGAGGTGTGTTATGTTATCAATCAATTTTAACTACGGTGCGCTTGTAGCTAACAACGCTTTAC
CP001130.1_gap27	1188373	1189213	840	GGGATCGCATTTTACTTCGGGGGTTGACGAAGGGACAGGCATATACGAGGTAAGAAATGCTTTGCACACTATAGATGAGCTTGTGCCAAACCCTATAGATATAGATGTATTAGATAGGTTTGATTATGTATTTGATCTGACAGCTCATGTGGCTACTGTTGGTTTTGACAATCAATTTGTGCCAGATTATTTGGCTTCACTTTTTGATGAAAAAGTATTTGGCTTTTATGAAAAGGATAAAAAACCAGATATTACACTTTCTAATGATCCAGAGGTTAAAACAAGTATACATAAAATAAAAAGGTTTATATCCCTTGGAAGACCCCTTTTAGGGCTTCATTTCGAAGCAAGCTCTATCCATAGAAGGATACCCCCAGACGTTTTGGATATCGTACTAAACTATGCAAAAGATAAATACACTATAGTTTGCGCCTATACAGATTTAGCTAAAGACCTTGCCAAAGAGTATTTTGAAAAATACCCTTTTATAGTAGATGTATCATCTTATGTAAAAGATATAGAGTATCTTTCTCATTATGTAAGTATTTTAGATATTTTAATAAGCGCTGAAACATCGGTAGCTCACATAGGGGTGGCTCTTGGTGTGCCTACTCTTGTTGTGCTTGGGCCTGGTTCTTTTGAGGCTGTTTATGATTACAAGCTATTTTATATAAAGGGAGTAAATGCAAGATATGTAGGTACAAAATGCTCAAGTCCCTGTAGGATACACGCTTTATCAGAACCATGCCCCGAGGCAAAACTTTTAAAAGACCTAAAAAAACAAGACGACGATTATTCCCCTTGTTTTAAATTTATAGATAGAATTGAGCTTTTAGAAAC
CP001130.1_gap28	1243509	1244285	776	ACTTCTAAGGGTTTTTCTAACATTTTTTTGTAAAACTCTTCTTCGGCTTCTCCGATGGCAAAAGCTTTTAGTATGTTTTTTATCTCTTTGTAAACTCCTTCCCAGAAAAGCCTTACGTTGTAGCCTTTTTCGTTTATGGTATTTAACATATTTATAGCTTCTTTTGTGTCTGATTCTATTAAAAGCTCCAAAAACTTTCTTATAGATGCTTTATCCACCGGTCCAAACATAGATTTTACTATGTCTATGGTTACTTTGTTGTTGCCGTATGTGCTAGCTTGATCTAAAAGACTAGCGGCATCTCTCATAGAATCATCTGCTAAATCTGATAAAACATCCAAAGCCTCTTCGTCTATTTCGATGTTTTCTTGGTTGGCTATTCGTCTTAGGTATGTTTTTATGTTTTCTTTTGAAGCTCTTGAAAACACAAGCTTTTGACATCTTGATTGAATGGTGGGAAGTATCTTGTCAAACTCTGTGGTACAAAGGATAAATATCAAAGAAGGTGGTGGTTCTTCTATGGTTTTTAAAAGTGCATTAAAAGCTTCTTTTGTAAGCATATGAGCTTCATCTATGATATAAACTTTATATTTGCCTTGCATCGGTAGATAGCTTGCCCCTTCTCTTACGGCTCTTATTTCATCTATGCCTCTGTTGGAAGCGGCATCCATCTCTATAAGGTCTACAAATGTACCTTTTTCTATAGCTTGGCAGTTTGGACAAGCGTTGCAAGGTTCTCCTTCTTGGGGATTTAGGCAGTTTAAGACTTTTGCAAA
CP001130.1_gap29	1246078	1246598	520	CTAAAGGTCTTGAGCTTATAAACAAGATAAAAGATATGCCTTGGGATATGGCTACAGATTTTGGAAAAGCTGGTATGAAAGCCCTTATAAACTACATATCAAAAACCCAAAACGGAAATCAAAAGATAATCACCGCCAAAGATATAGGATTTTCAATAGCCCCAAGAATAAACGCCGCAGGTCGCATAAGAAAACCTCAAATAGCTTTGAAGCTTTTGGCGGAAAAAAACTATGAGAAAGCTAGAATCTTAGCTGAAGACTTAAACAAGATAAACCAAGATAGAAGAAGAATATCAAACGAGATGTTTAAAGAGGCTTATAGCCTTGCCTCTCAGTCCAACGATGATTTTGTGATACTTGGAAAACAAACGTGGCATCATGGGGTTCTTGGAATTGTGGCTGGAAGACTTTCTAACAAGCTTAAAAAACCAACAGGTATATTTCACATCAACAACACTCACGCGGTTGGCTCTATAAGATCTGTGGAAGGTCTTGATGTTCATAAGCTTTTATCAAATTT
CP001130.1_gap30	1252105	1255511	3406	CCCCGTTCGCTCGCCGCTACTGAGGGAGTCTCATTCGATTTCCTTTCCTGGGACTACTAGAAGGTTTTACTTCGTCCCGTGTGTGCCCCTTTCGGGTGCTATGGTATTATCCATAGCGGGTTGCCCCATTCGGAGATCCGGGCCTCAAAGGCTGTTTGCACCTCCACCCGGCTTATCGCAGCTTACCACGTCCTTCATCCACTCTAGCTGCCAAGGCATCCACCAAGGACCCTTACTAACTTGCATACCCACTTTAATTACTTCTTCTCTCAAACCTATTCAACTTATAAAGTATGAGCTTCTCCACGTTTTATACATGGAGATGGTGGGATTTGAACCCACGACATCCTGCTTGCAAAGCAGGCGCTCTCCCGCTGAGCTACATCCCCTTAATACGCATCCCTGATAATGGGCCTCACTGGATTTGAACCAGTGACCTTACCCTTATCAGGGGTACGCTCTAACCAAACTGAGCTAGAGGCCCTAAGGGTTAATAGCTCAATGAGAGGATAGCGTAGCAAGTGTTATCCGTTAAAAAAGGAGGTGATCCAGCCGCAGGTTCCCCTACGGCTACCTTGTTACGACTTCGCCCCAGTTACCGATGTTTTCATCGGCCTCTGCCTCCCTTGCGGGTTAGCTTGAGGACTTCCGAAAACACCAGCTTCCGTGGCGTGACGGGCGGTGTGTGCAAGGCCCGGGAACGTATTCACGGCGACATAGCTGATACGCCATTACTACCGATTCCGGCTTCATGAAGGTGAGTTTCAACCTTCAATTCGCACCACGACAAGGTTTGTGAGATTAGCTTGAGCTTACACTCTTGCTACTCATTGTCCTTGCCACTGTAGCGCCTGTGTAGCCCAGAGCATAAAGGGCATACTGACCTGACGTCGTCCCCTCCTTCCTCCGGCTTGTCGCCGGCAGTCTCCTTATAGAGCACCTCATACGAGGAAGCAAATAAGGACAAGGGTTGCGCTCGTTGCGGGACTTAACCCAACATCTCACAACACGAGCTGACGACGGCCATGCACCACCTGTGGTAGGATTTCTCCCAAAAGGGAAACACGGCTATCTTTCGACAGCCTTTCCTACCATTTCAAACCCTGGTAAGGTTTTTCGGTTAGCATCGAATTAAACCAGACGCTCCACCGGTTGTGCGGGCCCCCGCCAATTCCTTTGAGTTTCAGGCTTGCGCCCGTACTCCCCAGGCGGGATGTTTAACGCGTTAGCTGGGGTGCAGCGAAGTTATCACTACACCTAACATCCATCGTTTACGGCTGGGACTACCCGGGTATCTAATCCGGTTTGCTCCCCCAGCTTTCGTCCATGACCGTCAGTACCGTCCCAGTAGGCCGCCTTCGCCACTGGTGTTCCTCCCGATATCTACGCATTTCACCGCTACACCGGGAATTCCGCCTACCTGAACAGGACTCAAGTAACGCAGTTCGGAATGCCTTGCCGAAGTTGAGCTTCGGGTTTTGACAATCTGCTTACGAAACCAGCTACGGACGCTTTACGCCCAGTAACATCGCGCAACGCTCGGGACCTACGTATTACCGCGGCTGCTGGCACGTAGTTAGCCGTCCCTTCCTCTGATGGTACCGTCAAGACCAGGAGGTATTAGCCCCTAGTCCCATCTTCCCATCTGACAGAGGTTTACACCCCGAAGGGCTTCTTCCCTCACGCGGCATTGCGGGGTCAGACTTTCGTCCATTGCCCACGATTCCCCACTGCTGCCCCCCGTAGGGGTGCGGGCCGTGTCTCAGTCCCACTGTGGCTGATCATCCTCTAAGACCAGCTACCCGTCATTGGCTTGGTAGGCCATTACCCCACCAACTACCTGATAGGACGCGAACCCCTCTTTGAGCCGAAGCCTTTGACAGCCTCGCTTTCACCTTTTGCCTTAGTGACAAAAGGCTATATAGGGTATTAGCTATCCTTTCGGACAGTTATCCCCTTCTCAAAGGCAGGTTATTCACGCGTTACTCACCCGTTTGCCACTGAAAGTGAGTTGCCCCACTCTCCGTACGACTTGCATGTGTTAGGCATGCCGCCAGCGTTCGCGCTGAGCCAGGATCAAACTCTTCAAAGAATTTTATCCATGACTTTTGATGTTAATGTGTTGCTACGCTATCCTCTTATTCAGCTATTGAAGTACGCTTGCTGATAGCCAATGTTTTGAAGCTATCAACCAATTGAGAATATTAAGTATACAGAAATTTTTTCTTTTTGTCAAGAGGGTGTTATATGATGTGGGTTAGGGTGGTGGTTATCTTAAAAGCATAGCATACTAAGGAAAAATATAATATATTTAAAATTATGAGTGAATTTGCAAGCATTGAAGAAGCTATAGAAGATATAAGGAACGGTAAGATGCTTATAGTGGTGGATGATCCCTCCAGAGAAAACGAGGGGGATCTTGTCATGGCTGCTGAATTTGTAACGCCAGAGGCTATAAATTTCATGGCTACCCACGGAAGGGGTCTCATATGCCTTACCTTGGAGGGAAAAAGATGTGATGAGCTTTCACTTCATCAGATGGTAAGTATTAATACAGACCCAAAAGGAACCGCTTTTTGCATATCTATAGATGCTCACCCTAAACATGGTACTACTACAGGTATATCAGCTTTTGATAGAGCAAAGACTATAAAGCTTGCCATCAGCGAAGATGCTAAACCATCAGATTTTATAAGGCCAGGACACGTGTTTCCCATAAGAGCTAAGGAAGGTGGCGTTTTGGAAAGGGCTGGGCATACCGAGGCCTCTGTGGACCTTGCAAAGCTTGCTGGTCTTTACCCTGCTGGTGTGATATGTGAGATTATGAATAAAGACGGCACAATGGCTAGATTGCCAGAGCTTCAAACGTTTGCAAAGGCTTTTAATCTAAAAATTATTACTATTGAAGATCTTATAAAATATAGGTTGAAGAAAGATAGGACTATAGAAAGAGTTGCAAGTGCTACTTTACCTACCGCTTATGGACTCTTTAAAGTACACGCTTATAGAAATAAATTAAACGGCGAGGAGCAAGTGGCTCTTACAATGGGAGAATGGAAAGAGGACGAACCAGTTTTGGTGAGGGTGCATTCTGAATGTCTTACCGGTGATGTGTTTAGATCTTTAAGATGCGATTGCAGGTCTCAGCTTGAAGCTGCTCTTGAAGCTATAGCGAAAGCGGGAAAAGGTGTTTTGGTGTATCTAAAGGGTCACGAGGGAAGAGGCATTGGTATAGCCAACAAAATAAAGGCTTACGCTTTGCAAGAACAGGGTTATGATACGGTAGAAGCCAACGAAAAGATAGGCTTTCCAGCGGATTTGAGAGAATACGGAACAGGCGTCCAGATACTTCTTGATTTGGGCATTAGAAAGATAAAACTTTTAACCAACAATCCACGTAAGATAG
CP001130.1_gap31	1256826	1260906	4080	TGGTTTTCCCTGGTATCCGGTAGGGACTTTAATAGTGCATGTACCTATTTTAAAGTACGCTTTGGCGTTTTTTGGTGTATATGGAGTGGGTCTTTTCTTGCTTTATTTTCTTGTTAGTCTTAAAAGCAAGAAACAATTTGTTTTTTCTATTGCTCTTACGATATTTTTAGCTATAATTTGTTATAATTACAAATACTATGTTTATAACTTTTACAAAGATAAACCCTCTATAAAAGTAGCTACGATACAACCAAACATAGACGAGAACATAAAGCTAAATTATTATCAATTTGAGAAAGAGTCACTAGTTTACTTTCCTTTGATAAAAAAAGCTATATCAGAAAAAGCAGATCTTATAGTGCTTCCAGAATCTGCTTTTCCATTTTTGTACTCAGATTACAAAGATCCTGTAAGAGAGTTATTTATGTATTATACTTATTACAAACCTTTTGTGGTGGGACTTGTGGATATAAAATACAAAGGCAATAAGATACTTCCCACCAACAACGCCTACTCTTTTTATAAGGGTAACATGATAGATTACTATTCTAAAATAAAACTTCTTCCCTTTGGTGAGTATATGCCTTATCCTTTTAAGTTTGCTAAAAAGCTTTTCGCTGCCATAAACGGTATAGATTTTGTACCTGGTAAAAGCATGAAACCTATAAATGTAATTGTTAATGGACACATCTATAAGGTAGCAACACCCATATGCTTTGAATTGGATTTTTCTTCTTATGTAAGAAAATTATCTTTGCACAGCGATTTTATAATAAATCTTACAAACGACGCTTGGTTTGGCCCTACTTTAGAACCTTATGAGCACAACGATCAAGCTGTTGCAAGGGCAATTGAAAACGGAGAATATCTTATAAGGTCCAACAACTCTGGTATATCTGCAATAATATCTCCTCTTGGTGATGAAAAGACGCTTTCTTATGGGAAAAAAGGTGCTCTTGTTGGTTATATAAAACCCTACAAACTGAAAACACCCTTTGATATGTTTAGTTATAAACCGCTTGTTTTTGTAATACTTGGTGTAAATATATTTTATCTTTACAAGTTTGGAGCTTTTAAAAAGAGACACCAAAAAATCTATGATAAAAATCTATGATTATCAAGTCATAAAAATTAATTTTAAACTAATACTTCTCATAAAATACCTTTAAAAAGTTTATATCTTTTTAAATTAAACGGAGGTAAGTATGGCAGTAAAAGAAATTTTGGAAAAAATTAAAACTCTTGATTTGAAAGATTTAAACATTCAAGAGCCTACAAGCATAGTCAAAGATTTAAAAGTGTCTGGAGATATTATAAATTTAAAGTTGGCTGTACCTGAATCTGTTAAAGAGCAGGTTAAAAATCGTTTTGAGAACCTTATAAAAGAAACAAATCAAAACCTAAAGCCAAACATAGAATTTGTGGAAGGTGAGCCGAAGAAAAATCCCTTTGAACAGCCTGTTTTTAGCAAAAGAAGTATAAAGGGTGTTAAAAGGATTATCCCTGTAGCAAGCGGTAAAGGTGGTGTTGGTAAATCTACGGTGGCAACGAACTTGGCTATAGCTTTAAGCAAGCTAGGCAAAAGTGTCGGGCTTTTAGATGCAGATATTTATGGTCCTTCTGTACCTACTATGCTTGGTACCAAGGGGGCAAGGCTAACCGCAAACGTGTTTAACAAAATAATACCCATAGAAAAATATGGCGTAAAGATGATATCTATGGGATTTTTGCTTCCTTCCGAAGACACCCCTGTAATATGGAGAGGTCCTATATTGATGCAGGCGTTAAATCAATTCTTGTTTGATGTAGATTGGGGACCGTTAGATTATCTTATACTTGATTTGCCTCCTGGAACTGGCGATGTCCAGCTTAGTCTTGCACAAAACACAGCTATAGACGGCGCTGTGGTGGTCACTACACCTCAGGATGTAGCTTTGGCGGATGTTAAAAAGGCGGTGTCTATGTTTAGAGAAGTAAATATACCTATACTTGGGGTTGTTGAAAATATGGCTTATTTTGTATGTCCAGAAACTGGGAAAGAGTACCGCATATTTGGAGAAAGCAAAGTGCCCCAATTTGTGCAAACTTACAATCTAAAGCTTTTAGGCTCAATACCTATAGAGCCAGATGTTACAAAGTACGCAGATGAAGGAATGCCCATAGTGGAAGCCTCACCGGAGTCTAGGACGGCTAAGGCTTTTATGGGAATAGCAAAAATAGTTGATTCTATATACCAAGGAGGTAAATAACATGTTTTTCAAGAAGGCAGGGGAAAAGACGGTTTACTTGGATCACATAGCTACTACCCCGGTGGCTCAGGAAGTTTTAGAGGCAATGTTACCTTATTTTAGAGAGATCTTTGGAAATCCAACCTCTTTACACAGCTTTGGTCAGCAGGCTAAGAAAGCCATAAACCACGCAAGAGAGCAGATAGCTTATTTTATAAATGCTAAAAGCCCTGAAGAAATAGTTTTTACATCTGGTGGCATAGAGGCCAACAACTTAGCTATAAAAGGGATAGCAAAATCTTATGAAAAAAAGGGCAGACACATTATCACCACGCCGATAGAGCATCATTCTATACTTCATCCTTGCAAAAATTTAGAGAAAGAAGGTTTTGAAGTTACATATCTTGAAGTGGATAAGTATGGATTTGTAAACCCAGAGCAGTTAGAAGAGGCTATAAGGCCAGATACCATATTAATTTCTATAGGGCATTCAAATAGAGAAATAGGTACTATTCAGGATATGAAAAATCTTGTTTCTATCGCAAAAGCTAAAAACCCTAAGGTTATATTTCATAGCGATATAGCTCCTTCTTGCGGTCATACTCCTATTGATGTGCAGGAGCTTGGTATAGATGCAGCCTCTTTTACAGCCCATCTTATGTACGGACCAAAAGGTGTTGGTGCTCTTTGGACTAAAAAAGGCATTAAGGTAAAACCCCTTATAGAAGGAGGTGTTCAAGAGCGTGGTGTTAGAGCTGGTACTGAAAACGTGCCTGGTATAGTGGGCTTTGGAGCAGCCGCAGAGCTTGCTATGAAAGAGATGGACGATAGGGTAAAACGCCTTTCTTCCTACAGAGATAAAGTGAGAAAAGCCCTTGAAGAAAATCTTGATATGATAGAGTTTACTGGACACCCAACCCAAAGACTTCCTCATCATCTTTCCGTTATAGTTCATCTTATAGAAGGTGAGGCTATGCTTCTTAGATTGGACCTACAAGGTATAGAAACAGCTTCAGGCTCTGCCTGTGTGTCTACAGCTTTAAAACAATCCCACGTTATAGCAGCTATAGGTATACCAAAAGAAGTGTCAAACGGTTCTTTGGTGTTTAGTTTTGGAAGAGATAGTACCAATGAAGATATAGACTATGTGGCGAGAGAGTTTCCTAAAGTCATCAAAAAGTTAAGGGAAATATCCCCTTTCAACAGGTCAAACTGGGATAACTACGTAAAGTCTAAAAAATAATCTTATCTTACAATCTTGTCTATGGGGCCTTCGCTGCCCCGTTTAAAAAATATTTTTCAATGTCTTTATGATACTGATTAAGTATAAATTTTATTTATAGTGCTATAATATATAATTAAGAGTGGTTGGATGATAGATATTGTTAAGCTTAAAACGTTTATAACTGTAGCGGATCTTGGAAGTTTCTCAAAATCTTCAGATGTGCTTTACGTCACTCAGCCAGCTATAACCCAACAGATAAAATCTTTGGAAAAAACCATTGGTTGCAAGCTTTTAAGAAGACAAGGTGGTAAAATAGTTTTAACAGAAGAAGGAGAGAGGCTTTACCAAAAAGCGAAACTTCTTTTAGAAAGCTACGACAATCTCGTAAAAGAGATGTCTCAGTTAAAAAAAGATATAAAAGACACGCTTTATATAGGTTCTAGCCCTACCTTTGGTGAATACAAGCTCCCAAAACTTATAGTGGATTTTCAGAAGCTTTATCCGGGTATCACCGTAAAGCTCTACGTAGATACCTCTAAAAAGATAGAAGATAGTATAGTAAATGGACTAATAAACGTAGGTGTAGTGGATAAAGAAGCCGATTCTAAAATAAACAGCGTTGAACTT
CP001130.1_gap32	1269838	1271754	1916	TTTTGATATATCCTCTTTTTCTAAAAATCTAAAAAGATTTTCTATAAATTCTTCTTCTGTGTCAGAGATGTTGCTAAGACTATCTATCTCTTTTAAGATTTCTAAAAATTTTTTAGCCCTTTCTTCTTTCGTAACATCATATACGATGGACAAAAGGTATATTTTACCACCCAGATAAACAGGGGATGAGTAAACTTCCACATCTCTTATCTCTCCAGATTTTAATCTGTGCTTAAACTTAAAGAAGTTTAGCTCTTTGTTTTTGGCTTTTGATATGAGTTCTTTCATTTCTTTTTCGCCTAAAGTGTTTATATCCCAACTTTTCAAAGTAGTTATTTCTTCTTTTGTGTATCCATAAAAATCAAGAGCGGCCTGATTGGCGTTTGCTATGCTGTAGGTATCTGGATCTACCAAAAGCATGGGTATACTGTGTCCTTCAAAAAATGTCTTGTAAAATTCATTTTGATCTTTTAGAGTATAGATAGCTATAGCAGTTACTATTAAGATATTTAGATATCTCATACGCCAGTATATACCGTATAGATTTTCTGTGTCTTTTTCTTTTATAAGCTTATAAAAGTATTGAGCGGCATAATGAAGCCTCTCGTGTGCTTTATGAACATTCTCTTTAACATCTTTTGGCATTGCTGAGTTTTCTATTTCCTTGTAGACTGGGCAAGATTTTGCATCCATCGTTATGGAAGGTGTTTCGTTTAATTCAAGATAATCTTTTGTTATAGCGGCTTTAAATTGTGCGCTTGGTTTTAAAAGCTCTGGTAATATATCCTCAGCATACAAAGTAGATTCCAACGTTTCTGAATCTTCTATACACCTTATACCGTAAGCTCTTGATATATTTTTTTCAAGAATTTTAAAGAAAGAGTATATCTTGTCGTAAGCTTCCTCTGTAAATTCGTGGCTCTTGAAGTATTCTTTTATAAAGCTATTTTTTATATTCTCTATATTGTGTTTTATATAGTTTATATGAGTTTTATCATAGGCTTCATACCCTATCTTCTTTATGGTTTCTTCATCTATAATCCCTGTATCTAGGTAATCATCTATCAATTTTTTTATGCTTTCTTTGTATACGCAATCAGAAGTTTCCATAGTTGTATAATTATATCAAAAAAAAAAAAAAAAAACGATTTTGGAAATATTTTAAATTAAGCTTAGGTTATAGCTTTAAAAACTTTTCAACGTTATCAACCACAAGCTTTGTTTTAGCGTCGTATTTTTTGAAAGCCTCCAACTGTTTTTCATTAATATTGGTGTTATATTTTACCTCTATTAGGGTTTTGTCCTCTGTTAGAAAATCTATCTCAACGTTGTTTTCATAAACATAGCAAGGTTTTTTTGATTTTATTTTTAAAAATACAAGATTTTCAAATATTGCCCCTTTATCTTTGAAACCTGTAAATGCGTTTTTTATACCTACATCAGCCACGTAGATTTTCTTAGGGGATTTTATTCTCTCGTTTAACTTACCGCATTTTTCTATCGGATATATTAAAAACGAGTCTTTAAAGTATTCAAAAAACCTTCTTGCAGTATCTACGCTTATTCCAAGCACTTTGGATACCTTGTTTAAGCTAAGCTGCTTTCCAGATCTTTCCATAAGAAGATAGAAAAAATCTCTTAAAAGTGACGCTTCTTTTACGCTATGAAAACTCATGATATCTTTGTATATAATATCATCGGCAAGCTGTTTTATATATTCTATATCCTCTGTTATCACATATTGGGGTACCCCCCCTAATTCCATGTATTTTTCAAAGAATGTATAGGTAAGATGATGGTTTGCTTTGGTTATTTTTAAGTTTTTAAAAGCCAAAAACTCTTCAAAATCAAGAGGTAAAATCTCAATCAAGTTGCTTCTTCCAGTAAGGTAAGCGTTTTCGTCTTTTAGCATAGAA
CP001130.1_gap33	1283949	1284872	923	TGATTATAACATTCTATATACTTTTTTATCTTAAAAGCGTCGATACCCCTAAAACCTTCTTTGGTAAGATATTGCTTTCTATGGAGCTTTCTTTGGTGGCAATACTTAGCTCTATGCCAATGGTTTCAAAGCTTGGGCCTATATCTATATTAGCTGTTTTGGTGGTGCCATTTTTGCTTTTGGTTGTAGAATTATACCTTGTTTTTGGGTTTTTAAACATATTAACGGTTTTCTCTATACCTATATTTTATATACCTTTAAATAAAATAGCTTACTACTTTGGAGATTTTGTTTATAGCATTAATCTAATGCCTATTTATTTTAAAATACCTATTTACTATGGAGTGGTTTTTGATGGACTTTTGCTACTATCTATAGTTTTTATAAAAGATAGATTTTTAAAGATCTTTTCTATGATACTTCTTTTTGGTTTAGCTTACGCTATGTGGAGCTTATAAAATCTCACAAAAACTCTTTTAGCGTAGAGGTCAATATATCTAATCCTTCTTCTATCTCTTCTTTTGTAATAACAAGGGGAGGAAGCATCCTTAAAACGCTATTGGCGGTGCAGTTTATCACTAGTCCCCTTTTGTGAAGTTCTGTAGATATCTCCTTGCAATCTTTTTTTATATCAAGCCCAAGCATCAATCCTTTTCCCTTTAAAAGCCCAAAACCTTCTAAAGCATTTCTAAATATTGCCTCTTTTGAAGGTATATCTTTCATAAGATTTGGTAGCTCATCAAGGGTAATAGAGGCTGCCATACAAGAAAGGGCGTTTCCTCCAAAAGTAGCCCCGTGGGTACCCACTCCAAAAGATTCTGAAATCTCATCTTTTGCAATAACAGCTCCTATCGGAAGCCCAGAGCCAAGTCCTTTTGCCATTGTAACGATATCTGGTTTTATATCTGCATGCTGATATGAAA
CP001130.1_gap34	1288337	1289378	1041	ATGCAGCAGATTCTATGGCTGAGAGTTTTGTGGTGAGGACGCCGTTTTTAGCTAGTTCTTTTGCTCCAAGTGCTGTGGAGAGTGTGAAAGCTGCTGGCAAAGCCGCTGGTATGATAGGAAGAAGCATCACCACAAGAACAGGTAAAACATCGCCTAAATAAAAACCTTTTGATATGGAAAGACCTAACAATATTATTATGAGAAAGACCCCAAACAAAAATAAGTATTTTACCAACTCAAAAACCACTACTTCAAGTTGGGTTTTGGTTTTAGCCTCTTGTACTAGCTTTGCAGATTTTCCAAAAAACGTATGCTCTCCTACGTTTATCACCCTTCCTATAGCCTCTCCTCTTACCACAAAAGAACCCATATACGCTGTGTCCTTAGGTTTTAGGCTTTTAGGAAGAGATTCTCCTGTTATGCTTGATTGGTCTACTGATATTGCACCTTCTAAAATCTCTACATCAGCTGGTACTGCAAATCCACTTTGTAAAAGTACAATATCATCTATTGTAATATACTTTGCGTCTATCTCTTTCCAAGTGCCGTCTCTTAGTACTTTAGCTTTTATGCTTAGATGTTTTTTTAAAAGCTCCAAAGCGTTTTGAGCGCTTAGTTCATGCCAAAAGGATACTACCCCGTTAAATATTAGCAATACAAAGATAGCTATCGCATCAGGATACTTTTTTAGTAAAAACGTCAATATACCTGTAAATTCTAAAAGCCAAGGTATAGGACCCCAAAATTTTTTGAGAAACAAAACAAAAGCTGGTTCTCTTTTTTCTTTTATCTCGTTGAAGCCATACTTTCTTATATTTTCTTTGGCTTGATCTTCCGTTAAGCCTTTGTAACTTTCCACAAAGCTTATTTTAACATAACATTAGTTTATGTTTCATCCTCTTGCTCATCGTAATCTAAGACTTTATCGGATTCATCATTTGGATCGTAAACAAACATCCATATAAAATACACCACTATACCAATAAGCGTTATCACGCCTACTATCTCAGAAATTCCCATAAAAAATCTCCTTTGATATCA
CP001130.1_gap35	1316424	1319799	3375	CATCGTTTGTGGATTGTTCTGGGGTACCAAGCAGAGGTATCCAGCCGTCTTTGTGCACTGTTTTGTTTTTTGGTGGTTGCAATTTGCGATGTCCTTATTGCCACAACAAAGATATTGTGTTAAAAAATACAGAACCCCTTGATACTGACGAAGTTTTTGAGCTTTTAATATCTAGAAAACATCTAATAGAATGGGTATGTATATCTGGTGGAGAGCCTACCATATACGAGGACAAGCTTGTAGATTTTGTTAAAAACCTAAAAACAGCTGGTTTTAAAATAAAGCTGGATACAAATGGTACAAAACCGTTGGTGATAAAAGATGTGTGCGAGTTTGTGGATTATGTCGCCCTAGATGTAAAAACGATAAACTATAAGCTATGCAATAGCAGCGACGGTTTTTTTAAACTAATAGATACGTTGTGCTATTTATCAAGAATAGACAAACCATTTTTGTTGAGGACTACTCTTTATCCTCCTTTTGTGGGAGAATATTTCATAAGGTATATGCTTGATGTTTTTAAAAATCTTAACATAAAAAATATAGATTGGTTTTTTAATGCTTTTGATAACAAAAATGTTTTAGAAGAAAAAGCCAAAGCCTATGCATCTACCACAAGCGAATATATCAAAAATTTGCTAAAAGATATAGAGATACCGCAAGATATACATATTCACTTTTAATTTTTATAAAAGCCCAAAAAAGGGCTTTAGGTTGTTTGATTATACTGGTCTTGCGTTAAAACCATCATCTGGTGGTGGGTTTTGGTCGCCTGGCGGTGGGGTTTGGCCAGAAGAGTATAAGCTTGTAGCTATCTTGTTGGATATATCTGTTATCTTGCTGTAAGCTTCTTCTATAACATTCTTATCGGCGGAATTTAGTGCTTGTTTGCCTTTTGATATCTCAGTTTCCGCTTCTTGGGCAAGATCTTGAGGTATCTTGTCTTTATGTTCGTTTAAAAGCTTCTCAAGGTTGTAAATAAGTGAGTCTAATCTATTTCTTGCTTCTATAAGCTCCTTGTTCTTTCTATCTTCTTCAGCATGCATTTCCGCTTCTCTTACCATCTTTTCTATGTCTTCTTTGGAAAGTCCACCGGCGGCTTGGATTTTTATAGATTGTTCTTTGCCAGTAGCTTTGTCTTTGGCGGTCACATGAAGTATACCATCAACGTCTATATCAAAGCATACTTCTATTTGTGGTACTCCTCTTGGTGCTGGTGGTATACCTGTTAGAGTAAATCTTCCAAGGGATTTGTTGTCTTTGGCCATTGGTCTTTCACCTTGTAGCACATGTATCTCTACCTCTGTTTGATTGTCTGAGGCTGTGGTAAATACTTCGCATTTTTTGTAAGGTATTGGCGTATTTCTTGGAATAAGGGTTGTCATTACGCCACCCAACGTTTCAAGACCCAAAGAAAGGGGTGTTACGTCTACAAGCAATATGTCTTTTACTTCACCAGTTATAACACCAGCTTGTATAGCAGCACCAACCGCCACTACTTCATCTGGATTTACACCTTTGTGAGGCTCTTTGCCAAAGAATTCTTTTATCTTTTGTTGAACTAGAGGTATACGTGTAGAACCACCTACTAAGACTACTTCGTTTATATCTCTTGGAGTTAGCTTTGCATCTTCTAAGGCTCTTTTTACTATCTCCATAGTTCTATCTATGAGGTCTTTTATCATCTCTTCTAATCTCGCTCTGGTGAGTTTTTTCTGTAGGTGCATAGGTTGTTTGGTATCTGGGTCTATGGTTATAAATGGTAGGTTTATTTCCGTTTCCATCTTGAAAGAAAGCTCTTTTTTAGCTTGTTCTGAAGCTTCTTTTAGACGTTGGAGTGCTGTTTTATCGTTTTTAAGATCGATGTTGGTTTCTTTTTTAAACTCAGAGATAAGCCATTCCATTATACGCTCATCTATGTTAGCACCACCCAAATGCGTATCGCCGTTTGTGGCTTTTACCTCTATAACACCGTCTCCACCTTCTAGTATAGATACGTCAAAAGTACCACCACCAAAGTCATATACCAATATTTTTACATCTGCTTGTTTATCAAGTCCATAGGCCAGAGCTGCCGCTGTTGGTTCATTTAATATTCTTTGAACTTCTAAACCTGCTATAGCTCCGGCGTCTTTTGTAGCTTGACGTTGGCGTTCGTTAAAATAAGCTGGTACTGTTATAACCGCTTTTGTGATCTTTTCACCAAGGTAGGACTCGGCTGCTTCTTTTAGTTTTTTGAGCACTTGAGCCCCTATTTCTTCGGGTCTTACCTTTCTTCCTATGTTTGGTATGTCAAAAGCTGCATCTTGTTTGTCATCTGGTACCACCTTGTAAGATACCCTTTTCGCCTCATCTAAAACCTCGTCGTATTTTCTACCTATAAATCTTTTAGATTCGTATATAGTGTTTTCTGGGTCTAATACTGCTCTTCTTTTGGCTGGATCACCTACCAAAACTTCCTTTTCTTTTGTGTATGAAACTATTGAAGGAGTCAACCTAGCTCCTTCTTGGTTTGCTATAACCACCGGCTCACCACCTATCATTATAGCCACAACAGAGTTTGTAGTTCCAAGGTCTATACCTAATACTTTTTCTGCCATACGTTTTTACCTCCTGCTTTAATATACTATTATAATAAAACTTAAGTATAATTTTGTCAAGTTTTTTTAGTATGTTTATAATATGCTAAAAGCCAAATACTTTAAAACAGAAAGTAAATATTATCTTAAGTATTTGTTTTATCAGCTTTTTAGAAAAAAGTTATAATAAAAGTTATGCAAGAAAATTTCGATAAGGAAGAGATCAAAGGGCAGGAAAAAGCTAACCCAGATCTAAGCACTATATACGTTGGTAAAGATGCTATAAATGAATAATAATAAGATATTAAACGATATATTTAAATACAAAAATATAGCTCTATGGTTTTTTCTGGCTTTTGCATTTATATTTTTTAGCTTAGGTTTAAATTTGTTTTATATAAACAAATACAAAGAAAACACTATCAAAGAAGCAAAAGTTGACTTAAGAAATAATCTATATACGTTAAAAAATCACATAATCAATGAAAATAGATTAGAGTATTACTTTATGCAAAATATCAAGTATATAATAAATAAATTTGGTATCGATAAAGCTATACATATTATTCAGAGGAACTTTGACAGCAAGAATAGATTGTTTTTTGTAATAGATAAAAATCTCAATCCCATCGGACATAGATATACACCAAATGAAATATCCATATATCAAAAAGCGCTTTCTAATAAAAGAATAAAAAACGCCGTTTATAACTGTGTTTTATCTAATAAATACTGTTTTACGACAGCTTTCAATGTGGGCGAAGATTACTTCATATTTACCATCTTACCCATAAAC
CP001130.1_gap36	1409485	1413573	4088	AGACTGATGCCATCAAACATTGCAAATTTAGAATTTACAAATCTTACAGTACCAGCCAAAGCTTTTTGAGGATTGCCAGAGGCTGCTTTTTTCTTGTCTATGGCGATAAGCTCCATTTCTTTTGGAAACCCTGTAAGCCCATAGGACGCTTGATATATGTTGTATCCGTCGTAGCTATAGGGTTTATTTACCGCCAAAGACCCTTGGCTTACTATCTTGTTGTCTTTTATTATGTATATGTAGCTTTCATAGGATTTTACCGCAGAAGCAAACTCTGGAGATGATTTGCCGTAGGTTATTATCTTAAACCTTTTTTCATACACATAAAACGGAAGTTTGTAAACTTTGTTTGAAGCCAAATCTAAACTCATAAGCAAGTTTGATTTTTCACCTTCTGGGACCTGCATAATACCCCTTATACCAAAGTAAGAATCTATAAGTGTCCCTGCAAGAAGTATTATAAGCCCTATGTGTACTATGTAGACACCAAGCCTTGACCATTTTCCTTTTTCGGCATATATATATTTTTTATCTTTTTCTTCTTCATAAAAAACTCTAAAGCCCTCTGATTTCAAGAACTTTGCTATTTCTATTGGGTCTTTTTGAGATTTTACACTTATAGGTTTTAAATGTTTTTCTGCTTTTTCATCGAGTTTTAATATACGTTCGCTTCCAAAGGTATGTTTCCATACTGGTGGTAATCTTTTTATTGAGCAAAGTATTAGGTTTATACCAAAAAGATAAAGCAATATTCTATAATACCAAGAGTGAAATACGTTGTTTAAATGAAGAGTCATTATAAGATGGGCTTCATTTACTCCATATTTGGAAGCGTAAAAACTAAAGGGCTGTTCTTGTTCTACGTATGTAGAACCAAGCATAGAAAATATGGCTATTGCAATCATTAAAAAGAATGCAAGCTTTAAAGATGATAAAAGATCGTATATTACATCAAAAAGGCCTTTGCCAGATCGTAGTTCTTTTACAACCTCCACTAACTCATCGTAAAGGAGCTTTATTATTGAAAACCCAAAAACAAAAGATGTGATACCAAATATTGTATAGAAGACAGGACCTTTACTATGATCATAAAAAAGACCGTATACGGCTTCTGATAGCCATAACACCAAACTTATTGTAAGTATCGCTAGTGTGTTGGTGATATACTTTCTCATAGGCTCTCACTCAGCATTTTTATTACGTTTTGTTTTATATATTCTGTTATATTTGAGTCTAAAAGCTCAAAAAAAGGTTTTTTGGAGTCTTTGCAGGTAGGCATTTGTAAGAATACGCTGTTGTCTAGTTTGTTTTGTAATACTTTTATATACTTTAATCTAACAGCGTTTTCTAATTTTACATCTACGTATCCTAAGACTCTGTAATTTCTATAATCTACTTCAAAGCTATAAAACTTTTCGATATAAACGTTCATGCACTTACTTTTTCTTTTAGCATCTTCTGATACTTTTCAAGGGCAAGACGTTTTTTGATACCGCTTAATCTATCCAAAAATGTTATACCGTTAAGATGGTCAAACTCGTGTTGAAATACTATTGCCGGAAGTCCACTTAAGTTTAATATCACTTCTTCTTCGCACTCGTTTATGGCTTTTATAGTGATTTCTTTAGCTCTTATAACTTCTACTTGCAAACCCGGAAAAGAAAGACATCCTTCTTTAAACTTTATCTCACCTTCTTTTGCTAAAACCGTTGGATTTATAAGTACGTCTTTGAATTTCTCTTGGTCATCTTCTCTTGAAGTGGTATCTATAACCATTATACTAAGTGGTATATTTACCTGATTGGCAGCTAAGCCTATACCATCGTTTTTATACATGGTTTCTTTCATCTCTTTTATGATTTCTTTTATCTCGGCATCAATAGATTTAACTGGGTTTGTCTTGCGCTTTAAAATTTCATTGGGAAATGTAACAATCTCAAGCATCTAAATATTATATATCAATATCTTATATTTTTATCTGATATAAGATATCATTATGCAATATATAATATGATATAGATTTTATATCAAAGATGATATCATCGTAATTTTACCAAGCACTAAGAATATCCCCATTAGTACCAGGAGTATACCGCCTACAACTTCCACCAGTTCGAAAGCTCTTTTAAAGCGCTTTAAAAATCCTATGAAAGCCCCAAACAAAGCCCCAGATGCGATGAAAGGCACTCCAAGCCCCATAGAGTATATAAAAAGAAGGTAAGCACCTTTGTAAAGGGTGCTTTCTTGTGAAGCGTAAAATAATATCGAACCAAGCACTGGTCCTATACAAGGAGTCCACCCGAAGGCAAAGCTAAGACCCACCGTAAAAGCAAAAACGTACTTTAAAAACCCTTTTCTTGTGTTCATGTTTATTTTTGAATCGTCTGTAAGCTTAAACTGTTGGTACAAAACGTTGTGAAGGTTTAGCATGTAAAGGGCGAAGACTATGCTTACCACCGCCGATAACTCTAAAAATGTTTTTAGGTTTATCATATGAAAAGCATAAAAACTAAACAAAAACCCTTCAAAAGCTCCAAGGTATTTAAGAAAATCTTTTTTGATCAAAACACCAGAAAAATGAAGCCCAAAAAACACTACAAAAGCCCCACCTATTTTACTGATATAAGAAGAGTAATCTCTAAAAAGCCCACCTATAAAAGATGCAGATAACCCCATTATACTGAACACTACGGTAAAACCAAGCACAAAAAATATAGACGCTATAAGTATATCAATATCAAAATTTTTATCTGCCCTTACACTGCTATTTCCAGAAAGATACGATAAGTAAGCTGGGACTATGGGCAACACGCAAGGAGACAAAAAACTTATAACACCTGCTAAAAAAGCTGCTAAAACAGATACATTTTCCATATTATTAATTTATCATATAATAGCTCTCTTTTTTAAGCTTTTAAAAATAGAGATAAAAAATGGTTCTCTCAAAAGAAAAAGAGACATCAAATACACCAAAGCACCAGCTGGTATGAATATGGCTATCTTTAGCCAAGGATAAGGTACAAACCTTTTAAAATATAGTATGAAAACACACATAAACAAAGCCCCAACAAGAGCTTTTAAACAAGAGCTTGTTAGCATTTTTAAATCTATAAATTCACCTTTTGAACGCCACATTAAAAATAAAAACGAACTAAGGCCAGATAACACAGTACCCATAGCAAGCCCTATAAAAGAAAAATGCAGTAAAAAAGCAAACGTATAACCAGATATACCTTCTACTAAAACGCCTATAAGCGTAGATAGGCTTGGAGACATCGTATCTTTGTTGGCAAAAAAAGCGCTTGAAAGTATCTTTTGCCAAGAGAAAAATGTAATACCAAGAGATAATATAGCAAGCACATGAGCGGTGTTTAAAGCGTCTTTTTCATTAAAAAGCCCATGATGATAAAGCGTATTTATTATATCCTTTGATAATACGAAAAGCCCAAAAGAGGCTGGTATCGTAAGAAGGCTTATCACAGCTATGGCTTCTGATGTTCTTTTGGTTTTATCCTCACCTACACTTAAAGATGATAAAAGAGCATTGGCAAGTCCTACTGACATAAGTCCTATAGGAAGTTGAAAAAGTCTGTTGGCATAATACATGTAAGATATTACCCCTTTTCCAAGCATAGAAGCCAAAAACGTATCCACAAAAAAAGAAAGCTGTGCTACCCCAAACCCCAGCAATGCAGGTATTAGTCTTTTAAAAAACGTTTTTATATGATCATTCCATTCAAAACAAAAGCTTAGTTTTATATCAAGTTTTAGAGCTTTTGAAAATAAAAATACCACTTGGGATACTCCTCCCACCAAAGCACCTATTATGGCTGAAAATATGCCAATTTTATCTTGAAGAATTATGATGAAAAATATCATACTAATATTAAATATCGCTTGAGTAAAAGCGCTTCTAAAAAATATACCTTTTACATTCAAAGCACCCATCAAAAGGGCGTTTATGCTAAAAAACATCTGATTTACTATCAAAAACCTTATAAACAAAGAGGCCTTTTCTAAAGCCAATGGATTTGTGATACCTGGGGCTATTATCTTTACCACATAAGGAGCAAAAAGTATAACAAAGG
CP001130.1_gap37	1418175	1420015	1840	GCCAAGCAAAAGCTTGAAGAACTAAAAACCCTCAAAAACGCCTTCTTAGGGGACAAAGAAAGTCTAAAAGAAGTAGAGGCTTCAGCCAAACTTTTTGAAGGAAGCTTTGGTAAAAATCAAGTTGTGATAGATCGTATAAAAGCTCTAAAAGATAGTGATTTTCAAAGAGAACTTCCTTACAAAGAGCGTATAAAACTCCAGCAAAGCATACTAAACTTGCCTATTTTCCCCACCACCACCATAGGGTCTTTCCCTCAAACCGAAGAGGTGCGTAAAACCAGAAGCGCTTTTAGATCTGGCAAAATTTCAAAGCAAGAGTATGAGGCTTTTATTAAAAGCCAGATAGACAACGTCATAGCCTTCCAAGAGGAAATAGGGCTTGATGTACTTGTGCATGGGGAGTTTGAGCGTACAGATATGGTGGAGTTTTTTGCCGAAAAGCTAAAAGGTGTTGCCACCACAGAGCACGGCTGGATCATCTCTTACGGTTCAAGAGGCTATAGACCACCAATTATATACGGCGATGTTTACAGAGATGAGCCGATGACCCTAAATGAAATACTCTATGCTCAGTCAAAAACCCAAAAACCTGTAAAAGGCATGCTAACAGGCCCTGTTACTATACTAAATTGGAGCTTTTATAGAGAGGATATACCAAAAAAAGAGGTGGCTTATCAGATAGCCTTAGCTATATTAGACGAGGTAAAAGATTTAGAAAAAAGCGGTATAAAGATAATCCAAATAGACGAACCGGCTTTTAGAGAAGGTACACCCATAAAGAAAAAAGACTGGGAAGATTATTTTGATTGGGCTATAAAATCTTTTAGACTGAGCTCAAAAGCAAACCCAAAAACCCAAATACACACTCATATGTGCTACTCAGAGTTTAACGATATCATAGACAAAATATACGATATGGATTTTGATGTGATATCCATAGAGGCTTCAAGAAGTAAAGGTGAGATTTTAGAGGCTTTTGAGAGATTTGGAAAGTGGGATAGGCAAATAGGTATAGGTGTGTACGATATTCACTCGCCGACTATTCCAAGCGTAGAAGAGATGGAAATTGTGATGAAAAGAGCTATGAAGGTTTTAGATAAATCCCTTTTATGGGTAAACCCTGATTGCGGTCTTAAAACCAGAAGATGGGAAGAGGTAAAACCAGCCTTAAAAAATATGATGGAAATGGCTTTAAAGCTAAGAAAAGAGGCCTAGATTTTATCTGATGTCAAAAACTGCGGTAGTGCTTTTAAATATGGGCGGACCAGATTCCATGTCCGCCATTCGCCCTTTTTTGTACAATTTATTTTCCGATCACGATATAGTACAAATCCCAAGATCCATTCAAAAACCAGTGGCTTTTTTAATATCTACATTTAGAGCCAAAAAAACAGAGTATTATTATAAAATTATGGGCGGTAAATCCCCTCAGAAAGAGCAAACCATACTCCAAAAAAACGCCCTTCAACAAGCTTTAGGTCAAGATTATATCGTTGAAATAGCGATGAGATATTGGCATCCTTTTACCGCTGAGGCTATATCAAACTTAGAAAAGGTAAAACCTTCAAAGATAGTGCTTTTACCCCTTTATCCACATTATAGTTCTACCACCACAGGCTCTTCTTTTAAAGAGTTTTATAGGCTTTTTAAAAAATCAAGTTTAAAAGATACACCTGTAAAAGAGATAAGAGATTATCACGATCATCCGCTTTTTATAAAAGCCTGGACAGAAAATATTAAAAACAGCGGTATAGACGATGAATATTTTATACTCTTTTCAGCCCATAGCCTGCCTCAAAAGATAATAGACAAAAAAGATCCTTACAAAGATCAGATAGAA
CP001130.1_gap38	1425577	1430121	4544	AGTAAGCTTGTAACTTCTTCCATGCCAGGTAGTATGGCGAGTTCTTCAGATAAAACACCGTCAAGCCCTGTGGTGTTAAAAAGAAGCTCTAAAAATCTATAGACATCTCCCCAATATCTATCTATTTCTTCTTGAATATCTATCTCTTGAATATAAAGATTTTCATTTATCTGAATTGGAAGACCTTTAACGGCGTATTTTTGCTCATCTGGTATATCGAAAGAATCCCCTAAGCTGTGGGCTGGGTCTAAAGAAACCACAATCGTCTTGTAGCCCATCTTGGAAAGCTTATAACCAGTGGCTGCTGATACCGTAGTTTTACCTACACCGCCTTTTCCAGAAAAAAGTATTATTCGCATATACAAAATTTAATATATAGACATTAAAAATCAACCTTTTAAAGGTTTATCTCAGTAAAATCCCTTATACAGTCTTTTTCTTCGCAGGGTCTATCCCTTGATACTAAAATAGCGTTCATGCCTGCTTCTTTTGACGCGTTTATTTCTTCTTTAACATCGGATAAAAATAAAAACATTTGTGGATCTATTTCGGTAGCTGAAGCTATCTTTATATAAGAGTTTTTATCTTTTTTAGAACCCATTGTTGTATCAAAAAATCCGTCAAAAAAGTTTGTTATATCCCCGTATACTGAATATCCAAAAAATAGTTTTTGGGCTTTTATAGACCCAGAAGAATAAGCAAAAATTTTGTATCCTTTTTCTTTTAACTCTTTTAGTTTGATATAAGCATCTTCGTATATATGGCCTTTTAGCTCACCACTTTTAAACCCCTCTTCCCATATATGCCCTTGTAGCTCTTTTAAAAGTGTATCTTTTATATCTTTTTCAATAAAATCTTTGAAAACTAAAACGGCTGTTTGTAAATCTATGTTTTTTTCAAGCTTTTGAGATAAGGATTTTACAATATTTTTTACGTGTTCTTCTTCCCAGTGTGTTTGTAAATAGTCTTTTAAGCGTTTTTTTGAGTATCCAAACATCACATCTTTTACGTAGTTTATAGAAGATGTGGTGCCCTCAATATCTGTAAGAATAGCTTTTATCATAGAGAGGCTATGTCATCATGGCTTGGAATCTTTAAAGATATATCAGAGCCTGTAAAATCTGCTACCCAACCCTCAGGTATCAAGAAAAATCTTATAGCTTTGAAAAAAGGCTTTGAACCCATATCAAACCAATGTTTTGTATAAGCTGGTACACTTATAAAGTCCCCTTTTTCACAAAAAGCCACATAAACTTTATCATCTATATGAAGATAAAAAGTACCTGACCCATCTACAAAAAACCTCACTTCAAAATCAGAGTGCGTATGTTCTTTTAAAAACACGTTTCTTAACTCATCTTTTTTAGGATTTTCTGGTATTAGGCTTACTACATCCAAAGATTTAAACCCAAACTCTTTTATTATTCTATTTATATCCTCTTCATAAGCTTTTATTACCTCTTTTTGACCAGCATCCCAGGAAAGTTCATTGTCGGCTTTCCACCTTTCAAACCTTACACCCAATGCTGCCAATCTCTTTGATACTGCCTCATATTCTTTTATAAGCTCTAAAACGCTACCTTCTTCATTGTAAATCACAAGATGACTCATAGGGCACCTCTTTGCAAATGCATACTTTTTAACTCGCAATCAAACAAAAAATCAAGGGCTTCAAGTTTTACGTAAGCATCCATTGTATCTTTACCCCAAGCGTAAATGCCGTGAGATTTTAATAAAAATCCATATTTTACTTCACCTTTTTCTATGGCTTTTTTTACAATATCTGATAGCTTCTTCATGTCTTGCATGTTGTCAAAAATGGGTATTTCCACAACAGTCTCGTGGGTATCTATTCCGTCAAAAGCTTTTAAAAGCTCATAATCTTTAAGTAAAACCTTGTCTTTTAATAACCTTGATATCAAAGTAGCGTTTATAGTATGAACATGGAAAACTGCGTTTATATCAGGAAAATTTTTATATACTACAATATGAAGGAGCGTTTCAGCCGAAGGTTTTTTCTTGCCATCTATGGTTTTGCCTTCGTAATCCACAATGACAAAATCTTTCTCGTTTATATATCCTTTGTGAGTTCCAGAGGCTGTAATACATATTTTCTTATCGTCAATTCTAAATGACAAATTACCGGCGGTAGCTGGAAGCCATCCTCTTGTGTGAAACTCCTTTGCAATCTTTATAACATCAGCTACTTTTTCTTCCATAATTAAAAGTTATAGTATATTCTTTGTTTTAGGGATTGTCAAGTGAGTGCATAAATATCTTGCAAAAAATCAAAAATTTATTATATTTATTTTTAAGGAGGATGAAATATGGCAAATGTAAATGCTAATGTAAATGTTATTGGTGCTTATAACGCTTACGGTGCAAATCACCATAATAAGGTAAACGAGCAAGCTAACAATCAAAACACGGCTCAAAATACAGCTCAAACTGCAGCTATTAGCAAAAGCAATCAAGTTAAAAATCAAAATACTCAAGAACAGCAAAATAATCAGAACCTTCAAAATAACCCACAGCTTACAGCAACTGTATTGAACCTTTATAGATAAAGCTTAGTGGCGTATCTTGTTTGGGGAAAAGGAAGAAGCGGTTTAGCGGCTTTTAACCTTTTAAAAGCAAAAGGTTTTAAGGCTTATATAGGGGACGATAAAGAAGATAAAAATCTTTGGCAAGATGTCTGGAATGAGATAGACACAGTAGTTTTATCGCCTGGTATACCACCTTTTCATCCTCTTTGGAAAGAGGCTATAAAATCTTCAAAAGAAGTAATAGGAGAAACCGAATTAGCTTATAGATTTTACAAAGGTAAAAATATAATAGCAGTAACAGGTACCGATGGCAAATCTACCACTGTGCATCTTATACATCATTTCACCTCTTTTAAAGAAGGAGGTAACTTCGGCACACCTTTTAGCGAAATAGTCCTTGATAACGATAAAGAGAATGTAGCGCTAGAAGCATCTTCTTTTCAAGGGAAAACCTTGGATACGTTTAGACCAAACGTAGGTGTATTTTTAAACTTTTCGAAAGATCACCTTGATTGGCATCCAAGCTTAGAAGACTATCTTTTGTCAAAACAGAAGATATTTAAAAATCAAACACAAGAAGATATATTGATATTAAATGCCCAAAAACCAGTATGCGATACTCCTTCTTTAGCTAAAAAGATATTTTTTGGTGAAAATGGGGATTTGAAAGTTGTGGGAAGTGATGTATATTACAAAGATGAACTTTTGATAGAGAATATATCTCATCCTTCTTTAAAAGGTCTTCACAATCTTTATAATATTGCGGTTGCTAGTTTTGTGGCTTTTAGTATGGGTATAAGTTTAGAAGAGATAAAAAAGAACTTAGAAACCTTCGAAGCACTTCCTTTTAGATACCAATACTTAGGAAACTTTGAAGGTATCGATATATGCAACGATTCTAAATCCACAACGGTAAATGCCCTTATGAGCGCTTTAGAATCTACCAAAGCCCCTATTCTTCTTATAGCTGGTGGTATAGATAAAGGAGGGGATTTTTCTTCTATTGAGGCTTACAAAGATAAGATTAAAGCCGTATTTTTGTATGGAAAAGATAAAAATCTAATAAAAGATCAAATTGAGCATTTTTTAAAAGTGTATGTATTGGAGGATTTGGAAAGCGCTCTTCTAAAGGTCAAAGAGCAGGCAAGAAAAGGTGATACTATACTTTTTTCTCCAGCTTGCGCTTCTTTTGATATGTTTGAAAGTTATAAGCATAGAGGTGAGGTTTTTAACGAGCTTGTAAAAAAGCATTTTAATAGTTGAATTTTAATAGTTGATGTATGGAAGCTTTGGTACTTTTTTCATTTTCACCAATTTAAAGTGCATACCCCAAAGTTTTTTGAGGTAATGCCCTATCACAGGCATAGGTAAGAATATTGCTTTTTTATCGTTTCTATAAACAAGCCCGGCTCCTTTTGTGCCCATGTCCATAAGGCATATTATACTCATATGCTCTTTATAGCTTTTTGGTGCTCCTTTAGCTTTATCTTCTTTTAGAGCTATATTAAAAGCGCAAACTCTTGCCATTGCTTCGGCAAGATGTCCTTGTTTGGCTTTCCAATCTGGTCCTTCTAAAGCGGCGGAATCACCTATAGCGTATACATAATCAAAATCAATTACTTTTGTGGTATCGTCTATTTTTATAAACCCAGCTTCGTTTTGTGGTAAATCGGATTCTTTTATAGCTTTATGCCCATCAGTGGCTGGTATAAAGGCTATAACATCTGCTTCTATCTTTTCACCATCTTCTAACACTACGCCATCTTTTTGAAACTCTTTTATCTTCTTACCGGTTTTTATGTTTATATTTAGTTTTTTGAGCATATCCATGGCGCTGTTGTAAGCTTTTTCTCCAAGTCTAATACCTGGTTTATCCATCGGCGCAAAAAATGTTATTTCAAAGTTCTCTCTTAGATTTAGTTTTCTAAGGTAATCGTCTAAGTTTAATAAAAGCTCAAAAGCAGGTCCTCCTCTTACACCAGATGGGTCTTTTGGATT
CP001130.1_gap39	1441503	1442776	1273	TCATTCTCACCAAAACGTTTTTCTCGTAGGGCTCTATATGTATATCAGAAGCTCCTGTTTTTATGGCTTTTAATAAGATGTTGTTTACAAATATAATAGCGGGGCTTTCAAGCTCATCTTTTGCAATGTCTATAGTTTCAAACTCCAGCTTCACATCTTGATCTTCTAAAGTTTGATAGGACTGGGATAAGAAGTTGTTCCAATGTTCTAAGAACTCTTCTTCGTTTAAAACCGCAGTTTTTATCTTTTTGTCTAAATAAAAATATAAGATATTTTTTACAAAAGCCAAATCTTGATTGCTAGATACCTCTATCGTTAGAGTGTATTGGTCTTCTTTTATGGGCATAAACCTCAAGTGTTTGGCTAAATCTAACGTGCTATTTTCCACATAGCCTTGCATCTTAATCTGTTTGAAGCTCTATAACATCTGTGTCTTTTACTATTTCAAGTTGGCAGGTAAGCCTTCTATCCTCGTCGTATTCTCCTATACGCCACAAAGTATCTGATTCTTTTTCGGACACTTCGTTTAAAGCCTCAAGACCTCGCAATACCGTAGCTACACAAACTCCACACTGGCCATCGGTGCATCCAAATTCAACACCAGCCTTTTCTATAAGGTCATGAATATCTTGAAATTTTGTTCCTACGTCAAAGTTTCCTATAACCTTTTTATTTACGATAAGTTTCGCCATAATACATCTCCTTTCTAAATTTGTCCCATTTCTTTTGCTATTTCAACGAGTTTTTTTATGCGTTCCTCTGTGGGTGGATGGGTAGAGAAAAGCTGTCCTATGCTTCCCATTGGATTTTCTATAAATAATGCAGCTGTGCCTTGATTTACTTCTATAGGCACTCTTTCTACATAATCATGTATTTTCTTTAAGGCTTTTGCTAAAGAAAGTGGGCATCCGCATATATGAGCTCCCGTTGTATCTGCAGCAAACTCTCTTGATCTTGATATTGCAAACTGTATTATAGAAGCTATGATAGGAGTTATGATAATAAGAAGCAAAGCCACTATAGGGTTTGAATTTCTTTCTCTGTCTTGTCCTATGCCAAATATAAGACTAAATTGAAAAATATTTACAAGGGCGCTTATGGCACCAGCTATAGTGGCTGCTATTGTTGCTATAAGTATGTCTCTATTTTTTATATGAGAAAGCTCGTGAGCTAAAACGCCCATTATTTCATCTTCGTTCAAAAGCCTTAAAAGCCCCGTAGTAACTACCACAGCGCTATGATGTTCATCTCTTCCAGTAGCAAAGGCGTTTGG
CP001130.1_gap40	1559014	1559514	500	TTTAGCTTGTGAATCCAAGCTGATGCCGGGGCAAAGATATCTCTTCCATGAAACGTGTTTGATGTGGGTTTTAGTATATAAGGATGGTTTGATATATCAACGCAAGAGGGCTTTTCTTCAAACACCATATCAAATATGCCGTTCATAGGTCCTACAAAAAAATAATCTTTGTACTTGCAGGCTATTGGTGCTCTTGAGGAGCCAACCCCTGGGTCTACTACGCACATAAATACCGTTTCCTTGGGAAAGTACTTGTAAGAAGAGACCAAGTAAAAAGCACCTTTTAGTATGTTAAAAGGTTCTATGTTGTGTGTGATATCTATTATTTCAACATTTTTTTCAACAGAATAAATTATGGATTTTACAATACCTACATATGGGTCATCTGTTCCAAAATCAGTTAACAGCGCTATCATTCAATTAAGTATAGCATACTTTTTTAACATAATTTCTGTTTTATGCTTCATTTTGATAGCTTGATTTTGTTTTATTAATTTTTT
