gap_id	start	end	length	sequence
CP001097.1_gap1	90371	92360	1989	AGGTATTTCCAGGTTATTGCGATCGGTTTTCCTGCATGTGCGGAGATGACGGAAACCACCTCAGTCCAATCGGAAACGGGTTTGCCGTTAATGGCGGTTATGAGCGCGCCGGGCTTTATGCCGGCTTTTGCTGCCGGATCGTTCGCAAGAACATCGTCGATGACCGGAGGCATGAGCGGACGTATGCCGAGGGGCTTGTTTTCGTTGAGCAGCGAAAGAATGTTGGCCGGGGCTGCAAGCGTCAACCGTTTTTCATCGCGCAGTACCGTATAGTTCAGCGACGATGCGGTAAACGATGCCGGATCGAGAGCCTCTTCCCAGCTTGCAACCTCCTTGCCGTTGACGGCGGCAATCCGGTCGCCGGTCTGCATGCCCATTACGGCGAAGACCGACCCTTTCTCGATGTACGCGGGGTTGTTGACCGTCGTGCGCGATTCTCCGAACATGAGCGTGACGCCGGTAAAGATAGCCGCGGCGAGCACGATGTTCATCCCTACGCCGCCGGCGAGCACGATCAGGCGCTGCCAGACCGGTTTGGCCCTGAACTCCCAGGGTTCGGGTTCCGACGACTGGTAGGTGGTGTCAAGACTTTCGTCCACCATCCCCGCTATTTTTACATATCCTCCGAGCGGAAATACTCCGATACCGTATTCCGTTTCGCCGATTTTCTTTTTCCAGAGTCTCAGGTTGAAGAAATCGAATCCGATATAGAATTTATCGACCCGCATGCCGAAAAGCTTTGCGGTCAGAAAGTGGCCAAGTTCATGGACCGTGACCAGAATGAAAATGGCGACAATGAAAAAAAACGTTGTATTCAGGATATCCATGGTTATCAATCGTTTCGGTAAATAAAAATCCGCGCCCCGTATAACCCAGGGCGCAGGAATGGAGAGATGGTCAGAGTTTCTCTGAAGAAAAGGCTTATCCTATGATCTCTCTGGCCTTTTCGCGGGCCCAGCGGTCGGCCTGCAGGTATTCGTCGAGTTCAACCGGAGCATAGGCTTCGTGAGCCTGCATGGTTTTGTCGACGGTATCGGCGATGTCGGTAAAGCCGATTTTTTTATCGAGGAACGCCGCTACGGCGATTTCATTTGCGGCGTTCAGCACTGCCGGATAGGTACGGCCCGCTTTCAGGGCATCGAATGCCAGACGGAGGGCAGGGAACCGTTCCATATCGGGCTCTTCGAAGGTCAGCGTTCCGATTTTTGCCAGGTCGAGTTTGCCGATGCCGGTTCCGCACCGTTCCGGCCATGCAAGAGCGTAGGCTATCGGGGCCCGCATGTCGGGCACTCCCATCTGCGCCATCACGCAGCCGTCGATATACTCCACCATCGAGTGGATGATGCTCTGCGGGTGGACCACTACTCCGATTTTTTCCGCCGGCATATTGAAGAGCCAGTGGGCTTCGATAACCTCAAGACCTTTGTTCATGAGCGTTGCAGAATCGATGGTGATTTTTGCGCCCATCGTCCACTGCGGATGCTTGAGCGCCTGTTCAGGACCGGCAAGCTTCAGCTCTTCGGCAGGGGTTTTGCGGAACGGGCCGCCGGATGCGGTAAGGATGATTCGCTCGATGTCCTCGGTTCTGTGACCGGCAAGCGACTGGAAGATTGCCGAGTGTTCGCTGTCCACCGGCAGCAGCTGGACGTTGTGTTTCTTGACCAGATCGGAAACCAGCTGTCCTGCAACGACAAGGGTCTCCTTGTTGGCCAGGGCGATATGCTTGCCCGCTTTTATTGCGCTTACGGTGGGCACCAGCCCTGCGGCACCGACAATGGCCGAAACGACCATCTCGGCTCCTTCGGCGGCAGCTACGGTCGCAGCGCCTTCTATGCCATAGAAGATTTCCGGTTTATGCGTACCGAGGAGCTTGCGGAGTTGATCGGCTGAAGCCGCATCTCTTACCGAAACCACGTCCGGCCTGAATTCATTGATCTGCTCGTTAAGCAGTCCGACATCATGACCTTCCGCTAATCCGGTAATCGTAAA
CP001097.1_gap2	186163	190639	4476	TTGCCCATGAGTCCGATGACCGAAGCAATATTGACAATGGCGCCCGATCGCTGCTTCATCATGGTTCTGGTAACTGCTTTCGTGCAGGCGAAGGTCCCTTTCAGGTTTACCGTGAGAACGGCGTCCCAGTCCTCTTCACTCATTCTCATCAGCAGCCCGTCACGGGTAATGCCCGCGTTGTTGACAAGAATATCGATTCTTCCTGTCGCTTCAGCAATCTCGGAAAAAACGTTTTGTACGGCTTCAGTATTCGTGACGTCGAGTTCCCTGCACCAGACCTCACGGCCAAGTTTTCTGATTCCCTCTGCGGTTTCTTCAAGCCATTCTTCCTTGATGTCGCAAACGACCACTCCCGCTCCTTTTGCTGCAAGATCAAAGGCTATTGCCTGTCCGATCCCTCTTGCGGCACCGGTTACCACTGCGATTTTTCCTTCAAACATGGTTTATTCTTCTTCTGTTAATGGTTACAGTCCAGCTCTCTATTATGAGAACGTTCACATAATCTGCCGGATATCTTCCGCAGTGTCGATACCGCTGATCCTGACTGATTTGTCAATTCTCCTGATCAGTCCCTGAAGAACCTTCTGTGGGCCGATTTCGACGAAATCCGTTATGCCGTTTTGTATCATTGCCTCAATTGACTGTGTCCAGAGTACCGGGCTTGTAAGCTGCATGATCAGATTTTTTCGTATTTCGGCAGCAGCAGTAACAGGTTCGGCAACTGCATTCATGCAGACCGGTATTCGTGCATCCCTGATTTCAACGAGTTCCAGCGCTGCAGCAAGTTCCTGTTCCGCCGGTTTCATAAGCGGTGAGTGAAAGGCTCCCGACACAACGAGCTCCTTTGCCATTCTCGCCCCATGCGATGGAGCCAGCTCTAAGGCTTTTTTTATTGCACCGACTTCGCCGGAAATAACTACCTGACCCGGAGAATTGAAGTTCGCAGCCTGAACGACGCCTTCCGAAGCTGCTTCTGCCAGCAGGTTCGCTACAGCGCTGTCCTGCATACCGATCAGCGCTGCCATCGTTCCCGGATTCTGACTGCCGGCATGCTGCATCAGCTCTCCTCTTTTTGCAACGATATGGATGGCATCGCCGAAGCTGATGGCGCCGGCAAAGCAGAGCGCGCTGTATTCACCAAGACTGTGTCCCGCCGTCATGGCAACCCCTTCATTTCCGAGCAACGACGCAGCTGCAATGCTGTGCAGAAATACTGCCGGCTGGGTATACCTGGTCTGGCGGAGGTCATCTTCGCTGCCGGAAAACATGATGTCGGTAATTGAAAAGCCAAGAATTTCATCGGCTTTCCGCATCATCTCATGTGCGGCAGGGAAAGAGTCGAATATATCACGGCCCATTCCGCAATACTGGGAGCCCTGTCCCGGAAAAACAAATGCTTTCATGAATGCCCTGTTTCTATGGTAATGTGAGTATTACTGCCATTTGATATACATTCCGCCCCAGGTGTATCCGGCGCCGAAGCTCACCAGTACCAGATTGGAACCGGTTTCCAGCTTATGTGTTTCATCAAGTTCGGCAAGACAGATAGGGATGGTCCCTGCAGTTGTATTTCCGTAATGGGCTATGTTCGATATGACTTTTTCTCCGCTCAGGCCCATTCGTTCTGCAGTCGCATTGATGATGCGCTGATTCGCCTGATGCGGAACCAGCCAGGATATGCTGTCGGCATCGAGATTGTTTCGATGCATGATTTCCGCGGCCGTATCGGCCATTGCCGTTACGGCTGACTTGAATACCTGTTTTCCGTCCTGATAGATGTAGTGCATCCGTTTTTCGACGGTTTCATGCGTTGCGGGATGCAGGCTGCCCCCACCGGTCATCAGCAGATGATCTTTGCCGTTTGTTCCGTCGGAATAGAGGCGAGCATCGAGAATACCATATCCATCTCTGGCCGGTTCAAGAAGAACTCCGGCAGCTCCGTCACCGAAGAGTATGGAGGTGGAGCGGTCGGTATAATCGACGATCGAAGACATTTTATCTCCTCCGATCACCATAACGTTTTTATGAGCTCCCGATTCAATAAACTGCGCTGCGGTATTGAGTGCAAAAATAAATCCGGAACATGCTGCATTAAGGTCGAAAGCCCATGCCTTTGTCGCTCCGATTATGCTTTGCACAAAGCATGCTGTCGATGGAAACAGCATGTCAGGCGTCATGGTAGCTATAATAATAAGTTCGACCTCTTCGGCAGTGATGCCTCGTTTCGCAAGGAGCTGCTTTGCTACCTCGCCGCACATGAACGATGTCGCCTTGTCCGGGTCTTTCATGATACGCCGCTCACTGATACCGGTTCTCGAACGAATCCATTCATCGTTGGTTTCAAGCATCAGTTCGAGGTCATGATTACTCATGACTCCGTCTGGTAAATATTTGGCTGTCGCCGTTATTGCAGCTTTCATGCGTTCTATGCGGTTATTTCATGCGGAGTTGTTCTTGTTCTGCAGCATGTGCATGAACCATGCTGCACCAGGTCGTTTTATGGCGGAACTGTAATGCTTATGCTTCTGAAAGTACTTCTGCTATGTGGGTGTTGACCTTTTTTTCAATCATATGTTCGGCCATGAAGATCATGTTTTTGATGGCTCGGGACGAAGAACGGCCGTGTCCGACGATTGAGATGCCGTCAACGCCGAGGAATGGTACTCCTCCGAATTTTTCAACATCAAAAGGTTCAAACATGCTTTTAAAAACCTGGGCAGTCAGCATAGCGGCCTTTTCGTCAAGCTGGCCGGATGCGACCAGTTTCTGCAGTGCAGGTTTGAAGAGTGCCCCAAGGAATCCCGGAATACTTTCGCCAAACTTCAGAATGGTATTGCCTACAAGGCCGTCACAGACGACAATGCTGACATTTCCTTTCAGGATATCATGCCCTTCGATATTGCCGATGAAGCTGATTTTTCCTTTTCGGTCAGCATCCTGAAGCAGTTTATATGCCTGTTTCAGGACTTCAGAGCCCTTGCCCTCCTCTTCGCCGATATTGAGCAGTCCGACCACCGGTTCATCTATACCTGCTCCATAGCGCTGGTATATGGTAAGCATTTCGGCAAACTGCACCAGATGCTCCGGCTTGCAATCCATATTGGCTCCGACATCGACAATATTGGTCAGGCCTTCCTGCAATCTCGGAAAGTAAGCGTAAATCGTCGGGCGCAAGACTCCCGGCAGTCTGCCCAGTACGAACAGCGATGCGGCCATCTGCGCTCCGGTATTCCCGGCGCTTACATAGGCGTCGGCTTCTTCAGCCTTGCAGAGCTTCAGGCCTTTGACCAGTGACGACTCCTGCTTCGTTTTAACGGCAATGGCAGGGATGTCCTCCATTGTCACTACTTCAGGAGCGTGCATGAATCGAAGGTTTAACCCTTCTGTATCCTGAAGTGCAAGAAGGGGTTCAACTTTATCAGACTGGCCTATGAGTACAACAGAGAATCTGTTGTTGCTTTCTCGCAAAGCCTGAATGGTTCCCTCGATTACACAGGCAGGAGCATTGTCTCCGCCCATGGCATCAACAGCAATGGTCAGCATGAAGGGGTTATCCTGTTATAATTCGTTATCAGCTGTTAGCGGATTTGGTAACAACGGCTCTGCCGCGGTAATGTCCGCAATGGCGGCATGCGCGATGGGGAAGGGTCGGCTCGCCACAATTCGGGCAGACAACGGTTGTTGCCGCTTTCGTGCGGGCGTTGAACTGGGCGCGTCTTTTATCCCTTCTGGATTTCGACATTTTGGCTTTCGGATTTGCCATGATTGTCCTCTGATTTTATAATCGGTTAACGATACTTGTTTTTCAGCTTTTCAAGAGATTCCTGCCATAAACTTTTGTCTTCGGTCCAGGAGTCGTTCTTTTCTGACTCAATGCCGTAAATTCGGCAATTCGGGTTTCCGATGCAGGTAACCTTCATTGGCAGAGAGAGCAGCAGTGTTTCACGTACATCTTCCGTCAGATCGATGGATACCGTATTAAGATCGATCTGGCGGTGGTCATCATCCATGCTTTCCAGGTTCTTTTCTTCCGTACTGTATATATAATATACGCGATACTCGCCTCTGATTTCCCTTGCCAGGGGAACAAGACAAATATCACAGGTAAAATCGGCTACCGTTGCTGTCCGGATGGTGACCGTCAGTTCATTTTCGGTTTTTTCTGCGATAACCGTTACCGCAATATCGCGGGTAAATACGGTTTCAGCCAGAACATGACCTCTGAAATCTTTGGCCCTGCAGGAAAAATCAAACGTATGGGTTCCCTGCATAAGACCCGCTATCCGGATCTCTATCAATGGTTTTTCTTTATGCATATACCCCTCATTTCAGTAAAAGAACACCAATGTACAAAAATTATTATGGAAAATGAAAGCGGCATACCCCATCAAAGCGGAGAAAGATCAAAAAAAAGCAGGATTCAGTTTGGAAAAAATAAAATGGATCGTATATTTACAGCCCGTTCAGTGGAAAATT
CP001097.1_gap3	193176	197281	4105	CTTCACGACGGAGCACTTTCGATGTTTTGTCGGGATTTTCCGAGATATCACCCAGCAGAAGCGTTCTTAGCGGCTTGTAAAGGAAAATATCCGTATGAAAAACGATTTTATTTCCACGGTATCGCATGAACTGCGCACGCCGCTTTTTTCGATTCTCGGATTTACCGGCACACTTCTTCGGGAACAGGATGAACTCGAGCGTGAGACACGAATGGAGTTTATTTCGATCATCCACGATGAGAGCAAAAGGCTTTCCGCCCTGATCGAGGATGTGCTGATGATATCGAAAATCGATTCAGGCAGGGTCTCCTACAAAAAAAGCGAACTCGATCCGTCAATTACTGTTTCGGAGGTATGCCGGAGCCTGAAAATCAGGGCCGATGAAAAAAACATAGATCTGCGACTGAGGGTATGTGCGCCGATGGAGCATATTTTTGCCGATCAGGATTCCCTGAAACAGGTCGCCATCAACATTATCGGCAATGCGCTGAAATTCACCCCGCCGGGAGGTGTCGTTCAGGTAAGCCTTTTCTGCGAGGCGCAGACGATGTGCTTCAGTGTGGAGGATAATGGCCCGGGCATTCCCGCAGAGGAGGCTGAAAAAATATTCGAAAAATTCTTCAGGGTTGAACGTCCCGGAGAGGCTGTCGATGGAACGGGACTGGGGCTTTCCATCGTCAAGGAGATCGTTGCTGCTCATGATGGAACGGTCGAGGTAAAAAGTGTCCCGAACCAGAGTACGGTATTTATGGTTCGACTGCCGATATCAATGCAACCGTGCCGAAAGTAAACAAGAGCGTCCATGAAACCGCATACCATACTTGTCGTCGATGATTCCCCAAACATCAGGCGCCTTCTTGCCCATAACCTCGGAAGAAAGTTTACCGTTCTTACTGCCGGAGATGCGGCTGAAGCGCTCGATATCCTGACTCGGAGCGAAAAAACGGATCTGCTGGTTGTCGATATCGCAATGCCCGGCATGGACGGGTTCTCGCTTACAGCTCTCATCAAGAGCAATCCAGAGTATCGGAACATTCCTCTTGTCATGCTTACGGCGAAGGACTGCAGTGAAGACCGTGAAAAAGGGCTGAAGCTCGGAGCTGCCGATTACATGACAAAACCCTTCAATCTTGAGGAGTTTTCAGAAAAAATCGAGACCCTGCTCAAACGACACTGAGAAAGCCTGTTTGAAAAAACTTAAAACAGAGGCAGCACTCATGGCGTCGCTGCCTCTGTTTCTATGGCAATTATCTTGCGCTGCGTTCGTCGTAGGGTTCAAACAATGTTTTATCTACTCCGCATACCGGGCAAACCCAGTCATCAGGAATGTCTTCGAATGCGGTTCCTGGCTCAACTCCGCCGTCGAGATCGCCTACTTCAGGATCATAGACATAGCCGCAAGGCACGCATACCCATTTCTGCATATTATTATCTCCGTTTATGTTGGTAATCTGGTTGTGAAACGTGTTTTACAGGGCGGTAAGGCAACCTCATCCAGTTTCCGTGTACTGCCCTGCCGGAGAAATAACATTTCCGAAGCGGGAAAAAGTTCATACTTCACAGGATCAGAAAAAAGTTTTCAGGAAGAGCGTGTCGCCCAGAAACGTGAATGCGCTGTTTCGGGGCTTTGAAGATCGGTTTACGGCGCGTATCTTTTCATGTTATTTTTTCAAGCTTGTTTCTCAGGGCGGGGTGCAAGTCCCCACCGGCGGTATTCCGGGTACGTATCCGGAGAGCCCGCGAGCGCTTTCGCTGCAAGGCGGAAGGTCAGCAGATTTGGTGCAAAGCCAAAGCCGACGGTCATAGTCCGGACGAAAGAGAATGAGAACACCGCGATGGTGTTCCTGCGCCCTGATTCATGCAATTATTAACTCTTCAGCCATGAATCAGATGCTTCCCGAACAGTTACTCAATCAGTTAAATCTTGTGGAAAAAGCACTTGCCGCGCTTCGTAACGGGCAGGGAGTGCTTGTTGCCGATGATCCCGGACGCGAAAACGAAGCCGATCTTATTTTTCCCGCAGAATCGGTTACCATACCGCAAATGGCCTTGCTTATTCGTGAGTGCAGCGGTATCGTATGCCTCTGCATGACCGACGGGAAGATCCGCTCTCTTGAACTTCCCATGATGGTCGAAAACAATACAAGCGGCTTTCAGACCGCCTTTACCGTTTCCATCGAGGCCGCCGAAGGTGTTACGACCGGGGTTTCCGCCGCAGACCGGGTGAAAACCGTCAGAACCGCTGTTTCCGAAAATGCCAGGCCCTCTGATCTCCGCCATCCTGGACATATATTTCCCTTGAGGGCAAGGCCCGGGGGGGTGCTCGAACGTCCCGGTCATACCGAAGCTACGGTCGATCTCATGAGGCTTGCCGGCCTGAGTCCTGCGGGGGTGCTCTGCGAGCTGACCAACCCGGACGGTTCCATGGCAGGCATCGAAGAGACTTTTGCCTTTTCAGTTCAGCACGGGTTTCCGGTGCTCAGCATCGGGGATATTGTGGCTTACCGTAAGAGCTTGCTGCAGACGGGGTCTCAGGGTTTATCCGCGTGAGGGTTCGTTTAGCAGGATAATATCATGGTTACACCCATCCTCTCAGCTTCATGGCATCCGCTACCCGTTCAATGGCTAAGATGTATGCGCCGAGTCGGTTATGGACGTTATATCTGCGGGCGGTTTCGTTCATGTTCCGGAATGCGGTTTTCATCTTTTTTTCAAGCCGCCGGTGTACGTCTTCCTCGTCCCAGTAGTATCCGTAACTGTTCTGAACCATTTCAAAATAGGAGACGGTGACACCTCCGGCATTGCAGAGCAAGTCGGGGATGACATGGATTCCTTTGCTGCAGAGGATGTTGTCGGCTTCGGGAGTGGTCGGCCCGTTGGCGAGTTCAGCAATAATCATCGCCTTGATGTTTCCGGCGTTCGAGCCGGTTATCACCGATTCCAGAGCAGCGGGGAAGAGTACGGCAACGTCGAGTTCAAGCAGCTCATCATTCGATACAGGTAATGTGCCGGGAAAGCCCGTAACCGAACCGGTGGTTTGTTTGTGAGCCTTCAGTTCAGCATGATCGAGGCCTTCCGGATTATAAATGCCGCCTTTTGAGTCCGATACGCAGACCACGTTCATTCCGAGCAGTTCTACGGCAAGGTTATGGGCGTAACTGCCGACATTGCCATATCCCTGAATTGCAGCTTTTTTTCCGGAAAGGGTCATCCCGATGAGTTCGGCGGCATCCCGTACGCAGTAGATCCCGCCTCGAGCAGTGGCGTCTCCTCTTCCGGCAGAGCCTCCAAGCGCAAGAGGTTTTCCGGTTACGACTCCGAATTCGTTGTTTCCCTGCATGAACGAATATTCATCGGCCATCCATGCCATAATCTGAGGATTTGTGTACATGTCCGGAGCGGGAACGTCTTTTTCAAGGCCGAGCATGCGTCCGACCTGGCGGATATAGGCGCGCGAGAGGCGTTCGAGCTCGTCGTTTGACATGGATTTCGTGTCGCAGATCACTCCCCCCTTTCCTCCGCCAAGCGGAAGATCCATCACGGCCGTTTTCCAGGTCATCCATGCGGCAAGGGCTCTCACCGTATCGATGCTTTCATCCGGGTGAAAGCGGACGCCGCCTTTATTCGGTCCGCGTGCGTCATTATACTGCACCCGGAAACCATGGAATATTTTTGTGCAGCCGTTATCCATTTTTATCGGGATGGTTACATGGAGTTCCCTGAGAGGCCATCGGAGCATCTCATGGGCCGCAGGATCGAGCTGTATGATGCCGGCAGCTTCGTCAAGTTGTTTCCTGGCAATCCGGAAAGGGTTCCGGTCAGGGACGGCTTCTGTTTGAATGATTGTATCAGAAGGGGTGCATTGAGAAAAATGGTTTCTTTCACTCATGAATTGTGTGTTTGAGCTGAATGATGCGGCAACAGGTGGAGTGAAGGGCTTTTTCTTATGCGAAGCAGCCATTCCCATTGCTGGAGAAGAATTATAATATCTAACAACAATAATGCCGTCCGATTTTTTCAAAGCTCACTGTCTGCGGGTGAGCGTTTCTGATCAGCTTCAGGACTCGAAGAAAATCACTGTTCCGAAACCGACAACGTTCATTTT
CP001097.1_gap4	201160	203501	2341	TGCATGGATCGCTTCGATGATGTACGGTGTGCCTGTTGCCGATGCGAAGGCCTGGGATTCGGTTGCCGGTCTTGCTCATCACTATACTTCGGGCATCTTCTATTATTTCTGGACAGAGACCGTAACGATCTTCTCGAGTTCTCACCTTTCGGTGATTCTCATGATCGGTCACCTGATCTGGTTCATCAGCTTCGCCGTGTGGTTTGAAGATCGCGGATCGCGTCTTGAAGGTGCAGATATTCAGACCCGTACCATCCGCTGGTTCGGCAAGAAGTTCCTGAACAGAGACGTTACGTTCCGTTTCCCTGTGCTGACGATTTCCGATTCAAAGCTGGCCGGTACCTTCCTCTATTTCGGCGGTACCTTTATGCTGGTCTTCCTGTTCATCGGTAACGGATTCTATCAGACTGATTCGCCACTGCCGCCACCGGTAGCAGAGGCTGCTGTTTCCGGACAGCAGATGCTGACTCAGGTTGTGGATTTCCTGATCAAGCTGGTAGCCTGAATGATTCATTCCGGGGGGGCGATGCCCCTCCGGATTTCTTTTGGCCTGTTAATACTTTTACCATTGTCAATTTAAGAGGAGGGTTTTTATGGCCGAGCCTGTTAAACAGCCAGATATATCTCCAAAGCCTGCCTCAAAAGCAGCTCCGGCAGCTCCGAAAGCATCTGTAGCTCCAAAAGCTGCGACGCCGGCAGCAAAGCAGGATCAGGCTAAACCAAAAGCTTCATCACCGAAGCCGTCATCGGGAAAGCTTCGACTTGAAGCCTTGAATGTCAATCTTGGAAGGACCGGTATCCGTCAGGAATCGGCACTTCCCGTAAAGAAAGCCGCTCCGAAGGCTGCGCCGAAACCTGCACCAGGAGCAAAACCTGCCGCTCCTGCCGCAAAAGCGGCACCAGCAGTCGGTGCGGCTCCTGCACCGAAGGGCGCTCCAGTAGCAAAAGCGGCTCCAAGAGCAAAAAAGCATTATTTCATTATTGAAAATCTCTGCGTCGGATGCGGTCTGTGCCTCGATAAATGTCCTCCAAAGGTGAATGCTATCGGGTACAAATTCTACGGAGATGTTCAGGAGGGAGGTTTCAGATGTTATGTCGATCAGGATGCCTGTATTTCCTGTTCGGCATGCTTCTCCGGTGACGAGTGCCCATCAGGTGCGCTTATAGAGGTACTCCCGGATGGTCAGATTCTGGATTTTTCTTATACACCTCCAGAGAGACTCGATTTTGATCTGAGGTTTCTTCATCGTTTTCACCGTGAAGCCCGATAGGAAACTCTCTGTTCTGCCTGATACCAAGAAAAGCATTGCCCCTTCGGGAGCAATGCTTTTTTTTTAGCATATACTTATGATGTTACTATCAATACACCTGCAAGCCCGAAAAAAGAAATGAACCCGCCGTTGCATAAAAGGACCCAATCTTCAGCGATAGTTCTTATACCTACCTACAATGAGTCCGAGAATATTGCCCGGGTTATCAGGACGGTTTTTTCGCTCTACCCTTCGGGAGTTGATATCCTCGTTATTGATGACAGCTCTCCTGACGGGACGGCACGAATCGTTAAACAGCTCATGCCCTCCTGTCCAGGGCTTAATCTGATAATGCGCATGAGCAAGCTGGGGCTGGGTACGGCATATCTTGCAGGATTTCATCACGCCCTGAAGCTGGGATATCGCTATATCATCGAGATGGATGCCGATCTGTCTCACGACCCTGCATCGCTCGGATCGTTGCTTGATGCCATGACGTCTGCTGATCTGGTTATCGGATCCCGATATATGAATAATACCGTCAACGTCGTGAACTGGCCGCTCGGTCGCCTGATTCTGTCAAAACTTGCAAGCGTCTATACAAGGGTGATTACCGGTATGCCTGTTTTTGATCCAACCAGCGGGTTCAAATGCTTTGATCGGAAGGTACTTGAATCTCTCGATCTTGACCGGATATACTCCGAAGGGTATTCTTTTCAGATCGAGATGAACTTCAGAGCCTGGAAAAAAGGATTTATCATTCGCGAGGTGCCTATCGTTTTTACTGACCGAACGGTCGGTAAATCAAAAATGACAAGAAAGAATATTCGGGAAGCGATCTGGATCGTCTGGCGGCTTAAAATCAAATCGATGACGGGAAAACTCTGACCTCATCCTTCCCCGGGACTTCTCATATCGCAGCGGAGTCCCGGGAAGCGTGAAGAGCGGTTACTGTTGTTTACTTTCGGCAATAACCTGCTGGGCTACATCCTGCGGAGCCTCTTCGTAATGACTGAAGCCATACGTGTATTTAGCCCTGCTTTGCGTAAGTCGAGTCAGCGAGTGGTGGAATGTAGCCAGTGAAGCCTGTG
CP001097.1_gap5	208737	211000	2263	CGGTATCCGCATCGAGAGCCCCGAAGAACTTGCTTTTCTTGAAAATCTGCTGGTCAAACTGGGCGATGCCGGACGATCGGTCACGGCAGCGACTTCCGACAGCGCCTTGCTTGCCGGAATAAGCCGAAACGTTATCAAGGCAAGGTTTGATATCCGGGAGGGAGAAGCTCTTGATGCAGAGTTACTTCTCAGGCAGCTCGAACCGGATGCTCCTGCGGTTCTGGAGTTTTGTTTTGTTCATCAACAGACCGGCGAAGGGGTTCCTGCACAGGTACTTGTGCGTCTTGCAGAGAAATTGCGTGAACGCGGTTTTGAGCGGATAATGTTTTCGATCAGTTCGTCCGCTACGGTTTTTGTCTATCGGCACCTTGTCAGGGAGTTCAACGAGAGGGGGTTCGATTATCCGATAGTCGTCCGTTTCAACGCTCATAACGGAGATACTCTGAAGACTCTTATCGATGCATCCGTTCAGGCAGGAACCCTGTTCTGCGATGGTATCGGCGATATACTCGCTCTTGAAACCGTTCTTCCGGCTTCTGCCGAAATCGATCTTGCCTTCAATATTCTGCAGGGGGCGCGCATCCGGATGTCCAAAACCGAGTTCATCTCCTGTCCCGGCTGCGGGAGAACCTATTTTGATCTCGAAAAGGCCGCCACAGCAATCAAGCAGAGGCTCCTGCACCTGAAGGGGCTGAAAATAGGCATAATGGGCTGTATAGTCAATGGGCCCGGTGAAATGGCCGATGCCGATTTCGGTTATGTCGGTTCCGGAAAAGGCAGGATAAGTCTTTATGTCGGAAAAGATCGCGTGGAAGATAATCTTCCGGAAGCCGAAGCGGTTGATCGCCTGATCGAACTGATCAGGGAGCGAGGCCGATGGGTAGATCCTGCGTAGGTATCCGGTACAGATGATGCAAGGATCCAGGGAACCCTTAGCAGTTGTCCTTATTACAGGCGCATCCATGGGAATCGGTCGGGCTCTCGCCTGTGCGTTTGCCGGCATGGGCCATCACCTTCTGCTCGTTGCCCGATCAGACGAGACGCTTGCCGAACTCGCAGAAACGCTTCATCGGAAGCATGGGGTTACGGTTTTCTGCTGTCCCGGGGATCTCGTCGCGCACGAAAGTGCGCAACGCATTTCCGATTATTGCCTTGAACACGTTCTTGCAGTCGAGGTACTGGTGAATTGTGCCGGTCTGTCGCGGGCATCGGATTTCAAAGACCTTGCTTTCGGCGAACTTGAAGGCATCATGGCCGTAAACATGTCTGCGGCAGTAAGGCTCACGCGTCTTTTTCTGCCGGGTATGGTTGAAAAAAAGAAAGGGACGATTATCAATATCGCATCGCTTGCCGGAACACAGGGTGTTCCGGGCCTTGCACTCTATTCGGCTACGAAATCTTTTTTAATAACACTGAGCGAGGCGCTTCATGTTGAACTGCAGGGAACCGGAGTAAAGGTCGTAGCCGTCTGTCCTGGTTTTGTCGATACCGGTTTTCTTGAAAAGGCAATGCACAACCGCAGAAAAATCCGGCTTCCTGTGTATGGATCAGATCTGGTGGTACAAGCGGTTCTTCGGGGTTATCGAAAAAACCGGATGCGGGTCTATCCTACTTTTCTTGACTATCTGCTCGTTTTTTTACAGCGCTTCACGCCTCGAATCCTTGTCGTTAAAATAACGGACTTCCTTGCGGCAGCAAGAGAGAGGCAATAAATTGTTTCTTTTTTTTCTTTGGATTTTTAAAAACGCGAGGTATATTACCTGCCCTGTTTTTTAGAAAGAGCTGCTGGTGTAGCTCAATTGGTAGAGCAGCTGATTTGTAATCAGCAGGTTGCGGGTTCGAGTCCCATCACCAGCTCTGATCATTACGGGTAGATAGCGAAGCGGTCAAACGCAACAGACTGTAAATCTGTCGACTTATGTCTTCGGAGGTTCGAATCCTCCTCTACCCACAGGTTGTTATATGTTTTTTCGATAGGCTGATGTAGCTCAGTCGGTAGAGCACTTCCTTGGTAAGGAAGAGGTCATCGGTTCAAGTCCGATCATCAGCTCGGATTTTATGCGGAGTTTGACAGACGTCAGTAGCTTAATTGGTAGAGCAGCGGTCTCCAAAACCGCAGGTTGGGGGTTCGATTCCCTCCTGACGTGCAGGTTATCAGAAATGTAATTCACGATTCTTATTGCGGGCTTAAGGTATGAATAAATATTTAGGCAAAGTCAGCCAGTATTATCGTGATGTCGTCAGTGAGATGCGCAAGGTTGCC
CP001097.1_gap6	234944	238167	3223	TGCAATGGCTGCGCAGACTGCAAGGTGCTCTGCAAGCCCGGCGTTTTCGAGCCGGGTCCGCCCGATCCCGAAGGGATCCACAGGCCCAAGTTCCTTGTGGCCCATCCCTACAAGTGCCTGGTACTTTGTGATCGATGCGTGCCCATCTGCACTTCCGGCGCGATAAAGCTCCCGCCGAAAGAAGATTTCGAGAAGTATGTGGAATATGTTGATTGATAGAATGAATACTAAACGGAGCGAGTCATGAGCGGTTCACCATCCCCCCTGAAGAAAAAGAAACGGCTGCTTGCTCCCCGCGAAGAGATCGCCTGGTTTCCCTCCATCGATGCGGAACTCTGCAACGGATGCGAAGCCTGCGCCGACCTCTGCAGGCCCGGCGTGTTCGCCCCCGGCCCTTCAGATCCGTCCGGGGTATGCAGGCCGAAAATGACCGTTGCCAACCCGTTCAACTGCATCGTGCTCTGTACCCGCTGCGAGCCCGTCTGTCCCTCCGGCGCGATCACCCTGCCCCGACCGGAAGATTTCGAGCGGTTCGTCGAATACGTCGATTGAGCGGCAGATCAGACTGGCGTGATTCTGTCGTCAATGTGGTTTCCATTGCAGCTGTTCACGTATCCAGCCGGATCTGGTGACATTTTTTCCTGATCAGCTCCTTGTAGGCCGCCTGATTTTCATGGTCAAGAAAACTCTTTTCTATCAACAGATCCCACAGAGGCAGAACATTTCTGAACTTCCTGAACATTCGTTCCTGAACCACCTCGTCAATCGTCAAGACGCCGAAAGCCGCTCTGAAATCGTTCAGCGTGATCTTTTTTTTCTTCCCGTCAAGCGTCAAGGCCAGGTCTTCCTTATCGGAAGGCATAACCAGTCCTGTCGAGACGAGATCATAGGCCGGGGCAAGGCTGTAGCCCCCTTTTGCTTCGATATCGATCAGTGAAAAATTTTTCAGATGCATATCCGCATTTCCGGAAAGAAAGCAGAACAGCACCACCTCAAAAAAATTGATGACATCGAGACCCGGATTTGCAGAGTAACGATGTATGGCTTTCGCTATCTGTTCATATGAACCGTGATATTTATTCTCCGTGAGACGTCCGGTGATCTGGCACATATCCTCCATGTGCAGCTTGCCATTCCCGGTACGATCAATACGGCGCGTCAGGTATGCAAGGGCTCCCGACCGCATGCGAATCAGGGAGTGCGGCACCGTATCGATACGCGCCGCAGCAGCCATGCGCATCGTCAGGTCCTCTATTTCCGGCAACTGCCGAAATCGCTGCGAAGGGGGCTTGAGTATGTACCCTCCCCATAAGCCAACAATGGTGAATCGCTGCGGAGCATGAGCCTTTCCTGCCGGTTCCAGATGCAGCGACAGTTTCGGCTGTACCCCCGTAATGGCGGTCTGGCTCCGGATGACCTCCAGAGCGAGTTCATCGAGCTGGTTTTCATCATAGGGTAACTGTGGAGGGAGAGGCGTTCCGAACATTTTCCGGCTGCACTTCCGATGGAAATCATCCTCCCCGGAGGCCAGCGGCTCATAGCAATAAAGACAGCGACGATTCATCGGCTCACTCCATGATTACAGGATGTACACTCACCGCCCCGATGCAATCCCTGCAGCAGTTCAATAAGAGACCCATACGATCTCGCGGATCGAGCTTCCAGTTCCTTTCGGCAACGGCAAGCAGCCACCCTTCGGGTATCAATCCGTCAAAAAATGGAAACATGGTTCTGCTCGAATATGCAGCTGCCCGCAACGGGAGCGTCAGACTTACCGGTCTGGCATCCTTCGAATCAAGGTATGCCGGATCATACAGAAAATGATAGCCCTCTTCATCCTGAATGAACCAGCCTGCGGTTTGGTCACGGTACCGTATTTCGGCTTTTTGCATACGCTACGCCTCCCTTTCCTGTCTGACAGGCGCAAGTACGAACCCGAACAGGGCAAGCACCTGGTTCACCTTGTCCATCCGCAATGTTTTTTTTCCCTGTTCAAGATCACGGATAAAACGAAGACCGGTACCGGCTTTTTCTGCCAGTTCCGGCTGGGTCATGCCCAGGGCCTTTCGCCTGTCGCGGACAAATTCAGCTATATCCTTCATGATTCCTGTGATACCTTATCGGGTATACCGTGTATGGTTTATAGTCAATCTATACCTTTTCGGGTATAATAACAAGCAAAAACGATAAATTTATACCCATTCAGGTATAAATCGCTATAGGACATATTCCTCGAAGCTCTGCTTCGCGATGAAATTCTTAAACATAAACTCATACCCCGTAGCTTTGCTGCGGGGTAGTTGATTCCTCCGGAGCCATCACCCTTCCCCCAGCGAGGATTTCGAAAAGTTCGTCGAATACGTCGATTGAGCGGCAGATCAGACTGGCGTGATTCCGCTTGATGTTACATGGGAAGTGATGCATTTATGACAACAATCTTCTTGCAAATTCGATAAACTCCCGTTTTGCCTCCTCAAACGCCACCTGCTCACCGTAGACCAGGTCAGTGACAAACCTGTCATATTCTGCTGCAAAACTCTCATCGTTCTCAAGGTATTCAACCGATTTGCTCATTTCCACAACAGGATTCAGCCGAAATTCCGGAAACTGTCTGCCAAACCTTTCGGCATCGGAGTCTACCATCTTGTCAAAAACCTCACCGGCCAGTCCGGATATCAGATCAGGTAAACGACGATTGATCACCGTCACATCATAGACATGACGAATCAATCGGTCATCATAGTCTTTACTGACTCTGCCGGAAAGAGCTTCTGCAGTTCTCCTGAGAAAAGAGAGTGTTTTTTCTCCAATGGATTCCTGCACACCAAGACAGTTGATTCTGATTCCTTCAATTGGAGGATTAACAAGAATATCGAGAATGCTTCGCACCGACAACAGTTGCATGGGCAACAACAGAGGCCTTGCGCTCAATTCAAGTTTGATTTCAGGGCGAAGGCTGGCAACGACCTCAAAGCGGCTCTCATAGCGGATATTCAGAGCGAAATAATTGTTCTCATCCCGGGCAAGCACTTCGTTTTCAGGAACTACAAAACCTTCGGTAGCGAGAACAGCAACGAGATGCTTTTTGAACTGACTTAACCGGAGGCTGTTCTGGCTCCGGGACAGTCCTGGCGGAACAACAACTTTGAAATCAATATCTTCCGACATTCTCCCGATCAATCCATGTGCTTTGGACAGGCAGGTTCCCCCACAAAAAATCAAT
CP001097.1_gap7	260649	261353	704	AATGAAATATTCTGTACCTTTTTCGTAATACAGTAATCGTCCGGTTTTCCTTGGCTACTATACGGAAATTCGCTATGAGCAATCAGGATATCCGCTGGATTCAGCGTTACAGACATTACGTTCAGGTGTTCGGGCAGCTCGACAGGGCCGTTGAACTTGCACGGCAGCGTCCGTTGACCGAACTTGAACAGCAGGGCCTGATCCAGTCTTTCGAGTACACTCACGAGTTGGCCTGGAATACCTTGAAGGATTTTCTGGAAAACAAGGGCGTTCAGCCGCTTTATGGATCGAAAGATACGACCAGGGAGGCCTTCAAACGGGGATTGATCGCAGATGGTGAGATCTGGATGCAGATGATCAACAGCCGGAATCTGACATCACATACCTATAATCAGGAAATTGCCGATGAAATAGCACAGGCAATCCGCAATCATTACCATGCCGTCTACCGCAAGCTTCTTCATACGCTTGAACCGCTTACAAGTGAGAGGCCGGAATGAAATATGGACTCGATGATACGACCATTGCGCGCATTCATGGCGTGATTGCGCGCTACGGGCAGGTTGACAAAGCCATACTTTACGGTTCCAGAGCCAAAGGAAATTACAGGGCAGGATCGGATATCGATCTGACTCTCGTTGGTAACCATGATCTGAACCTGACCGTTCTGTATCGGATAATGGATGATATTGATGATCTGCTCC
CP001097.1_gap8	363151	365235	2084	CCACAAGTCCTCACACCAATGGCGCCTATGCGCTCATTCTCTACGAAATCGAGGGAAAGCGCAAGCTCCCTATCATCATAGGCGGCTTCGAAGCGCAGGCCATCGCTCTCAAGCTCGAGAACATCAAGCCTCCGAGGCCATTCACGCACGACCTTTTCAAGAACATTTTCGACGTGTTCGGGCTGCACGTGAACGAGATCGTCATCGACGAGCTGCATAACGAAACCTTTTATGCCAAGGTCATCTGCGAACTTGGCGGAGAAATCCATGAAATTGACGCGCGGCCCAGCGATGCCATCGCTATCGCCGTGCGCTTCAACGCCCCGGTTTTCGTCACCGAAGATATCATGGATGAGGCCGGTATAAAGGAGGAGCAGAAAGAGGAGGGCGAAGACGAAGAGGCGGAATCAGAACAGACAGAACCCGAAGAAGTTTCCGCAGAGGAGCGGTCACCTGCCGGAAAGCTCGAAGAGTTGCAGGGCAGGCTCGAAGATGCGGTACGTAACGAGCAGTACGAAGAGGCGGCCAGGCTCCGCGACGAGATATCGCGTCTGAAAGGGATGGGGTAAGATTTGTGAGCGGTGAGCGGTGGGCAGTTAGCTGGAAGAGGTTGGCGGTGAGCGGTGGGCGGTGAGCGGTGAGCGGTGAAGCGGTGAGCGGTGAGCGGTGAGCGGTGAGCGGTGAGCGGTGAGCGGTGAGCGGTGAGCGGTGAGCGGTGAGCGGTGAGCGGTGAGCGGTGAGCGGTGAGCGGTGAGCGGTGAGCGGTGAGCGGTGAGCGGTGAGCGGTGAGCGGTGAGCGGTGAGCGGTGAGCGGTGAGCGGTGAGCGGTGAGCGGTGAGCGGTGAGCGGTGAAGCGGGAGTATATAAAAAAAGGAGGCGGTTGCCTCCTTTTTTTATTGTCTGTAATCCGAATGGATCTCAGAGGTTGACTCTCAGGCCGAGCAGTGCGCTGTGGCTGGAGACGTTGGTGTTGTAATCAGCACTTCCCATCCAGGATGCAGCACCGTCATCACCTGCGGTGAAATCGGTGGTAGCGAAGTAACGGTAGCGGGCATCGATCATCACGCCGTCGCCGACAGGGATGGCAAGACCTGCACCAACCTGGTAGGCAAGAGTGACTTCGCTGGCTTCGTAATTGGTATCAACCCATGTCTGATATCTGTGGCTATATCTTTCGCCATCGATGTCAACATTCACCTGAGCGACGCCAACACCGGCCATGGCATAGAGGTCAACGCCACCGAGGTCGATGTCATAGAAACCGTTTGCCATGAGGGAGAGAACCTGTACATCACCACTCAAATAGTCTGAATCCGTTTCGACGTCGTTCTTCTGATAGCCGATTTCAGCTTCAAGACGGGTCGAGCCGTAATCGCAACCGATAGCGCCGACTGCAGTCAGGCCGCTGTCAAAAGAGACCGTAGCAACATCTTTGTAATCGGTGTCGGCATACACGTGCTCAATATCGCTGTCCTGGAACCAGGACATGCCGGCCATAGCACTTACGTAGTGATCGGCAGCCTGAACAGGTGCGCTCCACATGCCGGCAACGAGGAATGCTGCCAAAAGGGAAAGTGATTTTTTCATTGTTTTCTCCATAGGTTTTGTTCTTAGAAATGCAAAAAACAAATAGAAAGCAAGCTTGTGTCAAGCTGTTCTATATTGGCTTAAAGATACACTATTTCCGTTATTTGTCAAAGCTTTCCCTTGCAGTTCCTGCCAGTTCTTTTATTGCGGCAGGAACTGAAGTATTTTTTTATTCAGCCATCGAGCCGAAAGTGAACATGAACTTCCAGCCCTGCTCATCGTCGCCGGGTACTTTGTCGAATCCGTAACCGTAGTCGAGGCCCACAAGGCCGATGATCGGCAGATAGAGCCTGAGGCCAAGTCCTGCCGATTTTTTCAGATCGCTGTAGTTGACCGAGTCGAGATCTTTCCAGAGGTTGCCCGCTTCGAAAAATGCAAGCGCGTAAACGCTTACCGATGGCGAGAGCGTGAGCGGATAGCGCAGCTCCGTGCCGAATTTCGAGTAAACGGTGCCGCCGTAAAGTTCCGAATCGTCATCGAGCGGATCCTCATCGCCC
CP001097.1_gap9	367747	369767	2020	GGCCTGCAGTATATCCCATTTTCCGCTGTAACTGAGAGCAATGCTGAGAACCAGGCGGCTGTTGTTTTTGGTGAGCTCCATGGTTTCCCTGAGAACATCGCTTACCTTTTCGGGCAGCAGGTTGATGTTTCCGATAACGTTCAGCCGGATATTGTTGTCATGCAGTTCCCTTGTTTCCTTTCGCAGCACCTTGATGAGCAGCTGCATGAGGGCAGAGACCTCTTTTTCCGGTCTTTTCCAGTTTTCAGTTGAAAAGGTGAAAAGGGTCAGGTAGCCGATACCGAGCTGTGTGCATGCTTCGACAACATCCCTGACAGAATCGACCCCTCCTGCGTGTCCTTCTATTCTTGTTTTGCCTTTCAGTCTGGCCCATCTCCCGTTACCGTCCATGATGATGGCGATATGGCGGGGAAGCTCGCAAGAGGTTTTTAGCTCTTCCTGAGCTTTTGCATCGTCAGAGTCTATGTCCGCGGAAAACCAGTGAGGCTTGAAGGCTGATGAAAGATCCATTGGTGCTAAGCGAGCCATATGATAAGATCAGAAATCACTTGTTATCGTCCCTGAATGACAGTCAGTTAAATTCATGGGGAAATCTGCCGTCACTGTCAGCCTCCTGAATTTGAAAACACTTCAAATTGAATAATATGCAGTTATTTCTTATTATACAAACCTTACATGGCGAGGAAGTGCCTGCGCAGCAATCTTTATATCCCGGTACAGGTGCATGCAGGTCACGGTTTTCGTATCCTTCTATTAAAATAATACAGTACAGACGTGCAACTCAGTAGTTATCAGGATCTGCGTTCAGAGCTGATCTCACGCAGAATAACCTGTGAAAAGGTTGTTCTCGATTATCTCGAACGCATAGACCGGCATCGCGACGATAATATCTATATAACGGTTTTTCATGAACAGGCAGTTGAAAAAGCCCGTAAGCTCGACAAAAAACTCAGTGAGGGCGGTCTGCCGGGAAAACTTTTCGGTATGCCGATGGCAATAAAAGACAATATTTCCATTAAAGGTGCTGGTCTGACCTGCGCATCGAGAATCCTTGAGAACTATGAGAGCGTCTATGATGCCACCGCAGTTCAGAGGCTTGAGGCTGAAGATGCTGTTTTTCTGGGTAAAACCAATATGGATGAGTTTGCAATGGGCAGTTCCAATGAAAATTCAGCATTTGGCGCCGTACCCAATCCTTTCGATAAAACCCGTGTTCCCGGCGGCAGCTCGGGCGGATCGGCAGCTGCCGTTGCTGCCGGCCTTGCGCTTGCGGCTCTCGGTTCCGATACCGGCGGTTCGGTGCGCCAGCCTGCCGGGTTCTGCGATATTGTCGGTCTGAAACCGACCTACGGCCGGATTTCACGCTACGGCCTTGTGGCTTTCGCCTCTTCGTTCGATCAGATCGGGGTGCTTGCCCGTAACTGCGACGATGCCTCACTCGTGCTCGGTATCATGGCCGGAAAGGATGAGCATGATGCGACCTCTTCGCACCGTGATGTTCCTGATTATGCTGCAGACATGGCCGCCGTCAGGGTCGAAGGTTTGAAAATAGGTGTTCCGAAAGAATATTTTCATGAGAGTCTCAATAGGGAAGTAGGGGAAATAGTCAGGGCAAAACTCCATGAGCTCAGGGATAAAGGCGCGGAACTGGTCGATATAACCCTGCCGGAAAGCGATTATGCCATAGCTGCATATTATATTCTGGTTACTGCAGAGGCGTCATCCAATCTTGCCCGGTTTGATGGCGCCCGTTACGGTTACCGTTCGTCCCGGGCGGAGGATGTGCTGGCCATGTATGTCAATTCGAGAACCGAAGGGTTCGGCAAGGAGGTGAAGCGCCGTATCATGCTGGGTACCTACGTGCTTTCTGCCGGTTATTATGATACCTATTATAAAAAAGCGCAGCAGGTTCGCCGCGTTTTTCAGGACCGGTATCGTGAAGCGCTGGAGAAAGTTGATGTCATAGCCGGGCCGACTTCTCCTTTTCCGCCGTTCAGTATCGGCGAAAAAATGGACGATC
CP001097.1_gap10	401841	404930	3089	ATGTTCCGGAAGCAATTCGCTGTTCATTCTTGCGACATGTTCCGGTGCTCTGCTGAAGAAAGATCCCATTTCATATCCGGAGAGGAAGGCCCGTAATTCGAGCTGTTGCATCGTTTCCGTTTCCGTTGTGTCAGCGGAACTCGCAACAGGCTCCTTTTCCCCCTGAGCGTTTATCTCCCGCAGTCTGGAAGCCGTCCTGAGCCATGCGGCAAGTATGGTGAATCCCTGTTCGCGGAACCATGCTTTTTCGAACCGGTATTCGATCTGCAGCAACCGGTCAACCGAGCCTCTGCATGTTCTGTAGAGCTTTTCGAGACTGTTCAGCACGATACGTTCCGCATCTTCGCCCTTCTGCTCTTTCGGCGTCGAGAGCAGGCAGCAGAGCAGATCGGCCGCCGTGCCGCCGGCAATGGCGGTCAGCCCTTTGCTCCGGTAATGGGCTGCAAGCACATCGTGCATCAGCCAGTCGTCGATGAGGTTTGAGCCAAGGAGGGTGTTCGACAGGAGCATCTGCTGCAGTGACTCAAGAATGATCCAGTCCGTTGCGAGCATGAGATCTTGTGCCGTCTCATCGCTGTCCGTTGTTTTATCCAGGGTTTCAAAATATTTTCCTGCCGATCGGTACAGAGATGCGGTTTCAGCTGCAAGGGTTTCGGGAATCATCAGCTTCTGATCGACCAGATCGCCGAACACCGAGGCTACCTGCTCAAGCAGTTTTTCGATTTCTTCGGCAAACAAAAGGGCTTGCTTCTCATCCGAAGGCTGTTCCCTCAGCGTGGTCATCAGGGGCGAATCGAGAAATCCGGTAATGATGCCATGCAGCGGAGCGAGGCTCATGGAAAGTACCGCATGTTCCACTGAAATCGTCCCTTGTCCGTTAAGTTCATTGCAGAGCGCATCATAGGGCCGAAGCTTGGAGGGGCGAACCTCCCGGAAATCAAGAAACAGATTGTAACGGTATCCGTCGAGAGAAAGATAGAGCCCTTCTTCGGCAAGCTTTTTGCATGATCGCACGAATTCAAGTCCGCAAGCATGCTCTCTGAATACCACATAGCTCTGCTCTTCAGCGTTCAGTCCCAGACCTTCGACAAGCGATGACTGCCTGATTTCATCGTTCTGTTTATATCCTGAGGATGTTTTGACCCATCCGTCGGCATGCGAGATGCAGTTGTTGTAGATGAAAAGAGCCCTGTCGTCGCCGATTCTGTTGGAATAGGCAAATACATTCTCGTTGACCGTCACTTCGGGAGCATAGACGTCGTAAAGGAAAAAATGTCTTACATCGGCGAAGAGAGGACGTTTTTTCATTACCGGAAAAATTTCCCGGTAATGCCGTTCGACAAGGTGGTTGTCGGGTTGTTCATCGTAGTACGCCTTAGCATATTCCATGCCGTATTTCTCGTTAAAACCTTCGACCTGGCCATGGCCGAACATCGGCAGGCCCGGCAGGGTGATCATCATCAGACAGATGCCGAAATATTTATCGCCGTTTCCGAACTGTGCAATGGCGGTATCTTCATCCGGGTTGTTCATGAAATTCACATACCGTTTCAGGATCTCCGCATCGAATTCAAGCGTGTTTTTGATCAGGTAGCGATAGCCGGCATTATCCTCTTTTTTCAGCATGTGCATGAAGGCGCTGTTATACACCCGGTGCATGCCGAGCGTGCGCACAAAATACCCTTCAAGCATCCAGAAGGCTTCGGCAAGCAGCAGGGTGTCGGGAACCTCGGTCTGAACGCGGTCAACCACCTCGCGCCAGAATTCGACGGGTATGGCGGCATCGAAATCAGCCATGCTCATCGCATAAGCGGAGCGTGAAGGAATTGCCGCCGTATGGCCGGTAAGCGGGAACCAGAGGCGCTGGATATGTCGTTTTGCAAGCACCATGGCTGCATCGAAACGGATAACCGGGAACATGCGGGCAACATGCAGTATCTGCTGGATCACCCCTTCCCGTACTTCGGGGCTGAGAAAATTCAGCTGTGCGGTATCGTTCCATGGCATATTGGTTCCGTCGTTGCCATGATAGATATACCGGGTATCTCCATTCATGTGATCGACTCGCTTGAACGTTACTGCCGCATCCGATCGGTTCCAGTAACCGTCCTCAATGTAGATTCCGTAGCGGTGATCATTGCTGAGATTGGGGCCGTTATAGGTGTAGTTCACATAGGGCGGCCAGGGAGAAGAGAGAAACCAGTCGGGCTGATTTTTTACCAGATCGGAATCGAGACCCGTATGGTTGGGCACCATGTCGCTGGCGAGGCGGATTCCTCTGTGCATGGCCCGGTGCCGGAGATTCAGATACCCCTCATATCCTCCGAGGTCGTCGGCAATGTCATACCGGTCAAGAGCATAGGCTGAAGCCTTGGCTTCGGGATTACCCTGAATCTGTTTGATCTGCTGCGATGCGGGACTTCTCTGCCAGAGTCCGATCAGCCAGAGCGAGGTGAACCCTCGTTCTGCAAGGATGTCGAGTTCCTCGTCGGGAATATCCTGAAGACGCACAATGTGCCGCCGGTACTGTTTGCTGAGCTGGTCGAGCCAGACATAGGTGCTTTTTGCGATCATTACCACCTCCGGCATCCATGAGGAATCCGGAGAGTAGTTCGCCGGCGCATTGTCGAGCGAACTGAAATCCGGTGCTTGAGCTTCCTTTTCAAACCAGCCGCTTTCTTTCCGGTTATCCTGATGCGACGCTGCGACATTTTCAAAAAAGAGGTAGCGATCTTCATCCTGAATATATGCTATGGCTTCGGTCAGGAGCGGCCAGAAGAGCGATCCTTCAAGCAATCCCGCCCAATTGAGGCGGATATAGCGCAACTGGTCGAGAATGGAGTTCGGGGCATGCCTGATAGGCATGGTGAGCAGTTCGGCAAGATCTATGTTATCCGATACTGCCGGCCCCATAGCTTTCATGGCCTCCAGCATTGTCCTGATAAGCTGCGGATAAGCGGTTTCCTCACGGAGATGCCTGTCGGAAATAAACGATGAAAAACGGTCGAGAGCCGGATTCTGGTTGTTGAGCCAGACCAGCAGGGATTCCTCGATGACCAGTTCGCGGTTTACGGGATTCTCCAGAAACT
CP001097.1_gap11	425348	430163	4815	GATTCATGCCCCCTTTTCCGGCGATGCGGGAGAGCGCCTTCGGGCTATGGAGTCGACTCCCGACGGGTTCAAGATTTCGGAAATCGATGCGGCTATTAGAGGGGCCGGCAACGTGCTCGGCAAAGAGCAGGCCGGTATGGTGAGCGGTTTGAAGCTTGCCGATCCGCTTCTTGACGCTTCGCTCATGCAGACGGCCCGCAAGGCAGCGTTTGCGCTTGCCGCAGAGGATGGCGAACTGAGAGCGCGGGAACATGCTATGATCAGAAGCTGTTATTTGCGCTATTATCATGACCGTTCGATACTTGCCGATATCGGGTGAGTTGCGGTTGAAGCAGAGTTAACACGGTATTCAGGAATGAAAGAAAAAAAAACAAATGAAGTATATTATGAAGGCCGGATAACCGGAGCTTCCGGTGCGGGGTATATGGTGACAACAGAAGACGGCAGGGTGTTTCGCTGCAGAACCTTTCCGGGGACACAGAGCGGAAATCCGGAATCTTCGCTCGCAGCCGTCGGCGATCAGGTGGAGGTACAGGTTACCCTGAGCGGGACCGACGCGCTCGAAGGGATTATCATGCAGGTGCAGCCGAGGAGCAGTGCGCTTATCCGTAAAAGAGATCCCCGCCGTAACCGAAGCCGTGAAAAACAGCAGGTGATCGCCGCCAATATCGAACTGCTTGTGCCAGTCGTTTCAGCGTACGAGCCGCCGCTTACGACTCGTCTTATCGACCGCTATCTGGTTTTTGCCGAGTCCGAACAGCTGCCGGTGCTGCTGGTGGTCAACAAAATGGATCTGGATGATGGAGGTGAAGTGCGCAGACTCATGCAGGTCTATCATGATCTCGGTTACCGAATCTGTTATGTCAGTATCTACAGGCAGAGCGGCATCGATGAACTTCTCGAAGCTCTTGGCGGAAGGATTTCGGCATTCAGCGGACACTCGGGAGTAGGGAAGTCCACCATTATCAACCTGCTGACCGGCGTCAGGCTGAAAACCTCCAGAACCAGCTGGAAGAGCGGCAAAGGTGTGCATACGACGAGCAATGCGACCATGCTTCCGCTTCCGGCAGGCGGCTATGTTATCGATACTCCCGGAATCAGGGAGTTCAGTCTGGCTGATATCACAAGGGAGAATCTCAGGTTTTATTTCAGGGAGTTTCTGGAGGTTATGCCGGAGTGCGGTTTTTCGTCGTGCACGCACACCGTTGAACCGGACTGCGCAGTAAGAAAGGCAGCAGGGAATGATGTGATCTCCGCCGGACGGTATGAGAGCTATCTGGCTCTGTTCTACGCTCTCGATGATGAACGTTGAGAGCAGCGGTTTTAAAGAATTTCATAATTACCTTACAGAAAATTTATGATCGTAACCATCAATCCGGCTACCGAAGGGGTGTTAGCCGAATATCCGGCAATGTCGCATGGCGACATTAATGAGGCTGTCAACGCGGCTTACCTTGATTTTACCCGGTGGCGCCAGGTTTCGATACCGGAACGTGCGCGGCTCATGCTGCGTGTCGCCGAACTGCTGCGCGAACGGAAAGCAGAGTATGGAACTCTCGCTACCCGTGAAATGGGCAAACCGTTTGCCCAGGCTGCAGCTGAAGTTGAAAAATCCGCCTGGGTGTGCGACTTTTACGCCGCTCATGCCGAAGGGTACCTGGAGCCGGAGACTGTCGACATGGACGGAGGAAAAGGTATGGTGGTGTTCGAGCCGCTCGGTCTTGTGCTCGGGGTGATGCCCTGGAATTTTCCGTACTGGCAGGTTTTTCGTTTTGCCGTGCCGGCGTTGATGGCCGGAAACGGAGTTATTGTCAAGCATGCCCCCAATGTTACCGGCTGTGCCGCAGCAATCGAACAGGTGTTTCGTGATGCAGGCTTCCCCGAGAATCTTTATCGTACGCTGCATATCGAGCTGCAGGATGTCGATCGACTGACCGGTATCGTTATTGAGCATCCCTTTGTAAAAGCCGTTTCGGTGACAGGAAGCACTGCCGCAGGGCGTGCCGTAGCCGCAAGGGCCGGCCGGGCGCTGAAGCGAAGCGTGATGGAGCTTGGCGGCAACGATCCCTATATCGTGCTTGATGACGCCGATCTCGAAAAAGCAGTAACGGTCTGTGCGGCTTCGCGTCTGCTCAACAGCGGCCAGAGCTGCATTGCCGCAAAACGTTTTATTGTGCATCGTTCGATCAGGAGCCGTTTTGAAGGGATGCTTCTGGAGCGGATGCTCGGTGCAAAAACCGGAGATCCCTTCGATTCTGCTACCGAGGTCGGTCCGATAGCCCGTGCCGATCTGCGGCTTCAGGTGCATCGTCAGGTGGAAGAGAGCGTCGCACAGGGAGCGGTAGTACTGTGTGGCGGTGTATTGCCCGAAGGACAGGGGTACTTTTATCCGCCTACCATACTTACCGGGGTAAAAAAGGGGATGGCGGCCTACGGGGAAGAAATTTTCGGACCGGTTGCTACGATCATCGAAGCTGCTGATGACGATGAAGCCGTGGCAATAGCCAACGACAGTGAGTATGGTCTGGGATCAGCTGTCTTTTCCGCGGATACGCTCAGAGCCGCAGAGATCGCTTCAAGACTTGAAACCGGCAACTGTTTTATCAATGCGATGGTGAAATCAGATCCAAGGATGCCTTTCGGAGGAGTCAAGCAGTCCGGTTACGGGCGTGAACTCTCAAGCTACGGCATCAAGGAGTTTACCAACATCAGAAGCCTCTTTCTTGAAGCCTGAACCCTTACAGCCTCATCCTGCAGGATGAGGCTGTAAGGGTATTGTTCGATCGTTTCCGGTTCGAGAGGCTTTTGTATACTTAAAAAATGACAGCCAGATCGGAAAGATACGTTTTGATGGACTGATGCTTTCCAAGGCCAAGCTTTTTATGCATTCTGTAACGAATGCTCTCCATGCCTCTGGTTGAAATTCCCACCGAGCGGGCAATTTCTTTCGTGTCGTAATTCAGTTTGACCAGCAGACTGATACGCAGTTCGCGCTGGTTCAGGTTAGGATGCTTTTTCTGCAGCTTGGAGAGAAAAACGGAATCCGATTCGGTCAGTTCGATATTGAGCCGTTTTTCAATAGTTTCGGTTTCGATAAGGCTCAGGCAGGAATCGGTCATCTGCCGTTTGACATCCTGATCTATATCGAGGGCATAGATCTGATCAAGAAGATTACGCAGTGCAGTTGTTTTTTCTGCAATTGCCGTAGAGACTCTGGTCAGTTCCATATCCTGGTTCGCTATTCGCGATTTCAGCTCAGCCACCTCCTTTTCATATTCCCGTGTCTGCTTCTTGTTGAGTTCGATCTGAGCATTCAGTTTGATAACCGCATCGGTTATTTTCTGCTCATTGTCCTGTTTCATTTGTTCAAGTTCCATTGCTTTTTCTTTTTCTTTTTCACGAAGGTCAGCCTGCATGGCTTCAATTGCTTTAAAAAACGTGTAATAACTATCATTGAACTCAGGAACGGCAATATGTTCATCGAACATATCAAACCACGACATCCTTGCCAGATAGGCAAGGAATTTCTTTTTCATCGTTTCTGCATGACTCAGCGAATCAGGTTCCGGAGTATTGCCTTTATTGTATTCAATAACTGCGTCGAGCGCTTGTCGATAACTGTCGGTAATCAGTACAACGATACGTTCCGGCACTACTGCCGCAAAGGATTCGACAACAATACGTACGGACTCCTTTACGTTGTAAAAAACAATCAAACGGAACTGAGGGTTCCAGTTGTAAAGTAATGCCGTGATAGATTTTTTGTAGATATATGATACATCAGCGACGTGAGTGAAGTCCCAGAAGCAGTGAATAGGGCTTTCGATAAGGCCGGTTTCTTCGAGAACGGTTTTGAACAGTTCACTATCCATACTGTCCAGCGTAATATCATGACGGGCCTCTACGTAACTGTGTATGATGTTCTGGCCTATCAACTTGACATGTTTGGTGTATCCTGCCTGCTTATGCTCGCTTTTCCAGTGTTTTTTTTCGGTAACAGGCAGTTCCATGTTGACCTCTTTACTCATTAATCATGTCTCTTTCACGGGTTATTGATGTTGTGACGTGATATAAAAAGTAATATGGCGAATTATTTTGAGGTAGTCAAAGTTTTTTGTTGGTTTTTTTAAAAAATACTTTTGTCGCTTGTATTTTTTAAAAACCGCAGAGATACGCTTTAATTGATTGATTTTTTTGCAGCCCGAGTTTTTTATGCAACCTGTAGCGGATGCTTTCTATGCCTCTGGTTGATGTGGCACTGAGGCGGGCAATCATTTTGGTGCTGTAGTTTTTTCTGATCAGCAGACAGATTTTTACATCGTCGCCGGTCAGGAAGGGGTGATTTTTTTTCAGTTGGTCGAGGAAAAGGGCCTCGCTGGCAGTCAGTTTCAGATCGTAGTGTTCAGTGACCGGCTTTGTATCTCCCATATCCGGGCACAAGTTTCCAAAATGGTCGTTTTTGTCAATGGAATGCAGTTGCTTGCATAGCAGTTCGGTTATCGTTTTTTTTTCGGCATGGACGGCATTAAGTCGCAACAGTTGTTCATCACGTAATGCTATGCCGGAGTGGAGTGCCGTCACTGTGTTTTTGTAACTTTGTACCTGTTTTTTGTGCAGGTCAATTTCCTGCTGCAGGTCGGAAAGCTGCTTATTATAACGCCGCTCATATTCCTGTCGGATTTCTTTTTTTTGTTCACGATCGTGCTTTCGCTTGCTTATCATGTCTTTTCGGAATTCCTCTACGGCCATAAAATAGTCATAAAACTCATGTTCTGCAGGTGAGGTTTGAACGGGTTGATCAAGCAGATTGAGCAG
CP001097.1_gap12	431248	433185	1937	AAGAGGAGGAAATTCAGGATCCCTATTACGGGACGCACAGGGAGTTCGAACAGGTCAGGGATGATCTTTTTCTTGCTTCCGATCATATTCTCCGAAATCTGGTCGTCTCTTGTGAAGAGGGTTCGCCCGATTATTCCCGAAATGCTATTCCGAAGGTGAGGTGATGGATACGTTGCGTTATACCTTTATTTTCAATCCGGCTGCCGATAAAGGGCGCGCTGCGGTGCGTGAGCCCTGGCTCAGGAAGATGGTTTCGGGTATGAACGACGCCGTAATAAAACGTACGGCCTATTCGGGGCATGCGGGTGATATCGCTCGGGAGGCTTGTCTGCAGAGCGATTGTCTGGTTGCCTGCGGCGGAGATGGAACACTTCATGAGGTGGTTAATGCCTCATTTGGCAGTGACGTACCTGTAGGAGTCATACCGATTGGCTCGGCTAACGATTTCATCAAAACGTTGAAGCATGTCGGCAGTGAGGTGAAGAACATGCCGGCATGCTTTTCCGGACAGAGCGGAACGGTTGATCTGGGAAGCGTTTTTTTTAACGGGGACAAGCATCGTTATTTTGTGAATTCTCTCGGTATCGGCTTTACCGGAAGAATTGCAGGAACGGTCAGAAGGACAACCTGGGCGAAAGGAGAGCTTGGTTATATCCACGCCCTTTTAAGCGTTCTCATTGGTTATACTCCGTTAAAAATGCATATTAAAATCACTTCTCCGGATTCTGTATATGAAATGCATGAGCCTGTTTTTGCTTTTTCTGTCTCGAACGGAAAGATCGAAGGCGGGAAGTTTCGTATTGCGCCCGAAGCCGATCCCGCAGATGGGCTTCTTGACGTATGTATTCTGAAATCCATTCCGAATATTTTGTTTTTTGGTTATGTCATCAAGTATCTCAGGGGCAGTCAGATTTTTGATTCCAGGGTTATCTACTGCAAGGCAAGTTCTGTTGACGTTACGATCCCGGATTCGGAAATGATGCACATGGACGGAGAGGTTTTTGAGCATATTCAGGGAAAAATCCGGATTTCGGTTGTTCCCGGCGCTCTCAGGGTTTTCTCCTGACAGGTGAAAAAAAGAAAAAATCTGATAGGTGATTTATGCAGTATCTGGTTTTTGAGGATGAAAAGGTTTCCGGGTTGAAACCACTGGTTAACTTCAAGCCCGCTTACGGCCTCTATACCGGGTTCCGCTCTCTGGCGCAGAAGCTTGAAGATTCGATTGCCGAAAGGGTCAGGCTGACCTGGCACCTCAGAGCCTATCTTGCGCCGTTTTACCGTGAACGGCATCCGGAGAGAACAGTTAACAGTATAGAGCAGGATGAACTTTTTCTTGTAAACGGCAGATTGCTTTGCGATGAAAAATCAGCGGAAATCATCGCTCAAGGTGCTCTGGACCCGGGCAATGCGTTGATGCAGGGTGACGATCTGCTTTTTGCCCGTCTGCACCGCAGCCGGTTATCGGATTTGCCTGACGGGAAACTTCCGGATCTTCTGGATTCAGGGTTACTGGCGGCAGGGCTCGCCGTTCAGCAGGTCAGCGGATTTCGGCTTATCGGGAACGTCTGGGATGTAATGGCTTATCATACCGGGGAGATGGAGCGGGATGCCGAACGGCTTGAACCAGGGAGTATTGACGGCGATATCCATCCTTCAGCGGTTATAGTTAACCGTTCCAATATAGTTATCGCTCCCGGCGCCATCGTAAAGGCAGGGGCAGTGCTCGATGCGGAGGATGGTTTTATCGCTGTCGGCCCGGGAGCTGTTGTTGAGTCTCAGGCGGTTCTGATGCAGAATGTTTTTCTCTCTCCCTGTTCGCGCGTAAAAGCCGGATCGAGAGTATACAGTAATGTATTTGTGGGTACGGCATCAAAAGTTGGCGGAGAGGTTGAGGACTCTTTGATCGAACCTTTTGCCAATAAACAGCATGATGGTTT
CP001097.1_gap13	562594	565239	2645	CGGCACCGTTGCCGAAATGTTTGAAAACGGCACCTCCCTGACGGCGGACTACCTGAATGGGAAAAAAGCGATTCCGGTTCCCGAGGTTCGTCGAGAGCCCGATTTTTCACGATCCATTGAAATCCGGGGAGCCCTTCAGAACAACCTCAAGAATATTGATGTTCGTTTTCCGCTCGATGTCATGACCTGTGTGACCGGGGTCAGCGGTTCCGGTAAATCAACGCTTGTCAACGACATTCTCAAGAACGGCATTCTTCGTGAAAAAGAGGGTGGACGCGAAAAAGTCGGTACCCATCGCTCTCTTTCGGGAGCAGCACTGATCGATCGCGTGGAGCATGTCGATCAATCTCCCATAGGAAAGTCGAGCCGAAGCAATCCTGTGACCTACCTGAAAATTTTTGATGATATCCGTACTCTTTTTGCCCAGACCAGAGAGGCAAAAGAGCGAGGGTGGAAGGCCGGATTTTTTTCTTTCAACATTCCGGGAGGACGGTGCGAAAGCTGTGCCGGAGAGGGGAGTGTGAAAATAGAAATGCAGTTTCTTGCCGATATTGAAGCGGTCTGCGAGGAGTGCAATGGCCTGCGTTACAGGCAGGAGACACTTGCCGTCAGGTATCGGGGACTTTCCATAGCTGAAGTGCTCGATCTGACCGTCAGCGAGGCTCTTGAGTTTTTCAGCAGCGAAAGGTCGATTGTCCGCAAACTGCAGGTTCTCGATGAGGTCGGTCTCGGTTATATCAGGCTCGGTCAGTCTTCCAGCACACTTTCGGGTGGCGAGGCTCAGCGGCTCAAGCTGTCAGGCTTTATAGCGCGTGCCGATATTGAACATACACTCTTTCTTTTTGACGAGCCGACGACGGGACTTCATTTTGAGGACATCAGCAAGCTGATCCGCTGTTTTGAAAAACTGCTTGAGCAGAGAAATACCCTCGTTATAATCGAGCATAATCCCGATGTGATCAAACAGGCCGACTGGGTTATCGATCTCGGACCCGGCGCGGGAGACCTGGGCGGGGAGCTGGTTGCAGAAGGCACGCCTGAGACCGTTGCGGCTTCCGCAACGTCACTGACAGGACTTCACCTGAGGGAGTATCTTGCTCCGGCGGTTTGATCGGTGACCGGTTTCAGGCAATGGGATCGTCTTCGAGTGCTCCCCCGTGAAGCCTGATGTGAGGATAGTGCGATTCGGAAGTCCGTTCGACCCATACCCGGCCGCCCTTTTTTCGGATCGTTTCGTTTTCAGTTACCGATACCCTGTTGCCCGCAAGCGCGGTTATTTCCTCAAGCATGGCCAGATGCTGCCGATCTTCGGCAGTTGCCGTATCGTCGCGCAATTTCGAACGCAGACTCTGAAGTTTTTCCGTGGCCACCTTGCCGATAGTGCAGTAAAGCTCGTTCTCTTTCGATTTCATAAGATTGTCGCTGAAAATATGTACAGGTCTCTCTTCATAGTACAGAAACTGTTTGGAGAGGGGAAATTTTTTTTTATACTTAGTTGTGCTTTTAGCACTCTTGTCCATTGAGTGCTAAAAGGTTGATTTGATCCAGTGCGATTCAACAGTATCGTTCTCTAAACCCAAATAAAAACAAGATAAGACAATGAACTTGAAACCCTTAGCTGATCGGGTTATTGTTAAGCCGGCTCCGGCTGAAGAGAAAACCAAAGGTGGTCTCTTTATCCCCGATACCGGGAAAGAAAAACCGCAGTACGGTGAAGTTGTGGCTGTGGGCCCCGGCAAAGTTGCCGATAACGGCCAGCTTCTTGACATGCAGGTCACAGTTGGCAAGAAAGTGCTGTACGGCAAGTATTCCGGAACCGAAGTCAATGTTGAAGGTGAAGACTACCTGATTATGCGTGAGTCGGACATTTTTGCAATTCTTGACTGATTCGTTTAACCATTTACCAACCCATTCCAGGAGGAACGCGTTACAATGACTGCTAAAGATATTATTTTTGATTCCGACGCCAGAGCAAAGCTCAAAGTCGGTGTGGACAAACTGGCTAATGCCGTGAAAGTTACCCTCGGACCTGCCGGACGAAATGTGCTTATCGATAAAAAGTTCGGAGCTCCGACCTCGACCAAAGATGGCGTGACCGTAGCAAAAGAGATCGAACTTGCCGACGCCGTCGAGAACATGGGCGCACAGATGGTTCGCGAAGTCGCTTCGAAAACCAGTGATGTCGCCGGTGACGGTACTACTACCGCGACGGTGCTTGCTCAGGCAATCTACCGTGAGGGGCTGAAGAACGTTGCCGCAGGTGCACGTCCGATCGATCTTAAAAGAGGTATCGACCGTGCCGTGAAAGAGGTTGTCGCAGAACTGCGCAACATCAGCCGCAGCATCTCCGGCAAAAAGGAGATCGCACAGGTCGGCACCATTTCAGCCAACAACGATCCTGAAATCGGCGAACTGATCGCAGAGGCCATGGACAAGGTCGGCAAGGACGGCGTTATCACCGTCGAAGAGGCAAAGGGCATGGATACCGAGTTGAAGGTTGTCGAGGGCATGCAGTTCGATCGCGGCTACCTCTCTCCGTATTTCGTGACCAATCCCGAAACCATGGAAGCCGAAATCGAAGACCCGCTGATCCTCATTCACGACAAGAAGATCGGCAACATGAAAGAACTGCTTCCGATCCTCGA
CP001097.1_gap14	601984	605822	3838	CGGCTGAGTCGGCAAACAGGGCCCGGCGGTTTTTTTCATCATGCAGAGCCGTCTGATCGCGCAGTACTTTCGACAAGAGTTCCGCATTGATTTTCATCAGTCGTTCATTTTCCTTACGGAGATTGAACAGGTAGCCGTAACTTGTTATTTTATCACTGATCGACGCCTGCAGTTCGGTGCCTCCGCTCCTGATTTTCGAAAGGAGGTCATCCTGCTCGAAGCGAATGACCAGCAGCGCGACGCTGCAGTAGAGGAGGAGAAGCAGATAGGCGTTATGTTTGACGAGAAAATTGAAAAACTTCTGCACGGTACATATTCCGTTTTTGTCAACGCAAAGGGCATCTATGATCAGGTTACCGGAAATCCGGACTTCGGTTTCCGCGGTCGGAGCGGTTTGCCTGAGCGCTTATTTTTATTACATTTTCCTGTTCAGGGAAAGACGATGTTTCCGGTCAATATGTCAAGTTGTTAACATATGGTGCAAAATGTAAATATAACAGATAAATTTATTGTTGTCGGCGACAGAGTTTTAATCAAACCGAAATCTCTTGATGAAAGGACCAAATCAGGCATCTATCTGCCTCCCGGTATTCAGGAAAAAGCCAGGATTCAGAGTGGTTATGTGATTAAAACCGGTCCTGGTTATCCCGTAGGGCCGCCTCCTGAATCAGACGAACCATGGAAGGAGCGGGTTGCCGGTGCTCAGTATATTCCTCTGCAGGCAAACGTCGGTGATCTTGCTATTTTCATCCAGAACAGTTCATACGAGATCGAATATGAGGATGAGCGTTACATCATTGTACCCAATTCAGCTATTCTGCTGCTTATCAGGGAGGATGACGATCTTGAATACTACCTGAAATAACAGGCGTGTTCCTTCTTGCAGAAACCTTTCTCTATAAAGGGACGGTCAAGCCGCCCCTGAACCTTTAGCGACGTTATCATGAGTTCCCGATCAATCTTGCCTCTTCAGGCAAAAGAAGAGATATTTCTTCGTATCAGGCAGTTAAAGCAGGAGATGAACGCGGTTCTGCTTGCTCATTATTATACGCTTCCCGAAATACAGGAGGCCGCAGATGTGGTCGGCGACAGTCTTGCTCTTGCCCGAAGCGCCGAAAAAACCGACGCTGATGTCATTGTTTTTTCCGGAGTCTACTTCATGGCCGAAACAGCCAAGATTCTCAATCCCGAAAAACTGGTGCTTGTGCCTGACGAGTATGCCGGTTGTCCGCTTGCCGACAGCTGCTCTCCGGATGAGTTCCGGCTGTTCCGCCGGCAGCATCCCGACGCAGTTGCCGTAAGCTATATCAACTCATCAGCTGAAATCAAGGCTCTTTCGGATGTTATCTGTACGTCATCCAACGCTGAACGTATTATCCGTTCCATTCCGCCGGAGAAAAAAATAATTTTCGGGCCGGATCGCAATCTCGGAGGCTATCTGATGAAAAAACTTGGCAGGGAGATGGTGTTGTGGCAGGGATTCTGCTATGTGCACGAAGCTTTTTCGGAAAAGACTGTTCTTGAGGCCTGCCGGTCTTATCCCGAAGCAGTTCTGATAGCCCATCCCGAATGCCGGGAGGAGGTGCTTTCTCATGCGGCATTTATCGGTTCGACGCAGGCTCTGCTCGATTATACGGTATCGAGCCCGGAGAGAAGTTTCATTGTGGCTACCGAACCCGGTATTCTGTTTGAAATGCAGAAGCGTTCTCCTGAAAAAAACTTCATTCCGGCCCCCAAAGATCCGCAGAATCCCCGCAGTGTCTGTACGCAGATGAAACAGAACACTCTTGAAAAACTCGTGAACTGCATGCAGAACAGACGCCCGGAAGTGACGCTTTCAGAGGAACTTCGAATAGCCGCGCTTCGCCCGATAAAAAAAATGCTGGAGCTTTCGTTGTAATCAGGAACTTGAACGGAGAGAGGTTCAGGATTATTTTACCCGTTTTTTGCTGCTGTAACAGTAAAGTGATAGTATGCCTAAAAGCAGGTACCAGGAAGCAAGCATAAGGTAGTCCTGTTGCATATATTCTCAGATAATCGATGAGGGGTTTGGGGAGATTGAAATTAATATGCGTAAAATATACATAGAAATTTTATAAAAAGTCATAAATAACTATCACTTATTTTCTTTTTCATTGCGTCGGCTCGATAACTCTTCATCAGACAAATCTTTTTTTATGGAGCAGCCTTTCTCCCTGAAATTTCGCGGCATGTCATTCCTGAGTGTTTTTATGGTTCTGTTTTTCAATGCGGCAGAATCGTATGGCTGGCATGACAGGACGCATCTTGCCATTGCCCAGGCATCGGGTTTTGAGCGCTGGTACAGTGCCGCTGCTCCGGATGTGGTGAAGTCGAGAGCTGCATTCAGGGCTATCGAAGAGAAAAACCATTATTTCAACAATAATGCGGAAAAGCCGGTTACCGCAGAGATGGTGTTGGGACAGACAGAGCGGTTTAACGACCCCGAAGATGAAGAGGGACATCTGTATGGAGCCATTATCGGTTCGGTAAGGGATTACAAAGAGCTTAAAGCATCGGGTAAATATGCCGATTATCCGTTGGTGTTCTGCGCCCATTATGCAGGAGACCTTTCGATGCCCCTGCATAATACTCCGTACGATACCTTCAATAAAGAGCGACATTCTATCAATGACGGTATTATCGAGTGCAATGCGCTCAATAATATCGGGTTTATCCAGAGAAGCATCTATGATATCCGTATCGAGAGCGAAGAGGATCTTGCCGCTGAAATAGCTCGTATCGCCGAAACCGCCAGAAAACTCGGCAGGAAAATAAGAAAAGAAAACCGGAATATGAGCCAGGCGGAGGTCTATACGCAGATTATCCACAGTGCGTCGTTGTTCAGGGCTGTTCTGCAGTATGTCGGAAGGAATCCCTGCTGACCTGATTTTTTTTCGGTAATACTTGTTTTGAACCGTATCGGCAGATACCTTGAAAAACGCATCAGGAACTACGTATGGCAGATCAGGAACATCTGACCGTTCTTCGGCAAGGAGTTGCATCATGGAACAGGTGGCGCCTTGAAAACAGCGGTATTCAGCCCGATCTGAGCGGTGCCGACCTGCGGGGCCGCGAACTTCAGGATGCGGATTTCAGCGGTACCGACCTTCGCGCCGCCGATCTCACCGGAGCCGATCTTCGTGGTGCAAGGCTCAGCAAGAGCACTATCGATATTCATACCCGTTACGATACTATCCGGGGTTGTGATATCGGAGTGAACGGATTCTATTCTCCGGCTACCGATTCCGCAGCCCTCATGCGTCTCGATCCTCCGGGAAACTCCATGCAGGGGTCCAATGCGGAGGCTGTGATCGAAAGTCTCAAGCATGCCAGAAAACTGCATACCTTTTCCATGATTCTGGCCGGTATCGGTCTTTTGTTTATCGTCATCAGGCCTAAATCCATTTCCCTTCCATACCTTGCCGGATCGTTCAAGTTCGACGATCTCAGCTACGCTTTTCTTGCTGCGCTGCTCTCCACCTCTCTGCTCAGTCTTGTCGCGACCTTTATCGATTCCGCACTGCAGGGGGCGCACTATCTCAACGACCGCCGTTCAGCCATGACGGTAGGTCACTTTCCCTGGTTGCTTTCCAAATATGAACAGGAGGGGGCATTCAGACGCCAGTCTAAAGTCATGCGTTTTTTTCTCAGTTTTCATCCGCTGGTTTACCTGTACTTTTTTGTCAAATGGGATGCCCTTTTTCTTGGCGACTGGTACGGAGTGATAAGGCACTATCAGGAACTTCCGGTTATTCTCGGGGAGTGGCTTCTTCCGGTTTTTCTGGTCATTCTTGTACGGCTCTGTATGAAAATTTTC
CP001097.1_gap15	610178	615169	4991	CTGCGGTTCGATGCGGGTGAAGCAGAACGGTACCTGCAAGGTTTGTGAGGATTGCGGGACAACGACCGGTTGTTCCTGAACTGCAGCGCCAATCCCCTTCATGCCCCCCTGCTTGCCGGGGGGGCATGAAGGGGGCTCTTATAAACCGGTTTCAGCAGTTTTTGTGCCTGTTGTCAGAGCCGGTCGGTATCCTGTTTCCGACTCGACCAGACATGATTCGGCAAGGTTCATGTCGCTGATCTGAAGGGTTCTTGACGGGGAGTGGCGCACCAGTTCGTAGTCGTGCGTTCCGATAAGTGTCGTGATTCCTTTCTGATTGATTCGTTTCAGGTACTCAAGAATTTCGATAGAAGTATCCGGGTCGAGGTTTCCGGTTGGTTCGTCGGCCAGTATTACCAGAGGCTCACGCACAATAGCCCTCGCTATGGCGACCCGCTGCTGCTCTCCTCCTGAAAGGTTCAGCGGCATCTGCCTTGCTGCATGCTCCAGGCCTACGCTTTGCAGGGCATGCGCAACCTTTTCCTTGATAAGCTTCTCCTTTGTTCCTGTCACTTTCAGCACAAAAGCAAGATTGTCGTATATATTGCGATCTTCGAGCAGACGGAAATCCTGGAAAACGATGCCCAGCTTTCTGCGCAGATGCGGGATCTGTCTTTTTCTGATGGTACGGGAGTTGTATCCGGCGATCTGGATCTCTCCCTTTTTAGGCTGGATTTCCATATAGAGCGACTTCAGGAGCGTCGTTTTGCCGCTGCCGCTTTTTCCGACGATATAGACCAGTTCACCGGACTGAACGCTCAGGTTCAGATTCCGGAATATGGGCTTTTTGTTGAGCTCAAGGTCAACGCTGACGAATGAAATCATGATGATTGTTCTGTTTGTTTTCTGTTCCGTGCTATGGTTATGGCAAGTATCGTCGCTTCGTAACAGCTTCGTTCGGAGGCTTTACCCGTTCCGGCTATATCGAAACTCGTTCCGTGATCGGGCGAGGTGCGTACGATCGGAAGACCGAGCGTTACGTTTACGCCGGTATCGAACGCCAGCACCTTGAAAGGCAGCAGCCCCTGATCGTGATACATAGCTATGACCATATCGTACTTTCGATACCGTCCGGCGCCGAAAAAACCGTCGGCAGGGAAGGGGCCTTCAACCTCCAGGAGTCCTTCAAGGCTCTCAAGGGCAGGTATTATGATCTCTTTTTCTTCATTTCCCATTATTCCGCCATCCGACGCATGCGGGTTGAGCCCGAGCACGGCCATGCGAGGCCGCTCGATACCGAAATCGGTTTTCAGCGAGCGCGCAAGGTTTTCAAGAAAGCCCGCAAGGTCCATCTGCCTGATGAGTGCGGGGACTTTTTCGAGCGGTTCATGAATCGTGGCAAGCGCCACCCTGAGTTTCGTCACCGGGTCGAAAAACATCATGGTCGGTGAACTTATGCCGAACAGTTTTGCAAGAAAACCCGTATGACCGGTTTCCTTGAAACCCGCAAGAGCGACAGCCTCCTTATGTATCGGTGCGGTTACAAGCGCATCACAGACTTTCTGTCGGCAAAGTTCGGCGGCAGTGGCGACAGAGAGCATGGCGATACGGCCTGCCTCTGCCGAAATCGTGCCGGGAGTGATCGTTTCAGGCTCTGCTACGCTCAATACCGGCAGCACTCTGCAGCGTGTTCTGCAAAGTTTTTCAACTGATCGTGCATCACGTACCGGTTCAAGTTCCACCGGCAGGTCGAGCGTTTTCCGGTAATACTCCAGAGCGTTATACGAACCGACGACAAGAAAGGAGTGTTCCGTTTCCCGTATTTTGAGAAAAGTCTTCAGAACGATTTCTGGTCCGATACCGTGTATATCTCCGACTGACCATACTATTTGCATGCTCAAAGACGTTTGTAGGCATTGACAATTTTGTCGTCCTTTTTGATGCCTTTCAGCGCCATCCAGAAAAGCACCGGTTCCGGCAGCATCATGAACATACCTGCTTCCGGTTTATGAGCCATCTCCGGGTACATGCTCCGGAAATACTGGTTCAGAAAATGCGCTGCCGTCAATCCGGACAACAGGTCGACCATGAACAACAGAACTGCAAGGACAATAAGTTTTCCCTGCAGCGCTCTGTTTTTGTAGAGAAAAATAGCGGCAATCGATACAATCGCGGTCAATGGAGAGAAGATGCCTGCGGCATAGCTGGCCGTTACCTGAAAAAGTCCGGCAGCTTGAACGGCTCCGAAATCGGTAAAAAAAACAAGCCGGTCAGTGCTGAAGCTCCAGAACGGAACAGACATACTTGCAGCGGCAAGTAATCCGGCAATAAGGAGGTAAAGGGATTGAACTCTGGCTAACATGGTTGCAGAATGTTTAGAGTATGGAAAACACGTGTATTAATATACATAATCACCGGAAAAGAGTCTGTCGGGAAAACAGGTTTGCCTGTCAAAGCTTTTTTGCCGGATAGTGGGCACAAGGCGTTTTCGTGTCGGATTTTTTTATGCAAGTCACTACATTTCCATGGTATCAGAATAGATTCGCTGGATAGATATTTTGGTAACCGGGCTTGATTTTTTCAGTGTCGACAGGGCATTGTATTCAATATATCGGCGATTACATTTTCGACAACTCCGTCAATCATATGAGATGATGAACAATCCTGCAGGAATTCTTTTTGCCGTGCTGACCGTATTGCTCTTCGCCGCATGTCCGGTCTATGCCGGGGATGAAGCGGACGCTTATTTTTCTTCCGGCAGTTCGAAGTTCGATAAAAAGGATTATGCCGGCGCCATTGCGGATTTTACCAGAACTGTCCAGCTCGATGCAAAAGCCTCGCGGGCTTACCATAACAGGGGAATCGCAAAAATGAAAATCGGCGACAGGCCGGGAGCAATACAGGACTTCATAAGGGTTATCGAGATTGACCCGCAGCTTGCAGAGGCTTTTCTCGACGGGAAAGATGGCGCTTCGGGCCGGGAAGATGAAAAGGAGAGTGCGGTTGATCCTGCAAGGGTGTATCCTGCCGATCTTGTCCCCGCATATGCATTCGCTTTCGATAACCGAGGATTGCTGAAATATATCCAGGGGGACTACAAGGGGGCAATCGATGATTTTACGGTGGCTATCGCTCTCGATCCGAAATGCGCATTGCCATATAAACATCGCGGTTATGCAAAGAACGACCTGCAGGATTATCCGGCGGCGATCGAGGATTATTCCAGGGCGATCAAGCTCGATAAAAAATCCGGGGAGGTTTACCGCGAGAGGGGGCTTGCAAAAGAACTGGCCGGTGATACGGAGGGCGCTTTCGCTGATTTTAAAAAAGCGGCGAAGCTTGGCGACGAGATTTCCGATAAAAAGCTTAAAGACCGGGAGGTTTCGGAAGAGTCGTGATTCCTGAACGTTTCGCCTGTCCTGTCGGCCGCCGAAAAGCGGAACCCGTCAGAACAGGTGAAACGCAGGAAAAAAACGGATTACAGTTAACCTACCTTGCCTTTCTCGGATTACTCGACCATCGTTTCGAAGCGCTCTTTGCCGGTGGTTTCGGGCCGGGATGGCCCGAGTTTCCCCGTCCCTGCTGTTTGGGGGTTTTAACCGGATTGTGATCGATCAGGGGGAACGGATGCGATTCCACAACCGGAATTTTCTTGGCGATCAGTTTTTCCACGTCGCGGAGGTACTCTTTTTCCTCGGCGTCACAGAATGAAATCGCGGTACCCTTCGCGCCGGCCCTTCCGGTGCGTCCTATACGATGGACATAGGTTTCGGCAATATTCGACATGTCGAAATTGATCACATATTCCAGTTCGTCCACATCGATGCCCCTTGCGGCAATATCGGTTGCCACAAGAACCCTCATGGTTTGTTCCTTGAAGTTCGTCAGGGCGCGCTGTCGTGCATTCTGAGCCTTGTTGCCATGGATGGCCGCTGCTGTGATATCGTGTTTCAGAAGGTATTTTACCACCTTGTCGGCTCCGTGCTTGGTACGGGTAAATACGAGTGCTGTTTTGATGTCCTGATTTTTCAGCAAATGGACCAGCAGGTTGTTTTTATTGCCTTTATCGACGAAGAATATCTGTTGATTGATGATCTCGACAGTCGAAGAGACCGGTGTTACCGAGACCTCTACGGGATTGTGCAGAATCGATGCGGCAAGCCTGGTGATTTCGGGAGGCATGGTTGCTGAAAAGAAGAGCGATTGCTTCTTTTTAGGCAGTTCGGCAAGGATTTTTCTTATGTCGTGAATAAAACCCATGTCAAGCATGCGGTCCGCTTCATCCAGAACGAAAAACTCAATATTGCGCAGATGCAGATGGCCCTGGTTCATCAGGTCAAGCAGACGGCCAGGTGTTGCAATCAGGATATCGATTCCTTTTTGCAGAGAGGCTGTTTGCGGGTTCTGGTTGACTCCGCCAAAAATTACCGTACTGGTGAGCCCGGTATGTCGTCCGTATGCCTTGAAGCTTTCTCCGATCTGAATGGCCAGCTCTCTGGTCGGGGTAATGATCAGGCTTCGGATCTTTCTTTTTTTCTCATTGGTTTTTACTGCGTTGAGCAGCTGCAGAACGGGAATTGCGAATGCGGCAGTTTTTCCCGTTCCGGTCTGTGCACAGCCGAGAAGGTCGTTGCCGTCGAGAATCAGCGGTATTGCTTCTGCCTGAATGGGAGTCGGTGTCTGGTAGCCTTCTTCTTCTATCGCTTGTAAAATCGGTTCGATTATGGCTAATGATCTGAATTGCATGGTATCGGTATGGTCTGTTGTTTGGTTTCTGTATGTGAGCGGGTGAATGCTCCCGCTTATTTTCCCTGTATCACCATAGCTGACTGAACGCGAAACGCCTGTATCACGATTCCCGTTTGCAAGGCATGATTTTCCGAAAAACAGGAAACGTTGAATCTCGCTGGTTGTGCGGGATGAGCGGTGCCGGATCGGCAGGGCATGACTGAGGGGTGCAAGATAGCATATTTCATGATGCAACGGCATGAAAAGTTTTTTTCTGTCTCCAT
CP001097.1_gap16	618145	622670	4525	CGCGGTTGCGTACCTTCGTTTCATTGTCAATGAACGCGATAACGAATCCCTGCTGAGAATCATTAATTTTCCTCCGAGAAAAATCGGAGACGTCAGTATCGCCAAACTGAAAGAGTATGCCGTTCTTCAGGACGTCTCGCTTTACGATGCCATCCGCAACGCCGCCGAGGGGGGATTTCAGCAGCGTCTGGTGAACGCTCTGGAGAGTTTCAGCAGCGTGATCGAGCAGCTCAGGGAGCTGTCGGAGTACGGCAGCGTGTACGACGTGCTCAGCGAACTCTACAGCCTGACGGCAATTCCTGCGCAGCTTCAGGCCGAGAATACCGCCGAGTCGCTCGCGCGATACGACAATCTTCAGGAACTGCTCTCGATGGCCAGGGATTTTTCCGATCACAATCCCGACTCCAGTTCTCTTGGCGATTTTCTTGAGAATATATCCCTCGCCTCGGATTACGACGAGACCAGGGAGTCGGATAATTACGTGTCGCTGATGACCGTGCACGCCTCCAAAGGCCTGGAGTTTCCGGTTGTCTTCATTACCGGTATGGAAGAACGGCTTTTTCCGCTCAGCACCTACGAACAGGATGAGCTGGAGGAGGAGCGGCGGCTTTTTTATGTTGCCATGACCAGAGCCCAGGAAAAAATATTCCTTTCATGGGCGCGTTCGCGTTATCAGTACGGTCAGCCCCAGCAGTGTTTGCGTTCGATGTTCGTAACGGAAATAGATGCTTCGATTGTACGCACAGAAAGCGGCGAGCTGCTTTCCGTTCGAGGTTCGTCAGAGAGAGCCTCTTCTGCCGGAAGCTCGCCTGCAAGAGGGGTTCAGCCGAGGGTGCCGTCTCCGCAGAACGGTATTCAGGCGCCCCGCCAGGAGAGCAAACCGGCATCGAAAGGGTTCCGGGCGGGCGCTATGGTTCACCATGCATTGTTTGGCCCGGGCATGATTCTGGAAGTTCATGGATCCGGATCGGGGCAGAAAGTGAAAATAAGGTTCAGAACGGCAGGAGACAAAACGCTCATGGTGCAGTATGCCAATCTCAGGATTGTGAGTTAGCGGCGCCATGAATGCCGGAAAATGCCTTGAGGTAGCAAAGCAAGAAAACTGGGTGATTAGTATTAAACGTTCAGCAGCATGAAAATCCTTTTCGGGGTCCAGGGTACGGGAAACGGACATATCAGCCGCAGCCGGGAGCTGGTAAGAAAGCTCAAGGAGAACGGCCATGATGTTGCGGTGATTATCAGCGGAAGAAAAGAAGAGGAACTGAAGGAGATCGGTATCTTCGAGCCGTATCGGGTTATGAAAGGACTTACGCTGGTGACCTACAAGGGCAGGATGAATTACATGGAAACCATGTTTCAGCTCGATCTTGCACGTCTTATGAGTGATGTTCTGATGCTCGATACGTCGGGTATAGACCTCATTATTACCGATTTTGAACCGATCACCTCGATGGCGGCCCGGATAAAGAATATTCCCTGTATGGGGTTCGGCCACCAGTATGCGTTTCGTTACAACATACCGTTTGCGCGCGGCAGCATTTTCGAAAAGTACACGCTTCTGAACTTCGCTCCGGCCAGATATAACGCGGGATTGCACTGGAGCCATTTCAACCAGCCGATCTTTCCTCCGGTTATTCCTGAAATGCTGTATGTTTCACAAAAACGTGAGGTTGACAGCCGCAAGCTTCTCGTCTATCTTCCGTTTGAAGAGGTAGAGGATGTCGCTGCCTTTGTAAGGCCTTTCGGAAATTATCAGTTCTGCATTTATGGCAAGGTGAAAGAAAATCTTGACGAAGGTCACCTGCATTTCAGGAGTTATTCGCGCGAGGGCTTTCTGAATGATCTGACGGAGTGTAACGGCGTGGTCTGCAATGCAGGGTTCGAACTGCCGGGCGAAGCGCTGCATCTTGGCAAGAAACTGCTTCTCCGCCCTCTTGACGGACAGATCGAGCAGGAATCCAACGCGCTTGCCATGGAGGAGCTGCAGTATGGCATGGCCATGCATTCGCTCGACCCCGACCTTCTCGCCAGCTGGCTTGAACTGCCAGGGCGCGAGCCGCTGAACTACTCCCGTACGGTTGATTTCATTGCCGAATGGATCGGAAGCGGAGACTGGGAGGGGCTTTCCCGATACACGGAAGCCGCTTGGAAGGCAACATTCTGAAGAAAAAGAAACGCATGAGGCGCCCATGAAATTCAGGGATATCGTAACCCGCAGCCGGAGTTACCGGCGTTTCGATACATCCTGCCGGCTTGAGGACGGGCAGCTTGCCGATCTGGTGGAGCTTGCCTGTTATGTGCCGTCGTCAAGAAACCTGCAGCCGCTCAAATATGTCGCCGTCTCGAATTCCGAAACGTGCGCGGAAGTTTTCGGATGCCTCTCATGGGCCGGTTATCTTGCCGACTGGCATGGCCCTGCCGGGCACGAGCGTCCTGCGGCATATCTTGTCATGCTCTGCGACCTCGAAATTGCTTCCGGCGCGGCCTGTGACACCGGCATTGCCGCTCAGACCATTCTGCTCGGGGCAACCTCGATGGGCCTTGGCGGCTGCATTGTGGCTTCGGTCGAGCGCGACCGGCTGCGTTCTGTCCTGGGCATCCCCGACCGTTATGCAATTGAGTTTGTGCTCGCTCTGGGTAAACCCGTTGAAACGGTCGTGATCGATCAGATGCGGGAAGAGGGCGATGTGCGTTACTACAGGGACGCTCACGGCGTCCACCATGTTCCAAAGAGAACCATCGAAGAGGTTCTCCTGCAGTTCCGCTAACCTGCGCCAATTCATGAGTCATGATCGATATCGGCGAACTGTTGAGGGCTTACAGGAAGGGATATTTTCCCATGTCCGATCCGTCGGACGGAAAGCTTTACTGGTGCCAGCCGTACAATCGGGCGATTATACCGATGGAGAGCTATCGGCCTTCACGCGATGTGCGGCGTCTTCTTCGTCGCAACGATTTCCGGGTTCGATTCAATACCGATTTTGAAGGGGTCATCCGCGCCTGTGCCGCCCCTCGACCGAATGCTGTTGAAACCTGGATTTCCGAAAGTATTATCGAGTCATATCTGGAACTGAACCGTCTCGGTATTGCGCACAGCGTCGAAAGCTGGTATGGCGACGAGCTTGCCGGAGGGCTTTACGGCCTGGCAATAGGAGGGGCCTTTTTCGGGGAGTCTATGTTTTACCGCCGTTCCTACGCTTCCCGGATCGCTTTTGACCGTCTGGTGATGCATCTTCGGAAGAGAGGCTATCTTCTGCTCGATGCACAGATCATGAATCCGCATCTGCAGAAACTCGGCGCGGTCGATATTCCCCATAAAGCATATATGCAAATGCTTGACGCTGCTCTTCATAAAAAGATTCCCTTTCTCTAAAGAGGGAAAAGTGGTACCTTAAAAGATATTCTGTTTTGAGGAAACGTGAGTTTATAAAGGGAGTATTGCCATATGTTGTCGAGAGACTTAACGGAAAACCAGTCTCAGCCGAGAGTCATAATCTATTCAGGAAAGGGCGGAACGGGTAAAACCACGATATCCTCTTCGACGGCAGTAGCTCTTGCCCGGCAGAACAAGAAGGTTCTCATCATGTCTTCTGATCCTGCCCATTCGCTTTCCGATGTTTTCAATACGCAGATCAGCCGTAACGAACCGCAGAAAATCGAAAACAATCTCTATGGTCTCGAGGTCGATACGATCTATGAGCTGAAAAAAAACATGTCCGGCTTCCAGAAGTTCGTTTCCTCTTCCTACCAGAACAAGGGAATCGACAGCGGCATGGCTACCGAACTTACCACGCAGCCCGGCCTCGACGAGATTTTCGCACTCAGCCGCCTGGTCGATGAGGCGCAGTCGGGCAAATGGGACGCCCTGGTGCTCGATACTTCGCCGACCGGCAACACCCTGAGACTGCTTGCCTATCCGGAAATCATCATTGGCGGTAATATGGGCAAACAGTTCTTCAAGCTTTACAAGAGCATGTCGTCACTGGCCCGTCCCCTGAGCGGCAACTCCATACCCGATGAGGACTTTTTCAACGAGATCAACGTTCTGCTCAAGCAGATGGAAGATATCAACAAGTTCATTCTCAGCCCGGAGGTTACCTTCCGTCTGGTGCTGAACCCCGAGAAGCTTTCCATTCTTGAAACAAAGCGTGCCTACACCTTCGTGCACCTTTACGGCATCAATATCGACGGTATCGTCATCAACAAAATTCTGCCGACCTCGCGTACCGTGGGAGAGTATTTTGAGTTCTGGAGCGAGCTGCACAGCAAATATCTGATGGAGATCGACAACTCCTTCTATCCTACTCCCGTGTTTCGCTGCAATTTGCAGCGGACCGAGCCGATCGGGCCTGACGCGCTCCATGAGATCAGCAAGCTGGTGTTCGGCGAGGAAGTTCCGGATAAAATTTTCTACTCCGGAAAGAATTTCTGGATCGAGACCCGCAAGAATGCCGTTACGGAAGATCATAGGGAAATTCTCTGCATCAAGATTCCGTTTCTCAAGGATGCCGAAGATGTAAAGGTC
CP001097.1_gap17	624412	628612	4200	CCCTCGCCGGCAGGATTATTGCCAACTTTCCGGATAATCTTACTGACGACCAGAAAATTTCCGATCAGCTTGCCGAACTTGGCGAGCTTGCCCTGAAGCCTGAAGCCAACATTATCAAGCTGCCCAATATCAGCGCCTCGATTCCTCAGCTCAAAGCAGCGATCGCGGAACTGCAGGATCATGGGTACAAGGTGCCCGATTACCCTGAAGCTCCTGCAACCGATGCAGAAAAAGAGATTCAGACCCGTTATGCGAAAGTACTTGGCAGTGCCGTGAACCCTGTGCTGCGTGAAGGCAATTCCGATCGTCGGGCGCCGCTTTCGGTGAAACAGTTCACAAAGAAGCACCCCCACAGGATGGGCGCATGGAGCAGCGATTCCATGTCGCACGTTGCTCACATGAAAGATGGCGATTTCTACGGCAGCGAGAAATCCCTTACCGTCGGAGCCCCGACCAGCGTACGTATCGAGTTCGTTGACGGCAGCGGCAACGTCAAGGTGCTCAAGGAAAAAACCGCGCTGCTTGAAGGCGAAGTGATCGATACCGCCGTGATGAACGTTCGCTCACTGCGACAGTTTTTCGCCGATCAGATCGCCGATGCCAGAGAGTCCGGCATTCTCCTCTCGCTGCATCTGAAAGCTACCATGATGAAAGTTTCCGACCCGGTCATGTTCGGTCACGCGGTTACGGTATTTTTCAAGGATGTGTTCGAAAAACATGCGGCCGTGATCAAGGAACTCGGCGTGAACGTCAATAACGGACTTGGTGATCTGTACGCTAAAATCCGGAATCTTCCGGAAGAACAGCGTGCAGGGATCGAGTCTGACATACAGGCTGTTTATCCTGCCCGTCCGGCGCTTGCCATGGTCGATTCCGACAAGGGCATCACCAATCTGCATGTGCCGAACGATATTATCGTGGACGCCTCGATGCCGGTTGTCATTCGTGATTCAGGTAAAATGTGGGGTCCGGACGGCAAGCTGCACGACACCAAAGCCATGATTCCCGATCGCTGTTATGCAACCATGTACCAGGCGATGGTAGAAGATTGTCAGAAAAACGGAGCATTCGATCCTGCAGTCATCGGCACCGTGCCTAATGTCGGACTGATGGCCCAGAAAGCCGAAGAGTACGGTTCGCACGACAAAACCTTCATGGCCCCGGGCAATGGCTCTATCCGCGTCGTCGACGCATCCGGTTCCGTTCTGATGGAGCAGAAGGTTGAAGAGAACGATATTTTCAGAATGTGCCAGGTCAAGGATGCACCGATTCGCGACTGGGTGAAACTTGCCGTCAACCGTGCGAGAGCGACCGGATCTCCGGCCGTATTCTGGCTCGACAGCAACCGTGCACATGACCGCGAGATCATCGCCAAGGTTAACGAGTACCTCAAGGAGCACGATACAACCGGCCTTGAGATCTGTATTCTTCATCCGGTCGAAGCCATGAAGTTCACTCTCGAGCGGTTCAGGGCCGGCAACGATACCATTTCGGTGACAGGCAACGTGCTTCGCGACTATCTGACCGATCTGTTTCCGATCATCGAACTTGGCACCAGTGCGAAAATGCTCTCCATCGTTCCGCTTATGAACGGAGGCGGGCTTTTTGAAACCGGCGCAGGCGGTTCCGCTCCGAAACACGTGCAGCAGTTCCAGAAAGAGGGCTACCTTCGCTGGGATTCTCTGGGCGAGTTCTCGGCACTTGCCGCATCGCTGGAGCACCTTGCAAAGGCATTCAATAACAGCAAAGCCCAGGTGCTTGCCGATACGCTCGACCAGGCTATCGGGAAATTCCTCGATAACAGCAAATCGCCGGCTCGCAAGGTCGGCCAGATCGACAATCGCGGAAGCCACTTCTATCTTGCTCTTTATTGGGCTCAGGCGCTTGCGGCACAGAGCACTGATCAGGAACTTCAGGCCCGTTTTGTCGAAGTTGCCGGACAGCTTGCCGAAAACGAGGAGAAGATCAACGCAGAGCTCATCGGAGCGCAGGGAAGTCCGGTTGATATGGGCGGCTACTACCATCCGAACGACGAACTGACCAGAAAGGCCATGCGTCCGAGCGCTACGTTCAATGCGATCATCGACGCACTGTAAGCGGTTGATCTGCAGCAACCCTCTCAAACAGCGAAGCCCGGTTCACACACCGGGCTTCGCTGTTTTTTATGGTATCCGACGCATCTGACCTATCGGTCGGATCACTCCCTTTCTTCAGGTTCTTCAGCCCAGGCATATAAAAACCCGTCGGAGCCGAACCTGTTGACGATGTCCTCAATATCTCCCCTTGATACCACGAAACAGCCGTTGCTTCTGCCGATTCTCGGCCCGTTGAAGGTGACGAGATTCAGAAGAATATAGCGCAGCGACACGTAATCGGCCGAGTGCAATACGATATCACGACGGAAGGCATTTCCGTTGCGGCCCGGTTCGAGTCCTTCGAGCCGCATTGCCGTTCCGTGGTCGCCCCGGTAGGGATCGAGCACCCGGTAAAGCCCCGGACTGCTCATATTCGATTCGGGAGTATCTGAAAAAAAACGGGCGTACAGTTCTCCGGATCTTTTGCCGTGCGCGACGAGATGGAAGGTCTGTTCTCCTGTTTTCAGGTCGATGAGCGCCATCCGCTTCAGATAAGAGGGCTTCGAGTAATCTGCGACAGCGAGCATGCGGGGTCGCTCCTGCGGGTGTTCTGTCCGGTAGGCGTCGAGTGCCGCAAATGCCGCCCGATAGGCTTCGGGCGAGACCTTTTCCTGAACGGAGAGCAGGATTGCTCCTGTGAGCAGGAGCAGCGTGAGGAGTCCTGAAAATGCGATGATCGTTCTTTTTCTGAACATGCTTTTTTAGAACGTATCAGATTTTTCTGACAAACGTGCCGTTCCGGAACTCCTCGAATGCCTGCCGAAGCTCTTCGCGGGTGTTCATGACGATAGGCCCGTGCCAGGCGACCGGTTCGTTGAGCGGATTGCCGGAAATCAGCAGGATGCGCATCGGATTTTTCCCGGTTGTTATGGTGAGGCTATCTCCGTCGCTGAAGAGTACGAGGGTTTCATTTTCAAGCAGTGGCGAGGTTTCAAAGTCGAAATAACTCACGCCTTCTGCGTCGAACCCGAACGGTTTTTCCTTATGGCAGAACACTCCTTTTCCGGCAATGATGTAAGCGAACGCTTTGCGTCCTCCGGGAACAGCACAGGTATAGCTGACGCCAGGAGGCAGGGAAATGTCGAGATACTCGGGGTCGATGGCAATGCCGGTGACCGGTCCGGAGATTTCACCATGTCTGCCGCAGATGATGCGGATCTCCACTCCGTTATCCATATGGAGTACGGGAATTTCAGAGGACGTGACGTCGCGGTAGCGGGGCGGCGACATTTTTTCGGATGCAGGCAGGTTCGCCCAGAGCTGGAAGCCCGCAACCTCTCCGCGCTCATTGCCGAAAGGCATCTCTTCGTGGATTATCCCGCTTCCGGCAGTCATCCACTGTACTCCTCCGCCGGAAATGATTCCCCTGTTGCCCATGCTGTCGGCATGTTCGACATATCCGTCAAGTACATAGGTGATGGTTTCGATACCGCGATGCGGATGCCAGGGAAAACCTTTCAGGTACTCTTCAGGATTTGACGAACGGAAATCGTCAAGCAGCAGAAAGGGATCGAAGAGGGGGAGCTGGCTGAACCCGAATGCGCGTTTCAGGAGCACCCCCGCGCCCTCGATAACCGGTTTGCTTTTGAACACCTTCCGGATTTTTCTCGCTCTGTCCATTGCAGGCCTCCCTTTTTTTTAGCACAAAAAAGTTCTTTTTACTGAGAACCCTGTTGTGGGGCTTACAAGTTCAATGCTTGCGAGATGATTGAAATAGAGCTGTTCAGTCTCGCGGGTAATGTGTAACTTGTCGGAACAGGTTGTTTCAGGAAATACAATGCGTTAAAGAAAAAAGGCATGGCACAGAAAACCGTAAAGGTGATGTTCATCGGAGATGTTGTCGGTACTCCGGGTTTGAAAATGGTCGATTTATGGCTGAAAAATTTCATAAAAAAGTACAGCGTCGATTTTGTCGTCTGCAATGGCGAAAATGCCCATCACGGCAAGGGAATGAGCCTTGAGGCGCTCGGGCAGCTTCTCGAGGCCGGGGTCAACGTCGTGACCGGCGGTAACCATACCTGGAGCAATTTCAACTTTTTCGATACCCTGAAGTCACATTCGCAGG
CP001097.1_gap18	630001	632395	2394	TCCTCTTTGATATAGTCGAGATATTTTTTTGTGCCTTCGTTGAACTGGGCGTAGGAGCCTTCGTTGATCGAGTAGTATTTACCGGTTTTCGGGGTCACGATGTTTTCGTGGGAAAGAAGGAACTCGCCGATGGTCGGGTCGTAGGTGAACCCGTGCACGCCGTTGCCGGTGGTGTACACCATGACGACCGATGAACCGTAGATAACGTAACCGGCGGCAACCTGCTCGCTGCCTTGCTGCAGACAGTCGCTGATGCTTGCCTTGCCGGGATCGTCGCCTTTGAGCCTGTAGATGGAGAAAATGGTCCCCACGCTGACGTTGACATCGATATTCGACGAGCCGTCAAGCGGGTCGAAAAGCAGCGCGTAATTGCCTGTTTCATTCTTTGGAGGAATGATGATGCCGTCGTTTTCCTCGGAACCCATAACGGCGAAGCGCCCATGCTGTCCGATGGCGTTGATGATCTTTTCGTTTGCGAACAGATCGAGTTTTTTTACCTCCTCACCCTGAACATTCGTGGTGCCTGCAAAACCGAGAATATCGACAAGACCGGCCCGAACCACTTCGCGGCGAACCAGTTTTGCGGCAAATGCCACATCGGTGAGCAGATCGGTCAGTTCGCCGCTCGCTTCAGGGAAAAATTTCTGCTGTTCAAGAATGTGCCGTTCGATGGTGACAAGGTTCATGGCTGTTCTGGTTCCTTTGGTTGAGAATCATTTCGAGGTAATCGACTGTAACAGTGTGGACTTACAATGTAGGGTATTCAGCCGATTTTTCAAACGTTCAGTCCCCCCTTCAATTTATACCGCTTTTTGTTAAGAGTCGTCGAAAGTGTTATATACTCTCTCATTCTGATCCGTAAGACTCTATCCTATCTTCATGAAACGCTACAGCTGGGTACGGCTTGAACCACAGGAAAAGCAGGTTTCTCTTCTGGCTGGCGCGATCAATGTCAGCCATCCTCTTGCACGGGCATTATGCAATCGGGGGATAACCACGTTTGAAGAGGCCAAAACATTTTTTCGCCCTTCAATCAGCCAGCTCTCATCTCCCTTTCTGCTGCAGAATATGGAGCGTGCGGCAGAACGGGTTATTGCCGCCTTGAACAACCATGAAAAAATTCTGCTTTACGGCGACTATGACGTGGATGGAACAACCGGCACGGCGCTGCTCTGTTTGTTTCTCAGGGATCAGGGGGCGGAAGTTTTCTACTATATAAACGACCGCTTTACCGAAGGATACGGTCTTTCGTCAGAGGGCATAGCGTATGCCGAAAAATCCGGGGTATCGCTTATCATTACGATTGATTGCGGCATTCGGGCCGGAGAGGCAATTGAACGGTGCGCACAGGCCGGTATCGATGTAATTGTGTGCGATCACCATGAACCGGATGAACTGCCGCCCGCCTTTGCCATTCTCAACCCCAAGGTGCCGGAGTGTACCTATCCATTCCGGGAGCTCTGCGGCTGTGCCGTTGCCTTTCGTCTCGTTCAGGCCGTTGCGGAACGACTTGGCGCCGGCGAAGAGAGCTGGAAGCAATATCTCGATCTTGTTGCCATAGCAACAGCCGCCGATATGGTGTCGCTGGAAAAGGAGAACCGCATCCTTGTCAATGAGGGGCTGAAGCGGATCAGGATATCTCCGCGAAAAAGCCTTTCCGGCATGCTTTCTGTCATGGGAATCGATGCCGGTACGATGACCATGTATCATATTGCTTTCGGTCTTGCGCCGAGGATCAATGCCGCAGGACGGATGCATTCGGCACATCTTGCCGTTGAATGGCTGCTTGCCGCAACGGAAACAGGAGCTCTTGAAACAGCGCAGGCGCTCGACCGGATGAATCTGGAGCGCCGTGAGATCGACACCGCTATTTTTTCAAGGGCTGACAGAATGATCGAGGGGCATTTCGCTTCATACTGTTCTTCAATTGTGCTCTACGATGAGGAGTGGCATCTTGGCGTGCTCGGCATCGTCGCTTCCAGAATGCTTGAAAAGTATTATCTGCCGACCGTAATCATGGGCAGCATGAACGGCATGATCAAAGGCTCGGTGAGGAGTGTCGAGGGGATCAATATTTATGAGGTTCTCCAGGAGTGCAGCGATCATCTCGTTCAGTTTGGCGGCCATAACCAGGCAGCCGGCATAACGCTCAGGCCGGAAGATCTGGCCGGTTTCAGAAAGAAGTTCGACAACATATGCGCAGCTCTGCTTCCCGCGGATAAACGGCAGAAAGAGCTCGTCATCGATTCGTCGCTGCAGCTCGAGGAGATTACTGCCAATTTCATGAATGTGCTCGATCAGTTTGCTCCATACGGGTTTGGAAACCGCGAACCGGTTTTCGAGACTTCTGCAGTAGTGCTTGTCGGGCGTCCGCGACTGCTTAAGGAAAAGCAT
CP001097.1_gap19	655848	657470	1622	CCAGGGTTAGCGTAAAAAACACCCATAGCTCGTAGTTTAAAGGTGCCAACCAAATCAAACCCCAGAGCTATGAGGACACAGTTAAAAAAGCTAACCATGTACAACAAGGTTAAGGAATTTGCCCGAGAAGGTTCACCCCAATCTGGTTGGGCAATGGAAGCGGGAGGTTCAAGAGCATGCGGCTGGTCTCTTTGAGGCCAAGCGCGGCCCGAAGCCGGTCGATCCACTCGCAGATCCGGAAAAACTTTATGCTGAAATAGGTTGGCTCAAGGTTGAATCAGGGTGGCTCAAAAAAAAGTCGATCCCTACCTGTGAAGGTGCGTAAAACATGGATCCGTGAGCAGGATCAGCTGCCGGTATCAACACAATGCGCACTTGCCGGGGTGAACTGGTCAGGGTGCTACGGGCCTGCCAACAGCTCTACTTCTAATGCCAAAGACCTCGACTTGCTGATACTGATCGACGAAGAGTACACCCGTCATCCGTTTTATGGAAGCCGGCGGATGAAGCGTTTAGCGAACCATGTCTGGTCGAGCGATGTGACCCTATTTGCAGGTTACCCGGCGGGCTTTATGTATCTGAGGGCTGTCATCATCGACTGGTGCTCCCCGCAAAGTACTGGCATGGAGGCTTTCGAACTCACTGGACAGCAGCTTTTGTGTTGACTGCCTTGAGGAGACGATCCGCAAGTATGGAACTCCGGAAATCTTCAACACTGATCAGGGCGTTCAGTACACCAGTGATGCGTTCACCAGCGTGCTCAAGAGCCATGAGATCCGCATCAGCATGGATGGTCGTGGCCGGGCCCTGGACAATGTTTTCGTCGAGCGGTTATGGCGGAACGTCAAGCAGGAAGACCTGTACCTGAAAGGCTATGAAACAGCGGTAGAAATGATGCGGGGATTCGCGGAATATTTCCAATTTTATAACACAGGTCGTCCTCATCAGTCACTGGGGGACAAAAACCCCGGACGAGGTATACGGAAGCGCCATAGGAAGCGGAGCACGCATCGTAGACAAGTTCTCTCAGAAGAGTGTCTCCGAAGGGTCGTCGGAGACTACAGGGCCGCAACAGGAAGCGGCATAAACAACCGGCGGGTTGCCACCTTAAATTCGATCTTATTTTGTCTGGTCGATAGGGTCCATTTCAGTATGAAGTCAGGAAATATTGCAAAACTGATTTTATAGTGGTTTCATTATGATGCTGGATTTATATGGGCACGGTCCTATCTTTTTTCTTTCAGCCAGGAGGCGGCTGCCTGGTGGCCCAGGTTCGCTGCTTTCATCATATCCTCAATGGCACCCTGTGCCATGCCAGCAGACGCACGGGTGAGTCCGCGCTCGTAAAATGATACGGCGTAGCCGGGGGTCTGTTCGACAGCCTTGTCAAAATATCCAAGGGCTTCCTGCATGCGCCCTGCTGATCGCCGGTTTCTTCCAAGGTTGAGGTAGATCATCACCAAAGAAGGCTTGAGCCCTCGATTGTCTGCATACTTTTCAGCCACCTTAGCATCAAGTTCCATTGCCTTCCGCAGATCCATTAGCGCTCCTTCCGTGTTTTCCGTGATGTATTTTACTTTGGCGCGTCCATAGTAGGCTATTGCGCAGGAGGGATCGGCATC
CP001097.1_gap20	724664	727755	3091	GGACTTATTTCGCAGTTAGAGCACACTGAACAACAAAAAAAGGACTAAGGTCAGCGTGCTCAACTCAACTGAGGGGAATCGGGGACGGTGTTTTCTTTAAGTTTTTATGGGGAATGCGGAGTGTGAAGCCCATACGGGAAGGCCGGCTCTGTCGGTATTTTTACGGGACGCTCATTATTAATATGACATTTTGTTGGAGCGGTTGATTGATCGGGGAGATTGCAGAGGCAACGTTCATAACTGAGGAGGGGAATCGGGGACGGCGTTTTCTTTAAGTTTTTATGGGGAATGCGGAGTGTGAAGCTCATGCGGGAAGGGCCTGGTCGGTCGGGGGTATTGACGTCTGGAATTATCGAAAATCCGTGTTATGCCGGGGCGAAAAGTGACTGAAGCGAATGTTGTCCCCTGATTTCGTCTCGATTCTTTGTGGTGCCTCGATGATCATTTTGCCGGTCTTTTTGCCGATCTGCAGTAAACCCCGGCTGCTCATCTACGATAGCTCCCGGTACTCGCCATAAGTGCTCAAAGCAGGAACCGTCTCCTGATTCCCCTTCGCCGTCACAAACGGTGATTTCCGGGCTGAAATCATGAGATGGCTGAACGCTGGTGCTATGCTACTGTTTGGTGCAGTGATATGTTGATGACTTGCCGTTTTTTCGCTACATTTTCTGTAAGCGATTATTGTGACAGGGCATGGAGGTCGTTTGCAAGCACATGAGGTGAGCACCTCAATGGTGTATACGCATGTTTTAAACAAAGGCGTTCATGGAGTAAAAAGCCCGGTTGACCTGTTTCCTGCCGGTTTAGACTGATCTGTATAAACCGCCAGGTCTGAATATTTGTTAACGCGTTTAACTTATTTTTATTAGGGTAATTGGCTGGTCTGTGAGTGTGATTTTGAAGTTGTCTTATACAGAAAGAAGCTTTCTGCTTTTTCAGAATTAGGCAGATCAGTCTAAACATTGTTATGCGCAGAAGAGAGGGAAGGCAATATGAATTCCGAAGAATTTGTGAGTTCCATAAGCAAGAGTATTCCCATCGGAATCGAATTTGATAATCCCGGTGGTGGCACATCCATCGTCAAATCCATAACGCACATGAATATCTCGTATAAACGAGGTAATTCCATCATGTCCGTTGGGCTCAATACTCTCTACGATACATACAAGCAATTCGCGGGAAGGCAGGTCACTTGCTCGGAATTGAAAGAATATGCGCCAAATATTTTCGATTCAAAGGCACGTCCAGCAGGTCACTCTTGCAACTGCACTTTTTTCTTTCTGGTCCTAATTGCTATTGGTGTAGTCGAAGAAATCCAAGGTGCCGGAGTCCGCGGTAACCCTTACTACGTGGACATACAAAGCCCATGAATCGCATAACAAGTAGTTCCAGCGGACCCCAAACTCCGCGCGGCTTTTTGCGCATGCCTTCGGCATTTTCGCGCAGACGCCTCGCTACGTTTGGGTTCGCTGAACATGGGCGTTGGGCGGATACTGTGAAGAATGCGAAAATCTCCGACACTCGGCAGGAGAGTCCCGACCGATGAGCGAAAATAGTCAGTTCTCAGGAACCTGTGTCACCTCGGGTGAGGCGATGGACATCTACGAGGTCGTTGCTCAATACGCCATAGCCGTCGGGCAGCAGCCAATTGGGATTGGTTCCCTTGGGCGTTGCCGCTATTGCGGCGCTGAGAGTAGTCTGAAGTTCCAGCAGGTTGCACACACTTTCCCTGAGGCGCTCGGGAATCGATGGCTCAAATCTCTTGACGAATGCGACGATTGCAACCACAGGTTCTCTGTTTGCGATGCAGCGCTGGCGGAGGCGTTTGGAGCCTTCCTGACTCTCGGTGGCTTGGCACGCAAGAAAGGCTCCACCAGAAAGTTCGGTCGAAGTTGTGGCGACGTGACCGTTGCCCACGAAAGAAACGATGACGGACGTCACCAGTCAGTTCGTATGAAAGGCACCACCGAGGCACTCGGCTTCGGGGTGGCGCGCGGCGATGAGTCCTTGCGCATCAGAATTCCCATGCCGAATGTGGCATTTGTTCCAGCACGGGCATACAAGGCTGTTGCGAAGATGGGCTTCGCATTGATTCCCCAGGGGGAACTACGTCACTTCGAGTCTGAACGCAGATGGCTTCTCGACTCGTCTGACGGCGACCAACTACGAGACCATCATGTGGTCGCATCATTTGGAAGCGTTGGCAACGCTCCGCCGCTTGTCGTGGGATCGCTTCTTCGGCGCCGACATCCGGAGGTGCCGCTTCCATACATGATATTCGTAGTGTGCATCTGCTCGATCTGTATGCAAGTTGCGATCAAGGCCGATGCCCTCGATGATCACGTGCCGAGCGATGCCGTGCGCGGGGTGAATCTTCAATGGGTCACCGCTTTTGGCGGATCGCAAGACAAACCAGCGGTGAGGATCGTCTATGGCCACCGAGTGGAGTGGGATTGGAGTGCGGCTACGTCTGCTCTCCAGCCCGTCGCGGCGATGATCCTTACCTTCAACGATAAGACGCAGGAGGGGAGCCTTGAACCAGTATTTCGTTAGTTGGGTGGCCTCTCGGCGTAGTGCCGCCCAACATGGCAATGCACCTGTCGATCGGCAGCGGACGGCCGCTCGCAGGTGAACGCCAAGCCGTTCACCCGCCCTGCGGTTGGGTGAACGTGGCCGCGGATCGGGCATCCGCCTGTCCGCCCGCAGGCGGGCGAACAAGCGGCTGGAGCAGACACTCCGCGTCGTCAAATAAATATTCCGCCGCGGAGCGCTGCTCATCCGCGGCCACGTTAGGCCTCAGTAAAGGTGCCGCATGCATAAAATAGTAGTTAACATGCCTTCAGAAAAGCTGTTATATCACTACACATCTCTTGAATGTTTGCTTGGCATAGCATGTTCCAAGACTCTCCGTGCAACACACATTGCACATCTCAACGATTCCAAAGAGCTGATGCTTGCTATCGAACATTTGGAAAGGGAGGTCAAGAAACGCTTACAGAACGAGCAATTAAATTCTGAAGATCGAAAATGCCTTGTACAACTTTCAGAGTGGCTAAATCATCGTTTTCTACTCGAGCATCTACTATTTACT
CP001097.1_gap21	870717	872493	1776	TCGGTTATCAGCCGTCATCTTGCCGGCTCTCTGATGCTTGTTACTGCCCTTAATCCGCATATTGGCTATGACAGAGCTTCAGAAATAGCACGAAAAGCCGAAAAAGAAAAAATATCTCTTCGTGAAGCTGTAATTTTGAGCGGGTATGCAACAGGAGAACAGTTCGACGAATGGGTTGATCCATGGGTAATGACGGGCAGCTTTTCAACTGGCGGCCAAAAAAGTGATCCGGAAAAAATATGATGTTTTTCAGAACAAAATACCATCCGGAATTGTTCTTGTCTGAGTAGCATGTGTGGTTATTGTTCTTTAATGGTTTACTCTGTTACCGTTATGCCTGTTCTCCCATGAAAAGGGAGGGCAGGTTTTTTTTTGACGATTTTTACCATGATGCGGCAAGAATGGGTTATTACGTTATTGCCGGTTGTAATTCGCAGTATTCTGTTTTTTCCCATAGTTCATTTGTATTGTTGATTTGTTGATAACCTCCCGGAAAGCAGCAGGATACATGCACAGAGGTCATGCACTGAAAATTCGTCACCAGCGTAACTGTCTTTTTCTCTTATTGTAACTGATTTTTAAATAACAGGATAAGGCTTTTTATCCGTGGCGTAAACTACGCCGGAGTGCTTCAGTATTATTAGCGTTACCGATTCTGTTTGCTGTTGGCTGAATGTTGATAACCTGTTGGCAACTTCTTTGTTCAGGTGGAAATCCTTATCGTTATTTTATACGCGAGCGTTGAAATGCGAGAAAAGTTCTATATTTGCCTTCAGATTCAGGGCGGGTCACACCCGTCTTTTTTTGTGACAGTACATTATTCATTATCCAGTATTATTTATGATTGAACTCTGCAGTGATGAACTCAGGCTGCGTGCAAGCAGAATCAAACTGGTTATTTCCGACAATGATGGCGTTTTTACCGATAACGGGGTGTATTACGGTGCAGCGGGGGAGGAACTGAAGCGCTACTCTATTCGTGACGGCATGGGTGTGGAGCGGCTCCTTGAATTTGGTATCGATACGGCAATAATGACCGGAGAGGTTTCTCCCAGTATTGCCAAACGTGCGGAAAAGCTGAAGATGCGGTATCTCTACCTTGGAGTGAAGGATAAACGTTCACGACTTCAGACGGTTCTTTCCGATACAGGCATGGAGATGCATGAGCTTGCCTATATCGGTGATGATGTCAATGATCTTGCAATCATGAAAGCCGTTGCAGATCACGGGCTCACTGCCTGCCCTGGTGATGCCATGCATTTCGTCAAGCCTTTTGTTCATTATATCTGTAAAGCCAGAGGCGGTGACGGAGCGTTCAGGGACTTTGCCGAATGGCTGATAGCTAAAAAAAATACATCAGATGACTGAGCAGATGCAGTTGTGCTGTCTGCCCGGTTTTTATACAATAATTTGAACGATGATATGGCTGAAGTAAAAATAGGAAAAAGATATGTCGGTGACGGACATCCGGCATTTGTTATCGCTGAAATCGGCATCAATCATAACGGATCACTCGATGTTGCCAAGCAGCTGATCGAAGGCGCCGCACTTGCCGGATGCGATGCGGTGAAGTTCCAGAAACGTACGCCGGATCTTTGTGTGCCTGCCGCGCAGCGCATGATCGAGCGCGATACCCCCTGGGGAAGAATGACCTATATCGATTACCGCTATAAAGTCGAGTTCGGACGTAACGAGTATGCTGAAATTGATGCTTACTGCAGGGAAAAAGGAATTCTCTGGTTTGCTTCCTGCTGGGATGAGGAGGCCGTGGATTTT
CP001097.1_gap22	998057	1002752	4695	CTCGTCGAAATCGCTGATAGTGCGGGGTGCGGGTTCACGCATGGGCAGCTTCAGCATCTGGTTGAAGTCGCAGTCATAGAGGGCGCCGTCCCAGCCAACCGAAACCGTGTTGCGACACATGAGGTTTTTTACCGCCTCGGGATTGAAGTGGCTTTCGAGCAGGTTCATGTATCGGCAGAAACCTCCCTCTTCGAGCAGGGATTCGAGGAATCGGCTCACCGGCATATTGGTGATGGTGTAGAGATGGCTGAACTCGATGCCGAATTCCTGACGGAGCCTGCTTTTGTAATCCGCTTCGAGCGCCTGCTGCGCTCCGGGAAGGGAGGGGCCGCCGGGATTGAAGACGAGGTTGAGCTGAAGCGGGCTGCCATCTTTTCCGTACCCTGTCGCATTGAGCATGCGGAGAGCTTCTATCGAACGGTCGAACACCCCTTTTCCTCTCTGGGCATCCACATTTTCGCGCGTGTAGCAGGGGAGCGATGCGATGAGTGAAACGCGGTTTTCCCTGAACAGTTCCGGAAAATGACGGTACTCCTCCCCCGAAACAAGTATCACCAGATTGGTTCTGACCAGAATCTCCCCCTCAGGCATTATTTTTCTTGCTTCGCGTATAAACCAGGGGAGATCGGGGTTCATTTCAGGAGCGCCGCCGGTAATGTCGAGCGTCTGGATGCGGCTTTTGCTGAGCGCGTCGAGACAGTGCTGCATGGTTTCACGGCTCATAGTTTCGCTACGGTCGGGACCTCCGTCAACGTGGCAGTGCCGGCAGAGCAGGTTGCATCGGTAGCCGATGTTGACCTGCAGAATGGCGGTTCCGTCTGGTCGCAGCGGCCCGTTGCCGGTTTCGGCAAGTTTCGAGCCGAAAGGAGGGATGCTGCAGTCGGTTTTTTCGAGTACCCGGATCTGTTCCCCGCTCTCCGCAAGGGGGTTTTTGCGCTTGTGAAGCGATGGATGTATGGTCATGGACGAATGATTTTGAATTGCCGTACTGTTGTTCTCTGTAACGCCGGGATGACGTGAAAACGTTCTGAAGATTGTGGGCCGTGGGCAGTTGGCGGTGGGCGGGGAAGATTGATGAAGATTGTGGGCAGTTGGCAGTTGGCGGTAGCCGGGATGTCTGTATTCAGTAGTCGGTAGCCAGTAGCCAGTAGCCGGGGAAGATTGATGAAGATTGTGGGCCGTTGGCTGTGAGCGGTGGGCAGGTATTCAGTAGTCGGTAGCCGGGGAAGAATTACCCCCCAAAAACGGGTTTTCGTCCTTGTTGTCCTTTTCGTCCCGTCATCTCTCGATTCAAGGGACGAAAAGGATGATATGTCAGCTTATTCGCCGGCCGGTCAGCCGCCGAGGCGGGTGTGCAGCTTTTCGGCAGCCTGCCTGCCGCTCAGTGCGGCGCCCTCCATCGAGGCGAGATAGCGCTGATAGGTATAGTCGCCGGCAAGGAAGAAGTTTTTCACGGGGCTTGCCTGGTCGGGGCGGAACTTGTCAACGTCCGGTACGGCCTTATAGACCGACTGCGGAATTTTCACGATGGTCGATTTCAGCAGTTTCGCATCGCGCGAGAGCGGGAAGCGGTCGTGAATATCCTTCATCACCAGTCTGGTGATCACATCGTTGGGCAGATCCATCAGTTGGTGGGCCGGAGCAAGCACGAGGCTCATGACGCTTCCTCCCTCTGCCGAACCCATCCCTTTCTGGAAATCGTCCGGGCAGGTGATCGAAACGTCGGCGAAGGTGGCAAATGTGGTACCCTGCGAGAACATGAGGTTGTCCGTTGCGGTTATTTTCCGGTCGAACCAGAGCTGGCAGTTTGCGACCGGGCTGCCGACGAACTGGTGCAGATTGCGGAAGTATGCATGATTGAACCACTCACCCGGTACGATATTCTTGATGTTGTGTACCGGAAGGGCCGAAATATAGGCGTCCGCCTCGATTTTCTGTCCGTCCTGAAGCACGGCGCACTTGACGGTTTCATCGCTGTTCAGCTCGAAACGGTTCAGTTTGGCGTCCACGAAAATTCTTCCGCCTCTCGTTTGAATATACTGGCGCATGGGCTCGATCATCGAATCGCCTGGATTTTTACGGAAGAACGCAAACTTTGTGGCCGCGTAATCCGTGCCGAAATACTTGAAAATGGTGATCATCGGGCGGGCGCTGATGACGTTGGGCTCGATGAAGTTCATGGCAAGCGCAATCGCTCGCCAGAGTTTTTCCAGAGAGTGTTCCGACGCGCCTCTCAGGCGGTGCCACTCCGAATAGGTCATGTGATCCTGGCTGCGGAAATACTCCTCGTTACCGGCCAGTGCGGGGTAGAGTCCCTTGATAAGTGAAATCTTGTCCCACATGGTGAGAAAATCCGCCTGCATGCCGCCCACCACTTCCGCCCACGGGCTCGGAAGATTGGCTTTTTTGAAGAACGACTGTTTGCCGTCCGGCTCGGCATAGATCAGCGAGTGCTCTTTCCAGAGATAATTCTCGGCAGCCCCCACTTTTTTCATGTACTGCTGCAACTGTTCATAACCGCCAAACACGATGTGCAGTCCCGACTCTATGGAGTCGCCATCATTGTCTTTCCAGACAGAGACCTTTCCGCCAAGCACTTTTCGTTTTTCATAAAGCTCAACGGCATGGCCGCGATCCACCAGTTCTATGGCCGCGCTCAGTCCTGCTACTCCTGCACCAAAGATTGCTATTTTCACCGTATTCAGTTATTAGTCGTTAGGAATTAAGAATGAAGCGGGGGTTCCGGATTCAAGGCAAAATATAAAAATTACTTTTTCGATAATGAAAAAGCCGGATTCTTTGCCCGATTGGCGCTTCAAACAGGATTTTTACTTTTTCAGGGACGAAAGCATCCGGTCCAGCTCGGAAATGAACCTGCTGCCCAATCGGAGAGACTCCCGGACTATGAAACGCAGGTCATTCATGGCTGGTTTCGGTGGAACAGGCGGGAACCCGGTTTTTTCGACCGGCTTGGAATTTGTCTGGCGATGTGACGGTTTCGTTTCGTTTCGTTCGGTCATGGTCATTACAGAGAAAACTTCAGAATTATTGCAGGAGAGAGTATCCTGCGTCTGTATATTCTAATAAAATAAGGCAAGAAGAGAAAACTGACGAATGAGAACCTCTTTTTTTTACGGAGCACGCAATGCTCAAAGGCAGCAAAATCCCTAATTTTTTAAGGAAATAAATGCCAATGGTGTCATTTTTTAAGAAAAAAGTTTTTTTACTTCTTGTTTTTGTGTAGTTTTATACAAAATCGAAATAAATACAGTTCTGTTATGTCCGGACATCTTGACCTGATCGATCTTAAAATTATCGAGTCTCTTGGCGAAAACGGCAGGTTACGTTTGAGCGAGCTTGCCGAAGTCGTGGCTCTTTCGATACCGTCAGTCAGCGAGCGGCTCGACAAGCTGCAGAAAAACGGTATTATTCGCAGTTTTACCATGGAGGTAGACGAGCGGCAGCTTGGTTTTGATATTCAGGCATTTGTGCGGGTAAGAATCGATTCTTCGAAGCATTACAAGTCGTTTATGGAGCATGTGCTTCAGGAAGACGAGATCATGGAGTGCTTTTCTGTTACCGGTGAGGGGTCACATATTCTCAAGGTCATGACGCACAACACCTCTTCTCTCGAAAAATTTCTCTCCCGCATTCAGAGCTGGCCGGGCGTTCTCGAAACAAACACGAGTTTCGTGCTTTCGCAACTGAAGCGAACGAGAAAAATAAGCGCGGAGATTGTCCGTAACAATCTTCAGGACAGACAGGTATTGATTACATTTGATGAAAAAAAATCAAGAAAAGTATAGTATATAGGCTTTATATTTTCGGTTATAAGGTTAAAACATGTAATAAAACAAGGAGGTTCTTTTGAACATGGAGAGTAAAGTGCCGGTTTCAAGTTATTTTGGTGCGATGACCTTCGATCAGAAGGCCATGCGGGCAAGACTGCCGAAGGATGAGTTCAAGGCTTTGCAGGACACCATCAGGGCAGGGAAAAAAATTACCGGCGAGATTGCCGGTGTTGTAGCTCACGGTATGAAAGAGTGGGCGATGGAGCAGGGTGCAACCCATTACACCCACTGGTTTCAGCCGATGACCGGCTCAACGGCTGAAAAGCACGACGCGTTTCTCTCGATAGATCGCGACGGCACCCCTATCGAGCGCTTTTCGGGTGAGCAGCTGATTCAGGGTGAACCAGATGCATCGAGCTTCCCTTCAGGCGGCATGAGAACAACCTTCGAGGCCCGCGGCTATACCGCCTGGGATCCTTCAAGTCCGGCGTTTCTCATGAAAGGTGGTACAGGTCTTACCCTTTGCATCCCTACAGTTTTCATTTCCTACCACGGTGAGGCTCTCGATTCAAAAACTCCGCTGCTGCGTTCCATGGATGCGGTCAGCAACTCTGCCATCAGGCTTCTCAACGTGCTTGGTACTACCGGTATCTCCCGCGTCAAAACCTTTGCCGGTTGCGAGCAGGAATATTTCCTTATCGACAAGAAGTTCTACTCCGAGCGTCCCGATCTGATCATGTGCGGCCGTACCCTTCTCGGTGCGCTTCCTCCGAAAGGCCAGCAGCTCGAAGATCACTATTTCGGTTCCATTCCCGACCGTGTGCTTGAGTTCATGCAGGACGTGGAGCACGAGCTCTATCTGCTCGGTATTCCGGCCAAAACCCGTCACAACGAAGTTGCTCCG
CP001097.1_gap23	1088045	1091526	3481	CTCGACGATGGGAAAAAGCTTGCCGAGATGGAGCATCATCCTTCGTTTTTCCGGCATGAAACGAAAGGGATATTTCGAATAGGGCAGAGCGGAATAAAGGGTTCAAAAGAGTCACGATTGTATATATACCCCTGTCATCGTGAAAAAATGCTTTACATCCTCGGTATAGGCACCAAGGAGTCTCAGCGGTCAGATCTGGAGCAGGCAAAAAAAACCATTAAAGATCTTTGTTGAGTTAAATGCCTTTCGATTTTATTGATAATAATAAGTGCTTTAAATAAAAGGAGATAGACAGTGGATAACCTTAGATTTACATCGGTAGGGGATGCCGCAGCATTCCTTGCTGGAGATGAAAAGGTTAAACTGCAAGTTGAAGAGGAAATATGCTGCAGTCAGCTTGTCAATAACCTTCTCCAGCTTCGGATGGAAAAAGGGGTTTCTCAGAAAGAACTGGCGAGTCGTATGGGGTGTGATCCGAGCAAAATATCCCGAATGGAGGCTGGTAACGATCTGCAATTGAAAATGGGCGATGTCATGCAGTATCTCTCGGTTCTTGATGTAAAGATGCATATGGTTTTTGAAGATACCACACTTCCGGTGGCCGAGCAGATCCGGCAGCATGTTTTTCTGATTCACGAAAAGCTGGAGCATCTGGTGAAGCTGGCAAGACAGGTTGATGGTGATGAGGTAATCATCAGCAAAATTCGCATGTTCTGCGGAGAGGTCTTATTGGATTTTCTTTCGAGGTTCAGCGACAGCTATAAAAAACTTTCTGTTGTATCCGGGCATGGGACTCCGGTATTGTCTGGAGCCGTAAAGTCTGGAGTCTCTGCCGAGCCTGAGTGCGTTGAAAAGAAATCTTCGGAGCACTCCTGTTGCTGATGATTGTTATTTTGGTTTGGGAGGAGTCTTCAAATCCTCCCTCCCGTCACCCATCTACCTCTTCCAACTCGGAACTCGGAACCAGGAACTCATCTCCTCCCAAACTGAACACCTGACGCAAAGATGAAAATAGCTGTAGCCTCATGAATTATTCAGGTTAACCGCTACTTTTTATCCCTTCTGACCGTTATAGCTGAAAACGATAACACAATTCCGTTCACTATTATGGGGCTCAACACCCTGACCTTCAGGCAGTGCATACCGGGTTCGATCGGGGAGGCCTGGGATTTTTTCTCGGCTCCGTCGAATCTGGCAAGGATAACTCCTCCTGAAATGATGTTCAGGATCGTCAATGGTGCGGCAGGTCAGCCGATTTACGAGGGGATGCTGATTACCTATACGCTTTATCCCTTCATGATGCTGCCTGTGCAGTGGGAGACAGAAATAACCAAAGTCGAACGGCCGTTTTTTTTCGAGGATCGGCAGAAATCGGGTCCGTACGAGAGCTGGCACCATCACCATCTGTTCCGTGAAATTCCGGGAGGCGTCGAGATGACCGACCGTATCGATTACGTGATGCCTGTGGGAGCTTTCGGCGATCTGGTCAATGCGCTGATCGTGAGCCGGCGACTCGACGAGGTGTTCGCGTACAGAAAAAGAAAGATCGGAGATATTCTTGGCGTCATGAACTCCCAGTAATCTTGTCAGCAATGGAAAACCGGCTTTTCTTCCTTCCCATAGCGATCTCGTTTATCGGAGGGCTTGCGCTTTTTCTCTATGGCATCAGGGTGATGAGCGGAGGGCTGAAAAAGGCTGCAGGAAGCCGCATGCGGGATTTCATTGCCCGTATCACCGATAACAGGTTCTCCGGACTGCTTGCCGGTGCGCTTGCCACCATGATGGTACAGTCGAGCAGCACCATCATGGTGATGCTTGTCGGGCTGGTGCAGTCGCAATTGATGACCTACGTTCAGGCGCTCTCCATCATTCTCGGAGCCGAGATCGGTACTACGGCGATGGCGCAGCTTATCTCATTCAGGATTCATGAGTACGGCCTGCCGTTTTTTGCCACCGGTTTTGCGCTCAACCTTCTGAGCCGGAAGGAAGCGCTCCGCAACGCCGGCGAGGCTTTCTCCGGATTCGGACTTTTTCTTTTCGGTATGAGCATCATGTCCGGAGCCGTGGCACCGCTCCGTTCGTACGGGCCGTTTCTCGAACTGATCGGGTATCTCGAGAATCCGTTGTACGGCGTGCTTGCCGGCATGCTGCTGACCGGTCTGATCCAGAGCAGCGGGGCGTTCATCGTCATTGTGATCACGCTTGCCCAACAGGGTTCTCTTTCGCTCGAAGCAGGGATTCCGCTGCTTCTCGGCTCGAATATCGGCACCTGCATTACGGTTTCCCTTGCAAGTCTCGGCATGGTACGTTCGGCAAAGCGGGTGGCTCTCGCCCAGGTGCTGTTCAATGTGTCCGGAGTGGCTGTTTTTCTTTTTCTGATTCCCTGGTATGCCGATCTCGTGCGTATGATCTCTCCGTCCGAGGGAGTTCCGGGAACTGTCATTCCCCGGCAGATCGCCAATGCGCATACGCTCTACAACGTGTTCATGGCCGTCATGTTCCTGCCCTTGATACCGTTCTGGGCGAAACTGCTCATCCGCCTGATTCCCGACAGTCCCGAAGAAACCCGTCTGCAGCCTTCGGTCTGGTATATTACCGGGACGGCGCTCTCTACCCCTTCGCTTGCCCTGAGTTATGCAAGGGCCGAAACCTCCAGAATGAACCGGATACTCGAACGGATGGTTGGAGCTTCACTTCCGGCCTTTACCGGCAGCGTAAAGGCAAAGGATACGGTATTTCCGGATCTTTCCGTTATCGGGGGAATCAGAATGCGGGAGGAGAAGATCGATTTTCTCGAATCGAAGGTTTCCGACTATCTCATTGCCATCAGCCGGCAGGAGCTCGGGGAGCGGGAGTCTCAGGAGGTGTTCGCGCTCATGACCATCGTCAAGGATCAGGAATCGATAGGGGACTGCATCGAGGCGCTTCTGCAGAAATTGCCGGAACGAACAGCGGAAAGCGCATCCGGTCTGACGGCCGAAGGTATGGCAGACCTGACGGCCCTCCATGCATTTCTCTGCGGCGAAGTTGCCGCGCTTACCGTCGCCGTTCAGGAGATGAGCGGCTCCAGGGCTTCGGGAATCCTGCACGGCGCCGTCGATTTTCCCGTACTTGCCGGCGCGGCGGAAGCCCGGCACCTGCAGCGGCTGCGCACGCTTCCCGAATCGGCTATGACGCACGATATGCACATGGAGCTGCTGCACGCGTTTGAAGAGATGCACCACTACTGCAAGAGTGTCGCGAGGAGTATCGTGAATGCGGAGGGACAGTAGCCAGTAGTCAGTAGCCGGTAGCAGAAGAGGTGGGCGGCAGGCGGTGAGTGGTGAGCCGGAAGGCAGGAGACAGAAGACTGTAGGCGGTAGCCGGCAGTCGGAAGACGTGAGCGGTATGCGGTGAGCAGGATGTCCGGGGGCGAAAGAGTGCCGGAAGTTACAGTTATGAATAGTTCAGCGGTTTTTTTGTGCTGAACTGACGTTCAGGT
CP001097.1_gap24	1096684	1098154	1470	GTCGTCATCTGGGTCATTATGAAACAAAGAAACCTCAAGTCCTCCTTTTCATGAACAACAGCATACTGCAGACCAGGGATCTGGCCATCGGGTATCCCGCCGGAAAGAGGCTTGGGATGTCCGGAAACCGACGATCGGGCAAGAGGTCGAAGATCGTCGCGGAAGACATGTCCCTCGAGCTGCGTGAAGGCGAGCTGGTATGCCTGCTCGGCCCGAACGGATCGGGCAAGTCAACCCTCATGAGAACGCTTGCCGGCGTGCAGAAGCCGCTCGGCGGTGAGGTGCTGCTTTCGGGAACGCGTCTCGACCGTCTTTCGGCAAGAGATGGCGCCCGGCTGCTCAGCCTGGTGCTGACCGACAAGGTGCTGACCGGCAATCTTTCGGTCTATGCGCTTGTGGCGCTTGGCCGCTATCCCTATACGGGGTGGGCGGGGAACCTCTCGACCCGGGACGAAGCGGTGGTCCGCCATGCCATTGAAACAACCGGAACCAGGATGTTCGCGCACCGGCATCTCGGCGATCTGAGCGACGGGGAGCGCCAGAAGGTGATGATCGCCCGTGCAATCGCCCAGGATACGCCGGTCATCATGCTCGATGAACCCACCGCGCATCTCGACCTTCCCAACCGGCTCGAGATCGTCAGGCTTCTGAAAATGCTGGCCCGCGAGCAGAAAAAAGCCATCGTGCTCTCGACGCACGAACTCGATATGGCCCTGCAGACTGCCGACAGGATCTGGCTGATGCGGCCCGTCGATGCCCCTCACGGAGAGCGGAAGTCATCGATAGTTTCCGGCATTCCCGAATCACTCGTGCTCGACGGTCAGCTGGAGCAGGCGTTCAGGCGAAAGGGGTTCGAGTTCGATCTCCACTCCGGATCGTTCCGCTTCCGTCACGATGCAGAGCGGACGATCGGCCTTGTCGGCGATGGCGTGCGGGCATACTGGACCCGGAGAGCACTCGAGCGGATCGGCTGCAGGGTGGTGCCGGGAACGGCAGCCCCGCAGCATGTCGTGGTGGCCGGCGAGAACGGAACCGGACACTGGCAGTTCTTTGATGGCAGCACCCGCAATCCCCACAAACTTCAGGCTCTTTCCGACGTGCTGACGGCTGTCGGCGTGAGTGCCTCGTCAGGGGAGGTGGTCCGGTGAAGACGTTCGGGTTTCGTTATCCGGGCAGGAGTGGAAGCATCCTGCTCCTGTTTCTGCTTCTGCTTGCCGCCTGTACACCTGCAGGCCGGCAGACCGGCAGCAGGCAGCAGGCTGATCGGGAGGCGGGCGAGGTGCGCTATGCAAGGCTGTTCACCATCGCCAGGGAGAACGGCTGTACCCGGATCACGGTTGCCGCCGCGGATTCCGCCAGCCGGCAGGATCCCTTCACCTATCTGCTCGTGCCGGAAGAAAAGCCTGTTCCCGAAGACGCGGGCGAAGCGATGGTGGTCAGAATCCCGCTGAAAAAGGTTACCTGTGAAAA
CP001097.1_gap25	1131024	1135660	4636	CTGTTATCCCGCACTATCTCCGGCATGTTGTCGATGGAAATCGATGATCGGCGTTATCGGAAATCCTTAATGACTTATAAGAATTACAATGTTATACAAGATTCTCATCCTGCTTTTCGTCGCGTGTTTCAGTTTCAGCGCGTACGGTCGAGATAAAGCGGCATTTTTGCTCTATGATAAAGCCGGTAAACCGGTGAGCTATCATAAGCTGCTCAAAAAAGCGAAGAAAAGCGACGTCGTACTGTTCGGGGAATTGCACGACAACCCTGTCGCACACTGGCTCCAGCTGGAGCTGAGCAAGGATCTGCACAAGACGAACAGGCTGATTATGGGTGCTGAAATGTTCGAAGCCGACACCCGGAAGGCGCTCGACGAGTATCTGGCCGGCACGATCGATGCAGCCAGGCTCGATTCCCTGGTTCCTCTCTGGCCCAACCATAAAACGGATTACGCTCCTCTGGTGGATTTCGCCAGGGATCGGCGGATACGGTTTATCGGAACGAATATCCCGAAAAGATTTGCTCGTCTGGTACATAAAAGCGGAGGCTTTGCCGCTCTGGACTCGCTCGGCAGCGAAGAAAAAGGGTGGATCGTGCCGTTGCCTTTTCATTTCGATCCTGAATTGCCGCAGTACCGGAAAATTCTGACGATGGAGGACGGACACGGTACTCCCGGGATGGTCAGGGCCCAGGCCATCAAAGACGCCACAATGGCGCATTTCATTCTGCTGAACCATAAACCCGGCCATACCTTTCTGCACTTCAACGGGGCCTACCATTCGGATTTTCATGAGGGAATCCTATTCTATTTACAGCGAGAGAATGGTTCGCTGCGGTATATGACCATTACCACGGTGGAACAGGATGATGTTCGGCATCTGGAAGAGAAGCACAGGGATCGCGCCGATTTCATAATATGCGTGGATAGCGATATGACGAAAACATACTGAACGATCGCATAGCCGCCTTTCTCCCGTTTTCACACCGGGCAGTTCCTGTCGCTATTGACTCTGCTTCTGATTTCCCGACTGTTTTGCAAGATATTCCGTAAAATTATTGAGAATAGTACTCGTCATGTTCAGATGATTGACGCCCAGGCTCGAAACGCTCTCGATATAGGTGCGAATTGCTGCCACTGTATCGACAGGCTCCATCTTTTCGTTTTTTTCCTGGCCGGGAATATTCTTTTCCAGTGATGCCTGTTTCGGCACTGACGCCGGATTCACGGCAGGTGCCGGTTTTGTTCCGGATTTTTCCGGAGTTGCCGGGACAGAAGCGGGAGGAGCTTTTTCAGGCTCCTGTTTTGATGCTGCCACGGTCTGTTGTTTTGACCCGGTATCTGCCGACGGGGTCTCTACCGGTTTGTTTTTTCTGAACAATGAAAACAAGCCGCCCTGTTTCTTTTCGTCTGCCATAGTTACTCCTCGTATAAGGTTTGTTATTGATTATTTTATTTAATTAAGATTAAATAAAATCAACATCCAATAAAAACTCTTTTTTTGTTGGCTTGGGTGAGATGAATCCATCTTCTCATCCCCTCATCTTCCCGGATCTTCACCCCCGCAGAGGCGGCATAACGGCAGCCAGGGGTGTCAGATATGCTGTCACCCTTTATACCGAAATATGGCTTGCGCACGCAATAACTTTTACAGAGGGGCTTTTCAGCTTCTATTTGCCTGATAGAGCGTGATATAGTATAATCTTAAAATGGATCATTCGCTGACTGCCTGAAATTCTGATGCAAGCCGAAAAACACCTTTTTGCCACAACCCCGTTCCTCGGCGCGTTCCTCAGAAAGAGGGCGGTGGAGCGTCTGTTTTCGGGCAACAGCCGTGAGGCCGCCCTTGAGCTGGCGGGCGCGGTAGAGAACGGGCATCCGGAAGCGGATGCGATAATCCGTCGTCTGCTGCGTCTGCAGCACGGCAGCGAGCCGGTCATGTACGGCGCTCTGTGGAACTGCTGGAAATCGCGTCGCTTTGAGGAGCTGCTGAATAGGACGCACGCATCCGAAACGCTGCTGCAGGATTTGCTGCGGGCGATTGAGGCCATGCCGGAAACCGACTGGGGCAACGGTATGGTGTTCACGATCTGGAGTCTTCTGGATCGCGACGACATCGCCGAAAAGATCGAAGCGAAAGGCCGCCATGCGCCCGCGCTTGAGCTGGACGCGCTTTTCGGGCTTGTTCGAGGCAATCCGGAGCGTTATCTCGCTCTTGAAGATCCCGATCACTCAATTTTCGAAAAAGCATGGCTTGCCGCTACTTCTGCCCGGAGGCAGCGGATCAGTACAACAGTCCTGAAGAGTCAGAACCCCCGGCTTGTGGCGGCTTACGACCACGCCGTCAGGGATGGGCACGACCCGCAACTGGTCATCGAGGCGCTGAAACTCTGCGGCGATCACGACGCGCTGCTTGACAGGCTGCACGGTTTGCCCTTCACCAGTGCGCTCGAGGTTGTCGCCTACTGGGAAGAGAGCGGCGGAAGGCCGAAAAACCCCTCCGGAAAAGCCGTCGCCGAGGCTGCGGTCGCCCTCTACCGCGAACTGCCGGGGCTTCTTCCGGAATTACGGCCGTCCCGACCGCCCGGCGCGAGGGATATCTTCTCGTTCTGGACGGAACGGTATGGGTCCGGCGAGCTGCTCGAGCAGGATCTTTCGAGCCCGGATCCCTTCAGACGTGCCGGAGCGCTGTTTGCCGGAGCGCAGCGGGGATCGGTTCCCCGCAGCAGGCTGCAGGAGATCACCCTCAACGGCGCCTGGCCCGAAAAACTCGCGCTGCACTACCTCGTTGCCGCGCCGGAGGCGGGCTCCCGGCATGAGCACGTCTCCTGGCTCCGGCCGCAGGACAATATCGTGGCCGCCATCCTCGCGACACGCCTGCCCGGTTCGCCGGAAGAGAGCAGTATGCTGATGGACAGGCTGCATACCGGTGCCGGACCGGCCGACCGGTCGGCGGGGCTGCAGCGGAAACTCCTGCAATTGCTCGGGCTCCTGCAGGGGTACTTTCTTCGCGGTCTGATCACCGTTGACAGCAGCGACGACGCTACCGAAAAAACTGCCGTGGAGACGGAAGAGATGACGGATATGGAGTGGTAAACCATGATAACCGTTTGACGTAATGGCCCTCGCTTTTGATTTCGGGACATGCAACAGCGTGGTCGCACGCTGGAACGAAGCCCTGCATGCCGTGGAAACTCCCGAACTGCCCAATCTCGGCATCAGGTTTCCGCAGCCGGGATCGGAACCCGCGCGGGTCATTCCCTCCGTCATTCATTTTGCGGAAGATAACGGGCTCCTTGCAGGCAGCCAGGTCGGCGCTTCAGGTCTTGTCAACCATCCGGGAACCTTCAGGTGGCTGAAAATGGATATGCTCCGCACCGGCGGGGCCAATCGCGGACGGCGCGTCAACGGCAGGGTTATCTACCCCCGCCATGCGGCGGACGAGCTCGTCGATCGCATCCTGATGTTCGTGCGCGGCTATTTCGGCGACATCGACGAGGAGATCGTGCTGACCGTTCCGGTCGAAGCCTTCGACCACTATATCGACTGGCTTCGCGAAGCGGCCATAAAACGGTTTCCGGGCGGAATCACCTTCATCGACGAGGCAACCGCCTGCATGCTCGGGTACAGCGATGAGGTGCTTGACGGCGAAGCTTACTGCATCGTGGATTTCGGCGGAGGCACTCTCGATGTTTCGGTCGTTCGTACCGATCTGCTGCGTGCCGGACATGCGAAATGCCGATTGCTTGGCCGGGCCGGCGAGGAGATCGGCGGCATCATGGTCGATAACTGGCTGCTGGAACATATCCAGAAAGAGGAGGGGCTCGCGGATGACGATATCGCTTCTATCGGCCCCTCACTGCTCGAAGCGATTGAGGGGGCGAAAATAGCCATCTCCAGCGGCAGCGAAGCGTCGTCGTTCACGCGCTATAACGACGTTACCGGCCGTCGCATCGAGGTCACCCTCACTGCCGACGCCCTGAAGGAGGTGCTCGAGAAAAAACGGGAGCCCGGCAGGAACAGTCTCTACCAGTACATCATCCGCACGCTCGACCGCGCCCTCGATCAGGCGCGCGATCGCGCCGGTATGCGCAAGGAGGAGCTCAAGGGGGTTTTTCTCGTGGGGGGCAGCAGCCTGCTGCCGGGCATCGGGGAGAAAATCCGGGAGTTTTTCCCCCTCTGCGACGTCCATGCCGGCAATCCGTTCGAAGCCATCGCCCGTGGCGCATGCCGCTTCTCCGGCGGGATGTTCGACCAGACGCTGACCCACGATTACTGCCTGCGGAGCTGGAACCGGGAACTCCGGGATTTCGAACTGGTTCCCGTCGTTGCGCGAGGTACTCCGTACCCGACCGGCAAACCGGTGTGCAGCAAGTACATCAAGGCCGCCTCGGACAACCAGGAGACGCTCGGGCTGGTCATTTATGAGCGCTCGTCGATGATCCGTCCATTGATCTCCTACGTCAACGGGGCCGACGGGCTCCGTCCGGTACGGGAAGGGGAGCGGGAGGAGTGCCGGCATAAGCCGCTCAATCCCGAAGACAGCGAGTTCATCCATGCCGTGCCGCCCTGCCGTTCGGGAGAGCGGCGCTTCATCGCAGGGTTCGGGGTGGACGGCAACCGCCGCCTCACGCTCTGG
CP001097.1_gap26	1147421	1152035	4614	GTATCACTGATTCCGGAGGAAAGTGTACCACCGACCAAGGGCTGATTTGGTATGTGTAATTTACAGAGTACTTGGAGACGTAAGTAAACGAGGGAAATAACCTCGCGTATCAGAGCCAGCTGCTTTTCCACCGGTCGGTTTCAGCTGACGGTATGTTCCGGAACGCCTGACAGCGTTACACGCGCCAGGTTGCAGGGCAAAAACGGCAGGAGCAGTACCCTGTTCCTGCTGATATGATTCTTCAGGGCATCCTGAAATAGCTGCTCTATGTATATATTTCGTCAACACACCCGCGCATCTTACAAGGAGAGGGTGTGACGTTCCCAACCTGTTTCGATGCAGGCATTTCATTGCAAAATCCCTGGTCCTGATGATTTTCAAAGACATTACCTGGCTGGACAGTGCCAGTATTGAAGCGATCGAACAGCAGTTGCCTGAAACTGTTTCCCGGCGCCCCCTGACCCGCGGTCTGCGCCGAAGCGCCCTTATGGTTTCGGCCCATCGGGTCAACCATCTGAACAAACTGGATCTACTGGCAGCAGATATGGCTGTCATCAATCTGGAAGATGGCGTTGCACCGCAAGAGAAGCCCCGCGCTCGTGCTCTGGCTGCGCTGTTTACCGCCCATGCCCGAGAGGCGAAAACGGAACTGATTGTACGGGTCAATCCCTTGGGTGAAGGGGGTGAAGAAGATATCCGGCTGATCAATCGGGCAGTGCCGGACGCAATCCGTATCCCCAAGGTCAGAACCGCTCAGGAAGTCGAACAGGCTTGTCGCCTGGTAGATCCTGCGATTCGAATCCATCTCTCTGTCGAGACCGGTGAGGCACTGAAGAAACTCGCCGATTTGAGGGTTGAGGAGCGGGTGGATACGGTCTATCTGGGTATTCTGGATTTATGTGCCGATCTCGGATTGCCCCAGTCGGTGATCACTCCAGGGAACCCAACGGCCAGCTATCTGCTTTCACGCTTTCTGGTGGATGCCCTCACAGCCGGCTTTCATCCGGTATCGTTTGTCCATCAGGAGTACAAGGATCTGGAGACCTTCGAAAAATGGTGCCTTCAGGAACGGAGCATGGGCTTTTCATCCAAAGGCTGTATCTCTCCGGGGCAGGTGGAGCTGGCCAACCGGGTTTTCGCCCCCAAGCCAGAGGAGCGCGCGCGAGCAATAACCATTGTGCGCTGTTTTGAAGAGGAGGCAAAAAAGGGCAACACCGGCTTTGTGCATGAGCAGTACGGGTTTATCGACGAGCCTGTTTACAGAGGAGCATTGGCTGTCCTGGCTGCAACCGATCATGAGAAAGTCTCAGGAATGTAATGCGATGCGATGCTGAATATAGAGGAACCAGGGACGCGAGTAAATAAGGTAAGCTGGAATAGGGGACGCAGTGCAATAGCGTAGAAGATTGTATTTGGCAGTGCAGTGAGAAAACAAAAGATGTGTGCTGGCAGCTTTTGAAATGCAAAAACAAGAGAGCCATATTCCACGAGGAGCGATACTTGACACACCGGGAACGCTGCATCATGTAATGGTGCGGGTAATCGAACAGGGAAGTATCGTTCGTGACGATTGCGACAGAGTGTGATTTCTTCGCTGCTACCTTCCGGTACAGGGCCTTGAAGCAGAACAGGAGGGGAGACCGTTGGGACGAAAACAACTGCCGGCACCGGAACAACAGGGGCGCGGGCTCGGTCGCCCCGGTCTACGCCTATCCCGAAGGGGTCTCCGGCTACGGCACCTGGAACCAGAGCGGCAACGTCATGGAGTGGTGCAGCGTCTGGCACGACGAAACCGATTCCGCAAACACTGCCTCCGGTGAAGAAACCCTCCGCCAGGAACGGGGAGGCTGCTGGCGCTATCCCGACAAGTTCGCCTTCCGCTGTTCACAGCGTTCGTTCGTGGTTTCCAAAGCCGTCAACGATTTCCGGGGATTCCGCCTCGTATTGCCGGTGCAGGCGGACTCATAAACAACTCAGCCCTCAGAACTCGTAACTCAGAACTGAAAAAAACTTGCCGTGCTTTGTAGGTAATCGTATATTTTTTTTGCAAAACGAGTTATTCTACCCAAGTCTCCCATAACCCTTGCAGCTTTCGAATGAATAAAAAACACTTCTCCGAGCTGCATGTCGAGGATAACGACGGGATGTAGCAGGCATTCAAGGCCGAACTGATGGCTTGCCTTTTGATAGACAGGAGGGTGAATATATGAGCATGAGAAAAAAAACAGGTAAGGAGGTCTCTATTGTTCGCTCCTCGGCGGCTGAATACCTGACCTTTATCGCTGCCAGCGGCACAGGGGGCGTCGATGCGGTTTATGCCGATGAAAATATCTGGCTTACACCCAGAAGATGATGGGGGTGCTCTATGACGTGGCGACTCATACCATAAACTATCACCTGAAAAAAGTTTTTTCAGACAGCGAATTACAGGAGGACTCAGTTATTCGAAATTTTCGAATAACTGCCCGAGACGGAAAAAACTACAACACCAAACATTACAGTCTTGCAGCTGTCATTGCCGTCGGTTACAAGGTAAATTCCGAATGTGCAGTACAATTCCGCAAGTGGGCGACCACTATCATTGAGGAGTTCACCATCAAGGGCTATGCCATGGATGACGAACGCCTGAAAAGCGGTGGCTCAATCCTTACCGACCAGTATTTTGAAGAACCGTTGCAGCGTATCCGGGAAATTCGCTTGAGTGAACGCAAGTTCTATCAGAAGGTCACCGACATCTATGCAACCTCCATTGATTACGATGTGACGGCCCAGGCCACCAAGCGTTTTTTCGCTACTGTGCAGAATAAACTGCACTGGGCTATACATGGCCAAACAGTAGCGGAGGTCATCTATAACAGGGCCGATGCCGAAAAACAGAATATGGGGTTGACCACCTGGAAGGATGCTCCCGGAGGAAAGATCCAGAAGTTCGACGTTGTGGTTGCAAAGAATTACCTGACTGAACACGAAATAGCACAACTTTCACGGTTGGTTTCGGCATACCTGGATGTTGCAGAAGACATGGCGCTACGCAAGATGCCCATGACCATGCAGGACTGGGAAACCCGCCTCAATCGCTTCATCGCAGCGACTGATCGTGAAATTCTTCAGGATCCGGGCAAAGTGACTGCAGAAATTGCCAAAGCTCATGCCGAAAGCGAGTTTGAAAAGTACCGCATCGTTCAGGACAGGCTATTCGAAAGCGACTTTGACAGAATGGTCAAGGAGATCGAGTCTCTGCAGAAGCCGAAGGGAGGGGGTGATGAGTAGGATGGAAGCACGTATCAAATCCATTCTGCTATCATTGCCGGGAGTGGAGGGGGGAAGTTCATGAAATCATGAATTTACGATGACCAGAATGCAGCGTTAACTTTCTCCGATACACACCAACGAGTAGAGGCATGCCGAGAGGTCCAAGACTCGATTCGCCGGGCACGTTGCATCATGTGATTATCCGGGGGATCGAAAAAAAAGAGAGATCGTTGCCGACGATAAAGATCGGGGAATATTCGTATCCGGAATGGGGTCGGTTGTCGTGGAGGTGTGGGGGATATGGCTGGTCGGTTTTTTTTGTTTGTGCCGACTGAATTTGGCACTATATTAAGACCGGAGGTGACACAATGAAAATAACATCAGATATCAGGCCGATAACCTGGCTTAAGGCAAATGCGGCGTTACTGCTCGAGCAGATTAACGAAACACGCAGACCGGTAATCATTACTCAGAACGGTGAGCCTAAAGCGGTGCTTCAGGATCCGAAAAGTTATGAAGATATGCGCAATGCTCTCGGTATTCTGAAGCTGATTGCCCAGGGAGAGGAGGATGTGAGAAAAGGCGATGTGCATGAGCACGGCGAGGTTTTTGACGAACTGGAAAAGCAGTTGCGAAAGCCGGTATGAGAAACAGTTATCGTGTTTTATGGACTGGAGTTGCAAAGCGGGATCTTCGTGAAATTGTGGAATTCATTGCTTGCGACAGTCCTGATAACGCCATGAAAATTCTGCATCATATCCTAAATTCCCGAGCGTTTATAACTATGCCTCGCTCAGGTCATGTATCGGAATGTCGAGTGCCTTGAGTATCTGTCGTTGCGGCTTGGTCAGTTCGGTCAGGATGTGGCCGTACTTGCCGGAGTAGTTGATCCTGGTCAGGGTATCCATTTCCATGAGCAGCTCCCTGACCGTGTAGTGTTCAATCAATCCTGATTCCCGCATCTGCTTACGCAGGGCGCTCATAAGGATCAGGGCGATAAACTGGACGAACAAGCGCCCATCGACTGTTGCCGAGGAATGCATCCTCAACCGCTTCATGTCAAGGCTGTTCTTCAGGTCGTCGAAACACTTCTCAACCGAATCTTTGTCACGATAGACCCGAAGAGCCTCGACCGGATCTTTGATGCCGCTGGAGAGTAGCGCCTGGAATCCAGCATACCGGCTGATGTGACGCGTAATCGCCTCAGTGTTGTACGAGACCTTCGTCCCGCGTTTCGGCGTTGTCTTGACGATGAAGAACTCGTCATAGGCCTTCTGATGGGCTGCAAGCAGATGGCCGGATTCAAGCTCTTCCCGGTACTCCAATAGCGACTCGTTGAAGCTGTCGATCGCCCGGGCTCGG
CP001097.1_gap27	1212014	1214802	2788	AGTTTGAGGCCGCCGGTGATTTTAACGAATACATCCTGCCCCCAGGTCTGCATGCCGAGCCGTTTTTCCAGTACGGCAAGGATGATCGACATGCGTTTCAGGTCGAACCCGGTACTGATACGCTGGGGCATGGCATAACCTGTTTTCGATACGAGCGCCTGTACCTCTACCAGCAGTGCCCTTGATCCTTCTATGCCGGCAAGGATGGAGTTGCCGGGAATGCCGCTTATCCGTCCTGAAATAAAAAACTCCGACGGGTTGCCCACCTCTTCGAGCCCGGTTTCCTCCATCCGGAACACTCCGATTTCGTTGGTCGAGCCGAACCGGTTCTTGACCGAACGGATAATCCGGTATCGCTGGTACCCTTCGCCTTCGAACTGCAGTACCGTATCGACCATATGCTCGAGCGCTTTTGGTCCGGCAAGTGCACCCTCCTTGGTGATATGGCCGATAATCATGAGGATCACATTGAGCTGTTTGGCCTTGCGTATCAGCATGGCCGCACACTCACGGATCTGGGTGATGGTGCCGGCTGAGCTCTGGTATTCTTCGGAATAAACGGTCTGAATCGAATCGACGATCACCAGACCCGGCTTTTCCTGTTCGATCGCCTCAATAATGCGCTCAAGGTTCACTTCGGGAAGCAGGAGGAGGTTATCCGCCCTGATGGAGAGCCTCCTTGCCCGTTCACGGATCTGGTTGGGCGACTCCTCTCCGGAAATGTAGAGCACCTTTGCCGGAGCCATGCGGGGAGCGAGCTGAAGCATCAGGGTAGACTTTCCGATGCCCGGCTCGCCGCCGACAAGCACCGCCGAAGCCTGCATGATTCCACCGCCAAGTACCCGGTCGAGCTCGCCTATACCGGTCATATGCCTTCGGAACTCCGATGGTTCGACATCGAGCAGTTTCTGCATACGGACAGGGGGCGCTCCTGATGAGCGTTGTTTGCCGATTTTTTCTTCCGGTTCGACATGGGTTTCCTGCAGGGTTCCCCAGCTCTGGCACTCGAAGCACTTGCCCTGGTATTTCAGCGAAACCGCACCGCAGTTGGTACAGATATATCGGACAGCGCTTTTAGCCATTGGTATTCCTACTGCAGGTTGTTGGCCCGTTCGAACGACTGCAGGGTGTTTTTCAGCAGCATGGCTATGGTCATGGGTCCGACGCCTCCCGGCACGGGAGTCATGGCCGAAGCGATAGCCGAAACGCCTTCATAATCGACATCGCCTGCCAGACGGCTGCCGCTCTTTGTCGAGGGGTCGTCGATCCGGTTGATTCCAACGTCGATAACGACAGCGCCGGGTTTGACCATATCGGCGGTAATGAAACCGGCTTTGCCGATGGCGGCAATGAGGATGTCGGCCTGACGGGTGTAGGAAGGAATGTCCTTTGTAGCCGAATGGCAGATGGTTACGGTACAGTTCGTCGCATCGAGTTTCTGCAGCATCAGGTTGGCCATCGGTTTTCCTACGATGTTGCTGCGACCGACCACAACGCAGTGTTTGCCTTTCGTTTCAATGTTGTAGCGCCCGAGCAGTTCGAGTATGCCATAAGGGGTGCAGCTTACGAAACACTTGTCGAGATGACCCATCACCAGTCTACCCAGATTTTCCGGGTGGAATCCGTCCACATCCTTTGCCGGATCGATGGCAAGCGTAACAGCGAATTCGTCGATCTGTTTCGGAAGCGGCTGCTGTACGAGAATGCCGTGTACGTCGGGATCGTCGTTAAGTTCCCGGATTCTGGAGAGCAGCGCCTCTTCGGAGGTCGATGCGTCCATTTCGATCACGCTCGAATGCATGCCGGTTTCTTTACAGGATTTTGCCTTGTTGCGCACATAGACCTGCGATGCCGGGTCTTCTCCGACAATGATAACGGTCAGCCCCGGAACTTTTCCGGTTGCGGCCCTGTGCTCGTCCACACGGACTTTCAGTTCGCTTTTCAGGTCGATGGAGACCTTTTTTCCGTCAATAATCAGCATGATGCTCTGGCTTGGTAAGATAGGGTTGAAAAAAACGGTTCTTGAGCGCAAAGAATACAAGATATGCTTTCTTCGGCTTTTGCTGAAACCTGTTTTTCCGTTGCAGGAAGTTTGCAGAACAGGTCGGATCTATGTATTTATAGAGCTTTTACAAAATTCACTACCGCATGGAATCAACGATTACACGCGCATGAAAGCTCTTGTGCTCAAGGAGCCGCGTTCGCTCGGGTTGTGTGAACGGAACGATCCTGAGACAGGCGAAGATGAGGCTCTCGTTCGCGTTGTCTGCTGCTCGGTCTGTCGTACCGACGCAAAAATGTGGCAGAGCGGACATCGCGATCTCGTTATGCCGCGTGTACTCGGCCATGAAATTTCGGGCTATCTGGATAACGAGAGGGTTGCGGTATGGCCGGGTATCTCATGCGGAAGCTGCGCCTTCTGCCTTGCCGGCCGGGAGAACCTCTGCGCCTCCATGCAGATTCTCGGATTTCATCATGACGGCGGATTTGCCGAGTATGTGGCCGTGCGTCGTACGAGCCTGCTTTCCGTTCCCGATACTCTGCCGATGGAGCTTGCCGCGCTTGCCGAACCGCTTGGCTGTGCACTGCACGGTCTTGACCGTGCCGGGGTTCGGTCCGGTGAACGGGTGCTGATTTACGGTGCGGGTTCGCTCGGTCTTTTTCTTGCTCTCGGTGCTGCAGAGCGGGGCGCGCATCCGGTCGTTATCGAGCCTGACGGGAGAAAGCTTCGGAAGAGCCATACCTTCAGGGATCGCTTTGCCATCGGAAGCGCCGAAACTCCTTCAGT
CP001097.1_gap28	1285647	1290233	4586	AACTGGTCCGGATAATGATCAACAATCATCTTCTGGATCTGCTTTTCCTGCTCAACCGACAGGTGCCGTTTTTCTCCATGTTTTCGTCCTCGTTTCGGCACGGCAAGCATGGCATTTCCATCTCTTTGGTACCATTGCCACCATCTACTCGATGTTTGAACAGATAGCCCTAAAAGTTCTGCCACCTCTTTATTGCTTTTACCTTGCTTTCGAAGCCGAATGACCTGTTTGCGCAATAATGCGCGTTCTCGGTCAGAGTGTTGTCTGATATCGATTTTTTCCATGCTCGTAATATAATAAAATTACGAGTTTTATTTGCCGGATTAATAAAGAGGCGCCTATTACCTTATGCCTTCGGCTGTAATGACAGGGTGACATTTTCTTTGATCATTTCCTCGATGTTGTTGGCCGGTATGAAAAACCTGTTGAGTGGACTTTTTTCCGTTGCATTATGCAGAATGCCTCTTGCCGTGCTTGCCGTAAGGGTTGCAAGATGTCCGGCAAAATTTTTCGGCAGAATAAAAAGGCCTTTTTCTTCATGTGCAAACATATTCCATGAATCCTTGTCAAAAGCAAAGATACAGCCGGTTTCGATTGTGATAAACGGGATCTCTTTCTGCAGAAATTCGTTTTTAAACAGTACCTTAAGCAGTTTTTTTCCTGTATCGATACCGAAGTTCAAGCCCGCATTGATTTTAACCGGACTATTTTCTTCGATGATATCAGGAACCAGATCGATCTGCTCGGTGGTGATTTTTACAAGCGCAAAATTGACTCTGCGGGTGTGATTGTCTGACATGAATGTTTGTGCAAATGGTTATGAATAAAAGAACGTGATCAAGATAGAGAATTAATAAGAAAAAATTTACATCAGAATCAGGTTCAGACCATCCAGATGGGCGAAGTGTTGTTTCTGTATCTTTTCAGCTTCCGCTGATACCGCTTTTTTTGGTATTGTCGCACTCAAGTTGCGGTATCTGGGTATAGTGCCCGTTTTTGAGGTTGACCTTTACTTTATGCAGCAGTTCTTCTCTTGTCAGGCCATTGTTCGAAGAACGGATTTCCCTGCAGAGAAAGTAGGTGAATGCTCCATGCCAACTCCCTTCAATATGGGCATCGGCACTGGTCTGATCGGCCTTGCACCCCGACCAGAGGATGTGTCTGACTGATTCGTCGCTGCGCAGCAAGTTGCCAGGGACTCTGGTTCTGAGCCTTTCGACCTGCAGGAAGGCGTTCAGCGATGGCGGGGGCATATACCGCGGTTTGCGGTCGAGCAGCAGATCTACAGCTCTCAGACCGGTTCCGCTGTGGCAGGTATCGAGGTATACTTCCAGGGTGACATGAGCGGGTAGTGCTGCAAAAAGGCTGTTGAGTTCATCATCGGTGATGATATGATCAGCATGCCATATGTCGCCATCCTGTGCGAGATCGTATGGGCAGAAAGCTTCGTCGGCGTTATCTGTTTCATCGCCTCCTGTATCGGGCACCTGAGTCCCGTGACTGGAAAAACTGAAAACAAGGTAATCATACTTTCCCGCAATGGCACCATCCACCATGGCCTGCAATTTTTCAATGATTCTTTTTTTTGTAGCGTTTGCATTTGTCAGTGTAGCTACGTTGTTCTTGCTGAAGCCAAAATAGGTCGTCAACAGATTTTTCATCTCTTTCGCATCGTTGACACAGCCGTTCAGTGAAGCAGAGGGATAATGTCTGAATCGGTTTATGCCGACACATAATGCTTTTTTTGCCATGGGATTACACGGTTTACGTTATCGAAAGGATGTTAGCGGCAAGAGGGCATATTCGTGAGTTTTGAATTTTCAGGGTAATTTAAGCTGATTCTGACGCATCATCAAAAATAGTGGCGATGCATATTCGTTTGGTAGGGATGCGTATCGTCAGCGGATGCAGGCGATCCTGAAGGCTCAGTTGGGAAACCGGGATCGGATGGTTATGTTGCGATTGTTTCATGTGCATGCAATTATAGAATTAAGCAGCAAATGCAGGAACTATTGCCTCCTTGTCCTTTTGAGCAGGGTACCGATCTTCGCGAAAAGAGTTATTACCGTATTGGCGGCAGAACGCGGTTCTTTGCAATGCCGGGGACTCTTCGACATCTTGGGGATCTTTTGCTCTGGAACCATGATCAGGATCTTCCTCTGGCTGTTATGGGCAGCGGAAGCAACATGCTTTTTTCGGATGAACCGTTTTCGGGGATCGTTGTTGCAATGGAAATGATGAACCGGATGTTCTGGGTTTCTCCGGGAGAGCTGTTCTGTGAGGCCGGGGTTGAAAATACGGATATTGCGGCTGAACTGCTTCGATGCGGCAGAGGAGGCGGGGAGTGGCTGCATATGCTGCCGGGCAGAATCGGCGGCACGATTCGCATGAATGCCCGCTGCTTTGGCGGAGAAATATCCGGAGTGACGGCCTTTGTGGTTACTATGGACATGTTTGGAAGAATACGGTGGTTAAATGGCAGTGAAGTGTTTCTTGGCTATAAGCAGACCTCGCTGATGGCAGGCAGGGAGATCGTTGTTGCCGCCATTCTTCGATTTCCCGATCTCAAAGACCCTGATGCGATTCATGCCGAAATGAGTCGATATGAAGCGGACCGTTTGAAAAAACATCATTTCGATTTTCCGAGCTGCGGATCAACTTTCAAAAATAACTATAAAGCCGGACGGCCCAGCGGTCAGATTTTTGAAGAGTTGGGATTCAAAGGGCAACAGGAAGGCGGCGCAGCGGTCAGCGGCTATCATGCAAATTTTATTTACAATACCGGCAAAGCATCATCATGCGATGTGCTTGCCCTGGCTGGCCGGATGAGAAAAGCAGCCAGAGAAAAAACCGGCGTTGAACTGGAGCTTGAAGTCGAGTGTACAGGCATTTTCGAGCGTGATCAGTTGAATGCCTGCGGTGTCCCGTTTGTTCCTGCAGATGCCGATAGCGGCAAAGGCTGGGCCGGGTTGCTCAGGAATCCTGATCAGGATAGTTCGCGATCAGGTTCAGATAGTGTATTTCCCCAAACGCTCCTGCATGGATACCTGACCGGTTATTTCGGGGAGAACGGTTCTTTTCCTCCTGATATATCGGTTCATGTCGAACAGTTGCACTCTATAGCTTATGCGGAAAGCAATCCGCTCATGCCGTTTCTGCGATGGACCACCCGTGCCGATTCGGGACCTTTATCTGCTGAACGGCCCAGGGTAGCCGGAGCGACACCCTCCGGAACCTTTGTCGATGAGCTTTGGAAATTTCCTGTCGCCGAGTTGTTTATCGGTTATGGCGTGAGGGGAACGGGATATCTTGAGTTTGAGATGCGCCCTTCCGGCGATTGGGTTGCATTGCGGTTCAGTGACCGTCGCATGCGCGAAGCAGGTTTTGCCGTTCTTTCTTCTGAATCATGGAGCGGAGACGTCGATCGTTTTGCCGACAGAGATGGGTTCGGCATGACGTTTTCGTTTCGGCTGCTCTACCCTTATCTTGAAAAGAACACGCTCTCTCTTCAGTGTTGCGCCTCTCTTGGAGATCATCGTTACGGACTTTTTCCCTGGTGGAAAACGGCTTCTGAAACGCCTGATTTTCATCAACCTGATCGTTTTCTGCGGGTAAGGCTCACGTCATGAACCGGAGTCCGCTGTGTGAATCCGGGATGTTTCGTACATTAACCGATACAAATGTTATTTGTCTGATTGGGTTATTTTTACTCGGTGACAAGCTATGCTGAAACGTCTGTGTTTGTTGTTTTCACTCTTTCTTCTGGTTTTCCAGCTTCAGGCATGCGAACTTTTTGTCGGAAAGACCATTGAAGGTCGACTTGATATGGAAGTTGCTCTCAGGGGCTTTTCGCTCGAGAGCGGTCTGGATATGGATAACCGGAATTTTATTATTCATGACGGAATAGCTTATGAGCTGGTTTTTCTGCCCGATACAAAGCTGAAAAATATTACGGCCTCAAAAGATGGCGTCGCTGTTCCTGTCCCTGCTGAGCTGGGCAAAGTAAGGCTTGAACCGGGAGGATTATACAGAGTTAAAGGCAAAGTTGAAACGACCGGTGACCGGTTCGATACGTTTCCTGTCGAGATGATACGACTTCGTTCGATTGAATACCTTGGTTCAGGAGATGGCGGACTGCATATCAGGTTTTAGAGGCCTGCCGCGCGACAGAAAGAGAAAAGGCGCCTGAAGATTGCGCCTTTTCTTCTCAAGAGAAAAACTGAAGCTTACGCGGTTACAGGTCTCCGGCAGGCATACGGGATACCTCTGCAGCCGTAAAGACCGGTCCTTCCTTGCAGATGTAAACCGAACCCACATTGCATCTGCCGCATTTGCCGACGCCACATTTCATTCGGTTTTCAAGAGTGGTATACACATTCTCTTCATTGAACCCGAGCTTGCCCAGCGAGATCAGGGTAAACTTGATCATGATCGGTGGTCCGCACAGCACTGCGATGCAGTTTTCCGCAGAAGGTGCCGCCTGTTCGAGAATGGAGGGTACAAATCCTATCCGGTGCTGCCAGTCAGGAGATTCTCCTCCCGGATCGACGGTCAGAACCAGTTCGATATCACTGCGGCTCTGCCAC
CP001097.1_gap29	1292810	1295895	3085	ACCGGCGCCGTGCGTGGTAGTTGCCGTGGGTGAAGTGGCAGTCGCCCGGATGACAGCCGCTCACCAGTACGCCGTCCGCACCTTTCTGCAGAGCTTTGAGAATGAACATCGGGCTGATTCTTCCCGTGCAGGGAAGTCGCACCATGCGGATGTTCGGGGGATATTTCAGCCGGCTGGTGCCGGCAAGATCCGCTCCTGCATAGGTGCAGTAGGTGCAGACAAACGCGACGATTTTCGGTTCGAATGGTTTACTCATACGTTCGGTTTATTGATTCTTTTGTCTCCGCCTCTATAGCCCCATGACTTCGGCGAATATCTGTTTTTCGGTAAATCCTGCCAGATCAATGCTGTTCGATCGGCAGAAGGTTACGCAGGTGCCGCATCCCTGGCAAAGACCCGGATTGATAAAGGCGACCTGCTTGATGAGCTCTCCTGAACGGCTGAGAATATCTTTTTTCTCGATGGCACTGTACGGACAGGCCAGAGCGCAGCCCCAGCAGCCGGAACAGGTAGATTCGTTGTTGATCGCTATGACCGGTTCGCGTTCGAGCTGATCGCGGCTGAAGAGGCCTATTACCTTGCTGGCGCAGGCCGATGCCTGGGACACGGAGTCAGGAATATCTTTAGGCGACTGGCATGCGCCGGCCAGAAAAATTCCGGCCGTTGCGGTTTCAACCGGACGGAGTTTGAGGTGGGCTTCATTATAAAAGCCGTATTCATCGCATCCGATACCGACAACCTTTGCGAACTCCCTTGCATCCGGCTGCGGGGTTATGGCCGTAGCGAGCACAACCATATCGGCTGCAATTTCAACGGGTTTACCGAGCAGGGTATCGACGCCCCGCACCATCAGCTTTCCGCTTTCCAGCCAGACTTTGCTGACCCGGCCTCTCATATAGGCGGCTTCATCCTCTTCAATCGCCCGGCGGGTAAACTCGTCGTACCCTTTTCCGGCCGCCCTTATATCCATATAGAAAACATGGGCTTTTCCGCCGTGAACTTTATGGGCATAGAGCATGGCGTGCTTGGCTGTGTACATACAGCAGATTTTCGAGCAGTATTTTACGCCTTTCGAGGGATCCCGCGATCCGGCACACTGGATAAAAACAATGGTTTGAGGTTCCTTGCCGTCGGATGGCCGCAGAATTTTTCCTGCGGTCGGACCACTGGCAGAGGCAAGGCGTTCAAACTGCAGGCCGGTGATCACATCGGCATATTTGCCGTAACCGTATTCGCCGTACATGGCGGTATTCTGAATCTGAAAACCGGTTGCCACGACAATGGCTCCGATTTCAAGGTCGAGGAACTCGTCCTGCATTTCGAAATTTATGGCGTTCGTCTCGCAGACCTTCTGGCACACCTTGCACTTGCCGTTTTTGAAAAAGGTGCAGTGTTCCTTGTCTATAACCGGTATGTTCGGCACCGCCTGGGCAAAAGGTGTATAGATCGCCGGCCTTTTGCCAAGAGCGCAATCGAATTCATCGCTGATTTTCTTCTGCGGGCACTTCTGGATGCAGTCTCCACATCCGGTACAGGCTTTCATATCCACATATCGGGATTTCTGGCGGATTCTGACCTTGAAATTGCCTATGAACCCTTCGACCTGTTCGATTTCCGAATAGGTCAGCAGGCGGATTTTCGGATGCTGGGCCGCCTCAACCATTCGCGGCGTCATGATGCACTGCGAGCAGTCAAGCGTAGGGAAGGTTTCGGAAAGCTGTGCCATATGGCCGCCAAGTGATGGCTCCCGTTCGACAAGCACCACCTCCTGACCGGCATTTGCGATGTCGAGTGCGGCCTGAATACCGGCGATACCTCCGCCAATAACGAGGGCTCGCTTCGTTACCGGGACTTCTATAGGCTGCAGTTCGTTGTTCAACTTGACCTTTTCGATGAGCGAACGGGTGATTTCGATAGCCTTTTCAGTAGCCATATCCTGATCGGTATGCACCCAGGAGCACTGCTCCCGGATGTTGGCAATCTCGCAAAGATAAGGGTTAAGGCCCGCTTCGGCACAGGCTTTGCGGAACGTGGCCTCATGCATTCTCGGCGAACATGCGGCAACCACTACTCCTGTAAGATTGTGTTCCCTTATGGCTTTTTTGACGTTTTCCTGACCAGGATCTGAACAGAAATACTTGTATTCGACAGAAACCGATACGCCGGGATGGTCGTTCATAGCCGAAGTGAGTCGGGTACAGTCGATTTTTGCGCCGATGTTTTCGCCGCAATGACAGATAAAAACGCCTATTTTTGCCATTCTTTCATGATTTGGTAGATCGCCGCGCCAAACAGCAACGCTGTTTGGTTGTTTTCAACAAGGCAAGATTGTGCCACTGAAAACCGCAACAGATTTTTCTGTCTGCCGGTTCAGTGTTTCACTGATAAAAATTCTTACTGTTCCCTGGAACAGGATGAAGACAGAGTGAGAAAGCTGGTGTTCTCGTCTGTATGGTTTGAGATCTTTAAACAGGCAAGAATGCCCGTACTGAACGGGAGAGCGAAATCGGCCCGTTGCTGCAGGTATATCCTGTATTGGTCTCTCCGGTTACTGGTTATTGAGCAGGTCAAGTGCAGGAACGAAATGTTTTCCTACAGCAACTTCTGCAGGATCGGCACCGCAGGCTACAGCAACAAGTTCAGAAATATAATAAACCGGCATGGCTTCTATATCATTATACCGTTTTCTCATGCCCTCCTGCCGCATATCAAGATTTGCATGGCAGAGCGGACAGGCTACAACAAATGCCTTGGCGCCGTTGATCGATGCATTTCTCGCTATGCTATGCGTAAGATCCTCAACCATCTCCTGCTGGGCGAGCGTCAATCCTGCTCCACAGCATTCGATTTTGAATGCCCAATCAACCGGGTTGCCTCCCAGCGTGGTGACGACCTGTTCCATTTTAACCGGATTCTCTGGATCGTCAAAACTCATGGCATCCATTGGCCTGACAAGCAGGCACCCGTAATAACAGGCCAGGCTGAGATTCCTGAGCGGGCGTTTCACCCGTTTAGCAAGCTCGTTATCGCCGTAACCCTCGAGGAGCTGGGTTACTCCGATGAACTCTGCTCTGCCGGTAGGCTC
CP001097.1_gap30	1298425	1299788	1363	GCCAAACTCATCGGAGCCCTTGAAAAAATCAAGAGTTGGCTCGATTATGGCACGTTTACGCCTATCCAGGTGGCGTCAACCATTGCACTTACCGACGATCAGAGCTGTGTTGCAGAGATATGCGACGTTTATCGCCGTCGTCGTGACGTGATGATCAAAAGCTTCGATAATGCCGGATGGCCGATACTGCCGCCGAGGGCAAGCATGTTCGTCTGGGCACGCATTCCCGAACATCTCAGGAGCATGGGCAGTCTGGAATTCAGCAAGAAACTGCTTACGGAAGGCAAGGTGGCGGTAAGTCCGGGTATCGGGTTTGGAGCATATGGCGATGAATATGTTCGCGTCGCCATGATTGAAAACGAAGAGCGTATTCGTCAGGCCGCCAGAAATATCAGGAAGTTCCTGAAAAACAGCGAGTCCTGACTTCTGCACAATATTTTCCCTGGACCTGTTTTTCTGCCGTGATGGGCAGGTCCGAGGGATTACTCCTCCAGGGAAAAAATTTCCTGCACAGCTTCAGGTATGGCATTGAGGATGTCGTTTGCCGATACCAGGCTGGAAATGTCATTTGCCAGATCTCCAGCCCTGCCGTGAAACCAGGCCGCCGCCGCTCCTGCGTCGAGTATTTCGGCTCCTTTTGCAGCAATCGCTGCAATCATCCCGGCCAGGATATCTCCGGAGCCGGCGGTAGAGAGCGCTTCAGTGCCCGAGTCGTTAAGCATAAGCCCCTCCTCGCCACCGACAATCAGAGTTGGATGGCCCTTGAGCAGCAGATTGACCCTGTTTAGCCGTGCAAAATCAGTCGCGAGCACAAGCGCGTTCAGAGCAATCTCGTCTGCCGTATGGCCGCAAAGCCGGCTGAATTCTCCGTAATGCGGCGTCAGTATGGTATTGGCGAAATCGATTCCGGATGCAGGCAGGGCAACACCGGAAAGGGCAAAGAGCGCATCGGCGTCAAGCACGAGTTTACAGCCTGTTATTTCGGGTTTCCGGAGCAGCTCGCGAATGAAATCTACAGTTTTCGGATCCCTTCCAAGTCCGCATCCGATCAGCACAGCATCTGCCCATCCGGCTTTTTCGAGGATGGCGTCCATCTCCTGGGCAATGACGACTGCTTCCGGCGCATAGGAATGCAGCACGCCCGCAGCGGCAATGGGGATGGCCGCACACACATATCCGGCACCGGTTTTGAGTGCGGCTTTAACGGCAAGCATTGCCGCTCCAAGCATAGAAGCGTTATCGGATTGCGATCCGGCGACAATAAGCACCTTTCCGCTCTGGTGCTTTGCACCCTCAGGCTCTCTCAGAATAAAATGTTCCGCGGCATACTCTTTATCGGTTAAACGGCAGGCTGAAGGGGCGA
CP001097.1_gap31	1322791	1326004	3213	TCCATCAGAATCCGCGTTTCTTTTCTCAGATTCTGGTGAAACTGCCGGAAATCTTCTTCGCTGAACTCTGTTTTTGCTATTTCACTGCCCATCGGTGACTGGTTTACGGTCGGTCTGACGGATAGGGTACTTTGAACAATCTGGATAATAGCATGCTGAGATGCAAATATTTTGCAGGCAGTTGTGAAAAGAGAGTTGGGTATTGGACGGTTTGATGGGTATCCTTTCTTTAAAGATGCCTTTGAAATCGAAATCGTTGAACAGCAGAGCATTTTTCAGGTTTCATAATTTTACGGTCGACAACCATGCGACAAATCATTTTCACCGTTGCTTCATGGATTATGTTGAGTGGTATGGTTACTGCCTGTTCGTCTCAAAACCATGAGCCGGAGTCAGCAACCCGTCATGGAAGCGAACCTGCCGTAACGGAGCTGGCTCCGATTGATGGAGAATCTTTCGATAGTGGAGTCCAGGAACCGGCAGAGGCCGGCTTTGCGCTGATGCAGTCTGAGCAACTCGGCTCTCTGAGGCTTGGATTATCTGCAGACGAAGTGTTGCAGGCGCTCGGAAAACCTGATGAAAAGTCGGAACGCAACGTCTGGGCGGCCGATGGTGCGGAGCATCAGGAATGGCGTTACGTTGCACAGGGAATGGTACTGGGTATGATTGCTGAAGACTCAGACAACAGGCAGCAAATCGATGCGATATCCATATCGGTTCCGTGCCGGTTCCGGACAACAAGGGATATAGGGATCGGGAGCAGCAGGGGGGAGGTGCTCGAAGCGTATCGCAAGGAGATAGCTCAATCGTCCGGAGACAGTGCGGTCGGAATCAGTGACGATACGGTCATCGCAGGATCTGTCTATGGGGGAGTCGTGTTCACCATCAAAGACAATAAGGTTTCAGGTATTTTTATCGGAGCCGGTGCGGAATAGAGGTGCACTGAAACGCATCGGCGGACGAGTATAACCATCTTCGGATACGGGGATTCTTGATGAAACAGATAGTATCGGATCAGGAGCGCAGTCGTCTGGATGAGCGCATTGCCGAAACGGAACGGCGCACCGGAACACAGATCGTCCTGAGCGTCATTCAGCGAAGCGATTCCTATGCGGAACTCCCGTGGAAAGCGTTTGCCCTCGGCGCATCGGGCGCCGGACTGATCCTTCTTTTGCTCTATTGGCGGTTGTACGACTGGTATCCGGATGTGTCCGCTCGAATCATGGTGTCGGGCATGCTCTCATGTGGCGCCCTGCTGGCGCTCCTGAGCGTGATGTTACCACGATTCGCGAAATGTTTTTTATCCGACTATCGCGCCGAAGCGGAAGTGCGGCAGTATGCAAAATCGCTGTTTCTGGATCGGGAGCTGTTTGCTACCCGGAAAAGGAGTGGCATTCTGCTGCTGCTGAGTCTGTTTGAGCGTCGGGTTGTTGTTTTGCCTGACAGGGGAGTGGATGATCGTTTCGGGGAAGCGGATGTGGAAAAAATGATAGCGGCAATGACTCCGTTTCTGAAGCGTAAACAGATCGGTCAGGCATTCGATGCCGGTCTGGACTATCTCACCCGAATATTGACTACAGCTTCTCCGGAGGCTTGTAACGACGAATTGCCAAATGAAATCATCGGGGAGAAGGGAATATGAAGGCAAGACCGATGTTCCTGTTGCTCCCGATTATCATGTTCATCAGTTCAATACTGTTTGCTGCAGATGTTCCTTATCTGAGCGGGAGAATCACGGATAATGCACAGCTTCTGTCGCCGGAGCTCAACCGGTCGTTGTCGGACAGCCTGCAGGCACATGAAAAGCGCACCGGCAACCAGATTGCCGTTCTGACGATTGCCACACTCGATGGTGAGAGCATCGAAGATTACGCAGTCAGGGTGTTCGAGTCATGGAAACTTGGTCAGAAAGGCAGGGATAATGGTGTTCTGATCGTGGTGGTTCCCGACGACCGGCGGATGCGCATCGAAGTGGGGTACGGCCTTGAAGGAACGCTCACCGATGTCATGGCGGGACGGATCGTTCAAAACGTTATGACCCCTAAATTCAAAAACGGAGATTTTGGCGACGGTATTGCCGATGGGGTCCGGGCAGTGATTGAGGTTCTTGAGGGCGGCGAATTGCCGGATACAGGCGTTACAACCGGTTCGACGGAAAAGTCGAATTTCTTTGAAATGGAGGGGCCGGAGCTTTCGATTCAGGAGCGTATTCTTATGGGAGCGTTTATTTTCGGAATCATCGGACTGTTTACCGCAATCGGGATAATGACGCCGGGTGTCGGATGGTTTTTATACCTTTTTCTGATTCCCTTCTGGGCGGTTTTTCCGATTGTTGTCCTTGGGTCAGGTGCTGCGTTCTATTGTTTTATCGCCTATGTGATAGGTTTCCCGGTTACAAAACTTTTCATACGAAAGACCGACTGGTATAAAAAGGCTCAAAAAGAACTGCGAACCAAGGGGCAGACTTCAATTGGCGGCTTTTCGATCGGTTCCGGCAGTTCCGGTTCATCCTGGTCTTCAGGCGGGTCAGGTTTTTCGGGAGGTGGAGGATCATCGGGTGGAGGCGGTGCCTCCGGCAGTTGGTAGTGTTTTTCCGGGAGAGGTGCGCAACTATCCAATAAGGCCCGTTTGCGTTCATAACGCTATAAAAAGATTCAGGGAGCTGCGGGATTTCGGGAAATATGCAGCAGGGGAGTCGCGATGATGCAAAGAAACCGATTCCGGTTGGGTTCAAGGTATCGTTGTTCCGTATCTGTTTGGCGAGGCGCTCTGAAGTGGCTGAAAAAAAATTTCATAACTACTGGTTCCTATGAATAATAGCTTCCCGACGAAAAAAGTTAAAGTCGCAACATGGAGCGAGCTCGAAGAGAAAAAACCGGCTTATGCGCAGGTATTGAATGTTGACCTTGTCGTCATCCGCTACGGAGAAAGCGTCTCGGTACTGTACGGTCGGTGCCATCATCGCGGAGCCCTGATGGCCGACGGATCTATCGACGGAAAAAACCTTCTGTGCAGCGTGCACGGCTGGGACTACCGGTTCGAGAGCGGCATAAGCGAATACAACAACGACGAAAAGCTCGAACGCTTCGCGGCATGGATCGACAAGGCAGACAATGCCGTCTATGTGGATGAAAACGAAGTCGCGAGCTGGTCAGCCCGGCATCCGCAGCACGGTAGAGGCCATGCCTGGGCCGATACGAACGATACGCCGGA
CP001097.1_gap32	1337603	1339589	1986	TATGCCTGAGACTGAGTTTTTCCACGATAAGGTCATAAACATCTCCGCTCATATAGGGCGTACGGCTGAGCACCCAGAGCGCGGAACCGGAACCGCTCGAAACGACTGCCCATGAATAGTCATCAGAGAGTTCGATCACCTTGTAATCTGCATTGAAAAGCCTAAAAAACCGGACTTTCAGCCACGCGTTTCCGCTTCCGGAAACAGGAGTCGCAACAGCCTTTATCGATACGGTTTTTCCATGCCTGAAGCAGGAGTTCCTTACGCTGATCTTTCCGTCTGCCGTCAGCGTATATTCGGCCTTGGTATTTGAGCACTCCCGCTGTCTTTTACGGGGAACGGCTGCAATTTCATACCATGTGCCGCAATATCTTGCGGCATCGACCCGTTCAACGGTTCGTACTGAAAAAACGTCGCGTTTTTTTCCGAAAAGTGACATGACTGAATATGAGTCTGATTTATTGCCGCAAGGACACGGGATGCGGAAAACAATACCTTTTTTCATAAAACCAGGAACTGATGCGATAAGTTCATGGTTTTCCGGTTCTGATTTTCGGCTTGAAGCTTTGTGTCGAATTGTTAATTTATGCCGTCATGAAAACAGAATAACCGCCTATGCAGAATATCGAGCTGAGAACCGCCGGATCTGATGATATCGTTCGCTGTGCTGAACTGCTTGGCTTGCTGTTTGCGCAGGAGCATGAATTTCTGCCCGATCCGGAAGCCCAGAAGAGAGGTCTGGAACTCGTTATCGATCATCAGGAAACGGGTCGGGTGTTTGTTTGTGACATAGATGGAAAGGTAGAGGGAATGGTGATGCTGCTTTTTACCGTCAGTACCTTTCTTGGCCAAAAGGTTGCGCTGCTCGAAGACATGATTGTCGATCCTGCCTGGAGATCCAGAGGTATCGGAACGCTGCTTCTCCGGCATGCCGTTTCGTTTGCAGAAACGGAGGGGTTCGGGCGGATCACTCTCCTGACCGACCAGGATAACAGTACCGCGCAGGAGTTTTATCAGCGTGCAGGGTTCCTCTTCTCTTCTATGAGAGTAATGAGAAAACCTGTTGAAGACTTATAAAAAAGAAACACTGCCCGATGAACGATTGCTGGAGATGCCGGGAGTGCGGTTATCTGTACGATCCCGCTGAAGGCGATCCCGACTGCAGGATACCGCCTGGAACATTATTCGACGAACTGCCCCATCTCTGGTGCTGTCCGGTCTGCAACGAACCGCAGAGCAATTTTGAGCCGATGAGGGTATAATTCCAGTACCAAGCGATGAGGGAATGGGAAGATGAGGATTGTGGGCCGTGAGCAGTTTGCGGTGAGCTGGCTGGCTTGATGGCGGGAGATGTGGAGTATCGTTCGCGGGACGAACGGGAGTATGCTCGCTGTCGCATCGCGGAGTATAGCTTGCTTTGCATTGCTGGAGTATGGCTTCGCGGTCGAAGATGGGAGTAGGCTGAGTGGAGATCGGAAGAACGAGCTGAGATTTTACGGGTCAGGTTGAAGAGGCCGGATGGCTCGTTAGCTGATTAGCAGGAAAAGATTTTGGCTGTTTTGTTGTCTTGCCATCCAGCTATCCACCCAGGAGTTGAAAAAAGAACATATTTTTATGCCGCACGGCGCGCGATACTCCTTTTTCACTGGTTAACGGGAATGAATTTCAGGATTGTCGAGGGCAATATAACTGCATAGTTGTATTGGAAATGGAAGAAGATATCCTCAGTTTGTTTTCGTTTCAAGCGAGTGGTTTCCGGCAATCGACGCAGCTTTCCGTGCCGGGTAAAGGCTGACCAGAAAGCTCAGGGCAATCGCGGTAGCTCCTACGGCGAGAAAGTCAGTTGTTTTCATGCTGACCGGATATGCCTCTATGATGAATGCGCTTTTGGACGGCAGTTCGACAAGTCCGTAAGCCTCCTGAAGCCGACAGACAATCCAGGCTAACGCTGTTCCGGCGGCAGTGCCGCCTATCCCGGTCATTCCT
CP001097.1_gap33	1411299	1411824	525	CACAGTATAATTTAGGAGCAGTTTACCTGAATGGGAGTGGCATAACGAAGGACGAACAAAAAGCAAGAGAATGGTATAAAAAAGCCTGTAACAATGGATATCGACCAGCTTGCGATGACTACCTGAAGATTAACGAGTGACAGTATCAAGATTGAACCCGTATATCCCCTGTGCTTTTTCCGGCCATAATGCTTTTTATGGCACGCTGTACTTATCGAATCCGCAAAAAGAATCAGGAAGCATGGAACCATAGCTATCTTTTTTCAACTCCTCACTCTCCCCCGCAAAGCTCGATCAGCTTCGGATAGACGATATCGACCTTCTGATCCGGCTGGTTGGGATCGATGATGTCGTGGCCGAGATTCAGGGATGCGTCAAACGTAAAGGAATCGACGGTTGCCTGTTGCGCCTTCCAGCGTTCGACGATCTGCAGGGTACGTTCATTGCTGATGGAGCCATCGTTGGGGTTAAAGACCATGACGATCTTTTTAGCGGCGGGAGGATGCTTCCCGGCAGCCTGCTCGA
CP001097.1_gap34	1451105	1452931	1826	TGAAGCAAATATTCCTTCTCGATCCGCGTGGATAATGCATGTAGCTGGCTTTCAGCTATCCCGATTTGATAAATGTTCGTTTACCAGCCTCTCCCTCAACCCGCTTCTCCGCTCCGTCCTGCGCTTCACCGCTGACGAAAAAACAGCCTCATCGCTCCAGAGCGTAACAGCCTGCCGTGCTCTCGTAATGCCTGTATAGATCAGCTCTCTCGTCAGGAGAAGCGTATCCTCCGGCGGCAGCACCATGAGTACCCTGTCGAATTCGGAGCCCTGGCTTTTGTGCACGGTCATGGCGAATGCGGTTACATGCGCCGGGAGGAACTCCGGGGGAATGGATCGGACAGTGCCGTCGGGGGCGGTGAAATATGCTTTCAGGTCGGCTTGGGGACGTAGTGCAATAGAAGCAATCAGCCATCACGGATTTCCGCTTCAGACTCGTGCGAGCAACGATTCACCTGTTTCTCACCATATAGCCCACCGCATTCGTCGTCACTCCCAACCTCCTTCCAGTTTCGGCCATCGATAAACCATAATCATAGACAAACTTCAGTGCAAGCCTTTTTCTAATCGACGCCAAAATGCCGCTCCTGCTTCCGGATCGCAGAAATGCCTCCGTTATTCCTGCTTTACGGCATTCCTGTTCAATATCCTCGTTAATCAACCTCGAACGATCGTCTGCCGATAACGGCAGCGCCATGCGCTCTTCCGCTTCTTTCAACACGTCACGAACAAACGCATCACTGCCGAGAATCCGCTCGTCGCTGAGCACTTTGGTGCCTTTTTTACGCATGGATTGTACCTGCTCCCAGCCGCCATGCGAACGAAGCAACCCGCCTCCGGAAAATTCCTTTTCACGATCGACGCCCATTTCTTCTTCAAGAAAAGCCAGATACGCTTCTCTTGCCGCACCTTCCCTGCTTCCGAAACAGTGCAGCACATATTCCCTCTCCAGCCAGCTACAGCGTACCTTTTTCATGATTACCGCATGCCCGCCCCAGGGATACAAGGCCAGCTCTCGCAGTGAGGAAACAAGTCCAGCCCGCAACGGATTGAGGTGGATGTATGCCACGAGTTTGTCGAAGTATGCCTCTTCTTCGCAGATAACCGATTTGTACCGGTTCTGAAAAAGATGGCCGACCCGTTTATGGCGTCGGTTGAAATATTGCGCATATCCCGACAATAGCCTGCGCATGTAAAGAGACAATCCAATGGATCCGCTTTTGAGCAGGATATGCGCATGGTTCGTCATCAGGGCAAAGGCGTAGATGCCTGTCCCAGATGTTTTCGCCAACAATCCAATACGGCGAAGAAATTCCGTTCTGTCGCTATCGTCACGAACGATACTTCCCTGTTCGATGCCCCGCATCATCACATGATGCAGCGTTCCCGGCGCGTCAAGTCTCGCTCCTCGTGGCATATGGCTTTATCGTCTTTACTTTTTTAACAATTTATACTATATACTCCGAATTTTTTACCGGCAAAATACAATCTCCTACGCTATTGCACTGCGTCCCATATTCACGTATATGGGTGTTGATTTAGGTGATTTTGCTGTTTTTGTGTACCGGAAGTTCCTGAATATACCTGAGGTCGGTTAACGACACATGCAGATCGGTTCCGCAACTGTGCATTTATTTTTTAATTATACGCTAAATATTACTCAATTCAAACTGAATTAATCCTCCACCATCCTGATGACGGATCATTGTCAAGCAAATTTGCCGTCTCGTTCCGCATGAATGCATTATACCCGTTGGTTTCAGCTATCCTGATCTGATTTTTGTTTATCTACAAGCATCTCCCTCAACCCACTCCTCCGCTCCGTC
CP001097.1_gap35	1495856	1500534	4678	CGTTTATTATGAGCTTTTCGCACTGGATGATGTCACCTGCAGAGAAAAAGCGTCCTGTTTTCCTGATGAAAACCTTTTGGTTCTGCTGCGCCAGCAGGAGACTGATCGAAAGCTGTCTGTTCTGTTTTCCGAGATATGCGGACTGAAACACCGCGAGATATCGATGATAATCGGCAAGCCTCTCGACACCATACGATTATTGTTATCATCGGGGCGAAAATCGATTGTTGATGGTTTGCTGGTTATACTGGCATGCGTTGAACCCGCCCTGATCTGTTAAAAAAACCGTTTTTTAACTGAGGTACCCATAAAACAGACCGGAAAAGTCAGCGGCGCCCGGATAAAGGGATGATGCTCCTGCAACAGGTCTGTAACCGGTGCTGCTGCACCTCTCTCCACTACCCCTATGAGGAGAGAGAGGGTATGTAAACAGGAATTGCAGATTCATGATTCGTCGTTGTTACCCCCAGACTGCGCATCGCCGAGATGCACCCCGGAAAGAAACATGACGCCGTAACCGAAAGAGTACCAGAGCACCTCCTTGAAACGCCTCAAAAGCACGAACGCCGCTCCGTCGGCCGCAAAATCGTGTATGCCGAGCGCCTGAAAAAAAAGAAGATATCCGAGATCCTGCACTCCGAGCCCCGAAGGAATGAAAAAAAACAGCGAACGAAGCATGGCGAGCGCAATATCGATGGCAAATATCTGATAAAAGGAAATCTCGACCCCAAGCAGAGTTAATATGATATAACTTTCCGCCGTAAGCATAAACCATGCAAGGACATAGTAGAACATTGCCAGCAGACGTCCTCCTGCGGGAAACCCCCGGTAACTGTTCAGCGCCTGATCGGTATCGAGAAACCCGGACTCCTTCTCAAGCAGCCAGGCCTTGAGCTTCCTGAACGGAACAAGCATAAGAAAACGATGGATATGTCCTGCGACACTTCCATTAAGGAGCAGCAGAAGAAAGAGCATAAAGAGAAGAAAAACCGCAAGGCCGCTGATCACCATCAACAAACCAAGTCCTTCGAACCCGATTACCCGACGTGAAACCATCTGTAAAAAACCGTAGCCCGCAAAAGCGCCGATTACGGTATACAGCCCCTGCGCTGCACCGAGCATGAGCTTGCGCACCGCCACACTCGCCACTGATTCGGGGACGGGAAGACCGATAAAACGATTACAGAGATACGGTCTGAGCGGTTCACCGACAGCTACGCCTGCGGGAAGCGTCATGGAAACGGTTTCGGCGATAAGCTGTATTCTCAGCAGGGGAAAAAAAGGTATACGCGTTATTCCGGGAGGAAATACCTTTATCCATGCAAAGGTTTCTACCACATGAAGCACGAGAAAAGGCAAGAGAATCAATACGGAAGAAAATCCTATCGAAAGAATTCTGCCGATGGCACCTTCAAGATCTATCTGACTGAAAAGATATATGATAAGACAAACACCAAGCAGAAGACCGGCATATCCCGGCAAATTATTACTCTTGTTTTGCTTTAACTGCATAAAAGGGATGAAAAACAGACATAAAAGATACCGTAAAGTACCAAACTCTCTTTGCAAAGATAATATTGTATCGTTAATTATTTCTTTAATCGGTTTGAACCTTCCAGCATCGTTCTTTCGGGCATTTCTTTCGAGCCCCGCCGGCTCACCTGTTAACCAATACGGATCCACAAGATTAACTCCTGCTCTCTATGGGACTCATCAACGCTGATTTTCATACGTTACCTGAACTGTTCTCTTCCGTTTTCAGTCACTATCGAGGCAAAAAAGAGAAGTTTCCCATTGCCAGGAAGATCAATGGGGTCTATGAACCCATACCATATGATTCTCTGGAACAGGATGTTCAATATTTTGGAGCATTTCTCAGGGAAAACGGCATAAGCCCAAAAGACCGGGTAGCCATTCTCTCGGAAAACCGGCCGGGGTGGTACCTTGCCGATATGGCCATCCTCAATATCGGCGCGATCGACGTACCGCTTTACCCCTCTCTTCCGCCTAACCAGATCGAATACATTCTGCGCAACTGCAGCGCGAAAGGCATTGTTGTCTCGAACATGCTCCAGCTCGGCAAAATCCTCTCCATATGGCAGAACCTCCCCGACCTGAATCTGGTCATCGTCATGAACCGTCTCGAAGAGCCCATTGAGGATGTGATCGACCTGAATCGCGTAAAAGAGGCCGGCAGTAAAATTCTTGACAGCAAGCCCTGGATTCTTGACGGCATCAAGGTGGAACCGGACGACACCGCAACGATTATCTATACTTCCGGCACTACCGGTCTTCCGAAAGGAGTCATGCTTACGCATGGCAACCTCTGCGAAAACGTCAAATCCTGCTCCTCGGTTATCCGGCTCGACGAAACAGACTGCAGCCTCTCTTTTCTCCCGCTCTCCCACGCATATGAGCGTACAGGCGGGTACTATCTCCTGTTCGCCTGCGGTGCCGCCATCTATCTGGCCGAAAGTATCGAAACCATATCGCTCAATATTGCCGAAGCAAAACCAACCATCATCTTTACGGTCCCTCGCCTGTTCGACAGAATGAAGGCAAACATGCTCAAACAGATTTCCAGCGAAAGCGCAATCAAACAGAAAATTTTCAACTGGGCCGTTAAAACCGGTGAACAGTACCATCGCCAGGTGAACGAGAAAAACCGTGCATCGATAACACTTTCCATACAGCACAATCTGGCCGACAAGCTCGTGTACCACAAGATCCGCAAAAAATTCGGCGGCCGCCTGCGCTACTTCGTATCAGGCGGCGCTGCCCTGCCGCAGAAAATCGGAGAGTTTTTTCAGGCTCTCGGCATCAACATTCTCGAAGGGTTCGGTCTGACGGAAACCTCGCCGGTAACGAACGTCAACCGCCCTGATAAAATAAAGTTCGGCACTGTAGGACCGGCAGTGAAAAATGTTCAGGTAAAAATAGCCGAAGACGGAGAAATCCTGCTCAAAGGCCCGAACATTATGAAAGGATACTGGCAGGACGAAACCGCAACAAAAGAAGTCATCAGGGACGGATGGTTTTACAGCGGCGATATCGGTGAAATCGATCGCGACGGCTACCTGAAAATCACCGACCGGAAAAAACATATCATCGTCACCTCGGGGGGGAAAAACATCGCCCCTCAGCCGATCGAAAACCTGATCATTGAAAGCGCTTTTGTCGATCAGGTCATCGTAATCGGAGAAAAACGCCCATTCCTTATTGCCGTCATCGTACCCGATTTCGTCAAGCTCAACGAGTATGCAGCGCAGAACTCGATTTCGGCTAAAACCAACAAAGAGCTGATCGAGAACAAGGCCATACAGCAGATTTACGAAAAACTCATGCGCAACATCTCCCGACAGCTCGCCACACACGAAAAAGTGCGCAAATTCCTGCTGATCGAAGAGGCATTCAGCATCGAAAAGGGCAACATGACCCCTACCATGAAACTGAAACGCAAGACCATAACGGAGAAATACGCGCAGGAGATCGACAAGGTTTACAACGCCCTGAACATGGTTTACAACACCGAGTAGTCCATGCTGCCGTAACGATTGCATGCAACACAGTGAACGGATAACCCGTAATGGTTCCGGCCCGCGGGTGCATGACGACCGCAATCCGAGTTGCAGGCAACAAGATACCCGATAATCCTGATCTTATTATGGCAACCATCGAAGAGTATACCGAAGGCACCATACAGAAAGGAATACGAAAGACGCTCATCCATTTCGATACCATTTCCACCCCAGTGCCTGAGGATGAAAAATCGCGTCATATCCGGCAGAAAATCGATACATTCGAGCCTCTTCTCCTTACGCCGGACCAGGCTGCAATATCTATCCGGCAGGCAGAAGCCATAGCGCTCGGCGAGAGGGTCTGCCGGGCGCTCCACCCCGGTTCGGTCTACAGCGAATCGGTATTTCTCGACGGTCTCGCCGTTGCAATGGTTCGTGCCGGAAAGGCGAGGAATGCCGGTGTCGACGAGGCGTGCAAAAGCCTGGAAGGATGTTCCGGGCGTCCCCTCATCATCTCGAAGGTTTCAGGGAAGTATCAGGAAATATGCCCATCGGTTCCTTCGGAATGCGTCTACTGGCGAGCCGTGAAAAAAGGGATACACTGCCTGAAACACAAAGCATGATCACCCCCTGATCCGCAGCACCCGCCCCTTTCCGTTCTCGCCGTCACCTTCCTCCACAAGCCCTTCGAGAACAAGATCGCCGACGATCTCCCGGATGTTCCAGGAGCAGTCGCCGTATCTTGCATCGAGCTCTTCAAGAAAAACCTGATCAGATGCTACGAGTTCCTTCATAATCATGCCGCGATACCAGCGTTTCGAACCCCGGAATTTCGACTGTTTCGTGAGAGGGCGTATACCGGTGATGCGGCTTGTGAGGCAGAGCGATCCGTAATCCATCAGCGCATTGTGCCAGTCTCGACTGCGGCCCGGCGGAAGGAGCTGTTCGGCAGCAATCTGGATACTCCGCTTCGAAGTCTCTTCCGGCAGGGCGAATTCGTGGATGATGATGCGCCGGATATTGGTATCGACTGCAGCGACATCGAGGTTGTCGGCGAAGACCGGAATGGAGCGGCAGGTATAGTCGCCTATACCCGGAAGGGTTTTCAGTTCAGCCGGAGCGGCCGGCACCACGCCCCCGAAACGCTCTGTCACCATTCT
CP001097.1_gap36	1516075	1518901	2826	CACGATTACAACCGGGTTGTTCTGCGATACCGTCATGAGCAGTATGATTTATTAAACGTTCATACGCGTTGAATAGCAGGTTACGACCATTTTTTCAGGAGCTCGACAAGCAGACGCACACCGAATCCGGTTGCGCCGCTGACCTTCGCGCCTTTAGCGGAGAACGAAGGTCCGGCAATATCGATATGGGCCCATTTTTTATGCCCGTCTATAAATTTTTCAAGAAACCTGGATGCCGTAACCGAACCGGCACCTCTTGCGCCGAGATTGCTTACATCGGCCACATCCGACTTGATCATCTCATCATACTCCTCCCAGAGAGGCATTCTCCAGACTTTTTCTCCTGTTATCTGGCCAGCTTCAAAAATATCGTCAGCCAGACGATCGTCATTGCTGAACAAGCCTGCAACCGTATATCCGAGCGCGACAATACAGGCTCCAGTCAAGGTTGCCAGATCGATAATCACATCCGGATTATACTGCTTCTTTGCATAAGTCAGTGCATCAGCAAGAATAAGTCGCCCTTCGGCATCGGTATTGCCGACTTCGACAGTAATACCCGAATAAGTGGTGATGACATCACCCGGCTTCGTTGCCGAGCCGCTCGGCATGTTATCGGTCGCCGGAATAAGGCCGATTACACGGATCGGCAGCCCAAGCCGCGCAACGGCTTCAACCGCTCCGATAACGGAAGCCGCTCCCGACATATCGGACTTCATTTCTCCCATACCTTCTGAAGGTTTCAGGGATATGCCTCCTGAGTCGAAAGTAACTCCCTTGCCGACAAGCGCTACTGTTTTGGCGACTTTTCCTTCCGGCTTATAATCCAGAACGGTAAACGTTGGTGGATGCTGGCTTCCCCTGTTGACGGCAAGCAACCCGCCCATACCCAGAGCCTCTATTTCTTCCTTTCCAAACACGTTCACCTCAAAGCCGCATCTCTTGCCGGATTCAACCGCTGCAGCGGAGATATCCTCTGCCTGCAGCAGGTTTCCCGGCAGATTGACCAGATCCCTGGCCATATTCTGACATGAACCGGTAATTATTCCTGCAGCGAGACCATCCTCAACAGCCGAAAGCTGAGCGGGCTCCGCTCTCAGTACCAGCTCGGAAATCTCTTTCGTTTTATCGCTCTCATCCTTTTTCTTTTTAAGCTTGTCACTTTTCAGACGGTCAAACCGATAGGAGCCCGTATAGCATCCTTCGATAAATGCCGAACAAATCGACGCAACTGAAGACTTTGCCGACGACGCGAAACCTTTAACTCCTGAAAAATCAACGGCAACGGACTCAATCTTCATATCCATAGCCTTAAGGGCAAGGGCAGCTGCCGCTTTCCGGAAATCCGTAACTTTCTTTCCTTCTCCCATTCCGAGCAATGCAGCTCTTGCTGCGATTGCCTTTCCGGCTGCACCGTACAGAATCACAAGTTCGCCGGCATCTGCCTTGAAATCCCTGAGCACCACTGCATCATACCCGAGATCCTGCAGAATCCCGTCAGCATTTTTTTTAAGCGCTCCGGTTGTAAAGGGAACGACCAACAATTCGGTTTTTATTTTTTTGACCGGAGTTGCAGTAACCGATATGTTCATGGCAGAATGTTTCGTTTAACTTTCAGAAAATTTCAAATAGAATCTATGCCGAATGATGAGCGTTCAGAAATGCCCTTACGGCTTCGGGAATGACTTTCCTGGCTTTTTCTGCCGAAAACTGTAAAAGACAGCCCGCCGCGTTCATATGGCCACCACCTCCATAGGTCCTGGCAAGATGGTTGACATAGATGTTCCCTCTCGACCTGAAACTCGCTTTTACCCTTCCATCCATCATTTCCACCATGAGCACGGAAATCTGAACTGACGGAACGCTTAAAAGATATGTTACGATCAGATCGGTATCAAAGAGTTTACTGCCGGTCGATTTCATCATCTCCTGTGAAATAAAGAGTGAGGCTATCATGCCGTCATCATAAATGGTGATCGCGCTCAGGGCCGCACCAAGCAGTTTGAGTGCCTGGGGGGTCAGTGAGTTATAAACCCTGTCATAGATCAGCGACGGATCCGCACCTTTATCGACAAGATCACCGGCAAGACGGTACACATAAGGCGTTGTCTTGGGAAATCTGAACGAACCGGTATCGGTCATGACTGCGGTATAGAGGGCATTCGCAACCTCCGGAGTGAGCAGTTTCCTGTCTGTTTTCTCTTCGAGAGCCAGAATAAGATCGTAAACGAGTTCACCGGTAGAGGATGCATACTGTTCACAGATCATGATATCTGCAAAATCTTCCGGATCGAGGTGATGATCGATACAGAGTACCTTCATTCCTCCAAGCTCTTTTGCGAACTGAACATGAGGACGAAGCGAACCAATCCGCTCGGCAAGGTTCGCATCGAGCACAACCACAACGTCGCTGAGTGAGAGCTCCTGAATAGCGCCTTCATCACGGCCGTCAAAAAGCACAATGCCGCCTGCTTTCTTGAGAAACGTATAATTAGGGGGAACTTCCGTGGGATTGACAATCGAAACGGTTCGACCAAGCTGCCTTAGAACCAGAGCAAGAGCGACTTCGCTGCCAAGACCGTCTCCATCAGAATTTTCATGTGTTGTCAGCACAAAATGCCGACCATCAAGCAGAGCCTCAATTACTGGAGACCATTCCTTCAAATCAAGCTTACGCCCATATCCCGGTACTATCATCCGATTCTTATAACTTTAACAAAAGAACTCAATCTATTACTTTTCCCTGTAAGGAAAAAATAAACATCTGCTTTTGCTCAAGCGAATTCAGGCAATCTCCAAAATATACTCATTACCAAAAAAAGAGCC
CP001097.1_gap37	1523254	1525666	2412	TCATAATTGTCGATGAAGAGCATGACGGCGCCTATAAACAGGATCGTAACCCGCGCTATCATGCAAGAGATACGGCCGTCATGCGGGCAATGTTTGAAAATGCCATCTGCGTTCTTGGTTCGGCAACGCCCTCCTTCGAATCGTATCAGAACGCTCGGGCCGGCAAATACCAGCTGATCGATCTGCCTGAAAGGATAGATGGAGCCACAATGCCCATGATCACCCTGATTGCAATGCGTGAAGCGCCCAAAGCCACTGCATCGATTTCCGACCGACTTTACCGTGAAATCAGAAAACGGCTCGAAAAAAACGAACAGGTTATCCTGCTGCAGAACAGAAGAGGATTTGCCGGAAGTCTCTTCTGCCTTGAATGCGGCCATACGCCCGTATGCAAATACTGCAACATCCCGCTGGTTTACCATGCAACCGAAAAGCAGCTGCGATGCCACTACTGCGGCCACACGCAAATCTTTACCGAACAGTGCGGCAGATGCAACTCCACCAGACTCTTCTATAAAAGCAGCGGAACGGAAAGGATCGAAGAGGAATTGAAAACCCTCTTTCCGGAAGAAACGATACTTCGGATGGACATCGACACCACATCGGCCAAAGGATCGCACGGTCGAATTCTGAAGGCGTTTCATGAAAAAAAATCCCGAATTCTGCTGGGCACCCAGATGGTTGCGAAAGGTCTTGATTTCCCCGACGTTACCCTTGTGGGTGTGCTGATGGCCGACATCGGTCTGAACATACCTGACTTCCGCGCTTCGGAACGCATGTACTCGCTGCTGACCCAGGTCTCGGGAAGATCCGGAAGAGCATCGATACCCGGAGAAGTCTATCTCCAGGTCTACAACCTTGACAACGAGGTTTACCGCGCCCTGCTTGACGGCAGCTACAAAAAATTTTTCGAGCGCGAAATGGCACTCAGAAAACTGCTCCGTTACCCTCCTGCATCGAGGCTGGTAAAATTCGAATTCTCATCAACCGATGAAAAAAAAGCAGAAGAGGCCGCATCATCCTTCAAGGAAAAACTCGAAACCCACCTGCCTGCCGAAAAAGTCATGCTGCTCGGCCCCGCTCCGGCAGGTATCGCCAAACTGAAAAACCGATACCGATTCCAGCTTCTCCTGAAAATTTTCACAGGCAAACTCTCCCCGGCATTTATCCGCTATCACCTCGACGCCCTGCTCGCCAGTTACCGCAACGCGAAACTTTCCGTCACCATCGACGTCGATCCGCAGAATCTGATGTAATCAGTATTCAGTAGCCGGTATCAGGAATTATTTTTCTATTGTGTCACGACTTTCGGCCAAAGGCCCACAATCTTCACGACTCTCCCGGCTACCGACTACCGACTACCGGCTTCCAGCTAACCGCTCACCGCCCACTACCCACAATCCTCCTACCGCCCACTGCCTACTACCCACAATCTTCACCTGCCTACCGCTCACGGCCCACGGCCCACAATCTTCACCCGCCCACATTCTTCACCGGCTACCGGCTACCGGCTAACCGCCCACCGCCCACCGCCGACTGCCCACAATCCTCCTACCGGCTACAAATATGCTGGTTTATCGTATATTCCCCTATCCTGTTAACCTGTAAATAAAAAAACGGCTTTATGAGTTACTTTTCGTGGAAAAGGGAGTACATGCAAGCGCATCCTCTGCAAACCGCAGGTATTGTGTTCTTCCTTATCGGACGTTATATTTTCGCGATCTTTTTTCTTTACGGATTCTGGCACAAACTTGTCCGGGGATGGCTCTGGACCGACAAGATGTATGGTTTTTTTACCGAACGTCTCTACTCCCCTCCGCAACTGAACGACTTTCAGGCACTCTACCTCGAGCAATTCGCCATTCCTCTGGCCCTGCCGATAGCATGGATCGTCACCATCGGGGAACTGATCATCGGGGTTTGCCTTGCCCTGGGGCTTACCGCCAGGGCAAATGCTGCTTTTGCTCTTTTTCTGGTACTCAATTTCGCAGCAGGAGGATTCTACAACCTCACACTGCCGCCCTTCATGATTTTTTCGGTGCTGATGATGCTCCTGCCATCCAGCCACTGGCTTGGACTTGACAGGCAATTGCACGAAAGGTATCCCGAGTCGATCTGGTTCAAGTAGCCGGACTATTTCTGAATGACAACACGCATCCCGTTGCTCAGCTCGTTTGTCGGATGGACAACCACCTTGTCGCCCTCCTTCAGACCGCTGAGCACCTGGGCCTGAAAAGCTCCGCGCATACCGATTTCAACCGTTTTTTCGACGGCTTTCCCGTTCTCTATCACAAATACTTTCCACTCGCGGGTTCCCCTGAAAAGGCTGCTGACGGGAACCTGCAGAACGCTTTGCTCCCTGCGAAGTACAATTTTCGCCTGAACACGGAAGTTATCTCCAAGACGGGGTTC
CP001097.1_gap38	1567666	1568915	1249	CGGCAACGATCTCTCTTTTTTCGATCCCCCCGGATAATCACATGATGCAACGTGCCTGGTGAATCGAGTCCTGGACCTCTCGGCATGCCTCTACTGGTTGGTTTGTATCGGAGACGGATAACTCTGCATTATGATCATTGCAAGTTCATGATTTCATGATGCCCCCACTTTGGTATGATGGTTGGCTATGCCTTTCATGTCGAACTCTTTCATTCCTTACTCTTTGCCGGTTATAATCGGCGCTTTCTGAGCGTCGCCTCGGGATCTATTTTCAGCAATGGATCTACACCCTCTAGTTCTGAACTTTCTAAATTGTAATTTATTCACCAGTATCTTTGCTACTTTTCTTAATTTCCTCCTTATCATCTTTAAACTTTTTAATAACATCTCCTATCATTGCAAGACCTGGGATCATTGACGGCGATGGGCTTGACTCCGGTTTAAGCTCTTTAAAAGCCGTTGAATATTCATCTGTCCATTTAAACGCTGTCTCCAATTCATCAATCGTGAAAACATTCCCTGCTGTTTTAAGATAGACAAATAATCGACCAAATCTCAACGCATGACGACGATTATACAATATAGTTGCTTCATGAAAACATGACCTACTAATGTAAACAAGAAAACCTGCTGCAGCAATAAATGCACCACCAATCGCTGAATTTCTCAACAACATCAAATAAAAAACATAAGTAAACTGATTTTTCGTCAGCCCCTTATATAATATCGTTTCTATGCCTTTATCCTTAACACTCTTTATATCATACTTCTCAATAAAAACTTTTGAATATTTTTGTGGGTTAAAATCATCAGCAAAACTCAAATATATAGCAGGAATCAAAAATATAATCACCGCAATCACAGCAGCAAAACTTCCAACGAATGTCAAAAACCTTGCTCTCCACGTCAGATATACTTGAGCCTTTTCAACAAACAAGTCAGTTGCAGCAACTTCTATATGATGCTGATTTATATCATCATCTTTTATCTGTTGACTAAGCTTATTAAACAAATAAAATCGTTCATCCAGCTCCCGTTCTAGCTTGCGCCAAACTTTTCTTTTAAACATAAATAATAAATTAATTTTTTATGGTAATATTAGATTTTCGAAATCCGCTCTCATTAACCTCGCGAACACGCTACTTATCATCATAAAACTCATCAATATCATTTGCATTAATTATATCTCTTATTCTTAGCTTGATCAGATTTCTTCTTAACGCAGCACTCTTTTTTCGATAGGAAAATG
CP001097.1_gap39	1606411	1608406	1995	GCATGAACCCGATACCTTTGGAGAGCTTCAGGGCAACATTACGACTCCTTTTTACCGCCTGCGCCAGATCGAAGCCCGGATCGGAGAGCAGCACTCCGTAACCGGAGGCTTTTGAAAGGTCGTCGAACATACCGGCGCTGCGCAAAAGCGCCTTGGTTGGAATGCATCCCCAGTTGACACAAACGCCGCCGGGAGAGCCTTTTTCGACAAGTATGACTTTCATTCCGAGGCGGGCAGCTCTCAGGGCCGCTTCATATCCGCCCGGACCGGAGCCGATAACGGCAAGATCGGCATCATAAGCCCTCTTTTCCATTTTGTCCTGCATAAGAAGAGAAATCAGCTGGTTTTGTTATACTGCATCCGGTAACGAGTAAAACTGCGGAATGCCGTCATGTTTCACAAAATGCAAAATCACACCATAAAAAACGAATCGTCACATCCCGAATCTGAAACGCCGGAGCCGAAAAAACTTACCCTGCAGGTCAGCAAGGTACAGATCCCTATGCGCATAGACAAATACCTCACCCAACAGGTCGAGAATGCTACCCGGAATAAAGTGCAGGAGGCTATCGAGGAAGAAAGGGTACTTGTAAACGGCAGACCGGTAAAATCGAATTACCGGATCAAATCATGCGATACCATTCTGATCACCTTTCTGCGTCCGCCCGCACCGGAACTCGCCCCGGAAGACATCCCTATCGATATCGTGTATGAAGACAGCGACCTGATGGTTGTCAACAAGGAACCCGGCATGGTTGTGCACCCTGCATTCGGCAACTGGACCGGCACCCTGGCAAACGCCATCCTGCACCATATCGGCCGGGACGCCGAATCGCTGGATGCCTCCGAACTCAGGCCGGGCATTGTACACCGGCTTGACAAGGATACGTCCGGCCTCATCATTATCGCAAAAAACCCGACTGCACTGCACCGGCTTGCCCGTCAGTTCGCCATGCGGCAGGTTCAGAAAATCTACAAGGCCATTGTATGGGGCGTACCTGATCCCCGGTCAGGCACCATCCTGACCAACATCGGGCGCTCGAAAAAAAACCGCAAGATAATGGCAAACTACCCCTACGAAGGGCTTGACGGCAAACATGCCATTACCGATTATCTCGTAGAGGAAAACCTTCACTGGTTCTCGGTTGTCTCGCTTACCCTGCATACCGGCCGCACCCACCAGATAAGGGCTCATATGCAGCATACAGGCAACCCGATTCTCGGCGATGAAACCTATGGCGGTACCGTCATCCGCACTCTCCCCTTCAGCAAAAGCGAAAGCTTTGTCACCAACCTGCTTGAAATCATGCCGCGTCAGGCCCTGCATGCCGAAACGCTCAGCTTCAGCCAGCCGACTACGCACGAAAAACTCACCTTCAGCTCCCCCCTGCCAACAGATATGCAACGCACGCTCGAAAAAATCCGGTCAGTGATCAAAAGCGAAATGGAAGGATAACCGGTTAACAACTCAACTACCCACTACCCATTACCCATTACCCACTACCCACTACCCACTACCCACTGCCCACTACCCACTGCCCACTGCCCACTGCCCACTGCCCACTGCCCATTACCCACTACCCACTACCCATTACCCATTACCCATTACCCACTGCCCACTGCCCACTGCCCACTGCCCACTGCCCACTGCCCACTGCCCACTGCCCACTGCCCACTGCCCACTGCCCACTGCCCACTACCGGCTACTGAAATATTTTTTTCCGCAGGAATCAGAAAAAAAAGATCGTCAGAACAGATAGAAACGATGCATACAGCAACCTGAACAGAAAACAGAGGAAAAAAGCATGAAAAAACAGATGTTACTAACAGTCGGAATCGCAGGCATGCTTATTGGCAACACGCCCGCCGATGCAAAAGCAGATGTCAATCTCCATCTTGGAATCGGAAACAGACCGTCACTCTCTATCGACGTATGGCCCAGTTTTATCTATGTACCCGAACTCGGATTTTCGGTATCGACAGGCAGCGAATGGG
CP001097.1_gap40	1609494	1614332	4838	TCTATCTGCCTAAACTCGGGTTATCGGTATCGACAAATAACGCGTATGACATTGTCTATTACGGCAACTACTACTATGTTTACAAAAACGGATACTGGTACCGATCATCATCGCACAACGGCAGATGGGTAGTCGTAAAAGAACACCGGCTGCCTTACAAAATCAGAAAACACCGTCTGGCTGAAATAAGAAAGCAGCGCGATATCGAATACAGCAGAAAATATGGAAATCGCTGGGAAAAAAGGGATCAGCAGCGGCATGAAGACAACCGGAAGGATGACAAATCGCAAAGATTCGAAGACAACCGGAAAGATCATGACGGACGGAACGACAACGACAACCGGGGATTCGAAGAGAGAAGAAAATAAGTGACCTGTTTCCGGAGAATTACTTGTGGGCACCTCTGAAGTGTTATGAGCGCTCAACGAGCAAGGCGGAAGGAGTCCCGATAGATCGGGATAACGCAGCAATTCGGGCGCGCAATAACTTTTCGGAAGAGCCCTTGTATATTCTCGATTGACCATTGCTTTGGGGTATGCGGTTCCGGCTCCGCCGTATACGCGTATCCCATTGTTTTCATTGAGTGAAAAACTTTCTTTGGCTATTGTGAAGAACGGAAACTGTTATTCGATACCTGTGATTGTACTTATTGGATCTCATAACCGAACAAGCTGATGGAGTTTTGTAAACCTCAAGGTATTTATCTGATTTGTTATGATTCTTCGAAAAAGCACTCTTGCGCTCACCGTTCTTCTTGTTTTTCCCGGTACAACTCCAGCCGCAAACCGTGTAAACGGCTTGCCCGATGCGCCACCGCCTGCGGCAGTAAAACCTTTTCAGGAAAAAGTCTGTGATACAACCATAGTCGATACCTATCGCTATATGGAAAAGCTCAGCGATCCGGAGGTCACCAGGTGGATGCAGGAGCAATCGGCATACACCCGGAAAGTATTGAACAGGATACCCGGCAGAGAGAAGCTGTTGCATAAAATGCAGGAGTTCGACGACAGGAAATCAGCAAAGATCTATAACCTTACCATTACCGAAACCGATCGCTACTTCTACCTCAAGCAGACTCCTGCGGATGAGACCGGAAAGCTCTATTTCCGGGATGGATTTGCCGGATCGGAAAACCTGCTGTTCGACCCGTCTGCATACACGGGAGATAAAAAAGGCAGCTATGTGATCGGCACTATCGCTCCGAATAATGACGGATCAAAAGTCGCCTTTACCGTTTATCCGAACGGTTCTGAAAATGCCGCGCTGCTGATCATGGAAACCGAAAAAGCGCAACGGTATCCCGAAACCATAAGCAGATGCCGTTTTGCTTCGCCCTCATGGCTTCCCGATGGAACCTCTTTTCTCTACAACCGCCTTGAGCCATCCGGCAAACAGGGAAAAAATTCTCAGTATGCGAGTAAAACATGGCTGCACCGGACCGGAAGCGACCCGTCGACGGATCGTGAGATATTTTCAAGCGCCCTGAATACCGAACTGGATATCAATCCTGAAGATATTCCCGACGTTTCCTACGACAAGGAGAGCGCTACCCTGTTTGCCTTCGTATCGAATGTCGACCGGCGGCTCAAGGTTTATTACTCACCGGCGTCAGAGCTTGAAAAAGAACAGATTACCTGGAAAAAGCTTTTTGAGCCCGAAGACGAAATCCATGACTTTGCCGTCAGGAATAACGAGCTGTACCTCTACACTCCGAAAAACGCACCGGGCTTCAGGGTGCTGAAAACCTCATTGCAGAACCCCGATCTGAAAAGGGCGGAAGTGGTTATTCCAGAGTTCAGAAATGCGAAACTCAGCGGCATGACGCTTACCAGCAGGGGTATTTTTTATAAACTGTCGCTGAACGGCGTACAGGAAGAGCTCTATCATCTGGAATATGGAAGCCTTCTGGCCAGAAAGCTCACGCTCCCTTTCCACGCAGGCACCATTACGCTCTCGTCGAAAGGGTTCAGATACCCTGAAGTGTGGGCCGTGCTGGCCGGATGGAACCGCGATTATCGACGCTTCCGTTACGATGCGGAAAGCCGCTCGTTCATCAATGAAACCCTCTCATCACCAGCCCAATATCCTGAATATGGGGATCTTGCCGTGGAGGAACTGATGGTCCGCTCACAGGATGGCGTTGCTGTGCCTCTATCGCTCATCTATAAAAAGGATCTTCTGAAAAACGGATCGAATCCCGTGCTGCTCTACAGTTACGGAGCATACGGACGGTCGATGACACCGTTTTTCAGCCCATCGATGCTGCTCTGGACGTGGAAAGGCGGAATTCTTGCGGTTCCGCATGTGCGGGGAGGAGGCGAACTTGGCGACAAGTGGCATACATCAGGGATGAAAACAACAAAAGCCAACACCTGGAAAGATGCCATCAGTGCGGCGGAATTCCTGGTTAAAAACGGATACACCTCACCCGGCAACATCGCCATCAATGGTGCCAGTGCCGGCGGAATACTGGTCGGTCGGGCCATAACCGAACGGCCCGATCTCTTTGCCGCCGCCATTCCTCAGGTAGGGGCAATGAATCCGCTGCGCGCAGAAACAACCGCCAACGGCCCGGTCAACGTGCCGGAATTCGGAACGGTTAAAATTCCTGACGAATGCAGGGCGCTCATTGCCATGGATCCCTATCTCAATCTTCGTGACGGCGTAAACTACCCTGCCGCGCTCATAACCGCCGGAATCAACGACCCGAGGGTGATTGCCTGGCAACCTGCAAAATTCGCCGCGCGGATGCAGGCCGCAACCGCATCTTCGAAACCGGTGCTCCTGTTCACCGATTTCGAAGCCGGACACGGTATGGGAAACTCGAAGACAAAAAACTTCGAAGCTCTTGCAGACGTCCTGAGTTTCGGTCTGTGGCAGACAGGACATCCGGAATTTCGGAAGTAAGATAGGAATGTGAGCGGTGAGCGGTGGGCCGTGGGTGGTGAGCCGTGAGCGGTGGGTGTCTCAGACCCTGCCCTTGAGCCAGGCCTGTCTGCGAGGCTCCGGCAGCTTTTCGATAGCATAACGAAGCGTGGTTCTCGGCATGCCGTCATAATTTTCCGAAAGGAACCCCTCCAGCACTTCGACGTCCCTTTTGCCGACTTCACGAAGCATCCAGCCCGTAGCCTTGTGTATAAGATCCTCTTTGTCCCCCATCAGCTTTTCTGCTATGGCGAGCGTATCGCCGAAGTCACCGGCCCTGATGAAATGAAACGTCGAGACGATGGCGATGCGACGCTCCCAGAGACTCTCCGAAAGAGCGAAACGGTACAGCGCCGAACGGTCGCGCGCCTGCAGATGGCAACCGACGATCCGAGGACATGAAAGATCGACGAGATCCCAGTTGTTGATCCTGTCGGTATGAGCGCAATAGTGCATGTAAATCAATGTTCTGTGAGCTTCATCCGGTTTTTTGTACAGCTCGACAAGCAGCAGAAGAGCAAGAAGCCGGTCTTCATGCCACCCGGATGCCAGAAGTCCGACGGCTTCATCGACGCCTGCACGGGAAATATCCCGGCACAGCTTCCGAAGCTGGGGCACACGGATTCCACGAAACATATCCCCCTCTCCATACTCTCCGGGTCCGGTTTTAAAGAATCGACGGAGAATTTCCGCCCTCTCCGGATCGGCAAGTCCTTCAAGCCTTCTGCGTATCTCTGCTGCCATCATATTGGCGATCTTTATATGCTGTTCACCCGAAAACAAATCCCCCGATCTCCCCTATCAAATCCAGAATTTCCCCCGCTTTTCAATCTTCCCCGGCTACTGAATACAAACTTCCTGCCCACAGCCCACAGTCCACAATCCTCATCAATCTTCCCCAACTACCGGCTACTGAATACAAACTTCCTGCCCACCGCTCACTGCCCACAAGTCTGTGCAGCCCCTACAAAAGTTCTGCAAGCTCAGTCCAGCGACTCATCTTGCCGTCCATCTCCTTCTGGATGCGGCGCAGCTCTTCGGTGAGTTTCTGTACAAGTGGAAAGTCGCTGGATGCAGCGTTAAGCTCATTCCCGATAGCGGCCTGGCGGGCCTCGGCTTCAGCGATCCACGCTTCGAGCTGTTCAAGCTCCCGTTTCTCTTTACTGTTCAGTTTGCGCTGCCTGGAAACCGACGCAGCAACCGGCGTCTCTTTCGCAGTCTCTTTTTTTGCGGATTTCGTAACGTCCCGATCCGTGTACTTCGACTTCAGTTCAAGATAGACGCTGTAATTGCCGGGATACCGCCGGATGCGACCATCATCTTCAAAAACGAATACATGCTCGACAGTCCGGTCGAGAAAGTACCTGTCGTGACTCACCACGAGCAGGCACCCCTGGTAGTTGTCGAGATAATCTTCGAGCACCCGCAGGGTTGGAATATCGAGGTCGTTGGTCGGCTCGTCAAGCAGCAGCACGTTGGGAGAACCGATAAGCTGTTTCAGCAGGTAGAGCCTGCGGCGTTCTCCGCCGGAAAGCGTCCTGATGTAACTGTACTGCGTCGAGGGGGCAAAGAGAAAACGCTCCAGCATTTTCGCTGCCGAAAAAACCTGTCCGTCCTTCAGCTTTATCTGTTCAGCCTCTTCCTGAATGAACTCGATCACCCGTTTGTCGTCATCGAGTTCACGGCTCTCCTGATCGTAATAGCCTATTTTTACGGTCTTGCCGATATCGATATGGCCGCTGTCGGGCTGCACGCGCCCGGTAATCATGTCGAAAAGCGTTGTCTTGCCAGAGCCGTTCGGACCGATAATGCCGATACGATCTCCCTTTTGCAGCATATAATCGAACGACCGGAGCAGTTTTTTGTCCCCATAGGATTTGGAAACCTGATGAAACTCGATAATCATGCCACCA
CP001097.1_gap41	1646783	1648872	2089	GTGAAGAGCGAAGGCACAAATGAACGCGATACAAATGGAAGTATCCGTAATCGTCCGTCCGGATCGGTTTTAAGTACGGGAGGATATCGTTTTCGGGGACTCTCTCTTCCTTCGTCTGTCATAAAATAAATACTCTGACTATAAGCGTTTGCAGTCTTATCTGAAAGATCTCCGTTGAAAGCAACCCCTGAAAGAGCGGATCCCGCTCAACCGGACATTGTACATAGCCTTCCGGAAGCGTTTTTTTGGTGAAACATAACCATAAAGGCACAATCTTTCGGCAAACCCTCATAACCTTGCCGACAGAAAAACAGAGTACTAATAACTTTCATCAGGAGAAGGAAAATTGCCTGATTTCACATCATCGACATACTGCCTGACCGCCCCATCGATAATGGCGTCCAGTTCGGCATAGCGACGCACAAAACGGGGACGGAACTCCCGGTTAAGTCCGAGAATATCGTTGATCACAAGCACCTGACCGTCGCAGGACGAGCCTGCGCCGATTCCGATGGTAGGAATAGTCAATTGTGCGGTAACCTCTTCAGCAAGTTTTGAAGGTATTTTCTCAAGCACAACGGCGAACGCTCCGGCCTGCTCGATCAATTTTGCATCTTCGAGCAGTTGCTCGGCTTCGCGCCCTTCCTGTGCCCGTACCCTGTAGCTGCCGTATTTATAAATAGACTGGGGCATAAGACCCAGATGTCCCATCACCGGAATACCTACATCGGTTATTCTTTTGACCGTATCGGCAACAATCCTTCCTCCCTCCATCTTCACAGCATCACACTCATGCTCTTTCATGATTTTACCGGCGTTGCGCAAAGCCTCTTCGCTCGACAGCTGATAGCTCATGAACGGCATATCGATAACCACCATGGCGCGGCTTGTTTCGGCCTGAACGCCCCGAACCACGGCCTTCGCATGGTAGATCATCTCGTCAATGGTGATAGGGAGGGTCGTGTTGTGGCCGGAAAAAACATTGCTTGCAGAATCGCCAACAAGAATGACGTCAACACCGGCCCTGTCGAGAATTCTCGCTGTTGTGAAATCATAGGCGGTCAGCACCGATATTTTTTCCCCTTTTTCCTTCATATCGAGGAGTCTTCGGGTGGTCACATGGGCTGATTTCTGCTGGTTGCCACGGTTCATAACGTTTCGTATGTTTTGCAGATCACGAGCTCTGCATGTTGAACAAACTCTTCAATTTCACTCTGTTCAAGCATAATTATTGAAGGTCCGGAGTGCAGGGCCAGAGCCTTCTGCATCAATCCCGACATCATAGGATATGGGGGAATATAACCCAGAACTTCCTCGAGTGAAATAGTTTTTCTTTCCATCTCATACCGGGTCGTCAGGGCAGTTTCGTCATCCGGATATGAGATGAATCTGCAGAGATCCTTGTGTTTTTGGGTAAAAGGAAGTGAGCCGTGCTGCAGCAGCACATTACCGGTCCGCCTCTGCGCGGAACCGACAAGCTTCCTTCCGTTCACCTGCAGTTCATAACGGGCAGATGAGGTAAAACAGGTCACGGGAAGCTTTTTTGCGGCAGCCTCATCAAGCGTCGAGCGGCAGAATTCGGCATGAATGCCAAGCTCACGGAGGGCTGACATGATTACCTGATGAACCATGCGATAGAGGCTGGAGTTCGGAATATCTAAACCGGAAAAAAAACTGTAGGTGAACTCCTCTGCATGGAAAACAGCCCTTCCTCCGGTAGGCCTCCTGACAATATCAACCCCTTCCTTTGCGCATAAACCGGCATCGATATGGGTTATATCCTGATTGTAGCCAAGCGTAACGGCATGTGGATGCCAACCGTAAAATCTCCATAAACAACTGTTTGCACCATATTTTGCGGAAAAGCGGCCATCGAGTAATGCCTGCATGAGGCAGCGGTCGAGCGACATATTCCGTTCACCCGTCTGCAGACCCGTATCGACACAATAAACTGTTGAAAAGAGATCTTTCACACTGAGATAAGGTTTGACTATCGCAATAAAACAACCCTCGAAGCGGCAAATACACCTTTACCGGGCGACATGTTTTGGCGAGGGAAAATCAGCAAAGATTTCTGAAACAGCAAGAT
CP001097.1_gap42	1758025	1762153	4128	CATTCTTCATCAATCCTCAAGCCCACAGCTAACGGCCCACCGCTCACAATCTTCCTGCCCACTGCCCACCGCTAACAGCCCACAATCTTCCTGCCCACATTCTTCATCAATCCTCCAGCCCACAGCTAACGGCCCACCGCTCACAATCTTCCTGCCTACCACCCACCGCTAACAGCCCACAATCTTCCCACCCACATTCTTCCACTACTGTTTCGTCATATCCGTCAGCAGCTTTCTCCTCTTGCATTCGAGCAGCGAGTGTATCCCTTCGGTCAGTTCACGGTAGATACGGCTTCTGCTGTCCTTAACCCGGCTGTAGAGTTTCAGGATATCGAGCGTAAGAATGATTCTGGTCGAGCTGCAGTTCAGGTCACCGAACAGATGCCGGCCGATCACTTCGAATCCAAGTACTCTGGTATGAAAATTAAGCGGAGAGTGCGGCTCGTTTTCAAAAACATCGGTAATGAAATGAGTGTAATCACGTCTGACTACCTCTTCGGTAGCTGCACGCATCAGGCGCAAAGCTATGCGATGGTTCCGGCGGAATTCTCCTGCTATCATGAATCTGCCGATCTCGACATACTGACCGAGCTGTTTGAGATAATCGATATCGATACCCGGCATAAACGTAACCTGGTACTCCTCCGGAAGCGCAAGGGGAGGGTCATACAGCAGCCTGAGCACCCCTACCGGTCGACCGTTGAGCCTGGCCAGAAACCAGGAAAACGGCTGTTCCTCGGATAGCTCTTCGGGAATCTGCGACTGAGCGCTGCTGATCCAGTTTTTCTCGTTCTGGAAAACCTGCTCGATTACCGTAATAACCCCCTGGCGATCTTCGCTGTCCAACACCCGCTGAACGGTTATCGCTGACATGGCATCTCCTTTTGCGTTATAGGTTTTATGAACAGACTGATCACGATACGGGAACCGGTTCCCGATAGGTTTTACCGCAAAGACAGGAAAGCTGCCGCATCACGAAACAGGTCGTCTCAACCGCCAAAGCGTGCAGTTGCCGACTGCTCTCATTATTTTCAGGAATTCCCGCCTTGATGGCCCGATAGAGTTTTGAACTCTCGTGAAAATCAAGAGGCGCTCCAACGTTGATCATCATTCGCCCAAAGGCTGGAATCTTCCCTTTTCTCCGCCTCGCGGCGAAGTCTATGCCAACAGGAATAACCGGCATGCCGGAGTTGAGAATGATATGACCTACTCCCGGTTTTGCTCTGGCAAGAAATTGCGGATGCGGGTTCCGTTTTCCTTCGGGAAAAATGCCGATGCTGCCTCCGCTCTCGAGTTTCCGACAGCAGCGGTCAACGGTATTGAGTGGAAGTCGTGTTGGGCGTTTTCGCTCGATCAACGGTATCGTTGAGCGCTTGTGATAGACGTAGAGCGGATCGATCATGTTCATCAGCCATCCGATCACGGGAATTTTTCCGTACATCCAGTCGATGACGAAACTTATTGTCCGCCCTCCGAGATGAAACATGAGAAACACAGGCACAAGAAGAGCTTCAAGGGAATTGCTGTGATTGAAAACATAGATAGCCGCACCTCTCCCGGCCGAAAGGTTATCAAGACCGTCCGCCCTTATCAGAAATAAATTGGGAACCATCAGCATTCTCAGAAGCAATGCTTTGCCGGAATTGAGATAGGGAAGGGGTTTAAAGATGGTTTCCATGTTTTTTTCTTTACCTTTTTTCATCTCGAAAAAAGCAGGCGGGAAACTGCCGTACCCGTTTCAGGTAATAAAAAAAAACAGTGTTGGCGATTGGTTACGCTTGTGTGACGGTTATGTAAATTCAGGTATTTCTGACGATCAAAAGCAGAGCGGAAGGGCTGACGCAACGCTCCTGTATATCCTGTAACGTGAAGCTGCCGACCCAATGAACTTGCTTCAGAATGCGATAATCCTGACAACAGGTTTTCTGCTTTCGCAGATATTGATAGCCTCAAAAACGCACTACCGGCTTATCGCGTTCATCCTCCGACACTCCGGCTCCGGGTTCAGAGCTCTGCTGACATCGGTACTGCTGATAGCCTATATCCTTTCCATATTCCTCTCGAATACGGTCGTGGTACTCTCCCTTATCCCCGTTATAAAACGACTTGTCGATTTTCTGCCGGAACCGGCATCGAAAACAGAGGTGGGAACCCTCTTCTACCTTGCTCTGACTTTTGGGGCAACAACAGGAGGGTTTGCGTCATTGACCGGTAACCCGCTCAATGTTTTTGCGCTCAGCCTTGCGGAATTGAATAAACTGGAAGGGTACGGCAATCTGAACTTCTTCTCATGGCTTATGATCGGACTGCCTGCGTCGATGGTGCTTGTTGCGGCTGCCCGGTGGATCATTCTGTACGTCGCGCGAAACTGCAGCGACTCGGTACTCACCTATCCCGGAAGCGCTAAAACAGCCCTGCTCCCCCACCGTCCGCTTCTTTTTTTTGCAGCGAACATCTGTTTTATCACTGCCATGACCGGTATCCAGTTTTTTTTAAAACCGAAGCCGGTTCTGCTCGGCTTTTCGTATGTGGATCTCCTCTTTCTGCTCTATGGCGCAGCCTTTCTTTTTTTCACCTTTATCTTGCCAAGAAAAAAAAGAATACCCGGCGGCATCCGAAAAAACGCGCTGTTTCTCATCTTCTATCTCGCAGCTTTTCCGGTGATCCTTGTCAGTCGAATATGCAGAGAAACCGAAACGCATCTGCACATCCCCATGGTTCGGTTCTATGGTTTTCTTGACGCTCTTCTGCTCAAAAGCCTTAATGCACTATGGTTTTTTTTCTTTTCCGAAACCATCGAATCGCTTGAACGGCCGAACTTCAACGCCATTCTTTCGATCAACAGAATCATCCTTGATATCCCCTATTTCGGTCTGCTGCTGATAGCCGTATTCAGCTCGCTGCTCTATCTTGCCGTTGCAACCGGCGATAATCCGGTAACCCCGGATACGGACGGCTACCTCATTACCTGGGGAACCTCACTGATAGTCCGGATTCTGGAACCGCTGAGCAGCCCTCTGCTCTTTCTTCCCGCACTCAACCTGGCAGCGGCATTCTCATCGGAACTGCTCAGCAATACCGCTATCGTCATTATTCTTGCGCCGCTCGTGATTTCCATGTCTCCACACACCTCGCTCAGCGCACTGACGCTGCTTCTCTCGGTTACCATAGCAGCCAGTGCCGCGTTCATGACCCCGATGGCATCGCCCGCAAACACACTCGCATTCGGAGGTATCGATCATGTTTCCCTGAAAACCGTCATAAAGGCCGGCCTGATCATGAACCTCGTATCTGCAATACTTATAACCACGCTTTTTCTTGCTCTTTCGCCAGTCCTTTGAACAACAGGAATAGTGATATGAAAAAAACCACTATTTCGAAGTCCTTAAAACCGTTCCGCTCATACGATGCAGCAAAAATAATCCGAAAAGCCCTGTAACCGCATTTGCCGACCAGACCGACAGAACCGGATCAAGAAGACCTCTTTCGGCAATTTTCTCTCCGCCGATGATCATCGACCAGTAAAGCACGAACAGAGCCAGCGAAATCCCGGCGCCTACACCGAAGCCTCCGCGTCTGGCCAGAACGCCAAGGGGTATGCCGGCAAGTGCGAAGACAAAACATGCCACAGAAATGGCATATTTCTTGTAGTATTCAATCAGGTACTTGTTATACTGCATTTTATCCGCCTCGATACGCTCCTGTTCTCGCTGAAGCGGACCGGCGTCAGTAATCGACGCAACACGTCGCTCTGCCGAAACGATACCGCGCTGCAATGCTGAGGCAGCCACATGCAGTTCTCCTGCAGAAAGTTCGGAAATGTTGCCGCGAATCCGATCGTTCGAAGTCCGGCTGAATCCGAATCCTGTTGTTTCAAAAACAAGCCGGTGCTGCCCGAAACGCATTGCCCGGTACTTATGGTAATCGGACTGGTCTATCTGGTGGATCTCCCCGTTGAAAAGGGTCATGACAAGAAAGCGATTATCGGGTGAAAACCTGATAACACCTCTTTCGGCGCTCATCATGGTTCTGGACTTCGGATTTCTCAGATCGTACAGCACCACCCCCCGTATCTCCTTTGAAGCCTCGTCGGTTTTTCTGACAAAAATGGAATAACCGTCAATAAAA
CP001097.1_gap43	1767253	1768233	980	TCAACAAGCGACTGAACGGGTACCTCTAAAGGAAGAATAAACGATAAATCCCTTTGAACAGCAGGAAACCTTGATGGAGGTTCATAGGTAATCGATGAGGCGAAACAGTCCTGAAGTACAGCTGTATCGAGCTCTGCTATATACACCTCCCCGACAATATCGAATGCGCCGAGTACAGCGGCATCGATCAACTGAACCACCCCGGCCCGGTATCTTCGGGGTTTCCCCTGTCCTCCGGTCAGTTCAAGCTCAATACCGACCGTATTTTCATTATAGGCAATAAGCGAGGATTTGTCAAGTAAATTCAGCTTCTCCAGAAGCATCCCGACGGAACCGGTCATATCATAAAAGTCCGTTTTTTCCATCGGCTGATTCCATAACCGGGGATTACGTGATCCGGTAATCGCCATGACAAGGTACTCGCGTTCACTGAACGCCTCAAGAGGCAACTCGTTCCCCTCCGAAAGGTCTTTCCCGATAAATCCGCGGGCAACCTCGAACAGCTTGAGATCTTTGTTCCCATAACGGATATTATGCGCAATCACTTTAAGAAATGCCGGCACAAGCGAAGGGCGAAGAACTTCAAGACCCTCGCTGATCGGATTGAGAACGGAAATGAGGCACTGATCGAAAAGTGCCGCTTCGGATCTTCTGATCAATGGATTGGTAAGCACCTCCCTGAAATCCAGACCGATAAGCAGGCTTCTGAGGTAATCGGGAAAATATTCGGGCACCCTGCGGGACTCGGGGTAGGTTGTAACCATCTGCACGGATGGCTGGATGTTGTCATATCCATAAACTCGTGCAACTTCCTCGACGAGGTCAATCTCGGACGTCACATCGACCCGATACGAAGGTACAAGAAACTCCATATATCCCTCTGCCGTCGTTGCCGTATGAACAAAACCTATTCCGGCAAGTATCGAACTCATCGTTTCGGGCTCGATAGAGCTGCCAAGCATGGCATTGACCCGCTGAGG
CP001097.1_gap44	1860133	1862007	1874	ACATTAACCCTTACCAGCTGATCACCTTTTCCCGATCCTCTCAAATGACCGATACCCTGTCCCGGAATTCGCAACATGGATTCCGGCTGCGTTGCAGGCGGAATCGTGAGCTTCACTGCTCCATCCAGGGTAGGAACATCAATCTTCGTCCCCAGCACAAGATCAGGATAACTTAACGCAAGATTAAAGATCACATCATTGCCGTCTCTTCGGAACAGCTCATGAGGCTTCTCTTCAATAACCACAATGAGATCTCCCGGCGCACCGCCTCTCGGACCGGCATTGCCCTGACCTCTGAGGGTCAGATAATTACCATCCTGAACACCGGCGGGCACGGTCACCTTTACGGTAACATCTCCCTGCTTTATCCCCTCACCGTAACATGCGGTACAACGATCCTTGACGACACGCCCCTCTCCCCCACATGTAGGACAGGCAGTAATATTGACAAACTGTCCAAACATGGTTTTTGAAGCCTGACGGACCTCTCCTGAACCGTGACAGGTCTGGCAGGGTTCGGTAGCTCCGGTTTTTGAGCCGCTGCCGTTACACTCCTTGCAGACAATCTGTTTCTTGATCTTCAGTGTTTTCTCAACCCCTTTGGCGATCTCCTCAAGAGTAAGCTTCAGTCTGATCTTAAGATCCGTACCGGAAATCCCTGCAGAAGTCCGCCCGCGACGTCCGGCTCCTCCGCCACCACCGAATACCTCCTCGAAACCGAAAGGAGCTCCACCGCCACGCGCACGACCGCCACCGAACATATCGTTGAAAGCGCTGAAAATATCATTGAAATCAGTTGCACCACCAGCGTATGCACCTCCCGCTCCTGAAGCGGCTGATGAGCCTACACCCGCATGACCGAACTGGTCATAACGACGGCGCTTGTCGTCGTTGCTGAGCACCTCATACGCCTCGTTCACCTCCTTGAAATGCTCCTCGGCGTCCTTGTTGTCGGGGTTTTTATCGGGATGGTACTGCAGCGCCAGTTTTCGATACGCTTTTTTTATTTCATCCTTCGAGGCAGAACGGCTTACGCCAAGCACCTCATAATAATCTTTCTTCATGGTACAATGCCCTGTATTGCTTCACATTCCTTCAATTTTAAATAAAACGACAGACACGATCCCGCTAACTTGCCACAATCACTCTGGCATGCCGGATAACCCGATCCCCGAGCTGATAGCCCGTCTGGTACTCCTCGACAATCGTTTCGGACTCGACATCGGGAACCTCGATCATGGAAATCGCTTCATGATAATGGACATCGAGTTTCGTCCCTAACGACTTGATTTCCGTTACGCCTTTCCCCGCCAGCCAGTTATCGAAATTTCTTTTCAGCAGTTCGACTCCATCAACATAGGGTTTTGCTTCAGCCGTGATCTCAAGAATCCGTGGCGCATTCTGAAGAACCCTCTTGACATCATCCATTAATGGCAACAGCTCTCTGATCGTCGTTTCAAGAGCCCTCGTTCCGGCCAACATGGATTCACGCTCCTTCTGCTTCCGGAAATTCTCAAAATCGGCTGCTCTCCGCAACAGTTCATCACGAAATTTATCAAGCTGCTCTCTCTGTTTAGCGAGTTCCGCTTCCAGTTCGGCAATTTTCACCTCATACTGCCCGGCCTCTTGTCCACTCCCGGCTTCAGGGGCACAAGCATCTTCAGGAAGAGCGCTCGATACGGAACCGGAAACCACCGGCTCAGTACTGTTCTCTGCATGAACATCCATATCGGCAGATACTTTTTTTCTCATAAACATGAAACACTGTTTGGTTAGGGAACTTCTGATAATGTCGTTGACAGGCAATCCGCCATATAGTTCAGAACGCGAACCGCATGCTCATAATCCATTCTTGTCGGACCGAGAATCCCGAG
CP001097.1_gap45	1893942	1895639	1697	CTCCCGTCTGAAGCACTTCCAGAGGGTTTCCGCCCAAAAGCCATACAAGAAGCAGAATGACGAGCGTTCCGAGTCCCCCGCCAGCAATCCGGCCAGGCATCCTTCCTGCCCTCCGATCCTCTATATTGGCGCTCTGCCTTCGACCTTTCCAAAGCATGATTCGTAAATGTACAATTTGTTAAAGATATCGGGATTTCACTGTTCGGAGGTATAGGCTTTGATCCAGTCTACAATAAGAATGAAAGACCCGACCTGTTTTTTTGAAACGAGAATCCCGATCTGGACGATATTTGAAGCGTCAATGGGGTGCGTTCCATCAACCGTCCGCCCCCTGAATGCTGCCTTGAATTCTGAAAACGGCAGTGAAAACTCCATCCATTCCCCCGAAATCGTATCGAAATCGCTTTTATAAACGATTCCGTCAAAACGGTCATCATTGCGAATACGGAAGCTGTAGCGCTTGCCGTCACCCCGAACTCGCAGCCTGATACCGGTATAAGCGCTGTAATTCCTTTCTGGAAGAAAGGTTCTTACCGAAGCGAAGCCGCCGCTGTTTTCCGTTGAAAGAAAACCTTCGAAAGTCCCCGTACTGTCAGGATTGCGGTAAAACCGGCTTCCCGACTCGCCTCCCATCACTGCGTCGTCAACGCTGTACCAATCAAGACAGTGAGGAGTTGAAAAATCGCAAATCAGTTTATCTGTTGCCATATGCATGAACCGGTTAAAACACTTTTCAAGAGATGCAAGAAAGCGTGAAAAAGCCTTCCTTTACCCGTTTGGAGTATGGGTTGTAATTCTTATATTCTTACAAAAAAATAACTTAACCCTTAAATAAATCATTATGCCAATAATAAGGCAACTACTCTCTTCAACCCGTTTCCTCATCATGATCGCTGTGGCAGGGACCTTTCTTTCAGCGCTGACCTTGCTGTTGTACGGCGGCATTTCCGTCACTCAGCAGATTATCGATACGCTACTGAACAGCACAGTCACATCAAAGGGAGCAAAGACGCTTGCTCTCGGATTCATAGAAAACGCCGACATTTTTCTTGTCGCAACGGCGCTCTATATCATGTCACTGGGATTATATGAACTGTTTATCGACGACGCCATCGCACTGCCCGAATGGCTTGTGATCCACAATCTTGACGATCTGAAAAGCAAACTGATCGGTGTTATTGTAGTCGTCATGGCAGTGGTCTTTCTCGGCCATGTGGTAAAGTGGCACGGTGAAACCGAAATTCTCTACCTGGGTGGCGCCATAGGTTTTGTCGTAGCGGCACTCACCTATTTTACCGGGCTGAAGAAAAATGCAAAATATGAAGAAAAACATTGATTTCCAGCTGTTCGAAAGTTTAAAACCACCGTTTTGTATGAAAATAACGCATCATACCGGCGAAAATCACAGCCATTCCACCAAGAACTGAAAAATAGCCCCAATGCCATTCCAGTTCGGGCATGTAATGAAAATTCATACCGTACACCCCGGCAATGAATGAAAGAGGCATGAACACGGTGGCGATAATGGTGAGAACTTTCATGATTTCGTTCATACGGTTGTTGACAACGGCAAGCCAGGTGTCATGCATGCCGATAACAATATCCCGGTAGCTTTCGACGCTTTCTATAATCAGAATGATGTTATCGTAAACATCGCGAAAAAAAGGATGGATCAATGCCCCGTCGAGCGTCCTGTA
CP001097.1_gap46	1946084	1948955	2871	TGCGGAGGTAAAAAAGAAAACCGTTCCCCATAAAAGAGTGATGGAAACCCATAAAAACAGCCCCGGCTGAGCGGGTGTTTTTGTCAGACGTATCGCCATAAACCATTCGGATTGAAATTGAATCGAGCATAAAAAACCGGAACCCATTTTCCGGTCGTACAATACAAACTACTCTCATGAACTGACAATTCCTTGTTTGCCCATCCCTTTTCCATTAAAATGACCGGCAGGATACCGCCCTTGACAATGAGAACCGCGATACCACGATTATTTTCTATTTTCCATTTGGATCATTACTTTCATTTGTCGAATTTGGCAACGGGAAAGTTTACACAATCTTAACATCGGGGTGCATATGTGTGGAGTTTTCGGCATTTTCAACTCAAAAACTCCAGCAGAAGATACCTTTTACGGGTTATACTCTCTGCAGCACAGGGGACAGGAAGCCGCCGGAATTGTTGTTGCTGATTACAACAAGGCAAAAAAGAAAACCCTGTTCAAGCAGCACAAAGGCATGGGACTGGTTTCGGAGGTTTTCAGGGACGAAGCCATTTTTGAAACCCTCGGCGGCTATGCGGCAATAGGCCATAACCGCTACTCCACAACCGGCTCATCGAAATCCACAAGCAATATCCAGCCGTTCTCGCTCACCTACCGTTCCGGCAGTCTTGCAATAGCTCATAACGGCAACCTTACCAATTCTCGGGCGCTGCGCCGCGAGCTCACCGAACTCGGCGTCATATTCCAGGCTTCGTCCGATACGGAAATCATTCCTCATCTGGCGGCAAGAAGCCGCGAAAAAGAACCGCTGCACCAGATATACGATGCCCTGCGTCAGGTTCAGGGAGCTTATTCCATGGTGATACTGGCCAATAACCAGATGATCGCGGCAAGAGATCCTTTCGGATTCAGGCCGCTGGCTCTCGGTAAAAAAATCGATCCGCTTACCGGCGAACTCTCCTACATCGTAGCCAGCGAAACCTGCGCATTCGACATCATCCAGGCAGAATATATCCGCGATATCGAACCGGGAGAGATTCTTCTGATCGATCACCTCGCCGTTACCAACGAAAACCCGACATCGATCTACCTGCCGCCATCGAAACGCAAGGCCCGCTGCATCTTTGAATATGTATATTTCGCCCGCCCCGACAGTTTTATCTTCAAGCATTCGGTCGATAAAGTCCGGAGAAATCTTGGTAAAAACCTTGCGCGCGAATCAACCATAGAGCAGCAGCCGGAAAAGAAGGAGATAACGGTGGTAAGCGTTCCCGACTCGTCCAATACCGCCGCGCTCGGTTTTGTGAGGGAGAGCAATAAACTGAACAAGCCGGCAAGGTTCGAGCACGGGCTTATCAGAAACCACTATGTTGGCAGAACGTTCATTCAGCCGGGCATTCACAGCAGAGACATCAAGGTGCGATCTAAATACAATATCGTCAGAGGAGTGCTGACCGAGCGGCCGATTATCCTGATCGACGACTCCATTGTGCGCGGCACCACGGCGAAAATGCTGATCAAGCTGATTCGTGAAGCCGACCCTGAAGCCATACATCTGCATATCAGCTCGCCTCCCATCACCAACCCCTGTTTCTACGGCATGGATTTCCCCACCAAACGCCAGCTCCTCACCCATATGTTCGAAACAACCGGCAACGAAGAGGAGGAGATTGAAAAAATCCGTGAGTATATCGGCGTCGATTCCCTGAAGTATCTCTCCATGCAGGGTCTTCTCAACAGCGTGCCAACCTTCGAAAACGAAACCTGCAGTTACTGTACTGCCTGCTTCAGCGGAGATTACCCCATTCAGGTCAACGAGGCGACAACCGACAAAGAGGAAAACGACTGAAAAAAAGCGGGAGCACCTCCGTTCATCACGAATGCTCCCGCTTCACATACATGCCTTTCCCGTTTTTTCAAAAAAAACGGATCCCGTCACTTCTTTCCCTGCTTGAACTCGATTCTCACTGCGGTATGAGGCACAGCTTCAAGTCGTTTCTTCGGAATCGGCTTGCCGGATTTGATACAGATACCGTAGGTCTTGTTACGTATTCTGTCGAGAGCCTGATCGATATACCCGATATACTTTTCGTCACGAGCGATAAACATGAATCGCTGTTCCCGATCCATCGTTTCGGTGCCGTGATCCGCCATGTGCATGGAATAGTTCGAGTTTATGGAATCCTCGACATTTTCATCAGAAAGTGAAGAACGCAGAATTTCCAGATCACGAAGAACCTCTTCCCTTCTTTTGAGCAGAAGCTGCCTGAAATGCTCAAGCTCCTCATCGCTCAAATAGGTTTTGGTCAAAATCGGCTCATCAACTGCGTCGTTTTCCTTCGCCGCCATGCTGCTGTTTTTTTTAGCCATAACACTTCCGATTTACATGTTCGAACGATAAACCGTAAAAAAAGATATGATAGTATATCTCTAACTACAGAATTTTTCAAGTGATAAACAGCATATTTCACCATTTACCATTTCCTCTGAGCCATTTCCCGCCGAAGCGTCATACGTAACCGTCACAAGTGAGGATGCGAGCGTTTCATCCTTAATATACGCATCATTTCTTTTGACTGCATCGAGAAGTTTTCCGGTACCGGCAACCTTGAGAGCGATCCTGTCGGTAATATCAAGGCCTGTCTCCTTCCGAAGAGATTGAATCCTGCTGACAAGCTCACGCGCAAGCCCCAGCATTTCAAGCTCTTCGTTCATTTCCGTGTCGAGCGCAACCATAATCCCCCGGGCTTCGTCGGATGCTACCAGCCACCCCTCGATATCCTCATGCATGATCTCGACATCCTGCCGCTCGATTTCGAATACCCGCCCGTCGAACTCAAGAGAAAGTTTTCCCTCTTTTTCGATACGGGC
CP001097.1_gap47	1981068	1983275	2207	CCTGCATTACGGCCCTCAGGGAAGGATGCAACAGCTATACATCGTCATGCGGCATCGCCACAGCTCGCGAAGCGATATCGCACGAGGCCTCGGAACGGCGGATCGCGACATCCGCAGAAGAGATCATCATCACATCCGGAGCTACCGAGGCTGCCGATCTTCTCTGTACGGCTATCCTGAATCCCGGCGATGAGGTACTCTGCCCCTCTCCCGGTTATCCGCTCTACACCGCACTTGTCGCCCGACAGGAGGCGGTAAGCGTACCATACCGCCTCGATCCAGGCAACAACTGGCTTCCGGACCCGGAAGAGATCGAGCGGCTGATTACCCCGAGAACGAAACTGCTCATCGTCATCAACCCCAATAACCCTACAGGCGCGCTCTATCCTCCGGAACTGCTCGCTTCGATCGCCGAAACAGCCCGACGAAACAATCTTGTCTGCCTTGCCGACGAGGTTTACCGGAAGCTGCTCTACAGCGGCTCGCACCATCCGTTCGCCTCTTTTGCCGGCAACGACCTCCCGGTATGCACGCTTGAGAGCCTTTCGAAAAATTTCATGGTTCCGGGATGGCGAACCGGATGGATGACCATGACCAACAGCCGCCTGATTCCCGACATCCGCCGGGCGTTGCGGAAACTTGCCGATGCGAGAGTCTGCGCTCCCGCTGCACCACAGTTCGCCATTCCCGAAGCGCTTTCGCTCGGAAATGACTATCTTCTCCCTGTCCTTGAAAAACTCAGGGTGCGTCGTGACCTCACCGTCAGGATGATCAACGGTATCGAGGGACTCTCCTGCAGCAATCCCGAAGGGGCATTCTACGTCATGGCAAAACTCGATATGAGCCTCTATCCATTTGCCTCGGATGAAGAATTTATTGTTGAACTGCTCAGGAAAAAACGGATATTGTTTGTTCACGGTTCAGGATTCGGCATGCAACCCCGTGAAGGATACTTCAGGATAGTTTACCTGCCCGATCCCCTTACGCTTGACATGGTTTACCATGACCTGTACGATTTTTTGCTCCACTGCCGGCACCACTCCGGCTCTATTCGTCAACAACTCTAAAACAACAACCCGATCATGATCGCTCAGCAGGCAAAAATTCAGGAAGCTGTCACCTTTATCCGCAAAAAAGTCCAGGGAGAATACCCTGTAGGCATCGTTCTCGGAACCGGTCTCGGAGCTCTTGCCAAAGAGATCGACGTTGAACTTGCCCTTGACTACGGCGATATTCCCAACTTCCCTATATCCACCGTCGAAACCCATCAAGGCAAACTCATTTTCGGCACGCTGGCCGGAAAAAAAGTTGTTGCCATGCAGGGACGCTTCCATTTCTATGAAGGCTACTCGATGCAGCAGATTGTCTTTCCTGTCAGGGTCATGAAACATCTCGGCGTAAAAACCCTCGGCATCACCAATGCCTGCGGAGGTCTCAATCCCGCCTTCAGCAAAGGTGATATCATGCTGATCGACGACCACATCAATCTTCTCGGCGGCAATCCGCTCATCGGGCCGAACGATCCAGAAACCGGTTCACGCTTCCCCGACATGTGCGAACCCTACTCGAAACGCATCCTCGATATAGCCGAACAGGTTGCGCTCGAAGAGAAAATCAGGGTACAGCGAGGCGTCTATATAGCCCTGTCAGGACCCTGCCTCGAAACCCGGGCCGAATACCGCATGCTGAGAATGCTCGGAGCCGATGTCGTAGGCATGTCAACCGTTCCGGAAGTCATCGCCGCCGTCCATCAGGGCACCGAAGTGTTCGGCATGTCCATTGTCACCGACGAATGCTTCCCCGACAGTCTGCAGCCGGTCAGCATCGAGGAGATCATCGAAGTATCAAACCATGCAGAACCGAAAATGACCGCCATCTTCAAAGCCGTTGTCGCAAAACTTTAACCAGTAGAAACAGCCGTAAGCATGATAGACGCAATTTCCTTTTCCAACGGAACATTCCGCTACCTCGACCAGCGTTTCCTGCCACTGCAGGAGCTTCACGTCGAAACCCGTGATTACAAGGAGGCCATCGAGGCCATCAAGACTCTCGCCGTAAGGGGCGCTCCGCTCATCGGCGCATCGGCCGGCTATACGGTTGTGCTCGGCCTCAACGCATATCAGGGAGACAAGGCTGACTTCCCGGCCTACTTCGACAAGCTGATCGCCGAGGTCAACGCATCCCGCCCGACAGCCGTCAACCTCTTC
CP001097.1_gap48	1985253	1986006	753	GCGCACGCTCAATGCATTCTTCCACTACACCGACTGGGTTGTCGGCCATGTACACATGGGAACCATGGGATGGGTCGCCATGGTCATCTCGGCCTCATTCTATTACATGATCCCGCGTATCACCGGAAACGAACTGCACAGCGTCAAACTCGCCAACATGCATTTCTGGCTCATTCTCGGAGGCCAGCTCACCTGGACCATCACCATGTGGATCGGAGGCATCCAGCAGGGAGCCATGTGGAAAGCAACCAACCCGGACGGGTCTCTGATGTACAATTTCCTCGACTCGGTCACCTCGCTCTATCCTTACTACAAGCTGCGTTTCGCTGCGGGCCTGGTCTACTTTGTCGGTATCCTGATTTTCGTCTACAACCTTGTCATGACCGTCAGAAAACGGCCAGTGGAAGCATAGTCAACCAACCCTAAAAGGAGCATGTATCATGGGGATCTATTCGAAACCGGTTGTTTTTGCTGTGCTGTCGGCATTGGTGATTCTTGTCGGAACCATCGTAACGGTGTTCATTCCGCTTTTCATGCCATCGACACAGCCGGTAAGCCCGCTCATAAAACCATACACCGCAATCGAACTTGAAGGCCGGGATCTGTACATCCGGGAGGGCTGCAACAACTGCCATACCCAGACCGTTCGCCCGCTGAGAACCGAAGTTCTGCGTTACGGCGAATATTCCAAACCCGAAGAGTTCGCTTACGACCGCCCCTTCCTCTGGGGTTCCCGCCGTACCGGACCGGATC
CP001097.1_gap49	2033079	2034984	1905	CCCACTCCTCAAGCTCTTCCTTACAACAGGCCGATCCAGCTACCTCATCGCGCTCACCGAACTCGCCCTGCCGCCGCTCTCGCTGCTCGTCCTGCTCTTCGCCATCGGCACAGCAGCCGCTCTGCTCATCGGAAACCCGACACAGCAACTCATCACACTCTCATGGTGGGCAATACTCATCATCTACGTGGCATCAGGACAGATCCAGCGAAAAGCTCCACTTTCCACATGGGCCGTACTCCTCGCCGCACCGCTCTACATTCTCTGGAAAATCCCCATCTACGCAGCCATGCTGCTCCGAAAAAAAAGCACCTCCTGGGTACGCACCACAAGAGAGCACAACAAAACCAACTGACGCAATGGTAACGAAACAAAAAAAACGCAACATCCCGGTCGATACCCTCCGGGGTCTCGCCTGCATTATGCTCGTTGCCTGCCACGTCATCGGCCTCACCCCCGAAACCGGCCTCAGGCTTCACGAAGGAACGCTCAAAGAAGCAAACGCGCTCCTTGCCTGTATACGCATGCCCCTCTTCACCTTCCTCTCCGGGCTCGTATACGCATGGCGACCCTTCAGCGGCGACTGGAAACCCTTCATCAACGGCAAAATCCGCCGCCTCATCATACCCATGCTCGTCATCGGCACCACATTTGCCCTCTTCCAGGCCTTCACACCCGGCACGAACCACCAGGAACCTTCGCCTATCGCACTGCTCCTCACAAAAGCCGAATCGAAACCCCTCGCCGCAATCGTCAACGACTCCTGCGCCATCTACCTCTTCCACGTCTTCTTCACCGCAGCATCGAGAATCATCCCCATAAAAACCGGCCTCACCAACATCTGGGGACTATTCATCGCAGGCACCATTGCCAGCATCGCTGGCTCAATCATCATCGAACTCCTCGCAAATAAACACAAAACCACCAGAGCGCTCCTCCTCGGCAGAAGCTGAAAACAAAAAAAGCCCCAAAGGGACAAACAAGCAAAAACACACTCTTCCCCGATCCAAAAATATCGGAAGCGGACGCCCGGAAGTCAGAATTCTCGACCTCCCCAATGCGAAGCGAGCAAATCTGCGGGACGGCAAGATGGCTGGATAGCTCGATGGCTGGATGGCAAGACAGCCAACATCGTTTTCCGCTCACAGCCCACCGCTCACGACCCACAATCCCCACCGGCTACCGACTTCCAGCCAACCGCCCACAATCTTCAGCCCACAATCTACCCCCGATCCTCCCGGTTTTCATCGGTGCGCTCGGAGCGTCCCCCTTTTATGCAAAAAAAAAGCCTGCAGACTATTCCGTCTGCAGGCTTATCAAAAAAAACACCGGTTCTCTTACTTCCGCTTCTTTTTATGACCGGTAAAATAAGAAGGTTCGCTTTTTGAATCCGATTTCGGCTTGTAACCTGTCCGCTTGCCTGTGCCCGCATAGCCGCTCTGGGAACGCTCTTCGGACTTCGTAAGGCGCAGCTGACGTCCGCACACCCTCACCTTGCGCATTTCATGGAACACTTCGTTCGGCATGCCTGCCGGCAGCTCCACGGTGCTGTAGGTATCGTTTACGGTAATTCTTCCGACCGCTTCCGGATCGAGACCGACCTCGTTGAGAATCGCTCCAAGAATATTGCCCGGTTTCACGCCATGCGTACTGCCAACCTCGATGCGGTAGCTCTCCCGTCTTTCGTCGGAATACAGACCATCCCTTTTCGGGCTTCTCGAAGCGCCCCGATCCCTTTCCGAACGGTCGCGGCTATCCGGACGATCACGCCCCTCCTGACGAGCCGGTCTCTCAGGTTTCGAAGAGAGCAAAAGCGGAGTTTCGCCCTGAAACATCGAAGCGAGAGCTGCCGCGGCCTCGAGCTCCGTAACATCATGCTCACGGCAATACTGTTCAAGAAGTCTT
CP001097.1_gap50	2080235	2084607	4372	TTGCACCCGTACATCAGAATATCCCCATCGGAAGAAAGCGCCTGCCCTATCGCCGCCAACTCGTTACGGTATGAGGACATATTCGACGACGTCAGCACCGTGGAACCAAGCGTCACACTGCCGCTCTTGCCAAAAGAAACGATCTGGACAGACTCGATGCCGCTCTTGCCTGCCAAAGCCTCGGCAATCTGCTGCAAACCATTACGGCTGCTGTCAAGAATAATATACTGCGAACCGGCAGGGAGAGCCTGAACAAGCGTATCGATATCGATAACCCGGCTATCAAAAACATAAAAAGAGTTAGGCATAGAGGTAGCTCTTAAAGTTTTTTATAATGTCGTAGAGAAATACTGAGGGTACTGCTGGTCAAGAAAACGCTGAACAACAAGCGTCTGAAGAAAAAAAAGACGAATAAAACTCCTGAAAAAACCGGAACCCAGCAAAAAACGGCTTCAGGTCAAACATGGTCCCCCGCAAAACACAAGCAGAAAACCACTGAAAAACAGTATATCCTTCAAATAGCACTCAAAGCATACGTTAAATGTAGGCAATTTCCATTAAAAAACAACCCACTCTTCCCTCTTCTCCATTCCCCACTACCCACTACCCACTACCCATTCTTCCCTCATCGCCCTCTGGCTCGATAGCTTGATGGCTTGATAGCTTGATGGCTTGATAGCTTATTAGCAAGAATAAGAAACACTCCATCTTCCTCCCCCCTCATTGCTCATTGCTCATTGCATTGCTCATCGCAACCCTCCCCAATCTTCCTGCTAACCGCTAACTGCGTACTGCTCACAATCTTCATACCCATTCTTCCCTCATCACTCATTGCTCATTGCTCATTGCTCATTGCTCATCGCTCATCGCTATCTCCCCCTTCTTCCCCAATCCCCATTACCCACTACCTCATCGCTCATCACTACACTACCCAATCTTCCCGCTAACCGCTAACTGCATACTGCTCACAATCTTCATACCCATTCTTCCCTCATTGCTCATTGCTCATTGCTCATCGCTCATCCCTCATCGCTCATCGCTATCTCCCCCTTCTTCCCCATTCCCCATCTTCCTCCCCCCTCATTGCTCATCGCTCATTGCTCATCGCTCATCGCTCATCACTCTCTTCCCCAAGATTCATAAGATTCAACAGCGTCCCCTAATCCCAGCACTCCCGGTAACCCCGGAGGTCCCGGCGGCAACCCCGGCAGATAAACCGGCATAAAACCAAAATAGCATGACGGCTCATTCAATCCCGAGCCATCATGCTATTCCTTTTCACGACCGATCCATCTTCATCCCCCCTCATCGCTCATTCTTCATAAGATTCAACGACATCCCCCAATCCCAGCAATGCGAAGCGAGCACCCTCCTTTCCCCAATTCAAAATCCATAATTCAAAATCCAAAATCTCTTCAACCTCTTCCCTCATCCCTCATCGCAACCCTCCCCAATCTTCCTGCTAACCGCTAACTGCATACTGCTCACAATCTTCATACCCATTCTTCCCTCATTGCTCATTGCTCATCGCTCATCACTATCCCCCCCCTTCTTCCCCAATCTTCCCGCTAACCGCCCACCGCATACAGCTCACAATCTTCATACCCATTCTTCCCTCATCCCTCATCACTCATTGCTCATTGCTCATTCTTCATAAGATTCAACGGCGTCCCCTAATCCTTATCAGCGATAATAGATTACTCCATTATCTACAAGTACAGCTTTTTTTTGGGTTCCATTATTATCTCTTTGCCTAACATGCATCGTATTCCCGTCTATTGTAATATCAAGATAATAACCCAAACAAGCTCCACCGCAAACAAATGAGGCAATTGACGCGGGACCTTTAGTATATCCTGATGGCCTTGTAAAAGCATTGTAAAATGTATATCCCGTATTATTATGACTATGACCGGTTAATATCCCCATCACATTATAATCTGCTATAAGATTCCAGTACTCCTTTCGCTGACTGTCGCTCCAATACGTTTGTGAAAAAGGGTCGAAACCATAATGATGAATAAGAACTATACGATCTTTATTTTTATCTACACGGTTATTCAGCAAATTCCTCAAATAAGTGAGACTGTTTTGCGGGGATAATCCATAATTATCATTGCTGTCGCCTGGGAACAGATTCAATTGAACAAAAACCACATCGTCCCATTTCCACGCGTAATGAATTCCTTCTCTATACAATACAGGAGTTAATCTGACCCTTGAAGAAAGTGTATTTTGTATTACCTCAGGATTAACACACTCGGCAGTTTTAAAAAAACATGCCGTTTTTTGCATAAATGTCGGCTCAGCTTTATCATGATTACCAATTCCGTCATACACATAAGCAGACATATCAACCACATCACCGGTTACTTTGTTTTGTATAGACAGCGCATTATTGTACCAAGAAAATTCATCATATATTCTTGAGTTTTGAGTAAGGTCTCCTGCAACAATAATACCTTTAATATCATTATTGCATTTTATGGATGCCAACATCGTCAAAAGCGTCTTATTGGCCTGCTGATTAACTGCTGAATTGCCATTGTCATATTGAGGATCTGCTGTAGCTAAAAAATGAACACTGGCTTTTCCGGAAAACGGAAAAAACAAAATTATGACGGCAAACAGATACGCATTTAATATTGTTTTTTTCTTAACTAAAAAAACTCCTGAATACTTTTTAAATAGAGCTGTATGAGTATACATGACACTGCTAAGTTAAATTAATCAGGCAGGCTACAGCTACGGGCATCCTCAATTGTACCAATAGAGTTCGTAACTGATTCCAAAATATTGACGTTCTCAAACACACCGAGACCCGGAACCTGCAGAAAGAATGATGTGCATTTAGTGTTCAAAGTTTCACGGACAACCCATTCGATCTCGCCGGATGAAGCACTCATCGCTCATCACTACACTACCCAATCTCCCCGCTAACCGCTAACTGCATACTGCTCACAATCTTCATACCCATTCTTCCCTCATCACTCATTGCTCATTGCTCATTGCTCATCGCTCATCGCTCATCACTCTCTTCCCCAAGATTCATAAGATTCAACAGCGTCCCCTAATCCCAGCACTCCTGAAGCTGCACACCTGACAGAATATTCAGGAGATGGAGTCCGACTTGTAATCGGAGCCGGCAGCGGTTTCAGATTCTGATACATGAAAACAACATGAAAGGAGGCTGCTCCATGCAAAACAAAACCATTACCCGCATTCTCGCGCTCTCGATAATCACAGCAACTTTTCCATCATATAATGTATCCGCTGTACCTCCCACAGCTTCCGACCACTCGGCAACAGCTGCCTCCGGAAGCATAGGAGCCACCGTCGGCCTTGCAATCAGCATCGGACTGCCCAAAGAAAACAAAAACAGCCCCGGTAACCCCGGAGGTCCCGGCGGCAACCCTGGCAATCAAGGCGGTCCTGGAGGAAATCCAGGCAACCCCAGCGGTGGAGCCGGCAATCCCGGAGGTCCCGGCGGAAATCCCGGCAACCCCGGAAGAGGCAATTCCGGCGGCGGCAACCCCGGCAGATAAACCGGCATAAAACCAAAATAGCATGACGGCTCATTCAATCCCGAGCCATCATGCTATTCATTTTCACTACTATCCATCTTCATCCCCCCTCATCGCTCATTGCTCATTGCTCATCGCTCATCGCTCATCGCTCATCGCTCATCACTCTTCCCTCATCGCTCATCCCTCATCGCTCATTGCTCATTGCTCATTGCTCATTGCTCATCGCTCATCGCTCATTGCTCATCACTCATTGCTCATTGCTATCCCCCCCTTCTTCCCCAATCTTCCCGCTAACCGCTAACTGCATACTGCTCACAATCTTCATACCCATTCTTCCCTCATCGCTCATTGCTCATCCCTCATCACTCTCTTCCCCAGGATTCATAAGATTCAACGGCGTCCCTAATCTCCTACCTGTAATCTGGATAGGGGATGATTGACAGCTGGAAACGGGAAATAATACAGCATGTCGGATACTCAATAACGATGAGGTACAGGATTCATTATCGGTGAGAAACTCGCTGACAAAGCTCGACTATTACGGTATTATTATAGCGTTATCGATGCAGTAGGTAAATATTGTATACTTGACAAAAAAAAGAATTTGCTTTTCTCACTATGGGATGTCCCCTAATCCTTATCACATAAAACCCCGTCGGCAACAACAGCAACGGCAATATCTTATGAATCAATAACATCAACAGCTCTCACAGCCCCTTCTCCATTTTTTCCTCCAGTCATGCAAACGTTCTTCTCCAAGCAAATCCCTTCAAAACCGTGGTCAAAATCTTCCTATTGAATTGCTTCGTGACTTCCAGCTCACGTCCCACGACCAACTGATTGCG
CP001097.1_gap51	2095560	2097844	2284	ATGGTGCAGCAGGTCCCTTTCCCTCAGGATACGGTAGATCGTGCTTTCAGAGGCCAGATACCGGCCTTCTGTCAGGAGTTGCGGGACGATTTCATACGGCGTCTGATCCCGGAATCGCTGTTCATTGCAGACTGCGACGATCTCTTCCCTGATTTCCTGGGGCACTTTTCTCGGAACGGTTTTCTTTGAGCCTTTTCGCCGGTCGTTCAGGCAACCGCTTTTCCAGCGCTGCAGGGTCCGAAGAGAGATGCCGACAACCTCACAGGCCTTACTGTAGCTGGCTCCGTTTTCATGTGCTTTTTCCTTGCGCTGCAGCTCCTTCTCAAGCTCTTTGACCTTTTTCTTAAGTGCTTTATTCTCTTTGTCTTGCTGGTCGTTTTTGTTGTCGATCATGTCCCGAAGCTCCTGGTCCCAGATGGTGATATGTTCTGAATGCAGTCCGCGTTCCCTGAGAAAACCACCCAGTTGCTCATCATCGATACCGGCGGCCTCAACGACCAACTGATACTTCTCTTTGGGTGTCAGGAAACGGGGACAACTGTCTTGATTGCTATCAGCCAAGATACCCGTTTTACTTCGTTTGATCCAATTCCGGATTGTTTGCTCGTTGACACCGGTTTCCCGGCTCACTTCACTGATGCTTCTGCCTTCCGGCGGCAGCACTTTCTTCAGAACACTCTGCCTTACTGCATACGAATAACCCATAGATCGCCTCCTTTTAGGATGCGACATCTATATTAACACATAGGGCAATTATCATAAATATCTGTTTAAAATATTTACAATTGGAATTGATCTTTTTTCATATTTTGATAATAATTACGATCCCACTCAGCAATTCCCATGTATTTATCAAGCCAAGCATGCATAATAATTGCGTGTACACTTTCTACTATTCCATATGTTTTTGCTGGCACATATATATTTATATCACCCAATAACCTTGATTTGTTTTCCATTTTTAATCCTGATAATGTAATTACTCTCATCCCTATTTCTCTTGCTTTTTTTATAGCATTTATAATATTCACCGAATTACCTGAAGAACTTATTGTCACTAACAAATCACCTTTATTTGCATAATATTGCAGTGGCGCAGAAAAGATCTCTTCAACACCTAAATCATTTACAAGAGCAGTAAATAGTGCTGAATCACTGAAAGCACTTGTCTTGACACTTCCGTTTTTTGACCAGTCTAATGCCATATGATTGCATATGGAGGCACTTGCTCCGTTGCCGCACAAATATTTAGTTTTGTTTTTTGCTTTTACATCTCTTGACAATTCACATAATATCTCTAAACCATTTGATTGCTCAATCTCATTTTCTTTTATATCAGTAAACACAACATCGTTCATTGACTGACTCAATGCATCGATATAATTTTTATAAAACATATTTCTCCTGATTTTGATATTATTATTTCCTTGTGTCTTGTTGTTAAAAATCCATATAAAGAGTTGCTAATAAGCAATATACATCTGCTTTGCCGTTACCCACTTGAAAAATCCTGCTATCTTTGATCATTTCAAAATTTAAAAACAAGGGATGATTAATGTATATAGAATAAACGTTTTTACCCAGCTTCTTGAATATTTGCAACTTTATCAATTTAGTCGATATATCAAACGCTATAAGGTCAAATAGGTTCTTCGCAGAATGTAATGGAACAGCAATTAGCAAAACACAGCATCAGTTGATTGCCATATTGAGCTTTGCACAGTAAAAAAGGATTCTGATTCGGTAGCTATCGAACCTGTGAAACCCTCGGGCAGAGGCTTTAATAATCCGGATCTTGTTGTTTAACACTTCTGATTCCGCGTTGGATAACCGGTTTTTGAAATAGTTAAAGAGGAAGGTTGTCCTTATGGAGAACCAGTATAGTGGACCCGGATTTTCAGACAAGTGTCTGTAGTGGCCCCCGATTTTCAGACAACGGTTTAAGGTGGTAACTTGCCCAAAAAAGGGACAAGTTATGAGCGAAAAGCAACGCAAAAGTTTTACGGCACAATTCAAGGCCAAAGTGGCGCTTGAGGCAATCAGGGGCGAGAAAACCCTGAACGAGATCGGTCGGGAATTTGGTATCCACCCGAATCTGGTTGGGCAATGGAAGCGTGAGGTTCAAGAGCATGCGGCCGGTCTCTTTGAGGCCAAGCGCGGCCCGAAGCCGGTCGATCCACTTGCAGATCCGGAAAAGCTTTATGCTGAAATAGGTCGGCTCAAAGTTGAGTTGAATTGGCTCAAAAAAAAAGTCGATCCGTACCTATGAAAGCGCGTAAAAACT
CP001097.1_gap52	2189760	2191455	1695	CCGGAGCCGGAACGACGAGCGGCCGGTTTTTTGTCCGGATAATGAAATCCGGCGTCATGGCGCCTCTGCCGCTTACCTCTTCAAGCTCGATACCATTCACGTATTGCAGTATATCCGGGGATGAACGGAAATCAAGCACAAACTGGTTGTATTCGAACGTGCCGGGAGATTTTTCTTCGACAACCGCGCCTCTGATAACGGGTGCGACATCTTCGAGCAGAGCGACTGTCTCCGGCAGGGAGATCGAGGGGAAAACGTTTCTTCCGGCCCTGGCTATGCGCTCTTCAAGTTTCGAAACGCATTCTATCATGCAGTCATAGGCGGCAGCCGCACTGTCGGCCAGCGTTACAAGACCGTGTTTCTGAAGGACAAGACCCCTGATGTCCGGAGCGTTTCCGTATGCCTCTGCAGCAGAACGCGCAAGACCGAGACCCGGCTTGATATAGGGCACAAGACCGAACTCCTCTCCGAGCACCTCCCTGCAGAGTTCGGCGCCGTTCGGCTGATTGCTGAGCGTCAACAGCGCTGTCGAATGGGTATGAAAAATAAACCGGTGGGGAAGAAACGCATGCAGCAGAGTTTCGATCGAAGGTGAAAGCGAGTTGTTCACCATGTGATCGGTCAGATAGAAAAGATTCAGATAGAGAAAGTTCTTGAACTCCCTCGTCGAAAACCGCTGCATATCTTCCTCGCTGCGACGCTCTCCGGTAGCATAGAGATGCTGCAGCTTCTGCAGGGGTTCGATCCTGACCGGTGTGAAATCGTGTGCGTCCAGAGCGGCCAGATCGACACCGCTTCCTTTGATGAAAATAACGTTAACCCGGTTACCGATAATGTCGTGCAGCTCGCTTTTCACCGAGGTATTGCCGCCGCCATGCATCACCAGACTGCTCTCCCTTCCAAGCAGACGGGAGGCATAAACCAGTTCGGCAAGTTCCGCAGGAATATCGTCCGCACTGCACTGCCCGTTCACCGAGCACCGAAGATCCGTGTCGTTCCAAAGATTTTGCATGAGAAATACCGCTGTCTTATACCGTTTCGAGGTTATTAAAAAAAAATTCCGTTATCCAGAGTGGTTCCATTCAGCTCATGGAAGCCTTTTTCTTTTTATGCCATCTTTCGATAAAGAAACCTGAAAGATAGATAACGAGAAATCCGGGAATGACCACCGCAAGATAGGTCATTTTATCGCCAACGGTCTGGAGCTGTCCGGAAGCCCAGATCATCCATGCAAGAACAAACCAGAATGGACCGACGAACACGAAGGTGATGTTCCAGAGGGCTGTAAAACTGTATTTCATATCTTGTTTCAGGATGATGTGACAAATAAAATAACCTCAGATACGACCATCGAGCCGCAATTTCCGTTCGTTGAGTTTTTCCAGAATAATTCTTACGAGATACTGAAGCGCATTGATGACATAGGTAAAATACGCGAGGAATGCCTCCCAGATAAGCACATCTTCCGGATATCCAAGGAAGGCCAGAACAAAATACAGCAGATGAAACGCCGCCGCAACAGTGCTTCCGATATCCTCCCAGAGAAACTCTTTCGAATAGACCCATTTGTCGAAAATCTCTTTTTCGAAAAACATCCCGGTAATGAAAAGAAGCGCAAAAAAGAGCGTCTTGAACAGAATCACGACGCTTACCCAGTAAAAATTCGTAATGAACAGTCCGTTTGCATAGAGAATG
CP001097.1_gap53	2221932	2224914	2982	TATGACGACCAAGGAGCGCCTTGCCATACCGCGCCAGACCATGCCTGCACAGGATCCTGCCGAGCGGGTTCGGAACTTCAATGAGGTCAACCTCGGCTATACACCCGAGATAGCACAGAAAGAGGCCATGCGCTGCATTCAGTGCAAGGACCCCATATGCATCAAGGGCTGTCCCGTAAATATCAAAATAGACAAGTTCATCAAACTGATCGCGGAGGGAAATTTTCTCGGAGCCGCAAAAAAAATCAAGGAGGACAACATTCTTCCGGCAATCTGCGGCAGGGTGTGCCCCCAGGAAGATCAGTGCGAAAAAGTATGCGTTCTGACCAAAAAGTATACCCCGGTGGCTATCGGAAACCTTGAACGGTTTGCCGCCGATTACGAACGTGAACATGGACAGATCGAGCTGCCTGAAGTGCAGGCGTCGACAGGGAAAAAAATAGCCGTTATCGGCAGCGGGCCGGCCGGCCTGAGCTGTGCGAACGATCTGGCCCGTTTCGGCCACTCCGTTACGGTTTTCGAGGCACTGCATGAACTCGGAGGCGTTCTGATGTATGGAATTCCGGAATTCCGGCTTCCGAAGGATATTGTAAAGATCGAAATCGAGGGACTGAAAAAGATCGGGGTAGAGTTTGTCGCCAATACCGTTGTCGGACGATCGGTTACCATCGATGAACTGATGAATGATGAGCATTTCGATGCCGTCTTTATCGGAGTTGGAGCCGGTCTGCCGTGGTTTATGGGCATTCCCGGCGAAAACCTTCTCGGGGTTTATGCCGCCAACGAGTTTCTCACGAGGGTAAACCTGATGCAGTCCTATACCTTCCCTGAGAACGACACCCCGGTTTTCGATTGCAAAGGGAAAAATATCGCCGTCTTCGGTGGCGGCAATACCGCTATGGATGCCGTTCGTACCGCGAAAAGACTTGGAGCGGAACATGCCTATATCGTCTATCGTCGTTCTGAAGCCGAAATGCCGGCCCGCGCCGAAGAGATTCATAATGCGAAAGAGGAAGGCATCGAATTTCTGCTGCTGATGAACCCGGTCGAATTTATCGGTAACGAGCAGCAGTGGCTGACCGGAGTGAAGTGCCTCCGGATGGAGCTGGGAGAGCCGGACGATTCCGGTCGCCGTAAACCGGTACCGGTACAAGGTTCGGAATTCGTGCTGCCTGTCGATATGGCGGTAATCTCCATAGGAAACGGCTCGAATCCGCTCATCAAGCAGACAACTCCCGAAATCGAAGTCAGCAGAAGGGACACCATCGTCGTCGATATCAACACCATGGCAACCTCCAAAGAGAACGTGTATGCCGGAGGCGATATCGTCACAGGCGGCGCTACCGTCATTCTGGCCATGGGGGCGGGACGTACGGCTGCGAAAGCCATTCATGAACAGCTCTCGGAGCAGGCATCGAATCCCCTATGACAACAAAACATATCGTGGAGTCGGCCGTATGGCCGGCTCTTTTTTTATTCTGTAACACAGAGGCCTTCCATGAGCGAACTCTATCGATTCGGAATATCCCTTGAAAAAACACTGATCGATGCCTTTGACCGCCATATCAGTGCACAGCACTATAAAAGCCGTTCCGAAGCGCTCCGCGATCTCATCCGCGAAGAGCTGCTGAAAAAGCAGTGGCGTGAAGGCGGCTCGGTCGCCGGCGCTATCGTCATGACCTACGATCACCACAAACGGGAACTGCTCAACATGCTGCTTGACATCCAGCATGATTTTCAGGAAACGATAATTTCCACACAGCACGTTCATCTCGACCATCACCACTGTCTTGAAATCATCGCCGTCAGGGGAACCGCCGATCAAGTGGAAAAACTCGCAACGCAGCTCAAGGTGCAGGCGGGCGTCAAACATCTCAGCCTCAGCATTTCGACTGCAGGGTAACTGCGGCCTTTCCGGCTGTTAACAATTGTTGTTGCTAATTCGTAACACAAATCGTATTTTTGTGCTACCGAAAACAACCAAAACCGGAAATACGCATGCTGAAAAAAATCCGCCTCGTTACTGCAACTGCAGTTTCGCTGCTCTCTGCAGCACCCGTTTTTGGCGCTCACCCGCTCGTTACCGACGATACCGGTACCCAGGGAAAGGGAAAAATCCAGATCGAGCTGAACAGTGAATTCGCATGGAACAGAACGGATGCCGACGGTTCGGAAGTGAAGGAGAATACCGGAGAAACCGCTTTGGCCCTCTCGTACGGACTTACCGAAACTATCGACGTTGTTGCCGGCATTCCCTTCGGATGGTACACCCTTGAAGAAAACGGCACAACGCTTTGCGATGACAGCGGAATCGGCGATATGAGCGTGGAGCTCAAGTGGCGGGTTTACGAAAACGAAGAGAACGGACTCAGTTTTGCCGTTAAACCGGGCATTTCGATTCCGACCGGTGATGAACGGAAAGGATTCGGAAGCGGAGAGGTCTCCCCCGGCCTGACGCTGATCGCAACCCATGAAGGCGATTTCGGCTCGCTGCACGCCAATGTCGGATACTCCCGCAATAATTACAAAAACGAGGACGACGATGCTGCATCCCGGAATGATCTCTGGCATGCATCGTTTGCCGCAGAGCTGAACATGACCGATAACCTTCGTTCGGTCGCCAACATCGGGATTGAAACCAACGAGGATATAACCAGCGACACGCATCCGGTCTTTCTCATCGGAGGGCTCATCTGCAGCATTTCCGAAGATCTTGATCTCGATATCGGACTGAAGTACGGACTGAACGAAGCTGAAACCGATACCGCTCTTCTGGCCGGCCTGGCTGCGAGATTCTGACGAAAGCCGATTACCGGAAAAAGCCTTGCACACGAACCTGACAGATCAATCAAAAAAACAAGTGGAGTGCCGGACGCCCTCCCCTTAAACCAAGGGAGTACAACCCATGCATATGTCTGATGCACTGCTCTCGCCCGCAGTCGGAGGAGCATTCTGGGCGGCAAGCGCAGCCCTCATCGCATA
CP001097.1_gap54	2363423	2368398	4975	GCGGAGATGAATCATCCTTGATCGTTATTTTTTTTCTGCGGATAGTCGAGCTGTCATCCTCATCATCAAAAGAGGAGCGCCGATCGCCGCGCGACGAATCGGCATCACGCCCATGCCGGTCGTTTTCCGATGCCTGCCTTGATGGCTGTTTTTTACCTCCACCTGAACCGAAGCCGGTGGTAAGCTTGAGCATTTTACCGATAGAGCCCAATACTCCGTCATTTCTGACCGCCGTGGTAATGGCTGTCATGACGAAACGTTCCGCCTGGGGATTCCCTGCAATATTGGCAAGTAATTCATTAAGGGCCGTGAGTACCGTAGCCACATCTCCCGGCACGTGCTGCAGATCTTTCATAACCTGATCGCGAAGCTTGAAGGGAGCTTCTCCGACCATATCTTTTATAGACGAGGCAATACGCTTGAGAGCTGCCGGATCGGCAGGAAGAATATTTTCGAGACCTTTGAGAGCATCAGCCGCAGGATTTCCCGAAAACGGAGATCCTGAATGACCCTGAGAGGATGGGCGCTGATGCCGGGAAGCTTGTTCCGGCATCTCTTCCGAAGGTGGATACCCAATGGAAGCCTTGTACTGTTCAAGCAGATCCTGACCGTAGCCGATACTGCTTTCCTGATGAACGGCAGGCCCCTGATCAAAAGCGATTGAAACCGATTGCTGAGGACAGATGCCTCTGCCTGCCTGAAGAATTCTCCCTGCGATGGCATCAGGAATTTCCTTTCGGTAATTCACCCCGAGGGCATCTTCAATAGTTGACTCGATAACCGTATGAAGCCGTGTAATCAGTTCAGCCTCCTGTATTTCGACCATGTCGAAAATCACATAGACCGGTTCTTTTTCTTCACGCCTGATCTTGAGATTGAGCGTAGCAAAATCGCTGTCCTTGTTCCTGCTGTTGACTGAAACGGTCCCGAGATTGAACCGATCGAGATAATCCTTGTTTGCTCCTCTTGCCCAGAGATAAACCGCCTTATCGGTGTAGACCAGATAGTCCTGAAAAACAATATTGCCTACACGCTCCTGATGAGATTCGTAAAAAACCCCATCAAAAAAAGCTATAGGATTTTCACCGGCATTCATGAGGTTCTTCTGAAAAAACTCATTGACGTCGTTCAGCTCTGTCTGCCCTGAAACATATAAAGAAATAATGGCCATTACCCGTATCCGATCGCGTTACACTTATTACCAATTGAACGTTAAATCTAATAAAATATGCGAAGAAAGTGAAACTCCAGCGCAAACTGATTCTTGCTGACGCTCAAAACCTGCAGAGAGCTACTTCCGAAACGGGGAACAAAAAACGCATTCCCCTGCCGTGTAGCGGAAAAAAGAGAAAATAACATGGCCGAGCAAAAAAAGGGAAAACAAAAAAGGCAGTGAAAGCCTGAGCTTTACACTGCCTTGTTGAACACAGTATCAAAGGTCTGCTTATTTTGCAAACTTTGATTCAACTGCTTTGGTTGGAACAGCATAACCTGAAACTTCAGGTGATGATCCGCGAAGGCTTCCGCCACCGCCCATATTGCCGTAAGCATTGCGGTTGATTCTCATGGTACCTTTGCCCAGTGAATCAAACAGCATTCCGACGGTCTCCCAGTGCCCTTCGACCATAACTTCGAAAATACGGCCAGCTGCTGCCAGGATATCGGTAAATACACCTCCACCACTCATAATTCCTCCTTTTGGAATTTAATTATTGGAAATCTACCTGAAATTAGGAAATAGAAACTTTGTACTAATTTACGGGAATAAACAGAAAAACACAAACAAAGAATTTATTAATCCAGGTTCACGCTCCCTTATTTTTTAGGTGCGGCTTTCTGGAAAGAGCCTGCGATATTCTTGACGGCTTCCGAAGCAGTAACGCCGGCATCGCCAATCGCTTTGGCTGCGTTATCGGTAACATTCTCGACGTTTTTCACGGCATCGCTGTACAGTTCGCCGGCAGAACGCGAAACGTCCTTTACGGTAATGGCAACCCTGTCGATGGTTTCACCGACAACACCGCCGGTACGGCCAAGCATATTACCCACTCCCGATGCATCAATCAGGGAACCAACGGTACCTGTAACGGTTTCAACCACACTTCCGGCAAGTTCAAGACCACCGACAACTGCACTCTGGCCGGTCAACAGGACGCTCTCGGCAAGAAAGGTGAGACGATCAGTGAAATCAAGCTCTTTAAAGTCTTTGCGGAGTTTCTGATAGGATTCTGACATGTTTATCTCCAGTTTAATCGAGGCGCCGCTTCTGACGAGGCCCCGTTTTCGGTTTTGTTAAATTACGTCTGACAATGTCTGACTGATGATAAAAATTAATAAAATTCCCTCATCAAACAAACGGCCTTCAGCTGTACGGTCACACTTTGTTAAACTCTTTCTGATTCTGATGCTTGCCCTGATGGTTGAGATCGAACGGGATGTGGAGCCATTTATCCTTGAAGACCGCATCACCTGGCTCGAGTCCTGTAAGGCTGATCGGTAACGTAATGATTTTACGCTGATTGCCGATCTGTACATAAAGCTCATCGCCGGTAACCCAGACGTCGATATCGACCGGGTTGGCGAACATGAGTTTCAGCTGCACTTCATAAATATCACCGTTCCGAACAAATTTGATCGGCGGCTCGTTGTACATGAGATCTGCGGGATCGGTATCTCCGTACATATCGCGGGCAAACATTTCCAGAGCCTTCAACCCGACGATTTCCTGCTCGTACATTTTCAGTTTCTTGACCGGAAGCGGAGAAAACCCTTCTTCTATTTCACCAAGATATTTCTGCTGGATACCCTTCCATTTTTCAAGGTATCCGCTGTTTTCGTTGGTATCGAGCAGCCTGTTCACCAAAACCATATCGACCTTGAAGCCGTAAAGGTTCAGATAGGTGAGAGCCCTCATGGTCTCCTTGATCGACATTTTCTCGGCGTTCATGACAAGCCGAACGGTCGATTTAACATTATCGGTAAGAATTTCCCGAATATCCTCAAGTTCGTCGAACACCTGATCGACCGATTCGATAGCGTCTTCGGGTGGAATGTAGTAAGCAATCCTGTCGGACATTTTCGACAGCGGTTTGCTGAGCGGCCTGACTATATATTTATTGACATTTTTAACGGCTTTCATGCCCCACGAAAGCGTATCGGGCAGAGAGAGAAGGCGAAGGGTCTCACCGGTCGGAGCGGTATCGAGTACAAGCGCATCGTACAGTCCGGCGGTTTTATACCGTTTGATTCGCAGGAGAGAAAACAGTTCTTCCATGCCGGGAAGAATGGTCATCTCATCGGCCATGACGCCTGAAACGCCCTGAGCCATAAAAATTCTCGTATAGTATTTCTGAACTGACTGCCAGTTCTGCTTCAGATCAACATAAGGATTAACCTCGATGGCATGCAGGTTCTCCTTGATTTTGGTTGGTTCGGCACCGAGAGCGAGATTGAATGAATCCGACAGACTGTGAGCCGGATCGGTTGAAAGAACAAGGGTGCGATGGCCCAACTCGGATAAACGGACAGCGGTTGCAGCTGACACGCTGGTTTTACCCACTCCGCCTTTACCTGTAAATGTTAAAATACGCATGAACCGGACATTGGTTTTGTGATACAATGCAAAGACAAAAGATATAACTCTCCACGGACACTACAAAGAATGAAACATACACACTTATCGCCACGTTTAAAAATCCATCCCCGTTTTCACACACATCCCATTCCCCACACTCTCCCCTTTCTTCACGAAATGCACTGAAAGGACTGACACGGACGGACACCGACAGACATGGACAAATAAACCCGCCAACCGCCCACACTCTCCCCCCTCTTCACAGACCACCGCCTACAACTCACGACCCACAAGCCCCACTCCCCACTACCCATACTACTGACTACCGACATTTGCATAATCGCCTGCTGGTTCCGTTATTATTCTTGTGATAAACAGCTTTTTTCGTTCCCTTTGACCGCATACCGCCATGATGCAAGAAATCGTACCGATCGCCGACATACCCGCCGCAATAATCTCTTCGCGAAAAATCAGCCGGGATGTCTCGATCATCACGTTCGAGAGCCCTGAAATAGCCGCGGCGGCACGTCCCGGCAATTTTGTGAATATCAAGGTAAACGCCTCAACACAGCCGCTGCTCAGACGCCCGTTTTCAATTCACAACGTCGAGGGCAGCACTATAGATATAATGGCCAAAACGGTTGGTTGCGGTACAGCGATTCTTGCCGATTCCGCATGCGGCGATACCATGCAGGTGCTCGGCCCGCTTGGCAACGGCTTCACTACTTCCGGGAGCACGTTCGACACCGCCCTGCTTGTCTCTGGTGGAATCGGCACCGCGCCGATGTTTTTTCTCGAGAAAAAACTCACCGAACAGAAAACCGCCTGCATTAACTTTATTGGCGGACGTACATCGGAAGACCTTCTGCGTTACAACCTTTCCAACTGCAGGATAGCTACCGATGACGGATCGGAAGGATTCAGAGGTACTGTCGTGGATCTGCTGGAAAACGATATCGGGCAGATGCAGGAAAACGGTCGGCTGAAAGTGTTTGCCTGCGGACCCAACCCGATGCTGAAAGCCGTTGCAGCATTCTGTCGAAAACACAATATCCCATGCGAGGTTTCTCTTGAATCGGTCATGGGATGCGGCATCGGCATCTGCTACGGCTGCTCCGTTGAAGTCACGACTCCCGGAGGAGGAACAGAATCCATTCTTCTCTGTCGGGAGGGCCCTGTCATTGATGCCGACCGTCTTGTTTTGTAACTTTGTTCGACGTATTGTTCAGATGGAAACGACAACGACACGTGTTTGTCTTTGAAACCCTTACCGGTCAAAACAATAACTTCAGCAGATCAACATTATGGCTAAAGGACTCAATAAAGTAATGCTTATCGGCCACCTCGGCAACGATCCCGAACTGAGGACAACCGCATCGGGTCAATCGGTATCGAATTTTA
CP001097.1_gap55	2373879	2376886	3007	CGAAGACCAAAGCGCATACCGCGACGGTTACACCCCGTGGCTCTGGAACACCTACGTCGGCATCGGCAACAAGAGCGGCAAGTGGAACTACAGCCTGCTCTACTCGCATAGCGAAGACGACGGCTACCGTGAAAACTCGCAGACCCTGCTGAACGACGTCAAACTGAAGGCGCGCTACGACATCGACGCCACCCAGTACCTGCAGCTTTCGGCATCCTACAGTGAAACCGAAGCCGGCTATGTCAGCACTTGGCCGTACGACATTGTTGGAAGCGGCACATTTGTCGCTAAGCCGCAGTTTGCCTACGACCTCGCCGATTCGGTTTACGCCGACGACATCGTCAAGAGGAAGGACATCCTTGCCGGCCTGACCTACTCGAACATGCTGAGCGACAAGCTGACCCTTGAAGCGAGAATGTACTACACCTACAACAAGTACCGGATAGATTACAACCCGACCTCTGTTACTCAGCTCTATCCGTATCTCTATCCGGGATCCATATACAATGGGTTCATCTATAACCGCGATCCCGGCGAATTCAACGAGAACCGTTCGAGCCGTTACGGCGCAGGCGTGAAACTCGACTGGCGTGTGGCCGACAGCCACCGGCTGCTCTTCGGCGTGGACGGCAACATCGTTGACGTCGAATCGACCCAGTACACCTCAGGCCTGCCTGTAGCGGGAGAGTTCGGATCCATTCAGGAGAAAAACGCCGCAGTCTTCGTGCAGGACGAGTGGAAGATCACCGACCGCCTGACCGCCCTGCTCTCGCTCCGCTACGACTGGAGCGGCATTGATGCCGATGAGGTGACATTCAGGGACTACTCGGTTACTCCGGGTAATAATAACGACGGTCCTATTCTGACCCAGTCCATCGAGAACCCTTCGGTCGACGCCATCAGCCCGCGTATCGCCCTCAACTACAAGGCCATGGACGACATGAGCTTCCGCGCCTCGTGGGGCAAGAGCTTCCGCGCGCCGACGCTCGCCGAGCGGTTCGTGCGTGACGCAGGCCTCTTCATGGGCAACCCGAACCCGGCGCTCGACAAGGAGACCATGACCGGATGGGAAGTGGGCGTATATAAGCAGTTCGGCGACAAGCTTTCGCTGGACATCTCCGCCTACCTGAACGACTACGACAACCTGATCGAATCAAGAAACCTTAATACAGCTACAGGCTTTCCTGTTGTTTTCGAATACCAGAACATCGCGAAAGCGCGCATCTGGGGCATCGAAACCAGCCTGAACTACCGGCCTAACAACCACTGGAACTTCAGCCTCGGCTACGCCTACATGAACGCCAAGGACAAGACCGGCGACGCCGCATCTCTTGCCGGCAACGACAACCCCGATCCCGAGTGGCTGGCCTATCGTCCCGAGCACACCGGCTCGGCAAGCGTGAACTGGAAAGCCAACGACGACCTGACGCTGAACCTGACCGGACGGTACGTCGGCAAGTACAAGGCCGTGAGCACCTACCCGAACCCCGAGGGTGATAACTACCCCGGCGACTTCGTGGTGTTCAACCTCGGCATGAAGTACCAGCTTACCGAGAACATCAGCACCACCCTGCTCTGCAAGAACATCGGCAACGTGCAGTATGAAGAAGCCGAATGGTTCCGCGCTCCGGGCAGAAGCTTCGTACTCGGTGTTGACCTGACCTACTGATCTGAAGCAGACAGGCGCATCGCGCAGTTCTTTTGCAGGCCCCTCCCCGAGGGGCCTGTTTTTTTGAAAAAAAAGGAGCATCCAGCCATCCAGCCGCTTTCCGAAAAAGGGACTTGAATACGGGACTACTCCCTTCCCTTCTATCCATAATTCAAAATTAAAAATCCATAATTTCTTCCAGCCTACTGCTCACCACTCACCGCCCACGTTCTTCAACAATTGCCGTTAGTATTCATCGAAGGATTTTCTTACATTTCCCAATCCTGTAAAAACCACAATCACAGCACATCTTCGTTATCCTTATGCACGATAAAATCAGAATTGCCGCTATTGTCGGGATGGAGCAATGCAACCAGCGGGTCTGGCGCGAAGTCAGGGAAAAAATCGGCGCGCATGCTGAACTGACCCAATGGACCGATCAGGATCTGGAACATCAGAATCCCGAAGCAGCAGAAGCGATCCGCAATGCCGACTGTATTTTCACCACCCTTATTCAGTTCAAGGGTCAGGCAGACTGGCTGCAGGAACAGATTGAACAATCAAAAGTTACAACGGTTTTTGCCTACGAGTCGATGCCGGAAGTCATGCAGATGACCAGGGTCGGCAATTACGTGGTGTCAGGCGACGGTAGCGGCATGCCCGATATCGTAAAAAAAGTAGCGAAAATGCTGGTGAAGGGACGCGACGAAGATGCGCTCTACGGCTACATGAAGCTGCTCAAGATCATGCGTACCATGTTGCCGCTGATCCCGAAAAAAGCCAAGGATTTCAAGAACTGGATGCAGGTCTATACCTACTGGATGCATCCCACGACCGATAACCTCGCCTCGATGTTCAACTACATCATGGCGGAGTATTTTGAAGTCGGCGTCAAGGCCGAAAAAGTACAGGAAGTGCCCACCATGGGCTTCTACCATCCTGATGCGCCCGAATACATGAAAGATCTGCACCACTACGAAAAATGGCTGCAGAAACGCGACAAAAGCGCATCGAAAAAGCGCAACATCGCCATGCTTTTCTTCCGCAAGCACCTGCTGCAGGAGAAGGAATATATCGACAACACCATCCGCGCCATCGAAAAGAAGGGACTCAATCCCCTTCCGGTTTTCGTTATGGGCGTTGAAGGCCACGTCGCCGCCCGCGAATGGTTTACCCATGCAAACCCCGACATGCTCATCAACATGATGGGCTTCGGCTTTGTCGGCGGACCTGCAGGCGCAACGACACCGGGAGCCTCTGCGGCCGCCCGCGATGAAATTCTCGGCAAGATCAACGCGCCGTACGTTGTTTCGCAGCCGCTCTTCATCCAGGACTTCAATTCATGGAAATCACAGGGCG
CP001097.1_gap56	2379677	2382364	2687	AAAGGCATGGTGCGCTGCACTGTGCCTTTTCTTTTTCAGTGTTCCGTTTGCTATATTGCACAAAATATGCTTATGCAGGCAGGCAAGTGCAACATATCGCGAAGTGTCTGGCGTTTTTTTGAGATACTGCTCTTTTTTGTTATCTCGGTAGTTGGTTTCAATTTCTGTGCCAAGACGACAAATCTTAACGCCAAACTGAAATCCCGCTCTCTTCTTCAGGGAACAGGCAACGGTTCCGTCTGGTTTCCCGCAAGCCATACGCTCTTTCAGGCTCCGCCTCAGATTGCCGCTCCCGATACCCATGAAAAGTTTCGAAACGGCAATGACCATAACCATTCGCTGCATATACGACTTCAAGCTCTCTCTTCCCTGAGCGTTGTCTCTCCGCTTCCTTCGATCTTCACGGTGTTACCCCGAAATCTTTTCCAGCAAAATGCCATACTGCTGATTTAAGCATCAACCGTTGACAGCTTTCGTACGTATCGGTCCTCAACGTATGAAGCCAACAGAACCTCGGCAGGCAGGCTTGCTGAGGAAAAGAGGCATGTTTTCCATTACGTTTTTTCTGAAAAACAGCCCTGTAAAAAAAGGTTGACCCATGCATTTTGTTTTCCTTACCATGGAGGCCACCAACAACAGCGCCCTGAAAAGCGCTGCTGATGAACTGAATCGGAAATATCATCTCGGTCTTGAGGTTTCGCTGTTCAATCTTGGTCTCCGTCACGACGCTCCCCAATGGGAAAAACTGGAAAAAGCCTTCCGTTCGGCTGATTTTATTTTCGGTTCGATGCTCTTCAGCGAGGAAATTGTACGCCCTCTTGAACAACTCCTTGAAGATGCATCTTCCCAGATCTGCATCATTACCAGTAATCCGGCCCTCCTCACCCGAACAAGAATAGGAAAGTTCTCGCTCCGAAAATCGGGAAATGCAGAAAAAGAGTCCGGTATTTTCAGGCAATGGGCGGCAAAGCTGAAACCTAAAAACAGTCACGGCGAAAGCCAGAGACAGCTCGCCATTGCCCGCAATATCGGCAAAATCATGAAGTACATCCCCGGCAGAGCTCGGGATATACATACGTTCATCGCCGCGCACCAGTTCTGGCTGAACGGTTCGCAGGAAAATATGGAACGGTTCCTCTGCCTTATAGCGGACCGTTATGTCCCTAGCTGGAAAGGAAAGCTCCCTCAGGAGGACCCGGTCTTTTATCCGGATGCCTCGCTCTGCCACCCTGACGCTTCCGGGCCGTTTCTTTCAGCCGGAGCTTTCGATGCATGGCAAAGCAAGCGGAGACCGTTGCTGAACAAGGGCCCGGTAGCCATTCTTGCCATGCGCTCGACAGTGCTGAGCAAAAATATGCACCATCTCGATTACCTTGTCCGCGATCTGGAATCAAAAGGCATAAGCGCCTGTATCGCCTACTGCGGCGGCCTTGATTTTCGTCCGGTGCTCGACCGGTTTTTCGATCCCGAAAAACCCGGTTCCATGAAACCGGAGCTCCTGATCAACGGCACCGGATTCTCTCTGGTTGGCGGACCGGCAGAAAACAAGGCCAAAGAAGCGATTGCGGCGCTGAAAAAACTCAATGTCCCCTGCTATAATCTCATTCCGCTCTCCTTTCAACCTGTCGAGCAGTGGCAAAACAACAGCCACGGCCTCACTCCGTTGCAGACCGCGCTTTGTGTAGCGGTACCTGAACTTGACGGCACCATAGAGCCTCATGTCTATGCCGGCACAGGCAATGACCGAACAATCCCGCTCGAACGTGAAATACGGGACATTACCGGCAGAATCGACCGTTTTCTCCGTCTGCGGGCAAAACCTGCCGCCGACAAAAAAATCGCCATAATCCTCTTTAATTTTCCGCCGAATCTCGGCAATGCAGGCACGGCCGCTTACCTCAACGTTTTTGAGAGCCTTATGCGCCTTCTTAAAGAAATGCAGCATGCCGGCTATCATGTGGAACCGCCTGCAGATATTGAAGAACTCAAGGATCGCCTGCTTGAAGGCAACCGCCTGATTTACGGAACTGACGGCAATGTTGCCGCCCATCTCTCCACGGAAGAGTACCGAAAGCTCTTTCCGGCCTGCAGCGGCATCGAACCGTTCTGGGGAGAGGCCCCCGGCGAAATCCTCACCGACCGTAACGGATTCCACGTTCTCGGCTGCTCATTCGGCAATATCTTTATCGGGCAGCAGCCCTCTTTCGGTTACGAGCGCGACCCGATGCGCCTGCTGATGGCAAAGGATGCAGCGCCGAATCACGCATTTGCGGCTTTTTACACATGGCTTGAACACTGTTTCGACGCTGATGCGGTGCTGCATTTCGGTACGCACGGAGCGCTGGAGTTCATGCCCGGCAAACAGGCCGGACTCTCTTCGCTCTGCTGGCCGAAAAAACTGATCGGAACACTTCCGAATTTCTACTGTTACTGCGTCAACAATCCAAGCGAAGGCGCAATAGCCAAACGAAGGGGATTTGCGACGCTTGTCAGCTATCTTTCGCCACCGCTCGAACAGGCCGGACTTTATAAAGGATTACGGAAACTGAAGGAACTGCTTGCCTCGGCACTGAAACATCCGGACGGGGAGCTCATGCTTGAAATAGAAGCGCTGGCTGCCGAGCTTGAAATCAGCACGAAAAAAGAGGAGGTATCCTCCGAAGAGTATCTTGCCGGACTCAGCAGCG
CP001097.1_gap57	2383383	2386822	3439	TTTTCCAACGCTCCGGGAAGCTATGGCGCGAACGTCAATCATCTGGTCGAAAGCAGTTCATGGGAAGAAGAACAGCAGCTTGCCGATGCGTTTGTCAATCGAAAAAGCTTTGCCGCAACCGAAACCGGCGATTGGAAAGAGTGCCCCGAAGCATTGCGTTCCGCCCTGCGAAATGTCACGTTGACTTTCCAGAATATCGACAGTTATGAAATCGGGATTTCGGATATTGATCATTATTATGAGTATCTTGGCGGAGTTTCAAAAACTGTAGAGCGCATCAGCGGGTCGAAACCCGACATTCTCCTGGGCGACGTCAATGGATTCGGGACAAAACAGAAAATACGTCCTCTGGAGAAAATGGTGGCGCTTGAAGCCCGTACGAAACTGCTCAATCCGAGATGGTATGAAGCCATGCTGGAGCATGGTTATGAGGGCGTAAGGGAGATAGAATCGCACCTCAGCAACACCTACGGCTGGAGCGCCACGGCTTCTGCAGTCGGAGACTGGACCTATCAGCAGTTCAATGAAACGTTCCTGCAGGACCCTGCAATGCTCGAACGGCTTACGAAACTTAACGCTCATGCGGTAACCGCCATGACGAAGCGACTCCTGGAAGCCAATGCCAGAGGGTTCTGGAAAACCGATGAGAAAACCATTGAAGAACTGCGGCAACTGTATGAAGACCTCGAATCGAGAGTAGAGGGCATCGTCGACGTACAGGATTGAACGATATCAAGTAGTCAAAAAAGATCAACGTCTAACAAACCAAACATGAGCAGCTCCTCTTTCAACGCCGAAGAACACAAAAACATGCTTCGCTCGTATTTCAACGGCCAGGGCTTTCAGCGCTGGGCTTCGATTTACGGCGACGACAAACTCTCTACCGTACGCAATACCGTCCGTCAGGGCCATGCGGTTATGATGGACAAGGCGTTCAGCTGGCTGCAGCAGCTCAACCTTCCGAAAGGGGCCACAATACTCGATGCAGGTTGCGGAACCGGCTTGTTCAGCATCAGACTTGCCAAAGAGGGGTACAAAGTCAAGGCTGTTGATATTGCCTCACAGATGGTTGAAAAGGCAAAAGCCGACGCAACAATGCAGGGCGTCAATAACAATATCGACTTCGAGGTCAACACCATCGAGTCGGTCAAAGGCACCTACGACGCCGTTGTCTGTTTTGACGTACTCATTCACTACCCGTCGGAAGGATTCCGGCAGGCATTTTCCAACCTGAGCAGCCTGACCAGAGGATCGGTAATTTTCACCTATGCGCCATACAACAACATTCTTGCCTTTCAGCACTGGCTGGGCGGCTACTTTCCAAAAAAAGAACGCAGAACCACGATTCAGATGATCCGCGCCGAAGAGATGGAAAAAGCCATGACCGAAAACAGAATGGTTACCAGAAACAGTGAAAAAATCAGCTGGGGCTTCTATCACACCATGCTGATGAACACGGCGCGCCGCTGAATGGACAAAGAAACCCTATGACTATTTTATAAATAAATCGTAAATTAATCATTCGGGGATTTTTTATTGGGACAATGCCGGTTGATACTGTTTCACGAGAAGATCTCCTATTTCGTAAAAAACACACATATCTGGAGGGTGGATACCGATGAAAATACTGATGATTCAGCCTAATTATCATTCAGGTGGAGCTGAAATTGCCGGTAACTGGACGCCAAGCTGGGTTGCCTATATCGGTGGCGCCCTGAAACAGGCCGGGTTCGATCAAATACGTTTTGTTGACGCCATGGCCGACGACCTCCCGGATGATCAGATCGAGGAAATTATCCGGCAGAACAAACCGGATATTGTGATGGCAACCAATATCACGCCCTCCATTTTCAAGGCGCAGGATATCATGAAAATCGCCAAGAAGGTCGATCCGAAAATCAGGACGATCATGGGGGGAATTCACTCGACATTCATGTACCCGCAGGTACTGAGCGAAGCGCCCGAAACCGATTATGTCATTCGTGGGGAGGGTGAAGAAATTGCGGTGAACCTCGTAAAGCAGATTGCAGCGGGAACCGACAAAGAAAACCGTGCTGACATTACCGGTATTGCCTATATCGACAATGACGGCAAGGTATTTGCTACTCCGGCTCACCCTGTGATTGAAGACCTTGATACCCTGACTCCCGATTGGAGCCTGTACGACTGGAATAAGTACATCTATACGCCTCTAAACTGCCGCCTTGCGGTACCTAACTTTGCAAGAGGGTGCCCCTTTACCTGTACCTTCTGCTCGCAATGGCAGTTCTGGCGCCGTTACCGCGCGCGCAGTCCGAAGCATTTTGTTGATGAAATCGAAATTCTGGTAAAGAAATACAATGTCGGTTTCTTTATCCTTGCCGATGAAGAACCAACCATCAACAAACAGAAGTTCGTCGCGCTCTGCCAGGAACTTATCGACCGCAAGCTCGGCGTTACCTGGGGTATCAACACCCGGGTAACGGACATCATGCGCGATGAAGATCTGCTGCCGTTCTTCCGCAAGGCCGGACTGGTGCACGTCTCGCTCGGCACCGAAGCGGCAAGCCAGATGAACCTGAACCGTTTCCGTAAGGAAACCACGATTGACGAGAATAAACTTGCCATCAAGCTGCTGCAGAAAAACGGAATCGTTGCCGAAGCGCAGTTCGTTATGGGGCTCGAACATGAAACGCCGGAAACCATCGAGGAAACCTATCAGCTCTGCAAGGACTGGGATCCCGATATGGCAAACTGGACCATCTACACCCCGTGGCCGTTTTCGGATCTCTTCAAGGAGCTCGGCGACAAGGTGGAGGTGCGCGATTATTCCAAATACAACTTCGTATCGCCCATCATCAAGCCGGACAACATGGAGCGAGAGGATGTGCTCAAAGGCGTACTGAAATCCTATGCCCGCTTCTATGCGCGCAAAACATTCTTCGGCTATCCCTGGATCAAGGACCCGTATGTCCGTAAATACATGCTCGGATGTCTGAAAGCTTTCGCGCAGACCACCATCACCAAACGTTTCTACGATATCGATCGCGTGAAGACCAAAAACCGCAAGATCGAGATCGACCTTGGATTCGACAAGTCGAGAATCCTCACTCAGGACGAGGTGAAAAACCTGAAGGAACTGCGTCCGGAAATGGTTGCCGATATGAGTTTCGGTCTGAAGGAAGCCGGATACCAGCGCGAGCACGACGAACACGATTGGGATGCATTCGACGAAACCACCATCAAGGATCGTACCTCATCGACCGTACGGAACTGCTGATTGCGGCCTGCCGTATCATCAGAAAACAGAAAAACCTCCGGAACCCCGGAGGTTTTTCTGTTTTCGTGTCCCTTTGTCCTTACTTCACCTCGATCTCCTTGCCTTTTTTAGGCTCTGACTCCTTTTTCGGCAGCGTGATTTTCAGCTCGCCGTTTTCATAAGAGGCCTGAATGTTTTCTG
CP001097.1_gap58	2394791	2398421	3630	CTGTATCCTGCCCTTCTCCGGAATTCTCTTTAACTATATCCTGCAGTGAATCAACAAAATAGATGTCATCACCCACCCCGCCGGCAAGTGTATCTATGCCATCATCGGCCCCGAGGTTATATTCATTTCCCCCAAAAAGAGAGTCATTTCCAACTCCTCCGTTCAGGGAATCATTACCAAACCCGCCAACAAGGATATCATTGCCATCGCCACCGTAAAGCAGATCGTCGCCACCAGGAGAATCATGCAATTCATCGCCGTAGATCACATCGTCACCATCTCCGCCGACAACTGTATCGTTGCCATCACTTCCTTCAATCATATCGTCTCCTGCACCACCATCAACCGAGTCATTGTCGTCACCTCCGATTATACCGTCATTTCCATCACCACCGAAGAGGGCATCGTCACCGCCATCGCCCTCCATGTAATCGTCACCTCCGTCGCCGTATTGCAGATCACTATCATCTCCGCCTTCCACCGAATCACTACCCTCTCCTCCATGCAGTGTATCAGCACCCTGGTTTCCATGAATGGAGTCATTACCGTCCCCGCCATATACAATGTCGGCTCCCTCACCGGCATGAATCGTATCATCACCGCCGTCTCCCTCCATGTAATCGTCACCGCCGTCACCGTATTGCAGATCACTATCATCTCCGCCTTCCACCGAATCATTACCCTCTCCACCATACATCGTATCAGCACCCTGGTTTCCATGCAGCAGATCGTTTCCCGTTCCGCCATCAACCAGGTCATTACCCTCTCCACCATGAAGCGAGTCACTCCCTTCATCCCCATACAATGCATCATCTCCGGCTATTCCAAAAAGCATATCATCATCTGCATTTCCATGCAGTGCATCCGCACCATCGCTTCCATGCAACTGGTCGTTGCCGGATCCTCCGAACATTGAATCATTGCCGCTATCCCCATGCAAAAAGTCATTACCAGCACCTCCATCCATCACGTCATCACCCTCGGCGCCATACAACGCATCCTCACCATCATCTCCATAAAGCGTATCATTACCCGATCCACCATACAGCGTATCGTTGCCGCCCATGCCGCTGATCGAATCGTTACCCCCGAATCCATCCATCATATCGTCATGTTCCGTACCGGTCAGCGTGTCATCATTTTCCGTACCATTCAAATTATTTCCGATCAGTTCGTCTTTCGTCTTCAGTCCATCGGCAAACACGAAATACTCTGCATGTGAAATTACATCGGTACCATCCCGCCCATCAATGGTATCCTCTATGGTATAGGCTGATGTTCCTGCGTCGTAAGTGATAAGGTAATCACCGAAATTCCCACTATATATCGCAGTATCGTCACCTGCTCCGCCAGTTATGGAGTCATTGCCGGCACCACCAGTCAGCGTATCGGCACCGATACCGCCATCTACAAGGTCATTGCCCGATCCGCCTTCGATAAGGTTGTTTCCGTCATTACCGGCAATCACGTTGTTGAGACTGTTCCCGAAACCATTTATGTCGGACGTTCCCGTCAATATGAGGTTCTCGACATTTTCAGACAATGCATGATCACTCGATGACTCAACGGTATCCGTTCCTGAATTCCGTTGTTCAACGACAACATCACCGGAACTGTCAACAACATAGGTATCATTGCCGGATCCCCCTTCGAGCGTATCGGTTCCCGCGCTGCCATCGAGCCTGTTATATCCCCTGCCTCCCGTGATGACATTATTCAAGGCATTACCGGTACCATCTATTGCGCCTGTTCCGACAAGAACAAGGTTTTCAACTCCATCCTCGAGGATATGGCTCGATGCTGTGCGTACCGTGTCATTGCCCCCCTCTGCATCCTCGATAATCGTATCGTCACCACTTTCAAGGATATACATATCGTCACCATCACCACCGCTGAGCATATTGGAACCGGAACCGCCAGTCAGCGTATCGGAACCTTCACCTCCCTCAAGCGTATCATTACCGGTATTTCCTTCAAGCAGGTCATTACCGGCACCTCCATCGATAGTGTCATCGCCGGCACCTCCATCGATAGTGTCGTTTCCGGCTGCTCCGTAAAGGGCATTCCCCGCCCTGTTGCCGGTAATGTCGTTATCGCTGCTGTTGCCGGTTCCGTCTATAGAACCCGATCCGGTCAGAATGAGCTGTTCGATATTTTGCGATAAGGCATAACTGACCGATGCCTGCACGTTATCGACCCCTTCATCTTCGTTTTCCGTAATCCCGTCACTTTCGTTATCGACGACATACGTATCATTTCCGCTGCCCCCTGTCATGGTATCTGCTCCGATGCCACCGTCAAGCTTGTCATTGCCTGTTCCGCCCCAAATCAGGTCATTTCCCGCGCCGCCTGAAATCGTATCATTGCCTCCACTACCGGAAAGCTCGTTATTACCAGCGTTACCGGTTACTGCATTATCGAGATCGTTACCGTAACCATTCACGGAACCCGATCCTGTCAGCGTCAAACGCTCAAGGCTGGATGACAACGCATAACTCACCGATGACTGCACGCTATCGGTGCCTTCACCGGCGTTCTCCGTGATCTCATCTCCTTCGTTATCGACGACATAGGTATCGTTTCCCTCGCCACCCTGCATCGTATCGTTGCCGATCCCGCCATCAAGCAAATCATTGCCGATTCCGCCAAGAAGCACATCGGCACCGGCACCACCCTCCAGCGTATCGTTGCCCGAACCGCCATCGAGCATATTTGCCCCGCTGTTCCCGGTCAAAGCGTTATTGAGTTCGTTGCCGGTACCATGTATGTCATCGCTTCCGGTCAGAATCAGCTTTTCGATATTGCCTGACAACACATAGTTGATCGAGGCCTGTACGCTATCGGTGCCTTCACCGGCGTTTTCAACGATAACATCGTTTTCAGAATCGACACTATACGTATCGTTACCAATACCTCCCTGCATTGTATCATTGCCGATTCCGCCGTCAAGCAGTTCATTCCCGATGCCGCCAAGAAGCATATCGTCACCGGCACCTCCATCCAGCGTATCGTTGCCCGCCCCTCCGTCGAGGATATTAGCTCCGCTGTTTCCGGTTATTGTGTTATTGAGTTCGTTGCCGGTGCCATCAATAGCATCGGTTCCGGTCAGTGTCAGCTTCTCGAGGTTTCCGGACAAGACATAGTTGATCGAGGCCTGTACGCTATCGGTGCCTTCACCGGCGTTTTCAACGATGATATCGTTTTCGGAATCGACACTATACGTATCGTTGCCCCTGCCCCCCTGCATCATATCGTTGCCGATTCCGCCATCAAGCAGGTCATTCCCGATGCCGCCAAGAAGCATATCGTCACCGTCACCACCATCCAGCGAATCATTGCCCGTTCCGCCGTCAAGTGCATCGTTGCCTTCCGATCCGGAAAGCTGATCGTCGCTATCGTTTCCAAAAAGTTGATCACTGCCGGATCCGCCTTCCAGATTATCCTTTCCGGCGCCACCATCGAGACGATCATCGCCCTCTCCGCCATAAATCCGGTCGTTTCCTGTACCGCCGGCAAGCTGATCGTCTCCGGTTTCTCCGGAAATAATATCATTGCCCGAACCGCCGTCGATCGAGTCGTTACCGGCACCTCCATCGAGTATATTGATACCGGTATTGCCGGTTATGAGGT
CP001097.1_gap59	2401371	2403091	1720	CTCGCACCATCTATCGCAATACCGGTCTATTCCCGGTATGAAACTTGTTGAAAGAGGCATGTATTGACGTTTACAGATGGCTTGTCACCCCCTGAGTCAGACGGGAATGCAATGATAACATACCATCAGGAAGAAAAAATCCCTCGGACACCGTAGTTTAAAGGTAACTAAATTATTTTTCTAAAAACATATGCTTACCTTGAAGACTGTTAACCTATGAATACTTTTTTACCGAATCCCGTATTGAAAACGCTTACGCATGAAAACACCCAAACCGTTCCTGGCAGCTGCAGCCGTCCAGCTTAAACACTATCTCAGCCGCGCAGAACGCTCGTTCTGGCTCCCCTTTTCCGCAGCCTCTCTTGTCATGATCTTTTCCATATTCACCATCCTCAGCTCAGCCCCCGGCACCTATATCGATGAACTCGGCTTTACCGGCGACAGTGATTACGTTGTCATCGAGGATGCATCCGAAATAAAAAAACCAGCCATAGACAAAAAAATCGTACAACCCGGTGAATCGCTCTACACCATTCTCATCGCCAACGGCCTCACTCCGGCAAATGTCGACGCCATAGCCAGGCAGCTCAAGGGAAGTTTTTCAATCCGCGGGTTCCGCCCCGGCCAGAATTATGAAATAGAAAAAAACGGCGACGGCCTCTTTCAGCGGTTCACCTATTTTCAGGATCGCGCCGTAACCATACATATCGAACGTGAAAGCGAAAGCGGCGACCTGAAGATACGGCGCGACGCGAAAGAATATGAAACCCGCGTTGCCACCATCGAAGGGTCGGTGTCGAAAACCCTCGCTTCGGAACTCGCCAGGAGAGAACGTTCCGGACTGATGCGCCCGACAAGAAAGCTGTTTGCCGGACGCCTCGATTTCAAGCGTGACATTAAACCCGGCTCGGAATTCCGCCTGCTTTTTGAAGAAAAATGGCTTGACGATGAATGTATCAGCACCGGCAAAATCATTGCAGCCGAAATTTCTGTAAACAAAAAGAAATACACTGCATACCGTTACACCGACGCGAAAGGCAAAACCGGGTATTACGACGAACAAGGCAATGCACTCGAAGCACCCGAAAAAACCGCACAGTTCATTCAGCCCTGCAGTTATTCCCGAATTTCAAGCGGCTACGGCTACAGGGTTCATCCTCTCCGCAGAACACGCCACTTCCACGGCGGAGTGGATATGGCCGCACGCACCGGTACTCCGGTAAAAGCGGTGGCTGAAGGAACCGTCATTTTCAGAGGCAGCAAAGGCGGAGCCGGCAACATGATTACCCTGAAACATCCGGGAGGATACCACAGCCAGTACCTGCACCTGAGCCGCTATGCCCCGAAAGCGGGAAACGGCAGAAGGGTAAGCCAGGGCGAGATTATCGGCTATGTTGGTTCGACAGGCAGCTCAACCGGCCCGCACCTTGATTTTCGTATGATCCATAACGGAAAGCCGGTCAATCCGCTTACGGCGCTTTCAGCTTCGAAACCGGAACCGGGACTTTCAAGGCAGGAAAAAAACAACCTGCTGGCAGAAATTTCAGTACTGAAAACGCAGCTTGACAACAACAGGATGCTGGCCGCAGGACCTACGAAAAAACAGACGCCGGTGTTGTAGGCCGGTAGGCTGCAACCAGTTGACGGTTGACGGTGATGGGTGGGAATGCAGGGGCACGGCATACCGTGCTCCCCTACGTATCGATTCGCTTCCGCATTG
CP001097.1_gap60	2435659	2438322	2663	GGAGTACACGAGGAGAGAAGAAAAATCACTGACGGGTTGTGATCGGCCTTGATTTCAGCGATAATCTCTTCGAGAGTCGGTTCCTGCTTTGCCAGATCGCCCTCCTCGATCAGGGCAATGCCGAAACGGGGTTTGGCAAAAATCATCATGCCAAGCGCGTTCTGCAGAAAATGCGCACAGGTATGCGTACCGAGAATCAGAAAAAAACTGTCCTTGATTTTCTGATACATCCAGCCGACACAGGCAAGGCCGCAGAAACTGTGCGTAACATTGTCTTCCTTGATTATCGGAAATTCGCCGGGAACCTGCATCATGAAGTTTTTCCTCCTGAAATCGTTACCGACCGCACTCAATCCCGGAATCGGGAACAAGCGAAATTGCACTCGCAGCGGTCAAACTTTTTGAAACTGAAGATATAATATTTTTCATTAATCCTGTACTCTCAGGCTCTCCCTATTTTCGCCTGAACCGAAGCGGGTTTATCGCCAAGATGCACGTCGCGATCGCGGCGGTCGTCGATTTTCAGTACCGTATATACTCTCTGAACTCCCATACCGAAGGCATGCTCGTGCAGACTCCCGGCAAGCGAAAACAACTCGGACGACGGCCCTTCGATTGTCGTACCCATATCGTGAAGCCGGTAGCTGCAGCTGCTTCCTGCAAGAAGATCCTGCAGAGAGGCTATAAAGGAGCTGAAACCCGAACTCCGGCCGTCGAGAGGAATAACGGTAATGTCCATGAGTGCCATCGCAGTACCCGGATCGATCCTTAACGATAAACAGTCTCTTCCCGACCAGGACCGACAGAGACAAAGGTAACCGGAACCTGCAGTTCATCTTCGAGAAAGGTGACATAACTGCGGGCCTCGGGACACATATCATCCAGAGTGCGTGCATGGGCATTTGAAGACATCCAGCCTTTCAGGGTTTTATAAACCGGAGTTACCCTCGAGAGCGTCGGGTGGTCGGTAGGAAAGTCATGAATCTCCTTTCCGTCGAGCATGTAGGATGTACAGACTTTTACCTCCTCGAAGGTGTCGAGCACGTCCAGTTTGGTGAGCGCTATTTCAGTGACGCCGTTCACAGTCAGGGAGTAACGGAGCGCGACGAGATCGATCCATCCGCAGCGGCGTTTTCGGCCCGTAGTGGCTCCGAACTCATGGCCGATACGGCAAAGGCTCTCTCCTGTTTCATCGAACAGTTCCGAGGGAAAAGCTCCATTGCCGACTCTGGTCATGTAGGCCTTGACCACCCCGATCACCTTGCCGACATAATTCGGAGCGATCCCCGATCCGGTACAGGCTCCGCCTGAAGTGGGATTTGACGAGGTTACATAGGGATAGGTGCCATGATCGACATCGAGCAGACAACCCTGCGCCCCTTCGAGCAGAACGGTCTTGCCTGCCTTGAGCTGACGGCTGAGATAGAGTTGGGTATTGGTTACGTAGGGGTCGATTATCTTGTCGAACTCCGAATAGTCGCGGACAAGTTCTTCGACATCGAACTCCTCTTTCTCATAGATGTTCCTGAACAGCTTGTTTTTGGCTGCGAGGTTCTCCCTGAGCTTTTCCTGTAGCACATCGGGACTCAGCAGATCGACAACCCGTATGCCTTTACGGGCGAACTTGTCTTCATAGCTCGGCCCTATGCCTCGTCCTGTCGTGCCGATTTTCTGCTCACCCTGCGCATCCTCATGAAGCGAATCGAGCCGCTTGTGGTAAGGCATGATGAGATGGGCATTATGACTGATAAACAGACGTCCTTTAACATCGTAACCGAGCTCCTCGACCTTTTTGATCTCCTCGAGCAGGGCAACGGGATCGATAACCACTCCATTGCCGATGACGCAGACACACCCTTCATGAAAAATTCCTGACGGAATGAGGTGAAGCACAACCGATTTATTATCGAAACAGATAGTATGGCCGGCATTGGCACCGCCCTGATAACGGACAACAATGTCATATTTGTCGGACAGATAGTCAACAAGTTTACCCTTCCCTTCATCACCGAACTGTGTTCCGACAATAACAGTTGCTGTACGAGTCGGCTTACTGAATGATTTTGATTCCACGACGTTTATTTTTAACAGGTATAGTGTTCGAAATGAGCAAGAAGCTCGGCTTTCCCTTTTCCGGAAAAAGATGAATAATTTACAATAAATTTGGCTTTTGCCGAGAAACTTTCCATCTCCCGCCTTGCCGCAGCCCTCTCTTTCTGTGTCAGCTTGTCGTCCTTGGTCATGATAATGCCGTAGGGTCGATCGAGGTATTCAAGAAACGCCATCATTTCCCTGTCGGACGCCATGGCGGGATGACGGGAATCGACAAGAACGAGTACAAGCGCTATGGCACGACGCTTTTCGATATAGCTTACAAGCAGGTTTCCCCAATGGGCTTTTTCCGCATGACCCACTGCGGCATAGCCGTAACCGGGCAGATCGACGAAGTATATGTTCCCGTTGATCTGAAAATAGTTGATGAGTCTGGTTTTTCCGGGAGTAGAACTGGTTTTGGCAAGCCCTTTGACCCCTGTAAGCGAATTTAAAAGAGAGGATTTACCGACATTGGAGCGCCCGACGAAAACAATTTCCGGAAAGGTCTCCTCAGGCAGACCGGTGAGAGCTGAAACACTTTTGTAAAAAACTGCGTTGATAATTTTCAT
CP001097.1_gap61	2450368	2453539	3171	AATCTATACGATACGGAATAACTTACCAGCTTGCTTTCTTGACACCGGGAAGCTTTCCTTCCAGAGCAAACTTGCGGAACATCTGGCGGCAGAGTCCGAACTTTTCATAGACACCTCTTCCGCGACCCGTAAGAACACAGCGATTTTTCACCCTTGTCGCTGAACTGTCTCTCGGCAGTTTGCGCAGCGCCTCGTAATCTCCAGCCTTCAGCAACTCTTCACGCTTCGCGGCATACTTCTCTACAAGCTTTTTTCTTTTCTCGTTCCGTGCAATAATGCTTTTCTTCGCCATCTCTGGATTCCTGATAGGTTAATTGTTCTTCTTTTTGAACGGCATACCAAGCTCGGCAAGCAGTACATAAGCCTCTTCGTCGGTTGCTGCTGATGTCACAAACGATATATCCATACCTGAGATTCTCGGAACTTTATCGATATCGATTTCAGGAAAGATAATCTGTTCGCGAATACCCGTGGTATAGTTGCCACGACCGTCAAAACTGGTATCGTTCAGACCGCGGAAATCACGAATCCTCGGAACTGCAAGACTGACGAAACGGTCTAAAAATTCGTACATGGTTTTTCTGCGGAGAGTGACCCGACAACCGATCGGCTGATTTTCGCGCAGTTTGAAATTCGAAATAGCTTTTCTCGACTTGCGGATCTGAGGTTTCTGGCCGGTAATCTGTGCAAGCTCGCTCATTGCCGTCTCAAGAAGCTTCGGCTCTGCAGCCGCTTCTCCGACACCTATATTAATGGCGATTTTCTGAAGTTTCGGCACCATCATAACGTTTTTGTACTGAAACCTCTCCATAAGCTTGGGAACTACCTTGTCCTTGTAGAATATTTCAAGGCGGGCTTCAACGTTCTCTGCAGGTGCTTTTTCTTTTGTTTTTGTCATGCTTTACTCTCATTTGCCAGAATGGTCTTTGTCATTCTGTCTTAATAAAATACTGATTAGCTCTTCTTCACATTGGATGCATGAATAGGGAATTCCCTTTCGATGATCGAACCCTGGGGATGGCTTTGCGTAGGTTTCATGTGACGCTTTCTGATATTCACGCCTTCAATGATCACACGGCCTTTCTGAGGATATACTCTCAGTACCTTTCCTGCCTTGCCCTTATCGTTTCCGCTGATGACAACGACACTGTCGTTCTTTTTGACATGCAGCTTTACCTTTTTAATCCCTGTTTTCATTTTTCACTGATATGATAGTATTCATAAAATCTGAGCGGGAGACGAGACTCGAACTCGCGACCAACAGCTTGGAAGGCTGTGACTCTACCAACTGAGTTACTCCCGCTTGAAGCTTTTACAGCACTTCAGGCGCCAAAGATACGATTTTCATATATTTTCTGTCGCGTAATTCTCTGGCAACGGGCCCGAAAATTCGGGTTCCTCTCGGTTCCCCCTGAGCGTTGAGCAGTACGACTGCGTTTTCATCAAACCTGATGTAGGAACCGTCTTTCCTTCTCTGTTCCTTTGCACACCGCACGACAACTGCTTTGCAGACATCTTTTTTCTTGACGACTCCGCCTGGTACGGCGGCTTTCACCGATACGATAACCTGATCACCCAGTCCGGCATAACGCCTTCCTGTACCGCCGAAAACATGTATACAGCGAACTTTTTTCGCTCCACTGTTATCTGCTACAACCAGATTTGTTTCTTTCTGGATCATCCTGATTCAACCTTTTTAATGTGTAAAGAGCGCTGCTTATTTGGCTTTTTCAATGATTTCAACGAGACGGCAGCTTTTTTTCTTGCTCAATGGCCTGCACTCGACAACCTTTACCAGATCACCAACTCCAGCTTCGTTCTTTTCGTCGTGAACCATCAGCTTGGTTGTCTTTTTAAAGTATTTCTTATAGACTGGATGCTGTACCCTGCGTTCAACGGTAACAAGGATGGCCTTATCCATCTTATCGCTGACCACTTTACCCTGCCAGCTTTTTTTCCGCCCTCTTGCTGCAGCATTCTGTTCCGTTGCGGCAGTCTCTGTTCTGTTTTCTTCCATTTATCGTAAACGGTTTGTTGTTGCCTTATTCAATTCTGTTCTGCTTCGGCCGCATTCAGTTTGTGGAGCATTGTTTTCATGCGTGCAATATCACGTCGTGAATTGCGAAACACCATAGGGTTCTGCGGAAGCTCGATTACCTTGTAGAAATTGATATCGGCAAGCCTGTCTTCAAGCTGAACGATCCTGTCGATAAGTTCCTGCCTGGTCATAGCTGCAATTTCGTACTTTTTCATAGTTATAATCCTCTTGTCGATTTTGTTGCTCTATTATCCTTCGTAATCAGGACGGACAATAAACTTTGTTTTAATCGGCAGTTTCTGCGCTGCAAGCCTGAAAGCTTCAGTTGCAACCTCACGTGAAACACCCTCAGCTTCGAACATTATTCGTCCGGGTTTGACAACGGCTACCCAGAATTCCGGCGAACCTTTACCTGAACCCATTCGGGTTTCAGCCGCTTTTTTCGATACTGGTTTGTCGGGAAATATTCTGATCCAGATCTTGCCATCTCTTTTCATATATCTGTTCATGGCAACACGAGCTGCCTCGATCTGGCGACTGGTTATCCAGGCTGGCTCCATTGCTTTCAGACCGAAAGAACCAAAAGAAACAGAAGTTCCGCGACCGGAATTGCCTTTCATCCGGCCTCTCTGTGACTTTCTGTATTTAACTCTCTTTGGCATTAACATACCGACAACTCCATTCTTTTTCTGATTATAATGTATATGTCATTATGCGCGCTTGGTGCGGCTGCGGCGGCGCTTGCTGCGCGGATCACGGGGCCTGGATTTGGAATCTGCCCGGCGATCTTTCATCCGCTTCATCTCGTCTTCTTCTATGGCATCGATGCGCTGTACAAGAACCTCACCTTTATAAACCCACACTTTTATTCCGATGGTACCGGCAATCGTATGTGCCGTGACGCTTGCATAATCAATATTGGCACGAATGGTGTGCAACGGAATCTTTCCTTCCTTGTACTGTTCCGCTCTTGCAATTTCAGCTCCACCGAGTCGTCCGGCGCATCTGATTCTGATACCTTCCGCTCCGGCACGCATCGCCTGCTGAATGGCCTGCTTCATGGCTCTTCTGAAAGAGACGCGATTCTCAAGCTGGTAGGCGATGTTATCGCCTATAAGCTGCGCCTCGATCTC
CP001097.1_gap62	2511269	2513838	2569	TGCTGCCGCCGAGAAAGAGCACGAAGGGATCGCGGCGCCGGGCGACGAATCCCGCCAAAGCAAGCAGCAGCACCACAATGCCCGCATAGTGGGGAAAGTCGGTAAAGGACATGAAACCCCAGTAGGTGACGCCCCCGAAACCGTAGAGGCCGGGCACGAGAAAGGTGAGCAGCTCCATCGGGTGCATCGACCACATGGTGGCGTACTCCATTGCGGCTCCCCCCCCTCTGGCCGCTCCCCTGACCGAATATGCGGCATACTCCGATGCGGGCAGATACACTGCAGCCGATATGGCAATGCCTACCACGCAGGCTACTGCGAAAAAACCGGCTTTCTTCAGACTCTCTTTCACCGTTTTGTGAGCGGAGACAAGCAGCACCAGGGCAAGCAGCCCCATGAGCAGCCAGGTGTACCAGGCGATCTGCACATGCGCACGCTGAAGCTGAAATCCGAGCAGGATAGCGAGCATCCCCGCGTCCCCAAGCGAAGCGAGAGTGTCAAGACCCGGAGCGCGGGTGTTCAAGGCTCCACTGGAGCCGCGAGTGTCAAGACCTAGAGCGCGAGTGTCCAAGGCTCCACTGGAGCCGCGACTGTCAAGACCTAGAGCGCGAGTGTCCAAGGCTCCACTGGAGCCGCGACTGTCAAGAGTGCCCAAAGCGCCTCTGGCGCTGCGAGTGTAAAATCCGCTGCGAGTGTCAAACACGCGGAGCGTCGCCCACAGCACCCACGGCATGTAGGCCGCGGTCATGAGCTGGCTGCCGTGGCCATGCACGAGCATGGCGGTCATGTAGGGGTTCAGCATGAAGGCCGCGCCGCCGAGAAAGGCCGCGGCATGGTGCAGCCGAAAGGTGCGCAGAAGCGCGTAACCGCCGAGACCGGCGAAACAGAGGTGCAGGATCTGCGAACCGATATCGCCGAGCGGCAGGCGCGAAATGAGGAGGTTCGGATAGTAGAGCCCTCCGAGGTAGCTGAACGCTTCGACGGTCGGCATGCCGGCAAAGGTCCATGGCTGCCAGAGCGGATAGTGACCCGATGCGTCGCGCAGACGGTCGAGCGCGATTGAGGAGGCCATCGGTACCAGCGAATCGGGCGCGGAGAGCGTCATCGGCAGGAAGACGAGCTGGTAGTAGAGCGCAAGGGCAAGCAGCAGGTACGCCGAAGCGGCTGCGGCGTAAGGCAGAGCCCCGTTCTTCGCAGGAATCCCGCCCAGTGGCGACGCGACCGGCTTATCCGGCGTTACTCTCTTTGGCTGCTTGGGCTGCTTTGCTGACTTTTCTGGCATTATGATTTGGAACGACGTTAGGACATATCAATCTACAGGGAACCACTAAAAAGTGTGATGAGCGATCATAGCATCAAGCTCCATAAAGGAGCGAGAGTATTGAGACGCGGACGGAGCGGAGAAACCGGAGTGTACAACGGAGTACATGAGGATTTCGAGCACCGACCAACGCAGCAATTTGTTTGCGCAATAGCTTTTTAGTGCTTCCCTAAAATAAGCTCCCTATCCTCTGCTTCCAACCTTAACAGCAGGATCAGGGCAAGATAAACGGCGGACGCGATTACGACGCCGGTGAGCGCCGCAACCGCCGGGCCGAGCCCGAGCAGCCACGGCCTGCAAAGCCAGAGCAATATGGCGCTGCCTGCCCCTGCCGCCGCTGGTTTCCAGAGCGCGGCGGAGAAGGAACTGACGCCGAGCACCCTCGACACCTGCAGAAACCTGAGCGCGGAGAGCAACAGCATGGCGCCGAGCGAAGCCGCAGCCGCACCGGCGGTGCCGTAGAGCGGAATGAGCAGCACGGAGAGCACCACCTGCACCGCAAGCGCGGCGAGCGCGTTCAGAAAGGTGACCCGTGCATGGCCCGCCATGGAGAGCACGGTTCCGGCGATACCGCCGAACGACTGGGCGAACGCGGCTGCGGCAAGCAGCGCGAGCGCCGGAGCGGAAGCGGAAAATCGGGGCCCGAAAAGCAGCAGCACCGGTTCGGGCAGCACCATCAGAAAGAGCGTGGCGGGAGTGACGAGGAGCACCATCCATCGGGTGACGAGGCGGTAGAGCCTTCCGGTTTCGGCACTCTCGTCCCCGGCCTGCAGGGCGGCCACGAGCGGGGCGGCGATGCCGGAAAATGCCGGAAGCAGGGCTCTGAGCAGCCCCGCAGTGCGCGCGGCGGGCTGGTAGAGGCCGGAGAGTACCGGGCCGCCGAGCATGCCGAGCAGAAGAATGTCGAGCCAGTAGGCGATCATGCTCACGAGCGAGACCCCGAGCAGCGGAAAGGCGAAAGCCTTCATCCGGCGATCGGCCGGCGCGCCGAGCACCTCCCTGATGCCGGTGCCGGTTTTCAGACGGAGCTGCCGCCAGATCCAGAGGCAGGAGAGCACGGAGGCCGCCGTATAGGGCACGAGCAGCGCCGGGCCGGGAGCGTCGACAAGCGCGAGCAGCAGCGTGAGGGCGAGCATGGCGACGGGTGCGATGATCTGCGTGGCCACGATTTTCGGCACGAGGTCGCGGTGCCCCTGCAGCGCATGGCCCGCAACCGTGGCAACCACGTTGAAGGGCACAGCCACGGCG
CP001097.1_gap63	2576919	2579346	2427	CTCCATCCTCTACCCTGACCCCTGTAACCGGACAGATATCCCCGTAAAGCAGCGGTTTGAGACCCGTCAGCCGCTCCATCTGTTCGTTTCCGTTCGTATGATCGGCATGGCCGTGCGAGGAAAATACATAGCGGATGCGATATCCCTGCCGAACAGCGTATTCGGCAATGGAACACGGATCGTAAGAAGCATCGACGATCAGGGCGTCTCCGGAGGGTTCATCAGCGGCAAGATAGCCGAAATTCCTGTCGCCTCCGGTACGAAACTGCTTGACAAACATAACGGTATTACTAAGCCTTTCAGGCGGTTTTTTCAACATTCATGAGAAATGCCCTTGCAGGGAAATCCCTGTCGACGGCAATAGGGTTCCGTTCGAGTTCCTCCATGATCGCATCTGCCTTGTCGTCATCGAGCACGGCAAAGCAGAGTGATGAATAGGTGCCGATCATCTCGTCAGAGGGCCACCATGGCTGCTGAGCCCCTTCTTTCCGGTCACAGTTACATCCCCTGATGGATACGTTGCTGAACATATGTACCTGAAACCTTCTGAAAAGACCGCGTACCATCGGACGGGTCTCCTCATGTCCCATAATAGCGATGAATTTCATGACTTTTTGGCCTCCTGAACCGTTTTTTCCGACTTCTTTTCCGTGATATAATAGACCAGAGGAACAACCACAAGGGTCAGCACTGTCGAGAGAATTCCTCCCCAGATCATCGATATGGCAAGCCCCTGAAAGATCGGATCGAAGAGCATGATCACCGAGCCGATGACAACCGCTCCGGAAGTAAGAATGATCGGACGGGTCCTCACTGCGGCAGATTCAATAATCGCCTGTTTAAGCTCCGTTCCCTCCTGGCGCCGTATCTGAATGAAATCTATCAGCAGCACCGAATTTCTTACCATGATTCCGGCCAGTGCGATCATGCCGATCATGCTGGTCGCCGTAAAGAATGCACCGTGAATGAAATGGCCGGGAATGATGCCGACAAGACTCAGCGGAATGGCGATCATCATGATGAGCGGCGTCTTGAACGACTGGAACCAGCCGACAATCAGCAGGTAGATGATGACGAGCACAACAGCGAAAGCCGTTCCGAGATCCCTGAATACCTCAAAGGTGATCTGCCACTCTCCGTCCCACTTCATGGCAAGCTTGTCCTCGACAGCGGGATTCGAGGTATAGAGAGGATTGATGCTGTAACCGCCGGGAACCTTGATCTGCTGGATTTTTTTATCCATATCGAGCATCGCATAGACCGGACTTTCCGTCGCTCCGGCGACATCCGCCGTAACATAGAGCACCCTGCGAAGATCCTTGCGGTAAATGCTCTTGTCCTGGATTTTTTCTTCGACCCTGACAAGCTCCGAGATAGGAATCATCTCGCCTGCACGAAGCCTGGTGGTCAGAGAACCCATTCCCTGTGACTGGACAAAGATGCCGGAAAGATCCCTGAGCGAGGTACGGTCCGACTGAGGCAGCCGAACCTGAATCATAACCGGTTCCTTAACATTATCCGCATGCAGCACACCGACATCCATGCCGCTCAGCGACATGCGGAGCGTCTGGGCGATCTGCTCGGTGGATACGCCGCGGAATGCCGCCCGTTCCTTGTTGACTACCAGATTGTAGACCTTCTGATCGTCCTCAAGAAGCCAGTCAACATCGACCACTCCCGGAGTCTCGGCAAACACTCGCTTCACCTCTTTTGCCAGTGCAATCTGCTCCTTCTGTGAAGGACCGTAGATTTCGGCAACAATAGTAGAGAGCACCGGAGGTCCTGGAGGAATTTCGACAATTTTTGCGTTTCCCCTGTACTTCAGCGCAATCTGCTGAACGCCGGAGCGAACCCTTTTGGCTATATCGTGACTCTGATCCTTTCGTTCTCCCTTATGGACCAGGTTAACCTGAATATCGCCCATGTTGGCGGCCTGACGCAGATAATAATGGCGCACAAGTCCGTTGAAATTGATCGGGGCGCTGGTACCGACATAGTACTGGTAACTGCTGACCTCCGGGACATTTTTCAGGTACGCGGCGATCTCCTTGGTGACCCTTGCCGTCTGTTCAAGAGCTGTGCCTTCAGGCATGTCGACGATAACCTGAAATTCGTTCTTGTTGTCGAACGGCAGCATCTTCATCTGCACAGCCTTGAGCGGAATCAGAATGATCGCCCCGACCAGCAGAAGCCCGACTCCGGCAAATGCGATCAGGCGCATAAAGCTGTTATCGAGCAGCGGAGAAAGAATATTTTCAAAAAGTCTGTAGTAGCCGGTCTTTGTAATGTCATACTCGGCGTGCCCTCCGTCCTCGACCTTCAGCAGCCTGTAGGAGAGCCACGGCGTTACGATCAGGGCTATCAGAAGCGAAAAGATCATAGCCAGCGAAGCGCCGATCGGCATAGGACTCATATAGGGGCCCATCA
CP001097.1_gap64	2593911	2595282	1371	GTGCGGCTTTTGCATACGCCCTGTTATTATAAGCCTCGACAAGCTCCGCATTGAGAATCAAGGCCTTGTTGTAATCCTGCACGGCTCCATTGAAATCACCGGTGGCAACCCTGGCATTACCCCTGTTGTACCAGGCGGCATCGTACCGCTGATCCCGCTCGATAGCAAGGGAAAAATCACTGATCGCGCCTTTCGGATCACCGCTCATGCTTTTTGCAAGACCCCGGTTATTGTATGCCCCGGCAAGACGAGGATTAAGCGAAATCGAACGGCTATAATCAGCGATGGCCCCCTTAAAATCCTGAAGAGCCGATTTAGCCGTTCCCCGGTTGTTATAGAACTCCGGAACTTCAGGATCCAGTGCGATCGCTTTTGAAATATCTTCAACCGCTCCGCGAAAATCTCCAAGCGAGGCCCTGGCGAAACCGCGATTATTATGAGCGCCAAGCAACTTCGGGTTAAGCTCGATTGCCCTTGTGTAATCGGTTATCGCACCCTTGACATCGCCTCCAAGCGATTTTGCAAGTCCCCTGTTATAATAAGCTCCCGCATTTTCAGTATCGAGAACAAGTGCCTTGCTGAAAAAGTCAATAGCCTCCCGCACATTTCCTTCACGCCCCTGCTCGATGCCGAACTCGATATACTCCTCGGCAGTCTGTGCCACAGCCAACGCTGTATGCAGAAAGAACATTGCCGCTGTAGCAATGGATACGCGATGAATAATATTCATAAAAATAAAAACAAATCCCTGATTAAACCCTCCATAACTGACCACCTAAAGTAGCAAACCCGAGAGAAAAAGCGCTGTTTTTTCTTTGAAAAATAGCCTTTCGGAGGCACTGAAAGCTACGCCATAAGCGGCTTTAGCGCTAAATTTGCATATTTATGATTTTATTCCCTATATTTACGGGTATCCAACTAATGGATATTTAGTGAAATCTTATTCAATATACCTGTTCTTACCTGTCGAAGTTGTTTAAGGGACAGTGTTCTAAACCTTAGCATTATGAGACATGAAAAACGTTTCTTTACTTTTTCTCTCTGTGCCGCACTGATCGGTTTAATTTTTTCTGCATGCCAGACCAGCATGCCGCTTTCGAAATGGTCAAATTTCCCTGAAGTATCTTTTCAATCCATCGCTCAAGCCTCTACCGGATCGAGCAGAGCGAACAACATGTTTCTTGTTTCGGAAGGCAAGGCATCTTATTACGCGAACCAGTTTCACGGAAGAAAAACAGCGAACGGCGAAACGTTCAACATGAACGAATTTACCGCAGCACACCCATCCCTTCCTTTTGGAACCTGGGTGAGAGTTACCAACCTCAGAAACGGGAAAGATGTCATTGTTCGTATTAACGACCGAGGCCCCTT
CP001097.1_gap65	2656463	2660443	3980	GGAGCTTCGGCAAAGTACTGTTCGGGAAGAACCCCCCTGAAAAGTCCATGCATACCGGTTTCCGGATCGCAGACCGACATGGCGCCAAAGGTGTCGCCATGATAACCTGAACGGACGGTGAGCATCTTTTTTTTCCGGGGCTGCATCAGACTTTCCCAGTACTGAATCACCATTTTAAGGGCAACCTCTACGGACACGGAACCCGAATCGCAGAAAAACACCCTGTCAAGCGGTTCGGGGGTAATCGCTACCAGCTGCTTTGCCAGATTCACTGCAGGTTCATGAGTAAACCCGCCAAACATGACATGGCTCATACGCTCAAGCTGTTCTCGCACGGCACGGTTCAGTTCGGGGTGATTATAGCCATGAATCGCCGCCCACCAGGACGACATGCCGTCGATGAGTGTTCTGCCGTCAGCAAGTTCGATATGCACGCCCCGCGCTCCCGCAACGGGATAGACAGGCAGCGGATTACTGATTGAGGTATAGGGATGCCAGATATGGCCGCGGTCGAATGCGGAGTCGATACCGTTCATACGTGTTATCTGCAGGCTTTATTTTCCGGATTCCAAACCAAGAAGTTCCGAAGCATACTCTTCAAAATCATTTTCGGCAAGAGTGACAACCGGCGCAGAAAGCCCGTACCGGCTCAGAAAATGACGGATGGTCCCGATCGCATCATCGCCGATCAGCTTATCCGCTTCCTGAAACCGGTTGAAAATGACACCTTTCAGAGTAATCCCCCGTTTCATGCAGGCCTCGATGGAGAGCAGGGTGTGGTTGATGCTGCCAAGCCGTGAAGAGGTAACCAGCAGAAGGGAATAACCGGCATCCCGAATATAGTCGGCAAACAGCAACTCGTCGGTCAACGGAACAAGAAGCCCGCCGGCGCCTTCGAGCAGAACGGTTCGGTACCGCTGCTGCAGCCTGAAGGTTGCCCGTCTGATGGTCATGAGATCGATTGTCCTGTTTTCAAGTCCTGCGGCAAGATGCGGCGATGCCGGATAGGCAAAGAGATAGGGACAGGTCAGTCCCTCACGATCCTCTTCCAGAAGTCCGCACCCCATGAGACGGCGATGTTCGAGAATGTCTTCGGAGACTCCGCCGGGGCTGCCGGTCTGGACGATTTTCTGGGTTATGACCGATTGGCCGCAATCAAGCAGTGCTCTGGCCAGAAGACCGGTCGCTATGGTTTTGCCCGTACCGGTATCGATACCGGAAACTGCGATTACGGTTCCTCTCATGATAATGGTTTTCTGAAACAGCCGTAAACCGGTCGGTAGGTAAGATAAACGCCATTCTCACAGGAGTAAGCCTCCCGGTAACGATGCAGAAACTGTTGATACCTCCCTTTTGTCCAGGCACGTCGCACTACTCCGTTAACTCCGGTTTTCCGGATATGGCGAAGCACCTCTCCGGGTGAATCGAATGCTATCCGTATATGCTCCTCTTTGGATGCGATCTTTTCAAAATATCTGCCGGCAAGGGATTCAAGAAATGAAAGATCCGGGTAACAGAGGCCGGTCTGTTCGATAGCGGCAATTTCACGCATATTCCCGGCAGTGAAGGTACTGAACGCAAAAATACCTCCAGGCTTCAGGCAGCAGGCCATCTTCCGAAAAAATCCGTCAAGATCCGAAAACCATTGAAGAGTGGCATTCGAAGCGACAAGATCAAGTTGTCCCGGAAGCTCCTCAAGAGTCTCGATGTCGCCGGAAAGAAACGCAAAACTCGCCGGAGAGAGCCGGGAAACCTCGAGGACAATGTGACTGCGGCTTTCGGCCACCAGATCGTTGGCTATATAGGTTTCGACACTGCAGCGATCGAGAATGGCCGCCGTCAGCGAACCTGTCCCTGCCCCCACTTCAAAAACCTTTCCGAACGATCGGAGAGGCACTGCACCGCAGATCATATCGGCAAGCACCAGCGCCATCTCCTGCTGTACCACGGCATGCTCCCGGTATGAACCGAGAGCTTTGGAAAACCTCTCGCGTACAAGCTGTTTATCTATCCTCTGCTGCATTCGAGCACCTCCTGCAGACTTTCAAGGTGAAAAAACGGATAGTGCGGCATATCGGCAATAACCGTTTGCGCATACCCTCTCCATGCCGCAAACTGGCATGAAGGAGAAAAAACAAGGTCCTTCCCGCCAATGATGACGTGATCATACCTGAAACTCTCCGGACTGCCGGGGGCGTCTAACCTTGCGGCAAAAGCGGCAAGCTCCTCTTTCTGACAGACAGAACTCCTCCGCGGTTCCAGGGAGAGAAAGTGATCAAGAGCTTCACCGCCGCCGCACATTCTGCGGTTGAAACGGCGCCGCGCATTGTCACCGTAAGTATCGAGGGTTGCCTTGAACACATCAGGGGCAATGCCTGCAACCCTGTTGACCGGAGCGAGCGTACCGTTCAGGGCCACGGCATGCGATACCGGCGGCAGTGGCGCATGTGCGGCAGCCCAGACGCCGAACGACCATGCTATAACCGTCAGCCGTTCATAGGATCGCATCGCATCGCAGGTTCCGGCATCGATCTCCGCTGTGCGATAGTCATGGCAGGCCAGCAGATCGAATACCGGGTTATAAGGCAATGACAATGCAAGATGGTCGGCAAGAGTACGATCCATCCCCCAGCCGGAAAAAAAGAGCAGCAGTTCCGTATTGCCCTGTCGTATTATCCAGTCGGTTTTCACAAGAGGACTCCGCTTATGAGTTCCGGAATGTGTTCAAGATCCTCCCACTCCAGAGAGGCCCTGAGCGAAAACCGAATCCTTGCCCGGTTTTCAGGTACGGTCGGAGGACGTACCGCCATACCGAGCACTCCCGCTTCACGAAGCTTTGCCGCAATGCAAAGAGCCCTCTGGTTCGTTCCCGTTATAACCGGCACGATGTGGCTCTCCCCCGGCACCTCGAATCCTTTTTCGACAAGAGCGCCCCGAAATATCGAAGCAAGCTGCAGCAGCCGGGAGCGATCGCACTGCATGGCCGACTGACGATGGAGTGTCAAAAGGCTCCAGGCCAGTACCGCAGGCGGCAGCGCTGTGGTGAAAATAAACGGGCGCATGGTGTTGACGAGATAATCCCGGATAAGTTCATTCATAACGGCATAGGCACCGGTTGAAGCGAAGGCCTTGCCGAAAGTTCCGACAATGATATCGATCTCTCCGACTGTGCCGGAGCTCTCGGAAAGACCGAGACCTCTTTCACCGAACACCCCTGCGCCATGAGCTTCATCGACAATCAGTACGGCCCCGTATTTTTTTTTCAGTGCCGCAAGCTTCGGCAAATCCGCAAGATCGCCATCCATGCTGAAAACCGATTCGGTAACGATGAATACCTGACGGTATTTTCCGACAGCTTCTTCAAGCAGCTCTTCAAGATGCTCAGGATCGTTATGACGATATCTCCGGTATGCCGCCTCGCAAATGCGGGAGCCGTCAATGATACTTGCATGATTGAGTTTATCGGAAAGTATCAGGTCGTGCCGGCTGGTCAGGGCAGGAAGAATACCGGTATTGGCATGATAGCCGCTGTTGAAAACAAGAGCAGCCTCGCGGTTGTAGAGAAGAGCCAGTTCACGCTCAAGCTGCTCATACAAATGATGGTTGCCGGTCAGCAGCCTTGAGGATGAGCTCGTCATGAGATAGTCCTGTTCGAGAAATGCGGCGGAAAAGGCTGCGCGCAGAACGGAATCATCACCAAGACCAAGATAATCGTTCGAGGAAAGGTTCAGAAGAGACTCTCCCTCCACCATTATATGCTTTCCGTAGCGCTTTCCGGTATTCGGAAGCACTCGGTAACGATCCTCATTCCGAAGTTCATCGAGACGGTTGCGGATAAAGGCATAAAACGGCATGACGCTCACCCCTCCGTGAAACTTTCGAGCTGACGGCCAAGCTCCCGGTCTGCATCGATCTCCCTCCCGCGGGTAGTGAGATAGCCTCCGGTCAGAAAGCCGTTTGCGCCTGAGAGCATGAGCAGC
CP001097.1_gap66	2670943	2675063	4120	CTTTTGGGACCGGCAATTGCAGGCTCGACGAGCGAAAGGTCGAGTTCGAAAACCCTTGAAAAAACCGGATCGCTTCCCGGCTCCCTCCAGAGGCCCTGCTCTTTGCAATACCGCTCGACCAGATCGCACCGATCCTTGCGGCCGGTCATCTTCAGATAGTCGAGCGTTAGGAAGTCAACCGGAAAATAACCCATTGTGGCTCCGTATTCAGGCGCCATATTGGCGATAGTGGCCCGGTCGGGAAGGGAAAGGCAGTCAAGGCCTGGCCCGAAAAACTCGACAAAATCGTTGACGACGCCGACACGGCGGAGCATTTCAGTAACGGCAAGCACAAGATCGGTCGCCGTCGCCCCTTCCTGAAGTGCCGAATGCAGCCGGACTCCGGTAACACGAGGCAGGGAAATTGAAAGCGGCTGACCCAGCATGACCGCTTCCGCTTCGATCCCTCCCACTCCCCATCCGGCAACACCAAGAGCATTGATCATGGTGGTGTGACTGTCGGTACCGACCAGCGAGTCGGGATAAGCCATTTTTCCGTCGCAAATTATAACTCCGGAAAGATATTCGAGGTTGACCTGGTGCACAATGCCTGTGCCGGGAGGAACCACCCTGAAATTTCTGAACACTTTCTGTCCCCACTTCAGAAAAGCATATCGCTCCCGGTTTCTGTAAAACTCCATTTCAAGGTTGCGGCCAAGGGCATCGGGAGATGCCGAAACATCCACCTGCAGCGAATGGTCGATCACAAGATCGCAGGGCACGAGAGGGTTGATCAGTTCAGGATCGCCGCCAAGCTGCAGACAGGCTTCACGCAGGGCGGCAAGATCGACGATCGAGGGAACGCCGGTAAAGTCCTGAAGCACCACTCTGGACGGCCGGAAAGCGATATCGGCCGCACCGGCCCTCGATGGCTCCCAGGAGGCAAGAGAGAGGATATCTTCTACGGAAACTGCATAGTCATCGCAGTTCCTGAGCGCGGACTCGAGCAGGATTTTAAGGGATTTCGGCAGATGAGGCACACCGTAAAATCCGTTTTCTGCAAGCGCCGGCAGTGAGTGGCAGGAAACAGGCCCCTGAAGGGTCTGAACGGTGCGCAAGGTATCCTTCGGGTCGATAGTCATCATAGTCTCTCAAGCGTCAGGAAGGTTGCCGCGACAAGGATCATTCAGCCGTGTTGTGCTGCCTCGCCGGGAAATGGCGGCCAACCCATCTTTTTCCCTCCGATGAGATGACCGTGGATATGAAAAACGCTCTGCAGGGCATCCTCGCCGTTATTGAAAACCAGGCGGTATCCTGAAAAAAGCACTCCGGTTTTTTCGGCTACGACTCGGGCGGCAAGCAGGATATGACCGGCAATATCGAGATCTTCAGGCTGCAGCTCGCTCAACGATGCTATATGTTTTACCGGAATAATCAGCACATGCTGCGGAGCGGCAGGAGTTATGTCACGAAAGGCGACAACATGGTCATTGCGGTAAACAACCGTTGCCGGAATCTCTCCGCGAACGATTCTGCAGAATAGACAGTCCGGATGGTTATGCGATGTATTCATGACAGCAACTCCTGCTTTTTGGGCGGCGAAAGGGCCGAAAAAACGGCATGCCCGTTATTTTATTTCTTCCGACACGGCAAGTGTGGCTGTTCCCTGATCAGCCATAAGAAAAACGGAGACAGCTCCTTTTGTCGCGTTAATCGAACCTCCGGCTCCCCTGTCCGAGGTAACCAGAGTGAGAACGGTCTCAAAGCCTCTCTTTTTCAGCTCCGCGTCATACTCTCTGATGCTGTTTTCGGGAATATTTTCGCAGGCCACTGTCCACCCTCTGGCTCCGGAAGTTTCCGTGCGCGTTACGGCCTTGACTGTACCATAGGAAAACTTCGGTATTCCGGCCGGCATATCCGCAGGCCATGATGCATGTTCCGACTGTACTTCAATTTTCTTCCCGTCGGACTCGATAGACATCTTTCCGGTGGCGGTATTCAGCTCGACATCGTTTCCGGTCGATTGCTCGATGGATTTTTCAAGAATCTCGTCTTCGATTTTTTTCTGGCAGGAGGAGAGCGAACCGGCAAGAGAGAAAACAGCAACAGATATTACGGCCGTGCGAAAAAAGGATTTGCGCTGCATGGGAAATGGTATCGTAATGATAAAAGGATGCGGCAGTTAAACTTCACCCTGTCAATGTACGCAATTGGAAAACAACAAGGAACTGATCCTGGAAGGGTCATTGCCTGCTTACCCTTCCGAACTGCGGGCTGCATTTCCGGAATCCGCTGACGCAGACTCTCCATTGAGTGGAGATGCCAGAACCTTGTCGATCCGCTTGCCATCGAGATCGATGACCTCCAGTCTCCATCCCTCCCATTCCGTTACATCCCCGGTAACGGGCATTCTGCCGAGAAGCCACATAAGAAGTCCGCTCAGCGTATGGTAAAGCCCTTTATCCTCTTCAGGAACGCTTTTCAGATCAAGCGAATCCTTCAGTTCGGGAACGGGAATCATTCCGTCAAGCAGCCAGGAGCCATCTTCTCGCTGCACTGCCCATGAATCTTCGAGATTACGGGGAACAAACTCGCCGGTCACCGCTTCCAGAAGATCCTGCATGGTCACCAGCCCCTGAATTTCTCCGTACTCGTCAACGACAAACACCATCTGGGTTCCCGAGAGCCTGAAATGCTCGAGCAGCTCCATTCCCGTCAGGGTTTCAGGCACATAGACGCAGGGCTGAAGCTGTGCAGCGAAATCCGTAAGCCCCCCTTTAAGCGTCTGCGCCAGGAGCTGTTTGGCATTGACCACGCCGAGCAGAGACTGCAGCCCCCCCTGACAGACAGGAAAACGGGAATGTTCAGAACCGGTCACCCGATCGATATTCTCTTCCAGCGGAAGGGCCACATCAAGAAAAACGATATCAGCCCTCGGCACCATAAGGGTTCCAAGCTGCCGGTCGTCCAGCCTGAAAACGTTGCGCACCATTTCATGCTCCTGCTGTTCGATAATCCCTGCCTCCGAACCCTCCTCGAGCATGGCGTGAATCTCCTCTTCGGTTACACTCGTCGAAGCATGCGGATTTTTTCCCATCAGACGAAGTATCGTATCGGTGGAAAACGAAAGCAGACGGACAAAAGGACGGGTAAGCATTCCAAGGGCGAGCATGGGTCGGGAAACAAGCCTTGCAATACCTTCGGGATTGAACTGGCCGAGTCTTTTAGGTACCAGCTCACCAATGACGATAGTCACATAGGTTATGGAAACGACAATCAGGGCTGTCGAGAGAATTCTGCTGATCTCACTCTCCATTCCAAGAGAGCGCAGCCAGAGTGAAAACGGTTCGGCAAGGGCATTCTCACCGACGATACCGTTAAGAATACCGATCGAAGTAATGCCGATCTGTATGGTCGAAAGAAATCGTGTCGGCTCCTGACCGAGCTTGAGTGCAACATCAGCTGCTTTATCGCCCTCAGCGGCAAGCCTCTGCAGCCTGGATCGCTTTGCCGTTATCAGTGCGATCTCCGACATGGCGAACAGGCCGTTGAGAATGATGAGAAAAAGAAGAAAAAATATTTCCATAAATGGCGATTTGAACCTGCGAGCATCCTCTCAGCGCTCCGCTCCCGGAGGCTTCAGGTTATATCCTGCTCAGAAGATTCTCATTCAAACGATATGTTACTTTACAGAGTTTATAATGTACGAGTGTTATGTACTACAACTTTATATACTTATTTCCAAACCATAATCATTACGGAACGGTTACAATTGCTTCAGCTCAAAAAACGGTCGGTTCTCTTAGCGCAAACGTTTTAACGACTTTAACCTCCACTCCGGAGAAAAGGTTCATCATTACGCTCTTATCAGGGCAAAAGAGTCCGAAGCTGACTGTGCCGGGTTTGAAAATCCTGCTTTCCCCCCTATTTTAAGCATATACCCTTTTTTTCGACAAATCGACATCCGGAACATACCATGAAAAACACGATCCCCCTTTACAGGATCATGATTCCCCTTCTCATCCTGCTTGTCTCCGCCTGCGGCGGCAAAAAAACCGGAACGGTTACCGACAGCGAAGGAAAAGCCTATCGCACCGTATCGATCGGGGAGCATATCTGGACAGCTGAAAATCTCGATGTA
CP001097.1_gap67	2762681	2763181	500	GTCAAGACGTAAAAGAGCAGGGTTCAGAAAATCAACGACCTTCACGGGCTCCAAACAGCTATTTCGTCGCAGTACCCATTTCACAGCTTACGGTAAGACGGTGCCGACCCTTAGCCCTTCTCGATGCAAGAACCCTGCGTCCGTTTTTTGTAGACATCCTCAATCTGAATCCGTGTTTGTTCCTTCTTTTTCTATTGCTTGGCTGAAATGTTCTTTTCATCGCTGATTACTCCAGACGTTATGAGAAATAATGTAAAAATTATAGGCCTGTAATGTAGCACATTGAATAATTATAAACAAATAAGCGAACGCACAGCAAAAAATGATGCAGAGACTCCTGAGGAACGAAAGAATAACATCTGCAACAAGTTATCAACACTGTTGATAACTTGTTGATAAAAAAATTTAACCGCCAGAGCAATCAGAGAAGACGGGCCTTCCGTCCCGGCAGGAGATGTTGACAAGATATAACACGAAAAACCATAACTAACAATAATAAA
