gap_id	start	end	length	sequence
CP001080.1_gap1	83239	85735	2496	GCAATAAAGCCCACAGAAAATGGAGCTATAATTGTGAAAGCTCCTAAAAAAGCAACGAATAAATTAATCATTGATGTCATTGAACAACATAAGGATAGAATTCTTGAAAAATTAAAAGAATTGGAAAAAATCAAGGAAATTAATTTTAAACAGTTTGTTGCTGGTGAAGAATTTCTTTATATTGGTAAAGCTTATAAACTCTACATCGTAGAAAATCTTGAAACTCCGTTAAAATTTCAAGATGGATTTTATTTATCAAGGGATTATCAAAATCAAGGAAGAGAAATATTTACTGATTGGTATAAAAATCAAGCCAAAATTATTATTCCTAACAGAGTAATCCATTGGGCTGGAAAATGTGGATACAATATTAAAAAAATAGGAATAACCAATGCTAACAGGCAATGGGGTTCATGTTCAGCAAAAGGTAATTTGAATTTTTCTTGGCGTTTAATACTAGCACCTTTAGAAGTGATTGATTATGTAATTGTTCATGAACTTTCTCATTTAAAAGAACTTAACCATAGTAAAAATTTTTGGAATAAGGTTAAAAAATGTATGCCTGAATATAAAGAGTATCATGATTGGTTAAGAAAAAATAGTTTTAAATTAAAGTTTTAAGTAATAAATGTTTGCAAATGATAAAATTGAGTATTAAATTAATATGTATGAAAACCATTAAATTGTAGGGGGATATGATGGCTGACGAATATCGTGAAGAATCTCAAGAAGAACAGCGAAAACCAGAGCCAGACCTAACAGCGGTTTTTACCGGTTCCCAAGCCTTAGAAAAAGCTCCGGAAATCTATGGAGTTCCAACAGGAATTGAAGGCTTAGACGATTTATTTTTTATTGTAAAACCAGTCAAAAAGAAATTAGAAAAAGTGTCATTAAAGGGAATCCCATCGTATTCTGTAATGAATTTAACCGGTGTATCAGATACAGGAAAATCTCTGATGGCAGAACAGTTTACCGTTTTCCGTGCAAGTCAGGGTGATAAGGTAGCATTTATTACTGTTGAATCTCCGGCTAACTTTGTTGTTGCTTCTTTAAAGCTAAGGGCAGCGGCTATGGGATTAAATTTTGATGATTTTCAAGACAACATAATTTTAATCGATGCAGCCTCTTCGACAAGAATAAGAGAAAATGTGCCGGATCTACTTGCTACTTTAGCTTATGTTATTAAAACTTACAAAGTAAAATTTACAGTTATTGATTCAGTAACCGGTCTTTTTGAAAACAAAGAAATGTTAGCAAGGGCAATAGTTAGAAGATTATTTAATTTTATGAAAAAATGGTATCAAACCGCTATCTTTGTATCTCAAAAGAGAAGCGGTCATGAGGAGTTAACAGCTGAAGCTGCCGGTGGTTATGCAGTAGGTCATATAGTGGACGGAACTATGGTTTTAGCTAAAGAGTTAATAGATTCTCCATATAAAGCTAAAATGTATAAAAAAGAAATAGGAGATATTGTTAGATTGTTTAGAATTGATGGTTGTAGAATGTCTGGACATGATACAAGAACACATTTCCTTGAAATCACAGAAACAGGATTAGTTAAAATAAAAGAACCAATAGGAGGTTAGAAAAATGGTTATTGAAATCACAGGATTGCCACCAACAGAAATTAATGAGAAAGATTTAGAACATCTTGTCAGTAGAGTATTCTTCAAATCTATCGATTTACTCGGTGGCTTAAACAAACTAACAGAGTTTAGAACATTAACATGGCTTCCAAGCTTAGCAAGGTCTGCTTATGTCATAGTTTTAAGAGAAGAGTATCTAAAAATAGAAGAAGAAATAGCTGAAAAGGTCGGATTAACAAAAAACACTGTAAGAAATATTTTAAGAGCTGACCCAACCTTAGCAATGGAAAAAATAAAGAAGATGGAAGAATTAGCAAAAGAAGAAGCCAAAGAATTAAGAGTTCATACAGCTGGCGGTATTGCTAAACTTGCATTCAAAATGGTCAAAGAAGGTAGCGATGCAGAAACATTAATTCACTACTGCAGTATTACAGCTACAGAAGTTGCTCAAGCTCTTGAAGTTCCGTGGGCTTATACAGTGTTAAAACATATTAAAGGTATTAAATATCCAATTCAAGATGCTACAGCATTAAAAGAAAGACTAAAAGGAGTAAAAATTAAAAACTACTCCGCAGAAGAAGTTTTAGATAAAGTACACTATCCTATAAAAACACCGGCTCAACTTTTACATGAGATTAAATTAGCTATTTCTGGAATGAACAGTTAATTTAGTTATTAATAGAAGATTATTAGAGTATAAGAGATATTTATAACAAGATAGTCCAAGAGTTGCTATCTAAGATAAATTATAAATTAGGCACCTCCTATAGAAGAAAACTTTAAATATTCTATAGGAGGTGTTATGAGAAACTCGTTTTAATCCATTGTAGAATTGACGGTCTGATGAAAGTTATAAAGTAAAGATTTAATAAGAATGTTTCAAAATTCTTGTAAGTTTATTCTTTTGTCA
CP001080.1_gap2	165095	169118	4023	ACAAAAAGTTAACTTTGTTGTAGCAGTATCAAAAGAGTTATCAGAAAACTATAAAGCCGGCGATATTGTTAAAAAAGTTGCTTCTGCCGCTAATGGAAGTGGCGGCGGAAGACCAGACTTTGCACAAGGTGGAATAAATGACACATCTAAATTAAGTCAGCTTTTTGAAGAATTTAAAAAAATTTTTAGCTAAGGAGGTTTCTTATGCAAGGTGATCCAATGGGTGGTTTAATAAGTGCTATAGTATGGATGGTTTTATTTGTTGGTATATTCTATTTCTTAATTTTAAGACCACAGCAACAGCAGAGAAAAAAACATGAAGAGTTTTTAAAGAATCTAAAAAAAGGTGATAAAGTAATCACAACCGGCGGGATTATTGGAGAGATAAAAAACATTGAAGAAAAAACTGTTTCATTAAAAGTTTGTGAAGGCTGTATAATAAAAGTTTTAAAGCCATCAATAGCTTCTTACTATCAAGAGGAAGCAGCATCACAGGAAGAAAAGGGATAAGATAAATGGCTATTCCGGGCTATCAAGATTTAATGCTTCCTTTACTAAAGCTTGTTTCTGACGGCAAAGAGTATTCATTAAGAGAAATTATTGAAAGGTTAGCAGAAGAATTTAATCTTTCTGAAGAAGATAGAAATGAATTTTTACCATCAGGACAACAGAGAGTATTTGATAATAGAGTAAACTGGGCAAAAACATATTTATTAAAAGCTGGACTGTTAGAAAGTCCAAAAAGAGGTTATATCAAAATATCTAAGGCGGGAAAGCAGTTTTTAGTTGATAATCCCAATTTAAACAAATTAACAAAAGAAGATTTGATGCAATTTGAAAGTTTTAGAGAATTTATAAGTAGAGGAAACAAAAAGAATATGGTCTTGCATATTGATTCAGAGACTCCAACGGAAATAATAGAGCAAAAAATCCAAGAGGTTAATGAAGCATTAGCGGATGAACTACTTAGAAAAATCAAAGGCTCATCACCAAAATTTTTCGAAAAATTGGTTATAGATTTACTTTTAAAAATGGGATATGGTGGTTCTGAGAAAGAAATGGCTGAAGTTGTCGGAAAATCTGGAGATGAAGGAATAGATGGAACAATCAAAGAAGATAAACTGGGATTAGATGTTATTTATATTCAAGCTAAAAGATGGGAAGGTCCTGTCGGTAGACCAGAAATTCAAAAGTTTGTAGGAGCTTTAGCCGGCAAAAAAGCTAAAAAGGGTGTGTTTTTTACAACTTCCACATTTACAGATGAAGCTAAAGATTATGTTTCACACCTTGAACAAAAGGTCGTTTTAATTGACGGTAATAAGTCAGCGGATTTGATGATTAAATACAATGTAGGTATTTCTGTTGAGAAAGTAATTGAAATAAAAAGAATAGATTCAGATTATTTTGAGGAAGATATCATCTGATTTTTTGTTTATAAGTTAAAAATAGATGATGACATAACATATAAATGGAAAATGAAAGGAAATGAAAGGATTGTAACAAGGCTTGCAAGGAATGATAGAGGTTTAATTTAATGAGTGAAATTCATCCTCACGACCAATTTTTTAAACAGATATTTTCTGAGCCAAAGAGGGTTAAAAGCCTGCTTGATATATTTTATCCAGAGCTATCTCAAAAGATAGACTTAGAAAGTATAAGATTATTAAACAGTGAAAAATACTCACAGAAGATTGGAAAATCACTTCTTGACCTTTTGTATGAATGCAAAATAGAAAACGAAAAAAGCTTTATAAGAATCATTTTTGAACACAAATCATACATAGATAAAAACCTACCAAGTCAGCTTTTGTATTACAATGGCATATTATGGGAAGAAACAGGAGAGTATGAAGAGTATCCACCAATAATCAACATTGTCTTGTACCATGGTAAAAGAAAATGGAATATACCAACTATACTACCAAAAACTAACTCAGAAATTATAGAAAGATTTACAAACAAACTTAACTATCACTTAATAGACCTTTCAAAGGTAGCTGATGAAGAGATGATAAACAAGCTCTACATAGACTTTTGCACAGTGTCAGCACTTCTTACAATGAAGCATATTTTCAAAGATTTAAGAAAGTATAAACATATTTTAAAGAAGGTTTTTGAACACTATCAAGATGGTTGTGTTTTTATCATTTTAGATTATATTTCAGTTGTAAACAACCCACAAGAAGTTGAAAATGTATTAAAGGAAATCTTGGGAGGTGAAAAAGATATGATGACATTAACAGAAAAATGGAAAATGGAAGGAATAATTGGAGCTAAGAAAGAAGACATTCTTAAACTTATCAATCTTAAATTTGGCAGAGTATCAGAGGAAGTTGAAAAATTAATTTCAAACATTAACGACTTAGAAGAATTAGACAAACTCTTTACAAAGGCTATTTTGGCTAATAGCTTAGAAGAGTTGTTGAAGTGATATAATAATTATCAAAACAACAACTATTTACAGGAGGTTTTATGATAGACCAGCTTAGAGAATTTAAAAGAGATTACTACTGTGGAGATTTAAACGAATCAAATATAGGTGATGAAGTTAGACTTCTTGGTTGGGTTGACACTGTTAGAGACCATGGCGGAGTTATTTTTATAAATCTCAGAGACAGAGAGGGTATAGTTCAAGTAGTTTTTGATCCATCAAAAATTGGAGAAGAGTTATACAATAAAGCGAAAAAACTCAAATCAGAATACGTTATCGGTGTGAGAGGTAGAGTTTACAGAAGACCTGCAGGTACTGAAAATCCTAAAATGAAAACAGGAAACATAGAAGTAGCCGGTGAAGAGCTTTTAATCTTAAACACATCCAAGGCTTTACCTTTTCCAATAGAAGATAATATAAAAGTTAGCGAAGAAGTTAGATTAAAATACAGATATTTAGACTTAAGAAGACCATCTATGCAAAGAAACATAATATTAAGACACGAAGTATATCAAGCTGTAAGAGAGTTCTTAGCCGGAAATGGATTTATTGAAGTAGAAACCCCAATGCTTACAAAATCAACACCGGAGGGAGCAAGAGACTTTTTAGTTCCATCAAGATTAGAAAAAGGCAAATTTTATGCACTTCCACAATCACCACAGCTATTTAAACAAATCTTAATGGTTGCAGGACTTGAAAGATACTTCCAAATAGCCAAATGTTTTAGAGATGAAGACCTAAGAGCAGACAGACAGCCAGAATTTACACAAATAGACTTAGAGATGTCTTTTGTAACAGAAGATGATGTGATGACTTTAGCAGAATCTTTGATTCAGTATGTATACAAAAAAGTTCTTGGAATTGATATAAAAATTCCTTTTAGAAGAATGAGCTATGAAGAAGCTATAAATAAATATGGAACAGACAAGCCTGACCTAAGATATGGCTTAGAGCTTATAGATATTACAGATTTAGCAAAAGAGGTAGAATTTAAAGTATTTAACGATGTAGCAAAATCCGGCGGGCTTGTAAAAGGTATAAACATTAAAGGTGGATCTAAATTTTCAAGAAAAGAAATTGACGAGCTTACAGAATACGCTAAAAAGTTTGGTGCCAAAGGAATGGCATGGGTTAAACTTGAAAATGGAGAAGCTACTTCTCCAATCCTAAAATTCTTCACAGAAGAGCAAAAACAAAAGTTATTTAGCCTTATGGATGCAAAAGATGGAGACTTGCTAATATTTATTGCAGATAAAAAAGATATCACTCACAAAGTTTTAGGATTTTTAAGAAAGCATATAGCAGAAAAAATGAATCTAATAGACAATAGCAAATTAGAGTTTTTATGGGTGGTTGATTTTCCACTTTTTGAATGGGACGAAGAAGAAAATAGACTTGTTGCAATACACCATCCGTTCACAAGTCCAAAAGACGAAGATATAGATAGATTGGACGAAGCTTTAAACAGTCCAGAAATTGCACTTAGCTTTAAATCAAAAGCTTACGACATGGTTTTAAATGGTGAGGAGATAGGTGGGGGTTCAATAAGAATACATACACCTTACATACAAGAAAAAGTATTCCAGCTTTTA
CP001080.1_gap3	182486	186811	4325	TAAGTTTAAAACTGTATGTTTTATCTTTTATGTGATTTATTTCTGTTCCTAATTCTTGTAAAAGCTTTTTCATTGTATCTATATCTAAAAGGTCTGGAAGGTTTTCTATTATTACTTCATCAGATGTTAGGATGGTTGCAGCCATGTTAGGAAGTGCGGCATTTTTAGCTCCAGAAACTTCTAATACACCCTCTAGTTTATTTCCACCTTCTATAATTAATGCTTCCTTCAACTTAACATCTTCCTTTAACATGATCTTTCTCCTTTATTTTAGCAGGTTTTTTTATCATCTATCTAAATTTTTAATCGATAGTGCCATAAAATTTTTACTAAGTGGGCAATTCATGAATTGCCTCTACTCACTTTCTTGCTTTTTAAAATAGGTGATCCTTCAGACTAAAGTCCTCAACATGAAATGATGAAGTTAAACTTACAAAAATTTTAAAACAGCCTCGTTTTTAATCTCCTATTCTTTTAAACCTCTTACTTGCAATGATAACTCTATCAATTCCAGCCAAATCTTTATAGATTTCTATATTTTTATATCCGTTATCTTCTAAAATCAGCTTTACCTTTTCAGCTTGACCTATTCCAACTTCAAAAGCAAAAAAACCATCTTCTTTTAGAAAATCTTTTAAAGAATTCACTATCTTTTCGTAAAATTCTGTTCCTTCTTTACCAGAAATTAAAGCTTCTTTTGGCTCTTTTTTTACTTCTTTTTGAAGTTTTTGATAATCTTCTTCTTTTATGTATGGTGGATTAGAAACTACAAAATCAAGCTTTGGAAGGTTTAAAGAATTCATTTTTCCATTCATAATATTAAACTTAAAAAGTTTTAACCTGTCTAAAACTTCATGAATTTTAGCGCTTTTTTCTGTAATTTCTAAAGCTTTTTCTGAAATATCAATTCCTATGATTTTCAAGTTTTTTATATTTTTTAATAAACTAACAGAAATACAGCCACTACCAACGCCAACTTCTAAGCCGATTAATTCTCCCTTAGCGTTTTGCAACTTTTCAATAACTTTCTCTACTAAAATCTCTGTCTCCGGTCTTGGGATTAAGACACCTTCTTCTATGTAAAAATCAAGTCCAAAGAATTCTTTGTTTTTTGTAAGGTATGCCATAGGATAGCCTGAAGCTCTTTTTTCAGATAAAACTACTAATTTTTTTGCATCTTCTTCCGATATCTCTAAATCCGGATATGAAATAATGTGATGTTTTGGAAGGTTGAGAATTTTAGAAATCAGTATTAAAGCTTCATTCGCCGGATTTTCTATTTTTGATTCTTTAAAGATTTCTGTTATTTTGCTAAACAGCTCTTTTAAATTCATTGAAATTTTGGAAGCTTCCAATCATAGAGAATAGCTACGATTCTAAACATCAAAACAAGTAAACTACAAACGATAGATGCTACTGTTAAATCGGATGTTAAAACCATAGATATGTAAAATCCAATTGATCCTATTATGCTACAACTTGCATAAAAATCATCCCTCAGTACAGATGGAACTTTTCCAAGAAGTAAATCACTAATTACGCCACCACCTACACCTGTAAGTGTAGCAAGAATAATAATTCCAAAAAAAGACACATCAGCATTGTATGCAATGATTGCTCCTGTAGTAGTAAAAGCTGACAGACCAATTGCATCAGGAATTAAAATGTAGTATTTGTTTGATATATCACCTTTAACAACTTTATACATCACAACAGCAACCCAAACGCCAAAGAGTGCAACGCTCATATCTGTGATAGATTTTAAAGCATTTGGAATTGTATTTATAAGTAAATCTCTCGTAATCCCACCACCAAGTGCAGTCATAACTCCTAAAACAGTAATTCCAAGCAGGTCTAAACCTTCTTTTATTGCCTTCAAAGAACCGGTTACAGCAAAGGCTACAAGTCCTATAATGTTCATTATAAAGAAAATTTCTTTTGCAAACTCCATATTTCCTCGCTCAGGTTTAAGCTACCATTTAACACAATGTTAAATTCCCCATCAAACCTTACTTTATAGCCTAAAAATTTTACTCCAACTTCTAACGCTTTTAAAAAGTATTTACTAAACTCTCTATCTGTTTCATAATTTGGCAGAAATTCTTCACAATCTCTAAATGCAATTATCATAATACCTGCTTCATAACCTTTATTTTTTAATTCTATCAGATGTTTTATATGTTTTGCTCCTCTTAATGTTGGTGCATCAGGAAATAGACAAAGTTTTCCTTTTCTTAGATTACAGCCTTTGACTTCTATATAAAAATTGTCATCAATGAGAAAATCTATTCTACTGTCTTGATACAAAACCTCTTTTTTTATCTTTTTAGGTTTAAAGCCAAGATATCCTCTTTCTATAATTTTTTCCGCTATTTTAGAATGGAAAGAAGTATTTAGTAGAATGTAGCCCTCTTCCATCTTTGCAGAAATTAGCTTGTAATTTGTTTTATTTTCAGCTTTATTTTTTATGACTAAAATCTCTCTTCCTTTTGTAAGGATTTCTTTTAGCCTTCCTGTATCTGCAATATGACATTTTGTAATATTTCCATCAATTTCAATCAGTCCAACAAATCTATTTAATCTCTCTATAAACTTAGCTTTTCTTAAAGATGGAAACTCTGATTTATCAAGTATTTTCATAATTTTCTAAATACTCAACCGCCGTAGGTAATGCAACTCTTCCTTTTGCCGTTCTTTTTATAAATCCAAGCTTAAGAAGATAGGGCTCAATTACTTCTTCTATCGTTCTTTTGTCTTCTGATATTGCAAAAGATATTGTGTTTAAGCCAACAGGACCACCGTTAAACTGATAAACCAAAGATTTTAGATATTTTAAAGACAGTCCATCTATTCCATCTTTACCGATAGATAAAAATCTCAGTGCGTCAAAGGCTGTTTCTCTATCTATAACATCTTTTTTGTGAATAACAGCATAATCATAAACTCTTTTTAAAAGTTTGTTTGCAATCCTTGGAGTTCCTTTTGAGTGTTTGGCAATCTCTAAAGCACCTTCCTCTGTAATGTTTATGTTTAAAATTTTAGCAGACCTTAAAATAATCTCTTTTAAAGACTGCTGATCATAAAAATCAAGATTTAAAATTATTCCGAAACGAGAGATTAAAGGTGTTGATAACATGCCTATTCTTGTAGTAGCTCCAATCAGTGTAAATTTATTAATATCTAATCTTATAGCTTTGGCAGACCTTGCCTTCCTGTTAGACCCACCACCAACTATAACATCCACTTTAAAATCTTCCATTGCAGAGTATAAAATTTCTTCCAATGTTGGAGTTAGTCTGTGAATTTCATCAATAAATAAAATATCTCCTTCTTTTAAAGAAGTAAGTAGTCCTATAAGGTCTCCCTTTTTCTCTAAAACAGGTGCAGATGTTATTTTTATATTTGTCGCAAGTTCATTGGCTATGATTGTCGCAAGGGTTGTTTTACCAAGTCCGGGTGGTCCTGAAAGTATAGTATGGTCAAGAGTTTTTCCTTGAATTTTACATGCTTCTATAAAAACTTTAAGCTGCTTCTTAACTTCTTCCTGTCCTATAAAATCATCAAGCTTGAGCGGTCTGATTGAATGTTTTTCTGATATCATAATAGTATTATTTTACCATGAGGTTTTTTAATGGCAAGGTATTATTTAGCCAAGACAGAGCCTGAAGAGTATTCATATGATATGTTAGAAAAGGAAGGTAAAACTGTTTGGAATGGAGTAAAAAATCCGTTAGCTCAAAAGTTTATAAAACAGATGAAAAAAGGTGATTTGGTTTTTATCTATCATACAGGAAAAGAAAAAGCTATCGTTGGAATTGGTAAAGTAGTGTCTGAGCCTTATCAAGACGAGAATGGTTTGTACGTTGTAGATATTCAGCCATACAAGAGATTGAATAAGAAATTAACTTTATCTGAGATTAAAAAAATGAAAGAGTTTCAAGATTTTTATCTTGTTAAAATGCCCCGTTTATCTGTAATGGAAGTTCCGGACGATTTGGCTAATTTGATTTTAAAGTTAACAGAGTAAGAAGTTAAGATTGATGAAAGATTTTTAATATTTTTGTAAAGATTTAAAACTTACTACATATCATGATGAGAAATTTAATAAAAGTATAAGACTCTTTGCCGGCTTCAGAATGACGAATAAAGTTATCCTTACTCTAATGTTTATAATTCAACCTTTCGCTGTCATCCCGAGGACTTTAGTCCGAAGGATCTCCTTTTTTAAAGAAGATGAGAAAGTGAGTAGAGGCAATTCATGAATTGCCCATACGGTGAATATGTGAGAGGTAAAAGGGAGGAGATTCTTCGCCAGCTTTAGAATA
CP001080.1_gap4	188905	192186	3281	CAATGTAAAGGCAGTTTTAAAAGAGATAGAGCATACACTAAAAAAATTACAGCAAGAAAAAGAAAACGCAATTTTAGCAATAAACATAGAAAGCCAGATAAAAGAGCTTGAAAATAGACTGCTTGGGGCAAAACTTTATCATCTACTCAGTCAAAAACAACAAGCCTTAGAGCATCTTCAAGACATAGAAAAAGACCTGCAACAATTTTATAAATCAAAAGAAGAAAACATAGAAAAACAAAAACAGATACTAAATCAAATCAGAGATTTAGAAAATAAATTAAATGAAATTCAAAACTCATTTTTACCCATAAAAGAGCAGGAAGGTTCTATCACTGCAAGCATCAGAAGTTTAAACGAGAAAAAAGATACCCTTGAAAAAGAAATACAAAGCATAGACTCAAAAATCAAACAGCTAATACAAGAAAAAGAACTGATAGTCAAAGATATACTGAAGCTTGAAGAAGAGATAAAAACACTTGAAAAACAGCTACCGGATATAGAAAAAGAGCTTTTAGAAGCAGAAAAAGAGCTTGAAGAAAAAAATAAAAAGCTTAAAGAGTATGAAATATTTGACTCTTCTGTTAAAAATGACTTGGGAGAGATAGAAAGACAAGAAAAAGAGCTGCTTGACAAAATCAAAGAGTTAGAAAAGCAAAAAGTAGAATATCAACTAAAATACACAACCACAGTAGAAAAATCAGAAAACTACAAAAAAGAGATTGAAAACCTAAAACAAGAGATTGAAAACATAGAAAAAACCATAGAAAATATAAAATCAAACACAAAGGACAGTCAAAAAGAAGTTTTAAACATCACAAGTGAAATAAACAGACTAAAAATCAGAAAAGATGTTTTAGAGAAAAGATTAAAAGAAAACAGAGAAAAGCTTGAAAAAAACTTCCAAGAGCTTGCAAAAGTCCTTGCACAGCTAAGCAATATTAGAGAAGATAAAACATCTCTACTTTTTAAAAACATAGAAGGTGTTTATGGAGCTGTTTCAGAAATCATTTCAATAAAAGACCCAAAAGTCCAAACAGCCATTGAAGTAGCAGGTGGTGGAAGGCTTAAAAACGTTGTAGTTGAAAATGAAGATGTAGCAAAAAAATGTTTAGATATTCTAAAACAAGAGAAAGCAGGAAGAGTTACATTTATTCCTTTAAACAAAATAAAGGTTCAAGACAATCCAAAATTACCTTTGGCAAAAGGCGTTTTAGGTTATGCGATAGATTTTGTAAATTATGACAAAAAAGTTGAAAAAGCCATAAAGTATGTATTTCAGGATACTATTATCATAGATACATTTGACACGGCTAAGGTTCTTGGAATTGGAAATTATAGAATGGTTACACTTGATGGCGAAGTCTTTGAAAAATCAGGAACAATAACGGGTGGCTCAGAAAAGCAAAGCATCACAATCGGAAGGTCATTTTTAGAAGAAGAGAGGAAAAAACTTGAAGAGATAGACCAAAAATTAAAAGAAGAAGAAAGAGCAATAGAAAATGAACTAAAGCTAATAAATCAAAAAATCGCAGAGAATGAAAAAAATCTTGTAAAACTTCAAACAGAATCTCAAAGTGTAAACTCAAGAATACAAGAATTAGAAAGAGAGCTGACAAACAAAAATTTAAGAATTGGACATATAGAAAATGAGATTTTCAATCTAAAAAAACAAAGTTTAGAACTTGAAAGCAAGATTGAAGAGATAAACAAAAGCATACAAAACTTAAATCTTATGCTTTCGCAGGTAAAAGATAAAAAAGAAAAAATGCTAAGCCGTATGGAAAGCATGGGATTAAACAAACTAAGAAAAGAATGGGAGGAAACAACTCAAAAAGTTTACTCACTAAGAGACAAAAAGAAAGAGCTTGAGAACCAGATAGAAAAATTAAAATCCAAAGTAGAAAGCCATAAAATAAGAGTGTTCCAGATAGAAAGCGAAAAATCTGCTTTAGAAAAAGAGTTTCACGACAAAAAATCAGAGATAGAAAATATAAAATCGGAGATAGACAGCCTTACAAAGCAGTTGTCAGAACTTTGGAAAGGCTTAAAAGGACAGGAAGAAGAAAGAGAAAAGCTTATAAATACTATATCTAATCTAAAAGACCAGCTTAAAAACCTAAGATACGAAGAAGACAACATAAACAGACAGACAACTTTACTTTTACAAGACAAAGCAAAAGCAGAGCAAAAAATAGCAGATTTAGAAGAAGAGATAATACTTCTTAAAGAAGAATACAGCGGCGAGCCAATAGAAGAAGATGTTAAAGAGATTGAGAAAAAATTAAAAGAGCTTCAAGAAAGAAGAAGAAATCTTGGATTTGTAAATGAAAAAGCTATTGAGGATTATGAAGAAGAAGAAAAAAGATACAACGAAATAAAAGAAAAGTTAGACACACTAATAAATGAGAAAAAAGCAATAGAAGAGCTTATAGAAAGCTTAGAAGAAAAGAAAGTTAAGGCGTTTATGGAAGTGTTTGAAAACATAAACAAAAATTTAGCCAAGAACTTTAAGATCTTATCTCCATCAGGAAAAGCATACTTAGAGCTTGAAAACGAGCAAAATCCATTAAGCGGTGGTGTATTCTTAAAGGCAAGACCAAGGGGCAAAGATGTAAAAAGGCTTGAAATGATGTCCGGCGGTGAGAAAACATTAACAGCTTTGTCATTTTTATTTGCAGTCCAGCAGTACAGACCGGCACCATTTTACTATTTTGATGAAGTAGATGCAGCACTTGATGATGCAAACGCAAGAAAAGTAGGTCAGTTAATGAAAGAGTTATCAAAAGAAGAACAGTTTATAGTAGTTACCCATAGAGATGCAATGGCAAGCTTTGCAGACAGAATAATCGGCGTATCAGCAAAAGATGGCATATCTAACATTTATACATTGGATATAAATCAAATAAGGGGAGAACAGTCTCAAGAAGTAAATGAAGAAGTTTTAACTTAATTCGCTGACGCTTATATCTCTTAATTTTCAATATCTATAAAACTTTTAGCACTGATTTAATTCTTTCATACTCTTGGGGTGTAATATCAAAAATTAAAGTATAATGCATCTTAGACACATCTAAGGGTGTAATTGTTCCGGTGAATCCGTCATCTATATCAAAAATTAATGTAATTTGTTCTTCTTTTGAGTCATAAAAAAATTCAATTACTTTTGAAAAATCAATAACAGTTTCATGACCCTCTTTTGTTTTTATTGCTACAAAAAGCTTGTTCATTTTTACTCTCCTAAATTTATAATCTTAACATTATTCTATCAAAACTTGAAA
CP001080.1_gap5	329343	332853	3510	TAAAGCTTGCTGAACACCTTCACCGGATACATCTCTTGTGATAGATGGATTGTCTCCAGACTTTTTTGCTATTTTATCTACTTCATCTATATAAACAATTCCTTTTTCTGCTGCTTCTACATCGTAATCAGCATTTTGAAGCAATCTTGCAAGAATGCTTTCAACGTCTTCACCAACGTATCCTGCTTCTGTGATGTTTGTAGCATCTGCAATGGCAAAAGGTACGTTTAAGATTCTTGCTAAAGTTCTTGCTAAAAGTGTCTTACCAGAACCTGTTGGACCAATAAGCAAAATATTACTTTTCTCAATTTCAACGTCTTTATCTTTAAATAACTCTTTTTGATATATTCTTTTGTAATGATTGTATACCGCTACAGATAAAATCTTTTTCGCTTTTTCTTGACCTATAACATACTCATCAAGTTTAGCTTTTATTTCTGCAGGTGTTGGAAGTTTTGATAAATTTTCAAACTTTTTGTTTTCAAGCTCTTCCCTAACTATAGATGCAAGCTTATCTACACAGCTATCACAAACGAGTATATCATTAGGCCCTTCTACTAATACATCTGCTTTACTTTCTGGTTTTCCACAGAAAGAACATTTTTTTTCTTTTGCCATTTTTCTTATTTTTCACCTCTTTTATAAATAACTTTATCTATAAGACCATATTCCTTAGCCTCTTCAGCAGACATAAAGTAATCTCTTTCTGTGTCTGCTTCTATTTTTTCAATTGGCTGTCCTGTGTGCTTTGCTAAGTATTCGTTTAACATTCTTTTAAGTCTTAGAATTTCTCTTGCATGGATTTCTATATCCGTAGCCTGTCCTTGGAATCCACCAAGTGGTTGGTGAATCATTATTCTTGCATTTGGTAGAGAGTATCTCTTTCCCTTGGCTCCGGCAGAGAGTAAGAAAGCTCCCATAGATGCTGCTTGCCCCATGCAGATTGTAACTACGTCTGGTTTTATGTAGTTCATAGTATCGTAAATAGCAAGACCGGCAGTAACTACACCACCGGGAGAGTTAATGTACATATAAATATCTTTATCCGGATCTTCAGATTCTAAAAATAAAAGCTGTGCAACAACTAAGTTAGCAATATGGTCATCAATAGGTGTTCCAAGAAGAATTATTCTATCTTTTAATAGTCTTGAATATATATCGTATGCTCTTTCACCTCTTGGTGTTTGTTCTATAACTATTGGTATTAATTGATTTAAAATCTTATCCATTTTGCTCCTCTTTACTTTCTTTATTTTCTTGTTTTTCTCTTGCTTCTAACTCTTCTTTAGATATCTCTTTAATATTTGCCTTTTCTACTAGTATGTCAAGTGCTTTTTGTCTTGCAATATCTGATTTAATTCCTTCTAACATGCCTTTTTGGATTAAATACTCTCTCATATCAGCAAATGAAACATTATAAGACTGCGCCAACTTGGAAATTTGTGCATCTAACTCTTCATCAGATACAGTAATACCTTCTTTTTCAGCAATTTTTGAAAGGATAAGCATAACTCTAACATTATTGATAGCTGTTATAGTCAAATTTCCTTCTGCGGCTTCAATGATTTCTTTGTTTGGCTTAATTCCATAGCTTTCAAGCTGAGCTGCATATCTTTGAACTAAATTGTCAATTTCCAACCTTAATAGAGAGGCCGGAGCTGGAAAATCATATTCTTGAGCTAATTTATCTAAAATCTTTTGTTCAATTTCTTGTTTTCTAAGCGCTTTTAATTGATTTTCTATATTTTCTCTAATTTTGTTCTTAGCTTCTTCTACGTTTTCACCAAGACCTACAGATTTTACAAACTCATCGTTAAATTCTGGAACAACTTTCCTTTTTACTTCTAAAATTTCTATTTCTATTTTTGCTTTACCTATTTCTTCACCTTTTTCATTATACAAAGGCATATTTTCAAGCTCTACCTTATCACCAACTTTTCTTCCTTTTATAGCATCTTCAATCTCTTTTCTTAAAGTACCTGAGCCAATTATGGTTTCAAATTCATCTTCTTCTTCGTCGCCTTTGTCAGAAATTATGTGATATTTGATTTTAACTTTATCACCATCTTCTATTTCTTTATCTGCATCTTCGTATCTAACATTGTTTTCAAGGATGTTTTTGATAGCATTTTCTATATCTTCATCTTTCACTTCAAGTTTGACGACTTCAACTTCTATACCTTCGTAAGGTTTTAGTTCAAATTCTGGAGTAACTTCAAAGCTAACTTTCATTGATAATTTTTCATCATTTTCAAGCTTTACATTACCGAACAATATTTCAGGCGTAACTGGTTTGAGATTTTCTTTTTCAAGAATTTCAGGAAGATATTTATTGATGTATGCTTTAGCCACTTCTTCTTTTATAGCATCTTTATATTTTGCCTTTATTACAGCCTTTGGAACATGACCTTTTCTAAATCCTTTTACTTCTGCTACTTTTGATATTTCTTTAATCACTTCTTCTGCTAATTCTTTTACTTTTTGCCCTTCATCCTCGATTGTTAAAGTTCTTAATAAGTTTTCTGCTTCTACTACTACGTTCATCTATTCACTCCTCTTAATAGTTTTTAAAAGAAAATTATATCATAAAGTTTAGTGAGTTTTAAATTGCATATTTTTTGTGCAAAAGTATTTTAAATTTTTAAAATTTGAATTATAATATTATTTTCAAATCTATCCTGAGCAAAGGAGGTTTTTTATCATGGGCAGTAATAGCCCGACGAAAATGTACTTCAAAAAAATTATCAAGGAGGAAAGAAAATGGAAAAAACCCTCGGACTGCATATCTTAGCGGACCTATACGGAGTAGATTTTGAAAAAATTGACCACGTTGAAGATGTAAAAGCTCTTCTTGAAGGTGCAGTCAAGTACGCAAACTTAAGTAAATTATCATCTCATTTTCATCAGTTTAATCCTCACGGTGCAACAGGAGTTATACTCTTAGAAGAATCCCATATCTCTATTCATACCTGGCCAGAGCATGGTTATGCTGCAATAGACGTTTACACTTGTGGTGGCAAGGAAAAAACTTTCAAAGCTATGGAATACATCATTAAAACTCTCAAACCAAAGAGAATTGATGAGAAAATAGCTGAAAGAGGCGTAGTTCCAGTTAACCCAGAAGGTGTAAACATAGAAAAAATGCAGCTGGCACAAGTATAATCTGATTTTTAGCATTGTTATTTTAAAAATCTGCCGGTAAATTTATTACATCACTAAAATACGGAGGTATTACTATGCTTAACAAAGACATATTAGATTTACTCAAAGATTTTACGCCGGCAGTATTTGCAACAGTAAAAGATAGCAAACCACATTTGGCTTTTGTATCATGGCTAATAGCTACAGATGAAAAAACTATCAAAGTAGCTTTAAGTAAAAATTCTGCATCAGTAAATAATATTAAAGAAAACGCAAATGTGGCAATATCTGTATTTGGTCCATCTGTAGCAGTGACGATTTACGGTACGGCTAAGATAGTTAAAGATGAAATAGAAACTATTCCATTTC
CP001080.1_gap6	366023	369790	3767	TGATAAATATAAAAAAATCCTTAGAAATCATCTAATTTCTACCTCATCCCCATCTTTAAGATTGCCGGATGCGATAATAAAATCTCCTTCATCTTTGATTATGTTAACTTTTTCTTTAAACTTTTTACCGTTGTAAATCTTATATACAAAAAATCCTTTTTTCCCTAAAACTAAAGCCTTCTTAGGTATTTTAAAGCCTGATAAACCATCAACATATAGTGTTATACTCTGTCTAAAGTTTAAAGGAAGTTCTAAGGCTTTTTCTGAAAACGTTTTAACTTTTACAAGGTTTCCTTCTGAAACTGGAATGATTTCTTTTACTTTCAAAGAGATTGTCTCATCGTTTAATTTTGCGTTTAAGACTTTTTTAGACTTTATGAGATTTAAAAACTCAACCGGAAAATACAGATACAAAAAGTTTGAATTTTGATTATAAACTGTTGCGACGGTTGTCCCTATAGTAGCATACTGACCTTCTGGTATCATGTTAATAATATAGCCTTCACAATTTGAAGATAGTTTAAAGTTGTTTTTCTGGATGTTGTAAGTTTTAAGCTGTGCCTTTAATGATTCAATCTCGGACTGTTTTAATGATATATTGTTTTTAAGGTCTAAAATTTCGTTTTTTGATGCTAAGCCTAAGCTGTACAATTTTTCGTAGTTTTCAAGTTTTTTTGTTAAGTTCTCTACCTCGCTTTGGGTAATCTGAATTTTTTTGATTGTTGACTGTAAGTTTGCATCTAAAAACTCATTCTTAAAGCTGCCCATAACCTGTCCTATTTTCACTCTATCACCAACTGAAACAAAAGGATAAAAGTATCCCTCAGTTTTTGATGTTATACTACACTGTTTGCTAGATTCTATTTGTCCTGAGACCTGAATTTCCATCTGCGACTTAGCAGGAACTACTTTATAAGTATCTTGACCAAAGGCAACTTTAAAACTCAAAGATATAAAAGTCAAAAGTAATATAAGTCTCATCTGTATAAATCTCCTTTTATCAGATGCTCTAAAAGTTTAAAATTCATGTATGCGTTATACTTTGTTTGAATGTAGTTGTTGGTTGCATTTATGTAATCGTAATAATATTTGTCTAAAACAACGAAATTAGACAAGCCCATTTTGTAGGCTTTAAGGTATTTTTCATATATATCGTAAGATGATTGAATCTGCTTTTTGTAAGCTTTAAGTCTATCTATATCGTAAAATACAGATGTATAAAGACTCTCAAGATTTTGATTTAAATTTAAACTCTCTCTGTATTTTTGAATGTTTAATATCCTATCTCTAACTGAAAGACTTAGTAGTTTATACTTTAAGCCACCATAGAAAATATTTGACATAATCCCAACTGTAAATATATTCTGATTTCCGTTTCCTGTTGGGTCTTTGTTGATCTGTCGTTCATAAGACAATAATAAATTTGGAATCCAATAATTTTTTTCTTTTTTGTAATGTGCATCGTTTAACTTTTTTTCTAAATCTATGACTTTAACGTCTGGACTGGTTTTTAAATAACCCTCTTTCTGACTGTAAATTTGATTTAACTCTTCTTTTGTTAAACTGTAAGCTTGCAAAGGTTTAATCTGGTCTAAACCTGAAGTTATCTTTAAGATTTTCAAGTATGTTTCCAAAGCTTTTTGATACTTTAAAAGGTTTTCTTCTTCATTTAGAAGTTTCAGCTGCCAGTTGTCATACTCTATGGCAGGAAGCTTTCCATCTTTTACTGCTTTTTCTATAAAGCTTAAGTTCTCTTTGATGTTTTTTATTCTCTCCTCCTGAAGTTTTACAAGCTCAAAGTACATACTGTAATTAGCGTAGGCTGTAAGGATGTTTTTAAACAAAGTTTCTTTTTCTTTTTCAGACAAGACTGCTGACTTTTCAATCTCTATTTTGTTTATCTCTTCATCGTACTTAGATTTTCCAAAAATATCTATTTCGTTGCCAAATTTCAAAGAAGAAACGTTATAGGAAGATATTGCTTGAGTGTTGTAATGAGAGAAGTTTAAATCTGCGGTTAATTTTAAAAATCTTGTAGCGTATAGGTCTTTGTTTGAAAGTTGATAATACTCTTTGTTATTTTTGAGATTCTCATCTACTAAAAAATTCTTCTTTGCAGCTTGGAAAATATCCATTACTTCATCAGCTTTTACCGTATAAAATAAAGCAAACATAATAAAGATTAATTTTTTCATGATTTAAAAATCACAGTACCACCTGATTAAAGTCGAGAGTATCTTAGATTATAAACGACAATGATTAATCTAATATTAAAATTACCTTAACACAAGCTTAATGACTTTTTGTACAAATTTTTACAGAAGTTCCTCTGTCAAGTTCACTATGAATGGTTAATTCCCAACCTAAGATTTTAGCTATAACTTTGCTTATACTAAGACCAAGACCCGAACCTTCTTCAAGCTTTGCTTTTTCTGACCTGTAAAAAGGTTCAAAAATTTTAATCAGCTCTTCTTTTGAAATTCCGATACCTTCGTCCTCTATGATAACGCAATAGCCATCTTTTTTTATACCTATTTTTCCGTCTTGCGGGCTATATTTTATTGCATTTTCTATAATGTTGCTAAAAAGTGAATGAATAAGCTCATAATCACCAAACACCTTAAATTCATCTTCAAAAATCTCAAAACTTAGATTTTTATTATTAATCAGTTGTTTAAAATCCCCTAATATGCCGAGTATTAAAGTTTTTAGCTCTACAATTTCTCTCTTTGGATCTACATTTTGAGTTTCTAATCTGTATAGCAATAAAAGTTTTTCTACTACCTGAGAAGCTCTTTCAACTGCGCTTTTAATGCTTAACAGAAACTCTCTCATCTCAGCTTGACTTCTTGGTTTTCGTAAGGCTAAGTCTGTTGAAGTTCTTATGATAGACAACGGTGTTTTAAGCTCGTGGGACAGGTGATAAAAGAAAAACTTTTGAGTATCAAGATACTTGTTTAATTGATTTACTAATTGATTGTAGGCTTTTACAATTGGTTTTATCTCAGAAAACACATTTTCATCTAAGATGTCAAGCTTGGCTGGGCTACTCTCTTCTATTTTTTTGGCTAACCTCATAACAACTCTAAAAGATAAATACCATAAAGGATATGCAATTAGAGTATATACTACCAAAATAGCAAGCCAACCTGTAAAAAAATTTTTAGAAAACTTTTTTAACATTGCTTGCTGATTGCTGATTTCTCTGTAAACCAAAATATAATATCTACCGTATTTTTCACCATAGCCTGCGCACTCTTTACCGTTGATTTCAAAAAAGAAAAGTCCATTTTCCAATGGGAAATTAAGAACGCTTTTATCAGGTTGTAATTCAACATATTTGTTATCTTCCAAGATTTTTAGATAGTTGCCAGAACCTTTTCTAAAGTTTATCATGACTTCTTCATCGTACTGAAACTTTCCCTCTTCTTTAATAAGATACGCAACTGACCGCCACAGAATGTTTAAAGATGAACTTATCTCTTGATGCACAGAATTTTTTATCGTCAAATGTGTAAAAAGATAGATTGACAAAAAAGCACTAAAAAGCAAGATGAGAGATAATACATACACTCTTAAAAATAGGCTTTTCATATCTTAAGTATATATCCTAATCCTTTAACGGTTTTGATGTACTTACCTTTCGGGTCAAGCTTTTTTCTCAATCTGCTTATTAAAACTTCTATTACATTGCTGTCAGGAGATCCTTCCCATCCGTATAAGCTTTGTTCTATATAAGTTTTAGAAAGAATTCTGTTAGACTTTAG
CP001080.1_gap7	387878	388494	616	ATTTTTTGAGCTTCTGTGAATGAAAACCAGTGAGTTTTTCCATAGCGTTCTAACTCTTTATCTGCTGAGGATTTTATGGCTATGATTGTTAGGTCTTCGTTGTTTTGATAGGCTGATTTTGCAAAGGCTTTTGGAAGTTCTCCACTACCTGCGATAAGTCCGATTTTCATTCTTCGTCAGATATAAGCAGTTTCCTTTTTGAAGCTTCTGGGGCTATTCCTCTTTTTGTTGTTTTGACAAAGTCTAAAAGCATTTGAATTTCTTTAGTCTTAGGAAGTTTTTCTTCTACTTCTTTTATACCCTCTGCCAAAGTTGGAGATGTTCTAAATAATATTCTGTATGCTTCTTTTAAAAGTTTTATAGTTTCTGAGCTAAATCCTCTTCTTTTTAAACCAACTAAATTTAAACCATACAATAAAACATGATTTTTTGACGCCCTTGTAAAAGGTGGTATATCTTTATCTACGGCAGATGCACCGCCTACCATAGCATAATCACCAATTCTGCAAAATTGATGTATCGGTGTTAGTCCGCCTACAAATACATAGTTTCCTATTTTTACGTGTCCTGCTAATGTGACACAGTTAGCTAAGATTGTATTGTCTCCTACTTTGCA
CP001080.1_gap8	390457	391689	1232	TTATATTCTAATCCGGATTCTTTTAAAACTTCATTAACTGCAGCTCTAACTTCTGGGTCATGGTCTAATTTGAATTTTGCTTCTCTAAGCATTAATGTACAAGTATTACAGATTGTTAACATATCAAGCCCAAGCTCTTCTGCCAATGCTAAGTTTCTTGCATTTATAACAAGAGATAAAAATTCATCTTTTTCTTGAACGGCACCTGCTCCACAGCAAGTAGCAGCTTCAAGCTCTATTAATTCCATTCCAAGCTTTTCTGCAACAAGCTTTGTTGAATCATAAAGCTCAGGAGCTACACCCTTAGCTGAACATCCTGTATAAAATGCATATTTCATGATTGAACCTCCTTCTTCTTGCTTTTTCTCTTGTCTTCATAAACAGTATGTACGTCCGGAATAATTTTTATCTTAACTTTATCTTTCATTTCTCTTGCTTTATCCATGATCTTTTGAACTTCTTCATGTCTTTTTACTTTATGACCACCAAAGAAGTCTGCAATGTTAACTTTACCTTTAAAGAACATTCTAAGACCAAATGGAGCTCTTTTTGCAGCACCAAGCAATCCTTCTTGTCTCATTGGAAGAAGCATTTCGTTTAAAAGACCCCTGTTGTATATATCATTTTCAAAAATCTCAGCGTGGATTTCTCCCGGTGATTTAAAGCCCTCTTCTGCTGCAATGATTCTTGTTCTTATGATGTTTTCATACGGCTGAACTTCCTTAGGACATCTTGTTGTACACTCCATACATCTAACACACCATTCAAGATTGAACTCTTTTAATACTTCTTCAAGTCTTTCTTTCTTTGCCCCATCTCTTGAATCTGCAATAAATCTGTATGCTTTTGATATTACCATTGGTCCTAAGAAATCTTTATTAACTTTAAGAGCATTACAATCTGACATACAAGAATTACATAAAATACAATCAGAAGCATAATCTATTTTCTGATGGTCAAATGGGTCTTGTCTGTATTCTTTACCATCTGCAGGTGGAGGCTCTTTTGGTATAAACCAAGGCTTAATTCTTTTTAATTTATCAACTACCCAGTCCATATCATAGACAAGGTCTTTTAATACTCTAATATTTCCTGCCGGTTCTACGATTATAGTATCTGTATTATATTTTTCTAATAGATGCGTAATTTGGACTTTGCAGGCTAAGTTCGCATGTCCGTTTATTTTTACTGCACAAGAACCACAGATTGCAGCCCTACAGTTATATCTGAAA
CP001080.1_gap9	407912	409887	1975	TATAAGCTCATCAACAAATGGATTGTTTTTTAAGACATCTTTCCCAAAAGATTTTGTAATAATGGCAAGATGTGAGTTTGGATAGATGTTTTTTATAGATTCTAATAATGGCGTAGTTAAAATCAAATCACCTAAGAATGCTGTTTGATAAACTAAAATTTTCATTAAGAAAATTTTAACATAGATTGGATTTGATTTATAATAATAGCTTAAATCTCGTTATTTAAAGGTTAGGCTATGCTCAAAGTGTTTGTTGCTTACGTGTTATTTGCATCTGCTTTGACTGTATTTGTTATATACAAATATTTTAGATTTTTCTTTTGGAGAAAGATAGAAGGGGAGATTTTAGATAAGAGAGTTGAGAGAGTTAAAGAGATAATCAAATATGAGACTTATAAGCCGGTTATAGAATATAAATACCAAGTAGATGGAAAAGAGTACATGTCTAATAGGATATTTATAACTCCTTTTGAATCTGACTACAACACTGCCGAGAAAATAATAAACGATTTTATTGATAAAAAGGTTGTGGTTTATTATAATCCTTTGAATCCTTCAGAAAGCATTCTAAAAAGAAATTTACATGCCGGTATGGTAGTTATGTTAATTGCGTTGATCGGAATTATGCTGCCATTTCTCTACCAAGCATTTGTGGAAGTTATAGGCATTGGAACATCAAAAGAAGATATAGCCTTTTTTGTTAGAAGTTTATTACATTCTTTGTTTGATAATTGATTTAGCTAATTAGCATTTGAATAAGCTTAGTTTGAAGCATACCTAAAATTCCGCTCAATATTACATAAAAGATAACAAGCACCACTACAAACTGAAAGTTTTTAGAATTTTCTGAAGGAACTTTTAAAACCTTTTCACTTCCTATAAAAATAAGGTAAAACATATAAAAACTACTCAAAAACAATGCAATAGCAGTTAATGGCGAGTTTATCATATAGGTAATTTCAGATATATAAACGGGTATAACAGCATAGACTACAAGGTTAAAAACTTTCATTGGATTATCCTCACCACCAAAAGATTTACCAAAAAAGTAAGTTAAACCTGTTAAAAATATAGGTTTGAAAATTTCAAATATCCATACAATCAATAAGAAAATTAAGATTTTATTAAAATCATTATTTTGAAGCATGTTTAAAATCAAATTCATATAGTCAATAGTTGATTTGTCAGCCTTTGGGTCATTTTTAAGCATGTCTAAAAACTGGATTATAGAAGAAATATAGTTTGACTTTAAAACTGTAAAACCAATCAGATATCCAAGCACCGGAAAGAAAGAGAAAGGAAGAATATATTTTAAAAACATTTCAAAGTAGCCTTTAATCTCTAAGTTTTCCATAGACTTTTTTGGATTTAGATATATATCTAACATTTAACCACCTCAAACAATGCTTTATTAGTTTTTAAATTATACCATTTTAATGGTAATCATAATTATTTTGTGATAAAATTAAGAAAACCATAAACTTAGTTAAGGAGTTTAAATGAAAGAGTTTATTCTTGATGCCAGAAATGTTCCTAAAGCTGTAATAACAACCGCGATAGAATCTGGAGTTGATTTTATATTAATAAAAGAAGAACAAGCAAATGAGATAAAAAAGCTCGGAAGAGTCAAATTGATAATCCAAGACAAAGAAGGAAATCTTTCTGACGATTTCGTAATAGTAAAAATAGAAAATAAAGCCGATGAAGAAAAGGCGGCAAATCTTGCAAAAAGTGGTAAAAAAGTAATCGTAGAAACAACAGACTGGACTATCATTCCACTTGAAAACTTAATTGCCCAATCTCCCAACATATACTCAATTGTTAAAAATTCAGAAGAAGCAAAGACCTCTGTTGGCATTCTTGAAAAGGGAGTTAAAGGTGTTGTTTTAAAAACAACAGATATAAACGAAGTAAAAAAGGTAGCTAAGGTTATTAAAGAAGATACTGAAAAATTAAACTTTATTAAAGCAAAAGT
CP001080.1_gap10	487857	492202	4345	TCAAGCTTGCGTAGGCTCTCCCTTAGAAGATATACCGGCTATCTTATATATCAAACAAAATCCGGTGATTGCTGTTAATATTAATACAACACCAACAAATGTTGCAATTACAAATATGCCACCTTTTTCAACTCCAAGAAGTACAAGTATTGAACCTACTAAAATTCTTATAAGTGCATCCCATAATGCCATGACAACTTACCTCCTTTTATAAAGTTATAAGTGTTTCAACTTCTTCGTATTTTGCAACTTCATCAGGATGTGCAATTCTGCCAAGAACCGCTGACGCCGCAGCTACTGCTGGGCTTGATAAGTATACTTGGCTTTTCGGATGTCCCATTCTTCCCACAAAGTTTCTGTTTGATGTAGACAAACAAACCTCACCCTCTGCAAGAATACCCATATGACCACCAAGACATGGACCACATGTAGATGTGCTTATCAAACATCCCGCATCTGCCAATATTTCAATTATACCTTCATGTAATGCTTGTTTATAAATTTGGTCTGATGCAGGTATTACAATACATCTAACTTCTGGATGAACTTTTTTACTTTTTAAAATTGCTGCTGCTATTCTTAGGTCTGAAAGTCTTCCATTTGTACATGAGCCAATAAATACTTGGTCAATGTGCGTTCCGGCTACTTCACTAACAGGTTTTACGTTTGATGGTAAGCTCGGACATGCAACTACAGGCTCTATTTTACTTGCATCAAATTCATACTCACAGCAGTATTTAGCGTCCGGGTCTGATTTATAGAGTTTAAACTCTCTATTTGTTCTTTTTCTTACCCAGTCAACAGTTTTTTCATCTGGTTCAATAATACCACTTTTTCCACCTGCTTCTATAGCCATATTAGCGATTGTAAGTCTGTTATCTATATCAAGAGCTCTGATTGCTTCTCCTTGATATTCCATAGCTTTATACAATGCACCATCAACACCAATTTTTCCAATTACTGTTAAAACAAAATCTTTTCCACCAACCCATTTTTGTGGTTTATTATAAAATACAAACTTCATACTTTCTGGAACTCTAAGCCATGTTTCACCTGTAGCCCATATATAGGCAATATCAGTAGAACCTACACCTGTAGAAAATGCACCAATTCCGCCGTAAGTACATGTATGTGAATCTGCACCAATTACCAAATCACCCGGAACTACAAAACCTTTTTCTGGAAGTAGTGTATGCATTACTCCACTATCTTGACCTTCAAAGTAGTTTTTAATTCCCATTTTTTTAGCAAAATCTCTTGAGATTTTAATCTGCTGAGCAGACATAATGTCTTTTGGCGGGAAGAAATGGTCCATAACAAGAGCAATTTTATTTGGGTCATGAACTTTATCTATGCCGTATTTTTCAAGCTGTTTTATTGCAAGCGGAGCTGTAATATCGTTTGCAATAGCAAGGTCTACTTTAACAGTTACAAGCTCTCCCGGTTCTACATAATCTCTACCGGCGTGTGCTGCTATTATTTTTTCAGTTATTGTCATACCCATATTTATAAACCTCCAAATAAAATATATAGGATTGATAATTATAGCATATTAGCAATTGCTAAATTATTACTCTAATCACTATTAATTTAAAAATCTTTAAAAATTTCAATACAAATAAACTTAAGCTAAACAATTAATTTATCAATTGTTTTCGAAAGTGTTCCAAAAATCAACATCGTCATTCTGCAGCCGGCGAAGAATCTCTTGTTTTTTCAAATCAAAAGATGCGATCTTTCGGACTTACGTCCTCAGGATGACAAAAAAAGGTAAACTTGCAAAAATTTTGGAACACTCTCAGTGGAAATAGAAGGTGTTCTAAGAATTAAATAACCTTTTAATCTTCCGTTCTACAGCCGAGCGAAGAATCTCGCCTTCATGCCCCTATTCTGTCATTCTGTAGCCGTGCGAAGAATCTCCTTTTTTCAAAAACCATTAAAGGAGGAGATCTTTCACTTCGTTCAAGATGACAAAGAAGGTAGGAGATCCTTCAGGCTTACATCTTCAGGATGACAGGAAAAAGTAAAGTTAAATTTACATATCCATTTTACAACTTACAAAAATTTTAGAATATTCCTATCAAAAATTAAAAACTCGCTTCCTTACAAATAATCCTTTATATTTTCATAAATCTTTATTGTTGCATCAGATTTATTTAATGTGTAAAAATGAAGACCTTTTACGCCGTGTTTGATTAAGTCCATACACTGCAAGGTTGCAAACTCAATACCTATCTTTTTAGTCTCCTCCGGATTGTCTGCATACTTTTCAAACTTTTGAACCACCTCTTCAGGAATGGTTGCACCACACAAAGAAGCAAACTTTTTTATCTGGTTAAAATTTGTTATTGGCATAATGCCGGGTATTATTGGAATATTGATTCCTGCTATTTCGCATTTTTCTAAAAACTCATAAAAATAGCTGTTATCAAAAAACATCTGAGTAATAGAAAAATCAGCTCCTACTTCTACTTTCTTTTTGAAGTATAAAATCTCTCTTTCAAGATTTGGGCTTTCTGGGTGTCCTTCCGGATAAGATGCTACCGCTATACAAAAATAGTCTTTATAAGTTTCTCTTATCAAGCTTACAAGCTCGCTTGCATGTTTACATCCATCAGATAGAATATCTGATTTTTCAAAATTAAGAGGTATATCTCCTCTAAGGGCAAGAATATTTTCTATTCCTATTTTTTCATAATCATCAAGAATGCTTAATATTTCCTGCTTAGAATGACCAATACAGGTAAGGTGTGCCATTACTGTTAGTTTTGTCTCTTCATGTATTTTTTTGACTATATCTCTTGTCTTTTCTCTCGTTGAACCACCTGCTCCATATGTAACAGATACAAAAGTCGGATTTAACGGCTGTAAGTTTGATATTGTTTCAAACAATGTTTTTTCTGCTTCTTCTGTCTTAGGTGGGAAAAATTCAAATGATATACTAACCTTTGTGTTTTTTAATTTGTCAATTATTTTCATTTTTCACCTCTAAGTAAAATTTTTCAAGAATCTGTAAAATTTATTTTCAACAGAAGATAATCTTATATTTTTTTGTGTGATAATGGAAAACTTTCTTGTAATTTTTAGGTCATCAACTTCGATTTTTTTCAGATGTCCGTCATTGATTAAATCTTCAGCAACAAGTTTAGATACAAAGGCTAAGTAATCTGAGTTTTGCACTATCTTAGCAATAGCTTTACTACTTGAAACTTCCATAGATGGACTAATTTTTATCTTTAAACTTTGTTCTACTATATTCCTTGTTCCTGACCCAAACTCTCTGAATATAAATTTATAATTTTTTAGCTCATTTTGTGTTTTTAGATACTCAGAAATAGAATTATTTTTAGATGCAATCAAGATTATCTCATCTTCATAAAATTCAGATATATCAAGCTTGTTTGATATTATGTTATCTTCTACAAGCCCTATATTAAAAATCTTTGATAGTACACCATCTTCAACTTCCTTTGAGTTGCCTATGAAAATTTTTATGCTTACTTCTGGATTTTCTGATATAAATTTTGTAATTATCTTAGGAAGAAGATAATCACCTATTGTAGAACTACAACCTATGTAAAGAATGGAAGTTTTTCTTACATTTTTAAGATTTTCTTCCATATTCATGTAATCTTCTATTATTTTGCTTGCAAACTGATAAAGGACTTTTCCTTCTTCTGTAAGTTCAAGATTTGATTTATGTCTTCTAAACAAAGTCATTCCAAGGTAATTTTCTATCTTTTTGATTTGAAGCGTCACAGTTGGCTGGGATAAAAAAAGCATCTGTGCAGCTTTTGAAAAGCTTTTTAAGTCTGCAACTGCTTTAAATATTCTTAATTTGTGATAATCAAGTACTTCCATACTTCTTTGCTATCTCTGTTGCTAAATTTATTGTTTTATCAATTATATAAAATATATCATCTACGGAATCAAGTTTGTTGTAATCAAACTTTTCTAAGGTCTCTAAGATAATTTTGTGTATATCTGTAAACTTTATCCTTTCTTCTAAAAAGTAGTTAACGGCTATCTCATCTGCTACGGTCAAAACTGTTGGATATACACCGCCTTTTTTACCACACTCAACGGCAAGTTTTAACAACGGAAATTTTTCTGTGTCTGGTTTTAAAAAGTTAAGCGACTTAATCTTTGTAAAATCTAAGTAATTATCAGATAAAAACTTTCTTTCCGGATAAAATAAAGCATATGATATAGGAATTTTCATATCAGGGTTAGACATGTTAGATATAACAGTTCCATCAACAAATTCAACCATTCCGTGTATGATACTTTCTGGATGGATCAGCACATCTATTTTTTCATAGGGCATTGAAAACAGATAATGGGC
CP001080.1_gap11	516230	516805	575	TCCTGAGGACGATGTCCGAAGGATCTCTTTTAAATCCTATATTTAAAACAAACTTTGATTAATGAACTATCATAAAAAATTTATAGACCAAGCAGTAAAAGAAGCAGAGAAAGCATTAAAGAAAAACGAAGTTCCAGTCGGTGCTGTCATAGTAAAAGACGGAAAAATAATCTCAAAAGCCCACAATCAAAGAATTTCAAAAAATAATGCATTGTATCATGCAGAAATCTTAGCAATAGAAAAATCCTGCAAAAAACTTAAAACTTGGCGTTTAGATGATGCGGTATTATATACAACTCTTGAACCTTGCCTAATGTGTGCCGGTGCAGTAATGCAGGCAAGGATTAAAAAGGTTGTCTTTTGTGCAAAGGATGAAAAAGGCGGTGCGGTTTTAAGCAAATACACAGTTTTTGACGATAAAAAACTTCCATTCAACGTTGAGTATGAATACATTCCGGATGAAAGATGTAGTAAACTTTTAAAAGAGTTTTTCAAAAAGCTTAGAGATTAGATTATTAGAAGTGCTGCAAAAATTTTTGTAAGTTTACTTTTTGTCATTCTAAGGACTTTAGTTT
CP001080.1_gap12	527706	528387	681	ACCAAGGCTCCAAAAAGCAATAGTTTACCCTTTAATTTCATAGCCAATTTTCCTCCCTTAAGGAATTTTAAAAAAGAGAGGGCTAAAATAGCCCTCAGCCGAGATTATCCTACGTTTATGTCGATTACTTTTTCTGTAACGTCTCCTTTGTTATCTTTCCAAATGATTTTTAAAGGTGCAGTTTTGGTAGCTTTTACATAGAAAGAGATAAATGGATTTACACTTACAGAACCAGAAAGTTTCATGGTAGTGATTTTTTCATTTCCATAATATACTTCTACGTCTGTAATGTAGTTAGCTGCGATATACTTTCCAGATTCTTTGTCTTTTACTAAACCTGTGTCCATTGGGTGCATTATAACTGTATTAACTTTGATTAAGTCATCTTTTTTGTAATCTTTTGGGTCTATTTTTACCATTGCTGTTCTTGGCATCTTTCAATCCTCCTTAATTATTGATTATCCACATCCGCCTATTGTAACTTTTACAGGCTTCTGTGCTTTAATGAAGCTACCATCTGCAAGTTGTGCTATTGCGACAACGTTCATAGATTCTGCAAGTCTTATTCTTGTCGAGATGTAAGCCTTTCCGTTAGCCGGAGTAAACTCAACGCTCATCGTACGAGCATTATGGTTTTTATCTGCTAAAATATGAATTGCTTTAATCTGCTCTATTGGTAGT
CP001080.1_gap13	535327	537652	2325	AGCTTGTCAGAAAAATCTAAAGGAAAGGATAAAGTAGGAACAACGTTAAAAGGCATTGGACCGGCTTATATGGCTAAGTATGCAAGAACTGGTATAAGAATTGTAGATTTATTTGATAAAGAATATTTCAGATTTAGACTTGAAAAAGCTTTCAATGAAGCAAAAGAAATTGCTGAGAAAGTTTACGGCGAAACGTTTAATCTTGATTTAAATGAGCTATATGAAAATACACTTTCTAACTTTGAAAAAATAAAAGATTTGGTAGCTGACACTTCTTATCTTCTTGATAAAGTAATGAAGGAAGGTAAAAAAGTACTTTTTGAAGGTGCACAAGGAACGATGCTTGATATAGATATGGGAACATATCCATATGTAACGTCTTCTAATGCGTCCGCTCTTGGCATTTGCAACGGTACAGGAGTTGCTCCAAAGCTAATCGGTCAAGCAAAAGTTTATGGAGTAAGTAAAGCCTATACTACAAGAGTTGGAGAAGGTCCATTTCCAACAGAGTTAAATGATGGGATCGGTGAAAGATTAAGAGAAGAAGGTTATGAGTATGGTTCTACAACCGGAAGACCAAGAAGATGTGGCTGGCTTGATTTAGTAGCTTTAAGATTTGCATGTAGAATAAACGGAATCGACGGCTTAATAATAACAAAGTTAGATGTTCTTGATGTTTTTGATGAAATCAATGTTTGTGTAGCTTATGATTATGAAGAACAAACTATTACAGAGTTTCCAGCATCTTTACAAGTACTGGCTAAATGTAAACCTATCTATAAAACTATAAAAGGCTGGAAAACTTCAACAAAAGGATTGAAAGATATTACAAAATTACCGGAAAATGCTAAGGAATTTATAAAAACCATAGAAGAGAATACAGACGTTAAAGTCGTGATGTTGTCAACAGGTCCTGAAAGGTCAGAATATATTTGGTGTATAACATAAATTATAGAGGTAAATTATCATGTACGATGTAATGAAGCAAGCCGAGGAAAAGCTTGTTCAGGTAGGTTATGACCTTACAATTTCTGTAATTGTTTTTGTGCTTTCTGTTATCATACTGACAGTAATCTTTGATATTATTTTAACAATTTGGAATAACAAAAAGCCAGCGGAGGAGAGAAAGTCTTCTCTGATTATTTTCTTAATATCTGTATTTGCAGGATGGGCTATAACAACCTTAGTTTTTGTATACAGAATGGTTATGATAGGCTTAGAGCATTTGAAAGATTAAAACATTTTACTTCTTGTTTACCACCAAATACATTTTTACAAATCCAGAATAATCTCCAATTTCAGCTTTATATACATTTCTTAAAAACACTGCAAAACGAGACTCACTGTTTGGATAAAGATATCCACTCCAAACTACTTCTACATTGTTAAGCTTTTTTAAAGTGTTTTCTTCAACAAGAGCAAGTATATATTTATGATTGTTTTGATACTCTAAAATCTGATTAGAGCTGTAATCTCTTAGAATTTTTCTTTTTGTGTAAAATGGCAGATTATGAAAAAATCTATTTTCTATGATTAAAGGAATAGACCTATCCGGGACTTTTTCATTTACAATTTTACCAATCTCTTTAAAAGGTCTGTAATGTTCAACCTTGACTAATAAAGAAATCACAAAAATTAAAAACGTCATAAGCATTGCTATAAACGGTAATAGCTTATAATCTTTATATCTAATTAAGTAAAGGAACGGAAAAACACAGAAGATATAATAAAAGTAGTCAAGTTTAAAAAGATAAACAATTCCAAAATTTAAAACTGTTATTATTATGGTAGCAGTAAAAAAAGACAAATACCAAAGATACTTTTTAAAACCATCTGGATTATAATTTACTAAATAGTACCCAACAAATATAGATAAAGCTGGAAATGCTTGGATAAAGTAAGTTGGAATTTTACCTTTTGCGATTGTAAAAATTACAAGCATAACAATAAACCAGCTGAAAATAAAAGAAAACTCTTTTAACCATTTCTTATAACTATCAATCAAACTGAAATAAAAAACAAGAGAATACGGCAGAAAGCCCCAGAGTATCACGATAAGGTAGAAAAATATATCTGAGAATTTAAACTCTTCTCCAAAAGCTCTTTTTATCGTCTCTTCATTATAAACCTGCCAAAACATAGAGCCAAATTTTAGATGCATATAGACAAACCAGCTAAAACCTATTATTAATGTAATTGGAAGTCCTATGTAAGGCTTTAACTGCCAAATCTTATATAGCCAAGTTTTTACATTAAAATTACTCTCTGCTAATAGATACAGTCCTATGATGCCACCAATTACAAATATATAAGGATATCCTTTTG
CP001080.1_gap14	584202	588751	4549	TCAGGAAAACTTAATATTAATGGTAAATCCTTGCCAATTGTTTTTAAAGTTCTTTACAAAATAGAAAGACCTGATAATACTTATAGATATGGTGCAAAAATTTTAAATGCGACAGCTAAGGTTGAAGACGAAGTAGCAAAATACATTTTTGAAAGACAAAGGGAAATTGCAAAGATACTTAATACTTTTGCAGATTAAGGCAAACCTAAAACTTTATGGCACTGGGGTATAATTCTACTTTCAATGCCAAACTTCAAAAGCTCATCTTGCAATTTTAAAGCTTTATTAACCATTTCTGGCTTATTGCTTTCCGGTTGAAGTACGATAACATCGTTTTTAATATACTCCGTAAGGTCCGGTCTTATAATATGTTTAACGTCTAAGGTTTCATCAACGACAAATTTAAACTCAGATATATAGGGTAAAAGATTTTTGTTTATAAAATAGAAAGGTGGTTTTGGTGAACATGTGATATAGATCTTAGACTTATCTAAGTTTTCAAAGTTTTGATTCCAAAGAGTACCGTTTGTTTCTATAAATACTTGATAGTTGTTTTCTATAAGATTTCCAACCAAAATATCAAGATTTTCTGTAAAGAATGGCTCACCGCCTGTAATACAAACTCTTTTTAGATTGTATTTTTTTATCTCTTCTAAAATATCAGATATACTTAGTAACTTAAAGTTTTCTCCTGTATAAGAGTAGGGGGTATCACACCAACTACATCTTAAATTACAGCCTTCTAATCTTATAAAGACAACAGGAAGACCTACCCATCTTCCCTCGCCTTCAACAGAACGAAATATTTCAACAACTTTAAAAGTTTCTTTATTGAGGTCTTTCTTCAACAATTTCATAAGCTTCTATTATGTCTCCTACTTTTATGTCATTAAAATTCTTTAAAGTAAGTCCACATTCAAAGCCTTTCTGAACTTCTTTAACATCTTCTTTAAATCTTTTTAAAGAGCTTATCTCTCCATCGTATATTACAACACCATTCCTTACCAATCTGGCTTTTGCATTTCTTTTAATTATGCCATCTGTAATATAACATCCTGCTATTGTACCAATAGATTTTGCTTTAAACGTTGCTCTCACTTCCGCAGTCCCGAGCAATACTTCTCTATAAGTAGGAGCAAGCATACCCTTCATTGCTTTTTCTAAATCTTCCAATGCTTGATAGATAATGTTATAAACTCTTATATCTACGTTCTCTTCTTCTGCAGCTTTTCTTGCTCCAGCATCTGGTCTAACGTTGAACCCTATAATTATTGCGTTAGATGCCGCTGCAAGCATAACATCACTTTCTGTAATTCCACCAACAGCACCGTGTATTATATTAATACTTACTTCACTAAATTTATTTGAAAGCTCTTCTATGGACTTTCTGAGAGCCTCTAAAGAACCTTGTGTATCAGCTTTAATAATGATATTAATTTCTTTAACTTCGCTAAGATTTTCTAAATGTATTCTTGTCTTTTTAGCAAGAAGCTCTTCTTCTCTTCTTAATTTTCTAATTTCAGCTAACTGTTTAGCCTCTCTTTCTGATGCTTTTACAATAAATTTATCTCCCGCTTGAGGAACTTCTTCAAATCCAAGCACCTCTACGGGAGTTCCAGGTCCTGCTTCTTTAAGCCTTTCTCCTCTCTCGTTCAAAAGAGCCTTAACCTTACCCCAAGTATAACCAGCTACAAAGTAATCTCCAACTTTTAAAGTACCATTCTCAACTAAAACAGTAGCTACAGGTCCTTTCTTAGGGTCTAATTTAGATTCAATAACTGTTCCTACTGCTTGCCTATTAGGGTTTGCTTTGAGTTCTAACATTTCAGCAACGAGTAAGACCATTTCTAAAAGCTCTTCTACATTCTTTCCTGTTTTTGCAGATACATCTACAAAGATCGTATCTCCACCCCATTCTTCTGGGATAAGTCCATACTGGGTAAGCTCTTGTCTTACTCTCATAGGGTCTGCACCAGGTTTATCTATCTTGTTAACAGCTACAACAATAGGAACTTTTGCACTTTTTGCGTGGTTAATAGCTTCTACAGTTTGAGGCTTTACTCCGTCATCTGCAGCAACTACTAAGATAGCTATATCTGCAACTTTTGACCCTCTTGCTCTTAAAGTTGTAAATGCCTCGTGTCCGGGTGTATCCAAGAATGTTATTTCTTTTCCGTTTGGAAGTTTTATTTTATAAGCACCTATATGCTGAGTGATACCACCATGCTCTTTTGCTGCAACATCTGTTTTTCTAATAGTGTCAAGCAACGTAGTTTTTCCGTGGTCTACGTGCCCCATTACTACCACAACAGGCGGTCTTGGGACAAGATTTCCTTCTTCTTCAGCTGTTTCTTCTTCAGAAAGGATTTCTTCCTCTGCTTCTTTTTCTTCCTCTACACCTTCTTCTTTCAGTTCAGCTAAAAATCCGTGTTCTTCTGCTATTTCTATAGCTATCTTAGGGTCTATTGTTTGGTTTACTGTTGCAAGTATTTTTCTTTTTAATAAATCCATCAATATTTGATTTACAGGAATATCTAATAAATCTGCTAACTCTCTAACTGTTATTACTTCAGGGATTTGGACGATTTTAATTTCTTCTTCTTTTGATTGCTCTTCTACTTCTTTTTTCTTCTCTTCTTTCTTAGGCTTTCTCTTTTTAGGTTGGCCTTCCATTAACTTTCTGAGGGCTTCCATTTCTTCTTTTTGTTCTTTTGCTAATCTTGTTTCTCTTTCCTCTTTTGTTTCTTTTTTCTCAACCCTTTTCTCTTCTTTTATAGACTCTGGAACGATAGCAATAGGGGTTGGTTGTTTTTCTTCTCTTTTTTCAAATCTCTCTTTTTTCTCAAATGGCTTTCTTTCTTCTTTGTATTTTTCTTTTTCAGCAAAACCTTCCTTAGGAGGTCTTGTTTCCTCTCTTTTTTCAAATTTTCCCTTTTTCTCGTATTTTTCTCTTTTTTCATATCCTTCTCTTTTTTCGTATGGCTTCTTTTCGAAAGGTTTTTTCTCGTAAGGCTTTCTTTCTTCTTTCTTTTCAAATTCTCTTTTTTCTTTTCTGAAAGGCTTTCTTTCTTCTTCTGCAACTACACCTTCTATTACTTCAGGAATTTCTTCTTTTTTTGGCTCTGGCTTAATTTCTTCTTCTTTTTTCTCTTCAGGAATTTCTTTTATTTTTTCTTTTGCTTTTAACTCTTCTTCTTTTTTAGCTTTTTCTTCCTCTTCTCTTCTTTTTCTCTCTTCTTCTAATTTCCTTAACTCTTCTTCTCTTCTTTTCTTTTCATCTTCTATGGCTTTTTTAACTTTTTCAACAGTTTCTTCATCAATGATTGTCCAGTTTGTGATCTCTTTTGAAAATCCCACTTCTTTTAATTTTTCTTCTAATTCAGAAAGAGTTATTCCTAAGCTGTGATAAAGGTCAAAAGCTTTAATTCCTTTTTCTTCTACTTGGACTTCTTTTACTTCTTGTGATTTTTTATATCTATCTTTGATTAAATCCACTACTTCATCAGGTAATTTATCTGTAATCTTTTTAAGCCCTAATCCAAGCTCTTCATTTAACTCCTCTTTTAATTTTTTAGGGTCTATGCCTAACTCTAATGCTAAATCCTTTAACTTCAAATATGAAACCTCCTATCCTTTTAAAAAACGTTTTATTTCTCTGCCCAAGTTGTTTTCTAAAACTGCAACAACGCCAACGTTATTTTTTCCAAAAATTTTTCCAAGCTCCTGTTTATTTTTGAAAAAATAAATTTCAAATTTATTTAACTTTAATATATCCTTTTTTGTATTCTCTGAAAGGTCTTTTGCTAAAATCAAAAAGTGCTTTCCTTTAAGTTTATACAAATTTTCATATCCAAACTTTAATTTTCCAGACCTATAAGCAAGCTGCAGCAGTGATATAACTTTCTTTTCAGCTTCTAAATCCATTATTTACTTGGTAGTTTTTGAATTCTCTCAAAATCTTCTTCACTTAATATATCTATATGCCAGCCGGTTAACTTGTGAGCTAATTTTGCATTTATGCCGTTTTTTCCTATCGCTAAGGAAAGTTCTTCTCTTGGAACAGCAATCTCTATTCTTTTTTCTCTTGGAAGAAGTCTATATTTTTTAGCTCTTGCAGGAGCTAAAGCTCTGATAATAAATTTTGCCGGGTCTTCATCCCATTCTATAACATCTATCTTTTCACCGGATAATTCTGAAGAAACATTTAGGATTCTGCTGCCTTTTAAGCCGACTACGACACCAACAGGGTCTATATTTTTATCCTTTGAATAAACTGCTACCTTTGCTCTTTCTCCTGGCTCTCTTGCAACCGCCTTAACCTCGATTTCACCTTCTGCAATTTCAGGAACCTCTATTTCTAATAATTTTTTAAGAAAGTTAGGGTGTGTTCTACTAAGTATAACCATTGGTGGTTCGAAAACTTTTATGACCCTTTTTAACTTTCCTTTTTCTATGATTGGATAGGTGTTTTCTTTAGAAACTTTTAAAACCAAAGCTCTTATTCTATCACCTATTTTGTATTTTTCCTTTGGAATTTGCTCTTCCTTTG
CP001080.1_gap15	633552	635174	1622	TTAATATCTATAGTTCTTCCTTTGTAGTATTGGAATGTATCTATCTTGTTGTATGTTGGGCATGGAGATAATATGTTTACAAAAGAAAATCCTTTATGTTCTACAGCAGCTTTTAAGATTTCTGCTTCATGCTTTGGATTTCCTGAGTAGGTCTGAGCTACAAACGTTGCTCCACATGCAATTGCAAATGCTATTGTATTCATTGGCTCTTCAATGTTTCCATAAGGTGTTAAAGAACCCTTGTATCCAGTTCTTGAAGTTGGAGATTGTTGGTTTTTTGTTAATGCGTACATTCTATTATCCATACAAACAACAGTCAAATCAAAGTTTTTTCTCGCAGCGTGTGGAAAGTGTTCCATACCAATAGAGAATAAATCTCCATCACCAGCTGTTACAATTGCTGGAACTTCTGGCTTTGCAAGTCTCGCACCAACTGCAACAGGTATTGCCCTACCATGGCAAGTATGAACTCCAAAAGCATTCATCCATAAAGGTAATCTTGACGAACATCCAATTCCTGAAACGAGTGTTAAAGCTGTTGGGTCAAATTGTTCTTCGCTAAAAACCTTTGCAAGTCCACTAACAACTCCAAAGTCTCCACAACCAGGACACCATGTTGGCTCTATATTACTTCTATAATCCTTTGGTTCTAATTTTTCTTGTAATCTTACAAATCGGTATGACATTTCTACTTACCTCCTGTTAAAAATTTTTAAGCATTAACTTTGCTTCCTACTAACTCTTCAATTTTAGCTTCAATTTCTGCAGGTATAAATGGCTCTCCTCTGTAAACATTGAATTGAACTGGTCTTACATTTGTAAACATTCTAATAAATCTTGCAAATTGACCTGTATAGTTAGCTTCAGGTACAAGAGTAATATCAGACATGCTTGCAACTTTTTCAATAGCTTTAGCCGGAACAGGATACAAGAGTTTTGGATAAAGTGCAGCCACTTTATAACCTTTCTTTCTTAATCTTTGAACAGCTTCTTTTGTGATAGATGCTGTTAATCCCCATGCTATTACAGAGATATCAGCTTTTTCGCCCTCTTGTAAATCTCCAAGATCCCACTCTATAAGATGTTGGTTCTCATCTTCTATATTTTGAAGCTTTTTAAATCTTTTTTCCATCATTTTTACTCTAACGTCTGGTCTTGTTCTTGGGGATGAGTCTTCGCCGTGCTCTAATCCAGTTGCTGCATATGGCTTTGGAGATACACCCGGAGCAAGCATTGGTGCAATTCCAGTTTCTGTAACTTTGTATCTTAAGATTTCATTTGGATCAACGTTCATATCTTTTGTAATCAATGGTCTGTTGATTAATTTTGATTGAATTTCTTTAATGTTTGGTGTTGGAATTGCTTCTGCTCTTAAAGATAATGATGCATCGGTTAAGAATAATACAGGGCATTGATATCTTTCCGCAAGGTTGAAAGCTTCAACTGTTAGATAGAAGTTTTCTTCAACGTTTGTAGGTGCTATGACGATTCTTTGACCATCACCATGACCACCTATTGCGGCTGCGTATAAATCTGCTTGGTCGTGTTTTGTTGGCATACCGGTTGATGGTCCACCTCTTTGAACATCTACGATAACAGCTGGAATTTCTGCCATTGATGCA
CP001080.1_gap16	636836	640082	3246	GGATACCCTCTGTAATACAGATTACTGTTTTTATTCCTGCATCCACTGCTTCTAAAATTGCATCTGCTGCAAATGGCGGTGGAACGAAGATTAGTGAACAGTCTGCCCCAGCTTCTTTAACTGCTTCATTTACAGTATCAAATACAGGTATTCCTTCTACATTTTCACCTTTTTTACCGGGAGTAACTCCACCTACAACCTGTGTTCCGTATGCTTTACATTGTGTAGCATGAAAGCTTCCTTCTCTTCCGGTTATTCCTTGAACAATTACTTTTGTATTTTTATTTACTAATACGCTCATCTTAACCTCCTTACTGTTGTTTATTTGCTGCTTCTACTGCTTTTAATGCACCTTCCCACATTGTATCAGCAGTAATTAATGGCAATCCTGATTCTTGAAGCATCTTTTTACCAAGTTCTACGTTTGTTCCTTCCATTCTAACGATTACAGGAACGTTTATAGATACTTCTTTTGCAGCAGTGATAATACCCTCTGCAAGTCTATCACATCTTAAAATACCACCAAAAATATTTATAAATATTGCTTTTACGTTAGGGTCTGAGAGGATTATTTTAAATGCGTTTGCTATTTGGGTTGCGTTTGCAGAACCACCCACATCTAAGAAGTTTGCAGGTTCTCCACCAGCAAGCTTGATTGTGTCCATAGTTGACATTGCAAGGCCTGCACCGTTAACCATACATGCAATATTTCCATCTAATTTTATGTAGTTTAAGTTGAATTTTTTAGCTTCTACTTCTAACGGCGAAATTTGAGTCGGGTCGTCCATTTCCATAATTTCTGGATGTCTAAACAATCCGTTATCATCAAACTCTATTTTTGCATCAAGAATAACAATATTTCCATCTTTTGTTAAAACTAATGGATTTATTTCAACCATTGAAGCATCTAACTCTATATAAATCTTATAAAGAGTTGTAAAAATTGATGCAGCTTTGTTTAATAGATTTTTTGGAAGACCAAGTTTTAAAGCAAGCTCTCTTGCATGATAGCTTCTTAATCCTATGAATGGTTCTATTGTTTGGGTAATAATTGCCTCCGGATTTGTTGCTGCTACTTCTTCTATTTCCATACCACCAGCAGCAGAAACCATGATAATTGGCTTAGATTTACTTCTGTCAAGTGTAATAGCCACATAGAACTCTTTGTCTATTGCTGTAGCTTCTTCTATATATAATCTGCTAACCGGTAAACCCTCCGGTCCTGTTTGGAATGTAGCAAGCTTTTTACCAAGTAACTCTGATGCTATTTGTTGAACCTCTTCTATAGATTTTGCAAGTTTAACACCACCGGCTTTTCCTCTACCGCCTGCGTGAATTTGGGCTTTCACAACAACCGGCCATGTTCCAAGCTCTTCTGCTGCTTCAACAGCCTCTTTAACATCAAAAGCCGGATAACCTCTTGGTACCGGTAGACCATACTTTCTAAAAATCTCTTTTGCCTGATGTTCATGGACTTTCATCTACGTCAACCTCCTTGTATTGATTTAGTCAAAGTCATATGAGTAGTAAATCTTTACTCCTTTTTCTTCTGCATATCTATCTACTTGTGGCAATGTTTGATAAGTAATCATTATAGGTATAATCTTCTCAGCAAAAAAACCTTTAATCATTTCAATCGTTTTCAAAAACTTATCTACATCTGTCTTTTTAAGCTGACTTTTACCTTCGCCTATGATTACAACCTGTTTATCTTTCTGTCTTCCTTTTCCAAAAATATTAACTTCAATAAACTTTTCTTTGCCTAACTCTAAGTAAGTTCTTATAAGTTTTCCTTCTATATCTATATCAAAGTCTTTTTTCAATAGTTTTGGTAGAGATTTATAAGCTCTATCCTCTAATGTGTATCCAACAGTATGGGCCAGTCCGCCAACTTCTTTTCTTGTTAGTTTTATACCTTCTTCAACTTTAACGAGTCTTTCTTCCAACTTCTTTTGATTTTCTGTAAGTTCTTTTACTGATGCTGTTAACTGTTCAACCCTTTCAGTAAGCTTATTTAATCTTTCTTCTGTTTGTCTTTGAGCTTCTACAAGTTGATTAACCCTTTCTGTGAGCTGGTCTAATCTTTCGGTTAACTGTTCAATCCTTCCAGTAAGTTTATTTAATTCTTCCTCTGTCTGCCTTTGTGTCTCAACTAACTGCTGAAATTTTTCTTCTAACTTCTTTTGATTCTCTGTAAGCTCTTTTACTGACGTTGTTAAATCTTTTACTGATATAGTAAGCTTTTCAACCTCTGTTTTTAGCTCTACAAAGTCTTCTCTTTTTACAGTTTCGCCCAAAAACTTTACAAGTTTTATAATTGCATTTTTTGTTTTTGGGTCCAGCTCTTCCAAAACTTCAAGAAAATCTATCGGTATAACCTGCATTCCACCTTTTCCTCAATGGTCTTAATTAATAAAAGCTAAGCTAAAAATTCTATATATCAATGATTTTTAAAATTCTTAATATTAAAAAAATACGTCGAGTGAGAAATTTAATAAAAGAGGAGATTCTTCGCCGGCTGCAGAATGACAAATAAGGTTACCTTTCTCTGATGCTTATCATTCAACCTTTCTATGTCATCCCGAGGACCTTAGTCCCAAGGATTCCTTCATCTAAATTTTATAAAAATCCCTAATTTCTCACCCCTACATATTCAATATTTATAATTGAACTTAAATCACTAATTTTCTATATTTCTTTTGACCTTCTTCAAAAACATCTCCACCATATATATCATTAGCAACAATTACAGGAAAATTCTCAAAATATAGCTTTCTGATTGCCTCCGGCCCTAAATCTTCGTATGCTACCATTTCTACCTTTGTAATATGTTTAGATAAAAGCGCTGCCGTTCCACCGTAAGCAGCAAAGTATACTGCTTTATATTTCTTTAAAGCCTCTTTTACTTCCTGACCTCTCCATCCTTTACCTATGGTTCCTTTTAGTCCAAGCTCAAGAAGTTTTGGAGTGTATTTGTCCATTCTGTAAGCTGTTGTAGGTCCTGCCGAACCTATTGCTTGACCCGGTTTTGCCGGTGTAGGTCCAACGTAATAAATGACCTGACCTTTTACGTCAAAAGGCAATTTTCCAGTTTTTTCATACTCTTCAAGCATTCTTTTATGTGCTGCATCTCTTGCTGTATAGACCCAACCGTTTATTAAGACTTTATCTCCGGCTCTTAAATTTTCTATAACTTCATCTGTTAAAGGTGTTGTGATTATTTTAGCTTCTACCATAGTCAAACTC
CP001080.1_gap17	813401	817950	4549	TCTTAGATTCTTTAACCGGAAAAATACCAGAAGATGCTTTAAAATTACCAGTTCTACCACCTTCTTCACCTAAGACACCAAAGCCTCAAATATAACAATCCTTGCCCGGGAGCTTAAAGCTCCCGGATTAAATCATTTTATATCAAAATAGTCCTTTCCTCTGATAGCCCTATCGCTCCAACCTTGTTTTTCCCAATATCCTTTATAATCATAACTAACGACTTCTATCTCTTTAATCCATTTAGCAGATTTATAACCCCACTTTTCAGGACACACAACCCTTAATGGATATCCATGGTCTAAATTTAAAGGCTTAAATAATCTTCCGTCTTCATCTGCGTTTATCTGATATACTAAGACTGGATTGTATTGATTGATATAATCAATTTCTATGCTTGTATGATATCCGTCAAAAGACCTAAAAACAACTTCTTTACTGTTTTTCGATGGCTTTGATTTTTCTAATATTTTAGATAACAAAATTCCTTTAACTTTTATCTTCCCTATTTTATCACCTTTGGCATTAGAGACACATTCAAGGATCATATCTTTTTCTACAAAATCCATGCTTAAAATATCTTGATAGGTATATTCAAAGCTCTGCTGAACATTACCAAATACTTTTAATCTATAATTTTTTAAATCTAAATTTTTAACAGAATCTGGAATACCTTTAATATCAACAATGTAAAGCTTATCTTGCGGTGTATACTTAATCAAATCCACCGGCTTAGTCTTTTTAAAAGCATCTAAAATTCCTGCAAAGGATTCAAAAGGAAGTAAACCAAGACCAATTAATTTCAATAAGTCTCTTCTGCTCATAGCTATCTCCTATTTAAAATGCAAAAATATAAGAAAGATAAAAATTAGAATATTGAGAGTCAGAACAAGTTTATAGTCAAAATATCTTTTTAATGTAAATGTGGTATGGAATAAAATCAGAATATATAATAAAATCGGAAGTATATTTACATGAAGCCAGTAAACATCACCTCTTTCTAAAAGGTTAAAAAATAATGCCGAAATCTCTCTTGGTTTTTCTATCCAGTATCCAGTAATGCTTTCTAATAGAAATATTGCATATAAAAAAATGGACAATAAAAGAAAAGCTTTTCTCATTTTATCTCAATCTTTTTTATGCTTTCACAGCCTTCTGAAAGGTTGCAGGCTGCACACTTGCCTTTTTGAATATCTTTTTTAAATTTCTTATACAAAAAATAAGAAGCTATTAAAAATAACACTATTCCAAATAGATAACTAAAAATATCCATTTTCCTCTCCTTAACCTTTTTGTAATATAAATTTACTTTGTTAATATTTGTTTTCTATGATAAAACTGTGTCTAAAATCATCATAAAAATAAACCCGGGCTATTAGACCAAGGGTCGCCTCCGTCTCATAGCCTTTTTTATGAGTTTCCGGTATCATCTCTTTGCTTACAATAAAGAGCATTGCTCCACCTGCAAAGGCAAGACCAAAGGGTAGTATATAGTTTGAAATTGTAAATATAGCGATCGCAACCAGTCCGCCTATTGGTTCAACCAATCCTGTCAAAAGTGATACAAAAATAGACTTTTTAATAGAAAAGCCCTTTAAGTGAAGTGCTAAGGCAACCGCCATACCCTCCGGAATATTTTGAACACCTATACCAAAAGCTAAGGATATTCCGCCGTATATATCACCCTTAAAAAACCCTAAGGCTGAAGACATACCTTCAGGAAAGTTGTGAATTGTGATTGCCAAAACAAAAAGCCACATTTTCTTTAAAGCTTTTGCATCAGAATTTTCATAAATCTTCAAAAAATAATCTTCCGGTATCAATTTGTCCAAGATTAAAAATAAAAAAGTTCCGCATAAAATTCCAAAAGAAATAAAAAATACGTTAAAGGGTTTGTGAAAGGCATTTTCTGAGATGCTTAAAGCTGGAATTATCAAAGAGAAAACTGAAGCTGCTAACATTATTCCAGCACTAAACCCAAGGAGAACATCTTGAACTTTTGGACTTATTTTTCTACCAATCAAAACAGGAAAGGCACCTATAACAGTAGCCAGTCCTGCAAACAAACTTCCTAAGAATGCATAAAAATAAAGATTCATTTTATTAGGTTTTTAATGTTTTCCTCTATTTTCTTTAAGTCTCTTGCAGTTACCATTATGTTTTTTATCGTTCCGTCTTTATCAATAAATACAATGTAAGGAACATCTACTTTTTCTATAGAATATGCTTTAATTGAATCACTTCCGGCCAGCCATACTGGAAAATCAAAATGAAGCAACTTTTTAGCCTCCTTTACTTCTTTATCATCAGATACACTGAGTAGCGGTGCAATAAGAATGATTTTATCCTTATATTTTTTACCAATTTTATTTATTTCTGGTAATACCTTATAAGTATCTACATCGCCAATAGCCCAGTATACAACCACAACTGACTTACCTTTTCCTGCCACATCAGAAAGCTTTACAATTTTACCCTTTTCATCTTTTCCATACACATCAATAAACTTTTTGCCAATCAAATCTTCTGGATTTGCCGCAAAAGCTGATGCCACTACAAGCATTAACCCAATAAAAACTTTTTTCATGATATATCTCCTTTATTAAAAATGATTACTATTATTATAATTCTATCTAATATTTTAAAATGAGATTAATCAGTGTAATATATTTTATATCCAAATTTTCGTATGAAGGTTGAAAAGCAATGTTAATAACCATTAACTTAAGAACTAAAAGTCATACAGATTTTATTGATATTACAGACTTAATAAGTCAGGCTATCTCGGAGAGTAAAGTAGACTCTGGCATTTGCACTGTATATGTGCCACATACAACGGCTGGTGTTTTTATAAATGAAAATGCTGACCCTGATGTTGTTTATGATGTAAAAAATCATCTTGAAAAACTTGTTCCATGGATGAATAATTACAAACATATTGAAGGCAACGCTGCTGCACACATAAAATCTATTCTCACAGGCAACAGTATAAATATTATTATAGAAAATGGAAGACTGCTGCTTGGAACATGGCAAGGTGTATTTTTTGCAGAGTTTGACGGACCAAGAAATAGAAAAGTGTATATCAAAATATTGAGAGGTTGAAATGGATAAAGTAAATGTAGGCTTGATTCAAATGAAATGTAGCGATGATGTAGAAGAAAATTTTGAAAAAACCTTAGAAAAAATTAAAGACCTTGCAAGAAATGGAGCTAACATTATCTGTACTCAAGAGCTTTTTAAGTCTAAATATTTCTGTCAAGTTGAAGATTGGTCTTATTTTAAGCTTGCAGAAGAAATAAATGAAAATTCTAAGACTATAAAAACCTTACAAACAATGGCAAAAGATTTAAAAGTTGTGATAATAGCATCTTTGTTTGAGAAAAGAACAGAAGGAATTTATCACAATACAGCGGTAGTAATTGATGCTGACGGAAGTTATCTTGGAAAATACAGAAAAATGCATATCCCGGATGACCCACATTTTTATGAAAAGTTTTATTTTACTCCCGGAGACCTTGGATACAAAACTTTTAAAACAAAGTATGCGGATATTGGCATTTTGATCTGCTGGGACCAATGGTATCCAGAAGCTGCAAGGTTAACCGCATTATCAGGTGCTAAAATTCTATTTTACCCAACTGCTATAGGATGGCTTCCATCGGAAAAAGAAGAGTTTGGAAATTCTCAGTATAACGCATGGGAAACAATCCAAAGGTCTCATGCAGTAGCCAACGGCTGTTATGCAGTGGCGATTAATAGAGTCGGTTATGAAGAAAGCCCTGACGGAAATGAAGGAATAGAGTTTTGGGGTCAAAGCTTTGTATCAAATCCTTACGGAGAACTTCTTGTTAAAGGCTCTGTAGATAAAGAAGAAAACATCATTTGTGAAGTAGATTTATCAATCATAGATTCAGTTAGAACTACTTGGCCATTTTTTAGAGATAGAAGAATAGACAGCTATCAAGATATTACAAAAAGATTTATTGACTAAAGGAGGAAGGCATGGAGTATATAGTTATACTAATAACCACTCCATCTAAGGAAGAAGCAGAAAAAATAGCAAACTATTTAGTAGAGAATCATATTGTGGCATGTGTAAATATAGTTGAAAAAGTAAATTCCGTATTCTTTTGGCAAGGAAACATAGAAAAAGCAGAAGAGTCTTTGATGATTATAAAGACAAAAAAAGGCGTATTTAAAAAACTAATAGAAGAAGTAAGAAAGATGCATAGTTATACTGTTCCGGAGATTATAGCACTGCCAATTATTGATGGCTTTGAAGATTATTTAAAATGGATTGAGGAGACTGTAGCTTGAAAGATTTAATTATTTTTATTATTTTTGCTGTTGTAATGTTTCTATCGATCGTTGGAATTAATAAAGTTGTATTAATAATACAAAGTTTGGGAGGTGTTTTTGCTATGGCTGGATTTATACCTGTTTTAGTTGTATTAGCCATTATCTTTTTGGCAACTTCAGTCAGAATAATTAATGAGTATGAAAGGGCTGTTGTTTTTAGACTTGGTAGAGTTTTAGGAAGACCAAAAG
CP001080.1_gap18	843625	844176	551	AATCATTGCTTTTTTTAGCATGTTAAGATAATTATCAAGCTCTGCTACATATCTAAATGGAAAGCCTGTTGACACAACTGCCTGCTCGATTGGTCTGTTGGATACTTTTATCTTTTCTCCGTTTAAATAGCTACCTGCTCCTTTTTCCGCCCAGTAAATTTTATCTAACATAGGAACGTAGATAACGCCAACTATCGGCTCATTGTTTTGAAGAAGTGCAACCGATACAGCAAAAATCTCAAAGCCACATATGTAGTTTTTCGTCCCATCTAATGGGTCAACCACCCAAGTAAATTCGCTTTCGCCAAACCTTCCGTCCTCTTCACCAAGAAAAGCATGGTCAGGAAAGTTTTTAAGTATGTGATTTCTTATCCTTTCTTCTGATAATTTATCAACATATGTTACAAAGTCTTTTATTCCTTTATTCTCTATATCAGATTTTTTTACTTTTTTAAAATTTTCTTTTAAAATTCCCCCACCAATAAAAGCCGCTTCTTTTGCTACTTCTAAGAATTTACTCAAGTTCAGCTCCTTTTAATCTTGGTTTTTAA
CP001080.1_gap19	853537	855107	1570	CCTTCACATTTAGTTTTATTATTTTCCCACCAACAGTTTTTGTAAACAGAAAATTTACCTCCTTTATACTCAAAACCAAGGTCTCTAATTGATTTATCAACTTCACCAAGTATATTTATTAATTCAGACTCTTTAGACCCTTTAACGCTTATATCAACACTGACAGCCAAAATATCCGGTTCAATTTCTTTCTTGTCTTGAATAATAGTTTTTATGTATGTGCATTCTTTACATTCATCTGAAAAAGCATTTATCATAGGTAGTAAAGTAAAGACAGCAGAGATGATGAAAGCTTTTTTATTCATATTTACCCTCTGTGGTAAGTTTAAAAATTTTTAGCACTAATTTTTTAAGATTATAGCAAAAGATTAACCTAAATTAAACGCATGTATAACCTTTATCCAAATTAAAAATACAACCGATGCAAATATAAGAGAGTCTATCCTGTCTAAAACTCCCCCATGACCCGGAATTAAATTAGAAGAATCTTTTTCGTTAACCTGCCTTTTGATGAAGCTTTCAAATAAGTCTCCAATCTGAAGAATAACAGCAGAAATTATCACAGGAATCATAAATTTTATGTCAAAACCAAGATACTTAATAACCAAATAACCTCCAAGCAAAGAGCCTAAAAAACTGCCAACAGCACCTTCTACAGTTTTCTTGGGAGATATTCTTGGTGAAAGTTTGTGCTTTCCAAAATTTTTTCCAACAAAGTATGCAAGTGTATCACCGGTCCAAACAACGGCAAAAAGTAAAAATAACAAATACTTATTATAATCGACTAACAAACCAAGGGATGAAACAAAAAATACACTGTAAGACAGTCCAAAAATAGTAATTGCTAAATAATTTAAATCCCATTTTTTAGATGCTACATAAAAGCTAAACAGAAATATAATTAATATAGATAAATATGTATCAATGAAAAGTAAAGATAAAGATGATAAAAAAGCCATTATAAATACTATTGGATGCTTTAACTCCGGATATTTCTTTCCAATGAGATTAAAGGCTTCATAACTTACTACAACTGTTAATAAAGTTATGACTATCTTTAAAGCTTGTGCAGGTAGATAAATGATCCCGCCGATTGTAATAGATGCTAAGACTACGGCAGATATTACTCTTTTTATTAATTCGCTCAATTTTCTTCCTTTATTGCTTCGTCTTCTAAGATGATAGGTATATCTTCTTTTATTGGATATAGTAATTTACAATTTTCACATTTTAAAAACTCTTCTTTATCTTTTTGTATTAATATTAAATCTCCTTTACAAACCGGACAGGCTAAAATGTCTAAAAGTTCTTTATTTAGCATAATTTCTCTCTCCAAATATTGCTGTTCCTATTCTAACTATTGTAGCACCTTCCTCTATTGCAACTTCAAAATCATGAGACATTCCCATAGAAAGATGAGACAGTTTTACATTATACTCTTTTTCAAGATTGTCTCTCAATGTCCGTAGTTTGATAAAATATGGTCTAACATCTTCAGGATTTTCAAAGTATGGTGGAATAGCCATTAATCCATGAATTTTTATATATTTTTTTGTAAGAATATACTCGA
CP001080.1_gap20	992251	997193	4942	TTATTTTTAAGCATTTTGTCTTTTACAAAAGACAGTTTATTAGCAGGAGTGCTTAAAACTATACTACAAACTCTATCGGAATTTATAGAGCTGTAGTTATTATATTGAAAAGCTTCAAAATCGGTTTCGTTGCTTTCAAAAACTACTATTTTATCGCTTATGTTAAAAAACCTTGAATCTACGTTAGTGCCAGGATTTAGTATTACAAGCTTACCTTTTGAATTAACATATGTATAAATACTGTTATAGTAAGAATATTTTTTAATGTTGTTAGAAACCTCATCGATAAAAAATCCGTCTATCTTGTCAGTTCCGTATAATGAAAGCCATTTATTTATGTCGCTTGTAACACTGGAAAGACTTCTTTTCCCATATCTTGTATAAACATATCCAATAACATAAAAGCCTTTTGCTTTCAACTTATTGATTGCATCTATATAGTTAGCATCTACCGAATTCCCTGGACCATTATTTGGATTAATTATTACATAGACAATTTTAGATGTACTTAGATTATAAAGCTTGTCCCACTCAGATTGATATTGTCCAACCGGATAGGAGTACATTGGAATTACATAAGACGTTAGGTCAGTTAGATTAATGCTGTTTGAAAACAATTTAGTGTCTGTTGGCATATACTACTGCCAGATGATGAAATTCCCCCTTCGCCACCACATGATACCAAAAAAACAAAAATCACCATTAAAAAAACCTTTTTCATTCTACCACCTCCACTCTACCTTTATTAACTTTATATATTAAATCAGCTCTATCTTCTACCTCCTCATCGTGAGTTATAACTATTAGCTGTTTTAAAAAATTTTTTTCTTTAAAGTCTCCAAGTAAATCTATAAGCTCCCTCTTTCTTTCTTGGTCTAAATGAATTGTTGGCTCATCTAAGATTAAAAAGTCTGTCTTTTCATTAAAAAGTCTTGCTATTGCCAATCTTAACGCTATTGCAAGTGCTATTCTTTGTCCACCGCTTAAAGCTTCACTGGAAACCTCTATATTACTTGCTCCGACCTCTAAAGCATCAAAGATAATATCATATTTTTCTGTAAATCTTAGTCTTGAAAATTGAGTAAATCCAAACTTTTCAAAAAGCTCTTCTGTATACTTAGGTAGTAAGTATAATGCCTTTTCTTCAAGCACTTTGCATACATAATCTATAGATTCTATAGCTTTGCTGTATTTCTCAAGCTTTATTTTCAAAGTTTCTATCTCTTGCTCTTTATTTTTTAGCTCTTCGATAGATTTTTCATAATTATTAATTTCATTCTTCAAGCTACCTATTTTTCCGGATAGTTCTAAAAGCTCTTTTTGATAATTATCTTCTTTTTCTTTAAGAAATTCTTTTTCTTTTAATAGCTTGTCTAACTCTATTTTATCTAACTTTTCTCTTAGTTCTAAGAGTTTTTTATTTTTATTTTCAAGCTCTGCTTCAAATTTTTTTATGTTTTCTTTAATTTTACTCTCTTCTTCAATTTCTTGCTTTGCTTTTAAATACTCTTCTCTATACGGCTTTAATTCTTCAATTTTCTCTTTTGTTTCTCTTAGCTTAATTTCAATCTCTTCTTTTGACGATGCAGAAAAATCTATTTGTTTTAATAGGTTGTTTATCTTCTCTGAAAGTTCTTTAATTTCTTTATTTAGGTTTTCATAGCTTTTTTGAATATTTTTTGATTGTAGATTTTTAAAAAATCCATAATCTTTTTGATGTTCTTTTATAAACTGGTCAATTTCTTCTTTCTGTTTCCTCAAATTTTCTTCATTTTTTAGCTTATGAGTAAAAATGTTAAATTTTTCTCTTGCTTGCTTTAATTCGTCTTCTTTTTCTTTTATTGATTTATAAATTGGCTCTAATTCGGTTAATAACTCTTTTATTTTATCTTGCTTTTCCTTTTCTTCTTTTGAAGATTTTAGTTTTTCGTCTAACTCTTTATACTCTTTTCTTTTTATTTCAATTGCTTGTTCAAGCTCTTTAATTAGCTCTTCTTTTTGATGTTCTTCGATTGGTCTTAGACAGGTTGGACATTTTCCTTCCAGCTTCTGGATACTTTCTAAACTTTCTCTTAAAGCCTTACCTTCAGTTCTAACTTGGCTTAATTTATCTTCCAACTCTTTTATCTCTTTTTCTAACTGCTGAAGTTTTAATTTATTAGCTTCTTTATATTCTTTTATCATTAAAGGATTTAGTTTTAGAGTCTGGAATTTTTGATATATCTTAGTCAGGTCATCTACAATTGCCATATATTCTTGTTTCTTTTTTTGGATATCTGAATTTATCTTCTCAATTTGTTTGTTTAGCTGTGAGATTTCACCTTTAATTTGGTTTATTTCAGCCAATTTTGATTCAATTTGCTTTAAAGAGTTTTGTTTCTCTTCAAACTCTTTAGCTTTGTCTTTATAGCTTTCTAAAAATTTTAAATCTTCTTCAAGCTGTTTGATTGATTCTTCTTTGCTTTCTTTTGTAATGATTAACTTTTCTATTTGGCTTAGAATCTGACTTTTCTTTTCAAGATTTTCAAGTTGGTTAAATTTACTTTCTAATTCTGAAAACTTAGCCTTTAAACTTTCAATCTCTTTCAGCTGATTTTCATAATTTTCAATATTTGCTTTTATGTTTTTTATACTTTCTTCTAACTTTCCAATTTCTGATTGTAAGTATGAAGCTTGTTTTTCTTGGTCTTCTATTTCTTTTAATTTTTGCTTGATATTATTTAGCTTTTGGTTTAGGCCTTCGTAATTTTTTAATAAAATCTCTAATTGATTGTTTAATTCTTCAAGATATTGCTGAATCTGAATTTTGTCAGTTTTTAAAATATCTTCCTGCAAGATATCTAACCTTGTTTTTACTCTTTTTTGATTTTCTTTAAACTGTTCTTGAATTTTTCTGTAAAGATTTATGTTTAAAAGGTCTTCTATGATTTTTTTTCTTTCAGATGGCTTTTCTCTAAGAATCCCTTCTATTTCACCTTGTTTTATTAAGACCGATGTAAAAAATGTTTTTTTAGTCAGTCTTGTTATTTTTGGAAGAATTTTATTTACCTCTTTTTGATAATACGGTCTAAATCTGCCATTTTCATATATAAAAATTTCTGAATTTGTATTTACATTTTTTCCTGTTTTATTTATCTCTTTTATTACTTTATAAAGTCCATCTTTTGTTTCAAATTCAAGCTCTACCTTTGCCTGTCTTCTTCCCCATTTAATTAAGTCTTTAAGATTTCCTTTATCTGAATCTCCAAAAAACGCAAATTGAATAGCTTCAATGATTGAACTTTTCCCTGACCCATTTTCACCAATAATTGCAGTTATACCATTTGGAGAAAATTCTAATTGAGTATCTTCATGTATTAAAAAGTTTTTTAGAACAATCTTTTTCAATATCATTTCTTAACTTCTTTGCCAAGTTTTTCTTCCACTGATTTAATTTTTCCTTCTATTCTATTTTGTGGATTCTTTCTAATATCCATTTTGATAACAGTATAAACTCTATTGCAATCTGGCTCAAGCTGTTTGTATGCTTTATGTATAACTTCAAGGGCTTCTTCCATAGTGTTGGTCTCAAAAACTGTTCCCATTGGAGTAAGTCTGTAAGGTATACCTGATTCATCTATCATTTTAATTATTCTGCTAACATAAGGACTTACGCTTTCTCCTTTATCTGTTGGAAACATTGAAAACTCTACTAAAAACGACATGGCTTTTTCCTCTAAATTAAGATTTTATTATTATAACAATACGTCGAGTGAGAAATTCAACAAAAACATGAGATTCTTCGCTTTGCTCAGAATGACAAATAAGGTAATTATTAACATGCTTTCGTTTTCTCCGTCATCCTGAGGACGTAAGTCCGAAGGATCTCCTTTTATAAAATTATATAAAAATCACTAATTTCTCATCCAAGGTGTTAAGATATTATTATAACAATTTTTAAGATAGATTAAGAAATGTATGTGTAAAGCAAGCTTACTTTTGTTTGGCATCCCGAGGACTTTCTGATGGACTTCCTCTTTAAAAAGTTGAGAAAGCGAAAGACTAAAAGGCAAAGATTCTACTCTCTGTGCCAAAATGACGATATTGATTTTTGCAAGCATTCTCGTGATATATAAAAGAAAATTCCAATACCCAACGTTTGCGAAGAATTTGGTGTAGAATACTGGGATTTATATTAGAATCATCTTTAAAGCCCTACCCTTAAAAATGGTAAAATAAATATATTAAATTATTTTTTCAGAGGTTTAACGATGAAATTAAAAGCCTATAAAAAAGACCTGCAGGAAGCGTTTAAGAAAGTTATATCAGAAAAGAAAACAGCACTTCCTATCTTAACAAATTTCTTATTAAAAGCTGAAGATGGAAAACTAACAGTTTACGGAACAGACTTGGAAGTATATACTTCATACTGGATACCTGCAGATGTTGAAGAAGAAGGTTCTCTTTGTGTAAACTCAAAAAAGATATCAGATATATCAAAAGTTTTAGCACAAAATGAAGCCTTGCTTTATACAGATGGAGAAACTTTAAAAATCACATCAGGAAAAACAAAATATAGCCTACCAACCTTTGAAGCTGATGATTTTCCATTGCCTGAAGCCTTTCCATCTGATTTAGCAGTATCAATAAGTGGTAAAGAACTTTTAAAAGGAATATCTAAAACGATTTATGCTGTTTCAAAGGATGAAAGTAGATTTGCTTTAAATGGTGTTTGTTTTTCCTTTATTAAAGGAAAGCTTGATTTTGTAGCAACTGATGGTCATAGGCTTGCTTTATACTCTACTGAAATTACTGGAAAAGGACTTGAAGGTAAGTATATCGTTCCACAAAAAGCGTTAAATGAGATTAAAAAACTTGTAAGTGATGTTGAAGATGTAGAAGTGGCAGTCTCCGGAAGTAGTATATTCTTTAAAGGTTCAAATTATGTTTTATCTGCAAGATT
CP001080.1_gap21	1001495	1002815	1320	CAGACAGCTTGTAGCTGAAGGAAGCTTCAACGCTGCATTTATTCCAATCTATACTCAAGAGTACTCAAAATCTTCCGAAAATGCAAAATGGTATGCATCATCATTGTTTACATATTACACGATAGTTTTGATAGTACTGACTTTATTAGTCATAATTTTTGCTCCTTACTTTGTAAAAATCATAGCTCCCGGATTTGCCAACAAAGGAAATTTTGACCTTACTGTTGAGCTTGTAAGATGGATTTTTCCTTATCTAATTTTGATAGGTTGGACATCATTCTATATGGCTTTATTAAACACTAAGGATAGATTTTTTATTCCGGCAGTAGCACCGGCACTGCTAAATCTTGCCTTTGTGATTACCTCAGTATTTTTGTCATACTCGATGGGAATATACTCATTGGCAGCTGGGGCTTTACTTGGTGGATTTTTACAGCTAATAATACAATTTCCTCTTGCAATCAAGGAAGGGTTAATCGTAAAACCAACCTTTACAATCCACCCTGAAATTAAAACAACACTAAAAAAACTTGGGCCGGCGTTTTTATCCTTTGGAGTAAGCCAATTTGCCTTTGTAATAGATACAGTTTTAGCATCTTTTTTAATGGCCGGAGCGGTTACTTATCTGTATTATGGAAATAGAATATTTCAGCTTCCACTTGGCGTTTTTATCATTGGACTCGGAAATGCTCTCTTAGTGTCTCTCTCAAAAAATTATGCAAATAAAGATTTTGAAACTTTTAGAAAAGACCTTACCTTGAGCCTGAAATTTTCTATCTTTATCTCAATGCCAGCAACCATTGGAATGATTTTTCTTGGCAAAGAAATCATAGATGTTTTATTAGTAAGAGGTGCTTTTAACGAAAAAGATGCTCAGCTAACATACTACGCTTTGATTGGTTATGGTCTTGGACTTCTTGGATACTCTTTAACAAGACCATTCAAAAGTGCCTTTTTTGCAATGGGAGACACTAAAACACCCCTTTACTCAACCATGATTGGGATTATGGGAAGTATTATCTCTGCTATTGTTTTAACATTTATCTTAAACTTTGGCGTTTTTGGTCTTGCCTTTGCTTCATCTCTCGGTGGATATATAAACACAATCTATCTTTACAAGCATTTTAAAATGAAGATAGATTTAAAAGAAATTTTTAAGACATTTATAAAAGTATCCATTGCCGGCTTTATTATGATTCTCTTTATAGAGGCTTTAAAGTTTTTTGTTTTTAATACGTTTATAGTTGTATTTGTTGGGATTTTAATAAGTAGCATTGTATATTTGTTTGTTAATTATTTATTGAAAGAAGATACAACGAT
CP001080.1_gap22	1014819	1019014	4195	GTTTACGGCGGTAAATCTATTAGCCATCAAATAAACTTTTTAAAGAAAGGTTCGGATGTGGTAGTAGTTGGTACACCAGGAAGAGTTAGAGATTTATTAGAAAGAGGCGTTTTAAATCTTGATAATGTAAAAATGTTTGTTTTAGACGAAGCAGATAGAATGCTTGAAATGGGATTTATAGACGATATTGAAGAGATTATGTCTTACCTTCCAGAAGATAGACAAAATTTATTATTCTCAGCAACTATGCCAAAAGAGATTTTAGATTTAGCTGAAGAGTTTTTAAATGAGAATTATGAAACAATAAGAGTTAAGCCAGATGAAGTGACTGTTGAAAAGATAAAACAAATCATTTACAGAGTAAATCCAAGAGATAAGTTTAAGAAATTAACAGAAGTTTTATCTCAAAATGAGGCAGAAAAAGTAATTATTTTTACACAAACTAAAATCGAAGCTGACGAGCTTGCAGAAAGATTGAATGAAGAAGGCTTTAATGCAAGTGCTATTCATGGTGATTTTTCTCAAAAGAAAAGAGAAACTGTTTTACATAATTTTAGAACAGGCAAATTAAAAATTCTTGTAGCTACGGATGTTGCAGCAAGAGGACTTGATATAAAAGGTGTTGACCTTGTTATAAATTATGGTTTACCAAGAGATGCAGAAAGTTATATCCATAGAATAGGCAGAACCGGAAGAGCAGGAAGAGAAGGGACAGCTATTTCTATAATGACTCCTTCTGAAGACAAACAACTTCAAAATATTCAAAAGAAAACAAAAGCGAATATAGAAGTCATAAATGAAGCACAAGAAAAGAAACTTTCTTCAGCACAAAAAGATAAATCTTCTCAAAAAGAAAGGTCTTCAAGAAATCAAACAAGAAGAAGACAGAGAAGTTAAAAATAGATAGAGGCTCGTAATACGCATCTGGTATATATTTAGAGTGAGGAAGCGAATAAGTGATTAATGAAGAATGATATATTGGGCAGTTCAAAAGCTGCCCATACACCATACATCAAAGGGGTTTGTGATTCGCTTCAAATAATGCGTTTTATTTCTCACATTTAAATGATTAACTCTAGATATTTCTGTTGTTCACAATTTATTTACAAATCTAATACTCAAGTTATTATATAATTATTTAAAGATAAAAAAAATTAAAAGGAGAAGTACATGAAATTAAAGTTATTTTTTGCAGGATTAATGTCTGCAGCATCATTAGTAATGGCAGCAGAAAGTTGTTTAGGTGGTGGTTCTAAAGTAAGTACATCAGAAGTTCAAAAAGCACTATCAGGTATACTTGGTAATGCAAAGGTTGTAAGTGTTTCAAATGCTCCAATTAGCGGTTTATATGAAGTTGTTATCGAAAGTGGTGGAAGAAAAGTACCAATCTATATTGATTGCAATTTAAAATACTTGGTGAATGGTGAAATAATAGATATTAATAAAAAAGTTAGCTTGACAAGAGAAAGGTTTCAGGCACTGCAATCACAAGCAAACTCAGAAAAAGAAACAAGACTTACTAAGATTTTAGGTAAAGATAAAGTTGAAATGTTAAAAAAAGAAGGTTTATTAGAATCTGTTAATATAGTAGATTTAAAGAATTTGCCAAAACCTAACGTAAGCTATGGAAATGGAAATATTAAAATCTATGTTATAACAGACCCTCAATGTCCATTCTGTGCAAAACTGCATGAAGAAATTAAAAAAGTCTTGGCTCAAAGAAAAGATGTTTCGTTTGAAATGATTATGTATCCATTGCCGTTCCATAAACACGCATCTGGAGTGGCTCAAAATATTATTTGTCAAAACGATAATACAGCAAAGCAAAAAACACTTGATGCTGCATTTTCTTATACTTTAAAAAATGATGAAAATGGGCTGGCATCTCTTGAAAAACCTTGTAATGCTGGAAAGCAAGCTGTAGATAACAATCTAAAATACGGTCAAGCTAATGGAATTAACGGAACACCAACGATAATCTTCCCTAAGGGTGTGGCAATATCCGGTGCATTACCTGCTGATAAATTAAATAAATTGATAGATATTTTAAAGTGATAGAGGTTAAAAATTTAAAAGTTTCCTTTCAGATAGAAAATCAAGTTATAGAGGCTCTGAAAGGAGTCTCTTTTTCTTTAAATAAAGGTGAAATTGTAGCAATTGTTGGAGAATCTGGTTCCGGTAAGAGTGTTACATGTCAGGCTATCATGGATATTCTTCCAAGTTATGCTAAAAAAGAAGGTAAAATCATCGTTGATAATAAGGATTTAGATTCTTTATCCAATGAAGAAAAAAGACAACTTAGAGGAAATAAAATATCAATGGTATTTCAAGAGCCATCTGCGGTACTAAATCCTTTAATGACAATTGGTGAGCAAATAGTAGAGACGATTTTGGCTCATAAAAACGTATCGAAAAATGAAGCAAAAGAATTAGCTTTAAGTGCTATGGAAAAAGTAAAGATGCCAAATCCAAAACAAAGGTTTAACCAATATCCTCACGAACTTTCCGGTGGACTAAAACAAAGAGCTGTAATAGCTATTGCCGTTGTAAATAATCCTGATTATCTTCTAGCAGATGAGCCAACGACTGCACTTGATGTTACAATTTCTTTACAGATATTAAATTTATTCAATGAGTTAAAAGAAACTTTAAACATGGGAATTCTTCTTATTACTCATGATTTAGGAGTTGTAGCCCAGGTTGCTGATAGAGTCATAGTTATGTATAAAGGAGAGCTGTTAGAGGAAGGTAAAGCTTTTGAAATTTTTGACAACCCTCAGCATCCATATACCAAAAAACTTTTATCATCAAGAATTTTTTTGGGAGTGTCCTAAAATTTTTGTAAGTTGTAAAATGCATCTGTAAATATAACTTTGCCTTTTCCTGTCATCCTGAAGACCTAAGTCCGAAGGATCTCCTCTTTTAAAAAGTCAGAAAGTGAGTAGAGGCAATTCATGAATTGCCCGTACAGTGAATAAGTGAGAGGTAAAAGTAAGAGATTACTCAGTATCTATAACATCTCACGGCTTACGTTTCATCTTTAAATGTCTGAAGAAAATCTTGAAGTGTTATAATTATATTTCAAAAATAAGTAGTAATGAGGTATTTTTTGGATAGAAAGCTAATCGTCACTAAAGGCTTTAAAAATACATTTTATCTTATTTTAGAAGACAACATACCCGTTGAACTTAAGATAGAAGATATTGAGATATCTAAGCAAACTGGAAGTATTTATAAAGGTAAGGTTTTAAGATATAGTCAAGCGATGGAAGCTTTTTTTGTTGATATCGGAGAGGATAAAGAAGCTTTCCTGCCAAAAAAAGATATTTGCGAAGAAGTTTGTAAGAATATAGATAAAGGCTCTTCGATCTTGGTACAGGTAAAAAGGTCTCCGGTTAGTACAAAAGGAGCAAAACTTTCCTGTAAAATTTCTCTTCCGGGTAAATATTTGGTATTACTTCCCCAAAGCAAAGGCAAAATTTCTATTTCATCAAAATATGAAGATAATGATGAAAGGAATGAAATTAAAGAAAGAATAAAGAATCTATTGCATGAAATAAATCAAGAAAATTTTGGATTAATCATTAGAACCGCTGCAAAGGATGCACCGGATGAAGCAATTTTAGAAGATTTTAAATTTCTGATAGAATTATGGAACCAAATCCAAAAAGATTATAATAAGAAAAAAGCTCCATCTGTAATATATGAAGAACCATTCAAAGCCTTTGCAATTTTAAGAGATTATGCAGGCTCATTTTCTGAAATAATCTCAGATGATGTGTCTATTTTAAAGCTGATTAAAAAGTTCGTCTTGGAAAATTTTACAAATGCAAACATTAAAATGACTCCTTACAGAAAAAGAAAAGAGTCGTTATTCTATGAATATGAGTTAGACAAGCTGATAAATAAAATCCTATCGCCATATGCATATCTAAAAAGTGGTTCCTATCTTGTAATTCAAGAAACAGAAGCGTTAGTAGTTATTGATGTAAACAGCGGAAGCTGTCATAAACAGAAAAATTTAGAAGAGACAGCATTTAGAATAAACTTAGAAGCAATTCCAGAAATTGTCAGGCAGATAAGACTTAGAGATTTAAGCGGAATAGTTGTAATAGATTTTATTGATATGATAAATCAAGAGCATAAAGAAGCAATTGTGGAAAGACTTAAAGAAGAATTTAAAAAAGATAAAAGA
CP001080.1_gap23	1093845	1094702	857	GCAAAATGGGTAACGTCAATAGAAGAGTACTATACAAACAAATATGGAAAATGGACACCTATGGACGTAGAATGGGCAAAAGATGGAGAGTTAAATGAGTTGTTTGTAGTTCAGGCAAGACCGGAGACAATCCATTCAAGAAAAGACCATTCTAAGATAATCACATATAAAATAACAGAACCCTACGAGGAAAGAATTAAGAAAAGAATCTTAGAAGGTATAGCGGTAGGTGATAAAGTAGCCTTTGGAAAAGTAAGAATATTACATGATTTAGAAGATGCAAAAGAGTTTCAAGCAGGAGAGGTTCTTGTTACAGATATGACAGACCCGGACTGGGAACCAATCATGAAAAAAGCGGCTGCAATAGTAACAAATAAAGGCGGAAGAACTTGCCACGCAGCAATTGTAGCGAGAGAGCTTGGCGTTCCGGCAGTAGTTGGAACAGGAAATGCAACAGAAGTACTTGAAAACGGAAGAGAAGTTACTGTTTCTTGTGCAGAAGGTGAAAGAGGCTATGTATACGAAGGAAAAATAGAGTTTGAAGTAGAAGAGTTTGACTTAAAAGATTTACCAAAAACTAAGACTCCGATAATGATGAACGTGGCATCACCGGAAGGAGCGTTTGACCTTTCATTCTTGCCAAACGCAGGCGTTGGTCTTGCAAGAGAAGAGTTTATTATCAATAACTACATCTCAATCCACCCATTAGCTTTAATAAAATTTGATGAAATCAAGCAGAAAGACCCGGAATTAGCTGAAATTATTGAAGATAAAACATTTGGATATGAAAACAAAGAAGAGTACTATGTTAAAAAACTTTCCTATGGTATAGCTAAGATTGCTGCTGCTTTCTATCC
CP001080.1_gap24	1117918	1122157	4239	AACTGCAGCCAGGTATCCAAAGGCACTTATAACAGCATATTTTTTAGCCATTTCAAAAACTGAGCCTTCTGTTTTTCTAAGTAAATATGCAGCTCCATGCATTGCAAACATAAATAAACCAACAAGTCCCATTGCAAGTGGTACAGGTCTTAAAAGTGTGAAAAAATCTCCTAAGTATGCACCATCTTTATCAATAGGAACGCCTACAACTGCATTACCTACCGCAACACCAAAAAGAATGGCCGGAAGAACATTGCCAATCCAGTAGATAAAATCAAAAGTCCTTCTCCAAGTTAAAGATTCGGATTTGTTTCTGTATTCAAATGCAATGGCTCTACCAATTAAAGCCCAAAGAACCAATAAAATTGCAATATAGAAGCCGGAAAAAGAAGCAGCATAAACAGCTGGAAATGCTGCAAAAAGCATACCTCCACCGGCTATAAGCCATACTTCATTACCATCCCAAACAGGTGCAATTACGTTGTATAAAACGTTTCTATCTTCTTCATTTTTCATAAAAATCATAGGAAAGCCTGTCCCAAGGTCAAAACCATCGGTAACTGCATACCCTATCAAAAATATACCTCCTAAAACAAACCATAAGCCTTGAAGTGTAAAAAGCTCCATTGGTAGCATATTAAACACCTCCTTTTGTATCTTTTGAATACATTCCTACTTGAACAGTACTTGGTCCAGTTTCATAATCAACTACAATGTCTTTTTCAGCATACTCTTGAACTGATTTTTTCATAGCTTTTACATAGACAATAACAATGCCTGTATAAATTAAGATAAATGTAATTACTGAGAACAACACATTAGCAGAAGTATTAAAGTAAGTTACACCATCAGCTGTTTTTAACATTCCTTGAACTAACCATGGCTGACGACCGACTTCAGCTGTAAACCAACCAAGCTCTGATGCTATAAATGGAAGTGGTATTGAGTAAAGAACTGTTTTTAAGAATGCTGTATTTTGATAAATAGTTCCTTTTTTGAGCAAGTATAGACCCCATAGAGAGATAAACACAAATAAGAAGCCTAAACCAATCATAAAGTGGAAAGATTGGAACACTACGTTAACACTTGGTAAATCTGCATGAGAAATATTATAAGCCTTTGTATATGCTTTGTATTCTGCTAACTGTTGCTTTAACTCTGGAGTTGGATTTACAGCATATTGTTTTTCTAACTCTGCTACTTTTGATTCATAATCTTTTGCTTTTTGCTGATATTCTTTAACAAGGTCGTTAATTCCTTTTACTTCTGCGTTGAAATCATGGTATGATAAGAATGAAGCCATACCTGGAATAGCTATAGGTGCATAAGTTTTTTGTTCTTTTTGATCCACCCAACCGATAGGTATAACAGGAGCTCCTTTTTCAGTATTCCAAATACCCTCTGCCATAGCAAGCTTTAATGGTTGATATTTTGCTACATAATAACCATGAATATCACCAAATATGATAGCTAACACTGATACTATTGAAGTATAGATTAAAGCTGCTTTCATACCTAATTTTGCCATCTCAACATGTTTTCTTTTGAGTAAGAAGTATGCCAATACACCCAAGACAAAAAATCCTGCTGTAATTTGACCGCCGTTAACTGTGTGAAGAAATCTTATTATTGTTGTGTGATTTAAAACTGCAGCCCAGAAATCTGTAAGCTCTGCTCTAATTCCTTGTTGAGTTTCAACGATTTTATAACCAGCAGGTGTTTGCATCCAAGAGTTAGCAATTAAAATCCATAATCCAGAAAGATTGCTACCAAGAGCTACCATCCATGCTGAAAATGTGTGCATAGCTTCCGATATTCTTCCTCTACCGAATAAGAAAATACCCATAAATGTAGATTCTAAGAAGAATGCCATCAAACCTTCAATAGCCAATGGTGAACCAAAGATATCACCCACAAATTTTGAATACTGGAACCAGTTAGTACCAAATTCAAATTCCATCGTTAAACCAGTTGCTACACCCGCGGCAAAGTTGATAGCAAAAAGCTTCATCAAGAACATAGAGAGCTCGTCATACAATGGATTTTTGGTTTTTAGATAAAGAGTTTTGATGATGGCGATGAACACAGACAAACCGAGCGTTAATGGAACGAAGATGAAGTGCACGAAGGCTGTGAACGCAAACTGAAATCTGGACAAAGCTAACAAGTCCATAGCTAAAACCTCCTATTAATATATAAGTTAGTTAATATTTATTAACTTTTCTCAATAAAACACTATGATAAAAATCATTGAAATTGAAGGATTATTTAGTAAGTAAGCATTTACTAACTTTGAAATGTAATTATGACGTAAATCATTTTTAAAAAGAAATGGATGTAATAAGTTAGTATTTATTAACCTATACCTTGGGTGAGAAATTAGTGGTTTTTATAGAATTTAAAAAGGAGATCCTTCGGACTTACGTCCTCAGGATGACAGCGAAAGACTGATTGATAAACATTAAAGGAAGGATAACATAAGATGTCATTCTGAGCGAAGCGAAGAATCTCCTACTTTTACTGAATTTCTCACCTGACGTATGAATATAATAAAGTTAGTATTTATTAACCTATTTTTGAAGGAGAGAAAAATGATAGCATTAGACTTAAACCAAAGCAAAGAAAACCAAGGAAAATACAATGGTTATGTGGCAATCCCTATTAAAGCTCCACGAGAAAACCAACCAATCAAGATTTCTCCAGCATTTGGAAAAGTTAAATTTTTTGCATTATACGACAAAAACTCAAAGAAAATTGAAATTGTAGAAAATCCAGCAGATAATGGCGGTGAAGTGGTTAGATTTCTAAACAGCCTTGGTATAAAAGAATTAATTACCCTTCATATGGGAAAAGGTGCATACAATATAGCTTTGGCTTGTGGGATGAAAATCTATTTTGCTAAAGATGATAAACAAACTTTAGATGAAGTGATAGCTAAATTTGAATCAAATCAACTTCCATTAATTACAGAAGAGAATTTTGAACTTTTATCACAATTTGGTTGTGGCAGTCATGACCATCACCACCATGAACATCATGACCATCACCATGATTGATTTTTAATGATTAAGCACACCAAATAAGAAATTCAGAATATAAGAAGTTCAGAATAAGGGAATTCGTTGCCATTTATAGATAACAAACAGATTTTGATTATCAAGCATTAGATGAGGGATAATCTACTTAGCCATCCTAGCAAATGGGAGAAATTTCATGCTTTTTTTTGAAGTTCTCACTGAGGCTGTTCCAAAAATCTGCATCGTTATTCTGAGCGTTAGCGAAGAATCTCCTGCTTTTATGAATTTCTAACTCGACATATTTAAATATCAATGAATAATTCTCTATCTCTTTTTCATTATGAACGTAAGTTGAAAATCCAATAATTTTCAATTTCTCACCCTAAGGGTATGGTATATAATATTTAAGAAACATAAAACTTTGCAGGAGCTTGAAAATTGTTTGATAAGATTTCTCAATCTAAATGGAAGAATATTGTTTTATTTATAACAGTGTTTGCATTTGTAGCTACGTCTATAGTAGCTATAATTGTTTACAAATTAAGTGGAGAAATTAATGGTGTGGCAGAAGTAAACGGTAAAGAAATTCCATTTTATGAATTTAATTATGCATACGAAATGACAGCAAGAAATATGCAAATGCAAAATCTTGATATTTCTAATTTAAAAGACCAAATAAAGAAAGAAGTTGTAAATGATTTGATAGAAAAAGAACTTTTATATCAAGAAGCGGAAAAGGAAGGAATAACAGCAACTTCAGAGCAGGTAAAAAATGAGATTTTAAAAATTTCTGCATTTCAAGTCAATGGTAAATTTGATAAACAAACATACTTACAAATTATAAACTCTTTTGGGTTAACCCCTGATGCTTTTGAAAATATTTTAAGAAAAGAACTATCGGTCAATAACTTGAAAACAATTTTACTGTCTACAATCTATGTTAGTGATGAAGAGATTGAAACCTTTACTAAAAAACAACTTACAAGAGTGAGCGGTGAAGCTACTATAATAAAACCAAATACTCCAGAAATTACAGAAGAAATGATAAAAAAGTTTTACGAAGAGCATAAAAAAGATTATTTAGCACAAACAGGGAAAAATATAACAGTTTATAAAATAGATATCCAAAAATTAGGTGATGATAAAGCACAGCAGTTAGCAAAACAGCTATTTACGCAAGCAAAAAGTGGAAATTTGCAGTCTGTCCCGGCAGAAGTTGAGA
CP001080.1_gap25	1125772	1127228	1456	CCTATTTCCAGGAGGGTTTGGAACCCTTGATGAGATAACGGAAACATTAACTTTAATACAAACAAAGAAGCTTAAACCTTTTCCAGTTATACTATACGGAAATGAATATTGGAATGGATTTGTACAATGGCTTAACGATGTGGTAGTAAAAGATGGATATATTGATAAAGAAGATACGGAGCTATTCAAACAGATGGATGACATTGATGAAATTGTTGATTATATTGACCAGTGGTATATTAAAAATAGTACAAAATTGATAGGAGAAAATGATTAATGGAATTTGATGTTAAAAATTTAAACGAAACTCAAATATATAAACTTATGATAAGTACTATTGTTCCAAGACCTATTGCTTGGGTTTCCACTGTATCAAAAGATGGAATATTTAATATAGCACCTTTTAGCTTTTATATGGGAATATCTTCAAGCCCACCTCTTATTGCAATCTCTATTGGGAAAAAAGATGATGACAGAAAAAAAGACACTTGGAAAAACATTGAAGAAGTGGGAGATTTTGTCATAAACATAGTGACCTATGACCTTGTCGAAAGAATGAACATTACCGCATCACCGTTTGATGAAAATATAGATGAATTTAAAGAAGCAAATCTTACACCTATAAAATCTGATTTAGTAAATTCCCCGAGAATTGCTGAATCACCTATTAATATAGAATGTAAAAAGTTTATGATTTTAGAAATTGCAGATATGGGACTAATTTTTGGAGAGATTTTGAAATTTCATATAAAAGACCAGCTACTTAACGAAAAAGGATACGTAGATAATAAAAAGTTAAAAGTAGTTGGAAGACTCGGTGGAGCTGATTATTGTTTGGTTGATGAAAGTAATATATTTAATCTTATCAGACCGGATTTAAAAAAGAGGTAAATCTTGATTAACAAAGAAGAGCTTATAAAAAAGCTAAAGCTAAAAAATTTTAAACTTACGAAGCAAAGATTAGAAATAATTGATGAGATATTAAATTTTAATGGTCATTTTGAAATAGAAGATTTAGTTTTCAAATCAAGAGAAAAAAATCTTAAAGTATCACGTTCGACCATCTATAGAACATTAGCCATACTGAAAGATTTGGGATACATTGAAGAAGTAATTAAGCTTAACAATAAAACATTTTACGAAGTTGCAAACAAAGAACATCATGATCATTTAATCTGTCTAAGCTGTGGAAAGATTATAGAATTTCACGATGAAAAAATAGAATCTATTCAAAATGAAGTATGTAAAAAATACAACTTTAAACCGGTTTATCACAGATTAGAAATCTTTGGAATTTGTGAGGATTGTCAGAAAAAGGAAAAAGTATGATAGATAAAAATTATCTTAAAGTTTTAAAAGAGCTTGGTTTTGAAGAAATTATTTTAGATAAACCCATCTTAAATCAAAAATCAAGTAATCAAATAGATAAAATAGAAGAGTTAAACAAGATTTATGA
CP001080.1_gap26	1323801	1326962	3161	GATTGTATAAGAGCTTTAATCTATCTTGCTATAAATCAAGAGAAAAACTATGTTTCCGTAAAAGAAATAGCTGAAAAATTAAATCTTCCTTTTCATTATTTGGCAAAAAACGTTCAAAAACTTGTGAAATCTGGAATTCTTGAATCTTATAGAGGTCCAAAGGGTGGTATAGTTTTTAAACAGCCAATAGAAAGCATAAAAATAATAGATATTATTAAATCATTAGATGATGATAGGTTATTCAAATCTTGTATTTTAGGGTTTGAAGAATGTAGTGATGAAAATCCATGTGCCATTCATAATAGATGGGTTGTTGAAAGAAATCATTTGTATAATCTTTTTAATACATCTCTTAAAGATATAGTGGAAGATATAAAACAAGGGAAAATTAGCAACGTAAAATTATGATAGAAATTGTAAATCTTGGATTGATTGATTATCAAAATGGTTTGAATATTATGAAAGATTTTCACAAAAAAGCATTAGAGAATAATAAAAACTATCTTTTGATATGTCAGCATTATGATGTTTATACAGTAGGTCAAAATGAAAATAAAAATTTTCCTGTAAATGTGATAAAAACAGATAGGGGCGGGTCTATAACGTTTCACGGACCCGGTCAGCCAATTTTTTATTTTATTTTTAAAGTTAAAAGTCCAATTGTTTTTTATAAAAAAGTAGTTAAGTCTTTTGATATGATTTTTAAACCCCTTTGTGAAAAAATTTATCATGATTTTAAAAATCCTGGATTTTACATTGAAAATAGAAAGCTTGCGTCAATAGGGTTTAAGTATAGCAAGGGTTATTCTTTGCACGGCGTAGCTGTAAATCATTCAGTTGATTTAGATAAATTTAATCTAATAAAACCATGTAATTTAGATGGTTACGTTGCAACATCCTTAATCAATGAAGGTATTGAGATTGAATTAGATGAGTTGGTCAGTAGAATAACGAATAGTATATTAAAGAATTTTCAAAGGTAAGAAGTTTGTTTAAATAAAGTCTATATCAACTTTATAAATGGTAAACACTATTAATATTTTTCAATTTACTTATTACCATATCCCACCTTGGATGAGAAATTAGTGGTTTATAGAATTTAAAAAGAAGATCCTTCGGACCTACGTCCTCAGGATAAAAAATAAAGTGGAAAAGTGTAAGAGTAGGGGGCGATTCATGAATCGCCCTTACGAAAGTAAAGTTGTAATTCTTAAGCCGTGCGAAGAATCTACTACTTTTATTAAATTTCTCACCTGACATATTTTTTGTTATTATTATATTAATATACGATGACATGTATTAGAACACTCTTAATAAAATATCCCAAATTTTTTCTCAATTTTGCAAAAATCAAAAAAGGTTAACTGAGTTTTCAAATGATTTTATCTAAAATTTTAGGTATAATTTTTGCATATTTTTTATAAAAAAATTTGGAGACGGTCTTGAAGGTAGGAATAGTTGGCATTGGAAATATGGGCAGTAAGTATGTTAATAAATTTAAAGAGTTAAACCTGGATTATGTTCTTATAGATTCAAATCCTGAACAACTTTCAAAATTTCCTGATAATGTTAAAAAATATCAAGATATAGAAAAGGCTTTAAATGAGGATTTAGACGCTGTTTTTGTAGCAACATCTCCACAATCGCATCTTCCAATAGCAAGAAAATTTTTAGATGCTGGCATTAATGTAATGGTAGAAAAACCACCATCTTTAAGCAGAAAAGAGCTTGAAGAGACACTTGATTTAGCATACAAAAAAAATGTTTATTTGTCAGTTTCAGAAATTGAGTTAAAATCAAGCGCAGTTAGAAACCTTTCATTAGTTAAAAACGTTAATTTTGTAGAAGGATATAGATTAAACCTTGGCAAAGGTTATATAAATCCATTTTTTGACCTTGCTTGGCATGACCTTTACATTTTTCATTACTTATTTGGGAATTTTAAAATAAAAGATGTGAAAGTAGAAGATAATATTGCAAAAGTTAAAGCAGAATCTGAAAATACTGAATTTGACCTACAGGTAGCATGGCTAAACCCATTCACAAGAAGGGAATGGATTTTAAAAACAAGTGATGGAGATCTAGTCTTAAATTTTGCGGAGGATAAAATTATATATCCTTCCGGAGAGGTAAAAGAAAAGGATAACAAAGACAAGCTTAAACTTATGATAGAAGAGTTTTTAAATAAGCCATCGTATGATAGCACATTAAGGTCTATTAATATTCTTAAAGAAATAGAAAAAATTAAAATATAAAGGAGTTGGAATGATACCAATAATTAAGCCTTACTTTGGAAAAGAAGAAGAAAAAACAGTCCTTGATATCATGAAAAGTGGGCAAATTACAAGAGGTCAGTGGACTTTAAAGTTTAGAGAAGAGTTTAAAAAGTATATAGGTGTAGGTTTTTGTCATACTGTATGTAGTGGAACTGCTGCGTTATATATTGCATTGAAAGCCATAGGTATATCCAAAAAAGAAGATATTGTTATCGTCCCGTCACTGAGTTTTATGGCTACTATTGATGCAGTTATTTTAGCCGGTGGTACTCCGGTAGTTATAGATGTTGATGAAAGCTATACTATGGATCCTGCATGGTTAGAAGAGGCTATTAAAAAATACAAACCAAAAGCAGTCATACCTGTTCATCTCTTTGGTCAAACTGCTGATATGGATAAAATAAAAGCTTTATGTAAAGAAAATAATGTTTTAATCTTAGAAGATGCAGCACAAGCTCACGGAGCTGAGTTTAAAGGAAAAAAAGCCGGAAGTCTTGGAGATATATCAGCATTTAGTTTTTACGCATCTAAAAACGTTGCAATGGGTGAAGGTGGAGCAATTCTAACAAACAATCCTGAAATTGATGAAAAAATATCAAACTGGATAGAATTTGGAGACCATCCAGCTTTAAACCTAAGAATAACAGAATTTCAAGCAGGAATAGGATACTGGCAGTTAAAACGCTTAGACGAAACAAATGAAAAAAGAAGAAAAATAGCAAAAATCTATAACGAAGAGTTTAAAGATTTGCCTGGATTAGTCCTTCCGCAAGAATTGCCGGATAGAAAGCATGTATATCATATATACGCATTAAGACATCCAGAAAGAAATAAAATCGTTGAAAAGCTTATTGAAAATGGAATTGGAGCAAGAGTATACTACGA
CP001080.1_gap27	1373825	1378818	4993	AGTCCAAGTTCTTTTAACTTTTCTACAATTTTTTGACGTGCTTCGTATCTGTATAAACCTTTAAACTCTCCGCCGTTTTCATTGATGTGTGCAGATTCATCCATAACAATGACCATTGGAAGGTTATGTCTTTTTCCGACTTCAAAGTCATTTGGGTCATGGGCAGGAGTGATTTTTACAGCTCCGGAACCAAAGGCTGGGTCTACATACTCATCAGCAATTATTGGAATTAGATTAGAGACTTCATTACCATTTATATCTATTCTTTTTTCAGGTGCAAGTGGTAACCTTACTCTTTTACCTATTAAATCTTTATATCTTTCATCGTTTGGATTGACCGCTACAGCTGTATCTCCAAGCATTGTCTCCGGTCTTGTTGTTGCGACTACAATATAACCAGAACCATCTTCCAGTGGATATTTAATATGCCAGATTTTGCCTTTATGCTCCTGGTACTCAACTTCTAAGTCTGATATTGCTGTTTTCTCTTTTGGATCCCAATTTACTATGTAAGGTGCTTTAAAGATTAAACCTTCTTTATAAAGATTTACAAATGCATATCTAACCGCTCTTGAAAATCCTTCATCTAAGGTAAATCTTTGTCTTGACCAATCACAAGATGCACCTATTCTTATAAGCTGATTTTTTATACTATCTCTTGATTTTGGAACCCACTGCCAGACTTTTTCTATAAATCTTTCTCTTCCAAGGTCAAATCTACTTATTCCTTCTTTTTGAAGCTCCCTTACTACCACCCATTGAGTTGCAATGCCGGCATGGTCAAATCCCGGAAGCCATAAAACATTGTATCCTTGCATTCTTTTGTATCTGACCATTATATCTTGTAAAGTCACGTTCAAGGCATGTCCTATGTGGAGGCTTCCGGTTACGTTTGGCGGAGGCATCACAACAGAAAAATAAGGTTTTTTGCCTGTTTGTGCTTTAAAATATTCAGAATTTTTGTATATATCAGCCCATTTATTTTCTATTTCTTGGTGGTTATACTCTTTTAGCATATTTTACCTCTTGTTTGCTCTTGCAAACACTTTTAATGGTAAAGCCCAAACCTTTGTAAATGCTCCACCCGCCTTATGGTCAAATGCATCTTTTGGACTGTAAGTTGCTAAATCTTCGCTGTAAAGTGAGTTTGGAGACTTTCTTCCAACAATTTTAAATGAACCTTTGTATAATTTTATTCTCACTGTACCGTTTACTATTTTTGCGATTTCATTGTTAAATGCATCTAAAGACTCTCTTAGTTTTGAAAACCATAAACCTTCGTAAACAAGCTCAGCATAAGGATGTGATACATGGTCTTTCTTATAGTGATAGGTAAATCTATCTAAAACGATGCTTTCTATCTCATCGTAAGCTGAAATTAAAATTAGTCCGGCCGGTGATTCATAAACTTCTCTTGTTTTAATTCCAACAAGCCTGTTTTCAATCATGTCAATTCTTCCAACACCGTGTTTACCTGCAATCTCATTTAAATCCCAAATTAGCTTCCAAAGTTGGTCATACTCTTTGCCATTGAGTTTCACAGGCGTTCCTTCTTTAAATTCTATTTCTATATACTCTGGTGTATCCGGTGCTTTTTCTGGAGAAACTGTAATCTCAAAAGCATCCTCCGGTGGCTCAGTCCATGGGTCTTCGAGTGATCCTGCTTCTATTGCAACACCCCAAAGGTTTCTATCATAAGAGTAAGGTTTTTCTTTTGTTGCTTTAACCGGTATATTGTGTTTTAGAGCATAGTCTATCTCCTCTTCTCTTGATTTAAATTCCCATTCTCTAACCGGTGCAAGGACTTCAATATCCGGGTCTAATGCCCAAACAGATGCTTCAAATCTTACTTGGTCGTTTCCTTTTCCCGTTGAACCGTGAGCTACATAATGGGCATTTTCTTTATGTGCAACTTCTACTAATTTTTTTGCAATCAATGGTCTTGATAAAGAAGAGATTAACGGATACTTTCCTTCATACAAAGCTCCGGCCCTCATAAGTGGCATACAGTAATCTCTTGCAAACTCTTCATTTATATCATCAATTATAGCTTTTACAGCTCCGGCTCTTTTGGCTTTTTCTTCAATCTCAGAAAGCTCTTCTCCTTGACCAACGTCAGCTGTATAGGTTATTACTTCAAAACCTCTATCAGTAAGCCATCTAACGATAACAGACGTATCAAGCCCACCAGAATAAGCTAAAACAACTCTTTTCTTCATCAAACTCTCCTTGATTTATTAAGAAATGTTAAAAAAATATTATATCATTTTGGATAAAGCAGAAACGAATAAAGGCGAAAGGCTGCTTCAAAAATTCTTGTAGGCTTGACCTTTCCGTCATCGTATATTAAATATACCAAAAAATTTTTTTAAACTATAGATGAATAAGATTTTATATTTATAATAATACGTCGGGTGAGAAATTCAGTAAAAGTAAGGGATTCTTCGCTGGCTGCAGAATGACAAACAAGGTCACCCTTTCTCTCTTATCAATCAACCTTTTCCTGTCATCCTGAGGACGTAAGTCCGAAGGATCTCCTTTTTAAATTCTATAAAAATTGCTAATTTCTCACTCAAGGTATAATTTTTATAATTAAAGCTTCTATACTTCAATCTTATACTGCTTTATTTTTCTCCACAACGTAGCAGGGCTAATTCCAAGAAGCTTAGCAGCTTTACTTTTGTTTCCTTTTGATTTCTTCAATGCTTCTATTATTCTTTTTTCTTCATTAAAAAGAACTTCTTCTGAAATTTCTACATCTCCTTCTTCTGAAAAATAAACAAATTCAGAGTTCAGATCTTCCACGTCTATAATTTCTTTATTAGCTGTAAAAATGCTAACTGCTTCTAAGAAAGCTCTAAGCTCTCTGACATTACCATACCAATCTTTTGAAACTATAGCATCCATAGCTTGCTGTGAAATTCTTTTGTTTTTCTTAGCTAAAATGCTATTTACTATCAAAGGAATATCTTCCTTTCTTTCCCTTAATGGTGGAATTTCTATTCTAACGACGCACAATCTATAAAATAAATCACTTCTAAAATTTTTATTCTGAATTTCTTTAATCAAGTCTTTGTTTGTAGCTGAGATTATTCTTACGTCAGATTTTCTTGGTTTGCTTGAACCAAGTCTTTCAAATTCTTTCGTATCTACAAAAACTAATAATTTTGCTTGGGAAGTTAAAGAAAGGTCTCCAATTTCATCTAAAAATAATGTTCCGCCGTCTGCAAGTTCAACTTTACCGGGTTTAGAGCCAACCGCTCCAGTAAACGCACCTTTTTCATAGCCAAAAAATTCTGACTCAAAAAGCGTATCCGGAATGGCTGAACAGTTTACCGATACAAAATTATTCCTACTTCTAACGCTGTTTAAATGGATCCATTTAGCAAGTTTTGATTTTCCTGTCCCTGTTTCTCCAGAAATCAAAACAGATACATCTGATTGAGCTACCAAAGAAGCTCTTTCTAAGATTTTTTTCATCTTTATGTTTTGAGTGTTAAAGACCATAAAATCTTCATCTATCTTTTCATCTTTTGTTTCTAAAAATTGAAATAGATATCCTTTTGGATTGTTGAAATAATCATACAAGACTGTGGTTTTAAAATAGCCTTTAAATTGAATTCCTCTTTTGCTTTTTAGAAATATTACAAATTCTTTTTGGTCTAAAAATTCTTTAATGTTCCTATCTGTAAATTTGTTAAGATTTTCATCTATTAAGTCAAAATGTTCATAACCAAGAAGTTCTAAAAGACTTTCACTAATTCTTTTTATCTTTAAATTTTCATCTGTAATGATTAAATATAATTCATCTATGTAGTTCATTTGCTACTTTGCAACTTCTCCATTAATTTTTGATACTCAGTAGTATTGTTATTCTTTTGATAAATTTTTGCAAGGGCTAAGATTATATTTCTATCATTTGGATATTTTTCTAAAGCTTTTTTTAAAATATTCTCTAATCCATCAATCTCATAACCACTATTATATAAAGAAATCAAAAATTCTATGGCAGGCATGTAATCTTCCTTGATTAAAAGAGCATCTTTTGCAGATTGGATAGCAAGTGGTATTTGTCCAAGCTTATAATAAAGAGTTGCTATTTTATATTTAAGTTCATAATCACTTTGATTTTCAGCAAAAGCTCTTAAATAAAAGAAAATAGCATATCTATAGTTGCCAACATTTTCGTATTCGATTGCTTTATTTTTAAAAAAGTCATATTTACTTGTAATCGGTGTTTGGACTGAATTTTTAGCTTCCTGTGTTTGAGGTTGAGGCAAATTTATCGGCGGTAAATTTATTGGCTGCTTTACTACTTGATTTATTGGTGGCAAATTTAAGCTTTGTTCTTGTATACTTTTTATTAATTCTTCATCTGTTTTTATCTCATTATTGATGGCTATGTCTATATTTTTTAACTTTTCATTAAGTTCATTTATTAACACATCTGAATTAATGAAATCTTCAACAATTTTAATCTCAGACTTCCTATTTTTTAGATAATCATAAAATAGATAGCCAATAACGATATAAGAAAGTATAACTAAAATAACTATTATTTTAAATTTTATTGATTTTTTCTCTTCTTTTACGATACCAACTAATGGATTTATATCTTTTTTTTCTGTTTCTTCTATCTCTTTACTTGCTTTTTTTAAAAACTCATCTGTTCTCATTTATTCTTCTATCTCACCTGTTAAGTATAAATCTAAAACTCTACAAATTGCATGGATGAAAGTAATATGAACTTCCTGTATCCTTGCTGTGTTGTTAGACCTTACTATAAATGCTTTATCTACCAAGTCTTTTAGCTGTCCACCGTCTTTACCAAGCAAACCAACTGTAAAAATTCCAAGACCTTTTGCAACTTTGACAGCTTCTATCACATTTTTAGAATTTCCGCTTGTAGAAATTCCAATCAGTATATCTCCTTTTTGACCAAGAGCTTCAACTTGTCTTGAAAAGACTTTATCAAATCCATAATCATTTCCTA
CP001080.1_gap28	1380962	1382580	1618	GAGGTTGTTAAACAATTTTTGGTGAATTTTAAAGACTTAGTAAAAGATTACAGAAATCTTATTAAACAAACATTTTCAAGAAATAAAGACGGTTTCTTATTAAATAAGTATTTGCTTCAAACAGAAAAAACATTACATAGAAACAAAAGAATTCTTTTAACATACCTGTTAGAAGACCCAAAAAATCTAAAAGAAGTACTTAAAATCCAAGAAATTTTGGATAAATTTAAGGAAAATATAGAATTTATAAAATACATTTCTATGAAAAGAAACAGCAATGAAGGTTGAATCTTATATACCCGGAAGAGTTAGATTTAGGTTTGAAAATCAGCTTGAAAAAAGAAACTTTGTGAAAAATATTGATGGTTTAAAAGGCATTGAAGATATTAAAGAAACGGCTAATTCACTAACTATTAAATTTGAAGCAGATTCACAATTTGATTATTTTTTAAAGAACTTTATCATGCCTTCAATTAGAAGCATGAAAATAGATTACAACTTAGACAAAGAAGATATATTTTTTTATATCAATCCTTTGATAAAAAACAACATTACAAAAGCATTTTGGAATATGTTAATGCTTGGACCTAAAAGAGGTTTTATCATTTTTACAATATGCAGTTTAGGTGTGAGCCCATTCGTTAAAAATAAATTATAGGAGGTTGTATTATGAATTTGTTAGGTTTAAGAATTCCTGCAACTATTGGCGGCTGTATTTCAACAACCAGCTTACTTTACGGTATTGGTGCAGTTGGTGCAATCGTAATTTTAAATCAACTTTTAAGAAATTCTAAGCCGTTTTTGGTAAGTGCTACAAAAGAAGCTATATCTTTCCAACAGTGGTTAAATTCTAATATAGAAGAATCAAAGGAATTTTGGGAAGATGTGATAGCTGAAGCAAAGCATGAGTACAAACTTGAAATTGAAAGAAAGTTAGAAATTCTTCAAAAACAACAAGAAATTTTAGAAAAATTAAAATCATCTTTATAAAAGGAGGTAGAAGGTATGAATATACTTGGAATTGCAGGAAGGGTTTTTTGCTCTAATCCATTCTCATTTGCTCTCGGCGTTGGAATTGGAGTTTTAGGACTATATATAGTTAATAAAGTAGAAGAGCAAAGAAAAATTGAAAAAAATGCAAAGAGAGATCGAAGCAGCAGTTAAAGCTTTAGAATTAAAAAAATTACCACCAGTAGAAGCAAAAGAACAAGTTGAAGGATAAAAATGGCTATCCCCTATAAAGTAAAAGAGTTAAGAATTGGAAAAATAAAGATTTACAGCGAATTATTTAGATATTTAACAGTATCAAATCAAGCTTTTATTAATTATTTTGGCAGTCTAAAAGGTGTTAATAAGGTTATTGCAAAAAAAGAGGCAGGATTGCTGACTATCTACTATGACCCTGCCTCATTTGATTTAGCTAATTTTTATTCTATTTTTGAAAACGGGGATAGAGAGTTAATACTCTCTCTTCTTTCATCAAATGGATTTGAGAAAACACATGCAGAAGAAAAAGAAGATATAATCTCTCCAAAAAAATGGTTTTTCTTAAATACACTCTCTTTTATACCATTTATGGCAAGAGGGTTGTTGCCGGGCGGAGTTTTATCGGGTATAG
CP001080.1_gap29	1456470	1459590	3120	TATAATGCCTGGGTCATTTGGAGCAGATTTTGCAATAGAATTTGAAGCACTGCAAAAAAAACTTTCTCCAAAATATAGTAGTTATCGTGACGAATTAAGAGCAGTTTTTGGAGAAATATATCCCCATAGATTAGAACTAAGCTCATCAGTTAAAGTTTATCCAGAAGATCTTATAAATATATATAGAGATGCTAAGAATTTTTTTGCTTTAAATAATGTAATTTATTTACAAATGTTAAGAGGTTATATGGAATACAAGTTTGACAATGATTTATGGCTCGATTTAAAAAAACTTCCACCACATAAGCTTGTGTATATTCCGGAGAGCCTATTTGGGTATGATTTCGAAGAGGGTAAAAAGGATATCCTTGATTACTTTACTTTAGACGAATTAAAAGATTATATTAGAGCCCATAAAGAAATTTTAGAGCATATAGAGAGAAACGCTGCCGAATGAAAAGATATGAAATTGTTCCAATAGATTTTTTTAGTCATGACTATGAGATATTTGACGGAAATAGACCAATTGTGTATATAAAACACAAATATATAGATTTTGATTCTATAACTATTCTTGAAACAAATAAGGTCTATAAGCTGAGAGGTTATAGAGAATGGTATGAAATGGGATGGAAGGAAAATGACTGGATAAAAATTATTAGAGCTGATAAGTCGAGTATATTTAGGAATCAATTTACAATTAGGTTATTAGATGGAAGAGAGATAATTTTGAGAAAAGAATTCGGACTTTTTATAGAAAGATATACAATCTTAGAGAAAGAGGGCTTGGAAATAGGTTTTATAAAACGCAAGATATTTCATAGAAAAAGAGAATGTTTTTTAAATTATGAAATACCTTTAGAGATATTGGCTTTTATGGTATGGATAACAATAATATTAAAATTACAACCGGATCTTGATTATTTATTAATACCCAATTAAAAATTAGGGGATGTAACTATGAAAAAGTTAGTTAACATACTTTTAATGGTCTTAGTAATATTCTTTTGTAATGTAGCTATGGCAGATACAGACAAGGATTTAAAAGTTGTATCACAGGGCATAAACAAGTTTAGTTTTGATTTGTATAAAAAACTAAAAGATAAAAATAAAGAAGAGAACCTCTTTTATTCACCTGCTAGTATATCAATTGCTCTTGCAATGACCTATGCTGGAGCAAGGGGGAATACGGAAAAGCAGATGGCTAATGTATTAAACTTTACTCTTCCACAAGATCGTCTTCATCCAGCTTACTCTAAGCTAATTGAAAATTTAAAATCTAATAAGGATTATGAACTCAATATTGCTAATGCTTTATGGTTGCAAAAGGATTATAAGTATCTTCAGGAATTTTTAAATACAATGGAAAAATATTATAAAGGTGGATTTAACGAAGCAGATTATATAACAAATCCTGAAGGTGCACGAATAAAAATTAATGATTGGGTTTCAAGAGAAACAAAAGAAAAGATTAAAGATATATTAAATCCAAAAGATATAACAAGCCTTACAAGATTAGTGCTTACAAATGCTATTTATTTTAAAGGAAAGTGGCAAACAGAATTTAATAAGATGGCTACGAGAGATGAAGATTTTTATTTAATAAACGGGCAAAAAACTAAGGTTAAAATGATGTACCAAAAAAACACATTCAATTATTACGAAAACGATGATCTTCAATTATTGGAGATATCTTATAAAGGTAATAAAATTTCAATGGTTATAATCTTACCAAAAGTAGGAAAGTTTAAAACAGTTGAAAATATGATGGATGAAAAGAAATTACAAGAGTGGTTGAAAAATGCTACGGAAACGAAAGTTGAAGCATATATTCCAAGATTTAAATTTACACAAAGATTTGACTTGAGTAAAAATTTATCTGATATGGGCATGAAAGATGCTTTTGACGAAGTTGAAGCTGACTTTTCAGGAATTAATGGTGAAAAGAATGATCTTTATATAAGTAAAGTTATTCACAAAGCATTTGTAGAGGTGAATGAAGAGGGAACAGAAGCTGCAGCAGCTACTGCTGTAGTATTAGACACAAAAGCATTAATTGAAGAACCCGTATTTAAAGCAGATCATCCTTTTATCTTTTTGATTCGTGATAAAGAGACGGGGTCTATTTTGTTTATGGGAAGAGTTATGGATCCCAATAAGGAATAGGATAATCTTTAAAAATAAATACAGGAGGTAAATAGTCATGAAAAAATTAGTAGTTATGTTTACCTTTTTCCAATTATTGAGTGGTATTGCTTTGGCAGAAGACGAAAATAAACAGTCAGAATCTACTAAAAAATGTGAAAAAGTGTGTGTACAATGGGAGGAAAGGAGATTCTGTCAGCCAGATCCGGTTTTTCCTGGTAAACAAATATGTGGAGTATATAAGACTTGTGTAAAGTATGAAGAAAAATGCAGTGACGATAGATAAGGTAGAAGAGAAAAATATAGTAACGTATTAGAGTAAGAGAGTAAGTAAGATTGAAAAGGTTAATAACTTCCATAACATTTATCATTGCTCTTTTCCTTTTATCCTGTTCATGGACAACGAGTTTTTATGTTGTAAGCAAGTCCGAGATGTCAATAACGATAGCAGTTAAATACAGAAAAATTGAAAAACCAAAACAGCCTGCTCCAACGCCAGAAGTTGAAAAAAGATGGGAGGAATTAGAAAAGAAGTCATGTTGGTATATTGGATTTAAGAAAGAAATCTATATATGTAAAGAAGGTGGTGAGTGCAGAACCCTTCAACCTGATGAATACAAATACGATAAAGAAAAATATGAGCTTGAGGTTACTTTAGCACCGGGAGAATCAATAAAAGTAGCTGAAATATGCTGTAGCTATACAGGTCCAGAGAAAAGATTTGCTGATGAACTTAATGTTGAAGAACTTAATATTAGTACACCCGATGGTTTAATCAAATACAAGGGCTTTGAACTACTGAAGATATTTAAAAAGAAGGATAAGACTGAATATGTTTTGGAGTATAGTTAAATTTTAAAATAACTTAACAAGGAGGTTTTATGTTTGGATTATCTGAATTAGCAGCGATAATTTATCTTGCTTCTTTTGCATTCTATTTATTAGCAATTATAAATTCGGCAAAAATAAAGGGAA
CP001080.1_gap30	1463871	1466488	2617	TATTTTTCATAATAATATGGCTAATAAAGTGATTCTAAAAAACGGGGATATAGAGATTATTCATTCTGAACAAGACAAAAAAAACATATTTGCAAAACATTTTTATGTTTCGATATTCAATATCACGGATAATTGTTTAACTAAAGAGAAGAAATTTCACTTCGACCAAGCAACTTCATTATTAGTTACAAACGGTGGATTTATTATTGTAGGATATACTGATGGAAGCATAAAGATTCATAGTATTTCTGATGGAAGTGTAGTTAAAGAATTAATAGTTAAACCTGTTATTGATAGTTATCAATTAATGACTATGTAAGTAAACATCTATTTTTAATAGATAATTATGTATCTTAGCAGACGTAATAGAATAGAAAGCTTTTGGAGGTTTATTATGGTTAAAGTATATAAAGCTTTAATAGGAATTTTTCTAATATTTTTGTATTTTTCCCCTGTAAATGCATTAGAAAAGCCAGAAGTTTTTCTACCAGAAGAAAGTAGCAAATTGCTTTTAGATGAATTTTCTTTTGTTTCAGGAAAGTTTACAGATTACTTGATAGTTTATTCACCTGAGAACAACGGAATTTACTTTATATGGGATGTTACGAGTACTTATGTAGAGTCAATTCCTTCAGAGACATTAAAAAAAGATAATAAGATTTTAGAAAATTTTTTATTTTATCTCAAGGGATTGAACTATACAAAAAAGAAATTTGATAATAATTTAAACATAGATATAAGTAATGAACCTCAACATTCTAAGGATGGTAAATTAACTGCAAAAATTATTCCATACCAAGGAAAACAAATTATAAGCTTAGTAAGAACATCGGACAATAAAGAACTTGCAAAACTTTTTATTTTTAAAAACAGAGAGTGGATAATTCTTACACCAGCGGGTTATTACAATGCAAGCGATTTTGCAGGAAAATATCTGAACGTTAAAATTGGTGATAAAGTTTATAAAATGGATGACTTTGAAAAAGTTTTCTATCGTCCAGAAATTGTTGAAGCAGCTCTTGAAGGAAAATCTATATCAGAATTAAAGTTCCCGAATATAAAGTTGCCTGATATTAAGAATGAAACAAAATACAACATGATTGTAACAGAAGTTTTGTCTAATTTTCCTTTCGAAAAAGCAGGTGGCAAAATTTGGGATATTATTTATTCTTTAAATGGTAAGACTTTTTATGAATCAACTAATAAAGATTTGGCAAAAGAATTTAGTGAATATATAAAAAGCTTACCAGCAGGTTCTTATGAAATGACTCTCATAAGAGAAGGAAGAAAAATTACTACAACTATAAATCTTTCTAATATATCATCTACACCAAGGTTAGGAATTACTATTTTAACTATTGAAAACAATCCTCAATTTTATTTTTTAGAAGCTTTAAAAAATGTGTCATCAAGGGAAGACTTGAAAAATGTTGCACAATTGCTTGAAATAGCCAAAGCATTATCTCCAGAATGGGCTGATATTTATTATAACTTGGGATTAGTTTATGAGGAACTAAGTTACTACGATAAAGCTGCAGAGAATTTTTCTAAATATGTAGATTTTGTAAAAGACAAGAATTCTGTAGAAGCTAAAAATATGACTTTTAGAATTGAGGAGAATAGAAAGAAATATGAGAAATTGGAATATATAAAGAAAAGAATGGTAGAAGTAATGGGAGAAAAGCAAGATTATGATGAAGTTATATATTATAAGTATGGAAATATAAGATTTAAATACGACAAATCAAATCAAATAGTAATGATAAATCCTGCTTTTATTGAACAAGAATTTCTTAAAAAGAATTTTGAAAGAACATGGGTATGGTGGGATATAAATTCAAAACGACTTCCTTTTTTCCCTGTTAAATTTGATGGCAAATATTTTGAAGTTAGATATTTTGGTGTTTTTCCAGACATAATGTCAAACAACCTGGAAATTTCTCTATTTTTAATAAAGGGCGAAATAAATATGGATACTTCTACGGTCAAAATATCAAAGTTTAGGCACGATATTTATGGATATAGTCGAGACAATGTTGAAGAAGTATTTAGGCAAGCAAATAATATGATATCAACTTTCAAGTTTGATGAAATTGAAGATTCTAAGTATGAGTTTTTAATAGGCACAGAAAAGCCTATAGAAAGGCATCTTATATGGCGTAATCCGATAAAGGTTTATAAAATTGAATAGGAGGACAACTATGTTAAAAAGTAAATATTTACATACTTTTTTGTTGTTTTTAGGTTTCTTATACTTCTCACCTATTCCATCCTATGCTTATTGGGAAATTGACCAATCTGAATTTAATAGCTTTTTATGTAGATATGAGCCAAGAGCTTGTAATGCTCCATCAAGAACTGGCAGATTTGCAACTTATCAAGAATGCGAAATTGCTCGAAGGAGTGCATTACCAAATGATGTGCACTGGCAGAATAAAACAAGATGTGTAGGCTACGATGAACAATCAAGCTCTTATACTCCATCTCAACAGCCTGATTTCCAGCAACAGCAAGAAGAAGAATTAAGACAGCAACGAGAACGTCTAAAGTTAGAACAACAAAAAGCTCAACAAGAAAAAGAAAGATTCATAAAAGAATTAAAACACAAACAAGCAGA
CP001080.1_gap31	1469198	1474094	4896	ACTAAAATGGCTAAATTTTACAAATTGGCTATGCCGAATTTTGAAGCACTTCAAAAAATTTACATAGAGCTTGAAGATATTAAAGCAAAAAAAGAAGAATCGAAAAAGAAAATTGAAGAATTAGAAAAACAGATTAAAGAATTAGAAGCAAAGAAACAGGCTGAAACAAAACCAGACCAAGAAATTCCCTCAGAAACTGAAAATCTTCTTGCCCAGGCTCTTAACTTAAAACAAAAAGCAGAGCAGGAATATCAAGAGGCATTGAAGAATGAAGAAAAATTTTTGAAGGAAAAGAAGGAAATTGAAAACAAGTTAAATGAGTTAAAAAAAGATTTGATAGAAATAAAAAAATGACATAAAATTAGTAAAAAAGCTAAGGGAGGTTATCCAATGAAATCTATTATTAAAATTGTAATTGTAGTATTAGCATTATCTCTATTTAGTTGTACAGAAACCTTAGAAATATCAAAAAATGCTGAGCGATATTTTTCTTCTGGTCAATTAAATGAAGCGATAAACGAATATAAAAAACTTGGTGATAATACTGCAGCGCTTTTTCTTATAGGTGTAGCATATTATATGCAAGATAGATATCAAGAATCCATTTCTTATATGAACAAAGTTATTGATTTATGTTCGGAAGGTAAACCATGCCCTTTGACTGTTGATATGATAGGATTTTGGTCTGGAAAAGCACATTTGGCAATAAAAGATTATGATAAAGCAATACATTTACTAGAGATCGCAGCAAAAGAGTCAAAAGAAAATCCAAGTGAACCTCTTTGGCAAGGTTTCTATTCGAGATTTGTTCCTAAAAAAAGTGAGGCTCTTTCATTGCTTGGCAGTGCTTATTATTTGAAAGGAGAATATCAAAAAGCAGTTGAAGCTTTAAATGAATCAATAAAATTAGATCCCAATCTTTCCGATCCATTTTTCTTCCTTGCGATGTCCTATGGAAAATTAAAAGAATATGGTAAGGCGGTTGAAGCTGCAAAAAGAGCAATCGAGCTTGACCCTAAAGCCCCTACTTATTATGCAGTTTTAGGCCTTATATATAAAGACCAGAAGAAATATAAAGAAGCTGAAGAGAATCTTAAAAAGTCTATAGAATTAGATCCAAAGTCCATTGTTTCTTATCTAAAACTGGCAGACCTCTATTATGAAAAAGAATCTTATAAAGAAGCTGTAAATACCCTTACAAAGGTATTAGAAATTAATCCATCAAACATGGAAGCTAATTATTCGCTAATATATACCTATATGGCTATGGGACAATTTGATAAGGCAATAGAAAGTGCAAACAAAGCAATTAAACATAATACGATAACTGAAGCCGGCATAAGGATAAAAAAAGCAGAAGGAGATTACCCTGTTGTTGAAATGGTATCTGAAGACAGTCCAGCAAAGATGGCTGGTATAGAGATAGGAGATAAAATCATCAGAGTTAATAATCAATCAACAGAGAAATTAAAACTTGAAGATGTAATTAATCTATTGCGTGGTGAAGAAGGAACTCGGGTTACATTAATCATAAAAAGAGGTGATAAAGAATTTGAAAAAACAATTACAAGAAAAACAATGATTGACAAAATAGTATCTGTATTTTTTGCCGAGAGGAGTCTTTGCTATAGAGAGAAAGGTAATCTTGATCAGGCTATGAAAGACGCAGAAAAGGCATACTCATTTAATTTAAATTTAGATAATATAAAAGAAGCTCTTGGTGCTGTTTATATTGATAAAGGAAAGTATGATGAAGCCATAAATATCCTTTCTTCTACAGATAAGGATAATAATTTTTCCAAGTTATTGCTTGCAACAGCCTATGCCAAGGCTGGTAAATTTAATGAAGCTGTAAGTGTTTATAAGAATATCCCTGAAGATTATTTAATAACCAAATCAGTTTTAAGAAATAATGCAATAAACACTCTTTATAACGCATTAAAGCCTTACAAAGATAATTTGATGCAAAGCATTAAGGCTCTTGAAGCAAAAGGTCAATATAAAGAGGCAATTAAAGAGTATGCAAACCTTTTAAGGATATCTGATGAGAAAGAAGCAAAAGAAATAAGAACTCATATTGCAGAACTTATGATTAAATATCCACATCTTTTTGCTTTACCAGAAGAAGCAAGAAGATCTGTAATAAAAGCAGAAGCATTTACAGAAGAAGGGAAATTTGAAAAAGCGATTGAAGAATATCAAAAAGCTTTAGAATTATCACCTTTTTATCCTAATCTTTATAAGGCGCTGGCATTAAGTTATGGCCAGATTAAAGACTACAAAAAAGCAATTAAGAATATGAATATTTACCTTGAACTCTACCCCGATGCTCCTGATATTAGGGCAGCCAAAGATCAGATTTATAAATGGGAATTTATGATGGAAAAAGGAGAATAATATGAAAATAATGCTATCAATATTAGCTTTATTCTTAATTTTACCTAATTTATCATCAGCCCAGAGTCTTACTTCAGGAGATAAACTCTGGCTCAGTACATATTTTGATCTTCAAAATGAAAAAATGAAAGTAGAGGAAAGAATTAAGGAAATTGATTTAAAGATAGCTCAAAACGAACAAGAGATATGGCAAATAAATGAATTACTTGCAAAGATACAAGGAACATTGATTATGGGCACAGAAAAACAAAAAGAAGATGCTCAAAAGGCAAAACCTGTAGCGGAAAAGGCCTTGATGCAGGCAAAAGAGACTCAAAAGAAGCTAAAAGATCAGAAAATGGAATATGAATGGCTTATGTCAAGATTAAATGAAGAGGAAAGATCACTTAAGGATTCATATTCAAAAATGGAATCTAATAATAATGTTGCTGGTTTGGTAAAGGAATGTTCAGGTACAGTAAGGATTATGAATTTGCGAACCAAAAAACTAGAGGATGCTTGCCATTCTTTTATGCCAATAAATGATGGAGATAAAATAACAACTTCTTCTGATGGACGAATAGAATTAAAAATTTTAGATGGGCGAGGAAACTTCATTGTAGGTCCAAATTCTGAGGTCATAGTGAAAAAGAAGTCAGCGGATGAGGAGGGAGTTGAGTTTATCCAAGGTAAGGTCTATACAAAAGTTGATAAATCGGATGAATATTTACAAAAGGTTAAGGACTATATAGAGAGATACAAAGAAGATTTAAAAACAATAAAAGGATGGACGGAAGAGAAATTAAAAAAATTCGGTATTGAAATGTGTATCTTACTTTGGGGTCATAGCCATTGTCATTCTCGTCCTGAATGGGTCATTGGTATCCGTGGAACAGAATTTACTATTGAAAGGGAAGGTGCAAATACTGTAAAAATTTCTGTGAAAGAAGGAATTGTAGAAGTTACTCATAACGTTAACAATAGTAAAAACGAGTCTTATGAAATACCGGAAGGATATGAAGCCATAATTACAGGAGAAACTTTAACTAAAAGAAAAATAGAAAAACTTGAAAAGTGGTGGGAAAAATAAATAATCATAAGACTTGCATATTTTTATTTTTGATATACTTTTACCGTTCCTGGGTTTCTAATATAATGCATTCCCAAAATGTAGCCAAAAAATTGAAAAATTTTATTCCATGAATGGTAAACCGTTTAACAAAAAGCATTATATTCACGTTGGTACAATATTTCACACAATGGTAATTGAACAGGTTTTGCGAACTAATTATTGACTAAAAAATTAACAGGGTTCCATCTGGATCGTGTGGGTTAGAAAGCAGTGATAATTTTTTCCTCGATGGAGATGAATCGTTCCATCTGAACCGTGTGGAGAAATGGAGTTCTATAAAGAAACTCCCATTATATCTAAATTACACATCATTTCTCTAATCTAATATCTTCTCAATATAATATAAGTTATATTAAAGGGGTAAAAACAAATCAAAGAGAAGATAAAATAGAAAGGTTAAAAAAATAATCCCTAAAGATAAATTTAAGAACCAGAGATTAAGATTGCTTTAGAATATAAGAAAGAGAGCTATTTATAGTTACAGATAATTTAGTCAACTTCCATATCTTGGGGTGAGAAATTAATGATTTTTATATAATTCAAAAAAGAGATCCTTCAGCCTTATGGTCTCAGGATGACAGAGAAAGGTAAACTTACAAAAATTTTTGCAGCACTTTCATTTCAATTTTAAAAATTAACCTTTTGTATCTAAATTTTTTTTTCAAAGCTTTTTATAAATTCTTCAAAATCTTTAATGTCTTCAAATCCATCAAATACAGATACAAATCTAAGATAAGATACAGGGTCTAACTCTTTGAGTCTGTTTTTAACTAAGTCTCCAATTTCTGCAGAACTAACTTTTAATTTTCCTTCATCAAGAAGATATTTTTCTATGTCGTCTGCTATCTGCTTGATCTGCTCTTGCGTAATTGGTCTGTTTTTGGATGCAAGCAGTATTCCTCTGATAATTTTTTCTTTATTAAATGGTTCTACTGTATTATTTTTCTTGATAACTTCTATATGCTCTTCTTCAATTCTTTCGTAGGTTGTAAATCTGTATCCACAGTTTAAACATTCTCTTCTTCTTTTTATAACAACGCCTTCTTTTGATTGTCTTGTTTCTAAAACCTTATCATTGAGACTTCCGCATTTAGGACACTTCATGATAGTTGCTTAAAGCACTCATAAGCTTTATTTAATGTATCTTCTAAATCTCTTTGACTATGTGCTGTGCTTAAAAAAAAGGCTTCAAATTGTGATGCAGGTAAGTATATTCCTTTTTCAAGCATACAACGGAAGAATTTTGCAAACTTTTTCGTGTCGGAGGTTTTAGCCGTCGCAAAGTCTACAACTTCTTTATCTGTGAAGAATACGGTTATCATAGATCCAACCCTGTTAACTACAACCGGGACTCCTGTTTCCTGGGAGATTTTTTTAAATCCTTCTTC
CP001080.1_gap32	1484891	1489708	4817	AATCTCCTTCTTCATTTATTTCTTGAATTAACAATTCTAAAGATTTGTAAGTTGATAGTTCAGAAGGAAAGGTGTTGACAAAAAAATAATTTCTATCTAAATAAAAGCTTTCTTTTTTATCAAGTATTTCTCCTATATTTTCTCTTTCTATTTTAATGCTTTGGTCTATCATAAGGTTAAATTTTTTAGGAATTTCTAAAATAACATCCTTTGCAAGGGTTTTTAAATCAAATAAATCATGCGATTCTTCAAGTTTGTCTTCTATGCTTTTTATAAAAGTTACTGCTTGTTCTAATTGGATAGAGTTTTCATTATCTTCTAAATTTTCAGATAAGTTATTAAAAAGGTCATAGTTTATAAATGGATCTCCAATATGAATATATATACTCCTATCCTCATCATCTACTTCTATTTCCAAATTAGTTATAAAAATAGGTCCAAAAGCTTTATTTGTATAACTTCCGTTATCTTTTATTACATATTTAAATAATCCGATACCTAAAAATATTGCTTGATTTAAACCGTCAATCTCTTTAAGCTTTTGCCTCAAAAACCAATACAGTTTTTCATCTGCTTCTTGATTAACTTTATAAGTTTCTCCTAAACTTAAGTTTTCATCAAAGTAGAAAAAAATATTTTCAAGATTTTTATTTTTATTTCTTGGTTTAGATTTAGCAAGATTTCCGAAATCAACTCTAACACCGATTTTTCTGCTTAACTCTTTTAAATATCCAATGTAATCTAAGATATATTGTTTATCATTCATCTTAAATCTTCCTCTGTTAATGGCTCTTTAAGAAGTTTAATAATATGCTCAATTTTCTTCTCAAGTTCTTGAATCTTTTTATAATTTTCTTCTACTTCTTTAAATAATTCTTCGTATTTTGACTGTGTTAAATCTGTAATTTCTTTTTCAAATTCTTTTAAAATTGAACCGGTTTTCATAAGAAGATTAATGGTGTATTCCATCCTATCTTTATTTTCTATCATTTTTTCGTCTATGCTTTTATGCTTTGATTCTATATTAATTAAAATATCCTTATGAAGTTTGCTAAGTTCTGTTTTAAATTCATTCTTGTTCTCATTAATAAGTGTTTCAAAGTGTTGAAAGCCTTTTTGAATTTGCTGAATATTTAAAACAATCTGACTTATAATATTTGTATAATTTGACAACTCTTTTAAAATTGAGTTTTTCTCTTTCTCGATCTTAAAATAGGTAAAGATATTCAAAACAATCGAAATTAACAGTAAAATTAATACAGCAATCAATATTATTTCTAAGGACATATTTACCCCCGCATATTTAAAAATATTTGCTAAATTTTAAAAAATTATAACACACTTAAAACCTTCCTAACTATTTCATTAATAACCATTATTCCCTTTGGAAGTAGATAAAACCTTCCATCTTTTATATCTCCATAGCCTTCATCTACTAACTCTTTTAGAAAATCTTTATTCTTAATCAAATCTACATCTATACCCTCTTTAAGCCTCAAGCCTAAGAAGATTTTTTCTTCATGCTTTTTCTTTTCATCTAAAACCTCGCTAAACTTAACAGGTTTTATACCTTTTTCAACATTCTCTAAATACTCATTTATATTCTTAGTATTTCCAAACCTTTCATTATTTACATAAGACCAAGCAGAAACGCCAATGCCGAGAAAGTTTACATCTGTCCAATAAAATAGATTGTGTTTACATTCATAGCCTTTTTTTGCCCAGTTTGAAAGTTCATATCTTTCAAAGCTTTTGTTATGTAAAGCTTGGTCTATCATTAAAAACATTTGATATGCTAAATCTTCGTCAGGTAGATGATAAAGTCCTTTTTCTACAAGTGTTCCAAGGGGTGTGTCTTCGTAGGCAGTCAACATATAAGCTGATATGTGAGTTATAGGTAGTGATGTGTATATTTCTAAATCTTTTTCAAGGTCTTGCAAAGTTTGGTTTTGAATTCCATAAATCAAATCAAGATTTATGTTAGATATTCCGGCTTTAAGGCAGTTTTCTATGGTTTTATAGCTATCTTCCGGTTTGTGGTCTCTGCCAAGCATTGTAAGATTTTTTTCTACAAATGATTGATTGCCAATGCTTATTCTGTTTACTCCTGCATCTTTTATGATTTTAAACTCATTATATTCATATGTTTTTGGATTTATTTCAACCGTTATCTCAAGATTTTTTTGATGCTTTACGTTATTTTTTATAAACTCTATTATTTCAGCGATCTTTTCAGGTTTTAGTGTTGATGGTGTTCCGCCTCCAAAGTAGATGGTTTGAATATCAAAATCATTATCTAAGTACATCAAAAGCTCTTTTTTAAGAGCTTCTACGTACCTATCTTTCAATTTATCTTCTTGCCAAACAAAAGATGTAAAATCACAGTATGGACATTTTATATTGCAAAATGGTATGTGTATATAAATTCCTTTTATCATGCTAAGATTAATTCTAAAAATTTTTCTGTAGCCAGTTTATCAAGATGTTCGTTTGCGTTTCCACACTTTGGAGATAATATACAAGACGGACAACCATTTAAACATTTACAGTTTTTAATGTTTTTGTAAGTTGCTTTTAAAATATCTTCCAATCTTTCAAAACCCGCTTCTGCGTAGCCTATCCCGCCTTCGTAGCCATCATAAATAAATATACTTGCTTTTTCTGTCTGTGGATGGTAGTTTGTAGACAATCCGCCAATATCCCATCTGTCATTCATGGCAAAGATGGAATAAATACCAATCATTCCATGCTCAGCTCCATGTAAAGCACCTATGAAAATATTTTTCTCGTTCAGTAATCTTTCAGCTTCTGTCGTCAAAATCTCAATCTCTGTTTTGGATAGGTTTTTTAAATAATTTTTTATAAAATTAGAATCATTCTCTTTTAAAATTTCTCCAAGTTTTTTGTATGGAGTTTTACTATTTGAAACTATGTTTAAAACCATCTCATAGACTGGTTTTTCAAGCTTTCTTTCAAGCAAAGATAAAACTGTTTTCTGACTGTTTTCTAATGTATTCTTTTTTATCAAACTTTCATAATAATCCGGAATGGTAAACCATACTGCTTTTGTAGCAAAATTTCTTTCTAAAATTTTTTCATCATCAAACATAACATTGTTGATTCTTTTATTAGATTCTATCTCTATTTTTGAGTATCCTATTATCATAGACCTAACATTAACGCTTCCATAAAAGATCTCTATATCTTTAAATTTTCTTGATTTTTCGATGCTTTGTATTTCTGTCTCTGAAGACAGCACCGGTTGTGTAAAGTAATTTAAATCTGCTTCTTCAACATACACCACCTTATCATCATTATCTACGCTAACAACTTTATAAGTTTCTCCGGAATGAATATAAACTGCGTTTGGAAAAGCTTCATAAAATACATACTCTTGATTAAGATTTCCAATAGAACGATTGGTCTTTATGTCTACTATATCATAACTATCTCCTGCAGACCTGATGCTAAAAGAGATTTTTTTTCTTGATTTGATTTTATCTTTATCAATATAAAGAATTTTATCTTCTAAAAGCTCTTTTACCGCTTCTTTTTCTGATGGCTCTATATCCCGAATATGAATAGGAAGTTCTTTAGCTGATAATATTAGATGTTTTTTAAGAATGTATTTATTTTCAGGATTGATGATTGGCTCTTCTACGTTTCTGTTGAAAATATCTTCAGGATTTTTAAGATAATATTGGTCTAAGGCATCTTGTTTTGTGATTAGGTAGTTGTATGCTGTTTGGCCTCTTCTGCCGGCTCTTCCAAAGCGTTGCCACATAGCAGCCAGCGTCCCAGGAAAACCTTTTAAAACAACGCACTGAATCTCTCCAATATCTATACCCATTTCTAACGCACTTGTAGAAAGTACAACTGTTATATCTCCATTAGCTAAGCCTTTTTCTATTTCTCTCCTTTCTTCCTGTCTGTATCCAGACCTGTAAGGTTTTACTTTATTTATAAGTTGAAAAAGCTTTCTTTTTATAAGCTCTTTTCTTATGTTTAGATAAATAACTTCTATATCTTTTCTGCTGTCTATAAAAACTATCGTTGATGTTCCTGTTTTTAGAAATTCTATTATAATCTCTATAAGTTGATAGTTAGAAGCTGGCTCTGCGATGTATATTAATTTTTTTGGAGATGGTGCTCCAGATTTTGATATTTCTATAAAATTTTTCTTTCCTGTAAGTTTTTCTGCAAAAAGGCTTGGGTTTCTAATGGTTGCAGAGTTGCAGATGTATAAAGGCTCTTTACCTGTGTAAAAATTAGCTAATCTGTTTAATCTTCTAAAAATGTTTGCAACATGAGACCCAAGCACTCCTCTGTAGGCGTGAATTTCGTCAACAACGACAAACTCTAAATTTGTAAAAAATTTATCCCAGCTCCAATGATTTGGCAAAATTCCCTGATTTAACATATCCGGAGTTGTGATTAAAAAGTTTGGCGGGTTTGACCTAATTCTTGCTCTTTCAGTATTTGAAGTGTCTCCATAGTATGTTTCAACAGTTGCTTTGATTTTTGTCATTTTTATAAGGTTTTCTATTTTTTCTTTTTGGTCTCTTGCAAGGGCAACAAGGGGAAAAATTAAAATGGCCGTTGTGTCCGGGTTTTGGTCTATTTTTTCTAAGATTGATAAAGTATAGATTAAAGATTTTCCTGAAGCTGTAGGTGTAGTAACGATTATGTCATTTCCTTTTAGTATCTGCTCTAAAGCTTCGGCTTGATGGCTGTAAAGTTTTATGCTGTTTTCTTTTATAAGGTTGTTGATTTTTTGAGAATTAAATTCAAATTCTTTGTATTCTGGTTTTGTAGCC
CP001080.1_gap33	1550322	1554971	4649	TATAATAAATTATTTTAAAAATCATGAGTAGGAGCTTTAAAACTTGAAAATAACAGTTGAGTATAGAAACAACAAAATAGAGCTTGAGTTTGAAAGCAGTAAAGTAAAAGCAAAAGATATTCTAAAAAAGTTAAATCTATCAAGAGATTATGCATTTGTAGTCAAAAACGATGAAATAGTTGATTTAGATGAGTATATAACACCGTCGGACAAAGTTAAAGTTATTAACGCAATTTCTGGAGGAAAGTTTTGAGAAAATGTTATAAATGTGATAAAAAAGCACAGGTTTATCTTCCACAGCATAGATTAGCATTCTGTAAAGACCACTATTCAGAATGGTTTGACAACAGAGTTGAGAAAACAATCAAAGAATTTAAAATGTTTGATAAAAACAGTAAAATCTTAGTAGCTGTATCAGGTGGTAAAGATAGTTTGTCTTTATGGAATGCTCTTGCAAAGCTTGGATACAACGTAGATGGTTTTTATATAAATCTTGGAATAGGAGATTATTCTCAAAAGTCTAAGGAATTGGCTTTAAAATTCGCAGAAAAGATAGGAAAAACTCTTCATATTGTTGAGCTTAAAGATGAGATAGCAACCATTCCGGAGATGAAAACATACGACAACAGACCAGCCTGCTCCATCTGTGGAACGATCAAAAGATACTTTATGAACAAAAAAGCCAAAGAGCTTGGATATGACATAATAGCAACAGGACACAACTTAGATGATGAAGCAGCAGTTTTGTTTTCTAACACTTTAAATTGGAGCGTTGAATACCTAAAAAGACAGTATCCTGTATTAAAAGAAGAAAACGGATTTATAAGAAAAGTAAAGCCTTTATGTAAAATATCAGAGAAAGAAAGTGCCATGTATGCTATTTTATCAGGCATTGAGTATATAGAAGAAGAATGTCCATACTCAGTAGGAGCAACTTCTATTGACTATAAGTTATTTTTATCACAGCTTGAAGAAAAAAGTCCAGGCACAAAATTAAGATTTTATTCAGAATTTTTAAGAAAAATGTATCCAATCCTTCAAAGTTATGAAGAAAAAGTAGAGCTTGGAAGGTGTGAAATCTGCGGAGAGCCGTCTATGAATAGAATTTGTTCATATTGCAGTTTAAAGATGAAACTACAGGCAAAAAAGGAGAAAACTGTATGAAACTATTGGCACCATCTATTTTATCTGCTGATTTTTCTATCCTTGGACAGCAAATAAAAGAAGTAGAAGAAGCAGGAGCTGATATAATTCATTTAGATATAATGGATGGTCGCTACGTTCCAAACATAACATTTGGACCACCGGTGGTTGAATCTATCAGGAAAATAACAGACCTACCATTTGATGCACATCTCATGATAGTTGAGCCGGAAAAATACATACCAGATTTTATAAAAGCGGGAGTAAATATGATCTCTTTTCACATGGATGCAACCATACATGCCCATAGAGTTGTTGATATGATTAAATCTAACGATGTAAAAGCCGGAGTAGTTTTAAATCCAGCAACACCTGTAAACACTTTAGAAGAAATTATTTATTACATAGATTATGTTCTTATTATGTCAGTTAATCCAGGTTTTGGTGGTCAAAAGTTTATTCCACAAACAGCAGAAAAGGTTAAAAAATTAAAACTACTGATGGAAGAGACAAACAGAACAGATATATTAATCGAAATAGACGGCGGAGTTAATCAAGATAATATAAACTATTTATCTATGCTTGGAGTAAATATTTTTGTAGCCGGAAATGCTGTATTTAAAGGAAATATTAAAGAGAATGTTGTTAATTTAAAAAGAAAAATGGAAATATGCGTTTAAAGGAGTTAAAAATGGATTATAAAATCAGAACATGGCCAGATCCAATTTTAAAAGAGCCAACAAAAGAAGTAGATTTTTTTGATGAAAGATTACAAGAGTATATAAATAAAATGTGGGAATTTATGTATAAAGAAGAAGGCGTTGGACTTGCTGCAAATCAAATTGGCATTCCATATCAAATTTTAGTTATCGATACATCTTTAAGAGAAAAAAGAAGCGAAGAAGAAGCAGAACCACCGGTAAAGATGGTTTTGATAAATCCAAAAATTGTCGAAAAAGAAGGAGAAGTCCAATCAACAGAAGGGTGTTTAAGCTTTCCAGGTGTTCAAATTACAATCCCAAGAGCGAAAAGGGTTAAAGTAGTTGGCAAAAATGAAAAAGGTGAAGATGTAGAAATAGAAAGCTCGGAGTTTTTAGCCATCGTACTTCAGCATGAGATAGACCATCTAAACGGTATCCCATTTATAAATTATCTTTCACCATTAAAAAGAAAGCTTGTGTTAGATAAATACTTAAAATCTTTGAAAGAGCTTGAAAAAGCTTAAGGAGAGATTATGTTTCCAGACTTAATCAGTATTGGTGGTATCACTATACATACATACGGCGTTTTGACAGCTATTGGCCTTATAGTTGGTTTTTATGTTGGACTTTATCATGCTAAAAAAGAAGGTATAAATGAGAAAGATTATGAAAATGCTTTTATTTTTATAGTCTTAGGTGGTATTATAGGAGCAAGAATTGCTTATATAATAGAGCACAGTGAAGATTTTACTTCATTTTTAGATTTTTTCGCAATTTGGAATGGTGGAATTGATTGGTTTGGCGGTTTTTTAGGTGGTTTAGCAGCAGCTATATTGTATTTAAAATATAAAAACATATCAATACTAAAGCTTGGTGATGTGGCGGGTGTTTCTATACCAATAGGACACTTTTTTGGAAGGCTTGGATGTACATCTGCAGGTTGTTGCTATGGAAAACCAGTTCCACCGGATTCACCATTAAGAGATATTGCAATCATTTTTCCAAATGATCCACACTGTTTAGCACCAAAAGGCATACCACTTTATCCAACTCAGCCGGCGGAAGCAATAGGAAATCTCTTAATCTTTGCCATTTTATTTTTCACATACAGAAAAAAAACTTTTGACGGACAGATTTTATCTTTATATCTTATACTTTATGGATTTTTAAGATTCTTATTAGAATTTTGGCGTGGAGTAACACCACCTTTGCCATACATTGGTTTAACTTGGAATCAGATAATCACTTTATCAATGGTGTTATCAGGAATAGCTTTATTTTTTTATATGAAGAAAAGATATGCAAAACCTGTATGACCTTTTTCAAAAAAAAGCATTTAACATCGAGCCAGGATTAGAAAGAATAAGGTCAGCGTTAAAAGAACTTAATAATCCGGAGAAAAATTTTAAATCTATTCTTGTAGCAGGGACTAACGGCAAAGGTTCAACATCAGCATACTTGGAGAGTTTACTTAGACACTATGGCTACAAAACAGGACTGTTTACATCTCCGCATCTGATAAGAGAAAACGAAAGATGGCAGATAGACAGAAAGGAGATTGACGATAAAAAATTACAAAATTACATCAATGAATTAAAACCAATCATAGAAAAATACAATCTTACATATTTTGAAGCATGCACACTTTTAGCTTTTAAATACTTTTCTGATAAAAAGGTGGATATTGCGGTTGTAGAGGTTGGTCTTGGTGGAAGGTGGGACTCGACAAATGTTTTAGAGCCGGAGACTTCAGTTATTACAAATGTATCCTTTGACCATATGCACATGCTCGGAAACACACTTTTAGATATAGCCTATGAAAAAACAGGCATTACAAGGCAAGATAAACCAGCTGTAATAGGAAGAAACCAACCAGAAATTATCCATTGGCTTAAAGAAAGAAAGATAAAAGAGTATTACATCAAAGATATAGATTACTTTGTTAAAGAGATAGATTTTAATAAATACAACTACAAATTTAAAGAGCATATCTTTGAAAATTTAGAAATATCAATGCTTGGAAAAAGACAGATAGAAAATTCAAGCTTAGCGCTAACAACTTTCCTGCTATTTTTAGACAAGAACAACCAACCGGTTGTTGAAAACATAATAAGAAAAGCACTCTACAATACAAAATGGAAAGGAAGGATGGAAATTATTAGCAAAAATCCTTTTATCATAATTGACGGAGCACATAACGAAGAGGGGCTTATAAAAACATTTCAAGAAATAAAGGAAATCTTTCCAAATAAAAAGATTTTCACTATCTTCTCATTCATGAAAGACAAAGACACAGAAAAAATGATAAATATAATCAAGCAAAATAGTGATTTCTACATAGCTACAGTTATGCCATTTTCTAGAGCAATGACAGCAGAAGATTTTAAAAATCTTGGCATTGAAAATGTAAAAGAAAATCATTTAGAGGCAGTTAAAGAGCTTAAAAACAGTGTAGATAAAGATACAATAATATTAATCACAGGTTCGTTATACTTAATAGGAGAGATCTTGAAAGATGGATGGAATACTTTTAGTAAATAAACCAAAGTTTATAACTTCAAACGATTTGGTGATAAAGATAAAGAAACATCTTAATGAAAAAATGGGTCACACAGGCACACTTGATTATGCAGCATCGGGCTTGATGGTTTTAACAGTAGGGCAAGGGACAAAAATAACTCAGTATTTACAAAAACTTGATAAGCAGTACATAGCAGAGGGAAAACTTGGAGAAATTACAGACACATACGATAGCCAAGGCAAAATTATACAAACAAAACCTGTTGAGATTGATGAAGAAAAGTT
CP001080.1_gap34	1556306	1556930	624	TGAAGTAGAAAGTCAAATTAACACTATCGTTAACGAGCTTTTTAAAGAAAACTTAGAAAAAATAAAAGAAACAGATTTGTATTTTTTAAGAGATGATATTATCAAATCAATTTTTACAAAGTTAGAAAGTCCAAGAAAAGATTATATAGAAGCCATAGTCTCAAAATTTGCATATTATGAATATCTCTTTACACTTTACAACATTTTCAAATTAGAACATAAACCATTAATCATAGGATTGGCTAAAACTTCCACCGGAACAGACATGTTAAATCATTCTCTGCCGGACATAAAGTTATTTTTAAACTACATTAACGAACTTGGATATTCTGAAAGCGTTGAGCAGAACTTAGAAAAACTAAAAACAAGCCTTGGAGAACTTCAGCTAATAGATGATAAAATCTTTAGCTTTTTATATGAGCTAAACATCGAGTCTTTTTATGCAAAATATACTTTAAAAAATGCTATAAATCTTATAGAAGTTTATCAAAATCCAGATTTTGGAACAATAAGAAAAGAGGATATATTAGACTACTTAGCAGATATGGACTACTTAGGCTACAACTATCCCTTTAAGCTTAAAAAAGTTGACAACGAAGTTAGAATTACATCATCAGATTTTGA
CP001080.1_gap35	1595699	1598288	2589	CTTTTTTTTATCTTCTTAAAAAAGAAGGAGTCCATATAGTAGATTCAACAATGAGCTTTCTCATTACTCGTATATTCGATGGTCTTGGCTTGATGGCGGTTTTTGCATTTAGTTATTTAACTTTTAAAGGATTTCTATCCTTAGCTTTAATATCATTTTTGGTAATTCCTTTTAGCTTTTATGTTTTTGTTTTTATTTTAAAATTTATAAAACATGAGAAAATCAAAAGCTACAATAAAGACAAACTTAGATTTTCTAACCTTGCATATATTTATCTGTTATCTGTTTTAACTTTTATCTTGAAGTTTACAGCGTTTTATTTTATTATACCAACTCAAATAGATATATCATTTTTCCAAACAATTTTAGCATCAGCAGCTGCAGATTTGACAACCATCCTACCCATTCATGGAATAGCAGGCATCGGTACCTATGAAAGCGGATATGCAGGAAGTTTGATATTTTTGTTTAACATAGATAAAAACACAGCGTTTTTACTGTCTTTTTTGGTACATACTTTTATACTTTTTTCAAGTAGTTTACTCTTTGTTTTGACTATAGTGTATTTTAAATTTCTTAAAAGCAAGAATTAACAGAACTTTGGATAAGAAATTAAGAATCTTTTAGATATTTAAAAAGAATATCCTTCAGACTTAATCAAGTTCTAAAGATAGGTAAAGTAAGACGGATGACGAACGAGAAAGTTTTATTAACTTCTCACTTCTCACCTCTTATATCTTTTGAATTTTGTAGAATTCCCTACCTGATATGTTTAACACCAATTTACTTATTAATACATAAATTCTATACTGGGTGAAAAATTCAATAAAAGCATGAGATTCTTCGCTTTGCTCAGAATGACAAATAAGATTGCCCTTTTTCTAATGTTTATCAATCAACCTTTTCCTGTCATCCTGAGGCCGTAATGCCGAAGGATCTCATTTTTAAATTCTATAAAAATTACTAATTTCTCACTCAAGGTATAAATTCTATATTAAGATTAAAATACTAAACTTATCCTTATCCTTTAAAAATTGCATCTAATTTTTCTTTTACTATTTTTGCAGTAATTTCTGCAACATATTCTTTAAGCTCTTCTTTTATCATTCTTTCAATTTCTTCTTTCATCATTAACTCTGCTTCTTTTGCTAAAGATGATTTTAATTGATTTTTTATTTCCTCAAGTTCTCTTCTAGCCTCATCTTGAAAGTCTATCTGAAGGTGATCAATAATTGTATTCATGGCATTGTCGTTCTTTAACATATCTTTTACCATTTCCATAGCTAACGTCTTTATATCTTCTGAAGAAATAGTAATATTAAAGTTAGTTACCATGATTTCTTCTCCTCCTGTAATTTTATTTTCTTTTTCTACTTCTTGAATGAACTCTGTTAAAGGTTTAGTAATAATTTCTTTTTTTTCTTCTTTGGCTTTTACTACTTTTAATTTTTCTTCTTCAATTTCTTCTTCCTCATCTCCTTCCATGTATTTTTGAATCCCTTCATTTAACTCTTCAGATAAAGATTTTGCAATATTTTCTTCTATCTTAGTTTCAATACCAATTTCTTCAATACTAAAGTTTTCTAACTCTTTTTCTATAATTAAATTATCTAAATTTAATAGGTTTTCCTCTTTCTCTTCGTTAAAAGATATATTATTAGGTTCCAACTCTATGTTTCCAAATTCAATTTCAAATAAAGATTTATCTTCTACTTTTTCTTCAGAAGTAGATTTATTCTCAAATTCTGTATCATATGGGATAGTTATTGTAGAGAAGTTATCAAAACTTTCTTCTTTGTTTTCCAATTTTATTCCTTCTTCATTAGTTGATATTACATTAGGTTCAAAATCAATTGAATCTTTCTCTATATTATATAAATCTGTCTTATTAAATAAGTCTTCAAATTTTTGATTTTCAAAATTTTCGGTTTCATTTTCTTTTTCAGAAACGAAAGTTTCGGCTAAATTTCCAACTTGCTGAGATTGAATTTCTTCTGTTTGGATTAAGGTGTTTTTCAATATCTCTGGTAGAATTGTGAGAGATTCCGATTTTGATATAAATTCTATATCATCGCTGAAATTTTTTTTGTTTATAGGGTTTTCTGGAACAGTTAATACGAAATATTTTATATATTTTCCTCCCAATTTTCCAATCAAATATTTCAGATCATCTTCTGCAAAGATTCCTGACGAAGTATCGTAAATAATCACTTTAAAATCTTTTTGTGGAAACTCTTTAATTAATGATAAACTATCACCATATACTTCAACATTATTTATTTTTAACAAACTATTCAAGTTCTCTACAAATTTTATATCGTATGATACTACTGCAATGCTCATAAAAAAGACCTCCTTAACATTTACATTTAATAAATTTCTTTTCGTCAAAAATTTTGTATAATTAAATTAACATAAAAATCTAATTGTGGAGTAAAAAATGCAATTTAAAGAAGTTGACTTACCAGGTATAGGAAAAAAGTTTTCAATTATTACAACAGGAAAGGAAAAGGTATCTGTAATCATTCATTTGTCTGGGAAGAGAGAAATTTACTTTTTTGAAAAAGGCGATTTCGATGAACCTGTATG
CP001080.1_gap36	1666518	1667430	912	AGAGCATTCTATTGCAAAATTAATCGGTGCACCTCCAGGATACGTAGGATATGAAGAAGGTGGAAAGCTTACAGAAGCAGTAAGAAGAAGACCCTACAGTGTTATTCTACTTGACGAGATAGAAAAAGCTCATCCAAGAGTATTTGACTTATTCTTACAAGTACTTGATGATGGAAGACTTACAGACTCTCAAGGTAGAACTGTAAACTTTAGAAACACTGTAATCATAATGACTTCTAACATCGGTAGCCAATACTTAACACTTATACCGGTAGATGCTCCGGAAGAGGTTATTGAGAAAGAGTTTGAAATCGCTAAGAAGAGAGTTCTTGAAGAAGTTAAAAACTACTTCAGACCAGAATTTTTAAACAGAATAGATGAAATAATTGTATTTAAGCCATTATTCAAGAAAGATATCATACAAATAATAGACTTAATGGTAAATGCTCTTAATAAGAGATTGCATGATAGAAATATTAAAGTTGAGCTTACAGATAAGGCTAAAGAAGTATTGATGAAGCTTGGTTATGACCCACTTTATGGTGCAAGACCTATGAGAAGAGCTATACAAAAATACCTTGAAACACCATTATCAGAAAAAATACTTAGAAGAGAAGTTAAAGAAGGCGACACCGTTATAGTAGATGCTGATGAAACCGGTGAAAATTTAGTATTTACTGTAAAACAAAGTTAGTTTTACAGCCCCGGGTCTTGATGGCTCGGGGATATTATATTTCAAGATCTAAGATTACAGGAGCATGGTCAGAAGGTTTTGGCGACCTTCTTCTTCTTGGCCACAAATCAACTTCAACATTTTTTACATACTGCAAAAACGGTTTTGATACTAATATGTAATCTATTCTCATTCCTTCATTTCTCCAAATAGCACCACCTATATAATCCCACCATGTA
CP001080.1_gap37	1676070	1680528	4458	TAATATCCGGATCATCAAAACATCTAACGACGTGTGCAATAGCTGATACTTGTCTTATGTTTGCTAAAAATTGATTACCTAAGCCTTCTCCTTTGCTTGCTCCTCTAACAAGACCTGCTATATCTACAAATTCTATCGTTGCAGGAACTATGTTTTTACTTTTTTCCAGCTCTGCAATTTTATAAAGTCTTTCATCAGGAACGTTAACTATTCCAACGTTTGGGTCTATGGTGCAAAATGGATAGTTAGCAACTCCTGCCTTTGCTGTTTCTGTAAGGGCATTAAAAATTGTGGATTTTCCAACATTAGGTAATCCTACTATACCGACATTCATTTTCATTTATCTTCTACCACCTCTTTTTCAAATATTGTTTTTTAAACGGTTAATTAACTTATCTTCATCTAAAAAAAAGTGCAACCTTTCTTTCTTCAGGTATTTCGTATATCAGTTTTAATGTTCCGTCATAAAGTTTCTTTATAAACAAATCAAATTTTTTCCCATCTTTGTATCCTGTTATCCAAATCTCTCTTGATTTATCATGGTAAAAAATCGGATATTCTTCTGAATGTACCAATGTTCCACAAGCTTCTAAAATTTTTTCCATCGTAACCTCGAAGATGCTTTAAAATATCAATTATATCATAGATTAACTAATCTGAAGTTAGTTCTTCTATTCTTGCTATTGATAGATAGACATTCAAAACTTGTTCCAAGATAGACATCTTATAATTTTTGTATTCATTAAAGATAACATAAAAGTTTTGAAAATTACTAACGTTTTGAGCATATTCATTAATTGCTTTTTTTAGACTGTTTTCGTAGTTGATACTAAAATCTTTTAAAATCCTTAACCTCTCTTTAGCAGATAAATAATCTTCATAGTTTATAGATAAAATATATTTTAAATTGATTAGAAGTTCTAATTTTTGTTCTTGTTGAGATATTACAAATAGTTTCTGAGCCAATACTGATTGCTCTTGAGATAATGTTCTCCAAAATGGCAGATAAACATTTAAACCAACGCCCATAGAAAAAGCATTCTTTATATCTTCTTTTGCTTTATAATCTAAAGAAAGTGTAACATCTGGATAATATATTTCTCTTGACAATTTATAAGACAGTCTATCTCTTTCTAATTTATTCTCTAAATTTTTAATCAATGGGCTAGCTGTTTCTACCTTAGAAATAGCTTCATCTATAGAAAAATCTTTATTTTCATTTAAGTCTATTTCAACATCACTAAACTCAGAATTTACAACTGTTTTTAACTCTTGAATCTTTTTATTAAGATTCGAATGATAGTTTATTTTTTCTAAAATGATGTTTGATAATAAGATTTTTAATCTATCTTCATCTCTTGTTCTATTCATTATGTCTTTTAATAAATTTTCAAGACCATTAAGGGTTTTTATTTTCTCTCTATAAAGCCATACATAATAAGCATTTTCTTTTATTTGTCTGACAATCTTATTCTTTTCTAATTTGTATACATAAATTTGTGCTTCGTAGTTTTTTTCTTCTATTTGTTTGTTTATTTTGAGTTTATCATACCATGGCAAATATTGTCTTACAGTGATTTTGCCTCCATCGCTAAAACTTAATGAAAAAGATGGGTTTGGAAGTTTATCTGCAACATGAACCTTACTTTCCAAAACTTTTAATTCTTTTTCTATCTTTTTTAACTGTGGATTATTTTTTAAAGCTAATTCTATAAGCTGGTCTACAGTTTCAGCAAAAGAAAATTTAAAAATGAGCAACAAAGTTAAAAGAAAAATGTTCAACTTCATTAAAAATCTCGTTTTATTTTAAAAGTTTAAATATTTTAATTATCATATTATAAGAATAAAGGAAAAATTTTAAAAATTCAAATCAATGTAAAAGCCTAAAAGATTATATGTAAGAGGTTTAATTACGATTTATTTAAAATAGTTTGATACGTCGCGTGAGAAATTTAATTAAAGTAGGAGATTCTTCGCTTACGCTCAGAATGACGAATAAGATTATCCTTCCTCTGATGCTTATCATTCAACTTTTCGCTGTCATCCTGAGGACATAAGTCCGAAGGATCCCCTTTTCTTTAAAATATTTTAATTTACAGTTTATTTGAACACTTGATATAGATTAAATAATTTAAGAATAATTTTTAAAACCCGGGATTTGAGTCCCGAGTCTATAATTTTAGTTAAACTTTAACGCCTAATTTTTCAGCTTTTTCTTTAGCTTCTTCTATGCCACCAACCATGTAGAATGCTTGCTCTGGTAAGTGGTCCCATTTACCTTCAACAACTTCTTTAAATGACCTGATAGTTTCTTCCTTCTTAACATAAGAACCCGGCTGACCTGTAAACTGTTCTGCAACGTGGAATCTTTGAGCTAAGAATCTTTGTAATCTTCTTGCTCTACCAACGATTGCTTTATCTTCTTCAGAAAGCTCTTCCATGCCAAGGATTGCGATTATTTCTTGTAATTCTTTGTATCTTTGGAGAATTCTTTGAGTTTCTCTTGCTACATAATAATGTTCTTCTCCAATGTATTCTGGAGCTAATGCTCTTGATGTAGATTCAAGCGGGTCAATAGCCGGATAAATTCCAAGCTCTGTTAATCTTCTTTGGAGAACAATAGTAGCATCTAAGTGTGCGAAAATAGATGCTGGAGCTGGGTCTGTGATGTCGTCAGCCGGTACATAAACTGCTTGAATAGAAGTAATAGAACCATTCTTTGTAGAAGCAATTCTTTCTTGAACTTCACCAACGTCGGTGCCAAGAGTTGGCTGATAACCAACCGCAGACGGCAATCTTCCAAGAAGTGTTGAAACTTCCGCACCTGCTTGAACAAATCTAAATATGTTGTCTATAAAAATAAGAACGTCTTGTTTCTCAACATCTCTGAAATATTCAGCCATTGTTAGACCTGTTTGAGCTACCCTAAATCTAACTCCCGGTGGCTCGTTCATCTGACCATATACCATAGCTGTGTATGGTAAAACGCCTGATTCTTTCATCTCCATCCATAGGTCATTTCCTTCCCTTGTTCTTTCACCAACACCAACAACAACAGAGTATCCAGAGTGGAACTTAGCGATATTGTGAATTAATTCCTGCATAAGAACTGTTTTACCAACGCCCGCACCACCGAATAATCCAACTTTACCACCTTTAATTAGTGGAACGAGTAAGTCTATAACTTTAATACCTGTTTCAAACTGTTCAACTTTTGTTGACTGTTCTTCAAAAGAAGGAGCTTCTCTGAATATTGGCCAATACTCTTCTGCGTTAACCGGTCCAGCTTCGTCAATTGGCTGTCCTACAACGTTAAAGATTCTTCCAAGAGATGCCTTTCCTACAGGTACTTTAATAGGAGAACCTAAATCTTCTACTTCAACACCTCTAACAAGACCATCGGTAGGACCATATGCAACTGTTCTTACTCTGTTATCTCCAAGATGTTGAGCAACTTCAAGATATAAATCTTCTACATATTCTTTTCCAGTATCATCAATAGCAGTTCTTTGTACTTTTAATGCGTTTCTTATAGCCGGTAATTCGCCTTCTGTGAATTCAACGTCTACAACCGGTCCAACTATTTGAATAACTTTTCCTTTAGCCATTTATATTCCTCCTTAGTTTTTTACTTAATTGCTTCTGCAGCATTAATAATATCAATAAGTTCAGTAGTGATTGCCTCTTGTCTTGCTTTGTTAAATATAATTGTCCATTTTCTGATTGCTTCGCCTGCGTTTTTCGTAGCATTATCCATCGCAAGCATTCTTGCAGAATGTTCGGCAGTGGATGATTCTACCAAAGCTCTAAATAATTGATAATTTATATATCTTTGTAGTAAGGAGCTTAAAACTTCTTCTTTTGATGGTTCTATGTTGTACACTGATACTTCTTCTAATTTCTTTGAAGAAGCAGTAGATTCAAGTGGTAGTAATTTTCTAATCTTTGTCTCATATGTAGAAGAAGTAATTAGTTCATTATTAATTAGATAAACAGCATCGGATTTTTTGTCTATAAATCTTGATGCAAGAATTCCACCAACTTTTGCAGTGTAAGTTAAATTTACTTGGTCTCTGTAAATATCCTCATAAGCTTCTATTATGTTAAAACCTTTATTTTTGTAAAAATTAACCCCTTTTCTACCAATTAGGAGAAGGCTAACTTCTTTGCCTTCACTTTTTAACCTTTGAATCTCTCTCCAAGCGGTTTTTATAACATTTGAGTTAAATGCACCAGCCAACCCTCTATCTGCCGTTATAATTACCAAATCTACGCTTTTTTCTTCCCTTTTTTCAAGAAGTGGATGAGATTCTCTGTCAATATAAACAGCTAAGTCTTCTATCAACTCATAGAGTTTATTTGAGTATGGTCTTGTTGCGTATAAGAGTGCTTGTGCCTTTCTTAATTTGGCAGCAGAAACTGCCTTCATCGCTTTTGTAATTCTTTGAGTATTTTTTA
CP001080.1_gap38	1775634	1777275	1641	TTTAAAATATCCAGAAAATCTAAGAAAGCACATATACACAACAAATCCAGTTGAAAGTGTTAATAGCATGATAGAAAAGGTAAGAATAAATTTAGGTGGATATTTTCAATCTGTGGACATTCTTGAGATAAATCTGCTTATACAAAGAGACAATTTAAAGAATGGAAAATGGAAAAAGCCTATACCTGCTTTTAAAGGAGTCTCTTATGAAATTTTACAATTGTTTAATAAAAAGTTTTCAATCCAGACACAAAATTATTGACAAGTCTCAAGAATAGATTCTTCGCTATCGCTCAGAATGACGTCATTGGATCGTTCTTTGTCATCCTGAGGGCTTTAGCCCGAAGGATCTCATGTTTTAATGTCTATTGAAAACAAAAAATGAGATTCTTCGCTAACGCTCAGAATGACGGAATGGGAACATGCAAAGACAGAGATTCTTCGCTTACGCTCAGAATGACAGACTTAGGAGACATAAAAGAAGGAGATTCTTCGCTGACGCTCAGAATGGCATCATCGGTGTTTTGGTTAACCTACCAAAGCCTCTTTATAATTTGGAATAAAATTTAAAACTTCTGATGCTGGTTTAATTGTAAAAAGTGAGTTTTCTACCAATGTTTTTACAAACATAGCATTTAATCTGTGTCCGCCTTTAAAAGAGTAAACTTCTGCAACCAAAGGATAGCCAAGCAGATACAAATCACCGATTAAATCCAATACTTTATGTCTTACAGGCTCGTCTTCAAATCTTAAACCCTCTTCGTTTATTACCTGATTGTTATGAAAAACAACAGCATTTTCAAGAGACCCGCCTTTGGCAAGACCGTTCTTCTTTAAGTACTCTACTTCTTCTAAAAAGCAATAAGTTCTTGCTGTATAAACACCTTCATAAGACTCTTTTTCATAAGGTATGTATGTAAAGCTTTTATTTCCGATAATATCATTATTATAGTTTGCTTGATATGTAATTTTTATTTCATTTGATGGCTTTGCCATAATAAATTTATCTTCTATTTCAACCTTTACAGGTTCTTCTAAAACTGCATACAATTTTTCTTCGTTAAGTGTTTTAATTCCGGCTTCTTTTATCCTTTCAACAAAACCTTTGCTGCTTCCATCAAGGATTGGCAACTCCTCGCCTATTAACTCAATATAAACATTATCAATTCCGGTAAAATAAAGTGCTGCCATTAAATGCTCTATTGTCCTAACTGAAACGCCGTCTTTGTATAAAGTTGTTGAATATTCAAAGCTATGAGCATAATCTATCTTTGCAGGTATAACTACATTATTTTTAATAAAGTTTATTCCTTCATTTTTATTTGCAGGAAAAAGTTTTATTTTAACATTATCTCCTGAGTGTAAGCCTATTCCCTCAATGATTATTGGTTTTTTTATTGTTCTTTGAAATTGACAGATCATAATCATTCTCCATATTTGTTTTTCGTTTAAAATCTATATGCAATTTTTATTCCAATCTTTGACATACGATTTAACAATAATTTTTGTAATATTATAATTTGAATTTTTGCAAATTTTCAAAAAGGTTGTTTAACTGCTAAACATTTTATTGCATTTTCTATTAAAACCTATAAGCCTGTTCCAAAATTATTTCTTAAGTTAAAATTAAATACTCAAAAT
CP001080.1_gap39	1781677	1785104	3427	TGTCTTTTGTTTCTTTTATAACTTTTTTTGCAACGTTTACAGACTCTTTTTTATCATATCCTAAATTTACCAATGCAGAAACTAATTGACTTAGCTCATCTGATTCGTTAAACTCTATCTTTCCTTTTAGCTCTACTATTATCCTTTGTGCTGTTTTATTGCCTATTCCTTGAATTTCTGTAAGCTTATCAACATCTCCATTTTCCATGATTTCAATAAACTCTTCTACAGAAAAGTTAGAAATAATATTCAGTGCATGTTTTACTCCAACGCCATGAATTTGAATAAGCTTTAAAAATAAATCTCTTTCTTCTTCTGAAACAAATCCTAAGAGTCTTACATCTTCTTGCCTTACAAGCAAATAAGTATAGACAATATTTTCTTTGAATTTTTCACTGTCCGGAACTTCTACTAAAAGACCAAATCCAAGTTTTTCTATAACTATATGATTTTTGTCTTTCTTTTTTATTTTTCCTTTTATATAATCAAACATTTATCAGATCTACCGCTTTTTTCCTTAGTTGTCCGCATGCAGCATCTATATCTCTTCCTTTACTCCATCTAATAAATGTAGCAATGTTGTTATCCCAAAGAATTTTTTCAAACTTTAAAACTCTTTCTTCCTCCGGTCTTTCAAATTCTGCTGAAGGATATGGATTAAATGGTATTAGATTTACTTTAAATCTGTGTTTGTCTTTCTTTAAAAGATTTACAAGTCTTTTAGCGTCTTGCTCTGAATCGTTTACTCCTTTCATTAAAACATATTCAAGCGTTATTCTCCAACCTGGTTTAAGTGGTATGCTTCTTAATAAATCCATAAGGTCTTGAAGTGTGTTTGTTTGTGATATTGGCATTAAAAATGCTCTTTGATCTTGATTTGATGCGTTTAATGATACTGCAAGTTTGACTTCTGGGAATTCTTTATCTTCGTACATTCTTTTTATCTGATGAAGTATTCCACTTGAAGAGATTGTGATTTTTCTATGGGATAATCCTACCATATCAGGATGAGTAAAGATTTGAACAGACTTTTTTACATTTTCATAGTTTGCCAAAGGCTCACCCATTCCCATGTAAACTATGTTTGATATTCTATTTTCTTCCTCCATTCCTAAAAATCTTTGGACGTTAATATACTGCTCAACGATTTCCGCTGTTTCTAAATTTCTAATAAGTCCATCTTTTGTAGTAAAGCAGAATTTACAACCTACGGCACAACCAACTTGCGTTGACACGCACAAAGTTTTATGGTTTTTTTCGTTTATCAAAACGGTTTCTATTGTGTTTCCATCCTTAAGCTTCCATAAAAATTTTATACTTCCATCTATTTTTGATTGCTGGTACATAACTAATTCTAAAGCGTTAAATTCTGTATTTTCTTTCAAGTAATTTCTTATATCTTTTGATAAATCAGTCATTTCGTCGTAAGAGCTGACTTTTTTCTTATACAGCCATTTTGCTATTTGCTTAGCTCTAAACTTTTGCCAGCCTTTTTCTACTACAAAATTTTCAAGCTCTTTTAAATTAAAATTTTTTAAATTAACTTTCATCTACTTCCTCTTGTATAAATTTACTATTTTCTAAATACCAGCTTTTATAGGATACAGGTTCTCCATTTTGTACTGAAACTATGATATAAGATAAGTCTTCTAAAGCAAACTGCAAATCTGTTTGCGATGGTCTATCTGGATGGTCTGGGTGTGAATGATAAATTCCTACAATTTGCAAACCTTTACCGTCTGCATACTGCTCAACTTTCATATAATCTTTTGGTGATATATCAAACCTGTCATTTGCCCTTTCTTTGTTTTGATTTTCTGCCTGGATAACTTCTAAAACTTCTCTTGTATTCGACGAATAATCCATTATTCCAATTAAAAAGCCGCAGATCTCGTAAGGATATCCCTCTTTTGCCTGTCTTTTTATCTCTTCTATGTGCTGTTTTTTTATTTTAAGCATAGTGTTTTTACCGTGAATTTGTTTTTGTGTTTATAGTATAAAAGAAAGGTAGATTAAAATCAATGAGATGTAAGATTTGAGAAGGCGGGCTTTAAACCCCACCCTTTATGGTTATTGTGGTAATGCTAAAGGTGACATCAATCTAATTAGATGTTTTGTTCCATCACCTTCTACAACTTCAATTAACTTAATGCCATCAATTTCTTCATCGATAGCAATTTCCTTAGGTTGTGGAATAATGTGTTCGTGTTTTTCTAACGTAACAACAAACTCATCATCCTTTGGGTCGTAAGATAAACCAATCAAAGGTTGTGCCTTTGTTTCAACCTGATCGCCAATTTCTTTTTCCACTACTTCGATCATTGCTTCTTTTGACCCAAGATTTTTTGATACTTTGTCAAAGAAACCTTCCCATTGAGATTTGTCAAATTTCTTTATCATTTTGTCCTCCTTTTTATTTAATACTACTATAAATATAAACCTTTTAAAAGCCATTGCAACAGAAACTGTTCCAAAAATCCACATCGTCATTCTGAGCAAAGCGAAGAATCTCATTTCCTCTCTTTTTAAAAAATGAGATCCTTCAGCCTTCGGCTTCAGGATGACGGAAAGGCAAACTTACGAGAATTTTGGAACACCCTCGATTTGATTTTGGCATGATTTTTGTAGTAGAATTATAAATTGTAATTATAATTGAATAGGAGTTTAAATTTTGAAAAAGTTGGCTCTTGCTCTTGATGTAAATGATATCAACCAAGCATTAGAAATCGTTGATGAAATCCAAGATAAAATTATTATTAAGATAGGCTATAACCTTTTTATTAAAGGTGGAATTAATTTTGTAAAACAAATTAAAGACAGAGGATTTGATATATTTTTAGATTTAAAGCTTCATGATATACCAAACACTGTTTATAACGGCGTAAAAGCTGTATCAGAAATTGGCGTTAATTATCTAACAATACATTCTCTTGGCGGTCAAGAGATGATTCAGCAAGCTGTAAAAGCAAAAGAAGGAACAGATTTAAAAATCTTAGCTGTAACTATTCTGACAAGTCATGATGAAAACTATCCAAAATTACTTGGCTCTTCTTTATCAGTCCCAGATTTGGCTTATAGATTGGCAGATATGGCAGTTAGCAATGGTTCAGATGGGATAGTTTGTTCAAGTCATGAAGTAAAGTTTTTAAAAGAACATATACAAAAACCATTTATTGCAGTTGTTCCGGGTATAAGACTTACAAAAGAAAAAACAGATGACCAAACAAGAATAGCAACGCCGGAAGAAGCTCTAAGAGATGGTGCAGATATAATAGTTGTCGGAAGACCTATTTTAAAAGCAGAAGACAGGAATAAAATTATTAAAGAAATGTTGAGTGTTATAGAGGAATTGTGATGTTGATGGAAGATAGATTTGTAAGCTTAAAAGAAGCTTCAACTTGGGCTTCAAATTATTTAAACAAAGATA
CP001080.1_gap40	1792849	1797270	4421	TTTAAACAATGTATTACAATTGATATTACATTCAACCCAAGCTTAACTATGGTATAATAACTAAAAAGTCAATACGAGGACAAGCAATGCTAATAAAGTTTTTTATCAAGCCAAGAAAAGGTGTTCTTGACCCACAAGGTAGAGCAGTTGCAGAAAGTTTAAAATCCTTAGGATTTGATAATGTAAAAGATGTTAAAGTAGGAAAATATATAGAAGTTTATGTAGACAGCAAAGACAAGGAAAAAGCCATAGAAGAAGCCAAAGAGATGGCGAAAAAAGCAATCGTCAATGACCTTATAGAAGACTATGAAATACAAGTGGTGGAGTAAAAAATGAGATTTGGAGTTGCTGTATATCCAGGTTCTAACTGTGATTATGACACTTACTACGTAATAAGAGATATTTTAAAAAAAGAAGTTGAATTTGTTGATTATAGAGAAACGGATTTATCTAAATACGATTGCGTTATAGTCCCTGGCGGATTTTCTTTCGGAGACTATTTAAGACCCGGAGCAATAGCATCACATACTCCATTGACGCAAGCATTAAAAGATTTTGCATCAAAAGGAAAGTTTGTAATAGGAATATGCAATGGCTTTCAAATCCTTACAGAAGCCCATTTGCTACCAGGTGCATTACTGCCAAACAATCATGGAAAATTTGTGTGTAAGCATCAAAATTTAAAAGTAGAAAATAACGAAACCCCGTTTACAAAAAATTTAAGCAAAAATCAGATTATAAAGCTCCCTATCGCACACCATGATGGAAACTACTTCGTTGACCCAGAGACTTTAGCAGAAATGGAGAAAAACGGACAGGTAATTTTAAGATATTGTGATGAAAATGGTATAGTAGATGAGTCTACAAATCCAAACGGCTCAATTGGAAACATAGCAGGTGTTTGTAATAAAGAAAAAAATGTATTCGGACTCATGCCACACCCAGAAAGAGCTTGCGAGTCAATTCTTGGCACAGCAGATGGATTGCTATTATTAACATCATTAATAAACTAGGAGAAGATAATGACAGATATAGAAAGAAAGAAATTAGAAGAGTTGGTTGCAAAAGTTTTTACGTTAGCATATGAACTTGGGACAAACGTTGATGAACTTTTTAGAGAAGTAAGACAACTTAGATTTGAAACAAAAGATAAAGACTTTGAAGCAGCACTTATAAACTTGGAACATGCATTTTTTATGGTTGCCCAATCAATCAATATTCTAAAAGACCAAACGAGAAATACAATAACTTCAACCAAAAAAATTGCTTAAAGAGAATACTGAGCTAAAAGTTAACATCAAAGGTTTTGAAGTTTTAGATGACGGAGAGATAAAGTATCTTGAAGATATTTTAACTCCTTTAATTCTTGTTGAAAATACCCCAAATTACAAAGAAAGTGTTTTTTGGTATAAGATTAGAAACCTATGGGTTTTGGTCGGTAAAATTCCACCGCTTACAATAGAATCCAGTGATGTAATCTTGTTCAAAGAAAAAGGAAGGTGGGGTCTATTTAAAATCATAGAAAAAAAAGATAGCATGTTTATCTTAACAGATGGTAAAGGTTTAAGAAAAACAAAAGTAAAAGAAGAAAATCTTACAGAGTTAAATTTACTTGGAAAAGTATTGAGAGTTCAAAATAAGGTGTAGAAATGGCAAGAAAGATAATCGTTTTAGTATTGCTTATTTTAGCTTTTAAATCTTTTGCTAAGGATATGCTAAAAGATAAGTTTGGCAATCCTGTAAAGCTTCCAGAAAACAAATTAATTGTGCTTAATTTTATGGCTTACAGCTGTGGTCATTGTATGGCTGAAATCCCAACTATTAAAAAAGTATTAAGAGAACCAGAATTTAAAAATAATTTTGTTGTGATTGCTTTCGCAATAGATGGAAAACAAAACGATTTTAAAGACCCAGAATTTCCGATCTATGCAAATCATCCGGGGAATCAGGTAAGATTTCCAATCTTAGGAACACCCACAACTTATATAATCACTCCAAATGGTAAAAAGTTAATTACAATATATGGTGCTTTAACAGAAGAAAATTTTAGAAAGTATTTAAAAGAAGCTTTAAAGAAAGCACAAAGCGCGCCTGGCAGGATTTGAACCTGCGACCTTCGGCATCGGAAGCCGATGCTCTATCCAGCTAAGCTACAGGCGCATCACTTTATTAAAGATTTTAACAAATTAATATTTACCCTGTCCATATCTCCTTCTTTTGGTGTTTCTAAGATAAAAGGAAGTTTATTAAAATCATCATCATTTAAAAATATTCTAAAACCCTCCAACCCAATAAAGCCTTTTCCAATATGTTCATGTCTATCTTTTTTAGAGTTAAAAGGAGCTTTAGAATCATTACAATGTATAACTTTTGTCTTTTCTAAGAGATTATAATCTATAAGCTCTTTTTTAAAGCTATTAAATCCTTCGTCGGTGTTTATCTGATACCCGGATGCAAATATATGGCAAGTGTCAAGGCAAACACCTATTTTTTCATTTTCAAAAGGTTCAATTAGTGTATAAACTTCTTCTAATGTTGCTCCAACTTCTCCGGATTGACCTGCCAACGTTTCAACTAAAAATGTTGTATTTTTTAGATTTAATCTACTAAATATCTCTTCAAAAGCTCTTAAAATCCTATCTATCGCCTGCTTTTTTGGATTTCCTTTTGATTTTCCTGCATGAATTACATAATAATCAATTTTTAACTCTTCACAAAGCTTCAACTCCTGTATAACGCTTTCTATGGATTTTTTGTATAATTCTTCTTCAAAGGATGCTAAATTAAAAAGATATGAAGCATGTACTACTAACGGATGAATTTTATACTCATTTTTCTTTTGTAGAAATCTTTCTTTTTCTTCATCAGTTCTTTCTATCCAAGCCCAAGACCTTGGAGACCTTATAAAAAACTGAATTGATGAAGCTTCTACTTCTTTTCCCCTTTCAAAAACAAGGTCTAAGGATTTTGAAGATGATACATGAGTTCCAATGTTTACCATTTTAATCTAAATACTCCTGTAATAAAAGGATTTGTTCTTTTTTCTATACCAATGGTTGTTTTAGGTCCATGACCGCTGTATACGACTGTATCTTCCGGAAGCTCCATTAGTTTTTTTAAAGACTCTTCTAACATCTTTCCATTTCCACCGGGCAAGTCAGTCCTTCCAACGCTTCCTTTAAAAAGCGTATCTCCAACAAATATAATTTTTTCTTTTTCGTTAAAAAAACACACACTGCCCGGTGTATGTCCGGGCGTTTCTATAACCTGAAACTCTAAATTACCAAATTTCAATACATCACCATCTTTTACATCAAAATCAGGAGATGGGCATTTTACAGCTTTTATAATGTAGGCAAAGTTAGGAAAAATTTCGTTGTTAATCAAAAATTCATCTTTTTTATTCATGTAGAAAGGAACATTTAATTTTTCTTTTAAATATCCAACTTGACCTATATGGTCTAAATGTCCGTGGGTTGCAAGGATTGCTTTTACATTTAAATCTTTTAATTCATTTAAAATAAATTCCCCATCAGCTCCCGGGTCTATAACCACTGCATCTTTTGAGTTTCCATCAAAAACGATAAAGCAATTTTCAGCCAAAGGTCCTACTGTTAGAGTTTTAACCTTCATAATCTTCCAAGTCTTTTAGCCATGGCTCGTAATCTAAAATCTGCTCAAATGTATAAGGACATTTTTCAGGGAAATCTTTTTCTGTTGGTATTCTGCCAAAATACTTTTTTGCTAAGCGAATATTTTCAGGGTCTTCAAACCATTTAATTAATCTTCTTACAGCATCTTTCCATGCATACTCTATTTCATTGTAAGATTTAACTCTTAATGATGGATATCTATCAAAAAGTCTTAGTATTTCAATTCTTCCATTGTTTATACTTCTAATCCAACCATTTCCCATTTTTTCATTTTCTCTAAAATTTTCCCACTTGTAAAGATGCTCCAAGATAACAGCCATAAAACTAACTACGCTGTCCAAATGCCTATTACCCATATCCTCGATCTCCTCTAAGAGATGCTCCCAGTCTACCAAATCAAACTGCTTATCTTTTAAAAGCTTTAGATTCTCTTCTACCCATAAGACAAAGTCTTTATCGTAAAGCTTTTTTAATTCTTCTTTGTTAATCTGAGCAATCATTTTTACTCCTCCAGGTCTTTTAGCCATGGCTCGTAATCTAAAATCTGCTCAAATGTATAGGGACATTTTTTCGGAAAATCTTTTTCTGTTGGTATTCTGCCGAAGTATTTTTTAGCTAAATGAATATTTTCAGGGTCTTTGAACCAAGAGATAAGCTCTAAAATTGCATCATTCCATGCGTTTTCTAATTCAAATTGCGCTTTCACTTTTAAAGATGGATATTTTCTAAACAGCTTATATATGCCAGTTCTCGAGTTTATTATGCTTT
CP001080.1_gap41	1837942	1838442	500	TTGAAAAGGACTTGCAGGCTCTGGTAGAAATGGGGCTTGCTAAGTCCATCATACCAGGAAGAATTTACACAAGTCCAAAGGCTCAAAAAGGAGATAAAATTATAAAATATCAGTATGACACTGAAACAGGTGCAAAGTTATTGCTAAAAAAAGGGGTCAACAGTCCAAGAAGCGTTTGTCATTACAGATAAAAGACAAGAGTTAAGAGCTTATCTTTTAAACCTGGAACGTGAAATGTAAGAAGTGAAAGGTTTTTCTGCTACGGCGTAAGATTGTTTCAAAATTCTCGTAAGCTTACCTTTCCGTGTCATCCTGAGGCTGTAAGCCGAAGGATCCCCTCTTTTGATTTTTTGACTTGAAAAGAAAAACATGAGATTCTTCGCTTTGCTCAGAATGACAATTTTGATTTTTGGAACAGTCTTGCTATGTCATTTAGCTGTTAAATTTTCTTAACAAAATAAACAAGTTTTCTCAAGGAAAAATCAATTAAGTCTTTATAA
