gap_id	start	end	length	sequence
CP001145.1_gap1	7233	9190	1957	AAGAAGAGTTCTGGGCGTTTCTTCAAAGCAGAACACAAAAACTGGATGCGGTAGTCGTTACAGGCGGCGAGCCAACGCTACAAGAAGATCTTCAGCCATTTTTAGAGAAAATTAGGAAGATGGGATTTCTCATAAAACTTGATACGAACGGCAGTAATCCAGACGTTCTAAAAGACTTACTTTCTGCAAACTTGGTAGATTACATTGCCATGGATATAAAGGCACCTTTGGAGAAATACTCAGAGGTGACAAAGGTGCCAGTAGATAAACCAGACATTGAAAAAAGCATTGAGCTAATAAAACAATCCACTGTAGACCATGAATTTCGCACCACAATAGCGAGAAATATTCTTTCAAGAGAAGACATAGTAAACATTGCAAAAATGCTTCAAGGTGAGAAGCTGTACATCCTGCAACGTTGCGTACCAACAAAAATACTAGACCCCTTGTTCCTTGCACAGTTTGAACCTTACACTCATGAAGAGCTTGAACAAATAGCAAATCTAACTGAAAATTACGTATTACAGTGCTTAGTACGATAAAGGGAGAGGATTAAAACACCTTTAAGTGTTAAGCATAGGAGAAGCTTTCATTTTTACCTAAAACGCTATTGTAGGTAATGTTTTGCTTGTGTTAGTCTCCTTTTGTGTTTTGCGTAGAAACTTACTTAATTTATAACGATACGCACTGATAGGGTGTTAAGATTGTGCATGAATTAACGACAGCATAGGAGGATCGCAAATTGATTGAACTTACAGGGGTCACAAAGATTTACAGGAGCGGTGTAAAGGCAGTCGATAACCTGAGCCTCACAGTTCAGTCCGGTGAGCTTTTCGGCTTCATCGGTCCTAACGGGGCTGGCAAGTCTACTACTATTAAAATGATGGTTGGCCTGTTAGAACCTACTTCTGGCTCTATCAAGATTGATGGCTATGATATACGCACTCAACCACTGGAAGTGAAAAAGTCCATCGCATACGTACCTGACAACCCTGATATTTACGAAAAGCTAACTGGTATTGAATATTTGAATTTCATAGCTGATGTGTACGATGTGCCATCGCACCTGCGTCAAGAACGCCTGAATTATTTGCTGGATGCTTTTGACATGACTAATGCCATAGGTGGGCTCATAGAAGGCTATTCACACGGTATGCGGCAAAAAACCGTACTCATTGGTGCACTTCTGCATAATCCTTCAGTATGGATCTTGGACGAACCCATGGTGGGTTTGGATCCGCGTTCGGCTTTTCAACTTAAGAAGATGATGAGAGAACACTGCGATCAGGGGCACACGGTATTTTTCTCCACGCACGTACTGGAAGTAGCAGAAAGGCTTTGCGACCGCATAGGCATCATTGACAGGGGCCGCTTAGTCGCCTGTGGTACGCTTGAGGAGCTGCGTCACGGACAACGCAACGAATCGCTTGAAGAGCTATTCCTGCAGTTAACTGATGAAGAAACAGTACAAGGTGCGCAAAGTGAACAGCAATAATAGAGCCTTCCTTTCGTTAGTCAAAACCCAGTTAAAAGTGCAGTTCAATTTGTCTGCCCTCAGATACAAGATCTTCAAGAACAAGCGCACCTTGATGCAGACGCTTTTTGCAGTCTTGATCATGCTTTTTTTGCTGTTCCTTTTCTTTGGCTTCTTTAGTACTGCTTTCAACTTAGTTGTAAAAGCAGGTTTTATGGTTGGACAGCCAGAGCTTGTATTGGTGGTAGCACTGCTTTCTGCTCAGCTGCTTGGGTTGGTCACAGGCATCTTTACCTTGATGAGCACTTTCTACTATTCTAAAGACTTGCCCATGCTTATTACGATGCCATTCAAACCTTGGCAGATAATTGCAACAAAGCTATTGGTCACACAGATTACCTTATACACTCTACTTGTTCCCCTTTTGGTAGCAGGCATAGGGCTTTATGCTTACTACATACAGGTAGGTGCGATGTACTGGAT
CP001145.1_gap2	42975	45518	2543	CGCTAATGCGGGGCGTAGTATCCGATTTTCCCTTGCTGGTATTGGCGAAGATTGCAATACCAACTTTTATTTTGGCCGTTATAATTGTTTTGATAAACTCTAGCAAGTATTTGCCGGGAAGGATGATAAGGAAACTCATAAAAGCAGCCCTTTTGGCATATACGGCCGTTTTGCTAATCCATGTTTTTTGGATATTAAAAGTTATTATCCTCCTGCGTGCGAGGTGTTTTTGATATGAAGAAGCTTATTGCCGTTTCCGTGATGCTAATACTGATTGCAGGGCTGCTAGCTGCCTGCGGGAATGAGGCAGCTCCAACTCCTCCTGCAGCGGGCAAAACAGCAGAAGCAGCAAGTAACGCGCAACACGTCGAAGCCGTATCTTCCTCGGGCTCCAAACAACCTAAGCAGGAACAACAGCCGACGGTAGAGAAACCCGCTGCGGGCGATAAGATTGAGCAGGTGACATCAACGGAAAACGAAAAAGCCGAAGAAGGGATAGAACTTATAAAAGCCAAAGTGACCAAAGCGGTTGACGGCGACACCGTATATGTTAAACTTGAAAGCGACAAAGAAGAAAAAGTCCGGTTCATAGGTGTAGACACGCCTGAAAGCACGACAAAGGTTGAGCCTTATGGGAAAGAGGCCACGGCCTACACGAAGTCGAAGCTTCTTAACAAAGACGTGTGGCTTGAGCTTGACGTGCAGGAGAGGGACAAATACGGTAGACTCTTAGCGTACGTGTGGCTTTCACCGCCAACAAAGGAAAGCGACGAAGAGATAAGGACAAAGATGTTCAACGCCGTGCTCCTGCTGGAAGGCTATGCTCAGGTCATGACAGTACCGCCGAATGTGAAGTATGCTGAGTATTTCAGGAAATACCAGCAGGAGGCAATGGAGAAGAGTGCAGGCCTCTGGGGGTTGGAGGTAAAAGAAGAAAAGCCTGCGTTTTCTCAAGCAGTGTCAGCTTCTTACATCGGCAATAAGAACAGCAAGAAGTTTCATCTCCCTGACTGCCAGTGGACAGAAAAGATAGCGCCGGGGAACAGAGTATACTTCAAGTCGCGTGACGAAGCAATAAAGGCGGGGTATGAGCCGTGTAAGGTGTGTAAGCCGTAACCCTGCATTCTTAATTATTAACACAGAACTAAATAGGAATTTGAATGGACGGAGTAGAAATTTTCATAAACAGAGAATGTAGAGGAAGCGAGTTAGGTAGCTGAAATAGAAGAGAGGAGAAGAGAAATGGGAACAAGCGACGAAAATAAAACCCTCAAACTATTTTCGCTTTCCGCACTGGAGAAACTAGCTGATATTGTTGCTGATTATCATACCGGTTCAGGAATTACAGAACTCTTTCGCAAAGCAGGTTTTCCAGAGATCCGGCACGATGGATCGACGAAGCGGTGGTTTGTCTACCAAGCCCTGCAGCAGGTTCATCAGCAACACTACGGCCCTTATAATGTGTTAAAGGTAATTGAGGCACTGTGTAATCCAGAAGAGTTCATTGGTAAACCTCAGGTACAACAGCAGGTTTTGGAAAAGGTGAATGAAATTTTGAGGTTCTATGACCTATTCGTTGGAGAAGATGGCAAAGTCCGAAGGACCAGTGAAACAGAAACTGCGCTAACCACCCGACTACTCGAAGGTCGCCGTTTCGATGAGCGCGGGTTTCACCCTGAGATTCGAAAACACGCTCGTCAGCTTTTTCTCGAAGGATATTACTTCCATGCCGTTCTGGAATGTTGTAAGGCTTTGGAAAAGTTTGTACGTGAAAAGTCTGGTATAAATAAACACGGGGCAGAATTAATGAGTGCGGCCCTGAACCTTAACAATGGCCCGCTTAAGTTGAACAGCCAGCGAACTGAGAGCGAACGCAACGAGCAGGAAGGAGTAATGCATCTGTGCATCGGCTTAATGCGAGCCATCCGCAATCCAGCCAGTCACGAGCCTGCTTTAGATTGGACTATTACCCGAGAGGACGCCTTGGATCTCTTGTCCTTAATTAGCTATCTTTTCCGACAGATTGAGCAAGCTGTTTACTTTAGAATTAGAAACTAGTGATAAGAGCAGCAGGATAAGGAGAGGGTAATGTTGCCTCTGATCTATGATGAAGTTCTACCTATAGAAAAGCCTAATGATTGAGGCATGTTTCCACTGTATTTTAAGAGCTATTTATGTGAGGAGGTTGAGCTATGGCTACAAACACGCTGGACTTACCAACTCTTGAAAATTGGCTGTGGGAGGCCGCTTGTAAGATCCGTGGGCCAGTAGATGCACCTAAGTTCAAAGATTACATTCTGCCGTTAATATTTCTCAAACGACTCTCGGACGTCTTCGAGGATGAAGTAAACCACCTTGCCGAAGAATTCGGAAGCACCGATGTGGCCTGGAAGTTGGTGGAGGAGGCACATCAACACGGACAGCCTTTAGTGCGGTTTTACCTCCCGCCGGAGGCTAGGTGGGATGTAATTCGGCAAAAGACTACCGGCCTCGGAGAGTATCTTACCGATGTGATGCGCGCCGTGGCCCGCGAGAACCCGAAA
CP001145.1_gap3	49154	52961	3807	TAGGAGCAGGCTTCATACCCACCATATTTGATAAAGATCTAGTGGATGAGATTATTACCGTGAGAGGAAACGAAGCACTGGAAGGTGTAAAAATGCTCAGCGCCAAGGGATATTCAGTAGGCATATCCTCCGGGGCAAACTTCATAGCCGCTTTAAGAATAAAAGAAAAATACAATTTAGCACATGTGGTAACAGTATTCCCTGACGACGGCTTAAAGTACCTGAGCACCATTGCTTATTAAATGATTGTTTAGGAAGGTGTGTTTTAAGTATGGGAATAAGGGTATAATAAAAGCAGTGGAAGGTTGAAATATAACCTTTGTGGTAGGTATGGGCAATGCACCTCCCGCTCCATCCCGACCACAGCCCCCTTCCCCATCTCATAGTTACTTAACTCCCGGCCTCCGATTCCCCCCGTCGGAGGCTCTTTTCTTTTTAATCCGCATTCGAAGAAGCTGCTTTTTGAGAATAAGTACCATTTTGGTGTTCCATGTTTTGAATAAGTCAAAAATTGGGTATACTAGAACTAGTAGCGTCAGAAAAGGAGTGATAGTACATGTTTGAGGAGCAAACGCGAATGCCGTTAATCGGTGATAAGTTCCCTGAATTGGAGGTAAAAACCACATTTGGTCCCATGAAACTACCCGACGATTTCAACGGAAAATGGGTAGTATTCTTCAGTCACCCGGGAGATTTCACTCCGGTCTGTACTACAGAATTCGTAGCATTTCAGAAGAGATTCGATGAGTTCAAGGCTTTGAACACAGAGCTCATTGGACTATCAGTGGACCAGGTACCATCACACATCAAATGGGTTCAGTGGATAAAAGACAATCTGGGCGTAGAAATTCAATTCCCCATCATTGCAGATGAATTAGGTCGCATAGCAAAGGCTCTTGGGCTTATACACCCTGCTAAAGGCACGAACACAGTCAGAGCTGTTTACATCGTGGACCCCAAGGGCATTATCAGAGCCATTCTTTATTACCCACAGGAAATTGGTAGAAACATCGATGAAATCATCAGGATGATCAAAGCTTTCCAGACAGCTGATGCCAATCACGTGGCTATTCCAGCAAACTGGCCTAACAACGAACTCATGGGTGATGAAGTTATCATCCCTCTACCGCCAGACATTAAAGGTGCAGAGGAGCGTATGAATCAGCCCAACTGTTACGATTGGTGGCTCTGCCACAAGAAAATTTGATTCCCCCTTCCCCATCCCATAATCACTTAACTTTAAGCCTCCGATCCCACATCGGAGGCTTTTTCATTTATAATGAAGATGTGGATTCTGTGGATTTAAGTAAACTAAATGAGGCTCAAAAGCAAGCAGTAACTGCCCCTCCAAAACCCCTTGCCATCATAGCAGGGCCTGGTTCGGGCAAAACAAGGGTGCTAACTTATAGAGCTCTTTTTGCTGTCAAGGAGTGGCATCTGCCTCCAGAACGCATTTTGGCAATAACCTTTACCAATAAGGCTGCTGATGAGCTAAAGGAACGCCTAGGAAGACTTATTCCTGAGGGCGACCGCATTTTTGCAGCAACCATGCACAGCTTCGCGGCACGGATGCTCAGGTACTTTGCCCCCTATGCTGGAATTAGCCAGAACTTTGTTATTTACGATGACGATGACAGTAAGGGCCTCATTGAAGACATCCTAAAGCAGATGAACATGGATACAAAGAGATTTAGGCCCAATGACGTACTCAATCACATTTCCGCTGCGAAGGCAAGGATGTTTGACTGCAACACGTTTCCTGAATTCATCAGGCAGCGTTACGGTTCATGGGGGTATTACTTCGATACTGTGCACCAAGTGTTCATGACATACGAAAGATTAAAAGAACAGAGTCAAGCCCTGGATTTTGATGATCTCATCATGGTCTTGGCGCAGCGTATGGAAGATAGGCCTGAACTGAGGGAGATGATTGCCGGTCTATTCGACTTAGTCATGGTGGATGAGTTCCAGGACACAAACTTTGCGCAGTACCAGATGCTCCTTTATATGACAAACCCACACTATTCCGGCATGAACAACGTCACTATTGTAGGCGACCCTGACCAATCCATTTACGGTTTCAGGGCTGCCGAGTACTACAATATAAAGCGTTTCATCGATGATTACAATCCAGAAGTTGTGTTCTTGGATTTGAATTACAGAAGCAATAGAACCATTGTGGATTCTGCTTCCGCTTTAATTAACGACAGCCCATCGGCGCTCTTTGAAAGAAAATTAGAGAGTATCAAGGGAGCAGGCAACAAGCTCATCCTGAGGAGACCTTTTGACGATGCTGATGCCGCCATAACAGCAGCGTTCGAAGTACAAAGATTGCACAAGATGGGCATACCATACGAAGAAATTGCCGTTCTGATGCGCACACGTGCTTTAACCGCGCGTGTGGAACGGGAATTTGCTACCAGGAATATACAATACCACATCATTGGGGGTGTACCTTTCTTTGCTCGCCGTGAAATAAAAGACATTCTTGCTTATTTGAGGCTGAGTAGAAACGCCATGGATCGAGTAAGTTTGAAACGCATATTGACTATGAAAAAGAGAGGATTTGGAACAGCGAGCCTGGAGAAACTGTTCAACTTTGCCGAAGAGAACAAGCTAACACTGTTGGAAGCCATGAAAGCCGCAGTAGAGTCGCTCCTGTTTAAGAAGTTATCCATGAACGATTACTTAGAGAGCCTATATACCCTCATTCAAACAATTCAGGAAATTGCTGAGCCTTCTCAAGCCATTTACCTTGTGATGGAACAGGAAAATCTCTTGGACCACTTTAGAAGCATCAGTAAGTCTGAGGAAGAATACATCGAGCGAACAGAAAACGTAAAGCAATTAATCTCCATTGCCGAAGAGAGCGCTGACATGGATGATTTTTTACAGCGATCCGCTTTGGGAACACGCGAAAACAACGGTGGAGTAGAAGGTGTTGCTATTTCCACGGTTCACGGTGTAAAAGGGTTGGAGTTCCAAGCTGTCATCTTGTATTACGTTACTGATGGGTTCTTCCCCCACAGCTTGTCTGTGACCACAGCCGAAAAAGAAGAAGAACGTCGTCTTCTTTATGTAGCCATGACGCGAGCCAAAGAGCATTTAATTTTTTACGTTCCATATAAGCAACCTTGGGGGAATGGTTTTGAACAAATGGCAAGACCCTCACCTTTCCTGCGCTCCATTCCAAAAGAACTTTGGGATGGAAAACCTAACGAAATAGAATCGCTATACGCTCCCTATTCACCTCAGCAAAAGTGGTCGGAATAAACCTTATTATTCCTAATCTTCTTGTAAATGTTCCACGTGGAACATTTCTTTGAAGTCCAGCTTCATCATTACTTCTTTCCTACTAATGACCAACTAGCAAGTTCATACAAAAAAAAGAGGAAGGAGCGTCTACGCTATCTCCTTCCCCCTAACCGAGTAAGCTTAATTCCTTGAGGACTCTTTAGTAACTGATTACCCGCCTGCAATGGGCGGTAGAAACACCACTGTGCAGCCTTCCTTCAAAGGCGCGTCTGTGCCACCCAAAATGCTACTGTCTCTGCCATCTATAAGTATTCGAAGACCTTTTATGGCATCCATGGCGTTTCTATATTCTGGGCCGTATTTTTGTTCCAAAAGCTCTATCAAAGTCGCCAACGTAGCCTCTGAGGGTACTTCCAAAGTTTCTTTCTCCTTTAATGTAGCTTCCCTCAGATGGCCAAAATACAGCACATTTACCAGCATGGTAGCCTCACTGAGCTGCATAATCCAGAGTAAAGTCTAGTCCAAGCTCACGAAGCTTTTCTGCCTTCGGAA
CP001145.1_gap4	86192	88747	2555	CAACGAATACAATGGCTCCGTTGCTGCCGATGGCTCCGTGAGCATATTGATTCCTGAGCTGCCCATGGGCACCTACAGTGTGCTTGTGAAGGTAGCCGGATATCAGGATGCCACGTTCAGCTTAGTAGTTGCTGAAGCAGAGCCTGAGTTCAAGACAGTTATTGAGCTTGCTCCTGGCATGGACATCTACACTGTCAACGGTGAAACCAAGTTCTGGGACGCCACACCTTACATAAAGGACGGCAGAACCTTGGTACCAATTAGGCACTTGGCGGAAGCCATTGGCTTCAAGGCTGATTGGGACTTCTCAGATCCCGCCAACAAGATGGTATTTATCTACACGGCAGAGCAGGATCCAGAGAAGGACAAAGAACATCCATTCATACTGCTCATCATTGGTCAGCCCACCGCCATGGTAAGTGGCAACCTCGTAGCTTTGGACGTCGCTCCTGAGATTCTCAACGGCAGAACCATGGTACCGCTGAGATTCGTGGTAGAGACTCTGGGCTACAAGGTGGAGTGGCTGGGCGGCACCATTCGTCTAATGAAATAACGCAGCTCCATCACAGTAAGTAGTAGATCCAAAGAAGAGGGGTGCCCCACTAAAAGGGGTGCCCCTTTTCTATTTGTTGTGGTTAAATGTTCCTATGAAGAGACGAAAGGGGGTAAGTTTAATCTATGGCGTGGCACAAACTTTTCATTGAAATGGGTATGGGTGTTGATCAGCACGGGCAAAATCCTACGCGGGCTTGCCAAAAGGCTGTGAAGGATGCTGTACACCGCGTGTGCATGCCCAGCTTGGTTGAAGGGGGACTGCTGAGTGGTTGCAAGGTGAAGCTTACTGTGGACCTGGCAGTTCCAGGGGCTGGCACGGTGGACATAAGCCAAGTACGTGAAGCTCTGCCGCTGAGCATGGATGCTGACATCGTGGTGCAGGAAGGTGGCTTGAAAGCAAAGGGCGTTGCCATGGAGGAGCTGGGAGACAAAAGCGACGATATGTTCATCGCCGTGGCTGCCATAACGGTTTGGGTATCCTGCGGTGAGGAGTAGGTAAGCTCGGGAAAGAAACATGATACAAAACTGACTCAAAGTTGGGTTAGAATATAATTTAGTCAATCATGATGTGCTCCTGTGTAATCCCCCAAATAGGGTGGGGGAGTTTCTACCTGCAGACCGTAAATCTGCAGACCACAGGGGTGAGGAAGAAACCATTTTTGGGTTTAATGGCGTTTGTTCTTCACCCCCGGTGGTCCAAGCTAAAGGAAGCTGCCTCTAATGTTGTCGGAAGCAGCACTACCGCTGTGCGGGTGTGGAGGGCGAATAGCTTTGACTGTTACTTTCTTAGTTAGGCCTCATTTCATCCCGCACTTGTGTTTTTCGCTTTCTTCGTTTGATTTTGGAAGGAGGTCGATTTTACATTGATTAAGTGGCTGGAAAAACATTTCGATTTTGAATCCCACGGTGCTAATTGGACAGATGAAATCATTGCGGGCTTGACTACGTTTATTACCATGGCTTACATTCTTTTTGTTAACCCGAACATTTTGGGTGCAGCTGGCATGCCCAAGGGGGCAGTCCTCATGGCAACAGCCATTGGAGCTGGGATCTCCACGGTGATGATGGGACTCTATGCTAAACTGCCCTTCGCTTTGGCGCCTGGCATGGGTCTGAATGCTTATTTTGCGTACTCGGTGTGCCAGGGTATGGGATTGCCATGGCAGGTGGCACTGGGTGCAGTGTTCATTGACGGCGTGATTTTCTTATTGCTGTCAGTTACCCCAGTTAGGCGCTGGATTGTGCAAGCCATTCCACTGAGCATCAAACTGGCAGCTTCTGTGGGCATCGGTTTGTTCATTGCCTTCATCGGTATGATCAACTCGGGCATCGTGGTGAAAAACGATGCCACGCTGGTGGGCTTGGGCAGTGTGACCAGGCCTGAAACACTGCTGGCTTTGGTGGGTTTGATCATCATCGTGGTGCTCATGGCCCTTCGGGTTAAAGGCAACATTCTGCTGGGCATTTTGATTACCACATTCATCGGCGTTTTTGTGAAGGGCAGCAGCGGTGTGCCTATTACAAACTTCACCGGCTCGGTGGTGGCATTGCCAAACTGGGGCGAGCTTTCTCAAACCTTTGGTGCCATGGACGTTGTGGGAGCTCTAAAGTGGGGCTTTGTGTCCATCGTATTCACCTTCACCTTTGTGGACATGTTTGACACGCTGGGCACCATTGCCGGCTTAGCTGCTAAGCTGAACATACTTAAAGAGGACGGCAGTTTCGAGGGAGCTGACCGGGCGCTTGTAACTGACGCTGTGGGCACCATGGTAGGTGCCGTGGCTGGCACATCCACGGTGACCACCTACGTGGAATCGGCAGCGGGTATCGCTGAAGGTGGCAAAACGGGAGCCACTGCCCTTGTAACAGGCATACTGTTCTTGCTTTCGTTGTTTCTTTGGCCTTTGGCAGAAGTGGTGCCTTCTGCAGCCACAGCACCAGCCCTTATCGTTGTGGGCTTCCTCATGATGGAGCCCATTTTGAAGATTGATTTCTCGGAG
CP001145.1_gap5	110262	111084	822	TCTGGGCATCTGAGTAGCTCAAATCATTCCAGACTTCTATGAACTGCTGTAGAGCATCTTCACGTTCATGCTCTGGGTCACGCATAGGAACCACAGGGTAGCCCAGCTCTTTGAAAACATCTGTGGAGGTAGATGTGGCAACAATTATTATACCTTCCTTTGGTAGTTCACGCAACACATATTTTACTGAGTCGTCCAGCTCGGTAGGATCCAGCTGGTCTAAAAGCAGAGCCTTTATGCGGAACTCCTCCAAAAGTGTGAGTGTGCTAAGCAGTATGTCTCTGTTTATGGCTTGAGTGTCCACCAAGTAATTTGGTTTTACCGCTAGTGAAACTGGTACTTCATCTGCGGAGATGTATCTTAAAAATGTTGACCACGACTTTTCATCTAGGCGAGTTGCTTGATCCCAGTTTGAAGAAAGTATGCTCCAATAGAGCTCTCCAAGGGGCATTCGAAACGAGTGTATGTGAATGTAGAAACTGCGCTCCAACCGTCGTCGCAAACCCTTTAACAGAAACGTTTTCCCACTGCCATGTTGTCCCCAGACGCCTAAGCGATTTCTTATGATGCTTCCTAAAACCTGACTAAGCTTTTCATCGTACCACATTTAACGATACCGTCCTTTTTATTATGCCCCTCTTGAATATATTAGCTCCATTTTTGTGATAAAAATAAATGGAGTTCACCCATCTTCGTTCTCTACGGAGCCACGCTTGCCTCTTTTGCGACGTCCGCATGTTCCTCTGTTCCCACTTCACTAAGAACTGCCGCGATGGAGGACGGTTCGTCTGTTAGATCGTAATGCCGTTTTAACATGGCTAT
CP001145.1_gap6	306743	310030	3287	CTCCAACACCTACCACTAATGTCCAGTTCCAAGGTAATCTAAATGCAAACGCTCCTGAGGGCGCTAATGTTACTTTTACAGTGAGCAACGTTATAGACAGTCTGGGAGTCACCCACTCCATGCTTATCAATGCGGTTAAGAGTGCTAGTCCAAATACCTGGGATGTCACGGTGTCCATGGAATCTGCAAGCCCTGTTCAATATGTGGTCACTTTTGATTCAGACGGGAGGATTAGTGATGTAAAAAAGGATGGCCAAAGTTATGGAACCACTCCTACAATCGATTTCGACCCGGGTAACGGAGCACAGACGAGACAAATAACTTTGAATTTCTCCGCGATAACACAGTATGCTGCCGATTCCAGGGTGGTTGGCCTTGTAGATGGCAATGTGAACGGTAAGCTACTAAGCTGGTTTGTCACGGACGAAGGTAAAGTCATGGGCGAATTCGATAATGGCCAAATTAGGGAACTGGCACAGATCGCTTTGGCTAACTTTCAGAATCCCGCAGGGTTAAGCCGTGAAGGAAACAACTTGTGGCAGAATACTGCTAACAGCGGTTTTCGTGGTTACGTGGAAGCTGGTGACCTTGGTTCTCTCATTATTCGAGGTGCTTTGGAGTCTTCAAACGTTGATTTGGCTGAAGAATTCACTAACCTTATTATTACGCAGCGTGGTTTCCAGGCGAGTACTAGAGTTATAACCACCTCAGACGAAGTTACACAGGATATAATTGGATTGAAGAGGTAACTATGAATGATTAAACTGACTTCGCCAAAAGACGAAGAATTTTACCTCAACGAAGATCTAATTGAAAAGGCGGAAGAGCGCGGTGATTTCACCGTGCTCTTCCTGGTTAACGGTCATAAGTACTTGTGTAAAGAATCTGTAAGTGAGATCATCAAACGCATAGTGCGGTTTAAAAACATGGTGAAAGATCAATGGACATAGGGGTATTAGGTGGACTTGCGATAACGTTTGGTCTGATAGTACTATCCGTAATAGCTGATCTGAATTCTTTTATTGATTTTAACAGCATGCTTGTTACCATTGGTGGCTCCTTCGGTTCTACTCTTGTAGCTGTGGGTTTTGACCGCATGAAAAATCTGCCGAAGTATGTTATGGCAGCTTTTAAGAAGAAGACTTTTGATAAGGCAGGTACTATAAAACTCTTGGTGGATCTGTCTAACAAGGCAAGAAGGGAAGGACTGCTGGCTTTAGAGGATTCACTCGAAGAACTGGAAGATCCTTTTGTTAAACGTGGCCTACAATTGGTCATCGATGGTGTAGAACCTGAGTCAGTTCAAAACATACTGAATTTGGACATAGAAGCCATGCAAAACAGACATGCCGATGGCAAGATGATCTTTGACGTCTGGGCGGGTTTTGCCCCATCTTTCGGTATGTTGGGAACCATAATGGGACTAGTGCAAATGCTTAAACGGTTGGATGACCCTTCCACCATAGGGCCCGCTATGGCACTGGCGTTAATCACAACGTTCTATGGTGCTGTGCTGGCCTACGGCGTCTTTCAGCCCATGAGTAACACATTACAGCGTAAGAGTGACATGGAAAGTGATTTTAGAGAAATGATCGTGGAAGGCATATTGGGTATCCAAAGCGGTGAAAATCCTCGGCTTTTGGAGGAACGTTTAGTTTCGTTCTTGTCACCTGCTGAACGGGAGCAGTACGAGAGAACCAGGGCTCAAAAGACTGAAGAGGTGGCAGAAGTTGCCTAAGAGAAAGGAGTCTTCGGGCCCGGGCGCTCCTCTTTGGTGTCTGTCTTACGGAGACCTAGTTACTAACATGTTAGTATTTTTTGTCATGTTATTTGCTTTCTCTACGCTGAATGCAACTAAATTCGAGCAGATGGCATACTCTTTTGTGGTGGCTCTGGGTGGAGGCATGGGCGTTTTGCCATCAAATCCTACCTTTAGTCCACCCATGCCCATACCGCCTGACTTCATAATGCAGGGTCCAATGACTGTGGCGGAGCTCTATAGTAATTTGGGGGGAGTTGAGAAGAGTATTCAGCAGCAGTACGGATCTGAGGCGATCGAAGTAATAGAAGGCGTCAATGAAGTCAGAGTTAGGATCTCAGGGGACCTTTTGTTTATGCCCTGCTCAGCCTCTATCAGACCCGAGACTAGCCAGATACTTTCTGCTTTAGCACCAGAGCTTGTTAAGGCACAGAAGGAGGGCTATCGAGTTTACATCGAGGGGCATGCCGCCTATACCTTATCAACATGCCCTGGCTACATAGACGATTTCCACATATCTAGCGATCGGGCGTTAAATGTTTTGGAGCGATTCAAGTCTTTGGGCTTAGACGACTCTAAAATGGCGTTGGTTGGGTACGGTGATAATGTCCCGGTGGGAGATGTGAATACCCCTCAAGGACAGGCAAAGAATCGCCGAGTGGAGATTACCATTAGGAGGGACTGATGAAGAAGATATTAGTTTATTTGCTTGTGGTAATACTGTTGCTTGGTGCAGGTATGGCACTTGGCGTTTATGTACTTGCCCCTGTTGTCAAGGATATGGGTTCGAATACAGCAGCACAAAGTAAGCCTGAGCCTGTGCTTCAGCCTTTGGGCAAGTTCACTACAAACCTAAGTAACCCTAAATACATTATTCAGGTGACAGTGAATTTGGAATTCTATGATAAAAAAGCGCTTAGTGAGATTCAAAAAATGGATCCAAGTTTCTTGGTAATTCAGGACGAACTCTTGAAGTATTTCAAGACGTTAAAACCTGAGGATTTTTCCACAGATAAAGGCCTTAGCCAAATACAGGACAATTTTGTAAAAAGGATAAACAACTTGTATGGAAAGACCGTTTTAAGTGATGTGCTTTTTGGGGCTGATACGGTTATAACGGTGATGCCATAATGGCAGAAACGCTGTCGCAAGAAGAAATTGATACTTTGCTAAGTGCTATTAAAGCCGGCCAAGCAGAGCTTGTTCAAACCAAAGAGAAAGTAGTTCGTAAATACGACTTTAGAAGACCTGACAAGCTCTCGAAAGAGCAGTTAAGGACCATTCAAATGCTGCACGAGAATTTTGCCCGTGGAGCAAGTACGGAGCTTGCAGGGTACTTAAGGTCTGCCATGTCTATTTCCATTGTTTCCGTAGACCAAGTAACTTACCAAGAGTACATAAGATCCTTATCAGACCCTACGTTCATGTATTTGGTGCCCATCATCGATGTGACCAGTGTGATTTTCGAAATGTCTTTGGATTTCGTTTTCGCCATTATTGACAAACTTTTAGGCGGACCTGGTAAACC
CP001145.1_gap7	363401	367203	3802	GGCAAGGATTTCCGAAAAATCAACGATTTGCTCGTACACCTGCTCCATGCGGTAGATAAGGTACATGAGTGGTTGCTCTACTGGTAAAGCCTGTCCGAACGCGTGTTTTATAGAAGTTGCCTCAGTATCGTCGGGAAACTCATCTTGATTAACATTGAGACCAACACCCACCACCACTCCTACAAGTCCATCCTGCCAAATGCCTTCAGGCAGAATGCCTGCCACCTTCTTACCTTCAATTAGTACGTCATTGGGCCACTTGGTTTCCCATGGCACAGGGAGTAAATCCAAATACTCTCCCACAAAAACGGCAGTAGCAAGCCCAAGCAAAGGTGGATTACTGTAGGTACTACCCGGCAAAGCGAAGCTTACCAACAGACTTTTCCCTGGCTCGTCCTCCCACACTCGACCCAAACGACCTTTGCCCCTAGTTTGATGCTCTGCCACGAAAGCAGCAGGTTCTTTGTTGCCTTCCAAAATGTACTTGCGAGCAAGGTCGTTTGTGGATTCCACCACTTCGAACTTCTGTATTCTCATGGTGAGCACCCCCTTTGACACATTATAACAGTGTTAAACTGAAAGTGGAGGTGAAGGTAACCATGATGGAATGGTCCTTAAGTGAACTTTATCCCTCTTTTGATTCTCCTGAGTTTCAAGGGGATTTGAAGGAGCTGGAAAATCGTGTTAAAGAGTTTAACGACTGGTCCCAAGGAGCCTTAAAGGATTACACTGCTCCCGTTTCTAAAGCAGAAGCAGGCATTAAACATACCATGGCTATTGCTGAGCTTTATGAGAAACTGGGCGCTTTTGCGCAGCTGACCATTAGTGTGGAGGCCTATAACGAGCAGGCAGCGAAGGCAGCCGATCGTGTGCACACCGTAGTAGCCGATATGGCTCTGGGTGACACAAGGTTTAAGAAGTGGCTGGCGGGTTTGGGAAACCTTGATGAGGTTATTGGAAAATCCGAATTACTTAAAGAGCATGAGTATTTCATAAAGGATTCCGTGCGTTATGCTCGTAGGTTGCTAAGCGAGCAAGAGGAAGAGCTCATAAACAAACTGCAAAGCACGGGCAGTCTGGCTTGGTCAAGGTTGCAGGGTAACCTCACAGCTAAGCTGCTTGTGGACATGAAGAAGGATGGCAAAGAAGAGAAACTTCCGCTCACGGTTGTGCGCAACATGGCCTACCACGAAGACAGGAACGTGCGCATGGCAGCTTACGAAGCTGAGCTAAAGGCCTATGAAAAAATCGATGAGGCGGTTGCATCCAGCCTAAACGGTATCAAGGGGGAGTTTTTGACCATATCCAAGAAGCGTGGTTACAAGGATCCGCTAGAAGCCACACTGGAAACGGCAAAGATGGATAGGGCGATTTTTGATACTCTCATGGATGTCATGAATGAGAGTTTGCCTGTATTCCGTAGGTACCTAAAAATCAAGGCAGAAATTCTCGGACATGGTGATCGTCTGCCTTGGTATGATCTTTTTGCGCCTGTAGGCAGAAGCAGCCGTAAGTTCAGCATAAATGATGCACGGGACTATATTGTGACCAATTTCGGAAAATTCGCACCCGAACTCTCGGACCTTGCAAGGACGGCTTTTGATAACAAGTGGATCGACGCTACACCCAGAGAAGGGAAGCGTGGCGGAGCATTCTGCTATGGTTTGCATCCCATCAAACAATCTCGTATCATGGCCAATTTTGATGGAACCTTTGATGGAGTTACCACCCTCAGCCACGAGCTTGGTCATGCCTTCCACAATTGGTGCCAGCGTGACGAGAGCATTCTGAATGCTGATTCACCCATGCCCCTAGCAGAAACAGCATCCACCTTCAATGAAACCATGATCACTGAAATAGCTCTTTCCGAGGCAGATCCACAGGAGCAGCTATTCATTCTGGAGAAGAGTTTAAGCGGTGATACTCAAGTGGTCGTGGACATTCTTAGTAGGTTCCTGTTTGAATCCGAGGTGTTTAGGAGGAGAACGCAAGGACCACTCTCAGTGAGTGAACTTAAAGAAATTATGGCCGATGCACAGAAACAAGCTTATGGCGAGGCTTTAAACTGGGACTACCTGCATCCTTACATGTGGGTTAACAAGCCTCACTACTACTATGCTAATCTGCACTTCTACAATTTCCCTTACGCTTTCGGTCAATTGTTTAGTAAAGCTCTTTACGCCATGTACAAGGAGCAGGGGAAGGACTTTATTCCCGCGTATGAAAATCTTTTAAGAAATACTGGCAAACACGACATAGGAGAACTGGGACAGCTTATCGGCGTGGATCTGACTCAGAAGTCTTTCTGGGAGAAATCCATCGAGCTTATCGAGCAGCAAGTAGAGCAGTTTGAACGGTTGGCAAAGGCATAGAAAAAGGTAAAAAACAAAAGGATTTTGTGGAGTTTAATAAAGAAGGGGAGTCGCTTTAAAAGGGCTCCCCTTCTTTATTATGTGCTATTCGCGTTTTTAGGCGCTTTGTCAGAGAATCAGTGGCCTGACGAACAGTCCCACTATACTAACGAGGATCCAGGCTATGATGGCTGCTCCAAAGGATTTCAAATAAATACCTGGGACTATTGATGCCATTAGCCAAATAATCAGACCGTTTATGACTAAACTGAATAGCCCCAAGGTCAGTATGTTTATGGGCAACGTAAGCAAGGTCAATATGGGTTTTATGGTAAGCTGAGCCAACGTGAGTACCAAAGCACCCAGAATCATTGCTGTTAAATTGGCATAAGTCAAACCCTTGTAAATCAAGCTCACGATAGCAAGTACCACAAAATTCGCAAGCCATTTTCCCAAAAAGAACATAACATCACCTCCGCTGGCATATGTTAACATACGAAAGCGGTTTTCTTTTGGTTGTCCCAATATTCTCTTTTTTAATTAAAATATGTCACATGTCACACAGCTATAGTCATGAGAATAGGGGCATGAGCATGGATATGGAAATGGTATATGTGGTTGGTCATAAGAATCCTGATACTGATTCTGTGGTTTCAGCAGTGGGTTATGCAGCATTAAAACCGGAGGAATATGTTGCTTTCAGAGCTGGTGAGCCTAACGACGAGACTCTTGAAGTTTTCCAACTTGCCGGTACAGACGTGCCGCCACTTCTTAGTTCTTTGAGATTAACAGCATTGGATATGTCAAAACAACTTACTTCTTTGGATGAAAAAGCGACTTTTTTGGAAGCCTCCAAATTGCTGGAAAAACAAAAAGTGATTCCCGTACTTAAGTCAGACAAACTTTTGGGTATTGTCACTGAGAAGGATCTGTTTCGGGTCATACAAAAAGAGCTTTTTGAAGAGGAAGTGACAGTCCGCCTGGAGCCAGAAGTACTCATAAAAACCATACCGGGGCGCTTCCTTACTCCTCCGCGAGTCATTGAAGGGGTTCCACTAGTGCTAGCTTCTTCTACTGAAACAGCAGGCAACCGTGTACGCAGCAACAATGTAGTTATCATGGGCGATCGCTGGGACTTACTGCCCGTACTGCTGAAGCGTCGTGTGCGTGCTGTCATTTTCACCATGGGTCTTTCCCCCTCGGAAAATGATTTGGAGCAACTGACGGATGCCGGCATCGTGGTTTTTTCTTCTTCTCTTCACACCTATAACACTATTCGTCTCATGTTCATGGCATTCACTGTCAAAGAAGCCATGAACGTAAACCCTGTAACGGTTTCGCCTCAGGACGGTCTGGATTTCCTGCGTCGACTTTCAAACCTGCATAGGCACAGATACTTCCCCGTGGTGGAAGAAGATGGTTCTTTCCGGGGCTTGTTGGAACTGGCTGAT
CP001145.1_gap8	377182	382154	4972	TTTTGTTTAGCTTCTTTTTATCATTCACAGTAGCGGTGTCGATGGGGTCAGTGTAGTAATGGCATTGTACTGAAAACCTCACTTGAATTAACGATGTTTTCTTCATGGTTTATGTTATTATACGTCAAGGAGGTGATGCTCAATGTGGATTGCAATTGTAGTTCTGGTCTTAGTACTCATCGTCATTTGGATTTATAACCGTTTGATCCAGCTGAAAAACCGCGTACAGAATGCTTGGCATCAAATTGAGGTCCAACTTCAGAGAAGGCATGACTTAATACCTAACTTGGTAGAAACGGTAAAAGGTTACGCGTCACACGAAAAGGAAACCTTCGAAAGGGTGGTCGCTGCCAGAAACAAGGCCATGTCAGCTAACACACCAGGGGAAATGGGCAGGGCTGAGGGCGAATTAACGCAAGCTTTGGGACGCCTTTTTGCTCTGGCAGAAAGTTACCCTGAACTAAAAGCCAACGAGAATTTTATACGACTTCAAGAAGAACTTACCAGCACTGAAAATAAGGTTGCCTATGCCAGGCAAGCTTATAACGATACCGTCATGATGTTTAACCAAACCATACAAATGTTCCCTTACAATTTGCTGGCAGGCCCAATGAATTTGAAGCCTGCTGAATACTTCGAAGCTGAAGAAGAAGCTCAAAATGTCCCCAAAGTGGAGTTTTAGCTCTTAACTGTTAACGAGCTGCCACTCTTCGTTCCCATAGCATATTGCTTGTCATGTGCACAGGAAGAAGGGCACCTTCTCCTAAGGAAGGGGCCCTTCTTCTTTTTGCTGTTATTATGTTATTGAGCACGCCGCCTCAATGTGGCAGCCACGCTGCATACCTTTTGTGTCCATTGTGGATCACTTGCCCACAAGCTTCCCATGGCTTTAAGGGTGCCACCTTTGTAGTAAGCGCCTCCCGCTGTTGCGTACCTGGTTCTGATGTACTCTGCTACAAAGAAAATGCCTTCCTCATAGCTGATAAACACCTTCGCTCCTGATGGGTTTCTGTCATATGCCTGAAAGCCGAACAAATTCTTTGTGCGTTTACTTAGTGCTGACTTGCCCCAACCACTTTCCAGCACTGCCACGCTGGTGAGTAGCAGCGCATTTACCTTGCTTAGTTTCTCAGCACAAACGAAGGTGGGAGCCAGTACTTCCATGGGTGTGCCTTTTAGCCCTTTTTGTAGTTCCAGCCAAGTAAGTTTGCTTTCGCTGAGAATCTTCGTATCAGGTGTCAATTCCCACATTGGTTCTCACCGCCTCCTTTAGTAGTGCAATTTCTTGTGAAAGATCTTTTATGGCAAGTAGCAGTTGCGCCAGTGTTTTGTTTATTTCCACGATAAAGTAGGCAGCCACTGCTATGGGGAAACCCAAGCTGCCAACTATTTGAATAATGTCCATGTTGTATGTTGTTCCTCCTTTCTATCTTTGGTTGCGTTTCATCAGTAAAAGAAAAGAGCAGGAGGGAGCTAAAGCCCCCTCCTCCAAAAACGTTCTGAACCGCTCATTAAGGCAGCATGTCCGTTGCGGTACGCTCCACGTAATTTGCATCAACAAGCTGAACGGGTTTTCCCAATTTTTCGCTCTTGATTACTCCTGTAACCACTATGGCGCTAGCAGCTTCTTGTATTTGCTGCGTTGTTAGATCCATTACTGGATCAGGGATTCTCAGAACCATGGTTTTGTCCATGTCTGTTTTAAAGCTCAGATTCAATGTAACCATGTGCATCATTCCTCCTTTCGTTTTTCATTGGTTAATTAGGGTAGTAAGTTGTTTACTACCATGAGCTGCACACCAGTAGTTACTCTGGTGGTCAGTGTGCCCAGGGCATTGGTTAGCTCCATAATGCTGGTAGCCGTTGCCGTTGGGTCGATGTTGTTCAGTGACCAAAGGCGTTTCTTGCCTTCACTGTTCAACCACACAATCCTTACTGTTCTCTTCACTTCTTCCATTTCTAAACTCACCTCCTGTTCTTGTGAACATGGTAGTAGTATAGGCATACATTTGTATGCTATCCTATAGCCTGTAGACCAAGTTTTGTTATGTTAGTTTTCTGCCAAAAAGGCGAAAGGAGTAAGGAAAGGGCTATGAAGCTGAACAGAAAAAGGCTAATTCAAATGTGTGTAGAACGGGGTTGGAGTTTGTACCGCTTGGCCATTGAAGCTGGGGTAGACCCCAGCCATCTGTACCGTATCCTGAGTGGGAAAAGGGGAGCGGGAGTGAATACCGTCTTTAAGATTGCTCAGACCTTGGGATGTTCACCTTTGGATCTCATATACAATGAAGAACCTGCCGACCCAGATAACCGCAAGTGACAGCATGGTCGGCAGGCCCCGCTCTAAAGTTAGTTCAGTCTTACTTTGTATGTGGTGTCCCCTATGTCCACTTCAAAGACTTTTTTCTTGAGCGGCAAGTCTTTGGATGTGAATTCAGGTTGTATCTCGCCTCTGAAGAACCTCAATGCCACATCAGGGAATATGGTGTAGGTGAGCACATCTTCTTCCTTCTTGAGTAAACCCATCTTCTTGAGTTCTTCACGACGTCGTTCTAACTCAGGCTCCAACAGGTCTGCTGGCCTTACTGTTATGATTTGGTCTTTCCAGTTCGGTCCAAACACCTTTTGTAGCACGTCTTCATCAATGGGGGCAGGCGGTCTTCCGTACATGCCCCTTAGATAATCTTTAGTTTCCTTGGGTACAATCTTGTAACGTTCTCCACCTATTATGTTTGCCACCGATTGACTGCCCACAATCTGGCTCATGGGTGTGACTAAGGGTGGGTAGCCAAATTCTCTCCAGACTACTGGCACTTCTTGCAGTATTTGAGGTAGTTTATCCAGGGCATTCATGTTCCTAAGCTGGGATATCATGTTGCTCATCATTCCGCCTGGTATTTTGTATTCCAAAACCCCTGGGTCAGGCCTAAGCAGCGTCTCTTCATGTAGGTGGCTGTATTTGTTCCACACCACCATGAGCTTTTCCCTTATACGCATAAGCAGTTTTAGGTCATATCCTGTGTCCCACTGTGTGCTTTGTAAAGCGGCAACAATGGATTCCGTGGGCGGCTGGGAAACACCGTTAGCAAAGGGTGACATGCAAGTATCTAAAATATCAATGCCTGCATGAATCGCTTCCATGTAAGCCATCTCTGTCATACCACTGCTGCAGTGGGAGTGTAGCTCCAGTGGTAGATCAATGCCAGCTGCCTTAATGCCCTCAATGATCTCTTTTGCCCGCCTTGGCGAAATAATACCTGCCATATCCTTAATCACCAAAGAATCACAACCCATTTCCGCTAGCTTCTTAAAGTTTTCCACGTAGTACTCTACTGTGTGAACAGGACTTTCCGTGTATGACAGAGCACCCTGGGCATGTCCACCGTATTTTTTCACAGCTTTAATGGGTACTTCCAAGTTTCTCAGGTCATTAAGCGCGTCAAAAATGCGAAAATTGTCAATGCCGTTTTTACGTGACAGACGGATGAACTCCTCTACTACATCGTCAGGAAAGTTGCGGTAAGCAACCAAGTTCATGCCTCTTAGTAGCATTTGCAGGGGTGTCTTCTTAAACTTTTCTCGAAGAACCTGCAGTCTTTGCCAGGGGTCTTCATTGAGGTACCTCATAGCAGCGTCAAAGGTTGCTCCACCCCACACTTCCACAGAGAAGAATCCCACCTCATCCATGAGAGGAGCAACGTCCAGCATGTCTTCTGTGCGCAATCTAGTAGCGAGCAGAGACTGGTGGCCGTCTCTCAATGTTTGATCGTGCAGTTGTATTCCCATGTTTTATCGACCTCCATTTGGTGATGCTATAAACCATTAAAAGCTTGTTAAGCATGACAAGCCAACTTGTCACCATCGCTTACATTCTATAGCAACTGCATACGCGATTTGGTTAAGGTGGTATAGAATACTAACGGTATGAAAACTAAGAATATTGTTTTGCTTATCGTAGTATTTTTCATGGTATTAGGCGCTCCCTTTAGCTGGGCGGCTTCCAGCATTGATCGCCTGGCTTTGGAAAGTTATCCGTCTTTTAAGGCGGAGCGTGTTTACGGTGGGACCGTAGCAGAAGTAACAAGAGAGTATTCAACCTTGCTAAACAGCGTTCCTTATCCGGGATTCGAAGCTCTAAACCTTCGCTATCTGTACATCACTGGCCAAAACGAACCAGTGTGGAAGGCTTGCCAAAATGGTGCAATGTCTTCCTTTTTTACCAGTGTAAGGTTTTACTGTTATGATTTGGCTTGGGCACATGACCGTGAAACAGCCATACAAATGGGCTCGGCTGAACGTTTCTACTATTACGACTTGTTCGTTTACGAGCAAGATCCGCGGGAGCACCTTACGCGCGTCATGCTCACAGCTTGGCGTAACGGCCAAATAATGCGTGAAGCCGCCGCGTTGGCACGTAGCCTTAACTTGCAGGATGTGGCAAACCTTTACGACCACACTACGCAGAGCCCTGCCAACTAAGTGGGAACTGCTGTTCGTTCTCTTTGTAGCTTGTTACAACACGGTGTTTTCTCTTGCGCCCTGGCGTACTCTACTGTTTTGGCTGCTGGTGCCTTTGGTTTACTGCTTTATAGTGTTTGTCATCGCAGTGTTACCAGAACATGTTGACAGTAGAAAATTGGCTTTCATAACAGGCTTTTTTTTGGTGATCAGTTTTCTTTGGACTGTCTATAAAAACGGCGGTGTTGTTAATTTTAGCGGCTGGCGCACCTTTCGACTCACTTTACCCTTTTTTGTCAGCACTACAAGTGCCGCCTTTTTCACATACTTTTTCCTTTATGCCTACAACCAACATGTTTTCTGGGCCGAGCTGTTCAGTTTAGTTTCCTTGCTTCTTACCCAGTCGCGTGGCCCCATTCTTGGACTCGCCATGGCATTTTTGTACGGTGGGGTAAACTTGTATTGGTTCATTGCCCTAACGGCCTTTATTGTTTATGCAATTCCTTACACCCTC
CP001145.1_gap9	384260	387580	3320	AATTTAGAGGACATAACCCTCAGAGCGATTCGGGTTTTAGGGGAAGCTGACGTGGTAGCGTGCGAGAGCAAAGAAAGAGCACTAAAACTACTATCGCATTTACAGATTAAGAAACCCCTAATTTACTTACGCGAAGCGTCACGCGCGAGTGATGTTAAACGCATCATTGAGCTTCACAAGCAGGGCAAAACTGTTGCTGTAACCACCGACGCTGGTATGCCTGGCATTTCCGACCCTGGTGCCTATTTGGTAAGGGAGCTCAGCGCTCAGGGAATTCCGTTCACTGTGGTTCCAGGGCCCTCCGCTCTGTGCATGTCAATAACTGTTAGCGGACTAGAAGAGCCTTGGGCATTCTTGGGCTTTTTACCTCTTAAGGAAGGCAAACGCCGCAGAGAGCTGGAGAAGTTCTTGCCGTTGAACATTGGCCTTGTCATCTATGAAGGTCCACATCGCGTAGGCAAGCTGCTGTCCTTGCTAAATGAACTCTGCCCTCAGCGTAAGGTGGCTCTTCTTCGGGAACTAACCAAGCTGCACGAAGAAGTGCAGGTGGGCTACCCCCATGAGCTCATTAAAGATTCCTACAAAGGCGAATTTGTGGTGGTGGTCTACCCATCACAGGAAGGTACTTAACATGTCAAGTAGCACTGCTGTGGTCATACTTTGTGGTGGGGTTAGTAGGCGGCTGGGTGTTTCCAAAGCGCTAATGCAGGTTAATGGCAAGCCTTTGTTTAAGGTGGTTGAAGAAAACCTATCCCCTTTGGGCCTACCCGTGTATTTGGTTTCTAAGGTTCCCTTTGAGTCAGGGGGAGTTCCTTTGATTTTGGACATTTTTGAAGCCGATACGCCTCTTGCAGGCGTGCTAACTGCTCTAACCACTTTGCAGTACCAAAACTACCTGTTTACAGCTGTGGACATGCCTATACTACGAAAAGAAGCATCGCTATCACTTTTGAAGCATGCCTATGAGCATGAAAGCTCCGTTTTTTACAGCATAAATGGCTTCTTGCAGCCGTTCCCTTCACTTGTACAAGGCAGCGTGGCCAAGCACATTTTGGCATGCTACCACCAGCACCTTTACAAGCTCACTGAAGTCTTCTCCTCTATTCCTCATGTACTTTTGCCATACACGGGTGATCTAAATGTCTTTCTCAATGTCAACACGTGGAAAGACTGGGAAAGTTTTCAGGCCTCAGCTCCATACTACTTGCCCATGCATGATCACTTTGCATAACCTATACCCCCATCGGGTATATATAAGACTGGAAACAGGAAACCATAAAAACAATGCTAAAGGAGGTGATGGGCCATGCTGAGCAGAAGGTGGATTGATCCCTTCGAAGAAATGAGGTCCATCATTGATGAGATGGATAGAATGATGGAGGAATTCTGGAGCACAGGTATTGAACCTAGCAGGCCAGCACGCAGAGGCTTAGGCAGAAGATTTGTACCACCAGTTGAAGTTACTGAAGATGAAAACAATGTTTACGTTCGTGCAGCAGTCCCAGGCGTACCCAAAGATAAGCTGGAAATAACTGTTGAAGAAGATAGAGTTTACCTCAAAGGAGAACTGCAGGAGCAAAAGAAGGAAGAAAAGGAAGGCGTGTTCTATAGCGAAATGCGGTATGGCACCTTTGAACGTGCCATTGCGCTTCCAACCACAGTAAAGGCCGAAGAAGCCAAAGCTGAGTACCGCGATGGCGTAGTTGAACTCACACTCCCCAAGAAAGCTCCCGAATCCAAGGGAGTAAAGATTAGGCTGGAGTAATCCAGGACACGCTCCTAAAGCAAAAGAGCCGACCCTCAGGATGTCCGGGTCGGCTCTTTTTTATTAGTTGCGACTTACTACGTCTTCGTATACTTTTTAACTTTCTTTAAAGCCATACCTAAGAGGTCTTGCATGTTCTCATCTTTTAGCAGCAATAACCCAGCAAAATAAACCAGAGCTGCTACCACTATTAGCACAATAAGATTCAAGCCTTCATAGGGCAAATACAGCTTCCACACCAAAATGACTAGAAGCATTAGTACTGCTGCAGCTGTGCTCTTCCACAGAGCCTTTACTATCCTCAAAGTTTGTATTTGGTGCCTGCGTGCCCATGATATATATAGCCACAAGCAAAGAACAGTCCAAGAAATAGCAGTACCTATGGCAAACCCTGCTGCATTCATGTGCAGTCTTATCCCAAAAAAGTAGTTCAGAAAAGCGTTTAATACTATGCCGAAGATGTTCCTCTTAAGTGGAGTAATATTGTCTTTCTCTGACAGAAAGACAATGGCGAGAAGGTTTTGCAAGCCCAAGAACGGAACCCCTAAAGCGTAGAAAAGCAAAGCTCCGCTGGTCAGGGTAGCAGCTGCTATGTCGAATGCTCCACGCATGTAAACCAGTTTTACAATGGGTAAAGCAAGCGAGGCAAGGCCAACCGCCGACGGCAGCACAATGAGCCAGATTAGTTGTATGCCGCGGCTAACTGCGCTGGCTTGCTCTGGCCAGTCCATTTTTGCTGATGCGCTTGATATGGCTGGGTACAGCACGCTGGTAATAGGCACGGCAAACAAAGTAATAGGCAAGTTGTAAAGAAGAGAAGCATAGTTTAGAGCTGAGATATTACCTACAGGCAGGAAAGAAGCCATGAGCTGGTCTACCAGAGTAAAGGAGATAATAACGACCTGCCCAGCTAAGATCGGTAGCAGAAACTTTAAGTAATCCGAGACGTATCTATTCCATAAGCCAGAAGGCTTAAGGTTGGCCCTATAGGGCAAGGACATGTAATAGGCAATTGCAAAAGTGGCAAAACCTGTTGTAAGAGCCGATAAAGCCAGAGCCGTTGGTGTGGCACCATGCAGTGCACCCGCTAAAGCAAGTACCAGCACACCAGAGGCTGATGCAAATAAGTTGATACCAATTTGAGGAAGGAAGTTTTCAAATATTTGCAGTAACGTTATTTGCATGGAAGAAAGCACCTGAAACAAAAAGATAAGTGCAGTGAACCGAATAAAGAACACAGTTAGACTCAACCGCTGAGGGTCATTGTAAAACCCTGGTGCCAAGATGGCAATAAATGGCTGAGGCACTATCATCATCAATGCCGTAAAGAGTAAGAGCAGGGTTACAAGCCATCGGTAAATGCTGGAGTATGCCTTCCAGAAAGCTTCTTCACCCTCCTGGTTTCTAAGGTGAATAAGGTAAGGAAGCAGAGAGCTGTTTATGGCACCAAAAAAGGCTGAGCCGATTCTTGTGGGTATCGCTTGGCTCACATTGAAGGCATCTTTTACAACGCCTGCACCAAAGTAAAACGCCGTGAGCATCTCTCTGAAGAAGC
CP001145.1_gap10	392420	396104	3684	GCTATGTAGGTTTAACTACTGGTATTTGTTTTTCATACGTTGGTCATGATGTGGACATTGTAGAGAAAGACCATGCAAGGTTCAGTGCACTTGAGCTGGGGAAATTGCCAATATATGAGCCAGGATTAGATGATCTTCTACAAAAATCGAGAAGTCGTATAACGTTTTCAAATAAGGTTAATAGGGCTTTACTAAATGGCAGTGAGTTAATTGTTATTGCGGTTGGTACTCCTCCGAAAGATGACGGAGACGCTGACCTAACCTTCTTGCATGCTGCTGTTGAAGAGGTTATAAGTTACTTAGATAGGAGTGCTCAGGCAGTCGTGGCGATAAAATCGACTGTTCCCGTAGGAACTAATGACATGTTGGCGGAGAAGTTCGGATTAATTTTAGCCGGCCATAGAGTGCAATTTGTTTCCAATCCTGAGTTCTTGAGGGAAGGCCATGCCGTATATGACACGCTGTATCCAGACAGAATTGTGGTCGGCGCAAGAGATCGCGACGCTGTAGGTGTATTAAGAGAAGCATATGGTCCCATACTACAGCGCTCCTTTGTGAAACCGGATTTTATTACCGACGGCACTGAAAAGGATTTGCCATACTTTATCGTTACTACGCCTAAGAGTGCCGAACTGGTGAAGTACGCGTCTAATGCTTTTCTTGCTTTGAAGATTAGCTACATTAACGAAATCGCAATGTTGTGTGAGAAAGTAGGAGCAAACGTAAGAGATGTTGCTCTGGGTATGGGCACAGATTCACGGATTGGTCGCAGTTTCTTAAACGCTGGAATAGGTTGGGGAGGAAGCTGTTTTCCAAAAGACACGTCAGCTCTAATAAGAACCAGTGAGAAGCATGGTTCCGAATTGTCCATTGTCAGGGCGGCTGTCAAAGTAAACGATAACATGAAAGATTATTTTGTTAAGAACGTTGAATCTACACTGGGCGACTTACAAGGAAAGACTGTGGCTGTACTGGGGCTTTCCTTTAAGCCTAATACTGATGACGTGCGGGACTCGCCTGCCATGGAGCTTGTCGACCGTTTAGTCAAGAAAGGTGCCGTTGTAAAGGCTACTGATCCAATAGCCATTGAAAATGCAAGGAAGGTACTCCCTGAGTCTGACAAGGTGATTTACGAAGAAGACGTGTACAAAGCATTGGAAGATGTGGATTGTGTTCTCATCACTACTGAATGGCCTCATTGGAGTAAGCTGAACTTTGAGCGCATGGCTAGAATTGTTCGCCAGAAGTTGATATTTGACGGGAGGAACTGTTTGGACAAAGAACTTCTTGAAGGGCTTGGTTTTTTTTATAAAGGAGTGGGAAGATGAAAAGAGTATTGGTGACTGGTGGCGCAGGATTTATAGGTAGTCATCTATGTGAACGTCTTCTAAATGAAGGTAATGAAGTTTTTTGCATGGATAACCTTGAGACTGGAAGTATACGTAACATTGAGACGTTCAAAGAAAATCCCTTGTTTCACTTTATTCAACAGGATGTTATAGAGCCAATCGAGCTCCGGGTTGACGAAATCTTCAATTTTGCTTGTCCAGCTAGCCCACCACGTTACCAAAAAGATCCGGTCCATACTTTGAAGACGTCTGTGTTGGGAGCACTAAACCTTTTAGAATTGGCTACTAACACTGGAGCCAAGATAATGCAGGCATCAACCTCGGAAGTTTATGGAGATCCCGCTATCTCGCCGCAGCCAGAAACTTACTGGGGTAATGTGAACCCGATTGGCCCTCGATCCTGTTACGACGAGGGGAAGCGATGTGCAGAGACGTTATTCTTTGACTATGGCCGACAATTCGGGACAAAGATAAAGGTGATCAGGATTTTCAATACGTATGGACCACGGATGGATCCTGAGGATGGTAGGGTTGTATCAAACTTTATTGCGCAAGCTCTGAAAAATGAACCACTCACAGTATATGGTGATGGTAGTCAGACACGCAGTTTTTGCTATATTGACGATCTTATTGAAGGTATAATGAGCATGATGCAGACTGATGAGTCGTTTTCAGGTCCTGTTAACTTGGGCAATCCTGAAGAAGTTACTGTCTTGGAGGTAGCGAAACTTGTGCTTGAGCTTACATGTAGCAAAAGCGAAATTGAGTTTAGGCCTCTTCCGCAAGATGATCCAAAACGAAGGAAGCCTGACATAACATTAGCAAGGCAAACTCTTGGCTGGGAACCAACGGTAAAACTAAAAGAAGGGCTTATCACAACAATACAGTACTTTAGAGAATGTCTGCGTTTTTAGGGGTGAATCCTGTGGTCAATAATGAAAAGAATAGTTTACCTCTTGTAAGCATTATAATTGACAACTATAACTATGGAAGATTCATCCAGGATGCTATAGAAAGCGCTTTGAATCAGACCTATCCTAACATTGAAGTCATAGTCGTTGATGACGGTTCTACTGACAATTCCAGGGAAATCATTAGTAGATATGCCTCTGCTGGGCTTGTAAAGGCAGTGCTAAAAGAGAATGGTGGGCAGGCGTCAGCCATGAATGCGGGGTTTGAAGTGTCAAGTGGTGACTTGGTAGTGTTTTTGGATTCTGACGATGTGCTTAAGCCCGAAGCTATCGAAGTAGCCGTTAAAACATGGCACCCTGGCGTTAGCAAAGTGCAGTGGCGTTTAGAGGCGATTGACGGGCAAGGCAGCTCTATAGAACTGTTTTTTCCACCTCTGAATGCTCATCTGCTTAACGGGAACGTGCAACACATTGCGAAAAGGTGGTTTTACTTTGGTTTAAGCCCACAGAGTGGAAATTTGTACCCGCGTGATTTCTTGGAAATTGCAATGCCTTTGCCAGAAGAGGAATGGCGCATTTGCGCGGATTATCCATTAATTGCGGCAGCTGTTTTTTACGGGGAGATAATTTCTTTACCAGATGTTCTTGGTTTGTATCGCTTACATGGGGGAAATGCAGTTGGAAAGAAATCTGCAAAAATAAGTGTTGTTTTAGAACAAAATGACAAAGTCCGTAGGTACCTTCATGAAAGGTTTTGCAGGTTTGCAAAAGGCATAGTTTCGAGCGGATTAGACGAAAAAAGGCTAAAGTTGGTCAATGCGATTCTTTCAAAGGAAAACGGAATACCATATGTCTCACGGGTTAGAACCGGCTTTTGTGGTGCTCTAGATTCTTTAGTGTATCCGTTTTTTACTAGTTTCTCAAAGAGAGTTCTGAGCTTTATTTGGTTTTTACTTGTCGGTGTTCTCCCCAGCTCATTAGCTAAATTTGTGGCTGTGCAAGGAATTCCGGACGGGAATACTGTGGGTTAACTTATAATACGTGAAAGCCTTGGTTGCCATTGTTTCGACAATGTTATTGTGGGTTAATGTGACAATTTGGTGTAATGATGCCACAAGGAAGTGAGACATTTGATTAATTGTATAGTAGTAAGTGCAGGATTAGCTGGTGCGACTATAGCTGAACAACTTGCTAATAAATACTCCCAAAACGTGTTAGCAATAGAGAGCAGATTTAACGTTGCTTGGCATTGCTACGATAAACTTGGCAAATCTGGGATACGCTTACACATGTACGGTCCTCACTTATTTCACACCGACAATTCAAAAGTCTGGACCTATCTATCACATTTTACTGATTGGGACATGTACGAACATCGTGCACTTGTTGTCATTCACGGCGAAAAAGTTCCGGTACCATTCAAC
CP001145.1_gap11	448846	449998	1152	AGAAAACGGTAAGAGTTATGTCTATGCTTTCAAAACAGAAGGTGGTAAAGATGCTTGTGAGGTCCTCCCAGCATTACTTGAAGATCTATTCACGGACCTTTGGTTTCCCAAGAGCATGCGTTGGGGCCAAGGTTATGTGTTTGGTCGACCTGTTCGCTGGATTGTGGCTCTAGTCGATGATCAAGTGCTCCACATAGAACTTTTCGGGGTGAAATCGAACCGGGTATCGCGTGGACTTAGGGTTTTCGGTAGTGATGTGGAAATAGACATCCCTGGTCATTATGAGCAGCTGGAAAAGGAAAAAGGTTTGATCATCGCAGATGAAAACAAAAGAAGAGATTTGATACGTAACCAAGCTGAAAAGCTTGCTGCAGAGCTAAATGGCAAGCCGCACTTACCTGAGGAATTATTAGAAGAACTCACCTTTATTAACGAATACCCAACGGGGTTTGTTGGGCATTTTGAAGATAGGTTCTTGCAGCTTCCTAAAAAGGTACTGGAAACTGTTATGATCCATCACCAGCGCTATGTGGCGGTTGAAAATGAACAGGGTCAGCTTTTGCCTTATTTTATCGGCTTTAGAAATGGCCCCAGTGAAAACATTCAACAGGTTATTGTGGGAAACGAAAGAGTGATTCGTGCTAGGTTTTACGATGCGCTCTTCTTTGTGGAAGAGGACTTGAAAACGCCGTTTGCAGATAGAGTTCAGGGGCTTGAGAGAATTAGTTTTTTAGGTAACTACGGAACGCTTCTGGACAAAGTTAACAGAGTCAAGCGTTTGCTGGCACTGTTCAATAAAGAGAATGATCTGCTACTTCAGAGCTTGGCTGAACTTTACAATGCAGATCTAACTACGCTCATGGTTCAGGAGCTACCTGAGTTGCATGGATACATGGGAACGTTTTACGCTAAGCGTAGTGGAGTGGAAGAACCTTTAGCCAACCTCATTGAGGAAGTTGTTACAGAACCAAGGGTTGAAAATAGCGCAATCATAAAGGTGCTGGATGCACTGGATACTATTTTTGCGGGTTTCGACATGGGCTTTGTGCCTTCAGGTTCCTCAGATCCCATGGGGCTAAAAGGCTTGGCATTTGATGTTTTGGATCTCATCTGCAAGTTTTTCCCTGAGCGATCAGTGAAGGATTTAGTTTT
CP001145.1_gap12	646785	648282	1497	GTTTGTTGAGCAGCTTCTGAATGCCCGCGAAGCTCACAGACATGATTTTGACAAGCCCGATGCGTTTTTCGAGCGGTGCCTGCCTGTTGAGGAAATAGCACGAAGAGGTAAGGAAAGTTTGGCTTTTGGTCCCATGCGCCCAACAGGGTTAGCCATTCCAGAAAAGTTCCGTGATGTGCATGCAGTTATCCAGTTACGGAAGGAAAACGCTTCTGGGACCATTCTGAACATGGTAGGGTTTCAGACAGGAATTTCTCACACAGAGCAAATAAGCATCTTCAAGCAGTTACCTGCATTTAAGAATGCAGTTTTTGTTAGGTTAGGGCAAATTCATCAAAACAGATTCTTACCTGGAGTAGTAAACAAGTTTTTCCAGAGCAGGACAAACAGACTTTGGTTTTATGCAGGTCAGTTTACTGGAACTGAAGGGTATCTGGAAGCAATCGCAGGAGGACTTTGGGCTGGCATTAACGTGGCTCGCTTGCTCGGAGGTGAGAAGTTGATACCTTTACCAGAGGAGTCCATGCTTGGTGGGCTGGTTACCTATATTGAACAATCTTTACCCGAAGTCAAACAGCCAATGGGGGTGAACTGGGGACTTGTCCCGCCGGTTGAAGGAAAGAAAAGTGAGAGAAAACAAAAACGTGTTGACCGTGCAAGGATAGCTATCGAATATGCAGCTAGAGAATTGGGCAGAGTTACTTAATCAATTCTTAAATACTTTAGAAGCGTCAGGATATTCCGAGCACACGCTGAAAGCGTATTACGTGGATTTGAAGCAGTATTTCATGTTTACCACAAGTTTGGATCAGAAGACTGTGGACGATTACTTGATGCATTTGTCAAGAAAAGGCATGGCACCCACATCACTAAATCGATTTTTATCTTCACTTAGAAAATTCTGCAGTTTCCTAAAAAAGCAAGGTTACGAAATGCCAATCATGGAGCTTAGCGGTTTTAAGACAGGACTTAAAGTCCCGCGGGTTGTTTTAAGGGACGACATCTCAAAGCTTTTGGAGTTACCAGAGAATACTCCCATTGAACTCAGGGATAAAGCCTTAGTGTGGTTTTTGCTGGGTACGGGTACCAGAATAAGTGAGGCGCTCTCGCTAAAAGTGGAGGACATAGATTTTAGGACAGCCAGTTGTCAAGTGTTGGGAAAGGGTAATAAAAAACGTACTGTTTACATTCCCTCAAAGGCGTTAAAATTGCTTAAAAGGTATATCGAAGTTTTTAATTTGACGGAGGGTCCACTTTTCTTGAATATGCAAGGACAGGGATTGACAGACAGAGGCGCCAGATACATCTTGCATAAAATTAGTAAAAAATATGGCTTGCGTGATTTGGTGCACCCTCACACACTTAGGCACACGTTTGCTACCAATCTACTTGAAGAAGGCGCAAACCTTAGAGAAATACAGGAGCTTTTGGGACACAGCAGTCTTCGTTCTACTCAGATTTACACGCATGTTTCACCCGTAATGGTCAAAGAAGCTA
CP001145.1_gap13	839459	844419	4960	CGCCTAGCAAATGAGCTTCCTTCCTACTCACAATACCCACATTTTTTGTCCTAGCTAATATGCTCGCATCTTTGCTCCACGTGTCCTTAAGCTTGAGCCCAAGGTCTTCAAGGGTTTCTAGAGCAGCCTTTATTTGACTAGAAATACTCTCATCGACATCACGCCTTACACCACCCAAAGTGTTTATTGCGTAGTTAACACGATTACCTGACAACAGCTCCAGCATGTCCATCACAGCTTCTCTTCCAGACCACGTGAACATGAACAGCGTATCAAACCCCATCTTGTGAGCCATTGCTCCCAAGTACATTAAGTGGCTGTGTATCCTCTCGAGCTCAGCTGTTAAAACACGAATGTATTCGGCTCTTTCCGGAACTTCCAAGCCCGCCGCCTTCTCTACCGCCAGACAGTATGCCCAGCTGTGATGAAAAGAGCAAATACCGCAGGTTCTCTCCACTAAGCCTAGATCGCGAATAAAAGTTCTTTTGGTAGCGCTTTTCTCAATGGCTCTGTGAATGAAACCAATCTTGATTTCAGCATCGACCACCATTTCTCCCTCGAGCTGAAGTTCGATGTATTCCCCTTCCTCGAAGGCCGGATGATAGGGTCCCAAAGGAAATTTATAGCCCATTATGCACCTCCTAAAAGTCTAGATAGATTCCGCGCTTAGCATCATCCGGGATGATTAGCCTTTTTGGACGCGGATGGTTGGAGAACTTGATGTCAAACAAATCCATAATCTCTCTTTCTGCCCAATCAGCAGCTGGTAGTAAAGGTGTTATAGAAGGAACAGTTTTGTCTTCAGGTACCGGCAGTTTCAGCGAACACACCCAATTCCCATAGGAAAAATGATATTGCATAAATAGGCGATCTTCCTCAGGATATGCAGTTATGGTGATAAAGCGCAATACATCTTTGAAATCTGTGATGAACTCTAAAAGCTTAAGTACGTCCACATCTACTATTTCTCTTTCACCTTCTCCGTTCAAACCGTAACGTTGTAACTTAGATTGTTCTACACCAGGTAACAAACTCACACCCCCTCACTTTTTGGAAAGCATTTTTTACCGTCCGCTGTATCACTTCTTCTAAATTCAGTTAGACATTTTAACACTATTCAGTCCAACTAGAACCAACATCGCAAACAACTTAATTATACCTGCTATAATTCAATCTTGATGAGAAAAGCTTTCAGAATCAATGGGATTGTACAAGGCGTCGGCTTCCGACCCTTTGTCGCGAGAATCGCTAAACAATTGAATCTAACTGGATTCGTCCTCAATAGTGGACACGGCGTATATATAGAAGTTCAGGGAGAAGAACATCTCGTAAAGGTGTTTGAGGAAAAATTGAATAATGAAAAACCTCACGAGTCCATATATATCGAATTTGACACGTGGGAATGCGAAGAGATTCAAGATGAAAAGGACTTTGTTATACTAGCTTCTGAAACCAACGCAGACGTATTCACATTCATCCCCCCTGATTTAGCTACTTGCCATGACTGCGTTGAAGAGATTCTTACGCCAAGTAACCGGAGATACTTGTACCCATTAACCAACTGCACCAATTGTGGTCCAAGGTACACTGTCATAGAAAAGCTACCTTACGATCGCCCTAATACTTCAATGAAGCCTTTCCCCTTATGTGCTGAGTGTTACAGAGAATACACTAATCCAAAGGACAGAAGGTATCATGCGCAACCAGTGGCATGTCCAGACTGCGGTCCACAAACATATATTGTTTCCAAAGACGGTGGAATGATTGCCGACCCGGATCTAAGGAAAACAGTAGATATTCTTAAGGACGGAAAGGTTGTGGCTATTAAAAGCTTAGGGGGTTACCTCTTGGCTTGCGATGCTCTCAATGAGACAGCAGTTAATAGACTAAGAAAACTAAAGAGAAGACCGCAGGAACCTTTCGCCCTAATGAGCACACTCCCAAATATTGAAAACTTTTGCTACGTAAACAGTGCTGAAAAAGATCTTCTTGAGTCACCGGCAGCACCCATTGTACTCTTGCAAAAGAAACCTTATGGTAGCTTACCCGAAGTTGTAGCCCCTGGACAAAATTATTTGGGGTTCATGCTGCCCTACTCCCCCCTTCACCACATAATTTTTTACCATTGGCCAGAAGCAGTCTTGGTAATGACGTCAGCAAACCTCCATGGTGAAGTAATCTACTACGAAGAATCAGACTTGCCAAAGCTTCTAGAAATGGCAGATTACGTACTGACGCACGATCGTGCAATAGTAACCCACGTAGATGATTCTGTAGTTCAAATGCTAAGCGATGGGCCTCATTTAATAAGACGAAGCCGCGGCTACGTTCCGCTACCCATAAAGCTTTCAAACCAGTGCAAGGTTCCTATTCTAGCCACAGGTGGAGATGAAAAGGCGACACCAGCGCTTGCGAAAAACGGATACGCTATTTTGGGCCAATACGTGGGCGACTTGAAGAACGTAAGAACCATGGATACCTATTTAAAGGTCATCGATCACTTGAAGGAGCTTTTTGAGATAGAACCCCAAGTAGTAGTTACCGACAAACATCCAGGATATCTTTCACACAGGTTCGCCTATTCAACGGGCTTACCAGTAATTGAACTACAGCACCATGTAGCACATGCACTTTCTGTCATGGAAGAGAACCAACTTTCCAAGGCGATAGCCATTGTATACGATGGAACAGGATATGGGGACGACGGAACATTATGGGGTTCAGAAGTGCTCCTTGTTGAAAATGCAGACTACCAAAGGCTGTTTCATTTTGACTACATGCCTTTAGTTGGTGGCGAAAAAGCTATTGAAGAACCCTGGCGGTTAGCTGCTAGCTTGCTTCAAATAGACCAGGCTGAGAGGTTTTTTGGCGAAAGAGGAAGAAACATTGCCCTTCTCGGTGCAAAAGGACGTTTCCCTTTGGCTTGTGGAATGGGCCGCATTTTTGACGCTGTTTCCGCCCTTCTGGGGGTTTGTTCCATGGCAACATACGAAGGTGAGCCAGCCCAAAAGCTGCAAATGATAGCTGAAAACAGCTTAGAAAAGGGCAACTTTGCAGATAACATCACCATACATGAGTCGACGGTTTCAACCAGAGATATAATTCAAAACATAGTAGAGCTCTTAAATAAAGGCTACGAGATAAACGACATATCGAGGATTTTTCATAACACGGTCGCAGAATTGACCGTAAGGATGGTCATTAAGTTTGACTGGGAAAATGTAGTTTTAAGTGGTGGATCATTCCAAAACAATATTCTTTACAAGTCCGTTCGTGACCGGTTGGAGAAGCTGGGGCTGAAAGTTTTTAGAAATAGGCAAGTCCCCATGAATGACAATGGCATTGCCTTGGGGCAAATTGCATATGTTTTGAGGAGGAGCGACAATGTGTTTGGGAATACCCATGTTAATAGAGAAGATCCAGGACAACAAAGCAGTAGCATCATTCATGAACGTACGCAGAGAAATTAGGATTGACGTGGTACCAGAGGTAAAACCTGGTGATTACGTCATGGTGCATGCAGGAATGGCCATAGAAATCTTGAATCAGGAAGAAGCACAGGAAACATTGGAAATGTGGAAGGAATTGGGTGATGAGAACGTTTTCCTCAGATAACCCTGCTACTATTATGGAGGTATGCGGCACGCACACCCATGAGCTTTTTAGAACAGGGATCCGTTTTGCCCTACCTAACTGGGTGAAGCTAATTAGCGGGCCAGGTTGTCCTGTGTGTGTTACTGATGACAAAGACTTAGCCAAGGTCATATTAATGGCAACCAACTACGATTTAACCGTTATCACTTTTGGCGACATGATCAAGGTACCAACACCTTTCGGTTCTTTGGCTTCATTACGCAGCGAAGGGAAAAATGTTCAAGTTGTTTATTCACCTGTTGATGCTGTAAAGTACGCCATGGAGCACCAAGAAGAAACGTGCCTCTTTTTTGCTGTAGGATTTGAAACCACCATGCCAGCCGTGGCTGCCGCTATTAAGGATCGTTTAGCAAGAAACGTTGATAACTTATTCTTCTTAGTGAACCATAAGCGCATTGTCCCTGCTTTATATGCCTTATTTGGGTCTGGGCGAGTAAAAATAGACGGCCTTTTGCTACCTGGCCATGTTTCTGCCATCATAGGATCCAAGCCCTATGAGCCAGTATTAAGTAAATACGACGTGCCTGGCGTAGTGACTGGTTTTAGCAAAGACCAAATGCTCAGAGGGATAAACATCCTCCTTAAACTCATTGTGAATGATAAGTTCGACGTGATAAATGCATACCCCGAAGTAGTGCGTGAGGAAGGTAACAAGAAAGCACAGGCACTCATAGAAAGCTATTTCGAAGTAGGTGGAGCATTTTGGAGAGGGTTTGGCTTCATTCCAGATAGTGCCATGGTGCTCAAAAAAGAGTTCTCTGATTTGGATGCAGAAACACAGTTTCCGGTTGAAGAGCCTAATGTAAGCCCTCCACCAGGGTGCAGATGCGCAGACGTGGTGCTGGGTGCGGCAGACCCACCCAGTTGTCCTTTGTTTGGCAAAACATGTACTCTGCAGAATCCCGTAGGACCATGCATGGTATCATCAGAGGGAACTTGTGCTGCATGGCTCAGGTACGGAGGTGCAACCTCAAATGGATAAAATCACACTAAGCATAGGTACTGGCGGAGAAGAAATGACTCAGTTTCTTCAAAAGACTGTTTTCCCCATCCTTGAGGAAAGCATTTCTGGTGATGCCGCACTGGTTAACCATACTGCTTTTACGATCGACAGTTTTGTAGCAGAACCTCCTTTTTTTCCAGGTGGTTCTATTGGAACACTAGCCGTGAGCGGAACAGTAAATGACTTGGTAGCTGCAGGAGCTAAACCTTCAGCGCTGGCGCTGAGTTTAATCTTGGAGGAAGGTTTGGACATGGAAGTGGTACGAAGAATCTTGCAGGACGCCAAGGAGACAGCGAAGTTGGC
CP001145.1_gap14	847845	851458	3613	TGGACAAGAATGCCATGGGCTTTAGTCCTCTGGGTTTTATTGTCCACAGAAAACCATCTAACTCTTGCACGAGAAGTCCACCTGTCTGTAAAACATGCGCTGAACAAGACTCTTAGGGCTCTTAAGGTCATCACTGCTCATAATCCAGTCAGACAACTGCTGCAAACTTTCCAAGTCAATGTTCTCCCGTACCTTCATAGCCGCTCTCTCAGCGCTGCCACCTTTAGAAACCAAATCACAGATGCTTAGCAGTAGCTCCTCAGTCACATCGACGCTCAAGAGTTCAGATTTCGCGTAAAGCTCAGCAAGCTGCAGATCAAGTTCATTCAAATTTGCTGGCTCATTACGTGTTTGACTTAAAGCATCTACATCAGCAGTGACCCAAGCTAGTACTGTCTCCATGACCTCACTTAATCGATTTGAAACCTTTGCTGCCGCCGCCATCCTGTGTCCGCCTCCATTTAAGCGTTTGGCATACGCTATAGCTTCCAAAGGATGCCTGGAACGAAACGATATATTCGTAACAGGCATTTGGTTATTGTTTTCTCGAGCTGAAATGAATAAGAGACCGCGACCAATCCATTGCATAATGGACAAAGCTATACTAAAATCATCATCGGTAAAACCTTGCTCTAATCTATCTTCTTTAGGAACACTCAGAACGAAAACCCCAGGCTTGTATTCATATACCTTTCTGAGGAGCCTGGCAATGCGTTTTGCTTGCTCCATACCGCAAATCTTAGTGGCTTCAACATAGGCAGCATTCCAGTTAGCGCCTGCTTGTACCAACCTTATAGCATCGTTCAAAGCACGTTCATCAACATTGCTGTAAGATAACACACCAGTGTCAGCCAGCAACCCAGCCAAAAAGCACACTGAGGACTTGCTATCTAGGTGATCAGAAAACAACTCAGACAGCAAGGCAGAGGTTGCGCAGCAGCTTGGATCAATAAGGTGCATGAAGGGCACATCCTCTACCGCATGATGGTCAATAATCAGTGTTTCTAAACCTTTGTCATAACCAAAAGCCCTCTTGGGGTCGGAAACATCAAGCATTAGTTGAACGTCCACTTCTGACGCTGATACTAGAGGTCGCAGCTCTGTAAAAAACGACAACCATGATTCCACACACACGGAAACCGGTACACGCATAGAATTAAGTACCCAGCTCATGCCAGCTACTGAACCTAACGCATCCACATCTGGTCTTTCGTGAGTGATAATCTTGATTCCCTTACGGCTCTTCGTTAGTCTCTTCAGTATGGTCTGTGGATTCGTCTTCGTGAGATTCATCTTCTTTTACTTCATCTTTCTTTTCCAAATCTTCTAGCAATTTCACCATGCGGACTCCTCTCTCGATAGAGTTGTCCAATTCAAACTTTATCTCTGGCGCAAACCTCAGTCTCAAGGTTCTTGCTACTTCACCACTAACATACCCTTTTACTCTTTCCAAAGACTGTAGTATTTGTTCTGAATTTTTTCCTGGCATGGTAGAAAAGTAAACCTTCAAATACTTTTGATCATCAGACAACTCCACGTCAGTAATGGTCACGAATTTGAGACGTTCGTCATTCATGTCTTCCAGCAGAATTTTGGACAATTCCTGCTTTATTGCTTGCTGTAGCCGCTCTTTTCTGAGAGGTTTCATATCAATCACCCCTTGAACCGTTAGTAAACGGTAATTTCCTGTTCTAAAATCTCTAAGTCGTAATTATCTTGGATAAAGTTAACAATCCAATCCACGGACTCTCTTACTTTGTTCATTTGCCCATTTACTGTAGCAAAACCAAGCTCTGCCACAGAAGTGTTGTCTAAACTCCCCACCTCTGCAGCAGCCACGTTTCTCCGAGACCTCACCGTATCTAAAATAGACCTTACAACTTGTCTCTTGTCCTTCAATGTTCGAGAACCATTTATTAGTAGTTTCAACCTCAAACTACCAACAAACAACTAAGCCACTTCCTCCTGAATTGTATAAACCTCCAGTATGTCGCCTTCCTTGATGTCATGGAAGTTCTCCAAACCGACACCGCATTCAAATCCTTGAACCACTTCTCGTACATCATCTTTGAATCGCTTTAAGCTACCAATGGATGTCTCGGCAACGATGACACCGTTTCTAAGAACTCTGACTCGACCATTTCTCACTATCTTCCCGTCAGTCACATAACAACCAGCCACGGTGCCCACACGAGGTACCTTGAAGGTTCGACGAACCTCAGCATGTCCAAGCACTACTTCTACTTCTTTGGGTTTTACAAGTCCTTTTAGGAGGTTAGCCATATCGTCAACGAGATCATAAATGATACGATACGTCAAAACCTTAATACCTTTTTCTTCAATGAGCTTGTTAGTCTTACCCACAGGACGCACGTTGAAGCCAACAATGAGAGCCTTTGACGCCTCAGCCAAAATGACGTCGCCATCTGAAATGGCACCAACACCAGCATGTATTATGTTCATATCGACTTCGCCTTTTTCCAATTTCAACAGCGCATTTTGTACGGCCTCCAGGGAACCTGCCGTATCAGCCTTCAATATTAGGTTAAGAACAGGCTTTTCTTCTTCAGATGAACTCAGGATTTCCTCTAACGAGAATTCCTTCCTGGTTTTTTGTTGTTTATCACGCTGCAGATCCGAGTTGGATTTTGCAATTCTTTCAGCTTCTTCTAAAGAATCTACCCTTTGCACCAAAGTACCTGCCTCTGGAACATCCTGAATCCCCATTATCTCCGCAGGCATTGAAGGACCTGCAGATGAGATTGGGTCTCCTTTGTCGTCAAACATGGCCCTGATCTTGCCGTAAGTTGTCCCCACGACAACAAAATCACCGACTCTGAGTGTTCCTTCTCGAACCACCACTGTTGCCAGAGGGCCTTTACCTTTGTCCAAGCGTGATTCAATAACATAAGCTTTTAAAGGTGCTTCAGGGTCTCCCCTAAGGTCTAGCAAATCTGCAATTAGGATGATCGCTTCGAGAAGATCTTCGATACCTTCACCTTTTATGGCTGAAACAGGTACGTAAATCGTGTCGCCACCCCAGCTCTCAGGTATCAATCCCATGGCAGCAAGCTGATTCATTACTCTGTCTGGATTAGCACCAGGACGATCCATTTTATTTAGAGCTACAATGATTGCAACACCTGCAGCTTTTGCGTGATTCAAAGCCTCTATGGTTTGGGGCATAACGCCTTCGTCAGCTGCCACTACAAGTACAACTATATCTGTTACCATGGCTCCTCGAGCACGCATTTCAGTGAAAGCTTCGTGCCCAGGAGTATCTATGAAAACAATCTTCTGCCCTTTATAATTAACCACCGAAGCACCTATGGATTGCGTGATTCCACCAACTTCTCTTTCTGCCACACGAGTGCGCCTTATGGCATCGAGCAATGTAGTTTTTCCATGGTCTACGTGCCCCATAACAGTAACTACTGGTGGCCGCTTCGGCGCAAGCTCTTTTTCACTCTTACCAGCTTCTGCAGTAACTGTTTCTTCCTCAGTAGATTCAACCTTACTTTCTTTACCGCTTTCAGCTACCTGCAATGGTTCGGCCTTAAGCAGCTCTCTGAGTAAATCTGCCGTTTCTTCATCTACTGTTGACTGATATGAA
CP001145.1_gap15	858502	861815	3313	TAAAACATGGATTCCGTATTTGCAAGTACTCTACACAGCTTCGTCACCCCGCAAAATGCATACTTTTATGATCACCACATCAACACTATTGGGCAGCAAATTCTGATAACATATAAACACAACCAGGAGGTGCGAATGAATTATGCCAAAAATCCTTTTGAACTGGGTACCGACTCAAAGCGATTTTGAGCTTATGCGTAAGACTCTTCCCGATGCAGAATTCGAGGTTCCGCCATGGCAAAACTTGGAAGAAGCAGAAATACTCCTCTATTCTCCAAAAACTCCCGACCTTGACGCGCTCATACCAAACATGAAGAATCTAAGGTTTATCCAATCACTTATGGCAGGTGTTGATCATTTGCCATGGAGTCTGATACCGAATAACGTAATAGTTGCTAGCGGATCTGGTGCAAACTCAGAAGCAGTAGCGGATATGGCTTTAGCTTTAGCGCTCTCGGCTCTTAAGTTTATACCTTTCTACCAGAACGAAATGAAAATGGATCTATGGAAAAGACGCGTTAGCAAAGACCTGGATTCTCTCACAGCAGTCATATTGGGTACAGGGAGCATCGGCAAAGCTATCGCTAAAAGACTAAAAGCTTTTGGCATGCAGGTTGTTGGAGTTTCAAGAAGTGGCAACCAGGTGGAAGGCTTTGATAATGTAGCATCGTCTGCTGACTGGTCTAGCGAGCCCTATGGCGACCTAATTGTCATTGCACTGCCTTTGAACCGAGATTCGTATCACATGATCGATAAAGACGTTTTGTCTCGGTTAGGTGGTACGCGTGTCATCGTTAACATTGCAAGGGCAGCCATCGTAGAACCGCAAGCATTAAAGGTTTGGCTTCAGGAAAACCCTACTTCCGTGTACGCTTCCGATGTTTGGTGGAATGAAAAGTTGAGTCTGCAGCCAGTTGTTGTGGAACAGCCCATCTCCATTTCGTACCTGCCAAATGTAATTATGTCGCCGCACACTGCTGGACTTACAGAATACGCACAGGAAAGAATGCTCACTACATCTTGCGAGAACATTCGGCGTTTCCTAGAGGGTGGGCAGCCTTTAGGCATTGTGCGTAAAGAAGATTATTCCCAAACGCCATGGAATGAAAATTGATAGTTTTTATTTATCATACTTAGCGCGAGATCTCGAGAGCTCCTTTCGCGGTGCTCGTATAAATGCAGTTCTTTGTGAAGCTTACTTTTATCAACTAGATACTACTAAGGGACCGCTACTCATCTCTTTGCTGCAATCTTCACCCCTAATAGGCAAGACCTTTCTACCTACGGACAAGAAGGAAAGAAAGCTTAGCCAAATGATTGGAAATCTGTCCATTGATGCCATAAGAAGTGTGGAGGGAGACCGGATCATAGTTTTTCAACTGAGCGATCGGCTTAAGATCATAAACAGGCAGCTAGTCGTGGAACTCATTCCAAACTATGCAACCCTCCTCATCCTTGAAAATGACAATATCATCTTTTCCACAAGGTTAATTGGAGCAGGAAAGCGCTCATTTGTTTTGGGAAAAAGATATCTTTTCCCGCCTAAACCAGAAGGCGCAAAAAACCTCTACCACCCATTAAGAAAAGAAATCATTGAAAAAGTACCAGAGCATGCACGACATCTTTTAGAGAAGCACTTAAGTAGAAGAGACCTACCCCATATGGTGGTGGGGCGGGAACTCGCTTGGCCAACACCTTCTGCTACTACAACAGCTTTAGACCTGGCTTCTACAGAGGTAAGCAGACAAATCGAATCGTACTACGAAAACATTGAAAGGAAGAATGCACGTAAAGAGACCCAGTGGGAACAGCGTGGACCCGTTGATAAACAGGAAATCGAAGAACGGGTGGATAAACTTAAGCGTTGGGGACAAGTACTGCTTTCACTGCCACTGGATACAAAAGGCGAAGTGCTTATAAAAGACTGGGTCACGGGAGAAGAAACCAGTGTCAATCTTTCTCAGTTTCATACCCCAGTGGAAGCTGCTAAAAGTTTCTTTGAAAAAGCAAAGAAAACTGAAAAACAGCTTCTGAACGGTGAAACAAAAAAAGCGCGATTTGCTAGAAAGGAGACCTCGGCGAAGGCTCAGCGCTATCCCTATAGGAGAATATTGTATGACGATGTGCCCATTTACATTGGGCTATCTGCGTCTGGAAATGATTTTGTAACGTTTTCCTCAGCTCCTGAACACTGGTGGTTCCATGTGAAGGAGGGAACAGGGTCTCACGTGGTTGTAAGAACGAATTTTCTTACGGATGACATTGCTCAGGTAGCAGCCAAGCTCGCCGCTTTTCACAGTTCTAAGTCTGCTGAAAACAAGGTGGAAGTGGTTTACACACAAATAAAGAATGTTTGGCGTCATCCAAAAAACAAGAAAGGGCTTGTCCTGTACAAGAATTTTCAGACTATGGTAGTGGAACCAGCTTCTGAGGAAACCGTTTTAGGTACTACTTAAAGACTTCCAGCGATGCTTCCAAAAGCTTCGCGTCATCAGTAGCAGTAACTTGCACGTCGGGAGCCAACCCAACCTTGTTAAGAGCAGTCTTGTTAGGCGTCAAGTATTCGGCAACTGTCACCTTCACAGCACCTTCACTAAGTGGTTCAATGGTCTGAATTTCTCCCTTTCCGAAGGTTTTTTCACCCACCAACTTAGCACCAATGAGATCTCGTAAAGCTCCCGCTACAATCTCAGAAGCAGAAGCAGAACCACCATTCACCCAAACTACAACATTGCCCTCAAACAATTTCGCCCCACCGGGTGCCTTCAACGGTTTTGTTTCCTGCTTATCTTTCTCATATACCACAACCTGTGCAGGGGCGAAGTAACCTACAATTTTGCGAGCTTCCTCGAGCATACCTCCTGGATTATCTCTTAAGTCAATTATTAAAGAGGTCATACCTTCCTTTTTTAATTGAACAAGAGCACTTTTTAACTCAGAAGAAGCTTTGTTGTCATAGAACTGCATTAGCCTTATATAACCCACTGTTGGGGTAACCATCTTGCTCTCTGTAACAGCAGGTATGGATACCTCTTCTCGCTTCAAATCAAATGAAAGTGTCTGCCCATCACGCAGAATTTCCAGTGTGACAGAAGTACCCGCACTCCCTCTAACCATGGAAGAAACAACGTCCACTGAAACTTGCTCCACACTTTTTCCATCCACGGCCATGATAATATCCCCTGCCTTCAAACCAGCCTTAGCAGCAGGCGTATTAGGAAAAACTGTTTGAATGACAATCTGGTCGCCTGTCTTGCTAATTACTACTCCAATGCCCGTGTAAGTGCCTTCCAAATCGCTTTGCAGCACTGAA
CP001145.1_gap16	872592	874324	1732	ACCCAGAGGTATTATTGAGAAATTTGGTCTACAACATCCTGAAGGATGGAGCTATGTTGACACGGCTGCCTATGGTCACTTTGGCAAGTCCATTTACCCTTGGGAACAACTTGACATGGTTCCTGTTCTTAAGGACTATTTCTCCTTGCATGCATGCACAGGTGGTTAGTTGCCCTTAATAATAGACAGTTAGGAGATGCCTCCCTCACTACAGCAGAAGGGGAGGCATCTCCGGGTGATTTAGTCAGAGTCACTCTCCACGGAAGGAAGCTAAAGGGCATCGTTTTAAAAGAAACAGATACAAGAACCTCACACACCTTTGAAATTCTTGAATCAAATTATGCTCCCGGTTGGCTCATTTGGCAATGCCTGCAGGTGCTCGAGGAGTATCCAATAAACTGTTTCGAACTCTTGGAGCTCGGTAAGAACTGGAAGGAACGACCTCGTACATTCATTCAGCTTAAAGCTTTCAACTACGTACCTGTAGGTACTAAAGAAAAAGAACTTGTAAGACTCCTAAGAGATAAACCATTGGAGTTAACAAATGCCGTTATGCGGAAGTTTAAAGTACAAATTGAGAGCTTCCTTTCCTTGGGTATTGTTGAAAAAGTGGTTGTGCCTCCTACTAGCTACGCGTTAACATACGCACGGCTGGAGAAACCCTCGTTGTTTGTACCTAACCATTTGTACGAAAAATTCGCTCATCGACCATTGCCACTGGTTTTCTGGAAGAAACTCCTTGGACATTGGACGGTAGAAAAACTTAAAGAGGAAGAAGCTTTGGTTTTAGAACTGCATGTGCTTAGCAGTATGAAGCTCCCTGTGGATAGGAACATGCCCAGACAGGAGAAACCACCAACAACCTTGGAGGAGCTGCCACCCTACTTAAGAAACTTATTGGAAAAAGGCGAAAAAACCCTACTCGTCTTTCCGTCACTCCAGATGGCTCGAGGATTTGCAAGAGAAATACTCAAACACAAACTGCCAGCTATTCTGGATTCGGGTGGATACACAAAATTCCTACAAGAGACTTGTTCCTCCAAAGGCGGTGGACTAATCATAGGCACTCCCAGGTCTGTCTTAAGACCTTGGAATAATTTAATGCACATAATAACAGTCTTCGAAAAACCTGAGGATTTAGCAATAAGAACAGCAAGTCAAAGACTGCCACTTAGCAAGTTTATACCTAAAGACACTCAAGTTCATACTGTTTATCCACAACCAACCACAAAAGTGCAATTGGTGAGCATGGCAGGCAGAAAAGACGTGGAAGTGCTAGCCTACATAAAAGGTGTTCATGACCCCACAAAGAGGCAACTGTTTCTAGTTAACAGGTTGGGGTTTTCAACATCAGTGCAGTGTAAAAACTGCGGGTACATACTAACCTGTCCTGAGTGTGGTACTCCTCTTCGTTACCACCGAAGGAGTAAGCGGTTAGAATGTCATCGCTGCGGGTATATTGCCAGTATCCCTGACAAATGCCCCCGATGTGAAAGCTTGAGTTTGGAACCCAGCGGCCTTGGCATAGAACGATTGGAGCTTCAACTTGGAAAGAAAGCCTTAAGGTCGGTGAAAGACCTTGATCATAACACAGTGATCAGTACTACCAAAGTTTTTCGGTATTTGCCTAAAGGAATCTTTGATGAATCCTACTACATTTCAGCCGACGCAGATTTGTCCTCACCTGTGCTTATTCCTGAGAAAAAGTTTTTGAGGAACATCAATTACTTGA
CP001145.1_gap17	875376	876070	694	CATACAAGAACCCATTTGCTCCTAAGTAGGTAACTTGCCACAAACACTGCCGCAGTAAAAACAAATACAACTACGTCCACACCTCCAAGTTTGGTAACCTTGTATTTTGTCCTCTTAACACCAGGCAGATACCCCCTTACTTCCATAGCTACTGCCAAATCCTCTGCTTTCATGAATGCACTCACAAATAACGGAATAACAATGGGAACCAATTTTTCAATTCTTCTCAATACATTGCCACTCAAGTTAAGACCCCTAGCTTTTTGAGCCTTAAGTATGCGGTCAGCTTCGTCAGCCAAAACAGGAATAAACCGCAAAGCAATAGTCATGATTAAAGAGAATTCCTCCACGGGTACTTTTATGACTTCCAAAGGCCTTAGCAAAGTGTTCAAACCATCAGCAAGATCCACAGGAGACGTGGTTGCAGTAAGAACTGTGGATACAAATATGAGAAAGAACAATCTTAAACCAAAGAATATCCCAACTATGACACCTTCGGTCTTGAAAGCAATAGGTCCTAATCGGAAGAGAACCTCCTGCCCTGTCAGAAGCGCATTGAATACAAAAGTGAACAAAGCAAGAATGAAAACGGTCTTTGCACTTCTCGCATAGAACCGCAGAGGTACATTGGAAAGTATTATGAGCAAAGCCAGAGCACCGAACAGCACAGCTAAAACTGCAAAAGACTGAGAAA
CP001145.1_gap18	879209	882155	2946	GTCCACATTCAGCCATTCCAAGTTTGGACGACCTTCGTTCATTGCTATACTCTTCTGTACATCAGGGTTATCCTTCAGATCTTTGTCCAAGGTTATTCTGTCACCAGGTTTTACTAGGTAAGATGGGATGTCCACCCTCTTACCATTCACCATGACGTGACCATGCCTAACCCAATTTCGTGCCATTTTAATGCTGCTGGCAAATCCCATGCGCTGAACTACTGCATCTAAACGACGTTCCAGAAGTTGCAATAGAGCTGTGCCAGTTGCTACGCCTTTCTGAGACATAGCTGTCGAGAAGTACCTGCGCAGTTGCGTTTCCGTAATCATGTATGAATGTCTCAGTTTTTGCTTCTCCTTTAGACGCAAACCATACTCGGTATCTCTCTTACCTCTGCGGGTAGGTCCATGCTGTCCAGGTGGGAAAGCCCTTCTTTCCATGGGGCATTTTGGACTTAAGCACTTTTCGCCCTTCAGGAAAAGCTTAACGCCGGATCTACGGCATATCCTACAACTTGGTCCAGTATATTTCATATCCTTTTCTACCTCCTCGTTCCTATACCCTGCGGGCCTTAGGAGGCCTGCACCCGTTATGCGGTATGGGAGTTACATCCTTTATGGATTTAACATCCAAACCAACTGCCTGCAAGGCTCTTATGGCTGTCTCTCGCCCTGGGCCAGGTCCCTTTACGAAAACATCTATTTCCTTCATCCCGTAAGTCTGTTGAACTTTCTTTGCAACACTCTCCGATGCCAATTGAGCAGCATAAGGCGTGCCTTTCCTTGTTCCCTTGAAGAAAAACCCTCCAGAGGCCCAAGCAAGTACGGCACCGTTGGGATCAGTAATAGTTATGATGGTATTGTTAAAGGTTGAATGAATGTGCGCAACCCCATAGGGTACATATCTGCGTTCTTTCCTTTTTTTCTGAGCCACTTTTAAAACACCTCCACGATTAGTTTAAGACTATCTCTTTCCTTTTTTCGCACCCACAGTTTTACGTGGACCTTTTCTGGTTCTGGCATTGTGCCTTGTGCGTTGGCCTCTTACGGGAAGCCCTCTTTGATGCCTAATCCCACGGTAACACTTTATGTCCATGAGCCTTTTAATGTTCATGGCAACTTCACGTCTTAGATCGCCTTCCACTTTATAGTGAGCAGTGATATAGTCCTGAAGAGTGTTAATCTGCTCAGGTGTTAATTCACCAAGTTTCTGCATAGGATCAATACCCAAAGCTTCACAGATGTCCTCTGCTGTAGACTTACCGATTCCATAGATCCTTGGTAGTGCGAATACAATCCTCTTGTTATCTGGCAACTCAACTCCAACAATACGTGCCACCTAACTGCACCTCCTAACCTTGTCTCTGCTTGTGCTTCGGATTCTCGCAAATGACATACACACGGCCTTTCCTTCGCACAATTTGGCATTTGTCACAAATCTTTTTTACTGACGGACGAACTTTCACCTCAAGATCACTCCTTCTAAAGTCTGTAGACTATTCTTCCACGATCAGGATCGTAAGTAGAAATCTCCACCTTAACCTTGTCACCCGGTAAAATGCGTATAAAATTCATTCGCATTTTACCAGAAGTGTAAGCCGTAATGACTTTACCGCCAGGAAGCTGCACCTTAAAAGTTGCATTGGGCAGCTTCTCTAAAACGATCCCTTCAACTTCTATGACATCTTTCTTTTCAGACGACATTAATCATTCCCTCCGCGTGATAAATCACGCAAAAAACGCCTTATTTCTTCATCAGAAATACGTTCCACTTTTAACCCTACACCTTCCACGTGTTTTCTATTCTTTTTTTTGGACTTCCCAATAGGCCAATTTTCGCCGTCGCTCAAAAAAACGTACCTATCATTCTCAGCAACTACCACAAAAAACCGCCCTTTGGTGCGTCCGCTGACAGATTTTACCACATCACCCACAGAAATGTTACGTGTAATGCTATCAGTGTTACTCCTACACATGCGGCGTCAAAACCTCCGCGCCATCATCAGTGACTGCCACAGTAAACTCAAAGTGAGCCGCATTAGTGTGATCACAAGTTCTTACTGTCCAACCATCGGATTCGATGACCACACAACCACTACCTTCTGTGAACATGGGTTCTACAGCCAGGAACATATAAGGCTTTAGTACAGGACCAGTATGGGGACGCCCAAAATTCGGTATGGGAGGATCCTCGTGCAAATGTCGGCCAATACCATGGCCAGTAAAATCCCTTACAATGCCTACTCCAGCTTCTTGAGCCACTTTCTGTATTTGTGCCGAGATATCCCCGAGACGAATCCCGGGCTTTATTTTAGACACGCCACTTCGCAGAGCCTTCAGCGTAACATCTGAGAGCTTTTTCTTACCCTCTTGCACAGGCGGCAGAATGACTGTGAAAGCTGCATCGCTGTTCCACCCATCATAGATCAGACCCAAGTCAATACTAACTAATTGTCCAGGCAGCAGCGGTCTCTTGGAAGGTATGCCATGAATAACGACATCGTCCACTGATATACACACGGATGCCGGGAAACCACCATAGCCTTTAAATGAAGGTATGGAATTCAAAGACAAAATCAACTTCTCGGCTATGGCGTCTAGCTCCTCTCCTGTGATACCAGCGACTACTTCTTCTCTGAGTTTGTAGATAACCTCCGTAAGTCGCAGACCAGCTTCACGCATGTGCTTCAAAGCACTCTTGTCATAGACCATTCTTGAGCATCACTCTTTCCAGAAACTTGCTTATTTCAGGAGGTGTCTTTGTAGCATCAACGGCTACATATTTACCTCTCCTGCGGTAGTGCGACCTGAGTTCCGATGCGTAGGAGTCGTAGTCGGAAAGACGCTTCCTTATTACATCCTCGCTATCATCGGAGCGTTTTACCAAAATGCTACCATCATTAGGACACTTGCCTGGTTGATTGCCCACATATCCACAGGTGGGGC
CP001145.1_gap19	885036	889330	4294	TCATCGATGATTTGCGCATAGATGTGCCTGGAAGACCTGAACACGCAAAGCCTGGGCCTCTCAGCGGTCCCAGTTATGTGCTTTCTTATTCTCTTATGCCTTATCCTTCTTAGTTCTGCTCTAGATGTTTCCACTATCAAACTCATGCACCTCCCACATTACTTACCCTTACCAACTGCTTTACCTGGTTTCAAAGGTCTTTGCTCGCCTTCGTACCAAATACCTTTGCCCTTGTAAGCATCGGGGATTCTATATCTTCTAATATTTGCAGCAACCTGCGTTACCAACTGTTTGTCAATGCCACTAACAACCACTGTGTCAGCAGAAGGCACTTGAAACTGTATACCTTCAATGCTCTGGATAACCACGGGATGCGAGAAACCCAGTGACATCTGCAAATCCTTGCCTTTTAACTCGGCACGGTAACCCACACCACGAATCTTCAAGGTTACTGAAAACCCTTCACTTACTCCCGTAACCATGTTCTGTATTAGCGCACGGGTAGTGCCGTGAAGCGCTCTTACCTCTTTTTCTTCAGAGGTTCTCTCCACAATGATCTGGTCCTCAATAAGTGAGATTTTAATGCGGGGATCAAAGGTGCGAGTCAAAGTGCCCTTAGGTCCTTTCACCGTAACCGTACTACCGTCAATGGTGACGGTCACACCTTTTGGGACAACGACTGGTTTCTTACCTATTCTCGACATTTATGACCACCTCACCAAACGTAGCAGATTATTTGACCGCCGACACCTTTTTGACGTGCTTCAGCATCAGACAGTACACCAGCCGACGTAGTTAGAATGGCAATGCCTAGACCATTCATTACCTTTGGAATGTCATTCTTCTTAGCGTAAATTCTGCGTGACGGCACGCTTATGAGCCTGACTTCGTTAAGCACAGGTTGCTTTCCAGGGCCAAACTTGAGCTGCACACTGAGGTATTTCTTACCTTCCTTTTCTTCGATCTCGTAGCCCTTAATGTAGCCCTCGCGTACCAAAACTTTCAGTATTTCTTCTTGGTACTTGCCGTAAGGGATACCTTCCACCCTCTCTAACCGAGCATGGCTAGCATTCTTTAATCTTATGAACAAATCAGATATTGTATCTTGAACCATATCCATTTCACCTCACCAAGAAGCTTTCTTTAGACCTGGAATGGAACCCTTGTGAGCAAGTTCACGCAGACACAAACGACAAATCCCAAAGTCTCTGTAAACAGCCCTGGACCTGCCGCATATTTTGCATCTGGTGTACTTTCGAGTAGAAAACTTTGGTTCCTTCTCAGCTTTTATTTTCAGTGCTTTTCTGGCCATACTAACCTCCTTATTGTCCTCTATCGTTCCATGAATGGGAAACCCAGTGCCTTTAAAAGCTCAAAGGCTTCTTCGTCAGTTTTTGCCGTAGTGGTTATTGAAATACCCAATCCTCGAGTCTTATCGATCATGTCGTAAGAAATTTCTGGAAAAACCAAGTCTTCCAAAAGACCAAAATTGTAGTTACCTCTGCCATCAAAAGAACGTGGATTAAGCCCCCTAAAGTCACGTACCCTGGGAAGAACATCATTGATGAGGTGTTCCATGAAATTCCACATCTTATCCTTCCTCAAGGTAACACTGACCCCGATTGGAGCGCCCTTTCTCAGCTTAAATGCTGCTATGTTCTTCTTCGATCTCCTAACCAGTGGCTTTTGACCCGTTATGATCTCAAATTCTTTCGTAGTAACCTCAATAGCTCTTGGGTTTTGCAAAGCCTCTCCTAAGCCTCGGTTAAGTGTGACCTTTACCACCTTCGGCACCTGCATCGCATTCTTGTAACCAAACTTTTTCATCATGTATGGTCTAACTTCGGTTTCGTACTTTTCTTTCAAACTCATCGCTCAACCCTCCCAAAGCTTAATCCAGAACTTCGCCGCAGCGGACGCAAACGCGCACTTTCTTACCATCTTCTAAGAACTTATGGCCAATTCTGGTTGGTTTATCACATTTAGGACAAACTACCATGACCTTATTCGCCAGAATAGGTGCTTCAAACTTTTTCAGTCCGCCTTGTGGGTCCTTCTGTGTGGGCCTCGTTGCCTTCGTAACAATATTCACTCCTTGGACTACAACTTTATTCTCCTTTGGGAAAGCCTTAGTTACTTTGCCGCGTTTACCTTTTTCTTTGCCGCTTATAACTTCTACTAGGTCGCCCGTTTTTATGTTTAACTTCATGCTATTCGACCTCCACCACTACAACACTTCAGGGGCAAGTGAGATGATCTTCAAATACCCCTTCTCTCTGAGCTCACGAGCCACAGGCCCGAATACACGGGTTCCACTAGGCTCGCCAAGCTGGTCAATGATGACCGCCGCGTTGTCATCAAATTTGACGCACGTCCCATCGGGCCTCTTGATTTCCTTAGCCAAACGGACCACCACTGCTTTAACCACATCACCCTTCTTGAAATCGCTGTTCGGCAAAACTTCTCGGACATTAGCTACTACTATGTCACCGATGGTTCCGTAGGCCACCCTGGGACCTCTCAGTACTCGGATTACTTGAATGGTCTTCACTCCGGTATTATCTGCAACCTTAAGCTTCGTGTAAGGTCTGATCATCTTCTTCTACCTCCTCCTCCAGCTGCTTCCTACCAAGAACTTTTACTAAATTGAAGCGTTTTAGACGCGACATAGGCCTATACTCCTCAATAAGAACTATGTCTCCCTCTTTGGAGGCATTATTCTCGTCATGCACGTAGAATTTCGTAGTTCTACGCATCTCCTTCTTGTAAAGAGGATGTCTCTCCATGCGCTCTGTTATGACAACGCGGGTCTTGTCCATTTTATCCGACACAACAACGCCAACAAATCGACGCCTCATAGCTTTATTCCCCTCTCTCTTAGCACCGTAAGCACTCGTGCAATATCTCTTTTAGTCTTTGTAATTGCAGTATGATCTGTCAGCTTACCCACGGAAAGCTGAAATTTTAGATTCACCAATTTTGCCCTTAATTCTTTTAGCAGAGCTTCTAATTCTTCCGTTGTTTTTTCTCTTAATTCTGTCCCTTGCATGAGCTGCACCTTCCCTTACACACGACTAATTAACCTAACCTCGAAAGGTAGGCGGAATCCAATTAACCTAGCAATGTGCTTAGCTGTGTCTTCATCAACTCCGGTTAGCTCGAACATGATTCTTCCTGGCTTTACTGGGAAAATCCATTTCTCAGGATCTCCCTTTCCTCCACCCATTCTCACCTCGAGTGGTTTCTTAGTCCAAGCCACATCTGGGAATATTCTTATCCAGTACTTTCCAGTTTTTCCTATGTTCTTAGCCATGATGACACGGCAGGACTCAATCATGCGCGAATCAACATAGCCACGACCAACTGCCTGTATACCGTAGTCGCCGAAAGCCAGCTTCAGACCTCTGGTTTCTTTTCCCTTTATGTGCGGTAAATGGTTCTTTCTGTACTTAACACGTTTAGGCATTAGCATGTCTTTCTGGCCTCCTCTCTGCCCTTTCTAGGCCTCTCGGAGGTAGAAGTTCCTGTAAGTCCTCTACGTCTCCTTTGTAAATCCAACATTTAACACCAATGGTTCCGTATTTTGTTACGGCAATACTGTAGCCATAGTCCACATCGGATTTAAGCGTGGACAGAGGCAGTTTACCCTGAACGAACCATTCACGGCGAGCGATCTCAGCTCCACCAAGACGTCCGGAAACAGCAATCTTTATTCCCTGCGCACCTGAACGCATAGCTCTGCTTATTGCTTGTTTCATAGCCCTCTTGTAGCTAACACGCCGTTCTATTTGACGCGCTATGCTATCAGAAACAATTTGCGCATCTGTTTCTGGGTTCTTGACCTCGTAAATGGCTATCCTCACTTCGTAATCGTTCTTAAGTAGCTTTACGATTTCCTCTCTGAGCCTTTCAATTTCGGCACCCTGTTTTCCAATGATCATGCCAGGTCTTGCAGTCCAGATGATGACACGCATCTTGTTACCTAATCGCTCAATTTCCACAGAGGAAATCCCTGCATGACCGTAATGCTTGTTAATGAGCGTCCTGATCTTTTCGTCCTGGACGATGTATTCAGGGTACTTCTCGAAGGGTGCAACCCATCGGCTGCGCCAATTCTTTGTAACACCCAATCTAAAACCATAAGGATGTATTTTTTGACCCACTGTTCTTCTCCCCCTATCTTTCTTTAACGATGACGGTAATGTGACTCAAACGCCTTTTCATGATGTCCGCTCTACCAAAAGCCCGAGGATAATACCTCTTCAGCCTTGGCCCTTCGTCCACAAAAACACGA
CP001145.1_gap20	895330	898412	3082	TCCAGCATGTCTGAAGGAATGGGCCGCTCCTCGAAAGACGTACCCAGCACGTCAGTCCAGTAGTAAGCTTTCCTCTCGATAAGGTCTACAACACCTTGGAAGTTCTCTTCACTGCCTATCATGAGCTGCACCGGTACAGCATTGACGCCAAGTCTTTCTTTCATGGTGTTGATAGCTCTTAAAAAGTTTGCACCATTACGGTCCATCTTATTTACAAAAACAATACGCGGTACGCTGTATCGGTCAGCCTGACGCCACACGGTTTCGGTTTGTGGCTGCACTCCAGCAACTGCGTCTATGACCACCACAGCGCCATCAAGCACCCTAAGTGAACGTTCTACCTCAATTGTAAAGTCCACATGTCCGGGCGTATCAATGATGTTGATTCTATGATCCTTCCAAAAACATGTGGTAGCAGCAGCCATTATGGTTATGCCGCGTTCTTTCTCCTGTTCCATGAAGTCCATAGTAGCAGTCCCATCATGGACTTCACCCATTTTGTGACTCTTTCCAGTAAAGAATAGAATACGCTCCGTAGTTGTGGTTTTACCAGCATCTATGTGAGCTGCAATGCCAATGTTGCGTGTTTTCTCCAGCGTGTATTCTCTGTGATCCGCCATTAATTATCACCATCTCAAGTGAGCAAACGCCTTGTTAGCCTCTGCCATTCTATGGATCTCTTCCCGTCTCTTAGCGGCATAGCCCTGGCCCTTATAAGCGTCTACCAGCTCAGCAGCCAACTTCTTTTCCATTTCTCCAGCGCCTCTATCACGAGCACCGTTTACAATCCACCTTAGAGCCAAAGCCAAAGCACGCCTTTCGGGTACCTCCACAGGTATTTGATATACAGCGCCACCAATACGGCGCGATCTCGTTTCCACCAAAGGCTTTGTGTTCTCAATGGCCTTAGTAAGTACGGCAATGGGATCCTCATTGAGTTGCTCAGAAGCGATTCTGAGCGCCTCATACACGATTTTCTCAGCTTTTGACTTCTTACCACCAATCATTATCTTGTTTATTAGCTTTGCAACCAGCGTACTTCCATAAATGGGGTCAGCTGGTATGGTACGTGGTGTTGGACTTCCTCCTCTGGGCATGTCTTAGCTTCCTCCTTTTGGTCTCTTAGCGCCGTATTTGGAACGGCCCTGTCTTCTATCTTCCACTCCTGCAGCGTCATAAACACCTCGAACAATGTGATAACGCACACCTGGCAAGTCTTTGACACGTCCACCTCTGACAAGAACCACAGAGTGCTCCTGCAAGTTATGGCCAATACCAGGTATGTAAGCCAAAACCTCATACCCGTTAGACAAACGCACTCTGGCGATTTTCCTCAGAGCCGAGTTTGGCTTCTTCGGAGTCATGGTACGCACTACCAGGCAAACCCCCCTCTTCTGGGGGTTGCCCTCCAGTGCCTGCGACTTTGATTTAGTTTTTACTTTTTCGCGGCCATATTTGACCAACTGATTAAACGTCGGCAATACAAACACCTCCTGATTTGTCTCTAAGTAACATCACTTCAAAAGTGTACACCAATTTTCACTCTATGATAAAGTCTTCTTCCTTGTAGATACCTGTTCCAGCGGGTATCCTCCGAGCTATTATAACATTTTCTTTGAGACCTTTTAGCTTATCCACTTTACCAGCAATAGCTGCATCTACCAGTACTTGCGGTGTTTCCTGGAAGGAAGCCGCTGCAAGCCAGCTCTTAGAAGACTTTGACACCTTGGTCACACCCATGCAAAGCTGCCGACCTCTTGGAGCTTTCTTGCCTTGTAAAGTCCAGTACCTTACTTCCTGCTCGTAGTCAGTCCACTCCACTACATCACCGGGAAGCATTTCCACAGAATCTCCAGATTCATCAATGACCACTTTTGAGAACATTTGCCTGAGCACAATTTCAAAATGCTTGTCGTTGATCTCCACTTTTTGCGATGCATAAACACTCTTGATCTCACCTATGAGGTAGTCAGCTGCAGCGTTTTTACCGAATGCCCTAAGTAGAAGCGAAGCCTCAATGCTGTCAAACACAAGACGGTAACCAGGGAATAAGTACTTTGTACCCATGTCGTCAGGACGTATTCTAAGTTTTCTGGATTCGGCGTTGGTTACAAACGCCCCGAAGGAATCTCCCTGCTTCACCACGATTATGGTGAACAGCTCCTGTCCATGCTCAGTTACCGTGAAGGTTTCATGAACAACACCATCCATGGGTGCCATGGCGACCAATTTACCTTTCTTGGTAGGACGCTTAGCATCAATGTCAAACGCAAAATCCACATCCCCAACGTGTAAACTGTCCACGTAACTGGCATAGAAATTCTTAAGTTCTGCAGGGTCGTCACCCTTGATTCCAGCAGCCACAGCGATGTACCAAGGAACAATGGAGAGTTCAGTCCGTAATGTATTCTGCACGTTATCAAGTTTTTCACGGAAATGCCCACTAAGAGAACCAACGTGTTCTTCAAGCGAAGCGGCATGAAGCGCGTCCATGAAGATTCGTTCAAACTCTCCAGCCTTTCTCTCCAAAAGCTGATACAGCTCCTCCATCATTTCGTTTGCTCTGTTCAGGCTGGTTAGGTTAAGACCGTTCCAATCGTATCCCTGCATCAGCTCATGCCTCATCTGCAGCAATTTCTCATTGAGCAGATCAGACATGTCGGAGAACCAACTTCTTACAACCTTCTTCAGATTCTTTGCCGCATCTGGATCTTCTATTTCGTTAAGGTGTGCCTTCAATACATTATCCAGTTCACCGACAAAGGATTCCATGGCGTTAGACACGTACCGTTCAATCTTCTGTTCTGCGCCATCGAACACGGCGAAGAAATCCTGAAGTGGAAGCACGATGTCAGTCAATGCATTCTTCTTCCTTGCTTCGAAGAGCTCCTCTACTCTGGGCAAACCACCTGTGATGTCCTCTCCAGCAACACCACCTGTGTGGAACGTCCTAAGTGTTAGCTGAGTACCTGGCTCTCCAATAGACTGAGCAGCGACCACGCCCACACTTTCGCCTTTTTCCACCAATCTTCTTCTGGACAAGTCTCTACCGTAGCAAGTCACACATACGCCATCTTCACTG
CP001145.1_gap21	903561	906989	3428	CGCAGCCAACCCCAAGTGCAGCTCCAAAAGTTGACCTATGTTCATTCTGGAAGGAACACCCAGTGGGTTGAGCACGATGTCCACGGGTCTGCCATCTGGCAGGAAGGGCATATCCTCCTCGGGTAAAACTCTGGAAACCACTCCCTTGTTGCCGTGTCTACCAGACATCTTATCTCCAGGCTGGATTTTTCTCTTCTGTGCCACAAACACCTTCACAGCTTTTATCTTTCCTGTTTCGCTGTTTCGCAAAATCTGAGTATCAACAACGATTCCACCTTCAGCAGGTGGTACACGAAGAGATGTATCTTTAACTTTGTCCAGTTTTTCACCAAAAATGGCACTAAGCAGTTTCGTTTCAATGGATTTATCTTCTTCTTCTTTTGGGGTTACCTTACCAACCAAGATGTCACCAGGTTTGACCTCGGTACCCACCATAACAATACCGGTTTCAGGATCCAAGTATCTTTTCTCCTGCTCGGAGACGGAATCTGGTAAGTCGTAAGTGATCTCTTCAGATCTACCTCTGCTAAGCTCTGCCACTTCTACCATGTATTCGCGTATGTGCACTGAGGTAAACACATCATCCTTGACCAGACGCTTACTAATGAGTATGGCGTCTTCGTAGTTGTAACCTTCCCAAGGCATAAAAGCGACTAAAACGTTGCGGCCTAAAGCTAGTTCTCCATTATCAGAGGTTATGGCTTCAGCCAAAACATCGCCCTTCTTAACCTTCTGCCCTTGCTTTACCTTGGGTCGGAAATGAACCACCGTATCTTGGTTTGTTCTATCAAAAACTTTTAGTTGATAAGTCTTTTCATAGCCATCTTCTGCCTTAATCTTTACTTGTTTGCCATCCACATAAGAAACCGTGCCATCTTGATTCGCTTTTATGACATAATCCAAGGACTCCACCACATGCTTTTCCATACCTGTAGCCACAATGGGAGATTCAGCATTGATCAGTGGAACAGCTTGCCTCTGCATGTTGGAACCCATGAGCGCGCGTATGGCGTCGTCTGACTCCAAGAAAGGCACCAGTGAGGCGGAAATTGAGAATGGCTGAGTCACACTGACATCCATAAGTGTTATCTGATCCTTATCCACTGCAACCCATTGACTTCTGTGTCTGGCAAGTACTCTGTCCACGTTTATTTTTCTTCCATTTAACGGAGTGTCCGCTGGAACAATGTATTCCTTTTCCTCTTCCAAAGCGTCCATCCAAACGATTTCATCAGTTACTTCACCATTGACCACACGCCTATATGGTGTTATCAAGAACCCATGCTCGTTGAGCTTGGCATACGTCGCCAAAGATAGTATGAGTCCAATATTCTGTCCTTCTGGTGTCTCAATGGGGCACAGCCTACCATAGTGTGTATGATGAACGTCACGAACTTCAATACTGGCGTGCTCACGACTAAGTCCACCACGCCCCATGGCAGTCACACGACGCTTATGGGTTATTTCTGTTAACGGGTTCGTGTACTCCAAAAGCTGATGCACTTCAGATGGATTCACGAAACGCCAAACGTACTGAGTCAATATGTTCTGAGCCAAAACACGGTGTAGTTTGAGCTCAGGTTCTTTCTGCTGGTTAATCATCTCGTCTCTGGCTGTTTTAACCAAGCGCTCAAAGGCATTGGCAAATACCTCATAATAGAGCTCGCCAATAGCACGAACACGCCTGTTGCTAAGGTGGTCAATATCATCGGGCATGGTAGAGCCAATGCAGTAAGCCAGCAATATGCCGCCGAGTTCCGCGAGCATTTCATCGGTTAGAGAATCTTCCACTTTTATGCCATAACGGTGTTCAATGTGGTATGCACCCACACGACCAATTTGGTTTCTTTTTGGATCAAATAGTAATTGTCTGAATCGTCTTTCTGCTTCTCTTTCAGAAAGTGTTTCGCCTGTTCTTCTTTTTTCCAACTCAACAAAAGCGCTGCCTTGGAAGAACCTCTTTATAGGAACCTGCAAAGTCACAAAGTCACTTACTTTTCTTAAACTTTTGGCCAGTTCAGGATCTAATGCGCGTCCTTCAACGCTCTCCCCATCCACTTCCACATCATCGGCGATGACCCAACCTTCATAGGCTTTCATCTGACCGCGAACAGGAACTTTGACTTTAATGTCGTATTTACCTGATCTGACCATGGGAATCACATGCGACTTGAAGAATGTTTCTACATCTCTTGTGCTCATGGGTGAATTAGCGCGAACCACTACTGAGCCGTCTTTATCCAGAACATCCTCCAAAAGTTCAGTTTCTCTTAAAGCAGCAACAATTTGGTCCCACACAGTGGAAACCGTGAAAATGTTTATAGATGTATCCCCGTCAATGGTCTTATCAATTAACAGCTTGAGATTTTCGTCCACAATCGTTTTGAAAATGTTTAGTATCTCCAAACCACTATACTGAGAAGCATAGGATTCTGCGATTTCATCTAGGACGCTTTCTACATTGTATTCTTCCAATCTTTCCAAGAGTTGATCATCCACATCCAAGTTTTCAAGTACATTCCTAAACTCTGAAACGGTCTGTGCTGTAGAAGAATAATAACTGCGCAAGTAATTAAAGTAAGAAACAAGATTTTGTGACACAAACAGCTTCTTGTTGTCAAAACCAGCATCGTTTAGGAAAAACTCTATCCACTTTAAAGCACTGTCTTTAAGTCTTGTTCTAATCTCATCATCTGACATATAACCCAAAGCTCTAAGATACGTCGCCAAATTAAGCTTTTTGGAGCGCCTATCCAAAACAATGCTTAGTGGATTCTTACCATCATACTCAATATCGATCCAAGTTCCTCTTTGGGGTATGAGAGAAATTCTCCTAAGTGAACCATCTGCTTCCAAGTAAATTCCAGGTGACCTCACTAGCTGGTTCAGAGTTACCCTCCTAGAACCATTCACTATGAAATCCCCTGAATCTGTCATCCAAGGTATTCTTTTACCCAAAACGTGCTCTTTCTCTACTATTTCCCCTGTCTCGCTGTTGTGCACACGCACCTTTACAATGAGCCTTTTGGCATAAGTGGCGTGTTCCCTTATAGCGTCCTCTGGGGTATTGATGGGGTTGCCGGTTTCGTCAGCCACATCATTCTCAAAATAATAATCTAATATATCTATGCGCCAACGTCCCTTAGCATCCTCGATGGGAAAATACGTATTAAATAACTCTCGCAGACCTTCGGTGACAAACCAATTCCAGGAATTCTTCTTGGCTTCCAGGAAATCGGGATATGGAACCTCACTCAATGTTGGCTTACTGACCTTGCCGCTGACTTCCCATATTTTCTTTCTGGCAGTCAAAATGCATCACCCTCCAATAGAAGTGCCAATTGAAAATTATACCACGCACTACTCCCCCGGGCAACTTTTCGTTGAAACCAATGTTAAGAAACTAAAAATGGTGGCCCCAGGGGGAT
CP001145.1_gap22	909672	912317	2645	AAGGAGCTTGTAATCAGCTATGCGCCCAAGCAGGCCGCCTTTTTCCATTATGAGAACTCTTCTATAAATACGGTGGTTACCTAAATTGTGGGGTTCATAATAGAACTTTTTCAGCACTTCTTCATCCAAAAGGAGCTCAGAATTATTCATCCCCTCACCACTTTCATACACAAAGAATTCCTCCTGTGTAAAATTATACTCCACAATAGCTATTTAATAACACGTCAATATCCAATTTACATGTGCTTAGCATTGTGCCTTAAAGTGGATAAACAAAGAACGTTTATGGTAAAAACAATATATACAGGCTATAGGCTACTAACAAGGCCAAAGGAGGGGATGGCATTATGCGTATCACATATTTGGGTCACTCTTGCTTTTACATTGACTGGAACGGACAAAGAATAGTAACCGATCCTTACAACAAAGGCATGTTTGGTGAGGGGGGTTATGCCGCGCAAAATGTGGAGGCTGACATTGTTACGGTGAGCCACCACCATGATGACCACAACTACACGGGCGATCTAAAAGGAGAGTTTAAAGTTGTAGACAGACCTGGGAAGTACGTTTTTGGTAACCTAAACGTGGAAGGTCTCCTTAGCTCTCACGACAAACAAGGTGGTGCTCAAAGAGGAGAGAATATCATATTCAAGATGTCGGATGGCAAAACCACCTTAGCTCATTTGGGCGATTTAGGAAGGCCACTAAGCGAAAAAGAAGAGAAATTCTTGCAAGGAGTGAACATACTCATGGTTCCAGTAGGAGGTTTTTACACCATTGATGCAAATGAAGCGTATGACGTGGTCCAGAAAATACAGCCCAATATCGTACTGCCCATGCACTTCAAGACAGCAAAAACACAAACGTGGCCCATAACCGGCGTGGAAGATTTCCTAAGTCACTTCCCATCGAACATCATAAAATCTTTCCGTTCAGAGGTGGACATAAAAGAACTGCCCGGTCAAATGGAGGTCTGGCTGCTTAAGCCGAGCAGATGAATCTCGAGCCCACTGCCTATTTTAGTCGCGTTAGCGACATTCCTCTTGACATGTTAATAAGTGACGGTGTGGGTACTTTAGTTGTGGATGTGGACAACACACTGATGCCCTATGATGAAGACAACATTCCTGATGACATAGCTGAATGGATGCGCAAAGCAAAAAGGCATTTCACCGTTGTGGTCATAAGCAATACGAAACCTTACCGAGCAAAGATTATAAGGAAGACTTTACATGTACCAGCTTATGGAATGTGCATGAAACCGCTACCCATATCATGGCTGGTACTCAGAAGACGTGTGCCCAAAGATAAACCAGCTGTAGTCATAGGTGACCAGTTTTTCACTGACGGGCTTTACGCCAAATGGAACAACCTTAAATTCATAAAAGTGGAACCACTATCACCGAAGGATGCTACCCACACCAAAGTGACCCGTTGGTTAGAAAAGATTCTGTTCACCACCAACACAAAGCCGTCTGACTAAGGAAAAATTCGCTTTAGCAACGTTTCTTAAAGCGGAGCACCCCTGTTCTGAGGCAATATTTACTGCAACCTGTTGAGCTTCTCGGCTACTTCCCGCAGGCAGGTTATGCTCCTTAAGCCAATTAAGAAACGTTGCCCGAGCCACTACTGAAGCTGCAGCCACTGCTGGTATAACCTCTCCACGGTAAATAGGAACAAGCCCATGACTGCGTAGCTGCGCAGTAGCGCCAAAATCATCCACATAAAAAGGCCTGCAGTGGTCCAGCTCTTCATAAACGTTCAGATGAAGCTTAAGCAAAACAGCATTCATGTTCGAGGTTAGTTCATGGGGCAAAACTTGCTCAATTACAACCTGACATTTACTTTTGAAAAACTGCGCAAGCTTTTCCACAGCACCATTGGATAGCTCCTTGCTGTCAATGGCAAGGCGCATGGCCAATTGATCCTCCAAGAAAGTGCCTGCAACTACTAAGGGCCCAAATAGGTCTCCTTTACCAGCTTCATCAGATCCACCATGGGGCTTTATAGGAGTTAAAAAACCCACAATGAATCGTGCCAAAGCATGGTCTTCTGCATTTATGACTAGTTTTCTCTTGTACAGACTCAAGGTCACACCATTAATAACTAAGTTACTACCCTTCTTCTGAGCTCCCTCTTGAAGAAGGATTTTCTCCAACTTTTCTGCTTCTCCAGCATACAACCTTAGTACCATCTTGCCTCCTACCATACAAGTTACAATTATCTCATGTGGGTAAACGCTTTACTGTTTTTTGTTGTGGGCACCGTGGTAGGCTCTTTTCTCAATGTAGTAATTTACAGGCTTCCGCGAAATGAGAGCATTGCTTTCCCACCCAGCCACTGCCCCAAGTGCAATCACAAATTAGCCCCATGGGACCTCATTCCCATATTGTCATACCTGTTTTTGGAAGGCAGGTGCAGGTACTGCGGTGAGCCCATATCCTGGCAGTATCCCGTAGTTGAAACCATTACTGGCTTACTGTTCGCCGTGGCAAGTTTCCTACCTTTGCCAGAGATGATCTTTTTCATCATCTTTGTGTGCTTCTCCATAGCAATAAGCTGGATTGACCTGCAGACCATGCTCATCCCAGAAGTGCTCATCCTTCCGTTGATTGCAGTTCTCGTATTAAGTAGAACTTACACAT
CP001145.1_gap23	942608	945149	2541	TACGCAATACATTTCCTAAAGCTTCTTTCAACAAGGAATGGATAAGACAGCGGAAAAATGAAAGGAAACAAAGAATTGCTGTGGTCATACCAGCATTTAATGAAGAAGAAACTATTGCTGAAGTGGTGCAGTGCTACCTGCCCCTTAAAAAAGAAGGCATATTGGATCGCATCGTTGTAATAGACAACGATTCCACTGATGCCACCTTCAACATAGCAAGGCAGGCAGGGGCTGAGGTCTTTAGAAGTGGTGAAATTCATCCGGAACTGGGCGCTTTTCGTGGAAAAGGGGAAGCTCTGTGGAAATCCCTGTTTGTACTAAGTAACATTGACATTGTGGCGTTTCTCGACGCTGACATAAAGAACCCCACCGAAGACATGGTGCTGGGCACCATTGGACCTCTGGTTTTAAGAAGGGACATACAACTGGTTAAGGGCTACTTTAACCGAGGTGGACCTGAAGACAAAAACCTTAAAAGTGGTGGCGGCAGAGTAACAGAGATACTTGTTAGGCCACTGCTGAGTATGGAAATGCCTGAGCTACTGTTTTTGTTTCAGCCACTGTCAGGGTTTACAGCTGCTCGCACCTCCTTACTAAGGTCCATACCCTTTTACACGGGCTACGGCATAGAAATTGGTTTTCTCATACACACTGCTAAAAAGTTTGGCGTAAGTGCTATTGCCCAGAGCGACGTTGGATGGATTGTACACCGTAACCAAAGAATTGAAGCTTTAACGCGCATGAGCACGGAAGTATTGCAGGCTTTTCACGACGCTACGGAGACTGCTCAGGTGGAAACAGTGGAGCTGAAAACGTCACTGCTTTATGCCCTTCTTTCCAGCGAAAAGTACTCCTTGCTAAAGCGAAATATAACGCAGCTGCGTAGACCACCGGTAAATACTCTGCTGAAAAGCCTAAGCAGTGAACCTAATAAAGCTTATACGGATTCGCCTAACGCGTCTGCTCCTGATAACACAAGAAAAGATTCTTAAACAGACAAGCAGTAGTTACAGAACCCACTCCACCGGGCACAGGTGTGATGGCACGCACTAGTGGTTCCACGTTTTCACGATCTACGTCGCCCACCACCTTGCCGTCTTCCAATACGTTGGTGCCCACATCAATGACCACAGCACCCTCTTTTACATGATCTTTGGTAAGAAAATTGGGTTTACCTACTGCCACTACTACTAAGTCTGCTTGCCTTGATAAAGAGGGTAAATCCTTTGTGCGGCTGTGTGCCACAGTCACAGTGGCGTTGCGCTGCATGAGCTGTAAAAACGCTGGCAGACCTACCGCTTCGCTTCTACCTATGACCAGTGCGCTTGCTCCTTCCAAAGGCAACACGTTGTAGAAATCCAAAATACTTAGTACGGCTTGAGGAGTTGCCGGCACCAAATTACCTCTGCCTTGCGCCAGTTTCCCCAAATTCACTGGGTGCAGAGCATCTACATCCTTCTCGGGGGGTATGAGGTCAGAAGCTTGCCTAAAGTTCCACTCCTTTGGGAAAGGCTTTAGCAGTAGTATGCCATGAACCTGTGAATCCTTGCCCATGACAACAACACTTTGAGTAAGCTCCTGAAACTGTTCTACTTCGTTTACGCGAAGTTGAACATTTAGGCGCTGGGCTGCCTTGGAAAGGCCACTTAAGTAACCACCTGCATCGGAGCCCTTGTACTTAATAATGCCCAGCGTCAAATTCAGTGACGTCATGGGCTGAAGCTCTTCATAGATGGCATCTGCCACCGGTTTTCCTTTCATTATTAAGGCCATAAGCTTTCATCACCTCGCAAACAAGTTATATGCATGCATACATGCCTGTGCACAGCTAACTATGGCACAGGCACATTATTGCTTTGTAAAGAAAAACGCAAACAAAACATTTGCTTGCATGGATTCATTTTACAATCTTCAAAACACCCACAAAAGAAAGAAAGATAGATGTTAGGTAGCGCAAATACTCGTGTTTGTAAAGAGAAAAAGGAGCCCCCACCTCAGTGGGGGGTCTCCCTTACCAACGAACTTTTAACTCCTTATTGGCTTTTACCTCATCAAGGCGCCTAACAGGGGTGTCATGTGGAGCACTCAAAACCACATCAGGATTAGTAGCCGCTTCCTCCACAATCTCCTTTATGGCTTGCACAAAGGCATCTAAGTTTTCTTTTGTTTCCGTCTCAGTGGGTTCAATCATGAGTGCTTCTTTCACAATGAGCGGGAAATACATGGTTGGTGCATGAAAACCTTTATCCAGCAAACGTTTTGCAATATCCTGAGCTTTCACACCGTAGCGCTTTTTTACCTCTTCTGCTGTGGCAACATACTCGTGCTTACACAAACCAGGATAAGCTGTGGGCAGCGTATCCTCCATGGCAACGCGCATGTAGTTGGCATTCAAGACCGCCATGGTACCCACTTCGCGCAGTCCCGCTCCACCCAGGGATTTTATGTAAGCCAAAGCCTTTAAGGCAACTAAAATGTTCCCAAAATTGGAACGTACCTTGCCAATACTACGAGGCCTGTCATAATCCCAATGGTAGCTAC
CP001145.1_gap24	1061844	1066419	4575	GATCCACCACTGGCAGCCATAGGACAAACGGAAAAGGAAGCCACTCAAGCCGGAACAGCGGTAAAGACCTATACATTACCTTATCGTGCCTTGGGAGCCGCCGTGGCAAAGAACAGAACAGAAGGCTTCTGCAAATTCATCGTGGCAGCAGACACAGGAAAAGTGCGTGGCGTACAGATGGCGGGCGTGGGTGCCGATCTCATAATCAACGAAATGGCCGTAGTCCTTCAACAAAACATGACGGTTAAAGAACTATCTGAGGTCATTCATGCACACCCCACCTTATCAGAAGTAGCAAAAGAGTCTGCTTTCGCATTACTTGGCTACCCTATCAATACAATGTGAACCCATTAACAAAGATATTAAAAAAGGGCCCCCGTTGCGGGGGCCCTTTTTGCTAATTCCTCCATGGTACTAATGTTATCTACTTCACCAGTTTCGGTAGGTACTTCTCCAGTTGATCTAGACCATGTCTACCATTGCTAACTCGATTTAACTTTCACACACCTAAGCTCTTGACAAGTTTGCTGTATACTTCGTAAACCATATCGTTATTATTCTTTGGGACGGCTTCTGTGTTAGGCGAAGCGAAAATATTCAAATCGAAGCTCTTACCCTCTAACATCTTAGCAGTTTCACACAGCAGGGACATAGAGATAAAAACTGTTGCGAGTGTAGAAGTTGCACCAACTTTAGGCTTCCCATCCTCTACGGTGACCACGGCGTCTTCCAAAGGACAACAATTGTCAATCACCACGTCAGCTAAGTCAGCAAGTTTTCTTCCACTGGAGTGCATGGGTTTACTATGCCTGTAATTGTCCATGGAGGTAATAGCCACTACTTTCATCCCAAAGTCCTTTGCGTACATAGCAGCCTCTACTGGAGCAGCGTTCACGCCTCCATGCGAGTAAACTACAAAGGTGTCTTCTTTATAGAAGGTAAAGCTTTGAAGAAAGTTTCGAACGTACCCTTCTTGGCGTTCAATCCAAAGCAGTTCTCTTGCTCCACCTGGTCCAATCACATTGAACCAAACTAGTCTAGGATCAATCAAAGGGTGAAACCCCACGTAACTACCGTATCTTGGGAAGATGTCTAATGCTGGCAAAGCAGAATGACCACTGCCAAACAAATGGACTAAATGACCTCCACTTATGCTTTCAGCCATTAAGGTACTCGCTTTTTCAATGTTTTCTTTTTCCTTAGCTGAGATATTTCTCAATATCTCTAGTGCTTCATCCTGATACGTTTTTTGTGACAAATCAAACACCTTCTTTCTCTAAAAAATATGCAAAAGAACACCCACAAAACTCAGGACAACTAGGAAGCCCATCACCCACAACGGAGATTTTTTCTTAGCAGAAAGCAAGTACCAAACCAAGCCTACAACGCCTAAGGAGAGCAGCCCAGGAAATATGTTGTCCAATATATTCTGTAGCTCTATAACCATTTCTCCTGAAGTGAACTTTAAGGGAGTGCTGAGACTAACATAGCTTGCAGAGAGAGCCCCCATAACTAGCAGCCCTAACATCTTCAAGGCGTCTGTTAACGTTTCTATTTGTCCACTTTGCAAAATCTCTTGAAATCCACCAAGCCCAGCATTGTATCCCAGCCTAAATAAGTACCAGGAAAGCAATGCTATGACTGGTATATAAACAACAGCGTAGAATAGTGGGCCTGCAACCCCAGCCACGTTAGTGATACCGATAGCAATAGCCAAAAGAATAGGTATCAACGTCCCAGGAACAAGAGTATCACCGATGGCTGAAAGAGGGCCCATAAGAGCAACTTTCACAGCATTTATGGCGTCATCGGAGATATCAGCGCCGTTAGCTTTTTGTTCTTCCATAGCAGCTGTTATACCGTGAATTACAGTGCCTACTTGAGGCTCAACGTTGAATAGAACCATGTGCCTCTGTAGGGCCTCAACTTTTTCCTCTTTAGTTTCCCAAAGTTCATCAATTATGGGTAACATAGAATGGCAAAAAGCTATACCCTGCATACGTTCACCACTCTGAGAAGAACCGTTAAAAAAGAACCATGTTAGCCAAGACTTAAACAGTGCTTTTGGACTTAACTTCTTAACCTCATCAGTCCCGTTAGACATGCTGCCCACCTCCCTGGAACCTAAACAACAGCAGTGAGAACACTATTCCCATAACAGCCACCGCGATTATGGGTAAGTGGAGGTAAGTAACTAACATAAAACCTAGTACAAAAATACCAAGATATATCTTGTCTGTGACTATCATGTTTAGCAAAAGACCAATGCCCAACGCAGGTAACATCCCGCTAAGCACGTTAAGAAAACTTGTAACAAACGGTGGGATGATTGTGGAGAGGTTTTGAAGGAAGCCTTGACCATAATACAAGATTAGAAAAGCTGGTACAAACCTCATTAGAAAATTCACGACTTGAGCTCCAATATTCATAGCTTTTATACCGTCACCATTGCCTTCAGCAGCGTATTTATCAGCTCTGTGAGCAAAATAAACATTCACTACCCATATAATGTTCCAGATTGTTACACCGATCAGTCCAACTGTTACAGCAAGTGCTGAAGAAATCCCGGCTTCGGCACCGGAAAGTATTATCAAAGCTGGTGTCAAATATCCAATGTAGTCAACGTCAAAAGGCATGACAGCACCAGGAGTAATTACTCCAATGTACATTGCCTGAATTACTGTTCCAATTTCTAAAGCAGTTTTCATGTCGCCTAAAATCAGACCAACAAGAGCCGAAGCAACTAGCGGCCTACCAAGAGTGTAAAAGCCACCAGTTGTTCCGAAAAACCAAGGTGCTCCAATGGCACCCAGGTAAGACAGCAAAGCAATCAAACTTATCTTCCAAAGCACGGCTTTATCCCCCTTTTACGCCATTCAAACTGGCTTTTACATTTTTCCACGAGTACAAAGGTGTCTCGGGTAAAAGTTGGAAATCTACATCGATACCAGCATTTTCAATCTCCAACAAGCTCTCTATGTCTGAACGAGTTATGAATATGGTGTGAGTAACCTCGAATACCCCTTGAGATACGTCCCTCTTCTTAGCTACATTCCCGATGTTTACCCTCGCCGGTTTAAGGCCAGACCTAACAAGCTCCCAGGCCGCTGGAATGTACCTTACAATCACCATTATCTTCTCTTTCTCTCCGTCCATGGCCTCAACTACAGAAACAGCCTCTTCTAGACTACAAACTGCACATTTTACGCCTTTTGGTACTGCCATCGCCGCAATTGACTTAAGAGCTGGGTTCTTGGCTGTTTCATCATCCACCGCTACTACTGAAGTTGCATCTGTGTACCTTATCCACTTAGTTATAACCTGGCCATGGATAAGCCTATCATCTACCCTGATAAGTTTAACCAACCTTCCCCTCCTCCCTCGGACTAAGATCCACAGAGATAGAATACTTGTCACCCCTCAGAATTGAAACAGCGTATTCGAAAGCTATACCAGCTTGATCATAAGTTGTCCTCTTGACTAAAAAAGCTGCTGCATTAAGTTCTACTCCAAGCTTTTCAGCAGTAGTTTTACTTTTGATGTTTATCGCGCTATAAACTTCTGATGCCCTGTGAGGAGTAACACCGTACTTATCGCTTAGAATGGCGTACAACGACTGGCTATCGTCGAAAAAAGCTGGATTGAAATCGCTGAACAGTTTAGAAGGCAAATAGCTGGTTTGTAGTGCAATCGGTTCACCGTCGCCATACCTAAGCCTTTCTAGAACCCACACACTTTCACCTTCAGCCAGCCGTAGTCTTTCAGCTATTTCTCCAGACGCACTCTGTTGCTCTGATGTCAGCAATTCTGTCGTAAGTTTTATTCCCTTCTGCTTCATCTCTTCCGTAAAGCTTAAGAGAGTTAAAGTCCGTTGAATCTTAGGTCTTGCGACAAAAGTCCCTTTACCCTGAACGCGATACAAAACATCTTTTTGCACTAGATCAGATAAAGCCTTTTTTATTGTAGTAATACTGACGCCGAAAATCTTCTGCAACTCTGCCTCGCTGGGTAACCTGTCGCCTTCCTTGTACACTCCCTTCCTAATCGCATCTAGGATTTGAGATTCTACCTGGTAATAGAGTGGAACCGGCTGACTTCTGTTGATTACCAGTTGACCCACCTCCTTCTTCTGGGTTATCATGTCATAGTGTCAACGTGTTAACACTATGACTTCAACCTCATTTTACTCCATATCGGACTCTTTGTCAACAAAGAAAGTGTTTTTCTTTAAAGAAACGTACCCTAGAAGAGGGCCACAAAAGACAGTAAGCAGCAAAAAGTCTAGATTGTTTTATAAAAAAGAGCCCCCGCACTGGGGGCCCTTTTTACTAATTCCTCCATGGTACTAATGTTATCTACTTCACCAGTTTCGGTAGGTACTTCTCCAGTTGATCTAAACCGTACTTGATATCTTCCATGGATGCTGCATAGGACATACGCAGGTAGCCTTCTCCGGACTCTCCGAAAGAGGTGCCTGTTAGCACAGCTACCCCCGCTTCGTTAAGCAAGTACTCAGCTACTTCGTTTGAAGGCCTATTCAGTTTCTTTATGTTCAACCAAGCATAGAAAGCACCC
CP001145.1_gap25	1079815	1082423	2608	GAGGCGCACATTGAATTCGGAGCCGAACTGGGCTCTTATACCAGCCGCACACGAACCCGTTGACCCACCAGTTAGAATTGTTTTCTCCAGAAGCAAAATCTTACCAGCACCTCTTTTTGCTAGCTCATACGCTGTCGCTACACCTTGTATGCCACCACCTACTATGATCACGTCATAAGTCATAAGCTCGCCTCCTTCTCCAGGGCATTGAAAGGTACACTTCTTATGGGAGGCCTAACTACGGTTTTTCGCACGTAAAGCTTGGATATAGGCACATTTTTCACCATGGCCAATTCTCGAAACACTAGAAGTCTGCAAGTCTTGCCGCCACAAGGGCCCATACCGATTCTTAAATAACGTTTTAGTTTATCCCAAGAGTCATAACCTTCCTTTATGGCTTCTCTAAGTTCTCTGAGGGTGATATCCTCACATCTGCAAACTACAATGTTTTCTTCATTCATCCTTAATCATCTCCTTCTAAAGGAGCGCACGACAGGCAACAGTTCTCTTGGAATCTCCAGCGTCACCAAAGTAGTTTTGCTAGTTTTATCCAGAGAAGGGAGTTTAACTACGCGAACCACCTGGGCATCACAAACTTTCTTTCCATATCGATCAAGACCGTCCACTTTTTCTCCTTTTTCGGGAACGTTAATCATCTCGTAAGGTATGGTTACCTGTGCGTCGCCATTCTTCAAAGAAAGTAAGAATATGGCTAGCCCTGGGCAAGAAGCCACACAGTTGCCACAGCCAGTGCATTTATCAAAATCGATCACCGGCGGTGAGGTAAGTTTTTCCATGGAAATTGCGTGCACGGGACAAGATTCTACACATGGATTGCAAGGGATATCTTGATAGCATTCATGTACAGCCACAAATCCCTTAAGAAGGCGTTCTTCACTAGGGAAATTCCCCATGACATCATCTAAAGTGGGGACACCGTCCATCTCAAGCATTGCTATCACCTCTCATGCGTTCAATCCCCTCAAGCACTTTTCTACTTAGGGAGCTTTCCCTGAAACTACTAAGAGCCTGTAGGTATTCGTCAATCCAGTTTTCATTAATTGGAAAACCAAGCTCCTTTGCAGCTACTAAACCAGCGATACTTCCCGCTAAACTTGCAGTGGTAGCTTCCTCAATACCTCCTGCATCTCCAGCAACATAAATGCTTGGATTAGTAGTGTGACCCAACTCGTCATGCCACGGTACAAAGCCACCCAGCTCAGGAATATAAACTGTCTCAACCTGGAGCATTTGGAACAAATCCGCCATAGGCATTAATCCCACCGCCAGTGCCACTACATCAACCTTGTGATGCATTTCGCTGCCAGGAATTGGTTCCATGTTCTCACCAACTTCAACAGTAACGGCTTCTTCGACATGCTCACGGCCATAGACACCAAGTACCGTACGCTTTAACAAAAGGGGTACCCCTAACCTTTGAACCTTAGCAGCGTGTACCCAGTATGCACCGCCAAGCTTGGGTAATACGTCAATGATGGCATCCACATTAGCTCCTGCCTGAAGCAACTGGTAGGCTAATATGACGCCAACATTTCCACTGCCAACGATGAGAAAATTTTCACCTGGAAGCACACCATACTCGTTCATAAGGGTTTGGACCGCACCTGCACCCATTACTCCAGGCACGTCATTGTTTTCAAATAATATCATCCGCTCAGCAGCACCCGTGCAGACAACAACTTTTTTGGCAGATATCTTTACGTGATCCTCCCAAGAAGCAGCCAAGTACGTCTGATCTGGGTATGCACCTACTACTTCGTACCCCAACAAAGTCCTAATATTTGGTTGGGCATTCACCTGAGCTGCAAGCTGTTTCGCCAAGTTAAACCCACGGGTACCGGCACCTCGCTGGGCCCAACCAAAAAACTTGTGTGTCTGCTTGACCAATTGACCACCAAGTTTCTGAAATTTATCAACCAATAGGACCTGCGCCCCGCTCTCAGCTGCCGCCAATGCTGCGTTCATACCCGCTGGACCACCGCCTATTACCATGACGTCTGTTTGAATCATGGCATCATCCCCTTATCTCGTTGACGCTGCACAGTCATGCCTTCGGTAACAGGGGTAACACAAGCCCTCGTGTTGGGAACTCCGTTGATAACCATTAGACAACTACTGCAGTTTCCAATAGCACAAAAGAGTCCTCTGGGTCTATGTAGGTTCATACTCTCTCGTAAAACGTCAATACCGTTTGCAATCAGCGCTGAAGCAACAGTGTCTCCCTCATGCGCGATTATCTGGCGCCCTTCAAAGAAGATGGTAACCTCTTTAGTACTGGGGAATTCGAGAATAGGATGTTCTTGAATGCGACGCGACAAAATTTTCGCCTCCCCTTTCTTCCCTTAGTATTAATATTCTTATGGTAATAATTTAACACAAGCCTGGGCTAAGATGAGCTTCAATTTCCCAAACACATTAGTAAAGGCCAAGCAGATACGTGCAAGATTGAAAAAGAAAGTGACAAGCAGAGCACTACGTAAAAGATAAAGGAAGAAAGCGGGGCCTGTACTTAGCTAGGATAGCTTTCTTCCTTTGACAAGTCCACCCTAAGATGTCGTGTCATACGCAAACATACTGAGATCAGTCT
CP001145.1_gap26	1086349	1088529	2180	ATTGGCAAGGCTTCCTAAAATCAGTTTTGGAGGCCGAGCGTGGAGCCATCGAAGTTTACGAGAAACTTGTTGATTTCTTGCATGCGGGTAATGGCGACCCTGTCACTTTCCACGTTATAAGGCACATCCTGCAGGAAGAAATGGAGCACGAAGAAGAAGTAGAAACCCTTCTAGGACTCTAATCATAACGCCATTAAGAAAACGCCCCGCGACGACGGGGCGTTTTCTATTGAATGATTCAATCTATTAGGCAAGCCTTTCTAATCCTCATCACTAAACCAAGTTGGGTCAAACCATTCATTTACTCGCGGTCCTCCTGATTTCATTCGTTGGAGCACCAAATTGCTTATAGGAGTCCCTAAATTCGCCAAACGAATTTCTGTATCCCCTGAGCCTTGCAACACTTTTAGGGCATCGCTCATGATGTTTTCAAAATCTCCCAGCCATGGAGCATCATCGGGAACAGACAAAATAAGCTCATCCCATATATCCAGTTTTATACTAACAGCTATTAGTTGTTTCAGAATGAGCAGAGTGTCTCCGGAGTATGTCTTGAGTCTGTCAAGCACATGCTCCATGGTAGCTATGGCCACATCCAGGTCTTTTGTTCCCGATAGAATCCCGAGCAACGCATAAAGTCCGTTTTCACCAGGCAATTCTTTTAGCAGTTCCAAAGCTGCCTTTGGATATTTTGACCCGAGTTCTCGTCCCAAAGCCTGAGCCTGCTTCACAGTAAGCGTGTGTCCCTCTTTCTCCCAAAGCACCTCTTTAGCAAAATCAAAGTCTTTCCTTTTAACAACCTCGGAGATCAAAACAACAAAGAGGTTAAATCTGCCAGGACTCTTGACACTCTCTAGGTCGCTATAGACACTTCTAAGGTCGTCGCTAACGGAGAGTAGCTCTTTAAAAACCTCTAAAGCCTTTTCCTCATCTACACCTAGGTAAACCCTAAATGCTTTCTTCAAGTAGCTTATATCAGAGGTCCTTTTGTATAAAACCACATATAGATTCGCCAAATCCTTCGCAGAGATTAAGTCCTTAGTAGTAGCAAAATCCACCAATTCTCCTAATCTCGTAACTGGAAGGAATTGTGCTAATGCAATTACAAGTGGACCGATTTTCATTTTCCAATCGTACTTCTGTATGGCCGAAAAAATCTTTCCAGCCTCGTGCCGCCTTCTACTAAGAACATCCATCAATGAATAAAGCAGAACCAGATCCGAGCTTTCACCAAAAATGGCATCAGCGTCATTTTTGGCTCGTATAAGCCTTAGGTCTTCCACCAAAGAGTGAATATAAGCAACTCCAGCAGTCATACCGAGCACGGCTTGACGCTTCCAAATTTGCTTTATCAGTTCCACTATTCTATTGAGGATGGCATCAGGTATGTCCACTAAGCCGTAGTTAGCAAGCAGAGACAGCAATGCCTCAAAACGTGCCTCTAAATCTCTGTCGCCAACAGCTTCGCCAAGGCGTAATGCACTTATGTAGTCATCCTTTGGTTTTACAAAGGATTTCCTAAACTCATCCTTACGATTCTTCCAACTGTTTAGTAAAGATTCAATCGATACTTCCATATATTAAGTCTATCATAAAAACTCGACCTGAAAATAGAGGGGGTTACCAAATTACCAAGTTACGGGTGGGTAAAAAGCGATCTCATCACCGTCCTCGAAAACAAAACTAAGGTCCGAAATAACTCTCCCCCGGCAAAAAGCAAGAAAATCAGACTTAATACCTTCAGGCTCATCTAGAAGATATTTTGACAGACCTGGACAATTATGAGCCACCTTTAAAACCAAATCAGCGTAGTTAGAAGCTTCTAACTCTAAATCACCACAACCAAGCTCAGCAAAACCGCCCATAAAATGGACCTTCACTAAAGCCATCAAGACCCACCTCCTTGACAGAGATAGATCTTTTTAGCTCTTCAAACAAAGAGACATTTGTCTCTCCAATGGCTTCCGTGCTAACGCTACTGCTAGCAGCTGCTGAGCTCACTAACAATGCTTTTTTCCAGTCTTTCTCTGCCCAGTAAACATGTAGCAGATAGGCAAGAAAAATGTCTCCAGCGCCCACCGAATTAACGCAAGGTACCTGTGGTACTTCTGCCTTGAGTGCAAAACCATTTTCACTCTTAAAAAAAGCACCAGATTTCTCACACGTTATTCCCAAATTCC
CP001145.1_gap27	1098765	1103058	4293	GCAAGGTTGCACTTTTTACCTCCTTAACTTTGTATGACAACTAAGCAGCAATTACTTTATTAATAATAACATCAGCCAATGCCCACAGGGTTATAATAGCTCACGTATGAGTAGATTAATGCCCTGGATAAAGCGGATAATTGCCATAGTTTTAATTGTACTTCTTTGGCAAGCGCCATCTTTTAGTATGTCAGGATCCATCACCGGAGATGAGCAACAAGAAGCTTTCTACAGGGGCTCTGTGGAAGCGGTTGAACAAGTACTTCCACAGGAATCCAGTACAATACAACTTGTTTCGGTAAAAATCTCCGAGGGACCTTTAAAGGGGCAGGTTATATATGCGCAGAACATTTACGAAAGCTCCATGTACGGATCATTCTTAGTCTCGCCAGGAGATAAGGTCTTTGTTTACGTAATCATGGACAACGGAAAGGTAACTGATGCATACATTCAAGACCTAGACAGACTTTCTGGAACCATCTCAACCGTATTGATCTTTTCCTTGATAGTGCTCTTAATTGCTCATCTTAAAGGCCTGGATGCTTTGCTAGGGTTGTTTTTAACTGGATTGTTTATGTGGAAAATGTCTATTCCAATGATTGCTCACGGCGAAAACCCATTAGCAGTTGGAATCCTAACAGTCATTGTAGGCACAGTGGCTACTATAACCTTGGTTATGGACAGCTTGGATAAAATCATGCTCTCCAGTGCTGGTACAGTTTTAGGCGTAGTAAGTGCTTATGTGTTTGGGCTTGTGGCAGCAAAGATGACTTCCATTCACGGTATTACATCCGAGATCTTCTCTTTCTTTCAGTTTTCTGCACTGAAAAATGTTAACGCTTTAACTCTGTTTTTTAGTGCGATCATGATAGCAGCACTCGGCGCAGTCATGGATGTAGCAGTTTCTATTGTTTCCGCTGCTAGAGAACTTAAACTGCAAAATCCTGATATAAAATTCTTGGCACTTTTCTCCAGCTTGACCCGTATAGGACGAGACATGATCGGTACGATGGTCAACACACTCATCTTCGCATATGCCGGTTCTGAGTTAGGGCTCCTGGTGTATTTATACAGTTCTGGAGAGAATACCGCTTTTAAGTACATTACAGGAGAGTTTTTTGTGGGAGATGTAGTTAGAGCACTTTCAGCTTCAGCTGGCCTCATTCTGACGATACCTTTAACAGCTCTCATGGCAAGCCTTTTTTATGCAAAACACAAAGGCGTAGGCCGTGAAAAGTTTAAACACGTAGATTAGCCGTTCTACACGGTGGTACCCGAAAATACACACGAGTATTTCTGAAGAGTCCAATAAGAATTGTTCTGCTTTTTTCTTAGAGCAAGTACATTGTCGACATTGTTATACTATTTCACAACGCATACGACGGGAGCATGATCTGAAGGCTTCGGGTTACGTCTCTTCCTTATCTCTTCAACCACGTAGACATCCTCAATTGAGGGCATAAGTGTTTCACTAGAAAACACATAGTCGATACGCATACCCTGGTTTTTCCACATCCTACCTTGCCTGTAATCCCACCACGTAAATTGTACTTTTTCTGGATAAATCGCCCTAAAGACATCAACAAAGCCCACTGACAAAAGAGCTTTTAAGGCTTCCCTTTCTTCAGGAAAAGTTCCTACTGTATCTTTCAAGAGAATGGGGTCCCATACATCATTATCCTTCAGAGCAATATTAAAATCCCCTACAATTAGAACCTTCGGATATCTGCGTAAAAGCTCTTCCATACGCTTTGAGAACGCTTTGTACCACTGGATTTTTTGGAAAAACCTGGGGGAGCCACGAAGGTCACCATGGGGTGCGTAAACATTCACTATTAAGGTGTCGCCTAAAACTAGACCCAACGTTCGGCTTTCTACCTCTTCAAGAACAACCACAGGGACGCCTTCCTTGCGGGAACAAATAGATACTCCGTTGTAAGCCTTTTGTCCATTAACATAGCACTGATAATCCTTGAAAAAATCGTACGGGAAGAGGTCGTTTTCGCACTTTATCTCCTGCAAGCACAACACATCAGGAGCTTCCATCTGCATAAGCTCCGAGATAGAATCTAGACGCGCTCTTATACCATTTACATTAAAAGTGGCAACCTTCATACCTTCATACAAGTACTCTGGGTACTCTTGGATTAATGCTTGTCAAAACCTCATAGGGAATAGTCCCAACAAGCTGCGCCATCTCATCGGCCCAAAAATGCCCTCCTTCCCACTCCCCCATGAGAACAATCTCATCACCTACTGTAACATTCTTCGGAGCTTCAAACATTGTAAAATCCATTGTCACTGTCCCTATCTGCTGAAGGTTACCAGCTTTCGAACCGGCAATTGCCTTATTGCTTAGTTTTCTGTTATATCCATCGCCGTAGCCCACAGGAACAGTAACAACGTGAGTGGGCTCTGTTGCTCTCCAAGTCCAACCGTACGAGAGTCCTTCACCAGGTTCCAAGATATGCTCGTGAATGACACGAGCCTTTAGAGATAGCACAGGTTTTAAACCAGGATAACCATAGCCGTAAAGCGATATGCCAGGTCTGAAATGAGTGGCATAAGGAAACTTAGCGTTATAAAGTGATGCAGAATTGGACAAATGCACCATCAATCCCTCTGGTGCAATACTTAAAACCTCTCTAAACCTTTCTTCTTCGGTAGCCAACGCCTGCGAATCGGACAGCCCGTTTGATAGATGCGAACAAATGCCTTCCAACCTATTGCCAACCACCTTACATATTTCTCTTATCGTATTTGTCTCATACCACGGTACACCTTCACGGTGCATCCCAACGTCCACAAAAAGATGAAACTTAATAGGCAATTCCAGTAATCCGTCGCTAAGCCATTTTGAATCTGTTATGCAGAATCTAATACCTCTCTTCTCATATTCAGAGCACATGTTGGACAGAGGTGGATCGTCTAACACTAATATCCATTCTGCTCCAAACTCGGACAACATGAGTGCATCTTTTGCATAAACCACTGCAAACTTTGTTATACCATTTTTCAAAAGCTCTGGAACAACAACAGCAGCATCATGACCGTAAGCGTCGTCCTTGACCACCGCAATTGGTTCCAAGTCAGGTAGTTTTTGCCTTATGAGCTCCACATTGTTCTTCAAGTTCATTCTGGATACTTCAGCCCATTTATTCCACACTTCTAAATCCTCCTTCATTGACCAAACAAGAATTACAAAAAGTAGCGTTTCAAGAAATGCGTAAACTGTGTAGCTAAATAAGGATCAAACTGTGTACCGCTGCACCTTAGAATCTCTTCGATAGATTCTTGAATATTCTTACCTTTACGGTAAGGTCTATCAGTACTCATAGCGTCGAAGGAATCAGCGAGGGACAAGATCCTACCTTCCAATGGAATCTCTTCTCCCATAAGACCTTTGGGATATCCTTTACCGTCCCACCGTTCATGATGTGATTCTACCCACTTGGCGTATTTTCTAAGGGTTTCACTACCTTCCAAAATTTCTTCAGAAAACACGGGGTGTTTCTTCATCTCGGCGTATTCCTCAGGCGTCAAACTCCCCGGTTTCTTCAAAACAAAGTCAGGTATGCCCACCTTCCCAATATCGTGCAGGATACCAGCCCAGTAAATATCTTCGGAGGTGCTTCCTGTGTAACCAATAAAAGAAGCAAAATCAGAAGCTATCTTTGCTACCCTTTCAGAATGACCAGCCGTGTATGGATCCCTGTATTCCAAAGCCTTCACCAAAATGAGAATAATCTCCTTTAAGAACCTGTTTGCTGTTCGTTCGTGAACTTTCAAAGCTGTAAACGCACTAGCTAAACTGGTTAAAGATTCAAATAACTCAATGGATTGTTCATTGAAATCTACTTCCTCAAAACTATCGACAAAAACTGAACCATACCACTGCTTATTCACAATTAAGGGCGCAGCCAAAGATACTACAATGGGCGAAGGTCTAGCACTGCTAAATACTGCAGCAATCTCTGGGGGCATAGCACTGTCTCGAAGTTCTCTAACCACCTCCACTCCCTGAGGTCTGTAGACCCATTCAGGTCTAAGGTCCAGAGTGCTTAACAAGGAGCTATAGCCCCTGATTGCTCGGAACCGCACATAACCATCATCATCTCTTACCAATATCGAACCAGCTTGAGCCTCAGGAACCAGAGACAAAGCCAATTCCAGAAGGTAACTGTAAAAAGACTCGTCCTCAACATCTGGTCGCAGCTGCCCCATAAGTCCTAAAAGGCTTTTTTCTTTGGCTCTCATATCTTCCAGTTCTTTGTTCGCGTTCAAGATTTCCTC
CP001145.1_gap28	1190801	1193107	2306	CCACCTTGCCAGTGCAAGTTATTTACAGTAGCCCCCTTAAGAGAGCAAAAATCGTAGCACAAAGAGTGAGCCGCGCTACAGGACTGCCAATGTTCGAAGATACACGCATTATGGAAGTGAACTGTGGCAGGTGGGAAGGAAAAGTTGCTCAAACTCTGGCAATTGAAGAACCTGAACTATTCAGTTTGTGGAAATCAAACCCCTACGATTTTAGGATCCCTGGAGGAGAAAGCTATCAAGACGTCGAAAACCGTACTAGTGCCTTCTTAAAAGACATTATTAGTGATGAGAAAAACGCTTTAGTAGTTAGTCACGGCATTGCCATAACTACTATGCTCAGATTCGTACTCCAGATCCCTAAAGAGCATGTCCGCGTACTTCACATCGAGAATCTTGGGCTAGCAAAACTGGAAGTAGATGCAAACGCCATTGCATACACCATAGTAAACCCTGCGCTTGAACTTAAAGTGGCTTCTCTTTTGCAGCAAGTGTGAGACACTCATCAAACACTGTAAAAGGTGCCACACCACTCGGAGGTTCGGTATAATTTACCCATGAAGATATTCTTACTCAGACATCCAGAAACTGATTGGAACGGTGAATGGCGTTTTCAAGGTAGGACGGACATCCCGGTTAGCAAGAAAGGTAAAGAAGCCTTAGAAAAGGCTTTGCCAGTCTTATGCAAATTACCCATTGACATTATCTACACCAGTCCTTTACAAAGAGCCAGGATTGTTGCTGAAATGATCAATGAGAGAACAGGCATCCCGTTTGAAGTAGATGAAAGAATTATTGAAGCAAACTGCGGCGAGTGGGAAGGAAGAAAGGTTCCTGAACTTATGAAGGAAGAGCCAGATTTTATGGCAAAATGGTGGGCAAATCCTTATGCTGTTCCCATACCCGGAGGAGAAAGTTACCAAGACGTTGAGAAACGTACCAGTGCACTGTTGCAGGAAATCATCGCCAAGAACACGAACGCCTTGCTTGTGAGCCATGGCATTGCCATAACCACCATGCTCAGATATATATTGGAGCTTCCTTACGAAAAAACATCCATTCTGAGAATCGAAAACCTTGGACTCGCCAAAATTGAAGTAGATGACTTTGGAAAGGGATTTGTCATATCCAACCCAGCAGGTATTCTTGATTTGTTGTCCTTCCCTTTGTAGCTGCTGCCGTAGGCCCCTAGCGTAGCCACATTCTCACCTGTCGATTTGCGTTCCTTATCTCATACTAAGATCTTGACGAAACTGTAACTGTGTTTCCCTTTCTATTTGGTCTCACAGAAACATACCCCAAGTTCCTCTTTTTGAGGAAAACTTTAACCTTTTCCTACCTATTGCAGTGATGTTGTGTACAAAGTTGATAACCTTGCCAAATTGTTTTAACGTCCCAGACCTCTTCGCCCATTTTTGGGGTTAAAAAGCATACTATTTATCATTGTTCGTTAGCTTTCCCGTTATTACTCCTTTTCCACCACCACTGGCACCTTTCTCCCTGAACGCCTCAAAGTGCATGTTAGCATTCGGTCCTCCCATGGCGAAATACCCTTCTTGGTTCACGAGCACAATATCTTTATCCTTCTCATTACAGTACGCAGCTATTTGCTTCATACTTTGCATATCCAATGGTAGGTTTTTCCAAAAGACTTCATCGCTTTGAGCGATTTGGACTTTCACAAGTTCCAACAGATTCTTTTTCTCGAGTTCCAGCTGTTTCTTCTGCTCGAGCAGTTGGAATACCCTCTCTTCAACGTCCCCGGTAAGCAAATTCTTTAGTTTCTGCTCCCTTTCTATGTAATTCTTGGCTATGCGAGCTAACCGGATTCCAGCAGCAAAAATCACTCTGACATAGCGTGTGTTCTTCCTTTCCACCTTTAGTATGGCGAAACCGCCAACGTAGCCAGTATTGGTAACATGCGTACCGCCGCAGGCACACTTGTCAATCCCCTCGATTTCCACAATGCGAGGATGTTCATAGTCTGTGTGTTTCCTAAGCTTTTCATCGACTTCTTCAGTTACATACACACGTACTGGGATTTGCCTTAAGATAACTTCGTTAACCTGACGTTCTAGCTGTGCGTATTTTTCTGGATCCTCATCAGCACCAAGAAGTTCAATTTTTGACTCATCGTCAAAAATCGCAAAACCCTCTGAGGGCCATCCGTAAAGCTGCTCTGCCAAAGCCGAAAAAATATGCTGTGCCGTATGCTGCTGGCTCACTTCTAAGCGCCAAAGCTCGTCTATAACTACGTCAACTTCCACTTCTGTTTTTGGCACTTCACCTGATATGCTTCTAACCTTCCA
CP001145.1_gap29	1198512	1200209	1697	ACCCACTGCATCGCTACAAGCTGCCTTTATGTTAGCATCCACCACATCTTCAACAAACACAAAATCTCTGGTTTGAGTTCCGTCTCCGTTAATTACGGGGGTTTCGCCAGCAAGCATTTTTTCTAAGAAAATTGCAACTACGCCAGCTTCACCCTTCGTACTTTGCCCAGGTCCATACACATTGCTGTAACGGAGGGCCACGTAGGGCAAACCATGCACCACATGGTAATAATAAAGGTACTTCTCCACAGAAAACTTAGCCACACCGTAGGGCGATAAAGGATTAGGCTCAACGGTTTCTGGCGTAGGCAAAATATCCACATCGCCGTAAATAGCACCCCCAGTGGAAGAAAAAACAAACTTGACCTTGCTTATGTCTTCAGCACTTTCCACTAAGCTCTGCATGACATTTATGCTACCCAAAATGTTTATGGAAGCATCCTCCAACGGCTGCTGAAGGCTTCTCCGAAGGTTTATTTGAGCTGCCAGATGAAATACTACATCCGGCTTAAAATCCTTTATCACACGGCTAGCTTCCAAACTTCTAACATCTAAAGCTATGAGTTGAGCTCCCGAATCCACCTTTGATGCATCGCCCATGGATAAATCGTCTATGACGACTACTTCAGCTCCTTCTGCAACAAGCCTCTTTACTAAATGACTACCTATGAACCCTGCCCCACCCGTTACTAAAGCTCTCTTTTTCAAATTGTCCGACCTCCTAAGAACACTTTTTTAAAAGATCTCCTTGCACAAACGTTCATCAAGTTAAGTATAATTCAATATGCCGTGAATAATCAGCCATATTCCACAGGTTGCATTCCAAACGCCTAGCACTTAAGAAATATTCTCTCCTTTTATGCTGCGATAAAGCTTGGCGACCTCGTCATCAGTAACCTGTTGAAAATTCAAATAAAATTGGCCCACTGCCATGAAATCTTCTGGAATCAACAGAGCCTTAACCTCATCCGCAAGACCTCTTAATTCTTCAAAGGTTTCCGGTGAGATAACCGGTACGGCAACCACTATCTTTTGAGCATTGTTGTTCTTCACAAAGCTAATCGCGGCTTTCATGGTAGCGCCAGTTGCCACGCCATCGTCTGTGACAATAACAATCATACTATTCAAGTTCCCGTAGCTGGAGGAGCCCCTAATGTAATTTAGTTGATCACGCAGCTCGACTAATTTCCTCGCCTTTGTGCCCTCAATGTAATCATCGCTGACTCCATAATGTTCTTTTATCCACCGGTCCACGTATATGCTTCCGTCAGGCGCAACAGCCCCGACAGCCAATTCTGGATCAAAAGGAGCACCTATCTTCTTTATGCCCAGCACGTCCCACGGCAAACCAAGGCACCTGCTTAGCGTGTGCGCCAGCACAGCACCTCCACGTAATATGCCAAGTACAATGGTTTCGTCTCTGCTCTTGTACTCAGAAAGGATATCTGCCAACTTTTGAGCGGCGTCTGTTCTTGAGGTAAACAATGCTACCACCCCACTCTCTAGGTAATACAGGTAGTACAAGTTCATTTTAGTTTAAAACCCAACAAATCAAACTCAATTTCTACTGATATAATGCTAAGCGGAGAAAAATCGGAGGGAGCTATCGTATGAAAACATCTGATCTGACGCACATAGCCCTAGGTACAGCTTTTTTGTGTGTAGCTGCTCAAATCTCTTTGCCACTACCAGTTTTT
CP001145.1_gap30	1244446	1249223	4777	ACGCTCGGTAAGCTGGGACTTGTACCTGGTTACCCAGGCGTCGAAGTTTGTCCGCCACAGCCCATGCTTAAACAGACACGTAAAGTTCTTGAGGATTACAAGTCAAATGGAGGTAAGTACTACGAAGTCGTTGTCAAAGACGTGGCTCATTCTCCTCACATTGAAAAACCAGGAGAGTTTGTCGCCACGTTGAGGAATTTTATCTCGGACAACATGTAACTATTGGAGGTGGATTGTAAATGGAACAGCGGTACGCAAAAATACTGGCCACGGGCATGTATTTGCCTGAGAAAGTTATTTCTAATGAAGAACTCAGCGAACGCTATGGATTCGACGTAAGCACATATTTATCTGGAATCACCCTAAGGCATATTGCTGCCGAGAATGAATGCGCCTCAGATATGGGAGTAAAAGCAGCAGAAGCAGCTTTGGAAAAAGCCAACATGAAACCTGAAGATATTGACTTGCTTATAATGACAACTGACACTCCCGACTACGTTACACCGCCCACTGCACCTGCCATTGCTTACAAACTAGGCGCTTCAAATGCCGGAGCGTTCGACATAAACGGGGCATGCGCCGACGCCACCATTGGGCTCAGCATTGCGTCTCAGCATATTATGTTGGACAAAACCATAAACAATGTACTTGTGGTCGCCCCATATGCCATGTCTAAGTGGCTTGACTGGGACAACAAGGTGCTGGCCCCCATGCTTGGCGATGGCGCTTCAGCGGCCATAGTAACAGTGAGCAATGAGCCAGGTTACATCACTTCAACCATTGTGGCTGACGGACAGTACTGGGATGGATACGGTGTATATGTGGGGACAAAGTACCCAGTAACGAAGGAGATGGTGGAAAAGAAAGAACACTTACTCAGGTTCCACCCAAACTTTCACAAGTATCCACCTGATGTAAACTACGGCCACTGGCCTGACGTGATTAGGAAGAGTCTCAAAAAAGCTGGGTACACTGAGAAAGACCTAGATATGGTAATTCTTACCCAGGTTCGCCTAGCCGATATTGAACAGACCATGGAAAACCTAGGCTTACCACTTGAAAAAACACACTGGATTATGCATAAGTACGGGTATACAGGTTCTGCTTGTGCCTTCATGGCACTTGAAGACGCGCTAAATGAAGGAAAGATAAAGAAAGGTGACCTGGTAGCGTTCTGCACTTCAGGAGTGGGCTACGTAATGAGCTCTGCCTTGTTCAGGTGGGTATGAGTAAAACCAAGTAAAGGGGGAAAACGCATGGAACGTGTAAGAGACAAAGTCGTTATCATAACTGGAGCCAGTGGTGGTATCGGCAGAGAAACAGCACTAGCTGTGGCTCGCGAAGGAGGCCATGTAGCTCTATTTGACATTGACGAAACAAACTTAAAGCCACTTGAAGAAGAGATAAAGAACCTTGGCGTACAATGCAAATCCTACAAAGTAGATGTATCGAACTTTGAACAGGTCTCGAATGCAGTCGAACAAGTCATAAACGATTTCGGCAAAGTAGACGCCTTAACAAACATAGCTGGAATAACCAGGGATAACTTCTTAACCAAGATGCCTATCGAGGATTGGGACAGAGTCATAGCCGTAAATTTAACAGGTACTTTCTACTGTACCAAAGCAGTTGCCCCTCACATGATGGAACGAGGTTCCGGCTGCATAGTAAACATTTCTTCTGTAGTAGGAGTTTACGGCAACATTGGACAGACCAATTACGCAGCCAGTAAAGCAGGTGTAATTGGACTCACCAAAACTTGGGCTAAAGAGTTCGCAAAAAAGGGTATGAGAGTGAATGCTGTTGCACCAGGCTTTATAAAGACCCCCATGACTGACAAAGTACCTGAAAAAGTTCTCGACCAGATGATAGGTAAAACACCCATGGGGCGCATGGGCGAACCAAAGGAAGTCGCTAACGCGATTCTGTTCCTCATTTCTGACGAAGCTTCCTTCATTACCGGACATATCCTCCACGTCGACGGAGGATTGGTTCTCTGAAAAAGAGTAAAGAAGAAAGGCGGGAAAATAAAATGAAAAGAGTCTTAAAGACTCTGTTAGGAGAGAACTTCAGTAACTTAAAGAAACTGTTCGCCTCCCTTCTCGTAGTGGCACTCTGTATGGGCTTCCTTGTTGGAATTCCTAAAGCAAAAGCCCAAAAAGAGATGTTCTTGGTCATGGCGGTGGGGTTTAAATGGTATCAGCTTAACGGCATGAGCTATCAAATGGAAGTCGCTCCAGAGATCATAAATGCGAGAACATTTGTCCCCGTGAGGTTCATAGCCGAAGCATTCGGAGCAAATGTGGGATGGGATCCAGCAACCAAAACCGTGACCATCAAATCTGACGGAAAAACCATACAACTCACTATAGGCAAGACTTCGGCAACTGTGGACGGGAAAGCATACACCTTAGACGCTGCCCCCTACATAAAGAACTCTAGAACCATGGTACCCGTACGTTTCATCTCAGAGGCTTTGGGCCTTAATGTTTACTACGAAGCGCAAAAGAAAATGATCTATGTTAGTGCAAAACCAAGCTATGCCATCCCCGGGATCACTGACAAGGAAATCAAGATAGGTTCTTTTTCGGCACTATCTGGGCCATTAGCAGTAATTGGAATCCCATTTTATCACGGTTTACAATCCTACATCAACTGGATAAATGACCAGGGTGGTGTTAACGGAAGAAAAATAAAAGTGATCATTGCTGACGACCAAATGAATCCAGCGCTTACTGTTCCAGCAGTAAAGAAATTTGTTGAAGAAGATAAAGTATTCGCCGTAGTAGGCGGTCTTGGCACCCCAGGTTGCCTAGCAGTCATGGATTACCTCAATGAGAAAGGTGTTCCCTTCGTGTATCAAGGTGGTGGTGCTTCTGCCTTCGCCTATCCACCAAAGAAGTACGTCTTTGCAGTGCAGCCCAACTACATGACCGAAGGTCAAGCATTTGTGAAATTCGCTAGGCAAAACCTGAACACAAGTAAATTTGCGCTCCTGTACCAAAACGATGATGCCGGCAAAGAAGGTGCTCAGGGCGTACAAGAAGGCGTAAAGAAATATGGTGGAAGTCTGGTCTACTCATCCTCTTTCCCTGGCACAGAAACCGACTTCACTTCTTATTTAACCAGGATTAAGAATTCTGGTGCTGAAGTTATTTTCCTCTATGCACCTGCGAATACATCTGCTGGAGCAAACGCCGTTAAAACTGCAAAATCACTGGGTCTCACTCAGAAAATCATCCTGCCATATTCTTATGCGGGAATTACTGCCATGGCTGGCGATGCTGCTGAGGGCGTGTACATAACTGGTTGGGTGGACTTTTCCAACTTAAACGATCCTGGAGTACAAAAATTCTTCGAGATCTGGGGCAAGTATTATCCAAATGACGACCCACTCACCTTCTCTTATGCTGTTGCTGGCTTCGTAGCAGCAGAGATATTCGTGGAAGCGTTACGCAGAGCTGGGCAATATCCCACACGAGACGCCATAGTATGGGCGTTAGAAACATTCAATGGCTGGAACGGTTATGTGGCCAAAGACATTTCTTACGGACCTAATGAGCGCGCAGGTAAGTATTCACTTTATTTCATGACAGTGAAAAACAAGGAACTTGTAAAGATTAGCGATTGGATATCCGTGCGGGAGTAATTTAGTGAATACCCCAAACAGAATAGAGGGGGCTATAGCCCCCTCTGCACGGGAAAGCATAGCCATGCATGTGCATGATGACTTGAGGAAAGGAGATATTCATGCTAAGGATTGAAAACTTAACCGTGAAATTCCAAAGCCTTGTCGCTGTTAACAACTTATCCATGAAGGTAGAACAAGGAAATATTCATTCACTCATTGGGCCTAACGGCGCTGGCAAGACCACAGTTTTCAACGCAGTCTTCAAATTAGTTCCATACACGGGCAGAATAACTTTCCTCAACCAAGACCTCAGGATGAAGAGCACCCATGAATTACTATCCTTGGGTCTGTCGAGGACTTTCCAGAATCTGAACATCTTCTATTCCATGACTGTTGAAGAAAACATAAAAATGGGATTACACCCTTTCCTTGAAAGCCACCTTTACCAGGACCTACTTGGTTTCGATGTGTATTCTCAAAAAGAAGTCAACGACAAGATCTATGAAGTGGCTGCTCTTACTGGACTTCTACCCTATCTAAAAGCTTATCCCCTATTTCTTCCTTACGGTGTTCAAAAACTTGTGGAACTAGCAAGGGCATTGGTTTCAAATCCCAAATTGCTCTTGCTGGACGAACCAGCGGCTGGCTTAACTTCAGCTGAGAAGGAAAATCTAAAGAACTTGATGAAGGCCATTAAAGCAAAAGGTTTAACGGTTCTCATAGTGGAGCATGACATGGGTGTTGTTATGGACATATCTGATGTGGTTACGGTTATGAATTTTGGACAAAAAATAGCTGAAGGAAAGCCACAAGAAATTTCTGCTGATCCTCAAGTCATTGAAGCTTATTTGGGGGTGGACTAATGCTCAAGATCATAGACCTTACCACAGGATATGGACCCGTTGAAGTGCTTCACGACGTTAACCTGGATTTCAAAGACTCCCGCATTGTTACTGTATTAGGAGCTAATGGTGCTGGGAAATCAACATTAATTAAAACAATTTCAGGCATATTGAAACCTTGGAAAGGTTCGATATTATTTGACGGCAAAGACATCTCCAGAATGAGTACTTCGCAAATTGCCAAAATGGGAATAGTCCACGTACCAGAGGGACGGCACATCTTTCCGAACCTTACAGTAAGAGA
CP001145.1_gap31	1264596	1269112	4516	GGACATATGTTTCAATCCCTTGTAGGTAAGCTAGAAACTTTGCTTTTCAAAATGCCGAACGCAGACATAAGGCCGTTTCAATCCCTTGTAGGTAAGCTAGAAACATTTGCGAGAATGGTGCTTGCGATGTATTCACGATGTTTCAATCCCTTGTAGGTAAGCTAGAAACTACCTACACAACTGCTATGCTCACAAAACGACATGCCGGTTTCAATCCCTTGTAGGTAAGCTAGAAACTCTAAATTTTTTACACCTTCCTTACTCACGAAGTTTGTTTCAATCCCTTGTAGGTAAGCTAGAAACACTGAACCTTCACCGCGCCGAACTACCTCTTCATCGAGTTTCAATCCCTTGTAGGTAAGCTAGAAACATTTGCGAGAATGGTGCTTGCGATGTATTTGCAAATGGTGGTGAAGTTGCAGAATACTCTTCCATAGGACCGAGCTTAAATGGAGAAATACAGCCTGACTTGCTTGGTTACGTTGGTTATCCAGCTACGTTTATGCGGTATTACAACATGTTTGGTGGCACTTCCTGTTCAGCACCTTTTGCAGGTGCTGTAGCTACACTGGTTAAGCAGGCACACAAAGATTGGACTGCTGAACAAGTTAGAGCTTCTCTTATGAATACAGCAAGCGTCTTATACAACAAAGTTACTGGTGAGCCTATAAGCGTAATGATACAAGGTTCAGGCTTGATTGATGGAGTAGCTGCTGTAAAAACACCTGCTTTGATAAGTCCTTATGAAATAGATATGACTGCTACAGGCTTGCACCCTGTAGTATTGACAGTAAAGAACGTTAGCGATGCGACGCTAACATTTACAGTAACGGTGCAGCCTACTTTAGGTAACTTTGAATACGGTCAAAATGATGGTTTGACGCTGTCTTTAACAAGCAGTAGGATTATTGTCAGTCCACGCTTAAGTGCTACCTTAGGTTTAACAGCAAAAGCTGATTTAAGCAAACTTACCAAAGGATCACATGAAGCGCTCATTTGGTTTAGCAATGGCACTGCTACCTTACATGTGCCCATGCTTATATGGAATGATCTTAATACTATTTGGTGGGAAAGAAGCAATCCGTTTGATGCAGGTTACAACAGTAAGCTACCACCAAAGCTGATCAATGTCAGAGCTACTAAGCTACCTAACAGTAGTGATGTAGCCATAGATTTTACACTTAACAGAGGTTCTATCTCAGGTTCTTCATGGGGGTCCCCTGAGCCTTACTGGAGCAACTATGCCGATGAAATACGTGTAGACATCGTTAATCAAAGCGGTGCTACAGTTGCTACAGTGTTTGACAAAGGACACTTGCTTATAGGGCACTACAGAGCTGTATGGAATGGTAAAGACAGCAATGGTCAGCCTGTGCCTGCAGGTGAGTATAAGTATGTAATAACTGTAACAGACTACTTTACCAACTTTGATATTCCCATAATTGATACAGATACGCAGTATACAGGCTACATCACAGTAGGTAACAATGCTACATTAACGCCTTCTTTAACTGTAACAGCTTCTTCATTTGCTTATATTCCTGCTAATTACCAATCAAAAAACTCCTACAGTGCCTATCACACCTGCACCGCTTAGCATTATAGAACTGCAAATAGGCAACCCAGTATTTAAGCTGAACAATCAAGCTTTGCTTTTAGACAGCCCGCCTGTGATTAAAAATGACAGAACACTACTGCCTATAAGGGCTGTTGTAGAAGCTATGGGTGGACAAGTTAATTGGAACGCTGAAGAAAGACGTGTAGACATAGAATACAGAGGCAAAACTGTTACTTTGTGGATAGGTAAGAACACAGCAAAGGTTAATGGTAAGGAAGTAATGATAGATCCAAGTAATCCTAATGTAGTGCCAGAGATTATAAACGGACGCACCATGCTTCCTTTAAGGTTTGTAGCTGAAGCATTAGGTTGTGAAGTAAAGTGGGACGATGCTACTAAAACGATAACAATCCTCTTTCCCTCCTATTGATTAATAAAATGGAAGAAAACAACTTAAACATGATGTTTATGTCAAGTAAAGACAAAAACACTTTTTCTTATTGCTCATTTTTTATTAAGCTTGTAGACAGAACAGCACCTGTTACTGTAAGCTTTTCCGACTTTTTCCCAGCAAATGATTTGTTCACACTCAGCTTTAGTGGTAAAAGCATTGCAGATATTGTAAGTGCCTTCTACATACCTTAAAATGGTTTATTTTGTGGATCTATGAGCAGTATAAACCTGCTGTGCTAAATCGCTTTGCACAGTGCTAACAACTTCACTGTAAAAAGCTTCTAACTCTTCTTCAGTATTTAGGAATCGCTTAAATTTAGATTCGCTACCGTTCATTCTAATTATTATAATCAAATGAATGCTCGTGTAAAAATTAACACTGGGAATTTATAACATCCCAGTGTTTTTAAGCTCATCTTCAGACAGTTCCAGTTTACACACAAAACACCTGCCTACAGTTAAAAATTGCCCGCTCAGGTCGTCTTCCGATTCTGTATAAAGCTTAAGAACGCAAAAAGAAGCATTACCACAGGCAGGACATTCCATACTGTCACGTACAATCTCCCTTTCATCATAGGAAGAACGGATGTTTATTTTTTTCTTTCCTCAATTAATTCAGGATTTAGTTCGCTATATTCTTCCTTCTTTTCCCTTATTTTTTGGCTTAGGGTATCAGATTGCTGTCTTGTGAGTTCTTCTTCCTTTGCCTTAAGTTTCTCAAAAACAGTCTCATTAAAAATGTCTTCATATTTGTACGCATCAGATACTTCCTGAATCATTTCCCGGATAAAGGGTAATATTTCATTAAGAATAAACAAACCCTCATCTACAGGGTTAAAATAATACTCGAAATAGTGGACAATATTGTTACGCATGTTGCCTAATCGAACTAGGGCCGCTTTTCTTCTGTCCCGCTCTTCGCGAATTCTTTTCAATTCGTGCTTATCCGTAACAGCCTCGTCCTCTTCAATGTTTAGATTAAACATCGCTTCGTATCGTGAAATAACTTCATTGTACGGAATGGTAAGAAAGGTCTCGCGCCTTTCTTTACGGGTCATAAGGTTTTGTCTCGACTGGATATTTTTAACTTTATCCTGAAGCTTCTTAAACCTGACCAGGTGTTCTACACTGTTATTTTTATCCAGCACCAGCACATCGTCAAGCTCACATAAACGCTGTTTCATAAGCCGCTCAACGGCCACAGCAAATAGTACAACCGACAGCTCAAAATGCTCGCTGTCAATAAAATATCTCAGCGCTTCGGACAGGATAACCGAGGTGTGCATTACTCTCCAAACACCTCCCTGTCCAGAATCATTTTTATGGTCTGTTTTGCGTTTTCCTTTAGCCTTCTGATATTGGTCAGCGTTTCAAACTGAACGTTAAGGAAATCCACTATTTTCTGCTGTTTTTCAATTGGAGGAAGCGGAACTTTCAGTGAACTTATTATACTTTGTGATATATAGGGCTGACCTGTCACATTTGCATATTTTCCCAAATCTTTGCTCAGGAGAAAGTAATAAAGATATTTGGTTTTTAGTTTGTCCTTGTTGGTAACAGTAACAACAATAGCATTATCGGTTACCCAAATTGGCACATCATAATAATGCACATTTCCACAGTAAGCTCCAACTCTGCCAACCACAATAGTTTCACCAAACAGTAATTTATCGTTATTATCAGTATATCCATAAATACCGTTGCTACCACAAACTGGATATTTTCCTCTGTTAGAAACAAGCGTATTTGAGATGCTTATGCCATTTCGTAACGCTATTAGTTCACCTAACTCCACCCATTCCCAATCTCCTTCAAAAATACTGTCGTCGATTCCAGCTTCAAGAATGGTCTTTTCCATAGCATTGCACTGCTCAATAATAGCCTGCTGCTTGTCCAAGCGGGCAACCAGTTCCTGTTGAACGGGAAGAGGTGGGAGAGGGATTTGGATATTGGCCAGATCATTCGGGTAAACATGAGGTTGCCCTGCTCCTCGTTGGAGCTTATATAAATCTTCTTGACGCGATTTAAGTATATAAAAAATATATTTAGTTAATGCTTTTTCCTCATCATTAGACTTAATTGTTGTACAGTCGGAGGCAAATATTGGAATATCGAAATAGTTGACAAACCCAGCATAAGCACCTGAGGCACTGACGGTAATTATGTTGCCGTCTCTATTGCTTTGGTTATGGTAATATGCAGGCTCCTGTCCTCCAGCTATCACAGGTACATTACCTTCAACTGTATCAGCTTTAGTTATGGAAGTTCCTTTTTGAATATCACATATTTCCCTTAGACTAACAACCTCCCACTTTTGCTTTCCTTTTATCGTTTTTCTGTACAGCCCCGGGTTAAGGTTATAATCTTTCGTCTTGATTTCCTCAATCGTCGCCGTCCAGCAGAAATCATTATCTATAAAATCAGGCAGTTCCTTTGTTGGGTTATTAAGCCAATCTATCCATCTTCTAAACACTTCCACCGCTTTAGGCAGGTTCCCACAAGGCG
CP001145.1_gap32	1271318	1272013	695	TCCTTTCATCTGAACATAGAGAATTTTTGACTTTGTGGGCCTAGCCATTACCAGAACTTCGATGTCAGGGGCATCAATACCGGTGGATAGCATATCTACGGAAACGGCAATACGAATTTCACTGTCGATTTCCTGAAACTTTCTAATCAATTCAGAGGCGTTTCTCACCTGATTATGTATTACAACTATAAAGTCTTCTGCTTCGCTTGAGTCCTTTGGGAGTTTGTTCAGTTCGTTGTATTTTGTTATCAACGCATCGCGCAAATGATTGGCATGCGCTATGCTTGCCGCAAAAACCAGTGTCTTTGGAATCGTATGCGTCTGCTCATATCCTATCACTTCAAAATATTTTTCGGCTATTAATTCATTCCTTCGCGGGACATCCACACGTCTGCCAAGGTCTTCCGGCTCAAAGTCAAAACCCATGTCATGAATCCCACTGAGGTCTACATTGGTCAGGAACTTATATCTCTCGGTAAAAGCCAGTATGCCGTCTTTAACTCCCTGATAGTAGCTGTATCTGAATACCGGCTCTCCAAAATAATCGTCGGTACTCTGCGTTTCCTTATCAGAAGGAGTTGCTGTTAACCCTAAAACTTTGGCCTTGCCAGTCCTGAAATGCTCAATAACCGTGTGCCAATCTCCAAAATATGACCGATGGCACTCGTCAAGAATTACCAAGTCAAAAAAATTAT
CP001145.1_gap33	1324944	1329718	4774	CCCCCACTGGGAATACAAATGGCAGGATTTCTTGGGCAGAGAAAAGCAGAAGGTGTTCATGACGATCTTTACGCAAAAGCACTGTATTTGGAATTTGCCGAACACCAAAAGTTTTTCCTCATTGCGCTTGACACACTTGCCGTTTCTCTGGATTTCTCTCAAGCTGTTACTTCACAACTTGAGAGCCACACAGGCATTCCCAAAGACCATATTCTCATAGCTGCAACCCATACCCATTCAGGTCCTGAAGGGCTTCAAAGCACAAAACTCCTAACTCCTGATGGAAAAGTGCAGGCTGTGGGAAATATCGACAGCACTCTTTTTGAGTACACGGTGGAGCAGACTGTAAATAGTGCTTTGGAATCAATGAAAGATGTTAAATCAGGAAAGCTACTGTTTGGAGAATGCCCCTTTACTCAAAGGGTGTTTGGTAATCGCCGAGAGCTTAACACAGAGGAACTACTACCCACTTTCAAGATGCTAATAATACAGAGTGAAGACGGTAGCAAGGCATTGCTTTATAACTTCGGATGTCATCCCACCGTTTTACACGAGCAAAATCACTTAATAAGCGCTGATTTCCCTGGAACAGTTGCATCTTTGCTCACTGAGCAGGTAAATAACTTAAAGTTTGCCGTGTTCTTCAACGGCGCAGCAGGTGATGTCAGCACGCGCTTTTATCGGCAGAAATCCGATTTTGATGAGATAGAACGCGTCGCAAAGGTCGTACAAGACAGCTTGATAAGATGCATACCAAACACTAAAGAAATTGATTTAGACCCTGATAAGTTCCAAGCCATCACCATACCGGTTCAGTTGAAGATAAAGCAAATGCCACCCATGGATGTTCTTCGAAATATGCTAAGGCAGGCACAAGAAGAACTCCAGCGCGCCAGAGCAAGAGGAGAACAAAACCTTCGACCTTGGGAATCAAAGGTTGAAGGCATAGAGAGCTTAATAAGAACAAGCACTGCTGTAAATGGCGCTCAACTTATCCAAACAGCCTTACACATTCTGGATTTTGGAGAAGTAAGCTTTGTTGGTGTGCCAGGAGAGTTATTTTCCACATTGGGAAAGCAAATAGAAGAAGCACTAAAACCTAAGAAGGTTTTTGTTGTGGGGTATGCGTCTGATTACATTGGCTACATTCCCGACATGAGCGCCTATGATGAAGGTGGGTATGAAACCCTTTCCACCCTGCTGCAGCGTGGAGAAGGAGAAAGGATAGTTGAAATCATAATTGAGGCATTAAGAATGCCACCATCATAGTTAGCAACCATGTAGTAGCAAGGAGGTAAATACAGTGAACGAACAAGAATTTAGAATGTTAGCAGAAATCGAGGAAGTCCCTGAAGTACTAAGAAGGCTAATTGATCGGGAATCAGATAACGTTAAGGCAATTGCATCACGCATAAAACAGTATGCTCCAGAGTTCGCCTTGTTATCTGGCAGAGGTAGTTCAGACAACGCTTGCATTTATGGTCAGTATGCGTTTCAACTCATAGCGAACCTTCCTTCTGCGTTAAGTACTGGTTCTGTGTACACCCTGTACAAGAATCCACCTCATATATCCAAAGCTTTGGTAGTAGGCGTTTCGCAATCTGGAGAGACCGACGACGTATGTGAAACCGTAAAGCGTGCAGAAGAAGAAGGCGCTCTAACCGTTGGCATAGCAAATAACCAAGAGAGTACACTCTATAAACTAGCTGGTGAAAATGCCATCTACATGCAGGCGAACAAAGAGGAAAGTGTGTGCGCTACGAAAAGCTTTACCGCTTCTATGGCCTCTCTCCTCATGTTAGCTTATGCCTTGGCAGATAAACCCTTAGATGATGTATCGCTCCTTACTTCAGTAGAAACTATCTTAAGGCATAAAGAGCAAGTATCAGCCTTGGCACAAAGATACATGCTGGCACAGAACCTAGTGATTCTTGGCACAGGTCTTTCATACAGTGCCGCAAAGGAAACAGCTCTGAAACTTAAAGAGGCTTGTTACATAAATGCATGGGGCATGTCATCTGTGGACTTTTTGCATGGACCCATTGCCATTTTGAGCCACATGTCGCCCGTTATCATATTTGCACCAGCCGATGCCACATTACCTGCCAGCCTAAACGTCATAGAAAGGATTAAACAGGTGGGAGCACATGTGCTTGTAATTTCAGACAACGAAGAAGCTTTGAAGCTCGGTGATGCTTGGTTTGAACTGCCCTCTAACCATGACCTGCTCTATCCTTTCTCTGAAGTTACTTTTGCTCAGCTATTTGCGTTCTATTTGGCTCGCTTAAGAAACATTAACCCGGACAAACCTCGTTACCTAAGCAAGGTAACCCAGGTGGAACTGTGAGGATTGAAAACATGAAGATCAATTACGGTTTAGCTGGATTAGGAACCATAGCCAAAACCCACCTGCTTGGGCTTAGGAATTTACCTCTACTGAATGTTCCCGTGGATTTTAGCATTAACTTGAAAGCACTTTATAGCACTCACCCCATGGAAAACGTGGAAACAGCCAAAAGCTGCGGCTTTGCAGAGATAGTCGATACCATGGAGAAGCTAGTCTCGCTAGAAGATTTAGACGTAGTAGATATATGCACCCCGAATTTTCTCCACTGCCAGCAAACCTTATTGGCTGCTCAAGCAGGGAAACACATCTACTGTGAAAAGCCACTTGCAAACAATAGTGAACAGACAAAGCTCATGGTTGAAGAGGTTCAAAAGAGTAACGTCGTAAATCAAGTAGCATTCGTAATGCGGTTCAACCCAGCTGTGGCTTCCGCTCATGCTGCCATAAAACAAGGTGTTATTGGTCGCCCTTATGCTTTTCGTGGGGAACTGCTACACTCAAGCTACCTCATGCCAGAAAAAGCAATGACATGGAGATTACAAAAGAATAAAAGCGGTGGCGGTGCCTTGGCAGACCTCGGTATCCACTTAATAGACCTGGTTCGGTTCCTGCTTGGAGAAATTCATTCAGTAAGCTGCTTGACTGACACCATCGTAAAGCAGCGTAAAAACTCAGAAGGCATATTCCAGCAGGTAGATGTAGACGACTGGGCTTCTTTAAGCTTGCAGGTACAAGGCGACGTTAAGGGAACCATTGAGGCATCCCGGCTCGCCGTGGGCAACGATGCTAATCGTATGTGGATTTACGGTGACAAAGGCTCTCTGTTTATCGATTTGGACCACAACCCCTACTCCCCCATCTTTTATGATGAAAAAGGGCAACGCATTTACCCAGATTCCCGGTTCTTAGCTAACGATCCATTCTACAAAAGAATAGTAAAACTTTACCCAAACTCGAAGCTTTCTCAGGGTTTTATGGTAGACACGCACCTGACAAGTTTGCTTTGGTTCTTAAGCTCGGTAGCAGATGGAAAAATTTTAGATCATACCCCCACGTTTGAAGAAGGCCATCGCGCTCAGCTCGTTTTGGAAGCTGCTTACCAATCCAGCTCACAAAATGGCTCCTTCGTAGCTGTAAATCCCAATCAACCTTAGAAGGAGGTGGAAACAACATGAGAATCAGATGGCTTGGACATTCATGTTTCCTTATTGAAACAGGAAACGTGAAGATACTTACTGACCCTTACAACCCTTCCACTGGCTACAAAGCTTCCTTCCCCGAAGTGGATTTAGTCCTTGTGTCCCATGAACACGGCGATCATAACTGTGTTAAAAAAGTAAAAGCGTTCAAAAAAGTGCTTAAAGAAGGTACAGAAGAATTTGATGGGGTAAAGATCACCGCCATTCCCTACTTCCACGACAATGCCCAAGGAGCAAAAAGAGGCAAGATCTCTTTGTTCCGCATCGAAGCCGAAAATATGGTTTTGGCATTCTTAAGTGATTTAGGTACTCTGCTAACAGAAAAAGAACTCGAAGCGCTGGGCCAGCCTAATGTCATATTTCTACCCGTAGGGGGATTCTTCACAATTGGCCCTGATGAAGCATGGAAGGTCATTGACCAACTAAAACCTAACATTGCTATTCCCATGCACTACAAGACGAAGTATGCCAGCTTCTTTTTAAAAACTGTACTACGCGATCTTGATGCATTCGTCAAAGACCATCCTTATGAGCAACTGGACGTGCTGGAAATAACAAAAGAAAACTTACCAGAACCAACAAAAATAGTCTCTTTGAATTTCAATCCCATTTTAGAAAAAGCTTAGACCTTAGGTGATTAACATAATTCTGGTTTAGAATATTACACTGATGTTACCATTGGCAACTTCTATGCAAAGGAGCACTGACTGATGAATCCAAAAGTTAAGTTCTTGACGCTGACCGCGTTGCTTATCGCTGTGGGTGTTCTATTACCCATGGTTTTTCACATACTTTCTTTTGGTGGCCCCATGTTTTTACCAATGCACATACCCGTTTTAGTTGCTGGTTTTCTGCTGCCATGGCAGTTTGCCGCACTAGTTGGCATAACCACTCCACTTCTTAGCTTTTTCCTTACAGGAATGCCTCCAGTGCCCACGGTTTTTACAATGACCGCTGAACTATTCACTTATGGTATTACTACGTCGCTCTTATACAGAAACTTTAAGAAAAACACGTATGTTTCCATGATCTCAGCAATGCTCATAGGCAGATTGGTCTCTATCTTGGCAAACTGGATTCTTTTCAACTTTGTTCTTGGGCTACCATTCAAGCTAACAGCTTTTCTTTACAGCATGTTCGTCATAGGTCTACCTGGAATTGTTATTCAAATACTTACCATTCCTCCCTTGGTAACACTATTAGTGCATAGACAGGCGAACGTGCACGA
CP001145.1_gap34	1331879	1333070	1191	AAGTACCTGTACTTGCAGTACTTGGTTCTAGGCCTGGTCCTTCCACAGGTGTGCCTACTTACACAGAGCAAGGAGACCTGCGCTTTGCCATAAACCAGGGGCATGGAGAATTTCCTCGGGTGGTGGCTTCCCCTTACAGCATGGAAGAAGCTTTTTACCTTGCCGCTGAAATGCTTGGTCTGGTACAGGAATTCCAAACTTTGGGCATTTTGCTAACCGAAAAACATCTTGGTGAAAGCCGCATGACCGTGGATATAGACCCCACTAAAGCATATTGGGCAGAGCCTATCATGTATCAGGGCGGTGACGAGAAGTATTTGAGGTATAAGATAACAGAAGATGGCATATCTCCTCTGCTTTTCCCACCTTCTGACCAAGTGATAAAGTTTACCAGCTATGAACATGATGAATACGGCGTTTCCACCGAAGACCCACAGATGATAGCGAAAATGCATGAAAAACGTGCCAAAAAACAAGAGACACTGGTGCAGAAGCTTATGCAGATGCACACCGTAAACGTATTTGGACATGGTGAACCAGTCATCTTTACCTACGGTTCCACAACCATGTCAGTGCTGGAAGCACTGCAGTGTGCTAATTTGGAAGCAACAGTGGTTCAGCCTATTTACTTAGAACCGTTCCCTACGTGGGAATTTGAAAAATTCAAAAATGTTAACCCCATCGTAGTAGAGCAAAGCGTTATGGGAGCTTTTGAAACCCTGATAAAAGAGAAAACGGGCATAAAAGCTAAAGCTTCCATTAGGAAATACGACGGAAGACCCTTTGATCCAGAAGAACTCGCCCAGCAAATAAAGGAGGTGATATAGTATGCCTGATGACCTGACCACTTATGCAGAAAACACATGGTGTCCAGGATGTGGTAACTTCGGCATTTTCAATGCGTTCAAGAATGCTGTTAGAAGATTAGAACAAGAGGACGGCATAAGCAGAAATAACATTCTCATCACCGCTGGAATAGGTTGTCACGCAAAGATTTTCGACTACTTGGATCTGTCAGGTTTTTATTCCCTACATGGCAGAGAAATAGCCACAGCTCAGGGCATGAAACTGGCTAACCCCTCGGTTACCGTTGTTGCTTTTGCCGGTGATGGTGACGCTTTCGGGGAAGGCATCGAACACCTCATTTTTGCAGCCAAGAGAAACGCTGATATAACAGTAATAATACATGAT
CP001145.1_gap35	1335957	1340531	4574	TGAAGGTGCAGGCGCAGCAGACTCACGCTACTTCACACCCCTAGGTGTGAAAGCTATCGATTTTGGACCCAAAGGCGGGAACGTGCATGGACCCAATGAATACGTTGAAGTATCTTCACTGAAAAAACTACCTCACGTTTACGTGCAAATTATTGATAAACTTCTAAGCTTGTAGTAAAAAAGCCATACCACATTTTGTGGAGCCAGCCAAAGCAACACTCCTGCTGGCTCCTTTTGCATTACAATACTGCTATGTGGTGGTTCTTGATTGGTTTGGCAGTGGGCATAGTCATCCTACTGTTCTTCAGGTTGGCTTTTGAGCGAGACCTAGAAAGAACACGAAGAGAACTCTACCAGCAATATGAAAACCAGTTACGTGAAAATCAACTCCGCGCGGAAGCATACTGGAAGGCGCAATTTGAAGACTGGAAAAGCCGAGAAATAGAGACCTTGAAGCAGTCCATAGATCAGCAGTATAAAGCAGCCCTGGAACAGTGGAAGCTGGAAGTGGAAGAAGAAATTAGGCAAGATGCCACTAAACGTAGCAAATCAGTCATGCTGGGTCAAATAACAGAGCATCTGGTACCTTTTTTGCCTGACTTCAAGTACAACCCAAAAGACGCTCGCTTCTTAGGAACGCCCGTGGATCTGATCGTGTTTGACGGCCTTAGTGACGGACAGTTGAAACAGGTTGTGTTCATTGAAGTGAAAAGTGGTAGTTCTAAACAACTTACTCAGCGAGAAAGACAAGTTCGCGACATCATCTTGGACAAGCACGTTTGCTGGGAACTATTCTACCAACCGTCCACAGAGTTACTCACACAAGAAAACCAGATCACCTTCGACATTGACATTTTCAGTGATACGGATAATGACGCTGGCGAGAATCCTACGGAACTATGACCTCTTCATTCCTTGTTATTTCGCTGGGCAGTCCAAAATGGCCCCAATATTCTTCTATGGAATATCCGTCTATTTCGCCTTGTGTCTTACCTTCAATACTGAGCTTTACCCTTTGAATTTCTGAAAATTCAGTCAATGTATTGCCTATGGCGTTAATACTCATAGCTTCGCCACCAGCAGACACAGGACAGTATTTGTAAGCCTCTGTTATCGCTTCCCGGCTTAAATCCACATAAGCTGTACCGTTTTCCACAGTAAACCCCAGTATGCGAGTGGTTGGAGGTAATGGCATACCCATACTTAAATCTTCGGGTCCCTCAATAAGTGATTCTAAAGCTCTAAGCGGCTTGTTCTCGTCCACCACATAATGCTCTTCAGCTTTAACAGCCCAGTCAGGATCGGCCACAATGAAATAAACCTTCACAGGAACCAGCTTTACAGGTATGGACCTATCACGGTTATACTCTTTAACCAGGTTCAGAAAGGTGTCGGTCTTATCACCCAAAGCAGCTCTAATCACATCCACAGCTGATGCAGTAGTACTTTTCAGTTCCGAAGCAATAGCGCTCTCAGCCAACCCCTCCTGTGTCAAAGCCTTCCTTTGCGAAAGCTCAGCCTTCAGTGCGAGCTGCACCACCTCTTGCTGCGTTGCAGTAAGCTCCAACTCTTTGGAAATGTTGTTGACATAAATAGAATCCATGTTGGACAAGTAACCAGGCTTTATGCTGGAACCGAAAAACCCCGTGCCATATCTGGAATACAAGAAACCCGCAGCAAAGCCAACTACGACAACCAAGATTACTATTAATATCCAGCGTGCCGCACTCCCTCTCACGCTACTGCTTTTCTTTGCCATGGTGGTGCACCTCCAACGCATTAGATAAAAACTACAGAACTTGCAGCCTTTCTCTCTCTTGTTACAGTAGAATATTAACATGAACTTAATTGAACACTACGGCCTTAAAGACGTCTATCTAACCGTCATACCAAAGCTAAATCGGGACAAAGAAGCAGGAACTCTGTGGAGCCATTCCTTGGATGTGGCGGAGCGTTTTAGAGAGCTCACTGAAAAACTATGGCGTCCGCCTGTGGGCCCAGACGCTCACCGTGTTCTACGTTACAGCCTTGATATGATGCAGAGTTTAGTGTACCTACATGATGTAGGTAAAATCGATGCACGTTTCCAAGAGCAGTTGAAAAACGGCGAGCTCATCTCCAGACACACTCTTTTGGGCTTGAATCTTGTGGTAGACGCCGCAGAAAAGCTTTCACAAAACTATCCGAAGGACTTTAGACCCACGCTGGTTTATCTAACATCCTTGGCCACCACGCTGCACCATGCTCCACTAATGAGAACCACCTTTACTAATGTTAAAGAACACCCTGACGCAAGCCTTTTGCCTGCGCACCTAAGAAGTTTGTGGGAAGAAGAGCTTAGCCAAACCATAAATCGTCTTAAACAATACAGAAAACAACTTATGATAAGCGGGTGGGAACTTCACTGGGTCTACACCTATCTCAATGGTCTTGTAGCTTTGGCTGATGAAACCTCCAGCGCTCATTATCCTTTGACCTTTTCTCACACATTCTACGTAGACTATCAAGTACCTGATCAGCCCTGCACCCATGAAGTCGGTGTATACGCTCCACAGTTATGGGCAAGACAGCTAAAGAAAGGCGTCCTTACTCCATCAGTTAGCGAAGCATTCCGATTGATGCAACCACGCATTTACACCAGCTTCTATGACATACTTCCTTTTACAATGGGCTTAGGAAAGTACAACGTAAGAATGCTCAGCTTGCTGGGCAGTACCGTTTACACCCCAAGAAAAGACTGGGCAGCATTGTTCTCAGACCTATTTAGAGCCCGAGTTATTATCACAAACCCGGCAAGGGGCCCTATAAACATTGTGCGTGCCGAGGATTACGAGAACAAACTCCCCTATTACTTACAAAGCAACGATGAAGAAACAGACGAAGTAGACGAATGGACTGTGGTTACACAAGACTACAACGACTTAGTGCCGCCATATGATTGGCTATCACTGGTGAAAAAAGTTTGGAATCAACTTGGAGAGTACGCACTAATGAACATGGGAGTGCATAACATCAAACAGCCATTTATTAAAGCTGACGTAATCCAACCCAAAGATCACATTCACAATTTAAGAAAACAGCTCCCTGAGCACATAAAGCTTTGGCCCAAGGTCCCGTTAGAAACCTTGGTTAACAAACTTGCCAGCACCCCAGTCCCACTTTATGAGGCGACCAAGGGCGCCATCATTAATGAATCCCACATACTGCTTAAGCAAAGTAACCGCGTAAGCAGGTAGCAAAACAGTTTGCTTTAATTTACTGTCGCCGCTTATAAACATAGTCATAAAGCCCTTTTTCTTTCAACCACTCAAGGACGTCCGACGCCAGCCATTCTAGTGGCACAGCAGGCTCTTTCGGATTAAGAAAGTTCTTTTGTTAGCTAAACACTCAGTAGGTACGTGGACCAAAATTACCTTAGTTCTTTCTTCATTCTATGGAAGTGGAGAACCACTTCCTGAGTCAAATTTACTGAAAACGTTCTTTCTATTCTATAACCGCGCTTTTGGTAAAAACGAACTGCATTTTCGTTTTCTGTTTCCACGTCCAGGCAGATAAACTTCGCACCGCACGAAACTGCGTCCTCTTCAGCGCGCTTCATTAATGCTGTGCCTACACCCCGTGTTTGCACTTGCTGATAAACAGCCAAGAAGGCTATGTAATAGTCTTCACGCGAAATTCTACTAACCTGTGCATCCAATTTGAGAAGTGCTGGCAGGGCTTTGAAAAACTGAAGTCCCAAGTGCTTGATCATGAGGTAACCGGTACTCAGCTGTTCGTTCTGTTTAGTTTGCCAATCGTAGCCCACTACCAATCCAAGGATGTCATCACCATCTTGAGCAAACAAGCAATGAGAGAAGCTGAACAAATTCCTATCATGCTCGTACAACAGCTGCAAAAGCTCCACTGCCCTTTTTTCTCCGAACAACTTTGAGAAAAATGGAGCTGCAAGTAGCACCAGCTCAGAGAAATGGTTCTTGTCTTCCAAAGTTCCTTTCCTGACAACCATCAACTTCTCCAGTGTTTGTTAACTAATACTAGTATGAGAGCTAGATAGTCTGACCATATATAATTGAAACATGCTGCTTCTAGGCGCACATACTTTTTCAAAAGGGCTATTTGTCCTGTGAGTAACCCCAATTACAAAATTCCGATAAAGGAATGGATTGTTTCTGAACGCCCCAGAGAGCTGCTTCTTTCTAAAGGACCTGAGCACCTGCCTGATGCAAAACTGCTCGCTATCATACTACGTACGGGCAATAAAGAGGAAACAGCGGAAGATTTGGCACGACGCCTGCTGAACACCTTTGGTGGCTTCACTGGACTGTACCGAGCCAGCGTAGAAGAACTTCTACAAATCAAGGGAATGGGAAAAGCCAAAGCCGCTCAAGTAAAGGCGGCATTGGAAATAGGTAAGCGGTTTCTCCAAAATGAAACTGTGGAAGAAGCAAGAATTACTACCCCTGAAGATGCCATCGAGTATGCAGCACGTTATTTCTCTTCCATGCTAATGAACGAAGGTAAGGAACACTTCTGGATACTGCTGCTAGATAGGAAGAATCGCCCCATAAAACACG
CP001145.1_gap36	1352305	1356846	4541	TTGGCAACTTGTTATCTCGCCCTCCGGTATTTCCTCTAAGGCTGTCCAGAATCATACGTCGTAGTTACCCTTGCTCGCTTCTTCCAAAGATGGGCTATAAAGCTTGTACCCCAAATAGCCTGATCCTGTTGATGGATGACTTGCCTCAATATCGTCATGAGCTGCCTGAATTTCTATCCAGTTTTGTACTGCACTTATCTGATCATCGGTCAAGTAATACTTATTTCTGTCCAGCCACGCCTGAGCTTGCTTTATGGTCCAGTCATCACTTGCCGTTACGTTCAAGTCCTCTTCAAACCACAGTTCTGCTCTTATATAACCGCTGTTTTGTTTCACTTCGAATGTGGGGTTGGTTGATACCGGGTTGGATTTCATAATCTGGTCAACTTCTTCCCAGCCTTTCGGGTAAGCATAATTGTAGCGAGCAGGCAAAGCAAAAACATAACTGTCATTTTCAGCCAGCTTAGTGGGTGGCATTGGAGCAGCGCTCACTGAAAGCTCTTCGCTTTCAACCTAATGAACCCACAATCATGATGACCAACAGCAGTCACGTTAATCTTTTTGTACCTATCTTCTTATGCCTCCCTGCTCCATGGATACGGTGTGATTGTACGCCTATGAAGCCTTGTCATCGCATCTGGCGGTTTAATCGTATTGACCAAATTGTTTGCTTGCCCATGGTCTGCATTGATCTCTTTGTGCATATCCACAGAATGAACAGCAACATACTATAATGCGAAGAGGGAGAAGCACAGAACATCCCGCTAAGGAGGGAAAAATGACAATCTTTGGGCCGATACCATCCAGAAGACTGGGCGCAAGCCTTGGTGTTAATAACATCCCGTACAAAATATGCTCTTACAACTGCGTTTACTGCCAGGTAGGACGCACGCTACACATGCAAGTGAAGCGTACCTTATACAGTAATCCATCAGAAGTTTTCGACGAGGTTAAGAAAAAAGTAGAAAGGATAGGGGAAACTCAGCAAAACGTTGACTACATATCCATTGTCCCAGACGGTGAACCCACTTTGGACTCAAGCTTGGGTGAACTCATAGAAAGGCTCAAAGATTTAGGCCTACCCGTAGCAGTTATAACTAACAGTTCTCTCACCTGGGATAAATCAGTCCAGGAAGATCTTAAAAAAGCTGACTGGGTCAGTGTGAAAATTGATGCCGTCTCGCCTAACACTTGGAAACAAATAAATCGACCTCATGCTTCCCTTTCCTTGGACGAAATCTTACAGGGCATGCAGGAGTTCGCAGGCTCGTACACAGGAACCTTGTGCACAGAAACAATGCTAGTAAAAGACTTAAACGATAATCCAGAAGAACTTACTGCCATTGCAAACTTCGTTAAATCTCGCATAAGCCCTTATAAAGCCTACATCGGAGTTCCCACTCGGCCACCAGCGGAACCATGGGTTAGCCGCCCGGAACCTGAGTCAATCACTGCCGCTTACGCCATCTTCACAAAAGAGGGCTTAAACGCTGAAACTCTAACCGGTTATGAAAGCAGTGGTTTTGTTGTCACCGATAACCCCGTAGAGGAAATACTGGAAATAACAGCCGTCCACCCTATGCGAAGAGACGCAGTAGAAGACGTACTCAATCGCTTTGGCGTGGGAGAAGAAGTACTCCAGCAGCTCGTAAAAGAAGGAAGAATTAGAAAAGTCCATTATGAGGGTTGGGATTATTACATAAGAGTTATGAGGTGAAAACAAATGGCAAAGTTCTCCTTTGAAGTTATGCAGGAGTGTGTTTACCCTTTCACTGTAAAGGAAAGCGAAGATCCTGATGTAATTCTGGGTTCAGCCTTCGGCGAAGACGTTGCTGTTACGCGAGTGGGAGACGATTTGCTGCTCTCACATGTCGACCCCATTGTCGGTGCCGTAAATGGTATCGGCTGGCTTGCCGTTCACGTGGCATGCAACGACATTGCAGCAAGCGGTATAAAACCACGGTGGGTGCAGTTATTGGTCATGCTTCCATCGCTAGACCAGCCTGAGGAGTTAAAACAGATAATGTCAGATGCAGCGAGAGCAGCAGACAGCTTGAACGTTACTATTATAGGAGGGCACACAGAAGCCTCCAATGGCCTCAGACGGCCCTTAGTCGCAGCCACTGCACTAGCGCCTGCCTGTGGCAAAAGAGTCGTAAGAACCAGCGGTGCTAAACCAGGGGACATCATCTATGTAACACGCGGAGTGGGGCTCGAAGGAACAGGCATTCTAGCTTCTGACTTCGCCGTTGAAGCAAGAAAACGCGGCCTAACTGACCAGGACCTAAACGAGGCTCTAAAACTACTTTCTTCTGTGAGCGTGGTGTCAGAAGCACTGAAGCTTGCAGACCTAGGCGCTACTGCCATGCACGATGTGACACGAGGTGGCATACTTGAAACATTGTTGGAAATAGCTTCCTGTTCCGGTGTATGCATGGAAGTAGATCGATCAAGAATTCCTGTGCCAGAAGTTGTCAAGCGCTTTGCTAATGCTTTCGAATTTGATCCACTAAAAATGATTTCCTCAGGCACCTTGGTGGCTACATTACCCCCTGAAATGTGCGAAACAGCCGAAGCGTTATTTGAAAACCAACCATGCAAACTCTTTCGTATAGGCGTTGTGACAGAAGGAAGAGGTGTTCTTCTGCGTTCTGGCTCTGAAAGCCACCTTTACACACAAATAGCCTGTGAACAAGACGAATTAACTCGCATGTGGGCACTTCTAAGACCCGAAGGCAATTAAACATGTAACAGGCAGAAGTATTATGAAAGGCTGTTTCCGCTGCTCGCCGCAGTTCGAGCAATACATTCTAGGCAGCACGGCGCTCTTTTCACCCATTCTATTCGTAAAGAAGAGCAGTTTCATGAAAAAGTGATATACTAGGCTTACAAATGGGGGTGTTGTCCTCGGGGGTGTTGTCCTCGGGGGTGTTGTCGCCCGATGGGAGGCGTAAGATTATGAGAAACGTTAGGTTCTCAAGAGATGGATGGAAGGTTATGTTGGTTACAGTCATTATTCTTGCTCTTATCCTCACAGGTATGTTTACGCTAAGTTTTAAGCAACCCGCTGTGGCAAAAGCAGAAGTTGAGAAGACTGAGGTAGAGTCATTGGTTAAGAAAGCAGCCCTGATTTTTGCCACTGCAGTTCCACATGATAAAACACTTACATCTAATGCAACAGTTACTGAACTAAACATTACAGATGGCGGCATAGAGGCCATCGTAAACACGGAATGTACCTTTCTCCTCGATTACAAGAGCCCTTATGATGAGCCTCACTTAAAAGGGAAAACACAGTGGCTTGCGGAGAATAAGTCCAGACTCACAACAGAAGAGATAAACGTTGCTGAAACAGAAATAAAAATACATGAGGACTGGGTAAAGTGGGAAATGGAGGTTCCGTTCGGGTCCAGTGCCACTTATAAACTAACTGCTGCGAATTTACAAGAAGCCCGAAATGGAAACTTTACTGTGTACTTGTGGACTGATATCGACAGAGTAAAAAACGGCACAGTACAGAACTGGATACCAAACAATATTTTTATACCAACTGACGAAGAAGCAACAAACAGAGCTTATGAAACATTTGGTGACTACGTAAAACAACTAACACCAATTTACGCAGAAGCAGAGCAAACCGCGATAGAGAGGTTTGACAGTAAGGACTAAATAAAGGGGGTATTATTATGAAAAAAGGTAAAGTTTTAAAACGGTTATTTCCCATTTCTCTATGTGCTGTCTTACTTATACTTTCAGTCGGTTGCACCAGTACCACACCCACATCAACCTCCGTTGAATCGATACCGCTTTTTTTGCGCTACGTTGACGCTGTAAATAATCAGGAACAACTGCTAAAGCTAACATGGAACACCAAAACAGGCACTGTGGAAATGGACACATCAACAACGCTAATGTTTCCCAACTACGCAAACGAGAGCAACTTTTGGGTAAGATTGAGTCCTTGGATCGGACTATCCTCGCAACCACCGAAACCTGTTTCAAATACTGCCATTTACTGGGATGGTTCGGACACTGCCACATTATTCACCACAGAAAAAGATCTTTTCGTCGGACTTCAGGAGAACAATCTTAAAGCGAATATTGTTAGCCTTACATCTACGTCGATGTGTAACCAGTACTTTAATATGACAAATTGCTATACTACACCAAACAAACTATATACCTTCGAGCAAGACCTCTCTAACTCAACTATTTACAGATTCTCATCCACAGAAGCTGTCAAAACGACAGTGAGTGGTTACGCCATGGGCGTTGGCGCAGAAGGCAGCACTACCTATGTTCTGTCAGCCTCTGAAACACAATCGTCAACCGGACCTAATTCTTTTCTTAATATCCAGTTTATCAACGCTGATGGCTCTCTAATAGAAAAGAAAGTTGCAAACAGCGAAAGGAAAGAACCATACTCACTTCTGTCTGACGCAGGTGGTTGGGCAGCATTTGCAAACGGCAATTTTTACTCAAACACTGCTAAGGTAAATGCAAGCTCTGACAGCCCTAAATTTGAACTGGTGCAGTCGTTG
CP001145.1_gap37	1364184	1366223	2039	GGGTAGCTTTCAGTCAAGAGCTAGCACATCGAACTTTCAGTAGAACCAGAAGCGATACGACATGAAAGACATGATAGTTTCACAGACAAATGAATTCTCCTAGTTGGCTTCTGATTTACCATGCCTGGCGAATATACGCAGGGCGTCAGACTAGTAAAATCTAAATTGGAATTCTAAGAAAAATACCAGTTGGTGCACACTGAAAACCGAATAGGGAGATTTTTCAATTCACCTTCGCACTGCCTATAAATTTCACTACCCAGAATTTTTAAGAGGTCATTAACACAACGCAAAAGCGATGCTATAATATTCCGTGTGGTAACAAGGAGGTGAACTTTATGGGTAGGAAATCCCGGAACTTGTTGACTTTGGCAGTTGTCGTCATGATTATAGCCACGGTAACTTTGACAGGCTGCACTACTCCAGCTCCACAAGCAGAAAAAACAACAATTGTATTTGCTGTTGGTGGCGCATCAAACGAAATCGACTTTTGGCACAAAATCATAGATGATTTCGAAGCTAAGAATCCTAACATTAAAGTGGATTTATTGTTGCAGCCAATGGATACTGGCCCAAGAATGCAAACTTTGGTAACGCCACTCAGTGGAAAAGAGTCCACACCTGACGTGTTTTTAATGGATGTTGCGTGGATTGGTCAGTTCGCTTCATCTAACTGGCTAGCTCCTTTAGATGAATTCGTCTCAAAAGACAACTACGACCTCTCAGTATTTTTCCAAAAAACGCTGAATATGGCAGATAAGTACAATGGGCAGCTTATAGGACTCCCCGTATATATTGATGCAGGTCTGCTTTACTATAGAACAGATCTCCTGGAAAAGTACGGATTCTCTAGCCCACCACAGACATGGGATGAACTTGTGCAGATTGCACAGAAAGTCCAAGAAGGCGAAAGAGCATCCAACCCTAACTTCTGGGGATTTGTATGGCAAGGGAAGCAGTACGAAGGACTCATTTGCGACTTCCTTGAGTTCATCGCAAGCAATGGTGGAGCCATTCTTGACGAAAATGGTAAACCTGTTCTAAACTCCGAAAACAACATAGAAGCACTGACATTCATGAGCGATTTGATCAACAAACACAAAATTTCACCACCAAGCACTTACACAGAGATGGACGAAGAAGGAGCCAGACTTACATTCCAGAGTGGAAATGCCATGTTTGAGAGAAACTGGCCTTATGCTTGGGGTACCCACAATGCAGAAGATTCTCCTGTTAAAGGCAAGGTAGCCATAGCTCCACTGCCGCATTTCCCGAACCATGAAAGTGCTGCCACGTTAGGTGGATGGCATATCGGTATGAATGCATTTTCAGAGAATAAGGAGGCAGCATGGGAGTTTATAAAGTACGTTGAATCTTTTGATGCACAAAAAGACTTTGCCATGAATCTTGGCTGGAACCCTGGTAGGCAAGATGTATATGACGACCCTGAAGTTGTTGCAAAAGCGCCTTATCTTAAAGATCTAAAAGACGTATTTGTCAACGCTATACCTAGACCAATGGTTCCTTATTACACGCAGCTCAGCAATGTACTCCAAAAATATGTAAACGCAGCTATTTCCGGCAAAGAAGACCCAGCTAAAGCATTGAATGAAGCTCAAATAGAGGTAGAGAAGATTATCAGCCAGTATGGAGGCTAATACCAAAAATGGGAGTGGGGAGCGATGAAGAGGAATACTCGCAGCTACAAATCTAGCGAGGTAGCCTTAGGATATCTGCTCCTCTCTCCCGTTATCCTTCTGGTTGGCTTTTTGGTTTTGGCTCCGGTCATCGGAACGTTTGTTTCAAGCTTTTACAGAGACATTACATTCATGCCGCCTGTGAAGTTTATTGGGTTGGGCAACTACAAACGTATGCTCGCCGACCCAGCTTTCTGGCAGTCTGTTCTTTTTACTTTGGGATTCACTGTTGTATCAGTTTTTTTAGAATCTGTTCTTGGCATGTTTTTCGCATTGGTTATAAATGAGAAATTCAAGTTCAGAGGCATTATGCGAGCTGTGGTACTCATTCCGTGGGCCATA
CP001145.1_gap38	1424412	1424912	500	AGGGGAAGTCCAGCACCAGAAATAATAAGGTCTGCACCTTCCTCCACGGCAGTTGCTACAAGATCCTCATACTCCGTCACGGCTACCAATATGTTTACACCAATGATGCCCTTTGGTGAAAGCTCCCTAGCCCTTCTTATTTCATGCCTTAGTGCTTCAATGTTACCCTTTCTAATGTTAGGACCCCACTTAGGGTCGCTAAGAGACAGATGCAAACCGGATATGACTCCAATGCCACCAGCATTAGCCACAGCAGATGCCAAGCCCGACATGGATATCCCTACACCCATTCCACCTTGAATTATGGGCACTTTTGCTTCCAAATCTCCTATTTTAAGAGATGGCAATTTCAAGTTTTTCCTCCTGCCTTCTTATGAAATATCTACGTTGTTCATCATAGCATAAGTCCAAGAAGTTGCTGCAAGTATCAGAGAGTAGCAGGTTTAACCTAAAACAACAGATAGCAATGGAGCACCTTACACGACGATTCTCAATGTATG
