gap_id	start	end	length	sequence
CP001251.1_gap1	1627	3006	1379	CTTTTCTGCCTCCGACTTTATTCTCTGAGCCTCCCTTTGCCCCTCTGCTCTATAAAGAGCAGCCTGTCTTTGTCTTTCTGCTGTCATGGAATCATATATCTTTTTGAGATTTTCCGCAGGAACACTCACCCTTTTCATTCTAACGGTACTTATTTCAATACCAAGTTCCTTTGCTTTTTCCCTTGATGATATTGTTATCTCTTCAAATACCTCTTCCCTTTTCTTAGAAACTATATCATCAAAGTCATACTGCCCTACCACTCTTCTCATCTCACTATAGATAATATCATCAAGCCTCGCCTGAGCTCCCAGTTCATTTCTTACTGTCTTTAAAAACAATATGGGATCATAAATTTTAAAAAGAGCAAAAGAATCCAAAATCATAGACTTTTTATCCTTCGTAACCACTATGGTAGGCTCTGAATCATATTGCAGAATTCTTTTCTCAAAAAATATTACTTCCTGTACAAAGGGCTTTTTAAAATAAAGACCAGGCTCTTTTACCACCCTTACTGGCTTTCCAAATTCAAGGACCACAGCCTGATTTGTTATATCAACTATAAAGATGGAAAAAATCAAGATAAATAAAATAATAAAGAGAATTACACCTAAATAAACATACTTCATTTTTTATCCCCCTCTTGAAGAGTTATGGTACTTGTGAAAAGCTCTGATGGAAAACTATATATTTTCATAGATCCCTTGGGATCATCAATTATAATAATCTTAGTTTTTGGAAGCACCATCTCCATAGCCTCTAAATAAAGCTTTGTCCTTATAAGAGATGGAGAGTTTTTATATCTTTCAAGTAGTGCTTTAAATCTTTGAGCATCGCCTTTTGCTCTCTCTATTTGTTGGTCCATATAAGCCTCTGCTTCGGCAATAATTTTTGCCGCTTGACCTTCTGCTTCGGGAACAATCTGGTTGTAATATGCCTGAGCTTCAAGAATAAGTTTATCCTTTTCTGATTTTGCATTTATTACATCTTGAAATGCTGGTTGGACAGGCTCTGGGGGAACTACGTCTTGAAGTTGAACATTCACAATCTTAACACCAAAATTGTTATTATTCAATAAATTTTGCAAAAGAGTTTTTACATTATTCTGAATTTCTTCCTTAGAAACTGTTAAAATCTCGTCAAATTCATACCCTCCAACGATTTGCCTCATAGAAGCCTGAGCAAGGTCACGAAGAAGTTTCTCTTCTCCCTTCACATTACTAAGATAAGATACAGCATCAGTTATCTGGTATTGAACCACAAAATCTAAATCCACAATTTTACCATCCTTGGTCAAAAGAAGAGATTCCTCTTTCACATCTCTATATTGAGGAGGAGGTCCCAAGGTTATAGTGCGAAAACCAATTTCAAGTCTCCTTAT
CP001251.1_gap2	4249	8389	4140	TTAGTCACCACAACGGGAACAAGAGTAAACATATAACTTACCTTGTCCCTTGGTTTTACTACAATTTCCGTATTAAGATCATTATACCCCTCTAAGGAGAGAGTTAATGTATATCTACCTTCTCTTAAATATAAAGTGATGGGAGTTGTACCTTGATATTTTCCATCAACATAAACTCTTGCTCCCCTTGGCTGAGAGTCTACATTGACTTCAGAAGATATAGGCTTAAGGGTAACATTTAATTGTTTTACATCTCCAGGATTAAGATAAACCGTCTCTGAGTAATCTTCATAGCCCGAAAGAGTAACCCTTACAGAGTAGGAGCCAGAAGAAAGATCCGTTATGGATAAGGGAGTTTTACCTTTATATACTCCATTAATATATACATCCGCGAAGGATGGTGTTGAGAAGATATTTAAGGTAGCAGAAAGAGGTACTAAAGTAAAATTATAGTTTGAAACTTGCCCAGAATAGACATCTACAAATCCTATATAATCTTTATACCCACTTAGTCTTAGCTGTAGTTGATATCTACCTGGATTAAGGTTATTGATTACAATAGGGGTTTTCCCTCTATAGACTCCATTAAGATAGACATCAGCACCTTGAGGCACTGAATTCACACTTAAAGAGCCATAGAGCGGAACTAAAGAGTAGGAGAGATATGTAGTTCTATTTGGCTCTACTTTTATAGTTTCTATTCTCTCTTGATAACCTGAATATACAATTCTCAGCTGATAGGTCTTTGCAGGAATATTATATAAAATTAAAGGAGTTAATCCTCTATAAGTTCCATCAAGATATACCGATGCACCTCTTGGTTCTGTCTCTATTCTCAAATTTCCATAAGCAGGTTGCAAATTAAAAGTATATTCTCTATCTCTTCCCTCTTGAACTACTATATTGGTGGAATAATCTAAATATCCTTCTTTCTTTAAAGTTACCCTGTAATTCCCTGGAAGTAACATTAAGGTTAACGGAGTTGTACCTTGATACTCATCATTTAAGTATACCTGTGCTCCCGAAGGATTAGAGTAAATATTAATCTTTGATCTTACTTGAGCTTCCTGAACATAAAAATAGGTTACACTCTGGGCCCAGGTTTTACCCTCTTCTTTCCTCAAGGTTTTCTGCAAATTTTCAAGGGCCGTTTCTACTTTTTTTTCTATAACACTTCCTGGAGCCATACTTTCAAATCTTTTACCAGGAAATATTTCAAGTGGTTTCTTAGTAATTATCCCTACTACATACTCTTTTCCAAAAGGTGGAGTTACTTTAAAGCTGTAAGTGGGTTTATCTGGAAAAGTATAAGTTTTATCCTTTTTGATGAAATTATCCTTAGAATAAGAATTTGGGAATATTAACTTAAATTGACCATCAGGAGTTATGTCAAATAGATATAAATAAACATCATCGTTTGCCTTTACATAAATTATTAAATTCTCTCCCACTTTATATACGCTTCCCTCGGGTTTATTCAACCAAAGATCTAAATTTAAAACAGGTTGAGGATTAGGAACTATAATTATTTTCTCCCATTCTCTCTCGGGTTGAATCTGTATCTTTTCTTGTGCAGCCCCCCCACTTAACATTATTAAAACAAAAACAAGGACAAACAAAGAAAGCAATCTTCTCATAAAAAATCCCTCCCTTAATATGTTCTCACTACAGGAAATTATAGCAGTAAAAGGAATATAAAAAAGTGATAAAAGTTACATAAATAAAGACTAATAATTATTTATCCCTGCCTCTTTTTTTCTCTTTTTCTCTTCATACATCATTTTATCTGCCATCTGCAAGAGCTCCTCTATACTACAAGGAGACTCAGGATTATAAAAAACTGTACCAATGCTCAAAGAAAGTTTATAAGCTTTATCCTTCCTTTGATTCGATATTTCAACCTTATGTCTTAACCTATTTAAAATCTCATCTTTATCCTCTTCCTTCTCTACGACTCCAAGAATAACAAATTCATCTCCTCCAATTCTTGCTATCAAATCATTCTCTCTAAAAGTTTTTTTCAGTATATCTGCAGTCTCTTTCAGAGCCAAATCCCCAATATTATGACCTAAATTATCATTTATCCATTTCATGTTATCAAGATCTATAAAGATTAGAATTAAGTTCTTTTTTAATCTTCTTGCAAGGCCCATGGTATGTTCAGCAAGAGTAATAAAACCACGCCTATTATAGAGTCCTGTTAAAGGATCAGTATTAGAGATCTTCTTCAATTCTTCTTCTAACTGCTTTCTATAAGTAATATCTAAAACGGTACCAAGAATAGCAGGCTTTCCTCTATAAGTAGTATTCACAGCACAAAGTTCAAAATATACTGTATTACCATCTATCTTTCTTATGCCTTTAAACTCATCAATCACATAATCAAGTTTTCTCTCTCTAAGTACACGTATTCGGTGTAAAAACTTTCCTTTATCCTCTTCTGCAATGATCTTTAAAAAGTCCGTAATGTCATTTAACTCAAAGGGATATCCAAGAATTTCTACAAGTTGAGGGTTTATATAGACCATCTTGTTTTCTTGAGAAATAAAAACTCCTATTAAAGATTGCTCAGCAAGTAATCTATAGCGGTCTTCTAATTCTTTATAATTTTCCCATAATATGTTCTCAAAAATTATTCCCGATAGATAACTGGAAAATCCCTCAAGATAAGATATTAGTCTATCGTCAAGAGGATCTCTTTCCTTAAATTCCAAAAGCAGTACTCCAAATAAGGAATTACTTTTCTTAAGAGGAATAGCAATAGCAGAAAGAGTCCTAAGGGTTACACTTCTTACTGTAGTTTTACGCATATCTGGGTAATATAGGATCTTTCCCTTATTTATCACATGATAAAAGGGATATCTTTCATCGTCCTTTTTTAATTCTGCTTCTATAGGTTCTGAATAGTGTCTTATTTTTAGATCTCCATTATCCACAAGAGCAATACATCCAAATTTTGCCTTAAAAACCTTTAAAATAGTATTAAATATTTCCTTTTCTAATTCCTTAGTATCCTTTTTATTAAAACCCTTTATTAAATTAAAGATATCTTGAAAAACAACCTCTTCTGTTTTATCAAGAATCTCTGTTATTATTCCTACTACTTTATCATTCATTTTTATAGGAGTAATTTTTACTTCCTCAAAATTCTCATCAAGGACAATCCTCTCTCCGCTCAAAGCTCTTGAATAATAAATAGCCTTATCGTTGAATTGTGGAAGTACCTCAAGTAATGGCTTATTCATAATTTTTTGATCTTTGATTTCAAAAAACTTTTCAAAGCTTTTGTTGTAAAAGATCAACCTTAATTTATCATCAGTGAAAAACACAGGATAATTTACTTCGTTAGAAAACCAAGATAAAAATAAATCCTTTGATTTAATCCATTGAAAAACTTCCATCCCTTCTTTCCCCCTACTACTTTTGCTCTTAAAGCATTAACTTTAATTTACCACAAATATGAAATAAATTTCAAGAACTCTTTTAACTTATTTTTAATATGTTTCCATGATAAAATTTACTTATAATGATAAAAATATGGATGCTTAAAAAGAAAGGAGGATTTTGATGAAGAAAATTTTATACGTGGTGCTTGACGGCTTAGGAGGAACTTCTGATCCGAAGCTCAATGGTAAAACCGAATTAGAAGTCGCAAAAACTCCTAACATGGACCGTTTAGCCCAAAAAGCAAAACTCGGTCTCATGTATCCTATAGGTCCCAATATTGCTCCTGAGTCTGACGCAGCAGTTTTAAGCATTCTTGGTTATGATGTGGATAAATATTACACTGGAAGAGGTCCCTTAGAAGCCCATGGAGCAGATATTGAAGTTAGAGATGGAGATCTTGCTTGGAGGGCCAATTTTGCAACAGTAGACGAAGAAACCTTAAAGATCCTTGATCGAAGAGCAGGAAGAAATTTATCTACAGAAGAGGCAAAAGCCCTTGCAGAGGAGGTAAATCAAAAAGTAAAGCTGGAAGATGCAGAATTTATCTTTAAAGCCACCGTAGGACATAGAGGAGTTCTGGTTATAAGGAGCAAAAAAGGAAAACTTTCTGCCAATGTGGAAAATATAGATCCCGGGTATAAGAGACATGGACCTTATAGTATTGCCATTTCCAATCCTCCATCAGAAGTACAA
CP001251.1_gap3	9525	11551	2026	ACATCTCAGAAAAACCTACCCCAAAAGACCTAGCGATTATCTTAAACAAAAAACTTCCTGGCGCAATATAGATAGGAATTAAAGTCTCATAGAAATTTCTATCATCAAAAATTGTCCAAACCATTCCCGAACTGGTACCACTTAAAATGTAAAACAAAAGATTCCCTGCAAGAATAAAATAAAAGTAATCCATAGCCTCTTTGCCCCTTGCGAAATAAACCACTAAGAATAAAATCTCCACCATAAAAAGAGGTCTTACAAAACTATATAGTAAAAACCAGTACCACTCAGTCCAATTAGTCCATATCTTCCACCCAAGAACCAAAAGAGAATAAAACCTTCTTACTATTGCCATCTTACGATTAATCTTCCCTCTCTTCTCGCTATGGTCTCAATTCTTTTAGCAAGGTAAAAGGAACCTCCTATGTAAATGCCAGATAAGAAAAGAAGTATAACTGTTTCTAACTCCACTGTTAAAAAAGCAAAAGGTTTACTTCCTAAAATCAAAGTTTGTCTTAAAGCATCAAGTCCTAAAGTGGTGGGAAGCAAAGAAGATAAAAAGGATATAATAAAAGGAAAAACTTTTACAGGAAAGAAAAACCCAGAAAAAAGATAGATAGGCTCTTGGAGAAGACTTGCAAGATGCCAAGCCTCTCTTCCCGAAAGAAGAAAAACACTAGAAAGCATCATACCAAGACCATAAAGAGCTATCAATGTTATTGAAAAGATAAAAAGAGCTGAAGAAAGATTACTAAAATCTACAGGAATTTTAAAAATCAAAATACCAAGGATGAGAATAGAAATAGCTCTTACTGAAGCGGCTACCATACCGCCAAGGGCCATGCCTATAAGGATACTATTTATGGAACAAGGTGCAATAAAAAAGATAGGAAGATTTCCTGTCATCCTTTCCCAATAAAGTTGAGATGCCATAGACCACAAAATATTAAGCCAATAAGCAATCATGGCTCCACCAAGAATAACAAAGGCATAAGCAAAATCAGGCACATTAAGAGATTTATATATAAATACAAAGGTGCTCACTCCAAGAAGGGGAAGAAGGACATCAAAAGGGATCCAGAAAAGATCCCTTTTGATGTCCTTCTTCCTACAATCTTTATAAAAGCCTCCTCTAAGGATGGTTCTTTCCTCCTCAAAAATAGAATTTTTTCTCCTTTTTCATTAATATAAGAAAGAACATTGCTTATTAAATTTTCCTCCCTCAAAGAAAACTTTATATAAATTTTTCCATCGAGAAATCTTTTCTCAATAAGTCTAACTCCTCTTATCTCATTAAGATCTAAATCACCGCTATATGAGACTTCAATCTCATAAACTATATCCTCTTGTACCATAGCCTTTAATCCCATGGGCGTATCTAAGGCAAGGATTTTACCCTTATCAATAATAGCTATGTATTTACAAAGCTCTTCTACTTCTGAAAGGTAATGGGTCGTAAGAATTACTGTCCTATTCCCTTCTTTCACCCATTCTTTCACGTAGTTTCTTATAAATCTTGCGGATTCCACATCAAGCCCTACTGTAGGTTCATCAAGGAAAAGTACCTCAGGATCATTTATTAATCCTCTCATAAGTTGCAATCTCTGTTTCTCGCCTGTAGAAAGAGTATTAAGAAGGCTCTCTGCTCTTTCTTTAAGTCCAAATTCCTTTATATAAAAATCAATTTTTCTTTTTGCTTCCCTTAGATTAAGCCCATAAAGTTGAGAAAAGAAAAAAAGATTCTCTCTTACGGTGAGTATTCCATACCCTGGATTTTCGCCTCCTGAGACGAGATTTATCTTAGACCTTATCTTATTAAATTCCTTTTCTACATCAAAACCAAGAACAAAAGCCTTTCCACTTGTAGGAAGTAAAAGAGTAGTAAGAATCCTTATCAAAGTGGTTTTTCCTGCACCATTCCTACCTAAAATGCCCAATATTTGTCCCTTTGTTATCTGTAAGTTTACATCCTTTAAAGCTTCTATTATCTTTTTCTCTCTCTTATTAAAAAAGCTTCTTGAAAGAT
CP001251.1_gap4	13055	15994	2939	CCATCGGCAATATTATCATTCAGAATAAGAAGAAGAACTTTTTCCTCTTTATCGTCCTTAATAGTATCTAAAACCTGATTATATCCAGCAGGATTTTTAACAAGAACTATTATTCTATCAAATCCCCTATAAATAAATCTTTCAAGCCTTCCCAATTTAAATTCGAATTTAGAAATTATATTAGAAGTCTCTAAAGGATCAAAATTAAGAAATCTCAAGATAGAATAAGCAGACAAGACATTATAAAGGTTATATACTCCGGGATACTTAAAGGTAAGATCATATTTTTTACTTTTTTCCGATATCTCTATAGTCCATATTCCATTTAAATGGGCAGAAGAGATATAAAAATCATATTCAGGATTTTTAAAACCACACTCGCAACTATACTTTCCCAATTGAGAATAGTTAAAAAACTCATAATTTAACTTCCTACCACAAAAGGGACAATATATACTCTCCTTTATTCCTTCTACCCCTTCCCTTATCTTTACTCCAATCCCATAAAAAATCTTTCTATTAGAAAGCCTTGAAAACCTTGCTACAAAAGGATCATCCGCATTTAGAATAAGGGTGGTATTTTCTTTTATGGAATTTAATATTTTATTTACTGTAATATCAATCTCTCCATAACGATCGAGTTGATCTCTGAAAAAATTAGTTATTACCACATATTGGGGCAACAAATCCTTATATACATAAGGGAAAACACCTTCGTCTACTTCAAAGGTTCCAAAATCAAAAACCCCTGAATTCTTAATATAGGATGTAGCAATACCACTTTTTAAATTTGCTCCTTCCAAATTCCCTATTACTTTGTATCCTTTGCTTCTTATCACATAATTTAAAAGATTATTCGTAGTAGTCTTCCCATTGGTCCCAGTGATTAGAATTCTTATTCCTATTCTTTTTGAAATTTCTTTTAAAAAATCAGGATATATCTTTAAGGCAACCTTTCCAGGAAAGGTAGTAGCATCCAGGTTAAGAATTTTCATAGAATAGTATATTAACTTACCTACAAATAAAGCAAAATAAAATCTAAACTTTTTCAAGCTCATTTCTTAAACTTTTAAGAATTTCTTGATAATCCCTCTCTCCATTTTCAACCTTATCCATCAGCTCTTCTAATTCTCGAGTAAAATCCTCCCTCACAAAACGAAACTTCTCTTGGTCCGAATTAAGATATTGATAGACCTTCTCCCCTAAGGGTGTAGGTATGAGATATCCATTTTTCTCTATTACATATCCTCTCTCAAGGAGCCTACTTACAATAGTAGCATAAGTAGACGGTCTTCCAAGACCACGCTTTTTCATCTCTTCTACAAGAGAGCCTTGGGTAAACAATGGCACCTTAGGAATACTATAGAAGAACTTGTTATTAACTACATCTATCTCTCCCTCAGGTATTTTAGCAAGTTTAATAGGGAAGATTTTATCAAAACCATTTTGAACAACTTCTTCATAAACATCCAACTTTTGCTCTTTATCAATGGCTTTCACTAAAACCTCATATCCCCTTAATATCACATTTCTCATCTGAGAGGCAATAAACCGCTTAAAGACAAGATCATAAATCTTTAAGTGATCAGGAGTAAATCCTTCAAGCTCTCCCGAATATATCATGGCTTTAATATCTTCCACATCAAGAACCCTGGTAGGTCTAATACACTCATGGGCTCCACCTTCTCCCCAAGTTCTTCCCCTAAAATATTCCTCTCCAAATTGCTCATTTATATATTCTCTTGCCACATTTATTCCTGTATCCGATACCCTTGTAGAATCAGTACGATGATAAGTAATAAACCCTCTTTCAAAAAGTTCTTGAAGCACCTCCATAGTTCTTGAGACCGAAAGCTTAAACCTATCAGAAGCATCTTTTAATACGGCATCAGTAGTGTAGGGGGGAAGAGGACTCTTTTCTTCAACTTTCTCAGTCTCTTTTGTCACCTCTATATACTTAAGCTCATTGTAAAATTTTTGAGCTTCATCCTTATTTTCAAATTCAAATCTCAAATCAAGTCCATCTTTCTTTATTAATACTAAATATACTCTCTTCTTATTTTCCTTTGCCCTCTCAATTACCCATCCTAAAACAGGAGTTTGCACCCTTCCAGCAGAAAGATAGTTTTTGTAGAATATCCTCTGAATAAGTTGAGATAATTCAAAACCCACCCATCTATCAGATATCCTTCTTACCACTTGTGCCTTAACAAGATTTTCATCCACATCTCTATATTCTTTTAAAGAGTTAAGTATTGCCTTCTTAGTTACCTCATGAAATTCCATTCTTCTTATCTCTTTTGTAAAGGGAGAACATAAATTTTTAAGATCCCATGAGATCTTTTCTCCCTCTGTATCGGGATCAGTTGCCACAAGAATCATTTCAAATTCCTTGCTGGCATCCCTAATGCCAGAGATAATTTTTTCTTTTCCCTCTATAGGTTCGTAAACAGGTATAAATTTACCATTTTCAATAACCCCATAATAACCAATTTCTTTATTTAAATCCAAAATATGCCCAAAAGAAGCAGTAATAACTAAATATTTATCCTCAGTGATTACCTCAAAGAGTTCTTGTCCATTTACATTTCTTGAAATGGGTCTTCCAAAGAAATTTGCAATAGTCCATGCTTTATGAGGAGACTCCACAATAACCAATACAGGCTTCAGAAAGTCATCTCTTCTTCCTTCTTTTTTTCTAATTTTTTCTCTGTCTTCATCAATCTGTTTTAAAATTTCGTCAAGATTAACAGTATTTGACTCTTTAAAAATAATATCTGTGCTAAACCACCATCTACTCTTTCTTACTAAGTTATTAAAGACCTTTTTATCCTCTACAAGAATATAACTTAAACCCTTAGATATTCCTCCCACGTAGAGCCTTGAGGTCCTACCCGACGCCTGAAGATATCCAGTAATATCAGAAACCACAAGGACCC
CP001251.1_gap5	107624	111871	4247	ATGAGTATAACTCCCTATGATCTTACCATATATGAGATAAACAAAACCCTAAATATCTCTTGCAAAGTGAACTACTTTACTCTCCCTAATGAGCCTGTAGGAGCCTTAATAAGAATTTTTACTATAAAGAATCATGGAGAAAACGAATTGAACCTTGAAATTATTGATGGTATACCTCAATTTCTACCCTATGGACTTACCAATGAAGTTATGAAGAATATGTCAAGAACCATTGAAGCCTGGTATAGGGTAGACAATTTAGAGAATAATGCACCCTTTTATAGGCTTTATACAACCTTTCAGGATATAACCGAAGTAAAGGTAATAAAAGAAGGACATTTTTATTTTGCTCTCTCAGAAGACGAAAAACTTCTTCCTGTAATAATAGATCCTGATCTCATCTTTTATCCTTCTAATGATTTCTCCTATCCTTATAAATTTGCAAAGGGAAAATTTACCCTTCCTAAGGCAGTATTTTATGGGAATAGAACTCCCTCTGCTTTCTCCTACACTATAATTACTCTTTCTCCAGATGAGGAAAGATCCATAATATCTTTTGCAGGAAAGGCAGATTCCTTGGAGAGATTAAATAAAATAGTAAAAGATTATGCTCATAAAGAATTTGTCGAGAAAAAAGCTAAAGAGAATGAGATACTCATAAAGAGCATTATGGATAATGCCTTTGTACATAGTGCTTCAAAAGAATTTAATTCTTACGTGAGACAAAGCTTTCTTGATAACCTTTTAAGGGGAGGCCTCCCTATTACTTTAAACTATAATTCTAAAAAAGATGTAATTTATCTCTTTGGAAGAAAACATGGAGATTTAGAAAGAGATTATAACTTCTTTACCCTCGAAGCTAATTATTTCTCTCAAGGAAATGCCAACTACAGAGATATAAATCAAAATAGAAGAAATGATATCTATTTTAATCCTGATGTAGAACACTTCAATATATGGTATTTCATAAACCTTATTCAGCTTGATGGATATAATCCATTAGTAATAAAGGGAGTTAAATACCTTATAAAAGAAGATGTTTTAGGAGAATTAAAAAATTGGGTTTCCGAATATATAGAAAAGGAGTTAAAAGAAATACTTCAAAAACCTTTTATTCCTTTTGACGTAATAAAGGTTCTTGAAAAGTACAACTATGAGCTGAAAAAGGGAAATCTTATTGACTTTATCTCATTCCTACTTACAGGTAGTAGAAAAATAGAGTTTGCAGAACATGGAGAAGGATATTGGATAGATCATTGGTTTTACAACTTAGATCTCATAGAGAGCTATGAGTCTATATTTCCAGATAAAATGGAAGATCTCCTTTTAAATCAAGAGATTTTCACCTATTATGATAACTCTGAAATTGTGCTTCCAAGAGAAGAAAGGTATGTTCTTACAGAAAATGGAGTACGCCAATATAGATCTTTAAGAAATGATGAAGAAAAAGTAACTCTTATAAGATCAAGGAAGATAGAGCCTAATAAAGTAAGAACCAAATATGGAAAAGGAGATATTTATTATACCTCTTTACTTTCCAAACTTATTGCCCTTGCTACTGTTAAATATTCAACTCTTGATCCAGAAAATATAGGAATAGAGATGGAGGCAGGAAGACCTGGCTGGAATGATGCATTAAACGGTCTTCCTGGACTTTTTGGATCATCAGTAAATGAAACTTTTGAACTCAAAAGACTTCTCTTGCTTATAAAATCATGGATTGAAAAATACAAACTTTATGAAAGAGAAGTGAGAATTCCAAAAGAATTATCAGAACTTTTAAATTCCCTTGTGGAAATAACAAAAGAAAATCTTAAAGGTAAGATATCAAACTTTGAGTTTTGGGATAAAAGTTCAAATCTAAGAGAAGAATATAGAGAAAAAACTAAATTGGGTATATCAGGGGAAGAAATATCCATAAGACTTTCTGAAATTTTAAACATCTTGGATCTATTTTTAGAAAAATTAAATAAAGAGCTTGAAAGAGCCTTTGATAAAGAAAAGGGACTTTATCATACATATTTTTATTATGATCTTGTGGATTATGACATTATAGAAAAAAATGGAAAAAAGGTAATAAAACCAAAGAAATTTGTAAGAAAAGATATGCCCCTTTTCCTTGAAGGACAAGTCCACTATCTCAAAACTGAAAGGGACAAAAATAAAAAGAGAGAGATCATGGAGAGAATAAAACAAAGCGATTTATATGACAAAAAATTGAAAATGTATAAAGTTAATGCTCCTTTGGACTCTGCCCCCCTTGAAATTGGGAGAATCAAAGCTTTTCTTCCTGGATGGCTTGAAAATGAAAGCATATTCTTACATCTTGAATACAAATATCTCCTTGAAATATTAAAAGCAGAAGAATTTGAAAAATTCTATGAAGAAATGAAAAATTGTCTTATACCCTTTATGAATCCAGAAACATATAGAAGAAGCATATTTGAAAATGTATCCTTTATTGTGAGTAGTAGAAACCCTGATCCAAATCTTCATGGAGCAGGATTCTCTGCAAGACTTTCTGGAAGTACTGCAGAATTTTACCATATGCTCCTTGTTATGGCTTTTGGTAAAAATCCATTTTACCTTGATGAAAACAATAATCTTTGCTTTAAACCAACTCCATCAATACCGGATTTCCTTTTCACCATAAAAGACGAATTTGTAAATTATTACGGCTGTGGTAAAGAAGAAAAAATATTCATACCTAAAAATTCTTTTGTTATAAACTTCCTTAAAAATACCCTTATCTACTTTATAAATCCTAAAAGGAAAAATACTTTCGGAGAAAATGGAGCTAAGATAAAAAAATACATATTATACAGCAGTAATGAAGAAAAGGAGGAAATAAATAGAGAAATACTAACATCTCCATACTCTTATAATTTGAGAAGTGGAGTTTATGAAAAATTAGAAATCGTCTTAGAATAAGATATAATCTATAACCTAATCAGCCTCCATAAGCCTCCTTCTTTCCTAAAAAAAGGAAAAATACTTTCGGAGAAAATGGAGCTAAGATAAAAAAATACATATTATACAGCAGTAATGAAGAAAAGGAGGAAATAAATAGAGAAATACTAACATCTCCATACTCTTATAATTTGAGAAGTGGAGTTTATGAAAAATTAGAAATCGTCTTAGAATAAGATATAATCTATAACCTAATCAGCCTCCATAAGCCTCCTTCTTTCCTAAAAAAAGGAAAAATACTTTCGGAGAAAATGGAGCTAAGATAAAAAAATACATATTATACAGCAGTAATGAAGAAAAGGAGGAAATAAATAGAGAAATACTAACATCTCCATACTCTTATAATTTGAGAAGTGGAGTTTATGAAAAATTAGAAATCGTCTTAGAATAAGATATAATCTATAACCTAATCAGCCTCCATAAGCCTCCTTCTTTCCTAAAAATAGGACTTACAATCCCATACTGGGAAAGACCATCAAGAGACCTTGGATAAGCTTTTATTGTAACATTTTCCCCTTCAGCTTTATATTCTTTTACTATAAAAATTGTGTTTTCGGAAATCAAATTTTTTAACTTTTCCCTTCAGATAGTAAGCAACACCTTTCTTTCAGGACTCATATAAGAAAAGATATCTAAGGAAAATAGGGAGTATTTTTCATTAAGTTTTTTGTAAATCCAGTAATATACATCTATACTCTCATCTTTATCGGAACATACCACATAATAGGGTAAAATATTTCTTCTTTTTTATCCCCCATAGTCCACACTTTAACATATATCCTTGCTCTCAAATCTCCTTCCCCATCACTTTTTATGAAAAATCCCGCTGGAATACTCCAAACTTTTGTGCCTAAGCTTACTGAATAACTCATATCCCTTGGATCAAATTCAAACACAAAATCCTTTCCCGCTCCCGTTCTAATATCCATCTCCTCATCTTTATGTTGAGAGCCACGCAGTCCAGAATCACTTTCAAACATCCTTATTTGTATTCTCACCCTCCTATCATCCCAAAGAGGCTTTAAAACTCCCCATATAGTATAATGATACCCCATTGGAAAAACCAAAAGCTATCTTTATAAGTTGAAGGGAAAGTAAAAGAATGAAAAATAAAGAATAAATAAATAGTTTATTTTTCATAACTTCTCCTCCCATACAAGGGAAAGCAGAGAAGCAATTAAATAAGCTTTATCTCTGCTTTCCCAGACTTACATTATGTTATCTGCACGTGTTCCATCATGTTTAATCAAACTTAAGGTGAAGCCATCTTGGCGATT
CP001251.1_gap6	184544	189223	4679	TCAAGCCCTGTATTTTTTGCTAATTCAGAATTTGGTCTTGCTCCTATTCCCAAAAGAACTACATCCACATCTATTTCTCTTCCATCCTCAAGTTTCACCCTTCTAACTTTTTCATCTCCAATAAATTCAATCACTTTAGCATTGGTAAGAACATTAACCCCTTTGGATCTTAATTTTTCTTCTACAAGTACAGAAAATTCTTTATCAAAAGACTGAGCAAGGAGGTGAGGAAGCATCTCTACAAGATAAACGTTTATTCCTTCTAATTTAGAGATCTCATCTGCTATCTCTACTCCAATAAATCCTCCTCCAAGAATAAGTACATTTTTAGATTCTTTTACCTTTTCAACTACATCCTTTAAATAATCAAGATTCTTATAAATGGAGAAGATATTCTTTTTTTCTATTCCTGTAATTTTAGGGATAATAGGTAGAGATCCTGTAGCAAGGACTAATTTTTCATAATAATACTTAGTTCCACTTTTTGTCTCCACATATTTTTCCTTTCTATTTATACTTACTGCCTCATCCACCAATACTTCTATTCCTGCACTCTCAAGTCCTGCATAACCCATTTTATTATCCTCAGGCTTCTTAAGACTGTAAAACATATAAGGAATACCACAAGGAACCACGCTATTTTGAACACTTCTAAGAACAGTAATTTTTTTATCAGGATAGTAGTTTTTAGCAGTTGAAGCACAAACAATCCCTGCGGGTCCACCGCCTATGATTAGTACATCAGTTCTTTTCTCCATATGTCTACCTCCATTATGTGAAATTTTTTATAACAAATATTATAGCACTATTTGAGGAGGTTATTTTACTTTCTCAAAAGATAATATTTCATCATTTTTTATTAGGAGATCCAAAATTTACTCCATAATCCCAAACATTAAACCGCATGCATTAATCCCTCTTTCACTATGGCATAGACAATTACAAGATAAGCGCCAAGGTATATTATTTTATCAAGTTTTAGTAACTCATAACTTCCTAATACATATGAAAATATAATACTTGCAACAGATAAAAGGGCTATTCCAAGAGCAAGAAGATAATAATTTCTCGCTATTTCACCACCCCAAAAGTTAGTTGTAACGGTAAGAAATAAAATCATGAATACTACAAGAATAAAATAATTTCCAAGAAGATAAATTACACTTATTACTTTATCCCACAGGGGATCTTTACTTAAAAGGGTAGGAAGAAGTCCTACCTGCAAAATCAATATGAAGAGTAAAATAGCATTTATAACAAGTAGGAAATTTTCATTAAAAGTCAATCTTAATCTTAAAGAATTACTAATAAATATTATAAATATAAGAATTCCTACAAAGATTAATATAAAAGACAGTATTCCCAAAATACCCGAAAGATTTTGTTGATCTAAAAAATTTAAAAGATCCTTTAGGAAATACGCCCCCAAACCAAGGAGAATGAAAAACCATCCCAACCACAGCTTTTGATTTTTATCTATCTTTAATGCATAGATTAAAGCAAACAAAAGGCCTATTATTTCTGCTAAAAGGTATACAAAATCGTAAATTTGATTAGAAATAGATACATTGAGCAAAGGTAAAAAAGAAAGAAGAATCACCACAAAGAGACTTAAAAAGAGGCTTACCTCCACCACCCTAAGCCCTTTCTCCATATTCCCCTCCTAAGAGTTAATATTTTCTGGACTCAAATAGGAAAAAAGATTGGAAAGTTCAGGATGGTTTTTTATCTTTTCATAATAGTTCTTATAAACCTCCGTATATTTTTCATTCAAAAGTTTCTTTCCCCAAAGTTTGACAAGTTCACCGTTTAAGTTCTTTATAAAGTCAGAGAAAAGATTTACCGCCTCATACCAACTACTTATAACATTCTGTCTTATCATGAATTGATCTTCTACAAGAATAAAAGAGTCCTTCATTAAGCCATTTTGACTGGAAAAAATTTTTTCTACAATTTTCCTTACCCTATCAGGATAAATTCCTATATTTACATAAGTTGTTATTAATTGATTCAAAAATTCTATAAGTGTTTCTATTAAAAAATCTACGTTCTTTTCTATTTCTCCAAATTTCAAGGATGGAAATTTTAATTTCTCAAAGTCCTTTATAGGCATATTATAAAAATATAGATATCCCATTTTAGAATTCAAATTTTGGATGAGTCCAATTTTCTCCTCATCTTCAATAAATTCTCCATCTTTTTCATTATAATATCCCAAATATTTTCCGTTATAAAATAAAAAATGAAAGTTATTTACATCTAAAATCAGATTAAGATGAGAAATATTTGATTTTTCCAAACATTTATCAATAATACCTGAAGGGTCAAAGATTTTAAGATCTCCATTTAGTACCGGATTAGAGAAAAGTTTTAAAAGAATACTTTTTATAATCCTCTCTTCAAGATTATATAAAGATATGCAAGAGACCCTCATCATAGCATCTGTAACAAAAGAATCAATAGCTTCATCATCTTGAAGAAGAAGTTCACTATCTTTATAAGTAAAAGCTTTTCGGGGCTCTCCTTCGGTAATTAGTATCTGAGTTCTAATATCTGAAATCTTTCCCTCTAAAACCCCATCAAACTTTTCCATTCTTATCCATGCCACAAGCTCCTTTAAATTAATTAGTCCTGAAGGGGTATCTTCATATATGGGCTTCCCCTTAGGAAATTTCATTATTTCTATCACCTCTTCTATTTTAACATTTTTTTAATAATTGTATTTTTATTTTACCACAAGAATAATAAGAATATTCCTAAATTCATCTTTTAACTCAAAAGCAATATTGCTATAATAAACTCTATGAGTCTATGGGATTTATTTTTAGTGTTTTTAAAGATTGGGTGGCTTACTCTTGGCGGGGGCTACGTAATGGTTCCCCTCTTTTTAGAAGAAATTGTAAAAAAAAGAAGCTGGATGAATGAAGATACTTTTTTACAAACTTTAACCCTTGCTCAACTTTTTCCAGGTCCTATCGCTTTTAATCTTGCGGTAGCTGTAGGGTATAAACTGAAGAAAATAAAAGGAGCTATAATGTGTGGGCTTGCGGTAGTCCTTCCCTCTTTTGTTTCAATTCTTGTTATTGCCATATTTTTCCTAAGTTTTGAAAAATTAAAAATAGTTCAAGGATTTTTTTATGGGATAAGACCTGCTATAGCATCCGCTATGGTGGTTGCAGTTTTAGAACTTATTAAGAAAAGAAAATGGTCTAAATTAAATATCCTTTCTTTTACGGTGTTATCCATTCTTTTAATATTCTTTAAAATTAACCCTATTTATATAATCTTAATATCCTTAGGAGTAGTGATTTTATGGGTATATATGGGGCATTAATTAGGGTATTTTTCAAAATAGGGCTTTTTGGTTTCGGCGGTGGATATGCTATTATTGCTCTCATAAGACATTTAGTTGTGATTCAAGAGAAATGGGTTAATGATCTTCAATTTATTGATATAGTTGCCATATCTCAAGTCACGCCAGGCCCTATCGCTATTAACGCAGCAACCTTTCTAGGGTATAAGATGGGAGGGATATTAGGAAGTTTATTGGCAACCTTGAGTTCTGTCCTTGCTCCCTTTATCTTAGTATTTTTTGCCTCCTATTTTGTACATAATACAAATCAAGAAAAATATCAGAAGTATCTAAACCTCCTCTCTCCTGTAACTTTTTCTTTAATCCTTGCAGGAACATATGGCATTTTGAAAAGTTCTATCTCAGACCTTTGGAGCACTATTATATTTATTGGGGCTTTCATTCTGGGTTATAAGTATAAACTAAGCCTTACAAAAACCCTAATTCTTTCAGGACTTTTAGGAGAAATAATCTATTTTTTAATCAAATAGAATTATTGCGTAGCATGTAAAAATATGTTAAAATCTTCTTGTCTTAAAGTTTAATTTTTATTAAGAATGAAAAATTGGAGGGTACAAAAATATGTTAAAATTGTTAAACGAATCCTTAAAACCTCTATCAATCTTCATATATTCAGAATCCTTAAGAAAAATTAATGATGATTTATATATTTTTGTAGCTAAAATAAAAGATCTCAAAAAAATAGGAATAGTTAAGCAAAACCAGATCCTTTACTTCTCAAGTCCATATTTTTCTGAAGATAAAAAGATAGAAGGAACAAACTTTTTAGTAAATCTTTATCCTCTAAATTTTGAAAACTACCAAAAATTAAAAGAGATAATTCCTATTTCGCCAAAAGTATGCGATAAAAAGATATCCTTTGGAACAGGAGACAGATTAGGATTAATAACATCAGCCCAGCTTTCTGCCCTTAAAGAATATGATCTCTTCCCAATTCTTGCTCAGCAATCTCCAAGAGAACTCATAAAAACTAAAAGAGATTTCAAAGATGTACTACTAAAAAGTGCTATGGGAGTTTTGGAAACAGGATATACAGGCAAATATGGAGCTGACGCAGATCATATTAAAGATGAAAAATATCTCATGGAAGCTATAGATGCAGGATATACCATGTATACCCTTGATATAAGTGATTTTATTGAAAAGATAAAAGATCTCTCTGAGAAAGCACTCAAAGAAAAATATGAGAAAGTTTCCTCTTTTTCTAAAAAAATTATTGATAAATATGCAGGGAAAAGGGTTAAAATCTCTGACGAGGAATATTTTGAATTATCCTATAATGAGCTTTGCAAATCTGCCATTGTTT
CP001251.1_gap7	190936	192215	1279	AAAGAAAAGCTAGTATTAGCAGTTGATCTTGGAACTACTAATATAAAAAGTGGAATAATCAATAAAAAGGGTAAAATATTATCCCTTATCCAAAAAGAATTACCCCTTGAAAAAGACAATACGGGAAAAGCAGAACATGCGCCTGAAGTAATTTTTAACATATTTGTAGAGACTATCAGAGAGACCACAAAAGGATATGAAGATAAAATTGGTATTCTGATAACCTCATCTTACATGTTTGGAGTTTTACCATTAGATAAAAATATGAAGCCTTTAACAGGCATTATAACCCTTCTTGATACTCGCACTAAAGAGATATTTAATGAGCTTCTAAAAGAAGTAGATTTTAAAGAGGTTTATAAAAGAACAGGCTGTCCTCCCCTTCTTTATTATCCCTTTGTAAGAATTTATTGGCTAAAGAAAAAACATAAGGAAATATTTGACTCAGCCAAATTTTATCTTGGATCTAAATCCTTCCTTATATATAAATTAATGGGAGAATTATATACTGAACCAAGTATTGATTCTTCAACACAACTCTTAAACATACACACCTTAAATTGGGATCCTTATGTCCTTGATTTTCTTGGTATATCATATGAGAATCTTCCCCAGGTAGTTTCCGCAGACAAAATTTTAGGGAAGCTACCAAAAAGTACCCTTAACCTTTTAGGATTAAAGGGGGAAGTACTTTTAGGGGTAGGACTTTATGATGGTGGAGCAGTAGGGAGTGGAATTGGAGCCTTAGGAGGAGATGGTATAGGAGTAATTAATATAGGTACTACTGCCATGTTTAGAGTACCTTATCCTAAGGTAGTATTTGATGACCCTCAAAAAATGAGAATTCAAGTGCCATACTTTTTTGATGGGAAGTGGTTTCCAGGTGGTGGTATAAATAATGCAGGAATTATACTTAAATGGTATAGAGATAATTTATTTAATTTAAGCTATGAAGAGCAAAGCAAAATAGCAAAAGACATAGAGTCGGATAATTTATTCTTTCTTCCCTATCTTACAGGAGAAAGAAATCCTGACATAGGAAGCATTGCTTCGGGAGTTTTATTTGGTTTAAGACCTCACCATACTAAAGCCCATATAGTAAGAGCAGGAATGGAAGGAGTTTCATATATTATAAGAATGCTTTACGAAACTCTAAGAGAATTAGGAATTGAAGTAAAAGAAGTTAGAGCAGGAGGCGGAGGAACAAAATCTGACACATGGATGCAGATTCTTGCAGATATTATGGGATTAGAAGTGGCAGTAACAAGAGTAGAAGAGC
CP001251.1_gap8	204342	205140	798	GAAGAGCTTGCCCAAAGACTTTCTATAAGTAGGTCTGAAGTAGCAAATTTTTTAAGACTCCTTCAGCTTCCCCCTGAAATACAAGAAGAGGTAAGAAGAGGCAATTTAACCTATGGTCACGCAAGAACTCTACTTGGAATAGAAGACCCTAATATGCAAAAACTTTTAGCCCAAAAAATAATAAGGGAAAAACTATCTGTAAGAGAAATCGAAGACCTTGTAAAAAAAAGAAAAATTAGGAATGAAATAGAAATTCCTGAGATAAGATCTCTTGAGGAAAAACTGGAGCAATATTTAGGCACCAGAGTAAAAATTCAGCCTAAAAGCCCTAATAAAGGTAAAATTACTATAGAGTATAAAAGTTTAGAGCACTTAGAAGAGATTATTAGGAAATTTTTGGAGTGATAAAAGTATGAAAGAATTAAATGAAAAATTAATTGAAACATTAATTCTTGATACCTTAAAAGAAATGGTTATAGTATTGGATAAAGACATGAATATAGTCTATGCTAATAAATCAGCCCAAATCTCCCTAGACTTAGATCTCAAAAACATTACAGATAAAAAATGCTATAAGCTCTGGCACTATAGAGACACTCCATGTATAAACTGCCCCGTAATAAGATCTATGGAGACCAAAGAAGTCTCTGAAGGAGAAGTCACTACTCCCGACGGAAGGGTATGGCATATAAAGTCTTATCCCATTTTAAATGAGAAAAACAAGGTTATTGGTGCTATAGAAATAACACAAGAAATTACAGAAAAGAAAATCTTTGAAGCAGAAATTCAATATCTTAC
CP001251.1_gap9	324727	328740	4013	GACTATTTTATATGTAAGTTTAAAAAATATACAGGGAAATCTCCCCAGAATTTTAAGGAAAGTATTTAACTTTCTCTTCATCTTCCCCAAATCTTGAAGGTTATAGGGTAATTCAGCTTTTCAAATTCAGGAATTTTTATTTTTAATCCCTCCTCATTTCTTTCAAATTTAAGCTCTCCTTTTAATCCCAAAAGCTCAACCTTTGCTACTTCTTTTTGGTATAAAGTAAGTTCTGTGCTTAGTGATTTTATCACTATCTCATCCTTTTCAGGCTTATTCATGAGAATGGCATAAAGGGTATCTCCTTTTGTAGTAAATCTTAAATCTCTTCCTGTATAGTTAATTTCCTTCTCACTAAAAGATCCCGCATTTCCTTTTGTGGGTCCCTCCCCATAAATTCTCCATGGTCTTGTTCCATAAATTGCTTCTCCATTTTTAAGTAGCCATTCTCCTATCTCAAGAAGAGTTTTTTGAGCTGCTTCTGGTATGGTTCCATCTGCTTTTGGTCCTACATTAAGTAATAAGTTGCCATTTTTACTTACAATGTCTACAAGTTCCCATATTAACTCTTTGGCGGGTTTGTAAATATCATTTTCTACATATCCCCAAGAAATCCTTGATATAGAAGTATCAGTCTGCCAATATATGGGATCAATATCCCCTAATTCCCCTCTTTCCACATCAAAGACTGCACATTCCCTTGGTACTGCATTCAATTTATAGTTAATTACCACACCTTTCCCCCATTCATGGGCTCTATTATAGTAATAAGCAAAAAACTTTTTTAGGTATGGTTCAAAGGCAGGTTGTTCTATCCACCAGTCAAAATATACTACTTGAGGTTGATATTTATCCACTATTTCCAAAAGACGAAGAAGCCAATCTTCTAAAAATTCCTCAGTGGGCTGCATGGGTTCTGGTTGGGCAGGTCCATATAAATCAAAATAATCTTTATCTCTTACATCGGAATCAAATTTCATTCCCTCATGGAAAAACCACCAATGCTCTGCTCTATGATAAGAAATTCCAAAGGTAAGAAAATTTTCTCTCACGGCTTTTGCCAGCTCTCCAATGATATCTCTTTTTGGCCCCATCTTGCTTGCACACCATCTGGTAAAACTACAATCATACATAGCAAAGCCATCATGGTGTTCTGCTACAGGCACCACATATTTAGCGCCTGCTTTTTTAAATAAATCTGCCCATTCATATGGATCAAACCTTTCTGCTTTAAAAAGATGTATAAAATCTTTATATCCAAATCTTTTGTGCTCTCCGTAAGTTTTTATATGGTGTTCATATTCGGGCGTTCCTTCAATATACATATTTCTTGGATACCACTCATTACTAAAGGCAGGAACCGAATAAACACCATAATGGATGAAAATTCCAAATTTGGCATCCTTGTACCATTCTGGAATTTTATAGTTTTTTAATGACTCCCATGTGGGCCTAAAAGGACCTTCTGGCATTTTGTACCTCATAATATATAAATTTCACCTCACTTTTAAGTTTCTTTATATACCTAAATAATACTACCAAAAAAGCAAATATGGAAAGAATTTTATTAAAATTTTTGGATTTATGTTAAAATTTTAAATGAGGGAAAATTTGTATGAACAGAAGCGATGATTGGTTAAAACAGGCTAAAAGGGATTATGAGAAAGCTCTTCTTGATTATGAACACTCATTTTACGAGTGGGCTTGTTTTGCCTCTCAGCAATCTGCTGAGAAAGCAGTAAAAGCTTTATATTATAAGTTAAATAGAGCTGTAAAAGGACATTCAATAGTAAAGATGCTTGATGGCTTAAAAGAGCTCATAGATGTGAGTGATGAAATTTATCATAGAGCAAGGATTTTGGATAGGTATTATAAGGAAAGTAGGTATCCTAATGGATTTCCTGAAGGAAGTCCTTATGAATTTTTTGATAAAAAAATTGCAGAGGAGGCTCTAAATGCTGCACGAGAAATTATTGGGTTCTGTGAAGATATTATCAGTAGATTATGATGCTTTAATAAATAAATTAAAAGAGATATCCTTTTTCATAAAGGAAAAGAATAGTAAAGTTATTAAGATTATGCTTTTTGGTTCTTTTGCAAGGGGAGATTATACTCCAGAAAGTGATGTGGATATAATGATTATAGTAAAAAATTCTGAAAAACCTTTTCTCTTTCGAGCTGATGAGTTTTTGGATTATTTTAAAGAAGTTCCCTTTGACGTGAATATAATTGTTTATACAAAAGATGAAATTGAAAAGATGGAAAAGGATAACAATATTTTTATTAAAGAGGTTTTAAGCTATGCTGTGGAGCTTGGGTAAAAATTTATCTTAAGTTTTCCTTTAACCAATTTTTGAAATTGTTTAGGTCCTCTTCCACAATGCTCCAATTTTTTGTTATTTTTTCTTTCAACATATTTACTTTTTCTGGAATGATTTCATAGTTATATGCATGCCTGAATATATATCTAAATCCTCGGAGTTCATTTAAAATAATAAAACTTTCCTTTGAGAGTACCTTAGGTCTTATTCCTGGAATTTCTATGGACATTCTTTTTAAAATCTCTTTATGAAAGAAGGATGCATTGTATAGATTGTGTAGGTTATAGGCTAAGTATATGGTTTTTTCTTTCATCTCTGGGTTAATGTTTTGTATTTCTCTGTATATTTTCTTAACTTCTTCCTCTTGAGAAAGGATATATCCTAAAAGAAAGCTTAATCTTTCCTTCTTCATTTTATTCTCAATCCTCTTTCATATATGATTTTTCTAAATTTACAATACTCAATTTCCACAAGATCTATGTTTCTTCCTATGATGTCCTCAAGATCAGAGAATATTTTGAAAAAGTCCTCTTTTAATCCTTCTACTGCTATATCCACATCTGAAAAATCATAAAACATATCCTCTTCTAATATGGAGCCAAAAATGTAAACTTTTTCTACTTTCTTTTCTTGAAAGTATACTTAAGTTTTGGGATTATATCTTCCAGTAATTTTTTTTCTCTTAAGCTCTCTTTCTTCTTTCTCTTTTAAAAGTTTTTCTTCCCAAACTGAGAAGTCAAACATGATTATAGTATAGCATAGTTCACCCCCAAAGCCCCCAATATATACTTTGGGAGACTTTGGGGGAAGAGGGGGGAGGAAGTTTGTATTACAACTCTATAGTAATCTCTTTAATTTTCTTTTCAGGTACAATTTTTATACCTTTTTCGGTTCTTTCTATTTTTCCACCAGTAATGTTTTTAGCCTCATTTATATTGAAGAGTAATATAGAATAGGGTTTTTCAGAATCTTTTTCTACGTTTATCTTTATTATGTTTTTCTCTTTAATAAGATTTACTTTTAAATCTACTTTTCTTTCTTGGTTGTAAACCTCGCAATATATTTTCTTTCCCTCTTGGGGCTCAAATACATATAAGATTACATTATTAGCATAATCATAGTCAGGTTTTTCTTTGTTTTCTCCCATAGGGATAATACTTCCCGGTCTTGCCATAAGGGGTAAGGAGAAATAATCAAACTTTTCTTTATACCATTTTCCTCCATCTTTTTTCTCGCCTGTCAAAAGATTGGTCCAAACTCCTACATTGGGAAGGTAATATTCTACCTCTCCTGTTTCCGAGAATATAGGTGCTACTAATAGGGAGTCTCCTAACATATACTCCCTGTCTAAAAAATGGCATGTAGGATCTTCTTCAAATTCAAGTACCATTGCTCTTAGCATTGGAATTCCCTTTTCAACTGCTTCTATTGCCTTTGCGTATAGATATGGCATAAGATTACATTTTAAGTTTACAAAAAATCTCAACACATCTACTGCTTCTTCATCATACACCCATGGTACTTTATAATCATGATTTCCATGGAGTCTGGAATGGGAAGAAAGAAGTCCAAAGGCAACCCACCTTTTATATAGATCAGGGGTTGCAGAGCTGTCGAATCCTGCTATATCATGACTCCAAAAACCAAATCCACAAAGTCCTAAGGACAATCCTCCTCTTAAGGTTTCTGCCA
CP001251.1_gap10	346940	351826	4886	TAGCAATAATGTTGGAACTTCTAATTCTCAATTTGTGGTTATATATAACAATTCAAATACCCCTGTTGATCTTAGAGGATGGAGTATAAATGGTAATCAGTTTACCACCTTGGTAAGTGGTACTTGGACATTATATCCTGGAAAGTCAGCTGTTATTGGGTCATCGGGATCAAATCTTATTGATACTTATTATTTTCCTTTACCTTACTATGCTTCTTATATAAAAACTTCAAGCGGTGGTTTGGGATTAAATGGAAGCCCTCTTAGTTCTAATTCGGATACTGTGGTACTTCGTAACAATTTTAATAGAGTAGTAGATCAAATCAGTTATTCTTCTACTTGGGGCGGATATCCTAAGAGTACTTCAGGGCGATATAGGGATTTTTACTCCTTGGTAAGGAAATCTTTAAATGCTCCCTCTCAAGATCCGAATAATTGGGGTGATTCTCAAAATTTAAATTTTGTGATTAATCAGGGAAACGTTGACTATGTAGCTTATTGTTTGCTTCCCAAACTTGTAATCACAGAAGTCATGTATTTACCTTGTCCTTATGTGATTTTGGGCTGGTCAAATTCAAATCAGAATGAACGGGAATATATTGAAATTCATAATCCCACCTATTCAAGCATTGATTTAACTATAGATTGGTCTAAGAATAATTTTTATTCTGTTTATACAAATTCAAATCCTATCTATTATTCAACAAAATGGATCCTTAATCCTGGAGAGTATGCTGTTGTAAGTAGTTCTGCAGCAAATATAAAAAGTTACTACGGTTTATCAGAAAGTATTATCTACATGAAAACAAATTCACCATCCTTAGCTAGTCCTACATATACTAATCTACCTGATACTTCCTTTACTATTACTCTTTTACAAAGAAATCAAAGCTTTAATCCTCCTAATGGTACAAATAGTTATACTATTGATTATTTCTATTACTCCCCATCCTTAGGTGGATTTCCTTATACTTCTACTTATTTAAATAGGTATTATTCTATTGAAATTAAGAATTTAGGCTTACTTGGTCTATTTAGGAGAGAAGATAATTATGTTCGGAATGTTGCCTCTTCTATTAGTCTTTGTTATACTGTTTTTATTCAATGGGAGAATAATAATCAAGGTAAGAGATATGAAGTGTATTGTAGTCCTGGTTCTAAAAATTCGATCTCTCCTTAAGTATCTTTCTTTTTTTGCTTTAAAAGGTGATTTGGTTTGTTAGAGAGGGCAAGAGTTATTCTTAAAAAAGGAGTGCATACAAAGGTTGTTAGGGGAAATCCTTGGATTTATGATAATGAGATATTGAAGATTGAGGGAGATTTTTTGCCAGGGGATGTTGTAGATATTTATGATGTAAGCAAAAGCTTTATAGGAAGAGGGTTTATAAATCCCAATTCAAAGATAAGAATAAGGATTCTTACAAGAAAGGAAGAGGAAATAGATAAAGAATTTTTTAGAGAAAGGATTCTTAAAGCTTGGGAGTATAGAAAAAAAGTAGTAGATACCGATTCTTGTAGAGTGGTTTTTGCTGAAGCAGATTTTCTTCCAGGACTTATTGTGGATAAGTTTTCAGATATTCTTGTGATTCAAACCTTAACTCTTGGGATAGATAGATTTAAAGAAGTTATAGTGGAAGTTCTTGATGAGATTTTTCAGCCAAAGGGTATATACGAAAGAAACGATGTCTCAGTAAGAGAGCTTGAGGGACTTCCTCAGGTAAAAGGTTTTTTAAAGGGAAATTTTGATACAAAAGTGGAGATAGTAGAAAATGGAATAAAAGTCATTGTGGATGTAGAAAATGGTCAAAAAACAGGCTATTTTCTTGATCAAAGGGAGAATAGGGCAAGTTTAAGGGGATTGGTAGATGGAGCAGAGGTTCTTGATGTCTTTTGTTATACAGGTGGATTTTCTCTTCATGCATTAAAATATGGAGCAAGTAAAGTTGTGGCGGTGGATTCATCGGGTATTGCTTTAGAGATAGCAAAGGAAAATGCTAAATTAAATGGATTTATGGATAGGATAGAGTTTATTGAAGAAAATGCTTTTGATCTTTTAAGAAGATTTCATAAAGAGGGGAGAAGTTTTGATGTGGTGATTCTTGATCCTCCTGCCTTTGCTAAGTCATCAAAAAATATTGACGGGGCTTTGAGAGGATATAAGGAAATAAATTTGAGAGCCATGAAGATAGTAAGGGATGGAGGATTTTTAATTACTTGTTCTTGTTCTCAGCATATTACAAGGGATCTTTTTGAAAAAGTCATAGAGTCTGCTAGTTTTGATGCCAATAGACTTCTTCGTCTTGTAGAGTTTCGCTATCAAGCAAAAGACCATCCTATTCTTCTTTCTCATCCTGAGTCTTTATATCTTAAGTGTGGGATTTATCAAGTTTGGAAAAAGTTATAATCTTATAACCGATTTTAATTCCTCTCGGTTTTCATAAAGCACTTCAAAGATGTCTTTATCAATGTAGCCCTCTCTTGCAAGTCTTCTCATATAATTTATAGCCATTTTCTCAGAGACTCCTTTTCTATATGGTCTATCCTCTAAAAGAGCAGAGTAAATATCTGCAGTGGCTACAATTCTTGCTTCAATAGGTATTTCATTTCCCTTTAGTCTAAAGGGATAGCCTTTTCCATTTAATTTTTCATGATGATAAGAAGACCATATAATTATGTCCTCAAAGGGAATGGAATTCTTAAGAGTTAAAAAAGTTTTAAAGGGATGCACTTTTATGTATTCTGTTTCTTTTCTTGTTAATTTATCTTTTTTTAATAAAATTTTTGAAGATAAGGCTACTTTTCCAATATCGTGAAGATATCCTGATATTCTTATTCTCTTTATTTTTTCATCATTTATATTTAAATTTCCTGCCAAAAAGGATGAGATGTTTGCTACGTTTCTTGAATGTCTTACTTGAATCCTGCTTCTATAATCTACAATTCTTGCAATGGCTTTTGAAAGGAGTAAAAAGGAATCAATATCAAGCTTTATATCGCAGTAAAAGTCCTTAGGAGTTATGTTATCATAATTTATTTCAAACCAAAAGGATTCCTTTTGAGAAAGATCATAAAAAGCGTTAAGTACATCAGGATGGAATAAATTCTCTCCCTTTTCTTTTATTTTTTTAATTATCTTATTCTTCTCTTTTAGTATATATTTACTTTTGTCATAGTTTTCATCAATATGTTCTGCAAGGTTTAATATTTGGCTTTCTATAGGTATTTTTTCATCTTGATAAAATTCTCCTCTTCCTAAATTCCAAGAAAAATGATGGTATTTTATTATGGTGGCGGGTCTTTCTAAAAAGGGAATATCCGATAGGAATAAGCTACTTTTTAAGGCATGATCAGAAATTTCCTTATGGTTGTAATTATTATTCTTGTTCCCATTTCCTGCATCATGAAGTAGGGCTGAAATGACAAGCTCATATTTGGATTTTTCTGGGAGCTTTAGGTGGTTTGCTATAGCGAGGGATATATTAGCTACCCTAGAAGAATGTCTTCGGTTTTCAGGAAGCTGACTATCCAACTGTTCAGAAAAAGCAAGCAAAAAAGCAAGTAGAGACACCATTTTCTCCATAATTTTTCAGGTAATTTTAACACGACAAATTTTTTTTGTCAAAAATAATAAACCTTACTATTAAATTATTTTACCCTTAAGTTTTCGAAATTATTCTTTAATCAATGAAAATAGTTTTACCCTTTTCTGGATAAATTAACCTGCAAAAATTCTTGAATTCCATCTCCATTTAGATGTCCGCTGGCATGAAGAGGGGATTCTTCTCTTTTTTCTACTAAATTTCCCCTTATCTCTAAGTTGAAATATCTTAGCCAATTTTCTACTTTTTGCTGGTCTATTTTCATCTCTTCATTGAAAGCTTCGCTTGAGGAGAATATATATACTCCTTTATCAGGTAAAATGTCTAATAAAATATGAAAATCATAATAGGAGATGCATAAAATATAGTCCTTTGAATTTTTATTTATCTCCTTTGCTGTTACGACTTTTCCAGGAATATTTTTATATTTTTGAAGAAGGTTTTCTTCCCAAGTGTCATAATTTCCTTTAGGCTTTGCGTAAAAGGTTATGAATTCGTCCTTTTTAGGGTCAGGATATCCTATAAGAGATAGGCTCTCAAGAAGATATATGTCTTTTAGGGTTAGGACTAACTTTCTTCCTGTTTCTTTTTCTACCTCTAAAAAAGTTAATAACCTATCAATATTTCTTGGACCAAAATCTGCAATTACGTAATGAAAACAAGATTTAACTATCTCTAAAGCTTTTTCTTTTACTTTCTATTCGGTATAAAGTTTTTCAATATTAGGGTGGGTGCCTTCGCATATGAACACTTTTACATCCATTTCTTTTAAATTTTTCATAAATTCCTTTGTTAAATTTCCATTTCTTTCGTGTAGTCTTAAGTCTACTGTGTATACAATCCATCCTGCAGAGGTTTTTATAGCAAAGCTTCCTGCTCCTGGAATAGAGTGATCTACAGGAAAAAATATAATTTCAAAAGGACCAATATTAAATTTATGGTTATTAATTTCTAAGAATCTTTCGTAAAGATCGCTTATCTTTTTCTTTTCTATCTTTCTCCAGAATTCAAGTATTTTATCGTTGAAATTTTCTGCATAGGTGATGTATTTTCGAGGTTAAAGAAGTTATTATTGGGATTTTATGATTTATATAGGGGAGATAGCCTATGTGATCTAAGTGGGCGTGAGATATGAGTAGAGCAAGAGGCTCTATTTCTCTATAAAGAGAATGTTCTTTAAAATCTCCCCAGATTCCAGGAATTTCTAAATCTTCCCTATATAAACCTCTTAAAGGAGGAATAAGGCTTAGGTGTAAGTGGTCATAAATTCCTAAAATTTGCCTTGGC
CP001251.1_gap11	382858	386742	3884	TTCCAACAAGGATAAGAAGTTATTAAATCCAATTAATTTAGGTGCACTTATAAGATCCCATTCTGAAAAACATAAGATAATGGAAAAAATTAGGGGACCAAGACCAAAGAATATTAATCCAAAAAGCCAAGGTGATAGGAAGATATATCCTATTAGGTTTTCTATAAATCTATAGCTCTTTTTTATCATAATAGTAACTCCTTTATTTTTCTAATTTTTTCCAAGCCTCTTGTAAGATTTTGTTAACTCTGTCCTCAGCGGTTTTAGCAGCCTTTTCAATATCAACCTTTCCTTGCCAAGCATAGCCGAGGGTAGTTTCAAGCATATTATTCCATTCTAACCAAGAAGGAGTAAATTCAAGAGATTTGAGTTGTCCCTTTTCATATAGAGAGAAGATAGTGAGAGCGGATTTAATGTTAGGATCGTCGAAATATACTCGGGTTTTCAATTTAAGAGCGGGTATAGCCTGATGTTCTTTTCCCATAATTTCCTGCCCTTTAGGTCCAGTAGCGAACTTAATGAATTCCCAAGCAGCCTCTGGATATTTAGACTTAGAGTAGATAGCGAGGGAAAGTTGGTTAGCGGACATAAATCTTCCAGCAGGTCCTGAAGGTATAGGAGCGATACCCCAACGGAAAGGTAGTTTTCTATAGCTAACAATGAAAGAAGATATTCCGAGTGTAGTTGCGAAGTTTCCAGTCATGAAAGGATCGGAGAGTCCCTGCATGAAGGACTCAGAGGGACAGACCTTATATTTATATCTTAGTTCATACATAAATTTAAGACCCTCAAGGGATTTAGGGTTAGAGTAGATGGTGCAGGATTTTTTATCCTTAGAGAGTACAGTACCTCCTGCGCTCCAAATGATAGGATAGAGTCCACCCTCACCCCAAGTAGGGACATAAGTTCCCCAGATTTCAGGAGTACCATCTTTATTTTCATCTATAGTTAATTTTTGAGCTGCCTCAATCCATTTATTCCAATCCCAAGACCAGTCAGGATATTTAATCTTATACTTATCAAAAATATCTTTGTTGTAGAACATTATACCGCCTAAGGTGATATCCCTTATCATAGCGTAAATCTTTCCATCCCATTCACAAACTTCCGGATCGTAATAATAATTCTTAAGATTTATATCTCTCCTTATCCATTCGGTTATATCTTTGAACACTCCCTTTGAGGCTAAGTCTATGAAATAAGCTCCATCCATTAAGATCACATCTGGTGCATTTCCAGCTGCAATTCGGTTTTGTAGTTGTTGCCAATAAGCTCCCCAGGCAGTAGATTCTAAATTAACAAATATTTTATTTTGGGACTGATTAAAGGCGTCAACGATTTTTCTCTCTACTTCAATTTCCCTTATATCTCCCCATCTCATGTAAGTAATTTGGATTTTGCTCTGTCCAAGAGCTGAAAGAGACAATAGGATAATCAAAAAGCTAAAAATTAAGAACTTTTTCATTTTCAAACCCCCTTTAAAACTTGACTACTTTACTCAAATTCCTTGGGCTCTCTACATTTATGTTTTTACTTTTAGCAATATTTAGACCTAATATTTGTCCCCATATGACTTTTAAGAAAAGGCTTTCGGGAAGATCGGAAATGTAAAAGTCAGATCCCTTTCCACCTATGGTTATTACTTCTGCCCCATAGCTTTTTAGTTCATCGATTAACGGTTCTTCAGCCTGAATTCCTTTTGTATATATAGAAACTAAAAAGCCCTTTTCAAGAAGAGATTTGGGACCATGTCTATATTCAAAAGTAGAATAAGCTTCTATCTTTGAAAGCGACATTTCTTCCAACTTTAGGGCAGATTCTCTGGCAATACCTTCCTCTGCTCCAAGTCCTAAGAATATGTAGTGGTTATAATGGGTATAGTTTGAAGATAATTCATTGGCAGTATTTATTATCTTTTCAATTTCATTTAGTAGATCTTTGTATATGCTTAAATCTTCTCCTTTAACAAAACTTGCTATCATCTCTATGGTAAGAAGCATAGAGGAGAAGGATTTTGTCATAACAATAGCGTCCTCTTTTATGGGCAGAACAATGGAATTTTGAGATATTTTTACTAAAGAGCTTTCTTCCTCTAAGGTGATACCAAGGGTTGGAATTCCATACTCTTTAAATTTTTCTCCTGCCTTAACTACTTCGGTAGATTCTCCAGAGCGAGATATTAATATGGCAGATCTTCTTAAGTTTTTGAAATCTCCTATATTTTCCTTTGGAGAAAACCATATCTCTCCTCCGGGAAGAGCTTTTGTTTCCATGTTAGTTTTAAAGGTGAAAAATCTACTTCCCGAAAGGCTTAAGTATAAAGAAGTTCCACAACCTATAAAATATATAATGTCGGAATTTAAGATAAATTCAGGAAGATTATTACTTTTTAAGTAATTCTTAACATAATCAAAAACCCTTGGAAGATCTGTGATTTGTTCTTTTATTTCCTTTTCTACGATATACATAAACAAACCTCCTAAACAACAAATTTTTGACTCCATTCAGGGATTTTTTTGAACTCTTCAGGTATAGAATCGGAAACTATGTAATCTAAGTCATCAAAATCGCATACTTTAAAAGGTACCGATAAATTAAATTTTGAACTGTCCGCAACAAGTACTTTCTTTTCAGCTTTTGAGATTATGGTTTTTGCTACTTCTGCCTCTTCCATATCAAAGAAGGTGATACCATTTTTAATATCTACCCCGTTAGCCCCAAAAAAGTAGTAGTCTATTTTCCCTATCTCTTGGAAGAATTTAATCACATGTCCTCCTATGCACTCAAAGGATTTTTCTTTTGTGGTTCCTCCTGAATGGATCAATCTGAAATTTTTCCTTAAATTTATTACTGCCCAAGCAGTGGTGATAGAGTTAGTTAAAATGGTTAAATTAGTAATAGGACTTTGATCTAAGGCTTGTACCATGTAATATATGGTAGTTCCACCACTCATGGCAATGATAGAGCCATCTTTTAAAAGGGATAGAGCTTTTTTGCCTATTTCTTTTTTGATTTCTTTGTTTTCTTCAAGTTTTAAGAAAAAGGAATTCTCTGAAGAAATACTTGTTGCTGTTGCTCCGCCTCTTACTCTTTTTATAAGTCCTTGTTTTTCCAAAAAGTTTAAGTCTCTCCTTACGGTGATTTCTGAAATAGATAATTCTTTTGCTATCTCTTGTACTGTAAGATAACCTTTTTCTCTTATTAGTTGTAAAATCCTCTCAAATCTATATTCTTTCATTTTCATTCATTTTAAATCAATATTTGAATTTTTTATTATTATAACAGATATTTTAGAGATGTAAAAGGGGGGGAGTGAATTTTATTATTCTTCCTTTAAGGCTTAATTTTGCCATATCTACAAAATTAGATCGTTAAATTTTAAAATTGATCTTTTTTAATCATTTTTATTGTAAACTTTGATTATAAATGATATAATAGCACTAAAAAGTTAAGGGAGGTGTCTTCATTGAAAAAGCTTCTTAGTCTTTTAGTGGTTTCCCTTTTGGTCCTTTTAATGATGGCTTCAGGACAAAAGACAGTAACTATTAGATATGGTGTATGGATGAGTGAGCAATTAGATGGTATAAAGGCTCAAATTTCTACTTTTGAAAAGAGGTATCCCAACATAAAAGTGAAGCTTGAGCATGTACCTTGGGAAGATTATTGGACAAAGCTTCAAACCATGATGGCAGGGGGAGATTGTTGGGACGTTTTTACTATGGATACAGGTTTTTATTTACCCGATTATGTAGCGAGAAATGCATTGGTAGATATTACTCCATTCATAAAAAAAGACAATCTGGATTTGAGTGTATATCCATCAGGAGTTTTAAAGCTACATAATTTTGAGGGTAAATATTATTCTCTGCCCAGAGACTATGATA
CP001251.1_gap12	422890	426765	3875	CCCAGCCAGGTAATAACCATAATTATGGGTTCACTTCTTGTAGGAACAGTAGTCATATCTAATTTGTTAGAACAAAGAAGGGCAAGGGCAGTCAAATAAAGAGAAAGGTGGTGTGAAGAATATGAATAAAGAAATAGGTGCAAAGATTTGGCTTATTCCTGATGCTTATTTGCCTGAAATTGGCGATCCTAATTTACCAAGCCATGAATCAACTTGTATTTTAAATGTTAATGATAAACCCGCTAAGGTTAAATTCACTTTTTATTTTGAAGATAGGGATCCCATAGAATCTAAAGAAATAATTGTACTTCCCGAAAGAACTTGGCATGTAAGACTGGATAAATCAGAGGAGATTCTTGGAGTTAAACTTGAAAGAAATGTGCCTTTTGCAATAAAGGTGGAGAGTGATGTAAAGATTGTAGTTCAGCATTCAAGACTGGATACTCGTCAACCTAATCTTTCTTATATGACTGCCATAGCATGGAATGTTGATTAATGTTATTTTAACTTGACATTGTGCTTATAGATGATACTATATAATGAAAAAAAATAAAAAATAAAATTGAAATAAAACGAAAATAAAAATAAAAAACTGGGTAAGATAGGAGGTGTTTAGATTGCCAAAAGAAATACCTGTACTTCCAGAATTTGAACCAGGATATATTGAGGTAGGTGGAAAGGTACCTAAGTTTCAATATAGAAAATCTTTAAAAGAAGAATTAAAAGAGGGGAGCATAACTAAAGAAGAGAGCATAGATCTTTTCAAATGTATGCTTATGATCCGAAATTTTGAAGAGATGATCTATGAGTTAAGGGTTAATAAAGGTAAATATGGGAATATTAGGTATCTATATATAGGTGCTACTCATCTTTCCATTGGACAGGAAGCAGTTCCCACAGGCGGAATTTCAGTTATTAAGAAGGATGATTATATTACTAGTACCCATAGAGGGCATGGTGATGCCATAGCTAAAAGCTATTTTGGATTAAAAGATATGAGTGAAGAGGAGCTGATAGCTTTTATTGAAAATAACAAAGAAATTGCAAATTTTTTAGGATATGATTGGAAGAACAAAAATAAAAATATTCTTTATCAATATGCCCTTGATATTGAATTATTCAAAGCAATAGGGGAGCTTTTTGGAAAAGAGTGGGGTGCTTGTAGGGGAAGAGGAGGATCCATGCATATTGCGGACTTTAGTGTAGGACATTTGGGGGCAAATGCTATTGTTGGTGGTAGTATGGGAATAGCTGTAGGGTCTGCTATGGCTTCAAGATATATGGAAGATGGTAGAGTAACTTTATGTTTTATAGGGGATGGAGCAATGAATACAGGAATAGCTCATGAGGCAATAAATATGGCATGTATGGCACAATTTACTAATGGTCTTATGAGTAAAAAATTTGGAGTTCCTGTAATATTTATGGTTATGAATAACCAATATGGTGAGTCTGGACAACAAAGGGGCGAAGTAACAGGAATAGATTTTATTGCAGAGAGAGGTTTTGCGTATAGTAAGAATGGTATGCATGCAGAAGTAGTAAATGCTATGAATGTGCTTGCAGTAAGAGATGCAGTCAAAAGAGCCGTGGAAAGGATAAGAAAAGGAGAGGGGCCAGTTCTTCTTGAATTTTGGGGATACAGATTTATGGGACATTCTTTAAGTGATACTTTGGAAAAACCAGAAAATGGTACTTATAGAACCTACAATGAGTTACAAGCATGGAAAAAATATGATCCATTGGAGATTTATGCGAAAGAGTTGATAGATGCAGGAGTACTTACTCCTCATGAGATTGAAAATCTGAAAAAAGAATATAGACAGAGAAATGAGAATATTGCTGCAAAGGTAATTGAATCTCCTAATCCCGACCCTAAGGATATGACAAAATATGTTTTTAAAGAAGACTCCATAGATAGTTTTGTGCCTGAGAAGTTTAGAAACGTTACAGTGCTTAAGGAACCAAAATTTAAGGACAGAGATCCAGAGGTAGAGATAAACTACAAAGAAGCAATTATTGAGGCATTATATCAAGAAATGAGGAGAGATGGAAGAGTACTAATGTGGGGAGAAGATATAGCTGATTATGGTGGTTCTTTTGGAGAAACAAAGGGACTCTTAGAAATATTTGGAAGGGATAGGATATTTAACACCGCAATTTCTGAAGCAGCAATAGTAGGAGCAGGAGTTGGAGCGGCAATGAGAGGTCTGAGGCCTGTGGTGGAGATAATGTATATAGACTTTATTTTAATTGCTATGGATCAAATAGCAAATCAAGCTGCTAAAATGCGCTATATGTCAGGAGGACAAGCGGAAATTCCTCTCACCATAATAACCACTATTGGTGGTGGTAAAGGATATGCAGGTCAACATTCTCAGAGTATTGAGTCAATTTTGACCCATTTCCCTGGATTAAAAGTTGTTGCTCCATCAGATGCTTATGATGCCAAAGGTTTATTGATAGCTTCTATAAGGGACAAAAATCCTGTAATTTATATAGAGCATCAAAATTTACTTCAAGATCCTTTATTACTTTCTTTGTCCAAGAGAAAAGTCCCCAAAGAAGATTATATAGTCCCTATTGGTAAAGCAGACATTAAGAGAAGAGCTAAAAATTATGATAAAAGTGTTACTGTAGTTTCGTGGTCTGCCATGATTTACGCCGTATTAAAAGCAGCAGAGGAATTGGAAAAAGAGGGTATTGAATTGGAGGTAGTAGATCTTAGAAGTCTCTATCCTTTAGATATGGATACTATTATTGATTCTGTAAAGAGGACAAGAAGGTTTGCTGTTGTTACACAAGCTGTGGAATTCATGTCTCTATCTTCCGAGATAATAACTCAACTTTATCAAAAAGCCTCATCTTTTCTTATTAGACCTCCAATAAGAATAGGCGCTCCTTTTTGTCCTCCACCAGCTTCTCCTGTTCTTGAAAAAGCATACTTACCTAATGACAAAAGAATTATAGAAGAAATTAAAAAGTTATTCTAACAAGGAGGTAAGAATTTATGGTTAAAAACATTGTTATGCCTAAGGTTAGCGATGTGATGGAAAACGGTACTGTTACTTCTTGGCTTAAAAAAGAGGGAGATAAAGTGGAAAAGGGTGAGCCTTTATTGGAGATTGAAGTGGAAAAAGCCATAATGGAGATAGAGAGTGAATACGATGGGTATTTGAGAAAGATACTTGTAAAAGAGGGAGAAACAGTACCTGTAGGAACTGTCTTAGCTTATATTACTGATACCTTAGATGAAAGTATACCTGAGTAAGGAGGTTTAAACTTTGAGTGGTAATAATGTGATAAAGAGAATCCCTTTGAATACAGTAAGAAGAACTATCGCTGAGAGGTTATTAAAAAGTAAGCAATCAATACCCCATTTTTACGCTATTGCCGAAGTTGATACTACAAACTTAGTTGAGACAAGAGCAAATTTTGTTAATGAGAAAAATATAAAAATTTCTTATGATGATTTCATAATTAAGGCTACTGCTCTTTCTATGAAAGAGTTTCCGTTAATAAATGCCCGATTTAAAGATACAGAGATAGAGCTTTTGGAAGACATAAATGTGGGTTTTGCTGTAGCTTTAGGGGAAGAAGGTGTAGTGGTACCTGTTATAAGAAATGCTGATAAAAAGCTTATAGCTCAAATATTTGAAGAAAGGATTTCTCTTGTAGAAAAAGCAAGAAATAGAAAGTTAAGAGTGGAAGATATATCTGATAGAAGCATTACTGTAAATAATGTTGGTGTGTTTGGAGTAAGATCTATACTTGCTATAATTAATCCCCCTGAAGTAGCTATTGTTACCTGTGGGGCTATTCAAGATAGAGTGGTGGTAATTAATGGAGAAATAAAAATTAGGAAGATGATGGAT
CP001251.1_gap13	432000	432872	872	GGATCTGCTAGGAATATAAAGGAGAAACTTCAAGATGCTGCAATAGTGCATAAATTAACAGGGATATGTCCCACTGTAGCTCTTCATATTCCATGGGATATGTATGATGATTGGGATGAACTTCTAAAATATGCTGAGTCTCTTGGAGTAAAACCAGGAGCAATTAATCCTAACCTCTTTCAAGATGACGATTATAAGTTGGGAAGTTTAACTCATCCTGATAAAAGAGTAAGAGAAAAAGCCATAAAGCATATTTTAGATTGTATTGAAATAGCGAAAAAACTTGGTTCAAGGGATATTTCTTTATGGCTTGCCGATGGGACTAACCATCCAGGTCAAGATGACTTTAGATTTAGAAAACACAGATTGGAAGAGAGTTTAAAAGAAGTATACTCTCATTTGGAACCTGACATGAGGCTTTTAATAGAGTATAAATTCTTTGAACCTGCTTTTTATCACACTGATATTCCCGATTGGGGAACCGCTATTATACTTTCTAAAAAACTTGGAGATAAAGCTTATGTTCTGGTGGATTTGGGGCATCATCCTCTTGGGACTAATATTGAGCAGATAGTTGCTATTCTTCTTGATGAAGGAAAACTTGGTGGTTTTCATTTTAATAATAAGAAATATGCAGATGACGATTTAACTACTGGTTCTATTAATCCCTATGAACTGTTTTTAATCTTTAATGAACTTGTCTCTGCTGAGCAAGATGGTTTAAAGATGGATATAGCTTATATGATAGATGAATCACACAATTTAAAGAATAAGATAGAGGAAATGATACAAAGTGTAGAGAATATATTTAGGACCTATGCTAAAGCTCTAATTGTCAATAGAAAAGCTCTTAGAAGATATCAAGAGGAGCA
CP001251.1_gap14	440252	443582	3330	TCCTGATGGTTGGACTGCCATGAGCTCTAAAGATCCTAATACTGGTGAGACTATATGGTTCTATCCGGATACTGAGAGATTTTATGAGTATGAAAATTATGGACCAGGAGCAATAATAAATGATAAGAGACGTCAGCTTACAGGAGATGATGTAAACTATTACACTAAAGAAAACTATCTTGGGGGATGGGACGTGGAAAGCTTTATTAAGAATTTATATGAGGCCCCTAATTAACTTTTGAAGGGAGGGAATATAAAGTGAAGAAGATAGTTTATCTTTTTATACTTCTTTTGATAATTGTTCCTGTATATGCTCAAACTTCAATTTCTACAAAAGTTGAGTTTTCAATGAAGTATTATCCTGATTCTCAAAAAATAAACTTCAATCCTAATTACTATTTGTATTGTAATTTTAAAGATTTGAATATATCCGCCTTTATTGATATGAGAGATTCTGGTTTTAAGGGGGGATATCTATCTCTAACAAATATTGGAAATATTTTGGATATTTACTTCGCTAAATACTACATTTCAGTGGAAGGTACTAAAGCTCTTTGGGATTCTCTTTTATATAACAGGCTAAATTTAAATGGAATCCAGATTACTCTAAAAACTCCCGTTAAACTTACTCTAACTTATCTTCCATCTCTTATTGAGTCTGATGTAGCTTTTAATACCGGAAGATTAGTCTTAAAAGCCCAAACTGATGTTCTTTCAAAGTTTTTGGGGCTTAATCTTTATGGCCTTTATGATATGAATATGCAGATGACTGTGAACACTTTTTTGGTTGGGGCAGAGGTAAAACCCTTATCTTTTTTGAGTCTCTTCTTTGAATATGGAAATAACTCAAGAAATTGGGCTGTAGGAGGAACTATTAAACCAGTCAATAATATAACCTTGTCAGGGTACTATAGGGGAGATGGAGGTTATAATGTTGAAGCAAGTATTTCAGATATTATTCCAAAGCTCTCTCTTTATGGAGCATATTACTCTGCTCCTGATTCTCCTAACTATGTGTATGGACGTATAGTACTTCCTCCTCTTCCTTTTGGAAATATTGATGCATTATTTGGACAATATACTTCTTTAAGTACTTCTTACGTATGGTATGTAAGATTAAGCTCAAGCTGGGGTAAGGTCTCAAATACTCTAAGATTTTATAAAGGGTGGAGCTTTGGAGCAGGTTGGTTTGATACTACGATTCCTACTACTTTGGAGGAAGTGGTTTCGGTTAGCTTTTAATTTTTTAAACATTATATGCAAATATTTTGCATAATGATAAAGAGGGGAGGTTAAACACATGAGATTAAAAAGATATATGAGTATTTTGGTGGTAGGGTTATTTCTATTAGTTATTTCAGGTTGCAGCCCTAAAATAATAAATGTTCAACCCTCTATAGTTATAGAGGGTTATGATGAACCAATGATAGGTTTTGCTACTATTGGTGACGGTACTACTGGTGGTGCTAAGGGAGAAGTTGTAGTGGTAAAAGACTATAAAGAGTTCTTCAATGCGGTTTATCATAGTGATGATACTCCAAGGATTGTTCTTGTGGATGGAACCATAACCTATACTATCTCCTATTATTTAGAAGATCCAAAATATGTGAATACTATAAATATTGCGTCAAATAAAACGATTATTGGGCTTGGTAACGGTGCTACTATTGATGGGATATCTTTGAGGATTGGAAGGCAGGGCGATCCTGAAAGTAACATTATTATAAGAAATATTACTTTTGATAATGCTCCAGATGACAATATATCCATATGGTGGGGTTCACACCATATTTGGATAGATCATTGTACCTTTAGGAGAGCAGTTGATAGTAATGTGGATATAACAAGACAAGGAAACTATGTTACTTTGTCTTGGAACATATTCGAAAAATTTGCAGGGGAAGGGTCAAAAGGTGTAAGTATTGTAGGTGGTTCAGATACTTTGCCTGAGGATGCAGATTACTTAAGAGTTACTTACCATCACAATTGGTTTAATGGAACCGCAGGAAGAAATCCTAGAATGAGATATGGAATTGTTCATATATTTAACAACTACTATACCGATGTTCAACTTGGGCCAAATGGTACTTGTGCAGTAAGAGCTCTTGTAGAGCATAATTATTTTGAAAGGGTACTTACCCCAACTCAGATTTCTACCCCTCCAGGGTTTATAGTACTTTCTAAGGAAGATCCAGAGAATGGAGATACAAATGTTTATGTGGATAGTGGCACTCCTACAAGAAATCTTCCTACTTATGATCAGTTAACTGATGGAGTTAATTATGATTTTAGAGATAGAGCTAATGAGTGGCTAAATATTTCTAACTGGATACCCTATTCTTATACTCCTGATTTAGCAGCAAGTGTGCCACAGATTGTCCAAGAAAAAGCTGGAGCGGGAAAGATTATTGTAAATTATAGCAAGTAAGATGCATTATGGGGGCTTTTCTGAAATTAATAGGAAAAGCCCCCATTTTTTTATTGAATTAAAAGGAGGGAAGAGGTAAATGAGAAGATATTTAAAAATTCTGTTCTTATTACTATTTGTACTTTTCGTAGCAGGCTGTGCTAATTTTTCTCCTAAAACTACTTGGAAACTTATTCATGGGTATGCAAAAAATGATTCTGTAAATGCTGGAATTGTGTCAAAAGATGGAAATTTTATTTTTGCAGGATATAGCAATTCAAAGAATCCTAACGGAGAAGATGATGTTTATGTTTTAAAGATTGATAAGTGGGGAAATGTTTTGGGAGAATTATTTCCTTTTGGAGAAAGGGACGACAATGCTCAATGTATTATAGAGACTAGTGATGGAGGATTTTTAGTAGTTGGAGAAAGCTATTCTTATGCCACAGGGATATCTAAGGATCTTTATGTTATGAAATATGATTCCTTAGGTAATCTTTCTTGGGCAAAAAATTTTGGTGGCATGGATATGGATGGTGGAAGATGGGCTATTGAGGATTCTGAAGGTAATTATGTAATTGTTGGATGGACCAGATCCTTTGGAGCAGGAAATTCAGACTTTTATGTATTGAAGCTCTCTCCCAATGGAACAGTAATATGGACTAAAACTTGGGGTGGAGGTAATTTTGATGAAGCTAATTCAATTTTGGAGGTTAGTGATGGATATTTAGTGGTTGGGTTTACTCTTTCTTACAGTGCTGGAGGAAAAGATGTAGCTTTGGTGAAGTTTGATAAAAATGGGAATGTTCTTTGGTATAAGACTTATGGTGGAAGTAAAGATGATGTGGGAAGTAAAATAATTGAGACTTCTGATGGAAACTTTTTAATTATTGGAAGTACCCTTTCCTACGGAACTTCAGGTG
CP001251.1_gap15	447692	450574	2882	CTAAAGTAAAAGCCATCGGATGTTGTCATGAAGTTTTTAAAATTCCTAAGATTTTATCTCTCATGCTAAAGGAGAAAGAGGGAATAGATGTAGATCCATCGGAGATAAAGCAAAACGTCCTTGGTATAAATCATTTCACATGGGTGGATAAAATCTCATATAAAAATAAAGATCTTTTTCCCATTTATGGAGAGTTTGCAGAAAAATATTACGAAGAGGGTTTTGAAGAAGAGAAAGATAGATGGAAGAGAGATTACTTTGCATCAGCCAATAGGGTTAAATTTGATTTGTACCGAAGATATAAGCTAATAGCTGCAGCAGGAGATAGGCATCTTGCTGAATTTTTCCCCGCTAACTGGTATTTAGAAAATCCTGAAAAGGTAAGAAAATGGAAGTTCTCTCTAACTCCTGTTTCTTTTAGAAAAGAACAAGCAAAAGAGCTATATGAGATGAGTCAGAAACTTGCAAAGGGAGAAATGGAGTTCCCTATAAAACCTTCAGGTGAGGTTGGGGTACAAATAATGAAGGCACTTTTAGGGCTCTCTGATTTTATAACCAATGTTAACTATCCTAATGTGGGACAGATGGATGGAGTACCAAGAGATGTGATAGTAGAAACCAATGTTTGCATTACAAGAGATAATATAAGGCCTATATATGCAGGAAAACTACCCAATGATGTTAATTCTTGGGTTTTGAGACACATAATGAATCAGGAAATGATTCTTGAGGCAGTGTTAAATAAAGATTTGGAACTCGCTTTCAGAGCCTTTTACAATGACCCAATAGTAGAGTCCAAATTAGATTTTGATACTGCGAGAGAGCTATTCAAGGAAATGATAGAGGGAACTAAAAGGTACCTTCCCAAATATTTTGGAGGAGAAAAAGATTAGAGGGTGAATCTTATGAGAAAGGTATTAATTTTCTTGTTTTTAGTCTCATTAACATTTACTCCCATCTTCTCCCAGGATAAGTTCCTGGGAGGATGGGAGAAGGTTTATGGTGGGCCAAAAAGTGAAAAGGGATATGGAATTGTAAAGGTTGAGGATGGATATTTATTGGGGGGAGAGACTACATCTTTGGGAAGTGGTGGAAAAGATATTTATCTTTTAAAGATTGATAAGGAAGGAAATAAAGTATTTGAAAAGGCTATAGGAGGGCCAAAAGACGATTACTCCTTTTCTATGATTGAAGGGAAAGATGGATATTTTATTGTGGGAGCTACAAGATCTTTTGGAGCAGGAAACAGTGATGTATATGTGGTTAAGGTTAATGGAAATGGAGATATTCTTTGGCAAAAAACCTATGGAGGCAGGGGATTTGAGGAGGGATGGAGAATAGTAAAAGATAATGAAGGAAATTATATTATAGTGGGAAGGACTAATTCCTTTGGAAGCGGACAATATGATCTTTATCTTATAAAGATAGATGAAAACGGAAACCTTCTATGGGAGAGAGCTTATGGAAGAGAAATGAGTGAATACGGATATGGAGTATGTAATGATGAAGATGGATATGTAGCAGTAGGAATTACAAATTCTTTCTCTGAAGGACAAGATATTTATGTGATTAAGGTTGATAAAAATGGAAATCTTTTATGGGAAAAAATATATGGTGGTAAAGGGTATGATTATGCCTATGACATTACAAATGGTGATGATGGATACTTAATTGTGGGAAATTCTAATTCTTTTTCTGATTCAGTAGATCTATATGTATTAAAAACTAACAAAAATGGGGATAAAGTCTGGGAAAAAACCTATGGTGGTAAGGGATATGATACAGGGTTTTCTGTGCTACGAACTGATACTAAGTATTTAATTGTAGGTGGATCTAATTCACAAGGTGCGGGAAATAGTGATTTATATGTGGTTAAGTTAGACGAAAAAGGAAATTTAATTTGGGAAAAATATTTTGGTGGTGCAGATCTTGATGAAGGTTGGGGATTAGTTTTAGAGAATTCTTGGTTTATAGCCATAGGAAGATCAGAATCCTTTAGTACTGCCAATAGTGAGCTTTATGTGGTAAAGTTTAAAGAATGATGATTGAGGGAGGTAATATGATTGATGTAATTTCTTATGGTGAGGTAATGTTAAGATTTACCCCTGAAAGGTATCGCACTTTTTTAAGTAGTAATACCTGGAATGTGGAGGTGGGAGGAACTGAGGCAAATGTCTTAGTAGCCCTTTCTCTTTTAGGCTTAAAAACTGAATTTATATCCTTTTTTCCTGACAATTTCCTTGGCTTTAAGGCGATTAGTGAATTAAAAAAGTATGGAGTTGGAGTAGAAAAGGTAAGACTTATACCAGAAGGAAGGATGGGGCTTTATTTTGTGGAATTACACCATCGCTCAAAAGGAATCAGAGTTCTTTATGATCGGAGGGACTCGTCCTTTTCAATAGGCGTTCTTTCAGATACTGATCTTGAATTTATAAGAAAGGCAAAACTCATACATCTTACAGGAGTTACTCCAAGCTTAAGTGAAGTTTGTAAGAGTAATGTAATTAAAATATGCACTTCTAAAAAAGATAGCCAAATTTTGTCTTTTGATATAAACTATAGAAAAAAACTATGGGGTGAAAAGGAGTGTAGGAGGTTTCTGGATATTATACTACCCTTTGTAGATATTCTTTTTGTTAAAAAAGAAGATTACAACCTCCTTTTTGAAGAAGAGAATAATGAAGAAAAAATTCTTTATAAACTTCAAAAGACTTATGGAAAGGATAAAATTTATGTCTTGACCCAAGGAGAAGAGGGATGTTCGGTACTTTATAAGGATGAATATTTTTCTCAGCAGGCATATAACACTGATGTGGTAGATAGGATTGGAGCAGGAGACGCTTTTGTGGCTGGATTTTTGTATGGTTATCTAAAGGGAAAAG
CP001251.1_gap16	453320	454216	896	GAGCAGGAGCAGAACTGGTTAATATGGAGTTTATGCAAATAGGAATATGTCATCCTACTATTCTTTTTGCTGAGTCGGGAAGTATGTTCCGGGCTCTCCCTAAGATTGTAGATGAAAATAGAAAAGAATTTTTGCCGGATTATCTTTCCGAGGAAGATAAGAGAAACTTATGTGTGCTTGAATTTAAAAAAGGAGCTCATTGGCCTATTTCTTATGAATCTCCTACAAAGGTAATAGACTTAGCAGTTTATTACCACATAAAGAATGGACATAAGGTATTTATGAACTTTATGGAAAATCCATCATATTTAGATTATGAAAATATCCCTGAAGAAATTCTTTTGTGGAGTGAAAAGACAGGAAAAGAAATCTTTAAGGGCACTACTCCTTATGAGAGGCTTCAAAAAATTAATCCCCAAATCATTGATTGGTTAAAACAATATAACATTGATCTTTCTAAGGAGCTTCTTCCTATTCAAAATGCCCTACAACACTTCCAAGGAGGAGTAAAAATAGGGGAAAATGCAAACACATCTCTTGAAGGTCTTTTTGCTGCAGGAGAAGTAGCGGGGGGTCAGCATGGAGCTAACAGACCTGGTGGTAATTCTCTTCTGGATACTCAAGTTTTTGGAAGAATTGCAGGTGAAAATGCAGTACTTTATGCAGAAAGGAATGATTTTGTGGAGTTTGAAATAGAGGAGGAAAGAGTTAATGGAGAAATCTCAGCAACCTTAGCAAGAAAGAAGGTAAAAGATGTAATATCGGAATATGGGTTTTTAGTAAGGATTGAGGAGGATATAAAGAATGGTCTTTTAGAACTTAAGGAAATTAGGAGGAAAGGGATATATCCTGACGAAAAGGGTCTTTCCTATTATTATGAGACTATAAATATGCTA
CP001251.1_gap17	464413	467766	3353	TACAGATTTCGGCTTTTCAAAGTGGACTTCCCTATATGCTCTTTTTATTCTTCTTTGTTCTCTTTATGGCATTCTCTGGAAGATATATCAGTAGGTTTTCTCTCAAATTAATTATTTTCGTAGGAGGACTTTGGGTTGGTATTGGTTGGATCCTTTCTGGAATTTTTAAGAGCATAAATGTCATTGCCATAACTTATGGAATTATCGCAGGAAGTGGAGTAGGAATAGTATATGGGGTACCTATTTCAGTAATTTCCAAATGGTTTCCAGATAAAAGGGGACTTGCTATGGGGCTTGTAATTTCTGGATTTGGGTTATCTCCCCTTTTACTGCACCCTTAGCAAGGTATTGATAGTGCTTATTGGTATGGTATTTAAGCTTCCTCCAGCTAATTTTTCTGTGGGTTCTGTAAAACTTGAAAAGAAAAAGATATTATCAGAGTTAACCACAAAAGAGATGTTAAAGAACCCTAAGTTTTATGGGCTTTGGTTATGTTATACTGTAGGTACTTTAATAGGGCTAATGATTATAGGAATAACGAGTCCTGTAGGAGAAGAAATAGTAGGACTTGATCCTAAATTTACTGCAAGTTTGGTTTCCTTTTTTGCAATTTTTAATGCTGTAGGAAGACCCCTTTTTGGATGGATAACAGATAAGATTTTTCCAAGAAAAGCAAGTTTTATCTCTTATCTTATGGCTATAACTGCATCTTTCTTTATGATTATAACTGGTGGTAATAATTTGACATTGTATATAATTTCTTTTTCTCTTTTCTGGTTAATTTTAGGATCTTGGCTTGCTATTGCTCCTGCATCTACCGTTATTCTTTTTGGAGAGAAGAATTATAGACAAAATTATGGTATAGTTTTTACTGCTTATGGTTTTGGAGCAATTCTTGGTGGAATCATTTCAGTTATGTTGAGGGATATTTGGGGAAGCTATTTTTATGTATTCCATGTAATAATAGGATTGGGTATTATTGGTATGCTTATTGCAGGAATATTATTGAAAGAAGATTAAATTACCTCTTTTAAATACTCCTTTACTTCCCATAGAGAATTAAAGACTTTATAGGCTCTTTTGAGGGTTTCAGGATGGGGTGGCTTAAAGTCAATAATAAGAAGGGGGGTCATCCCAGCCCTTTTTGCTGCAAGCACTCCATTATCTGAATCCTCAAGAACAATACATTCCTTAGGGTTAGCCTTAAGTCTTTGAGCAGTAAGCAAAAATATATCAGGCTCTGGTTTGCTTTTTTCTACATCGTCTCCACACACAATCACGTCAAATTTATTTAAAATTTTAGCTCTTTCAAGAAGGGGAATAGCCCTTTCCCTCTCTGTAGATGTAGCTATTCCTCTTGGTATCTTCTTTTCATCAAGAAAATCTAAAAGTTCAAAGAATCCGCCCTTTACAGGTAGACCATTTTTCTCAATATATTCCTCTATAAGCTCCTTTTTTCTTTTATATATCTCGTCAAAGGGTATATCTCCTAAATACTTTTTAAAAATTCTTTCTGTCTCTAAAATGTTAACTCCCACAGTCTCATAATAAATCTCTTCGTTTATAATATATCCAAACTCTTCTAAGGCTTTTTTCCAGAAGATATAACCCAGCCTCTCAGTATCAAAAATGACTCCATCCATATCAAAAATTACTGCCGAAACCTTCATATTCTCCTCTTCAAAATTTTTATAATAAAAATAGTAAAACATATTGATTTTTGTTTTTCAAGGGTAATGGATATTACTGACTATGATTTAGAGGTTGAATATGCCCAAGAGATGAAGAAAAAGAATCAGGCAAAAAGTATGTGAAATTTGAAAACAGAATGATTTTAATATAAAAAGTTAAAATCTATCTTTTCAAGGCATGGAATATAGTTTTTGCATACATTTTAAGGGACAGTAAAGAGAAGAGCTATTCCATTAAGTGTTGATGAAGTTCTTATTTCCTTAAAAGGCAGGACAATACAAAATAGGATTTGGGTTATAAATAGAAGTAAGTCGTTGGACTGTTTTTTAAATCTTTGATCTTGAAGGAATTTTTTGTTTTTTCTATACTTTAATTGATAGATAAAAGTTGGGAGGCATTTATGGTTAAGTATAAATTTCCTGAGGGTTTTTTGTGGGGGACTGCAACCGCATCTCATCAAATTGAGGGCGACAATTTTTACAATGATTGGTGGGAATTTGAAAAACAAGGCAAGGTGAAAAATGGACAAGTTTCTGGAAAAGCTTGTGATAGTTGGAATAGGTATGAAGAGGATTTTGATCTTATTGAAAAGCTGAACAATAATGCCTATAGGTTCTCCATAGAGTGGAGTAGGATAGAACCCGAGGAAGGAAGGTTTGATGAGTCTGCTCTTGAAAGATATAGATCTATGCTTATTTCTTTGAGAAGGAGAAACATAGAGCCGTTTGTTACTTTGCATCACTTTACTAACCCCTTATGGATGGCCAAAAGGGGTGGATGGCTAAATCCAGATATTATTGATTATTATTTACGCTATGTAAAGAAGATTGTAAGTGAGTTTAAAGATCTAGTAAATTATTGGATGACCATAAATGAGCCCAATGCCTATGCTTTTATGGCATATCTTTATGGACAATTTCCACCCCAAGGAAAAAGTTTAATAAAGATGCTCCGAGTTTTGAATAACATGGCAAAGGCTCACGCTAAAGCCTATGAGGTTATCCATCAGATATCTCCTGACGCAAAGGTAAGCATTGCCTATAATGTGATCTATTTTGAACCTAAAAACCCTAATTCTTTTATAGATAGAAAATTTGCTAATTTTGGGGATAGAATTTACAATAGGGTATTCATAGAAACTCTTCTTACTGGGAAATTTTCCTCTCCCTTTATTAAAGAAGAAATTCCATACGCAAAGAATACCTTAGACTATCTTGGAATAAACTATTACACTAGGATACTTATGGGGCTAAAGATGGGATCTCCTGAGGGAGAAACTTCAGATTTTGGTTGGGAGATTTATCCTGAGGGAATTTATAAAGTAGTAAAAAGATTTTACGGTTTAACAAAAAAGCCTATTTACATTACAGAAAATGGGATATCTGATGCCAAGGATGAAAAAAGACCAAAATATCTCATCTCTCACCTTATTCAGCTTCATAGAGCTATAGAGGAAGGAGTAGATGTGAGGGGATATTTCCATTGGTCATTGATGGACAATTTTGAGTGGGCTGAAGGATTTTTACAAAGGTTTGGACTTTTTGAGACCGATTTTAATACCTTTGAGAGGAAATGGAGAGAAAGTGCCAGGATATATAGTGAGATTGCAAAAAACAATGGAATAACAGAAGCTATGGAAGAAAAATTTCTTAAATAGTATA
CP001251.1_gap18	469001	472050	3049	ATCTTAAAGATATTTTTTATTATAATTTCTTGAACCATTTTGGGATCAATCTTATCAAAATCTAAAAGGTCATACACTATTTTTATACAGTGAATGTTATGGGAATACAAAAAAGAAGAAGCGGCCTCAAAAAATCCTGCCCCCTCCATATCTACAATGTCCCCCTCTATCTCTTCTTGATGACATTTTCTTACAGGAAAATCAAAACTCTCAAGGGATGCTTCCTTCATATCGTGGCTAATTAAAATGTCAGGATAAAATGCTCTTTTAGAATTGTGGTTGATTATTTTATTACATAAGATTAAATCTCCTTTCGAGAAACCACCGTCTTTTGCCCCACAAATACCTATATTTAATGCAATATCTTCATTTTTCCAGCCATATTTCGTTAATAAATAAGTAGTAGCTATAGCAGAGTTTATATTACCTTCTCCGCTTATTATTAAAAAAATCTCATCTTTATTGAAAATTTGAAATTTTGATGAATCATTTAACTTTTTAAGATTGAAGTAGTCTATAATAGGCTTTCCTTCAACATAAAAGGCGATAGTAATGTAGATCATAAGAAGCTAAGGAAAAGGGTTATATTTAGCAGAGTTACAATAATCCCGATGGTAATTAAGATAATATTATCTATCTTTGAGTTTTTAAATTTTCCCATAACTTTTTCCCAGGAAGTAAGCCTGATTAAAGAAAAGATAGTGAAAGGAAGTTGAATACTCAGCATTATTTGACTCCAGATTAATCCCTGAAAAGGATTAGAAATAAAAAATATTACAAAAAGTGCTCCTATTAAAGTAATTAATATTCCTATACGGGTATGATTGTCTTTGACATCAAAAGGCTCATTAGACATTCCAGCCCATGTGCTTCCTCCTGCCATCCCTGCGGTCATGGAGGAAGAGAATCCTGAGAAGATAAGAGCAATAGCAAAGACGTATGAAGCAAGGTGTCCTAATAGGGGTTTCAAAGTTAAATAAGCTTGAGGAAGCTCTGTGATCAAAATACCATTTTTATAAAAGGCTTCTGCAGCAATAAGGATCATGGAGCTGTTTATTGCCCAGCCTACAAGCATTGCTCCAATGGTATCTAAGTATTCATATTTCAGTTGTTTTCTTATGATGCTCTCATCTTCTAAATTCCATTGTCTGCTTTGGATAATCTCCGAATGCAAGAAAAGATTATGGGGCATAACTACAGCTCCTAAAACACTCATGATTATGGGAATGGAATTTTGAGGAAAAGAAGGAATTATCCATCCTTGTATTGCACTTTTCCAATTTATTTTCACTAATGAAAGCTCAAAAAGAAAAGAAAGACCTATAAGAGATACAAAGCCAATAATATATTTCTCAATTTTTCTATAGCTATTAGAAAGTAGCATCAGTATTACCACAATAGTAGTAATGAATGCCCCTATATTTATAGGAATGTTAAAAAGCATATTAAGCCCAATAGCAGCTCCTAATATCTCTGCAAGGGCAGTAGAGATAGAGGCAAGCATAGCAGTAACAAGGACAAAATAACGAAGAAATTTAGGGAAATATTTAGAGATAGCTTCTGAGAGACAAAGTCCTGTAGCAATTCCTAAGTGGGCTGCATTATGTTGTAAAAATATGAGCATTATGGTGGAGAGGGTTACCATCCAAAGTAATTTATACCCAAATTGCGATCCTGCTGCCATATTAGAGGCCCAATTACCAGGGTCAATAAACCCAACAGTTACTAAAAACCCAGGACCTATATATTTTAATATCTCAAGAGCTCCTAAAGTGGGCTTATGTCCTTTCAAAAATCTCTGCATAAATTTTCTCATATATGATATAGATTTTATTACATAATTTTTCTCTTTGCAATTAATGACAGTGGTTTCAATCCCTTATAGGTACGCTACAAACAAGTCTGGGACGTGGTCGAACTTGTTGAGATTTTGAAGTTTCAATCCCTTATAGGTACGCTACAAACAGAGTGCCCGGGGTAGGCTTCTACCCCGGGAGATCCTGTTTCAATCCCTTATAGGTACGCTACAAACTGGATGGATACATGGGTAGGCCAAAAAAATCTAACACGGTTTCAATCCCTTATAGGTACGCTACAAACCTCCTCGCTTTTTCTTCTTCTTTCTGTTTAATTTTGGTTTCAATCCCTTATAGGTACGCTACAAACTTGTGAATTCTGAAATGTATGTGTTCTCATTTCGTTGTTTCAATCCCTTATAGGTACGCTACAAACCAATAGCTACGTCATAAACATCTTGGTCTGTCGCTGGTTTCAATCCCTTATAGGTACGCTACAAACTTTAAAGGAATAACTGCTTCTGCTCCTTTTTCCCCGAGTTTCAATCCCTTATAGGTACGCTACAAACTGCTTTGCCAAGTGTCTTTTACAAGCATATCCCAAAGGTTTCAATCCCTTATAGGTACGCTACAAACAGCCGAAAAAGAATTCGACGAATATTTGGTAGAATTCGTTTCAATCCCTTATAGGTACGCTACAAACGTATACCCAATCCTCTTCTATGTGGAATTCCACGAGAGTTTCAATCCCTTATAGGTACGCTACAAACATGATCCTGAAATATGGCAGGAGATCCTCAAGGCAATGTTTCAATCCCTTATAGGTACGCTACAAACGAATACAAAGAGAAAAAGATGAACAGGCGGTCCAAAGTTTCAATCCCTTATAGGTACGCTACAAACTGTTTGAATGATACTGCTGCGGCAGACTACCCTGGTTGTTTCAATCCCTTATAGGTACGCTACAAACGTTTCCAAAGAATTTTTGGAAGGGGAGTGAAGAGAAGTTTCAATCCCTTATAGGTACGCTACAAACGATGTCTGAAACATTTGCTGAAATGGAAGCAGCGGCGTTTCAATCCCTTATAGGTACGCTACAAACACGGAGACTGGACGATATCGGAGGCGTAGTATGGAAGGTTTCAATCCCTTATAGGTACGCTACAAACTTCTCCTTTAGAAGTTTTAGGAGAAGTTAAAGATGTGTTTCAATCCCTTATAGGTACGCTACAAACATAACGGTTAAGGACTTA
CP001251.1_gap19	586609	590067	3458	CCTTTGGCCTCAAACATTAATGGATATGGGAGTTTCTAAATGGCATCCTTTTGTAATTTTGTTAGGAATACTTGAAAAATTTTTATATAAGAGAGCAGATAAAATAATAGTATTACTACCAAGGGCTAATGAGTATATAGAAAAATTGGGAATTTCCCCTGAAAAGATTGTTTGGATTCCCAATGGGGTAGATTTCGAGAGGTTTCAGTTTAAGAACGGAGGAAGTTTGAGAGATGAAACTTATACTTCTGATGAATTTATAGTGACCTATACAGGTGCCATAGGAAAGGCTAATAATCTTGATGTTGCGGTAGAAGCTGCCAAAATACTTCAAAAAGATTATCCTAATATTAAATTTCTATTCGTGGGAGATGGACCAGAGAAAGGAAGATTATTAGAAATAGTGAAAAAAGAAAAAATAAATAACTTAGAATTTAAGGCTCCTTTGCCCAAGGATAGAATAGTAGAAATAATTCAAAAAGCTGATGTTCTTTTTCTAGCGCTTAAAGACTCCCCTCTTTATAAGTATGGTATAAGCTTAAACAAACTCTTTGATTATCTTGCTTCAGGGAAGCCTATTATTTTTTCTTCTAACTCTATCAATAATCCTGTGGATGAGGCTAAAGCGGGTATAACTGTTCCGCCAGATAATCCTCAAGCTCTTGCGGATGCTATAATTAAATTGTATAAAATGTCTCCTGAGGAAAGAAGAGCAATGGGATTAAATGGAAGAAAATATGTAGAAAAGTATCACTCTATACCTGTTCTTGTGGATAAGCTTGAAAAGATATTTGAAGAAGTAGGAGTTATGAAAAAGGGTTAGGGGTGCCAGAGAAATGAGGAGTTATTTTTTAAAGCGTATCATAGATATTATTGGCTCCTTAATAGGGCTTGTTGTAGCGAGCCCTATTATAGTGGTTATCTCCATAATAATTTACATTACAATGGGAAGACCTATATTTTTTAAGCAGGTTCGTCCTGGGTTAAAGGGAAAGCCTTTTGTGATATATAAATTCAGGACTATGCTGGATTTAAGAGATGAAAATGGGAATCTTTTGCCTGATGAGAAGAGACTTACAACAATCGGTAAGTTTTTAAGAAGTACTACTTTAGATGAGCTTCCTGAGTTTTGGAATGTGTTAAAAGGAGATATGAGTCTGGTGGGTCCAAGACCTCTTCTTATGGAGTATTTAGATAGGTATACTCCAGAGCAGGCAAGAAGACATAATGTAAAACCAGGTATGACAGGTTGGGCACAAATAAATGGTAGAAATGCTATAACTTGGGAAGAAAAATTTAAATTAGATGTATGGTATGTAGATAATTGGAATATTCTTCTTGATTTAAAGATTATCTTTCTTACCATTTTGAAGGTATTAAAGCGTGAGGGTATAAGTGCAGAAGGTCATGCTACAATGCCTGAGTTTATGGGAGAAGAAGTTATAAACTCATTATGAAAGATTTTTAAAGGGAGGAATATAATTTGTGTATAATGATATTAAAATTCTCTTTTTGTCAAAATATCTTAATCCAAGTGGAGTTACAGTTTTTATGTTCAATTTAGGTAAGAAGTTAATTGAGAATGGATATTCAGTGGGGATAGCTACAGGGAAGGAAACAGGTGAGCATAGTTACTCACTTAAAAAATTTAGAGAGGCTGGTTTTGAAACATTTGAAATTCCGTTTCCTGGTAAGGGTTATGGTGTAAGCAATATACTTAGGTTATCTAAGTCTATATTAAAATATTTAGAAATTATTAGAGAGTATAAGCCAGATTTAATTCATGTCCATTGGAGAATTACAAGTTTATTTGCAGAGTTATCATATAAATTATTTGGTATTCCTTATATAGTTACGCTTCATTTAGAGGGAATTCCCAATAATAGAATATCAAAGTTGTTATCATTCTGGGGAGAATATGCTATTGCTATTTCAAGAGAAACTTATGATTACTTACATTCTGCTTTTAATCTTCCATTGTCAAAAATAAAACTAATATACAATGGGGTAGACGAGGATTATTTTTATCCACCTAACGAGAATGATAGAATAGATGCAAAGAGAAAATTTGGAATATCACTTGATGATAAGGTGGTCTGTCTAATTGGAAGATTTTCAAAAGTTAAGGGGCATGATTTATTGATTAAGGCTGCTTCTTTATTAAAAGAGAGAAATGTTAAACCAATCTTTATTTTGGCAGGTAGCGGTGATGAGTCTTGGATAAGAGCTATGATCGAAGAATATGAGCTTCAAGATCAATTTATCTCAACTGGGTTTTTAGATAGTAGAGATGTTTTGTGGGCTTCTGATATATTAGTACTTCCAAGTAGAAAAGAAGGTTTTCCTTTAGTAGTAGTGGAAGCAATGTTATGTGGGGTTCCTACTATCAGAACTCCAGCTGCTGGAGCTTATGATCAGATTGAAGATGGTATTAATGGGTACATAATTCCTTTTGAAGATGAAAAATCTTTGGCTGATCGGATTCAACTTTTGATAGAGGATGATGAATTGAGAAGAAAAATATCAAAAAAAGCTTTTGAAAAGGCTAAACAGGTTTTTACTCTTCGGGAAATGGTCAGTAATTATATAAAGGTCTATGAGGATGTATTATCCAAAAAGAAAAAGATCTATCGGTATATGGAGAGTTAGAAATGAATATTTTGTTAACATCTGTAGGAAGAAGAGTTTCTCTTGTAAAGTTTTTTAAAGAAGCCCTTAATGGAGAGGGATATGTTTATACTGCGGATTGTGATCCTACGGCTCCAGGGCTTTATGTGGCAGATAAAAGTTTTTTGGTTCCAAGAGTAACCAGTGAGGATTATATTCCCCTTCTTTTAGACAAATGTGGAAAAGAGAACATAAAATTGATTATTCCACTCATCGATCCAGAACTACCTATATTGGCTTGGGAAAGAGATAAATTTTTGGAGAAAGGAATTATACCTCTTGTCTCTTCTTATGAGAGAGTAATGATAGGCTATGATAAGCTTTTAACATATGAATTTTTAGTAGAAAATTCTTTCCCTTCTCCTAAAACATTTTCTTTTGATAAAGATCTTGCAGAAAACAAGCTTGACTTTCCTCTTATAATAAAACCTCGCTTTGGTTCCGCAAGTATTGGTGTACAAAAATGTGAAAATTATCAAGATTTAGAGTTTTATGCTCGGAAAATTTCTGAACCAATTTTACAGGAATTCTTGCAAGGAGATGAAATAACTTTGGATATTCTTTGTGATTTTGAAGGAAACCCTATCTCTATTGTTCAGAGAAAGAGAATTAAAGTAAGGGGAGGAGAAGTTGAAAGAGGCATTACTATAAAAAATTATGAATTACTATATCTTACTTTAGATCTTGTTAAGAAGCTAAAACCATTTGGTGTTATCAATATTCAATGTTTTTTGACCTCAAGGGGATTTTATTTTACCGAGATTAATCCTCGTTTTGGGGGAGGCTATCCT
CP001251.1_gap20	768412	772646	4234	CTACTTGGGTATTTTTTCTTACTGGGCCAAGAATTCTTACTTTGAGAGATCTCTTAGGTCCAATTAGTTCTACCTCTTCTTCTGCTGCAAATTGACCTGGCTGAGACAATGGCTTCAAGGGGTGTAGTTCATAATTCTTTCCAAATAACCTCTCCAGATCATCCTGAGAGAGGTGGACATGGCGTGCAGACACACCTATTGGTACTTTTACCTCCTTCATTTTATATTCCTCCTCGAATATAATCGTTTTAATTTTTTCTTTCAATTTATGTTATACCACTTTCGATATATTTTTTAAAGTAAAAAAAATTTAAAATCTCTTTTATCTTCGAGGAGGAATAAGTTTTATATAGTCTTCTAAAGTACCGTCCGCAAGACAACACTCTATAATTCTTTTGCCTAAGGGATCAAGATCTAAAGAGAGGAATTTTTGTAATTCTTTTTTGAAGAATGCTTTGAGCATTTCTGCCCCTTTGTCATAAGCTTCAGGTCCTACTTCAGGTTGCTGATCTACTTGTAGAAGAGCCTTAGGTATATAATGTCCTTCCACTTTTAGGGTTTCAAGGGCAAATCCTAAAAGTGAACATCTTGCAGGCTTCAGATTATCAGGTTTAATCCTTGCGCTGCCTCTTTTAGCTAAATACTCTCTTACTATCCATTCAGGCATAAATCCTACTCTATATGCTCCGATATATTGATTGGGTATAAGTATATACTGAGTACGAGGATAATCTAAAATTTGTTGCAATAAAAGATTGGCTTGTTTTACCATTTTTCCTGTAGCAAAGGGCCAATATGATCCAACTCCTTCACTGCTCATGAGATCTCCATCAGTTATGCTTGGGTTATCATATCCTCTTGGACTTACTAATCTCCATAGCCAGGCTAATGCAGGTGGAAGTACATGGAATAACCCTACTATTCCGTAGGTAGGTTTTTCCTTTGTGCAAGGAGGGGTTCTAAATCCAAAGCTTCTTACATCTACCTCAACAGGTTCATTTATGATGTTAGGTACAAATCTTCTTGGCAATATTACCCTTGGATTAGGACAGGGCTTTCCTGGTTCGTCCATAGTGTGTTCCCATATTAAGGCTGTAGCTCCAGGATGCCCCTCAATATTTAGGAATATAAGAGGCTCTGGGGGATGGATAGTAATTCCTTCAAGTTGCGGATCAGTCCCATATCTTTTTATTTGGTCTACCCTTACAAACCATCCTTGTTCTGCATCTTTTATAACCATTTTGCCACTTCCATTTTGAAGTCTTGGATGACATAAAGCCATGTCGTCAGTTATAGGAAATATTTCACATGATTCCTTTATCTCAATGTAATATCTTTCTCCTGTAATTATATTTTCTCCTACCAGGATTCTGTTATCTTTTTCTCTATGCATTTGCTGGATCATTTCACTCTTTCCACCACCACTTGCTCCTTCGTGCATAATTACTAATTCATTATCATAAGGAGTAACTATCTTTACTGTAGAAGCATGAGCAGTAACCCATCCTTCCATTTCACCTATATTTATAAGCACCCCATAGATACCCTTTTTAGCACTTGGCCCAGGATATAAATTATAGGAAAATACCTCGTGTCTTCCGTTGGACCTATAGTGTACCACTATCTGTTTGCCTGAAAAATGCGTATGCCTAAAGGGAGGTGCTACATAAACGATGGCCATAGGTTCAAATTTTTCTCTTAACTGATTTCTTGGTATGAAACCTTGAATATCTGCAAGAGCCCATGCAAAAAATCCTGCATTAGAAGGAGCAATTAAAAGAGACGGATATCCCAATTCATGCCCTCCAGACATAAAGGGCATGACAATTAATTCCTGTCCTTTAAGCCAATTAAAGGTTTTTTCTCTTAAAGAGTCAAAATCCTCTCCAAATCTTTCTTTAAATGTAGGTTTGTCAGTATCTCCCTCGTCCCCTACAACCAAGCTATCTGGGTCTCTTCTTCTCATGTAGACATCTGGATAATTTACTACGATACCATTTTTAGCTCTTGTGATTACTGCTTCTACCACTTCTCCCTTTCCAGATACTTCGTATTTTACTTCAAACTCCATATTGTCCTTCCCGCCCATAGCAAGTTCTAAGAAATGTTCTCTACTTTCAGGAATTATAATTCCTTTACAGGATATAAGAATATCCTCTACTTCTTTTGGGATGACTAAGTAAGAAACCTCTTCCCTTATCATATATAGACAACTCCTTTCTAAAACAATTATAATAAAAAGAAATTATGTTAAATTCTTCATTGGAAACTTTGGTCACCGTTGATCCAGATTTTACGGAAATAAATTTAACACAAAAAGATGTTAAAATCAATAAAAATTGTGTTAATAAAACTGGGAGGGATAAAAAAGTGTCATACTTTGAGAGATTAAATTACCTTAATAGCTTTATTAATTATGAGAAACGTCTTGACAACATAACCTATGAAGAAAAAAAATTTTATCTCGAACGAATGAGATACTTATTGAAATTAATGGGGAATCCTCAAGATAATCTCCAGGCTTTTCATGTGGCTGGCACAAAAGGCAAGGGATCTACCTCAGCTATGATTTTTTCAATCTTGAAGGAGGCAGGTTATAAGGTAGGTCTTTACACTTCTCCTCATCTTCAATCCATAAGGGAAAGAATATCTACCCATAAGGGTTTCATCTCTCAAGAAGAATTTATTGATCTCATTGATTACGCAAAGCCCTATATAGAAGAGGCTAAGAAACATCCTATTTTTGGCCCTCCAACCTTTTTTGAAGTTTTAACTGCTCTTGCTTTTTTATATTTTTACATAAAAAAACTTGATTATGTGGTTATAGAAGTGGGACTTGGGGGGAGATTAGATGCAACAAATGTTATTAATCCTCTTGTCTCGATCATAACTCCCATAGGTTTTGACCATATGCATATATTAGGTAATACAATCGAGAAAATTGCCTTTGAGAAGGCTGGAATAATTAAGGAAGGAAAATTTGTCATATCTTCTATTCAAAAAGAGGAAGCAGAGAAAGTTATCGCAAAAGTTGCAAAGGAGAGAAATGCTATTTATTATAAAATAGATAATCTTTTTAAATGGGAAAGAAAAGATTTTAGTCTTAACGGACAGAGGTTTTTATTGAGTGGAAAAGATATAAATGAAGAGTTTTTTATTCCCCTTCTTGGAGAACATCAAATTGTTAATGCTATTACTGCCTTTGGAGCCATATATTTACTAAGGGATAAATTAAGTATAGATTATGAAACTGTGAGAGAAGGATTTAAAAAAGTACAATGGATGGGGAGATTTCAAATTGTTAGTAAAAGTCCTTTGACAATCATAGATGGAGCCCATAATGTGGAATCTGCTATAGCTTTAAGAGATACTTTAAAAAATTATGTAAACTTTAATAGGTTATTCTTAATATGCGGGCTTATGAAAGATAAGGATGCTGAAGGTTTTCTTAAAATCTTGAATCCTTTGGTTTATAGCTACAATTTTGTTCCCTTATCTTCTCATAGAACTAGAAGTCCAGAGGAGCTTGGTAATATAGTTAAATCTTTTAATGCCGATGCTAATATAAATCTACATACTAACTTTTATGAGGCAATAAATTTTGTCAAAAAAGAAGCCTCACCTGAAGATTTAATACTTATCACAGGGTCTCTATATCTTGCAGGTGAGGCTTTAAATTATTTTTATGGAAACTTAGACTAAGCTTTTAAAGCAGACTTGAAATATTCGAGAAAGACATTTTCTGGTACAGCTCCCTCGATTTCTACCTTTTCATTTATTATGGTCTTGGGAACACCAGTCACATCGTATTTCTCAGCAAGATGTGGAAATTCAATGGCCTCAATCATATCTGCAGTAATTAGTGGATTTTCCATGGCAAATTGGTGGGCAAGTCTTACTGCTCTTGGACAATAGGGACATGTAGGGGTGACAAATACCTGAATATGTACTGGTTTATCAACAGTGGCAAGAAAGGCTTTTGTATTTGGTGAAAGTTGAGTTTCACCACGAGATATATCAATAATATCCTCAATTAGACTTGAGAATTCATAACCTGATGGAATACCAAAATATCTTACTCCCAGTACATTATTATTCTTTTCGAAAAGAATTGCAGGAATTTTGTCCAAATTGTATTTTTTAGCAAGTATTTCGTCGGTTAAGAAGTCATGAATTTCGAGTTCTAATTTGTCTGAGAGAGACACAAGCTCTTCTAAAATTTCTCTTGTTTGTT
CP001251.1_gap21	774681	776320	1639	TTTGGATCATAAAAGACACCTCCTAAATTTTTATACTTTTATTTTAGCTTATCTTTTCATTGCAAAAAAGTATGCTTTCGAATATAATATATTCACACACCCCCCTCCTTACGAGAGGCTGGAGAAATAACCATGAAACTCCAGCCTCTCTTTTTTAATGGGGTTATATAGTTGGAGGAAAAGCAAAGATGCTTGAAGATGAACGGGGTAAAATAGGTAAAAGAGTTCTTGCTCTTGCTATACCCGTTTTGTTAGAAAACCTATTTCAGCTTGTCTTTAGTTTTGTGGATATGATTTTTGTAGGGTTTTTAGGAGCGGTTGCTCTTGCCGCGGTGGGATTAGGGATGCAAGTTATTAACGTAATTCTTGCTATTATTGCGTCTCTTACTGTGGGTACTATGGTTACAGTGGCTTATAGTGTAGGTGCTAAAAAGCATAATGATGCTGCAAGGTATTTGGAGAACTCATTAGTTTTAGGCTTTTATCTCTCAATTTTGATTCTTCTATTTGGTTTATTTGGAACCGATAAACTTTTACAGATTTTAGGTGCAAAAGGAGAGCTTCTTTATAATTCTTCTCTTTATTTAAAATACATTCTTATTCCTAGCTTTTTAATTGTGTATATGTCTATAATCTCTTCTGCTTTGAGGGGGTCAGGTGATACAAAAACCCCCTTATATGTAAGTATAGTTTCAAATGCTTTAAATATTTTCTTGGATTATGTGTTTGTTTTTGGCAAATTTGGATTTCCTAAGATGGGGGTTGCAGGTGCAGCTTTGGCAACAACTTTGTCTCGCTTGTTAGGTATGGTTATTCTTTTTTATATTATTTATAAGAGAAATGATTTTTTAAGCTGTAAGTTTTCCTGCAAGATTGTTCCTGAGAAAGATGTCAGTACCCAAATACTAAAGATAGGTATTCCTACATCTCTTGAGCAACTCCTCTTTAACATGGGAGCTCTTCTTTATGCTACTATTGTATTAAGCTTGGGTACTAAGGTTTATGCAGCTCATAGAATAGCATTAAATGTAGAATCTCTTTCTTTTCAGCCTGGTTTTGCTTTTGGGGTTGCAGCAACAACTCTTGTGGGGCAGTATAAGGGGGCAAGGGAAGATGATTTGGCAAGATTAGCCTCTATTGAATCATGGAGGAAAGCTGTTATCTTCATGGGAAGTGTTGGCGTCCTTCTTTTTTTCTTTCCGGAGTATCTGGTTCAAATATTTACAAGAGATATGGAAGTAATTAAATGTGCTTCATCAGTATTAAAAATTATTGCCGTGATTCAACCACTTCTTGCAACTGCAAATGTTATGTCTGGATCCTTAAGAGGAGCTGGTTTTTCTAAGATTCCTATGGTAATAAGTGGCGTAGGTATGTGGTCTATTAGGATACCTCTCGCTTATGTGTTAGCTTTGAAGATGGGTTTAGGACTTACTGGAGCATGGATTGCTATGGCCACAGACATATCTTTAAAAGCAGTTGCTAATTATTACATGTTTATAATCAAAAAGTATTATAAAAAGGAAAGTTTTAAACTAAGGTATGAAGAAGCTATTAGTAATTGATTTTAAAGAGAAAATAAAATATGAAGACGCATGGAATTTTCAGAGAAAACTTCATGATTTGAGGGTAAATAATA
CP001251.1_gap22	907694	911327	3633	AAGAATATTTTCTGAAAAAAAGAATTATTTTGGAGAAAGTATTTTGAATCCTCACGATGCCTTCTTGATTTTTAAGGAAGATATGTTTGACCTAAAAGAGGAACATCTTTTTTGTATTTATATGGATGTGAAAAACAAATGCTTAAATAAAAGGCTTATTGCGAAGGGAGATTTAAATATTGTATATGCTTCTCCAAGGGAGATCTTTAAATATGCTCTTCAAGAAAATTCTTCTAAGTTAATTCTTGCCCACAATCACCCATCAGGAGATCTTACCCCTAGTGAGGATGATATAATCTTTACAAAGAGGTTAATTGAAGCTGGAAAGATTTTGGGACTTGAGATTCTTGATCATCTTATCATTTATAATGAAGATTATGTAAGTTTAAAAGAGAAAAAGCTTATATAAAATCTATGGAACAAAAAACCCTTTGGGATCTTTTCCAAGAAAATACAGAAAGAGCCCTTAAGAAGATTTTAGTTATTGATGGTTCCAGCATCATATATAGGGTTTATTATGCCCTTCCCCCATTAAAGACAAAAAATGGGGAGCTGACCAATGCCCTTTATGGTTTTATAAGGATACTTTTAAAGGCTGTAGAGGATTTTAAACCTGATCTTTTAGGTATTGCCTTCGACAGACCTGAGCCAACCTTTAGGCATGTTATCTATAAAGAATATAAAGCAAAAAGACCACCAATGAAAGATGATTTGAAAGCTCAAATTCCTTGGATAAGGGAATTTTTGAGGTTAAATGATATACCTATATTGGAGGAGCCTGGGTATGAAGCTGATGATATCATTGCTACTATAATAAAAAGGTATAAGGACGATTTAAAATATATTCTTTCCGGAGATTTAGATCTTTTACAATTAGTCTCTGATAAAACTTTTTTAATACATCCTCAAAGAGGAATCACAGAGTTTACGATTTATGATCCAAAGGCTGTTAAAGAAAGATTTGGTGTAGAGCCTAAAAAAATTCCTCTTTATAAGGTCCTTGTGGGAGATGAGTCGGATAATATTCCTGGAATAAACGGAATAGGACCTAAGAAAGCATCAAAAATTCTTGAAAAGATCTCAACTTTAGAAGAGTTTAAAGATAAAGTGAGGTTCTTAGAGAGCGATTTAAGAGAGATTATTGAGAAAAACTGGGATATTATTGAGAGAAATTTAGAGCTTGTTACATTAAAAAATATAGATAAAGATTTTGTTCTTAAACCTTTTGAAATAAAAAAGGATGAAAAACTCATAGAATTTTTGAAAAGATATGAATTAAAAAGCATTCTTCAAAAACTTTTTCCTGATCTTGAAGAAAGGGAAAATATAGAAATTAAAGATGTAAAGGAAATCAATTTTGAAGAGGCAAAAAAGGAAGGTTGTTTTGCTTTTAAATGCCTTGGAGAAAAAGGCTTTGAAGGAATATCCATCTCCTTTAAGGAAGGAGAAGGATATTTTATAGCTTCCTTTGACTTTAATGATGAAGTTAAAGGGAAAGTTAAAGATATTATTTCTTTCGAAAATATTAAAAAGATTGGAGCTTATATACAGAGGGATCTACATTTTCTGGACTGTAAAATAAAAGGGGAGGTGTTTGATGTTAGTCTCGCATCCTATCTTTTAAATCCAGAAAGACAAAATCATTCCCTTGACATACTTATAAGAGAGTATTTAAATAGGACCTCTTTTATTCCTCAAAAGTATGCTGCTTATCTCTTTCCTTTAAAAACTATTCTAGAAGAAAGGATAAAAAAGGAAGAATTGGAATTTGTGCTTTTTAATATAGAAACACCGCTTATTCCTGTACTTTACTCCATGGAAAAATGGGGAATAAAGGTAGATAAGGAGTATTTAAAAAGTCTCTCTGATGAATTTTGTGAGAGAATTAAGAAATTGGAAGAGGAAATATATGAACTTGCAGGTATGAAGTTTAATCTTAATTCTCCAAAACAACTTTCTGAGGTTTTATTTGAGAGATTGAAGCTTCCTTCTGGCAAGAAAGGAAAAACAGGATATTCTACATCATCTTTGGTGCTTCAAAATTTACTGAATGCTCATCCTATTGTGATAAAAATCCTCCAATATAGGGAGTTATATAAACTTAAAAGCACCTATATAGATGCTATTCCTAATCTTATAAATTCACAAACAGGCAGGGTTCATACTAAATTTAACCCCACAGGTACAGCCACAGGAAGGATAAGTAGTAGTGAACCCAATCTACAAAATATTCCCATAAAAAGCGAGGAAGGAAGAAAGATAAGGAGAGCCTTTATAGCAGATGATGGATATTATTTTGTATCTCTTGATTATTCCCAAATAGAGCTTAGAATTATGGCTCACCTCTCTCAAGAACCTAAATTAATATCAGCCTTCCAAAAGGGTGAAGATATTCATAGAAGAACAGCAGCAGAAATTTTCGGAGTGCCTGAAGATGAAGTAGATGATCTTTTGAGGTCGAGGGCAAAGGCGGTTAACTTTGGAATTATTTATGGCATCTCTTCCTTTGGGCTTTCTGAAACTGCAAGTATCACTCCGGAAGAGGCTGAAAAATTTATAGATTCATATTTTAAACATTATCCAAGGGTAAAGCTCTTTATAGATAAAACTATTTATGAGGCAAGAGAAAAGTTATATGTAAAGACTTTATTTGGAAGAAAAAGATATATACCTGAAATTAGAAGTATAAATAAGCAGGTGAGGAATGCTTATGAAAGGATAGCTATAAATGCGCCTATTCAAGGAACAGCGGCGGATATAATAAAACTTGCCATGATAGAGATTTATAAAGAAATAGAGGAAAAAAATCTTAAGTCAAGAATACTTTTACAGATTCACGATGAACTTATTCTTGAAGTGCCTGAAGAAGAAATGGAGTTTACCCCTTTGATGGCAAAGGAAAAGATGGAAAAGGTTGTAGAACTTTCTGTTCCTCTTGTGGTTGAGATTTCAGTGGGTAAAAATCTGGCTGAGCTGAAATGAGCTATAAAATTGGGATAACAGGTGGCATTGGTACAGGAAAAACCCTTGTAATTAATACTCTAAAGGAGCTTGGAATACCTGTTATTAGTGCAGACGAAATTGTAAGAGAGCTTCAAAAAGATCCCTACTATTTGGAGAAAATTAGAAAAATCTTTGGGGATAAGGTTTTCGAAGAAGGTCAACTTAATAGGAAGAAACTTGCAGAGATAATTTTTTCTGATGATAAGGAAAGAAAAAAATTAGAAAATCTTCTTCATCCTCCTGTTCTTACAGAAATAAAAAAAAGATTAGAAGATTTTAAGGATAAAGAGATAGTTGCAGTGGAGGTTCCTCTTCTGTTTGAAGTTGGAATTGAAAACTGGTTTGATGAGATCTGGGTTGTATATGCTCCTTTTGAAATTCAACTTGAAAGAATCATAAAAAGAGATAATATATCACAGGAGGAGGCTATTAAGAGAATAAAAGCCCAAATCCCTATAGAAGAAAAGGTTAAAAAAGCTGACTTTGTAATATACAACGATAAAGATTTAGAGAGTACTAAAAATCAGATTAAGAATAGGATTTTAAGTATATATAGGATGATATATAATAAAAATCTGTAGAGTATGAGTGGATTTATATTAGTATCAGAATTTAAACCCTGTGGTGATC
CP001251.1_gap23	916070	920253	4183	ACTTTCTAAAGAGGAGGTTAAAAGTGAAAGGGGCCCTTAGGGTAAATAACGGATTTATAATGGTTGAATATGAAAAAAGTGTAATTAAAAGAATATATTGGACATATAAGTGTGAAGAAGAAAAGGACTTTCCAGGAAAAGAGCTTTTTATTGATTACTTTTTAGGTAAAAAGGTGGATTTTGGAGATTTAATTATTGATTTAAAGAGAGTTCCATCTATTTTTAAAAAGATTTATGAATTTACCAGAGAAATTCCTTATGGAAAAGTTATAAGTTATAAGGGTATTGCAGAATTTCTTGGTAATAGTAAACTTCAAAGGGTTGTGGGTAATGCTATGAAAAGTAATCCCTTTTTAATTGTGGTTCCTTGTCATAGGGTTGTAAGGAGTAATGGTAGTATAGGAAATTTTTCCCTTGGAAGTGAATTTAAAAAATACCTCTTAAACTTGGAGGGGGTAAAAATAGAGAATGAAAAGATATCTTGCCTTAGATATTGGTGGCACTAAAATTGCCTGTGGAAGATTTACGGAAGATGGAATCTTAGAGGAAAAAATTGTATCTCCCACAAAAGCTGAAAGGGGATATAGAAAAGTTTTAGAAGATATAATTTTAAATCTTTTGAAGTTAAAAACTGAAGATACAATAGCACTTGGGATTGGTACTGCAGGACCTTTAGATAGGATTAAGGGAGAAATATACTCTCCACCTAATCTTCCAGGATGGGACGGAGTCCCTTTGAAGAGAGATCTTTATGAGAGTTTAAAAATTCCTATTTTTATGGATAATGATGCTAATGCTGCCTGTTTAGGGGAATACCTTTTTGGAGCTGGAAAAGGAGTAAAAAATATGGTCTATATCACAGTAAGCACTGGAATAGGTGGAGGAATTATTGTTAATGGTGGTTTACTTCATGGGGTAAGAGATAGTGCGGGTGAGGTAGGGCATCAAACTATACTTCCCGATGGACCTTTATGTAATTGTGGAAATAGGGGATGTTTAGAAGCTCTTTCTTCTGGAACAGCTATTGCTAAAAGAGCAATGGAAGAGATTAAGCACAATAAAGATACCATATTAAAAAGGTGGGCAGAAAGAGAAGAGTTAACTGCAAAACATGTCAGGGAAGCCATGCTTATGGGAGATAAGGTAGCAAAGGAAATTTGGGATTCTGCTATGGAGTATTTAGGAATAGGTGTGGGAAATATTATCACCATAGTTTCACCAGAAAAAGTGGTCATAGGTGGAAGTGTAGGACTTTCTGGGGAAGATGTAATTGAGAAAATAAAAGAGGTCATTAAAAAAAGAGTTTTTCTTGTTCCTACGGATAAAGTAGAGATAGTTCCAGCAAGGTTAAGAGAAGATGTAGGTCTTTATGGAGCCTTTGCAGTAGCTTTAACAGAAATGAGAAATAAAGAAGGGGGTTAATTTTACCCCCTCCCCATTATTTTGATGGAGCCATGAAGGGCATAGTTGTATTGAAATTTAGTGGTTCTTTCTGTTTTATTATCTTTCCTGGAGGAAAGGTTCTTAAAGTATTTGGAGACAAATTGGAGTTAATTTTAATATTCTGCCATGCTATTTCAATGTAAGGTCTATTTTGAACATCATAAACTATTAACTTTATAGGGGTATAATCCTTGGTGATATAAAACTCAAAGGAGGAATAATTAGCCTTTAAATCTGCCTTTAGCGGTACCCCTGTAATTTTATAAAGTTTTTGATTCTTATCTATAATTTCTTCTACTTTAAGGGAAAAATCTTCTTTATTTCCTACCATAGGAAGGCTTGAAAAAGACATGGTTGAGGTTTGGGTCATAGTATAGGGCGCTTCAATTATTTGTTTTGTGGAAGGGGAATACATCCTTGTGATTTTTTTCTCCCCATCAATTAGAATGATCTGTCCTGCCATGAGAGCTGGCTCTGTAAAGTCTATCCTTAATATTTCAGGATTTTTTATTGCTTTCATTTCCATAGACATCTTTGTAGGTAAGCTTTCTCCCTTGCTTGAATAAGAGTATACTGTTATGCTCATTTTCATACTTATATCCCTTGCTAAGCTCCATTTTTGTTCAAGGTTTTTTAGGATATCTTCTCCTGTTTGGGCATATATCATGGAAAAGCCCAAAAAGAAAATTATAAGAAAACTAAAGATCCTCTTCATTTTTTAAGCCTCCTTCAGAATTGGTATGTTATTCTGAGCCCAAGACTGGTATCTTCTTGGGTTATGCTTTTCTCATACTTGATATATATGCTGTTCCACATGGTACCCTCAAGGGTTGGAAAATTCAATGCTATTTGCATATAAAGCCAGTTATTATTTTTGGAAGATAAAATATACCTTGCTGAACTTGTTAAATTCAAGTAATTGGACAAATTCCAACCCAAATTTATTCCAAGGTTGATTTTATGTTCCGCTTTTTTTACATTATAAAAATACCCAAGCATATATTCTGGGAATAGATTTGAGGATAAAGGTAAATTTAAACTGATTATTCCTCCAATATCTCCAGGATCCAATAGGTAAAAAGAGGGAGTATTAGGGTTGATATATCCAAAGAGTGCTTTTATAGATAAGCTTCCTATAGAGAGGTTTGTACTATTCAATGCACTTAAATAGAGAATAGAATTTTTTAAAAATATGCTGGCATCTTGAATTATGATTATATTCCCCAGAGGAAGACTGGTTTTGTTTAAGAAGGAGGCATCAATTAAATAATTTTCCTGAGAATCATTGATAGAAGTTAAAGATAAATTGATATATTTATTTTCCCCTATAGGCAAACTCCAACCCAGAATCTTTAAAGGGACATCATTAGTTAAGTGAGTATAGTAAGGGAGATCAGGAAATTTTCTTGCTCCATATCCTGACATATAAAATATCTCGTTGTTATAAAGATAAAAGCTAAGATGAAACCCTTTTAGCTGCAAGTTTTCTGATATTAGATTGATTTTTGGATAAAATTCTCCAAGAGTAAATCTTAAATATGGGGTTTGTAAAAAGGTTTTATAGGAGAAATTTTGGCTAGGATTATAAAATATGGAAAATCCAGCTCCTAAATTTTCACTCCACCATTTTTCCGCAGAAAAAATATAATCTTGTCCATAAATTGAGTTGACTTCAGTACTGAGTTCAAGATTCCCCCATTCTTGAGAAAAGGCTGGTGAAAGTATAAAAACAAGAACTAAAAGAAGTAAAATTGTTTTTCTCATAACTCCCTCCCTTTTTGACAATTTCTATAATTCTTTTTATAATCCAAAAAGGAATATTTAGCAAGTATTATGGATAAGCAAAGATTAGATGCTTTTTTTCTTTTAATATTGTTTATTTTGGATTTAATCCTATTAAGTCTTGCCCTTACTATTGCTTATAATATTCGTTTTAATCTTTTGAGTAAAATTAGGTATTTCTATGTGGAGCCAAACGAAGTGCCTGAGTTTTTCCCTTATTATCTTGGCATAAGTATTATACTCACAGTGTTATGGATTATTTTACTTATTCTTAACCGAGTCTATAGTGTTAAAAATATTTTTTCTTATTATCCCGTGGTTAATGCTATTACTGTTGGGATATTCCTTGTTTCTTCTTTATCCTTTTTTTATAGAGAGTTTTCTTACTCAAGGCTAGTTTTTATCTTGGCTTGGGGAGTTGCTCTTTTTTTGACTTTTATTTCAAGGGTAATTTTATATATTGTAAGGGCAGTAGTTTTAGGTAGAAGACTATCAAGAGCTTTGATTATTGGTAATAATGAATTTGCAAAATCTATAATTTCCTCAGGAAAGATTAGAGATTATGCTGAAATAGAAAAGGATAAAATAGATTTTGGAGAGCTTGAAAGTTTTGTTGATCAAAGGAATATTCAGGAAATTATTGTGACAGGAGAAATTTCTGATGATGAATTACTAAAACTAATATCTTTAAAGAGAAAAAGAAGTATTTCTATTAAAATAGTCCCCGAAGGGTATCTTATTTTTGCTAAAAGAATTTCTTTTGATGAGATTAGTGGCATTCCCATATTGGAGATAGAGATATCTCCTTTAGAGGGGTTCCAAGGATATATAAAGGAAATTATAGACTTTCTTTTGGGAACATTGGCTTTGATACTTTTTTCTCCTCTCTTTTTAATAATAGCACTTCTTATAAAATTGGATTCTCCAGGGCCTATTTTTTATAAACATCTGAGAGCTG
CP001251.1_gap24	928416	932805	4389	TCCTTATGTAAAGGGCGGATTTTGGAGAAACTTCCTTGCTAAGTACGATGAATCTAATCATATGCAGAAGAAGATGCTCTATGTATGGAGTAAAGTTCAAAACTATCCTGATGGGGAGATTAAAGATAAGGCTGAAGAAGAAGTCTTTCAGGGACAGGCAAATGATGCATATTGGCATGGTATTTTTGGAGGGCTTTATCTTCCTCACTTAAGGACTGCCATATACGAACATTTGATTAAAGCAGAAAATTATATTGAAAATTATGACCTGCATTATAAGATTTTTGACTTGGATTGTGATGGAAATGATGAGTTAATTCTTGAATCTCCTACTTTTAATTTGTATCTCTCTCCTATGCATGGAGGATCACTCCTTGAATGGGATTTTAGACCTAAAGCTTTCAATCTAACTAATACTTTAACTAGAAGAAAAGAAGCATATCATTCTAAATTATCTCAGGTAAGCTCTGATGTTCAAGGAAAGAGTATACATGAAAGATGGAGTACAAAAGAGGAGGGCTTAGAAAAAATACTCTTTTATGATAACCATAGAAGGGTTTCTTTTATTGAGAGAATTTTTAAAAAAGAGCCTACCCTTGAAGATTTATGGAAGAATAGCTTAAAAGCCGAAGTTGACAGTTTTTATAAAGAATACGAATATGAAATAAGTAAAGATGAGAAGAAAATCGTAGTATCTTTTAAAGGAGATTATAAAGATTTTGAAATCCATAAAAGATATCTTCTTTATAAGAATGAGCCTTTTATTGATGTGGTTTATGAAATTAAAAATATCTCCAAAGAACCTATAACTTTAAACTTTGGATGGGAGATAAATATTAACTTTTTAGCACCAAATCATCCTGATTACTACTTTTTAATAAGAGATCAAAAATATCCTCTCTCTTCTTTTGGAGTTGAAAAAGTTAATAATTGGAAAGTATTTTCGGGTATAGGAATAGAATTGGAATGTTCTTTAGATATGGAAACTATTTTGTATAGATATCCTATAGAAACGGTGTCTCTTTCTGAGGAAGGATTTGAAAAAGTTTATCAAGGAAGTGCTCTCCTTCATTTTTATAAGATAGATTTGCCCATTGACTTTAACTGGAAGACCTCAATAAGATTTTTAGTTAAATAGTTTTTACTGGTGCGCCCGAGAGGATTTGAACCTCCAACCCTCGGCTCCGGAGGCCGATGCTCTATCCTTTTGAGCTACGGGCGCACCATTGTTTGTTATTTAATCAAAATAAATTAAATATACCATCAGACTTTCTATTATTAGGATTACAAAATAAAATTCCATTAGAACAGATATATCAATTTTTATTTTCCACCATTCACAATTTGGAATTAAGGTTATTTCTAACTTTGAAAGTTTAATGATTTTATTGCGAAGGTGGTGAGCCAATAATATGGAAGCGATAAAGAAGGGGACATAGAATTTAATTAGTAGGTTTGCATTGTGATCATATTTTATAGCCCAAATTATTTTTTTGTCTACAAAAATGTAAGCTAAGGTTGTTACAAGATAAAGAAGCATAAAAAAGGGTAAGTAATCTGTGAAACTTTTTAAAGTCTTAAGTAAAGAGTCTTTATCTTTAATTTTTAATAATAAAAGGGTAAAAAAGCCTGATGTCCCTAATATGTAACATATAGAGACAAAATGTAAAATTATATTAACAAAATACAAAAGATCAAAATTTTTCATTTCTAATGAATATTTTACCTAAATTTAAGATTTTTATCATCTCTTGGTGTATTTTACCGTTTGAAAACAAAATATTGTCTGTATGAATATCAATATTGTTTCCACTAAAATCTGTAACTTTACCTTTTGCCTCTTCCACTATTAGAATGCCTGCACTAATATCCCATGGTTTTAGTTTCTTTGCCCAAAATCCATCAAGTCTTCCACACCCTACATAGGCTATTTCTATTGCTGCCGAACCTGTCCTTCTTATACCATGAGTTCTAGAGGAAAAATTTATAAAAGGAATAAAATTTTTCTCCTCAAGACTTAATTCGTAAGGAAAGGCAAAACTAATGAGAGAATTTTCAAGACTTTCTGTTTTTGATACCTCTATTCTCCTATCATTTAGGTATGCACCTTCATTTTTTATGGCATAAAATAACTCGTCTCTTATGGGATCATAGATTAATCCAAGTATTATTTCTTTATTTTTTATGAGGGCAATACTAATTCCAAAAAAAGGGAAATTATGGGCATAATTTGTGGTTCCATCTAAGGGATCTACAATCCAGGTATATTCAGAATTTTTATTTATAAAGCCTGTTTCTTCTGTCAAGATTGAATGATCCGGAAAATTTTCTTCTATGGATTTTAGTATATGTCTTTCTGAGAGTTTATCTACTTGAGTGACTAAATTGGAAATTCCTTTAAGTTCTATTTCTTTTTCCTCGCCTATGTAGTTCAAAAGTATATTACCAGATTCTTTAATTGTTTTTATAGCTACTTCAAGTATTCTCTTCATAGCTTAATTATATATTTATTTTTTCTTTTTTGCTATTGACAAGGCAAATATATTAGAGTAATATATATACAGTTTTAATATATAGAACAAACATATCTTATATAAAAAAATGAAAAAGATAAGCTATAATAAAGATTAAGGAGGTGAATGTTATGAGCAGAAAATTATGTGACATCTGTGGGATCAACCCTGCGACTATTAGGGTCTACACCATAAAAAATGGACAAAAGAGAGTCCTTGATATATGTGAAGAATGTTATGCTAAGCAAAGGAGACAAGAAAGGTCATATTCTCCTTTGGAATCTTTATTCTTTGGTGATCTTTTTAGGGACTTTTTTGGAGAGGATATTGGTTTTCCCTTTGAAAGTCCTTTTGGAAGAGAAAGGGAATCTATAGATTTGAATGATTATTTGAGCAATGTATCAAAAGATCTTCTCCAACAAGCTGCCAAAAAAGCTATTGATTTTGGCAAGAAACAAGTTGGAACCGAACATTTGCTCTATGTTCTCTTGGACAATGATGTGGTAAATGAGATTTTAAAACAATTTAAAGTTTCACCACAAGAGATCAAAGCCTATATAGATAATAATGCTCCTAAGGGTGGGTTTAAGCCTGAAGGAGAAGAGGTGGAGGTAGACATATCTCCAAGGCTAAAAAGTGCTTTAGAGAGAGCTTTTATGGCTGCAAGAGACTTAGAGCATAACTACATAGGTCCAGAACATCTCTTGATAGGGCTTGCAGAAGAAGAGGAAGGATTTGCTGCAAATGTTTTAAGAAAGTATGGACTAAATCCCCAGGCATTGAGACAAGCAACTATTAGAGTAGTAGGAAGAGGTAAAGAGGCTGGCAAAGGAGTTAGAAGATCTAATACCCCTACTCTTGATAAATTTTCTCGTGATTTAACGGAATTAGCGAGACAAGGTAAATTAGATCCTGTCATAGGAAGGGCAAAAGAGATAGAAACTGTTATTGAGGTACTTGCAAGAAGAAAGAAGAATAACCCTGTGCTCATAGGAGAGCCAGGTGTAGGTAAGACTGCTATTGTAGAGGGTCTTGCTCAAAGGATTGTTAAAGGAGAAGTACCAGAAGTTTTAAGAGATAAGAGATTAGTAGAATTAAACATAAATACCCTTGTGGCAGGGACAAAATATAGAGGAGAGTTAGAGGAAAGAGTAAAGCAGATTTTAGATGAGATAATAGCTAATCAGGATAATTTGATCATCTTTATTGATGAGATTCACACTATTGTGGGAGCAGGTGCTGCTGGAGAAGGAAATTTAGATATTGCTAATGCTTTTAAACCAGCATTAGCAAGGGGAGAACTCCATTTAATTGGCGCTACCACTTTGAATGAGTATCAAAAATATATTGAAAAAGATCCTGCCCTTGAAAGAAGATTTCAACCTATATTTATCTCTGAGCCTACTGTAGAGCAGACTATAACAATCTTAAGAGGGTTAAGGGATAGATTTGAAGCACATCATAAAGTAAAGATTACTGACGAGGCAATAATAGCTGCTGCTGAACTCTCAGATAAGTATATAACAAATAGATACTTGCCTGATAAGGCTATAGATCTTATAGATCAAGCAGCAGCAAGGGTAAGAATTATGATGACTTCAAGGCCTGCCGAGATACAGGAACTTGAAGCCAAAATACAGTCTTTGAAGAGAGAGCAGGAATATGCATCCTCTAGAAAGCAGTATGATAAAGCTAAAGAACTTGAGGAGCAAATTCAGAAACTTGAGAAAGAATTGCAAGAAAAGACTGAAACTTGGAAGAGAGAAATTGCATCTGATGTACCTGAGGTAAGAGCTAAGCATATAGCCGAAATAGTATCCTCTCTTACAGGTATTCCTGTAACAGAGCTTACCACTGATGAAAGAGAAAGACTATT
CP001251.1_gap25	950683	954440	3757	TTGTTAAAGTGATGAGCTTAGAAGAGCCTAATTCAGAAAGGGCAAAGATGTATGAGGAAATGTATGGATTATATAGGGAACTTTATCCACTATTAAAAGAGTATTATAGGAAGCTTTCTAACTTCATTGATAAATATTATTCCAATAAAAAGTAAAAAAGGAAATTTTTGATTTAAAATTTATTTTAAAAAAAGGGAGAAGATAAAATTCTTCTCCCTTTTTTTATTGAAAATTTTCCTTAATTTATTGTAATCTTTATTAGCTTATGATATTATTTTTTTGCTTGTTTATTAAAAAAAAGAAGGAGGATAGGAGAGATGAGAAACATTGTAGTAGAGAAGCTAAATTCTTTGCCAGTAGAAGAACATGGTGTGGAACTTGTAGAAAGAAAAGGAATAGGACATCCTGACTCCATTTGTGATGCTATTATGGACCAGATATCTGTAAATTTATCACAGGAGTATATAAAGCGTGTAGGAAATATTTTACATCATAATATTGATAAGAGTTTGCTTGTAGCTGGAGAGGTGGAAAGAAAACTTGGAGTAGGCGGCGAAGTTAAAAAGCCGATGCTTCTTGTCATAGGAGACAGAGCAACCTTTGAAGTGGATGGTATAAGGATACCTGTAGAGGAGATAGCTATTGAAACAGCAAAGGAATGGTTTAGAAAAAACCTGAGATTTGTCGATCCAGATAAACATGTAAAATTTCAGGTAGAACTTTATCCAGGTTCTCCAGAACTTACAGATATTTTCAGAAGAAGAAAGGGATTGCTTCCTGCCAATGATACCTCAGCAGCTGTGGGATATGCGCCTTTAACTTCTACAGAAAAGATCGTATTAGAACTTGAAAGATATTTAAACTCAAAAGAGTTTAAGGCTATTCATCCAGAGGTAGGAGAAGATATTAAAATAATGGCATTTAGACAAAAGAAGAATTTGCAATTGACTATAGCAATGCCCCTTATCGATAGATATGTAACTAGCGTTAAAGATTATTTTGAAAAGAAAGAAGTTATCAAGAGTATTGTGGAAGATTTTGTAAGTGAGAAAGCTCAGAATTTTGAAAATATCACTATTGATATCAATACCTTGGATGATCCAGAAAGAGGCATGGACGGTATTTATGTAAGTGTGCTTGGAACTTCAGCGGAAGATGCAGATTCAGGACAGGTAGGAAGAGGAAATAGGGTAAATGGTGTTATTGCATTAAATCGTCCAATGGGGACAGAAGCTGCAGCTGGAAAGAACCCTGTAAGCCATGTTGGAAAGATCTATAACATTCTTACTCATAAGATTGCCAATGAGATCTATCAAAAGGTACCAGGTATTAAAGAGGTCTATGTGTGGCTATGTAGCCAAATTGGAAAACCCATTGATCAACCTAAAATTGCTACAGCTCAATTAATCTTAGAAAATGGAACTTCAATATATGATGTGGCAAAACCAGTAGAAGATATAATTGATCAAGAGTTGGCTAATATTGAGAAATTCTGTAACGAGCTTGCCGAAGGGAAGTATTCTGTATGGTAGAGAAGGTTCCTCATTGGGCTGATTTAGCCGCAGAAGAGATAATCCGTCTTAAAGGCAAAAAAAACGTGGTAGCTACAGGGATTACTCCCTCAGGTCCCATTCATCTTGGGAACCTGAGGGAGATCCTTACTGGTGATGCTCTTTATAGAGCCTTGCAAGATAAAGGCTCAGAAGTAGAATTTATTTATATTGCTGATACTTTTGATCCTTTAAGAAAAGTATATCCTTTTCTTCCTGATTCTTATGCTGAACATGTGGGAAAGCCCATCTCTGAAATACCAGATCCCGAGGGATGTCATGAAAACTATGCTGAACACTTTTTAGAGCCCTTCTTGGAAGCAATCAAAATTTTAGGAATAGAGCCCAAAGTTATAAAGGCTCATGAAAGCTATAAAAACGGACTTTATACAGAGATCATTGATTTAACTTTACAGAATAACGAGAAGATAACTCAAATCCTCAATGAAATTGCAGGAAGAAATCTGGAGAAAAACTTTGTTCCCCTTCTTCCTAAGTGCGAAAAGTGCGGAAGATTGACCACTACAAGTATAGTCTCCTTTGACGTAAAAAAGCATCAGGTAGAATATCAATGTAAATGTGGACATACGGGAATTGCAGACTATAGTAAAGGAGAAGCAAAACTCCCTTGGAGATTAGACTGGCCTGGAAGATGGAAGATATTTGGAGTTACTGTTGAACCTTTTGGTAAAGATCATGCTACTACAGGGGGTTCTTACGATACTGGCAAAGTAATTACAAAAGAAATATTTGGGTATGAGCCACCATATCCTTTTATATATGAATGGATATATTTAAAAGGAAAAGGTGCAATGTCAAGTTCAAAAGGTATTGCCATACCTATTAATGAAATATTAGAGATTCTTCCCCCTTCATGGGTAAGATATCTCATATTGAGATACAAACCCGATAAACATATAGATTTTGATCCAGTAAATGGATATATTCTCTTGGCAGAGGATTATGAAAGATTAGAAAGAATATATTATAGATTAGAAGGTACTGAGGAGGAATGGGCTGAGCTTGCAAGAGTTTATGAGCTTTCTCAAGTTAAAGGGGTACCAAAGGAACCTGGTCCTCAAGTACCTCTAAGGCATATTATCACACTAACGCAAATTTCCTTAGGAAATAAAGAGCTCCTAAAAGAAATGCTTATAAGGAGTGGGTATGAAAAAGAACTTGAAAAATTTGATGAGATATTAAAAAGGGTAGAATATGTTAAAAATTGGCTTGAAAAATTTGCACCATCTCAAGTAAAGTTTAAGCTTCAAGAAGAAATTCCAGAGATTGTAAAAAGTTTTTCTCCTAAGGAGAAAGGGTTTTTAAGAGACTTAGCTCAAAAAATAAAAGAAAAAGATTGGCAAGGAGAAGAACTTCAAAATTTCATATATACCTTAGCTCAAGAACATAATATAGAAGGAAAAAGAGCTTTCCAATTAATATATTTGGCTTTTTTAAACCAAACTTCAGGACCAAGGGCAGGACATTTCTTGGTTTCCTTACCAAAGGACTTTGTGGTTAAAAGGCTTGAGGAAGCAGGAACTTTATAAATTCATTTTAGGTTCCTGCTTCCTGGCTTTACAAGGGGTACCCCCTCTTTACACAAGGGACATTCCTCGGGTTTATAAGTATCAAGTTTCAATTGGATCAAAGAGTATAAAGGTTCATCAAAGATTTTTTTTCCGCCACTTCTATCCACAATACAGGCAAAAGCTACCACTTCTCCTCCATACTCCTTTACCAACTCTGCCACCTCTAACGCAGATCCTCCTGTAGTTACTACATCCTCACATATAAGAACCTTTTCACCAGGATTTATATTAAAACCTCTTCTTAATTTCATTTTTCCCTCTTCTCTTTCTGCAAAAATTCCTCTCACTTTTAATGCTCTTGCAAGTTCATAAGCAACAATTATTCCTCCAAGAGCAGGTCCTACTACTACATCTATCTGTAAGTCCTTTGGAATTTTTTCAGCAATTTCTTTGGCAATTTTTTCAGAAAGGTCAGGATATTGAAGAATAAGAGCACACTGAAGATAGTTTGGACTGTGAAGTCCTGAGGAGAGTAAAAAATGCCCCTCTAAAAATGCTCCTTTTTCTTTAAATATCTCAAGCCAATTCATAAAAGTTCATTCCCTCCCTAAATAAGATATTTATAAAAATTCTTTGGATTTAGCTCTTGAGAGAAGGGGAAGATTTCATTTATAT
CP001251.1_gap26	955668	958562	2894	CTCTTGAAAATATTGATATATCCAGATTCTATGGTTTTGCTAAGGTCTTTGAAATAAAAAATCCTAATAAGATTCTCTTACAAGATATTGAGACTTTGCCTATTGAAGAGGGAGACATTATTCTTTTTAAAACAAAAAATTCTTTACTTTTAAAAGAGAACATTTTCCACGATGATTATGTTGGTTTGTCACTTGAGGCTGCGAGATATCTTGCGGACAAGAATGTAAAGACCATAGGAATAGACTATTTATCTATAGGTCCAAGAGGAGATGAGGGCAGAGAAGTGCATAGGATACTTTTAGGTAAAGAAATAGGGATTATAGAAGGTTTGAATCTTTTAGAAATAAAAGAGGGAAGGTATTTCATGATGGCTCTTCCCTTAAAGATTAAGGGTGGAGAGGGCTCTCCTGTAAGGGCTATTTTATTTCCTATAGAGGAATAGATGTCTTATGAGAGTTGCAGTTGTCCATGATTGGATCGTTAATATAGGTGGTGCTGAGAAGGTATTAAAGGCAATTTTAGAGCTTTTTCCTGATGCTGATGTTTATACTCTTGTTTATTTAAAGGATACCCTCAGAAAATTAGGGATAAATAATAAGGTTTATTCTTCCTTTATTAGTGGACTTCCTTTTGCAAAAACAAAATATTCTTACTATTTACCTCTTATGCCCTTAGCTATTGAGCAATTTGATTTGTCTAAATATGATCTTGTTATCTCTAGTAGTCATTGTGTAGCAAAAGGAGTATTAACGAAATCTTATCAGATCCACATTTGTTATTGTCATACTCCCATGAGATATATTTGGGATCTATATTTTCCGTACTTAAAGGAACATAAATTAGAAAATGGTATTAAGGGTATATTTGTGAAGCCTATTCTTCATTATCTAAGAATATGGGATGTTTCAAGTGCTAATAGGGTAGATTATTTTGTTGCCAATTCTCAAAACGTAGCAAATAGAATAAGGAAAATATATAGAAGGGATTCTGTAGTAATATATCCTCCTGTGGATGTGGAAAGGTTTCTTCCTTCTTATAAGAAAGAGGATTATTTTATGGTGCTTTCTCGTCTTGTTCCATATAAAAAAGTAGATTTAGTGGTAGAAACTTTTAACGAGCTAAATCTTCCTCTTGTAGTGATTGGTGATGGGGAAGAAATGGGGAAGATTAAAAAGATGGCAAAGGAAAATATAAAAATTTTGGGTTGGCAAGAGGATGATGTGGTAAAGGAGTATCTTGCAAAGGCTCAAGCTTTAATCTTTGCCTCTGAGGAAGATTTTGGTATCGTATCTGTGGAGGCTCAAGCATGTGGTACTCCTGTAATAGCCTATAATAGAGGTGGTGCTAAGGAGACAGTAATTGATGGAGAAACAGGGATACTCTTTGAGGAACAAAATGTAGAAAGTCTAAAAAAGGCTGTTTTGAGATTTTTAAAAGAGAGGGATAATTTTCAAAGGGATAAAATTATGGAGAATGCTAAAAGATTTTCTGAGGATCGTTTTAAAAGGGAATTTAAATCCTATATAGAAGGGATAATAAGGTAGAAAATTGAAAATTTATGATAAAATAACTAATGTTATGAGAGGGAAATTAACAATCCGAAAGACAGTTTTTTTAAGTTTTTTAATTATTTTTATTTTATTTTTAAATCCTATATTTGGATGGTCTGCCAAGACTCATCAAAAAATTGTCAAGGAGGCTCTTTATTCTTTGCCAAAAGAATATCAACGAAAACTTGTGCCATATTTAGATGAGCTTCTTGAGGGTAGCGTAGCTCCAGATAAAGTATATAGAGATTTTGATAATCATATATTCCATGTTCATGGGAATAAGGGTAGAGGTCCTGAAAAGGTGAGAGAAAAGTATTATGAGATTATTAGTCTAATTCAGGAAAGGAAGCCTTGGAGACTTATTGCTTTTCAGCTTGGAGTTCTATCCCATTATATTGCTGATTTAAATCAGCCTCTTCATACCGATTCAAGTAAAAAGGAAGATCAGTTTCATAGCAAGTACGAAAAAGATGCCGAGGTGATAAATCCTAAAATTACTTCTGATTTGACCTTTATTAAGTATCCTACAAGGCATATTTTAGATAGTATATTTAATGCGAATCGCTTTTATAAAGCTATAGAAAAAGCTTATTTAGAGGGAGACCAGTTTAAGGATGTTTCCAAAGTTACCCAAAAACAGATAAATAAGGCAACCTACGATACTGCATCCTACTTCTATAGTATCCTTACAAGAGGAAGTAGGGGCACCACATTGATGGATCTAATTTATGATTTTATTGACTATATTTTTTCTTTGTTTAGGATCAATTTTAAAATGTAGTTGGGAGGAATTTCCTATGAGAATTGCAATAATTGGAGGAACGGGTGTTTATGATCCAAAATTTTTGGAAAATCCTGAAGAGATTAAGGTTTCTACTCCCTATGGGGAGGTAAAGCTTTTAAAAGGGATATATCAGGGAGAAGAAGTAGGATTTCTTGCAAGACATGGGGCAGGACATACAGTTCCACCTCATAGAATAAACTATAAGGCGAATATGTGGGCTTTAAAAAGCCTTGGGGTGGAAAGAATACTGTCAACTACTGCTGTGGGGAGTTTAAAGCTTAATTTAGTTCCAGGTGATTTAGTAATTCTTGATCAGTTTATTGACTTTACTAAGAATAGAGATCATACTTTTTATAACGGTGATGATGGTAAAGTAATTCATATAGATTTTACTAATCCTTATTGTCCTGAATTAAGAAATATTTTATATGAGACATCTAAGGAAATAGGAATAAAGGCTCATCCCTTTGGGACTTATGTATGTACCGAGGGACCTCGCTTTGAGACTCCAGCAGAGATTAAAATGTATTCTTTCTTCGGAGACGTGGTGGGTATGACC
CP001251.1_gap27	991511	993358	1847	AATTTTGATGTTCAGAGGAGATTATAATATCTTCAGGGATTAAAAATTTAAGATCGTCTGGTATTTTTCCTATAATTATTACAGGTTCCTTCTTGAGAGTACTGAGTAGATTTATAAAGTCTTGATATGAGAAAATTCCTTCATTATAGATTCTTTCATTTTTGGCATTATAAAAGCCTGCATGTATCTCTCCCCTTCTTGCAGGCATTATGGGTACCTTCATACCTAAAAAGGGTGTTTGGTAGGCTAAACATTCTAAGTAAGAAATTCCTATTATAGGTTTTTTGAATATTTGAGCAAGAGTTTTTACTGTAACTATTCCAATTCTAAGTCCAGTGAAGGATCCAGGACCTGTTATTATAGTGTAGAGATCAATATCTTCTAACTTCCATCCTGATAAGTCAAGCAAAGTTTTTATATTTATTGTTAGAGTCTCCCCATAAGTCTTAGAATCTGTAGAATAGAACAGCTCATATAATTTGTTATCTTTCCATAGTATTATATTACTTTTTTCAAAGGCAGTGTTTATTCCAAGGATAAACATTTTTTCAATTCCAAAAGTAGATTTTCATATTTTTCTCCGTAAGGCTTAAATTTGATTAGTCTTTCATTAAAATCTACGTGTTCAAAAGTAATTTCCATCCGTTCTTTAGGAAGTAGTCCTCTTATTTTGTCAGCCCATTCTATCACTATTATAAAATCACTGTTCAAGTATTCTTCAAAACCTATGTTTTCTAACTCTCTTTCTGGAATCTTTAATCTATATACATCTATATGTAGCATTCTATGTTTTCCCTTGTATTCTTTTATTATTAAAAAAGAAGGACTATTCACAGGTATGGTTATATGAAGGGCCTGAGAAATTCCTTGCACAAAAGTAGTTTTTCCACTTCCCAAATCTCCTATAAGAGCTAATATATTCCCTGGATTTAAAAGATTTCCTAAGGCTTTACCTAACTCTTTAGTTTCTAAAGGACTTTTGCTTAAAACTTCCATATTATTCCCAAGGATCTTTTAGCAATATTATTTCGTCCCTTGCAGGTCCTGTACCTATTATGGTAATTTTTGTTTCAAGTTCTTTTTCAATTCTTTCTTTATATTTTATTACATTTTCAGGAAGATCATTATAATTTTTTATGTTTTTCAAAGACTGTTTCCAACCAGAAATTTCTTCAGTTATGGGTTCACATTTTTCAAGAATATTTAGAGATGATGGAAATTCATCAATAATTCTTCCTTTGTATTTATAAGCTACCACAAATTTCAATTTTTCCAATCCACTCAGAACGTCAAGCTTAGTTATTGCAAGCTCTGTAAAACCGTTAATTCTTTTTGCATATCTTAATGCTACAAAATCAAGCCATCCTACTCTTCTTGGTCTTCTTGTTACTGTGCCATATTCTTGTCCTTTTTCTCTTATAATTTCAGCAAGCTCATCTTTTATTTCGCTGGGAAATGGACCCTCGCCAACCCTTGATGTATATGCCTTTATAACGCCTATAACTTTGTTTATGCTTTGAGGTGGTATCCCAGCCCCAACACAAACTCCACCGGAGATAGTAAAGGATGAGGTTACGAAAGGATAAGTTCCAAAGTTTATATCTAATAAGGTTCCTTGTGCACCTTCAAAAAGTATTTTTTTACCTGCTTTTATGTGATCATAAATTAATTTTGATGTATCCGTAATAGTAACTCCCTTTTCCATGAGTTTTTCGAAAGTGTTTAATTGAGAGTTGTAAACTTCCTCAAAGGGGGGCAGTTGAAAATCAGAAGAGAGAGTAGCTTTTTTTAAAGAATAAATATAATTTAATTTTTCTTTGAAGACTTCTTTATCAAAAAGATCTCCT
CP001251.1_gap28	1003555	1007757	4202	GACCTTTGATGGCAGCAGTCAAAGAATTTTTTAACAGAAATCCTCTTTCTCAATTTATGGATCAAACTAATCCTCTTTCAGAGCTTGCTCATAAGAGAAGAATAAGTGCATTAGGTCCTGGAGGGTTGACTCGAGAAAGAGCCACTTTTGAGGTAAGAGATATTCATCCCTCTCATTATGGAAGGGTCTGTCCAATAGAGACTCCAGAGGGACCTAATGCAGGATTGATAAACTATTTGTCCACTTTAGCCATAGTAGACGAGTATGGATTTTTAAGGACTCCATATTATAGAGTAAAAGATGGGAAAATAACCGATGAGATTGTTTATTTATCAGCCACAGAGGAGGACAAATATACTATAGCTTCTTTCGATGTTCACATTAATGAAAACAGAGAAATAATTGATGAATTGGTTCATGCTAGAAGAAAAGGAAAGTTTATACTTTGTTCTCCTAAGGAAATAGATTTTGTAGGAGTATCACCATACCAGACAGTAAGTATATCTACAGCCTTAATTCCTTTCCTTGAGCATGATGATGCAAACAGAGCATTAATGGGAGCAAACATGCAGCGTCAAGCAGTACCCTTAATAAACACAGAACCTCCTCTTGTGGGAACAGGAATAGAAGAAACTGTGGCAAGAAATACAGGAGTTATGGTTATATCTGATGTGGATGGAGTAGTTAAAAAGGTATCATCTTCGGAGATTGTGATTGAAACTGATAATAAAGAGGAGAAGAGATATCAACTTATAAAATATAGAAGGACTAATCAAGGTACTTGTTGGAACCAGAAACCCATAGTTGAAGTAGGACAGAGAGTCAAAAAGGGAGATGTTTTGGCTGATGGTCCTGCTACTTCCAATGGTAAGCTTGCCTTGGGAAGGAACGTACTTGTCGCTTTTATGCCTTGGGGTGGATATAACTATGAGGATGCAATAATAATAAGTGAAAGATTGGTTAAAGAAGACATATTTACCTCTATTCATATTGAAGAATATGAGATAAAGGCAAGAGATACAAAACTTGGTCCTGAAGAGATAACCAGAGATATTCCTAATATAAGTGAAGATGCTATAAGGTATTTGGATAAAGATGGAATAATAATGATAGGAGCAGAGGTTGGTCCTAACGACATTTTAGTAGGTAAGGTTACTCCAAAAGGTGAAACCGAACTTACTCCTGAGGAAAGGCTTTTGAGGGCAATTTTTGGAGAGAAATCTCGAGAGACTAAAGATACATCTCTAAGAATGCCTCATGGTGAATGGGGTAAGGTTATAGATGTAAAAGTGTTAACCAGAGAGAATGATGATGAGCTCCCACCAGGAGTGAATAAGATTGTAAAAGTTAGGGTTGCTCAAATAAGAAAAATCTCTGTAGGAGACAAGTTGGCAGGAAGACATGGAAATAAAGGTGTAATTGCTACTATCTTGCCTGAAGAAGATATGCCATTTCTTGAGGATGGGACTCCTGTAGATATTATATTGAATCCCTTAGGTGTTCCCTCTCGTATGAATGTGGGACAGATTTTGGAAACCCATTTGGGGTGGGCAGCTAAGGAATTGGGTATATATGCTATAGTACCTCCTTTTGATGAAGTATTAGGAGAAAATAGATCTGCTAATTTGGTAAAGGAGATGTTGAGAAAAGCTGGACTTCCTGAGGATGGTAGAGTGGTTTTATACGATGGAAGAACAGGAGAACCTTTTAATCAAAAGGTTACTGTTGGTTATATGTATATTTTGAAACTGATCCATCTTGCCGATGATAAAATCCATGCAAGATCTGTAGGTCCTTATTCATTGGTTACTCAACAGCCTCTTGGTGGAAGAGCTCAGTTTGGCGGTCAGAGATTTGGAGAAATGGAAGTATGGGCTTTAGAAGCTTATGGTGCAGCTCATACTCTTGAGGAAATGTTGACATATAAATCCGATGATGTGGCTGGAAGAACTGAGGCTTATTCTGCTATCGTTTCTGGTAATTTGATAAAAGAACCTGGTATTCCTGAGTCTTTTAAGGTTCTTGTCAGGGAATTACAAGGTTTAGGCATAAAAGTATCTGCTTATATTGGAAATAGATTAGTTAATCTCTCTAAGATTGAAGATGAATCTTAAGGAAGGGGAGGAATAAACCTTGAAGATAAAAGATTTTGATAAATTAGTTTTTGGTTTAGCATCACCAGAAGATATTTTAAGTTGGTCTTACGGTGAAGTTAAGAAACCGGAGACTATTAATTATAGAACCTTCAAACCTGAAAGAGATGGACTTTTTTGTGAGAAGATCTTTGGACCTGTGAAGGATTATGAGTGTCATTGCGGTAAGTATAAAGGGCAAAGATATGAAGGTATAACTTGTGATAGATGTGGTGTCACAGTAACTAAGAGCTCAGTGAGAAGAGAGAGAATGGGACATATAAAACTTGCTGTACCTGTAGTACATATTTGGTATTTTAAAAATGTTCCTAACTATATAGGGCTACTTCTTAATATAAGCAGTAAACAACTTGAGGAAGTAATTTATTATCATTCATATATTGTGTTAGATCCAGGGGATACTCCTTTACAGAAAATGCAGGTTTTAACAGAAGACGAATATGAAAAAGCTCTTAATGAGTTTGGTAATAGTTTTAAAGTAGGAATGGGTGCAGAAGCTATTAAAAAGCTTTTGAGAGATTTAGATTTAGAAGAATTGTCTTACGACTTAAAAAAACAAATCAACGAAATACAAGGTCAGAAAAAGGCGAAACTTATCAAAAGATTAGAGATTGTAGAAAGTTTTAGGCTTTCTGGTAATAAACCTGAGTGGATGGTACTTGAGGTACTTCCTGTTATTCCTCCTGATTTGAGGCCTATGGTACAACTTGAAGGTGGCAAATTTGCCACTTCTGATCTTAATGATCTTTATAGGAGAGTTATTAACAGAAATAACCGTCTTGCAAAGCTTTTAGAAATAAATGCCCCAGAGATTATTGTTAGAAATGAAAAGAGAATGTTGCAAGAAGCAGTAGATGCTCTTATTGATAATGGAAGAAGGGGTAAGCCTGTGACTAACGCTAGTGGAAGACCCTTGAGGTCTTTATCAGATATCTTAGAGGGTAAACAAGGAAGATTCAGACAGAATCTTTTAGGAAAAAGAGTTGACTTTTCTGGAAGAGCGGTTATTGTGGTTGGACCTGAATTAAAATTACATCAATGTGGACTTCCTAAAAAGATGGCTTTAGAATTATTTAAACCTTTTGTAATAAACAAGTTAATAGAACATGGATATGCTACTAACGTAAAGAATGCAAGAAAAAAAGTTGAAAGAGAAGCCTCTGAGGTATGGGATGTTTTAGATGAAATTATTAAGGAAAAATTAGTACTTTTAAATCGTGCTCCTACTTTGCACAGAGTTAGTATACAGGCATTTGAGCCTAAGTTAATTGATGGTAATGCAATTCAATTACATCCCTTAGTATGTCCACCGTATAATGCTGACTTCGATGGGGACCAGATGGCGGTTCATGTGCCACTATCCCTTGAGGCCCAAGCAGAAGCAAGAATTTTGATGTTGTCATCCAATAACCTTATATCTCCAGCTCATGGAAAACCTCTTACCTTACCAACTCAGGATGTGGTTCTTGGACTTTATTATTTAACTATAATGGTACCCGGAAGAGAGATTGAGGATAAAAGATTTGCGACCCCGGAAGAGGTTTTGTTGGCTTTAGAGGAGAAAAAAGTTGATCTACATTCAAAGATATATGTCCACAAGAGAGGAATAGAAGAAACATATAATATATCTTTACCTGAGAGCCCTATGTTTATAGAGACTACACCAGGAAGGTTAATTTTGAATGAGATTGTTCCTGAGAAGTTAAGATATTACAACGTCACTATGAATAGAAGAGAAATTAGAAAAATTGTCGAAAAATGTTTTGAGATTTATGGTTGGAGCAAGACAGCAGAATTCTTAGACGAACTTAAAAGACTTGGGTTTGAATATGCTACAAAAGCAGGTGTAAGTTTTTCCATAGTAGATATTGAAATACCTAAGGAGGCAAAAGAGAAGGTTATAAAGAAAGCGGAAGAGGAGTCTATGCTTCTTCAAAAAGCTGTAGAGAGTGGTTTGTATTCTGAGGAAGAAAGATATCAAAGAGCTATTGAGATATGGACAAAGGCAACTGAAGAAGTAAAGGATATAATGCTTGCTAATTTTGGTAT
CP001251.1_gap29	1009026	1011565	2539	AGATCGAATTGTGGCAACAGGTGAAGCTGTAATTATCATAAGAAATAGCGAAGGAAGAGAAGTTGAATATAGAATTCCTCGTGGACTTAAATTACATGTAAATGCAGAAGATAATGTAGAATTTGGCACTATTCTTGCTTACTTCCCTGCATACCAACAGAAAACTGCAAAAACAGAAGATATCGTTCAAGGTCTTCCTCGTGTAGAGGAGTTGTTTGAGGCAAGGAAACCAAAAGGAAAATCTATTATAGCTGGTGTTAGTGGTATTGTGAAAATAACAAGGACTAAATCAGGAGAAAAGATAGTGATTGAAGGAGAAAATGGAAAAGATGAGCATATCTTGCCACCTAATGCTCAACTTTTGGTTAAAGAAGGCGATTATGTAACAGTGGGACAAGAGTTGACTAAAGGATATAGAAATCCTGCGGAAATTCTTGCTAATGAAGGTCTTGCTGCTGTACAGAGATATATTGTGGATGAAGTGCAAAAGGTTTATCTCAAACAAGGAGCAGAGATTAACGATAAGCACATAGAAGTAATAGTTAGACAGATGACTAATAGAGTAAGGATTGAAGATCCAGGAGATAGCAACTTCTTGTTTGGTCAACTTGTTAACAAAGTGACCTTTGAAAAGGTGAAACAGCAATTAGAAGAAGAAGGAAAAAGACCTCCTATAGCAAGAGAGGTTGTACTTGGTATTACAAAAGCAGCCTTAACCACAGAAAGTGTAATATCTGCAGCTTCTTTCCAAGAGACTACGAGGGTTTTAGCTGAAGCAGCAGTTAAAGGAAAAGAAGACTACCTGGAGGGATTAAAAGAAAATGTGATAATAGGCAGATTAATTCCTGCAGGCACAGGGCTCTTTAGGAAAATTATTCCTCAAAAAGTCTCCGCTAAGAAAGTAGAGGTTTTGGAAGATGGTGGAGAAATTGAAATTAACTCTTGACAAAAATAATTCTATAATGATAAACTTGTTTTCGCTTGCCTTTAGGGGCTTTGTATTATATTTAAATAATTTTCAATAACTAAGATGTAGGAGGTGTAATTTTGCCTACTATAAATCAGCTTATAAGAAAAGGGAGAGAACCAAAAGAAAGGAAAAGTAAATCTCCTGCTCTTATGGGGAATCCTCAAAAGAGGGGAGTATGTATCCGTGTAACTACAATGACTCCTAAAAAGCCTAACTCTGCTTTAAGGAAGGTTGCTAGGGTTAGGTTAACAAATGGGATTGAAGTATGGGCTTATATACCTGGAATAGGTCATAACTTACAAGAACACTCTGTAGTTCTTGTGAGAGGAGGCCGTGTTAAGGATCTACCAGGTGTGAGGTATCATATTATTCGTGGTGCTTTGGATGCTGCAGGTGTTGAGGGCAGAAGACAGGGAAGATCCAAATATGGAGCAAAACGTCCAAAAGAGGGAGGTAAGAAATAATGCCACGTAGAGGACCAGTTACTCCAAGAGAAATACCTCCTGATCCTGTATATAATAGCGTTCTTGTGCAAAAGCTTATTAATAAAGTTATGCTAGATGGTAAAAAAAGCATAGCTGAAAAAATAGTTTATGGTGCGATGGATATAATAAGGGAAAAAACAAAACAAGATCCATTAACTGTCCTTGAAAAAGCAGTGCAAAATGTAACACCTCTTTTAGAGGTAAGGCCAAGAAGAGTTGGAGGAGCAACCTATCAAGTGCCAATAGAAGTTCCTCCAAGAAGAGGACTCTCTCTTGCTTTAAGATGGATTGTTAGAGCTGCAAGAGAGAGAAAAGGTATGCCTATGAAGGAAAGGCTTGCTTTAGAGATTTTAGATGCCTTTAACAATACTGGTGGAGCAATTAAGAAGAGAGATGAAATGCATAGAATGGCAGAAGCTAATAAGGCATTTGCTCATTATCGTTGGTAATTAAAAAGGAGGAAGATAAACGTGCCGAGATGTCCATTAGATAAATTAAGAAATATAGGAATAGCTGCTCATATAGATGCAGGTAAGACTACTCTTACCGAAAGGATACTTTTTTATACTGGTAAAACTCATAAATTAGGTGAAGTCCACGAAGGAACAGCAACCATGGACTGGATGGAACAAGAGAGAGAACGTGGTATTACTATAACAGCTGCAACAACTACCTGTCAGTGGAAGGATCACATTATTAATATAATTGATACTCCGGGGCACGTGGATTTTACTGTTGAGGTAGAAAGATCCTTAAGAGTATTAGATGGTTTAATAGCGGTGTTTTGTGGGGTTGCTGGAGTTCAGCCTCAATCGGAGACAGTATGGAGACAAGCTACAAAATATAATGTTCCAAGAATAATTTTTGTTAATAAGATGGATAGAGTTGGTGCAAACTTTTTCAGGGTAGTGGAGATGATAAAAGATCGATTAGGGGTCAACGCAATACCTATTCAAATACCAATTGGTAGTGAAGATCAATTTAGAGGTGTCATAGATCTTTTTGAGATGAAGGCAATTGTATATCATGATGATCTTGGGATTAAATGGGAAGTTACAGAAATTCCCGATGAGTTAAAGGATCA
CP001251.1_gap30	1154558	1156855	2297	TCCATTAACAGGAATCTCTGGAGTAAGATACAGAGTAGTGTGGCTTTCTAAGTAGTAGATAAATATTTGAGGGAGGAGAAGTTCTCCTCCCTCTTATCTTATTTAAGAAAGGAGGACAAAGTTGTTAAGGTATATAATAAGAAGATTACTACAAGCTATACCAGTATTTATAGGTGTAACTCTAATAACTTTTATTCTATTCTTCATCGCTCCAGGAGACCCAGCAAGACTTATTGCTGGACAGAGGGCAGATGCTGAAACCATAGCAAGGGTTAGAGCGATGTGGGGATTAGACAAACCTCTTCCTGTACAATACCTTCTCTTTTTAGGTAGGATAGTTAGATTAGATTTTGGTAGATCCTTTAAGACCAATATTCCAGTAATTGTATCTATTGGGGAGAGATTACAAGCAACAGCTGTACTTGCATTTTTTGCCTTCATAATAGCGGTTTTTTTAGGAGTTACTGCAGGTATTATCTCTGCAGTAAGGCAGTATTCATTATTTGATTATACCGCTATGGTTGTTGCTTTATTAGGGGTTTCAGCTCCTGTATATTGGGTAGGAATAATTTTACTTTTGATTTTTGGTTTTAATTTGGGATGGTTACCCTTAGGTGGTTATATCTCTGAGTATGGTATTAAAGCAGTAATACTTCCTGCTATAACCCTTGGAACAAGACCCGCAGCTTATTTTGCAAGATTATCAAGATCTTCCATGTTAGAAGTAATAAGACAGGAATATATTACAACAGCAAGAGCTAAGGGATTGCCAGAATCAAAAGTTATATTTAAACATGCTTTACGTAATGCTTTAATTCCTGTAGTAACATATGCGGGTATGGTAGTAGGAGATCTATTGACTGGAGCAGTTTTGACTGAAACCATATTTGCATGGCCAGGAATAGGAAGATTAGTTGTTCAGGCTATACTTGATAGAGATCTTCCTGTACTTCAAGGTGGGGTTATTGTTATAGCTCTTATCTATATTTTGGCAAATTTGATTGTGGACTTATCTTATGCTTTAATAGATCCCAGAATAAGGTATGAGTAATTTTGGAGGTTTAGAGTATGGCAGCTAAAGCTAAAGCACTAAAAGAGGATAGAAAGCCAAGAAGTTTATGGAGAATCGCCTGGAAGAGATTGTCTAAAAACAAGCTTGCTCTGTTAGGACTTGGAATAGTTATTTTCTTTGTCATAATTGCTCTTTTCGCTCAATACCTTACGCCCTATTCATGGAATGCAGTTGACCTTTCAAATGCTTTACAACCTCCAAGTTGGGAGCATCCTTTGGGAACTGATGAATTTGGAAGAGATATCTTAAGTAGGATTATATATGGGACTAAAATTTCATTGCAATTTGCTTTTTTTGCACAACTTATTTCTATCTCACTTGGAACAGTTTTAGGCCTTATTGCAGGCTTTTATGGAGGGTGGATTGATGATCTAATAATGAGAATTGTTGAAATCCTTTTTGCCTTTCCATTTTTGTTGTTCGTTATTGCTGTTGTCTCTACTTTGGGTACTGGAATCCAAAACTTATATATTGCGGTAGCAATTATTGGATGGGCAGGAGTATCAAGGATAGTGAGGGGACAAGTACTCAGTTTGAGAGAAAGAGATTTTGTCGCATCTGCTCAAGCAATTGGAGCTTCTACTTGGAGAATTCTTTTCAGACATATATTGCCCAATGCTTTATCTCCGATTATAATTGAGACAACCATTGGAATGGGTGGTATGATTATGTTGGAGGCAGGGCTTTCCTTTTTAGGATTAGGAGTTCAGGCTCCTACTCCTAGTTTAGGGTCTATGGTACAGGCAGGACTTGCCTATTTAAGGAGCTGTTGGTGGTACCCAATAGCTCCAGGTCTTGTTATAATGATAATAGTGTTTGGTTTTAATCTTTTAGGAGATGGTCTCAGAGATGCGTTGGATCCAAGACTTTATATCTAAGAAAGAAAAGAATAAGCAAAAATACTTTACAGGGCTTGGATGGGTAGAAATATCCCCAAGTGCAATTGCAACTTTGGCGAGTATTGCTACTCTTCAAAGTTATGGCGTGGTAGGAATGGCAGCGAGTAATATTGCTGATGGAATAAGTGAGTTGTTAAAGTTAGAGGAAGTTAGCAGAGGAGTTAGAGTGGAAATAGATGAAGATGGTATAAAAATTGATCTTTATATAATTGTAGCTTACGGTGTTAGAATCCCAGAAGTAGCGCATAATGTTATGGAGAGAATTAAGTGGAGTTTAGAAAGAACCACAGGTCTTAATGTGAAAGAGATAAATGTAAATGTGTGGG
CP001251.1_gap31	1165495	1170347	4852	AAGACCATAAATATAATTGTAGCAATTAAGGTAGGCTCAAGGCATGAGGAGAAGATAGAACATGGTCTTGCTCATTTTGTGGAACATCTTTTGTTTAAGAATAACTCTGGAAGGGGTATAGATGAGATACGAAAGGAAATTGATCGGTTAGGTGGAGAGCTTGATGCTTTCACGACTAAAGAAACCACTTACTTTACATTAAAGATTTTAAGTTATCATTTTGTCTCAGGAGTAAAGCTTCTTAGTGATATTATTTTAAGGCCAAGGTTCTCTGAAGAAGAGATAAACTTGGAAAAGTCTGTAGTTAGAGAAGAGATTAGAATGTATAAAGATTCGCCAGAAGAATTGGTATTTGATAATTTCTTTAAGGCTTCTTGGGATAGTCATCCTTTAGTGAGAGAAATATTAGGTACTGAGAAGTCAGTGTCAAATTTTAATAAAGATCTCGTAATTTCCTTTTATAATAAACATTATAAATTAAATAACATGATTATTGGGATTAGCGGGGATGTTCCTTCAAAAAGGATAGAAGAGGTTCTTGATTTTTATTTTACCCAAAACACCTCAAGTAAATTCTTAATCTCAAGTGCTCAAAAACCACCTAAATATAGACCAAAATCAGTTTTTTTAAAGCGAAATTTTGAACAAGTACAAATTCTTTGGGGGACAGAGGGATATGTCCCTGGAGACCCTAATAGAGAATCTCTTGCTTTACTTTCGGTAAGTCTTGGAGGAGGTATTAGTTCGAGACTATTTAGGGAGTTAAGAGAAAAAAGGGGACTTGTTTATAGTGTAGAGACCCATATTTTAAGTTTTAAAGATGCTTCTTTATTTGGTATTTATACTGCTACTGCACCTCAAACAGTGGTTGAGACCTTTAAAACTTTAGCTCAGGAGAAAGAAAAATTAATTAAAGAAGGTTTATCAAAAGAAGAGCTAGATCTTGCTAAGAGGCAAACTATAAATAGTATTTTAATGGCTATTGAAAGTCCTTCTCAGCGGTTATTTTATCTTATAGACTCTTATATTACTTATGGAAAAATTGTCCCTTGGACTGATAAAATAAAGAAAATAAGAAAAGTGACTTTAGAAGATATCAATAGTACGATAAAAGATATATTTAGTAAGCCCTTTGCTATGTCTGTGGTAGGTCCTATAAATTCTCAACATAAAGAGATTTTAAAGGGGGAAGTATAAAATGATTAAAACAGTCTTATTTGGAGCTTGCGGAAAAATGGGAAAAGTTATAGGTAAAGCACTTATTGATGCTACTGATATAGAACTCGTAGGTGCTATAGATCCTTATTTTAAGGGAGAAAAATATGAAAAGATTATTGGGATAGATAAGATTTCTCTTGAAGTTGTGGAAAGTATAGATGAACTCCAAGAAGATTTTGATGTGGCAATAGATTTTACTAATGCAGAGGCAGCCTATCAGAATATTAAAAAGGTTCTACAAAAAGGAAAAAGAATGGTGGTAGGGACCACAGGACTTACTCAAGAAATGATGGAAGAATTTAAAGATCTTGCTGTTAAGAATAAAACTGCAATTTTAATCGCTCCTAATTTTGCATTAGGAGCTGTATTAATGATCCAGCTTGCAAAACAAGTAGTAAAGTATTTCCCAGATGTTGAAATCATTGAATTACATCATAATGAAAAAGCTGATGCACCCTCCGGAACAGCTATATTAACAGCAGAAGTACTTAGAGAGGAGATGAAAAAATACAACTTAACCCATAAAGATGCAACAAAGATTGAGAAATTACCAGGTGCCCGTGGAGGAAAATTAGATTCAATCAATATACATAGTGTAAGACTTCCTGGTTTAGTAGCTCATCAAGAAGTAATATTTGGGGGGCTGGGACAGACTCTGAGTATAAGACATGATGCCTTGAGTAGGGAATGTTATATTCCAGGAGTATTGATGGCTGTTAGAGAGATAGTTAAGAGAGAAGGATTCTTTTATGGACTTGAATCTTTCTTAAATAGGGAGGAGGCTTAGATTATGGTCCATTTTGGTAGTTTGATTACAGCCATGATAACTCCTTTTGATGAATATGGGGAGATTAACTGGAGTGAAGTGGATAGGATTGTGGAAAAACTGATTGAAGATGGAAGTGATAGTATTCTTGTCTCGGGTACTACAGGAGAAGCTCCTACATTGTCTAATAAAGAGAAATTAGCTCTTTTTGAGAGGGTAAAGAAGGTAGCAGGAGATAGAGTTAAAGTAATCGCAGGGACAACAAATTATTGTACAAAGGAATCAGTAGAACTTACGAAAGAAGCTGAAAAAATTGGAGTAGACGGTATCTTAGCTACTGCCCCTTACTATAATAAGCCTCCTCAGGATGGGTTATATCTACACTTTGCCAAAATTGCATCAGAGACTTCTCTCCCTATCATAGTTTACAACATACCATCAAGAACTGCGGTAAATGTTCTTCCTGAGACCTTAAAGAGACTTGCTCAGGATTGTCCAAATATTGTAGGAGTGAAAGAGGCAAGTGGAGATATTAATCAAATTGCAATGATAAGAAAGCTTCTGCCACATCCCTTCTTACTTTATAGTGGTGACGACTCTATGACTTTACCCCTTCTTAGTGTAGGAGGAGATGGGGTTATAAGTGTGGCGTCCCACATAGTAGGAAAAGAAATAAAAGAGATGATAAATAGTTATTTTAGTGGAAAAGTGGAAAAAGCCGCAGAGTTACATTTAAAACTATTACCTATATTTAAAGGTTTATTCCTAACTACAAATCCCATTCCCCTCAAAGAGGCTTTAAATCTTCTTGGATATAATGTTGGAAAGTGTAGGTTGCCATTATCTCCTATAGACAGCAAAAATAGAGCAGAACTAATAAAAATCCTGAAGGAGTACGGTTTTCAAGTAAATGAAACATAGATTGAAAGTTATACCCATTGGTGGTTTCGGAGAGATAGGGAAAAATATGCTTCTTCTCCAGTATGGAGATAGTATTATTGTAATAGATGCCGGCTTAATGTTTCCTGATGGAGATATGCTTGGTATTGATTTTGTTATTCCTGACATTTCTTATTTGTTAGCTAATAAAGATAAAGTTAAGGCTTTAATTCTTACCCATGGACATGAGGATCATATAGGAGCACTTCAATATATATTAAAGGATTTGAATGTACCCATATATGGTACTTCATTAACTCTTGGTTTAGTGGAGAAAAAATTAGAAGAATTTAGACTCAAAGCTAATCTTAATAAAATTAAACCTAATGAGACTATAAATATAGGTCCTTTTACCATTGAGACTTTTAGACAGACTCATAGTATTCCTGATACCATTGGACTTGCTATAACTACCCCTATAGGTTTGATCGTAATAAGCGGAGACTTTAAACTTGATCAAACTCCTATAGATGGTAATCCTCCAGATTTTAATAAATTAGTAGAGCTTGGAGAAAGAGGAGTTCTTGCCCTATTTTGTGATAGTACAAATGTGGAACAACCTGGAATAACCCCCTCAGAGAGTTTAGTGAAAAGCACTTTTGAAGGTATATTTAGTTCTACAAAAAGCAGAATATTTCTTGTTACTTTTGCCTCCAATTTTCATCGTATTCAGCAAGCTATAGATATGGCATTAAAATTTGGAAGAAAGGTTGCTATAGCTGGAAAAAGCTTGATAAATAATATAGAAGTTGCCACAAAATTAGGATATTTACACATTCCCGAAAATATACTAATAAACATTAAAGACGTAAACAATCTTCCTGATGAAAAAGTTCTTGTCCTTACCACAGGAAGCCAGGGAGAGCCATACTCAGCTCTGTCTCTTCTTACTAATCATTCGTATAAACAACTTTTTCTTAAACCAGGAGATACAGTAATATTATCCACCAAGCCCATACCTGGAAATGAAATTATGGTTTATAAGATGGTGGATCAATTGTTCAGAAAAGGTGTAGAGGTTATATATGGAAAGGATGCAGGAGTCCATGTTTCAGGACATGCTGCCCAAGAAGAAATAAAGATGTTTATAAATCTCTTAAAACCTAAATATCTCATACCTTATCATGGAGAATATAGACATTTAGCTTTGCTTAAAAAAATAGGTTTAGAGTTAGGAATTTCAAAGGAACACATAATAATAATAGAGAACGGTACAGTTCTTGAATTTGATGAGGAAAAAGCCATAATAAATGGTAGGATTAACTTAAATAATATATATGTAGATGGGCTTAGTATTGGAGACATAGGAAATATCGTGTTGATGGAACGTAAGAAGCTAGCTGAAGACGGAGTATTAATTGTAGGGGTACTTGTAGATGGTGAGACAGGCCTAATTTTGGAAGGGCCAGAGATTATTTCAAAAGGATTTATTTTTGTAAAAGAATCAGAGGAATTGATAGAAACAGCAAAAGAAAAAGTAAGAGAAGCTTTTAAGAAGAAAGTTGGAAGAAATGGGGGTATAAATAAAGAGACTCTTGTTAGAGAAGTTCTTGAGAACTTTTTCAATGAAGAGTTAAAAAGGAAACCTGTAGTAGTCCCTTTAGTATGGGAGATTTAAAAATGCATAAAGAGAAATTAATTGGGATTTTTTTGCTCTGTATAAATATATTTGGCTTATTATCTTGGGTATTTCCAGAATCAAGCGGAGTTTTAGGGAGAAGTTTTGTCAATTTTATAAAAAACTTCTTTGGTGTATATTTAATTCTTTTCATTGTTTTCGAGGGATTTATAATGTATTATCTTCTATTTAAAGAAATTGAAAAGCAAAAACTAATCTCTTTAAGTTTGTACTTCCTCTCTTTTTTAGGTGTTTTTTCTCTTCTTATAAAGGTTTTGAATCTATCAAAGTATCAAGGACAAATAGGAAGT
CP001251.1_gap32	1320391	1324332	3941	GGTGGACTATATTGATGTGGCAATACCCCGTGGAAGTGCAAAATTTATCAAACATGTCATGAATATCTCGAAGGTTCCTGTAATTGAGACAGGAGCAGGAAACAATCACATTTATGTGGAAGAGGATGCAGATTTTGAAATGGCACGAAAAATAATAATAAATGCAAAAGTTCAGAGACCTTCAGTATGTAATGCTATTGAAAAGCTTCTAATACACAAAAATATTGCAGAAGAATTCTTACCGATAATAGCTAAAGATCTAAGAGAATACAACGTAGAGATAAGAGGATGCAAAAGAACTTTAAAGATACTAACAGATGCTATACCAGCCACAGAAGAAGACTGGTACACAGAGTATTTAGATTACATAATTGCAATAAAGATTGTAGAATCTATTGATGAAGCAATAGAGCATATCAATAAATATAATACCAAACACTCGGAAGCAATTATAACTAAAGACTATTACAAAGCATTAAAATTCCTAAGAATGGTAGATGCTGCAGCAGTATATGTAAATGCTTCTACAAGATTTACTGATGGGGGAGAATTTGGTTTAGGAGCTGAAATAGGAATATCTACCCAAAAACTACATGCGAGAGGGCCTATGGGCCTTAAAGAACTAACTACAACAAAATATGTTATTTTAGGTGAGGGCCAAATAAGAGAGTAAGGAGGATCTAAATTATGAAGCTAGGGATAATTGGTGGAGGAATGATGGGAGAAGCCATTCTTTCAGGAATAATTGATAGCAATTTCTTGAAAAATGATGAAATAATAGTTTCAGAACCTATAGAGAAAAGAAGAGAATATCTAAGAGATAAGTACAATGTAGAAGTTATTTCAGATAATAAGCTTATTGCTAAAAAAGCTAAATACATCCTTATTGCTGTAAAACCACAAAACATTAAAGATGTTTTAAAAGAAATCAGCCCCAATATAGATGAAAATAAAACTATTATTTCTATTGCTGCAGGAGTAAAAATATCCTTGATAAAGAGATATTTAAATAAATTTAAATGCATTATAAGAATAATGCCTAATCTACCTTGTACCGTCAAGAAAGGAGCTATTGCTTTAACTTTTGATAAATACGATAAGGAAGAAGTGGAATTTGTAAAAAATCTATTTTCTACTATAGGAAGTGTTTGGATTGTTGATGAGAAATATTTTGATACTATCACTGCCTTAACAGGAAGTGGTCCTGCTTTTGTTTCTACCATTCTTCAGGGTTTTACTCTTTCGGGGGTTAAAGGAGGACTTTCTTATGACATTTCTAAGGAGATGGTATTAAAGCTCTTTGAGGGAGTAATTGAATATATAAGAGAAAAAAATCTATCTTTTGAAGAAGTAGTAAAAATGACAAGCTCTCCAGCAGGAACAACTATTATGGGACTTGAAACATTGCATAAAGAGGGAATAGTTGGAATAATTATGGAAGCAATAACGTCAGCTAAATTAAGAAGTGAAGAAATAAGTAAATATTTAGAGGAGGGAGAAGCATGAGGAGAGAAAGAGGAGTATGGCAGGTTCTGTTAATCATATTCATACTGGGAGCCTTAATAGGCGGCTTCATTGGAAGTGTAGGAGGATACTATTTATTAAATAAGAATTCCCCTGCATCAAGTGAAACGAAGATAAATAACGTGGTTCCAACCCAAGAAGTGTATATACCAAGTTCTCTTGGAGCTTTTGAAAAGGATATTGTTGCTGTAGTTAAAAAATCAATGCCTGCAGTAGTAAACATAAGTACCATAACCTTAGTTGAAGATTTCTTCTTTGGTATATATCCATCTTCAGGAGTTGGTTCTGGTTTCATTATTGACCCTAAAGGATATATTCTAACCAATTACCACGTGGTAGAAGGAGCAAGAAAAATTGATGTTACTTTATCAGAAGGGAAGAAATACTCAGGAAGAGTAGTTGGATATGACAAGAGATCAGATCTTGCGGTAATAAAGATTGATGCTGAAAATTTACCTGCCCTTCCTTTAGGGGATTCTGATAAATTAGAACCTGGACAATTTGCTATAGCAATTGGAAACCCTTATGGTTTAAATAGAACGGTAACCCTTGGTATTGTAAGCGCTCTTAATAGAACTATTGTGGAACCCAATGGTGTAAGACTTGAAAATCTTATTCAAACTGATGCCGCAATTAATCCTGGAAACAGTGGTGGACCATTAATAAACATTAAAGGAGAAGTTATAGGAATAAATACAGCTATAAAAAGCGATGCTCAGGGGATTGGATTTGCAATTCCTATTAATAAAGCAAAACAGATTGCAGATAAACTAATAAAAGAAGGAAAGATAACCTATCCATGGTTAGGAATAAGAGGCTATGCTATTACCTCTGATATGCTTGATTATATAAAATTCCCTGTAGATAAAGGTGTGGTGATAGCAGAGGTAGTACCGGGAAGTCCTGCAGACAAAGCAGGATTGAAGGGCGGAGATAGAATAATCTATGTAGACAGTACTCAAATCATTGTAGGAGGAGATATTATCACAAAGATTGACGGAAAACCCGTAGAAAGTATGGAGGAACTAAGATCGGAGATCCAAAAGAGAAAAGTTGGAGACACTGTTGTCATTACATATATAAGAAGCGGGAAAGAATATACAGTAAAGATACAATTAGAAGCAATGCCTGATAATTTGAGTGGATAAAATTGCAGTTTAAAATTCTTGTAGTAGGAAAGTTGAGAAACGAATTTATAAAGGCAGGAGTCAATGAATATTTGAAAAGACTCCTGCCTTTTATAAATATAAAAATTGAATTTCTACCGAGTTTCTCAGAACTTCCCGAGAAAATGGCTTTATTAAAGGAAGAAGAAATTATTCTCAAAAATATAAAGAATAATGAATTTATAATAATCTTAGACAAAAATGGAGAAAAATTATCTTCTGAAGAATTCTCAAACAAACTTTTTAAGCTTACCACATTAAATCCACAAATTACCTTCGTAATTGGAGGTATATACGGAGTTTCAGAAAATATTAAAAAAAGTTCAAAATTTCTTTTATCCTTATCTCCTATGACTTTTACCCACGAATTTGCCCTTTTAATCTTATTAGAGCAGATCTATCGTGCTTTTAAAATAAATAGGAATGAGCCTTATCACTATTAGTTAGCGCTTTTTATTTAGAAGGTAAATTCCAATAATAAGAAAAACTATATTTCCAAGCCAAGCTCCCAAAAAGTATGGGACTATACCTGCCTTTGCTAAGGATCTTCCTATGGAAAAAATAATGTAGTATACAAAAATTGAAATCACACTGAGTCCAAAACTTAATGATCTTCCTCCTTTTCCCATGTTTAAGCCAAGTCCAAGAGCAAGAATTGCAAATATAGGACAAGTAAAAGGCAAAGCAATTCTAATATGAAATTCCGTCTTCAAGTTATTTAAGTTCAAACCTGTTCCCTCTAAAAGCCTAATTTGATCTACAATTTCAAATATACTCATCTCTTCAACCGGTTTTGAAGATGGTACTAACTGATATGGAGCTCTATTTAAAGTCACTTTATATTCCTTAAATTTTCCTTGAAATATCATTTCCCCTTCCTTATTCAAGGAATATACTTCTCCATTCATAAAAGTCCATCCTTTAAACTCGTCCCATAATGCTTTCTCGGCATGGATTATTAATCTGACATTACCTTTCTCAAGAAGTTCTATTAAAAGAATATCTTCAAATTTCTTATTTTTAGGATCCACTTTTCTAAAAAAGTAAAAACTATTATTTTCATTAAAAAATACATTTTCTCTACTTGGCATAATAACGTTATTGTAGGCCTTATTCATTAGTATTTTTTCTCTCTCATAAGCTTTTGGCGCTACAAATTCATTAACATAAAACATAATTAATTGGGCAGAAAGAGAAAACATAAGTATGGCTGGTAAAAAATATTTGATAGAAGCTCCAGAAGCCTTCATT
CP001251.1_gap33	1326851	1327526	675	TTGCCTTTCCACCTTCTGTCTCAGCTTCTTTCTCTATCTCGCTTATTATCTTTTCCCATTCAAGGATCTTTAACGCCTTTTCCATTACTTCTGCCTTAAATAAACTCCTTTTATAGATAAATCAATTAGTATTTTATTTATTATCTCGTCTACCTCTTTATCTTCAAGAGTATGATCATCAGCAAGGAAGAAAAGAGAAAAAGTTACACTCTTATATCCTTTCTCAACCTTCTCACCTTGATAGAGGTCAAAAATCCTTATCATTTTTAATAGATCTCCTGAGATTTTTAAAATCTCTTTCTCTACACTTTCTACAGGCATTTCTTCAGGAATAAGTAAAGCAAGATCCCTCCTAATTCCAGGATATATAGGAAGAGATTTATATTGAGGTCTTGGCTTCTCAAAATTCAACTTATCTAAATTGATTTCTGCAAAATATACTCTTTCCCTTATGTCCAAATTCTGGGTTATCCACGGATTGACTTCCCCCATAAATCCCACAATCTCATCTTTAAACACAATATAACCCTGTTTAGAAGGGTGCATAAAACTATACTCACTTTTTTTGAAAATTGGTTCCCTTCCCCATATTTTTTCAAATATGGCCTCGATTATTCCCTTAAGGTCATAAAAGTCTGCCTTTCTTATCTCATAAGGAATATTCCAGGGATCTTT
CP001251.1_gap34	1328572	1329744	1172	AGTTAGTAATATCAACCACATTATTTATAGACCTTAAACCAACTCTTTCTATTCTCCACTTTAGCCACAAGGGAGATGGAGCAATTTTTACATCTTTTATAAACCTTAAAGTAAATCTTGGGCATAAATCAAAATCAAGTACTTCGCAAGCTGCAAAATCCTCTATTTTAATATCATTTTTCTCTTGTACTTTTTTAAACTCAAAATTCAAAGGTATATTAAAATATCCTGAAAGTTCCCTAGCTATACCTAAATAACTTAGACAATCTCCTCTATTAGATGGAACTTCAACTTCTACGAGAAAATCGCCTTTTCCAAAATGGCTATCAAAGGTAGTGCCCACTTTAAAATCTTCTGGAAGAATCATAATCCCTTCTTTATCTTCAGAAAATTCTAATTCGTATTCCGAACATAACATTCCTTCAGATTTTACTCCTTCAAATTCTCTTACCCCTATGACCTCTCCTAGTATTTCTATCCCTGGTAAAGCTACAGGTACCTTTGCTCCTACGAAAACATTTTTAGCCCCCGTTATGACCTTGAGATTTTTTTCACCTGTATCTACCTCGCAAACTAATAGGTTTTCAGACTTAGGATGTCTCTCTATAGACTTTATCTCTCCAACTATAATCTTTTCCCAATTTTCTCCTATTCTCTTCTGAATAGTAGCATAAAGTCCAAGATTTCTTAAAGCATTTATAACTTCTTTGACTGGAATCTCTTCTTTAAAATAATCCATTAACCATCTATATGAGATTAACATCTTATACCCCCTTTAAAATTGTTTTAAAAATCTTACATCGTTTTCATAGAAAAGTCTTATATCATCAATCCCATAAATTTGCATAGCTATTCTATCAGGCCCCATTCCAAAAGCAAAACCAGTGTATTTTTCTGGATCAATCCCTACAATTCTAAATACTTGAGGATGAACCATGCCACATCCAAGAATTTCTAAAACTCCTGAGTATCCGCAAGCCTTACACCCTGCACCTTTACATACACCACATTCCACATACATCTCTGCGCTTGGTTCTGTAAAGGGAAAATAGCTCGGAATAAAGTAAACTTTCCTATCTTTGCCAAACAATCTATGAGCAAAAATAGTAAGTACTCCTTTTAATTCTGCAAAGGTTACATCAGTATCTACTACAAGTCCCTCAATCTGATGA
CP001251.1_gap35	1334882	1336666	1784	TGATGACACACCTCTTTTTTTTAAATACAACCTACCCTCTGCCCCATATTTACTATTAAGGTATATGTGATAGAAAGTAGCTACTGCCTTGTTTATCTCTAAAAAAATATTAGCCTCAGCCGAAATCCTTTCATCTTTTTTTGGGAGTTCCAAACCAACTTCTCGAGCAAGTTCCTCCAAAGCTTCTCGAAAGGTAAGATTTCTATAATTAATGAGAAAGGAAAAAACATCTCCTGCTGCTCCACATCCAAAGCAATGATAAAGCCCTTTATCAGGACTAACGTAAAAAGACGGAGTTTTTTCTTGATGAAAAGGACACAACCCTACGTAATTTTTTCCTGTCTTTTTTAAATTTACGTACCTTGATATGACATCAACTATGTTAACTCTTTGTTTTACCTCTTCCACAAAATCTTCCCATGCAAGACTCATTTAGAAAAACCTCCATGGTTTTGGTATAAATACATTCTCATAAAGCTCTATGGCATATCTATCAGTCATTCCTGCTAAAAAATCTCTTATCTTTATTATAATATTCTCTTCCTCGGAAAGATTTTGAGGAAGCTTTTGAGGATTTTTCATAAAATATTCAAAGAGACCTGTTAATAATAATTTAACTTTATCATTTTCAGACTTCACATGTGGATTCACATATAATTTCTCATACAAAAAAGCTCTCATCTCCTCAATAGCATCAAGGATTTCAGAATCAAATACCAATCTATCTTTATTAATACTATTTGCCACAAGATTTTGGACCATAGTATTAATTCTTTCTCTATGAGTCCTTCCCAAAACATCTAACACCTTTTTAGGAATGTCTTTTTCTCTTATAACACCAGCCCTTATGGCATCATCAAGGTCATGATTCAAATAAGCAATAACATCAGAAAATCTAACCACTTCAGCTTCCAAAGTCTCGCATACTCGACTCCCAAAACATTTCCTAAAATCTTGCTGTCCTTTGCTATGTTGAAGAATGCCCATTCTAACTTCATAGGTTAGATTTAATCCCTTTCCATTATTTTCAAGCCTATCTACAATCCTTAAACTCTGCTCCGCATGAGAAAATCCTAAAAGTCCATAGGATTTAGAAATCTCATCTAAAACATCCTCTCCCATATGTCCAAAAGGAGTATGTCCAAGATCATGTCCTAAAGCTATAGCTTCCGTTAAATCTTCATTTAAAAATAAAGCTCTCGCAATAGTTCTTGCTATCTGAGAGACTTCAAGGGTATGAGTCAAACGAGTTCTATAATGATCTCCTTCAGGAGCCAGAAATACTTGCGTCTTATGTTTTAACCTTCTGAAGGCTTTAGAATGTATAATTCTGTCTCTATCTCTTTGAAAACGGGTTCTTATAGAACATTCTTCTTCAAAAAATAGTCTACCTTTACTATTACAACTTAGGGTTGCATATGGGGACAAGAATAGTTTTTCTCTTTCTTCTAATTTCTCCCTAATAGTCATTTTTCAGGGGAGGGAAATTTTTCCCTCCCCTTCTTTTATCACCTCTCTAAGCAGTTCTATCTACAAACTCCATTTTCTTTTGATGTTTTAAAGTAGCTTGAGCAGCTGCTAATCTCGCCACAGGCACCCTAAATGGGGAACAACTTACATAGTCAAGTCCAATAATATAACAGAACTCAATAGATTTTGGATCTCCACCATGTTCTCCACATATACCCACTTTAAGATCGGGTCTTGTACTTCTACCTTTTTGAACCGCTATCTTCATCAATTCTCCTACACCCTCAGTATCTAAATGTTCAAATGGATCCTCT
CP001251.1_gap36	1368248	1371929	3681	GCACTTCTTTTTTGCCGTTGTTTTACGAGGTAACGGCACCTCGGCTTGCAGCTTTTGATCCTTGTACTCCCTGTCGAAACCAATCGCCCCCATTAGTACTTTAGCTTATATAGTCTCTCTAATTCTCGTCTTTCATCTCTTTCTGCTATATCTCTTCTCTTGTCATAAAGCTTTTTACCCTTTGCAAGCCCTAACTCTACTTTTGCCCAACCCCGCTCATTAAAGTATATAGAAAGTGGTATTAAAGTCAATCCTCTTTCCCTTACTTTTCCCACAAGATATGCGATCTCATCTTTATTAAGTAGAAGTTTTCTTGGCCTCTTAGGATCATGGTTATAAATATTTCCATGTTCGTAAGGACTTATATGCAGATTATAAATCCAAACTTCTCCATTTTTTACATCTGCATAGCTATCTTGCAAACTTACCTTACCCCTTCTTAGAGACTTAACCTCGGTACCTGTAAGGACTATTCCAGCCTCAAAAGTCTCCAGAATAGAATAATCATGCCTTGCCTTTCTATTAACTGCCACAACCTTCTTTTCTTTTGCCATTTCCGATATCAATTATATCAAATTTTATTCAGAATATCCAAAAGGATGCTTTTTCATCCAATTCCAAGCGGATGAAATCATGATTTCTAAATCATTAAATTTGGGTTGCCACTTAAGTACCTTTTTTATCTTATTAGAACTTGCAATAAGAATAGCTGGGTCTCCAAGTCTTCTTTGTCCCTCTTTAATAGGAATCTTTTGTCCCACTACTTTTTCGGCAATATTGATTACTTCTCTTACTGAATATCCTCTCTCATTCCCCAAATTAAAAACTTCTGAACGCATTCCATCAAATAGGGCTTCTAAAGCAAGAATATGAGCTTCAGCTAAATCCACTACATGAATATAATCTCTTATACATGTGCCATCAGGAGTTGGATAATCGGTTCCATATATCTCTATATATTCCCTCTGTCCTAAGGCTGTTTTTAAGACTATAGGAATTAAGTGAGTTTCAGGTCTGTGATCTTCTCCAAGTTCTCCCTCAAGATCTGCTCCCGCTGCATTAAAATATCTTAAAGAGACATATCTAAGCTTATATATTTCATCATACCAACTTAATATCTCCTCAAACATCAATTTAGAGGATCCATACACATTAGTGGGATTTTTGGGATGATCCTCTGGTATAGGAACTACTTGAGGCTCACCATAAACAGCAGCAGTAGAAGAAAAAATAAAGTATTTTATATTATACTCTCTCATTAACTCTAATAAATTTAAGCCACCTAAAATATTATTTTCGTAGTATTTGAAAGGCTCTTTCATGGACTCAGCTACCGTGCTTAGCGCAGCAAAGTGCATTACTGCATCGATATCATACTTTTCAAAAACTTCTCTTAGAGAATCCATCTTCTTTAGATCCACAATCTCAAAATACGGCGTCAAGACCGCTTTTTTGTGACCTTTGTGTAGATTGTCCAATACCACCACTTTATAATTTCTCCTAAGTAGTTCTTTAACCACATGACTTCCTATATAACCAGCTCCACCTGTTACAAGAATAAACCCCATAACTATCCTCCATACTTATCATAGAATTCCCTTACAGTTTCAATCACATAATACACTTCTTCATCGGTAAGCTCTGGCCACATAGGTAAAGCGAGAACCTCCTCACTCGCCTTCTCTGCCTCAGGAAAATCACCTTTTTTATAACCTAAATCTTCATAACATTTTTGTAAATGAAGTGGTAGTGGATAATATATGGCTGTACCTATTCCTTTAGAGGAGAGATAATTTTGAAGTTCATCTCTTTTCTTAACTCTTATTACATACTGATGATATACATGTTTTAAATAAGGTCTCTCTTCAGGAACTACTATATCAAAATTTTTTAAATTCTCTGAGTAAATCTTTGCAATTTCTCTTCTTCTCTCTATCCAAGAGTCTAAATATTTTAACTTTACTCTTAGTATCACTGCTTGAATCTCATCTAATCTACTGTTATGACCTATTATGTCATGATAATATTTTTTAGAGCTTCCATGCACCCTTAAAAGTTTGATTTTTTCGTATATTTTTTCATCATTGGTAGTTATGAAACCTCCATCCCCATAGCCTCCTAAATTTTTTGTGGGGAAAAAACTAAAACAACCCGTATTTCCGATACTTCCTGCTTTCTTACCTTTATACTCTGCTCCTATAGCCTGACAAGCATCTTCCACAATAAAAAGGTCATACTTTTCAGCAAGGTAAGTCAAATCATCCATTTCAGCCATTTGTCCAAAAAGGTGAACGGGAATTATGCCTTTAGTTTTAGGAGAAATAGCATCTTCTACCTTTTCTGGATCTATATTATAAGTAGTAGGATCAATGTCTACAAAAACTGGCTTTGCCTTCAATAGAGATATAACTTCAGAAGTAGCAAAAAAGGTAAAAGGTGTGGTTATAACCTCATCTCCCTCTTTAACTCCTAAGGCCTCCAAAGATATAAGAAGAGCATCAGTACCAGACGCAACTCCTAAACCATATTTTACATTACAATAATCAGCAAGTTCCTGTTCCAATAAGTGAACATTTTCACCTAAGATAAATTGACCTTTGGAAAGAACTTGCTCCAAAAGAGGCAGAAGATCGTTTGAAATTCTTTTATATTGCCTCGTTAAGTCAAAGGCTGGAATTCTCATGTTATCCTCCCAATTTTTTCCATTCTCTCTTAAAATTTTCCCAAAAATTAAGGAAAAAGGCTAAAAATATCCCCAAAAATATACTGCTTACCCCAGCTATAAGCACGTTTAAAACAGTAGAGGGTTTAGACTTCTTAGAGGGAGGTACAGCAGGATCAAGAACTGAAACTACGGCCGTTTCTTTTGTCTCATCAATTTTTGCTTGTTCATATTGAGAAAGAAGCATGGTATAAATAGTCTCTTGAACTTTCACATCTCTCAAAAGTTTAGATAAAGTAAGACCAAGCTCTGGCAAATTAGAAAGTCTCTTCTGATATTCATCTATGACATCAGAAAGAGCTTTTAATTTAGATTCATTAACAAATATATCCATTTGTAAGCTAAAAAGTTCATATAAAGAAGAATTATTAATCGCTTTATAAATTCTATCAAGTTCGTCTCTAATTACCCTCTTGGTCTCCTCAATCGCATACTTCATGGAAATAACTTTTGGGTGCTCTGGACCATAATCCACAGAAAGAAGAGCAAGTTCTGATTCCTGAGAGATTAGCTTATTCCTAAGGTCAGAAAGTACAGTAGATGTGGCGGTAAGAGAGGTTATAGCGAGCAGATCTTTTTGTTGAATTCTTTGCTGATTAATAAGAGCTCTTTTTAAATTCTCAAAATTCTCTTTTTCCACCTTTAAAGTTATGGATGTCATTTGTTTTTCTGATTCCAATTTTGCAAGAGCATCAACTACGGCTTTTGCCTCATCGTTTACATCAAATATTAAGTTCTTCTCTTGAAATTCCTTCAATCTGTTCTCAGCTTGCTCTAAATCTTTTTTAACTCTTTCTATCTGCTTTTCCAAAAATTCTTTTGTCCTTTTCGCAGTATATACTCCAAGAGAAGCATTTATATTACTTAAAGCTTCTACATAAGTATTAGCAATATCTGCAGCTAATTTAGGATCCTTAGCCTCCGCAGTTAGAGTAATAGTATTTTCCTTATCATTAGTA
CP001251.1_gap37	1437427	1439345	1918	AGTACCAACTACACCAGAAAATTTCCCAAAACTAATATTTTCCTTAGCTACTCTTAATCTTTCTAAATCTCTCTTTAATTCCGACCACCAACTTAAAAATTTAAACCCAAGGGTTATTGGTTCTGCATGCATTCCATGAGTTCTCCCCATCATTGGAAGGTTTTTATACTGTATAGCTTTTTTCTTAATTTCCTCCATTAACCTTTTTAAGTCGTCTTCTATAAGATTTAACGCCTCAATAATCTGCAAAGAGAAAGCAGTGTCCATAACATCAGAAGAAGTCAATCCTTGATGGATATACTCCGAGCCTTCTCCTACATACTGAGCAACATTGGTAAGAAATGCTATCATTTCGTGGTTGTTTTCCTTTTCTATCTCTATTATCTCCTCAACACTAAATCTTGCTTTTTCTTTTATTTTTTTCAAAATTTCATAAGGAATTTCGCCAAATTTTGCTCTTGCCTCTAAAACAGCCTCCTCCACCTTCCACCACAAAAAATACCTGTGCTCGTCTGACCATATCTCTCTTAATTCTTTTCTACTGTACCTTAATAACACTTTTCATACCTCCTTAAAAACAAAAGCCCAAGCTTATAGGTTCTCCATACGAGGGAACCTACCCGCCTGGGCTTTTATCCCTTCGGTGTAGCAAGACCTTTAATCTTGCCCGCTCCGCTTGGATCTTTTGACCCTGAGGAGCGCTTCCGCTCGTAGTCAGGCAATTTACGGTTGCCTGGTAGAGACTCCCGAGCCATATTCCCGGGATTATACGAGATCTTAGTCAATTATATTAAGTTATCTCTTAAAATTCAATATTCCTCTGTATAATGCTGCTTCACCCAAATCTTCTTCTATTCTCAGAAGTTGATTGTATTTCGCAATTCTATCAGTTCTACTTAAGGATCCGGTCTTTATCTGACCGCTGTTTACTGCAACAGCAAGGTCTGCTATGAAGGTATCCTCGGTCTCTCCTGATCTATGGGAAATAACAGTCCTATACCCTGCCTGATGAGCAATTCTTATAGTGTCTAAGGTCTCAGTAAGAGATCCTATTTGGTTAACCTTCACAAGAATAGCATTCGCTATCCCTTTTTCAATCCCTTCAGCTAATATTTGGGGATTAGTTACAAAAATATCGTCTCCTACAAGTTGCACCCTCTTTCCCAATTTATCGGTAAGTTTCTTCCAACCATCCCAATCTTTTTCCGATAGACCATCTTCTATAGAGACAATAGGATACTTATCACAGAGATACTCCAATAAGGAAATCATTTCATCAGAAGTTAACTCTTTCCCCTCTGCCTTTAAGATATATTTCCCATCCTCATAAAACTCACTGGCAGCAAGATCTAAAGCTAATGCAACATCTTTTCCAGGCTCAAAACCTGCCTTCTGTATTGCTTCTACAAGTATAGCAAGGGGGTCTTCGTTCTTTTCAAGATATGGTGCAAAGCCTCCCTCATCTCCCACATTAGTATTGAGTCCTTTGCTCTTTAAGATACTCCTTAGAGTATGGAATACTTCAACAGCCCATCTCAAAGACTCCTTAAAAGTAGACGCAAGAGGAACAATCATATATTCCTGAAAATCAAGAGGATTATCAGCATGCTTTCCACCATTTATTACGTTCATTAGAGGAGTAGGAAGTTCTCTTGCTTGCACGCCTCCAAGATAAACATATAAAGGCACTCCTAAGGATGCAGCAGCAGCCCTCGCTGTAGCAAGGGAAACAGCAAGAATGGCATTAGCACCAAGCCTTGACTTATTCTCAGTTCCATCAAGTTCAAGCATAGTTTTATCTACAGTATACTGATTAAGAGCCTCAAGTCCTATTAATTCTTGAGCTATGATTTCATTGATATTTTTTACAGCTTGCAGTACCCCTTTTCCTTTATACCTCTTAGGATCATTATCTCTT
CP001251.1_gap38	1518763	1523209	4446	ATAAAATTATGTTTTTGAAGAAGATTTTCAAAAACTTCAGAAAACTGTTTTGGTATAATGAATATGACTTTTACATTTTTATTATTAACGAAGGTCCTATACCAGCTTTCTTCAAGGATGTCTTTACTTTCTTCTAAAAAATTACTCCATTCATCCCTTGAAAAGGTTCCTGAATACAAAATAAATCTTTTAAAAACTCTTGGGAAATTAAGATCTTCATTAATATCTAACCAGTAAGCTGTCTCTTCGTATAACTCAGATAATCTTTTCTTTTTATCTTCTATTACATTTAGCGCTCTTTCTAAGTTCTTTGCTTCTTTATATAAGCTATCAATAGAAACCTCGGTTCTTAATTTCTCAAATTCTTCCTCTGTTATTTCCTCTCTTCCTGAAAAAAACGCTTCTAAAAAACCTTTCCCTTCTGGATAAAAGATCCTTAATATTTTAAAGATCTCATCAAGCTTGGTAACGTAAGAATCATAAGGAGAAGACTTTTCTGTATTTTCCTCTCCTGTCAATTTTTCCCAGTGTACATTCTCAAAATTTTTAAAAGTGTCAACTACTTTTTCTTCTTTTTCCTTAGGAAGAATCAACCAAAACTTTTCAACTTTTAAAATAGCCATATACTTTCATCCTTACCTTTGAATTAATTTACTTAAAAGGAAGTCTACGATATAAGATATTCTGTTTTCCACGTCTTTTCTGTATTTGTTTATTTCATCAATATACTCCTGTTCCATTTTTTCTAACTTTAGTTTTAAAGCCTTACGACAACTTTCTTCTTCGCCCCTTAAATCATTTAAAAATCTTTGTTTTTCTTCTTCCATCTTTATAGAGTATTCTTGAACCTTCCAATAATATTCTTCCTCCAATTCTTTTTTTGCTTTCTCAACTTCAATCTCTACTTCTTTCTCTTTCGCACTTATAAAAGATACTATATCTTTAACCTTCTCTTCCATCATAATCTTACACTACCTTTTGTACTTTTCCAGCCTTCAAACAACGAGTACATACTTTAATAGTTTTAACTTTTCCGTTAACAAGAGCACGAACTTTGTGGAGATTTGGAAGCCATCTGGTCTTTGTCCTACGATGAGAATGGGAAACCTGTAAGCCTGTCCATGGGCCTTTTCCGCAGATTTCACATCTTCTTGACATTTGTTTAACCTCCTTTCTTTATAGATTTTAAGAAATTATCTTTAAACTAATGTTAAAACCTCAACAAATTTTAAGCAAAATCGGTTATAATTATATCATATGAAGAGAAGATTACCATCGGTAGCAGGGTATTTTTATCCTGCAAGAGAAAAAGAATTATTAAATATGCTTTCTCAATTTATAAAAGAGGTACCCCAAAAGACACCTCTTTTAGGCTGTGTAGTTCCTCATGCCGGATATATTTACTCAGGAAAAGTTGCTGGGTTAATATACTCAATTATGGAAGTTCCAGAAGTAGCAATAATAATAGGTCCAAACCATAATGGACTTGGTTATCCTTCTGCTATTTATAGTGAGGGGGTTTGGGCCACACCTCTTGGAGATGTTGAAATAGATTCAATTCTTTCTCGAAAAATTATTAATAATTCTAAATATCTAAAAGAAGATTTTGTAGCCCATCATCCAGAGCATTCTTTAGAAGTTCAAGTACCTTTTCTCCAATACCTCAACTTTAACATAAAAATAGTTCCTATAACAGTAGTAGATTACAGCTATGAAGTGCTTAAAGATCTGGGATATGCTATAGGAAAATCCCTCCTGGATTACGAAAAAAATACTGTAATAATTGCAAGTTCAGATTTTTCTCATTATGAACCCTACGAGATTGCAAAGCAAAAGGATTTTTATGCTATTGAGGCAATTCTTAATTTAGACGAAAAAGAGTTTATAAAAAGAGTAGTAGAGAAAGATATTTCCATATGTGGTGTAGGTCCCATAGTTATTACTATAATAGCAGTAAAATTATTAGGGGGTAGGAAAGCACAACTTGTTGCTTACCAAACCTCAGGAGATATAACAAAAGATATTGATCAAGTAGTAGGATATGCTGGTATAATATTCCCAAAATAAAAAAGTGGAAAGGTTAGGAATAATAGGACTCGGAAATCCAGGATACGAGTATGCTAACACCCGCCATAATGTGGGATTTATGGTAGTTGATTACTTGCAAAATTTTTATAAATTTCCATCCTACCAGAAAACAAATTTTAACTTGCTTACTTTTGGAAAAATATCAAATACTAAAGTCTACTTAGTAAAACCTCAGACTTATATGAATCTAAGTGGTATAGGAGTCAAAGAGTTCATAGAGAAATTTGCTTTTGCTCCAGAAGAGCTCCTTGTGATTCACGATGATCTTGATCTTCCCATAGGAACTATAAGAATTAAATTTAATGGAAAAGATGGAGGACATAACGGAATAAAATCTATTATAAAAGAAATTAATACCTCTAATTTTTACAGATTAAGGATAGGAATTGGAAAACCTCAAGATAAAAATCAAATCGTAGAATATGTATTAGGAAAATTTAATGAAGATGAACTTAAAACAATAGAAAAAATTTTACAAAGCTCACACCAAATAATAGAGACCATAATAAAAGAAGGATGGGATAAGGCACAAAACCTATATAATAGAAAATGTCTATTCTGTTAGAAAAGATCATAAAAAGTAGCGAATTCAATACTCTTGAGAAAGTAATTAACTCTAAAAATCGTCTCAAAATTTTCGGAATATACAAGGGTATTTATCCTCTATTTCTTTTATACCTAAAAAGATATGAAAAACCCGTTTTATGGATAACCAATAACGAAGAAGATCTGAATATATGGGAAGATTTACAGGAAGATTTAGAAATAAGTATATTACCCTCTTATGTGCATCTTCCTTATGAGCGACCTTTAAGATCTCCTCAGATTCAAGGAAAAAGATTGAGAGCTATCTCAAATATAATTTACGATAAAAATTTTTCCATTATTGCTTCTTTAAAATCCTTAATTTATCCAATTATCCCCAAGGATGTCTTAAAAGAGAGAATCATAAAAATAAGAATCGGAGAAGAAATAGCTCGAGAAAAAATAGAAAAATACCTGGCAGAAAATTTTTATCAAAGATTACCTCAAGTAGAAAAAATTGGAGACTATAGCATAAGGGGTGGAATTCTAGATATATTCTCTCCTATATATGAGAATCCTATAAGAATAGAATTTTTTGGAGATGAGATTACTTCTATAAGATTTTTTAATTTGGAAGACAAAAGATCTATAGAAACAACAAAAGAAGTATTTATAACTCCCATTTCAGAGCTTATTGCAAATAAAGATGAAGAGAAATACTTTTTAAAAAATAAAGAGCTTAAAAAGTATATCTTTTCATATCTTCCCCCAAATACCATCTTAATCTTTGAAAATTACGATGAAAGCCTTGCTCTAATCCAAAAATGGACGGAAAAAGGATTAGCAAATCTTGAAAAAAGAAGGACTAAAGAAAATCTTCCAGAAGATTTATATCTTACTAATTCTTTATTAGAAAGTTATACTTCCCATTACCAAGTATTAGATCTGAATAGTAAAGATGCAGACATTGCATTTTCCATATATTCACCTCCCTCTTACCAAGGTACCAATGAGTTTTTTGAAAAAAACATAAAATCCTTCGTTTATGATGGATGGGAAGTATACATTTCATCGGAACATCAAGATATCGTAAGGACAAGGCTTAAGAATTTAAATGTGAAATACTTGGTTGGAGAAAAGATAAGAGAGGGTTTTTTATGGGAAAAGGAAAAAATTCTTGTAATTACTGATTATGAGATCTTTGGGAAAAAAAGGAAAAGAAAAGTTATAAGATATGAAAAAGGACTAAAACCCAAGGACTTATACCTTTTAAAAGATGGCGATTATGTGGTTCATGTAAACTACGGTATAGGAATATTTAGAGGACTAAAAAAACTTAAAGTAGACGAACTAGAAAAAGAATTTATATACATTGAATATGCTAACAATAGCTTTCTATATGTTCCATTAGAAGAAATGCATCTTATCCAAAGATATGTATCCTCCTCTCCCGACCCACCACAGATAAGTAGATTAGAATCTCGCCAATGGGAAGAAACAAAACGAAAAGTAAAAGAATCAGCGAAAGAGATCGCTGAAGAATTACTAAAAATCTATGCTCAAAGGGAAATCACTAAGGGCTTTGCTTTTTCTCCTGATAGCCCACTTCAAGAAGAACTTGAAGCAAGCTTCCCTTATATAGAGACAGAAGACCAAATAAAAGCTCTTAGAGAGATAAAAAAGGATATGGAATCTACAAAACCTATGGAAAGAGTGCTTATTGGAGATGTAGGTTTTGGCAAAACAGAGCTCGCCTTAAGGGCAAGTTTTAAGGCAGTGCTTGATGGAAAACAAGTAGCAATTCTTGTACCAACCACAATTCTTGCTTATCAA
CP001251.1_gap39	1535131	1536820	1689	TAAGCCAATACTTGGAAATATTAAAAGAAGGTGTAATGTAATAATCGCTTCCAAAATCAAAACCACTAACAAGCTCCTTAGAATTTACTAAAATTACTATTGGTGCCCATGTCTCTTGAGATAAAAGAGATGAAGATATACCAGTAAGCTTAAGTATGACTCTTTTGGGAGATTCTAAGGATGAGACAGGGGTATATATTTTTAAACTACTTCCACCCTTTAAAAATGCCAAATGATACTCTCCATCTTCTTTTTCCAAATCAACTCCTTTACTAATCTCGTAACTTAAATTACCTTTTGGTGGATTTTTAGTAAAATCTAAAACAAAACTTTGTTTTGCAAGACCAATATTTAACATTAATAAGAGCATCACTCCAAGTACAACATATCTTTTCATATAATTATTCCTCCCTTTCTTTTTTGATAGCTCTTGGATGAGATACAGTATAAGTTCTTCTTATTTGGTCAGTAGTTAAATGAGTATAAATTTGAGTAGTAGAAATTCTTACGTGTCCCAAGAGCTCTTGCACGTACCTCAAGTCTGCTCCTCCTTCAAGAAGGTGGGTAGCAAAAGTATGTCTCAAAGTATGAGGAGAAATCTTTTTATTAAATTCTTTGGTATATTTTTTAATGATCATTCTTACTCCTCTATCAGAGATTCTTCCACCTTTTGCATTAAGAAAGAAGGCTTTTTCAGGTTTCTTTAGAAGTTTAGGTCTTACATAATCTTTATAAAGCTGTAATATTTTAAGAGTTTCTTCACCTACTATTACCACCCTCTCTTTAGCCCTTTTCCCAAAAACCCTAATCTCTCCATAATTCCAATTAATATCCTCCTCATTTATGCCCACAAGCTCACTTACCCTAATCCCCGTAGCATAAAGAGTTTCTATTATAGCCCTATCCCGAATGCCAATAAGATTATCTAAAGAAGGAGAATTCAAAAGTTTCCTTACTTCATCTATGGATAAAAATTGAGGAAGTTTCTTCTCAATCTTCGGTGTTGGAATAAACACGGTAAGGTCCTCTTTAATTTTTTCAAAAGTCAATAAATACTCAAAAAAGCTCCTTAAACTTATTACTTTCCTTACAAAGGTACTATTTTTATAACCTTTTTGGGCTATAAATTGAATATAACTTCTAATATTCCTTTTATTAGTAAAATCCAGATCTTTTTCTTTGCAATACTTATAAAAATCCAAAAGATCTCTAAGATAACTCCTTAAGGTATTAGGAGAATAATTTCTTTCAAATCTTAGATAATTTATATAATTCTCTATTTCTCTCTTTAGATCCAAATTCATACGTTGATCGCAAATCTCCTTATTACATCCTCAAGATCTCTAAGTGCTCTTTCAGCAAGGAGTCTGTTCCTAAGCTTTTTATCTTTTATAGGCTTATCAAGAGGTAATAATATACCCCAATTGGCATTCATAGGCTGATAATATCTCACCGGCACCTTTGTAGTAACATAAGAGATAAGAGCTCCAATCATAGTAGTTGGAGGTAAAATAATCAAAGGCTTTCCCTTATACAAACGTGCTGCATTTATTCCTGCCACAATTCCCATAGCAGCTGACTCCATATAACCTTCTACTCCTATTAGTTGCCCTGCAAAAAACACCCTTTCATCTTTTATAAACTGGAGAGTGGCTTTCAAGAACTTCGGAGCATAAAAATAGGTATTTC
CP001251.1_gap40	1550313	1553787	3474	ATTTCTGCCTCAAAGGGTAAAAATCCACCTTTATGCTTAACCACTAAAACTCCATTCACATAAACCTCAGAAGAATGTGTGGCTGCACCAATTCTTACAAAAATATTTTTATCTCTCCAATATGATGGCACAAAAAAACTTCTTTTATAAAAAACCTTTCCTATATAGTCCCTTAAATTAATATCCTGAGTGACATCATTGAAACTTGCTGGAACAGGCATTAATATGTAGTCTTTATCAATTTCAGTTCTAAACTCCCACACTCCTGATAAATCTTTAACTTCTCTTGTTTCACTCTCCTTAGGATAAAGCATCTTTAACCTCCTTAAATAAGTTCATTTTATAATGAAATTATATCAAAAGCCTAATATCTTTTAATTTTTTATGTTAAAATATGTTTACTTAGTTAAGAAAGGAGGGCTGGGGAAATATGCCTAAAAAGGAAAACTATACAGCCTTATCTGATGAGGCTTTACAAAATATGAGCGATATATTGAAAATTCTCGCACACCCTCTTAGGATAAAATTAATATTCATATTAGCTCAAAATTCTGCCACTGTATCAGATCTGTTAAAAATTCTCAATGTGAGACAGCCAAATCTTTCTCAACATCTAACCTTATTAAAAAGAGTAAAACTTTTGAAGACAAAAAGAGAAGGAAAATCTGTATATTATCAATTGTCTCATCCTGAGATTAGAGATCTCTTAGAGAGTATAAATGAAATAACAAAAGAGATACAGAGGTAAAAAATATGGGGACGATAGTCAACTCCATTACAGTAATTATTGGAGGATTAATGGGTACTATATTTAAGAAAAGAATTCCTGAGGGATTACAAAAATTATTAATGGATGCTCTTGGACTAATATGTATTCCCTTAGGAATGGAAATGGCAATTAAAGGAGAAAAATTTCTTGCTTTAGTCTTCAGCATAGTAGTAGGAGCAATTATAGGAGAACTTTTAGGAATCCACGCATGGCTTGAAAATCTATCCTTAAAAATAGAGAAAAAGTTCGCAAAAGAACAAAACACTTTTGCAAAAGGTTTTCTAACCGCCACTCTTCTTTACTGTATAGGACCTATGACTATAATGGGATCTCTTCAAGATGGACTTGGACAAACACCTCAAATTCTCTACACAAAAGCGCTACTTGACGGAACAGCTTCTATTGCTCTTGCATCAGCCTTGGGGGTGGGGGTTATATTTTCCTCCATTTCCGTTCTTATCGTCCAAGGAAGCATAACTCTTTTTGCCAGATTTATAAGTCCTTTCTTCACAACTTTAGTAGTTCAAGAAATGACAGCGGTAGGCGGAGTACTTATTCTTGGTATTGCCTTAAACCTACTAAATATAAAGCAAATTAAAGTAGCAAATCTTTTACCAGCTTTATTTTTAATACCTTTCTTTATACATATATTTCCTTAAAATCCTAAATCTTCATTAACTAGTATAACAGTAAAAGGGGTTCTTGAAGGTGGAGCCTCAAGAATAGTAGTTATTCTACATATTCTATTAGGATGATTACAATTCATACAATATCCTTCATCTGCACAAGGAAGCTCCAATTTCAATCTTTTTGCATTGAGAGGTGTAACTATGTTTTTAATTCTCCATATCGCAGTCTCTAAATTTACCACAAGCTTATTCCTTCCTACTACTACAATCACTTTTTTAGGACCAAAAATCTGAGCTGCAACCCTATTCCCAATAGCCTCCATATTTACAATTTCTCCTGAAAAAGTCAGCGCATTTACACTAGATAAGAATACATCTGAAAGAAGTTCTTGTCTTCTTATTTCAAGATCTTGCTCTGGGGTTAAGCCCTCTTTCCAGTGATGGATCACTTTGTTTCCTCTTTTCTCAAGTTCTTCTATAACTCCGATTTCCCTTATAGTTATACTTCCTCCAATTCCCACTGTGGCTTCCCGAGGAATTAAACTAAGAACTTTATTTTTTGCTTCTTCTCTGTCTTCTACTAAAAATACTTCATAGCCTCTTTCTTTCAACAATTCTGCTGTTCTTTCTAATTGTTTCTTGGTGAGCCAACTTTCTAGATCTTTCATTCTTTACCCTCCTTTTAAATTCTATTCCCATTCAATAGTAGCAGGCGGTTTATCAGTAAGATCATACACTACCCTGTTTATACCTATTATCTCATTAGTTATTCTTCGTGCTATCTTACCAAGGATATCATAGGGTACCTCAACAAAGTTTGCAGTCATCCCATCTTCACTTTTCACAATCCTAATGGCAATAACATATTCATAAGATCTAAAATCTCCCTTTACACCAACTGTTTTTATAGGGAGCAATACTGCAAAGGACTGCCATATTTCATCATATTTATCCCATTTCTTAATCTCTTCCATCAGAATTCGATCAGCTCTTCTCAAAAGCTCTAACTTATCTTCTGTGACTTCACCAAGAATTCTCACTGCAAGCCCTGGTCCTGGAAAAGGTTGCCTTCTTATGATATCCTTAGGAATTCCTAAAATTTCTGCAATTTTCCTTACTTCATCTTTAAACAGATATCTAAAGGGCTCAATCAACTCAAAACCGAGTTCTTCAGGGAGCCCGCCTACATTATGATGAGTCTTTATCTTAGCAGCCATTCCAGTGTTAGATGCAGCACTTTCTATAACATCAGGATAAAGAGTACCTTGGGCAAGAAATTTAAAAGGTCCCCTTTTTCTTGCCTCTTCTTTAAAAACCCCTACAAATTCGTGTCCAATAACCCTTCTCTTTTCCTCAGGATCAATAACTCCTCTTAATTTTTCAAGAAATCTCTCCCTAGCATCTATCACTACTAAATTCACACCAAGATCCTTTAAAAATCTTGATACTTCTTCCTTTTCTCCTATTCTCAATAACCCATGGTCTACAAAAATAGCAGTTAGCTTATCTCCAATAGCCCTCTGCAATAAAACTGCAAGGGTTGTTGAATCTACTCCGCCGCTCACTGCGAGAAGCACTTTATTCTCCCCAACTTGTTCTCTTATTTCTTCTATCTTTTCCTCCACAAATCTATCAAGATTCCAATTCTTTTCAGCCTTACAAATCTTAAAGGCAAAATTCTCAATAATTAAACGTCCCTTTTCTGTATGAGAAACCTCAGGATGAAACTGAACAGCAAAAAAGGGTTTCTTCAGAGACTGAGCAGCAGCAAGAAAACCATTCTCAGATATAGCTATATCCACAAAATCTTCAGGGAGTTTTGTCACCACATCATAATGACTCATCCAAACCTTCTCTTTCTTTTCAAGTCCTTCAAATAAAAGGGAATCTCTAACTATCTTTATCTCCGTTAAGCCAAATTCTCCCTTTTCTCCTTTTCTAACTTCTCCTCCTAAAAATTTAGCCATAAACTGAAAACCAAAACAAATTCCCAAAATAGGTATATCGCCTTTAAAAATCTCGTAATCTATCTCCAAATCACTATCATAAACACTATTAGGTCCACCAGAAAGTACT
CP001251.1_gap41	1564779	1568970	4191	TAAAAAATCAGCCTGGAATCCACATAGGGATATCAGAGTTCTTTGTTAAAAAGGGTGGTAAGCTCTATTTTACTATGATTCACAACTGGTCAGAAGAATTTCATGTAAGACCAAGAACCGTAGTGCTTGTGGAAGAAGGTGGATTGTTTATTAATAATTACATAAGCTTAAAACCGGTAAAATCCATTCAAAGCTATCCCATAATATATGTAAAGGAGAATGCTATAGCAAGACTCTACAGCATCATATATGGTAGAAAAGATTCTTATATTGATCTTGGTGGAAGAATAGTATTTGAAGGTGAAAATTCAAAAGGAGAAATAGTCTCAAGGATAATCGCCGATGATTCATCACAGGTATATAGTAGAAGTGAACTCATAGGAAAAGCAAAAGGCTCAAAAGGTTTCTTAGACTGCAGAGGTATAATCTTAAATAAAAATGCTAAAATAGTTGCAATACCCATTCTTGATGCCCAACATCCAGAAAGCGAACTCTCTCACGAAGCAGCTATAGGTCCAATAAATGAAGAAGAGATAGAATATTTAACCACTCGTGGTTTTGACAAAGATGAAGCAATGTCCACCATAACACGTGGTTTCTTAAATCTTGAAATACCTGGTCTTCCTAAGGTTGCAAAGGAACAAATCAGCAATACAGTAGCACAATTAGAGAAAGCTGGGCTATAATATGAATAAATGGAAGAAAGCTTTAAAGAGATTCTTAAAGAAAAAGTTAACGAGTTGAATCTAAAACTTGATCCCCTTCAAGAGGAGAAATTCTATTTATATTACAAAGCCTTAAAGGAATGGAATAGGAAAATAAATCTTACTTCTCTTGAAGGGGAAGAGGAAATTATTTTAAAACATTTTGTTGATTCCCTTGCTTGTATTATCCCTATAAAAGATGAAAATATAGAAAAAATAATAGATATTGGAACAGGAGCAGGATTTCCTGGTATACCACTAAAAATCTATAATGAGAAATACAAGCTAACCCTTTTAGAATCTCAAAAGAAAAAAGTCTTATTCTTAGAAGAGATAACAAAAATACTAAAACTCTCTAATGTAGAAATTATTTGGGATAGAGCTGAAAACCTAGGGAAAAATCCTAAATACAGAGAAAATTTTGATTTAGCCCTTGCAAGAGGAGTTGCCAAGCCCCATATAGTTTTAGAATATGCTATACCCTTTGTAAAGATTGGTGGGATATTCCTAGGACAAGCAACACCAAACAATATTACAGAATGGGAAAATACAAAAAGGACTATTGAAATATTAGGGGGAGAAATTGAAGAAAAACTTGAGGTAAATTTTGATAATATCACAAGAATTTTTCTCAAAATAAGGAAGAAAAACAATACCCCAGAAAAATACCCTCGAAGACCAGGCATTCCTGAAAAAAGACCCCTTATTATGTAGAATCTTTATTGATATTGATGAATTAATTAACTAAAATATTTAAGTTAAGAATTTCTTATCTGAAGGAGGAAAAGTATTTTATGACAAGAGAGATAAGAGAAGTAAAAACAGAAAAAGAAAAAAAAGACTTCATAATGCTTCCTTTTGAGCTTTATAAAAATGACCCCCACTGGGTTCCCCCTTTAATCTCAGAGATGAAAAGAATAATAAATGGATCTGGGAGTTTACTTTTTCAAAGCGGACCCTATGCCCTTTTCAATGCTTATGAAAATGGAAAAGTAGTAGGAAGAATAGCAGTAGGGATAGATGAAAAAATGAATAGACTAAGAAATAAAACTGAAGGCTATATTACCCTTTTTGAAAGTATAAACAGTAAAGAAGTAGCTTTCTCTCTTTTAGATACAGCTCAAAATTGGCTCAAAGAGAGAAACATGACAAAAATGGTAGGACCTGTTTCTCCTACCAATGGAGATGATTATAGAGGAATGTTAGTAGAAAATTTTGAAGATCCACCTGTTATATATACCACCTATAATCCTCCTTATTATGTTGACTTTTTTAAAGAATATGGATTTGAGCCGGAACATACCTTTGTTGCCTTTAAATACGACTTAAAAAGACTTCCTCTTGATGAATCCATAAGAGTAATTGAGTATGCAAAGAAAAGATATAATTTCTACACCAGAAAGGCAGATTACTCCAAAATCCCAGACGAGGCAAGAATATTGCAGAAAATATTAGAAAGATCCCTTATACCCCTTGAATATGATTATCTTATTCCCCCTACAGAAGAGGAAATGCTCACTTTAGCAAAAGACTTAGTTAAATTTATACCTGCTGAATTTGTACAACTGGCTTTTTCGGGAGAAAGTCCAGTTGGTTTCGCAGTGGCAATGCCAGACTATAATCAAGTACTTAAAAGATTAAATGGAAGATTGTTTCCCTTAGGATGGCTGAAGTTTTTATGGTATAAAAACAAAATAAACAAAGCAAGGGTATTTTTACTCTTTGTGATCCCTGAATTCCAATCTAAAGGTGTTCCTGCAGCATTATTTATTGAACTATTAAGATATGCCAGAGAAAAGGGATACGTGTTTGCAGAAGGGTCCACTATAAATATAAACAATACAAAGATGTGTCGTGAGGCTGAAGGAGTAGGTGGAGTACTTTATAAAAAATTTGTAATATTTAAAAAAGAAATAGTATAGAGGAAAGGGGGTGTTAAAACAAAATTTTTCTTGACTTTATTCCTTCTTCTCGTATACTTATATAGAACTTATATTAATTAAATAAAAAAACAAAAAGAAAGGGAGTAATAGGACCTATGAGTATGGAGAATAAAAAGAAACTCTCAATGGAAGAGTGTGAGGCCTTATCAGATATCTTTAAGTCACTCTCAAGTTATGTAAGAATCCACATTCTTTGTGCTCTTTCCGACGGTGAGAAAAGTGCAGGAGAAATAGCAAAAATAATTAATGCATCCTTTGCAAATACATCTCAAAACTTAAAAGATCTTTATAATTTAGGACTTCTCAAGAAAAGACGCGTAGGACAATTTGTCTACTATTCCTTAGCCGATGATTCCGTCTTAGAACTATTAGAGTTAGTAAGAAAAATTAGGTTCAAAGCTACAAAGAGTTAAAAAAATAAAGGGGGGATCAAAATCCCCCCTAAAAATTTTTACCTTAGAATCTTATAGAACCTGAAATCGATCCTGCAACAGGAGCCATAACTTGAGGATCTATTGCAATTGCTGCGTCAGCTTGAATAAGAAGAACATTTAATCCTAAACCAAGGGTGTAAAGTTGAGGTTGGAAATTAGTATCAAGTACTGCTCCGCCCCTTGCTGTTAATACAAAGAATAGAGGTTGTTCTATACCAAACCTATAGGAAAGAGGAGTAAAGGTCTTATCAAGATCGGCATCCACAGAAACCCTGGTGCCAAGCACTGGAACCTTTACAAATACACCTGCCTTTAAAGACATGTCTGGTAAAACTACATCTATAGGAGTAGGAGTTTCAGAATAAGGAGTAACTGTGGAGTATGTAGGATTACCAGTTCCCGAATCCAAATAATAATATCCTTTTTCATATCCAAAAGTTTCCTTGCCTTCTAATGGTATAGCATAAACATCCTTTACTACTATTCCTGCTGCCACAAAAGGTGAAAATCTTACGTAGGTTCCAAGATCAAAAGACACATATCTTTGTTCTATTAAATCAAATTTTCTTTCATAATAATCATTCTCATTTGGTCCTCCAGTTAAAGTAGCCTCCGTCACTCCAGTTTGGGTTACCTTTGTACTTATAGAAGTATCCACATAATACTCATTCACTGCCCTAACATTAGCACCAAAATTTACTTTTAATCCCAAAAGGTCAATAGCAGGAATTGCAACAGTAAGAGCACCGTTAGCTTTTACATTTGCATCAAGGGATACTTGCCCTTCTAATTGCAAATCCGCAGAAGAATCACTTGCAGTATACTTATAGTAGTAAGCATCTACATCTCCATCTCCAAACAAAGTTAAGCCAAGCTTACTTATACCAAGATGTAAGTATCCAGCTGAGGACAAATTAAAAGAAAGTTTTCCATCAGGAGGTTCACTATCATTCTGGAGAAGTTGTAAATACTCTACAAAAGTGTTAAGATTGTTAAAATTTTGCTCATCAAGGGGGGCAATTCCAAAACCAAATTTAAAAGCTAATCTTGAGTATTCCCCCATTAGTGCTGGATTGTAAATAGCAGAGGTTGGAGAATCTGCAAGAGCTG
CP001251.1_gap42	1682540	1684421	1881	ATCCTCTCATTCTTTCCTCTAAGTTAAGAGCTCCAGGTACACCAGTTAAAAGTGCCACATCTCCACTGGTACCCATAGCTTTTACAAGGAGTTTTGCAGCCCATTTACCGCCCTCATAGTTGTTAACTCCAAGATATGTGAATCTCTTACTCTTGGGAGAATCCGCGTCAAAAGTCATTACCGGAATTCCTGCCTCAACTGCCTTATTAATTACATCTATCAAAGCGGTAGGATCATTACAAGAAATAGCTATCCCATCAACCTTTCTTGCAACGACATCTTCCACAACTCTTGCTTGCTCCGTAGCATCAGAAGCTACTGATGCCACATATAGAACCTCTACTTTATAAGGACCTTTCTTAGATAGTTCTTCTGCTCTCTTAAAAGCACCGTCTCTACCAAGCTCAAATACTGGGTTATTCAAAGCTTTAGGAATCCATGCGAATACGAGTTTTTTAGGAGTCTGGGCTGTAGTAGCCATCAAAAGGAATACCGTAACGATGAATAGAATTACTAAAAGCTTTTTCATTACCTCACCCCCATTAAATTAGTTAGTAAGACTCATAAATAAAGAAACCTTAAGAAAATCTTTCACCTGAACGCTAACCCCTATATCACCCCTTCCTATTCAGTGTGTAGAATAATTATATAACACTCCTTAAAAATTGACAATGTTATAATAAATCAATAAAAATTTTAGGAGGCTACCATGAAAAACACAACTAAAATTTTCGTCTTGTTAATTCTTCTTATTTTCTCCTTTGCTCTTGCCGAAAACGTGGACAAAAATCTATTAACCATAGCTAAGGGGAATAACCTTTTTGGCCTGAACCTCTATCAAAAACTAACTATAAAAGAAGGAGGAAATATTTTCATCTCACCTTATAGCATATCTTCAGCTCTCGCCATGACTTATGCTGGTGCAAGTGGAAACACTAAAAAACAAATGTCAGAGGTATTATATTTTAATTTGCCTGATGATGAATTACATTTCGCCTTCTCAAAACTAAACTCCATACTCAATACCCCTAAAAGTGATTTTCAACTTGCCATTGCCAACTCTCTATGGGGACAGATTAATTATCCTTTCCAAGAAGACTTTCTTGATCTTGTTAAAAAATATTATTCTGCTGGATTTAATTTAGTAGATTTTGTAGACGAAATTAATAGAGAAAAGGCAAGAAATGAGATAAACAAATGGGTAGAAGACAGGACAAACCAAAAAATAAGAGAACTAATACACAAAGAAGATCTCAATCCTATGACAAGACTTGTCCTTGTCAATGCTATCTACTTTAAAGGCAAGTGGAAGTACACTTTTAATAAAGAAGAAACAAGAGAAATGCCATTTTTCCTCAATGAAAATAAAACCTTAAAGGTTTCTATGATGCACCAAATTAATGAGTTTAATTACTATGAAGATAAAAATCTTCAAGCTATTGAGCTTCCCTACTCAGGTAATGAACTCTCTATGGTGGTAATCCTTCCTAAGGAAAGAAATCTTTCAAAAATTGAGAAAAATCTAACTTATGATATGTTAAACAGTATTAGTCGTAGTATGGAGAAAGAAAAAGTAGATTTATATATTCCCAGATTTAAAATAGAGAAAAGATATATCTTAAATGAAGCTTTAATGAAACTTGGAATGACCGATGCTTTTATTGATATGCTTGCAGACTTTTCAGGAATGACAGGAGATAAAGACCTTTACATAAGTAAAGTAATTCACCAATCCTTCATAGAAGTTAACGAAGAAGGAACCGAGGCAGCTGCAGCAACAGCAGTTATAATGTCAGGAAAAAGTATAGGATTAGGCCCTAAAGTATTCAAAGCTGATCATCCATTTCTCTTTTTCATAATTCATAAGCCCACAAATACAAT
CP001251.1_gap43	1715543	1718896	3353	TTGAGAAAGACCTTTATCTTGACATTAAAGGAGAGGAGAAGAATTGAAAATCTCAGGTTACCTGGGATTTAGTCTAATAGACTATCCTGGAATACCAAGTTTTGTGATATTTACACAAGGATGCAATTTTAGATGTCCCTTCTGCCATAATCCTGAGTTAATATCGCAAAGAAAGAAGGGACAATATTCAGAAGAATTTATACTGGAAGAAATAGATCGAAGAAGAAAATTAATTAAAGGAGTTGTTATCACAGGAGGGGAGCCTACACTTCAAGAAGATCTCCCCTCCTTCCTTTTTAAGCTTAAGAAAAGAAGACTTTTAGTAAAGCTTGATACTAATGGCTCTAATCCAAAAATGCTTGTGGAAATCATAAAAAGCAAGCTTTTAGATTATGTAGCTATGGACTTTAAAACCTCTATTCCCAAATATCATAAAGCCATTGGACTTTCCGAAAGGGAAACAAGTAAATATCTTAAAAATATTTTTGAATCCTTAAGGATTTTAAAAGAAAATAACGTAAGATTTGAGATAAGAACCACAGTGGTACCTGAAATTGTAGAGGAAGAAGATCTCATTGAGATAAGAAAGACAATTGGCGAAGATGTGCCTTATGTTCTTCAGCCTTTTAAAAATGATAAAACCTTAAGTTATGAATTTAAGAACAAAAATCCCTATCCTAATGAGCTTTTAGAAAAATATGCATTTACTGTAAAAGGTAAGTTAAGATGATTTTTTATTGTTCGTAACATTCCTTAGTACTAACAGTCCTAAAATAGTAGCAATTAAGCCCTGTAAAAAATTAGCCCTATAACCTAAAATATCAATCATAACTCCTGATGTTAAATAAGCAATAACTTGAGAAACCGAAACCACTAATGCGTTAATCCCTACAATACTTCCTTCTTTATCTTTCGGAATATAGCTCAATATCAAACTATAAGGAATAACTGTGAGAAAACCAAGACTTATCCCATAAAAAACCGAGGAGATAAAAGCCATATTAATTCTTTGAGTTTGGGAAAACAAAAAACTGCTTATTCCAAATAATGCAAGAGACATAGCAGAAAGTTTTTCCTTTGCAAACTTATCAGCAACAAAACCTGAGAAAAAAGTAGACAAAGCTGTCAACACTCCAAAAATAACAAGTATAATCATATAGTCACTTAAAGAGGCAGAAAGGACATCTTGAAAAAAAAGTAGTATAAAGGAACTTACAGAAGAAATTCCATACCACACAAAAAACTGTAAAAGAAAGAGATTAAACCAAAATTTTCTCCTTAAGAATTTCATATCCATAGAGAAATTTTGTGAAATTCTTTTATTTTCTTTTTCAGGTATAAAGAAGAAAAGAAATGAGGATAAAAAAATGCTCCATTTTAGTAAAGTAAAAGTCAAATTAGAAGCATGAGATATGACTATAATAAAAATATAAATTCCTTGAAAAAATTGTGAAGCAAAATTTAAAACCCCTGTTGCCCTTGCAAAAAAATCCTTACTAAAAAGATCAGGAACAAGGGCTTGATACAAAGAAATAGCAGAATAAAAGAATATATAAGTCAAAGTCAAATAAAGATATAATTCTGAAAGATTTTTGGTCTTCTCTAAAAAGTATATAGATAAAGAAAGAAAAAACAGAGAGACAATTATTAGATACTTTCTTCCTTTTATTAACTTTTTTAGTTTATCTGATAGAAATCCAACTAAAGGTGGTACAAAAATACCCACTAAACTTCCTAAGGAAAGTAGAACCCCTATTTGAGATTTTGAATTAACAAACTTGTTTATAAAAAATATCAAAGAAAACCCACGAAAAGCCTGAAAAAAAGAGAGCCCAACTCCCCCAACACTCAAGAGCACTAAAATTTTTGTTAAAAAATTTACCCTATTACTCTTCACAATAGAGTAATTTTATCACCAATAGAGAAAATATTGAACCATCAATTAGCTTACATAGACCTCAGAAAGTATCCTTTGGGCTGCCTCAATTAGTTTGTCCGATGCATAAGTCTTAGCATGATCCATAATCTTGTTAATTAAGTTATCAACTTCCTCTTTGGGCAAAGTCTTAGAGGCAAAATCTATGATTAACTTAAGGGCTTCTTTCAAGAATGCTCTCAATTCTTCTTCTTGAGAATTGGCAATATTTCTGTAAAAATATGGGAAATTCTGTTTTGATTCTGATGGGAGATAAGAGAATAAATGCTTGACATCAGATAAGCTCTCGGAGATAAATCTGTCCCACTCCTTCACAAACTCTTCTCTCTTGCCTATTTTTTCAAATTTTGCTAGCATCTCCTGCCAAGCCATAAAGAAATAGTTCAGAAGATCAAGTTTTATGTTATACCCCAAGGGCAATACTAACTTCTTGTCAAGGACCGACTTTATCAACTGAAGTCTCCTAAGATCTCCAAAGGGTAAAATATTCTCTACATCTTTAAAGGTCCTTTTTCCATCAAGAGACCACAATACAATATTTTCTTCAATTACTTCACTATATTTTATAGGGACGTAGATTTTAGACATGAAAGGATCCAATTCCTGAGATAAGAATAAAATCTTTCCAGTATCAATCACATTATTGATCTCAAGTTTTCTATAATTTTCTATGAAAAAAAATACATTTTTTATTACGTTAAAATATTCATTAGAAGGAGCATCTTTAATTAAAGGATAGACATTATACCATTCTACTTTTCTATCCTTCGTAAGTATCTCAAAAGCAAGTTTATAAGTAGTCAATTTATTCAATTGATCGGACCATTTCTTCCTAAAATCTCTTTCATTTTCTCTTTCAAGGGTAAATATGAAGTATCTCCAAAAAGTATAGGTCCAGAATAAATTAATATTATCATCAATTCTTAAAAGATTCTTATTTCTTCTTAATTTCTCAATTATTCTAAGGGTTCTATATTCACCATAAGGGGAATTTAAAATTATATCTTTTGTTGTTCTAATCCCATCAAAAAGATTTCCTACTTGTCTTTCCTCGTCAGATAAATTAGCAACATTAACAAAGAGAAACACTAAATCCCCAAGATATTCTATTAAATCAATATCCTTTGATACATCTACCAAAATATGGAGAGGATCAAGATTTAAATTAGCTTTAGGAGCCTTTTCATCAGGATAAAAAGCAAAATTTCCTTCTTTCCAAAGAGCAAGATGCAAAATAGCATCTTCATCCTCACAGGTGTCTGCCTTTATATGCTTTATTTTTCCGTCCTCAAAGTAAACATCAGTCTTTTTTTTATCCTTTGTAAGTTGTAGTCTACCAGTTTTCCTACTAAAAGATAGTATCTCTAAAACCTCCCACAAGGAGACACTTTTCAGATCCCCATTAAGGCTCATTAGT
CP001251.1_gap44	1720473	1721253	780	CTATTTATTGCAAGGGATAAGGCTTGTCTAAACCTTGCATCTTGGAAGAGTTTCCTCTTCACTGGATCCTTTACATTCTGGTTCAAATATATGGCAGGATCTGCACCTGTTCCTGTTCTCCAAATAAGAATTCTGTAATTACCTTTATCTTTATTTTGCATAAATAGGGTGTAGTTAGGTAATCTCATATGGCGAGCTTGGAAGTCTATTTCTCCTGCTACAGCCTTCATGTTGATCATTTCTGCATCACTTACTAAGTAATGAACTACCCTATCAATATACGGCAATTGATTACCTTCTGTGTCCACCACAGGATAATATGGATTTCTCTCCATTACAAATACAGGCTCATTGGGGCTCTTGCTCACGATCTTCCATGGAGACATGGTAGGTAGATCAGGGTTTTGAATGTAATCTATCATAAACTGAAACAATTCATACCACTTATTAAAGCCTTTTTGTTTTGCAAGAGCCTCTAATTTATCCTTAGGAGTATATTTAGGATGAAATTGCATTAAGTAATGTTTTGGTGCATAGAAAGCAAAAGAACCTTTGGAATTATCAATAAACCACCCCTGAGTTGGGAAGGTATAAATAAACATTGGATTGGGATTCTTAAACTCAATCCTAAAAGTATAATCATCTACTTTTATAAATTTAGCTCTAACTCCATCTTGAACAAAACCAGAAGGAAATGTAGGGGTTAATTCCTCATTTCCTATTACATCCTCATACCAGAAGATTACATCATCAGTAGTCATAGGATGTCCATCAGACCAC
CP001251.1_gap45	1722297	1724950	2653	TCCTATGATATCCCTTACTGTCATTCTGGGATTTAAAGATCTAAAGGGATCCTGAAATATCATCTGCATATATCTTCTCACACTTTTTAGTTCCTTTTGAGAAAGTTTTGCTACATTTATTTCTGTTCCATCTACATGCAATATTACATCTCCATCAGTAGGATCATAGGCACGAAGTATCACTTTTCCTGTGGTAGTCTTTCCACAACCCGACTCTCCCACAAGCCCAAGAGTTTCTCCTTCTCTTACAAAGAAACTTATATCATCTACCGCTCTAACTGTTGCTACTCTTTTCCTTAAAAAGCCTTTAGTTATGGGAAAATACTTTTTTAGATTTTTCACCTCTAACAACAAATTATTCATGACTCTTCACCTCTCCATAAAGTAGACAACTTACTTTATGTCCTGGTTTTACCTCTATGAGTTCTGGAACCCTTACATCGCACAGTCCTTTTACAAATTCAGGACATCTGGGATGAAAAGTGCAGCCTGTAGGAAGATTGTAAGGATCTGGAACTATCCCTTTAATGGCTTTTAATCTCTTCCCTTTAACTTTTTTACCAATTTTGGGAATAGATTCTAATAGCGCCTTTGTATAAGGATGCATTGGATTGTAAAAAATCTCTTCTACAGGAGCACTTTCTACAATTTTACCTAAATACATTACAATAACTTCCTCAGCCATCTCAGCTATTACCCCTAAGTTATGGGTTATCATCATAACTGCCATACCAAATTGCTTTTGTAACTCTTTGAGAAGCTCAAGAATTTGAGCCTGTATCGTAACATCTAAGTTTGTAGTTGGCTCGTCTGCTATAAGTAGCCTTGGTCTACAAGAGAGTGCCATAGCAATCATTGCTCTTTGGAGCATTCCACCGCTGAACTGATGAGGATACTCATCGACTCTTAACTCAGGCCTTGGAATTCCAGCAATTCTCATGAGTTCAATAGCTGCATCTCTTGCAGACTTCTTATCCAATTTTTGATGGAGCATTATAGCTTCTATTATCTGCTCTCCCACGGTATGCACAGGAGAAAATGAGGCTCCTGGCTCTTGGAATATCATAGCTATTTCTTTTCCTCTAATACTCCTTATTTCATCCCCCTTAGGGTCTAATTTAGCTAAATCTATAATTTGTCCATCTCTATATAACAAAATCTCTCCTTGAATTTTACTTCTTGGTCCTGTAAGTTTTAAGATAGATAGTGCCGTTACACTCTTTCCACAACCTGATTCTCCTACTACCCCGAGAGTTTTTCCAGGTTTTACATCAAAACTTATTCCATCTACAGCCCTTACTGTACCCTCATCCAATATAAAATAGGTCTTTAAATCCTTTACCTCTAAAAGCTTATCCATTTTTACTCCTCCCTACCTTGCATAAGGATCTGCAGCATCTCTCAATCCATCACCCACAAAGTTAAAAGAAAGCACCACAAGAATAACAAAAACCACAGGAAGCAGTAACCAAGGTGCTAAAGCTACAGTTCTAAAATTTTGAGCATCCTGTATTAAAACACCCCAACTTATGGCAGGAGGTCTTATCCCCAGTCCAAGGAAACTTAAAGAAGTCTCACCTATGATCATACCAGGTATAGATAAAGTCAAGGAAGCTATAATATGACTCAAGAAAGAGGGAAGAAGGTGTCTAAAGATTATTCTACCTTCGCTTGCTCCTGCAAGCTTTGCGGCAGTTACAAAATCTTCTTCACGCAGAGACAAAAATTTGCTTCTTACCTCCCTTGCAAGTCCTGTCCAACCAATAAAGGAAAGAATTATAGAGATAGCAAAATATACCTTTACAGGAGACCAGTTGGCAGGAACAGCGGCAGATAAAGCCATCCAAAGGGGTAAGGTAGGAATACTTCTTAATATCTCTATTATTCTTTGAATAATAATATCAAAAGGTCCACCATAATATCCCGAAATTCCTCCTATAATAATTCCAAAAAGAAAACTTAAAAATATACCCACAAGCCCTACTGTAGTAGAAATACGGGTACCATATATAACCCTTGAAAACACATCTCTTCCTAAACTATCAGTTCCAAAGAGAAATATATGCCCATCTCCTTCTACACCAAAAAGATGTATATCTGTCTTAAATAGACCTAAAAGTTTATACTCATGCCCTCTTACAAAAAACTTAATAGGATATTTTCGGGTTTTATCTTCACTGTATATCCTTCTTAATGTATTTGGATCTATATCCATTTTATACGCATATACAAAGGGTCTCAAATGAAATCCATGCTCATCCACAAAATGAATTCTTTGGGGAGGAGCAAGAACATATCTTACATCATATTTGTAAGGATCATAAGGGGCAAAAAACTCACAAAAAGCTGCAATAATATAAAAGATTACAAGAACCACCAAACCAGCAATTGCAAGTTTGTTCCTTCTAAATCTCCACCACATTAACTTCCACTGGGAAGCAACATATATCTTCTCTTCTTTTTCTGGAACCTCTTCTATAAATTCTTCTCTTTTCTCAACTTCTGCCATATGATACCCTCCTCTTACTCATACCTTACGCGAGGATCTACCCATGCAAGAAGAAGATCCGATATTAAAGTCCCTAACATAGTTAGAAAACTTAACATAAGTAAAAAGGCACCTGCCAAGTACATATCTTGGTTTCTGAGAGCC
CP001251.1_gap46	1745447	1749087	3640	AAGAGTATTTTTCCAACAGTTTGCCAAATAGATACTGTTTTTGCTTTCAATTGAGCTATCTTTTCTTCTAAGGTCATACTTGAGATCAAATAATCTATTTTCTCCTCAATCTTTTCTTTCTCCATTCCCTTCCTACCTCTCCTTTTTTTAAACTCCAATTTTTTAGCCCCCCTTTCGGGGGGCTTTTTAATTTACTTTCTCCCAGTAGGCTTCAAGAAGGGCAACATATACTTGAAGTTAGGCCAATGATGATATGGTATGCAATATGGATTTTCTTGTGTTGGATAATTGGTCCAGTAGTATTCATTGTAGCATGCAATACCAGGATAAGAACAAGTTGGAATTCCTGCCATCTCTTCAAAGGCAATCTTTAATCCATCCATTCCTAACATTCTTACTTTTAGACTATTCCAATCGGTTTTTGCCAACTTTTCTATCACCTTATCCATACGAGGGTTACTCCATCTGCTTGGATGACCAAAGGTTCTGTCACCTATAGGTCTTACATATTCGGATCTCCATGCGTTAAAGGTTCTATACATATCTGGATGACCGCCCCATGGTTCAGTTGCTGGCCAATCAGAGCATGCGTCAAAATTACCATATTGCAGTAGGGTTGGTCTTTGTTCTGTGGTCACCACCTCTACGTCAATACCAAACTTCTTCCACTGTTGACTTGCTGCAAATCCATTTCTAAAATCTGGATGAGATGGGTTAGTATGAGCAAGTATAGTCATCTTCCATGGTTTACCATCTGGTAACAACCACTTACCGTCTTTATCTCTCTTGAAACCATTCTTTATGAGTAATTTTTCTGCCACATCTGGAGCATATTTAAACCATCCAATTCCAAAAATCTCTCTTATGACTTTTGGATCAGTAGGTACATTGTATCCTCTCTTTCTTGCATACTCTGCAAGTCTAATAGGCGCATCAGGATCAAATACTTTGAATTTTTGGCCATCTACTGTTATTGTGAAGTTCTTTAACCAACTCTCCAAGGGCTCATAGTACCACTTAGTATAGGCTGGAGTAGGTGGTACAAGAAGAGCACCCATAGTAGCAGCACCATCAAAAGCTGTAGCAAGAAAGTCTACGATATCAATAGAGAGAGCCAATGCCCATCTTACCTCTTTATTGTTGTATGGAGCCTTTGCTGTATTGAAATAAACTCCCGTAATACATGGGTCTACATTAACAATGTATGGAAAGTCCTTCATATATGCCCTCGCATATTTGTTGGTCTGAAGAACAGATCTCAGTCCTTCCATGGTAAGATCCGCCATGTCAAGTTGATTGTTGTTTAATGCAAGCACTTGCTTTTCTGTTGGTCCTGCATAGAAGAATAATACATATTTAGGCTGAGGCATTCCAAATAACTTTCCTGTGGGTGTTCTCTGCCAATCCTCTCTTCTCTTCCAAAGAATCCAATATCCACCTGGATCATAGCTCTCTACTACATATGGGCCAGAACTTACTGGTGGGTTAAAGGTAAAAGATGCAGGATCTTTAACTTTTTCAAATATATGTTTTGGAAGTGGTCTACAAGCTCCCCATCTATCAAGGAAGTAGGTGTGGAATCTTGCGTTTGGTTCTTTCAAATCTATTTTAACTGTGTATTTATCAATTTTAGTAAGTTTTGCTACTTCTTGGAATGAAGCATGATAAGCCATAGCTGGATTACTTTTTGCAAGCTCAATGTGATAAATCAAATCATCAACAGTAATCTCTACACCGTCACTCCAATAGCATCCAGATCTTAATTTAATGGTTAGAGACTTAAAGTCTTTGCTATACTGAGGTGCAGAAGCCGCTAAAGCGTTAATTACCTTACCTGTTGCAGGATCTACGATCCAAAGAGGCTCAAGCATTAACTGTTGGATTCCTCTATCGGGAGTTATCCAAGAAGAGGTCCAAGAGTTAAAATTATCAGGTGCTACAATCCTACCTGTCAAGATATTTGCAATCAATGTCTCATTTCTTGGTACATTAGGAGCAAGCTGAGAAAAACCTACCTGCGATAAGATTAAAAATATTAATAATAAAGAGAAAAATACAAACTTTCTCATAAAACAACCCCCTCTTCTATCAAGAATCTGAACCTTAAAAACTCACAAACTTAAAACTAGAAGATCTCCACCTCCTTTAGGGAAAACTATCATACAATCGTTTTAATAATATTATAACTAAATTTAAAAGTGTGTCAATTAAAATAAAAAGTTTAGCTATGAAATTAAATTAAATAGGTTTGACAATGAAAATAAGAAGGAAGTATAATTTATAAAATTTTTTGGTTATTTTGGATATTTAGGGGAGGTGAACTATATGAGTACCCAAAGTTTAAAGTTTAAGATGTATCTTGGAGACATGTTATTTGAGTCCCTATTTAAGTATGTAGCAAAGGACTACAAGAAAAGAATTCCTAAACTTTTGAATTTAGTAAAGAGATTTAGCCCTGACGAAGGAACAGATAAAATTATAAGCACCATAGAAGAATATTTACAGAAAGATCCTGCTGTCCAAAGGTTGATACACAGAGTTTTTACAGATTATGATCCTAATTATGCTTCAAGGATATTTGCTAATGTTATACTGAACGTAGGTTTCTTTTGGATATACTTCAATAATGAAAATCAAAAAAAAGATATACCAACTCCATATACCATTTTAATAAGCCCGACTATGAGATGTAATTTACAATGCATAGGATGTTACGCAGGAAACTATACCAAAAATGACGATCTTCCCCCAGAAACTGTAGAAAGAATAATAAAAGAAGGAGAAGAAATTGGCACTTATTTTTATACTGTTCTTGGAGGAGAACCCTTTGTATATCCTGGACTTTTGGATATAGTCAATAGACATCCAAGATCTGTATTTCAGATATTTACAAACGCCACCTTGCTGGATGAAAATAAGATAGAAAGATTTTGGAAGAGCAAGAATGTAGTACCTGTCTTATCTTTAGAAGGAGGAAAAGAAGAGACAGATTATAGAAGAGGATTAGGGGTGTATGAAAAAGTAGTAAATGCTATGGATCTCTTGAAAAAAGCCGGAATTCCTTTTGGGTATTCTATAACCCTTACAAGGAATAACTTTGAGGCTGTAACAAAGCCTGAATTTTATCAATGGCTCGCCAATAAGGGTGCCTTCTTTGGCTGGACATTTCTTTACATGCCTGTTGGAAAAGACGACGATCCATCATTAATGCCTACTCCAGAGCAAAGAGCAGAGTATGGAAAATTCATAAGAAAGATAAGAGGACATCTTCCCATATATCCTATGGATTTCTGGAATGATGCCCCATACGTAGGTGGATGTATAGCAGGTGGAAGAAGATACTTACATATTAACCATAAAGGAGAGGTTGAACCCTGTATATTTGCCCATTTTGCAGTAGATAATATAAAGGAAAAATCTCTTGTAGAAGTACTTAATTCGGAATTCTTTAAAGAAATAAGAAAAAGACAACCATTCCATGAAAATCTCCTTCTTCCTTGCATGATTATAGACTCTCCTTGGATCTTGAGAGAAATTGTTCAAAAAACTGGTGCTCACCCAACCCATCCTGGAGCTGATGATATAATTACAAAGTTTGCTCCTATAATTGACGAGTATGCAAAGGGAGTGAGAAAAGCTC
CP001251.1_gap47	1851722	1855560	3838	GAGTGCAGCCCAGATTGAAAATGCTATTGGAACAGCAATAAAATACAATGCTTATCCTCCTCAGGTAGAACAACCAAGATACAACATGTTGGATAGACATATTGAGCCAGAAATAATACCCACATGTGCTAAACATGGAATTGGAATTACAGTTTTTTCTCCACTGGCTCAAGGTATCCTTACAGGGAAATACAACAATGGGATTCCTGCAGGAAGTAGAGCATCCTGGAGTGATTGGCTTAAAAATGAGCTTACTGAAGAGAATATAGAAAAAGTGAGAAAACTTACCAATATCGCAAAAGAGCTTGGAATAACCATGTCTCAACTTGCTCTTGCGTGGATCTTAAGAAAGCCAGAGATAACTTCAGCAATTGTAGGTGCCTCAAAACCTGATCAATTAAAAGAGACTCTTAAGGCTGGAGATATTAAACTTACAGAAGATGTTCTTGAAGAGATTGAAAAGATACTTGCTAACGCTCCTAAGTAAAAGATGAGGTTAAAGTTAAGTTTTGATTTATTAACCTTAGAGCTCTTTTATGAAGAGACAAAAGATCTTATTTTAAACTCCATCGTAGAGAAAATATATCAAATAGGAAATACGGATATATTTTTAGAATTATTTTCTCCTAATCATGGAAGATTCAAACTTATTCTCTCAGTACACCCTCAACTTTATAGGATTCAAATAACAAAAAAAGAATTTCCATATCCTGTCCGTCCCCCTTCTTTCCTCATGCTTCTGAGAAAGCATTTAGAAGGGGGACGCATAATAAACTACTCTTTAGTACCACAAGAGAGAATTGTAGAATTTAAAATAAAAAGATTTCCTGAGGAAGATAAAAAACTCATATTAGAACTAATGGGAAAATACAGTAATCTCATCCTTTTAAACGAGAACCATATTATTATAGATGCTATAAAACATATAAGTAGCGAAGTAAGTAGATTTAGGGAGATATTACCTGGAATTTCCTATATATACCCACCTAAAACCCAAAAGATTTCAATCCTTGATCTTAATGAAGAGAGACTGGATGAAATTTTAAATAAAGAGACATCCCTTAAAGATGTACTTTTAAAAGAAGTAGCCTATATGAACCCTCAATTGGTGAATGATATTCTTGGGGAAAAAGATAAAGAAAAGATCAAGAAAAGAATATTAGAAATAAGGGAAAAAATTATAAAAAAAGAATTGACCCCAATAGTATATTTTCATGAAGATGAACCCATTACCTTTAGCTTGTTTCCCTTGAAAGAATATGAAACCTTTGAGAAGAAAGAATTTGATAAAATTTATAAAGCTATTGATTTTGTCTATTCCTATGCCTTTGATAAAACCCTTTTTGAACAAAGACAAAGAAGGCTCTTGGAGCTAGTAAAGGAGAATATCAGAAAAGTGGCTGATAAAATAAAAGAATTTGATGAGCAGATAAAAGAAGGAGAAGATGCAGAAAAATTAAAAATTAAAGGAGAAATTCTTCTTTTCCATAAAGATGAGATCAAAAAAGGAGTTGGAAAAATAATACTTCCTAATCCCTATAATTTTGAGGAGATTGTAGAAATAGAGCTTGATCCAAGTCTTTCAGCCTTCGAAAATGCCCAAAAATACTTTAAAAGGTATAAAAAATTAAAGAGAGGAATAAATATTTTAAAAGAACAAAGACAGAAATTAGAAGACGAACTTTATTATTTAAACTCTTTAGAATTTTCTATAGAGAATGCCAAGACCTTTCCAGAGTTAAGAGAGATAGAAGAGGAATTGGAAAAGGGAGGATATATAAGAGAACCAAAGGAAATAATATACAAACGCGAAAAAAGCCCAGAACTTCTTAAATTTTTGAGTTCCGATGGTTTTGAAATATATGTAGGAAAAAACAATAAACAAAATGAAACTCTAACCTTCCAAATTGCAAAACCAGAAGATTTATGGCTCCATGCAAGAGGAATTCCAGGAGCTCATGTGATAATAAAGACCAACAATGAGGAAGTTCCTGAAAATACCATTTATGAAGCCAGTTCTCTTGCAGCCTATTTTAGTAAGGGTAGATATTCAATTTATGTTCCAGTAGATTACACGAAAAGAAAATATGTAAATAAACCTAAAGGCTCAAAACCAGGATTTGTAATATACAAAAACGAAAAAACCATATTTGCGAAACCAGAAGATGCTCTACCTCTTCTCTCTCAAAAGAGTTAAAACCTTTTTAAATTCCTCAGGAAGATCAATCTCAAACTCCATAGGTATACCCTTGGTTGGATGTATAAATGAGACTTTTTTAGCATGCAAAAGTTGCCCTTTTACCCCAAACTTCTTATCTATCCTTCCATAAACCTCATCACCTACTATAGGAAACCCTAAATGAGATATATGAACTCTTATCTGATGAGTTCTTCCCGTTTCAAGATCTGCAGAAATTAAGGTATAGCCTTTAAATCTCTCTAAGACTTTAAAATTGGTGATCGCTATCTTTCCATAAGGCACAATAGCCATTTTCTTTCTATTTATAGGATGCCTTCCTATAGGAGCCTCAATCCTTTTTTCCTCCCAAGGAATTTCCCCCTCACATAAAGCCCAATAAGTTCGCCTTAAAGTTCTGTTTTTAAGCTGTTCTGAAAGCTTTTGGTGAGAGAGATCATTTTTAGCAATTATTAAAAGACCTGTGGTATCTTTATCAAGCCTATGTATGATTCCTGGTCTTAGCTCCCCTCCAATTCCAGAAAGATCTTTTACCCTATAAAGAAGAGCATTCACAAGGGTATCATTATAATGACCATGAGCCGGATGAACCACCATACCTTTAGGCTTATTAATTATCACCATATCTTCATCTTCATATACTATCTCAATAGGAATATCCTGAGGTTTAACTTCGGTCTCTACAGGAGGAGGAATAATAACTTCAATTCTATCCCCAAGTTTTACTTTATAACTATTTTTTATAGGTTTTTCATTTACTTTAATCAGTTCTTTCTCTATGAGATCTTGAATTTGAGAACGAGAAAGGGGAACTTTTTTAGAAAGGTATTTGTCTATTCTTTCACTCTCACCTTCTACATAGATCTCATATCTTTGTTTTTCCATGGGATCTTATATTCTTCTCTTTAATTCCCAAACATCTTTGATTATTACTTGATTTCTTTCAATAGAAAGAATTCCATCTTCTTCGAAACTTTTTAATATCCTCGTAGTAGTTTCCCTTGATACCCCAATCAGATTTCCCAGCTCTTGCCTTGTAAATTCAAGATCAATTAGAATTTCATTATTAATCTTCTTACCCCTCTCTTGAGCAATATCAATAAGTAGCCTTGCTACTTTACCCGGCGCATCCAAGAACATAAGGGTTTCTATCTGCCTATTTGCTTTTCTAAGTCTCAAAGATAAAGTCTTTAAAATCTTTAAAGCAAGTTCCGGATGTTTATAAAGAAGAATTAAGAAGTCATTTCTCTCTATAATGATTACCCTTGTTTCTTCCAAAGCTACCACTGTGGCAGATCTGGGCTCCCCATCAAGAAGAGACATTTCCCCAAAAAATTCCGTAGGATATAAAATAGAAAGAATACCTTCTTTCCCCTCTTCTGTTTCAATAATAACCTTAACTCTCCCTGAACATATAAGAAAGAAAAAGTTTCCTAAATCACCTTTTTGAAAAATAACCGCATCCTTAGGATAAGTCTTCTCCTTAGATATAACTAAAAGCTTTTCTAATTCTTCATCGGAAAAATCTTCAAAGAGAGGGACATTTTTCAAAAACTTTTTTACTTCCATTTTTTCTCTCCTTTTTGACATGGTCTCCAATCAAGATTATAACCTAACCATGAAAAATACAGCAATAAAAAT
