gap_id	start	end	length	sequence
CP001146.1_gap1	90270	93427	3157	TTGTAGAGTAGTTTTTGCAGAGGCAGATTTTCTTCCGGGACTTATCGTAGATAAGTTTTCTGATGTGCTTGTGATTCAGACTTTGGCTCTTGGTATAGATAGATTCAAAGAGGTTATTGTGGAGGTATTAGATGAGATTTTTAATCCTATAGGGATATATGAGAGAAATGATGTTTCGGTAAGAGAATTAGAAGGACTTCCTCAGGTTAAGGGTTTTTTGAAGGGGAGATTTGATACAAAGGTGGAGATATTAGAGAATGGGGTAAAGATGATTGTGGATGTGGAAAATGGGCAAAAGACAGGATATTTCTTGGATCAGAGAGAAAATAGAGCGAGTTTAAAAGGATTGGTAGATGGAGCAGAGGTTCTTGATGTTTTTTGTTATACAGGAGGATTTTCTCTTCATGCATTAAAATATGGGGCGAGTAAAGTTATAGCAGTAGATTCTTCTAGTACTGCTTTAGAAATGGCAAAGGAGAATGCTAAAATTAATGGATTTATTGATAAAATAGAGTTTATTGAAGAGAATGCTTTTGATCTTTTAAGGAGATTTCATAAAGAGGGAAAAACCTTTGATGTGGTTATTCTTGATCCTCCTGCTTTTGCCAAATCCTCCAAAAATCTTGATGGTGCTTTGAGAGGTTATAAGGAGATAAATTTAAGGGCTATGAAGATAATTAGAGATGGTGGATTTTTGATTACTTGTTCTTGTTCTCAGCATGTTACTAGGGAGCTTTTTGAAAAGGTTATAGAGTCTGCAAGTTTTGATGCCAATAGGCTTCTTCGTCTGGTAGAGTTTCGATATCAAGCAAAAGATCATCCTATTCTTTTATCTCATCCTGAGTCTTTGTATCTTAAATGTGGTATTTATCAAGTTTTTAAGAAGTTATAATCTTATGACTGATTTTAGTTCTTCTCGGTTTTCGTAAAGAACCCCAAAAATTTCTTTGTCAATATAGCCTTCTCTTGCAAGTTTTCTCATATAATTTATGGCTCTTGCTTCAGAGATTCCTTTTCTATAAGGTCTATCCTCTAAAAGAGCAGAGTATATATCTGCAATAGCTACAACTCTTGCTTCAGTAGGAATTTCATTTCCCTTTAATCTAAAGGGATATCCTTTTCCGTTTAATTTTTCATGATGGTAGGAAGACCATATTATTATATCTTCAAAAGGCACAGATTTTTTAAGAGTTACAAAAGTTTTAAAGGGATGTACTTTTATGTATTCAATCTCTCTTCTTGTTAATTTGTCACCTTTAAGTAGAATTTCTGAAGATAAAGCTACTTTTCCAATATCATGTAAATACCCTGATATTCTTATTCTTTTTATTTTTTCATCATTAAAACCTAAATTTCCTGCCAAAAAGGATGCTATATTTGCTACATTCCTTGAATGTCTTACCTGAATTTTACTTCTGTAATCCACAATTCTTGCAATGGCTTTAGAGAGGAGCAAAAAGGAATCTATATCAAGCTTTATATCACATGAAAAGTTTTGGGGAGTTATGTCGTCATAATTTATCTCAAACCAGAAGGATTCTTTTTGGGAAAGATCATAGAAGGCATTGAGCACATCAGGGTTAAATATTTTCTCTCCTTTTTCTTTAATTTTTTTGATTATTTTATTTTTCTCCTTAAGTATATATTTACTTTTGTCATAACTTTCATCTATATGTTCTGCAAGATTTAATATTTGGCTTTCGATGGGAATCTTCTCATCCTGATAAAATTCACCTTTTCCTAAATTCCAAGGAAAATGATGATATTTTATTATGGTAGCTGTTCTTTCTAAGAATGGTATGTCCGATAAAAACAGACTACTTTTTAAAGCGTGATCAGAAATTTCTTTGTGGTTATTATTGTTACTATGGTTTTTATTTCCATTGCCTGCATCATGTAAAAGAGCAGATATAACGAGGTCATATTTTGATTTTTCAGAAAGATTTAAATAGTTCGCTATAGCGAGGGATATGTTGGCTACCCGAGAGGAATGTCTCCGATTTTCAGGCAGCTGACTATCCAGATGTTCAGAAAATGCAAGTAAAAAACCAAGTACCGACACAGTTTTCTCCATTTTTTCAGCTAATTTTAACACAAAGTATTTTTTTTGTCAAAAATAATAAACCTTACTATTAAATTATTCTACCCTAAAAGCTATACAATTATTCTTTAATCAATGTAAATAACTTTACCTTTCTCAGGGTAAATGATCTTACAAATATCTTTAAATTTTTCAAAAAAATCAGCCTTTTCGCTATGTACAGGTATCAATATTTCGGGTTTTGCATTAGAAATTAATTCTAAAAGACCATCTCCGTGAATATGTCCACTGGCATGGAGAGGTGATTCTTCCCTTTTTTCTACAAGGTTACCTCTTATTTCTAAGTTAAAGTATTTCAGCCAATTTTCTATCTTTTGTTGATCTATTTTCATTTCTTCGTTAAAGGCTTCACTTGAGGAGAAAATATATACTCCCATGTCAGGTAATATGTCCAAAAGAAGATGAAAATCGTAATAGGAGATACATAAGATGTAATCTTGTGGATTTTTTCTTATATCTTTAGAGTTTACAGCCTTTCCAGGAATATCTTTGTATCTCTCTAATAGATTTTTCTCCCAAGGGTCATAGTTTCCCTTTGGTTTTTCATAGAAGGTTATGAATTCATCCCTTTTAGGATCTGGATATCCTATAAAAGATAGGCTTTCAAGGAGATATATGTCTTTTAGGGTTAAAACCAATCTTCTTCCTGTTTCTTTTCCTATCTCTAAGAAGCTCATTAATCTATCAATATTTCGAGGTCCAAAGTCAGCAATCACATAGTGATGGCAAGATTTAACTATTTCTAATGCTTTTTCTTTCACATCATCTTCAGTGTAAATTTTTTCTATGTTAGGGTGAGTTCCTTCACATATGAGTACTTTTACATCAATATGTTTTAGTTTATTAATAAATTCTTTTGTGAGATGACCATTTCTTCCGTGGAGTCTTAGATCTCCTGTATATACAATCCACCCTGAGGAGGTTTTTATAGCAAAACTTCCAGCTCCTGGTATGGAATGGTCTACAGGGAAAAACATAATTTCAAAGGGATCAATCTTTAAATTTTGGTTTTTAACTTCTAATGGGTTTTCGTGAAGTTCGTTTATCCTTTTTCTC
CP001146.1_gap2	194296	197012	2716	AAGTTCATTTTTCTGGCAACCTCCAATAACCCCAAAACCCCGGGGGATTGACAGAAAGGAGTTTTACCATCCATACCAATTCCAAAACTTGGTCTTGTTATGTTCCATGTATCCTGCCATCTTTGAGCTTTAACAAGAAACTCCTTTACATTTTTACATCTTTCTGCATGAATACCAAGGAAATACTCATCATCCTGCCTATGAGAATTCTCAACTATACCCATAAGATATTTAGCTCCTTTCGGTATTGGTTTTAGCTCTACAATCTTTCACTTCCTAAACAAAACTCCTCACCATTATCCACTCTTATACCTATTTGCAGTGACTCTTGTTATTGTTTCAACACCAATGATATTACACTCATATTAAGGGAGTGAAGTCTTCATTATTATTCCTATATTTCTCATAGTGGTACCTATCTCAATACCTATGTGGAGGAGAAATAAAATTTTTATTGAAAAATTTAAGAAAGTAGATATAATTTAATTTGGGGATTTTAATCGATTTTTAAACAAAAACTTTATGAGAAGCAAAAGATTTTATAAGTTTCTGGTTTTAATTTTAGCTCTGTTTATTATTGGGGGATGTACATTAAAGGATAAGCCTCCAACGGTTATAATTATTTCGCCAACAAATGGTTCAACAGTAAGTGGAGTTGTAGAAATTATTGTTGAAGCTACTGATGATAGGTCAATTTTAAAAGTAGATTTCTACATTGATGGAATAATAGTAGGAGAAGACACTCAATTACCTTATAAGTATAGCTGGGATACTGCAAAAGTGAGCGATGGTGAACATTCAGTCTTAGCAAAAGCATACGATAATGGAGGGAATATAGGAAGTGCAAGTATAACAGTAATTGTAAAAAATCTAGTACCAGGAATTCTGAAGTGGTATTTTGAAACTAATGGTTCAATATATTCTTCTCCAGCAATAGGTAAAGACGGAACTATTTATATTAATAGCAATGATCGAGTTATTTACGCAATTAATCCTGACGGATCTTTAAAATGGAAGTTTGAGACTGAATATGGTCCTCATTCTTTTATTTCCTCTCCTGCAATAGGGGAGGACGGATGTATTTATACAGGTAGTACCGATTATTATGTTTACGCAATAACTCCTTATGGATCTTTCAAATGGAAATATAAAACTGAGAATTTTGTAGAGTCATCTCCAGCTATAGGTCTTGATGGAACGATCTATGTAGGAGGTATTGACGGATACTTATATGCAATTAATTCAGAAGGAAAATTAAGATGGAGGTATTATTTTGGAAACCCTATAAGCTCATCTCCTGCTATTGATTGGGATGGAACAATCTATGTGGGTTGTGAAGATGGTTATCTTTATGCCATAGATTCTGATGGATTTTTTAAATGGAAATATGAGATTTATGGTAAAGTCTCTTCCTCACCAGCTATAGGTCCAGACAGAACTATTTATATTGGGAGTGAAGATGGTTATTTGTATGCAATTGATTTCAATGGAACATTAAAATGGAAATTTAATCTCAATTCAAGAGTAAAGTACTCATCTCCTATCATTGATTCTGAGGGAACAATTTACATTGGTTGCGAGGATGGTTATCTTTATGCTGTAAATCCTGATGGAAGTTTAAAATGGAAATTTCAAACTGACGGTTATATATGGTCTACACCTGCCATTGGTCTTGATGGGATGATATATGTAGGTAGTAGTAGTGGTTATTTGTACGCAATTAACCCAGATGGAACTCTTAGCTGGAGGTATTATTGTTCACCTTATGGATTAGATTCCTCGCCAGTAATAGCACCTGATGGAACTATTTATGTTGGAAGTGTGGATGGTTATCTTTATGCAATAACCTTAACAAGTAAAGGTTTAGCAAATTCACCATGGCCTAAGTTCCGCCATGATAATCAAAATACTGGAAGAGTGAAATAATAAATGGGATAAGTTAATATTAACGGAGGAGCAGGGAGAAAACCCCTGCTCCTTTTTTTCATAAGTGAGCTTCTCTAATATTCTTTTGCTGAAAGAGATTAAGAAAGGGGAAAGACTATTGAAGTTTTTTAAAAGAAGTTAGAATAATAACAAAAAGGTGAAAGGAGGAAATTAGTAATCAAGATATAAAATATAACATCATTCCTCCCAATTATTCACTCTTCTTTTTCTCTCAAATTTTAAAAGAGGAGGTAAAAGAGAATGAATGCAAAAAAGTATTTCAAATTTCTTCCATTAGTCTTAATTCTTCTTTTGTTTTGTGGATGTGCGCCAGATGGTAAACTGAAATGGATATTTGAAACTAGATATTGTGTTGATTCCTCCCCCGCGATAGGTCAAGATGGAACTATATATGTGGGGAGTATGGATCATTATCTATATGCGATAAATCCTGATGGCACATTGAAATGGAAATTTAAAACTGGAGGTTCGGTTCATTCCTCACCAGCTATAGGTCAAGATGGAACTATATATGTGGGGAGTAATGATCATTATCTTTATAAGATAAGTCCTTATGGTATACTGAAATGGAAATTTAAAACTGGACGTGCGGTTCTTTCCTCCCCCGCGATAGGTCAAGATGGAACTATATATGTGGGGAGTATGGATCATTATCTATATGCGATAAATCCTGATGGTACATTGAAATGGAAATTTAAAACTGGAGGTTCGGTTCATTCCTCACCAGCTATAGGTCAAGATGGAACTATATATGTGGGGAGTGATGATC
CP001146.1_gap3	253171	254306	1135	GTTAATTTCCAATTAAGATAAAAGAGCATAAAAAGGGCAAAAATAAATTCTCCTAATCTTATTAATTGGCTTACTAATGTAGAAGAGAAGAAGAATCCTAATCCTTCTATTTCTCCAATTCTGCTTAAAAGATAGCCTGTTTGAGCTTGATCGTAAAAAGAGAAAGGTAGTTTCAAAATCTTTTTAAATAACTCACTTTTTAAAGTTGCGATAATTTCTTGGTTTAACTTTGTAAAAAGATATTGGGTCATACCAGAGAATATACTTCTTGCTATGTGAAGAATTGCCATAATAATGACCAAATTAACAAGTAACTTTGCATTTTTACTTCCTAATAAAACCTTATCGATTACTATCTTTGTTAAATAGGGAACAGGAATTGTAATAAAGGACGAGATTATAAGAAATATACTTGCGATTACAAAACTACCAAGATGAATTTTGAAATAAGGTAACAATATCTTAAGTTTTGCTAAGGAAATATCTTCTTTCTTGGGAGTAAGGAAATTAAAATCCTCTTTCATTTTTATGAATTCCCTTTTTGTATAATTTTTTCTATACTTATTTTTAACAAGATAAAAGGAAATAATAAACAATACTAAACTTTTTTAACATGAAAACTTGTTTTGTTCAAAGCGAAAATTTTTTCGTATTTCTTTACCACATTATTAAAGGAAATGAGAAAATCTTCCAAAGCTTCCCCCTTAATACATTCCTAATGTTCCTTTTCTTTTTGCATTTTTGTCAGCTATATCAAAAATCAAAATTCCTAATATGAAGAAGATTAGAGAGCTTATGACGAGCTTTGAAATATCAAGACTTAACGAGCTAAAGGGTATATTCTCTACATTATTTATTTTTTTAATAATGAAGCTCCTTGATGTATAGGAAAATATGAAAGGATTTCTTTTATCTCTGGAGTTAATAATTTCTCCTGAATAATTAGAGGAATTAAAAGAATCAAATTTAAAACTCCAAGCCAATTTCCCATACTTTTTACAACTAATACAAGTCCTGCAAGCATAAAAGCAAACCCATACAATCCAAAAACAAGAATGAAGAAGATAAGAAAACTAAGGGGATTACTAATTATAGTTACTCTATGAATTAGAGAGACTATTATGGCTATATAAAA
CP001146.1_gap4	258766	260225	1459	TCAATTTTTACATCTCTCCTATCAAAGAAGTTATAGATATTATCGGAACCTTGGTAATAATAAAGATGATAATTGTCTATTAAACAGAAAGGATAATCGAGTATAACCCTATATACAAAATCTGAATCTTCACATACAAGTAAATCCTCATTAAACAATCCAACCTTTTCAATAACATCCCTTTCAATAACTAATGTATTAATATTGGTACAATAAGAACCACCTTTAAGAAACGATTCTTCATAGAAATTGTCTCCAAAGAAGATATACTTTCCCTCTATTTTAGGATTAAAAATGGAGATTGTTCTTTCTAATCTTGCACGTTCCTCTGATATTTCTGGATCAAAGACTCTTCTAACTTCCCCATCTTCTTTAACTGCTATCCATAATGCAAAAGAAACTTTTATGTCATAATTCTTTAAAACGTCGATGCTCTCTTCTAAATGTATCTCTGACCATTCATCATCTGAGTCCAAAAATGCTATATATTTCCCCTTAGAGTTTAATATGCCAAAATTTCTTGCTCCTGCTGGTCCTTTTTTTCTCTCGTTCTTTAAATATATTATGCGATCATCTAAAGAAATATATTTTTTAACTAAGCTTTCAGTATTATCAGTGCTTCTATCGTCTACAATTAAAAGCTCCCAATTTTTATAGGTCTGCCTTCTCACAGACTCTATAGCACGAGGAAGCAGTCTTTCTCTATTATATGTGGGAATGATAATACTAACTTCAGGGAACATGGTTAAAATAATTTAAATTTATGTAAAGGAAAAAAATCACTCTTTTAGAAATCCCCTCCCGTTTAAAATTCTCAAATAATAATTTTGTCCACCTTTTTAAAAAAGTTATTGCTTTTATTATATAAAAAAATTATAACTAAACACCATCTTTCAAGGCAGATTAGATGTTTGTTTGAGTGAAACATTCAATTTTTCTAATCTACGTGCTATTCTCTGTGAGTATTATCCTTATATCTATGTCTCCCTATATAGAGGACACTCTCTAATATTGTCTTGATATTATTCTTTAAAAGTAATTTTCTTCGCCAAATTTATTATCCTTTTTTGCTACAATTCCAAAACTTTTCTTTCAGGGTAAAGATCAGAATTAAATTTATAAGCTACGTTTCTTTCTTATTTAGAATTAATATCTTGGCTTTTTTGTTATAATCAAAGCCTATAAGGACATTTTAGTTATACAGTTCACTCTTTTTAATTTAAATTTTTCTTTTTGCTAAGATTACTGTTTGTTCGTTTTACTCTTAAGCTCAGGAAAACCATTAGCTGATGGGAAAATACCTATATCCTAAAATAGTAGATGTATTAATATCTTGTTTTATAGTAATTAATTTGATTCTATCTTTGTTTAAATATCTACCGTTGTATACCAAGGAAGATCTCTTAAATTTCTGATTGTGCCATCAAGATCTGTGACAATTACTATTTAGAATTTTCTC
CP001146.1_gap5	350407	355001	4594	AGAATCCCAAGAAAGGAGGATTAAGAATCCTCTTTAATGTTTCTATATTAAAGATTTTTTCTTTTTTCTCCTGGGTATCAAGGATTACTCCATAAACACCAAGACTCCACCATATGGTAGTATTTGCCATATAGTAAAGGAGAGTATAGGGGGTAGCAATCTCTCCAAAGAGGGCTTGAGACATGGGAAGTCCTATAAAAATGGAGTTTGAGAGGGAGAAGATTCCTGCCAAAAGACCTCTTCTTCCCTTTTTTGTTTTAAAAATGAGGGCTAAAAAATAGCCTAAGAAATAGGATATTAGTATTGATAAAAAGGGTATAATAAGACCTTTTGCAGAATTGATGAGATCATTTTTGGTGAAAAAGGATGATATGTTTACAATCATACCCAAGGGAAGACTGAGGTTCAAAACTATTTTTGCAAAAAGATCTGCTGTTTTTTCTTCAAACCATCTTTTATGAGTTAATAGATATCCTATAGCTATGATGATAACTATCTCTAATACTCCTTGTAGCGCAGAGAAAAATACCCTCATAAACTCCTCCTTTTTTTGAAAAGAATAACACAAATTGAATTTTTAAATGAAGATGAAAAAATAAGAGAAGGACTTGAAGCTATATATGATTATTGCATGTTTACTTCCTTTAAAGATTTTTTAGAAACTTGAACTCTTAAATGAAAAACTTTTTGAAAGGTTTATTGGTTTTAGCTGTTATCCTCTTTTTTATTCTCCTCTCTCGTTTCAATTTTCTTCTCTTTCATGTAATAATAGAGCTTTATTCTATCCTCATAGGAATAATGATCTTTATCCTTTCCACTTCTACTTATCAATTTGTTAAGACAAATTATTTTACTTTTATTGGTATTTCCTACTTATTTGTTAGTTTATTAGATTTTGTGCACACGTTAGCCTATAAGAGAATGAATATTTTTCCTTTTGTGAATACTGCAAATTATGCTACCCAGTTTTGGATCTCTGCAAGATATTTAGAGGCTGTATCTTTATTTTTATCTCCCTTTTTTATTAAAAGAAAACTAAAACTAATTCCTACCTACTTAGGCTATTTTCTTTATTTTATTGCTTCACTTCTTTCCATTTTCTATTTTAAGAATTTCCCAGCATGCTACATTGAAGGTTTTGGACTTACTACTTTTAAAATAGCAAGCGAGTATATTATCTCTTTGATACTTCTTCTTGCCATATATAATCATTGGAAGAATAAAGATTACTTTTATCCCTATGTACTTAAACTTTTAATATTTAGTATTGTTTCAACCATTATAAGCGAGATGTTTTTTACTCTTTATGTAGATGTTTATGGAATGATGAATGCTATGGGGCATATATTTAAGCTTATCTCCTTTTATCTCATTTATATGTCCATTGTGGAGACTTCTCTAAGAAGTCCTTATAGAACTATCTTTTATGAGTTTTTAAAAGAATCAAAAAGCTTTAAGGACTATATAGAATATGCAGGAATTATGTTTTTGATATTGGATACCAAAGGAAATATTATTCTTATAAATAAAAGGGGAGAAGAGATTTTAGGTTATAAAAGAGAAGAGATTATAGGTAGAAACTGGTTTGAAAATTTTGTCCCTGAGGAGATAAGGGATGAATTGAGAAAATATTTTGAGTTTTTAATAAGAAATAATGCCTTTGAGCAAGAGGATAAATTCAAGGAGAATCCAGTTAAGACAAGAGATGGGATTAAAATCATAAGATGGTATAACACTATTTTAAGGGATGAAAAAGGCAAAATTGTAGGAGTAATCTCATCGGGAGAGGATATTACAGAAAAGAAGAAGGAAGAGGATTTTCTAAAATATTTAGCTTCAGTAGATCCTCTTACAGGTGTATACAACAAAAGGGTTGGTTTTGAAATCTTTCAAAAAGAAATGGGCTTATCTTTAGTGAGAAATAGTCCCTTAGCTGTGGTGTTTGTAGATATTGATGATCTTAAAAAAGTGAATGATAATTTTGGACATAATGAGGGAGACGTTTATATAAAAATAATAACGGAGGCAATTAAAAAGAATATTAGGAAAACAGATACTCTATTTAGATTTGGAGGAGATGAGTTTGTTTTAATTTTGCCTCATTGTGATAGGGAGACAGCAGAGAGGATTATAGAAAAGATTTTGGTAAATTTAAAGAAGTTAAGGGAAGAATTAAATAAACCCTATGAATTCTCTTTTAGTTATGGTATTGCAGTGTTTTATCCCAAAGAGGGTAAGAGTATAGATGATCTTGTAAGGGAAGCAGATATGAAGATGTATGAAATGAAAAAAACAAAAAATAAGGAGGGGGAGTAAATTTACTCCCCCAAGTATTCTCTTACAGTAGCTATATTCTTTTCAATAAGGTCAGGGATAGGAAGGTTATAGGGGCATCTTGTCATACAGGTCCCACATTTGGTGCAATTTTGCGCCTTCAAATAGGCATCATAGAACCAACCTCTTCTTATGGTTTCATCGGGAAGTCTTTTTAAGAATGATTCTGATCTTATCACAGTAGATATAGGTATACCTACAGGGCATGGTTGACAATAGTCGCATTTTCTACAAAAGGTTGAACCCATTTCTTCTATTGTCTTTTCAATCTCTTTCCATTCTTCATCGGTTAAGGGTGTAAGATTCATGGCTATTTCTACATCTTCTTCTAACTCTTTGATAGATTCTATACCTGGGTCAGGTACTAAGAATTCTTTTTGAAGGGCAAACTTCAATGCAAGTTTTGGGTTAGGTATTACTCCTCCTGCCATAGGTTTCATAGCAATGATTCCAATATCCTTTTCCAATGCCATGGGAAATATTTTTTCTTCTGGTTCTCTTTCAATAAAATTATAACTTACCTGGATTACATCAAATTTATCGGTGGCAATAAGATCGGCAAGAATATCATTGCTATGACTTGATACTGCTATAAAATCAATGAGTCCTTCCTCTTTTGCTTTTAAAAGTCCATAATAGGCGCCATCAGGTTCGAATATTTTATTAAAGGCCTCTCTGTTGTTTACTCCATGGATATGGTAAATTTCTATCTTTTCTACTCCTAAATTCCTCAAGCTGGTTTTTACATCCTCATATATTCCATCTTTAGTTCTGTTTTGAGATTTAGAAGATAGGTATACCTTTTTATCAATTCCTTTTAGAGCTTTTCCAATTTTTATTTCGCTGTCGGTGTAGCCTCTGGCAGTGTCTATAAGATTGATTCCAAGCTCTATTGCTCTTCTTATAATCTTTATAGCTGTATCTTCATCTACCCTTTGGATGGGAATTCCTCCAAAGGCTATAGGAAATACTTCAAGATTTGTTCTTCCAAGTCTTCTCAGTTTCATTTATTTTCCCTCCAATTTAATTAGTTCATTTTGTTTATATTATAGATTTTGGAGTTAACTCTAAGTAAAGACAAATTTCTAAGCAAAATTTAAGGTTCTTCTAAATTTTGCTTAAGAATACTTATTTACAATTAAAACCAAACTCAAGGGAAACCTTGAGAAAAAAATAAAAAGTGGAGGTGGTACCATGAAGTTTAAAGGATTGGCAATTTTAAGTTTAGTGATCTTAGGTTTGTTCTCTTTATCCTATGCTTATGGCCCAAGATTTGGAGGTTATCTTGCTAATAATGTACAGCTAACAAAAATATCAGGCACAGTTACCAAAATAGCCAATAATCCTGCCTTGACTGTAACAGTAAAAACCACATCTGGAGATAAGGAAGTAATCCTTGGACCTGCTTGGCTACAGATAAAGGAACTAAAGGTAGGAAGTAAGATAGAGATAGAGGGATTTGAGTCTCCTGTAACCAAGAATTTTAAAGCGGTAAGAGTTGTGGTAGATGGGAAGGAAGTATTAAACTTGTCAAAGAATACAGCTTGGGGGAATCCAAATTATGGCAATTTAAGAGGTAGAGGAAGAGGCCTTCAAAATTATCCAAATTGTCCATGCTGGAACTTACAAACCAATTAAATTAGAGCCAAGTTATAAACTTACAAATTCTTAAGGGGAAGCCTTTAAAGGCTTCCCCTTTTTTTTAATACTACTTTTTGTTATAATTTCTGAGAACTAATTTTTACAGAGAGGGGTGTTGTGTTTTCATGAATAGTACTAATCTTTTAAAGAGAAGATGGTTTCTTATACCCTTAGGAATAATTATTTACATATGTCTTGGTACTGTTTATTCTTGGAGTGTATTTAGAAAACCTTTGGAGAATATTTTGCAGATTTCAGCTTTTCAGAGTGGTTTACCTTATATGCTATTTTTATTTTTCTTTGCTCTTTTTATGGCACTCTCTGGAAAATATGTTAGCAAATATCCGAGGTTGATTATTTTTATAGGAGGTCTTATAGTTGGTTTGGGTTGGATTCTTTCAGGTTTTTTTAGGGATATAAAAATTATTGCGATAACTTATGGAATTATTGCGGGAAGTGGAGTAGGAATAGTGTATGGAGTACCTATTACTGTAATTTCTAAGTGGTTCCCTGATAAAAGAGGGCTGGCTATGGGCCTTGTGATATCAGGGTTTGGACTGTCTCCCCTTATTACTGCCCCTCTTGCAAGGTATTTAATTGAGTTATATGGGCCCTTTGA
CP001146.1_gap6	366425	369038	2613	ATTGGATATGTAAAAGAGATGGCAAAAGCTTTTAATTTATATTTCTTTATTCCTTCTTCGAGAAAAACAAAGAAAACTGTAGTGCTTACTGCTCATATTGATCATGTTGGAGATGATTATGATGGTAGCTATTTTCCTGGGGCAAATGATAATGCTTCAGGGGTTGGTGTAGTTTTAGAAATTGCAAAGGAGATCTTTGAAAAGGGTAATAATTATCCTTATAATTTTTTATTTTTAATCACCAATGGTGAGGAGAAGGGACTTCTTGGTTCTGAATATTTTGTAGACTATCCTCCAATCCCTCTTGAAGATATAGTTTTAGAGGTGAATTTTGACTGTTTGGGAAGGGGAGAAAATCTGGTAATAAGTTATAATGATTATGCAAGTAAGTTGGTAAGTAAGATTAAATCAATTAATTTGAATAATAATGTGTATTTTGCGAAGGATTATTATCTTAATGAGTCAGATCAATATCCTTTTCATGTTCACGAAAAACCCTTTTTATTTTTCATAAGGGTAGAAAAAGATGAAAAAATTTCAGATCTGCACCAGAAGACTGATACTGTTGATAAGATTTCAAAGGATGTTGTTTCTTCCACTATAGATACGTTTTTTAAAATTTTAAGAAGTTTATCCTATGATTCTTTAAATTAGTTTTAAATTTTTTAACTTAAAATTATAATAGGATAATATTGCGATTAGGAGCTATGAAAAGAAATTTGGGAGATATAATATTCAAAATATTGGCTGTCCTGTCAAGCTTGGCTTTAATTTCGCTTGTGCTTTTTTTATTTGTTGAACTTGTTATTTATTCTGTTCCTAGTATTAAAAAATTTGGAATTAAGTTTTTAATTGAAAAGATATGGGATCCTGTAGCTGAAAAATATGGAGCACTCCCTGCCATTTATGGAACTTTAGTTACCTCCTTTTTTGCTCTTTTAATTGCTTTTCCTTTAAGTATAGGTATTGCGATTTTTATATCTGAACTTTCTCCTCCTCTTTTGCAGAGGCCTCTTTCTTTTATTATTGAACTTTTAGGTGCAATTCCAAGCCTTATATATGGTATGTGGGGACTTTTTTCCCTTGCTCCATTAATTCAGCTTAAGGTTGGTCCTTTTTTGCAAAGGATATTAGGATTTTTGCCTCTTTTTCAGGGATATCCTATAGGAGTTGGATATTTGACTGCGAGTATAGTTCTTTCTATAATGATAATTCCTACTATTTCTTCTCTTTCAAGAGAAATTTTAATGGCCGTTCCTAAGGATCAAAGAGAGGCAGGATATGCTTTGGGTATGACTAAATGGGAAGTAATATGGAGAGTAGTTCTTGGTAATGCAAAATCGGGAATTTTTGCGGCAGGAATGTTAGGATTAGGAAGGGCTCTTGGAGAAGCTGTGGCAGTTACTATGGTGATAGGTAATTTCTATGATATATCCATCTCTTTATTTTCTCCAGGTGTTACTATAACCAGTGTTATTATAAATGAGTTTGCTGAAGCAACAGGACAATTGAAGATTTCAGTTCTTATGGAACTTGCATTAATACTTTTTATCATTACTTTCTTTGTTATGGGATTTGCCCGATATTATATCTTAAAGAGGATTGAAGGACGATGAGTTATAAAAGAAGGAAAGCTATAAATAAGGTAATGATATTTATAAGCATACTAACCTTTTTAATAGGAGCTTTCTTTCTTTTCTGGATTCTTGGAGATATATTTTTAAAAGGAATAAGACATATTAACTTACGAATGTTTGTTGAGCTTCCTAAACCTCCAGGGGTTCCCGGAGGAGGTATTGGTAATGCTCTTGTAGGTACACTTATCCTCACCATACTTGCAAGTATTATTGGTATTCCTATAGGAATAATGGTGGGAGTCTATGTAAATGAGTATGGAAGAGGAAAACTTGCTTGGTGGACTAAATTTCTTTCAGAGGTTTTAACCAGCTTTCCTACCATAATTATCGGTGTCTTTGTTTATCTTATTGTGGTGGTTCCTATGAAGTCTTTCTCTGCCCTTGCAGGTGGAATAGCCTTAGGAATTATTATGTTGCCTATTATTGCAAAATCTGCCGATGAATCTATAAAAATGGTCCCTAACTCTTTAAGGGAAGCTGCTTATGCTTTAGGAGTTCCAAAATGGAGAACTATTCTAAAAGTAGTCATCCCTTCTGCATCCAGTGGAATTATTACAGGTATAATGATAGCTATAGCAAGGGTTATGGGGGAGACTGCGCCTCTTCTCTTTACTTCTTTGAATAATGTGTACTGGAGCCTTAGTTTAACAAAGCCAATAGGAAGTCTTACGGTGACTATTTTTAATTATGCTACATCGCCTTATGATGACTGGAGGAATATGGCTTATGCTTCTGCCCTTGTTTTAGTGTTTCTTATCCTGATCCTAAATATTATTGCTAGGATTTATGGTGGAAGAAAGAAATAGATCAAGGGAGGAGAATAAGAGTTGGAGAAGATAAGGGTTGAAAAGTTAAATGCATGGTTTGGAAATATGAAAGTTTTGAAAGATGTTAATGTCTCTATGAAAGAGAAGCATATTACTGCAATAATTGGCCCTTCTGGATGTGGTAAGACTACGCTTTTGAGATGTTTTAA
CP001146.1_gap7	375105	375893	788	GGCAGGATTGATAATAATGGCAGGTCCTACAAGGCCTTTAGAAGACTTAATTCTTGAGCAAACAGAATATCTTTCTAATATTGACGGAAATATTGATGAGAACGAGAAAGCTCAACTTGATGTCATAAAAGGTGAGATCCAAAAAATTAAAGATCCTAATCTTTTAGAAAAATATCCACCTAATTTAATGATTCTTGGAGCACCCGTTAAATATTGGGCTGATCTTAAGAGTTATGATCCTTTGCTAACTCTTTCCAATTTAGAGATTCCTGCATTAATTCTTCAGGGTGAAAGAGATTATCAGGTAACTTTAAAAGATTTTGAGGGGTGGAGTAGGCTTTCTTCTTTGGAGAGGATTACTCTTAAGCTATATCCAAAACTAAATCATCTTTTTATGGAAGGAGAAGGAAAGAGTATTCCTCAGGAGTACTATGTGGAAGGGCATATTCCTGAGTATGTAATAAAAGATATTGCTGAGTGGATAAAGTCTTTAAAATAGGGGAGGAATTATTTCCTCCCCCTTAAGTTAAGCCTTTCTTATCCAAACTTGCATTGGTCCCTGTTCTCTATTGGCCCATGCATAATATGGTATGGCTGTAAATTCGACCTCATTTCTTTTTAGTCTTAAATCTTCTATTGGTAGATATAAATTTTTCTCCCAAATATCTTTTTCAGGAATATAACCTTTTCCTTTTATTACTACTAAGCCCTTTAAATTTTCTGAGTATATTGATTTTAGTTCTTTTTCTGTATCAATCTCTAAGTCAAAAATAGGAAAATTGTTATCT
CP001146.1_gap8	541760	544652	2892	GCTGGTTAGGCTTTTTAGGATAGATGGTTGTAGGATGTGTGGACATAGCACTGATACTTATCTACTGGAGATTGATAAAAATGGTTTGGTGAGAATTGGACAGTCTTTGAAAGAACTCTCTAAGGGGGTGAAGGTAGATGCCAATACTTAGTGGCGACGAACTTCCTGTAAAAGAGGATGAACTCGATAACCTTGCCATGAAGACTTTTTTAAAGACATTGGATATACTGGGAGGTCCAAGAAAATTAATTCTTTACAGAAATCTTACATGGGTTCCGAGTCTTATTGAGGCTTGTTATGCGGTGATATTAAGAGATAGATATATGAAAACCGAAGCAGAGATAGCAGAGTTTCTTGGATTAACCAAGCAAACAGTGAGAAATATTCTTAAGGCTGATCCTGATGTGGTTCTTGATATTCTTGAAGATGAACTTAAGAAAAAGGAGATTAAAACTCATGTGGCAGGAGGGCTTGCAAAGTTAGCCTATAGAAAAGTAAAGGAGGAGTTTGGTATAGAGTAAAAGTATATGGTTAAAGTTGGAGAAGAATATCAGGTAAGGATTGAGAAGATAAATTCTCAAGGGCAGGGTATTGCTTATATAAATAGTTTTGTGGTTTTTGTGGATTATGCTCTTCCGGGAGAGGTTGTTAAAATTAAGATTCATACAGCTAAAAAGGACTATGCTGTAGGAAGAATAGTAGAATTTATAGAAAAAGATCCTCGAAGATGTGATCCTGTTTGTGAGGTTTTTTACGAATGCGGTGGTTGTCATCTAATGCATGTTAACTACGAATATCAATTAGAACTAAAGAAAATGATGGTAGAAGATGCTTTTAAAAGAATTGGAAAAATTGAAAAAGAAGTGAATCCAGTTATAGGAATGGAAAATCCTTATAGGTATAGAAACAAAGCTAAGATTCCTGTAGGAAAAAGAAGAGGAAAAATAGTTTTAGGATTTTACAAACCTAACACCCATTACATAGTGGACATAAATAAGTGTATAGTACACCATGAAGATACGGATAAGGTTATAGAAACTACAAAAGAAGCTATTAAGAAGTTTCATATAGAAGTTTACAATGAGCTCCAACATACGGGACTTTTGAGATTTGTAGTAGTGAGAAGATCTTTTGCTTTTGATGATCTTATGGTGATTCTTGTTTCGAAGGGTATGATTGATAATGCTAAAAAAGTTGCGAGATTTTATAAGTATAAGCTTAAGAATTTGAAATCTTTTTATGTAAATATAAATCCTAAAAGAACCAATGAAATTTTTGGGGAAGAGAGTAGGCTTATATTAGGGGATGAGACGATAAGAGATAAAATTGGAGATTTTGTATTTGAGATATCTCCTGTTTCTTTTTTTCAAATAAATTCTATCCAGACTGAAAAACTTTATAATAAAGCGTTAGAATATCTTTCTCCTAATAGTAGATTAGTTTTTGACGCATATTGTGGAATTGGTACTATCTCTCTTTTTCTGTCAAAGAAAGCAGAAAAAGTATATGGGATAGAAGTTGAGAGAACTGCCATTGAAGATGCTTGGAAGAATGCAAGATTAAATAAAGTTAAAAATGTGGAATTTATTTGGGGAAGATCAGAAGAAGTGATACCAAGATTAATTGAGGATGGTAAGATTCCCGATGCTGTGGTACTTGATCCTCCAAGAAAAGGATGTGATCAAAATCTTCTTGAGAGTATAATTCGGGCTAAGATTCGCCAAATTATATATATTTCCTGTTATCCGTCGACTTTAGCAAGGGATATAAATATTCTTTTGAATGCTGGTTATAATTTAGTAGATGTTCAACCGGTGGATATGTTTCCTCAAACTTTCCATGTGGAGACCATTGCACTACTTGAAAAAGATTAAAAAATAGTTAGGAAAAGTGATAAAATAGAAAATAAAAGTATCTTTATAGGAGGATTTATATGGATATAGATAGGTATGTAGATTTCAAAGAAAAAGTTGTAAAAAACGTTTCAAAGGCAATAGTAGGAAAAGAAAAGATAATTGAGTTGATAGCGATTTCTTTTATATGTGGAGGGCATGTTTTATTAGAAGATGTACCTGGGCTTGGAAAAACTTTGATGGTAAAGGCTTTTGCTAAGACTGTTGGAGGATCTTTCAAAAGGATTCAGTTTACACCAGATCTTCTTCCCTCTGATCTTACAGGGATTAATTTTTATAATCAAAAGAAAGCAGAATTTGAGTTTAGACCCGGTCCTTTGTTTGCTAATATCATTCTCGCCGATGAAATAAATAGGGCAACTCCAAGAACTCAAAGTAGTTTATTGGAGGCTATGGAAGAAAAACAAGTTACCGTAGACGGGGTTACCTGGAAATTGCCCGATCCTTTCATGGTGCTTGCAACTCAGAACCCTGTAGAGACCTACGGAACCTTTCCTCTTCCTGAAGCAGAACTTGATAGATTTTTTATGAGAATAAAGGTAGGCTATCCTACAAGGGAAGAAGAGATAGAGATTATAAATAGAAATAAGAAGAGAGATATATTAGAAGATGTGGAAAGTGTGATAAGTCTTGATGAGGTATATTATTTAAGAGATAACTTTAGTGAGGTTAGAATCTCAAGAGAAGTTATGGATTACCTTCTTGACATAGTTGAATACACAAGAAATTCAGATTCCATTCTCCTTGGAGTAAGCCCAAGAGGAAGCATTGCCCTTTTTAAGGCAAGTCAAGTTTATGCCCTTTTCAATGGTAGGGACTATGTAATTCCAGAGGATATAAAATATTTGGCTCCTTTTGTGTTGAATCATAGAATAATCTCTATAGGAGCTTCCAGAACAAAGGATATCTATGAAAATATTAATATTATTCTCGAGAATATAAAAGTTCCTTTAGAGGAAGTATAGATGGTATATCTTTT
CP001146.1_gap9	613685	617121	3436	ATGGCCTTCAGAGCAAGCTGTAAGTCCTGAATTTGTAGAAATGGTCTCAGAGTTTAATATTAAATGGTTTGTTTCAGACGAAAGGATTCTTTTTAAAAGTTTGGGAGAAGATTTCTTACGGGATAATGAGGAGTTCATAAATAAGCCAGAAATCCTTTATAAACCTTATAGAATAAATTTGAATGGAAAAGAAGTCTATGCAGTTTTTAGAGATCAGGTTCTGTCAGACAGAATTGGATTTGTCTATATGAATTATCCTCCTGAAGATGGGGCTAAGGATCTATATTATCGTCTTTTAAAAATAAAAAATAGTCTACCTCAAAATTCAGATTTTCTTGTAACTATTGCTTTAGATGGTGAAAATTGTTGGGAGTATTACGATAATGATGGGCGAGATTTCTTAAGAAACCTATATACTTTACTTTCTGATTCTAAAGAGCTTGAGACAATAACGGTAAAAGATTTTATTGAGAAAACAAAAAATTTTGGAGAACTTAATAATATTTTTACTGGATCCTGGATAAATGCTGATCTTACTACTTGGATTGGAGAGATAGAGGAGAATCTTGCATGGGAATATCTAACCATTACAAGGAAGTTTGTAGAGAAGAAGAAAGATCGGGTAGATTGGATAAGCCTTATGGCGGCAGAAGGAAGTGACTGGTTTTGGTGGTATGGAGATGATCAAGAATCAGGATATGACGAGATTTTCGATGAAATTTTTAGGTCTCATCTTAAAAATGTTTATAGATCTATTAATAAAGCTTATCCTTCTTTCCTTGACTTCCCTATTGTTTTTAGAAATCCGTTATGGAGAAGTAGGAGATCTTTAATTTTTACTCCTAAGATCGATGGGATAATTACCTCTAAAGATGAGTGGGTTTTGTCGTCCTTAAATTTGTTAGAAGAGAAGAAAAGTGAATTTATAACAGGAATTTATTATGGTTATGACTTAAGCAACTTATATATGAGAATTGACTTAATGGATAAGGCAGAAAAATATTTTAATGATGATTATTTTATAGTTATCAACTTTTACTCAAGAAACAAAGGTAGCTGTAAATATAGATTAGATTTAAGAAATGAGCTTTGTGGGGATAATATTTCATTGAAGATAAAAGATATAGTTGAGGTTAGTATTCCTTGGGATAAATTCACAGGGTTTGATAGGAATTCAACGATCCATTTTAAGGTTGATTTGTGTAAAAATACAGAGATGGTAGAAAGTCTTGAGGATACAGAGAATTTTTGGTTTGAGATTCCTAATTTAATGGATGAAATTATTACAAAACTATTTCTTTTTGGGGATCCTTCTCGAAAGGTCGAACTTTCGACGATGCTTATTTCTAGGAAAAAAGTTTATAATCTTTATTCTAAAGTAAGTATATTGCAAGATTCTCTTAAAAAAGATTTTGTAAAAATAGAAAATAAGGGTGAAATCATAGAAGTTACCAAACATATTTCTCTAAGAGAGCTTTTATTCTTAATCCAGTGTGTCAGAGATTTGAAGGTTTTTGGAATTTTAGACAAATATGTATGTGCTCCTGTGGGTAGAGTCAGCAAGACAGAAGGAATATATGTGATAGAACCAAAAGTTTTTGTACATGATTTTCTTAAAAAGTATATTGAGAAGGAAAAATTGGAAGTTCCTATTGAGATGGATAAACTGGGAAGGATAGAGATATATGGATTATGAATCTAAATATTTTAAATGGTTAGGGTATGAGGAAACAGTAAGGCTTCAAAAAGAAATAAGTGAGAAAATAATTAAAGAAGATGCATTTAAGAACTTGAGATATGTAGGAGGAGTAGATACTTCTTCTATTGAAGATAAAATAGCAGGAGTAATTGTTGTTTTAGAATTCAATACTTTGGAGGTTCTTGAGGTTTCTATAGAGATTTCTCAAGTTAATTTTCCTTATATTCCAGGTTTTTTAAGTTTTAGAGAGGGACCAATAATCTTAAAAGCATGGGAGAATTTAAAAATCAAACCTGATCTTCTCATCTTTGATGGACAAGGAATTGCTCATCCAAGAAGATTAGGAATAGCTTCTCATGTAGGATATGTTCTTGATGTTCCATCTATCGGTTGTGCTAAGAAAATACTTGTAGGTGTTTATAAAGAACCAGATAAAAAAAGAGGTTCTTTTGAATATATCTATATTGACAATGAGATTGTTGGGGCTGTGGTGAGGACTAAAGATAATGTAAAGCCTGTTTTTGTATCTTTAGGGCATAAGATTTCTTTAAGTACCTCTATTGAGATTATACTAAAAACTTCTACTAAGTATCGACTACCAGAGCCGGTAAGGTTAGCTCATATCTATAGCAAAAAGGCATTAAACTTTGAAATAAAAGGAGAGCTTCTTTAAAGTTTCAATTTCTTCTCTTCTTCCTAATTTTGCATTTTTTATTGCTTTTTCTAAGAGCTCTATGGTTTTATCGTAATTTTCTCTATCTACTGGGTATGGGTGTCCATCCTTCCCTCCATGGGCAAAAGAAAATCTTGCAGGATCCTTTATGCTGGCTGGGGTATTATAAACAAGTTCGCTTATAAGGGTTAAGGCTCTTAAGGTTTTAGATCCTACACCTTCTTTTAGTAGTACTTCTTGGAAATCTTTGGGTGGAGCCTCATAGGTCTTTAACAAGATTGTTTTTAGGTTTTCGGGTCTTATCTCCTTAGGAGTTATAGGATGGTAAGATGGAAGTTTTAATGAAACTTCATTCCATAGTTTTAGGACCTTATCGGGTTTTTCATTCATAAGTTGTGTAATCACTTCTTGCGCTGGTTTACTTTCTTTTGCTACCAAATTTATGACATAGTTTTCGAACTTCTGAGTGATTATTCCTTTATGGGGTTCCTCAATAAAACTTTTTACCTCTTCTCCAAGCCAATGATATCTTCTTGCAAAATTGTTATTCTCATTCATACCTTGCTGTATAACACACCAATTTCCTTCTTTGGTGAAAATCAAAAGATGGTGATAAAGCTGGTATCCATCTTGTATGGCATTGTTATCAACTCTAGCCACCGTTCTGCTTACAAGAATCCATTTTTGAGGATCAAAACCCTCTTTTTCTGCTAATCTTTTTATTTCTTCTGGAGTATTCAGACCAGCCTTACCTTTTCCGCCTACAATATATAGGCCTATTTCATGAGAAAGTTCTCCTAATCCTTCTTTTAAAGCAGCACCTGTAGTAGTGGTAAGGCCGCTTGAGTGCCAGTCAAAACCTAATACACAACCTAAGGCTTGAAACCAGAAAGGATCAGATAATTTTTTTAAAAGTTCATCTATTTTGTTTTCGACGGCAAAGAGAAGAATAATTTCTCTTGAAAGCTTTTTCATTCTTTGAAAAAGCCAAAATGGGGCTTTTCCTGAATGGAGAGGTAATTCTGCAATTTCTCTTTTAAGCATAATCAATTATAATTATACCT
CP001146.1_gap10	681141	685168	4027	ATATGGTTAAAGTTTTGATTGAAAGAATAGACAAAGATTTACCTCTCCCTAATTATGCTACCTCTGGGTCAGCAGCATTGGATCTATATTCTCGTATTGACTTTGAACTTCCTCCCTTTAAAGAGATTGGAGGGGGGCTTGTAATTCCTACTGGTATAAAAATTGCTTTGCCTGAGGGATATTTAGCTTTTGTTTTACCAAGAAGTGGGCTTGCTGCAAAGGAGGGAATATCGATTCTTAATACTCCAGGGCTTATTGATAGTGATTACAGAGGAGAAATTTTCGTAAATTTAATCAATTTTTCTAATAAGACATTTTATGGAAAAAGAGGTATGCGTATTGCTCAACTTTTGGTTCTTCAATATGCTCACGTGATGTGGGAAGAAGTATCTCAGCTTCCCCAAACTGAGAGAGGTGAAGGGGGGCTGGGAAGTACAGGATTATAATCTTCTTTAAAATTTTTGATAATATAATTCTTAGGAAGTAAAAAAAAATATAAAAAGTAAGGGGGTTTTGAAAGAAAAATGAAATATGAAACTGAAAATTTAAGAAATGTAGGACTTTTTGGACATGGGGGTGCTGGAAAGACAAGTTTAGCGGAGGCGATTCTCTATACTGCAAAAGTAATTGATAGGATGGGAAGAGTAGAGAATGGAAACACGGTATCGGATTTTGAGCCTGAAGAGATAAAAAGAGGTATTTCTCTAAGCTTATCTATTTTGCCTTTAGAGTGGAAGGGCAAAAAGATAAACTTGATAGATACTCCAGGATACGCAGATTTTATAGGAGAAATTATAAGTGCATTAAGGGCTGTGGATAGTATGCTTATTGTAATAGATGCAATTTCAGGAATACAGGTTCAAACTGAGAAGGTTTGGAGTATGGGTGAAGGAGAAAAACTTCCTGTTGCTTTTGTAGTTAATAAACTTGACAGGGAAAACTCGGACTTTTTTGAGGTAGTTAAATCTATTCAGGAAAGATTTGGAAGTAAAGCTATTCCTATTTATATTCCCATAGGTAAAGAAGGTAATTTTAACGGTGTTATTGATTTGTTAGAAGGCAAGGCTTATATATATAAAGATGAAAAAGGAGATGCTGAAGTTTCAGATATTCCCTCTGATTTAAAATCTGATTATGAAAAGCACAGACAACAGCTTATTGAGACCATAATAGAGTTTGATGAAGAACTTTTACAAAAGTACTTAGAAGGAGAAGAAATATCTGGAGATTTAATCCTTAAGACTCTAAAGGAGGCTTTTAAAAATAGAGAGATCTTCCCTATTTTCCCTGTATCCTCTTTTAAAAATATTGGAGTTTCAAAACTTCTTGATGCTGTAGTTTCCTTCTTCCCAAGCCCTAAAGAACGTCCTGCTCTTCCTATAGAAGATACAAAAACAGGAGAAACAAAGACCATATCTATTGGTGAGAAAAATGGGCTTTTAGCTTTTGTATTTAAGACTTCCGCTGATCCCTTTGTGGGTAAGATAAGTTATGTGAGGGTTATTTCTGGGGTTCTAAGACCAGATTCTAACTTATTCAATGTAAATAAAAGTGTACAAGAGAAGATAGGAGGACTTTTCTTCCAAAGAGGAAAAAATCAAGAGCCTGCTACCGAGATAAATGCAGGCGATATTGGGGTTATTACTAAATTAAAGGAAACGTCTACAAACGAAACTTTGGGAGATAAAGATAATTCAGTAAAAGTTATTCCTGCTGAATTTCCTGAGCCAGTGTTTGCAGTAGCTGTAGTTCCTAAGTCTAGAGCAGACGAGGATAGAATGAGTACTGCTATTGCTAGAATTCTTGATGAAGATCCTACTTTGAGAGTTCAGAGAAATATTGAGACCAATGAAACCTTAATCTATGGCTTAGGAGATTCGCATCTTGAGGTAGTAGTTGAAAGAATGCAGAGAAAGTTTGGTGTTAATGTAACTCTTGGTACCCCTCAAGTGGCGTATAGGGAAACCATAAGAGCTACAGCAAAGGCAGAAGGAAAGGTTAAGAAACAAACAGGTGGAAGAGGCCAATATGGACATGTATGGCTCGAACTTGAACCTCTTCCAAGGGGTGCAGGATTTGAATTTGTAGATAAGATTGTAGGCGGAGTAGTACCAAAGAATTATATACCAGCGGTAGAAAAAGGTGTAAGAGAAACGATGGAAAAAGGTATTCTTGCTGGATATCCTATTGTAGATGTTAGGGTGACGTTGTTTGATGGATCTTATCATGAGGTGGACTCCTCAGATATGGCGTTTAAGATTGCAGCTTCTAAAGCTTTCAAAAAAGGTTTCTTAGAAGCCAAACCTGTTCTTCTTGAACCAATAATGATGGTAGAGATAACAGCTCCCGATGAATATACTGGAGATATAATTAGTGATTTAAACGGTAGAAGAGGAAAAGTAACCTCTATAGAGGCGTTAGGCAAATTGCAAGTGATAAAGGCTCTTGTTCCTCTTGCAGAAATGTTAAGATATTCTTCCGTATTAAAGTCTATAACTCAAGGAAGAGGATCATATTCTATGAAGTTTTCCCATTATGAAGAAGTTCCTGCAAAAATCCAAGAGGAAATAATTGCTAAAGCTAAACCTAGAGCTGAAGAAGAAGAGGAATGATAGAGAAGATCCAGGTTGGAGATATTTTAGAACTTCCTAAGAAGCATCCTTGTGGTGGAAGCAGATGGATAGTGCTTTTTTCAGGGGTTGACATAAAACTTAAATGCGAAAAATGTGGAAGAATAGTAATGCTTCCTAGAATGGAGGTTAGGAGAAAAGCTAAAAAGGTGGGAGAAGTAAGTTTGGAGGAACTTTCGAAGTATGAATGATTGGAAAAGGATTGTGGTAAAAGTAGGTACTTCAAGTATTACTGATGAGAGGGGAAATCCTTCTGGAGAAAAGATTTTGTCATTAGTTAGGGAATGTGTAAAACTTATGAGAGCTAATAAGGAGGTAGTGCTTGTATCGTCAGGTGCTATTGCCTCTGGCAGAGAAATAATGCAGAAGCTCTCTAAAAGGAAAGATCTTCCTGCAAAACAAGCTCTTTCGGCCGTTGGACAAGTAAGGTTGATGCAGTATTATTCTCAGCTTTTTTCTATATTTAAACAGCCTATTGCTCAAATACTTCTTACTGCAGAAGATCTCAGAGATAGGAAAAGGTATATAAATATCTCTCAAACCTTCGAGACATTAATAGAAGAAAAAGTTGTACCAATTGTTAATGAGAACGATACAGTAGCTGTGGAAGAAATAAAAATAGGTGATAACGATACTCTTTCGGCAAAGGTGGCTTGTGCTATTAATGCAGATCTTCTTGTAATCTTATCCGATGTGGAAGGATTGTATTCGGAAGATCCTAATTTATCACCTAATGCTGTATTAATAAGAGATATCTATGAAATTGATGAAAAAATAGAGAAGATAGCTGGTCCAGGAAAAGGTACTGGTGGAATGTATACTAAAGTACAAGCTGCTAAGATAGTAACAGAGGCGGGTATTCCTATGATTCTTGCAAAAGCAGATTTAGAAAATGTTCTTGAGAGAATAGTTCTAAAAAAAGAAAAAGTTGGAACGATGTTTTATCCAGTAGAGAGGCATCTAAATAGAAGGAAGCATTGGATGCTTTTTATGGCAAAACCTCAGGGAAAAGTATATATAGATGATGGGGCAAAAGATGCTCTATTGAAAAAGGGTAAAAGCTTGCTTCCTGTTGGAGTTAAAAAGATAGAAGGAGAATTTGTAAGAGGAGATACGGTAAGTATTTTAGATCTTACTGGAGAAGAAATTGGACGTGGGATAACGAATTATGATAGTTCTGAATTGGAAAGGATAAAGGGTAAAAATACTGAGGAAATAAAAAATATTTTAGGTGAGGATTTTTACGAGGAAGTAATTCATAGAAATAACTTGGTATTAATAAACCGAGGGGACTCTTAAGAGTCCCCTTTTCTTTACCATATTTTGGTGGAGGCGATGGGATTTGAACCCACGACCTCTTGCATGCGAAGCAAGCGCTCTCCCACTGAGCTACGCCC
CP001146.1_gap11	687886	691922	4036	CTATGGAGGGTGTGACTCTAAAAGAGCCTGAATTAAAATCATTCAGTTTTAATTTTGATGAATTGTTTAACATAGCTAAAGACAATCTTCCTTCTTTAGTGCAGGCTAAAAATAATGTTGAACTTTATGAACTTCAGGTCAAACTTTATGACAACGATTATACACCTAAGGCCACATTGATATCTGCAAAGAACTCTCTTGAAAGTGCAAAAAAATCTTATGAACAATCTTTAAATAATGCAAAAGTAACTATTGCTCAAAGATTAGAACAGCTTAATGCAAGTCTAAAGGACTTAGAAATTCAACAAAAAAATTTAGATCTTGCTAAAGAAAATTACAAGATAGCACAACTTAAGTTTGATGCTGGTTTAATAACAAAAATTGATCTAATGAGTGCTGAAATAAACATCATAAAGGCTGAAAATAATTACTATTCTTCTCTCCATAATTATTGGAAAAATTTAGACAGTCTATCATTGGCTATAGGGAAAGCTCTTTATTAGTTGGAGGTTGAAATTATGAAAAGGAAATTATTTATTATCTTTGTAATTTTGATTCTAGTAGGGGTTGGACTTTGGTGGGGATTTGGAAGAACAAACAAAGGTAATAAAAATAATGTTACTCTTAATACCTATACAGTAAGAAGGGGAGATTTAACTATTACTGTTTCTGGGAGTGGGATTTTAGAAGCTGAGAGAAGCCTTGATATAACAAGTAAGGTCTCAGGCACAGTGATATATGTAGTTGAAGAAGGTAAAAGGGTTAAAGAAGGTGATGTTTTAGTAAAAATTGATCCAACAGACTATCAGAATGCTTATCAGCAAGCTTTAATTGCTTATGAGAATTATGAAAATTCTTATGAACAAGCTAAGTTAAATTATGAGACTCAGAAAAGACAACTTGAGAAAAATTTGAAAGACGCACAAATAACTAGAGATAATGCATATATAGAATATCAAAATGCTAAAAATAATCTTGAAAGGATCGAAGAATTATTTAAAAAAGGTTTTGCTTCCCAAAGTGATTTAGATACAGCAAAATTCAATTTTGAAAAGGCAAAGAATTCTTTAACTCAAGCAGAGTCTAATCTAAAATTGGTAAAGGAAAACTATGACAGCCAATTAAAAAGTTTACAAAAAGAACTTGAAGCAAGTAAACTTTCTTTGGAAAAGGCTAAGATAGATCTTTCGAACGCTAAAAGAAATTTAGAAAATACTATAATTAAAGCTCCCTTTTCAGGGATTGTAGCAAATGTAAACGTTGTTAAAGGCCAAAATATATCTTCAAATACGGTATTGATGACTCTTCTTGATACTAAAAATGTGGAACTTTCTCTTGAGGTAGATGAAACAGATATTGGCAAGGTTTCAGTAGGTCTTCCTGTAAGAATCTCCTTGGATGCTTTTCCTGATGAAGAATTTGAAGGTAAGGTTATTAGGATATCTCCTACAGCTACCATTTCTAATAATATTCCTATTTTTAAGGTAAGGGTCAGAATTCCTAATGAAGATTTAAGATTAAAGGTAGGAATGAGTGCCGATGGAGATATCATTCTTTTAGAAAGAAAGAATGTTCTTCTTGTTCCTCTAAAGGCTGTGAAAAAGACAGAAAGAAGAAGTTATGTGGAAGTATTGAAGCCAAATGGAGAAAGGGAACTGGTTAGGGTAACTCTCGGAGAAGATGATGGGACAAATGTAGTGGTTGAAAGTGGATTAAAGGAAGGAGATATAGTAATTCTTCCATCTTCAAGTACCACTTCTACCAGTAGAAATCAACAAGTTCAAATGAGAATTCCTGGAGTGCCTTTGAGGTAGGTGAAAGATATGATCTTAGAACTTATAAAAATGGCTATTAATAATTTTAATACAAATAAATTAAGGACATTTCTTACTACTTTAGGGATAATCATTGGTGTTGCTGCCGTGGTCACACTAATGTCCTTAGGAGAAGGAACTAAGGTTACAATTGAGAGGCAGTTTACCTCTTTAGGATCAAATCTCTTGACAGTTTTCCCGAGATTTGGAAGAGGAGTAGGGCTTGTAAGAGGTACTCCGAGAAGTTCAATTACCAATGATGATTATGAAGCTTTGTTAAAGGAATTAGACCTAAGTAAGATTGTAGCAATAGTTCCTTATACCTCTAGAAATGTTCAGGTTAAATATAAGGCTCAGAATACAAATACACAAGTGATTGGTACATCTCCTGAGTATTTAAATTTGAGGGAAATTAAAGTGGCTAGTGGAGATTTCTTTTCTGAAGAAGAATATAAGGGAAGTAAAAGGGTTGCAGTTTTGGGATCCTCTGTTGCAGAGACATTATTTGATAATGAAGATCCTATTGGGCAAAGTATAAAAATTTCGGGTATTACTTTCAAAGTTATAGGGGTACTTGAACCTCAGGGTCAACTTGGTGGTTTTGCTAATCTTGATGATATGATATTTATTCCTTTGACTACTTTTCAAAGGAAAATTCAGGGAGGGAATTATTTAAACAGTATCTATGTATCCGCAGTAAGTCCCGATGTAATGAATGATTTACAATCTAAAATAGAGGAGATTTTAAGGAAAAAACATAAAATAACAGATCCTAATAATGATGATTTTGTAGTTCAAAATCAATTAACTATCCTTTCTTCATTGAACCAATCAATGCAGACTTTGACTTTGTTCTTGGCAGGAATTGCTGCTATTTCTCTTCTTGTAGGAGGAATAGGAATAATGAATATTATGCTTGTGAATGTAACGGAAAGAATAAGAGAGATAGGTATAAGGAAGGCTGTTGGGGCAAAGGCAAGATATATCCTATATCAGTTTTTAATCGAGTCAGTTATTGTATCTGTTGCTGGTGGTATATTAGGGATACTTTTGGGAATTGTATTATCTCAAGTTATAAAATCTTTTTCAGGTCTTTCTGCTGTTGTAACTTTATATCCTGTGGTACTTTCCTTTACTGTTTCTGCACTCGTAGGAATTTTCTTTGGATACTATCCTGCTTATAGGGCTTCTAAATTAAATCCTATCGATGCCTTAAGATATGAATAAGGGGGATAAAAATGAGGTGGACAAAGAGATATGTATCTTTTATTTTTATCTTCTTGCTTCTTATTTCTATAGTTGGGGCTCAGACTCAGTCTCAACCTCAAAGAAGGGCTTTTATGTCTCAAGAAGTGCAGTATTTGACAAGATTAATAAGAGACTTAAGAGAACTTGATAAGGATAAGAAGGTAACTATAACTAAAAGTCAAGCTCAAAAACTTATCCCTATACTTCAAGAGCTAGGTAAGGTAAGTGAATTACCTAAGAAAGAAGCCGATAAATTTATTAACCGTATTGAAGGTGTGCTTACAGATGCTCAATTAACCTATCTTGATAAGTTGCAAATAGAGAGACAAAAGAGATTAGAGGAGATGAGACAAAGAATGTCTCAACAACAATCTTCTGCTCAACAGCCTCAATTTAATCCCCAATGGAGAAATCAACAGAATTTTCAAATATCTGAGAAGGAAAGGCAGGAATTTCAAAAGTTTATGGATGCTTGGAGTAAAGGAAAACCTCTAAATCCCTTTTATCATTTATCCATCTATAAGAAACAACTTAATGATCTTATTGATTACTTGAAGAAAAAATAAGAAAATCAAAAATAGATTAATTATTAGATTTAGAAGGGGGAGGTGATCTTGTGTATATTCTTGCCTTAGATCAGGGTACTACAAGTTCAAGGGCTATAATATTTGATTCTTTGGGGAATATAATAGGTGTGGCCCAAAAGGAATTTCCTCAGATTTTTCCAAAACCTGGTTGGGTGGAACACAATCCATGGGATATATGGAATTCTCAAAGGGAAGTAATGTTTGAAGCTATAGAAAAAGCAAAGATAAAGCCCAAAGAAATTTCTGCTATTGGAGTTACAAATCAGAGAGAGACTACTATTGTGTGGGATAAAGATACGGGACAACCAATACATAATGCTATTGTTTGGCAATGTAGAAGAACTGCAGATTATTGTGAGAGATTAAAAAAAGATGGACTCTCAGAGC
CP001146.1_gap12	694686	699260	4574	GGAAGAGAATTTTTATTGTTTTAGGTACTGCCGTGGTATTTTTAGGGCTAATCTTTATTATTCAAAATTACATTAATCAGTTTTTGAATAAGCAAAACAATAATATTTATATATATTATGAGTTGCATGGAAAAATGACAAATTCTACTTTTACCCGTGAGAACAATCTAGTTGATTTAGTATTATTTAGAGAATAACAATGTATAAGTCACTTTTCTTTCTTTTAATTATACTCTTTGTCGTCTTAACCTTTGCTGTTGAACCTATGGAGATTATTAAAAACTATGCATTAAACAGTGGTAGGATTCCCTATGAAGGAATAGAAGTTTCTATTTTATTTGCTAAACCTGATTTTCCAAGAACAAGTACGGTTAGGGTTATTGCTAATGGAAAATATGTTGTCAGAAGAGATTATCTTTCTCCCCCTTTTATGTTGGGAAAGATCAACATAGATAACGGGAAATTTCAATATGACTTTGATCCCAAGAAAAATTTGGTAAGAATCTCTCCTTCGAGTAATGCTTTTTTAAACAGGGATGAGATAAATCAGCGAATAAACCTTATTAGAAGGAATTTTTATGCAAAATTAGAGGGAGAAGAGGTATATCTTGGAAGAAAAGTATATGTGTTATCAGTCACTTCTGTGTATACAAAGAAGTTGGTTTTAAAACTTTGGATTGACAAAGATAAATACGTTCCTTTGAGAATAGATAAATATAATGGAGATGGTATTTTGGTGGGAAGGGTAATGTTTGTTGAAATTAACTTTAATCCTAAGATATCTGATGAGCTATTTGATTTAAATATTCTCAAGGATAAAGATGTAAAAATAGAAGAAACGAGGTTGAAAGAAGAAAAATTAGAGAATATAGATGTACCATTGAATTTTCCTTTAGGATATTCTCTCATTAAACATTACACCCTATGGGAGAAAGAAGACAGATTTACTCACTATTTTAAATACACCGATGGGTTGAATGATGCCTCTTTATTTAAAGGTTTGATGCCTTTTAATCTTCCTGGTAAGCCTGTAAATATAGATGATTTTCATGTTTTTTATGATTCTAACATCCTATGGAAATCCATTTCTTGGTTAGATGGAGATAGATTTTTCTTGTTAATAGGTGATTTTCCAAAAGATTATTTAAATAAAATAATTAGTGCTTTTGTAAAACCTTCTGTTATTAAGTAAAAAGTTCTTAAGAAAGCAGTTGTTTGAGCAACTTTTACATTCTCTTTTTCCGTGTTCTACGATTAGGGCGTGATACTCCTGAAAGAGTTGATAGATAGGGAAAAGAGACTTGTGAAATATTTCTTGCCATTCATTATAGGATAAGTTAAGTTTACCTATCTCTAAACAAGTAAAAATTTTTTTTGTATAGTTATCTATCACAAAAAGAGGTCTGTTAAAGACGTAAAGGAGTATTGAGTCTACAGTTTCTTTACCTAAACCGTTTATTTTAAGTAGTTCTTCTCTTAACTCTTTTGTTGATTTTTTATTCATAGAGATAAGATCTCCCTTATATTTTTCCACAAAGTACTTGAGGAAATTTTTTAGTCTTTTTGCTTTTATTTTGTAGAAACCCACAGGCCTTATTAATATTGATAGTTTCTCTTCGTCTAAGGAATAAAGTTTAAATGGATCAAGAAGATGCTCCTCCTTTAGGTTTTTTATAGCTTTTTCCACATTTCTCCAGTTTGTAGCCTGGGTTAAAATTGCACCGACAATAACCTCAAAAGGTGTATCTGCAGGCCACCAATACTGTGGGCCATATCTGTCAAAAAGTAATTTGAAGATATCCTCAATAGGGTTCAATGTCTGAAATGCCTGGAGGATATCATTACTAATATTAGGTTATTCTTTTCTGCTGCTTCTATTACTTCATTATCTCTTATAGATCCTCCTGGTTGTATGATTGCTTTTATTCCGTATTTTGCTGCTAATTCTATGGAGTCTGGGAAAGGAAAGAAAGCATCTGATGCAAGATATGCTTCTTTAGCCTTTTCACCTGCTTGCTCTAGAGCAATTTTTACTGCATTTACTCTATTCATTTGTCCTGCTCCTATCCCTAAAGTCTGCTTATCTTTGCTTACCACTATAGCATTGGATTTAACATGTTTTACAACTTTTAGGGCAAAAATCAATTCTTCCATATCCTTTTGTGTAGGTTTTGCTGAGGTTTTGACTTCATAATTATCAAAAAGGATATCGTTAAAACTTTGTACCAAGACTCCTCTTCTTAGAGATCTTATTTCAAAGGGATTTTCTGGTATGTCTTCTCTATATTTTAAAACTCTGAGATTCTTTTTCTGAGAAAAGACTTTTAATGCTTCTTCTTTATATGATGGAGCTACTATTACTTCGAAAAAGTGTTTTGTGATCTCTTTGGCCACATTTTCATCTATCTCAAAGTTACATGCTACAATACCACCATAGGCAGACACAGGATCGCTTTCAAAGGCTTTAATAAAAGCCTTTAAACTATCATTATCCGATGCAACACCACAGGGATTGTTATGTTTTATTATAGCTACAGTTGGTTCATCAAATTCTTTTATCAAGTTCCAAGCAGAATCGGTATCTAATAGATTGTTATATGAGAGTTCTTTTCCCTGATATTGGATAAAAGGTAAATCTTCATCGTTTAATGTATAGAAACCTGCTTTCTGTTGTGGATTTTCGCCGTATCTTAGGTCTAGTTTTTTGGTAAGGTTAAGGGAGATGACATCTTCGAAGGTTTGAGCAAGATAATTCATAATGGCGTTGTCATAAGTACTTGTTATAGAAAAGGCTTTTATGGCCATTCTTCTCCTAAATTCTAAACCATTATCTTCTTTTTCTAGATAATTTATAACTTCGTCATAATATTTAGGAGAGGGGACTACAAGGACAAAGGGAAAGTTTTTAGCTGCAGCTCTTAAGAGAGAAACACCTCCTATATCTATATTTTCAAGAGCTTCCTCCAAAGTTGTATTTTTGTTCTTTATTACTTGTTGGAACGGATACAGATTGCAAACTACGATGTCAATTAATGGTATATTTTCTTTTTTTAGGTCTTCCATATCTTTAGGGTTATCTCTTCTTGCTAGAATTCCTGCAAATATCTTAGGATGTAAGGTTTTTACTCTTCCACCAATAAGTTCTGAAAAACCCGTCAATTCTGATGTTTCTTTCACTTCAAACCCTTTTTCCTTAAGATATTTTGCTGTGGAAGAAGTGGCAAGAAGAGTATATCCTTTATTTATTATTTTATTACAGAGTTTCTCAAGATCTGTCTTGTCCCAGACACTGATGAGAGCATATTTCATATTTCAATATACCCTCCTTAATATTATTGTTTTTTGAATTCATCAGGATTTAAATTTTGAAGTAATTTAGTAAGCTCCTCTTCTGCACTGTATTCCTCTATGAATCCTGCTTCTTCTATAAGTTTTGAATCTACATAGATTGGAGAGTTAGTTCTTAGAGCAAGAGCCATTGCATCAGAAGGCCTTGAGTCTATTTCTAATGTCTTATCTTCCACATTTAGGTATATAGTAGCGTAAAAAGTATTCTCTTTTAAAGAATGGATAAATACTTTTTCTACTTTTGCATCTAAAGCCTCGATTATATTTTTCATTAGGTCATGAGTAAGAGGTCTTCCTATGTCTATTTTTTCAAGAGCAATCGCAATAGCATTAGCTTCAAAAGGACCTATCCATATAGGAAGGAACCTTTTTCCTTCGTTTTTTTCGCGGAGTATTACTACAAACTGGTTTGTCTGTGGGTCTAAACTTAGTCCTGCTATATAAACCTCTACCATCATAAAGTTCACCTCTTTTTGGTAGATGTTTCTTTTATATTAGCTTAAATATCCTACTTTGTAAATTGTTATGGTATAATTCAGTTTTGTATGAGGTATGATGAGTTAAAGGGATTGCTTATTCTTACATTAATAACTTTTGTTTGGGGTAGTACTTTTTCTTTTACAAAGATTGCTCTTGAAGTATTTACTCCATTTTTCTTGCTTTTTTTAAGGTTTCTACTTGGAGCTTTTGCATTATTTCTGTTTCTGATATTAAAAAGGCAAAGGATTTCTATAAATTTCTCGGGTGTTATCTTAGGAATTATAAACTTTAGTGCTATCGCTTTTCAAACCTTTGGTCTTAGATATACCACTGCTACTAAAACAGCTTTTATTACTGGGCTTTCGGTCCTTTTAGTGCCTTTTTTTGAAAAATTAGTTTTTAAAAACAAAATTTATTGGAATCTTTGGTTAGCTGTATTTACAGGATTTATAGGACTTATCTTTTTAACCACAGATTTTTCATCGATCTCTACAATTAATTGGGGAGATTTCCTGGTTTTAGTTTGTGCCGTTCTATATGCTATTCAGATTGTATATATCTCTTATGTAGTGGAGCGCAGAGAGATATTTGATCTTGCTTTTTCTGAAATTTTATTTACTGCTATCTTTTCTTTTTTGTTTTTTTTAATTTTTGAACCAAGAAATCTCCCCTTAAATTTTATTCTCAAAAATTCTTTGTCTGTTATTTATTTAGGAATTGGTGCTACAGCTTTTACTCTGACCTTA
CP001146.1_gap13	704502	705175	673	GGTGAGGCTCATAGTTTATTATTAAACCTTGAGTTGATGATAGCTCAAAAGGACCTTCAAGAGTTATATATTCATTCTTAGGCTTCTCCTCAGTGGTTAAAACCCGATGAAAAGAGAGTCTCTTTAAAGTTCCTATTCCACTTATAACACAGCTATTTTTTATTTTATTTTCTTTTAAGTAACTTATGATTGTTTCTAATAATAACTCTCCAGGATAAAAGTTGAGTATTAAAACGTCTTGTGAAGAGGATGAGGACAAATGAAAGGCTTTCATCTTATAACCTCCTTATGAGATTTTAATATATTTTAAACCAAAAATTTCCTGGATTGACTATCTTCTATAAATATGATACCTTTTAAATAAAAATGGTATTATATTGGTTGGGAATAAAAATATATGGGTATATCGCCTTTAGTTAAAGAGAAAATTAAAGAGGAGTTGCTGAAAATAATTGAAAGTAGTAGAAAAGATGACTATGTAAAAATCTCTTCTGAGAGAGAACTGGCTCAAATCTTTGCTGTGAGTAGGACCACTATAAGAAGTGTGATAAAGGAACTAATAGAAGAAGGAATGTTAGTACAAATTCAAGGGAAAGGAACTTATATAACCCCTAAAACAGAAAAATTTGTTTATGTTTTGAATTCTCCAGATTTAAAAAGCGATGATCCTTTT
CP001146.1_gap14	762211	764666	2455	TGAAGGAGCAATTCAAGAAGGAGATAAGATTAGGGTAGTTTATAATAAAGAGAAAAATACAATAGAGTTTGAGAAGATAACTGAAGAAGCGAAGATAAACTAAGGATAAAAAGATAGGTAGGGTTTTCCCTGCCTATCTTTTTAATAATAATTTTTGGGGGTGAAAAGGATGGAAATTCAAATTGTAGAAATTGAGAAGCCTGCTGAGGTAAATGTTATTATTGGGCAGACTCACTTTATTAAATCTGTTGAAGATTTATATGAGGCCATTGTGAACACTGTTCCAGGAGCTAAATTTGGTATTGCTTTTTGTGAGGCTTCAGGTCCTGCTCTTATAAGACATGTGGGAACTGATGAAGAGATGGAAAATCTTGCAGTTAAAAATCTTCAAAAGATTGCAGCAGGGCATAGTTTTATTATTTTTATAAAGAACTTTTATCCTATTAATGTTTTAAACGCTATTAAGCATGTACCTGAGGTGGTCAATATTTTTGCTGCTACAGCTAATCCTCTAAAGGTTGTTATAGTAGATGATGGAGTTGGACGTGGAATTATTGGAGTTATAGATGGTATAAAACCTAAAGGTGTAGAAGGAGAAGAAGATATAAAGCATAGAAAGGAATTTTTGAGAAGGATAGGTTATAAGTTCTAACTGTATGGGGGGAGGGGTTTTTTGTGGCTGTTATCACAATTTCTCGCCAAGTAGGAAGTTTAGGAGATGAGTTGGCAGAGAAGATTGCTAAGGAGCTTGGTTATAGATATTTTGATAAGTTTCTTATGACAGAGATTGCGGTTTCTTCGGGACTTACAGAAGCAGAAGTTATAGATTTTAATGAAGATAATTACAAAGTGAGGAGTTTCTTTGAACAATTATTTGGTAGAAAAAGTCCTGTTGGTACCATTACTGTAAGGGATAGAGATGAAAAGGGTAAGGTATTTTTAACAACTAAGGTTTTTGATGAGGAGAGTTCTCTTACTTTTGTCCAGGCAGTGATTAAAAAACTTGTCGATTGGGATAATGTGGTAATTTTAGGAAGGGGAGGACAGGTCCTTTTGAGAGGATTTCCTCATGTTTTACATATAAGAGTGATTGCTCCTCTTGAATTTAGAATTGAAAATATCATGAAACAAAAAGGTTTGACTAGAGAGGATGCTTTAAAATATATTTCTGAGAAAGACAAAGCAGCTCAAGAATACCTATACAGATTCTATAACGTGGATTGGAATGATCCTGAGTTATATCATATGGTCTTGAATATGGGTATGTTGAAGATGGATCAGGCAGTTAAAATTGTGAAGGATCTTGTGAGCTTAATATAATTCGTTGATGTTTTCTTCGATAGTTTTCAAGAGATCATTTAGGAAAGGTGTTAGCTCTATATAGCTTTTTATGTTTTTTTCTAACATAAAAGATCTAAGTATTTTATCTAATGGTTTTTCTGTAGAGCAGGTGAGAGTATAGTTAGTTAGAATAAGAGCTAAAGCCTTTTTGTAATCTTTAATTTTTTTTCTAAAACTTAGAAGAGGTTCATCACTCTCTCTTAATGCGTTGTAGATTTCATAAATTTTGCTTTTGTTTTCCTCGGAGAATTTAATTCTTATAAACAAGTCTTTAAATATTTTATCTATTATTAGGAGTAAAGTTTTGAGACTTTCGAGTAAGTATTTTTTTTGAGTTAGTACTAAGGAATTCTCAATAAAATTGTTTTTTTCAGGTATAAAGATATATGGATAATGGGAAGAATTTAGCTGTATGTTTAAGATTTCATATAGATCATCTAAGGTTTTATAAAGGAGAGAGAGCGCTGAATATAAGAGGGGATCTATGGTTTGGTCTTCCTTTTTAGGATTAGAGAATGAATTTATATTTTCAGCAAGTTTTATGAAGGGTAAATATGGAGTTAAAGCTAGATTATAGGGGTCAATATATGGATAATTAAAGTATAGTATCGCAGAGATTGTTAACAGTTTTTTTATTAATTGAAGTTCTTCAAAATAAGAGCAGATAAAACCAGGAATATATGCAGAGGTTTTAAGTAGGATTTTTCTCTCAAGGAGAGTTATATTTTCTAAATACTTTAGAAAATGATAATTGGGAGTGGCTACTTTTAGATTCGTAGATAGGGAGATTTCTGGTATTTTTATATTCTCTCTAAGTAAATTTATTAATTGTTCTAAAACTTTATAACTTATCCCACAACTACTATTTGCTGATGTGTAAATGGTAGCAAGCAAAATTCCTTTTACTTCTTTATCGCTTAAAAAAGCAGTACTATCAATTTCTTCATAGTCTTCAAGGTTTATTTTTTTATCCAGAAACTCATAATAATCTTTCAGTAGATTCGATGATAAAAAGACTTTATTTTTTAGATTTTCAGATATTTCGATTTCTTGTTCAGAGTTTAAAATTAGGATAAAATCTTCTACTGATAGGGAGTTCTCATTTAATATATAC
CP001146.1_gap15	918768	919362	594	TAATGATGAAGGTAGTTTCTGATCTTACTAAAAATTATGGTGTTCCCACTATTGTAAGTTTAAATCCCATTATGGTGGATGGTACAGGAATGTGTGGTGGGTGTAGGGTTACAGTAGGAGATAAAATTAAATTTACTTGTATAGATGGTCCTGAATTTGATGGTCACCTGGTTGATTTTGATGAATTATTGGCAAGGTTAAAGACATATAAGGAAGAAGAAGCCTTAGCTTTAAGATTATTTGAGGAAAGTGAGGTAGGTAAGGTTGGCCATAGTAAAAACTAAGACTCCAATTCCAGAACAACCTGTAGAGGAGAGGATTAAAAATTTTGATGAGGTTGCTCTTGGTTATACGGAAGAACAAGCTCTAATAGAAGCAAGTAGGTGTTTGCAGTGTAAAGATGCCCCTTGTGTAAAAGGTTGTCCAGTTAACATTGATATTCCTGGTTTTATAAGATTGATTAAAGAAAAGAAATATGATGAAGCGATAAAAAAGATAAAGGAAAGTAATAATCTTCCTGCAACTACAGGAAGAGTTTGTCCACAGGAAACTCAGTGTGAAGCTCTTTGTACTCTTAAAAAAGTAGGAGAACCT
CP001146.1_gap16	937186	942084	4898	TTTGGTTTAAGATATGGAGACTTAATTGGAGGAATGGTACGTCCTCCAAAAGAAAATGAAAGATGGTATGCTATTCTAAGAATTGACACTGTAAATGGAAGAGATTTAATGCATTCGAGACAAAGGCCTAAATTTGATGATTTAATTCCTTATCATCCTACTGAAAGATTAAAGCTTGAGACTACTCCTGATGAGGTAGATACGAGACTAATAGATCTTCTTGCTCCTATAGGAAAGGGTCAAAGAGGATTGATTGTTTCTCCACCAAAAGCTGGTAAGACTACTTTATTAAAGAAAATAGCAAATGGAATATCTGCAAATCATAAAGAGGTAAAATTATTTATCCTACTAATAGATGAAAGGCCTGAAGAAGTTACAGATTTCAGAAGATCAGTTCAAGGAGAGGTTATTGGTTCTACTTTTGATGAACCACCTGAGAGGCATATCCAAGTAGCTAAGCTTGTATTAGAGAGAGCTAAGAGGCTTGTAGAGTATGGCGAACATGTGGTAATTTTACTTGACAGTATTACAAGATTAGCAAGAGCTTATAACTGGGCTGTACCTTCTAGTGGTAGGACTCTTTCGGGTGGAGTCGAACTTGCAGCCCTACATCATGCAAAGGAGTTTTTTGGAGCTGCAAGAAATATTGAAGATGGCGGTAGTTTAACTATTCTTGCTACAGCTTTAATAGAAACAGGAAGTAGAATGGATGATGTCATTTTTGAAGAGTTCAAAGGTACTGGAAATATGGAACTGGTTTTAGATAGGAAACTTGCTGATAGAAGAATCTTTCCTGCAATAAGTATATCAAGGTCTGGTACAAGAAAGGAAGAATTATTGTATCCTGAAGATCAGTTAAGAAAGATATGGTTCTTAAGAAGAACCCTAATAGGTCAAGAAGAGGGAGAGGCAATAGAAGGGCTTAAGAGAATGCTTAGAGAGACGAGAAATAATGAAGAATTTTTAAGGGTTATTGACGGAATAATTAAGAAGAGTAATACTATTAGAAGATAGATTATTGATCTATTAATTATTAATTTATGAGGTAAGGAGAAGTGAAAAGAATAGCGATTAGAGTCCTGATTAGTTTTTTGTTAATATTCATTATTTTTTTGTTTTTCTTTCTTCCTTTAAAAACTAAAGTAGTATTATATACTTATAATCCAGACACTCAAAACCTCAAAAAAAGTGACTCTGAAATTGAGACTACTTTAGCCGAAAGGCTAATCTTTAGAGATAGTATTTACAAAAAGGTTATATTGAATTTGATTGATGAGTCAAATAAAAATCAGTATCACTTTCCTATACCGAGAGGTACAAAACTCTTAAGTTTGAGTGTAAAAGATGGTATAGCTTATGTAAATTTTTCAGAGGAATTTAGGAAGAATCATCCAGGAGGAAGTTTAGGAGAGATCTTAACAGTATATAGTGTTGTTAATTCATTAACTGAATTTCCTGAAATTAAAAAGGTCCAAATACTTATTGGAGGAGCCTTTGTCGAGACTCTAGCTGGACATGTTGATCTTACCTCTCCTTTAGAAAAAGATTTATCTATGGTTAGATAGAGATGAGGGTTGGCGTAATATCTGATATACATAGTAATTTGCCTGCTCTTGAGAGAGTATATAAAAATCTTGAAGGCGAAGTTGATGAAATATATTTTCTTGGGGATATAGTTGGATATGGGCCTTTTCCTAATGAGTGCGTAGATTATCTGAAAAAATTTAGTTTTAAAGTAATTGGTAATCATGATGCTGCTGTGGCTGGTATAAGGAGTTATGATGATTTTAATGAATATGCAAGATTTGCTATTGATTGGACAAAGGAAAATATTTCTATTGAGAATATCGAAAAGTTAAAAAATTTACCTCAAATAAAAGAATTAGAAGACCTATATCTTGTACATGGTAGTTTAAGAGATCCATTAGATGAGTATCTCATTAACTACTATTCTGTTTTTGCAAATTTTGAGTTAATGGAGAAAAATATTGCTTTTTTTGGACATACGCATCTTGCTGGTGTTTTTATCTTTTCTGAAAAAGAGAAGGAGATTTATTATGTAAGTTTTATAAATGAGGGAAAGCTAAAATTAGAAAGAGGTCATAAATACTTGATAAATCCTGGAAGTGTAGGACAACCAAGAGATGGTAATTGGAAATCAAGTTATGTAGTCTATGATACAAAGTCAAAGGTTATAGAATTTTACAGAGTAGAATATAATTTGGAGAGTTTGCAGAAGTATATGAAAATGTTAGGATTTCCTAGACACTTGTGGGAGAGATTGCAATACGGGAGGTGATTTTTATGAAACTTTTAGTAATGAGTGATACTCACGGAGATATTAGTTTTTGGGAACATGTTAGAAATTTTGTAGAGGAAAGTGATTACATAATCCATGCTGGAGATGTTCTTTATCATGGCCCAAGAAATCCACTTCCTTCAGGATATAATCCTCCTAAGCTTGCTGAGTTAATAAATAATTCTAAGCCCTTCTTTATAGCTAAAGGAAATTGTGATGCTGAAGTAGATCAGCTAGTTTTAAGTTATCCTATAGCATCTCCCTACATATTACTCTACTTTGACCCACTAAAGATTTTAGTGACTCATGGGGAGGATAAAGAAGAAAAAGATCTTTGGAATATGGCGGAAAAATATGACGTAAATGTCTTGATTTTTGGGCATATACATACTCCTGTTTTGAAGAAAGAAAAAAATAGAATACTTTTAAATCCAGGAAGTCCCTCTCTTCCAAAAGTTCCTCATAAGACTATTGCCTTAATAGATGGTAAAAAAATATCAATTCTAGATATAATCAATAAAAAAGAGCTTTATTCTTTAGAGGTGTAGTTAAAATTGTTGTTATCTCTTGACTTAAGAAAAATTTTTTTATAATATTATCTTAGCTATCGGGGCATGGCGCAGTTGGTTTAGCGCGCCTGGTTTGGGACCAGGAGGTCGCTGGTTCAAGTCCAGCTGCCCCGACCAGTTAAGAGAAAAAGAGCGGGAGTAGCTCAGGGGTAGAGCATCAGCCTTCCAAGCTGAGGGCCGCGGGTTCAAATCCCGTCTCCCGCTCCAAAATTTTAAATGGGCTTTGCGCCCATAGCTCAGGTGGACAGAGCGGCAGACTTCGAATCTGCAAGTCGGAGGTTCAAGTCCTCCTGGGCGCGCCAAAAGTCGTGGGAAAGTAATGAATGGTGAACGTAGCTCAGTATGGCAGAGCGCTGGGTTGTGGCCCCAGTGGTCGCGGGTTCAAATCCCGCCGTTCACCCCAGATATAGATAAAAGCGCCCGTAGCTCAGTAGGATAGAGCAACGGACTTCTAATCCGTGGGTCGGGGGTTCGAATCCCTCCGGGCGCGCCATTCTTGGGCCGTTAGCTCAACTGGCAGAGCACCTGACTCTTAATCAGGGGGTTGCAGGTTCGACTCCTGCACGGCTCACCAGTTGTGCGAGGGTGGCGGAATGGCAGACGCGCTAGACTTAGGATCTAGTGGGATTTCCCGTGTGGGTTCAAATCCCACCCCTCGCACCAAAAAAGTAGTGAAGAATTTGGGTGCGGGAGTAGCTCAGGGGTAGAGCGTCTCCTTGCCAAGGAGAAGGCCGCGGGTTCAAATCCCGTCTCCCGCTCCAAAATTTTATATATAATGTATCAAACAGCCTCAGATTTACATCTGAGGTATTATTTTGTTATAGGGAGGTTAGATTGATGCCAATTAATGAATCAAGTTTCAAATATGAGATAGAAAAACTTCAAGGAAGCAGAATAAAAGTAAACGTAGAGGTAGATGCAAAAGAAAGAGAGCAGAGTTTAGAAAGGGCTTATAAAAATTTAGTAAAAAGATATCAGGTTCCTGGTTTTAGGAAGGGTTATACACCTCGTCCTGTACTTGAAAAGTACTTGGGTAGTGAGGCTTTTGAGGATGAGGCAATAAGAATAGTTGCGAGAGATATTTTAAATATGATTCTTAAAAACGAAAAACTCACACCTTTACAAGATCCTTATTTTGATTTGTTACCTGAAGGTTGGAAAGAAAACGAAAATTTGAAATTCTCTATTGTGATTGAGATACCCCCTGAATTTAAGCTTGGGAATTATAAGGGCTTTTCAATAAAGAGAGAAAAAATTGAGGTTTCAGAAGAAGAGGTTGATAGAGTAATAGAACAAATTGAACTTCAACTCAGTAAGTTAAATTCTGTGGAAGATGGAAGTGTAGAAAAAGGTGACGTGGTTTATCTTGAAAGGGAAAAAGAAGATGGTACTCAGCTTCCGCCTTTATGGTTTACTCTTAATGGGCAGATGCTACCAGATTTAGAAGAGAAGTTAATTGGAATGAAGGTAGGGGAAGAGAAAATTATAGAAGTGAATTTTCCTGAAGATTTTTATGAGAAGGAAATTGCTGGACAGACCTTGCCTTTAAAATGGAGAGTTAAGAAGATTTGGAGATATGAAAAACCCGACGAAGAAACTTTTCTTCAGAAAGTAAATGCGAATTCTTTAGAGGAGTTTAGAGAAAGAGTGAAAGAAAGTATTAGAGAAGAGAGAGAAAGACTAGAGAAAGATAGGCTTTTTGCAGAGATACTGGATAAGATATTGGAGACTACCGAACTTGATCCTCCTCTAAGTTATGTGCATTATTTGGCAGAAAATATATTGAAAGAATTTCTTAGCGAACTAAATAAAAAAGGCTTAAATTTGGAAGACTATCTTGCCCAAAGGGGTATTAATAGAGATGAATTTGTAAACAATGTAATAGAGGATGCAAGGAGAAGAATTAAAATAGAAATGATTCTTGATAAAATTGCTGAGGTTGAGAACATTGATGTTTCTGAAGAAGAAGTAGAAAATGTGATAAAAGAAATTGCAGAAAATGAGGGTAAGGATTATAAAGAAATTAGAAG
CP001146.1_gap17	1022825	1024076	1251	CTATTGATGAGATAAGAAGAGTAATAGCCTGGGAGGAGAGTTGATTTGCCCTCCTTCAGGTATGTAGCTAAGGACCTACAAGGAAAAATATATAAAGGAATTTTAGAAGCCTCTTCCGAAAGGGAAGTAAGAAAGCTTTTAAAAGCTAAAAAACTATATGTAGTTTCTGTAAAGAAAGAATCAGATTTGTGGAAAACTCTCACTTATAAGAAAAAGGTTACCCTTCCAGAGTTGGTGTTATTTACTTCTCAATTCGCAACCTTACTTAGATCTGGAATAATTTTAACTGAATGTTTGTCAACTCTTGCTACCCAAACTGACAATGCCTACTTTAGAGATGTACTCTTTGATGTAAGAAAGAATGTGGATGCAGGATTGAGTCTTTCAGAAGCTCTAAGTAGATACCAAAATGTATTTCCTAAAATATTTATAAGTCTTGTTAGGGCTGGAGAAGTCACAGGAAGTCTTGACGTAATGTTGGATAAGCTTTCTAAGTATTTTGATCTTCAGCATGAGTTAAGAGAAAAGATAAAATCGGCTACTACATACCCTCTTATTGTTACAATTGCAGCGATAATTGTAGTAATTTTTATGTTGACCTTTGTAATTCCTACTTTTCAAAGGGTTTATGCAAGAACTAATGTTCCCCTTCCTCTACCCACAAGGATTACCATTTCTCTTGGCAATTTCGTTAAAAACAATATTTTGATAATACTAATCCTTATTTCCCTTTTTATTGTGGGAGTAAGGCAAAGTTTGAAGAATAAAAAGGTCAAGAGATGGTGGGATGAATATAAATTAAAAATTCCTAAAATAGGAAAGTTATGGAGGCAAATACTTCTTGCAAGATTTGCAAGTACCTTTTATGTTCTCATCACAGGAGGTATATTGATAACCCAATCCTTAGAAATATTAGAAGATGTGATAGGAAACCTATATTTCTCTGAACATTTAAGAAAGATGTTATCAGGGGTTTTAGAAGGGCGAAATCTGTCTGATATGATGGATGAAGAGGTTTTTACTCCTCTTTTGAAGCAAATGATTGTGGTAGGGGAGAGAAGCGGTAGACTTGATACCATGCTTGAAGAATACACAAGATTTGCAGAGAGAGAAATAGATATAGGTACAAAGAGAATTACCTCTATGATAGAACCTGCCTTGACCATTTTTTTAGGAGTAGTCGTATTCTTTATTGTTATATCCATGTATCTGCCTATGTTTAATATGGTGAGACTATTTAGAAGATAATAA
CP001146.1_gap18	1092389	1096491	4102	GCCACAAATAATCTCTTTTTACTCCCGTATCTATAACATCCCAGGATAATTTATCACTCCTACCTTTTTCTTTAAGATAACCTAACAAAAGATCTTTATTGTTTCTCAAAATCTTATTAAGAATTTTAACTGAAATCTCCTTATTTTCGTATACTTCTCTCCAAAGAGTATTCAAATTTCTATCTCCTCTACTAAATACTCCTTGCCAAAAACTCCAGAAATAATCTTCCATCTCTATTTTTACCTTTTTTATTTCCCGTAGTTTTTTTAACAGAAATCTTTGTTTTTCTACAATATAATCTTTGTCTTTCATACTTTCCCATTGGAATGGAGTATGGGGTTTAGGTATAAAAGTAGAAAAACTTGCTGTTATTTCCAACTTAGGATTTAAGCTTCTTATTTCCTTTATTAACGAATAGATCCCTTCTATATCTTCTCCACTCTCTGTAGGAAGTCCAAGCATAAAATATAACTTTAAGGTCTGAACTCCGTAACCTTTTAACTTATCTACAAAATTCAAAATATCTTCATTTGTAAATCCCTTATTTAAAACCCTCCTCAAGCGATCAGTTCCTGCCTCAGGAGCTATAGTTACAGTCTTTTGTCCTGATCTTTTAATTAAATCAAGCAAATCTTGATTAATATCCTCGAGCCTTAGCGAGGAAAAGGAAAAAACTAATTCTTCATTATCCGAATTATTAACGAAGTCTTTGAGGTTCAAAGAAGGATCAACAGCAGGCACTATAATACCAATTCTAGGCATAAAATCATAAAAATTCCTCAGTTTCTTATTTATTATCTCCATCGAAGAAGATCTATATGGCCTATAGAAATAACCAGCAAGACAAAACCTACATTGATATCTACAACCTCTCACCAACTCACACAAAGCCATGTTTGAGAAAACAGCATTTTCCGATATTATAGGAGAAACCATAGGATCATTTTCAAAATTGAGATAAATCCTTCTCTTAATAGGCAGTTTTTGATCTATAGATGGAATATAAATTCCTTCTATATCTTTTAATAATTCAAAAAACTCTCTTTTAGTTAGTCCCTTTTCCTTCTTCAAAATGAGAAAATCTGAAAACTCTCTTACAAGCTCTTCTCCCTCTCCTATAAAAAGAATATCAAAAACATCTGCAAGTGATTCGGGATTTGCACTTAAAGCTATTCCTCCACCTACAATTAGAGGGTAAGAATCATCTCTCTCATAAGAAAATAAAGGTATATTTTCATTCTTTAAAATATAGATAACATTTAGGAAATCGAGTTCAAAACTTACAGAAAAGGCTAAAACATCGAATTCAGATGGGGACTTAAAACTCTCTATGGAATATACTCTAAAATCCTTTCTCTTTTTCCAATCCTCAGGGATGTAAGCTCTTTCGCAGATTACTCCTTTGCACCTATTAAAGATCTCATAAATACCTATGTACCCAAGATTATTTAAACTAACAGAGTACTTATTTGGGTATATTAATAGTATACTTATATCTCCGCCCTTCTTTGTTAACTTAAAACCCTTTTCTTTTTCTCTAAGACTGATTATCTCCTTTTTTATGTTCCAGTTCAATTAACTTCTTTCTCCTCAAAATTGCAGGTATATCCAGATCTTCTTCCGAAATACTTGTATAGTCTTTTCTTTTAGCCTCGCTTTCTCCTTGATACAAGGTTTCTTCTTGATGATCAAAACCAGTAGCAATTAAGGTAACTTTTATTGTATCTTTCATATTTTCGTCTATAACTGCTCCAAACTTTATATTTGCTTCAGGATCTACCCTAGGAGTTATAACCTCCGCTATCTCTTCTACCTCATGGATTGATAAATCTAAGCCACCAGTAACATTAAATATTACTCCTTTAGCTCCATTAATGGAAAAATCTAAAAGTGGACTTTGTAGTGCATTTTGAGCAGCTTCTTTAGCTCTATTTTCTCCTTTACCAATACCTATACCCATGTAAGCTGTGCCAGCTCTTGCCATTATAGCTTGAATATCTGCAAAATCTAAATTAATAAGTCCTGGAACAGTGATAAGCTCAGTTATACCCTGTACTGCTTGCTTTAGTACCTCATCTGCCTTTTTAAAAGATTCAAGTATTGGAGTATTTTTATCTCCAATTTTTAATAACTTATCATTAGGAATGATAAGTAAAGTATCTACTTTATTTTTTAATTTCTCGATACCTTCCATCGCATTAACTCTTCTTTTTCTTCCTTCAAAACTAAAAGGTAAAGTCACTACTGCAATTACAAGCTTAGCTATTTCTTTGGCTATCTCTGCGATTATGGGAGATGCACCTGTACCTGTACCACCACCCATTCCAGCTGTGATAAAAATCATATCAGCTTCTTGAAGTACATCCTTAATTATGTCTCTACTTTCAATAGCAGCTTTCTCACCAATTTTAGGATCACCACCTGCGCCAAGACCTTGTGTAATTTGTTCTCCAATTTGAACTTTATGAGGAGCTTTATTCAATGCCAAAACTTGAACATCAGTATTTACTGCAATAAATTCAACTCCTTGAATTCCAGCCTCAATCATCCTGTTAATAGCATTTCCTCCCCCTCCGCCAACTCCAATTACCTTAATCTTAGCTTTAACCTCATCAAATCTATCCAAATCATTTGATAAAATTGAGAACAAGGTAATACACCACCTTCCCCTGCATTATTCTTTAAAAGGACTAAATATATTTTTAAATATTTCCTTTAAATAGTCAAGAAACTTTTTACTACCTTCATCTATAGTGATTGTTTTTACAGCCCTTTCCAAAGCTCCCACAGCAGAAGAATAAAAAACAGCATCTTTTTCTTCAAAAATATTATAAGTCTTGAGTGTACGACAAACCCTCACAGGTACCCCTAAATATTCTTGAGCAAATTCTTCTAACCCATCCAACAATGCAGTACCCCCTGTAATTACAATTCCACCTGGAACTAACTCTATGGGAGAGTTTAGCTCCTCTAATTTTTTTAAAATAAAATCCAAAATCTCTTCAACTCTTGGTTGAATAATTTCTCTAACCTGAGATGTGGTAATTTTAATTCTTCTTTGTTGTAGGGATAACACTTCTAAAGACTCTTCTCTATCTTGTCTAAGAGTACCTAATATCTTCTTAGCTCTCTCAGCTTCTTCTGTTGGTATTTTCAAGGTTATTGCAATATCTTTCGTAATTCTTTCCCCTCCTAATTTTAATATTCCAGTTGCATATAGATAACCTTCCCTGAAGACTGCAAGATTTGTCAAATCTCCACCAATATCCACTAAAACCACACCTAGTTTTTTTTCTTCATTAGTAAGTACCACCTCTGAAGCAGCTATCTCCTGTGGAATAAAACCCTCTATATTTACCTCTGCTTTTTGAAAGGCATTTATAACATTCCTAAGTTGAACTTTATCATGAGTTACCAATAATAAATCCGACTCAAGTCGAGTCCCCACCATTCCAACAGGGTTAATAATACCATTTTGTCCATCGAGCCTAAAACCTCTTACTACATGATATATAACTTCTCTATCATCTGGAATTGAGGTTGCCTTTGCTGCTTCAATAGCCCTTCTAACATCAGCTTCTGTCACTTCTTGTTCTCTACTTTTAACAATAATCATCCCTCTACTGGGTACAGCTGTAATTTTTTCACCACTTATAGTAGCTATCATTCTTGGAGGAACTCTTATTCCTGCTATTTTTATTGCTTTTTGCACTGCCTCCTTTATACAATTACTAGCTTCTTGGATATCATTAATAACTCCATAGCTGATACCTCTTGAAGGTATCATAGAAAAACCAATTAATTCTAACTCCTCATTTTTATCATTTAAGTTGGCAATTACTACTGCGATTTTTGTAGATCCAAGATCAATAGCTCCTATTAAATCTGACATTTAATTTCCTCCAATAAAAGGAATACGAAACCTAAAATCTAAGCTCTTACCTTTTAAATCAAAGTTCTTTATAAGGTAAATGACATATTTTTTCTTTTCTTGATAATCTTTAATATTAAGTTTCAAGATAAACTGATCTCCATAAATTTCAAAATATTTATCATAAAATTTGATTCTTCGAATTTTAATAAAATTAAAATTATTTAGAA
CP001146.1_gap19	1097646	1102638	4992	GAATAAGGTACGATAAATAAGTCCGCTTTTCCCCCTATTTTAAAGGAAGTATAGGAGGATAAATCAACATCTCTATAAATTTTAGACTTAAAATTATATCTATTGAGAATATTCCACATTAACATCTTTTTTGCCTTGAGCCAGTAAAGCTTCTCCTACTTTCCATACATTACCAGCCCCAAGAGTAAGTAGCAGATCACCATCTCTCAAAACACTTTTTACTTTTGTGGCTGCCTCAACAATGTCATTCACAAGATATATTTCAAGCTCAGGATACTTCTTTTTTATCTCGTCATAAATATTCCTACTACTAACCCCAGGAATAGGCTTTTCTCCTGCAGAATAAATCTCCATTAATATAACCACATCGCTTAAAGATAGAGCATCGGCAATCTCTTTACTCAAAAAATATGTTCTTGTATATCTATGAGGCTGAAAGACTACCACTAGTCTTCTGTTGTAAAGTCGTAAGGTTTCCAACGTAGCTAATATTTCGGTAGGATGATGGCCATAATCATCAAAGACTAAAACATCATTTTCAATCACACCTTTAAACTGAATTCTTCTTTGAACCCCATGAAATTTCTCAAGAGCTTTAATGGTTTGCTCAAAATCTAATCCTAGAATATAAGATATGCCAATAGCAGAAAGAGAGTTTAATATATTATGCCTTCCAGGAACCTTTAATTTCACTCTACCCAATTTTACATTTCTAAAATAAACATCAAACTCCGAGCCTGATGAGTTTAAGACTATATTATCTGCTGTAAAATCAGCATTAGAAAAACCATAGGTGTAGTATTTTTTATCCTTTATTTTGCCAATTATATCCCTTATATTTTTACAATCTAAATTCAAAAGCACATACCCGTCTTCAGGCACCTTTTCAATCACTTTTAAGAAAGTGCTTTTAATATTTTCTATGTTCTCATAATAGTCAAGATGATCGTTATCTATATTAGTTACTACTAAAATATAAGGATTTAATTTTAAAATAGATCCATCACTTTCATCACCCTCAGCTACCAAATATTCTCCACTTCCAAGTTTTGCATTTCCCCCTATATCTTCAAGCTCTCCTCCTACTATTATTGTTGGATCTGTTTTATTATTCTCCAAGACTAAAGCTATCATAGATGTGGTTGTAGTTTTACCATGAGCTCCCCCAACAATTATGGACTTTTTTTCTTTAGTTAATTCTGCCAGAAGATCACTTCTATGTAATATGGGAATATTCTTACTCTTAGCATATACATACTCTTCGTTATCGGGAGGAATTGCTGAAGATACTACTACTACATCTACATCATTTATATGTTCAGGACTATGTCCTCTATAAATTTTGACTCCTTTTGACTTGAGTCTTATGGTAGAAATGTTCTCTTGGATATCAGAACCAGATACTTCGTATCCCTTTTCTGCACATATATACGCCAAAGCACTCATCCCAGTACCCGCAACTCCAATAAAATGGATTCTCTTACCATTTAGCAATCTAATTCCTCCCTTCTAATTTTTCTAAAAGAAGATTCCAAAAATTTTCTCTTCCTGTGGCAATAGAGATCTTTTTACATGCTTCAGAAGCCTCAGCAAGTCTTTTTTCATCATTCCATTTATCTAATAAATGTAATAATTTCTGAGAACTTAACTGATCTTCCAAAAGTAGCTCCCCACCCCCTACTTTAACCACCAATTCAGCGTTATATTTTTGATGATTGTCCTTTGCATATGGATAAGGTATGTATATGGCTGGAAGTCCAGCTATCAGAAATTGAGAAATCGTAGTAGCACCTGCTCGACTTATAGCAAAATCAGCACCACATATCGCAAGCTCCATATTTCTAATAAAAGGAACTGGATTATATCCTTTTTGGATCCATTCCTCTATAGGTATCTCTTCTATGTACCTTACATAATTTTTTTCCCCTATCTGATGTAAAATTTGCCATCCCTTATCTAATAAATAGGGTATAATTTTTTTAACCTCATAATTTATTTTCATTGCCCCCTGACTTCCTCCAGTTATGAGAAGCAATTTCCGATTCTCATCAAAACCTAATTCCTTTTTACAACTCGCCTTATCCATTGTCAATAACTCAGTTTTTACAAAGTTTCCAGTAAGGTAAACTTTACTTTTATCTCTAAAATACTCCCTTGTTTCAGGAAAGGAGATAGCAACTCCTTCTGAAAACTCATAAAAAAGTTTTGTTACTCTCCCTGGAACAACATTTTGTTCATGCAAAAAGAAGGGATATTTTTTAACAATAGAGGCAATAATTACAGGCACTGTTATATAACTACCAAAAACCACTAAAATATCAGGTTTAACCTCATTTAATATCTTTATAGCATCACTTATACTTAAATAGTAACTTAGCTTTTTAACATCGGAGCTTCTTGAAATATTCAAGCCGTAAAAATCGTATTTACCTCTTATCAAGCCTTCCTCAAAACTATCTTTTCTCCCCACAAAACTTATTTTCCAATGAGGAGCTTTTTGAGCTATATAATCAGCCATATTTAAAGCAGGAATTACATGTCCTCCAGTGCCACCAGCTACAAACAAAATACTGATCATTTTTTATCACCCGAAATTGCAATTTTCATAAGAAGTCCAACTTGTGCCCAATTAATCATCATCGAAGATCCTCCAAAACTTAAAAAAGGTAGCGGTAATCCCATCACGGGTAAAAAACCTAAATTCATCAATATATTTAATGATATTTCAACACACCAATAAACTAATATACCCATGCTTAAAAGTCCATAAAAGGTATCGATTTTTACAGCCTTTAAAGATAGGTTAAAAACACTTAACATAAGGAGAAAATATAATATCAAGATCACTGTACCTGCCATTAAGCCTCCTTCCTCAAATATTACTGGAAATAAAAAATCATTATAAGCTTCAGGAATATAAAATTTCAATAACCCTCTCCCCCATCCTTTACCAAAAAATCCTCCATCCTTTATGGCCTTTAAAGCCTGTTCTTGTTGGAAAGTTTTAAAAAAAGGAATTCCCTTGTTAAAAACTAACCTCTCTTTTCTATATTCACCTGTTAATGCTCCAAAAGCGAATATCAAAAATATTATCAACAACATTATTAAAGTTTGCTTTATATCCATTTTTGAAATAAAAAGTATAACAAAAGTAGAAATAAAAAAGAGAACCACCATACTCATATTAGGTTGGAAGTAAAGAATTACAGATATAACAAAAAGAAATAGAATAATCCAAAAAAATCTCACATCTTCAATCTTGTTCTTTTCACTATTTGAAGACAAGAAACTTGCCAGAAATATTATCCAGGAAAATCTTAAAACTTCCACAGGCTGAATCTGAATAGGACCTATCTCAATCCATCTTGCAACATTCCTTGAAACCTTTCCAAAAGGTGGTACAAATACTAAAGTAAGAAGGAAAATAGAGATAATTAAAAGCAAAAGAGAATTTTTACGCCAAAATGCTAAAGGAAAACCACTTATGATGAAAGAAATCCCAATAGCAAGAGGTAAATAAATGAGTTGATGTTGGAAAAAGTAAGAAGGATTATTTAAAATCATACTTGCCCATTTCCAACTTGCCGTATGGATAATGGGAAGACTAAGTAATGATAGAATAAGTGCTAAAATAAATATTAATCTATCATATCTTTTCATGTTTTAATCTCTCAAAAACCTCATTAAAAACTTTACCTCTTTCTTTATAATTTCTAAACATATCAAAACTAGCACAGGCAGGAGACAGCAATATCACATCTCCAGGTTGTGACATCTCATAGGCCTTCTTTACAGCACTTTCTAAAGAATCAGAAAGTACGTAAGGAATATCATATTCTTCAGAAAGATTTTTCATAACCTCTTTAGTCTCGCCTATTAATATCAGAGCCTTAACTGTAGTTTTCTTTATATTTTCAAAAAGCTCTTGAAAATCAAAATTCTTATTTCTTCCCCCAAGAATAAGCAATATAGGAGAATTTATGCTCTTAATAGCCGAAATTGTGGATATGGGATTTGTTGCCTTTGAATCGTTAACAAAAATCCTTCCATTAATTTCTCCAATTTTCTGAAGGGCAAAAGGAATACCTTGAAACTCCTCTCCCGTTTTTTCAATAACCTCTTCCCTCACTCCTAATAATAGTCCAACTAATGCGGAAGCCATGAAATTGTTTACCAATATCCTATTCCAAATACCCTTTGGAATATTTAAAAATCCCCTTCTATCAGAAAGATTGTAAAATATTTTATTTTTATCTTCTTCATAGAATAAACCTTCTTCCTCATGTTTATTAAATCCAAAGAATAATTTTCTAACTTCATAGTGCTTAGCTAATTTAACAATTTCCTCTTGATCATGATTTAAAATCGCATAATCTTCTTTTTTCTGATTCATAAATATACGTGCTTTTGCCAAGATATACTCATCCATATTTGAATATCTGTCTAAATGGTCAGGATAAATATTAATAAATAAAGATATAAAAGGCCTAAATTCCTCAATGTCCTCAAGCTGAAAACTACTAATTTCAAGCACAAAGTACCCCTCTTTCAAGTTTTTTACTACACTGACAAAAGGTAGACCAATATTTCCAGCAACTATGTTAGGTATATTAGCGTTTTTTAAGACTTCTCCAATTAAAGTAGTAGTTGTAGATTTTCCTTTAGTTCCAGTTACAGCTATTATGGGAACTTCAGAATACCAATAGGCAAGTTCAATCTCGCTTATAACTTTAATACCTCTTCTTTTTGCCTCGATATAAATAGGATTTGTCTTAGGTATACCTGGGCTTATCACAATGAGATCCACATCACTTAATATTTCCGTAGGATGTCCTCCAAATATATATGATATATCATTCTCCTTAAAGTAATTTATTAAGTTCTTAAAATGTTCCTCTTCTTTATAGTCATTTACTATAACTTTTACCCCTTCATCCTTAAGAAATTTTGCAGTACTTATTCCACTTTCTCCAAGCCCAAGGACTAATACTT
CP001146.1_gap20	1116026	1120023	3997	TTATTGTAAAAGGCTTGAGCTACAGCAGTATTTGGCTTATGACTTCCTGGAGGACTTACTCCTTCATATTTATAATATATATGAGCTGGGGTATCCAGATACTTCTCAAGATTGACAGCTCTAAATAAAGGTGTTGGTCTCCACAGCTTATATATCTTTCTCACTTCTTCTGGAATTTCAATATATCTCTCTGTACTTACCTCTTGTTTTATGAGTTCCATAGGGAAAATAGGAGCAAGATCTTCAGGACTTACAGGTTGCAAAGTAACAGGGTGATAAACCGGGGGAAGCGGAAAAGGTAGATCAGGAATAATATTGTACCAGTCCTTTGGTATCTTGGATTCATCAAGGAGAAACTTAACCTGCGACATCATTATACCTCCCTATATAAAAATTTAAGCCTTCCCATCCTTTAAAGGACGAGAAGGCTTATTCTCGTGGTACCACCTTAATGAGGTCTGAAAAGACCTCACTTTCTGCCCTATAACGGAAGCAGAACCGTCTCGGCTACTTATATATTTCGCCTCAAGGCTCCGGGGCCCATTCACCACAGCCAGGATAGTTAGCTTTCAGCCTAAGGCTAACCTCTCTGAGATCCTGGTTCTTGTGGCTACTCTTCCCTTCTTCGCCTTTAACAAATCTTTAACTTTTTTGATATTATACTACAAGATTTTAAAAGTGGATATACTATTGATAATTTTAAAACCATATGTTATTTTTATACCAAAGAAGTATAAATTGGGGTGAATAGGATGAAAAAAATTATAGAAACCATAATTGCGGATTATAAAGCTGTCTTTGAAAAAGATCCAGCAGCAAGAAATTTTTTAGAAGTGATATTATGTTATCCTGGGTTTCACGCTATTCTTTTACATCGTATTGCTCACTTCTTATGGAATCTAAGAATTCCGGTAATTCCAAGACTTATTTCTCATTTAAATAGATTTTTAACAGGTATAGAGATACATCCTGGGGCTAAAATAGGTAAAGGATTTTTTATAGACCATGGTATGGGAGTAGTAATAGGTGAAACCACAGAAATAGGCGATAATGTGTTGATTTATCAGGGAGTTACCCTCGGAGGCACTGGAAAAGAAAAGGGAAAAAGACATCCAACCATAGGAAACAATGTGGTTATAGGAGCTGGGGCAAAGGTACTAGGTCCTATTACTATAGGTGATAATACAAGAATCGGTGCAGGTTCAGTAGTATTAAAATCAGTACCTCCTAATTGTACTGTAGTAGGTGTTCCTGGAAGGATTGTATCTCAAGAAGGTAAAAAATTAACTCCAAAAGAAATGCTCGAGCATGGTAATGTTCCGGATCCAGAGTTAAAACTAATAGAAGAGTTAAACAAAAGAATAGAAAATCTTGAGCAAAGAATAGATTATTTAGAAAATCTCATCAAAGAAAAATTGAGAGATATGTGATATAATTTTAAAAAAATTAGATATTGAGGTTCCCGGGGGAGCCTCTGATCCGAGGCTGAGAGGGTAGCAGGAGCTACCGACCCTTTGAACCTGATCTGGGTAATGCCAGCGTAGGGAAGGGATTAAAAAAATTTAAGGTTCCCTCCTTATAGCTGGCAGGGAACCTTAAATTTTTTTAGAGGAGGTGCCTATAAGATGCAAAAAAGATCTATAAGAATGCTTACAGAAGGTGCCCTGAGTATTGCCTTATCCCTTTTACTTTGGTATCTAAGAATCGGTGCCATGCCCCAAGGAGGAAGTATAAGCTTACAGATGCTTCCCTTATTTGTCTTTGCTCTAAGATGGGGAGCGATTCCTGGTATACTTGTAGGACTCACTTATGGCGTAATCCACTCTTTACAAGACATGTATGTAGTACATTGGCTTCAATACCTACTTGATTACCCAATAGCTTTTGGTTTGATTGGACTTTCTGGAGTAGTAAAAAATATAAAAATATCCAAAATTATTACATATATTATTGCTATAGTTTTTCTCTTAGGAACCATAGGTTTTGTAATAAATATATCCTCGGAACTTCCACAAGCCCAAAAAACCCTTGAAGATCTAAAAGTAAAATTACAAACTGCCACAGGAGAGGACAAAACCAAAATAGAAGAAGATATTAAAGATCTAGAATTTAAACTTAAATGGTATCCAGTATCAAGGATCGTCTTGATAATAGCAGGTATATTAGGAACCGTTCTACTTATATATGGAGGATATATTAGAAAAACTCAAGAACCAATAGAGCTTGGTGTATTCATTGGAGGCTTAGGAAGGCTTTTTGCTCATTTCCTATCTGGAGTAATCTTCTTTTCCCAGTATGCTCCCCCAGGAACTCCAGCATGGATCTACTCTCTTATCTACAATCTTTTTGTGGTAGTACCCAGTACTTTCGTGTGTCTTCCCTTTGTCTTAATAATTGTACAAAGGTTAAAAGAAAATGAATAACAACATTGGAAAAATACTTATCTTTGTAAATGGAGAAAGTCAAATAACTGATTTTGAGCTTGAGGAAATCCTCCCAGTAGACAAGGTAATATGTGCCAACGGAGGAACTAAGATTGCTCTAAAACTTGGAATATTTCCCGATATTATTGTAGGAGATTTAGATTCAATCACAGAAGATATTGAGAAAAGACTTACCAAACACAAAGTAGAGTGGAAAATTTATCCTACTGATAAAGATGAAACTGATTTAGAACTTGCAGTAAAAGAAGCAGTAAAATTTAAGCCTAATTCAATATACTTTGTAGGGCTTTTAGGAGGGCGTATAGATCATACCCTCGCAAACATATTTTTTCTTGAACGATTAAAAGATTTAAATATAGAACCATACGTTGTTGATAGGAAATTAAGAATTTATATTATGAAGGGAGAAGAGGAAAAAGTTATTTGGGGGAATAAGGGAGACACTCTCTCCCTTATTCCTCTATCAGATGTGGTAGAGGGAATCTATTTAGAAGGCTTAAAATATGGTCTTAATTACGAACCTCTTTATAGAAATCTTACTCGTGGCATAAGTAATATGTTTATTAGTTACCAAGCTAAAATTAGTATACAAAAAGGAACCTTATTAGTAATACATCTATACCAAACCTAATTTTTGTGTTAAAATTAAGAATTGTTGAGTTTACTTTTTATTTTTTAAATAATCTTAAACAAAAAGGTAAAAATTATGGCTGAAAAAAACAAGATTATCTTAGTTGGTTTAGAGAGAGAGATGGAGAGTTCCTACCTAGATTACGCCATGAGCGTAATTGTGGGTAGGGCTTTGCCCGATGCAAGGGACGGTTTAAAACCTGTACAAAGAAGAATCATATACTCAATGTATGAGTCAGGAATACTTCATAACAGACCCTATAGAAAAAGTGCTCACGTTGTAGGTAATGTATTAGGAAGATATCATCCTCATGGAGACGCAGCAGTTTACGAAGCTCTAGTAAGAATGGCCCAGGATTTCTCCTTTAGATATCCCCTTATAGACGGTCATGGTAACTTTGGTTCCATAGATGGAGACGAACCTGCAGCAATGAGGTATACTGAAGTAAGGCTATCTCCAATAGCCTCTGAACTAATAGCAGATATAGAAAAAGATGTAGTTGATTTTATACCCAACTATGACAACTCTTTAAAAGAGCCTGTAGTACTTCCCACCAAAATACCTCAACTTTTAATGAATGGATCTTCGGGAATTGCCGTAGGAATGGCAACAAATATCCCGCCACACAATTTAGGGGAATTGATAGATGCTCTTTTATATCTCATAGAAAAACCTGAGGCAGAAATAGAAGAACTTCTTAACTTCATAAAAGGGCCTGATTTCCCTACTGGTGGAACAATAATTGGTACTAAAGGAATCAGGGAAAGTTATTTAACAGGTAAAGGAAAATTAATAGTAAGAGGAAAAATAGCAATTGAGGAAACCAAAAAGGGTGATAAAAATATAATAATCAAAGAAATACCATATATGGTAAACAAATCAAACCTGCTTACTCAGATAGCAGAATTAGTCCAAGAAAGGA
CP001146.1_gap21	1144752	1147424	2672	CTTATAATTTCCCTAATTTTACCCTCCACCTTTGATATATCCCTGAATAATTCCTCCTTATATTTAGCCTTCAACTGCGCTTTTTCTTTTTCCAACATTTCCTTTTCCTCTTGAATCTTTCTTTTTTCCTCCTGCAAATCTCTCTTTAACTTATTAATCTTTTCAATCTCTTCCTCATATCTTCTCCTATCCCTCTGAAGTTCTCCTATTACTTCTTCTAGTTTTATCTCATCTTCGGATAGTAAGCTTAGAGATCTATCAAGAATTTTTCTAGGAAGACCTAACCTTTTGGATATCAATATAGCATTACTTTTTCCAGGAATCCCCATGACTACTTTATACAAGGGTTTTAAGGAAATCTCATCAAATTCCATAGAAGCATTCTCCATACCTGGATATTTAGAAGCAATCACCTTTAACTGAGGAAAATGAGTAGCAATAACATTTATAGTTCCTTTTTCATGAAAATATTCTAAAAGAGCTACAGCAAGAGCTGCACCCTCTTGAGGATCAGTTCCAGCACCTAATTCATCTATAAGAATAAGTACTCTTTTATCTCCCGTTCTTTCCAAATAATCTATAAAAGAGATGATATTTGTCATATGAGAGGAAAAAGTACTTAAATTTTGTTCAATACTTTGTTCATCTCCTATGTCAGCAAATACTTGATTGAAAATACCTAAAACTGTACCTTCCTTAGCAGGTACAGGAATTCCAGCCTGATTCAAAAGAACAAAAAGTCCAATAGTCTTTAAGGTTACAGTCTTTCCACCAGTATTGGGACCTGTGATCACAAGAGTATTAAAAGTGCGACCTACCTCAAGACTAATAGGTACCGCCTTTTCTCCAAGAAAAGGGTGCCTTGCTTCTCTTAATATTATTAAAGGCTTCTCTTTTTCAAGAATAGGAGTAATAGCCTTATGCTTTTCTGCCCATTTTATCTTTGCATAAACAAAGTCAAGCTCAAAGGAAGTTCTTAAATTTTCTAATATTTCCTCTTTATAACTAAGCAATATGGAAGTAAGCCTTGTTAGTATTCGCTCAATTTCTCTTTTTTCCTCACTCTCAAGTAGAGCTATTTGATTGTTTAACTCCACAATTACTTGAGGTTCTACATAAACAGTAAGGCCAGATGTGGACTGATCATGTACAATCCCTTGAATCTTTCCTCTAAACTCCTGCCTTATAGGAACTACATATCTTCCATGCCTTATAGTTATTATTTGATCTTGTAAATAACTTCGCCATTCTTTTTGAATTATATTCTCCAAAGTCTCTTTTATTTTTTGATTAAGTCTCTCCTTCTTTTGCCTTATCTGCTTAAGTTCAGGAGAGGCAGAATCTACCACCTCTCCATCTTGAATACACCTCCTTATTTGAATGTAAAGGTCATGAAGGTTGTGTAAAGTATTCCTCCATAAATTAGGTGCTATCTTTCTAACTTTTTCTTGGTAATCTCTTAATTTGCTCCATATTTCTATAGTTCTTACTATTTCTTCAAATTCATCGGGATATACAATACCACCCTTTTCGGCCTTATCAATATAAATCTCCAGATTTTTAATCCCCGAAAAAGAAGGATATCCAAAAGAGGATACAGTTTTAAAAGCCTCATCATTTAACAGATGCCATCTTTCTATAATCTGATAATCAGTTATAGGCCTCAGAGAACGGATTCTTATCTTACCGCCTTCTGTTTCAGCCTTTTTTTCTATCTCATCTATTATTTTCTCCCACTCAAGGGTTTTTAATGCCTTCTCCATTACTTCTGTCTCAGATAGACTCCTTTTTCAGATAATTTGATTAGTACCTTATTAATTATCTCATCTACTTCCTTATCCTCAAGAGTATGATCTTCAGCAAGGAAGAAGAGAGAAAAAGTTATACTCTTGTATCCTTTTTCAATCTTTTCACCCTGATATAAATCAAAGATTCTCAGCCATTTTAATAATTCACCTGAAGTCTCAAGAATATCTTTTTCCACATTTTCTACTGGCATATCTTCAGGAATGATTAAAGCAAGATCTCTTCTTATTCCAGGATATATAGGAAGAGGCTTATATTTAGGCTTTGGACTCTCAAAATTTAACTTATCTAGGTTAATTTCTGCAAAATATACTCTCTCTCTTATATCTAAATTTTGAGTTATCCAGGGATTAACTTCTCCCATAAATCCTACAATTTCATCTCTAAAGGCAATATAACTTTGTTTAGAAGGATGCATAAACTCAAAATTACTCTTCTTAAAAGTAGGTTCTTCTTTCCATATCCTCTCAAAAATGGTTTCAACAATACCCTTGAGATCATAAAAATCTACTTTTCTTATCTCATAAGGAACACTCCAAGGATCTTTATAAGCCTCACCAGTCATAAGTATTCCTAAGTGTTTCTCTTCTATATATTCATCCTTTCCCTTATAAAAAACTTTTCCAATCTCGTAAACAAAAACATCCTTTTGTTGCCTATTACTGTTCACCTGAGCAACATTCAATAAAGAAGGTAAAAGCGATGTTCTTAATACACTATTTTCCTCACTTAAGGGATTAGAAATTTGAATAAAGAGATTAAATGGCTCTGTATTTAAAATACCAGCCTTTTCTAAATCTTTAACTGACATAAAACTGTAATTTATAGCTTCGTACAAACCTAAACTTGGTAAAGTCTCCCTAATT
CP001146.1_gap22	1172372	1173265	893	TCATAAGAGCATAAATTTCTTTTGGCAAACCAACTTTTACTGGAAGACCTAATTTTTGAGCCTCTTCAACCGTTATAGGATAATCATGAGTCCAGGTACCTGTAGAAAGAATTTCTGCAATCTCTTTTGCTTTTTCTTCAGACATTTTATCTTTTAACAATTCAAAAACCGATTCCTTCACTTGTCTAATTGCCTTTTCTGCCACATCTCCAAGAATTAGGGTCTTATCCTCAACCTTCTCCACTCCTTTTTTATTAATAGCATTTAAAATCGATGCAGCAGGATACTCTCCAAGTTGAGGATCCACAGGACCAAGAACTGCATTCTCATCCATTACAATTTCATCTGCTGCAAGAGCTATAAATGTACCTCCTGACATAGCATAATGAGGTACAAAAACAGTAACTTTACCTTTATGATTCTTTAATGCATGAGCTATCTGCTCAGCCGCCAAGACTAATCCACCTGGAGTATGTAAAATTAAATCGATAGGCATATCCTCAGGAGTCAATCTTATAGCTCTCAAAACTTCTTCTGAATCCTCAATATTAATATATCTTGCGATGGGAATACCTAAAAAGTTCATAGTTTCTTGCCTATGTATAAGGGTTATAACCCTTGATCCTCTTTTTTTCTCAAGAGTCTGAATTAGACGAAACCTTTCAGCCTCTATCACTCTTTGTCTGACTATCGGAGAAAGACTGCTTAATATAAATATGATCCAAAAAATATCCCAAAAACCCATTCAAAAACACCTCCTCTTCTAACCTAAGTAATAATAAAACCAATATTTTCTTCTTCTAAAATATTTCGCTAAAATAAAACCAAACACAAACCCCCCAATATGTGCCCACCAAGCTATACCCCCGCTAATATCAATTAAGAGCGAAAAT
CP001146.1_gap23	1184621	1187644	3023	CCCAACTTCACCTTCCCCATCAAACACATAACCCTCTTGCGACTTTATTAAAGAACGATCTACATTTTTAGCTCCAACAAGCCCAATCTCCTCTCCGATGGTAAAAAGAAACTCAACCCTTCTTGTATTCTCACTTCTTTCTCTTATAGTTTGTAAAGCTTCTATTATTGCTGATATTGCCGCTTTATCATCAGCCCCTAAGATCGTATTTCCATCACTCACAATATATCCATTAGCTATCTTTGGACTTATATTCTCTCCAGGAGAAACAGTATCCATATGAGCCGAAATTAGAATTGGATCTCCATCTCCCTCAAGATAAGCATATAAATTTCCAGAATTTCCACCCAGAATCTTTCCAGCGTTATCCTCCACAACTCTTAATCCTAAATCTTCAAGTTTACTTTTCAGAAAAGAGGAAAAATCTCCTTCTTTTAAGGAAAGAGAAGAAATCTTAACCAAATCCATAAAAGTATTAATTAATCTATCCTTTGATAACACTTATATCCCTCCTGTCTAAAGACACTTTCTTAACAGTCCAGTTAGTCCCCAGGAGTTTATTAAGAATAGCCTGGAATTCCTCAGCCTCGCCAGTTACAAAAATTTCCACATTCTTCTCATCAATACTGTTAGTTTTGCTTAAAAATCTTACTACCTCTAAAGAGGGATCAACTATAAAGAGATTTGGGTACAGATTTTTAATTACTCCTTTTATGAAGGGAAGATGAGTACATCCTAGAATAAGTCCTTCAATACCATTCTCTACTAAAGGATCAGTACATTTTATTATTTCTTTTTCAATAATTTCACCTTCTACAATACCTTTCTCAATAGTTTCTAATAGAGGCCCCTCACTGCAAGACTGAACATAAACCTCAACATTTTTTGAAATTCTTTCATGAATTAAGTTAGGATATATATTACTTTCTTTTGTTCTTTTTGTAGCTAACACTCCTACTTTCTTAAAAGTATAACTTTTAATACCCTCTATAGCTCCTAACACAATACTATGAATTTTTATATCTCTAAAATTATCTACCAGAAAATCATAAGCTACTGAGGATGCGGTATTACAAGCCACAATCACCTCTTCCACGCCAAAGTTTTTAAAAAAACTTACTATTTCAAAAACTCTTTCTTGAATAAACTCTACAGGTTTAATCCCATAAGGAAAATACTTTGTATCCCCTAAAAAATAGACTTCATCGGCTAAATTATTGAAGTAAACCTCCTTAAGAACCGAAAGGCCACCAACACCAGAATCTAAAATACCTATTTTACTCATTTTTACCTCCCTCGAAATATTTTTCTACTGCTTCTATTATTTTATCTATTAATTTGTCTTGATAATCCTCATTTAATAATAAACTTCTATCAACATCATTAGTAATAAATCCCATCTCAATAATAACAGAAGGAATAGGCACACGAGAGAGAACATAAAACTTACCCTTAATAGCCCTTCGTACTACAAATCCATTAGAATTAAAAATATCAACAATAGTCTTTACCAAACCCTCCGAAAGATCATTAGCATAGCATACTTCTATACCTCTTACATCAGACGAAAAAGCAGCATTAGTATGTATACTTATTAGAATTGACGAAGCTAACAGGACATTATCCAAATTTATTTTCTTATTGATAAAACTAACTCTATCATCTAAAGATAAGCTAATATCATTTTCTCTAAGAATATACACTATATATCCTTTATTTCTTAGCTTTTCTGCAAGCTTTAAAGAAACCTTGAGATTTATATCCTTCTCTTTAATATCTCCATATATTGCTCCAGGATCCGATCCCCCATGTCCAGGATCAATAAAAACCGTATATCTAGTAGAATTCTTCTCTGTTAAGGAGTTATTATTTGATAGGTTTTCTTCTTTTTTAGGAATCCTAAAAGAAATCTTCAACGTATTTGAATATACCTCTTCGGTTAAATAAACAGTGTCAGTATATGTTTCAAAAACAATCCTCAGCTTACGGGAATCTTCCAATTTTTCCCCGATTCTTACTAAATTAACAGGTTCTTTCTGAATAGAGATACTAGTATATGTTAGTGCTGATTCAGCATCTAAGACATCATAGTAATACCTTGGAGGGTTAGGAAGGAAATTTTTAGTATAGGTAAAGGTATCAGAAAAGATCAAAAAAAAATTTAAAGTATTATCTTCCTCCTTCCATGTCATATCAGAAAGTTTCACGAAATTTTTACTATCATTTTTTTCTTCATCTCCCCCATATTTTAATGGAAATTCTAATATCAGTTTTCCTAATTCCTTTTTTATATTCGGTTCTAAAACTTGTTTCTTGAATTCGATGACTACTCTTACTACGTATGGAGCCACAGTAAACTGAGAATATCTTATACTTTTTATGTATGGATCATTTAACTTCACTTCTCCTTTGTTGTCAATAAAAACTACACTTTGGAGATCTAACACAAAGCGTGGAGGAGAGTCTAAATTTAAAGTGTTAAAGTTTATCTTGGATTTTCCTCTCAGATTTATCGTTAATACGCCCTTTGAATATTTCACGCCAGATAATTCGTTTACTATGTAAAGAATGTTATTTTTCAGATAAACTCTATATCCCAAAAGCCTATAGAAGGAAGAAAGAGGAAAATAGACAGTGTTATCTTCTTTTAAAAGAGGATTTATCAGAGCTGCAGATTTTCCATACAAAGATACTTTTTTTTCTCCTATTTTAGCTACGAAAAATTCATTATTAGACTCGTAGAAATAAACTTTATCATCAATTTGTTTATAAAAATAGCCAAAAGTTGAAGAGAATAAGGGTAAAGGAATATAAATATCGTTATTTATCTCCTTAAGGGTGGTAAGAATTTTAACTCTTTCTCCTAAATAGTCGATTTCGAGAAAGGATAATTCATTACCAAGGATATAATTGCTAACTAGTAAAAACAAAATAAAAAACAAAACAAATGACCATTTCCTACAGTGCATTCTCTTAATAACGCTTCCTTTCCCACTATAAACTTCATTTTAATATTTTTGGTG
CP001146.1_gap24	1204264	1207919	3655	GAAAGGTGCCGCTTTGAATGCAGTACAAATTCTTGAATATATGATAAATAACAAATAAGGAGGAAGATCAAAAAGTGGGCTTAATAGTACAGAAATATGGCGGAACCTCTGTGGGATCTATAGACAGAATCAAAAACGTAGCTCAGAGAATAGCAAAGTATTACAAAGAAGGGCATAAATTAGTTGTAGTAGTATCTGCTATGGGCGACACTACTGATGATCTTATAGAAATGGCAGAAGCAATAAATCCTAATCCCAACCCCAGAGAGATGGACTTCCTATTATCTTCTGGCGAAAGAATATCTGCAGCACTTACTGCAATGGCTTTGCAAAGCTTAGGAATTCCTGCTATAGCACTGTCTGGAAAACAGGCAGGAATCATGACTGATGCTATTTTCACAAAGGCAAACATAAAGAAAATAGAACCTAAAAGGATATTAGAAGAATTGGAAAAAGGAAATGTTGTCATCGTAGCAGGCTTTCAAGGATACGAACCTGAAAAAGGAGATGTAACAACCCTTGGAAGAGGAGGTTCTGATGCTACTGCTGTAGCTCTTGCAGCCGTACTAAAAGCAGATATTTGTGAAATATATACTGACGTAGATGGTATTTTTACAGCTGATCCAAGGGTTGTACCAAATGCTAAAAAACTTGATTTTATCTCTTATGAGGAGATGCTTGAAATGGCAGGTCAAGGTGCACAAGTGATGCAGCTCCGCTCTGTAGACCTTGCAGCCACACACCATGTACCAGTAGTAGTAAGATCAAGTTTTAATGAAAATTCTGGGACTCTAATAGGGGAGGTAAAAGAAGTGGAATCCAAACAAAAAGTAAAGGGAATAGCCCATAATAAAAGTATAGCTAAGATAACAGTGGTAGGTGTACCTGATAAACCTGGTATAGCTCACAAGATATTTGCGCCTCTTGGAGAAAAATCAATAAATGTGGATGACATTGTACAAAACGTAAGCAAAGATGGAATAACTGATCTCTCCTTCACTGTATCAGAAAAGGAATTAAATGAAGCCCTAAAAATAGTTGAAAAAACTGCTAAGGAAATTGGAGCTAAAGAAGTAATATATGATAACAACGTAGGAAAAGTGTCTATCGTTGGATGGGGAATTCAAAGTACTCCAGGAATTGCTGCAAAAATGTTTGGTATTTTAGCTTCAGAAGGCATAAATATAGAGATGATAACAACATCTGAGATTAAAATCACATGTATAATAAAGAGAGATCTAGTAGAAAAAGCAGTGAAGGCATTACATGAAGGGTTTAATCTTGGGGGAGAGGAATAATCCCCTCCCCCTTTTAAATTTTTTTACTTAATTTCTACTACTGCTCCCTCTGCTTCTAATTTAGCCTTAATCTCTTCTGCCTCTTGTTTAGATACTCCTTCCTTAATGGGTTTTGGAGTAGAGTCTACAAGATCTTTTGCCTCTTTTAAGCCAAGTCCTGTTATTTCCCTTACAACTTTAAGTACCTTTATCTTATTTGCTCCTGCATCCTTCAAAATTACATCAAAAGTAGTTTTCTCTTCAACTGGAGCTGCTGCCGCTGCGCCAGCAACAGGAGATCCCACTGCTGCAACAGGCATTGCCGCACTAACTCCAAACTCTTCCTCGAGAGCTTTTACTAACTCAACTAGTTCAGTTACTTTCATCTCTTTTATAGCTTGAATAATTTCCTCTTTATTCATTTCACATTACCTCCTTTTATTGATTTATTGAAATTTTTTCTTTTTCTTTAGCAATAGCATCTAAAGTCCAGACCAATTTATTAACAGGCCATTTTAAACTCCAAACAAGAGATGACAAAGGTGCAGATATAGCACCAACAACTTGAGACAGTAAAACTTCTTTTGGTGGCAGTTTTGCTAATTCCTTAACCTCATCAGCAGAGTATACTTCTCCTTCTATTATTCCACCTTTAAATTTTAACAATTCATGCTCTTTAGCATAATCTACAAGAGCCTTTAAAACTCCAAAAGGATCACCATAACAGTAGGTTATAGCAGTAGGCCCCACAAAAAATTTCTCCAAATCCTTATCAGGATAAATTTTACGGATTGCAAGAAGAGCTAAAGTATTCTTTACTACTCGATATTCTGCATTTAAAGGTCTTATCTTGCCTCTTAACTGGGTCAAATCAGCCACAGATAATCCCTTAAATTCTGTAAAAATCAAGGCATTAGCATTTAACATTTTTTGATACAGTTCTTCAACCTTCTGTACCTTTTCTGGCTTTGGCAATCTTTTCACCTCCTTCCTTATCCCTATTATTCAAAAATAAGGGAAAGCCTCCTGGCTTTCCCTTAAGTAATTGCTTTTATTTAATTTTCGAAAACCAGTAAGGCCTACGTAGGAAATTTAAGAACCTACGGTCTTCGGCCCTATTTATATTAACTTTTTACTTTTCCTTCTGCCTTATGCAGCCTCCTCTTGTTTTATAAGATCTGCAATATTCTTAGTATCTATTGGCACGCTTGGTCCCATACTCGGAGATATATAAATACTCTTGAAATATTGCCCTTTAGCTGCAGCAGGCTTTAATCTTAAAAGTGTACCTAAGACAGTCATCAAGTTTTTATATAATGCCTCTTCTGAAAAGGATGCTTTTCCTATTGGAACATGTACTATTCCGTATCGATCTGTTCTAAACTCTACTCTTCCAGCCTTATATTCCTTAACAGCTTTAGCAATATCATTAGTAACCGTACCTGTCTTAGGATTAGGCATTAGTCCCCTTGGACCTAAAATCTTACCTAAACGAGAGGGTATCTTCAAAGTTCCCATTATATCAGGAGTAGCTATTGCCACATCAAAATCGAGCCAGCCACTTTCAATCTGTTTTACTAAATCCTCTCCACCCACATAATCCGCTCCAGCTTCCCTTGCTTCCTGAGCTTTTTCACCCTCGGCAAACACTAAAACTTTCTTTTCTTTACCCGTACCATAAGGTAAAACCACCGTACCTCTTACTTGTTGATCAGCATGTCTTGGATCTACCCCAAGCCTAACTGCTAAATTTATTGTCTCATCAAATTTTGCAGTTGCAAGCTTTTTAACTAAACTTACAGCCTCTTTTGGAGAATACAGTTTTCCTTTCTCAATTAATGAAAGCAATTGTTGATATCTTTTTCCTCTCTTTGCCATGCCCAAATTCCTCCTTAATTAAGTGGTATTAACGAGGGGAAGCCTCTCCCACCATCTCATCAACCCTCAATTATTTCAATACCCATGCTCCTTGCTGTACCCTCAATCATTCTCATAGCTGCCTCTATATCATTAGCATTTAAATCTTTCATCTTTAGTTCTGCGATTTCTCTTATTTTACTCCTTTTTACCTTTCCTACTTTTACCTTATTAGGCTCTCCAGACCCTTTTTCCACTCCTGCAGCTTTCTTTAAAAGATCAGAAGCAGGGGGAGTCTTAGTCACAAAAGTAAAAGATCTATCCTCATAAATAGTTATCTCAACAGGTATTATCATTCCCTCTTGACCAGCCGTAGCAGCATTATAAGCTTTACAAAACTCCATAATATTAACCCCATACTGACCTAATGCTGGTCCAACTGGTGGGGCAGGTGTCGCCTTACCTGCAGGCAATTGAAGTTTTACTTTTCCTACAACTTTTTTAGGCAATTATATTCCCTC
CP001146.1_gap25	1267907	1268975	1068	CTTTCCCTGCAAACTTTATATGTGAAGCTATAGACCAGACCAGGGGATGGTTTTATAGCTTACTTGCTATATCGACTCTTGTGTTTAACGAACCTGCTTATAAAAACGTTCTTGTCACAGAGCTGGTCCTTGATGAAAAAGGCGAAAAAATGAGCAAACACAAAGGAAACGTAGTAGACCCATGGCTAATATTAAATAAATACGGGGCTGATGCTCTCCGATGGTATATCTTCACCGTAAGCCCTCCATGGGTACCGTTAAGGTTTGCTCCTGATGCCGTAAATGAAGCTTTAAAGAAGTTTTTGTTAACCTTATGGAATACTGTATCATTTTTCTCTATTTATGCTGAAATTGATGGGTATGATCCTAATCAATACTCTGTCTCCCTAAAGGAACTTGAAGATCTATCTGACAAGTGGATAATCTCCCGCTTAAACTCTCTAATTGCTAAAGTAAAAAATGATATGGAAAATTTCAATGCAACTCAAGCAGCAAGAGCAATTCAATCTTTTGTTATTGATGATCTCAGTAATTGGTACATTCGTTTGAATAGAGAAAGATTTTGGAAATCTGAAAAAGATAAAGACAAATGGGCTGCTTATACTGTTACATACACCGTTATAAAAGAACTTACTAAGTTAATAGCTCCATTTATACCATTCACAGCCGAAAAGATTTATCAAGAAGTAATAAGAGTAGCAGAGAAAAACTCTCCTGAAAGTGTCCACTTATGTGATTATCCTAATGAAATAAATGAGCTAATTGACACTACCTTAGAAGAAAACATGGAAATAATAAGAGAAATCGTAACTGCAGGAAGAATGCTAAGAAATCAAGCCAATATAAAGATAAGACAACCACTTTCTAGACTTTGGATTAAAGTTGATCCTAGAATTGAAAAAGATATTGAACTTCTTAAAAAATATGTACAACAAGAACTAAATATTGAAGAGATAATAATAGGAACCCCTGAAAATAGAGATGGTATTATCCATCACAAAGAAGAATTTTTTGAAATTGCTCTTGACACAAGCCTAAGTGAAGAATTACTAAATAAGGGAATCTTAA
CP001146.1_gap26	1275411	1278721	3310	CCTTTAGTTTCTCCTTTAAATCCTCTACCGATATCTTCAAAGTATTAACTCTTATGGCGATATTGTGAGCTTTATTTAACCATCCTAAAATTTTTACAGCCTCACCTTTTCCTATATAATCCTGCCATTCCTCAAAGATAAATTCTGGAATTGCATATCGTATATGGAAGGGAATTAAATTCAAATCTAAGTTATTTCTTTCTTTCACCATTCTTCTTGAAACTGCATTTATTAACTTTGCTTCCTTCGGAACCTTCCTTTTGGCTATTTCTACAATTTCATTTACAGCAATAGGCAAAATAGTATCTTTTAAGAAATATATGTGATAAGCAACTAATCTTAAGAGAATCCTACCAAAAAGACTAAGATTATCCCTCTTTACAAATCTTGACCAAATATAATCAAGAGTAGTTTTCCATCGAGTTACACCATAAACAAGCTCTGTGATAAAGTGTTTTTCTTTTAATGATAAATTATAAGAGGGAAGCCTACTTCTCAAAAGGAGATTTAAATAAGCTTCCCTCTTCTCAAGATCATATAAAATTTCAGCAGCCTTTAATCTTACCTCCATTTAGTCCCTTCTTCTCATATTCGCAAGAAGTATCAGACGGAGTAAGTTCAATAATGCTGTAAGAGCAGCAGCAAGGTAAGTAAGTGCAGCTGCATTCAGCACTTTTTTTACTCCCTCAGCTTCTTTCTGAGTTACAAGTCCAAGAGACAATAAAACTTCTTGAGCTCTCTTGCTAGCATTTATCTCTACGGGAAGGGTTATTAAATAAAACAATACTGCCAACGAAAAGGCTAATATACCTATATTCATTAAGCTAGGGCTTCCAAAAATAAATCCTAAGAAAAAGAGTGGAAAAGCAAGATTTGTTCCAATATTAGCTACGGGAACTAAAGATGATCTAAGAGCTAAAGCATAATATCCTGTAGCATGTTGTATAGCATGTCCAATTTCATGAGCAGCAACCCCAAGAGCCGCAACAGAAGGTTCTGAATAGACAGGTTCCGAGAGTCTTAAAACTTTTGTGGTAGGATCATAATGATCAGTTAAAGTTCCAGGAATAGGTTCTATTTTCACATCATTTAGCCCTACACTTTTGAGAATAATCTCTGCAGCCTCTCTTCCAGTAAGCCTACGAGAGTTTGGTATCTCAGAATAATATAGAAAAGTTGATCTTACTTTCATACTCGCATATATGGAAAGAATTAGAGCAGGCAAAAGCAAGATATAAGTAGGATCCCATAAAAAGAACATCAACACTCACCTCCTCATATTGTTTATTTATTCGAATCTCTCTCCTATATTTAGACGGTATCCATTCATAAATTCCAAGAAATTCATTTTCTTTTTACCTTCAGGTTGAAGCTCAAGAAGCCATAATATTCCATTCTCCACTTTAACTCCAATACCTTTCTTCCTGTCTTGTTCAATTATTGTACCATTTATTACATCCTCGTCAAAAAATCTTTTCTCAAAATTAGCTTTAAATACTTTTAAAATCTTACCCCTAAAAAAGGTCATAGCTCCTGGCTCAGGAGAGAGAGCTCTTATTTGGCAACATATTTTTTCTCCATCCATATTCCAATTTATTATTTCCTCTTCTTTTGTCAATTTGGGTGCATAGGATGCTAAAGATTCATCCTGAGGTACTGGAATAAGTTTTCCTTCCTTAATAAGAGGTAAAACCTCAAGTAGCAAGTCCGCTCCTAAATTAGCAAGTTTTATAGAAAGAGTTCCCTTATCATCATCAGGAAGTATAGGAATTTTTTTTATAGCATAAACAGGGCCAGTATCAAGCCCCTTTTCCATCTTCATTATAGATACCCCTGTTTCCTTCTCACAATTCATTAGTGCTCTCTCTATAGGTGCTGCCCCTCTATATTTAGGAAGAATTGAAGCATGAACATTTATTCCTCCGTAAGGAGGAATATTCAAAATATCCTCAGGAATTATTTTTCCATATGAGGCTACAATTAAAGCATCAGGTTTCAAGTCTTTAATAATATTAAAAAACTCTATATTTCCCTTAAGTTTTTCTGGTTGATAAACCGTAATACCTTTATTAATAGCAAATTGCTTCACTGGAGATGGTAATATCTTTTTACCTCTCCCCTTTGGTTTATCAGGTTGAGTCACTATTCCAATTATATTAAGATGATCATAAATTTTTTCTAAAATTATCCTTGAAAACTCAGGCGTTCCAAAGTATATAACTCTCATTTTTCCTCCGTCTTAAGAGTTTCTTCTACAGCCCTATCAAGTATTAACATACCATCAAGATGGTCAACCTCATGCTGAACCACTCTAGCAAGAAGCCCCTTTGCTCTATACTTTTTGGTTCTACCATCTAGATCTTGAGCCTTAAAAACTATCCTTTCAGCCCTTTTTACAGGTACTTCAACTCCAGGTACGCTCAAGCATCCTTCATAGTCTAATTCCTCACCAGACATCTCGATAATCTCTGGATTGATCAGGACAATAGGATTATCTTCGTAATCCACAACAATAATTCTTAAACTTTCCCCAACTTGAGGGGCTGCAAGCCCAACACCATTACAAAATTTCATCGTTTCTATCATATCTCTTGCCAACTCTTTAACTTTCTCATCAATTTTTTCTACCTTCTTGGCTTTAGTTTTTAGAATTGGATCTCCCACTTTTCTTATTTCTCTGATCATGTTCAGTCACCTCATGTTATTATTTCTCTCATATCTATATTAATTATAAATTTCAAATTTGAAAATGGACTTCTATTTTCCTCACATACCTTTTTCAAAAAATCGCTATTTATTAAGTTCTCATTATCTTTTATTATAATCTGATATCTATATTTGTCTCTAACAAAATATGGAAAATATGGTGCAGGACCAAGAATAGCCAGATCCTTAAACTCCTCTTTTATCTTACTAACAATCCTACCTCCCTCATCTAATATCTCTTTCTCATCTATATCTTCAAGAAGTATTTGATGAATTCTTGAGAAAGGAGGATAATTCAGAGACTTTCTATTTAATAACTCTCTATTCAGGAAATTTCCAAAAGAATTAATTTTTAATGCTCTTACAACATAGTGAGAAGGATTGTAAGTCCTAATTATTATCTCCCTTCCCTTATAAATACCAATTATTCTCTTTATCATATTAAAAGTCTTTTCAGGACTTGCAAAGTCTGGAATATGTAGAAAATTGTCTAAATTGTATATAATCAAAAGTCCAATCTTCTCATCATCAAGCCATGGTTCTATAAGTCTTGTACCTACCACAATATCTGCCCCATAAATTATAGTTTCATCTTGTAACTCCA
CP001146.1_gap27	1307406	1310266	2860	TCCCTTGTCTTGCAAGTTGAGTTAGATCTCTACCAAACTCGTCTAAGGTTGCTGTAACTGTGCGCTTCTTCTTTAAAGAATTATTGGTAGAAGTATTCATTTGTTGTCTACCTCTTATCTTAGTCGGATCTATAGGTTCGCCAAGAAGTTTCAATATCTCTATAGTAACATCCTCCAACCTTACTCCCATTCCCTCCAAAACATGAGCTGCTACACCTTCACCTTCTTTTAATAAACCAAGAAGCAAATGCTCAGTTCCAATATAGTTATGATTAAGTTCTTGGGCAGATTCGGAAGCATATTCCAATACCTTCTTTGCTCTCGAAGTGAAGGGAAGTGCTCCATAGGAGGTACCATCTCCACGTCCTATTAATCTTTCTATCTCATTCCTAAGATGATTTAGATCAAGACCTAGATTTATAAGAACTTGAGCAGCTATACCTCCTTCCTCACGAATCAACCCTAAGAGAATATGCTCTGTTCCTACTGTAGAATAGTTAAGTCTACGTGCCTCCTCCTGTGCTAAGAGTAGTACTCTGTATGCTCTTTGTGTTAGTTTATCCATCATTTCTCATGCACCTCCTTAAATGACACCTCCCTGATTTATTTTATAATTTTTAAGAAAGACACGCAACAAATCCGCCCTCACCCCATCCCTCTCCTCTGGGTCCATTCCCCTCCCATATTTTGTTTGTAAGTGCCCTGGTAATATCAGGATCATGAGAAGATCTAATACTTTCATAGAAATATCCAACATTTTGAAATATATTCCAAATCTCAAGTCTGATAATAAATTTATCGCCTCAAGACTATTTAAATATCGTGCATTACTCAATATTCCATATGCCCTTGCAACTATATCCTCTACATACCTCCTTTTTTCCCTAAATAAAAACTCTCTCACAATCACCTCTTCATCTATTATCTTCCTTGCTACCTTTTCCATCTTTTCAATTAATTCTTCCTCAGCAATTCCTAAAGAAGACCTACTAGTAATTTGATAAAATCCTGCAATAGGTTTACTTCTTTCTCCATAGATACCTCTTATAAGAATCTTATTAGATCTAAGCTTTTTGAGAAAATCTTTTATTTTACCAGAATAAGTTAAAGCTGGAAGATGAACGACAAAAGAAATTCTAACACCACAACCTAAGTTGGTTATACATGAGGTCAAATAACCAAACTTATCATCAAAGGCAAACTTAAAATAATCAGAAAAAATTTCCTCCAATGAAAGTAATTTTTTCCAACTTTCCTTTAACTCCAATCCACTACTTAATACCTGTAACCTAAAGTGATCCTCCTCATTTATCATTACACTAAGTTTACCACTTTTATCTACTAAAAGTCCAGCCCCTCTAATATTCTCCAAATGATCACTACTTATCAAATGTTTTTCAACTAGGGCATCAAGTACAATATTTGGTAACTTTTCTAATTTTAAAAAATCATATTCACTAAATCTTGTTTCATTTTTATAAACCCATTCTACTTTGTTAAGGATTCTTTTTCTCTGAGACTCTAATAATTGGGATGGAAAAACGAAATCCTCTAAATTCCTTGCAATTCTTATCCTTGTACTTACCACCACTTCTCTATTATTGTCTTTATCTTCTCCTAACCACTTGAGATATTTATAATAAAATTCTCTCATCCACCCCTCGTATCTATATTTTTAAGAAGATCTCTCAATTTTGCTGCCTTTTCATAATCCTCTTCCTCTATAGCTTTAGAGAGCTCAATTTTATATTTCAATATTTTATCAATTCTAAATTCTTTCTTAGCAGGAATTTTACCTTTATGGATTTTATTTCCATGATACTGGTATACCATTTTTTCTATCTCATCTCTAAAATAGGCATAACAATAGCTGCACCCCAACATACCAGTCTCTTTAATTTCTTCTAAAGATCTATTACATTTTGGACACTTTTTAGCTTTTTCTTCTTTCATAATATAAGTACCCTTAAATATATCCTTTATAACCTGTTTAAGACAACTTTCACAGATCGAATATTTTCTTCTTCCTTTTTCATCATCTATCTCCAAAATATATGTAGCCTCATTCTGATTGCAAAAATCACACTTCATCCCTAACCTGAGCACCTCTTTAAGAAATACTCATGTATTCTAGGATCATCCGTAAGTTCGGGATGAAAAGTCAGACCCAATATGTTGTTCTCCTCTACAAATATAGGCCTATCATTAAAGGTTGCATGTACTTTCACGTTTCGACCTATTTCAACTATTTGGGGAGCCCTAATAAATATACATTCATATTCTCTATCACCAATTACTGGAATCTTTACATAAGTAGAGAAACTCTCTCTTTGCCTACCATAAGCATTACGAGAAACAGTTATATCTAAAACCTTGAGAGTTTTTTGGTCAGGATGATTTTCTATTCTACTGGAAAGTAGAATCAAACCAGCACAAGTTCCCATAGCTGGTAAACCATTAACTAATTTTTCTCTAAGAGCATCAAATAATAGACGATTTTCCAAAATAGTAAAGAAGGTAGTACTTTCTCCTCCAGGAAGTATTATTCCATCAATAATTTCCAGATGTTCGGGTTTTTTAACAAGAACCGTTTCAACCCCTAATCTTTCCAACATATTTTTGTGCTCTACTATAGATCCCTGTATAGCAAGTATCCCTATTTTCATTTTTACCAACCTCTTACCTGTAATAATTCGGTTTCAGAAAGTTTTCTCACATCAATACCTGGCATAGGCTCCCCTAGATCCTCCGAGATCTCGGCCAAGACATAAGGATCATCATAATAAGTCACAGCAAGAACTATAGCTCTTGCCCTCTTCCTAGGATCCTTAGACTTAAATATTCCAGAACCTACAAACAC
CP001146.1_gap28	1331705	1332719	1014	TTACATCATGGGTCATAAATTCAAAAAGCACCAAATCCCAATAGGGATACTTTACAGTATTAGCCATTATTTTCAAATCGTCATATAAAACCTTTAAAAAACCAGAGTATCCCTCTAAAAGAGGGGCATAAATAGTCTCCTTCAAAAGGTTATAAGCATCACTCAAATCAGCATTCAAAAGAATTTCCCATTGACGCTTATCAAGAAGCTTAGGTAGCTTTGCTTTTAAATTTGTAGAAAGAAATAAATATTCTGTATACATACTTACCTTTCTCCATGAAGAATTTGCGCTATTTCAAGTATGTTTTTATTAACTAATTCTTCAATAATCGTATCAACAGTAAGGTCGATCACTAAATTATCTTTTTGAATTACAAATCCACCATTTCCCTCCATTCTATCCTTACTTAAAGTTAAACTATATTTCTTGCAAAAATAATCTACGTCAATCTTATCCTCATTTTTTGTGAGAATCATCTCTCCACTTTTTATGGACTCTCTCTCAAGCAAATTTTCCCAAATCTTATTGTAAACTTCATTAGAGGAACTTTTAAGCCTCTCTAAGACCAAATTCTTAACTTTAGCAATTGCATCAGACTCTATACGTAGCTTTTCAGCATTATACTTAAGCTTTAACTGAGCAGCCAAAGTATTTTCTTCTCTATTAAGCTTCTCTTTCAAGCTTCTCTTTTGTTTTTCCTTCCATTCTTCTAATTCTTTTTCCTTTTTAGCTACAAACTCTTGGAATTCTTTTTCCTTTTTATTTTTGATCTCTTCAATCTTTGTTCTCTTTTCAGTTTCAAGTCTCTCAACTATTCTCTCTAAGGACATTATAGCTTCACTCCAAAGAACAAAAGAATTATTGATGTTATTAAAGAAAGAATAGCATAAGTCTCCACAAGAGCAGGAATAATAATAGCCTGTCCAGAGGTTTGAGGCTTCTGAGCTACCATTTGAAGAGCAGCAGCACTCGCCCTACCCTGCCACATACCACTCACATATTCTCCAATCATA
CP001146.1_gap29	1334068	1338713	4645	ATAGCATCAGGAATATTATCCCTAAGTAACGTTAAAAATCTTTCTTTATCCCTCTTAGGTATCCATCCTGAAAATATGGTAAAGTAATTACTGTGATGAGCAAGACTTTTTGCCCCTACCTCTTTTATTTTGGCCACATAATAATCGTACCATGCAAGAATATTCTTCTTTTTAGCCAATAATTTTTCAGCCTTTAGATACAACGCTTTTAATTCTTCTTCTACCTTATTCAAACTCCTCTGAATTTTCTCAAGACCTTCGACAGGAGAAGATTTCAAATAAGGAATACGTTTATGATTAAAGTTATGTTTCTGAAGAAGGTTTTCAAAAATTTCAGAAAGAGTCTTAGGTACAACAAATATAACCTTCACAGTTTTATTACTAACAAAAGCCTTATACCAACTTTCTTCAAGCACATCTTTACTATCCTCTAAAAAACTATTCCATTCATCTTGTGTAAAGCCACCACAATACAAAGCAAATCTTTTAAAAACTCTAGGAAAATCAAGAATTTCATTAACATCTACCCAATAAGCTGTCTCTTCGTATAAATTAGACAATAGCTTTTTCTTCTCTTCTATCACATTAAGAGTTCTTTCTAAAATCTTTGCTTCTTTATATAGTTCATCAACAGAAACTTCTGATCTTAACTTCTCAAACTCTTCTTCTGTTATCTCCTCTCTTCCAGCAAAAAATGCCTCTAAAAATCCCTTTCCTTCTGGATAAAAAAATCTTAAGATTTTTAATATCTCATCTAATTTTGTAAGATAAGCATCATAAGGAGAACTCTTTTCAGGGTTTCCTTCTTCAGTCAGTTTCTCCCAGTGTATGTCTTCAAAGCCTTTAAAAATAGAAACTACTTTTTCTTCTTTTTCCTTAGGAAAGATCAACCAGAACTTTTCAACTTTTAAAATAGCCATAATTTTTTCATCCCTACTTTTCAATTAATTTATCCAGAAGATAATCTACAATACTAGGTATTCTCTTTTCTACTACTTCTTTATAAGCATTAGTTTCGTTTATATATTCTTGCTCTAATTTTTCCAGCTTTACTTTTAAAGAATCATAATACTTTCTTTCTTCAGCTTTTAATTCTTCCAAAAATCTTTGTTTCTCCTCTTCTACCTTTGTAACATACTCTTGAACCTTCCAATAATATTCTTCTTCTAATTCCTTTTTTGCTTTCTCAATCTCAAATTCTACTTCTTTTTCTTTCTCACTTATAAAAGAAATAACATCTTTAATTTTCTCTTCTCTCATAGCTCTACACTACCTTTTGCACTTTTCCAGCCTTCAAACAACGGGTACACACTTTTATGGTTTTAACTTTTCCATTAACAAGAGCACGAACTTTATGAAGATTAGGAAGCCATCTGGTTTTAGTCCTACGATGAGAGTGAGATACTTGCAATCCAGTCCATGGACCTTTGCCACAAATTTCGCATCTTCTTGACATTTTGCATACCTCCTTTCTTTATAGATTTTAAGAAAATATTTTTAAACTTGTGTTAAAAAAATAACAAATTTCAAGAAAAATCGGTTATAATTATATCATATGAAGAAAAGATTGCCAGCAGTGGCAGGATATTTTTATCCTGCCACCTCAAGAGAGCTTTTAAATATGCTATCTCAGTTTATAAAAGAGGTGCCCAACAAAGTACCTCTCTGGGGATGTATTGTTCCTCACGCTGGATACATTTACTCAGGAAAGGTTGCTGGAGCAGTATACTCTCTCATGGAAGTTCCAGATGTAGCCATAATTATAGGTCCGAACCATAATGGACTTGGATACCCCTCTGCTATTTATAGTGAAGGAATCTGGACTACTCCCCTCGGAGACGTAGAAATAGATTCTGTTCTTTCACAAAAAATCTTACAAGAATCTGATTATCTTAAAGAAGACGCCTTAGCTCACCAACCAGAACACTCTCTTGAGGTTCAAGTACCTTTCTTACAATATATAAATCCCAACATAAAAATAGTACCCATAACTGTGGTTGACTACAGCTATGAGGTGCTAAAAAATCTAGGATATGCTATAAGCCAAGCCGTAAGAGATTATGAGTATAACACTGTGATAATTGCAAGCTCAGATTTTTCTCACTATGAACCACATGAAATTGCAAAACAGAAGGATCTTTATGCTATAGAATCTATTCTCAATCTGGACGAAAAAGAGTTTATAAAAAGAGTTATAGAAAAAGACATTTCAATATGTGGAGTAGGCCCAATAGTTATCACAATGATAGCCGTAAAATTACTGGGAAGTAAAAGAGCAAAACTTGTTGAGTATCAAACTTCAGGTAATGTAACAAGAGATTTTGATCAAGTTGTAGGATATGCTGGAATAATTTTTCCTAAGTAAAGAAAGTGGAAAGATTAGGAATAGTTGGACTTGGAAATCCAGGATATGAATATGCTAACACTCGCCATAACGTGGGATTTATGGTGGTTGATTATTTACAAGAATTCTTTAAATTTCCACCATACAAAAAGACAAGCTCAAATTTAATTACTTTCGGAAGAGTACACAACACAGAGGTCTATCTGGTAAAACCTCAAACTTATATGAACCTAAGTGGTATAGGAGTCAAAGAATTTTTAGCAAAGTTTAACTTTAAACCCGAAGAAGTTCTTGTAATCCACGATGATCTTGATCTTCTTGTAGGAACCATTAGGATCAGATTTGATGGAAAAGATGGAGGACATAATGGAATAAAATCCATAATAAAAGAAATCAATACGCCTAATTTTTATAGGCTTAGAATAGGTATTGGAAAACCTAAAGATAAAAATCAAGTTGTAGAATATGTATTAGGAAATTTTGAAGATGAGGAATTTACAATAATTAACAAAATTATACAAAGCTCCCCCCAGATAGTAGAAACTATCATAGAGAAAGGATGGGAAGTAGCTCAAAACTTATACAACAGAAAATGCCTATTCTCTTAGAAAAGGTCTTAAGAAGTAGTGAATTTAGCAATTTAGAAAAAGAAATTAACTCAAGGAGCAATATTAAGCTTTTTGGAATTTACAAGGGATTCTTTCCCTTACTTTTTTTATACCTAAAAAGATATAAAAGACCAATTTTATGGGTAACTAATAATGAAGAGGACTTAAGCATATGGGAAGACTTACAAGAAGATTTGGAATTAAGCATATTACCTCCTTATGTTCATCTTCCGTATGAAAGACCTCTAAGATCGCCACAGGTTCAAGGAAAAAGGTTAAAAGCTATTTCCGACATAATTTACAACAATAGTTTTTCTATAGTAGCTTCCTTAAAATCCCTAATCTACCCTCTTATACCCAAAGAAAATATTGAAAAAAGAATTTTAAAAATTAAAGTGGGAGAAGAAATAACTCGAGAAAAGATAGAAAAATTCCTCGCAGAAAACCTATATCAAAGAACACCTCAGGTAGAAAAGATAGGAGAGTACAGTATAAGAGGTGGAATTCTTGATATATTCCCTCCACTATATGAAAATCCCATAAGAATAGAATTTTTTGGAGATGAGATTTCTTCTATAAGATTCTTTAACTTAGAAGACAAAAGATCTATAAAAACTACAAAAGAAGTTATTTTAACCCCCATTTCGGAATTGATTGAAGATAAAAATGAAGAGAGCTATTTTCTAAAAAACAAAGAGATAAAAACATATCTATTTTCATATTTACCTAAAGACACCATCTTAGTCTTTGAAAACCATAAAGCAAGCCTTGCATTACTTGAGAAATGGACTGGAAAAGGACTTGCAAATTTTGAAAAAAGAAGAACTAAAGAAAACCTACCTGAAGGTTTATATCTTACCGACTATGAATTACAAAATTTCATTTCTAAATACCAAGTTTTAGACTTGAACAGCACAGAGCCAGATCTTGTATTTACTATTTACTCTCCTCCATCCTACCGAGGTACTAACGAATTTTTTGAAAAAAACATAAAATCCTTCCTTGAAAATGGCTGGGAAGTACACATATTCTCAGAACACCAAGACATAATAAGAACAAGATTAAAAAACCTAAATGTGAAATACTTAACCGAAGAAAAAGTAAGAGAAGGATTCTTATGGGAGAATGAAAAAGTCCTTGTGATTACCGATTATGAAATATTTGGTAAAAAAAGAAAAAGAAAACCAATAAGATACGAAAAGGGATTAAAACCAAAAGATTTATATCTATTAAAAGATGGAGATTATGTGGTACATGTAAATTATGGAATAGGAATATTCAGGGGCTTAAAAAAGCTTAAAATAGACGATGTAGAAAAGGAATTTATATACATTGAATATGCTAACAATAGCTTTTTATATGTACCCTTAGAGGAAATGCATCTTATCCAAAGATACGTATCCTCTTCACCAGAACCCCCTCAGATAAGCAGATTAGAATCTCACCAATGGGAAGAAACCAAAAGAAAAGTAAAAGAATCGGCAAAAGAGATTGCAGAAGAATTGTTAAAAGTTTATGCCCAGAGAGAATTAACAGAGGGTTTTGCCTTTTCTCCAGATAGTCCTCTTCAGGAAGAGCTTGAAGCAAGTTTCCCTTATGTAGAAACAGAAGATCAAATAAAAGCCCTTAAAGAGATAAAAAGGGATATGGAATCAAAAAAACCTATGGAAAGGGTACTGATTGGAGATGTGGG
CP001146.1_gap30	1378337	1379258	921	GGAAGACAAACTTCTCCTGGCTCTTCCACAATCACAGGCATACTTAAGGCAAGACCAACCTCTAAATTATTACCTTGGAGATATAAAGTATCATTCTCTGCCTTCATATAGACATAAGTCAGAATAGGTATAGTAGTCTTTGTAGCAACCGCACTTTTAACAAATTGCAATGACTTATATAAATCTTCTTGTTGAGTAATAAACTTCATTATTTCCTCCTCCTTCTTATGAGTTTAATATACACTTTTCAATTATACCTTGACATTAAAAAAATAAAAAGTTTTGCTATTGACAATTAAATAATTCCGACTTAAAATGTAAATGTTGAGTAAAAAACTAAACTTTTAGGAGGTAAGATGTTTCGAGTATCTGCCAAATTGGAATACGGATTAAGAGCTATGATATACTTGGGGGAAAATTACCCCCATGAGAAGGTTACCCTTTCTCAAATATCCCAAAAAGAAAATATATCAAGAGAATTTCTTGCTCAACTAATGTCTGACTTAAGGAGAGCAAATCTCATAGAAAGTTACAAAGGTATCACAGGAGGTTATACTTTAACTAAACCCCCAAAAGAGATTACTCTAAAAGAGATTTTTGAGGCATTAGAAGGGCCTATTCAAATTATTGATTGTATTCATTTAGAAAATAAGTGTGAAAGAGAAAACACTTGTTATTCAAAAAGCGTATGGAGATTTATAGAGAAAAAGATCATAGATCTTTTAGGAAAATTAACCCTAGAAGATCTTATTAATGGAACAATTAGAAAGGAGGAAGTTTTGACACTATGAAAGAAACAATTGGAAAGGAAATGTTAAGATTAGAAAATTTGAAAGTCGAGGTAAAAGATGAAGTAATTCTTGAAAATATAAATCTGTCTCTAAATGAAGGAGTTCATGTACTTCTTGGGCCTAATGGTAC
CP001146.1_gap31	1382724	1383713	989	ATCAAGTACTTAAAAGGCTTAATGGGAGACTCTTCCCCTTAGGTTGGCTTAAATTTCTATGGTATAAAAATAAAATAAATAGAGCGAGAGTATTTCTACTTTTTGTAGTACCTGAATTTCAATCAAAGGGAGTCCCTGCCGCACTATTCATTGAATTATTAAGATATGCTAGGGATAAAGGCTATGTTTTCGCAGAAGGTTCAACCATTAATATCAACAATAATAAAATGTGTCGTGAGGCTGAAGGAGTAGGAGGAGTACTTTACAAAAAATTTGTAATATTTAAAAAAGAAATTATAAACTAATAGAAAGGGGGTGTCAATAGAAAAGTTTTCCTTGACTTTATCTCCTCTTCTTCTATAATTAAATAGAACTTATTAATTAAATAAAAAAACAAAAAGAAAGGGAGTAATAAATATATGGAGACTAAAGACAAAGAGAGGCTTTCAATTGAAGAATGTGAGGCTTTATCAGATATCTTTAAATCTCTCTCAAGTTATGTAAGAATTCATATACTCTGTGCCCTTTCCGATGGAGAAAAAAGTGCAGGAGAGATAGCCAAACTTATAAATGCATCCTTTGCAAATACATCTCAAAACTTGAAAGATCTTTATAACTTAGGACTTCTTAAGAAAAGGCGTGTAGGCCAATTTGTTTATTACTCTTTAGCAGATGACTCAGTTCTTGAACTCTTAGAGCTGGTAAGAAGAATTAGGTTCAAATCCAAGAAAGCTTAAAAAAAGAGGGGAGGCCTAAAGGTCTCCCCTCTTTTTTATCCCTTAAGTTATCTTAAAATCTTACAGAACCCGAAATAGATCCTGCAACAGGAGCCATATTCGTTGGATCTAAAACAATGGCCATATCAGCTTGTACAAGTAAGATATTTGCACCTAAACCAAGGGTATAGATTTGAGGTTGTAAATTTGCATCAAGTACTGCTCCGCCTCTTGCTGTCAATACAAAGAATAGTGGTTGTTCTACACCTACTC
CP001146.1_gap32	1388986	1393963	4977	TAACTCCAAGAATTCCCTTCATCCTACCCTCTGCAGCCTTCTTAAATGCCTCATTAACTTCCTCAACAGTAACATTCTTTTGTAATATACATACTAAGTCGGTAACTGATACGGTAGGAGTTGGAACCCTCAATGCTACACCATGCATCTTTCCATCAAGTTCTGGAATAACTCTTCCAATAGCTTTTGCTGCACCAGTAGATGTGGGGATAATGTTTAAAGCAGCAGCTCTTGCTCTTCTTAGATCTTTATGAGGAAGATCTAAAATTCTCTGGTCATTAGTATAAGAATGGACAGTGGTCATTAATCCTTTTTCAATACCAAAATTATCAAGGAGTACTTTTGCTACAGGAGCTAAACTATTTGTAGTACAAGATGCATTAGAAATTATATGATGCTTCTCAGGGTCATATTTCTCCTCATTAACACCCAAAACGATAGTAATATCTTCACCTTTAGCTGGAGCAGAGATTATAACCTTCTTTGCCCCACCAGAAGTAATGTGTACCTTTGCCTTTTCAGCATCAGTAAATAGTCCTGTAGACTCAATAACTATATCCACTCCTAAATCCTTCCAAGGTAAATTAGCAGGGTCTTTCTCAGCAAAAACTCTAATCTCTTTTCCATCGATAATTATAGACTTATCAGTGTATTTAACCTCTCCCTTATAGACTCCATAGTTGGAATCGTATTTAAATAAGTGAGCAAGAGTTTTAGTATCGGTAATATCATTGACAGCCACTACTTCTACTTTACCATCGTGTCTTTCAAAAAGAGCTTTTAAAACCTGTCTTCCTATTCTCCCAAACCCATTAATACCAACTTTAACTGCCATAAGAACACCTCCTGAAATCGTTAAATTTTTCTTTAATTTCAATCTACATTATATCACTTATATTTTTTTAATTTTGTTAAAATCTTTTTAAAACAATCCTTCTACACATACAAACTTAATATCTTTCCTGGAACATAAACTACTTTTTTGATTTCCTTATTATCCAAGTATTTCTTAACATTTTCTCTATCAAGGGCAAGTCTTAAAACTTCTTCTTGAGTAGCATCAGCATTTACATCAATTCTATCTCTTACCCTACCATTTATTTGTATAACTACAGTGACAATTTCTTCCTTTATCATCTCGGGGTCATAAGACGGCCATTTCTGCATATGTACACTATATTCATTACCTAACTCGCTCCACAATTCTTCAGTTATATGAGGAACAAAAGGAGAAAGCAGTAGGATAGAAGTTTTAATTGCTTCTTCAAAAGCAGGCGTTCTTCCAAAGTTTCTCTTATGATCAAACAGAAGATTAGTAAGTTCCATAATTGCTGCTATTGCTGTATTAAATTTGAAATTCTCAATATCCTCAGTGACCTTTTTAATAGTTTTATGAAGCTTTCTTCTTATTAATTTCTCTTGTTCCTCATCCACTTTGGGTTCTACCTCAGCATCATCTAATACAAGCCTCCAGAATCTATTCAAAAATCTATTAGCACCTTCCACTCCTTCATCGCTCCATTCAATATCCACCTCGGGAGGTGCCACAAAAAGTATAAAAAGTCTTGCTGTATCTGCACCATAGTTTTCTACCATGTAATCCACAGAGACAATATTTCCTAACGACTTAGACATGATCTGACCATCTTTGTAAACCATACCCTGAGTAAACAACCTCTTAAAGGGCTCTCTTACTGGACTATATCCAGCATCATATAAAACCTTAGTTATAAAACGAGAATACAAAAGATGTAGAACGGCATGCTCAATTCCACCTGTATATTGATCTACAGGCATCCAATATTCTGCTTTTTCTCTGGAGAAAGGCTCTTTATCATTATGGGGATCAGTATATCTAAAGTAATACCAAGACGAATCTACAAAAGTAGCAAGAGTATCCGTTTCTCTCCTTGCAGGAGCACCACACTTAGGACATTTTGTATTTACAAATTCTGGCACCTTGGCCAGAGGACTTTCTCCTGTCCCTGTAGGTTCAAAATCGGAAAGTTCAGGAAGCTCCACAGGAAGATCTTCATAAGGTACTGGCACAATCCCACAATTAGGACAATATATTATAGGAATAGGAGCTCCCCAGTATCTCTGTCTTGAGATAAGCCAATCCCTCAACCTATATTGAACTTTCTTTTTACCAATTCCTAAACTCTCAAATTTTTCCACAATTAATTTCCAAAAATCAGAGCTCTTCATTCCATTGTATTCACCAGAATTTATCATTACTCCTTCTTCTTCATAGGGAAGTTCAGGCAGCTTATCAGGATCAGGAGTAATTACAGGTATGATAGGAAGATTAAATTTAACTGCAAAATCATAATCTCTTGAGTCATGAGCAGGAACAGCCATTATAGCTCCAGTACCATAGGTAGCAAGAACATAATCTGCCACATATATAGGAACAGGTTGTTTTGTCAAGGGATGAATAGCATAACTTCCTGTAAAAACTCCAGTTTTCTCTTTTTCAGACGTAAGTCTCTCAAGCTCACTCTTATTTTTAGCCTGCCTTACATATTCCATTACTTCATTTAGATATTCTGGTTTGGTTATCTTCTCCACCAAGGGATGCTCTGGAGCAAGAACCACGAAAGTTACACCATAAATAGTATCAGGCCTTGTAGTATAAACATAGATCTTTTCATCACTACCCTCAACTTCAAAATAAAATTCAAGACCTTCCGACTTTCCTATCCAATTTTTTTGCATCAGTTTCACTTTTTCAGGCCAGTGCTCTAAAGTATCGAGATCTTTTAAAAGATCCTCTGCATACTCTGTAATCTTAAAGAACCACTGTTCAAACTCTCTTCTCTCAACAGGACTCTTACATCTCCAACATTTTCCATCTATTACCTCTTCATTAGCAAGTACCGTTTTACAAGTAGGGCACCAGTTAGCAGGAGCCTTTTTTCTATAAGCAAGTCCTCTTTCATAAAGTTTTAGGAATATCCATTGAGTCCACTTATAATAATCTGGAGCACAGGCCGTTACTTCCCTATCCCAATCATAGACTACGCCCATCTTAAAAAGTTGTTCCTTCATTCTTGCAATATTTTTATAAGTCCACTCCTTGGGATGAACCTTATGCTTTATAGCAGCATTCTCAGCAGGCTGACCAAAGGCATCCCAACCCATAGGGTTTAATACATTGTAACCCTTCATGGTGTAATATCTTGCCACTACATCTCCAATGGTATAATTTCTCATATGTCCCATATGGAGATCTCCAGAAGGATAAGGGAACATGACAAGGGTATAATATTTTGGTTTATCAGACCTCTCTGTCACATGATATAGTTTGTCCTCATTCCACTTCTTTTGCCATTTAGGTTCTATCTCCTGTGGATTATATCTCTTCATCCTTCTATCCCTCTCCTTTTTCAAAAATTTTCTTAACTCCAATTATATAAAAGTATTTATTCAAGGACAATAATTTACATACAACCAAAAGAGGGCTGAGTTCTTATAAACTCAGCCCTCTTTAAATATTACTGAAGAATATACTGTATTTAGAAGCCTAAAGTGAGATAAGAATAAGCTCTACCCGTCTCATTAGGATTAGGAGTTCCTTGCCATATAGGGAAAGCATATCCCATGTAAAGATTTAAAGGTATATCTAAAAAGGTTATAAATTTCCAAACACTTTCAAATCCAAGTCCTAAGTTTAGTCCAGCTTTATCAATAGAATTTACATCTTCCCATACTCCTCCAAATTCCAAATAAACATTTGTTTCGAGTCTTCTTAAAATGAGCAGATTGAAGAATTTCATTTCCAAATCTTTAGCTACAGGAATATTCCAATTAACAAAAGAAGCAAGTTTTACATTTCCATAATACTCAGAAGTTAGAGATTTAAAATCAGAAAGATTAACCTTTTCCTCTTGTAGAGGATTACCACCCACATATCCAACTTCAAAATTTATATTGAGCTTACTTTGAGGAAAAACTAAGAAATCTTTGCTTAAAATTCCATCAACCCTATATACCTCAAAACCTAAATTGGAATATCCAATTCTCAATGAAAGTTGACTTAATAATGCCTTTTTATAATAGTCTGTAAATCTAGTTAGCACAAAATCGAAATATAGCTTGTTATTTAAGAGTTCGTTATAGGACAAAGAGAAATTCATTGTATAAGCTTTATCCCAATAGTTTCCACTTATACCAAGATCAAATTTTCTCCAAATATTCTTCGTAAAGGAGAGTTTCCCCATAAAAATATCAGGTTCCATAGCAATAAGCTGCAATACAAAGTTGTCATCCTTAGGAAGATTACGTTGATATACAAAATTCAATCCTTTATATCCTTCTTGATAAAAACTCTCAAAAAGTAGATGGAAATTAATAGGATCATAAAATTCAACAGAATAAGAAACATAATTAACTTCTCCTGTAGAAAGATCTATACTCAACGATGGCAAATCTTGATAAAGAAAAACATAAGCATCCAAAGGAACTTCTCTTTTAGAAGTGGTGATTATTTTTCTAGGATACCAGTTATTAATCCTATTAGCATCTGGTATTTTGGAATCTGGATCTAACACTACTCTTTCGGGAAAGTTCTCTGTCTCTATTTCTATGTATCCTTTTTCTCCATCATATATTACCTTCTTCTCTTCTCCATTTTGAGCTATCACTTTTACCTCTACAGGTAAGGAGATGTTGCCATTATTTCTTATATAGATCTTACTCACATACTTTCCATTATTATAAGAAATTGCCACATTTGTAATCTCATAATCTACCTTCCCTTTAGAATAGAACCAATTCTTAAAAAATTCTCCTAAACTCTTCCCACTATACTTCTCAAGTTTATCCTTAACTTCATCTGTAGTAATAACCTTTCCTTTATATTCACCATGCAAACTTTTGATATATTCGTCAAAATTCTCTTCACCTAATTCAAAGGATAAAGCCCTCAAGACTAAATAAGCCTTATTATATACTTTATCACTGTAACCATTAGCA
CP001146.1_gap33	1442229	1444297	2068	TGGAACATTGACAAATTTTATCTCCTTACTCATAATCATTTCTCCATCAAAGCTTATTATAAGTTCATGGTCTGAAACAATCTTAACCTCTCTACCTCTATATATTTTAATATGAGGGTTTATAGTATGTTTTCCTACATATACTAAGGGAAAGGTTGCTACTAATTCTAAAGGATGTATTTTTTGAACAATACCTATATCAAAGTATCCATCCTCAGGATCAGAATTAGGAAGTAATTTCATACCTCCGCCATAATAGGAAGTGTTTCCAAGAGCAATAAGAGTAATTCTACCCCTCCAAGATACCCCATCAAAGGAAACCTCACATTCTGGATATTTAAAGCCTTTCAAAGTGGTAAAAACTGAAATTATATAACCTTTAAATCCTGTCAAGTTTAACTTATTTGAATTATAATTTACATCTCCTACAAAGCCAGTACCAGCAATACCTACAAAGTATCTTCCATCAAGAAGCCCCATATCAACTTCCCTTATAACTCCATTCTTCAACAATTTTACCGCTCCTCTAAGATCTCTTGGAATTCTATAAGATATAGCAATATCGTTACCCCTTCCCAAGGGAATAATTCCTAAAATTCCTCTACCCTTGAGACCATTTACCACTTCATTTATAGTACCATCACCACCTGCTGCAACCACTACATCTGCTCCTTTTTTCAGAGCCTCTTCCACCTGCCTAATGGTTCCTTCCTTGCCTAAAGTAAACTCAACAGTATAATCAATTTCCTCTTCATTGAGAATTTTAATAAGTTCATTATATTTTTTCTCCGCTTTTCCGCGGTTTGAGGTTGGATTAAAAAGAATATGGTATTTCACTTTTTACCTCCTTTATAATATCTATCTTTCTCACTATATATACAACCACAATATTTTTGTCTATATAGGCCATACTCCTTAGACAAATTAACTCCCTCTCTATAACCCACTCTGAAATCTTCATAGTAAAACTCTATCTTATATTCATTAGCAAGGTAATTTGCAATATCCTTAATAAGGTCGTGCCTCTGATAAGGACTCACAAGCATTGTAGTAGAAAAAAGATTAAATCCAAGCTCTTTTGCTTTTTCTACTGTTTTCTTTAAACGCATATAATAACACACAGGACATCTTTCTTTTTCTCTATAGACTACCTGCCTTATAAACTCTTCAAGAGCATAGTCATCTTCATAAACTACCGGTAAATTTTGGTTCTCAGCAAAATCCTTTAGAGTATTTAAACGCATTGAATATTCTGTATAGGGATGAATGTTAGGATTATACCAAAAACCTGTAACATCAAAATTTTTTTCCCTCAATACCTTAAGAGGATAAGTAAGACAAGGAGCACAACAAATATGAATAAAGATTTTCTTATTGGTCATGATAATACCTCATTATATGAGCTAAACCGAGAGGAGTTATAACTCTTCCCCTTGAAGTCCTCTGAATAAAACCAATTCTTAAAAGATAAGGTTCATATATAGACTCAATAGTTTCAGGAGACTCATTGAGAACTGCTGCCAGAGTTTTCAACCCCACAGGTCCTCCTGAGAATTTATCTTTTAAAGTAAAAAGAATCTTTCTATCTAACTCATCAAGACCATTTTCATCAATACCAATTAATTCAAGAACTTTTTTAGTTTCTGTTAAATCAATATTTTTATTATCCCTTAAATCAACATAATCTTTTATCCTCTTTAAAATCCTATTTGCAATTCTGGGAACACCTCTTGATCTCTTAGCAACTTCATAAATAGATTCATAGGAAAGATTTAATCCAAGAATTTTTTGGGATCTTTCAATAATCTTAACCATCTCTTCATGAGTATAAAAGTCAAGAGTTGCTATAAAGCCAAAACGATCTCTCAGAGGAGTACTAAGCAATGCAGGCCTTGTGGTTGCACCTATTAGGGTAAAGGGGGGAAGTTTTAGACTCAAAACTTTACCGCCTGGACCCTTTCCAGCCACAATGCTTATACTTCCGTCTTCTAAAGCAGAATAAAGTATTTCTTCCAAGGAAGGACTTAATCTGTGAATTTCATCTATAAAAATAACTCCCTTCTCTTCA
CP001146.1_gap34	1629697	1633898	4201	TTATAGGTTCTATATAAATCCTATCTGCCATCTCCCAATCGGTCATTATGGTAGCAGGATTAGAGTTAATAAGTACTACTTCTACCCCTTCTTCCTTTAAAGCCTTACATGCTTGAGTACCAGAATAGTCAAATTCTGCTGCTTGTCCTATTACTATAGGTCCTGAACCTATTACTAAAACTTTCTTATATTTCTCCAATGTAGTTCACCTCACTCATCAAAAAAGTCTATAGTATTCATCAAATATAAACTTAGTATCCCATGGACCTGGAGAAGCCTCTGGATGGAATTGAACCGCCACTAAAGGTAGAGAATTATGTTTTATACCTTCCACAGTATGATCGTTCAAATTATAGTAATTTACCTCAAAGCCAGGGGGTAAAGTTTTTTCATCTATGGCATAACTATGATTTTGGGAAGTTATATAAGTTCTTCTTGTATCCACATGATATACAGGGTGATTAGCTCCTCTATGACCAAACTTTAACTTATAGGTCTTAGCACCAAAACTCAAGGCTATAAGCTGAATACCTAAACAAATTCCAAGAATTGGCTTTTCAAGGGACATGATTCTTCTTATGGTTTCTTGAACATACGGTACATTAGCAGGATCGCCAGGCCCATTGGATAGTACTATTCCATCAGGATTATAATTTTTAATATCTTCAAAGGAAGTCCATGCTGGGAAAATCTTAATTCTAAAATTATATCTCAATAGTTCTCTCACTATACCCATTTTCACTCCAAAATCAAGAAGAGCAAGCTTTTTATCCCCTTCTGGATTTATCTCATAAGGAACAGTAGTAGTAACTCTCCTTACAAGATCAAGATAGCTAAAATCATATTTCAAAAGTTTTTTGGCTAGTACAAAGGCGTCCTTTTCTTTTGTAGAAATAATGGCTTTCATAGTACCAAACTTTCTTATTTCTCTTACTATAGCTCTGGTATCTACTTTGTGAATTCCAACTATCTTGTTCTCAACCAAAAATTCTCTAAGACTTTTCTCGCTATTCCAGTGAAACTTGTAATCATTAAACTCCCTTGCTACAACTCCACTACAATGAATCTTTGAACTTTCAAGTCTTTCTGTATCTACACCGTAATTTCCTATAAGGGGATAAGAAAAAACAATTATTTGATTAGCATAAGAGGGATCCGTCAAGGTCTGAGGATATCCTACCATTCCTGTATTAAAAACAATCTCACCCACCACTTCTCCTTCATATCCAAAACTTTCCCCCACAAAACTATGTCCTGTCTCTAAAACAAGAATAGCTTCTTTTCCTCTCATTATTAACACCTCTTCTGTAAAACATCTTTTATATTTTCTATACCCATTTCAAGCTCTTCTTTGGTTATTATTAGAGGAGGAAGAAGTCTTAAAACATTCTCTCCTGCAGAAAGAACAAGGATACCTATTTCTATCAATTCCTCCTGAATTTCTCTTGCCTTTATACCATTTAGCTCTATACCCCACATAAGACCTCTACCTCTTATCTCCTTAACCGAGTGAAGATTCAAAAGATCTTTTAGTTTTTCTTCCATAAAAAGTCCTTTTTCTCGCACTTCTCTTAAAAATCTTTCATTACCTACAATGTCAAGAACTGCTGTACCTGCAGCACAAGCTATGAGATTTCCTCCCATTGTAGTACCATGAGATCCAGGCCCCATAACTTGAGCAATATCCCTTGAAGTACATACTGCTCCAAGAGGTAATCCTCCCCCAAGAGCCTTTGCTAAAAGTACTATATCTGCTTTAACCTCGTAATACTCTTCAGCGAGAAAATATCCTGTTCTTCCTATACCCGTTTGAATCTCATCAAAAATTAAGAGTATACCCTTTTCTTTAGTAAATTCCCTTACCTGCTTTAGATATTCCTTATTAGCAGGGTTAACTCCCCCTTCTCCTTGTATAGGCTCTAAAATCACAGCACAGGTTTCTTCATCAACGGCATTCTCAAGAGCCGAGATATCGTTATAGGGAACATAAGTGAAACCTGGAACAAGGGGTTCAAAACCCTCATGATATTTTTTTTGCCCTGTTGCAGAAAGAGCTCCATAAGTCCTACCATGAAAAGAATTGTTCATACTAATGATTTTCCATTTTTTACCCCCAAAATACTTTCTAGACAATTTAATTGCTGCTTCTACAGCTTCAGCTCCACTATTACATAAAAAAAATGCCTCCCTTTTTGTAAGGGAGGCAAGCTTTTCAAGAAGCTCAAATTGCGGCAAGTTATAAAACAGGTTTGACACATGACTCAACTTCTCTATCTGATCCTTCACCCTTCTCACTATTTCCGGATGAGAATGACCTAAAGCATTTACTCCAATTCCGCTGGTAAGATCTAAATATCTTTTGCCTTGATTATCAAACAACCAAATACCTTCGCCACGCACAAAAACAGGTTTAAACCTTTTATATACAGGGAAAAATCTATCTTCCTTCATCTTTTCACCTCATGTTCTATAGTATGCATTTATTTTGACATACTCCTCTGTAAGATCACATCCCCAGGAAATTGCATTGTATCTACCTTCATTGAGTATTATTCTTATTCTCACTTCACTACCCTTTAAATAATTTTTCACTTCCTGTGAATTATACCCTAAAGGTTCATTTTTTGCAAAGACTAAGTGTTCGCCTATATAAAGCTCTATTTTATCAAGATCAAAAACATATTCCGTTTGTCCAATGCTAGCAAGGACTCTACCCCAATTATCATCACCTCCAGCAATTGCAGCCTTAACAAGATTAGACATAACTACAGCCCTTGCCATAATCCTTGCCTTTTTCAAACTCTCTGCTTTTTCCACTGAAACCTCAATAAGCTTTTTAGCTCCTTCTCCATCTTTAGCAATCATTTTAGCAAAATTTTGGGTAACCATATCTAAGCCTTTTTGAAACCTTTTCTCCGAAATATCTTCTTCTTCGGTAGAGAATATTAGAACTGTATCGTTAGTGCTACTACATCCATCAATACTTATTTGATGAAAAGACTTATCCACACTTCTCTTTAAGACTCTCTTTAAAGCCTCATTACCAAGTTTGGCATTAGTTCCAATAAAGACTAACATTGTAGCCATATTAGGGTGAATCATTCCTGCTCCCTTTGCAATTCCACTTATTATTACATTGCCATTCTTAACTCCTGAAAGTTTTGGAAATGTGTCCGTAGTCATGATAGCTTCTGCTATATCTTTACCAGAATTCTTTGAGAGATTTTTGAAAGCAAGGTCTATACCATAAGCTACTTTATCCCTTTCAAGACAAGCCCCAATTTTTCCTGTAGATGCCACAAAAACCAATTCTTTTTCGATTCCTATTCTTTTTGCTACCTCTTCAGCCATAAATTCTGCATCCTTAATTCCTCTTTCTCCCGTACATGCATTGGCTTGTCCACTATTTATAACTATAGCCTGAATAAGACCATATTTTTCCAAATGTCTTTTTGAAACTATCACAGGTGCAGCTTTAACTGTATTTCTCGTAAACATAGAAGCTGCATTAGCAGGTTTATCAAATACTATGAGAGCAAGATCTAATTTGTTATTCTCTTTTAAACCACAAGAAACAGCAGCAGCTTTTACTCCCTTTATATCCGTGAGATATAGTTTTTCTACCTTCCAAGCCATTTTTCTCTCCAACCTCTCTCTTCTATGGATATAGTGGTAAAAAGTCAAGACCTAAATTTTCGTCATAACCAAACATGATATTCATATTCTGAACAGCCTGGCCTGCTGCTCCCTTTATAAGATTATCTATAGCTACAAAAATTACTGCATTTCTCGTATTCTTATCTACCTGAGCACTTATTACTGCCCAATTTGTACCTCTAACTTTCTTAATCTCTGGTGAACAAGAAGGAGGTAGTATCTTTATAAAATATTCATCTTTGTATACCTCTTTAAATAACAGATACAATTCATCAGATGTTATATCCTCCCTAAGAGGAACATAGATGGAAGCAAAAATACCTCTAAATACTGGAATAAGTTGAGGAATAAACAAAACTCTTAAATACCCCATCTCTTTGACTATATTCTCAATCTCTGGCTGATGTCGATGATTAAGAATAGAATAAGCCTGATAGTTTTCTGCTATATTACCATATATGCTTTTGTCAGTGGGTTTCCTTCCTGCCCCTGAAATTCCAGACTTAGCATCGATTATAGCGTTTCCATAAGTTAAATTATTTTT
CP001146.1_gap35	1710749	1713723	2974	CCTGAGTTCTTGGAGATGTTCTATTTATCTCATCGGCAAGGAGAATATTTGTAAAAATAGGTCCTGGCTTAAATTCAAATTCTAAGGTCTTAGGATTAAATACATTTACCCCAAGAACATCAGAAGGCATAGTGTCGGGAGTAAATTGGATTCTCCTAAAATCAAGCTCTATACTTTCTGCCAAAGATTTTGCAAGCACCGTCTTACCAACACCAGGTACATCCTCCAGCAAAACATTACCTCTACTTAACAAAGCCACAATTACATAATCAATTACCTCATCTTTTCCCACAATGACTTTTTTAATGTTTTCCCTCAAAACTTGAAGTTTCTCCGTTATTTCACTTATAAAAGTTTTCATCTTATCTTCTTAACCTCTTCTTATGGTTTTTATCATATGTCTAATAACAGCAAAAATTCCACCAACGGTCAAAACAAAATTAAATACATTCAGATAAAATTCAAAGGGGAAAAACCATTTAGAAAAGTAATGAATAAAAACAATTATCTCAAGGATCAACCCCATAAATAAAATTACTAGTACTCCTCTGTAAAAATCCATTTTCTTAAACCTCCATTACATTTCTAAGGATATTTTACATCAATTTTTTAACTTCTTTAACGCCCTCCTCTTATAGACTTTAACACTACTTCTTGATATTCCTAAGTATTTCGCAATCTCCCTTTCACTATACCTTGAATAGAAAATTAAAATAATTATCTGTTTCTCCCTTTTTGATAGCTTAGAAAAGTCTATAAACTTTGTATTTTCTTCCTCAGAAATACCATAAGCTACATCCTCTTCTTCTAATTCCAAATTAAACTCTACTCCCCTTAGTTTTTCCCTTATCCTTAAAAGAGCATAATAAAGAGATTTCTTAACATACCCTGAAAGATTACCCTTTTGAGGATCATACCTTCGCAAGATTTCCAAAAGAGCTAACTCACCCTCTTGCTTAAAATCCCCAAAATCAATTTCAGGGATATAAAGCATTCTTAAATATTTAAAAAGAATAGGTCTGTAAGCTAAAAATAAAACTTCCTCTTCCATTGTCCCCTTCCTCCGATGTTTTTTATATATTATATTTACTTATAGTAAAATTTTCAAGCATAAATTTTTATTTTAGTAAAATTACCCCCAAAAATCAAAATAATACATAAAGTGATATAATTTATTGAAAAGAATTAGAAGGGAGGATAAAAATTGATATTAAGTGACAGAGATATAAAAAAATACCTTGAAGAAGGAAAATTAGTAATCCATCCCATAGATGATCCCCAAAAACAAATTCAACCCTCTTCGGTAGATTTAAGACTTGGAAATAGTTTTCTCCATTTCAAGGTTGAAGGAAGAGCATATATTGACCCAACTCAAGATAGTCCCCAAGAACTCATGGAGATTATAGAAATAGAAGAAGGAAAACCTTTTTTTTTAAGACCTGGAGAATTTGTACTAGGCACTACCATCGAAACAGTAAAACTCCCCGATGACCTTGTAGCAAGGGTCGATGGAAGATCAAGTTTGGGAAGACTTGGAATAATAGTACATGCTACTGCTGGATACGTAGATCCTGGTTTTTGTGGACAAATCACTTTAGAACTTTCAAATATCAATAGAGTACCCGTAGCTCTCTACCCTGGAATGAGAATATGTCAAATATCTTTTTACAAGTTAAGCTCCCCTGCAGAAACTCCATACTATAAAAAGGCTGGAAGTAAATACCATAATCAAAAGGGACCAACAGCGAGTAGGCTTAATATAGATTTTTGTAAAAAGGAGGAAAAATAAAATGGAATGGAAAAAAGTGAGTTTTGGTAAGAGAGAACTTTGCTATGAGATTACTTTAAATGGGATGAAAATGATAGTTACAGCAGATGTAGGGCCAAGGATAATCTTCTTTGGCTTTGAAAAGGGTGAAAATGTACTATTTCATGATGCAGAAGAAAAATTAGCTATAGGAGAAATGAAACTTTATGGTGGACACAGATTCTGGGTATCTCCTGAAACTAAGTTTACTTATTCTGTTGACAACAGCCCCTGCAAGGTAGTTGAAGAAAAAGACAAAATCAGTTTTACATCCTACGATCCTGTAACAGAAATAGAGAAGACTTTAACAATTTTACAAAGAAATGGTAGATTTGTAGTAAGGCATGTCCTTGTAAATAAAGGAAACCTACTCTATCAAGGTGCCATATGGGCATTAACATGTATTCCTCCTAAAAAAGGAATCATCTTTTTACCTTGGGGAACTACAGGGGATTGGAAACTCAAAAAGATAGTCTATTGGCAAAGGTGGGCAGGAGAAGCCACTACCGACGTAAAAAGTTCTCAGTTTGTGCCTGAAGATGACTTATTCTTAATTTATCCCTCTGGAGAAACAGGAAAGGTCGGAACTACAGGATATGAAGGTTTTGTAGGAGTTACTACCGAAAACTACACCTTTATCAAGAAATTCAACTTCATAGAAGGAGCTTTATATCCCGATGATAATTGTGCTATACAAGTCTACACTTCAGAGAATTTCTGTGAATTAGAGACTCTAAGTCCAATTTATACCTTCAATCCAGGAATTTCTTATATACATGATGAAGAGTGGATACTTTTACCCCATAAAGTAGATCCAAAAAAAGGAGAAGAGATTAGGAAATATCTATGAACAACAAATTTATAATTATACTTTTTGGAGGATTAGGTGACTTAGCTAAAAATAAGATATATCCAGTACTATATAGCTTATTTAAGAAATACAGGTTACTAAACTGTACAAAAATAATCTCTACAGGAAGAAGACCTAATATAGGGAAAGAAGAATTTCTTAAGATATTAGAGAACTCTATAAAAACTCACGATGAAAATTTCTTTTCCTTATTTGATTTTGTAAGATTTGATTTAGAAAAAGAGGAGGAATATAACAATCTCAAAAACATACTATCCAATTTTAAAGAGGAGGAATTTATATTTTACTTAGCCACA
CP001146.1_gap36	1714948	1718615	3667	ACAGGGGAAAGAATAGAAGCTCTTATACCCTTAGAAAGCCCTATTAATGAACTGTTAAAAGGAAAAGATACAAAAAATTTTAGGCGACTTTTTGAATTAATAGACAAATTTTTTGCCTTTCCAAGCTTAAAGACAGCCTTACAGTATGCAATTCTTGATGCCTTAAGTGAAGAGATAAAGTTACCAGTGTATCAAATATTAGGCGGAGGAAAGGAAGAGATAGAAACAGACAAAACTGTAAGTGTTGGAAGTATAGAGGAAAGGGTCAAAGAAGCAGAAGAAATCTTTAAAGAAGGTTTCCGAGTGATAAAGATAAAAGTTGGGTTGAACCTATATGAAGATATAGAAGCTATGGAGGAAATAGCCAAAAGAACAAAAGGCGCAACTTATATTGTAGATGCAAACACTGCTTATACTCCCAAACAAGCTTTAATCTTTACTAAGGAACTATACAAAAGAGGCATAGATATTGCTTTATTAGAACAACCAGTCTCAGCCCATGACTTAGAAGGGTTAAAATATGTAAGATTCAATTCTGCCTTTCCCATAGCTGGTGATGAGAGCATAAAAAATAGATATGATGCATTAAGAGCCATAAAAATGGAAGCTGTAGATTATATAAACATAAAACTTATGAAATGTGGTATCTCTGATGCTCTATCTATGGTAGAGCTGGCAAATACTGCCAATATAAAACTTATGATAGGATGTATGGGAGAATCGAGCCTTGGAATAAACCAAAGCATACACTTTTCAGCAGGTCTTGGAGTTTTCGAATTTCATGACTTAGACAGTGCTTTAATGATAAAAGAAGATAAGTTTAGAGGCAAATACAGGATAAAAATTCCATATTATATCCCTAATTGAGTAGGCAACAAACAATTAAGATTAATATATATTATGTTATAATATATATAGCGTTTCAAAACAAAACTCATAGAAGGGGGTGAAACAATGAAAGCAATAGTACTTGCTGGAGGAAAAGGAACAAGACTTTGGCCTCTTTCCAGAGAAAAATTTTCAAAACAATTTATAAAATTATTGCCAGACAAATCTTTATTAGAAGGGACTTATGAAAGACTTATAGGATTTTTTAAACCAGAGGATATTTTAACAATAACCAACAAAGAATACTTCTATTTTGTAAAAAGTATTACTGATAAATTTTCAAAGAGTATGAGCAATAATATTCTTCTGGAGCCAGTAGGAAAAAATACAGCACCTGCAGTAGCCCTCTCCCTAAAATATATCTTAGAAAGGATTAAAGGAACAAGTGATGAGGAAGTTTTCATTTTTCCCTCAGATCATCTTATAGAACCTCAAGAAAAATTTATTGAATATCTCAATAAGGGACTTTCTGCTATTAGGTCAGACTTTATTACTACCTTTGGAATAAAACCTACAAAACCTGAGACGGGATACGGATATATTAAAGCAGGAGAAAATATGGGAGATTTCTATAAAGTTGAAAAATTTATAGAAAAACCCTCTTTAGAGCTTGCAGAAAAATTCCTTCAGGAAGGAAATTATTTTTGGAATGCAGGAATTTTTGGGTTTAAAATTTCGGTAATGTTAGAAGAATTTGAAAAATACCAAGAAGAAATATACACACTAATTACGAAAAGAAGTTATAAAGAGGTCTTAGAAAACTTCCACAAAATACCATCCATATCTATAGATTATGCTATTGCTGAAAAATCTGATAAGGTTGCTGTGGTTCCTATGGAACTTACTTGGAGTGATCTTGGCTCTTGGGATTCTTTCTATGAAGTTAAAGAAAAAGACCCCAACGGCAATGTTTTATTGGGAGATGTGTACGCAATAAATACAAAAAACTCTCTTATATTCAGTAATAAAAGACTCATTGGAACCATAGGAATTGAAGATGCTATTGTGGTAGAAACGGACGATGCTATACTCATAAGTAAAAGGGGAAGTGGGCAGGAAGTGAAGAAACTTCTTGAAATTCTTGAAAGTGAAAGAAGAAACGAGATAATTTACCACACAGAAGTTTATAGACCATGGGGTATGTATAAACTCCTAGAAAAAAATGGAGATTACATAATAAGAAAGCTTACCATAAAAGAGGGTGCTTCTCTCACTTGCCATCTTCATAGAAATAGAACAGAACACTGGATAGTACTAAAGGGTGTTGCTGAAGCAGAAATTGAAAATCGCAAATATTACGTATATGAAGGAGAAAGTATATTTGTACCAAAAGGAAAACCCCATCAGTTAAAGAATGCTGGAGACACACCCTTAGAGATCATTGAAATTCAAAGTGGTGAAATCTTAAGTGAAGATGATATCGAAATCTTTACAAAAGATGAGGAAGAGTTAGAAGAAAAATTAAGGTAGGGAGAAAGAACTCCCTACCTTAACAAAGCCTTTTCTCTTTTTGTATTCACTTCATAAAACTCTTGAGCAATATTTACACAATGATCGCCTATTCTTTCAAGATCTATAAGAAGATCACTAAAAATTAAGCCTGCTATAGGATTACAAATACCTTTTTTCATTCTCTCTATATGCCCCTCTTTTGAAGCCCTCACTTTATAATCAATCCTTTCCTCCCTTTGGAGAACTGCATCAAGATGATCAGCAGTACTATTTTTTATCATTTCAAAGGAATCTCTAATATTATCATGGATAAGTTTTCTTAATTCATCTAAATCCTTCCAAGCATACTCAGTAAACTCAATTCTCTCAGAATTCTTAGCCTCAACTTTCTCCATAACATTGGTAAGATGATCAGCAATTCTCTCCACATCATCAACTGCCCTCAATATAGCATTGAGCTCTTTTGCTTCTCCCTCAGACAAAGAATCGGTGGAAAGTTGAGTGAGATAATTTATTAAAGAAGCCTTCAATCCATCAGTTATATCCTCAATGGTTAATATATCCTTGTAATGCTGAGCACTATTTTGAAATAAAGAGTCCATAGTGAGTTTATACATCTCATCCACAAGATCACACATTCTAATCAGCTCATTCTTAGCAGCCTCAAGAGCTGCAGAAGGAGTATTTAAAAGTTGAGGCTTAAGAAAAGAAGCCTCTCTTCTATAAATTTTCTCTTCTCCAGGCAGGATTCTCCTTATAATACTTGCATATTGCTTTGTAAAGAAGATCCATATGAATGCCCAGGTTACATTAAAAAGGGTATGAGCATTAGCAACCTGCCTTGCCACATCGGAAGAGGTAAGAGAAACAATTCTTTCAAAACCCCTCAAAAATGGAAAGATCAGAATTACTCCTATAACGTTAAAAAACAAATGAGCAAGAGCAGCCCTCTTTGCAGAAAGACTAGTCCCAATAGAGGCAAGAAGCGCAGTAACACAGGTGCCAATATTTGCACCTAATATTACAGGCACAGCAGATGCCAAATCAATAGCTCCCTTTGACGCAAGAGCCACAACAATACTTGTAGTAACACTACTACTTTGAATAATTGCAGTAATACCTGCTCCCGTAAGTATCCCTAAGATAGGATATTTGCCCATAGAGATTATTGCATTATGAAAAGGCTCCCAGCTCCTTAAAGCATGTAAAGAAGAGTCCATTAAAGAAATACCCATAAAGATCATACCAAAACCAATTATAGCTTCTCCCACACTTTTTATATACTTTCTCTTCCCTGCAAAAAGTAAAATAAAACCTAAAAATAAAA
CP001146.1_gap37	1817194	1819533	2339	AGGTAAAAATCTCTTAAAAAACTCCTTTATTATTAATCTTGAAAATGCCAATACTTCCTTTTTAGCTGTTTCTAAAACTCTTTTTCTTTCAGCAGTAGCTATTTCATGAGCTTTAACTATGATCTTTTCCGCTTCTTCCTCTGCCTTAGCAGTAATATCCCTCTTCATCTTTTCCGCTGTATCAACCGCCTCCTTAATAATCTTTGCAGCCTCATCCCTTGCCTGAGCAAGTTGAGCCTCTCTTTGTTTTCTTAAATCTTCAGCCTCCTGAAGCTTCTTCTCGGCCTCTTTCATTGCTGCCTCAATTTTTTCTCTTCGCTCGTTCATTATACGAATAATGGCACCAAGAAAATACCTCTTGATTATCCAAGCAAGAGCAAGAAGGTTGACTATAGAAGAAACAATTGTCAGCAAATTAAATGAGAACATATCCTTTCGCCTTCTTTTTTTATTTTAGAGTTTTCCAAGAAGTGGATTTGCGAAAAGAAGAATCAATGCTACAGTCAATGTAAAAATCATGATGGTTTCTATAAAGGCAAGGGCAAAAAGGAGCATTCTGTTTATCTGATCTCCCGCCTCAGGTTGACGAGCCACACTTTCAAGAGCACTGGCTGCTGCATTTCCCTGTGCCTTAGTAGCATTCATACCCACAAGAGCCACAGACAAACCAGCTGTAATAATAGAAACTATAATTACCCATGCAAGCATACTATTACCTCCTTACTATTCTTCTAATGCTGCTGCAAGATATGCAGCGCTAAGACTTGTAAAAATAAATGCTTGAATAAATCCCATAAACATATTAAGAGCCATTATAGGTACAGGAACAATAAGAGGAGCAAGTAAAGAAATAATACCAAGAACAATATGTTCACCCGATATATTACCAAAAAGCCTTAGCGCAAGGGAAACAGGGCGAGTAATTTGCTCTAAAATATTTATGGGAAGAAATAAAACCGATGGAGAAACAAAACTTTTAAGATATTCTATTCCTCTTTCTTTAAAGGCTGCATACTGAATATAAAGAATAGTGCCAATAGCAAGTCCTACGGTTACGTTAATATCTGAAGTGGGTGAAGCAAAACCAGGGATAAAGCCAGACCAATTCGAAAGAAGAATAAATAAAAACAAGGTTGCAAAGAAGGAAAAGTATTTTTCTGCAATATGTTCTTCGAGGAAGCCAGAGAGGTATCTTCTAAACATTTCAACTAAGGTTTCTATAATATTCTGTTTTGTCGTAAGGTTTTCTTTAGGTTTATAACTTAGCCAAAAAGAAAGAAGAAGTACAACTACGGATATTATCTGCAAAGAGATAAAAGTATTTGTTATAGGAATTCCAAATAGTTCTGCCACAACCCGTGGTCCTATTTCAGGCCCTTGTTCCATTTCTGTCCCTCCAGGTCTTCAATATCATATACCATTGTCCTATAACGTATCCTATCAAAAATAGGAAAACTCCTATAATATTCGCCCTAATACTTAATAAAAATAATAATATCAAAATTCCATATCTTTTTAGTATGCTTTTATTATATCCACTTAAACCATATTTTTTCAAATCTCTTGCCAACCAACAAAAAGAAATTATACTACCCGATAATCCAAAAATCAAGGAAGAGATAGGGGGATAAACAAAAAAGAAAACAAGCCCTATCAATACTCCATAAAAGGCAATATCTAAATATTTACCGTAAAAATCTGAATATGTCACGGAATCCCACCCATATTCCAAGTACTGTAAAGGCTAAAAGAAAAACTGGAGAAGTTTTAAAAATTTTATCCAAATAATATCCTATAAAAATACCCACAAGAAGAGAGCCCAGAAGCCCTGTGCCAAGAGCAAAGGTAAAGTTAAATATCTCCCATATGTTTTTAGGCTTTTTCCTTTTCATTAACTATAACAGCCCCCACTAAAATTTTTTAATCTGCCTTAAAGCCTCATAAACTACTATAGCAACAGAACTTGATAAATTCAAAGACCTTACAGGGCCAAACATAGGAATAGACACAGAATTTTCCCAATATCTTTCTATAATCTCCCTCGGAATTCCATAATCCTCTGCTCCAAAGATAAGATAATCACCCTCTTGATAAGAGACTTCAGTATATAATTTAAAGGCTGGAAATTCTACAAAGATAAATCTCCCACCTTCGTTTTTTTCTAAGAAATCTTCAAAATTTTTATATACTTCATAATCCAAAAGACTCCAATAATCAAGACCAGCCCTTTTTAAATATTTATCATTAAGAGAGAACCCAAGCTTCCCCACAAGATGTAGTTTAGAATTTGTTGCTACACAAAGCCTACCTATATTACCTGTATTATATGGTATTTGTGG
CP001146.1_gap38	1835493	1837707	2214	AATTCTTACCCTGTTCAAAGCTCTTTGTTCTTGGATCGTCCATAACCATAAGCAAGAGACTAATTCTATCCCCTTCTTGAAAAGCTTGTAGTATCCTTTCCATCCTCAACCATCTGGGTATAAGAACATATAGCATTAATCTCGATGGTATTTTTTCTATCTTTTCCCTTTCTATTCCATTCTTGTCCACATATACCGGAATTTCCACTATCACATCATCAGGAATTCCCGGAATTGCACCCTGATTTGGCACATTCAATACAAGTCTTCTCCTATGGTTATTGACTATAGCATCCACAAAAGGAATTATAGACTCCATACTCTCTTCTACAGGAAGTTCCTTTACTATGGATACATTAGGATCTCTTGCCAGTCTCTCCATCTGAGCAAGCCTCATTTTTAAACCGTAAAGATACATAGTCCAACCTATTTCAGAATCAGGACCTCCTGCAGGATACCATTTCTTCTTCTCATTTAAATCGGTATGAAACCACCATGGAGAAACAGCCCTTGGTGTATCTCCTATGGGAAATAGTCCATATAACCTATACATTTCCACACTTGCAGGTGAAAGTTGGGTGTATTCCCAAGGAGATATCATATATTCGTAGGAACTCCAAAGTTTTGGCGCTTCCTCTTCTATCCATTTATCTATCAAGGGATAGGCATTTTCTCCTTTATATTTGAATTTTGTAAGAAAAATAGAATGATTAAATCCTGCTACCTGCTCTTCTACATCTTTGGGATCAAGTCCAAGTACTCTTATAAGATGGAATAATTCTAAGTATCCATGACAAAAACCTACAACCTTTAGTCCTGTCTCTCTTAAAGCTAAGTTTGTCCCTTCAAATACTGGATTTGAAACCTGCATATACCAAGCATCAGGCGCAAACTTTTCCACATCCTTTGCAAGCTCTCTTATAAACTTCAACTGCTCATAAGCTGCAAATCCACCATAATAATCACTTACCCTATCTCCAAAACCCCTGTAGTATCCAAGACTTTCTGCAATCTCTCTTTCCTTCTCCATGTTATGATATCCACCAACTTTTACTGTATTAATTACAAAATCTGCTCCATCAATTGCTTTTTTTCTGTCTGTAGTTTTTTCCAGTTTTAAATTTGCTCCAGTCTCTTTCATATACTTATCTGCGAGAGTATAAACCAAATCTAATCTTTCCTCATTTATATCCATAAATACCACAGTACTTCCAGAGAGATCTTTGTAATAATTAAGATCTTGGATAAGCTTCATAGAGAAGGACACGCTACCTGCACCTATAATACTAATCTTAACCATAAGCTATTTAACCTCCTTAATCTTAAAGTTAATTTTTTGCATATTTATGACACATAACCCACCTATCATCGACAAAAACCTTTTTGGGCTCCTCATTGATACATTTACTATCCTTCTCATCACATCTTTCAGAAAACTTACAACCTAATTTTGTAAACTCTTTCACTTCTTGGGTAGAAAGTTTAATCTCTCCTGTCCAACGCTTGTCAATATCTGCCTCAGGCACAGAAGCAATAAGAAGCTTAGTATATGGATGAAGAGGATTTAACATAACCTTTTCTACTGGTCCCATTTCTACTATATTTCCTCTGTACATTATGGCAATTCTATCACTTATATAATAAGCTGTTGCTAAATCATGGGTTATGTATATAACAGACACACCCATCTTTTCCTTTAAATCTTTAAAAAGGTTTACTATAGACATTCTTAAAGAAGCATCAACCATAGAGACAGGCTCATCCGCTACTAAAAGAGAGGGAGTGGTTATCAAAGCTCTTGCTATAGAGACTCTTTGAAGTTGTCCACCTGAAAGCTCATGAGGATATCTTTTCTCTATTTCCCTCAAACTCAACCCTACAACCTCAAGCATTTTATTAACCACTTCTTTGGCCTCACCTTTATTACTTACTACCCCAAAATTTACTGCGGTTTCATAAAGGTAAGAATCCACTCTTTTCAAAGGATTAAAAGCCTCAAAAGGGTTTTGAAATATAGGTTGTACTTCCCTCATAAAATTTTTTCTATCCTTCTTAGAATTTAGTTTTGCTATATTTACGCCTTTATATAATATCTCTCCTGAGGTCGGTTCAAGAAGGCCAAGGATCATACGTGCAAGAGTAGTTTTTCCAGATCCAGTCTCTCCTGCAATGGTAAAGATTTCAGGTTTGTCTTGAGAAATGCTAAAACTTTCT
CP001146.1_gap39	1930031	1932255	2224	AGAGATAACAATGTAACCTCCTCTTACATATACATCCAAGGGAAACCTAAAGTTTTATACCTCATAGGGAGAGATTTTAATCCAACTTTTGCCAAATCTCTTGCGGTACAAGGTTGGGATGTGGTCTTTGATTCCAAACCATATCCTCAAATTCTAAATCTAAATTCCTACCAAGCGGTAATTATGGACAATATTCCCCAAGAAGATCTATCCATTGATAAAATGGAAATCCTTAAAAATTTTGTAACTGAAAAAGGAGGTACTCTGTTAGTATTAGGAGGAGATAAAAGCTTCTCTGCAGGAAATTATCAAGGAACTCCTTTAGAGGAAATCTTACCTGTAACATTAAGACCAGAACAAATACTTAAAAAGAGCAATGTTGCTATAGTAATAGTCCTTGATGCCTCTGGAAGCATGGGAAGTTATTCTGGAGGAGACATGAAAATGGAGCTTGCAAAGGAATCTGCTCAACTTGTCCTTGATCTTCTGGAAGAAAAGGACTACTTTGGACTCATTGCCTTTGATCATTCCTATCAATGGATTGTCCCATTACAACCTCTTACTAATAAAGAAGAGACTGCAAGTTTAATATCCAAAATATCTCCTGGAGGAGGTACTGCCTTATATCCACCTTTAAAATCTGCCGGAGAAGCTTTAATTAAAGCTCCTATTAAAAGCAAACATATCATCGCAATTACCGATGGACAAACCGAAGGTGGCGATTTCTATAATTTGGTAAAATACTTAGCAAAGTATAAAATTACTGTATCTACCATAGGTATAGGAGAAGATGCTAATATACCCCTCTTAAAAGATATAGCTAATTGGGGAAATGGCAGATTTTATCATACATGGAATATAAGGAATCTTCCTCAACTTTTACTCTCAGAAACAAAAGCTTTATTGAGATCTAATATAGTAGAAAAAAATTTTGTACCTAAGTCTTCTACAGAAGAAAAAATAGAGGTTCCTCCATTAAAGGGATATGTTCTCACATCTCCACGATACCCTTATCCCACCATACTTTCTTCTCCAGAAGGGGATCCTATACTTGCAAGGGGACAGTTTGGTCTTGGACAAGTAATAGCCTTCACCTCTGCATTAAAAGGTTACTGGGGAGATGAGTGGCTAAAATGGAATAAATTAGGAAAATTTTTCAGTGAAATGTTGAGAGAAACAATACCCCACCAAGTACCTGAAATAAAAGTTTCCATAAGAGAAGAAGAAGGAAAAGGAATTATAAATGTAATTTATGCTGATAAAGAAGGAAATTATATAAATTTTGCCAATTTAAAATACACCCTTATTGATGTACAAGGAAAAGAGCTAAAAGGAAGCCTTTACCAAAAGTCTTCAGGAACCTATGAGGCTGTATTCCCTATAGAAAAACTTGGAAAATATCAGATCACTATTAAAGATAATGATAAGGTTCTTGCTAAAGTGCCATGGTTCTTTGGAAGTTCACAGGAATTCATACCTAAAACCTTCAATAAAGAATTGGCCCAAAAAATCACTTCTTTATCCTTAGGGAAAATTATATCCTCTCCTTCTGATGTTTTTAGGAGAATGCCTTACCAGGATGCAGATAAAAAAGACCTTTCTCCATTTCTTTTAATAATTTGTATAATACTTTTCTTTATAGAACTCATATTAAGAAGATGGAGAGAAATTCAAGAAATAATATTAAATCTTCTTGGAAGGATAAAGATAGCAGAAGATCAGGAATGGTATAAAAAAATAGAAAGCAAAATGATAGAAGAGTTTAACAAAAAACCTACTCCTTCTATGCTTGAAACTGTAACCCTCGAACTTCGAGCAAGAATGTTTATAGCACATCTTAAAGAAGAAGAAAGAAAAAGAAAAGAAAAAGAGAAAAAATAAAAAGAGCTAGGAGGTTGTCCCTCCCAGCTCCTAAACTTCCCCCTCCTTACTGTATCAACAGATAATCTGCATAAACATCCCATGTACCATTATCAGCAGTAACTACAATTTCCACTGTATGAGAACCTGCACTCACGTATACATTGTCTATAGGAGCCTCCCAAGGATATGTTCCCTGATAATAGAACGTACCTACTGTCCTCCCATCTATTCGTAAATCAACTCGAGCTAAATTATTGTTATTTCCACATCCTCTTAACCTGAAATTATAGTTACGACTTGCTGGAAAGTTTACTGTAGCTCTTGCACTATCTCCATTTGCATAAAGAGCTATACCATTAAA
CP001146.1_gap40	1959487	1959987	500	CGCAGGAGCCTACTTACTCTTATCAGATAGTACCCACGGAATAGAATCCTTAAAATTTTTAAAAGATATAGAAACCCTAAACCAAAAACCTTGGAATATTGGAATGGGAGTCCTAAAAATAAAAATGAAAGAACACCCTATAACATTAGGTCTCAATTATGAAGAACTACCAGTCATATATATCAATGGACCTATAATTAAAAATATAAACCCTAATTATAATATTGCCTCATATCTACCTCTATCCTCTCCGAAAGATTTTCTCAATAATCTCCCCAATCTCTATGAACTAAATAAGATAATAACTACTGGTATCGCTCTATCGCATATACCTTTTAAAAAGGGTGACATAATTCTTTTTTCTTTTCATCCAGAATTAAACTCTTTACCTGGTACCTCAATCAAACTCTCAGATCCATATAATTTAAGGTTATTGTTTAATGCTATATATTTTTCAATTAACAGTTAAATTTTAAACTTTCCTTAATTGAACAATACAA
