gap_id	start	end	length	sequence
CP001275.1_gap1	112528	113185	657	ATGACGGGGGAGGCTACCCCAGCACAGATCGCGGCGCTGGTGACCGCACTCCGCATGCGTGGCGAGCGTGAAACCGAGATCGCTGGCTTCGTCAAAGGGCTGCGAGCCCACATGATCCCGGTGGAACTCCAGCTTGCGCAGCCGGTCATCGATGTCGTGGGGACCGGTGGTGACGGGAACCGGACCTTCAACATCTCCACGGCGACTGCTTTCGTCGTTGCTGGTGCGGGGGTTCCGGTCGCCAAGCATGGCAACCGGGCGATGTCCAGCCGAGCCGGATCGGCTGACGTCTTGGAGGCATTGGGCGTCCGGATCGACCTGAACCCGAGCGCGGTGGCACGCTGTGTCGAGGAGGCAGGGATCGGCTTCATGTTCGCCCAGCGTTTCCATCCCGCGCTGCGGCATGCGGCGCCGGTGCGGCGAGAACTCGGCTTTCGAACGGTCTTCAACGTGCTCGGCCCTCTCGCGAATCCAGCCCGCGTGCGCTACCAGCTTCTCGGAGTCGCGATGCCTGAACTCGTGGAGACGGTGGCGCGGGTTCTCGCCCTGCTGGATGTCGAGCATGCGCTGGTCGTCCACTCGGCGGATGGTTTGGACGAGATCAGCCTCGGCGCGCCGACGACGGTGTACGAGGTCCGGCGCAACGGGACAGTCGAG
CP001275.1_gap2	195843	197026	1183	CTGAACAGGGGAGAGCAGCTGGCATCCACGCAACCGCCGTTTGCCTTCGGCGACGGAGAGGGCCGGTGGCGACCAGCCGAGGAGACGACTGACCTGGACGAGGATCGGTGGATCGGGCAAGCGTTCGGCAACGTGCTGGGGCGAGCCGTCCGCAACGATTTTCCCATCCTCCAGTAACGTGAGTCGCGTACAGCTCCCGAGCAGGCGGTCTAACCGGTGTTCGGCGATGACGAGCGTGATCCCCAGCTCGTCGACGAGACGGCGCAAGACCTCGAGGACGGTCTCGGCGCTCCACGGGTCGAGCTGCGAGGTCGGCTCGTCGAGGAGGAGCAATTGCGGCCGCAGCGCGAGAACACTGGCGAGTGTGAGTCGCTGTCGTTCACCGCCGGAAAGTGTCTCGATCGGGCGATTGCGGAGATGAGCGAGCCCGAGGAGATCGAGTGCTTCCTCGACGCGGGCAGCGACGACGCGCGGTGGGAAACCGAGGTTCTCCAGCGCGAAGGCGATCTCGTCCCAGACGCGATCCAGAAGCGTCTGCGTCTCGGGCTCTTGACCAACGTAGCCGACCAGCCCAGCCAAATCGGCTGGGCGATGGTGGCGCGTGTCGCGTCCGCCGACGAGGACACGCCCGCCGAACCACCCACCATAGAAGTGGGGAACCAGGCTGACGAGACTGCGCAGCAAGGTCGTTTTCCCCGAACCGGTCTCGCCGGCCAAGAGCACGAACTCACCAGCTTCCACTGCCCAGTGCGGGGCGACCAGTGCTGGATACCGGCTCGTGGGGTAGCGGTAGCGGAGTGCCTCCACTTCGATCATCGCGCGGATCCTCGCAGAAAGAGTGCCGGTGAGGCGAGCAGGAGAAAGGCGAACCCGGCGAGCGGAGAGAAACCCGGCCAGCGCAAAGCCGGATAAGGCGAGTACGCCAGGTCGGCAGCGGAGTCGCGGAGCGACAGGACGAGGAGGGTCGAGGCTGCGAGCAAGAGCGACGCCGCCGCTCCGGTCGCGAGTGACCACTGCAGAGTGCGGAGATTGCGCCAGGTCGAGTGGACGATCAGCGCCGAACCGAGGGACAGCCCGGCAACGCCGACCAGAGCGAGGCTCGGTTTCCCAGCCAGGCTGCCTCCGATGACGGCGAAGCTAGCGAGGAGCATCGCGAGCGAACTGGCTTGCGTAGCGGGTCTCG
CP001275.1_gap3	220415	221143	728	ATGTGCTGCATGATGCCTGGTACGAGCACTTCGTGCCCGTCGCAGAGTGCATCCACTTCCAGCTCGATTCCGTCTAGATACTTGTCGATGAGAACAGGCCGACCGCTCGCGAAGGCTCCAGAGGTGGCCAGATACTGCTCGAGGTGCTCTCGACGATACACGACTTCCATCGCTCGACCACCCAGGACGTACGAGGGACGCACCAGCACGGGATAACCGATACGCTCGGCAGTCTCCAGTGCCTCCTCCAGTGTCGTGACGCCTGCGCCCGGCGGTTGAGGAATGCCTAACTCGTGGAGGAAGCGTTCGAAGCGGCGCCGATCTTCGGCCAGATCGATCGCGTCCTGATCGGTGCCGAGAATCGGTACCCCAGCTGCTGCCAGGTCGGCCGCCAAGTTGATAGCGGTTTGTCCTCCGAACTGGACGATCACCGGTGGCAGCTGGTCGTACTGGCTGCTCGCCTCATGCCGGAGGACGTCGAGGACCGACTCGGCGTCCAACGGTGTCACATAGAGGCGATCGGATGCGTCGAAGTCGGTCGAAACGGTCTCGGGGTTGTTGTTGAGCATGATCGCAGCTACGCCGGCACGGTGGAGCGCCTGCGCAGCCTTGACGCTACAGTAATCGAACTCGATACCCTGACCGATGCGGATCGGTCCTGCGCCGATGACGACAGCCTTGGGAGAGTCGAGCGGGGGTGCTTCGTTTTCGTCTTCGTACGTGGCGTA
CP001275.1_gap4	222963	225040	2077	GCCATCCTGCTCGGGTATGCTGTCGTGGGCCACGCAGTAGCCGTGATTCTGTGACGTTATACGCACCCGGCCGGTGGGGATCTCCTTGACCGGGTGGTTGCCGCCACGGTGGCCGAAGGTCAACTTGATCGTTCGAGCGCCGGCTGCGAGGGCCAGGAGCTGATGACCCAGGCAGATACCGAAGAACGGTATCCCCGAGGTGGCCAGAACGCGGACCGTTTCGATGGCATCGGTGGCTCGGGTCGGGTCACCGGGGCCAGGTGAGACGACGATCCCGTCCGGCTCCAGCGCGAGGACGGTCGCTGCATCGACCCCATAGGGAAGGACGGTGAGGCGTACAGCGCGGCGGAGGAGGGAGGCGATGATGTTGCGCTTGACGCCGCAGTCGATGAGGACGATGTGCGGTGCATCCGCTGGCCCGAAGGTCGCTGGCTCGCCGCGAACGGCTGGGACGACATCTTCTCGATCGGGCGTCCAGGCTCGCTGCGCCCAGGCAACGAGTTCGGCGTCGGTCAGGCCCGTGCGGTCGGGAACGAGGATCGCACGCATGGTTCCGTGCGTGCGCAGGTGGCGCGTCAAAGCGCGCGTATCGACATGAGCCAGCCCTGGTATGCCCCATCGCTCCAGATAACTGGCGAGCGTCTCGCGCGCCTTCCAGTGACTCGGACGGTCGCAGTACTCGCGGACGATCAGCCCGGCGGCCCACGGGCGTCGGGATTGTTCGTCCTCGTCACAGACACCGTAATTACCGATGAGTGGGTATGTCATGCAGACGAGTTGCCCATAAAAAGAGGGGTCAGTGACCACCTCTTGATAACCAGTCATGACAGTGGTGAAGACCGCTTCGCCCTCAGCCGGGCGGCGTGCTCCGAAGGGAGTACCCGGAAAGATCCGCCCGTCTTCCAGAACGAGTGCACCGATCCGCGAACGCTGTATCGACATAGGCTACCTTCCCTCCAACGATCGTGAGTCGGACGCGCCCACGCAGGGTCAGTCCGAGGAGCGGTGTGTTGGCACTGCGCGAGCGCAATGTCGCGCGCGTAACCTGCCAGGGTTCCTCAGGATCGAAGACGACGACATCGGCCGGGGAACCCGGCCTCAGGGTCCCTCCTGGCAGGCCGAACAGCGTGGCGGGACGACAGGAGAGGAACTCGACCAGTTCGCTCACCGTGAGTGCTCCGGTGCGCACCAGCCGTAGGAGTAAGGGGAGGGCGAGTTCCAATCCGATCATCCCGAACGCGGCTCGCTCGAGAACCGGCGGCTTGTCCTGCTCATGATGCGGCGCATGGTCGGTGGCGATGAGATCGATCGTCCCATCGCGTAACCCGGCGCGCAGGGCCAGGGCATCCGCTTCCGGCCGCAGGGGTGGGTTGACCTTCGCATTGGGATCGGGGCAGGGGCCGGCAGGAAACGGTTTCATCTCCCCGGCGAAGCGACGAATACCTGCGACCCACTCGTCAGTCATGAGCAGGTGATGCGGCGTTACCTCAACGGTGACACGGTTCCCCTCGCGCTTGGCTCGCCGCACCAGCATCAGTCCTCGAGCGGTGGTCAGGTGGAGCACATGGAGCCAGCCGCCGGTCAGGCGAGCAAGTTCGAGATCGCGAGCCAGGACGATTTCCTCGGCAGCAGCTGGAATCCCAGGGAGGCCGAGCTGCTGCGACACTCCCCCCTCGTGCATCACGCCGCCCGCTGACAACGTTGGGTCCTCGCAGTGCACCATGATCGGTCGCCCGAGTAGCCGGCTGAGCTGGAGAGCCTGGCGCATGACACGAGCACTCCGCGTGCTGTCACCGTCATCGGAAAAGCCGATCGCTCCGGCTTCAGCCATGCCGACGAGGTCGGCCAGTTCCTCCCCACGACGGCCGCGCGAAATGGTGCCGATCGGGAAGATGCGTACGGGGAGACTGCGCGCTCGCTCGACCAGTTCGCGGATCCGTTCCGGTGTATCGAGCGGCGGCATCGTGTTCGGCATGCAACAAATGGTCGTGAAGCCACCGGCCGCGGCCGCGACACTGCCCGTTTCCAGCGTCTCTTTTTCTGGAAAGCCGGGATCCCGCAGATGGGCGTGCACATC
CP001275.1_gap5	237133	240230	3097	AATCCGCGCCCGCGTGTCAGGAGTCCGGCCAACCACCCAGCGAGGAAGCCGATCACCAGCCAGCCGAGCAACGAACGTGGTTCAGCGGGAAGCACCCTGCTCTCCTCCCTCTGGTCGCTCGAGCTGATCTCCCTCGTAAACCGGCCCCTGGTGGGCGAAGGGATCCGGTGGACACCGTTGCAGGAGTTCGTGGTCGCGCGGCGTGAGCGCGGCGCGTGCCAAGAGATCCGGGCGGCGTGCCGCGGTGCGACAAAGCGCCATCATCCGCCGCCACTCGGCGATCTTGGCGTGATTGCCGCTCAGCAGAATCTCCGGTACGCCCAAGCCGCGGAAGATCGGTGGACGCGTGTACTGCGGGTATTCCAGGAGACCGGAGTTGTGCGATTCTTCAGCGAGCGACTCCGGATCGATCACGCCCGGGACCAGCCGGCTCACCACATCGATGACGACGGCTGCGGCCAGTTCGCCACCAGTGAGCACATAATCGCCGATCGACAGTTCGCGTGCTCGCAGAATGATGCGCACGCGATCGTCGATTCCCTCGTAACGGCCACAGATGAGAGCGAGCCGGGGAAAGCAGGCGAGTTGGCGAGCGATGTCCTGGGTGAAGAGTTCGCCGGATGGGCTCATGATGATGATCGGGGTGCTGTTCTGCTCCTGTCCGAGTACGGATTCCACGGCGTGAACGATGGGTGGCGCCATCATGACCATGCCTGGTCCGCCGCCGTAGGGGGTGTCGTCGACTGTGCGGTGCTTGTCGGTCGTCCAGTCCCGGATGTTGTGGATGGCGATCTCGATCAACCCGGCCTGCTGGGCTCGCTTGAGAATGCTCTCGGTCAGGAAACCGGTGAACATTCCGGGGAAGATCGTGAAGACATCGAAGCGCATCGCCGGCTGCTCCCTCTTGGGAGAGCTTAGCAGAACGAGGCGTCCGGCGCAGCGGCTCAGGAAACCGGCGCACTCATGGAGGGGGCGGTCTTTTCGCGAACGGCCTCGCGTGCCCGCGCCAGTGCTCGCTCGAAGGCGGCCACCACAACGGGATCGAATTGCGTGCCGGCACCCCGCTGTAGCTCGGCGAGCGCTTCTTCGTGGCTGAGCGCGCGACGATAGGGTCGATCGGTCGTCATCGCATCATAGGTATCGGCAACAGCGATGACGCGTGCGCCGAAGGGGATCGCTTCCCCGGCTAGTCCATCCGGATAGCCACGCCCGTCCCATCGCTCATGGTGATGGCGAACGATCTCGACGATGTGGCGGTAGGGAGTGAGGTGGCGGAGAATCTCGCTTCCGTCGACCGGATGACGCTGGATGACGGCGAACTCGTCGTCGGTCAAGCGACCTGGCTTGCGTAAAATGAGATCGCTCGTCGCCACTTTGCCGAGATCGTGAATGCGCGCCGCCGCAATGATGGCATCGCGCTCGTCCGCCGAGAGTTCGGGGAACTCGTCCAGGATGAGCATGGTGAGGTGGGCGACTCGCTGGGAGTGAGAAGCAGTATAGGGATCGCGGCGATCGAGGAGATCCGCCAAGAGTTCGAACGTCGACTGGGTCTCATGGTGGAGCTGGCGGTAATCGCGAAAGGCAAGGTAGGGGCCGACGAGTGGGATGACCATGAGGACGAGGGCCAGCGGGTGCTCGCGGGCGAGTATGGGAAACAGGCTTCCCAGCGCGGGCAGAGCCAAAAATTCGACCAGAAGACCGCGCGCCATCCCCCGCCAGAGGTACCAGGCACTCGTTCCAGAGGCGAGCGAGAGAACGAGCGCGAGGAGAACGGTCTGAAAGCTGGAGGAAACCACCGCTGCCAGCAGCATGGCCAGAAAGTTGCGCATACTTGCCAAAGGGGATCCCTCGTCGGCGAGCGTGAAGTAGAGGGGGCCGGCGACGACACCCTGCAGGGCGAAATTGTTCGCATTGGCGAGGATCTTCAATGGTTCGCGCCGGTCGATCAGATCATCGAGGAAGGTACCCACCACGGCGACGAGAATACCGAGAGTCGGTCCGAGAGTGAGCACACCCGCGAAGGTGATCGCGGAAGAGACGGAAACGGTAATGCGAGCGTGTGGGATCGGCAGGTCGATCGCCAGTTGTTCGGCGAGGACGATCAGCGCGACGAAGATTACGGCAGTAAAAAGCGTTCGCGGGGTCAAATCAGGGGGCCACAGCCGAGTGAGGTAAACCCAGGCAGCCAGGTTCGCTGCCGACAATGGGATCAGAATCGGCAGAAGTCGCCGGAGGTCGACTGTCGCACGCTGCACGGTCATGGACGCTCTCGGATCCGATCAGTCCAGAAATGATGTACCACACCTGCTCCGAGCGAACCATCGTACTCCGGTGAGTGATTTCGACGCGACTCTCGTCCCTGAAAAGGGGGAGGAAAGTCCGTAATATCCGGAGACGGCGAGCCCCGGCCTCACGAACTGACAGTGAGCCGGGGCTTCTGGTCTGCTCCTCACTCAGAACTCGCCGGAATCAACGGATCTTCCAGTTCTTCCACTTCACCGGGGTCCCCCTTCCCGTGTTGCGACCGACCCGGACCGAGTAGTACCTGCGTCCCGATCACTCTTAGTGCGAAGTTCCCGAGACCGGTACGACTGGTCACCCTTAATCTAGTACAATCGGCTCCCCTTGTCAAGACCTGAGTACGCAAACGTTCGTCCTTCGGTCGCCATGCTCGAGACCGAGGTGGACGCTTCTGAGAAGAGACGGTGAGACGAGAGCGTTTTTCACGGGCCGAGCACGAGAGTCATAGCGAAAAGCCGTGTTCGGTCGTGACGTGTGCTGCTGGCACGCCGGTGTCCTATTCACTAGCGCCTCTTCGGCGGCGGTGCCGGATCGGCCTCCCGAGCGTGCCGTCGGTTGGGGTCAACTGGGCTTGCCCCCGACCCCCGACGATGCTAGGCTGGGCCCGGCGAGTGGGAGGATGGAGTGAGCGACGCGGTGTTCCGACGCATCTTGATAACCGGCGGGGCTGGCTTCATCGGGAGTCACTTCGTCCGTCTCGCGCTCGCAGCTGGCATCCCGAGCGTTGTCGTTCTCGACAAGCTCACCTATGCCGGGAGTCTTCTGAACCTGGAAGAGGTGCTCGACGATCCGCGTG
CP001275.1_gap6	241544	243614	2070	CGTGATCGTCGTGAGCGATGGAGTGGCGCATGCCGGGGCGCACGCCGGGAAAACGATCGATCTTGCAACGCTGGCCCGCCAGGAGTCTGTGGCATGCGAAACAGCACAGCAGTTGGCTGACCGCGTCCTGTCCGCAGCGCTCGCGGCCGATCGCGGTCATCCGCGGGACGACATGACAGTGGTGGTGCTGCGGTTGCAGGCTGGTGGGGTGAGGCAACCGGTTCGCCGACTCTCGCTCACCTTCCCGCTGACCGAGTGAGCTGTCGCCCAATCCAGTCGCTACACTTCACGGTCGAGTCTGGTGAGGCAGGGCATGCGAGTCGTGCTCGTCGGTCCCTGTGGTGCGGGAAAATCGACGATCGCTGCAGAACTCGCCGCTCGTGGTGTGGAGGCGATCGCGGTGGGCCAAGAGCATTCGATCATTCGCGATCTCTGGCGCCGACCGGCGGCTGATCTGGTCGTGTTCCTCGATGCCAGTTTGGAGACGGTACGAGAGCGGCGAGGTGCTGATTGGCCGGCTTGGCTCTACGAGGAAGAACAGCGGCGATTGTCTGAAGCGCGCGCGCATGCTGATCTCGTGCTGGATACTGGTCGGCTGACGGTGGGCGAGGTGGTGGAGCGGATCCTGCGAGCGCTCGAGAAAGCGGGTCAGCATGGGACGTGAGCGGCTTCTCTCGCTTTTGCTCGCCATCACCGTGCTGCTCACTGGGTGTCGGTTCAGTCTGCCGCTCAGCCGGTCGGCCACTCCCACTCCCGATTTCGTACTCCCTGTCGAGGCGTCGCCGACTCCCCCCGCGCCGGCGACGCTGTCGGTGACCGCAACACTCCTGCCGGGAGCCGTTCTGACCGCGCCGCCAGTGCCCACGCCACCGTCCTCGAGTGCGGAGCAGGTGCTCATCCTGGCTGGCACGCCGGAGGGACCGCTGACGCTCGATCCGGCGCTCGTGCGGGACGTGGAATCAGCGTTCGTCGTCCAGCAGCTCTTCCGCGGTCTCGTCCGGTTCGATCGCGCGCTCGTCCCTGTCCCGGAGCTGGCCGAGCGGATCGAGATCGGGCCCGACGGGCGCTCCTACACGGTCCGTCTGCGTGCTGATGCGCGGTTTCACGATGGAGACCCGATCACCGCGGCGGACGTCAAGTACTCCCTCGAACGGGCCTGCGATCCCGCTCTCGCTGATGGCGATGGCCGCGCGTTACCAGCCTGGGGTTTCCTGCGCGATCTCGTCGGTGCGCAGGCGCGGATGCTCGGCCGCCGCAGTGATGTCCCCGGTATCGAGGTCGTGGACGAGCGAACGCTCCGCCTTCACCTCGTCGAGCCGAGCCCGACCTTTCTCCTTCGGTTGGCTCTCCCGGTGGCGAGTGTCGTGAAGCGCGATGCTGTCGAGCGCGGGCCGGACTGGTGGCGTCAGCCGGTGGGAAGCGGGCCCTTCCGGCTCGTGCGGTGGACCGACGAGGAAATCGTGCTGGGCCGTCACCCACAGTACCGGCCGGCGCCTGCCTACTTGCGCGAAGTCCGCATCCGGATCGGTCCGGCTGCCTTGTCCCCGCTCAACCAGTACGAACGGGGGCAGCTCGATGTCGCTGCTGTTCCCGTTTGGGCGGTCGATCGCCTGACCGCGCCCGAATCGCCGTACCGCGACCAACTGATCGCCCAGCCGCTCCTCGGTGGAACCTACGTGTTCTTCAATCCAGGTGTTCCGCCGCTGGACGACCTCGTGGTGCGGCGCGCTCTGATCCAGGCGTTCCCGCGCGCCAAGGTTGCGGGGGTGACGCTGCAGGGGAAAGTGCCATTGGCACAGGGACTCATCCCGGAGGGAATGCCGGGAGGTCCTTGGGAAGCGACGGTGCTGCCCTATGACCCGGGGGAGGCGCGTCGGGTGCTGACCGGCCGCTCGCTTCGTGTGGAAGTCGCCAGCGCTGGGAGTGACGTCGCGATCATGTTGGGGCAGGTGTGGCGCCGCGAGCTCGGAATTGAAGTCGAAGTGCTCCAGTACGACTGGCCCGACTACTTGACTGAACTCGATGCTCGGCGCCTACCGATCTTCGTCTTCTCTTGGGTCGCTGACTATC
CP001275.1_gap7	263786	267133	3347	CCTCGCTGCACTCCGAGCAGTCGAGTTCACTGGTCCAACCGGTCGGTTCCGCTTCTACCCGGAATCCCAAGGTGCCGTGATCACCGTCTTCGTACGTCGTGTCGAGCGACTGCCGAACGGTGAGTTGGGCAACGTCATGCTCGACCGAGTCCGCGATGTCGACGATGTCTCGTTCTGACGCGGGTGCGAGCGGTTCGTGGGGCATCGACTCGGTTGCGGCGACACCTGTGATCCGGCTGTGCAGTGGCACCGTGACTTCCCCTGCCGGTCCGCACTCGTGCGCTTCTACTCTGTGGCGGCGGGTTACTCTCCCTGCGATCCGATCGAGGCGAGCATTGCGAGGGAGCGGGGGTGGAGCGTGCGCTGGCGATTAGGCGAATGCTGGTGTCTCCAAGGGTCGACCGGATCTGTCCACCCAGGAGAGCCGGTACCGATTGCGGCCTCAGGGGTTCCGTCGCATACTTGAGGCGAATCGGCGCGCCGGCTCGATCGGTTTCGCTGTGCCGGTGCGTGATCGAGAGAGGATTGCTCCCATGGACCGTGCAACGATCCGGAGCCGTCTCGTCGAGATCGTCGGCTCGGATGGAGTGCTCGACGATCCCGAAGAACTCCTCGTGTACGAATACGACGCATCGGACGAAGTCTTTGCGGGGCATCATCGCCCGGATTTCGCAGTACTCCCGCGTACGGCGGAGCAGGTGAGTGCGGTCGTGCGCCTGGCGAACGAGTTCGGGATTCCGGTTGTCCCACGCGGTGCTGGCACCGGGCTCGCTGGTGGAGCGCTGGCTCTGCGGGGTGGGATCGTCGTGGTCGTCACCCGGATGAATCGGATTCTGGAAGTCAACGAGCAGGATGGCTATGCCATCGTCGAGCCGGGGGTCATCAACCTCGAACTCACGCAGGCATTACAGCCGCGAGGTTATTTTTTCGCTCCCGACCCAGCTTCCCAGCGTGCCTGCACGATCGGTGGGAACGTCGGGAACAACTCCGGTGGGCCGCATTGTCTCAAGTACGGAGTGACGACGAATCACATCCTCGGTTTGGAGGTCGTCCTGCCGGACGGTGAGCGGATCTGGACCGGTGGACCGGTTCCCGAGACGCCGGGCGTCGATCTGACCGGTGTGCTGGTCGGTTCCGAGGGGACCCTCGGCATCGTCACCAAGGTGATGGTGCGGCTGACGCGACTCCCCGAGGCAGTGAGCGTGCTGTTGGCGGCTTTCCCGAACATCGAGTCGGCCTCGCATGCCACCTCGGCGATCATCGCAGCGGGGATGCTCCCGGCAGCACTGGAAATGATGGATCAACTGACGATCAAGGCGGTCGAGGATGCGTTTCATGCCGGCTACCCGCGTGAGGCGGGGGCGGTGCTGCTCGTCGAACTCGATGGCCTGCAGGAAATCGTCGCGGAGAATACCAGCCGGGTCGCTGAGCTCTGTCGCCAGCATGGGGCATGGGAGGTGCGGGTCGCCCGCACGAAGGAGGAGCGCGATCTCCTCTGGCTCGGACGTAAGTCGGCTTTCGGGGCGATGGGACGACTGGCACCCAACTATTATCTCGTCGATACGACCGTGCCGCGGACGAAATTGCCTGCGACTATGCGGCGAGTCGAGGAACTCAGTCGGGAATACCGGCTGTCGATCGCCAACGTCTTCCATGCGGGCGATGGGAACCTCCATCCGCTGGTACTGTTCGATCGGCAAAGACCAGGCGAGGTCGAGCGCGTTCTGGAGTGCACGACCGAAATCCTGCGCTACTGTGTGGATGCCGGAGGGACATTGTCCGGCGAGCACGGGATCGGCTTCGAAAAGCGCGATTACATGACGCTGGTCTTCACGACCGAAGACTTGTGTGCGATGGCTGGCTTGAAGCGAAGCTTCGATCCGCGTGAACTCTTCAACCCGGAGAAAGTGTTGCCCACCGGTTTCCGCTGTGGTGAGGTGGCTGCGTTGCGGCAGCAGGCGATCGCTCAGCGGCTCGGCTTGGAGTACGTGTGAGGGAGCGGGATGACCGGGACGACGCGACTCGCGCCAGGAGTGGCCATGGAGCGTCTCGCTGAACTGGGCGCTCCCCACGATCCCCGTGCCTATCGTGTGGATGGCCTCGAGCCTCTGGTCGCCCTTGCCCCCGAGACACCGGAAGCGGTCGCTGAGGCACTGGCCGTCTGTGCTGCGGCCGGACTGGTTGTCATTCCCTGGGGCGGCGGTCGGCAGATGGGGTTGGGGAACCTCCCTGAGCGATACGATGTCGCCCTCGATGTGCGGTCGCTGAGCGCGATCACGCATTACGAGCCAGACGACCTGACGATCGCTGTCCAAGCGGGGCGGAGCATCGCCAGCCTCAGCAGCGAACTGGCGGCTCATGGGCAGATGCTGCCGATCGAGGCGGCTGACCCGGAACGTGTCACCATCGGTGGCCTGGTCGCCACCGGAATCGGTTGCCCGCGGCGCTTTGGGTACGGGAGCTTGCGCGATCTGATCATCGGCATCACCGTGGCGTTGCCGGACGGGACGCTGGCGCGCGGTGGCGGCATCGTCGTCAAGAACGTCTCGGGTTATGACATGATGCGGCTCCACTTCGGCGCGCTCGGTTCGCTCGGGGTGATCATCCAGGCCAACTTCAAGGTCCTTCCGGCGCCGGAAGCGCAGCGGACGCTGCTTCTCTCCTTCCGGGAATCGGATCAGTCGGCTGCCGCCGCCCTCACCCTGCGCACTTCGCAGCTCGCGCCGACTGCGCTCGTCGTGCTCGCGCCGCCAGTAGCCAAGCGGCTCGCCGATCTGGAGCGCTGGGTGTTGGCCGCACGCTGCGAGGGACCGGAGGGAGCGGTCGAGCGCCAAGTCGAGCGCCTGCGTGCGAGCGTGGAGACAGCGAGCGGCGAGTCGGTCGTGCTCGATGACCGCAAGACGCTGGCCTTCTGGTCGTCGGTGCAGGGAGAACTGGAAGCGACGCCGTTCGATCGCGAACTTCGGGTGCGGATCGGCGAGTTGCCGTCCCGGCTCGGCGAACTGGCAGCGCAGCTCGAGCGCCGTTATGGCAGCGCACTGCGCAGCCTCGTCCTCGACAGCGGGAGCGGATTGGCCTACGTGACGGTCAGTGGAGAGCCGGTCGAGCTCCGTGCTTTCTGGGGTGAACTGCGCGAGCTGGGCCGACACGCGACGCTCCTAGGTGCGCCGATCGAGGTCAAGGCAGGAGAGGATGTCTTCGGGCGACATCCGGAGGGAATCCCGGTGATGCGCCGACTCAAGGAGACGTTCGACCCCGAGCGCATCCTCAACCGCGGGCGATTCATCGCCCATCTCTGAGCATGGAGCGAGGAGGCATCGATGACAACGGCATCGGCACCGGCGCGC
CP001275.1_gap8	309892	314126	4234	GCGATCGATTATCGCAACGCACACGGGATCCCGCATGATCTCGGCACGGCGGCGAATGTTCAGGCGATGGTCTTCGGTAACCTCGGGCCGGATTCCGCGACTGGTGTCGCCTTCACGCGCAACCCGAGCACCGGTGAAAAAGGAATCTTCGGCGAATATTTGACGAATGCGCAAGGGGAAGATGTCGTTGCTGGTATCCGCACCCCGCAACCGATTCAAGAGATGGCCAAGGACCCGCTGCTTCGTGGTGCGTACGAGCAATTGCTCGACGTCGCTGATCGCCTGGAGCGTCACTACCGTGACATGCAGGATCTCGAGTTCACGGTCGAGCGCGGCAAGTTGTGGATGCTCCAGACACGCACCGGCAAGCGGACAGGCCGAGCAGCAGTCAAGATCGCCGTCGACATGGTCCACGAAGGGTTGATCGATCCACGGGAAGCAGTGTTGCGCGTCTCACCGGACCACCTCGACCAGCTGCTCCACCCGATGCTGGACCCGTCGTGGAAGGGTGAGCCACTCGCCAAGGGTCTGCCAGCGAGTCCCGGTGCGGCTAGCGGGAAAGTGGTGTTCGACGCTGACGAGGCCAAGGTACTCGGTGATCGCGGTGAGGCGGTGATCCTGGTCCGGTTAGAGACCTCACCGGATGACTTCCACGGCATGCTGGCAGCGCGTGGCATCTTGACGGCACGTGGGGGCATGACCAGCCATGCTGCGGTGGTAGCGCGCGGGATCGGGAAACCGGCGGTCGTCGGTTGCTCTGCACTGGTCGTGGACTACGAACGACAAGAGTTTCGTGTCGGTGACGTCGTCGTCCGCCGGGGCGACGTGATCACGATCGATGGCTCGACCGGTGCCGTCCTGCTCGGCGAAGTGCCGACCATCCCGCCGAGTGTCGGTGGAGACCTGGCGGAACTGCTCGACTGGGCTGATCAGTTCCGCCGGCTGCGGGTCAGGGCGAATGCCGATACGCCGGAAGATGCCGCGAAGGCACGCGAGTTGGGGGCCGAGGGCATCGGACTGTGCCGCACCGAGCACATGTTCTTCCAGGGTGATCGCATCTGGGCCATGCGCGAGATGATCATGGCGACAACTCCGGAAGAGCGGCGCGCTGCGCTTGCCAAGCTGGAGCCAATGCAGCGTGAGGACTTCGTGGGGATCTTCAAGGCGATGGCGGGCTTCCCTGTCACGATTCGCACCCTGGATCCACCGTTGCACGAGTTCCTGCCGAAGCACGAGGAGGAAATCCAGGCCATGGCGGAACGGCTAGGGGTCTCGCCGGAGGCGATCCGTGCGAAAGTCCAGGCACTCACCGAGGCCAATCCGATGCTCGGTCATCGCGGTTGTCGTCTCGGGATCACTGCTCCGGAGATCACCGAGATGCAAGCACGCGCGATCTTCACTGCCGCGCTCCAGTGCGCTGCCGAAGGCATCGAGGTCCATCCGGAAATCATGGTGCCCCTGGTCTCGGACGTTCGCGAACTCATGGTGCAACGCGAGATCATCGATCGGGTGGCGCGACAGCTTTTCGCAGAGGCAGGACGAGAGATTCCGTACTCGATCGGAACGATGATCGAGGTTCCGCGTGCAGCGCTCACTGCGAGTGAGATCGCTCGGGAAGCGGAGTTCTTCAGTTTCGGTACCAACGACCTCACGCAGATGACGTACGGGATCTCGCGCGATGATGCTGGCCGCTTCCTTCCCTACTATCTGGAACACGGAATCTATCCGGCTGATCCGTTCCAGACGCTCGATCGCGCTGGCGTCGGTCGCCTCATCGAGATCGCTCGTGATGGCGGCCGAGCGACCCGGCCAGCGATCAAACTCGGCATCTGCGGTGAACACGGTGGGGATCCCGCCAGCATTCGCTTCTGCCACGAGGTTGGGCTCGATTACGTCTCGGCTTCTCCCTATCGCGTACCGATCGCGCGACTCGCTGCCGCGCAAGCGGCGCTCGGCTTGCGCGAAGGGGACGTTTGAAACATCGCTGTCTTCGTCTCGTCCGTTGGGCCGGTGCACTGACGCCGGCCCACTTCGGTTCTTGCAGTGGTCTCTCGATGAGGAGCCCGGACGATAGTCCGACCTGACGCCGCGGTGGTGCCTCGTGCTCGATCGTTTACCTTCACCCTGTGGGATGGCTTGGATCGCTGGAGCAAATCCCTTGCACCGGCGTTCTGTACACTCGTCATCGTGCGTCGTCCTGGAGGGAGTCGTGCCATGCCGGAACGCGAGATACTGGGGATTCATCACGTTACAGCGGTCACGGGACGTGCCACAGAAAATGTGCGTTTCTATACGCGTGTGCTTGGACTCCGTCTCGTCAAGAAGACGGTCAACCAGGACGATGTGTCAGCATATCATCTGTTTTATGCCGATGCTGTCGGGAGTCCAGGTACGGATGTCACCTTTTTCGACTGGCCCAACTTGCCGCCGCATCGTTCCGGCTCTGGGGAGATCGCACGCATCGCATTGCGGGTGGATAACGCAGCGGCGCTGGAGTGGTGGGTCGAGTGGTTACAGCAGCATGGTGTACCGGGCGTGGAGTGGGGAAACTACGCTGGGCGGCAGGCCGTATTCTTCCGGGACTTCGAGGGGCAACGCTTGGCCCTCGTCGACGATGGTGGGACGGTCGGTGGCACGCCGCGGGATCGGTCGCCGGTACCTCCTGCCTACCAGATCAAGGGGATCTTTGCGGTTTCGCTCGTTGTGCGCTCGCTCGAGCCGACCGCACGTGTGTTGACGGAAGTGTTAGGATTTCGCCTTCGGCAGGAAGAACGCTCTCACGCACGAACCGCTCTCTTCGAGGTCGGGCCGGGTGGTCCGGGAGCACTGATCGTGGTCGAGGAACGCCCCGATCAGCCTCGGGCGCAGCTCGGAACCGGTGGTGTCCACCATGTCGCTTTTCGCGTTTCCGATGATGCTGCGCATCAGGCGTGGCGTGCCCGGATCGCCCAAGCTGGCATTCCGGTCACCCCGCAGATCGACCGATTCTACTTTCGTTCCCTGTATTTCCGCGAACCAGGAGGTATTCTCTTCGAGCTCGCCACGGATGGGCCCGGTTTTGCCATCGACGAGGATCTCGAGCACCTGGGTGAACGCTTGTCGCTCCCGCCGTTCCTCGAGCCGCGGCGGGCAGAGATCGAAGCGAACCTCCGACCACTCGAGCCGATCGAGGCTTGAGGGAGGGGTTGGGCGCGGATAGCGAGCGCCGGGAGATCCCCCGGCGCTCGCTCATCGATCCGAATGCTCAGCCGCGGTCAGCGCTTGAGACCCTCACGATAGCGCTGGGCCACCGCGTCCCAGTTGACCACGTTCCACCAGTTCGCGATGTACTCAGGACGGCGGTTCTGGTACTTGAGGTAATAGGCATGCTCCCAGACGTCCAGCCCCATCACGGGATAGAGGTTGTCCATGTAGGGGCTGTCTTGATTGGGCCTGGTAATGATTTGGAGCTTGCCGTTCTGATCGAGTACCAACCACGCCCATCCTGAACCGAAGACCCCTGCGGCAGCTGCCGAGAACTGTTCCTTGAACTGCTGGAAGCTCCCGAACGTTTCAGCGATCGCCTGCGCCAGCTCTCCGGTCGGTTCACCACCAGCGTTGGGACCCATGATCTGCCAGAAAATGGTATGGTTGGCGTGGCCTCCACCGTTGTTGCGGACAGCGGTCCTGATATCCTCAGGCACTTCGTTGATGCGGCGCAGGAGTTCCTCGATCGGCATGCCCGGGATTTCTGGGTGCTTTTCGAGCGCCGCGTTCACGTTGCGCACGTAGGCTCCATGATGCCCGGTGTGATGAATCTCCATCGTGCGCGCATCGATGTAGGGCTCGAGCGCGTCGTACGGATACGGCAGCGGTGGGAGTTCGTACGGCATCGTGACCCTCCCTTTCCCTTGTCGACCGACTCGTCAGCGGCACGGAGCCAACGACACCGAGGCCACTGCGAAACCGTACCGCCTGGTTGAAGTATGACGCAAATCTCTGCCGGTGGGAAGGGTCTCTCCCCAATCCCGCGCCGGCAGAATCCAGAGCGCAGCCGTCTGACGCTTTGCTGAACCATCGAGCGTTCGTCAAGCGGCGCGTCGTGGGTCGGCCATGACGATCTGGCGAGTCCACCTCTTTCAGTTCGAGCCTCGGCTCGATCGAGCCGCGCGTTCGACCAATGCTCCTGCGGCGATGACGAGATCTTCCCGCCACGGACGTGCCACCAGTTGGAGACCGATCGGCAAGCCGTCAT
CP001275.1_gap9	360971	365312	4341	GCGAACGACAACAGTTCTGGGTCGATGGTGCGGAGGTGGCTCTCTGGAACCGGGACGACACGAACCTCAGCGAAAAAGCTCACGATCTTGAGGTTTCCGGCAGCGAGCTGTCGCTCGATCGCGCGCAGGCAGCGCTTCGAATAGACGGCGTGGAGTGTTTCATACGTCAACATGCCGCCTTGACCAGTCCGTTCTGCCCTGGTCGGCACGAGCACGTCATAGTCGCGCGGGACAGCGAGCAGGGCCGCCAGGAGATCTGGTGAGACGAAGGGAAGGTCGCAGGAGAGCACGAGGCAATACTCGTGGCGAGCAGCGAGCAGTGCCGAATAGATCCCACCGAGCGGTCCGCTTCCCGGGAGACGATCGGGTACGATCGGGACGCCGAACTGAGCATACGCTGGGCGATCGCTCGCGACGACGAAGAGGTCGTCGGTCAGGTGTCGAACGCGGCGCAAGACGCGAGCGAGAAGCGGCTCGCCACAAAAGTCCAGCAGTGCTTTGTCTTGCCCCATGCGTCGGCTCTGGCCACCGGCGAGCACAGCGATACTGGCTTCCATCGATACCCCCGTCGGAGTGTAACGTGATCTTCGCTCGAAGACGAGGTCCCGTCCTCTCGCTGCCTCGGCGGCTTCGCGGCAGCGAAGGGGTGCTCCCGGCGGAATCGCAGGCGGAATCGGATGTGAGCTGGAGGAGTGCTCGTGGGTGGCCCGGTTTCGACGCCAGTTCGGCACGGCTTCGTACGCGGCGAACGGGTGACATTCCCGACGCGCTCATGTCAGATCTGTTGTATCGGGAAGTGATGCGCTATAATCTGGCTAGAAACCCCTGAGCAGGAAGGCGAGGACCCCGAAATGCACGGTGGTCCGCCAACCGAAGAGCGGTCGAGGGCACTGGGAAACTGGCCTGGTGCCCTGCGTGTTCATGGTCGGTCAGGCGCGACGGGACGGACCGGAAGGGGGATGGATCATGAATTCGAGCCTCATCGGGAAGATCGAGAAGGCACGCCGCTATGCTGCGGAACCGGAACGAGTCCAGGTGCAATCCCTGCACGTCCGGTTCCGCGGTGAGCACGATGTGTACGACGTCCATTTTGCGGACGGGAGCTGGAGTTGCACGTGCCATTCCTTCGAGGCGCTCGGCCTGGGCACGTGCAGCCACATCATGGCCCTCGAACGCTTGCTGGGGCCGATCGCTCCACAAGCGGTGGGGCAGGCCGAGCGGGTGAGCTAACATCGAGGCGATCAGGCTCGGCGGGGATCGTTGCGCTCGAACCGAACACCGGTCGAAGACGCCGTCCGGGTGCGGGTGTGCTCGGCAGAGAACCAGCGCTGAGTGGGCCGGAGCATGGTCTGTTCTCTCGTGACGGCGCGACCGAGATCCTCGGATCGCCTGGTCGATCGCAGCGTGACGCGCTTGCCCCAACTAGTTGTCGAGTAGTCCGATCGGGGACGTTCGGCTACGCGAGCACTCGCCGCTCATCGAGGTGCTCGCGCACTGCCACTCGAAGGGGAGAACGGGCGATGACTTTCGACGTCACGTGGTACGCTCAGTCGGCCTTCCGGATCGACGTTGCTGGGCTGCGTCTCTATCATGACCCTTTCCAGATTCCGGACGGTGAGCCGACTGCTGATGTCATTTTGATCAGCCATGAGCACTTCGATCACTGCTCACCGCCCGACATCGCGAGGATCCGCGACGTTCACAAGACGTTCGTCGTAGCGAATCCCACTGCGGCGAATACTCGTGAACTCGAACCCCCCGTTCACGTGATCAGGCCGGGCGGTGAAGTGCAGTATGGTCGCTTGTCGATTCGTGCGGTACCAGCTTATAACTTGAATAAGTTTCGCAGCCCTGGTGTGCCCTTCCATCCTCGAGAAAAGGAGCATGTCGGGTTCATTTGCCGAGCAGAGGGTGTCACCTGGTATTTCGCCGGTGACACCGACGCCATACCGGAGATGGCGCAGTTCGGTCCGGTCGATTATGCCTTTCTCCCCGTCAGCGGGACCTACGTTATGACGGCAGAAGAAGCCGCGGAGGCCGTACGCATGCTCCAACCGCGTGTCGTGATCCCCATGCATTATGGGACGGTCGTCGGGTCGGTGGAGGACGCTCGACGTTTGGCTGCGCTCGTCGGTGATGTCGCGGAGGTCAGGATCTTGGAGCCCCGTGGTCGTCCGAGCTGAGTGATCAGCTGGACACAGTCAGCAGTGCTGCGAATTGCTCGAGTGTCATCTCTCCTGAAACGCGGAGGCGAGGAAGAGCGAGCGGGTCATCGTCCGCACCGGCTCGGCCTGGCTGAGTGGTGACCGCCATGCGGTAGCCTGCCGCAGCAGTCGCTGCTTTCACGCGCTGATCGATCTTGCCAGCGGGATAAGCAAAGGAGAGAACCGGGTGACCGAGTGCCTCGCGAAGCGCCGTCGCGCACTCGGTGAGTTCTGCTCGCAGTTGCGCATCGGACACCTGGGTCAAATCGACGTGATGGACCGTATGAGCGCCGATTTCGATCGCCCCTGAGCGATCGAGTTCACGAACCATCTCCCAAGTAAGATAGCGCGGCGAGTCGAGCAATCCGGTGATCACGAAGATCGTGGCATGAAAGTTGTACTGGCGCAGGATCGGCCATGCATGCTCGTAGAAGTCACGGTAGCCGTCGTCGAACGTGAGAACGATCGGCTTGGCTGGAGCAGGTTGGTCACCCCGTCGGATCGCTTCGAGTTCGGAAAGCGTTATCGGCGTGTAGCCATGGGTGGAAAGCCAGTGGATCTGTGCTGCGAACTCGGCTGGTTCGACCGAGAGGGCCCGACCGATCGGGTCATCGGGGCCCGGGCGCGGACGAATGTAATGATACATAAGTATCGGAACAGGCTTACGATAGGGTTTCGGTTGTGATGTGTCTGCAACCGGCGTCGAGTCTCGAGTCGGTCTGGTCGAATCTTGGAAGAAGTGAAGAGAGTGGTGCGCGGAATCGGTAAAGAGAGACTCGGGTGGGTTACCTACGATTCCTCTTAAATTGCCAACCAGATGCAAGGAACCGGTGATCGAGTACGGAGGCCGCTCGTCGCTCGGCTCACTGGGGAGATCCCTCGTCATGAACCGCTGCGGGGCGGAAACGACGAGGAGAGCTTGTGGCGGCTGTTCGGGAGGCGCGGCTACGCGAGGATGCAGAAAGGTCTCTGGTTTTGCGAGCAGTATCGCCACGAGCGCGACGAGCGAAAGACTGAAGTGTTGACCAATCCGCACCATAGTCTTCCTCCTGTGGGATTCGAGCAGAACTCGCGCCCGGACGCGCTCTGCCGCCAGGTCTGGCCGTATAATCGCCGCGCTGGTTGGCATGATGGATGGAGAGGAAAACGATGCGGGTTACTGGTGGAGAAGCGGTCGTCCGCACGCTCGAGCGGCTCGGCGTGGAGGTCGTTTTTGGCATCCCGGGTGTTCATACGTTGGCGATCTACGATGCGCTCTATTCGTCGCCGATCCGACATGTGCTCGCGCGGCATGAGCAGGGTGCGGGCTTTATGGCCGATGGGTACGCGCGGGTTTCGGGGAAGCCCGGTGTGGCCATCGTCATTACCGGACCGGGCGTTACGAACATCGCTACAGCGATCGGCGAAGCGTATGCCGATTCCTCACCAGTCGTCGTCATCGCGTCGAACGTCGAGCAAGCCTGGCAGGGGCAGATGCTCGGCCACTTGCACGATTGCAAGGATCAGCTCGGCATCATGCGTGTGGTCACCAAATGGGCAGATCGTGCGCGCTCAGTGGAGGATGTCCCCCGACTCCTCCGCACAGCGTTCGCGGAAGCGATCAGTGGGCGACGACGCCCGACGCATCTGGAGGTTCCCTTGGATGTTCTCCATGGTTCTGGCGATATCGAGTTGGCTCACCTCGCACCGCTGTCGATGGAGCGCTCCCAACCGAGGCGGTCAGCCATCGAGCTGGCAGCTCGCATGATCGAGGAAGCGGAGCGCGTGGTTCTCTACTGTGGTGGGGGCGTGGTCGCTAGTGGCGCAACGGCTGAACTCAGTGCGTTGGCTGAACGCTTGGGAGCGGCGGTCATCACCTCCTTGCAGGGAAAGGGCGCGATTCCGGAGGATCACCCTCGTTGTCTCGGGAATCTCTGGGAACCCGAAAACGCGGTCGAGCGCGTCTTGCGCGAATCGGATCTGGTCATCGTGATCGGATCCAAGCTGGGTGCACAAGATACGGCGAATGGGCGTTTGCCGCTCCCGGACCGGCGCATCCGGATCGACATCGATGCCCAGGAGATCTTGCGCAACTATCCGCCGACGCTCCCGATCGTCGCTGATGCACGCGAAACGGTGCGGGCCCTGCTGAGCGAGC
CP001275.1_gap10	392271	395413	3142	AGGCGAGCGAGCGTACCCGCGACGTCGCCTGCTCCAGTGCCGAGTCTGGCCGTTCTAACTACCACTCCATAGCGCCGGGCGACATTGAAGACCGGTCCCTGGGCGCCGGGATGCTCCATGTCGGTGGTCACGATCTCGTCGCCCGGTTGCCAGTCGAGACCCATGACGGCGAGATTGATCCCGTCCGTGGTGTGGCGCGTGAGCGCGATCTGGTCAGGGCGACAACCGAGCAAGCGAGCGACTTCCTCGCGAGCCCGACGCTTGAGGTCAGTGGCCCGCTCGTAGCTCTCGCTGGTGATGCGGCCATGCAGGAATTCTCGCTCCGCTTCTCGCTGCATCGCTTCCTGGACGAGAGTGGGTAAGGGGCCGAAGGTGCCGGTATTGAGATAGACGTACTCGCGGACCGCTGGCATGGCTGCGCGGATCGCTGCGACTTTGTCGGATTCCTGCATCGCTCACGCTCCTGTTCCGGGCCATCCCGTGCCGACAGTGGCTGTGTACTGCGCTGATCGGCATCCGTCAAGCCTGAGCACTCGCCGAACGAACTGGTCACCCCACCGAGGAGCGCACCGACACGTGGTGGCGAGCCAGCAAGCTGTCTGTCTCTTGCGGCAGCCGCGGTCACCAGGTCGCATGAGTCAGGCAAGGCTTGCCAGTGCCTGTTCCAGATCGGCGATGATGTCCTCGGGATCCTCGATACCGACCGAGAGCCGGACGAGCCCGTCGCTGATACCCATTGCCTGGCGCTCTTCTGGTGAAAGGCCGCGATGCGAGGCCATGACTGGATAGAGGATCTCGGAATAGACGTCACCCAGCGTCGTTGCTGGCAGAATGAGCCGCAAGCGTTCGAGGAACGCCGTCACGCGTTCGCGTGTCCCGTGGCGAATTTCGAACGACACGATGGCGCCGTAGAGTCCCGGAGGGAGGAGGCGCGCAGCGGTCTCGTGACTGGGATGAGTGGGCAGGCCCGGATAATGGACGCGCTCGATCAGCGGATGTTCAGCGAGCCAGCAAGCGATCCGACTGGCGTTCTCGCATTGACGGTGCATGCGGAGCGGCAGCGTCTTGAGGCCGCGGAGAACCAGGAAGGCCTCGAACGGACCGAGGATACTGCCGATCGTCTTGTTGATCTCGTTGAGTTCCCAGCGGCGATCGGCTGTTGTCGCGACGATCCCCGCGGTCACATCGCCGTGTCCACTAAGATACTTCGTCGCGCTGTGGATCACGTAATCGGCCCCGAGCGTCCCGGGACGCACGAGATAGGGTGTGGCGAAGGTGTTGTCGACCGCCAGCCGAGCGCCATAACGGTGGGCGATTTCAGCGAGGCTGGGAAGATCGGTGACGCGGAGCAGCGGATTGGAGATGGTCTCACACAGGAGCAACCGCACCCCACCGCGGCGCAATGCAGCTTCCACCTGAGCGAGATCGAGGATATCGACGAACTCGACTCGCACCCCGAGCGATCCGAAGATCGTGCGGAGGAGAGTGATAGTCTGACCATACAGATCGCGCGAGGCGACGATACGATCCCCTGCCTCGACGCAGGAGAGGATCGTGGCGTGCAGGGCGGCCATTCCGGAGGCAAAGGCGAGCGCTGCTTCCTGCTCTTCGAGAGAGGCGACTGCTGTCTCGAGTGCTTCCGTCGTGGGGTTGCCATAGCGTCCATACACGAAGACCCCCACAGCACCGCCGAGCGCCGCGTCCATCTGCTCGATGTTCTGGTACAGGAATGTCGAGGTCGGATAGATCGGGGTCGCGGTCGGGATGAAGTCGCGAGGATTCGGACGTTCGCCCGCGTGTACGGCACGAGTTGCGAATCGGAAGTGGAGTCGGCGCTGATCGTCCATCGTCTCCCTGCCCTCTTCGCTGCTCGCCAGCCCGCTCTCCGTCAGGTTTCGCGCGGAAGTATAAAGCCTCGTGCGACGCTTGCCCGCTCGGCGGCTTGCGTGTTCCGGATTCGGCACGATCGATTGACTCGAGGTGGGAGTGGGAGTAGAGTAACGCCGTAGAGGGCGAGTGATGAAACGACTGGATCGTGCACGTCCGGAACGAGGTCCACCGAGCGATGAGCGCGGTGAGTCAGGATCGTCGAGTCTGGCTGTTGGAAGACGTGAGGTGCGAGATGAAACGAGGGCGAATACGTGCGCTTTTGCGTCTCGTCTCGGTGTTGGCGCTGGCGTTACCGATTTTGGCGGCGTGCGCGCGCGGTCAAGCGACGCCGACTCCAGCACCGAGCGGGGCAACTCCGACAGCGGGCCAGACGCCGGCTGCTGTGAGCAGTCCGACGCAAGCAGCAGTCACAACGCCGACTGGTGAGAAGGTCCTGCGGATTCACGAGTACACGTATCCGGACGTCTTCGACCCGCAGAAGAGCTCCTTCTCGAACGAGATCGCCGTTCTCCACATGAATTACGAGGGACTCACGCGGTTGGACAAGGATCTCAACACCGTGCCAGCCGCCGCTGAGTCGTGGGAATTCAACCAAGATGGTACGGTCGTCACTTTCCACCTGCGCGCCGGGTTGAAGTACAGCGATGGAACGCCGCTCACGGCTGAGCGCTTCCGCTACGCGGTCGAGCGGACGTGTGATCCCAAGACAGCTGGAGAATACCAATCGATCCTGTTCGACATCGTGGGGTGCGAAGAGTTCGCTGGTACCGATCCCAATGATCAGGCAGCGTATGAGGCCGCTCGTCAGAAACTGGGTGTCGAGGCACCGGATGATCGGACGCTGATCGTTCGCTTGACTCATCCGGCTCCCTATTTCCCGACGATCGCGTCGTTGTGGGTCTTCTATCCGGCCCGCAAGGAGCTGATCGAGCAAGGCGGTGAGAACTGGTGGAAGGATCCCAAGCTTCAGATCGGTAATGGCCCGTTCCAGATGGTTGAAGTCGTCGAGGATCAGCGCATCCGCTTCGTCGCGAACACGAACTACTGGGAAGGCCGGCCGAAGCTGGATGCGGTCGAGATTATCTACCAGAAAGAGAGCTCGGTCGCGCTCGAGGCGTACAAGGCTGGACAGCTCGACATGTTCTCGCCGGATCCCTCACAGCTCCCAGCGATCAAGAGCGATCCGGAGCTGTCCAAGCAGCTCGTGACCTACCCGGCAGCGACGACCATTCAGCTCTCCTTCAACTTGACG
CP001275.1_gap11	413607	414765	1158	TTGGCGATGAGCCAGTCGACGAGGTCGCGCAGTCGCGGCTCGTCGATCTCCTCACCAGCGAAGGGCGTGATCAAGGCAACGAACGTTCCGCGGAGCATGCTGTTCCCTCCTCGTTGCATCACGCAAAACGACTCGAGTCCGCGCCGCAGCACCGCGATGAGTGCGCTGTTTCCCGGGACATACCTGCCCGCTCATCGCCGGGTGCCCGACGAGATGTCGATCGGTTGTTGCCTGGAGTGTCTCAGCTCGTGAGGGAACAGCGTTTCAGGGGATAGACACGACGCGGGGCTCGTGCCGAGCAGCGCGACTGCTGGGCCGACGTCATCCGATCGAGGGCTCGTGCACGTTCGCTCATCTCCTGCATCCTTCGGTCGAGCCCGCACCTTTTGTGAGAGTAGCAAGTCTCCGACGCCTCGTCAAGAGGGGATGATGTCAGCGATGGGCCATCGCCTACCGAGTGTGTTCGCCTCGGTCTCAGCTGATTGCATCGCCGAGGGCGGAGTCGAAGACCGGTTGGTTCAGATCGACGAGGCCGCGCTGCACGGTCGCACCGAGCAGTGACTGGAGTTGCTCGCTGAGCCAATCGGCGGCTGCGACGGCAGCGGCCGCCGTGACACCCTGAAAGGCATCGATCGGGAAGAGAATCGTGCGCGAATCCGGCGTGACGAGGCCGGTCCGGCTCTGGCGCCACACCCAGCGCCGAGTCCGGACGTCGTGGTCATGGACGTACACGATTTCTCCGACCTCCGGCTCTTCGGGTGCGCCGTCACCGAGAGGCAGGAAGCGATCGCCAGGAAGGCTCGCACGGACGGTCAGGCCGTTCGGAGCGGTGGCCAGATCGTGCGCGCCGATGGGGACGAGAAAACGGAGCGACGCTGCATTGGCGAGATCGACGGCCGGGTTGATGCTCGGGGGAGGGTTACCCTTCAGTGTCCGGCGGACGAGCGCTTCGACCGAACTCTGATACGTACTAGCGGACCAGCCGAGCCGGCGAAATGCCCGTCGCCAGACGTCGATCTCCGGCAAGGCCTTAGGGTCGATCGCTCGCCAGCGCTCGCAGGCGAGACGGGCGCTTTCCGCGAGTAGTGTCCGGGCTCGTTCGACGTGCCGCCGGTTCTCGACTCGGTCAGCGACGAGCACGATGACCAAATAGTCGGG
CP001275.1_gap12	417089	420668	3579	CGTTCTTCGCCAAAGCGGTGCCCGGCTCGTCGAGGTAGGGACGACCAATCGGACCTACGTCCGCGACTATGCCGAAGCGATCAGCGATGACACGGCGGCGATTCTCTCTGTCCACTGGAGCAATTTCCGGATCATCGGCTTCACGGTACAACCGGAGCTCGGAGAACTCGCCGAACTCGCTCATGCGCGTGGACTTCTGCTCATCGAGGACCTCGGGAGCGGCGCATTGCTCGATACTGCAGCCTATGGGCTCGCCCACGAACCGACTGTCCAAGAAGCGATCGCTGCCGGCGCCGACCTGGTCTGTTTCTCGGGCGACAAGTTGCTCGGCGGTCCACAGGCAGGCATCATCGTTGGGAGGCGAGAACTCATCGAGCAGGTCGAGCGACACCCGCTGGCGCGTGCGCTCCGGGCGGACAAGACCGCGTTAGCGGGTACGGCGGTGACTCTTCGACATTACCTGCGTGGGGAAGCGATCGACAAGATTCCTGTCTGGCGCATGATCGCCACACCGCTCGCTGCGTTGGAGGCGCGTTGCCAGACCTGGCAATCGGCGCTCCGGGACCTGGTCGAGACGGAGATCGTCGCGACCGATGCGACGGTCGGTGGAGGATCCTTGCCCGGTGAAACCCTTCCCAGCCGGGCGCTCGCACTGGGGGCAGAAGCGATCGCCGAGGTCGTGCCTGGCCTGACCGTCGAGGAACTCGCGCGCCGCTTGCGTACTGGCCAGCCGCCTGTCGTGGGGCGAGTCGAAGCCGACCGCCTGCTCCTGGATGCCCGGACAGTCTTGCCAGAGCAAGACGAGGCACTCGTCGAGGCGCTACGCCGTTCTCTCGCCATCAGTTGACCGGATCCCGCGTATCGCGGAAATAGGGGCTGCGTTCCGGATAGAACTCGGGGAAGCGCTGCTTGAGCGCTTCGATCAACTCCAACGCACGCCGGAGTTCGTCCCGGTCTCCCCGCTCTTCGGCATCGCGAACCTCGCTCAAGAGCGAACGCAACCGCTCGTCGTGACGTTCGCGACGGAGCCTGCGAAAGGCTTCCCGGATAGCCTGGCGAGCGAGCGGCACGGGGAGGTCGGGTTGTGTCGCGAATCGCTGGCGCAGCTGGCCGATGTCGTCCCGGAGATCCTCGGCTAGCGCTGCGTCGTCGAGCGGTTGACCGGCGAGGAGCAGGCTGACGAGTTCGCGATAACGGGCATCGGTGATCGACTCCAGGTCGATTTCGCCGACCAGATGGGCTGCTGCCTCGGGATAGCGTAGGAGAAGGCCGACGAATTGCTGCTCGGTGGAGAGCGGCCGAAGGATTGCCGCTGCTGTCGTCTTGGGTGAGGGTTCTCGAGTCGGTTGGCGTCGGAGCGAGGCGAGAAGGCGTCGAACCGTCTCTTCAGGCAGACGCAGCCGGGCCGCAACCGAACGCGTGTAGAGATCGACCTGAACCAGGTCGCCGAGTTCGAGGAGGAGCGGGGCGATGCGTTGGAGCAACGCGGTGGCCGCTCGAGGATTCGCGGGAGGCTGCTCACCGAGGAGCACGTCCAAGTAGTAATCGACGAGCGGCACTGCATGGGCGAGCGCTTCGTCCCAACGGGTGCGATCTTGCCGGATGAGGTCGTCGGGGTCGAGGCCCTCCGGGAGCACCACGACGGCGAGTTCGACATCCAGGGTGCGCTCGAAGCGAATGAGTTGGCGGGGATCGACGACGGCACGCTCTCCCTCGGCGAGAGCGTGGCGAAGCAGCTCCAATCCACGCAAGGTCGCCTGGCGTCCGGCGACATCGGCATCGAGCGCGAGCAGGATACGCTCGGCGAGACGGCGGAGGTGTCTCCCCTGCCGCTCGGTCAAGGCGGTGCCGAGCGAGGCGACGGTGTTCGAGTAGCCGAACTGATGCGCTGTGATCGCATCCAGATAGCCTTCGACCACGATTGCGGTACGCTGCTGGCGAATCGACTCCTCGGCGAGATCGATCGCGTACAGCACACTTCCTTTGTCGAACAGTGGGGTTTGTGGCGAGTTGAGGTATTTGGGTTGTGCCTCGCCCAACGTGCGTCCTCCGAAGCCGAGGATGGTACCGTGTCGGTCTCGGATGGGGAAGATGAGTCGGTTGCGGAAGCGGTCTACGAGAGAGCCATCGTCTCGGCGCACGACGAGGCCGGCAGTGACGAGTTCCTCCGGTCCGGCACCGTGCTGAGAGAGGTAACGGGCGAGTGCACTGGGCGCATCGGGTGCGTAGCCGAGCCCGAAGCGCTCGGCGGTAGGGCGATCGATACCGCGCCGTTCGAGGTAGGAACGCGCTGCCTCACCGAACGATGTCCCCCACAGCACGTGCGCGAACCATGCCGCGGCCAAGCGATTCAGTTCGGCCAGTCGGCGACGCTGCTCGTCTTCGGCACGTTCCTCCGGTCGGGGTGGCGAGAGCGTGATCCCTGCCCGCTCGGCCAGTCGCTCGAGGGCATCGCGGAAGTCGAGTTGCTCGATGCGCATCAGGAAACTGATCGCGTCACCGCTCGCCCCACAGCCGAAGCAATAGAACGATTGCGTTTCGGGAAAAACATAAAAAGAGGGGGTTTTCTCCTGGTGAAAAGGACAAAGGGCCTTGAAGTTTTTCCCGGCTTTGCGCAGCTGGATGTACCCGCCGATCAGGTCGACGATATCGATGGCTTCTCGGACTCGTTCGACGTCCTGGCGTCCCATCGATCTATCCGAGGAATGTCCAAAAGCGCGGTAGCCAGATCGCTTCGAAGCAAGCGAGCGCGTAGCGATCCGTCATGCTCGCGACGTAATCAGCAGCGATGCGTTCGACCGACTCGTTCTCGAGCATCTGGCGGAACGTGGCTGGCATCTCGTCCGGATGCGTGACGAAGTGCTCGAAGAGGAACTGGATGATCCGCTCCGCCTTTCGCGTCTCTTCCAACCGGTTGAGTGGCTCGTAGACGCGCTCGAACAGGAAGCGACGCAACTGATTGGCTGCTCTTTCCATCTCCGGCGACAGACGAATGACTGGTTGGCCAGGAGTGCACTCGTCGAGCAGGGGAGCAGAGGTCGCGACGACATCGGCGACGAGACGATGGATCCGCTCTCCGTGCGTTCGTCCGAGCGTGTCGAGCACGTCCGCTGGGGCATCGGTCAAGGTGATCATGCCCGCGCGAAGGGCGTCGTCGAGATCGTGATTGATGTAGGCGATACCGTCGCTGATCTTGACCACTTGTCCTTCCGGCGTCGAAGGCCAGCCGGCGATTGGGCTACTGATACTTTCTATCGTCTTCGAGTGACGCAGGATACCGTCCCGCACTTGCTCGGTCAGGTTGAGCCCTTGGCCATCGCGCTCCAAACGATCGACGACTCGCAAGCTCTGTTCATTGTGGCGAAAACCGGGAAAAACAGCGGCGAGAGCACGCTCGCCGGTGTGACCGAACGGCGTATGACCTAGATCGTGAGCGAGGCCGATCGCTTCGATGAGATCCTCGTTGAGGCGGAGTGCACGGCCAATCGTCCGAGCGATTTGTGTGACTTCGAGCGTGTGTGTCAAACGGGTCCGGTAGTGATCCCCGGGTGGTGCGATGAACACTTGTGTCTTGTGCTT
CP001275.1_gap13	422437	427107	4670	CGTGCCAACCGCACTCAGAGAGAGGGGACTCGGTCCAGTGAACTGGACAGCCTTCCCCCGAGCTGCTCTCTGTGCTATGGGGCAGTCTAAGGGTTTAGCCATAACTGGACAAGAGTTGTGTTCGTCTATGCTGAACGAGGAAGGCGGCGATGGTCGCGGATCGTGGCTGCCGAGCTTCCCACGCTCGTATAGGGCCTGGTTCGGCGGTGCTCGGGCCGCTCTGAGCGAGAGGGTAGTCGGAGGAGGGCGACCAGTGCTGGCAGAAACGCCTGAAGGTCCTGTGGGGAAGTCGGAATCGGTCAGTGGTATGCTGGAAATGTGTTGCTGGGTGCGGTGAGGAACGCACTGATGAATGTCTTCGTTTGCCCGAAGTGCTTCGGACGGATGACGATAGTCGAGCGGCATCGAGTGGTATTCGAGCGGTGCACGGAGTGCGGTGGAATCTTTCTCCACCGTGGGGGCTCGAGCAGGTGATCCGTGGGGAAACCCAGTACTATAAGCGCCAGGCAGTACGTGATGGCGAGGAGAACGCATTCGAGAAGCGACGTGATGACCGGCGCAAGAGGAAGTTCCGGCACTTCTTGGAAGAGTTCCTCGAGTTCGATTGACCCTCGACATGGTGCGTGACATGCGCAAGACATCAGAGCAAGTTATCCAGGAGCGGCTCGCCGCTCTCGAACCAGCTCCCGGCGTTTATCTCATGAAGGATGCACAAGGCCGCGTGATCTACGTGGGCAAGGCGAGTTCGCTCCGCCAGCGACTGCGTTCGTATTTCAGTTCCCACTCGAGCATGGATGCAAAGACGCGGGAACTCGTCTCGCAGATTGCGGACTTCGAGGTGATCCGTACCGACACCCCGACCGAGGCGCTCATTCTCGAGAACGAGTTGATCAAGCGCTACCGGCCTCGCTTCAACATCATGTTGCGCGATGACAAGACGTATCCATTCATCCGGATCACCAACGAGCCGTTCCCGCGCGTGATCGCTACCCGCCGTATCGTGCGCGATGGAAGTCGCTACTTCGGCCCCTATCCGAGCGCTGGTGCGGTGCATCGCACGCTCGACCTTCTCAAGCGTCTTTTCCCGTATCGTGCCTGTGACATCGAGATTACCGGGACCGCTTCCCGGGCGTGCCTCTACTATCACATTGGTCGTTGTGCTGGGCCCTGTATCGGAGCGGTCTCGCAGGAAGAGTATCGTGGCATCATCGACAACGTCGTCCTCTTTCTCGAGGGACGGGCTGAGGCTGTGGTCGCACGCCTTCAGGCGGCGATGGAGGAAGCGGCGGAGCGCTTGGAGTTCGAGCGGGCCGCACGGATTCGTGACGAGTTACGTGCGATCCAGCATGTCCTGCAACAGCAGAAGATCGTGACCGGTACAGACGAGTCGTTCGATGTCCTCGCGGTTGCTCAGAGTGCGGGCGGTGATGCCTGTGTGCAGATCGGGTTCGTCCGCAACGGCAAGTTGCTCGGTTCCGAGCATTACTTGATGGTCGGTGCCCGCATCGACGATCCTCCTGGAGCGATCCTGACGTCGTTCGTTCAACAGTACTATGCTCAGGCCTCGACCGTTCCCCCGGAACTCGTCCTGCAGCATCCCCTGGACGATGGAGAAACGATCGCCGCGTGGCTCGCTGCTCGGCGCGATGGACCGGTACGGCTGACCGTTCCCGATGACGGGTTTCGCCGGGAACTCGTCGAGATGATCGCCAAGAGTGCAGTGCAGAACCTGGAGCAACATCGCGTGCGCTGGCTCAACGACGAGCAACGAACGACGCTCGCTCTCGAGGAACTGGCCGATGCGCTGGGTATGGATCGTTTGCCTCGGCGGATCGAGTGTTTCGATGTCTCGCAGCTACAGGGAACGAATGTCGTCGCGAGCATGGTGGTATTCGAGCATGGTAAGCCGAAGAAGAGCGATTATCGGAAGTTTCAGATCAAGACGGTCGAAGGGCAGGACGACTACGCTGCGCTGCGTGAAGCAGTCCTGCGTCGTTATCGTCGCGCGCTCTCGGCCGAGCAGACGGAAGCGTGGCAGGCCTTGCCGGATCTCGTGCTGATCGATGGTGGAAAAGGGCAGCTCAGTGCGGCGCGCGAGGCGCTCGTTGAACTCGGACTCGATCTTCCCATCGCAGCATTGGCCAAGGAGCACGAGGAACTGTACATACCGGATCAGAGTGAGCCGATCGTGCTGCCGCGCGACTCGCAAGCGCTCTTCCTCGTCCAACGGGTTCGGGACGAGGCGCATCGCTTTGCCGTCACCTTTCACCGGGCCCGCCGGACGCGCTCGACGATCCGCTCGCTACTGGACGAGATTCCGGGGATCGGTCCGCGGCGGCGTCGCGAGCTGCTGCGACGGTTCGGATCGGTCGAGGGAATACGCCAGGCGAGCATCGAGGAGATCGCCGCAGTCCCTGGCATCAGCCGTGCCTTAGCTGAGCGGATCAAGAAGGAGCTCGATGAGGCGAGGGCGCCGCGATGAAGGTTCTCCGAGCAGACGAACCAGGTTCGGTCGAAATCGCGGCACAGGTACTCCGCGAGGGTGGTTTGGTCGTTTTTCCGACCGATACGGTCTATGGGGTGGGTGCTGTCGTCGATCGCCCGGACGCAGTAGCTCGTCTCTATGTCGCGAAGGGGCGGCCGCTCGATAAGCCGATTCCAGTACTGATCGCGGACCTGGATCAGTTGGAAAAGCTGGCGCGAGAAGTGACTCCGGAAGTCCAGCTGCTCGCGCAACACTTCTGGCCAGGGGCACTGACGATCGTGGTTCCAGCCCAGCCGTGGTTGCCGCGGGAAATCGTCCGCGAGACGGGCGCTGTTGGGCTCCGCATGCCGGACCATCCGGTCGCACTGGGAATCATCAGTGGGGCAGGTGGTGCGGTTGCCACGACGTCGGCGAATCGTTCGGGAGAGCGAGAAGCCTGCACGGTCGAGGAAGCGATCGGTGCGCTCGGTGATGCGGTCGATCTCTACATCGATGGTGGGAGAACACCAGGTGGTATACCGTCGACCGTCGTGGCATTTGAGGGGAGCAGACTCGTCGTGCTGCGCCGCGGGGCACTGCCGGTCGAAGTGATCGAGGAGGTTCTTCGCTCGCGTTCACACTGAATTCAGCAAACTGGCGAGAGGATGGGAGAAACTCGTTCTCGACAACGAGATGACTATGCTGTGACGGGTTGAGGGGAGGGCATGGATGGTGTTGAGCGAGTGGCTCCTCGTCGGAGTTGCGAGTACGTTCGCTGCCGCTGGCGGTGTCGCGCAGCGGCAGCAACGGTTACGGCACCTACAGCGTGTGACTCGCTCCCTCTCCTTCCCTGACGGTGCTCCACGCGTGCTCATCCTTTCGGCGTCGATCGGTGGCGGCCATAACGCAGCAGCAGCTGTCCTGCGCCACGATTTGGAGCGTTTGGGTAGTCATGCGTGCATTCTCGATGGTTTTGCTTTGGCGACTCCTCTGCTCAGCCGTTGTTTTGCTTCGGCATATCCGCTCCAGCTTCGCTATACACCTTGGCTCTACGAGCTTCAGTTTCGCTCGTCGCATCTTCGCACCTGGACCCGTATGTGGCGGCGGATCTACGCTGGGCTCGGTGGAGTGGCTTTCCGTAGGCTCATCGAGGAGTTGCATCCTGATGTGGTCGTCTCGACCTATCCGCTAGTCACGCAAGCACTCGGTGTCTTGCGCTCGACTGGTCGCCTTCTTACCCCGGTAGCGGCGACGGTCACGGACTACGGTGTTCATCGGCTGTGGATCGCACCGGGTGTCGATCTCCACCTCGTCCCGTCACGAGTCTCAGCGGAACAGGTGGAGGACGCGACCGGAGAGGTGCGCGTCATGCAGCCGCTGGTGCGCGAAGCATTCCGCCAGTCACGCAATCGGGCTGCAGTGCGGCAGCGCTACGGCTTCGCAGCCGATGACTTCGTTGCGTTAGTGGTGGCAGGTGCCTGGGGCATCGGGCACGTGGAACTGATCGTGCGCGATGTGGTCGAGTGTGGCGTGCGGGTCGTCGTCGTCTGTGGCAAAAATCAGGAGTTGGCCGAACAATTACGGCGAGAGTACGCTGGTTGCTCAACGGTACAGGTTTGGGGTTGGACGGACCAGTTGCCCGAACTCATGACGGCAGCCGATTGCCTGATTCAGAATGCTGGTGGATTGACGTGTCTGGAAGCCATCGCTTGTGGCTTACCGGTGTTGATGTACCGACCGATCGCTGGTCATGGCGTTTTCAACGCTGCTGCCATGGAGCGAGCTGGTGCGGCGCGTTGGATTCGGAGCGCGGACGAGTTGCGTATGGTCCTGCGAGGTGCTGCGGCTGGACGGATCCAGTTGCCGGTGCCGAAAATCGATGAGGACGCCGTTCCGGCAGCGGAGGCTATTCTCACGTTGGTGGCGGGCCGGGGCGCGAGAATCGGGACTGGTCGGACGTTCGCTGCACAGCTCGTGCGATCGGGGTCCTCGTGATCGCGACACGCGCTCTCGCGACGCGAATCATCCTCGCGAGCTTGCTCGGAGCCGCCATGCTTGCGGCACTCGCTGTCCTGGCGGTGAAGACCCAGCCGCCGGTCGGTCTCGTGCCGCTGATCGCTCGGGAAGGGCGTTCCTTCTGGCTCGCTGGGCTAGCGGTTTGCCTGCTCGGCGCACTCATCTTCCAGGTAGTGGATCGCCTACCTGA
CP001275.1_gap14	446086	447821	1735	GGTTCGCGTACTACTTTACCTCGCCGGCGTTGCTGGCGGGGTGCCGGGTGCTGAAGCGCTGAACCCGTAGCCCACAAGCCAGTAACGCCGGCGGGCAGAGGTGTCACCTCTGCCCGTTTCGTTTTGCAGCGAGGAGACCGATGGGAAGGGAGGATCGAGCGATGATCGTCCGCTTGCGCCCCGAGACGGATGAACAGGAAAGCGAAGCCCTTGCCGCCGCTTTACGTCGTGCAGGATTGGACGTGACGCTGCTCACGCTCGGTGGAACTCCGCTTCTGAGTGTCAACGGGCGGGCGGTACCGCCGGAAGTCGAGCAGGAGTTGCTTCGCCATCCAGCGGTGGAGAAGCTGCTTCGTCCTGATCGACCGTACTGCTTGGCTGCCCGCTCGTCTCGCCCCGATGGCACCGTCGTGCGTGTCGGGCCGGTGGAGATCGGCGCCAAGCAACCGGTGATCATCGCTGGCCCCTGTACCGTGGAAAATCGCGACCAACTCTTGCGGATCGCAGAGGCTGTCCGGGATGCTGGTGCCTCGATGCTCCGCGGGGGTGCCTTCAAACCTCGCACCTCTCCGTACAGTTTCCAGGGACTCGGGGAGCGCGGACTGGAACTCCTCGCTGAAGCCCGCGAAGAGACAGGTCTACCGATCGTCACGGAAGTCTTGGATACCGAGCAAGTCGAGTTGGTTGCCCGGTATGCCGATATGCTGCAGATCGGTAGCCGGAACATGATGAACTTCGCCCTCCTGAGGAAAGTTGCGGCGACCGGGAAACCCGTCCTCCTCAAGCGTGGCTTTGCGGCGACGATCGAGGAGTGGCTCTTGGCAGCCGAGTATCTTCTGGCCGGTGGCAACGATCAGGTCGTGTTGTGCGAGCGAGGGGTCCGCAGTTTCGAGCCAGCAACACGTTTCATGCTCGATCTGAATGCGGTCCCGCTCGTGCGGCAGCTGAGTCACTTACCGATCATCGTCGATCCGAGTCATGGAACGGGGCTGCGCGAGTTGGTTCCACCCATGTCGTTCGCCGCCATCGCTGCCGGGGCGCATGGGATCATCGTGGAGGTTCACACGTCGCCTGAGGCAGCACTGGTCGACGGTCGGCAGTCGATCGATCCAACGACGCTCGCCAGCATAGTCCGGCGAGTTCGGATGCTCAGGGACATGGTCGAGGAACTCGTTGCGGTCTGATTCACAACAAGGCGAGTGCCGGTAACCCATCGCGTGCCGCTCGCATCGCGCGATCGAGGAATGCCACAGCTTCTTGGTCAGGAGCCCGGTCTCTGGAGGTGGTGGCAGCGGAAGCTCTCGCCGACTGCACGATCAGGACTCGCTCGATCAGATCGAGGAGCGCTCTGGGTGCGACATCGTCGATGGCAACGGGGGCCACATCGGCGTAGGCAGCGAGACAGACGGCGAGGAAGTGCGCTCGTCCTTCAGCTGGCAGGAAGCGGAGTTCGGGCAGCAAGCACGCGAGGTCGACTGCGGCTGGCCGGAGGGCGAGGTGTTCCCAGCAAAAAGCCGTCGCGATCTCACCGGAATCCTCGTAGAGCGTCGGCAACCGCAGGCAGCCGACGGTAGGTACCAGGGCTGGCGAGTGATCGAGTTCCTGGTCGATCCAATCCAGTGCACGCTCCACCGAACTCCGTAGCGGGTCGTCGAAGTCGTGAGCCATCGCTGCGAGTTGGCTGAGCCGCTGTTCGTCGGTTGGTGATGCAGGTTGGAGCGTGGTGATGGGCTCG
CP001275.1_gap15	462824	465182	2358	ACGAAGTTGACGATCATGAAGCCCCACATATTGGGGCGCTGGAGACCCGTCACACCGAGTCCCCAATAGAACATCCAGCTGACCGCGAAGACGAAGATGGCGAGAACAGCGCCCAGTCCGATGAATCCGACCCACATCATGGCCGGTGTTGTCATGAGAGGACGCAGGAGTTCCCGCGTGATTTCCTCTTCACCGAGCCGATGTCGTTCTTGCATCGCTCTCCCCCAGCCTCGCTTTCGTGTCCGATCGACTGATCAGTCTCATTCCGTCTTTCCGATCACGATGAGCCGCGCGTGCTTGAACGGCTGATGGGCACGCAGCCACAGCCCGCCGACGACTTCGGCGACCGACGGGAAGGGCAGATAGCGTGCCGTCCAAAGCACGAGCGCGAGCGCTCCAGCAAGCATGCCGATGAGGATCAGCATGTCGCCGATCCCTGGGATATAGGCGGGCGGAATCGCCTTGAGAGCATGGGCATGCCCGAGGAGCGCCTTGTCCGGTTGGGAGAAGGCTGCCGATGCGAGGCGAATGCGATCGATCAGATTCCCGAGGAGAACAATCGCGGCAACGACAGTCGGTCCCGCGATGCTGCGGCGAATGGGGTTCCACATCAAGATGAGGAGTGGCAGGGCGAAATTCATCGCGAAGGAGAGAATGAAGGGCCATAGATAGGTCTCGAACATCAGGAACCGGAGTATGTCGATTTCACGGGGCGTGCGTCCATACCAGAAGATGATGAATTCCGACCACCAGAAGTAGAACCAAAGCAAGGAGAAGGCAAGGAGCATCTTGCCGAGGGCCCAGAACTGCTCGCGGCCGAGGTAATCAGCCTGCCCGCCCCAGCGGCGGAGGACAGCCATGGTCACGATCGTCAGCGCGATCCCCGCCTGGAACGAGGTGATCGTGAAATAGGCGGGAAACACAGCCGTGAAATAACCGGGGATGAGCGCGATGATGAAGTCCGAGGCCAGGACGGTCATCACCGGGACATAGATGAGGACGTAGAGGACACCGATGTTGTTCACGACCTTCTCGTAGATGCGCCACTGACGATGGGAGCCGACCCAACCACGGCTCAGCCAAGCCGCTAAGCCGCGCTGCGCTGGTTCACCGTGATCCCGGACGATCGCGAGATCCGGCAAGCTACTGAACCAGGCGAAAAGGTAGCCGGCCCCCGTCAGGGTCAGCAGGAGAATCGCACCCCAAAGCCAGGGTGAGAGCGGCCAGCCGAACCAGACCGACAAGCGGTCTTCGGTGCCAGGAAAGGTAGGCAGGAGCAAGAGGTAGAGCAGGAAGGGGATGACCAGCGTGACCGCCCAGATTTCCGAGGCACGATTGACTGGTCGACGCCAATGGCTCCGTGCCACGCGCAGGGCAGTGGAGAGAGCGGGGGCGGCTGCCGCGGTGGACATGAGGTAGAGGAAGGCGGCTGCCACGTATGTCCACGCCTGGCGATTGGCAAAGCCCTGACGTAGCGGGAAGGCGACGATCGCCACGATACCGATCACGAAGAGAATCGCCGCGATGACGAGTGGTCGCCGCAGGGCTGCAGCGGTACTGCGCATCCAGCGCAGCGCCGATCCCAGCACGTCCGCCGGTGCGAGTTCCCAGGTGCGTTGGAGTTCATGACCGTGTGCGTGACCGTGTGTCGCCATATCCCCTCACCCCGTTCGCTCATCAGCGCTCAGTGCGTTGCTGCGTGCTCAGCAGCTTCGAGATCGATCTTCTTCAGGTAATAGACCTTCGGATCGGTACCGAGATCTTCCAACAACCGGTAGACGCGTCCTTCCTGTTCAGCCTGGGCGAGCAACTTGCTGACCGCGCTGTTGGGGTCGTCCAGATCTCCGAAGACGATGGCACTGGTCGGACATGCCTGGGCACAAGCAGTCGTGACCTCGTCAGTACGCAGGGATCGCTTTTCAGTCTTCGCCTTCTGCTCGGCCTTGACGAGGCGATGGACACAGAAGTTGCACTTTTCCATGACGCCACGACTCCGTACCGTGACGTCTGGATTGAGCTGGTTCTTGAGCGAATCGGGCCACTTCGGCTCCCAGAAGTTGAAGAAGCGGACGTGCCAGTGGCAGTTGACCGCACAATAGCGAGTGCCGATACAGCGGTTATAAACCTGCATATTGATACCTTCGTTGGTGTGGTAGGTCGCATAAACCGGACAGACCGGTTCGCAAGGAGCGTTGGTGCACTGCATGCAGGGTACCGGAATGTAGCGTGCCTTGATGTTCGGGTATTCGCCCTCCCAGTACCGCTCGAGTCGAATCCAGGCGATGGCGCGGCGCTGATGATAGACGTCCTCGGTATTGATCGGAACGTTGTTCTCTGCCTGGCACGCGACGACGCAGG
CP001275.1_gap16	495251	496940	1689	ACCGCGAGACGGGGGTTGGTGACCGCGTAGATGGGGGGAACACAGCCGATCCCGACTTGCGGCTCGTCGACCATCGTATAGCTGAGGCCGGACTCGCGGAGGAGCTCGAGTGTGGCTTGCGCATGGCGAGCGTCCAGCCAATCGCGGCGGCGGAACTCAACGGAAAGCGGAAGATCAGGGAACAGTTCGGGAAGGAGCCGGAGGTACTCGCGGTGCTCTTCCGTGTTGCGATAGGAGGGTGGAAACTGGAAAGTGATCGCACCGAGTTTTCCCGCGGTGATCAATGGCTCGATGGCATCGAGAAAGCGGTGCGCGATGTCTGCATCGGGAACCGGTGCCTCTCCCCCCGGCTGCTCCGGTGTCGCGGTCAACTGGCGGGGTGGCTTGACGTCGAAAACGAATCCGGGTGGGGTGCGCTCGACCCAGCCTTGGACGACGCGACGCGAGGGGATCGCGTAATAAGTCGAGTTCACCTCGACGATCGGAAAATAGCGCGCGTAGAAACGCAAGCGCTCGCGGGCTTCGATCCCTGGTGGATAGAAACCCTCGTGGTCAGTCCAGGACGAAGTTCCGACGAGCAAGCGTCCCATACTGGTCTCCCTCACGCCATGCTAGCATAGCGACCAGTTGCCCGCTGGTCGCTCTCGGTGCCGCGTTCGACTTCTGGTGCCGCGATGGATCTTGCGGAGACCGGTCGTCTTCTTCACACTGAGTCGCGCTGGCAGCGAACTCCCGGTTTCAGCGTTGTGCCTTCCCACGAGGTGAACGTCGGCGACGCGAGCCGAGTACGGCGGAGCGCGTGTTGCGACCGTTGTCGGACGCGGGAACCAGAGCTCGTCGCTGATGGGGAGAGATGCGTGGTCAGCATGGAAGCGCGATTTTTCCCGCTGCGGTCGAGTCATCGAGCGGTAGCCGGCTCGTCGGCAGAGGGCGATCGGGGCGCACCGCGTATGGTCCATAGATGGGCCGACTCAGCGATCCCTGGGCGAGGACGGGGGCGATGGCGACTGGCCTCTGGTCATCGCCGGATCATCGTTCTAGCACGAGCAGCGACCATCGGTTACGCTTCGCACAGGACGACTCCGTAGGGGAAGGGGGTAGTCGATGCCGATTCTTTCGCCAGCCGATCAGGAGTACTTGCGTCAAGTCTTCGTCGAACGACTGCGCGATCCGATAACCATCCAACTTTTCACGCAGCGCGTGACCCAGATCAGTATTCCAGGATACGAGTGTGCGACATGCCGCGAGACGAACCAACTCCTCGAAGAGGTCGCTGCACTGTCCGAAAAGATCATGCTCGAAATGTATGACTTCTTGCAAGAAGGAGCGAAAGCACGGGAGGCGGGTGTCGAAGAGATTCCGGCGATCATTCTCAAGGGGCATAACAAGGGGACACTCCGCTTCATCGGGGTACCGGCTGGCTACGAGTTCGCGACGCTGATCGAGGACATCATCGATGTCTCGCGGGAAACGACCGAACTCTCGCCCTTGAGCCGGGAGACGCTTGCCAAGCTCGCACAGCCGGTTCACATCAAGGTCTTCGTGACACCGACTTGACCATACTGTCCAGGTGTCGCCAGGTTGGCGCACATGATGGCGATCGAGAGCGAGAAGGTGACCGCGGACGTGATCGAGGTGAGCGAGTTTCCGCACATCGCTCAGCGGTATCGGATCTTCGCTGTTCCCAAA
CP001275.1_gap17	588289	588891	602	TGGGCTGCGAACGGTGGTGACTGTGCTGAGGAGCGGTACCTTGGTTGCGCCCGACTGGGACATTCCGCTTCTGGTCCTCCGCGAATCGGTCTGCGCGTGGTTGCGCGAGGATTTGGGCTATGGGGATCGCACCACACTTGCGGTCGTGTCTCCGGGTGCGACCGGCACTGCGGCGATCGTGATGCGGCAACCCGGTGTCCTCTGTGGAATGCCCGTGATCGAAGCAGTCTTTGCCGAGCTCGACACACGCCTCCGGGTCACGACGATGTGTCGGGAGGGGGAATTGGTTCCGGAGGGCACCGTTGTCGGCCAAGTTGTGGGACCGCTCCGCGGCATCCTTGCTGGTGAGCGACTGGCACTCAATCTCCTGCAGCGCCTTTCCGGTATCGCGACACTGACTCGCCGCTTCGTCGATGCGGTGGCTGGGACGGGCGTGATGATCCTGGATACTCGCAAAACGACACCGGGGCTTCGTTTGCTCGAGAAGTACGCGGTACGCGTCGGGGGTGGGCGGAACCACCGCTTCGGTCTGTTCGATGGGGTTCTCATCAAGGACAACCACGTCCGAGTGGCGGGAAGTGTGCGCGAAGCTGTGCAGCGGG
CP001275.1_gap18	689711	692347	2636	GTTGTCGGACGGATCACCGACCAGTGCCTTGTATTCGGGCAACCGTTCGGGTGGAAAGCCGTACCGCTCGATGACTGCTTGACGGTCATAAACACGGTAATCGCCGAAGCGTTGGCGACCGGGAAGGATGACACGGACATCTTCATCGACGAGCTGGAGCAAATCGGTATCGCCGGTGACGATCAGAACTTCGAGCCCGTTGGCAGTGGCGCGAGCAGCGAGTGTCCCGATGAGGTCATCAGCTTCGTAGCCCTCGCGCGTGACGATCGGGATTCCCAACGCATCGAGTAGTTGGCGGATTCGCTCGAGCTGGTGCTTGAGGTCATCCGGTGTTTCAGGGCGGTGAGCCTTGTATTCCTCGTAGAGTTGTTGTCGAAAGCTCCGTCCCGTATCGAAACAGACGATGACGTAATCGGGTTCGAAATCGTTCAGCACTTCCAATAACATGCTGGCGAATCCGAACACCACATGTGTCGGTTCGCCGGCACTGGTCGCGAGAGTCGGGGGCAACGCGTGATACGCGCGATAGGCGAGCCCATGTCCATCAACGAGTACCAGGCGTGGTCGACGTGAGCGCTCCGGCATGGCACCCTCTCCTCGTCGCGGGGATTATAGACGAGACCAAGGCGTCGTCTCAGGATTTTCTCAGGCCGGAAGAGTAGGCTCGGTGAAGAGCAGGATCAGAGCTCGGCGGCGGCCGCTTGCTATAATTCGCATGCTCCTGTGGGTCGGATAGAAAGATCGCTGATCGGTCCGAGCAAATGGTGGTCGAGAGGGTGACCAAAGACGCGTGACGGGGACGGAAAGAGCGATGACCGAAGTACAAGTTTTGACGGAACGTATCGCAGACAATGTCGAGCGAGTTCTCGTCGGGAAGAGTCGCGAGGTCCGTCTGGTCTTGGTCGCCCTGCTGTGCCGCGGCCACGTGTTGATCGAAGATGTGCCGGGAGTTGGGAAGACGGTTCTCGCCAAGGCGATCGCGCGCAGCATCGGTTCGACGTTCAAGCGGATTCAGTTCACTCCTGATCTGCTCCCTTCCGACATCACCGGCGTCAACGTCTTCAACCAGTTGACGGGTCGGTTCGAGTTTCGACCAGGACCGGTGGTCGCCCATATCGTATTAGCGGACGAGATCAACCGGGCGACCCCGAAAACGCAGTCAGCGTTGCTCGAGGCGATGGAAGAGGGTCAAGTAACAGTCGATGGTGTGACGCACCCGCTTCCGGAACCGTTCGTCGTGCTCGCGACCGAGAATCCGATCGAATACGAGGGAACGTTTCCGCTCCCTGAGGCGCAGCTGGATCGTTTTCTGATCCGCTTGTCGCTCGGTTATCCCAGCCGACGCGGGGAGATCGAGATGCTCAGTCGCCAGCATTTCGAGCACCCGCTGGAGCACCTGGGACAAGTAGCAACGTTGGAGGAACTGCGAGCGGCGCAGGAACAGGTGCGCCATGTCTACGTCGACGACGTGTTGAAAGAGTACATCGTCTCACTGGTGGAAGCGACGCGGCGACACGACGACGTGTATCTCGGTGCTGGGCCACGCGGGTCGCTGGCACTCTACAATGCAGCCCGTGCCTGGGCAGCGATGCACGGGAGAGATTTCGTCATTCCGGACGACATTAAAGAGCTCGCTGAGCCGACGCTCGCACACCGGATCATCGTGAATCCCGCTGCACGAATGCGGAATGTCGATGCCCGCACCATCGTGCGCGAGATCGTCATGGCTGTTCCAGTACCAGGTGCGCGACCGGCCAGTTCGGGGACTTCGGAGCAGACGGCCCGTCGGCGCCTGCCATTCGGTGGTTCGTGATGGCGTGGATCCGCGTTGCGCTTCTCGCTGGTGTTATCCTGCTCCTCTCCCAACTGAACCGGTGGACGATCTTCGACAAACTGTTTTTCGTCCTCGGGGGACTCTTGGTGGTGGCATACTTCTGGAGCCGCTTTGCGCTGAGCGGCCTGGTGATCACCCGACGAACGTTGACCGATCGAGCGCACGTCGGTGATCTTCTGATCGAACAGGTGGAACTGGAGAATCGAAGTCGTCTCGCTAAGCTCTGGATCGAGGTGATCGATCACTCGACGTTACCGGGCCATCGCTTGAGTCGGGTGGTGAGTCTGGGACCAGGCGCAACAGTCGGCTGGCGAGCCAAGACCTGGTGTACCCGCCGGGGGCGATTTCGACTCGGTCCTTTGGTTCTCCGGGCGAGCGATCCATTCGGGTTGTTCGAGCGGCAACTCCTGGTGCCTGAAACGCGCGAACTCATCGTCTATCCGGCGCTGGTCGATCTCACGACGGTGAGACTTCCGGCTGGTGAGCTCCCTGGTGGAAGTGCATTGCAGAAGCGTACGCCGTTCGTCACACCGAATGTTGTCGGGGTACGCCAATACCAGCCGGGTGACAGTTTCAATCGGATCGCCTGGAGTGCGACAGCGCGCACCGGGCAGCTGATGGTCAAGGAATTCGAGCTCGATCCGAGCGCTGACGTCTGGCTGGTGCTGGATGGGGATGCACGGCACCACGTCGTCGCTCATGGCGTAGCCGGTGCGGGCGATACAGGCCAGCGCGTTGTTGGAGTGATTCTCGACTCGACAGAGGAGTATGCGGTCACCATCACTGCGTCGCTTGCGCGTTA
CP001275.1_gap19	708416	710719	2303	AAAGGTTCCATCGATGAGTCGGGAGAGGAACTCGAGTCGGCCACTGCGTGCCAGAAGTTGGCTGCGATTCGGTGTGACGAGGAGCTGGACCGTTTCTTCACCGTCGCCGAGGACGCGAGCCAGTTCACCGAGAGCTCTCGCGGGCACGATGATGGCCAAGTCCGTCGCAGCGGGCTGTTGCAGGGCTAGGGAGCGTACCGACAGGCGGAAACCATCAGCTGCGGCTAATGTCAACTCCGTGCCGCGAAACTCGAGCAGGACTCCGGCGAGGACTGGCCGACTGTCATCGGTCGCCGCTGCGAACACGACCTGGCTGATCGCTTCCCGGAGACCCTCGACCGGCACAGTTGCGGTCGGAGGCTGGTCACCGATTCGCGGCAGACTGGGGAAGTCCTCGGCGGGGATACCAGGGATGCGCGCCTTGGAGGTTCCGCAGGTGACGCGGAGATCGTTGCTGCCGGTCGTGCCGGAGAGGATCACGTCCTGCTTGGGAAGGCTTCCGATAAATTCGGTAAAGACATCAGCTCGCACACTCAGTTGGCCGGGATCAGTGACCTCTGCCGGAAAACTGACGCTCAGGGCGATCTCGAGATTCGTCGCGGTGATGCGGAGGTTCGCTTCGTCGGCGGCGAGGAGGACATTACTCAGGACTGGCAGAGTCGAGCGCCGTGCGACGGCACGTGACACTTGATGCAGAGCTCGCTCGAGTTCGCTCTGTGGACACCTGAGCTGCACGGACTGCTCCTCCCCGCTGTTCGTACACCCAACTGCCGGAATTATACAGGCCCTTCCTGCATTCGAGTATGAGGGGACCCCGACGCGGGAAGCTTACCGGGTCGGGTGGTTGTGGCGTGAGGGTACGGGATCGAGCCCCTTGCGAGGGGACAGATCTGTCCCGGCGGCGCAAGATGGCCCGTACCGCGTCGGCGGTGGAGGCGTTCCGGCATTCGCGGAAAGCGGAGAGGTCACCCTCACGAGGTCTGGCGGAAGCAGGATGCGGTCACGGGTGCGGCAACCTGCGATGCAGACTGGATGCGAGAAGCGCACTCACGGAATCGACGACTATCTCTCGTGTTCGTTTCCATGAATTTTGTCTCCAAGAGACATGCCCCGTGAGAAATCACAGGGCGGGGGCAAGAAGAGTCGTGCGATAGGATCATCGTGGGTTCTCGGCTCTTCGAGAGGTCGGCTCGCGACGGCGAGAAGCACGCTTGCCGGCTTCGCCATCAATTCTCGGCTCACCGGGAAACCAGCGAGCCGTCGACCGACGACCTGCATGGCCTCGCGCAAGATGGGCTAGCGAGAGCAGGCCTTGACGGCGGGGCCCGTCTGCAGTAGCATTAGCACAGATGTTCGTGTATCGGAAGGGAACTGGCGACATGGCGAACGAACTGAAGGAGCGACCCACCTTCGATCCCTCGAAGTACCTCACCAAGGTCAACGGTCACGATTACCTGGAGGTGAAGTGGCGCTTGCTCTGGTTCCGCACGGAACATCCCGATGGGGAGATCGAGACGGAGCTCGTCGAGCACCGGGATGGAGTGGCGGTTTTCCGTGCGCGAGTCCGGGTACCAGGGGGTGGTTCGGCGACTGGTTGGGGAAGCGAGTCGGCTGAGGATTTTGCCGATTACCTGGAAAAGGCGGAGACGAAAGCACTCGGTCGGGCATTGGCGGCGCTCGGTTACGGGACGCAGTTCTGCCCGGACTTCGAGTTCGGTGCCGCTGAACAGCGTGTCGTGGACACTCCCATCGACGGCCGGCGACTCGGCTGGCGGCGGGCGGAGAGTGGTCGGGTGACTCCACGGCAACTCGAGTATCTGCGCGATATGGCGCGCCGGCTCGGCATGAGCGAGGAAGAGCTGGAAGCGCGGGCGCAAGAACAGTTCGGAACGACCTTGGCTGATCTGGGACGGCAGGAAGCGTCGGCCTTGATCGAGAGCCTGCGACAACGCCGGAATGTGCATGAGGCAGCCTGAAGAGGGCTTGCTACTCGATGCGATCCATGGTTCGTATTCCCCCTGGGATCGGTCCCAGGGGGAACGTTCGTTTTGTGAGGGGAAGCGATGAAGGATTTGGAGCAGCTGAGGGCTCGCCTCCCGGCCTTACGTGACGTGACCTATCTCAATACTGGGACGCTGGGTGTGATGGCGGAACCGGTGCTCGAACGATACGTCGAAGCCCTGCAGCGTGTCGAGCGATTCGGTCACGCTCGGTGGGATGAGGTGCGGGCAACGGCGGAAGCTGCCCGCCAGCGACTGGCTGAACTCGTGGGCGCTTGCCCGGAGGAGCTCGCCTTTACTGGC
CP001275.1_gap20	790098	791868	1770	GCATCAGCGCGGACGATCCACACCCGCTGAAAGCGTGCGACGCGGCGGCGAGCCAGCCGTATCATCGTCGGCGAACGATCGATCGCCAGGACTCGCTTGCCTTGGGCGGCGAGGTCCGTGGCGAAGTCACCTGGCCCACAACCGATCTCAGCAACGACTCGCGCACCGGCAAGCCAGGGTAACGCGTTGCGTTGCCAGGCTTGCCAGGCGTTTCCGAAGAGCATCCGTGTCAATAGCGGATAGACAGGAGCGAGCGGACCATAGAAGAGTTCCAGTACCGACTGTTGCACGTCCTGGCCGCGTGGGATCAGCCGCAAACGACGATGCGATGACTCAGGCATGCTGCTCGTACGTCCTCCTCGTCAACCTTGTGCGATTCTCGATCGACAGGGTATACCGAATCGAGAGACAAACGGAGCGACACCTCTCATCGAAGGGATCGACGAGCAAGGCATGAACGGGAAGGGAAGGTTCCGCATCATCGCACGCGATATGGCCACGATGGCCCGCCGCGGTGTTCTCCACACCCGTCGCGGGCCGGTGCAGACCCCAGCGTTCATGCCGGTAGGGACACAAGCAACGGTCAAGTCACTGACGCCCGAGGAAGTGCGCGCGACCGGGAGCGAGATCGTTCTGGCGAATACGTACCATCTCTTTCTGCGTCCAGGGCTGGAGGTCCTCGAAACAGTTGGGGGCTTGCACGCCTTTATGGGCTGGGACGGTCCGATCCTGACTGACTCCGGCGGTTTTCAAGTTTATAGTTTGGCCCAGCTCCGTGACGTTACGGAGAGAGGAGTACGATTCCGATCGCACATCGATGGCTCCCTTCGCGAACTCACTCCGGAAATCGTCATCGAGCTCCAAATGCTGTTCGGTTCAGATGTGCTGATGCCATTGGATGATGTCGTCGGATTCTCCGAATCCGACGAGCGGCAGCAGGAGGCAATGGCTCGTACGCACCGTTGGCTGCAAAGGAGTCTCCACCGCTTCCAGGAATTGACAGCAGCGTTCGCGGAGGAGAAGCGACCATTGTTGTTCGGCATCGTTCAAGGCGGCTTCGACCCGAGCCGCCGCGTCGAAAGCGCGCACTTCGTGGCGTCGCTACCGGTAGATGGTCTGGCGATCGGGGGACTCAGTGTCGGTGAACCGAAGGACCTTCTTTATGCAATGCTCGATGCGACTGCAGGAGAGTTGCCCGACGATCGGCCGCGTTATCTCATGGGCGTCGGAGCGCCGGACGATCTCTGGCGAGCGGTCGCGTACGGCATCGATCTGTTCGATTGTGTCCTGCCGACACGCTTAGCACGGCATGGTGCGCTCTTCACGCCAACCGGCCGCGTGGACATCACTGGAGCGCGCTTTCGTCTGCATACCTCACCAGTCGACGAGACATGTGATTGTTACACCTGCCGTCGATTCAGTGCAGCCTATCTGCACCATCTCTTCCGTGCACGCGAACTGCTGGGTTACCGGCTCGCCACGATCCATAACGTCCGGTTCTTGCAGCGTCAGATGGAAACGATGCGACGTGCGATCGAAGAAGGAACCTTCGCGGCACACATGGAACGGTTTTTGTCCTCATACGAGGCGAGTACAGCCCTGACATCGAGCGATCGCCTGGTCAACGGGTGAGGGTGGAATGATGGACGATCGTGCAGCACTCCACTGCATCGTTTTCGGTCGCGTTCAAGGGGTCGGCTTTCGCTTCTTCGTCGTCGAGATTGCCGAACGACTCGGTCTGACGGGCTGGGTACGCAACCGTGAGGACGG
CP001275.1_gap21	918153	922173	4020	TCGAAGATGATCGCCACGCAGGGCACGTGGTAACGACGAGCCAGTTCGATCAGTGGCAAACGGGCATCGCGACGGGTATTCGTCGCATCGATCACCGTAAGACGGCCACGCCGGAGCCGCCCTTCCGCGACCCGATGCAAGAGCTCGAAAGCTTCACGCGTCGCACTCTGATCTGCCTCGTCGTCCGTGATCATAGCACGGAAGAAATCAGAGGAAAGCACCTCTGTCGGCCGGAAATGGCGCTGAGCGAAGGTTGATTTGCCTGAACCAGATGGCCCGACGAGCAGAACCAGGGACAGTGCAGGAATGACCAGGCGGCGAGGACGCGGTCCTGATGCAGACTCCGAATGGAACGGCCGATCCACGGGCCGACACCTCCAGATCGTCGGGCAATGGTACTACGACGAACTAGCGCTGGATCGACCGTACCGGTAGAATTGAATGGCGATGGGGGCCTGTAGCTCAGCGGCAGAGCACGAGGCTCATAACCTCAGGGTCGTAGGTTCGAATCCTACCAGGCCCACCGATCCTATTGGACTGCTCGAGGTAGTGAGGTGAGAATGACGCAGATCCACGATCCGGTGCGATTGACTCCCCAGGAACTCGCCCGTCTGGCGGCCGAGACAGCGGCCGACGCGATGGCAACGGATATTCAGGTGCTTGACCTCACGCGCTTCACCCCCTTTTTCGACCTCTTCGTCGTGTGCACTGCCGACAATACCCGACAGCTGCGCGCCCTCGTGACGCATCTCAGCGAGGCACTCGACGAGGCAGGCGCCACACAACTTCGTGTGGAAGGCGAGCCCGAGACAGGCTGGGTCATTCTCGACTATGGAAGCGTGGTCATTCATCTGTTCACGCCTGACCAGCGTTCCTATTATCGGCTCGAGGAACACTGGGCGAGCGCACCACGAGTCTTGGTGATCCAGTGAGCGAGAGGAAACCAAAAGGCATGAAGGCTCGGCGCCACGGTCGCACTTGGATGTTCGCTCTCGTTGGCTTCGCCCTCGGCACAGCCGGTGGATTAGGGGTGGGCCTCGTTTTGTCCTGCCCACTTCGTCGTCGTTCTTCGTCGCCCCATCTCCCCGATCGCACGGCCTTTTTGCAGTGATTCATAGTAGTCTGCGGGCCCGCTCCAATTCACGCTCGAAGCGCTCTTGATCAGCCACGCAGCGAACAGCCCACGGCACAGCTTCCAATCGCTCGCGCTCGATCGGCCGTTTGCAATCGACACAGATGCCGTAGGTCCCCTGATCGATGCGCTCGAGCGCTGCGAGAACCTCGTGCAACTCCTCTTCCAGTGTCCGGAGCATTGTCTGATCGTACTCAGCCATCACCATATCACTCGCCGCGTCCGCCAAGTGGGTGGCAACTGTCCCCTCCTCCGCTTGGCTCTGCCCCTCATCAGCCAGCATACGGAGGAGTTGGCGGCGCTGGCTCTCCAATTCCTCGCGTCGCTGCTCGAGTCTTCGGCGCATCGATTCGATCCACTCGCGATCGCTCGATTCCGTCATGTTCTCGTCATCCTTTCTCGGCATGGACTGCCTGTCGCTCGACCAGTCGCTCGAAGAGCCGGAGCTCATCGCGGACGTATCGGGTCACCAAAAAGTTCTCTCGAACGCGCGCCCGGCCTCGCTGGCCAACGACTCGTGCCAGTTCGCGATCACGAAGAAGCTCGAGCACTCGCTCGACGAAAGCATCCTCGTCGAGCGGATCGACTAGGAAGCCTCCTTCTCCGTCTGCCATTTGCAGTACGATCCCGCCGCTGCGGCCAGCGACCACTGGGGTTTCTTTCCACATCGCTTCGCTGACGACCAGTCCAAATCCCTCACGAATCGACTTTTGTACCACGACCCACGCCGAGTGCTGGAAAGCATTGACTTCGACATAACTGATCCCGGCCACATTCGTTCCGACCAGAATGTCCGGGTCCTTCTCCGCTTCCTCGCGGATTCGATCGTATAAGCGCCAACCTTCGGGATCGTCGAGCGCCATGGATCCCAGAAGCGCCAGTTGGACACCCGGCATCGCATCGCGCACGCGCCGGAACACCCGGATCACCCCGAACGGATCCTTCCAAGGATCGAAGCGGGAAACCTGAACGACCAACGGTCGAGACGCCACGACGCCGTACCAATCCAGGATGCGCCGCCTCAGCGTGGCTGGCAGTGGAAGGTTCTTCGGGCTCAACGGATCGATTCCAGGCGGGAAAATGTCGACAGTACGGTCCCTGAGGGCCGGCAAGACGAACTCGCGCATCGTGAAGACGTACCCGTCGTAGCCCTCGAGCCACGGCAGGAGAAATGTCTCTGCGGCCGGATACGGCTGTGATGTGTCGATATGACACCGCCAAACCCATCGCGTCGCCGCCGTGGGAGCGAATGCTCGCAGCGCTGCTGGCTGCGGATCATGCACGACGATCACATCGTATTCAGCCGATAGCCCCGCCGCATTCGCCCGGTTGTTGATGAGATACACTTCTTCTGCGTCGGCAGAAGCCACGAACGGAGCACCTTGTAGACCGTTATGAAGTGCTTTCGTAACCTCGAAAAACCGGCTGTCACCCGCGATGACGAGCCAGTCGACCGACAGTCCGAGAGCGATTTCCAACGCGACACTCGAGCGCAACAATTCCGAGACGCCACCGCCATATGGTGTCGCATTGATGTGCGCCACCCGAAGCCCACGCAATCGATTACCGAGACGGATCAGTTCATCGATTTGCTCGGTCGGCACAAACTCCCGATATGACTCGATCGTGACCGGAGCGAGCCGCACGCGGTGCAGCATCGCTCAGAGCCCTTCACGCGAACGGACTCGTCGTTCTGCCTCGCTCTGCAACTGGGCCAGTCGCTGACTCAGCCGTACCGGATACCGTTCCACCGGCCTCAGTGAGCGCATCCATTCTGGGAACCGCTGCATCTCCTCCCGATGGTGAGCCCGCGCCTGCCCAAGCGTCGACGTTTCGACGATTTCACCGTCTCGCATCACTGGGCGTAACAACGGTATCCAGTCGGGACCTGGAGCTGGTTCGTCACGCAGCGCGATCAGGTCCTCGACATAACGACCATCTGCGCCCACGCGACGCCAGACCTGCTTCGCACCGACCAGTGTTCGCTTACCGGTACTCAATTTGAGCACCGGCTGCCCTTCATACTCGACCAGTTTATAGGCCATGTCAGCGAGAGGGGCATCCGCGGACGTTCCCAACCGGGAGCCTACCCCATAGCCATCGATCGGAGCCCTCTTCGCTTCCAATTCAGCGATCTCGTACTCGTCGAGTCCCCCACTGGCGAAAATCTGGATATCCCGGAATCCCGCACGATCGAGAATCTCGCGAACCGCGCGACTCAGCTCAGCCAGATCCCCACTGTCCAAACGGACAGCTCGGACACGGCGTCCCTCCTGCGTGAGTTCGCGTGCGACGATGATGGCATGTTCGGCTCCGCGCAATGTGTCGTAGGTATCGATGAGAAGTATCGGATCACCAGGATAGGTGCGGGCGAAAGCCCGGAACGCATCCAGTTCGGACGGGAACGACTCGATGTACGAGTGAGCGACCGTGCCGCTGACCGGGATACCATACCGTTCACCGGCTAAGACATTGCTTGTTGCAGCAAACCCGGCTAGATAGGCTGCTCGCGCTGCAGTCAATCCAGCATCCAGACTCGGTGTTCGTCGCAAGCCGAAATCAACTAGCGTCTTGCCGGGAGCGACCAGAACACAACGAGCAGCTTTTGTTGCGACGAGCGTCGCATAGTGAACGGAATTCAACACCAGCGTCTCGATGATCTGCGCCTGATCGATCGGCGCCTCCACCTCCAGGATCGGCTCGTCAGGGAAGACGACCGTCCCCTCCTGCACTGCCCAGATATCGCCTCGAAAACGAAAGTGCACAAGCGAGTCGACGAAGCTGCGCCGTAATCCCGGAAGAGTCGCCAAGAAGCGGAGCGCCTCCTCTTCGAAACGAAGCTCGACGAGGCGCTCCAATAATTCGGCGATTCCGGCAGCCACGAGGAA
CP001275.1_gap22	926873	930098	3225	CCGGCTTCTCTCTCGGTCACTGGACGCATCCCTCGGGACGGACCGGTTGTACGGTGATCCTCGCCGAGCGTCCTGCGCTCGCTGCTTGCGATGTTCGGGGTGGTGCGCCAGGAACACGCGAAACCGAACTCATGAGGCCCGGTAGCCTCGTCCGCCACGTCGACGCGGTCTTGCTGACAGGCGGCAGCGCATTTGGGCTGGCGGCTGCCGAGGGCGTCGTCCGGTGGCTACACGAGCACGGTCGCGGCTTTCCGACCGAGGTCGCACCCGTGCCGATCGTTGCCGCTGCCGTCCTCTACGACCTGACAGGTCCAGAAGTACTCTTTGCCGATGCGAGCGCTGGTTACGCAGCGTGTGCTGCTGCGATTCCGGAGGGCTGGTACTCGGGACGCTTGGGAGCAGGCGCCGGAGCGACCGTGGGGAAATTACTCGGCCGTGCCAATGCCAGTCCCACCGGGCTCGGGAGTGCACTCCTCCGAGTCGGAGCGCACGTCATCGGTGCCTTGGCCGCAGTCAATGCGATCGGTGAGATCGTCGACCCGGCGACTGGAGTAACGCGTGCCGGTATCCGCAGTCAGGACGGTACCTGGCTCGAAAGTCGCAGGCTGATCCTGTCCGGTCATTCACCGGCCTCGGGACTCGGTACGAACACGACACTCGTCGTCGTTGCCACGGACCATCCGATCGACCATGACGCCCTCTTCCGCATGACTGTCGCCGCCCATGATGCGATCGCTCGAACCATTCGACCTGCGCACACGATCTACGATGGTGATACGGTTTTCGTACTCGCGAGTGCGGAGACGAACAAGCTCGATCCAGCGGAAGTCCTGCGCATTTGCACGGCGACCGAAATTGTTGTCGAACAGGCGATTCTGGCTAGTATCCCGCAATGATGGAGAGAGCGGTCTCGCAAACGGCACCGGGTGCTAGACTAGTAGAGGTACCAAAGATGACCCGGAGCAGCCTTCCGATGGAGATTCTCGTTTCGACAGGTTCACTGCCGTGGCTTCCTCTGTCCGCTCGTTTGCAGCTGATTCGCGAGGCAGGTGCTGACGGTGCCGAACTGCTTCTTCAGCGCCGTCCTCGCGAGCGGGAGGCTGAAACGATTCGGGAGATCAGCCGAGAGAGCGGTCTTCCGGTTCGTTCCCTCCATTCGCTGCTTCGCTTGCGCTCCGTATCACCCGATATCCAAGCAGTGGATGTTGAGAGTTCAGCCCGGCTCGCTGCCGAACTCCCTCGATGCTCGATCCTCGTCGTCCATCCTCCGATCGGCGCAGAACGCGAACAGTGGACGACAGTTATGAGGCGAATCGAGCGTTCACGCCCAGAGCATCTTCGGATCGGTCTCGAAACTCCGGGACAGCATCGGCGAGGCCAACGACCTGCTCCATTCGACAATTTGGAGTTTCTCGTGCGCTACGCGGAGGAATGGGATCTCGGCATTGTATTCGATACTGCACACGCAGCGAGCCTCGGATGGGATTTGCAAGCAGCCCTCGCACTTTGCTTGCCTCGACTCGTCAACGTCCACCTGAGCGATGCCAGTGACCGCGAATGGTGGATCGGTTTCCTCAACTCGATCGTCCGCGACCATCGCTGTCCGGGAGACGGAATCTTGCCCTTGCGTCAGCTTCTCCAATTTCTCCGCGACCAGGGATACCGCGGTTTCGTCACGCTCGAGCTGAGTCCGCTCGCGCTTTTCTCGCTTCGTCGCGGCTCGATCGTTCGTGTGCTCCAGAAAGCGATCGCCTTCGTCTGCGAAGCCATCGGAGAGCCGGCACCTGGCCGATCATCTCCCGGTCGCGAACCACCAACGAGAAGACGCTGAGGTTGCTCACCCCAGCGTTTCCCGTCACCGACGTCAACGAGGCACTTTTCCAGTAGTCTATCGCTTCGTGTACTGCGGTGCCTTGCGCGCCCGCTTGAGTCCCGGCTTCATCCGCTCCTTGACGCGCGGATCGCGCGTGAGCAACCCAGCACGCTTCAGGACGGGTCGCAGTTCGGGATTGAAGCGGAGAAGCGCTCGCGCAACGCCGTGACGTACGGCACCAGCTTGCCCGGAGATCCCTCCCCCAACGACCCGTGCACGAATGTCGAAGTGGTCCTGCAATCCCGTCAGTCGCAGAGGCTCGGTGATCATCACGCGATAAAGCAGGCGATTGCCGAAGTACTGGGAAGCCGGTCGACCGTTGATGAGAATTTGTCCGCTGCCAGGATAAAGACGAACCCGCGCCACAGCAGTCTTTCGTCGACCGAGCCCGTAGTAATACTGCGGTTTGGTACCGGTCGGCTGCGATGCGCGCGCCGTTTCGACCACGATTCTCACGCTCCTCTCGTCGTCCTATCAGCCCTCCAAATGGAGGATTTCCGGCTTTTGAGCCCCGTGCGGATGATTGGGCCCCGCGTACACCTTGAGTTTACGGAACAGCTGACGGCCCATCGGCCCCTTCGGCAACATGCGCCGTACGGCGAGCTCGATCGGTCGTGTCGGATGCTTCGCGATCATGTCTCGGAAGCTGATCAACTTGAGCCCGCCCGGATACTGCGAATGTCGCCAGTAGACTTTGTCGCGCTCCTTCGTTCCAGCCAGACGCACCTTTTCCGCATTGATGACGATCACGAAGTCGCCCACGTCGGCATGCGGTGTGTACTGTGGCTTGTGCTTGCCGCGGAGGATCGCCGCGATTTGACTCGCCAGGCGACCGAGTCGCTTTCCTTCCGCGTCGACAACCCACCACTTCCGCTCGACTTCTCCTGGTTTGGCCATATAGGTTCGCTGCAGGTAACGTCGCTTTTTCGCTTTCACCGTCATCGTTCATCCCTCGCTCTCGGAGGCATCACCCACGACTCTCTTCGTCTGCCCGCGAAGCGGGCGTGGCCAATGCAATGTCTTCAGGATAGCGAACTCTCCACAGGACGAGGCCACCCGGCGGCGCGGGCGGTGGTGCTGCTCGTCGATCGCAGCGCTCGAGCAGCTCGGAGATCCAGCTCGGTTCCGCCGCACCGGTCCCCACCCGCACCAACGCTGAGACCATCGTACGCACCATTTGGGGTAAGAAACCATTGGCACGGACTCGAAATTCGACGATCTGCGCGCCCGTACCGACTGGCTCCACCACCGGGCTGAGCAGATGCCATTCTGCCATCGTGATTGTCCGGACGCGGGGAGTTGTCGCTTTGGGTCCTCCGAGGCCGTGCCCGGCAAACGAGCGAAAGTCATGG
CP001275.1_gap23	932120	932986	866	GCGTCGACTCTCCGGGCGTACCGCGATGATATCGCCAGGTCGCACCTGATAGGACGGAATGTCCGTCTTCCGCCCATTGACGAGAAAATGCCCGTGGCGAACCAGCTGGCGGGCCTGGCGGCGCGAGTCGGCAAATCCCAGTCGGTACACCACATTGTCGAGCCGCGACTCGAGGATCTGTAGCAGGTTGTCACCCGTCAACCCCGGTCGACGCTCCGCTTCGTCGAAGTGTCGCCGGAATTGCCGTTCCAAAATCCCGTAGACTCTCTTCAGCTTCTGTTTCTCGCGCAGCTGCAACGCGAACTCCGATGGTCGGCGCGCTGCTCGCTGCGTTGGTCCATGCTGCCCCGGCGGATAGTTCTTGTTGGGGTGGCGCTTGACGATCGGGCACTTGGGCCCGAAACAACGCTCACCTTTGAGATAGAGCTTGACCCCTTCCCGCCGGCACAGACGGCAAACTGGTCCGATGTATCGCCCCATCGATCCTCCTTCGTTGCACGATCATCGCACTACGTGCGTCGGCGCTTGGGTGGCCGGCACCCGTTATGGGGAACCGGCGTGATGTCGGTAATGGACATGACTTGTAGGCCTGCGGCAGCGAGCGCTCGGATCGCCATTTCTCGGCCCGCACCGGCCCCCTTGACGTACACGTCGACTTGCCGCATGCCGTGTTCCATCGCCTTACGCGCTGCATTCTCAGCGGCCACTTGGGCGGCATACGGCGTGCTCTTGCGCGTTCCCTTGAAGCCACTCGATCCTGCACTCGACCATGCGACGACGTTCCCATTGGGATCCGTCAAGGTGACGATCGTGTTATTGAAGGTGGCATGAATATAGGCACGACCGCGCGGTATGTTCTTCCGTTC
CP001275.1_gap24	960359	964981	4622	TCGGAGCAGTTCCCCCATGCGTCCGATCGAGAGTCTCACGCTCATCGATCGCTACACCACGGTCGAAGGGACACTCGTGTCGTCCCGCGACATCCGCATCGAAGGGGAACTTCGCGGCACACTCCAATGCGAAGGAGCGGTGCACGTCGCTGAGGGCGGACGAGTCGATGCGACGGTTGAAGCGGGCGCGATCACCGTCGCCGGTCAGCTTCGCGGGTCGATAACGTGTCGGGGCAAACTGCATATTCTGCGAACAGGTCGCGTGACCGGCTCCATCACGACCAACTCGCTCGTGATCGAGGAAGGCGGTCGCTGCGAAGGAGAACTGGCGATGGGGAGTGCATTGGCTGAGGCGTCGCTTCCGAGCGCCAGCCGGGGAAATGCCAGCGCGATGCTCCCCGAGTCGGCATCGACCACCCTGGAAAGCACCGAATCGTAGCACTGCCAGGATTGCCGGTATACTCGACCTGCGCACCCGACTCGGGGTGAGAATGAGCATGGGGTGAAAGCGGTACGATGACGATCGAGAGAAAGTGCGGAACGTGCAAGTACTTCGAGCCTGCACCGTTGTGGCGCAAGGGTTGGTGCCGCCACCCGCTCCTGTATGCCCCGCATCAAAGCCATCTCGTCAGCGAAGACGATCTCGATTGCGACCGCGGCATGACGAACTACTGGGAGCCGGCGGAGCAACCAGTTCGTGAGCGACCGGAAGAGGCGACGCACGAGTATCGGGTGATCCAAGTTGGCGACAGTCGGGGAGATGAAGGGAGAAGTGGCTGGACGGGTCGAGAGCGAGAGCGAGGGACAACGATGAGTTTTTTCCGTGATGAGCCACCCGAGCGCGATCCTGAAGCCGAAGAACCAACGATACCGCCCTTTGCGAATCGGCCACCCACGAGTACTCCCTTCGGAACTCAACACTCCTACACCTATCACACGGACGAGCGATATTGGACGGACTACTTGCGTGTAGCGGCACCAGTACTGGGTATCATTCTCATGCTCGGGCTCGCCTGGTTCTGGATCAACCAGTTTCTCAACCGGGGCGAGGTCGTCCCTACTGTCACACCACAAGTGATCACTGGCCCTACGCCCACTCCCCAAGGGACACCATTGGGGCTCATCGCAGTGACGCCTGCTGCCACGAGCCAGACCCCCACCGTCACCGCGTCGCCAACGCCGCGAACGACGATCGGACCTGGAGCGACCGTCGTCGTGGCCAACACGGATGGATCGGGCGTGAACTTCCGTTCCGCGCCGAGTACTAGTGCCGATGTCATCGAGCGGCTTCCTGAAGGAACTGAACTGACAGTCGTCGGTGAGTCAGTGACGGCCGACGGGTACGTGTGGTGGCCAGTCAAGTACCGTAATCAGACCGGATACGTCGTGGCTGACTATCTCGAGTTGGCGAAGCCGTAATCGAGGCAGACGCGTGTTATACTCCTGTCGCCGGCCACTGCGCCGGACGAAACACGTACCTGGACCGCGCCCGGTGTGCTGGTAAGGTTAACGACCCTCCAGTTCCAGCGCGGGTCGAAGGGTACGGATGACGAACACCGGTCCAAGTAAAGGAGTCGGAACGTGTCCATCGCCGAACACGAGACAGAACAGGTTCCCCTGAAAGCGCTTCTCGAAGCCGGTGTGCACTTTGGGCACCAGAGTAAGCGCTGGAACCCGAAGATGCGACCGTACATCTTCGGTGAGCGCAACGGCATCCATATCATCGATCTCCGCCAAACCGTGAGGCTGCTGGCTGAAGCTGAGTCGTTCGCTCGGAATCTCGCTGCTCGCGGCGGTGTCTTCGTCTTCGTCGGCACCAAGAAGCAAGCACAGGAGATCATCCGGAGCGAAGCCGAGCGCTGTGGCATGTATTCGGTCACTGAGCGCTGGCTGGGAGGAACACTGACGAACTTCGTGACCATCCGCCAGCGACTGCGCTACCTCGTTCAGCTCGAAGAAGAGGTGCGCAGCCCCAACTTTGCTTTCCTTCCAAAGAAGGAACAAATGCGTAAGCTTCGCGAACTCGCCAAGCTCGAGCGAACGCTGGGCGGCCTGCGCGGTTTGACGCGCCTTCCTGATGCGCTCTACGTCGTCGATCCCAAGCGTGAAGCGATCGCCGTTGCCGAGGCACGCCGGCTCGGTATACCGATCATCGCGATGGTCGACACCAACTGTGATCCGGATTTGATCGACTACGTCATCCCAGCAAATGACGACGCGATCCGTTCTATCCGCTTGATCACCAGTCGCATCGCTGACGCCATCCTCGCTGGTCGCACGATGTACGAAACCGAAGTGGGTGCCGGCGAACAAGTCGCCCTCGAAGAGAGAGAGCTGCCCACCTACGAACTGTTCGACGAAGAGTACGTGGAACTGCAGGAAGAACTCGACGAAGAGATCGAAGAAGAGGAGCAAGGATCACTCGAAGCACGTCTGCCCAAACACAAGTACTGATCACTCTGCAGTGAGGGAGGCCGGCACGGGCGTGCCGGCCCGTTTGTGCCTGACGAGCAGAGACTGAAGGGGGGACTGGTGACGATCACGACGGCGATGATCAAAGAACTTCGCGAACGAACCGGCGCGGGCATCATGGACGCGAAGCGCGCGCTTGAGGAAGCTGGTGGCGACATGGAACGAGCAGCCGAGATCCTGCGCCAGCAGGGACTCGCCCGCGCTGCTCGCAAAGCTGGTCGCGCGACTGGTCAGGGGCTCGTCCACGCCTACATTCATGGTGGTGGACGAATCGGGGCACTGATCGAAGTCAACTGCGAGACTGATTTCGTTGCCCGAACTGATATTTTCAAGCAGCTCGTGCACGATTTGGCGATGCAGGTCGCTGCGACTGCTCCTCGCTATGTGTCCGTCGAGGACATCCCACCGGATGTTCTGGAAGAGGGAATTCAGGAAGCCGGATCACGCGACAAGTTTCTCCAGCAAGTCGTCCTCCTCGCCCAGCCGTTCATCAAGGATCCCTCCAAAACAGTGGAAGAGGTCATCCAGGAAGCTATCGCACGGCTGGGTGAAAATATCCGCGTGCGACGCTTCGCGCGCTTCGAACTCGGTAGCGATGAGGCATGACGCGGGCGAGTGAACCGAACACACGACCCCGATACTACCGGGTACTTCTCAAAGTCTCCGGTGAAGCTCTGATGGGGGAGGAAGGCTACGGTATCGACCCCTCAGTGGTGGCGCGGCTCGCTGAAGAGATCGCGCGTGTCGCTGCGCGCGGTATTCAGGTTGCCATCGTCGTCGGCGGTGGAAACATCTGGCGCGGCCTTGCCGCCAGTGCCCGCGGCATGGATCGGGCAACCGCTGACTACATGGGCATGCTCGCGACGATCATCAATGCCCTGGCCCTGCAGGATGCGCTCGAGCGCCAAGGCGTACCGACACGGGTGCAAACAGCGATCGAGATGCATCAGGTTGCAGAGCCGTATATCCGCCGCCGCGCCATCCGTCACATGGAGAAGGGACGCATCGTCATCCTCGCAGGTGGGACAGGGAATCCTTACTTCACCACCGATACAGCGGCCGCACTGCGTGCTGTCGAACTCAATTGCGATGTTTTGTTGATGGGAAAATATCGGGTCGACGGCGTGTACGACGACGATCCGCGCCGGAATCCGCGGGCACGGAGATATCGCGTGATCAGCCATCAAGAGGCACTCGAGCGCAATCTGCGGGTCATGGATCAATCCGCACTCGCTCTCTGCCGCGAGAACGATCTCCCGGTGATCGTCTTTGACTTGCTTACGCCGGGTAATATAGAGAAAGCAGCGCTCGGTCACGAGGTCGGTACGCTCGTCTGCTCTGGTGTCACGTCCTACGCCTGAAACGAGCGGTCGGTCATCGGAAGGAGTGATCGCGATGATCGACGAAATCTTGCGCGACGCCGAACAACGCATGAAGAAAAGCATCGAGCTGCTCCGGCAAGAGTTAGCCGGAATTCGCGCCGGACGAGCTGCGCCGAGTTTGCTCGAGCACCTCGAGGTGAACTACTATGGAACTCCAACGCCACTCAATCAACTCGCGACGATCAGCGCGCCTGAAGCTCGCCTGCTCGTCGTTCAGGTGTGGGATCGCAATGCGGTCAGTGCAGTCGAAAAGGCCATTCGCCAATCCGAACTCGGCCTCAACCCGTCCGTCGACGGACAGACGTTGCGCATCCAGTTGCCTCCCTTGACAGAGGAGCGCCGACGGCAACTCGTCAAGCTGGTCCATGAAGAGGTCGAGGAAACGAAGGTCGCGATCCGAAACATTCGTCGCGACGCTCTCGCTGACATCAAGGAACTCCTCAAGAACAAGGAGATCAGCGAGGACGACGAGCGACGAGCCGAGCAACGGCTCCAAGATCTCACCAACCGCTACATCGCAGAAGCCGACAAGCTCGGAAAGCAGAAAGAACATGACATTCTCGAAATCTGAGCAGGTACCGACTCCTGACCATCACGAAGCCGTCTGCTCAGATCGTGTGCCCGTGCATGTCGCCATCATCATGGACGGGAACGGTCGCTGGGCTACCCAGCGTGGTCTCCCCCGGTTGGCTGGCCATCGTGCCGGCACGGAAAACATCCGACCCATAACCTTCAAGGCGGCTGAATTGGGAATCCGTTATCTGACTT
CP001275.1_gap25	968076	969650	1574	AGGCCAGTCGACGCAATCGGCGCATACTGCACTTGGTTTCGGCGCGAGACCATCACAGCGCACACACCGGGGGTGGCAATCCGCGACACGGACCAGACTCCGCTGGCACTCCGAGCACCACCACGCACCAGGCCAACCACATCCGCTGCAGGTTGGCGAGAAAAACCAGCGTTCCACGCAATCACGAAGCGCCACTAGAACGGTTCGGTGACCGAGTTGTCTTGCCACGGCACTCTTTCCCCATCGGCTCGGCAAAGAGCCAACCTGCATCCTGGAGCTAATCCGAACTGCCGAACGGTTCCAGCAGGTAATTCTATGACGATTTGACTTTTCCAATGGATCGGACCGATTCGCTGTGGTCGCACCTGTTCGACGACACGTTGCACTGTCCCCCGGTGATCGAGAAACAGAACATCGATCGGAAAGCGCATCCCGATGGTGTGGATCGCCGAGCACGGACGAAGCACGAGTGCCTGAGCAGCACAGAACTCCTTGCGTCCGATCAAGCCGCGGAGCCGGTTCCACCAGCTGGCAGCAAGCTCGACCCGTTCAGCGATGCAGCGGCCACTGTCCAGGTCGATAAGCCGCCACTCTGCGCTCTGGCTCATCCCGCTTCACCTCGCTTTCCCTGCTACCATGATGCTTCGGGCGGATGCTCGATGACGGACAGGAGGCTGACAACGCGACTCTCTCGCTTCGGAATCCTTCTACTCCTCCTCGTTGTTATCGGTTTCCTCGCACCAACGCAACATGCCTTTGCTCACGCCGTCCTGCTTTCAGCCAACCCAGCACCGAATTCCCTCCTCGACCGTCCGCCGAAAGAGGTCGCCTTGACCTTTTCCGAGCCGGTTACACCGATCGGCGCCGGACTGACCATCGTCACGCCCGACGGGCGAACGATCCGTACCTTAACTATCGCGACCAGCCCGGAGGGCACCGTTTTGCGACTCCCCTGGGATGCAAACCTCTCGCAGGAGGGGACATACCTTGTCCAGTATCGAGTGATGGGACGCGATGGTCACCTGATTGCTGGTCACTATGTCTTTTCGATCGGTCGTGCGACTGAACCCCCGCCGCTGTCGGCTTCTGGTAGTGCGCAACCGCTTCTGGAAGCCATTGCGCGCTGGCTTCACCTCTTGGGACTCGTTCTCATCGCCGGAAGCGTGACCATCGGACTCCTCGGACGCGGTATTCACGAAATCGAGGCGGTTGCTCGACGACTCATCCGGATCGGTCATCGCGGACTGCTTCTCATCGTGATGGCCAGCTTCCTCTTGATTTCCGCGCTGTTCGCACCGCCGCCGAACATGACGGACTCGCTCGTGCTGCGTTCGATCGCCGCGACACCAACTGGCCAGCTTTGGTCAGCCAGTTTCCTCGTTGCACTCGCCGGGTATCTCTTGCTCCTCGCGCGATTCTCCGTCAGCATCGCCTCGGGATCACTCCTGCTCGTCGGACTGGCGCTCGCTGTACTCCGTGCCGCCGCTGGCCACGCTGCCACGAGCACCTATCCTCTCGTCGGTATCGTCCTCGCGACGGTTCATCTGGTCAGTGCCGCGGTGCTCGCTGGAGGT
CP001275.1_gap26	1055317	1057289	1972	GCGAGAGGGGCTGGAGGCGCTCCGTCAGGAGTACGAGTATTTGGTGAAGCACCGGCGACCGGAGATCGCACGCGTCATCCAAGAAGCACGCGAACATGGTGACATTCGCGAAAACGCGGCCTACGACGCTGCCAAGCATGACCAGGCATTCATCGAGGGGCGAATTCGCGAGATCGAGGAACTCCTCAAGCGTGTCGAGCTGATCGAGCAACCAACCGACGGTGACCGCTCGGTCGTCCGGGTCGGCTCGACGGTCACCATCGAGATCGATGGTGAAATCGAGACGTACACCATCGTCGGCGCGATCGAAGCGAAGCCCTCAGCTGGACGGATTTCCAACGAATCACCGGTCGGTCGTGCTTTGCTCGGTCACCGCGCTGGGGAGATCGTGCCGATCGAGACGCCGAACGGCACACTCATGGCGCGGATCATCGAGGTCCAGTAAAGGTTGGCCTTTCATGTCTACCCGCACCCCAGAAGACCTCGCCGCATTTTTGTCCCGCCGAGCAGCGCGAGCACGCCTTCTTCCTGCTGAACAGCCGACGCGAACAGTGGAGGAAGCGGCTCGCGCGCTGGGTGTTTCCCCCCGTCAGATCATCAAGTCGTTGCTCTTCTGCGCAGAGGATGGGACATGCGTTCTCGCGATCGTTCGCGGTGATCAGCGAGTCGATCCCGCGCGACTGCGGGCTGCCTGCGGTGGTACTCCCTTGAAGCTCGCGCCAGCCAGGCAGGTCCTGGCGGTGACCGGCTATCCGGCTGGTGCGACACCACCAGTCGGGCACTCGATTCCCCTCCGTGTCCTGGTCGATTCCGCGGTTCTCGCCGAGCCGCTCGTCTACGGCGGTGGCGGTGACGAGCGGACCATGCTGGAGATCAGCCCTGAGGAGATCGTCCGCCTGACCGGGGCACTCGTCGCCGCGATCGCCCAGTCCACTTGAGCAGCAGACTCACCGCCGTCGCTCACCGAGTCGATCCAGAAAGCGCTCGACCTCTTCGCGGGTGGGAACCGCATCCGGTCCGATGCCGCGAATGCGCAGCGCTGCCGCCGCAGCAGCCATCTTGGCTGCCCACGAGGTTCCTTCGTGCTGCGCCCGCAACAGAAACAGGACGGCAGCGAACACGTCACCCGCCCCGACGTCGTCGCGCACCGGCACCGAAAAAGCGGGGATATCGTACGTCCGGCCTCGATCGATCACGGTCGCCCCATCGGGTCCTCGTGTGATCGCCACCACGCCGCGTTGTGCGACGGCTTCGATCTCGTCACGCGCGAGCGTATGCTCGAGTGTGCTGAGAACGAGTCCGTCCAAACGCGTGGTCACTTCCAGGGGGAGTCGCAACGGGATCAATCGGACTCGTCCACCGCCTCGCGGCCACTTTCGCATCCAACCCTGTGGCGTCGCCCCGAGAAATTCGGGGTTGAGCCGGCTCGCTTGCCGAGGGTCGATTTCCTGAGCCACCGGCGCCAGATGAATGATCGGTGCAGAGCGCCAGGCCGGTGGTAGCCCACTCAAATCGATCGCACCCGCCCACGAGTGGACAACCTGCTCGCGACGACCCGCCACGGTGCGATTGGTGAAGACGGTCGGCGCAGACGCCTCTTGCACGATCATCGCCACCTCACGCGAGTACCTCGCCAGCGCCTCTCGGATGTCCGCACCGAACGTCTCGTAGTTTCCGCGCGTCAGGATGGCAGCGTCCATCCCGAAACGAGCGGCCGTCAACGCTGCATAGAGGGCCGTACCACCGAGCCGCGGTGCACCGTTGTCCGGATCGAGGTCGACCGTCACATGGCCGATGGCGAGATAGTGAGGGGCGCGCTGCACACCCAAAAGAGGGCATCCTTTCGAAAGACAGCAGGACGCGCCTCAGCGACGCGGGTAGACAGTGACGCGGCGCTCTTCCCCTTCACCGCTGCTGCGCGTCTCGACGTCCGGATTGTCACGAAGGGCAACATGGATGACCCGACGTTCGT
CP001275.1_gap27	1062505	1065734	3229	GGTCGCACCGTTCTCGCCATTGGAAGTGGAACTGGTCAGCATCCTGGCGCAGGAACTGGCGACCGGCCTGACTGTCGTTCACCAGCGCCAGGTCATTCTCCAGAACGTCGAGCTCCAGCGGTTCCTAGCTGATGTGGGGGACCTGCTGTTGCAAAATCCCGATCCGCGCTCCTTCGCCCGACCGCTCGTGACCCGGCTCGCGCAAACGCTGGGTGGTTCGGCTGCGCTCGTACTCCGCCTACCGCTCGATGAATCGCCGATGAGCGCCTCATCCGAGCATGACGGCGAAGGACCGGCGATCGACCTCACTCCGCTCCATGATCCTGCTTTCTTCGATTGGCTCGCCCGGTCCAGTGCGCAAGGAACGCTGGAACTGACCGATGCGAGGATCGTACCGGCCCCATTCCAGCCGTCTTTTGCAGCGCTCCTGGCCTCCAGCGCGCGCCTCACGCTCGTCTCGCTCGTCGCGCACGACGTGCCGCTCGGTTGCCTGCTCCTCAGCCGTCCGGTCAGGACGGTCACTCATCCGCTCGAGACCGTCCTGCTTCGCGAACTGCGAACGCGGCTCGCCCATGCGCTCGGCCGATGGGTTGCCAGTCGCGAGCAGGATGCGATCGCCTCGCTGGCACGGGAGCTGAGCCTTTCCTCGGATCTCGGCACCTTTGGACAGCTCTTGTTGCAGCGCTTACCGAGTTTGCTGCCGAGTGACTTCGCGACCATGCTGTTTCTCGACGATGATCAGCACGCCTTCGTTCCTCTCGCGGCGAGCCCTCATTTTGCGTTACTCCCAGCCGACTGGTCGATCCCGCGCCAGCGCAGTTGGCTCGGTAATCTGGCCGATCACGATGAGGTGATCATCGTGCCCGATTCCTCCACGATTCCCCTCCTCGACTATCCGCTCCGTGTCGCCGCAGCGGGTCAAACTGCCTCGCTGGCGGTCGCACCACTGGTCGCCCGAGGGCAGACGCGTGGGATCTTGGTTCTCGGCCGGTTCGGCATCAGGCGGTTCACGGTGGCCGAGCAGCAGCGTTTGCGCAACCTCGCTTGAGTGATCGCGCTCGCTCTCGGGGATGTCCTCGCCGCCGAGCATGAGCGAAAACTGTATCGTGCCTCAGTCGAGGCGATGGCAGCAGCCGTCGACGCCAAGGACCCGAGCACGTACCATCACTCTCGTCGCGTCGCGACGATCGCCCGCATCATCGCGCAGGAGCTGGGACTTCCCCGGCCCGAGATCGAAGAGATCGAACTCGCCGCCTTGCTCCACGACATCGGCAAGATCGCGATTCCCGACCCGATTCTCCGCAAAGCGGGGAAACTCGATGCAGCCGAATGGTCGATCGTCTCCATGCACCCCGGCGTCGGTGCGCAACTGCTCGCTGGGCACCCACAGTTGCGTCGTATCGCCTCCCTCGTTCGAGCACACCACGAACGGTGGGACGGGCAAGGGTATCCGGATGGCCTACGCGGCGATGCCATCCCACTCGGCGCGGCCATCATCGGCCTCGCCGATGCCTTCGACACGATGACGACCGATCGTCCCTACCGTCCGGCGCTCTCTCCGGCCGAGGCTCTGGCCGAAGTTCGCCGCTGCCGTGGAACGCAGTTCCACCCTGCCGTCGTCGACGCTTTCCTCCGGGCTTGGCACCGACCGGATGGGATCGCTGTCGCCCTCGCCGCGCACACCTTCTCCGCGCCGAGTGCGCTCGCGACGCAAGCCCTGCACACCATCGGCGAACACGTCGAGAGACTGACGACGATCGAGCGACTCGCCGAGGTCATCGATCTCGCACTGTCCGGCGTACTCACCTCCGACAATATCGTTCTCTTCGCCACGGAGGAAGATGGTGAGAAGTTACGTATCGTCTACTCCCGATTCGATCGGGATCGCGCGAAATTCGTACGCATACCGCGTGGTCAGGGGCTTGCCTGGCGAGCGATCGAGTCAGGGCGCGCGCTCTCGGTCGTCGTTCCGGAAGCACCGCCCGGGAGCGTCGTCATCTGGGGCAGCCGTAAGCTCTTCGCTGTGCTGGCCGCTCCCATCGTCGACAACCTGGGTACGGTCGGGGCGATCGCGGTCTCGCGCACGGAGCGACGGCGCTTTTCCGAGACCGATGCAGAGCTTCTCGCCAGTATCGGACGGCATGTCGGATCACTCTTCCGCGTCATCTGGTCAGCCCGAACGCGAACCGCCACGCTGTCATCCGAGCAGGCGTCGAACGTCGATCAGACCGATGGCGACGAAGAACGCGATCAAGAGCGGCTGGTGAACCAGGTAGAGCAGGAGGCTGTGCCGACCGAGCCACCGCAGGGCTCGGATCAGGAGTCGATCGCTCCAATCCGGTAGCGACCACCGACGCTGTCCGTCACCATACCACCAACTCGCGACGCCCACACCCAAGAGAACCACCCCGAACCAGGGAAACAACGGCCGAAAATCGAAGGACCGATACCCTTCTGGTACCAACCCCAACCAGAAGAGCCACGGATTTCCTGGGAGAAGCGAGACGAGCCATCCGAGGAATGCAGCCAGCCCAGCGAACCCGAAATTCCAGACCCCGAAGCGGAGGAAGGGCAAGGCCAGGAGACTCGACAGCAGGATAAGATGAAGGATTCCGAAGAGGACGACGTCGGGCGGGCTCACCAGCCAGGTGACCAGCGTGACGAGTCCCGCTGCGCTGCCCAAGTGGAGTGTCCGCCGCACGATGTGCCGCCAGTATCGTTCGGGTTGCTTCGCCCATCGCTCCCGCGCCAACACGACCGAGATGCCGGCGACGAACAAGAACGTGCCGGCGATACCATCGGCGAAGAGACGCCACCCGCCACTGGTCACCGCGATGGGCCAACCCCCGAACGCCGCGAGATCGAAAGCCCCGTGATAGATCACCATCGCCAGAAAGGCGAGGCCGCGCAACGCATCGACTTCCCAGCGGCGCGCGGCTACCGGCCGTTGCACCGAAGCAGTCATCGCGACTCCGTGACAGGATAGATCGGGACCGCGGTCGGCGGAGCAACGTCCCGCGCCGCGCACGGACGCGCCATGACCCGAACCGGCCACACCACGGCCGCAGCCGCCAACCCCAACGCCCCCGCGAGCACGAGTGAGAGCGTATAGTGGCCAGTCCAGTCGAAGAGGATCCCAGCGACCACCGACCCCGCCGCTGTGCCGACCGGCATCACCGCGAACAGCAAGCCGAAGATTGTCCCGAGGCGACGTCGGCCATACAGCGCT
CP001275.1_gap28	1066915	1071629	4714	CGGGCGGTCCTCTCTCGAACGCACACCGCCGAAGTCGTGCGATCGGCGCTGCGGACTGACCGGGTTGCCGCCTCTCTCGCTGCGATGGTACCGTAGTTGTTCGGTGACAAGCGAGCAGGCGAGAGGCGGAGACGGAAGCGAGTACGTCGCGGCGGCCAAGCAGCGAGTCCGGGACGGTGCGAGCCGGGCGGCAACGACGCGGCGGAAAATCCTTCTCGAGCTGCTACCCGAACTGGCGTCATCGCGCCACAGTAGGCGTAGCCGGGAGCTGCCCGTTACCGCAGCACCGAGTGGGTGCGGCTGCAGCCCGCACCAACTGGGGTGGTACCGCGGGTGAACCCCGCCCTCAGAGGAGAGGGCGGGGTTTTCCGATCGAGCAGGTCGATCGAGGAGAACTCAAGGAGGTGCGCAGGATGTTCGAGCCTGTTCCTACCAAAGATATCGATTTCCCAGCGCTCGAGCGCGCTGTCCTCCGATGGTGGTACGAGCACGGCATCGTGCAGAAGTATCTCACGCGCAATGCCCAGAGCTCCAAGCGCTATTCCTTCATGGACGGGCCCATCACCGCCAACAACCCGATGGGCGTCCACCACGCTTGGGGGCGAACCTACAAAGACTTTTACCAACGATTCTACACCATGCTCGGTTACCGTCAACGCTATCAGAACGGCTTCGACTGTCAAGGACTTTGGGTCGAGGTCGAAGTCGAACGAGAACTCGGGTTCACCTCCAAGCGCGACATCGAGGCATATGGGATCGACCGGTTCGTCGAGAAGTGCAAGGAGCGGGTCTTTACCTACTCGGCAATTCAAACCGAGCAGTCGAAACGTCTCGGCTACTTCATGGACTGGGATAACTCCTACTACACCCTCTCCGACGAGAATAACTACGCCATTTGGCATTTCCTCAAGGTCTGTCACCAGAACGGCTGGATCTATCACGGATACGACGTCATGCCCTGGTGCCCGCGCTGCGCGACTGGCCTCTCCGAAATGGAGGTGAGCGAGGGGTACAAGGAGATCACTCATCTCAGTCTCTATGTGCGCTTCCCGCTCGAGGGACGCGAGCGAGAAGCCTTGCTCGTCTGGACAACCACCCCATGGACACTCACTGCCAATGTCGCCACCGCGGTGCACCCTGACCTCACCTATGTCCGCGTTCGCCAAAACGATGAGATTCTGATTCTGGCCGAGGAAGCTGCCCGGCACGCGTTGCGTGGTCCCTACGAGGTCCTGGGCTACCTGAAAGGAAGCGACCTCGTCGGTCTTCGTTACCGCGGTCCCTACGATCATCTTCCGATCAATGCCCAGGTCGAGCACCGGATCATCCCCTGGGATGCAGTCGACCCAAGTGAGGGAACAGGACTCGTCCACATCGCACCTGGCTGCGGACGCGAAGACTACCAGCTCGGGAAGGAGCATGGACTCGCCGTCATTGCCCCGCTCACGGAGGATGGCTATTACGTCGAAGGGTTCGATTGGTTGACCGGCAAGCATGTGCACAGCGTTGCTGAGACGATCGCCCAGGATCTCGCGCAGCGTGGCCTCCTCTACCGCCGTGAACCCTATCTCCACCGCTACCCCACCTGCTGGCGGTGCGGGACCGAGTTGGTTTTCCGTTTAGTCGACGAGTGGTTCATCGCGGTCGACCCCTGGCGGGAAAAGGTCATGGAGGCAGCTCGCCAGGTTCGCTGGATCCCCGAGTTCGGCCTCGAGCGCGAACTCGACTGGCTGCGCAACATGGATGATTGGATGATCTCCAAGAAGCGATACTGGGGGCTTGCACTGCCTATTTGGCAGTGCGGGGAGTGCGGCTGGTTCGACGTCATCGGAAGCGAAGAGGAACTCCGCGAGCGAGCGGTCGAGGGTTGGGAACGCTTCGAGGGTCACACGCCTCATCGCCCCTGGATCGATGCAGTCAAGATCCGCTGCGAGCAGTGTGGCTCCATCGCGAGTCGCATTCCCGATGTCGGTAACCCCTGGCTGGATGCGGGCATCGTTCCCTTCTCCACCCTGCGTTACCGGCACGATCGTGCGTATTGGCAGGAATGGTTCCCGGTCGATTTCATCACCGAATCGTTCCCCGGCCAGTTCCGCAACTGGTTCTACTCGCTGCTCGCCCAGAGCACCGTCCTGACCGGCCAAGCTCCGATGAAGACCTGCCTAGGGTTCGCCCTGCTCCGCGACGAGAAGGGCGAGGAGATGCACAAGAGCAAGGGGAACGCCATCTGGTTCGACGAGGCTGCTGAGCGGGCCGGCGTCGACGTGATGCGATGGCTCTATCTGAAGCACAACCCAGCCCAGAACTTGAACTTCGGCTGGCGCTTGCTCGACGAGGTTCGCCGAACCTTCCTCCTGCCACTGTGGAACTCGTACGCATTTTTCGCCAACTACGCACGGCTCGACGGGTTCCATCCCGCTCAGCACGATGTGCCGCTCGGCGAGCGCACCCTGCTCGACCGTTGGATTCTCGCTCGTCTCCAGCAGGTCATCGCCACAGTCCGCGAGCGGATCCAGGACTACGATTCGATGAACGCTGCGCGGGCCCTGCAGGACTTCGTGGTCGAGGATCTCTCCAACTGGTACATCCGTCGCAACCGACGCCGCTTCTGGAAGACAGAAAGCGACCAGGACAAGGCAGCTGCCTATCTGACGCTGTACGAGGTTCTGGTCACCTTGACCAAGCTGCTCGCTCCGTTCATTCCTTTCACCACTGAGCTGATGTACCAAAACCTCGTCCGTCGTGTCGACCCACAGGCACCCGAATCGGTCCATTTGACCGACTATCCCGAAGCGGATCTCACGAAGCTCGATGACGAGTTGGTGGCCGATATGAACTGGCTCCTGCGAGCGGTCGAACTCGGTCGTGCCGCCCGCAACAAAGCGAGCATCAAGGTGCGCCAACCGCTGCCCCGTGCTGTGGTCGCAGCACGCGATCCGGCAGCCCGCCGAGCGATCGAGCGCCTCGTCGACCAGTTCATGGACGAACTCAACGTCAAGGCGGTCGAATTCGCCGATCGGCCCGAAGACTATTTGAGCTATCGAGTGAAGCCGAACTTGCCGGTCCTTGGGCCACGGCTCGGGCCCAAGTTGCCAGTCCTCCAGCGGGCACTGGCCGGAATCGATCAGAATGCGTTGGCTCGCCAGCTCCGAGCCGGGCGAAGCGTCACGCTCACGCTCGATGGTGAGGAACTGGAGTTCGGTTCCGACGACTTCTTGGTCGAGTCGGTCGATCGGCCGGGGTTCGCGGCCTTCGAGGATCGCGACCTGCTCGTGGCTGTCGATCTCACGATCACGCCGGAACTCCGGCTCGAGGGTCTGGCTCGCGACTTCATTCGCGGCGTCCAAGAGGCGCGCAAGAATGCCGGCTTCGAGATCGACGAGACGATCGAGATCGTCTACCGCGCCGAGGGCGAATTGGCTGCGGCGGTCGAACGCTTCGCTGACTCCATCAAGCACGAGACGCTCGCCGTCGACCTGCGTGCCGGTGAACCCGAGAGGGAGGATGGTCACGTCGAGGAGGTCAAGGTCGGTCGCGAGCGATTCGTCGTCGCTTTGCGCCGCGTCGGGCGACTGGCTGAGGCACGCCGGTGACGGTCGACACGATGGCCGACGAACGGCACTGGACCGACATCGCGGCGGACGCTCTCGATGTTCCAGGATGGGACGTCGCGCGGTATGGGCCAGTACGCGAGCGCCTCGTCATCCTGCCGCGCAGCCAGCGTTCCTGCACGCTTGTCCAGCCGGCTGACCTCGATCGGCTGCTCGACCTGGCCCAGGACGATCCGGAGGAGCACCTTCCATACTGGGCCGAACTGTGGCCCAGCGGAATCGCGTTGGCGGACGCTCTTCTCCTCGACCCGCACCCGGTTCACGGGCAGCGCGTCTTGGAACTGGGCTGCGGATTGGGTCTCACCGCGATCGCTGCTCTCTGGGCCGGCGCCCGCCTGGTGGCGATCGACTACAGTGCCGAGGCCCTCGCGCTCACCCGCTGGAACTGTTCGAGGAATACCGGGCGTGTGCCGGAGCTCCTCCGAATGAACTGGCGTTGCCCGAGTGAGCAGCTGGCTACTGTGATCGGTTCCAGCAGCGTCCCGGTTATCCTCGCCGCCGACGTCCTGTACGAAGATCGCGATGTCGAGCCGTTGCTCCGACTGGTCGAGCACCTGCTCGCGCCAGGTGGCTTGCTGTGGTTAGCAGAGCCGGGGAGACGGACAGCCACCACCTTCATCGAGCGACTGGGCCAGAAGGGTTGGTTCGACGAGGTCGAGACATGGTCCGGTCCCTGGCCCGATGCTGGTGATACCGCAGTCGTCGTGGCCGTCCATCGCCTCCGACGACCAGGGCGATGATCCGCACCTCTTGTCCGCGATCGACGCGAGCTGACCGGAGGGCACAGCAGGTGCTGCTCTGCGACAGCGGATTCGTCGGCACGTTCCGAGCACGCTCCAACGGTAAGCGAGGATTCCCCACATGTCCGACCGATGTTACCCTGCACTCGACGAGGAATAGAGTGGGAGGAGAGCGGATCTCGTGCGGATCGACTGCCACACCCATTTCTACCCTGCGGGATACCTGCATGCGCTCGCAGCCGAGAGCGAGGCTACGACGCTGCAACGAGACGCTGATGGCCGCATGGTGTTGCACTATGCCGGAGACTACAACGTTCTCGCTCCGGCTCATCACTCGCTCGAGGCACGCCTTGCCGACATGGA
CP001275.1_gap29	1086542	1091333	4791	ACAGCAGCATCGCACCCAGCAAGACGAACGGAATATTGTGCGGAAGAATAGCCTGACGACCGTAATCGCGTCGGCGGCCGAGGACGAGTGCAGCCACGACGGCCGCGATACCAGCATTGATATGCACCACAGTTCCACCTGCAAAATCGAGGGCCCCCAGGTCAGCGAGCCAGCCACCTCCCCAAATCCAATGCGCGATCGGTGCATAGATCGCGATCGCCCAGAGACCGAGGAATGCGAGGTAAGGGCCAAAGCGCATGCGTTCTACGAGCGCCCCTGAAATGAGTGCGGCGGTGATGACGGCGAAAGTCCCCTGGAAGGCCATGAACAGCACGTGTGGGATCGCGCCGGACGCTTCTAGGTCGACCCCACGCAACAGCGCGTGCGAAAGGCCCCCGACCAGCGGCCACCCGGCGGAAAAGGCGAGCGAGTAGCCGAGCAACGCCCACGCGAGCCCTACGACAGATACCGCGCCGAAACTCATCATCAGCGTGTTGAGAACGTTCTTGGAGCGAACGAGCCCCCCATAGAAAAACCCTAATGCCGGGGTCATCAGGAGGACCAATGCTGTCGCAACCAGCATCCAGGCGATCGCCCCCTCGCTCATCGTCGAGCTCCTTCCTGCTGCCTCAGCGCAGCGACCGACGAATCTCCCGCCTCTCCTCATCGATACGATGCGCCAATGGTGGTCCGCGCTGTCGCCGAATGCGTTCGACCGGCATCATCGCTCCTTTCCCTTCGTGCACGATACCGGGACGAAGACCGCGCTGCCCCGGCACGGTGCGCAAAGCGCACCGGGTCGCTTATGCACGCAGCACAAAGAGCTGAGCAGTCTCGGATGAGGTGGTCGAGTGAGGGCAGCTCGTTCCGGACTCGAGAACAGTGCCAACGCAGCGATCGTTCGCGCGCTACACTGTGACCTTCGGGAGAGTCGGATGGGGACCGATCGGACAACAGATACCGACAGCGTGCTCGACCAGTGGCGACTTGCACCGTTTCATCTGGGATCGTTCATCGGACCCTACACCGGTGCGAGTTTCCCGGTTTTCTTCCCACTCTTGCAAAGCGTCTTCGGCGTCGATCGCGCGGCTCTCTCCACCATCGTCCCTGCGTACCTCGCGACGTTCGGCCTGTGCCAATTCTTCTCCGGCACGATTTCCGACCTCACCTCGCGGCGCTCGACCATCCTGGCCGGTTTCGGCGGCTTCGGTTTCGCCGCACTCGTCTGCGCCCTGGCTCCCAACCTGCCAGTCTTTTTGCTGGGTTGTATCTTGCTCGGCATCGCCAATGCCTTCACCACACCGATCCTGCTGGCAACGTTGGGTGACACCTTGCCGACCCAACGCCTCCCCCGCACGGTCACCATCTTTTCTGCTGCCAATCAAGCTGGCCATCTGCTCGGGCCACTCGTGGCAGGTCTCCTCGTGGCCTGGTCATGGCGTCTCTTCTTCGTCAGCGCCACGTTTCTCAGCTGGGTCGTCGGACTCTGGCTTCTCGTTTGGTTCGCTCGCTTCGGCCATGCCGTACCACATCGTCCACGCTACGCCTCAATGCAGGCTGCCCTGCGCGACCTCGTCCAGGCACTCGACCGAGCGACCGCCCGCGTGGTCGCACTGGCCTTTCTCGCCAACGCCGCGATCATGGGAACCGCGTACTTGCTCGGGCAAGCATTGCGCGATCTGTGGCAGTTGGACTACGCGCTGATCGGGCTGATCGTCGCGCTCTATGGTGTCGGGGCGCTCTTGTTCGCCCCGGTGACTGGTTTGCTCCTGGAGCGCCTCGGGACGCAACGGAGTGCCGCCATCGGGCTCACAAGTGTCGCGACGACGATCGTGCTGATGGCAGTCGCACCGAATCCGCCGTCGTTCGCTCTCGCATACCTGGGGCTCGGTCTCGCTGCGATGCTGACCTGGACGGCCTTCAGCATCCTTGCAGTCGAGGCAGCACCGACCCATCGCGGCACGACATCGGCCTACTTCCTCGGAGCGCGGTTCTTGATCCAGGGTCTCGCTCCGGCACTGTATACGCCGGTCTACGGCACCCTCGGACCACGCGCGATGTTCGCACTGTCTTCCGTGCTCGCCCTCGCCGCCCTGCTGCCGCTGCGCTTCCTCCGCCCGTCACTCGCCCCGCCATCCGCCACGACAGCCGTGCACAGCGATCACTCGGCTTCCTGCGCTAACCGCTGTAACTCGTAGAGTGTCGTCAGCGCCTCGAGCGGCGTCATCCCGTCGAGTTCCAGCGAGCGCAGTCGTTCCAAGACAGGATGAGGCGGGCTGAAGAGCGTGAGCTGGATCGTCAGCGGTACCTCCTTGGCCATGCTCTGGCGCCGCCGCGTGTGCTCACCGCTGCGTGCTGATTCGAGCTCCTGCAGGATCTCCCGTGCCCGACGAACCACCGCGTGCGGCAGGCCAGCGAGCTGGGCCACATGGATCCCATAGCTCTTGTCCGCTCCACCCCGCACGACTCGGTGGAGAAAGACGACGCGATCACCTTCTTCCAACACGTCCATGCGGTAGTTACGGACTCGTGGTAAGACACGCTCCAGTTCCGTCAACTCGTGGTAGTGGGTCGCGAAGAGCGTTCGGCAGCCGAGTCGTGGATGGTTGTGCAAGTACTCCACCACTGCACGAGCGATCGCCAAACCGTCGTACGTGCTCGTTCCCCGACCGACCTCGTCCAAAACAACGAGCGAGCGGAGCGTCGCTTGGCGCAGAATCGATGCCGTCTCGACCATTTCCACCATGAAGGTACTCTGACCGGCCGCGATGTCGTCCTGGGCACCGATGCGGGTGAAAATGCGATCCACCAGCCCGATCCGAGCGAACTCGGCTGGCACGAAAGAACCGACCTGCGCCAAGAGCACGATCAGTGCGACTTGACGGAGAAAGGTCGATTTTCCTGCCATGTTGGGACCGGTGAGAATCACGATCTGATCGCTCTCGGTATCGAGCCGGGCGTCGTTGGAGACGAATCGGCCCGCTTCCAGCGTCGTCTCCACGACGGGATGGCGCCCACCCCTGATTTCCAAAACCGTACTCTCGTCGACAACCGGGCGGACGTACCGCCGGTCCACTGCCACCTCAGCGAGCGCACGGTAGACATCCAATTCAGCCACGAGCTGAGCTGCTCGCCGGATCTGTGCAGCGCAGCTCGCCAATTCTTTGACGACGCGCCGGTAGACCTCCTCCTCGAGTGCCGCGATTCGTTCCTCCGCCTGCAAGACCATGCTCTCGAACTCGCGGAGTTCCGGCGTTACGTAGCGCTCAGCCCCGACCAATGTCTGCTTACGCTGGTAATCGGGCGGCACGAGATGCCGATTGGCATGGCTCACCTCGATGTAGTAGCCAAAAACTTTGTTGTAGCCCACCTTCAGGGATCGGATACCGGTGCGCTCCCGCTCGCGCTGCTCCAACGAGGCGATCCACTCGCGCGCCGAACGTGCCCGTTCCCGCAGCTCGTCCAGCTCCGGCGCAAACCCGGCACGGATCACATGCCCCTGGCCGAGACTCGGGGGCGGATCCTCGACGATCGCTGACTCGATGAGACGAGCCGCCGGCAGGAGGTCCGGCAGAGCGGAGAGGGGTGCAAGTTCTGGTCGTCGGCCCGCTATCTCGGCGATTTCGGGCAAGCGAGCGAGCGAGTGACCGAGTTGGCGTAATTCACGAGGTGTCACATGCCCGGTCAAGACACGATTGGCCAACCGTTCCAGGTCGGCGACGCCGGCCAGGAGGATACCCAGCCGGGCACGGACGAGCGTCTCCTCGACGAGCGCCGCCACGCGCTCCTGCCGCTGCCGAATCGCGCCCACATCGAGGAGCGGCTGGCTGAGCCAGCGCCGGAGCAAGCGCGCACCCATCGGTGTTTCCGTCCGATCGAGAACCGACACCAGTGAATGAGCGCGCTCCCCGCGTGCCGACTCGAGCAGCTCGAGGTTGCGTCGCGTCACCGCGTCGAGCGTCATGAACGAATCGGTCTGGTACACGACGAGATCGTCGAGCTGGGGTAGCTGCCCCACCTGCGTGTCCAGAAGATACCCGAGGAGCGCGCCCGCTGCCCGCAGCGCCGCCGGGCGGTCCGCGAGCCCGAAGCTCGCGAGCGTTTCAACACCGAAGTGCTCGTGCAGGACGCGACGTGCCTCGTGCTCGCGCCAGGCGCGCTCCTCCAGCTCGGTGACGGCAGCTCCCTCGACGCCGATCACCCCGCGACGACCTGCCGGGAGCACGAGTTCAGCCGGTGCGATCCGCAAGAGTTCCCGTTCCACCGCTGCACGGAGTTCCTCGAGCTGTTCCGCAACCCACTCGGTCGCGGCGAACTCTCCCGTGGAAAGATCCGCATACGCCAGGCCGGCCCGTGACGACTCGAGCAGGACAGCGGCGATGTACGTATTGCGCCGCGCGTCGAGCATGGCCGGCTCGGTGATGGTTCCCCTGGTGAGGATCCGGGTGATGCGACGCTCGACCAGGTTACGACCGTCCGGTGTACCGATCTGGTCGCAGAGCGCGACCCGGTAACCGGCAGCGACCAACTTGGCGATGTACGGCTCGGCAGCATGGGCCGGGATGCCAGCCATCGGCACCCGCTGTCCCTTGCCGAGATCCCGCGACGTCAAGGCGATATCGAGAATCCGGCTGGCGACTTCCGCATCGTCGTCGAAGAGTTCGTAAAAATCGCCCAACCGGAACAAGAGCAGAGCATCGGGAACCTGTCGCTTGATCTCCAGATACTGCTTGCGGATCGGTGTCGACACAGCCACCCCTGACGATAGTGTACGGACGCTGATCGCCCACT
CP001275.1_gap30	1265659	1267652	1993	GCTGGCAGTACGCTCCGGGCGCACCAGAGCAGCAAGGACAGAACGGAGCCCGCTTCGCTCCCTGGATGCCGATTTACAGCCAGTGAATCAGCCTTGCCCTTCTCACTCCGCCCGGGGAGGAGGGTTCCCTCCTCCCCGTCTCGTTTGCCGGATCGGCGCGGGCATTTTGACGTCGATCAGCTTCCCTGTTACGATCAGCATGTCCCGCACCGCTGCCCGTGTTTCGGTGACGCGCGGGGCGGTTCCGATGAGGGGGAATCCGATGTATTTGGAACGGATCGACAGTCCACAGGACCTCAAGCGATTGAGCGTACCCGAACTCGAAAAGCTTGCCGAAGAGATCAGGGAAGCCATCATCGAAGTTGTGCTGGGGAAAACCGGCGGACACTTCGCTCCGAATCTCGGGACAGTCGAACTCACGTTGGCCTTGCATTACGTCTTCGATTCGCCGCGGGACAAAATCGTTTGGGATGTCGGTCACCAGGCCTACCCGCACAAGCTGGTGACCGGTCGCCGCGACCGGTTCCACACGATCCGGCAAGAAGGTGGCCTGAGCGGTTTCCTCCAGCGCGAAGAAAGCCCGCACGACCACTTCGGCGCTGGCCACGCTTCGACGTCGATTTCGGCCGCCCTGGGAATGGCGGTGGCAGCCAAACTACGGGGCGATCGCTACCACACGATCGCTGTTATCGGCGACGGTGCGCTGACCGGTGGCATGGCCTATGAAGCGCTGAATCATGCCGGTGCCCTCCAGGTACCCCTGATCGTCGTCCTCAACGACAACGAGATGTCGATCGCACCCAATGTGGGGGCACTGGCACGGTATCTGACCCGCGTCCGGACCGACACGCGGTACCGGCAAGCAAAGGTCGAAATCGAGCGACTGCTCCGACGGCTTCCGCAAGGCGAACGGCTGGTCGAACTCTCTCACCGCTTCTTGGACGGCCTCAAGGAGGTCGTCTACCGGACGATGATCTGGGAAGAACTCGGCTTTACCTATATCGGTCCGATCGATGGGCACAACCTGCGCGAGTTGATCGAGACCTTCCAGTTGGTCAAGACGTTCGACAGCCCGGTTTTCGTCCATGTCTTGACTGTCAAGGGCAAGGGATACCAGCCAGCGGAAGATGATCCGTTCAAGCACCACAGCGCGGCGGTCAAGGTTCCGGGAGCACCACCCACCCCACCACGGTACCAGGATGTCTTCGGTCAGACGTTGGTCGAGCTCGCCGCCAAAAATGATCGAATCGTCGCCATCACTGCGGCCATGCCGGACGGGACTGGGCTCCTGCCCTTCGCCGCAGCGTACCCTGACCGGTTCTTCGACGTGGGGATCGCCGAACAGCATGCCGTCACCTTCGCGGCTGGCCTGGCAACGCAGGGGCTCCGTCCGGTCTGCGCGATTTATTCCACCTTCCTGCAACGTGCCTACGACCAGGTGATCCATGACGTCTGTATCCAGAAACTCCCCGTCGTCTTCGCGATGGACCGTGCCGGTCTCGTGGGGGAAGATGGGCGAACCCATCACGGTGTGTTCGACGTCGCATATCTCCGCTGTCTTCCCAATATGGTCCTCATGGCACCGAAGGACGAGGATGAGCTGCGTCACATGTTAGCGACTGCGCTCGCTTACGAGGAAGGGCCGATCGCGCTCCGCTACCCGCGCGGGAGCGGTGTCGGCGTCCCCATGCTCGGGGAACCGCGTGTCCTGCCCATCGGCCGAGCGGAATTACTGCGCGAGGGATCCGACGTCGCGATCGTGGCGCTCGGTGCGACCGTTCTCCCGGCCGAGCGTGCCGCGGACATCCTCGCGGAGCGGGGAATCCGCGCGACTGTCATCAACGCTCGTTTCGTCAAACCGCTCGACCGGTCACTCATTCTCGATGCTGCGCGCGAATGCGGTTGCCTGGTGACGGTCGAAGAAGCCCAGCTGGCCGGAGGTTTCGGCAGCGCAGTCCTGGAGACACTCGCCGATGCCGGACTGTTGATTCCG
CP001275.1_gap31	1337496	1338403	907	CCGTGTTCCCGGCTCCCAACCCGAGGATCAATCGCCCTCCCGAAATCTCGTTGACCGTTTCCGCCATCTTGGCGATCAGTGCCGGATTGCGCCAGTTGGTACAGAGAACGAGCGTTCCCAGCGTGATCCGCTTCGTGACCGCGGCGAAGGCGGAAAGGAGCGACCAGCATTCCCAGATCCCTTCTGGTTCACCGTCCGGTGTGCGGTAAAGAAGATGATCCACGACCCAGAGCGAGTCGAGCCCGATCTCCTCGGCGAGGCGTGCCATCGCCTCGAGATCGCTCCAGCGCGGAAGACGCCCATTCCAGCGATACTCCCCTTGGGGGACCAGAATGCCGATCCGCAGCGGTCGGTTGCGCATCGCACTGGTCATTCGCCATCCCTCCTCGCACTCGGCCACGCTCCATCCGAGATCGTTTTTCGCGCGTTCGCGGGCAGAGCGCAACCAGACAGGCAAGAAAGGGCCCGCTGCGGTCTCGCAGTGGCTCCGCACCGAGTGCTCACGGTCAGCAGTCGCGCCCGCAGCGACGAGCGCGCCTCCGACGATGCTGGTAGACGATGCCGTTCGTGCCACACCAGGCAGCCCACGACCGAGCGGCCCGTACGAGCGATCAGGCTCGATTCCCAGCGGGGACCGAGCAGATCGCCCATGGGTCGCACGGACCGGCTCGCCAACGCCGGTGCTCTGCCGAGGAGCGACCGCTTGCTCGGCAACGCGCGGGGTCGGCTGCAGACGCGTCGCGACCGGACTCGCTCGAAACGAGTCCCCTGGCAAAACGCAGTGAGCGCGTGCGAACACTGCTCCGGCCTGTTCGCCAGCCTCCTCGCGTGCGATAGGATGAGGCACGGGAGGACAGGATGGAACGCGGGCAACGCTCGGAAGAGCGAGCACGACTGGCGACCTTCA
CP001275.1_gap32	1341003	1342375	1372	CACTCGTCGGACGCAGCGAGCCGCTCCAGATAGTCCTCCCGAACCGGATGAAAGATATCGTAAAAGACGACCGCTTCGAGCGCCTCTGCCTCGTGTTCCATACCCGAAGGAATATGGATCGCCTCGAACGGCCCGAGCACCCGCTCCTCGTCACCGATGCGGAAGCGCAGCCGGCCACTGATGACGAGACACATCTGTTCGTGCGGATGAGCATGCGCCGGCGTCTTCGCCCCGGCTGGTGCCTCCACGCGGACGAGCATGAGCTGATCGCCGGCGAACGGCCGCAAGGTGAATGGGCCGAACGGCATGACGGGAAGCGAACGCGTATCGACCGCCTGGCCCATCATCGCCCCCGTGAGCAGTTCCTCAGCTTCACTGGCCCTGCGCTGTGAAGCGCGCGCGGAGTCGGCGCGCGGCTTCGACCATGTTGCTGAGCGATGGCCAAACCTCCTCCGGACGCCGGGTCTTGAGTCCGCAGTCCGGATTGACCCACAGCTGCTCCGGTCGCAGGAATGCGAGCGCACGCTCCAGCAGCTCGAGCATCTCCTCGACGCTCGGGATCCGCGCGGAGTGGACGTCGTAGACGCCCGGACCAATCTGCCGCGGGTAGCGGTACTCCTGGAACGCCTGCAGGAGCTCTCCCCGACTCCGACTGTTCTCGATCGAGATGACGTCCGCGTCGAGCGCGTCGATCGCCTCGATGATGTCGTTGAACTCGCTGTAGCACATGTGCGAGTGGATTTGCGTGTCGTCACGAACGCCCGAACTCGCCAGGCGGAAGGCGCGCACGGCCCACTCGAGGTACTCCGGCCAGTCTGCTCGACGCAAGGGAAGCCCCTCACGGAGCGCCGGCTCGTCGATCTGGATCATGCTGATCCCGGCAGCCTCCAGGTCACGAACCTCGTCGCGCAGCGCCAGCGCGATCTGGTACGCGACCTCGCGTCGCGGGATATCTTCCCGGACGAACGACCAGTTCAGGATCGTCACCGGACCGGTCAGCATGCCTTTGACCGGTTTCTCGGTCAGCGACTGCGCACACCGACTCACTTCAACTGTCATCGGTCGTGGTCGCGCCACATCACCGAAGATGATCGGCGGTCTGACCACGCGGCTCCCGTACGACTGCACCCAGCCATGTTCGGTCAGGACGAATCCTTCCAGTTGCTCGGCGAAGTACTCCACCATGTCGGCACGCTCGTACTCGCCGTGCACCAGGACATCCAGCCCGATCTCCTCCTGACGCCGGATGACCTCGGCGATCCGCTCGCGGATGAACCCCCAATAGTCCTCATCCGAGAGCTTGCCGGCACGCCAGCGTGCACGGGCCTGGCGGACGTCCGGCGTTTGCGGAAAGCTGCCGATCGTCGTCGTC
CP001275.1_gap33	1355754	1360573	4819	GCGATGGCTGTCCCACCGTCCGGCAGTCCCGCCACGTGCAGCGTGCCGCCGAGCAATCGAATCCACTCGCTGGCCAGTGCAGCACCGGGTAACTCCTCCCAGGCAGCGCGCCCAGCCCAATGAGCATCGTCAGCGACGACGAGCACGATCGTGCCATCCGTCCGCTGTCGGAGCCGGATCACCAGCTTGCGCACACCGAGCGGCAGCCGTGTCCGCTCCACCAAAAGCCGAACCAGTCCGAAGAGCGATTCCTCGACGTGCCGGTCAGGACGCTGCCACAACTCCCCCAAGAAGTCCACGTCCAGGGCATGCGCGCGCTGCAATTGTGCGGCATAGTCCCGCAGGGCAGCCGCGAGCCCGAGATGCTCCAGCGAAGCGGGGCGCTGGCGAAAAATGGCATCCCGCAGTGCTGCGATGTGGCTAGCTAGGATATCGCGCACCTGTTCCAGTTCGAGGAGCGTCTGCTCCACCGGCTGCTGGTCGACACGCCGCGTCGTCAACTCGATCCGGTACAGCGACGAGGCGAGTCCTTGCAGGACCGTCGTATGGATGGCATCGACGAGCGTCCGCCATTCCTCCGCATGCTGGACCAACGCGTCGCCCAAGGCGCGTTGACGACGCATCTCCGCGAGATCACGATCCAGACGAGTAACGAGGCCATCCGCCCGCGCCTCCAAGAGGGAAACCAGGTCGGTGACGAGCCGTTCCGCTTCCGCTGTGGCCTGTTCCTCATGCGTCACGATGACCAGGCTACCACGCACTGTCCCCAGCGGGGCAGTCACGACCCAGGCCTGCTCCAGTTCGAGCGGTACCACCGCTTGCCACGTCGCCCAACGATCTGGGCCGAACACGGCTACCGGGCGCTGGGACAGAGCCAGTTGGGCCGGGGAGCGTTCCCGATCCGTCTCGACGAGCACGCGCGGTTCCTCCTGGACAACCCAGAACCAGACGAAACGCTCGTCCCCCTCCAAAAGAACACCTGCCGCGACGACCCCGGAGACGCTCTGCGCACGGCGCCAGAGCGCCTCAGCGATGACGGTCGGTCCACTGGTACGCAACAAAGCATCGAGGAGAAGCTCGCGACGCTCGATACTGGCCCGGTCAGCGATCGCTCGCTCCTCCCGCTCGACGAATCCGACGAGCGTAAGCAAGCGAGGGGCGAGTTCAGGGACGAGAACCTGGACACGCTCTTCGCCCCCTTCATCGCGATCTCGCCAAGCCAGAACGAGAACGCCGCGTGCAGCGGTACCGATGACCGGCAGTGGAAAGGCGAGAGTCTCGGCCATGACGACAGGGAAAATCAGTTCGCTGCCGGAGCCGGCCCGCCACCGCTGTGGCCGGCCTTGCTCCAACACATTCCGCACGAGCATGAGGACGCGGGAGGAAGTCAACGCGGTCGGATCGGGCATCAGTTCAGGGGCGGTCGACGTCGTGAGAAGTTCGACGCGTTCCTCAGGCAGCCAGCGGAGGAACAGAACTGCGCTCGCTCGAACGCGCCAGCGCAGCGCCTCCACAATCCGCGCCAGTACCTCGCGCGCGCTCCCTGGTAACGCCAGCGCCTGGTGGACCAGCTCCGCTGCCTGGTCGGAAGGCAGCGGCTCGCCCACCGTCGCGACTCTCCCCACCAACAAGCCGACAAGCTCAGCCAGGACGACGGCCCGTGAGCGATCCTCGGCCGAAAACGGCTCTGGCCTGGTGCGTGCCACGTCGAGCCGCCCCACCGTCGTTCCCCCGGCATGAAGCGGTGCGACCAGAACGTGCTGCACACCAGACCGCCGCAAGGCCACCCTCTCCTCTGCGGTCAAGAAACTCTCTGCAAGCGGACCATCCAGCGGACCGACAGCCAGCATCCCAGGAGCGAGCCGGTCGAATCCGGTCGGTATCGGCCGCGGGGAAGAAGGCGCTTCCTGACCATCGCCCGCCTGTGCCTGCAGTACCAGCTCGCTCCGCGCCGTCATGCGCCAGATCCGGACGATCTGCGCTGACAGTACCTGGCAGCTAATCCTCGCCACCTCGGTCCAGTCCAGCTGCTCGGGGCCAGCACGCACTCCCAGATCGAGCAACCACTCGACCCAAAACGGGACCGCGCTACCCCCGACGCCTGGTCCTTCCGAGTGGCTGCGCGCTTGTCCGCGGCTCAGCCAACGCAAGCGATGCTCAGTCATGCCGGGCCCTTCGCGTGCAGTTCATCCACTGCACTCACCGAAACGATCGACAGTGTCCCAACGCCGAGCGAGTATCATCGGTACCGATCTGCCCGGGAGGCTGGTCCTCAGGCGGCCGTAGCCCCAGTATCGGAGCGACGAGAGCGGTAGAACGAGCGTGCTCGGGCTGACATTTCTCGGAACAGGAACCTCCAACGGAATACCCGTCATCGGATGCCGTTGCCGGACCTGCACCTCGGTCGATCCACGCGATCGACGAACGCGTTCGTCGGCCGTGCTGCACCTCGGGGAACACAACGTGCTGATCGATACTGCTCCGGAGCTTCGTCTCCAGGCGATCGCAACCGGCCTGAGTCATATCGAGGCTGTGCTCTTCACACATGCACACGCTGACCATATCGCCGGGTTCGATGATCTGCGCCAGTTCAACTACCTGGCACAAGCACCGCTACCCATCTACGCGGATCCGGAAACAGCTCGCGAACTGCGCGTTCGCTACAGCTACGCGTTCAGCGAGCCCTTGCCGTTCTACGGTGGGAAACCAGATCTTCGCTTGCACGAGTTCGATGGTCCTTTCCATCTCTTCGGGTACGAGATCGTCCCCATCCCAGTCGACCACGGTCGGTGGACGGTGTACGGGTTCCGTTGCGGCCCGATCGCCTACGTGACCGATGCGAAAACCGTCCCTGCTCGCTCCATCGAGTTGCTGCGTGGCGTCAACGTTCTGGTTCTCAACGCCCTCCGCGACCGACCCCACCCGACGCACTTGAGCCTGGCAGAAGCTCTGACCATTATCGAGCAAGTTTGCCCGGAACGGGCATACCTGACCCACGTCAGTCATGAGGTGATGCATGCCGACTGGAGCGCAAAGCTTCCACCCGGTGTGCAACTGGCGTACGATGGGCTCCAGATTTGGGTATGAGGAGGAAGTGAGTCCAGTGTCACGCTGGTCCACGATCGTCTCGATCATCTGCGTCCTGACTGCCCTCCTGTGGCTGCCGAGTCACCGGCTGGTTCGCGCTGAACCAGGTTTTGCGGATCCAGTCTTCGCGGCTCGCTGGGAACGCGTGGACCGCCCGGTTGCGGCCGGACTGACCCAGCGCTCCTGGGTCTGGGGACCTGCTCCCCTCACCGGCCCCTTGCGCGAACGGTACCAGGAGGCGCCCGAGCGCGCTCGTCTCGTCCAGTACTTCGACAAGGGTCGCATGGAGCTGACACATCCCGATGGTGATCCGACATCACCGTGGTACGTGACGAGTGGGCTGCTGACGCGTGAGCTCGTCAGTGGGTCGATCCAGGTCGGTGACCAGCTCTTCCTGGACGCGGGGAGTGGAGCGCATGTGGCGATCGCCGGGGATCCGGACAACCCGTTTCCCACCTATGCGGATCTGGCCAGCGTGATCGATCGTTCGCAACCCGATCGAACTGGGGAACACGCGACCGCCTCACTCACTCCTCAGGGATGGCAGGAGTATCAGACAGCAGCGAGCGACCGGGGGGCAGAGTTCGTCCACTACGTCACGTACAGCGGACCGGTCGGCGAGCCGGTCGGGTACAACGTCCCACGCGCTTTTTGGGAATTCATGACGCAAGGTGGGCTCGTGTGGCAAGATGGTGGCCTGGTTGCAGAACGCCCCCTTTTCGATTGGCTGTTCGTCCTCGGTTATCCCATCGCCGACCCCTTCTGGGTCCAGGTACGGCTGCGCGGCGAACCGACCTGGGTTCTCGTCCAGCCGTTCGAGCGACGCATCCTCACGTATACGCCGAGCAATCCACCAGGTTGGCAAGTCGAGATGGGGAACATCGGTTCGCACTACCTCCAGTGGCGGTACGGTGCGACTCCACCCGTTGCAGTCGCGTCAAGCGCCGGGTACTTCGGCATGCTCCCAGGTACGCGGTCCGTCTTCGCAACCAGTAGTCGCAGCGACGAAACGTGGCAGGTGACCGGCCCGAATACCAGCTTCGTCGCGGGAGCGCAACTCGTCGCTCGCGAGGAACTGCGCGGCTCGAGTCGCTGGATCACCTACTGGAGAGTGACCGAGACAGGGATCGCGCTGACCGGCTGGGAGCGATTCACGCGAGCGGGAACATTCATCGAAATGGTTCTCTTTTGGCCAGCCTTGCACGTCATCGGTGCGGGTGACCTGGTGGAGGGGACCGTGCGCGAAACCACTGCCCTCTATCTCTCGACGCGTGTCAGCGCCCATCCGATTACCCTGCGTGTCCAGGTCGATGAGCAAACACTGGTCGGCACGCCCTATGGGGTGGTTCCAGCCTGGCGACTTTCGCTCCAGACGAGCGATCCCCCGACCTTGGTCCCTGTCTACCTCGTGAGCACGGTGTGGTTCAGCCCCAACTTGGGCATCGTTCAGTGGACCAGCGATCGTTATGCAGCGCAGCTTCGCGAGTTCTCTGCACCCTCCTGAACACATGGAACCGCAGGGGACGAGCGCACGTTAGACTGTATGAGGAGGCCCGGGTTCGCCGGGAGCTGACTCCAGGGTAGGGAAGGGGTCATCGATGCCTCGTCGCCTGGCGTGGTTCATCGGGATGGTGCTCGTCTGCTCGCTCGTTTCGCCCATCCTCTTGCCGGTTCGTCATGCACACGCCATTGGATGGCAAGGTCTCATCCTTTATTTTCCGCAGACGGGTCA
CP001275.1_gap34	1454295	1455393	1098	AGTCCAGCGAGTGACACCGGGCGCAGCTGACGTGGAACGACAGACGGGGCAAGGCAATCGTCTCTCGTGGGCACTGCGAACAGCGATGCAAGAAGACAAGGACTCTTCCGATCGGCGCAGGAGAACGCACCGCAACCGTCGATCATGCCGATTGCAGTGCTGCAGTGTGCACGCAACCGACAGTCAACTCAGAACTTCCCAGTCCTCGCTCACGTCTCGATACGAGACACCCGCCGGGAATCACTCTCCTGAAAGGAGGTTTTCGCCCATTGACCGACGCGATCAGGTATCGTGGCCAACTCGCGCGACGTCCGCCAACCCGGTCAGATTCAGTCCGATTCGCTCGAGGCACAATAGCGGTCTCTGCGTACACCGGGTAACGGAACGCGCTACTACCTCTCTCTGTGGCGCACGCTGATGCAGGGCGCCCGTGAAATTTCCCTACGGGCGCCCTGACGAGTGAGTTCACGAGATTTCCGGTACTCGATTGAAGACCACGAGCCGCAATTCTGTCATATCTTCGATCGCGTAGCGGAGCCCCTCGCGGCTGAGCCCCGAGTCCTTGACACCACCGTACGGCATGTGGTCGATCCGGAAGGTCGGGATGTCGTTGATGATCACCCCGCCGACTTCCAGCACTTCGAAGGCTCGGAGTGCATGCTCCAGACTGCTGGTGAACACGCCTGCCTGCAAGCCATAGGCCGAGTCGTTCACTTCGGCGAGCGCCTGCTCGAAGTCGTCGAACGGGAAAAGAACGACCAGCGGCGCGAACGCCTCGCGGCTGCAGACCGGGTGCCACTTCGGCGCATCGACGAGCACCGTCGGCTGGAAGAAGCGCCCCTCGGCTTTGCCGCCGACGAGCACCTTAGCCCCCTCAGCGACTGCCGACTCGACCCAATCTTGCGTGCGGCGTGCCGCCTTGTCGTCGATCATCGGGCCGAGATCGGTCGCTTCGTCGAGCGGATCGCCCATTTTGATTTTCTTGACGTCCTCGACGAACCGCTCGACGAACTCGTCCCACCGGGCGCGATGGACGAACACGCGCTGTACCGAGATGCAAACCTGTCCGGCGTAGGCGAAAGCACCAGTGCGGATACG
CP001275.1_gap35	1579237	1580600	1363	GGGCGCGGCAACCCGCGGCACTCACCGGCACGCGGTGACTGCAATGGCACACCGCACGAACGGCGACGGGATGGTCGGCCGGCCCTGCCGGGCCGGCGGGTCAGGCAGCGCCTGACCCCTACATGGCGGGGGCGGGTGCGCCGACCGGTGGCGGACACGCGCCGCACCGGCGATGTGCCGGTCTACCCTCTCGGGGCCACCGGCGCCTCGCCCGGCCGGCTGCACGCCGGGCGCCCTGCGCTGATCGCGACGACGCGGTTGGGTGCGCCGGCCACCCGCGCCGTCGTCTACACTGGTGGCGGGGGGAACCGCGCGGTGGGCAGCCCACTGGCCGACCTGATCCAGCGCGAGATCGCCGAGCGCGGGCCGATCACCTTCGCCCGCTTCATGGAGCTCGCCCTCTACCATCCCCAGCACGGCTACTACATGACCAGCGTCCGCGCCGGGCGCGCCGGCGACTTTCTCACCGCCCCGGAGACGCATCCGATCTTCGGCTGGGTGATCGCCCGGCAGGTCGCCGAGTGCTGGGACCTGCTCGATCGGCCAGAGCCGTTCCACTTGGTCGAGTACGGCCCGGGGAGCGGAACGCTCGTGCTGGCGATCCTGCGCTACCTGTCCCAGAACGAGCCGCATCTCCTCGAGCGGCTGCGCTACTGCCCGATCGAGCCGAGTGCTCCGGCGCGCGCCGAGCTCCTCCGCCGCCTCGGGACGGCCGGCTGGGCGCACCTCGTGACCGACGCGCCGCCCGCGGCAGCGAGCGGGCTGGTCCTGGCCAACGAGGTGGTCGATGCCCTCCCGGTGCACCGGGTGCGGCAGGAGGGTGGCGAGCTGCGCGAACTCTTCGTCGGCTGGGACGGCCAGCGCTTCGTCGCCGTGCCCGGTCCGCTCTCGACGCCCGAGCTGGCCGACTGGCTGGCGCGGCTCGGCGTCCAGCCGGTCGAGGGGCAGGAGACCGAGGTCTGCCTGGCCATGCTGGGCTGGCTGGACGAGGTGGCGCGGCGGCTGGAGCGCGGGTACCTCCTGGTGCTCGATTACGGCGCGCCGGCACCGGAGCGCGCCGATCCGACCCGCTTCCCCCGCGGGACGATCCGGACCTACGCGGCGCACGCCCGCGGGAGCGACCCGCTCGCCGACCCGGGCGAGCGCGACATCACCGCTCACGTCGATTTCACGATGCTCAGCCTGGCCGCCGCCGAGCGCGGCCTGGTCCCGCTCGCGCTCACCACACAGGCCGAGTTCCTGGCCCAGGCCGGACTGGGCGAGCTGCTGGTGGCGCTCCAGGCCGAGCCGGGGATGACCGCCGCGCAGTACCTGGCCGCCCGCGCTGCCGCCCTGCACCTGCTCGACCCGGGCGGGATGGGAG
CP001275.1_gap36	1718960	1723161	4201	GCTCGTGCCAACGCGAGTTCCCCCTCGGAGACACAGTCCACGCCGAGCCCCTCGCTCGCCAGCAAGCGGAGCAGCCCCACCGCAGCAAAGGCTTTGGCCGCATAGACGAGAGCAGTCTCCCCTGGATAGCTCTCCAGGCCGTGCCGGTACGCCGCGATGGCAGCGCGGATCGTCGCGACATCGTACAGGTAGAGCGGGGTGCCGTACTGCTCCGCGAGTCGGGGCAGCGGAACACCCCCGGTCCACAGCTGGCCAGACTCGTCACGCCGCGCCGTTTCCGGCAAGATATGCGCTCGTTCGGCCACGAAACCGCACATGTCCAACCTTTCGGGCCACAGTGGGCACGGCGGTGAGTATAGTTGCCATTTTGGAAGCGCGCCAAGGTTTTCGGCGCCAGCAGATGGGAAAGACGCGATCGATGCCTGAGACCATTTTGACCGTCGAGGGAGCGAGCAAGCGCTACGGAACGCAGGAGATATTCCGAGACCTCCGCTTCCAACTCCTCGAACGCGAGCGGGTCGGACTCGTCGGCCCCAATGGGGCTGGCAAGAGCACCCTCTTGCGGATCATCGCAGGGCTCGAGCGACCGGACAGCGGACGGGTCATCGCTCGCCGCGGGCTCCGTATCGGCTACGTTCCTCAGGAACCGGATCTTCCGCGTGGCCACACGGTGCTGGAAGCAGCGCTCGACGCCCTGGCTCACGTGCGAGCGCTCGGCGATGAACTCGTTGCCCTCACCGAAGCGATCGCTTCGAGTCGCGACGAGGAAGAACATGCCCAACTCCTCGCCCGCTACGAGGCAGTGAGCACTCGTTTCGAGGCGGCTGGCGGCTGGGAACTGGACGTCCGGGCTCGTACCGTGCTAGCCGGACTCGGGTTCGCGGAGTCCCAGTTCGCCTGGCCGGTCGAGCACCTCAGTGGTGGTCAGCGGACCCGCCTCGCGCTCGCGCGAGCGCTTTTGAGCGATCCCGATCTGCTTCTCCTCGACGAGCCGACCAATCATCTCGATCTCCCGGCCTTGTCCTGGCTGGAGTCCTTCCTCCAGCGCTGGCGCGGGACCGTCCTCGTCGTCGCGCACGACCGGTACTTCCTCGACCAGATCACGACGCGGACACTCGAGCTCAGCTTCGGTCGGATCGAAGAATATCCGGGCAATTATTCCAGATATCTCGAACTCCGTGCCCAGCGCTTCGCGGAGCGGCTGGCCGCGTACGAACAGCAACAGGAGTACATCCGCAAGGAGGAAGCGTTCATCCAGCGCTACCGAGCCGGTCAACGGGCTCGCGAGGCTCGTGGCCGCGCAACGAAACTAGCACGACTCGAGCGACTGGAGCCCCCGCGCGAAATGGAGCGACTCCAGCTCGCGCTCGTTCAGGGCGGGACGAGCAGCCGGACAGTCCTGACGACGACACCACTGGTGATCGGTTATCCCGGCACGGTGCTCCTGCGGACGCCGGAACTCGTCATTCAGCGCGGCGAGCGGATCGCGATCGTCGGCCCCAACGGCGCCGGGAAGACGACACTCCTCCGCACGCTCGCCGGAGAACTCGCTCCTCTGTCCGGTTCGCTCCGTTACGGCACCGGTGTCAAGCTCGCCTTTCTCCCACAGGAACCGCGCCTGGACGAGCGGCGTACCGTCCTCGAGACGTTGCTTCGCCAGCATGCAGCGAGCGAAGAGGAGGCGCGCCGTCTGGCCGCGCACTTTCTCTTCCACGACGACGAGGTCTTCAAGCCGGTCAGCGCCCTGAGCGGTGGGGAGCGGCGTCGCCTCGCCCTGGCGCTCCTCACGCTGGAGCGCCCCAACCTTCTATTCCTCGACGAGCCGACCAATCATCTCGACCTTCCCAGCCGCGAAGCCCTCGAAGCCGTCCTCGGGGAATTCGCCGGCACCCTGCTCTTCGTTTCCCATGACCGGTACTTCATCGATCGGCTCGCGACCATGCTCTGGGTGATCGAAGGAGCAGAGCTTCGCGTCTGGTTCGGGGGCTACAGCGAGTATCAGCGTACGCATCACGCGACCGCGATAGCTCAGCCGCCGCGTCTTTCTTCCCCTGAACAGCCACTCGCGCCAGAGCCTGGACGCCCGCGCCGCTCACGCTCGCCACGACAGATCGAGCGAGAAGTGGCACAGGTCGAACGCACGATCGAGCAACTGGAGGCACGCGTGCGCCAGATCGCTGACGAACTGGATGAAGCCACGGCTCGCCACGATGTCGAAACGATCGCTGAGTTGGGGGCGACCTACGATGCGCTGACGCGCGAACTCGAGCAGGCCTATGCGCGCTGGGAGCACCTCCAGGAGGAACTCGCTGTCGCGCGGGTCGGAGAACTCTGAGATGGCGCGACGCCCTTACGTGATCGGCCTGACCGGCAATATCGCCTGTGGCAAGACGCTCGTCCTCAGGGAATTGGCCGCGCTAGGTGCGGAAACGATCGACGCGGACGAGGTTGCCCGCACTCTCGTTCAACCGGGAAGCCCTGTTCTCGCAAAAATCGTCGAGGCTTTTGGCCCGTCCATCCTCCTCCCCGACGGTTCACTCGATCGGCGCGCGCTCGGCGCGATCGTTTTTCGCGACCCCGTGGCACTCCGTCGCCTCGAGGAGATCACGCACCCCGTCATCGTCGCCGAGATCCGACGCCGTATCGCTGAGACCGAGCGTCCGGTCGTCGTCATCGATGCGATCAAGCTCTTCGAGTCGAGTCTCGCTCGGGACTGCGACGAGGTCTGGGTCGTCACCTGCACACCGGAGCAACAACTCACCCGGCTGATGAGTCGCAACGGCCTCAGCGAGGAAGAAGCGCTGGTCAGGATCCGAGCCCAACCACCCCAGGAGGAAAAGATCGCTCGCGCCGATCGCGTGATCGACAATAGCGGGACGATCGACGAGACGCGTCGTCAGGTGCGGAAACTCTGGCAGGAAGTTCTGCGCAAACTCGGGTACCCTCAACCGAGCTCACTTGCCGATCGCGATGTCTCCCCCTACACTGCCGGTGAGCGGACCGACCAGACCGAAAGGAGAGACGATCGCGATGGGACGGCGGAAACCGAGCCTGACGCCGGAGGAAGCCCGCGCCCTGCACCATGAAGCGCTCGTCATCGACTCGCAACAGCCGCCGATCACGAGCGGTGCGCTCTTCACCCCCCGCATGCAGCAACTCGTCAGCGAATACGCGCGGCTCGGTCGCACGCGTGCCGAAATCCAGCCGCTGCTCGAAGCGATGATCGTTCGCGAACTCCGCGATTCGGCAGAGGCACGCGAGTCGTACCTGAACCTCTGGCGACGAGCTGGCGTCACGGTCGCCTGCGGCACGTTCTCCGGCCCTGGACCGATCAGTCAGGCCTTCGAGCAAGCCGTCCGGCGTATCGCGAACGCCCACGCAATCGTCGACCTCCTCACGGACCATCTCGTGCTCGTCCGCGAAGCCGCGGATATCGAGCGGGCGCACCGCGAAGGCAAGCACGGGATCGTGATCGATTTCCAAGACACACTCGCGTTCGGCGACGATCTCGATCGCATCGAGTTGTTCCATAACCTGGGTCTGCGCATGGTCCAGCTGACGTACAACCTCCAGAACCTGGTCGGTGACGGCTGCACCGAGCGTTATCAGGGCGGACTGACGACCTTCGGCCTCGAGGTCGTCCGCCGGCTGAACGACCTCCGGATTCTCGTCGATATCAGTCACTGTAGCGAGCAGGTGGGGTGGGACGCTCTCGCCGTCTCCACGGCACCCGTCGTCGTGTCCCACTCCGCAGCCAAGGCGTTGTCCGGCCACCCTCGTGCCAAATCGGACGAACTCGCCCGTGCTGTCGCCGAGCGCGGGGGATACTTCGGCGTCGTCGTCGTACCGGGCTTTCTCAGCGCGCATCCCCACGTCACGTTGGAGAACTTCGTGCGGCATGTCGAGCACATGGTCGATGTCTGTGGTATCGATCAGGTCGGTATCGGAACGGACAAGATGGGACCACCGAGTTCCCGGACTGGATCGCTCATCGAGTACCCGCCCGAAATGCCAGCGACATTACCAGGAAGCTTCGACTGGACAGGTTTCCGACTCGAGGAGCACCGCTTGACTCCCGACTATCAGATCGAGGGCTACGAAACATTCGCCGATTGGCCGAACCTGACCGTCGCGCTCGCCCAAGCGGGCTTCACCGAAGAGGAACTCCGCAAGCTGCTCGGGCTCAACTTCTTGCGCGTTT
CP001275.1_gap37	1847727	1850931	3204	AGGGCATGCGTTCCTCGGTAACCAGGTCAGGGCGGAGCCCGTCGAGTACCACGATCAGGACACGGCTAGTCGCCACTGCTGTAGTCCTCTCCCTCAACCGGCCAACAAAAGGTTATCGGGCCGCAGATCCATATAGTAAAAGCTGTAAGGGGTCCACTTGACGAAATCGCGCATGGCATAGTGCTCGATCGGGATCCAGAGGACGGTTCCGGGTGCCTCCTCCTCCCAAATGTCGAGCGCATCCTGAAAAGCCCGTGCCCTGAACTGCTGATCGAGCGTCTGCCGTTGTTGCTCGCCGAGCTCGTTGAAGCGCGGATTCTCCGGCTTCCACCAGTCACGCTGGGTCGCCGTCCCCGGACCCCAGCGCAACCAGAAGGCTCCCTCCGGATCGGCCAAGTAGTTGGAGTTCGACCAAGACCCAACCATCCGCTCTTCCTTGGGGAGATCGGCCCAGTCGATCAGCTGGACTTCAGCGTTCACGCCGATCTGGCGCCACATCTCGACGATTGCCTGGGCTGCTTCATTGCCGAGCGTATAGTAGCCCGGTTTGTTGTTGTAGCGAATCGTGCTGCCGTCGTAGCCGGACTGACGGACGAGTTGGCGAGCGCGGTCTGGATCATAGGGCGTGTAGGGGCGTTGGGGGTTGTAAAGTGGTCCGTAATCCTCGAACTGATGGCTGCGCATGCGGACTGCCTGGTCATTCCACAGTGTCTTGATCAAGAGTTCGCGGTCGATGCCGAGATTGAGTGCCTGACGCAGTCGCTTGTCCTTCAAGAGTGGGTGATTGCAGTTGTAGCGCAGCACATGACAGTTGGCGAGCGGAATGCTGCGGATGACGATTCCTTGGCTCCGCTGGAGCACCGGTACCTGGTCCGGCGGCACGTTGGTGATGAGGTCGACCTCCCCGGACAAGAGCGCGGCGACTCGGGCCTGGATCTCGGGAATGACTTGGAAGACGATCCGGGAGGCCGTCGGGCGTCCACCGAAGTACGTCTCGTGGGGCTCGAGCACGAGCCGCTCGTCGGTCACGAACTCCGCCACACGATATGGCCCGGTGCCGATCGGCGCGCGAGCGAAGCCATCCATGCCGACTCGCTCATAGTACGCCTTGGGAATCAGCCAGCCGCCCCACGAGGAGATCCGCTTTTCGAAAACAGGGTCGGGGCTTTGGGTCACGAAGCGGACTCGATTCCTGTCCAGCGCACTGATCTCTGCGACTGTTTTGAAGTAGCTGGCAGCCTCCCGCAACTGATCCGGCGTATTCTTCAACAACCGCTCGAAGGTGAAGACCACATCCTCGGCAGTCAGCATGCTTCCGTCGTGGAACGTCACGTCGTCGCGCAAGGTGAACTCGACGGTCAGATCATCGATCCGCTTCCACTCCTTGGCGACCCAGGGTACGAGCGCGAAGCCAGCCCCTGGCTGCGGACCGCTCAGGAAGTCGCGCCGGATCAGGTAGTCGAAGATCGAATACGTCACGCGCGTGCCGACGTTCGAGAGCTGTTGGTGTGGATCGAGGTTCGGTGGCAGTCCTTGCACGCCGATCCGCAACTCGCGGCGCGGCACCGCTGTCGCGGTGGCGACCGAAGCCGGTGCTGCGGTCGGAGAGGGCATGCTGGTCGGCTGCGCCGCTGCTTGGCCTGCGCTGGCAGGCGTCGTTGCAGGAGTCGCGGTCGGCGTGCTCTCGCTCGTGTTGCAGGCGAGGAGCAAAGCACCCGGTAAAACGGTCAAACCTGCCACGATCTGTCGCCTCGTGAAGCAGCAGCGGGCGTTGTGGGTGGGTCGGTTGACCATCGGACTACTCCTTCCTTCGCTGACTCTTCTCTGCTGGCAGCGCATGACCGGTTCAGGACGACTGGTTGAAGAACTGCTCTTTGTTCGCTGCTTGGCCTCCTTTCGCCGTACCCGGGGTCAACGTCCCCTCGTCGTAGGATCAGTTACGTCGCGCAGCCAGTCGCCGAGTTCGTTGAACGAGAGGGTGATCGCCAGAAGGACAGCACCGGGGAAGACGGGGAGCCACCACGCGATCTGCAGGTAATTGCGGGCATCGCCCAGAATATTGCCGAGACTGGGTGTCGGTGGCTGCACGCCGATCCCGAGGAAACTCAGGGACGATTCCAACAAGACGAGACTGGTCAGGTGCAGCGTCATCAAGACGAGGAGCGGTGCGACTTCGTTCGGCAAAATGTGGCGCGCGAGAATGCGGGCGGGGCTCGCTCCAGCAGCTTGCGCAGCGACCACGAAGAGTTCGTTCCTGAGCCGGAGCGTATTGGCGCGTGCAATGCGCGCGTACTGCTCCCACCCGCTCAGTCCGAGCAAAATGATGAGGACAGTCAAACCGGTGCCAAAGAGCGTCAAAGCGATCAACGCTAGGACGATGAACGGCACAGCCAGCTGCACGTCGATCGACAGGCTGATCACGTGGTCGGGTAACCCACGCCGATACCCGGCGATGATCCCGAGGCTCGTCCCCACGACGGCGCTGATGATGACCCCCACCAAAGCCAAGGACAAGGAGACACGCGTTCCAGCGAGAATCCGGCTGGCCAGGTCGCGGCCCAGTTGGTCAGTTCCCAGAGGATGTGCCAACGTGCCACCGAATCCGACGGGTGGCTGCAGACGAGCCAGCAAGTCCTGGGTCGAGGGATCGGGAAGCGGCAAGAGCGGGACAGCCAACGCGGCAACGCTGATCCCGACGAGCCACACGACCGCCAGCAGCGAGGTCAGCGGCCAGTCGGGCCGCGCACGGGTACGGCGGGGTACGACGGGAAGTCCTGCTCGAGAACCGGACCGTCGGAGAGGAGTCGAAACGACCATCGCTCATGCCTCCAGCCGCACGCGAGGATCGAGCCAGCCGTACAGGATGTCGGTCAGGAGGTTGACCAACACCACCGAGGCCACGATAAGCAGAACGCCGTACTGGACGACCGGGAAGTCGCGCAGTTCGGCGGCTCGAGCCAAGAGTTGGCCCATCCCGGGCCAAGAAAAGACGGTCTCGGTCACGACCGCTCCCGCGATCGCCACTGCCACCTGCAAGCTGATGACCGTTACCAGGGTCAGCGCAGCATTGCGCCCCATGTGGTCGATCAGCACGGTCCGCCAGGGCAAGCCCTTGGCATGGGCAGTGCGAACGTAATCGGCCCGCAGGACTTCGAGCAGAGCCGAGCGCGTGAAGCGCGTCAGGCTCGCGACGCTGAAGCTGCT
CP001275.1_gap38	1938917	1940196	1279	GCGGCTGTTCCGGCCAGCACGGCTGGGACCAGCGCCAGGAAGTGCCCACCGAGCGGGCTGGCCGCGAGCAGATCGAGCGCCAGCCCCCCCATCGCTGCCCAAAGGAATCCAGCGCGCATCCCTTCCAGGGCGCTGGCGACCAGGACGACTCCCAGAACGAGATCAGGGAACAAGCCGAACGGCGTGACGCGCGGCAGGACGAGCACCTCCAGCGCAGCTGCCCCGAAGAGGAAGATCGTGATCATGATCTGCTGCACTGCGCTCCACCCCTGCGCCGGTCTCGCGCCAATCGTACCACGCCTGCCTCAGGCTCCCGGTGGGCGAGCCGTCTGGAGGACGCGGATCTGCGCCTCGGCTCCCGGCATGCCGCTGTGCTCCAGTGCCTGGATCGTCCGCTCGACCGGATAGGGAACGCGCTGAAAGCGGGCGCTCCAGCTCGTCCCGTTCCACTCCAGGAGCGCGTAGGCGGCGCGCTGGTCGCCATCGAAGGGCAGGCCGACACTGCCCACCGCGACGACCAACCGGCTACCGATCTGCCAACGGGCTTGCTGGTGGATGTGCCCGTAGGCGAGCGCTGCTCCACCGCTCTCGTCGAGCAGCGCGCGCAGTCGCTCGGACGGGGCATCGGGCGGGACCACAGGATGCGGGCTGGACGGTGTGGCATGGACGATGACCAGCGCCGCGCCGGTCGGTGCGGGGACGACGAAGCGGAGCGGCAACGAGGCGAGATAATCGATCTGCTCGCTGCGTAGTCGCTCGACGCACCAGGCATACCGAGCAGCGAGGGTGGAACTGGCCAGATGGTCGAGGCGGGGGTCCTCCACCGGCGTGGCGGGCGGACGGCCGGTCGCGACCGCGACCAGGAACTCGTCGGTGTTGCCGCGGACGGCTGGGATTCCGCGCTGGCGGAGGAAATCGATGCATTCGGCTGGCCAGGGGCCGCCGAAGGCCGCATCACCGGCCATCACCACGAGATCGGGCGAGTCCTGTTCGATGGCCTCGAGGACTGCCTCGAGCGCTGGCAGGTTCCCGTGCGTATCGGACAGAACGGCGACGCGCATACCTCACCCTCCTCGCTGCGTTGCTCATCCCGTACGATCCTACTGCGCCCAGTGCTGGCAACGGGCAGAATAGATCGGGGAAGGGAAGGAGCGCACCCGAGAGAGGGGCTCGCGTATGGAATCAGCCCAGCGGATGCCCGCGGAAGGGCGGCAGCGCGTCGCGATCGCTCGCGTCGTTCCGGAACTGGACTGCGGGCGCTTTCCGGTCAAGCGGATCG
CP001275.1_gap39	1941623	1945799	4176	ACGCCGCTGGCCCCGGGGAGCGAGGAGTACCTGAACTCGGAGAAGTACGAGATCCGGCATTGGCAGCTCGATTCGCCTCACTCCATCGCGCCGGTCATCGCCCGCGTTAACCGGATCCGGCGCGAGAACCCCGCACTCCAGCAGGACTGGACGCTGCGTTTTCATCCGGTGGACAACGACGAGCTGATCGCCTATTCCAAGACGAGCCCCGATCGGCAAAACGTCATCGTCACGGTCGTCAATCTCGACCCGCACCATCGTCATGGTGGTTGGGTCACGCTCGACCTGGCGGCGCTCGGTCTGGAGGCCGATACACCGTACCAGCTGCATGACTTGCTGACCGGCGAGCGGTACATCTGGCATGGTGCCCGCAACTACGTCGAGCTCGATCCGCACGTCATGCCGGCGCATATTTTTGTCGTCCGTCGGCGCGTGCGCTCGGAACAGGACTTCGAGTACTACCAATGAGGTGCGTCCATGGCTGTCCGGCTGACTGAACGTCGTCGCCCTGCACCCGTGACCCAACTCGCCGACGATCCGCTCTGGTACAAGGACGCGATCATCTACGAACTGCACGTCCGCGCCTTCTTCGACAGCAACGGTGATGGAATCGGCGATTTTCCTGGGCTCACGCAGAAACTCGACTATCTCGAAGATCTGGGAATCACGGCAGTCTGGTTGCTTCCCTTCTATCCGTCCCCGCTCCGCGACGATGGCTACGATATCGCGGACTATACCGACGTCCACCCGTCCTACGGAACCTTGCGCGACGTCAAGGAGTTCATCCGGGAGGCGCATCGGCGAGGCATCCGGGTCATCACCGAGCTGGTGCTGAACCACACCTCGGACCAGCACCCCTGGTTCCAGCGCGCGCGTCGTGCCGCGCCGGGTTCGGTCTGGCGTAACTTCTACGTCTGGAGCGATACGCCGGAGAAATACAAGGAAGCTCGCATCATCTTCAAGGATTTCGAAACCTCCAACTGGGCATGGGATCCGGTCGCCAAGGCCTATTACTGGCACCGCTTCTACGCGCATCAGCCGGACCTCAACTACGACAATCCGGCGGTCCGACGCGCGATCCTGCGCGTCGTCGATTTCTGGATGCGGCTCGGCGTGGACGGCATGCGGCTGGATGCTGTCCCCTATCTCTACGAGCGCGAGGGGACGAACTGCGAGAATCTACCGGAAACCCACCAGTTCCTGAAGGAACTCCGGCGCTACATCGACGAGCGTTACCCGAACCGGATGCTGCTGGCCGAGGCGAACCAGTGGCCGGAGGACGCCGTCGCCTACTTCGGCAACGGTGACGAGTGTCACATGGCCTTCCATTTCCCGCTCATGCCGCGCCTCTTCATGGCGATCCGCATGGAAGATCGCTTCCCGATCGTCGACATCCTCTCTCAGACACCGCCGATTCCGGAAACAGCGCAATGGGCGCTCTTCTTGCGCAACCACGACGAGCTGACGCTCGAGATGGTGACGGACGAAGAACGCGACTATATGTATCGCGTCTATGCTCGCGACCCGGTCGCACGCATCAATCTCGGGATCCGTCGCCGCTTGGCCCCTTTGCTCGGCAACAACCGGCGACGGATCGAGCTCATGAACGGCCTGCTTTTCTCGCTCCCCGGGACGCCGGTCATCTATTACGGTGACGAGATCGGCATGGGGGACAACATCTACCTGGGCGACCGCAACGGTGTCCGTACCCCCATGCAGTGGAGCGCGGACCGCAATGCTGGTTTCTCCACCGCACCGCGCCAACGACTGTATCTCCCGGTGATCGTCGATGCCGAGTATCACTACGAAGCGGTCAACGTCGCGGCCCAGCAAGCGAACCCGCATTCGCTCCTTTGGTGGATGAAGCGCCTGATCGGGCTGCGCAAGCAGTTCAAGGCCTTCGGCCGCGGCTCCTTCGAGTTCATCCCCGTCGAGAACCGCAAGGTCCTGGCCTATGTTCGTCGGTACGAGCAGGAAACGATCCTGGTTGTCGCCAATCTCTCCCGCTTCGTCCAGTGGGCGGAATTGGACCTCTCCGCCTATCGGGGGCTGGTGCCGGTCGAGCTGTTCGGGCGCATCGAATTTCCGTTGATCGGCGACGGACCGTATCGCGTCATGCTGGGCCCGCACAGCTTCTATTGGTTCAGTCTCGAGCGACCGCGAGCTGGCGAGGAACCGGTGGAGATCACGACGAGCGAGCTTCCGCTCGTCCCGGTGCGCGAGAGCGAAGGGACCCTGGAACTGGGGAGCGGGCAGCGTGCGTTCGAGGAGATCCTGCCGCGTTACCTGCGCAAACGACGTTGGTTCGCTGGAAAGGCACGGCGGATCAAGCAGGTCCGCATCAGCGAGCAGGTCCCACTGGTGACCGGGGAGTCACCAGCGACCCTGGTTCTGGTCACGGTCGAGTACACCGAGGGGGATCCGGAGCAGTACGTCTTGCCGCTGGCGCTCGCCCGCGGTGAACGAGCCAGTGAGATCGTCGAGCGCACGCCCCATGCGGTCATCGCGCGAGCGTTGGTCGAAGGGAGCGAGGCCCTGCTCGTCGATGCCCTGGCGGAGCCGGCCTGCGTGCGGAGTCTGATCGAGCAGATCGGTCGTCGGCGCCGCTTCCGCGGCGAGCACGGCGTCATCGCGAGCCAGCCGACTGCCGCCTTCCGCCGCCTGGTTCGACCCGATGCGCCACTCCCGGAGCCGGTACTCAGTCGCGCCGAGCAGAGCAATACAACTGTCATCTTTCCGGATCGTGTGCTCTTCAAGTTGTATCGGCGGGTCGAACCGGGGCCGAATCCGGAGCTGGAGATGGAGCGCGTACTCAGCGAACGACTCGGCTTCCCACACGTGCCGCCGTTGGCCGGAAGCCTGGAGTACCAGCCAGCGCACGGTGAGCCGATGACGCTGGGGATCGTGCTCGGCTACGTGCCGAACGAAGGGGATGCCTGGCAGTACACGCTGGACGAACTGGCCGGTTTCCTCGAGCGGGCCCTGGCCTACAGCGAGGATCCTCCCTCGCTCCGGCTCGAGGTCGAGTCGCTCCTCGATCTGGCTGGCCAGACCCCACCGACGATGGTCTACGAGCTCATCGACACCTACGTGGAAGCCGTGCGCTTGCTCGGCCAGCGGACGGGGGAGCTGCACCGTGCACTGGCCAGCGTGACCGACGACCCGGCCTTCGCGCCGGAACCGTTCTCCATGCTCTACCAGCGCTCGCTCTATCAAGCGATGCGCAGCCACCTGCTGCAGACGCTCGCTTTGCTGCGCCAGCAGCTCGCGAGTCTCCCGGTTTCTACCCGCGAGCAAGCGGATGCGGTGCTCCAGCGCGAGCGCGAGATCGTGCAGGTCTACCAGAAGCTCCTCCAAAAGCTCTTGCCCGCGCAGCGGACCCGCTGTCACGGCGACTATCACCTCGGGCAGGTGCTCTATACCGGCCGGGACTTCGTCATCATCGATTTCGAGGGAGAGCCAGCGCGCCCGCTCAGCGAGCGGCGACTGAAGCGCTCGCCGTTGCTCGACGTGGCGGGGATGCTCCGCTCCTTCCACTATGCGGCCTCGGCAACGCTGCTCGAGCAGCAGCAACGTGGCTTGCTGTCCGATCTCGCTCGAGCGGAGGCCTGGCTGCGCTTCTGGTACGGCTGGGTCTCGGCGGTCTTCTTGCAAGGCTACCTGGAAGTGGTGGGCTCGACGGCACTCGTCCCGAGCGATTCCAAGGACCTGGGGACGCTGCTCGAGGCGTACCTCATGGACAAGGCGATCTACGAGATCCGCTACGAGCTCGGCCATCGCCCCGACTGGCTGGCGATCCCGCTGGGCGGTGTCCTCGAGCTGCTGCGGGCGCGGGAGGGGAGCGCATGACGACGCGCCAGGCCTTGCGCCAGCTGGCGCGCGAGGCGGGTATCCAGTTGGCGTATCGCGATCTCGCTGGACAGCGTCAGGTGGCGAGCGATGCGGCCCTGCTCGCTGTTCTGCGCGCGCTCGGTTTTCCCATCGGCACGCCGGAGGAGGCACCAGCCTTGCTCGCGGAGTGGCGGCAGGCACGGCTGGCTCGTCGGTGCGAGCCGGTCCAGGTGTGGCGAGCCGACCGCGGTACGCCGCGGCTCCAGCTCGTGCTTCCCGCGTTCCAGGAAGGGCGTTTCGAACTCGTCGTCCAGCGCGAGGATGGAGCGGTGCTGGAACTGCTAC
CP001275.1_gap40	1956753	1959923	3170	CTGCACGCCGTTGGGCTCGTAGCCGGTGATCGCGTCGGGTTGCACACCGTAGCGTGCCGCGATCGCCTCGATCGTGTCGCCCTCGCGCACCAGGTGCAGCATGCCATCGACTGGTGGAACGCGGAGCTGCAGCCCAGCCGGTAACGGTGCTCCAGGATCGAGGAGATTGTTCGCCCAGAGCAGCGTCTCGATGCTCCGGCCAGTCGCTCGCGCCACATCGTAGATCGTTTCTCCCGCTGCCGTCACATAGGTATCGAGCACGAGGACATCTGGCTTGACAGCGAGCCCGCCCGTCGCCAGATAACCGATGCGCGGATCGCTCACCGTCAGATCGGGAACGCTCGCGACCGGTTGGCCCTGCGCGCCGGGCAGGACGTCCTGGATCACCGTGATCTGGTCGGTTCCAGCTGCGACACGGATCGGCACGGGGCGTCGCCAGAATCCTCCGCCGATCGCAACTGTGGCGACGCAGACGACGACCGCGAGATGGAGGCACCAGCGTCCGATCGTGCGAGTCGTCCACCGGCGCTGGAGCCGCTGCTCCGTTCGTTTCGGTGCATGCAGGAGAGGTCGTGGCGGTTTAGGAGGGGCGACGACGGTGCCGTTCGCACTGCCCGCGAACACACCATTGCTACGAGCAGCGAGCCGCTCGTGCACTGCGTCGGTCGATTCGATCGCGGGGTACCCGTTCCGATGCCCATTCGCTGGTTCGCGCGCGGCGTCCAGCTCAGGCGTCCAGCCGAAGCGCACCTCTCGGGTGGCGGACGGCTCACGATACTCCTCGCTCGGCGGGTTGGTCGGCATCGTCCCTATCCGGCTTCCCTTCCCTCAGCGGCTCGTCGATTCGCTCGTCGTGATGCCGAACTCGCCGATTACCCGATCCTCACGCGCAGGATAACATGTCCGGTGGCATCCGTCAAATCCAGGGCGGCAATTTCGGCGGTTTTCTGCCTCACCGGAAAGTCCCGCATTCCCGCCTTCACGGATCGTTCACTGTACGGTACGATGGCAGAAGACAGTGGATGAGGGCGCTCAGTGATGGAAGAGACCCGAACCAGAACAGCGCAGGGGCTGACGACTCTGCCGACCGAAACCGTGCATGCCATCGTGAATCCGGTGGCAGGAAGCGGTCGTCCGGCTCGTGCCTGGCCGGCAGTGCGTCGTCGCCTGGAGTCGCTCGGCCTGCGCGTGGAGGAAGTGCACACGACCGAGCCGGGGGCGGGGATCGCTCTGGCTCGGCAACTGGTCGAACGTGGCGCCCGAGAACTCCTGGTCATCGGTGGCGATGGCACAGTGAACGAGGTCGTCAATGGCTGTGTGGATGCGCAGGGACAACCGATCGGCCCGGTGACGATCACCATCGTGCCGTGCGGGACGGGGCGCGATTTTCCACGGCTCTTCGGTATCGTTCGCCCGGAACAGGCGGTCGATCTCCTGCGCTACGGGCAGCGCTGCCGCGTCGATATCGGCGCGATCCGCTTTCGCGCCTGCGATGGCTCCTCCCGTCAGCGCTACTTCGTCAACATGGCGGATATCGGGCTCGGGGCGGAGACCGCGGCCTGGGTGAGCCAATCGACCAAGCAACTCGGTGGGTTCCTCGCTTATCTGGTCGGCGCGATGCGGACGATTCTCCGTCATCGACCGGCCGAACTCACGATCGAGATCGAGGGCACGACAGTGTTTCGCGGCCCAGCGCTCATGGTCGCGCTGGCCAACGGCCGCTTTCATGCCGGTGGCATGCGGATCGCACCGATGGCGTCGGTGACGGACGGGAAGCTGGAAGTCTTCGCCTTGCGTCACGTCTCGCGATTCGCCCTGCTCGGTTCCCTGCTTCCGGCGGTCTATCGAGGGACGCACCTTGGTCATCCAGCCGTCGAGCATTGGACCGCTCGTCGAGTCGCGGTGCGCAGTGTCGAGCCTGTGCGGATCGAAACGGATGGTGAGGTGGTGGGGACGACAGATATCGAGGCGTGGGTCGCCCCCAAGGCGTTGTCTCTTCGCGTGCCGCGTGGCGCCTGCGACGGTTCTGCTTGACCCCGCGATAACTCCTCTGCCACAATCGGGCGATGGGGTATGGCCCGACACGAGAACAGTCGAGGAGAACGACGCGAACGATGACGACAGAGCAAAAGATGTACAACCAGGTCGAGGCGCTCGCCGAGGCATTGCGTCTTCTTTCCGAAGAGCCGGAAAGCGGCACGTTTACCATCTATGGGGAACCGCCAACTCCGCGCCTGCGCTGGTTTGTCGAGGGTCTGCGGCAGGAACTGGAGCGGCACGGTCACATCTACCATGAGCAGCCGATTCCCGATATCCGGCTCGTGCTCAGCGTCTTCCAGCATGATCGGCCGCGCCGTTATCGCCGCAAAGCGCAGGCGACGTTCGTCGTCGGCATTACCGAGCTCCCGGAGCGTCCGGCGGACGTCCTGAGCGCTTGCTATCCCTTCCTGCTCTATGCGCTCGCGAACCTCGTGCTCATCTTGGTTCCGGGGCCGGAAGGACCAGAGGCGCATTTCGTCACCCTGGAGCGCGGTCATTACGGTATCCCCTATCAAGAAGGCGAGGACGCTCAGTTTTTCGCGACGATCTACGAGCGCTTGCATCCCCTGGCGGCATCGCATCTCGTCATCAACAACGTGTTCCGCACCGACCTCGAGCCGGAACTCTGGAACGGTGACGAGATCACGGAGCAGATCTCGCGGGCCGGGAAGCGACTGGAAGCGATGAACCTGCTCCCCGCACCGTTTCCCGTTCACGAACTCCTGAGCGAGGATGACTTGCGGCACGTCAAGCGCCTGTACGGCCTCGGCGGGCTGAGCTACGGCAACTTGAGCGCCCGCAAGGATCGGCACCGCTTCTGGATGAGTGCCAGTGGCGTGAACAAGGCGCAGCTCGAGGTCATCGGCCGGGACATCCTGCTGGTCAGCGGGTTCGATCCCACTATTCCTGCCATCGTGTTGAGCGTCCCGCCCAACGTCGAACCGCGTCGGGTTTCGGTCGATGCGATCGAGCACTGGATGATCTACCAGCAACATCCGGACATCGGTGCGATCGTCCATGTCCATGCCTGGATGGATGGTATCCGCTCGACCGAGATCAATTACCCGTGCGGGACGCTGGAGCTGGCACTGGCGGTCTCCAACGTGCTCGCCCAGGAGCCTGATCCGACG
CP001275.1_gap41	1972141	1976813	4672	TGGAAGTCAAAGACCTCACCGTATACTACCATACCCCTGCTGGTCCAGTACGTGCAGTTGAAGGAGTAACATTTTCTGTTCATCCTCAAGAATGGTTCGGGATCGTTGGGGAGTCAGGTAGTGGAAAGTCAACAGTAGCACTTGCGCTATTGCGGTTAATAAAGCCTCCTGGACGAATCGAACGTGGTCAGATCGTCTTGGATGGCAGAGATCTTCTGGCCTTCGACGAAGAGGACATGCGGAACTATCGTCTTGCGCAGATCGCTCTGGTGGCCCAAGGGGCGATGAACTCCCTCAATCCGGTGAAACGGGTGCGCGATCACTTTCTCCTCGCGTTACGGGACCATGGGGTGCAGCTTGGTGAGCAGGAGTACGACCGCATCATCGCGACGCTGCTTAAGCGGGTTGGCCTTCGCCCCGAGGTGGCGCATCTCTACCCCCACGAGCTGAGCGGTGGCATGAAGCAGCGGGTCTGCATTGCTCTGGCTATCAGTTTGGAGCCGAAGGTGCTCGTTGCTGACGAGCCGACCAGCGCGCTCGATGTGGTGGTGCAATGGCAAGTGATGGAGACGCTGCGTGCCGTCCAGCGCGAGATCGGCGCAGCGGTGATTCTGATCGGCCATGATATGGGGTTGATCGCGCAGACGGTAGATCGCATTGCGGTCATGTATGCTGGACGACTCGTCGAGGTTGGCCCGACGCGCGAGATTTTGACAGAACCTTTGCACCCCTATACGCGGGCTCTCATTGCTAGCTTGCCATCGCTCGACGGGCGTGGAGAGTTGCGCGGGATTGCCGGTCTTCCACCGTCATTGCTCAACCCGCCAGCGGGGTGCGCTTTCCATCCACGCTGCCCGGTCGCGATCGACCGGTGCCGGATGGAACGCCCGCTCCTCCGTGAGGTGCGCCCAAGGCGGTGGGTCGCGTGCCACCTGGTCGAAAACGGAGGGACGACATGAGCTTGCTCGAAGCTCGCCGTGTGCGGAAGGTCTTTGGCGGTGGACTCTGGCATCGTAGTCAGGTGGTCGCGCTCGAGGACTTCTCGATCGCCTTCGATGAGGCTTCCCCGAGTTTTATCGCGGTTGTGGGGGAGAGTGGCTCAGGGAAGACGACACTTGCTCGTCTGCTCCTCGGTCTGCTGCAGCCGACGAGCGGTGATGTCTGCTACCGAGGTACCTCTTTGCGCTTGCTGCATCGCCAAGGCCGTCGTCGCTTCCTCCAAGAGGTGCAGGCTGTCTTCCAGGACCCCTATGAGGTCTATAATCCCTTTTATAAGGTCGACCATGTCCTCGAGCTGCCGATTCGAAACTTTCGCCTGGCGGGAGACCGTCGGATGGCGCGGGCGTTGATGGAGCAGGCGCTCGTCGAGGTCGGGTTGCGAGTGGAGGAGACATTAGGGCGTTATCCGCATCAGCTGTCGGGCGGCCAGCGGCAGCGACTCATGATTGCGCGAGCCTTGCTCTTGCGCCCGAAGGTGCTGATCGCGGATGAGCCGGTTTCCATGGTCGACGCCTCGCTCCGTGCGACCATCCTCGGGAGTCTCTTGAGTCTGCACCGAGAGCATGGCGTCTCGGTCCTCTATATCACTCATGACCTGACGACAGCATATCAGGTGAGTCATGATATCGTCGTGCTCTACCGCGGGGTAGTGGTCGAAGCCGGGCGAGTCGAATCGGTCGTTCGTGAACCAGCCCATCCGTACACGCGCCTACTGGTCGGCTCCATTCCGCTTCCCCGTCCAGATCGGCCATGGCTGGGTGAGCGGGCACTCGGCCAGCCAGCGGGCCTCAGGCCAGTCGGCCCGCGTTTCTGTAAGTTCGTTGATCGGTGCCCCTTTGCTCTGCCGATCTGCCAAGAGGAGTCCCCGCCGCTCTTCCAGCTCAGCCCGGATCGCGCCGTGGCGTGCTTCCTCTATAGGGAGCAGCCGGTCGTTACGAACGATGACCTCACCGTAGTCTTGCGCAACCGCGCAGGAACAGGCGCAGAAGCGCCGAACTGAGTGCGACGATCGCTCACACGGGTTCACCGAAGAAGGTCGTTCCCGGCTTGGCGTGGGCGCGCGCAACCTCCTCATTGAGCGTGAGGCCGTGGCCTGGTGCGTCGCTGAGGGTGATGAACCCGTTGCGAATGACCGGTCGCTCGAGGACGATTTCATCCCACCATGGCACATCGAGCGCGTGAAATTCCAACACGAGGAAGTTGGAGATCGCTGCACAGAGGTGCGCTGCGGCCACCGTGCCGATCGGGCTGCAGACGTTGTGCGGAGCCACGAGCATCCCATAGAGGTCCGCCCATGCTGCGACTGTGCGCGCCTCGAGGAGGCCACCCATCTTCGGGATGTCGGGAGCCACAATGCTACAGGCCTGTCGCTCGATGAGCTCGCGGAATCCCTGCAGCCGGTAGTGGTTCTCGCCGGTACAGATCGGGATGCGCGTGCTGCGGGCCACGGTCACCAACGCATCGACATTGTCTGGCGGGATCGGATCTTCCAGCCAGAGCGGATCGTACGGCTCCAAGGCATGCGCAAGCTGGATCACGTCCGGGACAGCGTACTTCCAATGGCAGTCGAGGGCAAGCATGATATCAGGCCCGATCGTCTCGCGCACTGCGGCGACCACCTGCTGGAGGTAGCGGCGCTCGGCGCTGCCGACTGTTCGATTGTATGGCTCGTACCAGGAACGGCGAGGATCGGCATCGTCGGAGATGTCGCGGGTATAGGGGTTCGGTGCATCGAGGTCGAACTTGATGGCAGTAAAACCCTGCTCTACTGCCTGCTTCGCGCGACGAGCCCAACTCTCCGGAGTGGGTTCTTCCCCAGCATGGAGATCAGCATAGACGCGAATTTGTGAACGGAACCGACCTCCAAAAAGGGTCGAAAGCGGAGTGTTCAATGCTCGTGCTACCAGATCCCAAAGGGCTATTTCGATGCCACTGATCGCCGTAACGGTCGCTCCGGCTTGTGCGCCGGCTCCAGAGAGTCCGCGCTGCATTTTAAAAAGTAGTTTCGATACATCGAACGGATTTTCTCCGACGATCAGGCGCTTGGCTGCATCGATGAGTTCCACAACCCCAGTTCCCCAATATGCCTCACCGAGCCCGCTCAATCCCTCGTCGGTCTCGACACGAACCAGAATCCAGTCGAAATTACCGGCAATAACAGCAGTTTTTATGTCTACGATACGCATCTCTGGACTCCTTTCATATGGTTGATGGCCTCAATATGAGATAGTAACATTGTCAAATGAGCAGGCACAATCGGCGAGGGGAGCAGCCATGGGGTTCAATGCTGCAGGCGGAAATCTCTGGACCTCACCGCCGTGGGAGCCTCTCGGCGAGCCAGTAGTGCGTATCCGCGAAGTGCGAGCGATCTGCACTGCTCCCGAAGGGATACGGCTTGTCGTCGTCAAAGTGGAGACCACGGAGCCAGGCCTCTACGGCCTCGGTTGCGCAACGTTCACCCAGCGACCACTCGCGGTAGTGGCCGCTGTGGAACGGTATCTCAAGCCGTTTCTCATTGGAAGGAGTGTCGACGATATTGAGGATATCTGGCAAGCAGCATACCTCAGCTCGTACTGGCGCAATAGCCCGGTGCTCCACAACGCGCTTTCCGGCGTGGACATGGCATTGTGGGACATCAAGGGAAAACGAGCAGGAATGCCGCTCTATCAGCTCCTCGGCGGTCGGTGTCGCGTTGCCCTTCCCCTTTACGCGCACGCTGCTGGACGCGACTTCCAAGAGGTAGAGGAGCAGGTCCGCGAGTTCGCAACACGTGGATATCGCTTTATAAGATGTCAAGTGGCAGTTCCTGGGCGGTCGACGTACGGCGTGAAAGGGGATCTCAGTGAGCGTCGTGATTGGGACCCCCGAGCGTACTGTCGCATCATTCCGCGACTTTTCGATTATCTCCGCTCTCGTGTGGGCGAAGAAGTTGAGCTTCTCCATGATGTCCATGAGCGCGTGCCACCGATTGACGCGATCCAACTTGCCAAAGCTTTAGAGCCGTATCGGCTGTTCTTCCTCGAGGATCCTGTTTCTCCGGAGGATGCTGAGTATTTACGGCTCCTTCGCAGTCAGTGTGCCACCCCGATCGCGCTTGGTGAACTCTTCGTCAACCCAGCAGAGTACGTGCCGCTGGTGCGCGAGCGCCTTCTCGATTTCATTCGCGTCCATCTCTCCGCAATCGGTGGCTTGACGCCTGCGCGAAAACTTGCCGCCCTTTGTGAATTTTTTGGTGTGCGCACTGCATTCCACGGACCGGGTGATGTATCGCCAGTTGGGCATGCAGCGAACTTGCATCTCGGATTGGCCATTCCCAACTTTGGGATCCAGGAGCAACATGAGTTCACGGAGACAGCCCGCGAGGTTTTTCCTGGGACGCCGGAAATCCGCGATGGTATGCTATGGCCGAATGATCGACCGGGGCTCGGTGTCGATCTGAATGAGCAGTTAGCTGCGAAATACTCGTTCCCAGATCATGTCTTGGAGGGCAGTTGGCCACCATTACGGGGAGTCGACGGTACCGTATTACGCCCTTAAACACGCATTCGATGCGCACCTGAGTGTTGAGGTGCTCAGTGAAAGGATGCCAAGATACTACTCTCGAGAAGATTCTGATGAGAAAGGGTACAGTCAATGACTGAAGTATCCAGCTGATGTGTCTGATTATGGGAGA
CP001275.1_gap42	2002506	2003006	500	CCGGCTTCCTGTTCTTCAATGCCGGCATGCAGCAGTGGGCGAAGTGGAATCGCCGGCCACGACCGGACGAGCTGCTGGACTCGGCGCTCCGGCGCTTGAACGATCGCTATACGCTGGTCCACTTTCCCGAAATCCCGGAGGGATGGCGCCCCGAGCATGTCTTGATTTGGCCTGGCGGGATCCTGAACATCACGACGCGCGAGTTGGCGGGGCGGATCGTCGTCAAGGGGACCCGTTGGCGCCGGCTCGATCGTCTCTTCATCCGGCTCCTCACCTTCGGTGGGCCGCCGCTCGGGAACCCGACGATCGAATGCCAGCGGCAGATGGAAGCCTTGCGGACGTTTCTCCAGCAGCGTGACTTGCCTGGCGCAGACCTGGTCGAGGGGTTGATCGTGTTCCTGAACGATCAGGCGCAGTTGGAGGTGATCGAGTCGCCGATTACCGTGGTGACCCGCAAGGAACTGCTCGAGGCTGTGCGCATGCTGGGAACCGAACGGCGC
