gap_id	start	end	length	sequence
CP003198.1_gap1	3687	8172	4485	CTTAAGCATGACGATAACAGGCAGACCTGCCAGTGAGGCGTTAAGCCGGGGTCAGAGGAGAAAGCTCGCCGTGACGTTGATGCTCTCTGCTGCGAAGGTTGTGGAATTCAAGATGAGAAAAAGACCTATAATATTGTTGGACGAAATTACGGCGGAGCTCGATAGCGAGGCAAAATCTAGTTTGATCAACGCGCTTTTTAACAGCGGTTGCCAGGTGATTGCGGCTACCGCTGACGATAGGATAGGCGAATTTCCTGGAAAAGTCTGGCATATTGATCAAGGGGGATTATCAGTTTAAATGTCTTCTGTACGAGATGAAAATACCTTCGATGTAATAGTGGTTGGAGCGGGACATGCAGGATGTGAAGCTGCGTTGGTTTCTGCACGGATGGGCGCCCGTACTCTTTTACTTAATCTCTATCTCGATAATACGGCCCTGATGCCCTGCAATCCCTCCATTGGAGGACCTGCCAAGGGTCACATAACTCGTGAGATAGATGCCTTGGGCGGAGAACAAGCCAGGGCCACGGACGCTTCGACCCTTCATATAAGATGGCTTAATACATCAAAGGGACCGGCTGTAAGGGCACTTAGAGCTCAGTGCGACCCATCCGATTACCATAGGCACATGATAGGAACACTGGAGACTACAGATAACCTGTACGTCCACCAGGCTATGGCAACAGACCTGCTTACAGAAGATGGACGTGTAGTAGGGGTTAAAACTTTGTTGGGCCAAATCTATAACGCCTCCTGCGTCATAATAACGACTGGACCTTATACGAACGGGAAGGTTTTCATAGGTCAGGTTAGCTTTCCTTCCGGACCTTTGGGTCAAATGCCATCACTTAAATTATCATCTTCGCTAAGGCAAATTGGATTCGAGGTGGACAGGCTTAGGACCGATACGACGCCGAGGCTTCATGCCGACACGATAGATTTTAAATCTTTAAAAGCACAGCAGTCTGCAGCTGAACCGCTGTGCTTCAGCCATTGGGGAGAACCTCGCGTTTATGGGGGTTTTTCCTGTTATCTAACGAGATCTACTCCAAGGACCCATGAGATTATAAGGTCTTCTTTATCTCGATCCCCTTTGGCGAGAGGCGACTTGGAAAGTCCAGGCCCCCGTTACTGTCCGTCCATAGAGGATAAGGTCATCAGGTTTCCCGACAAGGAATCTCACCCGATATTCTTAGAGCCGACGTCACGCTACACTAAGGAGATATATATGCAAAACTTCTCGACGAGCCTGCCCTACGACGTCCAGGTCGAGATGGTAAGGAGCATCCCGGGGTGTGAAAGGGCACATATCCTTAAACCTGGTTATGCCATTGAATACGATTATTTTCCACCAACCCAGCTTCATCCATGGCTTGAGACCAAGTTGGTGGAGGGACTGTTTTTTGCCGGACAGATAAACGGTACTTCCGGTTACGAGGAAGCTGCAGCACAAGGGCTGATTGCAGGCATCAACGCCGTTTTGAAGTTAAGAGGCGAAGAGCCCCTTGTGCTGGGCAGGCACGAGGCCTACATAGGAGTATTGATAGATGACCTAGTTACCAAGGGAACACGTGAACCGTACAGGATGCTTACAAGCAGGTGTGAATACAGATTGCTATTGCGTCACGATAACGCAGACAGGAGGCTTGCCCCCATAGGCAGGCGTTTGGGCCTGATCGACGATGTGCGTTGGAATGTGTTGACCAGAAAATGGAAGGCTATCGATGATGAAATAGACCGCCTTAAAAGCGTGAGGGTTTACCCGTCGCAAGCTGTCAACGACTTGCTCTTTTCTTTGGGCCAAAAGCCCATAGATGAGCCGATCCTAGCCTACGATTTGTTGAAGAGGCCTGGTATAGACCATAAATTTATCTGTAAGATCGTCCCTCCGCCACAGCCCCTTGACGATGAGGTAAAATCAAGAGTAGAGATAGAGGTTAAGTATTCCGGTTACATACAGAAAGAAAATGCCTTGGCAGCTAAAATGCAGAGGATAGAGCAGCTTCGCATTCCCCGTGATATGGATTATGACGATGTCTTTGGCTTATCGTCGGAGGGAAGGGAGAAGTTAAAAAAGATAATGCCAGGCACTTTAGGCCAGGCTGGCCGAATATCAGGCGTTACGCCGTCGGACTTACAGGTTTTATGGATGTATCTGGAGACGAAGGAGAGATGTAAGAGGTCATGAAGTTTAGGATGAAAGAAGCTCCAGAGCACGTGTCTAAGGTGCTTGAAAGGGAATTGTCTAAGGAACTTAAGGATCTGTTAGATTTTTACAGGATCAAAAAAACATGGGCAGAATTGGTTGGCATGGCATCAAATAAGTCCAAGCCAATCCAAATTCAGGGGAGGAAGCTTCAGGTAATAGCTGCATCACCTCTGATAGCTCAGGAAATAAATATGAGGAGTGGACAGATAATCTCCCGTGCCCTATCCTTGGGCATAAATATAGATTCCATATCGGTATATGTGGGAAATGTTCTCGATAAGGATGAGATGTCTCATTCAAGCACTGTTCCCCGATTAAAACCTTTAAGTGAAGAAGATATTGCCCAGGAGGTTGAAAGGGCAAAGGAAAGGTTTAAAGGTAAAAACCTGTCTGACGATATGATAGAGAGGTTGTCTAGGTTGTATGTAGTTTATAATAAAAGGTTTAATTCGTTTAGTTAAATGGCTAGGCATAGATAAGGAGATGGCGAACATGAAAAAATATCTAAGTTTCGTCGTTAAAGGGATAGTTTTGGTCGTAATATTTGCCTTTTTGTCCCTTTGTCTTACGCAGCCTTCCTATGGAACGGAGTTCGAGGACCTCGTTTCTTTATACGAGAGCAAGGAAGCCGGAGAAAGCGACGGTTTAAAGCTGCAAGAGCGCCTATTACAGCAGGCCCCTAAGGATATGTCTCAATATGATATGTGGGAATCATTATTTAACAAGGATTTAAACGACGAAAAAAGAGCCTCAATTGCATTGAGACTGATCAGTGAACTATTTCCACAGGGAGATCCGGCCCTCTGGAGTTCGATAGAGGGTCTATGGATACCTCAAATGGTCCCAAAACCACTGGCTGCCTTAGATGCCGTGTATGTGGCTATAGGTTCGTTGCTGTCGATGGACGAAAAAGGCGCTCCCTGGCTTGCAAGGAGTATATTCCTGCGCCTTTACGAATCCAGAGAAGCTAGGATCTATGGCATACGGACCGCTCCGGTTGAGGTGGTAAAGATCATAGAAGAGATAAAGACTAAAGCTCCTCTGGCTCCCCTTGGGGGCTGGCCTACTCCCAATGTGGTCGGAAATCTTCCCTTTGCGTGCAAGATATATGGCTATATCAGCGTGGATACCGCTCTTTCATATAATATGACGTTTCTTGATTCTATGGGAAGGCCACGCGGTGGATCGGGCCTTTACGCATGGGATAGGGCAAGGGGTAGAATATATATTGTAAGAAGCGGACCTTCGGAAGATAAGATATGGTCTCCTTTTTAAAATGTGTTAAAATAAAAATGCATTTAAAAAGGACGTTTAAAAAGGAGGGGGTTGGATATGAAGTTTGAGGCCTTAATGCAGTCAGGCGATTGGAAGGGTGAAAAGCATATCCCGGTCATTGAGTCTCCCGATGAGGTCGCTTCCGGCGAAGCGTTCGTTATTACGGTTAGCGTGGGCAAGGAAATACCTCACCCCAATACGACGGAACATCATATCAGATGGATAAAGTTATTCTTTAAGGGGGAGGATGAAAAGTTCCCCTTTGAGATTGGTTCTTACGAATTTACGGCTCACGGAGAGCATGTTGGCGGTCCCAATACTGGCCCAGCTTACAGCGAGCCCTGCGTAACCGCCAAGGTTAAACTTAACAAATCCGGTACGCTTTTGGCCATGTCCTATTGCAACATACATGGATTATGGGAAAGTTCTAAGGAGATAAAGGTAAAGTAAACGGCATAAGCGGTTAGTCGCCAATACACCCCTAAGCTAAAATTTAAACTTAGCTTAGGGGTGTATCTTTTATAGAAAACTTTCAAGTGCCATCATGTTTTTGTTGATCATATTTTTGTACCTTACGGATGCCGTTCCGTAATATCGATCTAATGCCTTATGCTCCGATCCGTAAGCCCTAATATAACGAGACAGCAACAATGCACCGGCGGCTATTCCAAGCTCGGGGTCGTTTAGGTGGTTTTTTGACGTTATTCCGTTGGCTGAAAGTAGAGCAGAGTGCGTATCCCACACTACCTGCATGACTCCAACGGCACCTTTGGAGCTGGTCGCCTTGGGATCGAAGTGGCTTTCAGCCTTGGCAACGGCGATGAGGAGCTCCTTGGGAACGCCATATTTTTTAGAGTAGTATGCGAAAGCACAGGCTTCCCTCCATAACGTCTTGGATGCGATTTTGGGGTTGACCTTTCTGATGTACTTGGCGAGGGATGCTATCATTTCCTGCTCATCTGGAAGCATTTCGCTTAAAAACCTAAGCGTGGAGGTGGGGC
CP003198.1_gap2	25094	27890	2796	TGCTTTATTGCTTGCGATGGGCGCTCAAGGCTCACAGGCACTGGGTATCCCCGGATTTGAATTGTCAGGAGTGGAAAGCGGCATTTCCCTGCTCAGGAAGCTCAATATGGGCGAAGACCTTTCCTTTGTCAAGGGCAAAAGGGTGGTCGTCGTCGGCGGTGGAAACGTAGCGATGGACGCTGCTCGTTCGCTTCTGCGGCTTGGAGCGAAGGAGGTGCATTTGGTCTACAGAAGGGAACGCAAGGACATGCCGGCCTTAGTCGAAGAGGTCGAGGCAACGGAAGAAGAAGGAATACATTTCAACCTCGGTACCCGCAGGTGGCGTAGGAGGAGGATATCGGCCGAGGAGGAGAGGGTCATATTTCATTATTTGACCGCTCCGCTTCAGGTCATTGGAAGTGAAGGAAAGGTCGTAGGGTTGCTTTGCCAAAGGCTAAGGCTTCAAGATGAAAGGGGCAAAAGCCTATTCGATTTCTCCGCGAGGAAAGCTTCATTCCCAATAGAGGGCAGCGAGTTCATTTTAGATGCGGATATAGTCGTAGCCGCGATAGGACAAAAGGTGGATCAATTCTCTTTGGACCAATGGGGCGTAAGACAACATCGTAACGGAACGATCGAAGTCAACCCAAGGAGCTTCATGACGTCGCGAGAGGGTGTATTTGCCGTGGGAGATGTGGTGTTAGGTCCGGCAAGCATCGTTGAGGCGGTTGGTCAGGCCAATAAGGCTGCGCGAGCCATAGACAGGTTTTTGAAAGGTTTACCGCTTCCGGAACCTCCATCGCTCATGGAGCGTCCTGAAGCGCAAAAGTATGAAATAAGCGATGAAGACGCGGAGCGCCCAAGGGCGAAGGCATCGATCCTTTCGCCGGAGACGCGCGTCTATGACTTCAGGGAAGTTAACCTCGGGTTTCCAAATGAGCACGTCGCGAAGGCCGAGGCCAAGAGATGCCTTCGCTGCGACCTGGAAGAACGGTGAGGGGGAAGGGCCATGTCTACCGTTACCTTGGAGATAAACGGCAGAAAGGTTCAGGGAAATTTAGGGGACACAATCCTAGATGTCTGTAATAAAAATGGCATCCACATTCCTACGTTATGTCACTTTGAAGGGCTAATGGACGTGGGGATTTGTCGGATGTGCTTGGTCGAGGTCAGAGAAGCCAGGGGACTGTTACCTGCTTGCGTTACAAAGGCTACGAATGGCATGGTGGTCACGACTGAAAACGAAAGGATTAACGCTCTCAGGCGGTCTAACCTGGAGATGCTATTTTCGGAGAGAAATCATTTTTGCATGTTCTGCGAGAAAAGCGGGGATTGCGAACTTCAAAAGCTCGCCTACGAATATGGGCTGGACCACGTGCGTTACGGATTTTTCTGGCCGAGTTTGTCCATGGATATGAGCAGGAAGTATTTCTTGTACGATCAAAATCGATGCATCTTATGCAGGAGATGTGTGCGCGCATGTGAGGAGGTAGCAGGACATACCGTGCTCACCGTTCGGGACAGGGGCCCTAAAAGCATGATCTGTCCCGACGACGATCTGTCCTTCAATGAATCTACATGCGTCTCCTGTGGCACCTGTCTTCAGGTTTGCCCCACAGGCGCCCTATCCGATCGTAAAGGCACTTACGTGGGCAGGCAAGCCGATATGACGAGGACCGGGAGCACATGTACGTTTTGCAGCATCGGCTGTGAGATTGAAATTTTGTCTCGCGACGGCGAACCTTTAAGGGTAGAAGGGGTGTTTGGCAAAGGTCCGACCGAAGGGGTGCTGTGTTCAAGCGGGCGATTTGAACCGCTCTTTGAAGGAAAAGCCAGGCGTAAAGGTGCGCTTATATGCAAAGAGGGGAATGTAAAACCTGCAGGTTTGACGGAAGCTTTGGCTTATGTTGCAGACAAGATCAGGGATTTGGGCATGGATTCTTTTGCCGGGCTGATATCGTCCAGGGCTACAAACGAGACAGCGTTCCAATTTAAAAAGTTATTCGGCAATAATGCCTTCTTGATAGATCCCCCAGGCACACCACTGGGGAATGCCCATATCACGGATATCGACGACGCAGATTGTATTGCCGTGGTTGGGACAAACCTGGACGAAGAATTTAAAGCGGTAAGCTCCTTCGTAAAAAGGGCTGCCAATAGGGGGGCGAAGCTCGTAGTCGTAGGTTCGTCTGGAAGGAGGGTGGACTTGCGCGCATCTTGTCATCTCCAGGAAGACGATGCATGCAGTTTGGGCAAGATCCTTGAAGGAGCGTCCAAACCCATCGTAATTTACGGACCTCATACAGGCAGTTCAATGATGGAGTTTCTGTGGAAGCTTCGTCCGGGAGTAAGGCAATTAGGGTTAGCCTCCGGCAGCAATGGCCGAGGCATTGAAAAGTTGGGCATAAAACCTTGGGAGGGCGACAAAAAATATGAGGGCGTTTATGTATTGCTGGCCGATCTTGCCATGCCCGTGACAATATCGAAATTACTGCCAAATGTCGACTTCATAGCGATTCAATCATGTTACGAGGAGGTCAAGCCCACTTTTGTGTGTAAAATCCCTCTGGCATCTTTTGCAGCCTAGTGGAGTCCCACTAAGCTGCATACTTTAGATTTGTCTTCTCCATCTGATCCCGCCTTTTCATGCTTATCTCTCCATAATAGGTATTCAGTCATATCCAAATACCTATTGCCGGTTGTCCATGACTCATCTATCTCCATGAGCACTGCGCCAATTAGCCTTAACGCCGATTCTTCGTTCGGAAATATACCTATGACTCTTTCTCGCCTTCTGATCTCACGGTTTAGACGCTC
CP003198.1_gap3	30885	32589	1704	TGCCTTTGCTAACCTGATCCACACCGTGGAGGGCGGAACTCACGTGATAGGCTTCAGGACGGCGTTGACCAGGGCCATAAATGAGATGGCGAGAAGACAAAAGCTTTTGAAGGATAAAGATCCGAACCTTTCAGGAGACGACTTGAAGGAAGGGCTTACCGCCATCATCTCCGTCAAGCTTAAGGAGCCCCAATTTGAGGGCCAGACGAAGACCAGGCTTGGAAACAGCGATGTCAGAGGTATAGTGGACTCCATCGTCTACGACGAGTTGATGGCGACTCTTGAGGAAAAGCCGGACTACCTCAGGCCGATCGTGGAAAAGGCCATCAAGGCAAGACAAGCTCGTGATGCGGCCAAGAAAGCACGAGAGCTGGTCAGGCGCAAATCGGCCTTCGGAGGGCTCGATTTGCCCGGTAAATTGGCAGATTGCTCCAGTAAAGACCCAGAGGAGTGCGAGATATATATCGTTGAGGGCGATTCAGCCGGAGGCAGCGCTAAACAGGGAAGGAACAGGACCTTTCAGGCCATATTGCCTCTGCGGGGAAAGATATTGAACGTGGAGAAGGCACGCCTTGATAAGGTGTTGTCCAACGCCGAGATAAGGACGATAATTCAAGCCCTGGGCTGCGGTATAGGAGAGGATTTTGACATCAGCAAATTGCGTTACCACAGGGTCATAATCATGACGGATGCCGACGTGGACGGCGCGCACATAAGGACGCTCCTCCTTGCCTTCTTCTACAGGTTCATGCCGAGGATCATCGAGGAAGGGCATCTATATATAGCTCAGCCCCCCCTTTACAGGGTGCAGGTCGGAAAGAAGGAGTACTACTGCTATTCCGATAAGGAGCTTCGCAACTTGATGGAACGCTTATCTGATAAGAAGGCGACCGTGCAGCGCTATAAGGGTTTGGGAGAGATGAACCCCGAGCAGCTTTGGAAGACGACAATGGACCCAAACGAGAGGATATTGAAGAGGGTGGACATAGAAGACGCCTTGGCTGCAGATGAATATTTTACTATATTAATGGGAGATAAGGTTGAGCCCAGGAGAGAATTTATAGAGGCCCATGCTAACGAAGTAAGAAATTTGGATATATAGCTTTATAGTCTGCTATAATCGTGACAGTTGAGTGTGAAACTATATATCCAAGGGGGGCTTTATCGTGTCCAATTCTTCTACCGGTGGAGGCGTTTCCTTAAGGTATAAAATCCTTTTAGCTTCCGGTGTGATAACTTTGGCCGTCGTGGTGGCCGTGTTTTGCGGTAGCTACTTCGCCGCCAAAGGCAGGCTGGTTCGCAGCATGAGCGAGCAGATGGACAGTTTTTCAAAGAGCTTGAGGGATACCATAGACCTCGAGCTCACTTTATTTCAAGACAGATGCCTGTCAAATTTGTCCGTTGCCATGAGCCAGTTGCCAGGCGATAGGATCATGGAGTCCGTAAATAAGGTCAAAATAGGCGAGCGTGAGTTGCCGACCCTCTTTATCATGGGAATTGGAAGCGGATTAAAACAGATTACGGGGTCAAACGATATCGTGGATCAATTGGCCGAGCAGTTGAACGGGCAATTCTTGATATATCAAATTTACAAAGATGAAAGCGGTGAAAAGGCCTGTCTGGTATCGACCACCTTTAAGGACTCCAAGGAGCTGGTCCTGGGTGCCGAGATGGACCCTAACTCACCAATATATCAGACGGCTA
CP003198.1_gap4	34712	39162	4450	GCAGAAGAGACGAACGGAGCCAAGGTCACCATGGCAGAAAAGGGCGTTTTCGACGACCTGGACCTTGCGATTATGATTCATTCCTCCGGGAATAAAAGCTACGTCAGCTACAGAAGCCTTGCCATGGATGCCTTGGAGTTCACTTACAAGGGCAGGCCTGCTCATGCTGCGGCCTCCCCTTGGGATGGGCGCAACGCCCTTAATGGCGTTCAGCTTTTCTTTCATGCCATCGACATGTTGCGCCAACACGTGGAACCTGACGTGCGGATGCACGGCATAATTTATAAGGGTGGGGATGCTCCAAACATAGTTCCCGAAGAGGCAATCTGCAGGTTTTACTTTAGGTTTCCCACCAGGGCCTATTTGAACCGATTGGTAGAACGCGCAAGAAATATAGCTTCAGGAGCAGCCATTGCCACCGAAACCGAGGTTACAGTGAATAACTTTGAGCTCAGCTTCGATAACATGTTGGCAAACGTCACTGCGGAGAGAAAGATGGCGGAGATAATGGAGGAATTAGGCGTTGAGGTGAGCGAACCTGAGGGCTACGAGGGTTCTTCCGATATGGGCAACGTAAGCCACAGGTGTCCTGCCCTACAGCCGAAGCTTGCTATAAGCGATGTACCGCTTGTGACCCACAGCCGAGAGTTCGCAAAGGCCGTTATAACGCCTAAGGCACATGAAGCTCTGATAACGGGCAGCAAAGCCCTTGCCAGGATGGCCATAGCTGTATTTTTAGATGAAAATTTGAGGAAGGCGATCAGAGAAGATTTTAAAAGAGCAAAGAAAGAGGAAGGACATTTAGGTTAGACTGTAGTCTTTATGGAGGTGAATCGTTATGATCTCGCTTGATGACATAAGGCAGGCGCGGGAGCGCATAGGCAGTTGGATTCACAGGACGCCCATATTTTCTTCGGCCACCTTTAGCCGTATGGCAGGTAACGAAGTTTACCTAAAGGCGGAAAATTTGCAAAAAAGCGGGGCCTTTAAGTTTCGCGGGGCCATGAACTTCATGCTTTCCATGAGCGATGACGAAAGGAAAAGGGGGGTCGTAACGGGATCTTCCGGAAATCACGGGCAAGCCCTGGCGTGCGCAGCAAAGCTTTTGGGCGTAAAGGCTGTCGTGGTGGTGCCACTTGATGCCTCACCCGCCAAGGTGGCTGCCATCGAAGGATACGGAGCAAAGGTCGAAAGGTGCGGGCATTCTTCGACAGAACGTATAGCTAAAGCCATGGAGATAGCAGAGAATTTAGGCATGACCTTTGTGCCCCCCTTCGATCACCCATGGATAATGGCGGGACAAGGTACCGCCGGGCTTGAGATCGCAGAAGACATGCAGGATGTGGACGCCGTGCTGGTGCCATGCGGCGGTTGCGGCTTGATATCGGGCGTGGCGACGGCTTTGAAGGAGTCGCTTAAGGGCGTCAAGGTCTATGGGGTAGAGCCCGAGACCAGCAACAGCACCTATCTGTCGTTTAAGGCCGGCCGCATAGTGGAATTGCACGATATCCACACGATAGCCGACGGCCTTAGGACGGCAAGCCCTGGCAGTATAACTTTCCCGGTGGTTCAAAGATACGTGGACGACATACTTTTGGTGTCAGAGGAGGAGATCAGGAATGCCATGGTGTTGTTGCTGGAGAGGGCCAAGCTGTTGGTCGAACCCTCCGGGGCCGTGCCGGCAGCAGCGCTACTTTACGGCAAGGTGCCCCTGAAGGGCAAAAGGGTCGTCGCCTTATTATCGGGCGGCAACGTCGATCTTGCGGCTCTTTGCAAATGGATAGAGGAAGTAAGGACTGGAAATTAAAATTGCTTGTCAGTGCCTGTTTAGCTGGATGTTGTTGCAGGTACAATGGGAAGGCTTACGGCAATGAGCCTTTAAGGTCCTTGGCAAGACAGGGTCTTATAGAAGTGGCATGCCCCGAGACATTAGGGGGTCTTCCTGTCCCAAGGCCGAGGGCTGAAATCGTCGGAGGTACGGGAGACGACGTATTGTTGGGCCGTGCCTGCGTCTTAAACGAATATGGCAAAGATGTGACCGACATCTTCTTAAGAGGGGCTTTTTATGTGCTTGAGATAGTTCAAAGGGAAGGCATAAAGCATGCAATCTTAAAGGACAAAAGCCCCTCCTGCGGAGTGTATTGCGTATATGACGGTTCTTTCAAGGGCAGGTTGCGCAAGGGCAGAGGCGTAACCTCTGCCCTTCTGTATAGGCATGGCGTAACTCTTTTTTCCGAGGATGAAGTATGGGGAGAGCATTTCCTGGAGTTACTTTCAATTGACGATCGTTGATAATATATATAAATTCATTTAAAATTAATATGTTAGCTTTATCTAATTTTGTGGAGGTGAGAAAATATGGATGTACTAGAGGCGATAAAAAGAAGACGAGCTATAAATTTCTTCGATCCCACTAAGGAGATATCTGACGAAACTATAAAGAAGTTGCTCGAACTTGGAACTATGGCTCCTTCGTCGTTTAATTTGCAACCATGGGAAGTTATAGTGGTCAAAAGCCAGGATAAAAAGAAGGCACTTAGACGCTGTGCGTCCAATCAAAAAAAGGTGGAAGATGCCTCTGCCGTTTTAATATTCATTGCCGATCCGGAGGCTGTCGAAAAGAACTTAGATAGGGTGCTCGACAAGAACATCGAGCTCGGTTACATGAAGTCGGAAGGCCGCGAGGCGACCGTGAATGCCGTCTATGGACTGTACGGTCCCAAGGACAGCATTAAAAGAAAGATCTTTGCAGCAAAAAACACCGCCTTTTTCGCCATGACCGTCATGCTTGCCGCTCAAGGATTGGGCCTTGAGACGCATCCGATGGACGGCTTTGATGAGGAGGCCATAAAGAAGGAATTTGGCATCTCCGAGGGCAAGATAATTCCCTGCATAGTAGCCCTTGGCTACTTGCAGCCCGGAGTCACGCTGCTTCCGAGGTTCCGATTTCCCGTTGATGAGATGACCAAGTTCGTCTAGCTTTAAGTTTAGGAGGAAGGATAGTTTCTTCCTCCTCCTTTTTTATTTACGAGGACATCCCGAGCAGCTTATTGGCAAGAGAGCCTATTATAAAGGAAATGGTTGCTACTCCGAAGCTCACCGTCACCATCTCCGAGAACATCGGCTTAAAGTTAGTCGACCTTACTATTGAAACGAAGAAAGTGAAAATGGCAATTATGAGCAAGGCGTTCGACATGCTCCATATTAATGCAATATATGGAGAATGGACGAAGAAAAAGGGAAATATGAGCATTGCTACTGTTATTACGTAAGCTATGCCAGTATACATTGACGCCTTTAGAGGCTGTGTATCCGACCCTTCCGATTTTTGGGACAAATATTCCGATGCTGCCATGGATAAAGACGCAGCAATTCCAGTTATTAGACCCGCAAGGCCTACGAGCCTGCTGTTTGCCAGGGCAAAGGTCAGCCCTGCCAATGTGCCTGTAAGCTCGACCAATGCGTCGTTCAACCCCAGGACTATGGAACTTGTGTACTTCAGCCTTTCTTCGTCTATTAAGTCAATTAAGGCTTGTTCGTGCTCTTCTTCTTCCTCGAGAACCTTCTGGGCCTCAGGTAGGGAGGTCAGCCAATGCCTGTACTTCCTTTGTGCCTTGTCCTCGTTTGTCTCCATCAGCTTCAACGTAAAGGTTATGCCAAACAGCATGTATATGAGGGTATAAATGACGACCAAGAGCCTGCTGGGCTTCACTTCCCTTTGAGTGTATTTCTTCCATATGGAAGCGTGCCGGGCCTCGTCCTGCGAGATGCGTTCGAGGATCTCGGCGTTTTTGCCCTTATGTCTTTTAGCGAGCTTCCCGTATATGACATGCTCGGTGGTCTCGGTCCTTTGTGTCTTCAGGATTGCCTGTAACATGGCATCATCAAGCTTAAAGTCAGCGTCGCGCAATGAAGATCCCTCCATCGTTGGTGTTATTATATAGTATTAAATAAGTCTTCGTTCATTTTACACCATGGGAGGGGTTTAATTTGAGGATAGCGCGTTTCATGGACGGAAAGGGTATAGTGCGTTGGGGTGTCATGGAAGAGGAAGAGATCAAAGAAACCAAGGGCTTAAAAGGACCCTATACGGGTGAAAAATATCCGCTTAAGGGCGTGCGGCTTTTAGCTCCCGCCGAACCGACGAAGATCGTATGCGTCGGCAAAAACTACGTAGACCATATCGAGGAGATGGATGGAGAGGTTGATCAGTTGCCCAAAGAGCCCGGGCTCTTCTTAAAAGCTCCCAATGCCTTGGCAGATCCAGGCGAAGTGATACCCTACCCGCATTTCACCAACGAGTTTCATTACGAGGGAGAACTTGCCGTGGTAATAGCAAAGCCGATGAGGATGGTCTCAGACGAGGAAGCTTTAAACTACGTGCTCGGATATACATGTGCCTTCGACCTAACGGCCAGGGACGCACAGCGTAAGGATTTACAGTGGATCA
CP003198.1_gap5	40618	44316	3698	GATGGTACAAAACACCAGTGGCACCACTATCATGAACATGAGGTTGATGAAGACATCGCCCAAGGGCTTAAATATCAGGGCATTTTTGCCCATAAAGGCACCCAGGGCCGAGCCTATCGCAATAGAAACGAGGAGTATTATTGGGAAGACGTAGTTCTTCAACGCACTTGAACGATTTTTGCCCATCTTTTCACCTCCAGTGATAATCAGCCATCAAGGCTTCTTCGGTCAAATTTCCAGTAGCCACTATGAGAGCTTTGCCGGTCAACGAGGCTTCTGCCGTGTCGTTAGGCGCTATTTCAAGTGTTACCCTGTTTATGCCCCCGGGATTTTTGACGTCGATGGATAAGGGAGTGCCGCAGAGCAAATGCGAGGCCAGACTGCAAGCTATGGCTCCGGTTCCGCAGGAAAGGGTAAAATCCTCCACGCCCCGTTCGTAAGTCATGGCTATCAGGTGGTTTTCTTTTACTTCTACGAAATTGACGTTGGCTCCCTCGTCGAAGACTACTCCTTCCTTGCGCAAGCTGCGGGCTAACTGTAAAAGCTCATCTCGCGATATGTTGTAAAACCCGTCCATGAACAGCACGCAGTGCGGCACGCCTACATGAAGGGCTATATAGGTCACGTCCCTCTCGAAGGCCTTTATCTTGGCCCTTTTGACGCGCTTCAAATCGATCCTTCCCATTCCTATCGTCACGAAGGGAGGGCTTACCTGAGCGCTTACGGGTCCTGCCTTTGTCTCGAAGGTCATGTCACTTTTTGCGTGTCCCCTTTCGAAGGCATATCTTGCTATGCACCTTGCCCCATTGCCGCACATTTCGCCTTCCGAGCCGTCGGCGTTAAAGAGCCTCATGGAAAAATCGAAATCTTTTGAACTTCCAAGCACCAGCAACCCGTCGGCGCCTAAAGAGACCCTTCTGCGACAGACCTTTCTGGCCAAATCGACGAGTTCAAGATCGTCGTATCTGCCATCTTCATCTTCTATTATGATAAAATCGTTACCGTTACCGTGAGCCTTTACAAAAGGTATCAATAAAAGATCGCTCCTTTCCCGAGGTCATTAAGGTAATTTTACACGATACGGAGTGCTTAGGAAAATTAGGGCCAAGCCCAAGGATGGAGGTGTTTTGATTGATTGGAAGCACTTTTTTGCGATCTGTCAAAATCAGATCTCGGCTGTTTGTCCTTTTGATCGTGTTGATCGTAGCAAATGTGGGGACTTCATGGTATTTGTTGGAATCCATGAGAGGGCAAAAGGGCAGCATAGAGCCTTCAAGATTGCAAGTGAAGAGGAAGCAAAAAGCGACATACTGGCTATGGGTGAGGGGGAAAATTAATCGTCAAAGGTGAAGACATCGAGCTCGAACAAAGATACGCAGGCCTCTACCACGTCGGGATCAAAGTGTTTTCCCTTTAGGGCTTTAATTTCCTGCATGGCAACTTCCGCGGGTCGGCCCTTTCTGTACGGGCGGTCCGACATTATTGCTTCCACGACATCGGCGACGGCGATCACGCGGGCTAGGCGGTGAATTTCTTCACCCCTTAGCCCGCGCGGATATCCGCTTCCGTCCAGTCGTTCATGATGTTGGTATACTATCTCTGCTATCGGCCAGGGGAATTCTATCTCGCTCAAGATATCGAAACCTACCTTGGGGTGAGTCTTGACTAGCATGTATTCCTCGGGCATAAGAGAGGCCGGTTTAGACAGGATCTCTGCGGGGATTTTGATCTTTCCAATGTCGTGGACAAGCGAGGCCATATATATTGCCTCAACGTCTTCCTCGGCCAGATTTAAGCGAGTTGCAATGGCCCTTGCAAGCTTTGCCACCCTTCGTTGATGGCCAGCTGTAAAGAGATCCCTTTTTTCCAGCGCTGATCCCAAGGCCGATATGGTCTGAATCCAGACTCTTTTCAGGTAATCGACGTATTCCCGTATCTTTCTTTCTGCCCTCTTTTTGTCTGAGATGTCGCGGTAGATCGTATAGATGCCATAAAATTTGTCCTTGTAGATAATGGGAACAGCAGTGATGGCCACCTCGAATAAAGTGCCGTCCTTTTTTCTCCTCATGGACTCGACGTCGACCATGCTTCCGGATGACACCCTGAGGCTCATGTCAGTTGCCTCTTCATAAAAATGCGTACCGATCGCCACAAGTTCATCTATATGCTTGCCGACCGATTCATCTTTGCTGTAACCGAATGTCCTGCAAAAAGATTCGTTTACTTCTATGACGTGATTGTTTTGATCTGTCAATACGATGGCCTCCGGGTTATTATGAAACAGATAACCCAAAAAGGCCTTCTCTTTTTCAAGTGCTTCCTGAGTCTTTAATCGGTCATTCATATTGCACCGTGTATTGCTTCATAATAGAAGTCTCCTGTATCCCATATCTTTATTGTTCACCATCGAGCAAAAACCTTGGTTCTCTCAGAGACCGAAGTTCCGACTTCAACAGATCATTTTATGAAATGCTGCTTTAGTCTGAAACTAAAGTCATATTATAATACTTATTTTAATTATACAACATTTAGGGGCGAAGCTGCCTTGAGCATAGGTTCTTCCAGGGGCAGGAGTGACACATATTGTCATTGCCCTCAAAGGGTCCGTTAACCACTCTAAAGGATATGTCGTTTATCTGTCTTTCCACGTCGTCAAAGGATAGGCCTTTCATGTCAACGGCGACGGCTCTCTTTTCCCTAAGCATGTAAAGCCCCATCTCGAGAGCTTGACGTGGAAATTGGCGCTTCGCGACATATCCGTAAAATTTAAGCTGGTTGTAGTACAGATCCATGAAGGAATTTTCCCTTGTGTCCGATTCTTCCGTTATCTTGTAGTCCCAGATGTAAACCTTTGATTCGTCGTAGTATAGCAGATCTATCTGGCCAACCAGGCGTGTGCCAAAGTCCATCTTTATGTTGAAGGGGGCCTCCCTTAAAATTTGGCCTTTTCTTGATGCAAGTAATCCCTTGATCTTAGCCCCAAGGTGGCTTTCGGCAAAGCTTGAAAGCCAATCCTGCAGCGTGTCCCAATGGGCCTTGTCCTTTAGCGCGGGGCGCATCCCCGTGGGCAACAAGCGCAGCACTTCTTCCAGGCCTTCGTCATTTTGCGGGAAAAACCTAGGCAAGCTTTCTTTTCTTAAATCCCAGTGTGCCAATATCCAGTGCATCAGGCTTCCGACGTCGGGTCCTCCGTAGTCCTCAGATCTTGGCAGCTCCCATTTTAAAGGCAACCCCTGCTTGTAGCCCAACCTGTACGCTCGAGGGCACCATGAGAATATCGCATATTCGGTGGCGCTCAACCTGTCGATCGGTGAAGGCTTCACTTTCAAAGATATCTTCTTTAGTGAAACGGGCTTTGACGGCTCCCTTTTGATTTTGGTTTTTCTTTTTTCTCGATAGTTAGTGCCGATCTCGCCGGACAACTTTTCGGAAATGTCAAAGTTTTTTTCTTCTTGCCATGCAAGCAATGACTTTAGCCAAAGGCCGTTTTTGCCCGATGGGTTTCTTTCTTTGTCGACCGAACAACTGCCGCACAGGATGAGCCTTTTTTTGGCTCGGGTGCAGGCGACGTAAAATAGCCGCAATTTTTCCTCATCTTGCGCCATGCCCTCCAGGTAATCGTGGACTATCTTTGAAGGCGGGCTTTCCTTTTGCATGAATGGATCGGGATAGGAGCTCAAAACGGCCCCCGTGAAGAT
CP003198.1_gap6	134911	139323	4412	GCTTCAATACCCACCATAGCAGCAACGGACGCTCCTTGCAGTGCACTGGCCGTCATCTATACACCTGAAGGCGTATTTGAAAGGTATTTTGTCCTTCCCCATAATCCCAATTTGGTGTTGGTGGATACCAATATAATTGCTAAAGCTCCAACCAGGTTGCTCGTGTCCGGCATGGGAGACGCCTTAGCTACGTGGTTTGAGGCAGAAGCGTGCAGCTTCACGAAGGCCCCCAACATGCCCGGAGGCGAGGGGACTGCCGCAGCACTGGCCTTGGCTAAACTCTGTTACGAATTGTTATTGGAATACGGCTTGGATGCCAAGATCGCCTGCGAAGCCCACGCCGTGACTCCCGCATTGGAAAAGATCGTCGAAGCCAATACCTTGCTTTCCGGCTTGGGGTTTGAAAGCAGCGGGCTTGCCGCCGCTCATGCGGTCCACGACGGCATGACAGTTCTGGAAGAGACGCATAAAGCCTATCATGGGGAGAAGGTATCCTTTGGCACGTTGACGCAGTTGGTGCTTCAGGACGCAGATCCTGACACCATATATGAGGTGCTGGATTTTGCATGCTCAATTGGTCTTCCGGTGACGCTAAAGCAGCTTGGGCTCAAGGATGTAAGCTACGAAAAACTGCTTCCGGCTGCTGAAGCTGCCTGTGCGGAAGGCACCACCATGGCAAACATGCCGTTCAAAGTGACCCCCGATATGGTCGTAAATGCCATGCTTGGAGCCGATGCATTGGGGAGGGCCTTCTTGGAGGAGTAAGTAAGATACCTAAATGACATAGCCAGTCGGTCCCCGCAATGAAATTTGTAAGCGGGGACCATTTTTGTCCGTACATCGAGCCTGTACTTAAAACTATTTTAATAAGCTAAACCATATTTGTGATGTTGAAAGATAGTTAATGTTGTATAATGAACAAAGGTCATCTGTCGGTTTTCTACTGTATGAATGGCTTATTTCTGCTGTATCGTCGTTAGGGGGTTTATTAATGATTCGTCATCGACTGGGGCTTGTGGTCAATCCTATTGCCGGCATGGGAGGCAGATTGGGGTTAAAAGGTACCGACGGCGAAGAGGTCTTGAGGATCTGCAGGGAAAGGGGGGCGATAGCTGAGGCGCCCAAAAAGGCCGTAGAAGCGCTCCTCCGGCTAGCCCCCTTAAAAAGCGAAATAGAGATAGTCACGTACCCTGGAGAAATGGGCGAGATCGAGGCAAAAGATGCAGGTTTTAATCCTACCGTTATAGGCAAGATCACCCCGGGAGAAACTACCTCGGAAGATACGAGAAGGGCAGCAAAAGAGATAGCAGATTATGGAGTGGATATATTGTTGTTTGCCGGCGGAGACGGGACAGCAAGGGACATATATTCTGCTGTAAAAGACCGCCGGCAAGTCGTGCTTGGCATCCCTGCAGGAGTTAAGATCCATTCGGGAGTGTTCGCAATAAATCCAAGGAGAGCTGGTGAGCTTGCTCTCCTTTATTTGCAGGGAAAGGTCAAGGACGTAAGGGAAGCCGAAGTCATGGATATAGACGAGGAGGCCTTTCGCCAGGGGCGGGTAAGCGCTGCCCTCTACGGCTACTTGCTCATTCCTCATGAGAGGACCTTTGTGCAGAGCAAAAAGGCAGGACAGGCCGCATCGGACATGATCGACTTGGAGGGCATATCTTATTATATTTTAGACCACATGGATAAAAATCAAGGCGCCCTGTACATCATAGGGCCCGGCACCACCACCAGGGCTATAAAGCAGAAGATAGGAGATAAATACACCTTGCTTGGGGTGGATGTGTGCCAGAATAAAAAATTTATTGCCCTAGATGCTGACGAAAGCACCTTGCTTCAACTTCTCTCGGGCGTGCAGAAGGCATTTATAGTGGTTACCATAATAGGCGGACAAGGCTATATCTTTGGAAGGGGGAACCAGCAGATAAGCCCTAGGGTGATAAGGAAGGTAGGCTTGGAGAACATAATTGTCATAGCCACGCGCAACAAGGTTAGCGCCTTGGGCTATAACCCGTTGCTGGTAGACACGGGCGACGAAGAGTTGGATCAAGCGCTTTGTGGCTATGTTAGGGTTGTGACCGGGTATCTCGAGCAGCGGCTCATGAAGGTCTCGATCTAGACTAAAAGGAGGTATTTCAAGTGGAGTTTGCAGACCTCACATCGTCCCTGCATAGGGCTTTGTCGGAGTTGTTGGCCTTGGCCGAACTGAAACCGAAGGATATTTTGGTGGTGGGATGCAGTACGAGCGAGATCTTGGGAAAGAAGATAGGATCTGCCTCCAACCTCGAAGTGGCACGTGCCATAATGGAAGGCATCGAACCATTGGCGAAGAAATTTGACTTATTCATTGCAGTGCAGTGTTGCGAGCACTTAAACAGGGCTTTGGTCGTTGAGGAGGAGTGTGCGACGAAATATCAGCTTGAGATCGTGACCGTGCTTCCTCACCTTAAAGCGGGCGGTGCACTTGCGGTGGTCGCTTACGAGAAGTTCGACAAGCCCGTAGTGGTAGAAAAGATAGAGGGGCATGCAGGCATTGATATAGGAGATACCATGATAGGCATGCACCTTAAGAGGGTCGCCGTTCCCGTGAGGTCAGGAATAAAGAGGATTGGCGATGCAAATCTGGTCATGGCACGTACTCGACCCAAGCTCATAGGGGGAGAAAGGGCAAAATATCCCCCATACTTCGTAAAATGACATCGAGCGATTTTCTTGACGTGGCATTGGTCAACATGCCCTTTGCCAGCATCAGACAACCATCCTTTGCACTTGGTTTGCTTGCAAGCTCGATCAGGGGAAAATATAAAGTTAAGACTTTCGATTTTAATGTGGATTTCGCCGGGATTATAGGCTTAGATCTTTATGATGAAATATCTACGTGGCATATTGTAGATTTGCTTGGCGATAGGTTATTTGCTCAAGATCTCTATGGAGGTCTCATCCCTCCCTTTGAGGAATACGTAGAAAGGATTCTGAAGGGAAAAGCCCAAGAGCACGAAGCTCCCTTCGAAAAGAGATCGGTCGACGAAACATTTTACGATGGGCTTGTCGAGGTCCAAAGTGCCGTGGGGCCCTTTCTGGAAAAGTGCTTACAAGCCATAGCAGAGGCCAACCCTAAGGTGGTGGCCTTTACGAGCATGTTTCATCAGCAGGTAGCTGCTCTGTCTTTAGCAAAGAGGATCAAGGATGTGCTTAGTCAAACGTTAATAGTCTTTGGCGGAGCAAACTGCAAAAATGTCATGGGCGAGGAGCTATTGAGGTGCCATCCCTTTGTGGATGCCGTGTGTCTGGGCGAGGGCGATAGCGCCTTTAAGTCGCTCGTCGATGCTTACATGTCCGATCAAAGCTTGGACGACATAGATGAAATTTTAGGGATGGCTCTTCAAAAAAACATCGAAGGAAAGGCATCCTTAGAAAGCGATCTAAATAGCGTGCCCATGCCGGATTACAGCGATTATGCATCGCTTTACGAACAAAGGGAGTTTATGAGCCAAGTTAGGGCAAGGATATTTTTCGAGATGTCCAGGGGTTGTTACTGGGGCCAGAGGAAGAGGTGCATCTTCTGCGGCCAATCTAGCGAGACGTTGCGCTTTAGAAAGAAAAGTCGAGGTCGTATAATCTCGGAAGTCAGAAGCCTCGTGAGCGATTACCCCGGTTTTTGCTTATCTCTAAGCGATGAATCCTGCGACGCGGAAATGCTTGACTCGCTTATGGAAGCGCTTGCCATGTTTGATAGAAAGCCTGAGATTGTCTACCTTCAGGTTAGGCCCGATATTGACATGATCTCCATCAAGAAGCTGGCAGAATGTGGGCTCAAAAGGGTAGAAGCAGGCATTGAATCCTTAAGCTCAAAGGTTTTGTCCATAATCGGCAAAGGCGTAAGCGCACTTCAAAACATAGCCTTCCTCAAGGGGTGTCGTGAAGCAAAAATAACGCCGGTGTGGAACTTTCTGTGGGGTTTTCCGGGCGAACCCATTGAGGCTTACGAGAACATGGCAAAGATCATGCCTCTGCTTTATCATTTGCCTCCGCCCAACTATGCTGGCCCTTTCAGGCTTGACCGTTTTAGCCCCTGTTTTGAGGATCCCGAAAGATATGGCATAAAGCGGATAAGACCCTACCCCTCTTACGCCTTCACATATCCCTTTGGCGAAAAAGCTACGAACAATTTAGCCTCTTTTTTTACCTTCGAATATCAGATCCCCCAAAATTGCGCCGAGTATGCCCATGAACTTCGGGAAAACATATTTTTCTGGAAGGAAATTCATCCCAAAAGTTCGCTTTGTTTTTCACGCGACGAGGAAGGGCTCATAATCGACAAAAGGTCCGGCGAGGGCGAATGGCACATAAGGCTTGATCCCTTGACATTGGCGGTTTGCAAAGCTTGCAGTAAGCCCGTGACCATT
CP003198.1_gap7	141106	144643	3537	GTGCCAAAGGGGATGTTTCGAGAGCAACCTCCGGCATTGCCCGAGCTGGATCAAAAGAGGGTCTTAGCGCATTATATCCACCTTGCCCAGGAGACGCTTGGAGCAAACCTGTGTAACGACATAAGTCAAGGCACGTGCACGATGAAATATAACCCCAGGATCAACGAAGAGCTGGCGGCACATCCGGGTATAGCTTCCCTTCATCCCTGGCAGGATGTGGATACCGTTCAAGGGATACTTCAAATGTATTACGAATTCGAGGAGATCCTCAAAGAAATCTCCGGGATGGACAAGTTCAGTTTGCATCCACAGGGCGGGGCTCATGCCGTTTACACGGCAGCAAGCATAATGAGGGCTTATCATCGCGATCGCGGCGAATTGGATAAACGCAGGGAAATCATAAGCGCAGCCTTTACGCACCCCTGTGATCACGCAGCCCCTGCAACGGCCGGCTTCAGGCTGATAATCCTTCCTCCCAGTGAGAACGGCTATCCTTCAATAGAAGCGGTCAAGGCTGCCGTATCGGAGAGGACCGCCGGGATGTTCATAACCAACCCCGAGGATACCGGGATATACAACACGGAGATCGACCAATTCGTCAAGATAGTACACGATGCAGGCGGCCTGTGTTTTTACGATCAGGCAAACGCAAACGTCCTTCTGGGAATAGCAAGGGCACGCGAGGCCGGCTTTGACATGTGTCACTTCAATATTCACAAGACCTTCGGCACCCCTCACGGCTGTTCGGGGCCAGGCTTAGGTGCACTGGGCGTAAGGGATTATCTGGCAAAGTACTTGCCCTTCCCAACGGTCGAGTACGACGGGGAAAAGTATTACCTCGATTTCGACAGGCCGGAAAGCGTGGGCAAAATAAGGCAGTTTCAAGGTCCTGCGGGGGTATTGGTGCGCGCCTACGCCTGGATCAGGGCCATAGGACAGGAATATCTCAAGGAAGTATCCGAGATATCTACGATAAACCACAATTACCTGCAAAAGAAGCTGCAGGAATTGATCCCTGAAATAGACGTACCATACGCACCCGGAAGAAGACGCCTTGAGGAAGCCCGTTACTGTTGGCAGAAGTTGTTCGAGGCGACGGGAGTTAGCACGACGGACATCATGAGACGCGTGGGTGATTTTGGCCTGCAGCATTACTGGACGAGCCATCATCCCTGGGTTGTGCCTGAACCTATGACGCTTGAGCCCTGCGAAAGCTACGGCAAGGAGGATCTGGATGAATACGCAGCAGTTTTAAAACACATCCGCGATGAGGCTTACTCAGATCCTGAAGTTGTGAAAAATGCGCCTCATAAGTGTGCATCTCACAAGTTGGCCGATGAGTCTGCGCTGGATGATCCCAAGCGTTGGGCAACCACATGGAGGGCGTACGTAAAGAAAAAAGGTCGAACCTAAGCCAGTTGGACGAAGTAGAGTAGATAGAAATATAATGGTGGCAAGGCCTCTAAAAAAGGTGACCAATGGGCTTTGCCGCCTTTTTATATGGCCGGAAAGCTGATCGAGAGGTGATTGAGATAGTGGATGAAGAGAAATTGAAGGAAAAGGTGGAGGAGTACTTGCGTTCCTTGCAAGAAAAAGGTTTTCGCATTACCAGTCAGCGGAGGCTCATAGTAGAGACCATACTTCAAAATTGGGATAAACATCCGAACGTCAGAGAGCTTTTGGACCTCATACAGGAAAAGGATCCCTCCATAGGTCTTGCCACGATCTACCGTACAGTAGAGCTCTTGGTGGAGATGGGTTTTCTGCACGAGGTAAATTTAGATGAGGGTTTTAGCCGATTTGAGGTGTCGCGCAAGGATATCCATTTCCATCTTGTCTGTCGCGGCTGTGGCAAGGTGGTGCATCTTGAAGATGAAGATCAAAAGAGCCAGGTTGCGGAAGAGTGGGCTCAAGATATGGGGTTTACTCTCCTTCCGCAAAGCATTGAGCTCTTTGGCGTATGTCATGAATGCCTCGAAAAAGGTTTTGACCCCTCTAGAGTGCCCCAAAGGGAATGTCGTTGTCGTCGCAGGAGGCGCATGCATCGCGGACTTATGTGATATGCTGTTGCAATATCCTCATTGCCCAAAAAAGGAGGAGTGGATTGTCACGTCCATAGCTATTAAAGCTGAAGGGTTAATCAAGCGATATAGGGATATAGTTGCCGTTAAAGGCATAAGCTTCGATGTGGAAGAAGGAGAACTTTTTGGCTTTTTAGGTCCCAATGGCGCTGGGAAAACCACCACCATCCGCATGCTTACCGGGCTATCTAAACCTACAGCAGGCAATGTGGAGCTATTAGGCCTTGACATTAAAGCGAACGCTGCAACGACCAAGGGGTTTACGGGAGTAGTGCCGGAGGCCTCAAACCTTTACGACGAGCTCACGGCCTTGGAAAACCTCCTCTTTATGGGCAAACTCTATGGCGTAAAAAGGAGGGAGAGGTACGAACGAGCTGGGGCGCTGCTTGAGCTCTTTCGCCTGCAGGAAAAGAGGGATCGTCCATTTCGGACGCTTTCCCGGGGGATGAAGAGGTCTCTTACCATTGCCGCAGCCCTCATTCACAACCCTAAGATATTGTTTCTGGATGAACCAACTGTTGGGCTTGACGTCATGGCTGCACGCTCTCTCAGAAGTGCTATTCGAAAATTGCGCGATCAAGGGATGACGATATTTTTGACCACCCATTACCTGGAAGAGGCAGACGTTCTGTGCGACCGCATCGCGATCATCGTAAGGGGACAAATTATCGCAGTTGAAAAGCCTGAAGAGCTAAAGAAAATGGCGATTAAGGAACAGGCCATTGAACTTACCATAAGGGGATCTGTCTCAATATTGGTAGATCAGCTAGCCGCTCTTATAGGAGCTAAGCCCATCATTGTAGGCTCGAACACTTTGCGTTGCAGCGGCACCGCAAATAGCCTTCTCCCACATATCTGCCGAGCAATACAAGATACAGGGGCAGAAATTGAGTCTGTTAATACTATAAAGCCCACTCTTGAGGAAGCTTTTGTGAGGATCACCGGGCTTTCCTCAACTATGATGGCGATGGAAAAGGGGGGTAAGTGACGATGCGCGATGACTTGAGGGGAATATGGTGTATCATCGCAAAAGACATGAAGACCTATTACCTTAAACCCCCCGCCATAAGTTGGGGAATAGTCTTTCCCATCGCATGGGTTCTGGCCTTCTATCTCAGAAATCCGGTGGATTTTAAGGGATTGATCCCCGGGCTCCTTGCCATGACCGCGTTGTTCAGCACCACTGCTGCGGAAGCGGTGGTGATAAACTTCGAGCTTCGCCTTGGGTCATTGGAGAGGCTTTTACTTGCTCCCATTAGCATTATGGCAATTTTACTTGGGAAGATTCTGGGCGGAGCCATCTTTGGCCTTCTTATGAGCTCACTAGTGGCAGTGATGTGCGTCTTCCTCTTGAATTTTGACTTGCACTGGATATCCTTTTTATCAATTCTTTTGCCGGCCCTGCTGGCATTTTCCACTATGGGATCACTTCTCTGTTTAATGGTAAAGGAGGTCT
CP003198.1_gap8	147712	148968	1256	TGTTTTTTATGATACATAGGCTTAATTTTAACGCCCTAGCAATGGGGGATGATGTGGCAAAAAGCCTTGGGGTAAACGTTGAAACTCTAAGAAAGACGAGCCTTATTATGGCTGCTTTGGTTGCCGCTTTGGCAGTTGCAACCTTTGGAGTAATTGGGTTTATAGGGCTGGCAGCACCTCATATTACCCGTAGGATAACAGGGGGAGATCACCGTCATTTACTTCCTCAATCGTGCTTCATGGGAGCTTTAATCTTATTAAGTGCAGATACCGTAGCTAGGAGCATTATGGCCCCAATCGTTCTTCCTGTAGGTATTGTGACTTCTTTCATGGGTGCGCCGCTTTTTCTTTACCTGCTTATAAAAGGGGGTAATCTAAGATCCTAAGGGCAAAGGATATAACATTTGGCTACAGAAAAGAAGTTATCTTGCAAGGGGTAAGTATTTCCGTGGACAGAGGAACCATTACGGCAGTTCTTGGCATGAACGGCTCGGGTAAAACGACGATCATCAAGTGCCTAAACGGGCTTCTAAAGCCTTGGTATGGAGTGGTGATGCTCGATGGAGAAAGTTTAAGTACGCTAAACCGTGAGCAGATAGCAAGAAAGGTCGCTTACGTGCCACAGCGTTCTTATGAGAGCGACCTTTCCGTCTTCGATGCTGTTCTATTGGGACGAAAACCGCACATAAAATGGAACCCATCGAATATCGATCTGGAAATAGTCAGCGATGCATTGCGTACCATGGGGCTTGAAGAGTACGCCCTTCGCCCTGTCAGAGAACTTTCGGGAGGGGAGATTCAGCGAGTTGCTCTGGCCCGAGCCCTAGCACAAGAGGCAGAGGTGCTCCTGCTCGATGAACCGACCAGCAGCCTTGACCTTCATCGCCAGTTAGAGGTGATGAATCTGCTCTGCGAGTTGGCAAGAGAGAAGGGCATGGCGATAGTTCTTTCTGTCCATGACATAAACTTGGCCCTTCGCTTTGCCGACAAATTTCTCTTGCTGCGAGATGGCAAGGTTTATGCCTACGGCGAACGAGATATACTCACTCCCAAGCTCATAGAGGAAGTTTTTAACGTTCCTGTTGTTATGCAGCACGTATATGATCAACTAATAGTCATTCCAATATTCGATGCCAGGGATGCCAAAAATGATGAAAGAAGCTATATAAAGGTTGGGGCGGGAGCATGAAGATGGGAATATTTGTATTGAAGCGAATTCTGGCCTTTAGTGCGGTGCTTGCCCTACTTTGGATGAC
CP003198.1_gap9	254186	257839	3653	CCCCAGACCATAGCCCTCATAATCTCATACATGGAACCTAAACAGGCAGCCCAGGTCATGGGTGGGTTGCCCCCCAATCTTCAGGCAGAGGTTGCAAAAAGGATAGCGTCGATGGAGAGGGTAACTCCTGAGGTGCTCAGGGAAGTCGAACGCGTCCTGGAAAGAAAGGTATCCACTGTATTGAGCCAAGACTTCACCATAGCAGGTGGGTTAGATGCCTTAGTGGCCATCATAAATAACGCCGATAGGGCTACTGAACGCAACATTATGGAAAAGCTGGAGGAAGAGGATCCCGAACTTGCTGAAGAGGTCAAAAAGAGGCTCTTTGTCTTCGAGGATATATTGGGTTTGGATGACCGTTCCTTGCAGCGTGTCCTTCGCGATGTGGACATGAAGGATGTCGCTTTAGCCCTGAAGGGTGCATCTGAAGCGCTTAGGGAGAAGTTCTTCAAGAACCTGTCCAAGAGGGCCGTAGAGATGCTGAAGGAGGACATGGAATACATGGGACCGGTCCGCGTCCGAGATGTGGAGGAAGCCCAACAAAAGATCGTCAACGTTATAAGGGCTTTGGAAGAGGCCGGAGAGATTGTGATCGCGCGGGGTGGGGAGGAGGAGCTGATTGTCTAAAGAGGGCAAGCTTTTGAGGACCGTGCGCCTTGTTCCCCATGCCGTAAAGATTGTTTCAAAGACGGAATCAGAACACTCCTCTGGATTGAGCAAAGATCAACAGGATGGAAAGGTTTCTCAACACAAGACAGAAAGCATGCCTGATTCTGGAAGTCTAAAAGAACAGTTGGATAATCTTAAGAGGCAATATGATCAGCTTTGCAAGAAGTACGATCAGCTGCAAGGCAAATATAGAACGCTTGAAAATTCCGTGGAGCTTGAAAAGAAACGTTTCTTTGAAAAGGTGCACAAAGAAGCAGAGGAAGTTAAAAGGCAGGCTGAAAAAAAAGGTTACGATGAAGGCTTCAAAAGAGGCCTGACAGAAGGAAAGGCTGAAGCAGAGCGCAAGGCTAAGGAAGAGATTGTCGAGCAGGTTTCAGGGCTAATTCGCATCTTGGAAGATTGTCATGATACCATTTCAAGCTCGATGGATAGCTTACTTAAGCAGAATACAACGAAATTGATCAGGCTTTGGGAAAAGGTTTTAAAAAGGCTTCTTTACAGAGAAGTAAAGCTCGATGAGCATGTCCTTGAGCGCTTGCTTGGGCAGGTATTAAGACGTTTAAGCGATAAGGAAAAGATCATAATATACCTGCACCCCACGGAAGTGGCATATTTGCAGGAAAAGCTAGATCAATATGGTGACCTTCTCCGCGGATCAAGGCATGTTGAGTTTGTGGCCGACGATCATGTAGACAGAGGAAGCTGCATGGTTGAGACGAACCTGGGGATATACGATGCCAGATGGCGAACTCAACTGGAACGCCTATCCGAGGAGATAGATCGTCTTTTGATGGAGGGGCAAAAGGAAAATGGCCTCTAAGGAAGGCAAGGACCTTTTATCGGAGTTGGAATCTAGATTGGATAACATGGACTTCATCCGCCTTAATGGCCTAATAGCGAAGGCCATCGGCATCGTCATAGAATCCAAGGGCCCCGATGTTCGCGTAGGCGATTTATGCGAAATCAGATATCGCGATAAGTCTATGTCTCTTCCCGCTGAGGTCGTTGGTTTTAGCGAGAATAGGGTATTGCTGATGCCGCTGGGAGAGTTAACTGACATAGGTCCGGGATGTGACGTCGTTGCAGTCGGCCAAAAGCTTGGCGTCAGAGTGGGCCCGGGGCTTTTGGGCAGAGTTTTAAACGGCCTTGGGGAGCCCATCGACGACAAGGGGCCAATTATTGCAGGGGAAGTTTACCCATTATACGCAAAACCTCCCCATCCGCTTTTGAGGAAACCCGTTGCTACCCCTCTGCCCGTTGGAGTTAAGGCCATTGATGCCCTGTTGACGTTAGGGCGGGGGCAAAGGGTAGGAATATTTTCCGGTTCGGGCGTTGGCAAAAGCACCCTTATGGGGATGATGGTAAGGAATACTGAAGCCGAAATAAGCGTTATAGGATTAATTGGCGAGCGGGGAAGGGAGGTCGGAGAGTTTCTGGAAAGAGATTTGGGAAGCTCTGGGCTAAAACGCTCCGTCGTCGTTGTCGCGACCTCAGATCAGCCTCCGCTGATAAGGCTTAAGGCGGCTTTGACTGCAACGGCCATTGCAGAATATTTCAGAGACAGGGGCAAGGACGTCTTGCTTTTGATGGATTCCGTCACCAGGGTTGCCATGGCGCAAAGGGACGTAGGTCTTGCCATTGGAGAGCCACCCGCCACTCGCGGTTATACGCCGTCCGTATTTGCCTTTCTTCCTAAGCTGCTTGAGCGAGCCGGAGCAGGAGAAAGGGGGAGCATAACCGGGGTTTATAACGTTCTGGTCGAAGGCGACGACATGAACGAACCCGTTGCCGATACAGTACGGGGCATCCTTGACGGACACATAGTATTATCTCGAAAATTGGCTTCAAAGGGCCATTATCCGGCCATCGACGTACTAAGAAGTGTCAGTCGTGTCATGCCCAATATAACATCACAGGAGCACCTCGAAGCAGCACGCAGGGTGAGGGAGTTGCTTGCCATTTACGAGGATGCGGAAGATCTCGTCAACATTGGTGCATACAAAGAAGGGAGTAATATCAATATAGATTGGGCCTTGAGGTATTTAGATGATGTATTGGATTTCTTGTGTCAGCCTGTGGAGGGTAGGTTTAGTTTCGAGGAGACCGTCAAAAAGCTCATATCTTTGGCTCCAAGAGGCGATAGCAAATGAATGACAAGATTGCCAGATTTAATAAACTTGAGGACCTGAAGAAAAAGGAAGTCGAATCCCTGGAATGGGCGTTAGAGGAACAAAAAAAGGTAAAAGAAGGCATAAAAGAGTATTTGTCCAGCTTGAAGCAGGAAAGGACTAAAATGCTTGCTGAATTTGGCCTAAAGAACAATGATGTCTTCGACATCGACGAGCTCTGGGATATCCGAAAGGAAATTGAACTGTTAGATGAAAAGACAACGTATGCCTCATCTGAACTAAAAAAATGCGAAGCGATGGTCGAAAATATCATGAAGGAGTTGCTTAATAAACATAAGGAAGCCAAGGTCATGGAGAAGGCAGCGAATCGTTTGGTAGAAAGAGAAAAATCAGAGCAGCTCGCAAACGAGCAAGCAGCGATAGATGATCTCTCCCAGACACGCTACGGGAGGAATGATGTCTTATGAGGATTTGTCCTGATTTCGACAGGATTAAAAATATCGACAACAGGATAGATGAAATCCGAAAAAAGCTGGGGGAATATCCCAAGCCTCAAAAGCCGTTCATAGAAGTGTTAAGCGAGGCAGAACATGTTGAGGCGTCGCGCGATGCAAATGATGATGGGGCTAATTACGCCCTTGAAGAGGCGATTAAGGCGATATCTGCCAAATGGGGCCTGGACAGCTCCCTTGTTAAGGCTGTAATCCAGGCAGAATCCGGCGGCAACCCAAAGGCGGTGTCTTTCAAGGGTGCGATGGGACTGATGCAGCTCATGCCTACCACCGCAAAGGAGATGGGAGTTGAGGATCCCATGGATCCATTTCAAAATCTAGAGGGAGGAACCAAGTATCTGGC
CP003198.1_gap10	285378	286733	1355	GCCTCAGGTTTTGCTGTGTGTCCCCTTTTTTCGCGGTAAACCCTTCCCGACGACCTTTTGGCTGTCGTGTCCCTTTCTGGCGATGATGTGCAGCCAGATGGAGGCCTTGGGGGGTATAAAGCAGCTTGAACAATTTATGAAGGACAATGCAGATGGCAGAGATTGGCTTGATTTCAACGTAGAACACGCCTTGCTGAGGCTTGCTTTATTATCTCGTGGAGAAAGGCAATATTTGCAAAAGGCCAGGAAAGGCATGATGGACAGGCTGCGTCTGTCCGGTGTGGGCGGAATAGCCCGTCGCAGCGGATTTAACGTCAAATGCCTCCATCTGCAGGTGGCTTCGTGGCTGGCGCTACGCAAACACCCGGCAGAGTCGTGGCTCAAAGAACGCTTGTCGACGGTCGAATGCGAGGAACCTGACAGGTTTTGCATAAATTGACCTTAAACGTGAGGGGATAGCGTTGTCATCTCGCTTTGGTACTGTGGATATAGGGTCAAATTCTTTGAGGTTTTTGGCAGTTGAGAGGGCAAGTGGGCTTCTATGTTACCTTGATTCGGGAATTTGGACGATACGTCTGGGCCGAGGTTTAAGGGACGGCGAATACGTGATACAAGAAGATGTCTTAAGCATGGGGCTGCAGACTGTAGAAGAAGCATGGAAAAGGCTTGATGCCCTAAATGTGCCTTTGAATAACAGAGTTATCTTTGCCACGGAATCGCTGAGGTCATCGTCTAATGCCCACGAAATAGCGGATATCGTAGAAAAAAAGACCGGCCTTGCTCTTAGGATATTGGATGGCAGGCAGGAGGCTCTCTACAGTTACAGAGGTGCCCTGCTGGGGATGGATGTGAACGACGCCTTGGTCTTTGACCTCGGGGGCGGGAGCTTGGAGCTGTGTTGCAAAAATTTTAACGTCTCCCTGCCTTTGGGAGCCATAAGGATAAAGGCATCGTTTGACGAAGATACAGTAGCCATTAAGAGCCATGTACGTTCTAAATTGCGCGAGGTTTTAAAGGAAGGTTCGATGATGCAGGTCGCGGAAATAATAGGCGTTGGCGGCACATCATCGACGGCGGCAATGATCCTTAAGGGCATCCCAATTAAAAATTACCATCCGTCGAAGGTGCATGCCACCAGGATTGAAGAAAAAGATATAGAAAGCCTGATTGAATTTTTGAAGCAAATGGATGTGGAAACTAGAAGACATCTAACAGGCCTTGAACCCGGCAGGGCCGATATCATAGTAAGCGGCCTTTGTGTTATCTCGGCGATCTTGGAGTTTTTTGGCGCGGATCGCTATACCCATAGCGAATGCGATCTTTTATGGGGAGTGATAGCCGATGCCGTTACCAAA
CP003198.1_gap11	323178	323737	559	GGAAAGGCAATGGGGAAAGGGAAATCTATTGTTACAGACTAAAAAGTTTGGAACTGAAAAGCTTGGGCTCGGGAAAGTTCATCATGAATATGGGAAAGGCTAGCGTCCATTCAACGATCACGTGGGAGGAGGCGCTTTTGCAATTTGCCTCATGCTATATCGGCGGGTTACAGCTTTTCTGTGGCGTGTCCGGCTATGCAGATGAGATTTCTTACAGAGAGATGCTTAAAGGGCTTCAAATCGCCTTCGAAAACCACGACGTTCCGGATATGGTGAGAAAGATGGACAGACACTTCGGCGGAAGGACCTTTACGCTAAAGCATTTATTTCGCGACGAGCAGTGTACGATTGTAAATAACCTGGTCGAGGACGTATTAGACGTCATCATGATAACTTATGAGGAGCTTTATGACACGCACTATCCAGCGATGAAATTGCTCAACGAGCTGAATATTCCCTTGCCCGATGCCTTTCGTGCTACGGTTGACGTTGTCTTGAGCGGCAAGCTGAATGCGATCCTGGAGTCGCCAAATATAGATCTGGAAGAATTGGCAAAGGT
CP003198.1_gap12	337742	341528	3786	CCGTGGTGAGGTTCGTTGCTGCCTGCCATCTGGGGAAAATGAAGTGGGATGTAAGCTTTATGGATGAGTTGATGGGTAACATCTCAAAGATAGCCCTAGACGATGTGGTGCTGGAACCGCTGCTTGAATTTTTGGGAAAAGCTCCCGCTCACTTTCAAAGTAAGGTCATGGCCCAAATTGCAAAGGGCGCAAAGGACCTTGAAGAAGAAGCCTGCATTAAGCTGCTTTATTGGGGCAAAAGGCTTAGGTGGGAGACAAAAACTTTGTTGCCCTTTTTAACTCACGACTCTAACCGCGTAGTGGCTATCGCCCTATCTATGTTGTCCTCCGCTGATGACGTCCCTCTAATGGTCCTCATGTCGTTGATGGAAAGAAATGACGAAGAGATACTGGTGCCCCTGTTGAAGAAAATGCGCACCAACAGAAATTTATGTTATTTGCGGGGAAGGATAAGGGAGCTGGCTAGAAGTCATCCTTCTTTAGGGGTTCGAGCTTGGGCAAAGTGGCTTGTAGGCGACGCAAATGTAGGGTAAAATGGGCTAAAAGCTTTTGGAGGAATAGCTGTTGGAGAGGGATTGTGTGTTTTGTAAGATCATAAACGGCGAAATAAAGGGCGATGTCGTATATGAGAACGAAGACATCATTGCAATTAGGGATATAGCGCCGCAGGCGCCGTATCACTATTTGATAATTCCTAAAGTGCATATTCCGACCTCTCAAGATGTGAAAGATCCTTCCCTTTGGGGAAACCTCATGAGCGCCGTTAATGTGGTTGCCGAGCGAATGGGGTTGGCAGACTTAGGTTACAGGGTAGTCGTAAATTGCGGGAGCCAGGCGTGTCAGAGCATATTTCACCTTCATATTCACTTGCTTTCTGGACGCAGATTTGGATGGCCCCCCGGTTAAAGTTGCCATGAGAAGCGAAAGGGGGGAGAGAGATGACAACGGTTTACAGAAGGGAAAATGAGTCCATTGACGATACCTTGCGCCGCTTTAAAAGAGAGGTTAAGAAGGTTGGTGTGCTGCGGGATGCCAGAAAACATGAACATTACGAAAAGCCGAGCGAGATAAGAAAGAAGAAGAAGATGAGCCCCAAAAGGCATCGAGGATAGCTCTAAGTCCCCATAAAGTTTAAGTCGGTACTTGAACAACAGGGCTTAAGGGAAAGACGGCAAAGCGTCTTTCCCTTATTTTTTGCCTAAATATCATGGTTTCATGCCGTATCAATATGCCCGCATGCCCATTGAGCCCCAGGGACCAAAAATGGGGGCATATTTAAGCTGAAAGACCTCTATGTCCTCTTGGATGGCGATTACACTATATATAGTAATGGTCACGACTATATACCACATAGGTAGGGTGAAAAGATGCGTTGCCCTAAGTGTAATTATGAGGACAGCAGGGTAATAGAGACCAGGGCAGTGGAGGATGGCAGCGTCATCCGAAGGAGAAGGGAATGCCCGAAGTGCGGACGGCGATTCACCACCTATGAACGAATGGAGAGGAACAAAGTCCTTTTGGTGGTCAAGAAAGACGGTCGAAGGGAAGCCTTTGACCGGCAAAAGGTCCTTAAGGGCATGATACGTGCCTGCGAAAAGCTTCCCGTATCCCTGGAGACCCTGGAAAATGCAGTTTCTTCGATAGAGGAGGAGCTTTATTCGTTGGGCGTTGGCGAGGTATCCAGTGCCTCAATTGGCGAGATGGTGGCAAATCGCTTAAAGGACATTCATCATGTGGCTTACGTCAGATTTGCATCTGTATATCGCGAGTTTACTGACCTAAAAAATTTTATCGATGAGATATCCAAGCTTTTGGAGAAAAAAGAAGGAGGTAAGGACCAGCGATGACTTCGCTTACTAAATCAGGGTCTTCTTATGAAACGGGGATAGGCGGACAACGATTTTTGTTCGATCGGCCGGAATCTACTGACTTGGCTTTAATGGTGGAGGCTCACTCCAAGGATGAATGCAGCCCTTGGGATGCGGGCAGGATTAGAGATGCCCTGATCAGGGAGGCGGGCGTAAATCCGGAAGTTGCCTTTTCTATAGCTGCCGAAATCGAGGAAGAGGTAATTCGCTGCGGCAAAGATAGGATTACCACTTCGATAATAAGGGAGATGGCAAACGCCAAGCTCTTTCAAAGAGGGCTTGACGTTTATCTGGTAGACCATTCCAAGGTGGGAATTCCTGTTTACGACCTTGAAATAATGATGTTTTCGCCCAATAGAGAAAACAGCAATACTTCCTACAACCCCGAGTCCATAAATTTGACCATAGCCGAAAGGATCATAAAGGATTACGCCTTGAGCAAGCTCTTTTCTCCTGATGTAGCGCGTGCTCACCTGGAAGGCGACATTCATCTTCATGACCTTGGAATGGTCATAAGGCCTTATTGCAGCGGACAAAGCCCTGCTTATGTCGCCAAATTTGGGTTGAACTTGCCTTCCATAACCAGCGTCTCCTCCCCGGCCAAGCATCCGGATGTTTTGCTAGCCCATATGCTTAAGATGACGTCGGTGTTACAGAACAACTTTGCAGGTGCCATAGGCTGGGATGCCGTGAACATGTTTTTTGCGCCCTATCTTGAGGGCTTAAGCGACAAAGAAATGCGCCAATTGGCCCAAATGCTGATATTTGAGTTCAATCAATTGGCAGGTGGAAGGGGAGGGCAAGTCGCTTTCACTGACATAAACCTCTACTTTGAGATTCCTAAGCATTTCCGAGACGTACCGGCCATAGGGCCCGGAGGCAAGTTTACGGGCAAGACTTACGGCGATTATGCAGCCATATCCAAGCGCTTTTTACGCGCCCTCTTTGAGGTTTACCTCGAGGGGGACAGCAGGTCGCAGCCCTTCTTTTTCCCCAAACCGCTGCTTCATATAACCGATGCCTTTTTCGAGGAAGAGGGGTGGGAGGAGATGCTTGAGCTGGCCTGCCTCGTGGCATCGAAGAAGGGCAACACCTATTTTGTCTTCGACAGGGGCGGCGTTACGAAGTTGAGCGAATGCTGTCGTCTTTCCTTCGAGCTCACGGAAGAAGACTTGCAGGAGGCCAAAACCCCCTGGAAGATGAGATATTCTGCCCTGCAGAACGTTACCATAAATTTGCCCCGAGTTGCCTACAGATCCCAAGGCGACCTGCAAACCTTCTTTGGATTGCTCGAGGAGCTCATGGAGCTGGCATTCAAGGCCCATGTCCAAAAAAGAAGCTTTATTCAGAGCTTACTCGACCTGAAGGAGAAAGGTCCACTGTCCGTGCTGACAGTCGCTTATGACGGCGAAAACTATCTCAGGATGGAAAAGACAAGCCATCTCATAGGGCTTTTGGGCTTAAACGAAACTGTGCGGGTACTGAAAGGAAAAGAACTTCATGAAGGAGCCGAAGCGGAGGAGCTGGGGCTTGCCATAGTCAAATTCATGGAGCTTAAGTGCCAGGAATTGACCGAACGGGCAGGATTTAAGGTGGTGCTTGAGCAGACTCCCGCCGAAAGTACGGCTCACAGGTTTGCCAGGTTGGACTTAAACAAATTTCCCATGGCGGCGGATGTGGTCAAGGGCAACGTGAAAAGAAACGAGGTCTTTTATACCAACAGCACCCATATACCCTACGAAGCGGAAGTCGATCCCATAGACAGGGTGATTAAGGAGGGGCTTTATCATCCATCCATAAAGGCCGGTGCCATTACCCATATATGGATGGGCGAACACGAACCGGATGCCGGGGCATTGGCCTCCTTCGTGCGAAAGGTGTTCCTGCATTCCCAAAACGCTCAAGTCGCATTTAGCCC
CP003198.1_gap13	424536	425481	945	AGGATAGATAGGGTTGCCAAATACAACCAGCTTTTGAGGATTTCCGAGGAGCTGGATGATCTTGCTATTTACAGCGGCCTTAGGACCTTTAACAGAAGGGAGAAAAAGAGATGAGGATAGCTGAACCTACAGTCGAAAGACTGGTCCAGTACATTCGCTTTCTGGAGCGGTGTCGCGAATCGGGCAAAAGAGTCGTATCTTCGCAGGAGATTGGAGATGCGCTTGGGATAAAGGCGAGCCAGGTTAGAAAGGATCTTTCTTACTTCGGCGAGATCGGCAAAAGGGGAGTTGGCTATAACGTAGAAAAGCTTTATCAACACCTTAACTCCATATTTGCCCCCCCAAAGACATGGAAAATAGCCATGATTGGCGTGGGCAATTTAGGAGAAGCCTTGCTGGGCTATAAGGCATTTGAGAGCGAGAAATTTCGCATCGTTGCCCTGTTTGACATCGATCCCAATAAGATTGGGCGAAAAATACACGGCATTCACTGTTATGATGTGGAGGAAATGTCTAAGGTCTTGAACGAGGAAGGCGTAGAGGTCCTCATAATAACGACTCCGGCATCTGCAGCTCAAGATGTGGTGGATAGAGCTACATCAAGTGCGCCGATTAAGGGGATATTAAATTTTGCCCCCACTGCCTTGGTCGTCCCGGAGCATGTTATACTCTACAATGTGGATATATTTATAGAGCTTGAGAAACTGCTTTTCTACATAAAGCTCAAAGAAAGGGGCGGCAATATTTAAAAACAGTATAATTTTTCTAAAGCAGTATTACGAATGGTAAGTAAATAATTAAATCGTTTTGGGAGGGATTATTTTGAGCGGACAAGCTGGATTATTGGGTATGATGTGGCCATTACTGCTTTTTATAGTGATATTTTATTTTTTGTTGATAAGACCCCAGAAAAAGCGTCAAAAGCAACATCAGGATATGTTGAAT
CP003198.1_gap14	456291	458547	2256	TCAGAAGAAATACATCCATAACACCCCAACTTATGGAGAAGGTTGTCCTGTGATATTGACAGAGTCATCAGCATTTGCTATTATGATCGCTCGCATTATGAACGCTTGTTCCCTTTTAACCCATCAAAAACATAGATAGGGAGGTCGTTGCTCCCATGCCGGAATTTGTGAAAGTGGGGAGAAAACGCGAAAGGTTGAATTTTGGTCCCTCGAAGGAATTAATTGCCCTACCATATTTAGTCGAGCTTCAACATGAGTCATACAAATGGTTCTTACAACCCGAAGAGCATCCTGACCACAGAAAGTCACAAGGACTTCAGGAGCTGCTCGAGGAGATCTTTCCCATAGAAAGCTACGACGGATCCTTCGTGATAGAGTTCGTACGATATTACATCGATCCTCCGACCTTGACGGAAGAGGAGGCCAGGCAGAAGGACTTGACCTGGTCAATGCCTCTTCGTGCCACCGTGCGACTCGTGAACAGAAACACGGGCGAAATAAAAGAGGAGGAGATATTCCTTGGAGACTTCCCTGTCATGACTGACAGGGGAAGCTTTATAATCAACGGAACGGAAAGGGTAGTCGTAAACCAGTTGGCCCGTTCCGCTGGAGTGTATTTCAGCATCGAGTCGGGTGCTCCCGGACAGGAGGTCTACAAGGCCAAGATCATCCCCGACAGGGGTGCCTGGCTTGAGTTCGACCTAACCTCCGGTGACGTCTTATCGGTTAACATCGACAACAGACGAAAAGTGCCGGCCACCGTGCTGCTTAAGGCCTTCGGACTCAAGGATAACACGGAGCTTATCAAGGCCTTTGGCGGAGTCGAAGAGGAGGTAGACATAGTTGAAGGGGACGTCAGAGGACGTCTGCTGGCCGAAGATATCATAGACAGCGCAGGCCACGTGATCATTCCCAAAAACGATCGCCTGACCAAGGAGCACGTCGAAACGTTATGGGACAGGGGCTTAACGAAGGTTAGGCTCTGGAACGTGGATCCCATCTTTCCCGCCACCCTCGAACGTGACGGGAGCAACTCCCCCGAGGAGGCAATGCTTGAGATCTTCAAGCGTATGCGTCCCAATGAACCCTTGAGGGTGGAGAACGCAAAGGACTACGTTTATTCCATATTCTTTGATACCAGGCGCTACAACCTTGGCCGCGTTGGCAGATACAAGCTGAACAGAAGGCTGGGCCTCAACATATCCGAAGAGGTTAGGTTGCTGACCCTTGAGGATCTGATAGCCATAGTTAAGGGAATACTCAACCTCCGCGACGGAACGGAGCGCGAGGATGACATAGACCACTTGGCCAACAGGCGCGTTCGTTCCGTGGGCGAGTTGCTGCAGAACCAGATTCGCATAGGTTTGCTTCGAATGGAGCGTATAGCCAAGGACAGGATGACGACGATACCGGATTTGTCGACCGCCACTGCACATGACCTGATAAACATTCGACCCATATCGGCAGCCATTAGGGAGTTCTTCGGTTCCAGCCAGTTGTCTCAGTTCATGGACCAGACCAACCCCTTGGCGGACGTCACCCACAGAAGAAGGCTGTCGGCAATGGGGCCCGGGGGTTTGACGAGAGAGAGGGCAGGCTTTGAGGCGCGTGACGTGCATCCCTCTCACTATGGAAGGATTTGTCCTATAGAGACGCCGGAAGGTCCGAACATCGGACTGGTGACGTCTTTGGCCAATTATGCCAAGGTAAACGAATACGGCTTTTTGATGTCGCCCAAGAGGGTCGTCAGGGACCGCTACGTGACCGACGAGGTGGTGTATTTGTCAGCCGACGAGGAGGACGAGGCATACGTGGCCAGGGCCAACATACCCGTTGACGAAGAGGGTCGCATCAACCAGGAAGAGGTGCACGTAAGGCACCGCGGTTCCATAGTCATAGTGCCCCCCGAACAGGTCAACTACGCCGATGTTACGCCAAAGCAGATTGTATCGGTTTCGGCAGCCCTTATACCTTTTTTGGAGCACGATGACGCCAACAGGGCACTCATGGGATCCAATATGCAGAGGCAGGCTGTTCCCTTGATGCAAAGCGAGGCTCCCCTGGTAGGCACGGGGATTGAGGAAAAGGTGGCCAGGGATTCCGGAGCCTGCATACTGGCCAAGAGGGCAGGCACTGTCACGTACGTGGATGCTAACAGGATAGAAGTTACGACGGATGACGGTCAGGTCGACAAATATTCCTTGATCAAGTTCAGAAGGTCCAACCAGGGCACCGTGATACATCAGCGCCCCATAG
CP003198.1_gap15	483937	486304	2367	TTCCCAATCCGGATGCCTATATATGCACCCTGGAGGAGGGCCATAAGCTCGGCATGGACCTTTACGTGGAACGAGGTGTCGGCTATCTGACCATGGATAGGCCCAGGCCAAGTTACTTGCCCGTGGACGTCTTATTGATAGATGCCATATTTTCGCCCGTATTGCGAGTGAACTACAGTATAGGTGCCGCTAGGGTTGGCCAGCGGACGGATTACGAAAGCTTGCTCCTTGAACTTTGGACAAATGAGACGGTAACGCCTATAAAGGCCTTTCTCGAGGCGATCAAGATATTGAACCAGTATTTCAGTCATATTGCTTCGCTTCTGCTCAAAGAGCCGAAAGTGCCTCAAGAAGTCGAGGCGCTGCAGGCACCGGTCGAAGTCAAGGTTGAGGAGGATCCTCTCTTGGCCCGTCCCATCCGCGACCTGGAGCTGTCGATCAGGAGCGAAAACTGTCTGCTTCGGGCGGGAATACGCACGATTGGCGATTTGATCCAGTACTCGCGGGACGATCTCCTTAAGATCCGCAATTTGGGGAAGATTTCGTTGAAGGAGATAGAGGAAAAACTTCAGGCCTTTGGCCTCTCTCTGAGTTCGTCAAAAATTTCAGCGAAGAAGGAGAAGGGGCAAGAGGACGACGAAGAATACGATTTAGACGAGAACGACGACAAGGAGGAATAGACCATGAGGCATCAGGTACGCTCTAGGACGCTCGGGCGATATAGCGCTCACAGGAATGCGATGCTCATGAACATGGCTGCCAGCCTTATAATCCATGAAAGCATAGAGACCACCCTGATAAGGGCGAAGGAGCTCAGAAGCTACGTGGAAAAGCTCGTCACACGAGCCAAGGGCGGAAGCCTTCATGACAGGAGGATAGTGATCTCCAGGTTGAGAAACAAGGAGGCCACATTAAAGCTATTCAACGAACTGGCACCCCGTTACGCCAATCGTCCTGGAGGCTATACCAGGATAGTGAAACTCGGATATCGCAAGGGAGACGCTGCCCCCAAGGCCATCGTTGAGTTTGTCAAGTAACCCGATATGGCGGAAGACAGAATCTTTTCTTTGCGGGATATAGCTTTTTGCTATCCCGGCAACGACGAACCTGCCATCTCGGGGATAACTATGGATATAAACGTGGGATGGTGGGTTACAATTGTCGGCGATAACGGATCTGGCAAGTCTACCCTGGCGAAGATCTTGAACGCCCTGCTTATACCGACGCGGGGCGTTTGTTACGTATTGGGCAGGGATACCCGAGACCCGGCTGTACAGTGGGACATCAGAAAAGACGTATGTATGGTATTTCAAAACCCCGAGAACCAAATTGTGGCCTCCGTCGTGGAGGAGGAGGTGGCCTTCGGCCCGGAGAACCTCGGCTTGCCAAGTGAGGACATCGCCATGCGCGTCAGGTGGGCCTTGGGGGTAACCGGCCTTTCGGAATTTGCAAAAAAGCCTACCTACGCCCTATCGGGAGGGCAAAAGCAGCGGCTGGCCCTTGCCGGGGCCCTTGCAATGCGGCCCAAATGCATCGTGCTGGATGAGGCGACGAGCATGCTTGACCCCGAGGGCAGAAGGGAGCTTACGGGTGTGCTCAAACGCCTGCACGAGGAGGGCATGACGGTGGTCTCTATTACCCACAGGACCGAAGAGCTTCTACTCTCCGACCATGTCGCAGTGCTCAGTAGGGGCAAGTTGGCCTTTTACGGTGATCTGAACGAGGTGTTGAGCGGATCGACGCTTTCAAAGCTGGGCATAAGGGAGCCCTCATCGTTCAGGTTGTGGCGTGAGCTCAAAGGCAGGGGCCTGATCGACGATCGTGTATTGCCGAGGGCAGAGGATATGGCTGAAAACCTGGTGGAGAAGATATGTCTTTAGAGGTTTGCAGCGTCAGTTTTATATATCACAAAGATACTCCCCTGGAGACTAAGTCCTTAAGCGACGTTTCCTTCAGAGTGGAGCCAGGAGAATGGGTTGCCGTGGTGGGCCATACGGGGAGCGGAAAGACGACCCTGGCTCAGATGTTGAACGGCTTGATCTTTCCAAGCAGCGGAGAGGTCATAGTGGACGGCTTGAAGCTTTACCCGAAAGCTCCTCATCTGAAATCGGTGCGGCGCAAGGTGGGTCTGGTCTTTCAATACCCCGAACATCAGCTTTTCGCCGAGACCGTCTTGGAGGAGCTTATGTATGCCCCGCGAAACTTCGCCATTCCCGAGGACGAAGCCATGGAAAAGATAAAGCGCGTTTTGAAGGCCTTTGAGCTGGACGAAGGGATCCTCTCGAAGAACCCCTTTGAGCTGTCAGGGGGGCAGAAGAGGAAGGTGGCATTGGCGTCCATAGTGGTGACGGAACCTCACTACCTGGT
CP003198.1_gap16	571282	575913	4631	ATCCCAGCTATTATCGCTGGAACCAGTGGTTTTTCCTCAAGTTTTTCGAGAGAGGCCTCGCCTACAGGGCGGAAGCTCCCATCAACTGGTGTCCGGGCTGCAAGACGGTGCTTGCCAATGAGCAGGTCATCGAGGGTGGTCACTGCTGGAGGTGCGGCAGCGAGGTAACCAAGAAAAAGCTAAAACAATGGTTTTTCACGATAACGAAGTACGCCCAAGAGCTGCTTGACAGCTTAGACGACCTTCCCGGGTGGCCGGAGAAGGTCAAGATAATGCAGAGAAACTGGATAGGCCGTTCCGAAGGCGTACGGTTAAAGTTCGACGTTCCAAGCTTGGGGGAGACTTTGGAGACCTTTACGACGAGGATAGACACCATTTTCGGCGTTACCTACATAGCCCTCTCTCCGGAGCATCCCTTGGTTTTAAAGATCATCGACTCAAGCTCCGATGGGGAAAGGATAAGGTCCTTCGCGGAAAAGATCATTAAGGCCAATGCTACCATCCGCATAGCCGAGACCGAAAAGGAAGGCATCTTTACGGGATTTTATGCGGTAAACCCTGCCAACGGCAAGGCAGTTCCCATATGGATAGCCAACTACGTCCTCATGGAGTACGGGACCGGCGCCGTCATGGGCGTTCCTGCCCATGACCAGAGGGACTTTGAGTTTGCACAGAAATACGGCATTCCCATAATACCCGTCGTAAGGCCGGAAGGCAGCGAGTTGGCCGAGCTGGCGCACGCCTTTGAAGAGGATGGAATTGCGTGCAATTCCGGGCAGTTCGACGGCTTGCCCACAGGCGAGGCCTTGAAGGCCATGGCCGAATGGGCCGAAAATGAGGGGTTCGGCAAAAGGGAGGTGCAGTACAGGCTTCGCGATTGGCTTATTTCCCGTCAGCGGTACTGGGGAACGCCCATCCCGGTCGTTTACTGCGATCGCTGTGGAGTGGTCCCCGTGCCTGAAAAGGACTTGCCCGTCCTTCTTCCGACAAACGTTCAGATGCCCAAGGATGGTCACAGCCCTCTGCCTGAGCTTGAGGAGTGGGTCAACACCACTTGCCCCAACTGCGGCGGGCCTGCCAAGAGGGAGACGGACACGCTTGATACCTTCGTATGTTCGTCGTGGTACTTCCTGCGCTTCTGCTCTCCGTGGTGCGACGATAAGCCCTTCGACGACGAGGTGCATTATTGGACGCCTGTCGATCAGTACATCGGAGGCATAGAGCATGCCTGCCTTCACCTCATATATTCGCGCTTCTTCACCAAGGTCCTGGCCGATATGGGCTTGATCCGCTTCAGGGAGCCCTTTCAAAATCTTCTTACCCAGGGCATGGTGATCAAGGACGGAGCGAAGATGTCCAAGTCCAAGGGAAACGTGGTAGACCCAGATGATATCATCAAGCGCTATGGAGCCGATACGGCAAGGCTTTTCATACTTTTTGCCTCGCCTCCCGACAAGGACCTGGAGTGGTCGGACCAGGGCGTTGAGGGCGTGTACAGGTTTTTGTCCAGGCTTTGGCGATACATGGAAGAAAACATGGAACAATTGAATAAGGCCGCCCTTGAGCATGTGGCCATGGATGCTTTAAGCGAGCCACGCAAGCGAGACCTCAAGCGAAGGATACACAGGACGATAGAGCTGGTTACCAGAGATATAGAGGTTGAAAGGCAGTTTAATACGGCAGTCGCAAGGTTCATGGAGCTTTTTAACGACATGTATTCCTATGAGCCCAAGGACGGGGCGGATTGGGCCTTGTTGCGGGAGGCCGCCGAGACGCTTATTGTGTGTCTTTCTCCCTTTGTGCCCCACATATGCGAGGAGCTGTGGGAAAGGCTCGGGCATAAGGAGATGGTCGTAAGGCAGCCTTGGCCTAATGTCGATCCGACAGCTTTGGTCGAGGACGAAATTACCTTAGTCGTTCAGATAAACGGAAAGGTTCGCGAAAGGCTTACCGTCCCAGCAGGGTTGTCGCGGGAGGAGATAGAAAGAAGAGTGCTTGACGATCCCAGGGTTCAAAGAAGGCTGGAAGGACAAAGGCTGATAAAGACAATAGTGGTTCCCGACAAGTTGGTCAACCTGGTGGTGAAGGGGTAGTGCCACACCTGGTGGCGGTACAGCTTGCCTCGTCAGGGCGGAGCGTGATTGCCCATGTCTTAGGTGAGCTTCGGTCCCTTGGTTACGAGCAGGCAGGCAGGCTCGACGGCTCAGTGGGCTGGGAGGAGCTTTTTGCCGCTGCCACCACCCGTGGCCTTTTTGGGGGACGTTTGTTTTACGTCGTCGACGATGCTGACGAACTGGGGCCCTTTCCCGAAAAGTTTGAAGAGTGGATTGAGGGCAAGGAAGCTTCAAACGTGATCGTGCTGGTTTACGGCGGCAAATGCAGCGCCTTTCCCAAAAAGCTCATGGGCAAGATGGATATAGTTCAGGGCAAAGACGTTCCTCGAGGTCAAAGGGACCGCATCAGGGCCATCGAAGAGCTTGCTGCAAACAAGGGCTTGAAGATGACCAGGGAAGCAGCTCTGCTCCTTGAAGAATGGGTGGGGGATTTCGAGGAATTGGAAGGAGAGATTGAAAAGTTCTCTCTTTCCGGCAATGCGATTGTTACCGCCGATTTGGTCAGGGAGTTGTCGAAGGACGAAGGGGCCCGGGCAATGTATCGCCTGCTTGATGGGGTATGCACAAAAGACGCGATAACCGTCATGCTTGCCTTAAGGCAACTGGAGGACCGTATGGAGCTTCTTGCGGTGATCTCCGCCCTTTATAACAGGCTAAGGCTTGCAGCTCTTGTTTCTTCCTTTGGTGATCAATGTCTTGATGCGTTGAATGCAAAGTTCTACCAGGGCAAGATGGCACGCGAGGCAACGAAACATTACAGCAAGGATGTGCTTTGGAGATCTGTGGCGGCGCTCGGGCTGTGTTCGGCTGCCGAAAAGATGGGGCTGGGGAAGGGCTGGTTGGGCCTGGAGATGGTGCTGTTAGAGATGATCCGGACCCAACCTCCTTTTTCCGATCAGTTGCTTCCTTGAGAAGTGGGCTCTGCCTCGGACGACTTTCTGAGGCCGGCGATCAATCTTGCGAGCATGGCTTTGCGGCGTGCGGCGGTGTTCCTGTGCATGACGCCTTTGGTTACGGCTTTATCGATGACGGATTGGGCCTCATTGAAAAGTTGAACCGCCAGGTCGAGGTTATTCTGCTCTACGGCTGTGGCCACCTTCTTGACGATGGTCTTTGTCCTCGTCTTCCAGGCGCGGTTGTAGATCCTGTTTCTCTCGGTGACATGTATCCTTTTGATTGCCGATTTCGTATTGGGCATCTTTCGCGATTCACCTCCTGTCGCTAGTATTCGCGCGTTGCTCATTCTATCATGGTTTTGTGCTTTGAGGCAACATCCGGATTTATAAGGTTAGGGGGCTGGAATATGGCTCGGATGGATGACAGCGTAAGAGAAGCCAAGATATTGGATTTCATAAAGAACTTGACATCGGCATTCTTCGTGGTGATCTCGGTCATCGGTTTTTTATTCGCCAAAGCCGGACGTCCCTGGGGGGAAATGCTTAGTGCTGTTGGAGTATCCGGGGCCGTGGGCATATTTACAAACATATTAGCCGTCAAGATGCTTTTTCGCCCCATATACATACCCCTAATAGGCGTGCCCATACCGGGAAGCGGCGTCATAGCCAAAAACAGAGATCGCATATTGGATACCTTTGCAAACGAGGTCAGAAACAGGCTGCTGACCCCCGATGCCCTGAAGCAGGCCGTAAGCGACGAAGCCTTCTTTCAGTCCGTAAGCCCGGTATTGCAGCGCGAGATAATGCGGCTTTACCTGAGGAGGGATAACTTAAGGGCACTTTTGAGGGTGCTGGAAAAGCCGCTGACGGACTTTTTCAGCAGCCCGGGATTTGAGCAGATGGTAAGAGAAAGGCTTTTAGACGTCGAGCGGTCGCATTTTGTCCTGTCTTTGGCCTCCAAGGTGGGCCTGTTTCAGGTGGAAAACCTGACCAAATGGATAGTTTCCCTGGTGAAGGACAGGTGGATACATTTCTTGCAGGGGGAGGAGGGTTTAAGGGAGCTTCAAAGACAGGTGGCATTGATGCTTTCCAAGATCTCCTGGGAGGAGGGGGATGCCATAAAGGTCTTTAGGGAGACCTTCGAGAGGATCGTTCGCCGGATATTGGAGAGGATCGATTTGGGTGAGCTTGCGAAGAGGTCTTTAGGCGAAGTGGAAGAAGGAGATGTGGAGGCTTACCTTGAAAAGCTGGCCCACAAGTACCTCTTCTGGATAGAGATGTGGGGTGGCATAGTTGGTGCTATCATAGGCTTGTTCATGGGCATATGGTTTGTGATATAGAAGCCTTTGGCTTTCGTTTTCGAAAACAAAGTATTGCTACATGAACGCCGCATGTGATATAGTATCCTGGCTCCTTTATTGGTGTAGGTTCGACTAATTTATGAACGTTGAGATTGGAGGTGCTGTCCGTGCCTAAGAGGACCTTTCAACCGCATGTCAAGCCTCGTAAGCGCAAAATGGGATTTTTGGCCCGCACAAGTTCGCCGAGCGGACGACGCATTCTTCGAAACAGGAGGCGTAAAGGACGTCAGAGGTTGGCAGTTTAACAACGATGCGTTTCG
CP003198.1_gap17	749777	750793	1016	CGGCACAACGCCGGAGATATTCGACATGGTGCGCAAGAAGGGAAGTATTGTGATAGATGGCACATGCCCCTCCGTTAAAAATGCCCAAGAGAAGGCTCGTCTTTTATCAAAAGAAGGCTACAATGTTGTGGTGGTCGGGGATCCCAAACATCCCGAGGTTCAAAGCATAAAAGGTCATGCTTTGGGCGAGGTATATGTCGTAACTTCCCCAAAGGATGTCGAAGCTTTCCCCGCGAAGGACAAAATAGGCGTGGTATCCCAGACCACACAGGAAGAGGGCATGCTGCTTGCCATTGTAAGCGCTTTGGTGCCCAAGTCACGGGAGTTGAGGGTATACAATACGATCTGCAAGGCCACCCTGCACAGACAGGAAACTGTAAAAAAGTTGGCATCTGAGACAGAAGGGGTAATAGTTATCGGGGGGCATAACAGCACCAATACGGCCAAGCTCGTCGAGGTGGCCAAGAAAGAGGGATGCGATGTCCTTTGGATTGCCAAATCTGACGAAATAGACGAAGATTGGCTTAAAAATAAAAGTATAATAGGCATAGCTGCCGGAGCTTCAACCCCGGATTGGCTTATAAATGACGTGATTAGTTCACTATCATGTAGGTAGTTAAGGGAGGATGGTTGGTAATGGTAGAGGAAGAAAAGCGAGAGGGACAACAGGAAATCGGAGGAGAAGCTATGGATCTCCCTCCCGCACAGGAGAACCAGGAGACTATGGAGGAACTGATAACGCAACATGGCCTTGAGAATGTACATAGAGGTAAAGTGGTAGAGGGCGTTATCATCGACAGCACCGATGACGGATGGCTAGTCGACATAGGATTTAAATGCGAAGGATTCCTGCCAAAGCGTGAATGGACCCACAGGATATTGGTTGACGATGACAGCGATCCGAGCGTTGGCGATAGAGTTCGTGCCGAGGTAACTAGGGTTGTCCATGGCGAGGAGTCTCAAGTATTGCTTAGCAGATGGCGCCTTCTCTTTGACGAAAGATGGAACGATCTGGA
CP003198.1_gap18	767445	771483	4038	GTAAATATCGGAAGGAGAGTGATGTATTATGGCTTTAGATGATGTATTTGCGTCGCCGGAAGAAGCCATAAACATGATCAAAGAAGGAAGGATGATCATCGTCGTCGACGACGAAGACAGAGAAAACGAGGGAGATCTCTTGATGGCGGCCTCCAAGGTGACGCGCGAATCCATAAATTTTATGACCAAATACGGTCGTGGATTGGTGTGCGTTCCCCTTACTGAGGAAAAGGCAAAACAGCTTGAGTTAGAGCCCATGGTACTTCATAGTACCGATCCCCATGGCACTGCCTTTACAATTTCCGTAGATGCTAAAGAGGGCACCACCACGGGCATTTCCGCCGAAGATAGGGCCATAACGGCCCGCCTGCTTGCAAGTCCAGAGGCGAAGCCGTCAGACTTCAGACGTCCTGGGCATATGTTTCCCTTGATCGCAAGGAAGGGCGGAGTACTTAAAAGGGCCGGTCATACGGAGGCAGCAGTGGACTTGGCAAGGCTTGCGGGATTAGAGCCCGTCGGTGTCATATGTGAGATAATGAACGACGACGGTACGATGGCCAGATTGCCTCAGCTGATCGAATTTGCAAAGAAGTTCGACTTGAAGATAATGACCATAAAGGACCTCATACGCTACAGACATATGAGAGATAAGCTCGTCGAAAAAGTCTCAACGGTCAAACTTCCAACGGAGTACGGGAACTTCATCGCCCATGCCTATCGCTGGATACTGGACGACGATCCCGATCGCCTGCATATAGCCTTAGTAAAAGGGGAGATCGGGGAAGAGGACGACGTGCTGGTAAGGGTGCATTCCGAATGCCTTACCGGAGATGTATTCGGATCTTTGAGATGCGACTGCGGTGCGCAACTTCACAAGGCCATGGAGATGGTAGAGCGCGAGGGCAAGGGCATTGTCCTGTACATGCGCCAAGAAGGAAGGGGCATAGGACTCTATAAGAAGCTTAAAGCGTATGAGCTTCAAGAAAAGGGAATGGATACGGTGGAAGCTAATATCAAGCTGGGAGTAAGCCCTGACTTAAGGGATTACGGAGTGGGGGCTCAAATACTTTTCGACCTCGGGGTAAGAAAACTTCGCCTTATGACCAATAACCCCAAAAAAGTCATTGGCCTTGCAGGGTATGGCTTAAAGATCGTGGAAAGAGTTCCCATAGAAGTCGAGCCTAACCCCTATAATTCAGATTACCTTAGGACAAAAAAGGAAAAGATGGGGCATCTGCTTCATCAAAATGGCGACATATAACTCTGTTAAAATTTACTCACTGAAGGAGGAGGGTATCGATGCGCGTCTTTCAAGGCAACCTAATGGGAGAGGGGCAGAAAATCGCCCTGGTTGCTTCTCGGTTTAATGAACTGATAACAAATAAGCTAATAGAAGGTGCTAAGGATATATTGTTCAGGCATGGCGTCAAACCTCAAGATGTAGATCTATATTGGGTACCGGGTGCCTGGGAACTCCCGTTGGTAGCACAGGAGTTGGCCTTATCCGGAAAATATGACGCAGTAGTTCCGTTGGGAGCGGTCATCCGGGGAGATACACCGCACTTCGACTACGTTGCCTCAGAGGTCTCCAAGGGGTTGGCAAAGATAGCTTTAGATCATCGCGTTCCGGTGGTCTTTGGTGTTTTAACCTGCGACAATCTGGAACAAGCGCTGCTGCGCGCTGGCAGTAAGGCCGGCAACAAGGGCGGCGAGGCGGCGATGGCTGCCCTGGAGATGGTCAACCTGCTCGATCAAATACGAAACCAGAAAGGTGGTACCCAAATTGCTTGATATTAAGTGGATCAGAGAAAACCCGGATGAAGTAAGAAAGATGCTCGAGAATAGGGGATATGACTATCCATTAGACGAACTGTTGAGGCTTGATGGCCTGAGAAGGCAAAAGCTTATAGAGGTGGAAAACCTTAAGGCTAAGAGGAACGAGGGTTCCAAAGAGGTGGCCAGGCTAAAATCAAAGGGAGAAGACCCCTCGCAGTTAATGGAAGAGATTCGGAGCATAAATGAGACCATCAAGGCTTTAGATCAAGAGGTACAGGAAATTGAGGGGAAGCTGAGGGATTTGCTTCTTCAGATCCCAAACAGGCCACATGAGAGCGTTCCCGTAGGTAAATCCGAAGAGGATAACGTGGTAATACGTCACGTTGGGAATCTGCCCGAGTTTGATTTCGAACCCAAGCCCCATTGGGAATTGGGGGAAAGTCTGGGGATAATGGACTTCGAGGCGGGTATAAAGTTAGCGGGCAGCAGGTTTACCGTCCTTAGAGGTTACGGCTCTCGAATGGCCAGGGCCCTCATAAATTTCATGTTAGATCTGCATACCCGAGAACACGGATATCTGGAGTTCGAGCCGCCCTTCCTCGTGAACTCCAAGACCATGGAGGGCACTGGACAGCTGCCCAAGTTTGCAAACGACCTATACCATTGCGATAGCGATGACCTTTGGTTGATACCGACTGCAGAAGTGCCTCTGACCAACATGCACGCGGAGGAAATCTTGGAAGAGGATGTGTTGCCCCTTTACTATACCGCCTACACTCCATGCTTTAGAAGAGAGGCCGGAAGTCACGGAAGGGATGTAAGGGGGATGTTGAGGCAACATCAATTTGACAAGGTGGAGCTGGTGAAGATCTGCACCCCCGAAAGCAGCTACGACGAGCTGGAAAAGCTCACTCGAAACGCGGAAGAAGTCCTGAAGAGGCTTGGTCTTCCCTATAGAGTGGTGTGCTTATGCACAGGGGATATGGGATTCGCGGCGAGCAAAACTTACGACATAGAAGTCTGGCTTCCGTCGCAGAACACCTATAGAGAGATCAGCTCCTGCAGCAACTGCGAAGACTTTCAGGCACGACGCATGAACACCAGGTATAAACCCCGCGGCACCAAGGGAACACGTTTCGTACATACGTTAAACGGTTCCGGAATAGCCGTGGGCAGATGCCTCATAGCCGTGATGGAAAATTATCAACAAAAGGATGGATCGATAAGGATACCGGACGTGCTGGTTCCCTACATGAACGGACTTACGGAAATAAGAAGCTTTCGTTAAAAGTTGTTTCCAAGAGACCGAGGATATGTCCATTTAAAGCCGCTGTCAAAGGGCTGGGGCTTATCCTTGGTCCGTATGAAAATTGCCTTGTCGTCGTTGCTGACAGAGTCCAGCCTAACCGGAAAAATGAAATCGCTGAAATCTATAAGCGGTTGGACTTTTTCCACCAGCTCTTGTGTCGCCTGCTCCGGAAGGCGGAAGCCGTCGGCATAAAGCTTGTAATTCTTAAGGTAGATTTTATTTTCATCGACGACCTCAAGTTCGCCTGTGAGCTTGGCCAAGACGTTGAGCTTGAACAGCAGCATTGGCAGCTCGTATACAGCTGTTGCTACAATTTTGCCGTTCCTTAAGTCGAACTCAAAGTTGCTCCATCTCTTATCCTTTAACTCGTAATTTTTCAATGCTCCATTTATGTCATCTTTAAGCAGCCTGGCTTCAAACGAGACTGCCGACACGTCACGTGGGCGCAGTTTTTTGTCCCAATCTGTGGGAGGGTTGAATTGCACGTCTCTTGCTTCGATGGCAATGCTGTCGATGCGCAATCCCTCTACAACCGCACCCTGTAGCTTGATATACAGATGAGACACGTATCCTTTATCTGTCGGGGGTGCGTCTACTATTATCAATGCCTTTTCCGGGGACAGCTCTTTTATAAAGCAACTGCCAAGTACCTCCAAGGGGACGCTATTGGCTTTGGCAGGCAGAGATATAAATGCTATCATTAAAAAAATTAGGCAAAGCTTTTTAATAAATTTCATTCTATACATCAACCCTTTCATGATAAAATTATAACCAGAATTTCAAGAGGGGAGAGATCCCAACAATGGGTAAAGTTTATCTTTTGATCACGCTCACGGCCTTAGGTTGTCTAGTATTCGAGAAGTTGACGAAAAGACGACTCTCCATGGACCAATGGGATTATACAAGAGACCTGCTGATGTTGGCCAGCATGTCTTTGCTCTCCATAAGCGTCG
CP003198.1_gap19	796498	799025	2527	ATACTAGCTTCAAAGAGGTGTCAAAGATGCTTGGCATCTCCTACGGCAGGGTTAAAAAGGTATTGATGGAAGCCTTAGCGATGATAAAGCTACCGGAATTAGTCGCAGACGACTTAAAAGAACTTCACATCGGGATAGATGAACACAGCTTCAGGCATCAGGAGATGGTGATAGTGGTGACCGATGTAAGGGCAAAGAGGGTGCTTGGAATACTAAAGGACGATCGCCTTTCTACCCTGGAGGAATTTTTAAAGAAGATCCCTCCCCATAAGGTCAAGGAAGTGTGCATAGACATGAAGGAAGGCTTCAGAAAGTTAGCCCAAAGGCTATTTCCTAAGGCTGACGTGGTCGTAGATCATTTCCACGTGATAGCTAATGCTAACAAATACATGGATGAGGCAAGGAGGATCGAACAGGACGTAACGAACAAGGGCAAGGTGAAGATACCCAAAAAGATATTCCTCGTTGGCTTTGAGCGTCTAAGCGAGGAGGGGGTAAAAAAGCTAGATGAGCTTTTAAGCAAATACCCAAACCTAAAGGACTTCTACTGGGCAAAGGAAAAATTGAGGAAGCTTTACAGTGCAAAGGACAAAGGAGAGGCTTCTAAGCAGTTGGAGCTAGTCATCATGAACCTGAAGGCCTCTGACGATGCCGAGGCCAGAAGATGGGCAAATACACTTAAGAGGTGGCAACAACCAATCTTAAACTACTTCGATAACAAGACTACCAACGCCTATACCGAAGGTTGCAATACGAAGATAAAGATGCTAAAACGTCTCTCCTTCGGTCTAAGGAACATAGAGGTTTATACAAAAAAGATGATGCTGGGGTTCTTACCACAGAAATCTTTCCACACTATTTGAAATAGAGCCGGAGTTTCAGGAACAGGTTAACGAATTGATGGAACGTCTAAGGGGCATAGCTCAACAGAACGGGTTCGTCATAAAGCGCACTCCTCAGGGATTCATAAACATTCCATTAGTGAAGATCGAGCAAGATGGCAAAGTAGTATATAGAGAGATGCAGCAGGAGGAGTTTGAGGCCCTTCCGGAAGAAGAGCAAAGGAGATTGCAGGAAATATCGGAGAAGATATCTCAACATACCCTGGAGACCTTAAGGAGGATCCGAGATCTCGAAAAGGGGCTCAAGGATAGGATAAGGGATCTCGAAAGGAATATATCCCGCAATGCCATAAGCCCCTTCATGAGCGAACTTAAAGACAAGTACGCCAGATCGGAAAAGCTCTCCAAGTGGCTCGATTCCATGGAGGAAGACATCATCAAAAATTTCAATATATTCGTGGCAGCTGCGAGAGACGAAAACATAGAGGTCGACTTCGGCAAGTACATGGTTAACGTCTTTGTCAGCAACGATCCGGATAAAGGTGCACCCGTGATTAGGGAATCCAATCCGACCTATTACAACCTCATGGGCAAGGTGGAGTACGAAAGCAGGCAGGGTTATCTCTATACGGACTTTAGGAAAATAGTCGCTGGAGCGATCCATAGGGCAAACGGCGGATATCTGGTATTGGAAGCAGAAGAGCTGCTTCGGCAATACTTATCCTACGACGCCTTGAAGCGTGCCCTAAAAGATGAACAACTCACTATCGAGAATTTAGGTGAACAGTGGGGATTTGTGCCCGTCTCCTCTCTTAGGCCGGAACCTATTCCCTTAAACGTCAAAGTTGTGATAGTGGGTACCCGCTACATTTACTACTTGTTGAGCCTGTACGATAAGGAATTTTCCGAGCTGTTTAAGATAAAAGCAGATTTCGACATCGATATGCCGCGAAACGAAGCCACGGAATATGATATAGCGGTATTCGTGGCTGAGTACACACAACAGGAAAAATTGCTCCCCTTTAGCAGGGAATCAGTGGGCGAAGTCATAGAGTTCGCCTCTAGGCTTGCCGAGCATCAACGTCGAATGACCACGCAGATGAACAAAATAACCGAGGTATTGGTAGAGGCGACCGCTTGGGCAAAGGCAGAAGGCAAAGAAGTGGTGGAGGCCTCGCATGTTCGAAAGGCAATTAGCGAGATGCGCTATCGTGTCAGCCTTATCGAAGATCGCTTGTTCATGTCCCTCGAGGAAGGAATACTTCGCGTCGAAGTAGACGGCGAAAGGGTTGGCCAAATAAATGGGTTGACCGTAATAGACATGAGAGAGCACTCCTTTGGACATCCCGTTAGGATCACATCTAACGTCTACATGGGACAAGAGGGAGTCGTAAATATAGAAAGGGAAGTAAAGCTCACGGGGCCGATCCATAACAAAGGGCTGTTGATACTTTCGAGCTATTTAGGCAAAAAATATGCACAGGACATGCCGCTCACTTTGTCTGCCAGGATAGCCTTTGAGCAGACCTACGAGGAAATAGAGGGTGATAGCGCATCATCCACGGAGCTATACTGCTTGCTGTCGTCGCTATCGGGTTATCCGCTCAAACAGGGCATCGCAGTCACGGGTTCAGTTGATCAGTTTGGAAACATACAACCCATAGGGGGAGTGAACGAGAAGATCG
CP003198.1_gap20	942573	945094	2521	TCTTCTGGAACCAATCTCGTACCTCTTCACGAGTCGGATTCGGGTTTTCGTCGAGCAAGGCCTTAGAGCTCATGATAAATCCCGGCGTGCAAAAGCCGCACTGTATGGCGCCCGTCTTTACGTAAGCCCACTGAAGCGCGTGAAGCTTCTCAGGCCTTCCTAAGCCCTCTATGGTGAGAATTTCAGCGTCTTGCGGCACCTTATCCCATCTTACGATGCAGGAACGCACGAGCTTGCCGTTCATTATGACCTCGCATGCTCCGCATTGTCCCGATCCGCATCCAAGCTTTGTTCCCGTTAGCCCGAGTTGTTTTCTAATTACGTTGACCAGCATGGCGTCGGGGGAGGCGACTACGTGGTGAGGACATCCGTTGACCTTGATGCTTTTCCTTAAATACTGTTTCATGGTTTCCCTCCTCGTTTTTTTCGAACGCCCTAAAGCTCATATATGGCAAACTTCGACCCAAGTGACCTCCTTTCTTTAAGTTATTAATTCGCCATACCAGCCTTAAAGCGTCCATCTAGCGCTAAAGGAGGTTTAAAAAAGCTGCCTCGCTTAAAGGAGGCAGCTTTTTGCTAAAGATAACCTACGGCAGGCGTAAGCTTTCTTTAACATTTCCTCCTTTCCAAACATGGGAGGCATCCTCGTTTCCAAAGATACCCATTGGCCAGAAACCATGGAGCCCATGAAGGGTCTTTAGGTTAAATGGCTCGGAGCAAAATGTATATTTTATACATGATATCGTAACATTAATAAACGTATTGTTCAATATGGTTTACATGTCAGAAAAATATCGAGTTTGTTAAATAACCTTGTTTATGACATCGCATGAAAAGTCCTGCTTGAGGAATGTTGCTAAACATGCAATAATGTTGCATTTTGTAGATCAAGAAGTAGACGATAATTTTAATTATCTTATTATTTGCAAGTAAGTATATCACAAAACTGCTGTGAGTGATCAAGTTTACATTACGCCTCGCTATACGTAAAGGACTTAATATTCAGCTCGAAGGATGTTATCATTGGTTTAACTTTAAGTATCCTTAAAAATAATAAAATTGGAGCTAGAAGTGACATGGCACAAATAGAGTTAAACGAAGGTTTTCGTAAGGCTTTAGATCTCATGGAAAACAGCGATAAAAACGTATTCATAACAGGGCGGGCCGGCACGGGAAAATCCACCTTGTTGACGTATTTTCAACAAAACACCAACAAAAAGGCCATAGTTTTAGCCCCGACCGGGGTCGCTGCCTTAAACGTCAAGGGGCAAACGATCCATTCGTTCTTTGGTTTTAAGCCCAACGTCACATTGGACCAGATAAAAAAGATAAATACCCCAAAGGGCTCGACCAGCATTTACAAGAAGATTGATACCATCATCATAGATGAGGTATCGATGGTAAGGGCAGATTTGCTCGATTGCGTAGACAGGTTCTTGAGGCTGAACGGACCCAAGAAAAAACTACCCTTTGGTGGCATTCAGATGATCTTTATCGGGGATCTCTACCAGCTTCCGCCGGTGGTCACCAAGAACGAAAAGGAAGTCTTTAAGACCATTTATGAAAGTCCCTATTTTTACAGCGCAAAGGTCTTCGATTCCATGGATTTCGAGTTCATCGAGCTTGATAAAATATATCGCCAACACGACCAAAGATTTATAGACCTCCTCGGTGCAATACGCAACAAGACTGTTACCGACGATGACTTAAAGCTTTTAAATAGCCGAGTTATGCCGGACTTTGAGCCTGACCGCGACGAATTTTTCGTGTACTTGACGACGACGAACAAGCGAGCTGAGGAAATAAACGAGCAGCAACTGTCAAGGTTGAAAGGAAAGACATATATCTTCAAGGGCGCGATCAAGGGCGAATTTGGCAATGATTACCTGCCCACGGCTCCGGAGTTGAAGGTCAAGGTCGGAGCTCAAATAATGCTTTTGAACAACGATTCGCTCGGCAGATGGGTGAACGGAAGCATTGGAAAGGTTATAGACATTTACAAAGATACTTTGGAAGATGAAGATAAAGAAAGCTACATCATAGCGGCTGAACTTTCCGACGGCAGTGAGGTTGAAATAACGCCACATACGTGGGAGATATTTCACCTCTATGTGGAAGGAGATAAGCTTAAATCCCAGACGATCGGCAAATTCACGCAATACCCTATTATGCTTGCCTGGGCCGTGACGATCCACAAAAGCCAGGGCAAGACCTTTGATAAAGTGATCATAGACATAGGACGGGGAGCTTTTGCTCACGGCCAGGTCTACGTGGCGTTAAGCCGATGCACGTCCCTTGATGGGATCATCCTTAAAAAACCGATCAAAAGGGAACATATCTGGATGGATTGGGATGTCGTGCACTTTTTGACCAGGTGCCAGTATAAAAAGGCAGAAGAAGCCATGTCGTTAGAAGAGAAGATCGATGTCATAAAGAAGGCCATCTTCGAGGGCATGTCTTTGGAAATCCTCTACTTAAAACCAAGCAACGAAAAAAACGTCAGAATCGTGCGGCCAATCGA
CP003198.1_gap21	955056	960056	5000	GGATATTCAAATGGCTTCGAGGTGGAACTCTTGACAAACCCAACGCAAATTAGGACGGACGAGGCAATTATAATCCAGTCAAATCTCGCAGAGGTTGGCATAAAGGTCAATGTCACGACTATGCCTGCTTCAGAGATGTACGCTAAATTTAGGCAGCAGGGTCACCAAATGATCTTGGCCGGATGGGGCATAGATTATCCGGATCCCGATGCTTTGGCAAAGCCGTTTGCCAATTATAAGGTAAAACAGCTCGCCTGGAGAACCATGTGGTATGACGATTACGCCGCTAATCTGGCCGAAAAGGCGGGACAAGAACTTGATCAAGCGCGCAGGCTTGAGCTTTACAGAACACTTCAGGAATACTGGATAAAAAAGAGCCCCTTTATAATGCTATATCAACCTTTGGATTTCTGGGTTGTAAGGGACAATGTGATGGGGTTTGAAGAGGCTGCTACTGGCTACAGCATAACCTTCGATTTCACGAAAATTACAAAAAAGTGACCGCGAAGACATTTATCTACTAAAATAAACCTTAAGAAGGGAAGGATTTGTAAAATCCCTCCCTTCCCTTCTTAAGTTTGTGGGGGTTTAATCTGAATGAGGCTTGAAACCTTCATCATTAAGAGGCTATTTTTAATGCTCGTCGTCCTTTTCGGGGTTTCCGTTGTCGTGTTTGTGGTGGCGAGGGCAATACCTGCCGATCCGGTTGGAGCCATCCTGGGTGGAAATGCCCCCTTGGATGTCGTCGAGGACATGACAAGACGATTGGGCCTGGATAAGCCGCTGTTCGATCAATTTGTAGATTTCATAACCGGCGCTGCAAGAGGAGATTTGGGCGTGTCCATCAAGAGCAACAGGCCTGTCATAAAGGATATAGCCGAGTTTTTCCCAGCGACGCTTGAACTTGCTATAGTTGCTGCTTTAATATCCGTGTTGTTGGGGGTGCCACTCGGTATTTTTTCGGCAGTACACAGAAACAAACTAATAGATCACTTCTGTAGGGTTTTTTCGATATTGGGGGTATCTATGCCAGTCTTTTGGACCGGGCTTTTGCTGTTGATCTTGTTTTATTATCATTTGGGTTGGTTGCCGGGAAGCGGACGCGTGGACATATTCACCGTTGTCCCACCCAGGGTAACGGGTCTTTTGTTGATGGACTCATTGCTTGCGGGGGATTTTGGAGCTTTTAAGGATGCTCTTTTGCATATAATACTACCTGCTGTCGTGCTCGGGTATTCCTCTACGGCCTCTATCGCAAGGATCATGCGTTCCAGCATGCTTGATGTCTTGAGGCAGGATTTCATAAGGACGGCCAGGGCAAAGGGAATTGGAAGAAAGCTCGTGATATACAGGCATGCCTTGCGCAACGCGTTAATTCCTGTAGTGACCATAATAGGATTGACGTTTGGCGGACTGCTTGAAGGGGCCGTCCTGACAGAGACCATATTTGGATGGCCGGGCCTTGGTCGATACATAGTAAATTCGCTGTTACTCCTGGATTACCCCGCCATCATGGGAGGCACTTTATTCGTTGCAGTGGTCTACTCTCTGGTCAACTTAGTGGTCGACATCGTTTATGCTGCACTCGATCCCAGGATGAGAGTTTAGGAGGTATGTACTTTGGAAACTGAAGGCTCTAATATCGTCGTTTCAAGGCGCAAACTTATGCTTGAGGATTGGAAGCATACTCTTTATCTATGGAGACAGAACAAGTTGGCCATGATAGGCACAGTTATCATCGTCTTTTTCATAGCGATAGCCGTATTTGCTCCCCTGATTGCACCTTACGATCCCGTGAAGGTCGATCTTTCTCAAGCCCTGCTTTCCCCAAGCTTTGAACATATATTTGGGACAGATCAGTTCGGAAGGGATATCTTTAGCCGAGTGATATACGGTGCCCGTATTGAAGTGGGCATCATTTTGCTTGTGACTGTCATCAGTGGGGCGATAGGGATTGCAGTTGGCATTACGGCAGGTTATTTCGGTGGCGTCATCGACGAGATACTGATGAGGATCACCGACATATTCTTGGCCTTCCCCAACCTCATCCTTGCCATGGCCTTGTCGGCTATGCTTGGCCGCGGCGTGTTTAATGCCATCATAGCCATATCCCTGGTGGGTTGGACCGTTATCGCCAGATTATCGCGTGCGGAGGCCATGAAGATCAAGTCGTTGCCATACATTGAAGCCATAAGGGCATTGGGTGCCGGCAACCTACGCATACTTCTTCTTCATATATTGCCCATGTGCATGTCTCCCGTCTTAGTGCAGCTGTCTTTAAGGATGGGATCCATCATCCTTACCGCAGCCGGTTTAGGCTTTCTGGGACTGGGTGCACAACCTCCTACGCCCGAATGGGGCGCAATTGTGAGCGATGGCCGAAGCTACCTTGTCGATCAGTGGTGGATATCGACCTTTCCGGGACTGTTTATAGCCTTGGTGGTCTTGGGCTTTAACCTGCTTGGCGACGGCATTCGCGACATCATGGACCCGAGGATCAGGAGGTAATTGGTTTATGAAGAGGCTACTTGATGTCTCAGATTTGCGGGTCATGTTTCATACCTACAGGGGAACTATCAAAGCGCTTAATGGAGTAAGGCTATGGCTTAACGAAGAGGAACGCTTAGGTATAGTTGGGGAAACGGGTTGCGGTAAGTCCGTGTCCGCTCTTTCTATAATGAGGCTCATAGATCCTCCTGGAGAGATAACGCATGGCAAGGTGATATTTGAAGGATTAGACCTCTTGAAGATGTCGGAAGAAGAGATGGACAAGTCGGTTCGCGGCAGAAAGATCTCCATGATCTTTCAAGAGCCCGTATCTGCCCTTAACCCTGTCTTTAAAGTGGGATTTCAAATAGCGGAAGCAATTGCTCACAGCAACAATATTAGTATGGATGAAGCTTATAAAAAAGTACCTGAAAGCCTTGAGATGGTAGGTCTCGATTGGAAGAGGTCCATGGAGCTCTATCCCCACGAATTGAGCGGCGGCATGGCCCAGCGGGTGATGATAGCTATGGCGCTTGCGGTAAAACCTAAACTCTTGATCGCTGACGAACCTACGTCTGCATTAGACGTCACAATTCAGGCACAGATACTTCAACTGCTAGATGAGCTAGTTAGGATGGGGAAAAATGCCGTCATCTTGATAACCCACGACCTTGGAATAGCTTCCGAGTTTTGCGATAGGATAACGGTGATGTACGCCGGAAACGTCATAGAGGTATCCGATTCGCAGGAGGTCTTTCAAAGCCCCCTGCACCCCTACAGCAAGGGCCTTATAAATTCCATACCAATCATAGGAGCTTCAAAGGTTTTAAAGGGCATCCCAGGTTCTGTTCCGGACCTCGTCTCTCCTCCTCCTGGATGCAGGTTTCATCCCAGATGCGAATTTTGTTTCGACAGATGTCGCGTAGAGCTTCCCGATCTTAGGGAAGTAAAACCGGACCATTTCGTCGCATGCCATCTATATTCCGACGACTCTAAGGAGGGTTAGGCTTGGAAGCCTTGATAAAGGTCGAAAATCTCAAAAAATACTTTGAAATTAAGAAATCAATGCTGTCGAAGCCGCTTCAGGTTAAAGCGATTAACGGCATCTCTTTGGAAATTCCTAAGGGTGTGATATTTGCCGTCGTCGGCGAATCAGGTTCAGGTAAAAGCACGCTTGGTAGAGTGATACTTAAATTGATCGATCCAACCTCCGGAAAGGTCTTTTTCGACGGCCAAGACATAACTTCGCTTAAATCCAAAGATATGATCAAATATAGAAAACAGATGCAGATTGTTCAGCAAGACCCTTACAACTCACTGCATCCGAGAAAGTTAATAAAGGATATCGTGGGAGAGGGTTTGAAGATTCATTACAAACTTTCCGCAGAGGAGATATATTTGAGGATCAAGGAGATACTGGAATGCGTCGGCTTGCGCGAGGAGCATATGTTTCGCTATCCCCATGAGTTTTCCGGAGGGCAACGCCAAAGGATAGCAATAGCCAGGGCTTTGGTACTAAGGCCCAAATTTTTAGTCCTAGACGAACCTACGTCCGCACTTGATGTATCTGTTCAGGCAAGGACGCTGGCTTTACTGTGCGAACTTAAGGAAAACTTTGACTTGACCTATTTGTTTATAACCCATAACCTTGCCGTGGTAGATTACATGGCTTCCCACGTGGCAGTGATGTATCTTGGTAAAATTATGGAGATTGGGTCGAAAGACGATATATTTTTCAGGCCCAAGCATCCCTACACCGTTAGCCTGCTGGAGGCCATCCCAAGCGTGGGGAAGGGCAAAAGGGTCCGCATGATACCGCGAGGAGAGATTCCAAGCCCCGTCAACCTTCCAAAGGGTTGCCTGTTTCACACTAGATGCGTACAAGCAAAGGATATATGCGCAAAAAAAGACCCCCAAGAGGTCGAGATCTCACCTGGACATATGTGTAGGTGTCACCTTTATTCTTGATGCTTTAAGCGGAAAGCATATCCAGAATTGCCCAAATGATGGGCATATCTGGATATGGGCAGTGGACCTCCTTGTGTCTAGATTAAAATCAGGATTATGGGAAGTAAGGGGGGGTCAAAGATGAAAGGTTACGGACGTTTAGTTGCGGTTGTTTTAATTGCATTTTTAGGCCTGTTTACGGCCAGTTCTGCTCATGCGGAAAAAGAGCAGCTCAATGCTTACACCATATGGTCCGAGCGCTACGCTAATGCCATATTCAGTGCCTTCACGAAGGATACGGGCATCAAAGTAAACTGGATGAGGTTCTCGTCGGGAGAAGTTCAGGCAAGGCTTGAGGCAGAAAAAAACAACCCTCAGGTTGACGTGGTGTTCGGCAATATGGCCGAGGCGTTTGTAGACGGTGTTCAAAAGGGATTGTTTGATCCTTACAGGCCGAAGGGCGCAGAAAAGATTCCCGATGCCTTCAAAGATCCAAAGGGCTACTGGACAGGCGTGGCCATTGATCCCATTTGTTTCATGTTCAATAAGAAGTTTTTGAAAGACCA
CP003198.1_gap22	1048027	1048953	926	CGGCTACTATACGACATATGCCGGCTGGATGGGCCTGATAGGGCTTCTTACCGTTCTAATTACCGTTGTAACCTGGATCATCATCGTAGCTATCTTTAAACCGAAAAGCGGAAAGGTATCGAAGGAAGTCATACTAAATGAGCGCAAGACTCTGCCGCCAAAATTGAGCGGTAAGGAAAAGCGTGTATTGATACTTGCCGTGCTTGCCGTGTTATCCTGGTGCCTTTCAAGTTGGACGGGGATCCCGGTATGGGTAACAGGTGTGTTTTTCGCTGCCCTTATGGCTTCACCCGGCATCGGTAGCTTGGAGGTAAGCGATCTCAAAAAGCTGGACTGGTCAACCGTCATCTGGATGGGAGGTATCCTAACTATAGCTTACCTCATGAGCAAATACGCCATTGCAGGGTGGATAGCCGGCATTATTGTCCCGTTGCTCCATCCTTTCAGCGGAAACATTTACGTTTTGGGCTTGGTCATATCGATCGCATTTCTTTTGCTTTCTATATTGGTCGTAAATCCTTATGTCCTTGCAAGCGTCCTGCTTCCGCCTTTAGTCTCTTCATCAGCGGCTTTAGGTGTGGATCCCATAGTTTTTGTCGCTCTGTTTTTGATGCTATTTCGCTTCTTTATCTTCCCATATCAATGTCAGCCTGCAGTGGCAGTCTACGGCATGGCCGAAGGAGAAGGGTATACTTTACCTCAAGTCACGAAGGTGGCCATTATACAGTCTCTCTGCGCCCCTCCGATCACCCTGATTGCAATAGCCTATTGGTCGATCATCGGGATACTTTAGTACAAAAGGTCCGGTTTTTACTGATCATTTGATATCGATCTTACTAGGTTTGCCTCTTAAAATGTGGTTAAAGGTTAAAGAAAATCGCAACATCCAAGTTGCTGCGTCGTCTTTGGCCTAAAACTAAAGAAAG
CP003198.1_gap23	1059564	1064107	4543	AGACCCAGATTTTAGCATTCGTGTAGCTTTCAAGCTTTTGACGATGATAATTTACCGCGAGGCCGAGGCTTTTAGGGCCAGAAATGACCCGATAAGCACGAGAAGCCCTCCGAGACATTGGGCCACACTTAAGCTTTCTTTGAATATTAAAAGCGAGAGGATGACGGTCACGAGAGGTTCTGCCATGCTTAAGATGGCAGCTATCGACGGGGAGGTCAGCATGACCCCGAGGAAAAAGGATAGAAAGCCAAAAAGGGAGACGAAGGCTATCACGCAGAGCAACATCCATGCAGAGCAAGCACCCGGAAGGGTCAAGTTATGTGTACCTATTCCGAGGATGAGGAACGACACTGCAGAAAACAGGCAGACATAAGCCACAGTCACCTGGTATGGGATATCCCTGATTATGAAATTTCCGTAAAGGATATAAAATGTATATGATAAAGCTGCCAAGCCGGCGAGCAAGACGCCCTTCATGCTGACGGAAATGGCAGTCTTTCCGGAAAGAAAAACAAGACCAAGGAAGGAAATTATTATTGATAGGATAATAGGCCTTGAAAGACGTTCCTTGTTGACAAAGGACGATCCGACGGACACCAAAGCGGGATACGAATAAAAGATGAGGGCTGCCACCGAGGCCGGTATATATTTAATGCTTGAGAAGTAGCCAAAGCTCGTTAGGGTAAACATGATGCCGCCAAGAACAAATAACTTAAGTAAATTTCTTTTGCCCACCTGTAGAGCTGCTTTTCCTCTTTGCATATAAAGCAAGAAGCAAAGCGCAACAGATGCGATCGTGAATCGCACAAAGTGAAGGGACATAACGCTGACGCGACTTTTATAGACAAAGAGGGCAAGGATAGGGATAAGCCCGAACAAGAAGGCGGATAACAAGACAAAGGCGGCACCTTTGTAGCCTTTATAGTGTCCTGTCACGTCTTTCATGGACAGTAAACCTCATTTATTAAATTATTGAGACTCACCTGATGGATAATCTAGATTATTATAGCAATAACAGGATTGATGACAAAACGACAGAGCAAGCGATCTGTATTCTCCGATAACGTTCAAACAGCGACTGCCGAGCTTTAACCTATCTTTGGTTTTTAGAATAAATATGAGGCTGCTTAAAAAAATCTCTGAATCTCCCGTAAATAAACTATAGTTTAAATAGGGGCTGAGCAAAAATGAGCTACATCAAGTGTTCTTTATGTATATTTATTTTTCCGGCAGTCTTCGTATTTTATTTAAAGTGAACAACCTCCACTCCTTCTTCGGCGATGATCTCCTCGAGCCTGCGCCTTCCTCAACACCTCCGTGGAGATGGTATTAAACTGAACGTGAAAAGCACCGAGGGAAAAGAATGCCTGGATCATGGCCGCTAAATTTCTGCGTCCCCTTGGGGTATCGACCAACGATTTATTAAGCCTGAGGTTAAGAAGGGTTCCGCCGCTATGAAGATCGTGGTTCACTTTTGCAGCAGAGCGCATAACTGCAAGGGGCGTGGACACATCATGGGCAAACTCCTCTATAGGTTTTTCCGGTAACCCCATAAGCTTGCCTGACAGACGACTCCTCCCTTGATTTAATGCATACTCTAAGGCTGCTCCAAAGTTGACGTTAACGGCGGAAGTCCATTCTCCCGTCTTTCTGAAATGGGGAACGACACAACCGCAATTGCTCCAATCCCTCGCATCTTCAGGGTCGTATCCCATCTGCAACAACATTTCATATCCTGCTCTGTCGCTATGGATGGCGGGAAATCCCAACCCCTTGCTCACGAGTTCGGCCAATAACTCATTGGTGCCGTCGCTTCCGTCTCATTTTCGTCAACCTTGACTTGATCGTTATCGTAAATAATACCGATGCGTCATTATGGCATGTTATAATATTTTAGTAATATATAAATTAATTATTTATAAGGGGGATTGAGCCATGAAATCAATGAAAAGGGCAGTCCTTCTACTTTTCTTGATTACTTCCTCGGTGCTGTTTGTAAATTCTGCCTTCGCTGCCATGGGGGAAATCCAGAGCTTTACCTTTAAGGGCACCGAAACGGACCTCCTGGGGATGAAAGAGACCTTGAAACCTGACGGCAAACCGGATGCCCATTTCGTAGTTTCCGTCAAAGGGGCTGGAGCTATCACGGGCGTAGAGCTTAAGGCTCTGGGAACGGATAGGACATGGGATACGATACCGGGCAACCAGAAATGGGGAATGATCGTACAAGACGGCAAGGGAGAGGATGTAACAACTGCTTCGGGGTCCTTTTCAACCAAACCATTTCTTGCCCTAATTACGCTTCACCTTTACATTGCCGATGACGGTACTGCCTTCTCTAAAACCCGTGAATATGAGGTCGCTGTTTCATTCATCGATGGGAGTACCGCAAAGGCAAAGACGACCGTTCCGGGAATGCCCGATATTTTTACGGCTGAGGCTGAAAAGGTCGAACCGCCAGCGGGCGAGGAATTCTCGGCCGTGCTGCTTGGGATTGGAGACAAGGACGTCGTGGGAAAGTCGGAAAAGATCCAAAGCGACGGCGTAAGGGACGCTCACTTTCAGATTCGGTTTAACGCTATATCTGTCGTTGAAGAAATTTCGATAAGAAATGTAGACGGCACATCTTCGGCGTGGGACACCGCCCCCGGCAACGGAACATGGGCCATAGCGGTCTATACCGACGGCAAGCTGCGAAACAGGGAGGATGGAAGCGTAAAATTTGCCGTAGAGGGCGATACGACCTTGGACCTTTGGGTCGCAGACAACGGCTCCATTGCAGCCGGCTCTACCCGTTATGAGGTGATCGTCAAGTTCAACGATGGCAAGGTCCTGCGCAAGGCAGTCGAACGCAAAGAGGTGACCAAGGCAATACCGGATAAAGGGATTCTTTCGGCAGCCTTAATTGAGCCGGCAAAGGGAGATCTCACGTCAAGAAGCGAAGCCCTAAAGGGCGACGGAAAGCCCGACTGGAAGATCGCCCTTGAACTGGTAGCTGAGGGCAGGATCATCAACTTCATCGTCCGCGGCGATGACGGTGCCTCGGAATGGGATATGATACCGGGAAACGGAAAATGGCTGATGGCGGTGACGGATCCTTCCGGAAACGTCTTAAACGAGAGCAACGGTTCAGTCTCTTTGAGCGTGTCCGGGAAGAAGGACTTCAACCTATGGCTCACCGATAACGGTACCATCACAGAAGGCGACGTGAAATATAAAGTCCTCGTGGTCATGAGCGACGGAAGCATCCTGGAAAAGGAGGTCGTCCGCGTCATTGAAGGAGAGCAAACTTCAAAAACTACTGCTCCTTCTGCCACTGCCCAGGTTTCAGACAAAATTCGGGCAACTTACCTGGGCAAGGGCCCGATGAACTACCTAAAAAAGGGGGAGGTTTCATCTCTTCTTGCTACGCCCGACACTAACCCCGATGTTCACGTGCTGCTCAAGCTCATTAATACCAAGGGGACCATAGAAAGCATAGCCATTAAGGCAAAGGACGGCAAAAGCGGAACCTGGGACACTATTCCGGGAAACGGCATATGGAATATAGTAGTCACCCGCGCGGCATCTGGAGGAATACTGTCTAATACGGACGGGTCTTTCAACATGGAGGTCGAAGGTGGCACGGAACTGCACCTCTGGCTGGCTGATAACGGAAATTTAAGCGTCGCACCGGAGAAATTTGAGATTTTTATAGCCTTTGAAGACGGACGATTGCTGAAAAACACCATAAAAAAGTAACCGAACAATTTATATGAAAGGGTCGCTTGCGCACGAGCGACCCTTTCATCTTTTTAGTTTACGTTAAGCTATCCCTAAAAATGAGCGTTCAAGGCATTAAAGCTCTAGCTCCAAATCGACGAAGCTCACCAGCAATTTTACCGCTCCTTCTACATCGTTTAGGCTCACCGTCTCGCTTGGCGAATGGACGTATCTGGTGGGTATTGAAAGCGTTGCGGAAGGGATGCCTTCCTTCGTCCTTTGAAGTGCGGCAGCGTTAGTGCCGCCGAAGGTCAAGACTTCCTTTTGGTAAGGCACATTCGCCTTTTGTGCTGCCTGCTCCAGCAGTTCGACGACCTTCCTGTGACTTATGGACATCTTGTCCTTGATCTTTATTGCAGGGCCTTTGCCCAACGCCATGGCATGCCTTTTAAGCCCCTTCGGATGATCGGCCGAATCGGTGACGTCAACGGCTACGCAAATTTGAGGAGAAAAGCTGTATGCCGATACAAAGGCTCCGACAAGCCCAATTTCTTCCTGGACGGAAAAAGATCCTATGACCGTATGGCGCGGATCCTTTAAATTCCTGAATACTTCAACTAAAACGGCACAGCCGATCCTGTCGTCCATGGATTTCGATGTGAGGTAATTGCCATTTTTGTAAAAATAGGAATCGTAGACGCCAAAGGTGCCTATGGAGACCAAGCTTTCGGCCTCACTGCGGTCGCCGGCGCCAATGTCCACGAAGAGGTTGTCGAAGGTGAGGTTGGATAAGTTTTTCTTTTGTTCCTCGGGCGTCTCGCCTTCGTAGTAAACTACGCCT
CP003198.1_gap24	1093189	1097108	3919	TGCAAGGTGTTAATCACTAATTTGATTATTACTCAGAATTTTCGGTTAAATAACGAATATTGTTACATAAAGTTTGCCGGCTCAGGAGTTATCCTTCGAGCCGGCAACGGTATCACGATATAAATGTTACTTTCTTAATATGATCTTAAATCCGCCTTCGGGCAATTCCTCGTAATTGACCTTCCAACCTTGGTTTTTGGCGAACCTGCTCACGTTCATGACCGATGTCATCGTGTCGACCAATACGTGAATTTCGCCGCTGCTTGTCTTTTCTATGGCCTTTTTCGTCTCGATGACCGGCTGCGGGCAGGAAAGCCCTCTGGCATCGACCTCTACCGTTTCAGCCATTTCATTCACCTCTTCTGCGTTTTAAATTTTCTCTTTCATCAAAAAGCCCACAAAAAGGCAGAACACGATGCCGACGATGGTCGCTGCCGGTCCGTACATGCCGGGGCCTGCTGGCGAGCTGGCCAGGCTGAAGTTGTGCGCCGTAGCAGCACCAAAAAGCATTCCAAGGATAAATGTAGCCGCGTCGCCATCTCCTTCTCCGCTCATTATGAACTGCCTCCCGGGACAGCCCCCCGCAAGGGTAAAGGCAAGGCCCGAAAGCACCATTCCCATGGCATTCCACAGGGTGTTCGTGTGGGCTATGGGCTGTCCTTCAAAGCCAAGCTTGAACTGGCCGAGAAGCACGTTGGTGATGAAAGCGGCGACGATGAAGGCTATAATCCCGTTAAAGAGGTGAAAATCCTTGAACATTATGAGGTCACGCAGGGCCCCTACCGTACAAAATCTGCTCCGCTGAGCCAAAAACCCGATAAACAGGCCTACCGCAAGCGAGAGCGCCACAGGAGCTGCCATGGAACCGGGGCCTTCCTTGGAAAAAAAGACGGCAGACGCTCCTTCCGGGCCAAAGCTTGGCCGAAGCAGCACGAAGACGAGGAGCGTCACGGCAACGGCAGGCATTATGTAGCCTAACGCCTTTTTAGCCGGGTAATTGCGCCCCAGGCTGAAGCCATGCCACAAAAACGCTATGCCAATGACGATCCCTATGGCAAGCCCCACGATGCCCGGTATGGCATTTAAATCTCCCGCGCTCAGGCGAATGTATGCCCTCCACGGGCATCCCAAAAACACCAACGCCCCGATCATGGCAAAAAATCCCAGGAAGAAGCGAACGATCGGCGAAGACCCCGTACGAGGCTTGTACTCCCCGTATATCAAGGAAGAAATAAAGGAGCCCAATATGAACCCGGCAAGTTCGGGTCGTATGTACTGCACCGTTGCTGCCCGATGAAGTCCTAAGGCTCCTGCGATGTCACGGGTAAAGCAGGCTACGCAGATTCCCATGTTTCCGGGATTGCCCCAAAAGGTCAAAAGCGGCGCAAGTATACCCACTGCAACGCCCGTAAGGATCGGACCGCTACGCGACGTAAGCGCGCGACTTAAAGCTTTAAACACATCAATCCCACCTTTCTTGAAGTTAAAAGTAACTGTCTTGTCAGCATCGATGCATCCGCTTGGGCGCAGCGTTTAAGCGCTTCGTCGCTTCGGGAAAAGGGGGATTTTTTACGCTGAATTTTAGGCACGGGGAGTTACGAGAGGCAAGGAATTCCCGCCCAGTGCGCTATTTGGCAGCCCGAAGGACGAACGCAAGGATCAAAGGGCTTTCGGATGCACGAATGCGGGACCCGCATCCTCAGCGGGCCTCATTGGCGACCAAACGCAGCCATCATGGGCGAGACCTCCCTTCTTGCACGAATTATCAAGTGGATGATAGCACGAAATCAGGGGATTGCGTCAATTGTAGGTATTATCAGAAATTGTCTGAAAAACCTTTGAAATCTAAAAACAAGCAATCTTTACAAGAAACTTTAATATCCATTCCCTACGTTACAGCACAACTTTGCTGCGATCATTTCCATGCATTGCAGGAAGCTCTAAAAGTATTTTGTACCATAAAATTCTATGTGTGCCCTTCTATATTTTGCAAGCGCAACAAGTGTTTCGGTGATATTGCATGAACAGCGCTTTTTAATGACATCAACCTGCTGTTTTCCTTTCAAGGGCTTCACCTGCAGCTTCGCGATCCATTATTATCGTGGCATCAGGATGAAGGCACAAAAAGGAGGCAGGCAGTTTCGTAGTGACATGCCTATCTTTTAAGAGGCTTGCCATTATGGTGGCCTTCTTTCTTCCGTTTGCAAGAAGAAGGATCTTTTTTGCCTTCATTATCGCCCCAAGCCCCATGGTTATGGCCCTTTTCGGCATATCCAGGGGATCATCGAAAAAGCTGCCATTGTCGCGAATCGTTTCTTCGGCAAGCGTTACGACATGAGTGTCGACCTTTAGCCTGTCGGCAGGTTCGTTGAAGCCTATGTGTCCGTTTCTGCCTATGCCCAAGATTTGCAGGTCTATGGGGCCAAATTCCTCTATCTTTCTGTCGTATTCCCTGCAAAATTCTTCTATATCTTCTGCCTTTCCGTCGGGTATGTAAATGTTTTTGGGCATTACGTTTACGTGGTTAAAAAAATTCTGGTACATGTAATAGCGGTAGCTGTGCTTGTTGTCGGGTGATATCCCGCAAAACTCGTCCAAATTAAAGGTTATAACCTGCGAAAAATCCAAACCCTCTTCTTTATGCATCCTTATAAGCTCCTTATACATCCCAAGGGGTGTGCTTCCGGTAGCCAGGCCCAGAACCAGATTCGGTTTTTTCCTTATCGCCTCAGCCACGATTGCAGCTGCATCCGAGCTCATATTCTCATAATCGTTTTTAACTAACTTTTTCACGAACATTGCCTCCCCGGCTGTCATGCATATTATTTAAAGAAAAATTCGCATCAGGCAAATGCCGACCCTTGCCGGAATTAAACGTGCACAGCCGAATATACTGCTGTCTACCCGGTGTGACGATAATTCTATCCATGGCCTTTTGTGTATTCGATACAGTTTTTGCTCAAACATATTATAACAACTGTTTACAGATAGGCAAACCCAACTTTGCATTTACAAAACAGCTGCTTTGTTTATCTGATTTAAAATCAAAAGAAGTGGTGCCTTAATTTTGGAGATGCCATAGGAAGGGCAAAAAATAATAGATTGTTAAATAATTTTTATAGAGTACAAAATCAACATAATGCAAAAACAAGAAAGGAGAGATTTAAAATGTTAAGGAGTTCAAGTTTCCATCCCTTATAGGAAGACTAAAAACCATGACGATAGGTTTACTGATTTTATTGCGGGCATAATGTTTCCATCCCTTATAGGAAGACTAAAAACGCTGTTCAAACTGCGCAAGTAACGCCACAGAAGATTGTTTCCATCCCTTATAGGAAGACTAAAAACGGTCTTGGGCAGCGGTCAGGGATAAGAGATATGCGTGTTTCCATCCCTTATAGGAAGACTAAAAACCCTTACGCAGGTTTTCTTCCAATTGTTCAACGTTTGTCACGTTTCCATCCCTTATAGGAAGACTAAAAACTAATCTTAAATATTCCAGAATTTATGATTATATGTTGTTTCCATCCCTTATAGGAAGACTAAAAACTCCCAAAAAAAGGCCTTTTTTGAAGGTCAAATCCCAGTTTCCATCCCTTATAGGAAGACTAAAAACTCCCCGTTCGAGATCCCCCACATATCCCGCATACTTGTTTCCATCCCTTATAGGAAGACTAAAAACCTGTTCCGTATATTGATTGATAGCTTCACGCTCACGATTGTTTCCATCCCTTATAGGAAGACTAAAAACTGGTTCAGGCCAATACATACAACCCCAACTCAGTCCGTTTCCATCCCTTATAGGAAGACTAAAAACGCGCTTTAGTGATATAATATATTCATGAGTGCTGAAGCGTTTCCATCCCTTATAGGAAGACTAAAAACCCTTGTGCCTGTCCATTTGGCATGGGTTTGGCAT
CP003198.1_gap25	1098719	1102078	3359	AAAATAGCCCTAACTGGAAAACAGCACAATCATATTTAGATGAACATCAAATACAATATGATCATGTATCCATATCAGCCAACCCCGAAGCAAATCCCCCGGACCTAGTTGCCAAAATGCTCGATGTTATAGAATACGGCGAAAAGGTCTTTATAGACACTACCCACTCGTTTAGGTCCATCCCGATCATGGCCGTAGTTATATCTCTTTATGCCAAAGAGGCTAAAAACGCGGACGTAACCGTCGTATACGGACAATACAACAATACTACATCTTCTACGGAGTGCCTTAATTTAACGTCCATCATAGGGATGGCCGAATGGCTTTTCGCTGCAAGGGAGTTTAGGGAATACGGATTTAGCGGATTGCTGGGCGATTTGGTAGAAAAAAGAAACAAAGATTGTCATACATGCGGCGTTACAGACAAAAAGAACCTTCCGTTGGAACTTTCTAAGCTTAATAGCGAATTAAGCGAACTGTCGCGAGCTCTTAGATTGGGATCCATACGCATGATTCGGAAATCTTTAAATAGATTCATGGCCCATGTGGCATACAAAACAAGCAAAGTTCACGACGAGATCAAAAGATGCATCCCCGAGCTTGAACCATTAATAAAAAAGATCATAGAAAAATACGAAAAGCTGGACACAAAAAATAGTGAAGTAATAATCGACAAAAACGAACTTGAGGCGGAACGGCAGCTTATAAAGTTTTACATTGCAACGCAAGACTACGGAATGGCCGTCAGACTGGCTAGGGAATATCGCATCAATTTAAAATTATTTTCTTATATATGTGCAGGAGTAAAATTAAACCCGCTGGACAGAAAAGACCGCGAATCCATAAGATTGCCAAATGAAGATAATATACTACGAGATGCAAGAAACCATGTGGCCCACTTTGGTTTTAGCGACAGCAATCCGCCGGGAATGGACAAACTAGAAAAGCGCCTTAAAGAAATAGCAGATCAAGATGTAGACCGGGCAATTGAGGGGTTTAAAAAACAACTTTGCTTTGACACCCGGAAGAAAGCCGTAATCACCCCAATGGGCAATGCAAAGGGTGCTCTTTATACGATACTAAATCATGAAAAACATGATGTGCTTATTGTGCTTACCTCTGAGGAATTAAAAGATAACGTTAAAGAAATCACCCAAAAGGCCGATTTTAGCGGAAATGTCAGCGTGGTAACGGTAAAAGACCCCTTTGAGGGAATCGGCGAAGTCAAACGAGTGCTGGACGAGATTAGCGCATTTTTAAAAGAGCAGGAGGTCGACGAAGCTATCATCAACATGACGGGTGGTACGTCTTTACTCGGCTATATCGCCGAAAGGATAGGAGAAGAACTTAGACATCTTGGAATTCCAACGAAACATATCATAGCCATAGACAGACGCTCTCGCAAAGAACAGGATGAAAATCCCTATGTTATTGGCGAGGTATTGGAGCTTCCTAAAGTTTGATGCAATCAAGAAGGGCAAAAGTATGTTCGCATGTAAATACAAGTTTGGGTGGTGATCGCGTTTGTCTCAAAAGATCGTGACGTGTAAAGTGGTAACACCGATGTTTTCCCGCGGAGCACAAGAGCCGATTTATGATAAACAAGCCAACGCACATGTATACCCCTTTGAATTGCGACCGCAAAGCGTCAAGGGGGTATTGAGATTTTGGTTTAGGGCTGTTGCTCCTCTTGTAATCGATGTACATAAGCTTAAAACAACCAAGGACGACAAAGACGAAAAAATGGATTTGAACCGCTATGATCAAAAAGACAACAACAAAACTTATGACGGCTTAAAACTCATTGAGTCGCTGATTTTCGGCTCCCAGGATGTTAAGGCACCTTTCGGGCTAACGGTGGAATGGAATGATCGCGGTAAGCCGATTGGGTTTTTTAACAAAGAAGATAAGAAATGTAAGTTTTTCTCGAACATTTTTGGTACTTATAATAAAAACACTGAACAAGCAAATTCACAACCCAAAAAAATCAGATTTGATAACGTGAATTACGCCCTTTACGGATTATACGACTCAAGCTCTGGAAATCGGCGCATGTACAGCTTTTTACCGGTAAACTCTACGCTTAATATCACATTTTTCATAAAAGATGAAAGTGTTTGGCCCGTTATACACGGGTTGCTAAAGCTCGCATCGGTCTTTTCGGGCTTTGGCGCAAAGACCAGAAAGGGATTTGGCGAGTTCGAGATAATAAAAATAACAGGCGACGATGGCTCGCAAGAAGCAACATTTTCCAGGGATTCGTTTTTCTGTGCCAAAAATAGCGATGAGGCTTGCGTTAAAAAATTTATCAACGAAGTTGCAAATTCAATAAGTAAATTTGCTGAAACATATAATGAAAGACACAAAGATAGCAGTTTTATTTTAGAACAAACTAAATTTAACGATGTACCTGAGTTTCCCAACTTTACGGATAATATTATCTACGTTCCCCACAATTTAAGTTGTCAAAGTACAAAATTTCTTTTTGAAAGACTGTATAAAACCACTAAAGACCACAAAGGGTTATATCCTCAGGCAAAACAAGAGCTGCGCAAATGCGAGTCACGTGATTGTATCAATGATCTGATATCCGCACTGGAAGGACAAAAAGAAAAAGAAAAGGTAAAAATTCCCCCAACTATCCTTGGCTTGCCCCTGCAATACTACAACTTGAAACCTAAGAAAACCAAAATTAAAGATTTTAACAAACTTAAGATTACTATCTACTCTTCTCTGGCCGGCCTTGCCGACGATGAAACGGGAAGAAAAGCCTCTCCCCTATTTGTATCCATTCACAGGCGAAATGACAAATGGTTTCCCGTCTTTCTTATCCTGCCAAGCCAAATGACCAATAAAAGATTGGATGACGGGATTATTCTTGAAAGGGAAGTAAGTTTTGACAATCATTCAGGTCCAAATAACTCATATCAATCCGAAAACAAAAGCACGCAATGTTCAATTAACGAAGATTTTACCATTACTGCCTACGAAGATTTTAAAAAGCTCAAAGAAATTTTAGAAAAAATTTCCCAAGGGGGGAGGTGATCCTCGATGACCGACAATCAGACGGACGATAAACGGGAATTTTGGAAGGCCAAACTGTCGGCCCTCTTCCATGATCCTCTTGGAAAGGTCTTGGATGTAAAGAATCACGAAGACAAGGCTCAAAAGATTGCTGCCAAGCTGAACATAGAATACAGCCGTGGTCCGGAAGACCCCATAGCAAGCAGCATGGACAGGCTCCCTCTGCCCTTCGAAAACCCCTACAAAAAAGCAGGAGAACAAATAAGAATAGCTCCTGATGAAATCGAGATAATACATCCTTTTTCCGGCAAAAAGCTTTCAGACGATATAAAAAG
CP003198.1_gap26	1107429	1112378	4949	AAATTAAAGCCACAATAACAACAAAATAAGCTGCCGGAGAAAGTCACATTTCTTCGGCAGCTTATTTTTTTAGAAATCCGAAACCTGGCCAACATAACCGAATAGCGTAGAAGCACCTTTGGCTTTCATCCCTCATAGGAAGACTAAAAACCATGTCCCTGCATATTTCTGCGGTTTCCACGAAAGAAAGTTTCCATCCCTCATAGGAAGACTAAAAACTCATCGATCATGCTGCTAAGCCAGGGCAGAAGATTATGTTTCCATCCCTCATAGGAAGACTAAAAACCCAAAACCGATTAAACCGCTCCAGCTGGATTTCGGTGTTTCCATCCCTCATAGGAAGACTAAAAACTGTCAGCGTGGCAGAAAACTGCCAAAAGGTGGGACTGTTTCCATCCCTCATAGGAAGACTAAAAACCATATTGAAGGGGCTTAACGAGCTTCTGGAAGACGTGTTTCCATCCCTCATAGGAAGACTAAAAACGGATTCCATACTCTGCTTGAGGCTCAATTCATGACCGTTTCCATCCCTCATAGGAAGACTAAAAACCAAACCCAGCTAGGGAGCCAGTGTCACGCTATCCCAAGTTTCCATCCCTCATAGGAAGACTAAAAACTCAATACCAATGCCAGCACTTGGCCAACTTGTTTCAGGTTTCCATCCCTCATAGGAAGACTAAAAACTAAGCGCCCCAAGCAGGGAATACCCATCACATGAAGGTTTCCATCCCTCATAGGAAGACTAAAAACTCTCTGTTTCTTTAGCCATTTGCTCTATGAATTCGTGTTTCCATCCCTCATAGGAAGACTAAAAACAAAGCTGGCTTAGTATCACATAACAATATCAAAGAATGTTTCCATCCCTCATAGGAAGACTAAAAACATTTGGGTATGTATTTGTTCTCCCGCCTGTCGTGCTGTTTCCATCCCTCATAGGAAGACTAAAAACTTTTTCCATGCCTACAAGCCCGAGCTTCTTGTATCCCGTTTCCATCCCTCATAGGAAGACTAAAAACTTAAACAGGTGATGTAGCGAAGCCAGTGTTGCCACGTTTCCATCCCTCATAGGAAGACTAAAAACTGATTATTGGGTTAGGTGATGCGTATGTCGTTTCCAGTTTCCATCCCTCATAGGAAGACTAAAAACTGATTATTGGGTTAGGTGATGCGTATGTCGTTTCCAGTTTCCATCCCTCATAGGAAGACTAAAAACGCGATATTGGTGATCCAGTGATTTCTAATGAGATCAGTTTCCATCCCTCATAGGAAGACTAAAAACCAGATGCAGAGGTAACCACGGCGGACGGCATTCCACGTTTCCATCCCTCATAGGAAGACTAAAAACAAGAGCTCGAAGGAACAGGTCCAGCTGCCTTGCCCCACGTTTCCATCCCTCATAGGAAGACTAAAAACAGCTTTGCTGTTTTCTGATAAAATTTCCGGGATATGGTTTCCATCCCTCATAGGAAGACTAAAAACATCATAGAATTCACCCAGCCTTTCTATCCATTCTTTGTTTCCATCCCTCATAGGAAGACTAAAAACCTCTTGCCGAAAGCTGCACAGCATTTGCCTTGCCGTGTTTCCATCCCTCATAGGAAGACTAAAAACGCTGTGCGATAGGCAATCAAATGATACAGGGCATCTGTTTCCATCCCTCATAGGAAGACTAAAAACCCTTTAAGCTTAGACCAGCCTGGTCGCACAGACGCTGGTTTCCATCCCTCATAGGAAGACTAAAAACCTTCCAAAGGATATGTGGATGGACGAATTTATAGTCGTTTCCATCCCTCATAGGAAGACTAAAAACTTTTAGTGGCCACGCTGTTTTTTACCATCCATACAGTTTCCATCCCTCATAGGAAGACTAAAAACTGACAGACAGCCTGCCCAAAAACAGGAGGCTGCTGCGTTTCCATCCCTCATAGGAAGACTAAAAACTTGTTTGTGGGGCAGAGACCGAAAGCGGAATACCACTGTTTCCATCCCTCATAGGAAGACTAAAAACCAACGACATAGCCATCCTCGTCGAAGCCCAAAGTGGTTTCCATCCCTCATAGGAAGACTAAAAACCCGACGACCTTGGCGACGGATTGCGCCAATTCGGAGTTTCCATCCCTCATAGGAAGACTAAAAACCTTCAGCGTAGATTTCAGGGTATCTCGTATCTATCAAGGTTTCCATCCCTCATAGGAAGACTAAAAACGCATACATCCAAGCACGGCAAAGATCCTCATATTCTCGTTTCCATCCCTCATAGGAAGACTAAAAACTTTAAGGGACATTTAGGAGAGATGGCATGAATGCTAGTTTCCATCCCTCATAGGAAGACTAAAAACATTTTCGTTTTTATGGCGTCTGCTACTAACTCATACGTTTCCATCCCTCATAGGAAGACTAAAAACTGAAGTGTGGTTATGCCAAATAAAGACAGCGCTTAAGTTTCCATCCCTCATAGGAAGACTAAAAACTGCAGCCATGAGCGGCCCGCACCCTCTGACGTCCTTGTTTCCATCCCTCATAGGAAGACTAAAAACGGGTCTTGTGCCACCACCAGGTTGTCCATCGCCCACGTGTTTCCATCCCTCATAGGAAGACTAAAAACCATGTTAGAGGAATCCTTTTATGACATCGGTGTTTTGTTTCCATCCCTCATAGGAAGACTAAAAACTCGCCGTTATGTGCCCCTGCTGTGCCCATAAGTCGGTTTCCATCCCTCATAGGAAGACTAAAAACCTTTTCGACCCACTTCCCAGTTATCATCCAGTTGCCGAGTTTCCATCCCTCATAGGAAGACTAAAAACCTTCCCTCGTGGTCGTCCTGGTACGGTGAATTTTAGTTTCCATCCCTCATAGGAAGACTAAAAACTGGAATTCAAAGAAATGAGTCTCGAAGAACTGGAAGCATGTTTCCATCCCTCATAGGAAGACTAAAAACAATCTTGCCAAAGCTAAAATGTATAAAGTTGCGTAAGTTTCCATCCCTCATAGGAAGACTAAAAACCTAACATGCTCCTCTCCTCATTAATTAAGGAGGCGAGTTTCCATCCCTCATAGGAAGACTAAAAACCAGAACCCAGATTACCCAACAAAAGCCGGGCGGAACCGTTTCCATCCCTCATAGGAAGACTAAAAACTGGGGAACGCTTCCCGCATCGTGGCGGATATTGGCAGTTTCCATCCCTCATAGGAAGACTAAAAACGCATATTTTGTGATCTCATTGGAGATCACCGGATCGCGTTTCCATCCCTCATAGGAAGACTAAAAACTAGTAGCAATGGCAGGCGATACAGTGAAAATGCCTGGTTTCCATCCCTCATAGGAAGACTAAAAACGCAAGCTGGGCGGCGTTGGTGTCGTGACTGGTCACGGTTTCCATCCCTCATAGGAAGACTAAAAACTAGCTATACCCAAGGGGACCAGGGTCAGGGCAGAATGTTTCCATCCCTCATAGGAAGACTAAAAACTAAGTAATTGGTATACCATTTATCCCCGCACATCTCGTTTCCATCCCTCATAGGAAGACTAAAAACTGGGTAACGGTATATCCACGTCGGCGGAGTTCTGCAGTTTCCATCCCTCATAGGAAGACTAAAAACCTGCTTACCAACCCGCCGGGAGATTTCCTCCCAGGTGTTTCCATCCCTCATAGGAAGACTAAAAACCAGCCATATTTCCCCACCTCCTTTCTATAAATACGTGTTTCCATCCCTCATAGGAAGACTAAAAACGTACAGCGATCTTAAAGAAATCAGACTTGAAATCATCGTTTCCATCCCTCATAGGAAGACTAAAAACTGATATGGGAGTTTTCTTGGCAACGGTTGCATGCGCTGTTTCCATCCCTCATAGGAAGACTAAAAACTTGGTTCGCTAAACCAACCATCAACCCCCGGTCATAGTTTCCATCCCTCATAGGAAGACTAAAAACTAGTCCATGAACGTGACGGCAATGGAGGTGGGACGGTTGTTTCCATCCCTCATAGGAAGACTAAAAACTTCTTCCGTTCCGATGACGGTCTTGATGAATGTTTTGTTTCCATCCCTCATAGGAAGACTAAAAACTTATAAACACGAAGGTCAAGCGGTTCATTTCTCTTGTGTTTCCATCCCTCATAGGAAGACTAAAAACCTTCGATTGACGATATCGAGCCAGAACTTCCAGGCTGTTTCCATCCCTCATAGGAAGACTAAAAACATCTTTCGTATTACTCTGGAGGCTGCGGAATCATGAGTTTCCATCCCTCATAGGAAGACTAAAAACGGAACGGGAGCGTATGAAGGCCATAGACGAGATTGCGTTTCCATCCCTCATAGGAAGACTAAAAACAGGCCAACTATATAGCGACGAAACTCGTTGTTTACCCAGTTTCCATCCCTCATAGGAAGACTAAAAACTCCTTTGTTTCTTCGTCCTTCCACCTGATCCGCATTCGTTTCCATCCCTCATAGGAAGACTAAAAACGCCAAAATATCGTTTACGTCTTTGCCTGTGCTTCATGTTTCCATCCCTCATAGGAAGACTAAAAACAGGTAAAAACGACAAAGAGATTGGCGAGATATTGGGGTTTCCATCCCTCATAGGAAGACTAAAAACGGAGCGAAGTTGCCGACTGCATCCTTGCCGATGACGGTTTCCATCCCTCATAGGAAGACTAAAAACGATTGACAGATCTCGTTGTAAAGCGACGCGACGGCGTGTTTCCATCCCTCATAGGAAGACTAAAAACTGGCGCTGGCTTATTTTGACGGGTTTACATTCAACTAGTTTCCATCCCTCATAGGAAGACTAAAAACGTGGGCTGTTATCTTCAATTCCCAGATCGTCGAGGAGTTTCCATCCCTCATAGGAAGACTAAAAACTTGTACTTATAGGCAATTTTTTTAGACTTTTTACATAGTTTCCATCCCTCATAGGAAGACTAAAAACGTAGACACCACGGCCGGT
CP003198.1_gap27	1114217	1117884	3667	ACGTCACCATCTCTTGATCAGCGAAGGCAAGGCGCCTTTATGGATGCAGTCAAGCAGGTACAAAAAAAGCCCCGAAACGGTGAGGTCTGCCGTCGTGCCCGGGTTTCTCTTGTTGCCGACGCGTCTGAGGTAAAGGTCAAATTTGCGCACAGCTGCCTTGCCGGTTGCGCTGTAAAGTCCCCCCGTTTTTAGGACTTCAGCTGCCCTTTTTGAGACCTTTGCCGCCTCCGTGATGCCAAGCTTCCTTGCGATCAAGGTGTCGGCCACCTCAGACAATATCGTCAAAAAGGCCTGCACTATGGCGTCGCGCATGGATAATCCTTTATTTAGCGCTTCCGATATGGCAGGTAAGGATATCTCAAAGGTTACGGAAAAGTTCGTCACGTACTCCCTGGCGATCGAATCGCGATGTGCCGCTTCTGCCATGGCTTGCTTTAAGGGGATGCCGGCGTGAGCCTGCGAGACGTCGTACCGCTCTACCTTGCCCATGCCTCCTGCGCCTGACAGCCTGATGGCCTCGTACACGCAGTCAGCGTCCCCTTCCGTCAAGTTGTCTAAGACACCTTCAAGCGAGCTTCTAATGGCATCGAAACTTCCGTCAGCCTCACAGCTTCGGGCGGCCTTGCAAAGCGGCGCCAGAAGAAGCAAAATGCCAAGGTTTACGTTCGTTGAGGTAAGCTTTGACTTGTCTTTAATACAACAAAGGACGAGCTCGCCCACGGAAAGCTCGTCTAGTCGCTGAAAAGAAGTGCCCATGGCTACCGCCCCGGCAAAGAAGTCAAAGGGATTTGAGTCGCTAAAAGCCCCTTCTACGTGGACGTTGCCGGGCTTTTTGGCGCACACCTCAAATATGCAAGCCAGTTGAGCTGCCCAGGTGATCTCTTTGATATCGTATATCATGGATTTAGCCCAAGCAGTGCCTCTACGATCGTCGAAGCGATATCCGGCTTTGCCACCTGCTGCAGTCCCCTCCAGCCGGGGATGCCGTTTACCTCAAGCAGGTAAAGCTCTCCTTCCTCTGACGGCAGTATGTCGACTCCCGCGTAGAAGGCCCCAACGGCGTCGGCAGCCTTCAAGCTCAAGTCGATCAGATTTTCGTCAGGGACTAGCAAGCTAGCTTGAGCACCTAAGGCCACATTGCACCTCCAGTCGTAGGATAGCCTTTCCATGGCGGCTATGACGCCGCCGTTTACCACAAAGGTCCTTATGTCCCTGTTTCCGTGAGGTATGAACCTCTGAAGGTAATATACGTATCTATATTGATTCAGCGCCATGAACACCCTGTGTGCCGTTTCGGGGTCGCTAACCCTTGTCATGCCGCGTCCTTCCGAGCCAAACACCGGCTTTACCACGACGTCTCCGCCAAGCTCCGCGAAGGCTGCCATGGCGTCGTCGTACCTTTCGGTGACGCATGTTTCGGGAACCCTTAAGCCGGCCCTTGAAAGCAAGGCGGTGGCGTACATCTTATCCACCGTCTTTTCCAAGGCGTCAGGCGAGTTGATCACCCTGGCTCCCTTGACCTCCTCAAGCACGTGAAGCAGGTCGACGCGAAAAATCACCTGCTCAAGCGACCCGCCGGGTAAGGAGCGGACTAAAATAACGTCTCCAAGGTCTGCTTCGTTGACGGAAATGAGATCGTCGTTTATTAAAGTCTTGAGGTCCCTCGTGCGCAGCACATTTACGCTGACGTTTCGTTCCGCAAAGGCTTTGATTAAGACCTCGACGTGCCAGGCGTTTGCGGCTCCAAGGATGGTCGCTTTCATCTAAACCATTCTCGCCTAAGAAGCTGCGCGTTTTTCCTTCCCACAGAAGAAAGGTGGCCGGTCGCCAAGTTGTTGACCGTCACGACGGCGGGGCTAAAAAGCATCGGGTCTACCTGGTAGAAGTCGTAGTTGTATCTTTTAAAGAGGTCCAAAAAGGGCAGGCCGTAATCGCTCGACGACGAGGAGGGAAGCTTTTCGACAAGCGAGTCGACGGCAACCTCGTCACGCAGGGTGATCCATACCTTTCCCCCGTATAAGACCGCGTCGTTGGTCCAGCCCATGGCCGTCATGAAATCCTCCGGCAAGGGAGGAATGGGGCATGTGCCAAACCCGTGCAAGACCTTAGAGACGTCGTAACCCAGCTCAAAGAGCTTGTGCAGAGCGGTTTCAACGACCCTTGATACTATCTGTATGCTGCCTGCCAGAGAGTTGGTGGACGCTATCAACACGTAAAGGTTGCTAATATCCACCTTGCAGCAGGCTGCTACCGTCTCAAGCAGGCTGTCTGGGGGAAATTTGGAAGATTCAATGGCAAGCACAGCCACGGACGACCTTTCCCTGTAGCCAAGCGTTGCATAAAGAGGCTCATTGCCGTAAAGCGACCTTGCAGGGCCGGAGCCCAAGGCATAAAAGCCCTCGCCCTTGAGCGCCCAGCCGGCGTACTGCGAAGCCAGGCAGGCAACGGAAGGATTGGCGACCTTTACGACGACGGATGGGACGGAAAGCTCAAGGTCAACGGCAAAGCTCACGCTTCCCAATCCCCCCAGGCAGGCCTCGGCAAAAAGCCTGCCCGCCTCGTAGGAACCCCTTGAATTTATGCCTGCGTCCACGATGGTGGCCCCGCAGCCTGCCTTAAATGCGGATACGCCCACTTCGTCAGACCTGTCGATCATTTCTTTGACGCGCTTAAAGGCCGATTCGTTAAGGTTTATCAAGGATCAATATCTCCCCTTTCCCAAGTGCAGACATGTCGCCTGCATACCTCCTGTAAGGCCCGTTTAACATTTCCTTTGTGACGGCAAAGCCCAGATCGCTCAAGTATTTAAGATAAAGCTTTAAATAAACGGGCGTGTAAAGGCAGCTATAAAGAAACGTTGGAAGGACCCTTTCGGTGCCGCCCAAGGATACGATGCTTCCCCTCTTCATGCCTCCGCCGGCGTTAAGCCCCATTTTGCCAAATACGACCATGGTCCCCGCGATCATGTTTGCGCCTGCAAAGTCTCCGGCATCGCCGGAAACGGCTATAAGGCCCCTTCTCATGCCCTCCCCGGCCCTGCTTCCCACAGAGCCGAACACGGCGATAAACCCTCCCCTCATTCCCTTGTTGTTTCCAGGAAGAGGGGAGCCGAGCATCGCCTTGGCGTTGCCGTTTACGATCACTGTGCCGCCCGACATCTCACAGCAGCAGCGCGGCTCAAGGTTGCCGTTTACGACCAGCGTGCCGCCCTTCATGTGCTGGGCCAGATGCATGCCCGCGTCTCCGTTGACTATCACAAGCCCCCAGGTCATGTTTTCGCCTATGTGTTTTACGTGCTTAAGATCGCCCTCAAAGATGAGCGCCTCGTTGCCGTCCACGGTGACGTCAAAGACCTCGCCAAGCTCCACGACGTCTTTTCCCGCATGTATCTTTAAAGCGCAAATTTCATTGACGCTTAGGCCCAACACCGTCTCGGGCAGTATGCCGTCGACTTCTACGGGAATCGTTCCGCTTGCCTTTAATCTCAAGGTAATCCCTTTGCTGCCCGAAACGGTCCTTGCCAAGGTACATAAGGCACAACTTTGCATGAGCTTCACCCCGATGTTTTGTGCTATACGTTTTGCAATTTATCCCCCTGCCACAGCTTGAACCTGCCCACTAAGTTCTTAAGGGACAATGCCAGTTCCTCCATATTTCTTGCCCTGTC
CP003198.1_gap28	1211489	1214479	2990	TCAAATATTGTCTGTTCGGATATCTCTGCCTGCAGAGCCTTTAAAGCCCGAAGCACGAGTTTGCGTCTCGTCTTTTTGTCCTCCTCGGGACCTGCCTCGGGGTTGCCCACGGGGTGAGGTATGGCAACGCCCGGCACTATCCGATTGGCCCCCACGGTAAGCATTATGGGCACTATCATCGCGATCTGAGCAACGGGGATTTGTGCTACCCTTTCTATTTCCCTCGTCATCGATGCGCCGCATCGGGTGCAGGTCCCTCAAGTGGAGGTCAAAATCACCCCGTCCACGCCAGCTTCTTTCAGTTCGCGGCCTATCTCTTGGCCAAAGCGCTCGGCGTTTGCTACAGACGTCCCCGTTCCCGTGGTCGTATATAAATAAGGATGAAGTTTGCCAAACACCCCTTCCCTTTCAAGCTCCCTCATGACGTCTAAGGGCACTACCACGTCGGGGTCCAAGTTTGCCCACATCCGGTCATATCCTCCGTGGATCGACTCAAATTCGTCGGAGGTCAATTCATTCAGGCCCGAGATGTCATATTTGGCATAACTTTCGGCCGAGGAAACGCGAAGCCTGTCGGGGTTGCCCCTCGGCACGATCCCGCCCGAGGTGACCAGGGCTATGGTGGCATGTTTAATGTCCTTTATCGGAGGCGCCGGAGGGATCTTTTTAAAGGCGGGCATCTCGTATTCCGTGCGAAATTCTTGCCCTGCGATTTTTTGAAGCAGCATGTCGATGGCCCGAAGCGATCCTCTTTTATCCTTGAAGAAGTTCTTGCGTATGCCGCGGTGGATGTAGCCTTCTTCATATGCAGGGCCGAGTGGCTCGCCTTTTAACAGCTTAAGGCCGAGGCGCGCCATGCTCGTCAACGCCTGCTTCATGCCCCTGGCGCTGTTCTCGGTTTTAACGATGAACGTTTGGGCACGGTACAGCTCAACGCCCGGGTTTTCGGGAAACATGCCCGTGACGGAAGGTATGCCCAAGCTTTGCGTTACGGCGGCACATATGTCGCCACAGGCCACGCCGTAGCGACCGGCGTTGAAGGCAGGGCCCGCTATGAAAAGGTCTGGTTTTAGCTCTTCGACGATCTTCAAACACTCGGCACGGGCTTTTTCGATGTGTTCGGCGTAGTAGCCGTCGCCGCAGATGACGGTGCCTATTACCCTTGCTTCGTCGCCAAACAACCTTTGAAGCTCAAGCCCCGGCCCCACGGGACCTTCGACGAGCTCGGGCTCGAAATCGGCAACTTCCTCTCCTCCCCTTCCTCCGTAAAATTGGTTTATGTAACAAACCACGCGGTAAGACATCGCACTTCCCCCCTTATACCCACTCGCAGCCGACACGGCTGTAGCCAATTTCCACTGTTGAGCCGATGACGGACTGAAGCTCAACGTACATGGAGCCGTCTTCCCGCAAGGATTCGGCAGAACCGCCCGAAAGCAGGGCTATTGCCTTGGCGTCGCCGATCACCTTTTGCATCGGCGGGACGACGATCATCTCGTTCACGTTTCCCGTCGACACAAAGGCATTCATCTCGGGCGTCGCGTCCGCCAAGCTCTGGCTTTTGCCGTCCGTGCCTGCTGCTTCGTCTGAGATGACGACCGTCCTGATGCCGGCTTCCTCGAAATATTTGGCCGTAAGGCAAAGATCGGTATCGGGGTTGCCGTAGCCTTCCTCGGTTATGACTGCCCCATTGGCGCCAAGCTCTGCTCCTATGGCAGCGCTCATCCTGGCGTTTCTTTCCTTTCCCGCCAAGACGGTGCTTTCAGGCGAAACCACCACGCCAAGGAAGTTAAGGTCCTTGCCGTGGCGCTCGTACAGGTCGCGCACGACTGGGTTATCTACGTGGTGATAGGTCGTGTTTTTATCGCAGGCCGAGACGCAGTTTCCCGACACGACGGCGCCGTCTAAGACCTCGTTTGGGTGAAGCAAGAAGGGAAAGCTCATCTTTACGTCCGTGCCGTAGACGTAGGTATCGTGAAGCAGCCCCTGGGCTATGGACATACATACGTAAAGAATCCTTGGAAGCCCGGGGTATTTAGCATTTTCCTCGGCGATCGGGCCCTTATCAAAGGTCTCTATTTCATCGGCCCTTGAGTCCATGCAACATTTGGCTAAATAGACAGCCAGCTTTAACCCCGCTGTTCGCAGGGCGGCTTCGTATTTGTGCTTATCCAGGCCGTCGGTCGGTTCTACGACTAAGACTACGTTGTTGGTCTCAGAAAAGGGAGTGTAGCGGGCTCCTTGGCCGCTCATGTCGATGAAGCCCTCCTGGAAGGCCACGATGGACCCGCAGGTCACGACCGCAGCCCCGTCAAGCACGAGCGTCGCCCCGCTACCCGCCCTCTGTAAGGGGGCACAAAAGCCGGGGAAGTATTCCTTTCCGCCCGATAACTTCACCCTCGGTTGGATGCAGTCCTTGACGGGGATTATCCTTATGCTTTCGCCGGGCCTTGCAAGCTCAAGGTCGACCTTGGCAAAACCGTCGTCTTTTACCGCCTCTAAGGCGGACGCCTTGTCTACGTACAAGACTCCTTCTTGGACCTTGGTGACGTCGCCCCAACGGACGTCGCGCACCTTTACCTTATGTAACTCCAACCTCATGACGAGCCCCTCCTCGCGCGTAATGACTTAAGAATATTGTAAAATAGCGATGCTCAAAAAACATTGGGTGATGGCATAAATATATATGTTATAATTATCTCTATATAAGGCGGATGCATAATGCATTTGCTGTGTCTTTGAGATAGAGGTGTGTTAAATGTTAAATCAGGTGGCACAGGATATTGCCGTGACGGTAAGCGACATCATCGGACATGGAGTCTTGGTGACCGATGGCAGGGGGATCATAATCGGGTGCGACGATGCGTCTCGAATCGGAGTTTGCCACACACCTTCGCTTGAGGTCATGAAATCAAGGAAGCCCCTCGTGACCACAGAAGCCGAGGCATCAAAGATGTCCGGAGTAAAACCTGGTTTCACGCTGCCGATCT
CP003198.1_gap29	1238253	1242748	4495	TTTACAGCCTCTTGGACTGCCTCGTAAACGGCGAGCACGTCGTTGCCGTCGACCACTACTCCCGGGATGTTATAGGCCGCCGCTCTGGCCGCCACGTCCGGCACGTTCATAGACCGCCTTTGCGACAGCGAGATCCCGTAGAAGTTGTTCTCGTTGATGAATATGACGGGCAGCTTCCAAATCGATGCCATGTTCAACGCTTCATGAAACGTCCCCTGGTTAGATGCGCCGTCTCCAAAGAAGCAGGCAGCCACCTGATCGGTGCCCTTGTACTTGGCCGTAAAGCCCGCACCCACGGCAATGGGAAATCCGCCGCCCACTATGCCGTTGGCCCCAAGTATCCCAAGCTCCACGTCGGCGATGTGCATCGATCCGCCCTTGCCCTTGCAATATCCCGTACGCCTTCCAAAGAGCTCGGCCATCATGAGCTTCAGATCTCCGCCCTTGGAAATCAGATGCCCGTGTCCCCTGTGCGTACTGGTTATATAGTCATCCTTGCGCAGGTTTGCGCACGCCCCCGTGGCCACAGCCTCCTCGCCTACGTAAAGGTGCACAAAACCGAAGCACTTTCCGGCTGCAAAAAGCTCGGCCACTCGCTCCTCGAAATATCTTATAGTTAGCATATTCCTGTACATCCACTGCAATGTTTCCTTCTCAATTGCCATGATATCCTACCTCCTTCTCTCATAATGTTGTTTAAGTAAGCTAAGTGTAACCTGGCCTTGATCTGTCACCTCCTATCTTTATGTGATATTTTATCGTGACGATACTTCTAAGACTGATAGGCGCTTGCCCTATAGGAACTCCTGACCAGTGGGCCGGCCACGACATACTTAAACCCAAGCTCGAGGCCCTTTTGCTCGTACATTTGATATTGTTTTGGAGGCACAAATTCTTTTACGGGAAGATGCGATGGGGACGGTTGTAAATACTGTCCAATAGTAAGTATATCACATCCCACTGATATCAAATCGCACATGACTTCGATTACCTCTTCATATGTTTCGCCAAGGCCGACCATAATCCCCGATTTTGTTAACACCTTCGGGGCAATGGCCTTTGCCATCTCAATCACGGCCAAGCTCCGTTCGTAGTTGGCCTGAGGCCTCACGGCCGGATAAAGGGAAGGAACAGTTTCAACGTTATGGGCTAAGACGTCCAAAGGAGCTTCAAGTAAGTTTTTTAAGGCATCCCTGCTGCCACCGAGGTCGGAGGTCAAAAGCTCCACTTTAGCGCCGGGGTTTAATTTCTTTACTTCCTCAACCACCAAGGCCATGTGGGATGCGCCGCCGTCGGCTAGGTCGTCTCGGGTGACGCAGGTTAAGACCACGTATTTGAGGCCAAGGGCTTTGCATGCCTCAGCGATATGTCTAGGTTCATCGGGGTCTAAGGGCAAGGGATTTCCGTGCCTGACGGCGCAGAAGTTGCAATTTCTGGTACATACGTCTCCCATGAGCAGAAAGGTGGCCGTTCGAGACTTAAAACACTCCCCGACGTTGGGACATAAGGCTTCCTCGCAGACAGTGTGAAGGGTCATGCCCTTTATTAAGTCCTGCATTTCATATAAGCTTTTTTCATCGGGCGCCGGTATCTTAAGCCACTCCGGAAATTCCCCATTCATCGATCGTTACCCTTCCTTCGGAAGATGTATGGCCCTACCTTGAACGGACAAAGCCGCTTCCTTCAACGCCTCACCTACGGTGGGGTGGGCAATGATAAGTTGGGCTATCTCCTCGGCGGTCGCCTCCAACTTCATGGCCATACAGGCCGTAGATATCAGCTCCGTAGCGTTAGGGCCCAATATGTGCACGCCCAAAACTTTTTCGTACTTTGAGTCCGCTACGATCTTTACCATTCCCTCGGCTTCGCCCAGCGTCAATGCCCTTCCGTTGCCTACCATGGGAAACCGTCCCACCTTTACGGGGATGCCCGCTTTTTGACAATCAAGCTCGCTCATCCCCACGGAGGCCAACTCCGGTGAGGTAAATATGCAGGCAGGAACGACGGAGTAATCCATTTCCCGAACTCCGCCGGCGACGTTTTCTGCGGCGATCTCGCCTTCTGCCATGGCAACATGGGCAAGCATGTAAGGAGACGCGCAATCGCCTACCGCATAGATGTTGGCCACGTTAGTCCTCATGAATTTGTCAGTCTTAATTCGGCCACGCTCAGTCTCGACTCCTGCGCTCTTTAAATTTAAAGCCTGCGTGTTTGGAACGCGGCCTGCGGCCATGAGCAAATGTCCTGCCTCCACGGTTATATTTTCTCCGCTCATTTTTTGAACCGAGACGACAAGGGAATTCCCATTTTCTTCGATCTTCGTTACCTTGGCAGCAACGTGAATGGTTATCCCCTTTGACGACAAGATCTCGTGGACGTAAGAGGCCATCTCCTCGTCGATGTTTGAGAGTATCCTAGGCAAAAACTCAACCACGGTAACGTGGCAACCTAAGCCTGAAAAGAGGGTCGCAAATTCTACTCCTATCACGCCACCGCCCACTATGAGCATCGACGAAGGAATTTCTTGGATCTGCAATGCATCATCACTGGTCAAGACGTTTCGACATTGCAGGCCTTCAATCGGGGGCAACGCGGGCTTTGAACCCGTCGCTATGATGAAGCTGTCTGACCTTAAATTTGAAGTGCCATTGCCGTTTTTCACGACGATTTCCTTAGAATTGACGAATGAAGCCTCTCCGTAAATTACATCTACTCCCCACGACTCCAAAAGCGTAGCCACGCCATCGGTGAGCTGTTTCACGGTAGCATCCTTACGATCCATAAGCACCTTCCAATCAAAGGTACTTTCCTTGACCGAAAAGCCGTAATCCCGCGCCCTATCGAAGTTGCCTTTAAGCTCTGCGGCATGAAGCAAGACCTTTGTCGGGATGCAGCCTCGATTGAGGCATGTCCCGCCCACCTTTTCCCCTTCAATCAGCCTGACGTTGCATCCAAGCTGGGCAGCCCTTATTGCGGCTACATATCCTCCAGGCCCGCCTCCTATGACAGTTAAGTTCGTCACGATCGTTCCCCCTTACGGAAATGACGTTAAATTTGCCTTGATATATTAAAAACGTGTATATGACATGATTAAGCGCGCTATTTAATTTAAAGACACTATTTGATTTAAAGACATCGAAGTTATATAAATTTTATGATGCTAACAATTCAACATATCTATAAGAGTAATCCATTGTATCGCAGTAACTTGAAAGGACAATCCACATTAAGAATGTTTTAGCGATATATAGGCATAGCATAACGCTATACTATCTATATTACAATGCGTTTCGGATACCTGTCAAGGTATCTATTTTACAAAAAAATTACGGCCATGCAGCCTCGCGGGCTTACATGGCCGTAATTGCGCAGTTTTTAGTTTACGATTCAGTAGCTACTTACCTGCAAACTGAGGTTCCCTGGACGTTCGTTTGCCCTTTTGAGTAGCGGTTTCCCTTTCCATCCTTGCGGCTATCTTGTCGACAACGATGGCTATTGCGTTGTCTCCCGAGACGTTGCAGGCCGTACCGAAGCTGTCTTGGGCGATGTAAAGGGCTATCATGAGGCCAAGCTGGGCTTCGCTAAAGCCAAGCATGCTTTGAAGCACTCCCAGGGCAGACATAATCGCGCCTCCAGGGACGCCGGGTGCGGCAACCATGGTAATGCCAAGCATCGCTATGAAGCCGACCATGGAGGCAAAGTTAAACTGCACGCCATGAAGCATCATGACGGCTATGGAGCACATCGTAATGGTAATGGTTGAGCCTGCCAGGTGAATCGTGGCGCACAGCGGTATCACGAAGTCCCTCACCGCCTTGGAAATGCCGTTTCTTTCCGCGCACTGGACGTTCACCGGTATGGTCGCAGCCGAGGACTGAGTACCAAGGGCCGTGACGTAACCCGGTATCTGGTTTTTAAGGCACTGGAAGAAGTTCTTTTTGCCATAAGCGCAGGCCACGGCGAAGTACACCAAGAGCAAGGTTATGTGAGATGCTATGACGAGCAAGAACACCTTGCCAAATACTGACATAATTCTGCCCACTTCTCCCGCAAAGGTCATATTGGCAAATATGCCCGCCACGTGGATGGGCAGCAGAGGTATTATGACGTAACTGACTAGCATTGTGACGATCTTTTGAAACTCGACCGTGGCGTTGTGTAAGGTCTTTTCCTCGATTGCCGACATTCCTATGCCAAGTATGAAGGCAAGCAGTATCGCGGTCATCACGCCCATGATCGGGGGCATGTCGATCGTAAAGTATGGTGGTAGCAAATGCTCCTCAGGGTTGGATGCTGCCACATTGGCCACGAAGTTTATAAATTTGGGCATGATGTTGGTTCCGACGAAGTAGGCAAAAAAGCCCGCTAGCAAAGTCGAGCCGTAGGCAAGAGCAACAGTTATCCCAAGCAGCTTTCCGGCGCCCTTCCCCAGATCCGCTATGCCCGGAGCAACGAAACCAAGGATTATGAGCGGGATGGCAAAGCCCAGGAAATT
CP003198.1_gap30	1259789	1261265	1476	TCCTGTAGCCGGGTACCGGTATGTGTATCATGGTGGCAACGGCCACGATGGCGGCAAAAAGGGCTCCCAACGTCACTTCCTTTGCACCGTCTTGAGACGCGGACATACACCTCATCTCCTTTTTATGTTTATGTTTATACCACAAGTTGGAGACTATAAAAAACAAGCCGCTGCTTAACGTTGCAAGCGGCGGCTAAAAAGCGCTATATCTAGGGCCTAGGTATCCCAAATTCTTCAGGCGACCTCTTGGTATAACCCATATCGTGAAGCAACCAAGCCGAGACGGACTGATTATGCCTGATATACTCTACGGCTTTTGTGCCGGTTAGAGCTAACTTTACCCCGCCAAAGTCGTGGGCAAACTTGAGAAAAAGCCTGATATTAAGGGCATACGATTTATTCGTCTAGGCAATCTCTATCGCCCTCCCCTCCTCTGCTGATCTGTATGCTGCGTAAATGACCTTTACGGTTTCATATGCCAAGTCGAAGCCGCAAAGCGGACGCCTGCCGTAGGCTACGCATTCAACGAAGTCCTGCATTTCGCCGACGTAGCCTCTAAGCACTTCGTCCGATACAAACACATGCTGCCATCCAATGTAGGTAGGAAGCATCTCGGCTATCTCCACATTTTCAAGGCCCTTTTCATCCAAAAAATAGGTATCCATATTTCCCGGAGGCGTGATCCTACACAGAAGCGATGCATCATGAGCGTATAATTCCACATAATTAACCGTGCCGCCGAGCACAGTATCGGACGCAATGATCAAAGCCTTGGTCCCGTCCGAAAAGGTAACGGTAAGCGTAGCAACATCCTCCACATCGTAAGGCCTTGCCTTTATGTATCCCCTTTCGACGTCAGATAAGACATCGGTAGCCCTTCCCGCGTCGCAGGATACCTTTTTTACGGCGATATCCTCATTGCGGGCCTTCGCTTCGACGCTTTTTAGCCACAATATGCCCGCCAACGGGTGAATACCGACCCTTATAAGCGATCCCCCGCCCGTCTTGTCCCAACGACCCGCGACAGACGAACTTGACCCACTCAGGCTTTCTTCACCCTTCATAAAAAGCAGCTTGCTTTTCTTTTCCTGAATTATCTTTGCTGCCTTCTGCAACGTCGGGGCATATACGTAATTTTCGGCGTACATAAACAACCTGTCGCTTCCCTCGACAACCGCCTTTAGCTCCTCTATCTCTTCAAGGACGCGCTCGTACATCAGCGCTTTGGGGACTTTCTTGCCTATGGGCTGAGGATCTGCGGGCCTGCCAAAGTAGCCTGTCAATGGTTTTTCGCATATGACGTGCTTATTCGCCTGCAACGCATCCTTGATGATCGGTACATGTAAAAACGGAGGGGTGCATATGTCGATGACGTCGATCTCCTCGTCCTCCAGCATTTCCCTGTAGTCTTTGCACGTTTGCTCTATGGAAAACTTGTTTGCTGTTTCTGTGGCCTTTGCTTCGTCTACGTCGCAA
CP003198.1_gap31	1279318	1283343	4025	ACAAGGACCAATAGATGAAGAAAAGATGCAGCGCAACCGGATCTGCTCCCAAACGAAGCAAGGGCGGTGCCAATATGGAAAGCGAAAGCACGTACGTGGGCACAACGGGAAGCGACGTCCCAAGCAAAAAGGGTATGACAGTGGCTATCATCAAAGCTATGATGAAGTTGTTGCCGCCAACGTCCATAATCAGCCCGCTGATCTTTGGGGCGATGCCTGTTATGCCGACCATGTTCACAAGTATGCTTACCGAAACCAGGATCGGAATTATCCTGGCAAGGCTGGTCCCGCCATCTTCCAGGGCCAAAAGCAGGTTCTTAAAGGTTTCCTTAAAGCCCTTCTTGGGAATGTCGGTTATGAGCATTAAGACTATCGTGGTCAAGCAAGTATAAAATCCAGCAGTGAGAAGGGGCCTCCCAATGGCGATCAACCCAAGCAATACAACCATTGGTATTATGAGGCAGGCAAGGCGTTGAAATGTCAAGACATCCCTCCACTTAGGTATCTCTTCCTCGGGCATGGGCACCAATCCCAGCCGTAAGGTCATAAAATGAACGCCGGCATAAATGCTGGTATAGTAAAGAATGCAAGGGATCAGGGCGTACCCTATGATTTTTAAGTAGGATATGCTCAGAAATTCTGCCATCATGAAGGCGGCTATGCTCATTATAGGAGGCGTGATTCCTCCGCCAGTAGATGCTATCGCTTCTACTGCGCCGGCAAAATCTTTGGGGTAACCCAGTTTTTTCATCATGGGGATGGTGTAATTTCCCGTCACGGCAACGTTGGCCACGGCACTACCCGATATGCTGCCAAAAAGCGCGCTGGCCACTATGGCAGCTTTGGCAGGGCCTCCCCTCCATCGACCTGTCAATGCAAAGGCTATATCTATAAACGTCTTTCCTCCTCCACCGGCAGACAGCAGCGATCCGAATATGATAAACAGGGAAATAAAAGTGGCTGACATGGCTGTGATGCTGCCGTATATCCCCAATGGAGAATAATATATCGAATTTACGACAAAATCCCAGGATAAACCCCTTAATTTCCACATCCCGGGAAACAGGTCACCGAACATCGCGTAAAATATCAGACCAATCACTATTATTGGGATAGCCCAACCCACAGCCCTTCTCGTAGTATCCAAGATGACAATGGTGAGGCCAATGCCAAGCAGTAAATCCAGCATCCCGGCACTTCCGGGATACATGTATATGTTAAGCGTTTTAAGGTATATATTGATATTTGCAGCAATAATGATAATTAGTGCCAAGATATCCATGGATGTCAGTTTATTGGCTTGATATTTTTTTGAGAAAGGAAATACAAGCGCAGCAAGCGATATGCCCAGGCCTACGTGAATTGCCCTGAGCTGCAAATCGAGCAAATGGAAAAATACCGGTATAGTGAGCTGCACTGCAGAGAGTATAACGGCTAACCAAAAGATTATGGAGGTCTTCATATCCTTGGCCATGGCAAAATATTAATCCTCCTTTTCATTCAAAAGCCCGTTTCCGACAGCCAACGCAGGAACATTTACTGACGTCGGCTGTCGGATTCCTACCAAACAGCCGACCTACTTTTTATATTCGGGGGGTATAAACCTCTCAGGCACTTCAATTCCCCTTTCTTGAGCGTAACGTATCAGACCAGCATGGGCGTAAATTTCACCGCCTGGAGGAACGTTTTTGAAGAAATCGGCCACTGGATCCCAACCCTTAATAGCCGGATAGGCGGATGCCACTTCTTCCAAGTTTTCGACGTAGGCCTTCACGATTTTATATCCGAGCTCCTCGGGCAACCTCGCAGAAGCAACAGCACCTACTATGGCACATTCTTCCATGATGGGTCCAACTTCAGGTAACTGTTTAATCTTGCCTTTGGGCGTCTCCAGGAAAATCATGTAGGGGTAACGTTCTCTTATCTTTGCGACATCGTCTTCGCTATAACCAATCACCGTTATGGGGAGGGTCAAATTAACTTCGATCATAGCGGCATCTAAACTATCCAAGGGTGAGGTCTTTTGAAGCCCTGTTATCGCGCCATTTTTCATGGCGTCAACTGCATCACCGATAGCGGCAGGCATGAGCTTTATGTCTGCTTTCAGCAGATCGTTAAATTTAAAAATATAATCGGCCGAAGCGGAACCAGGGATTCCGGGGCAGAATTTTTTGCCCTTCAATTCTTTAAAGGTAGTGACACCAGAGTCCTTTCGAACGTACAAACGGTCGGCAGTGATGTTACGTGTAAAAAGCCACCTGACATCTTCCCACTTTTCCTTTTGAAATGTGTCCATTCCCCTTACCATTTGAAAGGCAGAAGGCAGATCAACGCACAGCGCGAAATCGAACACCCCTGCTTTGATCTTTCGTAAGTTGTCCAGTGCAGCGCCGCTTTCTATGACCGTCACCTGAATGTCGTTTTGCGACTTGTTGATCACGTTTGCCGTTGCGACGCACCAGGCATATACTCCCGAGGTAGATGACGTGCTTCCCATGTTCAGATAATGTTTTTGTGCCATCGCCGGAGAAGTCAGAAGACATAATGTTAAGACGAGGAAAACGAGCCAATATCCCTTCTTTTTCAACTTTCTCCCTCCTTTTGATCTTAGTTGCTTAAAAAATCTTCTAAAAGCTAGACATTTCGCAGGGAGCAACATAGAGTTTTTATTCCCTTACGAAATCCCCATATTTTTTTAAATAGGGCACCAACCCTCCTTCTCTTAAAATGTGCTTCATTATGTCGGGCATCGGTTCCATTGGAATTTTTTTATCTTTAGTGATGTTTAAGACTAATCCATTTTCCAGGTCGACCTCAAGCTCGTCCCCGTCATCTATTTCATCCGTATTGCACACCAAGGCAGGAAGTCCGATGTTGATGGCGTTTCTAAAAAATATCCTGGCAAAGGAGTGGGCCAACACGGCGGCTATCCCAGACTCCTTGATCGCGATTGGAGCCTGCTCCCTTGAGGAGCCGCATCCGAAGTTTTTTCCGGCTACGACAAGGTCTCCCCCTTTCATCTTCTTAGAAAAGTTTGGGTCAATGTCCTCAAACAGGTGCAACGCCAGGTCATTTAGGTTTAATGTCTTTGTGTATTTGCCGGCTATGATGTAGTCGGTGTTGATGTCATCGCCAAATTTATGAGCTCGACCCTTTAACAAAAAGCTGTTCATCTCGCATCACCTTTCCTTAAGGCTCAAGATAAGTACTTTCGCGGATCGGCTATCTTTCCCTCAATGGCGGAAGCAGCACATGTCGCAGGAGAAGCCAGATATATGTTAGATTTATTATTTCCCATTCGACCCTTGAAGTTTCTGTTTGCAGTGGATATCACGTTCTCGCCATCTCCAGGCACTCCCAAATGGGTTCCCGGGCAGGGACCGCAACCGGGTGGGATTACCGTAGCTCCGGCCTCGAGCAAGGTGGAAATAATTCCTTCCTCGATAGCTTCAAGTAATGTTTGCCTGGAGGCGGGACATACGAGCAACCTTACACCATCATGGACGCGGCGCCCACTTAAGATTGAAGCTGCTTCCCTTAGATCTTCAAGGCGACCGTTAGTGCATGTCCCCAAAAAGACCTGTTGAATAGGAATTCCTGTTGCTTCACTGACGGGATGAACGTTATCGACTGCATGGGGAAAGGCAACCTGAGGTTCAAGACCGGCTGCATCTATATGGAGAACATCGATGAAATATGCATCTTTGTCGCTTGTCTGAGGGGCAAATGAGCGAGATGAACGGCGGCGAACCCATTCGAGCGTCTTTTCATCCGGTGGGACTATTCCGCCCTTTGCACCGGCTTCGATCGCCATATTACAAAGCGTCATTCTGCCTCCCATGGACATCTCATCGATGCAGCTGCCTGAAAATTCCAAGCAAAGATAATCGGCACCGTCTGCCTTAAGGATTCCGATGACATTGAGCATGAGGTCTTTGGGATATACGCCCGGCTTGAAGCTGTTTGAAACAATTATCTTCATTGTATAGGGCACCTTGAGCCATAACTTGCCCGTAAGGAGAACT
CP003198.1_gap32	1298697	1302493	3796	AATTACCGGAGTAAACAAGCACAAAGAAACCCTTCTACATATCACAGCAGGAGGCCTAAAGATAAAATGCTTATATGATTGGCTTGCCCAATAAGCCGCTCTTCAGCCTCTCAAACTGTAACATCCCAGGAGGTTATTTCCTCCTGTTCTTCCTTCCACGCCTGTTAGTCTGCTTTGAAAGCACATCCTCTAATCGGTCCAACTGACAAGCTTAACCTGCGTAAATACCGTAACGCCGATGCTTTATACAGGCTATAATAAGCAAAAAGGGGGCATCCAAAGATGACGGACCGAAGAACTGTCGCTTTTTTGGCTTTAGGAATATGTTTGGCCTGTGGGCTCATCATAGCGAGCTATCTCATAGGTAATGCCCTGGTAGAGTTTAAGTCCGCGGAGCGCTATGTCACCGTAAAGGGGTTGTCAGAACGGATCGTGGAGGCAGACCTTGCCATTTGGAGCATATCCTTCAGGAACTCCGCCAACGACTTGGAGGAGCTTCAAAGAAGCATCGACGATAACAAGACAAAGCTGTATAATTTCCTGCTTGAGGCAGGTTTCCCTGAATCCGAGATCTCAAGCATGCCGCCGCAGATAACCGACACACAGGCGCTGCCCTACTACGATGCGGGCAAAGGCAGAGAATATCGCTACGTCGCCGTAACACGGGTTACATTGCGGTCGGGCGACGTGGCAAACGTTAAAAAGGCCATGGAAAAGGCAGGACAGCTTGTATCTGCCGGAATTGCCATAGGCGAGGACAGCTCAGCGCAATTTGCCTTCACCAAACTGAACGACATAAAGCCCGAGATGATCGCCGAGGCGACCAAGAACGCCAGAGAAGCTGCCGAGCAGTTTGCCCGAGATTCGGGCAGCAAAGTTGGAGCCATAAGGAGGGCCACCCAAGGGTATTTCACCGTTGAGGACAGGGACGCCGGTTCCCCCGACTTCAAAATGGTCCGCGTCGTTACAACTGTGGACTTTTTCCTGACATCCCATTGATATAATCGGCAAAATCTGCTATAAAAGACTGCCTGCAGGCAGGTTATCACCAAGACCAGGAGGAAACGAGGAATGGACGAAGCAGTAAACGGCCTTGACCTGGATTATCCGGAGTGGGTAGATGCCTTATCCGAAAAATTTGGCCTTCAAAGGTACAGGGCAGACCAGGTATGTCAGTGGATCTACCAAAAAAAGGTATTCGACTTTCACGAGATGACAAACTTGAGCAAAGACTTGAGGCAAAAGCTTGCAAATAGCATTACCCTTACGCCGCCTTTCTTGGTGCGTGCGGAGACATCGAAGGACGGCACCAGAAAGTTTCTCTGGCAATTGCAGGACGGCGAAAGGGTGGAATCGGTGTTGCTTGCGCAGCAGGGGCGCCTGACTGCATGCCTTTCGACCCAGGTAGGCTGCCCCTTGTCATGCGCCTTTTGCGCCTCGGGGAAAAGTGGGTTTGTAAGAAATCTGTCGACGGGAGAAATAACGGGCCAATTCCTTGCTATGGAAAAGTTTACAGGCCAGGACATAGACAATATAGTATACATGGGGATGGGAGAGCCTTTCTTAAATCAGGAAGCGGTATTTAAAAGCATTCGAATATTAAACGAACCTAAGATGAGGGGCCTTGGCATCAGGCACTTCACCATATCAACGGCAGGGATAGTACCCGGAATATTGGTTTTGGCCGAGATGAAGATCCCGGTGAGGCTTTCTGTATCTTTACACGCGCCAAACGATCAGCTCAGAAGCAAGCTGATGCCTATAAACAAACAATATCCGCTGTCAACCCTGATGGAAGCGCTTCGAAAATATCAATCGGCCACGAAGGATCGCATCACCATCGAATATCTAATGATGAACGGCGTCAACGACTCAACGGAGCATGCATATGAGCTTGCAACGCTTTTAAGCGGCCTGTCCGTTTACGTAAACCTGATACCCTACAATACCGTGCCCGGGGGCAATTTTAAAAGGTCTACGGACGGTCGCATCAAGGCCTTCGCTGACATCCTTTCCAAGCTCAACATAGAATGCGAGATAAGGCGCGAAAGGGGTTCCGACATAAATGCTGCATGCGGGCAACTTCGAAGGGTCATGAATCAATAAAAAGGGGACAAAGGAGCTTACTCTGCTGGAGATATCCTTTGTCCCGCTTTTCGTGTAAAATTCCCGACGTATCTTGGGCGGCTTAACGAGACTTCATCGGGCCTCATTCTTTCGATCAGCTTCTTCGACCCATGCAGTTTTTGTTTGTCTGTCGGTGGCAAACATCAGGGCAAGTCTCAACAGCTGCTCTTCCATGGCTTGTCTAACCGACTAAATTACTTATGCCCTGCAAAATGTCCTCCAAGGCTTTCCCCGCTTCTGGGGGCAGTTTGTCAAACCCTCCCTTTTCCGTATCTCTGTCTTTTACGAACTTGATCCTGTCCTTGATCCTGGCCGCGAACTGCTCCCGATAGTTTTCATCTTTAAAATTCGGCACAAACCCCTCTATCTCCATGATCTGAAGGCCCGAAAAATCCTCCCAAGGCACGAAGTGTGCCCTTTCTTCTACGATGGCCTCTATTATCTCCAGGGTCATCTTAGATTCGATCTTTTTACCCATGAACTCTCCTGTATTTAAGACGTAACAGTCGACGCCTTCGGCCAAAAGGTGCTTGAAGCCCTCGTAATCTACGCTTAAGGGATACACCCTAAAGGGGTTAGCGTAGGGCTCAAAGACCAGTGCATTTGGATCGACTCCCGGCAAAAGCCTTTCTGCCGTCGTCCTCCTTGTGGCAAGGGTCGCGCCCATGGTCGAGCCAAGGCAGGGATCAGTTACCTTGACAACGGGCGGCAGGGTCGGATCCCTCATGATCCAAAAGAGGGCGTTTATAGGATCATCCAAGCGGTCGGCCCTGTTCGGTGACCAAAACCTGGATCGTATGGCCCTGCCATTTCCGTTTCGGATGTCTTCCATTACTGCGTATAGTTTGCCGTCCTCACCCACGGTTACGCCGTTGTTTTGCAGCGTAACGATATACTTACTTGCTTCGCTGGTAATCGTGTAATCCTGTGTCTTGTCGAAATAGGTGGGTTCCAGGGCTATGGAGTATCCCTTTTCCCGGTTAACGACGAAGGCGTCGTCGTGCAATACGGTTATATCGTACTTACCGTTATGTTTTGCGTGCGTAATGGTCGATTTTCCCGATCCGGACAGCCCGAATACCGCCATGACGAAATTTTTGCCGTATGGCAGCCGAAAACGCTTTAACCCGCCATGACAGGAAAGAAAGCCGTTTCTTGCTGCCGTTCCCCAGGCAAGCGTCAATGTTCCCTTCTTAAACTCGCCAAAATACCTCATGCCCAGTATGGCGGCGCAGTTGTGAAGGGGATCAAAAAGCGCCAGTCCCAGAGGATGGTCAGGGTGTTGCCAATCCGGGTCGGAAAAGACGAATATGTCCCCTTCGTGGTAAAGCTTTGAGCTGCGATACATCTCGCTGTAACGCTCGTTTAAGTACTGAAAGTTGAGCAGCCAGTTGTACAGGATATTTTCGTGTCCCTCGGGGATCAAGAGGTGGGCCTTGACCATGAAGTCTAGGTCCAATCCCACGACGGCCTGTACGTGATACAATTTGCGAAACCTCGTCTCGTAAACGGCCTCGCGAAGTTTGGAGGCGTATTCCTCGACGCTTACATTCGGCTCTCCTATTATCCTCCTTGCCGCGGCGCAGCGGCCCACTACACCACCATCGTTAAACAACAACACGTTTGCGCCCTCAGGCAGACCTTGTCTTTCGGCATCGAATACGGGCAT
CP003198.1_gap33	1304893	1308311	3418	TCAGTACTGATATTACCGCGCAACGTCGAATCAACTTTCTTGTATATTATTTTAGGCCTTATTTGACCTACCGCTTTAGAGATATTCGATATGATATCGTAGGCCTTGTCTTTGGGCATAGCTCGTGATTCGGTATCCATAACCACTGCATCACATTTATTAAAGCCCCCAAATTTTAAAAAATCAATCAACACAATAGTATCATAGCCATATTTTTTTAGTTGTATTCCTGTATCATTAGCGCCGGTAAAATCATCGGCAATTACTACAGCTTCATACATGACAAATCACCTTTTTTTAGATCTAGTCTGCTCCCACCTGTATAAAAAGTCCACCAAAAGCGGGCACAATATTGCTGTTATAACTACAGATGCACCAACCTGCACGGTAGCAACAGCAGCAAAGGGGGCCCAAGAAGGATCTATTGCTGCAACGGCAGCAGGAGTCGCAGCAGCGTTACCGGCAGACGTCGCAATCCCGGCACCAATGGCATCGCTTCTTTTTGCATGCTTAGGAACGAGATATTTATACGCAAAATAACCTCCAAATCCCGTAACTAGTAAAGTTAAAAGACCTAACACAACACCAGGCAAGCCGGCTTTGACTATATCTATAAGATTTAATGATGCCCCTAAGGGAAAAGAAAAGAAAGGAATTGATAACATTACGCCCGGTGCGAGGAACTTTCTCATATCATCATCCAGGTTGCCGAGAATCATTCCAACGACAATTGGCACTATAACAGCAACAAGGGCTACCCAAGGTATATTCGCAAGACCTGTCATACCCATTGCAAGCATAGTAAAAAAAGGACCGTCATTCGATGAAATAATTGCTACAGCAGCTATATCCGTTTCGTCTCCGTATTTAGAAGCCAACGCCGTATAAAGGCCGCCATTTGAATTTGACATCGCAGCAATTAGAGCCAGAGGTGTCAATCCAAAAATTGCAGCTCGTGGCCCTATTAATTTTCCCACCATAACCCCTAATAAACAACCTAAAACAACTTTCGCAGTATTTAATACTACACCTTTCCACATTGCAATGCCCGCTGTTTTTAAAGTAATCTGTGCACCGCTACAGACAAGAAGCACAGCTATAAGCGGTAAAGCACCATTTTTGAATAAAGCTGTTGTAAAACTGCCTATCTGCAAAACCTCAGGAGCAAAAGTATTTACGATAGCACCTAACAATAAAAATACCACCATCAAACCACCTGGTAATTTTTGTATTGTCTTTAATATAGGAATTTTACCCAACATTGATAATTCCTCCTCATATAAATTCATATAAATATTGTTTATATTTATGATTAAACTCTGAAATAATATGAAATTACGAGACTGCTGATAAACTGTGCCTTCAGCAGTCTCGATGCACGCTAAAACGTTGATGTAAGTTTATACATTCCGAATTCCCTGTGTTTTAATGCCTCTGCTTTTGTCAGTTTTCCGTTTACAACCTCTATCATTTCGTTAAATACTCTCTCTCCAGCTTGTTGAATTGTTTCCTTGCCTTCAATAACAGTCCCAACATTGATATCGATATTATCTTGCATGTGTTTAAAAGTCTCAGGGTTTCCAGTTATTTTTATGACAGGAACAATCGGCGATCCTGTCGGAGTCCCCCTTCCTGTAGTGAAAATTACTACATTAGCTCCCCCGGCTGTCATTCCCGTTATTGACTCTATATCCTGTCCAGGGGTATCCATTATATAAAGCCCTTTCCCGGCAGGAGCTTCGCCATAATTTAAAACTCCTTCGATTGGCTTTGTTCCGCCCTTATATATGCAGCCCAGGGACTTTTCTTCGATAGTACTTATGCCACCCTCTATGTTGCCCGGAGTAGGCTGTCCGCCCCGCATATCTACTCCCATCTTTTCGGCTTTGAGCTCACAATTTTTCACAATTTCCAATATCTTTTCTCCTATCTCTTTGGTAGCCGCCCGTTTAACCAACGTATGCTCGGCACCTATTAATTCAGTGGTTTCGGAAAACATGGAAGTACCGCCATGGTCTATCAGTTTGTCCGATACGTAACCAGCTACAGGGTTTGAGGCTAATCCCGAAGTCGTATCGGATCCACCGCATTCAATCGCAAGCGTTATCTGCGATATATCCACCTCTTCTTTTTCTAGTTTGGCAACTTCTTGGGCCAGGGAACGCACTATTCTGGCCCCCTCTTCTTCCGCTTTTAAGGTCCCTCCGCAATGTTGAATTATTATATATTCAGCTTTTTTACCTGTCTTTGATATTTCCTCAGCAACTTTGCTCGTTGGAACACCTTCGCAACCCAAGCCTACAACCAAAACCGCAGCCACATTTGGGTTTTTGCCCAGCCCTATAAGCGTATTTATAATGAGATCCATATCAGCTCCGACTTGGCAGCAACCATGCTGATTTGGCAAAGCTATTGCGCCTTCCACATGTGATGCGATTCGCATAGCAACTTCGCTGGCACATACCGACGAAGGAATTACGAGCAAATGATTTCTGAAACCAACCTTACCGTCCGGTCTTACATAACCCATCACTTTCATCTTTTATCAACCTCCAGATCTCCTCTTCCTCTAGTGCTTTCAATGTTGTGCACGTGAACGTGCTCGCCCATCTTGATCGGTTTAGAAGCTTTTCCAATGACTTCGCCATATTTTATGACGTTTTCGCCAATATCAATATTTTTTAATGCAAATTTGTGGGCAAAAGGAATATCGTTTAACAAGACAACTTTACACTTAGTATCGCCGATCTCAAGAAGCACCTCCTCCCCTTTTTTTAAATCTCTCAAAGAAGTAGCCACATTATCACTTTCATGAACCACTATCGCTTGCTTTCCCATGTGTCAACCCTCCCGCTTTAGTTATATATCTCGACAATTTCTAATTTAAATTATCTTGAAGTCTTTTTGACAATGTCAAATACCGCAAGATGCCAAGGTATTTTGGATAGGCTTGCGTCTATATACATTGTCTAAGTTCAGAAAGGACACCATTTATGGTTTGATGGCTTTTTGGTAATGCCCCGTAAAAAGCTTATACACAAATGGTGGCAAGAACCTGTTTCCTTCGCCCTTTATAAGTTGATTGGCCAGCTCCTGCCACCGCTTAACATGTGCTTATATTATACATATGCCTACATGCTAATAATATTTCTAGAGATTACTTCTGTGTGCTATACAGCTCCCTTAAAGCCTTATCCAACCGTTCAAGGCCATTTATAATTTCCTCCTTATGTCCTCCATAACCAAGGCGAAAATGTCTTGGCATCTTCAAACAATAGCCGGGAACAACGAAGGTGCGGTAGCGCTCGACTAACAAACGGCACAGATCGTCTGCCGCCTCGTCTTTTACAAGTCTAGGAAAGCCTACAACTCCTCCCTTTGGGGGTATCCACTCGATATCATCTCTTTTTTGGATCCA
CP003198.1_gap34	1412733	1414700	1967	TTCTTGGCGGCCTTTGCAATGCCCTTCTCTCGCAGATAATCTATAGCCTTCTCTATGTCGCCTTGGCATTCCTCCAAGGCTTTTTTGCAATCAAGGATACCTGCACCCGTACGTTCACGTAACTGTTTTACTAGCTCTGTATCAACGGACATCGATTATTCCTCCTTCCAGCCTTTACGCTCTTCAAGTTCATCCTCGACGAGTTCTTCTTCGAATTCGCCGTAAACCTCGTGCAGCTTCTCCCGCACTTCTATCTCATCAGAAGGCTCTTCCTCTTCGCCGGAAGCTGTGGCGACAGCTGTCTTTGGAGCAGCAACGCTGTCGACGCCCTGGCGGCCTTCGATGATGGCGTCTGCCATTAGGGAAGTTATCAACTTTATAGCCCTTATCGCATCATCGTTTCCGGGAATCGGGTAATCGATCAGGGTCGGATCACAGTTGGTGTCGACGACTGAAATTATCGGGATGTAAAGCCTTCTGGCTTCAGCAACGGCAATGTATTCTCTTCGAGGATCGATCACAAACAGGGCATCAGGCACGTCCTTCATATCCCTAATGCCACCCAGATATTTTTCAAGCCTTTCCTTTTCCTTGCGAAGCTTTATGGCTTCCTTTTTGGGGTACTTCAGAAACTCCCCTTTTTCCTCCATCTCCTGAAGTTCGATCATGCGACGCACTCTTTTAGAGATGGTGGAAAAATTGGTTAAAAGTCCACCGAGCCATCTCTGGTTGATATAGAATTGTCCACAGCGCTGGGCTTCCTCCTGGATGGTCTCCTGGGCCTGGCGCTTAGTGCCTACGAAAAGCACGGTACCCCCACCCTTGGAAACCTCCCTTAAGAAATCATACGCCCTTTCTATGGCCCTAACAGTCTTCTGCAGGTCAATTATGTAGATACCGTTGCGTTCCGCGAAGATATAGGGCTTCATCTTCGGATCCCATCTTCGAGTCTGATGCCCAAAGTGGACTCCGCATTCCAAAAGTTGCTTCATGGAAACTACAGACACGCTAATCCCTCCCACGGTTTTATTCTTCCACGGCCATCATCCGGCTTCGGAACCCAAAGGGCACCCCGACGCCGTCCAACCGTGTGCTTTGTAGAAGCCAATGGGAAGTATAGCATATAACCCAATTGACCATCAAGGTTATTATTGTTAAAATGTGAATAAAATGGTATTTTTAAGAATGTATCACATTAATAAAGGAGGCATTATAAATGGCAAAAAGGCCCGCCGAAAATAATATAGAAGAATTACCCGCCGAACGTAAGGCCGTACTGAACAGGCTCAAGAGGATAGAAGGACAACTCAGGGGAATACAGCGAATGATCATAGAGGAAAAACCCTGCGTGGAAGTGCTGACTCAGCTGACGGCAGCAAGAAACGCCATGCAACAGGCGTGCGTGGAGATAGTAAAAAACAACCTCTATAAATGCATAAGAGAGAACACCAACACCGAAGAAAATATAGGGCAACTGGAGAAGCTCATAAGCGCACTCATAGATTCAGCACCTCAGGCAACAAAATGATATGAGCGCAAATAAAATACGCCCTCGTTTATTGGAAAATAAAAATGCGGCCCTCTTTCGACCCAGCTTTTCCATGGCACCCGATGTACACTGCTTACCGTTGCTCCCTTCCGGGCCTGGCGGGTTTCACAGGACATCGCCGCATGGAACTGAGCCTACAGAGGACCGCAACTTGACCCCAAAAAATTGGCGGAGAGGGTGGGATTTGAACCCACGAAGCGGTTTTGTAGCCGCTTACTCGCTCTCCAGGCGAGCGCCTTCGACCGCTCGGCCACCTCTCCTCATGCAAATTGAACCACCCTTACACGTCAATTGTAGCATAATTTATATCATTTGGCGGAGAGGGTGGGATTTGAACCCACGAGACGGCTCATCACCGCCTAGTCGATTTCGAGTCGACCGCCTTCGACCGCTCGGCCACCTCTCCATCCGCCACGTA
CP003198.1_gap35	1434433	1439318	4885	CGGCAATCATGATCCCTTTTGTCCTGGTACGAAGTGCTTTTAAAATCATTACTACCTTCCCCTTTCTTCCCTTCTGATTCGCAAACCATGATACGCCAAAGTCAATTTAGGCTCAATAGATTATAGTATATGCCAGCGATTATTGTAACAAAATAAGTACATTTCCGTATATAATATATTCATCGAACGAAGAGGTGGTAACCTTTGAGCATTTTAACGAGAGGTAGCGAATTAGCCGTAAACGCCATACCTTTATTTGTAAAGCTTCGTCGCTTAAGCATGCGAAGCTACAAGACCATCCCAGAAGAAGAAGTAGAAGACATCAAGGCAAGGTTTGAGCGCCTAGGACCTTCCTTCATAAAGCTTGGCCAGATGTTGAGCTGTCATTACGACGTATTGCCTCCAATTATAGCGGAGGCCTTGTCGCACTTATTGGACGAATTGCCTCCATCCCCCACCAATAAGGTTTTAAACTTGGTTAAAGATGAGCTGGGAGGATCCATGGAAGAGGTCGCCTACTGGGATCCCCAACCCATCGGAGCCGCAAGCCTGGCTCAGGTGCACAAGTGCAACTTGAAAAACGGTCCGGTCGCTGCCATGAAGATTTTAAGGCCCGGCGTGGAACAGGTAATCGACGAGGACATCAGGATAATGCGCTTTCTGATAAAAAGGCTCCCCGACACCCAAAGTTTTCCCATAGACTTAAAGGATATGGTAGATGAGTTCTCGACAAACATCATCAAGGAGTTGGACCTGCTTAGGGAGCTTGCCTGCATGAGAAAATATGGAGAGGGACTCCCCGTCGAATGGGAGGTCAAGGTTCCAAAGGGATATCCCTCATTATGCACTAAAAATATTTTGACCATGACCTTTCACAACGGACAAAGGCTGGACAGGGCGGTACCTGCCTTGTCCAGGTTCAGGCGTCGTTTCCTGGCCCTATCGCTAACTAAAACTTACCTGTACAAATTCCTGAAGGACGGCATGGTCCATTCCGACCCACACTTCGGCAACATACTCATAGACGACGATGGGCATCTCGTACTCCTAGATTATGGCGCAACCTGCTTTTTGTCCGAAAAGATAAGGCATAAATCGATGCTATTGTTTTGGGGGCTTTTGCGCAGAGATATAAGCTTGGTTTACAGCAGCCTGGCATCGCTTGGGGTAATCCAGGGGCACGTCGATCCCATGGCCATAGAAAATGAGATATACGACTTCCTTGAGGACTACCTGCACAGGCCCTTGGGCCAGCTTTCCCTGCCTGACATGTTGAAGGATATGGTCTCTCAAAGCCAGATCTGGGGTATAAAGATCCCCAAGCCGCTTCTCTATCAGGTCAAGGCTTTGTCTATGCTGGAGGGAACACTGCATACGCTTGACCCGAACATAGGTTTCGAAGAGCTGTTGGACGAAAGCTTCCAAGAGGTTACGTCTATATTGCATCTTAAACCCCTGCTCATGATGGAGCTTGGCAAAGAAAAAATTAAACAGGCCTTCTTCGATATATCCATGACGGTATCCGTAGGAGCAGGCAAAAAGACGGAAGAAAAATCCGGTGGCATCTCCCGTCTTTCCATGGCGTTCATGTTTCTACTTTTCGGAGCGGGTTTTTGGATCTTGCCGCAAGGGGCACACTTCTATTGGTTTGCCCTATGGATGCTGATGTGTGCATTTATCGTAAGATGACGGTTACACTTCTGCCAAGGAACGCCCGCTTTTCAGGTTGACTTCCAAGGGCACTGAAAGCCTTATGACGTGCTCCATGCTTCTTTTAAGCAGATCAGAAACCGCCCCTTCGTCTTTCTCGTGACACTCGCATATCAGCGAATCGTGGATTTGCAGCACCAATGCAGCGTCGATATGCTCTTTTTGTAAGGCCTCGTCAAAACGTATCATGGCCATCTTTGCTATATCCGCCGCACTGCTTTGAATTGGCGTGTTTATGGCAACCCTTTTTAGCGCAGCAGTACTGTTTCCCTCTACGGTTGTCACCTCGTTCAATGGCCTTCTCCTGCCAAAGATTGAAAGGCTATAACCTCTATTTTTGGCTTCCTCGTAGCTTTTCTCTATGTACTCCTTTACCCTTGGAAAACCAGAAAAATAGCGGTCTATTATTGCCTTGGCTTCGTCCCTGCTTATTCCAAGCCTCGAAGCCAAGCCGTAGGGTGTCATGCCGTAAAGCAGTCCGAAGTTTATCATCTTGGCCATCCTTCTAAGCTCACTTGTGACATCTTCCGGCTCAACTCCAAATACCCACGCCGCCGTCTCGGCATGAATATCCCTTCCTCTTTCAAAGGCCTCTCGGAGCTTCTCGTCACCCGATATATGGGCCAACACCCTAAGTTCTATCTGCGAATAATCTGCTCCAATGAAAATCCCGTCAGGACTGCTGGGGATAAAGGCTTCTTTCAGCTTTTTAGCCCAATCTCCATATGCAGGAAGGTTTTGTAAGTTGGGATCCCTGCTGCTTAAGCGACCCGTACCGGTGCTTGTATGTTCAAAGGTAGTGTGCACCTTGCCGGTCTTGGGATCTATTGCATCGATTAGCGGTTGAACAAAACCCGACAACATCTTGGAAAGCTCTCTATGGTCCAGTAATAATTTCGCAACCAGGGCCTCGGGCCTGTTTAAACGGCTTAGTTCCTCAAGTACCGTCACGTCAGTAGAATAACCTGTCTTGGTCCTCTTTATGACGGGCAACTTCAGATGATCGAAAAGGAGCCACCCGACCTGCTTCGGGGAATTCAGGTTAACCTTAGATCCGGCAGCCATATCGATGGATGCCTCGACGTCCTCAAGTGTCCTTTCAAGTTCGCCCTTAATCTCCCACAGGAGGTCCAAATTCAGTCGTATGCCGTGTACCTCCATCTTGGAGAGCACGACCGACAGGGGCATATCTATCTTATACATGAGTTCGTTAAGTTCCTGATCGAACTGTGAAGTTAACTTTTCGTATATATCAAAAAGCGATAGAGCTTCCCTATCAAGCCCCATCTCGCATTGTCGAAGTCTTTTTATCTCGCTTAATCCTTCCTTGGAGGTGGCATAATCCGGATGGAGAAGATAGTAAGCGATTTTTCCGTCCCATGCCTCATGGGGGGCACAGGGGGGACGCCTCAGGGCAGTGGTAAGCTCCTTGTAACCCCAAAGCAACACCTTTCGGCCTCTGATCTTTTCGATCAAAGCCTCAAGGCCTGCAGTCTCCGTCAGATCAACCGCATTCAGCGAGTCGTCGCCTTCAGCTATGACGCATTCAGAAACCTTGTATCCTTGGGGATAACGTCCCTCGCCGGCATAGGCCAAGGCAACAGCTTTGCCGCTGTGTACATCTGGCCTTATGTCCTCGGTCTCGCTTAAAGCCCCTGAAACACCCCTTCTTGCTTCTTCTTTTTTCGCCGTTAGCCCAAGCCTCTCGGGTATTTGTTTAAAACCCAGCTTGCTAAATATCTCGACCAAGGCCTCGTCATCGCGTCGACCGTTATGTTCTAATGTTTTGGGATCTATGTTTAGGGTATCGCGCAGACGGATAAGCTCCCTCCACTGAAACAGCTCTTCTTTTCTGTCCCTCAAAAGATGAGCCATCTTTTCGGGAAGCTCGTCCAGGTGCTCAAATAAATTCTCCAAGGTACCGTATTTTTGGATCAACGCTGACGCCCTTTTAGGTCCGATCCCAGGAACCCCCGGTATGTTATCGACCTTATCACCGATCAGGGCTAAGTAATCCGGGAAGGAAGAAGGCGGAAAGCCGAACTCGTCTTCAAAGGTCTTTTCGTCATACGTCTTAAACACCGAGACACCCTTTATCGGCCTTAATACTTTGACGTTTGTTCGTATCAGTTGAAGCATGTCCTTATCGGCCGTTAAGACGAGGATTTCTCCCTTTTCTTTCAAGCGATGGACACATGAAGCTATGGCATCATCCGCCTCAACCCCCTCGATCTCAATAACGGGGTAGCCGAAACGCTTCATGAGTTCCTTGATTATGAAGATCTGAGACTTAAATTCCTCCGGTGCGGGGGGTCTATTTTCTTTATATTCCTTATATGCCTCGTGTCTAAAGGTTTCACCCTTAGCATCGAAAAATACCACTACACGATCGGGAGCTTCGTCGTTTATTATCTTAAGAAGCATATTTATAAAGCCAAGCACGGCATTGGTAGGAGTGCCGTCTGGGGCATTAAGTTCGGGCAAGGCGTAGTAGGCCCTAAACGCCAAGGCATGTCCATCTACCAAAAGGATCCTTTCTCCGCTCAAAAGATGATGTCCTCCTTGTTGTTTTTGATACAATTGTAGTATATGTAATATTTTACGGCAAAGGTAATTCCTGTGGCGTTTCGGCATTTACTGACATATAGCATCAGACGTCTTCAGCATAGGAGGTATACGTCATGAATGAAGAGGTAAGGGTTCGTTTTGCTCCAAGCCCAACGGGAAACCTTCACATTGGAGGTGCTCACACTGCTCTTTTTAACTGGCTCTGGGCCAGGCACACGGGCGGCAAATTTGTGCTTCGTATAGAGGACTCGGACAGGGAACGTTCAACCAAGGAATTTGAGGAAAGCATATATTTGGGCTTAAGGTGGCTGGGATTACTTTGGGACGAAGGCCCTGAGGTTGGTGGCCCTCATGGACCTTATCGGCAATCAGAAAGGCTTGACATCTATCACAACTATGCAGAAAAACTCTTAAACGATGGGCTTGCCTACAGAGAAGGAGAGGCCATCATTTTCAGGGTAATTCCCGGGGAAGTCGTATCCTTTGATGATATCGTCTATGGCCATATCGAGGTCAAAAGCGAGACTTTAAAGGACATCGTCCTAATAAAAAGCGACGGCATGCCCACATACAACTACGCCGTAGTCATCGACGATTTTACAATGGG
CP003198.1_gap36	1536393	1537137	744	ATTCCACCACCTCGGCATTGCAACAGCATTATACGGTAACTGACATAATTTCGTCAAGGCAAATTGATCTATCGGACCGCGTCAAGTTTTTGTAGGATTTTTAGGAACCACTCCCCGATGTATCTTAAAGGGTAACGTCTGCGAGTCAGCTAAAAATCAAACCCGCTATGACATATGCCCTTTAAAGAAGTGTATAAAGGCGTTACTTTTCCCGTTTTAAGTACCGTTATGCATCCAAGCTCACTTGCAACGGAACCGAAGATATCCCCCAGGTTCAAGGTGAATTTGTGTCTTTTGTCCGCATTCTCACCTTCTTGGTCTTTTTTCTTTACCTGTTCTGACGTCACCATGCCACCGCTACAGATGTAAGCCCTTAAAGCAGACATGGCCTTTAAGCCCTTCCTGCTCCAGGCCATAGGCCTGGAACTTAACCTAGAAGAAAGTACGTGGCTTACGTGACCTTCAGGGCTTGAGCTGCCACAGTCCTCTTCGTTTCGAATCGTTATAGACTGCCAGTTGTTGGTTATATACCTCCTGAAATCTTTTATCCTCCTTCTTTCCTTTTCATCCAGGGCATCGTTTAACATCTCAAAGCTAATCTTTTTAAAGGAGTTAAGGTCATTTGTATTTATGGCCCTGTATATATAACGTCTTTTTTCAGGCTGCCTTGCCGTGGATTCAAGGATCGCTTTATTTAGGTGGAATTTATCGAGCACCAACTTTGACTCGGGCAGCCAGTTTATC
CP003198.1_gap37	1540505	1541572	1067	CTAGGATTTCTCTTGTGGCCACCACAGACCACATTTTCATTGCCATATACCTCTCTTAATGCAGGTACCAGTTCCGAGCCTATTTGCCCCGTCCCACCTGTAACTAAGATCCTCTTCAATTGAACTCCTCCCTTCTGCTCTTCGAACTTTTCGAATGGATTAGCATTTTTATTATATCATTGCATATCATATATTACATGCGAACATTTACCCAATCACGTCAGTTCTTGAAGCAGACAAACCAAAAGGGCCCGCAACCTAAATCTAAAAGTTACAGGCCCTTAGCTTAAACACGTACGACACTAGATCTCGATTTTATCTGCGGCGTTCCTTAATACGTGCAGCTTTGCCGGACAACTTTCTCAAATAATAAAGCTTCGCCCTCCTTACCCTTCCATAGCGAACGACCTCTATTTTTTCTACATTAGGGCAGTAAAGAGGGAATATCCTCTCAACGCCAATGCCGCCAGAGACTTTTCTAACTGTAAAAGTCTCCCTCAACCCGCCATTTTTTCTTGCGATGACGATTCCTTCGAATATCTGGATTCTTTCCTTGCCAGCCTCTCTTACTTTAACGTGCACTTTAACGGTATCTCCTGGCCTGAAATCCGGTACTTCGCGTTTTTGGTATTGTCTTTCTACTAAAGAAATCCTAGGATCCATATCGTTTTCCTCCCTCGCTTAAAAACTTTTACCTCCATCCGAAGAGGCGATCTAGTAAAATAGCAACCGCGCTTCTCACGGACAAGTGGTTGTAATCTCCCTTTCCTCCCAATATGGGGCTTAATACTACATCAACTCCGCTAAAAACTTCATCGGCAAGCCCCCAACTTGTGCCAAAAAGAATACACACCGGAAGATCTCTTTCAAGCAGAATCCTTTTTAGCTCAAAGACGGGCAACGCCCCGGCTCTCTTTTTGGCCGTAGTTGCGACAGTCAAAGGTTTCTTTTTTTCCTTCTTTTCTATCCAGGCAAGGCAATCTTCAATGGAATCGAAGGCCTTAAGCAAGCTCAATGCCTCGGACCTCATCGGATTAAGCCCTTCCGGAGCTTTTTCCCAATGATTC
CP003198.1_gap38	1563425	1566213	2788	TGAATGATTTTACAAATTTCCCGGCAGTCATGAGATAAAGAATTGTTCCTACCACGATTCCGAAGTTTTGAACCAAACCTTCGTTTTGAAAAAATGGGGTTGAATAAGCAGTCGCCGGCATTTTTGTGAAGTTTGCCAAAGTTTCTGGCGAAACGCCAAATAACATCAGTAGTTTTCCCATGAATATCCCATGTGGAGTTGAGGCACCCCAACCAGCCTTTGTAACACTGAACAAAATCGTAAAGAGAATGGTCAATATAATGGCGCCTTCAATTAAGGTCCAAGGTTTAACAAATATATGTTCATAAGTTTCCGCATTAAACAATTTGAATGAGGCGGCATCGAATTTTTTTCTATTTTCCTGCTCCATCTCCATGGGATTGCCAATGTACGTGTTGCTCAACTTGCGTTTCTTTTCATATTGATAGGAAATGAATATCACTATTGAAGAAAACAGCCCTATTAACAAGACTGCTCCTAAATAGCCATTGAGACCATCCCATTTAAAAAGGTCCGGCAAGAACACTCCTCCGCCCGACATCGCTCCAGTGGGAGAGGTTATCCAGGAATTTTTAACCCAACCCATGCTATTTTGAATCGGAAACCCTAACAGCACGCCTAATCCGAAAAATACAATAACAACTAAAGCTCTTGTAAAGCTCGAGGCCAGTGTAGTAAGCACTCCGGTAGCACAGCACATGGCGATGCACATGCCAAAGCCGAAAAGAAAAGCTCCCACAATTAACCCCATATTGATGGGATTTATCCAAAGCTTGTAACTTGTGGGGTCGGAACGAAACAAAATGGCTGCAACTACCAGAGAGGTCACGAAAAACATTGCATTCATAGCTCTCATGAGTTTTGTTGAACCTGTCCTGTAGGCCCTATAAACACTGCCGGCAAAACCGGTGTAAGCCCTTGACAAGGTATATCCAAACCCAACACCCATGAGAAGTCTAAAATACAACATATCGGTCTTTAAAAGAACATTCCCAAGGATGAGCACCAAAATAAACCCTATCAGACCCATAACCTTTTCCGCCTTCATAGCAACATGCTTACCTCCCTATCTTCGGATACTTATAAAGTATTTGTGAATGTGTTTGTTATATTATACTACACCCCCTATGGTATGCCAACAAAGAGACCCAAAAAAATTTTGGCCGAACACGAAGGATAGAATCTTAAGTTTTCATAGGCCATGCCTTAACTTATGATTGGGGTATTTGCAATAGGCCACTTCAATCTTACTTAGGTGCAGCCAGAACTCACACTACGAAAGGCTCCTAACTTTAGGATACTACATTTTAATCGTATTCAATTACAACCGAATTCTTGCCTTTAGCCTTTGCTCTATATAGAGCTTTATCGGCCCTTTTTATTGCTTCTTCGACGGGTTCATTGGGCAAATGCATGGATATGCCTATGCTAACTGTCACATTAAGTCCCGAGAAAGACCGACCCTCTACTATTCGTATTAATCGATCTGCAATACAAAGAGCTTCCTCCAAAGGAATCATCGAAACGATTAAAAATTCATCTCCTCCCCACCTTACGAACAGATCATCTTTTCTAATAATACCATTTACTAGCTCGCTTAATTCTTTTAATACAGAATCGCCAATCAAATGGCCATATGTGTCGTTAATCTTTTTGAAATCATCAATGTCGAATAAAATAAGACTTAGTTTCTTTCCCAACTTTTTGCACTGAGAGACCAGATCTGGAAGCTTATTTTGCAACCCATTTCTGTTCAAAATCCCCGTTAAAGGATCAGACATAGAGCTTACATAAAGCCCCTCTATCAACTGGGCAGTTTCCGCCTCTTTTAGTTTTTCTTCAGTGATGTTCCAAAATATTCCAGCAAATATTAAGGGGTTACCCTTAAGATCTCGCTCAACAACAAGACCTGTAGCGCCCATCCACATATATTCGCTGTTTTTCCTTTTGAGTCTATATTTCATCCTATAATTTCCATTTGCACTTTCAAAAGCCTTTTTCAATGAAAGATTTAATCCCTCTCTGTCTTCAGGATGCACTAGTTTCTCAAATTGAGAATATGTTTTGATATCATCTTCAGTATATCCTAAAAGTTCATATCCGAAGGGATTCATATGCAATTCATCCGTTTTTATATTATATTCAAAATAGCCTACATCGCTTCCCATCAAGGTCGACTCCAAACGTCTCTTTTGACCTTTCAGGGATTCCTGCATCTGTATTAACGTAGTTATATCCGTCATAACAACAAGTGTTCCTAAGATATTCTCGCCAGTTCTGACCAGCCTTTTTCGAATATCTAAATAATGTGCCTCATTTGCCTTGTCCTTAAAGAGTATTTGAGCTGGTTGCAATACCGTATCATTTGCAATAGCATTTGAAATACTCAATTCTATATCACCGGCTAAGGATATATCGGCGATACAATCGCTAATCTTACATCCCTTAATATTCCCGCAAGTTGGTAACAGGTAATTCTCGAAGGCCTGATTCCAAAGGATTATACGTCCATCATTATCCATATAACATATGGCATCCGGAATGGTCTCTACTAACTGCATTAAAAAGGCCACTTCACGATTTAATTTTGTCTCGGCAATTTTTCGCTGTCTGATATTAATTATTAGAAACAAGATAAGGATGAATAATATTGAAACAATAAATATAACAGGAAGAAGAACGCTTTTATACTTTCTATAAAAGTTATCTGGAATATTTAATATTATACTATTCTTTGGCAATGAAGCAGGACTAATGTGAAACCTCTTTAACTTACTAAAATCTACTA
CP003198.1_gap39	1577919	1580202	2283	CTAATAATCAGAAAATCCTCAGACTCGATATGAAAGGGTGCCACTACAACCTCGCAATCACCTTCTCCCTCAATCGACAATATGTCGGGAAGGAGGCCCTCTTCATAACGTGGTACATGATCCATTTCAGCAAGGAAAGACTCATTTATTGATAACAGCGGTATATAGAGTCGTCGTATTTTTTCAGCAGGCCATTCAGCTAAAGAACGGATAATTATGGCACTTTCGGGATCAAGTCTGATACATTCTGCCAGTGGGATTAGCAAAACATCTTTACAGTTTAATATTTTCTCTTTAAGGTAATATTGCAGCTTTGTCATGTCAGGAAATACGTCATGACCATCACAAAACTCCGACAGATGAACAACTCTATCCACCTCATGGATAAGTTTAGCGACAAGCTCATCCCAAGTCCGGCATCCCTGCACAAGAATGAAGCGAGTAGCAAATCTGCAGCTTTTACTCTTTTCTTCCCTAATATCAGATATTAATTCATTGATATTCCTAAAACATTTCATCGGAGGAATCCCCACTTCATCTTTCGCGGTTTCGTTTCGACTTTGGATATAGAAGCTAATACCTTGGTCCCAACAAGAGCGTCATCGGCAGCTAATTGTATTATTAGTTGCTTTATCTCCTCTGGTGGTATGGTCTCGATGACCTTTAATATTTTGGGGTAGGCTGTAGAACGATAATTTTCGGTTACCCACTTACGCACCAATTGATGTATCTCACTTAACAGCATGGGCCAGCGATATATGTTTCCGTCTAAAGTTTTACGAATATAGGCCTGCAGTTGATCGGCCATATTTGCCTCAAGCACCAGCTCGGCATAATCACCAGCGATCACCCGTATAAACCTATCGGAAACATATTGCTGATCTTGGAGATTGACAAACTCAGCAGCGTGATGAGAAAGATGTTCTATCAATTTATCTATATCCGTTTCAGCCAGTTTATGAATGTTATCGTAGCACTCAAAGAATACATGATGATCTTTGCCTTCCAACATCCATTGAATAGGGACGCCTCTTTCCTCACTCCATCTCTCTGGAGATTCCGAGCCCGTAAGCTCTTGCCAACGTTGTCGAAGCTGCGCTATCTTCTTTTGCCGGACTTGATTATTTAAGGTCCGCACTATAGCTGATCTAGCCTCATCTTCACTTGCTTGAGAAAGATCGGACAGTTCATTGTACAGCGCTTCAGATTCGGCATCGCTTAAGGTATGACCCGTATATTTCTGAACTAAAACCCCTACCACAAAAGGGCCTTTATTTAAAACTGACGCCAATTGACTGCTATAGCGACGTATATCTTCCGATCTGTTAACCTTTATGCCCTGACTTGGGCGATAAATCAGTTCATAAAGATATTCTATGAGGGTACCTATCTCATCAGGTTGACCTTCTTTATACCAAATAAGTGGCAGTTTGCCCTTGAACCAGTTGTTGCGGAAATAGTTACGAAGTTCATTTAGATCCTGTCTCTTCACTCCTAAAAGACAGTTTAATGCATCCACGAGATCAAGCTCTGTGACTACTTCGGGTAACTTTTCTTTAACGCTTTCTTCGGTCCACAAGAATGCGTCCTCATTGAGCAGGATTCGCAATTTATTCATAACATGAGAAACTTCTAAGCGCAGTTTTTCCATGAGCGAGATCAGTTGGGGATTATAAATCTCCCAAAAACTCCGCATACCTTCCTGCATTCTTTCCCTGTTAATCATCTTTGACAGGTCATGGCACACTGGGTTGACGACATCTACTAACCCCTTGATATCCCGGTCTTCCAATTCGTCCTTGGTGAAAGTTAAAATCTCATTAAGTTTTTTCACCGCTTCAATAATATGATTAGCTGAACCAATTGATGATGCTCTCTTGATGTAATATATAAGGGTCCATAATGGGAAACCCAATTCGGAAACTATCTTTCGAATATTTTTGCGCGCCTCTTCGGGATAAGATGCCTGTTCTTGTGTTAAATAAAAAACGTTGCGTGCAATATGACAAAAACGCTCGCCATCAATAGACATTTTTCTAATCGTGTAGTTTTCGGAAAATTTGAACCCCTTCATAACCTGTTCAATAAGTTCTGCAAGCTTATTGGGATTTAGCGGGAAAGAATTGTTGCCGTCGGAATAATAATAACCATTGGCATATTTACGTAAAAGGAAGGCAAAAATCAAGATACCAATAGGCGAAGGCATAAGGCCGTATGGAGGCTGTTGTAAAGCCTCCCATAATTGTTTTAAATTGACATGATCATTAGTGTTAAAAAACTCAT
CP003198.1_gap40	1696301	1699681	3380	GGTTTCCTTAAATTGTGTTGCCGTCTCGCCGGCTGCCAAAAAATCGAGAGGCTTAACTTGTAATTCCAAAACCAGTGGTTCGCTCAATTTAATTCGACTCCTCGTGAACTATAGGACAGGGCTTTAATCCTGCCTTATAAAGTATCCCGCAAGTCTCAAACATGCTCATTTGGCAAAGCAAAACCGGAATATCCAGTTTTTTGGCAAGAGTAACTGCCTCTTCCAAGGGACGTTTATTCCTTACAAAGACGATCCCGGTCATGTCCAGCATCGTAGCTGTCCTGATTATTTGAATATTCGTCAAACCGGTTATCAAAAGAGCGCCGGCAAGGGCAAAGGCAAGTACATCGCTCATCAGATCCGATGCAAAGGCATATTCAACTTCTTTTTCTATGGACGCTGTATCGAACAGTCTACGCGCTTTCAAAATGGCCTCTATCTCGGACATCTTCATTATATTTAACCCCCTGAAGGTCGATAACAAAGTTACGTTAATAACTATACCATATCCATTGCAAGCATTGGTATTAATTTTTCTCGAAAGATATTCTTGCATAAGAGCCTGATGAACGGCATGTAGGATTTAGGATGCCACATGATATAATTAAAAATTGGTTGGCAATGAGGAAGTGTTCATAATTTAGAATTTAACCTTTAGATGGAGTGAAGGAGCGAGAATGGAAATGAGCAACCTGCATGACAAGGGCTCTTTAATGAATTATAATATAGGCGTTGGTTCATCTCTCATAAAGCTCATGGAAATGGATCCAAAATACAGGACCATAGCTTACTTTTCCATGGAAATAGGGGTAGAAAGCGACATCCCCACCTATGCCGGTGGGCTGGGCATTCTAGCCGGCGATGTCCTTAAAAGTTCTGCAGACTTAGGTGTTCCAATAGTTGGCATTACCCTCCTCTACAAGCATGGATATTTTAAACAGCGTATAGACGAAAATGGAAGGCAAGTGGAAGAGCCCTATCAATGGAACCCGGAGGAAAAATTGACGCTGCTTCCCAACGAGGTCAACGTAGAAATAGAGGGCAGACCTGTCCATGTTCGGGTATGGGTTTACGAAATAGTAGGTCAATCGGGGTATATTGTTCCTATATACTTTCTCGATACGGATTACGACAAAAACACTCCAGAGGATAGAACCTTTTCTTGGTACCTTTATGGTGGAGACTTGAGGTACAGGCTATGTCAGGAGATGATCCTGGGGATAGGAGGCCTTAGAATTCTGCGAGACCTCGGCTACAATAATATAAATACCTTTCATCTCAATGAAGGACATGCCGGATTTCTAGCGCTAGAACTTTTAAGAGAACAGGGATATGTGGACTTCGCTAAGATCAAGGAGCAAGTAGTATTTACATCTCATACCCCGGTGCCGGCAGGTCACGATTATTTTCCCTTTGAGCTAATAGAAAAGACGATGTCGCCCGTATTCGTAGATTACTTGAAGCAAATGATGCCGAACGGCGGGGTTTCGATGGTAGATTTTGGCCTTAAATACAGCAGGTTCATTAATGCCGTATCGAAAAAGCATAGAGAAGTAAGTAAGAAGCTTTATAATACGGAAAGCATCGATTACATCACAAATGGTGTGCATTCTGCGAGTTGGACATCCTCGAACATTCAGAAGCTCTTCGACGAGCACATGCCTGGATGGAGAAATGACCCTTCAAGGTTGGTTATGGCGATGAAGTTAAAGGACGACGAACTATGGAAAGAACACCAGGCAAATAAAATGTTCCTCTTCTCGAAGATCTTGGAAAGGACCGGAGTTGAGCTTGATGCCGAAATCTTAACCATAGGCTTTGCTCGCAGAGCAGTGGCTTATAAACGCGCAGACCTTCTCTTTAAGGATATAAATAGGTTAATTGACATTTGTTCAGGCAAAGTTCAGTTGATCTTCTCAGGGAAAGCCCATCCTTCCGACGAAGAAGGAAAGGCCATGATACAGCGCGTCATAAATTTCTCTAAAGAATTATCCGGCAAAATACCCGTCATCTTTCTTGAAAACTACGATATGGAGCTGGCAGGTTTGCTCACGGCAGGAGTCGATGTATGGTTAAATACGCCCTTAAGGCCTCGTGAGGCCTCAGGCACAAGCGGAATGAAGTGCGCTCACAACGGGGTGCTCAATCTCTCCATATTGGATGGCTGGTGGGTAGAAGGATGGATAGAAGACGTAACTGGGTGGGCGATAGGGCCTGAGCCCACGGAGGTAGAGCTCACGCATTACGACGAATCAAAGGATGCTGAAGCCCTATACAAGACCCTTGAAGAAAAGGTCATTCCGCTGTACTATCAACATCGTGATAGATGGATCTCTATGATGAAAAATAGCATTGCCTTAAATGCAAGTTACTTCAATACCCACCGGGTCGTGAGGGAATATTGCGAAAGAGCCTACAAGGTGTACCAAAAATATTACTAAACGTCAAATTATTAAATGGTGATCTCGATAATGAGCTTGCCTTTTGACAAGATCAAGGTTCTTCATGTCGCTTCAGAGATGCACCCGATTGTCAAAAAAGGCGGATTGGGAGATGTAGTCGGCTCCCTGCCCAAGGCGCTAAGAGAGCTGGGCATTGACAGCAGAGTGTTCTTGCCTATGTACCCCAGCATAGATGAAAACGTCAAAAGAACTTTTAAAAGGATGCCTTACAAGCTATACCTACCGTTGGAATGGCGAGTGTTTCCAGCGTTCCTGTGGAAGACCGATGTCCAAGGAGTACCCATATACCTGCTTGAGATCGAAGAGATGCCATTTCCGGCTGATGTATATCCAAGCAATTTGAATCTAAACACGATAAAGCCTTTCTTTCTCTTTTCGCTAGCCGCACTGGAGCTTGAAAAATCAGCGAGGTGGCGTCCTCAAATTTTTCACCTTCACGACTGGCCGACGTCACAAGTGGCGATAGCTTTAAAATGGCACATGTATTACTCATCCTTTTCCAAATCATACGATACAGTCTTAACTATTCATAACTTAGCCCATCAGGGAATCATACAGGAGACTGACCTAATGCCTTGGGGAATATCCAAGGAAGCTTTCTCCATTGACGGACTGGAGTATTACGGGATGATCAACCTTTTAAAGGGCGGCATAATAGCATCTGATGCCATTACAACCGTGTCTCCAAGGTATTCCTGGGAGATTCAGACGAAAGAATATGGAATGGGCTTGGATGGAGTTTTGAAGAAATACAACAGCAAGTTAAGGGGAATATTAAACGGCATTGATTATTCCTATTGGAATCCCATGACAGATCCGTTCCTTCCCGCTCATTACGATATAGACAACATATCCCCCAAAAAGGAATGTCGAAAGGCCCTCCTTGCCCGGTGCGGATGGGGTGAAGACCATCTCCCC
CP003198.1_gap41	1750907	1754747	3840	ATCGAGGAAATGCTCGATCTGCTTTTTAATTGAAGCCATGTTGCTCTCGACCTGCTCCAGCGTCAAGAGCTGCCTTTCTTTGGTCTTCCCGGAGGGATCTCCGATCAACCCTGTGCCGCCCCCTGCAACGGCTATTGGCTGATGTCCGGCGCGTTGCAACCAGGCCAATCCCATTATGGGCACGAGATGTCCCACATGGAGGCTATCAGCTGTCGGATCGAACCCTATATACCCAGATACAAGCCTTGCCTTAAAAACAGTTGACAGTTCCTCCGGATCGCTGCACCATTCCATAAATCCCCGTTCTTGTAAGATCTGAACAACATCCTTCGGCATCGATATTCCTCCTGAAAAAATTTAATCATCCTAATTAAATTATCCTTGAAAAACAGTTAAATGCAAATTGCATCAATTTATCAATTATTCGCCTGCGGGCTTTTATATTGCCACAACAGCTCTCCATCGGTAATGCTCTGCAATCCCATGAAGAGATGCCCTGCATTTTTTAGCGTTTCAATGGCCTTGTATAGCTTACTGAAATTCTCCCGGATATCAATTCCGGCTGACACTTGGGTACTGAACGCCTTGTTTACAGAGAGAAGCCTTTCTATATCTGCGGCAATTGAGCGAAAATCCACGTCAGCCCAAAATATATATTCCTTTCCGGCAACTGCAGGAAGCGCTCTATCTAACGTAAGGCCATTCAAGATGGCATCATTCGAGATAAGGCCAAGCAAGGTCATCTCCTCACTAGAGGCCAATACCAAGGAAACCGGGAGCTCAATAACCCCTCCACTCTCAAAGCCCTCCAAAGGACTTCTGTTGATCAATAAACTTTGAAGCCTGTTTTCCCATATATAATCTACTATTTCTTTACCTAACTCCTTCCTGTTCGGAAACTGAAAGAGCACTCCTGGCAAATTAAACGTGAAGACGTTGGCTTCGCCGCCCAAAGAGAAAATGACCTGACCTCTTAAAAATTCTAACAATTTATCCGGATTTACACCCAATGTGCCTGCCAATGACGAGACTCCTTTCGCTAACTGTGGCGTGTCAATCATGGTAAGCCCTAGGGCAAGCGAACTTTGAGACGGGAGGATATAATTCCCTGACCATTTCTCGGGACGAGGCAAACTTACTTGCTCTTTGGATAAAAGCCCCTCGATGCCCTGGATTTTCCATTTGGCATTTAACTTTTCATCATCGCAAATCCACGCTAACTCTCCTTGGATATTTGCTGGAACATTGCACCTCAAACGTCCTGACCATTCCCCCTGTACAAGCCATTCGAAGGAGGATATATCCCTTTCATTGTCCAGGTTATGTTTCATTATGTCCAAATCATCCATTGACGACGACACTAAAAGGATATCCCTATAGGGCAAAATCAAGATAGGATTCGATTGAGATGTGTTTACCTTCACGATTCCATCGACGAATTCATAACTAACATCAGGATATGCCTCTATCCACTTGGCTGGCAGCTTGCCCAAAGATATAGTATGCAAGATTTCATGATCGGGTTTAATTGCCAGATAAAATTTCCTATCCCTGGGCAACACCAGACAAGCAGTGTTTTTTGAGCCCTCGAGCATGGATAACAACATATCGACAGATTTAAAGTTGACATCCTTGATCGACAAAACCAATGACAGGAGGTTGTCAACGGCAACCGTTTCTTTAATATGTAGCAGAGTCGATCCTTCCTCGACATACAACACGTAAGGTTCTCCTTCTTCGGGAATCGGCAGTGCATTAATCGCTGCTTCCTCTCGAAGAGGCTTTCCCAAAAAAATCAAACCACATATAAGGATTGCTAATGCCACAACGCAAGACGACCAAAAGACAAGCGAGCTTTTAGATCTGACGTTTCTCAAGAAACTCCCTCCCACCATCATGGCAATTTGCCTGCCTAATATGTCATTATCAACAATACTCCCACAGCAGGACCCCCGTAATCCTGCTTACAAAGAATATTAACTTATACGAAGCATGCTTGCTAGTATCGCTTTCATTTACAATAATATCGTTAAGGAAGATATTTTTCGACAGCTTCCATAATATATCATTTAACCAGCAATATAGCCACTACAACCAGCAATGCGCGAGGAGCGATGAAAAAATGGCCACAGTCTTGGGGTTGCTTTTTATTTTTTTTGCCAGGATAGCGGATGTATCGATCGGCACAATTCGAATTCTCCTTTTGGTCCGAGGAATGAGGTTAAGGGCTGCAGTAATCGGGTTTTGTGAAGTAAGCATATACATGATAGCCCTTTCAATCGTATTAGGTGGCGGTAAATTAAGCCCCTTAGAATTAGTGTTCTACGCTGGAGGATTTGCCACTGGCAACTACGTCGGGTCATTCCTGGAAGAAAAATTATTATCAGGATATGCCTTGATCGAAGTAATAGCAGAAAGCAGCCCTCTGGTTAGAGAAAGGGTCGAAAATTTAAGAGAGGCAGGATATGGCACAACAGTTCTGCGTGGAGAAGGTAAATTCGGTGAAAGAATGATCTTAAAGATAGTCTGTGAGAGAAAGAAAATTAACGACGTATTGACCAAAGTTAAGGGATTAGGATTTGCCTACATCTCAGACATCAAAAGCGTTTCCGGGGGATTTTTCCCCAGAAAGGGGAAGTAATACTTTACATAAAATTATTGTACCTCTGTTTGATGATGATTTTATGTCAATTTGGCCGTTTACCATGCGCATTCTTTCTGCCATATTGGCTATTCCCCTATGCCCTTTTATCCTTAAAGATTCGATATCTCCCTCAAAGTCGAAACCACTTCCATCATCTTCGATTTGAAGCACTAAATATCCTTTCTCGCAAGCAAGCCTGACCCAGACGTTCTTTGCACCGCCATGCTTTACTGCGTTATTGATTGCTTCCTGTACTATCCTGAAAAAAGCTAGCGTTATATCCTCGTTAACATCAGGAATTTCACTTGCTTCCAGATATACTTTGATCCCGTAAATGCGGGCAAGCCTTTCTGTGAGCTCTGTCAACGCTTGCAGTAAACCAAGATCCAGCCACGGTGGCGAAAGCGTGTCGCAAAGCCCTCTCAACTCCCTCACGGCAGCGGTTGCGCTTTCTTCGGCTATTTCTATATATTTTTTTGCCTTTTCGCTCCAACTTTCTTGCTTTAGCAATAATATTCTCTGAAGTAGCGCCGTTACATCCTGAAGTGGGCCATCGTGTATTTCTCTGGCCAGTTTAGTCCTTTCCTCTTCCTGCACTTGAACCAGATCCGATACATATCTCTGTGTCAGCTCTTCCCTTTCCTTTGCCGTTTCAGCCAACTGGTACAATACCTTCCTTAGCCTGCGAAGCTCCCAGACAGCAAGGGGGTCGTCGGGCTTTGGGAGGTCTATGCCCCATTTCAAACTGCTTACCTCAGCTTCCAATGACAATAAGGGCATTATCAACCATCGCCAGAAGGCCCACACGGCACACATCCCAACTATGGCCAAAAGCCCAACTGCCGCGGGCCATAGATGCGAGAACCGCACCATGGGCCCAAGCAATTGAGACCATGCCACTGCCGCAATGACATACCATCCTTGAGAGGTGGGAATCGCAGCTATCGTGTACGTATCTCCTAGTGGCCCCTTGAGAAGAGTGGCCCTGCCCACAGGAACGCCAACTTGCCAAATTTGGGGTAACACATCTTGCGCTTTTGAGGATGCGGCTAACAAATTCCCGTCCTCATCCACTAGAGCTACCCATCCTGGCATCGACATATCCAAGACCAAAGAGTCCAAGGATCTAGGCGGCATCATCAAAGCGCGATGTATAAAACGTGGCCTGTCAACCCTCGAGGCCACAGATTGGGCCA
CP003198.1_gap42	1756215	1760093	3878	TTCATCATCATTTCCAAGTTTTCATCGTCCAACATGGCGAGCCCTTCATCGATAAACAGAACTTCCTTAAAACCAACCTTATTTGCCAAATGCCTGAGCATTAGCAAGGCCACCATGGCCCTTTCTCCTCCGGATAAAGTAGTGACATCACGCTTGAATCCGTTGACAATTGCATAGAGCCTGCCGTTTTCCGATACTAGCGAGAGGCCTCTAAAAGAAAGGGCTTCGTTGACGGCATCAAGTAAACCGCTAAGTATCGTGTCGCTTAAAAAGCGAACGAAGTTTCTGCCATCGGAATACTTCTGAAGCTTTAAGGCAATATCATATGCTTGGTTGAGGCGTTCGAATTGCTGCTTGATCGATCTCATCTCGCCTTCCAACGACCTTCTTTGCTGCAAATCGTACTTCAGTTTTGTTATTTCATCCTTTCGAGCTTCTATTTTTCGGTTTATTTCTTCTCGTAAACTCAACAATTTATCCAGATCAGGTAAACCATCGCGGATCCTCGGTTCAAGCTCTGATAATTCTTCCTCAATATTGGCAAGTAAACCCTGAAGCCATTCTATGCGATTTTTCTCTCTTTCAACTTCTTCTTGTTTGCAGGGCCTTACGTCACCACTATGAACAAGTTGCCATTTGTCCTCGTGACTTAGCTGATATTTTGCACATACTGCTTTAAATTGGCTCGTCGCTTCTTTGAGCTCTTTAAGAACAACATCGCGCCTCCATTGCAATTCGGCAAGCTCCACTTCCATGGTGTGCCTTTTCTCGTTAAGGCGGTTAATTTCTACGTTCAAGCCATCGCCTTTGCTTCTGAGAATTTCCATCTCCTTCAATAAATCTTCTCTTTTTTCGCAAGCTTTAACGACATACTGAGGATCAAGATCTCCAAGCTCTGGCTCTAATTTAAGCAAAGTTGCCGTCATCGTTTGAAGATCGCTCAAATTTTTTTCAAGGACTCCTACCAGCTTTTGTCCCTTGATTTCAAGCACTTTCATTTGCTTATCTACGTCATCTAACGCAGCTTCTATATCATCAAGCGAAGCTTCAGGGTATGTCATGCCCCCACACATATGGCTTATCTCATCCCTTAAACGCCTTCCTTCCTTTAAAAGGAAAAGGGCCTTGTTCTGTGCATTTGCCCACTCTGACAAAGCCTGACCCAAATCCGAAGAGAGCAAGCCTTTGGCAACCTCTATGGCTCGATTTCCCCTGAAACGGCTGAAGTCAACAACGCCATTAGGCGCCAGTTCCGTGATCCAATCGATCAACTTGCTCCTTATCCTTTCGAGCGCAACTGCCATGGAATGAGAGGCACGCTTGTGTTCATCGATGATCTCGACCAAATTCCTTCGCAATTTCTGACAGACCAAACCCTGGCGACGAGATGTAATTTGGTCATAAGCCTGTTTATTTTTATGAATTTCTTTATTAAGCAATTTAATATCTTGTTCACATTTAGTGATATTACGATGTAAATCGATGTACTTATAAGCTAAGTCTCGATACTTAGCAATATTATTCAACTTTTTTATCTCATTTAATAGATTTTTATAATTATTTCTCAAAAGTTCTATTTCATTAAGTTTCGGGTTTACCCTTTTATCTATGGCATTGATACCATTTTCGACCAGCCTGATTTTCTTTCGAAGGCCTCCGTAATTTACGGAAGCTGCGACTAGCCTTTTTAAGGCTTGTTTTGCGTCATATAATCTTAAATTCTCATAAAGCCGTTCGAAGTTATCCTTGGCTTGCTCTATTTCCGCTTTATATCGAGAGGCTCGCGCCTGGAGGTCTTGGAGTCTTTTTGCCGTTTCTATGGCCTTTTCGTTCAAGGTCAATTCATCCTGCAATCCTCTCAATTGATTGTTTAAGCTGACCAAATTCCTGTTTATCTCTTCAAGGGGTGGCATCTTTTCCAAGAAATCGGAAATTTTGGACAAATGGCCCTTGATGTTTTCCACTTCTCGCGATGCGTCTTCTATGACCCTGCGAACCCTTTCCTGCAGCGTGCTTTCGCCCTCCAACCCCAAGGACGCAACCAAGATTTGCCATCTGTCGCCTGGGGAAACATCCACGAACTTCGTGACCATTCCCTGAGGCACAAACACGGTCGAGATAAAGGCCTCTCGCAATCTGCTTAAAGTGGTATCAGTGGGGTTTCCAATGAAAGGCGAAAGTACCTTCACAATTCCTTCATTCACTTCTCTGACGGTGGAGGCAAAGGGCTGCCATCTCCCGTCGACGTGCCTTTCTAATAGCGCTTCTTGTTGGCCCTTGGGCGCCCTAAATTTCCTAGTTACCCGATATTTGTTACCATCCTTGACAAAGGTGCAGATCACATATCCTTCCGATGTGCCAGTCCTGATGATGCTTTGATTGTTGACGTTCCTAACTGGAGTCGTCGAGCCGAAAAGGGCCAAGACCAGCGAATCTAGGATAGAACTCTTTCCCGCGCCATTTGGCCCGACAATGGCCACCGCCCCAGGTTCAAAAACTATAAATGCTTCCCTAAGGCCTAAAATGTTTCTTACCTTTAAATCTAACAATTTCATTCCTGCTCATCCGTTTCGAAGAAGGATTTCAATTCGGACCACATGGTCGAGGGGTCTTTGCCCAAAAGCAGGCTTTCTCCTATGGCCTTCAAAATTTCCTTCGTCGCATCGTCCTCATCTTGATTATCTATGAAGCGCTTCCATAAACCCAGTACATCAAAGGGATCTTGTGATGAACTGGTTGTCTGCAATATTCCGTCATTAACGGAAACCGCGACTATCCGATCGTCAGTCAAAAGGCGAAATTTGTCCAGCAGTTGCGACACAGGTAATGCCGATCTGTTTAGGACTACCCTAACATAAGCATCCTTCGCAACTTTGTCTAGGGATTCGCAAAGTTTGCTGGAGGCCTCAGCTTCGTCATCGTATTCTAATGTAACGAGCGACTTTCCCTGAAGGGGAACATCGATAATATCTGCTCTTTCATCTACGACATAAACCCCCAGATCGTTTCCTTCCTCTGCAAAGTCCAAACGGATTGGCGAGCCAACGTAGTAAATGGATGAACTTTTACCCTTTACCTTATAGTGTCTATGGATGTGACCGCAGATAGTCTTGTCAATTTCAAAATCCACTAAAATCCTTTCGGGAAGGGTTATTTCGGAAAGGCTCAATGGAGTTCCCTCAAGTGCCATATGAGCAAAGCATAACCGGATACTACCTTTTGGGGCATCCTTCCATCGCACTTTCAAGAACTCCTCTATTTCCATGCCCTTGGGCAAGTCATGTCTTCGCAAGTAGGGAACCAAAAATATCACCGTATCACCCAGGGTCACAAAGCTTGCATCGTCCACAAATACAAACCTTCCGTCCCCTTGAAAGAGTTCCCATATCCTGATGCCGCTCCAGTCATGGTTTCCCTTGAGCAAATATATAAAGGGTTTAGCGGGAAGAGATAGAACTTCGGAGAAAAACTTGGCTATGGGCAAAACAACGTCCTCTCCAGGATACCGAAAGCTATGGAATATATCTCCCAGGGCAAATAGGGCATCTACATTAAAATCCCTGGCCACATCGTATATTTGAGAGAGAGCCAGAAGAAGTTCGTCCCTCCTATCGACCCCCCAGGTACGTATTCCAGCATGCAAGTCGGCACATAAGAGGATCTTCTTCAATGCTACCCCAACCCCAACTCCTGCTCTATGGGTCGTAACGCCTCTATGACATGCTCGATCAACTCTGCCAGAGGCATTTCAAGCAACTGAGCCCCCTTTTCAATTACTTCCCTATTGACTCCCTTGGCAAAGGCCTTATCCTTCCACTTCTTCATGACCGACTTTGCCGTCAAGTCCGAAAGCGAACGGCTAGGCCTTACAAGCGCTA
CP003198.1_gap43	1782766	1786248	3482	CAGATGGAATCAACCTCGTCCAGCAACGCGAGCAATTTTTCTTTGCCCACGTATTTTTCGAGGTTCCCGCCAAAATGGGGAGTCAATGTCAATTTGCCATCGCTAAAAGCCCCAGCTCCTCCCCACCCACACATAAGACTGCAGGAATTGCAGTGAGCACATGTCGGAACCAAACCCATCTTCAACGGACACTTACGTTCCTCAAGGGTCTTTCCCTTATCCACCAAAAGGACGCTTAAATTTGCCTTTGACAATTCGAGGGCTGCAAAAAGACCGGCTGGTCCAGCTCCTACCACTATCACATCATACCTATTTGCCACCTTTATCCCTCCATCACGATACACTATTCCTATAAAGCGGAGGATGCAAATATCCTCCAATAATGATAAAGTATATTATGAAAATATGCGAGAACCGGGAGCATCTAGGAGGTGACGAGCATGTCAGATTTAGCTGCCAAATGTGCTGACATGATCAAAGAGGCCAAGAAAATTTGCTTGCTTTCCGGGGCCGGAATCTCGACCAATGCAGGCATACCTGATTTTAGGGGTCCGAAAGGATTATATCGTACGGCCGGCATAGAAAATCCGGAGAGGATCTTTGATATCTCTTATTTTTACCGTGATCCTTCTCTTTTTTACAGGTTTCATAGGGAGTTTTTAAGGGCACTGCAACAGGTACAACCTACGTTTGCCCATAAGTTCTTCGCCAAGCTCGAGGAAATTGGCAAGCTGATCGGGATCATAACGCAAAATATAGATTCCCTTCATCAAAGAGCCGGTTCCAAAAAGGTATACGAGATACATGGCGGTGTGTGGGAAAGTTTTTGCATTAAGTGCGGCAAGGCCTACACTTACGAGGAAAGCCTTAAAAAGACTTTCGAGGAAGATATCCCTCGCTGTGACGCCTGTGGGGGTGTAATAAAGCCTGACATAGTGTTTTTTGGGGAACCCGTTAAGTATTTGGATAAATGCATACAGCTTGCAAGGGAAAGCGACCTGTTTTTCGTCGTGGGATCCTCGCTAGTCGTGACACCAGCCGCTTTGATACCTGCAGAGTGCAGGGGAACCATAGTGGTCGTAAACAAAGGAGAGTTTTCCACCGCGTATTTACCCATGAGCAAAGTAAGCTTGGTTGTAGATGAGGATATTGACGCCTTCTTTCGGTCGGTTAATGAACATTTAAACATTGTTTAGGAGAGATCAAACATGGCTTGCAGATCCTTCTGGCGTGGGCTTATGGCTGTTTTCTTCGTTCTGTTTTTTGCCGTCGAAATCAAGGCAAATGCCTTGCCTATCGACATCTACGTGGATGATGTTAAAAACGAAACCGATCTAAAGATATACAAGGACAGGTTTACTTTGACGTATGACGTACTGCCCCAAAAAATTCAAGCCGAATTCATCAGAATGCTTGAGGAATCACCGTTGGTTTACGTGACGGCAACAAGAGAAGGAGCTATGTTGCAAGCTGAAGTTGTGCTTCGAGATATCAAACCCAAGGAAAGCGATCTACTGGGCTCAACAGAGCGGGCTGTCGCTTTTTTACGGATAAACTATCAAAAAAGAAGCGATGAAGGTAACGTCACGTCATGGCGTCGAGAATATAAAATTAGCGATGTACGCTGGTACCCGATTTACGAAGAGAGCTTCTTTAAACGCCCTTGGTGGGATAACTTCGAAAAATCCTTATACTGGCAAGCTATAAAGAAGACGTTGTATAGGGCAAAAAATGAGCTCTATCAAGATTTGGCCCAATACGGCATAAAGGGGAAGATAATAGGAGCCATCGACTGCAACGCATCAAACGAACAAAAAACGCAGAAGAGGTTCGTAACCGATTTAGGACTCAAGGACTCCCTTAAAAGGGGAGCTATTTTATACGCCATAAGGGATCACGATCTAAATGGATACAGTTACCATGAAATTAAGGGAAACCTTAAAGTCATATCCGTATATGACGATTCATCGATTGTAGAGGTCGTACATGAGGACGAAAAAGACCCCGTTAAGTTAGGCGATGATGTACTGTTTTCAACTCTTTCTTGACATCAATCCATGTTATGTCGACACTTTCCGCAAACCCCATACACAAGCATTTGCTTGCCTTCGACGAGGTATCCTTTAGGAACCTCGATGAAGGGTAAGCTGTATTCTTTGAGGCATTCCATGCTACCGCACTTGAGACAATAAAAGTGAGGATGGTCTCCTGGGCATCCAGGCTTCTCCGTTTCATGGAGGCAAAAATACCAACAGCCGTCAACGCCAAGAACCTTATGTACTAATCCTGCATCCACAAGGGCATTGAGAGCTCTATACAATGTAACTCTATTGATCTCTTTCAGGGAATCGTTCGTCTGCAGGTCGCCATGAGATATCGGACGACCCTCTTTCATCAATATCTCACAGATAAGAACGCGCGCCTTGGTCGGTCTTATATTAAAAAGCTTTAAGGTGTTTCTTATGTCATTCAACTTTTATGCCTTCACCCCGAAAGAACAGTTAGGGAAGGTGCACACCTCGCAGCGCCTGCAAAGTCCCCCGACCCCAAATTTGCGAACTTCGTCAAAGGAAGGAATGGTACCGGCAAATATCCTAGGCAAAATCAAATCCAGGCTTGTCCATTCGTCATGAACGACGCATGCTGGCGCTCCAATGATTACTTTTTGCCCTTTCATTCCCACCATGAGCATTGATCCGGGCAAAGCTGGTATGCCCTTAAATTTTATCTCATCACAGGCTTGCGCAATAGCTCGCGGGGTATTGTCATCAGCATCCACGCTCATGCCCCCTGTGCAGATGACCAAATCTGCTCCACTATCCAAAAAGTTCCGTATTGCCTCTTCAATCTCGAATAGGTCATCTCCAGCCATGTTTTGCCCTAACAAGCTCCCCCCAAAATACGCTATCTTCCTTTCAAGTTTGGGCCTGAAGGCATCTTCTATCATCCCGCTTTTAATTTCCCTTCCAGTCGTGACCAAACCAACTTTAAGGGGTTTATAAGCCCTTACCTCAAATTTAGCGCCAACATGCAGAGCCCTTTCAAGCTGTGCCTTCTTAATGACAAGCGGTAAAATTCTGAAACCAGCAACTATATCCCCGGGCTCCACCATCGTGTAAGGATACAACGTCACTACTACCCAGTCGGAATCGCAATTTATAAGATGAACTTTGTCTGGATCAAAGTAAAGAAGCCCCCCGAAGTCGGCTATCAAATTACACCTTCCTTCGCTTGGGGCGGTCAATTTCAATCCTCTTCCACAGATGGCTGACCCTAAAGCCGAAGCGGCATCATCTTCGTGTACCTCGTCTTCTTCCAATTCCAATATCGTTAGATGTTCCCTTCCCATAGATCTTAGCGTTTCTATGTCATCTTGTCCGACTACATGTCCCTTTTTGAAGATGGCACCCTTAAAGCCAGTCTTGACATCTATTTTCGTCAAGTCATGAGATAAGATATGACCTATTGCCTGATCTAGGCTT
CP003198.1_gap44	1799125	1801319	2194	CGCATCCTAAACTTAGGATAAATACCTTATCTCCCATTAATCGACCTTCACGACCTTCCCATCGATTTGATAAATGAGCATAGCAGGAACAGGGCCTTTGATCTTATCCGACATTTCTGGCGTCTTGCCCATCCATTTTATATCCACCGCAGGGAAATTTCCAAAGCGAACTTTCAGGGGTTCATCTTTAGTTTCAAAGGTCTTGGTCTCATCGCGCTTGATGGTCCCTTCGAATACTTTCTTATCCCCCTTGAACACTCGAACCCAACAGTTCCCCCTTGTGGCTTTAATTTCCAAGATCTTTGCAGGTTCCTCTGCAGGTTTCTGCGCTCCTTCATCTTTTGACAAAGACGGCGACGGCAAAGGCAAGTCCTTTGATTCTACTGTCGAGGGCAGGCCACCTTGAATCAGCTCTCGAGGCACCTCAGTGGCCTGCTTTGTCGAATCATCGGACGACACTACTTGATCTTGATGCTTCATGGCATCAAGCACATGTTCCTTTCGGGCATAAAGAAGTCCAATGCTCGTTATCAAAAGAACTATAAGAATAGCGTAAACCCACCACTTTGAGGCAGCCCTGAACCCCTTGGGAGGTGGTGTATAGGTGCCCAATACTTGCGAGATCTCCACGTTCTCGCCTAAAGCGATGAGCGCATCGTAACGCGGCCAAAGCTCCTTCAGACCAATGTAGTTGAGGTATTCCTTAATAAAGTATCTGGCAAACACCTTTCCAGGAAGTTTCTCTATGTCGCCGCTTTCAATGGCCAAAATATGACCGCGAGGAATTTTAGTGTCCTTGACAACCTCCTCTACTGATAGGCCTTTGCTTTCTCTGGTGCGACGTAAAATCTCGCCCAGCTCGACCAGGTCTTTGCCTTGAAGGTCATCCTCACCCATAGTTTATTGGAACACCTCCATTACACTTTCTCGCATACTTTTTAAGGCCCGAGCAGGATCGCTGCTGCCAAACACTGCACTGCCAGCAACAATTACATCGCATCCATAGTTCACGACAGTCGCCACATTGTCTATTCCAAGGCCTCCATCCATCTCGATCAAAAAATCAAGGCCATTTACTGCCCTTTCCCTATAAAGCCATTCTACTTTCTTGAGAACCTGGGGGATGAACTTTTGTCCCCCAAACCCGGGATTTACGGACATGACTAAAACCATATCGACAAAAGAAAGGATGGGTTCAACCCACTCTATCGGAGTACCAGGATTTACGGCAACGCCACATTTCGCCCCTCCATCCCTGATGTGCTGTAACACTCTGTGAACGTGAGGAGTGGACTCGATCTGTATGGTTAAATAATCTACCCCCAAGGGTAGGAACAGATCGATAAAGTTCTCCGGTGGTTCGACCATCAAATGCACATCGACGGGCCACTTTATCTCCTTTTTAGCCTTGAGGGCAGCCACAAGCGACGGCCCATAAGAGAGATTAGGGACAAAATGTCCATCCATGACGTCAACGTGCAACCAGTCGCATTCGCCCTTTAGCCTCTCGATATCAAGAGCTATATTTAAAGGATCGGCAGATAGAAGGGATGGCGCTAATATCACCTTTCTCAAAAGTACCTCTCCTCCCAAACAAATTCTCCTCCCAAATAAACAGTAACTACCAACTGATCCGTATAGGGTATATTAAGGGTTATGTATTCGCCGCCTTTTACATCTTTACTGAAAACCGTCCGCTCGCCCTGCTTGTCTATAGCTTTAATTTCTAACTTTAGAGGTCGCGACAGCGGCGGTACTGGATAGCGTACTTTAGCTTGCTTGTTCTCCTTTTGTTCGCCTGTTTCTTTATCTTGAGGTGCTTGAGGTAACGGCTGAACCGGTTTAGCAGGTTTCGCCTGCTCTTTTTGTGCTGCACTATTTTCCTGCTTTGGCTGCTCGGATTCCTGCACCGCAACAGGCTTAGACACAGCAGGTGCCTTCTCCTGCTGTGCAACTGCTATCTGCCTTTGAGGCGCCCTGCCGCTTGATACAACCAGAGTAACTTGGCTTCCCCCCGTAACCTGGGATCCCCCTTTAGGCTTAGTCGCCATGACAATATCTCGCTCAGTAGAGGTGGTATCAACGTACTCGACGTTCTTCGCAAATAACCCCGCCTCGCTCAAGACCTTCTTTGCCTCATTTACGTTCATCCCTGCCACATCAGGCAAAGGAAATACATTACCCTTTCCCACAT
CP003198.1_gap45	1803027	1804288	1261	GGCTAACCTTCGTTCCCCTTCCGATAAATCCGTACTGTAATTTCTTAAAGCCTGCGAGAGAAACATGCCGCGTCGCGATTCCTCCCATATGGCAAGAGCTGCCTCAACGCCCTTCACGGATCTATCACCTCAACGCTCACACCCTCACCCGGCTGTCTAGTCAATATGAAGAGCTCTGAGGGCATCATGAATTTTATTCCAAAGAAGCTTGCGGGATTTGATCTTACCTCTATGCCCTCTATCGTCATTCCCTTTACATCCTGGCTTGTGGTAATGTAATATTGTGCGATTTTACTAAAAGACACACCAAATAGGTGAGCGCACAATATGGCAAGCAATATATAAACTAAACTCAAATGTTTAGTCGCTATCAGCAAACCCACAAACACTATGGCGGCCAACGTATTGGTGACAACTATCGTCGTGCCGCACCTGGGATGGACGGCTAGTTTCCTTTCACCCTGGCTCAACCTTAGCAACCCTTCGCGGGCAGCTGCCAATACCAGATAGGGGTCCATTATCCCTTTCAAGGTAAAGCCGTTATCGTATGCCATTCCAGCTATATTCGTAGGTCCGTAACGCTCTTCTATGACGTTAACTGTGGCATGTTCCAAAGCATGGTTACGTCTAACTTTCTTGTTGAACAATATACGCACCAGCTGCCCTGGACCTAAAATTAACCAAACGAACGACTGAGCGGCAAATCCAAGAGGAACGAAGACCAACAGAAATATCAACAAAAAGAGAAGCACAAACCCTAAAGCCCAAGGAGCAAAAAATAGCAAAAGCAGAAACAATATAACGACTGGCATAGTTAATCCTCCGCAGATAATATAAGGGGTGACAATCACCCCTTATATTATCACAAACATTTTAAAAAATAGCCTCGATATATGGACGTGAGCCGTCATCTTCTGTCAACCATATCCCTAAAGGCAAGCAGACGCAAAAGCTGAGCTACTGCCATAACTGTCGCGGCAACATAGGTCAGCGCCGCAGCATTCAAAACCGCCCTGGCGCCTCCGATTTCATCTTGAGCCAGCAAGCCAGTATCCGTAAGATAACGCAGCGCCCTTGCGCTGGCGTCAAATTCCACGGGTAAGGTTACCAAGTGAAACACTATTACGGCGACGAAAAATAAAATGCCAACATTCATCAAAACAGGAGCCCTGAAGATCAACCCTATAAAGAAGAGAGGAAAGGCCAAAGTTGTGCCTAAATTGGCTGCCGGGACGATAGCATTACGCACCTTTAAGGGCTT
CP003198.1_gap46	1856771	1858243	1472	ACAGGATGTGTTCCTTTAACCGCATTATCCTCTCAATCTCGACCCTGTAAATCTCGAGTCCGCTTTCTTCCTTCATAAACTCGTCTATTCCCTCTTTGCCCAACTCCAATATGCAGGGCACAAATGACGAGACTGCCTCCGCAAAATGAAGGTACACAGTCGATGCCCGCTGCACCATGGCCTGGGCTTCGAGATTCCGTGCGTCTTCATGGCTTTTAAAGGAAGCATAGGCATAAAGCCTACCAAGCCTTTCAGCTATTTCATCCCTCGTTTGCAATCCTCTCAAAAGGGATTGCGCAGAAGACGTCAAGGCTGTACCCATCTCCTTTAAATTTTCGATAGCACTTTCTAGACAACGCGCCTCCTCGCCCCATGCATCATTATTGGGATATAAATCTTCCAATCTCCACTTGTACTTTTCTTCTATCTCATTTCTTTCCGGTACCGTAACGCTTCTTTTCTCGCTCATTGCTATGCCCCTTTCCTTCGATGCTACTTAATCCTCAGGGAATTAATTATCACGGATATGGAACTTAAAGCCATAGCTCCTTCGGCAATTATCGGATGAAGCAAGCCCGACATGGCTAAAGGTATAGCCACTACATTATATCCAAAGGCCCATTTAAGGTTTTGCCTGATAACCCTAAACGTCTCCTTAGAGATCTCGATAAGGCTCACGACTTTGGCTGCACCGCCCTGCAATATCACTACGTCGGCACTATCGATGGCAAGGTCGGTCCCGCTTCCCATGGCCACGCCGACATCTGCAGCCTTCAAAGCTGCAGCGTCGTTCATGCCATCTCCTGTCATCATGACCTTCCTGCCGGTTGCCTGATAATCTCTTACAATGATCATCTTATCTTCGGGGCGAACGCCCCAATGGACCTCATCTATACCCAACGCCTTTGCTACCGTTTTGGCGGTGATCTCATTATCCCCCGTCACCAGGACCACTTCGATGCCCATGTCCTTTAGACATTTTACCGCCTCGAAGGAATCCTCCCTAATGGGATCGAAAATAGCTATATATCCCACTATAAAGCCATCCCTTTTAACCTCGACGACAATATAGCCCTTTTCGAGCAAAGCCTCATAGACGCTTGCATCTGCGGGCCTGCCCACTTCGTAAACACGACCATCAACCTTGCCTTTTACGCCCTCGCCAACTATCTCTTCGAATTCCTCAATTTTTACGTCGAACTTTTTAAGTTCCGAAATGGCCTTGCCCAGAGGATGGTTGGACAAGGACTCCAAAGCTCCTGCGATGTTGGCAGCTTCATCCGCTAGGTTATGGTCTACCACCTTCGGGGACCCCAACGTGAGAGTGCCCGTCTTATCGAACATGACTATGCCGATGTCTTTAGTCGTCTGTATGGCCTCACCATTGCGTATTACAAGGCCATGACGCATGGCCTTGCTGGTGCCCGTTACCAATGCCATAGGAGTGGCTAGTCCCAGAGCGCAAGGGCAGG
CP003198.1_gap47	2015368	2019975	4607	ATCTCCCTTTTTATTTCGACAACCAGATCGTCGAACATGTCGGGCAGGGCGACCTCCACGGGCATGGTCCCCCGCACGGCTATGGCCTTGACGTTTTTTGACGCAAGCACCGTTCCCATGCCGGTCCTTGCGGCTGCGCGCACCAGGTTGCAAAAGATTCCGGCGAACTTAACCCCCCTTTCGGCTGCGGGGCCTACGGCTGCCACCTGCACGCGGCTGTCGCCCAGCTCTTCTATGATGGCCTTTTGGGTATCGGGGATATCCTTTCCCCACAGGTTTGAGGCGTCACGAAACTCACAGGCTTCATCGTGGATGAAAAGATACACGGGCTTTGAAGCCCTGCCTCGCAATACCACCTGATCGAAGCCCGCATACTTAAGCTCGGGCCCAAAGAAACCGCCAGCGTTTGAGTCGCCTAGCAACCCCGTCTGGGGAGATCTCGCGGTAAAGTTAACCCTGCAGCTTCCGGGAAAGGAAGTCCCCTCCAACGGACCTATGCCGATATAAAGCGCGTTTTCGGGGCCCAAGGGATCGACATCGCGAGGCACTTCCTCAAAAAACCTCCTGACGTTAAACCCCCTGCCTCCGAGAAACGTTTCGATCAAGATCTCCGAAAGTGGCTCAACCTTCGCCGTTCCGCTAGTAAGGTCCACGTCCAAAACTTTGTTTCTGTATGAACCCTTCACTGTTCGTCACCTACCTTTCCCGCACTTCCAGGGCTTTAGTCGCACACTCTTTGACGCATTTGGGATCTCCTCCGCAAAGGTCGCATATCATGGGAAGGCCGCTTTCGGGATGAAACCTGATTGCCCCAAAGGGACACGCCTTGGCGCAGCCTTTGCACCTTATGCACTTATCGCCGTCGACCTCTACCGCCCCTGTAGCGGCGTTTCTTTTAAGCGCTCCCACGGGACATGCCAGTACGCACCGTGCCGTGCCGCACTGATGACAGGCTATGGGCTCGTCTTTGCCCGTCAACTCGTCCTTTTCCACCCTTATGCGCGACATGTCGGGACAATAAACTCCTTCATGGACAAAGCTGCATGTCAGTTCGCAGACCCTGCATCCCACGCACTTTGAGGGATCAGCCACTATGCGAAGGGGCAGATCTTGTGATTCCGACTTTGGATGCGAATTAGCCCCCAGCGGCTCAATGCGATACACCACTCCCCCCTTGGGGTCGGGGCAAATGATTTTGTTCGTATGGGGAACCCAATCGTTGTCCTCGGCGATATTCCTTTGCTTCAGCGGCAAAAGGGGCATAAGGCTTTGAAGCGCCCACAGGCAAACCTTTCCCCCTTCCGGTATGACTATCGCTCCTCCCCTTACTTCGAAGTAATCTCCGGGCTTCATCGGCAGATCGCAAAAGCCCCTGACTTCTTCCACGACAACCTTTAGATCGACCATTGCTACATTCCCCCCCTTAAAAAAAATTAAGAGGGCCATTTTCATGGCCCTCTTAACGTCAGCTTAGAATAAACTAAGGGCCACGTAAGCGAACTTTATCGCCCCGTGGCCCCAAAAAGAGCTACGGCGGCGGCTTTAACGCCACCACCAATCTCCGTATATTCTTTTTACTTCCACATGACGACGCATGCTGTCTGAAATCATCTAAATTCTCCTGACCCTAAATTCGAACACTATGCCAAACGGCTGGTTTAGAATATATCAGTGCCAAAGGAAAAATACAAGGGGGAAACCTTAAAAAAATTTGTAGCAAATTTTGGCTCGCATTGACCGGCATTGCATAAATTTATTATAATGATTTCAAGTTTGATTGAGTCATAAATAGATTAGGAGAGTGATGAGAATGAGGCGCGCAGTTATCTGTTTGCTTGTCATGGTCTCTATATTGGCGTTGTCAGGGTCTGCATTGGCAGAGACGCTGACGGTTAAGATGTCTTACAACGGCCCACCCGACGAGGTTAATAACGCTGTCCACTATTACGCAGTCAACTTCAAAAAGCTCGTAGAGGACAAACTTGAGGGCAAGATAAAGATCGAGCTTTATCCCGACAGTCAGCTGGGCACTGAAGAGGAACGCATGCAGCTTTTGACGAAGAGCGGGCTTAACCAACCGATCATTAATGTGGCATCATACGCAGGTATGGCCCCCCTATTGCCTGAAGCTTATGCAGCTTCGATTCCCTTCATGTTCGACAGTTACAAGGCAGCCCACCAATTCTTCGACTCCGGCAGATATTGGTCAAAGGTAAAAGAGGAGTTCAAAAAACGCACTGGCGCCGTCTTGCTTGAGGCAGTGGAAGAAGGAGGATTTCTTGCCTTTACCAACTCCAGGCGCGAGATTAAAAGCCCCGACGACTTCAAGGGGCTTAAGTTCAGGGCAATGGACGAAGGCCAAGTGACACTTTACAAGGCCTTTGGTGCAAGCGGCATACCCATCCCCTGGACGGAGCTTTATATGGCCTTAAAAACAGGCGTCGTCGACGGTCAGATGAACCCCGCCACCTACATCATCATAGGAAGCCTTTACGAGGTCCAAAAATATATGACCTTGGCCAACATTCAGTATTCAGACCAATTTTTGGTGGTAAACGGCGATCTTTTTGACGGACTGCCCGAAGCCGACCAAAAGGCGATAGCCGAAGCAGCACATAAGGCCAACGTGATGACCAGACAAATGGTCGAGTCGCAAGATGCAGAACAGATAAAGTTCCTTGAGGAAAAGGGAATGAAAGTTTATGCCCCGAACGAAAAGGAAATGAACGCCTTTAGGTCAAAGGGGCAGCCAGCTTACATTGAATGGCTAAAGGCCACCGTGGACGAAAAGTGGCTAAATATGGCGCTGGAAGACGCGAAGGCCGCAAATGAGGCCGTAAAGTAAGGACCAGGCGGGATATGTCGAAGGACATTTTACCTAAGCTGTCTGCGGCCATAGAGCGAGCATGTGCTTACATTTCGTGCTCGCTTTTGGCCTTAAATATATGTGACATCCTCATGGGCGTCGTCTCAAGGTACCTATTTCACACTTCCTTCATCTGGACGGAGGAGTTGGCACGATACACGCTGATATGGGTGGTCATGGTGGGGGCAAGCTGCGCACACGTTCGAGGAGATATGATGGCCATTGATTTCATCCTGCCCAGGCTTCCCGTAAAGCTGCAGCGCATCTTCAACATGCTTAAGTTCATCATAGGCGTTATCGTGCTGATATTGGTCGTTTATTTTGGAGCCCATAATGCCATTGGAGCATGGAACATGAGGACGATGGGCTTAAAGATCCCCAAAACTATACCACTTCTTTCCCTGCCGGTGGGCCTTGGAATACTGCTCGTGGAGTTTGTCATCTATAGGAAAGAAGTCGTGGGAGGTAACGAGAGATGAGTCTGCTTCTTTTGCTGCTATTCTTCTTTTTTCTCATGTTAATCGGCCTTCCCCTTTACCTTGCGCTGCTGTCGGTCGCCTTTGCCGGGATAGCGGTATTGGGTGACGCATCACTTCTTCGCGTAGTAAGCCAGCAGCTCTTTGGCGGGATGGATTCCTTTACCCTGATGGCCATCCCCTTTTTCGTCCTGGCCGGGTCTTTGATGAACAGATCGGGCCTTACCGATAAACTCATAGACTTTTCCAAGCTCCTAGTGGGCTCCATGCGCGGCGGGCTGGGATACGTAAACATAGTTGCAGGCATAATACTGGCAGGCGTAAACGGGTCAGCAGCTGCAGATGCCTCTGCCCTTTCTTCGATCTTAATCCCGGCCATGAAAAAGGAAGGCTACAACCAAGGTTATGCTGCAGGCCTTACCGCCGCAAGCTCTCTCATCGGCCCCATAATACCTCCTTCGATCTTCATGATCATTTACGCCTCCATGACAAACACGTCGATCGGCGGTCTTTTTGCAGCCGGCGTCGTTCCGGGGTTGATTTTAGGCCTATCCTATGCTGTCATGAATTACTTCTATTCTTTCAGATACGGTGCTCCGATTTCGAGCGGAGAAGAAAGGTCGCAGGCAAAAAAGATACTAATTCAATCCATATCCGGCTTACTTGCGCCAATAATAATCATCGGCGGAATCGTCACAGGCGTTGTGACCCCTACGGAATCTGGGGCATTGGCTGCCGCTTACTGCCTCTTGATAGGGCTGTTTTACACCAAAAAGCTCGACAAAAGGGGCATTTTCGAGGCACTTTACGAGACGGTGCGCACGACCAGCTCCATATTTCTAATCATGGGCGCGGCCCAAGCAGTCGGCTGGTTACTCAAATGGGAAAGAATACCGCAGCATTTTGCGGGGTTGCTTGCCGGAGCAGGGTTGACCTCAAGCCCCGTTTTGCTCATGTTGACCTTCAGCGCCATCATATTCGTGGTGGGTTGTTTTATGGAAGAAGTGGCGACACTTACCCTTCTTACGCCCATATTTTATCCGCTGGCCATGCAGGCGGGCATTGACCCGCTGCATTTTGGCATCGTTATGACGCTAAATGTCACCATTGCCCTGGTAACCCCTCCTATGGGTGCTTGTAACTACATCGTTTCTGCGGTGGGCAAGGTGCCTTTAAGTGAGGTATTGAAGTTCATATGGCCCTTCATAGCTGTCTCTCTTGTTGCCCTCGTTTTAATCATACTATTTCCCATTATAACTATATAT
CP003198.1_gap48	2056431	2058076	1645	CCGTTATATAAAAGGCCGCCGCCACGAAAGCACCTCCTACCAGCACTATTACCAACACCAGAGGCAGTGCTATGGCATGTCTTTTTTTTCTCATTAGTTCCTCACCCTCCAGGAGGTCGACATGGCAACGAGCCTGTAATGCCTGTCCTCGCTTGTAACCGTGCCCGCAATGGGCCAGCCCGGCACATCGCCCAAGGTGACCTCTCCGGGAAACCTGCGGTTTCCCCGCACCAGCAAATGGACCGTCAAGAGATTGGTCGCGTCACTTCCAGTATCGTCGTAGGAAAAAAGAACCTGAGACACCCCCTCGACAAGGGGCTGGGCCGGGCTTCGCGTCACGTCCTCAACGTAAAAGGAAGGACGTTCCCCTCCGGGCGAGCTGACATATGCATACAAGGCCCGCACGTACTGAAGCTCGGCAAAGAAGGGGATTAAATTCCTTTGGGAGGCCTTGACGTTTAGCTTCTTATTGGCGTTGTCGACCGACTCCACGATAAAGGGGACCTGACACCCCGAAAAGGTAACCCAGCCGTCGGTCGCCGACGCTGCCGTGGCCGGCTTTACCTGGTTAACGGGACAATTCTCAGATAACTTCAGAGGGACTGACTTGTTGGGTTCTACCTCGTGTTCGTCTCCCAATACGCCTATGCCGGAGCTGAGGCAGTAAACGATGCCCAACCTTTTGTAGTAGGTCGTAGTCCCGACGGTGCCGGCAGTCTCGTACAGATATACGGGCTTGTTCCAGCCGCTTATGACGCCCTTTAAAACTCCGCCCAGGTCAATCTTGGGCGCCGTGCCGACGGAGAAGGCCGAAACAAAGTCGGCCGTTTTATTCGGCATGGAAAGCCCCGCCTGGAGGGCAGGCAGCTCCAGACGGGACAACACCATCTCGCCTCGCTGGCGGGCAGCCGTCAGGTCGGCGGACTGCTCGAAGTGCTTTGTGAAGGCAAAAAACAAGCCCGTCGCCGCAATGGCCACTATGGACAGTATGACCACGGCAATGAGGACTTCCGTAAGCGTAAAGCCCCGACGCGGTTTAAGTTGACGTCTTATAAGCACCTGCGCTCACCTGCCTTGTGACTTCGAGCTTGCTCTTTCCGTCGTTCCAGGTAACTACCAGGTCAATTTGCTTTTTCACGGTCCTTGTACCACTGACCGTATTTGTAACGTACCATTTGATCGCGTAGCCGGGGTTGCTCGTGTCGCTGTGAAAGCTGTCGGGGCCCGTCGCGCCTAAATCGACAGAGCTGAAATCCTTGGACTCCAGCTCGTCCAGCTTTTGAACGGCAAGCAGCGCGGCCTGCTCCCTGGCGGCCGAGGCAATATAAAGCCTGCTTGTGGCCGCAGGGACAGCCGCCATGGGTATGAGCGCCACAACCAACAGCACCAGCGCCACCAAAGCCTCTATCAGGGAGAAACCGCGCCGCTTCATGTTAGGACACCTGTTATTGGACGATTATGTAGACTTTATTGCCACCAGTGTAATATCCAGGCGTATCTGACGTTAAATCAATGCTAGTCAACGGCTCTCCATACAAACCAACAGATTTTGCTTGTTTTGCCAAATTAGTTTTTACGCCCTCCCTAACATTTGCTCCATTCTCTCCTAAGTTATAACCCAAAAACCAGACAGTTGCTTTACTCT
CP003198.1_gap49	2059718	2063259	3541	CCTCAGCCACTGCAAGACCTGGGCGTTGGACTGCGCCTGCTGGCTGCCGTAAACCACGCTGCCGTCGCTTGCCCTAGCCTTGTACCTGTAAAGCATCTGCCGCTCACCTCCTTCCTGCTACGCCTTCGCCGGAAAATTTGGGCGAAGCTTCGCCGAATACCATCCTATCGAGCTCCTTTATGTCGAAAGCGTAAGAAGAGGCCAGTTCGTAGGGGAGCTTGCCCTCCTTGATCAGGCGGGCCAGGTCTTGGTCCATGGTGTGCATGCCAAAGTCCGAGCTCGTCTGTATGATGCTTTTAAGCCCCGGTATCTTTCTTTCCCTGATGCAGTTTCTAACCGACGGAATGGCCCACATGAGCTCAGTGGCGACCATCCTTCCGCCGCCCGGAAGGGGGATGAGCTGCTGGGAGCAGATGCCGATGAGCACGTTTGCAAGCTGGAGTTTGACCTGATCCTGCTGGTGGGGAGGAAAGACGTCAAGTATCCTGTCCACGCTCTGCGGGGCGTCGGGGGTATGAAGGGTCGCCAGCACCAGATGTCCCGTCTCGGCCGCCGTGAGCGCCGCCCGCATCGTCTCCAGGTCCCTCATCTCGCCTATCATTATGACGTCAGGGTCCTGGCGGAGGACCCTCCTCAGGGCCTCGGAAAAGCTTTCGGTATCTATGCCCACCTCGCGCTGGTGTATTATCGACCTGTCCGATGTAAATATGTACTCTATTGGGTCTTCTATGGTGACTATGTGACAGCTTCTCGTCATGTTTATCTCCTGTATGATGGCAGCTAAGGTGGTGGACTTTCCGTGTCCCGTGGGGCCCGTCACAAGAAATAAGCCCTGACGCTTCTTTGCCACGTCGTGGAGCTGTTTGGGAAGGATCAGGTGTTCTATAAGGCGAATGGTTTTGGGGATGATCCTGAATGCCATGGCCATGTTGCCGCGCTCGAAGAAGCAGTTGCCCCTGAAGCGGACGCTCATGCCCTCTTCGGATATTACGACCTGAATGCTCAAGTCGAGCTCCTTCCTGGTCACGTAGCGCTCGAACTGCTCTTCCGAAAGCAGGGTCGTGATGATGTTTCTGACATCCGCGGGCTCAAGGGGAGGATGTCTGAGGGGAACGAGCTTTTCGTCCACCCGCAGGATTGGCGGAATGCCGACGGATATGTGAATATCGCTGGCGTTCTTCTTAACGGCCTCACTGAACAGCTCCCTAAGGCTTATTTGAAGCGTCATAATTTCTCACCCCACAGACATCAATCACAGGGTCACCGACAGCACTTCGTCGGCGCTCGTTATTCCCGCCTTCACCTTTACTGCACCCGATGTACGAAGGGTCCTCATGCCCTGATCTATGGCCATGGCGCGAAGGTCGTCGGAAGTGGCCCCCGTCATCACGGCCCTCCTTATCTCCTCGGACATGGGCATGATCTCGAAAATTGCCGTCCTGCCCCTGTAGCCCGTGCCGCGGCATTCCTCACATCCCACGGGCCTATAAACGGTCGTAAACCCGTCAAGCCCGAGGCTTTCTGCAACGTCGAGGGGCAGTTCGTAGGGCTGTTTGCAGCGCGGACACAACTTTCTCACCAATCTCTGGGCCATGACGGCAACCACCGAGGAGGACACCAGGAAGGGAGGTATCCCCATGTCTATCATCCTTATGATGGAACTGGGGGCGTCGTTTGTATGAAGGGTCGACAGCACCAGATGTCCCGTCAGGGCCGCCCTGACTGCCAGCTGTGCCGTCTCGGTGTCGCGCATCTCGCCGACCAGTATGATGTCTGGATCCTGCCTCAGGATGGACCTTAAGACGCTGTCAAATGTCAGGCCAGCCTTCTCGTTTATCTGCACCTGGTTGACGCCTGTAATGGTGTACTCTACGGGGTCCTCGACCGTGGTTATGTTGACGTCGTAGGAGTTAAGGGTCTGCAGTATGGAATAAAGGGTGGTCGATTTTCCGCTTCCCGTAGGGCCCGTAACAAGTATTATGCCGTAGGGCACGGCTATTATTTTATCCAAGAGGGTCTTCTCGCCCGGATCCAGTCCAAGCTTCTCCAGGCCCACCATGGCCGTCGCCTGATCGAGCAGTCGCATGACCAGCTTTTCGCCGTAGATGGTCGGCAGGCTCGAGACCCTGATGTCAATGCGCCTGCCCGCCGCCCGGAGGAGGATCCTGCCGTCCTGGGGGTGGCGCTTTTCGGCGATGTCCATGCCCGACATTATCTTTATTCGCGAGGACACGGGGGGATGAAGGTGCTTGGGGAAGGTGAGCATGTCGAACAACACCCCGTCTATCCTGTAGCGCACGCGCGTCTCAGTCTCGAAGGGCTCGACGTGGACGTCGGAGGCGCTGTTGTCAACGGCCTGTCCCAATATGGTGTTGACGAGCTTGACCACTGGGGCGTCGTCTATGGAGACGGCCTCTTCCGTCTTCGACAGGTCGAACTCTCCCCTTTCCTCTTCAACCACCTCGACCAGCGCCTCATCTATGCTCGACCTTATGCTGTAGAAGGTCTCTATGGCGCGCTTTATGTCCGAAAGGGTGGCTATCATCAAGTCCAGATCCATGCCCGTTATCATCCGTATCTCATCCAAGGCCAGTATGTTGAAGGGGTCGGATACCGCGACGGTCAGCTTGTTTGCGTTTTCGTCTATGGAAAGGGGGACGACCTCGAGCCTCCTGGCCATGCTCTCGGGGATGGTGTCAATGGCCTCCTGCATGGGGCGAAACATGGACAGGGACACGAAGGGGAGCTTCGTCTGCTTGGAGATGGCCTCTGCCAGATCCCTTTCCGTGACCCAACCGTTTTTGACCAGGATCTCGCCGATGCGCAGGTTCGTCACGGACTGTTCCTTAAGGGCCAAGTCAAGCTGTTCGGGCAGTATGTAGCCCTGCTCGACGAGGATCTGGCCTAAGAGAGGCTTTCGTTCGACTTGCTTATCTCTGTTATTCATACCCCTGCCTCCAAATTATCAGAATATTAATGTGATTTTGTGATGCTATTATAGCATAGCATACAAACATAAATCAAATGAGAAATGAAATGAACTAAGGTCGAATTATGATTCATTTACCTTAATGTTATATTCAATTAACTTTAATCTAGCAATTTAATATTAATAACCCATCCATAAAATAAAGTCCCTTGAAGCCTGTGTATCACACAACTCCAAGGGGCCGGTCGCGCTACTCACTCACCCTTCGCTCTTGCGCCCGTTTTCGGAAATGCGAGGGGTTCATCGTTTCCCCATAACCTTATATATTTTTTTCTTTATATCACAGGAGTCCTATTTTGACAATAGGGCAAAATTTCAAATTGTAAAAATTTTTTGCACATCGAAATGGAGTTCTTAAAAAGGCGAAAGCCGCATCAGCCAACACATCGAAAGATTCTGTTTGCCGGCGGCCGTCATTTCTTGAGCTTGCCGAGGTAGGCTGCCGTCACGTCCGGGTTTACGAGCAGCTCCTGGGAGGGGCCCTGAAGCACGATGCGGCCCGTCTGCAGGACGTATCCCCTGTTTGAAAGCATGAGGGCCTGCCTGGCGTTC
CP003198.1_gap50	2066840	2069596	2756	ATTCCCTTGCCTGCTTGATTATTAGCGCCATCTCCTTGCCCATGTTGGGCAGCACCAAAACATCGGCTCCGGAGTTCCTGATCTCCGTGAGCTGTGCCCTGAAATCGACGTCAACGCCGCCGCGGAATCCCTGATCGCTGACGGTCTGGCCGCCATAATCCTTGAAGTACTTCATGAAGAACTCGCGAAGGCCCTGAGAGTATTCGTTGCCCACGTCGTAGAGTATGGCTGCCTTTTTCTTGCCCATCTCCTTGGCCGCAAGATAGGCCAACACTGTCCCCTGATATGGGTCGGTGAAGCATATCCTGAAGGAATAGGGACGCACCTTGCCCTTGTTGTCCACCGTCACCAGGGGGTTGGTCGAAACGGTGCCGATCTGAGACACCCCTGCTCGGTTTACCACCGGAGCCGTGGCGATGTTGATGCCGCTTCCGTTGGCCCCTATTATGGCGAGCACCTTATCCTGCTCTATCATCCTGCGCACGGCGTTCACGGCATCCTCCGCCCTGGTCCTGAAGTCGTAGGGCACTATCTCGAGCTTCTTTCCCAACACGCCTCCCTTGGCATTGATCTCCTCTGCCGCCAATTGAGCCGATTTCAGCTCCGTCTGCCCGTAAGCGGCCCAGTCGCCCGTGAGCGCGGCCAGATAACCTATCTTGATGGTATCCTGAGCCATCGCCGCAGAGGCACCAAACATCAATGCAGCCATTACCAAACCCGCTATGATCCTCCTCACGCAATCACCCCCGTATTTTTGATCATTTCATGATGAATCGGAATAGGGAATCCTTTTGTTATTGTAAGAATTTATAGCCCCCCAGGTCAACAAGCAATCTCAAGTTAGGGTCACATAAAAGCGCCTGTCTCTCGGGCCGTCGAACTCGCAGAAAAATATGCCCTGCCAGGCGCCGAGCATTAAACGACCATCATAGATGGGTATGACCTGCGAGGCGCCGATGAGGCTAGACTTTATGTGGGCGTCGGAGTTACCCTCGAGGTGGGAGTAGTCGCAATCCTTGGGAACCAATACCTTAAGCTGCTTTAATATGTCTTGCCTGACGTCGGGATCGGCGTGCTCGTTTATCGTAACGGCCGCAGTCGTATGGGGGACGTAAACCACACATAAACCCTCCTTTATGCCTGAAAAGCTTACGTCCTCCTCCACCGTACGTGTAATGTCTATCAGCTCCTCGCGAGCCTTAGTACGCAAAGTATGAGCCATAAACACCTGAAACACCTCCGTAAAAATGTTTCATACCGCAGCCTATCCATCCAGGCCAAAGACGACCTTTAGGGCCTCGTCGATCTTTGACATCACGTCTTCTTCAAGCTCGCCGCGCACCCTGACAAGGCGCTCGGCGTAATCGACGGGCCTGGTCTGCAGGCAGTCAGCGACGGACTTTTTGGTCAGCCCGTTTCGGGGGGTTGGATCTATTACAACGTTTGTGATGATCCTGGCCTTCTTTTCGCTCCAGGCCGTTACGGGCACCACCTGAACGACGGGAACGTGCTCGTTGTAAACGTCGTTGGTAACGACCACGCAGGGGCGAACTTTTCCCGTCTCGGAGCCCTTCGTGGGATCAAGGTCGATGTCTATCACCATCCCCCGTTTTAACACGCTCATGACGGCCACTCCGCGGTGTTTGCCTTCATCCATTCTCGGGTCTCGGCGTCCTCTTCGTAAACTTGGGCGTAAAGGGCCGCCGATTCGCGCAAACGTCGATTGGCCATATCCTTCACATATAGATCCAGGGCAAAACGAACCATTTCGCTTTTGTCCTTGAATCCGAAGCGCTTGAACTGTTCAAGCAATCTGACGTGCGATTCATCGAGTCCAACCTTGACCTGTTTCATGTGAACCCTCCTTTAGGCCCTATAATTAGGCCCAATAAATAGTGCCATTTGTGACTGTTATTATAGGGTCTAGGAAATTGAGGGTCAAGCCGGCACCACGCATATCATTCGTACCGAAGTGCCTCTATGGGGTTTAAAAGCGAGGCTTTGTAGGCTGGATACAGGCCGAAGACGATGCCGACCATGGCGGAAAAGCCGAATGACAAGGCAACGGAGCCGGGAAGCACCACGGTCTGCCAGCCGAAGGCGTGCGACAGCACGTAGGACAGCAGCGCCCCCAAAAAGACCCCCACCGCTCCGCCGGTCATGGAAAGCATCCCCGATTCCACCAGAAACTGAAGCATTATGTCCCTTGAAGTTGCACCTACGGCCATGCGTATGCCTATCTCCCTGGTGCGCTCGGTGACCGAAACGAGCATTACGTTCATTATGCCGATGCCGCCCACCAACAGCGATACCGACGCTATGGAGCCCAAAAGCAGCGACATAACCTTCATGGACTCTTGGGCTGCCTCCATGGCCTGCTGCATGTTTCTCACGGTGAAGTCGTCGTCCTGAGAGGAAGAAATCTTATGGCGCTGCCTCAAAAGGAACGTCACCTCTTCCTGCGCCTTGGACATCAGATCCTCGGACCTCACCTTGACCGTTATGGAGGAGACCATGTCTGGCCTTGGCATGCCAAAAAGCCTCTTCTGCGCCGTCGTGACGGGAACCATGACTACGTCGTCCTGATCCCTGCCCCAGCTCGACTCGCCCTTGGACTCGAGCACCCCTATCACCTGAAAGGGTATGATTTTTATCCTGATCGTCTCGCCGACGGGGTCGGAATAGCCAAAAAGCTCTTCCGCCACGGTCGACCCCAGTATGGCCACCTTGGCAGCGCTTCTCATGTCCTGATTCAT
CP003198.1_gap51	2104284	2106936	2652	ATGTGTTTAATTGTTGAAAATAGATGTTCGATCTCCTGGGGGGTAAGCACCGAGGTCGGCTCGTCCAGGATCAATATCTTGGCTTCATGATAGAGCATGCGCAATATGGCCACCCGTTGCTGTTCGCCTATGGAAAGGGTCCATATCGGCGCACTGGGGTCAACATCAAGGCCGTAGCGCTGCGAGAGGTCCTTGATCCTCTCGCAAATGGCGTCTTCGTTGACTACAAAGGGCAGATCCTTGCTTCCCAATACCAAGTTTTCCCACACGGTAAGGCTTGGGACCAACATGAAATGCTGATGGACTATGCCTATACCTCTGGATATGGCGTCTCGCGGAGAGCGAAATTCGACCCTTTGGCCTTCCACCTCTATGGTCCCCTCGTCGGGGTGATACAATCCGCACAGCACGCTCATGAGCGTGCTTTTGCCGGCTCCGTTTTCCCCAAGAAGGGCGTGGACCTCTCCGCCCCTTAGATCGAAATCGACGCAGTCATTTGCCTTCATCCCATAAAAGGATTTGGTAATTCCGCGCATCTTCACTAAATATTTATCCTCCACCCGCAACACCAACCTTAAGGGGCATGCAAAAAAGCTGCATGCCCCTTTTAGATTTTTGAACTATTTATTATTTAGGAAGTTCACCTTCAACGCCCTCGACAAGCCAGTTCATGGAAAGCAAATCCTGATCCGTCAACCTCTCGCCCTGCTTTACCCTGAGCTTGCCCTGGTTGTCCTTGATGGGCCCTTCAAATACGTCCCACTTGCCGGAGATTATGCGCTGTCTTTCGCTTTCTACGAGCTTTTTGGCGCTGTCGGGAACGTCCTTGCTGTAGGGGGCAAGGCCGACCATGCCTTTATCCAAGCCCCACCATATGTTCTCGGGCTTCCAGGTCCCTTTGATGACCTTATCTATGGTGTACTTATATACGACGCCCCAGTTCCAGACGGGAGCCGTGAGGTGCTTGGTGGGGGCATATCTCGACATGTCGTTGTTGTAGCCCACCACATAGACACCGGCTTCTTCCGCTGCCTGGGGAACGGAGCCGGTATTAGCATGCATCGCAAGCACATCCGCCCCTGCATCGACCAAGGCCTTGGCTGCTTCCTTCTCCTTGCCGGGATCTATCCACGAGAAGAGCCACACTACCTTTATCTTGGCATTAGGATTGGCCTTGCGCACTCCCAGGGCAAAGGCGTTAAGCCCCCTCACCACTTCAGGGATGGGGTGTGCGGCCACAAAACCGATCACATTTTTCTTCGTCATGCTTCCGGCTATGAGTCCGGACAGATATCTAGCCTGATACATGCGGCCGAAGTAGACGCCCACGTTATCGGCCATCTTGAATCCGGAGCAGTGCATGAAGATCACGTCGGGATGTCGGGAAGCAACCTCCTGGACGTAATCCATATAGCCGAAGGAAGTGGCAAAGATGACCTTGGCACCGTTCCTGATGAAGTTTTCCATGGCCCTTACGGAGTCAGGCCCCTCGGGCACGGACTCGACGTACATGGTCTTGACCTGCGGAAAGGCCTTTTCTACATCAAGCCTTCCAAGGTCGTGCATGTAAGTCCATCCGCCGTCGCCTATGGGACCGTTATAAAGCCATGCCGCTTTGAGCTTGTCGGCAGGTACGGCCTCAAAGGCCATGAGGGGGGCGCAAAAGAGGATGACTGCCAAAAGAGCAATTGCCGGGAAAAACCTCTTCATCGTTCCTCAACCTCCTGTTGTGAATTATGTTATAATCTTTATGCTAAAATTTTACCGTCTTTTTTGGCTCTATTCAATTAAGTAAATCCTTTAATAACACTATACCAAAAGCTTGCGTATATAGCATGTTTCTTTGATCGCCTTGAATGTCAACAGGGTATACATTGCTTTTTAAAAGAAAAAAGTTAAGAGGGGATGCAACATGGCTGACAAAAATCGCTACAGAAGAACCTATCCAGTTTCTTGGGATCAGCTTCACAGGGACAGCCGGGCGCTCGCTTGGCGACTCATAGACAGCGGGAGGTCGTGGGACAAGATAATCGCCGTCGTTAGGGGCGGTTTGGTGCCGGCTGCGATAATAGCCAGGGAATTGGACATACATTACGTAGATACCATATGCGTATCGAGCTACACGCTAAGACAGCAGGGAGAGCTCAAGATAATAAAGAGCATTGAGGGCATAAACGGAGAAAATGCCCTCATCATTGACGACCTTGTCGATACGGGGAAGACCGCCAGGATCGTAAGGCAGATGCTCCCCGATGCCCATTTTGCCACAGTTTACGCCAAGCCCGACGGAAAGCCATACGTTGATACATATATCACCGAGGTAAGCCAGGATACGTGGATACTCTTTCCTTGGGACTCCGAGATCCAGTTCGTAGAACCCCTGATCCAGCAAAAGCCATAAGGGAATCCTGCAGGCTAAGGCTTCAAGCCTTGCCTTTAGCTTCCGCACCAGCCTTTATCCTTGAAAGCTGCGGCACCACCCGATAGGCCACTATGGTCGCCGCAGCTGCCTTTAACCCGTCAGCAAGAAGGAAGGGAAGCACCCCTATTTTAACTGCTCCGATAAAGGATATGTCTTTTCCCACTATGAAATTCAAGTTAAGGAACAAGCCGATCGTCCCGCAGGCATATATGGCCAAAAGGCCCACCACG
CP003198.1_gap52	2148115	2152377	4262	CGTACCCTTAGGAGAAATCGTGGGCATTCCGATAAATGACGCCTCATTTTTTCTGGTCTATGCCGATAAAGTCCTTGACGTTAAGGTGCTTCAAGATCGCTCCTTCGATTCCGACTTGGCGGGAAAGATTGTGGTGCGCTTTAACCCCACAAGGCTAATGCTGCAATTGAACTCCAAGGAGGCATCGATAGAGTCGTGGAAAAAACGCTTCAACTGGCTTTCTTCGCTCAATGGAGTCGTTAAAGATGTCACCCTGTCCTTGGAAGGCCCGCCCAAGGAGTTGTCCGGCAAGGTTGCCTTTAAATCTTCGAGCCTGAAAGCATTAGACTACACCTTGTCAAATGCCGAAGTCATGGCCGAGATCTCGAGCAATGCCATCGGTTTTAAGGGTAAGGGCATCTGGCAGGATATGCCCATAAAGCTTCAGGGAACGACCTCGAAGGGTGATTCGTTAGAACTCAACGCCCTAATAGAGGCCAAGGATGTGGACGCAAACAGGCTTAAAAGCTTCGTCAAGCTTGATGAGGCCATTGAGCTGCAGGGACGCCTCGACGTGTCTTTAAAGCTACAGGGCAAGCCCGATAGACATGACATAAGCGGCACCGTGCAGTCTGGCAACCTGAAGATCAATGGCACCGAATTAAAGGACCTCAAGGCCGATTTTGAATCGAAAAAGGATAGATCCCTGGTCATATCGTCTTTGCGGGCAAAGGTATATGATGCACTACTAAATGGCAAGGGCAGCATCAGCCTTACATCCTCCGAAGCGGTCATAGATATATCCGGCGCCCTTGCAAATTTGGATGCGGGCAGGATCATCGATGAAGGAGAGCCAAGGATCTCCGGAAACCTGACGGCAAAATGGCAAGTGCTAAAAAAGGGTGGCGCCATGCTCGTGTCTGCACACGTCGAAGCCCCGGTACTCAAGGTTGGTGATCTTTTGGCTTTAAGTGACTTATCGGCCGACTTAAAGTCTGCCGACGATGGCTTTGACATCTCGGGCCAAGGCAGTATGCTTTCGGGCAAGGTCGACTTTTCCGGAAGGATGAGGAGGATCAACAAGATCCCCTCCGTGGACATATCCGGAAGATTTGATGACGTGAGGCTTTCGTCAAAAAGATTTCCGCTGGAAGGGTCGCTAAACGGGCCGTTTCACATAATGGGACAAGGGGGAAAGTTTACGCTTTCAACAAGCTTTGCAAGCGATAAGGTTGAGATGAAAGGCATCCCGCTGAAAGGCCTAAAGGGTCAAATCGAGGTAGATGGCTCCCATATGGTCATAAAGTCGCTATCCTTTGGCCTCTACGACGGGCAAGTGGAATTAGCGGGAACCATGCAGAAGGATTCCCTGGATCTGGAAGGAAATTTCAACGCCGTAAACCTGGCACACCTTCCCCTTCCTCCTGAATGGTTTTCCCAAGGTATGACCGCCGGGACGGTAAGTATAAAGGGCAGCTTAGATCATCCTCAAATAGCAGCGAAGGGCATCATCAGGGAGGCGGCGATTGACGGTTTTTCCTTTGAGAGGGTCAATTTTTCGGCAAAAAGCGATTTGACCAATTTCGAGGTGGAAGAAATAGAGGCATACGATCAGGGAGGAGTTTTAAAGGCAAAGCTTCGAGGCCTTTTCCGACCCCGGCCAAGTTTTGAATTTGAGATACATGGAGACAACATACCGGCAGATTTGCTGGCATGTGCCTTTTCTTACAATCTAAAAGGCAGTTTTAAGGGCATGACCCACTTGCATCTTTCCGGCAGTTACGACAACGGCTTAAAATTGCATGGCGAAGTTAAGGCAGGCAAATTATCTCTTCTTGGCATCGAGCTCGAAGATCTAAATGTGCCCATACGTTTATCGAACGATGCATGCCAGATCGACACGCTGAAGGCAAACATATCGGGCGGAACGTTACAGATGCGCGTTAACGCCAAGAGGAGCAAGCCGCTGCGTTGGGAGGCGGCAATTTCCGCAAAAAATATCCCCCTCGAACCCCTGGTTTGCGGCATCCTGGGAAATTCCTTTGCAGCAAAGGGCAATGCGACCATTTCGCTCGACCTCAAAGGCGAGGGCACAAGATCGGTAAACGTCTCAGGCTTGGGCAAGATGGAAATTACCGACGGCCAGATCGCTGGGCTTCGAGAGACAAACAATAAGGTATTAAAAGACCTGGGCCTGGACAGTTTCAAGTTTCAGCGATTCTCCCTGGATTTCAACGTCAACGGACCTTCTTTCTACATTTTACCGGGAAGCATGATAACGTCCATGCCCAATGACTCCCTGTACCGATATATATCCTTTGACGGCGTCATAACCACGGGCGGCAAAATAGATCTGTACTGCCTCGGAAATATAAACGTGAAGGCGCTGAACGCCCTGACACAGGCGTTAAAGAGGGTAGCTACCCTGGAAAATCCGTCGGAACAAAGGGTGGCACAAAACTTGCTCGAGGGCTTCATTGGCGGTTACTCTGCAAAGGACTTCAAGGACATATCATTACGCGTGAACGGCACATGGCCTTCTTTGACACTTGCACAATTGCGCGTGGACGAACCCTTGACGAGCAAGAATTCCTCTCCCCGTTTTGTGGACGATGACGAGGATGAAAAAAGCATCAGGCTCTTTTTTACCTTCCCGACCGGCAAGGGTAAATCTCCTAACTATGACTTCGGGGATCAGTTCATATCGCAATTGCTGCAGGGGCTTTTAGGCCAACTCTTCTCCCCCGATACACAGGCAAACGAAAAGAAGGGCACTTTCACGACGGCCGATGATTTAAAGGTGGAACACTAACATCGGCCGCCATGCGAAGTTAAAGGGTGACTTTCTCCAGTATATTCATCAGGACCTCATGGTCAATATTGCCACCCGATATAACCACGCCGACACGTCGCCCTTTAGCAGAAACACGACCCGACAGCAAGGCCGCAACACCCACGGCGCCGGCACCCTCTACGATTTGATGATGCCTGCGGTGAAGAAAGGCTATGGCCTTGGCTATATCGTCTTCCGTAACGGCCATGAAATCGTCCACCCTGACCCTGGCCAAATCCAACAGGGATTGAGGGATGGAACCGGTGAGACCATCGGCAAGGGAGTCCGAGTAAGTAACATCTATGACCCTGCCCGATTGCCATGAGACCACCCACGGCATGGAGGCCACTGACTGCACCCCTACAATCCTGATACCGGGAGATAGGGCCTTGGCGATCGTGGCTATGCCGGAAATCAACCCTCCCCCTCCGGCGGGAACCACCAGCATATCGAGGTCCGGCACATCGAGCAACATCTCCAGCCCCACCGTTCCTGCACCACAGATTATATGGTGATCTTCGTAGGAAGACACATAAGTCAGCCCTTCACTCCTTGCCAGCTGTCTGGCGGCCTGTTCGGCATCGTCGTAGAGGTGCCCTACGACACGAAGGTCTACGACATCGCCTCCCAAGCGCTTGATAGCCCTCTGTTTGTTCGCGGGGCACACGCCAGGTACGAAGATCACGGCCTTGACGTTGAGCATCCTTGCAGCTATGGCAACGCCCTGCGCATGATTGCCGCTAGAAGCCGTAACCACTCCCCGCTCGCGCTCTTCCTCGGACATATGAAACATCTTATTGAGAGCTCCCCTTATCTTAAAGGAACCGCAGGGCTGCAGGTTCTCCCACTTCAAATAGACAGAACCGCCAGCTATGTCGCTCAAATCCAGGGATTTCTCAATTGGAGTATGCCTAACCTTTTCCCTTAAAAATTGCGCAGCCAACAATATATCCGTAGCCTTTGGCCAGATCATCTTTTTCCTTTTCTCCTCTTAATTTATAATATGTATGAAGGTTTTTTCGACAGTTCATGATAATATTATATTAATCATAATCCTATGTCAAAACTATAAACTACAATCGATTATATCCGATCTTCAGGGACAGAGGTGATCCCTATTTAATGAAGCTGGTAAGTTCCGATAAACTTAAAGCAGGAATGGTGGTCGCAAGGCCAATAATTTCCGACACGGGTACCCTTCTTTTAAACAGCGGCATCACCCTCAACGAGCGGCTAATAGAGCTGATCAAAAGGAGGGGCATCCCCTTTTTGTACATAAAGGACGAGAGGGTAGACGTAAAAGCAGAGCCCCTCATATCTCCCGAGGACATGGCGAGGGCAACACATACGATAAAGAAGGCCTTTGAGGCAGCATTGCAAAATAACGTCAAAAGATCTCTACCCTTCGACCTCGAGGACATTAAAAACCTGGTCTTTAATATCGTCGACG
CP003198.1_gap53	2157923	2159128	1205	ATATTCCATTCCCCTGACGAATCCGAAAATCCTAACCTTTTCGTTGTCGGAAAACCTCTCCTCCATGGATTCCCTTAATTCCTCGTTGTTGCCGCATAAGGTCAATACCGTTGCATTGTCTATTTGAGAGAGGGAATCGACGACATCCTCAAGGGGACCAACGCCTATGCCACCGCCCATGACTAGAAGGACGGCGTCATCCTGTGGCAGCTCCAGCGTTTCCCTGGCTAAGGCCTTGCGAGGAGGGGAAACAAAGGAAGGCTTAATCGGAATCCCGGATATGTGGACATTTTTTACATCGATTCCATCCGCTTCGTACTGCAGCAAGGCCTCCTCTGAGGCTATGAACCAACCGTCGTAGACTTCCCGGTCTCGATGGAAGACGTGGCTTAAAAAATCTGTATTCACCAGAAAGATGGGGGCCTTTCCTTTATACTCCTGTGAGACCGCCGAGGCGGCGAAAAAATGGGTAAAGATGATGACGTCAGGAGAAAAGTCGGCCAAGACCTTGAGCAACTTCCTGGCGTTGAGCTTCACCGTAAGCTCATGAAGCCCCGCGAGAAACCCGATGCTTGCCTCGGGCGAATCGGTCGACTCATAAAAATAGCCCCAGATCTGAGGGGCTTTGCGTACCATCTCCAGGTAGGATCGGGCATAAATTCCCCTAATTATGGGGTTCACGTACGCCAACGCGTCAAGGCATATCGTATCCACGTTTACCTTGGAAAACCACTCGCATAAGGCGTACGCAGCCGTCTTGTGTCCCGTGCCAATAGATGAATATATCACAGCTGCCCTTTTCTTTCGATCAGTCATGGCTAATTAACTCTCCTAATCCTTCTTTAATTTGCCCTTCAATATGTCGCCCAGGGTCATCGATATCGGGCTTTCCTGCTCTGAAACCAATTTTATCGCCGACAGGATCGAATCACATATCTGTTCCAGGGAATAATGCGGAGGAAAGTATAACGCCGCTGCATCCCCATGTCCGCCTCCGCGTACCTTCCTGCCATCACGCAACATCCCGGTAATTTTACCGGCCAATCCCGACCTGCTTCTAAGCGACACGGCCCACTCCCCCGTTACTTTCTTGTTGGCCACCGCCACCACCTTTGGCGGATTTTCGGTCCTATCTAAGATTAAGCCACAGAAATCCGACACGTCTCCAAATTCAAGCAACTCCGGCCCAATCGCCATCAGGTCGT
CP003198.1_gap54	2160200	2160700	500	CCGTTGATCGCCCTTTTGGACAATATTGTGGCCCTCCATGGAGGAGTGCCCAAGCCCGTCCCCAAAGACCTAAAAGAACTTGCCAGGGCACAGGCTTTTGATCCGGTCGGCCTTCAGATTTTATGGAACGATCCCTTGGACGAACAATATTGGCCTCGAGGCGGGGGAACCAAGGCCTTTACAGCAGATGACCTATCCGCCTTTTTAAATCTTACAGGCACAAAACTGCTCATCAGGGGACACCAATATGTTCCAGGCAGAGGCTATAAACTCAACTTCGACAACCAGTGCGTGACCATATTTTCCGCAAGTTACGGTTACGGCTGGCCCAGGTGTTTCGCTTATTTTCCGCATCCTAGTGAAATTTCCTCCGAAAACGTAGAAAGATACATCATAAGGCTGTGAGCTTCATTTCCGATCATCTTGCACATCATGAAGTGCATATTACCGGCTGAAGACGATCTTATTAGATTGAGAAGTGTGGAGAACTTTACAGGGAG
