gap_id	start	end	length	sequence
CP006913.1_gap1	8122	10164	2042	AGAAGTATCTTCAGCAGTCAGATCAACATAGTTACAACCTAGTTCATCGAATTTGTAAGTGAACGTTGTTTGTTTGTAAATTTCCTTGTTCTTTGGTTGAAAATAAAATTGTAAATCTGATTTTTCTCCTTTTGTATTAACAGATATTAATGGATTAATTACTATTTCTTGATATCTATCGATTTGATAAGCGGGGTATTCTGCAATTCCTCAACTTACGGTAAGATCGGCTTCTTTGCAGGCTTCATTTTGGGTAAGGATAATATTTGTTTTATCATAAACTTCATAAGCAGCTATTGGATAATCTTTTTCTCCCACAAAAACCGTTTTGATAATTTCATTGTAAGTTTCATTTGCTCCACTTACCTTTAATTTTACAATATAAATACCAGTCTTTTTATAAAGGTGGGTAATGGTATCTGCTTGAATAGTTCTTTGATCACCATCAGCAAAATTCCAATCATAAGCAAATATTGGTTGGTTTGTTGTGACAGTAAATGTCATTGGATTTCCCCATGACATAGCAATAGGCGAAACAGAAATTTCTGGTCTAAGTATAGATTTTATTTCTATATCTTTTTCCAATTCTCCCATTTTTCCATACTGATCTTTTACAATAAGTTTATATTTAAATTTTCCAATACTGTTAAATTCTGCAACAATTTTTCCATTATTATCTTCGGTAGAAACAATGTTTACTTTGGCTGCCTCTGGGAAAATCCATTCATAACTCAATGTATCTATACCATTTGTTTTGTCTACATCAGAACTAATAGTTGCATCAATAAGAAATTTAGAAGGGTTGAGCCATTCACTTGATGGAGTAACAGTAAATTGAGGAATAGGGTCAGTTGATTCTACATATACTTGGATAGTATCAATATTGGTCTGCCCAAGATCGTCTTCGACAGTAAGTTTGATAGTATAGAAGCCAGGTTTTTTAAACTGTTGTTTAATATCTTTGCCTTGATACGTTTCTAATTTATTTCCGTTTTGATCAAAGATTTCCCAAGTATAAAGTTTTAATGAAGAAACAACAGAATAAGAAGGGCTTCCATCAAAAAGAAATACGGTTGATGTTGTTCCATCTTCTGGTTGTTGTTTGATTACCGCAACAGGATCCGATGCAATTAAATCAAATTTTTCTGAAGTAATATTGTTTTCATTATCAGTTACGCTCAATGAAACCTTATATTCTCATCTTCAAGGAAGAGAAACTCTAATTAAATCTGGTTTGTTTTCGCTAGTTTTGATATATTTAAATCAATCGCTTGAAGTGATTTGTCGAGTATGAGAAAGGATTTGTCTTCATCCCATAGCAATAGTAGAAGTAGCATCTAATACTACACCTTTTTCAGCTTCCAAGGTTCCAATCTTTACTTTACCATTTTTGTCCATTTTTTGTCAGTTAGCATGGACAGAAATAACTGCTGATTTTGGCGCAACATCAATAGATATTGTTTGATCTCCATCCAAAATTCCTTTTGCTTTATTGGAGCTTCTTACCGTAAGATGTACAATATAATTTCCTTCCTTTTCAAATGTATACGTAAGGACAGGACCATTTCCTATAATTTGATCAATACCATTGATATCTCTATAATACCAGAAAAAATTTCTTGAAGGAATTGTTTCATTTGATGGATCAGTACTTTCTCTTCAATCAAATGTTACAGTCAAAGGAGCAGCCCCCAATCTTGGTGACGCAGTAGCCTTGGGATAAGCAGTAAATTGTGTATTAATTTTTTTGAGCACATCAGTAAATGGTTTATAACAATTTGACATAAATGACGCAAAAAGAGATCTATAATTAGGGTCATTAGAAGAAATTGTTCCCAATTGATTTGCTAATAAAGAACATTGTTGATATGTTACTTTAAATGAATATTCCTGCGGTAATTTTGGAAAAAGAGCTGTAAAATGTTGATTAAGTTCTTTAAATTTATCTGGATGAATACTATTTCCAAGTTTTGTATACGCATCAATTTCCACGAAAATTCCTAGGGTTTTTTCCCAAGAAGTTTTGATTTCATAGTTAGCAA
CP006913.1_gap2	52006	53739	1733	TGAAATTCACGAATGGTTTCCATATCACTTTCTCCCAATTTAATGGCTGGATTTGTATTATAAGGAATCAAATTTACATGGGCCAATCTTCCACGGAGCAACTGGCAAAGTTGTTTCGCAAGTTCTGGTTTGTCGGTCACATCTTTGATCATAATATATTCATAGAAAATTCTATTATTAGTCGCTTTTACATATTCATCTATTGAACGCATCAAATCATTTAACTTGTAAGTTCTCGCAATAGGCATAATTTTTTCACGAAGATCTTGATTTGGTGCGTGAAGAGAGATCGCGAGTTTCACATCGATCATATCTGTTACCATTTTTTTGATTCCTGGAATTATTCCTGCAGTAGAGATCGTGATATGTCTTTTTGACAAAGAAAGTCTATCTTGTTGGAGCATTACTTGAATAGCATGTTTCATATTGTCGTAGTTCAAAAGCGGTTCTCCCATACCCATAAACACTACATTTCTCACGGCATGCAAAGTGTTATCATCTTTTTTACCAAACTTCTTTTTGATATAATTATTTGCATAAAGGACTTGTGAAATTATTTCATCTCGAGTTAAGTTTCTACTGAAGCCAAGTTTCCCAGTTACACAAAAAAGACAATTTACAGGACATCCCACTTGTGAAGAAATACACAAGGTGATTCTATTTATTTTTGGTGTATTGTTTTTGACATGTTTTGCAGGTTGTCGATGATAGATAATCACGGTCTCAATTAGGTGTCCATCATGAGTTGTAAATCAGATTTTAGTTGTCTGTTTATCTTCTTTAATAGCCGTTGCTTCAAGAGAAATAGGCACAAAGTGTTCAGCTAATTCAGCTCTCATTTCCTTTGAAATTGTAGTCATATCATCAAAATCAATATTCTGATTTTTGTATATTTCATAAAAAATCTGTTTAACTTTAAACGGTTGGACTTTCTTTTCTTTGGCATAATTTGCTATTGCTTCATCGTCGAATAATACGTGTTTCATAAATTGAAATATTTTTATAATTAAAAATTTTAAATAATGATATTATTAACTTGATTTCTATTGTTTTTCCAACAAAAAACTAGGGAAAATTATATATTTCTATTTGCTATTGACATTATATAAAAAATAGTTATAGTGGTGGTATGTATTTATCTGTTATATATAATTATGGCAACCAAAGATTTAAAAAAGATTGAACACGCACCAGAAAGACATGAGATAGCTGAAGATATAGTATCTATCAGAAATTTAAAATCTTTTACTCAAGAAAAAAGAGAGGTGCTTATCAAAGAACTTCTTGCTCAAAAAGAACTTACGCAAACACCAAGAGCGTATCCATTCCCGCAACATAAATGATATGCAGAAGTATGGAAATCTCTTACTCCAGATCAACAAAAAGAAATGAAAGACAATATCAGAGTGACTACTGACGGGAAAGTAGAAATGATTAAGATGAAAAAGAAATTTTCTGCGCTTACAGCTAAACATAACGGAAAAGATATCTTTGATGGAAGTCATGTAGATGGAAATTGAAATACAGGAATCAAAGGAGTAACGTATTTAACAGGTAAAGCAGCCGAAAAGGAAGCAAAAAATCAAAGAAAAAAACTATTAAAAGATAAATCAGAAATTGAACAATTTATTAGTTTCTTTCCTGGAGAAGGCACAAAAGAGAAAGTATTTAATTTTGTCAAGTTATTTGGCTTAGAAAAGGCTGGGTGTTGGCATCCTAATAATAAGGAATGG
CP006913.1_gap3	131586	136064	4478	GTCCCAAGAGGACACAAAAGAAAATACCATTTTTGATTCCATGGGAACTGTCTCCAAGTAGGGTTGTGCTCGAGGTATATTTCATATATTCTTCAGCGTATGCAGTGATAATATAATATAAGATCAATGAATTGATTCAAAGCAGTATTCCTCCAAAGCTTATCATAAAAAAGAAAATAGCACCGCCCAAAAATACCTGGATAATAAATGATGCCCATTTACGAAATATCAATAATAGTATTCCCAAAATAGCAGCACAATATCATCAGAATATTAAAAATGATTTCAATGTTAGCTGTTCCATAATATTATATATTTTATAGGAAACCGAATGAGAAATGAGATATTTATATGAAAACAATCCACCCACCAAAATAATTCAGATTAAAAGTATTTTCCAAATATATTGTATTTTAAGTGAATGTTTGCCAAAAGCTTGATTTATAAGCCAAATCCATATATAAAGAATACATATACTTGCAAAAATAGTCCAAAAAATATGCATATAACTAACGATACAAAGCTAAATATTTTGCGGCTTGTTCCTGAATAAAAAGGCTAATCTCAGGGATATTTTCTTCTCAACAAATAACAAATAATTCTTGTGCGGTCGAACCTTTGCTCATAATGCATTTAATTCAACTCGGCGTAGGATAAGATATTTTAAATAATAATTCTGAACTTCATTTCTGCTGTCTATTGATTCTTCACGGGATAATCCTATGGATATGAGGATGTTTTTCAATCGTTAAAAGAAGCTTTTTGAACTCGGGTAAAATATGATGTTCGGTTTTTACTTTCTGAAAAGTTACCTTCATAGGTGTATGGGGAATAAAAGAATATTCTATCTATAAAAAATAGTTGAGCAAAAACAAGAAAAAGCCACCTTTGCAGATGACTTTCTATAATTGGGGTTAGTCTTAGAAATTTCTAAAAATATCTTGCAATCTTCTTCTTTCTTCCTCTTCTTCTTGTTTTGCTCTGAGTTCTTTTTCTGTATCTTTTAATTTGCTTTCAGTCAAGAAGATAAGTTTATTGATTTTTTCTATTACTTGAGATTTTTTCTTGGTATCTTTTATAAGATCAGATTCTTCAAATAACAAAACATCATCAAGAAATATTTCAAAAAGATGAGATTCTGGATTTAATCAAAGTTTTAATTCGTTGAATGTTGTTTCATCCTCTTCTTTATCTGTTTCAATTCTTTTTACATGAACTTCATTTTGTTCGTTTAATCCGAATTGATATAATACAGAAACTTTATCGTTGTTAGATCAAATAATTTCCAAAATTTCTCCATCTTTTAATCTAAGAAGTGAAGTAAGTTCTGAAACATTGTCCAATAAATTGGCAAATTTTTGTTGAATATCTGAAACTGGTTCTCCAAGTGGTTCTTCAATAGGTTCTTCTTCAACAACTACTGGTTCTCCAAGTGGTTCTTCTTCAACAACTACTGGTTCTCCAAGTGGTTCTTCAACAGGTTCTTCAATAGGTTTTTCTTCAATAATTACTGGTTCAGGGGTTGATTCAACAACGGGTGTTGGTTCAATAACAGTTTCTGTTGGAAAAACTATTTCAGGGATTTCTTCAACGGCATTTACTTGTTCAACAATAGGAGATTCTTGTGGAATAACATATCCATCAAATGGACTAGAAGGAGAAACTTCTGTTGCAGGTTCTTCCGTAGTTGTCTTTTCAACTTGTAAAGGTCAAAACATAGAAGGATCGTGAATTATTTCTTCTGGATTACCACCAAAAACGCCTCATCCTTGTTGTGTTGGAGGTGTTGGTTGTCCAGGTTGGAATTGTGTATCAGTCATTTTTACTAATTAGTGATTAAAGACTACTACTAGTATAATCAGAAGATTCTCTTTTGTCAAATTTTTAGAAACTTTATCAGATTTATTTGAAAATCATTTGTAATTAATGAGTAAACTGCTATATTCATGGTGCGTAATTGACTACGCATCATTTATTTTTTGTTTTTTTGGTTAATGGAAGAAAATTTTGTTATCAGTCAGACAAAACTATTTGTCGGAGGACTAGATTGGAGTATCAGAGGTAAAGACCTCAACGAAGAATTCTCTAAATTTGGTGAAGTAGTATTTGCTAGAGTAAATCTAGATAGAGAAAACAGAAACAGAAGTAAGGGATTTGGTTTCGTAGTATTTGCAAACCCAGAAGACGCTGCAAAAGCACAAGCTGAAATGAACAATAAAGAAGTAAAAGGAAGAGCTATTAGAGTAGATTTCGCAAAAGAAAATCCTGAAAAAATGAACAAAGAACATGCAAATGGAAACGAATCAGAAGCAATTGCTGAATAATTAAAATATAGTATTCATATATACAAAACATCTTTACACTAGTTGTAAGGGTGTTTTTTTTATGTCTTGAAAGTATAAGAAAAAAGAATATGATAAATCTACGACTAAAGGGTTAGTAACGGTTAAGAATCACTTCTTCGTCCTTTACTCTGGAGGCCGAGAAATCTCTAGTCCCAGACTAGAGTGAGCCATCCACCTTACGTATTGGAGAAAAACTTGATTGACTACGGCTCTTTGGTTTTTTTTGTTCAGAAAAATATTCCATGAAAAAAATAAACGAATCATTTATTTGTACTCATTGTGGCAAAGAAATTGCTCAAGCAGCCAAGACATGTAGAAATCACTGTCCCAGCTGTTTTTGTAGTATACACGTAGATGCTAATATTCCAGGGGACAGAGCAGCGGGTTGCGATTCAAAAATGTTTCCTGTTGATTATAAACTCCTTAATTCTGATTATAAAATTCTTTTTCAATGTGTGAAATGTGGCAAACAACATTGGAATAAAAGAGCTATTGATGACGAAATTACAGCTTTGCCAGAACTAATTAAAGCGTATAAAAGATTATTTAACTAAAAAAACTGATGAGAAGATCATCAGTTTTTTTAGTGATTATTTTTAATAAAGTCCTACAACATTTTGCTCTTCTATCTTGGTGATTTTTCCATTGTTTAAAGTTATCCAATAGGGGATTTTGTTAAATCGAGTATAGTCTTTTACGTCATCTTCAGTAAAAAATTCTAGAAAACAAGGTAATAAAATCTTCTTTAATTTTCTGATTTCTCCATCAACTAAATAGTTTACAAAATAGCTATATATTTCTACAGTATCAGTAAGCATAAAAGTTATTGTTTTTTTGCTTTCATTTTTGAAACAGATTTCAAGTCACTCACATTCTTCTTTGGGAAGAATTATAATTTCATCAAAAGAAATCTTAGCAATAGAATTATCTTTGAAAACATTAGTAATATATCCAATTTTTTTGAGAATAGTTGTGGGAGTAGGATTTATTTCTGTTGTAATTTCTTCTGTCTTATTTGTTGGTGAAATAGTGTCTTTTGGCTTAGAAATAGTTTCTTCTTGTATATTTTGATTTTCCGCTATTTCTTCATTGCTTCAACTCAAAGCAAGTTCTTCCTCTCATAAAAGTGAAATGGGCTCAAGTAAATTAAATTGGTCTTTTATCTCAGTAATCTCTTTTTTTAATTCCAAAATTTTTTCATTATTTTCATGTTGTTTATCAAGAATATTTCTTACAGGAAAACGCCACAAAATAATGAATCATGCAGTCAGGAAAAGAAGAGAAATAATTAAGATAATCCATCTTTTCATAAGCAAAGTTTACATATAAAACTATGGTTGCAAAACTTCTTCAGGTACTATAGTTACTTTCTTTATTTGTGAGAACTGCATAGCTGTTTTTTCGATAGAAATTCTTACTTGCTCAACAGCCGCAGATCATCCAAATGCAGTTCCTGGAACTCTTTCAATAGTGATGATTAAGTTACCATCATTATCCAAGGTAGTATTCACAAGAGCAAACGGGCTTTTTTCAAAAAGAAGATTCAATGTATCTTTTAAAATATCATCACTAGCTGGCATTACATATTTTTTGTATTCACTTCCGTCCAATGGAAAAATCCAGATATTTGTTTTCTTTGTTGTTCTCAAAGAAACGCTTACGGCATCAGGAGCATTACTATTTTGAATATCTAGTTTTTCATTGATGTCTTTGAGTTGTTGTTTGATATCATCAAGTTTTGTATTTACTTCGTCTGTGGGTACAGCTATTGCTCAACTAACAGTTTTGATTTCATCAGCTATTGGCAATACCTCAGTTGCAGTAGTACACGCACCAGAACTAACTTCTTGTTCAATAATATATCCCACAAAACGTTGTCCTAAGTCTTGATTAATCCATTTGAGATAACCAAAAAATCCACAGAATACAAGCAACCAAAAGATAGTAGTCCAAAAGAAAGTTTTCATCAGATTTTTTAAATGATATAAATAATTAACAATTTTATATTCTTTATTTTTTTAAAATCAAATCAAAATGAACAGGAATCGCTGCCTCAAAAGCTACAGGATTCTCACTAAAAAGATCCCAGAAACTGTATTTCCAACAATGCAAAAAGATATGTTTAAGTTTTAC
CP006913.1_gap4	198953	203421	4468	TTAAAAAAGAAACGATGATAAAAAATCTCAAAAAAAGACTTATTCAATTAAGAAAATCAGATTCTAATCTGAATATGATTGTTATTGTAATTGCTGTTGTAATGATTTGGAGAGGGGTTCGATGAATTTTGGATACGTTCTTATTTCCAAATTATCCTCTAGTAAGCTATATTGTTTCCTTGGGATTGGGAATAGTGATTTTGTTGCTTGATAATCAGAAATTAGATGAACTCTCTCATCATTAATAGATTCTTTACTACATTATTCTACTACTAAATGAATTGGTACCAATTATCTCTTTCATCTTTGTATAAAGAGCTTAAGACAACTTCTCATGGATTATCTTCCAAAGAAGCGCTTTTGAGATTGGAGACCCATGGAAAAAATATGATCAAGGAAAAAGAAAATAATCCTGCGTGGAAAATATTTTTGAGTCAATTTACTTCGGCATTGGTACTTATTTTGTTGGCTGCTACTGTTGTTTCTGCTATTATTGGAGAAATAACTGATGCAAGTATTATTTTGGCGGTAGTTGTCCTCAATGCTGTTTTTGGATTTATTCAAGAATACAAAGCGGATAAAGCTATAGAATCGCTCAAAAAAATGGCAGGTCTCAAATCAAAAGTCCTGAGAGATGGAAAAGAACATCTTATTGATTCGTCAGAATTAACTATTTGAGATATAATTCTCCTAGATACGGGAGATAAAATTCCTGCAGACGCCAGAATTATCGAAGCAGTAAACTTGGAAATCCAAGAATCTATCCTTACCGGAGAATCACTCTCGGTAGCAAAACATACGCAAGTGCTTGAAAAAGTAGGCGCACTTTGAGATATCAAAAATATGGTCTTTAGTGGAACAATTGTAACAAAAGGAAGGGGTAAAGCAGTTGTTTGTGCTATCGGTATGGATACGGAAATAGGAAAAATTGCAGAAATGATGCAGGAAACTCCAGACAAAAAGACCAATCTCGAAAAAAAACTCAATGGATTAAGCAAAGGACTTGGAATTGCAACTGTCTTTATTTGTATTATTATTTTTCTCACGTATTTTTTTGTTAGAGATATTGAAATTCATGAAGCATTTTTGATTGCGGTAGCCTTGGCTGTTGCTGCAATTCCAGAAGGATTACCTGCTGTTGTTACGATTTCACTCTGACTTGGAGTCAAAAGATTCGTCAAAAAAAATGTCTTGGTAAGGAGGCTTTCCTCGGTAGAAACACTTTGATCGGTAAATGTCATCTGCACAGACAAAACGGGAACGCTTACCAAAAACGAAATGACGGTAACCAAGTTATTTGTAAATAATCATATTGTTGATGTTACGTGAACAGGATACAAAATTGAAGGAGATTTTTCTCACAATCCAGATGATTTTATGACTTTGTTGGAAATTGGAATATTATGTAATAATTCTAAATTGGAAGGAGAAATGATTATCTGAGATCCTACCGAAGGAGCGCTCATTGTAAGTGCTTTAAAAGGAGGTATAGATCATCAAAATCTTTTGAAAACACATGAATGGAATGGAGAAAACCCATTTGATAGCGAAAGAAAAATGATGAGTGCTTTGTATATGCGTCAAAATCAGCAAATTATTTTTACCAAAGGAGCAATAGAAAATCTGCTTCCAAAGTGTAATCAAATACTCATCAATGGAAAATTAGAACCATTGGATCATAAAGAAAAAGAAAAAATATTACATATCGCAGGAGAATTTTCTGCACAAGCACTCAGAGTTCTTTGATTTGCCTATGGTTATGGAAATGAAGAACAACAGCTAATTTTTGTAGGACTGCAAGCAATGATTGATCCACCAAGAGATGAAGTCAAAGACGCAATGCAAAGATGTGCAACAGCAGGAATTAGAGTAATTATGATTACCGGAGATAACTTGATTACTGCCAAAGCAATAGCAACAGAACTATGAATCAAAGGAGAGGCAATGACCGGTGAGGAATTTGAAAAAGCTCCAAACAAAGAGCAACTTCTCCAATCTATAGGAATCTTTGCAAGAGTAAATCCAGCACATAAACAGACTATCGTCAAAATATTACAATCTCAAGGAAATGTCGTAGCGATGACCGGAGATGGAGTAAATGATGCTCCAGCATTGAAAATGGCTGATATCGGAATAGGAATGGGAATCACGGGAACCGATGTCACCAAAGAAGCCGCAGATATGATTTTGATTGATGATAATTTCACTTCAATCGTAAACGCAGTCCAAGAAGGAAGAGGAATCTATGACAATATCCAAAAATTTGTAAATTATCTCTTGGCAAGTAATATTGGAGAAATTCTTATTCTTTTTGTTGCGAGTTTGGCAGGACTTCCTTTGCCACTTTTGGCAATACACTTGCTCTGGATTAATTTAGTTACCGATGGACTACCAGCCATAGCGCTCGGCATAGATCCTGTTAATCCTGATGTTATGAAGCACCATCCAAGAAAATCATCAGAGTCTATCGTTTCGCAAAAAATGATGATCAATATCGCTATCCTATCTTCTATTATGACAATTGCAGCGTTATTCCTATTTTTCAGACATCATGATACTGATATTGTCCAAGCAAGAAGTGGCGTTTTTGTTCTCCTTGTGTTTATTGAACTTATCAAAATACAAATAATCAGATCACAATATGGATTGGGTATTCTTTCAAATAAACGATTGTTGTTGGCGGTAAGTGTTTCCATGGCTTTGGTATTGGCTGTGGTGTATATCCCAGGAGTTAATACCTTGTTTGAACTAACACCATTATCTATGGATATTTGGATGGATATAGGAGTTGCAATATGAGTATTGATAATCGTTTGAATAGTATTGAGTAAATTTATGAGAAAAATAAGCAGATAGTGATGAAATTTGACAAATAACAATAATTGGAATACAATAATATATATCAGATTTATTTTTGTTGAAAAGATATGAGAAAAGCAAAATTAAAAAGTGTAGGAGAAATCCCAGGAAGCATCGTGTATACTTGAGATAAAATGACTGCCGAATCTATTGTGCAGATGATTGAATACAACGAAAAAGAATATACAGAAACAGCTATTTCTGATTTTCATCAATGCATCGAAAAACACAAAGGTAACGTAAAATGGATCGATTTCATCGGAGTAGATCAAACAAATGATCTTAGTGAAATAGGTGCTTTGTTTAATATCCATGCTCTGACATTGGAAGATATTGCAAATATTAAACAACGTCCAAAATATGAAGATATGGAAGACTATCTTTTTTTGACACTCAAAATGTTTTGTTATATCCATGAAGAAAAGCGTTTGAAAGAAGAACAAATAAGCTTTGTATTGGGCAAAAATTACGTGATTTCTTTTCAAGAAAATGAAGATAGCGATGATTTTGAAAATATAAAAGACCGCATCCGCAAAGGAAAAGGAAGAATTAGAAAAATGAACGCTGATTATTTGATGTATTCTATTGTGGATACTATTATTGATAATTATTTCGTTGTCTTGGAACATATCGAAGATGAGGTAGAGGAATTGCAAGATGAATTGATGAAAGATCCAAATCCCAAAACATTGCATAAGATCCAGAATCTAAAACAGAATCTTATTATTTTGCGTAAATCTATCTGGCCCGTAAGAGAAATTTTGGGCGCATTGGAAAGAACAGAATCTGATTTAATTGACGATAGACTTCAAGCATATCTTAGAGACGCTTACGATCATACTGTGCAAATTATCGATACCATAGAAACGTTTAGAGATATTATTGCTGGGTCACTAGATATCTATCTTTCTAGTCTTAGTAATAAGATGAATCAAGTGATGAAAGTATTGACGGTAATTAGTACGATTTTTATTCCCCTTACCTTTATAGTAGGAGTTTATGGAATGAATTTCAAATATATGCCAGAACTTACTATGAAACGAACCTATCCAGCACTTTGGATTATTATGATAAGCATCGCTGGATGAATGCTTCGATTCTTTAGAAAAAAGAAATGGATGTAATTTTTAAATTCTATAAAAAATAATATATCACCGTTCGCTGTTACATTTTTTTAACGGTAGAAAACACAAACAAATTCGACTCCATGTATTTTCTTACCTAAAAATGTAAACGCTCACTTGTGATATATTATTTTTTATCACTTATATATAGTTCTCTTGATAAATAAACAAACCTTCCGTGTTGGTTTCAGCTGGAAAGCATAACGTTGACTAAGCAATCCACGGCCAAACAAACGTGGCGGACTTGTTTGGCCTAGACCTTTTTGGATACTTTTTGGGGCAATGCTAAAAAGTATCCCCAGCGGAGCGAAAAAATAAATGATTAAAAAGAATATAGCGATCGAAATATAAACGCTCACCTTTTTTCTTACCTAAAAATGTAAACGCTCACCTTTTTTCATCAAAACTATCTAAAATAACCCAAAAAATATCTGTTTGATAACCAACACCTATCAATCCCAAATATAAAATACAAAAAGTACATA
CP006913.1_gap5	212868	214205	1337	TTTCGAGGCGGGGTAATAGCCTTCCTCAAAGCTATCGTTTGGCCAGTATTTTTGGTAAAATGATTATTGGCATACATAGCAATGTAATTTTCACTTCACTATATTCTCATACAATCCAGAAGCAATTCTGGATTTTTTTGTTGCAAATTGTCTTGGCAAAAAATTTCTGATATATATAACCTAGCTACTTTATTTAACAGATATTCCTATGTTCAACATATCATCATTTCTCTCCGATATCAGATCAACATTGAAATCCCTCTCAGATCCCAAAACGAGAGATTCTTTCCATCGTTTCTTCAAAGAACCAGTCACTGCCTATGGAGTCAAAAGTGCCCTCGTAGAAAAACTCGCCAAAGAGAAGTGGAAAGAGATCAAAGAGTTAGATAAGAAAACAATTTTCTGATTATGTGAAGAACTATTTAAATCTGACTATTGTGAAGAAGCCTTCGTTGCCTGTAACCGAACCTATGCGTTGAGGAAACAGTACCAACCAGAAGATTTTCAGACTTTTTATAATTGGATAGAAAAATATATAAATAACCGAGCGAAATGTGATACCTTCTGTAACCATACCATGGGAGCGTTTATCGAGATGTATCCACAATATATTAAAGAAATAAAAAAATGGACGAAGTCATCCAATAGATGGGTAAAAAGGGCATCTGCTGTTAGCTTTATTGTACCAGCGAGAAGAGGAATGTTCTTGGCGGAGCTTTTCCAGATCGCTGATGATTTATTGCTGGATTTGGACGATATGGTCCAAAAGGGATACGGATGGATGCTCAAGGTAGCCAGCCAAGCTCACCAACAAGAAGTTTTTGAGTATGTCATGAAACATAAAGTAGTTATGCCCAGGACAGCCCTGAGATATGCGATAGAAAAAATGGATAAAGAATTGAAGGTCGAAGCGATGAAAAAATAACGAAAAACAGCCTGGCAAAAAACCAGGCTGTTTTAGTAAGAAGAAAGATGTCGTCGTTATTTCTTCTTTTGTGATTCCATGAGTTGCTTTAATTCGCTTTCGCTCATGTTATTAAGTTTATCTTTGAAATCCTCAAGATTTTTATGACTCTGTAAGGAGTCTCTTCTCTGAACATTCTGATTATATACAGATTGCTCATTTGAAGACATTTGGAGATGCAAGGTCAAATTTTTGAAATACTTAGCAATTACAGAGGCTTGTTTTGAATCAATATACTTGATCTCAACAAGATCACCTTCTTTGGTAAGCGCTAATTCTGATTGAAGGGTAGAAGTCACCATCACGGAGAAAGAAAATTCATTAAAATACAAATAATACTGCTTTCCTGTGGCGGAGATATCCCATCCAATTC
CP006913.1_gap6	215435	219840	4405	GAAACCAAGCAGCATGAGTTATTTCATCTGACATAACTCCGGCTACAAAAGCAGCGACAATCCACCAGATACATAAAAGACCTGAGTAGAAACCTAGTAAAGGCCAAGCTGTAGATGGTAACCCAATATAAAGAATCAGCCATCCAAAAAGAGTAAAGAGAATAGCCATAATAATATAAGCAGCGCCTTTATCTTCTTTCTTTGTATCAGATATAAAGACAGGCAAGCCCCCAACGAGGGCAATCAACAATGCGATTGAAAAGTACATAGTTTTAGATTTTTAGGTTATTTTGTTTGTTGTAATGCTTGATTAAATTTCTCGTTGTCGAGAATTGTTTCCATTGGCATTTCCTTGACGGTTTTTGCTAATTCTCTGATCTTATCAGGAGAGAGTGTAAGATACATATTAGTCATTCTCGTGATGATAAATTCTGTTTTTTCATCCGAATAGCCTTCTCTCTTGAAATAATCAATAGTTGCAAACAGACCAAATTTACAATCTTTCCTGTTTTGCTTATAGATAATAAGTGTCAAAACAGCAACGCAAATTGCTAGCGTTATTATTACGGATTGAAGAAATATCTTTTCCATGATAAAATAGTTTTTAATGACGACATCAATAAATAATATACATATTTAAATAGAAAAGTCAATAGGAAGTGAAAAATTGATATATTATTGATATTTAATATGAAAGTGTAATTATTTGGATTAAGAAGAAATAATAGGTATACTAAATTTAACAACAGTTCATTTTCCAGGTTCACTTCGGTCTATCCATATTTTTCATCAATGTCTTTCTACAAATTCTTTACACAGCAAGAGTCAAATTCATGTTCAACTTTCGTTGCCTGTTCATTTTCTAGACTCCGTTTTGTCTATTTTAAATAAATTTTCTTTTTGCTCTAAATTCATTCCTATTCCATTATCTGCGATAGAAACTAAGAAAGCGTTTTCTGTATTTTTAAATGCGACACGAATTTCTCATCATCTTCCACTGCCTCAGGTAAATTTAATAGCATTGGAAACTAGATTTCTTATGACGGTAGCTACCATCTGTTTATCAGCATATATAACGGTATCATCCGGTATATTGTTTTTGATAAAAATATTTTTTATAGCGGCTACTTCATGGAGTAACTTTATTTGTTCTAGTGTTTCAGTTTTGAAATCGAAGTTTTCTGGTTTAAATTTTACTGAAGATTGTGCTCTTGCTCGTTCCAATAAGGATATTAAGAGATTGTAAGATTTATTTGCTGAGTCGTTTATAATTCAAATATTTTCTTCAATTTCTTCCATGGTAAATTCTTTAAGATTGTTTTTTAATATATCAAGAAATCCCAAAATAGCACTAAAAGGTGATTTTAAATCATGAGCAATGATAGAGAAAAACTTGTCTTTGGCTATATTAGCCTCTTGGAGTTTTTTTTCCAATTCCATATGTTTGGAAATATCAAAAGCCATTCCTATAATTTCCTTTACACGTCCTGTTTCATCAAAACTAGGCGTGAAATTAACATCGAAATGAATAGATCATACCGTCAAAACGCCGTGTCGTTCTTTACCTTCTGCTGCTAATTGAATTCATTGCATAATAACTTCATTATCTCCATAATGATTCCAAACATAATCACCTACGACTTGGTCTTTTTCAAGCCCCAATGTTTTCAATCCTTTTCCTTTGGAAAATGTAAATTTCATTGTAGAAGGATTTATCCCAAAAAAGACAGCATTCCCTTTTTCGATTAAGGTTTCAAATCTTCTGCTGTTTCTTTTATATTTAAGGGTATTCATTTCTATTTCAACTTTCTCAAAGGCATGATACTTAGTTATGAAACTCATAATATCATCATCTTTGATTGTGGCGAGAATAAGGTCTTCTATATGTAAACAACTGAGAATAGCTTCTTTAGTCGGTCCCATTATATTTTTTTCATGCTCCATCAAAAAATCTCTCAGGGTGTTTTTGTTGCAGCCATCAATAAAAATTCTGAAATTGTCTTTGTTGGTATTCAATGACATTGAATAGGGTTTTCCCCCAAAATAAAGTCAGAGAGATGTAGTAATATTGTATTCTATATACAGAACAGACAAGCAATGTCAACACAATCTATTGACATTTATTATAAAATAAATATTGTCTATTTTTAAAAATATGAACATATACTTCTTATGACCTTATCAGAATCTTTAGATAATAAAAATATACCAAGTCCTGGCCAAGGACTTCGTTTTGTCAAAAACGAAGAAGGTGTTCGAGAATTTACATCAGTAGATATTCCTCAAGATATAGATAAAGAGCCAGAAAGAGGAATTGTCTTGGTAGGGCATATAGGCATCGGACATATGGAAAAACTCAAAACAGAGATGCTCCATGTCTTACAACAACACGATGAGATCAAAGGGCCTATCGTTGTTATAGCAGGAGAATCTGCTTCATGATTGGAAAATCTATGACTCCAGTTATCTGAAGAACAAATGAAAGAACTAGGGAAAACGAGAGAATTTCTCATTACCAAAAGAGATGAGATTGTAGATACCTTTATTTTCCCAAAAACGAAACTCCCTGATTTCAAACAAAGGCAAACATTTCATCACAATCAGTCGCCAAAAACCCAGTACAAAAAAGGGATGTGATACCAAAGAACAAAACAAAGAAGAAAATAAATTGCTATTGCTAAGCAAATAAATAGAAGAGGAGAAAACAAAAAACAATAACGAGTATGAAAAAGCATAAAATTCTCTTTATGGGATGGGATCCTTTGGAAAACAATCCTTCTTTACAGAAAGAATTAGAGGGTTTGCCTGATACCTTTGCCGTTATTTCTACAAAATCAGAAGTGGAAGCTATTCGTGAATTGTCTATTGCAAAACGATCCAAGAAGAAACCAATACTAGCAATCGTTTTTAGAAGAAAATTTCTTGTTTTAAACAACCACATGGCTCGTGTTATTACAAGATCTGCAGAAGGTTATGATGACAAAAGAATTTCAATTTGTGTGATTAATCTAATAAACGACGCTCATGACGAAGAAGCTAAGTATTGTGGTATGTGCATACATCATGACATGAAACCACATTTTGTACAAAAAGGGGATTGGGAAAAGGTATTCGAAATTTTAACGAATACGTTATGTAATTAAAAAGTGGGGGATTTATTCTTCTGCTTTTTTTTTATTTCTGACTCCAAACAACTTTTTTGTCTCCATTGATTTCTTTGAATTCAGATGCTTTTACTCTAATCTTATCTCAGATATTATAGTATTTTTTCCAGTCAACTCCATCAGGAGCGACGATGAAATTCTTGTGAAGTAATCCTTCAACTCCTTTGACTGTGACAAACATTCCATAGTTATAACTTAGTTTTACATATCCATCATACGATTCACCTAGTTTGATATGAGAAATATCAAAGGCTCATTCACCGGCTTGTGGGGCAGGGGAGCTGATTACTGAAGTTGGTTTCGCTACTATATTGTTTTCTGGGGCTTTTGGTTCTTGTTGAGCAAGGAAGGCTTCCAATTTAGTTGTATTTGGACAAAATTTAAGCGAAGCTTTAAATTTCTCGACATTTCCAGCAAGTCCAAGCATAGTATCAAATTGTTGCAAGACATGTTCTTTACTTCCAATCCAGATAGCCAGAGGAATAGTATTTTCTATCGTCATTGTTTGATGTTGATACATATCCACGGAGATATCAAGTTTTTTTCCTCCATCCAATGGTACATGAGTTCCTGCCTTGTATTTGAGATTTGCTTGATCATCCAATCATTTTGGTTTAGTCCACCAAATAGTTTTGTGGCTATTACTATCGGTATCAAACAAGATAGCATCTGGCTCTACGCCGTCGATAGCATACTCCGTGAACATATGAAGATGTTGTTGAACAAACATATCCTGAAGATTTTCAGCCTCTTCTGATGAAATTCCAAGTGATTCTAATTTTGCTTTTTCTGCTACTTTTTCTTGAACAGAGAAAGTCTTGTTACTCCATGCTTGCATAAGTTTTTCTAGTTGTCCTCTGGACATAGCGTATCTTTGTCTTGATTGTTTTCTTACTTTGTCGATAGTTTCTAGTGATCCTTCTGCTTTGATTGGCGGTAATGTCTTCATACTAAACGGATCAGAAGAAATTCCATCAATCATAAGTCTCGTATAGGCGGTATATTTCGGCAAAGAAATCAAATCATTGACCTCAGCCATATTTTTAAATTGACTCGTCATTTGCGATGCATCATCGGATCAAATTGTCATACATACGGTTGTTCCTACGTTACCAAAGATAGCATCTTTGATTTCAGGCATCAACTGAGAAATATATTGGTTAGCAACGATCAACGCAAGTTTATATTTTCTGGCTTCCGAAAGGATAGTAGTAAATGATTCTGATGCGAAATTTTGAAAC
CP006913.1_gap7	223637	225514	1877	ATATATATCCATGCCTCAAATTATCACCACCTTATGACCAGCAATTACTTCACCAGAAATCTTAAAGGACCTCTATACCCAATGAGTCCGTATCTTAAGAGCCAATTTTACGCATGAAACAAGCGAATCCATAGTAGTTAAACTAGCGATCATTCATGAGGTAGAACAAGAAATTGGTGGTAAATTTTCTTTGATGATGGATATCGAAGGACCAAGTATCAGAACAGGAAAACTTGATCGACCAACACCCTATAAAAAAGGAGAAAAATTTAAATTAATGGTCGTGGAAAAAATATTGGAAAACAATGATTTGTTTTGTGATTTTCCAGGTATTATCGATAATGTGAAAGTAGGGGATATCGTAAGAATTGAATCAGGATTGTTTGATACCATCGTTCGTGAAATAGGATCGGAATATATATTATTGGAAGCCCTCAATGATTTTACCATGACATCCAAAAGACATATTAATCTCCCAGGTCTTCATATTGATATGCCAACTATTACGGACAAAGACAAACAAGATATTGCATATGCTCTAGAAGCGAAATTTGATTATATAGCTATTAGCTTTTGTAGAAGCGCTGCGGATATCCAAGAAGTCAGAAATTTAACAAACAATCAGATCAAACTTATCGCTAAGATAGAAAACCAAGAAGGACTCGACCATCTCGATGAAATTATCGATGCAAGTGATATGGTGATGGTAGCAAGGGGAGATTTATGAACAGAATTACCTCTAGAAAAGCTTCCAGAAGTCCAGATGGATATCGTAAAAAAATGTAAATTCAAACATACGCCCGTCATTATAGCCACCCAGATGCTCAGCTCCATGGTGACCAGTCCTGCGCCTACTAGAGCAGAAGTATCCGACATATTCCTCGCAACCCTCGAAGGCGCAGACTATTTGATGCTTTCTGAAGAAACCACGATTGGACTTCATCCTGTGGAAGCCGTAAAGATGATGAACAAAGTAATCGCCGAAGTCCAAAATGGCCGATAAAAATTTGACAGAAAGGGTATTTTAGAATATACTTATATAACGTAATTTATTTTTTTACTATCACCAATGAAACAACTTATCAAAAAAGTAATGTCAAAGACAAAATCATTTAGCCTTGTAGACTACAGTGTCCTCAAAGCATGTGTTTTCTTTTTTGGACTTTGGATTGCAACAGTTATTCCTGTTATGACAGAAGTAAATCCATGGATTTATGGTACAGTTTGGGCTGTTTTATATATTTATTTAATCTGGAAAATTATTAAAAAAGATTAAGAAAATATATTTTCAATAAAAAAAAGCCGCAATTGCGGCTTTTTCTTATATATATTTTTTTTAGTGATGATGATGACCACCGCAGCATGCTCCATCTTTTTTGTTCTCACAGTCATCGTCTCCACCGCAACATCCCTCTTCTTTATGGGCGTGATGATGTCCATGTTGTGCTTCAGTTTGTTTTTGCATATAAGCTAATGAATCAAAAAACCCACCAACCATTGCTTCCATGATTTGATCGTTAGAAAGTTTTTGGGTTGGGTAAATAATGTGTAATTCTGCTAATAATCTATTAAATTCAGCAAGTGTTTTGTCTGATACTTCAATATGCGCCATTTTTTTTATATTATAAATTAAAATGATTTTGCAAATCTCAAATCTCCATTGGTAAAATATCTAATATCTTTGATTCCATATCTTACCGCTGCCAATCTACTCAATCACATACCAAAAGCGAAACCTGAATATTCTTTTGGATCAACTCCTGCTGTTTCCAAAACCTTAGGGTGAATCATACCAGCTCACAAGACTTCCATCCATTTTGACATAGTCTTTTCTCCCGTTTTTGGATCAGTAATTTCATATCTTGCGTCAATTTCGA
CP006913.1_gap8	370316	374686	4370	TTCTTATAATGATCTAAATTATTGTTTTCTTTGCAATTTGATTTTGATATGGATGTTTTTTTATTAAACATAGTATGGGTGTTATAATATAAATAAGCGGTTATAATTTGTGTAAAACTACGATAATATTATAAACAAAAATAAATAAAAGTCAATAAAATCAAATTTTAAAATACTCCCTTGATATTCAATCAATCTTTACTATAAAAAATCAGATTCTAAATTATTGTAGCATTTTAATTTATAAATCAAAAGAGATGTTTGATAATGTACAAAGAGAAGACCTAACTGCTTATGAATTAATTCTTGCAGAACAACTTCGTCAATCTCAAGGAATGGAACTTATTGCGAGTGAAAATTATCAGTCGCCAGCAGTTTTAGAGGCACAATCATCTCATTTTGCCAACAAATATTCTGAAGGAACACCAGGAAGAAGATATTATGGAGGACAAGAAAATACAGATAAGATAGAACAGCTTGCTATTGATAGAGCAAAGGCGATTTTCAAAGCAGATCATGCAAATGTTCAGGCCCTTTCGGGAGCTGCTGCAAACGTATGTGTATATGCAGCACTTATGGAACCAGGAGATACAATTCTTGGTATGGATTTGACTCACGGAGGACATTTGACTCACGGAGCACCTGTTACTTTTCTTTCCAAGGTATTTAATTTTCAAAGATACAAGACAAAACCAGATGGTAAAATAGATTTTGAGCAGGTACGCGCATTGGCACACGAATACAAACCAAAAATGATTTTGGCAGGGTTTAGTGCTTATCCAAGGGAATTGGAATACGAAAAATTTGCTGAAATAGCAAAAGAAGTAGGAGCAATAGCTTATGCTGATATTTCTCATATTGGAGGATTAGTAGCTGCAGGAGTTTTGAAAAATCCTTTGGATTATGGTTTCCATGCTATGATGACGACAACACATAAATCACTAAGATGACCAAGAGGAGCATTGATTTTGAGTAAAGGAACTGTTTCAAATCCACTCAAAAAACCAGAAGATACGATAGAAAATATACCAACCAGAATTGATAGATCTGTGTTTCCTGGTGTTCAGTGATGACCGCATATGAATACTATCTGTGCTATAGCAGTAGCGCTTCATGAAGCTCAAACGCCAGCGTTTAAAGCATATGGAGAACAAACACTCAAAAACGCAAAAATATTAGCTCAAGAATTTTTGAACCGCTGATATAAACTGGTAACAGGAGGTACAGATAATCATATGATTATTGTAGATTTTTCTGGTACAGGATTAGATGGATCAATAGCAGAAAAAGCATTAGATAAAATTTGAATTTCAACATCAAAATCTACTATTCCAGATGATCCAAATCCACCATTCAAACCATCAGGACTGAGAATCGGTATGCCAGCAATGACTACAAGAGGAGTAAAAGAAGCTGATACACAAAAAATTGCTGATTTCATGGATCGTGCATTTAAAAATCATGAAAATGATGAGGCGTTGGAAAATATCAAACAAGAAGTGAAAGAATTCTGTAAAAAATTTCCAGTTCCTGGAATTGTAATATAAAACACAAACATAACTTAAATAAAATGTCAATATATCCCTTGAAAAACAAGGGTAATTTACTATAAATGCAAAGCAATAGGGTGTAACTCTGGAATTTCTTTACCCGTTTATTGCTACTTATGAACTCGAGAAATCTCAAAAAAACGTACTTTCATACCTATGAAAGTTTTTTTATCGAAAATAATGTTGTCGTATCAACGCCATTTGTTATGAATCGATCGGGTGATATACTCAATAATTATTGTGGAATATGACTCAAACAACAACTTCCTTTGCGTATGTATATGGGGTATTCAAAGACTAATTCATGAACAATTACTATCAATAAAATGTATCACCTAGAATTTCATGATTATACATTTATAGAAACCAATGCTTTGGAATATGCACCATATTTTAGCGATCTAAATAAATTTCTCCAAAAAAAATATAGTAAACTTTGTGAAAAATATGGTGGTATAGAAATCAATATACTCTCGGAAGTACCAAGAGGTGTTTGACTTTGATTTTGATCTGTCTTGGCCTTGTTATTGGCAGTTTTGATGAATAGGTTAGAAGAAAATATAGATCATATTTTATTACAAGAATTAACTCAAAAGAATATTAATGAGCAACTAAGTGATCATTATTCGATTTTCTATAAAATGTTTTTGGATGCATTAGAATGTGATAAACATATTTATTGAATGACATCTTCTTGAAGTAAACTGGCATCATTTTTTTCTTCTTATTATCCTATTGTATCTTTTTCTGAAGATTATGAAAAAAATATTTCACAAACAGATATTAAAAATCAGAGATATTTCTGATTTAAACTTAATGATCTTTATCCAGAACTGAGAGAAATCCCTTACGTCCCAATTGATTATGGAATATTATATTCTGGTAAACCAGTTCTTCTAGAACAAATAGCAGGTGATAACTACAAGAATAATGGTGTTCTTGCACAACAAATTACCAATGAAATGCAACATCTTTTTGGTGACTTTTTGGATCACGTTTCTCCAAAACAAAGACCAAAATTTTATAAAGATCTTATTGAACCTGGATATGATGAATATAATCATACTTATGGAAAAATGATGGGAATTATTAGTTTAAAAATGTTATATTTTATGTCTAAAGTATATCGTAATTGATATGATGAAACAAGTGTTTTTGCACTTCTTGATACATTTAAAAAATTAAGACAAGCTGATTGTGCAACCAGAGATAGTTCACATACTTTTTTAAGATGTATCAAAACAATGTTAGAAAAATTTCAGGGTTCTTCAAAATATATTTCAATAGCACCAAATGATACAACAATTATGTGATGATCACTAATATTTATGTTACCATTGGAATGATTTAGAACATCAATTATGAATGTTGTTGATGCAATTAGCAAAGATTTTTCTTGATCCAAACTTTTGTATGCAAATCGATTAGATGGACTAGCATATGAGTGATGTAAAATAGAACAAGATCTATCTAACAATAAATATTCTGAATTTCTTGATGGAAGAAATTGTATTATAAAACGAACAAATGGGAAAATTATAGTTTGAGACTGTGATAGGCTATTGGAAAATCAAAAGAAATGACTTCTTTTGGATACGTTAAATAATAGAATTTATTTGGAAGGTCAAAAGTTAACTTCTCAAGACCTACATTCTCAGAGTGCAACTATAGAAATTTTGAAAATGTTATTAGAAAATCCTGGTAAGGAAATTAACAATAAAAATTTACCTCTTTCTAGTTATAGTAAAAATAAAAATGATATGCTAGGAAAAATTGTAGGTCCACTTCTTTCTCTCGTAGAAGAAAGAACATGAAAAAAACTACCTCTGATTTGTAAAGGTAGTCTCTATGATTTTACTATAAGATTAAATAATTCTGATATAGAAATGACTATTTTAAATCCACTTTCTGGATAATCCTAAGACATTCCTGGGATACCTCCACCACCAAGCATATTTCCAATATTTGAAGGATCAAATCCAAGTACTTCCTTAGTTTTTTCTGCTGCTATTTCTTGCGCTTTATTTTGTGCTTTTTGAAAACAAGTAGTAATAAGAGCTTCCAATTGTTCTTTTTTTGCAGGATTAAGTAAATTAGTATCATTGATTTTTAAATCTCTGAGTTTCATTTCTCCTGAAATATCTATAACAACAGCATCTCCTTCATTACCTTCTGCATCAGTAAATTTTCCTTCTTTACCTCTAATAACAAGGTTTTTAAGAACATTTTGTAAGGTCTTGTATTTGTCATACATCTTTTTTAGTTCTCCAACTTTTCCAAACATTCGTTTAATTTATAGAGTAAAATTGATAATTATTTGCGAGGTAACTTGTAATGAAATATCCACAAAAATCAAATATATTATACTTTAATTCTTTTAACCATATTAAATCCATCAATCTGTGCTTGCTCATACATATATTCTGTAGAAACACTAGAAATATGTTGATAATAAGGCGTAATAAAATGTACTGAAATATTATTTAAACCAGCTTCAGAAAGCATCGCTTTTACCCAAATTTCATACAAAGATCCAACATGTTGATCAATAACAATAATGAGATTTTCTGTCCTTTGCAAACTTTCCTTTAATGTATCTTTTATGATGAAAAACGGATTGGAACTTACAAAAACATCCATAGCATGTCATTCTTCTTGAAGATATCCAGCACCGTATAATGTATCTACCAAAAGTGATCAAAAACATAAAATAGTTCAGTTACTTCAACTATATCCGTATTGTTGAAAACTTATACAACCAGTTTTACTTGCATCAACAGCAGGAAGTTGATCTTTCCATGATATATGTTCATTGAGTCT
CP006913.1_gap9	376908	378475	1567	CCTATATAAATCATTTTATCTAATTGATCTTTTATAATTCAATAAGCTATTTCACGAGTAAATCAGGTTAGAACTTGTTCTATCTGTAAATTATATCCTGTTCGATCATATTCCCAATATCAAGTAGTTACTATACCACTTCCATAATAAAAAAATTCTGGTTCTTTTGGAAGAATTGTTTTTTTTGTATATAATTCTATATTTTTAATACAACTTTCTTTTGTGATTTGCTTCATTCCATACATCTCACATAGATGAGAATAGACTATAGGAGTAAGCGAATCAATAAAACGAGGCTTGTCCCAAATAAATTTAGGATCAACAAAGACATTATACATAGTAATATTTTCTGTAAGTTGTACTGGTTTTCCAGATTTATCATAAGCAAAAATATTTCATCTTTTGGCTTTAAGAAGGGATTGACTCACATGTTGTTCACTAAGGAGATCTTCGTAGTAACTATGATTAAAAACTTGTAACCAAAATAATCTTATAAAAAGTATAAAAAACAAAAATCCAAAAAAAAGGATCAAATAAAATTCTCTAGTTACCCTAATATGGTTCAACCAAGGAATTTTATCTAATTTTTTTTGAATATATTCATCTATATTTCTGTAACTATGGATATTCTTCATCAAGGTAATTAGGTAATAATTACTATTAGCTATCAGCTATAAGCTATTAGCTGATGACAGTGTATGATTTTGTTTTTGTTTTTCAACGGTGATTTTATATCAAAACTAATATTGTATACTTTTTTCTAGTTTTGACAACGAGAATGCATCTATTGGTAGAGAAAAAAAAGGATTATTTTTATTGTTTTTTTTATAATATAACTTAGTTACGAAGCTACAAATCAATGATTTATATAAAAAAAATAAAAGAGTAAATAAAAATAGGTTCAAAAATGAAAGAATCTATTGAAAACACACACCTGTTCGATAACAATAGGGACGATACAAATCTTTTATTTTATTTTTTACAAAAACACATGAAAATGAAAAAAGTTTTGGGTAAATCTTTATTATTGGTTGCTGTTATGGCTATTGCGATAGCTGTTGGAGGATGAGCTTTTGCTCAGTTTTGAAATGTTGGTGAAGTTTGAGGTATACAGTGATTAGGAACAGATCAAGGACTTTGATGACCAAACTTATTAGACATTGCTAAAAGTTTTATTAACTGGATATTAGGATTATTGTCTCTTATTGCTCTTGGTATGGCTCTTTATGGTGGTTTCCAAATGGTTACTGCTGCAGGAGATGATGGAAAATACAAAGAAGGATTCAAGGTTTTGAAACAAGCTGCTATTGGATTGATAGTTGTTGGATTTTCATGGATAATTGTAAGTTCTATTTTCTGGATTATTGGATGATTCCAAGGTTGAGGAACTCCTACAGCAAGTGGTCAATAATATAATATATATAATCTCTCATCTTCGGATGGGAGATTTTTTTTAAAGAAAAAATGTGTTTTCGAGTTGATTCACCAGGGGAAAAAGGTATAGTTAAATCATAAAAAATAAGGTAAGTAATTAAAGAAAACATTATATAGTAAAATTCTTCTTAAA
CP006913.1_gap10	379506	383381	3875	AAAAAAGCAGAAAAAGAAGGAACAATATTAGATCCTATGTTTGCATATTTTATGGAAAATATGTCCTTTTTGCCACCAATAGATGATGATGAGACCTTTAAAAAGGTATTTCAAATAGGCGATACAACAGGAATCTTTCAGTTTGAATCTGAAGGAATGAGAATGTTTTTGATAAAACTTGAGGCAGATCGTATAGATGATCTTGTAGCGATGAATGCCTTATATCGTCCTGGACCAATGGAATTCATTCCTAATTATATAGCCAGGAAAAAGTGAGAAGAACCAATTAGTTATATGCATCAAGAACTTAGAGCTGAACTTACCAAAAAATATTCACAAGAAGTAGCAGAAGCAGAAAATCAAAAGCTTATTCAGGATCTTGGACCTATTATGGATCTTACCTATGGTATTGCAGTTTATCAAGAACAACTTATGTTCTTAGTACAAGCAATGGCATGATTTTCTCTTTGAGAAGCAGATCTTCTCAGAAGATGAGTTGGTAAAAAGAAAAAGGAAGTAATTGAACAACTCAAAAAAGAATTTGTAAAAAGATGTGAAGAATATAAAGAATACAAAAGAGAAACATCGCAATATATTTATGAAAAAATGATTGAACCTGCAGCTTCGTATTCGTTCAATAAATCACATTCGGTATGTTATGCAATGATTGCTTATCAAACAGCCTATCTCAAAGCTCATTTCCCAGTGGAATTTTATGCAGCATTAATTAGATCAGTAGAAGAAGATACAGATGAATTGAGTAATTATATTAATGAAACCCAAAGCCATGGAATAACAGTACGTTCTCCAAATATCAATACGTCATTTAATCATGTAGCAGCAATAAAAAATGAAGTCAGATTATGATTTTTTTGTATAAAGTGACTCGGATTGGAAATAGGTGAAAGTATCCAAAAAGAAAGACAAACGAATGGAAAATTCTTATCACTAGAAGATGTGCTCAAAAGATGCCAACATGTTATCAATAAAAAATCGTTGGAAGGATTGATTAAATCATGAGCATTAGATGAATTTGGTGATAGAAAAACAATGTTAGAAAATAGTGAAACATTGCTTCAACGATCAAAATCATCTCAACAAATGGGATGATGATTGTTTGGTATGACAGATATCCAAAACAAAATAACGTATAAAACAACATATGAAACTTCTTTTATGGAGAAGCTAATGATGGATCAGGAGGTATTTAAATCATTTGTTTCCTGACATCCATTAGATGGACTGTATTATTATATAAAGAAATTTTCATTTATTTCTCAGTTCAAAGGCAAAGAAAAGATAACAGGAACATTTATTATTGTTGGATATATAAGGAATATTCAAAGAGCCAAGAAAAAAGGTTTTTTTGTGGAAATAGAAGATATTTCAGGAAAAATCGAGATATTTATGAAAGATACCGTTGATTTCAAAAAATTTGATATTATTATTGTTCATATATTCAAAGGAAGATCAGTTAGTATTGAGAAAATAATTAGGACATCCAGAGATCTATTGATACAACAAGCATGATGAAAATATGATCCAGAAATAACGGTAATCAAAGCAAAGATACTCAGAATAGGAAACGACAAAGCAGAGATTAAAAACGAAAAGCTTCCACCTATTGTAGTTTCAAAGCCAGAAAATAAATCGCAAGATGGAATATTTCCTATTCCAGATAATATGGAAAAGATACAACAACTTTCATTGATTATCAAAACACATCCTGGACAACAGAAGCTTATTATTGGTACAAAAGAAATATTTGTAGATGAAATTGGTGCGAAACAAATTGCTGCTTTATATATCTAAGAATATATGGAAAAAGATATCAAACAATTATTAGAGTCTGCTGAAAATATAGCATTATTTTGACACAAAAATCCTGATGGAGATTGTATAGGATCGCTATTAGGATTTGGTAAATTATTGGAAAAAATGGGAAAAAGAGTTTCTTATTTTACACCAACATTACCTAGTCGTATTTATGATTTTTTGCCAGAAATCAAAAAAATTTCATCAGTATTTGATTATAAAAATTATGACCTTCTGGTATTTTTGGATTTTTCAGAAATGACTCGTATAGATTCTTTTTACAATGGAGATACCAAATATTTTGATGAACATCAGGTAATTGTTATAGATCATCATGTATACAAAGACAACAAAAAAAATCGAAAAGTAATCACTGATGATACGGCTATGAGTGCTTGTGAAATTATTTTTGAACATACATATAAGCGATGGCCAGATCTTTATGATGCACAAATAGCTACTTGTTTATACCTTTGATTAACTACAGATTCATGAAATTTTCGTTACGATGAAGATCATAAAAGAATTTTAACCAATGCTTTGCGTTTAGTTGAATTATGAGCAAATAAAAAGAGAATTGTTGATAATGCTTTTCGCAAAAAATCATTTGCAGGAGTGAAAATGATGCAATTAATGTTCAAAAGATTGCAAAAAAAATGAGAACTAATATATACTCGATATACAGATAAAGATCTTAAAAAATTAAATATTGATCGTGAAGAAGCAGATTTTTGACAAATAATTATACAAGATATTGATGAAGCAAAAGTAACAATTATTTTTAGAAATGATGAAGAAAATAAAAAGTGTTGTATGTCACTAAGAAGTAAACACGCAGATGTACAAAAAATTGCAAAATCGTTCGGGTGATGAGGGCATATGCATGCAGCATGATGTACCGTAATAAGAAGCTGATCTTTTCAACAGCAAGTTGATGAAATAAGTACAAAAATAGCAAGTATGATGTAAATTTTTTATCTCAAAAGAGGTATATATGAAGCAACTTAACGTAGGATTTCGTTTATTGAGACCGATTATTCATGGATTGATAATTATTCTTATTTTTTCTTTAACGTATAAAATTCGTTTAGTAACAGATCTTATTCCTGGTATACAACTTCATGTACCATTGATAAATTATCGCGAAACAATGATGTATGCTCGGATAACGAGTTTTATATTTATCGGTTTGGGTATTATAAAAAGTCTTTATGAACTCCATAAACCTATTCAAAAATATTTTCAAACATTTACAAAAGTCTGGTTATATTGGTTGGTAACTATTACTTTTATTGCTTATTTTGGTCAAGGATTTGTATTTTTCTTTGGTATATCGAGATTTATTATTGTAGTTAGTGCTTGATTTGTTTTTTTTGGATTATTTTTCTTTGATCAAATACGAAATTATATAGAATCTAGAATTCACAAAAGAAGTGATCATAAAATTATTATTGTTTGAAGTGATACCTTGGAAAGTTATAAGGCAATTGAACATATTAAAAATGGATTTTCGTTTAAAACAGAATTTATTAGAGTAAAAGATTTACCTGATGTAGAACTGGAAAAATATTTTATGGTGGTTGCTGTAGGAAGTTTTGAAAAAGAATTATTACAACATATTTTTGAGAAAACAAGATTTTCATATACCAGGTTTTATCATATTTCAGAATGATTTTTCTTGGAAGATGTAGTATATTCTCCAGAAGCAATCAATAATATCATAGCATTGGAATATAAAAATTCAACACTTGATTGATGGTCGTTAATATGGAAAAGATTATTTGATATTGTTGGATCATTAGTACTTATTGTTGTTTCATCACCAATTATGATAGCAATCGCAATCGCTATAAAAATAAATTCTACTGGGCCAATATTTTTTTTCCAAAAAAGGGTGGGAAAAGGGAATAAACTTTTCACCTTTATTAAATTTCGTAGTATGTTTACTCACTTGAGTACATGAGGAAAATATGGATGAGCTGAAGCAGAAAAACTTTATGCACAGCTTATTGCTTCAGATGCAAATGTAAGAGGACATATCCTTCCTAAAATAAAAGACG
CP006913.1_gap11	386203	389328	3125	ATAAATTCACCTATAAGAGAAAATCATTTTTTGAGGAGCTCTTTTTTAAACGGTTCCTGCATTTTTGCATAACAAAGAGTTGCTGTAGAAAAGAGAAATGCTTTTTTTCCCTTTTGGAGAGGAATCTTTTCCAAAAATTCAAATAAGCTTCTATGATGTTTTCCATTATATATGCCAGATCAAAAACCAATAACATCATATTTTCAAATGTTTTTAATATCAAATTTAGAAGGATCTACAATATCAGCATCCAGTTCTTTTGCAATAACTTTGGCTACTTTCAAGGTGTTTCCATGATGAATAGATTTACAGATAATAAGTGTTTTTTTTGCCCCCATAAGAAATTAGGTTAGGAAATAAAACATTATCCTTTTAGAAATTCCCAAATTATTTTTTCCACTTCATTATATTTTTCTTCCAAGAGTTTTCTTTCTTCAGGTTTAAAACTGCTCAATACTCGATCAGCGACAAAAGCATTATCAAGAGGTCTATCTACACCAATTCTAATTCTAGCAAAATCAGGAGTGCCAAGTCTAGCAATCAAACTTTTTAATCAATTGTGACCTGCAGGACTTCCACCAAACTTAAAAGCAATTCTTCCCGTGATAAAATCAATTTCATCATGTAAAATCAGAATATTTTTTGATTCAATTTTATAAAAATGAGCTAGGGGAGCGACAGCATCTCAACTACGATTCATAAATGTTTGTGGTTTGCAAAAAACAACTTTATCATCATTGATAGTTGTCACAAATATTTTTGCATTATATTTTTTATCAAAAGAAAAATTTCCGAGTTTCTCTGCTTCAATAAATGTATCAAGCATGAGAAATCAGATATTGTGCCTTGTTTTTTCGTATTCTTTTCATGGATTACCTAATCACACGATTAACTTCATGAAAATGAGGAGTAACTAATTTAAACTAATCTCTAATTTCTTGCATTTCCCAGAATTCGAGAATATCTCAAATTTCTATTTTTTTACCAGTTAGTACCTTAACTCCACATTCTTCACCTTCGTTCATTTCTTTTACTTGATCCTTATTTTTGTGAAGTGATACGATATCTCCATTACCCAAAATTTCATCACCTCTAAGTATTCTGAATTTCAATTTATTTTTGGCTTTTCCTTCGATGATCTTTCCTCAGATCGTCATATCTTTGAATTTACTATAGAATATTCCAAGTACTTGAAGTTTACCAACAACAACTTCATGTTTCTCGTATTCGATCATTCCTTGAAGAAGTTTGTCGAGATAATCAGTAAGTTCATAGATAATATCAAAGCTCTTCATTTCTATTTTGAGATTTTCAGCTTTCTTTTTGAGAATAGCATTGAGTGAAATATTAAATCAAAGCAATAACGCTCCAGATGCCTGTGCCAAAGAAATATCAGAATCATTGAAATGTCCAACATCCGTATGGACAATCTTGATATTTACATTTTTTGGCAATTGAAGACCAGCAACAGCTTGTTTCAATGCTTCAATACTACTACTTCCATCTGATTTCAAAATTAATCTAAGTTCTGCAGCAACTCATCAACCAGATTTCAATCCTGTTATAAATTGTTGAATAGCAGATTCTGGACTAGATTTTTTCTCGTGTTCTACAACAGCGGCAATTCTTTGTTGAGCTTCTTTTTCATTTGCAACAACTTCCACAATACGCCCTGGTTCTGGTAAATTTGTAATTCAAAGTATTTGTATGGGTTGTCCACCAATAGCTTTGAGAATATTTTTTCATTTCCAATCTTGCATTCTTCTCACTTTTCCATACGTATCATACGCTACGATAATATCACCAACTTTCAAGGTACCTGTCATCACAATAATTGTAGAAACCACTCCTTGTTTAGGATCTTTATGAGCATCCAAAACTACTCCAGCAGCAGCTCTATCAGGATTAAATTTGAGATCAAGCATTTCTGTTTGCAACAAAATATTTTCCAAAAGCTCTGGAATTCCTTGTCATGTTTTGGAAGAAATACCAATTACTGGTACATCTCCACCTCGATCTTCAGGGATAACTTCATATTTTGCAAGATCTTGTTTAATTTGTTCTATATTTTTTCCAGGTTTATCTATTTTGGTAATAGCGACAATAATAGGTACTCCAGCAGCTTTTGCATGTCCAATAGATTCTACTGTTTGCGGCATAACACTATCGTCTGCTGCAACTACGATAACTGCAATATTTGTCAATTTAGCACCTCTTGCTCTCAAACTCGTAAATAATTCGTGTCCTGGTGTATCAATAAAACAGATTTTTTTACCATCATGTTCTACTACTGATGCTCCGATTCCCTGCGTAATACCTCCAGCTTCTCATTCTGCAACAATAGTTTTTCTTAGATAATCCAAAAGAGAGGTCTTTCCATGATCTACATGTCCCATAACGGTTACGATAGGCGGTCTAGATTCCTTATGTTCAGCATCTTTATCAAGTGCCAAGATTGATTGTAAATCTCCACTCAAAAAAGATTCTAGATTTAATTGAACTTCTTTTTTCTTGACGATAATTCCCAATTCCTCTGCAATCAATGATGCAGTATCGAAATCCAACGAAGCCGTGATAGATGTCATAATTTTGTTTTCCATCAATTTTTTCATTACTTGAGGCAGTGGGATTCCCATTTTTTCTGAAAATTCTTTTACGGTGATTTTATCTTCCATCACAATTTCTATTTTCTTTACCAGATTTGCCGACGTTGTTGCTATTTTTTCTACTTTTTTTGCTGGAGTAGGCGAAGAAGCTCTTTGAGCTGGTTGTTGTGGTGCTCATCTTCTTTGTCATTGATTTTGATAAGGATGTTTACCTTGATATGGTTGTCCGCTTCCTTGTCTTTGAGGAGCTGATCAAGCTACAACAGGTTTTTTTTGTACTTCATATCTTTTTACTCCATCAAAAAATGCAAGATCAGGTTCTTTGCGAACAGCAGGTTTTTCTTCTACTTTTGGTACCTCTGGAACAATTTTTTTCTCTTTGCGAGGAGCATTGGGATCTATTCTTCCAGAAAAAACTCAAGAAATAAAATCATCTCTTTTTTTAATTATTTTGGGTTCTTCCTTAATTACTTCTTTGGCTTTGATAGGTTTGATGATTAATGTATCATCTTCATCAAT
CP006913.1_gap12	513800	514945	1145	TATTGCTCTTTTTCTACAAATTGTTTAAAACTATCTGGTTTTTGATTATCGGATTCCAAAATAGATTTCCAAGAGATTGAAGATTGTTTTTCTGGCGATAATTTAGCAGCAGTTATTGAATTAGTCTCTTTTATAGCTGTTTCCAATACATTATCTATATCCGATTTTCATTTAACATCTATTGGTGCAGTATTTATTTGAGATTGTACATTATTCAAAGACTTTGTAATAAAAGATACTAATTCTGCATCAGGAGTATTTTTTAAGTCTATTTTGAATTTATTAATTCATTTTTGCATCGATGTTTGTGCTAAGGGATGCATTTTTGAAATTTGATTTTCAATCTTAGAAATGGTTTCTTCTGCATCATTTCTAATTTTTGTATAATTTATTTTATTCTCTACAGTCTGATTTACTCACTGCAACTGAGCAATATTAGAAATTATTGATTGATCTATGTTTTTTTGAGATGTTTGTTCTGTATATTTTTTATCTTCCAAAGAATATTTATCAAAAGATATTTTAACTTCATTGTTTATTTTTTTAAAAAAATCTTTCATTGATTTTTCTCAATTAATATTTTGTGCAAAATCATTTATATAACTGATATATTGAGGATATTTTTGTTTAAATGATTCTAGATTTGTAGATTGATAAAAATTGGTCAACCCAGAATTAGATCAACTTTTTCATTTATCCAAAAAATCCATATATAAAGTGCCAAGTTCCTCAGCAAAAGAAGAAATCTGTTCATACTCTTTGCTAGATTCTTCTAGTTTTTGTTTGTCTGTAATTTTTCAATCAAATAATTGATATATCAAATCTTTATAAACACTATCATCTCTATTAATATGATCATTTTCCTTATCCATTTTCCATAATGTAAGCAAAAAATTTGCTAATAATTTTTTTTCTTCTGGCGTGCAAGCAGAAAGTGTTGTTATATTAGCCTTTATATCAGATAAGACAAAATCAAAAACACGCTGATTTTTTTCCAAAGAAACAAGAGAATTCAAAGATTCCTTATAATCAGAAATTTGTTGAGGATTCATTTTTATTTCTGGTATTTTATCTTCAAAATGTTGTTTGTTTTCTACGTTTGTCATAATAAATTTTTAAGAATTAAATATCTGCCAATAATTTAT
CP006913.1_gap13	580208	582737	2529	ATCAAATAGGTACATCATACATCAACATAAATACTACCGCATCTCTATCATATTTCTCTATCATTTCAACTGGATCAATCACATTTCCAAGTGATTTACTCATCTTTTGACCATCAACCGTGAAGTATCAAGTCACGTATTCATGATTTGGTAGAGCCATTTCTGCACTCATCAACATTGCAGGCCAAAAAATTGCATGAAATCTCACTATATCCTTTCCCAAAATATGTACTTTTTCTGTCGTTTCATCTCGGAAACCCTCTTGTTGAGAAACTGTAACATAATTAAATAATGCATCATACCAAACATAAGTAACCTGACTAGGATCAAATGGAAGTGGAATACCAAAGGTATTGGTTTCTCTAGAAACAGAGAAATCTTCCAATCCTCCTTCTACAAAAGATTTTACCTCATTAAATCTATAACCTGGTTCTACAAAATTTGGATATTCTTTATAAAAATCTTTGATGGCTTGTTCATATTTTTTGAGTTTAAAAAATCGATTTTTTTCAGTAAGAACATCAGGTGTTTTTAAATGATCAGGACAAATAAGATCCCCTTTTTCATTTTTAACTAAATCTGATTCTTTTTTAAAACTTTCACATCCAACACAATAATATCATTTATACAATCATTCGTAAATATCTCATGCATCATATGCTTTTTGAAGTACCTTCTGTACAAGTTCTTTATGATGAGGCGCTGTTGTTCTGATAAAATCAGTATAAGTAATAGAAAGAGATTGCCATACTTCTTCTCGTTTTTTTGCCATAGCATCTAGATATTCCATTACTGGTGTTCCTTCTTCTTGTGCTTTTTGTAATATTTTTTGACTATTTTCATCATTTCCTGTAGAAAATTTTACTTCATATCATAAAAGTCTCTTATATCTTGCATATACATCTGCAATGAAACTACTATTAGCATGTCCTATATGTGGATATCCATTAGGATAATAAATCGGTGTAGTTACTAGAAATTTCTTTGCCATCCAATATCATAAAAAAATAAATGCTGATCTTTTAATATAGTTTCTACTTATTTTTTCAAGTCAACCTCACATTTCTTACACTCGAATTGAAAACAGAAGAGATATTACTATAGTACCAAAGAGAAAAACGATAAAACAAAATTATTAACTTTTAAAATCTACTGAATTCAAGCAATTATGTTAGATATTATAGCAATTTCATATAAAAACATATGACCATTCAAAGGAGATCCAATTTCTTTGTTTTTTCTACAAGGAAAATATCTCATCAAAGCACCTATAGGAACTGGTAAAAGTTTTCTATTTTTTGATTGACCAATTTATTGATTATACAAATACAATACAAGAAATCTTTTAAACAACACTTCTTCAGAAGGACAAATCAAAATATTGTTTACATTCGAAAATGAAACTCGACTAATTATTAGACATATTACCAAAGCAAAAATCAAAGAATCATGCACATCAACCCTCTATAAAGTACAAAATTATGAAATAATACCAGAAGAAATAATCAAAAAAAATGAAGATATAGAAGTCTATATCAAAAAATCTGGCGCTATTTTGGAAAAAATAGAATTTAAGAACGAAACAGATCTTCAACAAACATTTCTTTCTTTTTTGCCTCCCAAAGAAGTTTTTGTAAATACCGTATTTTTGATGCAAGATTCAGACAATATTTTTGAATTACTACCAAGTGAAAGGCTTACTGTGCTCAAAAATGTATTCTGACTCCTAGGAATCGATGAAGCCAAAGAAATAATCGCAGAAAAGAAAAAAGAAATCAGTTATAAACTCAAAAATTATTCAGATACCAGCAAATATGATGAAAAAACACAGTTTCTTATCAAGAAACTTTTCCAAAACCATCAACAATTACAAAAAGAACCAATAGAAGAAATCAAAGAATTGATTGATAAAAAGAATAAAAGTTTACAGGAATTAGAGCTTATTCAAGAAAAAGTTACTATACAAGATTTGGACATAAGTAATTTTTGAGCAGATATAAACCTAGAAATAGATATAATAATTCAAAAAGAAAAAGACAAGCATAAAAAAATTCATAATCAGCTAGAGAATATCCAAGAATCAATTAAAACAGTAAAACAAAAGCTAGACACTAAGAGACAAAATTTATTTTCTATTCAGAAAAACAGTCAAGAAGCTGAAGAAAATATCAAAAGCATTGAAAATAATAATTTTGAAATTATAAAAAAACAAGTAGAAGAGGATCAAGAACTATTACATCAAAAAGACAGTAACCTCCCCTATCAACATATCTCTCTATTTTTAGATAACTGTAGACTAAATACAGAACTAGAAGATTTTAGTAAACTCAAAGAAATTCAAGGGATAGAAAGCGTATATAGCATTATCAAACAACTTATAGAAAAAGGGAAATCTCTTCAAGAAAAAATCAAAAATAATCAGCTTCTTATACAAAATAAACAATTAGAGCAAAAATCAGAACAAGAAAGATATATTCAATGAGAAAAAACATTATTAGATCAACAAGGAGAATTAGAAAAACAACTTTT
CP006913.1_gap14	602775	605467	2692	TCAATGGGACCAACACGGAATCTACGATAAAAGCCTTATTCGAGTGGCAGAAAGCAAACAACGTACTTACCGATGCCACAGACCCAGCTGCCTGATACCTTGGTCCCAAAACCAGAGATGCTATCAATCCTGTTCTCAAAATACTTTTAAACCAATAAACAAAAGATGAAAACAATCAAAAAACTCATTATTCCTTTTCTCCTCCTAGCAATATTGATAACAGGATTAATCATTTATACAAAGAATCTGAATCCAAAACAACCAGAAATCTGTATCAATAATCTTTGTTTTTCTATCGAAATAGCAGATACTCCAGAAGAAAGACAATTAGGCTTGATGTACCGTAAACAGTTACCAGAATTAGCTGGTATGCTCTTTGTTTTTCAACAATCAGGACAATATAATTTTTGGATGAAAAATACCTTAATTCCCCTAGACATGATCTGGATAAATCAAGACCAAAAAATCATAGATATCCAGCAAGCAACGCCTTGTACCGCAGATCCCTGTCCTACCTATAATCCACAATGAACATCTTCCTATGTCTTAGAACTCAACAGCTGAATAAGTGAGAAATATGGGATTAAAATTGGAGATATCGTAGAAATCAATCAATAAAAAAAAGCGCTTCAGTATTACGAAGCGCTTTTAAAAATCATTTCATTTTAATATTGAAAATGAGTTCCTTATCAAGAATAGGTTTAAACTCCTCTCCTGCCTCGAACATATCTTCATCGCCATTACGACAATACCAATTAACTGTCGAATTTTCTGGTAATAATTCCAAAATTTCAAGTATCATCTTCGATGACGAAGAATTGAAATAAACAAACTCGAAATGAAAAGTAACAGTCTGATTTGGAATAGTTTCAAAATACTCTTTCAAACGACTAATTATAGGCTGATAAAATGCCTTTGCGTCTTCAGGCATAGAATGCCCTCCCATATTAAAAACTTTTGCTAAGAAATCAAATCTAACCCAAGGAGTATCCGGCCTATTACCAGAAGTATCTGATTTCTCTTCAATAATAAATAAGGTATCTGTCTCCATAACAAATATATTTTTAGGTTTTTAGTTTCCTTTTTGTTTTATACCACTACCATAATCTTTTCCTTGGAAAAGTCAATTATTGATTTTTTTTAAAAAAACCACTCATAATTAATGAGGGTTTAAACAGATAGTTAAACTAATTCAATAAAATTAAATTTTATTTTGTTTTTAGTCATTTCAGAATAATCAACACCTGCGTCCAACATATCATTATCATCCTCATAATAATACCAATTAATCTGACTATTTTCTTTCGGTAATAAATCAAATATTTCCAATAATTCTTTAGCAGAAGCCGTATTAAAATAGTCTAGTTTCATTTCAAATACTGTATTTTTTGCGGGATTTTCTAAATAGTTTTTCAGATCTTCAAGTATCGGATCATAAAATTTTTTTGGATCTTCAGGTAATGATCTACCTTTTATAACGAAGACACCCGTTTGAAAGTTAAAATCAATTAATGGCGTCCTTTCGCCTTCTTCTATTCTTATTTTTTCCATAATTTTAAAATTTTTTAGTTTTTTTATTTTAAATTTTATATTTTAGTTTTGTATTTTATATTTTTACTGACTATATACTTTAGCAAGAAAAAGTCAACCATACCTCAAACCTCGTTTTTATTTGACAATTAACTTCAAATACGTATAATAATAACGTAAAAGTTTATTTTCTAAACTTTTCTCATGAAAAACAAACTCAAATCAGCTATATACAAAGCAGGAATAGGAGCAAGCGTGCTTGCGGGTTTTTTGTTAACAAGTAAAGATGCTTTGGCTCAAAATATAGCAAGTAATCAGAAGAATAAACCTCAAATAGCGAATTCCAATATAAATACACTCAAAGTAGATCCTTTCGATCGAGTAAAATGATATGTAAACACTTCAGATCCTGTGGAAGTTGCTCACTATGACCTTCTTCTCAAAACCGAAAAGACACAAAAAGAATCACATATTTTAGGACTAAAAGTCGCTCTTCTCGCGCTTTACAACGATACAACAATTCCTCCACAAGATAAAAAAGCATTAGCTTTAATTATTTTTGAACAATGAGTAAATTTATCTCCAGGAACAAAAAACAGAGAATTTTACGCAGAAAAATATATGCAAAGGTTAGAAAATGATCAAAACTTTTTTGATCTTTGTGTGAAATTTGGAGAAATGCAGTGAAATCTAATGGCTGAAATAGCTAATTCAGAATCAATTAAAATATATAAAGAATGAGAACAAATAAGAAAAGAATGAGAACAAATAAGAAAAGAATGAGAACAAATAAGAAAAGAAATCGCTCTCCTTGAACAAATTTTAGATGCATTTCAAAAAGCCAACAAATAATATCATTTTTTTGACAAAACAACATAAAAAAGATATAATTTGTATGAATTATATCTTTTTTTATACTTATGCCTCCAGAAACAGAAAAACCAATACTACCTCCAGTCGATTCTCAAGAAAAAGTTAGAGAATGACAACAAAATAAAGAAGAAAAAACTTCTGATATTTTTGCCGTACAAAAAGAAAGTATTCTCAAAAATCCAGAATTTCAAGGATTAGAAAAAGAAACAGAAAACACAATAAACAAAATACTTACTGATTACCAAAATACAAACAGCACCGAAGAAGAAAAAACAAAAAACCAAGAAAT
CP006913.1_gap15	641587	645186	3599	AACGTGTTGAAATACAGACATTACTTATAGTGGTATCGTTACTCAATGAACGAAGGGAATATGTTCTATAGTCGGAGATAATATCACCTATACACCAAATACCAATCAAATTGGTATAGATTCTTGTACTATCCAAGTCAAAGATAACGAAAATTCTACAGTAAATATAATAGTTTGACGAGAAGGAATAGATACGGATGGTCCAACAGCAGCACCATCATGTACACTTAGCCAATATTTTTCATGAACTATAGCAGTTACTTGTACCGTATGAGCTGGTGGTACACAAATCAGATATTCAACTAATTGAGTAGATCCTAGTTCTACTGGTACTATTTGGTCTAATCAATCATTTTCTTCTAATACAACTCTCAAAGCAATATCTTGTGATGCATTAAACAATTGTTATCTTAATACTGTTGAAACAGAAATTTATACTCTAGACAATCTTGCACCTATTTCTTCTATATCTGACACAAATAGCAACTGGAGAAATACAGATCTCACATTTACAACAACAGGTACCGATGCTTGAGTAAAATGAGTATCACTTTTTTATAAAATACTTTCTGGAGATCTAACGTGTAGCGCATGATGATTTACAAGTTATACCTACCCTACTGCTATATCAGTTACAGGAACAACATCACAAGCATTGTTAAGAACAGTTTGTTTTTATAGTACAGACTCATTGGGAAATACAGAAACTATAAATAAACAATTATATAAAATAGATATGTCTAATCCTGCAATAACTGCTCCTGTAATATATTGAGGAACATATTTTGGTACATATTTTAAATGAGCAATCGATTTGAGATCATCTATATCAGATATCTGAGCAGGAATATTAGCTTCAAGTTGTATGAGAAGTATCAATGCTGCTGCTTTTACAAATGTATGAGTAACTCAGGACGCTTCTTATTGTATATATAACACGTACAATCCTGCAGCAAGTTTCAATATCAAGTTATTGGTAAAAGATCAAGCAAACAATACAGGAACAAGCTTACAAAGTGATTTCATCTATGATACTACAGCACCTACTATATGATTACCAGCTATCTATGCAGGCACAACACATACAACGTATTATAAAGGTACTATTAGTATCCAATCTACAGCAACTGATGCTTGATCAAACATTAACAGCAGCACATGTGAATACTCAATTAATAATGGAACATCATGGTTAGCTGGAACATATGCTTGATGATATTGTCAGATAGCAAATATTAGTCCAGCAACAAATCTCCAAATACTTATGAGAGCAAGAGATAATCTAGGGACAACAGGAACATCTTCTCTCAAAACATATACCTATGATGCCACTGCTCCTATAACTACTAATAATGCAACAAGTTCTCGAACAAATACAGATCAAACAATAACATTAAGTCCTACTGATGCTTGAGCTGGTGTAGCTAACACCTATTATTGTATCACTACTTCTTGATGAAATTGTACATCTAATATACTATGAACTTCTATACTAGTTACTGGTAATGTAAATGAAATAACAAGCAAACAGATAAAATACTACTCTACGGACAATCTCAATACTGACGAAACAATCAAAACTTCTGTAGTTATCAATATAGATAAACAATGACCAAATATAGAACTTTTATCACCAACAAGCTGAAGTTCTTTTGAAGAATGAGACACAATACCATTAATATGGTCAGGAAACGATGAAACAGGAATATGAATATCAGGATATAAATATGAAATATATAATTCAATCAGTTCTTTAGTAGCAAGCGGAACAACCACAAATACATGAATAACACTTTCTTGATTTACTGAAAATTCTTATACACGAAAAATTATTGCATATGATCTATTAAACAATACATCAGAATCAGAAACTTGATCTTTTATTATAGAATCATCAATTTTTGTAACCATTCCAAATACAACAGACACGGGAATAATTATTGATGCATTTACCAATAAAGAGTATATAGAAACTATAGACTGACTTTTTTGATATAAACCATTAAATTTTAGAAATACCAATACGGTATGTCCACAAATACCTATATTTTTTCAATCAACTTGAGATATAGAATGAAATAATATAAATATAGAATTTCCATGATGTTTTTCTGTAAAAACTATAGCATGAGATTTCTCATGAATCATTGAAACACCAACAATAGAAACAGAAATAACAGCATTTAGTTTAATAAATAATACCAAAGATAATATCGTTTCCGTAGGAACATCGTGAGAACAAATATTTTTTGTAGATAACACAGAAGATCCTCTAAATGTAAAAGTTCGTATACCAACTCCATCAAAAGAAATATGAACAACTATGGAAATACATTCATCACAAGATGGACAACAACGAGAATATTTTGGAACAGGAATTGTTTCTTTACGAAGCGGAGAAAAATACACCATATTTGAAACAAATCATTTCACCTATTTCACTATAGGTACTACAACATGAAATTTTGTAATTAACAATGACGAAACAAGTACTCTATCAAGAAATGTAACATTACAAATGAACGTAAGTTGAGCTACTCACATGAAATTTTGACATTCTACAGGAGAAGCAGAATCAGCTTCTTGGATAGGATATAGTTGAACATATCAACGAGAACTTACAGAGTTAGCATGAACAAAAACAGTATATGCAATGTTTACTGATGGAATAGATACATGATATGTAAGTGACGATATCTTATTAGATACTACACCACCTACAGGTATATTCAGTATAAATTCTGGAGATATTTTCACAAATTCTACAGGAGTTACACTCGTCAGTACAAATATATCATGAGCAAATTTTATGAGATTTGCTAATTATTGATATAGCTTTGATGATTGGTGGAATTTTGCTAACTATACATGATGGTATATTACTCCTTGAGATAATATAAAAACAATCAGTTGAGAATTTAAAAATAATGCAGGAGATCTCTTTTCTATATCTGATTCTATTATATTAGATACACAAGCTCCTGAAAGTTCTCTTTTTTCATGGGCTAAAAAAGCTGGTAATAGTAGTTATGAATATTGAAAATGAATAGCCACAGATAGTGGTGGTAATTCTTATATAGTCTGACTTTTCGACCGACAAGCATCTTTTTGATCTATTAATTTAGTTAGTTTTTGAAGTGCAGATGCTTTTATTGCCAAAATATCTTCTACAGGACAGTTTCTTCGAGCTAAAAATGCTGGTGGTACCAGTTCTGATAATTGATATTGAGTATCAATAGATAGTAGTGGTAATTCTTACATTGTCTGAAATTTTCAATGAACTTGATATTTTTGATCTATTCAATTAGTTAGTAGTTGATCTAATTCTAATGTTTTTGTTGCCAAAGTATCTTCTACAGGACAATATATTCGAGCTCAAAATGCAGAGGGTTCTTTTTATTGATATTGAATATCCACAGATAGTGGTGGTAATTCTTATATCATCTGAAATTTTGAATGAACGTGATATTTCTGATCTATTCAGTTAGTGAGTACTTGATATAATGATATATTTGTTGCTAAAATATCCTCTACGGGACAATGGTTATGGGCTCAAAGTGCTGGTGGAAATGATAATGATTCTTGACAATGAATAGCCA
CP006913.1_gap16	646424	650584	4160	ATCATTGAATATTATTTTGGTAGTGGTAGTAAATTCACAGAAAATTGGCAATCAAATAATTGTAATACAGGAGACATAAGTATTGTATACGTATATAATTATTCTGGATATGGATATTTTCCATATACTAATTTGTGATCAAATAAAATATATATTCTCCAAGAAGGCGCTCATATTGCAAACAATCAAATCACATTCAATGGTAATTGTATCGCATTAGTTTGAGAAAATCCTTATCAAGGAGAACAAAAAACAACACTATATACAAATAGCCAATTAACAAATGCTATTTACGCCTATCAAAAAAACAATATTATTATCGACAATATTCAATTAGATGGAGCAAAAAATGGTTTATGAGGGACACATACAGCCAATAATAATTGAATCAATCGAAATCAAACAACATCAACTACAATAAACAACTTTTCAGTATTTTCATTCTGAACGTATGGAATATATTACAATTGAAATAATTATTGAGCAATAAATACAATTAATATTTACAAAAATTGATACGGAATATATTTAAATTCATCTACTAATAATCAAATAGAAAATATACAAGTATTTAACAATACTTTTGGTATGCGATTAAATTATTCAAATATAAATACTTATAATAATAGTAAAATTTTTAATAATACAAGTTATTGAATTTATTTATGAGCGAGTTCATATAATATATTTAATAATAGTATTTTCCAAAACAATAATGTTTGATTATCTGCAAATGAATGATGAACTACATATCTTTTTAATTCTAATATTAGCCAAAACACAACAAAAGGAATTGAAATAAACAATGCTTATGTAATAACAATGGATACAAGCATAATTTGAAATCAAGACAAAGATATATTTAAAGATGCTAGAGGCTGAATATTAAAATATTATGGATATCTAAAAACAAACACTATCGAGAATAATACATTAATAATTTGAGGGAATGATCTATCATGAATAGGTATATCTTCAGGACATATTATTTATGATGATAGTAACTCTTATAACGACAAAATTAACATAAAAAATCAATCATGAATATATTTATATAATTGGTTAAATCCCGTTTATTGACGTAATACTAATCGAGAATTTTTATCTTGAACGCTTTCTTTTGGAAAAAATATACCAACAAAAGAACAACCAATAAAACGGTCAGGAACAAATTTAGTAAGATATACCTCTCAATTTACTGATACGACAACAAACGAATTTATTTCTTCAAAAGTCAAAAAAACAGAAATAACATCTTCTATAGACAAACAAATAACAACTTGAGATAATCAAAGGATATTTACTATTAGTTGAGATAACATTTTTTATACAATTACATGAAATATTTCTCAAGAAACATGATGATATATTTCAACAACTCAAAATATTCCATTAGTACTCTTTTGATGAGAAGAGAAAAAAAGAATAATAACACAGACTGAAAAGAATTGAACAAATTGAATGACTCATTATGAAACTATTTCAATTGTTGATATAACACCACCAACAACACCACAAAATGTATTTATAAAAAATATAACAGCAACAACTGGTATTGTAATAGAGCGAAGCCCTAGTATAGATAGTTGAGCAGGAATAAGCTGATATTTATATCAAATAAGTACTGCTTCAGACTTTTCTACAATACAACAATACGGAACAACACAACAAACAACAATAACAGTAGAATGACTACAAGAAACAACCCAATATTATGTGAGAGTAAAAGCAATAGATAAAGTAAATTATGAATCAGATTGGAATGATAGCCTTTCTTTTATAATAAGCGAAGAAATTGAAAATTTAGTGACAGATTTCTACTTCGGATCTGGCAATGTATTTACAACAACATGGAATTCTCAATGTGATCCAGAACAAATACAAGTAATAAAAGTTCCTAATTATCAAAATTTGGGAAATAATATATTTCCTTATACTACATTAAATACAAATACTATATATTTATTAGAAGAAGGTATTCATATATTAGGAAATAGTATAACATTTAACGGAGAATGTAGCGCACTTGTAGGAAAAGGAACAAAAGATAATATATTAGGAAAAGTTGAACTATACAGTAATGCTACATTAGCAAATATGATAGTGATAAATTGAAACAAAAGAATTATAGATAATATAATAATTGATTGAATAAACAATGGCGTATGATGAACCCATAGTTACAACAGCTACTGAATAATATGATCTTCTGTTACAAACAATAGTATATTCAATATTTCATTAAAAAACATCTATTCAGCAAACCTTCAATTAGTCAACAGTACAAACAACAAAATAAAAAACGTAAATATTTCTAATATTTGAAATAGTGTTTATGGAATACAAGCAAATAATGCTGATGGAAATATTCTTGAACACATTAATGTATACAATAATACATATAATTGAATCGTTTTAGAGAATTGATCAAACAACAATATACTAAATAATGTAAATATTTTTAATAATAATAATGTTGTTTCAAATTGATTATATTGAATAGTAATAACAACAAGTTCTTCTTATAACGCAATAAATAATTGTCAGATATATAACAATGGAAATTTCGGTATACGATTATGAAGTGACTATAATACAGTAAACAATTGTGTGATAAACAACAATGAACAATATGGTATTGTAGTGACAAGTAATTATAACATATTAAGTGATATTATTTCATTAAACAATGTGGGAGCTGATATTTTTACAAATAACTCAACTACAAAGATTTACAATACTATTGAAGCACAAAAAACTGATACAAAAAATTTCTTAATATGAGGTGATGAACTTGCTAATATATTATTATTCACAGGAAAAATAGATATAAAAACAAATAAAAATATTTCTTGGAATAAAATGATAAATGTCATAAATTTAGATAGTAACAGATATTTATCTCCCCGAATAAATATATTTCGTTGACGCAATAGCACACGAACAACGACAGGAAACAATATTGAGTTTTCTTTAGGGCAAGATATATTATTACAAAAACCTGTAGTATATTATTCATGAACAACATTACAAATACACACTTGATCAGAAATAGTAGAATGGGAATCAACTAAATTTGTAGGTACAAAAGTCACAAAAACTAATGTTAATATAAATATAGATGAAATATTTTCATCAACAGCAGATAATGACAGGACAATAACTATTCAATATCCATGAGTAATAAATTATTTTATCACTGGAGACATTACTCAAGCATATAATTGAACCTTCAGCAATGAAACGGGTATTAATATAACACTTTCATGAAATACAGAATGAATAAGAAATATTATCATACAAACACGAATAACATCATGAGAAAAAAATCATACCCACATAAAAACATATATAGATGAAACAGTTCCTACAAAACCAACAACATGAAATATTTCCCGAATATCATCAGACAATGATAATATAGAATTCTTTTGGAATAAAGGATATGATAGTGGAAGTGAAATATCTGGGTATTATTATGAAATAGCTTCAGAAAATTCTTTTTCTCTATTACTTAAAACCGGATTTACTGAATATAATACAATTCAAATACTATGAGTTTCTTGACAAACAGAATTATTTGCAAGAATAAAAACTATAGATACAACAAACAAAGAATCTGATTGGTTAATAATATGAGGAAATATTAATTCTATCAAAGATCAAAATAAAACTATTATTTCAAAATACCTATCTCCTCAAAATTATTATACAAAAAATCGAAATAGTTTTTGATGTACAAATACAGGACAAACAAAAATATTTATACTACAACCGGAAGTAAACAAGGATTTTTTCTTTGGACATGTAAATGAAAATAGTATATATTTACTAAAGGAATGAGTTTATAATATCAATGATAGTATTTCTTTCGAAGAATGATGTACTGTATTAGCAAAAGAAGAAACTTCAAATAAAGTAAAAATACTTAGTGCAAGAAGGTTACCAAGTCTTATTTCATTAATAATAACGAATAACAATATCATTGAAAATATAATACTAAATGGTGAAATGGATAAAAGTTCAACGATTCATGCAAGAAACAATGCAAACATTTACACTATAGGAGCTAACAATAACTCATTATACGGATTAGAGATGTTATGATGAACAAATGGTATTTATCTTTATTCAACATCTAGTTACAATTCTTTAGAAAA
CP006913.1_gap17	657995	660752	2757	ATAATATTTCTTAAGAGTATTTAAAACCAATAATTAAGTTCAAAGTAGTAGATAGTAACGTTACCAAATTAACTAAATCTCTTGCTTTTTCAATCGAATTCTATGTATACTAGATTATATTATACCTATTATAAACATTATCTATGAATAAATTCAAAGAATTCTTATTGCGCCATCCTACTCGTTCAAAATACCTATTGCTAATAATAGACATTTTTTTCGTACTCGTTGCTACCAAAATGTTTGTTAATTATAATAACATTAAAATGGCTATCGATGAAACAGCACTACAATCAGAAAATAAAAAGTTAGAACTTGCTTTTACAGAAAATTTCCAACTTCCTTATGAAAAATCTGAATATGCGGAATTTTTTCTAAAACACGAAAACAATATATTGCTTCCCAAAGAATTTATTGTTAAATTTCAAATGATAACCCCAGACACTACCACAGGCAATAATCAAAAGACAGAAGATAGAACGCGTTTTATTGATTCTCCTCAAGAATGACGAAAACAATTCTTTTACGAACAACTCTTCCTCAAAAAGGAATAAGAAAACATTGAAAGAATGACTAAAATATATACCTTTAGACAAGCTTTTTATTTTAACACAAAAAAAAATGAGAAAAATCACAATAATTATGGTTTGTATAAGTATGTTATGATTGTTATGATGTAGTAAAACACCAAGAATAGAAAACGGAGATCTTGTAACAATTTCTTATTCTGGTACATTAAAAGATGGTGAAATTTTTGAAAGTGGAACAAAAACAATCACTATAGGTTCTTGAGATATTATAAAAGGTATTGAACAAGCATTAATAAACAAAAAATCTGACCAAAGATTTAATATAAAAATCACCCCAGAAGAAGGATATGGAGATGAATATTCTATATATAACCAACAACGTGTTTCATCATTTATTTTTGAAAAATTATGACTTTCTACAGAAACAGGAACAACTGTTACATTAGATAAAATCACGTGAGAAATAAGTAAACACGAAAAAGACAAAGATGGTAATACTATTATTATATTGGATGTTAACGCACCGCAAACCAGACAAGAAACAAAATATAATATACATATAGAAAAAATAGAAAAAGCACAAGCATGAGATTGATATACGCTTTAATTGCTAATGCTTTGATAAAAAACTATGCAACTGTTCAAAAGATTATTACTTTCACTTTTCCCAGAACAAACAGCAAACCAAGGAATAAACCCAGCTAGTATGTTTATTTCTTTTATTTCAACAAAAGAATTTTTTTCAGTAATAAATAGAAAAATTGTAGAAAATTATAAATTAAATCTATTTGATGTTACTATTGATCCTTTTGAATTCAAAACAGGATTTGGTGAAAACACTCAAATAAAACAAAAAGATATTGATCTTTATTATGGATATTGTGCCAGTGCCAACATCAATGGTTATAGATTTTTTAATCCCGCAAATGTAGGAAATAACATAACGCTTGTGACAAGTCTATATACAAGAGACTGTTTCGAAAACGAAGAACAAGATTTTTTCTTAAATTTTTTATATACGACCTATCTCCTCTTCTTCGTATTTAGTGCAAAAATCAAAAATTTTCCTTATACAAGCAAAGAAGATAATTACAATCGATTTATAGAAGTTTTTTTTAGCTTTTATGAATTTATTTTTCAACAAACAGGCAAAAAGCCAGACAAAGCGACATTTGCAAGAATAAAAAAGAATTTATTGAGTAAAGTAGAAATATTTTTTTTCTTGTTTTATTCTTATCAAAAGTATAACAAACTTTTTACCAGCGAACAATTTCCTGACGAAGAATTCTATAAACGATTGTTTTCTGATGAATTAAAAAACGACCAACAGATTATGATAGAAGATTTTGCTCAAAACGTACAAAAATATACATCAAAAACAACATTTTCTGCAATTGATAACAAACTTTTGCAATATATTCTTCCTGCTGATATTTTAATAAGATATTTGTTTTTGGATACCAATATGACACTTATTATAGAAAGTGTGGTTGCCAAATTATTCAATAAAGAAACATTGGATAATTTTATGAAAAGTTTTCTCAAAGATGACAGCCAATGGGATGAATGTATTCTTTATATTACTGATTATAAACATTACAAAAAAAACTTCTTTGCTTGAGTACAAAAATATTTAATTACTGCTCTCAAAAAAGAAGGAATAGACCCTTTTGACGAAGATATTGAAGAATCTGGTTCACGAATTGGTGATGATGAAGAAAGCATAGAAAATCTCAAAATACCAGAAAGAATCAAAAAAGAATCAAAAATTATGGAAAAAATTCTTAATTTTTTTATAACCCTTCTTTGATGATTTTGGATAGCAAGGGGCGAAAGCTTATTCTTAAGATTATATAAACCAAATCTTCTCAAAGAATTAATTACAACTAATTACGAAAATTTAAAAGAAACCGCTTTGCATACCTATTGATGACTTCTTTATAGCTACGGAAAAAATATATTTTATTACAAATATATCTCAGAAAACGTAAGACTTGGAAGACAAAAATTCTATCTTCCTACCAAAAGCACCTCCAAAAACACCTATTCCAATTTTCACATTTTACGTTTAATGGATGAAAGCGCACTAGCCATTATATTACAAGATATAAACCCCAAAGACATCAAAATATACAACAAAAATAAGCTTTTAATCGAACTTTTTAAAAATCATTTTGGAAAAGAAATATCCAATTTAGTCCAATTAGAAACGACTGATTTTATCAAA
CP006913.1_gap18	665325	667604	2279	GAAAATATGTGAATTTATTTCCTAAGTGAGCTATGGTAAAAGCAGGAAGTAAAGGCGAAAGAACAAATAAAGAGGTTAAAGTGTAGCAACTATCTTTTCAAACTGATCTACTCTATCATACACATTTTTGAACATATCAAAACTTGCAGCTCATGGACTAAAAATAACATGAGATAATGCAAGTTTTTTTGCTTGTTCAACAGCTGTTTCTACCGCTTTTTGCAACGAAGGAACAACGATATAAGGAACTTGAGCTTGCCAACATACTTTGATAAGTTTCTCTGCGGTTTGTCACATCAAAACTGCATATCAAACTTTTGAAATAAATAATTCTGATAATCAACTATAGTCATCTCCTTTATCATATCATCATGCTATCAACACACATTTTTGGTCAAACGACGATAATGCTGCGGACAACGAATGGGAAGAGGTACAAATTCCATCATCATAAATTTTAACTCCATCAATTTCACGAATCAATCCCAAACGATGAGGAAGTGGATGAATTCAAGAAATAACTTCGATAAAACGAGTTTGGGCAACTTGAGGGTCCCATCAACAAGCTTTGCAATAACAAAGAACGAGTTCTTGAACCGTTGCCAGATTAATTTTATTATGAGCTCCAAGAAATTTTGTAGGACTTAGATCAAATGACTCCTCTACCTTGGTACCACGATTACTCAATAATTCATCCAACAATGACCAGCTGCTCGCTGGCACAAAGAAGGCGTCTCTTGTGCGACGCAACAGCGTCAACTTGCTCTCTTGATATTCATCAAAATCTTTGTGCCAGTCCAGATGATCCCTCGCAACATTAAGCAAAATACTATAATCAAAGACGAAATCACGAAGTCCATACAGCATAAACGACGAACATTCTACCACAAAAATATGGTCTTCATCTTGTTTTTTCTGTTCAATAATTTGAGCCAAAGTTTCAGAAACGGGTATATCAAAATTTCCTGTTATCCGTACATTTTTTTGTGGAAACATTTCTTTCAACACATGATACGTTACCCACGTCGTTGTAGATTTTCCATTCGTAGCAGTAATTCCAATCCAAGTAGTATTTTTCAAGCCAATACTCGGCAGCAGACCGGAAAGAAATTGTAATTCTGATTGTATTTTATGTGAATAGCTTTGATATATATGATGAGACTGTTTTACTCCTGGTGACACCAAAATTACATCAGCATCAGCCAAAATAGCATCATCAAGATCCTGATCATCCATAATACTATGTTGTATATTCATAACGGACAATAAATGTCCTACTCCATTTCCTACTTTTCCTTTTCAGAATACAATGATCATCTCCAATCCAAAACAAATAAAATGTTTCCTTGAAATACCTTGTTGAATATGTACATATTCCTGGAAAAATAACAATATAAATTTTAAACGTAAATCAAACCAATGATAGGATTTTTCGATAGTGGATTTGGCGGCTTACAAACGATGAAAGACTTCCAAGAACGCTACCCACAATACAATTATATGTTTCTTGCAGACAGCAAAAACTGCCCCTTTGGAGCCAAAGATGGAGAAACAATTAAACAACTCACCTTTGATGGAATACAGCGATTATTTGACCACGGCGCAAAAATAGTTATCCTGGCTTGTAATACGGCTGCTGCCTACGCAGTAAGAAGTCGACAAACACAATATCCAGAGAAAAAAGTGCTTTCGATAACTATTCCTGGAGTAGAAAAGATTCTTACTGAAGAACACAACGAGAGAAAAATAGGAATTCTCGCTACACAAGCGACAATTTTATCAAATATTTACACCGATCTTTTTCATAAATTTGGAGGAAAAAACAATCCTGATTTCCAATTTATTATGGCTCCAAAACTTGTAGAACTTGTAGAATCTGGGGAAACCAACGAAGAAGAAATTGAATTTATTGTACAAGAACACATCAACAAATTTCACAATATTGATACACTTATTTTGGGTTGCACACACTTTCCTATTTTGATAGAACATATCAAGAAATTTTTTACCGGAGATATTATAGATCCGTCCAAAGAAGCTGCGATTCAATTTGGAAATTACCTGGAAAGACACCTAGAGATCAAGGACCAACTGACATCAGGTGGACAAACTACGTACTACACCACCTGATCCCCAGAAATATTTTCTACCATAGGCTCTAGAATCGCAGAAAAACAAATCACTGCCCAACTTATTGAGTAATTTTTCCTAAATTTTCCTTAAATTCTTCTACACTAAGATCTTTTTTAAATACCATTCAATCTATTACCATAGATCAT
CP006913.1_gap19	861689	864205	2516	CCAATGCACGGGGCAAATGTACCTCTACACAGAGGAATAGCCAAGACGGTTTGGCATCCAATTTTTTGTGCAGGGGTGTTTTTTTCGGAAATAAATTCTTCTTTTCGGGGTTTTTCCTTCTTAAGGAGATCCTCGAATCAAAATAATTAAATGCATCATACCGGTTGATTAAATAATTTTTTATGGTATATTTAAACTAAACCTGGACTCCGAACACGGAGCAAAACTTGATGTTTTATCATATACGCGAACCAATAATTTTTTATTGGCAGAGAATAATATAATTATTTAGATACAAAAGTCAATACAATATTAAACATTATTATATAATACAAAAGAGTCATTAAGAATCTGATTTTCGTTTGTTTTTTTTTCTGTATTTTGTATAGTAAGTTATATCAAAAGACATTATTTACCATTTACTGTAACAAAAATTCACTACCGCACCATTATTATTTCAGACGTTCATTTGGGTACTCCTGACACAAAATATCAGGAAGTATTTGATTTTCTGACAACAAACACTTGTGATAATCTAATCCTCAACTGAGATATTATCGATGGACGATATTTAAGATATTTTCCAACACGACCAACAGAACAAAGAAAAGTTATTGAATATATTCTCAATCTTTGAGAAGAGAACAAGGTAAAAATAACCTACCTCAAAGGAAATCACGAAAGATTACGAAAAAATCTTCTTCCTATAAAAATAAACAATATCGTTTTTGCTGATGAAATAATTTATCAATCAGGAAACAAAAAATATCTGATTTGTCATGGACAACAATTTGATAAAAAAATCTGCTGTATCATGGGTATAGAGACCATTTCTTTTCTAGGATGATTGTTTCTTTTTCGACTTAACAGAAAATTCAATAACCGAAGAATAAACCATGGATATACATATTTTTCTCTCGTTTGAAAAATCAAACGATTAGCTAAAAAAATAGCTCTATGAGGAGAAAAGTCATTCGATGAAAAAATCAAAAATCTTCTTCACAAAAAACAATGCGATGGACTCATTTGTGGTCATTTGCACAAATCTGCAGATAGATATATAGGAAAATATCACTACCTCAACTCTGGAGATCGAATAGAATCCCTTACCGCATTAGTTGAGACAGAAAATCACGAATGGAAAATTATAAAATATGGAAAATAACTATTTTTTCACTCTTCCATGTGGTGTCCCTTCCACGAATCCCGCTTGGGTCTGCACACCAATGATCGCTTTTTCATGAAACTCAGATAAATTCGCAGCCCCAACATACGTCATCGCACTACGTAAACCTGCAATAAATTCATCAACAATATCACCTACACTAGCTCTTCCTTCTTTGAGATATATTTTTGACGTTGAAATTCATTCACGAAACATTTGTTTTCTCGCTAATTCAAATTTTGAAAGCCCTTGATTTCTAAGAAAAACCGCTTTTTTCGAAGCCATACCATAATTTTCTTTATACATATTTCCTTGTTCATCATATTTTATATCACCAACAGATTCATAGGTTCCTGCAAAAATTGTTCCCAGCATAGCATGATTTGCACCAGCTGCCAAAGCCAAAATCATATCTCTTGGTTCTTTGATTCCTCCATCAGCCCAGACAAATCATCCATGTTTTTTAGCTTCTTGAGCACATTTATAAACAGCAGTAAATTGTGGTCTTCCTACACCTGTTTTAATTCTTGTTGTACACATAGCTCCAGGACCAATACCTACTTTAACTCAATCAGCCCCTGCTTCAAGCAAAGCTTTCGTTGCCTCTGCAGTAATAACATTTCCTGCTACAATTTTCACCTTATCACCAAACAATTTTCTACATTTTTTGATTGCATCTATCATATTTTTTTGATATCCATGAGCAGTATCCAAAACAAAGGTTCTAACGCCTAAATCAAACATTATTTTTGCTTTTTCTTCAAAATTATTAATTCAAAGTGCAACCGTAACGTCCAAACGTCATTCAGTATCCAACGTTGGTTGATAAATACTGTTTCTAATAGTCTGTTTCTTTGTTAAAATTCAAATCAAACTTCATTTTTTATTTACTATTGGCAATACACCAACACCATGCTTTTCCATCAACATAAATGCATCTTCATCAGAAATTCAGTCTTCAGCTACAATAGCTGCGCCTTTCAAAAGATTACCAAGCAAAGTAAATTGATCGTAACCATAAAAATCTTTTGGCTTAAATAAAGATATTGGTTTCTTATTTTTGTCTACCAAAATTACGCATTGATGAGCTCTTTTATACATTAATCCCAATGCATCTCTAATCGTATCATCAGCTTCTACGATAATTGGAGTATCATAAGAAACATTTGCGCCTTTAATATGCAAAATAATTCTTTTCATCGTATCTGTATCCATATCTTGCGGCAAAACCACCAATCATCCATAACGAGCCATGGTTTCCGCCATTCTTTTTCCTGCAACGGCATTCATATTTGCAACCACAATAGGAATATGGGTATTAAGAGAAATTTCTGGATGTACATCGATCTCC
CP006913.1_gap20	869165	871927	2762	CAACAGACTCGTAGATTTTCTTGGAGATATTACTATTGAAGAATTAAACCGTATTCAGGTTTTAGATTTTAGAATGGAACTCAGCAGACAAGGACTTGCAACAAAAACAATTAATTATCATATTGTTGCTATCCGCGCATTTCTCAAATTCATTTTAAAAAATGATATAGACTGTATGAGTCCAGATAAACTTGAACTCGCCAAAACTCCTCCTAGAGAAGTTAATTATCTCGATGAAGATGAAATTTTGAAAATTTTGGAAGCACCAGGAAAATTGGCAAACAAAAATGTTGAACAACAGACAAGAGATATAGCAATTTTGTATATGCTTTATGGAACAGGACTGAGAGTTACTGAACTTATCAAGCTCAAAAAAACAGACATCAAAATTGATTCCAATCAGTTTTCTGTTATCGGAAAATGATCCAAACTTAGATCAATTTTTGCTACCAAAATCGCCAGAGAAAAATTACAAAATTATCTCAAACAGAGAAAAGATAATTCCGAATATCTCTTTACAACTGTTTCTGTAAATGGTTTGGGAGAATATCTCAGTAGAAATAGTATCGAAGATATTGTAAGAAAATATGCAAAATTAGCGGGAATTACCAAAAGAGTTACCCCACATACGCTCAGACATAGCTTTGCAACTTCTCTTATCAAAAAAGGCGCCGACATCAGAGCAGTGCAAACACTTCTTGGTCACGCTTCTATTACCACCACACAAATCTATACTCACGTCGATGATAGACATCTCAAACAAGTCCATGATTTGCTTGAATCTTAAATCTGAATAAATAACATTCCAGTCAGTCATTACGACCCCAAGCGAAACAAAGGGGAAATTCACTATTTACACTATAAATTTATAAAAAAAATGAACCAAGAAGAACTCCTCAAAAAGTATGAAGACATTATCAAAGAAGAAATTAATATCAAAGAAATTACAGCTTTGGACAGCAGTATCAAAGTTAAAAAAATATTTAAACCCCTAGGAAATCAACTTTCTGCAAAATTTGGAAAAGATACAGGAAAAATTATTCAATTCGGAAAAATGGGAAATTTGAAACAAGGAGAAAACAATCAGATTGTTGTTTTTGATGATGCTTGAAACGAACGAACACTTGAAAATTCGGATTATGAAATTGCTTACGAAGGATTAGAATGAGACAACATCGCGATCGATAACGAAATCATCGCAAAGCTCGATTTAGAAATTACTCCAGATCTTGCCAGAGAATGAGTCGCTCGCGAAATATCTAGATTTCTCAATCAAATGAGAAAAGAAGCGAAATATAATGTTGACGATAAGGTACATCTTGCCTACCAAACCGATAGTAAATATTTGATGGAAGTAATGTCAGAATTCTGAGAATTTTTACAAGATGAAGCGCTTGTTAAAGAAATATCTCACAACACTAGAAAACCAGCAGGTGATATTGTCGCAGAATTCACTTCTGACGAACAAATGATGATGATCGCTTTGAAAAGATAGGATGATTACTTGAAAAGATAATTAAATTGAGCAATAAAAAGAACAAACAAAAAAAGAAAATATCAACAAATCAGCATCATCATGAGCCAAAACAGGAATTCAATTATAATGAGACGCTAATTCTAAATAAAATATTGCTTTGATATTTGATGTATGTTGTTTGTTTTTTATTGCGAAACAATGACGACTTTATGATCTTAAATTAAATAATGGCCCAACAAACTTGTCTAGATTATGCACTTCATTATATTTCTCGCTATCCAAAAACCGAAAGCGAACTCAAAATTAAACTTATGCAAAAAGGTTATTTTTCCAACGATATCGAAAAAGCAATGAATATTCTCAAAGAAAAAAAATTTCTTAGCGATGAATTGTTTGTAGAAAGTTATGTAAGAAGCGAACTTATGAACAAAGGTAAACCGCCTATCGCAATTATCAAAAAGCTTCAAGAAAAATGAGCAGATAAACACCTTATTATGAAAATCATCAAACAAAATGAAGAAGACGTAAATAGCGGCGTAAGAGAAAGAATCAAAAAAGAAATCGCAAGCTACAAAAAAAGAGGCGAAGAATGATTCGATATTATTCAAAAACTTATGCGCAAAGGATACAGATTATGAGACATCAAAGATGTTATCAACAACAAATAGATTCTGATTTTATTTATTATAGACAAGCTATCATGAAAGCTACTCCTATCAGCAAATTGTATGCAGATCACAAGTCATTACTCAATACATCAATCAATCTCAATGGATGGGTAAGAACAATCAGAGATTCCAAAACATTTGGATTTATTGAACTTAATGATGGATCATACCTCAAAAATATACAAATCGTTTTTGAAGATAAATTAGATAATTTCGATGCAATTTGCCACCTTGGAGTAGGAAGCGCAATTTCTGTAGAAGGAACTCTCGTTGCTTCACAAGGAGGAAAACAAGTTTTTGAAATTCAAGCAAGCAAAGTAACTATCGTAGGAACTTCTCTTCCAGAATATCCTCTTCAAAAGAAAAGACATGGATTCGAATACCTCAGAGAAATTGCTCATCTTAGACCAAGATCAAATACCTTTTCTGCCGTGTTTAGAGTAAGAAATTTACTTTCATTCGCGATTCATAAATTCTTCCAAGAACAAGGATTTATGCGAACACATACACCAATTCTTACAGGAAGCGACTGTGAAGGCGCTGGAGAAATGTTTAGAGTATCTACTCTTGATATGATGAATCCTCCAAAAACTGAAGACGGGAAAATAGATTATTCC
CP006913.1_gap21	993865	995111	1246	GATCATAAGCATTTATAGCAGTAAACTCTTTTTTCAACAAAATTTCCAAAACTTTTATCAAGACAGGGTCTCTTAATCTTTCTAAAGTATATGGATAGAAATTTTTAACGTTATCATATCATAGTTTTTCATATTCCATAGCTTGTACAGAAGCATCCAATTGATCAAGTTGTTTAACAATTTGAGCTTCTTTTGTTTCTTGTTTCTCAAATTCCATCCAAAGATCAAACAATTCTGATCATTTTTCTCATAAACTTTCTTGTAATTCTAATACTACTGCCTTTTCTCTCTCATGTTTTTCTTCTGGACTTATCTCTCAAGGAACATAATCTTTTTCTTTATATTCCGCTATATCGTGTATCTTAGCCATTTTAATTAGTTTATTTTGATCTATATCGGGAAAATGTTCCCCATAAATACGAGCAGCTTTTTCTACTTTTTTAGAGTGTTGTCGAATTGTTTCCGCAATTTCTTCTGCAATATTTCTTTTTTGCCATCATGTTCTAATTTTATCAAGTCACTGTTTAATTTCTCTTATCTTTCCAAACATTATATCAAATAAAACAATAAAAATACCAAGAACGAATCTCTTTATTTTTTTGTTTTATTTTTTAAAAAACTATACGAAAATATTCTTATAAATTTTCTCCTTTCACTAACTTACCATATACACAACCATTTAAAACATCTCTTTTTTTAGCTTCTGCTCGGAATACAGATTTTACTGTTGCTGAAGAATAACTAAGTTTCCATCATTCTATCATTCCTTTAAATACTTGATATGTTTCACAAGAAATTTTTGTACTAGGATTCGTCTTTGCTCCTATAATCTTTTTTTGATATGCAGTTACATAATACGTATAATAAGGATTTTTGGTTGTCACATAACTAAATTTCACTGATTCTTTTGAAGAAAGAATTGTTCCATTCATATCCATAAGGTAAACCAAGGCGTCCATTATAGTTACGCTAGATGTATCCGTTAGCTCAAGTTTTTGCTTAATTGCTGTAGAAGGATCCATTTGTGATCCAGTTCATTCATCATCAAGATCTGAAGTCTCATCTCACAAAAATACTGTATTAACTTGTGATGTAAATACTACCATACCCGTTTCTTCAAAAATATCTTCTTCTCTATCTCATGTTAATAAACTAACGCCTGAACCAATAACACTTCATTCTCAAGTATATAACAATGGGTCTTTGTTTGGTTTTTCTCTAAGTGTATTAAAAAACGATGAAATAT
CP006913.1_gap22	1095593	1097913	2320	ATTGGCGTTAAAATTCCTTATTATGCACTCATTGATTTTGAAGGATTTAAAAAAGTAATTGATACATTGGGTTGAATAGAAATAGATGTCCCTAAAGTTATTCATGATACCACATATCCTACAGAAAATATGGGATATATGACTTTACACGTAAACACAGGTGTTCAGTTATTTAGTGGAGAAAGAGCCTTAATGTATGCAAGGTCTAGACATTCAACATCTGATTTTGATAGATCTCTAAGACAACAACAAATTATGAAAGCAATAGTTACCAAGTTTATGCAACAAGGACTTAAACCAACAAAAATTAAACAATTATACGCAGACTATACGGCCATGGTAAAAACAAACATTTCCTTAGACGAAATGATTGGTTTAGCACAATATGTTGATAATTTAAAAAACATATTTTCATTCTGATTAACGACTGATTGTAGCAATGTAGCACATAGGTATTCATATCCATGATGTTTTTTGTATGCCCCAGATTCGGTTAATTTTTGATGAGCATCGGTTATATTGCCAGTGTGATCAGATAAAGCCAACCCATCAAATTATCAATATATCAATAACTTTGCCTTTTACGTAATGCACAACCAAGAATATCTTATAGAAAACCCTCAAATTACTATTTGGAATTGAATAGACAAACAATACGCCCAACAGCAAAAAGTAAAAACTGATGGCCATGCGAATCAGGTTGCCGTAAAACTCAAAAAATACGCATTTAATATACCTGTTACCAAAAACGCACCTAGCCCATATTTACAGACAGAACTTTATATTTTGGGGACAGGAAATTATGACAACACCATAAATATGTTAAAATCTTTGGTAGCTATAGACAATGTTGTTCCTTTTAGCGAAAGATCCCCAGAAGAACCATTTATTTGACCAGAAGAAATTTATCAAGAACAACTAAGTTGAACAGAACTTTTGCTTATTTTGGGAAATAAATATGTAGATAGAGCAAAATGAAAAAGATTTGATTATTACAAATAAATAATAATAACCTAATTTTATAAGCTAATAAAAATTATGCTTCCAAAAGAAGTATTAGAGCAAAAAGAATCTATAAAAGGTTTTCTAAAAAATCTATGAATTCCTGTAGAAAAAATTAAAGACGAAACACTGTTTTTTCAAACATTTGTTCACAAATCATTTGCTGCAGATTACAAACAAATGTTGCTTCACAACGAAAGATTAGAATTTTTGGGTGATGGTATTCTTTCTGCAGTAACCAACAAACTTTTGTTTATTAATTATCCAGAATACTCGGAAGCAGACCTTACTTTATACAAAATAGCCTTGGTCAGAGAGGAAACCCTTGCAGAAGTAGCAAAAGAGATAGACTTGGACAAATATATCTTTGTCAGTAAATGAGAAGAAAAAATGCAAGGAAGAAAGAAAAATGCCATTTTATCAGATTGTTTAGAATCATTATTGTGATTTCTGTATGTAGAACTTGGAAATGAAGTAGTTGAAGCATTTATTACCAAATATATTTTTAGTAAAATTTGAACTATTAGTAAAGATCCTGTCAAAAGCTACAAAACTATGATCCAAGAATATGTCCAAAAAGAATATAAAGAACTTCCTATATACAAAGATAATGAATATAGTGTCGACGAAAAAGGAAACCCTATAACTTACCAATCAGAAATATATGTTTGAGACAAAAAAGTAGCTGAAGGACTTGGTTCCAACAAAAAGAAAGCACAGGAAGACGCTGCCAAAAAATACTATTGAACAATAAAGAAAGAATAGATTTTATTTCTTGTTATGGCAAGATAGTACAAGAGTTAAGGTCTAAGTACTAAGAACTAGGCTATTCTCTCTTGAAAACATATACCAAATCTATAAAAGATACTGACGTTTTATTTTTTATGTTTACAAATGATTAAGAAATTTTCTATTATCAAAAGAGCCTATATCCGATTAACAGTTGGGTGATTACTTCTTATAGGTGCATGGACATTGTTTTTTATGAACATAAGACTTTCAGAAGAATTTACTGGTGGGGTAAAAATAACTATAGCCGCTACGGTTGATGAACAAAAACTAAACGATTCTTTAACAAAATATCTTATAGACCAAAAATATCCAAATAGCAACGTTCTCGTACAAATAAATGACGAAGAAACAGATATTTCTATTAGAACTAGAGTAGAAAATGACGAAAAGGTAAACGAACTATCAAAAGAACTAAAAACATTTCTTCTCGAAGGAGAATATATCACCTCTCAAGACCAAGTAATAGCACAAACAATAACGGGTCCTAGCGTAGGAGATTATATGAAAACATCAGCAAGAAATGCTT
CP006913.1_gap23	1104244	1106531	2287	GTCTAATTAAAGAAGAAAGACCATTAAATGTTCCGGCTTTAATTGTAGTTAGTTTATTTTGATCTAAATCAATAATATTTAAATTAGAAAGCCCTAAAAAACTTCAACTTTCTATTGATGTAAGATTTCCACCATCCATATAAAGTCATATCAAATTATCAAGTCCAACAAAATCACCAACATCAATTCAAGTTAATGGATTATTTCTTATAGCAAGATATTGTAAATTACTATGATTTATAAAAGAATCAGAAGCTATACTAGTAATATTTCTTCAAAATAAATCACAAGAAGTTGCTCATGTCTCACAATTGAAAGTACTGATAACATTACCACTATTTAATTCTTCAGCCCGTGTAAAAGAAGCAAATATCCCCAAAATAAACAGAGCTGCGATTAGTATTTTTTTCATTTTTTATAGTAAAAAATAAATTCATTTAATTATATTCAAAAACCTCTTTTTTGTCAAAAAATAGAGGAGTTTTTATCTAGTAAAACCTTTGTCCTACTTTTGTCAGTTTTTTTCTTTTTTGGGAATTTTACAATTCGGGGGATTTATCCTGTAAATCTCAAAAAGATGAAAAAAACAACAGCGATCAATGTCCAATGAGTGGTTATTGGCATAGTAGAAACTAATAAAGAAAGTTATATTAGTTTGACTGATATAGCTAAGTATAAAAATTTTTTTCAGCCAGCAGATGTTATTAAAAACTGGCTCAGGTCAAAAAGTACAATAGATTTTTTATGATTATGGGAGTTTATAAATAACCCAAATTTTAAAGGGGTCGAATTCGACCAGTTTAAAAATGAAGCAGGTAATAATTATTTTGTTTTATCTCCTCAAAAATGGATAGAAAAAACACAAGCAAAATGATTAATAACAAAATCATGAAGATATTGATGATGAACATTTGCTCATAAAGACATTGCTATAGAATTTGCTAGTTGGATTTCGGTAGAGTTTAGGCTTTACCTTATCAAAGAATTCCAAAGACTCAAAGAACAAGAGACCAAATCATTAGACCGAGACGTCAAGAGATTTCTCACTAAGATGAACTATAGAATCCACACAGACGCCATCAAAGATAATCTTATTCCCAAAGAACTTTCTCAGGATGAGATAAACCATATTTACGCTGATGAGGCAGATGTACTAAATAAGGCGCTATTTGGACAAACAGCAAAACAACGAAAAGATCAGAATCTGCATAAAAAATGCGACAGTCCTGTAAAGGGAAATATGAGAGACTATGCAAATATAGAACAATTAATAATCTTAGCAAACTTAGAAAGTATCAATGCAGAGTTTATAAAAATGTGACTAGAGCAACCCAAACGTCTTCAAATATTAAACCAAACAGCAATTAGTCAAATGAAATCATTGATCCAAAACCAGAATTTAGAAAATATAAATAGGCCAAATTCTTAATTTTTTATATCCTAAAACTTTCTTATGACAAAACGTCTTCTAATTATCTTTTTCATTACATTGGCTTATTTTCTTATCATTATTCCCGTACAATCTCAGCAACAGGATACAGGAGAACAACAAAATATTTATGAAAACAATTCTTGATCAGGAACAACCTGAGAAAACACATGAGAAATTATACAAGAAATTCCAACCAACGATACTGGCCAAAATATTCAAATTGAAGAAAATATTTCAGGATCGAACAATGTGACAGAAGTCACAGAAAATCTTTCTGGAAATAATTTTACTAATGATACTACCTGACAAAACACCCAAATAAATCAAGCTCCACAGTTAATTATCTCTGAAATCTATTATGACGGAACAGAAGAATGGATAGAAATTACAAATCTCGGATCATATTTTTCTGGAGAGGTGGAAATGAGGACACCACAGTCCAATTTTTTTACGCTTTCTCTCCAGCCTAATCAGTCGATTATTCTCACAAAATCCTCTCAATTATATAGTCGAATATCTCCTTTGGTTATCCAAAAAGCCCTCCCATTATCGTTTAGTTTCACAGATACCAAGGCTATTTTTACTACATTATCTCGAAGCGGGCAGACTATAGATACCTTCCAAGCAGAGACAGGTTTGGTTACGAAATACAACGATAAGAAAACATCTCTTATCAAACAATACAACAATCAAATCTGGTTTATAACTGGATCAACTTCTGCTATCAATGTTCTTTCTCCTTATATCGCTAGTCCTGGAATTTGGGAAAGTTGAGATGCTTTTCAAACGAATAACTGAGATTCTTTTGGAACAGGGACGCTTTGAATATCTTGAACCCTTCAAACATGAGGCATT
CP006913.1_gap24	1107873	1111975	4102	CTTTTTGTTACCCAGATCCTTTAGAATGAGAATTTATCCCGAGGGGAGGGCGTCCAGATATCCCAGAATATTTCCCTTCCATCAAGATTCTCGGCGCCCTCCCCAACCCTCAAGGTAAGGACGACACTGAATTCATCTCTCTCCTTCGAACCCCTTCAACAAGCTGATCAGTTACGGAAGGCTCTGCCTTTAGCGGATTTGTGAGCGGCAACGAATCAATCCAAAATTTTCTTCTTCCCCCCAAAACTCTCTACCTCCTCAACAACAAAACGAAGACCTATTTTAGCGGTTCTCTTCAAGCCAATACAGGGACAATATTCAAAAGTTCTCTGGGTCTTCTCAACAGTGCGCATTGCACAGAACTTCGATATGCCACGACTCAACTCGACCGCTTTTGTTATCCCAATCCAAAAGAAGATGAGTATTTTGGTACGTGAAATATACTTTTACAAACATTACAAAAATCTGATTTTTCTCTTCTCCAAAAGGTTTGATTTATCGTCACAGGATCACAAATTTGCGTTAGATATTATGACCAGATGCTCACCTGTCGCCAGCTGCCGGCCGCCAAAACCTCCATCAAGTTAAAAAACGAAAACAAGCTTTACAAGACCTATGTCGGCCTCATCCAAAATTATCTTATCAAAAATTGGTCTACCCTCTATTTTAATACTCCAATAACGGATTACTTTACTGTCCTCAAAAATGCTAAAGCTCAAGTAAAAGATTTTTCATCAACAATCAATATCAGCGGTCAACGATTTGATGTCTACGATATTTCTGGTCAAATTGAATTGACAACTGCCACACAATGACTATCTTGAAAGCAATCCCAAGATCAAAAATCTTGGTTACAAAAGTTTTTAATATGGTTAGGTATATAATTAGACTTATGAAACAAGCATATGTAAGAGGGTATTATGGATACAAAAACTTTGGAGATGAATTGCTTTTTTTTGGAGTAATTGATTGGATTTTTTCTCATTATCCAGAAATTCAAGAGCTTGTTATAGAGGTAAACAACAAAACCTGGATGGAATATCGAGTCAAAAAAAACTACCAGGAATACACTTCCAAAGAACAATATCATAAGATTTCTTTTGTGGAAATTAAACAACATCGTTGGAAATATCTTACCCATATTATTAGTTTGTTGGGCTTTGGAAAATATAGATCGTATTTCAAATTCTTTGGTTGATGAGAGGTTCTTAGCGATGAAAGAGATTTTCCTCATGATGGACGAAACATTCCTCTTCTTTTTGGAACAACAGTGAGAAAATGAAAATTTATGCTTCTTGGAGGAATAGGAACACCCAGAAAAACAAGAACAAAATTGCTTTATGATATATTACTTCCCAAAGCAGAATGAATTATAACAAGAGAAGAAACTTCGTATAAAACAGCGTTAAAACGAAATAAACACACAGCTTCCTATCAAGATTTTAGTCAAAATATTATAGAAAATACAGCTTGTAAAAAACAAGATACTTCTCCATCATACGTGCTTATAAACTGCAATTTAAAATCTCGAAATCCTGACACAAAAGAATCTATTGTTGAATTTTGCAAGACTCATGCTCAACACAAAAAAATCTTTTTTCCTTGTGATATGAACGATGATATTTATTGCTTTGCGGATCTTCAACAAGACATTCCTGATTTAGAAATGTATGATCGAACCAAGCATTCATTACAAGATTCTCTTTGTCTTTTTAAAGGTTCAACGGCAGCAATTTGAGCAAGACTTCATTTTCTTTTACCGCTCAAATTGTACAAAAAAGATTTTACAGCAATTAAATACGCAGAAAAAATATATAAGATGATTGATTAGAATCCATTCATAGTCAACGTAAGCGTACCACTATAATTACCTGGAGCCTGATTAGCAGGGACATTTACTAATAATCAAACATTATCAGCGCTTACTTTACAAATTTTATTACTTCCTGAAGCTTTTGCAAAGAGTACATAAGGTGCATTATAAAATTGTGTAGCTGTTCCATTATCTCCTGTACAAGATGAATCACCTTCAACGACAACAGGATCATGAGAGATTAAGAGATTGCTACCAGAGATAACATTTGATTTTTCATTAGTTAAATCAGTTGTTTGGATAGTTAATGTCCATTCTGAAGTAATACCTCTATAATCTTGACAATACCAAGCAGAAGGAAAGGATTCCAGTAAAGGTATATGGAATACCAATTTTCACTTCTTGAGCATCCATAGTAAGAGAGGTTCAGTAGACACATTCAGTAACTCATCACGTGATGGTGAGAGAAATATTTCCTTGAGTTCAATTTCAAGAAGTTCAATTTCAAGAAGTTCAATCTGTATATAGGATAGAATCAGAAGTAGTATAAATATCTCAGTTGGCAATAAATTGTGCAGAAATAGTTTTTTCACTGTATCACTCGGATAATACCCAAGATTTAGTAGTAGAAATAGGTTCCCAATCAGACCAAATAATACCGTTATTAGAAAATCTCATTCCTGTGGCAGTAGGAGCAGCTATAGTAAGATTTACAGATTGAGAAAGCGTAGAAGCTTCATCGTTATTTATGACAAAAGATCAAGTAGATCAAGCGATAGCAAAATAGGTAAAATGATTTGTGGTAAAAGAAACATAAGATTGTCCATCAATTTCAGAAACAATACCACCTTTTTCAAATATCCAATCTACACCATTTTGAGATGAGTAGATAGAGACAGGGTCTCAGATAGAAGAAGTAGGAGCAGGAATACCTAGAGTAGCAGCTCAGTTGGTTAGTGTAAGAGATTCAGAAGGACTACCGACAGATATAGCTGAAAGGATTGGTTTGTTGTCTACATTAGAAACTGAGTAAGTAGTAGGGGGATAAATAATTCAATTATAATTTGAACTATCAGATTTTTTGAATTGGAGATTTTGAGGCAATGAAAGCCTTAATGTATTTTCAGAAATAATATGTAAATTTGTGAGTATTTTTCAGCTAGTTTCTTTAAGAGATATTTTTGAATTTCCAAAAAAAACATCGCCAAAAGTTTCAACATTTTGATATTCATATCATTTGTTATTAAATTCATCTTTTATATTCAATAAATCACTCGAATTTGGGATATAAACAGGAATATTTCATATCAATGATACTATATAATTTGCTGTTTCTTCGTTGTAGGAAGTAAAATATCATCAAACAAAAATTCCTCCATCATTTTCTATCACTATTTTATCGACCTCATTATCAAATCCATCTCAAATATCAAATGAGTTGTCTCTAGATCAATCAGCATTTAATCTGATAATATTGTTTGCAAGCTGTCCATTATAAGAAGTAAATCGTCCACCAACCAAGATTTTTCTATCATCTTGAATTGCAGTTGTCATTATATAAGCAGATCAAATTCAATCATCGAACCCACTTCAAATACCAAATGAAGAATCTATAGATCAATCAGTATTTAATCTAACAAGTCAGTTTGCAGGCTGTCAATTATAAGAAGAAAATTGCCCAGCAACCAAAATTTTCCCATCATTTTGGATAGTTGTTGCATATATGTAAGCGGATCAGTTTCAGTCATTAAAACCATCTCAAATATCAAATGAGTTGTCTCTAGATCAATCGATATTTAATCTAATAAATCAGTTTGCAGGCTGTCAATTATAAGAAGAAAATTGTCCACCAACAATAATTTTTCCATCATTTTGGATGGTTGTTGTATATATGTAAGCGGATCAGTTTCAGTCATTAAAACCACTTCAAATATCAAAAGAAGCATCTCTAGTTCAATCAGCATTTAATCTAACAAGTCAGCTTACAAGATCTCCATTGTAAGAAGTAAATCATCCTCCAACCAAGATTTTCCCATCATTTTGAATTGCTGTTGTATATGCGTAAGCAGATCAATTTCAATCATCAAACCCATCTCAAATATCAAATGAGCTGTCTTTAGTTCAATCAGTATTTAATCTAACAAGTCAGTTTGCAGGTTGTCCATTATAAGAATAAAATTGTCCACCAACCAAGATTTTTCCATCATTCTGGACAGTCGTTGTATATACGTAAACAGATCAATTTCAATCATTAAAACCACTTCCTATATCAAAAACAGAATCTATAGA
CP006913.1_gap25	1113092	1117734	4642	ATTGATATTTTTTTAACTGAACCATTGTATGAACTATTAAACCCACTTCCTATATCAAATGAAGCATCTTTAGATCAATTAGCATTTAATCTGATAAGATTGTTTGTAAGTTGTCCATTATAAGCCGTAAAGCTTCATCATACAATCATTTTTCCGTCATTTTGAAGCGCTATTGATTCTACTCAATATCAAGAATATTCATCCTGAAACCCAGTTCATGTCAAAAAAGAAGCATCTCTAGATCCATCAACATTTAATCTAGTGATGTGATTTATTTCTTCTCAATTATAAAGATTAAAATTTCAAACTATAACCATTTTCCCATCGTTTTGAACAGCGATAGATTTGACTCTATTAAAAAAACCACTTCCAATATTGAAGGAATCACCTACTTCTAACGCTCAAAAAGATTTATCTATACCAGCTTGCCAAGCATGTCAAAAACTGCCAAAAAGCAATACAAAAGACGCCATTATTCAAATGGTATAAAATAACTTTTTCATTTTTTTTGATGATAAAAAATAAATTTATTACATCAATTGTATAGAAAAAAGTCTTTTTTGTCAAAAAAACAAATAGTTTTTTAATTATCTCTTTTTAAAAACTTATTTAAAAACAATGCCAAGAAAACACTAGTCACCATCTAGTAAAACATTTGTCCTACTTTTGTCAGTTTTTTTCTTATATCGGGATTTTTACAATTGGGCGCGATATCTAGAGATATCATTTTTACCCTCTAAAAATCCCCCATGAACGAAAGAGATCTCAGACTTATTCTCACCCAAAAATGTAATTATCGCTGCACCTTTTGTCATCATGAAGGGGTAGCTCACGACATTTTTCAGACACTTAATAATGATGATTATTTGTTTTTATATGACACGGTAAAACAACAACAAAACATCCAAGATGTAAGTTTAACCTGATGAGAACCACTTATGTACCCAAAAATAGAGAATTTATGTAAATTGTTGTATGATCGCTGAGCAAAAATTACGCTAGTAAGCAATTGATCTTTGCTCAATATACATCATGAAGTAGGGAAGTGGGTTCACAGAATAAATCTTTCACTTCATACCTTAGATCAAGAACAATACAACGACATTACCCAAACAAAAACCAAAATAGAACACATCATTTACAACATAGAGCTTATGAGAAAACTTTATCCAAATCTTTTGATCAGACTCAATGCAACCGTAGTAAAATGACGTAATGATAACAAAGAAGATCTATCGGCATTGGTTGATTTAGCTGACAAACATAGTCTTTCTATAAAATTCGTAGAATTATACCCAAACACAGAGCCAGATTTTATTCCTTTGAAAACAATAGAGCCAATTTTAGAAGATCTTGGATTTGAAAAATATCAAGAAAAACCAAGGCAAACAATATATGGAAGAGGAAAACGCATAATAATTTTGACCAAAATTTCTTGTGGCGCCACAGGCCAAGAAGAACATATTATTGCTCCAGCAGATAATGATATTTTTATAAGTCCTGACTGACTTATTTCTCCCTATCCTTCTAGTGAAAACAAAGTTTCTTTATTCGATGCTATCAAAAAACAAAACACCCAAGAAGTAGCTCGTCTTTTGCAGCAAGCTATAGATCAAGTCGATCCAACCAGAATTCCTCAAAAAATTTTAGATTAAAAAAGATATTATGAAAGATAAAGATTTTGATGGTTGGAATAATGAAAAAAAGAAAATTGATAAAGATTTTTCAAAAAAACATCTATGGGTAAATAAAAGAGAGATTCGACTTTATTATGTATGAGTTAATATATGAAATGAAATAAGCAAAAATTCGCCATATATAAGACCTTGTTTAATTATAAATAATTATTTTATAGGCGATTTAATCGTTATAATACCCATAACAACAAAATATAAGCAAAAATTTGAAAAGGTTTTTTATAAATTACCAATAAAATCTAATATATCTAGTTTTTTGATGCTCAATCAAATAACTGTTATTAGTAAAAAAAGATTGGTGAGAAAAATTTACATAGAAAATAAAAAAATATCAACAATAATTTTTGAAGAAATTATAGATAAAATGAAAAATTTATTATAAAAAAAACGGCCTTTTGGGCCTCGGAAAAGCGCATTCATTTAAAATGAACCGCTCAAGTTGATGTAATTATAAATAAAAAAAATAGAAAATCAAACATTTTTTTACTTTTTTATAATCATCCATGATCGAATTTGAAAAAACATTTCTCCTCAAAACTATTCCCTTTGATTTACAAAAATATCCACATAAAGAGTTAGTTGATCATTATATTCCTATTGAGTCAGAACACCCAAAACTCAGGCTTCGCAAACGCGGAAATCTCTACGAAATCACCAAAAAAACGTTGGTCCAGGAATGAGATAGTTCAGTCCAAAGAGAACAAACCATAGAACTTTCAAAAGTAGAATATGAGGCATTGGCAGAGCTTCCCAATAAATTAATTCACAAAATTAGGTACTATGTCCCATACGAGGAATTTATCCTGGAAATAGATCTTTTCCAAGAAAATCTCGATGGCCTCATCCTCATGGATGTAGAATTTCCAGACCGCCAAACAATGGAATGTTTTACTATGCCAGATTTTTGTCTAGCCGACATTACGCAAAACGAACTTTTTGCATGAGGTATGCTTTGCGGCAAAACCTATGCGTCTTTAAGTGGATTAATTAAGCAGTACATGGGAGAAATATAAAAGTAATGAATTCGAAACCTTTAAAAAAAGCAGATATAGTTTCATTTCTGTAATATAATTTTCAATGTTTTTTCTCATTATATTTTCGTTGGCGATTGCAGGAATTACAATCACGGAGCTGCCTATCGTCATTATCTTGCTGCGATCGCCAGTGCTTATTTACTTTTTGTTTTCAAAAAATCGTGCAACTTTTTTTGCCATGACTTGAGCGTGTCTCCTTGCTCTTTTGAGTCGGCAAATGTATCAATGGAGATATTATTGAACAACAACATTACAATCACAAATTTTAACAAAGCCCTTTCACCTCTCAACCGGAACAATTTCCGAAACTCTATGATCAGGGAAATACCTATACACCACGAACACCAAAGACTATCTGCTTTATACCACAAAAACCTATGTCCCTGGCAATCAAATTCGATTAATCGCACGTAATTCGGTCCAGTCGATAAATTCACCATCGCTCACCTTCATTACACGAGATTCTATTTTTTATAGCGGTTTCAACGCCCCAAAGCGATCAAAAATGAAGGGATACGCCAATATATTATACGAAACCAACTCAGTTTTTATCGACACTGGAATTATTTCATGATTTTCCAAAATTCGTCACACCTTTCAAAAAAAATTAGAAAAAACTTATACCAATAACAGGACTGCGTGACTAGTTCTATGAATGCTCATTTGAGACAAATCAAAATTTTCAAAATCAGAAGAACAATTATTTATCGATTCTGGACTTGTGCATTTGGTTGCCGTAAGTGGCGGAAATATAGTTATGCTCGTTACTTTTCTGACAGCGATCCTCTTTTTCGTCCCGTTTTACGCCAGAATAACCCTCATCCTCCTCGCCGTCCTTTCCTACGGAATCATCTGTGGTATGGATTCAAGCGTGCTTCGTGCAGTGCTTATGGGCTCACTTTCTTTGGTCGCATTACTTGTCGGAAGAGGAACATCACTGCGAAGATTACTAGGCTTGGTGCATGTCAGCATGCTTATCTACAATCCCTATTTTTTAGTTTACGATGTATGATATATTCTCAGTTTCTCAGCGGTATTGGGTATTGTTTTTGTAGATGTTTTTCATTCATCATCAGATGCCAAAATCTCGAAATTTCGAAAACCATTTCTTCGAATCCGATCGAATTATCTCAAGCCCAGTTTATGAGCAACGCTGGGTATTTTTCCAGTTATCATCTTCTTTATGGGCCAAATAAATATCGGTTGAGTGATAGGAAATATGTTTGTGCTGCCTTTGGTGCCATTTATTATGATTTGATGATTTATTGGTGCTTTTCTTCCTTCTCGAGCACAAACTTATTATATACCAATTGTCGACTTGCTCGTAGAGCGAAATTACTTCATAGCAGCCAAAATCGATCAATATGGTCCAACAATTATCGCTGAGGTATCATGGATCAAATTTTTGCTCTTTACTACATCAACTATTATGATGATACTAGTCATCAAGAAACTGGCAATCACGACAAATGAGGACAAACCACCCAAGCCTTTAGACAAACCCACGACATCACCCTATGACGATATCATCACCCACCTTCCTGTCGAAGTAACTCAAAAACAATAAAAAAATCCAAAACTTCCCCAAAATCCCCATAAATGAACTCAAAATAATATATAAGTACTTGTTTATATCTTCACATTTTATCACAAAGAGCCTGACTTCCAACAGAAACATTCTTAGAATTTTTCAATAGCCCTATTTTTCTCAAAAAATTTGCTATCACGAACAAACTCCAAGCTTTAGATAAGACATTACTCAAAACACTCTCCAAATTCCAAGATATAGAAATATTGATGTCGATCTATATGAAAACAAAGATTTTTTAAATATCTTATTAGTTTATATGGAAAACACCTTTTCTTTATTTGATAGTTGGAACCAAGAAAAAAAGCATATTCACCAATATT
CP006913.1_gap26	1141966	1143035	1069	AGATAAATGAGAAGTGATTGTAGATTGACAAAAATTATCAAAAATAAAGCTAACTGATTACTATCGTCATATTGGTTACCTTACCCAAGATCCATCTGTATTTGACGGTACGATCCACGAAAACCTCATCTACGCACTAGACAAAGAGCCAGATACTAAACACTTGGAAAAAACAATAAAAGATGCCAAATGTGAGTTTATCCGAGAGTTTGATAATTGACTAGAAACCGAGATTGGCGAAAGATGAGTCAGATTAAGTTGATGACAAAAGCAAAGACTCGCCATCGCCAAAATCATGCTCAAAAATCCAAACATAATTTTATTGGATGAACCAACTTCTGCACTAGATAGCTTCAATGAAGAGCAAATCAATATAGCTCTACACAATCTTTTCAAATGAAAAACAGTTGTTGTGGTGGCACATAGATTGCAGACAGTTAAACAAGCAGATAGAATAATATTCCTTGAGCAATGAAAAATCATAGAAGAATGAACACATAACGAGCTTGTTAAGTTATGATGAAAGTATAAGAGAATGTTAGATTTACAGAGTGGGTTTTAAGGTGTTTTATATAAAACTTTTTTATGGAAAACATTGCTCTCAACAACATCCCCCAAGAGCCATGAGTGTACTTTTTCAAAGATAAGAAGGACATCGTTTTGTATATTGGAAAAGCAAAAAATCTCCAAAAAAGAGTGGCGCAATATTTTGCGGCGGGATCGGTTTGGAAACAAGATATGATGCAAAAAGCAGAGAAGGTTGATTTTATTGTTGTCCAAAATGAATCGGAAGCATTGTATCTCGAAGACAATCTTATCAAACAACATCTCCCTGAATATAACAATCTTCTCAAGGCCGACAACAGCTACACCTACCTCAAAATCACTAAACACGAATATCCAGAAATCTATCTTACAAGGAAAAAAATTCCCGATGGATCGACCTATATTTGACCAAAACATAACACCCAGGAACTCAAAAAATTATTACAATATCTCAGACAAATCCTGCAACGAAGAGGATGTAAAAATATCCAATTTAAACAAAAGAAATTATGTTCAGATTATT
CP006913.1_gap27	1149227	1153688	4461	TGGGTCAAGCGTACTCCTATCTGGGGTTGCTTATCTTCTTCAACGAGCAATGTTTGTAAAAAGCCTTTTTTCAGGGTATTTACTTTTCCTAGCCTCTGTTGTATGTTTAATTATTGTGATAATGTTTCTCCTTGGCAAAAACATATCACTATTAAACCAAAGAATCTATCATAATGAATCACTATAAATACATAAAAAAATGAAAAATCTATTTTTTGCTGCAAGTATTCTAGTAGTACTGGCCTCTTGCAATCCAAAAGAAAAACGTGCTTTTATCCTTGGACAGGAGAGAGGAAATGATACAACAATCATTGCGTTGAAATTTAATATGCCGAATGCATTTATTGTTTCTGTATTCACAGAATCAAGATTGTCTCCTAGCATAGAAAAATTTCCAACAAATTCTACTTACCTTCCACCAGATAAAAAGGGATTAACAGTTTATATTCCAACCACCAAAAGTGGAACAAGATTCTTGGTTATGGTTACTGATGTAAAAAATCAGAAAACAATAATGATAGAATCAAAAACAGAGTAAGATCTCCGCTTAAAAGAGAGATTCCAGGGAGTTGTGGACTGGTAGTAAATTCACAACACATAGCTGACAAGGTTTTCTTTGTCAGTTTTTTTATATTCAAAAGCCTGTTGTAATTATCTGACAACACGTTTTACTAGGTAAGTATTGATATTTAGAAGGAATTATATAATAATAAGAATGTCAATATTTATATTCTACTCTTATTTAAAAATGGCTGATTTGCTTAGTTATGTTTCCAAAAATTTTCTTAGATCAGAAAAATGACAAGAAGGTTTATCTATAATAAAAAAAGACATTTTGTTAGAAGATAAAATGAAGAGATTATATACTCTTTTGAAAATAGATTTACATTGTGGAGTGAAAGACATAGAAGATATGCTTGTCAGGTGTAATGAAGAAATAAAAGTTCTGAAAATAGCTAAAGAAAAACTTCAAGAATGATACAATAGTAATATGCAACCAATTATACCAAAATATGAAGAAGTGAGAGATCTTTTATCAGATTACAGAGTTCTTCTTAATTTTCTTTGAGAATTAAAAGGTGGTTTGTGAAAAACTTTTTTGGATCATGAAAAAATTTGAAAATTTCAGGAAATATATAGTACTTTAATTAAAAGATCAAAGGAATTAGAAGCTTTTTTTGAAAAATGGGAAAATTTAACAGTAACCAATAATGCAAAAGAAGTGATTTTATGAACTGATGAATGTGTTAAAAAAACATTAGAAAAAGAAAAATTAGTAAATATTCAGATTCCAAGATTGGCTAAAATATTAAAAGCTATAGACGAAAAATACAAACCATTAAAATCAAATGCATATGTAAAAGACTTGTTGAAATATCTTTCTATTTGATATAATCAGAATATTGAAGTTGATTTTTATAAACAAGCAACCCAAGAAAAATGAGAAGGTTGAAGCGAAAACATATGTGAATTTAAACATAAAGAAAATATTATAGAAGAAATGTTTCTTTATCTGGAAGAGAATGGTATTAAGTCTGATGAAAAAGATGTTATAGTAGATAAAGGAAGTCCTACGCTCTATATTTATATCAAAGAAATGAATAAAACGGTTGTAATCTCAAATCGCTACGGAATATGAACCCATATTTATAATGGAAAAGTGGATATCAAAGAAATAGAAAGCAATACAATCGACTATCTATTAGAAAAACATGACGGAAAAAGAATTAATTTTCTCTTGGAGTCTGGATGACTTGTTGCTTGGAAAAAAAGATTTGTTGATGCTTTATGAACTGAAAAAACATCAGATGAGACAATAGATGAAATAAAAAATCATTGAGGAGAAAAACAAATAATCGAAGTTAAAAGACATATCCCTTTATTCGAGAGAGTAAGAGCCTTTGCGGCAGATAAGAAAAATATAAATCTAAAAACAGTAGATTGCAATAAAACATATCAAGCAATTATTACTTCTATAAAACCATGAAGAGTATATGTTTGTATAGGATGAGAAGATAATCAGGCCTTTGGGTTTTTTAAATATATAAATCAAGAAGATATTAAACATTTTTGCCCATGAGATATTATAAAAGTTATTCCAGAAAGAATATATGAGAGATATCCTATTATCTTTAGAAAAACATCATAATATTTATTTTTTTATTGTAATATATCCTATGTCTTCAAACAGTGATAATCCTCAAATACTATCAGAAGAAAAAATAGTTTTAGATACGAAAACCCAATCTCTCAAAAACAAAAAAATATATTTTGATTCTGATGGAACTGAAGTCAAAATTGGTTATGATGACGAGACATGAATAGGTTTCGTTGAAATTATTTCAGATTAAGAAGGGTCTCGCAGAAATGCGAGATTTTTCTCTTGCCTTCTTTTTTTTAAACGCTACACTTAGAAAAATCTTTAGCTTCTTCATCGAAGAAATGTCTGTCTATTCATTCTCTCAACTCCAGGTTTTCCAGCAATGCCCACGTAAATATCAGTACAAATATGTAGATCAAATCAAGGAAAAAGAATTTGAAAGTTCGCCAGATTTAATATTGGGACATAGTGTGCACAAGGTTTTGGAGAATCTCTATAACAATGTGAATGTCTTCAAAATTCCAAATCTAGAAGAGGTATTGGAAGATTTTCATGCTACACGAAACCAGGAAATAGCAGATGCAACCAAAGAAAAGCCACTTCAGATCAAGGGACAACAAACCTTGGAAGATTATATCAGAAGAGGAGAACACTACGTGAATGCGTATTACAAAAAATATGCTCCATTTACAGGAGTCCAGGTGATAGCTACGGAAAGTATGGTGAATTTTGATTTAGACACCGCTGGACAACAAAAATTCCGCGGGGTAATCGATAGAATAGATAAGGAAGGCGATACCTTTGTGATCAACGATTATAAGACCAACAAAAATCTCCCTCCCGAACAAAAGCAGGAATATACCGAACAACTTTCTCTCTATGGACTAGCACTCCAACAAAAATATGGAAAATATTTCAAACAAATAAAAGCCAGATTACATTATCTCCATTTTGATATTACGGACGAACGGGAAATTACGGATGATGTTTTGACTACGGTTGTCCAAAAATATTCGAGCATTATCGAGTGAGTAGAACACAAAAAATTCGCCTACAATATGGGGGACAAAAGGGCTTTTGAACCTGTTCAAAACGAGTATTGTAAATATTGCGAGTATATGTCGATTTGTCCCCTTCGGGCACACATGAAATACGATGACGAGGTAATATGAGGCGAACTGGGAGCGAAGACAGTGAAAGGTCTAGTCGACGAATACGTCCAGTTCGCCAAACAGGAATCCGAAGCAAAGGCGCAAAAAGAACTCCTCAAGGATATGCTTGTTGAATACCTCGAAAAAAAATGACTCCTCAAATTATTTGGAAACGCCTATAAAATCTCTGCCAGCCAAGGAGAAAATGTCTCAATCAAAGATAAAGATCTGCTCGTGACTAAACTCCAAGAACTTGGAATACTAAATGAAACCTTGGATATAGACAGATTTAAATTGCAGAAATTGATAAAAGACGGAAAAATAGATATCTCTAAACTCAATTGATCAGCAGAAAAAAATGCAAGCTGGACACTAAGATGAAGCGCTTTATAAAAAAAACTCCTCTTATTCAGAGGAGTTTTGTTGTTAAAACAGAAATATTATTTATGGAAAATCACATTTCCACTACTGATTCCTTCTTCAATTTCCTCTTCATCAGAAATTTTTTCCAATTCTTTTTCGCATTTTTCGCAATGACTTACGAAAGGATCTTGGAATTTAATTGCTTGTATGATCATAAGCTCAACATCTATACTTTCGTCTCTAGCATTAATTACAAAAATTTCTTCTTCACTCGTTTCTTGCTCTTCTTGTTTGATTTTTTCACTAATAACAAATCTGGAAACATATTCGGGAACAACAACTTTTCTTGTATAGTGTACTCAACAACGATCGCAGGTTTCTTCAAGAGTACAAGAAATATTTTCTAAATTCACATACAAAGAATCTTGATTCAATGAACGTAAAACAATAGTTCCAGAAATCCCTTCCTTGTTAAGATTTGGTAATGCTGAAGTAGTTTTTTCTTCAAAAGTAAGGGTGTCTACTTTCCCTCATTCTTTCAATAAATCTCCAACTTTGATAATAAAATTTTTATCTTTCATTTGTGCATAAAAACAATAAAATAGCTCATAGCTAATAACTTATAGCGTATAGCAAGCAATCAGATACTATATTTTTACCAAGGATTTTCAATTGTTTATCAATGAAAAATATGCGAAATATTACTAAGCAAAAATTTGATACCAAGATATTTTTTTCTTTTCATAATTTTTTTTCTCAACATATTTTCAAAAACGATATTGTAGCGGTTGCTGTTTCTGGCGGTCCAGATAGCATGTTTTTGAGTTGCTTACTTTATGATTTTTT
CP006913.1_gap28	1156855	1159809	2954	ACCCAGGTTGAATCCGGTTGCTGAGCAAACCCCAAAAAAGAACAAGAAACAGAATAAATAATTATCAGTAGCTTTTTCATACGCTACTATTTAGAGGATTTCGAATAAGGAAGCTTTAGCATTAAGACAACCTCATGTTTGGTAAACGAATAACCATATACGTCACCAAATGAATAAGAGCCGCAATACCCAAATGATATATTTTGGACATTAATTCCAAAACCACCTTTTATCGTATTTGCAGATGCATATCCTATGCTAAAAAGAATATCCTTATTGAGAATAAATTTTCCAGATACCCCATATTGTACGCTACTGAAAGTTTGTGTGATAACATATCCACTTCCCTCCAAGAACAATACATTTTCCATCAAAGTAAATCTGTACATACCACTAGCAGCATACGTAATATTAGTTTTGTTTTCAAAACTACTTACCATCCAATCAGTTTGACTGGGAAGTAAATTATACGCAGCGATACCAACATAGTATCTATCTACTTGATTAAGTGCTAAACCGAAATTGGCATTAAACCAGTTTCCAGATTCGGCACCCTGGAGAATAGGATCATCTATATCGTGTACTTCTACACGATCTCTCATTAATTTTAATTGGTTAAATCCGCCACTTAATCCAAACGAAAGTTTGGAACCACCAACAGGTACATGGTAAATAAAAGTAGCCTCAGCAGAAAGGTTTTGTAGTACGCCACCTTCTTGCGAAGCAATCTTAAATCCACCTGCAACCCGTTGATTATTAAACGGTGAACTCCCCCAAAACATAAAGGATTTCGGATGATAATCATAGGCACCCATTTCTGTTTGATAGAGCGTACCCAATTTTACCATTTCATTGTATCCGCCCAAACTTGGATTGGCTAAATATGGGTCATAGCCAGCCCCTAATTGAGCGAACCCTTTCGTTGATATAAGCACTACCAACAAAAGGAAAATTCTGATTTTTTTCATTGTAATATATTTTTGTTGGTTAGTACAATATAGTTATTGTTTTCCAATATGGTTTTTCAGAACCATCTTGTTTAACAACTTTTAAGTATAAATAAACAAGTGATCCGGAAGCAACAAGATTACCATTTTTATTCTTGGCATCCCAAATGGTCTGAGAAGGATCTGTTGATGTAAAGATTTCGCCATCTTTGTTTTGGATAACAAGTACTATTGAGATAGCATTGTTACACAAAGAACTAAAATCCAATACGTCATTATCTCCATCTCCATTTGGAGTAACAAGATTGGGAATAGCTACACCATTTCCTGCCATAATTTCGACAGAATCTGTTGTAACACAACCATTATTATCGGTTATTTGCACATAATGCCGACCAGCTGCCAAAGAATCCGCTTCCTGAGTTGTTTGAACGGGAATACCACTCCATAAGTAAGTATGCGGTGGGGTAAAATGATCCACATATTGTACTAAGGCCGTACCATCCTCGCATTCAGGACAAGAAGTATTTTCAACTCTGAAATAAGTTCTAGGATGATCAGGTTGTTCAATAATAACCTTTTCCATAGAGATACATCCATTATCATCGGTAACCGTTACATCATAAGACCCTGCCTTCAGTCTATCAATAATAAAACTGTTTGCGGGAGTTGTAATAGTAACCGTAGTATCAACACCTAAATAATTAGTTCCATCAAGTACTAATGTACTATTTGGTCCAGAGGTACCACCTGATACATTCACTTCAACACTTCCTCGTCCATCATAGCATAGGCTATGGGTTGGGTTAATAGTTACTACCAAAGGGAGTGGTTGTACAAACGTAATAGTGGTATCAAAGTCACAAGTTCCATTTGAAATACGAACCAGATGATCACCAATAGGCATATCAACAAAGCTTGTAGTGTCATCAAATAACACATTTTGCGTAACTCCACCTACAGTAATATCTAGAGGAAATGCTTCCAAGTTATGAACTCTAATTATCCCTAATTCGTCGTTACACGAGATAGGAGTATTTACAAATTCAAATTGGAAATTTGCTGGATTAGTAAGTGTCCAGGTTGTGTCAAAAACACAGCCAACACTGTCCTTAAGATGTAAGTCATAAATTCCACTACTAAGATTTGTTATAGCATTGGTATTGTTATTCATAAGTACGCCATCTTTTTTCCAGACAAAAGAGTTTCCTCCATTACCTCCAATAACTGTTGTCGTGATACTAGCATTGGTGTATTCATAACAACCTACAGGAACAACAACATCTGTTACATGAAGTCGGGCTGGTTCATTTATTGTTACCGCTGGCGGAATAAATGTACATCCGTTTTCATCAGTAATTGTCAATGTATACGTTCCAGCAGCAAGTCCAGTAATAGAAGCAGTCGTTTGACCACTATCCCAAGAATAACTTAATTGACCAGTTCCTCCACTAAAATTGGCAGTAATAGAGCCATCATTAGCTTGGAAACAAGTCAGATCTTTTTTAATTAGTTCTCCTTGAATAGGTGAATCAGGTTCCTTTATAATTACACTTTGATCCAAAGCACATCCTGTAGAATCTTCTACATGAATAGTATATCTACCAGCAAATAAGTCAGTAACTGCTGCATTATTGCTAGAGAATCCACTCGGACCAGTAATTGTGTAAACAAAACCACTATAACTTCCTTCTGCAACTGCGTTAATACGTCCCGTATTATCTCCATAACACAAAATATTTCTTTGTGTGTAGGAAATTTTTATTGGTGTAAGAACACTGTCAACCAACCAAGAATGTCGAAAACCTTTATTATCGTTTGTTACGACTTTAAAGATATTTCTCCCTGGATAAACTTCAGAAGAAAAACTTGCTACAGTATCTGCTACACTTGTTACATACAGTGGACCAGGAAGTAATTCAACAATAGTAACCGTGTCTTCCGGGAACTGCACTTGTGCAGGTAAATTAGCAGGAACTAAAATTGGTCTTACATCACTAATTGGCG
CP006913.1_gap29	1177260	1177760	500	GTTCTTATACACTCAAAGTGAAAAATCTTGTAACAGGAGGTGTGCAAAGCAAACCATTTAAATCATGAACTGTTTTGGATAAGGCTGATGTTATTACAAAGAACGCTGTATATCTCTATAATTCTGGAGATAGTTATTCATTTATGGAAAATGATAGCGGAGAAATGCATGATTTGAGCAAGGATTCTCTCGAAGATGTAGTACTTTACCTCAAAGAAAATATGGATTTATTTTTGATGGTGTATAAGGGCAATGTCCTCAATGTTATCCTTCCTGCTACGGTAACGTACAAAATCAAATCAACCGTTCCTGGAGTAAAAGGAGATAGAGCTCAAGCTGGTAAAAAACCAGCTACTCTAGAAACTGGCCTAGAACTAATGGTTCCATTACATAAAAATGAAGGAGATGAAGTTACTGTAAATACAGAAACAGGAGAAACTGTATAAATCAATCTTCACTAATTATAGAAAAAGCGCCCAATATCGGGCGCTTTTTTGTTA
