gap_id	start	end	length	sequence
CP011268.1_gap1	7095	9200	2105	TACGATCACTACAACCACTACTACAGTACAACCAGTCATACCAGATACTACAACAACTGGATCTGGAACAATTTCTCCTACACTCACTGGAAAAGTACTTCAACTCAACACAGCTAATTAATATTTTATAACCACACATATCCAATTATGATCTCTCTACGCACACTCATCAATACGACTATTTTTTGGTTTCTTACTGCGATAGTATTTTGGTGATATACAAAATGGATAGATAATACACCAGCGAAAGAATTACTGTATGCTATCGGCTGGTCAGATCTTGGGAACCTAACTATCTCAAATAATGAAACAATAGGTATCACGAATGAAGCACAACTTCTTCAGAAGATAGATAATATGGAGAAAATGATACAAGCCACCAATATGTCATGTGCATTATTACAACTCAATACTTCTAATACCGCCAACACTATTACAACACAAAACACGACAGTCAGTTCAACACAAACAATTACTATACCTGTATTTGATGCCATAATGAATACAAAACTTCCAGCATCAGAACAAGGTACTGAAAAAGCACTCAGACTTATACAACGTCCAGTATCGAGTACAAATCCAACCATTCCAGAAATATTTTGAATTCTTACTTCTCTCAATCTAACGAATGAAGAACAACAGCAAGGCTTAATCAATATGTTTGCCGGATCTCCACTTTCATTAGGAAATCATACCTTAGAAAATGGAGTACTAACACTCTCTATTCTATGATCACAATCGCTCTCTTCAGCACAATTTACAATCATTAGTTCTATTCTTGAAAAAACATATACTCAATTTTCATGAATAACTTCTGTTATAGTTCAACAAGCATAACATGTTTTCTCTTCTACTCACTATTTGATTAATAATTCAAGGATTTATTCTATGATTTCCTTGATTTTTTGTACAAGAACTGATTATTTCTTTCTTGCCCTATACTCTAGGTTTTAATATCCTTATCATAGGAATACTTCTCTGTAATGGTATAGTTACCAAAAAAAAGAGATTCTTTGCTTTGATACTATGATATAGCATATTTTGATATTTGCTTTATACTACATATCAATGAATATATCATACATCGATTACTCAGGATAACACAACAACTTGAAATAATGATATCACTTTTTTCTATGGAAACATTTATTATCAAAACAAAGAAACAGAACAACTCATTACTATCATAACCTGATCAAATCCAGATATCATTATGTTAGTAGAATATTCTAAGTCGCATGACGAATTACTAACACCTCTTCTCAAAAAAACATATCCGTATGTTTCTCGCTATATTGGTAGTAAATGATATGATGGTGATATTATTTTTTCTAAATATCCCATCAAAAACATCACGCACACTATTATTCCATGATCATTTTCACATATTACAGTATCGCATAGTACACAAGATATCGATATAGCCCTCGTACATACTAGCGCTCCTGTTTCAAAACATTATTTTGATATGAGAACAAATCAATTACATGAACTTGATAACTTACTCAACACCTATTATTCATGAGAAAATAAAGATCAGCATCTTATTGTAGCAGGAGATTTTAACATTACACCATGGTCGTCCTACTATACAACACAAATGAAACTACCATTTGAACGTATTGGACTAACCAATATCACCACTAATACAACAGCTACGACTTATAATAGAGATATACCGTATACACGATGTTTATCACAAGCAAATCTCATATGTGCACACATCGATCATATCCGATCTAATATGAGTAGCATACAACTCAAACAAATCACTCTACCATGATCAGATCATTACGGATTTGTAGGAACTATTAGACTTCCATAACATCCATATTCCATGATATTATTTGCTTTTTTTTATTATTAGAGTACAATAATAGATATTCATTTAGTTTTCATAACAAAAGATGAAAAAAATACTAATCTGACTCATCATCATCGTTTTTGCTACAGTATGATATAGTTTTGCTGACCTTGCTGGATATACCATCAACAATTTTGATGTACAAATAGATCTTAATAGTGATGGATCAATGCAAGTAGAGGAAAGTATTGAAGTCATTTTTTCAGAACCAAGACATGGAATCTATAGAACATTACCTCTT
CP011268.1_gap2	10785	12027	1242	TATCATAACTCAATATAATATCCCCAAATGAACTGAGATTATGTATTTATTTTATTTACGATATATCTATGAACATGATATCAGTAATCTTTATAGTTCAATAATATACTATCGATATTCACAATGATGGATCAATATAACACAACACTCATGAAAACATGAATATCGTATCACTGAAAAACAAATCAAGCCTCATTGAACATCCTATATTGATAATATATTATTACAACAGTTATTTGGTTTAACAGATGAACAATGATATGACCAACATATTCATTCTATAGTTCTGAATAATGAGTATGCAGAGACAAAATTAAAACGAATGATTAAAAAACTAGAATTTGAATTCAATAAAATGGGTTTTGTATCTCATAATCGTTTTTTATTCTGACTATATAAAATACAAAAACTCTCTGAAAAATGAAAAAAAATTCTTCTTCACCTCAAATGATATAAAAAATATCTTATATCAGTTGAATGACCCATTATACTTCAACAGATTAAACAAAATCCTAATTATGTAAATGAAATTTTCCCTCGAGTAGTACTATTCTGAATAGAAAACAATCTTGTAACAACTATTAATAATCTATGAATTCAAAATTCTATCATAGATTTTGACACTAATAATCTTAATATGAAAACTCATATTATAAAGTCTTTAAAAACAAATATGTGATTTCATAAACCTGATAATCATAATGATATACGAGATGGCTTTTTATGAGAAATAATAAAAAAATCAAAATAAAACAATCCTCTTGTATTCAATAATTAACTTCCTATTATATTTACTAATCTTTTAATTTATAATTTCACATTATTATGATAGAAACACTACTTGGATGACCAGCAATTCTTATTATTCTCCTTCTTATCTTTGGTGGAGCAGCAGTAAGTATCTACAATAAACTTGTAGGTATGAAAAATACTGTCGATGGAGCATTTGCAGATATCGATGTACAGATGAAAAAAAGATTTGACTTGGTCGAGAATCTCGTCAATACTGTAAAAGGATATGCAACTCATGAAAAGGAAACACTGTCTCAAGTGATTGCAGCAAGATCAGGATATAATAATGCTACTACGACAGAAGAGAAAGTTCAAGCAGCAAACATGCTTACCAATACATTAAAGACTCTATTTGCTGTATCAGAAGCATATCCAGATTTGAAAGCAAATGCAGGATTTCTTTCATTACAGTCTGAACTTTCTGTATTAGAACAAGATATTGCATCGTCT
CP011268.1_gap3	14847	16497	1650	TAACAAGTCTCACATATCTATAATTACGTACTGTAAATAAGTTTTTAACTTTTAAAGAATCATTGAGATATCAACGTTTAACAAGCACTGCTTCTATTTCTTTTCTTGCTGTAGCTAAAGATACTGCAGAATTCTTCCATACTTTAGGTTCTATAAAAACATAATTGTTATTGTAAATATAAATGTAATCACGATTTAAATTTCTTAGCTCGTTAATAAGCGCAATATCAGAATAATATCATAAATAATTATACTTTCTATCTCATACAACAATCATACTATCAAGTCTTTGTGATATTTTTTCTTCTAATTGTTCTTTCGCCATTCATGACAATATTTCTTGATATTGAGCATTATACCCTGTCCAATCAAAGCTATCTAAGGACACACTCATACCTGTAGTACTACCGCCTGTAACTGAAGATCATCAAGTAATTATACCATCTCAATAATAAAATACGGTAGGTGCTATAGGTAAAATCGTTTCTTTCGTAAAATTCTCTACATTCTTTATACAAGCTTCTTTATCAACATTATCAAAACCATTTGTCTGACAGAGGTGAAGGTAGAGGAGTGGAGTGATAATACTAATAAGTCTAGGTTTATCGAAGACCATAGAGGGATCAATAAACATGTTATAGAGTGTTACATTTTCTGTTAATTTGAGTGGTTGAATTTGAGATGCATCACTCACATAAATATTTCATCTTTTCGCTTGAGTTGTTTGAGATAAACTATGATTCTGATTGAGTAATTGTTGATAATATGATCATTGGATAAGTTGAATATAAAAAACTCTTAGAAATAAGATTCATAGTAACAATAGAAAAATTAACACAACCGTTCGTTCTTTGGTTTGTGTAAAACGATAAAATTGTGGATAATTCGACTTAAAATCTTGTCGTATAGCACGAACATTACGAGAAATTTGGTGTAATATTTGTTGTATAGTCATACTATATATGAGTTTTTAAAAATAGCAAAGAAAAAGATACAAATTTATACGGAAAAAAATTGCATTATCAAATAAAAAGAATATAATTTCTGTGTATTTTTAACTTCTACAACACATAAAGAATGCTTACAACACTCAAAAACTTTGGTCATAAACTTCTTGGATTGTACCTTATTGCAGGTTCTGCTCTTGTTGCTACTGCAAATACTGCATTTGCACAGACACAATGAGGTACAACACTTCCTTTTGCAGATCCTGATAAATCAGCAGGAATTAATGTAGGATGAGCTTGATCTGATCAAGGAGATACTATTATTGATATCATCAAAAGATTCATTAACTACGCACTTGGATTTCTAGCGCTTATCGCACTTGTTATGCTACTTTGGGGAGGATACAAAATGGTAGCATCTGGATGAGATGAAGGAGCTTACAAAGAAGGTCTTAAAATTCTTAAAAATGCTGCTATTGGAATTGCATTCATTGCAGTATCATGGTTCTTAGTAACATTTATCTTCTATGTGATTGGATTTGTAGTAGGTTCTTAGTAATCAACTTTGCAATTATTAATTAATCCTGGCAATAAGTCAGGATTTTTCTTTTTAGAAAAAATATCATTTGAATATACGCTAGTAAATCGTTATAGTAAAAAATACTAGACTAACAATTAAAAAAATTTACAATCTCTCTTATTT
CP011268.1_gap4	28344	29483	1139	ACAATATCTCACAAAACACAATCTTCTGAGGCTCTCATAATTATACTACCATAAACTTGACCTTCATGTCAGGTTTTTTCATTTCTTTATATTGCATTAGAATTATTTTTTGATTACTTCATAAAATTATTTAAGGTTAATTTAAGAATAAGGTATATGATATGCGTCATACTCTATATTTTATATTCTTATTCCTTTACACAGTATGAGCACAGAACTAACTACATCACAACACAAAGAAACAAAAGAACAATCTCCAAACGTCACATTACATAATGACTCTCATCCAACTGATCGAGAAAAGTTGAAAGTTTGGTTGAGAACATTTATCTCACCAGTCAAACCATTACGAGAAGCGATAGTAACTTTTTTTCAAACCAGTATTGGTATCGTGATTGGGTTACTCATCCTTATCTGTCTGGTCGTTAGAATAACCACCATGATCAATCATCATCGTTTTGGTCATCGAGAACAGAGAGGATGATACCAAGTGAAAGAATACACTATTCAATGAGATGGATATCAAGGACAAGGCATCTTCATCAGAAGATAATACCTAATCCAAACTAGTATCATAGAAAAACTGAGTCAGAAAGATCAGTTTTTTTCATATATTGACTTATATAATAAAATCTTGATTTATTGTTATAAATATCTATACTAACATCCTAAAACAAAAAAATAAATAGTATGACACAACTTCTCACACAAACGACAGCAAAAACTGCTAGAAATTTACATCAAGCTTTTACTACAATCACATTAGAATCTGTAGAAAAAGCAGATCTTACAACAACATTTTGGCACCACTGTAATAAGCAAAAATTTGATAATCTTTATGACAATAATACGTCATTTCAACAGATGCTTAAACAGCCAAAACAATTACTTGATTTCAAAAACAGTTTACTCAAACTAAAAAACTACTGTTCTAGAAATCAAGATCATCAAGAGATCACTCTTACCATCGTTACCAATCAACAACACAAGCATTGGATAAGAGCACTTTCTTAATCTCATATACAATCTATCTAAGACCAGTTATGCTGGTCTTTTTTTATTGCACAAGTATACAAATTCACTTGTATTTTCTCTCACTATCAGATATTATAAAGTCGTCTTTTATATCATCACTCTCA
CP011268.1_gap5	41036	45186	4150	TATACGACCAAAGATAGTATATCATTTTATAACTACTACAACGATATCGCCAAGAGAGTAAAAGCGAGAGAAGTTGATCTCCTTTTGGTGGTAAATATGTTTTTGACAGGATTTGATAGTCCATCTCTGAACACTCTGTATGTCGATAAAAATCTCAAATATCATGGACTGATCCAAGCATTCTCTCGTACGAATCGTCTCCTCAATGAAAAGAAATCGCAAGGAAATATTGTCTGTTTCCGTAATCTCAAAAAAGCAACTGATGAAGCGATTACTCTTTTTTCAAACAAAGAAGCGATAGAAAAAGTTATCATGGAACCCTACGAAGTCTATCATGATAAATTTCAAAAAGCTATCCAATCACTACTTGAGATCACACCAACGATTGATAGTGTAGATAATTTATATGGAGAGGAAGAGAAACTTGCATTTGTACAAGCATTTCGTGAGGTGATTCGTTTACATAATATTTTAGAATGATTTGCAGATTATCGTTTTGAATGATTTGCTATATCCTCACAAGAGTACGAAGATTTTAAAAGTAAATATCTCGATATCTATGATAGCACCAAATCATGAGGCAAAGAGAAAGTATCTATCCTAGAAGATGTAGATTTTGAATTAGAACTTATCCAACGTGATGAGATCACCGTGACCTATATTCTTTCACTCCTTGCCAAACTCAAAGGAACGACTAACATCACCAAAAAAGAAGCTCTCCATCAACAGATTATGCAAATTATATGATGAAATAGATCACTACGTTCCAAGAGAGAGCTGATAGAGGAGTTTATCAATAATTATCTTGCGACGATTACAGAGACGGAAGATGTTGAAGAATCGTTTTATACATTCTTAGATGAAAAGAAAAAACTTGCTCTTAATGAACTCATCCAAGAAGAGAAACTCATACCAAGTGAAGTACATAAGATCATCGATCATTATATCTTTAGTGAAAAGAAACCCCTCCGTGATGATATCGTAGGAGCATTAGAAACCAAACCGACTATCTTACAACGTACTCCTATTATTACCAGAGTGACAGAAAAACTCATGAAGTTTATAGAGATATTTATTAATGATTTGTAATTAACAACGCTCCACTCAATCCCTCACACCCATCCCTATCAGAAGGGATTTTTTCCTTGTAAAAATTATCATAAACCTTATAAACTTTATAACTTTACAAACATTATAAACTTCTTCTATGAATCAATCCCTCGCTCTTTCTCTCCTCAAATCTGGACGCAATGTCTTCCTCACGGGACAAGCAGGAGCAGGGAAAACCTATGTCATCAATCAGTATATCCAGTGGTTACGATCCTGTGATATCCCTGTAGCGATTACCGCTTCGACAGGAATAGCAGCCACGCACATCGGAGGAGTGACCATCCATTCCCGAGCTGGTATAGGAATCAAAGATAGACTGACCGACCATGATATGGAACTGATCCAACAGAAAGAACATCTTCACAAAAATATCACCAAAGCCAAAGTCCTCATCATCGACGAAATCTCGATGATCAGTGCAAACACTCTCGATATGGTCGATAGAGTAGTGCAGATGATCAGGAGAGATGGCCGTCCCTTTGGTGGACTGCAGGTGATCCTCGTAGGAGATTTTTTTCAACTTCCACCCGTGATGTCATCACAAGACGCAAACAACACCAAGAGATTCGCCTTCGCTGCGAAAGCTTGGAAAGAACTCAATCTCGCAATCTGCTATCTGCATACGCAGCATAGACAAGATGAGGGAGATTTTAGTATCGTGTTGAATGAACTCAGGAAATGACAAGCCAGCCAAGAGAGTATAGCTCTGCTCAGGACGAGGATGGATGCCAAGATCACTCATACGAATCCTGTTAAACTCTATACCCACAATATCGATGTCGATAGGATCAATGATGAAAAACTGGAGGAACTGACAGGAGATGAAAAATCCTACATTGCCACGTGAGCGTGAGACAAGAAACTTCTCGATACGATCAAAAAATCCATGCTAGCTCCCGAAGTGCTGTATCTCAAAGTCTGAGCACAAGTGCTGTTTGTAAAAAACAATCCTGTAAAATGATACTATAACGGTACCACAGGAGAAGTGGTTGGATTTGTGGCTTGATCTGGATACCCACTTGTGAAGATAGCGAACGGCGACGTCATCACCGCAGAACCAGAAAAACGATCGGTAGAAAACGCCAACGAGATTATCGTCAGTGTCACCCAAATCCCACTCAAACTTGCCCGAGCTATTACTGTTCATAAATCTCAAGGAATGACACTCGATGCTGCAGAGATGGATCTGTCGAAAGTCTTTGAACCAGGACAAGGATATGTAGCGCTCTCGAGATTAAAATCACTAGAGAGCCTCAAGTTTCTGGGACTGAACGAATCAGGATTGAATGCACATCCACTCGTAGCCAGAGGAGACGACTATTTTTGGAATCAATCAGAACTTCTCATCGAGCAATACGGTACTCGAACAGATGATATCTGGGACGAACTCCATGCTCGTTTTGTCGAACTTATCGGTGGGACCTATACCAAAGATGTTACTGAAAAATCCAAAGTCATGCTCTCAGACTATACCTATAAAGGCAAGACAAGTAAAAAATGACTCAAAGCCGTGAAAGACACCTATGCCACGACCTTATCCTATATCACTAGACAGATGCCCATCGCCGATATTGCAAAAATCCGTGAACTGACCCCTGGAACGATCCGATCCCATATTTTCAAACTTCACGAACAGGATCCGACACTTGATATCGCGTATCTCAAACCAGAATCATCTCTCCTGAATCTCGTCCAATCTGCCTATACCAAAGCAAAGCAACAGTCCAAACAAGACATCTCCTCCAAAGATATCTTCACTCTCCTCAACGGTACCGTCAGTTATGAGGATATTAAAAAATGCTTACTTTTTATAGAATAAACCCTTTGTACATCGTATTTACTTTTATCCACCTACCATGCAATCTTATTCCATTAATTCAACAACTATAAGACATATTTTTTACAGAAAGAAAAAACAAAGACTTATCATAGAATTTATGTCTTGATGAGTCTATGAATACAAGAAAGTGCCCAAATACATAGTTCAGTGATTTGTACAAGCTCATTCAGTAGGAATCTTTTTCAAAGACAACATTAGGAATAATTATTTTTATAGAAAAACAAAAGATTATTCAAGTGAAATGCTAAATATCAAGAAAGATAAAAAACGAAAACATCCATCAGAAGCACTAACGCGACAATAATACATTTATTCTTATAGCTCTCTCATGAAAAAAATTCTCTATATCGATATGGATGGTGTCCTCGTTGATTTCCAAAGCGGAATAAATCGTCTTTCACCCTTAGATAAAGTAAAATATGCACTTCATCCCTCCAATGCACCGGGTATCTTTGCTCTTATGGATCCACACCTGGAGCTCTGGATGCCTTTCATCTTTTATCAGAATATTTTGACACCTATATTCTCTCGACTGCTCCTTGGGACAATACGAGTGCTTGGTCTGATAAAATAGCTTGGGTACATACCTACCTTCCACAAGTTGCACATAAAAGACTTATTCTCAGTCACAACAAGCATCTCAATGCAGGTAACTATCTCATCGATGATAGACTCAAAAATGGAGCTGAAAAATTCCCTGGAGAACTCATCCAGTTTGGAACAGAACAGTATCCTGATCGAGACAGCGTCATTCACTATCTTCTTACAAACAATGGATTCTGACTCCCATCACGTCAGGATTAATAGTGTTTGATATATTTTTTGTGTTTCAAGAGAGATTGAATTACTTCCCATTCTTCACTTGTGATTCCTTGACTATAGGGAACATAGATCGAAGCATTAAATCCTAAGGGTTGACCATGAGCCTTATAATATTCTTGAAGACGAAGTGGTTCTTTTTTGCCAACATTCAGGTAATGACTATAAGGTGTAACATTACTGGGGTTTCCAAAAGAAGTCTCATTCGAATCTGATTGCGTTATAATCACAGGAAGATTTTTATCATCTATATCAGATTGCTCTAAAAGATTAACTAATGGTCATGCACTATTATTCGCATGACAATGCAAATATTGGATCGTACTGACTCCGTTAGCAGTATTATGCGTAGAGTGGAGGAGTCACATCAGTCACTCAGGA
CP011268.1_gap6	48245	52125	3880	TCAACTCAGGAGTCATTGTAGACCTTATGCTTGAATAGTTCACTACGAACCAAACTACAAAGAACTATCTTCGAAAAGAGGATAGATTTTTATATTATAAAATATTTATAAAAAATGTCTTGATTTTTATATATCTTTTCTGTATAAGTGAAGCATAACAAAAACACAAATGAAAAAAGGTTGTGTCAGAAGTTTTGCGATCATTATTCTGGCAAGAGCAAGGAGAATTTCCGGAGTCATTGTTTCTCCTTGCTCAACAACCGCCAATACGGAATACCGTAAAACACAAATGATTCTCTATATACCCAAGTCTGTCATATCAGATCTGGTCTCAAAGTCTCCTTTTAAGGAGACTTTTTCTATTCAATAAATAAAAAAAAACTCTTCATATGCATTCTAAGTTATTGCCATTTTTTAAATTCTCTTGCATTTGATATTTTTTTATATAATATACCTTGTATAACATAGTACTATATAATAATATTTATTTGATACACATGTAAAATATGGAATCCAAAATTACCACTCAGATGAAAAAAGGAGTGATAGAATATATCGTCTTAGCAGTAATTGCAAAAGGGGAGGTATATGCATCAGATATCATCGATATTCTGAAGAGAAATGATCTCATTCTTGTAGAGGGAACTCTCTATCCACTTCTGTCACGTCTGAAGACTGAAGAATTGCTCAACTACTCACGAGTAGAATCTGTGCAATGACCTCCTAGAAAATACTATCGTCTCACTGAAAAAGGAACTCATGCATTACAACTTATGCGTAAAACGCGATCCTGACTTGCAAAAACGATCACCAACATTGATAAAGTCAGATAATAAAGTTTTTATTATAACACATTCACCGTCACTGCGAAGAATGAAGCAATCCACATCCAACAAGAGATACTTCGCAAGCTCTGGATGACATCTCATTTTATTCTTTATCTTCAACAAGTATGAAAAAATACAATCTTCTCTGACACCTCTTCGAGTTAGAACCACGTGCTCACGACTTTCTTGACAGTTACGTACAGCGTATCGAAACCTACGCACATAATCATCATATAAACAACGACATTCTCGATGATATCAAATATAATATTATTGAGAAACTCTATACCGCCAAAAGTCCTATTAACGAAGCATTTGTCATGAATTTAGCTGAAACTATCGGTGAACCAGAACAAATTTTTGAAGTGAGAGAAGCACAAGATGAAGAGAGTGAAACTCAGTCAAACATTCTAGAAAGATGGTTCTGAAAAGACAAACCAATGATCTGGTGAGTAGCATATCGAATTGCCAAATCTCTCAATATACCAGTAGCAATTGTTCGTCTTATCTTCCTTATCGCTGTTTTTATTTATGGAACAAGTATCTGGCTATATCCACTTCTTGCATTATTTGTACCCTACCAAGACAAAAAAAAAAGTTCAGGACAAGTAGGTAATCTCTTTTTCGAGACAATTCGTATCATCATATGGTTAGGGCTTATATTTTTTCTCTGATCGACTATTATAGGTACTCTGATAGGATCTACATTCTTCTTATCATTACCACTATTGAGTAATCAATCAATTCAATCAATTTTACCAACATCAATATATCCTCTTGGTTTTCTATCTCTAGCAGCACTGATAAGCCTATTTGTTTGATCAATATGAGCATTACTCAAAAAAACACGACTATCAAAAACTTTTGCTATGGTTGCTATTGGAGTTATACTTGCAAGTTGAGTAATTACAGGAATGATTGCATATACTGAAGCCATGAAATACAATAATACCACTCCGACTGTATCAGAATCAACTCTTAATACATTCACTACTGATTCAGAATCAGTAATTATTACTCTCAATCAAACTGGCAATAAAACTGCAAATTATTTTCAATGATGATTACGATCTAATTTTAAGAGATGAGGAATGTTTCAAGAGATCAAACTTCTTCCATCACCGAACAATGAAATCAGCGTAATAATAACCGACACCATGAATATCACTGACCAAGATAAGAAAGAACATATTCTATCACAACGCACATCAGTAAGTACTACAACTTCTGGCAATGAAATCATCTTTACTATCCCAAATACTATCTTTAGTCAGAAAGTTCCTTTTGTATTTGCCAAAAGAACCATCAATATATATGTACCTACTAACAAAACTATTCAATACAACAATAATTCTGAAGTAAGATATCATACACCTCATCAACGATATGGTGAAAGCACAACAACTGGTGAAACACGTATTATCTGTAATGATACCAAATCTTTTAAATACAACGAACGTGAAAAGGAACGAAAATGTGCTAATATTTCTTCTGAACTGATACCACTCAATACTGATATGTATTGAAGTAATAATCTAGATGAAGATATTGATGATATCTTTGATAGAGAACATCTGACCAATGATCAAGAACATATGATAGAAAAAACTTATATCTGACTTCCTCTAACACAGGCTACTACACAAGCTACAGCAAGTGGAATGATACTCAGAGTAGTAAAAGAAGATGGAATTGACTTACCAAGCACGGAAGATTATCGTCCAGGTCGTATCAATATAGAGATCAATAAGGGAATCATCACTGATCTTGATATCGAATAGGTATTGATCTCTATAATCTATCTCATATCACGAGGTAGATTTTTTTATATTTGCATTATATCAAAAAATTTCTATAATTCACAACAGAATTTAACTTCATCTTAATCATGAAACTTCTTGTCTTTCTAGGAAATCCAGGTCCTCAATATCATTTTACTAAGCACAATATCTGATTTCTTATCGGAGATGAATTAGCAAAGACACGAAACTGTTCTGATTGGTCTCTAGATAAGCAGAGTAGAGCAGTTATTACAACGGCTATGTATGAAGGAGAAAAACTCATCTTAGTGAAACCACAGACTTTTATGAATCTTTCTGGTCAATCTGTTATGTCATTACTATGATATTACAAGTTTACTCCAGCTGATATGGTCGTTATTCAAGATGACATTGATCTTCCTTTAGAAACCGTGAGACGAAAATTTGGAGGAAGCTCTGGAGGCCAAAATGGAATCAAAGATATTATTCAAAAAATAGGCACTGACCAGTTTGCCAGAGTCAAGATTGGGATTGGGAGACCATCTCATCCATGAGCGGACATTGCTGATTATGTGCTGAGCAAACTACCTCATGATACTCTTGAACATCTTGGAGCATTATCAAATGACGTACTAGAAAAATTACAGAACCATTTTTTTCAATAACAACACTACAGAGAACAAAAAATAAATAATATGTACTCATAACATTTTGTTCATTTTTTCTTGCACATATTATAAAATTAACTATACTCTAGACGATAACTTTATCATCCCCATTCTTATGCCAGACAAAAAACGCGTGAATCCAATTATCTTCAGTAGTGAAAATTTACCATGATTTGGTCTCGACCTTATTTTTTCAATTGCAAAAGATTCCTGATGCGATGGGATTGATCTAGCTTTATGGAAAAACTATGATGCACGACATGAGTGATACGTACAAAAATTATCTCACAATTACAACTTACCAGTATATAGCGTACAGACATCATCTAAAATAAATGCTAAAGAGATGAATAAAGCAATCGAAATTTGTGAAGTTACGGGTGCACAACATATTTTAATTAATGCACCAAAATATTTTGATGTAAAACCTTATGCATTTCTCACGACTCATCTTAAAACATATCAAACACAATATCCTCATATTACCTTTAGTATCATCAATCCAGATACTGCTTCTATGGCTTTCTTACCATTTCCAAAATATCGTTTCAATAATGTTGGTGAAATCATAAAAAAACATCATTGTAAACTTTGATTTGATGTATCTAATATGGATGAAGATACA
CP011268.1_gap7	64115	66417	2302	ATAGATACGATTATTACCCAATATAGTAATCGATCACCATTCTTACAAAACAAAAATAGTCTTATGAGAGAAGTTATTGAGAAAGAACTCAAGCAGTTTGCAAAAACACTCACTCAATGACAAAAGATTCTTGAAAAATATATCTTAGAACTTTGAACAGAAAAAGTTCTTTCTGGAGAAAAGATATTTATGCTCTATGATACGTTTGGTTTTCCTGTTGAACTGACAGAAGAGATAGCTAACAAACATAATGTAAAACTTAACAAAAAATGATTCAATAAAACAATGGAACAAGCAAAAGAAAAATCGAGAGCAAATACAACAAAAATCAACACCAAAGATATCGATCGATCAGTACATACAACCTGAATTAAACCTACACTCTTTGTGTGATATACTGACTTCGAGTCAGAAAGTACTTGTTTAAAAACTCTAGAATTTGAAGGATATAAGGTATTAATCTTTGATAAAAGTCCATTGTATGCAACCATGGGAGGACAATTACACGATATTGGTACGATAGAAGATAATGGAATGATATATACCGTCTTCGATGTTCAACAGTACAATGGTGTATTTCTTCATTTTGTCAGGTAAATTATTCACTAAAATATTGTATTCTATCATCGCTTTGATAGAATTTTTTCACATAACAAAAATTATGTCGTTTATCTTATGTAAACAACTTTTATTTTATATTCACACACTATGTTTAAAAAAATTCTTTTAACTGGAATTGCTTTCATTGCAGGAGTAAACCTCGCATTCGCTGCAAATCCACTCGCTGATACAGAACGAAATCTTGTATCATATAACAACAAACAAGCATCAGGAACTCTATCATTTGATCAATCTAAAATGTATAGTAAGTTCTGTAATAATGTATCACAATCATATACCTATACAAATAACACAATCACTTCAGATGGAATAGCTCTAAGTACCATGATGTACTGTGAAGGATTACCTATGACATTAGAGTATAATTTTGATATTAGCACTGGCTGAACACAAACCCTCCTATCGGGAGATCAACTTACCATTACTACTACAGATAAGAATACGTTTATTTTCACAAAACAAAACACTTCTGACCCAGTGATGTGTACCATGGAGTACGCTCCAGTGTGTGGAGAGGTTGAAGTACAATGTATTCAAGCACCATGTCCTCCTATCAAACAAACATTTGGAAACTCATGTATGGCAGGAGCAGCAGGAGCAAAAAATATCACACAAGGAGAATGTTCGTCACTACCTGTAGTAGGGTGAGATACTGATGAACATGGATGTAAGGGATCAGCTGGTTATACACGGAACACAGGAGCTCAAGAATGTGTAAGATCTTGGGAATATGAAACAGTATTACGAGCATATAACAATGGTATAACCAAATACAATACGATGACATCATTTATGCCAAATAACTATCTTACGAGAGAACAGGCTGCAAAAATGCTTATGGCAACTATTGATGCATCTGGAGTAGAAGAATGGATGGTAAAACAAGCAGCAGGAAGTTGTGAATGGACTGATAAAGCATCTATTGATTCAACACTTTATGACCAAGTATTCCGTTCATGTACAAAATGATTGTTTAAAGGATCAAACGAAGGTTTCTTCTTACCTCATCAAGCTATTACAAGAGAACATATTGCATTCGTTATGAAAAGATTGGAAACATTTATACCAAAAATAGCTAATCATCCTTATCTTACTGAATCAAACAATACTACTCCTTATACGAGATTAGAGTTTGCACAATTCTTACAACAACTATCACCAGTACTAGAAAAAGCTGCAGAACAAGATTTTACACAACAAACGAAAGATCTTGAAGCTGCTAAACAACTCTGGAAAAGTAAAAACATAACAAGCTATAAGATGATTCAACAGAGATCTTGCTTCTGTATGGGGGATTATATTCGTCCCATGATCTACGATGTCTCTAAGGAAATAGCACAAAGAGGCACTGCAAGATACAATGATAATAACAAAGAACAACTTTCTCCAACTATGGATGTAGAACTTAACAGTGTGACTGATGCATTCAATATCATTGAAAATGCTATCAAAGAAAATGTAGATAATCTCACAGTAGAATATGATAAAATCTATGGTTATCCTACCAAAATATCTATCGATACGAATTTTATGATAGCTGATGAAGAACAATACTTCAGCTTCACTCTAGTAAAATAAAGTTCTTTATATAAAAGAAATCCGCAAAGCGGATTTTTTTAATAATGTATTTTTAATATCTTCCCTGTCCAATCTCTCATGTTTTTCAAAAGAGTAGTATCTT
CP011268.1_gap8	69604	70961	1357	ACTCCTTTTTCGAAGCGGGCAATCATTTGATGAAGATATACTAACAGCAGAAGGATCATTCCAAGCTGCAGATATTCGCTACACTCAGAGTGATCACATTGATATAAAATCTCTTGCAAGACTCTTGCAGAAAGCTACACTCATCCAACGAGATTACAAGAATATCGTCAAACGTAAAGGAAAACTAGAAAAACTCACCAATTTTTAATTATTATATTCTCTATCATGTCTCTCAAAACTACAAAAATTATCTACCGAGTAGCTACGATTGCTCTTGCAGTTTTTATTTTACCAGGATTATTCTTCATGAATAGCGAAATGGCTATCGAAGGTATGAAACATGTAGGACTTACTGACGCAATATGGTTACAGCAATTACTTGGATATGCTTCTCCTCTTGCTATTCTAGCAATTATTCTTGGAAGTTTCTTTCCTAAGGTGATTAAAAATCATATCAAAGAATGGGCTTATGCAGGTCTTGCATTTATTTATATTGGAGCATTTTGGGCCCACCTTCAACTTGGTGATACACCAGCAGAAATAGCGATGCCTATCGTAACATTTATTATCTTGATGGTATCACACTGTATGTGGCATAAGATAAGTAATGTAAAAACAGCATAATCATAGTTCCTCTCCATAATCATCAATTCTTTATACGATTGAGTTCATTGTCATCATACACAATGAATTCATTTTTATACCAACTCTTCTTATGCAAACAAACAATAATCTCAAAATTTTCCATACCTTATTAGGAAACTCACTTGTTGCTTCAGTAACTAACTTTTTTATATGGTTTGCTCTCGTCTTTTGGGTATTTCTCCAGACACATTCTCTCATCGCAAGTTCACTCATTGGAGGATTTTTTGCACTAGCAAATATGGTCACAGCACTCCAATTCGGTCACATAGTCGACCATAACCGTAAGCATGCCGTAATAACCCGATCGAGTATTGGATCGATGCTTGCGTATAGTATAGGTGCTATCATCTATTTTACTACTGACCCAAGTGTATTTACGAGTATTGGATCGTGGCAATTATGGTTATTAGTAGTAGTGTTAATGAGCGGAACTATCATCTGAAATCTTCGCAATATTGCACTTTCTACAAGCGTATCACTTCTCTTACCCGTAGAAGATCATGCAAAAGCAAATGGTAAAATCGGTACAGTAAATGGTGTCGGATTTACGCTTACCTCAGTAGCGAGTGGATTAGTGATAGGATTTCTTGGGATGGGATTGGCAATCGCTGGTGCGGCTGTAATCATGCTCTTAGTGATAGTACATCTCCTGACCTTTGATATACCAGAAGACAAACACGTAACTCACGACACTCACCCTGAGTCAGGAGAG
CP011268.1_gap9	84288	88398	4110	TCGCCATCTATGATGAATATTTCAAACTGCTGGATTTCAAATTGGAGATGAGATTTTTTTCCCACAACTTAGTAATGAACAGCATACATTGCTTGCATATAACTATCTCTATGGACAAGTCACCAATGGGGGTTTTATTCAGCTCATCCAAAATGGTTATGGCTCATATATTTTTGAGTCACCATATATTGATACATTGCATTCTCGATGATTAGAAAAAATGGCAAAACTTCTACAACAAGCACAAATCATTTATAGAGATAAAAAAGATATCTTAGAGGAAGAAAAAGATATTGAATGATTCTCTCAACTCTACGAAGATATCACAGATTTTGAACCTCTAGATGATGAGTTTTACGAGATCATGGATGAGGAAACTACGATATTGAAAGAATATATTCACAATAATCTATGTTCATTCGTTCAACTTATATAACATTTTATTTATAATACCATTATCATGAAAACATCTTCTCTTATTCTTTTATTATGATCTCTTCTTATTCTTGGAGGTTGTAATTATAGCACTACAATACCAGAAAGTACTACAACTAATACTACAACAGGAACAGAAAACAATACTATTCTGACGGGGGAAGATGTACAGGCTCCTTTGGTAGATACAATTGGCAGCGGAAGTGCAACACTCTTCTTTGATGATAACAATCTCACTAAAACATTTACTCTCTATCATGAAGTAGGAGAACAAAATAATGTCTATTTTATTAATGATGGATACAAAAAATTAGATGTAAAAATCTTTTCCCTCTCTGCTTGACCAATAAGTCCAAATCTCCGTCTTTCACAAATTATTATGCCTGATGGACAAGCTGATGGACCATTTAGTACTGAAACCACCTATGACCTCACACAAAATGGATGATATCAACTCATCTTCAACGAAAATATGATGGCTTGAGATCCATGGTCTGGTGATGCAACTTTTTCTATTACACTCAGTAAATAATACAAGGGCCTAGAGCTCTTTTTTTCTTGCTTGCACAAAGCACATAAATCACTATAAAAAGAACTCAAAATCATATTTATATTATTACAATCCATTGATGTCACAAGAAGAAATCTACTATGATGAAGATCGAAATATTATACCCATGCCTTTAGAAGAATGGAAGATACATCTTTCAGCACAAACAAACGAAGGAAAAGTATTTGATGCCTATGGTACTGAACTCCAAGCTGGAGATAGCATCATCTCTATCAAACCATTACCTGTAAAAAAAGGAGTTGATATTAAGCAAGGAGAAAAGTTTACAAGAATCAAATTAACTGATGATCCATCACTTATTCTTGCTAGACACGAAAAAAACTGAGAGATGTATCTTAGAACAGAATTTTTTAAGAAGTGATAATAATATTCTTGCAAAAACTCTTTCTATGGACATCAGATAATCCATACTGGGCAATCATAGTCCTATGTAAGAGAGTACCATATCCTTTATGGCGATCAAATCCATACGATTGGTACTTTTTCTTTTTTGATAAACTCATCATATACTCATCTCTCTGTACTTTAGCAATAATAGATGCAGCACTAATTTGCCATACTAAAACATCACCATGAACGATAGTTTCTAATGGAAAAGAAATTTTCTGACGAATTCCATAGTCTGTCTTTCCATCAAGTATAATTTTAGGATCATAGTTGAGATAGCGAGCATGAATTTGAATGATAAGATCAGATATAACATTGAGTGATGCTTGACGTATTGAAGTGACTATTCCATAACGATCGATAACTTTAGCAGAAGAGGAGGAAATCGACCATACGATATCAGGATGAGATACAATAAGTAAAGCAAGATGTGATCTCTGTCAGGCTGATAATTTTTTACTATCAGTAACCTGCTCATACCATTCAGGGAGATTCTTCCAAAAATTTGGCATACAAAAAACACCACCAACTGTAACTGGTCCAGCCAATGGTCATCTTCCTACTTCATCTAATCCTATACTATTTGAAAATTTCATCTACTTGTTGCATAAGATAATCTTTAATTTGTTGTTGAATTTCAGCTTTGATAGCTTCTTTTTGTTCTTCTACTAAAACTTGTGCTTGTCCCTGATATTCTCCAAAAAGAGCTTGTCCTCCAGTACCAACTCCATCAGTCATTACCGTATCAATAATATTTGTCATATTACTAGAAACTTGAGCCGTTACATATTCATATCCTAATTTACCTCAAACTACGACACCTACAATAGCTCAAAAAATAAATATAATTACACTTTTCATTGAATATACAGAGTAAAAAAGTAAAATAATAGAGCATATATACATATTTATCATGACAATACAATGAAAAAATATCTGAAAACGATTCTTATTGTCTGAACTCTTTTTATACTATGGCGAATAAGTCAGATTATTTTTGATGTTTTTTATTCTACAAACCAAAAAATTTATCTTGGTATCTGACACGGATCACGAACACAATCAATTATTTCATGAGGTTATGAAGAACAACATATTAATGCTTTTACTACAAGCACACCGATACCATATGTAACAAGTCATATAGGAAAATTTCAAGATCAATGTCATTATTGACAGGGGAATTGTATATGATTATTTGGACAACAGTGACTTGCATCATTTCGCTGGATTAATGCTATTCAATATATAGCACAAGAAGTTGATACAAGCCAACCTAGTGATATTACAAATCGTTTCGCGAATCTACACGATATCAATCCTACACGATACTATCCCTATATTTTATTACAATATCTTGGTAATCCCACTCAATACCAAAATACAGAAGATAGCAAAATAGCACGAGAAAATACTATTCGTCTCTGAGAAAAAGGTATACAATATCATTGTAATATGCAGATGATTGAAAAAATTGACAAACTCAGTTATACAGGATTCTTAAAAGCTCTTGATGAGAAAAACCCAGAATATCGATATCCATGTACATCCTGATGAGAACTTGCTCACACTATGGCTTTCAATTATTTTTATTACCTATGAGATAGCAAGAAATCTATTCTGTATTATAAAATTGCATCCTTTCATGATGATGTACCTGCCATTACTTCTTCTATGCCTATTCTTATTGAAGGTAAAGAATGAAACAACAAGACAAGTGCTTACTTATGGTATGATCAATTCAATAACGCAATAACAAAATACAAAAACAAAGAAAATCTTAATCCTGACGAAATTTCAAATCTTGAATCGAGTATGGACAAATCACTCCACAAAATGGTGAGTGAATACTCGTTATATTTATTAAACCAAGCCAGTAAAAAAGCTAAAGATGATGGAAAACTAGAAACTTGTTATACTACACAACAATGCCTACAGCCATATATAGCAAATATTTTAAATTCACTTGCAAATCAGTGTCAGCAGAATAGTATTGACTGTCAAATTATAAGTTATTGAAAAGAAAGAAAGCGAATAGACAATAAAGGAAATCTTTCCTATCCATGAGACTTACAATATAAATGGAATAATGAAAAAAATAATCGAGAAATTAAAGCATTTTAATTCTACCTTCTTGTTCAAATGATAAAAAAATGATCATTATTGAAAACATTATTATCAATACTGTCATGACTTCTATTCTTGTGATATGGTGGTGCAACGACTATTTTTTCTCCAGGAGATATCTTCATAATCACAGCAAATGCAAACCCTGATATGATAGAGTTTGTCTCTCGTGTAGATATGAATAGTGGAACAATAATACGTTTTAGTGATGATTCTCGTACAAGTACATGAACTTGGAGAGCCACAGAATGATATATTACCTTCACATCAAACACAAATATCCCTAAAGGAACAATTATTAGAATGTCTTGACTTCATACTACAACCCAGACAGTTTTTCCTACTTGATTTGGTACGATTACTAAAAATAACACATTTGATCTTTCTACAGCAGGTGAGAGTATATTAGTTTATCAAGGGACTCCATATAATCAAATTTCACCAACCTTCTTATATTGACTTGGTTTCGGATCTTGAACAATATGGATAAACAGTTGAATTGCAGGAGCTAATACATCTTACCTTCCATCTAATATTAATCTATGAACTACTGCAATTTTAATTACAAGTGGAGCTAATGTACAATATAA
CP011268.1_gap10	213905	218584	4679	TTCATATAATTCATCACCTGGTTCTACAAAGATAGTTCCTCTTTCTTGTAACTTCCAAATACTATATCTCATAGCCACTCCTTTATCCATAGATGTCATAGAACCATTGATTCTCTTCTTAATCTCTCCTTTATGTCTATCATAATGAGAAAATGAACTATACATAATACCTTCACCTTTCGTCATCAAGATAAATTCAGCTCTGAGACCAAGTAAACCTCTTGTTGGACACTCAAACGTTAACGTTGTCAATCCATTATGTGAAACCATGTCAGTCATCATTCCTTTACGATCTGACAGCATAGTAATAATAGTACCAGAAAGATCATCAGCAACAGTAATAACTACTTGTTCGATAGGCTCCATAAGTTTACCATCTTCTTTTTTCATAATAACCTGTGGAGCTGACACTTGAAGTTCAAATCCTTCTCTTCTCATCGTTTCAATAAGCACTGAAAGATGCAGTTCTCATCTACCAGAAACTGGATATCTATTTCATTGATCAAAATCTACTTTCAATCATACATTCGTTTCCAATTCTCTCGCTAATCTATCCATAATATTACGAGAAGTTACGAGTTTACCATCACGTCCCATAAATGGACTATCATTCACTAAGAAATCCATTGTCAAGGTCGGTTCATCGACATGAATAGGAGGTAAAGGAATAGTACCATCTTCTCAGACTGTTTCACCTACAAAAATATCACTCATACCGGCAATAGTAACGACATCTCCAGATTTTGCTTCTTTCTGTTCAATTCTCGTTAAACCCAGCGTTGTAAAGACTCTCGATATTTTTCCTTTACGTTGGTTTCCATTATTATCAAAAACAATAACTTGCTGACCCGGTGTAAGTGTACCTGCATAGATACGTCCTACTCCAAGTCTTCAAAGATAATCATCATACCCCAGATTTACTACCTGCATCTGTAATGGTTCTGAAGAACGATCTGCAGGAGGAGTAACATGATCAAGGATCATATCAAATATAGGAATAATACTTTTTGGTGGGTTAGCTGGATCAAATCCCTCTAAAGACGCAAGAGCATAACCATTTTTTGCACTTGCATAGACGATAGGAAAATCTGCTTGTTCATCATTTGCTCCAAGAGTTAAGAAAAGATCAAATAATTCATTAATAACCCATTCTGGTCTTGCCGTTGGTTTGTCAATTTTATTAATCACAACGATTGGTTTAAGGCCTAGTTCAAGAGACTTTTTCAATACAAATTTCGTCTGAGGCATAGGTCCTTCATAAGCATCTACCACAAGAAGTACAGAGTCTACCATACGCAACACTCTTTCTACTTCAGATCAAAAATCAGCATGTCCTGGAGTATCTACAATATTGATTGTTTCAGTTAAACCATCATGTTCATAAGAAATAGCTGTATTTTTAGCATAAATAGTAATGCCTCTTTCACGTTCTTGATCATTATTATCCATAAGAAGATCAGCACCCTCCAATTTTGCGAGAGTTCCAGATTGTTGAAGTAGTTGGTCAACAAGAGAAGTTTTCCCATGATCTACATGGGCAATAATAGCAACAGTACGTACAGACATAATGAATAATAAGAATTTTTAAAAACACAAAATCAAGCACACAAAGAATGATGATACAACGATCATACAAAATCAAAAATACAATAAGAAAAATCGTCAGAAAATATAGTCAGAAACTAGATTTTTTGAAAAGAGAATACAGAAAACACAACTTGCCTATAATAATATAATGGAAAAGAAGCGTAATTGCAAGTATTTTTACAGTATATTGCATACATATTGAATTTCAAAGAGTTTTTTATATACTATAAAACTATTTTAATGTAACCTATAAATGGAAACTCGTAAAACAATTGATACAGTAAAAAAAGAAAGAAGAATATTAAAAAAAACTTCTCTCCTTATTCAATCTCAAAAAAACACTATAAAAGCGCTTAGCAATATTATATCATCATGAGTATGATACCTACCCTGAGCCGGTCCAATGAAAAGCTTATGAGAAGGAATTGTCTGAAAAGATTTTTTAACGAAAAGAAAAATACGTTTAAGTGAACAATTATTGAAAATAACTGCTTGAGCGAGTTGATTGACAGGTTATTATTACCTTCTCAAACCATATTTTAACGGAGCTGAACCAACTCTGGATGATATAAGTGGTTATGCTAGTTTAGAATTATGTAATATGGCGCTGTATACATTATCCTTATTAGCAGCTGGTTGAGAACAAGCACAAAAAGTAAAAAACATCAAACAACAACTTTACGAAACAATCCAAACCTCTAAAAAAATAATAAGAACAACAAAATGAAATAAAAAACATAAAAATGAAAACAATATAAGCTCCTAAAAAATAGTATTCACTTTATATAAAGTATTATGAAGATCTTACAAAAGACATATCATTATCTACAATTATTGAGGAAAAAACCATGAGTTGCACAAGCATTATGGGTTATACCAGTTTTTGGTTTATTAAAAAATCTTATTGACACTCTGATTATAGGAAAAGATGTTGTTTCACAAAGAAAATTTGGAGTAAAAGAGAAATTTTTTAAAACACTTTCGGCACTATTTTCATTGTGTTTTTGGCGAGTCATTCTCGTATCTTATTCAAACAATAATCATTTTAATACCTATCTACTTATTTGAGTAACAACTGCACTTCAAGCAGGAAATCGATGATGCTATATATTAGGTGTATATTTTTCTGGTGAACTTCAAAAAATCTTACAAATGAATACAACACACATTAAAAGTAATACAATAAAAGCAATACAATGAGCAAATAAAATATTATCTACAACAAAAAAGGGTGCTCAAACACTATGAAACACCATTAAGAAAATAAAAATAAACAAATAATTAATTCAATATATTTAAAAATAATAACTTATCCCACACTTCCTTCCATCTCCATTTCGATCAAGGTATTAAGTTCTCCTGCATACTCGAGAGGAAGTTTTTTGACGACATCAGAGAAGAATCAATTCACCACCATAGCCATTGCTTTCTCTTCTTCGATACCACGTGACATCATATAAAAGAGTAATGCCTCATCTACTTTACCAGCACTTGCTTCGTGAGCTATCGTCGCACTATCATTATCGACATGAATATAGGGAATAGTAGTCGAGACAGACAGATCATCCATAAGAAGAGCATCACATTCGGTTGCATTCGTAGCATTATGTGCAGATGCTTTGATATCCACGATACCACGATAGGTAGCTATACCTCCGTCTTTTGAGATAGACTTGGATACAATCGTAGAACTCGTATCGCGTCAGATATGGATAATTTTACTTCCGGTATCTTGATTCTGATCTTTACCAGCTACGGCAATACCAAGCATATCAGCTTTCGATCTATGACCTTTCAAGATAGAACACGGATATAACATCGTCGTACATGATCACAGATTCCCATTCACCCGCTCAACATATCCATCATCCTCAACGATGGCTCTCTTGGTATTGAGGTTATAGGTATTCGTCGATCGATTTTCTACCGAACTATATCTCATCTGTGCACGTTTTCCCACATAGACTTCCACCAGTCCTGCATGGAGCGACTTTTTGTCAAACTTCGGAGCACTACATCATTCAATATAATCACCTTTTGCATCATCATCGATAATAATCAAAGTATGCTCAAACTGCCCTCCTCCATAGGTATTCATACGAAAATATGCCTGTAATGGTTCATCTACGATCACTCATTTAGGTACATAGATAAATGTACCTCCTGACCAGACCGCTCCATGTAAAGCAGCAAATTTATGGTCGTGAGCGGGGACGAGTTTCATAAAATATTTTTGTACCAATTCTGGATATTTATTAATTGCTTCTGGCATATCTTCGAATATTACTCCTTTATCAGCCCATTTCATCTTCAGTTTATGATAAACATTCTGGCTATCCATCTGTCCACCAGCTCCAGCGAGATACTTGCGTTCAGCTTCTGGAATACCAAGACGAGCAAATTTTTCTTTGATTGTAGGATCTACCTGATCTCGGTCAGTTTGATAGTTTTCAGCATTTTTGGGCTTAGCATAATAGACAATATCATCGAAATTCAATCCCGAAAGATCTGGTCACCAAGTTGGCATATCTTTTTCAAGAAATATCTTCAATGATTTCAATCTATGATCCAACATCCATTGTGGTTCTCCCTGATCAACAGAAATTGCTCTCACAGTCTCTTCCGTTAAGCTATTCAGAAAAATCGAATATTCGATATTATCAGGGGTTTCGAGGGTATGTTTCAAGGCTCCAACAGACATCTATAAATAGCAATATAAATAAGAGAAGTATAAGAATCTCTTATCACAATTCACGTCTTTTTTATAAAAAACTATGATTTAAATATATAAAAAACTTCCCAAGACAATAAGGAAGTATTTCAATACTATTAATAAATATATCAAGCAGCAAGATCAGATGAAATAACACGTGTGGTTACTATATTTTTTCACTGAAAATTCATATCTTTCACAATAATTAGCCCATTATCTCCAACATACTCTACAATAGCTACATGCCCAAGAGATCATGCTCATTTTCAAGGTTTAAAGACAGCAATAGCTCAGATCTGTGGAACTATACCTGTATCTATTCAAGCATTTTGAGCATTCAATAACCAATCTTTTGCATCTCATGTAATGCGATTCTCTC
CP011268.1_gap11	238296	241880	3584	GATGGTTGTGTAATAGTAGGACAAGCCACTCATCACGTCGATGTACAACTAATAGAAAGGTTCTCATAAGAGAGATTTCACTGTACTTGTCATGACATGTAACGTAGATTTAATTCATTAAGCGAAATAGCCGCTCCTGATACTGATCAAGTACCATTATTTTTGTAATTAATATTAAAAGTGACTGTATCACCAATATCCCAAGAACTAGCATTTTGAGTGATCGTCGTTTGAAGATCTACATTCGGACAAGGATCTACTTGTTGATATGGTCCATATCATGAAACCAATGATTTATCTTGATTATAGACTGGATCATTAATTCAATTGGGTACACGTCAATAAGTACTTGTATAAAAATAGAGAGCACTACCACGATTTGGTCCACATGCAGTAGTATTAGCAAATGATGTAGGTCTAATAGTCATAGTAAGAGTTAATGCACCAGAACTTGGCCATTCTCATGGCACATTAAGACTATATGGATATATATAATTTTGTAATGTCATTGTTCAAGTAGGAGTTGGTGTTATATCTGTAGGACAAGCTACTCATCAGGTCGCTGTACAAGTAATAGTATAATCACTATAAGAAAGATTACCTTGTACATATCCACTAGCATAGTTAAAATATCGATAATCTTGAATATATGCTCCATCTATAGGTCCAGGTCATTTGTTAGTATAAGTAATAGTATAAGTCATCAAATCTCAAAAATTCCAATTTCCTGTTCCTGCACCAGATGCAACCACAGTTGTCTCTAAATCAGCAGGACGTATGGTCATCACGGTATTAGTCTGAGCAGAGTTTGTACTAGGATCAATCTCTGTCATACCAGCAGGTACAGATACAGAAACTGTATTCGATACAGATGAATTAGGAACTATAGCATAACGTCCACTAATTTTTATCGTTACAGAACCATTGTACGGGAATGTTGGGATCGTACCATTCACCTGTGTTGATGTTGTACTAAATGATGCAGGACAAGTAGCTCCATTCAGTGTAGATGTACAGGTTGCTACAATATTTGTTGATCATGCTGGAAAGGTATTAGAAAATGTTGCACCATCAGCAGCGTCAAGACCCCCATTTTGTATGACTACTTCATATTCAAAATTCTCTTTATTCGTACCTGTGGCTGGTCCATTAGTAACTACTTTCAGATCTGCAGATCCAGCAGCATACGTAGTATCAATCATATACAATGGAGAAGAGTTGACAAGGACCATGAATGTCATGATCGATACCATAAATTTGTACATTTTTTGCATTACAAAAACAGAAAAAATAAATAACAAAAATATGGTAGAGAATACCATAGCAATAACAATACATAATATATAATTTAAATTGACATATCAACTATATTTATCATAGATATTTCATCATCATCTGCCACTTTATTCCAATGCTGTTTACCACATGTTTGACATTGAAAAAGAATTTTAGATCAGTCTGACATTTTAAAGTCGAATGCTATAGGTTTCATAATACCGTGACAACTCGTATTTCTATCTCCTGGAATATCTCCATCCACATGGAGTGATGTAAAACAATAAGGACAGTGATTACGACACGTCTTACTTGCAGGAGGAATCTGTTGAGCACATCCTATACAAACGAATCACTCATTAATAGTAATCATTGTTAAAAAAATTGAATTATTAAAGATTGAATTCTACATTCTAGATCTCAAAGAAAGTGTTAACTTTCCACTACAAATTGACACAATTAACTTTCTCCACTAATTTCTTTAATCTGATCTCTTAACACCACTGCAGATTCAAAATCCCAAGTCTGTATGGCATTATCAAGCTGTTTCTTCAAATCAGTCAGAATAAGATCTTTTTCTTTTTTTGTCATACGCTTAAGCCTCTTATGTTGTCATTTCACCTGTAGGCTATCAAATGATTGTTTCAGATCTTCATCTGTTTTTACCGCTTCAAGATTTTTAACATTAGAAGAAGCAATAGTTGGTATAATATTATGTTCTTGGTTAAAATTATGTTGAATCTGACGACGACGATGTGTCTCCCAGAGAGATTTGAGCATAGATTCGGTCATCATGTCAGCATACAAAATAACCTCACCATGAGGATTACGAGCAGCACGCCCAATAATTTGAATAAGAGAAGTGGTACTACGAAGAAATCACTCTTTATCTGCATCTAAAATAGAAACTAATGATACTTCTGGAAGATCAATACCCTCCCTCAAAAGATTAATACCGACTAAGATATCTATTTCACCATTTCTTAATTTTTTAATAATATCCCAGCGATCCATCGTTGCAATTTCCGAATGAAGATAGTATGCTTTATATCAACGAGCAACCAAAAAATTAGTAATCTCTTCTGATGATTTCTTTGTGAGCGTTAGCAACAAAACTCTTCCTCAGTTTGCAATATGGGAATCAATTTTTGTAAAGAGATGTTCCAAAAAGGGAATATTCTGATGCGAATCTGGATGGATAAAGTCTTTGAGATTATTATTCATATTGTGATTATAGAGAAATATAATTTTTTTTCAAACATATTATTTTAATTTTTACTTCTTCTTGTTTACTATTTCTTTTTCTGTATCTTCTTCTTAATTCTTAATTCTTAATTCTTAATTCTTAATTCTTAATTCTTAATTCTTATGCACTCACTGAAACAATATACAACATTTGCTATTGATGTACAAGCTAAAGAACTCATAACAGTAACTAATGAACAACAAGTACAAGAACTTGTACATAATCCTCTTTTCCAATCAAGCAAAAATACTATCATTATATGATGAGGGTCAAATATTTTATTTACTCAAGACTTTGATGGGCTTGTACTCATCAATAAAATTGCTTGAAAAAATCTTATAAAAGAAACAGATAAACATATCATAGTAAAGTTTGGAGCAGGAGAAATTTTTAATGATATCGTCGAACGAAGTGTAGACAATAATTATGCTTGAATAGAAAATCTCATTAGTATTCCTGGTACCATAGGAGCAGCACCAGTACAAAACATATGAGCTTATGGCATGGAAATAAGTGATAGAATTGTACAAGTAACTGGAATTGATCTCACTACTGGAGAAAAAAGAACCTATACCAATGAACAATGTGAGTTTGGGTATCGTGACAGCATATTCAAAAATAGTCTGAAAAATAATTTTTTTATAACTGAAGCAATACTGCAGTTAACTAAAGTAGACAGCTCTTACAATCCAAAAATCCATTATGGCGATATTGAAACTATGTTACTTGTTCAATGACGAGATTGAATCAAACAACTCACTCCAAAGCAAGTATCACAAACTATTGCAGAGATAAGAGCATCAAAATTACCTGACTGGAAAAAAATAGGAACTGCTTGAAGTTTTTTTCAAAATCCTCTTATTAGCAAAGATATATATAACAATTTAAAGACAGAACATCCTGAACTTATTGGACATATTGTATCTCAAGAGAACGTAAAACTTTCAGCATGAAATTTAATAGAATTAGTAGGACTGAAATGATATAGAGATGGAGATGCCGCAGTATATGATAAACATGCGCTTGTGTTAGTAAATTATGGTAGCGCAACTGGAGAACAAAT
CP011268.1_gap12	247264	249369	2105	ATCATACCGTAATAGGTAAAGTACCTACAAGAGAATCAGAAAGACTATCATATACTTTCAAGACATATGATCACGCCTTCTTAATAACAAAACCTTTACTAAATGTTTTCGCTCACTGGTCAGCTGCTGTAAAGGTATAAAAACCATTACTAGGCATATCATAAACATTCGTATCTTGAAATCACTCAAAATCAATTATAATTGTTCCATTATAATCAGTAACAACATTTCATTGAGAATCAACAGCTTTAATTGTCATATCGGCAGCTTCTCAAGGAGTCATAGGAGTAGGACTAACTTGAATAGTAAAACCACCTATTTCAGCAGCTCATACTATCTGATATCACACCAGAAGAAACACTGAAATCCATGCAAATAATTTTTGAATAAATGTACTAGTCATCAATGATGAATAAGAATAAATGAAAGATACTATGATTAATGATATTGCAATAAATTTGTTTGTTCAATACGAAGCTCATCTACACTATCATGATGAAACAATGCTATAGAATCTATAATAGGCATAAAAGAGGTACGTAGCAATTCTTGTTGAGTATTCAACGTTGGAGGTAAAGTTATATTGACTATAGAGCTAGTATTATGATTCGTAACAAAAAATCAATAAGAAGATATGAGAGATTGTTCAAACTGTTGTTGTTCTTCAGTTGGAACAAGGAAGGAAATACGTAATGTCGCTCCTGTTCATACATCATACTGTTTCAATGTTGAAAGGTATGATCACTTTTCATCTATAATATAAGCAACATCTGCCTTACTCATTGTTTGATCATCTACAGATGGAAACACATCCGTAAGACTTGCTGTCTGTGTATTCAATCGTGTGATCACAAGTCATATAACAAGAATAAGACCTAATCACAATATACGAATATTATTTTTAAGACGATTAACTACAGATACCATAACAATAGAAAAATCAATAAAATTATATTACAGATATTGTTTATTTGCATTATGTTCAGAAATACTTTTTCCATAATATATCTTTCCATCAGATCCATGAAGATAATAATAATTATCTGTTGTATTAAATTCTAACAATGCCTTAAATGTAGATGCTGAAGGATTAGCAATTGGCGTAGGTGTCAATCCACTATGTACTCTTGTATTATAAAGATTGCTTGCATCACTAATAGACTTCACAATCAATGATGGAGTACAAATTTCATATCCTGTTTTAAGACCATAACAAAGGGTAATATCAGCATCGATTCTCATACCTGCTTGTATTCTATTTAAGAATATACCTGCAATTGTTGGTTTGTTAGCATTATTTCTTTCCTCTTTCTCGATAATACTAGCCAAAGTCACGATATTATATCGTCACAACGTAAAGGTATATCCTCATTGTTGAAGCGAGGACGTAAAATTATCAATCTGACTCTGATAGGGTCAGAATACCTTTGTTTGAAATGCCTTCAGTTGGAGTGAAACGAGTTGATCAATCACTGGTTGGTTAGGATTAATATGATACGTATCAGGGTATAATAATCATTCAAGTGAAATTTGTGAAGGAGCATTTGAAGGTTTACTACTCAAGAATTGTTCTATAAAGGGGTATTTAGAAGCAATAATTGTTATATTCTCTTGATTACTAACATAAGAAATATATTCTCCAGCATTGATATATCACTGTTTACTGAGGTAAGCATCGATATCATAGATAGATCGTCCCTCTAAAAGAGTAATTTTTTCATACGTACGAGTGGGTCAATTGTTGATAGTCTCTATCAACGATGCTGGAGTATAATTTCCTGAAAAAACATAATTTCCTAATTGAATAGTCTCAAGTTCACCTTTATTTCTAAACAAATACCAACGTACAGTACGTTTCTGTGATGAAGACATTTTTTCATAAACGACATTCATGGTATCACCAGATTCGAATGTAATTGTTTCATCAAAAGAAAAAGAAGAAGGTAACAAAAACTTCTTAGCAATAAAGTAACACAATACAAGAAATAAAAGTATCCATCATGGTCTTAACAATCTCTTCTTTTTCTGAGATGACATTATATTTATAACAAAAACAATAAATAGCAATAAAAATATAGGAATAAGTTTCCATAAATCAAACAAAA
CP011268.1_gap13	284350	287384	3034	TGACTATCTCAATAAACTATGAATTTGGAAAGGAGATAATGCTGACCATTATATCAACACTACTCTGAAGCAAAGATTAAAAGAACAATATCCTGACCTGACTGATATCGAGCGTCAACAATTACTGAATGATATGTTGTGAATAATACCAAATCGTTGATCAATAGAGCCTCTTATTCATAGTGGTACTGAATATGTATCAGGCAAAGTAGAGTGAGTATATACATACCTCAGAGATGATATATTTGGAGCATGATGGGACAAAGTTAAAGAACTCTATAAGTGAGTAGTCAAACGAAGTATCAAATGATGAGTTCTTATGGTAGAACTTGCAGATGGGACAGTTCAAAACTTCTGGGAGGGATTACAAACTATTTATCCAACTGATGTTGTGAAAAGAATCCAAACCAAATACAATGCACGATCCAAAACACAATTACAAGAAACAAAAAATATTGCAAACAAAGTATCAGATTATGTGTTGTGAGAACTACTCTTCTGACCACAACAGTAAAAAATACTAAAATACCATTTATTAATTATACTAATTACTATCATGGCATTAACAGGTGCATTGAAATGATTATGAGACATGCTCAAATGATGAACTAACGTTGTAAGTAATACAGCCGTTTCTTGACTCCAAGCGACCAAATGAGCTGCTCGTATGGGAATTAAGGCTGCATTATTATGATTTTTTCCTGTTGCATCATTATGATATTATGGTCTTACAAGAGCCTTACAACATATCCCTCGATGAGTTGGTGAAAAATATAAAGCAATTCATGAAAAAACTTTATGAAGACTTGAAAATGTTCTAAGCTTTTCTGGTGGTGCTAAGGACATAAAAAATGCTTTCGTATGAGATAGTAATGATGTTTTTGATATTGAAAGCAATGGAGGCGATGGATCAGCTAAAGTCGCTCGTATCCAAGCAAAAGCTGATATAGAAAAGGCAAAAATTCAACACATTTCTGAGATAGAAAAACTAAAAATGGAAGAAAGATCAAAAAATGCTGATAGAAAATTTGAGATGAGTAAAATAAATAAGGACGATAAAAGAGAAAATATATCTGAAAAAAGAAAATATAAATTTGAAGACAAAAAATTAAATAATGAAAGACTAAATAACAAAGAAAAAAATCAACATGATCTTGCTATTGTCCAAGCAGCACATGAGACTACAAGACATGGTGTAGAGCAAACTACTGAACAGAGAAGAATTGATGCTGATGGGAAAATTCAAGAAAAAAGAATTGATTCAGGAGACAGACGCCATGAAGCTGACCAAAAATTACAAGAAAAAAGAATTGATTCAGCTGATAAACAGTATGAAAGCAATCAAATGACTCAACAAAAACAAATTGAAACTGATGGAAAAATTCAAGAAAAACAATTAGACTCAGGAGACAGACGCCATGAAGCTGACCAAAAATTACAAGAAAAGAAATTAGATACTGAAGCAACTACTGCGCAAGAGACACTGAAGCAAGAAACTGAAAGAGAAAAAAACAAAACTGAAAAAGAAATTAAAGAAATTGAAAAAGATGGCAAAATTGAAGAGAAGAAGTTGGATAGTGAAATTGAGAAATATAAGATTGAACAAGAGAAATTAACCAAAGAATTTGAAGCTAATCAAGCACTTGCTCAACATAGATTAACAATCAATAAAGAAAAATATATTGCAAAACTAGAAAATGAAAAAAACACAAACAAAAAAGAAGATATAGATCCAACATTATGGGCTCAGTACGATGCTGATGTAAAGAAAAATATACAAGAAAGCGAAGATATGCTTAGTACTAGAGCAGCAACCACTACTCTCGAGGAACAGACTAAAATACTATCTAAACAAATAGGATTTTTAGAAGCAATACGCGACGATCAAAAAGATGCAACACTCAAAAACACGATTCAAACTTCTATAAAATCTCTACAGTCAGAAGTCAATAAGATAGAAACAGAGATAAAATCAAGAAACAAATCACTATCGCTACCTACAACTATTAAATTATCAGATGAAGAACAAACCATCAGTGATTTAAAAAACACAGTAGATAATTATGATGATAAAACTAATAAAAAAATTATTGAAAATCAAATTAATGAGGCTACTAGATTGATGACAAAAATTGATACTTATAATAAAATGACAAATGATAGTGCAGAAACTCTCAAATTAAGTAATATGAAAGATGAAATTGATAAAGTTATCAAAAAACTCAATAACCTCAATAAAAAACCTCATGAACTAGGAAAAGACAAAATGGAAACATTAGAAGATAAAAAGAAAAATATTTTCCAAGCATTAGATGTCCACATTGGTATGGATAAAAGTGCTGTCAATAAGTGAGTTTTACAAAGAGATCTGGATGATGCATTAGAACATAAGTGAAAAATTGATTGACACAAATCACAAGCTAGCGACACAGAAAAAGTTGAACTTCAAAAATGGATAAATGAACTTACAGATAAGATAAGTAAAGCAAGAAAAAAATTATAGATATTTTATATAAATCAATATAGAATGCTTAAACCCATTATAGGAGCTATAACCAATCCCGTTGCACAAACCTCATGACATGCTATGAGAGCTCTTTGAGGATGACTAGATTCTAGTAGACAAAATATACGTGGATTAAAGCGCTCTGTAAAAGAAATACAAGCCAGTGTAAAATCTTATTTTAAAAATGCTACCAACACAAGTCATGCTGTTGCAGAATGATCTCAAGATATAGCAAAATTAGTATGATGATTGCCATATAAAGTACGTATGTTACCTGCAAGTTCGTGAGACAAAACAATATTATCTAAAAAGTGAGACGCCATATATCTTTCTGAGCAAAGTCTTAATAGTACTGATTTTCAACAAGAGCTAAAAAAAGCAATGGACTGACAGGGAATACAGATCGCAGACATTAGTAAACTCCGTGTCAGTATGGATTATTTTTGAAGATTACAATTTTCTTATCCTGGCAAATTTAATAACCAAAAAGTATTTCTTGATCAGTTCGGAGAATGAACACCAACTCAT
CP011268.1_gap14	288658	290563	1905	ACAAGAACTTGCAAAATTTGTAGAAGCATGAGAAAAAAAAGGAAAATCACGAAAAGAGCTTCGAGCTACTCCATGATATATACGTACAATACAGAATCTCATTCTAGAGTTATGAGCACAAGACCCTTCCATCGACAAGAAGAAACTCGAAGATGGTATCTATGGAAACGCAACAGAAGCTTGAGTTCTCACCATACAAAAGATTCTTAATAAACCTCCATATAATAGTTACAAAAATCTTATTGAAGATGGGAAACCAGGTCCGTTCACACTCTGAGCATTACTCTACCCTATTGACGGAAAGATCACTTGGGACAAACTTCTAGAAGACAAAAAATCTGGGAAACTCATAATCACACCAGAATTAGTACAGAAAAAAGAAATTTCGGCAACTAAAGCTAAAAAAGACAATAAATCATCAACAAAAGCAGCTGATCCAGAATGATGACCAGTAGAAAATAAAAATCCCAATCTTACCAAAGATAAAAATGGAAAACGAATACCAAAAAAAGGATTTGCACGAGAAAATTATAAAGACAAAAATAATTTAGAGGTAAAAGAACTATCAATAAAAAATAATATTATAGAAAAAATTACCACACTAAAACAATTACCAGAAAATTATACATGGGCTAAGGAAAATAATGTGTCATTTCTATATACAGATATTATAACCAATATCGAATATCGTTTTTTTAGTAATGGTCGTGTAAGCATAAATGTTCCATGAAAAAAAACAATAATGCAATATTCTAAAGAAACAATAAAACTATTAAATGATCAATCAAAAGAAAAAAATATAATAATTAAAAACTTATGATTAAAAAAATTCGAATGAGAAAGTTTTAGAAGAGAATGAAGAGAATGAATATATTTCTTTGATAAAGATAATACTCTTCATTATCTAGAAGAATGATTTAATATGGACTCTTGGCAAACTTTATCTAAGTGATCTGATAATCGAATTAATCATATTAATCGAGATAATAATATTGATAAAATTTTATCTCATATATGAACAAATCCTGTTGCTTGTGCACAACTAATAGACATGGCAACAGCTGGTTGATGAACATATGATAATGCTCTCAAAAAAATCTTAAATCATCTAATAAAATTAAGTAGAAATTGAAACAAAATAGCACAAGAAACAAGTAGATATTATGACTTAATCAAACACAACAATCCATTAGACAATAATGATAAAAGTCTATTAGAAATTATAAGTGAAGAGACAAAAAAAGATGAAAACAGCTTATTCAATAGTTTTTTTATCGATCTACTACAATATCCACAATACAATACATGGATCAAAAATACTCTTCTAAGAAAAAAAATTTATTTTACTAGTAATAAAATATTTAATCATAATATTTTCAAAAAACGAAGAGAAAATAACAATATAGAATGGGATATAAATGATGATCGACATTCAACTAAATAATCTTTAGCTCTAGACTAGTTTAGTATTTATTTATCGTTTATATGAATAAATTTCATAACACTATATATGATTTCAATGACCTCTTACATGATAAAGTAGAAAAACATGTAAATGACCAATCTAAAAGAGAGAAGCTTCATGACTATATCGATAAAGGAATTCATGGAGCCTTGTCGTTGAATAAAAAAGTATCAGATAGTAAACAATATACAAAAGAAATACTCGTCCCAAAAACGAAACAGACTATCTCAGCAATATCGCAAAAAATTATTAACAATCCAAAGAAATCACTCATAACAACCTTACTCTTAAGTGCAGCCTTAACATCAAGAATTAGTATTCCAAACCAAAACTGATCACAGAAAGATTATAACAACGCTATTACAACATCTCAATACATTCCTGATACTATAGATCATTCTGAAGACAATAAAACTAAAATACTAGTATCACCCCAGAGG
CP011268.1_gap15	348472	350108	1636	TTCTGAGATCGATAGTATCATGATCGGTGGTTATCATATGCTTCTTCAACTGCGAGCACAAGGAAAGAAAGTAGACCATATCATTATTCTCTACATTCATCACTCCCTCAAATCATTTATACACGATGATATCCAACAATATGCTCCTGAATAAATTTACTCTCTTCGATCGATCCAAACTCATCTTCACGGTCATTATCGGCCTGATGTTCTTTTTTTATGACATAGGAACTATCCAAGATAGCGATCTGCCAACAGTAAGTCCTACTAAAGATTTTATTCATGCTGTACCATCTAACCCTTGAGTTCCTATGACACCAAGCGAATATAGTAACTATTCACTCAAAGAACTTCTTGAATCATGAGAGAGAAAAGAATGATCGTCATATCAACAAGCATATGAAAGACTATGCGAATCTCAAACACTACAATGTAGCAAAATTCAACTACAATTTTCATTACCATCATCACAAGAATATTATTATGCATTAGTTACCTTACTGACGATACAAGAAATCAATACTCATCTTATAACAACAAACTCGATTAATCATACTATCATCCTCAAAAACGAAAATAACAAAAAAAGATGATATACAAGCCAAAACAGTGTAGTTGTTAATATTCACAACTTATCTGAGAGCGAATTTTTCGAAGTACTCGTACATGAGCTATGACATATTATTGATTTAGCAATCATAGTATGATGAGATAAACAAAAGGACAATAACTATACAGAATTTCAAAAAGCAGTATTTAGTATCGATGATCCATCACTAACTTATTATGCTGTATCTCGAGAAAGCGAATGAGTCAAAAAACAAGGATCAAAAAAAGAAGACTTCTGTACAGTTTACGGTTCATCAAACCCTTTTGAAGATTTCTCTGAATGCTTCAACCTCTATATCAATCATCATGACTACTTTTTCTCACTTGCTCAGAACAGTACTCTACTACAAAAAAAATATAACCTCATCAGCACATGGATAAGAAATCCTCGTAATGCTTACCTACCTCAGACCTATAGATATAGTACTGAGCCTTCTCACAGAGAACGAGATAGTACTAAGATTCCTATTTCAGAAATAGAGATTACTGAGATATAAAAAAATCCCACCAAAGGGCGAGACTAATGAAACACAATATTATTATTTCCTCCCAAACTAGACTCTTCATAGTCATAATCATAATCATCATCTTCGTCAGATTCATAGTCATCTAAGAGTTTTTCATTTCCAGGTTTAATATGAACGAGTGGCTCTTGAAGCTTAATACTTTGAACAAGAAGATCATACACATTGATCGTTTCTGATGTTGGATCCAAAGGAAATAACTCATCATAGACACGATCTTCTCCCATATCTTCTGACGCACTGAATCTTGCATCAAAATCTTTCACTTCTACTTGTCTTTCATACTCCTCTCCACTAATATCACAGATATCATGTACTACAGCAGTAGCATCCTTAATCACAACCTTGACAGATCCATCGGTCACTCATTGAAGAGAAAGAGTTCATGATATTCATTCTGGAGATAATCACTCGATATCTTCTAAAAAAAATCCATCAATTTCAAGAGTATCAATCTTTCATGGGTTTCTTAATAAATCTCATACTTTAATTACAAATTGCTC
CP011268.1_gap16	526143	529180	3037	TCCTGTCGTTCCTCCTGCTACACCATCATCTCCTTTCCCTGTATGTCTGATATAGACATTATCTTTGATACCTTCAGGAATAGCCACTTCAATTTCTTCTTTTATGACTTCTAAACCTCATGGAATAGTTTTGCCATCTTTGGTGTAGAGTTTTCAGGTTCCTTGACAGCTTGGACAGATATTTTGTGTTTGCATGACTCCAAAAATGGTTTGTGATTGTTGGGTGACACGACCACGACCTTTACAGGTGTTACATTCTTCCTCTTTTACTCCTGCAACTTTGTGTTTGCGCGAGTACTCAATAACTTTAGTCGTTCCATTATAGGATTCTTCAAACGAGATATCCAGACTCACTTGTATGTCTTCACCTGGTCTTGGTCAGCTTGATTGGCGACTACGTCCTCCTCAGAAAAACTGATCCATGACATCGCCAAGATCTACCTCAAATCATCCATTTCATCAAAATCCACCAAATCCTCATCAGGGGAATCCACCAAATCCTCACATACCTCCTCCTCATTTTCTATAGGCATCATACTGTGGTCTTTTTTTCTCATCTCCTATAACTCCATATGCTTCGTTGATTTCTTGAAATTTTGCTTTATCTCAACCTTTTTTGTCAGGGTGGTGTTGCATGGCGAGTTTACGAAATGCTTTTTTTATCTCGTCAGCACTAGCGTTTTCATCTAATCCAAGTGCTTTATAATAATCTTTTGAAGGATCAAAATCCATGAATATAATCATATAATATGGTAAAGGTAGTAAGTTTAATCTACTGATTGGTAATATTGTAGCACTTACTATTTGTAGGTGCTATAGTAATTATTTTTTCGAAAATTGCAAGTGTTTTCGAGAATGTATGGAATGAATATGAGCATATATCATAATTTCTTGATACTATTCTATATATAGTGTCTTGTGGTGTATCTTATCTACTATATGTAGATATAATAACAACATCTTCAAATAAATAGAGTGAAAACAAGAGAAGAATTGTAGAAATAAATATATGAAAAAGAATAGATAAAAACTCTCTTTTAGATCAAGTGATTTTTGATAACTAAAAGTTAGCGTTCATTGGTGTATAATTTTCTAAAAAAAATCTCTTTTTTGAAAAGAAAAACATTATATATACTGTGTTTTCTTGATTATTTTTTTTAATTATTATCCGCTTGTTTTTGTAGAGTATTATCGTATCACCATTACATTGTTAGTACGTGATATAGTAGTCCCTACTCTAGTATAGCTACTATATATAGTGTATTATGTTATAGATATCCTTCTTTTTTATTTTTTGCGTGATTAGTAGAGAGAATGTTGTTCGATAAAAGAGTTAATATCAGACCATATGAGTATCCAGATCTCTTAGATTATGCTGATGCAATGAGACATGCCTATTGGATCCATACCGAATATAACTATACTGGTGATATCCAAGATTATCATAACATGTCTGAGTCAGAAAGAACAATTTTTCGTAAAACAATGTTAGCTATTGCTCATGTAGAGGTTTCGGTAAAGACATTTTGGTCAGATTTACATAGAGCGCTTCCTAAACCAGAAATTGCAACAGTAGGTATGGTATTTGGTGAATCAGAAACAAGACATGAACAACTTTACTCTCACGTGTTAGAATTGTTGTGATTGCAAGAAGAGTTTATTTCTTTATTGGATGTTCCTGCTATTCAGCAACGTATTGCCACTATTGATACAGCAATGGCAAAAAAGTGAGAATCTCAGAAAGAGTTTGTGAAATCATTGATTTTCTTCTCTCTATTTACAGAAAACGTGTCCTTGTTTTCTCAATTCTATATTGCTATGTCATATAATAAATTTAAAAGTTATATGAAAGGAATGTCCAATGGAATTGAGGCATCCACAAAAGAAGAGGACTTACATGCAAATTTTTGAGCTGATATTATCAATATTATTAGACAAGAATATCCAGATTTAATAACTGCTCAAGATGAGCAAGATATTATTGCTCTTTGCTCACAAGCACTTGAGAATGAGTGGAATATTCTTGACTGGATATTTGCTGATGGTGAAATTGATTATGTAAAGAAGGATATTGTAAAAAATTATATCGCTTATAGAATGAATAAAGGTTTACAAGCTATTGGTATCAATCACACCTTCCCAGTAGATGCACATCTCCTTATGGAAACAAATTGGTTTGAGGATGAAATACTTGTATCAAAACATACTGATTTCTTTAATAAAAGATCAACTAATTATACAAAAAGAAGTAAAAGTTTTAATTCTGAAGATCTCTTCTAAATATGGAAAAATATTACTGGTTAAATGATGTTTCAAGAGCGTTCTTAGATAAAGGATATCTTATCAATGGACAAACAGCTGAAGCAAGAATTAGACAAATTGCAGAACATGCAGAATGAATTTTGGGTATGGCTGGTTTCGCAGATAAATTTGAAGATTATATGTCGCGTGGATATTATTCTTTTTCTACACCTGTATGGACAAACTATGGACTTGATAGAGGGTTGCCAATTTCATGTTTTGGATCATATATTGAGGATGACATGGCATCAATTCTCTTCACGCAGGCTGAAGTAGGGATGATGAGTAAATATGGAGGAGGTACATCCGCTTATTTTGGAAAATTAAGACCTAGATGATCAGAAATTAAAAATAATGGACAAAGTTCAGGTGCAGTACATTTTATGGAGTTGTTTGATAAAATTACTGATGTTGTTAGTCAAGGAAGTAGTAGAAGATGACACCTCTCTCCTTATCTGGATATAGAACATGGAGATATCAAAGAATTTATGAAAATTGGAACAGAATGACATCCTATTCAAAAACTCACTCATGGGGTATGTGTAGGAGATGAATGGATGCAAAGTATGATCGATGGAGATGTAGAAAAGAGAACATTATGGGCAGAAATATTAAAATCAAGATCTGAAGTATGATATCCTTATCTTTTCTTTAAGGATACAGTGAATAACAATAAGCCAGAATGTTATCAAAATCATACCATTACTCACTCAAATATGTGCTCTGAAATCGCTCT
CP011268.1_gap17	530999	531927	928	CATCTATTGATAATAAAAAATTTTATTCTCGTGAGGAAGTATATGATTTTTATTGGAATAATATGAAAAATCATAATGAAATAGTATTATTAAAAATGGTTGATCGTTTGATTAATTTAAGAGAGATGGGTGATTGTTCTGCAGAAAAAATTGCTAAACAAAAAAAAGAAACAGTAGTGGTGTATTTACCAATGTTTCAAATGCTTGAAGAGACTTCTTATAGAGAGAGTTATTGTTATCTTAATAATCAAATTAGTACAACATTATCCGAATTATAAATAAACAGGTTTCTTATTGGATAATGATCCCTATAATTATATTGTAGGGATTTTTTCTTTTCACAAAAATAGTGATGAAAGTTATATAAGTAGCTATTGAATATGTGCTACGAAATCTGTATTATTATACTGATAGAACTATTGTTATTTTATAGTATATTGTACAACAAGCATATGGCATCTACATCACATGGATGGAATACAGACTCACAACAAGGGTCAGGAAGCTCCTCTTTTTCAAAAAAGAATATTTCATCATCTTCTCGTTCACAACCTGTTTCTTCACCAAGATCATCAACCACGAGACATTGGTCATCTGAAGGTTCATCAACATCAAGGAAAGTCTATACTCCATCAAGATTTTCATCATTTTCTGCAGGGTCTTGAGGTAATGGTGTGACGAGAGTGCGAAATTGGACTAAGCATATGTTTCAATCAGGACAACGATGGAAACCGCTGTTGTATATCTGAGGTTCTGTCTTAGGTATCTATTTGATTTGGGTGTATTTTGCAGTAGCAACACAATTACCTGTGATTACTAATGATACACTACAAAATGGTAATTTTTCGCAAACTAGTACTGTTTCTGACAGAAATGGGGAAGTTTTGTATAGATTTTATGAGGAGAATAGAGAGTTTGTAGATTTTGA
CP011268.1_gap18	544690	548737	4047	TGCTCAAGTATCTGTTAGTCAAGCTGCACAAATACATGTTCATTGAGATGAATTCCATATAGAGTATTTGGGATTGTTTCATCCACAAAGTTTCTGAGTGAGATATTCTTGAGAAAGAGTTGAACATGATACACTATTATTATTCGATCATCCATTACACATACATGCTTTTTCTTGTGATGTGCTTATCATATTTACTTCTGATCCATATTGTTTAGAACATTTATTCAATAGATCATTTTCTAGGTCTATGGTAGGAATATTTGTGGGAGGAGTGCTAACACCAACAGGCTGTACTATTACTGGAGTAAGTTCTTCATTAGAAGACTGAGCATATGTTTTTTGAATGAAGAAGAGTTTTGTTATATCCATATCTTAAAAATATAGTATATAAATAAAAGTTATTTCTACAATATTACTTATCTTTATGTGAAAAGCAAAAAAAATACTTTTTTTCATGATTTGAGAAATCTTTTGTGTTTTATATCATAAAAAATAAAAAATGGTATAGTCTCTCTTGTAAGATTGTTCTAGGTATTTGATAAAAAAAACAAATCGATTAGAATGATAAGGTATATTATTTTGTACACCACTCCATGAATCCAAACCAAACACCAATACCTTCAAATCAACCACTCCAATCCAATCAGGAAACAACTTCTTTGGATACTTTTGCTCATCAAGAATCTTCAACTCCTGTAACTGATTCATTGTATGTATCGTGAAGCTCAACAACTCACGTGGATAAAGTGGTAAAAACATATATGACATTACAAAAACTTTTTTTCTGACTCGGAATCCATGTAGTATTACTTATTGTAGTATTGATTATTGTATGGAGATTTACTCTTCCTGATACTGATATTCCTTTCCCTATGAGAAATCAAGAACTTCAGCTGAAAGAATCACAACTTCAAAATCAAGTTATATGAATTACGGAGAAAGATAGCTTGACTCATGATATTAAAGTTATCGTTAAACAGTGATCCTTAGAGATTCAGTGAGATAAACTTTTGACTGTAAATAATTTAGTAACATATAAAGGTTTTACACTTCCACATAAAACATTTATTACCTTATTGAATTGAACTGGAGAATTACAACCTGCATCATATTTCACTACTCGTTCATACTCACTTGATGAATTAGATGCTTACATGAAAAAAATAATTTTTGATAATTATGCATCTTCGAGCGTTACATTGCCTACGTTTTCTCAAACACAATTGTTATATACATCACAACCTTTGATGAAGTATTTTGGTGTACAATGTTTATTGTATCCAACTCAAACAAATGTTATTTGTAATACTCTTGCTCAATCTGTTCTGCCCAAATTAGGTATTTATAATCTTACCAATCATTATAGTGAGTTAATTGAACTTTCTCAAAAAATACAATGAACTTCTCATCAAGTAACATTTTGTAATGCTATTAAGCAGTATCTGTTTCTATCAAATGATTTGAATGATACTATTAAGCAAGTTATGGAACAATGTGGCCGTGAATATGAAGATATGTTTAGCGAATTCAGTGCGTTTCGTACCATACAAGAACAACTGAGCAAACAATCAGTTCAGCCTAATGTGACAAGCAGTGCTGTCTTAAATAGTTATAAACTTCTTTCTGTAATGCAGGAGATTTATCAAGAGATTACAAAAGGGAATAGTATTAATGATCTTCGTATTAGTAGTTATCTTGACTATGTGAGATCTCTGCTCAAAAATACGCAATATATCCAATGATTTTATATGGATGTGATTGCAAGATATAATAATACATTTTTATCTCCGGTTCTTACGAAAAATAGTGTGGTTGCAAGATGAGATGAGGCCGCAATTTATAGAAAACTTTTGCTTGAAGTGAATGAAATTAATCAAGGAAGTGTGTCAAAATGATTTACTGGGTTACAACTCTTAGTAAGTAATCCATCTTTGATTTCTGTTTCTTCAGGAGCTCTCTACACAGGAGATACGACTATTGCTCTTAATCTTAGCTTATCAGAGCGCTTCACACAATCGTATTCGTTTACAAATTTTATAATTTTGAATACCAAAGAAAATCCTAATCAAACATTATCTGTAGAATGACGTTTGCGTTTTGATTCTGATGTGTGATTAACAAATAATACACCTTTAACTGCAGTGTTTCTCTATAAGGATCAAAGATTTTATATAGAGTCTATTACTATGCCAAGACAACCCCTACTTACGTTGTCTATTAATCCAAAATTAGCCATTAAACCTCTTTCAATCTCAGAATTATATGATTTAATTGTTGATACTCAGAAGTGATTGTCATGAGCTCCTGTTACATCATCAGATGTGTGTTCTACATTTAAAAATGATAAAACCCTTACATCGTGTACTCCACAACAGGCTGTATTTACTAGAAATAGTATTAAGTATGTGTTTACTTATAACAGTACTCAATGAGTGACAAATTATAGTATCAGTGATAAAGTTCTTGAGCAATCAGTAATGAATACTTATTGAAGTGCTATTACACTGACAAAAAATCCAGTAGAAGCTATTACTATTCTTTTAAGTTATAAAGTAGAGAAAGAAAATATATCTCCTACAACATGAGATGTAGGCTGAGTACAGGAGGTACAGATTCAAAAACATTTTGATGAAATAGGTGCTACTATTGTAAAAATTACAAAAAATAATGCCTATTATGTTATTCAGTTTACAATTCAATCTTATAATTTTACTGCTGTATATGACGCAAGTACACAAAGTATTATAGGTCTTGGTATTACTATTAATACTACTACATATCCTATACGTAATTTTCAATTTCAATTTCTGACGGCATCTGTTGCTGATAAGACACTTTTTAAGAATGATCCTAAGACATTGTTATTACAATATGACCCATTAACAATCAAAAAATTACAATTATAGTATATTGTTTATATTGTTATTATATCATATTATTATAAAATTACAATTATATTAGTATCTAATAGTATGATGAAGATTCTAAAAAAATAAAATTTGAGTATAGTAGTAAAGATTATTTATATTATCTTTTATATCTCATATGACACCACAGCTTGACCAAGTTTTCTCAACAGCTCCAGTTACTCCAGCATCTGAAGAAAGTAAGATAGTTTCTCCAAATCAAGCATTCAATACTGTATCGTCTACAGTATTACCTTCAGAGTCTGCATGATCTGAGAAGCTCAAAGATCAGAAATTTGGAGCATTTCAACAAGAAGAAAAAAAATGAACATGAATTTCAATTCTCTCATTGCATACCATTACAGCAGCCACATGATGATTGATTATGTTGTTCTTATGATTGTTTTTTTTCTTTTTAGCTAAAGTAAATATATGGTGATCAATAGATGATATGGCTCATAAAAATTCTGTTGGCGTTTATAAAGATACAATAATGTATATTGATAGCCTTCTTTGATATCCATGAATTTCTCAGTATAATTCTATACAACAACTCACTTCTATGACAGAAGCAAAAGATATTGTTGCTTCTACTATTCCTTTTATATTTAAAAGGGATATTATGGTTAGATTGATTGATCAACTTAAGCTTACTATTCTCACTAAACATAAAGAATCACAAACCTTATCTCAGGAAATCACAAAATATGGTTTTATCTCTGCTGATGTAATGGATCTTATGGAATCTAGTAAAGATAAGATTCCAATTATGACTTCATTACATACACTTGAAACAGTGAAATTTGGAACAGCATTGAAATTATTTTCTATGTTAGATACATTTCTTCAACAAGCTAGCCAGACGTTGTGAACAAATAAGCAATTTTTAGAGACATTAATTACTTCATATCTTGCTAATGGAGAAGCATATATTTCGAACTACCTTTCAATGTGTTATCTTAATCCTTATGAAAGACTTCCAGATTGTAATCAAATTAATGATTTTGCAAATTACTTCAAGTATGAAAATCCAGATACGAAAATAGATTATACAGTTTTGGCGAGGCTATTAGAACTGGTTGAGAATAAACTTGAAACAAGTTCAGTTGCCAGTATTAAAATTAATTTTAATCGTTTT
CP011268.1_gap19	637255	640176	2921	TTTGATTTTTGCGACAATGTGAGCTGGATCAATCTTTTCGTAGAGAGCTCATTTTTCGTTTGCAGTCATCGTAAATGTAAGACCATTATCAGAAGCAATTTTATCAAAAACAGCTTTATATCCATCTGATTTTTTAGCTTTGACTTCTTGCGCTTGTTGCATTCTCTTCTCGTAAGCATAGAGGGCATCTTTATCAGCAAGAACAGCAATTCCTTGTGGGAACAATACATTTTTTGCAAAGATAGGTTTTACTTTCACAACTTCATATTTTTCTCCAAGGTATTTGTTTGACTCAAGGAGGATAACATTGATTCTTCTATCAATTCTAGCAGGTTTTTTTGCCATGATCTTCTCAAAAATTAACAACAATAAAATAAGCAATGCTTCATTATACGGAAATGTGACGCTGATTGCAAGGTAAAATAATGATTTCAGTCAGAAAATACTCTTGCAATTCTGTACTAGGAAATTATAAGTGATATATCATATACATGATATCTTTTATTTTTCATATTATTTCATTTCTATGAATAAAAAATTATTGCTTTTAGCTTTGCCTGCTGTTTTAGTGGTTTGAGGATGTTTTGGTTCTCAAGATGCTAACCAAACTACTGATGATAGTGTTTTATCTTGAACTACTGCTATGAATACGACACAACCTACTCTTGAACAATGCCAAGCGGCTGTAACCTCTTATCTTGAATCTCAAAAAAACATTACTCCTGATACTTCTAAGAAAGTTCAATCTGGATCTGCAATTACTGTTGATTATATTGGAAGACTTGCGAACGGAGAAGTATTTGATACATCTATTGAGTCTGTTGCAAAAGAATGTGGACTATATAATGAAGCAAGAGGATACGGTTCAGGACTTGATTTTGTTGCTGGATCAGGGCAAGTAGTTGCTGGTTTTGATGAGGGAGTAATGAATATGACTCTTAATGAAACGAAAACAATTGAAATGACTGCTGATAAGGCGTACGGAGGAGAAACAATTGCTCTTCCTAAAGAAGGATTTCCTACAAAATCTGATGGTAGTGCTTATGTTGCTGGAGATACCTTCCCAACAATGATGGGAACTATCGAAATTGTTGCTGTAGGAGACAAAGAAATTACTATTAAAAATCCTAGTCCATTAGCTGGTAAAGATCTTATCTTTGATGTTACGGTTAAAGCTATTCAATAATTTCCTATTGGATATGGTTATAATAAAAAAATCTTTCTTTAAGAAAGATTTTTTTTATTCATGAAAGAGATTGTAATAATTGGTATAATCTATTGCGCTTCAGATAGGTACATGTTTTTTTGAAGGGGAATTATCGAGAACTTTTCTAAGAGTTTCTTGAAGTGGTTGTACTTTACCATAGGGTATAAAGAGAGTAGTATTGTGATCTAATACTTCTGGAAGTGCACCAACCTTGCTGGCAATGAGTGATAGTCCCATGGCTTGCATTTGTACTGCAGTATAACAGAAGCCCTCACTCATAGAAGGAATAATACCAATATGACAGATACTCATCCATGTTCTGAGCTCTTCTTCGTTTTCTACCGGATCAATTCGTATTACTTGTTGTGTAAGATAGTTATCTTTTATTTGTTTATCTATAGTATCGATCTGATATTGTATTCCATGGTGATAACGTTGTTTTGTACGTGGTGCGATAAGTACGAGTTTTGTGTCAGGATATTCTTCTTTGATCTCTGAGAATGCTTCTATTAGATAAGGTAATCATTTTTCATATCATAATCTTCCTACAAAAAGCAAGAGTTTGTCTGACACAGATATGGTGTGAGCATGCTTGAGTTCGTCTTGTTGATTTGCTGTGACTTGTTCACGATTCCAGAAGTTTGTATCAATTTGATTGAGCATAACGCTTATGTTTCCATTATTTAGTTTTGGATATGTTTGTTGAATCAACTCTTTGCTTGACTGTGAGACAGTTATGATCTTCTTCCACGGGAGATGACAAACAATCCATTCAAATAAAATATAGAAGATTGCTTTTCGTCATTTAAGATGGTATCGAAGAGTATCATAGATTTCATGGATAGTAATGGTGACTGGTTTATTGGATATTTTACTAATAATCCAAGCTGGAATAGCGCTTGTGAAAGTTGATGTATGGATATGATCTACAGAACGAATAAGTTCTCTCTGTTGTAGTGCAAATCGGAGTACGGAGAAGAGTATGGTGAATCTGTTGTGTCCAACTCTATAGATGAGTACGTTACTTTTTTTTTCTATCTTTTTTAAATCAGAACGATGACGAGAGGTCAGAACAGTTATTTTCATGTTTTGTTCACTACAAAATTGTGTAACATCATCGAATAATGTTTCAATCCCACCAATAAAAGGATGAAAATAATCAAGAATAAAAAGAGTATGTTTCATGAATTATCTTTGAAATAAGGAACTATAGATGAGTCTAATGAGTATTTTGAATGCGCTCATATTACTTTGTCATTTGCTTAGACTATAATCAGTATATTTAATATGAACAGGTACTTCAGTAAAAGAGAGTTTGGAACGACGAAGACATTCGATGATATCATTTTGATAACTAAATCGATCTGAAGTAATAATGATATTGTTGATTGCATGATTATTATAAACTCTATATCCTGTAGAAACATCGGTAAGTCGTAGCCCATTGAAAATATAAGTTATAATCCTTCCTCATTGGAGTATTATTTTTCTCATAAGAGGAAGATTAGTAGTCTGACCACCTTTGACAAATCTACTACCAAAAATAACATCATATTTATTGGTGCTTGCTGTTGATATGAAAGTTTTCATATCATTGATATCCATTTGTCCATCAGCATCATAACTCACTGCTCGTTCACATCATAGTTCTTTCATATGTCTTTTAGCAAAATAAAATAATGTTTTATTTGCCGCGCCAGGTCATCTATTGATG
CP011268.1_gap20	661480	665073	3593	CTTGATCATCTCCAGATAACATTTCGTGTAAGAATATGCTTGTATTTTTCATAGAAAACCATTGTATATCAATCATAGCATGAGTGTCTTGAATAGAAATTTTTTCAGTAAGATAGGTTGTAAAAAATGTTATTATATTATCAGACATATATACATTTCAGATCTCAAATAAAGATTCTGGTGATAATACTATTGCTCATGCTGTTTCTTCTTGGGTTTCACGAATAGCACAATCTAATACACTTTCTCAAATTTCACATTTCCCACCAAATCAATTTCTCAATCATGGCATCTTTGTCGCTGGTCCATTTTTTCATAATAAAACAAATGTTTCTCATTCATTTTCATAGAGAGGGAATACTACTGAAAGTTCTTTGTTCATCGTGTTATGAGTGAAAATAAGTAAATTCTTTCATGGCTATTATTACATTGATCGTTTGTCAGGATTATTTCTTTTTGTTGTATCTTTATCCATGTATTCTTTTATTACCTCTCCTAGTGTCTCTACAAGGATGTCAAATTTTTCATATGACTGATCTGTGAGAGGGGCAGAATCGTTATGAGTATATGATTTTGATTCAAATTGCGCTTTTTTGTCTCGAAGGAGATTGGCTACTTTTTTAGGACTATCGATATATGAGAATGTTGTGTTGATACCATGATCAAGTGTTATCATAATTTCACCTTTTCAAAAAATTCTATCACTGACTGAGTTCTGAGCCTGGCTAATGCTTTCAATATTGTCTCGATGACATTGTTGTATACTATAGTTGAGAAGTTTGTTTCGTTGAAAAATAGAAATTCCTTGTTTATTGATGACAAGTGCATCCAGATAGTGGTTAAGGAATTGTAGGATAAAATGCACGTAAATTATCATAGCTACTCCAGCTAATATCCAAGTAATAAGAGTGATGGATGGAAAAAAATACTGTGATATCGAATAAAGTATCCACAGTAAAATCATAAGTCAAAGTGTTACAAAAAAATGCTTGAAGTGAATGCTTCAATGGTGACCGATGATGATACTTTCATCTGATAATGTCATATATTGTCTTAGTATATATGTTCTCATACTATGAACTATAACAAAAAAAACTTGCAATTCAATGCAAGTAATAGTGTTTCTTCGTAACGGATGAAATTATGAAGACTTTTTTGATGCTTCTTGCATTCTTGCCATTTTCTCAGCAAAAATCTGGCTTCTTCCAAGAGAAACTTTCTTTTGTACTTTATCTGGGTTGTAGACAGGATGAGAAAGATGACTTGATTCAACTTTGATAGGTCCTTGTGTAGTAGAGTATACCGTAAATTCATATCCATGGATATCTTGTACAGTAACTTCTTTCATTTCTGGATGGATGTTTTTTTTTGCCATAATAATAGAGTAATAATAGTATATAAAGTATTATATTGTGTTTTTTTATAGTATAATGATTCGAATTATCTTACAAATTTTTTGTTCAGTGGGTGATGAGAATAGATTTCATCTGGCTTAAACCAGTGAGCAATTTCTAATTTAGCTTCACCAAGATCAGCTGATCCATGAACAATATTGTAGAGATCAGTACCAGGATTTGCATCAAGATAACCAAATGACATATGAGCATAATCTCCTCTAATAGTTCCTGGAGCTGCAGACTTCGGTTCTGTGCTACCGATAAGTTTACGAGCTATTTCAACAGCTTCAACACCTTCCCAAACCATAGCAAGAATAGGAGCTTGAGCCATCATTTTCACAACAAGATCAAGAACTTCTTTACCTCTTCTCGTACCTAAAGTACCAATCCCTTCATAGTGACCAATAAGTTGTTCTTCTGTTGCATGAATAAGTTTCATAGCCACAAGAGTAAGTCATACTCTTTCAAAACGAGTAATGATTTCTCCAACGATGGTACGTCCCACCGCATCAGGTTTAAGAATAACAAGAGTTTGTTCAAGTTGCATAAGATATTTTGTTTAGTGAATTAAAATATCCGTATCACTATACAGATTTCTTCTTTGTGTTGCAAGGGAAAATGATATTATCATTGTATTTTGTGAATGAGTCTTGCAATTCTTTGGTATATCTGTATCTTGAAGGTTGGATATTTTAGTTACTCTAGTAATGATGGCATCTCTCAAAAAACCTTATAAAATCATCAAAATAAATCTCCTACGAGTTGTATTGTGAATTCTTGCGTTTACTATTTGATTAAACTTGATTAGCAAAATATTTGTATCAGGCGGTGATGTAGAAGTCGTTCAAAACAAAAAAGATGTATCCCTGGATGAGTTTCTCTCCTGATACGAAAATACCTTATTTACCAAGATTAAACTGACGAATGGTACTGATTTAGAAGGATATATCCCGGTATCATGAGCTGGTGGCTCTTCACTTTCTCTCATGTCACTCCAAAAAGATCTCACTATCAAGTATTATGATGTGATTCAGACTAAAAAACCTCTTGATACATCATTAGTTGATATGGGAATAGCACTTACAGGCTGATCAGTGATTGATATTGTTTATGAAGAAGAATCGTTGCTAGCGTGATTATTTTTCAATACCATATTACCTATCCTCTTATTGGTAGTGATTTTTACCGTGGGAATGAGATTTTTCTCTGGTAAATGATGATGAATTGGTGGTATGAATCCGTTTGGTAGTATGATGAATGTCGGAAAACTTGCAGGACAAGACAAAAATGCCAAAAAAGTGAAGTTTTCTGACGTGATTGGTATGGCAGAGGTAAAACAAGAACTGACCGAGGTGGTCGATTTCCTCAAGAATCCTGATAAATACCATAAACTTGGGGCTAAAATTCCAAGAGGAGTATTGTTGTACTGACCTCCAGGAGTCGGGAAAACTCTTCTTGCCAAAGCAGTCGCAGGAGAAGCAAATGTAGCCTTCTTCTCAGTATCAGGTTCTGAATTTATGGAGATGCTTGTGGGTATGGGAGCGTCGAAAGTGAGAGCGTTGTTTGACAAAGCACGTGCTGCAGGTAAGGCCATCATCTTTATCGATGAGATCGATGCGATCGGGAAGAGAAGAGGTGGTGGAATGTCAGGATGACATCAAGAACAAGAACAAACCTTGAATCAAATTCTGACTGAGATGGACGGATTTGGAACCGATACGAACGTGATTATCTTAGCATCGACAAATAGACCAGATACCCTCGATCCAGCCTTGCTCAGATCAGGAAGATTTGATCGTAAAGTACTGGTAAATACTCCATCGAAAGAAGAGAGAAAAGAAATGTTTGAATATTATTTGAATAAGAAAAAGATCGATAAGGATATCAATATCGATAGTATCGTGAATAGATCTTCAGGAATGGCTGGAGCTGATATCGAAAATATCGTGAATGAATCAGCTCTCAAGGCAGCTCGTGATAATTCGAAAAAAATTACCAATGCTGATCTCAACTATGCAATCGAGAAAGTCGTTATGGGACCAGAAAGAAGAACAACGGTGATTACAGAAGATAAGAGAAAACTTGTCGCCTATCATGAACTAGGACATGCCGTGACCTCGTATCATCTTACCTATGCTGATAAACTCGAAAGAATCACGATCGTACCGAGAGGACAATCATTAGGAGCGACACGAT
CP011268.1_gap21	689601	692536	2935	CTCAAGAATTCTACTGTAATATTTTTTTTGCTAATCCAGTCTTCCAAAATTTTATCAGCTCTAAATCTTTGATTTGTCTTCTTATCATCAATCAGTGCATCACCAAAAGCTCCAGCATGGCCACTCGCTACCCAGGTCTGAGGATTGGCAATGATCGCAGTATCCATGAGTACCATATCATCTCTCTGTGTCACAAAATAATTAATCCAAAGATCAGCAATGTTTTTTTTGAGTTGAGAACCATATGGTCCGTAATCCCAGGCGTTTGCCAAACCTCCATATATCTCAGAGTTTGGATAGACAAATCATTTTCTTTTCGCCCAAGCGACAATGGTTTCTAGTGGAAATTGTGACATTCAATGAACAATATAATGAATATAAAATTATCGTCTTTATTTTACTCTATCCTTGAGTTTTTCAATTCTATTAGTAAGAAGTTGATTGATATTAATGTCTAAATATCTTGCAAGACGACAAGTTGAAATAATAACATCAGCAAGTTCACTTTCCAGTGTTTCTTGAGAATAGTTATCTTGTTTTTCTTTTCTCACCAAATGAAGATATCAGAGTACTTCAGAAGATAATTCTCAAACCTCTTCACTTATTTTTAATGCTTGAGATAATACTCCTACTTTATGATCATCATCTCTTTGATAACTTCATTGTCCAGATTTGCTATATAAAGTCCAATCTATAAACTCTGTTAGTTGTTCTATAGTCATTGTTTAATATGTAGTTATAAAGATTTCAAAACTTCTATCGCTTGTGCATTGTTGACAAACAATTCTCCTTCAATCTCTAATTCTGCAGCTGCATCAAGGTTTTCTTCACTATGATCGAGGTAAAAACATTCTTCAGGTTGAAGACCATAATACATGAGGAGGTGCGCCCAGTATTCTGGATCAGTTTTGGGTACAATATTATCCATAGAATGATACTCAAAAGAATAGGCAGAGATAAGTTCTCTAATCTTTTGTCATCTATCTCATCGAGCATTTGTTGCTACAATGATTTGGTCTGGTATGGTTGCAAGATAGTTAGCAAGTTCTGTGTTGAGTGTTCGAGATTCCAGGGTACCATCTTTATCTGAAGAGATAAGACATCATATTGCATCGATAAGAAGAGCCATAATAAAGTTAAGAGTGTAAAGTGAACGTTGGTATCTTTCTATATATACAAAATACCATATCAAAATCAATCAGAAACTATGATTTGTATTAGAGCTTGAATTTGAGAGAAGATGTGAGTATAGTCAGATAACTTTTTATTGTATCAATATTACTATGGTTCGTCGTATTTTGGTATTTCTCGCTCTTTTGTTTCTTGCATTTTTTGCATGGCGTTGGTATGATAAAGCAGCAGCAGATAATTTTCTTCAAAAGATTAAGAATTTTTCTTTTAAGAGAAGTGATAATTATACTACCACTATTACGAATTCAGATGGTAGTACCACGATTGTTGATGATGCATCTTCAGGAAGTACTATTTGATCATCAGGATTGATCGATTTGATAGAAGATACGATGAGCGACAAAAGCACATCTGGAAGCACCGAAAATGATTCATTAATCAAACAAATATTGACTTCTGAAACCTTAGAGACATCGGTACAACAACCTGTCCTACAAGTACAGTGATTGTCTGGTGGTGTTGTCATCAATACTGGTACAATTGAAACTATTTCAGCACAGCCAACAACTCCTGTATCGACTCCTAAAGTAGTAAATACGTCTTCTTCTGCCTCTTCGCAGACCTCATCTTCAACACAGCTTTCTGAACAAGATAAGAATGAAATGCAAAAGTTTTTGGAGTTGTTTCATTAATATTTTATTTTGTACTGAAAATATGACATGATAGGACAAGAACATATACCGAGTTTGGGGCAGTTATTCGATTTGTATGGTGATCTCAATGGAATTGATCTCTGATGAACTGGAGAAGAGATTAAACAGCTTCTTATTACTCAAGAATATACACATGTTATTACATTTCATAGATATGGATTTGTTTTTTATTATTTTGATCAATTGGTGAAAGGAGATATATCTCATGAACAATTTATCACTATGGGAGATATACAGGGACAAGATCCAGATCAAATCAATCCGCATGTTTATCGTGAAGAGCATCCTGTCTCTTTAACGAGCTTGACTCCAGAGGTAGTGAGTCAGTGGAAAGATACTGACTTGGTTATTCTTGATAAAGTAGTCTACGATTATTATGTTGCGCAGTATGGAGCAGTTAAGAGTGATGCGAAGATCATGGTGATGCAATAACCCTATTATTATTTTTGAAATAATCATTTCACTTGCTCGATATAACTCGGATCAATGAGTAAGATCCCGATTTCTCTGTTGTTGTCCAAAGCATTGTCAGAAAAATTCATACTTCCTATCATTAGGGTATTATCTACAATAAGGAGTTTGTCATGATTATAAATTTTGTCTTCAAAAATAATTCTCTCCTGACCTAGTGCGCGTATGAGATCCCTATTGCTATCAGAATTGTTCGTACGGATACGGATATCGAGATTTTTTTTCTGTTTGAGAAGGTTGATAATGCGTTTGTCGATCACGTACTGAGCAGAGATTCGGATGCGAGAGTGTGCATTACGGATGAGGTTTTCAATATGTTCACGACAGTTTAGTGGACAGACGAGGAGGTTTACGCTACTTTCATCGAGAAACTGTTGGTAGTCGGATGCAGATACGCTGTCAGGATCTGCTATCTTTTTGCTATCAAGCTTAAATAATGCTATCAGATCATCTCTAATAACTGGATTATTTGATAAGAAAAAATGCTCTCTATTCTCCACAAAAGACGTACGATTAAGATTTGCTGTCTGGATAGCTCGTCGCGTATCACCTACGAAGGCCTTGGCATGGGTATAGGTGATTCCAAGGTTTTCATCTTTCAGGAGTGTGATATGGTCGTC
CP011268.1_gap22	695768	698059	2291	CCCATCGCAATGAATCAGTGATCAAAAAGCACTTTCATCTGCTAAAACATTTGTAACGACGACATTGGGTGCCAATGGTATAGTGAAAGTACCCCAACTTGATAAACCATATATTGCTTACAGAGATAATGGTGGTATGATGTATCCTCTTGCTGCTGCGAAAGAAAAAGGCTCATCTGTAGAACATCTTGAGACAGTTTATAATTCAGTGACTATTGTTTATCCCTACGTAGTGAATGGAAAAGCTCTCTATAGTAATTATGGTGGATGAAAAATGTGAGTATCTATTACTGTAGATAGTAACGGAATATCTTCTGTACATGTCCCACTGCTGGCTTTTACATCTGTACCAAAAACAGCAGAACAAGTATCTGATCAAGCTGCATTGAAACTTATCGATAATGGAGGTAATAACCCTTATTATGGAGCAGAACAAACAGTGACGTTAGAAAAACCAGAACGTGTACTAGTTTACTTTAATTACTATGTACCTAATGCTCCTCAAAGAACGTTGATTTCTGATGGTATTAGACTAGGATCTCAAATGAAACAAGATCAATGGAATCCTTTACCATATGAGATGATTCTTTCAGATTTTGTGATAGGTAATACGAACAACGCTGTTATGCTGCCTTATATGAAATCATCAGATATGACAGTTACTGAGAAAAAAGTAGTGAAAAGACCATTACCAAAAATTCGTCTTAAAACATCACAAGCAAATTAATACATATGACTATGTACATTAAAAACCACCACTATCTCATGATAGGTATGGTGGTTTTTAATTATGTTTATGATAATACCGATATCATCTCTACATGATGAGTGTGGGGGAACATATCCACGGGCTGGAGATTCTCTAGTTTTCGTCATCACTGTACAAGAAGATCAAGATCTCTAGCGAGTGTTACAGGATTACAGGAGATATAGATCAGTTGGAAGTTATATTTCGCTTTCAGTTCATTGAGGAAGACGCAGACGTCTTTATGGAGACCTTCTCTCGGAGGGTCAACGAGAACGAGTCAGACCTGTTCTATTTTTTCTTGAATAACTGGATCAGTACTGATGAGAGCTTCCGTCTTCCCAGCTACAAAATAAGATTGGTCTGACAGACTATTGAGTTCGGCATTGTATTTGGCGTCACGGATCGCGTCTTCAACGATCTCGATACCGATGAGATCTTTACCGATACCTTGGCTGAGAAGACTTAGGCCGATCGTTCCAGCGCCACAATACAGATCCATAATCGTCTGTTTATCTTCAGGGAGTTGGATAAAACTTGCTGCTTTGCTAAAGAGTTCTTGAGCTCCGAAGGTGTTGGTTTGGAAAAACGAGAAGGGAGAGATACGGAAACGGACTGGTCTTTCTGCTTGATTGAGTTTTAGTTCTTCGAAAATATAACCTTCTCCTCGTAGTATTCTTGTTTCTGCTTCGGACCGTCTTACAGCATCGGAGACGGTGTTATTGTGAGTCAGGATGAATGTTGTACAAGCTGAACGTAATACCTCGTCAGAAAGTAAAGTTTTGTAAAATGTATCCCAAACAATATCGAGTTCTTTGGAATTGATTTTTTCGTTAGCAACAACAAGATTGATGAGAATTTGATCCGTGTTGAATCCTTGTCTCATAACGATATGACGCAGCACTCCCGTATGACGTTTCTGATCATAGACAGGCAGTCCAGAATTTTTACAAAGATTTTTCATGTGATTGTAGACTTCGTGTAGCTTATCAGAGATAAGATAACATTGATCAACATCAACGACATGATTATATGAACCTTGCTTATGGAATCCAAGTTGTCGTTCATGATAATGTGAAAAGTCTTGTTCATCTCCTTGAGTACTACGATCTCCTTTTGCTTTGCGATCATTACTAGCTTTCGTGATATATTTACCGAAACTGAATTCTATCTTGTTACGATACTGATAGGTGAGTGGTGATGGGATGATATCTTGTAGTGGAGCAAGATCCAGAAGATATGATACTCATCTAAAACTATCGTTTACCAGATGTGTCTTGAGTTCGAGCTGTTTGGGATATGAAAGCAGTTGTCGTTTACATCATCCACAGCCATTTTTGTGAACGTAATTTTCTGGCACGGAGATGAGCGGATTGCTATAGTGTGGACAGCGAGGAGTCTGGTCTGCTCGTTCTGGTTCGATAGAAACGACACGGAGTGGCAGTGCCATGATATAATCTTTTTTGACTTTAAAAATCGAGCAATCGATGGTACTGTGAGGAAGTACAGATCATTTTACGAGTACTTTGCGTCCATCTTCAGCTAA
CP011268.1_gap23	769317	774239	4922	AAAATTTATAAAGTCTGTTTGCTCATTGCTTTAGTAACATAAGCGATTCCTAGTGCATCGGAGATATCTGCATATTTTGGTTTTGTGTTGAGATTATACAGCGACATAATCATGGTGTGAATGTTAAGTTTCTTAGCTCATCCTCGTCAGGTAATGTATTTTTTCATTTCTGTAGGACCTACATCATAGATAGCTCGTCATTGCGTAAGAGCATACATTACTAGTGCTCACCTCAGTCCATAGAGAAATTCAGCATGCTGTTGAGTACGAGTCATAAAATAGAATTGCTCTAGGCCTATGACGGAAATATTATCTTTGTATGGTTCGATAATCTTGATTATTTCATTATAGGTATCATACATTCTCGTCAATCGCATACGACGATCAGCTTTTTTTTCGTCAATAATTTTATGGTCGTTGATGAGGTACTGATTATATGATTCAGAGTTTTTTTTTTCATTAATGAGGACTCCTGCATCAATAATAGTATTGTCAGAAGTAATAAGAGCATATCAACATCTACGGATACCTGGATCTATTCAGAGGATATAAGTCATTGCGAGACACATTTATGCAAATAAAATACTGCGAGTCGCTGCAATCTCCTTATTGGATTGTTTCTTTCCCCCTTTGCTTCGCAACTAAAAAGCATAATTACAGGTTATTCAATATTTGTCCAAACTTTTTGAACATCATCATCATCTTCTAGATGTTCTAAAAGAGTTTCTAGCTGACTTGCTTCAGCTTCTGATAAGGTTTTCATGTTATCGCAGACAGCTTCGATATCTGATCATATGATCTTATATCCTGCATGTGTTAATGCAGTACTGACTGCAAAATAATCGTTCTTGCTTGTAGTGATTACACAGATACCATCATCAAATTCTATATCTTCTGCTCATGCTTCAATAGCATCCATTTCAAGAGTTTCTTGTTCATAAGGATCGATAAATTCTGTTTCATTTCATTTGACGATTTCTATTCTTGATTTACCAGAGATTGTTATGATACCTTTTTGTTCAAATTGTCGCGCAACTGATCAAATCTCTCCAATAGCTCATCCATATTTTTGGAGAGTAACTCTTACGGCATTACTAGTTCTATTGGTATTGTCAGTGAGTGTCTTGATATAGATAGCGCATCATCCAGGTCCATATCATTCATAAAACACTTCTGTATAAGCTGCTCATCATAATTGACCAGATCATTTTTTGATCGCTTTTTCGATTACATCTCTAGGAACCCCATTTTGTCTAGCTTTCATAACGGCTTGAGCTAAGCTTGGATTGAGATCAGGATTTGCACCATTTTTGGCTTGTATTTCGATTATTTTACTCATCTTTGCATACAATTTTCATTTTGATGCAGCTGTTCACATTTTTTTATTAACTATACTATGTCGTCTTCACATTATTATGTATAAGATTATGTTATAAAGATTGAATTCCAGCTAATATTTCTGGGCCATTATCAGTTATGGCAACGGTATATTCTCGTTGCGCTCCCAGATCTCCATGTTTTGTATAAAGATTCCATCCATTTATTTTGTCTTCGATATAAGATTCAGATGTTTTTGCAGTAATGGGTTCTAATGCAACAACCATACCAGGATTGAATTTGATTTTGTATCAACTTGGATGAGGGTAATTATAGATATTAGGATCTTCATGGACGTGAGTACCTACACCGTGTCAGGTAAGGTTTTTGATAATGCTATGGTTGTGAGAGTATACATAATCAGCAACTGCTTCACTATATTCAGCTATGAATTTACCTGGTTGTACATATTTCATCCCTTCATCTAGAGCTCATTTTGTAATATCAATAAGAAGTTGTCCTTCAGGATTTTTATCTCCACCTCCTATGACAATACTAAATGCAGAATCACTAATAGCACCACGATAGTTTATTCCCATATCAACTTTGAGTACATCTCAGTCTTTGAGTAGCGTTCTATCTGGTATTCCATGTACAACACAGTCATTGAGAGAAAGGCATAATTGCCCTGGGAATCCATTAAAATCTTTAAAGGCCGAGATAAGATGGTGTTGGTCCAGATAATTCTTTGTCGTAGTTTCAAGATCTTTTAGCATAATGCCAGCTGTACATTGCTGATACAGAATATGCAAAAGTTCTGTAAGATACTGACCCGATGTGCGTATTTTGTCGATATGTTGGGTGCTTTTTTTAATGATATGCATATGATAGGTGAAAATGATGAGATAAAATTATTCACAACAATGAAAACAAATCGTTGTAGTATTGATGTGTAGTATACATATCTCTTGTGATGAGTGCAAGATTAAAAAATCTCTTAACTCTCTCAATTATTATTACTTATTATAATTTCTAAAATATGTCATTATATTTTTAAATTATAATTATTTTTATACAATACATAAATTATATAATTTTTCATATTGTAGAATGAAATACTATTATTCCTCTTGTAACTGTCGAATATAATACGTAGTCTTTGTGGTAATGTATCTATATTTTGGAAGATACTATTTTATCTTTATTGTATTACACACATGAAACTTACAAGAAAGTGATTTACTTTGGTAGAAATGCTGATCGTGATTGTGATTATTGGTATTTTGGCTGCGGCTCTTATTCCTAGACTTACTGGTATTCAGGCAAGAGCAAGAGATACTGCAAGAAAAGCTGACCTTAACCAAATCTCAACATCATTATCTACATATGCTTTAGATAACAATGCATATCCTGTTCACACATCTTGGACTTCTATTACTACAGGTGGTACTGCTGGTGCTCTTACAGGATTGGCTACTTATATGACTGCTATACCAAAAGAAACTTCTGCTAATTGGATGGGTTATCAATATCAATCAAATTCTGCTGGAGGAGTATTCGTTATTGCTTCTGTAAGTGAAGGAGGATGAGTAAATGCTAACTGGTCTGGAGGAGCAAGTGCAACTGCAACTTCTGTACCTGCTGCAATTACTATTGGTACATCACCTGTATCTGGTTGTACACCTGGTGCTGCTGCATGTATAGGAACTAGTAACGTAGGATATAGATATATTCTTTCTAACTAATTTCTAAATCAGTACTCATAAAAAACTCACTTTAAGTGAGTTTTTTCTTTTGTATGAACTTGAACTGAATGATTGTTTTACGTATACTATGAGTGATTTATTTTCTGTTTGGTTATATTGTGCATATTACATATTTAAGTATTTTCCCAGAGTTGTTTGATTCGTTTCGCGAGACGACATTAATTTCTAGAGCAGTAGATAAGAATCTTCTCACTTTTGAGACGATTAATCCTAGACACTTCTGTGATGATAAACATCGTGTTGTTGATGATGAGATTTATGGATGATGACATGGATTACTGATGAAAGCACCTCCGATTATTGCGGCCATTAAGCATTGGATAGAAAAAAATGGATTAGTAGAAAATGGAACATTGAAAGTTGAAAGTTGAAAAAGAAATAAGAAAACTCACCACCCTATACCATGAACTCTAAACTTCAAAATCATTATCCCTCATCCGTCTCAAGACGTGTTCAATCAATCTTTTGCGCACAATTGGTCAGAATGTAGTCACCTTTTGTTTATCTGTGGGAGATATGAGTGAATTGATGAGAGAGTGCGATTACGATTGAAAAAGAATTATCCTGATCATACACAAAGAATATCGCTCTGACAGTTTGTAACGTTGGGATGAGAATTACCAGCAATGACGATGACTGAAGCAGTCGTGAGACTCCTACCTGGCGTGATTAATACTGAGCTTTCATGGATAGAAGAAAGCTATAGCCTAGAACAGAATATGCAAAACTTAGAACATCCTCAATACACAAGACCTGAAGTTGTCGAGGGTATGAAGGTACCAGAAGTATTGCTTAGTGGTCATCATAAAAAAATTGCTGAGTGGAAAAAAGATAATAGTCTTAATCTCCCTCCAGACTTTTTCTTCAATAGGAGAGGAGATCGTGAAATTGAATAATGTTTTATTGTATTATGATAATGAAGATTATGAGGTATTGGTTTTGTTTGTTATGTATTCTATTATTTGTGTTCCTTTCTGGATGTAAAAATAATAAAAAACCACAACAAATATCACAGGTCTGTTTTGAAGAGCATTGTTTTCAAGTAGAAATTGCTGATACTGATGCTACACGTCAAATGTGACTTATGTATCGTGAATCACTTCCCAGTCAAAGTGGTATGCTGTTTGTATTTGATACTTCTTATCCTCATGGATTTTGGATGAAAAACACCTTACTACCATTGGATATGATTTGGATAGATGAAGATAAAAAAATAGTAGATATTCAGACTGCTATTCCTTGTAATGCTGATCCTTGTCCGTCTTATATTCCTAGTGGAAACGCAACATATGTCCTTGAAATTAATGGTTGATGAGCAGATCGATATGATCTCCAAACAGGAGATATTGTGGATTTTATATAATAAAAGATAGAAAAGTATAGAATAACTGACTCGATGTGAGTTGGTTTTTTGTTTGTTAATATGAAAACAGATATAATAAAGGTAGTATTTAATTGTTATGATTCTATCTCATGCCTGATAATAAAAAAAGTCTAGAAGTTCTAACATCTTCTCTTGATCTTAATCAAGAAAAACTTGCTGATAATGAAAAGAATGAACGTGTACAAGAGATAGTCGATACTCAGAATAACAAAGACATAGACAATAAAATTAATGAAATAGAGACCGCATCTGATACTCTGGTGACTAATGAACAGATGAAAAAAGAACTCTGAGCGCATAAAGTAGAAGCAGAGATGAGTGCTCGAGAAAAAATTAAAGAAAAATGAGGAGAAACTGCTGAACGAGCAAAAAGAAACTGGTGATTGATTGTTTGATGAGTAGGTTCTTTTTTGGGTATTCGTCGATTATGGAAAAAGATCAAATGAAACGAAACT
CP011268.1_gap24	790593	793856	3263	TTGACCGCAAGAGAAAAAGAAGTCATCTTCTGTGAAAAGTGAACATCGATTTCAACAATTGTTTACTTCAAAGCAGATTACCAAAGATACTCTCCATGAGAAAGTAGAACATATAGTTCATGAAGTAGAAGCAATAATAGATGAAGAACTTGGATGAGAAGAAGAGTTGGAATGAGAAGAGGAGAAACCACTTTCTGAAATAAGAGAAGAATCTTTAGCTCCATCTTTGCCTCGATGGAAAAAACTAATGGGTAAAAAGGCTGCTATAGTACAAGAAGAATATATTCAAGAAGAAGAAAATATCCACCAAGAAAATATCCAAGAAGAACATATTCAAGAAGAAGACATTCCTCAATCAGAGATTCTTATGACAGCAGATACGGTAGATCAAATTGAACAACATAATAAAATACAAATTAAACGAGAAGAATTTAAAGCTGATCTTGATTATCTGAAGAAGAGACAAAAATGGGATGAATATGAAAGTAAACTTATTGAATGACTTGCACAAGATCCAGATCATGCTGATATTCTGGAACATCTTGCAGATTTTTATATGATGGATAATCAGCCTAAAAAAGCTCTTCCACTGTATAAAAAACTTGTTGAAAAATATCCAGAACAACACGTCTTACTCCGAAAAATGGCACAAGTATACTTGAGTATGAAAGATTTACAAATGGCAGAGGTCTTGGTTGATAGAGCGCTTGCACTCCATCCTAATACACCAAAATATGCTATGAATCTTGTAGAAATCTATTATGGTACAGAGAGAAAAAAAGAAGCTCTTACGATGTTAGAACGTATTGTAGAACGAAGACCAAATAATTTGAGTTATCGAACGACATTAGTCAATCTGTATGAAGAATTTGAATTGTATGGTAAGGTTGTGGATGCCTACGAATCTATGTTACTTATCGATCCTACCAATGTTATGCTGAAAAGAAAGCTACTCGAAGCAAGGACACAAATACAGTAAAAGTGTAGAGTTTATAGTGTAGAGTAGTTATGTATCTTATTTATTATCTTATATTATAGTTATGTCGAGAAAAACAGTTATTAAAGTGTTTGCTATTCTTATGATTATTTTTTTGATCTTAGGATCATTTGCTGCTATTGCTCCTTATTTGTAATTTTTATTAGAATCGATATCCATTATTATGAAACTTTCTATAGATCTATCACATAGATATGCATGTATGAGAGCACATACTGCTACTCATCTTCTGCATGCAGAGCTAACGAAAATTTTTCCTCAAACCAAACAAGCTGGTTCGTATGTTGGACCAGATGAGCTGCGTTTTGATTTTTTTGCAGAAAGAGGATTGACGTCTGAAGAGCTAGACTCTATAACTGCTCAGGTCAATCACATCATATCTGCTAACGAAAAGGTATCAGTACAAGAAATGCCCTATGATCAGGCTCTAAAAACAGGAGCGAAGGCATTTTTTGAAGATTCTTATCCAGAGATAGTAAGAGTGGTATCGGTATGATATCAAGGAAATACATCATATTCGGTTGAACTTTGTGGAGGTACTCATGTCGCTGAAACTGGTCAGATTGGTGCGTTTGTTATCATTGAACAAGGTGCAGTAGCAGCAGGAGTAAAAAGAATTACTGCTCTGACTGGTCCGAAAGTAGCAGCCTATGTGGGACAGTTACAGTCACAGATTGATGGTTTAGCTCATAAGGTAGGAGTACCTACTAAACAATTGGAAGCAAAGATAGAAAAGATTCTTGCTGAATCTGATGAAATGAGTACGAAAATTGAGCAACTTTCTGCTGGTCTTATAAAAAGTATCATATGGAAACCAGGACAGATTGAATCCGTATCGTGTGATGCAATTTGGTCATATGAAGATGATATTGCATTGCTTGGGTTATCGTTTGCTGATGCAGTGAATAACATCAAGAGTGTCGCTCAAGATAGATCATGGCTTATGGTATCAGCTACAGGTCAGTATGCACTATCACATAAGCAAGCAAAAGTTATTGTAAAAGAACTTGGTCTTAAAGGTGGTGGTTCTGATACCTTTGTACAGGGGAAAGATGAGAATATAGTGAAAAGTGTACAGTTGAAAGTGTAGAATTCCTTAACTGTTGAGAAATTGTCATTTCGCCTTTTGTCTGCGAAGCTGGTAGGAACGAAGCAATCCATAGTACATTAACCAGTCTCTCAAGTGAGGGATTTTTTTTGAAGACAAAACAACTTGACTTTTATTTACTTTTTTAATATTGTGTTTGTTGAAAATTAAAACATTAAAAACATGAAAACAAAAACAATAATAGAAATTTTAAAAGGAGTCCTTTTTTGTGAATTATATAATCTATTCTTATTGTCTATAATTATTGTAAATTATATTCATAATGATACTTATATTTTTGAAGGATCTAGTGAATATACTGGAACTCCAGAAAAAATGGACATATCGATTAATGAGTGGATATTAACTTTACCTTATTGGGCATTAAAAGAAGAAATACAATTTCGATTACTGCCAATGATGATTTGGTTATTCATAGTATTTTGTTTGAGAATAAAATATAGTGTTTGTGAATTGTATGTCTATAGAATTACGCTTGGTATTGGGATTGTGACTTCTATATGGTTTGGATATGTACATGGAAATTATCTGAATATATTTATCCAAGGAGTTCCAGGATTTATTTTCTTTATGGTATTTTATAATGTATATCGTATAGAAAAAAGTATGATAAAAGCAACATTAGCTTCTACAATTAATCATCTAATTACTAATTTACTTGTAGTATTGTATAATTATTATTAAGTCTCAAATTTTTGAGACTTTTTCTTTATCTCTGAATTGAAATAGACAGGAAGATAACTATACTGAGTTGTTATTTAGTTAGTATAAACACGATTTATGACAACAATCATGAAAGGAAGGGACATCGCGAATCAGATGAAAGCAGAACTTACACAACGAGTCAGAGAGAACGATTTTGCACACAAGTATGTTGCGATTATTTATGTGGGTGATAATCCAGCTTCTGCGACCTATGTCCGTATGAAGATGAAGTTTGCTCATGAGATTGGACTGCAACTCAAAGTTTTTGGTCAAGATCCGAAGATAGAGACTTACGAACAACTGATGGATACGATAGTAGAACTGTCGTATGATGATGATTGTCTCGGTGTGATGCCACAACTTCCCCTTACGGCTGAATTGAGGCCTCATCTCATGGAGATACTGGATGCACTACCTCCGTATAAGGATATTGATGGACTGAGTGGTGGGTTT
CP011268.1_gap25	854339	857276	2937	GATATATGAAGTGATGGAAGAGACGACTCTATAAAAAAATAACGCCAATACTTCGTCGTCGAGATAGTCAATCGAGAAGCTATGATATTATCTATGCGAATAGTGAAAGTACGAAACAACAAATTCAAAAAATTTATTTTCCAGAACAACAACTAGATATTCAAGTGATACATCCACCGATTGATGAAGCATTTTTTTATGAACCTGTTGTAACAGTGCCAGACAACTATTTTTTCTATATCAATCGTTTGACAAAGATGTTTAAGCATTTGGATAAAATTATTCATCTGTGTAATGAATATAAGATACCTCTCATTATCGCTGGGGATGGTCCTGATAAGATAGAACTTATGAAAATGGCTGGACCAACGATTACGTTTGTGGGATGGGTGAGTGATGAACAGACGAAAATATCATTGATGAAAAAATCGAGATGAGTTATTAATATTGCTCATGAAAGTTTTGGAATTGTGACTGCGGAAGCATTATTACTTGGAGTTCCTATTTTCTGATACAACGGAGGAGCGACACCAGAACTCGTCGATGAACAGAGTGGATTGTTAGTTAACTCTTTAGAAAAACAAGAACTTTCTGACCAGTTTAGAAAATTTTTAGCTCAAGAGTTTGATCGTAAAGCTATTCAAGGCAGAGCGAGACAAAGATTTAGTGAAGGACAGAAGTTCTGGAATTAATCAGTTTCGTCCAACTGTGTAGTTGTGATTTCTTCTAAATTGGCTTTCTCGATATCATTCTCTTGTTGTAAAGCATCTGCTATGTTCTGTTGATAAGATACTTCTTGCCACCAATAAGCATTTTGTGCAGAGTGAGGACTATTCTGCATGTCAAGATTAGGATTTTGTATTGTTCAGATTTGTTCGTTCATAGGAGATAAGAATAGAGATAATAAAAGAATAATATAATATGTAAATTTATAATAAGTGATGAAGAGAAAAGAGGAAATTATGTTGTAAAAGGTTGGTAATAGTTTTTTTGTAATTGTCATCATCAGGATCGTATCCATAATATCTTACCATATTACTTTTTTTATGAATTGCAATGATGAATATTCTGGGTTCTATAGATCAATTCTTGCTGCGATTAAAGAGTTTATATTTTTCGTCTTCTTTACCAATATCTGATAGAGTATATCAACGAAGTATATTTTTTGCATAGTTTTCTATGGTATCTACTGTAATATGTGGTCAATCATGAAAATAAGACAAACTTTCTTTTTCTATCCCTAACTCTTTTAATTCTTTAGTGATGATTTGGGGAGTAATAGATTGTAATAACTCATTGTCATCTAACAGGAGTGTGATATCTTTTGTTTTATTTATGATGGTTTTCCAGTTTGCTTTGTGATGATGAGCATCTTCTAATGTAATGATAAGATTATAAGGAATTGTTTCTTTTTCTTCTTTAATATCTATAAGCCAATTTATTATAGAATCTGTATAGATGTTGTTTACGCCGACTTCTAATGCAGCTAGTGCAAGTTTTTCTTTAAATGTTTTTTCATCTTTTATGTCAGAATGAAATGGTTCTAAAAAAAGTTCTAAAAGATGCTGATTATAACGATTATAATATTTATCATCAGTTCATTGTGGATTGAGTTTGGTTATGGTATTATAGAGAGTAGGATATCAGTTCATTGTGTTATTTATAGGAAAAATATCTATCTACTTTTGATGATAATTATTTTATATAAAAAGTCAAATATTTCTTATGATACGCTTGAAATAGTATTCTTCTTTGCTATTATTACATTACTATTGTTTTATTTATAATGAGTATGTACTTATGAAATTATTTGATGATATGCTTCAGTGGATTCGTTCTTGGACTATGAAGTCAAAAGAAGATGGTATTGTAGTATGAAAATCAGTACCAGCTGTCCCATCTCAAGTTACAAAACCTGAATGAACTCTTATGAGTTATGGTCAGATGACTGTTTTTTGGGTGATTGGTGCGTTGATAGCGTATGTAGCGTATTTGGTTTTTAATTCTCTTTCTTTGATTTATCTTGTATTGACGGGATTACTTATTTCTGTAGCTATAGAATCATTTATTATAAAATGACAAAAATATTTGAAAAATAGATGAATTTCTATTGCACTTATGTATTTGTTTTTAGTTGTATTTATGCTTGCTGGAGTGGTAATTATTCTACCTTTTTTACTGAAACAATTATCGTCTATTATTTCAATGATTATTAGTGAAATTTCATTGATGGGACAAAAGATTTCTAGTATGGGTATAACTGCCTATGTTGAATCATTGAATTGGATACCAGGAATGATAAAAAATTACCTTCTTGATTCTTTGGGATCAAATACATCAGAACTCCAAACAACTATTATGCAAAATATTTCTACATTGGTGTCTACAGGAAGTAGTTATGCTAGTAATATTGGTGGAATGGCATTATCCTTTGTATGATCTCTGTTTACTATACTGTGACAAATTGCTCTTGTGCTTACCATTGCAGTATTCTTTTCGATAGAGAAAGAACGTGTAGTACATTTTTTTGTAGATCATACATCATCATCACTCGCTCGTACTCAGTTTATGTCAGAAAAAGTAGATCTTTTCTACAAAAAAATGGGTACTTGGTTGAAAACACAACTTGCATTATGTCTCTATATTTTTATAGTGGTATATATTGCTTTGATTGTATTGTGATGGTTTGGAATGCCATTGCCAAATAGTTTTTCCTTAGCTCTTATGGCAGGATTTACAGAATTTATTCCTTATTTATGACCTATTTTGGGAGCGGTTCCTGCAGTCATTGTGGCGACTATTATTTATGGTTGGAAATGATTAATTGTAGTGAGTATTGTCTATGTTATTATTCAGCAAATAGAAAATAATGTATTAGTCCCTATGTTAATGAATAAGTCGTTAGGAGTTAGTCCACTATTGATTTTGTTGTGTGCA
CP011268.1_gap26	861509	862299	790	TCAAGCGTATGGAACATGGGGAAATTATCTCCAAAATAATAAAGGGTTAGTCTATACAGCAGATAGATTTAAGCAGATGAAAAATAAAATCTATCACCATGAATACACCATTGAGAAAATTATAAATAGAGAAGCACAAGAAGCAATTCTTATTTCTGGACAAGGTACAAAAGAATTGATAACAATTTTAGGAGATTTATATAAGCTTTTCACTACTCACAAATATCGTGAGCATATTCAACTTCAAGATGATGAATATATTTATATACCTCAAAGGTTTTGGGAAGATGAGAGAAGAGGTAGTTCTACTATTAAGAAAGCAGAAAGTTTCCTTAAAAAATATGATACAGAAGTATATCACTATTTCTATGATAAAATAAAAATTATCGATGAAGATACTGATTATGATGATGACAAGAAATATATTCCAACTTGACCAGGTATCCATATTTTTTGGGATTTGATCGGTAAGAAATATATGAATTCAAAAATGGATCATTATTCATCATTTTCGGGGCATGCTGATCGTGATGAATTGATTGCTCTTTTAGAATGAAATCGTCAGAAAAAAAATCACACTACCATATTAGTTCATGGTGAAATGCCTGCTAGAAAAGAATTGTCAGAGCATATTCAAAAAAATAGACTAATCCCAAATAAGACAATTCTTCCTGAACTCTATGATGTACTGACCTTTGATTGTGAAACTGGAAAACTTATAGAACATAAAAAAGAAGAGTAATCCCTAGAAGCTTACTTTTTTATGTATTCTTGTGAAAATTAGAGAACG
CP011268.1_gap27	892171	893539	1368	ATAAGTGGGTCTGAAAAAGGATCAATAAGAATATAGAGCGATAAGAGTATAATAATACCAACCGCTATTTTTCCTCATGCAAAGTAATGATAGAGAGACATCTGCTAAAGTTAAGATAAATCTTGAGATACGACAATAGTGTGAAGTTAAGAGTTATTATTTACTATATATTGTTGTAGTATGGGTTGAAAAAGATTGCATCTGTTCGATAAGCCTGGTTCTGTCGAGATATGATATGTATCTAGTCCAGCTTATAGCCGGATTCTTGCACTTCCCCTACGAAGAGGGTGAGCTTGCACGATGGACGGTTTACCACTCGAATAGCTTCTGCTAGACTGAGCATCATATAGCCCAAAAGAATATTCTGACACTATGAACGTTTCATCTTTCCCATAGAACATAAAGTATACGAACTATAGTAGTATCGTTTCTGTGGCACTTTCGTTTGATCCTTTCGGATGTCCAACTGCCGTGAGCAGTTCCATGTAAGTATCGTGCCAGGACTTTCCTACCCAGTTGTGCTGGATCATCATACTAAACAGATGCAAAAATAGTTTATTGATTAGGGTAATAAAAGCAACAGAAGTATCAGAAATCAAAAAAGTAAACTACTAATAGTAAAATTTACGACTTGATATACTTCGTCGTATTTTTATAGTTTTAAAAGAATATTTTACTTGAAATAATTTTGTAAATGAAAAAGATATGATCAGTAGTGATCTATGGAAAAGGAAAAGCAATGAAATCAGTCTGTGAACTCTTGGAACACTTTCAGATATCTTACACTCAGATGGATGATACGGATGCAGATCAAGCAGTGATCAAAAAATCAAAAATCATCATAGCCACACCAGGCATCAAACCAAGTCATCGACTCTATACTACCCATGGGAAGAAAATTATGTCAGAACTTTCTTTTGTTGGTAAGCTCATCAATGATGGTTATATCACGTGGCGAAATAATATCCAACTGATCGGAATCACGGGAACAAATGGGAAAAGTACCACAACGCGAGTACTCTATCAAGCATGCAAGCTTTTAGAAGAAAAAAAGGAACTCTCTGATAGAAAAAACGTCTATATTGGATGAAACTTTGATCTTCCATTGAGTGGAATCTTGCTGGATATTATGAGAGAGAAAAAAACTGAACAGCATTCTATTATTATATTAGAAGCTTCATCTTTTATGCTTTGGAAACTTCAACATCTCAAATTTTCAGTATGAGTGTTGTTAAATATTGCGCAAGATCATATCGACCGACATGGTAGTATGAAAGACTATCTTCAATCTAAATTAAATATATTAGTTTATGCAGATAGTGCTATCACTATCTCAGAGATCAAAGAAAATGTCTTGAAGGATCAAAT
CP011268.1_gap28	976643	980511	3868	TCTCCGATCCACTACTGTTTGTCATTTTGTATGTTCACCCACTGTTTCTACTGCAAGATCGACAAATGATCCTTTATACAGATGTGGATAGGCGAGAAATCAAATCGTATGAGCATCATGGACAAAGAATCCATTGTTGTAATGAGTTTCGCGGAATTTTCTGTTAGTATTGATCGTGAATTGTGTAAGTTCTCTGATAAATTGTGCTTTCGTACTATGATTTACTTGTCCTACAATAGCTTCTGTTTCTTCTGGCGAATAAACAAAACTTGTTGTTACATCAAGAGGGATAAGAATAAGATTGTTACATGCTTTTACGACGATATCAGCACTTGGTGCATCGTACCAAATATTAAATTCTGCTACTGGTGTAACATTACCACCAACTTGACTTGCACCACCCATAGCGATGATATACTGACACTGGGTCAGGATACCTGGTTCTTTTCTCTCTGCAGCTGCAAGATTCGTGAGTGGTCCTGTCGCAAGAATAGTGAGTCCAGGATTTTCTTTGATGGTTTTGATAATGAGATCTACACTATTGAGGGTCTCAGATGGAAGGTTGACGGGAGGAAGGAGTGAGCTTAGTCAACCAATACCGTCTTCTCCATGAATGTGACTGGCATTAGCTGAACCCATAACTGGTCTCATATCTTTTCCTACAGGAATGTCTGTTGTTCCGGTAAATTCTAACATTTTGAAGGCATTGCTATAGGTATGATCAGAAGAAACATTACCACCTACGGTAGTGATTGCTTTCAGTTGAAGAGGTGTGGCTCTTTTATTGTGGAGAACAAGAGACCAAAGCAGTGCAAAAACATCATCAGCACCAGGATCACAATCGATCAAAAAGGGAAGTGATTTTGTATCAAAAAATGTTTTCATCTGACTTGTGTGGTAGTTGTAAAAAGTTATTCATCTTGATAATACTGATAAGGGAAAGAATGCCAAATTTGATCGCTATAAATATATTATAATGATTAGACTTTTTGCACAGTTGTGGTATTATGTAGGCCATTGTTTGCATTTTATAAAAAAATAGATATTATAATAATAATTTATCTTACGTATAATTTTATGTCACTTGAATATATACCAGAAGGAACATCTACAGATAAAGTAGAGTATAATTGTTATTCTTATGTTTTGGCTCAATTATTAAACGATGAACATATCTATGGAAAGTGAGATGAAGCTCTTTTACCGTATAAGAAAAAGAAAATTTTATCATACACTATTGATAGAGATTCTGATCCTAGTTATGAAATTGAAGAACTACTCTCAGAACAATATACTGAATGAAATATAAAAAAATTCCCCTTAATTGGAGAATTATATGATGCTGAAACTAATAATAGCATACATGCTTTTCTTATTGATGAAGATTTTAGGATTCATCATCAAAATGGTAATAATGGTCCTATTTATGAAAAACAAACAGCTCAAACGCTTAATCAGCTATTAGATGATGATCTCTATAGAGATACCAAATCTCTGAACATCAAATTCTTTGACATCAAAGAAAATTATAATTTTTTCACCACATAAGTCCCATCATTATGATATCAAAGAATATTGCGATAATATTCTTTAACACCTACTCAGGCAATCACTGAGAGACGATGATATCACGCTTGTTGTGAAATCTGTTCTGCAATAGTCATCACAGTACGTCCCACACCAGTATGTTGTGTAGTATGAGTATTATCTTGACTATTGATCTTCGCTACTTGTCCGTAGACATGAAGTTCACGAATCAATGCTGTACCTTCACCAAGTCAGTCATAATCTACTGTTTTTCATATATCTGGGAGTAATAATCTCGTGAATCCATAGAGATATCATTGTGATGTCTCCATAGCGATAAAATATTCTTTCCCAACAGAACTTCTATACGCACGTATGACGATACGAATATCTTCTGGTTCATGCGATCTTCTATGACGAATTTCTCTGCTACGAGTATCAAGTGATACAAACGCTCTATCTGACTCCGCATCGATAGTTCATCCTATAATCGATGTAATACTATGACTATCAGGTAGCACTTGATTTACAATGCTAGATAAGAAATCTTCTACCGTATCATAATAAGTAGTATGTTCATATAATCTTGAATAGATATGGCGAATGATATCAGTATTTCTCCATTGTTTGTAGAGTCACTCATGCATCAGTTGAGCGAGATTAGTAATAGATGAACCAGCAGCTATTTCTGTAGAAGGGATATCACGAATAAGTCTCTTGATACGAGTATAAGGTGGAATAATGTCACGGAAGGTAGTAGTAATAATTCTCTGGATAGATTCAGTTTCAATAGGTTTATATTCTCCTTTTTTATACAATTCATAGAGTTCTGTATTTGGGATAACAGAAGTAGGGTAAAACTTAATCTCATCAGGACGAAATGCAGGATCTGAGTAAATATCAATGAAGGTCTGTAAGTCTTTTTCTTCATCAGACCCGTAGAGTCCTGGCATCAAATGCACGGAAAATTTAAATCCATATTGTCTAAGCTTGTGGCAAGCTGCTTTACATTGTTCTACACTATGACCTCTCTTGTTCAAATCTAAGACAGTATCATTCGTTGATTGAATACCCATCTCTAATCTAGTAATACCAAGTTCTCTCCAAAGTTGACAATTTTCATCAGTTACATACTCTGGTCTTGTTTCTACGGTAAGCCCAATCATACGATGTTCAGCTGTTTCATTGATACGGATTGATTCTTCAACCGTGTCAGGAAATTCTTTTGTATCTGTTGTGCTTTTCGCAACTAACGATTGTACGGAATCTTCAGTTTTATCCAGGGTATCTTCTATAGCAAAGAGACTTTTATTAGCATTATGAGTGAGTTTAACTGTCTTAAGAAATTCTGAAAAAGTATTACAAGCATCATACAATCATTTGATGAATTCTTTTTTGTATTCGGTAGGATAAACATCCCATGTCCCACCAAGGACAATCATTTCTATCTTATCAGTATCGTGCCCAGTCAGATGAAGAGAAAGGAGACGATTATAAACTTGTTTGACTGGATCGAAATTATTTAATAAGGCTCTCATCGCTCCAGGTTCAGTATTGATATAACTCTTTGGCATGGTAAAATCATTCGGACAGAAGATACACTCTCCTGGACACCAAAACGGTTTCGTTAGTACTTGTACTGAAACAATACCTGACTGGCTTCTGATAGCTCTTTTTTTGAGTAGTTGTTGAAAAACTTTATGTTCTGATGCTTGTCACGACTGCACTAAATCATGGTATGTCTTGAGCATCTGCATATTACTTGGGAGTCATGATATTTTATTAATCCTTGCATATTCTCTCTTGAGTGAACTCACATGATCTTTATTCAAGTTCGGTGTCTGCAAAAGAGCAAGAACCAGTTGTTCTAATGTCATAAAAATAGATTTATAAGGTGTATAAAGTTATAGAAAGCTGTTTATGAAACAGATAAAATTATAAGGAATATCATCAAGAAAGCAATGAAAATTAGAAATGTCTACTTTCTATTGATATTATATTACCTTATCAGTATAAGTGTCGCTTCAAAAATAAAACAATAAAATAATATAATATGACAACACTCGAAAACACAATAGTTTTAGTTTACCAAAATCAGGTTAAATTAACAGAAGAGCAAAAAGAATATCTTCAAAACATTATTACTCCTATTGTAACAGGGATTAATTTAAAAGACAAAATTTTTATCAGGTATGATAATAATACAATTTCAAAAGAAATAGTAGATTATATAATACCTATTTTAGAAGCTGGAGTCTTTGATCATTTAATTTTAGATACAAAATTTTATGAAGAAAAAATGGATAATGAAATAGATCATTACTTATGTTCTAGATTACCA
CP011268.1_gap29	1011822	1015711	3889	TCTGAACTATGTCAGGAAGTTTTTTTTCTAAAGCGGATACTGCATCATCTTGCGAAAGATATTCTGCACTAATACCAGCATTTTCTAATTCCTTGAGAAGAGTAACAACTTGAGCATTTGTAGTATCTCCTGTTTGTCATGAAGAGATATAGAAATACATTCACAACTTATTGGTCAAACCAGTCGAGACATCACTGAGATGAGAACTTAATCCAATAATTAACGTCAGAAAAAGCATCAATAATCACACAATCACCGTAGATGCAATATATTGGATAGGTTTGTACGTAATAAGTCTATGTACTTCCTCAGAAAGGAGAGACTTCTTAATGATAGAGAGACGTGACATGTTGTAGTAAAAGTTTAAAGTGAAGTAGTGATATTAGGATTACTCCTTTTTCATTATAACATTATTCATTATCACTGGGGTTGCAAGAGTTTATGATATTTTTTTCTTGGTATTATAGGTTGTAATATATGCAGAGAAAATCTTCATTTTACTTTCATAAAAGGCAAGTTTTTTGTCATATATTTCAAGATCTTCTTTATTATTATAGAAAAACTGGATTAATTCCTCCGCTTTACGATATTTTTTTTCTAAAAGATAGAGTTCTACCATATTATAAATAATTTCAGCATCATATCTATGAAGATCATGTGCACGTTCTAGATGATACAGTCATTTTTCTCTATTACCATACCAATATTCAGAAAGGGCATAACATCTCATAATTTCATGATTGTCTTTATCGAGTTTTTCCATTGCCTTAAGCAAAAAATCTCTCGCCTGTTTTCGATGATTTTTTTCCATTTCAAGGACACCCTTCACATACAGTCCCATAGGATCTTTATTATCAGTATTAGCATTGAGAAAATCTACAGCTTTTGATGCTTTATTAATTTCTCCTTTTTTATACTGAATATCAGCAATCATAAGAAGAAGTTCATCATTAGTAGGATCCTTAGCAAGGAGAGTATTAATATACTCAATAGCGTCATCATACTTTCCTTCTTGGATATATGCATTGACAAGATCATTTTGAGAATCTGCAAGAAATCACATTATTTCATTATTGAAAATTAAAAATACTAAACTAATAGTAGTTATTTTTTCTTTCTAATCAAAACATATCTTATTGTTTATAAGCATTACTCTATACAAATACAAAAAATAATTGATAATATAAAAAAAGAAAATCTTCTGACTCCAAAAGTGAGTAATAATCACATATTTTTATTTTTATGATATTTTCTCGTAAAAGTATTGACTTTTCTATAAATATCCTTATACTCCTAATCGTGTGGTGGAGATAAAATAGTTAAAAAAGGGTGTCTTCGTGTGTGGGGGATGCCCTTTTTTGTATTTGAAAAATTAAATCTATATCTAGATAACTCTAGATTATTCTTTTATTATATTATCATTCAATAATTGAAATAACTCATTGCGAATGATATTTAGATTCAAATTTTTCCCAGGACAACTCTTCTCATTATTAAAATCACTATGTCACAATACATTTTCTATAGCAATATTATATTCTTTAATAAGTTTAATAAGAAGTGTATACAAAGTATCTAATTGTTTTAAACTAGGTTTATATAAATCAAAATCTCAAATAAGAGATATACCTATAGAATCACTATTTTGTCAAAAAACATGAGCTCCTTGAAATAAAAGATCTCTTAAATGATATAGTTTTCAATCTATCGAAAAAATTCCATTTCCAATAATAAAATGATATCAAATATCATCCCATCACCTCAACAATTTATGCCTTAATTTAATTAAATAAGGGTGATCATAAGTTGTTTTAGTATGGTGAAGAATAATTTTATCTACTTTACTTAAAAATTCCATAAAGGACTATAAATATAAAAGAAATAAATGTCAATAGATATTTTTTATCTTGCAACTTCCAACCCTTTCTCTACAATAACTATTAACTTTAAACCCTTAACTCTAACCTTCTATGTTTCATCTCATTACAGGAAACGTCATTACTGACCATGGAACTTATATTATCAATAACCTGATTGGGATACAAGTTACCTATAACGGGAAAGAAGAGCAGGGGAGTTATTTCCTCTATCCTATCATCGATGATCACGCCAAGACCATCAAATACTATGCTTTCGATACAGCGAGTCAGAAAGAATCTTTTTCATCAGTATTAAAAATATCAGGCATCTGACCGAAAACAGCGTATGAGATAGCGCGAGCCGATCAGGTAAAACTCATGAATGCGATAGATACCTTTGATGTAGCATTTTTTCAGACTATCCCAGGAATTGGACCGAAAACAGCGAAAAAAATACTTGTAGAACTGAAATCATCATTTTCAGAACAGGATATTATTAAGATTAATGCCGATGATAAATTAGTAAAAAACATCGTAAAAACACTTTCTGCAATGGGATATGACAAAAACAAAGTCATGACAACACTCGCTACCTATAAAGACGAAATCTCACAAGAAACCTTATCTCTTGTCCTGCAATGGTTGATTCAAAATATGAAATAAACTTTTAATCTCTTTACTATGTAAGTAATACACATGTCACGTGATCCTCATCTCTACGGAGCAACTTATGCATTTATTTTTGATAACGCTGGTAAAATACTACTACAACAAAGACAAAATACTTGATATTATGATGGAGGGCGACAAGTTCCAGCAGGACATATCGATGATGGGGAAACTGCTAGTGAAAGTATTCGTCATGAGTGCGAAGAAGAATTATGAATAACTATTAAAGTAAATGAAAATAATGTATTTCATATTATTCATAGAATCAACACAGAAAGACAATATATGGATGTTGGTGTGAAGATCACAGAACGGTCATGAGAAATCATTAATAATGAACCAGATAAATGTAGTGCTTTAGAACGATTTTCATTAGATCAATTACCATCATATATTAGTCCATCAACTTTACAGTTTTTACAAGCATTAGATGAGAATACATTTTATTCTGAATTAAGAGAATAAGTCTTATATTCTTCGTTGCAATTTCATAGTCATTTTCCTATACTGGAGTTGAATTATATTTTACTGAAAACATAAATTTCTTATGCAAAAAATTTGACTTATAGGATCCCCAAATGCAGGGAAATCAACACTCTTCAATAGACTGATCGGAACCTATCGTGCTATTATTACTGATATCGCTGGTACAACAAGAGATATTATAGGGCACGAGACGATATTAGATGGAATTGGGAAAGTAGAAGTCCTCGATAGTCCAGGTCTGGATGTCAATGAGAATGAATTACCCTATATAGAACGTATTATCAATGAATCTGATACTATTATTATGGTGGTAGATCATAAAGCAGGACTCAACTCCAAAGATGAAGAAATGATCTCCATGGTTCGCCGTGCTGGGAAGATCAGTCAGATGATCGTTTTTATCAACAAATTAGATAAGAAACCGAATGAAAATCAAATGGCTCTTATCAGTAGTGAATATAGTCACTGGGGTATTGATCATCTTGTTTTTGGAAGTGCTCATCATGGCAAAACAGGTGATCTTATGCGTCTCCTCTATACGATGCTTGGAACTCAAGAACAGTATATTCAAGAAGAACTTGATGAAGAAAGCGATGAACAACATCAAGAATGGAATGAAGGTGAATTTTGAAATGAAGAGTTTGAGCTAGAAGACGAAGAGCTATTGTTAGACCAAGAAGAAAATCATTATGTTAAAGCTGGTAAAATACCTATTGCAATCATTGGACGTCCTAATGTAGGAAAATCAACTTTTTTGAATAAAGTATCTCATAAAGAGCTCTCGAAAGTCTCTGATATACCCGGTACAACATTAGATTATATTTCATCAGAACTTACCATACAAGATCAAGATTATGTCCTCTATGACACCGCCG
CP011268.1_gap30	1044256	1044756	500	TGATAGATTATGAAAGAAGACTTTTCCTACGGCATTATACCTCTTATGAAAAAGGATAATCAATGGCACACTATTATGATTAAACTTTCTAGTTGAAATCATCGATGACTTCCTAAATGACACCCCAATCCATGAGAAACAATTCTTGAAACAGCCATAAGAGAATTACGTGAAGAAACTGGTTTGTCTATCGAATCTGAGCAGGTTAATACAAGCATCTTATATAAAGAGCAATATGAGTTTTTTCATCCTAAGAAAAATGATACCATACTCAAAACGGTATGATATTACACTGTGAATATTCCTTACACTGATATCCTTATGCTCAAAGGATATTCAGAATGAGATGGTGAAATTCTAGACAAAAAAATTGTAAGTCTGACAGAAGCGATTGCTTTAGCTACCTATGATGCAACGCGTTGAATACTTGAAGACTTATATCATAATCTAGAAAACATACAAGAATAGCAGACTCATAAGTAAGATCTCTTTGCATAAAA
