gap_id	start	end	length	sequence
CP017245.1_gap1	1568	6558	4990	AACGATAATACGTTTACCAACGATAGTTGCAGCTGAAACATCGGCTACGAACTTAAACAAGTCTAATGCGCCTTTTTCTGATTTATCAAACTCTTTTTCAATAGGTTGTTTTTTTAGAGTGTGACCAGTTTTTTTCATATCTTGCATACGCATTCTTGAAACTGTATTAGCTTTACTTGTTGAGTTGAATGATTTATTAAAGATTTTTTTGAAGATAGCACCTGAGTATTTTCTCATTGCAAAGAACATTGCAATTTGTGCGCCAATCATTAAAATACCGTTAGTCAAGTCTAAAGCAGCAACGAATTTTCTTTTCTTTTCAGGAATTTTATCATTGTTGATACTTTGACCAACATACATTGCACAACCAATACCGTCTTTCAAGATGATTGAAGTTACTGTTGCAGTTGCCAAAGCTTTTTCGGCATCAATTTCAAATTTTTTACCTAATTTTACTGCCGGTTTTAAGTTAGTTGCTTTTGCAATTGTTGTTCCGATTTTTGTTCCAATTGATTGAATGGCTCCCATTATTTGTTACCTCCAATCTTTTGTGCTTGTTCCGGTTTCTTTTCATCTGCTCCGGATAGGCTTGGGAAGAAGATATCCATAAATCTCGGATATACCCAGTTCAATGCGGTACAAGTGATAGGTAATGTGATGAATACACCTACTCCGATTTTTGTGAACTGGTTCCAACTCTTGTAGTTATTTTCTACAAGTTTTTTATAGCCTTTTGTAATGTCTTTATAAACCTTTTTAGTTATTTTGCTTAAGTCTTTTCCGAATGTGTCTGTGTCACAAAGAACTGATCTTTGAATACTGCCTTCTACATCTTTGAAACTACATTGTTGTGCGATTTTTTCAATAGCCTCTTTGACTGCTTTTTGATCAGCGGTTTTGGTATCAAGTTTTGCGCCTGTCAATTCAACAATTCTGTCAGCTAAGATACCATTTCTTTCAACTAAAGCATTTTTGTATTTATCTCTTGTAAAGTTGCCACCACACATTGTTTTAATGCAGTCGATACGTTGCAATGTTCTTTGAACTCTGCTATAACGTAAATCTTCAGGTTTGTTCAAGATTTCTTGAAGAAGTGTTTTAATATCTGGATTGCTTTCTTTTGCTAACAATTTTTGAACATCGCTAGTTACGTTCTGTTCTGAAATTTGACCAAATACATTTCTGATACCTGCTTCATTTTTAGTTAACAATTCCGCTCTGTTGATATATTTGGCAATTTTTTCAGGAGTTTTTTGTAAAGCTCTTGCATCTTGGATATAAGAGTCAATTTGGTCGTTAACTAATTTAGAAGTTGATTGCCAGCCAAGATATCTTTCACCAATATTAATTTTTCCTGTTTCTTGGAATTTTCTTGCAATATTGTCAATCTGTTCATTTTGAATATTTGCAACTTTTGCGTTGAAGTTTTCTACGTATGCTTTTCTTTGAGCTTTCGCTTCTTTGCTGAACAATGATTTGATTAGAGAAGGTTTTGTTTCTCCATCTTTTTTCATTGCTTTTTTTACTTTTGATTGAATGTATGTTTTTGTATTCAATTCTTGTTGGTCTAAGTTGGTTCTAGCATATTTAGAAATTTTAGGGTTGTTAAATACTTTATCTAACCCTTTGTCAATGTATTTTTGAACACTTGCTTGGAATACGATTGCAAGAGCAGCTGAAATTGGCTGTCTCATTGCAGTGTATAATTTAGTGTTTTCATTTTCTTTCTTTTGTTCAGGTGTTGCGTTTTTAGGGGCTTTAACAAATGGGTTATAACCGATAAAAATAGGTGCAACTAAACCTGTACCAAAGGCTGTAATTAAAATACCGCCAATCTCTCCCTTTAACCATTCAAGGCTTTTCATTGCTTTAATGGTTTTTGCATGCGGCAAGCTTTCTGCTATTCTTTCTGAATAAGATAACCCACCTTTAAATTGTGGTTGTGCTGCCTGAGCTGTTTGATTTTGCTGATAATTTGCTCTCCAGTTCGCAGTATAATTCTGTTTTGTTAAATCTACTTTCATTTTTTTCTTCCTACAACGATGAAACCTTCTATATATATATAGGTTTAAACAAGCAAAAAATTGCTAATTTAGACCTGTTTTGTTAAGTTTTGTGAACTTAACCACTGTCCAATTCCCTTTTTGCGCAAAGTTAGTAATAGACAGGGTTTTCAACATTTCGTTGAATGTTTCGTTTTTGATATATGAAAAAACGAGGAACAATAATGGTGTTTTATTGTAAGCATCGTCATTTTCAATAATTTGAGCCATGCTCTGCGGAGAGTAGAATGAAACACTGTTCAATACAACAACTGCAACGCTTTGACCCGTTTTTAAGTTATCAAAAATATCTTTTTGAAGCATGTTTTCAAAATATGAATTTTTATTTGTTTTAAAAATTTCTTTATAAATATCTTTTCCTGATTTGTAGATTTTAGAATAATCCGTATTTGCTGATAAATATTTTGGGAAATTCCCTTTTTGAATTTCTACAACTCTATAGTCAGAAAAGTCGAAATATTTAGTAAATCTATTTGCAGGATAGTATTCTAAAAGAATGATATCGTCTTGTTTTAAATTAATTTGTTGAAGAATATCTGTTGGTATTTTTTGTCCTTCTGCACGACGAATTTTCGGAGCAGAATAAGGAGCTAAAAAGATATATCCCAAGCAAAGCATGCTATACAAAATTATAAGAGAATTTTTTAATAATTTGTTTTCGATAGAAGATAATCCAGAGCATGCCAAATAAATTAATATCGGATAAATTTCTATTGAATATTTGGTTATAAAAACTAATTTTCCGCTTATTGAAGCTAATACAAGAACAATTATTGATAAAACAGTTGTTAGAAATAATAAAATATTAAATTTGTTTTTAATCAGTGATTTTATAATACATCCAATTGCTATTATTGTTGGAATTATCATAATTAATGACAAAGTTTTTGCATATAAAAAATTGTCCGGAGCATTAGTTAAATTAGTTAATAATGGAGAAAAATAATCTGTAAATAAAAATCCTATTTTTGAAATTGAAAAATGTCCCCACCATTGGGAAAATGATTGTGTTGTAAATATTCTTATAACCAATGGAGTTAAGCCTAATAAGACTACTGCGATTGAACACCAAAGAGTTATTATAGATTTTTTGAATTGCTTAAATAAATTAATACTAAGGAAAACAAGATTAAAGAAAACGAAAACAAATCCGATTGTGTGTGTGAATAAAATTAATGAATTAAATATTGCGTATAATATAAAATTCTTCTTATTTGGATGTTTAACAGATTTTATCAGATATAACAAACCTAATGCTGAGAATAAAAATAACACGGAATAAAATCGAACTTCTTGCGAATAATATACTAAAAATGAACTTATTGCCGAAAATCCGGCGCATAAAATTCCTGTTTTTTCATCTTTTTCTTTCCCAACTAAATACATGATGATTAAAGATAAAACTCCTGCAAATACTGAGGAAAGTCTTAAAACTAAATCGCTTTGTCCAAAAAATGTCATGAAACATTTTAAATATAAATAATAAAAAGGCATGTGACATTGAGATTTAACCGCATCAATGAACCCATGCGAAAATGGAGTAGCTGCAATCATCCAACTTACATATTCGTCATTCCACAAGCCATCCGGCTTATTTATACAAATAAGTCTTAAAGCTAATCCCAAAACTAATATTATTGATATTGGCAAGTATTTCTTCACGATTGTCAAAATCCCCATTTAATTATATAATAAAAAGAAAAAAAGAGGAAGATATGAAACTTGTAATACAAATACCTTGTTACAATGAGGAAAAATCACTACCAATTACATTGAATGATTTGCCAAAACATATTGATGGAATTGATGAAATTGAAGTTTTAATTATTGATGATGGCTCAAAGGATAGAACAGTTGAAGTTGCGAAAGAATTGGGCGTGAATAATTTTGTTGAAATGTCTCATAATTCAGGTTTGGCAAAGGCTTTTGTTGCCGGAATAAATAAAGCGTTGGAAATTGGTGCTGATATTGTCGTAAACACAGATGCAGACAATCAATATTGCGCCGCGGACATTGAAAAATTAGTTAAACCGATTTTGGCAGGAGAGGCTGATATTGTAATAGGTTCTAGGCCTGTTTCAGAAATTGAACATTTTTCTCCGTTGAAAAAATTGTTACAAAAGTTAGGTTCTGGGGTTATGAGATTGATAAGTTCAACGAAAGTTGAGGATGCTCCGAGCGGGTTCAGAGCTTTTTCTCGTAATGCAGCAATGCAGTTGAATGTTTTTGATAATTATACTTATACTTTAGAAACAATTATTCAAGCAAAGGCTAAGGGGCTTATTTTAAAATGTGTTCCAATCAGGGTGAACCCTGATTTGAGAAAGTCTAAGTTAGTTAGAAACATGTTTGATTACATTAGGCGTTCTGTGTTTACGATGATTAGAATGTTTATTATATATAGACCGTTTAGGTTTTTTGCAATTTTGGCAGGTATGTTTTTTCTTGTTGGTGCATTGATTGGTTTAAGGTTTTTGTATTATTTTGTTTTTGAAAGCGGAGCCGGTCATATTCAATCTTTAATTTTGTCAGCCATACTAATTATTACTGGTGTTCAAGTTGGGGTAATTGCAGTTCTTTCAGAACTACTTTCTATTAATCGCAAAATTTTGGAAGATATTCAAAAACGCCTAAAACTTCAAGACTTGCAAAAAAAATAGGAAGTTATAATATATATAGAGATAAAAATAATAGGAATTGATTATATATGATAAAAATTGAATTTGCACCGAAAGTAAGAGACTTTTTTACTTCCAGACAATTTTTGAAAACTTTGTCTTTTATTGGGTTTACGGTTTTAATGACTGCGATTATTGCATCGCAAAATTTCTTTTTTCAAAATATTATAGAAAACGGGATTAGCAAACGAGATATTATTGCTCAAAAAACTTTGACTGTAGAGGATGTAAAACGAACAGAGCAACATA
CP017245.1_gap2	29859	34688	4829	GTTGTTCAGGAGTTTTGTTTTTAATCAAAACTTGAACAGCCAAAATCCCGATAGAAACTAATTCCTCATAATCTACCATGTGCTGAGGAATACGCCTGTGTTCGACTTTGGCAACTTTTTGAACTATGTCTATATATTCTTGTAGTTTGTTTTTATTTTGCATAACCATGATTATAAAATTATTCTAGCATAGAATTTATTTCATTGTACCTTTATTTGATGTATTTTTCAACTTGTAAACGAAAAGTAGAATTTCTGCAATTGCTTTGTACAATTCCGGTGGTATTTGTTGGTTCAAATCAACCATTTTGTAAAGTGCGCGTGCAACAGGGGCATTTTCAATTACAGGAATTTGATGCTCTTTTGCAATATTAATGATTTTTTTTGCAATAAGTTCTGTCCCTTTTGCAATAAGCATTGGAGAAGCCATTTCTTCTGCTTTGTACTTAAGAGCGCATGCTATGTGGGTTGGGTTTGTTACGACAAAATCCGCATCCGGTACGGCATCCATCATTCCTCGTTGTAACATTTGCATGCGGCGTTGGCGTAGTGCGGCTTTTACGTTTGGATCGCCTTCTGTATTTTTATATTCGTCTTTAATTTCTTTGAAAGACATTTTTTGATCTTTTAAAAATTTCCATTTTGTGACTCCGTAATCTGCCGCAGAAATTACCAAAAAGGCGATACATGCCTTAAAAATAAAGTCTGTGATTAGTTTGCCGAACTCAATCATTACGGCAAAATTGTTGTCGATTGCAGCAAGCATAAGGATATTTTCAATATGCTGCATATAAACGCTCCAGCCGATATAGCCTAACAAAACAACTTTTAGAATATTTTTGAATAATTCAAAAAGAGTTTTTATAGACATAATATTCTTGAAATACTTTGTTGGGTTAAGTTTATCTAATTTTGGCATTAAAGGAGCGGTTGCAACAAGTGGTCCGACCTGTATAAAATCTGCCATAATCGCAATAAACCACGCTACAAAAAGTACAGGTCCGATAATTAATGCGGCACATTTTATTGTGATTGTTAAAATATATGTCATTCCGACCTGATCTATGTGTGCGTTGGGGATTTGCTCATACAGGAGGGTGTAAAGTTGTACGATTTGATCCCAAATGAACGGAGCCAATCCGAAGATTACCGAGAACAAAATTAGCAAAGAAATAGCGGTTGAAAAATCTTTTGATTTAACAACTTGTCCTTCTTTTCTTGCCTGCTCGAGCTTTCTCGGTGTGGCATCAAACTGTTTGTCTTCATCACCCATACGTTATTTCCTTAATGAATATTATAGCATGGTCAAAATATTTTAGAGAAATGAATAAGATATGCAAACCAAAACAGCCCTCTCTCACTGTGAGACAAAGGAAACAGCAGAGCTGAGGCGATGCGTGTGACCCTGTCTGTACTTTGTGCTGAGGGCGGAATTTCTTAGTGAGCAATACGAGCTTAGAAATTCGGGAGAGGGTTTATTTTTTTTTATTCCGCAACAATTTTTACGCCGGAACTTGTACCTAATCTCTCAGCCCCTGCTTCAATCATTTTTATTGCAGTTTCTTTATCTCTAATTCCGCCAGATGCTTTAACTTTTAATCCGTAAGGTGAAACTGTTTCATACATCAGTTTTACATCTTCTGCTTTTGCGCCAACTCCGCCTTTTACAAAACCGGTTGATGTTTTTACTAAGTCGGCTTTTGCTTCAACACAAAGTTCGCAAGCTTTTTTGATTTCGTCTTTTTCTAATAAATCCGTTTCTAAAATAACTTTTAGCGGTTTGTCTTTACAAGCAGCTTTTACGGCTTTTATGTCGTTTACAACAAAATCATAGTCTTTGTTTTTGATTGCAGTAACATTGATTACCATATCAATTTCGTCTGCACCATCTTCAACTGCTTTTGATGCTTCAAAAGCTTTAACGTCACTTCTGTTTGCTCCGAGTGGAAATCCGATTACGGTAACAACTTTTACATCGTTATCTTTTAAATTTTCTTTTGCTAATTTTACGTAAGCAGGATTGATACAAACTCCTAAGAATTTGTGAGCTTTTGCCTCATTAAAAAGTTTTATAAAATCTTCTAATTTTGCATCTTGTTTCAAAAGTGTGTGTTCAATGTGTTTGTTTAAGTTCTCCATAATTTTCCCCTTTTTTACTTGATTATAACATAAAGTTTATTTATAATATCCCTATGAATTTAAAAGAAAAATTACAAATATTTTCAGGAGATGTTTTAGGTGGTTTAAATGCTGCAGTTATAACACTACCGCAGGCTTTAGCTTTTGGTGTTGCTACAGGGTTTGGGGCAAGTGCCGGTATTTGGGGAGCAATAATTTTATGTTTTGTTGCGGGAATATTTGGCACTAAAGTACCTATGATATCCGGAGTTACAGGTCCTGTTGCAATTGTTGTAGCATCAGTTATGCACGCATTAAATCAAAATCTTGATGCCGTAATTTTTATAATATTTGTGGCAGGAATTTTGCAAATCTTGCTATCTTTAACAAAATTGCCTGATATTGTAAAATATGTACCATACCCAGTAATTTCAGGGTTTATGAATGGCGTTGGGGTAATTATTATAATTATGCAGTTGAACCCACTATTGGGATTGCCTTCTTGCTCAAACACGATTGAAAGTTTGGAAAATGTTGTAAAATCTTTTGCAACTCTTAATATTCAGGCTTTAATGATTGGTGCGTTAGCTCTTTTGATTGTATTTTGTTTCCCTAAAAAATGGAATAAATATGTCCCATCGCAGATTTTGGCACTTATTTTGTGTACATTTATTTCTATAAAAATGGGGTTGAATGTAGAAAAGATTTCGCAAATATCTGTTACGTTGCCATCAATTCATATTCCGCATACAAATTTGCATGATTTTATAACATATTTTCATTATTCGATAATTTTAGCCGTAATTTTCTCATCAGAGAGTTTGTTAACCGGTTTGGTTTGTACATCTGTTACAAAAGTGCAGTTGCCACCTAATAGGTTGTTAGCAGCTCAAGGAATAGGAAATATGTGTTGTGCGTTGACTGGTAACCTTGCAGGTTCTGCTGCCACAATGAGGACAGTTGCGGCTTTAAAAACAGGAGCTACTACAAAATTAGCTGCGGTTGTGACTTCAATTATTTTGGTGTTGTTGATTTATCAATTTTCTGGATTTGTTGCTGAAATTCCTTTGGCGGTTTTGGCAGCTATTTTGATTAAAATTGGTTATGATATTATAGATACCAAGTTTTTAAAGGTTGTAAAACTTGCGCCAAAAGACGATTTGTATGTTTTAGGATTAGTATTTTGTTTAACTGTTTTTTATAATTTGATAGTTGCGGTGGGAGCCGGAATTACTTTGGCTGCATTACTTTATGCCAAAAGAGCTGCTGATAAGGCAAAATTGATTAATAAAGTTGTTTATGACAAAGACATAATGAAGATGGAAAAAGTTGTAGAAAGAGATTATCGTCACAAAATAAGAGTTGTACACATTAGCGGAGCATTTTTCTTTGGTTCTGCAACTCAAATTATTTCGCAGTTTGATGAATTTTTAGGAACTCGTTATTTGATATTAGTTTATGATGGCGAGGATACACTAGACATATCAGCGATATTTGCGTTAGAAGATATAATACTAAGATTAAAATCTCAACATATTAAGGTTTTGATGGTAATACCAAGCGAAGATGTTAAAAATCAGCTAGATCAGTATGGAATAATCAAGCAGATTAAGGGTGTGTATTCTGCCGAAATTGATGCAATTAATCATGCAAAAGCGTTGTTTAAGAAAAAATTGCATAAAATATAAAAAATAAGTTGGACAAATATTTGTCCAACTTATTTTTATGAATTTAATTAAGCATTTTAAAAATTATATTCAGGAATTTCAAAAGGTTCATTGTTTGCATCTTTATCAACAAATTCAAGGTAATATTTCATAGCCTCGTCTTTAGTTGAGTTGTAGAATTTGTCACTAATGAATTTTTTGTGCAATTCTGTTCTGTCGCCTGAATAATTTCCCATTATGTTGGCATAAGTTTCAAGAATAGCCTTGTCTGAGCCGCCTCCATAAGCTTTTGTTTTAGCATCAGTTCCGGAAGGTCGGATTTCTATGTATTTGTCGGTAAATTCAAGATATGTTCCATCACCAACAAATTTTATTGAAACAAGGTTGTCAAAAATTAGGCTTTTGAATGAATCATTCAAAACTTCTTTGACATCTCCAAGTGTCATAATACCTTTTTTTACGCCCATTGCCATTGATAGGTAGAACAAATCATTTTTTGTTCTCTTTGCTTCTCCTAGAACTTTTTCTTTTTTTAGTTTGTTTATATCCGGTTCAGATTCGTTGTAATAAGCTATATCAACTCTTGTATCAAATCTGCCGATAATGTTGTTTTCTTCGAAAATTTGAACAAGGTATTTGGACAATGGTGTTTGTTCTTTTTGGAGTTTAGCAAGCAAAGCTGATGCAACGATAATTGCTTCTGTTGCACTTTTTTCTCTCATTGCAATTGCAAATCTGCCGTTTTGAGATTTAATCAATTCTTCTGTTCCCATAATCATTCCGCCAGATTCCTCACCTGCAAAGACTAATCTAGGGTTAACTCCAAGATTGATAGAATTTCCTAAAACATCGTCAATAATTACTTCTTTTTCAGGATTGTTTTTTAGCTTTAATTCAACTTTTTTCATAATGTTGGCAATTTCTTTAAAACCAACGGGAACATTTACAACTTTAATCCCTTGTTTTTTAGCCCATTCATCCCAAGAAATCGCTGATGCGGTTGTCTTAATCATAAATCTTGGGTGATTAATCCAAAGATTTTGA
CP017245.1_gap3	36162	40663	4501	ATTATATGCAGAATTTTTTATATGATTAGGTGTAAGTTGATATATCGCTTGAAGGTTGAAGGTTTGGAAAATGTGCCGAAAGACAATGCTTATATTGTTTGTCCAAATCATTTATCAACTTTAGATCCACCCATGATTGCGGGTATTTTGCCTAGACGTGTTTCTTTTATGGCGAAAAAAGAACTTTTTGATATTCCATTTATTAGATGGTGGATTGATTGGTTAGGAACTTTTGCCGTAAATAGAGAGAGTTTAGGCCCTTCTACTATAAAAACAGTTATGGAAATAAAAAAGAGTAATTGGGTTTTTGGGATTTTCCCTCAAGGAACAAGAGGTGTTCCTGGAACTATAACTGGTGTTACAGAAGGTTTTGCAAAACTTGCTAAAATTACAAAATGTGCAGTTCTTCCGATTGGTATAGTTGGAACTCAAGAGGCTAGGCACTTGCCATTTACTGGAAAAGTTGTGGTGAAAATTGGAAAACCTATTCCGTATAATAAAGATCCGGAAGTCGTTAGACAACAATGGATAAAACAAATTCAGGAACTAACAGGGTTTAAATACATAGAACCGCAAGAAGAACATTTAGGAGTTGGTGATGAACAAAGAGCGTAATTATAATAGAAGATATCCAAATGAATATAATATTTTCAGAACAATTTTTTATATGTCATTTTTGTATTTTGTTGTAATTCCGTTTATGAAAATATTTTATGATTGCAAGATTTCTGGCAGAGAAAATCTCCCGACAAAAGCAAAAAGCGGAAAATTTATTTATACTGCCAATCACGTATCACACTTTGACCCGCCAATGGTTACAATGGCTTGTGGCAGACCGATTGCTTATATGGCTAAAAAAGAATTATTTCAAAAAGGTGATAAGTTTGAATGGCTTGTAAAACGTTTAGGAGCTTTTGCGGTTGATAGAACAAAGCCTGAAATTGCCACATTTAAAACAGTTAAAGATATATTATCTACAAGTTGGTCTTTAGGGGTATTTCCACAAGGTGGAATCAGACCTTATGGCTCTGATATAAATGATTTGAAAAAAGGTTTTATTGTAATTGCAAAAAATGCAAAAGCGGATATTGTTCCGGTTGCCATTGCTGAGTTTACAGGTTATCCGAAATTAAAACCGTTTACAAGAAGAAAAGTTAGATTACATGTTGGTAAACCAATTTCTTATAAACTAAGTCCGGAAGAAATTACTTATGAATGGTGTAAACAAATTTCCGAATATGCGGATTATACAAATTCCGCTCCAAATCCGGCTGAAAATAAGGAAATGGAAAACGTATAGTTATAATTAAGAAAACAAGGAGGTTCTTATGAAAAAATTTAAGCTCATCGGGGGGGGGGCAATCGCTTAGCCACTCATATCAATAGTTTTGGTGTTATTTTTATGCGATGCCTAGATGCATTTACTCTCGCCGAAGTTCTTGTCACTCTCGGCATAATCGGTGTAGTTTCTGCTATGACTGTTCCAACATTAATGCAGAATTATCAACGTCAATCCTATGTAACTCAATTACATAAGACTTATAACGAAGTAAGTCAAGCTCTTTTAAGGTATCAAACAGATAAAAACGCAATTAATTTGACAGAGGCTGGTTTGACAACTCAAGCTGCGGTTAATGATTTTGTTAATACGTATTTCAAAGTTGTAAAAACTTGCGAAGCAAATAATTCTTCTTGTTTTGCTGCTAGTTATAAAAAAGTTAATGGAACCGCATTAAATGGTATAAGTATGCCATATACAGCTATCCTAGCAAGTGGTCAGACTATTGCAATTAATCCAAGAAATGATAATGCAGATATGGTATTACGTGTATTGGTTGATGTAAATGGCTTAAAAGGACCAAATATTCAAGGGCGTGATTTGTTTGAAATGTTTGTTTATAACACTGGAGATGGCTTTATAATTGATGATTATGGCTCTGCTCCATTACCACTAACAGAAGCTCATAGGAATACTCATTTTAATACTTATTGCATTGCTGGTGGTAGAGGAAAAATGCACGGGTGTTTGGGAAAAATCTTAAACGACAATTGGCAAATGACGTATTAATTTAGTTTATGTATAGAACAAACCTCTGATTTAATAATCAGAGGTTTGTTGTTTATATTTGAAGAAAGAAATTATAAGATTATGCAGCTTGCGCTGTTTGTTTTGGTTGTTCCATTTTTACTTCTTTAGCTACTTGTTTAGTGTTAGCTGGTTGTTCCATTTTTACTTCTTTAGCTGCTTGTTCAGTGTTAGCTGGTTGTTCTGCTTTTGGAGCTTCTGCCGGCAATTGTTCCAATTTTGCTAAAGCTGCTGTTGCTGCTTCTTGAACGCTCTTGTCTTGGTCGTTCTTAGCAATTGTAAACAATGTTGTTAAGTCTTGTTTGTATGCCGGTTGTTGAATGTAGCTTAAAGCTTCAATTGCAGATGTTCTTACCATTGGGTTAGGGTTGTTTTTCAACTGTTCTACAATAGTTACCGCTCCTGGTAATTCTGTTAGAGGAACTGTTGAACCTGTTAATTTTGCAACTTCATCGCCGTACAATTTTTGCATAATTGATGATGTGAACATTGCATAGCTTTTATTTCTTTCAGCTTGTTCCATCGGAGTAATTGTTGTTGCTAATTTTTTATCTGCATCTGAAAGTTGTTCGCCTTTCATTAACTTTTCTCTTGCTGCAATTTGTTCTGCAGTTGGACCTGCCAATTTGCTAGAATCTGTGTTAACGATGGTATTAAGTGCATTTACTACTTTTTCATCTAACAATTCTGTAGCTTTTTGAGGTTCATCTTTTACCATGTTTGCAATTTCTTCCATTGCATTGGCTTGAACTTCATAATCAGGGTTTGTTAATTTTGCAATAAATGTATTCAAATCAACTTGTGGAGCCATCGGTGCCGGTTGTTCTATTTCAACTTTTGGAGCTTCTGCGGATTTTGGAGCTTCTGCTGCCGGTTGAGTAACCATTGGTGCCGGTGTATTAATATTTTGCTGCTGAATTACTTGAGGAGCTGCTTGAGCTGCTGCTGGTTCTGCAACTTGTGGAGCAGGTTGAACTGTTTGTCCCGGAATACTTGCTACAGGTTGTTGCGGCATGTAATAAGGTTGAACAGGAGCCTTTGGATAATCATATAATTGCGCTTGTGGGTAGTTGTATAATGGCATTGTTGGTTGAGCGTATTGAGGAACGTTCATTGCAACTTGTCCAACGCCTGGAGCGCTAACTGATGGGTTGTGTACATCAATCTTTACTGCATTGTAATTAGGAGCAGGTGTAGCCTGTGCATATTGTGGGGCGTACGGCTGCATTTGGGGTTGCATGTAAGGATTTACTAAATTTGGAGCTTGAATCATTTAATTTCTTCCTTTCAATAAAATATGTCTATATTTTTATTCTACTGTTTAAATATCCCTCAAGGAATAAAATTGCTAAAATTTCGTTTTTTTTTAATAATTCTTAACAAAATTATACACATCTCTACAAATTTTGATTAATTTTTGTTTGTGCTATAATGTTGATGCACACAGATGAACGGGATTGTATAAAATGAATATTAACAGAAATGAAAAAAAATCTATTAGGTCAATTTTTGGTAAGACATTAGCTGAGTTAGGAAAAACTAATCCAAGTATTGTTGTTTTGGATGCCGATTTAGCATGCTCTACACAAACTCAATTCTTTGCAAAAGAATTTCCCGAGAGATTTTTTGATTGTGGAATTGCAGAACAAGATATGGTAACAACGGCAGTTGGTTTGTCTACGACAGGTAAAATACCTTTTGCAGCAAGTTTTGCGGTATTCATTACAGGTCGAGCATATGATCAGGTTAGAAATTCTATTTGTTATCCTAAATTCAATGTTAAATTAGTTGGAACGCATGGCGGTGTTACGGTTGGTGAAGATGGCGCAAGTCATGAAGCGTTGGAGGATATCTCTCTTATGAGAACCTTGCCGAACATGTCTGTATTTGTTCCTGCCGATTGTAATGAATGTACTCAAATTATTAAATATGCAGCGGAGCATGACGGTCCTATGTATATAAGAGTTCCACGTTCAAATGTTTGTGATGTTTATGATGAAAATTATAAATTTGATATAAATAAAGCAAATGTTTTGCAAGAAGGAACTGATGTTACAGTATTTACTAATGGTGAAACTGTGGCTGAAGTTATTGAAGCTGCAAATGAATTAGCAAAAGATGGTTATTCTATTGGAATTGTTAGTGTTCCGGTTGTAAAACCTATTGATAGCAAAACTATTGTTGAATGTGCTAAGAAATCTAAATTCGTTATTACTGTTGAAAATCACTCAATAATTGGCGGTTTAGGTAGCGCAGTTTGTGAAGTTTTATCAGAAAATTATCCTACAACAGTTCATAGAATTGGAGTGGAGGATAAATTTGGACAAAGCGGAAAAGCCGAAGAATTGCTTGATTGTTATGGATTAAGTGCCAATAAATTAAGAACAAAAATCAGGCATTACATTGATAAATGTT
CP017245.1_gap4	108838	113609	4771	ATGTTAAAAAAAATGGCGCAAAATTGAGTTATGCAAGAGAGTAAATTAGATTATTTAAAATTACACATATCCGTTTTGTTAGCTGGTTTTACCGGATTGTTGGCAAAACTGATTTCGTTAAATGAAGTTATGATTGTTTTTTATCGAATACTTTTTGCATTTGCTTTTTTTGCAATTATGCTTGTTTTCATGAAGAAAAAGCCTGTAGAAAAAATAAAAGATGCTTTAAAAATCATTGGTTTGGGTGCATTATTAACAATCCATTTGATATTCTTTTTCGGCAGTATGAAGTATGCAACCCTAGCAATAGGTGTAGTTTGTTATTCTTTGGTTGGTTTTTTTACAGTTCTTTTTGAACCTATAATTTTAAAAGCAAAATTTTCATTTGTAGAATTGATGTATAGTTTGGTTGCGGTATTAGGAATTTGGTTGATATTTAATTTTGATACAAGTTATAGATTTGGCATTTTACTTGGTGTAATTTCGGCGGCATTATTTGCTCTTTATACTTTATATAACAAGACAATTCTGGTTGGCAAATCTTCACGGTCAATGTTATTTTATGAATTGTTGGGTGGTGCGTTGTTTATGACGTTATTTTTGCCGATTTATATTCCAATTTCTCATACAACGCAGATTTTACCTATTGGAATTGATTGGTTGTGGATAATTTTGTTGGCATTTTTCTGTACCGTATTATTATATTTGTTATATATTGACGCTTTGAAGAAATTGTCTGCGTTTACGGTTAGTTTAGCGGGAAATTTAGAACCTGTTTACGGAATTTTATTAGCGGTAATTTTTTTAGGAGAGGCAAAAGATTTTACATTATCTTTTTATGTTGGGATGATTTTAATTTTCGCTTCAGTTTTTTCTCAATCGTTGATAAAAGGGCGAAAGGTTACATTTTAGTGAGAAGTGAAACGTGAAACGTGAAAAGTCCGTATCGGGATGAATAAGTGAATGGTGAGTAGACCTTATCAAGGAAATTGTTTTTCTCCCTGATGAGACTCTGCCGAACAAAAGGTGACTAAATGTCACGTTTTGTGAGAGGTAATTTAGGTGGGTGCTATCCCGTAAGGGAAACATTTAACCTTCCTTGCAAAGGAAGGGGGACCGCTTGCGGTGGAAGGATTGTTTTTTTGTCTTGCGCAGACGGCGGGAACTTTTTGTGTAAAAAGTTCCACAAAACCACCCACACGCTCCATTCACTAATAACTAGTAAGTTCAACTAAAAAACAGTCAAACTCGCTACGCTCAAACAATGCCTGTTTTTAACCATCTGTGTAAACATTTGTTCCTACATCATACATTTGTGTAAAGCTCTTTGTTGTTTGTTTCACTAACAAGTTATTGTTCATTTCGCTATCGTGGGATTATTTTCTTCTTCTTAAAACTACTTGAAAAACTTCAAAAAATTTGTTAAAATAATAATATATTTATGAAAGAAAGAGAGGATTTTAGTATGAAATTCAAAGAAAATAAGCTCGTCGGGGGGGGGGCAATAGTCTAAAACCCTCTCATAGTCATGATGTACACCTGTTTTTAAGACGCTTAGCCGCCTTCACTCTTGCGGAGGTTTTAATCACTCTCGGCATTATTGGAGTAGTTGCGGCATTAACTCTGCCAACTCTTATTGAAAACCATAACAAAAGAGTTGTTGAAACGAGGTTGCAAAAATTCTATTCTGCAATGAACCAAGCTATAAAAATGGCTGAATTGGATTACGGCGACCGTGATACGTGGTTTGAAGATAATACGGCATATTCTGGTAAACAAAAAATTTGGGTTGATAAATATTTAGTCCCTTATTTAAAAGTCGCTAAAACTGATAAATTAAAGACAGGTGGTGGTGAGGTGTATGCGATTTATTTCGCAGATGGCTCTGCGGTTTCTATGGTTCCGACTAACGGTAGAGATTGGTGGTTTTTCTCAAGTAATCCTGAAAAATGTATTGCAGATAATGATTATTCTTATCGTAAATTCATGGGAAAATGTGCTTTTGCCTTCTATTATAATCCGACAAGAGATGAAGATGGTAAAATAAATAATGCAGGTTGGAATTTCAACCCGTTTGGTTATGGTTGTAATGGGTATTCTGAAAATTATCTTAAAAATGATCCAACATATGGTTGTTATTCAAGTTCTTCTTGGCACGGACATTGTACGGCATTAATTCAATACAACAATTGGAAATTTCCTAAAGATTATCCGTTCAAAGTTCGTTACAGATAAAAAAATAATCCCGTTTATAAGCGGGATTATCTTTTATTATAAATTTTAATTATTATTAGTTATAGATTTTTCTAGTTAAATCTGCTTTTCTAATTCTGACGTTTTCTGGAGTAATTTCAACAAGTTCGTCATCTCCGATGTATTCCATACATTCTTCTAGTGACATTTCTTTGTGAGCCTGCAATGTTACCATTACGTCGGCGGTTGCACTTCTCATGTTTGTCAATTTTTTAGTTTTACAAATATTAACTACAATATCTTGAGGTTTGTTGCATTCGCCAATAATCATTCCTCTGTAAACTTTAGTCTTTGGAGTTACAAAGAATGTTCCACGATCTTCATATTGAGCCAATGCGTAAGGAATAGCTTCTCCTTGTTCGTGAGCAATGATTGAACCGTTTCTTTGACGAGGAATATCGCCGGCAAATGGTCTGTAATCCAAGAATGTGTGGTACATAATACCTTCGCCACGTGTCATTCTGATAAATTCGCTTCTGAAACCGATTAAACCACGAGCAGGAATATGGAATACCATTGTAGTTCTGCCTTTTGCGTTGTTCATTTCTTTCATTTCGGCTTTTCTGCCAGAAAGTCTGTCGATACAACTTCCAGCACAACCTTCTGGAACGTCAACAATCAAGTTTTCGAATGGTTCACATCTTACGCCATCAATAGTTTTGTAAATTACTTCCGGTTTAGAAACTTGGAATTCGTAACCTTCACGACGCATCGTTTCAATCAATATGCCTAAGTGAAGTTCGCCTCTGCCTGAAACTTTGAATACATCAGTTGAATCAGTATCTTCAACTCTCAAACTTACGTTCTTTTCAAGTTCATCATAAAGTCTTTTTCTCAATTGACGAGATGTAACAAATTTACCTTCTGTGCCTGCGAATGGACTATCATTTACTGAAAAATTCATTTGCAAAGTTGGTTCGTCAACTTTAATCAAAGGTAATGGTTGAGGATCTGCTAAAGAACAAATACTTTCGCCAATTTGAATATCTGCAAAGCCAGCAATACCGACGATATCACCTGCATAAGCTTCTTCGATTTCTGTTCTTCCCAAGTCATGAAATCCGAAAAGTTTTGTGATTTTACCTTTTTCTTGACTTCCGTCTGCGTGAACTACACAAACTTGTTCTTGAGATTTAACTTTTCCGTTTTCAATACGTCCGATAACAATTCTTCCGACATATTCGTTGTAGTCAAGAGTTGTTGCACGGAATTGGAAAGGTTTGTCTGCATCTCCCTTTGGTGGTTTAATGTTTTCTAAAATACAATCCAAAAGCGGAATCATATCTTTTCTTTCATCGTCCAAATCTTTAATTGCAAAACCATTTAAACTGCTTGCAAAAATGAATGGGAAGTCGATTAAATCTTCTCTATCAGTCAATTCTGTAAACAAGTCAAATACTTTGTCTAACGCTGTCAACGGTTCTGCTGCAGGTTTGTCTATTTTATTGATTACAACAATAATTCTTAAACCTAATTCCAAAGCTTTTGAAAGTACAAATCTTGTTTGAGGCATAGGACCTTCTGCTGCATCAACGATTAGTAATGCACCATCTACCATGCCTAATACACGCTCTACTTCACCGCCAAAGTCTGCGTGACCAGGTGTGTCGATAACGTTAATTTTAGTATTTTTGTAATTAATTGAAATGTTTTTAGAAAGAATTGTAATTCCACGTTCTCTTTCCAAATCGTTGCTATCCAATACACGTTCTTGCACCTGTTGGTTTGCACGGAATGCACCTGCTTGTTTCAACAAACAGTCAACAAGAGTTGTTTTGCCGTGGTCAACGTGAGCGATGATAGCGATGTTTCTAATATTTTCGTTATGTGTTGTCATATTTCCCTACTATCTATATCTTAGTAACATTAGTGTAAAATTTACACTAGTATTTTATATTGCTGATAACTATTTTTCAAGTTAAGATTTTGTAAATAATAAATTAATTAAATTTTCTCTCTATATGCCACAAATGCGAATGTCAAACATGTCAAGCCGAATAATATTCCGAAACACATTGTTGTTCTGTATGAATATAAAAATGCGGTTTCGTATATTTTCCCGTTTTCAATAAATAAATGTCTGAAAGTTTCAAATAACGTAATTGTAACTGCAACTCCCAAAATGTTACCAAGATTTCGAGCAAGTGCCAAAATCCCAGATGCTAAGCCTAATTCACCATGATCAACACTTGTCATAATGGCGTTATTAGAAGGTGATTGGAATAAACCATTTCCTATTCCCATAATTCCAGATGCAAGAATTATTTGCCACATTGTTGCGTTTTTGTCATACAAGGTAAACATCAATAATGCTATGCAATACGTAGCAGGTCCTAATCGGGTTAAAATTTTACTTCCGTATTTTCCTGACAGTCTGCCTGCAATAGGTGCGGTTATGGATAAAGTTAGGGAGTATGGAAGAATTAATAAACCTGTTATAAGTGCATTATATTTTAAAATTTCCTGCAAAAAGAATGGTAATAAAATACTATTTGTGTACATTGCCATATACGAAGTC
CP017245.1_gap5	163522	166188	2666	ATTTGACAGAACACGAGCAAAAAGTTCTTGTTGCAAAAGGTGGTCGTGGCGGTAGAGGCAATGCAAGGTTTGCAACTGCGCAGAAGCGTGCGCCTCAGTTTTGCGAACCTGGAGAACCTCCAATTGAAAGAGAATTGTTTTTGGAATTGAAATTGATTGCAGATGTTGGTTTGCTAGGTATGCCAAATGCCGGTAAATCTACTCTTATTAGTAGAATTAGTTCCGCAAAGCCAAAAATTGCAGATTATCCGTTTACAACTCTTATTCCTAATTTGGGTGTTGTTAAAAAGCGTTCCGGTGATGGCTATGTAGTTGCGGATATTCCTGGTTTGATTGAAGGAGCTTCAGAAGGTGTTGGATTAGGTCATGATTTTTTGCGTCATGTGGAAAGATGCCGTTTCTTGGTTCACCTTATTGATGCAACAGAAGAAAATCCATTTGAAAATTATAAAAAAATTAACTTAGAATTGGAAAAACATTCCGAACATTTGGCAAATCTTTATCAAATTGTTGCTTTAAATAAGGTTGATTCAATTGATGAAGAACGAAAAGATGAATTATTGAAACAGTTTAAAGAAGTAGCGAATGATGTGTTTGAGATTTCAGCTGTTACCGGTGAAAATGTCGATAAATTGTTAGATTTTATGGGCGAAAAAGTTGATGAAATTCCTAAAGTAGAAATATCAGTTGTTGTTGAAGAAGATACAGGAGCTTATAACAATGATGATAGCTCTTTTGATATTTTTAAAGTTGCAAAAGATACATATATTATTGAAGGTGGAAAAATTGAGAGAATTGCGGGAGTTACAGACGAACGTAATTCTGAGCAGGTTATTCGTTTTCAAAATATTATGAAAGGAATGGGTGTTTTTGAAGAATTAGCTAAAAAGGGAATAAAAGATGGTGATACTGTAATTATTGGGCATCTTGAATTCGCTTTTTATTCTGATGAAATATTTGGTTAAAAGGAGTGTGTTGTCGTGACTGTAATTAATGAAAAATTTAGTGTTAATACAAAAGGAAATACTGATATAATTGATATTACTCAAAAGGTGAAAAATGCAGTATATACGCATTCTTTGCAAAATGCGGTTGTGCATGTATATGTTGCAGGCAGTACAGTTTCGATTACTAATATAGAATTTGAACCGGGTTTGTTGGTGGATTTGCCGGAAGCTTTAGATAAAATAGCTCCAACGGATACGGATTATCATCACGATGCAACTTGGCATGATGGAAATGGTTATGCGCATGTTAGGGCATCAATAGTTGGAAATTCAACAATGGTTCCATTGATTGATGGAGCTTTACAATTGGGACAATGGCAGCAAATTGTTTTGATAGATTTTGATAATAAATCAAGAACCAGAACGGTTTATGTGCAAATAGTTTATTAAGATTTAGCTGTTTAGAGGTAAAATATGCTATGATAAATTGTCATATCGAGTGAATGCGAAGAAATCCAGTGAAATAGGACCCTCTCCCACATTTGTAACGTTCGCAGATGCTCACGAACAACTGCTCCCTCAGTACAAGGCAGACAGGGGCACACGCATCGCATAGCTCTGCGGTTCCCTTTGTCTCACAAAGAGAGAGGGTAATAATTCTACTGATAAGGTCTACTCACTATTCACCACTCACTATTCACTTATTCATATCGATAAGGTCTTTTTACGTTTCGTTGATATTAATTCAACGAAATGGCTGGAAAATACCAAAAGATTATCCGTATGCGTTCTAAAATTTTTCTCTTGTATTTGATTTATGTTCCTGTTAAAATCTTTTCAAGTGCAGAATATAAATAGAGGAATAAAAATTATGACAAAGAGAGTATTACTATGTATTATGGATGGTTGGGGAATTAGCAAAAATCATCCTGAATTTGATGCGACAAAACTTGCACATCCTGTAAATGTAGACAGATTAGAAAAAGAATATCCGACAATTTCTATCCATGCAGACGGACAATATGTTGGGTTGCCTGACGGACAAATGGGTAACAGTGAAGTTGGTCACTTGAACTTAGGTGCAGGTCGTGTAGTTCACCAAGATTTATCAAGAATTAACAGGGCTATTAAAGATGGTTCTTTCTTCAAAAACGAAAAATTCTTGATGGCTATGAACCATGCAAAAGAAAATAATTCAGCTTTACATATTTTCGGACTTGTTTCTACTGGTGGTGTTCACTCATCTTTAGAACATTTGTTAGCTTTGATTAAAATGGCAGCGGAAAATGGTTTGAAAAAAGTTTATGTTCACGCATTTTTGGATGGTAGAGATACTCCTCCACAAAGTGCTTGCACTTTCTTACAACCGGTTGAAGATGAATTAAAAAAATACGGTTTGCCACAAGTTGCAACTATTATCGGTAGATTTTATATCATGGATAGAGATAACCGTTGGGATAGAGTTGAAAAAGGTTACAATGCCTTATTGTTAGGTGAAGGTGAACATGCAGCATCCGCTTGCGAAGGTGTTAAAGCATCTTACGAAAGAGGTGATAATGATGAATTTGTTCTTCCAACAGTAATTGGCGGTGAAGAGTCCAGAATACATGATAATGACTCAATTATTTTCATCAACTTTAGACCTGACAGAGCTAGAGAAGTTTCTAAGGCTCTTAATTTCAAAGATTTTGATGGATTTGAAAGAAAGAAAGTTCTTAA
CP017245.1_gap6	172405	175678	3273	GCAACAAACAAGTTCGCCACCACCAATTATGATTGTCTGAATTATGTTACCACAAACATCACATTTGAATAAGTCTAATTTTTGCATTAGAACTCCTTTCTTATGTATTATCTTGTCATTGTTTCTTTTTTTATATTCCCCATGTGGCTATAATTTTTTCGTAAATTTTTCTTAATAAAGTGTCAAAAATTTTATTTCTGAGTTTTAAAATCATATTATGAAAGTCCAAGCGGTTTCTTATCCATATACTGGGTCACGAATAAAAGATAAGCAAGAATATAATTTTTCGTATCTTTATACTGTAGATTTAGCAAAGCAGCAGTCTAAGGAAAAGGCACATAAAATTAAGGTTGCGACGGGGCTTTTGGCGCTTGCTGCGGTTTTGGTTACGTTATTTAATATTAAAGGTCCGAAAAGACTTCCTTATGATATAGTTGATATACCTTCTACGGAAAAAGGTTTGAATAAACTCGAAAACTTTGCAAGTACTGCAAATGAATTAAAACATAAAGTCTTGTACCCTCTGCAATGCGCAAGAAAAGGGGACAAACATATTGAAAAATCCAAAATGTTTAAGTCTGGTGTTATTTTAACTGATAAGAGTAGTACAAATTTATCAGAAGTAACAGATGCTTTTATGGAGCATGCAAATGAATTGGGTATTAATACCGTTTCAATTCCGAGAAAATCAAAACGTATTAATGCAAAGGGTGAAATTTTTGAAAAGGATTTAAAACGTCATGAATTGATAAAAATTGTTTATGGCGAATTGAAAAATGCTGAAAAACATTTTAAAGATACAAAAGAATATACGATTATAAATTTAGGTGATATAGCTAAATTAACGGATTTGAAGGTAATAAAATCTCAAAAATCAAATTTTGAAGCAATGTTAGGAAATCTTAATAATAAAAAATTTCCTGGAATTATTTGGGCAGGCTGGACAACTAAAACGAAAGATGTTCCATTATTTTTCAATGATTTACCTATTTTGATAACAAAATTGGTTGATTAGGAGTTTAGATGGGGGGCTATCCCGTAAAAAACATTTAACCTTCCTTGTAAAATAAAGTCCTCCCTTATGAGGTGAGGATTTAGGTGGGTGCTATTTCGTAAAGAAATTTATATTATAAGCTTTCACCCATCTGCCCTTCGGGCATCTTCCCTATGACAAATAGGGAAGAATTTTGCAAATACTTGAAAAACAATAAAAAATTTGTTAAAATAATAATGTAAATATGATGAAAGAGAGGATTAAATTATGAAAATTAAAGAAAATAAGCTTGTCGGGGGGGGGGCAATAGTCTAAAACCCTCTCATAATCATGGTCTACGCCTAATTTTAAACCGCCTAGCAGCCTTTACCTTAGCTGAAGTTCTCATCACTCTCGGTATCATCGGTGTTGTTGCGGCTATGACTATGCCATCTTTGGTGCAAAATTATAAAAATAAACAAACAGTTGCGCAGTTAAAAAAGATATACTCTGTATTAAGTCAAGCAACTGTAATGGCAGAGAGTGAAAACGGTCCAATTAGTGATTGGAATATGGTTGATGGAAGTTGCGAATCAATGGATGAAATTGTTTCGTTTTATACCCCTTATTTAAAAACATTAAAGGATTGTAAGCAATCAAAAGGGTGTTGGGCAACTACGACTATAAAGGGTTTGAGCGGAACGACAAACCGATTAAATGAGTTTTCAGGTAGTTTTGATTGTGCAAAACATTCAATTGCTTTGACTGACGGAACTTATATTGTTTTTGATATTTATAGTGATTTAACGTCTTTAGGTATTCAAAATGATATGCCAAATGATACAAACTCCACAACAATGGCATTTTTTGTAGATTTGAATGGACAAAAGAACCCAAATATTGTTGGAAAAGATATTTTTGCTTTTGCTTTAACTAAACATGGAATAGCTCCAGCCGGTATTCATACTAATTCAGTACAATGCTCAAGGGAATTGAAAAATGCAAATTCTGGTATTGATTGCGCTGCAAAAGTATTAAAAGAGGAAGATTTAAAATATTAACTTCTAATGAATTGAGATTTCATAATTCCCGTTATTTATTTTAAAATTCATTCTAATTGTTTGGCCGTTGTATTCAGATGGTGGGGCATCAAATTTGGGTACGCTCATTAACATATAATAAACTGCATCATTTAGAGCTTTGTTTGAAGACTCTTGCGAGAATTTTCTATTAATCAGCTTTCCATTTTTATCTATGGCAAACTGTATAGAACATTCGCCGACTCCCGAAATACTTCCGACTGCAAATTGAGTAAAGAGTGCAGATCTAAGATTGTTTTTATATCTCAACATTGTCGGACTATTTGGGTTGTATGTCGGTTTTGCAGGTTCTTTATATAAAGGTGCTTCGTTCAACTTTGTTGATTTATTTGACGTTTTAGGTTGAACTTTTGGGTTAAATGTTTGTGCCGTAGCCGTCTGCTGAACTTTTTTAGGTGCAGGTTTTACTGCTGAGGTCAGATTTTTTTTTTGAACATCTGCTTGAACAATTTTTTTGTTTTCAATTGGTGCAAATGTTAGTGGTATTTCTTGTCTTAACTTATCTAGTGGAGTTTGTTCTTGAACCTGTTGCGTTGGCTGAGGTTTTGGCTGATATATCGGAGTGTCATCCCAAATTTTGTTTATGTTTGGAATATAAACATCTGTTTGTGTTTGTTTTGGTTGAGGTGTCGTAGTTCTTTTAGGAGGAGTTTTGCCTATCGGAATTGACCAAACAATAATTGATAAAATTATACAAATCCCGAAAAATATTCTTGAAACAAGTTCTGCTTTTTGTTCAAGTGTCATTGGAGATTTTGTTTTTGTTGTGGCAATTGTCGTTTTATCTTCAACATAATCAAATGTATTGTTTCCACAATCACAATAATCTACTTTTTCTTTATATTCAGTTTTACATTCTCTACATATATACATAACAAATTTATCTTATCATAAACAATCCTAATAAATAAATACCATAAACAATAAATGGAATTATTGCCATAATTATTCCGATTGCAGTTTGGCGAATTATATCGTATTTTGCTTGCCTTATTTTAAAATAAAATGGTGTTTCAAGGATTATTAATAAAATCCAACAAAAGATTTTTAGCATTATTTAGCCCTTTTATAAATAATTTGTTCTAACATAATCATCTTGTGCATGTGCGGTTTAATGTTTGCAATTACTGCGGTACAAAGTCCGATTAATACAAGTGACGTAACTGTGATTATTGTAATTTTTGTTATATTCATTAGTGC
CP017245.1_gap7	177876	180882	3006	ATTACTCGAACTCCCAAAAATTCGTCAGAGCCACCAAACATAATCTTGCAAACATTAGAAACATCGACTTTTTTTATTGGTTGACCTTTGAAAAGAACCTTATCACTTTTAAAAGTGTTGATAATTGAACATTTGTTTTCGTTCGCTCTGTATTCCAAAGTCAATAGAATATCATAACCTGTATTTAAGATAACGTCACAGTTAGGGTTTGTACCTACAGTTATAACGTCTTTATTAAAAACTTTTTCACCTTGTGATGTTGAAATTACTATAGTCATTCTTATCCTCTCAAATTTTATCTTCCGATTGCGTGAAGAAATTTCCTAATTGATTTATCTATGTTTTGTTTTGGGGAAACAATCAAATGGTCTTCTCCTAAAACAGGTGTTAATTTTTCTTTTACTAAATCTAATTTTGCCGGATGTGCATCCAAAAACATCATAGAAATATCTGGAGCGTATTTTTTTACGTTTTGAACATTTGATGGAAGTGTGTTCCAGTTGATTTGTTTTTCGATAGCTCCTTCGTTTTCAAGATCGCCAATAACAACAATTGCCGGAACATAGCCATCTTTTTTCATAGTCAAAGCGTGGGAAAATGCCTTTTTCAATCCTATTCCATATGCTGTGCCATAATCTTTTTTATCATATTTTGTAAATGCGTCCATTGATTTTGTAATAGTGCTACCGTTCATTGGACTGCCTTCATAGATTAAATAAGCATCCTCTGAAACTCTTAAAATTTTAATTTGATCTTCAGGATCTAGCAAATTGCAAATTTGTCTTAATGTTTTTTTCTGCTCCGGTAGTTGATTTTGGTTTGAAGCAGAAGAATCAATTAAGAATATAACTGCAGCTGCATGAAAATCATCAACTTTAATTTGTTTTAGTCCGGTCCATATAAATTTTAATGCGATTGATAAAACTAATATTATTAAGCCTAATGTAACTAATCTTTTATTTAATTTCATATTCCACCTGTTTGATATGTTTTGTATGAACAATATAACATATTTTTGAGCTTTTAGCAAGATTGATAAACTCCTTAAAATATTAAATTAAAAAGATTTGATATTTAAAATATTTTCTGTTATATTAAAGACAAGCCGTACTCCACGGGGAATTGCAATCCCTCGACTCGAAGTTAATGCGAGGTGCAGAGCCTGTTGTGAGGGTTTGAAAAATAACTTTGATAAATATGTTATTGTTGAGGTTTATACTTATGGTGGCGTAATCTGCCGAACCGTGTCAGGATGGAAACATAGCAGCACTAAGGCAATCTTTGCGGGTATCATATTTGTAAAAAGAGGTAGTGTATTTTGAAATTTTGTTTAACAAATTCGATAGACAGTGGTACGGCTTTTTTATTTCTGTTGATTAACCATAATTCATAATGGTTTAAGTTGTAATCTATTTGAGTTCAATATCTTTTATATAGCGAGGTCTTCCCTTGACTTCTCTATAAACTTGACCTACGTATTCTCCAATTAATCCTAAACAGAACAATTGTATTCCTCCAAATACACACAACAAAATAATTGTTGTTGCCCAACCGTTTGGAGAGTTGTGCCAAAAGATTTTTTCTATAACTGTTTCAACTCCAACCAAAAAACCAAATAGTGCCATGAAAAATCCTAAAACTGTTACAAATCTAAGTGGAACAATACTATATGATGTAATTCCGTTTAATGCCAATCCCATAAGAGAAACAAAATTGAATTTTGATTGTCCTGCCATTCTTGGTTTTACATTAAAATGAACAAAGGATGTTTTTAACCCTACCTCGTTGAAGAAACCTCTTAAAAATAAGTATTTTTCAGGATAAAGTTCCATAATATCGAGAGCCTTTTTGCTTACTAATCTGTAATCTGAGTGATTTGGAGGAATTTTTGCTCCTAAGATATTCATTGTTTTGTAGAATGCTAATGCGGTAAATTTTTTGAAGAATGAATCTGTTTTTCTGTCGTTTCTAATCCCTGAAACGATGTCAGCACCTTTCATATATTCATCGATAAATTCTTCAATAGAGTTTTCATCCTGTTGTAAATCTGCATCTATAGAAACCGCACAATCGCAACCAATACCTCTAACTCCTTCTAATCCAGCAATAAGGGCTTTTTGGTTGCCGAAATTTCGAATGAATTTTAGAGCTTTAACTCTTTTATCTGCTTGATTAAGAGAAACTATTATGCTCCAAGTTTTATCTTTTGAGCCGTCATCAACCAGATATAAATAGCTATTAGGTTTTATTTTCCCTTTTTCAATCAGTTTATCTAATAAATTTAATAAAGTTGTAACGGTTGTTTTTACGCACAGTTCTTCATTATAACAAGGAATAATTATTGCTAATGTCGGTTTATCCATAATTTCTCTCTCCAATTTGCCAAAATCGGCTCTTTTATATTATAATATATTTATTATTAAAGCAAGGATTTATTAGCAAATGGTTAGCAAAAAATTTATTTTAAACGCAGATGATTTTGGAATGTCAAAGGCATTCAATAGAGCAGTACTTGATGGATATCACAGAGGATTTTTGACAAGTGCAAGTTTGTGCGCTAATGGAAAAGCCTTTAATGCTGCGGTAAATGAGATTATTCCGGAATGTCCAAATTTGGGGATTGGTGTTCACCTCAATATTATTGAAGGTCGTTCTTTAACTAAAGCTCCGATGCTAACTAATAAAAAAGGAAAATTTAACAAAGGATATGGACAGTTGATGTTGATGTCAAATGATCCGAAGTTCTTAGAACAGGTTGAATTTGAATTTAGAACACAAATTGAAACTGTTATGAATTATACCAAAGTTGATCATATAGACTCGCATGTTCATACCCATGCTATTCCAAATATTTTCAAAATAGTTGCAAGATTGGCGAAAGAATACAATATTCCATATATTAGAACTCAGCATGAAGAAATGTATTTTGTTCCTAGTTTAAAAAAACATTGTAATTTTAAATATCCACCAAATATTTTGAAAATTCTTTTGTTAAATTATTTTACT
CP017245.1_gap8	187493	190772	3279	TTGTTCCTCTTTTGCGCTATTAATGGAATTAATAATGCCTTGTTTTATTTTTTCAATCCCATCTGCCACATTCATTTTTTTGTACAATACTGCAAAAATTACAAGTAATACTGCAAAATTAAATGTGTTTGATTCTACTATGATATTCCAAAAATTTGCCAATTCGTTCATTAGTTAAGTATCCTGTTTACAAGTTCATTGTCTGAATTTTCAATATGTGTTTCTATTCCTAGAACTTTTGATGATATTACTTCTGCCAAGTCTTTTACTTTTGATTTGAGTTCTTCTGATGTCTGTAGTGCCTCATTTTGAAGATTTGATTTGGCAGAAGATATTTCATCTTGAGATTTTTGTTTCGCATTGTCTGTTAAAGTTTTAGAATTTTCATTTGCTGCATTTATCTTATCTGCAACAAGTTTTTTTGAATCAGATGCAGATTTGTTCAATCTATCCTCTTTTTCTTTTAATATTGCATCTGCTCTATTATTAGAATTTAGCGCATCAGACTTTGCATCATCGATGAATTTTTGACGTTCATCCATGACATTTTCCAATGGCTTATAAAATATTTTGTTCATAATAATAGTGAATATTATAAAACTTATTACTGATACTAAAAATGTTGCGTTAAATTCCATTTTTTTACCTTCAATTTCTTAAACGCTTGCTCCCAATTTTCTCCTTTGTGTAAATATAGGTATGATTTTGAGAGTTAAACGCTAGTCATTGCTCTTACCTTTTTACTGTTAGCCACTTAGCTTTCTAGTCGCCTAGCTACCTATTTTCCTAACAACATAAATGCGATTACGAATGCGTACAATGCACAAGCTTCTGATAAAGCTGCACCTAGTAAGAAGAAACCAAATGCTTTACTTGCAACTTCTGGTTGTCTTGAAACTGCATCCATCAAGCCTTTTGTTGCAAAACCAATACCAAGTCCTGCGCCAACTGCACCAAAACCGATTGCAATACCTGCACCTAAGTGTGCCATTTGTGAAACTGTAGCTGTGTCTACCATAATTTTCTCCTTTTTATTTATAACTATAATGTTTAGTGTTCTTCTCCTGTTGCCGAGCCAATATAAGCAATCGTCAACATCATAAATACTGTTGCCTGAATAAATGCAACCAATATTTCAAATAACATAATCGGAAGTGGCAAAAAATATGCCAAACCACCCAATGCTATTGATACGAGGATTTCTCCCGCAAATACGTTTGCAAAAAGTCGGATTGCCAAACTTAGAGGTCTTGTAACCATTTCCAGTATCTCAACTAATGCCATAACAATCCCTGTAAAGCTTATTTCGTGCAAGAAAAACTTTGCACCTTTAGCTTTAATTCCCATTGTAACGTAATATATTAATACAATAATAGCCATTGCAGCTGTTAGGTTAATATCGTTAGTAGGTGAAGCAAGCTCTGCACCGTTTTTTAAATTGATTATTCTTAGGGGAAGTTGCCCCATCAAGTTTGCAGTTATAATAAACAAAAACAATGATGCAACCAATGGAATATGTCGTCTGTTGTCATTTGCAACCATTGTATCAAGTGTTCCGTAGAAAAATTTCATGATGCTTTCAGATATTGCTTGAAGTTTTCCGGGAATTATTGATAAATGTCTGGTAGCAAGTAATGCAAATATGATTACAACAAGCATCGCAAACCACATTGTAAAAATTGTATCCAGATTTAAAGATATAGCATGTCCTAAAATCTTTAATGTGTAAATCCAATGTTCCATGTTTTCTCTCCCTTGTGACTTAATTTTAACTCGTAAAAAAAAAATCGCAAATTTTTTTTGTTTAGGTTAGTATAGTAATATAAATTATATGTTAGGGGATAAAATGAATATTATTCAATTGGAAGAAGTAAGTTCTACCAACCTTTATGCTAAAGAAAATCTGGATAGTTTTGAAGATAAAACTGTAATTATTGCAATTTCGCAAACATCCGGTAGAGGAAGGTTTGACAGAAAATGGGTTGATTTAGGAGAAGGTAATTTATTCATGACAATTGTTCTTAAACCTTCAAATTCATTTGAAGAAGTTTATGCGAATTTAACTCAATATTTGTCTGTTGTAGTAACAAAGATATTGGAAGAATACGGTTTATCTCCGAAAATCAAATGGCCTAATGATGTCTTGGTTAATGATGCTAAAATCTCCGGTATTTTGTGCGAAACAGTTATGCAAGGAACTAATTTTAAAGGTTTGGTTCTCGGTATTGGGGTTAACTTGAACGCTGATAAGGGTGATTTAAAACAAATTAAAGAAAAAGTTGCAACTGCTTTAAATATTGAGTTGGAAAGAGAATATGTAGATAAAAATTTGTTCACAGAAAAATTGCTGAATGAATTTTTTAAGAACTATGAAGAATTTCTCAAACAAGGCTTTCTTATGATAAAAAAAGAATATATTGAAAGATGTAATTTTTTAGGGAAAGAGATTTCTGTCAAAGTTTTCAATGACAAAAAATCAGGTATTGCAAAGACAATTAATGATAATGGAGAACTTGTAATTGAAAAGAATAATGATGAGTTTATATTAACAATGGGAGATATTTTATGAGTGTTGAAAATTGGATTTTAGGCTTTACTCTTATGGGAATAGGAATGGGGACTGTTTTGCTCTTTTTGTGCGTACTTATTGGCTCTATGCGCATAATGTCAACGATAGTTTTGTATTTAAACAAAATTTTTCCAGAGAAAGTTGAAACAGTTCAAAAAGCTGTAAAAAAAGTGGTTTCAAATGATGATGAAGCAATTGCAGTTGCATTAGCAGCTATTATGGCTAGAAAATAAGTTTAGGAAGGGTAAATATATGGGTAAAAAACAAATTAAAGTAATGGATACATCTTTTAGAGATGGTTTTCAATCAGTTTATGGCGCAAGAGTGTTTGTTGAGGATTTTATTCCCGCTATAAAAGCTGCAGTTGATGCCGGTATTAGACATTTTGAAGTTGCTGGTGGTGCGAGATTTCAATCTCCAATTTTTTATTGCAGAGAAAATGCTTTTGAAACGATGGATAAAATCAGAGCGGCTGTAGGACCAGATGTTAATTTGCAAAGTTTAGCAAGAGGGGTTAACGTTGTAGGTCTTGATTCTCAACCACGTGATATTATTAATCTCCATGCCAGAATGTTTAAAAAGCATGGGGTTACTACAGTTAGAAACTTTGATGCCTTGAACGATGTTAATAATTTGATTTATTCAGGTCAATGTATTAAAGATAATGGATTGAACCATGAAGTTACAATTACTATGATGGAACTTCCTAT
CP017245.1_gap9	241955	245666	3711	GTAAATACTCAAAACATTGATATTTACACAAATGGAAACCTTTTAATTGCACACTCATTCCCATATTTTAAACAATTTAAAAACTTGAAGGGACATTTTGGAACAGGAGTGAATAGTACAATTCTTGATTTTGCAACTTTTCCGGGTGCTATTCTTTTGACAAAAAATGAGGCACAAAATATAGAATATCTTTATAGGGGCAGACTTTTTACAACAGACAAAATAGCTCCAAAAGGAGTTGTAAAAATTGAAAACAATGATTTTACACCTTTAATAAATTCTGCACAACAGGCAAAAGGTTTTGCTAAGGGGCAAAACAGACAACCAGAAATTGTTGGTTATAATGAAAATGAACTTGATAAAATTATAGATAAAATACGTTCAACAAAGCCTGAAAAACTCTATATAATCGGACTATCAAGTCTTTCATTTGAACAGAAAAATTATTTCAAAAAGTTTTATTCAATAATTGATAAAAGTGATGTTGTAATCACTTTTTCCTATAATCCACAATTAGAAAATGTTTATGCTTTTAACTTAGGAAATGATTATTCTCTGTTATATGAAGTGTTGCATAAGTTGTTTTCAAAAATTTCATTATCATCAGACAATGTAGTGTTTTTTCTAACAAAATGTGACACAAATTCCTTAACCAATATAATTAATCTTAAAAGTAATGGAGCAAAAAACATATTTTTGTCAGACTGTCCGCCAACAGTATTTAATCCCGCAGTACTAAGAAGTTTTGTAAAACTATTTGATATAAAAAATATGACTAATCCAAAAGAAGATTTAAAGACTTAGAATAAAAGCAAAGAACCCCGAAAATATTCGGAGTTCTTTTTTGTTAATATTAAACAGAGAATCTATTATTAATATCTGTAGTGAGCAAAAGCTTTGTTAGCTTCAGCCATTTTGTGAGTATCTTCACGTTTTTTACAAGCAGCACCTGAACCGTTTGAAGCATCAATCAATTCGTTAGTTAATTTATCGATGAATGATTTTCCACCACGTTTTTTAGCTGATTCAATTAACCATGAAGAAGCAAGAGCAAAACCTCTATCAGCTTTTACTTCAATAGGTACTTGGTATGTAGAACCACCGATACGTCTTGCTTTAACTTCCAATAGCGGTGTTGCATTTGTCATAGCTTTTTGGAAAATATCTAATGATTTTTCGCCAGTTCTTTCTTGTATTCTGTCCAATGTAGCATAGAAGATTTTTTCAGCTAATGATTTTTTACCACGACGCATAATTCTGTTGATGAATTTTGAAATATCAACACTATTATATACTGGATCTGCTAATGGAACTCTTTTTGCTGGTTTAGAACGTCTTGACATTACTTCTTACCTCCTTTAGCATTTTTCTTAGCACCGTATTTAGATCTACTTTGCGCTCTGTTAGCAACGCCAGCAGTATCCAATGTACCTCTAACGATGTGATAACGAACACCAGGAAGATCCTTAACTCTGCCACCTCTGATTAGAACAACACTGTGTTCTTGTAGGTTGTGGCCAATACCTGGAATATATGAAGTAACTTCAAATCCATTTGTTAATCTAACCCTTGCAACTTTTCTTAAAGCTGAGTTTGGTTTTTTAGGGGTTGTAGTGTAAACCCTAGTACAAACTCCACGTCTTTGAGGACAATTCATCAAAGCTGGAGATTTTGTTTTGTCTGTAAGCTTTTTACGTTCACTACGTACAAGCTGGTTAATTGTAGGCATTTAATTTCTCCTTTTCTTTTCTACCTTTGCGACAAAACCATATCCTGAAACCCTTACGCATTCCGGTTATGATGGGACTGCCGAACTATATAAACAGTTCCTACGCCCTATTTTTGTCTAACTGCCACTATATTTCAGCACGAAAAACACGACAGTGTAACTTTATTAAACAATGATAACGCCGAAATGTCAACTGATATTGCAAATATGTTAATAATGCTATATAATTTTTTTGAATAGAGCGGAGATTTTTTTATGAAAAAAGAACTTAAAGATAAAATTATAGAAATTTCTAGTTACTTAATATGTCTGGCAATAATTTTAGCAATAGGTTATTTTACAGGCTATTTAAAAGGTTTTACACCTAGCGATTTTGAAAATGCATATTACAAAATTACTTATGATTTGTCTAATACAGAAATTTTTAAAAATCAAAATATAAAATTTTCGAAAAAAAACAGTCGCAATAACAATTCTTCAAGACAATCAAAATATAGAATAAACAAAATACCTGAAGCTGTTATCAGAGGAGTAAATTCATCTGGGGTTTGGACTAATATATTTAATTCAAATAAAAAAACTGTTTTTTATATTTACGATGACAATTCAATTAGTTTTGATAATTCTATAAAAAATTATGTGAATAGTGAAAACTTATCCTCAAAGTATAATATTGTTTCATATACACCGACTTCTTTTGGAAGTGTAAGATTAGGCGACATCGGGCCTTCTGAAATTTGTAAAAATTTACAGGAGTGCAACGCAAATAGACAAAAAGCCTCTGATTATACAACTCTTTCAGAGTTTTTGAAACAATGTGGAAGAACTGCTTGTATCATAAATCCTACAGAATCTGAATACATCAGACTTAATTCAAGAAATATCGCTACGTCTGCAATTTATTCTTTGCAAAACTGGTAATTATACTAATTTAAAATCACCATTCTTTTTGATGTGTTCTACTAATCCACCGTCATTTAATAATTTAATCATAACAGGAGGAAGTGGTTCTATTGGAATAATTGCGCCATTTGTAAGGTCAGTTAAAATTCCTTTTTCAATGTCCAAGTCTAGTTCATCACCAGCATCAATTGCATCTGTATCAGCTTCGATAGCTAAAAGCCCTATGTTTATAGCATTTCTGTAAAAAATTCTTGCAAAAGATTTCGCAATAACAGCTCCTACTCCGGCAATCTTAATAATTTGAGGAGCATGTTCTCTTGAAGAACCTAAGCCAAAATTAGAACCCCCAACTACAAAATCTCCCTTATTCATTTTGCTTGCGAAAGTTGGATCAGCATCTTCCAAAACGTGTTTTGCAAATTCCGGCAAATTTGAACGCAAATGGAATAATCTTCCGGGTGCAATGTGGTCTGTTGAAATATTATCGCCGAATTTAAAAGCTTTTCCCCTCATATTATACCTCCTATACTGTACCTATCTTGATTATACTACAAAATAATGTTATAATAAAATTATTAAGTAAAAAGGTAATTAAAAATGTATTTTGATAGAAAATGTAAAATAACTTTTATATGTAACGGTGCAACTATTTTAAGCGAAGATGACAGGTTTACAGATTCTGAAACTTATCCACCGTTAAGTGATGCCGGAGTTGACGAGATCGAAAAAATTTGTGAATTTTTAAAAAAACGAGGGATTAAAAACGATAAAATTTATACATCCCCTGCAACTCGCTCTGTTCAATCTGCGGCAATGATTACAAAATTATTCAAACAAGATTTTGAAATTGTCGAAGATTTACATCCGAGAAAATGTGGAAAATTCAATAATATGACATTTGAACAGGTACATGAAGAATACCCTGAAGCTTTAGAAAAGCTAATTAATTGTCCTGAAGAGGCAGTACCTGAAGATGCAGAAAGCGTTACGGCATTTATTAATAGAGTAAATGACACATTAAATAAAATTATTGACGAAAATCAAGGTAGCAGAATTATTATTGTAACGCACAAAGATAT
CP017245.1_gap10	437634	441151	3517	GCTGTCGTCGCATTATCTGTAGCAGGAGTTTCATCCGCATTATCGGGGGCTGTTACTGCGTTTTCAAACATAGTTTTTTCAGGTTGCTGAGTTTCGACTGTTTCCAATGGTTTTTCAGGTTCATCATCAACAGGCAAAACCATTTTTTCATCAGGCATTGGATCTACAGGTTTTTCTGGGGTATTTGCAGCCATTGCAACCGGCAAACCGTTTTTAACTGCGTTTAGAGTCCCGCCAACAATATTCAAACTAGAGTTTTTCAAATCATTTAATGATGTTTTTAGTGCTAACAATCTGCTTTTGGCTTTGCTAATTTTTACAATATTTTCTTGTGGTTTTTTAGAAAGTTCTGCAATTTCTTTATTTGTTTTAGCAATTTCATCCTCAAGAGCTTTAATTTTCTCTTGTGCCTTGTTCATATTTTCTTGTGCTTTAACAATTTTTTGCCCAGCAGTTCTTCTTTCTTTTGCCAAATTTTCTAATGCAGTTTCTTTATTTTGAACTTTTACAGCAAGATCATTTACTTTGTTAGATGCCGTTTCAACCTCTGAAGACAGTTTGTCTAACTTTGATTTCGCCGCAATTTGTTGTTGTTTTAGAGTCTCAACGTCTTGTCGAGATTTTTCTAATTCAGCTTTTTTCATGCCACGTTCTGATTTTAATTTTTGAATTTGAGCTTCTAATTTTTTAACTTTACCCAAATCAGGTTTATCTGCACCTCTAAAGCCTTTACCTCTGTTACGTGCAACCTCAAGTGCATTTTCTAATGATGAAATTTTTGCATCCATTTGAGCTAAATCTGCATTTTGAGCTTCATTAAATTTTGCTTGAGCCTCTTTAAGTTGCTTATCAATCGCTGCTTTTTCTTGACGAGCTTTTGCTTCAGCCTTAACCTTCGCCTCCATTGTTCTTTGAGCTTGGCGTTGGGTCTCTTTCAAATCTGCAAGTTCTTTTTTTGTCGCATTAACATCTTTTGAGGCATGTTCCGAATATCCATCAGTTTTTTGTTGTTTAGTTGCTTTTATTTGTTCTTCAAGTTTTGGAATTTGACGTTCTTGTTGTTCTACATACTGTTTTGCACGCAACTTTTGAACTTCAGAACTTCTAGTTTTGTATAACTTCATTTTCTTTGATTTTGACAAAGAACCATCTTGTTGAACTTTATCCATCAAATTTTGATGTTCTTCTAATGTTTTTGCCTCATTTATAGCTTTTTTGTAATTTTTATAACCTTTTAATTTTGGTGTAGCCTGTTCATTGGCAACTGGCTCTTTTGTTGCAGGCTGGTTTGCTGAAGTTGTTTGTCTTTTAATATAAGCATCTGCTTGTTCTTTTGTTGTAAAAGTTCTATTTGGTTCGTTTCCAATTTTTACGTCGTACGTACCCTGTTCATTTTTAACTGCTTGCACACCATTTGAATTGTTTTGAGCAGGCTGGTTTGCTGGAGCTTTATTTTCTGTAGTAGCATTTTTTGATTTAATACCAAACATTGCTTTTTCAGCAGCAACAACCGCATCAGCTCTAGCTCTCAAATTACCTTTTCCTGCATGGCTTGCGGTCATTCTGGTAATCTTTCCAATTTCTCCAGCTTTCCCCATACCTTTACTAATACCTTTTTTAAACAACAATGATAACCCGACATCTGTCGTACCTTCACCCATTTGTTGATAAGCAGCAGCAGCTTCATCATTTGTTTTGGCACTATTGGCAGCTTTTATACCATTATAAATTTTTATACCACCCATGACAACACCTGTACCGACAAGCCCAATTGCCATAACAGGTGCTGAAACAATACCAGCTGCAACAACCGCTGATGCTGCAGCTGTAACTATAACTGCAGTTCCAACAGTTTTTAAAGTTTGTTTTACGCTAAAATCGCCATTTTCGTCGGTAAATAACGATGTTATACCCCTCAGCATTCCTTTGCCAAAATGTTTAGCTTTTTCTCCTAATGTCAAATTGCCATCATTTTTTCTGACTTTTTTAGGTGAATTTTTTCTTTCAGTTTTATTAAAATGAGTTTCGGTAATCTCCATACCATCGGCAGAATAGTAGTGTTTTTTACCTTTTTTATCTATAATATAGGTTCTTCCTGTTTTTGAACCCTTAACTTTAAACCTCTTTTTAGTTACTGCATCTTTATCAAAAATTCCGGCATTGTTATTTTTTACCAGATTTTTGTTTTTATCCAACTTCATGCCCTCTTTTTGCAAGAAATAAGTAGCATTAAGCTCTGTATTATTTGCAGCATAATATCTTTTATTGCCTTTTGCATCAACTGTATAATACCTACCGCTCGGCATCTTGTGCTTTCTAACACCATTTTTCTTTGGTGACTGCCCCCCCCCCGATGCGCCTGTTCTATTTACATTAGCCATAGATATTCTCCTTTTTTGGTACACACATATTCAGATTTACGGCAACTTCCCCAAAATACTTTAAGAATAATCAAATCCCGTGTTACAAAAATTTACATTAATCATCTCCTCCACATGGATGATATTATTTCTTTTTACTAAAGATTAGAATTATTTATATCGTTAGAAGAAATATAAAAATAGACACACATCTTATTGGAGCTCATTGATGTCAGAACAAATGTTACTACAGCCGATAAAAGCGGCAAATACAGATAAAGCTAAAGAATCATTAGAAAAAGCCAGAATAGCACATGAAAAATATCTAATTCGTCAACAAAATACCGATTTGCAAGACGCAATAGAATTTTATATAGATGCGGTAAAATATGATCCAACTATGCCGGAAGCATATTATCGCCTTGCTACGTTAATGTGGGAACAAGGTCAAATTAGTCTTGACACCGCAATCGAACAATGCAAAACTGCAGTTTCTTTAGCTCCAAAAAACATCAATGCGCATTTATACACCGGATTTTTCATGAAGATGGCTCAGGATTTCAAATCAGCCGAGCATGAGTTTAAGTCAGCTATAAAGATGGGGAAACTCAATTCTGCAAGACCTAGATTAATCCTTTCTCAGTCAATTTTACAAAAAATAAATTCTAAAAACGGTAACGTCGGAGATTATTTAAGTTTCTTGTATTACTTCTTATCAGGAAGTTTAATGCTTGCATGGGATAGACCATCTATGAAGATGTTCTACAAAAACATGTCAGATGACTTTTCTGTATTCACATACAACACAGTAGGAAAATTTTTGGAAAAATTCAAACTTTATCCATCTGCTGAAAACATTTACAAACAAGCAGTAACAACAACAAATCATGGTGAAATTTTCTACGATAAAATGGGTGATTTAGCTCTTAAAAACAAAGAAACAGAATTAAGTGTTGATTGTTACAAAAAAGTTTTAGAAGCCAATCCGCTTAATCGAGAAGTTTTAGTAAAACTGGCTACAGTTTTACAAACATATTTTCCAGAAAACACCGATGAAGCAATTGATTGCTACGAAAAACTTCTTGAATTTGATATTGATACCCCGCAAATTTATTACGAATTGGGGCATCTTTACATAAAAAAAGAGGATAAAATTA
CP017245.1_gap11	447965	452651	4686	GAAAAAGTACAGTTGTTAGCTTGTTACCTAGATTTTATGATGTAACATCCGGCGAAATAGACTTTGACGGAGTTGATATCAGAAACTTTAATCTTGATGAATTAAGACAAAATATTTCATTCGTATTCCAAGATAATTTCTTATTCTCAGGCACTATCAAAGAAAATATTTTGATGGGTAATGAAGATGCAACAGAAGAAGAAATAAAAAAGGTTGTTGCAATGGCACACCTTGATGAATTTGCTCATTCCCTAGAAAACGGTCTAGACACATTCGTTGGAGAAAGAGGAACTACTCTATCTGGCGGTCAAAGACAACGTGTAGCAATCGCAAGAGCTATGTTAAAAGATGCTCCAATAGTTATTTTGGATGAAGCAACATCTGCCCTTGACAACAAATCCGAAGCTATTGTTCAAAAAGCCCTTGACAACTTAATTCAAAACAAAACAGTATTTGTTATTGCACACAGATTATCAACAATCAAAAATGCAGATAGAATTGCAGTTGTAGACGAAGGCAGACTTGCAGAACTTGGAACTCACGAAGAATTGATGAATATAGAAAACGGTAAATATAGATATTTATACGAAATGCAATTCAAAAATCAAGAAGAAGCTGTGTAAGATAACAAAAAACTAGAAGATTTGCACAATAAAAAATCGTGGAATAAATCCACGATTTTTATTTTATTTCTAAAAAAAATAACTAATATGTCATCTGCCAACCATCAGCGATAATTTTACCAAACAAACCATTATCCGGATGATTTACATCAAATTTTGCAGCATTTCCATTTGCAGCATAAAATTTGTCAAAAACTTGTCCATTTCTATCTATTTGGAATGAGAAATAATCTCTACCATATATATTTGGACCTTTTGTACCATTAATATCAACTTCTATGGCAATAACATCCCCACCACTTCCTATGTGATTTGAACTTGTTACTTTATCTTCAGAACCTTCAATATCAACATCCTGCATAGTAGCAGAATCTGCACATATTGCTGCTCCACTTGCCAAAACAACTACGACATTACATTGTCCGTTTGATATTTTATTTGTTGTCCCTGACAGAGACCTATACTCACTTGCAAAACAAGGAGTATATCTAGTTCCACAATCTTTCACTACTTTAAAATAAGAGTTAAAAAATCTTTTTAACTCATCCGCATTACCTCTAACTCTTGATTCACTTAAATTTAGATAGTTATTATCATTTTTATACCTTTCAGCTGCTTGGCTAAACTCATTATAAACCTTATGCAACTGAGTTACGTAACTTTGTCGTTGATAATTTTGCATCAATGTTGGGACAGTCATTGCAGAGACAACCCCAATAATACCTAATGTAACCAAAACCTCAGCAAGAGTAAACCCCTTATGACTGCCAAAATAAGACTCTTTCACGTTCAAAAAACCTCCAAATTTTACTATACATTGCTATCATAACATATTTTTATACCATTTTCAAGATATGTAATCAAATTATTCATCCAACCCCAATTCTCGAGCTTTTTTGTAGGCTTTTTCTGCTGCTTTGCTATTTCCTAAAGCTCCCAATATTTCAGATTGAATTTTATAACTCCACATATCACCACCATCTAACAAAATAGATTTGTTAATTGCAGTTAGAGCTTTTGAATATTGTTCTAATCTACCATAAGCCAATGCCATCCAGTAATACGCAGCTCCATCTTCTTCCAGTTCAATTGATTTTTCGGCTGCATTTATTGCATCTTCATATCGTTCCAACCTAAACAAAATCGTTGCTTTACCTTGATATTTGTCACTCGTTTTTTCTTTCAAAAGAGATTTGTTTATAAAACTTATAGCTTTATTATGTTCTCCTCTTTTTTCATACTCCAATGCAAGGTTATCTTCTATTTCCATATCATCAGGATAGTTTTCATAAAACTTCAACAAAACATTCATAGCCTCATCCGGTTTGTTCAAATATTTCAGAATTTTGGATTTCAATTCATATAAATATTCATCATCTTGACTGTTCAAAATCGCAAGATTTATATACCTTAAAGCGTTTGGATAATCTTTTAATTCAAGATAACTCAATGATATAATTTTATAACATTCTTTATAACAACTGTCTTCTTCCAAAACATCTTTTAAAATATCAATCGTCTCTTGGTAATGTTCGCCAATACCAAACAAAATCTCACCTTTTCTAATTCTATATAGGGGCAATGGATTAATTTTTATTGCTTTATCAATACATTCTAACATCTTTTCAGGAGATAGATCCGTGCAATACGGATTTGAAACAAAGTAATAATATTGCTCTTTTTTCATAAAAAATCTAACCCAATTAATGCACTGAGTATAAGTTACATTTAATTTAAACTTTGTAATTATTGCTTGAAAAACAAGAAAAATAATAGAAATTAACCATTCTAAAGTTAGCATCATAACAGGTTTTCTTTTAAACGCTTTTACCCAGTATTTTAAAGCCATATCAAAATCAAAAAAAACATCTTGATAAACAAAAATACAACAGTTTAAGTATTTAAAAGAACCGTCATCCTCATGAGCAAGAATTTTTTCTGCGAGTTTTTGAACAACTTTCTTTTTTCTACCATTAAAACCTGGATTAACATAAACCACAGCTGCGAAAGTATTTCCTAAATAATAATCTTCAGGAGCTTTTTCTAACAAATCATTCGCATAATATTCTGCTTTGGAAAATTTACCTTCTTCATTCAAAATCGAAATAGCAACAACATCAGCGTAATAATAATCAGGATCAATTTTCTTTGCTTTAAGTATGTATTTGAAAGCTTTTTTACTATCTTTTTTTATTGAATAAGCATCCGCCAAAAACGTATAATTTTGCGCAGTTTCTTCCCCATTTGCAATTCTTTTTTCTAGCAACTTAATTACTCTCCCTGCGGAAAAAGGAGTAATTAAAATCTCTGCATCTTTATAAAAAATTGTAATATTATCGTACATAAACTAACCTCAAGTATTTTTTCGGCACAAATCTATAAATTCTTTAACCAAATTTACATTAATTTACAAAATACGCAATTATTCATGAAAAAATTTCTTTATATAAATAAGGTTAGGATTAGGTAAAAAGGTTATGTGGTTTAATAGTTATTTTAGCAACTATAACAATATGTTCATGAGCTGTTTTAATCCGTTTATGAATATCATAAATTCAATCATGCCTGTGAATAATTTTTCAGGTAACAACTTTTTTACAAACAATATTTGGCAAATTCCACAATCAATGCCAAATTACAATAATTCTATTTTTCAAAATAGTTATCAAAACAATATATTTAATCAAATAAATTCCTTAGCAAATTATCAAAAAGAGCAGGTTTCTAATTTAGAAGATTTTCTAACAGTTGCACATTCAACAGAAACAACTGCAACAACAAAAGTCAAAACAGAAACATTAAAACCAAACCTAATTCACGGAGTTAATTATAACAAAGAAAAGGGAGAAAAACTTGCAGAAAATGTTGTTGCGGGACTTCCAACCGACAGAGATCCAAACAACCCACTATGTGCAAGATACGTAAAACAAGCAATGGTAAAAAGCGGTTTTGGACCTTACATTGACGGGAACGGCGAATACTGCAAATACATTTTGCGAGCTAACGATAACTTTAAAGAAGTAAAAGTAAAAGCAGACGAATTGGCTTCACTGCCTAAAGGTTCCGTAATCGTTTATGATGCAAACGAAATTTGCAAAAACGAGAAAGGAGAAACAAAACATATATGTGAAGACGGGCATGTTACTGTTGCATTAGGTAATGGTAAAGCTTGCAGTGATGAATTAGAAGACGAAATTCTTAAAACAGACAGAAGTTATGTATTTATTCCCGTTTAACATTTCGTAACAAAATTAGCAATTTCATTTCTCCAAAATACTTTATATAAATATAGAGGAAAATTAGGGGATACTATGGGACTTGTTGACATAAAAAAAGTCAATATAAATACTCAAAATTCTGCAACAAATAACTATGCGAATGTATTTAATACTAACAACGCATATTTCAATTTGTTTGCACTCCCAAATCCTTTTTTAACAGGTTTCAATTATTCAATTGTACCACCAATGCCACAATTAAATACAAATATTTTCTCTATATTTAATAATAAATTGAACAACACAACACCATTCAATTTTAGCAACTTCGGCAACTTAACTCAATCAACAAGATTAAGCGGAAATATGGGAAATGACATTGTTGCAACTGCTAAAAAATACATCGGATACAAGGAAAGTGACGGTTCATACAAAAAATTTACCGGTGGAAGAACAGAAGCATGGTGCGCAGATTTTGTAACTTACGTTACAAGAGAAGCATTCCGAGCAAATGGAAAATCTGTTCCGGCAGGTTTTGGTTCATCTAGCGTTGCCGGATTGAAACAATGGGGTAAGAAAAACGGATGCTATTTAGATGTTTCTTCTAAAAACAAAGCCTCTACGATAAAAAGTAATGTAAAACCGGGTGACATCGTAATTTTCTCTCACTCTCATACCGGAGTTGTAGATAAAGTTTTTGCTGATGGTTCTATTCAAACAATCGAAGGCAACACATCAGACAAAGTTGCATACAGAAAATATGCAGCAAACAATTCCAAAATCAGCGGATTTGTTCAAATAGCTTAATCAGCTGATGATTTAATTCCTCAATACTTCCGTTATTG
CP017245.1_gap12	533899	537453	3554	GCAGTATCAACCGTAGAACTATCTGTCCACTTACTATCATAAACTAATCCATTTGGCGCAATATCTATACTAAACAAATCTCGACCGGCAACATTTGGTCCTTTGGTTCCAATAACATCTACTTCAACAGTAATTGCCATTCCAGCATTTACACCGGTATTGTTAATAACATCATTTTCATCAACTTTACCGTCACCATTAATGTCTTCTGTTGTCCCAACACTTGTAGCTGCACCAGTATCAAAACACAAAGCAGCTCCACTAGCCAAAACAACAGTTGCTAAACATTCATAACCTTGCGTATTAGACGTTGAACTACCATCAATAGATGTATATTTTTGAGCAAAACAAGCATTTGATGCAGAACTCCAATATCTACCACCACAGTCTTTTACAACTTTAAAATATTGTAATACAAAATTATGCACCTCATCTTTATTGCCCATAATTCTGCCTTCTCGCAGAGATACTAAATTGTTATCAGCTTTGTACCTTTCTGCAGCCTGTCCTAATTCATTATAAACCTTATGCAATTGAGTTACATAAGATTGGCGTTGATAATTTTGCATCAATGTCGGTACTGTCATCGCAGAAACAACTCCAATAATACCAAGTGTTACAAGAACCTCAGCCAAAGTAAAAGCTTTAAACTTTTCCATAAAATTAAATCCTCTCATAAAAACTATACTTATACAGTATAACATATTATTTTGAGCTTTTCAACCCTATTTTCTTAGCAAAACATTCATTCCTGCAACAAAATAGTTCCGAATTTCCGCAAAAGATCTTATTCTTGACAACATTTTTAATATATACAAAGGTCTTAAATAAAATCTTTTTATTGCCGATTTATGTAACTCAAACACTCTCTCTTTTGTCAAATAATGAGTGTTTACAGCCGGATAGAAATAAGCACTTTCAAAAGATGTCTCTTTATCAAACAAATTATGGTCCTTAGCATAATCATAAAATCTTGATCCTGGTAAAGGCGTTGCAGTATAAAAACTTATAAAATCACTATTCAATTCAATCGCAAATTTTATTGTTTCTTCAACTGTTTCTTCTGTTTCCCACGGTAAACCAATTACAAAATAGTTATAAATCCTAATTTTTGCTTGTTTAAAAACTTTCACAGTACGACGAACATCATTCAACGTAATCTTTTTGCCCATTTTTTCAAGCATTTCTTGAGATCCGCTTTCAACTCCGATACTTACTAAACGACAACCTGATTTATACATCATTTTTGCCATTTCTAAATCAGCCGTATCGGCCCTCGTATTGGCAGACCAAGTAATTTTCAATCCACTATCAATTATTGCCTGACACAAATCCATTGTCCACTTTTTGTCAAGATTGAAAATATCTGACCAAAACAAAAAATTACGAATATTATATTTTTCAACGCATTCTCTAATCTCTGCCACAATGTTTTCAACACTGCGCCTTCTCACTTTTGCCCCAGAAACCGGAGTTGCCAAACAGAAAAAGCAATGAAACGGGCAACCTCTCTCAACCTTGATAGTTGCTTGAACTTTATTATTATCAGGTCGTCTGTAAATTGAATTATCAACCAAATGACGAGCAGGGAAAGGCAAACTATCCAAATCTTCAATAAAGGCTCTATTACCTGTAAATTTAACATTTCCATTCTCTTTATAATATATCCCTAAAATTCTTGTTTTTTCTTGTTCTTCAAGAATTTCTTTAAGAGTTTCTTCTGCCTCACCCAAAATTCCAAAATCAAGGAACTCATGTTCCGCAAGAATTTTTTCACCTAACGTCAAGAACGCCGCCCCCTTAGCAATAGTGATGATTTCAGGATTAATTTCTTTTGCTTTTCTAATAGCATCCAAATCATGTTCTAGTGACGGAGTTGCAATATTTACAACCAAATAATCAGGTTTAAATTCTCGCAAATCTTGCTCCAAATTACCACTTTGGCTATAATCTTTAATCTTTGCCTCTAAACCTTCCCTCTCTGCAATGGCTGCCAAGTACATTAAATCAGTTGGTGGCAAAGGAGGAATTACAATCAAATCCTTTGTCGGTTGCTGACACCTATCTTCCCTATTCATTACAGGTGACGGCGGATATATTAAAAGAATACGTTTTTTTTCTGTCATACTATGCCTTTTTCTCTTTAATTATAGAAGCAATTACTGCAGCAACAGCCAAGCAAATTGCACCAATTACAAATGCGTATTCCCAATGATAATTGATATGTTCAGCCCCCATTGTGAATGAGCATTTTGAAATTATCCAAGCGACCAATGTACAAACAAATACCTGCGGACCTGCAATAAAAATATTAAAAATTCCCATAACAGAACCTTCAGTTCCTTTTTTTATGAACTGAGAAAGCATCGCAAACGGTAAAGCACAAATACTAGCCCAACCGATACCTGCCAAACCCATTAATGCTGCAACTGCTTTTGGCTCTCTAACAATAAACATTCCTAAATAAGCCAAAATCATTGTAATTATTGAAATAATATGAACTTTTTTATTAGTATATTTTGCAGACAAAAATCCTATAGGTATTGCAACAACAAAACAAATCAAATTAAAAATCGCAAAACAAATTGATGAAAAATTTGTTCCTGCTAAAGTTGCTGACGCATAAGCTTCTTTTGCAGCCTCAGATGCAGTTGTCAAATCAGGAACAAAATAAATTGTGTGAACCGCATACTGTGTAAAGAAAATCATCATACACATAGTACCAATCCAAGTGAAAAATTGCATTGTACAAATTTTTGAAATTTCAGGAGAAAGCGCAAAAAATTCTTTCAAAGACTGCAAAAAAGATTTTTCTTCTACAACATTTGTTTCAGCCATTTCTTCAACTTTTCTTTTCTGTTGAGCTTCTTTTATCGTAATACAAGTCCAAATCATACCAAGTGTAAATGCCAAAGCCGCCATTATAAATTGAGCAGGAATAGACATTTGATAACCAAAAGCCCATTTTAAAAATGGAGCAGTACCTGCAGCAACGACAGATCCTAAACCAATTGCCAAACTAATGTAAGAGTTTGCAATAGAGTACTGTTCTTCCGGAACAACATCAGGAATTAATGCTCTATAAGGACCTTGTGCAACATTCACGCACGCATCAATTACCCAAATCATAATCGCAGCAATCAATAGAGCTGTCAACGGTGGCAAATTTAAACCTGTAACCTTATGCAAAAACTCCGCAACATTAGCAGAATTAGGGAAAATCCACAATGCCAAAGATGCTAATAAAGCTCCTCCTAATAAATATGGTCTTCTTCTGCCCAAAGGGGAAACTGTCTTGTCACTCAATGCTCCAACAAGCGGTTGAACAACCATTCCCGTAAAAGGACCTGCCAACCATATTAAACCATATATAAACGGAGAAGCACCAAGTCCTTCCGTTACCGGTCCTGACAAAATAATCCTCATTTGCCAAGCAAATTGTAATCCGAAAAATCCTAACGCAAAGTTCAAAAACTGAGCTGTAGTAAATTTCTTTAAAACATTGTTTTCTTCCATATTAATTTCTCCCCAAAATCTCTCGTATAACTAAGATA
CP017245.1_gap13	539583	540909	1326	ATTTATTGCACCATCTTATCACAAAAATATATCATGCAAAAGTATTATTTACATATATTTAATGATTTTAAAATAAAAATATTATGATATAATGTATTTTATAATGGAGAAAAACTTGTTAGAGAGTAAAAATAAAACAAACGAAGATTTAGATGAACTACTTCTTGCATTCATTGACTGCAAAGATGAGAAAAAAAAGAGAATGTTGCATTTGAATATTGTTGAATGCGGAATGCAACTTGTCAAAAAAATTGCAGGCAACATTTCCGCACAATCAGGAATTTCAAATGAAGATTTAATTCAAGTTGGTTCAATCGGCTTAATTAAGGCTATCGAATTTTTTAACCCAGAAAAAAACACCCGATTTAAAACATATGCCTCATATTTTATCAGAGGAGAAATCAAGCACTATTTACGAGATAAAGCTTCAATCATTAAAGCTCCGAGAGAATTACAAGAACTTGTTTTCAAAATAAGTTCGGCTGTAAAACACCTCAAAGAGAAAGGGATTGAAGAACCTTCAGAAGATCAAATTGCTGACGTTGTCGGAGTTTCGGTTACAAAAATCCACGAAGTTATGGAAATAGAACTTTGCAAAAGTACTTTATCTCTTGATCAAGCTATTTCATCAGTAGATGATGATGAACTTACATTAATAGACAAAATCCCATCAGGCGATTATCAAGAGTTTATGAACTCTTATGAAAACAAAATTATGCTTGCAGAGGCAATAAAAAAATTACCTAAAGATTTGCAACAAATAATCAAAATGAGCTATTATCAAGATTTAAACCAACGAGAAATTTCTGAAAAAATTCATATTTCTCAAATGCAAGTTTCTCGAAGGCTAAAAAAAGCTCTAAATAAAATGTATGAAATTATAAAATCTAAAGACGAAAATTAAAATCAAAAAGGAGATATCAAATGGGCGCACTTATAGCAATACTTGCACTGGTATTTATTACCGGACTTTGTATAGGCAGTTTTTTGAATGTTGTAATATTGAGAACTTTATCAGAAGAATCAATTGTTTTTCCGGCATCAAAATGCCCTAAATGCCAAACCCCACTAAAATGGTGGCACAATATTCCGGTTTTATCATATATACTTTTAAGAGGGAAATGCGCTTTTTGCAAAGAGCCTATCAGTATTCAATATCCAATAATTGAACTAATCACAGGTATTATTTATACAATTTTATTTATGAAATTCGGAGTAAGTTTTGACACATTATTTGCGTGGATTTTCGCAGCATTATTAATTGTTATAGCCGGCACAGATATTAAAGAAAAAGTTGTTTATGATGTTCACACATACACTCTTATC
CP017245.1_gap14	550960	551634	674	CGTCAGAAGAATTTGCCCAAAAGATAGAAGAATTAACAAATGATGGAATTAGCGAAATAATCTTTATAATAGGTTCTTCATGTGGTATTTCTCCAATTGTATCGACTAGAGCAAACCTAAAAATGAGCATGTCAAAAATGACGTTTTTGCACCAATTTGCAAGATTAATCCTAGTCGAACAAATCTACAGAGCATTCAAAATCATCAAGGGCGAAACTTATCATAAATAGCCATCAGATACTTATATACAAAAAGTATCGTAGTCCATTTTGAAAATAAAAAGTTAAACGTTATAACAATTATTAGCCTAACTCAATTAATACTTCACTTTTAACGGATAGTTTTTAGGAATTTTCCAACCATTATATTGGATTAAAGCTCCACATAATGATTTATCCATCTTATTATCACTCTTTTTACAAGCATTATACAATCCGCTTTCTGTTCCATTCCACCCTGATTTATACGGTTCAAACCCTTTTTTATAAAAATAAGGGCTATCAGCTGTTGGAACATACATAAAACTAAAAGAACAAACTCCTCTGCTATTTTCTTCTGAACCAGCCATTTTAATACATCTGTCACGTGATGTCGTATAATAAATCCAATCTCGCATAGCAGTAGCTTGATTTGCTTTTAAACAAGAACCGTCTGCAAATTCAAATACCGGCAAT
CP017245.1_gap15	553708	555976	2268	ATACAACAACCGGTCACTGGGAAATGGCGGGAATTATATCTAAAAAACCTTTTGCAACTTTTCCAAACGGTTTTCCAAAAGAACTTGTTGATGAATTTGTAAAAGAAACAAATTGTGGCGGAATTTTAGCAAACAAACCAGCAAGCGGAACCGCAATTATTGCAGAACTAAATGAAGAACACCACAAAACTAAATTCCCGATTGTTTATACAAGCGCAGATAGCGTTTTTCAAATCGCAGTTGACACTGATTTAATTCCACTGGAAACTCTTTACCAATGGTGTACAATTGCAAGAAAAATTTTAGATGAAGGTGACTGGAACGTATCAAGAGTAATTGCAAGACCTTACAAGATTATTGATGGCAAACCAACAAGAATTTCTAAAGACAGAAGGGATTATTCAATGGTTCCGCCTCATTCTGTCTTGAACGAAATAAAAGACAAAGGTGCAAAAGTTATTGGTATAGGAAAAATTGAAGATATTTTTTCTAAATCTGGAATTACTCACGCAATCCACACTGGATGTAACAAGGAAGGCTTGGAATTAACTCTAAAAGCAGTAAAAAATGAGTTGAATTTAGATGAAATCGCTTATGACAAAAACGCAAAATACTCTAACCCAAATTCTTTTATATTCACAAACCTTGTAGATACAGACATGCTTTTCGGTCACAGAAACGACGCAAAAGGATATGGTAAAGCTATTGAAGAAATAGATACATATGTTGATGACATAATTGATGCAATGAACGATAACGATTTGTTAATAATCACTGCAGATCACGGTTGCGACCCGACAGTTCCAGGAACTGATCACACTAGAGAATATGTTCCTATTCTTATTTTTCATAAAAACGGGAATGGCGAAAACTTAGGTATGATAAAAGGTTTTGACTATATCGCAGACAGGATTAAAAATTGGTTAGAAATATAATATTTTTAAAAATTTCATATCCAAACAATTGAAATTTAAAATCTTTTATATTATAATTAAGTTTGTGAAGAAATTCACGATTGTATATAACTATAAGGAGAAAGTAGAAATGACAGTAACAGTAAACGATTCTTGTATCGGATGCGGCGCTTGTGAATCAATTTGTGACGCAGTATTTTCAGTAGATGGAACTGCTCAAGTTGATGAAGCAGCTGTTGCAGATAACATGGATTGCGTTAAAGAAGCAGCAGAAGCTTGCCCTGTATCAGCAATCGAAGTTGAATAGTTTAATTATTTAACATAAAATAAGAAAAGTCCGGCAAATAGTCGGACTTTTTTGTTTATAAAAATTTATTGAAAAATTAATTTCTGTATTCACAAACAAAAACAATTTTTCTTCTCTTAATTTCATCCATATTCATATTATCAACAGGCGTAACGTTTCCATCAGAATCAACATTTCCCTCAATTGAACAAACATATTTATCAGTAATTGTTGGAGAAGATGATTTTTGAGATTGTCTTGCCTCTATATCGTTAAATCTTGAATTCATCCTGTCTTCCAGAATTTTCAAATCTCTTGATATATCATCAGAGGAATTATTATTTGACATATCGCTGTTATATCTGCTATCGCTATATTCTTCCTTATCTCGCTCTCTATCTTTGTAATTGTCATAATCCTCATCTTTTTTAGAATATTCATCAGAAGATTTTTTATCTCCTTTATATTTGCTCATCATCATAGGTGCGCTCAAAATCATCACAACACCAAGAATAATAACAAGTATAATTGCATAACCCATTGTAGACATAGCATTTTTTCTAATCATCTTAAAACATCCTCTTTTTGGAAATCATTATAACATATAAAAAAGACGGGTTCAACAATTAAAACCCGCCTTTACATTTTATTTTTTGATAAACTATGCTTTTACCTCATTAACAACAGCTACCAATGCTGCAAGAGCATCATCAGGAAGTTTGTCAATTCCGGCTTTTTCAGTTTCTCTTGATTTAACAAAAGCAATTCTGTCATTCATACGAGCAACAAATTGTTCAGCATATTCTTTGTTAGCAAAAGATGTTTCAAATCCCTCAATATCCATAATTTCGATATCAGAGAAATTTTCCCATTTATGGAAATTAGCTTTTCCTTCAACAATTGCTTCAATAATACCCAAAGTATGAGCAGGTTTAACCTTTGTTCCCATAAATTCACCAGTATTCAAGATGTAACAATCAACACCATCTTCAATCAATTGTTTAAACCTTGTGTAATCAACTGCCAACGGATAAACTCTAAACGGGTTAGCATAAGGTTCAACAACAA
CP017245.1_gap16	612074	612927	853	TGCGGAGTTCTTGTAAAAATTGCCGCTCCTTCAATTCCATCTTCCGGAACAAAGAAAAATCTTTTAATAACATGCCCTAAATCTCTTACAGACTCTTTTAGAACTTTTTGTGCGGTTTTCAAATCCTTTCCGGCAATAATCATATCACCTGCAGTTGATATCTTAAACAAATCTGCCAATCTATCTTCTAGGGGAAATTTTTTAACAATCGCAAGTGGTGAATATTGCAATCCGGCAAAATTAACTTTAGAAGATGTATTCATTTTTGGCACAGACATATTAACCACATTTTGTGGTTTTGATGTTTGTACTGCATTAATTTTTTGGTTGTTTGAATAAGTGTTGTTTGTACGATAATAATTTTGTATAGCTGGTATTCTCATTAATACACCTCCTTGTTTTACTAACCTACTACAATTGTAGTATTAAGTCAATAGGTAGTTTGATTATTGCGCACTTTACTAAAACTAAAATTCTATGACAATTTGAGAAAAATTTCGTTATTTAGTATAGTTTTATGTTTTTTATACCATTTTTATTAAAATTATCATTTTGTGACTATATTTTTATAAAACAAATCAGGCTGTAATTGTAATATTTACACTTTTTAAAACTCGTTACTTTTCTTTACACTTTTATGATTTAATTGATTTATGCAAATTTTATTAAACATAATCGCAATTTTATTTAGAATTTTTTCAAACTCATTTAGTAATGTTTTTCAAAAAAAGTTGACAAAGAGCGGAGAAGCAGCGACTTGTATAAATTGCATCAACTATATATTAATGAGTTTAATATCTATTCCACTCCTTCTATTAGTAAATTTTTCTCTAATTACACCTGAATTTTGGCT
CP017245.1_gap17	616125	620028	3903	ACTTCTAATTACATTTAAATCTTAAATTAAGATTATAAAAAAAACATTCCCCACATTGGCTATATATTTGTGCTATCTACAATCACATTTTTTCTTGCTGACAGGGCTGCCAAAAATCATTCGCACACCTCCAAAAGGTTTCTTCATAGTACAGTTCATGCCTGCAGTCATTTCGTTTAAATTATACAAAATCCCATTTATCTGTTGTAATGAACAATTAACTTGTGGGAATGCGTTATTCATTTCTTTTGAAAGTTGTTTTATATTATCAGAAACGGTTTGAACATTTTGGGCAGTAGTATTCATTCTTTCTGATGACATAGCTCCACTGACGCTATTTGAAAGCCCTGTCATATTATCTGCAATATCAGTAGCACTTTCTGAAACCTTAACAAAATTCCCTGTTGTTTCACTAAAATCTTTTGAAGCTTTTACCATATTGGGACTTACTCCAACTGCCATATCGTTTAAAGTTGAAAACAAATCTCCTATAGTTTGCAATGTTATATTCAAATTTTTTGCACTTTCTGCCATATCCAATTTTATTTGCTCTAATGTTTCCGGATCCTGATTTGCAAAGAAAGATTCTACATCAACGGTTGTTTTACCAGAAATCCTATCACCATCCTTAAGATAATAAATCGAAGGATCTTTAGGGTACATTATATCTATATAATCAAATTTTCTACCCCATCTGTTTTTCTCTTTTTTCAAACTAGCTGAAATATTCACAGGCAACTTCAAATCATATGGATGAAATTCCATCGTTACAATTGTGGATGTATAAGTTTTATTAGGTCTAACTTTTACAACTCTGCCAATTTTAAACCCATTATAATATATTGGTGCAAAACTATGAAACGGGCGTAAGTTAGAAAATTCAGCGGTAACATAGGTATTTGTACGATAATTTACATATCCCCAACCGATAGCACATAAAAATAAAATTATAACCAGTGATTTATAAAAACTACTCATCAATAAAACCCTCTATTACCCTACAAAAAAATTTTTAAACAAATTACACAACCCTTCCAAATTATGCACCTGAAAAAGTTGTAAAACATATAACATCAAATAATTAAAAACTTTCAATATTATCGCCATATTTATGTTTTAACAAAAAAGATAAATATAAGTATTAGCAAGCAGTATAACAACAAATGGGGAATATTTTTTGATTTCCCAAAATCCTAAATCTAGCGGATTTATTTTTCATATTTTGCAATATTATTAATATTACAGAGGGCAAATGTCCACCAAATTTATCATAATCCATATCTCTGTGGCTCAAACTCAAAATTTGCTAAACCGATAGAGGAAGGAGGTGGTAAAATGGTTATTAGTACAGAAGAACTAGCAATTATCTTCCTAATATTGCTAGCTCTTAAATAACCTAAAGGGGACATTAAAGAGATGTTAATCATCTCTGTCCTCTGTTTTTATTATAAACTATTTTTCAGATTTTTCAAGTGTTAAAAAGAAAATTTTTACTTTTTAATATCTTTTTCTTAAATTTTTCTTTGCTTTCACATATTTATAATTTATCAATGTTTTTTGATCTTTTAATTCTTGAATTTCAGTAGCACATTGTTCAAACAACTTTTGTTTTTCATCAGAAGAAATTGTTGTATCATTTGTTAAATCTACTACTTTATCTGAAATTGCCCTAATTTGAGCATCTATAACTTTGTATTTAGCAGATTTCGCATTTTTCAATCTTCCTAACTCTAATTCATATTCCGGCGACTTTGCCAAACAACAATTTACAGACAACAATATTAAGCCCAACAGAATAGCTAATTTCTTCATTTTTTTTCCTTCTCTACAAATAACAAACTATGCAATTTCTTCAATCCAACTCCAATATATGTTGTAACAATCATTGTTACGACAAAATATAAATATGTTGTTTGAACAGGATTATAAATCCAATATATATTGTGATTTGCTCGCTCTGTAATCGGTATTCCATGAATTTTCAAAAATATTACTGTTATTATGTACATTACCAACAAGTGATTTGCCATAATATGATAAGTAACATTTCCCATATCTTGAATAAATTTCACATTTTTAAAATAAGGATACAATATTTTTACAACAAATAAAGAAGCCCAAATTCCAGTCAAACTGGTCAAAACAGGAACAATTAATTGGTTATCAAATCTACCCCAAACAAGAACATAGCTCAAACCAATTCCATGTTCAGGAGTAAAATCTCGATTAAACAACCACAAAATTGATTGCAATATTACAACTCCTCCAAACCATTTTGGTGTAAAAATATTATAATTATCCTTAATATAATGGGTGTAAAAATAACCGATATATACAAAAAACAGCGACATCATTGTTCTTATAACAACTAACATCACAGGAGTTATTGAAAAAATTTTATCAAATGGAATTGCTAAAACTCCTAATAAAGTAAAAATTGCTAAATGAATATATTTATTTTGTGTTGTCTTTTTCAAAATTCTAAACACAAATAAAAATGTTATCAATGTCATAAACAATTGAGTTACAAACCATAAAGGACAAGACAAATCAAATTGATGACCATTTAAAAACGGAGTTACAAAAAAGTTTTTAAAACTCAAAGACATTCCCCAGAATTTTCCGGTTAATTTTGCTATCACAATTGTCACACACATATAAAATAAATTGTACCAAAAGTATGGTACTAAAAGACTTTTTATCCTTCGTTCAAAAAACAAAGCGACATTATCCAAATATTTATCCTTAAATAAACAACCGGAAATAAAGAAGAACAAAGCTATTTGAAAAGAATAAGGCGGGAATATTCCCAATAACGAAAACTCCAAATGCCCTGAAACAACAAGCATTATAGCTAATGCTTTTAATATATTTATTTCATCTGAAAATATCTTACCCATAAACAAATAATATCATAAATATTTTGCGATATAATTATAATAAAGCAAATAATTTAAAGAGGTAAAATGTTAAATCAATTTTCTAGAACAGAATTATTAATAGGACATGAAGGAATAGAAAAGTTAGCAAAGGCTAGAGTTGCTGTATTTGGAATAGGCGGTGTCGGAGCTTATGCAGTAGAAGCTCTTGTCAGAAGCGGTTTAGGCACAATCGACATAATTGATGATGACAAAGTTTGTATCACAAACCTAAACAGACAACTATATGCCACTCGAAAAACTGTTGGGAAATACAAAGTTGACGTTGCAAAAGAACGGATTTTAGACATTAATCCTGATTGTGTTGTAAATACTCATCAAATATTCTACACTCCCGAAACCGAAAATCAATTTGACTTTTCTCAATATGATTATGTTATTGACGCAATAGATACAGTTGTTGGCAAACTTTCTTTAATAGAAAAAGCAAAAACTGCTAATACTCCAATCATTTGTGCAATGGGAGCAGGCAACAAAATGGATCCGACAAAATTTGAAGTTGCAGATATTTCCAAAACTTCTGTTTGTCCGCTTGCAAAAGTTATAAGAACAGAGCTTAGAAAACGCAGAATTAAAAGGGTTAAAGTTGTTTATTCTAAAGAAACTCCAATCAAACCAAAAGAAGATATGTCAATTAGTTGTAAAGCGCATTGTGTTTGTCCGCCAGGCACAAGAAAATGTACTGTTAAACACCAAATTCCAGGAAGTAACGCATTTGTTCCTCCGGTTGTCGGTATGATTATCGCAGGCGAAGTCATAAAAGATTTGATAAAGTAGTACTATTAACAAAATTTACACATATTTTTTTTACTAGCAAAAATTTATTTTACGAGTTTTAATCTATAAGTAGTGAAATAAATTTAGGGAAAAATACATGATTATACAAAGAGTACAGGGACAATATCTTACAAATTTTAACAATACTTTACGCACAAACCCTTCTTCAAAAAAAGCACCAACAAAT
CP017245.1_gap18	624700	626646	1946	TTTCCAAAAACAGGGTAGCACTATTAATTCAGCCCTTTCTTACGCAAGTGTAGCTGGTTTAGGGACTGGTGCTGCAGCCTATTTATTGACAGACAACAAACCTGTAAATGGAGTTTTTGCAGATAGCGTACTAAAATCTCTTGAAGAAACGCCACTAAAACTCGCAGAAGCAAATGCTAAAACTCTTATTGAAAATGAACAAAACAAAATTTTGAAAAAAGCTGGTGTTCCCAAAGGCATCAACTATGAACAACTTAAGGCCTATAGCGAAACACAAAATCCATCAACTTTTTCTAACATAAGCAAAAATTTGTCACAACCTAAAGCTCAAGAACTTTTATCAAAAGTTGAGCCAAAAATAAAAGCAATCGATATTAATGCTATCTCAAGCAAGGCAGTTAAAACAGCACTAGAAAGCACTTTGGAATTCAAAACAGACAAACTTGCAAACCTTCAATCCCAAAAAGCTCAAATTGCAGCTCTTTCAGATAATGTTGATTTAAAAAAATTCTTCCAAAATAACGCCAAGACCTTTGGACTAGAAGGCGACGAAGCTAAAATTGAAAAAGAAGCAGAAAAACTTGCAAAACAATATAAAACTAAAGATGGTGCAATCAAAAAATACGATTCTTTAATCAAACAACAACAAGAAGTCGTAAATGCGGCCAGAAAAGACTTAAATACTAAAGCTTTTGATTATTGGGATGAAAGTACAAAAGCTTTCAAAAAAGATGCACCGGAAGCATTAACCAAAGCATATAAAAACGTAAAATGGAATAAGGCCGGCAAATTCGGAGCAATCGCAGCCGGAATTGGTCTTGTATTTGGTGCATTATTCGGAAACAAATCATAACCACAGAACATTTTAACCTTAATCTCCCCCCACCCCTTACAAACAACCGAACTTAAAAAGCCATCCGTAGCACTACGAATGGCTTTTTAAATTAATGAATTTCTTGTTTATTTGTTGGATTTGAAACAAGTTTTTTCGGAATTTCAAATCCAAATGTACAATTCTTATTCTCATCGCTATGCGCATAAACTTGACCATTATGAGCATCAATAATTTGTTTTGATAAATACAAACCCAATCCAGTACTTGTCTTAATTGATTTTGCATTTCGCGAATGCTTATACTTCTCAAAAATTTCTTTCATCTGTTCTTTGTTAATATATTCAGATTTATTTCTTACTTCCATTTTTATATTTTCATCATTTTCAGTAACAAAAACTTCTATGTCAGAATTTTTGAATCCGTGCTTAACTGCATTTGCAAGAAGATTAATAATAACCCTTTTTATCTGAACTTTGTCAGCAATGACAATATTTGATGTCAAATTGGTGTTAACAATCAATTTTTGATTTCTTTCTCTTAAAAGATTTGACATACTACGAGTTGTTTCATTTAGCAATGCTAAAATATCAAATTTTTCTGCATTTATTTTTGTCAAACCATTATCATATAAATAAGTATCCAAGATCGTGAAAATCAAATCATACATATATTTGCAAGAACTTTTAATCTGTTCAAGCATTTCTTTTTGCTCATCTACTAATGACCCAAAAGCTTCTCCTAAAAGTAAATCTAATGCCCTGATTTGAGCAATTGTCGGAGTTTTCAAGTCATGGGTTAATGTGGCAATAAATGTATTTTTTCTTTCTTCCAACTCTTTCACATCATCTATAATCCTAAAGATTACTACAATACTTGAAATATCATCATTTTCATCAAGAACTGGAACTTTTACAATTCTAAACCAATGTCCCCGACCATTTATCAAACTTTCATATCTTTCACAAGTAATGATTTCTTTAGTCGCTAAAAGATGCTTGTCTTCTTCCATACAATTTTCAGGGTTAGAAACAAATTCATAAGAATTTCGACCAACCAACTGTTCTCTGCTTGCTGAAAATAAATTTGCCAAAACTTCATTCGCAAGAATTAT
CP017245.1_gap19	627847	631317	3470	AACGTCTTTTTATATATCCATATTGAATTTTTTGTCGATTTGAAAGCCTAGTACTCTCTGTTTCGAAAAAGGCATCCGTTATATTATTGTTTAGCGCATCTATTCTTTCTTTTCCGGTAGTTTTTGAAATAATATTCCAAGCATTATCTCTAAAAATGTTTAATTTTTTAGTTGAAACATTATCCAAAATATCTACAAATTCATCTAATTGGAAGTTTCCATCTAGTTTGGGCAACGATTTTCTAACAAAATTTTTGGCATTTTTATCCGCATCAATAGTATCATATAATCTTGCCAACAATTTCAATTTTTTATCTTGCTCATAACTAAAATCACTATCAATTCCACGAATAGTCGGAGTAAACCTTCCTAACAATTCTTCTCTTAACGGAGCATTTTTCTTATTTGTAGAAATTAAAATATTGGCAACGTCTTCTGCTGCACCATTTTTCATCATTTCATCAGTAGGAAAGAATACTTTTGACATCATTCTAGCCAATTTATGATTTTCTTGTGTCAATAAATTCAAACTACTTTCACCGTTAACAATAGCTCTATCCAACAAAGGATATTTTGCTCGGTTTTTATCCGTATTCAATTCTTTATTAAAATATTGTCCATCAAATTGTTTTCCTGCAAATTTTTTATCAAGTTCAGAAACTACATTCGGATTATCTTTATTTAATTTCAAATAAGACCTTATTTCGTCATACTTTTTCATATATTCATCGGCATGTTCTGATTTTAATAAATCAGGAATCAATGTATTTCCATCCGGTCTTTCATACTTAAATAGATCTTCATTCAATTGAGCAACAAAATTCAATCTTTTTTTGTTATTTCCTGCCCAATCAATAATAGTATTCAAACTTTCTAATGAATCCGAAAACTTGTTACAAATATATGAGTGCATTTTAGTCGGCTTTTTAATTTTTCCAACAATCACATTCACAAGTTTTGGGTTATCTTTCTTTACAGGCTCTCTGTAAAAATTAAATCTATTAAAATTAGTAGCTAATTCACTCAATAGCGATAATTGTTTTTTAGAAGAATTTTTTGTTAATTCAACAATGTCATTTATATCTTGATTAAGCAAATTCGAAACTTCACGTTGAAATATTCTCTTTTGCGGAGAAATCCTTCTACCAGAAATAGCTCGAATTCCATTTATTATAATACTCATTTGTACCTCCATTAATACAAAACAAATAAAAATAAATTTTGCTACTTTTCCCATAAAAGACCTTAACATTTCGCAAATTATAACTCAGTATAATCAATAGGAAATTTATTTATCGACAAATTCTTTCAAAAACACATTAATATCCAGTTTTAAAACATTTGAAATCAACCCCTAAATAAATTTATAATAAAAAAGCTCCTATAAAAGGAGCTTTTTTATTTGGGACCAGAGGGATTCGAACCCACGACCAAGGGATTATGAGTCCCCTGCGCTACCGCTGCGCCATAGTCCCTCAAGAACAAGCGCATTGTTTCTTTTACAACTTAACATTAAATTATAAAAAAATCAAGCTTTATATTTCTACTGCTTTTGTTTCAATTATTTCGTTCGCTCCGACAATTTGTGAACACAAATCCGCCTTTATCACACAATTTGAAGCAATTACACAGTCAGAAAGCTTTACACCATCAGCAATTTCAACATTATCCCAAATTATACAATTTTCAATCATACAATTTTTTCCAATTACACAATTATTTCCAATAGTAGAATTCCCCTTAAATTGCACTGTTTCGTCAATTTTTGAACTACTTTCTGAAATATATGCGCCATCTTTTTGCTTATTAATTTGAGCATGCTTGAAAAAGCATTTTTTATCAAATAAGTCATGCATAGATTGGATATATTGTGAAATTGTACCAATGTCACTCCAATATTCTTTAACCTCAAACGTATTTATAGCATGCTCTGTTAACAATTTTGGGAAAACATTCTTTGCAAAATCATAAAATGTATTTTCTGGAATATAATCAAAAATTTTATAATTAAAAATATAAATACCTGTATTTATAAAATTTGATTTTGCTTGTTCTATTGATGGTTTTTCCTGAAACTCTGTGATAAAACCTTCATTATCTGCTACAACAACGCCAAAATGCGGAACATCTTTCATCGGAATTTGTTTTATTCCAATTGTTGCAATCGCATTTGATTTTTTATGAACTTCTATACCATGCTCCAAGTCTGCATTCGATAAACCATCTGCAGATAAAACAACGAATGTAGAATTTTTATCAAAAAAGAATTGGCATTTTTTTACCCCGCCTGCTGTTCCCGACAAAGTTTCTTCTTTAACATAATTAAAATTTATACCTAAATTGTTGTTTTTATATCGGCTAATAATTTGTTCCGCCAAATAATAGGTATTACAAATCACATCAGTAATACCAAGTTCTGCCAAATTTTCGAATAAAATATCCATAACAGGCTTGTTAGCAACAGGCACAAGCGGTTTTGGAACCAATTTTGTCAACGGTTCAAGTCTTGAGCCAACCCCTGCAGCCATAATCATTGCTTTAACATCCTTAACCATAACTTTAATTGTACATTAAAAAGAATAATATTGCAAATTAAAAATCCTGATGTATAATAGAGTGGTAATGATAAGGGCTTATAGCTCAGTTGGTAGAGCAGTTGACTCTTAATCAATTGGTCGAGGGTTCGAGCCCCTCTGAGCCCAAAATAAAAAGCTTCCATTAAAGGAAGCTTTTTATTTAATAAAATTTAAAATAATATATGAACAAATCCACCCCCTTGACAAGTATAGTATAATTATAATATGGGCATGAAAAAAATATTCTGCACAGTATTATTAACTTTTTTATTTTTACTTGCAGGTAACATAAACACACTAGCTATAGAAAATGACGAAGACGAATTGTTCAACAATCCTGTTACTATTCAAGATGGAATTTCTGTATCAATTTTTGACTGCGTTGCATCAGCCTTCAAAAACAGCCCCCGAATAAGAAAACAAAAATATAATCTTGACATTGCAAAAAGCAATCTTGGAATAGCTAAATCGCAATATTTCCCAGTAATTAATGCTGGAGCAGGATTTTATAACGAAAACAATTCTGACAACATATACTACAACTCACACTACAGAGAACTGCCAACTGTCGGTGTAACTGTTAACAAACTTGTTTGGAATTTCGGAAAAACAACCGCATACATAAAAATGGAAGAATTTTACAAAATCGGTGCTGAATATGAGTTTATGGATAGCTTATGTTCAACTCTTTTTGATGTAAAAGCCAAATATTACGCACTGTTGAGAGCAAAGGCTTTATTACAAATTGCAGAAAACAATGTTGTAATCAACGAACACATTGTAAAACTTGCAAAGAAAAACCCAGATATCACAACTGCTAAAACTCATTTGAGTGAAGCTAAAATTCAACTGATAGATGCACAAAAAGCTTTTAATAACGCAAAAATAGATCTT
CP017245.1_gap20	657244	661014	3770	TCTTCAACAAATCCACCTGAATGTACTACGATATCATTGAATTTGTGACTGAGTGCGTATTCTGCAGAAATTTTAAATTCGTCAGGAATGCTAAGTCCCAAACCTTGAAGATGATAAATTGAACCTTTACCTTCGTCATACATTTCTTGATATGTTTGAGAGAATTTTTCCAACTTGCCTTTAAGCAGAATTTGCAAAATTTTTCTTCTTTCCTCAATAAATATATCTTTAAGCGTGAAATATTCTTTACCAAAGTATTCATCTAATGCACGAATAATTTCAGTTAAAGTATTCATTGTGTATATTTTAATCAAATCATTTTTAATTCTGTTAAATTCTGCATCATCTGAGTATTCTTTAATTGTACAGTGGAAATCTCCTCCGGCATATTGCATCAAAGCAAACATTACATTTGATTTTTGAAGTGTAATTTTTGACTGAATTTCAATATGACCAACTATAAATGTAGACGAATTTTTCTGAACTTTTTTGTATGCTTTTCTTGTAATAGTATAACAATATACATTTTCTTCATCTTCAAAATCTTGATATAGTGAAGATAATGCCCATAAAGTTGCTATCTGTTTTACTGTTATAATTGAAGGTTTTACAAATCGTTCAAAAATATCCTTACCTGTTCCAAATTCTGGGATGTTACTTTTTGCTTGAGATAAAATTTCTAAAAACTTTTCTTCAAGGTTTTTGCTTGTAAATCTTGCAGCAAGTTGCATTGCACGAGCTGCATATTTCATTATTTGAACGGTTTCAATCCCCGAAATTTCAGAAAAGAACCATCCGCAACTAGTGTACATTAACATTGCTTGACGTTGAATTTCCAACAATTCCATTGCATGAACTTTGTCATCATCTGTTAAATCCGGTTTAAAGTTTTCTTGTTGAAATTTTTTCACGTTCATTTCATTACGGTCTAAAATAACGTTAATATATTTATTTCTTACGTTCCAAACGTTATCAAAATATTTTTGACCTTCATTTTCAAAAACAACAATAAGTTCATCTCTCAAGTAATCAAGAGCATCTCTTAAAGGTTTTCTCCATTTTTGATTCCAACCCGGATGACCGCCTGTTGAACAACCACAATCTTCTTTCCATCTGCCAACCCCGTGGAAACAACTCCAGCTAGATGCTTGTTTGATGTCAACTTCGCAATTACTTCTGTATTTGTCTAAATATTCAGCGTAATTTGTAATTTTAAAACCTTCGTCTTTTGCACGAATTTTCAAGACATAAGACAAAGCCATGTCCCCAAATTTTGTGTGGTGCCCGTAGCTTTCGCCGTCTGTTGCAATATTTATTAACTGAGGGTAATCTCTGCAATCAGAAATGCCTTCTTTTAATCTTTTGATAAATTTATTTCCGTCTTTTAAAAGTTCGTCAAAAGCAACAGAACGAGAAATTGCACCATCATAAAAGAATAAATCAATAAATTTACCTGGAGCTGATTTTATGTAGTATCTGTATGAACGAGCAGGGTCTATATTTCCCCAACTTACGTCTTGCCAATCTTTATCACCTTCTTGACGAAATTTTAACGCTTGATATGGAGAAAGAACTGTGAATTTAATGCCGTTTTCTTCCAAAAATTTCAAGGTTTCATCATCAACCGCAGTTTCCGCAAGCCACATACCTTCCGGTTTTCTGCCAAAACGATATTCAAAATCTCTGATACCCCATTTGATTTGGGTTTGTTTATCATTTTCGTTGGCGAGTGGCATGATTATGTGGTTATAAACCTGCGCCATAGCATTTCCGTGTCCTGAGTGTTCAGAAACACTTTCAATATCTGCTTTAATAATTCTTTCGTAAGTAAGAGGAGCAAAATGTTCCATCCATGACAAAAGAGTTGGTCCAAAATTGAAACTCATGTGTTCATAGTTATTTACGACATCAAGTATTCTGTTTCTGTTGTCAACAATTTTTGAAATAGAGTTTGGATTGTAGCACTCTTTATTAATCCTTTCATTCCAGTCGTGAAAAGGTAATGCGCTATCTTGAAGTTCAATTGCTTCAAGCCATGGATTTTCTCTTGGCGGTTGGTAAAAATGTCCGTGGATAGTCAAAAATATGTCGTTTTTCTTATTGCTCATCTCTTAACTCCAAAAATCAAATATCTTACTTTGTTTCGTCTTTTGGTTTTGTGCTGATAACTGTGAATTTATCAACATCCATCCAAGGATCTCCTAATGCTGTAGAAAAAACTCTTCCTTGAAATTCAACAATGTCGCCTGAATTTAGGTCAATGTGTTTTTCGGCTTCCGTTCTGTTTAAGAATATTTTTAATTCAGATAGCGGTACGTTGTGATCTATTACATCAGGTCTTTGGATTAGGAATGAAATATATTTTTCAGAACTTCTGAAAGCGGGTTTGTAATCCAATCCTAATGTCGCAAATTTATCGAATTTAGCTCGGATTTTTACGTTTTTGTTAAAGTAAAAATTAGGTCTTGCTACCAAGTCCAAAGGACTTATCGAAATATAAGTTTTAGTTGCGTTAGTATTTTGTGTTTGATGGGATTGAATAACGTTTGTGTTAATAGGAGTATAATTCATTGCCGGATTAGCAAAAACGCTTATCCCCGTAGCAATAGCTAATATTAAAATTAAACTTTTAATTTTTTTCATCAAGATGTCCTCTCTCAATTTCTTACAACAATATATTAACACAATTTTTAATTTTTGTAACTACCCAAATAAATAATAATATAAAAAATTCCTCACTGTCTGAATGCAGTATAGGCAATCCTTCCGCCCCCCTCTTTTTCAAGGAAGGATAGATTTACATGTCATTACGAGGAACGAGCGATATAGTAATCCCATTCATATAAAAATTTTATTCCCTTCCCTTTAATGAAAGAAGGGTTAGAGATAGGGGATATCCCGTAGGGGGATGTAAGTTAAAAATAGCACCCACCTTACTCCTCCCTCGTTAGGGAGGAAAATTTTTGCATGTCGTTACAGATGGCTACGTGCGTAAAACTCCACACCAATATATGAGGTATGAACAGATGTCGTTACAGATGGCTACGTGCGTAAACTCCACACCAATATATGAGGTATGAACAGATGTTGTTACAGTGGGCTACGTGCGTAAAACTTCACACCAATATATTAGGTATGAACAGATGTTGTTACAGATCACTACGTGCGTAGCACCCTACAAATACACATTTTTTAGATGTTCGATTTTTATTCCGGGTTTTAGGGTAATTCCGACTACATCTATTCTGAAATCTTTTACTTTATGTTCTGTCAGGTAATATTGAACACCTTGTTTAATATGTTCAAATTTTGTTTTTGTAATAGCTTCTGCAGGAGTGCCGAATGAATTGGTTTTACGTGTCTTTACTTCAACAAAGACAACCGTATTTTTATACTCTGCAATAATATCGATCTCACAAAACCTTGAATAATGCTTGTTACGCTCCAAAATTTTGTATCCATTTTTTTCTAAGTATCTGCAAGCTAAATCCTCGCCGGCATTACCGATTTTTTTGTTATTCATTATTGCTTAATACTTCCTCTTGCAAATTTTGTTATATCGTTAAGAATTTCTACATCTTTTATTTCGCAATTTTTTGTCCATCTTGAAGGGCAGATATCAATTCCGCCACGACGTGTATATAGCGCACAAACTAACAATTTATCCCCTTTATTCAAAATATCTGATAATCTTTTGAAAATCATTTCACAACATTCTTCGTGAAAATGATACTCTGAACGAAAAGAACTTAAATATTTTACCAGACTTT
CP017245.1_gap21	730290	733195	2905	ACAATTAACATCTTCTGCTCTTTGCAAAACTCCTAATAAATATTTTGGATTTCCACTAGCAGAAATCACAACCGCAATATCATTTTCTGTCAAAATTTCTGCATCTTTGTAGCCAAGTTCAAAATTATCTTCTGCGCCTTCAACTGCAGTTCTAAAGGCACTATCACCACCGGCAATTATACCTTGAACCATATCAGGCGAAACGCTAAAAGTTGGAGGGCATTCTGAAGCATCTAATATCCCGAGTCTACCTGATGTTCCAGCTCCAAAATAGAACAATCTTCCACCTTTCAAAAACTGTTTTGCAATAACATCAATTGCCTCTGCAATGTGATCAGTTTCTTCTTCTACCGCAAGTGCAACCAATTTATCTTCCTCGTTCATTTTTTGAACCATCTCAACAGTAGAAAGAATATCAATATCCTTCGTATTTTCGTTTCTGTACTCGGTAATTACTTCACTCATTTTTCCACTCCACAAAAGGGAAAACCCTTTATTATAATAACACTACACTAATTTTAGCAAATTTGCCATTTCTATAGCAGCTTTTGCAGCATCAGAACCTTTGTTTCCGGCTTTTGTACCTGCTCTTTCAATAGCTTGTTCGATATTATCAGTAGTTAGAACCCCAAATATCACAGGGACTTCTGTTTGCAGACTAACTTGCGCAACACCTTTAGAAACTTCTGCACAAACATAATCATAGTGAGAAGTAGAACCTTTAATTACTGCACCTAATGTAATAACTGCATTATATTTACCAGTTTTGGCAAATTTTAAGGCTGCAATAGGAATTTCAAAAGCACCCGGAACTCTGACAACATCAATATTATTTTCATCAACGCCATGTCGTCTAAGCTCATCAATAGCTCCTGACAAAAGTTTTGCCCCGATGAAATCATTAAATCTTGATAAAATTATACAAAATTTCTCATTACCTGCGACTAACTGCCCTTCAAAAGTTTTCATTTTTACTCTCCTTTGAGCATATTATACGATATACAGGCGTTTTTTTCAACTGTACGTAAAGATATATCACATGGAAATTATACGATAATTAACGGAGCAAAAATCTTGTAAAAGATGTAAATCGCAGCAATTACCAATAATCCACCACTAATTTTTAAAAGCCAGTCTGAAAACTTGTAAAAACCTTTCCAATTTTTCAAATGAGATGTTAAAAAACCTGCGAAAATTAAAATTAAACCCTGTCCTAAAGAGAACAAAAACAACATTATTATTGCATGCCAAATACTCGCAGAAAGTGATGCAAACGCCATTATACCTGCCAAAATCGGAGTAGAGCATGGAGTTCCGGCTAAAGCAAAAATACCTCCTAACAAAATCGGGTACAAATACATATTAGTCCCTTCGTTTTTCGGCATTTCCGTAATCATTACAGGAAGTTCAAAATCCAATACCCCCATCAGTTTTAAACCCATAACCATAATGATACCCGCAAGAAATATTCCAAAATATCCACCTGCAAACGAAATAAAAACCTTACCAGTAATAGCACAAATTATACCGATTATTGAAAACACAATTGCCGTTCCCAATACAAAAAACAATAATTGTACAAATGTTTTAAGCGGTTTTTCTTTGGAATAACCGCCAATATAACCAATAATTATTGGCAGCATTGCAAGTGAGCAAGGAGAAATTGATGCCACCAAACCACCTAAAAATGAAAGCGCAAACAATACTAACAAACTACCGTTTTGAGTAAAAAGACTGATATAATTTTCCATTTACTTTAGCTCCTGCAAATATTTATCCATTTGCTCTTTTGAGATAGCTCCCTCAATTCTTCTGACCTGTTGACCATTTGAATTTAGCAAAATAATTGTTGGAACTAGAGTGACATTATATTTTTTAATTTGTTCATCACTGAAAGAATTTCTATCTTGAACTTGAATTTCTGTCAAAATAATTTCGTTATTATATTTAGGAAAAATTTCTTTAAAAACTTTATTCATAGTTTGACAATCCAAACACATTGCCGATGTAAATTTTACAACTTGGGGTTTGCCATTTTCAGTTGTCTTTGCAGTTGTTGAATTTGATGCTGTCAAAGCCATATAAAGCATAATTGGAATTGCAAAAATTAAAGAAATAATAATAATATTCTTTTTCATGAAAAGCTCCTTTCTATGTAATTTTAGCATAAAATAAAAAGAAAATTTTTCTAACCCCAAATGGGGAATACTTTAGGATAAAAACACATAAATGAGCAACAATTACACATCTTCCGGCACATAAAAATCCGCTTTTGCTAATAATTCTCTTGTATGTTCATAACAACAAGAATTGTGACAAATTTCCTGATATTCCCTCACAATACTCAAAACGTCGTCAACCGACATTTTTATAATCCTTCTTTCACCTTCAATAATTCTAGCCATATTCTAAATTCCTTTCAAAATTATCTACGGAATAATCCGAGAATACTTTTGACAAATCCATTAACCTATTTAGAAAACTATTTTCAAATAATAAAAATTTATGAAATTTCATATAAAAAAAGCTCCTCTTTAATAGAGGAGCTTTTTTATGTTTTCTAACGCATTATTTTTCTTCGTTTTCGTTACCTAATTGAAAATCAGGTGCGCCAAACATACCTTCGATTTCTTCCAAAATCGCAGATGGTTTACGAGCTTGATTTCTTTGAGCAACTGCACGCTTTCTTTCTTCACGTTCTTTTTCTTCATTAGCATTAGATAGGTGATGGAAACCAGTACCAGCTGGAATTAAACGACCAATGATAACGTTTTCTTTCAAACCTCTCAATAAGTCTTTCTTTCCATCTACCGCAGCTTCTGTCAAGATTCTTGTTGTTTCTTGGAATGATGCTGCTGAAATGAAGCTTTCAGTATTCAAAGATGCTTTTGTAATACCTAACAAC
CP017245.1_gap22	734265	737373	3108	TGTAATTGTTGCACCATCCAAATTTCTAACTCTTGCACCATCTTTGTATTGCAATTGAGTAACAGGAACGATATCAATTAATTCATCTGATGTGTTGAATTTGATTGAAACATTTTTCTGTTGAACATCCAATACTTGAACCGGTCTTACAAGAATTTGAATTGGTTGGTTAGAAATACTATCTTCATCTAATGAAAGGTTAGTATCCAATTCTTCGTCCAAGTCATCAATATCAATGTCATCCATTGAAGAATCCATAATTGTAATGATAGAAGTTTCTTTAGCTTTAATTCCATCAGCAATTACTGTTCCTTTCTTAACAACTTCACCTTCATCAACTTTAAGTTCTGAAACGCTTGAAAGTGTATGAACTTCGCCAGGACGAATTGTAATTTCGTGAATAATATCGTTGTATTCTTTAAATTCAACAATACCATCAATGTGACAATATACGTCTTTTACAACTTCTGTACCGGCAGTAACGTGAGTTCCGTTTTCAACCATCTTCAATGAAGAATCTTTATTAATTTGGTGAATTTCTTCTGGAATAAATACTACAGAACCAGGTTTTGTAATAATTTGATTTTCGTCAACTTCAACATCAACGTATCTAATTTCACCAGAAGAAGCAACTGCACAATCATCGTCGATAAGTTCGGCAATAATCATACCGTTTTCAACGGTTGTATCAACTGGAGCTTTTACGATATATTTTTCACCAGTCTTGTCTACTGTCCATAATTGTTCTTTTTTAGTTTGTTCAAATGTCGCATTTTCAGGCATCAATGAAGCGATTACAATTGTTAATTCTTTACCTTGAACAATCTTCTTAATATTTTTACCTTCAAATTTAACATCTTCAATAACTAAATCTTCACCAAAACGAACTTCTCCGCCGTGTTCAGAAATAGTTAATGTTTCAGCAAGTTTTTCACCTTCTTTGATAGCTTGACCATCTTTTACTAGAACTTTTGAACCACCCGGAAGGTTATAAACATCACCACCAAGAACCCAAATAATACCTTGTTTATTTGTTGTTCTTGAAATGTTACCTTGTCTGTCTTTCTTTTCATCAGCTACAAAATCTTCGTACAATACTTCACCTGACAAGTCAGATGTAATATCTTTTGTAGCTTTTTCTGTTAAACGAGAACCAGAACCCTGAGCTGCAGGTTCAAATTGAGCCAATTTGAAACCTTTTTTAACTTTCATTCCATTTGTAAAGAATACTGTTGAACCAGCAGGAATGTGATATTTTTCAGTTCTTTTAGCACCTTTCAATTCGATATCTGTTTCGTAGTTAGAAATATTTACGATATCACCGTGACGAGTTCTCAATTCTCTTGTTTTAACGCTTGAAATAACTTCACCGTCTTGTTTTGCAATAACTTCTTTAATTGCATCTTTAACGCCAACCGCACCACCTGTGTGGAATGTTCTCATTGTTAACTGAGTACCAGGTTCACCAATTGATTGAGCTGCAATAATACCGATTGCTTCACCAATATCAACAAGTTTTTGAGTTGTCATTGCCCAACCATAACATTTTTGGCAAATACCATATTCAAGACCGCAAGTCAAACCAGAACGAACTTTCAATTCTTGAAGTTTCAAATGAGAAACTTTCTTAATATCATCTCTGTTCATTGTAGTTCCTGCAGAAACAAGAACTGTTCCGTCTGTATCTTTAATGTCTTCTGCAATTGTTCTACCTAACAATCTGTCAATTAATGGAACAATTACGTTATCACCATCTGTAATAGGTTTCATGTTAATTGATTTTGTAGTGTGGCAATCGTCAGCACGAATAATTACATCCTGTGCAACATCAACCAAACGTCTTGTCAAATAACCTGAATCGGCTGTTTTCAACGCTGTATCTACAAGCCCTTTTCTTGCACCATAAGAAGAAATGATGTACTCTGTAACGGATAAGCCTTCTTTAAAGTTAGATTTAATCGGCAAGTCGATGATTTGACCTTGTGCGTCAGCCATCAAACCTCTCATACCTACCAACTGAGATACCTGTGACAAGTTACCTCTGGCACCTGAGAACGCCATCATATATACTGGGTTCAATCTATCAAAGTTTTCAACTACCTGAGAAGTCAACTTCGCAGTTGTTTCGGACCAAGTATCGATAACCTTTGTATATCTTTCTACTTCGGTGATTTCACCTTTTAAATATCTGTTTGTTGATTTTTCAATTTCAGATTCAGCTTCTTGTAGCAACTCTTTTTTAATTGCCGGAACTTGTAAGTCTGCAATAGAAATAGTTGTTCCGGATTTTGTAGCATACCTGTAGCCGAGATTTTTAAGGCTGTTAGCCAATTCTGCGGTTTTTGCTCCGCCAAACTCAAGATACATTTGTGAAAGCAAATTGTTCAAACCTTTTTTGTCCATTTGCTTGTTAATGAAATCTACAGTTTTTTTAGCATGTGTGTATGTTGTTTCCATTATACTTATATCCTTTTTTAATAAATAATTGCATTTTTTCTTAATGTCTTAGGGCATTTCTGCCCTAAAGACTTATTTACGCCAAAGCATTTCTTACAGCTTCGTTGAAGATAATTCTTCCTGCTGTTGTTTCCAATCTTTCGCCGTGTTCATCTCTTACGATAATTTTGTCGTGAAGGTCAATTACACCTACTTCTAGAGCGGAAATAGCATCTTGGAAGTTGTAGAAATATCCTTTAGGTTCCATTTCAGGATTTTTCAAAATAGTCAAGTAATACATACCTAAGACCATATCCTGAGTAGGAGTGATAATTGGTTTACCCGTTGCAGGAGCTAAAATGTTGTTTGTAGCTAACATTAACATTCTTGCTTCTGTTTGAGCCTCAATTGATAATGGAACGTGAACTGCCATCTGGTCACCATCGAAGTCGGCGTTAAACGCTGTACATACTAGAGGGTGAAGTTGGATTGCACGACCTTCTACCAATTTCGGTTCAAATGCCTGAATACCTAATCTGTGAAGTGTCGGGGCACGGTTCAATAGAACTGGGTGTCCATCAATTACTTCTTCCAATATATCCCAAACTACTGCTTCGGAACGTTCAATCTTTTTCTTTGCAGATTTTATGTTTTGAACATATCCTCTTTCAA
CP017245.1_gap23	780281	781585	1304	TCTTCATTGTCTGCAAATAGTTTATTTACTGAGGCTTCTTGTTCCGGTGAGCCTTTTCTAACATCGAAACCAAGACTTCTTATGTATGTATCTGCATTTGTGGCTCCTATGCTATATACTTTTCCGTCTTTATAATATCGTGGGGAATTCGAATTAAAATTTCTAATTTTTTGAATTCTTCCTTTTTCGTCATAATCAAATTCTTTGTATCCAAAGAAATTATCCATCTTTGGAGTTTTGGATGGAGTTTTGGATGCAATTTTTAATGTTTTTGATCTTTTGTCATATTGAATATGTTGCTCATAGAAACCTCTTTGTTGTACTTCAGAGATAGTTCCTTCTGAATTTTCTCCATTATCACTATTATTAAGTAATGCGGAAAATATTTTTGATATATTTTCACTCCATTTAAAATTTTCAAAGAAGCCAAAAGCCCTAGTTTTTCCTAATTTTTCAAGTTCTTCTTTGCTAAAATCTTCACTATCAATTATTCCATTGTTATTTTTATCTCCAAAAACAGAGATAGGAGTATTGTTTTGTTGTTCTTTGTTTGTTTCTATTGCTTTTTTAGAAAATGTAAAACTCGGACTTTCATTATCAATTCTGACCATTGTACAATCTCTCCTAAAAATTTTATACACTTTTATAAAAACATGATAACAGAAAATATTGACACAATGCCACACGTAGCATAGCATAGCATAGCGGTATTATAACTGGGTTTAAGGCTTTTTAAGCCCACCTTTACATTTTTTCATATTTTTAATTGAACATAAAAAAGTACGAGAAAGAAAATTTCTCGCACTTTTAAATTATTGTATAAAAAGATTTATTTACGCTTCGTCTTCTCCGCTTTCAGCTTTTTCAGCATTGATAGTCAAAGCAATTCTTTTATCTGTTGGGTTGAATTTCAATATATAAGTATCAATCTTGTCACCAACTTGCAAAATGCAATCTTTTTGGTTTTGCAATTCTACAACTTCAGCGTGTGGTAACAACGCTTCAACACCAGGAAATACTTCTACAAATGCGCCAAAATGTTTAATTCTTGTAATTGTACCTTCAACCTTGTCGCCTTCTTTGATATTTTTTTCAGCCTCTAACCATGGATCCGGTTCAAGATTTTTCAAACTCAAAGAAACACGTTGCTTATCGTGATCAACCGCAATAACTTCAACATCAATTTTGTCGCCAACATTCAAAATATCTGTCGGATGATCAATCCATCTCCAAGACAATTGAGATAGCGGCAATAATCCATCAATTCCGCCTAAGTCAACGAATGCACCGAAATCTGTAATTCT
CP017245.1_gap24	820888	825445	4557	GCGGTATTTAGTTTTTTTAGGCTGTAACATTTTATTTTTACTCCTGTTATATTTTCGTTACTTATTTTTCTTCGGCATTTTCTGAAGAAATTCTACGTCTAGGTCTTCTTCCACCTTTTTCTTCTTTGCCACTTTTTGCTTTGATGTTTTGATCTGCTTTTTCGCCAGGCATTAAGTTGCCTTTGAAAATCCAAACTTTAACACCAATCTTACCCATAATAGTATCAGCTTCTGTGAAACCATAATCTACATCAGCTCTTAATGTTTGTAGAGGAATTCTTCCTTCTTTTGCCCATTCAGAACGAGCGATTTCAGCACCACCTAAACGTCCAGATACCATTACTTTAATACCTTGCGCACCTGCTCTCATTGTACGTTGCATAGCTTGTTTCATTGCACGTCTGAAAGCGATACGTTTTTCTAATTGTTGAGCAATTGCTTCTGCTACAAGTTGTGCATCTGCATCAATTCTTGCAACTTCAACAACATTGATGATAATAGGTTTTCCAAGATATTTTGAAACTTCTTTCTTCAAATCTTCGATACCTTGACCACCACGACCAACAACGATACCAGGCTTAGCTGTAACAACTGTAACAGTTGTGTTTTGAGCTTTTCTAGCAATTAAAATTTTAGAAACACCTGCTGTATAAAGTTTTTTCTTAATAAATTTTCTGATTTTTGCATCTTCTGCAACGAATGCGCCGTAATCTTTTACCTTAGCGAACCATGTGCTAACCCAAGGTTGAATTACGCCGATTCTAAATCCTGTTGGATGTGTTTTTTGTCCCATTTTATTTACCTTTTGTTATTACTACTACTTAGTGATATCACTTACTTTTAAAGTTAAGTGAGAAGTGCGTTTTAGTCTTGAATACATACGACCTTGCGCTCTTGTTCTTGCTCTTTTGTATGTAACGCTTTCATCTGCGAAAATTTCAGAAACTTTCAAAGATTCAGCTCCTACACCATATTTTTCTTGTGCATTTGCAACTGCAGCTTTCAAGTTCTTTTCAACTACTCTTGCTGCAAAATAAGGCATAAAACGTAACATATCTTGAGCTTCAACGACAGATTTACCTCTAACTTCGTTGATTACTCTACGAAGTTTTCTTGCTGTCATTTTTATATCAGTTTGTCTTGCTTTAGCTTCCATTTTTATTTTCCTTATATTAAAGTTTTACCTTTTTGGGTTTTACTATTTTCTTTTAGCAGTTTTATCAGAACCTGCGTGTCCTTTGAATAGTCTTGTTGGTGCAAATTCTCCAAGTTTGTGACCAATCATTTGTTCTGTTACATATACTGGAACGTGAGTTTTCCCATTGTGAACAGCGATTGTGTGGCCTAGCATATCAGGAATAATCATTGATGCTCTTGACCAAGTTTTAATAACTTTTTTCTCAGAGTTTGCATTCATTTTTGCTATTTTGTTTTGTAGAGCTTCTTCTACATAAGGGCCTTTTTTTAATGAACGTGCCATTCTATTACCTTTCTTAATTTTGTTTGGTAGTTTATATATAAAGTTCAAGGGTTGAAAAGTTGAATAGTTTTACCCTCAACCCTTTACACTTTGTAACTATTTTTTACGTCTTCTAACGATTAATTTGTCAGAAGCTTTACCTTGTTTTCTTGTCTTATAACCAAGAGCTGGTTTACCCCAAGGTGTTTTTGGATGTCCACCAGGACCAGTTTTACCTTCACCACCACCGTGAGGGTGATCGCAAGGGTTCATTGTAACACCACGTACTGTAGGTCTGATACCTAAGTAACGTTTTCTACCGGCTTTACCGATTGATAGGTTTTTAAATTCTGAATTACCTAATGTACCGATTGTAGCCATACATTCTTTTCTTACCATTCTCATTTCAGAAGAAGGAAGTTTGATTGTTACATAGTCGCCTTCTTTAGCCATAACTTGAGCAGCATTACCAGCTGATCTTACCATTTTGCCACCACGACCAGGAATTAATTCAATGTTGTGAACAATTGTACCTAAAGGAATTAATTCAAGAGGTAAAGCGTTACCTGTTTGAACCGGTGCTTCAGGACCAGAAACTATTACGTCACCAACATTCAATCCTTCAGGTGTCAAGATATATCTTTTTTCACCATCTGCATAGAATACTAATGAAATTCTTACGTTTCTGTTTGGATCGTATTCAATAGTTTTAACTGTTGCTGGTACTCCAAATTTTTCACGTTTGAAATCAATTATACGGTAAGTTCTTTTTACACCGCCACCTTTATGACGACATGTAATTCTACCAGTGTTATTTCTTCCTGCTGTTTTCTTCAATGATTTTAACAATGATTTTTCAGGAGTTGAAGTAGTGACTTCTTGGTAGTCACTTTTTGTCATCCCTCTTTGTCCTGGAGATGTTGGATTTATTTTTCTAATTGCCATTTTTATTTTTCTCCTTTGGCTTTTGTAATACTTTTGGGACTTATGCCAGACGCCCCTTCTAATAGGTGAATAAGTTAATAAGTGAATAAGGCAATAAGTTCGTTTCGTGCTTCGCACAATTAAACTTCTATATTCAATTTTCAACTCATCACATCATTTTGCTATTCACAAAATCCGCTTTCTTTGCCAAGCCTACGCACTCGGCTCGTTCGCGCTACGCACCAATCAATTCTTCGATTGGATCACCTTCGATAGTTACGATTGCCTTCTTAGAAGAATCTGTTCTACCGAATTTATATCCCATTCTCTTTTCGTGAGATGGCATATAAACTGTTCTTACTTTTTTAACTTTTCTACCAGGAAAAGCTAATTCTACTGCTTGAGCAATTTCAACTTTTGTTGCGTTTTGTACAACTTCAAAAGTATATTGACCCAAAGTTGTAGCACCTACTGATTTTTCAGTAATGATAGGTTTTTTGATTACATCATATAATTTTTCTGTATTTGATCTTGCCATTATTGTAACCTTTCTGTGATATCATTTACAGCAGATTCAGTCATTACAACAAAATCAGCTTCAAGTAAATCTTTTACATTTAAGTTTGAAGGTAAAATAATTTTTACGCTTGGGATGTTTCTTGCAGCTAATTCAAGATTTTTATTTTCATCAGCTTTAACATCTGCAACGATTAAAGTTTTACCTGAAACATTTAATGCTTTAAGTGCGCTTACCATCAATTTTGTTTTAGGTTCAGCAATTGTAGAGAAGTCTTTTACTACAACCAATTGTTCACTTCTAGCAGACAATGCAGATTTGATAGCCAATTGTCTTGCTTTTTGAGGCATGTTGAAAGCATAACTTCTTGGTTTTGGCCCAAAGATTACGCCACCGCCTGCGAACAATGGAGAACGTAAAGAACCAGCTCTAGCTCTACCAGTACCTTTTTGTTTCCATGGTTTTTTGCCGCCGCCAGAAACTTCAGCTCTTGTTTTACAAGAAGCAGAACCTTGACGAGCATTATTTAATTGTCTTCTTAATGCTAAGTGCATTACATGTAAATTAGGTTCAACGCCGAAAACTGCTTCGTTCAAAGCGATTTCGCCTAATTTTTCTCCATTTGTACTTAATATTTCTTTTGACATTTTTGTTTTTTCCTTTATTTATTATATCTTTCGTTTAAGACTGCTTACCGCTTGCTTATTTGCTTTATCTGGCAAGACCAGCCGGTTTTTGAGACTTTTCCGTGTCTTGAGATCTTTACCCCTCTCCCGTATCTCTAACATTCACTATCGTTCATTTAGAGTTACGACCTCTCCAAAATGGCGAGGTGAGAGATAGGACTAGTTCCACTTAGTTCTAGTTGGAACGATTGTTACCAATCTACCTTCGCATCCAGGAACAGAACCTTTTACTAATACTAAGCTGTTAGCTGCATCTACTTTAACTAATTTCAATTTAGTAATAGTAACTCTTTCATTACCCATGTTACCAGCCATTCTTTTGCCTTTAATAACACGAGAAGGAGTTGTACCTGCACCGATAGAACCAGGTTCTCTGTGGTTTTTAGAACCATGTCCCATAGGTCCTCTTGAGAAGTTCCATCTTTTTACTGTACCTTGAAAACCTTTACCAATTGATTTACCAGTTACATCAACTTTTTCTACGTTATCAAGAACTGACAATTCAATTTTGTCACCAACTTTGTAGTCAGCAGGATTGTCAACTCTAAATTCTTGTAGATGTCTGAAGTTTTCAAGATTGTTCTTTTTGAAGTGTCCAATTTCAGCTTTTGTCAAGTGTTTTTCTTTAGCAGCAATTGTACCTACTTGTATAGCGTTGTAACCATCAGTTTCAACTGTTTTTACTTGAGTAACAACAATCGGATCAACTTTGATTACAGTTACAGGAATTGCCAAACCTTGTTCGTCAAAGATTTGTGTCATTCCAAGTTTTTTACCTATTACACCTAGTGTCATTTTTTACCTTTCTAGCTCACCCTACTTGGTGCAGACACTTTCCTGCCCCTGTTTCGGGATTGCATTTTTCTCTTGCGAGCGCTACTTCTTTACCTTTTTTCGGGATTTACACCCGACACGTACCAAACGTGTGTAGTTCACATTACATGCATAATGCTTATTTAATTTTCAATAAA
CP017245.1_gap25	881717	883893	2176	CCGGTATCGCCTTCATCCATGCCTGTTTCTTTAGCAAAAACAGACATTCTCGTAGTAATTGAACCTATTTTATCAAACATTTCACTTAACAACCCCATTGCGTCATTAAGTCTTGTAGGAGGTTGCACGACAATTAATTTATTAATAGCTAAACTCTCTTGTGATGGAGGATAAACTTCCAACGATTTTGAACCGCCCATACCGTTAAATTCTACTGTAGCAACAGAACCTTTCGGTAAAGTTACACCTTTATCCGTTATAACAATTTTTACATAAACATCTTCTCGAACAACACGAATTTTTTCGATATATCCGACTTGAACCCCCATAAATTTTACAGGCGAGCCAACAACCAAACCATCAACATCAGGCATAAATATTTGATAAGTTACTAGTGATTTTTCCTTGTTATAATTATGTATCCTAATTCCGGTAACCGCAATACACAAAATAAAGAACCATATTGCAAATTCTATCAAAACATATTTATGTATTCCGCTGAAAATTTTCATATCACGATTATACAACAACTCATGATTTTTTGCTACTTGCCAAAATATTTTTTGTATTATACTATAAATATATAATGTAAAAGTGAGGTTTATTAACTTATGATGGATCAAATAATTAAAATTGCGTGGGACTTAAACGATAACACTGATAACAGATATAAATTGGTGTATGAAATTGCTGAATTAGCTAAAAAACTAGTAGACGAAAACCAAGCTAAAAAAGCTCACGACGATTTCAATTTTGAAGAAAATTTTGACACTACTTACAAAAAAGAAAATCCTGTTGAACATGCCATTATGGTAAAAGCAGCAGAAGCTGATGAAGATAGATTAGTAGGTTAAGATAAAATTTTTATGGCACAAGTGAATACTTGTGCCATTTTATGTAAAAAATCATATTATTATTTGAAAAATCACTAGAAAAAAGGGGTTAATTATGGAGAACAGTGTCGCATTTATTAATGGAAAAACAAATAACTTCAAACCAGAAATCGGAATTATTTTAGGTTCCGGTTTAGGAGAATTAGCTGATGAATATTGTGATATTGCAGTATCCTATAATGACATTCCAAATTTTATAAAATCCACTGTTCAAGGACATAAAGGAAGATTGGTTTTTGCAAAAATCAACAACAAAAATGTTGTTATGATGCAAGGAAGAAATCATTATTATGAAGGTCATTCTATGCAGGAAATAACTTATCCTGTAAAGATTATGAAGGCATTAGGAATTAAAACTCTAATCTTGACTAATGCAGCCGGAGCAGTAAACGAAAGCTACAAACCAGCAGATTTAATGTTGATTACAGACCATATTAACCACATGGGTTCAAACCCTCTTATTGGCCCAAATGACAACAATTTGGGCGAAAGATTTCCTGATATGACAGAAGTTTACAAGAAAAATTTGATTGAATTGGCTGAAAAATGTGCCGTTAAATTAGGAATAACCCTGCAAGAAGGTGTATATTGGGCAAATTCAGGCCCTAGTTATGAAACTCCTGCCGAAATCAAAATGATTAGAAAATTAGGTGGAGATGCAGTAGGAATGTCAACTGTTCCGGAAGCAATTGTCGCAAATTATTGCGGTTTAAATGTTTTGGGCATAAGTTGCATTACAAACGCCGCAAGTTCAGAAACAAGTGGAAAACTTTCTCACGAAGAAGTAATTGACTCAGCCAACAAAGCTAAAGTAAAATTTAAGTCACTAGTTCTTGAAGTGATTAAGAATATTTAATTATGAAATATTGTAAATTTTTTGTAATCATGGACTTGTCAAAATTTTATGTTCAGTAAAAAATACATGTCGGGAAGGACTAAAAATATGATAGTAGGAAGATTAACGTATGACACTGTTAAACAACGACATAAAGCACTAGGAGAGTTATCTCCAACTCGTGTTCCTCTATCTTCCGAGTTCATGTCAAAAAATTTAATAAACGAGAGACCTTTAAAAAGTAATCTAAATGATTTATCTTTTAAAGGTCTTTCTTTTAGTGGAGCAAATCAACCGACTAAACAACCGGCAAAAACCGCTAAAAAAGATGATAAAATCAAACCGCTACTTTATACAGTAGGCGCACTTTTAGCAACAGGATTAGCTCTAAGATTTGCTCCTCGCTACAAAGAAGCAGGCAAATATAGCATTAACGAGTTTTTGCAAT
CP017245.1_gap26	913155	915748	2593	TTGATAAACCACCTCTTATAATTGGTTTTTGTGCAGAAAGTGAAAACTTGTTAGAAAATGCAAAAGAAAAAATCAATAAGAAGGGTTGCGACTACCTTATTGCAAATGATATTTCAAGAAAAGATATCGGATTTTCAAGTGATTTTAATGAAGTTACTATATTAGATAAAAACGGCGGAATGAAAAAACTTGAAAGAGCAAGCAAAAAAACAATCGCAAAAGAAATATTTAATTATATTAAATTTTAATTTTCCTCTCTCTTTGTAAGATAGCGCAGTTCTTTGCGAATAGAATAAACATTAAAAATGCGGGAGAGGATTGCATTTGTAAGAGGTTCAAATAGTGAACAAATATGAAATAACAAAACGAATAGAGAAATTTGCACCACCTGAATTGGCAGAAAAATGGGATTGCTCAGGTTGGCTTGTAGAAACGACTAAAACAGATATTCAAAAAGTCATGCTTTGCCTAACTGTAACAGATAATATCATCCAACAAGCCTTAGAACAAAATTGTAATATGATTATTTCACATCATCCATTATTTAATGTTTCTATAAAATATAAAAACATTGACATCTACTGCGCCCACACCAACCTAGACAGAGCCAAAGGTGGAACGACGGATACGTTAATTAAAACTTTGGGATTATCGGATTTTTATATCAAAAATTTTGGAGGCGAATTTACTCGTTATATAGATTTTCAAACCTCAGTTCAAGACTTTATTACAAAGCTCAAAGTAATTTCACCACACTTGAGATATGTTAATAATAAAGGAATTACCAAACTTAAACGTATAGCTTTTTGTGCAGGAAGTGGAACAGAGTTTATACAAGAGGCATTTGAAAACGGTGCTGATGCTCTTGTTACAGGTGATTTAAAATTTCATACTGCACTTGATAGTCCTATTGTTGTTTTTGATATAGGACATTTTGAGAGTGAAATAATGATTTTAGATGTATTTGAAAAACTAATCAACAATTATGTAAAAGTTGTTAGAGCTAAAGAACATAGTCCTCTTATTTATCCTTTTTAGTTTGAAAAGGATAATCGCTTTTTATCTGCCAACCATCAAACATCATTACCGCTGCACAATATTGATTGTTTCCACCCTTTAACTGATTCATAAAAAACTCTCTGTTATATTTTTCTGGAGTATTTGCTTGGTATGTATAAGGTTGAAAGAAATATTGATCTTTTAATGGGCTATAAAATAAAAAACTAAACCTATTTACGCACTCAATTCTACTATCTACATCATCAATTAATTTTTTATCAGTATAATAATATAAATGAATTAACCCATTATGGTTGTCCTGAACGTGATTAGCATTATCATCAGACTTTGCACTCCCAGCCCAATTTGTCATATTAATAACCGAACCATCAGAAAGAATTACAAATAAAGTGCTATGTCCTGTTTCTTCATCTGTTTTGACAAACTCATCAATAACTTTTAAATACGGTTTCAAATAAGTATCAAACCAATTCTGCATTTCTTCACCATTCCAAGCAGTAGTAAAGCCTTGCCAATCTTCCATTGACCCATATTCTGCAATAGCTGAATTTGTCGCCTGCGACATTACAGTATAGAATTTTTTAACCTTATTAACCGTTACTTGTTTTCTATGGTTCATTATCATAGTAGGCAAAGTCATCGCCGCAACAATCCCAATTATCCCTAAAGTTATCAAAACTTCCGCAAGAGTAAATGCAGGTGTTTTTAGTGAAAAGTGAGAAGTGAAACGTGAAAAGACCTTATCATTTTTAAAATTCATACCAAACCTCTTAATAATTATAATAATATACTCTATATTTACTATAGTAAACATTACAGTTATTATAATCTCTTTGCTGAACATTGTCAATAATATAGAATTATTTTATGGAAAATAATTTCGGATATATTTTAGGTTCAAACATAAGAGCAGAGAGATTGCGCCGACACCTAACACAAGAACAGTTGGCAGAAAAACTAGACATGAGCATAAATTATGTCGGAAAGCTTGAACGAGGTGTGATAATTCCGAGTGCATTAGTTATTTTCAAGTTATCAAAAATTCTTCGAACAGATATGAACGAATTGTTCAAAGAAATCACATAAAATTATTGACAATTAATTTTTAGTATATATAATAGAAATGTACCCAGTAATGGGGTGTCGCCAAGTGGTAAGGCAGCGGTTTTTGGTACCGCCATTTCGGAGGTTCGAGTCCTTCCACCCCAGATTTTTAAAAGACTTATCAAATGATAAGTCTTTTTTAGTGTTATTTTTTACATACTTCTATTTAAGACACTTATTACAACATTTTTTACAATTTCCATTTCTTCCGGTTTTGCTCTCTGTAATAGTAAAGTTATTAGCATAAATAATATTCCATTATCTATAATTAGCTTTCCATTCTTATTTATTCAAAATAAACTAAAAAAACGAGGCTTCCTAAATTGAAAGCCTCGTTTTTATTATATTTAGCTTTAGTTGATTTTAACTTATGCTTTTGCTCCTGATTTTTCGATGATTTCTTTTTCAACGTTAGCAGGAACTTGTTCGTAGTTGTGGAATTCCATTGAGAATGTACCACGACCTTGAG
CP017245.1_gap27	917150	918192	1042	TTTAATATCTGTACCTAAGTCGTTTGTATAAATTTCAGCTCTCATTGTCATCAAGTCAATAAGACCGTTGAATTTATCTTCATTACCGATAGGCAATTGAATAGGAACTGCATTTGCGCCCAATCTTGTTTTGATTTGATCAACAACTCTGTAGAAGTCAGCACCTGTTCTATCCATTTTGTTTACGAATACCATACGAGGAACTTCGTATCTGTTAGCTTGTCTCCAAACTGTTTCAGATTGAGATTGAACACCACCTACTGCACAGAATACAGCAACAACACCATCTAATACACGCAAAGAACGTTCAACTTCAATTGTAAAGTCAACGTGACCCGGAGTATCAATAATGTTAATTTGGTGACCTTTCCAAGACGCTGTAACAGCAGCTGATTGAATTGTAATACCACGTTCTTTTTCTTGTTCCATAAAGTCAGTTACGGCTGCGCCATCATGGGTTTCACCAATTTTATGAGTTTTACCTGTGTAAAACAAAATACGTTCAGTTGTAGTGGTCTTACCAGCATCGATGTGAGCGGCAATACCAATGTTTCTGATTTTTTCCAATGGAGTTTTTCTAGCCATTTTTGTTTTTCCCTTTTTTATATTGTGTACATCGCTATTATATTTTGTAGCTTCACTAAAATTATCACATGAACATAGTTTTTTGTAAATAAAATATTAAGAAGACTATAAGACATTAAGTCGATAAGTCATAAAGTTCTTTACATCAAATTGCATTAATAAAATTTTGTACAGACTGTTTAACGAAATGCACTTAACGTCTTATCGCCATATCGACTTAAAGACTTGTTATTTTAATGTTTTTACAATATAATTAAAATCATGGACACAACAAGAATAGCTGAAATAGTAAAAGATACAAACTTACAACACATTGCAATAATTATGGATGGTAACCGCCGTTGGGCTAAAGAAAAGAATTTGCCTTCCGCAATGGGACACAAAAAAGGTGTAGACGCACTCAAAGCAACACTTCGTGCCTGCAAAGATTTTGGCATAAAATATTTGACTGTTTACG
CP017245.1_gap28	919627	920942	1315	AGGGACAAATTTCTCAAAGAACAAGGTTATAAAATTATTAGAGTTTATAATAACGAAATAAACAATAATATAGACAATGTATTAGAAGAAATAAGGTTAAATGTTCTCTAATCTCGCCCCTTGGGGAGAGAAAAAAATTTGTTAATGAGGCTGTCTTGATCATTTAATAGACAGGCGAATTTACAAATTTCAGAGAGGGGTTCAACTTCTTACCCAAATGTTTTGAATGAGCTTTCAACGTTTTTGTCAACTACATTTTTAACAGAATCATATTCTGTTTGTAGGGCTGAGTGTTCTGTATCAAGTTTTTTCAATTCCAAATCAAGTTTTTTATCTTGATTTTCTAAATCCGCCATATCTTGATTGTATTTTGATTCTGCACGAGCGATTGCACGTTCATCAGAAACTTCTTGGATACAATTGTCCTCTGAAATCGTTGTTGTTTTAAATGATTTTGAAGTTGTTGAATAGTATTCCAATCTCAATGAACCATCTCTCAATGCAGCTTCAAAAACTGTATTATCTTTTAACGGAGATTTTTGAACATTGCCGGCAGTACCTGTTCCTACAGATGCGTATTTGTAATGCTCAGGATCATCTTTTGCAGTAGCCGGTGTGTTTGTGTATGTAAAATATCCGCTTGATTGCATTTTTGAGAAGATATTTTTGTAGTAATTCAAATCAGCTTTATTACCAGCATCAAGTGCCAATTGGTAGCTGCTAGGGTCAAATGATTGGTTATTATTTTTTTGATCTGCAGTTAAACTTTCATCTGTTCTCATGAATGCCTCTGTTATCGCCATCGCATAATCATACAATTCACGAGATTCATCTGTTGTACCTTCATAATTAATTGGGTTATATTCGCCTGTTGGTTTTCCATCATCACCTAATACCGCCCAACTTGCATAACCACTACCAACTGATGAATAGCCTTTTGTTTTAGCTTCATCTGCAGTAATAACTTTACCGTCTTTGTCTAAATATTCTCCTTTGTCATTTGTATCTAATACATTATTCCATTTGAATCTATATGTACCATCATCATAAATACCTTTATGCTCATCATCACTACATTCAATTCCTACTGATGCAAAATATTTATCCCAAGCTTCATGGATTTTTTGAGCTGCATCTTGTTTATCAGTAGCCGATAAAGAAGCAACATTCTGAACTGTCATATCTGATTGCGAATAACCTAATTTAGCTAAGAATTGGTTATAATTTCCTGCTGATTGCTTATAAGCATTTGCAATATCTTCTGTAACCAAAATTCTGCCCTTAGTATCAGTAACAACATATTGTTTAGTATTCG
CP017245.1_gap29	995005	996457	1452	AACTAACTTTACATTCTATATTGTCATTATTATCTTTATATATTATTATTTCATTTTTATTCATAAACTATATTTTCCTACTTGATTTCAAATCCAATCGCTGAAAGATTTTTCTTGATTTCATTTTGCAGTTCATTTGATTTAGTGAACATTTCGGAAAGTTCAGATGTTAATCTTTTCATTTTATCCTCAAAAGGTTCGCCGTCATCTTCTTGTTCTTCAATTCCGACATAACGACCTGGAGTTAGGATATAATCTTGTTTTGCAATCTCTTCTGTTGATGTTACAGAACAAAATCCTTTTACATCTTCCAGTGTTCCTTCTTGGAATTTAGTAAAAGTATCAGAAAGTTTTTTAATATCTTCATCGGTAAAATCTCGGTGTTTTCTATCTACCATATAGCCCATTTTACGAGCATCAATAAACAAGGTTTTACCTTTTTGCTTTTTATTTTTTGAAATAAACCACAGAGTTACAGGAATTGTTACGCTATAAAATAATTGAGTAGGCAGTGCAACAATGCCCTCAACCAAATCGTCTTCGATAATTCTTTTTCTGATTTCACCTTCACCGCTTATTTGACTGGACAATGCACCATTAGCAAGCACCAAGCCAATCTTACCATTCGGTGCAAGGTGATGAATCATGTGTTGTATCCACGCAAAGTTGGCATTCCCCGCAGGTGGAACTCCATATTTCCAACGTACATCATCTTGAAGTTTATCTTGTCCCCAATTTGAAAGGTTAAATGGAGGATTTGCCATAATAAAATCTGCTTTTAAAGTCGGGTGCAAATCATTAAAAAATGTATCTGCATGAGATGGCCCAAAATCTGCATCAATACCACGAATTGCCATATTCATTTTTGCCATTTTCCAAGTATCAGCGTTTGATTCTTGACCATAAACCGAAATTCTATCACGATTTCCGCTATGTGCCTGCAAAAATTTTACAGATTGAACAAACATACCACCGGATCCGCAACAAGGGTCATAAACTCTACAATTTTCAAATGGTTTAAGGATTTCAACAAGAGTTTTTACAATACTTTGTGGCGTGTAAAATTCTCCGCCTTTTGTACCTTCATAGGCTGCAAATTGAGCAATACAGTATTCATAAGTTCTACCCAACAAATCCTTACTTTCTTCTGTATCGTCCATCTTGATATTATTTGTAAATAAATCAACAACTTCACCCAAAACTCTTTTATCCAAATCTGGTGAACCATAGTTTTTAGGCAAAACACCTTTTAAAGACTTATTTTCTCTTTCAATCGCAATCATGGCTTCATCAATAATTTTTCCGATTTCAGGAGTATGTGCGTTTTCTGAAATTTTTGTCCAACGAGCTTCTTCCGGCACAAAAAAGATATTCTCGGCAGTATATTCATCTTTATCGTTTTCAAAGCCGTCGCCTTCTGCTACAAGTTGTTGATACTTTTTATCAAAAACG
CP017245.1_gap30	1020033	1023782	3749	CCTGCCGAATGCAAGATTAAATTGAGGGCTACAAAGGTGTCCGCCAACCTCTAAGAATATCGCTAGAGATTGGGAGTAATCCCAATACCAGACAGATGATTGTTTAAAAACAGAACACGGCTTATGAGTTACTTTATTTTATAAGAATATCCTTCCGAAATGGAAGGATATTTTTTTAGTTACTTGAACAATATAAAAGGTTTCCTCCCTTGTGAGGGAGGAATAAGGTGGGTGCTACACCGTAAGGGAAATATTTTTTCTCAAAAAGTTTCCACTGTCTGTATAAGGCAATATAATATTTACAATTAATTTTACCCCTCTCTGAAATATCTTAGTAGCATTTGATAACGACTATGCCTCTTTGCATCTAGACATCTAAATATAGCCACAAAGAGTTACATGAATAGTACAAAGACGGAGATAAATCTCCGTCTTGTGTAATTTTGTATTTATTTTTTCTAAATCAAAATTTATTTTTTCTTAGCTTCTGCTGCTTCTTTTGCTTTTTTAGCTGCTTCGCCACTGTTCTTGATTGATTCTTGAACACCTTTTTGAATATTTGCAGGATCATAACTTGTGTTTATATATTCAATTTTTGCGCTTTTCTTCAAAGATTCTGTCAATTTGTCAATCAATTCGATTTGTTTTTGGTTTTCCAAATAAGCCTTAATACTTGGTTTTACTTTTTCAAACGGATCTTGACCTGCTGCAGATCTGTCTGTAACCATAATGATATGGTAACCAAATTGAGTTTTTACAGGCTTGTCAGAAATTGTATTCGGTTTCATTGAAAATGCTGCTTTTGAAAATTCCGGAACCATTTCTTTTGCTGCAAAGAAACCTAAATCTCCACCTTTGTTTGCAGTTGCAGTATCTTCAGAATTTTCTTTAGCTAATTTTGCAAACTGAGTTGGATTTTTCTTTGCTTCTGCCAAAATTTGATTTGCTTTAGCTTCTTTAGCTTGAACTTCTGCTGCTACTTTCGCTTTCACTGCAGTTTCATCAATATTTTTGTTATTTGGATCTGATTTAACAACTTCTTCAATTTCTTGTGGATTTACTGAAATCAAAATGTGAGAAGCTCTAACTTTGTCAGGATGTTTAAATTTAGAAATATTATCGTTATAGAATTTTTTAGCTTCAGCATCAGAAACATTTGATGAGCCTAATTCTTTAGCTAATTTTTTCATTTTAACTTCTTCTTTCAAATCTTTTTTGAATTGAGAATTTGAAATTCCGTTTTGTTTCAACAAAGCATCTAGTTGTTCTTTTGAACCAACTTTGTCAATGATTTCTTTTACAGCATCATCAACATCTTTGTTAGTAACTTCAATACCACGTTTTTGCATTTCTTGATTTAACAAAGCTTTTACTATTAATTCGTTTACAACTCTGTCCTTAATCAACATGTACAAAAAGCTATTTTTGTCATCTTTTACATCAATACCTAAAGCTTTTGCGATACCGTTGCCAGCTTGTTTATCAAATTCAGCATCAAATTGACCTTGAGTAATATTTTGGTTATTAACCTTAATAATAGCTTCACCTGATTTTAAACCGCAACCGGCAAACAATACTGCTGAAACTGCAAGTGTTGTCAGTAATTTTTTCCCTCTCATAATTTCTCCTTTATATTATGTCTTTTACGGATTTAGACAAATTCATTACGTGTCTTGTTTATATAATAAAACAAATCTGTCAAAATGTTAAATACTTCATTAAAATTCATGTATCTATTATTTAATAACAGTATCGACTGCCCCTCTGCACAAGATTTTGGAGCAATTGTAAATTTTATTCGTTTTAGAATTTCTGATGGCAATTTATGCTGAATTAATTTCCATTCAGCCTGACTATAAGGGGTATAAATCCTTATATTATCCTCAGTTTCACGAATTAAAGAAATTCTTACATCTGTCGCAGAAAGTCTTAATCTTATCAATTTTATTAAGTTTTCAACACTTTCAGGCGGTTTGGCAAATCTATCTTTCCATTCCTCAGTGATATAATCCAACTCAACATCAGATTTTACATCCGCTAACCGCTTATACTCAATCATTTTCTGTTCAGCTGATCCAACCCACTCATCAGGAATATAAGCCGTAACATTTATATCAACAATTGTAGGTTCTGATTTTTCAACCGCTTGACCTTGAAGTTCTTGAACCGTTTCTTCTAATAATTGACAATACGTGTCAAAACCGACATTTACCATATGACCATGCTGTTTTGTACCCAAAATGTTTCCGACACCACGAATTTCGACATCTCTCATTGCAATTTGATATCCGCTACCAAGTGTCGTAAATTCTTTTATTGCTTTCAATCTTTGAACCGCATCTTTTGTTATTTCTTTTGATTTTGTGTAGAAACAATAGCAGTATGCTTGTCTTTGCGAACGCCCAACACGCCCTCTTAATTGATACAATTGAGCAAGCCCGAATTTATCCGCATTATGAATAATCATCGTATTTGCATTTGGAATATCAATTCCGTTCTCAATAATTGTCGTCGCCAAAAGAATATCGTATTCATGGTTTGCAAAATCAATAATTATTTTTTCCAACTCCTTTTCGTTCATTTGACCATGACCAATTGCGATACGAGCATTCGGAACAAGTTTTTGAAGTTGTAGTTTAAATTCATCAATAGTTTCAACACGATTATACAAATAGAAAACCTGCCCCTCTCTATCAAGTTCATGCGTAATCGCATTTTTCACCATATTTTCATTCCACTCGCCGACATAAGTTTTAATTGGCAACCTATTTTTCGGTGGAGTGTTGATAATTGACATGTCTTTTATTCCGGATAGCGACATATAAAGAGTTCTTGGGATAGGGGTAGCCGACATTGTAATAATATCAATATTTTCACGCAATTGCTTTAATTTTTCCTTATGACGAACCCCAAACCTATGTTCCTCATCAATTACAACCAAACCCAAATCCTTAAATACAATTCCTTCTTGCAAAAGCCTATGAGTTCCGACAACAACGTCACACTCTCCAGTGGCAAGTCGTTTAATCGTTTCTTTCTGCTCTTTTGCACTGCGAAAACGTGACAAAAGTTCAACATGAACCCCAAAAGGCTTAAACCTGTCTGACATTGTTTGATAATGCTGGAACGCAAGAATTGTCGTCGGCACAACAACCGCAACCTGTTTACCTGATGTAATCGCTTTAAAAATCCCACGCATTGCAACTTCAGTTTTACCAAAACCAACATCGCCACAAATCAACCTATCCATAGGTTGTTCACTTTCCATATCAGCTTTTACATCATTTATAGCTTTCATTTGATCAGGAGTTTCCGTGTATTCAAAAGCTTCTTCCATCTCAACTTGCCAAGTCGTATCCGGCAAGAATTGAATACCGTGTTGCATTTTACGTTTTGCGTACAATCTCAACAAATCATAAGCAACTTGTTCGACCTCTTTTTTAACACGAGTTTTAGTGTTTTCCCAATCTTTTCCGCCCATTCGAGAAAGTTTTGGTTTGATAGAACCTGATCCACGATAACGGACAAGCAAATTTATTTGTTCAGCCGGAATATGTAACCTGTCTTTGTTTGCGTATTCAATAGTCAAATAATCCTTTAACTGACCGTCAATATCTTGTTGCGAAAGTCCTTTATAAATACCAACCCCGTGAATACTATGTACAACGTATTCACCCTCTTTTATATCGTTAATATTTTCGATATATTCAGGTTTTTCCTTGTAATAAGAACGTTTTTGGGAAGTAATT
CP017245.1_gap31	1033709	1036435	2726	AAACAGGTTAGAGATGATTTTTCTGCATACGTAAAAAACAACCCACAAAATCCAAATATTGAAGCCGCCAAACGAGAATTATTTATATGTGAAGGCAGTGACTGGTTCTGGTGGTATGGCGAACCAAACGATTCCGGACGTGACAACATATTTGACTACATATTCAGAGAACACCTGAAAAATATCTACTTGTATCTCGGCTTAGATGTACCTGAATACCTTGAAACGCCTTTATTATCTGCAATTGCCAAACCTTCAAGATACCCAAAAGAAGAATTTACTCCAATTATTGACGGCAAAGAACACGACGATGAAATTTGGTTAAATGCAGGTTGCATAAAAATTCCAGATGGTCCTGTTCTGAAAGAAAACAAATTCTACGACCAAATTTATTTTGGCTATGATAAAGACAACTTGTACTTGAGATTTTATATAAATGAATACCTGAAAGAAACTCCTGCGCTATTGAAACAGGTTAACCAAATGTATATATACATGCGTAATCAAGATAAAAAACAGGCTCTTTCTCCAATCAGAATTATCCAAAAAACAGAAAGTATTTTACCAATTTCTAAAGAAAAATTCCATAACGAATTGCAAATTTCAATATTTGGTGGCGAAATAAATCTCGTAAGGTTAGTAAAAGCAATCCCAAACAATTTGTGGGTAATCACAACATCAAAAGATATCAAGACTGCTTATGACAAAGTTGTAGATGTCGCAATCCCATTTGATACAATAGATATTTCAAGCGGAGATACTTTAGAATTTCTGTTTGTTAACGCAAATTACGGTGTAAAAGACTATTTTGTCCCAAATGAAATGCTTTTAACTATAACTCGTATGTAACAAATTTTTAATAATCACACAAAAAAGCTAAAGAAATATTTTTATTTGACGTTAAGAAAAATACAAAGGGAAATTATATATGGTTGATTTTAATGCAGACATACCTAACGGATTACCTAAATTGGACAAAGATTATTGGGCAAAACAAAACAACAACACCGATAATCAGCTCCAAAATCCACTCTTTGACATAAATACAAAATTTACGCTTGAAAACGATTTATCTAAGATTTCAGTTTTCAACGGAAATAAAAAATAAGTTTTAAATTCCTCTCTTTTCCTCAACACAACAATTAATAAAAAAAGAACCTAATTTTCAAAAGGTTCTTTTTTATTATGGAATTCCGATACCCAAATCCTCACCCCAATGGCGGGAGAGGGCGCAGTCATTCTCGAGGAAATTGAGTGTTACGAATGCGGGTGCGGGGGAAAATTCAAGTTCGACAAATTACGCAACTACACCTGAATTTAGTAATTATTTTCCAGTAGAGCCAAAACCGCCTTCTCCACGAGAAGTTTCTGAAAGCTCAACCGCAACTTTGATTTCAGCTTGTTCTACACGAGCAATAACCATTTGCGCAATTCTTTCATCAGGTTCAATTGTATATGCTTCATTAGAAACATTCACGATAGGAACACAAACTTCACCTCTATAATCCTCGTCAATTGTCCCAATACAATTTATTAAAGTAATTCCATGTTTAATAGACAAACCTGAACGAGGTCTAACTTGCGCTTCATAACCATGTTCAAGTTCAATTTTCAAACCTGTCGGAATTAATTTTCTTTCCAAAGGTTGCAAAGTAATAGGTTCAGAAATCGCTGCACACAAATCCATACCTGCAGCGCCCTCAGTTTTGTATTCAGGCAAAAATTTGTTGTGCGGTAATCTTTCAATCTTTAATATTGTCATTATATTTCCTTTCTTTTTTATTATTTTTAATGTTGGGCTGAAAGCCCAAACTGCTGTAACCGACTTTGCATCTTCGCCTCTTGGCATCTAGCTATATCTAACTAATTCGTTTCCTAGCTACTTAGCTACACCTATTTACGCATTTTTGATTTCATTTTCGACTTTTGCCAAAACTTCATCTAATTTTGACGCATCTTTAACTCCGCCTTGAGCAAAATTTGGACGTCCGCCACCGTTTGCACCAGTTGCACGAGCAATTTCTCCAACAATCTTACCGGCATTAATGCCTTTTTTAACAAAACTGTCAGAAACTTTTACGGCAACAGTTCTTGCTGATGCTAAAACTATTACACTTTCACCAAGTTTTTGAGCTGCAAATTCAATACCGGCTTTAATTGCATTACCATCAATGCTTTCAACTTTTGTAATAAATAATTTTCCGCCTGTTATATCCTGAGCTTTTGACAAGAATGTAGCAAATTTTGCTCTTGTCAAATCTTCTTTTGCTAAAGTCAATTCTTTTTGGAGTTCTTTATTTTCTTCCTGTAATTTTTCAACACGTTCCAAAACCTCGTCATAATGAGCTTTGAACATCAAAGACAATTTGTCCATTTCTTTTACTTTTGCGTTCATAAAATCAAATGCAGCCTTTGAAACAACAGCTTCAATACGTCTTGTACCAGCAGCAATTGCTCCTTCTGAAACGATTTTAAACAATCTCAAATCACGAGTGTTTCTTGCATGAGTACCTGCGCAAAATTCTTTTGAAACGCAATTAGTTTGATTTCCCATAGAAACAACTCTAACTATATCTTCATATTTTTCACCGAACAATGCAGTTGCACCGGTCAATTTAGCATGTTCAATATCCATTTCTTCAGTTGTAACAGGCAATGCTGCAGCAATCCACTCATTTACGATTTCTTCTGCTTTAAATATTTCATCAGGTTCCATTGCACGAGAG
CP017245.1_gap32	1128385	1131954	3569	TTGTAGTCATCAACACATCTTTAATATTTGGAACGCTTTCCACAACAACCAAGCCCGGGTTAAGCATTTCATAATCTTTTAGATTTTCTGCATTTTCAATCCTAACATTTGTATCATCAATTTGTGCCAAAACATCAGCAAGTTTTGATTCGTTTTTATCTGTATAAACAACTATATTTTTCATAAAGCTACCCTTCTAATAATATTAACTTAATCGAATATTAACATATTTTTCAAATTTTATCAAGTGCTACGCACGTAGACCTTTGTGACAACATTTTTCCATACATCATATTTTGGTAGGTGCTGATTAAATATTATTCAAAGCAAAACAAAAACCAATCCCCCTCAACACAAAGTACAGACAGGGTTACACGCATCACCTCAGCTCTGCGGATCTCTTTGTCTACCCGTTGGGGCAAGGGGAAAAAAGTAAATGTTGGTGAAATGAAAGAAAACAACTTCCTTGATACGGACTTTTCACTTCTCACTAAAACTACTTACTTTCCAACTCTCTTTTCAATTATCAAATTATATCCCAAAATATCACAAATCGCCTTCAAATCTTTAAAAGTCAAATACTCCCTTTTTAATTTCGCAGAAAAATTAGCAGGCTTAGTATTCTTCCCAAAATACTCATTCAACTTATCCGATAAATCCTTTTGTAATACATATTCTTTATTCAAAAGAAATTTAACTAATTGATAATCCGTCATGTCATTAATAATCATCCTTTAATTATAAATTACCTTGACATTAAGTGTAAAATTAATTATACTAGTCTATATATAAGTAGATTGATTTATTTATATATAATGCTATTTATCTTTTTATTGAGAGGTCTAATGAAAAATAAAGAAGTATATTTTAACAATATTGGTAATAAAAAATTGCGCAACAAGTGCGCAATGACATGTGTTGGAAACATGAACCAAAACAACTTTAACGATATGGTCTTTTCACGTTTCACTTCTCACTTTTCACTTAAAAAAACTGCTTTCACACTTGCCGAAGGTGCTACGCACGTAGCCCATTGGAACAATTCTCGTAAAATAGCCTTTACATTGGCAGAGGTATTAATCACTCTCGGCATAATCGGTGTTGTTGCGGCATTAACCATTCCAACACTTATGGCAAACCAAAGAAAAAAGTGGTTGAAACAAGATTGGCTAAGTTTTATTCTTCCATAAACCAAGCAATTGTCCGTTCAGAAGTCGATAATGGAGATAAAAAATATTGGTTTGATGATTTATCCGGTGCGCAAATGGATGACGAGGGTAAACCAATTGATGGAAGTTCAGAAACTCAAAAATGGTTCAATACATACCTTGCGCCATACATGCAAATTCTAAAACAAGAAATTGATTCAACAGGGCGTTTAATAGTCTATTTTCCTGACGGAAGTGCTATGAAACAAAATTTTGAAGACAGTTCAAGAGAATGGGTTTTCTATCCAGACAAACCTAAAAAATGTATTGAACAACATTCTGGCTACGGAAAATGCTCATTTTTATTTATGTATTACCCGGCAAAGGCAACTCACGGCAACGGATCAGAAAACAGTGATTTTAAATACCATATAGGAAAGGGGCTTGAACCATTCAAATGGAACTGGGATGGAGAAACATCAACATTATACGAAAATTGCCGTAACGGAGGTAAAGGAGTACAAGACCACGCCTTTTGTACTGCACTAATTCAACAAAATGGCTGGAAAATCCCAAAAGATTATCCGTTTAGATTTTAGTGGCTACGCACATAGCCCTAAATTGTCTTTACGAGCAAACTTTAATTTGCATCGTAATCTCATTATTTTTAATATGAATGGGATTACTACGTCGCTTCGCTCCTCGTAATGACAGTAAACAAGTCAATAGATTGCGCAACAAGTGCGCAATGACAAGTTATGGTCATGCTAAACTTGTTTCAGTATCTTGTGGTTTGAACCCCTCTCCTGCCTTTCAGGCACCCTCAGCACAAGGCAGACAGGGTCACACGCATCGCACAGCTCTGCGGTTCCCTTTGTCTCCCCAAGTGGCGAGGGGAAAGATTAGAAGTTTTGGAAGCATGAAAGAAAATATCTTTTCCAATATGGTCTACTCACTATTCACCATTCACTTATTCATAACGATAAGGTCTTTTCACGTTTCACTTTCCACTATTCACTTCTCACTAAAACAGCTATATAAAACCAAAAAGGTGAGAATTGTTTTCCCACCTTTTTCAATGTTTATTGAATACTATAATTAGTATCTTATAGGTTCGTTGTCATTACAACTTTGTTTGTATCTGTTTGTTCCAACTGCTGCACCTGTGAAAGCAGTATAAGGAGTTCTTGGTCTGCCGTTTTGGCTTGCAACTTTTCCATTACATTTCAATGTAATTTGTGCATCTTTCAAATATCTCAATTCAGGATATTTTTTCATGATTTCAGCATTTTCCAACAAGTCTGAGTAATCTGTGTACAACCTCATTGTTGAAGGCATTGTATTTAGTTTAAAGTTTGTTACGCCGTGTTTAATTTTTTCTGCGTGAATTAGTGCTTTCAAAACATTACCTTGAGGTTTTTTACCGTTAACTTCAACTTTTCCTAAGATTACTGTTGACCAGTTTTGACCTTTTTTAACTTTGTGGTCGCAATATTCAGATTCCCATTTATCTTCAGGACAAGGAATTTGAGCCGGTGGAGTTGGTTGAGCCGGTGTGTCAGCTGGTGCTTGTGGCGGAATTAAGTCGTGTTCCGGTGTTTCCGGTTTGTGAGCCGGTTCTTCAGGTTTGCCTGGTGCGTAAACTCGTTTTTCATTTACACCTTTGTCTGCTAAGAAACCTGCACCGCCAATACCTGCTGCTGCGCCTGATATTCCTCCAACTGCTGCTCCGTTAATTGATGCTGCGGCTGCTGCACTTGCGGCTGCATCAGCTGCTCCACTTGCGGCAGCTCCTGCACCTGCACCGGCAGTTGCTGATGAACTTGCTCCTGCTGCAGCTGCTGCTGATGAACCGATGTGAAATAAACTTCCAATTCCGATGCCTGCACCTGTAGTTGTTGCTACAAATGCGGTACGATATAGATTTGTATTATCTTTTTCGTAATCTAAGTTTGATGCTTTTGCAATATTTTTAATTACTTTTGCATTTACGCCTTCTTGTTGTGCTGCTGCACGTCTTTCTTTCAAACTCAAGTGATAGTTCAATGTTTCATCATCTTGAGTATTGATGTTTGCATATTCTACGGCTTTTTGTTTAAATTTGTCACTTGAGAAATTACCGTTTTCATCGTAGAAATAAGCTCTGTTATTTTCTACAAATTTACGAGTTTTTCTTCCGTGAATGTACTCATTATCAGCAAGTTGAGCGTTAGCTTTACGTTTTGCTTCTTTTCTTGTAAAACCTTGTTCTCTGTATGTATCGTATAGTTTTTCGTAATTTTGTTTACGTTCTTTTTCAGCTGCTTTGTAAGCTTTTTTATCTATAAATACTTGAGTACCTTTAACTTCTTCTTTATGTTGTTCATTTTCAACATAATTTTTAGCTAATTTTTTTGCATCTTTTTCAGAAACTTTTTTACC
CP017245.1_gap33	1176795	1179312	2517	AGGTTATATTGTTTTGTTGTTTGGGTCATCTTATCTTTGTCTAACCTTGAAGCAACAAGTGCATCATTAACCTCTTGAATAGCTGTCAAATTTGTTTTGTAATAATCTTGCAAAATTCTTTCATAAGTTGCTTTTTTCAATTTCAAGTTTGCAATTAATGAACCACCTTGAAATAACGGTGTAATCAAACCACCGCCAACACCTAAAAGCATATTTTTAGTAGTGAATAAACTTCCAATATCACCAGCATTGAATAATGCGCCACCTAAAATATTAATTGACGGTAAAAATTCTTTTTTGGCAACTTTTACATCAATACCTGCTTTTTCAACCATCAATTCAGCTTTCATATAATCTGGTCTTTGAGTAATAATTTCTGATGGAATTTCTGATGGAATTGCCAGTTGATAATTTATGCTATCCAAAGAATTTCTTTTAATTGAATTAGCATTTTCCGGACTTTCTCCAATCAAAACACACATTTGGTTAAGCATTTTTTCTCTATTCTTTTTCAATTCAATCAAATCTGTTTGACCTGCAACAAGAGCTTTGTTAGCTTTTACAGTATCAGCAGTAGAAGTTAAACCTTCTTTATTACGTATAAGCATTAAGTTATAAATTTCTTGTCTGATATTAACAATTTGTTCTTGAAGTGAAATCATTTTATCAAGGTTAATTATATTAAAATAAGTTGAACCTACTGCAGATGCAACAGAAATATATGCTGCACGTTCATCAAGTTTTGAACCTTCGTAAAGTTTTTTTACTGCTTTTGTTTTGTTGTGATTTTTCAAAAAGATGTCAGCTTCATATTGAACAATAATCGGCAAACCGAAGGCTGATGAAGTATTTGTCATGCCTGGAGCTTTAAATACTCCTGGTCCAAAACCGCCAACTGCACTAGGTAATTCGTTTGCAAATTGAAGTCTTACATTTTGGTAATATTCTTCAACATTGATTGTTGCCATTTTAAGGTCATAGTTATTTAAAACAGCTTTTTCAATATATCCGTTTAGTAAATCGTCATTAAAATTTCCCCACCAATTCATATTTACATAATTAAATTTATAATCATCCGATTGTTGAGTTTTTTTGTTTTTAGAAATCATGCTTTTAAATTGTTTTGGTGTAGTTGTATTTTTTCCACTTACCGCAACGGCAGGCATGATTGTCATGCTGAGCATGCTTGCGAGTAGTGCTGTTGTTATAATCTTTTTCATCTTTGTTCCTTTATTTATTTTTGTGAATAAGTGAATAAGTTCGTTTCGGGTGTTTCACACCAATGTATATTTTCGAGCGAAGCGAGTTATAAGAACTTATTGACCTATTCACTTATTGCCTTATTGACTTCTTTTGAAAATTTACTTGCATTTTTTATATCAATATGTTAGCATAATATTGTTGTAAATGCAACATATTTTTTTTACAACATAAATTGAAATAATAAAACAAATTACAAAAATAAAGGAAAACTCGTGACAGATAACGGAATAGGACATTATACAGATAGCATACATTATGAGCTTGAGCAAACTTCAAGACTTATGAATATGTTAACAAATCAGTTATTTAAAAAACTTGAATTAAGCATAACTTTTGATGAATACATTGCCCTTGATACTGTATCTATTAATGCAGGAATTTGTCAAAGAGATTTAGCAAAACTTATTCTTAAAGATAGAGCGAATACCGGTAGAATTTTAAATGAATTGGAACAAAAAGGATTTATTACAAGATTTATTGATACTAAAAACAACAGGCTGGTGAAGAAAATGGGAATTACAGAAACCGGTTTACAAGAGTTAAATAGTATTAATAACAAAATTAAAACATATCTTAGCGGAGTTACGAAAAGAATTCCTCCTGAGGATGTAGATAAAGTTCGTGATATTTTGAGGGCTTTTAGGTTAGAATTAGACAAAATAGTAGAAACTAATATATAGAAAAATAATGAGGTAGAAAATGGAAGAACAGAATAAGAATGTTGAAGAAACTCAACAAGAAGAAGTAAAAAAAGAACACAAACCATTCAAAAGATTTATCGTAATCGGTATTGGTGCAGTAATTGCAGCAGCGACAGCATATATTATTCATGATGCTTTGATTTATCAATCAACAGATGATGCCTACGTAGAAACAACTACTGTTCAAGTTGCACCACGTGTAAACGGTCAAATTATTGAATCTTATGTAACTGATAACCAAAAAGTTAAAGAAGGCGATTTAGTTGCTAAAATTGATCCTGCTGATTATGAAATCGCACTTGCTCAAGCTGAAGCAAAGTATGAAAAAACTTTATTAAACCAGAAGAATGCAAAAGCTAACTTTAAAGCTATGCAAACTAATATTAATGTAGCTAAAAAAGACTTAGACAGATATAAAAACTTATTTGCTCAAGGTGCAGTTTCAAAACAAACTCTTGATGCAGCACAAGCAAAATATGATACAGCGCAAGCAAACTTAACTCAATCAGAAGAAGCTTTGTTATCTCAAGGCGGAAACAAAGTTGCTGATGCT
CP017245.1_gap34	1367861	1371515	3654	TCATTAAAACTTTGTAAGAAATATCCAATATACGAATAGTGAAAAGTGAAATGTGAAACGTGAAAAATCGTTTCGTTTACTTCATTCAAAAAAGGAACAATCATGCTAATAAAATTAACACATGCACATATAATTGGAACAGTAATAGCGTACTTAATCGGAGTGTGCTTAGTTCCGCTTGTTATTAGTTTTTCTAAAAAAGAAGGTTTGGTTGATATGCCGAACGCTAGAAAAATTCACACAAAACCAATATCGAGAATTGGTGGTGTTGCAATTTGGACTAGTACAATGTTGACTTTTTTATGTCTTGTGTTTATGAGCTATTATCCATCAGGAAACTTATTGTCAGGTATTTTACTTGGAGGTTCATTGATGTTCTTGTTAGGACTTGTTGATGATATCTACAATCTGGATGCGAAATTCAAATTGTTCTTACAAGTGTCAATTGCTACTTTGGTTTACCTTTTGGGGGTAAAAATTAATAATGTTCCATTCATTGGTGATATCGGAATTTTTTCATACCCAATTACAATGCTATGGATTGTCGGAATTTCAAACGCTTTGAACTTTATTGATGGTGTTGATGGTTTAGCTGGTTCTGTAGTGACAGTAAATGCGGTAACTTTAGCGATTATTGCCGTTGCAATGACCCCACCTAATCCAATCAGTGCTTTAATTGGATTTATTTTAGCCGGTTCTATGCTTGCATTTTTGACATACAATTTCAATCCTGCAAAAATATTCATGGGCGATAGTGGAGCGTTATTTTCAGGGTTTTTGCTTGCAACAATATCTATTACAGGTGTTATGAAAGCTGCAACATTAGCAATTCTTTTACCTTTTATCGTTTTAGCCGTACCAATTATGGATATTACTTTTTCATCTTTAAGAAGAATTGCCAAAGGTAAGTCCCCGTTTGTAGCTGATGCCGAACATATTCATCATAAACTTTTGCACGCAGGTTTTTCACAAAAGAAAACTGTAATGATTTTAACATCAGTTGCAATTATTGCAGGGGCTATTGCTTCACTGTTTATGGGGTCTACTACTATCAAACATTACTTTATCTGCATTGTAGCAGTTGTTTTTGTAATGTTGTTACTAAACTTTATCAAAGTCTTGACAAAAAAATAATTATGGTGTATAATCCCAGTGGATTTAATTACTCAGTTTTGAGCGATGTCGTTTTCACGAGGGAAAGAGTTCAGAATATTTAAGTGTAAATCTACTGAATATCCGAATAGTTGAGTTTCTGAAAACTCAACAGTATTTCATGGATATTATTGTGTAAGTTAAGTAAGGGTTTGTTAGCTATGACAGTAAATGCAGTAGGAAAATCGGACAATTTGTACACTATTATTCAAACAACAGCTGCCGGCAGTGTTGCCGGATATGCTTCGAAGTACATTCTTCCTGTAACAAAGCAGGAAAACTCAATTTCGAAAAGTTCAATGTTGAACTATTGTCGTAAAATTACGAACAAGGCAAAAATTGCTGATTTAGAAGCTTTGGGTGACAAAAAAACTTTAGCCCAAGATGCTTTTATCAAAATGGCAAATTCTAAAGACAAAAGAGCATTTGCCTTCTCTGAAATTGGTAAGCAAGTAACCAAATTGGGTGGCGAAGACAGTGTCGCAGGTAAAGAATTAAGAGGAATTATAAGAGAAGTTAACTCTGTTTCAACAAATTTGACAAAACAATTTGCTAAAGCTTATCGCTTTATGCTAAAAGATATCAGACCGGCTGCTCCATTTGTATTTGCCGGAGCAGGAATTGGTTTCTTTGCAGGATTTGCGCATAATGTTTTTAAAGTAGACATTAACGCATAATTTTTATATTTTTTCACCAAAAATATAAAGTCGGATAATCTATCCGGCTATTTTTTTGTGCTACGCACGTAGCCCACTGTGACAATATTTGTTCCTACCTCATACGTTGGTGTAATGTTTTCGCACGTAGCCCACTGTGACAATATTTGTTCCTACCTCATACGTTGGCGTAATGTTTTCGCACATAGCCCACTGTGACAACATTTGTTCATACCTCATACGTTGGTGTAATGTTTTTGCACGTAGCCCTCTGTGACAACATTTGTTTCTCACTAAAGTTAAATCTTATCGCCCTATAGTCCTATCGCCATATCGCCTTTTTAAACACCTATATGCTATATTTATTTCTTCACCATTGATTTTGAACGCAGTTTTCTATGATATGTTATTGCAAACCTATGAGCTTCATCTCTTATTCTTTGGAATAAAAATAATGCACTTGAATTTCTTGGCAAAATTACTGGTTTTGACTGTTTTGGGAGAAATACTTCTTCGTGCTTTTTGGCTAAACTTACAACATCAATATTTTTTATTCCTAATTCTTCTATAATTTGCATAACACTTGACAATTGTCCCTTACCACCGTCAATTATAATCAAATCGGGTTTTTCCCATTTTGGCTCATCCAAACGTGAAAGTCGTCTTGTTAAAACTTCTTTCATTGACAAAAAGTCATCCGGTTTCCCTTCCGTAGATTTGACTTTGAATCTTCTGTATTCAGAACCTTTTTTTACTCCGTTTTCAAACACAACCATTGATGCAACGGTATTTGTTCCCTGAATATGTGAAATATCATAGCATTCCATTCTGTGCGGAAAATTTTGAAGTTGGAGTTTTTCTGCCAAATATGAACCGATTTCGTTAAAATCTTCATAAATTGATGCCATTTTTTTTATTTTAGCATTATCCAAAAGAACTTTTGCATTTTTATCCGCAAGCATTTGCAATTCCTTGCCTTGCGCAGATTTTCCATAACTTATTTTAACTTTCTTTTGTGCCAATATTTCTAACCATTCTTCATACAATGCTTTTTCGCCAACAGCTTCAAGTTCATTAGAAACAATTCTATCAGGGTAGCCGAGTTTTAGAGTGCTATAGTACTCTTTGAAAAATGTTGCAAAAAACTCTGTTCTGTCGTTTTCTTCAACATCGTAAACAAAATCTTTTTTGTCGATAAGTCTGCCTTCTCTAATCATCAAGATTATTATTGCAAAAATTCCGTCATCAGCCATTAGAGAAATTACATCTTCATTTAATTTTGTGTTTTCGTAAACTACTTTTTGCTTTTCAAGAGTTTTTGCAAGGTCGTTGTAGCTATCACGAAGTTTTGCAGCTTTTTCAAATTGAAGTGTTTCGGAATATTTTTCCATTTGTTCTTTTAATTGCTTCATTAATTCGGATTGTTTACCGGAAAGGAATAATTCAGCTTGTTTTACAAGGTTTGTGTATTCTTCTGAAGAAACTTTATTTTGGCATGGTGCCATACATCTCCCGATATGATAGTAAAGACAAGGTCTGTCTTTAAATTTTGGAGTTTTGCATTGTTTGAGTGGAAAGATTTTTTTCAGAAAATCTAACGTTGCGTGCATTGCTCTTATATCTGTATATGGTCCATAATATCTACCTTTGTCGGGGTTAAGATTTTTTTTGCGAACAATCGTAATTCTTGGAAACGCCTCATCTGTAATTAAAAAATACGGATATTTTTTGTCATCTTTTAATAAAACATTGTATTTTGGTTTGTATTTTTTGATTAAATGGCTTTCAAGAATTAGGGCTTCAACTTCGGTATTTGTAATAATATATTCCATCCGTTCAATTTGTG
CP017245.1_gap35	1387373	1392166	4793	GAAGGCTTTGGGCCGGAAGTTAAACGTCGTATAATGCTTGGAACTTACGCATTATCATCAGGATACTATGATGCTTATTACAAAAAAGCTCAACAAATGAGGGCATTAGTAACTCAAGATTTTGCAGAAGCGTTCAAGAAAGTTGATATCTTGATTTCACCAACTTGTCCAAATACAGCATTTGAACTTGGAGCAAAATCATCTGATCCGTTGCAAATGTATTTGACAGATATTGCAACAATTTCAGCAAACTTGGCAGGTATTCCGGGAATGAGTGTGCCTGCAGGATTTGATCGTGACGGTATGCCAATCGGCTTGCAAATCTTAGCTCCACAATTGCAAGAAAGCAGATTGTTCAATGCTGCTCACAAATTTGAAAGAGCCAATGATTACTATTTGCAATTGGCAAATATTTAATTATTATAATGATATAGTAATAATGGCTTAGTGCATAACTAAGTCATTATTTTTTTTTAGTTCCCATGTAAAATTTTTACGAGGAAATAAAAACATTTTTGCCAGTTCAATAAATATATTATAAATACGATTATAACAACAAGTTTTCCAATGACATTGTTTACGATGTTTTCTTCATCTAGTCCGGCGTAAGATATTGGAATTACTGTTTTGTCGAGTATTTTCACTAATCTTTTTAGCGTTTTTGCATATTGAATGTTTACGTTATATTTTGTGTTGTCATTTAGGTATATTATAAGATCTGTGTTAATAAATTTTTCAGGAGCTAGTGGTGAAAACGGTTTTTTATTATATTCTACAATGTCAATAAGTTTTATGTCCTCAAAATTTATTTTTATTGAATTGTTAAGTTTTAAAATTTCTCCGTCTAAGTCAAGTGAAAGCAAATTGTATTTTCCAAAATTCCACTTTTTAATAATTGTTTTGTTATATAAAATCCAAGAATTAAATAAAATAATTTCAATAATTCCAAATAATTTTGCAAGTGGAAAGAAGTTCAAAAAAGGTTGTAAAGATTGATGTAAAGTGATTATAAGACAGATGTTTGCAACTAATATTAGTTTAATATTAGGGTTATATATAATTGAATTTTTTAGTAAAAGTTTAAAATTTTTAATGCTCATTTCTGTATTATAACGATAAATTTATAAACTGGCAAAAACTTTATAATTCAATTCCTTCAAAGAATTTTTCCATTGGGATGTTTAGAATTTTTGCCATCTTAAATAATGCTATTGCAGTTGGAGAAGTCAAGCCTTGTTCTAATTTGCTAACATAGCTCAAACTCATATCTATCAATTCTGCAAATTGTTCTTGCGTAATGTTTTTGCGAATACGTTCGATTTTGATATTTCTTCCTAATTTATATTTTAATTCCTCAGCCATGTCAAAATTATATAATCTTGACAATGTTTTAATAAGTGAATATAATGATAATAGTATCAATATATTGATACTGAATAACAACATGTTGATAGGAGCTTATTAAATGAAATTTAAAGCATTTACAAATTGGTGTAAGGGGCTTACGCACGTAGCCAATTGTGACAATTCTCAAAGAGCCGGATTTACTTTAGCTGAAGTTCTAATTACTCTTGGTATTATTGGGGTTGTTGCTGCATTGACTATGCCATCTTTGATTGAAAACCATCGTAAAAAAGAAGTGGTGACAAAGTTGAAAGCTTTCAACTCTATTATGGGACAGGCTTTTCAGATGTCAAAAGAAGAAAACGGTGATTGGGATACATGGGATGGTAATCGTTTTGGAAATGGCGGAGAAGGTTACGATTGGACAAGTGGTGACGGAGAAAAACAATTAGAATGGTTACAAAAATACGTTTTACCATATATGAAAGTAACTGAAACTACTACAAAAGGAAAATATGCAATAGTTGGTTTGCCTAATGGTACTGGATTTTCAAACTATAATCAAATATACTTTTTCTGTTTAAAGTTCAAAGATTGTAAAGAAGTTACCGAAACTTGGAATAGCAGAGATAGATTTATATTTGAATTTAGTAATAGTAAAGGTTTTATAACTTACGGTGGAAATTATTCATCAAGAGAAGATATTATGAATGGTAACGGGTCTAATCATGCTTGCAATAAGACAAAAGGAAAAGGTCTATGCGCTAAGTTGATTGAATATGATGGATGGGAAATCAGAAAAGATTATCCATGGTAAGAAAGTGGTGGATTAATCCCTAACGGGACAGCCCCCATCCCTAGCCCTTCCCTTATGAGGGAAGGAACTTTTCATAGGATTTAAGTTATTTCTAACCTTCTGCAACAACGGTTGTAAGAAGATCGCCATAACTGTTCATAGAACCGTCTGTTTCTTCTACAACATAGTTATAGCCTTCTTTTCCGGCAATTGCTTTTTCTGCTTTTTCTAAAGCTTCATCATAATCTTTTGTTTCAGCTACCAATGTTTTTGAAAATTCTGATTTGTTTTTAATTGTGTAGATATGGTACATAGTTTTGCCTCCTCTTTACTATTCGTTTTTATTCATTTTTTCTTTTAATTCTAACACTTCGTATTTAAGTCTGTTAAGTTCGCATTTTATTGGGTCAGGTATTCTGTTGTGCATCAAAACTCCGTTTTTATCTCTGAATTTTTGATGAACAATTCTTCCAGGAACTCCGACTACTGTTGAATAATCCGGTACATCTTCAACGACAACTGAACCTGCACCTACCCTTACGTAATTGCCTAAATTTATGTTTCCAAGAACTTTTGCACCTGCTCCGACGATTACTCCATTCCCCAATGTTGGGTGGCGTTTACCATGTTCTTTGCCTGTTCCGCCAAGTGTTACTTGTTGATAAATCAACACATCATCCCCAATTTCTGTAGTTGCGCCGATTACAACACCTTCTCCGTGATCTATAAAAAATCTTCTACCTATTTTGGCAGCCGGATGGATTTCAATTCCTGTTATAATCCTTGTTATGTAAGAAATAATTCTAGGAATTAGCGGAATATGCCATTTGTATAATCTGTGTGCAAAGCGATAAGCAATAAGAGCGTGCAATCCCGGATAGCACAATATTACCTCTAAGAGGTTTTCTGCGGCTGGGTCTTTGTCGTAGATAACCTGAATATCTTCTTTGACTTTTGTTATGCCACGTTTTATGATTTTGAACATAATCTCTCCGAGTGAAATGTGAAATGTCCATATCGTTTACTTCGTTTGGAAATAGCTTTGGTGCGATAGCTCCTGTAATGGTCTTTTCACGTCTTACTTTTCACTTTTCACTTAAATTAATTTTGCGAATTTTCTTTTGCCTGCTTGTAATACTACACTGCCTTCAAAGTTAAATGTATAAGCCATATCGGTGATTTTTTCTCCATCAACTTTCACACCGCCACCTTGAATTAAACGTTTTGCTTCTCCTTTACTTGCAGTGAATTTTAGTTCTACAAGTACATCAAGAATACATTTTCCGTTCATTCCTGAAACCTCTTGAATATCATCAGGAATACCTTTGTTTGAAACAACATTGATAAACGCATCTTGACCACGTTTTGCACCGTCTTCTCCGTGATATTCTGCAGTGATTGTGTAAGCCAGTTTTAGTTTAATATCTCGAGGGTTTACAGAACCTTCAGCGATTTGTTTGTCAATTGTTTCAAGTTCTTCTTTTGTTGCATCTGTAAGCAAACTATAATATCTTGAAATCATGTTGTCAGGAATACTCATTAATTTCCCAAACATATCGTTTTCACTATCGGTAAGTGAGATACAGTGTTCAGGATATGTTTTTGACATTTTGACAACGCCGTCTGTTCCTTCAAGTAATGGTAAAAGCATTACTAATTGAGGGTATTTTTTACCGTAAGCGGCTTGAATATCTCTGCCTAGAAGAGTGTTAAATCTTTGATCTGTTCCACCTAATTCAATGTCAGAATCAATTGCTACAGAGTCATAAGCCTGCATAAGCGGGTAGAAAAATTCGTGAATAGCAATTGGTCTGCCATCTGCGTAACGTTTTGCGAAATCATCCCTTGTCATCATTTGTGCAACTGTTACGTTTGAAGCAAGTTTCAATAAATCAATAAAACTCATAGAATGTAACCAATCGGCATTATTTACAACTTCTGCTTTTGTAACGTCTAAAACTTTTGACATTTGATCAAAGTATGATTGAGCATTTTGGGCAACTTGTTCTTTTGTAAGAGCAGGTCTTGTTTCTGATTTGCCTGATGGGTCGCCAACCATAGCTGTTGCGCCACCTACGATTAAAACAATTTTATGTCCCAAATTTTGAAATTCTCTAAGTTTTCTCATAACAACTGTGTGTCCCAAGTGTAAATCAGGTCTTGTCGGATCCATACCTAATTTTACTCTTAGAGGAGTATTTGTGTCGTGTGCATGTTGAAGTTTTACTGCAAGTTCTTCAATTCCGCCCGGCAGAACTTCTGCGTTACGAGTTAAGTGTTTCGCTTGTTCTATAAATTCACTTCTTATTTCCATTTCAATTCTCCATATTTGATATTTTTCAATAAATTTATTATAACATGCGCAAAAAATTTTTTTTACGGGTTTTAAAAATGCTATGGATAAAATTAATAATATAAGTTTTACAGGAATTAAAAATGTTGCAGGATGTCAGTTTCAAAGGAACAAGCAATCTTTTTCTACTGCATTGTCAATGTGTTTGACCGATGATGTTAATGGAAAAGACCTTTCAGAATTTCATTCAATGGTTAAAAAAGTTGCAACAAAACCAAACCAGTTCGAGCATTATAACGGTTCAGATGTTGTCAATATTGAACACTATGCGCAAAATGATGGCACTGCATTGTTTTTGAA
CP017245.1_gap36	1413037	1417776	4739	ATAACAAAGTGTGTTAAAAGGAGGTTTTTCATGATAAATTCTGTATCTGGCGTAAATTTTAGAGGCGATGTCGCTCCGGCTCAAAATTCACAAGATTTAATTAATGCTCCAGGACAATTTGCAACTCCGGTTGCTGATGTTCCGGCAGATTCGTTTGAAAAAGAAGGTGCAGAAAAGAAAAAAAGTAAAGCTCCTGCTATTATTGGAACAATTGTCGGCTTAGCAGCTTTAGCTTATGCAGGCTTAGGTTTGGCAGTTGGTAAAGGTAAATTAAACAAAGTTGTTGCTCAAGAAGGTAAAGAATTGAAATTGACAGACAAAGCTATAAACGTGTTGCACGACATTGGTGAAAATGCTAAAGGTGTTTGGGATTCAATTGCTTCAAAATTTGGTAAAAAAGGAGCTGCAGCAGAAACAAAAGCCGCAGATGGTGCAGAAAAAGCTGCTGAAGGCGCAGAAAAAGCTGCTCCAGAAGCATAGAAAATTTTATATAAAAACAAAAAAGTCCGCTTCTGGCGGGCTTTTTTATTGCAAATGTTTTAAAGTTTAATTTAAAAATTCTGCTAAAATAACATTACTAATTAAAATTCCACTGTCAGTTAGCGCAAAACCTACATTAGTTTCTTTTAGATACTTATAAGATAGGTACTTATCTATTGTTGTAGTGTACTTTTTACGGAAATCTATATTAAATTTCTTATTTATGTTTTCAACATTTATTCCGCTCATTTTCCTAAATCCGAGAAAGATTTCTTCCTCTAATTGCTCTTGTTTAGAGAGTTTGTGGCTTGATTTATGAATTGTCGGATTATTTATGTATTCACCTAATGTTGTTGGGTTAAAATATCTTGCTCCGTTTTCATATCCGTGAGCAGATACACCAAAGCCATAATAAGTATTGTTATCCCAGTAATTCAGGTTATGTCTGGATTGAAAACTATCTTTTGCAAAATTACTTATTTCATAATGCAAAAAGTCATTATTGGTCATAGTTTTAATGGCTTTTATATACATATCGGCCTGAGTATCTTCGTCAGGAAGATTTAGTGGTGGATTTTTGTAAAAATAACAATTTTCATCAATTTTTAATCCATATAATGAAATATGCTGAATATTTAGAGAAATTGCGGTTTTCAAATCATTTTCAAAACCGTCAATTGTTTGTTGTGGAAGTCCATAAATAAAATCAAGACTTATGTTTTCAAAATCTGTATTTTGAGCTAATTTAACTACATTTTTAACATCATTTGATGAATGTCGTCTGCCAATAAGTTTTAAAATTTTATCATCAAAAGTTTGACAACCAAAACTCAAGCGGTTTATTCCACATTTTTTCAAACCTTTTAAATATTCGGATGTAATAGTTTCTGGGTTAAGTTCAGATGTAATTTCTGTACTTTTATTTATATTGAAAAGGTTTATAATTTTTGAAAACTCATCTATTGTCAATATAGATGGAGTTCCACCTCCAAAATATAATGTATTTAACAATTCTCCATTATATTTCGTTTGGATTTCTTTAATGAGTGCATTAATGTATTGTTCTTTTAATTCAATTTTCGGATATGAAATGAATGAACAATATTTACATTTTGATTTGCAAAATGGTATGTGAATATAAACATTTTTTACCATAAAAGGATTGTATAACAAGTAAGGTTGATAAGTAAACAGTTTTATGGAGGAAAAGTCGATAAGACTATAAGGCGATGGGGCGATAGGTTCATTAATATAATTTTTTGCTTTTTTCAAAATATCCATTAAATGATTGATGTGAAGTAAGTAGAATTATTCTATTGTATTTGTGGGGAAAGCTCATCATTATTATACAGACTAAGGGATAAGTATGGTAAACCAAGTTATAAATTCAATAGATTATAAAGAGTTGTACGCACAGTACAACTGGTTTGCGAACAATTATCCGCAAGTTGTTCAAGCATCAAGTGATGAATTTTTCCTTAAAGGTTTACAATTTATTTTGATAGGGATTAGTAAAAATATAAATACATTGATGGATAAAGAAGCTTATTTTGTTACGAAAGTTCGTATTGATAAACTTCATGATATGTTTTTTAGAACGTCTGAAAAGGCAGTTGGAATTATTCTTGATAGAGCTTTAGGTAAACCAAATTCCCGTTTTAATTTGAACAAATTAACTGATTTAGAGGCAAAAATTATTACATCATTTAATGATTATATGTTTAATTCTATGGTAAAATTTTTGTCACCAGCCCCACCAGAATTGAAACGTTCAAATTTTGATGTTGTTCATTTAACTTTTTTAGTAAAAGATATTACGACAAATGAAGTTGCAAAGTTTATTATAACTTTGCCTGATGAGCTTTTGAAACCTGATGTTGTAACATCCCAAAAAGATAAGTTTGACTATGGAGATTTTTCGACAAGTATTATTGATGTTGCAATAAAAGTTGGTTCAACAAGGTTTAAACTTATCGATATAAAAAATATTGATGTTGATGATATTGTTGTTTTTGATAACAGTAATACAAAACGTATGGTTTTGAAATTTAAGGATTATGAAAAAGATATTAACTTAAACCCGAATTTGGGTTTGGTAATTCCTGTTGATAACGATGGAGGAAGTGAAGAAATGACAGATAATACAAATCTTTGGGACAGTATTGAAGTTGAGATGGATGCTCAATTTGATACCGTAAAAATTACCCTTGGAGAATTGAAAAATATTGAGGAAGGTCTTGTTGTTGACTTGACTTCTATTTACGACAATAAAGTTACTTTAAGCGTGGAAAACAAACCGATTGCTCGAGGTGAACTTGTTATTGTAAACGACAGATATGGAGTAAAAATTGATGAAGTTATTGCAAAAACTCCTAAAAAAGATTCTCCTGCAGAAGATGCTTTGCCTGTAGCAGGTCAAGAAACACAAGATGATTTTTCTGATGAAAATATGGATATAGATGAAACTCAAATTCCACAAGAAAATGCAGAAGGTGGAGAAAATTCTGACGAGGATGAATTTGATTATAGCGATTTTGAGCTGGAAGATGAGGATATATAAGGCAATAAAGCTTTAATATTATAAGTAAGTTGGGCTTTTCAAACCAACAATAAGAGGAGGAACACAAATGGGATATATGATAAATTTTATAGTTTATACCGCAGCAATGATAGGAATAATTTTTCTGGCTGTCTTTGTTTATAAAAAATTCTCTTTTACAACCGGTTCAAAGTCAAAGTTTTTGAATGTAGAAGATTGTATCAGTGTTGGTCCTCGTAAAGAAATTTTTGTTGTAAGAGCAGGTAACGAAAGGTTTTTGGTTGCTTCTGATGTTGGAAGAACAAGTTTGATTTCAAAGTTAGAAGGCAATTCTTCATGCATTCCGGAAGTTCAAAATTTAGCAGAAAGTCAAGGAAATGAAAAAACAATTTTGCGTTCAAAAACACAACAAACAAATTCAAGCATTGATGACTTGCCGGAAATAGTTACTTTCCCTAAAAGGGAGCTAAAACGTCAACCTAAAAAAGTTTTTAAAAACATAATCAATAATATATAGAGGAATAAAATGGAAACAATTATAAAAGATATGAACCCAGTATTGCAAATGTTGATATTAATGACTGTATTTTCATTAATACCATTGATTTTTTGCTGTATGACAAGTTTTTTGAGATTTGTTATCGTATTTTCAATGCTGAAAACTGCAATGGGTACTCAACAAGTTCCGCCATCAATCGTAATTATCGGTTTGGCAATGATTTTGACATTCTACACAATGGGGGGAACTTTCCAAAAAATGTATGATATGGGATCAGTTCCTTACCAGAAAAATCAGAATATTGTCGAGGCAATAAATGAGGGGTCAAAACCGTTAAAAGAATTTATGATGAAACAGACAAGAGAAAGTGATTTAGCATTCTTTGTTGAAGCATCAAAAGGTGCGCCACCAAAATCTCCTGATGAAATAACAGTTTGGCAAGTAGCTCCGGCTTTCATTATCAGTGAATTAAAAACATCTTTTGAAATCGGATTTATTATATTTGTACCATTTATTGTACTAGACCTTGTTGTCGCAAACATTTTATTGGCTCTAGGTATGTTTATGTTGTCACCGACAATTATTTCTCTTCCGTTTAAACTGCTGATATTTATTGCGGTAGATGGTTGGGCGTTGATAGTTCAAGGACTGGTGACAAGTTATAACTAGAAGATAAGATGCCTGGATGTAAAGAGGCAAAGTCTGTTCAGGATAGTTAGGCACGAAGAAACAAAGTAGGGCGGTTCCCCCGCCATCAATAAAAGCAAAAAGAGGACAAACACATGGAAGTTTTAGTTGAATATTTAGCAAAAGGCTTTTTGATAATGCTCGCAATATCTATGCCGTGCGTACTTGTTGCTGCAGGTATCGGGCTTGTTGTTGGTATTTTGCAAGCGGTTACTCAGGTTCAGGAACAGACAATTGCAGCTGCTCCAAAGATTTTGGGTGTTTTCCTTGTTATTGTTATTGGTGGAATTGGGTTTATCAATATGTTGAAGGGCTTTGTTATGGACGGAATGTCTATGGCATTTAATCTTGTTTCCAAAAATGATTCTTACGTTTTGCCGGCAGACTATTATAAATATACTTCCCCATTTGAAAGAGAGATGAGTGATAAGTTTAAAAACCAGTCTGATATTGATTATATTATGAAACATCCTGGTAAAGTTCCATTTATTGATCAGCAACAAAAGACAAAGTATTTTGCAAGTCCGCAAACTC
CP017245.1_gap37	1440188	1441123	935	GCCTTGTGCAGATGTTATTATGTTGCAGCCAAAATCTACAGAACTTTTGTGTGGAACGATTTCGTAATGATATTTGCCGTCAGAGCATTCAATTACTCGAAACTCGGTTCTATCAATGATTTTGCTTAAATTTCTTCTTAATACGGGATTTGATAACAAACTGTCATTAAGAAGTGGATCTTCAACAGTGTTACGATCGCTTACAATATAAGAAATTGATTTCCCGTTATTCGGATCAAAGTAACCTGTGTTTATTGTAAATTCAGATTTTGCACGTTGGTGCGCTTCTTTATTTGTGATTAAACTGTCAGAACTGATGAATTTTATATGTTTTTTTATCTTTTCGCCTTTTAAGACGATATGATAAATCCCATCATTATAGTTAATATCTATCGGATATGCGTTTGCACAACCAATTGTAAACATCATTGTAAATAGTATAAATAACAGTTTTTTCATATTATAAATCCTTAGATTTGTAGAATGCTATGATTGCACAAAGAAATGCAAATGGTGGGAAAATTGCGGTTATGAACGGATGTAAAACACCTTTTTCTGCCAATAAGTCAAAGAATGGCAATGTTATATAATACAAGAATATACTGCCGATTGCAATTGTAAATCCGACCAATCTTTGTTCTCTAGGTTTGCTAAATCCTAGCAATGCGCCCATAATAGCCAACAACACGCATACAAATGGATGGAAAAATCTTTGTAGGTACTTGTTCAGCATATATCTGTATTCTTCGTCTAAACCTTCTTTTTTCAAAAGTTTTATGTAATTGTGCAAATCTCTGTTGTTGATTTCACGTTCTTTTTTTACGGAATATGTCATTAATGTGAAAGCATTTTGAGCAGCTTCGCCTTGTAAAATATCCATTGTCTTGAATTTGTTTATGTCGATGAAAATTCCGTCATTAGAAATTTGGTATTGT
CP017245.1_gap38	1510614	1511268	654	TTTATTTGGTTCGTCAAAATGCCTGAATAGAATTTCTGAGCCGTTTTTAAAAGTTAATTTTTGGAGAGATGATGACCAATCGTAGTCTTTGCCTTCCGTAAATCCAAAATTGTCAAGATGTTCAAAATATGTTTGTAAAGTAGTGTCTCGTACAAGGGTGTAGGTTTGCGCTCCAACAAGACCTCTTATTCCTGGAAATTTTAAAGCCAATAAAATCCCTAATAAAGACCCTGCAAAAGTTTTGCCCGAACCGTAACCCCCTTGATAAACAGCGACATCTAATGAGTAATCATGCGGGATTTCTAAAAACTCCCGTTGTGCTTTTAATAATTTATACAACAATTCCCCCTTTATTCAAAACTGTTATTTCTTAATTATATTTTTTTATATTTTAGAGTTTCATAAAAATCGTGTTGTTATAATTTCTCCTTTTATGTATTATTGGTGTATGAGAATATATAAATATCTTTTTTCAAATCTGTCTGCATTATGTTTTTATTTTTTAGTTTTTTTAACTATTCATGTATTTGTTCTTCAAAATTTGCATATAAAATTATATACAAATGTATATATTACTTTAGCGCAGTATAGTGCTATATATTTGTTATTAACTATATTGGCTTTTATTTTTTTAATTCTTTTTGTTATTGAAAT
CP017245.1_gap39	1513596	1515249	1653	AATATTCAGCTTTCTCAAATTTTATGTACGCATCATCTGTTGTGAAGGCGTTGAGTTCTCCTTTTAACATTTTGGATCTGACATTAGTTTGCAATCCTATTAGTGCATCTGCTTGAATTCCGTTTATAAATGTTTCGCATCCCGTTTTTCTGTTGAAAAATTTGTATATAGAATATTTCGAAAATATTTTGTCTTTAGGCAAATCTTTTATATTGGTGTAAGTTTTGGGGATAGGTTTTTCTTTTGATTTTTTTAAATCGTTCATAAATTCTTTTTCAATCTTCATTTTTATAAGATCTTCTAAAGAAGCATTGCTCAAGAGTAATGCTTCTGCGTCACTGTTTTTCATTCGTTTTTCTCCTTATTAATAATTAGATTTTTTTATCGTCAAGATTTGAAATTGTTATTATTTTGGCTTGTTTGTATTCTTCGTCTTCTTGTTTAGAGTTAAATCCAAGATATTTGCATAAATTTTCAAGGGCTTTTAAACCGGCAGATGTATCACGAAGTTTCTTTTTGCCGGTGTAATCACCTTCTTTATCCAAAATATCTTCCTCTTCAAGTGAAAATTCTGCGATTTGGAGTAATTTTTGTATTACATAACCTTTATTTACTCTTAATGATGAAATTTGTTGTTTTAGTTGTGTTTTAATTTCTCTTATAATGGTTTCATCAGACAAAAGTTCTGTTGCGGTGGTTGTTAAATTCTTTGATTTGTAACCGGCGCATTTCGCAGAACGCTCTCCATCGAGAGTTTTGATGTATTCAGATACAAATATTTTTTGTTGTTTAGTTAATCGTTTCATAAGTTTATAGGTTTTAAATTATGTACATTTCGTTACATTTGCAGGTATTATTTGAAATTTTTCGAAAAAAATTGTATAATAGTCATGCTATTTATATTTCGGCTAGTGTAAATCTTAACAGGAGGGGAAAATGAATTTTAAACTTCCTGTTTTTTTTATGCGCAAAAATGATTTTACTTTTTGGGAGAAACTCTTTATCTACGGGATATTTTAATAGTTGGATGTTCCTCAATTGTTTTAGAAACTTTTGATTTTAAGTTCGCAAAAGCATCTTTGTACATGCTTAGCCAATAGCTAAATCGGGCATGTTTTGGATTGCCTTTTAATCTCATACAAGCTCCATATACAACAATCGGTTCGACAAATGGGTTTGGAATAAGAGATATGTCATCAGCTTCTTCAAAAGTTAATTTTTCTTCGCCGTATTGATTTTTTACGCAGTTTTTGGTGTAGTAAATAATTTCAACAGTTTTGTCTTTGTTAAAAGTTGGAAAAAGAATTTTGTCATTGAATAAGCTATAAGTGCTTGAAGGTTGAGAGTTTGTAAAAAAGTGTTCAAAATTTGCAAAATACTCATACTTTTTGCCATCAACAATGATATCTTTAATCCTTCCGTCTATTGTATTTTCTATTTCTCCTGAATTTTTGGAAAGGGTTAATTTTTTGTTTCTTATTAAAAAATTCCATTTGTCAGATGTGCAAATTTCGGAATTTATTATGTTAATAATATTTTTCAATTTGTTATGCTCATTTTTGGTCAGTTCGGAAAAAGTATTAACTTGTTTGTAATTTAATTCTACAAGGCATTTGTTAATAAGTTCTAGGTAGTTCATTTTTCTCCTTTCTT
CP017245.1_gap40	1516347	1518262	1915	TTTGTACCGGCTAATACATAATATTTGTCAGATATTGCGGTTAAGTTTGTGCTTACTAAAACATCCATTCCGGCAATTCTTCCGATTGCTCCTTCTCTTAATGTTTCATCAGCAACATTGTGCGCACCAATAAATTCAGAGCTTTGTAATAAATAAGATTCAATTGTCGGGTTAATTACGACCCAAGGTCTGGTGCCTGTAGAAACAGCATCAGAATTTTTTAAACAAAGTGCAAGTTTTACAAAATATGAGTAGATAGTTGTTTTATCAAGAGTAATCGGAGCTTCGTCGCTGCCAACAATGTTAGTTGCTGCAACATTTGCATGTTGTGATAAAAGATAGGCATCTTGAACTTCTTCTATTGCTTTTCTTGCATTTTTAAGATGTGCTTCCATAATATCTGTGTTTGCTTGTACTTGTGCGATATCATTGATTTTGAAAGCAAAGAATTTCTTTTGATCAATTACAAGTTCTTGAGATGTTGGTTCAAGTTCACTATATGTAATATTTTCTGAACCTAATGTTGAAATTGTAACTTCTGAAGGAGTTATGATTTTAACTTTATCACCTTGATTTTTAATTTCTCCTTCCCAATTTCTGTTTACACATTGTAGCATAACGCAATCTTTTTCCAGCATATTGTTTAATTTTTTGCTCCAAATTTCAGGAATGAATGCTGAGTAAGAGTTAGTTGTTTCTGACATAATTTTTCCTTTCTTTTTTTAGTGTGTAATTTGTATAAAATGAGTGGTGATTAGTCATCAATATAGACTTCTCTAAATTGAAGTCCGATTATTGCACAAGAATTTGTGATATCGTTTCCTTCGACACATAATTGTACGGAGTAATTTGCTTCAGAAATTTCGGCTTTTTCTAAAGTATCTTTGTTTACTGCCCAAACAGGAATTGAACTTTCTTCATCTCCCCAATGACACGGTTGGTGGTCTGGCATATCGTTGTCAGCCCAAATCAAATGATCTTTGTAAACAGAATAAATATGTTCCTCATCGTCTGATAGTTCGCTGTCGTAATCTTTGAATACTGAAAATTTAAAATTATTGTCATATTCTGTATCTAACAGAAAATAAAATTCGTCAATCATTTTTCTATGATGAGGATTTGTAATTGCAAGAAATGGAGATTTCCACATAAAATCAATTGGAATTCCGTTGAAGGTTGTTCCATAGTCATCTTTGTAAATTTTTCCGTTTTTATCTGCTATATAAATCTGTTCATTATGTACGCAAGCAGTTACTATATCTTGTGGAACTTTTCTTTTATACCAAGCTTTGTTTACATAATCGTTAATCCAAATGGTATGAAAATATTTGTCTGATGCGTATGGAAAGAAATACCAGATTTGATTTTTCTTTTCGTAATGCAAAGCAATTGTGTTTGATAAATTCTCAAAAGACGAAAATTCATCTTTTATATTTAAAGATATTTCATTCCCGAGTTGAATTTGGTTGAGTTCTCCAACTTGTTCAAGTGCAAAAATTCCATTGCTCAAAAAATATTGTTTATTTGATACGTTGAGGATTGATGAAGAATTTATAGCACCTATATCTGCAAATAAAGTGATTGCAAAATCGCTTGGATTTGTTCCGGAAAGAAGGTAAACGCTATTTCTTTTGTAAATTGCAAGATAATCTTTATATTGGTGTAATGCTGTTATTGAACCGGTATCTGTATGAAATTCGTTGATGTAACCAGCATCGTCAGATGTCGTAAAATCATTGTAATTGCCAAGTGCAGAATAGTAAATGGTTGCATTCTTTGCGACCCAAACTCTACCCTTGTATGCCGAAATAATTCCTCCTGTTAAAATATCTCCATTTAAGTCTTTTAATCCACACTCGACAACGTCATAAGTTGAATTGTTTTTGATGTAAAACAATCCATCACTTTCTGTCAT
CP017245.1_gap41	1533391	1533978	587	GCAAAAAAAGCAGCTTATGCTTGCGATATTACTTACGGAACAAATAACGAATTTGGTTTTGACTATTTGCGTGACAATATGGCATCTAATATTGAAATGTTAGTTCAAAGACCTTATAACTATGCAATTATAGATGAAGTTGACAGTATTTTGATTGATGAGGCAAGAACACCGTTAATCATAAGTGGTCGTCTTGAAAAATCAGCTGAAACTTACCAGTTAATGGCAAAAGTTGCTCCTCAATTAGAAAAAATTAAAGACTATGAAGTTGATGAAAAAAATAAAAATATTATTTTGACAGAAGACGGTATTGATCACGCACAAGAGATTATTGGCGTAAAGGATTTGTTTGATATCAATACTCAATACGCTCATCACTTGTTACAAGCATTGAAAGCTAAAGAATTGTTTGTAAAAGATACAGATTATGTTGTTAAAAACGGCGAAGTAATGATTGTTGATGAGTTTACGGGGCGTTTGATGGAAGGCAGACGTTGGTCAGATGGGTTGCACCAAGCTATTGAGGCAAAAGAAGGAGTTCAAATTCAGGATGAAACACAAACTCTTGCGAGTATCACATTCCAGAA
CP017245.1_gap42	1644329	1645253	924	AAAATTGCCGTATGGTCAAATGATCCGGAAGTTGATTGTGTAGGTGCTTGCATCGGACCTAGAGGTTCAAGAATACAAACTATTGTTTCTGAATTGAAAAATGAAAAAATTGATATTGTAAGATATTCAGAAGATCCTGTAGAATATATTGTTAACGCTTTATCTCCAGCAAGGGTTGTTTCTGTAGATATTTTGGCAGATGATGAATATGCTCATGATGCAATGGTTGTTGTTCCTGATGATCAGTTGAGCCTTGCAATTGGTAGAGAAGGACAAAACGTAAGACTTGCTCACAAATTGACAGGTTGGAAGATAGATATTAAGAGCGTTTCTCAAATGGAAAGAGCTGAAGAACAAAATATTTCTAACTATGAAGAAACTCCTGAAGAAGTTGTTGATGATGCAGTTGAAGAAGTTGATGAACTTCAACAAGAAATTGAAGAAGAAATGAACCAACAAGCGTTGGATGAAGAAGATCTTCAAGAAGAAGCTGCTGAAACAGATGAAACAGAAGAATAGTTTTGTAAATATTAACATACTTGAAAAAGAACCTCATTATAGGGGTTCTTTTTTTCTATAAAAGAACTTATCGCCCTATTGCCTTATTGATTTATTGTCTTAACAACTCCTAGTCTTTTTGAGATATCTTGTTGACAAAAAAAATTGAGCAAATATTATATATGTATATGGCTTAAAATACCAAATTAGTATTGTAGTATAAACTAGAAAAAAGGAGATTAATCTCATGGCAAGAGAAAAGTACGAACGTACCAAACCGCACGTTAACATCGGTACAATTGGCCACGTTGACCACGGTAAAACAACATTAACTGCAGCTATTACTGCTGTATTGGCTGCTCAAGGACAAGCTGCATTGAAAAAATTTGATGAAATCGATGCTGCTCCAGAAGAAAAAGCAAGAGG
CP017245.1_gap43	1671616	1673263	1647	CAACAAGTTCAGTCTCAGTTGCCGGAAGAAGTTCAAAGGACAGGTGTTACGGCGGTTAGTAGAACCTCTGGTTCAGGTGCTATTATTTTGACACTTTACCCAGAAGCAGGAAACTGGAACCAATTAGATTTGACAAACTACGGTTCTATATATATTAAAGATGAATTGAAACGTATTGATGGTGTTGCGGATGTAAATGTTTACGGTGCTGGCGATTATTCTATGAGAATATGGCTTGATCCTCAAAAAATGGCAGGGTTGAATGTTTCAACAAGCGATATAAAAGCTGCTGTTACATCTCAAAATACCCAAATTACTGCAGGTGCTTTGGGACAATTGCCAACCGATGAAAAACAAGCTTTGCAAATAACTTTGAAAACTAAAGGCAGACTTGATAATGTAAAAGATTTTGAAAATATTATTATTCGATCAAATTCAGATGGTTCAAATGTTAAGTTGAAAGATATTGCAAAAGTTGAACTAGGGGCATCTTCTTATTCAAATTTAGGTTTGGTTAATGGAAAGCCTTCTGCAGTTGTAATGATTTCACAATTGCCTGATGCAAACGTAATTAATTTGTCAAAAAATGTTAAGGCAAAAGTTAATGAACTTAACTCAAAAATGTCAAATGGTATCAAGATTATGTATGTAAAAGATGATGCCAATTATATTCAAGAATCAATGAGAGAAGTTGAGTTTACAATTCTTTTGACTGCGTTAATTGTTGTTGTAATCATCTTTTTATTTTTGGGCGACGGGATGGCAACCCTTGTTCCATGTATTACAATTCCGGTTTCATTAGTTGGTACGTTTTTCGCACTAAAAGCTGCAGGCATGTCAATAAACTTGCTTACATTGTTTGCATTAGTACTGGCGGTTGGTGTTGTAGTAGATGATGCGATTGTTGTAATTGAAAACGTTAAACGTCATATTGATGAGGGTAAATCTGCTATTATGGCAACGCAGATAACGATGGAAGAAGTTGGGTTTGCACTTGTTGCAATGGCATTAGTTTTGATGGCAGTATTTGTTCCTATTACGTTTATGAGCGGAATGACAGGTGTTATGTACAAGCAATTTGCGGTATGTATTGCAGTTTCAATTGCAATTTCTGCACTTTGTGCGTTAACTTTATCGCCTGCAATGTGTTCTCATTTCTTGGGGCAAGAGAAAAAAGAACCTGATTTTTCTAATAAACCGACATTACAACATTTAGAAAATATTAAAGAAAAAATCTTTAAACGTACTTCAATTCTTGTAAAAGATTTTAACGAGATGTTTGCCAAGGTTGAAAATTTTTACTTAGAATATGTTCAAAAATTTGTTTTTGATAAAAAGCTTACAATGATTGTTTATGCGATAGTAATTGTGCTTACTCTTGTATCTTTTAAGACGATTTCAACAGGTTTTATTCCGGATGAAGATCAAGGTATTTTGCTTGCAAGTATTACTTTGCCTGATGGTGCGTCATTGTCCAGAACGGAAGAAGTTTCAAGACGTTTTGCTGAGCAAATAAAAAAAATTGATGGTATTGATGAACAAAAATTGACAGTGTTTGGAGGGAATGGTTCTACAAACCAATCAACAGTTATTATTCAGTTGGATGATTATGCAGCGAGAAAAATTACTCCTATAAAATGGATTGTA
CP017245.1_gap44	1676726	1679976	3250	AGCTTTTAATAATCTCGCCCTTTGGGGAGAGAAGAAATTTGTTGGTGAGCTAAAGCGAACTTATAAATTTCAGAGAGGGGTTTATTGTCATACTGAGGACAACAGTCCGAAGTATCGCATGGTTGGTAAAATTTATCAGTGTCTTACCAATGTTGATAAAAGATTGCGTAACAAGTGCGCAATGACATGTTTTGGTAAAAAAGTCCTCTCTCTTGGGAGAGAGAGCAAGCGTTCGAGTGAAACGAGTTACGCATGCGAGAGAGGGTTAAAACATGAGTTGATAAATAATGAACCCTCTTCCGATTTTCTAAGTTCGTCACAACTCACTAAGAAATTCAACCATCGCACAGAGAGAGAGGGTAATAGAACAAGTGTTGGGAATATGAAAGAAAATAATTCTACTTATAAGGTCTATTCACTATTCACTACTCACTTATTCATACCGATACGGACTTTTCACGTTTCTCTTCTTAAATCTGCCTTTACATTAGCAGAGGTTCTCATCACTCTCGGTATAATCGGTGTTGTTGCAGCGATGACTATTCCTACTTTGATAGGAAATTATAAATTTTCTGTTTTGAATAACCAGCTAAAAACTGTATATTCTGACTTAAATCAGGCTGCTACTTTGTTTAAAGTTCATAACGAAATATCTGTTAGCGAATACGCTGCAAGTACAAGTGCAACAAGTGCTTTGAATTTGTTTAGCAAAGAATATACGACTGTTTTGAATAGAAATAATATGAATGCAGGAACAAAGGATGAAAATGGTTATCGTTTAGAACCTTATGAAACTCATTCAATTACCGGAAAAGGAAGCGGCGCTTTATTTTGTGATGACAGCTATTATATGTATGATCCTCAAGGTAGAATAATATCTTTTGATAACAAACCTTCCGGATATGAAAACGGACCGAAGGTTTGCATTGACGTAAATGGGCTTAAAAAGCCTAATAGTTTAGGTCAAGATATTTTTATTTTTGTGTTTACTGTTGACGGACACGTAATTCCATTTGGACAACAACATGCAAATAATCCAGCAGTCGGTTGGATTTATGGCAATGGCTCAATTGAAAATAAAGAAGATTATTGTGTTTATTCTTCTGATTCTTCAAAACAAATTGCTTGCGCAAATTATGCTTTGATTAACCAACATCCTCATACTGACGGAAAAGATTATTGGCATGATTTTGTAAATGGAAAATAAAAAATTCACTATTTAATAAAAAAGACTACATGTGGAGTATTTTTTATTAAACCGAGTGTTGATGGTAGTAGAACAATTAAAATCTGCTGATGATTTTTAAATATTCTTTTTGTGATTCTAAAACCATTTCTGAAATAAAGTTAATAAAATCTGTATTATTGCCATTATTAGTTTTTTGTAATGCAGAAATGTAATCAGCTCTGACAATTGGTGGAATTACAACAATATTATAGCCACTTTGCAGTAATGCCAAATTCATTAATAGTCTTGCTACTCTGCCATTTCCGTCTGCAAATGGGTGAATGTTTACGAAAATTATATGCACAATTGCCGCATATTCTACAGGGTGCAATTCTGCTTTTAATTTTGGTAATTGCAAAATAAACTCATGTATTTTCTCGTCAAGTTCTTCGGGGCTTGGCAACTCGACATCAGAGCCTGTAATTATAACCTGAGAAGTTCTATATTTACCTGCTTTTTCACTGTCAATTTTTTCATAGAATAATTTATGTAATAGCTTAATGTCATCTTCTGTAAAAGTTGTATTTTGGGATAATTTAATTATTTCATCAAATGCTTTTGCATGTCCGACTGTTTCATAGTGGTCTTTTAGAGGTTTTCCACCGATTGTAATACCATCTTCCAGTACAACTTTTGTTTCTGCGAGACTGAGAGTGTTGCCTTCAAGAGCGTTTGAGGCATAGGTTAAACCAATTTTGTAGTACTCTTTTACTTGTGCCAATGCTTCATTTGACAATGGTCTTAGCGCATTAATCTTTGCCTTATATTCATCATTTTGGACAAAACAATTTCTATACATTCTAACCTCTTACGCTAATTGTAGCATAAAAAATGTTGTAACATTCATTTTATATTAGGTGCAAAATTAGAAGCATTAATAAACTTAATTCATATAAAAAGGATTTAATTAATGGACACACGGCGGACATCCTTTTAATTAAATCCTCTGAAAACATTTACGCGAGAAGGGATTCGAACCCCCGACCTTTTGGTTCGTAGCCAAACACTCTATCCAACTGAGCTACTCGCGCTTATTTTAGTCGGTTTACAAGTTTTTATCCTTGCAACATCTTCAAGTCTATCAAAAAAAGATTTATTTTCAAGTGCTTAAATAAAAAATTTTTGTTGAAATAAAATTAATTTTTTCTGAAAATGCTATGTTAATCTTGTTTTAGCGAGGGAAAATATGGAAAATTTAACGGAAAGAGAAATAGCAGTTTTAAAATTAATTATGCTTGGATACCCGAATAGTCAAATAAGTAAAAAGATTTTTATTAGTACACATACTGTAAAAGCGCACATTGCATCAATTATGCGGAAATTAAATGCAAAAAATAGGACTAATGCGGTTTACATTGCTCTTAAAAATAATTTAGTAGATTAATAAAATTGTTACAATTTGATAGTATCGCTTTAAAGTTATATAATATCATTGAGCGAGATTTGATATATGAAAAAATTATTTATTACACTAACATTTTTATTATTATTTTTATGTACATTTGTCCAAAAGGCTTGCAGTGAGGCTCTCTACAAATTTACTTCTGCCAATTTTGATACTTCAAATTCAGTAATTGTTTTGTCAGCGCAAGACACTCCTGGTAGTGCGGTTTTATCAAATATAAAGTTGGTTAAATTAGAAAATCCGGCAAGGGCTTATTTTGATATAGATTCTTCAATAATAACTTTCCCAAAACAAGATTGGGTGTTTAATTCAGGTAATATAAAAGAAGTTAAGATTTCTCAATTCTCGACAAATCCAAATAAAGTTCGTGTCCTAATGTATTATGATAAAGGTTTCAATCCTAGCAATATTAAGTTTACAAGGATTAAAAATAACATAATAATTCGTCTTAAAAATGATGCGATAACAAATGCAAATTATTTTCAAAACACGTACAGAGATGAACATTCATCTTCCAGTGATTTTTATGAATATTTAACAATAACCACTCCGATTTCGCAATCTCAGGATTCAATTGTTGGACAAATTCAGGATGCTTTTAATACTCAAACAAACCA
CP017245.1_gap45	1687110	1688074	964	TTTAATTTCGTTGTTAATTTTTAATAATGCTGTATATGATGGCAAAATCGTTGTTTTACCGTTTTTTGTTGCTCTTTCAATGGCTTTTTTAATGTTAGGTTCTATAATAATTCTTTCTTGCGGAATTCCTGCGTATTTTAAGCGAGTTGCCATATCGTTAGCTCGAATTCCAGATGTAATAACGAGTTTTTGTGCATCTTTCAGTTGCTCAAAATCGCTATCCCAAAGCCATGAAATATCTCTGCCGTCTGCGTAGTTGTCATTTATTGCAACGACAATATTTGAGTTTAAATCTACTGTTTTCAAGACTTCGCTTGCGCCTGTCGGATTTTTGATAAGTTGAATTACTGTTTGATTGCCGTTAATTACTCTTTTTTCGGTTCTTCCAAAAATAGCATGATAAGTGTCAATGGCTTTTTGGATTTCATCTTGATTTAATCCTTGTTCAAATGCAAAAGCAATAGCCGCAAGTGCATTATAAGCATTGTAAAGTCCGGCAAGGTTGACAGTAAATTTATATTCCACCCCTTTATTTTTTACTGTTAAAATTGAATATTCATTGAAAACTTTAACATTAGCCGGATAATTACATTGGTGGCGTTTGTAACCGCATTTTGAGCAGTAATAGTGACCTTCTTGAGCCATAAATTGTTTTGAATACTCTAAAGGTTCTCCGCAAGGGCAGTTGAAAGCCTCTGCCGGTGCATTGGATTTGTGTTCATAATTGCAATCATATTCAACGTTTTCAAACCCATAATAAACCGCATATTTTGTCCTATCAAATGTTGCAACCAATGGATCATCGGCATTTAAAATAAGTTTTAAATTTGGATTTTTGTCAATTGCGTTTTTGATAAAACCTGCAGTGGTATTTAGTTCGCCATATCTGTCTAATTGGTCACGAAATAAATTTGTTACTACTAAATAATCTGATGGCATGTAATCATATAATTTTGTCAAATAA
CP017245.1_gap46	1689624	1694578	4954	TCGTCAAACAATTGTTACAATAGAAACGAAAAAAGGAGTAATATATTATGTCAGCAACAAAATTTTTAGCAGGTTTTATAGTAGGTGGTGCAATTGGCGCAATTGCAGGTGTTTTGCTTGCTCCGAAATCAGGTGAAGAAACTCGTGCATTAATAGCAGATGGCGCAAAAGACGCAGTAAGACGTGCAGATGAAACAGTTAAAGAAATTCAATCAAAAGCAGATGATGTAGTTTCTGATATGCAAAAAAAAGGTGATGAAATTAAAGAAAAAATCCAAAACCTTATTAATCAGCAAAAAGAAGCTAAACAAGAGGCTTAATAAAAATTTCAAAATTGAATTACAAAAGGCTTTCTCTTATTAGAGAAAGCTTTTTTGGTGTACTATGTACGTAGCATCAAGTTCAGGGTGACAGTTACATGTCATCACGGATTTATTCCGCGAACTATAACAATTGATGTTGGGCTGAAAGCCCCAACCTACTTACTTTTTATGAAAACATTTTCCTTTACGGGATAGCACCCATCCTTACCTTCCCTCGTAAGGGAAGGAGTAATTTTCCTCCCTTGTGAGGGAGGATGCAAGGTGGGTGCTGATTTTCAACTATTTTTAACAAAGAATAAAATTTTAATTTATCTTAATTATTAAGAAATGTAAAAATGCGTTTAAAATAGGCTCAAATCCAGATATAATGCCTCTATGCTATGCTATGCTATGCTATGTGGCGCACTGTGTCAAATTTTTTGACTTTTAAGTTTTAATAAACATGTGGGCGAATTAAAAAGTAGAAAGGTAGAAAGAAATGGCAATAGATACAATTGGTGCAAATTTTGTAGGAATGCAACACGTTCAAAATCATAATTTGAAATCAGCACAAACCTTTACATCAAAGCCTGAATTTGATGAAGAAAAGTCAAATGCGTCAAAATTAATGCTTGGTGCAACTGCTTTAGCTGCAGTTGTTGGTTTGGGAATTGCAGGATATAAAGGAAAATTAGGAAAAGGTGTTCAGAAATTTTTTGGGGAGACTAAAAAAGCTGCAACTAATGCTGCCGGAAAATCAGTCAATGAGCCAAAGTTAGAAGTAAAATCTAACAAATATACTTCATTGGATTGGGATGCAAAACCAATATCAAGAAAACAAGCATTGTTTGAAGAAAAATATCCAGAACGTGGAAGACTTTTTTATATTAATCCAGAAATAGATAAAGAATTTGAGGCTTTAAGAAAAAAAGGTTACAAAATTAATGTTAAAAATCTGGATGGAGGAAAAACAGAAATAGAATATATTTATCCTGAAAAATCACCTATAAAATCTAAAGTTATTAGAGGAAAAGTGGCTGATTTAGAAAAAGACTATGATTGGCAAGCAAATGATACCAAAAGTGTAACTATAAATCTAAAAGAAAATGAAAATTCATATACTTTGCATTTTAATAACAATCCCAAGATTGGAGATGCTTCTTATGAATTTAGTACATCAGAATTTGATGCATGTGGAACTCCGCACTGGTCTGACACAGGTTCTCTTGATAAGAAAGATCTTTTAGACAGAATAATTACTCCTTGGACAAAAAATGGAAATTCAAAAACATCTGCAAGAGCATTAAGTTCAGCATTTAAAAAAGAATTAGGTTTGTAGAAAATAAAAAGTAGGGCGGGATATCTATCCCGCCATCTATTATTGTTATAAAATTATTGGATTGCGAATTTATTCCGCGAACTATAACAATTGATGTTGGGCTGAAAGCACAATTTGCTTGTTGTAATATGCAACGATATTTTTTTACTTATTTTTTAAAGCATCATCAAGAGCTTTTTCTAGCACCGTAATTTTGTTTTCTAAAACCTGAATTTTAGCTTCTGCTGATGAATTTGAAATAGAACCTTTTTCTAATTCTCTTTTATATGCGTTGAATTTTTCTTTTAAAGATTTGTACAATGGAGCAAAGAAGAATATCGCAGAAATCTCTCCTAATATAAACAAAATTAGTGTATATAATGCCATATTCATCGTGAAAGTTCTTGGAGTAATGTGCAAAATTGCGGCAATTTTACTGCTCAAAATTGTAATTCCTGCCGTATCTTGAAAGTTCATTAGTATTAAAAAACATAAAATTAATGTTGTTAATATCGAAATAATCTGCATAAAATCAGCTCCTTAAATATTTTAGAACCTTTTGAATTTTTTCATCCGGCTCAATCTGCAATTCTATTATTTCATCCCCAAAGGGTTTTGTAAAGCGAAGAAAGTATGATTGCAAAACTTGTTCCTCTGTCTTAACTTTTCCTTGCCCTGCACCATATAAACTGTCGTTGAAAACGGGATGGTTAATACTTTTCATGTGAACTCTGATTTGATGCGTTCTGCCTGTAATTAGAGTTAGTTCTATATATGTCGCATCTTTAAATCGCTCTAAAACTTTCACAATTGTTTTGGAAGGCTTACCGTCTGCTCTAACAGCCATTTTATGTGGTTGGTTTGGATTTCTGCCAATTGGAGAATTTATTTCAAATTCGTCTTGTTCAATTATTCCTTTTGCAATAGCACGGTATTTCTTTGTTATAGTGTGTTCTTTAATTTGATTTGCCAAAAATTCGTGTGCTTTGTTATTTTTGGCAATCATCAAAAGCCCTGATGTATTTCTGTCTAACCGATGAAGAATACCACGCCTAAATTCTCCGTTTATATTTGATAAATTTTCACCATATTTGAACAAAAGAGCATTAACCAGAGTGTTTTCTCTCTCGATTGTAGTTGGGTGAGTAAGCATTCCTGACGGTTTGTTTACGACCAGCATATTTTCATCTTCATATACAATATTTAATGGGATATTTTGTGGTTCAATTTTTATTTCTTCATCTTTAGGAAGTTCAAATTCTATTTTATCGTTTTCTTTCAAACAATATGATGTTTTTTTAGTTGTTGAATTAACGAGAACACAACCTGTTTTGATAAGGTTTTGAATTTTTGAACGTGACAAATCTGGTGTAATTTCCGACAAGAAACTATCCAATCTTTTGTTTTCATCATTTTCGTCAATGTAAATTATCATAATTACTTTCTCTTAATCAAAATCAATATAATAAGAGCTATTACACCAATATTGATGAAGATATCAGAAATGTTAAATATCGGAAAATGTACGAAATTTAGTTGAAAATAATCTCTTACAAATCCGTAAACAATTCTTTCGTGTAAATTTCCTGCAATTCCGGCAGATAGTAGTGCAATAAAAAAACAGGTTTTCAAAGAAATTGATTTCAAGTGATGAATTACGTGAAGTGCCAAAAGCACAAGTGCAATCATTGATAGGATAATTAGTAATTCTCTTGAGTTTTGTAGGATGCTGAATGCTGCACCGGTATTTTTAATATAATTTAATGAAAAAACGGCGTTTGACAATTTGTATCCGTGAACTAATTTGTCAACCAATATGGTTGACATATAAAGGTTTGCGAATATGAAAAATACATAACATATTACAAAATATATAAGTTTACTTGTTTTTTCGATTTCTTTGCTCATTATTTTTTGCTTTCATCTTCCATTTTTATAAATTTGTTTTCAGGAACTACATTCACTCTTGTCATAATGAATGCAAGTCCGCCCATATAGATACGAACTTGATCTTGCGGATAGTTTTCTGCTCGTGTAATGCCGATTGATGCAACGGTGTATTCGTTTACGTTGTTTGAATTTGAACGGAAAACTCTTTCCAGTGTGTTATCTTCGGCTAGTCTTCTGAATGCGTCATCTGATTTAGTTTGTGGGTAAACAATATTTTCTTTGTTTATAGATGCAATAACAACGCAATCTTTCGGTGAGCCGACTTTTAATGTTGCTGTGTAATCTTGATTTGCGCCAATTTGTTTTGGAGTGTTTAATTCAATTTTAGAATATCTTGCATCTCCGTATTTTAAGGTTGATGTTTCATCTATAATTTTTTCTGAATTAATTACCCATTTTGCACCTTGTTTTTCAAGGAAATAAACACATTTTGAAGTTGAATAAAGTTCTCCGATTACTGAAATTTCGCCAACAACTTCTTTAGATGTAGCAATTGCTACTTCATCAACGGTGACGGTTGCGTAATTGTCACTAAATTCAATGTTTTTAATATGTGTTTTGTATATGATATCAGGATATGTTTCCCAAGTATCTTTAATTAACTTGAAATAAACTTCTTTATTAAACCCGTCAGAATTTACAAAATCTTTTGAATACAAAGTTGATAGACCTTCTAAATCATATTTGTTTGTATAAATGGTTTGTTGATCAATGACAGATTTTACGTCGTTATAGGTTGATTTATAAATTCTGTTTTGTTCAATTTTTGCTTTTTGAGTAGAAATAATTCCTGCTTGTGCAGGACAAATATTTGCCAATAATAAAGCTGAAATAATTAAAACGGATATCTTTTTCATAATTTAATTATACATAAAAAATATTTTTGTGCTACTATTTACTCAAGTAGATTAGGAGAGAAGAAAAAGATGAAAGACGCATATTTTCCTCAGGAAATAGAAAAAAAATGGCAAAAAAAATGGGAAGAAGATAAAGTTTTTAAAACTCCCGATGATAGCGACAAGCCTAAATATTTTGCATTGTCAATGTTTCCGTACCCATCAGGTAAACTCCATATGGGACATGTTAGAAACTATACGATTACAGACGTTATAGCTCGTTTCAAAAGAATGAATGGTTTTAACGTTTTACATCCGATGGGATGGGATAGTTTTGGTTTGCCGGCAGAAAACGCTGCGATGAAACATGGGGTTGATCCTGAAAAATGGACTGTAGAAAATATTGCGTATATGACAAAGCAATTGAAAATGCTTGGACTTTCTTACGATTGGGATAGGGAAGTTACAACTTGCAAACCGGATTATTATAAATGGACACAGTGGCTTTTTTTACAATTGTATAAAAAAGGTTTAGCATACAAAAAAGA
CP017245.1_gap47	1705905	1706502	597	CCTTGATTTGAGTACCATTTATCATATGCTCCTCCAGATCTTTTAGTGTCTAGGTTGTGAACCTCTAATACTGCGGCACCACCATTAAATTTTGATCTGCTTCCAATAAAAATTCTTTCATAATTATCAGTTGCTCTAGAATAAACATGTCCGGCACTTGGTCCCGAATTAGCTCCAATACAAGTTTTGTTAGAACCGGTTACGTATTGACAAGCACCTGAGCCAATAGCTGTATTACTTGCACCTGTTTTGTTATAATACAATGCAACCGAACCAACTGCTGTATTATAATAGCCAGATGTATTATTAGTCAAAGCATGCCAACCAATTGCGGTATCCATACCACCAGAACTATTAATATTATTTAATGCTTCAGTTCCTATCGCTATTGAATTGTATGCTTTGACTGAATTTCCCATTGCATTATTCCCAATAGCAATGTTATCCGCTGTTACGTACCTACTATCATCTTTTGGAGCTTTTGCATTTGAACCAATGGCAATATTATTACTTTCGGCAGCATGTGCATCGTTTCCAATTGCAATACTAGCGGTTCCAACTGAATACGCTCCAATTCCTAATGCTATACTATTTTCG
CP017245.1_gap48	1709103	1712939	3836	AGAGCCAATCAATGATTTCCCTTTCGGCAAACTGTATGACATATCAAGTTGTTCTTTTATGTAGTTCATAAAACTTGTTGCATCAGGAAATTCGTGGAAAATATGGTATTGTCCGTAAATCATATCAAATCCGGCACGCAAAGAGTCTTGAGGTCTGTCATAAGGCATATTGGCTTGAGGAGAAGCATCTTCGTATGTGTAAGTTTCTGCTAGCCAGCCAAATTCAGGATCTCTCATGTGCGAATAAGGAATTAACACATCCCAAAATTCAACGGGTTTAGCTCTCGCAACGTCAGAACGTATGCCGTCAACACCTAAATCAATACACATATCAACAAATTGTTTATGCAATTCTAACAATTTAGGGTTCAAAGTTCTTTTGCCTTCATCTTTCCACGGTTGGAACATTCTGATATCGTTCCAACCTTGTGGAGTTTTTGCAAGTCCATCGCTTTCCATAGCCATCCATTCAGGGTGTTCCAAGAACATATCGTAAGAAGCGCAACTTGGCAAATCAATCATTACCTTGATGTCACGTTTATGGCATTCATCAATAAAAGCTTTAAATTGATCTTTGTCACTTCTTGGGTCTTTTGGGTCGATAAGGTTTGGATCAATCGCCAACAAATCTTTCGGAGAATATAAAGATCCTGCTGTTCCCATAGCTTTCATTTTTCCTGTCGGGTTAATCGGAAGTATGTGAAGGGTGTTAAATCCATCCGCTTTAACTTCATCTAATCTATCAATAGCATTCAAAAAAGTTCCGTGAATTTCGTTTCCGTCAATATATTCGTTGCCGTTTTTGTCTTGAGCATTGAAAGTTCTTGGAACAATCATGAGGATTTTTGCTTCGTTATTTCTAAACAAACTTCTCAAATTGTTGTGATAATTTGCAGGTGTTGTAGTTTCAGGTTTTTGAACTTTTACAACAGGTGCATTAATCATTGCCATATTGTTCAAATATGCGTTTAGCAAACTTGAATTTGTTGTTTTTGGTTGAGCTTGAGGATTTGTAACAGGAGTTGCCGCACTCAAAAAAGTTGTGTGGTTGATTTTATTTGACTTAATTGTTAATAAATTAGTTGAATTTATCATTTTTTATTCACCTTTTTGTTTGGCATTTTCCCAAAGAAAAATTGTGCTAAAACTGTTACACCTAACAAGCCTGCACCAAATGTTCCAAAAATTTTGAACCATTTTTTAGTGTTAAAAGCCTGTTGTCCGGCTTTAAAGAATAATTCATCCGGCGCAATACCTGTTAGCAAGAATTTGAGTTCAGAGCCTGTTCCATTTTCAGGTCTAATTCTGTGACGAGGTTTTGCAAAATAAGTTTCACCACCGATTATATTTGCAACTTGTTCTCTATATTCTGTAAATTTGTTTTTAATTATACTATTATCAAGAATTGATTCTGTTGCCTTATCTACTTTGTCTTCAAACATAAGCTGCATTGCACGTTGGTAGAAGAATTTGTCGTTTGGAATATCTGTGGTTGTATGCGCTGCACCTTTGCCAAAGAATTTGTTTTGAACTTTGCCGTCTTTGATTACCAGATCAGACATATCATCAGACGGGTTAGGGTTTCTTAACATATAGAATTTTGTTGCGTTGTCAGAAGAATGACCTTGAAGTGTAATGATTTTGCACAATTCTATAAGTTCTTCTCTAACTTCACGAGGATATTTTTTCAAAGTATCAATTTCGTTTACGTTATTAGATATTCTTCTGTAAAAATCAAAAGTGTTGATAAGTCTATAGAAAGAACTTTTTACACCGGTTAATCTTTCTGATGCGAAAGATTTTTGGATATTTTTTAAAGTTCCGACTGTGTCATGTTCATTCACGCCATTTACTGCTTTTGCTGTCCTTGGTAAATTGTTATCATTTAAGAATTTACCAAACTCGTTGAACAAAGTATCAACTTTTTCATCATAAATTGTTATATCACTAGGTTTGACTTCCGCATCAATAGCCGCAACTTTAGAAACTAAATCTTGCATAACTTTGTTGTAAAGTGCGTCGTTTGAAACGATATGTTCTATTTTATTTCTCAATAATTCGCCTGTAAGGTTGCGGTCAAAGCGAACTTTTTCGATTTCTTTATAATCAATTCCAATGGTTTTTAACAAGTCTTTTGAAACATTATTCCAGTAATTTGCAATAACAGTTTCAGGGGCTGAGCCAACTTTTATTACGGCATATTCGTTAAGAGCATTTGTTTTTGCGTTGAAACTGTCATAAGCAGTTGCAATATCACGTAATTTTGTTTGAAGTTGCGGGGTGAATGTCGCAGATGTAGATTTGCTTAAAACACTCTTGATAGGGTTGTTTTCTGTTTTGTTACTTCTGATTAAACGTTTTATGTATTCAAAATCAAGTTGTTCTTCTGCCGGTTTGTTTTGATTGAATGTTTCAACATTCTTTTTAACCGTTCTCAAAATCTCATCGCTAATTTGTTTCAAATCTTTGATTTCTGTATTTGAATTAATAAAATTGTTGGTTTCAAAGATTTTTTGCATATTTTCAGCGTTAGGAATAATAGCATTTATTGCATCTTCGCTAAATCCTTTGCCCTTAAACTGAGATTTAAGGTTTTCGCTGATAGCTTTTGCTGTGTCATTGTTTATTGCAAAAGTTTTGGTTGTCATTAATTCTTTCAAATCTGTTTTAAGATTTTCAAATGTAATCGGATCCATTCCATCAAAAGCTTCTGCTGTTTTATTGATTAATTCCTCATTTACAGGTTTTCCACCAAATTGGTTAATCAATTCTTCAATATTGTTTTTTGTTGCGTTGTTTTGATATTTTTGAGAATAAGTGTCGATGTTTGACAAAATTTCATCAGCTTTTTTGTTTTTTCTGTTATTTAACCATTTTGCAAGATGTGGTTCTGTTTGGTTACAAATCAATGCACTCATTACCGGAGTTGCAAAACCTGCAGTCAACATCCACAAGGTATTATTTTGGATGGCAATTTTTTTCATTTTTTCTTGAATTGCATCACGCCTGTTTTCAATATCTTTCGGAACACCCAATCTGTTCCCCATTTTGTCGATTTCTTTGTCAGAATACAAGTCCCAAGGGATAAACTGTGGATCTTGATAGAATGGTTTTTTTCTGCCGAAACTGTCTTCATATTGTTTTTGAACGTTAACACCATGAATTAAATAAGCAGGTAATTGTATTGCGATTTTAGGCCAAATAGCCATTGATGCCAAAAATGAACCAAGTCCGACAAATTCCATCCCTTTTGTTACAGGTGTTTGTTTTTTAGTAAACAAATATCCTGCAATTGCAAGTCCCCCGAGTTTTAAACCGACATCATTTAGTCTGCCAAGCTCATGGTCATTAGCTTTTCCGCTCATTGCGTGCTTGAATGCTTTTACATCGTACATCGCATCTTTTACCATAATTGCAGGAGCATTGAAAATATTGCCGTTTAGCAATCTACCTTTACCTTTTAGAGGTTTGATGAATGTTCTATTATTTAATTCTTGTTCAATATCAAAATTCGGTTTTGGTTTTTGGGCAGGAATATTTTCCTTAGCTTTAATCGGTTGTGGCTGAGGTCTTACGCTGCTAGTTGCTATGTAATTTTGAATTAGATTTGATGTCATTTTAGTTTACCACGTACTTTTCGTTTTTATTAATTACATCAGCTGTTCCGACCTTTGAAGGTTTGTGTGAGCTTGATAAAGTGTTTATTACTCCCAAAACAGAAGAAAGAACTGATACGCCAATTAACGCTTTGCCGGCATGTTTTGTTGCGCCATGACCTTCTCCCTTATATAGGGCTTTTGCACTTTTTACAAAATTCCTTCCGAAAGATTTTAAGC
CP017245.1_gap49	1716445	1719494	3049	ATGTAGCGGCAATTTTTCTACCAATAAGTCCTGATTTCCCCATTCCGGTAATAATTACTCGACCTTTGCAGTTGTATAAAATATCTATTGCTTTATCAAATTCTTCGCCGATATTGTCTTTAAGTCGCAAAATTGATTTTGCTTCAATATCAAGAACGCTTTTTGCTAAATTGTTAATAGAACTTACATCCATCATTGTTTCCATTTCCTTTAATCCCCTCTCCTGTCAAAATTATATAATAAATATCGTATAAATGTATTAAATTACTTAAAAATATTTAATTTTTGTAAAAATAGTGCGTTCTTTTTAGTATGAATAAAGATATTTGTTTTAAATTTGATAGAAAAAATTCAAAAATAGAAGATTTTAAAGAGTTTGTGAAAGAAAAAAATTGCAAAGTTTTGACAGTGGATTTATCATCTCTGAATGCGTTTGAAGCATTGAAATTTGCGGTTTTATCTTCTGCTTATCATTTTCAGAAATATCCGTCAGGTAAGCTCAAATTTATTAACAATTCTACTGATATAAATTCGTTAATTGCAGATTTTTCTTTAAATAATATGGAATTTGTTTAAATTAATGCGCAAAAAAAATTTTTTAGCGTTTTTTTATTCGTATGAGCATGCAACGTATAGGGATATCAGATCAAAAAATAATTGCACAATCTGTTTTCGCACAGCCTAAAAATTTTGCGAATAATAAGGGGTTGCCTTCAGAAAAACAGAAAAATAAATCTCTTGTAAATGAAAAAAGCTTTTGGTTAGGAGTAGGAGCGATTGCAAGTGTAGTGGTTGCGGGGATTTTAATTACAAGAGGTAAAAAAGGGATTCCGACAAACAATTCAGGAATTATAAAAGATGTCCCTTCCCAAAAGGTGGAAGAAAAAACTGCAGAAATTGCTCAAACTTTTGAACCTCAAAAAGCCCCTATATTTGAAACGAATTTGAGAAAGAAAATCAGTTCGTATTTCAAAGCATTTAGGGATGAAAAAGATAAACCGACAGAAAATTTTGATACCCAGATTTCTCTTTATAAAGAAAATGATTGGAACAAGTTTAAAGAATACCTTGATTTTAGAATGAAAAATGTTATGTTTTTGCAAAATCAAGTCAAACCCATTCCGGCTGATGTTAGAGAGATGAGCGTAGAAGATGTTGATGCAGTGACTTCATTTGTTAGGAATTATGGATATAATTCTTATTTAAGAAATGGTATGAATGTTTCAAAGGTTGATGAAGTTAATAGACTAAATCGTTTAATAAACGAAGCTCAGCCACTAACAGAAGAAACTTATGTATATAGAGGGGTAAGAACTCAAAATTTAGATGGAAATCAAACAAATCTTGATTTTGTAGAGGATGATTTAGAAATTGGTGATACAATTATTGATAAGGCGTTTGTATCTACTGCTAGAAGTTATGACACTGATTTGGCATCAGTTGATCCGTTGTTGTTGAGCGATCCGTATAGAAATAGTGGTTATATTATGCGAATAAGATTGCCTAAAGGAACAAAAGGCTTTGATTGTCGAAGGCTAACTCAAGCGGAATCTGATAGAGGGGTAAATTCAACATTTATTCTTCCTCCTGATTCAGAATTTAAAATAAGAGCGTTTGACAGGCCAAGACGAATTTTGGATTGCGAATACATTTTGCCGGAATAAAAATTTTTCTTAAAAAATTTACAGATTTTCAATCGTGTGCTATAATTTGCGCATGGAGGATAAGAGTATGTTGAAAAAAGCATTTACACTCGCAGAGGTTTTGGTTACTTTAGGTATAATTGGTGTAGTTGCAGCAATGACTATGCCAACACTCATTAATAATACAGGAAATGAAAAATATGTTGCGAAATTAAAAAAAGTTCAATCTTTGTTAGGACAAGCAACTATTAATGCGGTTGAAGAACACGGGATGATACAAGATTGGGGCTTTAGAGATGGAAGTAATGACCAAATAAACAGAATTTACGAATATTATGCCAAATCTTTGAAAGTTGCAAAGGATTGTGGAAATGATACGACAAATCCTTGTACTGCGCATGAAAGAATGCAAACTTTAGCCGGCACACAAACAGGTTGGAATAATGCAGTTGGTATGGGTGGAAATATTCGATCTTTTACTTTAGCAGACGGAACAACAATTTTTATGGACGGATATTGTAGTAATGAAGATAAAAATTTGTTCGGCGTAACTCGTAATACTTTGAGTAATTTTGTATTGTTTTTGGTTGACGTAAACGGGGATAAAAAACCAAACAAATTGGGTCGTGATATTTTCTTGTTTTTGCTAACTCAAGATGGAATAGTTCCTGCCGGAGCTGATGTTAGTGCTAATGATTCTGACTGTAAACAAGGAGGAGCAGGTTATCATTGTACTGCAAGAGTTATTCAAGAAGGTATGAATTACTAAAATTTAATATATCAGTATAAGGAGATTTATATGATTGAACATTTACAAAGTCTTGTGCAAGTACATGGGGTGGTAGTTTCTGCTACAATATTGCTTGTGGCTTATGTGTTTATTGCGTTGGAAAAAATTCCGAAAGTCACAATCGCACTTTTGGGTGCTGCAATAACAATTATTTTGGGTTTGGTTAGTCAAACAAAAGCGATTGATGGTGTTATTAACTCTAATTATTTTATCAATTATGTTGATTTTAATGTAATTTTTTTACTTGTATCAATGATGATAATTGTAAGTATTGCAACACGTAGCGGAATGTTTAACTGGATTGCGAACGAACTTTTGAGGTTTACAAAAGGACATCCAAAACTTGTTTTGTTAACTTTGGGTGTTTTTACGGCTGTTACATCTGCGTTTTTGGATAATGTAACAACTGTAATTTTGATTATGCCTGTAACTTTCTTTATCGCAAAACAATTGGATATTAACCCGTTACCGTTTTTGATTACTGAAATTTTTGCATCAAATATTGGAGGAACTGCTACATTAATAGGAGACCCTCCAAATATAATTATTGGAAGTGCTGCAGGGTTGTCGTTTATGGATTTTTTGAGCGAGTTAACTGTTGTTGTTGCGGTAATTC
CP017245.1_gap50	1723686	1726191	2505	GCAAAAATATAATGATCCTGTCTTGACAGAATACATGTCAATAGCTTTTCAAAATAATCAGGACTTAAAAATTGCTACACTTAATGTTAAACAAGCAGAGCAAGTTGTAAAAATGTCTTTTGCAAATCAATTGCCACATGCAGGTTTTCAAGGTGATGCATTCAGAGATTTTTCATCCTCAACAATAAAATTTGGCGGGATAACAATTCCTGATTACTCACAAAGTAATTTTTTATTACCTGTGACATTGAGTTATGAGGCTGATATTTGGGGTGAAAATTACTTAAAAACAAAAGCTGTAAAAAAGCAATTAGAAATTATTAAGCAAAATGAAAGAGCTTCTTATATATATTTAACTTCTTCTTTGGCTGCAAATTATTTCAATTTGGTTAAGTTGGATAAATTAATCAAAAACCAAGAAGAATTGGTAAAAATTCAAACAGAAGTTGTTGCATTACAAGATAAAAAATATCAAAACGGTTTGTGTACAGTTATGGATTTGATGAACGAAAAACAGCTTCTAACTCAATTGCAAGAAGAATTAAATTCTTATATTGATACACGAATAATTATAGGTAGAGAACTCGGTGTTTTAACAGGTCTGAGAGAAAAGGATTTATCAGAAGTAAAAAGAGGCAGTTATGAAAATATTGCATTAATTCCGTTGCCATCAGGGATTAATGCTGAAGTAATTCAGTATAGACCGGATTATTTGAAAGCAGAAGATTATGTGCAGAAAATCGGGATTGATGTAAAAGTTGCACGTCGAGACTTTTTGCCAAAATTTACTCTTTATGGTCAAGCTGGTTTTAGCGCTTACAATTTGACTAATGTTTTTGGAAATCATACTTTCAAATCTTTGATAGGCTTTGTTCCATCAATTGATTTGTTTACTGGCGGTATGAAAATGGCTACTTTGAGATACAAAAAACTTGAACTGGAAAAAGCGCAACAAATGTATGAAAAAACAATTCTTACATCCATTCAAGAAGTTAATAACTCTCTTGGAGGTGCAATTACAAGAGATTTGAACTATAAGGAAAGTGTAAAACGTTATAATCTTGAAAATGAAAAATTTCAATTAGCTAACCAAAAATATGATATTGGTGCTAAATCAAACCTTGATTTAATGAAGGATAGAGAGAAACTTTTGGTTGCTGAAAAAGATGAAGTTAACGGAAAAATTAATTATTTGATTTCGACTGTAAATATTTACAAAGCTGTTGGAGGAAAAGATTTTACGACAGTGAATGAAGGGTTGTAATAAAAACTTCCCTTCCCTTGTAGGGAAAGGTTAGGGATGGGTGTTGTCCTGCAAATGTAAATATTTATCCAAATACTGCCTGACTGTACAATTATTTATTCGCAAAAATGTGTTTAAATTTATGTATGAAAAAATTTGTATTTACAATTTTAGCATTTTTAATTCCAAATTTAATTTGTCAGGCAGAAGAAATTCATTTTGAAAATGAGGTTTATACCTTGAAATATAGTGCCATAGCTCCACAAACTGAAGGTTATGGTAATGAATATTTTCGCAAAAATGAAAATGTCGGGAATTGGTCAAAAATGGTTGGAGTTTATTATTATCCAAATGAAAATAATCCGCTTAAATATGCTGAAAACTTTGATAAAACAGTTGAAAACACTGAAAATAGCGTTCTTTTAAAATTAATTGAAAATAAAAAATCTGATAAGGCTGCAATAAGTTTTCTTGTGAATGGTTGCGAAAATGCTAAGAAATATTTCGAATATGATATTTATAAATTTGAAAAAAATCAAAACAAGGGCATGACCGTGATAAAGTATGCTGTGAAGCACTACTTCACAAGTAATGAAGAAATCAAAAAAATTGCTGAAGAAATTAAGAAGAACAATGATAAATACCTTGAAACCATTATTATGTCGCAAACTCCGGCGATTATTGAAAAAGATATATGCGTTCACGAATAAGAAAAACGTTCTGTTGACAAGAGCTATAAATCCCCGTATCATCTACTTATGGTAGTAGAAGATATTACACGTGTAAAAGATTATTTAACCAAAACCAAACTTTCAACTTTGGATTTTGTTATAAATCCTTATGTCGGTTGTCCAATGAAATGTCTTTATTGTTATGCTGCTTATATGGTGAGCTTTAGTAAACATGAAGAAGATTGGGGGGATTTTATTGACGTAAAACATACCAACAAAAGAATTAACCTTTTTAAAATCAAAGATAAAAAGGTTATGATTAGCACAGTTACAGATCCATACAATTGTTATGAGGAAAAATATCGAATTACCCGAAAAATCATGGAGCAGTTGGCTTTTTCTGCGGCATACATTACGATTGTTACAAAATCGGATTTGGTTTTAAGAGATATTGATCAATTTAAAAAGATGCAACATGTTGAAGTTGCAATTTCTTTAAGTACTCTTAACGAAAAAATGAGAGAAAAATTAGAACCTTGTGCAACAAGTATTGAAAAAAGACTTGAAACCTTAAAGATTTTGAAGGAGAAT
CP017245.1_gap51	1728437	1730247	1810	CAATATATGAAGTACTTTAGTCCAACATCAATAAAAGGGGGCTACGTGCGTAGAAATACATTATACCAATATATGAGGTATGAACAAATTTTGTCACAGAGGACTACGTGCGTAGCATAACTCTACACCAATATATGAAGTACTTTAGTCCAATATCGACGAAAGGTGGCTACGTGCGTAGCACTAGTCTAATTTCTTTTTTAAATCGCTTTTAACGTTGCTTAGTGGACCGTTATTTGGAGTTCTGATGTTATGGTAATATTTTTTAGCGAATGTAAACGGGTATTTCGGCAACCATGTACATTTTATAAAAATATTCACTGTGTCTGCGCCTTGTGATAACATCAATTCATCAATTGTTTCTTCGTGCGATGGTGAAATTGATGAGAAGATTTTTAGGAAGTAATCTGTGAATGTTACGGCAGAATAACCTGATGCGGTAAGTGGGTCTTTTACAAATTCTGTTACCTTAAAATTTTTATTTTCTTTGATGTTTTTAACATCTTCCGGTAACTCAATTTCTCCACCTGCAATTTGTTCAATTTCATACCATTGCCCGTTATACTCTATTCGCATAATATTCGGTTTTGGCATATAGATTTCATCAAATATCGGTTTAAGAATTATGTTTCCATTTCTGTCTGCTACGCCGTATTTGTAGTTCTTTTTGATAAGAAACATTCCGCCAAAAAGCATATTTATTGTCATATACTCGTTTGGAAGAATAATTTCTCCTTTTTCATCGTAAACCCCGTAATCATTTTCATTGCCGAGTTTTACGTATTTTAACATCATTCTGTCTACGTGGCGAAATTTTGGCTCAACAAGAATATTGCCGGAACTGTCCATTATGCCGTATTTGTTCTTTTTATTTATAATCCATGAGGAAGTTCCAAGACGAATAAGCTTTTTGTATTGTGCATCTACAACGATATTTCCGGATTTGTCTTTAAGCCCGAAAAGAGTGTTTTTATTGTTGCTAAACACAACTACATCTTGCATTGTAAGCTGAGCTTTTAATGGTTCTTGTGTTTGCGCAAAAGTATTTTGCGATGAAAATAATAGAACTAAAAATAGAGTTAAAACAAGCTTTTTCATAACTAAATAATAGCATAAAATATTTCATGATATAATTTTGTTATGGTGATGAGTAAAAAGGCAAAGATTATAACTAGTTTGGTTGTAGTTGCGGGAATGCTTGCTGCAACACCTTTTGTTGTTTATTTGAAGGTTTTGCCTTGTGCGGTTTCGCAACCAAAATTTATTAGTTTTGTTGAAAAAACTGTTAATAAATATGCGGGGTTGGATATTGAAATTATTCATCCTGAGTTAAAAACATCGCTTTCTCCTGTAATAGAATTTAAAGTTGATGAACTTTCTGTATCTAAAAAAGGGGCAAGTTTGTTGAGCGTAAACAAGTTTGACACGGTAATTTCGCTTAAGGAAATTTTTGACAAAAACATAATTATCCAAAAATTAGGTGCGGATTATATTTTTGCCGATGTAAATAAGTTGATGGATTTGTCGCAGCCCAAAAAAGAAGAACAGAAAAAAACTGAATGGGATTTTGATTTCTTTGATTCGTTGTTGTATGTAAAAAAATCTGTGTTTTTGTATAAGATTGAGCCATCGACTTATGTAACTTTAAAGGCTGATGATTTAAAAATTGATAATACTCAAAAAGTTATCAGATATGTGCATTTTAACCTGACATCAGATATTAAAAAAGATGGTAAAAATCTTCATTTTAATTTGGTTGATAGAAATGCGGTTTTTATTAAAAATAAGGCGATTTGGGTTCAAAATTGTT
CP017245.1_gap52	1732938	1735183	2245	GCAAAGTTTTATAATTATCCGCACTGTTTAACAAATCCGGAAATTAAAGAAAAATTTCAAAAAGCAACTAAAGAATATCCTGATTATGTATTATCGCAGGAAAATATTTCTTTTTTTGATAAAGACCAATTTTATTTGTTTAAACGTGGTGAAGTTATCGCTTTTGATACTGACTATTTAACGAGCCTAAAAAGCCTAAGAAAAAATAATCATTCAGTAGATGATACGGTTAATGTTTTAGTGTCAATATTTAATAAAATGGTTAAAAATGTTAAATAGTTTGTTTTAGGTTTTTATATAAATTTTCTGCGATTGTTTTATGGCTTTCGGCTGAAAAATGAAGTCCGTCAAGAGGAGAAACTTTGGCAATCTCGTTTAAGTCTACAAGCTTACACGCATGTTTTTCTGCTAATTTTTTATAAATTTGTGGTAAATGATAAGATTTTTCAACAGAAATTTCATCAAATTGAAAACTGAAAACACCACTTTTAATCCCTGCTAAATCTAGTTTTGACGGACAAACAAGGATTATTTTCGCATTAGGTGATAGGTCTTTGGTTATTTTTATCAGTTTTTCTATTCCTTGTTCAAATTCTTTTAATGTTGGTTTGAAAAACAATTGTAAATCGTTTACTCCGATTGCTAGAATTATTATGTCGAAGTATTCGGCTTTTAAATATTTTGGCAAAATTTTGTAACCGGTTTGTTCTATACCTGCAGGATTATCAATAAATGCGGTTCTGTTGTTGCAACCGGCTTCAATAACTTCAAGTTCGTTTCTGCAAAGAGATTGCAAAATTCCTGTCCATCGAGTATTTTTGTCATATCTTAATCCGCTTTGTGGGATAAATCCATATGTGTTGCTATCTCCAAAACATAAAATCTTTTTCATAAAAACATAATAACATAAATAGAGTGAGTAGTGAGTAGCGAATGGTGGATAGTTCTTATATGGCTAATTATTAAAAAATATTAAAAATTTGTAAATTAGGGGCTTGACTGAGAGTGTACTCTCAACTGTAAAATAATAATTGTATAAGGAGAATATTATGAGTAAAAAAGTTTTAATCTTATCTGCAAGCCCAAGAAAAGGTGGAAATTCAGATACTTTGTGTGATGAATTTATGAAGGGTGCAAAAGAAGTTGGACATGATGTTGAAAAAATATTTTTGAGAGATAAAAAGATTAATTACTGCACAGGTTGCGGATTATGTAACGAAAACGGCTACATAGCTTGCTCTCAAAAAGATGATGCTCCTGAAGTTTTAGAAAAAATGGTTCAGGCTGATGTTATTGTTATGGCTACACCTGTGTATTTCTATACAATGAACGGACAACTTAAAACTCTTATTGATAGATGTTGTTCAAGATATACTTCTATGGTTGGAAAAGATTTTTATTTCATCGCAACCGCTGCTGACATGAGAGAGCAAGCGTTAGAAAGAACTTTTGATGGTTTGAGGGGTTTTATTGCTTGTCTTGAAGATGCTAAAGAAAAAGGTTTGCTTTACGCAGCAGGCGTTTGGCAAAAAGATGAAGTTAAACGTACAAGATATATGAATGAAGCCTATGTTATGGGCAAAAATGTATAAATAAGGAGATTACAAGATGATTTTAGACAAAGTTAATACCCCTGATGATTTGAAAAATTTGTCTGTCCAAGAAATGAATTTTCTTGCAGACGAAATGCGTGATTTGATTATAAAAAAAGTAAATACAACCGGTGGACACATGGGACCAAATTTAGGTATTATTGAAACGACTATTGCGATGCACTATGTTTTCAATTCTCCTGTAGATAAATTTGTGTTTGATGTTTCTCATCAATGTTATCCACACAAGATTTTAACCGGAAGAAAAGAAGGGTTTATGAACCCTGAAAACTATTTGAAATACACAGGTTATACTGCTCCGGAAGAAAGCGAACATGACTTATTTAAGGTCGGACATACGTCAACTGCTGCAAGTTTGGCAGTTGGAGTTGCAAAAGCTCGTGACTTGAAAGGTGAAGCAGGAAATGTTGTTGCAATTGTCGGTGATGGCTCATTAAGCGGCGGAGAAGCATTTGAAGGTTTTGATAATGCTGCAGCTCTAGGTTCAAATATTATTCTTGTCCTAAATGACAATGATATGTCTATTGCTGAAAATTATGGTGGAATTTATGCTAATTTAAAACTTCTCCGAGATACAAAAGGACAAGCAGAATGTAATTTGTTTAAAGCTATGGGATTTGATTATTTATATG
CP017245.1_gap53	1758267	1761326	3059	GAAACCGTTGATGCCATTTTTATAATCTTCAATATTACTATATTTAGAAACAATTTGTTCGCTTGTTAATACGTCAATACCGGCACCTGCAGTAAAGTAATTTTTAATTTTGTGGAAAATACTCTTGTTGTGATCTTCTGGTTTTGCATTAAGTGCAAGTCCTGAAATTCTTGCAAACGCATCAGAGAAACCTCTAGCCATAGCTTTTGCCGCAAACAAGATTGCAGTGAAGCTTGAAATATCACGAACTAAGATTTCTTTGCGTTCTTTATCGCTTTTGGCATTTGTATATCTTGGTGGTAAGCAAAATCCAAATAACAATGTAAGCATTCCCGGAACAGACATTGATGCACCATTAAATTCAAACTTACTGAATACTTTGCCCAAAACACCGTCTTTAGAAGCTTGTTTACCGATGCCTGAAGCCAAACCTCCAGTGAAAGCTACATTTTTATCTTGTTTATTTTCTACTTGTTTAGAAGTTTCTTCTTCAAGTCCCTTCAAACCAGGATCGTGTTTAAGTCCCATATTGTATAATTTTGGAATAAGTGTGTAGAATGCAACTACAGCTCCCCACATTCCGAAGTTAGAAAGAACACGAGTACCTTTTCTATGAAGATTGAAATTGTCTACAAATTTTGTTAATGAACCGTCAGATGCCAATTCTTCAACAGTGTGACCAGATTGTTTGTTTAGATATTTATTTGTTTTATCTAGAACATCACCGGTATAATCGCCCAAACTTTGGATTAAACGTTTGATATTAGAACCAACAACTTTGTCTTTACCTTCTGGTTTAAGCAATACACCCATTTCATCGCTTGATGGAGCAGCATATTGTTTTCGAAGTTTCATGTATTCTTCAACTAATTCTCCTTGAAGTTGGTTGGCAGCTTTTTTATCTTTGCCTGCACGTTTTGATTCAACTTCAACAAGTTTGTTTGCAAAATGTTCTGCTTTTGCCTTTACATCAAATTGTTTATCAGTAGAGTTGTTCAAAACATTTTCAAATACTTGAGAATAATAACCTTTTTTGAACTCATTAGTGTTTTTTAATTGAGAAGGATTTTTTGATGCGTAAGATGCAAAATTTTCACCCAAAACATTGATATGATCTACGTGAACATTATTTGCAGTTCCTGATGTCTTTTTCAAAACAGTAAGAATTCCCAATGGAATTAAGAACGCACTAGGACCACTCAAAATTTCACGAATACCTTCACGTCTTGCAAATTCCCAGTTCAAAGGTCCTGTTTTTTTACCGTTTTCATCCTTTTGTCTGTTACGGTTCAAGCCTTCATAAATTCTCGGAGCAACCATGCCAATACCGTCTTGCGCAATAAATGATGCGGCAAAACCACCCTTATCAATCGCATCCATAACTGTAACAACAGGGTTAAAACTTCCTGTAAAAGATGTTTGATTGTTTTGTTTTTGCTCATTAAGTTTTTGGTGTTTTTGCGCACCGATTGCTGAATTGATTGCTTTTATTGACATGTCCCTACTTTAAATTTTCATGACTACACATATATTTATAAAACTTATAAATTACACTTATTGCTTTTTTCTGTATAAATTTTAAGAAAAATTAAGGTTATAAATGTATTAAGTGTAATTATTATACTTAATATTTGTTTTTTTTGCAAGTTATTTACTACAAACATAACAAAAATGTTACAAAATTGTTTAAAATACTCTATTTGTAAATAAAAAACATTTTGTAAAATCGAAAAATTGACATCTCTTTTTATCCGAGATAAGCTGATTTTATGGTAGTAAATGTTATAGGTGCCGGACTTGCCGGTTCGGAAGCTGCTTTACAGCTTGCCAAAAGAGGAATAAAAGTTAATTTGTACGAAATGCGACCTGAAAAATCAACAGGAGCGCATAAAACTGATAAATTTGCAGAGTTTGTCTGCTCAAATAGCTTGGGTGCATCTGATTGTTCAAACGCATCTGGTTTGTTGAAAAAAGAGATGGAAATACTTGGTGGAGAATTGATTAAAATTGCACGTAAATGTTCGGTTCCTGCCGGAAATGCGCTTGCGATTGATAGAGAACTCTTTTCTCAAACAGTAACAGATAGGATTAAAAACGACGAAAATATAACTATTCTAAATCAAGAAGTTTTGGAAATTCCTGACGGATATACGATTATGGCATCAGGACCTTTGACTTCTGAAAGTTTGGCAAGCTCTATAAAAGATTTTACGCAAAGCGAACATTTACATTTCTTTGATGCTATTGCGCCGATTGTTGAAAAGGACAGTATAAATTTTGATAAAGCTTTTTATGCAAGCCGTTATGACAAAGGGGAAGCCTCTTATATCAATTGTCCGATGAATAAAGAGGAGTACGAAAAGTTTTATGATATTTTGATTAATGCTCCAAAAATCGAGTTGAAAGAATTTGAAAAGAATGCAAAATTCTTTGAAAGTTGTTTGCCGATAGAAGTTTTGGCATCTCGAGGAGTTGATACGTTGAGATTTGGACCGATGAAACCGGTTGGTTTGATAGACAAAAGAACAGGTGAAAAGAATTATGCTGTAGTTCAATTAAGACAAGACAATTCAGCAAAAACTTTATACAATTTGGTTGGTTTCCAAACAAATCTAAAATGGGGTGCGCAAAAAGAGTTGTTGCAGTCAATTCCTGGTTTAGAAAATGTTAATATTATTCGATATGGCGTAATGCACAGAAACACATTTATAAATTCACCAAAAGTTTTAAATCCGTCATTACAGGCACGTGTAAGGAAGGATTTGTTTTTCGCAGGTCAATTAACCGGAACGGAAGGTTATACAGAATCTATTGCGACAGGCATGCTTGCCGGCATAAATATGTCAAAATTATTGACTGGAGAAAATTTGCTCGTTTTGCCGAAAGAAACTATGTTGGGAGCATTAACCCAATATATTAGTGATGAAAAACATGATAAATTTCAGCCTATAAATTCAAATTGGGGAATAGTTACGCCAATAGAGTTGCCTAAAAAAGAGCGTAAAAATAAGAAACTGAAAGCTGAATTGATTTCTAATCGCTCAGTTGAGTGTTTGGTA
CP017245.1_gap54	1785752	1788467	2715	TTCAGTATCTTCCTTAAATTTCAATACAAATTACAGACCAGCATTCTCTGCTCAAGAAAATGCGCCCCAATCTGTTAAAGCTGATAATATTAATAAAATAGAAAATTCGGATAAAAAAGATAGTTTTTTATTAAAAGCAAAAAATATGTCCCCAGAACGAAAAACTTTGGTAATGTTTGGAATTGGAGCGGCGTTGATTGCTGCTGGAGTACTGGTTAAAAAAGCGTTCAAACCTAAAACTGTCGTTAATCCTGCCGTGAAAGATATGTTGGAAACTCCAAAAGAATTTAATAAAAAGTATGTGAATGAACTTATTGAAAGAATGAAAACAAAGTCAAATTTAAAAGAGGGTGATGCAATTTATTGTATTCCTCGTAAGATATTTAAAGATGTTTTTGGGCATAATGCAGATGATATGAATAAAATTTGTGATTATTTGAAGATATCTGAAAATGGTTTCGTTGCTGCTCCTGCACGCAATACAAACGGAATTTTGCAAATAAATAATTTTTCTGAGTTTAAATTTATTGACCCTGAAACCAATACAATATTGGCATTTGTAAACGAAATAAAAAACGGGAAACTAGTCCCGCTTTTAGTTTAATTATTTGTTAAAAATTTTTATATTAATCTTTTGAGAAAACCCACCAACCCTTGTGTTTTTGAGAAGGTTGAATTTTAGGTTGGGCAATAATCTGTTGTGATTTAATTGGAGCATTTGGTGCAAATACACTTGTTGACAGTGTGTTTATGTATTTGTTGTTTAAGTGTGCATAATCAAATAAGATTACACCTTTTGCGTTCAATTTTCTTGCCTCATGGATTTGTCTGATTAAGTCTTCATCTGAGCCGCCCATAAATGTTACAAATAAACCAGCGTAAAAGTCTGTTTTGGCAGATTTTGCGTTAATAACATCTGTCATCATTTTGTTTGCGGTTTTAGAATCACAAGTCAAAAATAATGGTGTAAAACCATCTAAATAATCTCTTGTTGACCAAGTTTTCCAATCTTGTTGTTTGTTATCAAGTGCAGTTTGTCTGTCTGGGAAGATTACGGCACTTATGTATGTATGAGTTTGTCTGCCTAAGCATCCAATTTTTTTTACCATATCAGTAACTTTTTCTCGCCTATAATTACACCAATCTTGCCACAATGGATCGTTTTTGGTTAGACTTGCGGGATCAACTCCATAAATTGATTTAAAATCGTTTCTTGCATAATCTGTATAACCCCAGCTTGTTGCATCGTTTGAAGATACAGTGTTTGGATATCTTATATAATCAATATTGATGCCGTCAGGTCTGTATGTTGTTACTATTTCTGTTGCTAATTTTAACAAAAAGTCTTGTACATAAGGATTTGCTGGGTCTAAGAAATAACCGTTGTGTTCAGAAGTTGATTTTGATGGTTCAAAAGAATTTATATCTTTTTTTAATTTATTGCCCCAAGATGGGTTCATTGCAAGTATGCTTTGTGGATTGTCTTTTGGGTTTTGCACTCCTGCATAGAATGTTTCAAACCAAGTATGAATTTTTATATTTCTTTTGTGAGCCTCTCTAATCCATATTGCAAGTGGATCAAATCCTTGAAATTGCTCATATTGAGGGGTAAAACCGTATGCTGCCATAGTTTGGCTCGGGAAAATAGTCTTCCCATGATAGTAAGTTTCTAAGAATATATTGTCAATTCCAGCTTGTTTAATTTGATTGAGTGTTGATACAATTTCTTGTTCAGATTTTTCTGTCGGTCTAATCCATACACCTTTGAGTTCATTTGCTTTGTAAGGTAAAACACTTTTTAGAGCATCATTTGATGCTTCAATTGCAAGCTGAGAATATTTTTGTACTTCATCTGGGGTTTTTCTTGCTTTTTTAACGTAATCTCTTGCATCATTTATGTAGCTATATGGTACTTTCCAGTTATAATCAGGACTGATAGTTCTGTAATATTGGAGCATTTGCTCTGCTTCTGCTATTTTTTTTTCAGATTCAAAAATATAGCTTTCTGATGTTGTATATGTGTAAACTAAATTAGCATCTTTATCTATATATATTTTGGTACCAACTTTGATACTTGAATTTATCCAATTTTTAGCTTTTCCATGTCCGCTCAAGACAATTCCGTTTGCAGGAATATATGAATCTGCTCCAGATAATTCTGTAACAGTATTATCTTCAACAACAGCCTCCGCACCGAACTCGTTCGTGTTTGTTCTAACTCCGTAGTTAGGAGTATAAATTACTAGTTGATTTGCTCCTCTGGCTCCCGGAAGGTAGCTACCGGCTTTGTTGGTTGTGGCAGTAGGATCAATTGCGTTAATCCAGTTTTTGGTATAGCTGAAAACAACTTCACCTTTTGCCGGTTGATATGGTTTAAATACTAATGGAAGTTCTTCTTCCGGTATTACGATTTCTGAATTATCAAGATTTATTTGATTTTCATCATCTACTAATAATTTTGTTTTAATTGGTTCAGGGCGTTTCCTTGCAGTTAGTATTGGGGTAACGTCTTCAGCTTGACAGGTTGATGTTACAAAAAACATTGCTGCCAATATTAATGTTATTTTTTTTATATCCATTTTTCTCTCTTTTACTCCCTGATTGTCTGAAATTCTCTCTTTTTCTATAATAACTCATAAAAACGATTGAGCCAAATTATTTATAATAATTAAACAAAAAATCGACAAATCATAAATTCGAATTGTCGATTTTTTT
CP017245.1_gap55	1793120	1796655	3535	TCTGACGTAATCGGTTTTATTGCCTTGATAACAGTATTTTTGACGATTGTAAAAGTATTAACAAAGCCGAATGAAACTTTAAGTTGTAAATCGTTTGAATTGTGGCTTTTGGCTTATTTTATGTTGGTTATAGTTAGCCTTGCAGGTTCAACATTATTCCACTTGAGCTTGAAAGGCTTTTTCAAGACTTTTACATACATGGCGTTTTATTTTTCACTTGTTCAGTATTTGAAAAATAATAGAAATAAAATTCCGTATTTGTTAGGTGCAATCGGTTTATGTGTTAGTTTTGAAGCTATAACAGGATTTTTGCAAAACTTTTCACATGTTGAAGAAATTTCCGGTTGGCAAGATGTTTCAGGTTTAAATCCAGAAGAAGTTATGACAAGGGTTTATGGAACGCTAAAACCTTATAATCCTAACCTTTTGGGAGGTTATTTTGTCGCAGGAATTCCGTCTTTGTATGGTTTGGCTGCATACTTTTTAGCTGATAAAAAATACAAATTCGCAATTGGTGGAGTTTTGTTGGCATTGTTTTCGACATTAACCTTATTTTTGACTGGTTGCAGAGGCTCTTATATCGGAATGATGGTGGTATTTTGTGGAATGTTTGCGGTTAGTGCAAAATATTTATGGCAGAATTATAAAGCTATTTACTTGTCAATTGTAGGTGGTGTTGTAGCGTTTGCAACAACTGCAATATTGCTTGTTTCTTCTTTGAGAGCGAGAGTTTTATCAATTTTTGCAATGAGGCAAGATTCTTCAAACTCATTTAGATTTAATGTTTACCATTCGTCTGTTGATATGTTTAAAGATAATTGGTTGTTGGGAATTGGTGTTGGTAACCAAAATTTCAGAGAAATATACGGACTTTATATGAAAACAGGTTTTGATGCTTTGAGTGCATATAATATCTTCTTAGAAATTGCGGTTGAAAGTGGTTTATTTGCACTAATTGCGTTTGTCGGATTTTTGATAACATTGATTAAAAATTCGGTTAAATTCATACTAAAATCAGCAGATACAAAATCAGTTATATTTGCAGCAACTGCATTGATTTCAATATGTGCGGTATGTATTCATGGGTTGGTTGACACGGTGTTTTTCAGACCACAAATCCAATTTGTATTCTGGACAATGGTTGCAATTGCAAGAACTATCGTTGTTGAATAAATCCCACTTATTAAGCTTATGTAAAGGCATGGTATTATTGTGCTAAACTAATAATAAGGATGGTAGATTAAGAAGGAGATATAAAGATGATACCTATTTTAGATTCAAAACGTCAATATGCTACTATTGGCTCAGAAGTTGAAAAAGCAGTATGCGAAGTTTTGCGTTCTGGTTCTTATATTCTTGGACCGAATGCTAAAGCTTTTGAACAGGAAATGGCTGATTTTATCGGTTGTAAATATACAGTTGGCTTGAACTCTGGTACAGATGCTTTACACTTAGCTTTGCGTGCATTAAACATTGGTGCAGGAGATGAAGTTATTACAGTTGCATTTACATTTGTTGCTACGACTGAAGCTATAGGTATTGTTGGTGCTAAACCTGTTTTTGTTGATATTGATAAAGATACATTTAACTTAGACGCATCTAAATTGGAAGCTGCTATTACACCAAAAACAAAAGCTATTATTCCTGTTCACTTATACGGTCAACCTTGTGATATGGACGCAATTATGGCAGTTGCTAAAAAACATAACTTGCACGTAATCGAAGATTGTTGCCAAGCTATTGGTGCTTTGTATAAAGGCAAAATGGTTGGTACATTCGGTGATTTCGGTTGCTTGAGCTTCTACCCAACTAAAAACTTAGGAGGTATGGGTGACGGTGGCTTGATTATGACAAGCGACGAAAAACTTCGTGATAGAGTAATTGCTCTTCGTAATCACGGTGGTGCGGTTCGTTATCATCACGATGAAATCGGTGTAAATAGCCGTCTTGATGAAATTCAAGCAGCTATTTTGAGAGTAAAACTACCTCACGTAAAAGATTGGAACGAAGCAAGACGTAAACACGCTTATTATTACAACGAATTGTTTAAAGATTGTGCAGATATTCAAACTCCGGTTGAATTGGATGATACATATTGTGTTTACCACCAATACACAGTAAAAATCCCTAATAGAGATGAAGTTCACAAAATGCTACAAGAACGAGGTATTGGTGCAATGCTTTATTACCCAATTCCTCTTCACTTGCAAAAAGTTCATGAATATTTGGGTGTAGGTAAAGGCTCATTACCTGTTTCTGAAAAGAATACAGAAATGGTTATTTCATTACCAATGTTCCCTGAATTGACAGAAGAAGAACAAAGAACTGTTGCATCTACATTGATTGATTGTATAGAAAAATCAAAATCAAAAGCTACAGTGTAGTTTAAAAAGATAATTGAAACCAAAATCATCCGAAGCTTATATCTGTTTCGGATGATTTTTTATGCCATAAATATTTTTGTTGCAGTTTCTGGAGGTCTAAAAAATGGGTTCATTCCGACCATTCCGGCTCCATCGTTGAATGCTATGTCGAACGCTCTTGAATCAAACTTGGTTGTCGTGTGTTGTGCGGTCAAACCTAAAAATTGCGTTTGATTGTACATCCTGTTAATTTGCGCAGGATTGGAATCATAGTTTTGTAATGTGATTTTTTCAACGGCAGAAGTTGAAGGAGCTTGTACTCCAGAAATTGCTTCTATTCCACTCATTCCGCCTTGATTATTTGGCATGTTTTTATCCTCTTTTTAAGCAAATAGGTTCAAAGTTCTTTGAACTTCTTCGCAAAATCCGTTTTTGTATGTGTATTCTGTTGGTGGTTGTCCGTTTACTTGTCCGACATAACCCATTGTTGGTTGTTGCCACAACCCCATGCTTCTTGTGTTTGCGAACGGGTTTTCACCATCAATTGTGTTGGTTGAATGGTTGTTTGCTGATTTGTAAAGTTTAACGGCATCAACCGGATTGAAATATTTGCGTGATACTGAATCGACTTTGTCTAAAGCACCCATGATAAATTTCCTATTTTATACTCTTATATATATAAAGTATATATTGATTAAATAATTGCCTTTTGTAGATATAGTTCGTTTACAATTGTTAACATCTATTTATTGCATTTACCTATGCCCAAAAATAAATACAAACTAACAAATTGTTAAGAATTGTAAAGTGTAAATCCTACACTATATAAGGGTTTTCAAAGTTTATAAAAAAATATTATTTCCTTCTGTTGACATTTAAAATGTTATATGGAATAATAATTACATAAGATTTAAGTGTAGTCGAAACACTAAATATAAATAGATTCATTAACCCCAAAAACATATAAACTCCTAAATAATAAACACTAAAAGAGACCATTAGGATGCAGAAAACGACCCACTCAGCAATGAGTGGTTTTTTTTGTGTGCTATTACGTAGCTTATAGTGCAATAAGGACTATAGGTTTTTTAGTGAAAAGTGAGAAATGAAACGTGAAAAGACCGTATCGTTACGAATAAGTGAATGGTGAATAGTGAGTAGACTTTATTGGT
CP017245.1_gap56	1798335	1803046	4711	AAGATTTAATAAATTCACTAATGACATATTTTTGATTTCTTCAAAAGTTTTCGTGTTTTTATCCGAAATATCAACGAAATTATTTATAGAATCTGCAATTTTGTTCATAATTGCCATTTCGTTTGCTTCCGAATCAAAAACAAATGAAATTTTCTTTATTTGTTCATCTTTTTCTTGTTTTGTATGTGGAATTTCAGGTGTTACTTTTTGTTCAATAAATTGAATTTCCGGCATTGGCTTTTGTGGTAATACCGGCTTTTTGGGAATAAACAAACTGTGATATTCAATTTCTGAACGCATAGTCTGTCTTGAAATCAATAAATCTCTTTCAAGCGGTTTAAGCGGAAGTTGAGTATTATATAGCTCAACACAACTTTTATGGATTTTTATAGCAATGTTGTCTGCAATAGAGTTTTCAGAGATTTCTTTGTAATAATCTTGCAAATAAATCATTGCACCTTCTCTTGTCAAAACCATATTGTCGACAAGGAATGCGATTTTGTCTGCGTCATAAAGATGTAGAGTTTGCAAAAGTTTTACGTTTACAGGATGACGCATAATGGTTAAAAATCTTACTAAATGCCCGCTTACCGGATCGACAAGAGAAAGAGCTTCTCTTAATATAAAGTCGTTAAAAGATAAAAAACTTTTTGTGTAGCCTGATAGAAATTCCATTAGGTTAAGTTTTCTAATTTGCATAATTTTTATGGACAAAGTTGTGTAAAAATAGTACCCCCTTGAATATTTATATAATTCATCAGAAAGTGGACCTATTTGTTTGAAATCTTCTGATTTTAGGTATTTTTCAAAAATGCCTTTATCAAGAGCCGAAATTGCCACCCTTTCAAAATCGGTAGTAAAATCATTGTAATCAAATTTTCTGGCAATAAGGACAAATTTAACTTTTCCTGATTTGGCTAAATGGTTTATAAAATCGAGAATTTCTTGTTTGTTGTCTTTTGTAATTTGTTCAAAAGAATTTATTACAATAACTATCGGTTTTTCAATTGATTCAAAATAAGCATTGATTTTTTGTGTGAAATTTTCGGTTCTGGCTTTTGGAATTTGGATAATTCCTTGTGCGGTTAACTTTTTGAAATTATCAAAAAATTCTAACAAAATATCATCGAGAATAGTTGTTTCAAAACAGTTGTATTTAAGAGTTATGACATCATCTTCAAGAAAAGATAAAGCTTGGTTTACAATCAAAACTTTCCCAGTTCCCATAAAACCGTTTACCAAAAGAACTGGTGTTTGGGTTTGGAAAAATTTTGTAATCTTTTCGATTTGGTTAAAATTGTTTTCAATCAAATACGGATTAATCCCGATATCTTGTTTTTGTACGATTTTTTTATCAACAGCCTCTTTTATAAATTCCATAAAGCTATATTAATAGATTTCTTAAAATTTTGCAAATCAAAAATTTTTATAGTACAATTTTGTTAGAACGGATAGGGGAAACAAAATGGAATTTTTCAGAAAACATCAAAGAGCTATTGTTGCAATAATTGCAGTTACATTTATTGCGTGGACTGTTGGATTAATGCTGTTGCCTCTTATGGTGAAATAGGTATATTGTGGGTATAAATAGATTTGTAAAAAAAATGTTTATAGTATTTGTAGCATTGCTTATAGGTAATATAAGCCTTGTTGCTGATGCTAATCAATTGAAAACAATTCAACATAAACAAAGAGTTACCCATGAAAAAATTAAAAGATTAAAAGTTTTAGAGCATCTTGAAAAAAATAAACTTTACAAAAACCAACAGAAATTGGAACAGGCTTCAAATACTTTGCAAAAATCAAAAAACCAATATTCTAGTTTAGAAAGTCAATTGGCGCAAATGGAAAAAGATTTGAACGCATCTGTTGCAGAATTTAACAAAGCAAATGTCGATATGCGCAAACGTATTCGTCAGGTTTATAAAAACCAAAGAACAGGTATGTTTCAATTAATTTTGACTTCAAAGGATTTAAATTCATTGTTGGATGTAATATATTTTGAAAAGATAGTTTTGAAGAAAAATTATGCTCAAATTCTTGCAATGCGTGCAAAATCTCAAAGAATTGCGGCTATGAAAAGAGATGTTCAGGCTAAAAAAATTGCTTTAGCTCAATCAATTCAAGAGATAAATTCTCAACAAAGAAATATTAAGTCCGCAATTGCAATGAACCAAAGTATGATAAGCAAGTATAAAACAGATAGAAAGACTTATGAAAGAGCGGAAAGAGAATTGGCTCGCCAATCAGCAAGTATTCAAAGTATGATTGCTCGTAACAGAGGTCGTTCTACTGTAAAAATCACATCAACAGGTTTTATGCGCCCGATTGGCGGAAGAATTACATCTCCATTCGGTTGGAGAACTCACCCGATATTTAATAGTAGAACATTTCACTCAGGTGTTGATATTGCTGGACCAAATCATGGAAGTATCCATGCTTCAAACTCAGGAAAAGTTATTTATTCTGGTTGGTATGGAGGATATGGTAAGGTTGTCATCTTGGATCACGGTGTTGTAAATGGAAAACCGACTACAACCTTGTATGCTCACATGTCATCTATAAAAGTTGGACAAGGACAATTTGTTCATAAGGGAGATGTTGTCGGGTACGAAGGAACTACCGGTTACAGTACAGGACCGCATGTTCACTTTGAGGTGAGAATTAACGGAAAACCAAACAACCCATTGAATTACATTTAGGTATAAAGGCGGAAAATTGAAAAAATATTTATTAACAACAGCATTAATATTATCGATGTCAGCAAGCGGAGTTTTCGCTGCTGATACTATTACTTCGCCTGCGGATTTAGAGAAACTTTTTAATGAGAATTTTTACGAATCTCCAATGGGGATTACAATGCCTAATGTTGAGGTCGTTGAGGGCAGTAATATTAAGCCTGTTAGAGGTATGCCACTTTTCAAAAAAACTCGTATTAAAGTTACAAATTATTTGAGAGAAAAAGATTACAAAAAAACTCTTGAATTAATTGAAAAAGAAAAACAGGAACAAGCTCGCTTAGAAGCTGAAGAAAATGCAAAGCTTAATAATGAGTTAAATATAAATTATGTTGAGCCAGTTAATGATAATGAAAAGGTTTCTAAGAAAGATAGAAAAGGTAAAAAAGACAAAGAAGAAGTAACATCTAATTCAGATACGACTTTAGAATTGGAAGGTGGGGTAAAACAACAGGTTACATCAAATGATGTTGTTTTGGATGCTGATAATGTTGATTATGATGACAAGACAATGGATATTATTGCAACCGGTTCTCCGGTTTTGGTATTCCCGCCACAAAACGTAACTATAAAAGCCGATAAAATGGTTTATAATAAAGTTTCTAATACTTTGAAAGCATATGGGAAAGTAGAAGTAATTAGAGATGGAAATCATGTTTTCGGAGATTTTCTACAAATCAACATGAACGAAGAAAATGCGTTTATGGATAATTTGCATACAAAAGCATCTATGATGACGGTAAAAGCAAGATCTGGTGAAATGCAAGATGATAAAATTATTTTATATAATGGTAAACTGTCATCAGAAGATCATTATATTTTGAATTTGGAAACCAGGATGATTGGTGGAAACCATTTTAACAGAATGATGCTTGATGATGAAGAAAAATCGTCAATTACAGATGCAACAGGTGACACTACAATTAATATCAAAACAAAAGATATTTTTGTAAATGCTAAAAAAGATCATGATGTTATAACTTTGAAAAAAGCAAAAATCAGATATGGTGATGTTAATTTATTTACTTTCCCTTCTATTTCTGTTCACACAAATAAGAAACATGAATTTTTTGATGCAAATTACCCTGAATTTGGTTCACGTGGTAGATTGGGAATGTTTGCAGGACCTGGATTTGTAGTTGATACTCCGCTGCAAAACGGTTCTACATTAAAATTGATGCCAATTCTTAATAACAAAAGCGGTATAGGTTTTGGTGGTTTGGCAAAATATAGAAGTGCAACTAACTATACAGATTTTGGATATGGTTCGTCAGCGGATGTTTTCATCTTAAAAGGCAGACAATATTTGGATGATAAATTATATTTGCAATACGGTGCAAATTCGTTCATGGATGAATGGTTCTTTGGGCCTAGAATGCCTAAATATACTGCTGAATTGGTTTATCGTGATAGTGGCGTAATCCCATCTACTATTGGTAAAGGTTTGGATTTGAATTTTCAACACCGTTTTGGATTTGGTTATATGCAGAACAATGACTATAACAGGTATGGCGAAAGTATTGCAAGAAATGATATTGGGACAACAAGAACCAGATATATGGCAAATATTGATCAAACATTGTTCAACTATACAAATCCTGAAAAGCTGATGGCTTTAAATGTCGGATTGGTATTGCAAGGTAGTGCTGCATTATATGGTACAGGTGATACTCAATTTGTTGGTAGAATTGGTCCAAGAGTTCATACTCAATATAAACATTGGATGCAAGATGTTGGATTTTTTGCATCGGCTTATCAGGACGGAACTCCTATGCAGATGTACGATATGTACAGATACGGTCATGCAAATGTATATATTAGAGAAGCTTTGCGTATTAATAAATATTTGACTGTTGCTTGGTCTGGAACTCTTACGATGACTGGAGATTCACCAAATGGGGAAATGTTCCAAGAAAACTCCTTTATTGTTGCTTTAGGACCTGATGATTTTAAATTAAATATTGGTTATGACT
CP017245.1_gap57	1805362	1807738	2376	GAAATATTTGATGAATGTTTTTATTAAATCTGCTTTGGATTTGCAGAAAAAACACCCTGATTTGCAATTTTGTATTTCTCATGCTCCAAATTTGTCGGATAGTGTATATAACAAGTTTTTGAAAAAAGCTCCTTTCCCTGTAATTAAAGGGGAAAATCAAGCGTTGTTGAGTGTTTCTGATGCTTTGATTTTGGCATCTGGTACGGTTGCTTTAGAGGCTTGTTTATACCAAACTCCAATGCTTATAGCTTATAGAGGACCTTGGTTGTTCTATTTTATATATTTGATTGTTCGATGTATAAAACGTGTTTCTTTACCGAACATTATTGCCAACAAATCAATTGTTCCAGAAATTATTCAAGGCGATGTTTGTGTGCAAAAGATTTCTTACAAAATTGAAGAATTACTTTTTGATAAAAATTATAGAGCCAAGAATATTGCAGAATTAGGCGAAGTTAAAAGTTTGTTATCTGATAAAGTTTCTTCAAAAGAGGCTGCAAATGTGATAGTTGAGGCGCTTTACAATTAACAATTCTTTATAAAAAAAGCAAAAATTTGGTGTTTCATGCGTTAATATATATAAGGTAACGTATGATTAATAATGTAGTAGCTACAAATAATAAATATAATCGTGCTTTTAAGGAGTTTTCGCAACCGCAAAACGGTTATTTTTTGAATACTCCGGTAAGTGTTAATCCGAAAGATGATAAGAAGGAAAAAAGTCACTTGTTAGGCAAAACTATTGCAATTTCGGCTTTGGTTGTCGGTTTTGGAACTTTGGCTTTGTTTAGTGGCGGGTTAAACAAAGGTGCCGCAAAATTACTAGATAAATGGCGTATAAAATTGGAACGCAGAATGGCAAAAGGTGGAAAGTTGAAAAACTTTTACCGATTTGCGTTGAGTAAAGTCAATTCGTTCATTGAAAAATCTGGAAGTGTAAACAATTTTACTTCTTTAAAGGATGTTGCTTGTCAACGAATTATGTGGGGGAAAAATGGAGAAAGAACATATACTCGTAACATCCATGAAGGAATTACACGGTTTTTTGATAAAATAAGTCGTAAGACAGTTAATGCGTCTTACTCTTCTACGAATAGAAAATTTGCTAATTTGACTGAATATTTAAGTTCAATAAATGAAAGAATTTTAAAAAAGCATCCTAATAATAAAAAAGTAGCTGATGCTTTAAATTTTGCTGGTTTAAGAATTGCAAAGGTTAATGAAAATCTTGAAAAAGGTTTTGGGGTGAATGCAAGAACAGCAAGATTGAAAGAAGTTCGTAATGCAACGGATGGGTTGTTTGAATTTTTCTGGGATGCAAGTTTAAAAGATGTAAAAAACTTTAAATCCAAAAATATGTGGCAAACATTTATTGCTGAGGATTATATGTTGCCGGCAAAAATGAAATTGGCAAACAAAACTGGAGCATTAAGGCAATTAATAACACATGATATAAGCGATAATTACAAAGCAACTTCAACGGCTCTTAACAATATTCAAAAATTCGTAAATCCGAAAGATGTAGCTACAAATGATATTATGGCTAGTTTGCGTAACAATTTGAATAAATATAAAAAGTTTTCTGATGATGAACATCTTGCACAAAGGAACAATGCAATTAAAGTTATTAAAAATAATTTGAAGCAATTAAGTATTAGTTTTGCGGAAAATTCTAAAAAATATGGTTATAATGAAGATGCGGTAAAATCAATTTCTTCATACGTCGCAGAGGTAGAAGATATAATTTCAAAAAGTTCAAAAGGTGAATTGCAAGAAATTTTGACCACATACAAAGCATATTTACCAAGAAATGAATATTTGAAATTGAAATCAAAAGTTCAATCTGCTATTAAATCACTCGACAAATCAATTGATATTGAAACAGTTCAATATGTAGATAAAGCAAGGGATTTGAGATTAGGGTCTGCACCGACAGATGTTTTATCAATTGTTGGCACAGTAGGCGCAGTAGGCTATTATGTTAATAAAGCTGATGGAAAAGATGAAAAAATTTCAGCATCTTTGAAATATGGAATTCCCGCAATTGGAGCGATTGCAACTTCTTTATATTGTACTGCAAGATTGATTTCCGGTGGTAAAGCAATGTTCTTTGGTTTGATTTCTGGTTGGGCTATTAATAAAGTTGGTGAGGCAGTCGACAATGTTCGTAAAAAATATTCATTGGATGTGTCTTTCCACGCAAAAGATGTTAAAGATATGTTCAAACCTCAATCAGATAAAGTATAGCCATCGTATAAATTTTTGATAGAATGCAGGTAGAGGATTATAATAATGATAAAAACAGAAGATACAATAAGATATAAATTAGAACAACGTGAAATTGACAATTTGAATGAATATGCGACAAAAAGTCGT
CP017245.1_gap58	1822564	1824322	1758	CGTGCTTTTTTGATTTTAGGACTATTTTGAAGTGCAATCCCAACACAATCTTTAATGTTTAAAACGGCGTGTTTTTCAATACTCATTTTTTCTTCTACCGCAAGGACAGAAGATGTAGTAAGGGATAATGCAAGTATTAATGTTGCTATTTTTTTATTAAAATTCAAGCTTAAGAACCTCGTTACATTATAGTAACGATTAAAACATAATTTTTGTTCATTTTAATCATTTGTAAGTAGTAGATTTTTCTACACCTTAATTAAACTTTCCAAAAATCTTTTTGGAACATAACCAAAAAAGGTATTAATTCAAGACGACCGATGAACATTCCGGCAATCATAATAATTTTTGATAAAGATTGCAAATCCGCAAAGTTTCCCATAGGGCCTATTTGCGGGGCGAATCCGGGACCAATGTTTCCTAAAGAAGTGATAGCTCCACTTAGTCCTAATACAGTGTTCCCTTCAAAAATTGATAAAAGGACAGCTAGTCCTGCAAAAATTAGAAAATAGAAAAACACATATACAATAATTTGTCTAGCAACTTCAGGTTGAACAGTTTTGCCGTCTATTTTAATATTTATAATTGCATTAGGGTGTAAAATTCTTGTAATTTCTGCTTTCATTGTTTTGAAAACAACTAGCCATCTTGCCATTTTTATGCCACCACCTGCTGAACTTGCGCAAGATCCCATAAACATTACAACAAATAGTAATGCTTTGGATGTGTAATTCCATTGAATAAAGTCAGTACTAGAGCTGCCGGTTGAAGTCGCAATACTGACTACCTGAAATAGTGCATCTGTAAAGTTTTTGAACAATCCGAATTGATTATTCATACATAATGAAATTGTGATTAATATTGCCATTATAAGCACTAAGGCTCCGTATAGTCTAAATTCTTCGTTTTTGAATAACAATAACGGATTTTTTTGTGTTAAAACCTTGTATTGAAGGTTGAAACTTACGCCGGCAAAGAGCATAAATATCAAAACAATCCATGTGATTTCCATTGAATGATATCCCATTATGCTTTCAGGGTTTGGCGAAAATCCTGCAGCTGAAAGTGTTGATAATGAATTGCAAACTGCATCGAATAATGGCATTTTGAATATATATAACAAAATGATTTCTAAAATTGTAAAACCAACATATATTTTCCACAAAGCTGATGCGGTGTTTCTAATTCTTGGAGTGAATTTGTCCTCAGTTGGGCCGGGTGCTTCTGCAAAGAACATTTGACGACCTGCAACCGCAAATTGAGGTAAAATTGCGATAAATAATACTATAATACCCAAGCCGCCTAACCATTGAGTTAATGCTCGCCAAAAGAAAAATGCTTTCGGGTAATCAAAGCTTGTTAGGATTGTAGCGCCGGTAGTTGTAATTCCGGAAGCTGTTTCAAATAGAGCATTTAGAGGAGTTAAGCCATAAAAAAGATATGGAATAGCTGCAATTAGAGCAAACGAAATCCACGAAATTGCTACAATGAATAATCCTTCGTCTTTTCTTATATCGTTCAAATTTTCCAAATCCCTTGTATTTGGAAATCGTCTTAACAACCAACCGATAAAAATTGCAATTAAACTGGCTGATATAAACGGTACAATTGAATTGAAGTCGTGGTATATCAAAGCAACGATTACAGGGGCAAGTAATACCAAACCTGTGTATCTCATTGTTGTACTCAACGCATTTGCAATATAGTTTAAGCGCATATTACTTTACCTTAAAAAATTCCTTAATTTCTGCTGCATTT
CP017245.1_gap59	1845218	1847809	2591	ACTCCGTATTGACGAGATTAAACCTAAAGATTTCCAGGGGGATATACTTGATAAGTATGAAGAAAATTCAAAAGGTTTTCAGTGGCAAATTGCAGTTTTAGATATGTTTGAAAATGATATATCACATGAGATTTATCGTAAATGGCAAGAAATATTAAAACTTCGTGAAAATTATGAATGTAAAGGTTGTGCGACTTGTTGTAATCTTGCTTGTTCAGAGTTTTCACCTGATGAATTAAAAAAAAGAGCTGCAAACGGTGATAAGTTCGCAAAACAATTTACTTCAATTTTTATTCCTTATAATTCTAGGGAAGAAGCTCGTAAAATTTATCCTGAATATTTGAATTTGTTGGATGAAACAATTGATGAAGATGTTTATTTTTACCATTGTCCGAAATTAAATGATTGTAAAAAATGCTCTGATTACAAAAACAGACCGCAAATTTGCAGAGATTTTCCGGATAATCCGCTATGTATTTTACCAAAATCTTGCGGGTTCTATGAATGGCGTGAATATGCCCAACCTATTGCTATGATGTTACATTCAATGGTTGAAATAATAGATTATTACAAAGAAAAAATAAATTTGGCTCAAAAATAAATTTTAAAACAGAGGAAATTATGAAAGTACTTTCAGGATTGAATTTAGAAGAAATAGAAAAAATTACAGATGAACTTGGCGCATCAAAATTTAGAGCAAGACAAATTCACAATTGGATTTATTTAAAATCTGTCAAATCTATTGATGAAATGACTGATTTGGCGATTAAATTTAGAGAACAATTGAAAGAAGTTGCGACGGTTTCTGATACTAAAATTAAGGTTAAACAAGAAAGTGTTGACGGAACTTTAAAATATTTGCTTGAATATCCTGACGGTGAGTGTGTTGAAACTGTTTTGATGAGGTTTGACAATAGAGCAAATTTGACGGCTTGCGTAAGTTCTCAAGTTGGTTGTGCGGTGAATTGTTCATTCTGCGCAACTGGTAAACGAGGTTTTGTAAGAAATTTGTCTTATAAAGAAATTATTGAGCAAGTTTTAACAATTCAGAGAGATACTGGATTGAAGGTTACAAATGTTGTATTCATGGGACAGGGGGAACCTTTATTAAACCTTGATAATGTTTTGAAAGCGATGGAAATATTTAACGAAAACTTTCAAATCGGTGCAAGGCGTTTGACAGTTTCAACATCAGGAATAATTCCTGGTATAAGAAAATTGGCGGAATTGGATATGCAATCAACTTTAGCAATTTCTTTGCATGCGCCAAATCATGAAATAAGAAAACAGTTGATGCAAATTGAAAACAAATATTCTATGCCTGAATTAAAAAAAGAATTGAAAAGCTATATTGAAAAAACAGGTAGGCGAATTACAATAGAATATCTATTGATAAAAGATTTGAATGATACTTTGCAAAGCGCAAAAGAATTGGTTGAATATTTGCACGATTTAAAATGTAATATTAACTTAATTCCATATAATTCTACAGAAAAGAACGATTATCAAAAGCCGTCAGGTAATTCAATTATGCGTTTCAAATCTTTACTTGAACAATCCGGTAAAAAAGTGACAGTGAGATTGGAACGTGGAGCTGATATAGATGCTGCTTGCGGACAGTTGAGAGGAAAAGTTGATTAATTCTATCTTCTGTGTGGATAATCTTTTTTAAATTCAAAATTATCTATTAATAATAAAACTCCGCAAGTATCAGGGTTTGTCTTACAAGTTTGTAATGCTGTATCTCGACCTTGTTGAGTTAAAGTTGCTTGTGAATGTGGACCAAAATACTTATCTTTTCCTAAATATCGCTCATTATAATTGCTATCGCACAATAAAAAATCAAATTGATCTCTTCCGAATGAGTTTGGTTGTTTACTTCCATTCAAGTCAAAAATAATATCTATGCAATTCCCTTTTGTCATGTCTATAGTTGAGCCATCTGCGAAAGTAACCATTGGGGATGTATTTTGTTGTTTTTGAACTGTTTTTATATAAGGTGCTAAATATTGATTAAATATTTCAAGTGTTGCTGCTTGGTTGTAATCAACGATTTTCCCATCTTCATCTCTTATTGCTACAGGTTGTAACCAGTCAGCCGCTGAACCGTTATCTCTTTCTGACATAATTATTGCTTGTTGCATTATGCTATAAAACTTTTTTATCTTTACGCCGTCTTGTTTTCTTTGAGTTTCATTTATTAATGTTGGCAACGTCATTGCTACAACAACACCAATAATCCCGAGTGTGATAAGGACTTCAGCTAAGGTGAATGCAGCTGATTTGCGTGAAAAGTGAAACATATTTTCTTTCATATCTCTAACATTATTTCCAATGTTGTCACAATGGGTTACGTGCATAGCTCTTTCTGTTAAAGTAAAATCTTTTTTCATACTTCTCCTCATAACTAACATGTTTATAACATAATACTAACTAATTAAAATATAACTTATTTCTTTTCTTTTGTAAAGTACATGTTATAAACGTGTTAAAAATTTTATTATGAGGTAAAATGGAAAGAAAGTTGTTTAGAGCAGGAAATGGTTGGTCATTGTTTCTGCCAAAGGTAATAATTGAACTTTTAAAGATTG
CP017245.1_gap60	1865494	1867336	1842	TTAAAATGGCAGTTGTTTGGTTCGCTGCAACATTTAGCATATATTTTAACCATAATGAATGTATTATATCGTCTGGAATAAGGTAGTTTATAGCAGCTTTTTCAAAGAAAAATTTTACCTTTTCGACATTTGCAAAATCGTTAGTATTTTCAGAACCGAAAACAATTGTATTTACGTCATCATGAACTATTTTTCTGCCTTCTCTAATCGCACTATGCCCTATAAAATATGAGTATAATAGCTTTTCACGCCCATATGTTTTAGCGATAATTTTTTCACTCGTTACACCGTTTAATAACGATAAAATGATTGTGTCATCTTTGACAAAATTTTTGATGTTTTTTATAACGTCATTTAATCCGTCAAATTTTGTTGCAATGATTATTAAATCTGCTTTAAATTTAGTTTCTTCAGGAAGAACGTATTTGAAATCTAAGGTTCTGCCATTGAAGATTGTCGGATTTTTTTTGTATCTTTCAAGTCTTGATTTGTCTACTAAAACTCTTAATTTTTCAGGTGAATATTTCTCTATTTTATCGGCGTAAATGCTTCCTACTGCACCTATTCCGCATACTAACACATTTTCTATTTCTTTCATAGATATTATTGTAGCACATTTAGTAATAAAAATTTTTATTCTTTATATATCCTTAATTATATTTTGTTAAAATTTCTATACAAAGGTCTGAAATTAAGTCAATTTAAGAGAGAAAAAATACTTTATAAATATGTAGTGTAGTAGTAATTTAATGTAGTCGTGTATGGGATTGGAAATCAATCGCGCTTTTAGTGTGGGCGCATTACAACCAAATAATCGTGTTGACCGAAACCGTTATAATATTGGTTTTGGAACAGGTTTGAATGCCGATACTTTCCAAAGTACATCGGTTAAGTCACTTGCGACAGAACAGTATATTCGAAAAGCTGTTAATTCAAATCCTAAAATTCGGGCGATTGTAAAAGATTTTAACCCAGATTTGAATTTGAATATAGAAGAATTAAATGATTTACAACAAAACCATGCGACTGATACGCAAAGTATTATTAACGGAATTGCGGATAATTTACCGTTTGCTTTGCGAAATAGGGTTGATATAAAAGCGATTGACGATGCGGCGTATCTTCATGATGTGGGAAAAGTTCTGATTCCGCCAGAGGTTTTGAATAAACCAGCAAAGTTGGATGAAAAAGAAACAAAAATTATGCACACTCATTCTGAGTTGAGTTATGAAATTTTAAAAAATTCTAATTTGAACGAAAAAACATTGAACCTGATAAGAAACCATCATCAGAATGCAAAAAAAACTGGTTATCCGTGGGTTGGTAAGGATTTTAATGCAGATTTGAATTTGCAAATTCTTTCTGCCGCAGATAAGTATTCAGCACTTACCGAAAGTAGAACTTATAAAGCTCCAATGTCTCCCAAACAAGCACTTACAATAATTTATCAAGACGTAAAAGATGAAAAATTGCATCCGTTTGTGTTTAAGGCGTTAGTAAACTATGCAAAATCGGTTGAACCGATTAATGTTGCGGTAAATAGCTAAGCGAAATTAAAGTCCTCCCTTGTGAGAGGTGTTTAGTGAGAAGTGAGAAGTGAAAAGACCATATCGCTATGAATAAGTGAATAGTGAGTAGACCGTATCAAGGAAATTGTTTTCCTCCCTAATGAGACTCTGCCGAACAAAAGGTGACTAAATGTCACGTTTTGTGAGAGGTAATTTAGGTGGGTGCTATTCCGTAGGGAAACATTTAACCTTCCTTGCAAAGGAAGGGGGACCGCTTGCGGTGGAAGGATTGTTTTTTTGTCTTGCGCAGACGGCGGGAACTTTTTGTGTAAAA
