gap_id	start	end	length	sequence
CP011214.1_gap1	25126	25722	596	AGTCCCACATCATTGTTCCACGGATGATGATAAATTTTATGAACCGTGTATTGGTGAAAGAAAAAAATAAAATTACCAACATATAAAAACGCCAAGATTCCGATTACATATTTTTTGAACTTTTTTTGTTCAAATAAAAATCCAAAACCTACTCCGATTATTAGCGACAATGCATAAACCAAAAATACAGACCTTGTTATACTTCTTACTCCAACTATTGTTGCTGAAGCAAGTGGAGCCGAAAAAAGCATAATAAATGGCACTAAAATTAATTTATTTTTCTTAAGTTTTGAAAAAGCGTAAATTGAAATTAATAAAATTGGCAATTCAATTAAAAAGATAAGACCTACTTTTGGTATCGAATGTCTTTCAGATGTAATACTTGTTTCCAAAAATAAAAAACTTGGATCAAAATATGAAAAGTATCTATTTGCAAAATCAAGGGAAAAAGAAGTAATTTTATTATGAATAATACGAGTAAGTAATAAATTAGTTCCAGCACTATTGTCTTCGGCTGCGTTTTCAAAAAGAGCTGGTTTATCTATAATTGTTAATATACTCTGAGACCTAGCTCTAGACTCAACAGGAACAAAAGA
CP011214.1_gap2	28686	29275	589	AAGTTTACTAAAATAATAAAGGGGTGAAATCATTATTGATGGTAAACCCGCAATCCCAGCTTTTGTATTATTACCAAAAATCATAGTTTTCCAACCAGTACCAGAAGAGTCGACCCCAAATAAACCAATCGTTTTTGCACTTAATGAGACTTCAACTTGATCTGCATCCATTCCACCTGGAAATCTATCAATCCAAGTAAATCTTAATATTAATGAAAACAGAATTATTAATAACGGTATTATTAATAACTTATTTTTTACTAAATATTGTTTTAAAACTTTTTTTAACATCCTGAATTAAAGATAACCCCATCATTGATACCATGGAAGTAGAATAAACAATTAAACCTACAAGAGCTAAAGTAAGCATAGAATTAATATTTAATGGTAGGTATCTTCTGATAATCAAGAGTGTTATACCCATGACAAAGGATCCTACAATTGGTTTAATCATGGAATTCATAATTGAAAAATTTACATATTTTTTTGCAACAATAATTGCAACCACTGATGAAAAACCAACTAAAGAGTAGCCTACTGATGCTCCAATTACTGAATATTTAATAGCTAAAAATGGAATAAAGGCCCA
CP011214.1_gap3	97498	102010	4512	CTCAATCATAGTATTTGTCTTTGCTTATTTTTTAAAATTTTCACCCCAAGAATTTGCAATTTTAACTTTGACAGTATTTTTAGTAATTATCTTAGAATTAATTAATACCATGATTGAAAAGGTAACTGATATTATTTCTCCTGAAATTTCTGAAAGGGCAAGAGTTATAAAAGACATTTCAGCTAGTGTAGTTTTATTTGGAGCAATTGCATCAATAATTGTTGCTATATTTTTGTTTGTCCCAAAAATATGGGGTTAAAAAAAAATAAAAATCTTAATAAAGGCTTTATACTTATTGAATTACTTATAGTCTTAACAATAGTTGGAGTAATTTCAGTCTTTTCTGCAGTGAATGGCCCCACACAACTTCAAAAAGTAAGAGACGCTGTAAGAAAATCCCAAATTGATAGAGTTAAAAAAGCAATTGAAGAATATCACCAAGATACGAATTGTTACCCTCAAACAATTCCAACCTGCACAAATAGTATTAATAATGAAGAGTTGGTTTATCTTGACAAAATTGGTTGTGATCCTAAAACAAAACTTTCCTACACCTATGTTTCAGAAATTAGTGAATGTCCTAAATGGTATCAACTTTATGGCAATTTGGAATATACATTAGATAAAATTATAGACAAAATTGGCTGTCGTGAGGGTTGCGGACCAGACTGTAGATTTAATTATGGAGTTTCATCTTCTAACCAAAACTTGGATCCATATTGTAAATATCTAACTGCATCTCCAGTTCCAGGAGGCGGTACTCCTGGACCAACAACAATCCCTGAACCTCCATTACAATATGTTTGTGCACCAAATGGTGCTTGTGAGGTTTTTGAAAATCCTAATTTATCAGGTTGTCCTGATATTTATATAAATGATCCTTTATGCCAAGGAGCATGCGATAAAAAGGTAAACACTTGCCATGATGACAGAGGAAAAACAAATTAAATATTTAACTATTTAGACAAAACATAGATTAATCCAGTTTTGTCATCAGATATAAAAAGTTTTCCATTTTTATCAAAGATTAAATCTGTTGGTCTTCCTAAGACTTCACCACTTCCTTGAATAAATCCTGTAACAAAGTTGGTCATGTTTTGAACAGATCCTGCAAACATGACAAATCTTAATATTTTATTATCTGTGGAAACTAATAAATTACCATCACCATCGTAGGTAAGACCTAATGTTGAATCCAAACTTATTATTTTACCAGTTTCATCAAAAGTAAAAAAACTTGATTTTGATTGAACTTTTTCGAAAACTTTCAGGTCAGTACCATCTAAATTTGACTCTAAAATTTGAGAATTAAAAGGATCTGAAATATATAATTTATTATCTTTTATTTTTAATGTTCTAGGTAAATTACCCCCATCATCTGGAAACTCAATAATATTTTCTTTTGTACCCACTTCAAAAGAATAAGGATCATACTGGTACCTTGAAACTTTATTAGATTCAGTTACATATAAATATTGTCCATTAAATATTAATCCATGTGGTTTTTTAAGTCCTTTTAATACCTCAATTCTTTCATCCATTTTTAAATTTCCATCATAATCAGGAAGCGCCACAACTCTTCCAGCACTAGTAATTGATGCAAAAAGTGTTCCATTACTATCGAATGCTAAAACTCTAGGCAATTCTCCTTTTAAATCTGCAAATAAACTCAAATTATAACTTGAAGGAATTTTGATAGGAGAAAAAGTCTTGTCGTTTAAAGGCAAATATAGTTTTATATTTTTACTAGGTAAAATTAAATAAGGATAATAATTTTTTAAAATATAAAAAGCTCCACCACCAATAATTATCAAAAACAGTAAAAATCCAACCAACCTTTTCACCTTAATTCATTATATATCAACTATGTAGTAAAATAGCAGTTATCATTGCGGGGTCGTATAACGGCAGTACACATCCCTCTGGAGGATGTTATCTTGGTTCAAATCCAAGCCCCGCAGCCAAGACGTGCAAGTTTGGAACGGTGCCCTCAACATTCACACCTTTAATTTGTGGGTACCTTTAGAATATGGTTGGTTCCTTTTGCTTACTCTGTCATTTAGGATTCAAACGACAACTCATTTCTCGTAGAGAAGGCCTGTAAGTGATACAATATTGCCATGCTTAGCCTTAAAACATTGGATGTAGACCAGAGAACGGTTCTTATAATAAAACTCTTACAAGAACAGGTTGTCGATCAACGAAAAAAACTTGCGTATTGGAGAGATCTTACCAAACAACCATCTCAGATAGACACGGGTTATATCTCACAATATTTGCTTAGCTTAATTACATCCATATATGGTGGACTAATGAGAGGTAAAGGAACAGATCTTGATGATGGTTCAGAAATTAAAGCAGCAAACTTTTTAGATTCTTTAGATAAAAAGGGTGCCACAGCGCCCAGATGGAATTTATCGTCAAATAACTTAAAAACAATGGAGTCCTTCTTATCATTCCCGGCTCTATACTTGGTGTCAATGGATCTTAACCCCGCTGGTAAATTTAGAACTCGAGTTTGGAAACTTGACCCAAATAAACACATTCTATTTAGAAAAAGGTATCTAGAATGGATGGAAAAATTGGGTAAGGTTAAACTTGGAGATCCGGGAAGGCCAGGTATAAATTTTCAATTATTTCCACCTCATAATAAAACAGATGAAAGTTTCGCCAGACATGGAAATGGTAGAACAAATGGCTTTTCTCCAATTAAAATCGAACTTGAAGGTGTTCAGGGAGCAAAGAAAATACTACATGCAGAAGAGAATAACGGTGTTATAGAAGTTATTTACCTAGATTCCAACATTACTGTATAAATTTTCGAACAGCAATTTAATATTTCTGTTTGCGTCATATTTTTTCTCCTCATAATTCTTTATTTTTTCAGCAATCTTAAGCAGTTCTTGTTCGCTAGAACTATTCTTTTTGGGCCATGGAAGTTTGATATCCATTAGCTCAGAATCCTTAATTCTATTATGCGAGGATGACGTGCCAGAGGTTAATGATAAAACTTGTTTTAAAACAATATCAGTTAAGAGTAGTGTCTTAAGTAAGTAAGTATACTTTTCTTCATATGGCTTAATAATTTCAAATTCGCTAGAGCAGGTTAGGATTATGTTTGTATCAAACACTACAGTTACTCTTGGAATTCGTGGGTTAATCTTAGAAAACAATATGTCACCTGGGTAGCACTCTCTACCTGGAGAAATAGGATTGTATTTCATAACTTCATCTACTTTGATCGTAGAGTCTTCATTAATATGTAAAATGCTTATATGCTTGACCGTATCAGAAGCAGATTTCTTTTTTCTATTTTTTGTACAAAACTCAGCGATCTTTTTTAGGGGAATGATTTCAAATTCCTCTGAGTTAATTTTTTGGAAATTCGACACCGTATGTAATCTATCTGCACTATAGAAATTAGCATTCCATTTCCCATTAATGAGTTGTTCAAACGGGAATATTACCACTGAGGGCTTCGTACTTAAAACCTTAATTCCGTGATGTTCCTTTGCTGAATTATATAATTCAGCAATTGTTTCCAAGTCATTAGTTCCAGAATAAATTTTGGTTGCAGTTCCTACCTTTTCTTTAACTTCATAACCTATATCGCTTGCTGTGGCCATAAATATTCCATTTTGTTGAAATTTTTGCTCATATGGCTTCTGAATATACAAAATAGAGCATTTAGTTCTAGTTCCTGCTTGCGCAAAAGTAACCGCTGGTAAATCAATAACTCCTCGCAAAATAAACCTTGTCGATAAAAGGTCTCTATAAACCTCATTCATTCCTTTCGATGACACTATTCCATCTGGAACAACTATTAAAAGTCTTCCGCCTGGCTTAAGAAGTTTCAAACATCGATCAAGCATGATTAGTTCTGAATAGAGAGTTTTAACATTGGAGTATTCTTTAATTTCTGAAAGAAATTCGTATTTATCAGATTCGGAAATAATTTCGTCTATATTAAATTCGGCACCAAAAGGTGGGTTTGTAAGAATTAAATCAACCTTACCCACGTATTGATCTATGAAAGAATCCCCCAATATACTATTCCCTTGTTGAACCAGTTCAGGATTAAGCCCAGATAACAAATAGTTTATTTTAGACATCCTGACCATCCGGTCGACTTTGTCTTGACCTATGAATCCATTATTTTTTCTTAAAGAAATTATTTTGCCTTTATTTTTAATATTCGAAGATTCAATAACTTCGACCAATTTTTTATATGAGTAGATAAGAAATGAACTGACACCACTTGTTGGATCAAGAACTATAAACGAATCAGGGTTTTCAGATAAAAGGTTGTCGTAAGAAGACTTGTCGTTTTTAATATCTTTAAATGCAATCTCGATAGCTGTGTTCACGACTTCCACCGGGGTCATGTATTGGGCGTCTTCTTTATGGTTTCTAAAGTTATCTCGAACAAAATGTCCAAAAGCTTCATTTAATATATCTATATTTTTATTTGTGCCTCCATTCTCTGTAAGATTAATGTTATTAATGACTTTA
CP011214.1_gap4	200804	201337	533	AGGTCAATCATCTGGTCGGATTCATCCATAAAACCAAAAACTGAAGCACATACACCCAAATCTGCAAATTCTGGATATAAAAATATATTTGCATGTCCTGCCTGCCAGACTGAACCGTCTTCTGTTGCTGCAATTGCAAGGCCTCCAGTCCTATGAGCCAAGGAATGAGTTATTTCACCTAAAAATTTATCTAAATTTCCTTTTGAATCCCAAACTTCTTCTTTTGCTTTTACTTCATCGGTTAAACTCATTTGTTTTTCTTCCATAAGTTGATCAACATAGAATTTCATAGCACCAGATGTTGGAACTCTTCCGGCTGAAGTGTGTGGTTGTTTTAAATAACCTGATTTTGTAAGTAAACTCATCTCATTTCTAATTGTTGCAGGGGATACTCCAAGATTATATTTTTTTTCCAACGAATCAGATCCAACAGGTTCTGCTGTTTCTATATATTCATCAATAATTACCTTTAATATTTGTGTTTGACGAGAAGTTAAACTGTTCATTTTTATTAACTTAGCAGTACTATACTC
CP011214.1_gap5	204609	208076	3467	TTTGTATGAAGAAAAATAAAATATGAAAAATACTAAACTGCCTAGTGTAATAGTTCTTTTAATACTAACTTCGATTACTATTGTTTTTTGGGTATTTTTTAATATTTATTATGTTGTTTCCAAAAAGACTCCTGCTACAGTATCTGAAGAGATACTTTCTCCAATAAACCCCAAGCTTGATACAGAAGTAATCAATCAAATGGAGAAAAGAAGTTATCCTTAAAACTACTTCCCAATGAAGAAAATTAAAAAATTACCAACAATTTTAGGAATATTAATTTTAATATCTGGTTTAGTAGCTGGAATTTTTTTAGTTAATTCTAGACAAGTTTTTAAGTTAGGAGCAAGTGCTGATTTTGCTCCAAAAAATGTAAGGGTAAGTAATATTACCAATAGTTCTTTAACTATTACTTGGACTACTGACAAAATAAGTAAAGGTTTTATCAAATGGGGCAAAAGCGAATCGGCTTTAAGTAAAACTACGTTGGAGGAAAATGCTGAAAAAGAATTTATTCATTCAGTAAACCTTCCAGCAATAGAACCCAATACTGATGTATTTTTTAAAATTAATTCAGAAGGTGAAGATTTTGACAACAGTGGAATACCTTGGCAATCAAAAACATTATTAGAAAAAACAAATCAGACTAGTTCACTAACAGGATCTGGAATAATTCTTTCCCCTGATGGGTCCAGCCCAGCAAAGGCAATTGTTTATTTATCAGTTAATGGGATAGCCCTTTCAAATTTAACCTCCCAGGAAGGTACTTGGATAATTCCAATTTCATTGTTTATTGAATCAATTCCTGAAACAACAGTTATTGAGATTTCTGTAATTGATGGACAAGGAGGAACCGCACAAGCTGCAATTTATCCTACAACAATTAAAAATACTCCAACGATTGTTATAGGTAAAACATATGATTTTAGAAATTATGTTCCTACAGTTGACTCAAATCTTCCTGAAAGTAAACTTACAATACCTGAAACAATAGAGATTTCATCAAGATTTGAGGTAGATAATTCAAGTCTTACTTTATCTTCAAATAATGTAGTTACATTAGATTCAATTGATGAGGGGGAAATAATTACAACAACTGACCCTCAATTCTTCGGAACTGCACCTGCAAAAACTGGGATTGAAATTTCAGTAGAATCAGAACTTCAAACTGATTCCCTAACTTCAAGTTCAACTGGAAAATGGAGTTGGAGTCCACCTACTAATTTGGATCCAGGTCAACATACAGTGACAATTAAATGGAGAGATTCAAACGGAATTTTAAGAACCCTGACAAGAAATTTTGTAGTTCAAGCTGGTGAAGCACCCGCATTTGAAGCAACTCCTTCAGCTACACCTAACATAACCGCAACACCTACAAGTAGTGGGATAGCAACTCCAATAACATCGCCTACTGGCACTTCTAGGAGTACTAGTATACCAACAACAATTCCATCTACCACCCCTACAATTAAAGCCAGTGGAACACCAAAAGCAACAATTTCTGCAACACCAACCAATCCTTCGCTTCCGGAATCAGGAAACTTGACACCAACCATTGGTCTATTCATAATGGGTGTAGGAATATTAATGTCGAGTATTTTTGTTTGGAAAAGACAAGATGCCTAAAGATAATAATCAAACACCAATTACACCAACCACCAACAGCGATGATCAATCACCTGTTTTCATGGAAGAAACCCTTCCTCCAATGCCACAAGAAGCACCTATAACTCAAGATATGGCTCCAGTAGAAAATAAACAGGATACAAAACCAAACGAAACCCCAGTTGAAACTCCAATTGTGGATTCAGGTTCAGCTGCACCTCAAGACGATGCAATAATGCCTCCAACGGTAACATCAAAAAATAAAAAAAAGTTTGCAGGAGGAAAAGTAATCGCAACAATTTTAGGGCTTTTTCTTTTAATTGGTGGTATAGGAGCAGGAGTTTTATTAGTTAAACAAAATCAAAATATAAATGAAAAGGCTTGGACACAGCAAACTTGTGAAAGTCAGGATGCTATTTTATGCCCTCTTCCTGACTATCAAGCTACCTACGAGGCAGGCAGAGCAAATAATGTTGGTATTTTAGAAGAATGTTATTGCAAATATATTGGTGGAGGTGGAGGTAGTGGAAATACAGATAATCCGACTTCAGGAACATGTCCAAATGGCAATCCTTTTAACAATGAATGTGTAATTATTTATTGTCCAAATGGAGACACAAACAATGATGGAGCTTGTGAGGTACCAGATGTTGGTGCATGGTATGGATCAAAACACACATGTGGAACAAAAACATTTGGAACTAATGAATGTGGACAAGTTGATCCTGTTGATGATAATGGTGTTTATTGCGAATTACCCGGTTGGGATTACGACATAAAATTAAGTAATTGTTCTGGACCTTTACCACCAACCACACCACCTACAGACAATTCAGGTACTGCATCATGTTCAGATGTTAAGGCATATACAGAAAGTTGGGTTTTGATCCCACAGATTAATCTTCCAAGTCTAAATGTTGGGGATAAAATAAATTTATGTGTTACTGGTACTTCAACTGGAGGAAGTTTTGATATGGCAAGATTTAAAGTTAATGGAGTTACCCTACCAGATACAACAACTATAAGGCCTGGATCAAATGATTATTGTTATCTTTACACTATTCCAACAGGAACAAGCACATTTAACATAATAGGTCAAATCCATCATACAAGTCTAGGATGGAAATAAATTATAAATAATATGAAAAATAAATTATCAACAATAGTAATAATATTAGTAACGATAATTTTAGCTGGAGTTGCAATTTTTACTGCCATTAGATTGTATCAAACAAGAAATACTTCTGTTGCACCTAACGCCCCTTCAAGTAAACCAGAAGCATATGGAGGGTCTTGTAGTTTATCTTTTACCTTAGCAACACCTACCAGTACAGCCTCAGGTACAGCTATAGCAACTGCTACAAGTACGGCCACATCGACTGCTACATCAACTTCAAGAGCGACAAGTACTGCTACATCAACTGCTACATCAACTTCAAGAGCGACAAGTACTGCTACATCAACTGCTACAGCTACAGCAACAAGTACAGCCTCAGGACAACCAAACTCTTGTAATGGAACTTGTGGATCAAATAGTAATTGTAGTTCTGGACTATTTTGCTATTCAGGTTATTGTAGAAATTCTTCTTGTCCTACAGATACAGATTGTGTGTGTAATGGAACAGCTACACCAACAAGTACATCTACTTCTATTGCACAAGGACCAACATCAACATCAGAGCCACAACTCCCAGAAGCAGGAACATCATGGCCAACAATTCTTGGTACTGGATTTGGAATATTTATTATTCTAGGTGCACTTCTATTGGCACTTTAACGCCAACTTGGAAACCAATAATAACTTCTATCTAACCATTCAGGAATTTTAAGTCCTATCCAATGTGGATAGAAATAAATAAAAAGA
CP011214.1_gap6	259715	264705	4990	GTAATTTTTCCACTATCAACCGGCCAAATACTAGGGCAATCGTCAGGTGGGTTTCCAATCTTGACTCCGGCTGATGCACTTGATTTAATTCCACTTTGACCCGCAGTATCTGCTGTAACTGTAATAATGTCTACAATTAAAGAATCTTCAAAAGTTCCTTTTGAATATTCTTGTTTATATGAAAAAGAAAAAGTTTCTCCTGGCTGTATGTCTTCAAGTGTTGTGGGTATATTAGGACTCGTTGGAGGACAATTTATTTTTGGTCCAGTTTTAACAACTCCACATTCATAGGTTAAACGAATGTTTTTTAAAACATCCTTTTTAGCTTTAATTGTAATTTTATACTCAACAGTTAGTGGTAATTCAGAATTTTCAAAAGGTCCCGGTGGAACCGGAGTTTTGGTCACTTCAATGTAAGGGTTAATAATGTTTGCAAATGTTAAAGCGCTTGGTGGAACCATATACGCTCCAGAATTAATAATGAACATAAAAAAAGCAACTGTTGGAGGGATAACCAAAAGAGTAACTATTATTGGTGTAGCTATTGTAACAGCAATACTTCCAAAGATAGCTCCTAATTTTCCAAAAAAAATACTTACCCTAGCAACACTCTTTAATGCCCCTATTGCATATAATCCTCCACCTGCAATCATAGTTAAACCAATCGGACCGCCTATTAAAAGTCCTCCTCCGACTATGGCTGTTGGTAATAAATTTTCTTTAACCTTTTTCCAATTAATTTTTTCGACTATTTTTCCCAAGATCCACCCAACTGCTATTGATATTCCAAGTGTTACCCAACCAGCAAGTGTAGATAAAGACGCAAAAATTGTTGGCAATAAACCACCCGCAACTTTTGTTGTAGTTTGAACAACAGCTTGACCAGCTAGTTGTGCACCTGTTTGTGTAGCTACTTCAGTCGTTATTGTACCAATAACAGGTGCCGCCCCAGTAGAAACAGTACTTATAATCGGGGCTGTTTCAATTACAACTGATGCTGTGGGGGCAAGACCGAAATTAATCCCAGTTAATTTGCTTATTCCGCTTAAAATTGGAGCTGAATCCGGAGCAAATTTTAAAGCCATTCCTCCAAACCAATTTGTTGATTCCCATGTAACAGGAGAACCAACCCCAAAAGTTGAATAAAAAAGGCTTTTTGCTTCTATTGATTGGAATATTTTTCCTGCTGCTGATTCTGGTGCAAAACTTGCAATTTTTCCTTCTAAATAAGTTCCAGCCTTGTTTAAAAGAAAACCCTTTGTTTTATCTGTTCCAAAATCCTTTATAGTTTCCAGAGTTGAATTTTGATCTTCTAATGTTTTTTGGTGGTTTTGATTAATTTCGCTTAAATTAACAGTGTTTATAAATCCTTCTTTCGGGCTTTCAGAAAAAGTAACTTCTATTTGACTCGGATCCGCCCCGAAGATGGTTGAGGCAAACTGTTTTCCAAAAGCTATTGTTGTAATTTCTTTGGCAATTTGATCAGGAACAATTCTATTTACAGCAGTTGAATTTACAGTGTTTTTTAAAATATTAAGAGTTTCTTTATTTGTAATAACTTTAGGGATTATATTTTTGTCGTTTACAATTCCAGTTAATATTGCAGACTGTGTTATTGGGGAAATATAACTCGGATTATCTAGTTGAACAATGTTTTCAATAATTTTTGTTGCTGTTTGTTTTGAAATTAGTTTTATTTCTTCGTTTGTTACTCCTTGTCCTTTAAAAACAGGTGAAACTCTCTCTTCTATTACTTTTGATAAATCTTCTAATGTTTCTTTAGGTTTTGTTTTTGCTTCATTTTTGTAAATATCGAATGCTTTTTGTTCTTCTTCTGTAAATTTGGGTAAGTCTTTAATCTTTACTTTTGCATAGATTTTTTTATCTTGATTGCTTGAATCTTTAAGGTCTGAAGCAATTTTTTGTGATTCCTCTATTTTTCTTTTTAACAAATCCTGCTGATCTTTTATTTCTTGTTTTCTTTTTATCGTTTCTCTAACCTCTTTATTTGATTTTTCAATTATTTCTTTCCTTTTCGTCTCACGTGCAACTTGTTCTTCTTGAAGTTGTTTTGATTCATCTTTATTTAAGGTTGTTTTTGTTTGCTCTTCAGGTCTTGGAGCTTCCTTTGGCGCTATTTTTCTACTCTCAATCTCTTCATAAATTTTTGCATATGCGGGTCTTATATTTTTTGTATCTGTTAAAGTTTCAACAAAATTTAATAGATCTTTTTTACTTGTTGTGTTTTTGTAAATAATTCCAATTTCAGGAATTGACCATGTGGTTTGGCCTTCACCATAAAACTCTTCAAGACTTAGTTCTTTGGGAAACGATTTCTCACAAGCCTCAAGAATCTTTTGAAGTGTTTTTGTTTCAATTTTATTAATATCATTTACTGTTGCCATTTTTTAGTTATTCTTGTTTATTCCAGGGTTTAACATTTGGAACTGTGGGTACTAAAGTTTCAAGAGGCTTTGTTGTAATTAATTTATGTTCATCGGCAGATGCAACAACTCTAATTGGTGCATGGTGTTGTCCTGCAAAAAAGATTCCTTCACCAATGTTTGCAGCCAAAAGAAGTTGTTTTTCTCCTTCGGAAAGATAAAAAGTTTCCCCAATTTTATCTATTGCCGCAGGTGACTGCTTTAATAGAAGCCTTAATGCAGAGTTTGTAACAATTGCTTTCCCAATGTCTTGACTTAGGAAGTCTTCGATGTCCTGAGTGATTGTAGTAAGTCCCAGATAGTATTTTCTAGCTCTCTTGACAACACTCCAAAGAAATTGTGCAGTGTCAGGATATTTCATCATTTGCCATGCTTCTTCAACAACTAGTATTCTTCTTTTTATATCCTTTTTAACCCTGGTCCAGATGTAGTCTAAAATCATAAACATAGCAATTGGTCTTAAGGCATCTTGCATATCTTTTACAGAAAAAACAGTAAATGGATTATTAAGGTTTATATTTGTTTGTTTGTCAAAAATCCCAACAAAACTTCCTCTTACAAACTTTTCAATTCTAGCAGCAAGGTCCAATGCTTCTGGGGACTCCATCCCTATTAATGTTTTATAAAGATCTTCAATCAAAGGAGGTTCCTTGGTTTGGGTTATTGGATCAGTTGTAATACCTTTTGCTTTATAAGTCATAATTATTGCTCTATCAAGTAAAGCTTCTTGAATAGGGGAAATTTTACCCATGATAATTGCAAAGAGTGAGTGGAGCGACAAAACCTTAAGTCCTAATTGGTTTTCTCCCTCTTCTTGAATTTGTGCTAAATCAAAAGGATTAATTTTTGAAGGAGAATTATATGAAAAAGAAATATACTGTCCTCCAACAGCATCACAAAGTTGTTTATATTCAGCTTCTGGGTCTAAAATTATTACCTCTGTCCCAATCATTAAAGACCTGACCGCCTCCGTTTTAACGAAATATGATTTTCCACCTCCAGATGTAGCCAGCACTGTGAAGTTGGCATTCTCTAAAGAAAATCTATCAAAAATAATGAAAGATTCATTTTGTGAATTTATTCCATACAAAACTCCTTTGTCTGAGGAAAGTTCCGCTGAAGTAAACGGAAAAGTGGTAGCAACTGAGGTGGTATCCATATTTCTAGTAATAGAAAGACTATCTCTACCATATGGAATTGTTGAAAGAAATCCTAACCTTTGGTCAAGCATTGCGTGTTTTGCAATAATTAATAAAGATCCTAAAGTGGATTCAATTTGTTTTGTAATGTTATTTAATTCATCTAATGTGTTTGCCGATATTGTTATATAGAAAGAAAACTCATAATATCTTTCAATTCCTTTTACCAGTTGTTCTTGTAAAGACCTTGCATCTTCAAGTTTTGCTGTGGTTGATGGGTCAACAATTTTCCCCCTTTCAATGTCTGTTGAAAGTTCAGCTTCCATTTCTGCAATTTTACGTCGAAGATCATCAAGAACAGATTTTCCGGCAACAGGATAAACGTAAAAACTAATATCAAGTGAGCTATTAAAGTTAATTATTGGTTCAAGCCAACCGGGAGCTACAAATCTTGGATATCCTGCAACGAATAGTGTTTTATAGTAAACGTTATTTACTTTAATAAAATCAAAATCAACTTCAACATGCTCTGACGCTATTGCATCACAAAGGCTTAGTTCTTTGTTTTCAATAGCAAGGTTTGGATCAGTTACCTTCGGTTTAATAATTGTGTTTGGTTCTGAAATGTTAGTACCAGTAATAGATTGAATAGGTTGCTGTTCTGGTGTTTTAACATCAGGAACAGGTGAGACAGGCATATTAATGTTTTTGTCTAGTTTTGTATTGTTTGTTGTGTTATCCATATTTTTTTATTAAATATCTTTTTTAACAGCTGGTGGTTCAGGATTATTAATTTGCCAGTAAAGATCTATTAGTTCATGTGTTGTTAGTTGCTTAAGTTTTAAACCAAGCCTTCCTGCTTGTCTTACTAAATGATCCCTTTTAGGAAAAAGCGTAACCTTAGCTTTTTTTAACACATAACCTTTAGGAAAAGGAAGTGGACCACTTTTAAGAATAGTTTGGGCTGATTTAGTAACACCTAATTCTAATTGATTAAATGGAATTACAATAAAAAATCTTTTACCAAGAACAGTTTTTTTCTTAATAGATTCTGTAATGAAATCTCTGTAGCTTTGAGTAATTGCAATAAGTTTAGGGTTAGTAATTTTACTAGCAGCTTCATCAAAAAAATTAATATATCCTGAAATATCTTTCCTTTGTGTTCTAATCATTATTTGTATTGAAAAAGACAAAGAATTTATTAAAGCTGCAAAAGCAGCTACAACCGCACCCTGTTCTTTTTCTGACAAAAGTCCAAAGTTTAAAGATGATGTTTCTAAAACAATTGCAGCCCCACCATCTTTATAAAGGACAATGTCATCAATTATGTCAGCTATGGGTAAATGATCTTGAGTAGTTCCCTTTAAAGGAATATCGGGTGTTCCAAAGAAAGGAATTTTTGAAATT
CP011214.1_gap7	267383	270815	3432	ATGATGAATTTTTGAATGAACAGTGGAAGTTTTTGTTTAGTAATGAATCAAAATATGTTGAAGAGCGTAAATCTTTAGGTTATAAATCATTACATCCTGATGTAGCAGAGCAACTTCAAAGATGGGCTTTTAAATGGGAAACACCTTATTCAGATAAATTTTTATTGGATTTGGAAGATAGGGATGGATCAACAGGAGAAAATATTGTAATTCCACATCTAATGCCTCCAGCTTTGGGTAATATCGCAAATTTTTGGGAGTCAATATCTTTAGATCCTAAAATAAAGCTCAATAAAGGCGCCAAGAGTGTTTTTCAAGAATTAATTGAAGGTAAAGAAACATATGAAATAGATTGGGGAAGATGTGAAACCCAAGCTCATAGTAGGTGGAAAGTTGATATGGATATGTCTTCAAGATATATGAATGTGCTGATATCAGCAGTTGATGAAACGAAAGATCCAATTTTAGGGCTCTTTCGGGAAGGTCCTGGTACTTTTCCTGCTAAAGAATTGGCAAAAAGAATAAGGTTGAGTATGAGAGATGGCAGTAATTTTACATCGACTGACTATGAGGTGGCCCTAATACCTTTTTTTGCAGTTATGGCATGTGCTGAAAAATATGGTATAGGTGGAGCTTATGGATGGCAACAAACAACCAAAGAAGACCAGGAAAGTGGAACGACCAATGCAGATAGGTTTTTTACAGAAATGGCATATTGGAAGAGAGCATTAAAATGGCTTCCTGGTGACAGACCAGAGAAAGATAAGTTTGATCAACGAATGAATTATGGGAACACAATGGCACTGCTTGCCGAGTTTTATGAAGCCATTATCTCTAGAATGCATAAAGCTTCATCCGAAGAATCTTTTGCACTTGCTAAACAAAACCTGGTAAAAACTACTGATCGTTTAAATAAGTTTGAGCATCTTAACAAGGGAACATTTAAATTTAAAATTGATAAAAAGAAAGCACTTTTTAAGTAATACTTATTCTTCTCCAGGATTAGCTTTCAGCCATTCCTCAATAAATTTAGGGAATTTTTTCCCGTCTGTTTGTCGGTCTTGTAGCCAGCTACCCATCAGTTTTTGTGCTGCTTTGACAGATTTTCGTCCAGCACCTTGTTGGAAAGATCCAACTATTGGAGCTCCCGTCGCACCCCAAGCAGCTTTCATTGGGGCTTGAGCTTCTCCTATGGCAGTACCAAAATCAAATTTCTGACCCATAATTAGCATCTTCATTATATCAACTGCTTTTGGAATCATTGTTATGAATGTAAAGCTTACTGCGAGCCAAAGGATACCAGCCATATCTTCAGAGGAACCTAAAATTGGAGGAGCCCAAAGATTTTGTTGTTTGGTACCAAAAATTTGAGTAAATTGTCCGAGACTTGCAGCCATTGACGCAAAAAGTGTTTTCCAAGCTAAAAACATAAAAAGTCCTGTTAGTGGAAAAACTAATGTTTCTGCAATTACTTTTTTAAGCCAAACTCCGAATCCAATAGTAGGAACTACTGCACCGAGAATAATTTGTATAGGTGCTACAACAATTGAAATAAATAAACTAATCAAATTTTTAAGAAGTATCCATGGCACTTTTATTGTATAAACAATCATAAGTATAAGTACCCATATGGTCATTAATATTGTTAATAATGAAGCTATCGTACCAAACACAGAAAGGCCAGATAAAGTTCCAACCAGGGTCACTATAGCAGCAATAAAAAATAATATTGCATAACCTAACATGTAGAAGAAAATATAAAATCCTCCAAGTAAATTTGTTCCACCTGTTGGGACAATAAAATCCCAAGCATCCTTAAAAGATTTTGCAAAACCAGCCAAGTTCATAAGAGATGCAAACAGACCTCCAACCACATAGGAAAGATCAATTACGAAACCAGCAATTGCATATGAAAATGTGGCAAGAACCAGAACTGTGATAATTTTTGGTAGCGCAACTTGTACAGATATTACTAATTGTGGTGAGAGTTTAACTCTAAACATAATCATAAATGCAAAAATAATAACTACAAATACTGTTAACGCATATGCCATATTTCTAAAACCTTGCCAATATTTTTGAAGACCATCAACAGCACCAAATCCAAAACCTTGGGCATTCGCGACAGGAATAGATGTGAATTTTGAAATACTATTTTTAATATATTTCATTCCAGATAATGGTCTATTTTGATAATCTGAAAAAACTAAAGTAATAGCACTTTTGCTGTTTTGGTTTTCCAATCCTTCACTAAATGGGTTTGTACTTATATTTAGTACGTCTATTATTTCCGTGACAGCTTCAGTTATTTTAGTAATACATTCAATTTTTGCTGATACACCGAAAGTAAAAAGACATGTTGTAACACCTTGTGTTTTATCTCCAAGAAAATTTATAGGTTGTGAGATTAAACTGTAAACAATCCACTGTACTTGCGCAGCAGTATATCTTTCTCCAAAAATTTCATTAGGGGGAGAATCGTTTTGATCATAAACTTTTTTGTACCAATCAGTAAAACCCTGGTTGTACCAAGTTTGGGCATGAGCAACAGGTACTAATGGTTGAAGTAATGATGTAAAAAGTAAAACAAAAGAAGATATAACTAATATAATTTTTTTGATTTTTGAATTTATTATGGCAGGCATGTTTTTATTGTACTACATTTTATTTACAAGTGTTTGAGTTAAAATATCCAACTGTTTGTTGAATAAAAGGAGCATTATCTGGAAAAACTTGACCTATTGGATGTTTTCCCGGTTCAGGACAATATCCTGCATATCCAACCTGGCTGGTTGCAACGGTGTTTTCGTTCCATAAATCACAACTCATAACTGCACCTGTCCCATTATTTAAATTCCAATTGTAGCAAGTGTCTGGAAACTGAGAATATGCTTGGGTTGGATCAAGATGAGTTGGGTATTTTACACTAGTGGATAAACCACCAGACCAAACACTTAAAGCTTTTGCGGTTGCATATATTCCATCGAGTACATTACATGGTGATATGGTGGCCTTAGTTCTTGTGGAATCGATTTTTTGAACTGCACTCCAAAGACTATCATCTCCATAAAAATAATATGGTATCCATCCAAAAGGTATCTGTGCGACAGATGTTGCATTTTTATCACAGCCAGGTACTTCACCACCACAAAGTGACCATTTAATAACATTCTCTTCTGACCAGTCAATCCCCCTAGAAAAAGCACCCTCGTGGTAAATTGTGCCTAATATTACTGAACCTGGTACCCCGAATGTTTGTCCTGCTGATTCAATTATCTTTTTGAAAGTTGGTGATAAAGAATATCCACAAACCTTACATGATTGTTCTGTTGCATCTGGGATATTGGGGAGAGTTGTTTGATCACAATTACCAATCTCTGTTTCTCCAAATGAAATTGGCTCACCATACCCTTTAGGTCTTAGAAGTGTTTG
CP011214.1_gap8	295904	298935	3031	GTACTTACAACTGTCAATTTACCAATAGTTCATCAGTTGGGTCTAGTTTCTAAAGACGGCACTCTTTTGGTTATCGCCAATAAGGAAGGAAAAATAACGGGTCAGGGAGATTCTCTGGTAGATAGAAAATATTTTCAGTGGGCTAAGACTGCAAAAGAGGGAGAATTTTTTTTAAGTGAACCAATAATTGGCCGTGCAGGTAGTAATAAAGACAAATGGGTTGTAGTTTTGATTACTCCAATTATTGATAAAAGCGGAAACTTTAATGGTGGTCTTTTTGCTTCAATCCGTCTGGAGGATTTAACAACCGGTTACATAGATGTATTGAAAGTTACTCCAACGACAGTTGGATATGTAATTAATGAAAATGGCATAGTACTAAGTGGCCAACCTGAAGACTTGGTTGGATCAAATATCAAAGAATATGCACAGAAAGAAAAATGGAAGAGATATGAGACGTATATAAATGTAATAGATCAAATAGCCAAGAAAGAGGAAGGTGTTGGAGATTATTACTTTGCTGGAGTAGACAAAAAAGTTGAGAGATGGATTACTGGTTATGCTCCAGCTCAAGTTGATGGAGATACAATAATGATTATCATAGCTGTACCTTTTGAATGGACATTGGGTCTAATTGCTGACTTTTATAAAAATCAAATAATCTGGTTGATATTTTTAATTGTCATAGGATCATTAATTGCCTTCTTTTGGATAAGTGGTTTATATTTAGCCAGATATGATGGTTATAACCATGGACTTAAAGATGGAGCAAATTTTAAAAAAGGAAAAGATTAGGATTTAATTTTTCTAGTTCGACAGGAGGGACAGACTTCATGTATTTCCCCCATTGGGGCAGCTGTTGGGTCATTACAAATGTCGCATTTAACAATGTGATATCGACTTAGATCCAATATTTCTTTAGAAGAATTATCAAAATTAAAAATAACAAAGATAATTCCAATTTGAATTGCTGGAAGCCCCAAAATCATGCTCCAACCAGGAATTCGTAAAGAAAGTAACCATACTCCACCTGCAAAAAGTATCATCGGAGCGATGTAACGACTAATTTGTTTCACAATTAATATTGTACACGAGTGATAAAAAAGTCAAATCCTTGGCTTCACAGATTAGTGTCTATGAGTTATTTCTGTAATTTTTTAGCCCAAACCATAGCTCTTTCCAATTCATTGTTTGCAAGGGGTCCTTCTTTGTTTGTAACAATAAATCCTTCAGGAGGGACAATTAAATTTCCGCCTTTATCCTCTAGTATCTCTGCAATCTTTGGAGCAGCATAGTTAAAAGTTTTAATAATTATTTTCAAGACAAAATTTACGTTCTTTTCTCCGAATCTTGTGTCAAACACTGCAACTTTAACTTTAGTTAGTTTTCCTGCTGGAATTTGATCTAAAAACTGTTGTAGTGGTACTGTAGCTCTACCTCCTTGGGTAGGGGAACCAACTATAAGTAATGTTACATTGTTTAAATCTTCAAGATTGGTTTTACTTATTTGTAGAAGTTTTGCAGAAGGAATATTTTTTGCAATAGCTTGTGCTATTTTCTCTGTATTCCCAAATTGTGAATCATAAATAATTAATACTTTCATATTTTATTTTATATATATTATGGAAGAAAACCAAAATCAATCTTATTGACGTCCTGTGATTATATTAAATTGTTCTAGATTAATTTTACCTGAGGCTAAATCAACCCTAGCCTTTTTTATTGCATCCAAATTAATTCTCTATCTAGTTCTACCTGTCTTGGACTTTGGCTTTTATGACCAATAGTTGGTCTTTAAAGCTTTTTTTTGAGCTGCCTCAATCAATTTTGATGATTCTGACATATGTATATTATAAAACTAAAATAAAAAACAATCTATTAGATATATATCTGGATCGAGAATCGTAGCACTAATCTAACCACGCAATTATCTTGTATTTTCAAGGCTCTCTTTGACTTTAGGCTTGTAGCTCAAATTAGGGAAGAAATAAAGAAAATAAAATTTACAATGCAAGTAATTCCTTGAATACAAATTTTCCGCCTTGGGAGGGAAGCCCAAATCTATTTACTTCATGGCTACCTGGTTTGAAGAGCAAAATTATTCCCATAATTACATTTGCAAGAGGAACAAAAACTAGTAGACTTAGCCACCCTGATTTATCTAAATCATGTAGCCTTCGTGTAAATACGGAAAACATAAACAAAAATAACAAAAGAGACAATATTGTTGAAATAATATTTATTAAAGTATTACTGGGTGTCATTTTCATGATTTCACTTGCAAGCCAAAAGGCACCCCAAGACATCAAATTACCAACTAGATAAGCTAGCGAACCTATTCTTCCTGAATATAATCTTTTGAAAAAATCCATAATTTCAGTTTATGCTTTGTTAAATTAAAAACAAGTTGTCATACGATAATTTTGGGTATATTAAGTGCCAACTGGCCCCGCGCAATAGACGATGTTCGAACTTATTTTATTTCTGTGGAGAGTACTTGAAATTCACGTTATGTTGTTTAACAGGAAGCTGATATCCATCAGTTTCAAAAGGATAAGCAAGAACTCCGCTGGGGAAAATTGCATCAGGACTATAACTTTGCCAATAGAAGAACGAGCCAGGTTGAACAAGGTGAAGATGTATGTCCCCCCTTTGAATGTTCGGATTTACTGATGTATCCGGTACATCGAAGTAGAAGTCAGCAAAGGAGTGAGTACCAACACTACCCAATGCCGGTACAGTGCCAGCAAATCCAATTAGTTCCCCACGTTTTACCTTGTATCCGATTAGGGCACCGTATGAAGCTGCATTACTCGTGGGTGAAACCGAATAGTTTCCATCCCAAAATATTTGGTATCCCTGGGCTGGCGCTGCCATGAGGTCGTTACTTGCCCTTTGAGTGTGTCCGGTCAATAGAGGTGAGGTTAATAAGTGATATACAGTCAAATACACTCCCGGCCAATCAGGACTTGTAGACTCGAAAAATAATTTCACATCATCGGAATGGGCAGATATTCCTCCCGACACAATC
CP011214.1_gap9	313813	314555	742	GATGAAGCAGTAGCTGAACACACTTGGGCTTTAATTGCATCACTTACTAGAAGAATAGTTGAGGCAGATGAAACAACCAGAAGGGGAGCATTTAAGGGTTGGGAACCAAATATATTTTTAGGAGTTTCTTTAATTGGAAAAACCTTAGGAATTATTGGTTTAGGAGGAATTGGGACCATGGTAGCAAGACGAGCAATAGGCTACAAGATGAATGTTATTTATAACAAAAGGAAAAGAGACGAAGAAGCAGAAAAAAATCTAGGAGTTAGATATTCCGACTTAGATACACTCTTTAAAGAAAGTGATGTTGTCACACTTCATGTTCCATTAACAGATGAAACTAGGCACATGATTAATAAAGAAACTCTTAATAAAATGAAAAAAGGAAGTTTTTTGGTTAATACTGCAAGAGGACCTATTGTTGATGAACATTCCTTAGTTGAAAGTTTAAAAGATGGACATTTAACTGGTGCTGCACTAGATGTATTTGATAACGAACCAAATATAGACCCAGAACTTATTGGTATGCCAAATGTTATTACAACCCCACACATTGCATCTGCAACACATGAAGCAAGGGAAGCAATGGGAAAATTGGCAGTTTCAGCAATTTTAGAAACTTTTTCTTCTAAGGAACCTATTAATATTGTTAATAAAGAGGTTTGGGAAAAAAGGAGAAAATGATATTTTCAAGAGGAAAGGATGCTGATTTTGAAGATGAAGTTGAGGAAGAAGAGATTCC
CP011214.1_gap10	317974	319925	1951	TCTAGGGGAGGGAAGGCCTTTTAAAACTAAAAAGTAGAAGGTAAAAGAAAAAACTAATAGAAAAATAAAAGGCAATAATAATCTTTTTTTAATTTTAAATTTTGGTAATTTAACACTAACTTTAGGAATAGAAATTTTAATAGGTTTTAATTTTATTTTAAAAGTTAAATTAATAATTCGTCCTATTGCATAGAAAATAAAGATAGTAGCTATTAAAATATGGGTTAGGCAAAAATAAAAAGGTTTACCTACAACAATTAAGATTTTAGTAAGTAAACTAAAGGCAGTGGTGGTTTTTTTAATTTTTCCAGCCACAGGCATATTATATCAAATTATGGGATAAAGTGGATATGAGAAAGTTAATCTGTTAATTTAAAAGTTGAGAGGATTTGGTTTATTAAAGATTCCTGTGGCTCATTTGATGTAAAATCTGAAGTATTAAAATTAATAACGTAGTTTTTATTTGTGGTAATTAAATAGTTACTTAAGCCAGTACTTTGTAATTTAAAATAAACAGGATCTTGAGATGCCCAAACAAAATTGTTATTTTTAATATTAAGATTAACAAAACTTACGTATTTACTAATACTTTGTGGATCTTGAGGGTCAATCTGTCTCAAAAAGTAATCTTTAGTAGGATATTTGTCACCATTATATCCAATAATAACTGTGATAGCTTTGTTTTGATCGATTAAAGTAAACGTTGTGTTAGTAGTATCTCCTAGAATTTTAGTGTTATTTGGGTAACGAAATGAGAAACCATATTTATCACTTGTATACATCTTTGTATTTATATTTGGTTCAGGAGTTGTGTTTGGTGTAATTGTAGGTTCAATTTGGACAACTGGAGTCGGAGTTGAAGTACCTACTGTTTTTAATTCTGTTAGTTCCTTTGTTAATTTCTGTGTTTGAAATATTAGAAAACCTATTATAGTTATAGAAACAAACAAAAGAATTGATAATAAAATAGTTAGAAAATTACTTTTTTTGGGTTTTTCTGGTGTTACCATCTGTTGGTTATCAACTACAGGTATTGTTGATGTTGCTGGTATTGTAGATATTTGATTTTCCATACTTTTTTAAATTATATATTTAATTTATTTTAACGGATATCTGATCATTGCGCTAGAGGAAGCAATTGGACAGTTCATACAATATATCGTTTTTAATGGATCTGTGTATGTTGGTCTATTTTGGGTTTCAATGTTTTCTGGAGGAGTATCTTTTCCTGAAATCTGTCCTGTTGTTTTATCCAACTGTAAATCTAATGGAACAATATTTGAAGTTGTTGGCACGGTTCCTTCTATAAAATATTCAAATCTTAAAGGACATCCTGCCTGGGCAGGGTCAGTTGAAAGTGGTGCTCCTCCAGTGTCTGCACAAATATTAGCTCCAACTACACCACTTGGCTGTAATGGCCAAGAGTGTCCATCATCCTCTGAATCGTAAGTTCCTTTTTCTGATCTATCAAGTGTAAATTTCATAATTTTATTCCAGATAGGAGACGCTCCTGATACTCCAGAAACTGCTCCACCCATCGGGGTGTTGTTATTATTTCCAACCCAAACAACAACAACTGCTTGTTTGGTGTAACCAACTGTCCAATTGTCTTTTCTATCATTAGTGGTACCTGTTTTAACAGATACCTCGGGATGATTCTTAACAACTAAATATGAGTTTTCTCCAAAAGCTTGGCTTCTGGCGTTATTATCGTAAAGGATGTGAGAAATTAGAAAAGTTACGGTTGAATCAATTATCCTTTCTCCTGTTAATTTGTTATTTGAGACTTTATATTCTTCTAAAACTTTTCCTCTCCAATCGGCTACTTTAGTTATTGCAACAAGTTCTTGTTTGATTCCATCATTTGCAAAAACACCAAAAGCACTTGCCATATCGTATGGTCTTACTTCTCCACCACCTAAAGTTAACGATAGACCGTAATTTTCAGGAT
CP011214.1_gap11	356497	358369	1872	ATAGAAGAAGTGAATTTAAAGCTTCTAAAGCAATGCAAGAAAAAGTCTTTACTAATAAAAAGATTAGTGTTATTTGGAACACAGAAATATTGGAAGTTATTGGATCTACAAAATTTGAAGGGTTAAAGGTTAAAAACATTACATCAAATGAGGTTTCAGAAATTAAAGCAGATGGAATGTTTGTTGCAATAGGACATACTCCATCAAGTGAGATTTTTAAAGGTAAACTAGAACTTGATGAGAAAGGATATATAAAAGTACATAGTGGTACAAAGACTAATATTCCTGGAGTTTTTGTTTCAGGAGATGTCCATGACTTTACTTATAAACAAGCAGTAACTGCTGCAGGGTTTGGATGTATGGCAGCTATGGACGTTTTAAATTATCTTGACGGAAATAAATGAAAAATTTGAGAGAAAAATCAAGTGTTTGGAAGGTCTCGATCATTTTATTTATTTTATCAATAATCACTTTTGCGGCAAGTCTTGGTATCGCCACAAGTAACTTCAAGGGAACAATTCAAGAGACATCATTCGGGAACTCTGAACAATTTATATACATAATGCTTGGTTCATTTGGCATAGGTGTAATTTCATTTTTAATTGCAGTAACAACATTTTCATATAAATACAATAAAGGTGAATTAAAATCGGAAGTTAGAAGCATTCCGTATTCTATTGTTAAATTTCTTCTAACAATAGCATTTTTACCAATTATCTTAATATTCAACATTCTTAATCTAAAAAAAGTATTTTTTGATATAAAAAGTAATGGATTATCTAAAACTTTCAATTCTAAATCTCTAATAGCAAAAACATTTCAAACAATTTTTATATCTGTATTATTATTACCGTTTTGGGTAGGTGGCTATTTTTTACTAGGAATGATTGCAGGATCATTCCTAGGATATGTTTCTGAGGATATAGCAATAGTTGGCACTGGTTCTATGTATCCCACATGGCCAAGAGGTACAAAAGGTAAGGAACCGAAGGAACTTGCTAAAGAAATAATTTCAACTGCTGGCTTTTTGCCATTTCCAAACGGACTAAAAATTAATGATAAAAGAATATTTGGTCATACTTTGGAACGAGGAGATATTATTACTTGGAGTAATGACGTAACAAAAGCACTAACAAGTCAAAATGATGGTGAACCAGCGGGCCTATTGAAGAGAATAATAGGCCTTTCAGGAGACACAATTGAATTAAGAAATGGAATTCTATACTTAAACAGTCAACCTCAAAAGGAACCATATACAGCCAAACCTCGATCAACTTTTGGTGAGAAATTTTTGAAAGAGTGTCAAGTTGTTACAGTTCCTGAAGGAGAATTTTTTGCAATGGGGGACAATCGAAAAGGTAGTGCTGACTCCCGAGAGATTGGATTTGCCCCCATTAAAGATATAAATCGAGTTTTACCAATGTCTAAACAGAAAGACAAACTTGACAAAAATTGGCGTGATACCACTCTAGATTTAGATGAAAGTATAAAACCAAAAATAGACAAAGAAAAGTTTTTAGAATTATTAAATAATATTCGAAAGGAAAAGGGAGTTTCTGAGTTGAAATATCAAACTAAGCTCGAAAAATCAGCAGAACTTCGTGGAAAAGCTATTCTAAAGTATGAAGATTTTGAACAGAAAAAATATACAATGGAAAAATCAATGGCTGATGCAGGCTATTGGAATACTTTTTGGTGGGAAGTTCCAATTCAAGGCTATTATGAAGCCGATGAGCTAATTGAAAACTATCTAGAAAGAGATTGGACTGACGCTAAAGAAACATGGTTTGATAAAAGATTTGATGATATAGGGGTAGCAGAAGTTGAAGGAAGTTTGAATGGTTGCCCAACTCAAATAATTGTAATACATGT
CP011214.1_gap12	359540	361829	2289	CATGATAAAATTTTCTCCGCTTCGGTTGCAAGTCAATAGTTTTTAAAGATTTTCAATAATTTTGTAGACAATGATTGCAGCTGAGCCCCAGACATTGAATGATTTATTGACTCCAAACATAGGAAGTTCAACAATTACATCTGCAAGATCTAAAACCTCTTTTGATATTCCTGTAGTTTCATTGCCAACAATGATTGCACATGGAAATTTAACTTTTTCTTTTGTTAATGATCGATAATCAATTGAGTTTTTGTTTTGTTCTACTGCAATTGTTTGTATTCCCTCTAATTTTAATTTATTTATAACTTCAACTGTAGTTTCTGTCTTTTTCCAAGGAACCCATTCTTCAGTTCCCACTGCTGCTTTATGAATTCTACTTGATGGGGGATAATCTGAATCTCCACAAATAAAAACTTTTTCAATTGCCACAGCATCAGCAAGTCTAAAAATTGATCCTATATTATAAGTATCAATTATATTATCAAGTACTACATAAATTGGATTTCTTTTAATTTTTTTATCCTCACCATTTACAGGTTTTGTCTTTCTTAATTGTTTTGAATTTAGTTTTAGCTTCATTTATTTTTATAAAAAGTATTTCTTGCTATCGCTGCAAGTTTTTTTGTCTGTCTATCTTCAAAATCAAATGTATCTTTTGTATCTTCGATCCAGTCCTTAAGTCCTTCTGGATTTTTATTGTGTACAGCATTAACCACACGTCTCATTGTTTCTGAATCTAATTTACCCAATTCATTAATACTTACTGGGTGAAGAATTTGGTTAACAACAAATAAAGGACTAAGACCGGTTGCTGACCATTTATCATATTCTCCTTCAACCCATTTATTTATTTCAGATATTTCCATTTGTATATGATTTTACCACATGGCTAAACTTATTTATTCGTGGTAAAATACAAATTCACGGTTAATTAAATAACTGTTAAGGACGGTGAATGAATAAATGAACAAAAGATTATTTGTAGCAGGATTACCTTTCGCAGCCACGGAGGACGAAATAAAAACCCAATTTTCCCAAGCTGGAGTTGTTGTGTCAGTAACAATTATTACTGATAAATTTACAGGAAGATCAAAAGGCTTTGGATTTGTTGAAATGGAAAAAGAAGAAGAAGCAGAAAAAGCTATTAAAACTCTTCATGATACGGACTTTGGAGGAAGAAAATTAGTAGTTGCTGAAGCCAAACCTATGGAAAAAAGAGAATTTACACCTAGAAGTGGAGGAGGAGACGATAGAAGAGGAGGATACTCTTCAGGAGGACGTGGAGGATTTGCTCCTAGAAGTGGAGGAAGTCGTGGAGGAGGAGATAGAAGAGGTGGATTTTCAAGAGGTGGGGGTAGAAGTGGAGGATACTAAATAGATGACAAACCAACTAACAGGAAGTGTTTGCACTAGATGTGGAAAGCCACGTATAGTGGTTGACACTTATGAAGAAAAAGTTGATACATCAACTGTTACTTATACAATAACAGAATGTTCAGATCCTGAGTGTCAAAAACTAGTTGAAAAAACTTTAAAAGCAGAAAAAGTTAAAAGACAGTTTATTAAAGATGAACAAGAAAAGAGAGAAACTGCAAGAAAAAATGTTTTAGCGGAGAAAAAGGCTTCTAAAGGAAGAGAATAGGCTTTACCTCATTTTTTATACTTTATTTTGCTGACAACCTGGGACTATGTTAGAACTATTTTGCAGATGTGGAAGCTATAACCGGCGTATTGAACCCCTTAACAATCAACCACACTCCCAAAACCATTTCTTGTAAGGCGAGTGGGATTGCCAACAACACCTGCATACCCGAAGGTCCTAAAGTTCTTTCGCCGAATGCAATCAACAGAGTCATTGAGAACAACAACGCGAGTCCAACCAGACCCCAGGCGGATAGCCATCGAGGAATGAGCCTCGATTGATACATGACGTAGTAGTACATAGCCGCACCCAAACAGAAGGCAATCACTCCAAGCACAAACCCAGCCCAAACACGTACAGCAGAAATCAAGGTGCCCAGGACTTGAAATGTTGAAACAGCCTGAGGCGCAGCGCTTGCATATTCCTGACTTAATGACAGCAGGGAAAGTAAGCCGAGTGTGCCAACAATGTAAAACACCGCCTCAATAAGCCTGAAGCCAACTGACCCAAGAGCTAACCCTTCATTGTATTTCCGTAAGACGGGGTAAAGCGCAATCGCGATTCCGGCACTTCCGGCAGCCGCAACAAATGCAAGAAGTGCTCCAACTACAATCAGGTTCTTGCTTGCAGCAATCTGAACAAGGTAG
CP011214.1_gap13	465683	469838	4155	AAGTTTAAACCTGACTTATAACGATATTGATAAAAAATTTGTAGGTCCAATATACACTCCAACTAATGCAAAAACAATTGCTGTAGTTTCACCTGAAATACAATATGATAATTTTATAAGGACTCTTTCATATTCTGAGATAAGATCAGAAAAATTAATTCCAATATATTTGGGTAAAAATTTAAGTTCCTTAAAGCAAAAAAACTTAAAAGATTTTAATGCAGTGTTTATATATGGTTATAAATCTTCAATGTTTTCATCAGGAACTTGGGTTGAACTAGCAGAATATGTTAAAAACGGGGGAAATTTAATTATAGAAACTGGCCAAAAGGTAGATCAAACAGAAGACATTAATTTACCAGAAGTTTTTCCAATTAGTAAAACAAAGTTGACAGTAGTTACTAAGCCCTGGAACGTTTCTTTGGAAGATAACGAAATAACACAAAATGTATTAGCTTCCGATTTTAATCCCTTAAAAACTAAATATCTTCCATATGCTGTCTCAGAAGCTACATCTAATAATATAAGAAATTGGGCTAAACCCGTACTTACAAAAGATGGTTCTATAGTTTTAGCATATGGACGATTAGGGAAAGGAGGTGTTATTTGGAGTGGTATAAACCTTCCATTTCATGCAATTGATAACAGAAATACTTCCGAAACTGTTATCTTTGCCAATGCTATTAATTGGTTTTTCCCAGAGTTTGATACTTCTATAACCGATTTTGAAGTGAGTCATTCAAAATCTGAAAAGATTATTATTAAATCAAATGAAGGTAGCGGATTTTTAATCAAAGAAAACTACAATCCTGGTTGGAGTGCAAAATTAAATGGAAAGAGAGTAAAGATATACAAAGCTGGGTTAATGGAAATGTATATTCCAAGAGACAAAACAAGTAATAGCAAAGACCTTCTAGAGCTTACTTATTACGGGTCTCCAATTCATTGGATACTATTTATTATTTCTTCTATTTCTTTTATAGGAATTCTGGTATATTTGGTTTTTAATAAAAATGTTTTTTCTTTAAAAGATAAATTACCAAAATTAAATTTAATAAAAAAAGATAGTGAAGAAGATTATTAAATGATTTTTAAAAAATTAAATTTGTATTATGAATAAAGATTTTCGCGTTGTAAAAAAATGTAGAATATGTAAATCTTCAAAGTTGTATAAATTCCTCGATTTAAATAAGATGCCAATACCTAATGGATTTAGAAAAAAAGAGGATTTAAATAAAAAGGAACATAAGTATGAATTAGGTTGTTTTTTTTGTGAGAATTGTAGTTTAGTTCAGCTTACTATTGTAGTAAATCCTGAAATAATGTTTAAAAATTATTTATACTTTTCTGCACTCTCTAAGGTGATGATGAATAATTTTAGCAGCCTTGCTCATGAGGCATATTTAGCTGAAAACTTAGATGAAAATTCATTAGTTTGTGATATTGGATCAAATGATGGTAGTTTACTTAAATTTTTTAAATCATATGATTCAAAAATTGTTGGAATAGACCCTGCTGAAAATATTGCCAAAATAGCTGAGTTGAGTGGAATCCCCACAGAAGTTGAATATTTCAATTCAATTTCAGCTAAAAAAATAAGAAAAAAGTACGGTTTGGCTGATGTTATAACAGCAACAAATGTTATAGCTCATACCGATAATCTATATGAAGTGTTTAAAGGAGTTGACATTTTACTTAAAAAAGATGGGGTTTTTATTACGGAGTTTCCATATTTAGTAGATTTAATTGATAAGCTTGAATTTGATACTATCTATCATGAACATCTTTCCTATTTTTCACTTAAACCTTGGAATCTATTAGTAGAGAAATGTGGCTTTGAAATTTGTGATATAAGAAGGCTTGCCATTCATGGTGGTTCAATAAGAATTACCCATAGGAGAAAGAATAGAAATTTAAAAAATCCTGCCAAAAAAACTTTAGAGTTTTTATTAGATCTTGAAGAAAAAAAAGGATTGAGTAAAAAAGAAACGTATGATGAATTTAGCTTAAAAATTAATAAATTAAAGGAAGAACTGTTAACTCTGCTAAGATCATTAAAAAAAGATGGAAAAAAAATAGTTGGCTACGGTGCTGCCGCTAAGGGAAATGTATTAACAAATTTTTTTGGAATAGATACAAAAATACTGGATTTCATAGTTGATGCAACTCCTTATAAACAGGGTTTATTTACTCCGGGAATGAAAATACCCGTATATGCTGAAAATAGGTTGTTAAAAAAAATGCCAGATTATGCAATAATATTGGCATGGAATTTTGCCAATGAAATTATGGAAAAACAAGAAACTTTTAGTGCAAAAGGTGGAAGGTTTATTATTCCACTTCCTGAAATAAAAATAATATAAAAATTTATGTATCTTAAAAAAACAGTTGCAGCAATTATTCCAGCAGGGAAAGATAGTAATTCAATATTAAAAGTGATTCAAGAGCTAGACGCTACAAGTTTTACTGATGAAATAATTATTGTTAATAATGGAGCAGATGAAAAAACCATAAATTTTGTAACTAAAACTCGTGCTAGATTTATTAAGACAAAAAAAATTGGGTTAGGGGATTGTCTTAAAGAGGGGTTTAGAAATACCAAAGCAGATTTAATTGTTGTTATTTCAGGAGATGGTTCATTTATGGGGAAAGACATTACAAAACTTTTATCATACAGTGAGGATTTTGATACAGTTTTCGGTTCTAGAACACACTCACCTCTAATAGGGAAAGGGTCCGGTATGACTTTTTCTAGAAGATTAGTTGATGATTTATTCGGTAAATTAATAAGTATTTTATTTTTATCATCAAATTTAACTGATGTTGGCTGTACTTTTCGTCTGACAAATAGAAAAGGTTTAAAGAAAGTAATAAAGTATTGTAAAAGCAAAGATGAGATTTTCTTAACAGAATGGCTTATTGAAGCTGCCAAAAATAAAGTTAGATTTACTGAAGTACCGGTTAATTTTATTTCTTCAACGGGGGACAGAAGAAAAGAAAATTTCTTTTTTTTAGCAACAAGGGCTTTTAAAATTATTTATCTTATTTTTAAAACCTATTTTAGCTAAGATAAAAAGAACAAGAACTTTAAAAGTCCCGAGTGAATACTTTAAACTATTTTTAAAACTCGCTCCTCTTTTTTCGCCCGTGTAATTTGTTTCAACTGGTACTTCTCCGACCTTTGCCTTTGCAAATACGGCCTGCGCAATTATTTCAAAACTAAAAATATAATCATTTGAATTATTATTTATATTTATTTTTTCTAAAAGTTCTTTAGTGTAAACTCTAAATCCTTGATGTAAATCATTTATTTTAATTCCTAAAACCAATCTATCTATAAAACTTAAAAACAGGAGGGGAATAACTTTCCAAACATACATTCCATTTTTTAAGGGTTTATCTTTTGTGGTAAAACGATTACCCATTATAAATTCATAATTATTATTTTTGATTTTAAAAAGTGCTAGTGGAATTGCAGTAGGTTTATATTCTCCATCTGGATGAATATCAACTATTATGTCAGCTCCATCATTTAAAGCAAGAGAGATTGCTCTTTTAAGATTTCCTCCATAACCTAGGTTAATAGGATTTCTATAGACTTTAAGTTTCTTTAATCTTTTTGCAATTTTATATGTTTCATCTTTTGAACAATCATCTACCAATATACATTCATCAAAATATTTTTTAGGTAAATTGGTCCAAAATTTTTCTAAAGAATCGGCAACATTGTATGCAATAAATATTGCTATTATTTTTTTATTTTTCATATTTTTTTGCTGAAATCATACCAATTGGGGATTTATTAAAAATATATAAAACAATTTCTATTATAATTGAAAGAAAAAGTAAAGGTGTAAGTAAAATAAAAATAATTAGATTACCGTTTGTTTTTATATTATCAGTTAAATTTATTTTTAAATAATTAAGAATACTTGCCATAAAACCCCATGGTGCATATTCAAAGGAAAATACTTTATCAACCTTTATTTTTTTAAAGCCTGAAGTTTTAAGTATTAATTTTAAGCCTTTATCTGTTAAATGTGATAAGTGTCTAGGAAGATCTTGGTGAAACCAATATTTACCAAATAATTTTGATTCAAGGCAGTTATATTTAGGATATTCAATAAAAATATAACCATTTTTATTTAAAAGATT
CP011214.1_gap14	518725	521412	2687	GGGGATCAAAAAATTAGATATATTAAAAAAGATGGAGAAGAAATGAAAGAGTTGGTTGAACTTATTAACGAAGCTATGAAAAAAGTACAAAAAGAAGCAGCCAAAAAGATGATGGAAATGGGTGGAGGACTTTCAGGACTTCTAGGTGGAATGGGTAAATAAATTAGTTATCTTTATCAAGTCGATCTAAAAATTGACAAGGAGAAGGATTACTTCTCCCCCTGGTAATAGCAGGATTTGTACACTGGACTCTTTTTTCTCCGGAAGCATTTAAATTCATTGGAAATTGGCAACTTGCACGAGACCCTTTTGGAGGACATTCTGGATAACCACCAGGTCTTGTTTCAAGTGGAGCTGATATACTATTAATTTCAACAAATTTAATATCAGGTGTCATTATTGGATATTGTACTGTTTTTGTGTGATTTTTCAAGTAAAATGAATAGTTATGAAAATTGCAAAAGCTATCTCTTCATTAATTGAATCTTTTGAAAAACTTCCTGGAATTGGTCCAAAGTCGGCTCAAAGACTTACATATTATCTATTACACGTTCCACAAAGAGAATTAGACGAATTTGGAAAAAATCTAGAAAGATTAAAAAAAGATACAGTATTTTGCACAGTTTGTAAAAATATAGCTGAAGTTGACCCTTGTCCAATTTGTTCAGATAATTTAAGAGATAAGACTATACTTTTAGTGGTTGAACAACCTTTAGACATTTTAGCTTTTGAAAGAAGTGGGAGATTTAGGGGAATTTATCATTGTCTTCATGGGGCTATTAATCCCTTGGAAAACATTGGTCCTGATGAGATTTTTATAGATGAATTAATCAAAAGAGTAAAAGATACCAAAAAAAATAAAATTGAAGAAGTAGTTATTGCTACAAATCCAACAATGGAAGGGGAAGCAACTGCGATGTATCTAGTAAAACAATTTAAAAGTATTAATTCAAAAGTAAAAGTTACTCGTCTAGGAATGGGAATTCCTACCGGAGCTGATTTAGAATATGCAGATGATGTAACATTAACTCAGGCCCTAGAAGGTCGTAGGGAAATGTAAATTATATGAATACAACTGCCCAAAGTTTTAAACAAGCTATTAAAAAGTCCGCTAGAACTATTGGAGATGAGCCGTTAGAGATTCTTAAAAATGCTAGAGATCAAGTGACAGGGTCTGAAGATTATTTTTCAGGAAATGAGAAAACTAATGAAGTATCTAAAGATGATTCTGCAATTAGAGATGAAGAACAGTACAAAAAAAAAGTTTCTGAACAAGACGGAAGGCATTTGGAGGCTTTAGAAGTAGAACTTAAAGATATAAGACGTCAAAAACTTTTTAATGAAATAATGCAAAAAATACAAGATGGAATTGATGTTTCAGTCGAAGAATTTAGTGAACTTACTTATGAACAGAGAGAAGTATTAAAAGCACAGATTGAGGTAATTAAAAATAAAAAAATACAATCTTTAAATCAAAACAATGGTTTAATAGAACCTGCTTCTAAAAAAGGTAGGAGACTTGGGATATTTGGACAAAAGCAGGCAGCAGAAAAACAAACTACTAGAGTAGAGAATCCTATTCAGTCTTCTACTTAAAATTTGCTACAATACTAATATGCCAGGACTTTTAATTTACAATTCTTTAACTAGAAAAAAGGAATTATTTACTCCTATTAACCCATCTGAAGTGAAGATGTATACCTGTGGTCCAACTGTCTATCATTTTACCAGTATTGGAAATTTTAGAACATATACTTCAGCTGACATATTACTTCGAGTTTTAGAATATAACGGTTTTAAGGTTAAATATATTATGAATTTAACTGATGTTGGTCATTTAACTGGAGATAATTTAGGAGATGCTGATACCGGAGAAGATAGATTGGAAAAAGCTGCTAAGGAAGAAAGGAAAACCGCATGGGATATTGCTTCAATTTATACTGAAAGTTTTCTTACTGATTTTAAAAAATTAAATCTAACAAAGCCTTTTGAGTTTGTTAAAGCAACTGATCATATTCAAGAACAAATAGATCTTATTAAAAAGCTTGAAGAAAAAAATCTTATCTATAAGACTTCAGATGGAATATATTTTGATACAGTTAAGTTTGAAAAAAATACAGGGAAAAAATATGGAGAACTTTCAACACTTGATCAAATTAAAGAAGGAGCAAGAGTTGAACCAAATCCAGAAAAGAAAAATCCTAGAGATTTCGCGCTTTGGAAATTTAGTCCAAAAAATGTTAAAAGAGATATGGAATGGGAATCTCCTTGGGGAATTGGTTTTCCTGGTTGGCATATAGAATGTTCTGCAATGAGTATGAAATATTTAGGAGAAACAATAGATATTCATACGGGGGGAGAGGATTTACGCTCAACTCATCATCCAAACGAAATTGCCCAAAGTGAGGGTGCAACAGGAAAACAATTTGTTAACTATTGGATGCATGGCTCATTTTTAAAAGTTGATGGAAAAAGAATGGGAAAAAGCTTGGGTAATGCCTATACCATTAAAGATATTGATGATAAAGGGTTTAGTCCTTTGGATTTAAGATATTTTTATTTAGGTGGAAAATATAATGAGCAATTAAATTTTACTTGGGAAGGTTTAAATTCAGCTAAAATAGCTTTAGAAAAAATCAAAAATCAACTTGAGATTATTAAATCAAATAAGGATCGTAATGTAATTT
CP011214.1_gap15	522606	524650	2044	ATCTTTGCACCTCCATTATTAAATTCTTCCTGTAGTGAATCTTGATCTAAACTATATTTCATATGAAGTTTGGTAAAGTCTTCAAAAGCCTTTTTTTCAGTTGTGATCATTCTCTCAAAATATTCTCTATATTTTGTCATATATGATATTTAAACGATTTAACCTATTGATTTCAAGTCCTAAAATATGCAATTATTAAAGATATGCCAGAAGAAGAGGTAAAGATTGTGGGTCTTTCTAAAGAAAAAGTTGGAGGGAAAGTTAATTTTAAGATTATTTTTGCAATAATTGGAATTGTTGTTTTAGCTTTAGGGATAGTTGCTGGAATTATTTTAGTTCGTGAGCAACAAAATATATCAGAAGATGCTCAGACATGTAATGAAGAATGTCCAAGTGCAGATGGAGTACTTCGAAACTGTCATCCACCAAATTCAAATGGTTCTGCTCAAGAAAGTGTCTGTAGTAGTAGTGGGCTGGTCGCTTTTTGCGGATCTAGAAATTATTGCTGTCCTTCAGCTGGAGCTCCGTGGACTACAAATTTAACTTTGTGTGCAACAGAGGCGCCAACACCTACAGAAACTGCGACAGCCACCACAACATCAACAGGATCAGGTTCTCCAACATCAACTACTAGTACAGGATCAGGAAGTGCATCAGTAACACCAACTGGTTTTTCAAGAGCAACACCAACTGCTATAGCTTCTGAAACATCAGCTCCAATACCGGTTACCGGAGCATCTTGGCCAACAATATTGGGTGCAGGAGTTGGTATTATTGTAGTATTAACTTCACTTCTTTTGGCTTTATAATAATTAATTGTTTTTTTAATAAATTAAACAAATGGAAAAAGGAATAATAATTACGATTGCAACTTTGGTATTAGTGTCAGTTGGTTTTATCATATTTAAACCAAAATTAAATCAAAAAGTTCTAGGTAACAAAACTGAGATAACTTATACTTTAAATGATGTTTCTACTCATTCAACAACAAATGATTGTTGGACTGTGATTGATAATGGAGTATATGATGTAACAAAATTTATTTCTCAACATCCTGGTGGAGATAAAATTCTTATGTCTTGTGGAATAAATGCAACAGATTTATTTAATGGAATTTCACCTTTAGGTAGAGTGCATTCAGAAGTTGCCAAAAGGCTTCTAACTGGTATGAAAATTGGAAATTTTAAGTCTAATTAGAAAGTATCTTCATGTGTTACAATTTAAAATATGCTAGAAGAAGGTTTAATTTTATCTGTTAAAAATTTAAATGTTGATTTTAATGGTCATAAAATACTTGATAATTTAAGTCTTGATCTAAAGAGAGATTCAACCTTAGCAATAATAGGACCAAATGGAGCAGGTAAAACTGTATTTATTAAAACTCTTTTAGGATTAATAAATTATTCAGGAAATATAACTTGGCAGAAAGATGTAAGAATTGGCTATGTCCCACAAAAACTTTCAGTTTCAAGAGAACTTCCTTTAACAGTATTGGAGTTTTTAATTTTAAAAGAAAAAGATACTAAAAAAATAAATGATATTTTACTTAAAGTTGGATTTAAACAAAAAGCAGAACATATTCATCATGATATCAGAGTACTAAATACTAAACTTGGTAGTTTATCTGGTGGAGAAGTACAAAGAATTTTAATGGCATATGCATTACTTGGAAATCCAAATGTATTACTACTAGATGAACCAACTGCGGGAGTTGATATTAAAGGAGAGGAAACTTTCTATGAACTTTTTAAAAATTTAAAAAAAGATAGTGATTTAACTATTATTTTTATATCACATGACGAAGAAATTGTTACAAAATATGCTGATAATATTATTAAACTAATACATGAACACTAATCTAATATTCTTAATTATTTTAGGAGGATTAATAGGAGCATCATCAGGATATCTTGGGTCTTTTATGGTTTTAAAAAGAATGTCTTTAGTGGGGGATGCACTTTCCCATGTTGCTCTTCCTGGTATTGCTATTGCATTGATTTTAGGTATAAATCCAATGTTAGGAGCAATCTTGGCTTTAACTTTA
CP011214.1_gap16	527610	528789	1179	TGTTGTTTCCAGTGAGAACAAGTTTTATAACAACAAAAATCGCGGTTTTATCGTTGGTGTTTGCAAAAGTGTGTATGCTATTTTCTACACGAATTAAGTCTCCCTTTTGCACAGTTTCCTTTTTTTCTGTTTCTTTTTCTAACCATCTTATTTCCAGAGACCCATCAATTATAAATATCAACTCTTCTACGACATTGTGCGAGTGCCATTCTTGGGTTGTTCCCGCAGGAATTTCATTATAGTGAAGTTCGTATTCTGGTTGAAGGTAATAGTCTACCTGGGTGCCATCAGGTTTTTTCCTATGAATAGCATTTAGTCGATTTATAATTTCCATTATTAAAAGCTGAGCCTAAGTTTACTACTTTTTGTTTGTAAAATCAAACCCCTATAGGGTGTGTTTAATCTGTTATAATTACGTTATGTCATCGCTTTCTTGTGGGACACTCATTTCACCGTCCCAACTTTTGATTTTCACTTCAAGTTTAAGATTCCGGAGCCAAATAAAGACAGGTTGATTTTAGAAAGAGATAATTTGGGAAGAATAATTCATTCAGAGCTTCTTTTTAACCAAATTAAAGAAGATGTAATTGATAGTTTATAAAAATTTTGTATAATCATTATATGATTAACGAGGAAGAACAAGGGACGAACTCTCAGCAATCAGAAAAACCATCTGCTTCAGAAATATTTAGTGGAAAGGATGTTGTAATTGGAAGAGAATTAGTAGAACTTCTTATTGCAGACGAGGTAGGAGTTCCTGTTTATTATCACAATTATCAGAATTTAGATAAAAAGATTAATGTAATGGTAGATAGAGAGGTGGGAAATGAAGACTATTCTGTAAGACAGAAAGAGGAAAATCATGACCAGCTTTTAGGAATAATTATTCCTACAGCTGATGCCAAAGACCAGTTTATATATATAGGTATCATGGAAGACGATTTTGTTTTTCAAGCAGGTAGCGATCTTCAAGCTGAATTTAACCCAGAGTCGAATGTTAGATATACATTTGGTTGGCAAAGATTTGGCGACAGAATTGCTCAGCATGAGAATGATTCTACAACCCCAGAACGCTATAAATTAGAGATTCTGTTCAAAGCTCATGAAGACTCCCAAAGATTTGATACGAAAGTTTTGGAGGCAGTAGAAAAAAGAAGACAAATTCATGAAGCGATACGA
CP011214.1_gap17	538441	542178	3737	TGTTGGGATTCAAATTGGATTTAAGGGTAAAAATTTAGCAGTTATTGCTCCACTTCCCGGATCTCCTGCCGATGAGGTAGGGGTTAAAGCAGGGGATTTAATAATTGAGATTAAAGATGAAGAAAAGAAAATTGATGTTGGAACAAACGGGATGACATTAACTGATGCAGTAAAATTAATTAGAGGTAAGGCTGGAACCAAGATTACACTGTTTCTCTTAAGAGAAGGTGTTAGCGAACCAATTAAGACGGAAATTACAAGAAAAAATATTGATGTTCCATCAATAATTCTTTCCTTTGTAGATAATAATGGAGTAGTTATTCAGAATGGAACGATTGCTCATATTAAACTTTTAAAATTTGGTGCTGATACTTTAACCGAATGGACAAAGGCAGTAAATGAAGTTGTAGGAAAAAGGGGAGTTAAATCAATTGTATTAGATTTAAGAAATAACCCAGGTGGTTATATGCAAGGAGCAGTTGATATCGCAAGTGAATTTGTAAAAACAGGTTCTGTAGTTGTTATTGAAGATAAGGGTGGAATTAATAAACAAGAATATAAAACTAATAAAATTGGTGCACTTAATGATTATAAATTAGTAATTTTAGTTAATGGAGGAAGTGCTTCAGCTTCAGAAATTTTGGCAGGAGCTTTAAGAGAAATTAAAGGAGTAAAACTTGTTGGAGAGATAACTTTTGGTAAAGGTACAATTCAAGAGCCATTACAACTTGAACAAGGATCTGGACTTCATATAACAATTGCTAAATGGTTAACACCAAAAGGAGTTTGGGTTAATGAAAAGGGATTTGAACCAGATGTTAAAATAGAAGATAAAGTAGATACTCAAGTTGATGAACAACTTTTGGAAGCCATTAAAATTTTAAGCAAAAATTAAGGAAGTATCTATATTATATAAAGAAAGAATATATAAAAAATAAGTCAAAGAAATCAATCAAAATTTCAACTAATCTTTCTGAATTTAGTGAGTAAGAATATTAATTTACAATGGTTTTAGTAAGGGCAATTACTTTTTCCAGGTTTCCTTCAACAATAACTTCAAGGTTTCCCCATGATTTAGCTAATCTGTGATCAGTAACTCTGTCTTGTGGGAAGTTATAAGTTCTGATTTTTTCAGATCTCATGCCACGACCAATTACTGACCTATATCCTGCAATTGTTTTTAATTTTTCCTCTTCCTCTTTCTCCCAAAGTTTAGAACGAAGTAGAGAAAGAGCAATAACTCTATTTTGTTCTTGAAACCTCTCTTCTCTGGCTTGGACTACAATTCCTGTTGGAATATGAGTAAGTCTTACTGCTGTTGATACTTTATTTACATTTTGTCCTCCATGCCCACCGGCTCTTGTAAACTGCCACTCCAAATCACTAGGGTTAATATTAACGTCTGTTTCGGCAACTTCAGGTAGAACTACTACTGTTGCAGTTGAAGTGTGAATTCTACCTCTTTTTTCAGTTGAAGGAACTCTTTGAACTCTATGAACTCCTGATTCATTTTTAAGATCATCAAACACAGAAATTCCTACGAATTTTAAGGTTAAATCATCAATTTGTAATTGTTTCCAATTTTTCTTGGTTGCGTAACGCGAGTACATTCGGAGAAGATCTTGTCCCCATATTTTTGCTTCATCTCCACCTGTGGCGCCTCTTACCTCAAGGTAACAAGTTTGATTAGTAGGATTCATTTTACTTTACTTTTTTAGCACGAAGTACTTCTAAGTTTTCAGGTCTACTCATTTCTTCTTTAATCTTTTTCTCTTTTTTAATTCTTCTCTTTTCAGTTTTTGATACAACATTTTTAGCAACATGAGATAGCTTTGTTTTAAATGCTTCAACTCTTCCTGCAGCATCTAGGTATTTCATCTGTCCTGTGTAGAAAGGATGACAGACAGAACAAACCTCAACGTTTATTTCAGGCAAAGTTGCGCCAACAACAAATGTATTGCCACAAGCACAAGTTACTTTTGCTTCTTTAAACCATTTTGGATGAATATTTGCTTTCATATATTTTATCTATTACTTTTGCTTACAGTGAGTTATTATATCGCGATCTTTTAATTTCAGCAATGGCTACACCAATAGTAATAATAATTGCACCAACAATGAAAGTAGGTGTAATTTTTTCTCCCAACCAAAGAACAGCAATAGGAAGAGATAAAACAGGGTAGAGGTAAGCAAAAAGTGACTGTTCTCCTATTTCAATTGTTTTTTGAGCTTTGTTAGAGAGAAAATATGCAAGACTTCCGGATATTATGGCCATATAGAAAACTCCTAAATGGTAGTTAAAATTAACTGAGAGAAATGATTTTTGAGACGTAAGGAAAACAAACGGTAAAAATGATAAAAACCCTATTATGAATGAAAAATTAGTTAACGTTAAAGGGTTAACACCATTTTTAAGTAACTTTTTAGTAATAACTGCAACTACTACAGTTGCTATTACGTATCCTAAAATCAAAAGGTTACCTGAAAACTTTAAATATTCGTGCCCTCTTTGAATTATTGGTTCAATTACGGTTAAGATTGTTCCAATAACAGCAATTCCCATTCCTATTTTTTCTCGTTTTGTTACTTTTTCGTTTAAAAATACAACTCCGGCCATGGATATAATTAAAGGACTTGCTAATGAGATTAAACTTGAATCAAGAACTGTAGTGTCATTAAGACCAAAAAATAAAAGCCCTAAAGATACAGTTGATGTCAAAAAACCACAGAAAAGCATGAGCCAAAAAGTTTTTTTATCAGTTGGAAGATGTAATCCAAAAACTGCAAAAGATATTAATGCAATAATTGTTGATATTCCAAATCTATAAGTTAGAAAAACTATTGGAGAAAAACCACCTAATGTATATTTAATAATAGGACTGGCAACACCCCAAATGACAGCAACAATAAGAAGCATTAAATAGGCACGGGTTCTGGCAGAGTTCATTATTGTAATTCGACTATTCTATCTATACCGAACGAAAAACCAACGGCAGGAATTTTTCTTCCTGCAAACATTCCGATTAAATTATCATATCTTCCACCGCCACCAATTGATAAATCATTAGGATTTCCATTTAATTTCATTTCAAAAACTGTTGATGTGTAGTAATCCAAGCCTCTTGCCAGTGTAGAATCGAAGTAAAAATCAACATTTTCCTTTAATTTATATTCACTTTCCAATATTTTAAATATTTTAAGTAAATTTTCTGTAGGCTTTGTTTTTTCAATAAAATTTAATAAATTTTGAGGCATTTTATCTTTTCCGATTTTATGCATTTTGTCGATTAATCTAATATCTTCAACTTTTAATTCTTTAAAATTATTTCTGTCATTTATTGCAAGTTTAGCTTTTGAAAAACCTATTGCTCGAAAACCTTCAATTGCTGTAGCAATTACTTTTGCATCATTTTCAATATTTTCGCTTCCAACAATATCAAAATCAAATTGTGTCAACTCTCTTGACCTTCCTTTTTGAGGTTTTTCACCTCTAAAAACTTGACCTATTTGATATCTTGAAAAAGTAGGGGAAAGAAGGCCTAAGTTATTTGCTACAAATCTAGCTAATGGAACAGTTAAATCATATCTTAACGCTAATTTTCTTCTTCCCTTGTCTTCAAATTGATAAACCAATTTTTCTTCTTCACCATATTTCCCTAAAAGTGTTTCTGCAAATTCAACAATTGGAGTTTCTAAAGGTTCAAACCCATATTTTTCTAATACAAGACTAATGGAAT
CP011214.1_gap18	621159	623493	2334	AAGTGATTTGAGTGTAAAAAAAGTGACTTTTGTTAATCTAAACATAAATTCTGTAAACATTACTAAAAATATAAACATGAATTTTAAAAAACTGGGAAAATATAAAATCAATCCTATTAAACTACAGGCAATGATTATTGATCTCTCATCAAATTCAAAAACCAGAAGTCCAATGAAAAACAAACCCACTACAACAGCTGCATGAATTACCTTTTTAAACAAATAATCAGATAGAGGATAATTAACTAAATTATAAAATATTGAAGTTTTCTTAATTTGAAATTTATTAAAATATATTTTGAATAAATCTATTGGTACGGCAAAAAATCTAATAATTACTTCAATATAATAAGTAAAAATATTTCTTGTTGCATCAAGCTCAATTTTAACCTTTTTCATTTTAATTACTCGTAAAACCAGTTATAATCAGGTTCACTAACTTCAATAATTTTACTTTTATTCATTTTATAAGTTCCCTCTTCGTTTACAGTTTCCCAAGTACCTTCATAGTAATGATATTCAGCTTCACCATCTACCCAATTAGTTGTTCCAAATTTAACAAAGACAACTGTTTTACTTTTTTCAAATGGCTCTGATATAAAAATATCAACATTTAATATATCTGTAAATCTATTTGTCCATTCCGTATAATTTGTTTTTTCTAAGTATTTATTACTTAAAAGTTTATATCCTGCTTCCATTCTTCTGGCCTTAAGATAAGTATAAAATGCATACACTGCATCTTCTGGAGATTTAGTGGAATCGACATCTATTTTTTCAATTTCCTGATCTGTTAAGTTAACAAGATTATCATTCACATCAGAAGCTGTAATGAAAAAGGATATCCCAGCTAAACTTTGTGTATTAATCCCTACTACTTGACCACACTGATCTACAAGTGGTCCACCACTCATTCCAGAGACTAGTGATATGTTTGTCTGAAGATAGCCAATATAATCTTTTCTACTTCTTCTGTAGTCAATAAAATTACCTCTTACTATTGTTACATCTCCAGTTACTTCAGAACCTAACGGATAACCAGCAGAGAGAAGTGGCTCGTTATCATAGAAGGTCATTGAGGAAGGCAACTCATATACTTTTTGAGGATATTCATTTTTTAAAGTTAAAACTGCAATATCCATATTACTATCCCCAACTATTTTTACAGGAGTTTCAAAAGTTCCATCAGGGAAAACTATTTTAGGACTGGGCTCATCAGCAATTACATGGAAATTAGTAACTACTTCAGTAGGAGAAATGAAAAATCCAGATCCTTCACCAAACCCACCAATTATTCTAATAACAGAACTTTTAAGTTTTTCTTTTACCTGGTATCCACACAAAAACTTTTTGTAGCTACCGTACTCTCGGTTTAAATAATCCATAATTACAACAAAAGAAAGTAATATATAAATTGAAATAAACATCCAAAGAAGAGTTTTTCCTAAATTTCCCCATTTTCTAAATGGCCAAGAGATAATCTTCCATAGTAACTTCAAAAAATAATAAGTTGAGTATGTTAAAAGTTTTATAGGGAATAAATAAAGAGGAAAAAGGAGTTTTTTAATATACAACTTAAAACTTTTAATTATTTTCTTAATGTTATTTTTCATATATGATGCTATTTGATATGTTTTGCTAATCTTGACATATATGGTATATAATATACATGGTCGGTTGACAGAAATGTCTAGCTATCCTCTCAGCGTATGATAGTACTCAAACCGAGAACTGACCTCAAAAGACCCTCTATTTTAGGGGGTTTTTTGTTGCTTTAGGAACTCTAACAATTCCATATCCTGTAATTTTACCGTCTTTATTGTAAAAATTATTAATAAGTTTATTTAAATATGAGTATCTTTCTGTGGATTTAGAACCTAAATAATCATTCAGATCGCCATAATTTACAAACTGGCGATAAACATTATAAGCAACTGTATCAGCAAGTTGTAGAAAGTTTGAATTTTTAGATTTTTCAAATCTAGGTGTTGTATGAGAAAATTTTTTATGGAATGATCCCAGATCAATTTCTTTACTTGAAATTTTAAGTATCTGGCCTTGGTTATGATTAGTAGATTTAATTTCACTATCCATTTGATCAAACACAATCACACAATTTTTATGAGGGTGCAGTTCTACTCTATCAAAAAGTACTTGGGTTAAAATCTGAAGTGGAGTAAAATTGTCTCTATTTTTTTTGTAATATCTTTTGTCAAGGACAAAGGCCTGAATTTGTATAGATTTAGCATATTTTTCCATAAAGTTATACCACTTGTCTTCTATAAATTTTTTTAATTTAATATCATTGATATCAAAAACATCTAAATAATGTTT
CP011214.1_gap19	636152	641068	4916	ACATTAGCCTTTTTAAATTCTTCAATAATTGGTTTTAGATTTGTACATTTTGTACAATCTGGATCAGTAATTAATGTAGCTGTAACATTACCCATTTCTAAGTTACTTGTAGTATCTTTATATACTGGCAAAACTTTGGTAAAGATAAAATTATCGTCTTTGATTTCTCCATTAACATCAATAAAATTATTCAGTTTTTTATTGGAAACATCACCTGTCACAATATATGTAGGAATCTTTTTAATTTGAAATTTATCTATTAATTCTTTACCTTCATTAGAGTTAAACTCAAATGAATTTTCTTCTTCCACTTTAACATTTAATTTTTTAAATGTGGAAATTGCATTATCGATATTAAAACAATTAGAACAACTAGAATCAGTTATTTTAGTTATTTTTACATTAACTGGTTTATTAGCTTCTTTAAGGGTAGCTACCTTTTTATTAAAACCAATAAAGGTTTTTGTTGAAAATAATATCCCAACTAAAGACGAAATAACAATAACACCTAAAATAATATTTGTTTTGGTAATTATTTTTTCTTTATTCATATCAACATCCTCCAACCATAGATTGCGGAGTGTCTGCACCACTTTCTGCTCCACTCTCAGCGCCTGTAGTATTCGTAGTGGTTGCTGGTACGGTTTTCGCTTTTGATGTACTTGAACCAGAAGAAATTTTTGCTAGTTGAAAACTTTGTAAAATAGTTATTAAGGCAACAATTATTAAAGCTATAATTTGTAAATTTGGTTTAGCAATACGTAAAACAAAAGCTTTATCGTTATTTGTTTCTAATTTTTGATTATCTTTCATAAATCACCACCTTTCTTTTGTTAATATATTAATATTATCAGTACAAACATTAAGATTTAGTGAAAATCAGACTTGAATTTAATACTTATTTTTTAATAAATAGTTAATCTCATGGTAATAATTTATTTATTGTAAAGAATCAAGCTTTTTTATTTCACTAATTAATTCCTGATTTCTTATGGCCATTTGTGGATCATCTTGCGTAAAACGTATAATGCCATTTTTATCAATTAATATATATGTATGTCCAGGAAATTGTCCTCGATGCATAGATGACTCTAAAGCTAAAACTCCATAAAGATTTGATGCTATTCGTTTATCATCGAATAAAACAGTACTTACCCCAAGTTCAGGCATTTTGTCTATTGCTTTTTTCCAATTTTCTTTGGGATCAGTAGTAATATTTAAAACCACTGTATTTTCTTCTTTGAAAGACTGATCTTTTCCAAAAGCTGAAATTTGGTTCCAGCAAGCGGGATAGCACATAAGACCTTCATTAAAAAATAATACAACATTTTTGCCTTTTAATTTATTTAAATTTACTATTTTTCCATCGTAGCTAGTTAGAGAAAAATCTGGTGCAGGTTTATCTTTGAGATTATCAAATATTGTTGATTCTACCGGTTTTGTTCCATGATGATCTGTCGCAGAACTAGTTTTTATTTTTACATCTTTAGTATTAGCAATTGGTTTTTCTATTTTAACTTTAAAAAATAAATTAAAAACAATAAATATACCAATTACTATTTCAGAAATAATTATAATTAAATGTCTTTTTGAAATGTTAATTACAAATCACCTCCCTTTTTGAATTCTTTAAATGCCTTTATTATTAATAAAATAAATATTCCAGAAAATATAAATCCCCATACAGATTCAGGAATAAACTTAGTAAAGTTTCCTATTATTTTAGTTATTTGGGCAATAAATATGTTTACTGATAGTTGATAATCATTTTGCATTGTTAGCTTGTCAGAAAATGCTAAATAAAGAATAACTATCCCTATCAATAAAAACATTAATCCAGAAAACAAATTCGCGATTGTATTCGTGATTTTAAATTTAAATATATTAAATGTAATAGGTTTTCTAAATGCAAAAAATTTATCTGTAAAATTCACCCTATCTAAATAAGCAGAAAGAATAAATAGAGGTGTAACCATTCCTAGAACATAAGTTAGTGTATATAAAGAACCCAATATATATGACCCTGATATTGCAGATAAAGCAAGTACACCAGCAAGAACAGGAGCGCAACAAGTTGTAGCAATTCCTGAAAATATACCTAACATAAAAACTGAAAAGATATCGTAATTTTTAAGCTTAGGATGGACAATTGATGAAAAAGAAAATTGTTTTCCTAATGTAAGAAGTGTTCCAAGGATTAAAATAAAAAAACCTCCGCTAATAAATATAAGATCGTGATAATCTCGTAATGTTTGACTAATTGCACTTATCCCTAACCCTATTGGTATAAAAACAGTTAGAAGACCTAATAAAAAAATAAATGTCATAAAAAAAACTTTTCTTTTTTGTTTAAAAATTGAGGCAAAGTATGTTGGAAGTAATACTGTAATACAACAGGGTGCAAAAAGCGCTGCAATTCCAGCTAAAAATGCTGCAATAAAAGATGCACTTACTAGTAAATCCATATTTAAATAATATTCTTTAATGTATTAAGAATTTGTTAAGATCATGAAGCAATACGAGCTCTAACAATTAACCTTCTTGGATTTCTAGGATCACCTGGAGGAATACAGGTAACAAGACTTATAAATGAATCACTATTATCTTGTTCTAAAATTTGAATATCTGTTGGAAGTACATCAAACATTTGTTCTATTACATAACGATAAGTTATTCCGTCATAATTGACCATGATTTCATCCCCTATTTTAAGTGTAGGAAGTGTTGCAAAAATAGTCTTATAATTAGTTGGACTAAAAAAAATAGGTAAGGCAGAATGACCAAAGATAACGCTATTTCCAATTCTACCTGGAAGAGCTGTACCTGGATAATGTATTAGTGATTTAGACAAATCTTCACCACCAATTGTAGTAATTGCATTTTTTATACCTAGTTTTGGAATAGATAATGTATATGTTTCGATTTTTGAAACAATAAAATCCTCAGGTTTTATTTTATCTTCAAACCAATTACTTGCTTTTAATGTTTTATCTTCCCATAAGGGAGATATTAATGGAGGGGGATTTTTTATTTGATATGAAAAGATGGGATACAAAATACTAAATATTATAGTCAATCCAGACAAAAAAAATATGATCGCTGCTATACGAATAATTAATTTACGTTTCATTTTGCTAGACAACAACCTCTTTTTTTATCTTTATTTTTTTCAAAATCGTCTTTTCCAAGTTTATATAGAAATTTAGCAAAAAAAGATTTAGGTTCTTCTTCTACTTTTATTTCTCTTCTCTTAGTTTTTAAATGTTTAGAACAACAATCTGACATTTTAAATCACCTCTTTAATAACCAATGATCAGGATTTGACAAAAACATATTTTTATCTTCTTCTGAACAAAAATAATAAGTTACATCTTTATGAATTACATTTATTTTCATTTCATCTTTTGGTTTAACCATTCCGCAAACAGGATCTTTTACTTTATCTTCAGTCATATTAATCACCTCCTTAAAATTTCCAACTAAAATCTCGATTTTTGATACTTCCAATTTCTTTAATTGACAAAGTTAAAGTTTTTGGTAATGGGTTAATAGCTTTAAATAGTAAAAAACCACTTCTATGGTGACCTCCAACTGGAGATCCATCCCAGGATTCTGGATTATAAATTTTCCCTTTATCATCAATCAATACTGAAATTTTTGTTAGATCTTCTGTTAATTCAATTGAATGAGTATTCAGATTAACACTGAAACGCCAAATATTAAAATTTTCTAAAATGTCTTGAGGAGGTGTTATTTCTACAATAACTGATCCTTCTGAGTTTGTTTGTGTATCAAGAACTATGTTACTTTTGTTTTTAATAATAAATTTAGAATATATTATTAAACTTACCAAAAAGATAGCAAATATAATAATGAATAATTTCTGCTTCATATTTGTTTTAGCATATAAATAATTCCTGCTAAATTAAAGATTAATCCTATCCAAAAAAACTCTATTTGATATTGAGTAATGAATGAAATAATTCCTACTACCCCAAGAATTGGTAAAATGTTTACAAGATAATGTGAACAACAAGAAACCATCGCAAAAGTCGATGTCGTTCCAGTTGTTGCTAATACTTTTGAAGATGGTTTTGTCTTATGCAAATTTCGTATATAGCTAAAAATCCCTATTTGTATTCCAAACCCAATAGATAACGGGATCACATAATACCAAAACTGCCTAAACTGATCCTTAGCAAAGACAAACCCTGAAACCAGTATTATTACAACAAAATAGACACTTAGCAGAATTAAACTAGCAATAAAACCATTAATGATTGATCTCTTCACAATTTAATATTACTAAATCTATCATTAAGATTTCATTAAATTATATATTTTTGCAAATATATAACCTGTTACCCATGTAAAAACAAGTGACGAAACTAAACCAATTAAAAAGGTTGACATTGTTAAACTGCCAGTGTCAAATTTTGTTAAGGCAACACCATGAAACCATGATTGTGCTACTGTAAACATTAAATTAGGAAATAAACCTACAAGTACACGACAGGCTACATAAAAAATACCTGTAGTTATAGCAAAAGCATTAGCAGTAGAAATTGGATTATGCTTCATTTTATCCTCACCCCCTCTTTATATTTATTATACGCCACAACTACCACCAGTTTTTGGTGGTTCTTCAACTAAACCCTGTTCAGATAACCATTTTTTAATATTTTGTGTTCCTGAGGCAGAAGAATAATCTTTGCTTAATAATAATTTGGCGTCAATATTAGAAAAATTTTTACCCTCCTTGTTTTTAAAATAAAGTGCTAGATCATAATAATTTCCTGGAAACCAAAAGGCATTGAAATATTTTCCTGCTTCATACATTTCTTCCCTGGTCGCTCCGTTTCCTGCCATCAATTCTAAGACACCTAAAAGCGCCATACCATGATTACAGTCAGGGA
CP011214.1_gap20	658472	660911	2439	GATTTTATTGTCTGTAGAAGTGAAAAAGCGGTTGATGAAAAAAGAAAAGGAAAAATTGCATTAGCATCAGGTCTTTTAATTGAAAACATTGTTTCAAATCCAGATGTAGATAGTATTTATGAAGTTCCATTAATTTTAGAAAAACAAGGCTTAGCTACTAAAATTATTAAAAAACTAAAATTAAAACACTCTAAAAAAGATCTGTCAGCATGGATTGCTTTAAATAAAAGTATAAAAAGTGCAAAAAAAGAAGTAAAAATAGGGATTGTGGGAAAATATCAAAAAACTGGAGACTATGTCTTAACTGATAGTTATGTTTGTGTTGTTGAAAGTTTAAAACATGCAGGTTGGAAGTTAGGAATTAAACCAAAACTTATTTGGATTGATTCAGAAGAAAAAGATGTAGATTATTCTAATCTTGATGGAATTATAGTTCCTCAGGGGTGGGGAAAAAGAGGAGTTGAAGGTAAAATTAATGCAGTTAAATTTGCCAGAGAAAATAACATACCCTATTTAGGTCTTTGTTTTGGTATGCAAATGGCTGTAATCGAGTTTGCAAGGAATGTATTAAATTTTAAAAATGCAAATACAACTGAAGCTGATCCTAATACAAAGTATCCTGTTATTCATACAATGGATTATCAAAAAGAACTTATTAAAAATAAACAATATGGGGGAACTATTAGACTTGGCTCTTGGCCATGTAAAATTAAAAAAGGAACTAAACTTTCCAATATTTATAAAAAGGATTTAGTAAATGAAAGACATAGACATAGATATGAATTTAATAATATTTATAAAGATAAATTTGAAAAAAAAGGTTTAACTATTTCAGGAACCTCTCCTGATGGAAAACTAGTTGAAGCTGTAGAAATTACTAATCATAGATTCTTTGTTGGGACACAGTTTCATCCAGAATATATTAGTCGTCCCCTAACACCACATCCTATTTTTGTCGAGTTTTTAAAATCTACTCAAAGATAAATTTCAGATATTTTGATATAATAGCCTAGTAACAAATATGTCGGAGTGGTGGAATGGTAGACACACGGGCCTTAAGAGCCCGCGATGCTAATACATCGTGGAGGTTCGAGTCCTCTCTCCGACACACAGGCTCAAAATGATTGAGGTTTAAATTTTTTCTCCATATATTGAAACTAAATAAGTTCGAGTCCCCTTAAGATTTGTCAGAATAGACAATGTTAATTTAATTCTAAATTTAAGGAACAGAGGGCTCTTAATTCTTTTTCTTAAAAGCTATCTTGAATTCCCTACAAACTGGTGGTCCTAAATTGGCGTTATAGAGTTCACACTCTTCTTTTAGACAGGGTTTTAAATCTTGTGCTTCACATAATGGTTCTTTTCCGTTATTTTCAAGTATTATATCTTGTTGTTCAGTAAACAAACCACCTTTATGAAACTCATTGGATTCGTCCACAGGAAGTGAATCATAATCTATCTCTCCACTAATAACTCCAGCAACATTTTGATTGGATTCTGGCCAAATAGCATATGGAATAATTGCACCTTCCAATAAAGCATCTATTGTATAGTTAAAATAAGTCCGGTCTCTTTTTGATTCGTCAATCAAAAGTTGACTATAAAGTTTATTCTCTTCTATTTCGTTCATTGTGACTAGACAAGTGTCTAGGATTATACATATTAAGCTGTCGTTGTCAAATAAAAATAAATTGTTGTTTATAATTTGGATATGCTAAAATAAGCCTGTTGTAGGTTTTTAGAATTGAGGCTAAATGGTTCAATCCTAGTAAACTTTTCGACACATATATAAATATTTCTAATGATGATGAAATCATAATTATATCTTCAAAACCTTGCAATAATTTATGTTATAGGGTATATTTATTTAATGGAAAATAAAAATATAGACAGATTTTGTGAAATTTATGATTACGATATGTCAACTCACCCAATTGTAGGTGCAATCTCATTTCGTGAAATCAAAGAAGGGATTATTTATAGAGGAACCATTAATTCTAAGGAGAAACAAATAGATATCGATAGACAAGATTTAGACTTTCTAATAGAGGCTAATTCAAAGAGAAGAAGAAGCATTACAGCTAAAATTCATTTTAATTGGGCTGGAAGAAAAAAAGTGCCTGAAATTGGAAAGGCAAGTTCTGCATTTTTATTCAAATACAATAACAAATTAGTTATTGACTATTTTGTAGAAAATCAATCACATATAAGAGGTTCTTCATCTGTTATGCACAATTATATGAGAGAAAATTTCAACTATTGTAAACAAGAAGTCTCGGATTTAAGATCAGGTCATATTGTACCGTTTAATGTGACTACTAAGGATTGTGGATGGCTGCTTTTATTAGACTGTTTTGACAATGCTAATGTTAGACAAGAATTTTCTAAAATATCAAGTATTATTGACACTCTTTATGGCAATAGAATAATTCCAATTAC
CP011214.1_gap21	746477	748391	1914	AATATCAATATATTTTAAATCTATTTTCTTTAAAGCTTTTAAAACAGAATTACCCGTGCCTAGAGTAGTTTCTTGAATAGCGTAATTGCATTCTTTCGATATTTCTCTTAATACTAAATTCCTTTTATATCCAACAACGGGAACTAAATTAATAACCCCTGCATTTCTTAAGTTTTCCATCGAATATGAAATCATTGGTCTATCACAAATATTATGTAGAACTTTCGGCAAATCTGACTTCATCCTTGTTCCTCGACCTGCTGCAAGGATAACTCCAGCCAAATCTTTATAACCATTCAAAATATTTTTGACAAACTTTTGATCACTCCAAGGATGTTCAAAACCCCCATAAGCCATAGTTATTTCATGACCTTTTCCACAAAAAACTAATGCATCTCCTTTTTTGGCAATCCTAATAGCATATGAAATTGCTTCACCACGTTCAGGAATACAGATATAATTTTTTGCATACTTTTTCATTTGTTTTAAAATATCAAAGATATTTTCACTTCGAGGATCTTCTGCGGTTAAAATTGAAATGTCAGCAATTTCACCTGAAATCTTACCCATTTTAGATCTCTTTTTAATATCTCTTTCTCCAGCGCATCCAAATACTGAAATTAACCTCCCTTTGGTAATAGTTTTTAAATAACCTAAAACTGCTTCTAAAGAATCAGGTGTGTGAGCAAAATCAACAAAAATTTTAATACCAAGAGAATTTTCTATTTCTTCAAGTCTTCCGATTGGAAGTTTAAATGAATTAAGTGCGTTTTTAGATTCTTTTTCAGAAATCCCAAGTTTTTCACATACTTCAATTGCTGTCTGGGCATTTATATTATTAAAATCACCTTCCAATATTTTTAACTTTGTAGACTTTGGACTAATAATTTGAATTTTGCAGGATTTTAAAAATGACATCTTAGTATTTTTATAATTTTTAAAAGTTTTATGATAATCAAGGTGTTCCGGAGCAATGTTAGTTAATACCCCAATGTCAAACTTGATTCCTGCAATCCTGCCTTGTTCAATTCCATGTGATGAAACTTCTAAAATTACATAATTAAATCCTTTATCAACAAAACCCTTTAACATTTTATTTAAGGTAATTACGTCAGGAGTAGTGACATGATATCCAGGAACTGAAATAGAACTTATAAGCCCTGCCTTTTTACCTAATTTAGTTAAAATATGGTAGATTAAATGACAGGTTGTTGTCTTTCCTTTGGTTCCAGTTACTCCAATTATGGTTAATTTACTTGAAGGATTTTTGTAATATTCTGAGGCTAATTCTCCTAATTTTTCTCTCGAATTTGAAACTTTTATATAATTTACACCAGAAGCTATTTTGATATTCTCTCCGCTATGATATTCAGTTTCGCCATAAATAATTTTTGCCCCGTTTTTAATAGCCTCATCTATATGATCATGTCCATCAGAAATTTGGCCTTTAATTGCTACAAATGTATCCCCAGATTTTATCAACCTTGAATCAAATGAAATCATATTTTAATCTTCTCTTTTAATGGAAGCTCCAAGAGAAGTCAAGCGGTTTTGGATATCTTCGTAACCTCTATTTACTACTTCTACATTTTCAATTGTACTAGTTCCTTCAGCTACCATGGCTGCTAGTATTACTGAAATTCCAGCTCTTATATCTTTACAAAAGAGTCTGTCTGAAATTAATTTTGTAGGACCTGACACAATTACCCTATGAGGATCAGCAATTAAAATATTAGCTCCCATTCCTATTAAATCATCTACAAAAAACATTCTCCATTCATACATCCAATCGTGACATAGAATTGTACCTTCAGTTTGTGTGGCAAGAACTATAAACGGACTCATTAAATCTGTTGGAAACCCTGGCCATGGACGGGTTTGAAACTTTCTTCTTTGGGCTTTTAATTTTGAAGG
CP011214.1_gap22	750405	752885	2480	ACCGGTATCGTTTCCCTCGTCATTTTTGCCTACAAAACCTAAAAGTTGTGCGGAAGAAGATCCTTCTGGATAATATCTATTTTCTTCAGTTTCAAAACCAAGCCCAGTAATTCTTAAGTTTTCAATTTTTTCTTTTATATCAGCAGTAATTTTATGTCTTATTGGAACCCAAACTACACCGTCCCTATTTAGTATTTTTTCTATCCTATCAATTTCAATAAGAATATCTTCTTGTGGAACTAAAAAAGGTGCAATTAAATTAGCAATTTCGTTTGTGGGTTTGGATAATTTAGGTAATTCCGCAAAAAGTAACCAGTTAGTGCGTGTTACAGCCAACCAAGTACCATCATTTGCATAAATGTTTCCTCTTGAAGCCTCAATTTTCTTTGAACCGGAGTATTGTAAACTTGCTTCCTGACTTAATTCTTTACCTTTAACTATTTGCCAATAAAATAATCTAACTGAGACCGAAGCAAAAAATAGAAAAAATACAAAAGCAGCAATTTTAAGTCGCATTTTAAATAATATAATCTTAGAAAATTTAAAAATTAACGAACAGGAAGTTTGGCAAAACCACTATCAACCGAAAAATAATAAACTCTAGTAGGTTTAGCAAAACCCAATTCTTGTGCAATTTTTTGATTACTCTTTTCAGAATTTTGACTAAATATCCCTTCCGAAAGATTCATCTTTTGTGTAGAAGCCGTCTCTAATTCATCTTCTAATTTCGCAATTTCAGCACCTCTTCCTGCCTGTTCTATTCCTAAGAATACTAAAGATGCAAAAAGTACTAAATTAATTCCTAATATTATTTTTAATTTTTTCATAATTTTTTATTTCAAGCCCTGCTTTTAATGTAATCACAAGCTCCGCTTATAATTTCTTTTCTAAAATATATAACTTTGCACTCCTTGATTTTTGATTATTAAAAATTTCTTCCTGACTTGGTAAAACTACTTCACCTTTACCTTTAAAAAAATCTTTAACAATTCTTTCTTCACCCGAATGAAAAGTTATTACTAAAAGTCTCCCACCATTTTCTAAAAGGTTAAAAGCTTTTGGTAATACCTCTTCTAAATTTTCAAGTTCACTATTAACTGCAATTCTTAAGGCTAACATGGGTAGTGTTGCTGGATTTAAACTTCGTTTATGTGGCAAATCTTCTAAACATAAATTTAATTCTCCAACTGTTGTAATAGGCCTAACATTAACTATTCTTTCAGCAATTTTTTTTGCGTTAGCAAAATTAACAATCTTTGCAAAAAGATTTGTCAATTGAGTTTTATCTAAAACATTTAATAAATCTGATGCCTTCACCCCTTGTGAGTTAGGATTAAGTCTCATATCAAGAGCTTGACTAGAATCACTAAATGAAAACCCTCTATTGTCTTCTTTTAGATGAATGTTTGAAACTCCTAAGTCAAGTAAAATTCCGGTAACTTTACTAAAATTATTTTCTTTAGCAATTTTATCTATATTGGTAAAATTTTCTAATACAAATTTGCCCGTTTCTTTTAATCTATCTTTAGCAATTGCTAAAATTTTAGGATCTCTTTCAATCCCCAGGACTTTACCACCTAAATTAATAATTGCTTGACTATGACCACCTGTTCCTAAAGTTGCGTCTATTATTTGTGAACTTTTATTAATGTGCAAACTCTTTATAACTTCTTTAACCATTACCGACTCGTGGTAATTATTTTTCATTTTTACTTAAATTTTCAATATACTCTTTAGTTGTTTGTGCCAATTTAGTTGATTTCTCGTCCCAAACTGTCTTTGGCCAAACCTCAACTCTGTCTATTAATCCTACAAAACAAATTTCTTTTTCAAATTTTGCATACTCAGCTAATATTTCAGGGATTATGATTCTACCTTGCTCATCCGGCTTTTGCTCAAAGGCAGATCCTAAAATAAACCTTTCGATATCTCTAACCCCCAAATCTCTTGCTCTTTTACCTCCTGTTAGTCTAGTTGATAGATTTTCCCAAAAATCTGAGCTTACTAAAATTAGACAATCCTCATACCATTTGGCTAAGATAGGGTTATCTCCTAATTCATTTATAAATTTTTTAGGTACCGCGACTCTACGTCTGTCGCTTAATATTCCCAAATAGGTTCCTATTAACATAAATTTACTTTCTTGGGCAGGAACCACTTTTCACCACTACAAACCATTTTGATATCTTTTCACAACGATGTCAAGAGGTATTTCACGAAGAATTATGTAACTTAAGTATTATTTATAGAAGATATTTGCACCAACTTTTTGCCAGCCTTCAGCCGTGCCTGAAGGAAGTGTATCTGAAGCAAAAATTCCGTAAGGACCAGAGGTAACTGTTGATGGTCCGCCACTTATGAATCCAAAAGTTTCCATTGTTACAAAAAACATACCTTTTGGTTTTTTATCCAATGTATACTTAAAAGTATCATCAATTGAGGTTAATTCTAAATCTATTGACTGTAGATGAAACTTAGTA
CP011214.1_gap23	753918	754686	768	TTACCAATATTTCCTCTATCATCCCAAATAACTACAAGATTTTCCTTTAACTTCTCATATATTCCTTTTGCTTTTTTGACCAATTCTTCTTTGTTTGCAAGAAGTGGAAAAACAGCAACTTTATATGGAGCAAGTTTAGGACTTAATTTTAAGTAAACCCTTCCCTCGTCCTCTCTGTATGAATCAATCAGGAAAAAAAGTGTTGCTCTATCTACTCCCCCTGAAGTCTCAATTACCCAAGGAGTATAAACTTCACCAGAAATATTATCCCTATAACTTAAATTATGATTTTTTAAATCAAAATCACCTCTATGATGAATTCCTTCCATTTCGCTCCAACCAAAAGGTGATTCATATTCTATATCTGTTGCATATTTTGCATAATGAGCCCTTTTTTCAGGTGCATGGTCTGCAAAATGCAATTTTTTCTCATCCATTCCTAAATTTATATACCAATCCATTCTTATCTTTTTTAATTCTTCATAAGTTTTCTCACTTATTTTTTCGTCTGGTTTAACAAAATACTCAAGTTCCATTTGCTCAAATTCACAAGACCTGAATGTAAAATTTCCTGGGGTTACTTCATTTCTAAATGCTTTACCAATCTGGGCAATACCAAATGGAATTTTTACTCTTGTTGAATTAACTATGTTTTCAAAATTAACAAAAGCTCCTTGGGTTATTTCACCTCTTAAATATGCTTTATTTTTTGGTTCAGTTGTTCCTAATAAAACTTCTGTCATTAAATTGAAAGTTTTTTCTTCGGCC
CP011214.1_gap24	758031	761495	3464	ATAGGGATCGATTGTATCAAGAGTTATTTCTCCTGCATCAAAAACTAATCCTCCAGCATTTAAACCATGGCCTAAATCGGAAACGTATGAACCAAAATATGGAACGATTTTCATCCAACCAATTAATTTATATGAATTTCTGACTTCAGAAACAGAAGTTTTAATAGTTAATATATTTGTTTTAATTTTATTTACATCACTAAAACTTGAGGCTACAAGTATTGGTTGAATTTTTGCATATTCTGCTTTAACTTTTGTAAAAAAAATTAGAAGTGGAACTATAAAAATTGCCAATAAAGCTAAAATTACTGAAGGAATAACAATAACAATTGGTTTTATTTTTAACTTTTTTTTAGATTCTAGAACCTCTCCATTTTTTTCTGGATCAATTTTAGGAATTAGTATGGTGGGCTGGGGTTCCATATTATTAATTCATTGTATATCAATGGAGAAAAATTATCGAGCACCCCTTCCAGAAATCATAACCCACGGAGTTTTAATAATAATTAAAAAATCAAAAAATAAAGATTTTTTTCTAGCATAAAACGCATCCATTTCAATTCTTTTATCAAAATTAACATCACTTCTTCCTTCAACCTGCCAATAACCAGTAATTCCAGGTTTTACTTTTTGCATCTCTTTTACATATTTCTCAGTGCCAGGATATTTTTCCATCTGCTCATCTAATTCTTCTTTTAGATAGGGTCTAGGGCCAACTATACTCATGTCTCCCATTAAAACATTAATGAGTTGTGGCATTTCGTCTATTGAATGTTTTCTAATAAATTTACCTACCTTTGTAACTCTCGGATCCTTTTTTGGTTTGTAACTACCTCCAGAATGTTTTTGAATATAGGCAATTTTATATTTAGGATGAGTTTTTTCTAAAATGTCTCCATACAGAATCATTGATCTAAATTTATAAAGTCTAAAGGTCTTTCCATTTTTCCCTAATCTTTTCATATGTGAATTGGTTTTTTCGACAAAAATAGATCCCTCAGAAGTAATTTTGATAGCTATGGCTGTAGCAATTATTATAGGAGAGAAGACAATAAGAAGTATTATTGAGGCGACTATATCTATTGTTCGTTTTATAATATCAAAAAACATAAGGCAATTTAAAGAAGTTCTTTCCTTCCCTGATCCTTCAAGAGTTCGACAATTTTTTTGACGGATTGTGCATGGCTCTTAGAACATACAAGTAACGCTTCCTTAGTATCAACAATTATTAAGTTATCAACATCAATTGCAGCTATTAATCTACCATTTGAGTGAATCAAAGCATCGGTTGTATCAATATTTATTACTTCTCCACCTTTCTCATCACCCTTAATTACTACGTTTCCATCAACATCTTTTGGTAAATTCTTCCAAACCTCATTCCAATCTCCAATATCTGTCCAACCATAATCTGCAATTATCATAAAGAAATTTTTGGACTTTTCAGATATAGCATAATCGATCGAAATCTTTTCAAATTTCTTGTATTCCCTTTCAATAATCCCCTTTTCATCACTTTTACCCAAGTTTTCTTTTATAACCTCAATTCCTTGATAAAGTGTTTTTGCATAATTTTTAACTTCATCTAAAAATTTGTCTGCTCTCCAGACATAATGATTTGCGTTCCAAAAATAATCACCAGACTCTGTATATTTTTTAGCTATCTCAAGGGGTGGTTTTTCAACAAACTTATCCAATTTATATACATACCTTCCTTCAGATACTGCAACTTTTTCTCCTTTTTTTAGATGGCCCATTCCTGTATGCGGATACGTTGGCCTAATACCAATTGAAATTAAACAATTATTCTCAAAAGCATATTTACTAGCAGCAAACATTGTTTTTTCATAATTTAATTGAGGGCTCACTATATGATCAGAAGCAGCATTAATAATAACAGCCTCGGGATCTTTATTCAGTATATAAATAGCTCCTAAAGCATGTGCCGCCGCACTATCTTTTCTTTCTGGCTCAACTAACACATTTTCTGTTGGAACTTTAGGTAGAAGCTTTTTAATCTCGTCACCATATGGCTTGGAGGTAGTGACTACAAATATTTTATCCCAAGGTAAAAATTTACTTAATCTTTCACCTGTAATTTCAACTAAAGTTTTATTATCAAATATCTTTAAAAATTGTTTTGGAGTCCTTTCAAGAGATTTTGGCCAGAGACGAGTTCCCCCACCCCCTGCTAGTATAAGCGCGTACAAGTGATCTTTGTAGGTTTTCTTTAAATCTTTCTTTTGAAAAATTTTTAGCATTTTCAACTAGGTACTTATGATTAAAGCTTATTTTACTACATTTTGCAATTGCAGATGTCAAACTTTTAATATTTTGGTCCTCAAATAAAACCCCAGTCATGCCATCCACTACTGTATCTTTTGCTCCACCCCTATTGTATGCAATAACTGGGACACCAAAACTTTGAGCCTCAATTGAAGTCATACCAAAATCCTCTTCTTGAGACATAATTAATGCTTTAGCATTTTTATAGTACTCACACAATTCTTTGTCAGAAATATTTCTAACAAATTTAATATTATTTTTTGCTCTAAGCTTTAAATTATTAAATTCCAAACCATTTCCAACTATAACGAGAGGAAGTTTTAACTTATTAAATGTATCGACAACTAAATCGACTTTTTTGTAAGTAACTAATCTACTTACAACAAGGTGATATTTTCCTTCTTTAAAATCTATCTTTTCTTCAAGATTTTTAGATAAATTGACAGGTGGAAAAATTATTTGACTTATCTTTCCATAATAATTTTTTATTCTCCTTTGAACTTCAGTAGAAATTGCAATTATTTCATCTGGTTTATTACTTGCAATTTTGTCCCAATCTTTTAAATAATTAACAACTGGTTTAGAAAAAAATTTCAAGATTGGATTTTTAAAATACAAATTGTAATGACTCCAGAGATATCGAGTGGGAGTCAAAAGATAACAAACATGAAGAGTGGCAGGTTTTGTAATAATTCCCTTAGCTGCTTCAGATGTAACTGATATGACTAAATCATATTTACTAAAATCAAATGTCTCAAAGGCTAGAGGCATCAAGTAACCTATATATTCATGGTTACTTTTTGCAAAAGGAATATTTTGTAAAAAAGTAGTATAAATTTTTGGGAAGACTTTTGCCCAAGAAGCACGACTAGGATCATAAACAGCTGTATAAAGTGGAGCTCTTGGAAACATCTCATGAAGTGTTAAAAGTGCTCTTTCTGCTCCCCCCCATTTATTTACCCTATCATAAACAATTGCAACATTTTTGTTATCTAATAGATTCATAAATTTTTATAGTTTCTAAAGTCGTTTTTTCCCATGAATATTTTAAAATAAATTTCTGACCATCTTGAATCATTTGTAATCTTTTAAGAGAATTAATTTTTAAAGCTTCATTGATAGCATTAGCTATTGAATCTGAACTATTAGGGTCAAAATAAATTGCATTATTTTTATAA
CP011214.1_gap25	771665	774694	3029	ACTTAGAACCTATCATCTCACCCACTACAATCAATTTTAAGTTCCTTCCAGCTTTAGAAAGGTGATATCCTTCAATAATTCTCTTTACATTCTTTCTAGAGTTAACTCCAATCGTAATAATATAGTTTTCATGAATATTATATTTCTTTTTCACTGCTTCTACTTCTTTTTCACTAGCCTTAAAAAGATTTGGAGCTTCTGGAATTACTCTTATCTTTTCTTCATCAAATCCTAAACTAATTAGATCACCTTTAGTACAAAGACTGGGAACAATAATTCTTTTTGATTCCTTAGCTACCCACTTTAATCTTTCTCTATGTGTTTCAACTATTACCCTTGGTGTTAGTTTTGGAAACTTAATTGGAATTAAATCATGAATTGTTGTTACTTTTGAAATTTTAGTTGGAGGCTCTGCCCAATCAGAAGTATGGATTAAGTCTACTTCCCCTATTAATTTTTCAATCGGTAAAATATGTAGTTTATTCCAAATCAAGTTAGCCAACGTTGGAGGAATTGGGAATACTTTAACATTTAAATTACTTCCTAATTTGTTAATCTTTTGTTCTAATTCTTTTTTCCTTCTTAATGATCCTCCATACAACAAATACTCATTTTCTTTACCAGCACCGCTGGCCAAGCTTTGCTTATTAATTTTTAATAAATTCCTAACCAGGTTTTCTCTATAATGAGATACACCAGTTCCATAAATAATTTGAGATAAATCAATTGCAATTTTCATAAATTATTATTTTTTTATTTAAAGTATTACTACTCTTTAATAAGATATTCTACTTCACCCACACTATTAAAGCTAAACGTTTTACTTTTTTTATATCCATAACCACTAAGCTCTTTTCTAACAATTTGGTTTGGATCAGTTAAATCTTCAAGATAATTAAAATAATAAAGTCCTTTGTAATTTTGCAAGAGTTTTGAAACTTTAGTTTTTGTTAACTCAGAATTAACTGAAATTGAATCTGCGGCTGAAATAACTTTATTTCCCTTAGTTGAATACCACTTATATGGTGCAAAAGGTTCAGGATAATTTAAAACTATTGCTTCATTTGTTTTTAAGTTTGATTCGACAAAATAAACCGCTTCTTTCCAGTTTTCCCTTTGTTGAGTTTTATCAGTTACATAAATCCCCCATCCTATTAAATTTACTAAAAGCATTAATGTAATTAATAATTTGCTTTTTGTTTTAGAAACTAAAATATAAAAAGCTGGTACAACAAATAAAAATCTAAAATAGATAAATGCAGGAAATACAAATGAGACTACAAAACCTATTGCGGGTGGAACTAGAAACCAAAGCCAATAGATTAAATTTTCTTTCTTAAAACTTTTCTTTAAAGAAAGAATAAATGGAATAGAAGAAAGCAAAATAAGTCCATAATAAGTTTGTTTTGGATAAAAAGAAATTCTTCCCAAAATTAATTTATTCCAAAAAAGAATCAATTGTTTTAAAGTAGCTCCACCTGCAACATTTTGCCAAGCTGGTAGTGTTTGTAATAATCTACTTCCACTTTCTGATTGAAACATAAATACAGGTTCCCAAAAAAGCCCTAATAAAATTAGTGGAATATGAGAAAGTAAAAACATTTTCCACCAAGCTAAATTTTTTTTAGTTAAAATCGCATATATCCAAAAGACAGGAAGTATAAATACTGGTACATAATCTGTAAAAATTAAGGCACAAATTGTTAAAGAAAGTAGTAAAAATTTATTTTTAATAAAAAGATATACGGCAAGAATAGATAAAAATCCTGCCATTACATACATTCTTGCTTCCTGAGAATAATAAATATGAAGTGGAGCTGTTGCAATTAATAGTGTAGCCATTTTACTTTTGGTTAATTTATAAACTAAATAAATAGTTCCAAGACCAAAAAGAACTGATAAACTTCTTAAACCAATTTCAGAATACCCAAAATAGTTTGTCCAAAGTTTTAAAGTTAAATAATAAAGGGGTGGATGATTATCAGCTAAAGAAAACTTAGTAAAAATATCAAAATAACTCATATTCTTAACTACCAATGCCCCAATTGCTTCATCAAGCCAAAGAGATTGATTAATTGATACAAGTCTTAAAACTGTACTTAAAATAAGTATTAAAAATATCGCCATACCAACTTATGATATCATCATTCTATATGAGATTCCTCACCGTAGGACTTTTTATAATTCTTCTTATTTTTACAAGATTTTTTAACCTTGAAAAAACTGCTAGATTTATTTGGGACGAATCAAGCGATCTTGTGAATATCAGAAGAATTTATATCCAAAAAGACATAACTTTAATAGGTCCAATTTCTGAAGATGGAAACAAAGTTTTTGGATCCTTAACATATTACATGTTAATTCCATTTGCAGTAATTGGAAACTTTGATCCGGCAAGTACAGCTTACGGTGCAGCCTTTTGGGGAGTTATCACGGGAATACTATTTTTGATAATTAGTTACAAACTAAATAAAAAATCTGAAGTTTTAACTTTACTTTTAATAATTTTTTGGTCAGCAATTCTAATTCCGTCTCGTTGGGCATGGAATCCTAACTTTATGCCTTTTTGGTCAGCTCTTTCAATTATTATGCTTCTTTCTAAAAATAAATTTAAATACATTCTATCAGGATTATTTTTAGGACTTACTATTCACCACCATTATCTTGGAGCATTTACTACCTTTGGACTTTGGTTAGTAATTTTAAAAGATTCTATAAGAAGTAAAAATTACAAAGACATAATAAATTTTTCATTTGGGTCATTTTTTGCAATTTCACCATTCATTCTTTTTGATCTAACTCATAAACCTGATTTATTTTTATCAAGAATTCTTTATTTTAATAATCTAGATAGTAATTTAGGAATTTTAGGTACCTTCTCAAAAATTGGAAACTATGTGATTTCAAATAATTATTTAGTATTATTTTCAATTATTTTTATTGTTCCTTTAGTTTGGATAGATATTAAAAAAAGATCTTCCTCTTTAAATTATTTATTTATTTTTATCTTTTCTGGTTTACTTTTAACT
CP011214.1_gap26	777306	781855	4549	TAATTTTGTCCCAATCAAATTTTTCTGCTTGTTTCCTTGGTTTATCTTCCCAATTTAAACTTAAGGCTTTTTCTAATTCTTTTGAATAACTATCGATATCCTCAGGGTCAGCAAATAAACCTGCATCACCACTAATTTCTTTTCTTATTGGATCATTAGTAACTACAACTGGTAAGTTAGTAGCCATTGCTTCAACTATTACATTCCCAAAAGATTCAGTTGGAGTAGAGGCAAGAGTAAACAGATTAACAGATCTATAAACCTCAGGCATTTTTTCATATGGCATTTCAATAATTTGAAACCTATTAGAACCTAATAATTTATTACCTTTAATTTCAAGTTCATCTTTTAAGTTTCCCCCACCTCCAGCAATAATTAAACTTACATTATCTAATTTTGAAACAGCATCAATTACCAAACCATGTCTTTTTTGTTCTGTAAAAGCTCCAACAGATAAAATAATTGGGCTTTTAAGATTAGTTTTAAATTTTTCTCCTTCTGGTTTAAATTTATTTATGTCAACTCCATTCGGAATATAAACAAGTTTTACAAAAGGATTTACCTTTCTAGCCCAATTTAGGGCTTTTGAAGATAAAGCTACAAAATAATTTGGAAATGTACAAAGATTTATTCTATCATCTAATCCCTTTCCGGATTGACCAGAGATAACAACTTTCGATCTTTTAAGCCAAGTTATAATTCTTACTAAAATAGCTTGTAATCTACCATTAGTTGGAATTATTAAATCGTAATCATTTTTTAACAAACTAAAATAGTTAACATCAGAAATAACATCAACTTTATGATTTTTAGAAAATCTTTTAGAAAGTTCTAATACGTAAGTTTCAGCACCTCTATTAACTTTGTTTTGGTATTTATTTAAAAATGCAATTTTCATTAATTAATTTAATTATTCTTACTACAAATTGAAACCCTTTCAGACATTTCTACACAATTATAAAATCTTTCTAAAAATACTTTCATCTCTTCCCAATTATAATCAGGTTTTGTACCAACTACTATTTGTTCTGGCATTTTTGTCTTTATATCAGAAAATATCTCTTCTTTAACATCTGGAACACTAAGGTACCAAGATAAATATGGGATCCATGGTTTAGTAACTGGCATTGAATCAGTTAATGCATAAATGTTGTCCCAATAATTTAGAACGAATATGTCATTATGGTTTGGGTTTAATATATTTAATTCAGTAGCCACATCTTTTACATCTTGCTCATAGAAACGAACTTCTCCACCCAAGTTTCGAGATAAAAACCTAATAAAGATTACCACAACGATTAAAATATAAAATAAAATTAATAATTTTTTAAATTTATCAGTTTTAAAAGAAAAACTTTTTAGGTTTGCTAAGGCTAATGCAAAAGAGATTGATAAAAAAGGAAGTGCTGGTTGAAAATGGAATAGACCCCACCTAGGATAAACCCCCATTAACCCAGAGACTATCCAGGGAATAAGTGTCGGAGAAAAAATAGAAATGGTAAAAGGTAAAAATGCTAATCCAAGTTGTCTCAATGTAGGTAATACTACCTGGCCAGAAGCAGTGGGCAAATAAAACACACCAAACTTAATAGCCCAGAAATAAAAATCAGCTAAAATTCCAAAAGATAAGAGGGATAAAACAAACACAGTAAGTACTGCAACTAAACCAATCATAAATTTCTTAATAATTGGTACTAGATTTTTTTTGTTTTTAATATTTAGTAAAATCAGGGGAATTAAAAAATAAATAAATGTTTGTTTTGTCAAAAAACCCAATGCAAACATAATTCCAGTTAATAAATACTTTTTTTTATTTATTAAATAGAAAAGTAATAATGCAAAAGGTACCAGTGCTAAATCGAACCAGAGACCATTACCTTCAAAGAGAAGTTGTATCGGAATGTAAAAGGCTAAAGCCAGAATTGCAGCATTTTTGTTGTAAATCTTTTTAGTAACCCAGAATAACAAATAATAATTAACTATTATTAAGGCCCAAGTAAAAATCTGTAGTTGGGTAATTCCAGTTCCAAACAATTTATAGAATAAAGTTAAAACAATAATTAACAAAGGATTATGGGCAATTGCTATGTCTTTATATGGAAGCCATCCATTTAAAATAAAATATGGCCAAGCAAGCATTTCGGGCCAAGCTGTAAACATTAACATAAATATAATTTTATCTTTTTTCTACCTCAATTGTATTATCACCCTTATTGTAGACGAAACTGTATTTTGAAGCTATTGTTTTATTGATAAATAAATCAATGGTTCCTGACTCTAACATTAAATTAGCATCTCTTTCTAAACTAATATCAGATATATTAATCTTTTTAATTTCGGGGTTAACATTAATGTTTCCTTCTACACGAGAAACAACATTAAACATAGATACCTTTTGCCAATTAGGAAACTCCTGCCATGCAATTTTAGGTAAAATACTTCTTCCTCCAAATATAAAAAGAATAAGAATATAAATTATTGATGTTTTTATATTCAACTTAGGTAAAAACATAGATAAATATATTAATAAATATCCGAAAGGCATATAAATGTAATACATTTCTCTTCTATTAACCAAAAGTGACGCAGGTATTAATGTAATTAAACCAACAAGTAAAAGTGGCAAGTATTTATACTTTTTAGTAAGAATCGGAAGTAAAATTAAAAGAATTAATATTTTTATATCTACAAAATATAAAAATCCCCTAAACAAATCAACTACTTTAGAAGCTACTGTATATGAAAAGTTTGGTGTAAGTACCTTTTGTGTAATAAAAAAGTAACTGGCATAGATCCCATATAAAACTGAAATTCTAAATAAGTAATAGATCTTTTTTCTATCTAGCTTCTTGAAAAATGATATTGCAAAAAGAACCAAAGGAACTGTAAATGCAGTTTCTTTTGTAAAAAGGGCCAATATAAATGAAATAACACTTAAGTAGAATTTTTTAGGATAAGTTAAAAATAAGTAGATTGTTAAAAAACAAAACAGAGCAACTAAGTGTTCATGTATATTTGAATAATAGAAAAGATAATTTTTATTAAATATTAATGATACAAAGAAAGCTGTAAAATCATTTTTAGTTAATTTTTTAACAATTAAAAATAAAATAATTAAATTAATAGTATTTGTTAAAAACATAAAAACATCAAACGCGTAGTTATTAGTACCAAATATTTTAAAAAGTGAACCAAAAAAAACGAAACCTGTTAATTTTCTAAAACCAAAAACATCTCCATTTATTAAAAAATCAAAAGACATCTGTAAAATATTATGATTCTTTAAATAGGCTAAGACTGCGAAATCATCAACTGAAAAATAAGAGTTGGTTCTTAATCCAAAAATTAAATATCCCAAACTTAGAATAATAAGAGGAATAATAAATAAATATACCGAATTAAAGTATTTCTTAAACATTAATAACCTACCTTGCTAAAAATTCTCCTGTTGATTTTTCGAAATGGAGTTTCAACAACTGCTCTTGAAATATATTTAAATGATTTAGTTTTCCATGGAGAAGAAATAAACCCAGGTTTTCCTTTAAATAGACTTTCAGGATAATAGAAATCAAGTGGAAATTTTTCTCCAAGTTCATATTTAAATTTAAGTTTTCTTTTTGGAACATTTAGATCATCAATTCTTCTTTCCCCTCTTGGAAGAAATGTTGTGTGTAAATATGGTGTATCTAATAATAATTGTTTATCTTCGTCTCTATCCTGTATCATTTGGTTTTCATCATCTACCCAACCCCAAACACCATGGACTCCTTGAGAATGTAATCCTGAAATTTTTTTGTTTATTGCCCTTAGGTTAAAATGTCCTGTTTTACCTTTAAACGTATACTTTCCAGCTTTTCCTTCTTGAAAATGAAAAATATCACCTACTAAATTTATTGTTGGAACAATTATAGATTCATGTTGGTCATTATCATTTCTAATTGTTTCAGTTAGTTTAATAATTTTTTCATCCCACCAAATTTCGTCAGCATCAACTACTAAAAACCAGTCAGAAGAGGTAGCATCAAGCATTTCTTGTCTTACTTTTGTAAAAGTCTTTGAAGTTACCTCTCCATACTCTTTAAGTTCAATTTTAGTAGGATATTTATTTTTAAGTAATGTTGCTATTTCCCAAGACCTATCAGTTGATCCAGTATCCCAAAGTAAAAGTTTATCAACATGGTTAATTACAGAAGTTACAGAATACCAAAGCCATCTTTCTTCGTTTTTGAATAAAGTATGAGCAAATATTTTCATACTCTTCTATTTTAAACTATTTGGATTAAAATATTCATTATTAATATGTGTGGAATCGCAGGGATAGCCTATTTTAATAATAAAAGAGAGGTTCATCTCCAAGAACTTAAATGTATGTCTGCTAAAATTGCCCACAGGGGTCCAGACGATGAGGGATTTTATATATCAAGAGATAGAAGTGTTGGATTAAACAATAGAAGACTTGCCATAATTGATCTTTCCAAAAAAGGTCATCAGCCAATGAAATATCAAAATCGCTTCGTAATTACTTTTAATGGAGAAATATATAACTACA
CP011214.1_gap27	783557	787297	3740	AAGATTAAGTAAAAATATTGCAGCAAGCTGGAAAAAACTAAAAGCTCCTATATAAACAGTTTTCTTCATAGCATATACAATTGCAGTAACAGATGGAGCTGTAAAAATAAATGGAATCATTGAAATAGTTAATGCTTGAAAAATTGGAACAGCACTTAAGTATTTATCTCCAAACAGAATGACAATAAAAGGTTTAGCTATAACAACCCAAAGAACTAATCCAGCAATTATTGGAATTAAGGCAAGAGTTGCTTTAATAATATATTTTTTCTCCTGATCCTTATTATTAAAGCTAGCAAGTCTTGGAGCTAACACCCCTGAAAAACTTGATGTTAAAACAATTACAAAACCTGCAAGCCTATTGGGTATTGAATAAAGACCTGTAGCAACAGCTCCAGTCATTACTGCAAGCATTTGAATATCAAGTCTTCCTGAAATAGATGAAATTATTCTATTTACTCCAATCCAACCTGAATATTTAATAAGTTTTTTATATGTTTCCCTAGTTGGTTTTGATTTTAGAAAATCTGGCTTTATTAAAATAATTCCCACTATTGTTCCTACAATTCCACCTAAAACAAACGATATTAGGGAGTTACCTATTGTAAGCCTTGCTAGAAACATAAAAACAAAAGCAAATCCAAGACGAGACAAGTAAAGTAGGTTATCAGCAATTATAGAATTCAAAAATTTCTTTTTGGCTTGAAGAATAAAAGGAACTAACATTGGGAGAGCAAGAGATAAAGTAACTACACCAGTTAAAATTGCAACCATAGGGTCATTGGTTGCCAAAAATTTAACTGAAACAAACTTTGAAAAAATAATTACTAATAATGAAACTATCAGTGTAACGATTAAACGGATAACTGAAGATGCTTTAATATATTCTTTCGATAATTCAATTTTTCCACTTGCATCAGCTTCAGCTACAAAACTTACGGCTCCAGTTGAAATTCCCAAATCGGTAATTGACGTTAAGATAATTACTAAATTAACAGCTGCTGAAAAAATACCAAAATCATAAATAGAAAGTGCCCTCGCAATTATTAAAGTATAAACAAAACCTAAAAATGCAGAAAGCACATTTCCTCCAAAAAGAATATAGGTATCTTTGGCCGTTGAAGAAAAAACCAACAGTTTTGCTTTATTTATATATTTTTTCATTAGTTTATTTATTAGTAAAACCATAACCCTTCTTTAAGAAAAACTTAGCAATTTCTTTTAAATAAAAATATGGATTATCAAGATATACAGCGACAGGTCCAGTTCTTTTTAATTTTGATTTGTTTCTTTTAACAAAATCTCTATATTTCGTAATTATAATTCTAAAATCCAAGTCATTAATTTCATTCCATTTAATTTCTTTCTCCCAATAATATTCAAACTCTTCTTCTCCAATCCAGTTTGAATATTGAAATTCACTACTGTATAAAAGTGGATAATTTTTTGGAATTATCTGCACGATCTCTTGTTTTTGGTAGAAAAGCCATTTATGATGGCTTATTCCAGGAACTCTCCTTATTCCTGTTAGCCAATTAGTTATATCAACATGAGAAAATATAATATCATTACCAAAAGATGGAGTTACTAAATATCCTCTTTTTGCTACTCTACTCATTTCTTTTAATGCTAAAAATGGATACAGTAGATCCTCTATAGTATGGGTGCAAATACAAAAATCAAATTCATTATCCTCAAATGGAAATATATCAGTATTTAAATCTAATCGGACAAATTTCTTAGCATATAGTTTCTGACTGCCCATATGAGACTCGCTTGGATGAAGAATATCAACTAAAGTGTCAATTTTAATATCAGTGTGTTGTTTCATACTTCCACCAACATCCAAAATCCTATCTTTAGGTTTAAGTTTAAACTTATTTATTATTTCTATATCTGTTAGGGCCATATTTTTATTTTTCACATTCTATTATATATGAATCAATCTAACCATTAAAATAATATAATTATATTATTAGCAATACTCATTACCCTTCTGTTATTATATATTCTAAATGAAGATCTCATTAAGGTATAAGTTTTTTATACTTCTTTTAATAGCTTTTCTTCCCAGAATTGTGGGTTTAAGTAAACATAGTATATTCGCTGATGAAGTCACCTGGATGGTAAGGGGAAAGGGGGTATACGCTGCCATTCACTCACGTATTTTTTACTATTTTGATAACGGTTGGTGGCTCGACAAAACTACATCGGAACCAATAGGATTACCTATGTCTTTTTTGGGAGGAGTTGCAATGTCTTATTTGTCTCCTGGATATAGTAACTATTCATTAAATATAACCAAAGATTTTATCGCTACACGTATACCTTCAGTATTTGTTGGTTCATTATTTGTACCAATATTCTACTTATTACTACGAAAACATATAGATGACAAACTTGCTTTTATTACTTCACTTCTCATGTCTCTTGATCCTATATCAATTGCCTTAAGTCGATGGTTTCATCAAGACATGGCTTTAATGATCTTTTCAAGTCTTAGTCTTTTAACGTTTATATATAAAAAGAATAAAATTACTACAATAGTTTCTGCGTTTCTTGCAGCAATGGCCATACTTACAAAACCACAAGGGTTTCTTGTGCCAATAACATTGATTATTTTTTCTTGTGTCCAATTTTTAACAACAAAAAAAGTAAATATCAAAAAGTTCATTTTTTGGCTAATATTAACAAGTATTTTTATAGTTTTATTCTTCCCTTTTCTTTGGAACGAACCAATCAATGGAATAATTCAATATTTAGCAATTCAATACACTAATGCTGTAAACGGACAGATAACATTTTTTAACGGCAATATCACTACAAACCCACTATGGTATTATTATTTTGCAATTTTTCCATTTAGAATTCCTGAAAGTATTTTTATAGGTTTTATAATAGGATTTATATTGACACTTTTTGGTTTTAAAAAAGGTTTTATAAAAAATAGTTTTGTTCAAATAGCTTTAATATATTCAATTTTATTTATTACGGTCATTTCAATCTCTAGTAAAAAACTAGGAATAAGATATTTATTTGCTGTATGGCCGTACATTTATGTACTAGCCACATATGGTTTATTTAAGCTTTCAGATAAATTAAAGTGGATAAATAAAAAAATATTTTGGATTGTTGTGTTTGTGTTTCAAGTTTGGGGAATAGTTAAATTTTATCCATCTTATTATCTTTTCTACAATCATTTCATTACCCCCCAAAAAATGCAAAATTTAGAATCAATTGCATTCTGCGACAGTGTAAAACCTGCCATAGAATATTTGGAGCCTAATTTATACCACGGAATAATAATTATGCTTATGGGTTGTGATTCTACTATCAATTATTACACAGGGAATACTATTAAGAGTGTTTACAATGTAAACGATAATCCAAACTATATTATTGAGGAAAATTATGACGCACAATTAAATCCTAATAGGGTTTTACAAATTGAAAACAGTGAATATAAAAAAATTAAAGAAATATATTTCAGAGGACTAATTATTGCAAAGATATATCAAAAACCCTCAGATATTCAATAGATTTAGTGAACGAATATGGTAACTATCTGTAAACGCAGTATTTGTGGTCAGTCTTTTATAAAAAGTACGGCTTTAGCATCTTGTCTTTGATAATTATCTTCTGCTTTAAATGTGTATTCTCCAACAAACTTAAAATTCTTTAAAACTGTTTGAGTTTTAGGATTATTAAACATTTCTCTCCAATTTATTCCCATATAATAG
CP011214.1_gap28	818958	819458	500	ACGTAGTGACAAAATTTGTTTATATTCTTTCTTTGAACCTAAATAAATTACGTGTACGATTTTTGGATCAACTCCTAAAAATCTACAAATGTCTTTTTTAGAGGTTTCAGAAATTGTAATTATCTTATCAACATATAATTTCACTAATAACTTGTTAATTAAAAAATTTACTTTTCCTTTAATTCCTGACTTATAAACCTTAGGGTAAATTAAGGGAATTAAATCATGAATCGTTAAAACAAATTTCGTACCTTTTGGTTTAGTAAACGGTAGTGAAATAAAAAATGGTCTAAAAGAGGTAAAGTGAATAACATTATAATGTCTATTTTTATCTATTTTTGAATCTATCTGAATGTCGTTTTTATTCTTAATCTCTATATCTAAAGCTTTAATAAGCTCATTTGTATGAACTCCAATACCCCTAACTGCATCCTCATTACTTGAACTTCCACTCTGAATAGCAATCTGCATATGCAGTAATTATACCTCAAATATGATAA
