gap_id	start	end	length	sequence
CP011210.1_gap1	44108	48929	4821	TAGCCAATGGAGCGGTGTTGCCGGGAACGACGGCGGCACCATTTTCCGGCGATTCGTCCGGCAGTCGGGACACGACGGCGGCCACCAACTGGGTGGGCTTGGTCGTATCCGACTATCTGTCGGTACTGCCGATTGACCCAAGACAAAATGCTACCGACGCCACCAGGCTATCTGACGGGACAACGACGATTGCGGCCGGCGGCATGGTGTACTCCTACGTTTCCGACGGGGACACCTACGAACTAAACGCCTTTTTGGAGTCGACTGACAACGCGGCTTTTGCCACCAACGACGGCGGCAACCAGAACTTGCGCTACGAGATCGGCACCAATCCTGGTCTAGGATTATCCTCGACCAACCCGTAAAACTACTACTTGATCGGTAGGAGTTTATTTGTTAGGCTTTGGGTATGTTTGAGTTACCCAATTTGCCATATTCTTTTGACGCTCTGGAGCCGGCGATCGACGCTGCCACCATGGAAATTCACCACGGCAAGCACCACGCCGGTTATGTGAATAATCTCAACGCGGCCTTAGAGGGGAAAGAGGAGTTAGCGGCAAAGAGTGTGGAAGAACTGGTGGGAGACCTTAATAGTGTACCGGAAGAGATAAGGACGGCGGTGCGAAACAACGGCGGCGGGCACTTTAATCATTCGCTTTTCTGGGAGATTATGTCCCCCTCCGCTAAAGCTACGGGGGATGCGCCAGCCGAAAAGCTCAAAGAGGCAATAGACAGAGATTTAGGTGGTTTGGTTAAGTTTAAAGAGGATTTTGCCAAGGCGGCCATGGGCCGGTTTGGCTCGGGCTGGGCCTGGTTGGTTGTGGACGGCGGTAAGCTCAAAGTCGGTTCAACCCCGAATCAGGACAATCCATTGATGAAGGGAGTGAGTGAATTTTTGGGGACACCGATTTTGGGCCTGGATGTTTGGGAACATGCGTATTACATCCAATATAAATGGGAAAGGGCTAAATACGTCGAAAACTGGTGGAAAGTTGTGAATTGGGCCAAGGTGGGGGAGAAGTTTGCCGCGGCATGATTAACCCGCTGCTGGCAGCCAAGCTGGTTTTTGTTTTGGGGTGGACTAATCTCGTAGGGTTGGCGATGGTGTTTTTGACCTGCCGCTGTTTTATTAGGCCCAAGCTGTTTGCCAAGCTGGTAAATTACAACTGGTACAAAAAGCTGTATCAAACGCATTGCTGGTGGTGGTATTTGTTCTTTGGTTCGGTAGCCGCCCACGCTCTTTTAGCCCTTGGTGTCTACGGCAACCCGTTTTAGGCTAAGAACAGGTAGGCGTAGGTAGCCAGGGTGAAGATAGTCCAGAGGGGGACCAGTTTGCGGGCGAGATTTTGGCCCAAGGGTTCGGAGAGGCGCACCAGAATGACCCATGCGGCAAAGACGGCGGTGATGAGGCCGGTAGGAGGCAGGGGTTTGGGAGAAGAAGCCAGCCAAGTTTTCCAAGCCGAAAAGCGCAGGACGGTTAAGTGAGTTACGGCCAGGATAAAGGCTAAGCGGGCGCCCCAGTACTGGAATTGCCACCAGCGCTTTTTGCCCAAGGCGTTTACCACCCAGTTGATGGAGACAAGCATCAGCAAAGCCATAACTATGAAGCTGGCTAGCCCCGGATAGGCCGACAGCGGCCGGGACTTAAAAACCCCCAACGGACCGCTTCGGGCTAGGGGAAACATGACCAAATAAAGGTGAACCGCCGCCAGCCAGAAGGCTAATACCCCTAGCTCTTTGCGAAAGACCAGCCAGCGGTCAAAGCGGGCGTAAAGCCGGCTTAAGGGGCCTAATAAAAGCACCAGGCCCAGAAGGGTGATAGAGCCGGAGGCGAGGCCGAGGTTTAAAAATCTTAAGCTTACAGGCTTGCCGGCGGCGGCCAAAGTGACGACGCCGGTGACTAGACCCAAAGCGATCAAGAAAGCGATCAGGTATTGGCGCAGTGACTCCTTGAGCATGTAAAAATAGTTTAGCAGATTGTGTTATATTTTATTAAACATGTGTTTTGTGATGCCGCTTAGAGTTAAATCAATCAAAAAGGGAAAGTTTATCATGGAAACTGGAAGGGCAGTGGAGCAGGCGTTTGCCGGTAAAGTGAAAGTGGGCGATTATCTTATATGTCAACAAGACATGGCGGTGGAGAAGGTTAATCAAACGGCCGCCCGCGCCATGCGCCAGGCGATAAAAGGGGTAAGCGATGAACAAAACTGACGGCGTGAAGCTGGCTTTGGCCACCGCCGGCTTTTCCGGGGCGGCGGTGTTTATTAATGGTCTAGTAGTTAAAGCCGTCGGTGACGCCCTGGTGTTTACCACCTTGAAAAACTTGGGGGTAGCCCTGGTGGTAGCGGCCATGCTTTTGAGTCGAGGCGTTGACTGGCGCCAAGTGAGACAAAACTGGTTTAAGCTTTTGGCGATCGCGGTGATCGGCGGCAGTCTGCCGTTTTATTTATTTTTTGAGGGGTTGAGGCAGGCGGCTTCGGTCAACGCCGCACTTATCCACAAGACCCTGGTGTTTTGGGTGGCTTTGTGGGCAATACCGGTGTTAAAAGAAAAAGTATCTTTAAAGCAACTTTTGGCTTTGGGGCTTATCTTTGGTAGTAACTTGGTGATAGGGGGGTATCAGGGTTTGGTGTGGGGGAGAGGCGAGACGATGATTCTTGCGGCGACTATTTTGTGGGCGGTAGAAAACGTCATCGCCAAAGTGGCGCTGCGGCAAGTGGCGGTAGACACGGTGGTGGGAGCGAGGATGATTTTGGGATCAATTTTATTGCTTTTGGCCACTTTAGCTACGGGTAAAATGGGTTTGATTTTTAAGCTTAGCATCGGCCAGTGGGGGTTGACGGCGGTTTCGGTGGGGCTGCTTGCCGGTTACGTTCTAAGTTGGTATCGGGCATTAAAGCAAGCACCGGTGACGCTGGTGGCTACAGTCTTGACTTTGGCCACTTTAGTGACCAACGGACTGTCGGCGATATTTGTTACCCACAATCTTAATCTTGGCTTTATATATCAGTCTGTTCTCTTGGTAGCCGGAGCCTGGTTTTTTTACACAGAAGCTAAAAGGTTGAGGGATGAAGGGCGTTTTGCGCTGCGCTAGGTATGCCTTTGCGCCCAACCGGTTAAAGTACTGCGGGCCGGATAAAAATAACCAGGTGGCGGCGTATTTGGCGGCAGGGGTGGAAGACGCGGGGTTGAAAGAAATTTTGGATGATTTTGCCGGCATGTACCCCTACCTGAAGTTAATTGGCGACAGCAATGGTTTGGGTCCGTTTGACGACAAAGTGGTCGAGGCCTACTGGATCGGCAGTAAGTTACTCGATGGGGTGGGGCTGAAGCAGTTTTATGACCATTTAAACGAGAGGCTGAAAAAACGGTTGAGCCTGGGGCAGTTGAAATGGGTGGTTAACAAAGTGCCCCAAGGGGCCAAAGCCCACCACAGCTTCCACGTGTTTAACATTTGGAATCGAACCGGGCACCAAGAGAGTCAACATACGGTGAGCTCGATGGACGCTTGTAGAATCTCGTGGGGCGAAGTGGTGTCAAACGGTCAGCTAGGGCAGAGTGAACTGCGCCTCAAAACGCAAAAATTAGTTTACGAAAATGGCAAGTTGAAGCTCGTGCCGGAGGTGGTGAGGCAGGTTAGTTGGCGGCTGGGGGACAAAAAGCTTATTTCCGGACTCAAAGCCGGCGATTTAGTTACTATGCATTGGGGCTGGGTGTGTGAGAAGATTTCGCTTCAACAGGCGAAAAACTTAGAAAAATACACCAAGTGGCATTTGAAGTTGGCGAATACTACAATTTAGGTTGGGCTCGGCAGCTATGGTATACTATAGGTTAGATAAAGTTTATGACAGAACTTGTTGGCAATTATCCAGACGGGTTAGGCGAGAGACTGGGAGTGGATTTCGACCATAAGTTACTTTTTAGATTGAATCCGAAAATACATCGTGATCTATTTAAAGAAGAAGACATTAAAGCCAGATTCGATGCTTTAAAGCCGGGTGAGAGTCTTTTTGCAGTGAGGTATCTTTCTAACAGTCTTACCAAAGAAGGCTTTTTTGAGTTAGCGACAGACCCCTCAGTTGGTTTAGACGAGCTGATTAAATGGCAGAAGAGACGAGTTTATTTATCTAAAGATATTTTTCCAGTTGAGTCTGAATTTTTTAGATTTGACCCCGACTCATGGCAGTCTGTGAGTAAACTTGATCGACTCCAAAGCGACGAAAGGTTTAGCCGGCTCGACTTGCGACCTGATGTCAGTAGGCACTTTTTGCCTTTAACCTTATTCGAAAGAACTAGTCCTTATGATGGTTGGTTAAATGTTGTCTTTGCCTGGAGTCTGACGCAGACGGATTTTCATGAACTAGGATTGACAAATGCGGCTAGTTTAGAAGCCTATGCAGAGGGTCAGGGTTCGGCAGTTGGCTGGGAAGCTTTGAAGTTTGGTTTAGCAGACTTGACTAGCAAAGTTTTAGTGAATGAGTTTATTGAAAAGGGTTTGTTGCCTCCTGAGGGGTTGGAGGCGTTTTACTCTAATTCAGCTTTTTGGTTAAGGGAGGCAGCGGTTAAGTTTTCCTTTGGAAAAAATTTAACTCCGCAAGGTATTTATCCATACTTGACTCACGAGTTACCCCGTTTGGATTTTTTGCCATACTTAGCCCAAAACCTGTTGGGGTATATGGTTGGTATTCCGCAACACTTAAAGGCTGGGCAGGTGTTTAGCCCTCAGGCAATGCACTCTTTAATTAGCGAATTTAATGATTTTGGAGAAAGGGTAGTTAAAGAAGCAAGGGTCTACCAGCCGGAGGGATTGACAGGGTTAGA
CP011210.1_gap2	50242	51173	931	AGATAGGGGATGTGTTGGGTTTGATTTAGGGGGGCTTTGAGAAAAGTGTCGATGAGGTTGAGGACGGCCGGGCGGACGGCGGTAAGTTTGGCTATAATTTCTTTTTGTTTTTCCGGGTCAGGGAATTTTAAAAAGCCGCCGACGGTGGGATAGGGGGCGTGAACGCTTCTGCCGCCGGTGAGAATAGACAGGTTGTTGCCGGCGTCTTTGACGGCAAAGGCGTCGTGCAAGAGTTGGTGCTGGCGGGGGTCTTGGTCGTCAAAATCTAGGAGTGAATCTTTTTGGAAGAGGTCGGGGAGGACGAAGATGTAAAGATGGAGGGCATGGTCTCGAATAATCAAACCATTTACCACCAGGCGGCGCAAGATTAAGGTTTGAGGCGAGGGAGTAATTTTGAAAGCGTTTTCGACGGCTTTGATGGCAGCCAGAATGTGGGCATTACTACAGGTGCCGCAGATTCTGGCCAAAAGCGTCGGTGCGGCCAGCGCCGCTTTGCCGCGGATGGCTTGGGTGTAAAATCTTTTGTATTCGGTGATTTTGAAGTTTAATTTTTCGACTTGGCCGTTTCTGATGGTGAGGTCCAGGCCGGCACCGCCTTCGATTTTGCTGATTTCTTCTAAAGAGAGATCGAGGTTAATTTGGTGCATGGATTAATTTATTAATTAGGCTTAAGAATTTTTGTTCATCCATGGGGCAGCCGGGGACTGAGTGGTCGACGGCGACGAGGTCGGAGAGTTTTTGGACTTTGTCGGCGTAGTCAAAGCGCTCCAGAATGGTTTTTATTTCAGCCTTTTGGGTTTGGTTAAACTCGTTTCTTTGGGCCGAGGGTTGGCCGGTGATGGCGCAGGAGCCGATGGCGACTAAAATCTTAGCCAGGGAGCGAATCTGTTTGAGTTTTTGACTCTGCTTTACAGAGGAGATGGCCCCCTCG
CP011210.1_gap3	60637	64287	3650	GAGGCAAATTTGTCAACGGCGGCGTTACTAAAGGTGTAAGGAGTATGGCCGTCAAAGTCGATGGCTGTAAATGGTGATGCGGGCAGGGTCATCAGCTGCTTAATGGGTTTGAACCCGGTGGTGATAAGCGCGTCTTGGCTTTGGGGAAAGCCGCCGGGTCGAAAATTTTTCAACCCTTCCAGTTTCCAGGCGGAAAACCGGGCTCTTTTTTGCCGGTCGAGGGTGATATTAATATGGCTGGTTGGGCCGGGAATGACCGATAGCCAGGTGATATTAATTTTTAGTTTACGGCAAATGTCTAAATATTTTTTGCCCCAGGTATCGTTGCCGACTGCTGAGACTAAACTGACGCGAACATCGTTTTGAGCCAGCCAGACGGCTCGGTTGAAGGCGGTTCCTCCCAGAAAGTGCTTCTTTTGTTGGGGATAAACATCGACGACGCAGTCGCCGATCGAGGCAATCTTGACCATGGCTAGGGTATAATACCACGCTGCGGGAGAAATATGACTTCAGTTGGCAGAAAACCAGAAATCGGCGTTAGCGGCTCTTCCAGCCAAGAAGCGGTGGACTTGGTCAGGCGTCTTTTGGGAGAGAGGCTGCCGCGGCGGGGCGAGTTTGAGCCGATCCGGCCCAAGCCAGAGTATTTTTTAAACGGTGGCGTCAAAGATCACTGGGCGCCGCATTTCACTCGAGTTCCGGTTATAGCCCTGAATGAAGCCAGAACCTGGCAAGCCCTAGTACCGTCTTTGGTCATCGACCAAGCAGTGGTGATTTGGTCAGGAGCACTCCATGATACCCAAAGATTGGGTGTCATCGACGACCCGGATCACGGTGAGCGGGCCGCCCAGTGGGTCAAAGCCAAACTCGACGGCAAACTCAACCTCGACCAGCTTTATAAGGTGATGAGAATTTGTCGATTCCACTCGGTTAACGGGGTCAACCAAGACTTAGGCCCGGAAGCGGCCGTAGTCAGGGAGGCCGATCGGCTTGACAGGCAAAGGCTGGATGATTTTAACCCCGGGAGGTTAAAACTGCCGTTTTCCGAGCCTTTCATTGCCATCGCCAGAGACTTGATTGATCTCACCGACAGGTCTTATTCAAGCGTAGACGAGGCTTTTGATCGGGTTTTAGACGCAGGGGTGGCTTTGGGTATAATTAGGTCATGACCAAACCCCAAGAATTTCTCGGCCGGGTGAGCCGAGTGGAGCTGACAGGCCATTTTAGGTTCTTTAAAGTTAAGCTGGTTGAGCCCAAAAACTTAGATTTTAGCGCCGGCCAGTTTTTGTCTGTGGCCATCGGCGGCGGCCAGAGGCGGGCTTATTCGATCGCTTCGCCGCCGAGAGATTCGAGACTTGATTTGGTGGTGGATTTGTCGCCAGGGAGAGCGGGGTCAAAGTTTATGGCTGGGTTGAAACAGGGGGATGAGATTAGCTTTTTGGCGCCTTTGGGGCGGTTCGTGGTGGAAAACGAGGCAAAGCTTTTGTTTGTGGCCACGACCTCGGGTATAGCCCCGATAAGAAGCATGGTGCTTGATTTGCTTAATCAAAACGACCCAAGGTCGACCTATCTTTATTGGTATGTGCGGCAAGCCGATGCTGCGGCGTTTCAGGATTGGGACCGCGAGTTTGAGCAAAAAGTCAAGGCTAGAGTGGGGTTTTACTACCGGCTGGTTAAAAGCGGCGGGCAAGAGAGTTGGCCTGACGGGGGCAGGAACTTAGAAAAGATAAAAACCTTAGGCGGGGATAAAAACCGGGGAGTGTATCTTTGCGGCAGTCAAAAGATGCTGGCGGGTTTTCCCCAGAGTCGGGTTCATGTAGAGCGTTTTTGAGCCAACGTGTTATATTGAAGGACATGCAAAAGCCCCAACAGTTTACCGGCAAGGTGGCAGAACACATCTTGATCAACAATAAATTTCAGTACCTGCATATTGAGCTGACTCATCCTTTCAGGCTCGAGTTTGAGGCGGGCCAGTACGTTTCTTTTGCCATCGGCGGGGGAGAAAGAAGGAGTTATTCGATTGCTTCTGAACCGCAGATAGACAGCAGTATCGAGGTTTGCGTCGACGTTACCCCGGAGGGTAAGGGTTCAAGTTTTTTGAAAAGCTTAAAACCGGGCGATGAGGTTAGCTTTTTGGCGCCTTTGGGAAAGTTTAAGGTAGAAGACGAGTCCAAGTTGTTGTTTGTGGCAACCGGCTCGGGGATTACGCCGGTGAGAAGCATGATTTTGGATTTACTGGAGTATAAAAAAGACCCAAGGCAAATCCAGCTTCACTGGGGGTTGCGGCACGTCGATGACATGTTTTGGGTCGAGCACTTTCGCAAATTCCATGAGTACTACGATAACTTTACCTTTCACCTGACTTTGAGCCAGCCGCCGGAGCACTGGCCCTTGTGCGCCGGCTATGTGACCGATTGCGTCAGAGACGAGCTGACGTTGGATTCAAGCTGGGGGGTGTATCTTTGCGGCAATAAATTTATGATCGATGACGCCACCAAGCTGGTAACCAAAATGGGCGTACCCCCAGAGCAGATTCACACGGAGAAATTCTTTTAATTTACAATTTACAATTTACAATTTACAATTACTATCATGGCTAAATACAAGATCAAGATTTTGCGGGATAAGTGTATCGGGGCGGCGTCTTGCGTCGGGTTGGCGCCGGGAGCGTACCAGCTTGATGACGAAAACATCGCTTATGTGGTATCAGAGGAGGGAGACACACCGGAAAATATTCTCTTGGGGGCGCAGAGTTGTCCGACCAATGCCATCGAGATTTACGACGCGGAAACTGGTGAAAAGGTGTGGCCCAAGGAATAGCCTTGACAGAACAGAGGAAAGTGCGCTAGGCTACCTCTGTAATAGCAAATAGCTGCCCGAGATTAAAATTTAAAGGAGGTGAATAGAATGGCTTATTCATACAAGAACTCGAAGGGCGTGACTTATTATCTTCACTACAAGGACGTGACCTTGCGTGGAGGTAAGAAGCAAAGGATTTACTTCTTTGCCCGAGATGTGCGAAGCGGTGCTCTTGACGACCTGCCTAGTGGTTACGAGGTGATGGAAACCAAGAGAACTGGTATGCCTGTCTTAAAGAAAGCGTAATTGAGGAACTAGGCAATAGCTTCTAGCTCCTAGATAAAGCTTAGAGAAAACCAGCTTCAGTGTTGGAGCTGGTTTTTTTGGACCTCTCGTGTTAGATTAGGGACAATGAGGCGAGTAAATAACAAGTTGGTGTCCGTGGGTTTAGCGGTAACGGCGGTAGTCTTGGGATTGGTTTGGTGGCAGGGTCAACAGGGTAAAGAGACAGTAGCGCCGGAGATGACCCTGGAAAGATCGAAGATGATGGAGAGTGAGGTTGACCTTGAGGCGCCGATGAGTGAGAGTCAAAAACAAAAGATTGAGGCGGAGCTTGAGAGTGCGGCCGAGACGGCGGTTTTGGATGATGTCAGCGGGGGGCAGGCGACAGGGACAGCCTGGAGGAAGTTTAGTGATAATTTCTATCACCAAGTGGAAACCACGGGCTTGCCGTCTTTAGAGAAGGGGTTTTTTTACGAGGGGTGGTTGGTGGGTGAGGCGGGATTTTTTTCGACAGGCAGAGTGTGGCTGGAGGGGGATTTGGGGGTTTTGTACTACACTGCCGACGAGGATAA
CP011210.1_gap4	113156	114863	1707	ATGTTGTTTTGGGAAAGGAGAGTATCTACTTGATGTCTAATTACTCTTTGGAGTGCTTCTCTTTCGGTGTCCACATTGGGGTCTTTAGTTGTGTCTAGCAGAGTTCTTTCGTCATCTCCAGGGGCTGATGCCTCGAGTGAAATAGGATACACTCTTTGTAGCAAGGCCTGAATTCTTTCAACGGGAATGTTTGTTTTCTCCGAGATAAGCTCTTCAGAGACCTGTTTTTGTTCTTTCTCGATTTCTCCGATAGCTCTTGTAATTTGAGTAAAAAGCTTGTTGTCGTATGTTGAAAGTCCCCTGTCTTGAGCCAAAAGGGCCCTCATTTCATTTTCGATCCAGTAGGTAGCGTAAGTTGAAAGTTTTACCCCTTTTCTCCAGTCATATTTGTTAATTGCTACAAGTAAGCCTATATTTCCTGTCTGATAAAGGTCAAAAGTTGATGGCTTAGCTCCTCTTTTTTTAAACCTACTGGCTAAAAAGAAAATCCAACGTTGCATAGATTTAATTAGAGCATCTTTGGCTTCTTGTCCACGCAGAACAAATTGTTCTAGGTTTTGACTATCTGGATGTTGAGGGTTGTTCTCGATTGTTTCTTTGGCTAGCTCGCCACGCTCGATCTCTTTAGCAAGGGCTATTTGTGTTTGTAGATCGTACGTTTGGTAAAGATTTACCCTCCGGCCTATTTCTGTGGGGAGGTCAATGGTGTCATAGTCTTCTTCTTCGGCAACCGTAATGCCCGATCTTACCCTGGCAAGAATTTCCGCCAGCACTTGATGTTCCTGGGTAGTTGTTTCGTCTTCAACAGGGAAGGCAGAGGACTTTCGGAGAGAAGTTAGATATTCTTCGTCAAAAATGTACTCAAAATCATCTGGGAAGTTAAGCAAAAGCAACTCTCTAACGTCGAGAGGTGCCTTAGAGTAAAGATAAGATTTTAAGCTTGAGATTACACTGCTTGTTAGGGTCTCTGGGAGTTCTTGTAAACCATCTTCTAAAAAGAGTTGCAAGTGTCTGGAAAAAGTATGGACTAAGGTGTAGTATTTTCCTAAATACGGCTTTCTTTTTTCATCTGTTTTTTGTTCAAGTTTGATGTTTTCCTCGTCAAAAAAGAATAAAAAATTCCAAAAGGTTTCGTTTTTTGCCTTAAACATTTCTAGATCTTGACGGAGTTCTTCCCAAAAGTCTTTTGTTTCTAGTGTCTGAATCCATTGTTCTGGAGAAACTCGCGGCCTAATAAAAGATACTTTTTTCTCCAGCTCTTGCTTAGCCATTCGTATTGCTTGAATTAATTCTGGTTCGTAAGGAAGGGTAGGAGTGAAGTTGCGGATAAAATGTCCAGCGCTTTCGGTGTGCCTTTCTAGCGCATATAGGAGGTTGAGATAGTATCCTGGAGTAGATGGATTAATCTTGCCGCCGTTGTTTTCATTTCTTGAAAAACCCCTCATAAAGTTAGTGAAATAGGTGTTCTCTGGTATGGTTTTAAGGTCTTGATATAGTTGCACCCAAAAAGCCTCTGTATGGAGTTCTTCATAGTAGTCTCGCCAATTTTTTTTAATAGGAGTTTCTATAAGTTTCTCTATTAAATTAAGCTGAATTTTTGCTACTAAATCCATGACTTCTTGTTTTTGTGGTTGATACTCTGTGAGATATTTATATGGATATCTAATGCCAGATTTCCTGAGAGCCAAAACCAAGTTATAGTATTTA
CP011210.1_gap5	115948	118047	2099	CAACAACAATGCGGCTATTGGTTTGGCGTAGTTTTCTGCTTCTAAAGTAAGCTGGTATCCTTTGTTTGTTTTTTGAGCTAAGCCTGTAGGGAGCAGAGAATTAATCAAATATGACATATATATAGAGTTACTTTTTGGATACCATGTGGAATAGCCTATACAGTCTCGGGTGCGTTTTCTTAGAGAAGAGACCGAAATAGGTTCAGGAGCGAAACCATGAACAACTAGTGCTTGTTTGGGTTCTGCTGTGCCGAGGGCGAAGATAACTCTGTCAAATCTTCTTAGGTGTTCTGGCCCAATTTTCGAACCTTCAAGGTTGTTGAGCAATGATTCTAAGTTAGATTGTTGCCACGTTGTTTGGCCGATTTCGCTTTGACCACGATTTTCCACTAGCATAGTTATCTGGGCGGATTTGAAAGATTATACCACTTGAGGAAAGTTAAATATGCCAAGACTGCCGGTCCTATTTATTATTCTGCTTTGGTCCACGAGATTCCCAAAGTGATGGCGGAAGTTTTAGGTTAGGCAGGGCGGCGGCCAAAACGATCAAGGCCCCGCCCAAGAAAGTGGTGGCAGAGAGAATTTCGCCGAAGAATAAAAAGCCAAAGAGGATGCCGAAGATAATTTCAGCCATGCCGATAAGGCTGCCGATAGAGGCTTCTAAATATTTGAAGCCTTCAATCACTGAAAAGTTGGCGATCAAAAGCGCAGCGGCGTAGGCGGCGGCGGCTAGCCAAGCGGAGTGGGCGGAGATAGGGGGAAGAGAGTCTTTAACCAAGTAGGCGATCAGGCCATTGGCGACGAGCATAACGGTGAGATAGCCGGCCATGATTTGGAATTCGTGATACTGGCCTGACAATTTTTTAGGCAAGACTGCTGAAATTGCCCCCATGAGGCCGGCGATGATGGTTAAGGTAGCCGGCCAGATTTGAGCCGGAGTCAAGGAAAGGCGGTAGATTACTCCTAGGCCGGCAAGACCGATGACCAGGCTTGTCAGTTTGGTTCTGGTCAGGGTTTCGTTGAAGACGAGTTTGCCGATAAGGTAGCCGCCGATGACCAGAGCGGCGTAGAATAAAAGGGTGGCGGTGCCAACCCCAAGGTGTTGGAAGCCGTAGTAATAAGGGGCTTGATTTAGGCCGATTGAGGCAATAACCAAAAACCAAGGCCAGTCTTTTTTAGGCATGGGTTTGAAGAGTTTTTTCCATTTACCGACCAGGACTACAAAGACCAATAAGATTAAGCCCCTGGTCCAGGCTTGGCTAAATTCGCCAAAGTCGTGGCCCATGAGGTGCGACCAGACGCCGTAGGTGGCAAAAAAGACAGCCGAGTTTAAAATCCAGGCAGTACCTTTTGTTTTTGGGTTCATAGGCTGGAATTGTAGTTGAAGGTAGGGGTATAATCAAGCTGATGTCCGAACAAACAGACAATTTGGTTTCACTTTTGACGCCGTATGGCCTAAGCGCTGATGAAGCCAGAGTTTATCTTGATTTGTGGGCCGGCGGCAGCAACTCAGCCTTGGGTATAAGCGGTAATGTTCACTTGGCCAGAACCAAAGTGTACCGGATTTTGGACAAGCTTAATAAAATGGGCTTGGTGGTAGTAAGGCTCCACTCGCGTGGTCAGAGGTTTGAGGCCAGCCACCCCAAAAGGATAGGGGTCCTGGTTGAAGAGAAGGAAAAACAAGCGGAGGCGTTGAAGGCGAGTTTGACGATGGTGGTGGGTGAGTTAGACAAGATAGGCAGAGAGAGAAGGGGAGTTTCTAAGGTGCTTTATTATCAGGGGCCGGAAGGTTTAAAGCAGGTAACCTACAACTCGCTTAAGGCTCGCGGCGAACTTTTGACCATGGAGATTGAAACCATGAACGCTTTTTTTGACAAAGACTATGCCGAGAAGATGCGCTTGAAGTTTGTTGAGCGGCAAATTACCTCCAGGACTTTGACTAACGTGACCAGGTTAGCGCCGTGGACTGAAGTGGCGGGGGAAATGGTAGAAAAATATTGGCAGATTCGTCATATTCCGGCGAGTCAAATGAAAATAAAGTTTGAGATTTTGATTTATAACGACGTTTACGTCATGTACCGCTACCAGGGCAGGGAAGT
CP011210.1_gap6	176482	179842	3360	GTAATGGAGACCAGAAGTTCGATCAGCGTAAACCCTTTTTTCATTTTAGCTTTCGCACCAATAAGCGGGTGAGGCGTCGCAGTATTGTTGGCAGAGATCGGAGTCGGAGAAAGTGATCGGACAGCCGGAGCCTTCGGGGTCAGAGTAGGAGTTACAAACACCGGTGGGGTCGCAGGCAAAGTTGCCGTTAGGTCCGGGCGGAGGTAAGCTGGCCGGTGGTTCAGAGGGGCCGGCCGACGGCGAGGGCGAGGGGGAGGGCAGAGCCGGGTTGAGAACGGCCACGTTAGTCGAGGCGACGCCGTAGTTATACCCCAGGCTGCCGCAAGCATCATCCCAGCCGCAGTTTTGGTCCCCGTCGCAGCCGAGCTTGGCAATGTCCGGGTCAGAATCGTTGTCAAGTGGCACCAAAATCCTGAAGTTGTTAGAGCAAGCCGTGCCGTCGGGAACATAGCAGTAGGCTTGCCCGGTAGTCGGGTCGCAGGGAATGGAATCAAGATAGGGGTCGAGTTCGCCGCCGCCGCAGTTGTCTAAAATCGTTTCGTCAGGGTAACAGTCAAAGTCCGAATAGTAGTCTTCAAAAGCCACGGCCAGTTTTGACAGCTGGTCTTTTCTTTTGGCGTCGTTGGCTTTGTCGATTTGTCTTCTAAAGCTGAACCAGCCGAGCAAAATGAGGATGGCCAGAATGGCGATGACGATTAAAAGTTCGATTAGGGTCAGGCCCGCCCGCTTCATACTATTTAGTATATAGTAAATTAGTGTCAATGTGGCAAGATTGGCCGATCAGAACTATTAGGGTAGAAAACAAGGGTTTTCCTGAAAGGTTGGGGTTGGTGACGCCAGAGGTAAAAAAGCTTTATTACCGAGGCAATTGGCATAAGAGAGATTTTAAGCACGCTTTGGCGGTGGTGGGTTCAAGAAGAATGACCAGCTACGGCAAGGGGGTGGTAGAGAAATTAATTCCGCCGCTTGCCCGGGCAGGAGTGACCATAGTTTCCGGGATGATGTACGGCGTCGACGCCTGCGCCCACCTAGCCTGCCTTGCCGCTGGCGGCAAGACGGTGGCGGTTTTGGGCAGCGGCCTTGACGTCACCGATTCAGAAGAAAGCGGTCGGCTTTATAGCCAAATTCTTCAATCGGGCGGCTTGGTGTTAAGCGAGTATGAACGCGACAGCCAACCGGCGTTGTGGACCTACCCGCAAAGAAACCGGATCGTGGCCGGTTTGAGTGGGGCGGTATTGGTGATCGAGGGCGGGGAGAAGTCGGGGACGCTGATTACCGCCAAACTTGGTTTTAAGCAAAAAAAACCGGTGATGGCTGTGCCCGGGCCGATTACCTCGAGCAATTCTTTAGGGGTTAACTGGTTGATCAAAAACGGCGCCGTGGCGGTGACCAGCGCAGAGGAGGTGTTGGCGGAGTTAGGGATCAAATCACACTCCCGGAGTGAGAAAGAACTCACCTCCAAGGTGGCTTTAGACTCCTTAGAGGTGGAGGGGTTAGGAAAGCGAATTCTTGCCGAGCTTAACCGTGAGCCTTTAGAAGTTGACGAGTTGGCTAGAAAACTGGGCATGGACGTTGTCAGTTTGGGTCAGAAATTATCGCTGATGGAAATTGCCGGTTTGGTCAAAGAACAAGATGGTAAGTATACTAGTAAGTGATGTTGACTAAGGTACATTCTTTGGCTAGCCGGGGTTTGGAAGCGATCGAAGTCGAGGTCGAAGTCAATGTCGCCGGCCGGGGTTTTCCCGGTTTTAACATCGTCGGCCTGCCCAACAAGGCCATTGAAGAAGCCAAAGAGCGGGTGAGGACCGCCCTGGTCAATTCCGGCGTCGAGTTTCCTCAAAAAAAGATTACCGTTAACATGGCTCCGGCAGACATTCCTAAAGAAGGTTCGGGTTACGACTTGCCGATAGCGGTGGGGATTTTGGCGGCTACGGGGGATATACCTTCCTTCGCCGAGGCTCCGGAGGGTAAGCCTTCGGCTTATTTTTACGGCGAGCTGGGCTTGGACGGCAAACTGCGGCATACCCGGGGCGTGTTTTTGCTAGGGATGCTAGCCAAAGACAAAGGCGTCAACCAAGTTTTTGTCCCCAAACTGTCAGCCAACGAGGCGGCAGTAGTGTCGGGGATAAAAGTTTATCCGGTGGGGGATTTATTGAAACTGGTAAGGCACTTAAGACAAGAAAAAGTCATCCGGCCGCTCAAAACCATGCCGACGAAAGAGGTGATCAGCGAGGCGGAAGTGGAGTTTGATTTTGCCGAAGTGGCCGGCCAGGAGCAGGCCAAACGGGCCTTGGAGATTGCCGCGGCCGGGGGCCACAACGTGTTTATGGCCGGGCCGCCGGGAGCGGGTAAGACCATGTTGGCCCGGGCTTTGCCGGGGATTTTGCCGGAGCTGACCGAGGCTGAAGCTTTGGAAGTAACCAAGATTTACTCGGTGACCGGCAACATCGAGCCCGGCGGCGGTTTGATAAGAAGGCGGCCGTTTCGGACGCCGCACCATACTACATCAAGAGCCGGCCTGGTCGGCGGCGGCTCCAAGCCGATGCCAGGAGAAATTAGTTTAGCTCATCGCGGGGTTTTATTTTTGGACGAGTTTGCCGAGTACACCCGCTCAACCTTGGAAGCCTTGCGTCAGCCGATGGAAGATGGGGTGGTGTCGGTGGTTCGGGCCGCCGGCACGGTCAAATTTCCGGCCAAGTTCATGCTGGTGGCGGCTGCCAACCCTTGCCCCTGCGGCTTTTTGACTCACCCGAAAAAAGAATGTAAGTGTTCTTTGGGGCAGATCAAGCGTTACCAAAAGAGGCTTTCGGGGCCGATTCTGGACCGGATCGACCTTCACGTCAACGTGCCCTTTGTGGAGATCGAAAAACTAAGGCAGCGTCACACTCCCGGAGTGAAAGATGTTCACACTCCGGGAGTGGAATCTTCGGAGGTGATCAGGGAACGGATAAAACTAGCCAGAAAGGCACAGGTGGTAAGATTCAGCGACGAACCCGGGCTATTTGCCAACGCCGAGATGAGAAATAAACAGGTGAAAAAATATTGCCGGTTAAATAGCGAGGTAGAAAATTTGCTGCAGCAGGCGGCGGTGAGCTTTAACTTGTCGGCGCGAAGCTATTTTCGTTTGATCAAAGTGGCCCGAACCATTGCCGATCTTGCCGGAGAGAAAGAGATTGCCACCTCCCACATGGCCGAAGCGCTGCAGTACCGGATCAGGGAAGATAGTTGATTGTCGATCGTAGATAGTAGATAGTAGATTAAGAGATGATAAATAACTTTGATAAACTAGATGCTTGGAAGAAAGCTCACGGTTTGGCATTGAAGATTTACAAATTAGCAGAAAATTTTCCACGAACAGAG
CP011210.1_gap7	226120	229988	3868	ATTTTTGTCTCTGGGTAAGATATCAGCAAGGTTTGATTTTTACCCTTTTTTACCTCAACTTCTCCGGTAAAGGTTAAAAGATAGTCGTTGATTTTTTGTAAGCACTTTTGTAAGTTGACAGAAGAGTTGGTGCTTATCAGCCTATAGGTTACAAGCTTTGCCATTTAATGGTTACTTAACCAATTTTTTGAGCTTTTCGGCTTGGACAATGTCGTTTTTTAAAACTTTAATCATGCCGTCAATCCGCTTGAGTTCGTTTCTTTCTTTTTTGATCGCTTCCTCAAATACTTTGATGTTCTGCTTGATTTTATTCTGGTATCTTTTTAAATCATTAACACCATAGCCGCGGATAATTTTGATTTTTTCCAGCTCTGCCTTTGACGGAATCGAGCTAACGATTGGCGTCGATGATGGCAATGATTTGGAAGAGCCTTTGGATCTCTTTTTCTTCGGCATCGATTTGATCCTGAAATAATTTAATATTGCGGCGGCGGCGGGCAATTTCGTCCTCCAGGGCAGGCTTACTGTAGCGCAAGGCTTCCTCTTTGGTGACCGGAAGGGTCGGGTCGGTCATCTGGTTATCCCCAAAAACGTTTTTTCCGGGCAGGTTTATTAGTTTTACCCTTGGCGATTTTGCTTGGTTTTTTGGCAGTTTTTTTACTGGCTAATTTGGCTGCTTTTTTTTGGGCTTTCTTTTTGGCGGCCAAAAGGCGGTCGATAGCCCGGGTCAGTTTTTCTTGAGAAGGTTCCCGGAAACGGACTACTCCTGACGCGTCCCGGGCGATGTGAAGGATTTTCGCACCACCATCATATGAGGAAACCGAGAGTTGATAGCCTTTATGGTATTTCATAAGTTATTAACTAAAGATCGTATCGGTGCTTCTAATCACAGACACGGTCATGCCGTTACTGGTAATTGTTGAGTCCTGTTCAAAGGGGATCATTCTCGGGGCAGCAGTAGAGTGCCGGGCGCGGACCCGGGTGAAAACAGTGGTGTCATAAACAACTTGGACTGTTTCCGAGTCTTCCGATCCGATCGAGCCGGTAGTTTCGTGAACATCGATAAATGGCACATAAAGCGTGTCATTGGTGGCTTCCGGGGCAATCGGCAGGGTGTTAATTTCATAGCCGTCAGTGTTGGTAAAGCCGGTTACGGTGGTCATGTTAACGTTGTCATCGTCAACTACTTCGGTGATATAACCGACTGCGCCGTTGGCAGTGCGCCGGATTAAGTCACCCACTTTAGCGGTGGCAAAAGCACCGGTATCTTGGATATGGGTGGTGGTATTGCCGGTGGCGTCTGATGTCAAACCGGTGGTTGAGTCTAAAGTGAAAACACTGCCGCTCCAGGAGGCAAAGCGGATTCGGTATTCGGTATTGGCACTATCATCCACAATTCTCAATACTCCGCCGACGGTTTTGCCTGGTTCGTCAATCCTGATTGTTTGGTTGACAGTTAAACTGGTGCCGCCGGCAGCCTCGCCGCCGACACAGGTGTAGTAGTTTTTTTCAATATCACCGCCAGAGCCGGTCAATCTAAAGACGGCGATTCTGTCGCCTTCAATCGTTTTATTAACAGTAACGTTTACCTTAATTGGGGCCAGTCTCACTGTACCGCCGTCATCAACCAGCTGAAAATTATTTAAGTCAGAATCCAGACGATCGTTAAGGTAAACTCCTGGGGCACAGAAGAACTTGCCGCCGGCGAAGGTGCCGAAAGGAGCGGCGCTGATTGGGGTAATGGTAGCGATTGTTGCCCCGGTTGGGTTTATAGTTACACCGCCGCCGGTAATGCTACCGCCGCCGGCAGTAAAAGTTCCCCGGGAATCTCTTAAAATCAGGATATCATCTGTAGAGTTATGGTTAGTACAGGTGCCAGTTGCGCCGGTGCCGGCTTGGGTGACTACTGTTCCGGTAGTGATAGTGCCGTCGTCGCTGGTATAGCCGGAGATTTTGTAATCAGAGCCGATATAAGATTCGCCGATAACCGTGGCTGCACCCGGGTCAATGTCGTCGGCATTTAGGTTGCGCCTGGTAATGTATTTTGTCCACTGGTAGACTTTGCCGACTGAATTTTGATTACAGTCAATGACGATCGAGTAGTTTTCATTTGTCCCGTTTTCGTCAACGTCAAAACTGCCTCCGTCGGCCATTCCGCCGAAAGCAAGCGTTGCGGGAGTGCCGCTTTCCCAAAATGTCGTCCCTGAAGTTGTTGCCGGTCCGGCAACAACCGGAGCCGAAGCGGTGATCGTGCCGCTGCCGTCGCCATCTGATTGAGTCGAGAAAACATATTCTTGAATGACGGTATCGCTAGCAGAAAAATCAGTGATCGGTTCACCGAGTAGGTAATAGTAAATATAGTTGTTGTCGGTATCAATGGCGGTAATCACTCCGCGCTTGGTAGTTGTAGCCCAAGTATTGGCGCCGGAGTTGGTCCAATATATATAGTTACCAACATCAAAGTTTGCCACAGAGGCAGTCATTGTCATTCGGCTGTAGCCGGTTGGATTGTCCAGGTCAGTACCGGTTTGAAGCGGGATAGGGTTACGACCCACCACCCCGGCAGTAGTGATCAAGTCCACAGTATAGTAGGAATAGGTTTTGGAGTATTGCCGGGCATAGACTTTGATCCAGCCTTCGTCGGTTTCCGCACCCAACTCCTGGACGTTGATCAAAATGTCGATATGGTCGGTGGACAAACCTGTAGTTTTGTCGCTCCACCAGTCGCTTTGGGTGTCTTTGTAGGCGGTTAAATAGGCACCGTCTTGATAGACGTAAATATGAGTGTAGTTTTCAATCGCACCGATGGAATAGATATTGGCCCAGAGCGATTCGCCGGCGGAAACGGCCGCGGCCGATTGGGTAGCGGTGTGGGTGTTACAGGTAATACCGCCTGAGGTTGAGTTCCAGTCGTTAGCGAGAGCATTGTTAGCTGGCCTGATCCACAAGGTGCTGCCGGCGCCGGTGCCTTTTACATCCAAGAGCGTCCCGGAGTCGAGGTCGGTGTCGTGGCTGATGGTCTCACCGATGTCGCCAGCAACGATATTGGTATTGTTGCAGGTGACTTTGACGATACCGACATTGCCGGTGCCGTCACCCGGCAGGTCTCTTTGCCATTCAGCCGTTTTTAAAGCACCGCCATAGAGGTGTTCGACCGTGGTTCGGTCAATAAACCAGGGGTCTTTATCGCCTGTGTCAATAATGCCGATGGTGTACTCGGTCGGGGTCTGGGCGGACATGGGCACGCCGTCGTCCATCTGGGTGAGTTCGTCAAAGAGGTCCTGGAGAGCCGAGTAGAGTTCATTGATCGTTCTGGTGCCGGTGTCCGATCCGGTCCAAACAATCCGCTTCTGCCGATTTTCGGCGCCGTAGTAAACTGTGAAGTCACCGCTTAAAATAGTGTCTGACATAGCAGGCTATAAAGTTCAGTATGGGTGGTTTTTCAAACCCTGTCAAGTAGGAGTCCTTGACATAGACTTTAATAAAAGTTAGACTTTCGTTAAAATGAAGTTATATAAAAGAAAGGTATTCTCTGTTATCCAACGGCTGGTGGAAAGAGAAAAGTCGTTGGTGATTACCGGTGGAAGACAGGTAGGTAAGTCATCGGTTTTGCTTTACCTAAAGGAGTGGTTAGAGCGTCAAGGTAAACGGACGGTTTTCTACGATTTGAACTTTTCGGATGGGCCGTTTAACCTGGCAGCCGATTTAACCGCCAAGGGGGTAGGCGGCGACCAGCCGGTTTATGTTTTGGTAGATAACTGGCGGCCGGAAGCAGGCGGGGAGCTTGAGAAAAACTTTCATCTGGTGGCCGCCAGCGCGGTCAAAGCCTTTCTGCCCGCCTCGGCCCGGGCGGTGGAAGTGCTACCTT
CP011210.1_gap8	231038	234392	3354	CTTGATGCGATCGTTGCAGTAGTGCTAAGCGGAACATATCTTGTGTATCCGGTAGAACTTTTTCGTACCCTGACATAACAATCAGCCGGAGTGGCTCCGGCAAAAGAGCCGGAAGCAACCCCAGAGGCATTGGTGTCGGTATTGAGAATCTCGCTATCGTCTGAAGTTAGGAACACAGCTGTCTGTGCCAGTTCTATCGGATCGGTGGCGGTATCGTTCACAGTTATGGTTATCGGCACTGATCCCTGGAAAACGACTATTCCCGTATTGGTAGAGGGGTTTGAGGTGCCCGACTTTGATATCACCAGCGCGTCTTGGGGAGAAGTTGAGTTGTGGACGTCTTTTTCATTGCCGTTGAAGTTTAGGTCAGTGTAGGTAATCGGGGTAGTCACGCTGTAGGCATCGGATGAATCCCACCGATTGTCGGATCCATTGGCAAGACCGGCTGCACAAACCAAATTATTATTATCAGTAATGCTGGTCACCGTGGCGTACGATCCGTCGATTTCGTTATAGGCTATATCGTTCACCGCCGCAGTGGTCAGGAAAGAGGCCGAGCTGTCCGTCAGCGTCACTCCTGTTGCGTCCGGGGTGGTGACTGTTCCCGTGGCCACTCCGGGTATGGTATCGTGCTCTATGCCGTGGGCTACATCAGAGCTGGCGTGGCTGTTGGCCAAGAAGTTACATTTTTGTATATTGATCGAACTGTTCCAAAGCAGGGCTGATCGGTTGCTGGCATCAGCCGTGCCGTCGTCATAGACGGTGGTGAAGTTACAGTTTCTGATTTGTACCCCTCCCACCGGATCAAACTGCTCGCAACCCGAAAAAGAACTTGAAAATAATTTGTGTGCCGTATTTGTTCCCCAAGTTAGTGACCCAGATAAACTTTCAAAAGAACAGGCGTACCATTCGCTGGTGTTTACACTCCCGTTATCAAAGGAGATGTTGACGTGGTAGGTGGAATTACCTACTACTGACCAGCCGTTTCGTCCCGAATCAGAACCTACAGGCTTTCCGATTATTATCGAGTTTGTGCCCGTACCCCCGACACAATTAATATCAAAATAGTCAAGCGGCACCGAATTGGTAAAAGAAGTGCCGTCATAATACCGGGGCTCTGCTACGAATATTTTTGAATTGATATCAGACAAGGTTGAGTCGGTGGCGGCAGTCGTATCTCCCAAAATTAATTTTCCGTTTAGTTCGACGGCTGTTTGTGAATCGTTTAGGGACTGGATAATGCCATGCCGATTGGTGGTTTCGTTGGCCAGAAGGTCGGCAACCAAAGCATCGCTGGTCGATGTTCCTGTGACTGTGATCCCGGTGCCTACCCTGATTTGATCAACCACCAGGTTGTCAAAACGGGCCGTAGCCGTGGTATCTGCGAATAGGCCAAAATATCTGACTGCTGCCAGGTTTATTGCCGTACCCGAACTGGCCGATACGGTTTCGGTTGGGTCCAGGACAAACCTTTTCCAACCTCCGGAATAGTTATCTTTGCCATAAAAATACCACAGGTGGTACTGCGTGGCCGATGGCGTGGAGCTCTCCAGAAATACCCCAAAACCACCGGTATTTTTGGTCTGCAGTAGTCCGGCCGCCAAAAAGTTCCCCCAGATGTACACCATTTGCCCAAAAGCATTGCCGCCGCCGGTAAAGTCTAGCGTGTTGCCAGCACCGATGTCTGCGTACAGTGCTACTCTTTTATTGTTGGAAGTAATTGTCACGGCACCCGTTCCTTCAATAGCGCCATCGGCCACACCTATTGATGGCGTAGCTCCGCCTGCGGTAATCTTGATCACTCCCCAGCCGGTTGTCGAATCGGCGGTATTGACCACGCCGTTGCTGGTTGGTCCGGTTGTTCCGTTCCAGGTGACTGTCGCTGCCATATTTCTACTTTACGACAAAATGTAACTTAGCAAAAGGGGGTAGGTGATGTGTTATGGTCAATCGTCATCGTCATCGTCATCGGGGGTAAAGGGGTTGGGGGCAGCCGCAATTTTTTCGTGAGCCGAGTGGAGCATTCCCTGAAGTAAAAGCAGGGCTGTCGGTAAAAGTAGGGCCAGACCAGCGGCCGCCAGAGAAAACGACCATTCCAGCGTTACCATCTTTGAGGCAGTAGCAGTTTGCTGAAGCGCATAAAGCTGCATCAAGCCGGCAATTACCAATAAGCTGCCGCCTTTAGCCAGGTGGGCCGATTCAAAGAAAGAAAAGACCCATAAAGGGGATAAAAACAAGCCTAAAGCCCGGATAAAAATAATCGCCGCGGTAAAGGGATAAGTGTTAAAGAAGGTTTGGTTTAAAAAGACGTAGGGCGAGGAAGGTTTAATGGTTAAAGGATCAATTCCGGACTGCAAAACATAGGTTAACAAAAACAGTCCGCCGATGATTGCCAAAACATATTCTTTGCCGATTTTCATTAAGCTCAATTTAGCCTAATCGTGCCAGCGTTTCAAGTGGAGGCGGTAGAAATAGAGGTTAGCTAGAAAAAATAATGCCGAAAAGGTTAATCCGATAATCAGCGTAGCTTTTGGCAGATTTTCCTCGGCGGCAGTTAAGACAAGCGAGGGTTTGGCGGTAACAAAAATCGTCCACGAGGCATTGCCGACAGTGACGTATTTTTTAGTATGTAGCAAAGCAGGAAATTTCATCGGATCAAACTCCGGGTCGGAATCAAAGAGTAAGTGTTCAGTTCCGGGAGGGGAATCATAGTGATCGTGGAAGATGGCAAAGTCGATATCCGGCATGGGGTTTTGCCGGCCGAAAAGGGCGGTAAACAGGTCGGCATCCCGGAAAGCCAGGTTAACAAAACCGATCAGTTGACTGCGCCGTTCGTCGATACTTCTGGGTGTCTCGCCGCCGCGGTAAAGCGGTGCCGTTAGAAAAAATCCCGGCCGATTGGTGGTGACCAAAGTAAAAGGTTGACTGGAGAGAATTTCGCCGCTGTCGCGTACCTGCTCTAAAAAGGCTTTTCGTTCCTGCCTGGTGTTGTGGTCAAATCCCAGGGCGGTTTCCCGGTCGGCAAGCGGTTCAATATAAACAGTAATCAATTTTTCGCCCCGGCGCTCAAAAAAGGCCACCGAGGAAATACCGGGATAGTCATTGAGTAGGTTCAGCGAGGCAGTATAGGCGCTAAATTCTTCTTTAGTAACTCCAGAGTTACTGCCGGCCCAGAACGCTTGGAGTCCCTTGAGAGTGGTGACGTGGGTGAGCATGCGCTCTTCAATCCACTGCTGCACCCGCTCGCTGGTTTGCTCGAAGATTTTTTGTTTTTCCCTTGCCAGAGTTTTCTGGGTCAGAGAGTATGCCAGCAGGGTAGTTACCAACAACAGAATATTCAGGCCGCTCAGCACC
CP011210.1_gap9	413711	414703	992	AAAAGGCGGTTTTTGACGCAAGCGGCTGATTTGGCGGTTTATCCCGGCGCCGCCGATACAAAGCGCCGAATAAAGGTTAAGGCTGGCGGCAAGTTCAATAAATTCCGCCTCGATTTGTGCCGCCAGTTCCCTGGTGGGGGTGATGACCAAGACTTTCTCGCGGCGATTTTTGGCGGCTTTGTCGATTAGAGGAATTAAAAAAGCTGCGGTTTTGCCCGTGCCGGTGTTGGCAACACCGACCACGTCTTTACCGGAAGAAACCAGTGGGATCACTTGGTCCTGGATCGGCGTGGGGATTAAATACCCTTTGGCCTTAGCGTTTGCTTTAACCTGATTTGAAACCGGAAAGTCGGCGAAATCATTTTTAATGGCCACGACGTCCAGCTTTGATTGGCTCTTGGTTTTTTGAATGAACCAGGACGGATTAAATGATCGGGGTTGCCTTCTTACCCGGAAGGAGCGGTGGTGGGGACGACGGAACATAGGATTAGGAGTTGGTTTTTAGGCTGGCTTTTAGACCCGACAGAAGCTGTAATTTGGCTCGTTCCGGTGAAGTGCGGTTAACGGCGGCGATTTCCTCCGCGGTCTGAAGCAGGACCCGCTGGAAAATGTTTGACTTGCCTGTCGCCAGGGTATCTGACCTTTCTTGCTTTTCCAGCCAGAGGGTTTTTAACACCCAGAGAGCGTCGGTGAGCCGGTTACGGTTTAAGGCTGTATCGGAGTCGAAAGCGGGGCAGCGGTCTTTGGCGATGGATTTTTTGATGATTAAATTAAGCAAATCTTTGAGTTTGGTTTTAGAGACCAGGCGGCGGACGTGGCCCTGGCTAACGCTTTTTTGTTTTAGGGTAAAAGTGAGGCCGTGGCTGGATTGGGAATTGAAAAATGGGCGGAGGCTGACAGCGTCTTTTTTAATTTGAAAGACTTTTAAGACTTTGCCATAGCGGACAACTAAGTCGCCGACTGTTAAATTTAATTTACTTATCATACCCTAT
CP011210.1_gap10	419859	424703	4844	GCCCTGGCAGGACTCGCAGCGGCCGCCCTTGACGTTAAAAGAAAACCGTCCCGGTTTGAAACCGGCCACTTTGGCGTCGCGAGTCAGGCTAAAAAGGGTTCTGATATGATCAAAGGCTTTGGTGTAGGTAGCGGGATTGCTTCTGGGGGTGCGGCCGATAGGACTTTGATCAATTAAAGACACTCGGGTAAGGTGTTCGAGGCCGGAAAGATGGTGGTAGTTTTGCGGAGTGGGGCTGTGAGGTGATTTGAGGTTGTCTTTAACTGCCGGGTAGAGAGTGTCGTGGATTAAGCTCGACTTACCCGAACCGGAGACGCCGGTAATGACGATAAACTGGCTCAGAGGGAAATCGATTTTAATATTTTTAAGGTTGTTTTGGGTACAGCCGGCAAGGGTGAGCATTTTCTGGTTTTTTTCCAGGGGAAGCGAAGCGGGCAGAGACAGGGAAACTTTCTTTTTGCCGTTTAAGTATTTTCCGGTTAAAGACTTGGGGTTGGCGGCGACTTGTTTAGGAGTGCCGGCGGCGACCACTTCTCCGCCATGTTTACCGGCAAGCGGTCCAAAGTCGATCAGATAGTCGGCCGACTCAATGATCTCCCGGTCGTGTTCGACGACGATAACGCTGTTATCGAGGTCGCGCAGATTTTTGAGGGTAGTGATTAACCGCCGGTTATCTCGCTGGTGGAGGCCGATCGAGGGTTCGTCGAGGATGTATAAAACGCCGGTTAAACCGGTGCCGATTTGCGAGGCGAGCCTAATCCTTTGAGCCTCGCCGCCGGCAAGAGTGCCGGCTGCGCGCGACAAGGTGAGGTAGTCGAGGCCAACCGAGAGGAGGAATTTTAACCTGGTAGCTAGCTCTTTTAAAATGAGCTGACCGATTTGGCGTTCTTTGTCCGACAAAGGGCTGCCTTTTTGGGTAAGATTGGCAATAAAGCTAAAGGTGTCTTTAATGGATAGTTTGGTCAAATCGGCGATGTTTAAGTTGTCGATGCTGACCGATAAGGACTCGGGTTTGAGTCTGTCGCCATTACAGTCGGGGCAAGTTTCGAGACTCATAAACTTTTGCATTTCGTTTCTGATAAAGTCGGACTGGGTTTCTTGGAAACGGCGCTCTAAGGCGGGGATGGCGCCTTCAAAGTCGGTATGGATAGTGGTGATTCTGCCAAAACGGTTGGTGCCGGTGACCTCAAAAATCTCTTTGGTGCCATAAAGCAAGATGTGTTGGAGATCATCAGACAGGTTGTCCCAACGGGTTTGCGTATTCGCCCGGTGGGCGTGGACCACCTCTTTGACGGTGCGGGCTAACCAGGAATCGGCAGATAATTGTTTGGCAAAGGGAATGATCGCTCCTTCGGCAAGAGTGAGACTTGGGGCGATGATTTTGTCGGGGTCGATTTTTTGTAAATGGCCTAAACCGCTACAGGTAGGGCAGGCACCGTGGGGTGAGTTGAAGGAGAAGATTCTCGGTTCGATTTCGGGTAGACTTAAGTTACAGTGGTGGCAGGCAAAGTGTTCGGAAAAAAGATGGTCGGTCAGCTTCTGGGGGTGGTCGGGAAAGTTTAACGAAGCGTCTTTAATCTCAACGGCCAAAGCCAACCCGTCGGACAATTTAAGGGCAGCTTCTAAGCTTTCCGAGAGGCGTTTTTTAAGTTTGTCCACCTCGCTAGCGTCTTTAGCTTGTTTTTTGGTGAAGCTTAAGCGCTCGACTACAGCGTCGATGGTGTGGCGGTTGGTTTTGATTAAAGCCGGCGGGCTGTCCAAGTCAAAAAACTTACCATCAATTCTCACTCTGACAAAACCCTTTTTGGCGAGATTATTGAAAAGCTGGCTAAATTCGCCTTTTTTGTCGCGGACCACTGGAGACAGGATGATAAATCGAGAGGGTTTGGTGGCGGTGAGGCTAGTTAGAATCAAGTCTTTGACCAGGCCGGCGATTTGGTCGAGCGACTGCTTGGCAATCTCTCGGCCGCAGTTGGCGCAGTGGGGGTGGCCGATACGGGCGTAAAGTAGTCTTAAGTAATCATAGACTTCGGTGATGGTACCGACGGTTGATCGGGGGTTACTTGAGGTGGTTTTCTGATCGATGGCAATAGCCGGTGATAAGCCGTCGATCTGGTCGACGTCGGGCTTGGTCATCAGCCCTAAAAACTGCCGGGCATATGACGATAATGATTCGACGTAGCGGCGTTGACCTTCGGCGTAGATGGTGTCAAAGGCCAAAGATGATTTACCCGACCCGGACAGCCCGGAGAAGACCACGAGCTTTCCTTTGGGAATTTTAACCGCGATGTTTTTGAGGTTGTGTTGGCGAGCGCCTTGGATAGCGATGTGGTTCATGTTAGTTTCTTGATGGCGTCTCTTAAAATGGCAGCTTGTTCAAAGTCCAAGACCGCTGCCGCCTGGTTCATCTGCCGGGTTAAACCGCGGAGATATCTTTTTTTGTCTTCTGGGGTTAAGCTGTCGGGATTTAAAGTTTTTAAGTTGAGGATCTCTTTACTCCCGATTTGAATTATTGTCGGGGTGATGGTCAGCGGTTGAGGCCGGTCGATGAGTTTTTTTCTCACCGGTTTGGTGACCGACCGGGGGGTAATCCGGTGGCGGCGGTTGTAGTCAAGCTGAATTTTCCGGCGGCGGCCGACTTCTTTGAGGGCGGCGCGCATCGAATCGGTTTTGGCATCGGCGTACATGACCACTTCGCCGGCAACGTGGCGGGCGGCCCGGCCCATGGTTTGAATCAGAGACGTTTTGCTTCTTAAGAAACCTTCTTTGTCGGCGTCCAAAATGGCCACCAAGCTGACTTCGGGTAAATCGAGGCCCTCGCGGAGGAGGTTGATGCCGACGACGACGTCGTACTCGCCGGAGCGGAGTGAGTCCAGAATGTCGGAGCGGTCCAGCGTGGCGACGTCGGCGTGAAGGTATTGGACTCGGAGTCTTTCACTCCCGGAGTGTGCCGCAGGCGCAACACCACTCCGGGAGTGTTCGTTTAAGTACTCGGTTAAGGCTTCGGCCATTTTTTTGGTGAGAGTGGTAACTAAGACTCTTTGGCCCAGTTTTTTTCTTTGGTTGACTCTTTGAGTCAAGTCTTTGACCTGGCCAGCGGTGGGAAGAATGGTAACTATCGGGTCGGTGAGTCCTGTAGGGCGGATTAACTGCTCAACGGTTTCCCCGCTAACCGAAATTTCCCAGTCTGAAGGAGTAGCCGAGGTATAGATGGTTTGCGGTACTCGGTTTAAAAACTCGGGGAAGCGTAAGGGGCGGTTGTCCAGAGCCGAAGGGAGCCTGAAGCCGTAGTCGATGAGAGTCTTTTTCCGGGCTTGGTCGCCTCGGAACATGCCGCGGATTTGGGGAATGGTCATGTGGGACTCGTCGATGACGGTCAAAAACCGGCGGCCGAATTTTTGGGAGTTTAAGTGAAAGTAGTCGATCAGGGTATAGGGAGGTTGGCCGGGGTCGCGGCCGTCGAAGTATCTGGAGTAGTTCTCGATGCCGTTGACGTAGCCGACCTCGTTAATCATCTCCAAGTCGTGTTCGACTTTTTGTTTTAGGCGGTAGGCTTCGACGATTTTACCGGCGACTTTAAATTGTTCCAGGCGGGTTTTCAGATCCAATTTAATTAATTGAATCGCTGCTTTTTGGGTGATTGGATTGGTAAGGTAGTGTTTAGCCGGATAAATGACGTCGCGGGGAGCACCCTGGTTGGGCCGGGGCAAGGGCGCGGCGGTAACCGGATTAATCCGGGCAAGGGTTTCTATCTGGTTATCAAGCATGACCAGGCGCACCAAGTAGTCGGCGTAGCTAGGCCAGATGGTGATTTGCTCCCCCCTAACTTGGAAGTTGCCTCGTGAAGGCGCCAGGTCATTTCTTTGGTATTGCAGGTCGGTGAGTCTGTCAATGATGGTGTCGCGGTCGACCAGCTGCCCTTGGATTAGCTCCAGGGTGTAGCGGCCGTATTCTACGGGCGAGCCCAGGTTGTAGATGGCCGAGACAGAGGCGACGACGATGACGTCGGGGCGGGTGAGTAAATTGGTGGTGGCCGACAGCCGGAGTTTGTCGATCTCCTCGTTGATGTCGGTTTCTTTTTCGATGTAGGTGTCGGTGGCGGGTAAGTACGCTTCGGGCTGGTAGTAGTCGTAGTAGGAGACAAAGTAAGACACTGCCGCATCGGGGAAAAAATCTCTAAACTCCTGATAGAGTTGGGCGGCGAGAGTCTTGTTGTGGGAAATGACCAGCGTGGGCGCTTGGGTTTTGGCAACAACGTTGGCGATGGTGAAGGTTTTGCCGCTGCCGGTGACCCCGAGCAAAGTTTGCTGGGGTTGGCCTTTTTTGAGACCGGCCACCAGCTTGTCTATTGCCTGGGGCTGGTCGCCGGTCGGTTTAAAGTCGGCTTTGAGTCTAAATGGCATAAACCTTTAATTATACCCCACTCCCCCTTCGTGTTGGTAGTCTATAATGAAGGGACGATGAAGCAGGCGATAATATTTTTAAACGGCGATTTGGCTGATGCATCTGGAGTGAAGCAGGAGATAAAAAAAACTGATTTGGTGATTGCGGCCGACGGCGGCAGCAAGCTGGCCCAAAAGCTTGGCATCACGCCCGACCTTGTTGTCGGCGACTTGGATTCTTATACAGGCAGCAAAAAAATTAAAACGATCCCCTACCCTAAAGACAAGGATTTTACCGACTCGGAGTTGGCCATAGACTATGCTTTAAAACAAAAAGTCAAAAGGTTGGTAATCGTCGGCCTTTTGGGCCGCAGATTCGATCATCTGGCATCAAACTTGATGTTGGCCGCGACCTTGGCCGCCAAAGGTATAAAGGTCGAGGCGGTCGAAGGCAAGCAAAGG
CP011210.1_gap11	443346	447036	3690	TTCCAGGTTTGTTTTTGAATCAGGTAGTGGTCGGGGGTATAGGCGCCCTGGACGATTTTTTCTCCCAAGCCCCAAATGGCTTCGATGACTACTTGGTTTTTGTCGTTGGTCACCGGATTGACGGTAAACATGATGCCGGAAACTTGTGCTTGAATCATGGTTTGCACCGGGACGGCGATGCCGACGCTAAAGTGGTCAAAGCCCTTTTGTTCGCGATAGAAGATGGCCCGGGGCTCAAAGAGTGAAGCCCAGCAAGCTCTGACCTTTTGCACCACGTTGGCTTCTCCGGAAACGTTTAAGAAGGTTTCCTGTTGGCCGGCAAAAGAGGCGTCGGGCAGGTCTTCGGCCGTGGCCGAGGAACGCACCGCCACCAGGGTGTGTTTGATTCCCCGACCCAGCTTCAAGTAGGCCTTGATGATGGTTAAGGCCAGGTCGTCGGGGATTTTGGCGGTGAGGATTAGCTGTTTGACTCTGACGGAAGCTGAATTGAGGCTTTTTGGGTTATCGACGTCGACGTCACTTAGAATCGCCTTGATTTTGTCTTTGAGGTTGTTTTGGTCGATGACCTCAAAGTAAGCCGGAGCGGTGACGATAAAGCCGGGAGGGACGGGCAGGCCGGCTTTGGCCATTTCACCCAAATTGGCGCCCTTGCCGCCGACTAAGGCGACGGATTCCTTGTCAACGTTTTTAAAGTCAATGACGAATTTTTCTGGCATAGGCAGGTTAAGTTAAGGATAACAAATTAAGCCTAGTTTCGCCACACCTACAAGGTTTATCCTTGAAGGTTCTTAAAGGTTGGTATAATTGAGATAATGCCCGGGAAGAATGTTATTAAGGAATATAAAGAGAAAGCTTACTACCACATTTATAATCGCGGAGTAGCCAAACAAGAAATTTTTTTAGACGATCAGGACTACAGGGTATTCTTGTCTTATCTTAAAAGTTATCTTTCTCCAGTTGAAGCTTTAGATGAGAAGAAAATCGTGATATCCCCTTCAAGGCGCTTGAAAAATTATTCAGATAGTGTTGATCTTCTTTGTTATTGTCTAATGCCAAATCATTTTCATCTAGTGATTTACCAAAAAGACGCCTCGTCAATAAACTTTTTTATGAGATCGTTGGCGACGAGATATTCGATGTTTTTTAACAGGAAATATAAAAGGGTGGGGCCGTTGTTTCAAGGAACTTATAAGGCGGTAGAAGTAGTTTCGGAAGACCAGTTTATATATCTAACGAAGTATGTTCATCGAAATCCCCTGAAAATTTTACCTTCAGGGATAAACCTTGAAGGTTATAAGTACTCTAGTTATCCGAACTATTTGAGAATTTACAATCAGATATGGGTTCAGCCAGGGGTAATTTTGGATTACTTTTCTAAATCTAACCCTGAAAAGTCGTATTCGGAGTTTGTCGAAGAAATAGAAAGTCAAGGTGAAAGATTTATTAAAAGTCTAGTTCTTGAAGAAACGTAACCTTCAAGGATAAACCCTGAAGGTTCGGGATCAGATCCTGTAGGTTAGCCGAGGTTTTTTTTGAAGTAGTCGACCCAAGGGATGGGGGCGGGGTCGAGGCCGTTTAAAACGGTCAAGTAGTAGTTGACCAAGGCGCCAAACTGGATGACTTCAAAGACTTGGGCCAGACGGGTTGGGGCGGTGGCGAGATACTCGAAGGCGTTGAGGCCGTTGCGGTTAACCACGTCTAAGGTCAAGACCGCTCTGGTTTGGATTCTGGTAAGATAAAGACCGGAATTGATTAACCAGAAAACGACGTCTTTTTTGTTGGTGGCGGGAAACTTTAAGCCTTCCATTAAATGGTGGTTTAACTCGGGAAGGTCGTGGCGGTGGGATAGCTGTTTGGCGTTTTCGTTCATCTGATTTTTGACGACGTGGAGAGCGCCGGTCAAGTGGTCGGCGGCGACCATAATTACTTGCTTGTCGTGGAGAGAAAGGGCCAGTTTCTTGGCAGGGTTTTTTACTTGGGGGATTTGGCGGCCGTTTGCTGCCAGGACTTGGGCCATGGTTTTTGTGGCGTCAGAGAATTCTTCGGAGGTAAAATTAAGCAGGCCGGCTTTTTTAACTAAAACTAATTGGCCGACCAGAGAGTAGCCGATGGCCATTCGGGGTTCGCCTGAAGGGTTTTGGACCGGGTCGATAAGGTAGAGGGGCAGCCGGTGTTTTAAGGCGAGTTTTTTCAGCTCGCCCCCAGTGGTTATGACCAGCGTGGGGCATTTTTTGGCGATGGCTTGTTTTAGAGTGGAGACGGTTTCTTCGGTGGTGCCGGAGTAGGATGAACAAATGACTAGAGTTTGTTTGCCGGCCCAGGAGGGCAAGTGATAGTGGTGAATCCGGGTTAAGGGGACGGATAGGTTTTCGAAAAATGCCGATTCGATCACCCGGGCGGCCAGTCCCGAGCCGCCCATACCGGACAGAATTAAGTTTTTGACCGGATTTTTTGGCAGCTTGACCCGACCGGCTTGGTCAAGAGCGTCTTTTGTTTGTTTAGCCAGGCTTTCGATCGAGCCGTAGACGTTTGAGCGGTCGAGCGTTTTTTGTTTGGCGATGTCGTCAAGTCGGGTCATTTTTTGATGTCGGCGATAAAAAGCGCCGTTTTTTCCTCGAGTATTTTTTGGTCGTCGGCTTCGAGGTTTAGCCGCAGCAAACTTTCGGTGTTTGAAGGCCTGATGTTTGCCCACCAATCAGGATACCAGATCGATACCCCGTCAAGCCAGTCGATTTTTTGGGCGCTGTCTTGGTGTTTTTTTGCCAGGGCTTTTAAAACTCTGTCTTTGTCGGGGACGGTGAAGTTTATTTCTCCCGACGAGGGGTAACGGTCGTAAGCCTTGACTAATTGGGAGAGCTTGAGGTTTTTTTGGGACATTAATTCCAAAACCAGTAAGGCGGCGATGATGGCCGAATCGGCGTAAAAGTTGTCGCGAAAATAGTAGTGGCCGGAGTGCTCGCCGCAGAAAAGGCCGTTTTCCCGCCTCATGGCTTCTTTGATTAAGGTGTGGCCGACTCTTACCCTGACGGCTTTGCCGCCCAGTTTTTTGACCACTTGAGGGACGACGCGGCCGACGACGGCGTTGTAAAGAATCTTGTCGTTGGGGTGACTTGTAAGCAGGTTTTCGGCGATGATGGCGGTCATGATGGTGCCGGAAACAATCCGGCCGGTTTCGTCGATCAAAAAGACCCGGTCGCCGTCGCCGTCAAAAGCCAGGCCGGCGGCGAATTTGCCTGTCTTAACCTTATCGATAATCACCTTGAGGTTTTCCGGTTTGATCGGGTTGGGGGTATGGTTGGGGAAGCGGCCGTCGAGTTTATAATAGAGCCTGTCGACCTTAAAGGGGAGAATTTTCTCGAAGGCGGGCATAAAGTAACCGGCCATGCCGTTGCCGGCGTCGACCACCAGCTTAAACGGCTTTAAGTTTTTGAGTTTGATAAAGCCCAGGACGTGGTTGACCCAGGCGGCAACGAGGTTTCTTTTTGTCAATTTACCCTTCCGGCCGGGCGCGGGGCGAAGATCCTTTTTAGAAACGGCCAGGTCGCGTAAATCATAGATGCCGGAGTCGCCGCTGACGGCGACGGCTCCCCTTTTGACGATTTTGGCGCCATTGTATTCCGGCGGGTTGTGGGAAGCGCTGATGGTGACGCATAAATCTTCCCGGTAGGCTCCGGCCGAGTAGTAGAGCAT
CP011210.1_gap12	448303	449559	1256	CAAATCCATAAGTTAAACTTTCCGCACCTACGGCGGATAACTTGATATACTTTCGGCGTCTTAGGTCGTGAGGAAAACTTTGGCTCCCGGTTTGACTTTTTGATCGACCTTGAGTCCGATAGAGTCGCCTTTTTTAGCCTGTTCGACCGGTTGGTGTTCGACCTGGATGGAATCAACCTCTTGGTTAAATTCCTCTTCGTCGCCCCGGACGAACTTCAACTTATCGCCGACCGATAAGGGAGCGGTCAAATCGACCACGGCGACGCCAATTTTGTCGTAGTAATGGGTCACTTGACCCACTGGCTTGTCCGTCAAGATCCACTCACCGCCTTTCTTTAACCAGTATATACTTTGCGGCGTTTCTTGGCCACTTTAAGCTCTAAAACGGCTTTTCTCAAATCGGCTTCGGCTAAGGAAAATTCGCGGTCGGAGAGGTTTTGCTTTAAAGTTTCTTCGGCTCTTTTTTTAGCCGCTTCGGCGGCAGCGAGGCTTAAGTCGTCGGCGCGGGTGGCGGAGTCGGCCATGACGGTTAATTGGTCCCGGTGGATGTCAAGGAAGCCTCCGGAGACGGCAAAGACTTCCATTTTGGGGCCTTTTAAAATAAACAGCTCCCCTGCCGACAGCTGGGTCAATAAGCTGGCATGGCCGGGTAAAATGCCGATTTGACCCTGGCTGGCAGGGGCCAAAACCAGATCGACTTCGTCTGACAAAACGTGTTCTTCTTGAGTAAGAATGTTTAAGTTTAACCTTTTGGCGGCCATAAACCTACTTAATTTCTTTGGCGCGCTTGACCGCTTGGTCGATGGCGCCGACCATGTAAAAGGCTTGTTCGGGGAGAGAGTCGTGCCTGCCGTCAAGGATTTGTTTGAAGCCGGAGATGGTGTCTTCGATTTTGACGTACTGCCCTTGATAAGAAGTGAACTGCTCGGCCACAAAGAAGGGTTGGGTTAAGAAGCGTTGGATCTTTCTGGCGCGGGAAACGGTCAGTTTGTCTTCGTCGGAAAGCTCATCAATGCCCAAGATGGCGATAATGTCTTGGAGGTCTTTGTAGCGCTGGAGAACCTTTTGGACTCCGCGGGCGACAGCATAGTGCTCTTCCCCGACAATTTCGGGGGCTAAAATTTTGGAAGACGAACTTAAAGGGTCGACGGCCGGGTAGAGGGCTTGCTCGGACAAGGACCGCTCGAGCGATATGGTCGAGTCCAGGTGGGCAAAGGTGGTCACCGGGGCCGGGTCGGTATAGTCGTCGGCCGGAA
CP011210.1_gap13	466700	467916	1216	ATTTGGACACAGAATTCAAAAGAGACGTCAGGGGCTTGGTATAACCCAGGAAGAACTCGCAGACAGAGTAAGTCTAAGCAGAACACACATGGGACATATCGAACAAGGTAGGAGATCCCCTTCGCTTGAAGTCTTAAACAAGATTGCAAAAGCACTCAAAACTTCCCCAAAAGATTTCTTTTAATCCCGATTCATCTTCACTTTTTCAGGAAAAGCAATAATTATTTGGCGTCTCAAACTATTGAAAAATGGCAAAGATTTTTGTATGATATTGATATCAATTGGTAGGTAAATCTATATGGAAGAACTATTAACTCTCAAAGAAGCGGCACAAGTCTTAAAGGTTCATGCGAATACATTGCGTTTATGGGACAAAAAGGGTGTTCTGAAAGCTATACGTATTGGGGTAAAAAGGGTGAGAAGATATAAAAAGGAAGATATTGAAAAGTTTATACACAAGAAATAATTATGCAAAAAGAAGCAAAAGCACGGATCAAAATTAACAATCTTCTTCAGGAGTCCGGCTGGAGATTTTTTGATGATGAGCATGGAACGGCGAATATAGTTCTAGAAAACAATGTCAAATTGACAAAGCAGGTAGTTGACGAATTAGGCAATGATTTTGATAAAACCAAGAACGGTTTCATAGATTTTCTTCTACTTGATGAAAAGTGTTTCCCTTATGCAGTGCTGGAAGCTAAATCTGAGGACAAAGATCCTCTAGATGGGAAAGAGCAGGCTAGAAGATACGCCCAGTCACAAAACGTTCGTTTTATTGTTCTTTCCAATGGTAATGTTCATTACTTCTGGGATTTAGAGCGAGGCAATCCATCTTTTATTTCCTCGTTTCCCACACAAGAATCTCTCAAACATTTTGTTTCGTACAAGCCAGACTCTAAGAAATTGACAGAAGAAAAAGTTTCAGAAGATTACATAGCTTTAACTCAAAATCCTACATACCAAAAAGATCCTCGCTGGCAAGATGAGGTACTTAAACACGATCAAATTCAAGAACAGGATTTGAAGTTTCTACGCCCATATCAACTTAGGGCCATAACTGCTTTGCAAGAATCTGCCCAAAATGGCAATGACCGTTATCTTTTTGAAATGGCAACTGGTACCGGTAAGACTCTAACCTGTGCCGCCGTTATCAAGCTTTTCCTGAAAACTGGCAATGCCAAACGAATTCTCTTTTTAGTTGACCGTATTGAGTTGG
CP011210.1_gap14	471195	474489	3294	TGAAGGAAATTGTGATGATAAAATTATTGTCAAAAATGGCGACCTACTTTTTTCCTGGTCAGGAACTCGTGGCACTTCATTCGGCCCACATATATGGAATAGAGGCAAGGGTGTTCTTAATCAACACATATATAAATTTCAACCCTTACAAGGAGATATAGATATTGCTTTTGCTTATCTTGTTATAAAAATAATTGTTCCCGAGATCGAAGCCCAAGCTCATGGTGCTGGGGGTCTGGTACATATTACGAAAGAAAAACTTAAACATTTTAGAATTCCTGTTCCACCACTTCCTGTTCAAAAGCAAATAGTTGAACAAATTGAAGGTTATCAAAAGATCATTGAGGGAGCAAAACAAGTTGTAAAAAATTGGAAACCAATAACTGATATCAATCCTGATTGGGAAACAGCACTGATCCAGGATCTTTGTACTTTGGTGCGTGGTAGTTCACCTAGGCCTAAAGGAGATAAACGGTATTACGATGGAAAAATCCCCAGACTGATGGTCTCAGACGTAACTAGAGATGGCATGTATACAACTCCCCAAACTGATTCGCTTACAGAAGAAGGATCTAAGCTTAGTCGTCCAATGAAAAAGGGTGAAGTTGTAATGGCTGTAAGCGGTAATCCAGGGTTGCCAACAATTCTTACAGTTGACGCATGTATCCATGACGGTTTTGTCGGATTTAGAAAGCTGTCCAGTAAAATAATTCCAGAATTTCTATATTTTATACTTTTGCGCCAAAAGGATGAAAATAACTCTCGATCAGTTGGTGCAGTATTTAAAAATCTAACTACAGACCAAATAAAGAAGTTTAAGATTCCTGTCCCCCCTATCAATATCCAACTTGAATTAGTTGAACAAATAACCCAAGAGCGTCAGGTTGTTGGTGCCAATGAAGAAATCATCAGAGAGTATGAGGCTAAAATTCAGAACGAGATAAAGGATGTTAATGATGGAAAAGCACACTCTCCCCTAAGTAAGAATCAAAATGAACTAATTAAACAGCTTAAGGACGACTTTGAGTCAATTGAGTCAGAAGTTATTAGGATGATGGGCAACAAGGAGATATTCAAAGAGATTATTGAGATCTCTAAAAGAAATAGCCAGATAAATAAGGGTAACTCCCTGTGGGACTTTCTAAAAGAAAGTTATGTTGCACTAATGGTGTCTGCGGTTTGTAGGCAAATTGATACAGACGAACGTTCGTCTAGCTTGGTAAATCTTTTAAGAACAATTCTTTTTAACCCGACAGTTATCCAGAGCTTAAACAAGGACTGGTATAGCGAACAATATCATCGCGATAACGACATCTTTCCAGGTTTCATGGAAGGAATCGGGAAGGGTGATTTTGAGGAACACTTTGGTTCAAAAGAATATGTAGATCCAGCTATCGTTTACATGGATCTAAAGAAGCTAGAGGAAGATACAAAAGAAATAAAGAAATACCGCAATAAAAGAATTGCCCATTTTGATAAAAAGGAATCACTTTTCAAAGCAAATTATGATGATTTGCATAAAGCAGTAGAAACTGTACGATCAATCGCAAGTAAATATTACTTACTGCTTAAACAGGGTGGCAATGATCTTATTCCGTCTGATCAAACCGATTGGCAGGAGATACTAACAATTCCCTGGATCAAAAAATAATATGTTGGGTCAAGATGTGACTAATAATAACCAGATACAAACATTTATAAGTTCAAATCAATTATGGATTGGTATCGTTTTGGGTTGGCTGCTCACAAGAGTCATGGAGATGTTACGTAAACCCTCTATAAGTTTTGGACCTGCTAACGATTCTGAATTCGTTAGAGGGAATAAAAAATTTAAGTTTATAAATGTCACAGTTAAAAACGCTAAGCAAAATTTTCTGAAGAAATTTTTCTTCGGTAATCCAAGCTTAAATAATGCAAGAGTTTGGGTATCTTTTAAAGACTTTACATCTAACATTGAAATATTAAAAATAAATGGTAGATGGGCTTCGACTAAGGAACCTGTAGATTACAGCTCAGGACAACCATTAATTGCAGAGATTCTTCTTCCTTCCCGAGATACGATTCCACAAGGAGAAGAAGCCAATATATCAATAGCTATAAAGGAGTCTACAGAAGATTCTTTTTTTGCCTTCAACAATGATAGTTACTTGTACAACTGGAAAAATCCAGATTTTGAGCTTAAAGATAATAAATATTGGTTAGAAATACGTCTTCTGGCTGATGGAAATGAATATATTGGAAAATTTTTGTTTTCCAATCCATCAAAAAGTCTTAAAAACTTTAAGATTCACGAATCATAATAATTACGGCTTATACTCATCAACCACGCCGTAAAGCAATTTGAAGAGTAACCCCTTTTGAGCCTAGACTTCCACGACCCTTCCCGGTACCTTGTACCCTGAAATGAGTACAACATACAACCAAAATACGACGATAGAGCCACCAAAAATCGAATATTGCCTCTATGCACGAAAATCTTCGGAATCTGATGAACGTCAGGCAATGTCCATCGATTCTCAAATCGACGAAATGCTGACTCTGGCTAAGAGAGATAATCTCAAAATTAAGGAGGTTAAGAAAGAAAGTCATTCAGCCAAAATGTCTGGCTCCAGGCCAGTGTTTACTCAACTTCTTCAAGAACTACGCCAAAAGAAATTTAATGGGATTCTCACTTGGGCTCCTGACAGATTAAGTAGAAATGCTGGCGATTTGGGATCTGTAGTTGATCTTATGGATCAGGGAAAGCTAATAAAAATTCAAACCTACTCACAGAGCTTCTCGAATAGCCCAAACGAGAAATTCTTACTCATGATTCTCTGCTCTCAAGCAAAGCTTGAAAACGACAACAAAGGTCTAAATGTCCAACGAGGACTACGAACTAAGTGTGCGATGGGCTGGAGACCCAGCATAGCCCCCGCAGGATACCTTAATCAGGCTGGCGATGGTCATAAGGATGAACTCATCATTCTCGATCCCGAACGATCATCTTTCATTGCTCAAATGTTCGAAAGAGTTGGGCATCAAGGCCATAGTGGTCGAGCGATTAAGAATTGGCTTGATAGGATAGGATTCACAACCAGATTAGGAAACAAGATGCCACTAAGCAAAGTCTACTCAACACTTAATAACCCCTTTTACTATGGAGAATTTGAATTCCCAGTCGGCAGTGGAACTTGGTATCAAGGAAAACATAAACCCTTGGTTACAAAAGAATTATTCGACAAGGTTCAAGAAGTCCTCATGGTTCCACCCAAAAGTTATCACAACAAGATATTTCCATTTAAGAGTATCTTT
CP011210.1_gap15	634342	637441	3099	ATTAAATGTAACTACTACCGGATTGATAAAAACCTAAGCATAAGGCTAAAAGAGATCAAAAAACAGGTGAGTGATAAAACCCGTCTGGTGGTGGTGATTACTTTTATGGGTTTTCCCCAAGAAGAAAGGGAGGAAATTGTTAAGTGGTGTCAGAAAAATAAGCTGGCGCTTTTGGAGGATAACGTGCCTATCGCCCGGGATAAAATCTCGCCCCGCCCGGGGGCCTTCCAGATATACAGCTTCAGAAAACACACCGGAGTGGTCGGTGGAGCGGTCTTAGTTTTACCCCGCGGCAAAAAGAAAAGTGACTATCCAACCTTAGAATTTTTGCCGGCTAAAGCCACTGCGGAAATATTTCAGCTAGCGGCAGCGATGTCCAGGTTTTTATCGCAAGTGATACCAATAAAGATTTTGTGGCTTGTCACCTACAAGCTTCACCGGCTGGGTGAAGATTTGCTGGACGATGAGATCAGAGGCGCTTCGAAGTTGTCGAGGTTTTTAATCATAAGAGCTGGCTGGCAGAAAATAATACAGAAGAGACAGGCCAATAGCGGCTATTTAACCGAAAGGCTTATAAAAGCCGGGCTAAAGCCTTTGATTAAAAAAGTGCCCCCCAAGGCGACGCCTTTGATGTTGCCGGTGGTGATCGACAACCCGGAAAGAGTCAAACAAAAATTGAGAACTCGGGGTTTATTTGTAACTCAGTTCTGGCACCTACCTAAGTACTTGAATAAAAGGTTGGCGCCGACGGCAGACTGGATTACCAAGCATGTAATTTACTTAACCGTCGACCAAAGATACGGGGAAAAAGAGATGGAACTCCAGGCAGTAACCTTGGCTCGTGTTAAAATAAACCCATGAGGCTGGCTTATCTTAGCGGGACCAGGGCCGATTTTGGTTTGATGAGGACCCTTTTGAAAAAAATAGAAAAAGAGTCCAAATGGCAGCTTAAGCTGATGGTGACGGGGATGCATCTGATGGATGAGTTTGGCTATACCGTTTCTGAAGTGGATAAACAGTTTAAGGTAGCCCGGGTAATCGAGGCGGTTTTTACTAAAGACGATCGGGAGTCTATGGCCCGGTTTGTGGGCCGGTGTTTGACCGGAGTGACCGAGGCTTTGATTAAACACCAGGCTGACGTGGTGATAGTTTTGGGTGATCGGGGCGAACAACTGGCCATGGCGACAGCGGCGGCCTACCTTAATATACCCATCGTCCACCTTCATGGCGGGGAGGAAACGACGACGGTGGACAACAAAGCCAGAAAGACCATTAGCCAACTAACAGACTGGCACTTGCCGGCAAGCCAAGGGGCGGCCAAAAGGCTGACCGCCATGGGGGTAGATAAAAAGAAAATTACCGTGGTCGGGGCGCCGGGACTGGACGAAATCAGACACCTGCCTCAGGCGGGGAAAAAAGACCTGATCGTGGTGCTTGAGCATCCGGACGAAAACGAAGCCCAAGCCGGAGAACAGGTAGAAAAGACGCTCTCGGCGGCGGTAAGCTTTGGTTTACCGGTAAAAGTGATTTACCCTAACGCCGACGCCGGCGGCAGAAAAATGATTGTGGTAATAGAAAAATTTGTAGCCAAATACCCAAACTTGGTTAAAAGTTATAAAAGCATCACCAGGGAAGACTACCTTAAGCTTTTGGGGCAGGCGAAGGTCTTGGTGGGCAATAGTTCCAGCGGCTTGATCGAATCCCCGGCTTTTAGGCTGCCAGTGGTCAACGTCGGCCCGAGGCAAAAAGGCCGGGAGCGGGCCAAAAACGTCATCGACGCGGGGTATGACCAAAAGGAAATCAAGGCGGCGGTCAACAAAGCTTTGAAAATGAAGTTTAAACAGATTACCAACCCTTATGGCGACGGTAAAACTGCCCAAAGGGTGGTAAAATTTCTTAATCAGACCTTTTTATGAGTCGATTTAATAATTGGCAAGAACCAGAGTTTGACGCTCGCGGCATGACCCGCTGGCAATGGATTTGCCAGCATCACCAGAATTTAAAGCTGGGGGAAGGTAGCGACATTGGCGCTTTTAGCTACTTAAACGCCAAGCACGGGGTGGAGATTGGCGAAGAGGTGCAGATCGGCAGCCACGTCAGCATTTATTCGGAAAATACCATCGATAATACCCATGGTAGAGTGGTGATTAAAAAGGGTGCCAAGATCGGCAGCCACTCGGTGATTTTCCCCGGAGTGACCATCGGCGAGAAAGCGGTGGTGGGGGCATTTAGTTTGGTCAAAAAAGACGTGCCCGCCGGGGCGGTAGTGGCCGGAGTGACGGCTAAGCCGCTTGAGCGGCGTAACCGGTAAACAGTAATCGGTAATCAGTAATGAAACAACGAATCAATCAAATACCCAAAAAGCAGATTTTACTCGGGCCGCCGTATTTGACCGGCGACGAAGTTAAGGCGGTGGTAGGAGTAATTAAAAGCGGCCAATTGAGCTTGGGCGAACAAGTAGAAAAGTTTGAGAAAGAAGTGGCTCGATTCGTCGGTGCCCGCTACGGGGTGGCTACTTCCAGCGGCACCACCGCCTTGCATTTGGCGGTCAAGGTGGCCGGCATAGGTTACGGCGACGAAGTGATTACCACGCCGTTTTCTTTTGTGGCCTCGACTAACTGCTTTTTGTATGAAGGGGCTACCCCAAAGTTTGTCGATATCGATCCGGACAGCTTTAACCTTGACCCAAAAAAAATTGAGGCGGCGGTAACCCGCAAAACCCGCGCCATTTTAGGGGTGGATATTTTCGGCTATCCGGCAGAATGGAAGAAAATAGCCCAAATCGCCAAGAAACACCGGCTTAAAATAATTGACGACGCGGCCGAGGCTTTGGGGGCGGTCTACCGCGGCAAAAGCTTAGGCAGTTTGGGCTGGCCGACGGTGTTTGCCTTTTATCCTAATAAGCAGATGACTACCGGCGAAGGGGGCATGGTGGTGACCAACTCCAAAGCAGAGTTTATTAAGTTTAAAAGCTTGGTCAACCAAGGCAGAGCGGGTGATATGCAGTGGCTAAAGCATCCCAGCCTGGGATATAACTACCGCATGACCGAGGTGGCGGCGGCCATGGGCAGAGCCCAGCTTAAAAAACTTAAACAATTT
CP011210.1_gap16	655507	656272	765	GCAGCTTCGGTGAGCATTTTTTGGGGAGACCTTAAATGCTCGATGACTTCGGCGGCGATGACCACATCGAAAGAGTTTTCGGGAAAAGGCAGGTGGTAAGCGCTGGCTTTGATGAGCTTGGCGGCAACCCCCCTGTTTTGTAGCTGACGGCGGGCGGCTTTGAGGCTTAAAGCGTCGGTGTCTACACCGGTGAATTCTCCCGGGTGTTTTTGGGAAGCAAGATAAATCAAAACGCCGTCGCCGCAGCCTAAGTCGAGGACTTTAAGGCTTTTATCTCTCGGCAGCTGACTGATGACCTGATGGTAGCGGGCGGCGACAAAGGAGCTATAGGTAAAAATATTTTTTTCAACCTGACGCCAATGGTAGGCGCCGCGGGATTGATACTTGGTAAAAGTTTTTTCGTTCATAGTTGGCGATAGAGGCCGTAGCCTTCTTTGGGGCTTTTAGGATTAATGGTAAATACAGGCTCTAGATGAGTTTCAAGGTACTTTAAGACTTGTCCTCTTTGGCGGGAGCTGGCGCTTAGGTTTTCTTCGCCGGGGTGGTTAATATAGTCAAGAAAAATTAATCCACCGCTTTCCAAGTGATCGGCTAGGTGTTTGATGACTGCCAGTGGGTTGGGGACGTGCTCTAAAACCTGTTTAATGGTAATGATGTCGAATTTCTCTTTGAGGGGTAGATGGCCTGGGCCGACGGTGCGAAACTTGACCTTGGAGTTGTTTTTAAAGCGCCACTTTGAAAACTTAAAAGCCGGGCAGTCAAGGT
CP011210.1_gap17	694341	699260	4919	GCTGGCGCGCGCGCCAAGAAAGGTCGATATCTTCCCAGTAGGCCGGGGCGTAGATGGTATCAAAGCCGGAAAGATCCATAAACTTTTTTCTGTCTAAGGCCATGGAGCCGCCGGTGCCCCAGCAGTTTAATGCCGGTTTTTTGAAGTTTACAATCGGGGCGGCGGCGTGGTTTAAAAAACCGCGCTCAAACCAACAGCGGTTTTTGCCGGAAAAACTTTTTTTGCCCAAGGCGAACTGAATTTCAAGACACGAAACGGCAAAAACTTTTTTATCTTTGTTAAAGTGGGTCAAAAGCGGCTTTAAAAAACCCTTTTTGGGAGCGACGTCGGAATTAAGCAAGACGACGACGTCACCGGAGGCGGCGGCGGCGCCGGCATTACAAGTGGCGGCAAAGCGCAGGTTTTTCTGGTTGACCACCACTTTGACGCGGGGGAAATTTTTTTTAAGAAACTTGACCGTGTCGTCGGGTGAGGCGTCGTCGGCGACGATAATTTCGCAGCCGGGACAGGCCTTCAAAACCTGGGACAAATTATCTACTAAGGGGTGTTTTTTGTAGTTAGGGATGACGACGGAGACTTTCATAGTTGGAAGATCTTTCTGGTCTCCCGACAGAACTTGGCTTTAGAAAAATCCCGAGATCGCTTTTGGGCCTGGCGGGAAAGCTTGGTCCATAAACGGTGGTTATCGATCAACGCTAAAGTTTTTCTGATTAATTCCGATTGGGAATCCCAAAGCAGGCCGTTGACGGTGTGGCTGACGATTTCCGGCTGGCCGCCTTTGGCAATCACCACCGGAACACAACCGGCTGCCATTGCCTCGACGGTAGAGAGCCCTAAGTGCTCTACGGCTTGGGGGTTTTTAGTTTGGTCTAAACCGAACCCGGTGGCGTGCCAATATATTGAAGCTTGACCGTAGTTTTTTTGTAGAGTTTTAAAACTGCCTTGGGTGTGGAAAGTTACCGGCAACCCTAAAGCCAACCGTTTGACTTTTTTTAAGTAGTTTAAATTGTCCCGACCCGGGTCGACTGGCCCGTTGAAAACCAGGCGCCAGCCGGTTAAACCAGCAGCAGACATTTTTTTAAAAGTTTTAACCATAAAGTCCTGGCGCTTGCAGTGTTTGTTGCCCCGGGGCGAAAAAAAGCGGCCGACGTTTAAGATAATTTTCTTTTTGGGCAAGGGCTTGAAGTCTTTAGGGTCGACTGCACCCAAGTGGACGTGGTCGATTTTGATCTTCCAAATTCTTTCCAGGGCCTTTTGGGTAAATCGGGAGTTGGCTACCTTGACCTGCCAGCTGGCTAGTTTCAAGCGCTGAAAAAACCGAGGCGGCTTTCTAAAAGGAATCATAAAGTGGACCACATTTAGCTTGGCTCGCGAAACAAAAAAGCTGCCGTCGGTCATGTAATAGAAAACGTCGTAGGCTTTGGTGAAGGCGGCCCGCTGGCGGGCCGAGGCCTGAGGAGAAAATGGCCCCAAGACCAGGTGTAAATTTTTTAAATTAAGGTTAAAACCTTTGACAAAGTGGTTTTTGAGTTTGTTGAGGTCGCCGGGGTTGACTTTATCCGGGGACAAAACCAGATCGACCTGGTGGCGGGCAAGCAAACACTCGGCCACGGTGAGAAGATATCTTTCTCCGCCGCCGATGTTGTCGGCCAAAAAAGGGCTATAAAGAGCGATCTTCATGCTGTAGTTCCCAAAGCTGTTGGTAGATAAAAAATTTATTTGTCGCTTGGGTGACGGCTTCGACCAGGCCGACGTAACCGTCGCGCCAGCCGGTTAGTTTTATATAGCGGTAGAAAAATTCCGCCACCATAACTTTAATCAATCTTAGTCCGGTCACCGGCGGGTGGCCGGAGGCAAAAAGTGCTTGGGCTTCCAAACCGGTCCAGAGGATTGATTTTCTGAGGCCAAAGCTGACGCGGCGGTTGGGACGATGAATCAAAGGATGGGTTAAAGAGCCTAAAGTCCCCTTAAAACGGTAGTCTTCGTGGGTAGCGCCAAAGACACCTTTAAAGTCGTGACTCAAAAACAACCTGGTCTGCCAGTCGGGCCAATAGCCGCTGTGTCGCATCAGCCGACCCAAAAAGTAGTTTTGCCTTCTAAGCCTAAAAGCGCTATGAGAAGTTAATTTTATAGTTTTTTTTATCTCGCGGGCAAGTTGAACAGAGATGGTTTCATCGGCGTCAAGAAACATGAGCCAAGCAGCCGAAGCTTTTTTAGCACCAAAATTTCTCTGGGCGGCAAAAGTGGTTAGTTTATGGGCGTAAATTTTGGCGCCTGACTTCCGGGCCAGGCTAGCGGTTTTGTCTGTCGAAAAGTCATCGATGACGATAATCTCGTCGGCTAGCAGGCGAGCCGACTTGAGGCAGGCCGGCAAAACATCTTGGTTGTTTTTGGTGATAACGATAAGACTAAGCTTCATTTTAAAAATGGCCTTTGCCCTTTCTACCTAAATAATAGTCGATGATCCCCCGTTTTTCACCCGGACGGGCGGTGAAGATTTTTTTAAGGCTTTCCTTTAAAAGGGCCAGTTTGGTTCGCAGCGATGCATACTGGTAGCCGAATTTTAAACGGTTGCGGCTTAAATAATAGTCGTGGAGCTTTGAGCCGGACCCGGAGCTGCCGGAACTCAAGTGCCAGATTTTGGCTTTAGGTTGGTAGATGAGTTTGAAGCCGGCGCGCTTGGCTCTTTGGGAAAAATCGCCGTCTTCCCAGTAGAGAAAATAGCTTTCATCAAGCAGGCCTATGGCTTGAAAGACTTTTCTTTTAATCAGCACGCAAGCAAAGTTAGCCAGTTCCACCTTTTTTGACTGGTCAAACTGGCCGGTGTCGACTTGGTCCATGCCGTAATGAACCCCGTAGACGTTGTCCCAATCGATATCGCCCCCGGCGTACCAAATGACTTTGCCGCGGTCTTGGGGCCGGTATCTGTCTTTATGGTACTCGTAACCCTTGGCAAAATAGATTTTAGGGACAACCAGGTCTGCCCCTTTTTGGGCGGCTTTGACTAAATGGAGTAAAAAATCCGGGTCGACGATGACGTCGTTGTTTAAAAGCAAAAAATAATCAAAGCCGTGGTTTAAACCGTATTTAATGCCTAAGTTGTTGCCGCCGGCAAAGCCGAGGTTTTTTAAAGTGTTGACCAGTTTGACGTTGTTGAAGCGCCTGAGGTTGCTTTTTAACCGATTGCTTTCTACCGGGCTGTTGTCGACGACGACGATTTGGTGAGAAAAACCCCGAGGCAGACTGGCCTCTTTTAAAGACCTGACTGTTTCTAACGTCATCTTGGGGTTTTGGTATTCCAAGATAACGGTGCAAAGCTTATGGCGTTTTTTAAACATGAGGCTTAATTATATGTCATTTTCTAATTTTGGTTAAAAACCAATGGTAATCGGCTGTCAGCTGGCGCCGGTCGAAAACCAAAAGCAAGCCCAAATAGACCAGGCCGCCGGCAAAAAGGACTAAGCTTAAGCTAAAGAGGCTTTGGGCCAAGGGGGCGAGCTTGGCGGTGACAAAACCGGCAATGGTGGCGGCGGCAAAGAAAGGGGCAATGTTGCGGGTGACGGTGACCGGGACAATGGTCTTGATATAGTACCAAGTCAAAGGCAACGAAACATAGAGGACGATGACCGAGCCGACCATGGCGCCGATAAAACCGTAGGCATAAACCAAAGGCACGCTGGTGCCCCAGTTTATTAGGGTGAAGATGATCAGCAGCTTGATGGCGATTTTGGTTTTACCCATCGCCCAGAAAGAGTCCATGAAGGTATTGGCGACACCGACGACCAGGATGCCGAAAAGATGAACGTAGAAAGCGGGCAGGGCGGGCAGCCATTTGTCGGTGAAAATCAGGCTGACGATGGGGCGGGCGGCGGCGGCCAGCAAAAATACGGCCGGAAACAAAAACAGGTTGGTAAAGCGGATAGTTTTTTCTATGGCTGAACCTAAAAGCTTTTTGTCGTGCTGGATCCTGGAATAGGTGGGGAAAGTGACCCGGAAGATATCGCTCATAAACAGAATCGGCAGTTTGGAAAAAGTTAAAGCCCAGTTTAAGTAGCCAACTGCCGTTGCGCCGGAAACGGCGCCGACAAAAATGGGCATGACGGCGTCTTTGATGGTGGCGATAAAGCCGTTTAGCTGGAAGGGAACGCCGAAGGAAATAAGCTTTCTGGCGCGAGTTCTATCCCAAGCGAAACTAATTTTCCAAGGAGAGATCAAGTACAAAGTGATGGTACCAAGCAGGCTTCTGATTAGTAACCCCACAATAAAGCTCCAGACGCCATAGCCCGCCCAGGCCATGCCGACGGCGATAAACTGAAAGGAAATGACTTCGATGACCTCGGGAATAACTAGCCGCCCAAACTGCAAACGCCGCTCTAAAAGAATCGAGGGAATGGTTTTTAAAGAAGTCAAAAAGAGCGACAAGGAAAATATTCTAATCAGCCAAGCACCATCGGATCCTAAGTTGTATTTGGCGGCAAAGAAAGGGGCAGACAAGAAGATGGCGACAACGGTTAAAACCACAAACAGCTGCTGGAGGGTAAAAGTGACGGCCAGGTCTTTTTGGTTAAGCTTATCTTTTTTCTGGATTAAAGCCGCACCCAGGCCGACGTCGGAGAAAAAAGCAAAAAAGGTGATGATAAAGTTGACGATGGCAAAAACGCCGAAGATTTCCGGGGTGAGTAACCGCGCTAAGAAAATGCTACCCAAATAGCTGACGGCCCGTAAGGCAAATTTTCTTAAAGTCAGAACCATGACGCCGGAGACGGCTCTATGGGCGATGACTTCAGGAGTTAATTCTGACTGGCTCTCAAAAATTTCTTGACTCATAGCGGGGATAAAAATAAATGACAGCCAAAGTTATCAGGCCGACGAGTGAAATTATATTGCTTGTCCGGTTAACGCCTGTCTCCTGCCAAAAA
CP011210.1_gap18	708657	712637	3980	TGGCGTAAGCAGCCCATTCGGTAACTAAAACCAGGCCGTCAGAGCCTGAAAGCGCCTGATACGAATCGGTAAAAAACTTGACCCGGGGCAAAAGCGGCCGGGCGTTTTTTATGGCTACCGGGTCGGTGGCGCGGACGCTGGCGCCTAAACTCAACAACTTCTTGATTAAGACTACGGAGCGGGCTTGGCGCATATCGTCAGTTTCCGGCTTGAAAGAAAGTCCCAGAACAGTCAGGATTTTACCTTTAAGTCCTCCGGGAAAGGCGGCTTTGATTTTGGTCAGAAAATAGTCAACTTGGTCGGCGTTGACCATGTCTACCTGGCGTAAAAACTTAAAGTCGTAGCCTAATTTTTTGGCAAAAGCGATCAGCGCCCAAGTGTCTTTGGGGAAACAACTGCCGCCGTAGCCGAGACCGGCGTTTAAAAAACTTCTGCCCACTCTGGGGTCCAGCCCCAATCCGGAGCTGACGTCTTTGATATCGGCGCCGACCTTGTCGCACAAAATGGCGATGGCGTTGATAAAGGAAATGCGGGTCGATAGCATAGCGTTTGAGGCATATTTGATCATTTGAGCCGATTGGGGTGAGGTGGCGACAACCGGGGCCTTAAGCTTCCGATGAAGGCGGATTAAGATGTCCCGGGCTTTTTTACTTTCGGCACCGATGACGATGCGGTCGGGCTTTAAAGCGTCGGCGACGGCAGAGCCTTCTTTTAAAAACTCGGGGTTGGCGGCAACGTCGAGCTTGACGCCGGCGTTGGCGTCCAGAATTTTGGCTACGGCTTGGGTGGTTGAGGGGGGGACGGTGCTTTTGATGACGATGACAGCGTAGTGGTCGAGGTTTTGGGCGATGGCTTTGGCGGCGGCGAAAACATACCTTGGGTCGTAGCTGCCGTCTTTCTGGGCGGGGGTGCCGACGCAGATAAAGACCACTTGAGCCTGTCTTAAAGCCTCATGGTAGCTGGTGGTAAAGCGGAGCCGAGCGCGATTTTTTTTGATTAGATCTTTCAAGCCGGGTTCGAAAATGGTGATCTTGCCCTTTTTTAGGGCGGCGATCTTTTTGGCGTCGATGTCCAGGCCGACGACCTGATGGCCTAAATGGGCCAAAACGGAGGCGGTGACTAAACCAACATAGCCAGTACCGATGACAGCAACCTTCATGGCATTACTATATCAGAAGGTTTGAGTTTTTTCAGGCTAAGTGACAGCCAAGGGGTGAAGCTGGCAGGGTCGGCTTTGATGGCTTGGTTTAGCCCGTCAAGACTCAAGTATTTGATCGCGGCTACTTCTTGACGGTTGATTTTCGGTTTTGAAGAAGAAAAGCCGATGAAAATGGTGTCGAGTTCGTGTTCGGAGCCAACCTTTAAGTACTTTGCCTGATAGGTAAATTTGGCGGCGGCGGCGAGTTTGGCAGAAAGACCCAACTCCTGTTTTAAGCACCGGGCGGCGGCCTCGGTAATGCTTTCTCCCGGTGAGGGGTGGGTACAGCTGGTATTTGACCAGGTCAGGGGCCAAAGGCGTTTGTGGCGACTTCTTTTTTGAAGCAGCAGCTCGCCTTTTTGATTAAAGACAAAGACCGACACAGCCCGATGGAGGCGGCCGCGGCCGTCGTGGGCCTTGACTTTTTTCATCATTCCCAAGGGGCGGTCCCGGCGGTTAACCAAAATCACCTGGTCGGAAAAAAGACTTAAAGTTTCTTTCTTGTCGGCGGCGATCTTTTTTTGCAAAGCTGAAAGCGACTTGGTGTAGGCCGGATCTCTAAGAAAATGGATCAGCTTAACGGAAAGGCGTTGGCCGTAGATATTGCGGTTAAGGTCGAAAAGATAGACTTCAAAGCTGTCGACGGATTCGCCCAGGACAAAGCGGGGGCCGTAGTAAGCCAAACCCAAGTGGTGGCTGCCGGCTAAAAGACAGCTGGCGGTGTAGATGCCGCGTTTTAGCTTTAAAGCCTTGCCTTTTAGGTCCAAGTTGGCGGTGGGAAAACCGATGGTGCGGCCGACTTTCCTGCCGGCGATCACCCTGCCGGAAACTGTCAGTGGGGCTTTAAGCTTTTTCATTGACGGCGGCTTTGGACAGGGACAAGGCTAAAATGTCGGCGAGTAAGACGATGGCGGCGACGATTTGGACCGGGGTTAAAACCTCTTTTAAAAAAACTAAGCCGATGAAGGCCGCCGACACCGGCCAGGTTAACTCGGCGAAAGTGGAGACTTTGGCTTGGGTGTTGGTCAAGCCCTTGTAGTAGATTAAGAAAGCCACCATGCCCGAGGAGAGGGCGATGCCGATCAAATAAAGCCACTGGGTGGAGGTGATGGCAGATAAAGGCAAGGTTTGGCCGGTGAGTCTGGCGACTAAGTAAGCCACGGGAATGGCCAAAGCAAAGCGCATAATGGCGGCGGCGATGTAGCTCAATCTTTTCAAAATCAACTTGCCCAAGACCGTCGCCGAGCCCCAAAAGAGGGCCGCGCCCATGGCCAGAAGAGCGGCCGATACTTCCCCGGTTTGACCGGCAAGCTGGGGGCGATAGCCGGGAAAAGCTAAAAAGTAGGCGGCGACCAAACCAACCAGCGCCATCAGGCTATAGCGGCGAGTCAATTTTTCTTTCAAAAGCAGGGCGGCCAGAGCGACGGCAAAGATGGGCTGGGTCTGCTGTAAAAGCACCACGACCGAGTACTGGATGTAGTTGACCTTGCCTAAAGCGGCGGTGTAAAAAATGGTGCCCAAGACAGAGGCGAAGACGACTATAGCCAGCATCACCAGCCAATCGCGTTTGGTCATTTTCCGGTACTCGTGCCAGACTCGGGGCAGAAAGGGTAGGGCGATTAAAACTCCGACCATGTGTTCGACCATGACCAGGGTGGCCGGCGGCAGCGAGTAAAGCTGGCGGCGCAGGAGGCCATCAAGGCTCCATAAAGTGGCAGCCAGCATGATCAGTAATGCCGAAAATCTTTTCATAGCGGCTTAGTTTATTCCTGTCTACCCAAGGATATTACCAGAATATCTACTAATAAAATAGCTCCGGCTAAGATTTGAACAAAGGTCAATCTTTCGCCCAAGAAAGAAAAGCCGATGATGGCGGCGGTAAGCGGATAAGTCAGTTCGGCAAAAGTGGATACTTTGGCTTCGGTCTTTTGTAAGCCTTTGTAGTAGAGCATGAAGGAGGCAATGCCGCCAAAAACGGCGATAAACAAAATCAGCCAAAACTGATTAGAGGTGATGGCGGCAAGAGAATAGGTTTGACCGGTAACTAGGCTGATCAGTAAGGCGGTGGGAGCGGTGATGGCAAAACGTAAAATGGCGGTGGCCATGTAGCTTAAGCGCGACAACATTAACTTAGATAAAACCGTGCCCGAGCCCCAGGCGGCCGCTGCCCCAAGAGCTAAAGCGGCGGCTGTTAACTCGCCGCCGTTACCTAAGAAAGTAGGTTTAAATTCGGGAAATGCCAGAAAATATGAAGCGGTTAAGGCGAGTATCCCAAAGACAGCGAAACGTTTGGTGATTCTTTCTTTAAGAATTAAAACGGCCAGTAAAACGGCAAAAATGGGCTGGGTTTGCTGGAGTAAAGCTACCACCGAGTAACTGATGTAGTCGACTCTTCCCAAGGCGGCGGTAAAAAGAGTGACGCCGATGGTGCCGGAGATTACCCCCACCCCCAGCATTACCCACCAATCTTTGGCTTTCATTTTTTTGTACTCGGGGAGAAAACGCGGTACCCAAGGCAGAAGAATTAACAACCTGACACAATACTCGATAGTCACCAGGGCGGGGGCAGGAATGGCTCTTAACTCGCGGCGGACAAAGGCGTCGATGCTCCAGATGAGGGCGGCAATAATAATCAACAGCGAATAACGCTTTTTCATAAACTCCAGCAGGCTGTTATATCAAAGTACACTAAATTGAAGGCCAGCTCAAGTTTTGGGTTTATTTGTCAAAAAAATCCTTCACTTCTCCTGTTTCTAAATCCACATAATACCAATTAAAAGTA
CP011210.1_gap19	852542	856031	3489	TTAAAAGGGCCCAAACGGCACTGCCAACTTCGTAAAAATCATCTTCTATCATCGTTTTGGCTCGCGGGCTTAAATTGCCTTCATTTTTAAGATCGAGATAAACCTGCTTCAGCCTTTTTAACTGGGACATTGATTTTTCCGTATTGCTTTGCCATTTTTCCTCGTCAAAGGAAATTAGTGCCAGCTGATCTTTAAATTGATAAGGGATGAGACCAAGCTCTCTTTCAATCTGGGGCATAAATTTTTCCGGCTCAAAATCTTCTACGTTTTCAAAAAATCTTGTTTCAGACCAGTTGATTCTTTCTCTGGGGGCTTCGTGAGGAAGAAATTTTTCTAACTTAAGTAACCAGGGTATCGCGGCCAACTTCAGAACCTCTCTTCTTTTAAGATCAACTTGTGGCCTAGGCAGGTTACCTGTTTCTAATCCGCCTGAATCTTTCATGTAGCCAATTATATCGAGATAGGCCTGTGGTTGTCGACCTAGGAGGAAAGTTTATTCGGTGGTTTTTTCCGGGCCGGCGTTGTGGAAGGATGAGGCAAAGGCTTTGATGCGAGCTTCATCGAAGCTGTCCATTTTGTCGATCTTGCCCCAGGCGGTTAAGGCGATGGCGACGTCGAGCTCCGGGCGAGGGACGATGATCAGGCGTTGATAAGAATTTAAAAGTGGGGTTAATTGATCAACTAAAGCCTGGCAAGGCGCGGAAGCAAACCTTTCCGGCAAATCGACGACTTTGTCCGGCGGGTTTTCAGGCGTAAGCCAGCTCATGCCGGCCGGCGGGGTGAAGGTTAAATGATACAGGTCGGGGCTGGCCGAACTGGTAGCAATGTCTTCTCCCTCGTGGGCAAAGACGGCAGGAATAAAACGGCCGGCGGACAACCGGTCGCAGTTGTAGGAGATGACCACGTACCCATGCTCTAAGGAATGAATTAAGTAACCGTCTGATAAAACTTGGGTATAGGCTCCCCTTTTGGCCCAAACGGGAAAGTGGGGGCCGGAGGTGGGCGGGTTGGAGTTATAGTTTACGCCGGCGATGTCGTTGACGTGGTCTGCTCCTTGGTCGGCGATGGTGTCAAAGTGAAGATTTTCACTGCCGCGGCTAAACCAAAACCAGGCGCCAATGACGGCGGCGATGATAATGGTTGGCCAAAGAAATTTTTTCATGACTTATTTAAGTTCGAAGGTAACGGAAACGGTTTTTGACAGCCTTTCTCTGCCCGGCTCGATCGGGGTGGCGGTTTGGTCGGAGACCACCTCCAGGCCGCGGTAGATGGGGCCAACTCCCGACTCGGAAACGGTCAAGACTTTGCCCAAACGGCGACCGGAAGCTTTGGCGGCGGCTTGGGCTTTTTCCCTGGCGTCGGCAATGGCTTGCTCGAGAAGCTGACTGTCGTAGTCGGCGGTGTCGTCAAGGGAAAAATTGGGGCCGGAGACTGAAGTGGCGCCAGAGCTAGCCAGCAAATCTGCCAGCTCTCCCGCCCGGTCGATGTTTTTGAGTTTGATCTCGACGGTGTTTGAGGCTTGCCACTGGTTGCCGGTTCGGGGGCGGGGCGGGTAGATCATAATCTCGACCTCGCCATCGGTTTGATAGACGCTAATCTCTCTGGTTTGTAAATCCTCGTCGGCAATACCAAAACTTTTTAGCGAGTCGATTAGGTCGGCCATATTGGAATTGACTTGGTCGACGGCAACTTCTTTGTCAGCGTCGGTGACGCTAACTGTGGCAGAAAAGCGGGCTACCTGCGGCAGGGTGTCTAGGTGGGCCTCACCGGTGACGGTTAAGCTTGAGCCGGGCAAGACCTCAAACTTGCCCCAGTTGACCCTGTCCCAGGGCAAAACGAAAATTCCAGCGAGAACTACCAGAACGATAACTAGAACTTTCGCCCAGTAAGGTTTAAAAATCATCTCTTGAGAGTAACATCTTAAACTCAAAGGTGTCAATCACTCTGGTATAATAACCCATAATTTTTAAAATGGGCTGGACAGAGAAAGTTTTAAATACCAAGCCAGAATTAAAGTATAAGAGCGTTCCTGAAGCTCTTGAGGCTTTTGCTTTAGAGCAAGAAACTTACAGAAATTCTGATGAAGTCGAGCGCTTCGGGGTGGAAACGCGCAAGGGTTTAAGAGAAGCAACCAGAGAAAGTGCCTGGTTTAAGCGAATTTATGGCGAGGCGGTTAACCGCTTCTCGGTACCTTTAAGTGGCGTCGACCTCCGCCAACTGAAGGGAGAGTTGAGTGGGGCCATTTTTGAAAACATGGCTTATCATTTTCTACTGGCTGACTTAGACAACCAAACTACCTTGCTGTCGCCCCAGCAAACATTTGAGATTTATTTAATTCAACTGGGGCTCGACTACACCAGTGAAAAAGTAATTCAACACCCTTTTGACGGCTGGGGAATTATAGGCATAAGCGTTCCCGATGGCTTGGAAGTAGGTTTAATCGATTTACAAATTAAACGCGTCCACGAGTATACCACTTCGAATAAAAACCACCACTTAAGCCGCAAGGTCACTAGCTTTTGGGCGAACCGACAACATCATCAATTTCCCCCAAGCGAAGCAGGCTTAACCATGACGCTCCCAGACGGGATAATGATTGAAAACAGACGCTTGGCTAAAGATTTAAAAACTAAACACCTGCCGATTACCGGCAGTCAGTTTAGAGAATTCATTCACCACACCATAAACCACTACCGCTCGTTTCAGCCCTTAGAAGAAGGCGTAGCCAGCGCCACCTTGATGGAAATACAAGAATTTGCCCGGGCGCGGGCGGGCCAAACAGCAGAAGTTGCTACCACTCTGGTAAAATAACTCCATGAAAAACTCGCCGGCACTGGCCTACTCTCAAAAGCCCAAGCTGGCGGTGAAAATCCTGGCGCCATTGAAAAGCAAAAGAGATTTGAGTTTGGCCTATACGCCCGGCATTGCCGAGGTGGCCAAAGCGGTGGCGGCAGACGGCAACAAACTTTATACTTACACCTTTAAAAGAAACAATCTGGCGGTAATTTCGGACGGGTCGGCGGTGTTGGGGCTGGGGAACATCGGCCACAAGGGCAGCTACCCGGTGATGGAGGGCAAGGCGATGTTGTTTCGCCGCTTTGGCAGAATCAACGCCGTGCCGATCATTGTCAAAACCCAAAAGGTCGATGAGTTTGTGGACACGGTAGTCAACATTGCCGATTCTTTTGGGGCGATTAACCTTGAAGACATCAGCGCCCCGCGCTGCTTTGAGATTGAAGAGCGGTTAAAGAAGCTTTTGGACATTCCCCTGATGCACGACGACCAGCACGGCACGGCCATCGTGGTGCTGTCGGCTTTGACCAATGCCTTAAAACTTCTGCCCAAATCAGGCAAAAACACCCGGATCGTGATGGTCGGCTCCGGGTCGGCGGGAGTGGCGGTGAGCCGGCTTTTAGTCATGGCCGGCTATAAAAACATCATTCTGTGCGATTCCAAAGGCATCGTCAGCAAACGCCGGCGCGACCTGAA
CP011210.1_gap20	857726	860884	3158	GGTACGCCCAACTTTACGGCGGCGGCCAGCGAGCCGGTGAAGACGTCCTGGCCGGTCGGGGTTTTGCCGCCTTTAAGGTAGAACCAGCCGATGCCGGCCAAAACCACCACAGCGACGATTATTAAAATATTTTTCATTGGTTACTCACCCCCTCTCAAAAGTTGAGTTGAACGATTGATAGATTCAAGTAGGCAGCAAAGCTAACCCAGGCCAGGTAAGGCAGAAGCAGCAGGCCGGCGGTTTGGCTCAAGCGATAGAATTTGACCAGGGTGACTAAAATCAAAAGCCACAAGATAATGATTTCTACTAAAGCCAGGTCGGGGCGTTTGAGACCAAAAAATAAGTAAGACCAGAAAAAATTAGCCACCAGCTGGAGGGCGTAGAAAGCGAGGGCGGCTTTGACTTTTTTGGCTTTGGCCTTGACCATAAGGATAAGGTAGGAAGCGTAGCCCATGAGCAGGAAAAGCAGGGTCCAGACCGGGGCAAAAACAAAGTTGGGCGGGGTGAACGAGGGCTGGTTGATGGTCGCGTACCAAGTGGTGATTGAAGGGGTAGTGACAAGAGAGCCTAGAAAGCCAACAAGTTGAGGGACAGCTAAAGCGACGATCAGCTTGGTAAGATTCATTGAGACAATTGTATACTAGACAGATGGAAAAGGAAGCCATATTTGCCGGAGGCTGTTTTTGGTGCATTGAGGCGGCGTTTGTAGATATGGAGGGGGTGTTGGAAGTGACTTCGGGCTACACCGACCACTATGAAGCGGTCAAAGTGGTTTATGACCCGGACAAGGTAGCTTACGAGAAATTACTCGAAAGATTTTGGCAGCAGATCGACCCGACCGACCCCAATGGCCAGTTTGCCGACGTGGGGCCGCAATACCGGACGGCGATTTTTTATGCCGATGATGCCCAAAAACGGGCGGCGGAAAAATCGCGCGACGAACTTGACCGCTCGGGTAAGTTTGAGGAACCGATCGTCACCGAGATTTTGCCGGTAGGAGAGTTTTACCCTGCCGAAGACTACCACCAGGAGTATTACCGCAAAAACCCGACGCATTACAAGCTCTACAAAGCCGGCTCGGGAAGAGAGGGGTATATTAAGAAGACGTGGGGGAAGGATTAAAATCTACCCATGATTCTATCGACATCCATCATCAGCATAACTTGCCTTATTTGCTCGTCGGTAAAATCAGGATTTTGCGCTCTTACGCTTTCTTCAAAAACAAACTTAGTCAGCTCCAAAGCATACTCGCGTCGGGCTTTTTCGCTTTCTAAAAATCTTGCGGCTTGACTCTTAGAGATTTTGCCGTCAAGAGCCATTTTGGTTACTTCACCTTTGTCTTCCAGCGCGGCTAAAAAAATCTCGAATTGCTCTCTAAATTTACTGCCAGGCCTGCCGACTTTTAACAAGTTCGTAGGTATTTCGTTAGGATCGACCTCTTCTTCAACTTCATCTTCTTCTAAGCCTCTGTACTGCGATACAGGAAAACCTGTATCTTCTAGGGTTTTAGAGACTTGAGCCCTGGCGTCTTCGTCCCAACCTAAAACCTGGAGTTGATAACCTGGGGCAAACAGGTAGTTATCCCTTTCTTCCCTAGTTGGTTCCCGGCCATTTTCTGCTTGAAAACGCTTTTCCCAAAACTTCTCCTGCTTGCGGGCCTTTGAAATTGACGGCCGAGATATAGCTACATAGACAGGATCGTGTTGGCCGACTATTTTGAAAGAGTCTAAGTCGAAAGAGTCAAGAATGCTATCGTGAGGGAAAAATTTCTCCAGGGGGATTAACCCTTGAGGAAATTCTGCTTCTAGTTGAGTAAGTTCATCATCGAGTATCTTAGAAAGATCGTCACCTAGCCAACCTTCGCTAAAGTAATCACGCAACCTGGCGTCATTATACTTGACCTCGTTGACGACGGCGAAAATTTGCCTCAACTCATCCGGGGTAAGCTCCAAGGGTACAAGCCGGTCGTTGCCGATGGTAACAATGCGGTCTTTTATTGGCGGAATTGAATTTTGAGTTGTTTCTGGCGGCATGGCGAGAATTTATCAAAAAGACGTGGGGGGAATAGGCTGATCTCGAAGTTTTTCTTTTAAAGGATCGAAAGTGGCTAAGCTGATAGTGCCGGGAACGGCCCGGTCCAGGTTTAAAATGCCCTCTAAGTGATCATACTCGTGTTGGATGAGTCTGGCTAGATCACCGGAAAAGTTGTCTTCTTGCTCTTGACCGCTGCCGTCAATCCATTTTATTCTGATGGCTTCTGACCTTTCGACGTCGGCGCTGATGATGCCGGCGCTGATGCAAACCTCTCGAAAAAAGTTGGTTGAGTCTGAATATCTGATGATCTCGGGATTGATAAAAATGTCCACTTCTTGATTTTCGTTTAGGGTGACAAAGACTCTTTTGCTCTCACCGATTTGGGGAGCGGCTAGTCCCCGGCCCATGCCGGTTAGCTTTCTGTATTTTTTCAAAACCCGACCCAAACGCTGGCCAATCTCCAACCCTTCTTCAACATCAACTTCTTGGGTTTTGGTCCTTAAGACCGGGTCGCCGGCATAAACGATCTCGGGGACGACCCCGGTAACGCACATAAAGTCTTCGGCCAACGCTTGCAGTTGTTTTTCTCGCGCCATGGCCGGATTATACCACAATATCAACCTATAATGTTGTTTGGCGGGGCTAGTTAGGCTATAATCCGGACCATGAAAACAGAAAATTTCCAGGATTTGAAAAGCAAAGAAACAAGCCGGGGGGTAGCGGTAGAGCTTTTTACTAAAGTTCGAGACGTTCCTTACGCTTTGAATGCTGACGGTAATATTGAGGGCTTGTTTGAAGATGGAGTGGCGGGCTATACCAGAAAACATCTTTATTTGCTTCCCCGCCTGAAAAAGCTGGGGTATAAAGTCGACATTGGCATTGCTGAATTTGACTGGCGAGAGCTGCCAATTCCCACAGATATTCTAGAGCTGCTAAAAGATCCCCACGGCTATCATATGTTTTTGTACGTGGGCACGGGAAAAGCCACTAAGGTAGTCGACGCTACCTGGGATAAAGGCATGACACGTCTTGGCTTTCCGGTTTTTTCTTGGGATGGAGTTTCTTCAACAGGCCTGGCGATAAAGGCGACCAACGCTAGAAGACAAAACTTACTGACTCTTAAA
CP011210.1_gap21	1018227	1021157	2930	TGGGGTAGTTACGAAAAATTGTTGGCCGATCCAACAGCCAATCCAGCCGGATTCAAGCGCTATCTGAACGGAGTTAACCAGTTGTTTCGGGCGTGGCAACTAGATAGTTATTCAGAAGGGGAAACCGGGATGACCGGGCCAGACTTATACTGGGTAAAACCAGAACAGGGGTTGACGCGGCAAGAATTTGAGCGTCAGTTGAAGGAAGACTTAGAGATGGAAGAGGAAAAAATAAAAGAGGTGACCGAAACTATGTTTGGGCCCAAGGAGGGCAAAGAGGCCTTAACAGAAACAGAAATCAAAGAATTTAACAGTGATCAACTAGGAAAATTTTTAAAAGAGTTAACTGGTTTAGACGTTGTCAGCCAAGGATCTAAAAAGGACCAATTGGGTTTAGACGAAGTTTGGAAAGATTATATTGGTAATAGGATAAAGGCGATAAGACAAATAGAACAGCCGAGTAAAGACAGGCAGGAGTTGGTGGGCAGGTGGCTTCAATTCTTTGAGGCAGCCAAGGTTGAAGCCGAAGGGGGTAGCTATAAGCATATGAAAAGACTACAAGAGTATTTAGGTATTGGCAGATCACCAGTCGACCAATCAAATTGGCAGCAGCGGGCAGAGTTAGTTAAAAAACAGGTTGACAAGGGTGTGACCCGAGAAGAAGAACTGGTTCGGGAAATAGACGGGTACTTAAGGAAGCCATTACAAGGAGGAAGGCACACAGAAAAATTGATAAGAGAATTTAAACAGAGTGTTGAGTTAAAAGGAGAGGCGGCGACCCCAGAAGAAAAGCAGTATCTTAGTTTTTTAAATACTCGTTTCGATCTACAGCAAAGATTTCCCCCCAAAACTTTTATAGAAAAAATAAAACAGGTTTTTCCCAACCGTTGGCTAAAAGGTGAGAACTTAACCGAAAGATTAGATAGAGCAGCAGAATTGTTTTATTGGGCTGATATTGATCCGGAAAGCTTGTTAACCGGAGAGGGGGCAAAAAGCCTTGATGGTCAGCATATTTTCCTTGCCCGAAATCGGCAGACGTGGCCGTTGATGCAGTTTTTACTGACGCAGGCACAAGAAAGAAAAGTTACCCTGGTGAGGAAGTTCGTCGACGAACTGGTGGCAAAGGGGAGAATCGCTTTTGAGGTTAAGGGTAGCGATATTATCATGGCCAATATTAGCCGAGAAGCGGGCGGGGTGGGTCCTGATAGTGAGGGTTTGGCGGTGCAGGATCTGTTAGATGAGATCAGCAAGGCTAAAGAGATGCAGCAAAGGCACAAGCTAGGGAATATAGATTACGACTGGTTAGAGCTTTTGGCAAGGCTGACGACAGCAAACGAAATTAATAAACAGATGATTGACGATTTTGGTCTTTATCGGGACGAAAGCAGGCTTCCTGACGTAGGCACTTTGGTTGACGGAAAAACTATTGGTCGGCTTCTGGCTGACGAGGGGTTTGTACAGATCATCAACGAAGAGGTTTGGTATCCCCAAAAAGACCCCCTTACCGGGGAAATTTCCCTAAAGAAATACGATCAAGTTATAGAAGAGGCCACAAGAGAGCTTCAGGGGAAATACCCTGGTTTCAAAATTAAAGCGGCGGGGATGTTTTTAGAACAGGCTAGTTCGGTGAGAGCCAGTTATTGGAACTTAATCAAAATGAAAGATTTGGAAGATTATTACTCAAGAAACATGGGAATTTTAGGCTCCGGTCTGCCAATTGTTGAGTTACCGGATGGTTGGACTGATTCGGAAAAAAGGGTTGGCAAGTCATTTTTAAAACTAATGTCGGTGTTTTCTTTGCAGGACAGGTCTTGGAACTTGATGTTTCAAAGAAGTGTTTTAAACCCCGAAGAGATAGAAGCGGGCGTGAGAAGACATGGAGTGCCTTACGTAACGATGAAAAAATGGGATTGGGAAAAAGGGGGCGCGATTTTAGATTTAGAAGAAAGCCTTGATCAAGACAAGGTTTTGGAGGTAGCTGACTTAGCGGGCAAGGAAGTTGGGGTGGACGCAGAGGCGGTACTAGATAAAGTAAAAATTTTAGCCATAAGAAGAGAGCAGCTTAAATGGCAGGTATTTTCGTGGTTGACCGGCAAGCATGGCAAAAGAGTGATCGGGGAAAATGTGTTTATCGGCGAAGAAGGGGGGACGAGGCTGCCTTTTGGTTATACCCAGAAAGACCATCGGGAGAGGTTGCTTAGTTTTTTGAGAGACGAGAAGGAAAAGGGTAGGGCCAACTTAGAGAAAGTTGATTTTGACACAGACTTTATCGATGGCGGATGGTTGGAAGCAACCTTGATGGACATTTTTAGGCATGAGTATAGGGAGGGGGAAAAGACGAAAGAGCTAAGAAACCACTTAGTTGCTTGGGTGGGCATGGGATTAAGGGCCTCAAGACAGGAAGCCCATGATAAAAAGGCGGAAATTCCAGGGAAGCGAGAGCGGCTAAGAAGTGCCAGAGAAGAAGCGGGCAATGGCAACTTTACCGTCTTAAGCCAAATGGTCAGCGACCACAAGTTTGCCGACAAAGAAGTTGACGTTGGCAATTGGCAGAGACAAGCTAGGGAGTTGGAAGATTTATTTAACAGGATTGAGCAAGGTTCGGAAATAACTTTGGATGATGTCAGAATTGCCGGACTTGAGGCATTTACTTTGGGGCTAGCGTATTTGTTGCGTCCGGAAAACGAGGCAACGTTAAGGCAGTTGGGGCTAGACAGCGAGGCGGGAAGAAGATGGTTGGAGCAACTTCAATCCGACCCCCGCGAAGCAGACGAGGCGACGAAATTGGAACAAGAAAGGTTCGTTCGGGCAGTAAAACTTGAATTAACCCTTGAAGACATAACCACTTTTGGCATCGGTAGTAAATGGCAAAGATATGTGCCGGCGGACGAAGGAGAGAAAGACATTGATTCTTATTTGAAAGAAGCTAA
CP011210.1_gap22	1049388	1049888	500	TGATAAAACTTCTTATTCAAAGACCATTTTTCCAACCAACCATTGGGATTTGAGAATTTTGGTGGTGATTTTAAGTCAAGAAAAAAAGAAGGTCAGCTCCACCGCAGGTCAGAAAATGGCCTTTACCAGTCCGTTTTATAAGGCGAGGGTTGCCGCTATTCCAGCAAAAATTACCAAGATCAAGCAAGCAATAGCCAAAAAGAATTTTTCCTTGCTGGGTCAAATTATGGAAGAGGACTGTTTAAATATGCACGCGGTGATGTTGACGCAACGGCCGCCCTTAGTCTACTGGTTGCCGGAAACGGTGAGGGTAATGCAGGCAGTAAGGCAATGGCGGCGGCAGGGTTTAGAAAGTTACTTTACGGTTAACACCGGCCAGAATGTGTTTGTTTTTTGCCGCCCGCGCGATGAAGTCAGGTTGACGGCGAGACTAAGAAGGCTTGAAGGAGTGAAAGAGGTGCGACGTGATCAGATCGGCTCCGGGGCGAAGTTGCTTTAGT
