gap_id	start	end	length	sequence
CP011209.1_gap1	2172	2767	595	AATAAAACCCTCCTTACGAAGCGTATGCACCTTACTACCCAATAATTCTCTTTTTTCTGCTTTCAGTTCCATAATAATAGATTGATGTTATCGATAATATCCGAGTTCCGATGCGTCCCTGGTATCGGTTGTTGGATTTGTATGTTCCTCACTATACCATTTTATCCGCTTTTTGCAAGTATCAGCTACCCATTGCGGCTGTCGCCACCTTATTGTCCTGCGGAATCTCTGCCGAGAAGGTGCTGCCGGAGCCCTCGCCTTCGGATGAGGCCCAGATGCGGCCACCATGGGCTTCTACGATCTGCTTGGCGATGAAGAGGCCGAGGCCGGTACCCTTGGTGTCCTGCGCCAATGCCGGGTCACGGGCGAATTGGGTGAACATCTTCGCAGCGAAATCCTTTGAAATTCCTCGGCCGGAATCGGACACAGTAAACAATACCTTACCATCAACCAAAGATACTCCAACTTTAACCCAACCCGTATCCGTATATTTTACCGCGTTGTCAATCAAGTTTTGGATCACCTGCGTAAACTTCTGGATATCCATATTCAACAAGATCTCCTCTTGGGACGATTCAAAGGTTAAGGCAAGGCC
CP011209.1_gap2	30487	32095	1608	TCCGTTGATGAAAAGGGTATGGTACTCACCGACGAGGAGCGCAAACAGCGTATTGAAGAGGGCCCCGAATCACATGCCAATCAGCGATAATCAACAAAAAAAGACCCATTCGGGTCTTTTTTTGTTGATTATCACAATCCCATTTTGCTTTTGATCATGTCGCTAACCGCCTTTGAATCGGCGCGTCCCTTGATCTGGGGATTGATCTCCGCCATGACCTTGCCCATATCCTTAATCTCCTTTGCCTCTGTCTTTTCAATCGCAGCCGTCACGATCGCATCGAGCTCTTCGGTCGAAATCTCTTCCGGCAAAAACTCCTTAAAGATCACTATTTCGGCAAGCTCTACGTCTGCCAACTCCTGCCGTCCCGCTTCGGCATATACCGTAGCCGATTCATTGCGGCGCTTTACCTCCTTCATCAATACATCGATCACATCCTCATCGCTCAACTCACCCTCGATCCCCTTTCCGCGATTCTCCACCTGTCGGTTGTTGATCGCGTTCATTGCGAGGCGCAAGATGTTTGTGCGCTCTGATGTCCCCGCCTTCATTGATTCCTTTATTTTTTCCATCAGTTGTTCTTTGATCATGCTTATGTAAGTCGTTAGTTTGAATACTTTATTATATCACCAAACAAAAATGGCACCATAGCGGCGCCATTTTTATTAGAAGGTTCCCAACTTCTTCGCTGTCTCTATCTCCGTACGCTTTTCATCGCGGTAGATCGCTGCGATCCTTCGTTTGTTCTTATTGACGGCGCGTCCACGAGTGCGTCGCTTCTTTGCCTCCTTCAAGACGCCACTTTGTTGCATCTTCTTGGAAAAGCGGTACAGAAACGCGCTTACCGACTCACCTTCTCGACGTTTTAACTCCATTTGGATTGGTTAATTAAATAGTTATTGATTACTTTGATACCTTAAACGTTAAGGATGCGATCCTTAATGACCTTCAGCGACTCCTTAGGAGGATTTCCAACAACGCTATGGAGCGAACCCCCGCCGTCATCACGCCACCGAGGCATGATATGAATATGCAGATGGTCTATCGCTTGCCCAGCAACTTTACCATGGTTGATGCCGATTGTAAAGCCATCCGGCCCCAATGCCTTCTGCAAGGTCGCCGTCACCTTCCTAACCGCCGCAAATACCGGTTCCAGCTCTTTCTCGGGCAGATCGAGGATCGTTTCGGCATGTATTTTTGGAATGATCATCGTGTGCCCCGGGGTGCGCGGGAAGACGTCTAATATCCCCACCACGTGGTCATCTTCATAGACGATTTCAGCCTCTCGGACCTTATTCGCAATAGCGCAAAATAGACACTCCATATTTGTTGAATTTCTAATTACTAATTTATAATTTTTAAATGATCACCCAGATATTAGGTCATCCATTAATAATCAAGCATTAGAAATTTTTATTTCAGTCGCTTTTTTACTTCTTCTACAATACGCTCCAAGGGTACGCTTTCTTGCGCACCCGTTTCCATATCTCTGACGATAATACTCCCTTCGAATACCTCGCGCTGCCCCAAGATCAGAGACAACTGCGCCTGCTCCTTATCCGCTACGCGCATTTGCGACTTCAAGGAATCCTTTCCAAATGATTCGTT
CP011209.1_gap3	33216	37274	4058	ATTCGAAATATGAAAAGTGGAATATGAAAAATAAAGAAATATAATCCGTAGATTCTTACCCTCTCTTTCCCTTTTTCATTTTCCGCTTTCCTTCATTCGTGTATTAGTATACCGGCTTTTCGAATGCCATTACCTGATTCAGTGGCCATAATCGAACCCATACCGATCCGACAACCTCCGATCTCTTTAATGGCCCCCATTGCCGCGAATCAAAGCTTGCGTCCCTGTTGTCTCCCATAACAAAAAACTCATTCTCACCCAATGTAATATCCTTTTCCCCCACGGTCACCAATTCGTTTGGCAAGTATACTTCACTCATCAATCTCCCCTCTTCGTGCTCAGGGTTATAGACATATAGGTTTCCCCCCGTCACTACTACTCGCTCGCCTGGCAAGCCAATAATGCGCTTGATAAAAAATGTCTTTTCATCCCCTGGGTAACGAAACACGACAACCTCTCCCCGCTCTGGCTCTCTGAACCGATACGAAAGTTCGTTGATCAGGATGTAATCACCTCCATGAAATGTCGGCTCCATACTCGCTCCACTTACTAAAAATGGCTGTACCAAAAAACTCCGGACGCCGAACACGACCAGCACTGCAACCAACACTATCTCTATAATCTCGCGAAGCGCGTAAAGGAATGATTTCATCAAGTTTGCTAATTTGTTAACTTCATTTTAGTATAAACGTAGGCAATGTCAAACAGACATTTTTCTTATTTTTTCTATGCAAAAGACCATTTCGTTCGCCGATCTCGATATCATTATTGCGCTCGGCAATCCCGGCCCCGAATATACCGACACCTACCATAATGCAGGCACTCTCTTTATACGATTTCTCCGAGAATCTTCTTTCGCTACCCCTCCCACCATTGAATCACTCGGTACATTCATGAATGTCTCCGGTCCCGCTGTTGCTAGATTTCTCAAAAAGGATGGTATCAAGCCCGATCACTTTATCTTGGTCCATGACGATGTTGATATTCCCCTTGGCGAATACAAATTTTCCTTTGGGAGCGGCGCTGCTGGACATCATGGCGTGGAATCAGTCATCAACTCGCTCGGGACTAAGGACTTTTGGCGATTGCGCATCGGCATTGCAAAGCATATTACAACGCCCGATGGTACTATAATCAAAAAGAAGGCGGATACGTATGTACTCAAGCCTATTTCTCAGAAAGATCTCGAACAAATGCAGATTGTATTTGAAGAAGCGGCGAAGCAACTACAAGAATAGACCGGGCTGTCATTCCCGCGGATGCGGGAATCCAGATATTATATAGATTCCCGCCTCCATGGGAATGACAATTTGATTTAAAATCCCCAGGGTTAGACCCTGGGGATTTTGCTCAACTTTTTACTAACCTCGCAGACCTGTCGGCCCGGGTCTACGCGAAGGCAGTGGTCCCGGCGAATAAGGCTCCCTGGTCAAAACTAGCGACAATGTCGCAGCCGGGGCTCTCCCGCCCTGCCGAATTAATGGTGCCGATGGCCCGTATCATGGTCCCGGTGGCGCCGGAGAATCTTTTCTCAATAGAAGACCCTGCCGATGCCGCAGCCACGGCCGTTATAGCCGGCACGTTAACTGTTGCCTCTCCCCTGCCGCCGATTGCGATGATGGCGGTGCCTTCGCTCTTGAAGTTCGCCAGGATGACGACCCCTACTTTGAGGGTCGATGCCTCCGTATGGTTGAGCTGCGCGCTCGCCATCGCCGGGCCGGACTCTCGCTGGTCCGCCTGCTTATAAGCGATCTCCTTCTTTGACCTCTGGTCGGTAGCCACCGACGCCCATGCCGCACTGGCGAAAGCAAGTGAAACCATAAAGCACAGTAGCATGAGTACTTTTCCCATAAATGCCTCCTCGCTTGATAACTTCTTCGGATAGGAATTTCTACAACCCAAAACCTCCTTTTATGTTAGTGGTCGCCTTGAGCGAGCGACTACTTTTGTAAAAGACCATAATTGAATGTATCTAATACTACATAATACATATTCCCCGGTCAAGCAAACAAAAGGCCCAGGTATCATACCTGGGCCTTTTCGCCGTTATGGCGAAATACTACTTAGACGCAAAAAGGTTGAGATCCACATACCCCGTAGACATATTGATCGCTTGAGCGACTGCCTCGACGATCTCGGATACCGGGACCATCCGTTGCGGTAACAGTTCCGTCGCAGCCCCTTCATAAAAGGGGCTTCCTTCCACCGATCCCGGTGCGATGCGATGCACGTGGATGTTCCTCGGCGTGGTGAACAACGTATCCGCCCGCATCCATTTGACGAGCACCTCCTGGGCCGCTATGGAAGCGCCATACAATCTGTCGCTCAGATAATACGGAGGCTTCTCCGTTCCATCCACCGAACTGATCACGACGATATGCCCGTCGTCGGTCATGTGCGGCACCAGCTTTGTCGCCACATGCAGAAGACCAAGACCATAAACTTCGGCGTTTTTCATGAATACCGCCGGGTCCGTATCTCGTTTTGACGTCTTCATCTCGGCCTTAAACCCTCCGGGCTCGCGATTGCCTGCCGCGTAGATGATGACGGAGGGGTTTATTTCGTTCTTCATTAACCACTCCGAGAAATCTTCTACGCTCGTTGCATCCGTTACGTCGAGTCGCAGATGTCCAAACCTCCCGCTCCTACTCGTGCCAAAGACCAGACTTCTCCGGTCCTCTTCCTTAAGCAGTCGGTGTGTAATCGCGGACCCGATAAACCCGCCAGCCCCAATAACCAAAATGTGTTTCATCTTTTACCTCCCTTTCAATACGTAATGATACTGATTTGTTTATAAACCATATTATTATATTAGTCAAAAAAAGCCCTTGTATTCGGCCTTCTGTTATTCCTGCGGATACGGGAATAACAATTCATAAAAAACCACTCACATATGAGTGACTTCTACTTCTCTACCTTCGATTGAATGTAATTGCGCATATCTTCATATTTCCCCGAGCCAAGTCGTGGAAGTAGTACATACGCCATAGCATTGCCGTATTCCACTTCTGAGCTTTGCAAAATTCCCGTCTTGAAATCAACAACGATTGTATTAAGCCGCACTCCGCCAAACTGCCGCAACGTCGGCAACAGCTCCTTGAAGTCGATGTTTGTATTTAAATTTCCCAACTCCGGAGTCATCTTAAACAAGAATGCCGTCTTTTCCATCGCACTCAATGTCTTAAATTCCTTCAAGACAGCACGGACCACCTCTTGCTGATTCTTTTCCCGGAAAAAGTCCCCCTCCGGCGCGTGTCTATTGCGAACCAACCAGATCGCCTGGTCGCCATTGATATGGTTCTCTCCCGCCGGGATAGTGTATCCGCTCACGCCATCTACTACCTTGTCTTTCAATGTCAGGTCTACACCCCCCATCTCATCGACAACTTTCTTTAATATGTCGACGTTTACCACAACATATTTGTCCGTCTTAAGTCCCGTCATCTGTGGCAATGCCTCCATAAACTCATTTAATTTCCCCCGTCGTAGCGCTTCATTTAGCTTAAACGACTCACCACCGAACGTTACAAATAGATCGCGAGGTAATGAGATCAGGTTCACCACGCCGAGCTTTGGACGATATTCGACCAAGATAATACTATCGGTCAGATCGGGCGCGTTACTCCATCCTAATGCCCTCCCCGTTTCTCCAAGCAATAAAAAACTAATCCGATCTTCGCTCATTGGGTTATCGTCGTTCTCCGCAAAGATTGATATCTTCTTTTGATAACTCATCAAAAATCCGACCCCCACGATTGCGGCGATTGTGACAAATACTTTTGCGATTGTTTTTACTTTTGATGGCATGCCGACTATTTTTATTGTTCCGTTTTTTTGGTTAACGCGTTGATGGGTTAACGCGTTAAATCCCTCTGTCATCCTCCCCGAAGACGCGCATCTATATACTCTGGATTCCGGCCTTCGCCGGAATGACATAAGTGGCGCTTATTTATTCAAGATGTAGTAATTTTCCATCAACTTTGCGATCAATATCGGGCCCGTTCCTCCGGGAGTTGGCGTGTAGAATGCATGAGGCACCAGAGATGCGGAATGAGGAA
CP011209.1_gap4	46301	50685	4384	TGCTTACGCAACTCGATGTTCCTCAAGAAATTATATGCCTGTTTCAAAACACGCTGACTATCTTCCTTGGTTAGTACTTTGAGCGCTTCCTTGTAGGTAAACCATCCATATCCTTCATGCTTCTCCCCTTGCGCATCGGTTTGCTCTGGTAGTTTTATCCGCTGCTGGGCCGTTTCGGCAAGATAAAATACGATCGTTTTATAGATCTTTTCCTTATTCCTCCAGAATGTGAAATTCTCCGATGTCTTGAAATTCTCATTGAATCGGAGGTCATTTCGCGTAAGGCCTGTTTCTTCCCTCACTTCGCGAACCGCTGTTTGGAAGCTTTTTTCTTCGCTTTCAATTTTCCCCTTCGGGAAGTTCCAATAGTTGTGTCCGTGATATAAAATCAGAAAACGAGGGCCCTCCGCAGTTGTTCGGTACGCTATGATACCCGCGGAAATTTCTCGCATATTGCACATACTATAGCATAGATCTGGCGGGGATACAAATTGTATAGGTTAGTCGGTTAACGCGTTAACGGGTTGGTAAATGCAGAAATACTGGATTCCGGAATGACACCGTGGGAACATAAAAAAGGGGCGGATTCTCCGCCCCTTACGTATTACCTGTGATTACCCAGTGCCAACTCGGTCTGTTTTTGGATCTCCTTGGAGGCTCCCAAAATATCGGACAGTTCGTTCTCGAGCCTTGTTCGCTCGAACCGAAGCGCCTCCTCTTCTCCCGCGATCTCTCCGAATCGCTGTTCTATTACAACCACCCTCGCCTGTATCCTTTTTACATCTTCATCCACTAGACTTACCATGTCGATTACCTCCCGCCTCTCCTGTGGTGCATTTTAAATTTCTATCGTTTGTATACCACTTTTCTATCACTTTTGCAAATCAAAAAAAGGCGGATACTCCGCCCCTTTGTCTTATGCCTGCGTCTCGAATATCTTATTCACCTGAATCCCTATCTGGGCAACGGACCTCCTTGTCTCCTCCAGCTCAAGTAAAAGATTGTCCCGCTCAGTGTTGCGTTGCCTTATTTCCTCTTCGATTCCTTTCAAACGAGATGCGATGGTCGTAATGCGATCTCTTACCGCTTGCGCCTCTACACTGGCGGGCGATCCAGGCCGTGTACTCGACATAAAAAATTCCTCCCCTAAGATTGGACCCCTAATTTAATTTACTATATTTTATATATCATTCCTTTGCCGATTTTGCAACAAAAAAAGGGCGGATCACTCCGCCCCCCCTGCTACCACCTAACGTATCCCGAAGGACGCAATCCTACTGAGATATAGGATCCCATAAACATCTTCGCGCATCTTTTTAGACCCCCTCCCAAGACGCACCTGCCTGAATCTTTTTTCAAATTCTTCAAGCTCAGCTACCAGCGTCCAGGTTTCGTTCCAAATCTTCCGCAGCTCGTCTTCCCCGTCATCATCGTCCCAGGTCCCTTCTACAATTCGTTCCCAATGAATAGTAACCCGCCTGTCTGTGAGCCTGTACCGTCTCGAGTTTATCGCCTGCAAGACTTGCACTAGCTCGTCGAACCCGCCACCACCCGGCTCCAGGTTGTTAGTGGCCCTTCTTAACAAGATTACACTGTCATATAATTCCGCCATAGCAGACTCCTCCTTTTCGCTTTTATTAATTTCTACCTTCTCTATACCAACTTTCTCCCTTTTTTGCAAATCAAAAAAAGGGCGGATCACTCCGCCCCGTTCCCTTACTTGCCCATGCGCCCCGCAAAGCAACTACGGACGTTCGCAATGGACTCGTCTACCGCCGCCTTTTCACTCTTGCGCGCGGCTATCTTTTCACCGAGCAATGCATACTCCCTTTCCAATTCCGGAATCAACCGGCACAGGGCCGTGTAGTAGTCCTCGGGGGTCTCCTCCTCCGCGACTACGGGCTCGATCGCGATAGGCTTCTTGCCCACCTTCCGAGGACGCTGCTTGATCGTGACAATCTCGTAGGAGATGAATATCCCCTGGTGCCATTGGTACAGCCCCGACTTCATGCGCTGGCCCGGAGCCTTGTTGAACTCGATCAACTCAAGCACCTTAGCCTCCGCAAGCACCTGGATCGTCGCCGTTACCAGACTATGGCACGGCCTGTTCTCCATCTTTGCATCCAGATGCGCATGGATCCCACGTATCCGCGATGTTGGCATTTCTTTTAGCAGTTCGATGATCATCGCCATAACGCGCTGCTGTTTCATCGTCATACCCAGTTGCTTCTTTGCTTCGGTCATCTATCCCTCCAATATTCCATAATGTGTAGTGCTTTTTCTTTTGTACAAATAAACAGCCCCTTTGTCAATCCAAACAAAAACACCCCGAAGGGTGTTTTTGAGCGATTATTTCATTTTGATCTCGATATCAACTCCCGAAGGCAGGTTGAGTGTGCTCAAAGATTCAATGATCTTTTGGCTCGGATTAACGATGTCGATAATCCGATTGTGCACACGCAGCTCGAACTGCTCACGCGCGGTCTTGTGGACGAACGTGGAGCGATTCACGGTGTACCGCTTGAATTCAGTCGGCAACGGAATCGGACCAACTATTTCTGCTCCGTTTCTGACCGCCGTATCGACGATCTGCTTGATCGAGTTATCGATCAGCTTGTGGTCGTACGATCGTACGCGTAATCGCAATTTAGATTGTGCTTCTTCTTTCTTGGCCATTGTCAAAATACTTTAATGAATTAATCGCTTTTCTATTTTTCTCTCCGAAAAACGGTTGCATTCGGATGAAGTGCGAGGCACGGGGAAATCGATGAGGAAGCTGTACAGAAGTACTGCGACCGAATCGATGGGGCCCCGTAACGAAGCAATTCGCCGAATGCAGACGTTTTTCTTATTTGATGATCTTAGTAACAACACCTGCCCCTACCGTTCGTCCACCCTCGCGAATAGCGAAACGGGTCTGGTCTTCCAATGCTACCGGAGCGATCAACTTAACCTTAAAGGTTACGGTGTCTCCCGGCATAACCATCTCCATGCCTTCCGGAAGCTCTACTTCTCCGGTCACGTCAGTGGTGCGGATGTAGAACTGCGGCTTGTAGCCCTTGAAGAATGGCGTGTGTCGCCCTCCTTCTTCCTTAGTCAGGATGAGAACTTCTGCTTCGAACTCGGTGTGCGGGGTGACCGATCCCGGCTTTGCCAGAACCTGTCCACGCTCCACATCCTCCTTCTTCAAGCCACGCAAGAGCAAGCCTACGTTGTCTCCTGCCATACCCGAATCCAGTAACTTATTGAACATTTCGATACCGGTAACAACAGTCTTCGCGGTCGGTCGGATACCAACAACTTCGATTTCCTCGTTTACCTTGAGTACACCGCGCTCGATACGTCCAGTTACAACAGTTCCACGACCTTCGATCGAGAAAATGTCTTCTACTGGCATAAGGAATGGCTTATCGGTTGCGCGCTGCGGCTCCGGAATGTAATCGTCGCATGCCTTTACCAAATCGTAGATCGGCTTCAATGCTTCATCATCGGCATTTGTTGCCTCTCCCGCCTTCAATGCAGATCCACGGATAACCGGGGTCTCATCTCCAGGGAAGTTGTACTTCTTCAGCAATTCGCGAACTTCAGCTTCGACGAGGTCGATCAATTCAGGATCGTCAACCATATCGCACTTGTTCAAGAACACTACGATTGCGGGAACGCCAACCTGGCGGGCCAACAAGATGTGTTCTCGCGTTTGTGGCATCGGGCCGTCAGTTGCGGATACTACGAGGATTGCACCGTCCATCTGCGCAGCACCGGTGATCATGTTCTTGATGTAGTCTGCGTGTCCCGGAGCGTCGATGTGCGCATAGTGGCGCTTCTCTGACTCGTATTCTGAGTGGTGCAAAGCGATCGTGATCCCACGAGCTTTTTCTTCCGGAGCGTTGTCGATCTGATCAACGTTCTCCTTTTTCTTAGACCATCCCTTCAAGAAGGTGGCGTTGGTGATAGCTGCCGTCAATGTGGTCTTGCCATGGTCAACGTGACCGATGGTGCCGATGTTCACGTGCGGCTTAGTTCGTTCAAATTTTTCTGCCATATGTTATGGGCGCAACATGGTCACAGATTACTGCGACATAGAAATACTGTTAAACGAATCGCTTAACTGCATTTCCCTGTCGCATGTCTCAGCTCCCTTGTCGCTTTTGATTGGTTAGTCGACTTGTTTGTTTAATATATAGTATTTTACCTCTTTTCGTCAATATGCCGATCTATTGTCATTCCGGCCTCCCACTACCATGCAAATGATGTGGGGATGTACTTTCGCAGGGATGACGCTCGAGGCGACGTTCATCAAGCAATGAACTCAATCGTTGCCATTGCTGAACCGTCTCGCATACGTGCTTCCGCAGACTTTACCACACGGAGATATCCACCTCGT
CP011209.1_gap5	70351	71707	1356	ACTCCCGGATGCCTATCGGTATATCAAAGCATTTGATCTCTTCACACTCCCCTCAGAATACGAAGGGATGTCCATGACGCTCATCGAAGCAATGTTTGCAGAAGTGCCCATCCTCGCATCACGCGTTGGAGGTACACCAGAATTGCTCAATGACCCTACTCAGACCTACGCGCTCAATGACGTGGATAACTTTATCAAAAAATTGAACGAGATCCGCTCTAAGGAAGGTTTTACCTATACTACGGAACAAAGGAACCATCACTCCCAATTCAAAGGCGAAGCGATGGCAGAAAAATATATCAAGGTTTACGGGGAAACCCATTTTTCTTGATCAGGGCATACGGAGAAGATAATCCGAGTACGCCATACCAAACCAGTCGCGCAACTCCGCGCACCAATGCCCGCATCACATACGGGTATTGTTTTTTATAATTCCAGATCAACCCCAATGTGATCAGATTCATCTTCCACTTCTTTTTGGCACTCACTGAGCCCGCACGCTGAGTCCAATTGATGCAAAATGTATCGAGATTGGCGAACTTTCCAACAGCACCCATGCGTAGCCATAAATCATAGTCTTCAGCCAATCGCATATCCTTATATCCACCCAACTGCTGAAATACATCCTTGCGATAGAGTGCTCCCGAATGAGCGAAGCAATTGCGCCCCAAAATACTGGCACGAATTTGCTCATCATTCTTCGGATACCGTTGTTCAAATAAAATATTCTCCAATTCATCAACAACTCGCACGCAACCAGATCCAACAAGTACATATTCGGGGTGCGCTTCCAAAAAACCAACCTGCTCGCGTAACTTATTTGTATCTGGCCATTCGTCATCATCATCAATGACCGCAACGTAACCACCCTTCGCCTGGGCAACTGCAAAATTACGCGCCCTCCCCGGCCCCTCATTCTTCGCTCGATAAAAATACCTCACCCGCGCATCCCTACTCGCAATCGCATGTACGATATTTGCAGTGCCGTCGGTCGATGCATCATCGACCACAACAACCTCAAAATCTACACCCTCCTGTCGCAAAACACTGCGGATTACACGCTCGATGAATCGCTCTCCGTTTTTAGTTGCAATGATAACGCTGATCATAATCGTATCCATTCGCTTGGCACCGCATCGCTCGTATCGACGCGCGAATCGCTCACCCATTGCCTCGGAGCAATGACGATCTTATGGGGATTAGCATTAAGCCAAGCGCCCCACCAACTGAAGCTACTATTGGCAATGATGGCGTGCTTGCACTTGCTCATCAATATAAGCTCTTCATAATCTCTAATACCGCCATCGGAAACATATGTCGCGTTAGGGATTTCAATATGCTCTTTTACCCACTCGA
CP011209.1_gap6	73695	75861	2166	ATGGCATCGTCTCGCATAATGTCTTGTACATCATCCGGAAATACTACAATGTTCGGGCCTGCGACTATCTTTTTCACCAGCCCTTTTCGCTTCCATTCGATCACCCTCTGTAATGCGCATGTCCCGCTTAATACACAGGCGACATCGATCGGTTCCGCGGGTTTCTTGTCGATGGCGACCTGCATATCCAGTTCACGCAAACCACGCACAAGACTGTCGAACACCGCCCGCGGCCCACGACTTCCACGACCGATTAGATTTTTAATAAACGCCTTCACTCTGGAGATAGCGCACGATTGCTCAGTATAGATGTGGAGAGACTCGGGGGTATATTGCATATTACAGTGCACGTTTTCTAAAATACGCCTGCTTTGCTTTTTCTAATGTCTTGATTTGTTTAAATGGTTTGTATGCACGGGCAAAAAGCGCTCGCAACCGATTTCGTCGCGTGACATGTCTAACTATGACGAGTTCATTCTTCTCAAGCTCCTTCGCCCGTACAGGGTTAATCGTCCTTCGCTTCGCGGCGTCGAGCGGCTGATCAATAATGCGAATCAAAAAATTCTCAAATCCTTTTCGCACCAAATCAAAGTCATATCCTTTGGCAACGACGGGCTCGTTGATAATACTCAGATAGAGATCATTATCGCGGTCTATTTCCTCAACCCGCTTCACTGCCGCATCAAAATCCTTATACCTATGACAATTAATGAACCGCTTTTCATTGAACTCGCGCCCGATGTCGGGATTTCCCCAGTAGATCGGAATCGTCTTTGCCAAGAGAGAGCTGACAATCTTTTCCGTGGTATAACCGCTTCGAGAAGAATTTTCAAAGGCAATCGAAAATTTATGCTCCGCTTCGAATGCCAGTTTGTTAGCAACTTTGCCACCGACATTATTCAAATATCCGCCGCCTGCATGCACCTGCTTATACGCACTCAGCTTGTCAAAAAATGTCTTGCGCGCATCGCTCCCTAGATAATTCGAGTAGACAAAACTGCAAAACCCGGTCTTCTTCAGAAGATCTGTTTTGGTAAGAAAAACTTGCTTGGCAAAATCGGCATCCCCGATCATCTCCAACTCTTCCTTGCGGTAAAATATAGCCATCAAATACAGCGGCATCCGATAATACCGGTCCCCGAAATCCATATGATCAAATCCGAAGGCATAATCGCAAAGATTAAAATCGGGACTGATATTCTCGCCAGTATAGAATATACGAATGCAATCGTGATCCAAATATTCATAGGTTGATTCGTGATAAAAAAGATAATCGGGTCGATCCGACAATTCCACATCATAGTGCTTCGTCAGAAGGTCATAAATATACCACCCGCGCGAGTCCTTGTTGCTCTTATCAAATTCACAGATTTTGATGCGTATCTTTTTCATCGGTTACTATATAATGGTCGAGATGATCTGGCTTGCATAGAGCGGATCGTCACAATCTTCCGGATTTCGTTCACCTATCTCATTGAAATACTTGTACGGGACTTTTACAAGGGTCGCCTCTTTTCTTAAGAACATCTCGTACTCCATATCGATATGCCCCACATCAATGACCCGATATCCTGCCAAGAACAGGTCATAGGCAAGCACCTTAGCCGCAGGCCCAAGCGAAACAAGTATCATCCTATCCTTTCCGACCTTCATCGCTTCTGTCTTTATCGCATCATACCGTTCAAAGGCATTTTCAGGCGGGCATAGTATTCTGCCCAATGACGCAACATTATTGAACATATCATTACCAACTCCCAGCCGACTTTTTGATCCTTCGATCAATACAACATCTTTCCCTTCCCAAATGGAAAAAAGGTTTTTAAAAATATCCCCGCATTGAGACTTATCTACAGCCCCTAAGTAGGGGCGAGTTATGGATGCATTGCCGTATAGTTGATCACGAGATAGCAACCGCTCCCATACATGTCCATATCTAAACAAATGATGGATAGTGAACCAAAAAGCCTGCTTTGTGATCCCGTCAAGCTTTCCCCAGTAGGCGGGGACACATATCAGGAGTCCATCCTCATTCAACTGCAGGACAGATGTAAGCCGCAAAGCTAATGCATTATTTTTTCCCTGAAAAGCGAGATCTCCATTATTAATAAGGGACATTTCCCCATCGCCAAATCGGACAACCGAAAGATTGTCTTTTTTAATACGATT
CP011209.1_gap7	77207	78813	1606	TCCTCTCCAGAAGACTCTTGGGAGCAAGCGTATCCGCAAATCCCCAGTAGATCCAATCGGTCTTTACATATTCCTTCACAAACGCAAACATCTCCGGATTTTCCGCGAGGATATCCATTTTGGGGCGCACAACATATTGAGCCCCCAATTGCTCGACGATCTCCTTAGTCCGATCGGTACTGCTATCGTCCATAACGATAACCTCTCCATAGGGAATGAAGTTCCGAACGACATACTCGATTCGCTTTTCCTCATTATAGGTAAAAATGACAAATGTGATGGTGCTCATAGTTGATTATTTCATTAAGGCGATAATCCGTTTTCTGGTATCCCGAATCAGAACGACCACCGGATTGGGGACGAAATAGATCATAGTCACCAATAGTAAGTATGGGATACTTGCGCCGCGCAGATTATCGTAGATATACCTCAAATTTGCAATGGTACATTGTAATCCATGTCCCTTCGCCCGCAATAGGATAATAGGAATGCTTTTACTATTTACTCCCAAGGCATGTAAAATGCGATCCTTGTCAAAACCGAACGAGCTCATGCGTTGCAATAGAATGTTTGAACTTACATAAGTAAAAAGTTCGGTGCCTCCTTTTACCCACTGGCATTCCTGCCCCGTTGCTACTCCTGGCTGCCGTATATACAAACTTTTTTTATGTGATGCTATAAGCACTCTCAAAACGGTCTCGTAGTAGAACCAATGCTCAAGAGCATCCTCTCTATCTGCGCATGAAAGCCACATATCGCGATTAAACATGAGAACACTGAACCCTCCCTGACAATAACCGAGAAAATAAAATTCATTGGGGTCATCAACTGCAATAGCCTCATTGGATAGAAATTCCCGCCTACTCGTAAGGTCCGCGATCTGCGGGATCGGGGTCGCCTCTATCGTTACGACATCATACTGATGATCCTTTATTTTATCCAAAATAAACTCAATTGCGCCATTAATGATGACGTCATCGTCAGCCATATACCAGCAATAATATCCGTTTGCCCGTGTTACAGCATTGAATATATTTCCGTTACAGCCGATGTTTGTTTCATTCCGAAAATACCTGATATTTTCAAATCGTTCCTGAAAACTCCTTACAATGGCGGCAGTTTCATCATCATCACCGTTATCAGATATAACCACCTCGACTTGCTCACAAACTCGCTCATCATTAAATTGACGAACAATACTTTCTAGAGTCTCCTGTAGACCATGTGGACGCTTATAGGTAGTGAGGCAGATGCTTAATAATGGCTTGTTACTTTTCATACCTTTTTTTATTATTAATAATTATAGCAATAATCGGAATAGCGATATACGATATTAACGTAGCCAAGGCAGCACCACTAATCCCAAACTTAGGGATTAAATACAAGTTCAACAAAACATTCATCGCCATGGAAAAAAAGTTCACAAAAAATACGGAGCTTGTCCTATGTTCAATAATCAGATAATTATTGACGATAGCCGCCATACCGACGCCAATTCCTGCCCACACATAGATCCGTAGTACTCCAACGGCGGGCATATAGGCAACGCCGTACAACAACCTGATGATCAATGGGGCGAACAGATAGATCGGGAGCGCAACAGCGA
CP011209.1_gap8	93990	96215	2225	TGCTTTTTGAGAATTTCAATAGCATCTTTAATTTCCATATAAATAACTTACGCCCCCCAACAAGGCATGTCAATTTTATATTGTAGGCGATAAACCTAGCACGAGTTCATATTAAAGGTATATAAAAAAACCCGCAGCAAAGCCGCGGGGGATGAGGTAGAGATGTATTACCGTTCCATCTTGAAGTACTTGCGATACCACATAGACGTATACTCGATGCCCTCCTCGAACGTGTATTGCGATCTCCATCCGAGGATACTAGTCGCCTTCTCGAAGCTCAGGCTTTGAGAGGGGATCTCGTTCTTCTGTGTGCTGCGGATCACATACTCACACTTTCGCTTCAACGTCTTCGCGATCGCATCGATCAACTCGATAACGGTGAAGTTGTACCCGGTGCTGAAATTGAACGCTTCGCCTTTGGAGATATCCATCTGCTCCATAAGGGCAACGTACCCGTCGGCGACGTCCTTTACGTAGACATAGTCACGGACGAACTGTCCGTCGCTGCGAAGCTCGAGCGGCTCGCAACACCAGGTAGCCCGCATGATGCCGGGCACGATACGGTTGAGGTTGAGATCCCCGGGGCCGTAGATGTTCCCAAACCGACTGACTGCAACGGGCAGGCCATAGGTCTTCGCGTAGGTCCGCGCGATCAGGTCGGTGCATGACTTGGAGACATCATACGGATGATCTCCTGCCATCGGCGCATCCTCGGTCGCATTGTCGCACTTCTTTCCGTACGCCTTGTCGCTCGAAGCAACAACGACGCCTTTGACCATCGTCGAACGCCGAGCTGCTTCCAAGACATTCACCGTCCCCATGATGTTGGTTTCCAACGTCTCACGTGGATTGACGAATGCCGTGTTGACGATCGGCTGTGCGGCGACGTGAAAGATGTGTTCGATTTCATACCGGGTGACCACGTCAAGTACGCGTTGCGCATCCTTGATGTCGCACGTTGCGCTGACGACATGATCACCAAGCTTCTTGCCAGCGAAGTAGGACCACGGATTCGATGCTCGGCACGTGATGTGCACATGCGCACCCATGGCGATCAACTTCTCGGTCAGATGTCCTCCGACAAGTCCTGTCGCTCCGGTGACCAGAACGTTTCGGCCTCTTAAGTCGTGCTTTGTCACATGCCACCTCCTGTATGCGATTGTCTTAATGCATGGATATGCTATTAGTGTTCTGACTTTTGTATAGTGATTTTTAATGAAAAAGTCAACAAAAAGAGGGGCCGAAGCCCCTCTCACGTTTACCAGACCTTCCAAAACGGATCGCACTCCCACAGCTCATTCAGCTCAAGAACTTCCTTTTGAGTGTCCATGGGTTTCCACCTTCCCCCATGGGAAAAGACAGACAGCTCTCCGCGCTCCGCCAGCGGGATGAACACGTGTTCGATCATCGAATCGGGGTCAATCAGGTCGAGCGCCTCGTTCTTGAACACCATGAACCCGCCGTTTACGTAGTCGGCGTGTTCGCCGCCTATAAAGTCTTTGACCTTCGCCTGGTGAAAATCCCTAGCCTTACCGGTACTGTCATCGACGGAGATCAGGCCGAATCGCTCTTCCTTGTGTACGCCGGTGATCGTGCCGATCGTACCCTGCTTTTGATGGAACTCGACCAGCTTGATTACGTTGACATTGCCAACCCCGTCACCGTAAGTAAGCATAAAATCTTCACCACCGAGATGGCGCCGTAAGCGCCTGACGCGCTCGCCCGTAAGAGAATTCAGACCGGTTTCTACAAATGTGACTTTGAAGTCGTCGCAATCGTTGTTGTGAAACGTCAGCTCGGCGGTCTTCGTGTCGAGCGTGAAGTCGTTCAGGAATGTCCTCCAGTGCAGGAAGTATTCCTTGATCATATCGCCACGATACCCTAATGCGAGGATGAATTCGTTATATCCGTAGTGGGCGTAGATCTTCATGATGTGCCACAAGATCGGCTTACCGCCGACGAGCACCAACGGCTTCGGCTTAAACTCCGTTTCCTCCTTCATGCGAGTGCCTTGCCCTCCGCACAGAATCACCGTTTTCATATACCCCCCCTTATTCGGTTGTATCCGCTGTATGTACAGCTAGTTCTAGTTACTGTATAAAAATTTTCTCATTAAAAGTCAAACGGTTCTTTGTTGTCCTGCTGCACTTGTTAACGATTAACCAGCCCAAACACCACCACCCCGAACGCAACTCCGACATTCAAAGATTCCTTTTTTGCCACGC
CP011209.1_gap9	124443	128150	3707	TAATTCTTCCAATAGTATATCCGATTTCCGCCCGCCGAACAAAAAAGACACCACGCAAGCGGATGTCTTTTTATTGAACATGTAAATTGTACAAATTTTGATGAGATGTGAGACGCGGGCATGGCGCAAGGAAGTCGTACTACCAGTACGCGACCGAAGCGCCAGGAGACCCGCAACAAAGCAGCTCGCAAAATATGTAGAGTTATTTACTTTTCGGAGGTCTCCCGCTTTAACTTCTCAATAAGAGAAGCTGCGTAGTCCTTTCCGCCGAGGCCGAAGGCAATACCACCTGCGAGGGCGAGCATAGCAACAACACCGGTAATGACCGTCTGGAGAACATAGACGTTGATTCCAAGCTGCATCAAAGCAGTAATGAGACCAAAAACGACAACAATCCACCAAACGAACGATCCGAGGAAGTTAGCTGCGTAAAGCTTCGCACTCGAAACGGAGGCCTTTACCAATGATTTTGAAAACTTCGCAACTACCAAGGTCGCGAGCATTATCAATGCAGCGGCAACGATATTTGGAAAATACAAGAGTACTTGTTTCAAGAAATCAGAAAAGACATCCAATCCCAAGAGACTGGAAACTGCCAAAATGGCAACGATCGCGAAGAACCAATAGACAGCCCGACCCAAGAATCGTCCTGAGTCAAGACGCATATCGCCGCGCTCAACATATTGAGCAACGCCGATTTTCTTCAACAATTCGTCCAATTTAATCGCTTTAATAATCTGTTCAACTACCGTTCCGAATACGGAAGCGATGACCAAACCGATAATCAACACGATAAGAGCTCCAAGAAACTTAGGCACGAACGCCATTACTCCAAGCCACACGTTTGCCAGCGAACCGTAAAGCGTGCTTGTTAAATTTTGTACGAACATTTGTTTGTTATCACCCGCCGATCGAAACCGACAGATGACACCATTATGTGTTTTCGACCTTTCAACTTGTTACCAGTATACCCCGTTAGAGAATTTATTCCAACACCCACTAATAAAATCAACGCTTATCGACTACAAATGGCACACCTTAGATATATCGTGGCGTTAAATTCTCTAACGGGTATATATATCAAAAAGTCATTTGATCGCATAGAGGACAATTAGCCAAGGTTCAAATCCATGATCCCCAGCGTATAAATACTACAAATACAAAAATCTCCATAATCTCGCAGAGGTACTGGCTCTGTGATATAATAGGGACAATGAAATTCTTATCTCGATTCCTGTTTTCAATATTCTCAAACCTCCTGGCGTTTCTGATCGCGATCAAATTCGTCGAAGGGTTTACGATCGCCGATGGGTCCACAACATTATTCGGCATCAGTGTGCCGGTCCTGGTCGCCGTAGTGGCGCTATTCACGGTCATTAACCTATTTATCCGACCGATTATCAAGCTTATCCTGAGTCCGATCATCATCCTAACCTTCGGGCTCGGCATCCTTGTTGTAAACGCATTAATGCTGTATCTGCTTGATTATTTCTCGAAAAATGTTACCATACAGGGACTTGAGCCACTCGCCTACGCGACACTCATCATTAGTGTCGTCAACCTCATTATAGGTGTGTCGGCGCGTAAAACCTACAAAGACTAACTACCATGGACTATTTATCAATTGCTCAGCTCGTTTTATCGATTGTATTGATTATCATCATTCTTCTACAGGAGCGTTCTTCGGGCCTTTCTGGCGCTTTTGGTGGCGGAACCGAGGGAGGAACCTACCAGACCCGTCGCGGATTTGAACGTATAATCTTCGGAGCAACCATTGTCATTGCGGTTGCATTTGCGGCGCTTTCCCTTGTCGACCTCATTAAATAAATTAGAGGCGTTCTTGTTTTACCGAACTGCTTCGCATGTTGTCGTTACTAACGATTCATTAGTAGCTGAAGCATATACGAAATACCCGAGTACCGACGAGACATCCGCGCGATAACGAAGCCCGGAGCATCTCCTCCTTACCCTTAAAATAAGGACGTCTTACTACTTTCTTGTTAAAGACAGCTCTCAATCTTTTCTTTTTATTCTCCCGCAAAGAACGCATCGCGTTCATTGCGGCATTTTTTGTATTGATCATCTCGTCATTACTCCTTCTAATCAGTATCATAAAAACGAATACGGTATTATCCCCTGTTGATGGTGGCGAATATGTCGAGGGTATCGTCGGTCAGCCGATCTATATCAACCCGATTTTCGCGGAAAACAACAATCCCGACAACGACCTTTCGCAGCTATTTTTCGCGAACATGCGGGCGATCGCAGAAAAGGTGGAAATGGGCGAAGACGGAAGAACGTTCACTATTCGCCTCAAGGGAGACATCGCATGGCAAGACAATCAGCCGCTTACGGCAGATGATATCATTTTTACCCTGCAGTTAATCCAAGACCCGGACGTGGGGTCTTCGCTTGCGGCGGCATGGAAAGGGGTCCAGATCAATCGCATCAGTGAACGCGAGTTACAAATCATCGCCCCCACGACCTATTCCTTCTTCGAAAACACACTTTTATCGCTACAGCCGATCCCAAAGCACCTCTTTGAAAGCATCCCGCCCGCGAACATACGCCTCTCGGACTACAACCGAGAACCGATCGGTAGCGGCCCGTACAAATTTGATTCCTTTGAAAAACGCCGGGACGGGTTCATCACGCAAATCACTGCAAAGAAGAACGACAAATACTTCGGAAATCACGCCTACATAGAAACGCTCATAGTGCGGTTCTATCAAAACGAACCAGACGCAGTGGAAGCGCTCAATGATGGAGATATCGACGGCATGGCTATTATCGATCCGAAGAATTTCGACGGGGTATCTATTCCCTCCCGTATTCATAAGCTCGAAATGCCAAGGTATTATGCGGTATTTCCGAATTCCTTTGCTAACCCGATTCTCACGCCGATGAGTATGCGAACTGCGCTCGATCTCGCGATAGACAAAGTGGCAATCACGCAGGAGATCTTTGGAGAAAATGCTGTCATGATAACCGATCCGATCCCTCCGTTTACGCCGGAAACGCAAGGCGTGCAGGAATATTCTCCGGAAAAGGCAAGTGCGATCCTCGAAGAGTATGGGTGGCGTATGACCGACTCAGGCATTCGAGAAAAAGATGGGGAACGACTCGAATTCATATTGACGGTATACCCAACACCATTTCTTGAACAAACAGCGGAAATACTTAAAAAACAATGGAAGGTGGTTGGCATTGACGTACAAGTCCATATCGCATCGGCACACAACTTCAACAGCGAAGTGATCAAGCCACGTAATTATGAGTTACTCCTCTTTGGGAACAATTACGGTAAAAACCTCGACCCCTATTCCTTCTGGCACTCAAGTCAAAAGCTAGCACCGGGACTAAATCTATCTGTCTATAGCAATAAGGATGTCGATAAATTCATTGATGTAGTTCGCACGGATTTCGACCCCGCGAGCAGAGCCATTGGTATGGGACAGATCGAACCGGTTATTATGGAAGATAAACCGGCGGTATTCCTCTACTCACCGTACTATCTCTACGTCAGTAATAAATCTCTTAAGGGATTTGATGTGCCGTCAATAGGAACACCAAGCGAACGCTTCACGCTCATCGATACATGGTATATCAAGACGGTGCGAACATTCAAAAAATAATCTTGGTCATAAAGGTTGTCATTCCGGCGGAGGCCGGAATCTAGAAGTCTTCTTTAAGGTAATATCTACTCA
CP011209.1_gap10	130599	134285	3686	TCGGGACTGTCAATGAAAACCAACGTGCAGATCGCGCAAAATCTTGGATATATCAAGATCAAACAAGGCACGGTCATCCCGCTCGATGATATTCATAAATATCCGGACGATAAGGTTGTTATTCTCTCAACAGGAGCACAGGGAGAAGAAAATGCAAGTCTCATGAAGATCGCAACGGGAGAAAATCGATCATTTCAGGTTCGCCCAGGAGATACGATCATGTTCTCGTCATCGATCATTCCAGGCAATGAGCGCGCCGTACAGACCGTCAAGGACGCACTAGCACGCCAAGGAGCAATCATTTATCACTCAAAGAACTCCGACATTTATTCCAGTGGTCATGCCACGGCAGATGAATTGAAGGCGATTATCAAAGCGGTCAAACCGAAGTACTACGTACCGATCCATGGATACTACTTCATGCGATCAACTAACGCGTTGCTCGCACAGGAATGTGGCGTTTTAAAGGAAAATACCATAGTAGCCGATAATGGATTGGTTGTTGAATTCTCAAAGACAGGGTTCCAGGTGGATATGGATCACCAGCTTCCCGCTCATTACGTCATGGTTGATGGATTGGGCGTCGGCGATGTCGGAGAGATCGTCATGCGCGACCGCAAAATGCTCGCAGAAGAAGGCATGGTCGTGATCGTTGCCACGATCGACAAGAAAACCGGAAACATCATCAAAAATCCGGATATCATATCTCGCGGATTCATCTATCTTAAGGAAAATGTTGGAATCGTTGAAGAAATGCGCAAGAAGATCAAGGGAATCATCGTGCAAATGCCGGTACACAAAGAAGTCGAGATGGACTATCTAAAGTCGCTCGTTCGTGACCAGATCGGCCAATTCCTGTATACTAAAACGAAGCGAAGACCAATGGTCCTCCCAGTCATTATATATGTGTGAGTTTTGAGTGGTGAGGTATAGGGCACGAAAAATGCAATTGTACTCAACACCTTACCTCTTACCTCAATCTCTAATATCTTATGCAAAAGCCAGTCCTCTTCTCCGGCATGCAGCCGACCGGAAAACTCCATATCGGAAACTACTTCGGCGCGTTAAAAAATTGGGTTGAGCTGCAAAACTCAGGGAGATACCAATGCTACTTCTTCGTCGCCGACCTGCATTCAATCACCGCGTCATTTGATCCGGCTGAAAAATATAGACAATCAGTAGAAGTGATCGCGGATTACATTGCCGCAGGTATCAGTCCGGAAAAATCCATTGTATTTATACAATCGCAGATTCCGGAACACAGCGAGCTCGCATGGGTACTTAATTGCATTACTCCATTCGGAGAATTACGTCGCATGACGCAATTCAAGGACAAATCGACGACACAAGCAGAAAACATCAATGTCGGACTATTCGACTATCCAGTCCTGATGGCAGCAGATGTCCTACTCTATGACACAGAAGTCGTACCGGTCGGAGAAGATCAGCTGCAGCACCTTGAACTTACCCGCACCATCGCGCGCAAGTTTAATGGACAATTCACAAAGATCATGCAAGAACCGGAGCCGCTATTGACTGAAGTTCCGCGTCTTATGAGCTTGAGCGATCCGCTCAAGAAGATGTCCAAGTCGATGCCAGAGGGGTGCCTTTTTCTCGACGACGAGCCCGATGTCATTCGCGATAAAGTAAAGCGCGCGGTGACCGACTCGGATGCGAAAGTGCTCTATAGTCCATCCAAAAAACCGGGCATTGCAAACCTAATGCGTATCTACCGCGGATTTACCAATCTACCAATCAAAGAAATCGAAAAGAAGTACGCAGGTGCAAACTACGGTGTGTTCAAGAAAGAGCTTGCCGAAGTGATTGTCGAAGGCTTGCGACCATTCCAGGTGCGTAAAAAGCTGCTCATGAAGAAGTCGGGTGAAATAGATCGGATCATTGAGAAAGGACGAAAAAAAGCTCAGAAAAAAGCGACTGAAAAGATGGACCAGGTAAAGGTAACGCTCGGCATCGCAAAAAAACCGATGAAGAAAACAGTCACAAAAAGCGCATAATGCGCTTTTTGTTTTTTAGTGAATTGCGCAACTCAACAAAGTCGCGCACTCCTGCCCATTAAAATTGCTGTCCAAATTGACGGTCGTCAATTTGGACAGCAACTACCAAGCCTTAATGTAATCAGTTTTTTCACATACATCTCTGCGTCCCCATCCTCTACTCACCAGGAAGTATCTAGGTACTGGGATTTTTAAGTGATGTATTTTACACGGTATGCGTGTTCGACAGCCCAATTCTTGCTTTTAGCGTAGCAAGGCGAAAATGGCAATATTCTATGACAGGTGGATCACACGTGGTTTTCTGATAAGGTGGTACCGAGATTGAATGGCCCACAATACAAAAGCCCCTCGAATAATCGAGGGGCCGTTTTTTTACCGGGGAAGATTTTTATTATCCTTTCCCGGGGAAGAAGGGGTCGAAGAGAAGCACGGGGCTACCCAACGCCTCCCCGTGCACGTGCAAGATCTTACCGCTCGTCGCTCCGCGGACGACGATATGGCTACCGATCCCGCCGGAAAACATACCCGTCCCCGCATCGGGAAGCGTGACCACGATCTGCTCAAGCAAGGACCATCCGATATCGGCAACAATCCGGAAGGTTACCACCTTTCCCTTGGGGATAAGAACCCCGCACGGGATGTACGCATAGGTCGTATCGACCCATCCGTTTTCCGGTGATGCCTGTCTGGGCATCACCGATGTCGCCGTGGGACTTGCCTGGATGTCATTTTGCGTAAGGCGGATGTTGTGCAAGACATTTTCCTGCAGTAGTTCCTGATACCGGGAACTGTAGATTTCCGGGATCACGAATTCCAGGATACCATCTTCGACATCGTCGACGGCAACTGCGAATTCATTGACAACGACACTTCGCTGTCCGTAATCCACACACTGTAGATAGCCATCGTTGAAGTTCGTCGAGGAAACGTATACGTTCCCCGAAGGCCCATTGTCGGGAAGCGTCGCGGTGGATACATATTGCGTATCCCCACATCCGGCAAACAACGCCACCAGAGCTCCCAAAACCACCGCCAAAAACATTCTCTTCATATATACCCCCTTAGTTTTTTAACTGCTGAATATATTGTATACTAAAAACATATTTATGTCAATAGGAAAGAAAACCCCGCTTTCGCGGAGGGTTATGTAGTATTCTCCTTTTCTTCATTCTCCGGGGCATCTTCTGCTTCTTCCGCAGATTCTCCAACAATGGGCCCAAGTTCAAGTTCCGTAATCTTGTCGATCCTTCGCTGGTGATGCTCGGCTCCGTCATATGCAGTTTCAATGAACGCATCAACGATTGCCTTTGCCGTATCTGCATCAAGAAAATCGGCAGCGAGTGCAAGCACATTCGCATCATCATCGTTCCGCGCAGCCTTTGCTTGATCTGAGTTAGAGATCAATGCCGAGCGAATATCGATAAACTTGTTCGCCACGATATCGACACCCACTCCCGAACCGCAAATCACGATCCCCCGATCCTCGACAGGATTATTCGAAACAGCATCGGCAACCGCAGCGGCGAAATCAGGATAATCATCCCCCTCCTCCTCTACTTCATTACCCATATCGACGACATCATACCCTCTATCAAACAAAAACGCCTTAAGCTCTTCCTTTAATGCGAACCCACGATGATCCGCGCCAAGATAAATAATCATATGTAAATA
CP011209.1_gap11	154904	156920	2016	CTTAGAGACCGTATCAACAAATTCCTTTATTCCAAAAAAGACAAAGTATTCCCACTTTGATTCCGGCGAAGGCTCCCGCATAGTAAGCTCAAAAACAGCGCGCTCATCCTCCTTATTTAGCTCTAGCATAAAATCATTAAAGGAGAATATATTAAAATATTCCAGAAGTGGGAACGGATTCTTTTTATAGTCGTTAAACATACAGATGATAATTAGGGAACATATGTTACTGACCACAGCTTATCATATTTATCGTTATTTAAAAATTAGAGGTAGGCACTACTACTAAGATTAAAGAAGGGGCTGATCTCTTATAATTTACTCGGCATCATCCAACCGTATCACATGCAGACCATGTTTTTCCAGTGCTTCCCGCTGTCCAAATGAATCAAGCGTAAAAGTACCCACGTATCCAACTTTTTTACTCACACTCCTCCCTGTATATTCTTTTGTCTCTGAATCCCATTCTTCCAAAATCAGTTCATCGCCCGAAGCGATAGCAAAATCCGCAACCCTAAATTCAAGCTGTTTCTCTCCGCTTAAAACCTTCTCAAAATATTCCGGCCACGTTTTCTTTTTAATGATCGCCATGATGTTTATTGATTCGATACCGTCTCCAGATCAGGCCATATACGAGCGCAAGCGCAATGATATCCAATGCCATGAACCACGGCTGCCCCCAAGAAAATCCATTAAACTTCCAGCTCGAGATCGGCCACAGTACGGGAGTTGGAAAAAATTGATAGGAATGGGTTGGCACATCGATCACGACATGTACGAGCCATCCAAGCATCTCCCAAATGGGGCGCTTGAAGATCAACCACACCAACCCGAACACAAGCGCAAAAATGATCAGGCTGTGACTTATATTGTAGAGTGTTTCGGTCAGCTGAGTAATAAATTGCCCGTTACCGCCAAACGGCTCGGCATTGCGCGCATCAAATCGAGTTCCCGTAGACCACATCCAAACAAATGCCGCAGTGAACGAAAAAAGATCCGGGAAGATGCCCCACAATCCAGTCTTCCAAACAGAAACCCTTGTTTTGGTTTTCAGATTGATACCATGTGCTCCGGCAGCAGCCCACAGCCCATGCGAGAAGATGTCCATATATACAGTGTATGCCCTTCGTTAGTGCGATGCAAAAGCAAGAATGATGAGTGCAACAACGCCAAACCCAACCCCAACCATCTGTAGTGTATCCAGTGACTCCTTAAAAATAACGAGCCCGATGATCAAAAATCCGATGATCGAAACCAGACTCCATAATACCGAAGTGATCACAAGTCCTTCGCGCAATAACGTAGGCAAATAAAAGAAACCCGATCCAAAATAACCGAGCAACGCAAGCATTCCCCACACTGGCCGCTGATCAATAGACCATGTCTTTGCAAAATAATCACCCGCGATCACAGAAGTCGAAGCCAATAGTATAAGCACAAAGACAGGGAGCTTGGAAAGAAGTGCGATATAAATTTGCATAAAGTGCGCCCACTAGGACTCGAACCTAGGACCAATCGCGTATAAGGCGACCGCTCTACCAACTGAGCTATAGGCGCGTTTCTTATTTATACGTCATCGAAAAATAATCTTCAAGTACCTGAATTTTGTATTCCCTCGCGAGCTGTAAAAAATCGATCAGAATGAACGCAGAAAATTCCCCAGAATCCGAGGTGCGGGGTCCCATCAGTAAATGGGCGCACCCTCGGAATTCGTAAGGAATTTTTAAGATCATTCCGATTTTTTATTTCGCTCGCAAGCTTTTTGGTACTTTTTCTGGAAAAAGTATAGAAAACTGGATTCCGGATCAATTCCGGAATGACAAAGGAGCGCATAGGCGCTCCTTTGTTTGTGATATCTCTTAAGCCTTCTTAATCTTCAACTCCTTTAACATCGCATCAAACTCCTCCTTCTCAATTGTTTCCTTCTCAATGAGTCGCTTGGCTATTTTTTCGAGTGATGCCTTTTGTGAGCTTAATACCTTCTTTGCGGTTTGATATGACTGATCGATATAATAT
CP011209.1_gap12	297679	299888	2209	TTGCTCCTGTCGCACCGAGTGGATTGAATGTGGAATAACTCAAGTATAAAGTATTTGGTATTACGTATGATGTATAAATACAAAAAGATGTGAAATACATAAAAGTTTATAAAGTTCGTAATGTTTATAAAGCAGAATACTAAATACTAAATACGAAATACTAATAAAAAGTGGTATAATTAAGAAATGATAAAACAAATGCTGAAAACTTTTCTTTTTCTCGCGATGTTTTTCTTGCTGCCAAATTTTTCCCAGGCCGCAATTATCTTTGAGGATAATTTCAATGATTCTCCCGATTGGCAATCGGCTGAGTCTTATCCGAGCACGAATGCCGGCTGGCCAAACACCTGGAAGGATAAACCAGGTGGTCCAAGTCAGCCCCCTCCGCAAAACTGGACGGCGTACAGTGCAGCTATCCCAAGATGGGACAGGGGTCCAACTTGGAAATTAGATGCTAGTGGTGCTCGAAATTCCGGAAAGGGTATCACTTTTGCAGTTGAGGCTGTGCATACCTGGGCGGGCGGTGGTCTGGATTTATATCTGGGAAACGTTGGATATCAAGAATTATATGTACGGGGATATTACAAATATGATCCAGTAACTTTTCATTGGCCGACTATAAACAATGAAGGCATTAATAACGGGAATTATCATAAGATTGCCAGGATTTCCAGATATCAACTGGAGCCATCCTTGGTAAATAATCCGCAGCAATTTTTAGCTCCCAGTTATCAGGCGCCAACTTTCTATCCTGAGGTTGCAGTAAACACGGGCACTGGTTATCAAAATCCGCCAGATCTCAATGCTGTCCATTTTCTTGGCGCGCGCGTTTTTGATCCTGGCGCTGGCGATGCTTCGGCGGAAGATGTTTATACTCTGCCAATGCCATCGGATGGTGGTTGGCATAGTTATGAATTTAGGGTAAAGATGAACAGCGCGCCGGGCGTTGCGGATGGCGAATGGGAGGTGTGGGTTGATGATGGCGTAAATCCTTACCAGCATCATAAGCGGACTGGGCTTGCTTGGATCGGCGCCGATTCAGTAAATGGCCTTTCTCCTGGTTGGAACTGGGTTAATGCTTTGGATAATATAACCATAAATCAAACAGGAACCATCTACGAGAACACGGAGATGAAAATATTTCTAGATGATTTTGTGATCAGTGATTCTTTTATTGGTAAGGATTATGTGATTGGCACTGCTGATATTACCGCACCTGCCGCACCGACAGGATTAGGGGTGACGTAAATTCATGTATAACGTATTTGGTATTATGTATGAAGTATGAATAATATAAAATTCAAGATTTAAATACCTATTTAATACCCAACTAAAAATGCCAAAGCAAACACTAAAAGCTTTTCTTTTTCTAGCGATGTTTTTCTTGTTGCCTAATTTTTCCCAGGCCGCAATTATTTTTGAGGATAATTTCAATGATTCTCCCGATTGGCAATCGGCCGAATCAAACCCCGGTGATAATGTGGACTGGTTCAGTTCTTCTTGGATACGCAATCCATCTGGCCCACCGGAACCTCCCATGCAAAATTGGACTTCATATCGGACAGAAATTCCATTGGGTAACTCAGTGAAAAGATATATTTTAAGTGAAGAAGGGAAACGTGGAATAAGCGGAAAAGGGGTAACTTATAATGTGGAGAGCAGCGGGACGTGGTCGGGAGGTGGTCTGGATCTTTATCTTGGAAATACTGGATATCAGGAAATTTTTGTACGCTTTTATTTGCGTTATGATCCCGCGACTTGGGTGTGGGCACTGCGTGAAACTGGTTTAAATGGGGAAAAGCAGAAACTCATACGCATCTCGAGGTTAAAGGATGAGCCTACGGCCCAAACTGCATGGAATCCTCAGTTGTTTGACACTGCAGCGTCAGGTGGACATCAGATGCCAGTTTTATATCCGGATGTCAAAGAAAATAACGGCGCTGGTTATAATACCCCATCTGTAAATGGCTTGTATGGTTTGTATCTTGAATATACCAGGCGCTTTGATCCTGAATATGGAAGCGAATCCCCATCTGAAACAAGATCATTCCCCATGCCGTCTTTAGGATTGAAAAATTTTGTTCCTCCGACTTCAGGAACTGATTCAAGTACGGATTATTATAAAACTGATGGAGATTGGCATTCCTACGAATTCCGCGTGAAAATGAATAGCGCGCCAGGGGTGGCTGATGGAGAATGGGAAACTTGG
CP011209.1_gap13	312930	314197	1267	CACATGCGGCGGACAATGTGCTTCCGACAATAGCATCGCGCGTGCACGAAGTGTATTTCGCGATGGAAGGATCAAAAATAGAAGCGGGAGACTTTTTCTCCGAAACGCTCGGGGGATTACGAAAGAATCTCGAAAAGAACAGTGCGCTTGCGCACGAGATCATTCGGAGAAAGATGGCATTGGATCGGTATAATTTGAACAAACCACTACAGATGCGTCTTTTGGAAGGCTATGCCGAGCAATATGGAATCGCAAAGAAGGCAAAAGAAGTTGTTAAAAAAAGAATCACGAGGAAAAGCAGTTAAGAAAAAAGCGGCACACCCGAGGGTGTGCCATTGTGCGCCGTAGAATGACGACGGCTACTGTTCGATGTTGGCGATTGCGCGCAACTGATCCGTACGACCAGCGAGGATGCTGTTGATCATATACCGCTGGTCGCCATTGTTAAGATCGATGAGTATATCCAGGAGTTGTGGTGTTGAGAGATGCGCGTACCTTCTGGAAAGAAGGAGGTTGAACCAGTTGACCGCATCGGATTGCCCCCGTTGTTCTGCGCATCTCAGCCAGTACTCGATCGTTGCGATCGAAAGGGGACACTGCTCGAGTTTTTGGAGACAGGCCTTCCGTGTCCCCTCGAACTCAGTCTCGGTTAGAAGAATTAAAAACGTTTCGCCGGCTGATATATGAGTGGCGTCGATAAACGTAACTTCTCGCAACTCAGCACCCTCAATCGTACGGAAGAAGCTACGAAGGACGTCCACGGCGAGATCTTCGATCTGTGCGGCAGCTACTGCAAAGATGAGCTTCGTATCCATAATTACGGTTTCAGTGATCAACTCATGGAGTTGTTCAACCGGGATCGGGTGGCAGACGATTGCCGCGGCAATTTCTTGCCCGTAGCCGTTGCATAGATGTGATTGAAACAGATTGATCAGAAGTGGCTGATGTCTTTGATCCTGCGCCAGGTGGCAGAGTACATGCGTTACTACTTCGGCACTTGCTTTCTCGAGGAACGCGCAGAGGTTATTTTGGCTAAAGTCTTTGTGCCGTAGGAGTGCGTCACCGAGTAGGTCCCCGTGATCAAAGTAGTGGGTTTTCGGAAGAATGACGAAGAGAGCTCGAAGTGTAAAGTCCTTGTGGTGGACGAACACATTAAGCCCGCGGCGCAATGCCGTTGCATCGGTGATCCTGTCGAGGACGAATAGGAGATCGTCAATGGAAGAGATCCTCCTGAGCGTTGCGCAGAATTGCGCGCGGTTGAGATTAC
CP011209.1_gap14	325181	328770	3589	TCAAAAATTTTTACACCCACAGAACCAAGGAGTGTTTCTCCGGTGAAAGTAACCAAAACCCCCGCGTAAGCGGGGGTTTTGGTTAAATGGTATCTGCGAACTATAAAAATGGCGGACTAAATGGCTGATGAAAATTCCCTGGGAGCGAAAATTCGAGGTCTCGGCAGGTAGGCAGGCAGGGGTTTGGTTTCGTAAGGAATTTTGAGTCCATTCGCCACTTTTATTTCGGTTCGCGATTTCGCCCTTGGCATTGTTAACGATCCGTCAGCAGGAGGAGGATATGCAACGGGCCGGGCTGTCGGATTCGATTTTTCCGACACGAATTCGACGGACATACTTTTTATAAAAAATAAGTTATTTTAAAAAAAGAAGTGGATTCCCGCCTCCGCGGGGATGACAAGTGCGAAGCGAAATATAAACTAAAACGCGCGGTCCTATTAATAGGACCGCGCGTTTTTCGTACCTCTTCCATATTCCATTTTTCATATTTCGTTTTTCGAGTCCGTTGGCCATTCGATCGGGCCGGTCACCCCCTCGACTTCATCAAACGTGGTCATGCCAGCGATGACCTTGAGAATGCCGTCCTCCTGCATGGTTGTCATGCCGTTTTCTCGGGCAAACTTGAGGAAGGTCTGTTCGCCTGCCATATTCGCGATCAATTCTTCAAGTCCAGGTTGCTTAGTAAAGAGCTCGTAGATGGCGACGCGCCCCTTGTATCCGGTATTGTTGCAGACATCGCATCCGATGGGAGCGAATAGAGTCGGCGTGTTATAAGTTGCGCGGTTGACGCGAGTGGGGAGCGCGGCGACAAACTGGTCAAACTTGCTCTTCAGATCGGCATCGAGCGGCATTGGTGTCTTGCAGTTAGTGCAGAGGCGGCGGATGAGTCGTTGCGCGATGACGAGCGTAAGTGCCGGTCCGATGGACTGCGGCTTCACGTTTAGATCGAGCAAGCGGGGGACGGCTCCCGCGGCAGAGTTGGTATGCAGTGTCGAGAAGACCAAATGTCCGGTGAGGGCCGCTTGGATGGCGATCTCTGCGGTTTCCTGGTCGCGTATTTCTCCGACCAGAATAACGTCAGGGTCTTGGCGCATTAATGAGCGAAGACCATTGGCAAAGGTGTATCCGCTTGCATTGTTGATCTGCGTCTGCTCGATTCCCTCGAGGTGATATTCGATTGGATCTTCAATGGTGATGATCTTTTCGGTCGGGTCCGCCTTTGCGCCGAGAAACGTATAGAGCGTGGTCGTCTTACCGGATCCGGTAGGCCCGGTATTGAGAATCATGCCATTGGGACGGTTAAGCTCGACATTGATGATCGCAAGGTCGTCCTCGCGCAACCCAAGCTGCGGGAGCGTGATCTTGATCGCATCAGGGTCGAGTAGGCGCATAACGGCGACTTCGCCAAACTGGGCAGGGGCGATGGCAACGCGGACCTCGACATCTTTCTGGGGAAAGCGGATGGTGAAGCGGCCATCCTGCGCTTCCTTGGTAACGTTTAGTTTCAAACTTGAAAGAAGTTTGATGCGGGTCAGGAGAAACGGATAAAAATCCTTCGTAAAGGTAAAAATATCATGGAGATTACCATCGATGCGTAGGCGTAGCTTTCCATCATGTTCACTTGGCTCAAGATGGATGTCAGATGCACGGGTGCCCATGGCACCGCGAGAAATGATCTCAAGCACTTCGCCTGCCTTACTGGGGGAGAACTCTTCTTCGCTAAGAACTTCTTTGAGACCAGCGATTGAATTGAGTCGATCAGCGAGTTCGATGACGCGCTGTTCGATCTGCACCTTGCCAGTGATCTTCTCGGTTTCCTTTGCGACATAGCGATAATAGCTCAAGGCATAGTCCATACTGGATGGACTGACGATATAATCGGTAACGGTATATCCCTTTGCAACAAGGTCATCCAGTGCTTGCTTTGTTTTTGCGCGGGTCGGATCCAGAGTGACAACGGCGAGCTGGTTCACCTTGCGCTCGATGGCAGCAACAGATGCTTCGCGGGCAGTCGTTTCGGGAATCACCGAAAGAGCCTCGATATTGATCGGGGTTTTTGTAAGGGTTATATACTTTTTATTGAGCGCAACGGCACGATGCTGCGCTTCGCGCTCCTGCGCTTCCTTTTTGATGCGATCTAACTTTTGGGTTAATGTTTCTTCCATATTTGGTTTGTCATTCCCGCCTCCGCGAGAATGACACTGCGTTGCTTGTATTATAGAGAATTTTGAGATTTCTTACGAGCCCCGTTAGAGACATCTATATATCTAAAATAAATTTTATTCTATAAGTATATGTAATGGAGGTTTATAACGGGGGGGCGAGGGCAATCAAAAAAGCCCTTGTGGACTTTTTGTGATGTTTACATTTCCTGCGTTTCGCGCGGGATTCTCGTGGAACCTTCCGGTTCGACGATTTTAAGATTTACGCGTGCGTGGTTTTTGACACCCACGATGCGAAGGAGGGAGCGGATCGCTTTTGCGGTGGATCCTTGTCGTCCGACGATCTGACCCATGTCGAGCGGGTTTACTCGCAAACTAAGGAGTACCCCCATCTCATCGACCTTGCGCTCGACTACTACCTCTTCAGGGTGATCGACGATTGACTTGACGAGAAACTCGAGGAATGCCTGGTCTTTTTCTTCCATGTCTCTGATTGCTGTTCGTATGCTACGTTCGTGCTATGCGACCTTTGAATTTTAAATATGGTATAAGTATACGGATTATCGAAAAATATTACAATAAAAAATCCTCCGCGCTGGGCGGAGGATTTTTTAAATGGAAATTATTCAGTAGGAGCTTCTTCGGCTGCTTCAACTGGTGCGTCTTCTACAGCTTCTTGTGCTGCGGCTGCAGCCTCTGCTTCGGCAGCTTTGGCAGCCTTGGCTTCTTCTGAGGCCTTTGCTTCAGCTTCGGCCTTGGCCTTTGCTGCAGCTTCAGCTGCCTTGCGCGGAGCATCTAATGCTTCCTGATGTGCCTTGATATCGTGTGAGGACTTTTTCTTGCCCTTAATAACGCCATCCTTCACAAAGATGTTGTGTACGGTGTCGGTCGGCTGGGCTCCTACACTGATCCAATAGGCTGCACGCTCCTTGTTTACGGAATGCGCTTTATCGCGCGGATTCCAGAATCCAAGGTCTTCAACATATTTCCCACCCATTTTTGATCGCTTTTCTGCGACTACGATGCGGAAGGTCGGCTGGTGCTTCTTCCCGATTCGATTTAACTTTATTGCTAACATAGTTGTAGTAGAATACTGAATAACCGGAAAAAATGCAAGGGCTAGGCGATATAATTGACCAAAAGCAAAGAATGTGGTAATTATGAATACAGCACGCAAAAACATGAACAAAAAGGGAGGTCGGTAGTATGGTACGAGAAACAATTTTAGTGGTAAGTGGAAAAAGTGAGATGGTCACAGGCGTGATCACGGCGCTAGGATGCAATGAGATTAATACGGCAGCCAATAGGGCGATTCGGGTAGTTGAGCGTTTCATTGGTGAGTTCGGACAGGGGATCCCTGTTGCTATCGTACATGAGGAGAATCCGGATACCGTGAGTGTACTTGCGGACAGGCTAAAGCGCGTCTG
CP011209.1_gap15	419319	422849	3530	CCGTCGGATCTATTCTTTTATTCGGATCCGTTGCAATTGCGATCGTGTTTTTTTATGCGCGATCAAATTATTACGCATTGCGACAAGCTGATATTCGGACGGAGGTTCTTGAGCAGGCGAGTGATATAGGGGCTTCACTTGAGCAGGCGAAGCGCATCGTAAAGCATATTGCAAGCGAGAAAGAATTAATACGGTATTTGGAAGGCGATGCCGAATCTTCAGATCGTGCGCGTATTGTTGATATGTTAAGTCATTACAACGGGGAGCGGCTGTATGATCCATTATACGTACTTGATCGATCAGGCATCGCTACTGCATCGCTCGATTCTACCTTTGTCGGGAATGATTATAGTTTTCGCAGTTATTTTACGAACGCGATGCGTGGTGAGTCAACGGCAGAATTTTTGATTGGCGTAACGTCCGGAAAGGCGGGGTACTATTTTTCATCCCCAGTCATTTCCAGTGATGGGGGTATTATCGGTGTCGTTGTAGGGAAGGTTTCCCGGGATATTGGAAATGAATTGATTTCCGGAAGTTTTTTAATAGAAAACGGGTCAATTATGATTACCGATACCGACGGTATCGTTTTGTACGCAAGTCGGGCGGATCAACTCTACCACTCTATCGGGGTATTGTCTGATGAAGATCGGGATAGAATCACAGGAAACAGGCAGTTTGCTAATCTTCCCTTGACCTCGCTTGGATATAACCGCATCTTTCAGGCCATACGAACACATACAGGAACGCCTGACTTATTTGATTTTTCCAACCCTGTTACCCATGAGAATGAGGTGGTCGCTGTTGTTGCGATCCCGCAGACGGATTTGTTTCTTGTTGTTCAAGAGAGTGTGGTGTCACTTATTGCGCCGGTGCGCATTATTCTATTCGGTCTTATTATTGCTGTGCTCCTTTCCATGCTCGCCACTTCAATATTTGTGTACGTACTCGTTCGTCAGTTTTTGGCACCATTATCACGATTAAAATTTGCCGCAGAGCGCATCAGTGCGGGTGCGTTTGATTATCGCGTCGAGATCAAAACCGGTGATGAATTAGGTAAAATGGGCGAACAGTTTAATGTAATGGCGGATCGTCTTAAAAATTCGTATGCCGGACTTGAACGAACGGTGGCGGAAAAAACGAGCGAACTTTCTGCCAAGTTGGTTAGTATCGAGCAAAAGAATGCGGAGCTACGTGATACGCAACGCGCGGTATTGAATATTTTGGAAGATGCACGCAGTTTGGAAGCGCAGATTGCAGATGAGCGTAACCATTTGCGCGGGATTCTTGCGGCGATGGGTGAGGGACTCTTTGTGCTCGATGATCGATATCGCATCGTACTGAGCAATCCAATTGCCGAGCGGATACTTGATATGCAGGCTGATGAAATTATCGGAAAGAGTATGAGCGATATCATTACGCTCTATAAGGGGAAAGAGGAAGTTCCGGTTGAAGGACGGCCTATGGTAAAAGTGTTTACTGAGGGCAAGATCATTGCGGCTGATCTGCGGGATGATTTCTATTGGCAGACATCCAAAGGGCGTAAATTCCCCGTTGGTTTCATCGCTGCTCCACTTACGGTTGGTGGAATACGAAATGAGGTCGTTGTGTTTCGCAACCTGGAAAAGGAGAAAAATCTTGATGAGGCACGGACAAGTTTTATTTCCATAACATCACATCAGCTCCGCACGCCGCTTACGTCGATCAAGTGGTTCCTCGAGATGCTCATGGAAGGGAGCTACGCCGATCCGTTGACCGTAAAACAGCGCGAATTCGCCGACCTTGCGTACCAGGCGAGTGAAAAGATGGTGGGCATCATTAATCTTTTGCTGCAGATCGCTCGCGTCGAATCAGGCCGATTGAAGGTGCTTCCGGTCCCTACGGATCTGAAACAGCTTACCGCTTCGATCATTGCATCGTTTGGGAATGCATTCCAGATGCGTAAACAGGTAATAATAGTCCAGACTGTTCCCGATCCGCTGCCGGTTATTCAGATTGATGTCGACGTCATGGGGCAGGTCATCCAAAACCTGTTGTCCAATGCGAATCGGTATGCGAACGAAAATAGCACGATTATCATTTCGATTGAAGCGGGTCAAGGAGAACAGGGTAGTGACTTCATTACGTATTCGATCGCCGATCAAGGGATTGGTATCGGTAAGAATGCCACCAGTCGCATCTTTGAGAAATTCTATCGCGCAGAGAATGCATTACGATCTGTGCCGGAAGGGTCGGGACTTGGCCTTTCCTTGGTAAAGTCGCTTGTGGAGGGATGGGGCGGGCGTGTGTGGTTTGAATCTGAAGAAGGGAAGGGTACTACGTTCTTTTTTACGATCCCGATCGGTGGCATGCAAGCTCGCGCCGGAGAAGTCGGTATTGCGGTTACTTAAAACAAAGTGACTGTAATTGAGCGTTGCGTGGATGCGAATACGTACCGCCCGTGCTATACTAGTGTAGTAATATCATGAATATAGATACTGCCATCGGCAAAAAGAAAATATTGATCGTAGAGGATGATTCGTTCATTGTAAAGGCGTACCAGATCCGTTTTGAAAACGATAATTTCGATGTATTCATAGCGACAACCGGCACTGATGCGCTTCACTATCTCGATAAAGAGCCTGTGGATGTTGTGCTCCTCGATCTGATGCTTCCTGGGGTGAGCGGATTTGATGTGCTTATGGCGATCAGGAAGAATAATATATGGAAGAACGTTCCCGTAATTATTTTAAGCAATCTTGGACAGACCGAGGATATTCAGCGGGGGAAGGATCTTGGTGCGACGGATTATATCGTCAAAGCGAACGCGCGTATCAATGAAGTAGCAGATAAGGTTAAACGTTATTTGTGACAATCGATATTGGTTAACATAAACCCCCTCCGTATACGAAGGGGGTTTATGTTAAACCACTCTGTCTCGGTGCTCCGCCTTGTGTACTCGCAACTCTTCTTTTATTTGGATCATCTTGAGTTCGCGATCAATAGTTGCCCTTTGCCATGCTTCAAGTTCCGATACCTTTTGCTCAAGGTCGTTTTTTTGGCCGATTAGATCTTGCTGTGATTGTTTAATCGATTGAACCATTGTGTTAAATGAGTCCGCGAGTAATACTGTTTCTTTGCTACCACTAACCGGCATATGCACTTCCATGTTTCCGTGTGTGAAATTTGCCGCGATTCGTGATAGTTCTGCAATTGGGTCGATTATCGTGCGTGAGAGGCGGAGCATGAGCGCTGAAAGCGTCAGTAACCCACCCATACTGATCGCGAAGAGAATATAGAAAGCCCGGTCGAATTGAGCCATAGTCTCTGTGAAATCGTATGTTACGCGCATCATCCCGATGAGATATGGTCCTGAGGTGATGGGCTGATCCAGTGTGAAAATATGACCTCCTTCTTTGTGACTGTCGGTCCCGCCGGCTACTTTTGAGGAAGTAGGCCCTATGGGGGATGGTTTTGCTTTTAGGGATGTATATGCGAGTACATTCCCTGCGGGTTCGAATACGGCTAGTGATACAGAGGGTGTCTTAGAATAC
CP011209.1_gap16	508541	512839	4298	GTGGAACATCTCCGAGCGGGCCGTTGCGGTGCTTGGTTACGAGTAGCGCTGATCTGTTCTTTTCTTCTGCCGACATCAAGTCTTTGACGTCGCGATTGTATCGGTGGATGAACATGACGACATCCGCGTCTTGTTCCCACGAACCGGTTTCGCGTAGGTCGGAAAGTTTTGGTTCTCCACCGCGGGATTCGATGTTGCGGCTGAGCTGCGACAAGGCAAGTACTGGGACGTTGAGTTCGCGGGCTAGACCTTTGATACCATGCGAAATTTCGGTGAACTGTTGGACGCTGTTATCACCATGGCGACTCGGTTGAATGAGTTGTACGTAGTCGATCACGATCAGGTCAAGCTCATGTTCCATCTTGAGTTTGCGGGCCATTGAGCGAATTTGTAGAACCGTTGGGGATGGCGTGTCGTCGACATAGATCTTCATGCGGGAAAGGCGGTCGAGTGCCGCCTGGATCATCTGGAAGTCCATCTCGTCAGTAATACGGCCAGAGCGCAGGTTCCATAATGGAACGCCTGATTCGGTCGAGATAAGGCGGTCAATGATCTGTTCCTTGGACATTTCGAGCGAGAATACAGCAACTGATGCGCCGGCCTTTGCGGCACCACGCACCATGTCGAGTGTAACCGCGGTTTTACCCATAGATGGTCGAGCCCCGAGGATGATCATGTCGGACTTTTGGAATCCTGAGAGTAAATTATCGAGCCCCTTGAAGCCTGAGCTTGTTCCTGAAAGGCCTTCCATACCGAGGTTTCGTTCCATGCGCTCGTATGCCGCCTTGAGATGATCGGAGATTGGGGTAAATGCGTACGTTTTTGACTTTTGATTGATCGCAAAGATCTTCTGCTCGATCATATCGAGCATTTCGTCCGGATCTTCCTGGTTTTGGAACACGTCTTCGCTGATGCGCGCCGCAGTGGTTAATAGTTCGCGTAAGACTTTCTTTTGCTTTACTATGCCGCCATAGTGGTCTACGTGCGCGGAAGAAGGTACCGAGTTGATAAGCTCGGTTAAGTAAGATGAGCCGCCGACGGCGTCCATCTGGTTTTTATCCTTAAGCTTATTAGTTACGGTTAGGACGTCGATTGGTTGATTCTTCTCAAACAGTTCGACTATTGACGTGAAGATCTTTTGGTGTGCGGGTACATAAAAATCTTTCTCTTCGAGAAAGTCCACAACGCGCAATATAGAGTTTTTATCGAGCATAAGTGCACCAAGAACTGACTTCTCTGCGTCGAGATCTTGAGGCGGCACTTTCGGGTCGAGATTTCCTTTTGCCATAGTCGTTCGTATACTCCATTGTATGGTAAGCAGCTGCGGTTGCCAAGTAGTTTGACAGGGCTAATAAAATGGGTCTATATACATCTTTTACATATTGCTTTTTATCTGTGAATACTATTAAATTATTTCTAATGATGCGAACGCTCTATTTTAAGGTTCCTCGGAAAATGCGCCTATTTGTGGTCCTTTTGATCATGATGTTTCTGGCATATTTTGTCGGGCGGTTTTTGCTTGCCCAGACGAAGACCGTCCCGGGTGATTTTATGCAGGCTCGACAAGATGCTTCGCTTATTGCTCAGAATATCGTCGGCATGTCCAAAGAGTCGGCAAAGCGCATTGGCGACATTTCCGCATTGAACAACGAGAGAAAATATCCTGAGGCGCTTGAGTTAGTCAAACAGGAAATCGAACGGAATCGGCAGATCAGGGATAAGGCGATAGCCTTGTCTGGGTATCTACAGACCATGACCGTAAATGTTTCGGGCATTGAACCGAGGGTTTCTGCGGAAACAGCCCTGGAGGCTGTGAGTACCGAAGTTACGCTTATTGGACATCTGCTGACATATAATGATTATTTGAATCAGCTGCTCGTTGCCATCAAGGGGCAGATCATGGGTGACGGTGATGTATCCGCAGAGACCATTTCTGATCTGGTCAAGAAGATCAATGACGAATCCATTGTGGTTAATGTGATGAATGATAAGTTTAATGAACAGATGACAAAGTTCGATCGAGGATTTTAATACATACAGAATATGAAACCTGTCCGAGTGGGCAGGTTTTTTGGTATACTAAAAGCACTATGGCAATGGACAATCAGATACAAAAAGACGAATCCGATCAGCACCAGATGATACAAAAGCAGGAAGCTATTCGCCTTGGGTTTTTTGAAAGCATGGATCAGGTTAATCGGGCCATACAGGGGGCAAGTGATCTTGAACAGATGCTCGGTGGCGTTTTGGAAAAAGTATTCTCCATCTTTAATTGTGACCGCGCATGGCTTCTTTATCCGTGTGATCCTGATGCCGCATCATTTCGTGTGCCGATGGAGGTTACTCGACCCGAATATCCGGGCGCCAAAATTTTGAATGTGGATGTACCAATGAACCCGGATGTAGCTCAGAATATGCGTGAGGCGCTGGTATCTCCCGAACCGGTAGTTTATATTGCCGGTACGGATCGGCCCATTAATAAAGTTACTGCAGAACAATTTGGCGTCCAATCTCAGATATTCACTCCGGTATATCCCAAAGAGGGAAAGCCTTGGATTTTTGGCATGCATCAGTGCTCATTTCCTCGGGTGTGGACAGAGGAGGAACAACAACTTTTTCAGGAGATAAGTCGACGACTGGCTGATGGGTTAACCAGTCTATTGGCATATCGTGATATTCAGGAAAAGGAGCGATATTTCCGTGCGTTGTTTTACAACATGCTTACCGGACTTGCTCATTGCGAGATGATTTTTAATGACCAAGGAGCTCCTGTTGATTTTCGTTATTTGGACGTCAATCCCGTATTTGAGAAGTTGACCGGACTGAAGGATGTTGTTGGTAAGTTGGTATCAGAAGTGATCCCGGGTATTAAGGAGAGTGATCCCAAATTGTTTGAAATCTATGGACGCGTAGCTTCGGGCGGCGAACCTGAGCAATTTGAGATTTATCTCGAAGCGCTCAAAATATGGTTTTCGATTTCCGTGTTTAGTATGCAGAAAGGATTTTTCACCGCAGTATTCGACAATATTACGGAGCAAAAAAATCGAGAATTGCAATTGAGTAAGGCGATGAACGAGCTGAAAAATGTCGTTGATGCATTGCCAAGCATCATATATGTGCTTGATACGAAATCCAATTTAATTAAATGGAACCGTCGAGCGGAGATAGCGACTGGATATTCAGCCAATGAATTAAAACAAAAGCTTTCTCTTGAGCTTATTGCAGATCATGACCAGCCTTCGTTCATTGGAGCGATCAACGATGCGTATGATAAAGAATACGTCGAGGTTGATGCACACCTTGTTAGAAAGGATGGATCAAAACTTCCTTATCGTTGGTCAGCAGCACCGATGCGCGATGCGCACGGGGCTGATATTGGTATCATTGGCATCGGTTGGGATCTAACCGATCAGATCAAGAGTGCAGCTAAAATCGCTGCATATCAAGAACAGCAGCGCGTTATCTTGGATTCGGTTCCCGATATCATATGGATGAAGGATGTTAACGGAGTATATCTTTCCGTTAATGAAGCGTATCTTTCACGTATTGGCAAGCAAAGAGAAGAAATCATCGGAAAGACTGACCTTGATCTTTGGCCTAAAGAATTCGCCGATAAGTATCGAGCTGATGATAAGAAAGTCACGGAAAGTGGTTTGCAGAAGCGGATGGAAGAAACCGCCCCTGACCTTAATGGGAATATTATCTGGGTTGAGACAATCAAAATTCCCGTATATGATGATGCTGGCTTATTACGTGGTATTGCAGGTGTCGCACGCGATATTACCGAGCAGAAGCAGATACGCGAGGCGCTTGAAAAGCAGGAGCTGATCAACACGGTCGTTTCAAATAATCTGCCGATCGGCTATGCGATCAACACCATTTCTGACGGGAAGGCCATCTTTATCAATAAAAAGTTTGAAGAGATCTATGGATGGCCGCGAGAGACTCTGACGAGCGTGGATGCATTCTTTGAGCATGTGTATCCTAACCCTGAGTTTCGTAAGAAAATAAAGGAGCAGGTAACTATTGATATCATGAGCGGAGATCCCGTACGTATGGTGTGGGAAAAATTACCTATCGTAAGGCAGTCAGGAGAGACTGCTTACATTACTGCCCGGAATATACCTCTTACTGAATATGATCTTATGGTCTCTACGGTGCTCGATGTGACTCATCAAGTGAAGGTCGAGAAGGCGTTACGTGAGAGCGAGGGGTTGCAACGGTCGATCCTGAATACTATGCCCGAGTTGGTATTCGTTAAGGATACGGAGGGTAGATACATCACTGCCAATAAGGCA
CP011209.1_gap17	515871	520091	4220	TCGCTTGCGGTCTGGAACGTACTACGACCTGCGCAGCTACGATAACCGCGAAGACCTGGTTAACGGTGTCTATGGGGCGTGGACGGCTCTTGTCTCGTCTCGGGAACAGGACTGGGCTCGGTTTCTCGAGCTTATCCAGCCTGTCTTTGGCGACTAGGGCTATATCACTTCAACAGAGAGGGCGGGATATTCCGCCCTCTTTTTTCTCCTTGAAATAATATTCGGAATGGGTTATTATAAAAACCACGTTGAACATGGTGCCCATAGTTCAGTGGTAGAACGTCGGTTTGTGGTACCGAAGGTCGAGGGTTCGATACCCTCTGGGCACCCAAGTGATAATTAAATAGGGAATGTCTTGTATTTGAGCCGTAAACTTGGTTCGAGTATATTTTTTTATTTATGGATAAGTTTATGGTCTATGGCGACGAATTGCGAGAGATGCGCGATGTCTATATAATAAAATTAATACTATGGATAGTTTTAAAAATATAGTCATTATCTCGGGTATCTCTGGGACCATTGGAAACGCTCTTTTTCAAGAGTTTGTTTTTGATAAAGATACGCTAATTTTCGGAATTTCTCGGCGCGGGATAAAAAACCTTAAAACATTACCCCATTATACTTGCATAGTAGATGTGAATCTTGAGGATAAAAAAGATATCGCAAACTTCTCTAAGAAGGTTTTTAGCCTTAACCCAGAGAGTATTTCCTATATCCATTGTATTGGTCCCTTTAAGACCGAACTTGATAGGGTTACGCTGCAAAGAAAAATAGAAATAGATGACGATGGTGATGGACTTGATGATGAGATATATAAAAATATATTTATTCTGGCAAAAAATATGGCGGTTGGCTTAATAAGCCAAAGACAGAATAGCCCTATCCATTTAAGTTTTGTAAATATAGGATCATTAGTAGAGAATTATGACATATCTATTTTTAGGTCGTGGACAGGCGTGAGGAGGTTGGTGCGGGAAGAATTTAAACGATTAGCTTCTGATTTTAAAGATATTTCTTCAATAGATATTGTCGTTTCAAGTATTCTTTCGGTGACTGAGCTGATTGCTCGACCTTATGTTTTGGGGACGGATAATGATCCGCGATATTGGTTAAAACCGCAAGATTTAGCTAAACGTGTTAAAGCCATTATTCTAAAAAGGAAGGATGGTTTTCGACAATACAAAATATTTCATAAAGCACCTGGAGTATCACACGATCGATTTAAGGAGAGTGAAATGGTTAAAAGGCGATTATTTGAGCATTATGGGCTCATAAAGAGTGAACCGCGCAAGAAATTTAAATGATATTTGCCGGTATAAAAGTAGGAATATAAATACTCGCATCATTCTTCCGCGCAAACACAGTTCGAACATCTTCTACTACGGCACCCCAAGAAATGCAAAAAATCCCGTGAGGGATTTTTTGTTGCACGTGGAAGTATGCCGCTTGCTTGTGGTACTATATATTCATAACAATAATTAATCCTTATTATCGTATGAATACATTTGTATGGTCTCCGGAATATAGCGTTGGCGTGCAGTTGGTAGATGAGCAGCATCAGCATTTTTTCTCCATCGCAAACACGCTTGTGGCGATCTCTCGAGAAGATGATCCTGATCGGGAGTCGCTGCTTAATTTGTTTGGCGAATTGGGGGATTATGCTCTGTATCATTTAAGCACGGAGGAAAGTTTTTTCAGAGGATTTGAGTACGAAGATGCCGCGGAGCATGTCGCGGCACACGATGCCTATCGAGAGATGATCGCAAGTCGTTTTACGAACGAGATGCAAAAACCCGATGCGGATATGAAAAAACTTGCCGAAGAAATGGCTGTGTATTCTGGCACGTGGCTCCAAGACCATATCTTGGGCATGGATAAAAAATTTACCGCGTTCTTTAACGTGCATGGGTTTAAATAATTATCAGAACACAACGGCGTATGTATTGCATGCGCCGTTTTGTTTGTGGGTTGCTTGGTGTATACTATTATCTAGAGTTCAGAATAATCACGTAACCATATCAGAACGTATGAAACGATGGGAATGTCAGAAATGTGGGCATGTTTATAACGGCATGGTGCCGCCGGCGGAATGTCCGAACTGCGGATCGCCGCGGGAGCAATTCACGGAATTGGAATTCGAACCGGAGGGGAAGGTGTTTGTCGCCGAGGAGCATATCCCGCAGCATCCAAAGCGCTGGGAATGTGATAACTGTGGACTTATTGCGTTGAAGGAAGAAGCCCCTGCTGAATGTCCGAGTTGCGGAGCTCCTAAGGAACGGTTTCATCAATTAAACGGCGAACCAGTCGGATAATATACCTATAATTTGTTCTCTGCGCGTCTGTCTCTATTGGCTGCGATGCGCATATATGATCTGCCATATATGAAACAATATATTACATGGAGATGCGACCGTTGTAACGCGATTTTCAAATTTGATACCGACATCGCGCCATTGCGTTGCCCAGACTGCCTGTCTCCTAAGGAGCATTTGCATCAGGAGTCGAATGAATATTTATTTGGTAAAAAAATAAGTGAAGGGGACGCTAATGATTCCCATGCTGTCGAATGATCTTATGCGCAACACCACTACCTGTCATGGGTGGTGTTGTTGATTTTACGTGTATTTTTTTGTAGCGCGATTGTAGTAGTTTGCAGCATCTCTTTGAGATCTGCGGGAGGATTTATGCGCAAGCGGAGGCGATCACAAAAATTTACGCATGGCGGAAGAAAGATCGAGCGAGTCGAGTTGATCAGTGTATGAGATAATTTTATCGGAACATGCATTCTGGTCCTTGGGGTCTGCGTATGTGGATTCGCATATTGTGTCGCGATCATGTTCGGATTAGGGTTTTATTTGTTCGGCGGATAGTATTTTTTTAAGGCTGGGATGGGTCTAGGGCGAGGGACGTGGCAACGCGTCCCTTTTATGTTTCTAACGAAAAACCCCAGGCGTAAGCTCGTGGGAGTTTTATATACGGTATTATTTTGTACGGGTCCGTTAGCCGACCGATTCGGCACAGGATGTTTTTACTTAAGTGATATAGTGTGTATTACACGTATAATTCCCCGAAGAACCATTTTTTTATTGGGCAAAATGGTGTATAATGAGCCATAACACCAGTAATAAATTCAATAAGAATCCATCATTGTCATGAGTAATATTTATATTCGGAAAATGGACCAGGTCGGCATCAAGGATGTTGGCGAGGTCGGAGGTAAAAACGCTTCGCTTGGCGAAATGCTGCAGTATTTGGTCCCGCAGGGGGTCAACATCCCGGGCGGTTTTGTGGTCACCGCAAGCGCATATCGTTATTTTTTGGAAGAAACCGGCTTAAAAGAACTGATCAAAACAACACTGACCGGGTTGAATTCAAAAAACATCCCGCAATTGCAGAAAAAGTGTAAACTGATTCGTGAGGCCATCAAGAAGGCCGAGTTTCCTGCCGATATGCAAAAGCAGATCGAGGACGCATATCGCGATATGGAGAAGACCTATGGTAAGAATGTTGACGTTGCCGTGCGTTCATCAGCGACCGCAGAAGACCTTCCTGGCGCATCGTTTGCCGGAGAGCATGAAACGTTCTTAAACATCCGTGGAGCAAAGGATGTTGCGGTTGCCGTGCGCGCAGCTATGGCATCGCTCTTTACTGATCGAGCGACCAGCTATCGTGTCGATAAGGGATTTGACCACTTTCAAGTGGCATTATCCGTTGGTGTGCAGAAGATGGTCCGCTCCGATCTTGGTAGTTCGGGTGTCATGTTCTCAATTGATACCGAGTCAGGATTTAAGGATACGGTTGTGGTTAACGCCGTATGGGGATTAGGAGAAATGATCGTGCAGGGAGAAGTCACGCCTGACGAATTCCTTGTATTTAAGCCGACGTTGAAGACTATGGTTGGTGGCAAGAATGCAGCCATGAATCCGATCATCGACAAGAAACTTGCCCTAAAAGATGCGAAGATGATCTATGACACGGGCGCAAAGGCCGTGCAGCAGACCAAGATCATCAAGACGACTCCAAAGGAGCGCGATTCGTTCGTATTGGGCGATAAGGAAATATTGCAGCTCTCCCAGTGGGGCGTATTGATTGAAGATCACTATACCAAGGTACATGGCAAGTGGACTCCGATGGATATGGAATGGGCACGTGACGGAAAGACCGGCGAATTGTTTATTGTGCAGGCTCGACCGGAGACCATTCATGCAGAGCGCGATTTC
CP011209.1_gap18	538237	539120	883	ATCGAAAAGAAAGATAATCCCGATTTATACAACCTAGTGGAGAATCTTTGCATCACTGCGGGGCTGCCTATGCCTCGCGTATATATCGTGCATGAGGAGCAACCAAATGCATTTGCGACCGGGCGTGATCCGAAGCATGCGGTCGTCGCTGTGACGCAGGGATTACTTGATCGACTCAATCGTTCTGAGCTTGAGGGTGTTATTGCACATGAACTTTCTCATGTTGGTAATCGCGATATGCTGCTTTCGACTGCTGTCGTGGTCCTCGTAGGCTTTATTTCAATTCTTTCTGACATGTTCATGCGGTCCGCATTATGGGGAAGCTTCTCGAACCGCGACGATCGCGAAGGAGGGCAGGCGGGTACTGTCTTGCTTATTATTGGGATTGTTGTTTCCATTCTTGCTCCGATATCTGCTCAGCTAATGCATTTGGCCATTTCGCGCAAGCGTGAATTTCTTGCGGATGCTTCGGGAGCCTTGTTGACCCGATACCCCGAGGGTCTTGCGAGTGCGCTCGAAAAGATATCTCAAAGTACTACGCCGATGTCTGTCGCAAGTAGTACCACGGCCCATTTATGGCTCGATGACCCCTTCAAAGGAGCTCAGAAGACCAGTTGGTTGCATAAGATATTTATGACTCATCCACCCGCGGAAGATCGCATCGCCGTGTTGCGCGGTATGCACATTTGATCCTCATGCAACATATGCAGCAGCACATCAACCAGTTAAAGAGTGATATCCGGCAGCTAAAGAAGCAGTTGTCGATTGTTGAGGCAGAGCGTACTAAATTTCAACGGATTGCCGAGCGGGATTTTTTGACCGATCTATACAACCGGCATGGATTCATTCGTGAGGCGGATCGGTTTCTCTCTCAAATGAAATC
CP011209.1_gap19	573109	577349	4240	CGTATTTGCATCACTACAGATCCCTCGGCAAGCTCGGGATGACATGTAACGATGGTATCTACGGTAATGTTAGAACCGTTGCAATTCAGAGTTGAATTCAAGGGTACAGTTATTGACATCTATTTTAAAAATCATTATATTATATTTAGTACTAATTATTCTAAAACGTAGTAAGGAGGTGGCTTATGGGGGCAGAACTGTTTGAGCGTATGTCCGTCCGGGTCATTGCTGGAATCGATCCTGAAACGGGTAAGTTGATCCGCGCTAAAGGCTTGATCGCCGAGATCAAGACATCGGGAATCTGTACCTGTAAATACACTGTCAGCAAGCGCGAGATGTTCGGGTTCTATTATACCGAGACACTTGTATCCATCAGGGGGCCGGAGCTGGGTGGGTGGCTTGAGCGTATCGAGGTGATGCGCCCGCAGATTGCCGGTCGCGATATGGTCGAGCGGGCATTGCATGCCGCAGGGAAGGCTTATCGCGCCGACGACAAGGATGTGATCGTGAAACTGGCCCGTGATCTTTGTCCCTGTGACGATACGTGTGGATCGCGTCAGCGGATGCGTTTCGTCCGGGAGGCGCTTTGCGCGTATGCCGCAAGCCGGCGGGAATCAACGCTCCCCGAGATGATCCTCATGATCGAGGACTACCTTGCCCCGTAACGAGATGGGGCGCCTATAGGCGCCCCTTTTTTTGTTGACACGCATTGCAGGAGCATTTATCGTAGAGGGTAGAACATGGTTGTATTAACGCATAGAGGGGGTTCTATGAAAAAGTCTTACTTGGTGCGGGATTTTAGGGAAGAGAGTGGCCGATTGAGAGTTGCAGAAATCGCGTTTATACCTGTCTTTCATCTTGTATGGCAGATGGCAGAAGATACCCTGTCTACCGATCAGTTTTCGAGCTTATCGGATCCGATATTCAGGGGTCACGAGGGGCACTTTAAAAAGGGTCGCTGGAAATGCTTTTCCGATAGCTCGGAAGTCTTCATTACTCCGTATTACACAGACCTCAATATTAATATCGCTTCCGAGAGTATTATTCATATGGCTCATCGGATAGAGGTCGAGGGGATGGTTTCGGGTGCGGTGGAGAAGGCATTTTCTGCGATTGCGTTCTTTTTCAGGAAGCATGCGGCAGACAAGGCATTGTTTCATTTGTTGCACAAAAACGGGACGCAGGCGTTGGCACAGTACTGCTCCGATGTTTTACCGAGCGATGTCTGTCGGTTTTACAACCTCGGATAATACGCACAAGGCGCCCTTGCGGGCGCCTTTTTTTAAAAAATACGATATACTCATCGCATGAACGATATTATCGTGGACCCTTCGGGTATCATCTTGTTCGCCAATGGGCAATATCGCTGCGCCATTGGGAAGGGTGGCTATACGCATGACAAAGAGGAGGGAGATGGAGCCACGCCGTTCGGGAGATTTTTATTGCGGGAAGTTTATTTTCGCGCTGATCGAGTGGCTCGACCCGAGACTCAACTTCCTGTGTTTTCACTCTGCCCTGATGATGGGTGGTGTGACGATATATCACACCCCCAATACAATACAAAAATTTCGCTCGCATTTGATGGGGGTCACGAGCATCTTTGGAAAGACGATCATATTTATGACGTTATTGTGGTCATCGGATACAACGACGATCCAATTATTGTCGGCAAGGGGAGTGCTATCTTTATGCATATTGCCCGACCCGACTATTCGCCAACCGAGGGCTGTGTTGCATTGGTACAGCAGGATCTTCTCAGCGTGTTGCGTGACTGTGTTCCCGGAACCGCAATTAGAATAGGTCTGTAATAGGCCTATTGTTAGTAGTAATTACCAATAAAGGTTACCTGATATGCTCGTGGGTTTCGCGTTTGCAGGTCGACGAGCTTTTCTTTAATAACACCCATCTTTGATTGCGCGTGGATCACTTCTCCTGTTTCTTGAATATAGATACCAACATGGCCGATATAGATATCCCTTTGATTATCGAACAGGCTCTCGTTGTAATGACCTTGGTCTCCTTTGAAGAAGAGGAGATCTCCAGTTTTTGCGTCGGATAGATTCTGTACCTCTGTATTATTGCGAAACGCGACCGAAGCTTGTGCTAGCGAAGAAAGGGGCAACTCTAGTGCTAGTGCCTTCTTGTAGACCCAGTATGTAAAAAACGAACAATCAAAACCTTCTGGCTCCGTCTTGATATGCGCGTCTCGATATGCGCCATATTTATAAGGGAGTCCCAAATATTGCTCTGCTTTTTTTATTATTAATGCGCTTTTAATATGACGTTCCATGACTTTTATTGTAGTTTGCTTTTGTTCATAAATGCAACAGCTCGCTTAGTTGCTTTATTGTCGCTCGGGTATTATTCTCAATTCAGATATTATTATATATACATATAGGAGGTTATCGTGGAGGATATCGAGGAATATATCACGTACTCATTTCCGCTGTCTCGATCGCCCTCTTTTTGGGAGAGGGTAGCGTTTCGCATGTTGGTCTGTAAGGCTCATAATGAGAGTTTGTACCGAATCGGTCCCTTTTGGGCGTGCGAAAGCCCCGAATCGCATATCGGGGCTTCTTGTTGGGCCGTCGATTTTCTGGCGCCGAATGGAGTTCCCGTGTTTGCGTCGGCTAACGGGGTCGTTGTTGCGGTAAAATTGGACTCTCGAGAAGGGGGGCGCGATGAACGCTTTGCCGATATGGCGAACTTCGTTGTTATCGATCACGGAGGAGAGTTTTCGCAGTACTGTCATCTCGCTCCCGCGGTACGGGGTATTTTTCGGAAAGGGCCTGTTCCGTTCGTGGGGAAGATGGTGCGCAGGGGAGAGTGTATTGGCCACGTTGGAAGAACCGGATGGACAACCATCGATCACCTGCACTTCATGGTGTTTCGATGCGACGGAAGTCCTAAGGGATTTAACAGTGTGCGAGTACGCTTCTCTCGCTATTGACATTTCTTATATAATGTTGTATATAAGTATTAAGTATCATATACTTCTATATTTGTACGAAGGAGAAAAGTTATGTTAATTGTTTCCCTGGTAGTGTTTTCCATTCTTTCATTGGTGCTCGCTAAGGTAACTGCTGCCCGCGCTAAGGAATATTCGACGAGTAATGAGATCGAGGTCCGACGGACCGCAATGAGCCTTAAGCTCGGAGTCTTCATTCTGGTCGTATTGTCTTGCTGTGGCATAGGCCTCGCGTTTTCTCTGGTCTTTTAGCCGAGAGCAAAAAGATCTTGTTTGAATCGCATGGGCGCACACTTCGTGTGCGCTTTTTTATATGAAGCATGCCCAGTCATCGCTCCCTTTACAAAATCCATCATTCTTTGTTATACTATCTAAACTGTGTTAACAGCATTCATCGCGGGTTAGAGGAACGGTTACCTCGTAAGGCTCATAACCTTGAGAACCGGGTTCGACTCCCGGACCCGCAACAAGCGATCGGAACAGAAGAATATGGCTGGGTAGCTCAGTTGGTTAGAGCGTAGCACTCATAACGCTAAGGTCGTGGGTCCGATCCCCACCCCAGCCACCAGTCACACAAACACCGCCTTGAGGCGGTGTTTGTGTATATGCTATCGTATAGGTATATGGAGATATTGTTGTATATATTCGCATCGATTGCCGGCATCGCGCTTGTCGGATTTTTATATACTCAAAACAAGGACTTGGTGGTGTCCAGGCATCGATTAAGTTTCGAGTATCTGCCAAAGGAATTTGATGAATTCAAAATCGTGCATTTGTCGGATCTCCATAACAAGCGATTTGGTGCGAGGCAAGCCCGACTAATCGAAGCGGTTCGTAAAGTAAAGCCGGATATTATCGTGATCACCGGTGATATCGTCGACTATCTTTTGTATCGACCGGAACCTACGCTTAAGCTTGTTCGCGGATTGCGTGATGTTGCACCCATCTATTATGTATCAGGTAATCACGAATGGGCGCGACCGGAGTATCCTGCGTTTAAGGAGCAACTGATCGAGTCGGGTGTACACGTGTTGGATAATCGTGTTGCCGTGATTGATCGAGGCGGCAAAATGCTCGCGATCGCCGGCATTGATGATTATGCGCGATATGGCAACCAACCCGATATTAAAAAGATCCTGCACCGCACGCTGACCGAGGTTCGTGATCAAGTGGACGAACGTGCGTTTAAGATTCTCCTCGTACACCGCCCCGAACTCTTGCGGGAGTATGTCGAGCATCACTTTAATTTGATCTTTGCCGGGCACGCACATG
CP011209.1_gap20	622820	625590	2770	AAGGTGACTGTTATCATCACGGCAATCGCCGTAAAAACTAACAGCCATACGATAATCGGGGGGAGAAACCAAGGGACGTTCGGGAATATGATAATGATCAATCCCGTAATGACGCCAACTACCGATAATCCGATAGGATTCCAGAGAAAGAATGAGGTCATGGCAGCAATAACCGTTCCGATTCCAGCGAGCATCAGCATGCGGAGCTTCCAAGGTTTCATTGCGCGCCTCCTATAAAAGTAGGATATAGATCAAAATACTGTAATATATTTACCATATTTTTATAATATTGTCAACATGATGTATACTGAATCTATATGAGAATACTTTTTACCGGGGGAGTTACCGGGGGGCACATCATGCCTCTTATATCCGTCGCCGAGAAATTGCCTATTGTGGCACAGTCGAGAGGCATTCCATCACTTGAGTTTTTTTACCTTGGCGTGCCGGGAATGTATGCGCAGGAGCTTACTTCTAAGGGGATTACTGTTTCCCGTGTTGCTTCCGTAAAGATGCGTCGTGGAGCGATCATCCGTAATATTATCGAACTTCCGCTTTTAATCGTTGCTATTATACAGGCGCTTTGGCGCGTGTATTGGATCATGCCTGACGTCCTCTTTTCAAAAGGAGGACCGGGGGCATTGCCTGTTGTATTGGCATGTGCCTTCTATCGTATCCCGATCATCATTCATGAATCCGATTCTGTTGCGGGTCTTACTAACCTTGCTTCTGCCCGTTTTGCCAAACGTATTGCAATTGCCTATGCGACCGCAAAAGAGTCGTTTGTCGGTACTCCTGCTAGCGATGTTGCGCGGGCTGCCATTGAGCAAAAGATCGCGTTGATCGGCAATCCTATTCGTAATTTTTTCTTAACCTCTTTTGATACGACTGATCGCGCGACTGTAAAACGCATCATGGATTTTGATCCTGCAAAGCCCCTCCTGGTTGTTATCGGGGGGTCTCAGGGGGCTGTGCGCATCAACGAATTCCTTCTTTCAATTGCAGAAGATTTACTTACGCGCAATATTCAAGTTTTGCATCAAACAGGGGTCAACAATATTGGCTCCGTAAAAGGTGATCTTGCGCTTGTTATGAAAAAGTATTCAAACATGTATCAGCATGCGTATCGGGCTGTTCCGTATTTTGAAGAAGATATAAAGGATGCCTATTGTGCTGCCGACATCGTGATCTCTCGGGCGGGGAGTGGGTCGATTTTTGAGATTGCAGCCATGGGCCGTCCAGCCATCCTTATTCCTTTGCCGCAAGAGATATCGCGCGACCAGGTAAAGAACGCATTCGAATATGCCGCGACTGGAGCCGCGATCACCATCGAAGAATCTAATCTGACCCGAAATATCTTCCTTGATCAGTTAGATCGGTTGTTGGCTAATCCGACAATGCTTGCCTCGATGGCAGCCGCGGCAAAGGCATTTTCCCGTCCGGAGGCTGCGGAAGTATTAGCCAAAGAGATTGTTCATTTGGGACGCCGATAATACGAATTACCTATGCTTCGTCATTTATTACTACTCGTCTTCTTTATCACCTTAACGTTGCCTGCCTCCGTACGGGCGTTTACCGTGCCATATCAACGGGTTTTTCAGCAACGGGGATCCATTATGGCAATTGACGTGTACGGAGAAGCGGACCCGCATTATGTTCAGTGTGATCTTGATCAATGGACCTGTATAGAAACGGGTACGAGCACTCCCAACCTTTTCCCGGAATTTACTGAAAAGCAATATATTCTTTCGAAGGACCGACAACTCGCGCTTGTTTCAGAGGGGTATGGCGCTACGCAACAGTATGACCTGTATACATTGGAGGCCGGCGATGTGACAAAAAAGACAATTGATTTTATCGGGGAAACAAAGCGGGCTATCTTTAGCGATGATAATACGAAAATATTATTTGTCACCTTGTATGGTGAGTTCGTTGTTTTTAACATTCAGACTAATAGTGCCATCAAAAGCATTCCTATCGTGGGTGGAGCTTCCTTTATCCGTTTTTCACCTCACGGAAATTATGTCGCATATTTTTCTCCCAGCACACTGAGTGGAAAAGATCGGGTTTATACACTCGTTGATGTTGCACGCGGTCACACCTATACCTGGAAGGAAAAAAATGATTATTGGGACCTTTTGAGTGAGGAAGAAAAGGCCTTTGATTTTTCTCCCGATGAGCGGCACTTTTTTTATTTGAGCGATCGCGAGGGGACGCAGACCCTGTATATGACCCGGCTCTGGCTTCTTGATGGGATCAATGGACGACTTGGTAAGCGAATGTTCAAATCCGACTTCACGGTGAACAATTTTCTCTTTGGTGCGGATGGACTACTATATTTTACGGCAAACCGCAAAAGTCCATTAATCTGGTCCCTCTACTCGTATGATTTTAGGGATCAATTGGTTAGAGGGCTTGTTGATGATGTGCTTTATTGGCCCGCACCACAACAGAGTGGTAAATACATTATATTCCTACGCTCGAAAAATGAGCTGCCTTCGTTGTATACATTTGATATAACGAAACGTTCCGTTGCTTCGCTTCCATTGACTATCACTGCCTCGCCTTTTCCCCTTGGAGCGGGGAAGATAAAGAATTTTTCCGGACGCTATGGCGTTTTATACACACCCGATGGCTATGACAAGAAAAAGTCCTATCCTTTGATTGTGTGGTTGCATGGCGGCCCCCATAGACAGACATCCCCATCATTTCATTCGTACCATAGTTACGGAACGTACGATGGCATATTGGAACATTTACGTAAAAATGG
CP011209.1_gap21	651995	653200	1205	GATGATGCGCTCGCGTTCGGGATCTCCAATGGGATGATGCGCGCCATTTTTATCAACCGATGTTGCCAGAGCGGTGAGCTGTTCGGCCGCACCGATGATCAATAGTTCAAACGTTCCTTTCGCTGTGCCAAATACCGTTGCCGCGTACTTTGTCTCCGATTCGAATGGTGCCATATCCTCTATCCAGCGACCTTGCCAGAGCTCATTGCGGTCGACTCCTGCCTGGATGGCTGCCAGAAGCAGTGCTTGTTCCGTCGGCGTTCCGCGAATAATCCAGTCTTTTAATTCGTCTTTTGGATTTTCTATATACGCTTCATTGACGAGCGCCGCGATTTGCAATGATGTAATGTGCGAATCTGTCGGTTCTCCATTTGTTGCCAGATCTTTTATGTCGTTTTCTTCCGCGATTGGTAATTCATGCGTTGCGGTCAGGATGTGACTTACCTGCATCGTTCCTTGAGTCAAGGTTCCTGTCTTGTCTGTGCAGATCACCGTTACGCTGCCAAGCGTTTCCGTCGCGGCCAATTTACGCACAAGACCTCTCTCCTTGAGAATGCGGCGCATGCCCATAACCAACACAATCGTTATCGCAGGCAGCAACCCTTCCGGAATAGCCGACGCCGCGAGTGCAAGCGATGCGATGAAAATATCAGTAAACGGTTCACCGCGCGCAACCCCTAGTGCGATGATCAATACGACGATGCCACTGATGACCGCACCCAAGACGTTTGACATATGGCCGAGCTTTATCTGGAGCGGTGTGGGCCTCCGTTCTTCTTCGCGCAAGGACGATGCGATCTTCCCGAATTCGGTATCTCCCCCTGTAGCGACGACCAGAAGCGTCGCGCGTCCTGTTTCGACGGTTGTTCCCATGAATGCCATATTGCGCTGTTCGAAGACGGGTGCTTCCGCGGCGATCGTGCCCGTACTTTTTTCTACCGGAGACCACTCGCCCGTGAGTGCCGATTCATTGACCGTCAATCGGGTTGCCGTGATAATGCGCGCATCAGCTGGAACCTTATTCCCTGCCTTTACCATAATGACATCACCCGGTACCAATTCGGCGGCGTCTATCTCTCTTCGATTGCCCGCTCGTATGACGCTTGCTACCGTGCGTGCCATGCTGCGCAACGACTTAAGTGCTTCGTTCGCCTTGTCCTCCTGTAAAAAACTTACGATGCCATTCAATAACAAAACTGCAACCA
CP011209.1_gap22	654278	658785	4507	CAATATGGTAGCCGATGTTAAATAGCAGTCCATGTATTGCGCTTGCGATTGGCAATGCGAAGAACAATAGCGGAATCGTCTTCATTGTTCCGAGCCCCAAAAAATATAGCACCAGAAACGGAATACTTAAAAACATCATCATCTTATCACTGAGTTTTTTGATCAGCGGCAAGAGCGAGAATGTGAATACAAGAAACCACGCCGAATGAAGAAAGTAGAACAAAAGAATCTTCCACAGGGGAAATCCAAGATTCCAAAAATAGATAGGTACGAATACCCCGATCAGCCCTTCAGCGAATGCCAAAATCGCCAGCGTTAAATACAACGTTCCCATTTCGGGATTTCCGAAGAGTGGCGTGTGATGTTTATCGGTCAGCATGATATATTCATTATATATCATTTTCATGCATCACTCGAGTTTTTCGATCTTTATGCCGATGAGCCGTATTGCTTTTCGTTTTGGATTTTCTCTCGCATCGAGAAATGGTAAAAGTAGTTTGAGCGTTTCAAATTCGAACTGTGTTCTATCGTTCGTGGCCACGGGCAATGTCTTTACCCGTGTCTTTGTCTCAAATCCTTCGAACCGTACCGTAATGCCAACGGTCTTGAATGTAACAAAATCACTTTGTGTGAAGCGTGCATAAACCTGCCCGGATAATTTTCTTAGTAGGCCGATAATTGTTTCTCCGACCAGTGTGTCGTGTTGCAACGTTTCCTGCTCGCTTATCGATTTCGCGATCCATTCTTCTATGAGTGGTGCCTCATCCATTCCCCGCGCTTTTTCATAGAGATAGAGCCCTTGTTTGCCAACAGCCAATTCAAGCTCGAATCGGTCAAGAGCCTGCAGATCGGCGATTGTCCCTATGCCGCGCTCAAGCAATTCATCTGCGGTTTTTGGACCAATACCCGGTATTTTGCGCAGCTTATTTTTAAGCATGAATGCCCGCACTTCTTTCGGAAGTACTACTGTTAGTCCGTCTGGTTTCTGAAAATCCGAAGCGAGTTTTGCCACCAACTTGTTCGGTCCGATGCCAATCGATGCGGTCAGTGCTTCTTTTTTGCCTATTTCTTTCTTGATTGCCTCTCCGATCTTCTGCGCCTTTGCGAACGATCCTGTCTTACTGAGATCGAAATATGCCTCATCAATACTCGCCTCTTCTACTACGTTCGCATATGATCGAACGATTTCCATAATTTTTGCCGATGTTTCCTCATATTCATGCATATTGGGTGTAATAAAAACAACACCCGGCTTCCCGCACTTCCTTGCTTCTTCTGATAGAAACCATGCAGTCGAGATTGGGAGTGCCGAATGGATGCCGTATTCACGTGCCGCATAGTTCGCCGTCGATACCACTCCTCGCCCCTTGCCATCCTGGGGATCTGACCCTACGGCGATCGGCAATCCGTTGAGTCGCGGTTTGTTGCGCTCTTCCACTGAAGCAAAGAACGCATCCATATCAATGTGAGCGATAATCCTCATGGGTTTAGTTATACCATTTTTGGGTCAATAAAACCGCATCTTTGCATTGCGCGGGTTTATTGTGCATATTATTCACTGCGAAGCGCCTCCATGGGGCTTTTCCGCGCTGCCTGTTCGGCGGGAAAAATACCAAATATAAAACCGACAATCATCGCAACTACTGCCCCGATCAGGGCTCCTTCAAAGGGAAAGAAAAATCTGAAATCGATGGCATATATCTCCCCCAAAATGACCGTTAGTAAAACGCCCCCTCCCCATCCAAGCAGGATGCCGATCACTGCCCCTGTCATGGTCAGTATGAGCGCTTCAAAAAGAAACTGGCGCAATATGTCTTGATCGGTAGCGCCAACGGCTTTGCGCAATCCTATTTCATGCGTCCGTTCCGTAACTGATACGAACATAATATTCATAATGCCGACGCCGCCAACGACCAATGAGATCGCGGCAATCGTTGTAAGAAGAATGGTTAGGATATCGGTGATCGTCGTAAGCATCGCCGCGGCATCTTCCATTGTCATGGTGTAGAAATCATCCTTGGAAATATCCTTAATATCGTGACTCTCGCGCATCGTCGTTTTGATATCCTTTACCATCGAGTTGATCACGGTTTCCGTTTTTGCCTCAACCATTATATGGCTAATGAAATGTACGCCCATGACATATAGTTGTACGGTTGTGTAGGGCATTATGAACGAATCGTCGTATGCCGCAGCTGCTCCTGACCCTTTCTTTTTTAAAATACCCACGACTCGATAGTTCTTATCCTTGATCTTTATGTGCTTTCCGATGGGATCCTCTCCCTCGAACAGTTTTTCTGCAACCTTACTTCCGATAACCACAACGCTGTTCCGTTGCGCTACATCCTCGTCTGTGAATGTTTCGCCACTGGTAAGCTCGAGTTGAAATAACCGAAAGATGACTCCCTCACCTCCCAATGCCGGCCCGGCAAACAGTTGCGATCCGAATGTTGCCGTCACGCTGCTTTCCATGTACGGCATAACCACGTTTGCGTCGGGTACGTTTTCTTTTCTCCTCAGTGCTACAATATCCTCTTCTTGAAGTGAATCGTTCATAATAGCGCCACTAAATCCTGAAAACCCCTTGGGTTGTTTACCTGGAAGTACAAAAACATTTTTAGGACCAAAACTTTGCACTTCTCGAATGACTAATTCCTGTGCACTTGCCCCGATTGCCAGAATAAGAATAATCGACGCTATCCCGATTACGATGCCTAAAATAGTCAGGAGCGAACGTGATCGGTGCATGACGACTCCCTCATATGCAATTTTAATTCTATCTTTGTTTGTCATATCATTCGTAGCGGAGCGCCTCCATCGGACTTTTTTTTGCCGCTTGCCGTGCGGGAAAAATACCAAAGACGAATCCGACAACCGTTGAAACGATCAACCCAGCGATGGAGCCGCCAACCGGAAACGTGAACGAAAAGTCTATACCAAATGCGTATTTTATTATGTATGCAAGCAGAATACCAATAGTAGCCCCAATCAAAACCCCAATTACTCCGCCACTGAGAGTCAGAATAATAGCTTCTGATAAAAACTGATCCAAGATGTCTTTGTTTGTTGCCCCTAGTGCCTTGCGGAGTCCGATCTCCCGCGTGCGCTCCATGACGGATACAAGCATAATGTTCATGATTCCTACTCCACCAACGACCAACGAGATCGCGGCAACCGCAGAAAGGAGAATGGTTAGTATGTTTGTGACATTCCCGATGCGCTGTACGATATCATCCTGCGTCATAATAAAGAAGTCATCTCTGCTTGGATCGTCAATATTGTGATTGTTGCGCAAGAGCGTCTCGATGTCACGGGAAACGTTTTGTATATTCGCTTCCGTATCTGCTTCCACGACCATGCGTTGAAAATATTTAATTCCTAAAATATGTTGCTGTACGACCGTATAGGGTACTACTACGGCTTCGTCAAAATTAACAAAGGATCCCTGACCTTTCTGCGCAAATACCCCCATTACCCGATAGTTTTTATTTTTGATCTTGATTTTTTTGCCAATAGGTTCTTCCGTTGGGAATAGTTCCTCCGCAACTTTCTTGCCAATGACTGCGACCTCCTCCTTTTGGCTTACGCTTTCGTCAGGAAAAAAATCACCTTGGGCCATCTTGAGGTCAAATAATCGGATAATATCGGGCGTGCTTCCCATAACCAGCCCTGCATAGGATTCGTTTTCGAAAATCGATATTATGTTTCCAAATACGATCGGAGTCACTGATGCCGCATTGGGTACGTTTGCTTTTTTTTGGAGGTCATTAAGGTCTTTTTCGCGAAGTGAATCCGTAAACAGTGTTGAGCCCGCCCCGCCAACGTCCGTCGGAGCCTTCCCAGGGACAACAAATACATTCTTGGGCCCCATATTCTGGATCTCTCCTACAATAAGTTGTTTGCCGCTTTCGCCTAGTGCTATAACGACGATGATCGCCCCGATGCCGATGACAATCCCGAGAATGGTCAACAAAGAACGCGATCGATGCGTCGCCAATCCCACTGCTGCCATACGTACCGTGTCCCATGTCTGCATGCGGTTATTTAATCAGATCATCCTTATGCACCCGGTGGCGATGTTCGACCCACTCATCACTTTCAATAAGCCCGTCTTTGATATGTATAATGCGTTCTGCGGCGGCCGCGACATATGATTCATGCGTCACCATAACAATCGTGTGTCCTTGCTCGTGCAATTCCTGTAGAAATTGCAAAATGACGGCTCCTGATTTTGAGTCCAGGCTGCCGGTTGGTTCGTCGGCAAAGATGACTTTGGGGCCGTTAACCAATGCGCGCGCTATCGCGACGCGCTGCTTCTGTCCCCCGGAAAGTTTTACCGTTGGAAAATTCTCGCGTTCGGATAGACCTACCATTTCTACCATCGCGCGGGCGATCCGTGTTCGCTCAGGCTCATACACGTCTGCATAGATAAGTGGAAGCTTTACGTTTTCGATCACGGACAGGCGCGGCAATAGGTTGAATGCCTGAAATATAAAACCGATCTTTT
CP011209.1_gap23	797246	798136	890	TACTCGTCTTTCTCGAAGAATTCTTTCCAGGGGTCGGGTTCTTCTATCTGCCCCTCCAGGGCTATACACTTTTCTTCGTAGAGCCGCTCGAGTTCTTCGCTCTTTTGCGCCAGCATGTATAATTCGCTTGAAGAAAACGTCCGAGCTCTTGTTCCCTCGAAATATCGTTGAAATACCCTGAATTGCCCCTCCTCATTGAATATGCCACATAGGATACCTCCCTTTGACTCGCATACGTCCACAAGCACTTTTCCATCCTTTTGCTCTATGAACTTTATCATTATAGAAGACCTCCTTAAGAATCCTTCTCATGGACTACTTCAGTAATACCCACCTTCCATTCTGTTGTCAATCCGTCAAAAAAGGCCCTGCATGTGCGGGGCCTGTACTGGCTTACATTTCGCCACGGTCGGCAAAGATCGCGCAATCACCAACCGCTTGCGGTTGCGGTTCCTTTGCGTGACTGTTGCTCGGCTGTTCCGCTTCGCCGAAGTCGGCCAGCTTGAGGAGCTGCAGAAGCATCTCGTCCTCCAGGTTATTTACACCCCTTACTCTCTGCTCGGTTACGGGGCGGTATCCAACCTTTACTTCCTCGCCCTTATAGTGAGCACTGTTGTATGTATAGATACCTGGAGAATATGTTTCCCATTGCCCTTTGCCGCCGGCGATCGCCAAATGATCGTGTCCATTCCTAACGATTTCAGCATGACCGAACGGCGTATCTTCGGAAAACGTCTGTCGCGCCAAAGCCTCCAGTCTTCCGAATGCAGGACCAAATCTTACCTCCCGTTCGGCACATTTTTTTACGAATTCCTCTGCTTTTGCGCTGATCTCCTTCCACTGTTCGAGCGTGAACGTATTAGAATAGGACATGATTCTCGAGGAATCAT
CP011209.1_gap24	802958	803823	865	ATCGAAGCAATAGAAACAGCGTTCTGTATCGCAGATCGGGTCACCTTCGCTGGATCAACAACTCCTGCCTTGATCAGATTTTCATACACGCCAGTCGCAGCGTTGAATCCAAAGTCCTCAGCCCCACTCAATACCTTGTCTACGACGACTGAACCGTCATAGCCCGCATTGCTTGCGATCTGTCGAACCGGTGCCTTCAACGCCTCAAGAATGATCGTTGCACCCACCATCTCGGCGAGTTGACTCTTTGAGAATCCGTCGATCAGCTTCTGTACCGCCGGGATGGCCCGGACAAGTGCAACACCTCCTCCCGGCACGATACCTTCTTCTATTGCCGCCTTGGTCGCGTTGATCGCATCCTCGATGCGATACTTCTTTTCCTTTTGTTCTATTTCAGTTGCGGCTCCTACCTTGATGATGGCAACCCCGCCGGACAGCTTACCTAATCGCTCCTGTAACTTCTCCCTATCATATTCCGATTCGGTCGTTTCGAGCTGCGCCTTAAGCTGCGCTACACGATTTTCGATGTTCTCCTTTTTACCTTTACCTCCAACAATGATCGTATTATCCTTGGTCGCCACTACGCGATGCGCCTGACCGAGCGATATTAACTCAACACCTTCAAACTTGCGACCTAGGTCTTCGGTAATAAAGTCCGCGCCGGTCACAATAGCGATATCCTCCAATAACTCCTTCTTCCGGTCGCCAAATCCCGGAGCCTTGATCGCGAGCACATTCACAATACCGCGCATCTTATTGAGAATTAACGTCGCGAGCGCCTCTCCTTCGATGTCATCCGCGACAATCACCAACTCCTTCTTTCCCGATTGCACAATCTTTTCAAGTACCGGGACGAGCTCGGCGA
CP011209.1_gap25	807359	808102	743	AATCGTAGGAAAGGAATCTTCCCCTGTCATCGAAAAGTTAAGCTTTTCGGTCGCCAAGGGCGAAACGCTTGCCATTATCGGTCCAAATGGCGCCGGCAAAACCACACTATTTAAGGCATTGCTCGGATTGACGCCGTATTCCGGCACCATCACCTGGGCTCCGAACACCAAGATAGGGTATGTTCCCCAGCGCATGGAAATTGAAACCGATGTCCCCCTCACCGTTGAGGAGTTTTTTAGACTGCGCGGAAAAGTCGCGACTCCGGAAAAAATCCGGGAGATATTGAACTACGTCCAACTTGATACGCCGATCCTTAAGGCAGGCTTCGGTGAGATTTCCGTCGGACAACGCCAGCGCATTCTTGTGGGCTGGTCCATATTAGACAACCCTACCGTATTACTCTTTGATGAACCAACCGCCGATGTCGATATCTACGGGCAGGAATCCATCTACAAGATGATCTCCCATCTGCACGAAACGCTTGGGCTCACCGTTCTTCTCATTTCCCATGACCTTTCCATTGTGTACCAGTACGCGAACAATGTCATGTGTCTCAACCATCAGCAAGTCTGCTACGGTATTCCTGACGAAATTCTCAAGGCAGAGCACCTGCAAACTCTCTACGGGGGCGAGCGCGGTTTTTACGCACATAACCATATGGGACACACCAATCATAATCATTCGACATCATGACCCTCGATCTCACTTTTTTTCAAATCCTTATCACGGCTGTATTTGTGGC
CP011209.1_gap26	853339	854398	1059	AACTTTGCGGCCATTGGTATCCTTACCTCTGCATTCCTTGGTATCGTATTACTCCCGCCAAAGCCGATCTGGTTCAAAAAGTACCACTACATCTGGTATGTTCTCCAATGGATGTTCCTTCCTATCACCATGATTATATTCGGATCCATTCCCGCATTGGATTCGCAGACTCGTGGAATCTTGGGTGGCAAATATCGTCTTGGGTTTTGGGTCACACCAAAGCATCGAGAATCAAAAAATCCCTAACGGGATTTTTTGATTCTCGATGCAATTTCAAATTTTAAATTACTCAAGATGCACCTTGTCGTGAAATTTTCTCACGATGTCTTTTAGCTGAGGATGACTTGTTAGATCAGGATCCATCCCCAGAATACCCTCAGCAGCCTCACGGGCGCTCTTGACGAGCTTCAGATCGTGCAGAGAGCGCATCGCCAAATCAGGCAACCCCGTCTGCGATTGCCCCATGAATTCGCCGGGGCCACGCAGCTGCAAGTCTTTCTCCGCAAGCTCGAATCCATTCTTCGCACCTACCAATGCTTCAAGCCTATCCTTGGTTGTTTGCGCCGATGAATCAGTGAACAGCAGACAAAATGACTGATGCTCCCCGCGCCCAACGCGCCCTTTAAATTGATATAATTGCGACAATCCAAATCGATCCGACCCTTCGATCATCATGATGCTTGCATTAGGAATATCAACACCGACCTCTATCACCGAAGTTGCCACAAGCACATCAATATCGCCCTTCTTCATCGATTGCATGATCGCATCTTTTTCTGCCGGCTTTAGCTTGCCGTGCAACATCGCAACCCGCATATCGGGAAAGATCTTCTTGGAGAGCTTCTCGTATTCCTCCTTAACCGTCTTCGTATCGACCGCGAACCAATTCTTTTTATCTTCATCCTCTTCAGCCTTTTCAATGCGTGGACAAATAACGAAGACCTGCCTCCCTTTTTTCACCTGACCCCGAATGAATGCGTATGCGTCCGTCCTACTCGCCGGAGGGACGATCTTTGTAATGATTTCCTTTCGCCCCTTTGGCAGCTCTCCTATGACCGA
CP011209.1_gap27	939816	944580	4764	AATACGAACGACCAAAGCCACCCAAACAGCGCCGCAATGGCGCCGCCGATCGCGCAATACAGCAACGGATAGTGAAACAGGTCACGATGGATGTGCGCATGCTTTCCTCCGATCTTGCGATACATGATCGCGTGTACCAAAAAGTCCACATCGGGCAACAGCGCAAACAAAACGGACAGTCCAATCAATTGGCCCGAGAGCTCTACTCCAAACAGCTTCGCCGCGATCAGCGCGACAAATATCCCCAATCCGATATCTGCATGCATGATCTTATTTTACCAACTTATGAATAAGTTTTGCTAATTGCCCAGACAACCAGGACGTCGCGTGTTTTTTCTTAAAATAGGCGATCGACTTTTCCATATACATATCCTTTGAAGCAACGACCGACCCATAATGTATTACGCGTATGGCGGGATCGTATTTAATGCGCATCCCCTTTTGTCTAATACGTAGACAAAGATCCTCTTCTTCCTTATACAGGAAAAAATTTTCATCAAACCCTCCTACCTGTTCAAATATATCACGCCTGATCAAAAAGAACGCTCCAGATACCCACGCTACATCACTTGCTCGATCTCTCTCTTTCCAATAACTACTCCCGATGCGATTTGCGACCCACGCCCTCAATCCCCTCAACTCTCCGTGATCCCACTCCTGGACGATGCCATTTCCCATGACCAATTTAGGGCCGATCACTGCACAGTTCTCCCCCGTTCGCATACTAGCCATTAATCGCTCGATGGTCTTTGGCTCAACAAATTGTATATCTGGGTTTATTATCAGTAAGAATGGTGCATTCGATCGCCCGGCAAGATCATTATGCCCACCACCAAATCCCTTATTTTTTTCCGACTGGGACACTAACACCTTGTCCCCATATCGGTCATGCAAATCTCCCAGATCATCGTTCGACGCGTTATCAAGCACCAAGACCTCATAGCGCAGATCTGTTCCCCGCAGATCGGAAAATACCCCATCAATACAATCGATGAGGTATTTCTTGGTGTTGTAATTTACGATCTGAATCGCAACGTCTTTCATGTATTATGCCTTTCGCAGTCCAAACCAAATGCGATCCTGATCAAGCACCAGCTCCGCATAAGCATCCAGGTGCTCCGCCTCCGGCGCGAACACGACGGCTTTTGCCCCTACTTCCCGCTTCAACAGATCTTCGTATTTTTTCATGACATCGCCCAATGCGGCGCTATCGACGAACAACAGTATCCGATCCTTCGGCTCATAGCCAGCATCCTGTCGAAGCCCCTGGACCATGCGCACACTTTCGCGCACGATCCCTTCTTCCAATAGGGCAGGCGTAATTGTCGTGTCAAATTCCACAATACCTTCAACATTTGCCTTTACCACAATCTTTTTTACATTCACCTCGTCGGCGAGGATCGCCAATAATTCTTTGTTTGTTTTTAACCCCACAACACTCGATTGAACCGTCAACGTTGCAAGCGGCTGACGCACCTTGATCCCCAAGCTTGCGCGCTTTGCAAGCGCTATACTTGCGAGATTACGTACCTCGGCCATCATTACCCCCATCTTCTTGTTTGTCTTCAATACCGCGAGAGCCGCAGACTTCGGCCACGCACTCAAATGCACTGATGCATTCTTCTTCTGATCCAACGACTTATAAAGCGCATCGGTAAAGAACGGTGTAAATGGCGCAAGAACCTTGCTCGTCTCCATTAATATATATGCCAACGTTTTTGAGGCGAGCTCCCAATCCTTCTTGTCATCCGGCTTCTGGAAACGTCGGCGCGATCGGCGAACATACCAGGTCGACAGGTCGTCGACAAACTGCCCAATCGGACGCACTGCGCGATCCAATTCGTACTTACCCATTGCTCCGGTCACTTCAGCAACCAGTTCATCCAAGCGCCCAAGCATCCACTTATCCAATTCTGTTACCCTCCCCTTCGGTCGTGCGATCACCTTCTGCTGCTGCCCATACATATCGTAGAAGCTGTATACGTTCCACAATCGCGAGATCACCTTCTTATATAATTCATCAACACCCTTTTCCGAAAAATTAAGGACTTCTCCACGGACGATCGGCGACGACACTAGGTACAGCCGCAATGCATCCGCTCCGTATTTATCCACGATCGTCATCGGATCGGGATAGTTCTTTAGCTTCTTAGACATCTTTTGCCCATCCTCGGCAAGCACCAATCCTGTCGCGATGACGTTTTTAAACGCCGGCTTTCCAAACAGACCCGTCGACAACACCATTAACGTATAGAACCAACCACGTGTCTGGTCAACCGCCTCAGCAATAAATTCCGCCGGAAAGTTCTTTTCGAACTTCTTCTTACCCTCAAATGGATAATGCGCCTGTCCATACGGCATAGAGCCCGATTCAAACCAGCAGTCAAACACGTCCGGCACGCGCTTCATCGCATGCCCTTTTGTGCAAACCAAATCGACCCGATCGATATACGGTCGATGCAGGTCCAATTCATAATTTTTGTTGTGTGGGATAATGCTAAAATCAAGCTTCTTAATCTCGGCATTTAAGACAAAATCCTTATTCCCTTTTCGCATTGCGACCGCTTTGGGACCATCAAATCCTTGTACGCCCGCGAAGAGTGCCCAGATGGGGTATTCGTGACTAACAATAAGGATATTCTTCCCCTTATACTTCGCATCGATGTCGTAGACGAATTCCGTCATGCGCTTCTTTACATCCGTCAAACTTTCTCCCTTCGGCGCAACCTTTGCGAACTTTTCTTCTAAAGATGCAAAATATGCGTGGTATTCGCTAATCGGCCTATTGTCAAAGATACCGCAATTGATTTCGCGCAATCGCTTATCAATGATGATCTTTGCCTCATAGCCCAAGGTCTTTGCCGCAATCTCCGCCGTCTCCTGTGCGCGCGCATAATCGGACGAGAAGATCACGTCAATCTTTTTGCCCTTCAATTGCTTTGCAAATGCCTTTGTCGAACGCGCAACTTGCCCCTTACCCTTCTCCGTTAGGTGATACGTATTCTTCGGATTCGAGCTCACGAGATTCAATGCATTATTCTCCGATTGTCCGTGGCGCAGCGTAAAATACATATTGCCTGACTTCGGTGTATTCTGCTTGATCTCAGCAACAGAGCCAACCACCTTTAGCTCACCACATTCTTCGCATCGCCATACCGGGATCGGAGCCCCCCAGAATCGGGTGCGTGAAACAGCCCAATCCCGCGCATCCGCCAGCCAGTTTCCAAAACGACCCGTCTTAATGTGTTCCGGGATCCAATTGACCTTCTTATTATTATCAACCAACCCGTTCTTTGTATCGCGAATCTTGGTTACCTCCACAAACCATGATGATGTCGAGTAGTTCAGTAGCGGAGTCTCACATCTCCAACAATGCGGATATGAATGGACCAGCTTCTGCTTTTTGAGCAGGTTTCCGTGATGCGCAAGCCATTTGATGACCTCTATATCGGTCGCCTTGTGGTCTTCCCGTGGTTTTACCGCCAATCCTGGGAAATCCTTTACCTCGGGTTTAAAGTGTCCGTCCATAGCCACATGCTGCACAAAAGGCAATTTATTCCTTCGTGCCAATTCCATGTCGTCAGCTCCAAATGCCGGTGCAATATGCACGATTCCCGACCCATCCTCCATGGTCACAAAATCCCCCGCATAGACCTTCCAGCCGTTTTCGCAATTCTCTAAATCCCCCTGCTGATAATAATCAAACAGCGGCACATACACCTTACCGACAAGATCCTTTCCCTTCACAGCTTCAATAATCTCATATTCCCCTTCAATCACATCGAGTCGGTCCTTTGCAAGGATATACCGTTCTTTTCCTACTTCGGTCTTTATTTCGATTGTGACATATTCCGCCTGTGCATTAACCGCCAGAGCAACGTTGCCCGGCAATGTCCACGGGGTTGTTGTCCATGCAATGAAATATGTATCCTTCTCACCTTCGACCGCAAACTTCACGAATGTCGAAATATCATCAATGTCCTTATAATTTAATGCAACCTCAAAGTTTGACAATGAGGTCTCGCATCGTGGGCATACGTGCATCGACTTTCTTCCTTCGTATACCAGTCCCTTGTCGTATAACGTCTTAAATACCCACATTACCGATTCAGTAAAGCTGGCATCCATCGTCTTATAATCCTTATCCATCTCCACCCATCGTCCAATGCGCGGAATGATATTCTTCCAATCGTGTGCATACGACATCACACTTCCTCGCGCAGCTTCGTTGAAGGTCTCCACTCCAAGATTCTCAATATCCTTCTTCGTTTCAAGTCCTAGCTCCTTTTCGATCAAATTCTCCACGGGTAATCCATGACAATCCCAACCCCAGCGACGCTGAACTCGCTTGCCATTCATTGTCTGATATCGCGGGACAATATCCTTAATAACGCTCTGCAAAATATGCCCATAGTGAGGCAATCCGGTTGCGAACGGGGGGCCGTCATAGAAGACGTAATCCCCTTTCGGCGCAGCCTTTTTAAGCGACCGTTCAAATGTCTTATCTTGTCTCCAAAACTCCAAAACCTCCGATTCCACCTCACTCGGAGTGAACTTTTTTCTTCCTTTTAGCATGTCTATACCATACCAAAAACCCCATCCCTGAGCAAGGAATAGGGGTTTTGGTTATTATTTTTCAACCCTCATCAGATACACCGCCAAGGCCATATTGATCACGCCGATCGTATCCGAGACAACACAATAGAAGCACCAAGCTCCGATCACGAATGCCTGCAAGGCAAATAGGTAAAGCGAGAATAGCCC
CP011209.1_gap28	983947	984447	500	CGCATCCGTCTTGGTAATGCCAGAGGTCAAAGCAACAGAGGTCGAGATCCGCGAAGGAGACCTAGATGTATCCTTCTTCCGTTCTTCCGGCCCTGGCGGACAGAACGTAAACAAGGTAGAGACCGCTGTGCGCATCGTCCACAAGCCGAGCGGTATCGTTGTCTCGTCGCAATCGGGACGCTCACAATTTGGCAACCGCGAAACGGCCATGGGCATGCTCCGTGCCAAACTCTATGATATCAAGATGCAAAAGGAAGCGGCCAAACTAGGCGCCTTGCGAGATGTGATCGGCACCGGAGATCGCAGTGAAAAGATCCGCACCTACCACTTTCCCGATGACCGTATTACCGATCATCGTATCAACAAGAAGTGGCATAATGTCGAAAAGGTACTCGAAGGAGGCTTCCAACCGATTGTAGATGCGTTTAGGGAGGCGGAGAAAATCGAAAAATGAAATATGAACCGTAGAAAAACCCGTGCGCCTTTGGCGCACGGGTTTT
