gap_id	start	end	length	sequence
CP016757.1_gap1	2285	3745	1460	GGAGCTAGCGAAGGTTATCGAAGAGGGGACGCTCGCAGCCTCGACCGGCGAAGAGTTCCCGCTCTATCTCTCCTCCGCAAATCTGCAGATAACGCAGAACATGCTGAATATTGTCTCTACGGATACGCGCAGGCTCGCGCTATCCTCGGCGGCGGTGGCCGACGGGGCCGAAGCGGCGACGGCGCTGCTGCCGATGAAGGGGGTAAAGGAGCTTCAGCGGATACTTGGCTCGCTGAACCCGGAAACGGAGGTAAAGGTGCTCTTTGACAGCGCGCAGTTCTACTTCAAGACAGACACGCTCGAATTCACCGTCCGCCGCGTGGAGTCAAAGTTTCCGCCCTATGAAAAAATACTGCCGAAGAACAGCACCCTCAGCGTCGTTACCGACAGAGGCGCTCTCATCTCCGCCCTTGAACGCGTGGATGTCATCGTTCGGGACTTCAACCGCATGGTAGTTCTGGACATCATCCCCGGCTCGGAGATGGTACTGCGCGGCAAGGCTCCGGATTTCGGACAGGCCAAGGAAGAGATCGGCGCGGAGGCGGAGGGCGAAAAGCTGAGGATCGCCGTCAATTCCAAGTTTTTCTTGGAGGCTCTAAAGGTGATGAGAGATCCCGAGGTAAAGCTTTCTTTCAACGGCCAGGCCGGCCATATGGCGGTAAAACGCAGTGACAGCGACGATTTCTTATGTCTCATCGCGCCGATCAACCTCTCTGAGGATGAACTCAGGATGTTTGATACGGAGCAAAACGGAGCGGATGGGATTTAGCCGGGTTCGGTTCAATAATTTTAAAAATCTTGAGCCCCGGGAGATGAGATGGTCCCCGGGGCTGAATTTGCTTACCGGCGAGAACGGCGCGGGAAAGACAAACATCCTTGAGGGGATAAATATCGTCTCCGGGTGGGGTCCGCTTGAGCGCGGCGCGAAAACTCTCTCGATGCCTACCTGGGGCAGCGGTTCTTCCGAGGTGCAGCTGACCGGAGAGCTTGAATCCGGCGGGATAATACGCGTGAAAATATCGCGCCGCTATATGCTGAGGCTGGATGATAAATCAGTTACCGCCGCGGATCTGCGCTGGAACATACCGGTGCTTACCTTCCTTCCCGACGACATGTCTATCGTGGAGGGCTCTTCAGCCTTCCGCCGGAGGCTGCTTGATATGCTGCTGGCGCTGATAGTTCCCTCTTACGCGATGCGTCTTGCCGAGTACAGGCGCGGCGTCCGCCAGAAGGCGGTATTTCTTAAACGCGGGATGCCTGCGATGATCGCCGACCGGGCGCTGCTGCCGCTTGCCGCCTGGATATGGCGGATGCGGATAGAGGGGGTAAAGCTGCTCTCCTCATGCCTTGAGGGAATGTCGGAGCTCACGCCGGTGAAGATCACGCTCTCGCTGAAGAGAGGCGGAGCCGGTTTTGACGACGACTGCGAGAACGATTACGCGAAGGCGGTCATCGCAAAC
CP016757.1_gap2	30939	34812	3873	CGGGCAGCCCTGAATTCACGACGACGCCCGTCAGCATTATCACGGCGGTATCCTCCGCCGCGCGCCCCATTGAGAGGATTATCCCTCCTAAGATACCGCGCGCGGCGGCGGGAAGCAGCAGGCGGCGCAGCAGCTGATTCTCAGAAAAACCCAGCGAGGCACCGGTTAATTCAAGCATTGGCGGCAGGCTCTCCATCGAAGAGCGCGTTGTTACGACAAGCGACGGCATCACAAGCAGCGCCAGGCAAAAGGCGGCGAGAGAGATGCTCGTCGTCGCGCCGGGCGCGAAGGTGTGCCGCAGCGCGAGGATCAGCACAAAGCCGAAAAGCCCCATCACGATCGAGGGAACGCTCGCGAGCAGGTCGATGGCGAGCGAGAGGCGCTCCTTCGTATGGCCCCTGGCGAAACGTGCGAGGTAGATGCCGCAGCCGATGCCCGGGACCGCCGCCATCAGCATCGTCAGGAGGACGAGACAGAAGGTTCCCGCGAAGGCCGGCCAGATACCCTCCCAGACAGGACGCAGCCCCATGATCGCCTCATAGGGCGGCGTATCGCCGAAGAAAAGCTGCCGCCCGATAAGGGGGAATCCCTTTTCCGTGAGGAAAAAAATCAGTGCCCCGCAGGCTCCGGCCACATAGGCCGCCCCCGCGCAGGAGATAAGGCCGCAGATCAAAAGCCGTTTTTTCATCCTCTTTCACTCCCTCTTCGGATCGCTCTGAAGAGAATATTCGCCCCCGTGCTCAGCGCAAGCAGGATGCCGCCGGCGACGAAGAGAGAATAATAGGCCGTGCCGCCGACATCGGAGGAGAGTACGAGCCCGATATGCGCCGTCAGCGTACGGATGGCCTCAAAGGGCGAGACCGGGTACTGCACGGCGTTGCCGGCCAGCATTGTGGGGATCATCGTATCGCCCGCCGCGCGTCCGAAGCCCAGCAGCGCCGCTCCCCAGAGCCATTCCTTGCAGGCCGGCAGCACGACATAGACGAGATGTTCGGCTCGGGAGAGGCCGAGAGATTCGGCGGCGAGGCGGCTCTCCCGCGCCGTCTGGGCGACGGCGCTCTCCATCGTCAGCACCATCGTCGGCGTGATAAGCAGCGAGAGTACGAGGGTGGCCGTAAACCAGGAGAAGCCAGAGCCTCCCATGCCGTCGCGTATCAGCGGCACGAGGAGGAATACAGAGGCAAAGCCGTAGACGACCGTAGGTATCGCCGTCATCAGGCGCAGGAGCGATGAAAGCAGCGAGGCGCTGTATTTTTCGCCAAAGCCGTGTATATGGCAGATACATCCGAAGGAGATGAGCCAGCCCAGGGCCAGCGACGAGAGGGAGAGCGCCGCGGTGGCCGCGATCATCGGCAGAATGCCGAAGTCCTGCGTCTCCGGATGCCATACGGAGGTAAAGAGCGTCGGGCCGCTCATAAAGAGCCCCTCCGCGGCGCAGAAGGTTATAAAGACGAAGACGGTCGCCAGCAGCGCCGTCACGTAAACCGCCGAGGCCCGCAGCCAGAGCGGGGTATTTGGGGAATCTATCATCATAAGCCGCCTTTTATAAAGACGGGGCGCCAAGGTTGATTTTTCCGGCGCCCCGCAGGATTTACTTCTTTCGTGGAAGCGGGATGTAGCCGCTGTCTTTGATGATCTGCGCGCCCTCGGGCGAGTAGATATAGTCGATGAAGAGCGCCGTAAGCCCTTCCGGCTTGCCCTTGGTGTTCATGAAAAGGTCGCGCACGACGGAGTATTTGCCGTTCGCGGCGTTCTCCTGCGTCGCGGTCATCCCCGCGAGCTTGGGGGCCTTGACCGAGCTGTCGATGTGCCCGATCCCCACGTAGCCGATCGCGCGGGCGTCCTTCGCCACGGCGGTCTTCATCGCGCCGTTGGAATTTACGACGTTGGCCTTCGCGGCGACGCTGCCCTTTTTGATTGCCTTGTCGGTGAATACCTCGCGGGTGCCGCTGCCGTCCTCGCGCACATAGAGATTGATCTCCGCGTCGCTGCCGCCGACCTCTTTCCAGTTGGTGATCTTGCCGGCGTAGATGTCGATAAGCTGTTCAAAGGAGAGCTCGCCCACCTTGTTGGCGGGATTCACGACGACCGCCACCCCGTCGATCGCGAAGGGGAAACTCTCAAGACCGTACTTCTCGATCTCGTCTTTTTTCAGCGGGCGGCCGGTGTTGCCGATCTCCACGAGCCCCTCGCCGGCCTGCTTGACGCCGACGCCCGAGCCGCCGCCGGCCACAGTGATGCGGATATCGGGATTCGCGCCCATGATGCGCTTGGCCGCCTCTTTCATGACCGGAATATGCGCGGTGCCGCCCGCGATATCGATCTTGCCCTTCTGCCCCTTGAAAACGTCCAGCGGTGAGGCCGCAAAGGCCGTGGCCGCGAAAAGACAGATTACTGCCGCGATAAGAAATTTCTTCATAACAGAAACACTCCTTAATATTTTTATTGTCCGATATAAAAGGCCGAGTCACAGGCCAAAGACCGGCAGCAGCCGCGGGGCCGCCGCCATATCAAAACGCCACATCAATGCAGGGGGAAATTTATTATAGGGAGCCGGAACCGTTATCCGGCCGGAAAAGAAGATCCGGCGGAAAAAGAGGACCAGGCAACCGCGCAATGCATCCCGTGCATTTTATCAGCGCTAGATCACGTCATCTTTTTCCACCGTCCTTAAAATCGTTACATTATATTTACCAGTGTAATATCACACTGAACCGGCTAAATGTCAATGAGAGAATTTGCGTTAAAGTTAAAATTTAGGCAAAAAAACAAAAGGGGAAAACCTTTGGACTAAAGGTTTCCCCTGTTGTCGGGCCGAAGACGGCGGCCGGCGCTTACAGCTCGGAGGTGCAGTGCGGGCAGCGGGTCGCCTTTTCATTGATCTCCGAGAAGCAGTAGGGGCAGAGGCGCGGCGGCTGTTCCGGCTCCGCGGGCTTCTCCGTTCTAAGCCTGTTGGCGAATTTGACGACCACGAAGATGGCCCAGGCCTGGATGAGAAAATTTATGACGGTGTTGATGAAGGAGCCGTAGGCGATGACGGGGATATTCTGCGCCTGCGCCTCGGCGAGCGTCGCCGCGTGGATGCCCGAGAGGTTGATGAAAAGATTTGAAAAATCCATTCCTCCGGCCAGCAGCCCGATCGGCGGCATGAGCACGTCGTTGACCAGCGAGGTGACTATCTTGCCGAAAGCCGCGCCGATAATGACGCCGACCGCCATATCCACCACATTGCCGCGCATCGCGAATTCCTTAAAGTCCTTGAGCCAGCCTTTCATAACATGACCTCCTATAAATAATTACGGTGCTATAAGGGTAATATAACACCGAATTGCTGCTATCTATGTGCTGTTAGCATTTTATATCAAAAATATATGCGTACAAGGGATAATTTACTGATAAGAGAGGAGGGCGGAACGTGGTTCTTCGATACACAATCTGCCGGCGCCATAAAAAGGCGAAGGGAAAGATTCCTTCGCCGCGATCCGTGGCCGTCGTTGTTTACCGCCGCTCAGGCCTGAGCGGGTTCTTAGAAACGGTGATTATTCCTGGCCGGCGAGCTTGTCGCCCTTTGGCTTTACCCGCTCCCAGATCTTAGCCACCTTTTCGTCGTCCCAGACAAAGCTGTCATAGGTTCTCAGCTTATTGTAGCCCCAGAAAACCCTGATAGTTTTATCGCCGTTGTTGTAAATCGAATGTTTGGCGTTGACCGGCATATATATAGCCGTGCCGGGGCCGCACTGCTGCTCCTGGTCATCTACCCGCACAAGTGCGGTTCCCTCGATAAAATAGTACCATTCCGCCGCGTCTTTATGGTGATGCAGGACATGCTTTTCTCCCGGATCTAATTCATAGATGCCGAAGAACAGGTCGGGG
CP016757.1_gap3	198874	202913	4039	AATTGTAGCCAAAGGATTTTTGCCGATTAATGCATCGGAATTCAAAACCAGAGGATTACTGAGAGCACGCAGAGCGGTAATGCCTCATCCTTTCACCGAGATGCCGGAGGAAGAAGTTGCTCAGACCGGCGAGGCGCTCTATGACGCCGTAGTTTACGGTTTGACTCATGAAGGCGAGCTCCTCTTTCCGCCGAAGAAAAAAGCCGGCGAGGCCGCCGCGTCAGACAAGCCGGTAAAAGAAGTTCCTCTGGAACATCAGGTTGAACCGGAGCGTATAACCATCGAGGGATCAGATTATTTTGATTGGGGCTACAACCTCAACCATTATTTCCTTAACCACGGCTGGGGAGACGGATTCCCGATAGTTCCTCCCACCGAGGAAGCTGTTAACCGCATGCTGACTGGCACGAAACGTGACCGTAATGAAGTTATCCTTAAAATGCAGCCTGGCATGGGGTTGGCCACAGTAGAAAAAATTGCAGCCAACTGCGTCATGGCCGGCTGCGAACCCGCACACCTGCCTATAATGATATCTATAATTGAAGCTATGGATGTAGAGGAGTTTGTTTTGACCATCCTGGCCCAGTCCACCGGTGCTCACGCCCCCATACTTCTTGTAAACGGACCTATTGCCAAACAGATAGGGATGAACAGCGGAGCATGCTGTTTTGGTCCTGGCAAAGATTCGGCGGCAAATACGGCAATCGGAAGAGCAGTGCGCCTCTGCATGATGAATATCGGCTTTACATACGCCCGTATACGCGATATGGATACGATCGGCTCTCCGATCAAATACAGTTTCTGCGCAGCTGAAAATGAGGCTGAAAACCCATGGGAACCCTTCAGCGTCGAAAAGGGATTCAAGCCTGGTCAGAATTGCGTTACGGCAATTCCGTGCCAGTCGCTCATGGAAATAGAGGACATGGAGAGCGACACGCCGGAAACTCTTCTTCGTACCTTCGCTTCCTCAATAGACTCAATGGGCTGGCTCGGTGCGCGTTCATGGCTGGGCTACGTAACACCTCCGCGTATGAAGGTGGCATTGCTTCTTGCTCCTGACCACGCCAGAATGATTGCCAACGCAGGTTGGTCAAAGTTCGACGTCAAGCAGTATCTCTACGCTAAGTGCCGCCGTAAGTGGGGGCAGTTCAAACATCAGGTTATCCCGCGCATCGAAAGCAAGATTGTACTTCCCGGATACAGATGGCTAATCAATGCATCGGATGATACGATGGTTCCGATGGTAAGAGACTTCGGCTATTTTGACATCGCGGTAGTCGGCGGAGCTGCCGGAAAGTCAGCTGTGAGCCTTGGCCTCGGTTGGCCCATAACGAAAGAAATTAAGGATTAACAGGCACTCTGGAAATAACATGGTTATTTGCTGGATCTACGGCGATAGGTACCAGAGTTTACTGTCTTCTATGAGGTCGTTGTGTGGTCATGTTATTCTCTGCCGTTCGACAATTGTAAATTCAGTAAATCTTAAAGAAGTATCGCTCGATACTTCTGTAAAAGATTGACAAAGGGGAAAGATGAACTTGAAATTAGCTGGTAAAGTCGCTGTGGTTTCAGGCGCAGGAGCGGGCATAGGAAAAGCAGCCGCCTGCCTTTATGCCAAGAACGGCGCAAAGGTTGTAGTGGCAGTAAGGACACTCAGCAAAGGCGAAGAGACGGTAAAGCTGATTAAAGAAGCGGGTGGAGAGGCCATTCTTGTCCATACAGATGTGTCTAAGCTCACGGATTTGCAGGATATGATAAAGACAGCGGTGGAAAGCTACGGGAGGCTGGATATACTCTTCAGCAATGCTGGCGTGCCGGGCCCCGGAGGTCTGGATGAAGTTACTGAAGAGGGATGGGATCAGACAGTTGCCGTGAACCTGAGGAGTTGTTTCTTCAGCGCGAAGTACGCTGTCGAGGAAATGAGAAAGACAGGCGGCGGCGCGATTGTTTTCGATTCCTCAATTGCCGGAAAAGTCGGCTCTCCCATGAGCCCAGTATATTCTGCAACGAAGGGCGGCATAGTTACCCTGACAAAATCTTTGGCTCTCTTGCTGGCGCCGGACAATATCAGAGTTAATTGCGTCTGCCCCGGTCCTATTGATACGAAATTTGTTCGTCAGGCATGGGATCGCGCACCGGATCCGGATGCCGCTCGTCTCTGCAATGTCAGCGGCGTTGCTCTTGGACGTATGGGCTCTCCTGAGGAAGTGGCTAATGCTGTCCTATTCCTATCTTCAGATGAGTCTTCTTATGTCACAGGTACGGCTATGGCTGTAGACGGAGGGTATCTTGCTCGTTAGCTTTAACAATATGATAGTCATAAAAAATTGACTGAATAAACACTGGACTAAGGGGGATATTCTTATGAAAAAATCTTTCGTGCTCTTTTTGACGTTTGTGCTGTCATTAGCCTTTACGGCTTCCGCTTTCGCCGCGGGCGCTACCGTTTTAAAGGCAGGTCACAGCGCAACCAACAAGGAACCATACCAGCTTGGTCTCGAAGCTTTCGGTAAAAAACTGAAGGAAACGACAAACGGCAAGTTTGAGGTTAAGGTCTTCCCGAGCTGCCAGCTTGGAAGCGAAAAGGAAATGACCGAAGGCCTCTTCCTTGGCAACGTTGACATTGCTACCTCAGCAACAACGGTGGTAACGAATTTCATTCCGGAGTTCATCGTCTACGACCTTCCCTTCCTCTTCAACAGCGATAAGCATTTCTACGAAGCTTCTGACGGCGCGCCCGGAAAATTCTTTGTAGACGCCTGCGCGAAGAAGGGCATTCGCCTTTTGGCTATCTACGACGCCGGAGTTCGTCACATCGCGTCCAAAAAGCCCGTCAACAGCATGAAGGATCTGAAAGGGATGAAGATCAGAACTATGCAGTCCCAAATTCATATCGACGCCTTTAACGGATTCGGTGCGAAAGCGACTCCTATGGCCTTCAGCGAACAGTTCAGCGCTCTTGAGCAGGGAGTCATTGACGGAGTCGAAGCTTCAAACACCAGCTGCTACAACCAGCAGTTCTACCGTCCCGCTCCCAACTGGGCTCTCGTTAGCTGGTACCGCTGCGTCACAGCTATGATGATGTCTGAGAAGAAGTTCCAGTCCTATCCGAAGGATGTCCAGAAGGCTATTCTGGAAGCTGCCGCTTACTCAGCGAAGGTTGAACGCGAGGCCTATGCAAAGAGCGAAAGCGCCAGCCTGGATGCTATGAAAAAGGCCGGAGTCAACATCACGAAGCCTGATGTGGCGCCCTTCAAAGAGGTTGCCCAGAAAGTTGCGGATAAGTATATAAAGAAGCCCGAGCTTAAAGAGGTTCTGAAGCAGATCCAAGATATGGGTAAATAATCATCTAAGATGATAAATACACTTGAGAAAATTCTTAAAGTCTGTAGGCTGATTGCCAAGACTGGAATAGTAATCACATTATCTTACATGGTAATAGCGATACTTCTTCAGATCTTAGGCCGTTACCTGCCGAACGATATGGATATTTCATGGACCGAAGAAAGCGCCAGATTCGCTCAGTTATGGATGGTTTTCTTTGGAGCCGGAGTCGCGATGCAGCGCAACCTGCATGTCGGCGTTGACGTCCTTACAGGCGTGCTTAAGGGCACAAGTAAAAAAATTCTCGTTGTGCTTTGCGGAATATTTGCCGTTGTATTCCTCGTTGTCGCCATATACGGCAGTTTTGATCTGATCGCCGTCGGCGGCTTACAGATATCCGCGGCGCTGAACATGCCGATGAGCTATGTATATTTCATAATACCCATCGGGCTGTTCTATTGGCTGATTGAATATGTTGTCTTTAACGCGAAACAGCTAAAATCAACGACAGATTCGGAGGCGAAAGAATAATGTTAGCTCTAATATTTATTCTTTTCGTAGTGGCTATTTTCAGCGGTACGCCGATCGTTTTTGCAATCGGAACTGTTTCGGCCGCATTCTTGTATCTCATGGATATTCCGATGAATACGATTGCGATACGCATGATGGCGGGCCTCGACAGCTTCCCCCTGATGGCTATTCCATTTTTTGTCCT
CP016757.1_gap4	219514	223390	3876	ATTATTCCAATGGTGCGCTCGGATACGCCCTTCCCGCGGCTATCGGCGCGGCGGTGGCGCATCCGGACCATACGATCATCGCGCTGGGCGGAGACGGCAGCTTCCATTTCAACTGCGGGGAGCTTGAGACATACGCCCGCCTCGGAGTCAACGTAAAGATGATAGTCTGCAACAACAACGTCTTTGGCTGGATAAAGGGTGAGACCGCCCATGTCTACCGTTCCGACTTCTTCGCCACGGACTTTGGCGTGGTGGATTACGCGGGTGTGGCAAGGGCCTTCGGGGTAAAGGCGTATAAGCTTGACGATCCCGCGAAGATAACGGAGACACTGAAAGAGGCGATAGAGTATCAGGGCCCCGTGCTTATCGAACTGAGGGTCCCGGACGAGAGCCAGCTGGTACCGCCGGTTCCCCGTTGGATACCCAACGCCGTAGAAAAAGATATCCCCTATTGCTATTAAATATCAGGATAAAATCCCGCAACACCAAATCGGATAAGGAGGCTGTTTCAATGAAAAAGAGTAATCAGGTAATTTTCGGAGTTCTTGTATCTGTAATGACGGTGTTTTTCGCCTGCGCGGCGGGCTTCGCGGCCCCGCAGGATCTTAAGATCGGCTCCAATAAGGTCGGCAGCACCTGGTATGTTCAGGCGGCATGTATCGCGGACGCGGTGAAGAAGGCCTATCCCGGTATGGAGATAGACGCCGCCCCCATCGCCGGCGGCATCGGCAACCTCAAGCTGCTGGGAAAGGGCCAGATGAACATTGCCCTCACGATGGGCAATAACAATCTCTGGGCCTGGAACGGACAGGTCCTCTTCGACAAGCCGATACGGAATATCCGTACTCTGGTGGGCGGCCTCGACCAGTTTTATGTTGGCATCGCGGTCCGCAGGGGAAGCGGCATAAAATCGCTGGAGGATATCGTCAAGAACAAGCAGAAGATCCGTCTCATGACGGTCCAGCGCGGGACGACCGGCGAAGCCTCCGCGGCCCATGTGCTTGAGGCGGTAGGGATGACCTACGATGATATAAAGAAATGGGGCGGCGCCGTCGACCACACCGACTTCGAAGCCATCACAAACGCTATAAAGGACGGCCGCTGCGACGTCTTTATCCAGGCCCTCTCCAAGGGACACCCCACCTTCACGGAGCTTGCGGTGCTTGGCAAGATAGATCTGATCACGATCTCCAAAGATTCCCTGAAAAAGCTTGAAAAGTACGGCTATACGCAGTCGCTGCTTCCGAAGGACAGCTTTAAGGGGCAGACCGCGGACCTTATCCTTCCCGGCTACCGTTCGACGCTCACCGTCACAGATAAGATGGACGACGAAACGGCCTACAAGATCACCAAAGCGGTCGTGGAGGGCAAGGATGCGCTTGTTAAGGGACACAAGGCCTTCGCGGAATTCGAGCCTTCAAAGGGCGGCAGCCCGGAGAACCTCGGCGGCGTTCCCCTCCACCCAGGCGCGGCCAAGTATTATAAGGAAAAGGGATATATAAAATAGAGCCGATTCTCAGCGGGAGATTTTAATAACGTAGTTCTCAGGGGGAATTGAGTTTTTAGCCAAACTTTTCCCCCTGTCTTTTAACTTTGGAAATGTCTCTAAATAAGATCCGAAGGTAAGATCGTTTTGAAAGGATGGTCTTAGTTGGAAAAAATACGTAAACATCTGGCCTTTTGGGTATCCCTGTGCTGGCTCGCGGGACAGATATATATCGCCTTTGTGCCGGTTCAGGGAATGGTAATAAAGCCGCTGCACGTTGGTTTTGCGCTGCTGCTGGTATTTCTTCTGAAGCCCTTCATCAAAGAAAAGCCCTTGCTGTCAGCTTTTGTCGACGCGGTCTGTTTTTTGACGACATTCGCGTTTATGGCCCACATCGTGCTCAATTCGGTGCGGATAGTCGAGAGGATTCCGTTCGTCGACGACCTCTTTTATTTTGACAAGTTTTTCGCCCTTGCCCTCGTCATTCTTCTGATGGAGGCTGGGAGACGTTATCTTGGCTGGTCGATGACGATCATCGCCGTAATATTCATGCTCTACAGCTTCTTCGGCAGGAGCCTGCCCGGCATCCTATCCCATCAGGGGGTAGACCTGATCAGCTTTGTGGAGAACCAGGTAATGACCACCGGCGGTATCTTCTCAAGCCCGATCGCGGCATCCGCCGATACGATCTTCTATTTTATGATCTTCGGAGCCTTTCTCGCCGCGACCCCGGCAGGGAAATTATTTGTTTCGATCGCGAAATACGCGACCCGTAATTCTATCGGCGGCCCAGGCAAGGCATCCATCCTCGCCTCCGGCCTCTTCGGTATGATCAGCGGAAGCGCCGCGGCCAACGTCGCCTCCGTCGGTGTCATCACGTATCCGATGATGAAGAGGGGCGGATTCAAGCCTGTATTCAGCGCGGCCCTCCTGGCCACCGCCGGTACGGGCGGACAGCTGATCCCTCCGGTAATGGGAGCCTCGGCCTTTATCATGGCGGACATGATCGGGATATCCTACTTTAAAATCATCCTCTGCGCCACGCTGCCCGCGCTGCTGTATGTCGGCTCGCTTCTCTGGGAGGTTCACCTCGAGGCCAGCAAACAGGAGATCAAGCCGGAAGAGATAGACGCGAAGGAACACCTTGCCGTAATAAAGGGCTATCTGCATCTGATGCTGCCGATTGTCGCGCTGGTGGCGCTCATCGCCATGGGGCGTTCTCTGATGTATTCCGCCCTCGCCTCCACCGTGGTGCTCATACTCCTCTGCCAGATCAAAAAGGATACGCGGCTGTCGCTGAAGGAGATAGTCGATATGGGGGTCGACGGGACTAAGGCTTCGGTGATTGTCGCCCTTCCCTGTGCGCTGGCGGGAATAGTGATCGGTGAGGTCGTATTTACCGGTCTGGGGCTGCGTTTCAGTGCCGTCATCGCCTCCTTCTCAGCCAATAGCCTGCTGCTGGCGCTCCTGCTTTCGACGGTGATGATAATTATCATGGGAATGGGCATGCCGACCAGCGCCGCCTATATCATGAGCGCCGTGCTGCTCGCGCCGGCGATGCAGAATCTCGGCGTGGAGGCGATCGTCGCCCATATGTTCATCTTCTACTTTGCGAACATGTCGATGATCACGCCGCCGGTTGCCATCGCCTCCTATACGGCGGCGGGCATCGCGGAGACTGGGCTGTGGGAGACCGGCATCGAGGCGGTGCGGCTCGCCATAATTCTCTTCCTCATCCCCTTCATCTTCGTCTATAACCCCGCGCTTCTCGGCCTCGGTTCGATCCCGGCCATCGCCTGGGTATTCTTTACCTGCGTCATGGGGATAATGGGGCTGGGTATCGGCGTGATCGGTTACTGGAAGGGCGATATGGGCTGGCCGATGAGGGCGCTGTTCATCGTCGCGGCGCTCCTTCTTATCGTGCCGGAGACGATTTCGGACATCGCGGGACTGGCGATACTCTTCGCGCTGATCTTCGTCCAGCTGAAAAGAAGCAGAGCGGCGGTACAAAGCGGCAGTTAGTTTTTACAACATCAATAAGACTCTCTTGCGGGCTCTCCTTTATTTGTCGAGGAGGGCTCGATTTATATGATCTTTTGATTATTGTGATATCGGAAAGGATGTGTGGATGATGATTTTAAAGTTCAACAGGGATATTTTTTATGCTAAAAGAGACGCCGAGGGCGAGGTGATCGTTGTTCTAGACGGAAAGAGGGACGACAGGAGGCTCAAGATCGAAACGCATTACGCGCGGTCGCTGAAGAAGTATGATATCCATGAGGTGATCGTTACCGACGAGAGCGATGTGGAGCTTGGCGGCGAGGTCAATAAAATAGGTTATATCTGCTTCTTTGAAGTTTCGCAGGGAGGGCATATAATCTTAGGAGACG
CP016757.1_gap5	295365	298844	3479	GCACGAACTCGCGCCGGAGCGGATAATCGCCTCTCCCGTCCACGTCGGAAGCGGACACGTCCACTGCGCGCACGGCGTGCTTCCCGTCCCCGCGCCAGCGGCGGCGGAGATACTGCGCGGCGTCCCCATCTACGGCGGCGCGGTGCGCGGCGAGCTCTGCACCCCCACGGGGGCGGCGCTGCTCAAATATTTTGCCGATGACTTCGCGCCGCTGCCGGTGATAAAGGTCTCGAAAATCGGCTACGGCATGGGCAAAAAAGACTTCGCCTGGGCAAACTGCGTGCGGGCGATGATCGGAGAGGCGGAAATATAACAAAAAAATTCGCTCCGCGTCTCTCATTCCACGGAGGCGGAGCGGTGGTTTAATAAAAAGAGAGACCGGCGGGGCTGTACGCTTCCGCCGGTCTCTCTTTATGAGGTGAGTTCCCAATCTATACCAAAAAGTCGGTGACAAGGCCGGTGAGGGCCGCGAATACCATTATAAAAAGCAGATACAGGAGGAAATTTCTCATGCCGAGCACGATCTTGAGCGCGCCGAGGTTCGTCACCTTCGTAGCGGGGCCGGTTATCATGAAGGCCGCCGCCGCGCCGAGCCCCATGCCGCTCTGCATCCATTCCGCCAGCAGCGGGATGGTGCCGCCGCCGCAGGCGTAAAGCGGGACGCCCGCCGTCGCCGCCACAAGGACGCCGAAGCCGCTGTCGCCGCCGAAGAGCCACGCGACTGCGGTCGGAGGGACGAGGCGCATAAACAGCGCCGCGAGAAAAATACCCGCGAGGAAATAGGGGCCGGTGGCCTTGATATTCCGCAGGATATTTTTCAAAAGGCGCATTGCCATATGGGGGTCTGTATCACGGTTCTCCGCCTCCTGGAGGCCGGAGAAGCTGAAAAAATTCCCGCCGCGGGACAGATATCTCACACAGAGCCCCGCCGCCGCGCCGCAGAGGAAGGCGGAGAGCGTCCTGACGGCGAGCGCCCCTTTACCGAGCGCCGCGCTGTAGATCATCAGCTGCGGGTTGAGCAGGATAGAGCTCATCATGAAGGCCGCGAGCCAGTCGTCCTTCAGCCCCTTCTCCGATAGCGAGGCGGCGATCGGTATGGTCCCGTACATGCAGAGCGGCGAGACGATGCCGAGAATGCTTGCCGGTATCACGCCGAAGGCTCCGAAACGCGCGCCCTGCATCGCGCCGAGCAGCCCGTGTATCCGCTCTTTCGCGAAGACCGAAATCAGCGAACCGAGAAGAATGCCGAACGCCCAGAAGGGGGCGATCTCCTTAAAGAGCGTTGCAAAATAATAACTGAAATAGATAATTTCCTGCTTCATGCCCCTGTCCGTCCCCTCTGCCTCGCACGGATTCCCGTTCTGCGGCCATGTTACACGTTAGAGTCTTCTCTAAGTCAAACGGCGGCTGCCTGCGCGCGGGGTAAACGTATCAAGAATGGAGATAGACAAGAAATTACGGTTTATTTAGCTTTTGACTTTGCCCTTAAAGGCGCCCTCTCAGAGGGAGCTGGCTCGGCGATGTTTTTCGCCGAGACTGAGGGAGAGTTGCCCTTATGTTCTCCCGCGCCATACAGAGCAACACTCCTTCCGTCAGCCGCCAAAAACAGGCGGCCGACACCTCTGATGTAACTACCAGCCGAATCGCACAAATCAGAAGAACTCTGATTTGGCTCCCTGGCCGCCTCAGAGAGGGAGGCTGTAAGGGCAAAGTCAAAAGCTAAACTGTTATTTCTCTTCCGGCCAGATTTGCCTTCCCTTGGTCTTTCATCGATGCGCTTGCCCTGTTCCTGCGCGGTTGTTGAGGCGGTCGTCGGCCCTGGCCGGACAGAAGGGCATGATCTCTATTTTTTTCTTGGCTTTGCCTCTATTATTCCATGTAGCTTAAGAGGCCGTGAGCGGCGGAGAGGCGTCTTTACGCTCTGTTCTTATGGGACAGACGCCGCTCCGTCCTGCCGCGGCCTTCTCAGACGGCGCGGTCTTCCTCCGCGCCCTCCGGCTGGCGCCAGCGTTTAACGGTACTCTCCGTCTCCGGCAGCAGCAGGCTGTCATAATGTTCGAGCTGGTAATCGGCCTGTTTGAGACAGCTGCAGAGACGGTCGATCTTCGTCATGAGGCTGCGGCGCGTCTCCAGCAGGATGACCTTACGCTCCTGCCTGGTGCCGCTGCCGAGCATCGCCAGCTTCACGTAATTCAGGATCGCCTCAAGCGGCATGCCGATCTCCTTAAACTGCTGGATGAAATTTATCCATTCGATCGTCTCGCCGCCGTAGGCGCGCAGTCCGCTCTCCGTTCTAGGTACCGGCGGTATGAGCCCTATGCGCTCGTAATACCTGAGGGTGTCCGCCGAAAGCCCGGTTCTCTCCGCCGCTTCGCTGATTGTCATTTTTCTCCTCTCCTTTTGACCGTTTCGCGCGCGCTATCTTTGCGCGCCCTCTTTTTTAATCTCTCTTATCAAATAATCCAGGGAATCCAGCGCCCGCTGTCTGGCGTGAATATCCTCCAGCAGGCGGCAGCGCTGCCGTTTCAAAATCCTGACGCGTTCGCCGCAGTTTCCCTCCTCGTCGAGAAGCACAGGGTTTTGTTCCAGTGTCGTTGTTTCGAGCCCCGCGTTGAGCAGGGAGTGGATCATGCCGAGACGCCGCAGTTCGCCCTCTCCGTAATCGGGGCTGCCGTCCTCATCTTTCCCGCAATTCAGCAGTCCGCCCCGCTCGTAGGCCTGCAGCCTTTCCTTATCTATATGAAAGGAGCGGCAAACTTCGTCGATAGTCATCCAAACCCTTCTTTGACGATAAAAAATAGTGTAAACGCCGCGGCTTGGAAAAATTTCCTGTCCTTCCCGGCTGCGTTTACACTATAAATTTTTATCGCGTGTATGTCTAATGCTTATGTTTTATGGCTTAATCATGCCTGAAAGGCATTTAAAATGGCGTCTGCATATGGCCGCAGAGGCAGATCAGGCGAGAGTCTTTTTGATGTGTTCGATAAACTTGGCCGCCGCGAGGCTGAATGGCTGCCCGCGTTTCCAGGCCAGCACGGAGGTTGCCCGCAGCTCGGGAAAGAGCGGCAGGCAGACGAGCCTGCTCCGGTCAAGATAGGGGCGTCCGCCCTCGATAGTGACGGAGCGGCCGATGCCCTTTTCCACCATTATCGAGGCGTTGGTGCTCATGCTGCTTGTCACGACGATATTTCTCCTGTCGAACGAGGGGCCGAACCAGTTGAAAAGTTCGCTCTGCACGTTTCCCCTCATCGGAAAGATGAGCGGGGCGTCCAAAAGATCTTCGCGGCGCACATATTCTTGTGACGCGAGAGGGTCGTCGGGCCGCATGATTACCGCCCACCGCTCCTTTACCTTCAGGCGGACGAACTCATACTTTTCAATATCTATCGGCTCCAGCAGCAGGCCGATATCCGTAAGCCCCCTGTCCATGCGCTCCTTTGTGAGGTCGGCGCTCGCGGTGAGGAGCTCATAGCGCATCA
CP016757.1_gap6	306395	307668	1273	CCATTGACATAACGGAAAAGGAAAATCAGAAGGATACGCTGAAGAACGCGCTTGACGCCGAGGTCGCGGTGCTGAACTGTGTCAAGGTCCTTACGGAGGCGGAAAGCCACGGTGATGCCGTCAGCAAGGTGCTTGAAAATGTCGGCCTCTTTCTGGCGGCGGAGAGGACCTATATCTTTGAGATCAGGGACAAGTTCATTGACAATACCTATGAGTGGTGCGCCCCCGGCGTCTCCCCGCAGATAGACAATCTCCAGGGGCTGCCGATAAGTTTGATATCATTCTGGAGAGAGAGTTTCGACGCCGGACAGTGTTTAGTAATAACGGACATCGAAGAGCTGCGCGAGACCCGCCGGGACGAATATGAGATACTGCGCGCGCAGAATATCAGGAGCCTTATCGCGGCTCCGCTGGCGGCCGACGGCCGCCTTGTCGGCTATCTCGGCGTGGATAATCCCCCGGCGGCGCGCATCCTGCATATTTCGCCGCTGCTCATCACCCTCGCCAACTTTATCACCGGCACCATGCAGCGCCGCCTCTATCAGCGGCGCCTGGAGGAGCTCAGTTATAACGACATGCTGACGGGGCTCTATAACAGGAACGCCTTCATCCGCGATGTGGAAAGCCTCTCTAAAAATGGCTTCAAATCGCTGGGGATAGTCTATGTCGACGTCAACGGCCTTAAAAAATGCAACGATGAGTACGGACACGCGGCGGGAGACTTGGCGCTGGTCAAGACGGCGAAGACTGTGGAATCCGTCTTTCGTGAAAAGGGAAACAGCACATACCGCATAGGCGGAGACGAGTTTGTCGTGCTCTCGCCAAATTTGAGCGAGGAATATTTCAGCAGCCTGGTAGCCAAACTCAAAGCGAAGATCGGCCGGGACGAGGACGGCATGCGGAGTTTTTCGATGGGATGGCGCTGGGCCTCCGGGGGCTGCGACATACAAAGCCTGCTGACCGAGGCCGACGAGCAGATGTATCTCGACAAGAAACAATTTTACCGCAGCAAAGCGGCCACAAAGCGCTACCGCGCCTGCAGCGACGAGGTTATCGGCCTCGGAGATCCCGAGGCTCTGCGGTGCCAGCTTGACGACGGCCGCTTTCTCGTATATTTCCAGCCGAAGGTATCGGTGGCGGATCATAAGCCGATAGGGGCGGAGGCGCTGACGCGCTATCTCTCTTCGGAGGGAGCGCTGATAGCTCCGGACCAGTTTATCTCTCTGCTGGAGAACAACAGGCTGATATGGATGCTGGACTTTTGGGTATTCGG
CP016757.1_gap7	310929	312033	1104	AGACGCAGTATCGACTCCTCCGTCATATCAAGGACCGTCGTGTAGCCGACGATGTATTCCTGCCAGTCCTTTTCTTCGATGAACTTGCATTTTTTGCCGATGATGATGCCGAGCTCCGCCTCCGCCGTCGTCTTTTGCGCCTCGGGCAGCGCCGGGATACAGATGTCGTCTCCCGGCCCGACGATGCAGGAGGCCGGCTTGTAGAAACTTCCGGGGAAGACGGCGGGGGTCTTTTCACCGAGGTCTCCCGCGTGATCTTTGTAGTTGAGGCCGATGCCGAAGATACGCGGCGGGTTGCGGTACAGCGGGCCGTATACGACCTCCGCGAATGGGATGGCCTCTTTTTGGGCAAGTCTTTTGGCCTCTTCCCGACCTCCGCCGTTGTACCATTTCGTAAGTTGGGGTATCTGTTCCTTTTCGATGAGCGCGAAGATCTCCGTCTCCGGCGCGAACCCCGCGGCTTCTTTCAGCGCCGCCACGGGCAGGATGCCGCTCTTTGTCACGATCCCCGCCTTTTCTTTGCCGTCTTTTCTGTATGTTACAAATCTCATTGATATTTTCCTCCCGTCTCTATTTTTATCTGCTGTTTTTTGAGCGTTTTTCGATTCTTTTGCCGCTTTTGGCGGCGTTGTCTTTTCCTGACGATTATGTTAGCAACATCTCCCTCTGCGGTAAAGAAGGGACTCTTCGCGCCGGTGACGGCGTGGCTGTCCGCGCGGCGGCAAAGCGAAAGCGGACGGAAAAATTTTCCGCCCGCTTCCTATATATGTGAAAGAGGAGGTGCCTCCTCTGAAAAGCTAAGGTACGAATTTGTCGAGGATGAATACTACGGCGCAGGATAGTATTGAGACCTGTAGCAGGCTGCCGCCGAACCAGGAGAGCCCCACCGCCGCGATAAGCGCCGCTACGGCGGTCAGCGGACTGCCGGTGGCGTCGATTATCGCCGGAAAGGTCATCACGGCGAGCGTCACGTAGGGGACGTAATAGAGAAAGGCGCGTACCCTTTTATTTTTTATCTCACCGCGGATGACGGTGAGCGGAAGCACGCGGATGAGGTAGGTTACCGCCGCCATTATCAGCAGGTAAAGATATACGTTACGCGGC
CP016757.1_gap8	314755	318175	3420	GGCGGCGATATGGCGCGCGCCATCGTGCCGAATGTCGCTGCCGCGGTGGACAAGTTTATCGCCGAAAACGGCGCGGAGCGTCTTTTCTTCACGAAAGACACCCACGAGGATAATTACATGGAGACGAACGAGGGACGCCATCTCCCAGTGCCGCACTGCGTCAGAGGAACATGGGGCGCGGAGATCATTCCCGAACTCAGCGGTTACGCCTCGCGCGGCGGCGTTACCACCGTCGAGAAGGCGACCTTCGGCAGCGTCGCGCTTCCCGATATCATCCGCGCGGCGCTGTCCCGGTATGAGCCGCTCTCCGAGGCGGACATCACCTTTCATATCGTGGGGCTCTGTACCGATATCTGCGTCGTCAGCAACGCGCTGCTGCTCAAGGCGAACTTTCCCGAGGCGACGTTCAAGGTCGATCCCCGCTGCTGCGCCGGCGTAACGAGAACGAGCCACGAGGCGGCGCTGGAGACGATGCGGATGTGCCATATAGAAATTATCTGACGCCGCGTAGCCGGTAGTACTCGCCGGCCCTTCGCTGCCCGGCGGCCAGGCCGGATGTTACGGTAAAATCAGAGAGAGACGGTGGGCTTTGCCCAAGCGTCTCCCTCCTGTTTTATCTTACTTAAGCTGTGCGGCCTCCTATGCCGCGGGGCAGGGTTCCGCGCCCATTCCGCGCTCTCTTGTACCGCCGCTTTGCACCGCAGGCGCTTTGAGGGCCCGCAGCGCGTTTGCCACGGCGAGGAGCGCCACTCCGACGTCGGCGAAGATCGCGAACCAGACGGAGGCGCCGGCAAAAACCGCCAGCAGCATCACCGCGATCTTGAAGCCGAGGGCCATCACGATATTCTCCCACACGATCCACCTCGTCTTGACGGCGATCCTGATGGCCGCCGCGATCTTATCGATCTCGTCGGTCATAATCACCACGTCCGCCGCCTCTATCGCCGCGTCCGAGCCGATGCCGCCCATCGCGATGCCGATATCGGCGCGAGTGAGGACCGGCGCGTCGTTGATTCCGTCGCCGACAAAGGCGGTCTTCTTCTCTTCGCCCGCCATCAGCCTTTCCAGCTCCGCCGTCTTATCCTGCGGCAGCAGCTCCGCGCTAACGGCGTCCATCCCGGCCTCCGCCGCCGTCTCCTTCGCGATCGCCAGATTGTCGCCCGTCAGCATTACAAGGCGCGAGACACCCGCCGCTCGCAGGTCGTCCATTGCCGCGCGCACTCCCGGCTTGAGTTCGTCGGCGACCAGCAGCGTGCCGAGAAATTTGCCGTCAAGGGCGACATAGACCGCCGATTTGGCATATTCCCTCAGACCCTCGATGCCGATGCTCTTCATGAGCTTGACGTTACCGGCGCGGACGACGCCCTCTTTGGTGCGGGCCTCGACGCCCATGCCCGCGATCTCCCGCACTTCGGCTCTCTCCGGCGTCCCGCCGCCGAAGGCCGTCATGACGGATTTCGCGATGGGATGATTAGACTGCGCCTCGGCCGCCGCCGCGTACCGGAGCAGCTCGTCCTGCGAAACGCCGTCGGCCGGCAGCAGCTCCGTGACCTTAAAGACGCCCCGCGTCAGCGTTCCCGTCTTGTCGAAGGCGATAGTGCCAAGTTTGCTCATCGTCTCAAGATATGTGCTTCCCTTTACGAGAATTCCGTTCCTCGCCGCGCCGCCGATACCGCCGAAAAAGCTGAGCGGGATTGAGAGGACGAGGGCGCAGGGGCACGAGATGATGAGGAAAGAGAGCGCCTTATAGAACCATACCGAATAGCTCCCGTAGCCCGCGAGCGGCGGCAGCAGCGCCACCATCACCGCGAGGGCGACGACGGTCGGCGTATACCAGCGCGCGAACTTTGTGATGAACCTCTCGGTTGCGGACTTTTTGGCCGCCGCGCCGCGCACCAGCTCCAGAATCTTTGAGACGGCGGACTCCGAAAAGGGCTTTGTCACGCGTATCTCCAGCGCTCCGTCGGTGCTGACGGATCCGGAAAGCACCTCGTCATTCGGCGCGGCGCGGCGGGGAACCGATTCGCCGGTGAGCGCCCTTGTGTCAAGAAAAGAGGTGCCGGAGACCACGGTGCCGTCGAGCGGGATCTTCTCCCCCGGGCGGACGGAGACCGTCTCGCCGACCATGACCTCCTCTGGAGCGACCCGTACCAGTTGGCCGCCGCGCAGTACGCTGGCGTAGTCGCTGTGCAGATCCATCAGGCTTTCGATACTGCGCTTTGACTTCGCCACCGCGGAGTCCTGGAGCATCTCGCCGATGCCGTAAAAGATCATTACCGCCACCGCCTCCGCCATGTCTCCGATGGCAAAGGCTCCCAGCGAGGCGACGGACATCAGGAAATTTTCGTCAAATACTTCGCCGCGAGAAATATTGCGCAGCGACGCGAGAAGCACCCGCCATCCCGCGAGCAGATAGGCCGCGGCGAACCCCGCGGCTCTGACATACTGCGGAAGCGGCGCAAAGGCCGCAATCGCCGCTATCGCAAAGGCGGCGCATAACTGTATCAGCGTCCCCTTAACGCCGCCGCCCTCTCCGTGAGAGTGGCCGCAGCCGCAGCCCATCTCTTCGTCTTCATGGCCGTGGTCATGCTCATGTTCGTTCCGGCAGCTATGCCCGTGCTCATGGTTATCACTGTTTTCCCGCTCTATTTTGTGCCGCTCTTTCATATCAAGAACTCCTTTCTGATATACATATACCCGTATAGGTATATGTATATCAGAAAAATAGAGATTGTCAAGACAGCGGAGGGGATTTTTTATGACATGCGTGAAAAATGTTCGAGTGTCTTAATGAAATCGCTGATCGTATTTTCGGCGTCGCCGTTCTCTATGCCGCGGCGCACACAGTGCCTGAGGTGTCCCTCGAGTACTATCTGCCCGATCTTATGCAGCGCGTTCTTCGCCGCGTTGATTTGGATGAGGACATCCTCGCAGGGTACGTCCTCGTCGATCATCCGCTCGACGGCGTTCACCTGTCCGGCGACCTTCCTCAGCCGCAGATGCAGGTTCTTTGACTCCATACATTCCCTCATGACAGCGCCACCTCCCTCTATAATTCCTCAAAAATACCTTCGCGGGGTGCAAAAGTCAAGATAAAAAAGCGCCATCCCGACAAACGCGTCAAGTCTTTTGACGGAAACAGCGGACCGTCAGCGGCGTCGACCGGCGGCGCGCCCGCTACAGCCGCTCGTCGACCTCTCCGATGAATCTCTTCTGCTGCCACAGCCATTGTTCCGGAAACTGCAGTATGCGCCTTTCCAGCTCCCTGTTTATCTGCAGCGTCAAAAAGTCGACCTCGGTCATATCCCCCTGCGCGCCGTCTTCGGGAGGAAAGCCGATATTTATCCTGCATCGGTAGGGAGATATCCGGGTGCAGGTGACGACCAGTACCGCAGCTTCACTCAGCAGCGCGCAGCGGGC
CP016757.1_gap9	321023	321941	918	ATGCACAGGACGTCTTTATTTTTCATTTATGCCAGACAGCCAGCCCTCCCTGCTTAATTTTTAAATATCGATCAGCATTGAAACGGCGCAGTAGACGAGCAGCAGCGCCATGATGGCGTTTACCGGTCGGCTGTATCTCTTGAAAAGTATCTCAAAGAGCGCGCCGAAGGCCGCCCAGCAGAGCGTGCAGGCGAAGCCGACGAAGGCGAGGAATACGACGAAGGCCGCGATGACCGGCAGCCCGTGATAGTAGGGCAGGATGAACGAAGACATCGTCGTTATGCAGTACAGGATCACCTTTACGTTGACGAACTGCAGCGCCATCCCCGAGAGAAAAGTATTCGTAACGGCCCGTCCGCCCTTTTCATGAGGCGCGTCGCGCCACACGGTCCAGGCGAGCCACAAGATATAGGCCGCGCCGACATAGAGCATGAGCGGTTTTACGGAAGGGATGACGTCGTATAACAGCGAGCTGAAAAGCGCGCTGAGAGACATCACGACGAGAAAGCCCGCAAAGACGCCGAAATTGAATGGCAGGGACCTTCTGAAGCCATACCGGCTCGCGTTGGACATCGACATGATATTGTTGGGGCCGGGGGTAATGGCGGTAAGAATGACATAGGAGAAAAACGCCGCGAAATTCATAACGATCACTGCCTCGCTTATTTTTTGTATGATATAATGAATACGTTCGGACGTTATACTGTCCTTTGTTGGATATACTATACATATCGTGCGATATATTGTCAATAAGCCAGAGGTGTGTTCTATGGAAAATATCAATTCGGTCGTCGCCGACAACCTGAAACGCCTCCGCGATGAGCGGAAGCTGAGCCTGGAGGCGACGGCGAAGCTCTCCGGCGTCAGCAAAAGCATGTTGGGGCAGATAGAGCGAGGCGAGGCCAACCCCACCGTCTC
CP016757.1_gap10	323143	324808	1665	AACTTCAAGTATTGTAGCTACTCTGATGTTTTACGCAAATACATATGATTTAGGATCGTGATATTTCAAAGGATAAAGCCTATATAAAAATTATTGCCTTTCAACTAAAAAACAAGAAATTAAATAAACTATCCTGTCTATTGCCAAACTTAATCTATATTCAACATTTAATGGATCTAATATACTGATATAAATATATTAATCGGTCGATTATTTGTGTAATTAGTTAGTGAAAACACAATTTTTATTGTGTTTTTGCTGTTGGTTCTGTGCCTATTTGGAGGTGTCATATGTTAGATTTTAATATTATCCGGTGGACAAAACTATTCGTTGTCTTGGCAATCGTGCTGTATTTTCCCGCAAAGCTTGAGGCAGGAGAAGTATACAAATCGCATTACGCGACGTTTTGCGCGGCGCACGAGAATTTATCCAGTAGTTTGAGCAGCGATGTGAAGAAATATTATCTTGAGAGTCATGCGGCCTTTATGAAATATTTAGCGGCCGAGAGGGAAAATCTTGCAATTTTTCACGGTGTCCTTGTTACTAGAAAAAAGGAAAAGCTTTATATATACAGAGACACGCTCAACGCCATTTTAAAGAGGCGTATCGCAGAGCTGGAGTCCCTTCATGAAAACAACGGGGTATGGTTTTCGCTGAAAACGCGGGATAATTTGGCGCGCGCCTTTGCCGCCGTCAATCAGCGCGTCCCTTACGACAGGGGGGAGAAACTGCGCCCTACCTTTAGAGATGCCGACCGGGCCTGGAAGGAATATGTCAGAGCCGAGAGGATCTTTTACTCTATATATTTCAAAGATGATCAAACAGCTCCGGAGAGCTGCGATAGAGTCCTTCGTGAGTTAAGGACCCGAGATCTGCTTCTGGAGCACAAAGGGGTGGCTGCGATAAAAATAGAAAAAGAAGAATAGCTTGATTGGTGTCTATTGTTCTCTGTGAAAGTATCTGTACTTGTGTGGCGGAAAGGGGTATGTAATGAAGAAGTTGGTAAATATTTTTGTGACAACGGTTTTTATTGGGCTGGCGGCAGTGCTTCCGGCGCAGGCTATCTCTCTTGACGAGATGAAAACGCCGGCAGAGGCGTCGAATTACACGAGAACATCTTCAAGTCAGGAAGTTATTGATTTTTGTAAGGAAGTTGCCAAGCAAAGTGGCGGCAGGATACGTGTCGACCATATCGGCTATTCTCCGATGGGCAAAGAGATGATCGTTTTAGTTATGGGTAACCCAGCCCCGAAGGGTCCGGAAGAGGTTGGCGGCGACAAGGTCGTATGCTATTTGAATAACAACATCCATTCGGGCGAGATCGAGGGCAAGGAGGCCTCTTTGATTCTGGCGCGCGAGATAGCTCAGGGGAAGCATGACAAGATACTCAAGGACGTAGTCATCGTATTGAATCCGAATCATAACCTCGACGGGAACGACATGCTCGGTGAACACCGGATAGACTCTCAGCCGGAGCCAAGGCTTGTAGGTTCAAGGCTTACCTCTCAGGGGCTTAATCTTAACCGTGACTTTACGAAGCTCGAACAGCCGGAGACCAAAGCGATCATGAAGGTGATCAAGAGGTGGCAGCCCTCGCTTATCCTCGACGCGCACGCGACGGACGGTTCCCGTATACGCCACGCCGTAACCTATCACTGGTCGTAT
CP016757.1_gap11	330868	333217	2349	GCGGGGATTCTCGCGGCTGAGAGTTGGCTGACTCAGACATTGTGATAAAATCTATAGGATAGTTTCCTATATTACGGCAATAGACGGCAAAGATTAAGATAAATTCGGAACGCTTGAAAGGGGTCCGTGCAATGAGAGAAAAGAACCTTGTAACGATGGATGGGAACGAGGCGGCGGCCTATATAGCCTATGCCTTCACCGAGGTGGCGGCGATATATCCGATCACCCCCTCTTCGCCGATGGCGGAGAAGACGGACGCCTGGTCCGCCAAGGGAAAGAAAAATATCTTCGGGCAGACCGTTTCGCTGATAGAGATGCAGTCTGAGGCCGGCGCGGCGGCGGCGGTGCATGGCGCGCTTGAGACCGGCGCTTTGGCCGCCTCCTTCACCTCATCGCAGGGGCTGATGCTGATGATCCCCGTGCTTCACAGGCTTTCGGGGCAGCGCCACCCCGGCGTGCTCCACGTCGCGGCGCGTACCGTCGGCACCCACGCCTTTTCGATCTTCGGCGACCATTCCGACGTGATGAACTGCCGCCAGTGCGGGCTTGCGATGCTCGCGACGGGCGGCGTGCAGGAGATAATGGATCTCGGCGGCGTCGCGCACCTTGCGGCGATAAAGTCGCGCATCCCCTTCATGCACTTTTTCGACGGTTTCCGCACCTCCCATGAGATAGACAAGGTGGAGGAGATGCCCTACGAGACGCTTGAATCGCTGCTCGACAGGGAGGCCCTCGCCGAATTCCGCGCCGCCGCGCTCAACCCCGAGCGCCCGATGATGCGCAGCACCGTGCAGAATCCCGACATTTACTTCCAGGTGCGCGAGGCCAACAACGGCTTCTATGACGCGCTGCCCGGCATCGTGGAAGATTATATGGAGAAGATAAGCGCGGTAACCGGCCGCGAATATCACCTCTTCAACTACTACGGAGCGCCGGACGCCGAAGAGGTGATCGTCGCGATGGGCTCCGTCAGCGGCACGGTTGAGGAGGCCGTTGATTACCTCAACGCGCATGGCAGAAAGACCGGCTTCATACAGGTGCACCTCTTCCGTCCCTTCTCGATCAAGCATCTTTTCGCGGTGCTCCCCGCCACGGTGAAAAAGATCGCCGCGCTCGACCGCTGCAAGGAGATGGGAGCCAACGGCGGCCCGCTCTATCAGGATATCTGCACCGCCTTTACCGGTTCCGGCCGCGAGGTGACGATCGTCGGCGGACGCTACGGGCTCTCCTCGAAGGATACCGATCCGACGCAGATCATCGCAGTATTTGACAACCTCGCGAAGGCCGAGCCGAAGAACGACTTTACGATCGGCATCACCGACGACGTGACGTACCTCTCGCTGCCGCTTGGCGAGACGGTCTACCCCGACGGCGCGCGCCAGATGTCCTTCAAATTCTGGGGGCTGGGCGGCGACGGTACCGTCGGCGCGAACAAAAACACCATCGACATCATCAACAGCTACACGCCGAAATATGGGCAGGCCTATTTTGAATATGACGCGAAAAAATCATTCGGCGTCACCATATCGCATCTGCGCTTCTCCGACAGCCCGATACGCTCCTCATACTTCGTGAAGCGGGCTGATTTCGTCGCTGCGCATAACCAGACCTACATCCAGAACTACGACATCGTCAGCGAACTCAAAGAGGGCGGCACCCTGCTGCTCAACTGCCCGTGGGAGCCGGAGGAGCTTGAAGACAAGATTCCCGCCGACATCCGCCGCAAGCTCGCGCGGAAAAAGGCGAATTTCTACATCATCAACGCCACCAAGATCGCCGAGAAGCACGGGCTCGGCAGCCACGTCAACATCCCGCTCCAGTCGGCCTTCTTCCACCTCGTCGATCTCATCCCGATCGAGGAGGCGAAGGAATATATGGCGGACGCCGTGCGGAAAACCTTCTTCGCGAAGGGGGACGAGGTCGTTAACCGCAACATCGCGGCGATCGAAGACGGCGGCGCGATGCTCGTGAAGGTTGAAATCCCCGATTCCTGGCTTGACGCCAAAGACGAACCAAAACAGCGCCGCGCCGGTGAACCGGCGATCGTTGAAAAGCTGCTGGAGCCGATCAACCGCCAGCAGGGGGACAGTCTCCCCGTCAGCGCCTTTAAGGGTTACGAGGACGGCACCGTCGAGCTGGGCCTTACGGCCTTTGAAAAGCGCGCGATCGCTACCAGCGTCCCCGAGTGGGACCCCGCGCGCTGCATCCAGTGCAACCGCTGCTCCTACGTCTGCCCGCACGCCGTCATCCGTCCCTACCTCCTCAGCGAAGAGGAAAAAAAGGCGGCCCCCGAGGGTTTCCTGACGATGCCTGCGGTCGGTATGAAGGAGTTCTCCTTCTCCATGCAGG
CP016757.1_gap12	336453	341050	4597	AGCAGCAAACATATTACCATCGGCAGATGGAATTCATATCACGGCAGTACGATCGGCACGATGGCCGTGGCCGGGTCAATGGCACGCCGCCGCGTATTTTCCCCCCTGTTCGCCGAATCGCCGAAGATCCCCTCTACATATTGTTATCGCTGCCATTTTCATAAGCAATATCCCCAATGCGGGCTGCTTTGCGCCCGGGCTCTGGAAGAGATGATCCAGATAATCGGGCCGCAGTATATATCCTCGTTTATCGCGGAGCCGATCGTTGGTTCAACCGTCGGCGCCGTGGTCCCTCCCGACGAGTACTGGCCTATGGTATGGGATATCTGTGACAGATACGACATTCTCCTAATCGCGGACGAAGTAATGACGGGTTGTGGGCGTACCGGTAAGAACTTCTGCGTTGACCACTGGGATGTCGTCCCTGACATCATCGCCACCGCAAAGGGCATGGCGGCCGGTTATGTGCCGACGGGTGGAATTATCGCCAGAAATAACATCGTAGAGGCGATCAAAGACGGCAGCGGCGCTTTCATGCACGGCCATACGTACAACGGCAACCCTATGAGCGCCGCCGCTGTGGCCGCCGTCTTTAAATATATGAAGGAGCATGGCGTTGTGGAGAATGCCGCGAAGATGGGCGAACTTCTGGGCGCAGGGCTTAAAAAGATCGGTGAAGAGAGCGCCATAATCGGCGAGGTCCGCGGCAAAGGATTGATGTGGGGTTTTGAGGTCGTGAAAGACAAGGCGTCGAGGGAGCCGTTTGATAAAAAGACTGCGGCGGCAAATGTGGTTACGAAAGCCTGTATCGAAGAGGGGCTCATCATTTATCCCGGCGGCGGACAGATAAGAGGAACCAGCGGAGACAACTTTATGACGGCGCCGCCGCTGATTATCACGGAAATTCAGGTAAAAGAACTCCTGGAAAAGCTGAAAAATGGAATCAAGAGAGCGGAAGCGGCTCTTGTAAAGTAAGTAGCGTGTTCACACCTCTATAAAGGCCATAAAAGAGGATTTTCTAATTTAGGAGGGAGATTGCAGTATGAAGAAGAGCAGAGTTTTAATAAGTATGGTTATTTTGGCGCTGTTTGCCTCGGCGGCCTTCGCCACGACATTTGTGACGATCGGTTCCGGAGGAGTCGGAGGCACCTATTATCCGCTGGGCGGAGTGATGGCGGAGCTTCTTACCAAGGGTAACGTCGATATCAAGGCGACCTCGCGTTCAACGGCGGCCTCGAAAGAGAACTGCCGCCTGGTGGCTTCAAACAAGGCCCAGATAGGAATGACGATGGGCTCAACGCTGTATCAGGCGTACACGGGAACGGAAGCTTTCAAAGATGACGGCAAACTGCCGCTTTTGACGCTGATGCATATGTATGCCGCTCCGCAGCATTTGGTAACTACGACCAGAACAGGAATCAAAAAGTTCTCTGATATCAAGGGTAAAAAGGTCTCGCTCGGAGCACAGGGCGGCGGTGACCAGCTCCTTTCCCTGATGATACTTGAGGCGGCGGGTATGGACCCAGACAAGGATCTCCGCAAGCAGCAGCTCTCTCAGCCTGAGGCGGTAACTGCGCTTAAGGACGGAAATATCGACGCCGCCTTCTTCAACTTTGCGGTCCCCGGCTCTGCGGTCATGGAGATCGCGGCAGTACGCGACGTGGTGCTGATACCGCTTCCTGATGATGTTATCGCAAAGGTCACGGCGAAACATCCGTTCCTTATGCCCTATACGATAGCTAAAGGCGCGTATTCAAAACAGGACCAGGACGTCAAGACCGTCGCCGACGGAAATTTCCTTGTCGTTAACGAAAAGCTTCCTGAGAAGGTGGCCTATGACATGGTAAAGATCTTCATTGAGAAAAAAGAAGACATCATGAAGGTTACGCCTCAGGCGGTAGATTTTACGCCGCAGAAGGCCGGAATAGGCATCATACCGTTCCACAAAGGAGCGGCCAAATACTTCAAGGAAAAGGGCGTAAACGTAGAGTCGAAATAATCATCAACGGACAGATGGAACACGGGAAGGCTGAGCTCTTCCCGTGTTGCTTTTAAGGTTTCCAATTATAGGAGGTTTAGTAGAATGGCTGACGACTCAGGCAAAAAGATGATCCCTCCGACAGAGACTGTACAGGAAGAGAAAGTCATTATTGTTGACCCGGAGGAGAGCAAAAAGAGGATATTGTCTGGATACCAGTATTACCTGGTCGCCGGAATCGCAATAATTGCCTCCATATTCCACCTTTACACCGCGGCTTTCGGCCTATTCGACGCTATGACGCAGCGGTCGTGGCACTGGATGTTTATGGGATCGCTTCTGTTTCTCTGTTATCCGATGTCTCAGAAGAGAGGCTCGAAGACAAGGATAGAGTGGCTTGACTGGATATTGGCGGGTGCGCTCGTCTTTGGATGCGCGAACATTCTCTACAATTATGAGGCCATCGCGATGCGCGAGGGATCGGCGATACCCTCTGACATATACATAGGCTGCATAATGGTTTTTCTGGTCATTGAGGGCACACGCCGCTCGATGGGGTGGCCGCTGCCGATAATGGCTATCATCGCTATTCTGTACGGTATCTTTGGCCCTTATATGCCGGGAATTCTGGCGCACGGCGGATTTAATTTAGATGAATTGGCTCCATTTCTTTATCTCAGAACGGACGGAATCTTTGGCGTACCCCTCGGAGTCTCCGCCTCATTTATATTCCTGTTCATTCTCTTTGGAGCTTTCCTTAGTTCGTCGGGAGCGGGGCAGTTCTTCATAGACCTTGCCGTCGCGGTAGCGGGCAGGAGTCAGGGCGGTCCCGGTAAGGCCGCCGTCGTCGCGAGCGGCCTGATGGGTACGGTATCTGGAAGTTCATGCGGCAACGCCGTCACCACCGGCGCGTTCACGATACCTCTAATGAAGCAGGCTGGTTATAATTCAGAATTTGCCGGAGCGATAGTTGCCTGCGCCTCGACAGGAGGGCAGGTAATGCCCCCCGTAATGGGAGCGGCGGCCTTCGTTATGGCGCAGTTCCTTGGCGTCTCATACTGGGAGATCGTCGTTGCGGCGGCGATACCGGCAACGCTTTACTTTATATCGATCATGGCGATGGTCCATTTCCGCGCCGGTAAAAAGCGTATGGCACGCCTTGATAAAGAGGATATCCCCAAGGTCAGGGTCGTTCTGCGCAATGGAGCTCACCTTCTCCTGCCGATATTGGCACTGATCGTATTTCTCGCGCTGGGTTATTCTCCGACCATGGCCGTCTTCTGGTCGATCATTGCGATAATAGTATTTTCATGGCTTGGTGACAAAGAGCACAGGATGACGCCCAAAAAGATCATCGCGGCGTTGATCTCCGGCGGTACCGGAGCTATCGAGGTGGCGGCCGCCTGCGCCTGCTCCGGCATCGTCATCGGCGTCATCGCCATCACAGGTGTGGGGCTGGCATTTTCCTCGTTTGTTCTCAGCCTGTCGCACGGAATCCTCCCGCTAGCGCTGATACTGACGATGATCGGTTCGATCATCCTGGGGATGGGTGTGCCCACTACGGCGCAGTATATCATTACCTCGACTCTGGCCGCGCCAGCGCTTGCTCAGATGGGAGTTCCCATGATGTCGGCGCATCTTTTCTGTCTCTATTTCGGTGTGCTGGCGGACGTCACGCCGCCTGTGGCGCTGGCCACCTATGCGGCCTCCGGCATCGCCAAATCGAATCCGATCAAGACTGGTTTTACGGCGCTTGTCACCGCCGCCGCCGGTTTTCTCGTCCCCTTTATGTTCGTGTACAATCCCTATTTGCTTCTCCAGGGTAATGTATTCCACATATTGATAGGCTGTGTTACGGCACTGATCGGGATACTGGGACTCTCTGCCGGAGTGCAGGGTTATCTGGCCAGCGATCTCAATATCGTGGAGAGGCTGCTTTTGCTCTGCGTTCCATTTTTGATAATATATCCGACTCTGACGAGCAACCTGATCGGAGTCGCGATAATTGCGGCAATTTATATTATGCAGAAGATCAATCTTAAAAAGAAAGGGCTTTCAGGAGAGGGAGGAATCGTGTGATGCCTAAAAAAATCATCAAACCTGTGGTTTCCGCGCAAGAGGCCGTCAAATGTATAAAGAGTGGTGACTCAGTCATGGTTGGCGGGTTCAATTACGGCGGCATTCCCTATACGCTCACGGATGCGCTCTACGACCAGGGGACCGACCAGCTGACACTGATTTCCAACGACACGATCTATGAATTCTGCGGACAGGGAAAACTTGTCGCAGGCGGGCGCTGTAAGAAGGTGATCGCCTCCCATGTGGGGCTCAACAAGACTACCGGACGGCTCTTTCATGAGGGAAAGATGGAGCTTGAGCTCTTTCCGCAGGGGACATATGTAGAAAAGATCAGGGCTGGAGGCGCCGGGCTAGGCGGTTTTCTCACTCCGACAGGCGTCGGTACCGTAGTCGAAGAGGGGAAAGAGGTCATCGAGATCAATGGGAAAAAATATATCCTCGAGCTGCCGCTTACAGCCGACGTCGCCTTGGTGCGGGCCTTCAGGGCCGACCGAATGGGCAACCTTACGTACACTGGGACGAACAAGAACTTCAACCCGA
CP016757.1_gap13	345826	347805	1979	CTGTCATAAGATTACCCAATTAATCGCGTTTGGTCAATAGTTAGCGAGGAGATTTTTTCGAAGAATTTTTTTGCGGCGGGGCTGTTAATACTAAAAAAGCCATATACAGAGCCGGTTTGCCTGGTTTTATCATAAAGATTGACACATGACTTCAGGGGCATTATAATGAAGTTAATCACTACTCTTCATTGATGAATTAAAATAATTATCGCAGGGAGGCTTATTTACATGGATAAGATAAAGATCGTGGTAGTTGGCGGCGGCTGGGGAGGCTGCGCGGCGGCGATAGCGGCGGTCAAGGCCGGAGCCGAGGCCGTGCTTCTTGAGCGCACCGACATGCTCCTCGGCACGGGGCTCGTGGGCGGCATCTACCGCAACAACGGGCGTCAGACGGCGGCGGAGGAGATGACGGCGCTGGGCGGCGGCGATCTCTTTCATGTCATGGACGAGTGCGCCGGACATAAGAACATCGAATTTCCCGGACATGCCCATGCGAGCCTTTACAATGTATATGAGATAGAGCCCGCGGTAAAAAAATATCTCATCGGCCTGGGCGTCAAAGTAGTCACCGGCGCCTCGGCGATGAAGATAGACAAAAAAGAGGGGAAGATGATCTCCGTCACCGCGCGCGACGGCGCCGTCTATGAGGCGGACGCCTTTGTCGACGCCACAGGGACCTCGGCCGTTCCCGGCAACTGCGTGAAATACGGCAACGGCTGCGCCATGTGCATCCTGCGCTGTCACAGCTTCGCGCCGCGCGTCTCCATCTGTACGCTCGCGGGCATCGAGGAGTGGAACGGGCGCAAGAAGGACGGTTCTCTCGGCGCGATGAGCGGCTCCTGTAAACTTTTCAAGGAATCGCTCTCCGCGGAGATCGTCAAAAAACTAAACGAGACCGGCGTCTGCGTCGTACCCATCCCCGCCGCCGCCAATATGAGCGAGAAGCTTGGAATGAAGGCCTGTCAGCAGTACGCTACAAAAGACTTTGCGGAGAATATTGTTCTGCTGGACACCGGCCCAGCAAAGCTGATGACACCCTACTTCCCGCTGGAGAAGCTGCGCCTCGTACCCGGCTTTGAGAAGGCCCGTTATGAGGACCCGATCGCCGGCGGTAAGGGAAATTCGATGCGCTACTTCCAGTTTGCCAACTGCTCCCACAGCCTCCAGGCCCAGGGTGAGGTGGACAACATTTTCTGCGCCGGAGAAAAGGGCGGCGCGATGGTTGGACATACCGAGGCGGTCGTCACCGGCACTCTCGCGGGCTGCAACGCCGTGCGGCACGCCGCCGGCAAAGAGTTGATCGAGCTGCCGGATGCTCTCGCGGTCGGAGATTTTATCAACCATGTCACCGACGAGATGAAGAGGGACGAATGCCGCGGCACGAAATACACCTTCTCCGGCTCCGTCTACTTTGAGCGTATGAAGGAACGCGGGCTCTACCTATGCGACCCGACGGAGATAGCCAAGAAGGTTGAAACCACCGGGCTAAGCGGCCTGTTCGCGGAAAAAATCTGCTAAAACTGTTATCATGGGGACGCTTCGCGCGTCCCCATTTTTGTGCCCTTCCTGTCATTTCAGACATTTTTCACAGGCCTCCCCCTGACCGGCAGCCTCGCGCAGGCGATCGGCGGCCCGCTGGGGCTTGACGTCTCCTATATCGCCTCCGTCGGACAGATGGGTTCAATATGGACGGGCGGAGGCTGTCTCGTCCCCTGGGCCTTCGGCCTCGCGGCCACCGCGGGAATCGCCGGCGTCAGCCCCATCGAGCTCGCGCGGCGGAACTTCATCCCCGTGCTCTGCGGGCTATTCGTCTCGACCGTTTTGGCCATCTGCCTTATGTGACCTTAAATAGAGCGCCTGCCGACGGGAGGTCCTTCCTTTCATGGAGGGGCCTCTCTTTTTATAGCTTTTTCCCGCAGATATTTCTCATATATCATGAGGACGACAGCCTTCCGTACCTGTGGCGGATGCGGCGCGGG
CP016757.1_gap14	358713	360827	2114	GCGGAATTTTCACAACAGCTCTTGCCGGCGGTCGGCCATGTCGCTGATTTTTCGGTATGTTTGGGCCGAATCGTCGGCGGAATTAGTGCCAACTTAAGTATAATATGATATGCTAAACCATATCGCCCCGTACGGTGGCGCTGTAATATCAGGAGGATGATATTTGTTGAGTTCTGACATAGCAGGCAGTATTATCCTGCTCGTCGTACTGATGGGTTTCTCGATGTACTTTTCAATGACCGAAACCTCGATTACGGCAGCAGGCAAAGGAAAACTGTTGGCATTGGCCGATGACTACCCGCACCGCAAAAAGGGTTTTCTCTGGCTTGCAGACAACGTAGCAAAAGCAATCAACGTAACTCTTATCGGAAACAACCTCGTTAACATCGGGGCCTCAGCCGTGGCCACGTCGGTGGCTATTTCGCTCTTCGGCATCGCCGGTCCAGCGGTCGCAGTTGTTATCATGACCGTGCTGATAGTGATTTTCTGTGAAATACTTCCTAAAAACGTCGCAATAGCGAAAAAGGAGGCAGTTCTTTTATTCTGCCTTCCCTTTCTGCGCGCCTTTAATTTTGTCCTGACGCCGGTACTGGCCTTTTTGCAGGTCATCCTGAAGCTAATAGGCAAGCTTATCGGAATGGACCTCGTCTCATACAGCGCTCTGATATCGCGTGAAGAGATAGACCATATCGTGAGCGAGGGCAGCGCGGCGGGCGCTCTGGAAGAGGACGAACGCAAGATGATACACGGAGTCATCGCCTTCGAGGATACGAGAGTCTCCGAGGTGATGGCGCCACGCACGGATATGTACGCGATCGACGAGAAGGACAGCGTCGAGGATGCGGTCAAGATATTTCTTGAAAGCGGACACTCGCGTATTCCCGTATATAAAGAAGATATTGACGATATCGTCGGTATCCTCTACGCGAAGGACCTGCTCGGCCCGCTTTCGCACGGTGACAAGCAGATTTCAATAGAGAAGCTGATGCGCAAGCCGCTCTATGTCCCAGAGACGATGAAGACGGATGAGACGCTCGACATCATGAAGAAATCGCGCAAGCATCTCGCGATCGTCGTCGACGAATATGGCGGCACGGCGGGGCTGGTCACGCTGGAGGACCTCATAGAGGAGATCGTCGGCGACATACAGGACGAATATGACAAGGAGACGCCGGAGATAATGAACGCCGGTGAAAACACCTATATCGTGCAGGGGCAGGTAAACCTTGAGGACCTCGCGGAGGCGCTCGGCTACCCCTTTGATACGATCTTTGAGGATGTGGACACGCTCGCGGGCATGATCCTCGAGATAACGGGCAACTTCCCCTCAAAGGGCCAGGTCATCGGCTACGGCCCCTGGGAGATAAAGGTGCTTGAGGTGCAGAACCACCGGATACTCGAGGCGAAGATGAAGTTTATCGGCAACACCGACGACGGCGTCTCTGATTAAGGTAAGAGAGACGAATTAATGAACACAAGAAGAGCGGGAGGCGGTCTCCCGCTCTTTTATATTCACTGAAAACGCGTCGGGCGCGCCGGTCTGTCTTATCTGAGGCTCAGGCCTTTGTCCGCGCGGATGGATATCTTTTTGCCGCCGTGTTATCTTTAGAATATCTTTTTATTCGTATAAATTACCTCTTTTAATATCTCGTATTTCCACCACGCGCGGGCGCGGGGATGCTGGTATCATCTGTAACATAAAGAGAGGGGAACGAAGTTTTGGGAAGAATGCCCTTGAGGGGGCCTTCGCTCCCGGCACTGGTAAGGTAGGACGGAAAGGCCGTCCCTTTCAGGTGTTTCAACAGCCCGTAACGGATGGAAGATGGAATTTCACTAAATCTTCTTCCCATACGTTCAATATAGATTCTCTAAAGCCGCGGGGCGATTCCTTAAGAGGAACCGCCCCGCGGCCCTTTGTTGTAATATAATTTAGAGACGTTTACACAGCGGACATTGGGGGAGAGGGAGGCGGAGCCATGAAAAAGAGCGGTATTATCGCGGCGGTGCTGCTGGCAGTTGGAGCGCTCTGCGTCTTCTCCGGCAGATGGCCCATAGGGAAGCCTCACGAGGTCTCGGGGGAAAATTTCCGCCTCGGCACGTATGTAAAGCTGCGG
CP016757.1_gap15	366447	370423	3976	CGGCTCTCCCGCGCTCTCGCCCCAGAAGGAGAGGTCTATCGCCAGTGTGACGAAGCCGCGCTCCGCCATCTTCTGGGCGTAGAGGTTCGCGCTCTGTTCTTTGACCGCTCCCATCGGGTGGCCGACGACGATCGCGGGATACTTCGCGCCCCGGCTCATATTCTTGGGGGTGAAGAGGCTGCCCGCGACATCCATCCTGTAGAGGTTCTTAAAGACGACCTTCTCCGCCGTCACCCTGCCGCTCTTGTAGAAGTTGTCCGCGCCGTCCGACATATCCGCCGCGTGGGCCGTCCCGGCCATGGCCGTCATTGCGAGCGCCGCCGTTATTATCATTATCAATCCGATCATTTTCATAACTTTTTCTCCTTTCAGGTTTTGGCTTTCAGCCTTTATTGTTTTTTGCTTTGTGCTGCACTTTGATTTTTTTACCGCTTCTTGGCGGCTTTAGTCATTTTGAATGTCAGGAAATCAAGGCAGTCGATCTTCCTCTGGCTCTCGTGCAGGGCAAGAAGCAGCGCGGCCCGGTGTCCCGCAAGGAGCGCCGCCTGTTCCGCAGCCTTATCCTCCTCGCCCAGCAGCATATATTTTTCGATAGCCTCCGAAGGGCAGCCAGCGTCTCTCAGATTCTGTCTGACAGCCTCTTTTTCTCTTTCTCTCACCATTTCACCTCCTTGTCCCAAATTATATGAGGGGGTTATGAATATATCAAATACTTATAATAAATCTATTGCCATACGTGTAAGGCATAGTAAAATATATCCATTGCTGGATGAGAGGCAGGTGTGGTGATGGACCTTAGAGTATTGCAGTATTTTCTCGCGATCGCCCGCGAGGGAAATATTACGAAAGCGGCGGAATCCATGCACGTGACGCAGCCGACGCTCTCGCGCCAGATCAAGGAGCTTGAGACGGACCTTGGAAAGCAGCTGCTGATCCGCGGCAGCCGCAGGATCACGCTGACTGACGAGGGTATGCTGCTGAGGAAGCGGGCGGAGGAGATCGTCTCCCTGCTGGAGAAGACGGAGGGCGAGATAAGCGCTTCGGACGAGGTGATAAGCGGAGACATCTTCATCGGCTGCGGCGAGACGGAGAAGATGCGTTTTATTGTACGGGCCGCGAAGCTGATGCGCGACGACTATCCCGACGTCAGCTTCCACCTCTTCAGCGGCAACGAGGGAGATATCGCGGAGCGGCTGGATAAGGGGCTGCTTGATTTCGCCCTCTTCATCGGGATGGCAAATCTGGAGAAGTATGATCATTTTAAACTGCCGGATGATGATCTGTGGGGGCTGCTGCTGCGAAAGGACGATCCGCTCGCCGCCCGTGAGAGCATCGCTCCCCGCGACCTTGAGGGTATTCCCCTTCTCTGCCCGAGGCAGGTACTGCTCAATAACGATATGTCGGGCTGGCTTGGCCGCGATTTCCGGAAGCTGAACATCGCCGCCACCTATAACCTCGTCTATAACGTCTCGCTGATGGTTGAGGAGGGGATGGGCGCCGCCCTCTGCATCGATGGCCTTATCAACGTCTTTGGGCGCGGTGGGCTCTGCTTTCGCCCGCTTGAACCGAAAGTTACGGCTGGCCTTGTCATCGCCTGGAAAAAATATCAGGTATTCTCACGTGCGGCGGAGACGTTCTTAACGCGCCTGCAGAGCGGGCTTGCCATAGATGAAGATCAATAACGGCAAAAATAAAAATCAATAGGAGCTGATACTGTGATGGACAGAATGCCTGCAAGTATCTTTAACGACGTCATCGGGCCCGTAATGCGCGGTCCTTCCAGTTCTCATGTCGCGGGGGCGGCGCGGATCGCCGCCGTTGTGCGGCAGTCCGTCGGCGGCGCGCCGATGCGCGCCGTCGTCGACTTTGATGTGAACGGCTCGCTCGCCGCCTCGCATGACGGGCACGGCACGGATATGGGCTTTGTCTGCGGCATGCTGGGCAAGGAGATAACGGAGCCGGATGTGGATCGTTACGCGCGGCTCGCGGAGGAAGCCGGTGTGGAGATCGAATTCAGGATTCTCGACTATGGCGCGGAACACCCCAACAACTACCGCATAGAGGTATGGGGCCGCGGCGGCGAACATCATCTGTGGGAGGGGGTCTCAGTCGGCGGCGGTATGATCGAGATGCGGCGCTATGACGGTTTCGACATTTCGCTCTGCGGCGACTTTTACGAGGTGCTGGTGAAGTTTCCCCACGGCGGCGCGGCGGCGATGAAGTCCTCGCGGGCCGTCGCGGATTCCGCTCCGGATTTCGCGCAGGCTCTGGAGGGCGGCGGCGGGTCGCTGCTCTCGCTGAAATATTCAAAGGCCCCGGAGCCGGAGGCGCTGCGCGTTGCCGCCGCCGAACACGGGGCGCTGGATTTTGTGCTGATAGCGCCGATGCTGCCGACGCTTTCGCGCGCGAACTGCGCCGTACCCTTCTCGACCGCGGGGGAGATGCTCGCCTATAACGAGGGTCGGGGGCTTGCGATGTGGGAGCTGGCGGCGGAGTACGAAGCCGCGCGCGGCGGCACCGCGAAAGAAGATGTGCTGGAAAAGATGCGCGGACTGGTCTCGATCATGGAGGGAGCCCTTAAAGAGGGGCTTGCCGGTACGGAGTACGCCGACCGGATACTCGGCCCCCAGGCCTATCTGATCGAAGCGGCGTGCAAAGAGGGCGCGCTGATCCCCTGCGACATCCTCAACAACGTCATAAAGTCGGTCACGGCGATCATGGAGACGAAAAGCGCGATGGGCGTCGTCGTCGCGGCGCCGACCGCCGGTTCCTGCGGCTGCCTGCCGGGGACGCTGCTCGGCGCGGGCCTCGCGCTGGGCAAGTCAAGAGAGGAGATCACGCGCGCGATGCTGGCGGCGGGGCTTGTCGGCATCTTCATCGCGGAGGGCGCGACATTCGCCGCCGAGGTGGGCGGCTGTCAGGTCGAGTGCGGCGCGGGTTCCGGCATGGCGGCGGCGGGACTTGTGCAGCTCATGGGCGGCAGCGCGGAGCGGTGCGCCGACGCCGCCTCGATGGCGCTGCAGAATATTACCGGCCTCGCCTGCGACCCAGTGGCGAACCGCGTGGAGGTCCCCTGCCTCGGCAAGAACGTCATGGGCGGCTCGAACGCCGTCGCCTCGGCGAACATGGCGCTCGCCGGCTACGACAAGGTGATCCCGCTCGACGAAACCATCGCCGCGATGTACGACGTCGGTCTTAAACTGCCGCTTGAGCTGCGCTGTACCTTCGGCGGTCTCGGCAAAAGCCCCACGGCGCTGAGATTACTGGAAAAAATGAAAAACAGGTAATACCCGGCGCGGAGCGGCATAAAACCACCGCGCGGCCTGAACCGCAGCATAAACGCCCTGTCCGTTTGGACAGGGCGTTTATCCTAAATCTGCGGCTGCCTGTACTCCCAGCCTAGCGGTACTCTTTGAAGGCCTCCGCGAGCCTCTTTATTCCCTCTTCCGCCGTCTGCGGGTCTACCTTCGCGAAGGAGATGCGGAAGGCGCCGCGGCCGTTCTTCGCCTCGTCGATTGTATAGAAGGCGCTTCCCGGGATGATGCCGACCTTCTTCTTTTCCACCGCGAAGCGCGCGAAGGCGGTCATGTCCTCGATCCCCTGCGCCTCTCCCCAGAGAAAGAAGCCGCCCTTCGGGTAGTTCGTCTTTATTCCGAGCGGTTTGAGGTGCTTCTCTATCGCCTTTACCATACCGTCGCGGCGCACCCTGTAGGTGTCGCGCAGGAAGCCGACGCGCTCGCCGAAATCAACCGAACTCAGGTAATTGTAAAGGCCGAGCTGGAGTATCGCGGGGCGCGTAAGGCCGGCGCTGATGCGGAAGGCGTTGAGGTGCGGTATTATCGCGTCGGGCACCACCAGCCAGCCGCAGCGCATTCCGGGGGCGACTAGCTTGGAAAAGCTGTTGCTGTGCAGCACGCGGCGGTCGTCGCCGGCAAGGCTGAGGTATGTCGCGGGAGCCTCTTCGTCGTAGCTCAGA
CP016757.1_gap16	375948	380351	4403	GCGAATTTTTTGATGTTCGCCGCCGCGCGCTCGATCGCGCCGCGCAGCTCTGGCGATATCTCATCGTAGGCGCGTTCCAGCTCGCTCTGTGGTACGCGGAAGGAGGCCGCGGGTGCGCCGCCGAATTTTACGTTATAGTCGGCGACGGCAATATCCCCATGCTTGCCGACACGCTCGATGATCTCTCTCACCTCCGCGAATATGCGCGTGTTCTGCGACAGTTCCTTTGCTTTTGCCTCTTTATAGAATTTCATGTAACTCATCACTCCATCAACAGTATGCTATCATGTTAAAGAGATGTTATTATAGCACAAAATATCCTGCCAATCGTATTGAAGGGTTTTGTTTTTGTCATGAAGCCGATATGGAAAATCGGATTCTTGCTAATGGCAGCAATTGACTGGCATGATGAAATAAAGTATTATCGAAGCTAATAACCTGTACATTTTTCACATAAACAGAAAGAATTACAAAAACTATATTATAAAATCGTCAGCCTGAATGACATTATGCGGATATGTATTATCAGCTCATAAACGGACAAAGACGGCGGCGCAAAGCTAAAGGGTCTAAGGCCCGTATTGGCATCAGCGGGTAAACGACAGCCAGCTGCCTCGAAAATCCATCTTCATGCTGTGTAAATGCATGGAGGGGTTAGGCGGTTGGGTGTCGTTTTTGCTTTGATTGAAAGGGTGTAAAGATGTTAAAGAACATTGGTACCGCTATCCTCATATTTTGTTTGACGGCTTTATCGGCAGGCGCGGCGTTCGCCGCTGACGGCGCGTCTAACGATGATCTCCTGCGCGCGCGGGAGCTAAGCAAATCGGTAAACGCCTTTGCCTTTGATCTTTATAAAGAGATCGCGAAGGAAGAAAAAGGCAGCATCTTCTTCTCGCCCCTCAGCATCTCAATGGCCCTTGCTTTGGCCTATGAGGGAGCGGCAGGAGAGACCCGTGAGGAGATGCGGCGGGTTTTGCATTATGATGACAACGTCGGCAAACAGTTTCGCGCCTATCTCGATGTTTTAAACAATACCACGAAAAAGTCAGGAGAATTTTTATTGGCGAATGCCGCTTGGCTTGACATTCATCTAAACATTAGAGAGAAATACGTCGACACCTTAAAAAAATACTATGACAGCAAGGCCACGAAGATCGATTACAGCGATACACATGGTGCGGCGGAGGCGATTAACCTCTGGTGCTATAGAAATACTAAGGGAAAAATAAAGAAAATCGTTGTCCCTGGAGATTTGAAGGGATGCCGATTGGCGCTGGGAAACGCGGCATACTTCAAGGCGGAATGGCAGCGTGGGTTTAGAAAGGAGCGTACTGCTCCCATGCCGTTCCACAGGTCGGAAAAAGAGGTTGTCGAATACCCGATGATGAAGACACGGGGAAATTATAAATATTACGAGGACAAGAAAATTCAAAGTCTGACGATGCCATATAAAGACGGCATTTTTGCCATGATTGCTATTTTGCCTAAAGAAATACGGTACATGAAAAAGATAGAAAAAGAGTTAGGGGAAGCGTTATTGTCAAAAATACTGTCCTGTTATGACATAGCAAACGTAAATCTTTGCCTTCCCAGATTCATGATAGAAGAAAATTACCAAATGGCGTATTGTCTTCGCGCTATTGGCATGAACAAGGCATTGAGCAGTGCTGCGAATTTTTCGGGAATAACGGGAATGCCCGGCCTGTATATAGATAAGGTAATACATAAGGCCATTGCCGGGGTGACTGAAGAGGGAAGCGAAGCCGCGGCGACCACAGTAATTATTATGAATAAAATACTCCCTCCGCCTGGCAAACGGCGCGTGATTGAATTTACCGCGGATCGTCCATTTCTCTTTTTTATCCTCGACAACAGAACAAATACGATAATGTTTATGGGGAAGTGGGTAGGAGAATAGCCGTTCTTTGAAGTGTATTAAGTAAAGAATACATAATAACAAATATAAGGAGGCAAGTCAGAATGCGTACAAAAAATATTAACGCAATATTATGGTTGTTATTCCCAATTTTTATCCGCTCAGCCCATACCTTTACTTCATCGTTGACAACAGAAGCGGCGCTATTCTCTTAATGGGACGGTATTGCGGCAGGGAACAGAACGAAAATATCCTGTCATGGTAATAAATTTAAAAGGGGAGCGTTATAGATATATTTTTAGAAATTATAATATTAATTACAATAAAACTTGACCACACTAATAAATTAGTATAGTATGTATATTAATAATAGACACATTTTATCACTTAAATAAAAGATATTATAAGCATACTATTTATGAGGCCTCAACCTTAAGCGATATGGTATTTTGTACATGGTTCGGCCCATAGAGGGTATTTGATATCAAAAAGAGCAAAGGCAAAACCGTCCAAAGACGGCGGCGCAAAGCTAAAGGGTCTAAGGCCCGTATTGGCGTTAGCGGGTAAACGACAGCCAGCTGCCTCGAAAATCCATCTTCATGTTGTGTAAATACATGAGTGGGTTAGGTGGTTGGGTGTCGTTTTTGCTTTGGTTGAAAGGGTGTAAAAGATGTTAAAGAACATTGGTCCCGCTATCCTCATATTTTGTTTGACGGCTTTATCGGCAGGCGCAGCGTTCGCCGCTGACGGCGCGTCCAACGAAGATCTCCTGCGCGCGCGGGAGCTAAGCAAATCGGTAAACGCCTTTGCCTTTGATCTCTATAAGGAGATCGCGAAGGAAGAAAAAGGCAGCATCTTTTTCTCGCCCCTTAGCATCTCAATGGCCCTTGCTTTGGCCTATGAGGGGGCGACGGGCGAGACCCGTGAGGAGATGAAGAAAGTTTTGCACTATAACGACAATATAGGAACACGGTTTAAGGCTTACATTGAAATGGTGAATAAAGTCCCCAAAGAATCGGGAAAGTTGTATGTCGCGAACGGGATATGGGCTGATTGGAGCGTTACTTTACTATCCAACTATGTCATAAAAATAAAAAGAGACTACGGAAGTGAAGTGAAGAAACTTGACTTTAGGAAACGGGCACATGTAGCCTCAGTGATCAATAAATGGATAGAAGACAAGACAAGGGGGAAAATCAAAGGAATAGTTGACGAACGCAGCGAGATGTCGTGGGCGATGAGTATTATTAATGCGGTATACTTTCAAGCATTTTGGATGGAACCATTTCCGGAAATAAACACACGGAAAAAGACCTTTTACTGCACGCCAACCATGACGGAGCAAGTAGATATGATGTATTCACAGAAAACGATATCATATTCAGAAACAGATGATTTTCAGGCAATATCTCTGCCGTATAAAAATTGGCGATATTCTATGGTCGTAGTACTCCCCAGAGAGCATCAGAAGCTTGGTAAACTTGAAAATAACATCTCCGATATCGAATTCAGAAAAATATTAGCAAGCTTTAAAGAATATCGTGTAAACGTCTATCTGCCAAAATTCCGGACAGAAAAGGCATATCCGTTAAAAAAACAGTTAATGAAGTTAGGCCTCAAACAGGCTTTTAAGAGAGGGGCGAATTTTAACTACATCGGAACTGCGTCTAATGGCGGACTATACATTGATGAAGTGCTCCACAAGTCCGTTATTGAAACAACAGAAACACATACAAAGGCCACGGCAGTTACCGAGGTCAGATTGGGCGTGGTGCTCTCACCTGGAAAGACCACTGATATAAAAGAGTTCAGGGCAGATCATCCGTTTTTATACTTGATAATCGATAACGTGGCAAGGACAATCTTGTTTATTGGAAGATATGTAGATAATTAATTGATGATTTGCATTATAAAAATTAATGGGGGTGTATGTTCATGCTTTTAAGAAAAATCTCGCTTAGTCTATTGTTGATGTCTTTTGTTTTTTTATACCCTAACCCAGCAACTGCTGATGTGGTATCTGAAGCGGAAGTTGTGAGTGCAGTAACAAGTTGGCTAAATGAAACAAATTCGCATTGTGGTGAGGAACTAGGTTCGCAGATAAGCTCAATGAAATATTATAAATCAAATGTTTCAGCCAACTTAGGTTATTATCTGGTGTTGTTAAGCTCAAAAGGATGGATACTTATCCCTAATGATGATTCCTGTTGGCCTATACAACTTTTTGGTGGCGGGGTCATGACGACAGAAAAATTTGAAAACAGTATGTGGTATCAGACATTGGTTTACAATTCTTCTAATGTTGTAAATAAGCAAGGAAATTCAAATGTATTAACGATATTACAGAGTAATAATTGTAACATAAATACAGACATTGATATAATAGTAAATAAAAATAAGTGGAAAACCCTTTTAAATTCAAAACAGCCTAACGGCAAAATATCTGCTTTATCAAGTCCTGAGTTGAATATAAATAGCGCTGATGTTCGGGTTGATCGGGCGTGTGAAAAAAACTCTGTAAATATGG
CP016757.1_gap17	383440	384667	1227	TCCCCGGGATGGTGGGATTCTCCAAGGGACTGCGTTTCTATTCTTTCTCTGGACTGCCCAAACCTTACGGAGCGACGAAATCTATCAGTACCAGGGTTTCCGCCTGGGCGAACCATATCAAACAGTACATGCACGGACAGGACACGTTCAACATGGTTTCCGCGCTTTCGGCCAGAGATCATTCCCTGATCAGCGACCCCGGCAATACCAGCGCGTTCGCTATCGGCACGTATGTGTTTGAAAGCATGATATGGGGTCCTTGGGGCCCGGAACTGGATTATAACCTTACGTATGTCCCCGCCGGAACGACAATCGAATATGGAGATAACGGCGGCAAGCTTATCTATATCAACGGGGAATTTTCTCTTAACCATGCGGAGGGCGGACTGGCCAGAGATTTTGTGAACGCCTTGATCGATCCCATCCTCTTCAAGGCGGATGACGAGGAGAGCCTCTCTGACGCCGTCGGCGGTGAATACGGCGCGCTCGGCGGACAGCCGGTTGCGATGAACAGCCTCAACCTAAAATCGGTCGTCTATAATAACGGCGTTACCGTAAACAATATCGCCACCAGCGACGATGTGAGCTTTGTCTTTACGGTAACAGACCGTATTGCCGACAGTTCGGCCCCGGACCTTGTAGTATCCGACGACGCGGTGCCAACTTTGACGGTCAGTCTTCGGAATCCGGCTGGCGAGGTTGTCGCCGCGAAACAAACGCCTACCTCTGCGGATAATACTCTGGCCTTCGCCCTTTCGGGCGACGCCGCCGTGGCCGGAGAATGGAAGATGGTAGTGGAGAACGTCTACGGCTTTGACGGACGGCGCGTCGTGGTGGCGGCTTCTATTACGGGAGATTATGACATTGGCGACGCCGTCACGCTCCCGCCCCCTTCCAACGCCGCGATGGCTATGCATCCGCGCGGAGCCGCTGGCGATACTTTTAGTTACCAGCTTGGCGACGGTACCATGACGCTGAGCGATACAGGCCTTAGAAAACTGGCGCTTGGCACGCTGGTAAAGCCTGAATATCTTGATTTTACCCGTGTCGACGACGACCTGGTGGTCCGTATCAAGGGAGGGCTCAACAAGATCAAGCTGCCGGGATGGTTCAAACGTATGGGCTCGGATTTCTTTGAGGTAACCTTCGCCGGAGGCCGGAAACTCAGTGGCCGCGAGGTGAAAAAATTAGCCGTTGTACGCGAACCGGAGATCGACATCACGCCGC
CP016757.1_gap18	445057	447632	2575	GCGGCTGCAGCCGCAGGCGATCGCCCTGACGTGGTTTTTGGTAGCCTTTGATTTTGCGCTTGTGCCGCTGACGACCTCTTATATCAGCGGCTTCACCGATCCGGTGACCGGATTTCGCGCCGTCGTCGTCTTCATCTTAGCGGGAGCGGCTTATGAGGCATATCTATGGAGGAAGCTGGCCTAGGCTTCGCATTGGACGGGAGGTTTCCGTTGACTGATTTTCCCCAGGATGTTACTCTGGCCGCAGTTTTTCATTAAAGAACGGAGGCTGGGGATATGTCATATTACGGCAAATATGGCGCGGATGGCCACGGCGGAGAGGTTCCCGCACAGAACACAGTGGATAATAGTTCTTTCGGTAAGCCAGCGTTACGTATTGTGGGCGGCGGAGGCGATAAATGGCTGACCGGCCAGCAGCGTCCCGGCTCCGGAACGCTTTCGTACGGTACGGTGGCCGGCGGGGAGCGGCGTGATGCCTCCGACTGGCAGATACCGCTGCCCGCCGCCTTCTGGCTCGTGGGTGTACTGCTGAATCCGCATGTCCGCGGTTATATATTCAGGTTTTTATGGCTGTTTGTCTCCAAGGGCGTGCGTCCTGAGCTGTATTATCTCTGTTCGTATGTCTTTGATTTTATTCTCATTGTCGTCGTTTCGTGGGTAGTGACCTGTTCAGCCCGCAGGTATAGGGGACCGGCTGTCTGGAGCCTTCTCGCTATGGCGCTTGCCGCCGCCAATATCGTCTTTTTTATTCCGACGATGATGGACGCCTTTCGGCTGTATTCGCATCCGTTTTTATAACTTTGCGGAGACTGCGCCGCCGCTGCCGCTTTTTCATGACAGGGCGGCGTTTTTGTGTTTCACGTTATTTTAGCCTTTGCCGTCTGTGGGCGGTAGGCGGCGTCAGTTACTCTTACTTCTTGCCATATCTTTCAGCTCCTGCAGCTCCTGCGGCGTGATGTCTTTTGAGAAATAGGAGCAGTAGACGGAATTGTTCTGCAGCAGAGGCTCGGTTCTCAATTCAGGCAGCTTTTCCGCCGCCGCTTCAAAGTGCGGCGTGCCGGGAATGGGGGAGAATTCCGCGAGCTTTGGCGTCCCCCCGTGGTCGCGGACGAAAGTTATCGTATCCCGGACGGAGGCGGGATCCTGTCCGGGAAGTCCGAGCAGGATGTAGGTCTCGCAGTCCTTTGTATCATATCCCGCCGCAAGCAGGTTTTTTACCGCGGCGGCGTATTCGCCGCGCGCCACTTTGCCGGAGCTGTCGCGCGCCACTCCCGGATCGATGCTTTCGAGCGACAGGCGGATGGTCTTGAAGCCGCTCTCGTAAAGTATACGGGCGCATTCCGCGTCTATCTGGCGTACATGGAGGCCGTTAGGGGTATGGAGGCGCAGCCCGCCGTCCCAGCGCGCCATGATCTCGTCGCACAGAGGGTAAAAGAAATTTTCTTTATCCAGCAGCAGCGCGTCGTCGTAGAAGGCGAAGTCTTTTGCGCCCAGGGCGGCCTGGAAGCCGATCTCGAGCAGGACCTCTTCGAGGCTTCGCCGGTGGTATCGCGGCCACAATACGTTTGAGGCGCAGTAACGGCAGGAAAAGGGGCAGCCGAAGGAGGTCATGACCACGCCGTAGGACAGCCTGCCGTAGAGGTCCATCGCAGGATAGGGCGCCTCCGGCTCGCAGCGGTCTCCAATGATGTAATCGGCCCCGAGTCCCGCCGCATGCTCCGGGCAGAGGCCTGCATATATGCCGCCGAGTACCACGGGGCTCTGTGGAAATATCTCCTTTAATACGCCGATTGCCCAGCTCACGCCGGGGTACCAGTAGGTCATCGCCGAGGTGAGAAGGATGTAATCGGGGCGCGCCTGTCTCTCAAGTAATGATATTATTTCACTTTTGGTCAGACCAAAGTGGCTGTATCTTCGCGGTATCATGCGGTAAACTTCGGGTTTCCCGATCTCTTCCTTTCGGACCTTCACCCTCCCGAAGCTCTTTTCTCCGTCGGCTGCCTGCGCGATGCAGTCAAGCAGACGGACCTCGTTATGCTCTCTGAGGCTCTGGAGAAGGTAAAGAAGGCCCAGCGGTTTGGACCAGAGATCCATGAAGGCGAAGTCCCGCACCGGTGGGTTCACGCCGAGGAGCCGCGCGCCGCGGAGGCCGAGCAGCTCCTGCGTGGCGAGGGGTTTGGAGGTTGTTTTGGAGTGTCCAGTTTGTGAAATAATTTTGTCCGTCATCGCTACCCTTTCTTCGGAAAATATAAACTTTTAAACGGTTCAGAGTTTAATGCAAAATGTCTCTTTACGGAAGTCTTTGACTCCGCTTTATGCGATAAACACACTGAGAGTGCAGGAAATTTGTGCTTTCCGCATAATGAAAACGCGGTCAGACCATAAGTGAAGATTTCGCAAATAAAAATATCATATCTAAAATAGGACAAAAGTTTATAAGTACGCAGAAATAAAATTAACCGCCCAAAATCATGGAAAAATTACTGGTACCAAGGTTATTAATTGCGTTCACAATATGTTGAACTCATTGTTTGTGGTAAATTGTCATAAATTATTGGACTATTTAGAATACGTA
CP016757.1_gap19	479213	483587	4374	TGAGAGACAAAATAATTCTATCACGTTAAAGGGATTTTAAAACGTATATATGGCATATCGGAAGACAAAGCAATATTATGCACACGCATAAAGTGAGGAGTAGACGATATACTAAAATAAAGTTATCATATTTGTCAGTTTGTGAGCTTTACTTGAGAGGCGGGTGAGACCATGACGATGACGGTGCTTTGAGGCGGCGCGTTTAGCGCGGTGCACGTGATGCATTATTGCATGGATCTCGCGAAGGCTTCTCTCCTGCAGATGTAGGCCTTTTATTATCCTGTAATATTCCCATCCTGCTTTTATCTAACGGTTCCGCATGGACGGCCCGCAGCATATGCGCGGGGCGATGTGCCGTGCGGTTGGACAATATTTTAAAATTTTAGGGAGTGTAGCATGTTATGAAAAAAATCATTGCCATTTTACTGACCGCCGCCCTATTCTCCATTTCCAGCCTGTCGGCTCTGGCCGCCGAGGTTCCCACACTGCGCGCCAGCTACAGCATGACGACGCACCAGGAGGCATTTATGGTCGCCATGGCGCGCGGCGAGAAATTCAAGGATTCCGGCGTTTGGCTCAAGCCAGTCGTTGAGAGAGAAAAATTCGACCTCTACGCAGACGGCAAAAGGGTCGCTCGCCTCAACGTCATTGTGACTAAGAGCGGTTCCGAGGCGACCTCGCTCTTTGCGCAGAACCATCTTGACCTGACCACGAACTCATTTCCCGCGATGCTCTCCGGCATTGACCGCGGAACGAAGATAAAAGTGCTCGCGCCTCTGCAGGCCGACGCTATCGCGATGGTGGCGAGGAACGACATCAAAGCCAAGGGCTGGAAGGGATTCTCAGACTATGTTAAGAAATCCAAAAAACCGGTAACGGTGGGATATCATTCGCCGACAAGCGCGCCGAAGATCGTCTTTGAGGCGGCTATGGACGAGGCGGGGTTCAAGATTACCGGCGACGCCAACGCGACAAAGGCCGACGCCGATATTCTCATGATCGACCTCAAGGGCATTCCCAACGTCATTCCTGCTCTGGTAGCCAACCAGGTGGAATTCGCCGTTGTTCCCGCGCCGACCCCTGAAGTCATCGAGGCGAAAAAACAGGGCCGCGTCGTCCTTCAGATGAAAGAGCTGCCGCCGGCTGGCGCCTGGGAGAGCTTTCCCTGCTGCTGCATCGCGGGCCGCGAAGAGGTGATAGAGAAAAACCCAGAAGCGGTAAAAGCCTACGTGCGTCTGCTTACCGCCGCAAGCGACTGGTGCCAGAAGAATAAGATGGATGCCGCAGCCGAAACCGCCGACTGGCTCGGTCTTGAGCCTGAGGTGATCGCGAAGGCGGAGATGGAATTCTCGACGAGGGTGACGAAGACTTGGCTCAAAAACGCCGAGCTCTATCCCGAAATGCTCAACCGCCTTGGCCAGCTCACCGGTAAGCTCAAAGACAAAAAACTCAGTGAAGTAAAGGACGTAGTATTTGACTTCCGTTTTACGCAGGTAGATAAATAAAATATGCGAAGGGCACGGCCCGCACGGCAGAGGCGTGCCGTGCCCTTCTTACCGGAGACTGGAGACAACGATGAAATCATTCTCTTACAGGATACTGCTGCCCGCCGCGGCGCCGCTGCTCGTCCTCGTCATCTGGCAGTATGCGGCGCTGAAACTGGAAAACGAAGTCGTACTGCCTACCGTGCCGCAGGTATGGCGGCTCTTCATGCACCCCAATGAAGACATACTGCGCCTCGGCTCCATGATGCAGAACCTCGGCATGAGCACGATGCGTGTGCTCTGCGGCTACTTCGCGGGGCTGGCGCTCGCGCTTCCGCTGGGCATACTGATGGGCCACTACAAAAGCGTCAACCGCTTCATGGGCGCGCTGGTTGAAATGCTGCGCCCCATGCCTCCGCTCGCCTGGATACCGCTGATCCTTGCCTGGTTCGGCGTCGCGAGCTTCGCCACTTTGTTCGGAATCGAAGAGGGCGAATGGTACACTTTTTTTAATAACATAAAATTCTCCATGCTTATCATCATCTTCATCGGGGCCTTCTTCCCGATACTGCTCAACACCGTCCACGGTGTCTCCAGTGTGCGGACGACGCTTGTGGACTCCGCGCGCGTGCTTGGAGCCTCCGAGCGCGACATCTTCATGAAAATACTGCTGCCTGCCGCCGCACCCTCTATTGTCACCGGTATGCGTCTTGGTCTGGGCGTAGCCTGGATGTGCCTCGTGGCGGCGGAGATGATGCCCGGCAGCATCTCCGGAATCGGATATGTCATCACCCACGCCTACACGGTAGCCCGCACCGATATCGTCGTCGCGGGGATGATAAGCATCGGGGCGATGGGGCTGGCGATAGACGTGGCCTTTCGCCGCTTCGAGGAAAAATGCTTCGCATGGCAGAGGCTGTCGCGGTGAGGCCGCTTATCGAAACGCGCGGCGTGCGCAGAGAATTTGTCCTTGACGGCGGGGAACGCGTGCTTGCCCTGGACGGTGTTGACATAGAGGTCCACGATAAAGAATTTGTCTGTCTGCTGGGGCCCTCCGGCTGCGGAAAATCGACCTGGCTGCGCCTTGTCGCCGGTCTTGACGAGCCTACCACAGGGGAAATCCTCTACAAGGGAGAACCGGTCAAAGGCCCGGGGCGCGAACGCGGCATGGTCTTTCAGGAATACTCCCTGCTGCCCTGGCGCACCGTGGCGGAAAACGTCGCGCTGGGTCCGGAGTTCAATGGCGCTGGCAAACGGGAAAGGCGGGAAATGGCGATGGACTACCTGGCGCGCGTCGGCCTGGAAAAATTCGCCGACGCTAAGCCACACGAACTCTCCGGCGGTATGCGTCAGCGTGCGGCGATCGCGCGGGCCCTCGCGAACGATCCCGAAGTGCTCCTCATGGACGAACCCTTCGGCGCGCTCGACGCGCACACGCGAGTGCTGCTCCAGAAAGAACTTCTCCGCATCTGGGAGCTGGACCGGAAGACCGTCGTCTTCGTCACCCACAGCGTTGACGAGGCACTCTTTCTCGCGGACCGCATAGTCGTCATGACGGCCCATCCGGGACATGTGCTGGAAGATATCAGAGTGAAATTTGAAAGGCCGCGCCATCGGTCGGTAGCTGGCTATGGCGAAATGACGGAGAGGATATTCGCCCTGCTTGAGAGTGGAGAGCAGGAAAACTAACCTTCCCTTTTATGGCGGGCGCCGCCTGCGCCCGCATGAACCCATGTGGCCTTACCGCGGCGGCAGGCTCTTTCTATTGGTGGATTTTGGCGCGTAATCGCGCATACCGGGGACCGCGCCGCCCGCGATCTCCCAGAGATAGAGCGAAGCTAGACTGCCACAAGGGGAGTAGCGTTTTCTGTATTTTTCAAAAAGCGCCGGTGTAATCTCCTTGTGGTGATAAAGCATCCGCAGCCCGCGGCGGATGCCGAAATCCCCGTAGCTCAGCACATCGCGCCGCTGCATGGAGAAAATCAGCAGCATCTCGGCGGTCCAGACGCCGATGCCGCGGAGGGCGCTCAGCGTCTCGATCACCGCCCCGTCCTCCATATCCCACAGCGCGGCGGGGTCAAACTCTCCGGCCTCCGTCTTCCGCGCGAGCTCAGTGATATACTCCGCCTTTCTGAACGAAATACCGAAACCCTGCATCCGTTCCAGGCCGGCGGTGCAGACGCTGCGCGGCGTCACCTCGCCGAGACCGGCGGAAATCCGCGCCCAGACCGTCCTCTGCGCCTGCGTCGAAATCTGCTGCCCCGCGATATGGTGGACGAGCGCGGAAAAAATATCCGGCTCTACATGCCAGCCGGAGAGCGGCCCGATCTCCCCGATCGCCGCCGCGAGTTTCTTATCCCTTTTCTTCAGATAATCCAGCTCTTCCTCGGTATATGAAAAATTCACGTGCTGCTCACGCCCTTATCCCCGTATATCTTAATTATAAGGGAAAAGGCAGACGCCTGTCAGCGGTACGGCCGAAGGGGGCAAGGCAAATGTATAAATCAGCCGCCGCCCGGCGGCTACGGCTTTCTGCGCGTTCTGAGCGGCGAGCCGGCAATCATGAAAAGCAGCAGTACGATACCCACCGCGCCGTTGGCGCTGTAAATGATATTTACAAGACTCTTGAAAGAGATAAACGCGCCTGCCAGACAGCCCGCGGCGGAGAGCGCCGCCGTCAGCAGATAAAATTTCCGCGACCTTTCGGCGGCAAAACGCGCCGATACCGCCCACAAAAGCGGCACGGCAGAGGAAAATATGCCGCCCATGATGATAAATGAAAAGGCCAGCGCGATTTCGGGATGTATCTTCGCCGCGAGAATCAGCGAGGGGATGTCGGAGGCGGCCACCTCTTTGATGGAGGCGAACATTCCGCACATCAGCACGATAA
CP016757.1_gap20	539166	540074	908	TTCACATCGAGGCGCCAGCCCCAGCTTGTGACCTCCAGCGGCCACTTTATCACCTTGCAGCCGAGCGTGCGTGGCAGCTCGTAGAGCGAGGGAAGCGTCGGGTGCATGACGATCACTTCGTCGCCCGGCTCCAGCATGTTGTTCATGAAGATGAAGATACCCTCTTCGGGGGTGAGCTCCAGGATGTCGGAGGGGCGGAGAGAGGTGTAGCGTTTGGAGATCGCCTCACGCAGGGGAGCGAAGCCCGCCGGTCTCGTGTATCCCAGGCTCAGATTGTCCCAGAGTTTCTTGCATTCCGGGTCGGCCATATCCAATATTTCTTTCATTGAGCAGCTTTCGCAGGAAGACTGGCTCAACGTATATTTTGCCTGTTCCGCATACCGGGCGAATAGTCTTTCGAGCTTGAATGCTTTAATTCTCATTAAAGTTTCCCCTTTCGTCTATAGTTCTCGGTGGAGTTTTGCAAACCTTAACGTACCCATTCTTAATTTATACAGTATAACCTTTTTTTAAAAAGCTGTAATCCCTTCTGCCAATTATTATTCAGCAAATCTTATCTTGATTTATAATATAATAATGCGGTTCTTTAAATGGCTGAAAAGTTTAGGAGAATAATTAGAAAAATATCACGAAAAATAGGAGTGTGCAGAGGAAAAAACCTTGTTATTACGGAATTAATCGGATGTTTGGTAAATAGAGCCTGAAATGTTTTTAAAAATATATTGCAATCTGATATATCTGTGCTACAATTAGCCTAAGGGGAGGAGAATATCCAATGACGTGCGAATCGCAATTTACTTTAAAGTCGCTCAGAGAACAGGTTTACGATTATCTCCGCATTCAGATGAATGAGGGAAAGATTCGTGCGGGCGCTTTTCTGAACCTCAACGACATCAGCAGGGAGCTGG
CP016757.1_gap21	555487	556893	1406	GCGAACGCGTTGTCGTAGAGTACGCCTACCGCCGCGTGGGCCGTCCCGAAAAGCGTTACCGCATGGCGCTGCTGTAGGCGCCCGGCCCTGATTTGAATTAATTAAATAATAGAGAGACAGAAGAGAGGGGGTGGCTTCCCTCTCTTTTGTCTTTAATAGATAAAATTCCGAAAACCCACTTGTAAAAAACAGCGCCGCCGCGCACTGTTATTTATATCGGCGCAAAAAGCGGATTGGCTGCGAATGCTCCCGGAGGGACGGAGGGAATTTAGGGTGTTTTGAGCGGGTAAAACTTATACGCGCGTGAATAAGCTATATAAGAAAGATATTTTTTGATGGGAAGGCCGCGCGATATTATCATTAATTGACAGCGGTCAAATATTGTGGTTTCGCTGCCGAGAGCCGGTAATTTTTGTACTTTTGCCCGTTATCGGTTCATTTTATGTCTTTTTGCAACTTACTTGTAAAGAAATTTTACTATCCATAAATTAATCAAAAAAGCGCATAATGTCTCATATTCTACCTAAATATTGCTCATTATTGTGTACTTTTGTATGATTTGTATAGAAAGTTTAGACAATAGTTGCAACTTAGTTGCAACCCCGAGTTTCATTTCCTAACGCGAACAGGCTATGGAGATGTGACCAGTGAGCCGAAAGGCTCCAAGGGCTTTTGCGGGAAACCGCGAAGCCTCCCGGGATGCGCAGAGCATCCGAATTGGAAAGGGGTAAGAGTATATTTGCCGCGTTAACGGGCGATGTGCACCACTCCCTCTTTCCGATGAAAATGCAGTCAAGGTTTCTTAATTATTTCCAGAGTTCCCGCATGGGATATGGAAAAATTCATTTCGAGAGAGGAGATTTTCAATGGCAAAGGAAATGACAGAGGCACAGGTCCAGTCCAGCTATCATGTCAAGAATCTTACCATCAACGGCGTACCGAGGCGCGTAATTGGCAAACCCGAGGTCACGCTTCTCACCGTTCTTCGCGACCAGCTGAAGATGACGGGCACAAAGCGGGGCTGCGACTGCGGCCAGTGCGGCGTCTGCAACGTAATACTCAACGGCAAGGTGGTTCGCGCCTGTATCACCCGCTGGAAGAACGTTCCCGAATTCTCGCAGATCACGACGATCGAAGGAATAGGCACCCCCGACAATCTCCACGCCCTGCAGTGGGCGATGATCGTCTGCGGCGCTATCCAGTGCGGTTTCTGCACCCCCGGATTCATCACCTGCGGTAAGGCTCTTCTCGACCAGAACCCGAACCCGACGCGCGAAGAGGTTCGCGAGTGGTTCAGCAAGAACTGGATGGCTTGCCGCTGCACCGGCTACAAGCAGATAGTCGACGCCGTTATGAAGGCCGCCGCCATCATTCGCGGCGAAGAGAAGATCGTCGACCTCGCGAAG
CP016757.1_gap22	699197	699916	719	ACGTCACAAGAGGGAGCAGAATTGGTGTCAGGATGATTGTGGCTGCGATATTGTCCATAAAACAACCCAAACATAGGAAAAATACGTTTAAGATCAGCAGGATAATGATTTTATTTGTTGTAGCGTACATGACTTGGGCTAATAATAGCTGCGGTATCATCTCCAAGGCGAGAAAAACGCCAAAGGCCATGGCGAACCCCATGCCATACATCGTTATGCCATTTAATGTCGCCGCAGACTTAGCGCATTCAAAAATATCCCTGTATGTTAATTCCTTATAGATAAATTTCCCAATAACGATACAGTAAAAGATGGCTGCTACCGCTGCCTCTGTCGGCGTAAATATGCCGGTGTAAATGCCTCCGAGAATAAGAATCGGAACCATCAGGGCCCACGAAGATTCTTTTAAGGCTTTTGGGAAGGCGATAGTTTCTTCTTTTCCCACATAACCGCGTTTTTTTGAGATAATATATCCGGTAATCATGATTGCCGCAGTGAATAGCAGGCCTGGAATGATACCGGCTATGAACATGTCTCCGATAGATGTTCTTGCGACAACACTATAGACGACAAAAGGAATACTGGGAGGTATTAATACGCCAATTGTACCGGAGCAGGCGGCGACAGCCGTAGAAAAAGAAGATTTATAGCCGCGTTTTTTCATTTCTGGAATCATAATTGATCCAATGGCGGAAACCGTTGCTGGTGCGGAACCTGAG
CP016757.1_gap23	789699	792524	2825	AGACGGCGCCGTCGGCGGCGGGGAGTTTAGTCCCCATGAAGAACTCCCGGCGTCCGGCTTCGGGCTCCGAGGTTCTGATGTCTGTCGTCACGCGGCTTCCCGTGACCACATAAAAATCACGCGCGGCCAGCTCTTTCAGCGTTTTCTTGTCTGTCAGCGCGACGCCGTCCTTTTTTATCCAGCCCGCGCAGCAGGGGCTTTCGACGAAGAAGTATTCCCCGTCCGCCGATTCGTGCAGCACCGCCAGCGGTTCCCATATCTTGACGGCGCTCTCCACGTTCATATCGAAGAGGATGTCGTCCGCGCCGCTGTAGAGGGGCTCTTCGCAGGGCAGCGTTTTAATGAGGCCGTTTTTTACGGCGACGCCAAAGCGGATCATCTCCGTCTCCTTCACCGCGCCGGTGTCCGCGTTTTCTTCGACCCGCCGCCAGAAGCCCTCGCCGGCCTCCGCCGCGCCTATATACCGCCTGCCCTGGGGCCGTGTGGAGAAGCTTTTCATCTTTTGCAGAATGAGGCTGCGCGGAAGTATCGCGGGATAGGCCAATATATCGGTGCAGTGTGTGCCGGGAGTGTCCTTGATTTTCCGCGAGAGCGCGGCGGTCTCTTCCAATGTGAGTATGGTCTGGCGCGCCCTCTTTGTATGCTCTATCCAGTAGTCGGCGCTCAGCATATTGTCTGTCGCGCCGCAGAAATTTTTCGCGGGCTCCGAGGCGCAGGCCGCCGAGCCGAGCAGAATGAGAATAATTGCCGCGATAAATTTTTTCACATCCGAACCTCCGTTTTTTGCCTAGTATAACATGGTCCCCGCAGTGAAAATCAATAGAGGCGCTTTATGCAAAATATATAAAAAAACATACCATAAAAAGACTATAATAGAGTACAATTAGCGGGCGAAGCGAGCGGCGCGCGGAAGGACGAAAGAGGGACTTTCGTCCGCCGCCTGACGTAATGGTGAAAGGGGCTGACTGCCATGCAAAACAGCGACAATTACTGGTGGTATATAACGATAAGATCCGAGGCCGGGCAGGAGGACAACCTCTTCTCGCTCGCGGATATCTCGGAGAGCATCGGCACGGAGCTGCAGGAGCTTCCCGACGGCAACTCGCGTCTGCGCATGTATTATCGGAGCAACGAGGAGATAGCGTTCTGGAAGGGGCGGCTCCTCGAGGCGATGAAAGAGTTTCCCGGAGTCGAAATTGAGGACTGGGGAAAGATAGAAAACCAGCCGTGGAACGTGGCGGCGGAGGAGGCCTTCCCTCCGCTCCCCGTGGGGCGCGGCCTCGTCGTGCTCGCGCCGTGGCACAAAGGCTCCGAGCCATCGGACCGGACGGCGCTCTATATCAATCCCGGCAGCGCCTTCGGCACCGGATATCACGAAAGCACGCAGATCGTGCTTGAGCTGCTGGAAAAATACATACGTCCCGGCGTCACCACCGCCGACATCGGCACCGGCTCGGGGATACTGACGATCGGCGCGCTCAAGATGGGCGCGGGCCGCGCCTACGCGCGCGACATCGACCCGACGGTCATCGAAGAGGTGCGCAAAAACTTTGAACTCAACGAGCTTGATCTTGAAAAGATCGACCTCGCCACCGGGGATCTTCTGAAAGACTTTGGACATACCGCCGACATCCTCACGGCAAACATTCTGCTGGACCCGCTCACGACGATGGTCGCCGACGTTCCCGCCGTCATCGGAAAAGATGGCGTGGCAATATTCTCCGGCATGCTGGAAAAGGAGAAGCCAGTCTTCCTCAAGGCGCTCGCGGAGGCGAAGATGGCGCCGGTCGAAGAACTTGTAAGGGGAGAATGGTGGGGTGTCGCTGCCAAGGCTGAGGCTTGAGCGCTGCACCTTCGATAACGGCCTGTGGCATATAGACGCGGAGGAGGCGCACCATCTCATCCGCGTCCGCCGCTGTTATACCGGCTCTCTCGTCGAGGGGCTGCTGGACGGTGAAAAGATTGAATTAAAGCTCGAATGCCGCGGCGATTCCGTCACCGCGCGCGAGATATCGCGGGTGCGGGAGGATATCGGCCTTCCCCGGGTCGAGCTGCTGCTTGGCCTGCTGAAGAACGACCAGCTGGACGACGCGCTGCGTTTCTGCGCCGAGACGGGAGTCTGCGCGGTACATCTCCTGATCTGCGAAAGAAGCGTTCCTCGCTACGAGGGGACGAAGCTCGCCGACAAGATGACGCGCTGGCGTAAGATACTTGACGAGGCGACCAAGCAGGCGGGAGCGGCGACGCCGCCCGTTCTGCACGAACCGCGGCCCTTTGCCGCGATGGATTTTGAAACGCTTCCCGACCAGCGTCTCGCCGCGCTGCTTGCGCCTGATACGAAGCGGCTGCGCGAGATAGAGATCGCGCCGCACCTGGCGGTCGCCATCGGGCCGGAGGGGGACTGGGCTCCGCGGGAGAGCGAGACGCTGCTCGCAAAGGGGTTCGTCCCCGTATCGCTAGGCCGCCGCATAATGCGCGCAAGCACCGCCGTCGCCGCCGCCTGTGCCGCCACGGCGATCCTCTGCCGGGATACGAAATAGATTACTTTCATAATTTTTACAGAGATAAGGTAGTAATAATGAAATACGCAAAACAGATATTTATCATCTTTCTCGTCACGATGCTTGGCGAACTGCTTAACTTTCTGCTGCCGCTGCCGGTCCCGGCTGGCGTCTACGGACTTTTTATCCTGCTGGCCGCGCTCTGCTCCGGCCTCGTAAAGCTTCCCGACGTCGAGGACTTCGGCGGCTTCCTGCTTGAGGCGATGCCGATGATGTTCATCCCCGCCGCCGTCGGCCTGCTCGAACAGTTCAGCGAGATACGCG
CP016757.1_gap24	849667	850430	763	CCAGTAGGGGTTGGTGGTGGGGGGGACGGCGCATGTGGCGCCGCCGTTTACCAGCAGTTCGCACCAGTAAGTGTCGCCCTCCTGTCCGCTAAGGGCGACGTGCGCGCGCTTAACGGGGATGAGCTTCTCCGCGTCGAAGGTGAGACCGAGAGCGTAGAGCATCTCCATCGCCTTCTGCTTTCCAGCTCCTTCTCCTCCGTCCAGTATCCGTTTCTCTTCATCGGTTAAATACATTACAAACCGCCTTTCTATGTGCTATTTTTTCATTAAGACAGGTAAAGATATCCCGCCAAGGGGCAGTATGCCGACGGTCGCCTGCGGCCGCTTAGCCAGCGCCGCGTCAAGAGCCTCCTGTATGCTGGCCGCCGGAATATATTCCATCTTCCGTATCTCTTCCTCGGAGAGGCCGTCGCTGATCATGTAGACCTCGGCCCTTTCAAGCACGCGGCGGCTGCCGAGGGCGACTACGGCGGAGATGACGTCGGTATCCAGGTCATAGGGAGAGGCTGCCTCTATCGCCTCCACAAGGACCTTAGTGGGCTGCGCGAGCCAGTGCGCGTAAAGAGGATGATTATGCACCAGTCCCTCATAACAGGGGGCGGCGAGGATCACGGCGCCGCCGGGCTTCACCGCGAAGTACGCGGAGGTGAGCCCCTTGATGCCCTGCCAGTAGTCCATATCGGCGGGCGACGAACTGGCGATCACGATATCGGCGAGCTCGTCGAGCTCCACGCTGTAGGATTTTCTAGCGAGCTCGACCCCG
CP016757.1_gap25	852501	856204	3703	ATATCAAAATAAACAGATGATATGGCAGTGGTGGTGTTTAAGACCGATTACGCTATTTTCTATCAATGAGGAGGTCATTTTATGTTTTTCAAGAATGCCGGTAAAGTATTGCTGGCGGCGGTGATTGCGTGTGGTTTCGCATTTATGGGTACACGGGCCGACTGTAGTGACTCCAAGGTTTATACCATCAGGATAGGTTCGATCAGTTCAGAGGCGATACCAGAGGTGCGGGCCGCTTATGAGTTTAAAAAAGAGATTGAAAAATCAAGCGGCGGAAGGATCAAGGTCGAGGTATTCCCTAACGGCGCGCTGGGAGGGGACCGTCAAATGGCGGAGGCCGTCTCGCTGGGAACGCTGGATATGGTGCTGACGACGACGTCGGCCCTGACCACCTATGAGCCTAAGTTTGGGATACTGGATATGCCGTTTGCCTTTTCCGACGCGCAGGCCGCTTTTAAGGCTGTCGACGGGGAGCTCGGCCAGTATCTGAATAAGGAGCTGGAACGGAGCGCGGGAATGGTCAATTTGGGATATATGCTGAACGGCGTGCGCCATATGGTGAACAGCAAACGTCCGATCAACGCTCCTTCGGATCTGGCTGGATTGAAGATGAGGGTCATGGAGAGCCCCGTTTACATCGGACTTTTTAAGGCACTTGGCGCGAACCCCACGCCGATGTCCTTCACGGAAGTCTATACCTCCCTGCAGCAGAAGACGATAGACGGTTTTGAGGTCAGCGCCAATTTTATGGTGGAGATGAAATTTTACGACGTCCAGAAGTATTACAGCCTTACGGGGCATACGGTATCGTTTCTCGTCGCCGCGATGAACAAAAACAAGTTTGATAAACTGCCGTCCGACCTTCAAAAGATGGTCGCGGCCTCGGCGAAGAAGTGGTTCGTGGATTATCAGAGGAAGGTATCTCTGAGCGAGGACGCCGGTTACATAAAACAGCTTAAGTCGCACGGAATGAGCGTCAACGGCATAACGCCGGAGAACCACGCGAAGTTTGTCAAAGCCGTGCAGCCGGTATATGCCGAATTTGAGAAAAAATTGGGTAAGGACGTCTTTGTGCTGCTGAAAAAGTATCAGTAGTTTTTACGGCAGAACCAGTGCGGATGGGCATATACATCTCTGTCCGCACTGGTCGGTCAAAGCGCAGATAGGAGTGGCGAAATTGAGTGCGGTGTTAAGGCTGTACAACAAGTTTGAAGAGTATCTTTTGGTTTTAAGTTTAGCGGTCTCAGTCGCGCTTGTCGCCCTTCAGATCGTTTTCAGATATTTCATTAACGCTTCCATCCCCTGGAGCGAAGAGCTGACGCGGTATATTTTTATCTGGCAGATATGGCTGGGAACGAGTTTTGCGCAGAGGGACGGCAAGCACCTGAAGGTCGAAGTTTTGTATTCCCTGATGAATCCAGCCGGTAAAAAGTTTTTAAGCGTGCTTTCTAACCTCATCTTTCTCTCGTTTTGTGTATTTCTTACGGTGAACGGCTTTTCTCTTGTCATGAATCTGGCTCACCGATATTCCCTCTCTCCCGCGATGGAGATCCCGCTGCTTTTTGTGTATCTGTCGCTGCCTGTGAGCAACTTCGTGCTTGCCGTCAGGATCATCGCCGGGCTCAAAGATATAGTCCTGGCACCGGCGTCCGCTTTCGCAGACAAGAAGGAGGAGATACGGTAATGGAATTCGCGGTCTTATTTGGCTCTTTTCTCGTGCTGATTCTGCTGACCGTTCCCGTCGGCTACGCTATCGGCATATCCACGCTGATCACGCTCTATTTTTTCTCCGACATATCGTTCGTCATGATCTCACAGAACGCCGTGGCGGGAGTCGATTCCTTTTCCCTCCTGGCGATTCCTTTCTTTATCCTCGCTGGAAGCCTGATGAGCGCCGGCGGTCTGGCTAAGCGGCTGCTCAATTTTGCCAATATCTGTGTCGGCGCGGTGACTGGCGGCCTTGCCATGGTGACCACGGTTACCTGTATGTTCTTTGCCGCGCTCTCCGGTTCCGCCGTCGCCACGACATCCGCCGTCGGCTCGTTTATGATCCCGGCGATGAAAGAGAAGGGCTACGACGAGGGATTTGCCGCCGCGCTCGCCGCTGCGGCCGGCACCATCGGCATCATCATCCCGCCGAGCATCCCGCTTGTCATCTACGGCGTGGTGGTTGGCGCCTCCATTGGTGAGCTGTTTATCGCGGGGATCATTCCGGGAATAATAATGGGCGTGGCGATCCTGATAGTATGTTACGTCATTTCAAAGAAGAAAGGGTACAGAGGAACCGCGGAGAAGCTGACGCTGAAAAGTTTTTCTCACTCCTTTGTGGACGCCATCTGGGCGTTTATGGCCCCGGGGATAATCTTGGGCGGTATCTACTGGGGGATATGCACTCCCACCGAGGCGGCGGTGATAGCGGTCTTGTACTCTCTGTTCACCGGCGTCGTCATCTACCGCGAACTGACGTTTGCGAAGATTTACGAAGCCTTCGTGGAGACGCTGACGGTCAATGGAGCGACGACCTTTATGGTGGGCCTTTCGATGGCTTTCGCGAGTTATCTCATAATGGCCGGACTGCCGCAGCAGATCGCGTCGTTTCTCATAAGCATCACCGACAGCAGGATAGTGCTCTTTATGATCGTGAATCTCTTTTTGCTGGCAGTGGGCAGCCTCATCGACCCGATACCGGCGATAATAATACTTGCCCCGATCCTGCTGCCGGTGATGACGAAATTCGGCATGTCGCCCGTCACCTTCGGCGTCGTGCTGGTGGCGAATCTGGCTATCGGCTATATAACGCCGCCATATGGCGTCAACCTGTTTGTGGCGATGGCGGTGGCGAAGATCCCGATGGAGCGGATGTTTAAATATATCGTCGCGCTGTTTTTAGCGATGCTTGCCGCTCTGATGCTGATCACATACTGCGACTCCGCGACGATGCACCTGGTGCGGTTCCTAAAATAATTTAACGTCGACGTCCATTATCTCCAGCAGCTTCTTGGCCATCGGCGAGATATACTGCTTGGGATTAAAGATGACTACCGGTTTTGTATCGGAGCTTACGCCCTCTATCCGTTTGATGTTCGTCCGTTTGTTGGGAAGGTGTTTTAACAGCTGCTGCGGCATAATGGTGGCCCCCAGCCCGCTGAATACCAGCATTATCGCCAAAGAGGAGTTTGAACACTGGCAGATGATATTTGGTTTGATGTTGAGGTTGGCGAAATCGTTGATAAAAAGTTCGTTGTAGCCGATGCTTTTGCCGTCGTGCAGCATGATCAGCGGAAGTTCGGCCATCTCCTCCAGCGAGATATAGTCTCGCTGAGGGCAGGAGTCCATCGCGGCGGGAACGGCGAGATAGAATTGTTCGGCCGCGAGGGGAACCACGGCCAGCGAACCGGCGTTGAAGGTAGGCGTGCGCAGGAAGAGCAGTTCGATCTCTCTCTTGTAGAGAAGGTCCAGCAGGTTGTTGGGGGTGTCTTCCCATATCTTATAGGTCACATGCGGATGTAACGAGGCAAATTTTTTCAGGTAGTCCGTCAGCTTGGGCGTACATGATATCAGCGAGCCTATCTTCAGGATACCGGAGAGATTTTCGGGAATGTCGTCGTTGATGTAATACTTCAGATTTTCTATTTGGAATATCAGATCCTGAGCCTTTTGCAGGAGGGCCTCTCCGGCCGAGGTCAGCTCCAGCCCCTTTTTA
CP016757.1_gap26	894891	895551	660	CCGCGACCTTACCCTTAAGGTCCTGGAGGTTCTTTACCGAATCATCCTTGCGGCGCACGGCGAGCTGCAGGTAGGTCTTGTAGTAGGGGATCGAGAAGTTGATCGCCTCTTCGTGCTCCGGCGTCACCTCAAGCCCGTTGATGGCGATGTCGTAAAGGTTGCGGTCAAGGCCGGGGATCAGGTTGTCCCAGGCGTTGTTGACATAGACCGGTTTGCGCCCCATCTCCTCGGCGAGCGCGTCGACGATGTCCACCTCAAAGCCGATGAGCTTCTTGGGGTCCTTCGGGTCGGGGAACATATAGGGAAAGCCGCCCTCGGAGTCTCCGCCCCAGCGAAGGATTTTTTCGCCGCTGTCCGCGGATACCGCCGCGGTCTCGCCGGCATATAGCGCCGCCGGTGAAAGCAGCGCAAGGATAAGCGCGGTAAGCGCGATTAACTTTTTCATCAGCATGTCACCCCCGCGTTGACGAATAAGCGGCGAACCAAAATCTTTGATTTTGTGCGAGCGCTTAGTCTCTTCATGTACAGGCCTTGTTTGCGTATGAACGACGTCGGCTCTCATCAGCATGTTACCCCCGCGTTGACGAAATGGCGCAGGAAAGCGCGCGTACGGTCGTTCTTCGGATTGGCGAAGAGGATGTCTCCGTCCTCATATTCGAC
CP016757.1_gap27	929409	933818	4409	TCCAAGAAGATAAAGCCGGAGACGCTCGCCCGCTGGATAAAGGAGACCGAGGCCGACATCGCAAAGACGAAAAAGGAGCTTGGATACGAGGGGTAAAGGGTAAATTGACAAACGACAAAACTCCCGCCGTTTTATTGGCGGGAGTTTTTCATGTCTTTATGCGGCCGGAGCCGTGCGATTTTATCTTTCCCAGTCCACGAGCTTTCCGGGGTTGAGGATGTTCCGTGGGTCGAAGGCGAGCTTCACGCGCTTTATCAGCTCAAGCTGTGCCTCGTCGAGGAAGAACTTCATGTAGCCTTTGCGCTTGAAGCCGATGCCATGTTCGCCGGAGAGGGTGCCGCCCATCTTGATTAGTTCGGCGTAGATACGTTCCTGCGCGGCGTGCAGCCGTTCGTGCCAGTCGGCGCAGTCGGGGGAGATGATCGTGCAGTGCATGTTGCCGTCGCCCGCGTGGCCGTAGGCTATCCATTCGAGGCCGTCGGCCTCGGCCTTTTCGCGGATCATCTCAAGCAGCCGCGGCACCATCGCGGTGGGGACGGCGAGATCCTCTTTCGTGTAACGGCTGTAGAAGAACGATACGGCCTCCGGCACCGATTTGCGGGCCTGCCAGATGCGGTCTTTCGTGCTGCGGGTATCGGCGACGTAGACCTCGACGGCCCCGTGTTTCTGGGATAGTTTGCCGATCTCCTCGAACTCCTTTTCGATGAGGTCGGCGTCGTTGTTTTCCAGCTGGATGATGAGGGCCGCGCCCGCATTTCCCGCGGGGACCTCCGTGTTGAGGTATTTTTCCGCTAGCTTCAGCGCCTTATGGTCGAGGAATTCTATTGACGCGGGGATGAGGCCGCCCTCGGTGATGATGCGCGGCACGAAGTCGATCGCGCTTTGCGTGTCTGGGAAGGCGGCGAGCAGATCGACGGAGTGGCGCGGCAGCGGCATCAGCTTGAGCACCGCCTTGGTGATGATCCCGAGTATGCCCTCGGAGCCGGCCATAAGGTGGACGAAGTCCAGCCCCGTTACGTCTTTGCGGCGTTTGCCGCCGAACCAGGTGACGGAGCCGTCCGGGAGCACCACTTCAAGGGCGAGCAGCTGTGCGCCGGTCGCGCCGTATTTTATCACCTTGTTGCCGCCGGCGTTTTCGGCGATATTGCCGCCGATGAAGGAGGCGTCGCCGCTGCAGGGGTCTCCCGCGTAGAGCAGGCCGTGCTGCGCCGCCATGCGGCTGATCTCCGCCGTTACGACGCCGGGCTCGGTGGTGATGGTGAGGTTTTCCTCGTCGAGTTCGAGGATGCGGTTCATCTTTTCAAAGCTCATGACGATGCCGCCCCAGGCGGGGAGCGCACCGCCGGAGAGCCCGGTGCCAGCGCCGCGCGGCGTTACGGGGATTTTATGTTCATAGGCGATTTTCATTATTTCAGAGACGTGTTCGGTGCTTTCGGGGAAGAGGAGCAGCTCCGCGGTATATTTTTTGTCGTAGGCGTTCTGCGGCACCTCGTCGTGCGAGTAGGCCTCTAGTTTTTCTTCGTCCGCGCAGACGTTGTGCGCGCCTATTTTTTCTTTAAGGGCCGCGGTGATTTCCGCCGTAATTTTATTGTAAGAAAAGATATCGTTCATTGACATACCTCCGAACCTAATATCAGGATATAATAACATAAAGGTGACGCCGGTTAAATCGCTTTGCACAGTCGATCTTCGACGTGTATGGTCGGCGGAACCTTGAGATGCTGGAGGCGATGAACATGCAAAATGAGATAATCTACGGCCCGACGCTTGCAGGCGAGGGAGATGTCTATCTCTTCCGCGAGGGGACTCACAGAAGGATATATGATTTTCTCGGCGCGCATCCGTTCGAGCATGAGGGGCGGAAGGGCGTCCTTTTTTCCCTTTGGGCCCCCGGTGCTAAAAATGTTTATGTAATGGGAGATTTTAATTCGTGGGAGCGCGAGGGCTGCCCGCTCGCGCCGCGCTGGGATTCCTCCGGTATCTGGGAGGGTTTTGTCCCTGATGCGGAGGCGGGCTGCCGCTATAAATATGTGATAAGGACCGCCGGCGGGGAACTGGTCGATAAGAGCGACCCGCTGGCCTTTGCCGCGGAGACGCCGCCGGCCTCCGCCTCCGTCGTCTGCGCCCCCGCGCACGAGTGGCGGGACGCGGAGTGGATGGCGGCGCGCGCCGGGAAGAACGCCACCGACGCGCCGCAGTCGATATATGAGATGCACGCCGGTTCGTGGCGGCGCGGCGACGGCGACAGCATTCTTTCGTGGCGCGATTTGGCGGGCGAGCTGCCGCCCTATCTGGAGGCCAACGGCTTTACACACGTCGAGTTCATGCCCGTCATGGAGCATCCCTTCTACGGCTCGTGGGGCTATCAGACGACGGGTTATTTCGCGCCGACGGCGCGCTACGGCTCGCCGGAGGATTTTATGGCGCTCGTCGACGCGCTGCACGCGCGCGGGATCGGCGTCATCCTCGACTGGGTGCCGTCGCACTTCCCGACGGACTCTTTTGGCCTGTCGCGCTTTGACGGCACGGCGCTCTACGAGCACGAGGACCCGCGCCAGGGTTTTCATCCCGACTGGAAGAGCGCGATCTTCAACTATGGACGCAACGAGGTGCGGAGTTTCCTGATTTCGTCGGCCTATTACTGGCTCGACCGCTACCACGCCGACGGCCTGCGTGTCGACGCCGTGGCCTCGATGCTCTATCTTGATTATTCGCGCCGCGACGGCGAGTGGGTAGCTAATAAGTACGGCGGCAAGGAGAATATCGAGGCGATCGCCTTTCTGCGCGAGATGAACTGCGCGCTCTACGCCGACTTCCCGGGAATATCGGTGACGGCTGAGGAGTCGACCTCGTGGCCGATGGTGACGAAGCCCGTCTGGCTCGGCGGCCTTGGCTTCGGTTATAAGTGGAATATGGGCTGGATGAATGATTTTATCTCCTATATGTCGCAGGACCCGGTCTACCGCAAGTACCGCCACGACCAGCTCACCTTCGGCATGTGGTATGCCTACGCGGAAAATTTCGTGCTGCCCTTCTCTCACGACGAGGTGGTCCACGGCAAGTGTTCGCTGCTGGAAAAGATGCCCGGCGATGGCTGGCAGAAGGCGGCGAACCTGCGGCTGATGTTCGGCTGGATGTTCTGCCACCCCGGCAAGAAGCTCGTCTTTATGGGCGGCGAGTTTGGCCAGAGCCGCGAGTGGAACCACGACCGCAGCCTCGACTGGCATGAGCTTGGCGACGAACGGCACGCCGGTATCGCGCGCTGGTTTGCCGACTTGAATAATTTTTACCGCGGCAGGCCGGAGCTGTGGGAGCTCGACACCTCTCCCGACGGCTTTGAATGGATAGACTGCAGCGACCGTGACGCCGGTGTGGTCTCCTTTATACGGCGCGATAAGAGGGGCGGCGCCCTGGTATTCGCCGCCAACTTTACGCCTGTGGTGCGCGGCGGCTACCGCGTCGGCTTCCCGAAGGGCGGCCGCTGGCGCGAGGCGCTGAACAGCGACTCTTCGCTCTACGGCGGCTCCGGCGTCGGCAATCTGGGCTCCGTCGATACGGAGGAGACGGGTTTTCACGGGCAGTCTTTTTCCGCGGAGCTGACGCTGCCGCCGCTCGGCTGCCTCATATTTACGCCGGAGAACGGAGCGGACGAGGGGGCGGAGGACTAGCGTTTCTTTCTGAGCTGAGGATAATTTTTTCAGAATCGCGAAGGCCGGTTCCCGTGGGAGCCGGCTTTCGCAGTGTCGCGGCGGGTGGGGCCTCTTTTGCCTCTGTAGCCGGTATGTGATTTGCATGTATAATATAAAAATGTTGGTCTGATATCGTGTCATCGGAGGGGCTTTATTTGTCTAGTTCACGCAGAAGCGGAGTTCTCTTGCATATATCGTCGCTGCCTGGCGGCTGGGGCGTAGGTGATTTCGGCTCCGGCGCCAGAAGGTTCGCGGATTTTCTCCAGGGAGCCGGTTTCACTATATGGCAGGTGCTGCCGCTCACTCCGGTGCTTCCGGTCTTTGGCAATTCGCCGTACAGCAGTCCCTCCGCCTTCGCGGGTAATCCACTCTTCATAAGCCCCGAGGGGCTCTGCGAAGAGGGACTTGTTTCAATGAATGATATAACGGCGCGGGTTTTTCCCTCCGCGAGGGAGGCGGATTTTGCCGCGGCCGAACTTTGCCGCCGCGGGCTGCTCTCGCTTGCCTGGGAGAATTTTAACGCTCAGCCGGAGTCTTTCGCGGAGCTGCGCCGGGACTTTGAGTGTTTCCGCGCGGAGGAGAGCTGGTGGCTCCGTGATTACGCCCTCTTTTCGATATTGAAGGAAAAAAACGGCGGCCGCTGCTGGACGGAATGGCCGCGTGAATTTTCCGCGCGCGTGACGGAGGCCCTGGCGGCCTTTGCCGCAGAGAACGGAGACG
CP016757.1_gap28	966264	971006	4742	CGCCATGGGGATGCCGGAAGAGATGGAGACGATGGTTTTGCCCGTGAAATCGTAGGCATTGAGCGTCTTCGCCATATCAATGGCGTTGTCCGAGCGTACGCACATAAAGACGTAGTCGGCGGCGGCGATCATATCTTTAGGCTCGCAGCAGACGGTGAGGCCGTATTTCTCGCTCATATATGCGAGGCGATTCGCGCTCACGTCATAAAGGTAGATATCCGACGGCTTGGCGATGCCGCTCGCCGTTATCTTCTGGCTTAAAATCTCCGCGATCGCTCCTGAACCCATAAATCCTATCTTCATTATTTACCACTCCTGTATGTTATTAGTTTTTCTATAAACTTTAGCGCCGACCGGCACGGTTATGGCCGCCGCTAAAAATACGCTTCCGTAGATTACTTTATAAGCCAGCGCCGCGCTTCCCATAATGTTGATAAAAAACTCCATAATTACCGGCGTCAGAAAAAAGAAACCTGAATATATCAGACCGAATACTACCGCCAGGCGTGTAACATAGGCTTTGCCGCCCAGGTCGAGGATCAGGCACATAAAAGCGGGGTAGCCGAAGCCCATGCCGATTCCGAAGATAAAGCCGTATAACATAAGCGATGAGGCTGTAGAGGCCGTCGTCATAATAAACATCATTGCGGCGGTAATGGCTGTTGCTCCCGAGGCGCAGATCTTGCGCGGCAGCATATCAATGAGTTTTCCGCAGAGTATACGGAAAAGCAGTGCCGTTCCCGCGGAGACACTGAAGAAGTAAGAGGCCGTCAGCCCGAGTTCCCCGGTGAGCTGTACGAAAGTGAGCTGTCCTGCGTCCGTTAGGGCGAAAAGCGCGGCAGAGACAGCGAAAAGGGATATCTGCGGCTTTCGGAGCAGCGATATATATGATATGGAGGGCATATCGTCAGCTTCAGCCGCCGTTCCCCGTTCTTCGATTTTTGGCAGCTTGCGGATTACAACGGTTCCCGCAGCAACCAGCAGAGGGAAGAAAAATATGTAACAGAGATAAAGTTCCTTAGTGATAAGAAGCTCCATCGCGGGAACGATTATCAGTGATGGGAGGCTATAGGCCGTCGTTATCAGTGCGATGCTGCGTCCCCGGATATTTTCGGGAATAAACTGCCGTTCATAGGCGGTGAGAGAGACGCCGACCATGCTCAGCCCGAGGCCGGTGATGCCGCGCCAGATGATGACGGAGAATATCTCTTTACCAAAGAGCGCTATACCGGCGGCACTGATAAAAAAACAGGCGTAACCTCCCAAAAGCATCTTATCGTTGCCTAGCCGCTGTTCAAAAAAAGGGACGAACGGACGGATAAAAAAGGATATGCCGTAGCATATCCCCATAGCTACGCCCCCGAGTGCGCCGAGGGGGATGCCGCGTCCCTCAAGGTAGGGCAGCAGGAAATAATAGCCGCTCTCCATGGAGGCGCTGATGAAGGTGATGGAGAAAAATATAAAGATATAACCGAGTTCAGGACTTAATATTTTCCTCGTTCCGTTCATTTCGCCATCTCTAATATCGCGTACGCCATCAGCCTTGTGCTTTCCATCAGGTTGGTGATTAAAAGCCTCTCGTTTGCCCCGTGCGCCCTGTCATCCTCGTTCTCAAAGGTGGCTCCGTAGGGAACCATGTTTGGCATCCTCTTGGAGTACGTCCCGCCGCACATACTGACGAGGTATGGCTCTTTGCCGGTGGCGTTGTGATAGCCGCGCTGCAGGGTCTTTATCAGCGGGTGCTCCGGGCTGTAGTAGAGCGGCGCCGTCTTCGCGAAGGGCTCAAAGCTGCCGCCGGCAAAAGAGAAGCTCTGTTCGAGCGTTTCGCAGACGCTGTCGAAAGATATCGTCTCTGCGGGGATGTATATGCCGCAGGTGACGGTGATGGAATGCTCGTCGCCGCTGATTTTCGCCATATTTACGGTCAGCGCGCCGCAGTGTGCGTGCGAGGCCTTTATTCCCAGCGAGCAGCCGTCAGCCTCTACACCGATTTTGTCCGCAAGGAAACGCACGAACTTTCCGGCGCCGCCGTTGATTTCGGTGGCGCTGAGGAGAATCAGCAGTCTGCCGACGGCGTTTTCTCCAAGCTCAGGCAGTGTGGCATGAGCCGCCTTCCCGTGAACGGTGATGGTAAGGTGGTCGCCGGAGGCGGCTATTTTGGTTTTCCAGCCGTTCCTTTTAGCCTCAGCGGCAACAGCGCTTGCGGTTCTTTCAAGTGCCTGTATCTCTCCCTTGAGCACGGCCTCAGCTCTCGCGGGTACAGAACCGATGCTTTCACCGCCGCATATCTTTGCCAGAGAGATTCCTTTCACGGGAGCTGTTTCAAAAACTGCCGTGGAAGTAAATTTTATCGTCCCTTTTTCCGTGTTGACCACCGGATAGGCTCCATCTGGGGTAAAGGCGTAAAGCGGCGGCCGTTCGCTTTTAAGGTAGGCCTCCACGTCGCGCATTTTCCCGCTCTCTTCGTCCATGCCAAAAATTATCCGTACCCTCTTTGAGAGTGGAATTCCGAGGTCAGCCACCGCCTTCAGCGCGTAGAGAGAGCTAAAGAGCGGCCCTTTATCGTCCTGCGTGCCGCGTCCGAGAATAGCCCCGTTTTTAACACATCCGCAGAACGGCTCAAAGTCCCAGCCTTCGCCTGGAGCCACCACATCAAGGTGTCCCATCACGGCCACAGTCTCTTCTCCGTCGCCGTAATCGGCCCAGCATATTTTGCCGTCCAGATCCGTAACTTTGAAATCCAGCTGCCTAGCGCAGGCCATCGCGTGGTCGGCGGCACGGGCGATCTCAATGCCGTAGGGAAACCCGCTGGCGTCTTCCGTATAGAGGCTGGGGATACGTACGCTTTCGCATACGCTCTGCACCAGCCGCGGAAGATATGATTTTACGATCCTGTCGAGCCTCTCGTTCATTACTGAAGCCTAGAGAAAATCGCAGATATACTCTGAAATTTCGCTGCAGCGGACTTTAAAGACGGTATTCGCCGGCACGTCATAGCAGCCGCCGGTCTCCACCAGCCGCCAGCCTTTGTCTCCCGGAAACAAAACTTCGACCGCGCCGGCCGTCATTACTACCTTTTCCGGACCGTCCGAATGGAACTCAAACTCTCCGGGGAGATATACGCCAAGAGTCTGCGTCTTTCCGTCCGGATAGCGAAGAGTACGGCTCTGCACCTTACCGTCACAGTAGATATTTACCTTTACTTTGACATCGACTGAATTTATGAATTCTGACATCACATATCCTCCTGTTTTCTTGATTAATGGGGAAGAGCGCCGCGCTCCTCCCCATAGCAGCTATTGTTATACTTTTTAGTTTTCGTTAGTTTTCGTCGGTTGCCTTAGTTCCTGACTTAGCCGCCGCTTTCGCCGCCTGTCTCGCCGCCTTTTCAGGGTTTAGGTAATCAGTTTCAAATTCCTTGACCAGCCTGAAGATCACTGGCGAGAGCAGCGTCAGGGCGATGACGTTTACGTAGACCGGCAGTGCCGACTGTATATCGAGCATCATCCATACGACTGAGGGAACTGTTCCGTGGTAGAAGAAGAACATCGAGACGCAGAGGGGGACCATCGGTCCAGTGTAGCGAACAAATTTCACATATTTCATGCGTTCTTCGTGCGGCTTATTCTGAACACAGTAGACGATGAGCGATTCCAGATATGAGAACCAGCCTGTTGTCGTGGTAAGGGAGAAGATTATCATAAAGAACGCGAGCATATGCGGGGCGTATCCGCCGAAGGCTATTCCCAGCGCTTCGCCGACCGAGCCTGCGCCGCCGCGTCCTGTCTGCCACGCGCCGGTGATGATGACCATCAAACCGGTGATGGTGCAGACGACCATCGTATCCATGAAGACCTCCATCGCGCCCCAGAGGCCCTGGCGTCCAGGATGATCTACGTCAACGGCCGCGTGGATAATCGGCGAGCTGCCCCAGCCGGCCTCGTTGCTGTAGACGCTTCTTGCCACTCCGACCTGAACGACCTTCATCACCGTGACTCCGGCAAAACCTCCGACCGCCGCATAGGGCTGGAAGGCGTAGTAAAATATCGACTTGATGCCGGCGATCGCAGCAGGAATGTCCTTAACTATTATCAGCACTCCCGCGGACAGATAGCAGAGCACCATCACCGGCACGGCGCGCTCCGCGAATTTTACGATACGGGGGATACCGCCGAGTACGATAACATAGCATATTCCGGTGTAGAATATCGCGCAAAAGATGGCGGTAGTTCCTGAAAGTTTGAAGGCGCTCTGCAGGGCTTCAACGATCGTGTACGGTCCTGGCGCGAAATAGAAGGCGCCGATCATCGTCACTGTGAAGATAAGAGAGAGGACCTTGCACCACTTCCAGCCTTTGCCCTCCACAAGTCCCTTTTGGATATAATACGCCGCGCTTCCGTATGAGGAGCCGTCCTCATAGCGCTGCTTATAATGCTGAGTAAGGACGATCTCGCTCATCTTGGTGACCATTCCCACCAACGCCGCCATCCACATCCAGAAGAGCGCTCCCGGTCCGCCGATGGCGATCGCGCTAGCCACGCCGGCGATATTGCCGTTGCCTACGGTGCCGCCCAGCGCCGTGGCAAAGGCGCCAAAAGAAGAAACCTTGCTTTCTCTGACTTTTTTGTTCTTACGGAAGAGACCTCCCAGTGTGTTATAGAATATGTCTCCAAAGCGGCGGAACTGAAAAAAGCCCGTACCGATAGTGAGGAACAACCCGAGAAGAAGAAACATTATTGCGA
CP016757.1_gap29	1146899	1150883	3984	ATAGTACAGGAATCCACCCCGTCGTACGGTAAAATTACCGTTGAGCCTCTTGAAAGAGGCTACGGAGTAACACTGGGCAATTCATTGCGCCGTGTTCTTCTCTCCTCAATTAGTGGGGCGGCGGTCGTCGCCGTGCGCGTTGAGGGAGTCCTGCATGAATTCAGCACAATTCCGGGAGTTAAAGAGGACGTTATCGAACTTCTGGTAAATTTGAAACATATTCCCGTTCGCTGCCATTCAACATCGGTGCGCACCCTTCATCTCGAAGCCAAGGGACCGAAGGCCGTGACGGTGTCGGATATCGATCCAGACAGCGAAGTTGAATTTCCCGATCCGGAGGCGTACATCTGTACGCTTGAAGAGGGACATTCCCTGTCTATGGACATCTACGTCGCCACCGGTACCGGTTACGCGCCGATAGATCGTCCGCGGGCATCCTACCTGCCGGTGGATGCTCTTCAGACAGACGCCCTCTTTTCCCCCGTACAGCGTGTGAAGTACGACATTCAGGATAAACGTATGGGACAGCGTACAGACTACGACAGCCTTACGCTGGAGATCTGGACCAACGGCGTTGTGACTCCTGAGTCCGCAGTCATTCAGGCCAGCCGTATCCTCAAGGGATACTACTCCTCGATTGTGGATTCGCTTGCCGGCCCCGGAACAAGCGCTCTTGATGAGATCATTAAGAACGACGAGGCCTCGCGTGCGGCGGCGATGGGCGGAAACAAGGGCTTTGACGCGCACAGCGGACTCTCCGGCTTCCAGATGGGAGAGAACTCGATCTACTCACGTCCCGTGAGAGACCTTGAGCTTTCGGTGCGCAGTGAAAACTGCCTGCTCCGCGGCGGAGTCCATATGATAGGCGAACTCGTCTCCAGGACGAGGGACGACCTTCTGAAAATCCGCAACCTCGGCAAAATCTCTCTTAAAGAGATCGAGGAGAAACTGGCCAAATTCGACCTTCATCTCAGCGGCGATATCAGCACCCCGCTTGATGATGACGACGAGGATTTGGATGATAACGAACAGAATCTGAAGGAGGAATAACCAATGAGACACCGCATGAACACAAGGCGGTTGGGACGCTGCAGTTCCCATAGGTGGGCCATGCTCGGTAACATGGCTGCCAGTCTCTTCATCGAGGGCAGCATAGTAACGACAGAGACGAGAGCGAAAGAGCTCCGCCGCGTCGCCGAAAAGCTTATCACCAAAGCTAAGTCCGGCACGCTCAGCGACCGCCGTCTCGTGATCGCACGCATCCCTCACAAAGAGGCGGTAATAAAGCTGTTTGACGAACTCGGACCCAAGTATGCCGAGCGCAACGGCGGCTACACAAGAATCGTAAAGATCGGCGCGCGCGTCGGCGACTCCTCTCCGATGGCGGTAATACAGCTGGTTGACTAATATATGGCTCAAGAAAGACAATTCATACTCAAAGGCGCGGAGTTTTGCTATCCGAATGCCTCTGAAAAGATACTCAAGGGTATCGATTTAGAAATCCGCGCCGGAGAGTGGGTTGCGCTTCTTGGTTCAAACGGTTCCGGAAAGTCCACGCTCCTAAAACTTTTAAGCGCCCTGCTGCTCCCCACGCAGGGCCTTTGTTTTGTGGAGGGGCGAAATACCGCCGAGGCTAAGAGCGGCGAACTGCGAGGCGTTTCGGCGATCGTCTTCCAAAACCCTGAAGACCAGATCGTCGCCGCCACCGTGGAAGAGGAGGTCGCCTTCGGCCCGGAAAACCTCGGCTGCCCTTCGGCGGAGATATCGGCGCGGGTCGAAGAGGCGCTGGCGGCGACCGGACTGGCTGAGCGAAGAGAGAGTCTCGTATCATCCCTCTCGGGCGGCCAGAAACAGCGGCTGGCCCTCGCCGGCGCGCTTGCGATGCGTCCGCGGGCGCTCCTGCTCGACGAGGCCATGTCGATGCTCGATCCCCAGTCGCGCCGTGACTTCACGGAAATCATCGCGGCGGAGCACAAAAAAGGGCGAACCATAGTGGAGGTCACTCACAGGCTGGACGAGATCAGGGAGGCGGACAGGGTGGTCGTTCTTGCGGACGGAGTTATCGCGATGGAGATGCCGGCACGGGATTTTTTGCGGAAAAGCGACGCGGAGCTGCGCGCGATGAATCTCAGTAAACCGCCTTTGGAGCGTCTTTACGAACTGCTTGCGGAGCGCGGCCTGATACCGGAGGATACAGAAACCTCCGTCGAAAGCATCGGAGAAAAACTGCTATGCCGCTGACCGTAAAAGAACTCAGCTACACCTACAACAAGGGGCTGCCGACCGAACACCCGGCGCTGCACGAGATCTCCTTTGAAGTCGCCGCCGGAGAGATCGTCTCCGTCCTGGGGCACACGGGAAGCGGAAAATCGACCCTCGCGCAGCATCTCAACGCCCTGATAATACCGCAAAGTGGCACCGTATCCGTCGACGGTATCGATACGTCGGCCGGAACAGCCGCTGCCCGCGAGGCGCGCCGGAAGGTCGGCCTCGTATTCCAGTACCCGGAGGAGCAGATATTTGCCGAAACGGTAGCGGAGGAGATCGCCTTCGCGCCGCGAAACTGGGGGATCGGGGCGGAAGAGATAAAAGAGATCATTCCTAAGGCGGTCAAGGCCGTCGGCCTTGATGAAAAAATACTCTCCGCGTCGCCCTATAACATCTCCGGCGGGCAGAAGCGCAGGGTGGCGATTGCCTCCGTCATTGCGGCGGCTCCCTCATATCTCGTCCTGGACGAGCCGACGGCGGGGCTGGACGGCAGAGCCTCTCTGGAGCTGATCGAGACCCTTAGAAACTTTGCCAAAGAGGGGATGGGTATAATCCATATCACCCACGACATAGAGCTGGCGCTGGAGCTCAGCGCGAAGATACTGGTCCTTGAAGAGGGACGGGCGCTCTCCTGGGCCTCCCCGTGCGAGACCGCGGCGTTGATATGCGAAAAAAATATAAAGGGCCTTGCCGTCCCGGAGGTACTGGCGCTGGCAAAGCGGCTCAAAGCGGTGGGAAAGATAGAGAGCCTCGCCTGGAGCCCTGATGAACTGGTAAAGAGACTCGCTCCGGCGGCGTAAAAAAATATTTGACCCTGCCTGCGGCAGAGAGACTAAACAGGAGAAAAGATGGCAGCCTTTGATAAAATTGCGCTTGGCCAATACATTCCCGCCAAGTCGCCGGTCCACGCGCTCGATCCGCGCGCAAAAATAATTCTTACGATCGCCGTAATGGCCGCGGTCTTCATGACGCACACCCTGACGGCATTCATCATTTGGAGCATACTGCTTTTGTGCCTCACCAGATATTCCCGGATACCGTCGCGTGTCGTCGCCGCGTCGGCCCGTCCCGTCCTTATACTTATTATATTTACCTCGCTGCTGCACCTCTTTCTCACCCCCGGCGACGTCGTCGCCGGTATTGGCCGGTTTACGGTCACAAGACAGGGCATATACCTTGCGCTGACCATGGCGCTGCGTCTTGCCTGCCTCGTTATGTACGCCTCGCTGCTCACCTTCACCACCTCGCCGTCGCAGATATCGGACGGCCTTGAGGGACTGCTTTCGCCGCTGAAACGTATCGGCGTCCCGGCGCACGAAATAGCGATGATGATCACGATAGCGCTGCGCTTTATCCCGACCCTCTTTGAGGAGACGGGGCGGATAATAAAGGCGCAGAAGTCGCGCGGCGCGGAATTTGACGAGGGTGGACTGATGAAACGCGCAAAGGCCTACATTCCCGTGCTCATACCGCTCTTTGTGATCATCTTCCGGCGCGCCGAGAGCCTTGCGGTGGCGATGGAGGCGCGCGGCTACAACGGCGGCGCGGGGCGCACGCGCCTGAAACCGCTGCGTTGGCGGACTTGCGACAGCGCGGCGCTCGCGGTCTTTTTTGCCGTCTCTGCCGCCATCGTCTGCGGAGAGAGGTTCTTTCCGTTATGAACCGCTACGCGGCGGAGGTCAGTTACGACGGCGGCAAATTTTTCGGCTGGCAGAT
CP016757.1_gap30	1155228	1158953	3725	ATTTTTTTGTGCGGTTTTGCGGCGGGACGCGCCTGCGCCGTTATGCCACCGGCGCGTGCTTGATGAAGCTGTCGTTGCGCATCTCAAGGAAGGCCTCCCTGATCTCTTCGCCGGTGTTCATCACCACCGGACCACCCCAGGCCACCGGCTCACGCAGAGGTCTGCCGCTGAGGAAGATGATGCGCGCCTCTCTGTCCTCGGGAGCCTCGATAGTGACGCTCTCTCCCTCTCCGAACAGAGCGGCCGTCTTTGCGGGGATATTCATGCCGCCTGCTGCCGCCTCTCCCTCGATGGTGAAGATAAAGACGGTCTCTCCCTCTTTGGTGGGGATGCTGATCTTCTTTCCCCGCTTTAACGTGATGTCGTAGATGCTGGCCTGTATATGGTTCGTGGAGACGCCCCGGTGTCCCTGATATTCGCCGGAGACGATGCGGACGAGGGCGTTTTCATCCTCTACCTTTTTTATCATCTCTCCCTTGATGTCAAAGTAGCGCGGCGCGGTCATCTTATCCTCCTGAGGCAGGTTGAGCCATATCTGGAGGCCAAGCATACGGGGGCCGGACATCGGCATCTCCTGGTGCATAATGCCGCTGCCCGCCGTCATCCACTGACTTTCGCCGCCGTGGATCGTTCCGCGGTTGCCGAGGCTGTCCTGGTGCTCCATCTCACCCTCGATGAGGTAGGTGATCGTCTCTATACCCCTGTGCGGGTGGAAGGGAAAGCCCGCCGTATAGTCGTCCGGATTTCGTGAGTCGAATGAGTCCAGCATGAGGAACGGGTCAAAGTCCCGCACCGTCTCATGGCCGAGCACGCGCACGAGGCGTACCCCCGCGCCATCCGTCGCCATCTGTCCCTGTACCGTCTTTATTATTTTACGTTCCATAGTTATACCTGCTTTCTTTTAGAAATCATTTTTATTTACCGTATAAACATACGCTGCGTGAACCATTCACAGGAGGGCAATAATACTAATCAAAATCTAGGCAAAATAGGCTGTGCGGCTATAAAGTGTCGGCGGCGCTTAGGAGCTTTCATCTCCTGAGCGCCGCCGGCCCTTTGTTTTGTCATTAGCGGACGGCCTACTGGCCTTTGGCCGTGCTTAGCCGCTTATCTCCCGTCCATTTTTCTCCTTGCTAGAAGGTGACCCGCCAGCCTCCGCGGATGGCCCAGTCTTCGGTGAATACGCCGCCGGATGAGCGTTCCAGCGAGAAGTAGAGAGAGTTGCGCGGGTTTACCTGATGCGTGACGCCTATGCCGTATGTCCACCAGTCGTCGCCGAAGCTCTCGCCTGCGATGTGTTTGCCGCTGGCGTAGCGGATGTCGAGGTCGCCGTCAAATTCTTTCAGGTAGGATATCTTGGCGTAGAAGTTCGTCCTGTCGGTCTCATAGCCGATCAGCGCCCCGAGCCTTCCGAGCAGTGAGTTGAAATCGTCCACCCCGATGCGCAGGCCGTTGCTGGCGCTGAAGTAGGCGCTGCCCTGGCGCAGATAGCTCAGCTGCGCCTGCGGCTCGACGTACCATCTGCCGCCGGTTCTGTTTTCTTTGAGGCGGAAGCGCCTGCCTATCTCCACGGAGGCGCCGAAGCCGCCGAGGTCGACGTCGTCTCCGACGACCAGCGTTCCCGCCGTGTCGAATACGCGGAAGTCGTTAGTGCTCCATACGTACTTGGCTATCGTGTCGATATAGAAGCCGTTCTTTGCGACGTAGGTGGCGTACAGTCCGAGGGTCTTATTTTCCGCCGTACCGCTGCCGTGGCCGTTGTCCTTATAGTCCAGATCGCCCTTGCCGTACCCGAAGAAGACGCCGACGTAGGTGTCCCCCTCCTTAAACCAGCTCTTGTCCAGCTTACGGTCGTAACCGGCCTGCAGTCCGCCGTAGTCCATGTCGAAATCCTTCACGAAGGATCTGGCGTTGGATTCGAACTTCCCGCCATAGGCGCGGAACCAGGCGCCATTGCTGTTTTCTGTGAAGCGCAGGTCGCCGAGACGCTGGATGAGCGTATTGGTCTCCGCGTAGTTCAGCAGGTAATTTGCCGCAAAGGTGTTTATCGCGGCGGAGGCGGTGTTGCTGGATTCCGGTTTCGGTTCGGGTTCGTCAGGTTTGATGGGATCAGGCTTTCCCGGATCTACGGGCGCCAGCCCCGTACTGTAGAGCTCCCAGTAGTGTCCGTCCTGGCCGTCGTAGCGTCCTCTGCCGTCTTCATTGTTCCGCAGGCCGTACTGGAAGGCTCCAAGTTCGACGGTGTTTGTAAGGGAAAAGCTGCCGCCCTTGTCAGCCTTCTCGATCAGGGTGATGCGTTCGTTGCCGGTCGTCTCAAGCGAGCCGTCATTGACCACGGATACCTTGTGGTAGCCGTCTGTACTCCCCTCTACCACAAGTCGGTTGGCCAATTCGTTGACGCCGTCGGTCTTGAAGGTAAAGGTGCTGTAGAGATCGGGATTGGCCGGGGAGTGCGTCGTCAGAGAGCCGACGTGGAGTTCCGCAGCGAGCGGCGCGCCGCTCAGGTCAATATTTGTGCCGCTGCCGGCGGTGATTTTCGTCACGTCGGAGTCGCCCGTCACCCGCCAGTGCGTTCCTTTCATATCCAGGGTGATATTGCCGTCGCCCGCGAAGGCTCTGCCGGTAATGGCCGAGCCCTCGGTTGTCATAAGGTCGATGAGGCCGTTCTGCCCGGTCTTCATATCTCCTATGATCGCGAACCTGCCGCCCGCGGTCACGTCGCCGCCTGTGTCCAGCAGCGAGGTAATTTTGCCAGCCTCGGCGTAAAGCGCGTAGCTGTCCGCTCCGCTTGCCGAGATGGCTGCGCCGCCTTTGAATTCTATGGCGGTAGTATCGCCGGCCGTATAAGCGCCGTGCGAGCCGGTCCCCGACGTTGAGAGGAGTACACCGTCGCCGGCGTTGATCTTGCCGTTTTTCCCATAGTGATACCGGTAAATACTCTCCGTGGCGTTATATTCATTGCCAAATAGCGCGTGCGAGCCGTCGCCCTTCGTCTCTACCTTAGTGTTCGCGCCGATATCGACGGTGCTGTCTATGCCGGTCATATATACTCCGTGCGAGCCGTCCCCGGCGGTGGTGATATGCGAATTGGCTCCCAGCGAAATATTACCGGTCGTGTAATAGGCGCGCAGGCTGCCGTTATATTCCTGCTGGCGCGTGGCTATATGGATTCCGTGCGACTGGTCGCCTGCGGTGGCAATTATCGTATTGTTTCCTAAGGTGAGCCTGTTTTCCGCGGCGTATGAGGATGACGAGCCCGCGGCGCCGCCCATGTAGACGCCGGAGGAGTTGTTACCCAAACTTTGCAGCGTTGAGTTGCCGCCGATATCGACGTTGACATCCCTATAGTTGCCTATTTTCAATACGGCGGCATCGGCTCCTTTGGTCGTCCATACAGCCTTGCTTCCAATGGATGCGCGGCTTTCGTTGCCGTTTGTGTTGAGGACGTTCGCGCCTTTTCCGTTTGTCGTCCAGGCGGAGCCGCTGTCGACAGTCAGGCTGTTGCCGGTACCGGAGAAATATGCTCCGTGGGCGGTCTCTCCGTTTGTGTTGATCTTACTGTTCTGCCCGATATTGATCTCACCGCCGTTGCTTCCTGACAGATATATAGCGTAAGAACGGTTATAGGTGGTCTCTATATCCAGACCGCTGCCGATGTTCATTTTTGCGCCGTGGTTCGTCCTCAGTCCGAAGGCGTCGTTATATAACTGTCCCGTCCCCTGTTT
CP016757.1_gap31	1167927	1170473	2546	CTTATGGTAAAATATATAAGCTGAATTAAAAGCGGCGAATATCGCCGCTTTATTGTTGGAAAATATTTAAGGTTTCCGCTGATTATAAGCTCTATCCGGTGAAGAGGCCGAGTTTTGAACGGAGAGAAGGGGGCTTTTCTCTCCCGTTTTCGGGACGCGGAGAGATATCTGCGGCGCGGGCCCGCCGGCTTTACCGCCTGTTTATGTTTGTTTTAATCGGAGCCTTAATGACAGCTTACTGCTTTACGGTATAATCAACGCTTTCACATAGAGCGCCTCGGAGGTATATATATGGATCACAACTCGAAGCAGAGCAACCTTTTTGAGATCAACAAGGTCATAACTCTGCCGCTGGAAGAAGAGATAAAGCAAAGTTATCTCAATTACGCGATGAGCGTCATCGTCGGACGCGCCCTCCCGGACGCGCGCGACGGCCTGAAACCGGTACAAAGAAGAATACTCTACGCGATGCTTGAGCTGGGAGTGCGCCACAACCAGGCGTTTAAGAAGTCGGCGCGTATCGTCGGCGAAACGATGGGTAAATACCACCCCCACGGAGACGCGGCGATATATGATACGATGGCCCGCCTCTCGCAGGATTTCAGCATGCGTTACCAGCTTGTCGACGGCCAGGGAAACTTTGGCTCCATAGACGGCGATCCGCCCGCGGCGATGCGTTACACGGAGGCGCGTCTGCACGCCCTCGGCGAGGAGATGCTGACCGACATCAACGAAGAGACGGTCGACTGGGGACCGAACTTCGACGAATCTCTCGAAGAGCCGCTCGTCCTCCCCTCGCGCATTCCTAACCTGCTCGTAAACGGCAGCACCGGCATCGCCGTCGGTATGGCGACCAACATGCCGCCGCACAACCTCGGCGAGGCCGTAGACGTCTGCTGCGCGATCCTCGACAATCCCGAGGTGGAGCTTGGCGAGCTGATGGCCCTCATGCCCGGCCCCGACTTCCCGACGGGAGGCATAATCCTCGGACGCGAAGGGATCATCGACGCCTACCGCACCGGACGCGGAAGGCTTGTCGTCCGCGGGCGCGTCGATGTCGAGGAGGGCCGCAAGGGACGGAACTCGATCATCATCAGCGAGATACCCTACATGGTCAATAAGACCAATTTCATAGAGACGATTGCCAAGGGCGTACAGAGCGGTATGATAGACGGCATCTCCGACCTCCGCGACGAATCCGACCGCAACGGGATGCGTATCGTCGTTGAGCTCCAGCGCGACGCCGACCCGAACCTCGTGCTGCGCCAGCTTTATACGCGTACGCAGCTGCAAAGCACCTTCGGCGTGATAAACCTCGCGATAGTCAACGGCGAGACGCGGGAGCTGCCGCTCAAAGAGCTCGTGCAGATATTCCTCGACCACCGCCGTGAGGTCGTCCGCAGGCGCACCGAATTCCGCCTCCGCAAGGCGGAGGACCGCCGCCACATCGTTGAAGGCCTGCTGCGCGCCCTTGACGTCATCGACCAGGTCATCCACATCATCAGGAGTTCAGACACGGCGACGACGGCGAGGAACAACCTCATCGAGGAGCTTGGCTTCACCGAGATCCAGGCGCAGGCGATACTTGACATGCGCCTCCAGCGCCTCACGGGGCTGGAACGCGAAAAGCTCGACACCGAGCTGGCCCAGCTGCTCATGGATATCGAGCGCTACAACAGCATATTGTCCAGCCATCTGATCCTTGACTCCGTCGTCAAGGACGAGCTGATGGAGATAAGAAGAAACTACAGCGACAAACGCCGCACCGACATCGAAAACGCCGTCGGCGAAGTCGCGGACGAAGACCTCATCCCCGAAGAGGATATCGTCGTTGCCCTCTCTCGCGACGGCTACATCCGCCGTATGCCGCTGCAGGACTACCGCGTGCAGCAGCGCGGAGGCAAGGGAGTCAAGGGCGTCGCGACAAAGGCGGAGGACGAGATCGCGATCATCGCCACCACCACGACGCACAGGACGCTCTACCTCTTCACGAACAAGGGACGCGTCTTCGGCGTGCGCGGCTTCTCGCTGCCGGAGCCCAAGACCGGCAAGGGCAAGCTGGTGGGCACGATAATCACCCTCGAAAAGGAAGAGAAGGTCGTCGCGATAAAGGACAGCCATCTTGACGGGGCTAAGTTTATCTTCTTCGTTACGAAACAGGGGACGGCGAAGCGGCTTCCCGTCGAGGAACTCGACGGGCTCACAAGGGCCGGACGCCGCGTGCTCGGCCTCTCCGAGGGCGACGACATCGCCCGCGTCCGCACTACCAGCGGCACGGACGACCTGCTGCTCACCACGGCGCTGGGACAGACGCTGCGCGTCAGCGAAGAGGAATTCCGTCCGCTGGGCCGTCAGGCCCAGGGCGTGCGCGGCATACGCCTCGACGACGGCGACAGCGTAGTCGGCTGCGACGTCGTGGGCGACGGCCGCCAGGTGCTCTTCATCAGCGCACGCGGTATCGGCAAACGCACCGCCTATGACGAATTTACCCAGCACCATCGCGCCGGTTACGGCGTGCGCGCGATGAAGCTCTCGGAGAAGACAGG
CP016757.1_gap32	1323943	1325157	1214	GACCTATTCCGGCATCATGGACGGGGTGAGGGCCCTGTTCGCGGCGACTGATGAGGCTCAAAAAAGAGGCTGGGACGCGGGGCATTTTTCCTATAATCTGAAAAGCGGCGCCTGCGGGACCTGCGGCGGTACGGGGATCGTATCTCTCGATATCCAGTATCTGCCCGATATGGATCTGGTCTGTCCCGACTGCGGCGGCAGGAGGTATTCGCCGGAGACGCTTGAGGTCAGGTGGCAGGGGATGAGCGTCGCCGATGTGCTCGACCTCTCTGTGGACGAGGCCTGCGGGGTATTCAAAGATAACGGCCTCATCCGCGAAAAGCTGGAGTCGCTCGAGGGGCTTGGCCTCGGTTATCTGAAGCTGGGAGAGGCGACCTCCGCGCTCTCCGGCGGCGAGGCGCAGCGAATGAAGCTCGTATCGGAGCTGGGGCGTGACCAGCGGGGGACTCTTTTCGTCTTTGACGAGCCGACGACGGGGCTTCACCCGCAGGATATCCGCCGACTCCTGCAGATATTTGACCGGCTGATCGGGGCGGGGGGCACGGTCGTGGTCATTGAACATGACCTTGATATGATCGCCAACGCGGATTTTATCGTCGATATGGGCCCCGGCGGCGGGGAGGAGGGCGGTCGGATCGTCGCCTCTGGCGGCGCGAGGGATATATGTGGCAGTGAGGTGAGTTTAACGGGAAGGTATCTCAGAAGGTATGCGGAAAGTTATGGCGTCAGGTGGTGAGGTTGCCCTGACGGAATCTCCGCCGCAGATAAAGCCGCCGTCGTGGAAACCGGCGGCGGGAGTTTTATGGCGGCGCTGTTTGTGGTTTGCCGCTCCTGTAAGGTTTTAATTCGTTTTTACATGCGGGAGGCGGCGTCGAAGGCCAGCGGTGAGCGTTCGCATTCGTCGGGTTCCATCGACAGCTGAAAGCAGAGGGAGCTGCCCTTCATCTTTTCGCTGGCGTAGGAGAGGCCGTTTGTGCGTTCGTCGAGGAAGGGATGGTCTATCTGCTCCGGGTCGCCTACCATGACGATCTTCGTGCCTTTGCCGACGCGCGTGATGATGCCCTTTGCCTGTTTGGGCGTGAGGTTCTGCGCCTCGTCGATTATCAGGTATGTTTTGGTGATGGTGCGTCCGCGCACGAAGTTGAGCGCCTCGGCGGCGATATAGTCGCGCGCGAAAAGTTCCTCTATTTTGCCCGCAAGCTCATATTCGTCTT
CP016757.1_gap33	1386480	1390214	3734	GATATAGCTCATGAAGCTTCCGTTTTTACCATCAGAAAGGACAATATAATCATCGCCGAAGTTGTCGTTACGTCCAATGGCAGCCGTAGCTTTAAAAGTATTCCACTTTTTGCTAGCCTGGAAGCCGTCCGTACGGAAGTCACCAAAGATGGCATCGTTGTCAATGTAGAGTCCATAATCGCCTTCAAAGTCAACTGCGAAACGTCCAACGCGGAAGTCGATGTCATAGGGAAGCTTTGTGTTCACGAACATATGTGACCAGCGCATATGCTGCGTATCGCCACGCCCACCATTAGCAGAATTACCTGCCCCGTCAGCGCCTGTACGGTACTGAGCGTAGAAGTAGGTATTCTCACTGATCTGCTTTGTGAGGAACAGACGGAAACGCTCTTTTTCAAAGTCATTCTTTTTGTTGCTCTCGTTGAAGTAGTACATACCATTGTCGGTATCGTTGGCAAACTTAGCATCAAAGCGGAAATTACCACGAATTTTCCATCCGCCGATACCATCTTCAAGGACTGCTACTCTCTTGTCAAGTTTGTCGACCTTCACGCCGAGGGCATCGAGTTCGTCTTTGAATTCCATGACGAGCTTCTTGAGGAGTTCGAGATCCTGCTTGCTGGCCTTTTCAGCGTCTACCGCTACGAGGGCGCGCGCTACTACCGACGCCATCTCATAACGGGTCGCGGGCTGTGCACCTTTGAATGCTAAATAAGATATTTTTGTTTTTATTTCATGTGAAGTAGAGCCTTTTGGTAATCAAAATAACTAACTAATAGTATTAAAAATGTTAATTACATATGTAAATGTATACTAATTACTTCGTGCTGTTATACAGTGGTTACTCAAATACGCAGTTCTTAAAAGAGGCAATATATATGTTGGATAAACTTGATAAATTTTATCCACTATGTTATGCTATGCACAATACATTATATATAGAAGACATAGAAGAAAGAGGGGGGAGTTTCGATGATCATGACGCGGGAGACTGATTACGCGGTCCGTATTCTGCGGGCCTTATCGTGCGGTGAGCGTCTGACGGTGCGCCAGGTTTGCGATTCGGAGCTTGTTCCCGTGCAGTTTGCCTATAAGATTTTAAAGAAGCTTGCCTCCTGCGGTTATGTAGAAATATTTCGCGGACAGGAGGGCGGCTGCCGTCTGAAGGCAGATCTTAACGAGCTTTCATTATATGATCTTATGCGCTGTATCAACGAGGATATTTTTGTCAATGCCTGCATGGATTCCGAGTATGAATGTCCTTGGCGGCGTTCACACTGCGGCATGTGCCGTTTTCACAGCAGCCTTGAAGGGGTCCAGGGAGAGATCGAGGAGCTGCTGAAGCGTAACTATATCGGAAATATGCTGTAAAACAGAGTCTAATTTTTTTGTGTGTAAAGTGGATAAAAATTATCTAAATACACCGGTAAGGTGAGGGAGGAATTCTTATGAATCAGTGTTTTGGATGTAATACCTGTAAGAGCGCGGATAAGCCGCTTGAGTTATTTATTCGTTCTCTGCCGCTTGAGACGTCGCACCACCGTGTCGAGGGGCAGTCGGTGAAGTGCGGCTTTGGTTTGCAGGGGGTGTGCTGCCGCCTTTGCTCCAACGGTCCCTGCCGCGTGACGCCCAAGGCGCCGAAGGGCATCTGCGGCGCGACGGCGGACGTCATCGTTTCACGCAATTTTTTGCGCGCCGTCGCCTCCGGCTCGGGCTGTTATATCCATATCGTCGAGAACACGGCGCTTAATCTTAAGAATACCGCGCTGGCCAAAGGGCTGATCAAGGGAGAGAAGACGCTTGAGCGGCTCTGCGGGTTATTCGGCGTCACGGCGGCCGATAAGTACGGCAAGGCGCTTGCCGTTGCCGAGATGGTGCTCGCCGACCTTTATAAGCCGGAGTATGAAAAGATGGCGCTGGTGAAGAAGCTGGCTTACGAGCCGCGCTATGCCAACTGGGAGAAGCTGGGCATCCTTCCCGGCGGTGCGAACGCGGAGATCGTCAAGGGCGTTGTGAAGTGTTCGACTAATCTCAATTCCGATCCTGTCGATATGCTGCTTACATGTCTTAAGCTGGGGATTTCCACAGGGCTTTACGGTCTGACGCTCACGAATCTTTTGAACGACGTGATGCTCGGAGAGCCGGAGATACGCCTGGCGCCGGTCGGCCTTGGCGTGATTGACCCCGACTATATCAATATTATGATCACCGGCCACCAACATTCCTGTTTTTCCTATCTCCAGGACCGCCTCACCGATCCTGACGTCACGGCGAAGGCCGTCGCTGCGGGAGCTAAGGGGTTCCGTCTTGTAGGCTGTACCTGCGTGGGGCAGGATCTGCAGCTGCGCGGCGCGCATTACGAGGAGGTATTTGTCGGGCACGCCGGCAATAACTATACCTCGGAGGCGGTGCTCGCTACCGGCGCGATCGACGCGGTGCTCTCGGAGTTCAACTGCACGCTGCCCGGTATCGAGCCGATCTGCGAGGCGCTCAATATAAAACAGATATGTCTCGACGATGTGGCGAAGAAGTCAAACGCCGAGTATATGCCTTTTATCTTTGAAAGCCGCGAGTGCGACAGCGGCCGCATAATCGACGCCGTCATCGCCTCGTACCGGGCGCGCCGCGGAGAGGTCGCTCTGAACCTTCTGCCGGAGCACGGCAACCAAGATACGCTGACGGGCGTTTCGGAGGTCTCTCTCAAGGATTTTCTCGGCGGTAACTGGAAGCCGCTCATAGACCTTATCGTCTCCGGCGAGATCAAAGGTGTCGCCGGCGTCGTTGGCTGCTCAAATCTCACCTTCGGCGGTCATGACGTGCTGACGGTCGAATTGACGAAGGAGCTTATCAAGCGAGACATAATCGTGCTCTCCGCGGGCTGTTCGTCGGGCGGTCTTGAGAACTGCGGGCTGATGTCGCCGGCCGCCGCCGAGCTTGCGGGGCCGAAGCTTAAGGCGATATGTAAAAAGCTTGGCATTCCGCCGGTGTTAAACTTTGGTCCCTGCCTCGCGATCGGGCGGCTTGAGATCGTGGCGACGGAGCTTGCGGCGGCGATAGGCATCGACCTGCCGCAGATGCCGCTCGTCCTCTCCGCGCCGCAGTGGCTGGAGGAGCAGGCTCTTGCCGACGGAGCCTTCGGGCTTGCGCTCGGACTGCCGCTCCATCTTGGCGAGGCGCCCTTCATCACCGGCAGCAAGGTGGTGGTGGATGTGCTTACAGAGCAGATGAAATCTCTTACGGGAGGGCAGGTTATCATCGATCCCGACGCAGTGTCGGCGGCGGACAAGCTTGAGGGAATCATACTCGAGAAGCGGGCCGCGCTGGGGATCTGAGATGGAAAGGAGCGTGCGGCTATGAAACGTATCTTTATTGACGCCGATAAGTGCGACGGGTGCATGAACTGTTCTCTTGCGTGTATGAATGCCCACCGCAGGGACGGGATAGATAACATCTATTCCCTTGATTTGAACGACCCTGAGAATGAGAGCCGCAATTTTATTCTGCAGGACGGTGGGAAACATTACCGCCCGCTCTTCTGCCGCCACTGCGATGAGCCGATGTGTGTCGTGAGCTGCATGAGCGGCGCGATGCGTAAGAATCCTGAGACGGGGCTTGTCGAGTACGACGAGACAAAGTGCGGAGCCTGCTATATGTGCGTCATGAACTGCCCTTATGGCGTGCCGAAGCCCGATACCGCGACGCGCAGCGTTGTAATAAAGTGCGATTTCTGCGCC
CP016757.1_gap34	1435827	1439440	3613	GCCACAAGGTTTGCGCTGTAATGTCCGGTAGCTTCAAGTCCTGTCCTTATCTGAGAAGAGTCTGCGCTCTTTCCGGAAACAGCCGAAATGGCGGCAATGAGCTTTGAAAAACCTTCCTTGTCGTTCGAAAAGGAGAAAGACTCCCGCAGACACGTGCCAGAATCGCCAAGAATGCAGCAGTCATGCTTATCCTTGGCAACATCAATACCAACATAAATCAAGACCATCCCCACTTTCAAAAAGAAACAGCACGCTGGGAAACCACATACTTTTTACCAACGGATCCTCGTTATATATAAACCGTCGAAGCGGTATCTGACTAATCACCGGTCAAGTAAAAAGCTGTGGCTGGAGCCTTTAGGAAACCGTCTATGCGGTAGGAGGTTATACCAGCCCACAGCGTCTGTATGTTTTGTACAAGAACAATACTATGAAACGTGCTCTTGAACAACTAACTTATTATACGAGGAGGTAATGCTATGAGTTCTGTAATTATCTATGAGAAGAGGGACAAAGTTGCCTATATCACAATTAATCGTCCCGAAGTGTATAATGCACTCAATAACGAAACGAAGCATGAACTATTCCTGGCGATTAAGGATTATTCAAAAGACGATTCCCTGCGCTGCGCGGTATTGACAGGCGCAGGCAAAAATGCCTTTTGCGCCGGCCAAGACTTCAACGAAAGCCACGATATCAAGCCCGACAAAGCTAAGGAATGGATTGACTCATTCCTGCCATTCTATGATGAAATCAGAGGGCTTGAGAAACCGATAGTCTGTGTGGTTAACGGCGCGTGTGCCGGATCAGGTTTCCAGCTTCCTTTGCTTTGCGACATTCGCATTGCGACGCCAAATGCGCGTTTTGGTATGACGGAGATCGACGCAGGATTCCCCACAATCACCGGCAGCAGTCTCCTGTGGACAAACCTTGGAAAGAGCCTTACTGTAGATCTGTCTTTGACCGGACGTCTGATGAGTGCAGAGGAAGCTCTGCATCATGGTTTGATCTCAAAGATTATTCCTTGGGAAAAACTGGACGAAGAGGTTGCGGCGTATTGTGAAATGCTTTGCTCTAAGCCGCCGACGGCGATTCGCACGATGAAGAAGTGGTTCAATATGATTGAAGAGCCGCAGTATCGCGCCAGCTTCTATTACGCGGCGGAGGCTCATTTCCGTGGCTATGCATCGGGTGAACCTAAGATTTGGCAGGAACGCTTTATGGCTAAGCATAAGGCAAGAAAAGAGGCAAAGAGTAAAGATTGATGTCTGTTTATTTGTGTGAAGCCTTGTTATAACGGGCGGTATCTGTTATAGGTTGGGTATTTGCCCTTTTGTTGGCGGTTGTCATCGCTTGATGCAATGGCAGCCGCCTTTATGAGAGTTAGCCTAAATAACATGATGACTATTTTTTAAAAAAGGGTGACGGATTAATGGGTAAACCTTTGGATGGTATATTGGTAGTAGATTTTACGATATATTTCGCCGGCCCGTCTGCCGGAAAAATTTTAGCAGACTGGGGGGCAAATGTCATAAAGGTTGAGCCGTTAGAGGGAGAACCTGGGCGTTATTCAGGTGCGGTTATGGGATTGAGGGCGGACGATGGTTCCAACCCATATTGGGAGCTGTTAAACGGGGGAAAACGCACGATATCAATAAATATGAAGAGCACTGATGGACAAAAAATCATGGACCGCCTACTAGCGCGGGCTAATATTTTTATTTCTAACTGCCGGCTGCAGGCGTTATCTCGTCTAGGATTGGAATATGAAACAATGTCGGTCAAGCATCCTCACATTATCTGGGGTCACATATGCGGATATGGGCATAACGGAGATGAGTCTGGGAAACCTGGATTTGACGCTGCCGCATTTTGGTCTCGTTCTGGAGCGCTCTTGGATGTGGCGGATAAAGACGGCAATCCGCTGACTAATCCGTTTGCAATGGGGGATATAGCTACCGGCTGTTCACTTGCGGGCGGTGTTGCCGCCTGCCTTTATAAACAAGCGATGTCTGGACGGGGAGAAAAGGTGGTAACGTCGCTTTATGCGACAGGTATTTGGCATTCCGCATGTTTAGTCCAGTCAACATGGCATGGCGATGAATGGCCTAAAAGCCGCAGGCAGCCATTTAGCCCTCTGTACAACTCATTCCGCTGTAAAGACGGCAGGTGGCTGTATATATCTATTATGGAATATAAGCGTTACTTTAGTGTTCTTTGCCGTGTCGTTGGCAGGCCGGAGTTAATCGTTGATCCACGTTTTAACAATGAGCCGGTGCTGCGAGAACATTGTGCTGTTTTTACGAAAATACTGGATGAGGCTTTTATGGAAAAAGATTATGCGGAATGGGATCGTTTATTGATAGAGGCGGACATCGTACATGATCGTATCGGTCATTTCAAAGATGTGGCAAGTGATCCGCAGGCGTTAGCGAACAATTATGTCTACTTTACACATGACAGGGAAGGTACGGATGAATTGATCCCCGCAACCCCTGTGCAATTTGGCGAGTGGAACATGGAGCATAAGAACGCTCCACTGATGGGCGAAAATACAGATGAAATAATGACAGAACTAGGCTATTGCCAGGAGGATGTTGAGCATTTTAAAAAAGGCGGCGCTATTCGTTAGCCATTGCATATAAAAACTCTTACATTTCAGAGAGATTATTTGTCAGTCTGTACCTGTGTTGTCTTTTGTTTTTTCACAACCATTTCAGCACATTCTATAAAGGATTTTGTGGCAGGGGAAGCATCTGACAACAAAGGTACAGCCATTCCCAATGTGCGGTAACAATGCGGTGATAGTTCCCTTAAAACTACTCCGTCCTTTTCGTTTTCGGCAATTAGTCCAGGTACCAAGCAAACCCCCAAGTTTTGCCGCGCCATGCTTATCAGTGAATAATCAAAATTGGTGGTATAGACAACCCTTGGGGTTATCTGGGTTAGAATTTTTTCCACATCTAAATCTCGGCCCGTGGGGGCGACAAAATGTAGTATTGGAGCATTGTTGAGCATTTTAATCGGCAGTGGGTCGTACTCAGCCAACTGGTTTTCTGGCGACATTGCAGCATAAATAGGATCTTGCAGCAGTTCAATAAAATCATAGCTATGGTAATCCTGCTGACTTAAAAACGCGACGTCAATAGTGCCTTCATCAAGACATTTTTCCATATCGCTGCAATTGCCTTTCATTAGCGAGATGTCTATATTCGGATGTTGTTTGAGAAATTCTTTTAAAATCTCCGGCAGATAAAATAAAGTTACGCTTGTATAACTGCCTATGCGGATACTGCCCTGCGTCAGACCCTTAACCTGCATTATTTTGTGATTCATTTGATGATTAATATCTACTAAATCTGTAAAAAATTGTATCAACTGTTCTCCTTCTGGTGTCAGGGAGACGCCCGAATGACAACGTTTTAGCAGACGGAAGCCAACCTCTTTTTCTATCCCGTTTATAATGTGAGTTATTCCTGATTGAGTATAACCTAAGGATTCTGCAGCTTTCGTCAGGTTATTATGTTCTATAACTTTTAAAAATACCTGCAGCTTATTGATATCCATAAAAATCTCTCCTTATAAAAATCCTTTTCTTATTTTATACAAAAAT
CP016757.1_gap35	1499856	1503322	3466	TGACGCCGAGGGCAACCCCACAAAGGCGGCGCAGGGTTTCGCGCGCAGCAAGGGGGTCGAAGTCTCGGCGCTTAAGGTCGAGACCATCGGCGGCGCGGAGTACGTCGTGGCTGAGAAGCGCACCAGCGGGCAGCCTACGATGGAGGTCCTGCCCCAGCTCCTTGAAAAGATCATCCACCGCCTCTCCTTCCCGAAGAGCATGTACTGGGCCGACAAATCGGTGCGTTTCGCGCGTCCCGTGCGCTGGCTCGTGGCGCTCTACGGCGACCGTCCCGTCGATATATCATTCGGCGGCGTAAAGAGCGGCACCACCTCCAGAGGTCATCGCTTCATGGGAAGTGACTCCGTGCCGGTGAAAGACGCCGCCTCCTACGCGGCGGCGATGCGTGAAAATTTTGTCATTACCGATCCAGAAGAACGCAAGGCGATGATACTCGCCGGCGTCGCCGAGATCGAAAAAGAGCTTGGCGCTAAGGTCACCGTCGATCCCGAGCTGCTTGAGGAAAACGTGCATCTCAACGAATACCCGATACCCTTTTACGGCAGCTTTGACAAGGAGTTCCTCGACATCCCCGCAGAGGTTCTCATCCTCTCGATGGCCAAAAACCAGCGTTACTTCCCCGTTCACGACGCGAACGGCAAACTGATGGCCAACTTCATCGGCGTCAGCAACAACCGCGCGAAAGATATGAACGTCGTGCGGGAGGGCAACGAGCGCGTTCTGCGCGCGCGTCTCTACGACGCGGCCTTCTTCTGGAAAGAGGACCAGCAGAAGTCGCTCGACACCCGCGCCGAAGAGCTCAAGAACGTTACCTATCAGGAACAGCTGGGCTCGGTCTACGACAAGGTGCAGCGCATCAAGAAGCTCACCCTCTGGCTTGCGGACGAGCTCAGGAGCGACGTCGACCGGACAAAGCTCGCGCGCGCCTGCGACCTCGCGAAGGCCGACCTTGTCACGAACATGGTCTACGAATTTTCCGACGTGCAGGGAGTCATGGGACGCGAATACGCGCGTAAGGCCGGAGAGCCGGAAGAGGTCGCCCTCGCGCTCTACGAACAGTACCTGCCGAGATTCGCGGGAGACGAGCTGCCCTCGCATATAGCGGGCGCGCTGCTTGGCATCGGCGAGCGTCTCGATACGCTGACGGCGATATACAAAATAGGGCTCGAGCCGACCTCGTCGCAGGACCCCTACGGACTGCGCCGCGCGGCCAGGACCATCAACGAACTGATCTGGGGACTCTCCCTCGACATAGACATGGACAAGGCCCTCGAAATGGCGGCCGCGCAGCTTGAGCTTGCGCCGGAGCGTATCGAAAAGATGAAGGCCTTTATCGCCCTGCGCCAGCAGGTGCAGCTGCGTGAGAAGGGCTTCAGCCACGAAGCGGTTGCCCTCGCGATGCAGACCGTTCCCAGCCGTCCTTTGCAGATATACCGTCTGGCCGAGGTCCTGACCAAGGCGAGCGGCGAGGCGTGGTTCGCCGAACTCATCACGGCGGCGGTGCGCGTGAAAAATCTGCTCTCCAAGTCAGGGGAAGAGGCGGGCTCCGTCGATGCCGCGAAATTCACCTCAGAGGCGGAAAAGAATCTCTACGGAGAACTTGGCAAGCTGACGAAAGAGGCCAAGAGCGCCGTCGAACGCTGCGAATGGGATAAACTTGCCGCGACGATGGCGGAGCTGGCTCCGGTGATCGCCCAGTTCTTTAACGACGTGCTCGTGATGGACCCCGATCCCGCGGTGCGCGCGAACCGTATCGCGCTGCTTAAAGAATGCCAGGCCTTCTTTATGCAGATCGGAGATTTCAGTATATTGAAATAATAAGTTTTAAGCGTAAAGGGTGTTACAATAGCGGCAGTTTTTAAGAGGTAAAAAAACTGTTAAAACGCACTAAATTGTTGCGTTGACTGTTTTTATTCTCATTTCGAGGAGGTAGTAGCATGGTTGAAGCAAAAAAGTACATTTACGACTTCAGCGAAGGCAGCGCCGATATGAGGACGCTACTGGGCGGCAAAGGTGCAAACCTTGCCCAGATGTGGAAGATAGGACTTCCGGTACCGCCGGGATTCATCATTACCACCGAAGCTTGCCATAAATACTGGGAGGAAAAGGATTTCATCTCCAGCATTTGGAGCGACGTTGAGGCCGCGGTGGCGAGAGTGGAAGAGCTTGCCGGGAAAAAATTCGGCTCCTCGCAGAATCCCCTCCTTGTATCGGTACGCTCAGGAGCTCCCGTCTCGATGCCTGGGATGATGGACACGATCCTCAACCTCGGACTCAACGATGATACAGTCGCCGCCCTTGCCAAATCGGCGGGCGACGAAAGATTCGCCTATGACAGCTACCGCCGTTTCATTCAGATGTTCTCCGACGTCGTCCTTGAGGTAGACCTGGACAAATTTGAGGAACGCCTCGCGCAGGCGAGAGAGAACGCCGGAGTGAAAGAGGATTACAAAATCCCCGCCGAAGAGCTCAAAAAACTCGTCGTCGACTACAAGAAGATAGTTGAAGAGGCCGGACATACCTTCCCCTCAGATCCCTGGGTGCAGCTGCGTCTGGCGATAGACGCCGTCTTCCGCAGCTGGAATACGCCGCGCGCCATCACCTACCGCAAAATCAACAACATTCCCGCCGAATACGGCACGGCGGTTAACATCGTGACGATGGTATTCGGAAACCTTGGAGACGACTGCGGCACCGGCGTCTGCTTCACAAGAAGCCCCTCCAACGGAGAAAACAAACTCTTCGGAGAGTACCTCATCAACGCCCAGGGCGAAGATGTCGTCGCCGGTATCCGCACCCCTGTGCCCATCGCTTCGCTCGAAGCGGCGATGCCCGAGGTCTACAAAGAATTCCACCGTATCGCGAAGCTGCTTGAGACCCACTACCGCGACGCTCAGGATATAGAATTTACCGTTGAAAGAGGAAAACTCTACATCCTCCAGACCCGTAACGGGAAACGCACCGCGTCGGCCGCGGTGAGGATCGCGATGGATATGCTCCACGAGGGACTTATCGACGCCGAGACCGCGGTATCGCGCGTCGCGCCGGAACAGGTAGAACAGCTGCTTCACCCGCAGATCGACCCGAAGGCGAAACGTAATGTAATCGTCAAGGGGCTTCCCGCCTCGCCCGGCGCGGCGGTTGGCAGAGTGGTCTTTGACGCGGACGAGGCCGCCGAACGCGGCGGAAAGGGCGAAGCCGTCATCCTTGTCCGTCCCGAGACGACCCCTGACGACATCCACGGACTCTTCGCGGCGCAGGGCGTTCTCACGAGCCACGGCGGAATGACGAGCCACGCGGCCGTCGTTGCCCGCGGCCTTGGCAAGCCCTGCGTATCGGGCGCGGAATCGGTGAAGATCGACCTCGCGGGCGGAACCTTCACTGTCGGCGGCGTCACCGTAAAGAAAGACGACTTCCTTACCCTTGACGGAACCAACGGCGACGTCATTCTGGGAAAGATGGAGC
CP016757.1_gap36	1665699	1669384	3685	AAGACAAGGCGTCCGTTCAGGTCTATGAGGAAACATCCGGGCTGGCTCCGGGAGAACCCGTCGTCAGCACCGGCGAGCCGCTCAGCGTTGAGCTTGCGCCGGGACTCATAGAGGAATTCTTCGACGGGATACAGCGTCCCCTCGAAGCGATAGAACAAAAGGCTGAGAGCCCCTATATCCTTAGAGGCATCAGCGTTCCCGCTGTGAGCCGCACCCGCAAGTGGCCCTTTGAGCCCTGGCTCAAAGAGGGCGACGAAGTCGGCCCTGGGGACTTCATCGGCTCCGTTAAGGAGACGGTGCTTGTCGAGCACAAGATAATGGTCCCGCACCGCGTCAGCGGCAAGATAAAAGAGATAAAGAGCGGTGAGTTTACCGTCGACGAGACGATAGCGGTCGTAGTGGACGCCAAGGGCAGGGAACATGAGCTCAAGCTGCTCCAGCGCTGGCCCGTCCGCAGCCCGCGTCCTGTCGTCAAGCGCCTTCCGCCGGAGGTCCCCCTTACGACCGGACAGCGCGTCGTAGACACCTTCTTCCCGATCGCGCGCGGCGGCACCGCCTGCGTCCCCGGACCCTTCGGTTCCGGAAAGACGGTCATCCAGCACCAGCTCGCGAAGTGGGCCGACGCTGAAATAGTCGTCTATATCGGCTGCGGCGAGCGCGGGAACGAGATGACCGACGTTCTTCTCGAATTCCCGGAACTTGAAGACCCCCGTTCGGGACAGCCGCTTATGAAGAGGACGCTGCTTATCGCAAATACCTCAAATATGCCTGTCGCCGCCCGTGAGGCCTCTATCTATACCGGCATCACGATCGCGGAGTATTTCCGCGACATGGGTTATTCCGTGGCCCTTATGGCCGACTCCACCTCACGCTGGGCCGAGGCTCTTCGCGAGATGTCCGGACGCCTTGAGGAAATGCCCGGTGAAGAGGGATACCCCGCTTACCTCGGTACGCGTCTTGCCTCCTTCTACGAAAGGGCCGGACGTGCGATCTGCTTCGGCAAAGACGGCCGCGAGGGCGCGGTCTCCGTCATCGGAGCCGTTTCGCCTCCCGGCGGCGACCTTTCCGAGCCGGTAACTCAGAACACCCTCCGCGTCACCAAGGTCTTCTGGGGCCTTGACGCGCAGCTCGCCTACCAGCGCCACTTCCCGGCGATCAACTGGCTCAACAGCTACTCGCTCTACGCGCAGAAGCTCGGCGAATACTGGGACGGCTTCTACGACGGAGAGTGGAGCGTCTACCGCACAGAGGCGATGGCCCTGCTCGAAGACGAAGACAAGCTCAAAGAGATAGTCCGTCTCGTCGGCGTCGACGCCCTCTCAAAAGAGGAGCGCATGGTGCTCGAAACCTCTAAGTCGATTCGTGAGGACTTCCTCCACCAGAACTCCTTCCACGAGATAGACACCTACGCGTCGATGGACAAGCAGTTCAAGATGCTGCGCAACATCCTCACCTTCCATCAGCTTGGAATGCAGGTGCTGACGCGCGGCGGTTCGCTGCGTACCGTCATCGAGCTTCCGATACGCGACGAGATCGCGCGTATGCGTTATGTGGAAGAGACGGATATCGCGAAACTCGACGAACTTGAGACAAAGATAAAAGCCGAACTTGGCAAACTGCTTGCAATGGGAGGTGAGCACGATGAGGTTGCCTGAGAAATATAGAACCATATCCAACCTTTCGGGCCCGCTTATGATGGTCAACAAGGTGCAGGATGTAAGCTATGACGAACTTGCCGAGATCACCCTTGGGGACGGGGAACACCGCCGCGGACGCGTGCTCGAAATAGACCAGGACAGAGCCCTTGTCCAGGTCTACGAGGGAAGCAGCGGCATCGACGTCAATTCGACGGAGATCCGCTTCCTCGGAGACGTCCTTAAACTTCCCGTCTCGAAAGACATGCTCGGGCGTATATTCAACGGACGCGGAGACCCCATCGACGGCGGCGCCGCGATCATTCCCGAGGCCTATCTCGACGTAAACGGAAACCCGATGAACCCCTTCTCGCGTGACTTCCCCTCGGAATTCATTCAGACGGGAGTCTCGACGATAGACGGTATGAACCCGCTCGTCCGCGGACAGAAGCTGCCCATATTCTCGGGAAGCGGTATGCCGCACAACAAAATGGCGGCGCAGATCGCGCGCCAGGCGACGGTTATCAGCGGACACTCTGACTTCGCCGTCGTCTTCGCCGCGATGGGTATCACCTTTGAAGAGGCCTCCTTCTTCATGGAGGACTTCCGTAAGACCGGCGCCCTCGAGCGTACAGTTATGTACGTCAACCTTGCGGACGACCCCGCGATCGAGCGTATCTCCACGCCGCGTCTCGCGCTGACCGCCGCGGAGTACCTCGCCTTTGAAAAGGGAATGCACGTCCTCGTCATCCTCACCGACCTTACGAACTACTGCGAAGCTCTGCGAGAGATCTCGGCGGCGCGTAAGGAAGTCCCCGGACGCCGCGGTTATCCCGGATACCTCTACACGGACCTTGCGACCATGTACGAGCGCGCCGGACGCCTTCGCGGCAAAAAGGGCTCGATCACGCAGATACCGATCCTCACGATGCCCGAAGACGACAAGACCCACCCGATCCCCGACCTTACGGGATACATAACGGAGGGGCAGATTATACTTGCGCGTACTCTGCACCGCAAGGGTATCTATCCGCCGGTCGACGTCATGCCTTCGCTTTCGCGTCTTAAGGACAAGGGAATCGGCAAGGGCAAGACGCGCGAGGACCACGCGGACCTCATGAACCAGCTTTTCGCCGCCTACTCGCGCGGTAAAGAGGCCAAAGAACTTGCCGTCATCCTCGGCGAAGGCGCGCTCTCCGAAGAGGACAAGGCCTTCGCTAAGTTCGCCGACCAGTTTGAAGACCGCTATGTGCGTCAGGGTGAATATGAGAACCGTACCATCGAAGATACGCTGCTGCTCGGCTGGGAGCTTCTCACCATCGTTCCCGTCCGCGAATTGAAGCGTGTGAGAGACGAATACATAGAGAAATACCTGAAGCCGCTCGTCGCCGCGCAAGAGGATCTCGAACAGCTGGCAAAGCCGTAGGAAGGGGTGACCTCTGATGGCAAAGGCGCTTAATGTCAACCCCAATAGAATGGAGCTCTCGAGGCTCAAAAGGCTGCTCGTCGTCGCCAAGAGGGGACACAAGCTGCTCAAGGACAAGCAGGACGCCCTCGTAAAGGAATTCCTTGTCCGCGCGCGAGCCGTCTACGAGCTGCGCCAAGAGGTAGAGAGAGAGCTCAACGACTGCTACGGAGGCTTTCTCATGGCCCGCGCGCAGACGCTGCCGCAGATGCTGGAACAGACGCTGATGGCCGCCGGCGGCGACCTTCGGGTCGAGGTCGAGTACAAAAACGTGATGAGCGTACGCGTTCCGGAATATGTGCTTCCCGAACAGCGCGCCGAGCTTGGCTACGGCCTCGCGACATCGCCGGGCAGCCTCGACGTGGCACTTGAGAAGTTCCTCAAAGTGATGCCGAAGCTCGTCCACCTTGCGGCGGAGGAGAAGGCGGTGCGCTCGATGGCCCTCGAGATCGAGAGGACACGGCGCAGGGTCAACGCCCTGGAGCACGTCATGATCCCCTCCTACACCGAGGCGATCCGCTCCATCTCCATGAAGCTCGAAGAGATGGAACGCTCGACGCTGAGCAGGCTGATGGTCATCAAGGAG
CP016757.1_gap37	1679243	1680961	1718	GGGCCTTGAAATTGAAATAAAAACGCCGGAATCCCCGGAAAAGAAGAAGATAAAACTGCCCATATTAGGAGCTTACAATGTACTGAACGCGTTGCAGGCGCTGTCGCTCGCCTGGTCGATCGGCGTCTCCGCGCAGTCGGCTCTCGAGGCTCTGGAGAAGATGCCCCAGGTACCTGGCCGTCTTGAGCGCTACCGTTTTGATAACGGAGCCTCCTGCGTGATAGACTTCGCGCACAGCTCGGACGGGCTGGAGAAGGTTCTCAGCGCGGTTCGCCCGATATGCAGACGAAAGCTCTATGTCGTATTCGGCGCCGGCGGTGACCGTGATACCTCAAAGCGTCCCGTGATGGGAGAGATCGCCTCGCGTCTCGGCGATTTCGTCGTCGTCACCTCCGACAATCCGCGCAGCGAAGATCCCGCCTCAATCATGGCCGCGATCGAACCCGGCGTCAAAGAGCATGACACCCCCTACACGATGATCGCCGACCGCCGTCAGGCTATCTATTACGGGCTCGATCAGGCGGGTGCGGACGATATCGTCGTTATTGCCGGGCGTGGTCCCGAGACCCACCAGATATTAAAGGATGGGCCCATACCGCTCGTTGATAAGGAGATCATGGAGGACTGGTGCCGCCTGAGCGGAAAGAGGGTGATCTGATGGCCCTCTTCTGTGCCTCCGAGGGCGCCGCGCTCTGCGGCGGCCGGCTTTACGGACCGGACATAAAAATATCCCGCGGCTGGAAGTGCGACAGCCGGGAGATCAACCCCGGCGACGGTTTTGTCGCGCTAAAGGGGGCCGCCACCGACGGGCATCTTTATCTTCACCAGGCGATCGAGCGCGGCGCGAAGCTGCTGCTCGCAGAGGCCGCCGAGCTTGAGCGTCTCAACATCCGCGGCGAGGCCTATTCAGGCGTGAGCTTCATCGCCGTGGAGGATACGCAGCGGGCCCTCGCGTCCCTTGCTGAGGAGTACCTGCGGCGCGTCTCGCCGAGGGTCGCCGCGATCACCGGCAGCGTTGGGAAGACGACGACGCGGGAACTGACGGCCGCGGCGCTTAAAAATAGGTTCCGCGTGCACAGCGCGATCCGCAGCTTCAATACGCTGGTCGGCTGCAGCCTCACGATCCTCGCGATGGCCGAAGATACCGAGGTGCTGGTGCTTGAGCTGGGGACGAACCATTTCGGCGAGATAGAGGAGATGGTCAGTCACTTTCCGCCGGAGATCGCCGTCATCACCGAGGTAGCGCCCTGCCATCTTGAGGGTTTCGGCAGCCTTGAGGGGGTATTGCGGGCGAAATTGGAGATCTGCGGCAGCCCTAGGCTTGCCGCCGTGGTCTTCAATAATGACAACTGCCTCCTGGAAAACTATATGTCTTATAATTTTGATAACATTAATAAAATTGCCGTTGGCAGCGGAGAGGGAGCCTCGCTTACAATTAAAGAGGCGGAGGTCAGGCTTGACGAAAACGGCCCCCGGACCTCTGCCGTCCTTTGCAGGGAGGGGAAGGACATCTCTCTGTCCTGTTCGCTTTTCGGCATGCAGCACGCCTATAATATGGGCTATGCCTTCGCCGTCGCCTCGTGGCTCGGGCTCTCCGACGAAGAGGCTGCGGCCGGCATCGCGGAGATATCCCCGATATCAGGCCGCGGCCTCTGTAAGCGCAGCGCTTCGCGCGGCTGGGTGATAGACGAGGCTTATAACGCGAACCCCGCCTCGAT
CP016757.1_gap38	1681961	1684985	3024	GCGACGTCGGCGCGCATTTTCTCGCCGGTCTTCTGCTCTCGGTCTGCCTCAACTCCGGCGTCCTTATTTTCGTGATCCCGCTCGGTTTTTTCTTCGGGGTGGAGATTTTATCGGTAACGATCCAGATAATCGCTATACGGTGCTTCCACCGCAAGGTGTTCAAGATGAGCCCGATACACCATCACTTTGAGATGTCCGGCTGGAAAGAGACGCAGATAGTGACGCGCTTCTGGGTGATGCACATCATCGGTATCTGTCTTTTGATGAGCCTCTTATTTTATTTTGCACTTCGGAATTTTTGAGTTATGATATTAGATTAGATTTTTAAGATCTGGAAGGCTGTTGGTGAAGATGACGGAGAATATGCAGTTGGCTGGAAAAAGGATATCGGTGGTAGGCGCTGGCGTCAGCGGACGCGCGCTCGCCGAACTCGCCGCGGAGCTTGGCGCGGAGGTATTCGTCTCCGATATAAAGGAGCCGGATGCCGCGGCCGTCAAGGGCTTTGAGGAGAAGGGGATCAAGTGGGAAGGCTGCGGCAACACGGAACGTGTGCTTGAGGCCGATGAGATCGTCGTCAGCTCCGGCATTTCGCCCAAGGCTCCGATAATCGAGGCGGCGCGCGCGAAGGGGATCACGGTCACGGGCGAGCTGGATTTCGTCTCTCCGTACCTTTCGGGAATCGTGATCGGCGTCACCGGCAGCAACGGCAAGACGACGACCACCTCTATGATCGGCTATTTTCTGGAGCAGATGGGCTATTCCGTGATGACGGGCGGCAACATCGGCAACGCCGTGGCCCACGCCGCGGGAAAGGATTATGACTTTATCGTTCTTGAGCTCTCCAGCTTCCAGCTGCATTGGGCGAAGGAATTTATCTGCGACCTCGCCATAGTGACGAACCTTGCCCCCGACCATATAGACTGGCACGGCTCCTATGAAAATTATGTCGCGGCGAAGGCGAACCTGATAAACTGTCTCGCGCCGGGCGGTGCCGCGATCTATCAGGAGCGCGACGAAGAGGCGCTCGGGATTGAGAGGGAGGATGTCGAAAGGTATCCGCTCCGCTGGGGTGAAAAAGATCCCCACATGAAGGGGCTCTACCTTGACGGCGAAGTAAGGGCCGCCTGGATAAACGGCGGCGACTGCCGCATGAAGCACCGCCTTTTCCTTTTTGACGACGTCAAGCTGCTTGGAAACCACAACATTGAAAATACCGCGATGGCCCTTGGCGCGCTCGCGCTCTTCAATATTATGGACGTCCCGCCGTCGGTGATCGGCTCCTATGTGCCGCCGAAGCACCGCTGCGCCTTTGCCGGAAAGGTGCGCGGCGTGACCTTCGTCGACGATTCCAAGGGTACGAACGTCGCGGCGACCGTCACAGCGATGACCTCTCTTCCCGGCACTAAGGTCATAATTCTCGGGGGGCAGGGCAAAGGAGAAGACTATGCGCCGCTCGCCGAGGCTGTGAGGGAAAACACCCACGCGGCGGTGCTCCTCGGCTCCGAAAGGGAGAAGATTGCCGCGGCCCTGTCGGCGGCCGGCGTTACGGACTATAAAATCGCCGCCGATATGGAAGAGGCCGTCAAGACGGCCTACGGCCTGGCCGCCGAGGGCGACACGGTGCTGCTCTCACCGGCCTGTACGAGCTGGGATATGTATCCGAGCTACAATGTACGCGGAGATCATTTCTGCGCGATTGTAAAAGAGATAATCGCTTCGGAGGAATAAGAGAAAATGGAACCGAGGTTTGATGGCTCGCCGGACAACCGATATAAGGCCAACCCCTTTATATGGGTGATCCCGCTGATACTGAGCGGGATCGGCATACTGATGATAACCTCCACCACGAGCCCGACCTCGTTCCTGTACACCGGCACGCCCTTTCAGATGGGGATAAAGCAGCTCCAGTGGCTGGGGATTGCGATGCTGGGGATGTTCTTCGTCTATTCGGTGCCGGTGCGGATATGGTACCGTTTCTCCGGCCCGCTGCTGATCCTCATGTGGCTGCTGGCGTGGCTGCCCCTCGTCCCCGGAGTGGGCGAGGCCATCGGCGGCGCCAGAAGGTGGATAAGGCTGCCCGGGCTCGGCGTATCGCTGCAGCCGGGAGAGCTTCTCTGCCTCGCCGTCGCGCTGCACCTCGCGAAGCTGCTCTCGCGCGGCGCGGAGCGCGATCCGCTGAAAAGTTTCGTCAATACGGTGATCCTTGTCGTACTCGCCGTGCTGCCGCTGCTCGTGCAGCCAGACCTTGGCACGACGATCCTGATATTCACCGTTTCGATGGGTATGTATGTTGAAAAGGTCGGCTGGCGTTATCCGGTCATTGCCGGCGGCGTGCTGGGCGGAGTCATCTTTCCGCTGCTGATACTGCTTGAGCCCTACCGAATGAGACGCGTCACCGCCTTTCTCGACCCCTGGGCCGACCCTCTTAACAAGGGTTTTCAGGCGATACAGGGGCTGATCGCCTTTGCCAACGGCGGACTCTGGGGCTCCGGGCTAGGCCACGGATTCCAGAAGCTGAACTATCTGCCCGCCGCCTATACGGACTTTATCTATGCCGCTGTGGGAGAGGAGCTCGGCCTCATCGGTACTCTCTGTATTCTTGGACTCTTCGGCTTTTGGATAATGCAGACCAGGGCCAGCTATTTTCGGACCGAGGATCCCTTTAAATCTTCGCTGATCTGGGGGATTTCGCTGACGGTACTTTTGCCGCTCGTGATAAATGTCGCGGGAGTCACCAAGATGATACCGCTGACGGGAATGCCCCTGCCCTTTATCAGCTACGGAGGCACCTCGCTCGTTACCATGTGGTCGCGCGTCGGCCTGATGCTGAGGCTAGAAAAGGACAGTTGGCTGGAGGAGGGCGAAAATGGCTGAAAATGAAAAACGCAGGCTTTTGCTCGCGGCGGGCGGCACCGGCGGACATATCTGGCCGGCGCTCTCCTTCGGCAGTTGGATAAATGGGCGTCACCCGGAGTGCGAGGTCGGATATATTTGCGGCTCGCGGCCGCTTGAGCTGGAGATTTA
CP016757.1_gap39	1699315	1700726	1411	CGCGGCGAGCGCGTCGATACCGCGGGGCCTGAGCTTGAGCGCCTCGCCTTCGCGCAGGGCTGCGTCACCGAAGATAGAAAGATCGTTCCCGACGACCCGGAGGAGATCTGCGGCGCCGTCCGTGAATGGGCGGAGAGGGGGATCAGCCTCATCCTCACCACCGGCGGTACCGGCCTCTCGCCGCGCGACAACACGCCGGAGGCGCTGCTCTCCGTCGCCGACAAGGTCGTTCCCGGCTTTGGCGATATGATGCGCATCGAGACCCTGAAATATACGCCGCGCTCATTCCTCACACGCTCCGTAGCGGTGATAAAAGATCGTTCACTCATTATCGCCTTCCCCGGCAGCAAACGCGGAGCAGGGCAGTGTTTTGAGGCGGTCACCGGCGGCCTGCGCCACGCGGTTGAGACTCTGACCGGCGGCGCCACGGAATGCGGGAACCATCACCACAGCCACTAAAATTTTTCTGGGTAATGACGCTTCGGCAGATCCTCCCGCAAATGGCTGCCGGTCTGTAAATACGCGGACTGTCCGGCGAATGGATACAGCTCTGTCATTTTGCCGTCTATCCAGATTTTGAGCTTACGCAGAAAAGACTTGAAAGAGCCGCCGAAATGCCCAGCGGCTTTTCTGAAATATGCCGCCGTTCGAGGTTTTGGACGTTTTCGGTAAAGTGCTGAAAAATATAAACCCTACGCCGGACCTGCCCATGCGCGCGGGCTGCTTTTCTTGTGTTTGCCATGTATGGCTGACGCTGTCTAACTTTTTTTATAATTATATGATAATATAGATATGTATAGGATAATTTTAGCTTTTAACTGCGTAAAATTATTTTTGCAGCGTGAGGAGGCGGAAAGATGATTCAGATAAATCCATATACGCCCGGAGCCGGACTAATGCCTCGCTGCCTTGCCGGACGGGACGAGGTTCTTGAAAAGGCGGACGAAACTCTGGCAAGGGTGGCTGCCTGTTTTACCGCGCGTTCGGTCGTCTATTACGGACTGCGCGGCGTGGGCAAGACCGTGCTGCTGAATGAGATAGAAGAGCGTGCAAAGGATCTCGATGTTTTCTACGAACATATTGAGATAACGGAGCGGGGAAATTTCAAAAGCGCGGTTTCACTTTATACCAATAAACTGATGCGCAGAATGAGCGTTATCGAGATGGCTAAGCAGAGCGCCGGTAGAGCGTTCGGTGTTCTCAAGGCCTTTCACGCCACTTACAGCCCGGACGGGTCTGTCAATTTCGGCATAGAGGGGGCCGCTCCTCCCGCGGTCGGTGTATCCGATACGGGGGATTTTAAGAACGACCTTACCGAGCTTTTTACCGCCTTGGGGGCGCTTGCCGCGAAATCTGGGCATGGGGCTGCTTTTTTTATTGATGAAATACAGTACATGACAGAGGCTGATTT
CP016757.1_gap40	1772638	1773202	564	ACCGCTCGGCGGCGATAAGGTTAACCACGAGTCGCTCTATATGCCGGATGGTGAGATCACCGAGGCGATGACTAATAACTTCTTCCTCTGCAAGGATGGAAAGATCGTCACTGCGCCCGTGGGCAGGGTGCTTGACGGAGTAACGCGCAGTGTCGTGCTCACGCTCGCGCGGGAGAACGGTTTCTCCATCGAGGAGCGCTGTCCGCGCGAAGAGGAGCTGGCACAGGCCGACGAGGCCTTCATCACCGGCACCGTCAACGAAGTGCTCTCGGTCGTGCGCGTGGGCGATACCATGATCGGCTCCGGCCGCCCTGGCCCCGTCGCGGCGCATCTATACAGGCTCTTTCTCTCAAATATGGGGCGCTGGCTCAGCGCATAGAGGATAAAATAAAAGATAACTGATCTGAAAAAACGGGAGGCGGATATTTTCGCTCTCCCGTTTTTAATATTTTCGCCTGCCGCACTGCGAAATTCGTAAGATATACCTTATGCGGACAAACGCATCAATAGCAGGCGAAGCCGATAAATCGGGTGGCGAATAGATAAACAGCGATTTACCAAAGA
CP016757.1_gap41	1816908	1820701	3793	TAAAATCCGCGCCTTTGGTTACAAATGTCAGAGGCGCCGCCGTACCAAATGAAACTGCAATATCGATCTTCTCCGCTCTCAAGGCCGATAACGCATCAGTTGAATTTGAAAACGGCACCAGGTTAATATCAAATCCTTCTTCCTTTGCAAACCCCTTGTCGATGGCGATGAAACCAAGTATATTGCCGGTAGAAGGGTTATAGGCCAAGTTGATAGTGTTACTGGCAGCCATAGCCGTCCCCACTTGCAATACCACACCAAACACCAATGCCAGAAATACCTTGATGAACCTCATTACGGATGCCTCCTATATTAATTTAGTTTAGTTTCTATATCATTATTTAATATAGTAACTAATTGCTGCCTTAACGAACTAATCTTAGGATCGTTTAATAGCTGTTCGCGCGTACAAAAGCGTGCCTTATCCAGAACACACGAATATATGACCCTGCTCGGCTTTAGTCCAAAGACATAGATCTTTGTGGAAAGATAAAGAGCTTCTTCAACGTCGTGAGTAACAAAAAAAATAGTTTTCCGTGTTCCGCTGTCCTGGTTCCAAAGAGATAGAATCAGATTCTGCAGATGCGCCCTCGTTACGGCATCCAATGCCCCAAACGGCTCATCCATCAGCAGGATGGGAGGATCCAGCGCAAACGAGCGGCATATTGCGCAACGCTGCCGCATCCCTCCAGAAAGTTCATTGGGATATTTATTATAAACTGACTCATCGAGACCGACACGTTTTAGAAAAAACATGGCTCGTTCTTTCAAATCTTGTTTTGTTATATCGCGAAACTTTTGCTGCATGGAGAGTACAATGTTTTTACCGGACGTAAACCAGGGGAAGAGGCTGTAATCCTGAAAAACCACGCCTCTGTCCAGGCTTGCGCCGGTTACTACCTTGCCGTTGATTACGATAGAACCAGAGCTGGGAGCCGCTAGCCCTGCTAACAAACGGAGGAAAGTGCTTTTGCCACATCCGGATTGACCAAGCAGGCAGACAAAATCACCACGCTCTATATCCATATCGATATTATCTAAAATTTTTTCTTCTCCGTATGAAAAGTGGATATTTCTAATATTAATAAAAGGCATAATGGGCATTCCTGGCATAAAGAACAAGTAAAATATTAGTAAATAACGCAAAAGACAAAAAAATCACACCTTGTATCACTTTTTCATTTTCACAACATTATACAATAAGACTGTTTTTTATCTATGTTCTAACTGTCAATACTCGTTATTCAAATAAACGATAATATAAATGACATAAAATCATTTTAATATTATTCATAAGAATAATATTAAAGGTGTAATTTTATCATTTTTATTATATAGACCAAAAATATTTAAAAGGTCTCTTATAAAGAACAGTGAGTACCAAAATATGGCAGCGTCAGATAGTAATAGTTGTTGTTCGGGTCTTGTATATCTACGCATAAATAAAATATTCTGTGCAAATGTCGCTAATTACGTGCGCCGCTCTTTTTGGGCGACTGATGCCGCCAAGCACTAACATACTTTTGTATCTCTAACGGCGTGAGCAGTAGCTACTACGCCGCAAAAGAGCATGCACTTGGCGGCAGGGCGTGCTGTAGAACAATCTAATAAGAAAGTCAGATTACTTACGTTTGTTGAAGTTCCACTCGACAATTTGCCAAAGCGACGCCAATCAGGAGGGCGAGATTCCGAGCTATCTGGCTAAAGTCTCGTCTCTTTATGTTTGTATACCCATTTGATGCTACTCTCCTTTAATATTGCCACCGCCCTCCTACTCTGCTATACTTGTATAGCAGTAGATAGAGGAGGAATAAAAATGCTTGCTATCCGTCTTGACGAAAAAACAGAAAGCCGTCTCGAAGATTTGTCCAGCAAAACAGGGCGAACAAAAACTTGGTATGTTCGCAAAGCTATAGAGACTTATATTGACGACCTTGAGGATGCAGCTATCGCAGCCTCCGCCTACGAAGAATACCTTTTTGACGGCGGAAAATCTTCACCGTTGGAAGACGTCAGGCGTCGCCTTGGGCTGGAGGATTGAGCTTTCGCGGCAGGCAGAAAAAGAACTTGCCGCAATTAACAAACCCGACGCACTGCGCATCGCCAAATACCTCGCTGAGCTCGAAAAACTACAAGATCCAAGACTCCGCGGTAAGGCGCTCTCGGCAAACCTTTCCGGCCTCTGGCGCTACCGTATAGGTGACTGGCGTGTCTTATGTCGTATAGAGGATGGATGTCTCATCGTCCTCGTAGTGCAGATTGGACACCGAAGCACAGTCTACGGCTAATAGTAACCGGTTCACTGCTCTACTTGATAAAATATCGTCCGTGATTTCCAGTTTTATAGTCTTTCAGGATACATAGAGGAGACAGACATAGAAAAAGGGCTCAGTCGAAAACGGCTGAGCCCTTGAAGTATCTGGTCGGGATGGTCGGATTCGAACCGACGACCCCCTGCTCCCAAAGCAGGTGCGCTAACCAGGCTGCGCTACATCCCGAGTACTGGAAGATTATACCATGAGAATCAATTTAGGAAAGAGGCATTTTTATTTTAAGCGCCCGGTTCCATGTCCATTCCAGATTTTACCTCCTGTATCTGCGCAATGAGGGTCGCGAGGAAGAGCACCGCACAGCCGATCATTTCACGCTCGGAGAGGCGTTCACCGAGGACCAGATAACCGAAGATAGCGGCGAAGAGCGCCTCTGCGCTGAGTATGATACAGGTCGTCACTGGGCTTACATCCCTCTGCGCCGCCATCTGGAGCGTGTAGGAGATTCCGGTGCAGAAGAGCCCCGCATAGAATATCGGCAGCCATGAGGCCAGCAGCGGCGCTAACTTGGGAGCCTCAAAGAGGAGCATCGCTGCGGCGGAGAAGAGAGCCACCGTCCCGAACTGCACCGTCGAGAGCTTGACCGTATCGTAATACTTCGCAAAGCGGTCGCATATCATTATGTGGGCCGCCCAGAAAAGAGCGCTGGCAAGGATGAGGGCGTCCCCCATCTCGATCCGAAAATCTTCCTTGATCGAGAGCAGATAGAGCCCTACGGTGCTGAATATAATGGCAAAGGTCGTCAGCTTGGAGGGAATTTTTTTCATGAAGAGGCCGTAAACGGGAACGATCACGATATACATCGCCGTAATAAAGGCGGCCTTGCCGGCCGTCGTATAGAGCAGCCCTATCTGCTGCAGGCCGGAGGCGATAAAAAGCGCGCTTCCGCAGAGGACGCCGCTCCGGAAACAGCCGCGCCAGTCCGATATGACGGCGGGGTTTCCGCCTGCCCCTGCGCCTCTGCGCCGGTCCATAAGCAGGGCTAAGGGGACCAGGAAGAGGAGCGCGACCACATATCTCGCCGTGCAAAAGGTGAACGGCCCGATAAACTCCATTCCCAGTATCTGGGCGACAAAGGAGGTGCCCCAAATCAACGAGGCCGTTGAAAGCATCATTACAGAGAACATGCGGCGGTTATTCATCTATATCTCCAACCAGATAAAATTTCATCGCCGCCGTTACAGGCGGCATGCGGGAGCATTATACATCATCCGTCAGTTATTTTCGACGATATTTATCTCGGCTGGCGTCAGTCCGTAGAGCCTGTAGACGGCCCTGTTCAGCTCCTTCTCCGTCTGAAGCGTCTCGCCGTCCGGGCGGCCGTACTTTGCAGGCGGGTTAAGCGCGTATATGCGCGAAAGCTTTTCGCCGTAGGCGGTTATTTCCGCCCGAAGACGGCGCTGGGAGGCGTTTGCGGGGTTCATCCCTCTGACCGGCAGCTCCGCAAGCGTCGAAGGACGCAG
CP016757.1_gap42	1829059	1832890	3831	GAAGAAAACGTTAGAAAAGGTCAAAAAGTTATTACCCTTTATCGGGATCATGCTCTTTGCCTTTGCCATATATACTCTGCATAAAGAACTTGCGCATATGTCCTTCCGTGATCTGCGGAAGGCCTTTGCCCTGATACCGATTTCGGGGGTGTTTTTCGGATTATTGGTCGCGGCGGTGAATTATGTAATTCTCTCCTTTAACGACATGTATTCTGCTCATGAGATAGGCGTAAGGCTCCCCTACCCCAAGGTTGGCGTGATCTCCTTTGTAAGCAATGCCATCGGCTTCAACCTTGGAGCCTCCGCCATCTCCGGCGGGGCGGTCAGATATCGTCTCTTTTCCACTCTTGGACTGGACGGCGGGCAGGTGGGGCATATCGTGGCGCTCAACCAGATATCGCTCTTCTTTGGCCCCTGTCTGGTCGCCGCACCGGCCTTTTTCTTCGCCCCGGACACGATCTTTGCGCACTTTGGATGGCCGCAGTATGTCCGCTATCTCATCGCCCTCTGCTGCGCCCTGGCTCCGGCCCTCGCCCTTTGCGCTGGCGCGGCCGCCGCGCACGGACATGTTTTTGCCGTCAAGGGGATAAAGATTTCTCTGCCGCGTCCGCGCGCGCTGCTTTTCAAGTTTATGATAGGTTTTCTTGACGTTACTACGGCATCCCTTGTGCTCTACTCCGTGCTGCCAGATCACAGCGCGCCGCTTCTTATTTTCGTCTCGGCCTTTGTCGTTTCTATGATGGCCGGAACGCTGAGCCAGGTACCGGGAGGTCTGGGGGTATTCGACGTTACGCTGATAATGCTGCTTTCGCCGTTTTACCGTCACGCCGATATGCTGAGCGCAATCCTCCTCTATAGGTTTATCTATTATATAATCCCATTTGTCTGCGCGACGGTGATACTCTTTGCGGTCGAATTGAGCGGAAGGCTCTCCCGCTACTTCGGCAGACTGGAGGCTTTTCTTCCCGACGCCGCCGCAGTATGGACCTTCATGGCCGGCATCTGGCTGCTTCTCTCCACCGCCGCGCCGATCTTCAGCGGCGGCTGGAGCAGGCTGGGGGCCCTGCTGCCCCTGCCTCTGTTTGAGGCCTCGCACTTTATCAAGAGCGTGGCCGGCACCTTCCTCCTCTTCCTGGCCTGGGGGCTCGCAAAGCGGCTCAAATCGGCGTGGACGGTGACTCTGCTGACTCTCTCCGTGTCGCTGATATTTTCGCTGCCAAACGATATCACTCCCTTCCGGGATTCATTTTTCCTGCTGCTGCTGATCGTGCTTCTCTTTTCACGGCGCAGCTTTTACCGGCTCTCCTTTTTCTCCGCACCTGACTTGAAATGGAGCATGGCAATCCTCGCCGCTGTCGGAGCCGTCATTTGGTGGGGATTTTTTGCCTATCGCCACGTCGAGTATGCGAATGACCTCTGGTGGACCTTCGCCTTTGATTCAGCAGCCCCCCGTTTTCTGCGCGCCGCCGCAGGAATGTCCTTCGCCGCGCTGCTGATATTCCTCTTGCTCTGGCTGCGGCCGTCGCGTCCAGCCATCGCGCAGCCCTCTGCCGCCGAAGTAAAGGCGCTTGTCGCCGGTTCCTACGCGTCGGACGCCGCCCTGGCGCTGCTTGGAGATAAAAAGTTTTTTATGTCGCAGGACAGGAAATCCGCGGTCATCTATTCTCCCGCAGGCTCTTTCTGGATCTCTATGGGAGATCCCATCGGCAAAAAGGAGGGCATGGCCGAGCTTATCTGGGACTTCTGTGAAGAGGCGGACCGCCGCGGCGCAAACGCCGCCTTTTACGAGGCTGGCAGTGAATGGCTTGAAGTTTACCGCGACGCCGGACTTAACGCCGCGCCGATCGGCGAAGACGCCCGCGTGGATATCTCCACGATCACCAGCTCGCTGGACGGGGCGCGGTGGAGAAAGATCCGCAGCATAAAAAAGCATATGGAGGGCGAGGAGCTCACCTACAGCCTTATCAACGGCGATAAGCGTGATAAGATGCTGCCGAAGCTGCGTGGAATATCAGATGAATGGCTCAGAAAGGTATACGGCACGGAAAAGGGCTTCTCTCTCGGTTTCTTTGATGAGGACTATCTGAAAAATTTCCCGATAGCAGTTGCTTTGAAGGAAGGGGAACCGCTTGCCTTCTGCAGCCTGTGGCTTGGCGGCGGCGACGAATTTTCCGTAGATTTGATGAGATATACCGACGGCGCCCCGCGTGACATTATGAGTTGGCTCTTTATTGAGACGATGATCTGGGGCTGCGGTCATGGCTATAAATATTTCCGCCTCGGCATGGCCCCTCTCTCAAACCTTGACCCGCAGAATTCTCTCTGGGAGCGCATGGGCAACTTTATCTACCAGCACGGGGAACATTTCTACAATTTTAAGGGGCTGAGGCAGTATAAGGAAAAATTCCAGCCTGAGTGGCAGCCGCGCTACATAGTCTATAAAGACAGGGCGGCCCTGCCGCTGCTTGCCTCACAGCTGGTAAGGCTGATATCAAAGAAACACGCCGCCGGCGGCAGATAAGATAACGTGGCCGCTGCCTCCCTTTACTGTGTGGCAAACGTATCAATAAACGCCGATTTGGCTTTGTTAGGGAAAAAGATAAATCGTAATTTATCGTTTTCCCTACCCGAAGGAAATCGGCGTTTAGAAGTGCGAATAACGAAATGATTGGGGGTTTGGTAAGCGGAGGCGCACTAAAGTGCGGTGAGCATTACCAAGCCCCCAGTCATGAAGTTAGTCGTGCTTATAAACGCCGATTTATCGTATTAATGCGTTTGCCATACACCGCGATGCGGAGTGCGGTGCGCGGCGTCGAATAATTGAGTATAATAATTAGATATGACTGACCGCATGGAGGAATTGATTTGTCGTTCGGACCGGAACTGATATGGATTTGGAGCAGGGAACTTGGCGTCTGCCGCGGCAGGCGTGTGCAGCGGGTGGACGGCGGTAACAATTCCGTTGTGATCTCATTCGGCGCGTCGGAGCTGCTTTTGTCGTGGGGAGCACAGAATTGCGGCGTGGTTTTGATCTCGCAGAAGGAGCGAAAGTCGCTCCTCTCCTCCGTAACGCAGACGCCACCGATAACGAACGCGCTGCGCAGCCACCTGACAGGAGCCGAACTTACCGCCGTCGAACAGCTGCGCCGCGACCGCATATTAAAATTTACCTTTCAGAAAACAGTTGGCGCGGGCTTCATCGCCAAGCGTTGTCTTATAATTGAGATAATGGAACGTTTTAGTAATATTCTTCTCACTGATGAGGAAGAAAATATTATCGAGACCGCCAAACACATTCATCCCGCGGACAACAGTTTCCGCACAGTCCTGCCGGGGCTCCCCTACCATCTGCCGCCGGCCTTCGAGGGGGTTGCGCTTGAAGATTGGCTTGCCGCGCCGGACGAAGCGTCCATTCAGAGGATCGCCGGGTTTGGGAAGCCGCTGCTTAAGGCCCTCTCCGAAGCCGGAGCAGAAAGGGCCGTCGGCTTATTGGGCCGTTTTTATAACGACGGCGACATCTCTCATTTCATTCCACAAAAGCTGGGCCGGTATGTCACCTCTCTGCCGGAGTTGCTGCCTGAGGCTGTGCCGCTCGGCGAAGCCTGCACCGGCAGGCTGATCGCGCTTGCTCCTCTGCGCGACGTCGCCTTTGAGGCGCGCCGCAGGCGTGCCGTCCAGCTCATTGAGAAAGAGATCATACGCAGGGAACGCCAACAGGCGGATATAGAGGCGCTGCTCTCCGACAGCCGCGCGGAGCTTTACCGCCGGTATGGAGAGCTGATCGTCGTGAATCTCTGGCAGATACGGCATAACGCCTCCGAGGTCGAGCTT
CP016757.1_gap43	1870396	1872553	2157	CGAGTCGAGACCGTCCTGGAAAACGCACGGCTGCGCGCAGAAATGCGGGCGACCGAGGGCCGGAACGAGATCATAAAAGAGGCGTTTTTCGACTACCTGACCGGGATCTATAACAGGCGGGGCTTTGAAACTACCCTGCGCGCCGGAGATTTTTCCGATAAAGAGATGCTCCACGCCTTCTATATGCTGGATATGGACAATCTGAAAATGTATAACGATACCAGGGGACACAGCTGGGGAGACAGCGCGATAAAGGCCTTTGCCTACGCATTGAAAGAGAACCTTCGCACATACGACATCGCGGCCCGTATTGGCGGAGATGAGTTCGTCGTTCTGCTCAAAAATCTGCCCTCCAAAGAGACGGCGCTCCAACGCGGCAGCGATTTTTGCACGAAGGTATGCCAGTCCGGTTTTGAGGACCCCATATCATGTTCAGTGGGACTTACAGTCTTCAAAGGCGAGCCGAATATGAAGAGGCTGATGGAAGAGGCAGACGCGGCGCTCTACGCGGCCAAAAGAAGAGGCAGGCACTGCTGCTGCATATGGGACGAGGCCACGATGAAGATACCGTACACATCAGAGGAAACGGAAAAGAGACGATTTGACAATGAACGGTAAATATTCCGCACTTAAGCTGCTGGAACGCCTTTGCGGAGCGCTCTTTAACAGCGGAGATATGACAGCGGCAGCGCTATCTCTCTCAAAAGACTTCGAGCTGGTAATTGATGGAACGACGACGGAGGGCTCGGACGATTCTCTCCGCGCCCTGGCCGCTTTCGCCAAGGAGTCCTTCCCCGCCGTCGTCTCCTTTAAGGATGAAATGGAAACAAACGAGGGCGGGTCCGCCTTTCTTAAAGCTGTAAGCGGTGAAACATCGTTTTTACTGGCGGCCACGGCAAACGGCGGTAAACTTTTGTCTCTGGAGGTAAGACGTTCGTGCCCTGCCGCACCGTGCGGCGCGGAAAATACCGAGCTATTTCAAGAGGTATTGGCCCAGTCGGATATCGCGGTCATCGTCTGTGACGCGGAGAGCTATGAGATACTATATGTCAATGACGCCGCCTACAAAATGGCCGGAAAAGAACCAGGCGGCTATCGGGGCAAAAAATGTTATGATTATATGCTGGACGAGGCCTCGCCCTGCAGCTTCTGTACCGTTGGGCTGTTTACCGCCAACGCGATCACCAAAAGCGAACTTTACCTCGAAAAATTGGGAAGATATTTTTCCGTCAGCGGAAAAAAGCTGAATTGGCGCGGGAGAGAGGCCTTTGTCGAGTATTTTTATGATATAACGGATGAGAGAATGGCAAGGCTGGAGATGGATTCCGTATACAAGAACCTCCGCATAAGCCTGGACGAGATCTCGCTGATATATAACTCAATCCCGGGCGCGGCGTTCAGATGCCGCTTTGACGATCGGTGGACGATCATATCCGCCAACGACGGCCTGTTTAAATTCCTCGGCTACACGCGGGAGGAGTTTATGCAGATGGGCAACAGTATAGCAGCCGTTATCTATCCCAAAGACGGCGCGGCGATACACGATAAGATACGCTCCCAGCTCGCCGGCGGCAGCACGACGATCGTGACCGAGAACCGCCTGGTCTGCAAAGACGGCAGCGTCAAGTGGATACACCTGCGCGGCGAGCTGATGAAAGATGAGAACGGCGAGGAATTTTTCTTCTGCGTTTTTGTCGATATCACTCAGCAGAAACAGGCGGAAGATGAGCTTGAAGAGAGCAGGATCAAGCTTGCGGCGGCGATCAATCACGCGGGGCTCGAATATTGGGAATATGACATCGCCGCAGACAAAGCTTACATCCGTGACTTTTCACATTCTATCCATAAATTACCGGCAGTAATAGAGAATTTTCCGGAGAAACTCATTGAAAACGGCTTTATCCATGAGGACGACTGCGAAAAATACCGTGAAATGCACACAAAAATGAAGGCCGGGGAGAAAGACGTCGTCCACGATTTAAGGGTTCGCGCAGCCGGCGGGAGCGAATATAAATGGATGAGGGTGCATTACACTAACATCTTCGATAAACAGGGCACGCCCTTAAGGTCGGTCGCCACCGCGCTTTCGCTTGATGAGTACAAAGATCTGGAAGAGCAGTTTAAAGTCGCCGCCTCACAGTCCGGAATGACCGTCTG
CP016757.1_gap44	1874724	1879399	4675	TAATGACCGCCTACGACTGGTCGTCGATAGAGCACGAGGCAAAGCTGGCCGGCGTCAACCTCCTTATGGGCAAGCCCATCTATAAAAGCTCCCTCATCTCCGCCTTTGAGAGAGCCCTGGGTGAAAAAGAGGTTATAAAAGCCGTGCGGACGGAGGACTTTAATTTCCGCGGACACCGTCTGCTTCTGGCGGAAGATCATCCTCTGAACGTCGAAGTGGCGAAAAAACTGCTCGAAGGAAAGGGCTTCGCCGTCGAACATGCGGAAAACGGTCTGCGGGCCATTGAGCTGTTCAGCAAATCGGCGCCGGGTTGGTACGACGCCATACTGATGGACATCCGCATGCCGCTGATGGACGGCCTGCAGGCGGCGAACAACATCCGCCACCTGAGCAATACCGACGCGAAGAGCATCCCCATTATCGCGATGACGGCAAACGCCTTTGAGTCCGACATCGAAGACAGCCGCCGGGCGGGAATGAACGCGCACCTCGCAAAACCGATAGAGCCGGAGCAGCTCTTCCGCACGCTCTACAATCTCATCCGCGGTACAAATGAGTCTTAACCCCTTGAAATATACTGGGGATTTTATCAGAATATAAGAAACAGGCCATAAATTTATGGCGTCAAGTTTATAGTAAAAAGGAGACACACTTACATGAAAAAACTGCAACTTAACGCGGTGATAACTGCCCTGATAATATGCTGTACCTCGGCGGCGGGCGCAGCGGAGCGGGTCGTGCCCTTTCCGCCGGAGCTGGATACCAAGTCAGCTGGCGCCTCTTCCTATAACGCCGCAGGCGATGTTAAGGATTCCCCATATTTTCCGTCAAAGGATTACTTCACATTAACAAGCAGCAACAAGGGCCTCACTATACTGAGCGGCTTCCCCACCTACCAGCAGACGACGGAGGTCACCTGCGGACCGGCCGCCGCCCTCACGGTGCTCTATTACTTCGGGAACAAAAAGTATGACGAGCATATGCTCTCCATCCTTATGGACACGCTGCACGAACCTAAGAAGGGCGGCGAAATGGGTACCTCGACCTCCGGCATGGTAAAGTTCTTCAAGTCCATCGGCTGGAAGGTGGCCTCAAGTCTGGACCGCCCTCAGGGCAAGAGCTATGACTTTGAAAATCCTCAGCAGTTCAAAGACTTTGTCCTCAAGAACCTTAAAGAGGGCGTGCCGGTGATGGTTGAAAATATGTACTGGGGCGGACATTGGCGCGTCATCATCGGTTACGATACGATGGGCACGGAAAAGACCACCGATGATGTGATCATCTTTATGGACAGCTACGACGTGCTCGACCACCGCCAGGACGGCTACGCCGTACAGGCCGCAGAGGGCTTCTTCTACACGTGGAAGGATATGGAATATCTGCCGAAGGGTGAACGTGTGCAGCAGTGGCTCACAGCCCGTCCATAAGCCATCTGCAAAACTGACGCAGCCTCCGCGCATTGACCGGCGCGGAGGCTTTTTCATTTATACGGCACCCGTCTTATCCATGTGATATTGAAACTAAAAAAAAGAGGCCTCCTCGGAAGGAAGCCTCTCTTGATATTCTATGGCTTTTGCCGCGAAGTTACTTCTTCGCCGCTACCGCCTCAGACATCATCTTGTAGCCCTCGTCGAAGGCCTTTTCATTGAGCTCTTCGGTTCCCTTGGGAACGCGGGCAAGGATAGCATCCTTGATCGCCTGGGGCTTTGTCAGTCCCTTGTCCTCAAGCACCTTCGCCGCCGTACCGAGCGCCACCATGTTGACAACGATCTCGCGTCCAAGCTTCTCACGCGCCGTTCTGACGATGGGGAGCATGTAGACTTCGGCGTCAAGCTTCGGGGGGTCCGTCACAAAGAAGTCGTCGAGGATGACTGTCGCGCCCTTCGCCGTATCATGGCTGTAGGTGTCGCACGCCTTCTGTGTGAGGATGACCTGAAGGTTGGGATGGGCAGCCTTCGGATAGTCTATTTCGCCGCGGTCGTAAACAACTTCCGACTTGGAAGCGCCGCCGCGGGCCTCAGGGCCGTAAGCCTGGCTCTGTACTGAATTGAGGCCCTCTGTACGGAGTGCAGCCGCCTCACCCAGGATCACTGCGGCGAGAATGACTCCCTGTCCGCCGGATCCAGCAACGCGAATTTCAAAACGATCGCCCATGATCCGTACCTCCTATGCCTTTCCCTGCGCGCGCGCGATGACGTCGTTGTAACGGTCCGTGTACTCGCGGGCGTTCTCTATGTTGACGAATTCGCCGACAACGATCTTGCCCTCAAGCTCCTCGGGCGTCATCTTGTCAGCCTGCGCCTTGAGGACAGTATGCTCCTTGAGGAACTTAATGTTGTCCGTCGGGCGGCTGCGCTTGTTCTTGCGGCCAAACTGCGTGTGGCAGAACGAGATGATCTCGACGAGCGCAAAACCCTTCTTCTGATGTTCGATCGCCTTTTTCAGTATCTGCTCGCACATCACGGGGTTGGCGACTGTCGCGCGGGCGACATAGGTCGCGCCGGCGCCGGCTGCCAGTTTGCAGATGTCGAACGTCGGGTCGATTGATCCATAGGGGGCCGTTGCGGCGAAGGCGCCTTCCGGCGTCGTCGGCGAGGCCTGTCCGCCGGTCATACCGTAGATGTTGTTGTTCATCAGAACGGCGGTGATACCGATATTGCGGCGGCAGGCATGGATGAAGTGGTTGCCGCCGATCGCGGTGCCGTCACCGTCGCCCATGACGTTGACGATCGTGAGTTCGGGGTTGGCCAGCTTGACACCCGTCGCGAAGGCGAGTGAACGGCCGTGCGCCGTGTGGAGCGTGCAGGCGTCGATATAGCCGGGCATACGGCTTGAGCAGCCGATACCTGATGAGATACAGACCTTTTCCTTCGGGATGTTCAGGTCTGAAATGGCGCGGAGGATGGAGTGCATGATAATTCCGTGTCCGCAGCCAGGGCACCAGATATGGGGCATGAACTTAGTGCGCAGAAGTTTCTTTACATCTTCGCGTGGCATAGTTACGCCACCTCCTTGATGAAGGACATAATCTCAGCCGGCTTGTAGAGTTCGCCGTTGATAAGGCTCTTACTGTGTACTTCGCAGTTGGCCTTGACGGCTCTCTCGACTTCCAGCACCATCTGTCCGGCATTGAGTTCCGGAACGATGATGTGCTTTACTCTCTTCGAGAACGCGGCTATTTCTTTATCCGGGAAGGGCCAGAGTGTGATCGGACGGAAATGTCCGACCTTGACTCCCTGCTCGCGGAGCTCGCGGATCGCGCGGAGCGAGGAACGGGAGACGGAGCCGTATGATACGACCACGATCTCGGCGTCTTCCATGAAATCTTCTCTGTATTCAACGATCTCGTCGCGGCAGCGGTCAACCTTGCGGATGATGCGGTTAGCCTTGAGGTCGATGTCGGGAGCGTCGTTTGTCGGGAAGCCCCACTCATTGGTGGTGAGACCCGTCACATGCCAGCGATAGCCGTCGCCGAAGGCGGGCATCGGAGGAACGTCGTCGGCATCGGGGCGATAGGGCACGAAATCGTCGGGCGCTACGGTCGGCTTCTTGCGGTCTACGACCTCATAGCTCCCGGGTTCGGGGATGACGATCTTCTCGCGCATGTGTCCAATGACCTCATCAGCCATGACGAGTACCGGCTGACGGAAGCGTTCGGCCATGTTGAAGGCCTTGATCGTGATCGTGTAGCACTCCTGAATTGAGCAGGGGGCGTAGGCGATCGTTGCGTGGTCGCCGTGTGTTCCCCACTTGGCCTGCATTACGTCAGCCTGGGAAACCTTCGTGGGAAGCCCGGTCGAGGGACCGCCGCGCTGGATGTCGGCGAGAACCATCGGGATCTCCGCGATATATCCATAACCGAGAAGCTCCTGTTTGAGGGAAATTCCGGGGCCTGAGCTCGCCGTCATCGCCTTAAGGCCTGCTATCGAGGCGCCAAGGGTAGCGGCGATTCCGCCGATCTCGTCCTCCATCTGGACGAACTTTCCGCCCAGCTTCGGGAGCTCTTCGGACATAACTTCCATAACTTCTGTTGACGGGGTGATCGGATATCCGCCGAAGAACCTGCAGCCGGCGGCGATAGCGCCCATTGCTATGGCCTTATTACCCTGCCAAAATTCGTTCTGGGCCATGGTTATTCACACTCCTTAACAGTGATTGCCAGGTCCGGGCAGATATTCTCGCACTGGCGGCAGCCAATGCAGTCCTCCGGACGAACCGCTACGCTCTTAACCTGATCGTTAAGTTCCAGAACCTTCTTGGGGCATATAGCGATACAGAGGCCACATCCTTTACACCACTTCTCAACAACGTCGATGTTGAACTTCTTCGCCAAAAGACCCACCTTCCTTCCACACATCTAATCGATTTTGTCTGTCAACCAGAACTACTGAGACTCGATTGGCATAACTTCCCGTATTATGCCAAAGTTTGCGCATTTATTCAAGGAAAAGATTAAATTCTTTATTTTCTGATAACTTTAAAATATTATGAACAATTTATCTGTCAGTGGGGCCGATGTCCGGTTCGCGCAGATATTGCGCCTGGACTTCCCGCGGAGAGAGCGCCTTTGCCGCGTAGATCCAGCCCATTTGAGCGCAGGCTCCGCCGGAGGCGCTCTCGCGTTCAATTACGGGACAGCCGCTTTCCCGCAGTCTCCCATACTGGGCGACGTCTG
CP016757.1_gap45	1965783	1966583	800	AATGACGGTAGGACGCGGCCTCACGAATGAAAGAAGCTGCATAACTATATTGTTGAGCCGGTCCATCTCGCTGCCGAGAACAGCGATCTGCTCCCGTGCCTCCTCCGCGTCCTGCTGCCCCTCTCCACCGGCGGCCAGCCTGTCTATCTCGTCGCGCAGCAGATCCGTTTGTATCCGCATACTCGCGAGCGGGTTGCGTATCTCGTGGGAAAGCCCGGATATCATCTCGCCAAGCGCCGCCAGCCGGTCCATCCGGCTCACCTGCCGCTGGACCTCGCGCCACCGTTCAAGCTGAGAGGACATATTGTTGAAGCTCTCGACAAGCTCGTGAAATTCATAGGGAGAAAAGAGCGTCTGCGGTATCCTTACCGATACACCACCCGCGACCTCCCGGCACATCCATGTAAGGCGGCGCAGCGGCCTCGTAAGCATATACGAGAGGAATACGGCAAGTTCTACGGCGATGATGAGCCCGAGCATCCCGACCAGTATCAGGTAACGCTCCTCCTCCACCATATCGACATAAATCCTCTGCGTGTTGGCGGAAAAACCATACTCTTTGCCGCCGCTGTCTATGGTGAGCGACGGGACCTCACCGGCGGAGGTACCGCGCCAGTAGGGACCTAGCTCCTGCGCCATGACCTCCGGACTGTAGCTGAGATCATAATCTTTCATCAGGCGCTTCAGCCTCTCCGCCGACCTGCCGGCAGAGACAAGCTTGTCGCTGTAACTCTGGTGCAGGCGCGCTCCAAGCATCAGCACCACCATAGAGAGCGCGAGCAGGAGGAATATCCATTTCA
CP016757.1_gap46	2081947	2083037	1090	TTGCGAGCTTCAATGAGTACGGCAAACTCTCCAAGCAGAGCATCGACGAGCTGCTCTCCGGGGCGCGCATCGACGTCGACGAACGCAAACAGCAGCCGCTCGACTTCGCGCTCTGGAAGGCCGCGAAGCCAGGAGAACCGGCTTGGGAGAGTCCCTGGGGCCCAGGCCGCCCCGGCTGGCATATCGAATGCAGCGCGATGTCGACCAAATACCTCGGCAAGACGATAGACATCCACGGCGGCGGCAGCGACCTCATCTTCCCCCACCATGAAAACGAGATCGCGCAGTCCGAGTGCGCCAACGAAGCCCAGTTCGTCAGGTACTGGCTCCACAACGCCTATTTGCTCATCGACAAGGAGAAGATGTCAAAGTCGCTCGGCAACTTCCTCACCGTGCGCGACGTGCGTCAGAAGGTCAACCCGCTGGTGCTGCGATTCTTCCTCATGAGCGTCCACTACCGTTCGCCGCTCAACTTCTCACATGAGGGGCTTGAACAGGCGAAGGCGGCGCTCGAGAGGCTCCACAACTGCTACGCGGACATGCTCTTCGCGCTCGACAACAGGGCCGCCGGCGAGGCCGACGAGACCCTGCGCACGGCGGTAAAGGCCGCGGAAGAGGGATTTGCCGCCGCGATGGACGACGATTTCAACACCGCGGGGGCCGTCGGCTGCATCTTTGAAATGGTGCGAGCGATCAACGTACACCTGACCGAGCATCAGGAGATAGACAAAGAGGCGCTGACCGAGGCGAAGGCCTTCTTCGAGAGAACCGACGACATCCTCGGCTACCTCCCCGAAAAAAAACAGGAGGAGGACGGCGACGCCGAGATCGACGCGCTCGTGGCGGAGCGCACCGAGGCGCGCAAAGCGAAAAACTTCAAGCGCTCCGACGAGATCCGCGACCTGCTTGCGGCCAAAGGGATCGTGATCGAAGACACCCCGCAGGGGCCGCGCTGGAAAAAGACCCTCTAGGCCGGAAGGAAAACGCCAACGGCAGGGAGACATCAGCAATAAATAAAAGATGAGAGGGACGCGGTGAAACAGTGTCCCTCTCATCTTTATCTCAATATTACGATTACCCTATTTCTCCG
CP016757.1_gap47	2087502	2088310	808	AAACGCTGGGCTTCCAACTGCTAAAAAATAGAAACGTGGCGAAAAAGGCGTACCTTTTTCGCCACACTCAAATATTCAATATTATCCCCTTAAAAAAGCCAAAATCCCTCATCCTGCGTCTCAATATTAATACAACGAATCCATATAAAAGTCAATAACTATCCGGATAAAAAGGTACACTTTTTTAGCCGCAACTAAATAGTTTCAAATAATTCAATTTTTTATCTCTCTGCAATATCTAAATAAGACAAAGTCTGTGATATGCCAATTTTAATAAAGGCAGCAGCCGCATCCGTACAGGAACCTAAAAGGGAAGTTTTGCAGTGTTGGGAGAGGAAACGACGTCATGATCGACCTGTTTGAGCATAACCGGACAGCCTATGAAAACGCCGTCTCCGTGTTAAAGGAGAACGGCAAGGCCGCCGTTGTCCACCCCACCGGCACGGGAAAATCTTTTATCGGCTTCAAACTGGCCGAGGAGAACCCGCAGGCTGCCGTCTGCTGGCTCTCGCCCAGTGAGTACATCTTTAAGACGCAGATAGAAAACCTCAGGGCCGCGGGCGCCGCCCAACCGCAAAACATTTGTTTTTTCACCTATGCCAAGCTCATGATGATGGACGCCGCAGAAATCGAAGATATCCGTCCCGACTATATCGTGCTCGACGAATTCCACCGCTGCGGCGCGCAGATGTGGGGCGACGGAGTCCAGCGGCTGCTTGCGGCGTATCCGGAGGCGCCGGTGCTTGGCCTGTCGGCGACAAACATTCGTTACCTCGACAATCAGCGCGACATGGCCGACGAACTCTTT
CP016757.1_gap48	2163887	2165705	1818	CACCTTATACTGACGCGTCTGATTCTGTCCCAGCGTCTTGCCGATACTGTCGGCGGTGCCGACGACAAGCGTCTTGCCGACCAAAGAATATGAAAGTTCGTTCATGCGCAGCATATAGGCGAATACCTCGCCGAAACGGGTATTCTTGAAGGAAAAGGTCATCGGCGTCTCCGGCACGGAGGCGTCGAGCACAAGATTCAAGTCCTTGAGCTTCGCGAGCATACGGAATACCTCGCGCACAGAGACCTCGCGCAGCTCCAGGGTAACGGGCGTCGAAATGGAGAGCGGGTCTCCGGCGGGAACGGGGCGCGGTTTCGGGATCAGCGGCGGCGGCGTGATATCCCTCGGGCTCTCAAGCATGATCCGCAGACTGTCGGAGCCCGGCATACCGGAGATATCCTTCAGCACCAGCGGCTTCGGACCGATAAAGTTCATCGTAATCCCCTGCTGGTCGTTCGAGGTGACGCGCACCTGCTCAATGAGCGGGAAGTCATAGCGCTGCGTCCACTCCTCGCTCTTTTTGAGATTCAGCTTAAAGATATCCCATTCAAACTCGTCCCACCAGTTCTTGCGGTCCGTGTCGCGCGGGAAACGCGTATCGCTGAAGACCAGCGTCGCGGCGTTGTCGGAGCTTACCGCCGTCGGCAGCGGCAGCTTCGTGCCGCGCAGCTCGATCATCATCTCCGTCGCTCCCACCTGATGCATCCGCATACCCTCGATAACCGGCCTCTGATCGTCCAGCCTGCGCGCCTCGGTGGCGGCGGCCTCGCCTAGTCCCGGCATGGCCGCCGCGAAGAGGACGGCGCAAAACAGGGCCGTCAGGGCTCTATAATTTATAAGTCCGTGCGGTGATTTTTGTTTGCCCATCTCCAGCTCACTCCTTTTGAATCTATGGAAAGGATCTTTCCCTTTCCGCCGCCGAAGGTCATCCCCGGCTTGAATATCTGTCCCGACTCCTCGCCGTCTATGTCAAGCGTGCAGATCGTGCTGCCGCCGAGCACCACAAGCCCCTTTATCGTCACCGTCGGCACAAACTCCGGCACGCTCGTATCCGCGGCGAGAGAGGGCGAAGGCACGACCGCCGCCACCGGCGAACGCCCAATGGCGTCGGAGAGCGCGACAAGCTCGGGGCTCTGTTCTCGCATCTTGCGGAAAGCCTCGTATTTCGCGTTGAGCGCCTTCGCCGACTCCAGAGCCTGATTGCCGCGCGGCATCTGCTGCGAGGAAAGATCCTCTCCATCTGCGGTGATGCCGTTCATCGCGATAAAATTGCGCATCGTAAAGACCGCCGCCGCGAAAAATACGAACAGAAGCAATACGAAGATATATTCCTTTTTCCGTTCCTCGGGGGAGCGCGCCGCCTCGTTCAGGCGCATCTGACGGAAGAGCTCTTTCAGCGATATTGATCTCATTTCGCCGCCTCCTCCTCTTTCAGCGCGCCGCCGATCTTGGCGGCGACAGTAAAGCTGTACTTGACATTATTTTCCCGCAGCCCCTCGAGAGAGAGCTGCGAAATCCTCATCAGATAGGCTCCCTGCCGGAAAGAGGCGAGCAGGCGCAGCAGTTCGTTATAATTGGCCTCGCCGGAGACGCTGAAGGAGACGACGCCCTCCTTCTCATCGGCCTTCGTCACGTTGGCCTCGCCAAATCCCTGCGTCGAAAGCAGATTCAGCAGCACGGAATAGAACTTGTTCTGCGATTCAATCGCCGTGGGCAGCTCTTTGCCGTCTATCTTCACGGTGGACTTGTACTGGATGACGGCGTTGGAGCGCGCCGCGACCGTAGCCTTCAGCACCTGCGCCTCCTGCGAGGCGGAGG
CP016757.1_gap49	2244037	2248129	4092	CCCCGCCGTAGAGCGCCGCTGCCGCGGCCACGATAAAGAGGGCCGTTAAAAGGCCTCTGCCGAGAAATTTTTTGCGCAGTTCGTCAAAACGCATCACGCCACTTCCTCCCATAAGTTTCCGTAAGGTTTTTATTCTTTTTACTTTGTGCGATCGTTTCCTGATTATATCAGAAAATAGGTAAAATTACGCATTTATTGCAAAATTAGGAGAAACGGCAGTGCCAACTGCGCGCAGTTTTTTCAATGGGCGGCGCGTGGCACGGTGAAAACAAAATCAACCCCGCCGGGCTCAGGCTCGAAGGCCGGAGCGATAAAACAAAGACAAAAGGCAGCCTAACGTCGATAGATAAAAGGTGAATAGCGGTTTAGCTTTTGACTTTGCCCTCAAAGGCGCCCTCTCAGAAGGAGCTGGCTCGGCGATGTTTTTCGCCGAGACTGAGGGAGAGTTGACCTTATGTTCTTCCACGGCTTTTGCCGCGGACTCTGTTTGGCGCGGTTTCCGCACCAAACAGAGCAACACTCCTTCCGTCAGCCGCCAAAAGCAGGCGGCCGACACCTCCCTCAGAGAGGGAGGCTGTAAGAAAAAATCGCCGTTTATCATAGATAGGGCCAAAGATAAACCGTTGTTTATCATTTCACCTATTGAAGGTAAGTAGCGGTTTATCAAAGATTTTTAGCGCCCTCTCCGAGGGAGCTGGCTCGGCGGTGTTTTTCCGCCGAGACTGAGGGAGAGTTAACCTTAGGTTCTTCCACGGCTTTCGCCGCGGGCTTTGTTTGGCGCGGTTTCCGCACCAAACAGAGCAACACTCCTTCCGTCAGCCGCCAAAAACAGGCGGCCGACACCTCTGATGTAACTACCAGCCGAATCGCACGAAATCAAAGATTTCGGCTCCCTGGCCGCCTCACAGAGGGCGCCTTTAAGGGCAAAGTCAAAAGAAAAGCTAAATCGTCATTTACATCTTTTCCTATCCGAAGGAAATCGGCGTTTAGAAGTGCGAGTTGCTAAATAAAATGGGGTCCCCGATACCGGAACCGTATCTTCATACGGTGAGGATTCGGGGCCCCCGTTTTATGACGCAAATCGTGCTTCTAAACGCCGATTTTATTTTTGTATTTCTTTCAGCGCCACATTATTGAGCTTTTCGTAGTAGAGCCCGAGCGAGCCGTGGTCCTTGGTCTCGTGCCCCTCGTTCGCGAGGGCGATCATCATCTCTATGACCTGCCCCGAGAGAGGGACGGAGCAGCTGACGGCGCGGCTGGTCTCGAGGACGTTCCAAAGGTCTTTGATGTGGAGGTTGATACGGAAGCCGGGGTCGTAGCGGCCTTCGAACATTCTCGGCGCTTTATCCTCAAGGCACTGGCTGCCGGCAAGCCCTTTGCGGATGGCCTCGAATACTCTGCGCGGTTCGACGCCCGCCTTTTTGGCGAAGGCCATGCCCTCGGCGACGGCGGAGATGTTGATGCCGACGATCATCTGGTTTACAAGTTTGGTGATCTGCCCCGCGCCGCTCTCCCCCACGAGGGTGACGGTGGCGCCCATCTTTTCAAGTATGGGACGGGCCTTCTCAAAGGCGGCGGCGCTGCCGCCGACCATGATCGCGAGGGTCCCCTGCTCCGCCTTTTCCTGGCCGCCGCTGACGGGGGCGTCGAGCATCTCCGCGCCCTTCTCTCTGAGGAGCGCGTCAAGTTCGCGGCTGGCGATCGGAGAGATGGAGCTCATGTCCACCACTATCTGTCCGGCGCGGATGCCCTTTAAGAGACCGTTTTCACCGGCGGTCACTTCGCGCACCTGCGGCGAGTTGGGAAGCATCGTCACGATAAATGTTCCGGCCTTTTCCGCGGTTTCGGCGGGCGTCGCCGCGCTCTCCGCGCCGCAGGCGCGCAGTTCCTCCACCGCCTGCTGGTTCACGTCGCAGACCACGACGGCATATCCTGCTTTGATAAGGTTTTTCGCCATCGGCCTGCCCATTATTCCCAAACCGATAAATCCTATTTTGTCCATCTGTATGACCTCCGTCCGTTGTTCTCTGTTTTTTGCCGTTAGTATCCCTTTTTCCTGTCGACGACGTTTTCCAGCCTCTCGCCAGCCTCAAGGCGGCGCAGGTTTTCAAAGACGATGTCGAAGGTGCGGTGGATGTAGTTATCCTCGTCGTCGCAGCCCATATGGGGCGACATAGTGAGGTTGGGGGCCGACCAGAGCGGCGATTCCACGGGAAGCGGCTCCTGCTCAAAGACGTCAAGCACCGCACCCGATAGGTGCCCCGATTTGAGGCTCGCGATGAGAGCCTCGCTGTCGACGATCCTTCCGCGGCTGATGTTTATAAAGCCCGCCCCCTCTTTCATCGCGGCGAATTCTTTTTCCCCGATGAAGCGGTATGTATCTTTGGTGGAGGGCAGGGTGACGACGACGTAGTCCGCGGAGCCGAGAGCCTCGTTCAGCCGCGAGGGCGGCAGTATCTCGTCGAAGTTTTCCCTCGGCGAGGGATCGATGTCCACCCCGACCGTGTCAAGTCCCAGCCGTTTGGCCGCCAGGGCGACGGCGCTTCCCTGTTTGCCCGCGCCGAGGATGGCCGCCTTAGAGCCGCGGATGACGGAGACGAAGTGCGCGTCCCATTTGCGTTTCTGCTGCGCGCAGGCGAGCCGCGGCATGTGGTTCGCGAGCATGAGCAGCGCCATCATCGCGTATTCGCAGGTTTTGGGCGCGTGCGCCCCGCGGTTGTTGGTGAGGACGCATCCCTCCGGCAGCCAGTCGAGCGGCAGGAGGTGTTCTATGCCCGCGCCGATTATGTGTATCCATTTGAGGTTCGGCGCGAGGGCCGCGACCTCCGCGAGAGGGAACATGTAACCGACAAGGATGTCGGCGTTCACAATGTCGCGGCGGAATTTTTCGTAGTCTTCCGAGTTCCAGCTCGGGTCGTTTTCAAAGCTCGTGCTGGTGCGGGTTATGGAAATCTCCACTTTGCCGCGGAATTCGGGGAATCTTTCCAGCGCCGCCTCAATGCGTTCCGGGGTCATACGGAAAACTTTGAGGCTGTCCTCCGCAGTGAGTACCATGATCTTCAATTTGTTCTGCATTAGACTGACCTCCTAGTATTCTCTGCCGGTGTCCACAAGGTTTTCCAGCGGTCCGCCCTCAAGGTAGCTGCGGACGTTGCGCATGAGGATGTCAAGGCAGCGCGGCATGTAGTTGAGGGGATCGTCCGATGAGACATGAGGCGTCATGATGAGGTTGGGCGCGGTCCAGAGCGGCGATTCGTCCTCCAGCGGCTCGTGGTCGAATACGTCGAGTATCGCGCCCGCGATCTCTCCCGCGCGCAGAGCGCGGTCAAGCGCGTCGGCGTCAAGCAGCTGTCCGCGCGCGACGTTGAGCAGGGAGGCGCTCTTCGGCATCAGTTTAAGCTCCCTCTCGCCGATTATCCGGTAGGTAGCCTTCGTAAGCGGCGCGGCGATGGCGAGGATGTCCACGTCCTTCAGCGCCTCGTCAAGTCTGTCGGGAGTCAGCACCTCGTCGCACTCAGGATGGCTTGTGCGCTGCGGGTCGATGCCCGTCACCCTCATGCCAAGGCGCTTGCCCTGCCTGGCGACCTCGCCGCCCTGACAGCCTACGCCGATGACGACGAGCTTCCGTCCCTTTATGACGCTCGTAAAGGTCCGCTCCCATCTGCCGTTTCTCTGCGCCGTGAAGAGCCTGGGAATGGCGGAGTTGAGCATGCCGAGGTAGGTGGCGAAGCTCTCCCCCGATTTCGGCTGATGCACGCCACGGCTGTTCGTCAGCTGCAGCCCCTCCGGGACCCAGGTGAAGGGGGTTATCTGTTCCACCCCCGAGCTGTTGAAGTGTATCCATTTGAGTTCCGGCGCGTAGCCGCGAATATTCTCCGTGGGAAAGGTGTAGCCCATGAGCACGTCGGCCTCTTTCATGTGCTCGTAGTAGGATTTGAGGTCGTCCTCCGTCCAGCGGTCGTAGTCGTATTCGCTGCTGCCCATCGTTATTTCAAATTTGTCGGCGATGTCCGCGTTTCTCGCAACCGCCTCTTTCACCTGCTCCTCGGTCGCCTGGTAGACCTGGGCCTGGTGGCGGTTGTTCATGATGTG
CP016757.1_gap50	2263063	2267626	4563	GGAAGAAGTAGCTGTTCGCCGTGGCCGCGACGATGTCAACTCCCCGCTTCACAGCGGCGTCGTAGTATTCGATCATGTCCGCCAGCGTGAACGCCAGCTCCATCGCCGCGGTGGCTCCGGCGTCCCGGATGTGGTAGCCGGAGACGGCGATGGGCGTCCAGTGGGGAAGGTGCTTCCCGCAGTATTCCAGCACGTCAACGGAGAGCTTGACGCCGGCCGCGGGCGGGAAGATGTAGGTGCCGCGGCACATATATTCTTTAAGGATGTCGTTCTGAAGGAAAAATCCGATTGTGTTGGGATCGATGTTGTTTTTCTTCGCGAAGGCGACGTAGAAGGCGAGCATAATTATCGAGTTGGCGTTCGCCGTCGTACGTATCTGGCGTACCTTCTCGAAGGGGATCCCCTTGAAGAGCGCCTCGATGTCAGCCAGAGAGTCTATAGCGACTCCCACCTTTCCGACCTCGCCCTCCGACATCGGGTCGTCGGAGTCGTAGCCCATCTGCGTCGGCAGGTCCAGAGCGACAGAGAAGCCGGTGCCGCCCTGTTCAATGATGTAGCGGAAGCGTTTGTTGGCCTCCTCCGCGGAGGCAAACCCCGCGTACTGCCCCATCGTCCACAGGCGGCCGTCGCGGTACATCTCCTCGCGAATACCGCGCGTAAACGGATAGTGACCGGGATCGCCGAGCTGCGCCCTCAGATCTTCACCCTTTATATCCTCTTCGGTGTAGACCCTTTTAAGCTCATATCCGGAAAGTGTGGTATGTTTCTTCTCTTCAGCCATTCTTATTACCCCTTTCACCTATTTTTCTATAATTCTGCCTTATTGATTCTCAAAGCTTATTTTCATCTTTTTGTCGTGGAATATCCGTTCGTCCATAAGCCGCAGCCCGTCAGATACCCGCGGCCGGAATTCCATTCTGGCGAGGATGTCCCGCTCCAGATCGACGCCGGGCGCTATCTCCGTCAGCGTAACGCCCTCTTTTTCGAGCCTGAAGACAGCCCGTTCCGTTATATAAAGCACCTGCTGACCCTTTTCCGCTGCGCAGAGTGAGGAAAAGGTAACCTGCTGCACATGTTTTTTAAACTTGATCCCGGGAGCGTCTCTCTCTATCTCGAGCCTGCCGCCGCCAATCCGGCATTCTATCGGCCCCGCGGTGAAGGTCCCAAGGAAACAGACCTTCCGCGTACTCTGCGTGATGTTTATAAAACCGCCCGGTCCCGTGCAGCGCGAACCGAATTTCGAGACGTTCACGTTGCCCGCTTCGTCCACCTCGCCCATTCCGAGAAAGGCCGCGTCAAGCGCGCCGCCGTCGTAAATGTCGAAGTTATCCGTTATCGAAAGGATCGCGTCGGGATTCACCGCCGCCCCCAGGCCGATACCGAGGTTGACAAGCCCACCGGCCTTTATCTCGAGCGCCGCCCGCCGGCCGCATATCTTGCGCGGCGAGAGCGCCATCGGCGGCACCATATCGAGCTGCATCCTCACGTCGCCGATAAGCTCGGGGCGGAAGAGCGAGCCGTCGTAACACTGGAGATGATTTTCCGGCTTCGCCTGCACCACGTAATCGACGAGGGCTCCGGGGATCGCCACTCGCCGCGGGTCGAGCGCGCCGCGCTTAAAGACGTTCTTTACCTGCACGATGACCGTACCGCCGCCGTTGTGAACCGCCGCGGCCATCGCCGCCTGTTCGCTGTACAGGGCCTCCTCTTCAAGCGAGATGTTGCCGTACTCATCGGCGTAGCTGCCGCGGATGATACAGACATCGATGGGGAAGCTTCTGTAGAAGAGGTATTCCTCACCTTCGAAGTCGATCAGCGAGACTACCTCCCTGCCGGACTCTTCCGCCAAGCGGTTCATCAGGCATCCCTCAAGGCGCGGATCGCAAAAGGTGTGCAGGCCGACCTTCGTCATCACGCCGGGCTTGCCGGCGGCGATCGCCCTCAGAAGCTCCCCATAAACCCCGAGAGGCACGGTATAACCGGCGATCTCGCTGCCGCTCACGGCCCTGCCAATCGCGGGAGACATCCCGACATGGGCCGCGTATATGGAAGAGATGATCCCAGGAGCCTTGATTATGCTGAGGCCGTAACCCTCTTCCCTGAGGTCTCCGGGGGAGACGCCGGATACGACGTGCAGCCCCTTCGGGCTTCCGTGGGCAGAAAAAGACTTCGCCATCTCGCAAAGTATCTCGTCGGGAGCGGAAAAACCGCCGAAACCGCCGATACCGATCACCGAATTATCTCTAATTAGTGATATTACATTAGCAGATGATATGATTTTGCCCATCTTTCCTCACCCCGCACCTTTTTATATTTTCCCGCCGCCGGAATGCGGCGGGAAAATATAAACATTAGATTTAGTTAGCTCTTCGCCGCCGCGCCGCTGCCAAACTTGTCTACCACAAATTTGGTGATATATGGAAAGACGAAGATACAAAAGACCAGCGTCACCGCCATCTGTGCCGTCGCCGACTCCACATAGGGCTGATACTGCGGCAGACGCTCGCCGATGATCCTCGGCGCCACCACCGAGAGGCCGCCCAAACAGGTGGCTCCCACAGCGGCGTATCCGGGCCGTTTAAGAATAAGTCTGTCCGCGGCTATCATTATCGGCAGGAAGATGCAGACGATAAGCCCGATAAGTAGAATATTCGCGGTTCCGGCCTGAGATAGCGCCTTGAGGTTTATGCTCGCGCCAAGGCAGCAGCCCAGAAAAAAGAGCACCACTGGCGTCGCCGTAGAGAAGAGTTTGCGGATCTTCTCATCGGAATTGGCGAGGACCATGCCGAGAACGAACGGAACGAGCGAGGCAATGGCGCTCATATAGTCAAATCCCGTACCGTCGGCCATGCCGAGGATCACCAGAGGCGTGGCGGGAACGGCGATCAGATTGAGGACCCCCATCGCCGCCTTATCGACGTTGTCTCCATAGGACTGCATCAGCCCCGCGTAGACGCCGGGGTTGCAGCTGGCGAGGGAGATCGTAATCGCCAATGCGGAGGCTCCGCAGATCCCGCCGATGCCAAAAAATTTCAGCGTCAGCCAGGCGCCCGTAAAGGCTACCGCCAGACGTACTACGACCAGCAGACCGCCGCGCGCGCATACCGCGCCAAGGTCGCTGTATTTCGTCTGACTGCCCGCGACAAAGAGCAGCATACCGATGGTCGCCATCGCGCCTGCCCCGCTGAAAGCCGCGGTGGTGGGGCCGCCTATCTTGAGCGCCGCCGGAATAAAGGTATTGATCAGCGCGGTGATGAACATCGGTACGACCATGATGCCGCCAGGTACTTTATTGACCTTGCCTAGAATATCCATAGCCTGCCTCCAATCTCTCTTTTAATGCCTCTTAATTTGCGAAACTTGGCAAATCCCGGCGCGCGTTTTCAAGAAAAACGCGCGCCGGAGGCACGCTAATTCCGGCCGGCCGCGTTACGTTCGGCCACTTTATCGGCGATCACGCAGTTGACTGCTTCGTGCTTCTGGTCGCGGACAAGGCAGCCGTTGCAGTAGAGGCACTTTATTATCTCTTTTTCGCGTCCCTCCACCTGCTTCGTGATCCATTCGGGATCGGCGAGCGCGGGACGGCAGATACCGATGAGGTCGGCCTTGCCTGCTTCAAATATCTCTTCTCCATGCTTGAGGTCCTTGACCTTGCCGGAGACGACGACGGGAATGTCGGAACCGATCTCACGCAGCGCCTCTTTGATGCCGGCGGAGAGATAGACATGGCAGCCATAGGGCAGGTTGGCCGTCGCCATGCAGCGGCTTCCGCTGTAACCGGTGTACCACGGGCCGTCTTCTGTCTTGCCGCCCGCCGATACGCTGATGAAGTCCATGCCGGCGCGCGCGAATATCTGCGCGATCTCCGTCGTCTGCTTCAGCGTGTTGCCGCCCATAACAAACTCTTCGCCGGAGATGCGGCAGCCGACACAGTAATCGTCGCCAACCTCTTTGCGGATGCCCTCCATGATCTCCGTAACGATGCGGCAGCGGCCCTCTGTGTTGCGTCCGTACTTGTCGGTGCGCTTATTGAGCAGGGAGATAAATGATGAAAGCGTATATCCATGGGCCACGTGCAGCTCCACACCGTCAAAACCGGCCTTCCTGGCTCTGATGGTGCTGTCTATAAACTGGCGTTTGCACTCTTCGATATCTTCGTAGGAAAGATCTTCGACGGCCTGTTTCCAGCCCGTGCGAACCGACTGCTTCACATAATGGATGAGCTGGACGGTCATCTTGCAGCCCTCGGCGTGCACGGCGTCCGTCATCTCTTTGAGTCCGGGGATAAACTTATCGTCGCAGATACGGAGGAGGTTGGGACTCTTCCTGTCAAGCACACCGCAGGCCTCAACGTCGATGAGACCAAAGCCGCCCTTCGCGCGCGCCACATGGCGCTCGATCAGCGGGTCGGTGACGAAGCCCACCTCGTCGGCGAGGCAGGATACGGCGGGAAGCCATACAAGGCGATTTCTGAGTTCGAGGTTTCTAAATTTTACGGGCTCTAATATTTTCATGGATTCATTCCTCCAAATTTTTATATAGGGGGTGTGAAGGGCTTGAATA
CP016757.1_gap51	2269170	2273876	4706	GCCCCATCTTCAGGAAGTGCAGGGCAAGACGGTCTGAACCTTTTTTAAGCTCCCCGTAGGTGAAGCGCTGTTCTCCGCCTACGAGGGCTTCACGATCCCAGAAACGTTCCGCAATGTTATCGAAAACCTGTGAGAAGTTCTCTCTCTTCCAGTAGCCTTTCTCTTCGTAAGACTTTGCAAGTTCGGGTTGATAAGCGGTCCAATGTTCTAGCATAATTCCCCTCCGTTCGAATAAATGGTACATCTGTTTCTCAGTAGTTGTGTGTGGTTTTTGTAGCCTGTGAAAAATTTCATTTATTAGGTCAACAAAAAACGGGGGTCACTGCATCACCTCTCATTTTATTTATTTTTAGGCAAACAACAACTGCGGCAGTATCACTAATTAGTGATATTACTACAAACAAAAAACTTAAAAGCCGTTAAGCCTCTTTTTTATCGTAATTTCTTCAGTATAGAGACGACCTGTTCTTTCTCTTCCGTCGTCAGTTTTGAAAAAGCCTCGGCAAGGTTGGACATATGTTTAGCGAAGGTAACGTCCATCAGTTCCTTGCCCTCTTGAGTTATTCCAATAAGATAAGAGCGCCTGTCGTTCGGATTATCACGGCGGTAAACGAGCTTCATCAGCTCCAGATTCCTCACCACCACCGTGATGTTGCCGCTGCTTGAGAGAACTTTGTCGATTATCTGCTGTATCGTCTGTTCTCCTCTGCTGTACAAAAGCTCCAGCACTGTAAACTGCGGCAGAGTCAGCCCCTTCTCACGGAACAGCTCGTTAGATCTCCGGTGCGCGTTGCGATAGGTCCTTCCAAGCGCGATGATGAGTTTGCCGTTTAATCTGTCCTTGGAGTCCATCTCAAACCCCTCATCTCTATTTAGTCTTCAGTGGATTGACTTATCTCTTGTTGGCTGTAGAATAACACTAGTTAGTGATATTGTCAACTTAATTTTCAGACTACTCAGACTAAACTATATATAATTTGCAAATGTAAGGAGTTTATTTTTAGAAATTTTATTCATAAAGGAATGAATATTAATGATAAAAAAAATCGTCTTCTTCTACGGCCCCAAATATAATTTTAAACGCCGTCTGCCGCGGAACAGGGCGCTGACCACGATAAGCGAACTGGCAATATACAGCGACAGGAAGATGAGGGAACATACCTTCAAGATACAGAGCAAACACAGCGGCGACGCCGCGGAGAAGCAGGAGGAACGGCTCGTAATCCCCTGCCTCGTCGCCTACTCGGAGCAGTACGCCTCCATCAGCGAGAGCGCGCTGCATTCTTTTTTAAGTTTCATCGATCAGTTTGAGGTGGAGTCGCTCTATCTGCAAAATCCGCCGGCGCATATCGTGTCGCAGTTCCGCGGACTGCACAGCCGCGTAAAGGTCATAAAACACGAATATAAGACGCTGGATATCGAGGGACTTAAAAGGATAGACCGCGAATACCCGCAGGTCATCATTGGCCAGAAGAATGTAAAGCATCGGCTTCTAACAGCCCTCTATCCGCTTGCGGCGGGAAAGCTCTCAAAGCCGCTTGTGCTGCTCTTTTACGGCCCCACCGGCGTCGGCAAATCGGAGACGGCGAAGTATCTCAGCGAGGTTGTAGGGCAAAAATTATTCCGCCGTCAGTTCTCGATGTTCCACAGCAACGAGTTCGCGCCCTACCTGTTCGGCGGACGCCACACCGGCGACTCTCTCGCCAAGGACCTGATGGAGCGAGAATCTTCCGTCATCCTCTTCGACGAGTTCGATAAGCCGAACCCGCTCTTTCACAGTGCCTTTTACCAGCTATTTGACGAGGGGGTATACGAAGACAGGAACTACTGCGCCGAGGTAAAAAACTCGGTCATAATTTGCACCTCTAACTACGCCTCCGCCGCGGAGGCGAAGGAGCGCCTCGGAGCGCCGCTATTCGCGCGTTTTGACGCGGTGATAGGATTCGGAGCTCTCTCCGCCGAGGCTCTCGGCATTATCCTCGAAAAGCGATGCCGAGAGGCGGTGGCGGAGCTCACCGACGAAGAGAGAGCCATCGTCTCGGAGAGGGAGCTCTGCGGCTCCCTCCTGCCGCTTGTCAGCGGCGGCGACGGCGTGCGCGGCGTTATGCGGATAGTGCGGGAAAAGATTTCGGAGATGCTGCTCGAAGCGGCGCTTCGCCGCTAAAGTACGGACTCCATCAGCCTCACGTCGTCAAAGACGGGGAATTCGCGGCGAGTCTGGCGCACGGTCTCAGCAGAGGCCTCGCCTTCGATGATCCCCTCTCCCGGCAGGATATTCGTGAGCATCTCGCCCCAGGGGTCGATGACGCCGCTCTCCCCCACCATCGTCAGATGTTTGTAGGGGCCGATCAGGTTGCATGACAGAAGGCAGGCGGAGTTCTCCATCGCGCGCACCTTGTTGAGTATCTTGAAGGCCTCGCCGCGCGGCTGGGGCCAGGCGGCGGGAACGATGAATATCTCCGCGCCCATGCCGAGCGTCATCATGCGGAAGAGTTCGGGAAACCTTATATCATAACATATGGCAAGCCCAAGTTTGCCGAATTCGGTGTCGACGACGACCGGTTTGGTGCCGTGCGTAAATGAATCGGCCTCGCGTCCGTAACAGGAGAAGAGGTGTATCTTGCGGTATTCCGCGACATCGGTGCCCTTCCTGTCAAAGAGGAGGCTCGTGTTGTATATCTTATCTCCCTCTTTATGAACGAAGCTCCCGCAGTGGATAAAGGCCCCGAGCTCCTTCGCCTTTTCGGAGATACGGCGCATCAGAGGCCCATCCTTTTCCTCCGCGAAGTTCCAGATCGTACGGTAACTCAATATCCCGATATGCCACAGCTCGGGCAGCACGATAATGTCGGAGCCGCGGCAGCCGTCTATCAGCCCGAAGACCCGTTCGATAAGATCTTCGTGGGCCTCCGTCTCTTTTATTTCCAGCTGGATAAGCGATGCTTTCATGGATGTCCCCCTGTTCGTTTCAGATTTTTCACTTATCCCCTTATCCTATAATGTTTTTCGCATTGGCGCAATAGATTTTTGCCGCGGGATAGGCAGCGGCGGGAAACCACCGCCGTTATTTGTCGTACCGGAATACCCTTGCGCGCTCGCTGCCGCTGAGTATGCGGTAGGCCCCGTGCGCGAGCGACTCCATCTCATTTTCTCCCGGATAGAGCTTCACGGGGGCGATAAAACCGATACGGCGTTCGATCTCGTCCGTGAGCATCTTTGAGTGCGCGAGGCCGCCGGTAAGGATGACCGCGTCCGCTTTGCCGCAGACGGAGGCGGCGAGGTTGGCGATAAATTTAGCTATTTGCAGCGCCATCGCCTCATAGACCAGCCGTGCCTTTTCGTCGCCCGCGGCGATCATCTGTTCGACGCGGCGGGCGTCGCTGGTGCCGAGATAACCGAAGAGGCCGCTGTCGCCGCGCATGACGCGCAGTTTGTCGCGCATGTCGGTTTTATTCTTTCTGACCAGATATTTTATCAGCTGGATCACCTGCTGGCCGCCGGCGCGCTCCGGCGAGAATGGACCTTCGTCGTCTCCCACGACGTCGACGATGAGTCCCTTTTTGTGCAGCGACATCGAGATGCCGCCGCCGAGATGCGCGATGATGAAGGTACAGTCGCCGTAGGCGCGTCCCATCTCCGACGCCGCGCGGTGCGCCGTAGCGCGCATGTTGAGGCAGTGGGTCACGGAGACGCGCGGCATATCAGGGATGCCGCTGATGCGGGCGACAGGCTCCAGCTCGTCCGTTGAAATACCGTCGTAGATATAGGCGTGCGGGATATCATACTTCCGCCGCAGTTCGAAGGCGATGCAGGCGGCGACGTTCGAGGCGTGTTCCTCCGCGCAGACGTTGAGCAGATAGTCCACCATCACGTCGTTTATCTCGTAGCCGCCGGCGTGTATCGGCGGCAGTATTCCGCCGCGCGCGACGATCGCGTCGAAGGCCCCATACTCGGCGACGGCCTCTCTCATAAAGTCGTCGGCCAGCTCCTGACGCATCGGCAGCTGATCCGCCATATAGGGATATTTCTCAAGAAATTCTTTCGTGTGTTCAAATTCTCTCTGAACGACCTTTTTATCGTCAAAGTAAACCGCCATTTTTGTAGATGTCGAACCGGTGTTGAGCACCATGATCTTATATGTCATTACACGCCGCCTCCTCGTGATATTCGCTTATTTTCAGACTAATCTTATCGATTATATTTTATCATCTATTTAACAGATATTACCGTATAAATTAAGTGATATATTATCTTTCGCCAATGATAGATATATCAATATCATATTATAGACACCTAAAAGAAATTTCTAAAATACATTTTATAAAAACCATCAGCCTCTATTTTTAAAAAAATATCATTATGTTTGTACCTGCCGGCAAAAACGATTATTATAAAAATTAGAGGCCCTTTATCCATATAAAAATAAAATGGCATGGTAAATTTAGATATTTTATTTATATATTTATACTTTTTTATTATTTATATTTATTTTTAAACGTAATTTTGTAATAATAACCTCATCTTTTATCAAAGTTTACAAATTTTATGTTATTTTTTATTGACAACAAACCCAATCTTAAATATTATATTGACGAGCTGCAGTCAATGCAGAACGCCCACATCGCGGAGTTTCCGCCTTGTGGGCTTTTATTTTGGCGGCAGAACGCCCACATCGCGGAGCTATCGCGGCGTGGGCGTTTTTTATC
CP016757.1_gap52	2300670	2305215	4545	GTCTTTATCATAGCCTCGATCACGGACGCCGCGGACGGACATATAGCGCGTAAAAGAAACCTTGTCACCAACATGGGGAAATTTATCGACCCCTTAGCAGACAAGATACTCGTCATCGCCGTGCTGACGGCGCTCGTCGAACTCCACCGCTTCCCCGCTTGGATGGTCGTCGTCATCGTCTCGCGTGAATTCATCGTCTCGGGGCTGAGGATGGTGGCCGCCTCGGAGGGCGTGGTGATCGCCGCCTCCAAGGGAGGAAAGCTCAAAACCGTCACACAGATAGTGGGCATCGTGATGCTTATCTTCAACATTCCCTACGCTATGGCGGTCATGTGGGTCGCCGTCATCCTCACGGTATGGTCCGGCATAGACTACGTGATAAAGGGAGCAGACCTGCTGAACTGAACGCAGCGCAGACAGCCTGAATAAAATATGCCGCCGGAGCAAAAGCTCATAGGCGGCATGTTTTTATATTTAAGAAAAAATTCCATCCGGCGGCCATAAAAAAATTCATCGGCACGGCACGCCGCCCGGCAAAGCTCCGTGACAGCGCTTATAACCGCAGGAGAGGCCACGCGTATCCCGGATATTCGCCGCTGACGGCATTTACAGCGCCGCAGAGGCGGCAAACACCGTGATTCGGAACAGGAACACAGACAGAAAGCCAACGGCCCGTTTAAGGGCTCAGTGCGGCGGCGCGGCAATATTTGTGAAGATAGATATCCCGCCTGACCCAGTTACCGGCCCCGGTGTTTCTCTATCTGCCCCTCAATAAGGGCCGTGTCGTCGAAATAATTGATGCGCATCGCAGTGCGCACGTCGCAAAGGGTCGCGGCGGCCGAGGCCCTCGCGGCCTCGCTGCCGCGCCGCAGGATGTCGTATACCTCCGGTATCTGCCGCTCCCACTCCCGGCGCCGCTCGCGGATGGGGGCAAGACGGCTCTGCATAACGCTGTTAAGAAACTTTTTTACCTTTATATCGCCAAGACCGCCGCGGCGGTAGTGGGCCTCAAGCTCATCCAAGCCGCCGTATTCGGGCATAAACTCCGCAAAATCCTCCGGGCGGCTGAACGCCTCCAGATAGATGAAGACGGGGTTGCCATCCGTACTGCCGGGATCGTCCACTTTGAGATGATTGGGGTCGGTGAACATCGACATCACCTTTTTGCGTATCTCCTCCGGCTCGTCGGCAAGGTAGATGCAGTTTCCCAGAGACTTGCTCATCTTGGACATTCCGTCAATGCCCGGCAGCCTCATACAGACCCTGTTTTCCGGCAGTACGATCTCCGGTACGGTCAGCGTGTCGCCGTAGGTGGCGTTAAATTTATGCACTATCTCCCGGCACTGTTCCAGCATCGGCGCCTGGTCCTCCCCAACGGGCACAGAGGTAGCACGGAAGGCCGTGATGTCGGCAGCCTGGCTGATGGGATAGGTAAAGAACCCCACGGGGATGCTGGCCTCGAAGTTGCGCTGCTGTATTTCGGCCTTGACGGTGGGATTCCGCTGCAGGCGCGCGATGGTGACAAGATTCATATAATAGGAGGTCAGCTCCGTAAGCTCGGGAACCATAGATTGAATAAAGATGGTGGACTTGGCGGGATCTATGCCGCAGGCCAGGTAATCGAGCGCCACCTCGATGATATTATCGCGCACCTTCTCCGGGTGCTCGGCGTTGTCCGTCAGCGCCTGCGCGTCGGCGATCATGATGTATATTCTGTCGTATTCACCGGAATTCTGCAGCGCAACGCGCCTCTCCAGAGAGCCTGCGTAGTGTCCCACATGAAGCCGTCCCGTCGGGCGGTCTCCTGTTAAAATTATTTTTGCCATTTTGCCTTTATCCTCCGTGTGCAGTCCTATATACTTTTCCGACTACGGCAGTATATCACATCAGCTTGGACGCCACATGCTATTTAGCCGCGCTCTCCGCGGGGCTAAGATTTTACCTTCGACTCCGTGCCGTTTTTCAGCCGCACGATGTTTGCCCTGTGACGCCAGACAGAGAGGAGGGCGAGGAAAAACGAGGCGGCCGTGTAGGGGCGCGGCATCCCAAAACAGGCGGTGAGCCCCGCGGCGGCGAGCAGCCCCACCATCGAGGCCACCGAGACATATTTCGTCGTCTTCATGACGGCGTACCAGATAATGCCGCCGATTATCGCAGGCCACGGCATAAAGAAGTTATAAAAGCCGATCACGCCAAATGTGGTAGCGACACCTTTGCCGCCTCTGAAACCAAGCCAGAGGGGAAAATTGTGTCCCAGCACCGCGCACACCCCGGTAAGCGCGAGTATGGTCGGGTCGGAGATGAAACAGGAGGCTGCGAGGACGGCGAGGCCTCCTTTAAGCATGTCAAATACGGCGACGGCAACGGCCCATCTTTTGCCCATAAGCCGGCCTACATTCGTCGCCCCGATATTGCCGGAGCCGAAGGCGCGGATATCGGCTCCCTTTATATATTTCGCGACAAGAAAACCCGTGGGACACGACCCCGCAAGATACCCGGCAAAGGCCCAGAAAACAGCTGTCATAAGATCATCTCCACATGAAATTTTATCAGGATAAAGACGCTGAAACACAGTTAAATTTTACGATAGAGGCCCCGGCAAGTCAAATAAAAAGCCCGCAGGAGCGGCGGCGCAGACGCATAAGTCAGCCGCCGGCGCCCGAGACTCCCTGCGGCCCTCCTGAACGGTCAAAAGTTTGATTTTTCATAGTTTTGGCGTTGCCCTCCGCGGATCAAACGGATAATATGTAACATGCCCTAAGGGCAAAAAATATCATGACAGGCATCTCCATGGGGAGATATCAAATAGGAGGTCATATTTATGAGAATGAGGAGACTGCTTACATCAGCGGCATTTATCATGCTGTTGGCTGTTCCGGCATACGCCGCACCGCAGCTGATCCAGGCGAACAGGTATGAGGGATATCTTTTACGAAACGGCTCCGCGGCGGAACGCACGGCTCTGGTGCTGAAGTACGACGCCGTCACCGGAGCTCCGGTAAGTTATCTTGAGACCGTTTACACCGGCGCGGCAGGCGAAACAAAACGCAGCGGAACTTTCACCGTGAAGGAAGACCGCGCCGCCGGTGCTTCGCGCTTTACGCTGAAGGCAAAGACCAGAGGCCATGACGAATATTTCCTGCGGACCTCCATGGGCACTAGCCTGCGGGCGCGGAACACGGGAGACGGCGGCACGCTGCTGGCGACAGGCGCCCAGCTTCTGAAAGACGGCAAAGAGATAATGCGCTTTCCCGCGAGCTACAGCGGCACTATTCCGGCGGCCTCCGGCCCTGGGATACTGATGGAGGTCACCTTTCGGGCAGACCACACCTTCCGCATCGCCGAGACCTACATCGGCGAGCCGGAGGGAAGCAATAAATTTTACGGCAGCGGACGCTGGTCGGTGAGCATGGTCAATAAAAAGCCCCTCCTCACCCTCAAAACCGGGGACGGCGACCGCTATTTCACAGTCGGCGATAAGAGCGTGACGATGGTCGACAGCCGCGGACACGCCGCCGAAAGCAAACTGAATTACACGCTGACCAAAGCTGCGGGAGGCGACCTCTTCAAAGCGGCGGCCCTGATGGAGGGCGAATACAGCCAAACCGAAGAGAGGGTCGTATTCCGCGACACGGCCACGGGCAGGAGTTACCTTGTGGCCAAAGGCGGAGACAACGCCGATATGGAACGCGCCTATTCCGATACTGGGACCACGCCGGGCAAATATCTTCCCGCAATGGTGAAGGGCAGCCTCGTCGTACAGCACGGCGCGGACGGCCATCCGGAGGAGATGCTGCTGGTGGAACGTCTGGTCGCTCTCGGTTCCCAGGAGGTCGAGCTGGTAAAGGGAGACTGGAAGATCGTCAGCGCGGGAGAGCTAAATGCCGCTGAAAATATCGAGGAAGGCAGAGAAAGGCCTTTCCTGAAGTTTGACCCGGACGGACGCTTTTACGGATACGCCGGATGCAACCGCATCGCCGGTTCATATATCGTCTCCGGTATGAAGCTGAAGCTGGACGGTATCCTCAGCACCAAGATGGCCTGCAGCGACATGAGGCTGGAAGACGCGCTCCTGGAAGCGCTCCCGCGTGTGCGCTCTTATTTTGTGGACAAGGGCGTGCTGACCCTCAAAGGCGCTGACGGAAACACGCTGGCCCTGCTGACGGACGAAAACGCCGCAAGATAGAGATAAACTCAAAGAGGCTCCCGAAACGGAGCCTCTTTTTATGCAGAGCGGCGGCTCCGCAAAGAGAGTAAATATTTTTAAAGATGACAAAAAGGGCTCGGCCGGTTTCGGCTGAGCCCAAGATATTGTTTTACAGCTAGTCGTTATAAATATCTTTTCTATCTCCTATTTTCAAAACAAGAATTGTCACTCTCTCATCTGAAATTTCCGCAAGTATCCGATAGTTTCCCACACGATAACGCCATTGCCCCGCTCTGTCTCCTGTGAGGGGCTTCCCGTGTAATCTTAGGTCTGTACAGCCTTCAAGATTCTTGCGTATCCACGCCGTGATCAGCCGTGGCTCTCTGAGGCACATACTT
CP016757.1_gap53	2308922	2313353	4431	TCCACGCTGCCGTCAGGGATGTTTTTCATGAGTTCCAAACAGTCGCCGTGGTAGAGTTTGCCTTGCGGATTTTCATAATATAACATTTTGTCCTCCTGTATAAACAATAATGGCGAGCTCCCGAAGGAACCCGCCCTTGTGGTTTTATCTCGCCGCAACCGCGCCGACCGCGCCGCCAACAACCAGCCCCAGCAGCAACTTGCCAATACCCTTCTGCTTTTCGGCCCGGACCTGTTTTTGCAGGGTTTCGTTCATCTCCGCAAGGATACTGTTCTGCTCGCGGAGAAGCCGTCTTTCTTCCTCGGATGCCGCCGTGTAGCAGTTCAACTCGGCGATCAGCTGCGCCGTGCTCTGCCGTTCCGAGGCGAGCGATTCGCGCACCGCCGCGACCTCGGCCACCAGCGCCGCATTGTCGGCCACAACCTCGCGGATGTCTGCTTTAGTCGCCGCTATCTGTCCGCTCTCGGTCAGCGTTGCGCTGGCGTGCGCCGGTGATGAGCCGGTTATAAGCAGCAAGCAGATCGTCATCGCCCAGAGCGCGAGCTTGCTTGTACGCATTGCTGGTCACCTCCTGTATGCGGCGGTCGTTGGTCCTTTGGAGCTGCGATATCTCCTCTTGTTTGCGCCCAAGCTGCGCGCGGAGTTCTTCGACCTGTTGGCTGGCCGTCTGAAGCTCCTGCTCATTTCGAGCAAGCTCGTTTCGCAGTACGGCCAGTTCCGCCGAGTGTCGGTCCTCTATCCACGCCCACAGCGCGGCGGCCACCCCGACAAGCAGCAGCACCGTCACGATCTGCCATTTGTGGTCATAGAGCCATTGCAGCATCAGTGCGTCTCCTCCTTGTCGTAGTCGGTGTATTCCGGGGCCTGCGGCGCGCAGCTGTTCCATCCGTCCCCGTAGCGGGATTCATAGGCGCTGCTGCCCATGTAGCCTCCGACGGAGACGCCGTCGATGGCCGCCAGCAGGTACATCATGTTTGTTGGTATATCCTCGTTTATGTGCATGTACCATACAATCACGCCGAAGGTAAAGAGCACGCAGAACACCGGCAGCGGTTTGCGCACCGGCGTTCTGTACCATCCGCGCCAAGCCATTACAGTACCTTTTGCAGGATGATGGAGAGCGCCGCGCCAGCGATAAAGAATACGGCGCGCGAAGTGACATCCATTTTCGAGAATCCCGTTTCCAGCTTGCTGAGGCGGTCGTATATGTCCTTGTGTGAATCGCGGTTGTTTTCTACCGTGCGACGTACTTCAGCCGCGATGTCGTCTAGTTTGTCTGAGATCGCCGCCAGTTCGGCGCGGATCGCCTCTTCGCTCACGTCATCCCCTCCTTTTCCGCTCCCATGCCTCTATCCCGTCCGCGACGGCCGCCGCCATAGCGTCGTGATTCGCCGCCGACCGCAAAAAAGCCTCTTCCTGCGGGTTCGTGATGAAGGCCATCTCCACGAGCACCGCGGGGACGCGGCACTCACGCAGCACAAGGTAGTTGGCCTCCTTATCCGGGTCGCCGTCGCTCGTGTCGGTACGTTTGCGCTGTTGTGGGAACATGCGCCCCCACGCCTCGAAGATGGCCGTAGCCAGCGGGTCGCTGTGGTCTCTGCCCGGCGTGGTGTATATCTCGAAGCCATTCGCCGCCGGGTTCGCCGCCCCGTTGCAATGGAGCGAAATAAAACAGTCCGCGTCGATGCGGTTGGCAAAGGCGGGGCGCGAGCGCAGGTCTGCCGTCCGGTCGTTACGGAATGTCCGACTGTTTCCGCTGCGCGTCATGGAGGCGATATGCCCGCGCGCGGCAAGTTCTTTCGCCAGCGCGTGCGCCACTTTGAGGGTGATATCAGCCTCTCTTGTGCCCTTCGGCCCCACCGCGCCGCCGTCCGGCGCTCCGTGGCCGGGATCGATTACTATTTTCATTTCTGCACCGCCTCCTTAATTTTTACAGATACCCTTTTATGATCTCGCGCTGCCACGGCTCAAGCTCGTTGCGCGCGTATTCGTAAGCCGTAAGCAGCTTGTCGTGCCACGCCGGGCCGAATATCTCCGGCGCAAGCCTTACGGCCATGCGCGTGAGCTTCTCAAAATACTTGCGGTCCGTCGCCCAGCTGCCGAGCCGCCCCCGATACAGCCCGGCGAAGCAGAGCAAAAAGTTGTCACTGTGCTTGTAGGTATAGGGGTAATCCTTGCGTATCTTTGCCGCGTAATCCGCCAGAAAAGCAGCGCGGGAACCATACCTGCGAAAGTACGATTCCCGCGTAATATATTTACCGTTGCTGTATTCCCTGCTCGCTATACGTATGTACGGCTTGCCGGCGGCTCTCCATTCAGGCGGGGCCTTTATCCCCGCGCCGTTGTATGCCCTGCGCCAAAGCTCGCTTTGCCAATATCCCGTCTCCACGGCGCTCTGGCAGGTGGCGGCGTAGGCGTTTATGCCGGGCTGTCCGCGTGCCGCCGCGTAAAAATCCTGCGCGGGTGTGGCACCGTAGGCACAGAGTATACTTGCAACCAGCGCAAGCCACACCGCAAGGGCGGCCATCACCAGCCACAGCAGCAGCCGTAAGGTGTTGTCGTCCCGCTTCATCATAGCGCCGTCCAGAGGATAAGCGTTCCGAGCGCCGCCCCTGCGATGCCGCCAGCACAGCGGATGAAACACCCCTCCCTGTGCATCCAGAGGACTTCTCCGAGCTCCCAGCCCACGGCCAGTCCAGTACCGACGGAAAAGCCAGTATTGGGGGCCGTAAATACTCCGCTCAGCAGAGATACCGCCGTGCCAATCATAAAAGCCTTAAACGCTGTCTCTTTTTCCTTTGATGTCATGATTTTTTCCTTTCTTCGCGCACAAAAAAAGAGCCCTGCGGCTCCCGTGGCTCTTCGTTGTTTTTGCTATTTCCAGCGGCCTATTGCGACTAGATATGCGGTGTAACTTACAACACCGTAGCTACCTCCGGTCCTTATCGCATCGGCAAGCCTCTTTACCGCTGAATTACTGCCGGTGCTCCATACACATGTGTCTGTCCCCTGGTAGCCTATACTTGTATATACACTATGATTAGCCGTAGGGCTGTCGTTTGTTGTTGCGGCAAAACCAACAACAAATTTATATACTGTCCCGACGTTGGCTATAGGCAATACCCATTCTCCAGTGAAAAAGAGAAAATCAGAATACTTAGGCTCTCTAACATATGTATGGGTGCAGATCATTGTGCCATCGGCCCATTTTATATACCGGCCATTTGCATTCTCGCCGCTTTCTATCACGGCGCTCCCCGACGTACCGACGATGGGCAAAGAGGCGATGTCCACCAGTCCGCCAATCAACGGCGGTACCTCGAATTGCTTTACGAGCGCGCCGTTAATACGCTTGTAACGCACCACTTTTTTAGTCATGGCGCGATACCTCTTTGTTTACGTGCTTACTGGGATTGCCCCCCCACGTAAGCATTTACGAGTTGTCAGCATTTGTATTTTCCTCCCATGTGATCTCTACCGCGTCGAGTTCGGCTTGCGTGGTGCAGGCCGTTACAATAGCCCGCAGCTGTTGTTTGCGCAGGTACGCGGCGGCATAGTGCTGCATCATCTCAAGTTGGATCGCTTTCATGTCGTCGAGTGTGACGCCGGTGTGGAGCGTGTCTTCCGCATCCACTACGTAGGGCGCTTGACTTGGGTCGTTTTCAAGCAGTTTTACCGCGCCCTCCATTTTCTGTACGTCGGCCTCCGCGAACTGCATCGGCCAGCCGTAGGAGCACGCAAACGCGCCCTTGCAGTATCCGGTAAATGCCGTGCTTACCAGCGCAAGTTTTTTATCTTTGTTTTCCGCGAAGATCATCTCCGGCGTTTTTAACTTCGACCAGTCGATGTTTCCGGCAATTACGTTTTCTGCCACTTTATCATCTCCTTACTTCATTTCCAGCGTCCGACAACATACATCTGCACGTCGCCATTAGATAGTGGGACGCCGATAGATACGACGGATATTGTGCAGCTTGTTGTTGTAACGGTACTCCTTTTTGCGCAGTATATAAAACAGCTCGCTAATGTGGTATTGGTATTTTCTTGATACATGTCAATAATCGGTAGCACTTTTGGTATTTGCGAAAACGCCGCCGGAAAGGTAACGTTTTTTAGAACTCCGGTATCGCTTCCTAAATAATACCAGCCAGTTTTGCAGACCATAGTACCATCCGCGAATTTAACATATTCTCCGTTGGCGTTAGAACCGCGCTCAATTACGGCGCTCCCCATCGTGCCCACCACCGGTAGCCACGATATATCTACTTTGCCGTTTTCGAGCACCGGCGTCTCGGCGATCTTGACCAGCTGACCGTTCTCGCGCTTGTATCTCTGCACTAGTCAACAAAACCTGGACAGTTGACTTGCTTAACTCTGTATAGTAGGGGGGTATCTCGTTACGTCCTACTCCTAAAACTGCCGTTTCCGCTA
CP016757.1_gap54	2326327	2329537	3210	CGTATGTGACTCACCATCCTGGCAGATTGCGGCATAGGCCGAAGTTATGGCCGCCTCACGCCGCTGTAAATATGTACCGTAGTTATATGCGATCACCTTATCTATGATCTGACCGCGCGTGATGTGCCATAAATCCTCATGGCTTAGGGCAAGAGGCCCTAGAGCCATGAGATACAGCGACCTCCTGTCCTCTAACAGGAGGTCGCCGTAACGTTTTTTTCTTTTTCCGCGCCTTCCTCTTCTGTTTCGCTTGCGGGAAAGATCGAGACCATGCAATTAGATATCTCTTCAATCGCAATTTTGATCACGTTCATGTATTCGCTGCCGGACTGCTCTAGGATGTCTCCTGCCTCTTCCAGCGTGATATTACGGCGGCGGCTCTTCAGTCCGGCCCAAAAAAGAGCGCGGGTAAAACGGAAACTTGAAAGCCGCTTTTCCGGTTCTTTAGATAGCGAATCCATAATTTCCGGAATGCTTTCTTTCATCTGGTCTTCAAGCGCGCAAAGCGCGTTCTGCCCGTATTCAATGAAATACTTCCGGCTGTTGATTTCTATTTCGCGCATGAATTACACCCCCGCCTGTGCCGTATGATCCAGATCGCCGCCAGCAACCCACGAAACCGCCACTTCTACACGCGAGTCGCTAGACGAGCTTATTTTCCAGCCAGTGACATACACCGGCGCCTTTATCTGCGGTTTTCCTGCCCCAGTACCATTTAGACGTACAAATAGATATACAAGGGCCTGTGTCTTTTGTGCTGTTTCCAACACATCCAGCGTATCGCTGTCCGGATCAAGGATGACCGTAAAAGAGCCCTTTGCGTCTCCCTGCCCCGGTACATACTGTTTATTCGCGTCGTATATCCCGGTAACGTCAACTTCGGAACAGCTGAGATCCATATCCCATGATGCCAGCGCCTCAACGGTCGCCGGCGATCCTACTTCTGTCGCCGAAACCATCACCAGCGCGTTTTTTGCAAGCTGTCTTGCCATTATTTTTCATCCTCCTATCGATATTCGTAATACCTTATGTCTATTACACCGTGCCACCAGTCGGGTTCCGCGCTGTCCCGAATAATTTCTATGCCGTCATAGAGCGCCCATTCAGGCAGCGCCGCGAAGATGAGATTATTTATCTGCAATATTTCCTTACGCCCGGCGTAGCGGCTCCAAATATGAAGCGTAGTTGTGATCTCCGCTCCGGTGTTGTTCAGCAGATCGTCACTTACCTCTTGCGTATCGCCGACCTGCATATATGGCGAGGCCGCGTTATCCGGAGGCATGTCGTAGATGCCGGTTATCACAGCAGATAATGCGGCATCATTTTTTAATGCTGCGTATAGTTCTGCGTGCCTCGAAAACATGCTCATTTAGATACAACCTTCAAAGCATCAAGTACCAAGGCAATCACACGTTTTCTGTTGGCACGTAACGCCGGTTTAAGAAACGGCTGCGCTATGGCATGTCTGTTGCCATATTCCACCGCCATCGCATAGTAGAGCTGTTTTTGCCCCTTAAAACTGGCTTTACGCTCCGTGCTGGGATAGTCGCAGTAAACGTAACCGTTCATTCCGTCCTTTTCGTCATTTTTAAAAGTTTTTGGCGTAATGGAATCCCGAAGCGCACCTGTATCTACAGGGCAGCGGCGTTTTGCGTCGGCAGCGATAATATCGGTTCCCTTTCGCAGGGCAGCATAAACAGAGTCACGAATCTCACCGGAGGAAAGCTTCTTAAGCTTATTGATCAGCTCTTTGTCGCCAATTACTTTTATGGGTGGCATAATTTTAAGCCTCCTGAACACAGTCGAGTTCTACCAGCGCAGCCCGATAATCAGGGCGCACCGCCTTTACGATGAGCGATTTGCCGCGCCATGTTATTACGTCGCCTTTTTGCGGTTCTGTTCCCGGCATCCGCATTATCACAAGGTGCGTTCTAACTTCGACGTCGCGGCCACCAAGAAGCCCGTCTTTTGATTTTTTGGCGGCGACGGAAGCCCACCCGGAAAATATTATGGATTCGGATGTTATGCTTCCGCCTATGCCGTCATCTTCAAAAACTGCTCGCGAAATTGTTATACGCTCTCTCAGTTCCCCGGGATTCATACGTAATCACCACACGTCTCGATATGCGTTATGATCGCCTCAACGGTGAAACTGATTTTGTTAAGGGTCTTATTGCCGACAGTCTCAACGGCGCGATTTTCGTACCAATGGGCAACAAGCAATTTCACGGCGTGCTTATAGAGTTCATCACTGGCGATATCTTCATACGTCGGTTCTCCGCTCTCGTCTTTCGTGACATGCCGGGTCTTAGATATCTTGCCGCCAATAAACGACTGCGCCGCTGTCATCTGAGCAGTCAAAAGAGCATCCTCCGCGTCACTGTCAACGCGGAGGAACGTCTTTATCTCTGCCAGCGTAAGCGCCGGCATTAGTCGCTTACCGTCACCTTTACAGTCGCATTAAGCCCGTCGCCCGTTTCAACCGTAAAGGTCTTTTCGCCATTGGTCAGCGTCGCAAGATAATCGCCGGTTATCGTCAGCTCGCCACCCGATATGGTGTAATTACTGGAATTTACCGCCGTTCCCCCAATTTTAAGCGCGGTCACGGCAGATGACGCGCTTACCGTCAGCACCACGTCAGCGGGGGAAGCCTTGCTGAACGTGGCCGCCTCTGGGCTGACGGTTAGGAGGATTTTTTTAGGTATGCGAACGCCTTTGTAGTGCGTACCTTGCCGTCCAGGATGGCATAACCCATGTAAGTAGTCGTACGCTTTGTCATGTGGCTGTCCTGCATCAAGCTGATATCTTCCTGTACATTCATAAGATAGCCCTGACCGACGTTGCCCAACAGCATCGCATCTGCCGGTATGGCATCTTCTTCGTAGACCACATGACCAAAGAGACGCCCGACACCGCCAGAGATGACATCTGCGATAAAATACGGGCGACCGGCGGTATCCTTGATATTTGCGAGGACATTCCAAATAAAATCATTCTTCGCGTAGATTACCGCTCCGGCGGAGTACCCGCTTCTGATTTTTGACATCAGGGATGTCATTTTCGCATAAGTTACCTCGTCAGTAGAGGGAGTCCATGTAAGCACCTGCGGCGTGTTCGTCTCTGCGTTGAGCGCCGTAACAATGCCCTGCGGCTGGCTCTTCCAACTATCACTAGCACCCGCGACGCCTTTGCCCTCAACAACAGCTGCGG
CP016757.1_gap55	2341804	2342930	1126	GAATATATTCACCCGCGGGGAGTGGGGTAAAATCTTCCGGTTTAACATTGACTAGATCCTGTGTTACATCGTTTCCCAAAAGTGCCATTTATTTTTCCTCCTGTTTTTTAATTTCTACTGAAATTCCAACTTTGCCGGGCGTCTTGGTGATCGCCGCGGAAAGCATTGCTTTTATTTCGTCGCCGGTATTGTCCCAGCCTTTTTTGTTTAGTTCTGGTTTCCACCGGAAAGCGGTTGACATTATCATTTCATCGATGCTGTTCAGTGCCGCGATCTCACGCAGCCGGACCGCGTCGATCTTGACGTTCATGGAGCGTTTGACGCAAACCTTAAATTCCCCGACGTCGTTTGTCCGCGAGCCCTCCCACTGATCGGGAACGCCGATCGCCGCGGCAAGCTGCTCCTCGATCGCCACGCGTGCTGCTTTGGCGGCGTCCTCTTTCGCTTTTGCCTCGTGCAGAGCTACAACGAGAAGATATACGGCATCAGACATTTGTCCCGCCTCCGATCTTCTGCATGATTGCGCCGAGGTCGGCGGGCTCCCACATCTCTAACTGTCCGCTCCTGTCTTTCGCGGTCCAGATGCCGTCAGAGGCGCACATGAGCATCCGCTGTACTTCCCCCTTATCGTTTTGCCCGACTCGTAAAGCGAGCACCTCGTCAAAGAAATATGGCAGCATTTGTCCAAGCTTTTGCCCAGGCATCGCCGGCGAATGGAGCAGTTGGCCCATTTCGTTTTGCTGTTTCTCAATCTTCGCGGAGAAATAGACATGTCGCCCTGGCAGGTCGCGGAAACCGCGAATCAGCGCCGTCATGGTATCCTGCATCGCGCCGTATGCCTGACGCGGGTCTTTGGCGATCGCTTTTTCTGTGCCAAGCACTACCTCCGCGATCTCGGAGATGGAATCAAGAGCGACAGACTCAAACTGCCTCGATTCTTCGGATTCGTAGAGCCACCTGTGAGCCTCCCGCAGTTCCGCCATGTCCTTGATCTCGATGAACGGAAGATTTTCTTTGCGCAGGCTCAAAAGCCCACCCTCCGCCGAAAGAATCAGCGGCTTCGGCAGAGTTTTGATGAGCGTCGTCTTCCCGGCTCCGGCCTGTCCGTAGACGAGGACCTTTAGTC
CP016757.1_gap56	2368062	2369345	1283	AAGGTCTTTGCCGATGAGTTTTCCGTCCCTGACGGCGTCCACGCCGAGCAGGGTGCCATCAAGGCCGAGACGGTCCGTAAGCTGTTTGGTGGTCGAGCCCGAGCCGATGAGGTATATTACGCCAGGCTTCATGGAGAGGGCCATGAAGGCGGCGAGATTGGCCGCTTCCTCTGTCGAGCCGCCGCTGCCGCCGGACTTGCGGTCCTGCATGAACTCGCGGTCGTCGGGGATCATCATGTAGCCGTAGAGGCGCGCGCGCACAATATTGTCACGGAAGGCCTCTTCGTCAATGTCGACGACCTCCGCAGTCGTGAAGCGCTTGACTTTTCCAAGCAGGAAGTTATTGATGAGCAGCCCCGCGTCTTTCGGCCTCTTGGCGTAGACGCCGGAATGTATCTTGACTCCGGCGGGGATGCCGACGACGGGGAGGCGCTCGCCGATGACGGAGCAAATATCGCGCGCCGTACCGTCTCCCCCAGCGAATACGACAAGACCGACACCGCGCTCAAGCATCATCTCAGCTGCGCGTTTCGTGTCGGCCGGTGTCGTATGTGTCGACGGGTCAAAGAGCAGTTCAGTCTCTAAACCGTAGGATTTAAGCAAATCGGCTCCCATGCCGCCCGATGGACTGTAAAAACGGCAGTCTCCCGCGTTTTCGGCAAACTCTTTTACAGCCTCCTCGGCGCGCGTGCCGGCCATCGGCACGGCGCCGAGCTCAAGGGCCCGGCGGAGAGTCTCCTCTCCGTCGGTTCCCTTGAGGGCCACCTTGCCCCCCATTCCTGCCACAGGGTTAATGAGGAAGCCTATCTTCATGGTCTTCTCTATTTAGGCTCGAAGTAGCCTTTGTACTTCTTGTTGTAGGCGCGCCAGGTGATCGCGTACTTAGCCGGATCGTCAAAGTAATCGTGATCGATGTGGTGCACCGTGCTGTTCACGGGGGCGTGTTTGACAGCCTCGGGCTCCTCGTAGCACATGCGCGATATCTCCGCGAGGACCGCGCAGTAATCATCAATGTCCTGCTTGGAGTATGATTCGCTGGGCTCGATCGTAAAGGGCTCGGGGATGACGAATGGTTCGTGGCTCGACCAGTAGTGGGTGCCGAAGTCCGCGATGCAGCGCTGCACGTCCGCGGTGCCGAAGCCGGTGTCCTCTTTCATCTTCTGCCAGCTGTAGCGGGCCTGTTCGATGCGTGAGGGGTGGCTCGGGAAGCTGATCGAGGCGCCCTTTATCGCGAGGATCTTCTTCATGCAGTAGTTATTGTTGAGGATGGCTACGCGTGAAAC
CP016757.1_gap57	2372222	2373436	1214	CCGCCGCCGGCCTTTTTCATATGAGGCACGACATGCTTGCACATGAGATAGACGCTCTTGAGCGTCACGTTGATCGCGAGGTCCCAGTCGCTTTCGGGAAGAGTCTCGACAGTGTGGCGGCGTGCGACGCCGGCGCAGTTCACAAGGATGTCGATCCTTGAATGCTCTGCCGCTACCTTGTCGGCGAGCTCCTTGCAGTCGGCCTCTTTCGTGACGTTGCACTTGATAAACTCGGCCTTTCCGCCAGCGTCCTTAATCTCTTTCACGACTTTGTCCGCAAGCTCTTCGTTGATGTCGGCGATGACTACCGATACCCCCGCGTTCGCGAAAAAGCGCGCGATCCCCGCGCCGATACCTGAAGCGGCGCCGGTGATGATGGCCGTCTTACCGTTCATTCCGCACAGTTTGTTCAAATCCAGCATGTCTGTCTCTCCTTTATTATTTATTTTATATATGAAGCGTCTTTGCAAGTATCCACTGTATACACTATTTCTTGATTAATTTATATATTATTCTAGGAAGATTGTCAATACTCTATTTACAGATAAAATAACCTTTATTCAAACAGGGAAGATTCTTGGCTCCATAATTTCCAATATAAACTAATGACCACAGTCAATGTCAATATAGATTGCAGCGGTAAGTTTTCACGTTTAAATTATACGACCTCAGCCCCTGAGAATGGTGAATATCAGGCTGGAGAAAATATAAACGGCGCAGCACTTATATTTATTCAATGCGTCAAACGTGCGTTCAACAGGATGCGCAGACGCGCGGTGCGGCGAAGGACGCGCGCTTCGCGTCCTCCACCGCACCGCTTACGAAATACTATTAATTCCAGAAATCCGTCTTTTCCTTCAGACCGATGGCGGCGGCCTTGAAGACCGGCTTCTTGCCCAGGCGTCTCTGCGCGGTATAGTCGTTCAACGCCGCGAGCGCCGTCCGGGCGAGGATAACAATGACCGGCAGGTTTATGAGCGCCATCACTCCCATGAGAACGTCGGCCATATCCCAGACGAGGCCGAATTCCAGCTGCGCGCCGACAAAGACCGCTATAATCGCCGCAATACGGAAGATGTTCATCGCCCTTTTGCTCAGCGCGCGGCCCGCGATGTAGTTTAGACAGCCCTCACAGTAGAAGAGGTTGCCCAGCAGCGTAGTGAAGGCGAAGAGCAGCAGAGCGGCGGTGATGAAGTACGGCCCCACGGTTCCGA
CP016757.1_gap58	2494438	2495352	914	TACTTATTGTCGGGACAGCCGATGGGATAATCCTGCATCTTGTCGAAATAGGCCGGTTCAAGGGCGATCGCGTACTTCTCCTTGACATTTATAATGACGGCGTCGTCGTGAAGCACGGTGACATTATACTTATCCTTATGCTTCGCGTGCGTGATGGTCGACTTTCCGGAGCCGGAGAGTCCGAATACGGCGAGAACATACTTCTTGCCGCTGCCGTCCTTAAGCTCGTAGCGTTTGAGACCGCCGTGGCAGGAGGCGTAGCCGTTGCGCGCGGCGGCGCCCCAGGCAAGCGTCAGCGTACCCTTCTTAAACTCTCCGAAATAGCGCATTCCGAGGATCGCGGCGCAGTTCTGCTCCGGAGAGAAGAAGGCGAGGCCGAGGGGATAATCGGGATGCGTCCAGTATGGGTCGGCGTAGACAAAGAGGTCGCCGTCGGCAGGCAGTTCACGGGAATTCTTATAGCGCGCCGCGTATTCGTCATTAAGATACTGGAAGTTCAGCATCCAGCTATAGAGATTATTTTCAAATCCCTCCGGCATCATGATGTTGGCTTTGACCATAAAATCCTCTTCAAGGCCGATGACCGCCTGCGCCGAATAAAAATGACGGAAACGGGAGTTATGTATAGCCTCGCGTAAAAGCGTCGCCAAATCCGGCACGGATACGCCGGGATGGCCGACGATCCTGCGCGCCGCGGCACAGCGTCCAAAAATCGCGCCGTCGTTAAAGAGCAGTACGTTGGCGCCTTCGGGAAGTCCCAGCTCTGTTGGCCGGTAGACGGGCATGCCTGTCAGTTCCACTGTTCCGGGGCTGTCCTTCGCAAGCCTGTAGGCCTCCTTAAGATCCTTGACCGGAGAGACGTTATTGCCGTAAAAGGCCGTCTCTATAGTCGTCCTGATGGGTGTGGCATTGAG
CP016757.1_gap59	2518349	2522099	3750	GCCTCAATTACCGAGTACTCACCGGAGATAATTTTTGAAAGTATTTTCCTGTTGACCAGGCTATCATCCACGGCCAGAATATATTTCCCCGGCATCGCATAAATCCCTCCATGTCCGACAACCGACCGATCCCTGTCGCTGTGAGGGATAACAGTTAAACATTCTCAGTCGATACCGGTAATCATAATTATACGTTATTTTTTCTTTTCAGTACAATATTTATTTATATTTTAAAAGATTAAGTAATAAAATTTCATAAATAAACAATATGCGATTTAACGGCGGACTTTCAGGCAAGGCTATCATTTTTATCCAAATTCAAATATAAATTGGCAGGATGCGGCATAATCAAAGCGAGCAGCTGAGAGGCTGACGAAGGGAATATATGAAAGGAGAGGTAAAAATTCAGAGGTCACCGCCGCGTGGGCAATAAAGGGGATATCGTGACCGCGTTCCGGCTAAGGCATACGGGCAATCATGATACGGCATGATGGATGTACGCGGCCCTGCCCTGCCGATAAACCGCAGGAACCATGACGGGTAATTTGCGCGTTATAATATTTTTTAAAAGCTGTAAAATATATCTTGTCTATCGGCCATTTAGAGTTATACTTCTACAGTAAATTCGTAGAGGTATCATTAAGAAAGAAGGTATAGATCTTGGTACTTTGTTATTACAACGGAAGATTCTCCCCCGTTTCAGAGTGCGCCCTGCCGCTGACTGACATGGCGATCCAGCGAGGCGTAGGAGCGTTCGAGTCGATCAGGATATATGATGGGACCCCCTTCGCGATGAAGCAGCACCTCGAGAGGCTCGCGGGAAGCGCCGCGGGCTCCGGCATCATGGCGGAAGAGATAATCGAAAAGCTCCCCGGGCTGATCCGCGAGGGGCTCGCGCTGCCTGACAACAAAAACTTCGACGGCCTCGTAAAACCCTATATCACCGGCGGAGATGTAAACAACAAGGGAAGTTTCCCCAATCCGCGGTTTTTCATAATCTTTGACGAGGTGCACAAACCGACGGACGAGGAAAAGAAAAACGGCATCGCTCTTGAGCCGAACCGCGTCGCGCGCCCCTTCCCGCTCATTAAAAGCACAAATTACCTCTTCGGCCTCATCCCGCTCTCAAAGACCCAGAGGGTAAATTTTGAGACCCTCTATATCACCCCGGAGGGCGAGATCACCGAGGCGATGAGCAGCAACTTCTTCCTCTGCAAGGACGGAAAGATTATCACCGCCCCCGTCGGAAAGGTCCTCAAAGGCGTAACCCGCGACATCATCATCACCCTCGCGAGGGAGAACGGCTTCACCGTTGAGGAGCGCTGCCCGCTGGAGAGCGAGCTCGCCAGCGCCGACGAGGCTTTCATCACCGGCACGGTCAAGGAGATACTCCCCGTCGTGCGCGTCGGCGCGCAGCAGATCGGCAGCGGCCGCCCCGGCCCCGTGGCGCAGAACCTCCAGCATATCTTCCTGAAAAACCAGCAGCGCTGGATGGACTGACAGAAAAATTAAAAACGCGGGCGGAACGGAGTAAAAACTCTGTCCCGCCCATTCGCATATCATGAAAAAATTTCTGCGCCTCTCCTTCTTCATCCCCGTCGCCTATTCTCTATTAAGCGCCGCGCTGACGCTGTTGTTCGCCGCCGCCATTGCCTCCCTGTATACGGAGTTGGCGTGGACGGGAGCCTTTTTCTACCATTGGGGTTACCACATCCTTGCCGCTTTCAGCACGGCGGCGATGGCCAGCCCGCTGAGCTTGGTTATCTGCCTGCTGATCTCGTGGCATCACCGGCGAAAAGAAACGGCGGCGGGACGTTTTTACCGGGAGGCGCCGCTGTTCTTAAGCATTGTCACGCAGGGAATATTGCTTGCGGCGCTGCTCTTTTTCCTTCTCGTAAATCTATTCTGATCCAGCCGCCCTGGATGCGGGGACCTTTATCTTTCTCACCTCTGGCATACCCGCGGAGGCGGCGAATTTTTTCATGCGCAGGAGCACGTGGATAAAGATTTCGTTCAGCAGCCCGGCGAAGCTCACGTTATCTCCCCTGTCTAACGCCGACATCGCTTGACGGCAGAGTCTGGCGAGGGCGGCGATACGGTCGGACGCTCCGGGCTGGTACATGAGATGCTCCCCCCAGAGGAGCAGTCCGTTTATCTCTTTGAAGATGGTGCGCAGGGTCTCCGACGGAAGAGCCTCGAATACACATTCCACAAAACTCCTGATCACGGCCACCCCATTTTTGTCGAGGCTTTCGCGCAGATACAGCCGCTGTTCCTCCGTAAAGCGATCTGCCGCGAGACGCGCCGCGTGGGGGAAAAGTACGGTCATCAGCTGGAGCGCGTGGAGGTAGACCCAGATGTCCCGCTTCTGCTCCGGCTCCGAAAAACGTCTGATGTCCGCGCCCACCGACGCGAGGGAGACCTGTGCCCGGCGGCCGTTGCGTATAACAATGAATCCGCGTCCCTCAAGCATCTTCAGCGCCTGGCGCACCACGTAAAGGGAGACGCCGTAATGCGCGGCAAGCTCCTTCGAGGCTGGCAGAAAGCAGCCGTCACGCCAGCGGCCGAGAGATATTTCGTGCGTGATATCCCGCACGATCTCCGCATAGAGATATACCTTACCCTTCGCGGCATCCCAGTGGAATTTTTCCTGCTCCGGCGGGCAAATGGCACGGCCGTCCTCAGCCAGAAGCTGGAGATAGCCCTCCACATATGACCTAACGGAGCTGTACATCGAGCGGAGACGCCTGTCGGCCTCATGATAATTACGCCGCACCAGAGGCTCGATCCGCCAGCGGAAGTTATGTTCAGCCTCATCCGCGGCGATCTCGAAGGGATGGCGGTACCCCTCAAAAAACGGGATCTTGGCGTAAAGCTCCAAACTTGAATAGAGATCATTGAAGAGCGGATTATCCGCCTTTTTAAGGATCGTATGCAGCAGCTGCGACGAGAGACGCCACCGCTCAATCCAGGAAAGACGCGCCATTTTTTTAGCACCGGCGTCAACGGCAAGCAGCTCGTCGTCGCCGCACTGCTGCGCGCAGAAGATGAGGAGCGGCGTCATCAGCAGTTCCATAGCGTCATAGACCTCCGACATGCAGTTTCTCCGCGCCAGCGTCTCTCTCAGGTTCGCCTCGTTCCCGGCGTCCTCTGTCCCATGGATGACGGTCGCACGGCGCCTCTCTTCGGTGCGGATATAACCGTCGTCGCGCAGCGCCTTCAGCACGTCCCGCGCGGTGCGTATCCCAACGTTATATATCCGGCACAGCTCTGCGGCGGAGGGCAGGGAAGAACCGTAAATATACCGGCCCGCCCTTATCTGCGAAAGAATTCCGTTGTATAGATATTGAAACATACTGCTCTTTTCCATGTAGCATCTCCCCGCGTAATTCTATCACAGAAATTTTTGTATAGCTATATGGATACGTATACAGATAATCTCTTGCAGGATATCTTAACTTATTTATAATCGTTATGAAAATTTATAATTGTGCATACATAAATGCACAATTCTTTTATATAGAGGTGCTGACAATGCCGTTGATATTCAGGAAAATGTTTCAGTATAAAACCACCCTCCTTTTGTCGATTGGCGCCCTCATCTTCCTGCTGGCGCTCTCCGGCGTGATATTATGGAACGCCGTTGAGCTGCACAGGGCGGTCAACAAACTGACCGAGGACTATCTGGAGGATGTAGCGGCGGAATCGGCGAAATCTGTCGACACAAAGTTCCACGAGATCTTCAAATCT
CP016757.1_gap60	2538049	2543016	4967	CCATGTACTCGACCGTCTTCCGCTCTTTTTTGGAAAGGGAATCCAGCTTTTCCTGTACCCGGCTGTAAAAAGCGCCGCTAGTAGATTTTTCTCTCATGTCCGTTAGCTCCGTTTTCTATGCTATGTATTTATCGTCCGTTATCCCAATTTTACATATTTGAAGATTCAGGAGCAAACTAAATTTACCTCGGCGCGGCATTAAATCTATAAAAGATCCTCCACATGCCCGGGCTGGCCGGGAATTGTGAGCATTTCCAGCGCCTTTTCCACATAGCGGCGGCGGCAGGCCTTTTCGTCCGCCGGGCTGAGATTGGGGTTGCCGACGGGGCAGGTGATGGCAAAACCGCGCAGTATACGCGAAGCGCCCACAGAACCGGCGATATCGACCACGGCGCAGATCTGCGTCACCGGGATGCCAACACGCTCTATCTCTTTGACAATCGTTGACCCGCAACGAGTGCTCGTGCCTCAGGTGGAGGTGAGGATAGCGGCGTTGACACCCTTATTCAGCAGCTCGGCGGCGATCTGCCGCCCAATATCCTGCGAGGCGGCTACCGAGGCGCAGTTTCCCGTCGCCACGCAGACCTCCGGCTCCAGCGCTCCGAGCCTTCCCGCCGAGACCTCTTCGCGCAGCACGTCCACGGGAAAGAGACGGCAGGGATCTTCGAGCACCCAGGTGCCGTCATAGCCGCTGTGGATGACGAAATGCGGCTCCGCCACGAGCCTGTCCCAGTCGTAATGGCCCCAGGTGGTGCTGCCGTTGGGTTTCAGCTTGTCGGGATTTTGTTCGGGGATAAGGCCTCCGTCGGAGACAAGGGCCAATTTGACCCCGCTCAGATCGGTTACCGGCGGCGCCGGCTCCACGTTATCGAAATTCGGAGGCAGCAGCTCGCTGACAAAGGGCTCCCCTTTTATCTTTTTCATCAGCATATCGATGGCGCGCACGGCGGCATTGTCCGGCTGTTCCTCGTTGAGGATCACGTCGCGGATCATATACCCCTCGGCGGCGGCGCTGCCGATATGCTCCCCCGTCAGCAGCCGCAGCCCGATACCGGCCATCACGGGGGCGACATTGCGCAGCTGCGAGGACATTATGCCGGTCTTTACGATGTAGGTATCCTTGCGGTAAAGCTCGACGGCGGGGTTCTCCGGGAACATGCCGGTGACCGTGGGGATATGAAGCTCGCGGGCCACCGCCGAAGCCATGCAGCCGCAGCTGATGCCGTAACGCCCGGCGTTAAAGGCGGGCCCCGCGATAAACAGGTCCGGCTTCAGCGCGCGTACCAGCGCCAGCCCCTCGGCCGCGCCGCGCTCCGTGTCCTCCGCAAAATAGTTGTCGCCGCAGATTACCGTTCCCACCACCTCGCAGCGCTCCCGCAAAAGTTCCTGGAAGAGTCTCGCGGGGCCGACGGCCTCATGCTTGACGCTGAAACCGACGTGGGCCATCTCTTCGCCGCCGATCTGTCCGAAGAATTGATTTATGTAGCAGACTACCCGCCATTTTTTTTGTTCCATAACGCAGCGCCTCCTCTAGTAATCCACAGCCATCCCGTAGGAAAAACCTACCTGGCTCATCAGCCCCACCTGTTTCATATAGGTTGAGCGGACCCGCCCCTTCGCTGGGTCCCCGGTCGCTATCTTGTGACCGCCGATGACGCCGTCGTCGCCGCTCAGATAAAGAGCATCTTCCGGGCCGCCCAGCAAAGTCTCGACCGCAGGCAGTGAGAAGTTGTGATAATAGGTGCCGGAACATACGATCGAATTGACGTTATGGTCGCTGATCATACATTCGACGCCGAGATTGCTCTTCCCGTTGAGTATCTGAATGATGGGAACGGCCTTGATGCCGAGCTTTTCCGCTTCGCTAGCGATCGCCCCCACGCACAGGGTCGAGGCGCCGCCGACCCCCTTGGTGATGATGGCACCGTCTGCGTGAAATACCTCTTTGAGCAGGCTGGCCGCCATCTTTGAGACCAGATTGCGGTGCTTGGCCTCCACCGATGTGACGGTGATCACCACGCCCGCGAAATTCAGCTCTTTGCCGTGACGCCGCATCAGCTCGATGATGACTGGATGGTTCTGTATCTCATAGGTCGTGACGCAGCGGAAACCGCCGCAGGGTGAGATCGCCCCGTCAAGCACCTCCGTGGGCTGCATGATCAGCGGCAGCGTATCAGGAACTGCGTTGCCGTAGAGCATCGGCTCCCGGTAATTTTGCGTATCGTACTGCTTTGAATAGATCTGATAGACATAGGCGACATTGGGCAGCCCCGGATGCCGCTCACTGTTGTCGAAGGTCTCGCTGCTGTCGGCGGCCCGTTCGTGCGTCGCCTTCGCGAGCATTACGCTCGTTTTGAAACCAACGCGGCGCAGCGCCTCGCGGTACTCGCGGAAATCGGCGTCAGCCGGCGTCAGCGGTTCAATGACGAGCATGGGCATCTTCGCGTAGGGATTTATCTCCGCGCATTCGCCGCTCATATCGAACGATCCCCATTTTCTTGACCAGTACGTGTCGTTCTGGCAGAGGACGATGCCCATTCCCTCAACGGCGCGCGTCACACCGCCGCCCGCTATCTCATAGTCGTCCGTCAGTACGCCCGGCCAGTCGATATTATCCGACATCTTGCAGCGGGGCTGTACAACATCCACGACGTTGATGATACGCGTTGAGTCGCCGGGGCGGGCAATGTCGATCTTCAGGGTGTCAAAGCAGGGCTCGCCCGCGGCGAACGCCAGGATATCCTCTTTGCTGACGTAGAGCACGCCGTCGCGCAGAGAGGTAGACTCGCCGAATTGCAGATCTTTAATGTGAACCGTTTCAACCGTTAATTTCATCTGTATGAATCTCCTTTTATATTAAGCGCCCATCAGCAGATTAGGCACGAAGGTGACTATCGGCGGGAAGAACCACATCAGCAGCATTACGGTGAGGATGATGAGGACGACGGGTACCGTATAGCTGATCGCCTGCCGGAATGTCGCGCCGGCGATATTCATCGACAGGAAGAGATATAGTCCCACCGGCGGCGTCAGCGCGCCCACGACCGTGGAGATTGAGAAGAGCACGCCGAAGAGCAGCGGATCGACGCCCAGGTGCATCACGATCGGGTAGACCGTGGGCAGAATGACCGCCGTGGCCGCGAGCGTCTCCATGAAGCAGCCGATTATCAGCATCATGACGATGATGATAAACACCAGGACTGCGGGGTTGTGCGTGATCGAAAGCAGGAAATTCTCGACCATCGGAGTGACGTTCTCGCGCGCGAATATGTAGGAGTAGATGTTCGAAATACCCATGATCATCATCAGCATCGCCGACGATGAGGAGGCCCTTTTGAATATCCCCAGCATATCTTTCAGTTTCAGCGTGCGGTAGATGAAGAAGCCGCAGATCAGCGCGTAGACACAGGCTACGATGCTGGATTCCGTCGCCGTGAAGAAGCCGGTGACCACTCCCGCGAGAATGATGACCGGAGTTATCAGCGCGAAGAAGGACTTCAAAAAGGCCCGCCACACAGATCCGAGGCTGAAACGCCCGCTGCCCTGGTCGACATTGTACTTCGTCGCGTACCAGTAGCACATCACCATCAGGCAGACGCCGATCAGGATGCCGGGCATCAGGCCGCCGATAAAGAGCCTGCCCACGGAGAATCCCGTCAGCGAGGCGTAGACGATCATATTGGTGCTTGGCGGGATGATCGGCGCCAGCGCTCCGGAACCCGCGATCATCGAGGCGATGAACCCCCTGTCGTACCCCTCTTTGTTAAGCTCAGGCACCGTCAGAGTGCTGATCGCGCTCATCGTCGCCGCGCCGGATCCGGATATGCCGGCGAAGATCATATTCGCCAACACGGAGACCATCCCCATACCGCCGCGTATCTGGGCGACGCAGGCCCGGCAGAAATCAAGGATACGCGTGGAGAGGTTGGCGGCTCCCATGATCTCACCCGCCAGGATAAAGAGCGGCCCGGCCATCAGCGAAAAGGAATTCATGCCGCGAATGGCCTGCTGCACAGCCATAAAGGCGGGAATCTCGCTGCCGAACATGATCGCCAAAAGCCCGGAGAGGCCGATCGCGAAACATACCGGCACGCCCAGCACCAGAAAAATCAGCAGAGTTATCAGCGCAATGGCAATCATCTATCTTTCCCCTTCCCTGTATTGTCTTGCCAGCTTGGGAATGGCGCTGGCGTAAGAGCAGAGCATCATGACGATTCCCAGAGGAACCGCCGCGTATATGTAGGCGTAGGGAATGCGGATGGCGGCTCCCAGCGAATTGAAGCTCTTCGAGACCAGAACGATCGATCCCGGAAAAAACATAATCAGGAAGACGACGCAGATCAGCCTGCCGATGATAAACAGCACCGCGCGCGCCTTATTGTTTTTCATAAAGCTGATGACGATATCAACCGACACATGGGCGTCCGCCCTCACAGTAAGGGCCGAGCCGATAAACGTCAGGTAGATGCCGCAAAAGCGCATGGCCTCTTCGGTCCACGGCGGCGACGAATGAAGGATAAAACGGCCAAAAACCTGCAGACTGCCGAAAACCAAAATCAGGACGAACATCAGCGCGCAGAACCAGACCTGGATATTTTCGATTACTCTGTCTATTTTTATCAATGTTTTCATCTTTATTGACCTCATGCTCCGGTAAGGGCGCCCCCGCGCGGCAAACGCGCGCGGAGGCATTCCGTCTTGATCGATATGTTAATTCTTCTGCTGTAACATAAGGGGGAGGTTAACTGTTCAGCGACAGCATCTTCTTGATGAGGCCGCCCAGCTTGTAATTTTTCTCATATTTGTCGTATATCGGCTGACAGGCGTTCTTCATCCTGTCACGTTCCTTCTGCGATATATCGTTGATCTTCACTCCGGCCGCCGCCATCGCCTTTTCCGCGGCGTTATCGGAGGCCTGGCGGTTCTGCAGCTGCTTCTTCTGGCTCTCAAGCGCGCTCTTCTGGATT
CP016757.1_gap61	2558395	2560625	2230	AAGGAGCGGGTCTCATGCAATAATTTTTCCATCTCCTCCACGGCGGCAAAGACCTTGTTTTTATTTTCCGCCTCCGCCTGCGTTTCGCAGAGACCACGCAGAGAGTGCAGCATCGATACCATTGAATATCCGATGCTGTCATGGAGCTTCGTGGCAATCGCCCGGCGGGTCTTTTCCTCCGCCAGCGTAAGATTAGCCGTAAGTTTGCGCAGCAGTCGCTCCTTCTTCTTAAGCTGCAGTGCAATTTTATGCCAGCTGCTCATATCTCTGAATATCAGCACCACCCAGTCGGGAATAGGAGAAAATATAAAGAGCTGATAAAATCCAGGGGCGACACAGCTTTCCGCTTCAAAAAAACCTGATTTCACATCGTTGCCGTATTCCGTCCCGAAACCGGTGCTGCCGGTTTCTGCGACACGTATCATAACACCACGCCAGTCCTCAAGATCGTCTTTCCATACGGAGCTATAGAGCTTACCGATCAGATCATCTCTCTTCATATTATTGATCTTTTCGTAAGCGTCATTGACCCTTACGTACACAAGATCCTTTCCTTTACCATTTGCACCGTCAACGATCCGACAGATAGCCAAAGGATCAACGATATTCTGAAATATGGCCTCCAGTATTTGATCTCGATGCATGTCAGTTATCAAAATTCATCAGTCCCTCCCGCATGGCATAACGCGTGAGTTCATTCAAATTTTCACAGCCCAGTTTCTGCATTAAGTTGCGGCGGTGGACGTCCACCGTGTTTCGGCTGATACATAGCTCCGAGCTGATGCTTTTCGCGCTCTTTCCCTCGGAGATGAGAGCCAGGACCTCTTTTTCGCGAGTGGAAAGTACTTCCAGCTTTTCCGGCGCGTCTGGTATACTCAGTCGCTGAATATAATCGCGGATCAGGATGGTGACGACGTTGGGGCTAAGATACATTAAGCCTGAGAGGACGACGTCTATTGCCATAACCAACTCTTCCGGCTCGGATTCCTTCAAAGCATAACCATCGGCGCCAGCTTTCAATACCTCGATTATCATCCGCCGGTCAAGGTGCATAGAAAGTATTAATATCTTAATATTGGGAAATTCCCGTTTAACTGCGCGAGTAATCTCGATACCGTTCATCTCCGGCATCGTAATATCCAGCACGACAAGATCTGGGTTGGTGGCACGGATCATCTCCAGGCCGCTCTTCCCAGTGTGAGCCCTACCTGCAACCTCAATATGCGCAATGCCAGATAATATCCCTGTTATTCCCTCCAAAAATAATTTATGGTCATCTACCAGCATGATTTTCTTTTTCATATTATCGGACCACCCTTAAAATGCCTGCGATAATGAACAATGATCAGCATGGCATAACAATTACATTATAAAAACAGGGAGGCGCAGAATAGACATAACGACACAATAAAAACAGACTGAGACCGTTATAGTTAATCTTTAGCTGCGCTATTGAATGATAACGATATCGGTTAATTTATGTTAAGGATTATACCATAAAAAAATAATTTTTTATTGAATATCCAAAAAGTATTTTATTCTTTATAATTTTATTCATAAGAATTATCAGTCATTAAATACACTAACATTCATTTCAAATATCAGGAGGGAGATATTATGCGCAAAATGAGATTGGGCATGCACAGCTACACACTGCATCTTTGGGGACTCGGTCAAAACTGGGGCATCCACGCCGCCCCTTATCCAAAGTCCATCGACCTTATGAAGCTGATGGATATGGCGGAAGAATGGGGCCTTGACGGCCTCCACATAACGGGTGCCGACCTTGAGACGAAGGATGATATACGCCTTGCTGAGGTAGCCGCCGCCGCGAAGACTCACGGCCTTTATCTTGAGTATAATTGCTCTCTCAATGAGGAATTTGACCAGCGTCTCAACGAAAGCTTCGAGAGCGCAGTCACAGTGGCCTCAAAAATTGGAGCCGAGCTTGTAAAGTTCAGCCTTGACATACGCCGTGAGCGTCCACTATACGGCAGCTGCTTCCAACCTGCTGTAATGAAACAGCTGGCAGATATTCATGACCAGATCAAACGGGCCATCCCGACAATCGAGAAATACGGTATTCCAATCGCGATCGAAAATCACACTGAGACCTATGCCGACGAAATATTGTGGCTCGTCGACAGCGTAAACCATCCGCTAGTTCAGGTGTGCGTCGATACGGTAAATTCTTTTGGTGTACTTGAGGGGCCGGAGATCGCGGTGGAAA
CP016757.1_gap62	2596582	2599943	3361	CGATATTTCGTCCGCGCGGCGGATGGGGCCGATCGACTGCCAGGCTTTTCTTTGCAGCTCTCTGCGGATTTCGGCGACGGGGCGGCCGTCCGCGGAAAGAAGCTCACCCGCCTCTCTTGCGGGAAATTCTTTCGGCATCTCATGCGGATGTTTGGCCGCCGCGCGGCCCGCACGCAGTCCGAAGGTCACGATGTGCGCGAGCGCGTTTCCGCCCATACGGTTCGCGCCGTCGATGCCGCCGGTCACTTCGCCGCAGGCGTAAAGTCCCTCCACACCGGTCTCGCCGCTGGTTCCGATCTCGACGCCGCCGCAGAAATAGTGTTCCAGCGGCGCGATGCGCAGCGGCTCTTTGCGTCCCATAAAAAATTCCCGCGGCAGCGTGAGTGCGTAGAGAAATCCGGGGTCGTCCCACAGCGCCGCAGGCGTCTCCTCAATGTGGGCGAAGACCCCGCCTTCGCGGTCTTTACGCGCGAGCAGCAGCGAGAGTTTGTCACGGGCAAAGTAGTTGCACTCTTTGCCGTCCTTCACGCCCCACTCGCGGTAGGCATCGGGAAGAAATTCCCTTCCCTCCGCGTCAGTGACGCGGATGAAATCTCCGAGAGTGGTGTCCGCCATCCACATGGGAAAGTTCTCCTGCGCCCAGCCGACAGGATAGAACTGAACGAATTCCATATCCCGCAGTTTAAGTCCCGCGGCAAGCGCGAGCGCGTAGCCGTCGCCGGTCATGCGTTCTGGGTTGTCGGTATGGCTGTAGATGCGTCCGGCTCCCCCGGTAGCGAGTACTACGGCGTCCGCCGGGAGCGCGAGGCTCCGTCTGCCGCGCCAGTTCGTTACGGAGACTCCGCGGGCACGTCCTCCGCAGGTAAATATCTCGCGTGCGACGGACCATTCAATAAACTTGACGCCACACTCTTTCGCGATCCGCACCAGCTGCTCCACGAGTCCGCTGCCGCCCATGAGCTCGTTCTTCGCGGTGGCGCGGGCGCTCGCGCGTCCTTTTTGAAATTCGAGCGTCACGCCCAAGGAGGCGATCTCTTCAAGCGCGGCGCAGCTCTCTTCGGTCAGCGTTTCAAGCAGGGCGCGGTCGTTGAGACGGTATCCCGTCTTTAAGAGTTTCTCGTACTGATCCCGAGGCGAAACGCCGCCGCAGGCCAGAGAAAAAAGTCCCGCGGAATAGGCCGTACAGGAGGCGACGGCCGCGGCCGTCTTGGATATGACCATAACGTCGGCTCCCGCGCGGCGCGCGGCGATCGCCGCGGTAAGACCTGCGCCGCCGCTGCCTATTATCACAACATTCGCCATCAGCCGTCTCTCCCTTCGTCCATTGTCTAGCCCTCGTCGAGCATCTTTTCGTAGAGCGCCTCGGTACGCGACTGTATTCTCTCCATCGAGACTCCCAGCTGCTGTGCATACCACACCGCGCCGCCGGCGCCAACGCCCTCTTTGATGAAACCCTTTTCGTAATCGGCAAGCCCTGGGAAGCGTGACTTCGTGAAGTCGAGCGGCGCCGCGTACCAGCGCACGCCGATTTTTGCGGCATATTCTTCAAGGCAGCTGGTTGGATCGATGTGGACATATTTCGTCGTCGCCACCAGAATATCGCGCTCCACGCCCATGTCGCGCAGCAGCGCCGCCACCGCCATCATCTGCGTGCCGCCGGCGAGCGTTACTTTTACCTCATCCGGCAGCGCGGCGGCATAGGCGGCCACCGCCACCTGCATGGGATCGCCCAGCTCTGCGGCGGCTTTGAGGCCCAAGCCTTTCATGCCGCCCTCTTTGATGCCGAGTCGCTTCGCCGTGTCACGCCATATCTGCTCTTTCAGCGACAGGGGGTTTTCCGGTCCCGCGGAGGATACGGTGCCGACATGTCCAAGGGCGCGCAGCACCAGCAGAGCCGTAGTTGTGCCGCCGGGAACCGACTCAGCGAGCACGACCTGTTTTATATTTTTATCAAGTCCCGCGGCCAGCTCCGCAGAGCGCCGCGCAATCTCTTCATAGCCGGGAACCGCCGCCTCGAAGCGCATATCGCGACCAATATCCTCGCTGATCGTCTCATGCGGAGAGGCGGGGGCTATCGAGGTACCGACTCTTACTGTGGCCGCGTCAAAGCCGGCCTCAAGCAGTGAGGCGCGGGTGACCAGCGCAGGAGAGGGGTGACCGAATGGGTCGAACGGCAGTGATGGTGCGACCTTCGGACGATCATAGAAGAGCATGTCGGCATCCGCCGGCGCGGTGTAGGGCAGTGCGTCAAGATTTGCACCTGCGGCGGAGAGTCCAGGAATTTTGGCTAATGCCGTCTCGCTGATGAACAACAGAAACATTGCTTATTTTACCCCCTGTACGTAGATTCGTTTAAGCGTTAAAATGCACTATAGGCTGTCCCCACGGAATAGTGAGGGTTATCTTTTTGTGCGATGTTAATAGTTTATGGCCTTTATAGCCATGATTCATAGATTATATAATAGATAGGGGATTTATGGTCCTACGGTATCTATTTTGAGGGGGGAAAAATTTCGTGGCTTCAAAACTTGCACCAACACGAGGAAACCTTGTCAGGCTCACACGCGATATGGCGATGGCCCAGTCAGGTCACGACCTCCTCGACCAGAAGCGCCAAGTGCTGATGATGGAGCTGGTTCATTATATAGACTCGGCAAAAAAGCTTCAGGAGGATGTCTCCAAGGTGTTCAAAGATGCGTACGAGGCGCTCCAAAAGGCGAACATATCTCTCGGCATCGACACTGTGGAGGATATCTCGGAGTCCGTTCCGATCACCTCTAATATCACAGTGCGCCTTCGCTCGGTGATGGGGGTGGAGATCCCCGACGTGGACCCTTTGAGCGCCGAGACTATCCCCAGCTATTCCTTCCACGGCTCTTCGGGAGCGATGGATGCGGCCTATGCGAAGTTTCGCCGCGTGATGGTACTGGTGGCGCAGCTCGCCGAGATCGAAACGAGCGTCTACCGTCTGGCGGTCCAGATACGAAAGACCCACAGGCGCGTCAACGCCCTTGAGAAGGTGGTCATCCCTCAGGACAAGGCGGAGATAAACTTTATCAGCGACGTCCTGGAAGAGGGAGAGCGTGAGGACTTCACGCGAATGAAGCTCGCGCAGAAAAAGATAAAGGAATAGGGGATTTCAACGGCTCCACTATGCTTTTATAAATTAGGGAGGGAATTTTGCAATGAGTACTCTGCACGAAGTACTGGCAGTTTTGCTGGGGGCAGAATCAGAGGCCAAAAGAATAGTCGACGATTCAAAGAATGAATCGGAATCTCTGCTTCGCACCGCGCAGGAAAAGTTTGCCGCGGAGCGTGCAAACCAGATGGCTTCCGCCAGGGAGCAGGCAAAGGGCATAAT
CP016757.1_gap63	2724772	2728322	3550	CGCCCGCGATGACGATCGGCACGGGACAGGCCGCGGTGACCTCCTCAAACCCCTCGCAGTAGTAGGTCTTGATCACCTGCGCGCCAAGTTCGGCGAGTATGCGCGTCGCAAGCTGGAAGTAACGCTTGGTGCGCTCCATCTCTTTGCCGACGGCGGTGACGCCCATCACGGGGATGCCGTAGCGGTTACCAGCGTTTATCATATCGCTGAGATTTTTGAAGCTACCGACCTCGTTTTTGGAGCCGACGAAGGTCTGGACGACGATGCAGGAGGCGTTGAGACGGATGGCGTCCTCCACGTCCACACCAACATGGCCGTAGCTCAGGTCTTCGTGCAGCACGCTGGTGTCGGTGGTGCAGCGCAGCGCAATCGCCTTGTTGAAGGTCGGCGGCACGCAGCTCTTAATCGCCCCGCGCGTCGCCATCAGCACGTCGGCGTATGGCGCGAGCGGAGGGATGGCAAGGTCGAGGCGCTCAAGCCCCGCGGTCGGCCCCATGATGTAGCCGTGGTCGAAGGCGAGCATGACGGTGCGTCCGCTCTTGGGGTCGAAGATACGCGCGAGGCGGTCTTTCATGCCCCAGTCACAGTGTTCCGCCCCCTTGACGTAGAAGCTCTTCTGCTCCACCGGCCTGTCGAGGCCGTAGTCTTTCGCCAGGATGTTTCCTATTTTGTCTACCATTTTAAGACTCTCCTCATTCCTCGGCCGCCGATTTCGCGAAGGCCTTGAATATGATCGAAACGGAGACCGAGCCGGGGTCTGGTATGCCCAGCGCGCGTTCGCCGAGGTTCTTGGCGCGGCCAAAGTGCGCCACATAATCTTTCGTCTTCATGCAGCCCTCATGCGCCGCGAGACGGGCCGCCTCAAGCGCCGCCGCGATGTCTGCGCCGCCGTAGTCCGCGAAGGCCGCGACTGCGGGGGTCAGCGCGTCGACCATGGTCTTGCCTCCGAGTGGGGCCTTGGAGAATTTCAAAAGCCGCGCCTCGCCGCTCTTGAAGGCCTCCGCAAGCTGCTCCTTCGTCAGCTCAGCCGCCCCCTCGGGGACGGCGCGCGCCATGCCGGAGAAGAGCGAGCCGAAGAGGGGCACGGTCGCCCCGCCGCCCATGTTGAGGACGGCCATGCCGACGGCCGAGAGCATTCCCTTGAAGTCGCCCCCCTGATAGCCCTCGGCTGTAACCTTTACCGTCTCCATCACCTTGACCATCGTCGTTCCGTGGTCGCCGTCGCCTATCTGTGAATCAAGCTCCGTCAGCTCGTCTTTCGCCTCTGTGATCGCCGAGGCCGCGCAGCCGAGCATCTTTACGAAGCGTCCGTATGTAAGTTTTTCCATTACCACGCGCGCCGCCCTATTTCACCGTGTAGTAGGGCGTGTCGCAGGGGGCCTTCCAATATTTGAGCAGTTCTCCGTCCATGCGCGCCATGAAGAGCTGGAAGCCCGCCGCCTCCTGGACGGTAAGCAGCTCACCCACGTGCGAGGCGACGACTTTGACGCCCTTGCCTTTGAGGTATTCGACACAGTCCTTGAAGACGATGAGCTGTTCCATGAGCGTCGTCGCGCCTGAGCCGTTGACGATGAGCATGACCTCTTCGCCCTCTTTAATGGAGAGGTCGTCAAGCAGCGCCTGGGTCATGATCGCCGCGGTCTCCCGCGCGCTCTTCATCGTCATGCGTCCGCCGCCGCCCTCACCGTGCTGTCCCATGCCGATCTCCATATCGTCCTCGCCGAAGCGCGATATCTCCGCGCCGTTGGCGGGATGCGTCGCGCCGCGGCAGGCGACGGCGATCGTCGCCATGTTGTCGGCGAACTTCTGCGCGATTGCGCGGACCTCTTCAAGATCCTTGCCCATACCGGCGGCTCCGCCCGCGACCTTCGCGAGGGGGATGCAGCCTACGAGGCCGCGGCGGTTGTCGGAGTCGGAGCGCGGCGCGTTGGAGATGTCCTCCTGCGTCGTGACGCGCGCCACCTTGATCCCAGCGTCCTCCACCTGTTCCATCGTCATTTCGGCGGCCATCATGTCTCCCGCGTGGTTGAGCACGACGAAGAGCGCGCCCTTCGGAGCCGAGGCGAGGGAGAGGGCCTCAAAGCAGGCGGCCGGTCCGGGGGCGGCGAAAACGTCGCCGACGACGGAGATGTCGAACATACCGTCGCCGACAAAGCCTGAGAGCGCGGGTTCATGCCCCGCGCCGCCGAGGGTAACGATGTGGACGCGGTCGGCCTTTTCCATGTTCTTGTTGATGACGAGGTTATTCTCGCGAACCTCGATCTTATCGGGGAAGGCAAGCGCCATACCCTTGAGCAGTTCTTTGGTGAGCGTCTCGGAATTGTTGATAAATTTCTTCATTGCCATTTTACGTTTCCTCCTATTTAGCCTAAGTTTCGTTCCCTGCGGCGGCGTTCGCGGCTTAGTCCGCGCACTCCATCAGTTCAAATAGGACTCCGTCGCGCCAGGCAAAGGCGATTTTCGTCTTTTCGTCGACCGGCGTCACGGGCAGGACGATCTTCTCGCATTTCGCAAGCTCTCCATTGAGGTCGTCGACCTTGTAGGCCACATGTGGATAGTTTTTAAGATCTTCCGGCATCGTCGAATCCGGCTCGAAGCGCAGGCATTCGTACTGATAGGGGTGGTCCTTCGGGTCGGTAAGGAAAAGCTTCATCTCCGGGGAGTATACTTCATTGGGCTGCGGCGTCTTCACCGGAACGCCAAGGTGCATGTACTGTGCCATTGCATAGTCCTCCTTCGTCATTTTGCGCTGCTGGTGTATATTCGCTGTTCCTATATTTTAACATAGCAGTATTATTACGTACCTCACTTTTTTGCCGCCGCCAGGCATTTTTTCCCTGTTTTGTATATAATGGAGATGAAAAACCGATAGAGAAAAGGACAGTGATCGATATGGTTTCTGCAATCATGAAACGCCGGAGCATTCGGAAGTTTACGGAGGAAAAGGTCTCCGCCGACAGCGCGATGAGGATCGTCGAAGCGGGAGCCGCCGCACCGAGCGCGATGAACAGGCGTCCAGTGCGTTTCATCCTGCTCGATAAAGAGGCGATGGCGCGCTTCGCGGAAAAGGTGGCACAAAAGGAGCCCTTTATCGAGGGTCAGTGGGCCATCGCAGTCTGCGCCGACCGCCGGGGTTACGACCAGGAGGGCGCCTGGCTTGAGGACTGTTCCGCGGCAATGGAGAATATCCTGATCGCTGCGACGGAGATGGGGCTCGGCTCTCTCTGGTACGGCGTATACGCGCGCCCCGCGAAGGAGCCGCAGGTGCGCGAGGCGCTCAAGGTACCGAAGGGCGTGGAGGTCTGCGGCATCGCCGTGATCGGACACGCCGCCGAGGAAAAGGAGCCGCACAGAGGCGTGGATTCTTCTATACTCCACATCGGCTGCTGGAAGGAATAGCCGGTAAGGTGAAAGCTGCCGGGAGGGGATTATTTATACTTGCGGCCGTCGCTCTGCTCGCCTTCCCGGCAAGCGGCGCGGAGGCGGCGCGGCGTTATATAACGGAGAGGCCGCTTCCAACGACCGCCAGCACCGACGTCAGGGAGACCGC
CP016757.1_gap64	2736021	2738064	2043	ATTTTAAAATCCGCGGCGGCCGAGGGCTCCGCGACGACCAGTCCGTCGGCGCCGACCGCCTGCCGCCGGCGGCAGGCCTTTGCCGCAAGATTTGAGAGAAATTCCGTGTCATAACGCAGTGCCATGTTATCTAAGACAAGAAAATCGTTCCCGTTGCCGTTCATCTTAACGCACTCTATCATCTTATACTGCCCCCTCTGGAATAGCTTATACAGACCTTATACAATGGCTCTTTCCACAGCGGAAATCACCACACACTGAAAGTAAGAGATTTTCTCCGCTTTTTTACACATCTTTGAACGTAATCGGGACCTCCTGCCGGTATCGTCCTATGTCAGGAACTTTACCGCGGAGGCCCCATATATATCGTGCTATACGCTTTTTCTCCGAGCAGGCTAAATTCTCTCGGCAGCCGCCAACTTTACCGCAGTTGTGAAGACCTCCAGCGCCTGACGCAGCTCATCCGTCGGCGGATAGGTGGGCGCGATCCTGATTATGCTGTCTTTCGGGTCCAGTCCGTGGGGATATGTCGCGCCCGCCGGCGTCAGCTTTACGCCGGCTTCTTCGCAAAGGCGGACTATCTTTTTCGCGCAGCCCTCCGGCGCCTCGAAGCAGATGAAGTATCCGCCCTTCGGCCTGCCCCAGCGGACGAGTTCCAGCCCTCCGAGCTCGCGTTCCAGCGTCTGAAGCACAAGTTCAAACTTCGGACGCACGATATCCGCGTGCTTTCTCATATGCGCCTCCACGGCCTTTTTGTCCGGCAGGAAGCGCGTGTGACAAAGCTGGTTCACCTTGTCGTAGCAGACAAGCTGGTAGCGGATAAGGTCGGCGGCAAAGGCGATATTCGCGGGGCTTGCCGCCATCGCGCAGACTCCGCCGCCGGCAAAGGTTATCTTGGAGGTGGAGGTGAACATGAGGACCCGGTCCTCCGTTCCGTGCCTGAGGCAGGCCTCGTAGATGTTGGCAAGCTCGTCCCGGTCGCCGTCGTAGAGGTGGTGCATACAGTAGGCGTTGTCCCATATCAGACGGAAGTCCGGGGCCGCCGTCTCCATCGCCGCCAGGCGCTCGACCGTCTCGTCGGAATAGGTGAAGCCGGTGGGGTTTGAATACATCGGCACACAGATCATCCCGCGCACGTCAGGGTCCTTAGCCAGCCGCTCGACCTCGTCCATGTCTGGGCCGTCTTCACGGGTCACCACCGGAAGCATTTCAATACCGTAGGTATCGCAGATATGGAAATGCCAGTCATAACCGGGGACAGGACAGATAAATTTAATCTTCTCCAGCTTCGACCAGGGCGTGAACCCCTCCATCGGTCCGTTGATAAAGCATCTTTTGAGCGCGTCGGAGATCATGTTGATGCTCGAACTTCCACCGGCGAGGACCTGCTCCGCCGACACGCCGAATATTTCGGCAAAGAGGCGGCGCACCTCGGGTATTCCCTTGAATTCACCGTAATTGCGGACGTCCATTCCGTTCTCGCAGATAAAATTATTATCGTCCAGTGTGTGAAGCATCGGAATGGAGAGGTCAAGCTGGGCCGTATCAGGTTTGCCCCTGGACATATCCAATTTCAGGCCAAGCCCCTTCAGCTCCTCATATTTTTTACGAATTTCATTTAGATTAAGAGCGTTTTCCGACATCATATATTCCCCCTTGATCAGCCCGCCGCAGTTTTTCCGCGGCGGACGCAGATTATTATATATCACGCGGCATCGCCGCCCAAAAGGAGGCTCGCATCACAAATAAGGACTTATTTATTGACGATGTTGATACATTCGCCCGCTATATATGCCTTCGCGTTCGCAACGGCGCAGTCGATGATTCTCTGCCGGCATTCCTTCGAGGCCCAGGAGATGTGCGGCGTGATGATGCAGTTCTTGGCGTTAAGCAGCGGATTGTCTTTCGTGATCGGTTCCGAAGAGACGACGTCGACGGCTGCCACCGAGACCTTGCCGGAGTTCAGCGCATCCGCCAGATCCTGCTCCACCACTATCTGCCCGCGGCTGTTGTTGACGATTATCACACCGTCCTTCATTTTTT
CP016757.1_gap65	2748675	2753127	4452	GCGCTCTTGCTGATGTCTCCGAGGGGATAGGGGATGGCGACCGCGGGAACTATGCGGTTCGCGCCAACCGTCTGCGAGATCGGTACGATCGTGCAGATGTGTACCACGGGCATTCCAAAGGCTTCGATCGCTTTGACCATCGTTGCACCGCAACGAGTGCAGGTTCCTCAAGTGGAGGTGAGGATCACGGCGTCAACTCCGTCTTTCTTGAGCTGCTCACCAATGGCGGTGCCGAACTTCTTCGCGTTGGCAATCGATGTTCCATTGCCGACGGTCGTGAAGAAGTATCTGTAGAGCTTTTTGAAGACGCCCTCTTTCTCCATCTCGCGGAGCACGTCGACGGGAAGCACTCTGTTGGGGTCAGTGTTGGCATAGGTCGGGTCGTAACCGCCGTGCGCCGTCGCGTAATGCTCGCCGTCAGCCGTCTGTACACCTTCGATATCGTAGGTGCCGAACTTCATCGCGCTGGAGGCCTCGATGTGGTCGGGGTTGCCTTTCGGGACGATGCCGCCGGAGGTGACGAGCGCGATCGTCGCGTTTTTAAGGTCTTTAATCGCCTCGCCGGGGGCTACGCGGTCAAAGCTGGGCATCGGATATTCGGTGGTGAACTCTTCGCCCTTGAGCTTCTTGACGAGCATCTCCACCGCGCGGTCCGCGCCGGGTCTGTCCTGGAAGAAGTTGACGCGCACGCCGCGGGTCATGTAACCGGCCTCTTCGGGCGAGCCGGGGTTGCCGTTCGTCTCAAGGACTTTGAGGACGAGCTTCGCCATCGCGGGAACGGCCGTCTTGATACCGCGCGCGTTGTCGGCTGTCGGGACGATGAATACCGACTTCTTGAACATATCCGCGCCGGGGTTCTCCTCGTACATACCGGAGACGGCGGGTATGCCGAGCTTCTTCTGTACCGCGTCGGCTACGCCGCCGGCGGCGGTGCCGTAACGTCCGGCGTTGAATGCGGGGCCGGTGACGACCGCGTCGGGCTGGAAGGCGGAGATGAGCTTGAGTATCTCTTCGGTCGCCGATTCCATGTTCTCCGCGTAGTAGCCGTCGCCGCAGATTACCGTGCCGACGACTTCGGCGGCGTCGCCGAGTTCGTGGGCAAGGGCCATGCCGGGTCCGACTACGCCGGGGCGTGACTCGGGCTTGGTGTCAGCCTTCTCTTCTCCGCCGATACCGGCAAAGAACTGATTTATGTAGTGTACGATCCTCTTCTTTGTCATTGTCTTTCGTCCTCCTACCAGGTTTTGGCGCTGAGGGGGTTAAAGCCCAGCTCGCATGTCGCGCCTGTGATAGCCTGCAGCTCAACCTCTATCGACCCGTCGGCTCTGAGCGAACCGTCGAAGCCACCGGCTATAACGTCCGTGTAGTCCGTAAATCCGATCAGTTTTTCCTGCGGGGGCAGTACGACGATCATGTTCGCGTTGCCCGCCGTTACCACCGCGTCGGCCTCTTTCGTGGCGTCGGCGAGCGACTGGCTCGCGCCGTCGCGGCCCGCGTATTCGTCGGTGATGAGCGCCGTTCTGATACCGGCCTGCTCCGCCTTGCGGCAGTTCATGATAAGGTCGGCGTCGGGATTGCCGAAGCCCTCTTCGCTGATTACAACGCCGTCGACGCCGAGCATCGAGGCGAGCTTCACCGCGTACGAAGAGCTTCTCTGCTTGTCCATCAGCGTGACGTTCTCGTTTGTGATGATTACGCCGATGAAGTTGATGTCTTTTCCGTGGCGCTCATAGAGGCTGCGGATGACGGGGTTGTTCTGGTGGACATAGGTGCTGTTCTTGTCGCATGCGGAGACGCAGTTGCCGGAGACGATCGCGCAGTCCATTGTCTCATTGGGGTGGATCAGCGTGGGGATAATCTTCTTCGCGTCCACGCCGTAGACGTAGGTGTCATGAAGAAGTCCCTGAGTCTGGAGCATGTAGATGTAGGCAACCTTCGGGAGTCCGGGATAGGCTTTCATGGCCTCCGCGAACGAGGGAAGCTCGTAGGGCTTTGTCTCATCTACGGCTGCGCCAGCCTTCCAGGCGGCCTCCGCGACGTAGAGCGCGGCGCGGAATCCGGCAAGGCGGCAGGCTTTCTCATATTCGTGGGGCTCGATGCCTTCGACGGGCTCGAACACGAGCACGGCGTTCATCGTCTTTGAGAAGGGGGTGTATTTCGCGCCCTCGCCGCTCATGTCGACGATGCCTTCCTGGAATCCGACGATGCGTCCGCAGGTGACGACGGCCGCGCCGTCAAGGACGAAGGTCTTTCCACTGCCAACGGTGTCAACGCCGCTGAGCATGCCGGGGAATACCTGACCAACGCCCTCCGTCTTGTAACGGGGCTGGATGGCGTCTTTGACAGGGCAGATGCGGACCGATTCGCCGGGACGCGCGAGGTCGGCGTTCAGGGTCTTAAAATGCTCTGTGTCCGAAGCCGCTGCGAGGAACTCTTCTTTGTTGATCTGAAGGGTGCCGTCGGCAAGAAGGGCGGTCTTGTCGCCCCATGCGATGTTCTTAACTTTTGCCTTCTGCAGTTCGAGTTTCATAATGATCCTCCTTGAGTGATTTTTGAGGGAAATAGCGCGCTGTAAATGTCTATCTGTTTACCGCTTCCGGGTACCGTCTCTCCGGAGGCGTTAAGACCGAATATTGATGGAAGGTCTCTTCCAGCAAAATGAAATCAAGATAACGGAAGTCGTTATCTATCCTCTCCGCGAGTTCGCCGGGGCGCATAAGCTTCGGCGAGCTTTCAAAGACTCTGATCGCGTTTTCAATGAGATCGAGCGACTGCAGGTCGATGGCTCCGCCCCTCGAACAGTCCTTCTTAAGGATCAGGGAGCGGTAGGGCTGCTGGTTCGGCTTAAAATTCCCATAGAGGGGATTGGCAAGCAGCTCCCAGCCAAGGTGGATGAGATCGCGTCCGGCATATAGGACATCCAGCGCGCCTCCGTCAAGGTAGTCAAGCGACTGTACATGACCTTTGAGATTAGGGTTGTTTGAGATGCATACATAAGAATACGAGAACAAACCCATAGGACACCGCCTTTCTGGCTAATATCCTCTGTTTTCGTCCTCGCCTGTTTTTGACGTGTCCAGAGTGCTGTCCGGCGACAATCCTTATGCCTGAGAGTTTCAACCTTATGGTCTTGCCCCTTCGGCGCCCATAGTTAAAGTGGACGGGTCTCTCTTGCCGCTTTCATTCAGCTTGACCTTAGTATATCAAGAGCAAAATTCTTGTCAACAGCTTTCGAAGGTATTTTGTGATATTTTGCACCAATATTATCCTATTTTTTATACTATAGCATAAAAAAAGCGTCTCTTTTTTGATAAAAGAGACGCTTTTTTATTTTTCAGAACAACGGAAGTGATGTTTTTACCATTTAAGCCCCGTGATGAAGATGAGTCCGATACAGACCGGCGCGACGACGCGGCACACCCACAGCCAGGCCGTGTAGAACGGGAAGTCGTGCTCTCCGAAGTTCGTGACTTCGTCCTTAGCGCCCTTCGTCCAGATCCAGCCGACAAAGAAGGATGTCAGCATCCCTCCTACCGGCATGACGGCGTTGTTGGTGATAAAGTCCATCGCGTCAAGGAAGTCTTTGCCGCAGATCTTCGGGAAGTGGCCGCCGACGGAGAGGGCGGAGGGCACACCGAGCAGCGCGATAGCTATGCCCATGACGACCGCCGACTTTGCGCGTGACCAGCCGAGTTCGTCTATCGCGAAGGTGACGACGACCTCAAGCAGTGAGAAGGCCGAGGTGATGGCGGCGATGAAGAGCAGCGCGAAGAAGGCGAAGGAGAAGAAGGCTCCCATCGGCATCTTGGCGAAGACGATCGGCAGCGTGACAAAGGTAAGTCCCGGCCCGGCTCCGGCGTCGACGCCGAAGGCAAATACCGCGGGGAAGATGACAAGTCCGGCCATAATCGCGACACAAGTGTCGAGCAGTACGATAGTACTGGTCATCTTTGGCATATATTCGTGTTTGCCGAGGTAACTGCCGTAGGTGATGATGATGCCCATCGCCAGGGAGAGCGAATAGAACCCCTGCCCGACCGCCGCCAGCACACCCTCTCCCGTGAGTTTTGAGAAGTCCGGCAGCAGGTAGAAGCGCAGCCCCTCCGTCGATCCCGGCAGGGTGACGGAACGGATGATGAGCAGTATCAGAATAAAGAATAGCGCGGGCATGAGGATCTTGCAGCTTCTCTCGATGCCGCCGCTGATACCGCGGTAGACGACAGAGATGACAATCGCCATGACGACGCCGTGATAGGCAATCGCCTGCAGGGGATCGGAGACGAAGGCGCCGAAGACGTCTCCAGCCTTGCCGGCGGCCGCGGCCTCCATCAGCCCACCGAATGACTTAAACATGTAGGCGAGAGTCCAGCCGGCGATGACAGCGTAGTATGAAAGAATGACAAAGCCGCAGAAGAAGCCCATCCAGCCGACTATCGGCCATGCTCCGCCGCC
CP016757.1_gap66	2851326	2851952	626	CGAGCATCACCTGGCGGCTGCGCCCATCCATCATATAGCGGTCGATATAGACGTCATTGAAATTGTAGTAGGTGCGTATCGCCTGCAGCTGACGGTAGGTGCGCAGCAGCGGGGAATAGTCCCACAGGCGGATATTCTGCACCGTCTCGTTGTCCGCCGCGAGCTCGGCGGCGGTCACCTCGGCCTCCGGCGTGAAGGCCACGGAGGTGACCTTGTTAAGTCCGAAGGCGCGGCGCGTGTAGTCGAGGTGATAGTCGAGATAACTCTTCTCCATCTCGTACTCGTTCGGTTTAACGCGGTACTGCTGGACAAGGCCGGGGACCACGCTGCGCGCCGCCCAGCCGACGACCAAAAGCAGGCCGATGGCGACGGCGGAGAATTTCCACATCGGACGGAAGAAGTTCACAAAGAGCAGCGCCGCGGCGGCGAACATCGCAAAGGTAAGTATCGAAAGCGCCGGCAGCACCACATGCACGTCGGTATAACCAGCGCCGAAGACCACGCCGGTCGGAGAGAAGAGCAGCTCATAGCGCGCGACCCAGTAACCGACTCCCCAGAGAATGAGGATCAATGCGCCGAGCAGAGTCAGATGCAGCCTCGCCGCGGGAGCCACGTAGAGCCTCCCG
CP016757.1_gap67	2860470	2862390	1920	CATGACAGGATGCACGCGGTATTCATCTGCGATATAGATAATTTTAAGATGGTAAACGATACCTTCGGCCACCTCTACGGGGATACCATTCTGGGCGATCTCGCAAGTAAACTGCGTTCAACCTTCCGCGGCACGGACGTTGTCGGGCGCATCGGCGGCGATGAATTCATGATACTGATGAAGGACGTTCCCTCGCTGGCGCTCATACACAGCAAGGCGCTGGAGATACGCTCCGCCTTCCAGCAAAACTATGAGAGGTTTTCCTCCTCCGGCAGTATCGGGATCGCGATATTCCCGCAGGACGGCATGAATTTCGACGAGCTCTATCAGCGTGCGGACATGGCGCTCTACAGCGCGAAGCAGAGCGGGAAGAACCGCTACATGCTCTATGAGGATGTCGACAATCCCGGCGACGTGCTTGAAAAGGCAAAGCTCTGCAATATAAAGACACAGCCGGACCAGCCGCAGGGACAAAAATCCTACAGCGACAACATAACCGAATATGTGTTTAAGATACTTTACACAATGAACGATTTCGAAGGGGCTGTGAATCTCGCGCTCTCCGTCGCCTGCCGCTATTTCAACATGAGCCGCGGCTATATATTTGAATACGACGTTTCTCGTACGATGCTCGGCTGCACCTTTGAATACTGCCAGAGCGGAATCGAACCGATTATCGGCAATTACCCGATGCGGCCCGCCGATCAGTATCCGCTCTTTATCAAGCATTTTGAGGAATCCGACGTCTTCTTCCTCAACTCCCTCGACGACGTGAGCGATACCGCCTATCGTGAACAGCTCGGAGGGGAGGGCGTCGTCAATATGCTGCAGTGCGCCTTCAAGGATAAGGGGGTGAGGTTCGGCGCTTTGGGCTTTGACGACTGTCAACATGAGGGACACCGTCCAAACTCGAAAGAGATCGAGACGCTGAGCCTGCTCGCCGATATAATCGGCAGCTATATACTGAAGGAGCGCTCGCAGAAAATGCTTGCCGCCAACTTCCAGATACAGGAGTCTATCTTAAACAGCCTGCGCCAGTGGGTATTCGTCGTAAATTTAAAATGGGAGCTTATCTATTTCAACGACGAATTGAGACGTTTTTTCCCAGACACCGGGCTCGGCAAAAAATGCTTCTCCGTACTGCAGGAAAGGGATGTCCCCTGTGAGAACTGCCCTCTGGAAGAGATGAGAAGGACGGGGAACAGTACCTACACTATAAAAAGCTGCTTCTCAAAGAGCGGACTCTCGGCTACCGTAAACGCCGCGGCGATACGGAGAGAGGGCGGGGATGATATTTACACTTTCTGCGCTCTCGACATACGGAAAGAGGACTGACCCAGGGCTGTAATATTTTATAGACTTATAGACGGCAGACGATCCCCTATCCGCGGTGAGCGACGGCACGGATATCGGAAAGACTCCTATCATGGGGTTATCCTCTTTATGAATTGAAAGACGAAGGCGGCCCGGACGGGGGCCGCCTTCTTATCGTTTAACCATTCAAGCGCCGAGGGCCGTTCCTCTCCTCCGAGGGAATATCCTCCGGCACCCGTACCTTCCCGGCCTCCGCCTCGGATACATCCGTCAGGAAGGTGCGAAGCAGGTTTGAGGCCATCTTTTTTCTCCAGGCGGCGCTCTTTCGCGGCGTCAGCTCCGCCGATATGGCCCCGCAGGCGCTCTCTATGAGCTTCGCGTCAAGCCTTTTGCCCACAAGCGCGGCCTCTGTCCGCGGCAGGCGTATCGGCACCGGGCTCATGCTGCCCGCGCCGGCGCGGAAGGATTTTATCACATCTCTCTCAATCTCCAGGCAAAAGCCGAGGGAGATGCGCGACAGGGTCAGCGCCCTGCGCGAACCGCGCTTGAAAAACCTCTGGTAGGCACCGACGGCGGGCACCGTAATGACGATCTCCGCGATAAGCT
CP016757.1_gap68	2952910	2956203	3293	ACAATGGGAATTACCTTCGCACTAAATTGAAAGAAAAAAATATATATGTTCCAGTTCTTTGGCCAAATATATTAGAAACAGAAAAATGTGAAAGTTATGAATATTATTTTGCTGATAATATTCTTCCATTGCCTTGCGATCAACGTTATTCAACGCAAGACATGCTTTATATTGCCAACACTATAGACTATTTTTTACAGGAGGGAATTAAATGAAAAGAATTATAATTTTTGGTGCAACTGGTAACGTAGGCTCTTACGTATTGAAATACGCACGTGAATATTTCCCATCACAAGAATATGAAGTAATCGCTTCAGGCAGGAGAAAAACTGACTTTTTTATGAAAGAAGGCATTCCTTACTACCCCGTAGACATTTCAAAAGCGGAAGATTTTGATATATTACCGCATGACAATATCTTTGCTGTGATTTACCTAGCCGCTCAAATTCCTTCTTATATGGCTGGATATCAGCCAGATAAATATATAAAATCTAATATAATTGGTGCCTACAATGTTCTGGAATATTGTAGGAAAACACATGCGGACAGGATTTTATTTTCAACAACAGTATTTGACATATCTCTTTCAGCAAAAGACGGCGTAGTACTGAAACCCGATATTCCATATAATTTTAGCTATGAGGGTGATCATGCAGTATATGTAATAACTAAAAACACTGCCATAGAATTTATTAAACATTATTATCGGGAATATAACCTGAAAAAGTTTATTTTTCGTTTCCCCACTATTTATAGTTATAGCCCATATCATTATTACCATCCCAATGGAAAGAAAACGATACGCCCAGTTTATCGTATGATCGATTTGGCCAAAAGAGGTGAACCAATAGAACTTTGGGGAAACCCTAACTACGCAAAAGATATGGTTCATGTGTATGATTGCGCACAGATGATCTGCAGGGCAGTTGAAGTTGACAGAAATGAAGGGTTTTATAATGTTGGCACTGGCATCCCAGTTACTTTAAAAGAACAAATTGAAACAATAATAAAGGTTTTTTCACCGAAAGATCATCCTTCTAAGATCATATATTGCCCTGAAAAACCGGCAGGTGGCGGGTTCCTAATGGATGTTGAGAATGCAAAAATGGAACTTGGGTATGAACCAAAATATGACTGCCTTCGGCTTTTTGAAAATTATAAGGCTGAAATGGAAATTAACCGTTTTAAAGAATTGCGTGAAGAGTAGAGTTTTATGTATAGATTCTATTATGGCTCTTTTTATGATTAATAGTTAGTTCGCAATCTAACACGAAAGGATAAGGTTTTATGTCACATAAGATCCTAGTGACCCGTTCATCGATGCCAGATATAGACGAGTATATTGAGGAAATCAAAGATATATGGGATACTCATTGGCTTACGAATATGGGGACTAAACATAAGCGCTTGCAAGCAGAACTAAAAAACTATCTTGATGTAGAGAACATCGACCTACTAACTAATGGGCATATGGCCTTAGAATTATCCATACAAGCGTTAAAACTGCAGGGAGAAGTTATTACTACCCCTTTCACGTTCGCGTCCACAACTCATGCTATTGTTCGAAATAACCTGGAACCAGTATTCTGCGATATAAATCCGATTGATTTCACAATAGACGTTACAAAAATAGAATCTCTGATTACAGATAAAACATGCGCAATTGTTCCGGTACACGTATATGGTAATGTATGTAATGTTGAGGAAATAGCACGCATCGCAAAAAAATACGGGTTAAAGATTATTTATGATGCCGCACATACTTTTGGGGTTCGATATAAGAAAAAAGGAATTGGTTCCTATGGCGATGTATCGTGCTTTAGTTTCCATGCGACTAAAGTTTTTAATACAATTGAAGGAGGCGCCGTTTGTTTTAAGGACAATGATTTTGGGCTCAATATATACCGCCTTAAGAATTTTGGTATTCGTGACCAAGAGACGGTTGACAGTATAGGAACAAACGCCAAGATGAATGAGTTTTGTGCCGCAATGGGTCTATGTAATTTACATAGCATCAACATTGAAATCGCAAAACGCAAGGCTGTTACAGAAAGATATAGGCGTCAATTATCAGGATTCGATGGCATTCAATTGAATCCTGCCCAAAAAGATGTGCAGCAGAACTATGCGTATTTCCCCATTGTTATTAATGAAGAAGTTTTTGGCTCAACTAGAAACGATGTTTTCAGAAAATTGGCTGAGAATGGCATTGGAGCAAGAAAATATTTCTACCCATTGACGAACTCTTTTGATTGCTTTCATGGAAAGTACACCCCCTATCTTACACCGATAGCTTTACAGATCAGCGAACGTGTATTAACTTTGCCATTATATGCTGATTTAGCATTTGGTGATGTAGATAAGATTTGTGAAGTCATATTAAGCTGCAAAAAGTAGAAGAAGAGAGAAATTATAAAGTTCGCATATAGCTGTCAACGTAATATTCCTAATAACTTGCTAAACTCTATATTTATTCTTAACAAAAGACGAAATTAAGAGTTTGGTGAGATAGTCCATACTCCCAATCTTGGCTAAGATCGCCAAGGTAGTATATGTTAATATCCCGCATATTATCTGCAACAGCAACAAAATATAAATCGAAACGTTTGCAATACAACCTACTATATATACACATACTCCCATTATAATTGAAAGTAGAAAAGATGGCATAACATCTCTTAATTGTTCAAGATAAGTATAGCCTATGAGTTTTTTATTAGGATATGCGTTTATAAACGTTGAAGCTATTCCACTTAAGACCGCGCTCCAAGCAATAGCAATAAGCGACCGAAAGAAAATTATTGCTACAGCTAAAACGGTTATCCCTATTACTTTTTTTATTATTTCCAATTTCAAGAATATATCACTTCTGCCAACCGCATTTATGGCAGTAAGATTTGAAGTATGAATAGGATAAAAAATAAAGCTGATACAACAAATCTGCATAAACGGCACACAGGGTAACCATTTATCGGTAAGGACAATGCGAACTAACGGCTCTGCCGTAGCAATCATACCAGCCATTAGGGGCAATATAATAAATGCACTCATAGAAATGGCTTTACGCATCATATCCTTAATTTTCAATGGATCATCTTGCATTTGCGAAAGTGCAGGAAGCATTATTGTCTGTATCGAACCATCAATGTTTCCAATCACCACCTGCGGAAACATACGTCCCCTACTAAAGAACCCTAGATCTGAGGCATAGAACATTTTGCCAATTACCAAGCTCTGCGCTTCACGGTAACCTGTATCAAGCAATGCAGAGACCAACAGTTTCCAACCAAAAG
CP016757.1_gap69	2975605	2977483	1878	TCTCCGTCTCCGCCGCGAGGTACATCAGGTAAACAGGCAGCATAGGCAGCATGCAGGGGGAGATGAATGCCAGGAATCCCTCCAGAAAGAGGAGGGGCAGCTCGCCCGCCATGTTATTTTTTCGCCTCTTCCACCAGCTTCATGACGGCGGCCTTCGTCGTGCCGCCCTGTATCTGGCCCGTAAGTTTACCCTCTCTGTTGATGACGAAGGTGCTCGGAATATAGCGGATGCCGAAATACTCCGCAAGCTTCTGATCGCTGTCGAGCAGTACCGTCATCGTGTAGCCGGTCTCCTTGATAAAATTCTCGACCTTCGACTTCGTCTCGCGGCGGCCGTCCGTCATATTGACGGCCAGCAGCACGGCGTCGCCGGACTTTTTGAATTCCTTGCTCATCTCGTTAAACTCCGGCATCTCATTGCGGCAGGGCGGGCACCAGCTGGCCCAGAAATTGAGCACAACGACCTTACCCTTGAACTGATTCAATGAGACATTTTTACCGGAAAGATCCTTCAGCGTGAAATTCTCCACCTGCGAGCTGCTGCCAAGGGCAAAGGCCGAAGTGGCGAATACAGAGGCGACCGTCAGCGCGAGAAACAGAAGCAGAAATTTTTTGTACATTACAACCATCTCCGTTTTTCATTTTTTGTGGAGCCATTATATAACATATATGTATTTTTTAAAAGTACAGATATCATATTATTAAAATTTTCTCCTCATATTTTTGCTTATTGACATTAGAGTACAAAAAATGCTACATTTATAAAAATTGTTTTGCTTTTATCTTAGTTGGGGGGAATAGTATTGCCGTTCTACAAAATCAAATCGAAGTCACGCTCCTGGGATGGAGAGCCGGTCGGAATTTTAATTTTGGACGCGGCCTATCCCTGTGTTCCCGGAAATGTCGGCAACGCCACGACGTTTCCGTTCCCGGTACGCTACCATGAGGTTCGCGGCGCATCCATCGACCGCCTCTTGAACCAGCGCGACCCGGCGCTGCTCGCACCCTTCATAGAGGGCGCGCAGAAGCTGGAGGCCGAGGGCGTGCGCGCGGTCACGGGAGCCTGCGGTTTTATGGCGCTCTTCCAGCAGGAGATCGCCGACGCCGTCGACATCCCCGTCTTTATGTCCAGTATGCTGCAGGTACCTTTCATTGTGCGTACCCTCAAAAGGGGTAAGAAGGTGGGCATCATCTCCGCCAATGCCTCCGTCATGACCGAACAGCATCTGCGCAACGTCGGCATCACCCCGGATATGCCGGTCGTCCTCTACGGCATGGAGGGCAAAGATGAGTTCCGCTCTTCCGTCCTTGAGGAGAAGGGGACGATGGACACCGACATCATCGAACGAGAGATACTCGAGGTCTGCGACAAAATGCTCGCGGAAAACCCCGAGGTCGCCGCGATACAGCTCGAATGCAGCGACCTGCCTCCCTTCGCCGCCGCCGTCCACCGCCACACGGGGCTGCCGGTCTTCGACTTTATAACGATGATACGGCACTTCGAAAGCGCGCTTAATCCAACGGAATACACTGGAGCGCAATACCGAATGTAGAAAGCGAGGCCGCCCCGGTGGAAAAATTTTACCGGGGCGGCCTCTTAGATGTGTGCTAATTCTACCCGTTCTGCCTCGCAGCAAGGTTTTTCAACATCTTAATTAACATGACGAAAATCGTCACAGGACGTACAGCCGTACTTACAGCCGCAGCCCCTTATTCCTGCTTCTCGGCCGCCTGCGAGCATCCCCTGCCGAGGAATATCAGGCTCATGCCGCCAAATATGAAGTCGACCCCGAGGACTACGCCGATCATCGCGATGCCGGTGACCATGTTCTGCCACATAAGCCAGGCGAGCACGAGGGCGAGGATGCCGGAGACCAG
CP016757.1_gap70	2983622	2984768	1146	TATCCGGGGACGCCTTCGACGGAGATAATAGAGACGCTGATCACCGTCCATCATCCTGACGTGAAGGTACAGTGGTCGACGAACGAGAAGGTGGCCCTGGAGGTGGCGGCGGGCGCGGCCTACGCCGGCGCGCGCACGCTCTGCACGATGAAGCAGGTGGGGCTGAACGTCGCCTCCGACCCGCTGATGAGCCTCGCCTATATCGGGATCAAGGGCGGCATGGTGATTGCCGTCGCCGACGACCCCGGCCCCTGGTCCTCGCAGACGGAGCAGGACACCCGCAATTTCGCGAAGCACGCCAACCTGCCGGTATTCGACCCCTCGTCGCCCGAAGAGGCCTACGAGATGGTGCAGGCGGCCTATGAACTCTCCGAGGCCTTTGCGCTGCCCGTATTCCTGCGCCCGACGACACGCGTCTGCCACGCGAGCGCCGACGTCGACGTACGCGAGGATATAACGATAAGAGAGGCTGAGGGCTTCAATAAGCGCCCCGAGTGGTGCATCTTCCCCGCGCTATCCTACCGGCGCCACGGCGAGCTTGAGGTGAAACAGAACGAACTGGCGCGCGCCTTCGACACGATGCCCTTCAACCGCATCGAGCGCGGCGGCGCATCCCGCAAAGGCGTCGCCGTCTCCGGCGTCTCCTATCTGTACGCGAAAGAGGTCATCGGCGAGCTCGGCCTTGACGTCGTCCTCTATAAAGTTGGCACGCCCTATCCGCTGCCGGAAAAGACGACGCGCGATTTCCTTAATGAGGTCGACTCGGTGCTCGTCATCGAAGAGCTGGACCCCGTCGTCGAGGAGCAGCTTCTCATCGCCGCCGCTGGCAAGAGGCCGATCCTCGGCAAACGCAGCGGCCACATGCCCTGGAACGGCGAATATTCTTTCGAACTTATCAAAAAGGCCCTGCTCTCCTATCTCGGCATAGAGGCCAAAGATACGGAGGCCGAGACGCTGCCGCCGCTTCCCGTGCGCCCGCCTGTGCTCTGCGCCGGCTGCCCGCACCGCGCCTCTTTCTACGAGGCGAAGGTGGCGACAAAGGACTGCGAAAAGGCCATTTACTGCGGCGACATCGGCTGTTATACGCTCGGCAACGCCGCGCCGCTCAATATGGTGGATACCTGCCTCTGCATGGGAGCGGGCATC
CP016757.1_gap71	3020191	3020813	622	CAAGGAGTTCGATATGAACTACGGCGGAGCTCAGCTCGGATATGACCGCAAGCTCGAAAGAAGCTGGCTGCCCGGCGGAGACACTTATCTCGGCCTCTACTTCGGATACAGCAAGGGCGACCTCGATTACCGCGAAAACGGATACGGCAGCGGCGACGCCGAGAACAAAACTCTTGGCGCTTACGCCACATACGTCGCTAAGAACGGATTCTACGTCGACGCGATAATCAAATACGTATGGAGCAAGAACGACTTCAGCGTATACGACAGCCAGGGAACTATGGTCACGGGGGACGATGTGAGCCTCGGCGGCTTCGGCGCCTCTCTTGAGATTGGAAAACGTTTCCGCTTCAAGGCGAACGCTGGCGGCGGCGCGTGGTACGTCGAGCCGCAGGCACAGCTGAGCTACCTGCGTCAGGGCAGCGCCTATTTCTACGCGAACAACGGCCTGAACATCGGCATAGACGACTTCAACTCCCTGCTGGGACGTATCGGGACTTTGATAGGTTATGAGACCGAGAAGACCAACTTCTACGCGAAGGTCTCATACGTGAAAGAGTTCGACGGGGATATGGACATCCGTTACGGGAACGGGACCCGCATCGCGGGAGAGAGCTTCGGA
CP016757.1_gap72	3094686	3096904	2218	AATTGCTCGCGTTGCCGGCCGCGAAGGATGAAATGCTGGTAAAGACCGGCGCGGAGGAGAATACGCCGCCGGCATACATGCCCTTTTCACCGATGCTGACGGGAAAGTCCACATCGGGGGTGAAGCAGAAGATCGGCTCCGGGTTGCGCTCGAGATAGTAGGGGACGTCGTGCATGCCGCACTCTTCGTCGCAGCCCATCATTACGCGGATTCCATAGTTGAGGGGTCTGCCGGAACGCGCGAGGAACGCCGCCGCGTAGAGCGAGAGTATCACCGCACCCTTGTTGTCGCTGATACCGCGCCCGATCAGCCAGCCATCTTTCTCAGTCAAAACATAGGGATCGGAGCTCCAGCCCTCGCCCTCGGGAACGACGTCGACGTGGGCGATAACGCCTATGTGTTCTTCATGCTTTCCCGGAAGGTCGGCCCAGCCCACATAACCGTCGCCGTCGTTGACCGCGAAACCGAGGCGTTCGGCAATCGCCATGGCGGAATCGAGGGCGTTTCTCGGACCGCGGCCAAAGGGAGCGCCCTCTTCCGCCGGTCCCTTTACGCTGCGCTTCGATACCAGCTCGGCCATATCGTTTAAGATGTCTTTTTCATTTTTCTCAACGAAAGCCTCGATTTCCTGGAGCAGTTGCTTTTTTTCCATCATGGTCCCCTCTTTCTTTTGATAACCCGCTCGAATATCCGAACAGTTTTGATCTATCCCAGAAATACCGCCATAAACCGCGCGGAGACGCTATTCATCCTCTGCCAGCTGCTGAATGCCCAAATATTCCTGCTGTATGGACGGGTCATTGAGAAGCGCCGCGCCGGTACCCTCGCGGGTAATGCTGCCGGTCTTAATGACATAGGCGCGGTTGGCCACCTCAAGGGCCAAAAAGGCGTTTTGTTCGACGATCATGATCGTCTGCCCCCTCTCCCTGTTCAGCTGCAGTATCTTTTCAAAGAGTTCATCGACGATGATCGGCGCGAGCCCCAAAGAGGGTTCGTCCATACAAAGCAGCTTCGGATGGGCCATAAGCGCGCGCCCTACGGCAAGCATCTGCTGCTCGCCGCCGGAGAGGGTGCCGCCCCTCTGTTTCAGGCGCTCCCTGAGCCGCGGGAACAGCGCCAGCACCTCTTCAAAGTCTCTCTCTATCGACTCTTTAGGGTCCTTACGGCTGAAGGTGCTCACAATAAGGTTTTCTTTGACCGTCAGATTGGGGAAGATACGCCGCCCCTCGGGAACGAGCGAAATACCCTTAGCCATCGTCTCGTAGGCGGTATGGGGGAGACGCTCCCCACAGAATGTAACTGTTCCCGACTTTATCGCCTTATCTCCGGCGATGGCCCGTAAGAGCGTGGACTTACCCGCGCCGTTGGCGCCGACCACGGAGACGATCTCCCCCTCATCAATATAGAGAGAGACGTCCTGCAGGGCGTGAATGCCGCCGTAGTATACGTTTAGCGAATCGACCTCTAAGAACTTGCTCACGCTTTACGCCTCCGTTCTCCCAAATAGGCCTTGATGACCTGGGGATCTGTCTGGATCTGCTTCGGCGTTCCCTCCGCCAGGACCTTGCCCAGGTTCAGTACATAGATCCGCGAACATAGCTTCATCACGATGTCTATATGGTGTTCAATCATCACGACGGTCAGGTTGAAGGTCTTGTAAATGCCGCGCAGAAGCTCTATCAGCTCGTTGCACTCGTCGTTATTCATCCCCGCCGCCGGCTCGTCGAGCAAAAGCAGCTTCGGAGAGGCCGCCAGAGCGCGCGCGATCTCAAGGCGGCGCTGCAGGCCGTAGGGCAGCGTGCCCGCCTGGCGGTCCTTATGTTCCACGAGCCCCATTATCGAAAGAAATTCCAACGCGCGCTTCTCGGTATCGATCTGAACTCGTTTTACCGACGGAAGGCCCAGCATCGCCGCCCACACAGAATACTTCGGCGTGCTGTGCATCGGGATGGAAACATTATCAAGTACGGTCATCTTGGGAAAGAGGCGGATATTCTGAAAGGTCCTGCTGATGCCGTAGTTAGCGATCTTAGAGGGCGGCTTGCGCACCAGATTTTCCCCGTTAAAGAGGATCTTGCCCTCCGAAGGCCTTATATAGCCGGTGATAGAGTTAAAGAAGGTCGTCTTTCCCGCGCCGTTCGGCCCGATAAGCCCCACAAACTCATTTTCGTTTACCTGTACGCTGACATCCTCTAACGCGCGCAGTCCGCCAAAGGCG
CP016757.1_gap73	3126298	3127597	1299	TTGAGGAAGTTATAGGCAGATTTAGGAATCACTGTGGAATATGTGCCCAGTTCGTCGTTGACCTTCTTCTGCGCCGCGGGAGACATGCCGAGAAGGTTCAGCTTAAGGGTCGTTCCAGCGTCGACGACGTGGCTGGAGGGTACCTGAATGACGTTGCTGTAGGCGTCAATCTTGCCGTCTCTCATAAGATCAAGAGCCGCACCCATCGAGCTGTTCTTCGTAAACCCGCCCCACTTGTCGATATCGGCCGGCGTTATACCCTCCGCCGCGATAACATTCTGCCCAACGATATCCATGAAGGAGCCCTTCGTATTGAAATAGACCTTGAGCGGGTACTTTTTGCTCTTCAGATCGGCAAAAGAGTTGGCTCCCGTGTCGGCCTTGATAATAAAGTGCTCCACCGCTCCCTTATAAAGCACGCAGAGGGCGCGGAGATTGTCGATCTTTTTCTTGAAGGGCTGCTTGCCGTCGGCTGCCATTTTGATAAGCTGGGCGTGCGCGATGCCAAGCTGGATCTTTCCGCGCGAAACCAGGGCGAGGTTGGCCGCCTCCTGACCGACTTCGTAAGCCGTGTTCGAGCCGGGATAACTGCGTCTGATGACTTCGCCGACGCCCTCGCCGATCGCCGCCCAGGCGCCGCCGATGGAACCGCCGCATATCGCCAGATCAAGCTTCTGAGCCGCCTGCGCAGGTGCGGATGCGAAGCCCGCCACTGAGAAGATTACCGCCACTAGTGCCAGTACTGTAAAAAACTTTTTCATTAGAAAGTTCCTCCTCTCAAAATGTGAAACATTTTCCGAATAAAATGCCCCGTCTCTCCCGTGGGGCATAAAACCGCCGCTTAATCCTTAAGTTCGGTGAACTCAAATCTTCCCTCTTTGATTACATCCTCCTTCGTGCGCATCGCCTGGACATGTCCCTTTATCTTTTTATAATTCTCCACCGTCATCGTATATTCGATGGGGGCGAGAACCGCGGGGGAAGCCGTGTAGTTGAATGGGTGCACTATCATCTTTTCAACATCGGCAAGGAAGGTGATACCGCCGCCGGGCATCAGGTATGTCGGCGCTCCCGCTATCGTGAGGGTCGCGTCGCCGCGGTGCACGGCCTTTGTGATCTGTATCGGATCAACCGTAACGCCAGCCCTTGCGCTGCCGCCAACGCCCGCGTAGTACATCGCCGACACACGGCTGTCCTCACAGCAGCCGGCCGCCATTTTACGGAAGGCCTCAAGCTCCGCGGGGATCTCCACAGGCACGGGTCTGCCCTCGGCGGAGACTTCAAAGAGGGCGATCTTGC
CP016757.1_gap74	3137618	3141767	4149	ATCTCAGGCTTTACGCACGGCGTGGGCTGGTGCGCGCCGCAGCAGGGCGCCTGTAAGCTCTCGCTCAACGTCAAGGGCGGCGTCATCCAGGAGGCGCTCGTCGAGACGATAGGCTGCTCCGGCATGACCCACTCCGCGGCGATGGCGGCGGAGATCCTTCCCGGAAAGACGATCCTTGAGGCGCTCAACACCGACCTCGTCTGCGACGCGATCAACACCGCGATGCGCGAACTCTTCCTCCAGATAGCCTACGGCAGGACGCAGAGCGCCTTCTCCGACAACGGTCTGCCGGTGGGCGCGGGGCTTGAGGACCTCGGCAAAGGGCTGCGCTCACAGATCGGCACGATGTACGGTACCCTGGAAAAGGGCCCGCGCTACCTTGAGATGGCGGAGGGCTACATCCTCGACCAGGCGCTTGATAAAAACGGCGAGATCATCGGCTACCGCTACGTTTCGCTCGGCAAGATGATGGAGGCGATACGCAAAGGCATGGACCCGAAAGAGGCCTTTGAGAAGAACACCGCCACATACGGCCGCTACGCAGAGGCCGATAAGATCATAGATCCGCGCAGGCAGTAGGAGGGAACGGCAATGGCAAACTTTGAAGGTTACGACCGCAGGATAGACAAAATAAACGCATTCCTTGCCGGAATCGGCTTCGAGTGCATCGATGAGACACGGGAACTATGCCTGGAAAAGGGTATAGACGTCGCGGCCATCGTGCGCGGCATCCAGCCGATCGCCTTTGACAACGCCGTCTGGGCCTACACCCTCGGCGCGGCGAACGCCATAAAAAGCGGCACGAAGACAGCCGCCGCGGCGGCGGAAAAGATCGGCGAAGGGCTTCAGGCCTTCTGCGTTCCCGGCTCCGTCGCCGACCAGCGCAAAGTCGGCCTCGGCCACGGCAACCTCGCTGCGATGCTGCTGCATGAGAATACAAAATGCTTCTGCTTCCTCGCGGGACACGAGTCCTTCGCCGCCGCGGAGGGAGCCATCGGCATCGCCCGCACGGCAAACAAAGTGCGCAAAGATCCGCTGCGCGTCATCCTCAACGGCCTCGGCAAAGACGCGGCCTACATCATCTCGCGCATCAACGGCTTCACCTTCGTGGAGACGCTCTACAACCAGTACACAGGCGAGCTTGAGGTGACGATGGAAAAACCCTTCTCCGACGGCGACAAGGCGAAAGTCAAATGCTACGGCGCGAATGATGTCAACGAGGGCGTGGCGATCATGCGCCACGAGGGCGTCGACGTCTCCATCACCGGCAATTCGACGAACCCCACGCGCTTCCAGCACCCCGTGGCCGGCACCTACAAAAAATGGGCCGTCGAAAACGGTAAAAAATACTTCTCCGTCGCCTCCGGCGGCGGCACGGGACGCACGCTGCACCCAGACAACATGGCCGCCGGTCCCGCGAGCTACGGCATGACCGACACCATGGGCCGCATGCACAGCGACGCGCAGTTTGCCGGCAGCTCTTCCGTCCCCGCGCACGTCGATATGATGGGCCTTATCGGCATGGGCAACAACCCGATGGTCGGTGCCTCCGTCGCCGTAGCCGTCGCCGTTGAAGAGGCGATGAGGTAATATTTCTCCTAATACATATTGGAAAGAGAAGAGGGAGGGTGAACATCACCTCCCTCTTTTTTTGTTATTCAGGAACCTTCGTCGCTTTAACTATTTCCGCCGTCTCCTTACGGGGCTTATTTACGGCCCGCGCTTTTTCTAAAGAGGAGCGGCATCGATATGAGCAGCGCGAACAGGCCAAACCCGGCGGTATTGCAGCCGCTTGAACCGCCGCCGTGGGCCGCCGCCGTCACCTTCACCTCGCAGGAGGCGCTGTACGCGCCGTCTTCTGTGACCGCCGTTATCACGCAGGTTCCTTCGCCTTTAGCGGTGACCGTTCCATCTTTGTCCACCGTGGCGACCGACTCTTTGCTGCTGCTCCAGGTCAGCGGCTGTTCGGTTATCCCCCGGAAGGCGGCGGTTATCTTTTCCGTCACGCCTTTGCTGACCGTCATCGCCGCGGGCGTGAGGATAAGTCCCTCTGTCTGCGGTTTTTTCGTCACCGTAACGGCACATGTGGCCTTTTTGCCGCTTGTCTTCGCTGTCGCCGTGATTTCCGCGCTTCCCTTTTTTAGCGCGCTGACGACGCCCGTCGCGGCGTTTACGGCGGCTATGTCGGGTTTGTCGCTGCTCCAGGTTATCTCCTCCAGCGCCCCCTCCGGCGCGAAAGAGAGGGAGAGCTGTCTGGCATACCCCACGGCGAGAGTGAGTGCCGACGGTTCCACCTTCACGACGGCCGTTTCAGGGCGCGGCTCCTTCACGTCTTCGGAGAGCGCCGTTATCCGCCTGTCGGTTCCGGCGATACATATAGGCACGCTGGCAAAATCGGTCTTATTATCGCCGTTGTTATTGCGCCCCTCGACAAAGAGATAGACCTCTTCGCCGCTTTTGTATTCGGGAATGGTGAATGTAACGTCGCCGCTTTTGTCGGCGGCGGCCTCAAGATCCTTTATCTGACCGTAGTAAACGGCCCTGTCGCCGCTGGTCACAACCGCGGCGAGGTGGTAGCCCACGCCGGTGGAGGCGCCTGAGTACCTTACCTTCACGTCAAGGCTGACGGCGTCGTTCGAGAAGTCCCCGCTCGTTAAGTCGGCAGAGTCCAGTTTGTATGTATTTGTCGCGAGGGTCAGTTTGTGTTCGTATTTTCCTTTATCGTCGGAGGTGTAGGTTTGTTCCTGAAGCGCGGCGGCTACGCCGCCGGTTTTCCCGCCTGCGGCGGGAGATGTGAAGAGCAAAGATTCAAGATTTAAATGAAAAGCCGGACGAAGGCCGACAGCCACAAGATTAACGCCGCCACCGCTGAGGCTGCCGTCGCCATCGACGCCCGACGCTCAGTAGACGCTGCCGCCGGGGGAACGAAGCCACCAATAACCATACTTCTTGTTACCTTCCGTATTACTCATGACTCCCTGCGACGCGCCATAGCCGGTAAGCTCCGCTTTGCGGGAACTACTGCTATTATCATCATTGGCAAAACCATAGGCAGTATTTTTCGCATCGGCGTAGGAAAGGAGGAATATTTTATCGGTTGTCTTGGGACCGGGGGTAGCACCCCGTGTGCTCGAGTTGTCCACCGCCGCCTTTATTATCCCGCCGCCTTCGCCCGCGGAGAAGGCCTTCTCGTAGAAGGAATAGGTTTTCGGGTTCCTCACCGTTATCTTGGTCACATCCGCTGAGACCGACCCGACATATTCTTTGCCATTGAGGAATTTGCGGATCTGCGATTCGCTCCACCAGCAATAGTATGGATCGGTATCGCTGTAATCGGGATTGAATGACACGCCGCCGTCCAGTATCTTTTCCGAAAGCATGAGCGCCGTCTTGTCGCCGCTCACTTCGAGCACGCGCCAGAGAACGGGCTCCACCTTGAAGTCAGCCGAGGTGCCGGACTGCGGGTATGTCCCATAATAGACGACGTCCGCGCTTGTCAGCGCCATCGCGGGCAGCACAGGCACCATTAATAACGCCGCCGCGCATAACAACATCAGAATTCTTTTCGTTCTTTTCACTTTTTCCATCTCCTTTATATTTCGTCAATAAAGTTGAGCATGTCCGTATTCTCAAGCAGCCGACGCTTTAACGAGTATGTGTGCCCCTGGCCAAGGTGCCCCCTAAAACCCGCCAGATGGGATTTCACCGCCGCATAATCCATTTCGTTGTTATAGTATTTTGCGGCGATTTCCTTCAGCTTACCCCCAAAGCGCTTCTTCGACTGCCTCCTCAGTTTACGAACAACTTTCCCCGTATCCGTGAGATAAAAGTGGAAACCGAGATAGTCCACTCCGTTAGATATTGGAAATATCTGAGTCTTTTTGTTGAATTGAAGCTTCAATACATTTTCAGCATGATCTCTCATAGCCGCAAGGCAATCCTTGAGGAATTCCCTGTCGTGATGCACGATTACGCCGTCGTCCATGTACCGCGTGTAATATTTTGCGCGCCAGTCCTCTTTTATTATCCGGTCCATGCTGTCCGGGTAATAGACCCCAAAACACTGGCTCGTCTGGTTTCCCAGTGGTACCCCGGGGGAGAAGCTGTCGATTATGCCGCAAACCAGTCCGTATACCTCGTCGTCAGCCA
CP016757.1_gap75	3148124	3149902	1778	CCGGCTTCCCCAAGGCGATACTGCACAACCACGAGAGCCTCATGCACGCCGCGAAGGTCGAGCAGAGCCACCACGGGCAGAGACACGACGACGTCTTCCTCTGTATCCCGCCGCTCTACCACACGGGGGCAAAGATGCACTGGTTCGGCAGCCTCATATCCGGCAGCAAAGGCATTCTGCTCAAGGGCACGGACCCCATATCGATCATCAAAACCGTCTCGGACGAAAAGTGCACCATCGTCTGGCTGCTCGTGCCGTGGGTACAGGATATCCTTGACGCGATCGACGCGGGAAAGGTCCGTCTGGAGGACTACGAGCTCTCGCAGTGGCGGCTCATGCACATCGGCGCGCAGCCGGTGCCGCCGAGCCTCATCAACCGGTGGCGCCGCGTGTTCCCGAAACATAGATACGATACGAACTACGGCCTGTCGGAATCTATCGGGCCGGGCTGCGTCCACCTCGGCGTGGGCAATATAGACAAGGTCGGGGCGATCGGCGTTCCGGGCTACGGATGGAAGGTGAAGATCGTCGACGACGAGGGGCGCCCCGTCACCAACGGCGGCGTCGGCGAGCTGGCCGTGAAGGGGCCCGGCGTAATGACCTGCTACTACAACGACCCAAAGGCCACCGCCGAGGTGCTGCACGACGGCTGGCTGGCGACGGGGGACATGGCGCGCCAGGACGAACAGGGCTTCATCTACCTTGTGGACCGCAAAAAGGACGTCATCATCAGCGGCGGCGAGAATATCTACCCCGTTCAGGTGGAGGACTTCCTCCGCGCCCATCCCTCGATAAAGGACGCGGCGGTGATCGGCCTGCCGGACCAGAGGCTCGGCGAGATCGCGGCGGCGATCATCGAGCTCAAAGAGGGTTTCACCTGCACCGAGGAGGAGATCGAAAAGTTCTGTCTCGACCTGCCGCGCTACAAGCGCCCGCGCCGCATAATCTTCGCCGAGATCCCCCGCAACCCGACGGGCAAGATCGAAAAGCCGAAGCTGCGCCAGATGTACCGCGCGGAGAACCTCGTCGCGATGCAGACAAACAGCTGAGCCACCCGGCTTTCTGCATAAGCGGTGCTCATGCCTCTGTTTGACAAAAAGGACAGATAAGGTATAATACTCTCCGACATATTTACGGATATGCCTATGCCGGTGTAGCTCAGTTGGTAGAGCAGCTGACTTGTAATCAGCAGGTCGGGGGTTCGAATCCTCTCGCCGGCTCCATTAAGCTAAAAAAGCCAGTCACATCAAGGCTTTTCCTATATACTTTAAGGTCAAATTAGCTGACTTTTCCCATTGGTACAAATAACAGGTACAAAAAGGGAGAAGTCAGCTAATGTTTTTATCAACCGTTAGGAAACCGCGTGTCAACAAATACTCATGTTCTAACATTCTTCTTAAGGGCGCTATCTACCACTTTAGGCAGTGTATCCCCCAAGATATTGTCCCCTGTTTCTCCAAAAAAGAATATCGTTTATCATTGCATACGTCAGATAAAAGGAAAGCCGCAAGGAAAGCGGCAATAATGCACAATGTACTGTGGGATATTTTTACATTGATTAGAGAGGACGGGTTCAAGATGGACGAAGCAACTTTCAGGAATATTGAAGCTATGGCTGATAAATGGCTTGTCGAAATACTTAAAGATGATGAACTGAAAAGGATAAAAGGATTAGTTGACCATGCTTTTTGGCATGTAGATAAAGACTTTAATTATGAAAGTAATAGCTACGACTTTGATTCGATGGCCTCAATGGTGCAGAGCGATATAAAAGAGGC
CP016757.1_gap76	3308096	3311956	3860	AAAATGGAAACACCTCTATAGAAAGGCACAGCTGCTCTTCTTTTCGGAGTGGAAGACTCTGCTGATATCGATGGCGGCCATTGTGATCTACGCGGTGGGCGTAGTTGGCTTCACGATACCCTATAAATTCGCCGACCAGGGCGTCATGGGCATCGCGGTGCTGCTCAAGTATACTCTGGGGCTGAACCCCGCCTACGTGCTGCTCGTTCTGAACATAATCCTGCTTGCGTGGGGCGCGAGAACGCTCTCTAAACGCTTCCTTATCTGGACGGTCATAAACGCCTTTGTGCTCTCCGCGGTACTCGACATACTCCAGACCATCAACTTCCCGATAATGGACGACATCTTTCTGGTAGCGGTGGCCGGCGGCGTCATCAAAGGGCTCGGCATCGGCCTGCTCTACCGCGAGGGCATAAGCGCAGGCGGTCTCGACATCGCGATCTCCGTACTTAAAAAGCGTTACGGTATGGAGGTCGGGCGGCTCAGCTTCTACTTCAATATGGTAATACTCGCCGTTTCCTTCAGCATCATCGGCCTTGAAAAGGTGATGTACGGGTTCATCTCCTGCTACATCTGCGGCATGACGATGGACAGCGTGCTTGCCTCCTTCGACAAACGCCGCCTCGTCTTCATCGTCGCTTCAAACACCGACGCGGTGGTGGAGTTCATCAACAAAAGACTCGGCCGCGGCTGTACGCTGCTTTCAAGCGAAGGCGGCTACAAACGCCGCGACGGCTTCACGATCATGTGTCTGCTGATGCCGCGCCAGGTGGTGGAGCTCAAGCGATTCCTCGCCGAGCATTTCCCCAGCTCCTTCATGGTGGTCACCGAAGCCAACGAGGTGGTGGGCAAAGGTTTTAAGCGCTGGCGCAACATCTGATAAATCGGCGTTTATAAGCACGACTAACTTCATGACTGGGGGTTTGGCAATGCTCACCGCACTTTATTTAGTGCGCCTCCGCTTGCCAAACCCCCAATCATTTCGTTATTCGCACTTCTAAACGCCGATTTCCTTTGGGTAGAAAAAGAGGTAAATAGCGGTTTAGCTTTTGACTTTGCCCTTACAGCCGCCCTCTCCGAGGCGGCCAGAGAGCCGAAATCTTTGATTTCGTGCGATTCGGCTGGTAGTTACATCAGAGGTGTCGGCCGCCTGCTTTTGGCGGCTGACGGAAGGAGTGTTGCTCTGTTTGGCGCGGAAACCGCGCAAAACAGAGCCCGCGGCAAAAGCCGCGGAAGAACCTAAGGTCAACTCTCCCTCAGTCTCGGCGAAAAAACATCGCCGAGCCAGCTCCCTCAATGAGGGAGCCAAAATCTTTGGTAAACCGCTATTTACCGCTTTCCCTATCCGAAGGAAATCGGCGTTTAGAAGTGCGAGTTGCTAAATAACTTTGGGCTCTGGTACCGGAGCCGTATCTTTATACGGTGAGGATGCCAGAGCCCGAAGTTATGACGCAAATCGTGCTTATAAACGCCGATTTACGCTTAGTTACGCTTCGCCGCAGATACCAAAGAAATTAACTTCCTCCGGCGACATTTCATAGGGGACGTGCCGCGCCTCCGCGCTCTTTCTCACGGGAATGCCCTTGCCCGCGAGATAATCCTTCAGCGCGGGGATCGGTATCTCGTTGAAGTGGAAGAGCGAGGCGGCGAGCACCGCGTCGGCGCGGCCGCGCGTCAGCGCCTCGTAGAAGTGGAGATACTCGCCGGCGCCGCCGGAGGCAATGACGGGGATGTTCACGGAGGAGGAAATTAGCTCCGTAAGCTCTAGGTCATAGCCGGCCTTCGTGCCGTCGCGGTCCATGCTTGTAAGCAGTATCTCTCCCGCTCCTAGCTGCTCGGCCTTCACCGCCCAGCAGAAGGCGTCCATGTGACGCGGTACGCGCCCGCCTGCGGTGTAGACCTCCCAGTAGCCGTCGCCCTTGCGCTTCGCGTCGATCGCCACGACGACGCACTGACTGCCGAATACCTTTGCCGCTTCGCTGATGAGCGCGGGGTTTTCCACCGCCGCCGAGTTCAGCGAAACCTTGTCGGCGCCGGCGCGCAGTATTTCGCGGATGTCGTCCACGCTCCTGATACCGCCGCCGACGGTGATGGGGACAAAGACCTCGGCGGTGACGCGGCGCACAAGGTCGACGACGGTCTTGCGGCCGTCGCTGGTGGCGGTGATGTCAAGGAATACGATCTCGTCGGCACCCGCCTTTTCATAGGCCTTGGCGCACTCCACGGGATCGCCCGCGTCGCGCAGACCGACAAAATTTACCCCTTTGACGACCCGTCCGTCTTTTATATCAAGGCATGGTATTATTCTTTTCGCAAACATTTTATCTTATTCTCCCTTCGTAAGTTCAATGAAATTTTTTAATATCGCCAGCCCCGCCGTACCGCTCTTTTCGGGATGAAACTGGCATCCAAATATATTATCCCGTTCCGCCGCCGCGTCGAAGATGAGGCCGTATTCCGCTATGGCGCTCACATCGCTGCGTTCAGCCGCCTTTACGTAAAACGAGTGTACAAAATACATGTACGGCCCGCGCGGCAGCCCCGCGAGCAGACGGCTCTCCCTCAGCGGCGCGATTGAGTTCCAGCCCATGTGCGGTATTTTAAGCCCCATCTCCGGCGGGAAGCGCAGCACGCGTCCCGGCAGGACACCAAGCCCCTCCGTCTTCGGGCTCTCTTCACTAGCCTCAAAGAGCAGCTGCATGCCGAGACAGATCCCCAGTAGCGGACGTCCGCTCTTCGCAGCCTCTCTGACCGCCTCTTTGATGCCGCGGCGTTCGAGTTCCGCCATCGCGCTCCCGAACTCCCCGACGCCAGGCAGGATCACCGCGTCGGCAAGCAGTATCTCCTTTGCGGTGGAGGCCCTCATGTTCGCCGCGCCGAGGCTGTCGAGAGCGTTTTTCACACTCTTGAGGTTTCCAGCGCCGTAATCAATGACCGCGATCATTGCCTCTCCGCTCCCTTGTGGCGCGAGGCAAGCTCCCGCAATACTTCATCAAATGGCACCTCAGCCGCGATACAGGCGACAAGCAGATGGTAGAGCAGGTCGGCCGCCTCATAGCGGAAGCCGCCGCGGTCCTTCGTGGCGCAGGCTAGTGCCGTCTCAACGCCCTCTTCGCCAACCTTCTGCGCCACACGCGAGAGTCCTGACCGCAGCAGGCGCGCCGTGTAGCTCTCCTGCGGGTCGTCGTCTTTCCTGACGTTGAGATAACGCCAGAGGCGCCCCAGGAATGTCGCCTCCGTCGAATCGGCCTCACCGCAGAGGCTGCGGTAGAAGCAGCTGCGCTCACCAGTGTGGCAGGCGGGGCCCAGCGGCTCAACGAGCGCGAGCAGCGTATCTCCGTCGCAGTCGATCCGCAGCTCACGCAGGCACATACGGCTGCCGCTCGTCTCTCCTTTGTGCCATAGTTCGCCGCGCGAGCGGCTCCAAAAGACCATCTCGCCGCATTCCGCCGTCTCGGCGAGCGATTCGGCGTTCGCCCAGGCGGTCATCAGCACCTCGGCGGTGGCAACATCCTGGACAACGACGGGAACGAGCCCCTTTTCGTCAAACTTTATCAATGAAAGGTCTATTTTTGTCATTTATATTTTCCTCTTTTTTATCTATTCGGAGCAGGCTTTCATGGCCTCAGCAAGCGTTATGCCACCCTCATAGAGACTTTTTCCGATCACGGCCGCGTCGACGCCCGCCGCGGCAAGCGCGCGGATGTCATGAAGATCCGTCACGCCGCCGGCGGCGGCGATAAAACGGCCGCGGGCCGCTAGCGCCTCATATACTGAGGCGTCAGTCCCCGCCATCATCCCGTCGCGCTCCGTCTGGGTCACAAGGAAGGAGGAAAAGCCCATCCCGGATAACCGATTTA
CP016757.1_gap77	3474142	3477251	3109	TAATTTTCATACCTCCACACCGATCCGGTTAGTAAAACCGGCCTAAACCGCCGCCGTTTATCGTTATTTTTACCCTCCGGCCATATTTGATTTTTCCTATAGTAGAGGCAAGCAAAGTACAGGGAGGGATTTTTATGAACGAAAGCCCACGCGAACGCGTATGGGTCGTAACGAGAATAGACGAGGGGCGCGTCACTGAGGCGGATGTCTTTGACAACGGCTCCGACGCGGAAAATTTCGCCGGAGAGATGTCCGTCGACACAGACAATCTTACCGGCCTTTTTCAGGTATTGGAAAGCTCCCTTCACAGCCGCAGCCTGGAGAAGGATATCTCCGTGCCTAAACCGCTCGAAAGACTGGTCGGCGCGCTCTATAACGATCTGGCGCTCGGCGGAGACACGGGAAAGGCGGCGAAATACATCGCCGCGCACAAGCCGGAGCTCATCGAAGAGGCCGACCGCGCCGCTAGGGAACACCTCATCGACATACTTAAGGAAAAGGGGCTGCTGGTATAGTCCGCCGGCGCTAAGCTCCAAGGTAATTTTTCCAGAACTTCCCGATCGGGCCATAGCCTGGCCGGGAAGTTTTCTTTTGCTTTTTATTCATTACCAAACATCAAAAAACAAACATTCCCCCAAAATTTCTTGGCAAAACAGACTCTTTGTCTGCTTTTTGTGCATCGTTCTTTCTTTGTCAATACCGCATATGACTTCTTTATATTAGTCTGGTACCGGAAAGGAGGGAACTTCTTCGGCGGCACCGATAGGTAAATGGCAAAAACGCGCCATTTTTCCTGCTTATATTTTTTCTCAAGTTTTCTTAGTGTGGCAATATGTCAAAATTCTGGTTCTATTAAGGAGTGTTACTTTGTGAAAGACAGCACTAATACAAACAGATGGGCCATTTTATTCTTCGGCATGATCTGCATGCTGATCATGGGCGTATGTTATACATACAGCCTCTTTCAGCCATACGTGATGAAACATTTCAGCGTGGATTCACCCAGCGCGAGCCTTCCGTTCACAATCTTCATTGCCGTATTCTGTGTCGGCAACTTCGTTGGCGGGCGTATGCAGCAGAAAACCACCGTCAAGCTGACCCTCGTCGTCGGCTATATTCTCATGGTCCTTGGCTGGCTGCTCACCGCCATCCTTCCCTCGGACATGTTCTGGGCGATGTTCATCACCTTTGGCGGTCTCTTTGGCATCGGCGACGGCATCGTCTACAATGTCATCGTCTCTCTGATGCCCAAGTGGTTTGTGGACAGAAAGGGGCTGGCCTCGGGACTGACGCTGGCGATGCTGGGACTTTCGGCCACAGTATTCAGCCCAATCGTGAGTCAGTGGCTGAAAAATTACGGCTTTTCAAAATCCTTTATGGCGGTGGCGATGGTATATGCCGCGGTGGGAATCTTCGGCACCCTGACGATGAAAAATCCGCCCAAAGACTATATGTCCGATTACACGGGGACGGGAGCCATCGTTACCACGAAGAAGCAGTATGAGGTAAGCGAAGTCTTCCACGTAAAGGAATTCTGGACGCTGATGGGACTCTATTTCTGCGCCGTCCCGGCGTATCTGCTGCTGAGCGCGATATTCGTCAGCTACGGCGCGGACAGAGGGCTGACTGCCGCAATGGCTACACTCGGCGTAAGCGCGGCGTCGCTCTGTCAGGTTGGAGGGCGCTTCGTGATCCCCACGGTCAGCGACAAGATCGGCCGCAAGTCCGCCTTCGCCGTCAGCTTCCTGATCACGGCGCTCGGAGTCGCAATGCTGACGATCTCAACCGGCAATCTGTATGTGCTCTGTTTCTGCCTCCTCAGCTTTTCATACGGCGGTACGCAGGCCTGCTTCGCTCCGATCGCCGCTGACAGATTCGGTACTAAGAATGTCGGCACGATACTCTCACTGACGATGATAGGCTTTGGCCTGGGCTCTATCGGAGCCTCTTTGATGGCAAAGGTCGTCGGTACTTCCACGGCCTTCATCTGCGCGGGCGTCGTTTCGCTGATCGGCATCGGACTCGTATGCACACTCCCCAGCCCAAAGAAGGCCAGGGAACAGGGCGTTTAATAAATATATGGCCTCAGACGGCATGTGAAAGACGCCAGACTGAGGATAACGATAAAGGCAGGGGCTTGTCATGGCAACTTTAGAAGAAACAGTTTACCGTCCGCCGCTCGAAAACGAGAGCGCGTTACTGGAAATATCCCTTGGCTGCAGCTACGGAAGATGCACCTTCTGCCGCTACTCCGACGGGAATACGCCGCTGCAGCTCCTATCGCCGGAGATGCTCTGCGAGAATCTCGAAGAGCTCGTTGCCCAGGGAGAGCAGGCTACACGAATGTTTCTTCTGGGCGGCAACGTCCTGGCCTTCAAAAGCCGCTATCTGGCGGATATATTCCGTCTGGTCCGCCGTTACCTTCCAGGCGTTACGCAGTTCTCAATGTACGCCAGGGCAGACGACGTTGCACAGAAGACCGATGAACAGTTGGAAGAGCTGCGGCGTGGTGGGTTAGATACACTCTATATCGGCGTAGAATCCGGAAACGCGCGGATTCTTGAAAATTGCCGTAAAGGCGAAACACCGAAGGAGATTGTCGCGGCACTCCACCGGCTCGACAGGGTAGGACTCAGCTATGGGCTCAGTTCCATTCTCGGGCTTGGAGGCAGGGAGATGTGGCGGCAGAACGCGTTGGATACGGCTGCTCTGTATAATGAAGTCAATCCAATATCCATTAGGGTAATGACGCTGACTCCTATGGCGGGCACGCCGCTTGCGGTCGAAGCCGCCACCGGCAGTTTCCGGCCGCTGACGCCGCGGCAGGCGCTTGAGGAAGAACGGCTGCTGCTTGAGGCAATCTCTAAAACGCATGCTCCCTGCCTGTTTGTCGGCACACACGTTTCAAACTCCGTCCCTGTAAAGGGAATGCTGCCGCGGGATCGTGACAGGATGATAGAGGCGCTCTCAAACGCCATCGCCGGAGCGGACGACAAAGATCTTGCACAAGACGGAGCCATAGGGTGGTAAGTCCTACCCCGCGCAGGAACGCGCAGGTTATTAAAAACAGCACAGACACGCAAGCGTATCAGCAATAAGCATCATCTAA
CP016757.1_gap78	3584687	3585187	500	GATACCTTTTCCCGTCAGCTTCAGCAGCATGACGATGAAAAACGGCGAAGCGCTGCTGACCGGAGAACCCAAAAAGATAGATGTAGGCAGCGTCTGGCGCTGGAACCGCTGATATTAAGCTTACATTATTTACGTAAACGACAAAAAAAGAGGCTGCCTATCTTCAATGGATATCAACAGCCTCTTTTTCCATATTTAAGTTTACTATAGTCAGTTAAGGTCTAATTATATTTACGCTAAATATTAATTATAGGAGACCTGTTTTTATAAAAACCGCCTTAGTTTTCTGAATTCCACTAAATTACGCACAAAATTTATACACATCATGTGGATAATTTTTTGTTTTACCCAGTTTTTGCCCGCCTCATCACCACTTCTTATCTCTTTATTATATTTATGTAAAACCGTATTTATATATCATTCATATTATTGTTACAAATACTTTATAAATTATTCACGTTATACACATTTACCCACAGCGGTTTTTTTATTATTACTTT
