gap_id	start	end	length	sequence
CP011213.1_gap1	18473	20211	1738	TGTTTCATCGCGAGCAAAAATTACAACCGTGGCTCTTTGCTCTAAAAGAAGCTTTGCAGTTGCAAAACCAATTCCACTCGAACCACCACTAATTAAAATAATCTTATTTTTTATTTCCATGTGTTTATGCTAACAAATATATACTAAATAAGGTTTATAAGTTTTAACAACTCCTGCTCTGCTTGACAAATAATTCTATTAGTTTACTATCGTAGATACGAGAGCCCTCTCCGGTACACAGGCGAATTATATTAACTCGTTTGGTTGTAACCGGATTAGCTCTGAGAGGCCTGGGCGCAAGATTAGTTGTTGTAATATCCCAGAGGGAGTTACTTTGTCTGAGTCTTGCCATAAACCCAGCCTCTGATATTATTTGTCCATTTAAAAAAACAGCCATAAAACTACGGCTGTTTTTTGAAAAAATAATAGGGGTCTACTTTCTACCGCCAATAGCGTAGAAGTTCAGGGCGCCTATCAACGCGCCGGTGAAAACTACACCACCGATCTGCGCCAAGCCGAGCCATTTCTCGGCGAACGGATGCTGGATCAGATACCACTGTTCTACCAAGATGTAGCCTACAACAGAACAAAGGCCTCCAGCAATAGCACCGAAGAGGATACCCACCATATCATTGGTGGCCAGTCGACTAGCGATTCCAGAAAACAGAATCAAAAAAACTGCGAACCCGAGGCAGCCTGCGACTGACTGAAGCGCTGAAAGTTCCACGATAAGTCTCCTTTGAGATGTATTTTTGGTCTACGATGGAACGATCAGTTATACCATAAAAAGTAACCTTTGTCAAGAGAAAGAAAAGCTGATAAGATGTAAATATGAAGAAAGACGAAATTTTAATTTACCTTCTTGTTGGTTTAATTGTGATTTTTTTGATTAGCTTGGGATATTTTACCTGGCAAAAAAGAAATGTAAAAACAGTAGCTGCAAATACTTCGGCTGTAGTTAAACCGATTGATATTTTGCCCGAAGTTGGCAAAACAACAAAATATGATGTCCCGGTTTTGATGTATCATTATGTTCGCATCGCCCCAGAAGGCGACACATTAGGTAAAAATTTGTCTGTTACCCCTCAAAATTTTGTCGATCAAATGGCTTGGCTAAAACAAAATAATTACGCCACAATTAAAGTTTCTGACTTAGCCGATCCAAATAAAAAAGAAATTTCTAAAATAATAGCAGAAAACAAAAAACCGATTGCTGTTACTTTTGATGACGGATACGAAGATGCTTATATTGCCGCGTACCCCGCTTTACAAAAAGAAGGATTCATTGGCACTTTCTACATTATTCGTGATTTTATCGGTAGGCCTGGATATATGAACCAAAATCAAATTAACGAATTAGATTTTATCGGTAACGAAATTGGCTCACATACTTTGAGTCATTTAGATTTATCAAAAAATTCAGAAGAAGTTCAACAAAAACAAATAGAAGATTCTAAACAGTCGGCAATGTCTTTTTGCTATCCTTCTGGTAAATATAATGAAACGACCGTCAATCTAGTAAAAGAAGCCGGCTATACCACTGCCGTGACGACAAAATCTGGAATTGTGAATCAGGATTCCAATCTGTTAGAACTAAAGCGGGTTAGGGTGAATGACGGAAACGCAGAATCATTAAGGCTAGCAATTGAAAAGGCTTACTCAAATGGAAATTAAAATCATTTTCGAAAACGAAAATTTAATTGTGGTGGAAAAGCCAGCTGGAGTTTTAGTGCATCCG
CP011213.1_gap2	63988	66051	2063	CAAGGTACGCTCTAAACCAATTGTATCAAAGCTCCCGGTTTCTGCCGTTGGGACCGAGCAACCTTGATCATTGCTTCCCCAATATCCGGATCGGCTATACTGACCCAGCACGCCAATAGTATTAATGAGTGAACTATTATAATTGTAAGCTGCAGCATACCCGAAATGGTTTGAATCCGGATATAACGCAAACCCAGGATTAGAGCCTTGTAATGATTTAAAAACAATAGTGTCGCCTTTATAAATAGTGTTTCCACTTGCATCTTTTCCCGTATTGCCTGTAATCGAGATATCAGTACCATTAACACGATGATAGGCGCCAAAACCAAAAGTAAAACTCCCCTTAAAATCAAAAACGTTTGTCATATTTGTGCTGTCATAATAAGCCGTATCAGGCGATGTCCAGGTGGTCGATTTGTAATATGGGTCAGCGTGAGCTTTGCCGAAACTTAAGAAAAATAATAAAGAAAAAGAAATCAAAATAAAAGTGCTTTTTCCAAAGAACATAAGTAATTTCATAGCTTTTGATTGGGATTGTATCATTAATTACTCCGTTATTTAATTTTGGGTAAATATTTTTTGAAGAAAATTAGCCGGGCTAGAAAGCTGAATACTGTTAAAAATGTTATTTGTATTTAAATTAGTATCAGTATCCTTTTGATTAAAATCAGAATAGAATTCCAAAACATATTTTCCTTGCTTGATAAATTTACCCTCACTTACAAAAGTTTCATCTTCATCTGTAAAGATTTTTGTCATCAAAATAAAATCCAACCCGTTCTCTTTCAAGGTGATAATTCCCGACTCTCCTTGTGTGTACTTTATATAACTTTCTAAACTGTTTTTATCGAATGACCCTTTTTTTTGCGAAGCAGCGAATTTGTTGACATCAACAATTTTAACTTTAAAGGTGCTCGAACCGGTAAAATTAAGTTGTTCTAAAACAGTGCCATTGAAACTTTTTACATCGGCTTTTTCTATTTTCCAATTTGTCGGATAACGGAAACTAAAGCCGTAATTATTATTGCTATAGGTTTGCCAATCGGCAGGACCGGAAAAGCTAGTCGTTTTTACGTGAGAATCTTCTTTCACTTTCAGTTCATAACGCCAAATTAACAGGCTAGCCGTAATTAGAGCAATAATTATAAGTATAATTCCTATAATTTTTTTATTTTTTAGTATATTGGTCTCTGCCATCCCACTCCTTTTTTAGAACTTTTAAATACAAACAAAAAAAACTGTCTTTATAAATACATTATAGAATAGACACAACCCTAATTCAAATAATGCTAATCAATAGATCGTCTAATTATTTAGATTTTCTAAAACCGAATAATAATCAACCGATTTAGGCTCACCCCGTTCATCCCAACCAACGTTAACATCAACTCTAATTGACGAAGGGTTTCCAGCCGGCGCAACTGTAACATCGGCAGTAGCCACTTTAGCCAAAGACCCACGTTCAATAACAACAACTGTATGGTAAATGCCGGCGCCGGTATAGGCATGTAAAATTGGCAATAAAGTTGTCGTAACGCCATCGTGCGTTTTATCACCTATATTAGGATTACCTAAAGGATTACCGCAAGCTGCGACAGTGGATGCATAATCAGAACCAGGAGTAGAACAATCCCACCAGAAGGTATAGTTAATACTACCAGTCATAGAGCCCCCAGTTGTTGCGGTCAATGTCGTGTTAAGAGGACTAAGTCCTGAAGATGGCATAGCTATTAGTTCAGCCGTCAGCGTAGGAGTAGTATTTGCCGTGACAGCGACACGGCTTTCGGCAGATAAAGTACCGCGTTCTATAACCACTTTAACCGTAAATATACCAACCGAACTGTATGAGGCCATTGTTTTTTTTGGAATATCCGTAACGCCATCAAATTTGGCTTGAGGACTGCCACAAGCAGCAAGCGTTGTCATGTAAGTCGTTGCGATACTATTACAATTCCACCAAAATGAATAGCTTATTGTTCCAGTAGCTGTGCCCCCTGGAATCGCTGTGAGTTCCGGACTAAACGTAATTGGCCCGCTTACAGGGTTGGCGACCAAACTGGCGG
CP011213.1_gap3	98713	102141	3428	TTACGGTGAAAAAAAGCATTTCTGTCCCAGATAGTCCGACCTTCAATTCTGTCTCCGGCGGTGTTGAGAGCGCCACAATTTCTTGGACCAATGCAAGTAGCTCTGCTCTAACTAGTGTAAGAATATATGCCTCAGAAACACAGGGTCAGCTCGGAATTGTTGTTGCAACAGTAGACGCTAATCCTTCTCAAAGCCAATCAACCACAGTAAATGATTTGGATTCAGGCCAAATATACTGGTTTACGCTTAAATCAGTTGATAGTTCTGGACATGAGAGTACAAACAATACTCAGCACTCTGCGCTAATTCTTTAGAGATTTTTTATTTATGAATTGTCCTGTAACCTTTTGTCGGTTTTTTTGGTTGAACAAAAATCATTTTTCCAGCTACTGTTTGGAAAATTCTCACCACTTCTGTATCAACTTCTTTGCCGATAAACTTATCACCACCTTCAACCACAATCATTGTGCCATCAGCAAGATATCCGACCCCCTGATTTGACTCTTTTCCCTCTTGGATGACTTTAACAACAATGTTTTCTCCTGGTATTAACATGGGTTTTATCGCCTCGGAAAGTTCATTTATATTTAAAACTTTAACATTTTGTATTTTAGCAACACGGTTTAAATTGTAATCTACAGTCAAGATTTTTGCATCATGCGCTTTAGCAATTTTTATAAGCCTTGAATCAACTGCATCCCTACCATGCGTCATTTCGTCGATAATACTGATATCTACTTCTTGATCGTGCTGTAAGTGATCTAGGACTTCCAATCCTTTTCGACCCTTTGCTCTCTTCAGTGGGTCCTCTGAGTCAGCCACTGCTTGAAGTTCATTTAAAATAAATTGAGGAACAACCATCGCAGCTAAGATAAATCCAGCTCGTGCGATCTCTTCTATCCTTCCGTCAATTAAGATAGAAGTGTCTAACATTATTTCTTCTTTTTGTAAGTTTTTATCTTCTTTTTCCCAGCCTATTTTGCTCAATAATTTATGGATAAAAAGAGTTACAGATTTTGCCTGAGCGAGAAATAAGTCCAAAACAGCAACAGTTATAAAAACATTCACAATGATTGGGAGCCACCTTCCATAATCTCCTGGTAATTTAGATAACGTCTGGGCAGCAAGCGAGCCGATAGCTAACCCTACAATTAAACCCAAAATTCCGAGGAAGAAATATGGAAAAGAAACTCGTAGTAATTTGCGGGTAATAAATAAAACACCAATTGAGAAAATTAATATAATGATGAAAAATAATAAATCTTGCTGACTTTGAGGAATATTAAACATTAAAAGCTTCCTTTAATACTTTGGAAATTAATTTGTTTTGAATTGTTTGCTTATAACCTAATCTTTTTGCTTCGCTCAGTCTTTTGCTTTCAAAATTCACAGGTCTTACTTCCCCTCCTAGCCCAAGCTCGCCAAAGAAAACAGTATTCTTTTCAACATTTTTATTTTTGTACGCCGAAGCAATTGCGATTGCGACAGCCAAATCGGCTGCAGGTTCTTTTAAGCGGAAACCGCCAGCGACATTTAAATACACATCAGTGGAATTCAAATTCAAACCACCGCGATTCACTAAAATTGCAACGATTAATTGTAAGCGGTTTAGATCAAATCCAGAAGCGGTTCTTTTTGGATAACCAAAGCTACTCTCCGAAACCAGAGCTTGAATTTCTACTAACAAAGGACGCGTTCCTTCAACGGTAACCGTTATCACAGAGCCTGGCAAGTTCGCGCTCTCCTCTGCAAGAAAAACTTTTGAAGGATTTGATACTTCTTTTAGGCCAAGACCGGTAATTTCAAAAATACCAATCTCATCTGTAGCGCCAAATCGATTCTTAGTTGTTCTAAGAATTCTTAAATCATGGAACCGTTCGCCTTCGAGGTATAAAACAACATCAACCATATGCTCTAGTGTTTTTGGCCCTGCCACAGTCCCATCTTTCGTGACATGACCGACCAAAACAACTGGCACATGGTTTTCTTTAGCATATTTTTGTAAACGCAATGCTGTTTCGCGAACTTGGACTATGCTCCCTGCCGTCGAGGGAAAATTTTCAGAATACATTGTTTGCACTGAATCTATAATAACCAATGATGGTTTCTGCTTTAACAAAGTTGAAATAATTGAGTCAACATCTGTTTCTGCGATAAAATTTATTTCCTTAGACCCGAGCTTTAATCGATCAGCGCGCATTTTAATTTGTTCGGCAGATTCTTCACCCGAAACATAAAAAGTGCCAGACATTTTTTCTGCGAGCTGAAGAAGCAGTGTTGATTTTCCTATACCAGGTTCACCACCCAATAAAATCAAAGAGCCTGGCACTAAACCTCCGCCTAATACGCGATCGACCTCAATAAAAGAGGTAGATATCCGCTGAAAATTTTCTGATTTAACTTCCGAAAGTTTTACAACTTCTAAATCTTCTAGTGGTTTTGTTTTTTGTCGTTGGGTTTTGAATTCTTTAAGTGTATTCCATGCACCGCAGTTCGGGCACTTGCCTTGCCATTTGGCAAATTCGTCACCGCAATCATCACAGACGAAAATAATTTGGGAAGTTTGTTTGTTTGACATAGCTAAAGTATATCACAAAATGACCCAATATTTTTTGAGAATTAAATCTAAATTAGTATTTAATATCAACTATTTTTAATTGCAAATTAGTTCGACCGTTCCAGACATTCTCATCGATTGAGAAAGCAAGATCAATCTTTTTATCGGTAAGACTTTTTAATAGATAACCCAAACCAAAACCAATGCAATCAATATTATCGACTTTAAACTTCAAATGTTTGTTTTCCTGACCGATTGTTTTTAAATTAGTAACTTTTATATTTTCCATCGTAAATACAGGCCTAGGATTACCAAGGCCAAATGGCTCTAATTGCTGAATTTTCTTAAAAATATCTAATGATATTTCCTCAGGCTTTATTAGTGCATCGATTTTTATTCTTGGGATTAAATCACTTTCCTTTAATCTATTTTCGGCCATTGCAATCATTCGATCATAAAAGGCATCAATTTGACTATTGGCAATAGTAAGACCAGCCGCCTTTGTGTGGCCACCATAATTTTCTAAAATATCTTTTGTTTCCTCTAGTGCCGAAACCAGATCAAAACCATCAATCGAACGTCCTGATCCTTTGCTAAATTCCTCGCCTTCCTCAAAAATAAAACATGGTCGGGAAAATTCTTCAGTGATTCGGCCTGCAACTAGTCCCACTAAACCGCTTGGCCAATTCTTATTGGAAATACAAATTACTTTATTTTTACTGAGATTACCTTTTTCAATAGCTGATTGTGCCTCTTTTATCACACGGTCGAGTTCTTCTTGACGCGCAATGTTTATATCGTTTAACTCTTTAGCTAATTCTTCCGCTTTTTTCTCATTTTTTTCTCGAAGCAAGTTATAGCTTTCATTGGC
CP011213.1_gap4	273929	276788	2859	TCGCTTTGGCGGTAAGGACCATACAGATCAGGTGTTTCCGGACCCTCGTCCCAACCCAAACCAAGCCAAGAAAGTGCTCCTTCAGCGTCTAGTTCATATTCTTCAGTGGACCTCTCACGGTCAGTATCTTCTATTCTCAAAATAAACCGGCCATCATGTTTTTTAGCAAACAACCAGTTAAACAAAGCCGTTCTTGCACTACCAAAATGAAATAAGCCTGTAGGTGATGGTGCAATTCTTGTTCGGACTTCTGCATTATCTATCATAATTTCCCCATTAAATTTTATGATTCCTCGACCGCATTTACAATGTGTGTGATGCTTTCATTTTCCACATTTATAGCCACCACGTCAATTCTGACCGAATGACTAGGATAAAGTTGCCAAAGAGCTTTAGCTAATTGAACCAACTTTTTCTTTTTAAAAAAATCTACCATATCTTGTGGTGAGCCAAATTCATCATTGGTTTTTGTTTTTACTTCACAAATCACGAGATCATCGCCGTCTTCCATCAATAAATCGATTTCGCCACAAACAAGCCGCAAATTCTTTTTGACAAATTTATAGCCCTTTTTTACCAAATATTCTTTGGCGAGTTCTTCACCTTCGTTACCTAAACTTTTGCTTTGAAAAGTCATTAATTCTTCCTAACGAGAGATAGAGTTATAAAAGAATAAACCGAGATCGATCTTACTTAGCTTCAGGAGTTTCAGCTGGCTTTTCTTCTGTTGCTTCTTCTATATGAGAGGCGACCGCCTGTTCAAATTTATCTTTTAGCTTAGCTTCTTCTTCGGCTTTTTGAGCTGCTTTTGCTTCTGCTAATTTAGCTTTTTCAGCTTCAATTTTGGCGACTTCTTCTTCTCCCATCGCCTCTTCCCAAAGCCCATAGCTCTTAATTTCAGACTTTCTCTTTTTCTTTTTGCCAATTAAGTCGCGTAGAAAATAAAGTTTTGCTCGAGAGACCTTCACGGATTTAACTTTTTCAAATTTAGTAATAAGTGGCGAATGTAGTGGAAATGTTCTTTCAACACCTATACCGCTGGAGATTTTGCGGACCTTAACGGAACCGTCTAAGCCTTTACCGTGCTTTAAACCAATACACATACCTTCAAAAATCTGAATACGGGTTTTATTACCTTCAGTGATTTTGAAATGAACTTTAATGGTGTCACCCGGACGAATTTCCGGAACATTTTGCTTGCCGAATTTTTTGATTAAATTTTCTGTCTGCATTTTTACTCTATTATTTTTTATTAAATTCTTATTTTTATTTATTTTAAATTCTTATTCTTACAACTAATTTTAACACAATTCAATTGTTCTGTCCACACCTTAAGAAATAAGGGCGGCGGATCGCGTATTTTTACAATCCGCCGCTAATTAAATATGGACATAACCTGTCCAGTAAACGCTCGAATAAACTTCAAGAAAAACGAATTACTCGAAGGTTTTTCGATGTCTTTCTCGGCTCTCACCGGTGTGAAACGGGCGACCTTTCGGACAAGGACAGACACTAAATCCATCTCTGTTCCGGCCAAGATTCGACTAACTGTTTCTGATGCCAAATCAAGGCAGGTCATCACTAGCGGATCGACAGACGGGCCCAAGTCATGCATCAGCCAAAGCTTGGTCGATACTTTCTTCTTCGTCCAGACCGATGGAAGAACAGTACCTTGAAATGATACAACTGAATCACCGCCTTGGCTTAAACGAATCGAATCAAGCACGAAGCGGCTAGAAGCGATTGTCAGATATTCAATCGCTCTGGGAATGTCGAAATTATCGATTGCATCATCTTTACTAACACCATTAGTAATATAGTAATACGATCTTCTGTATTCAGATGGTAGTCTTTCCACTATTGAATAGATTGTCTCTTGGACTTTTTGCAAATGACTTTCAGAAAAGATCATATTTCGGTCTGATTCAACCGATACTATCATTCTATAAGGCATTCCAGGATCAAAACCCTCTTGCCATTCACCCGGATAATCACGAAGCAGTTTAATTATCGGCGCACGATTTATCAGACGCCTTGATTTTGCTGCATAGCAAATTATCGGTTGAGATGCTATCACATCTTCTGCGACCATCTTTTTCACCCCCTTTGCATGAAGAGAGGGGACGGCGCATCGCCGTCCCCTTTTTCGCTGGATCGCTATAGGATCTACTTACTTAGTCGAAGGCCGACCAGACCATCGTACTTACGTACATGGTCTGCAACATCGGCTGCGTAGAGTTCACTAGAACTCGTGTAGTTTGTTGAAAACGCTGCGTTCACCTGAGTGATCGCACTGGCTGACCTTCTTGACCTCTCGTCTGAGATCATTTGTCCTTGTCTCGGATCTTGGCTTTTGTCTCCATGACTTATTGGCTGTATCCAGAAACCAGATTTTTCTCGACTGTAAATTCCATCCTTCATAATCTTCCTCACTTCATCGTTCGTAAAATGCAAAATACATTGTAAATGCTAAACGACGAAGCGAGTCACGGTCCCATTTTTTCTTCCATGCTGACGCATAGACCCCCTTCCTGTCAGATTGCTCCCCTTGTTGTTTTTCAACGTGCGACCGATCTTGTGTCGGTCTATACCACAGTCATGTCAGATAAAGCCAAGGCCCCCTTGACCTTAGGTTCGATCTGAATGCTTTATATTTACTTAACAGAAATAAAAGACTTTTGAATTTTCATACCAGAAAAACGTTTGACTGCTTTTTTCTCGAAAGAAACAGTCCCCGCTTTTTTGGCATATAGAGTATCATCTTCGCCTTGACCGACGTTTTCACCAGCATAGAACTTACTGCCGCGTTGTCGAATCAAAATCTGGCCAGCGAGGGTTTTTGCGCCACCAAAAATCTTA
CP011213.1_gap5	308450	311916	3466	ATGATTATAATCGGTATTTTATCTGTAATGGTAACCGCTTCACTTGGCGGAGCAAAAGACAAAGCCAAGGATGTTAAAATCAAATCTGACGTGCACCAATTGAGGGCAATGGCCGAAACCTATTATAGCGATAATAAAGATTCTTACACTGGCTGGAAGCCAGACCAAGGAATCTTAAGCGATTTGGCCAACCAGAAATCAACCTTACAATTTGTCGCCAAAGACCAAAAAATAGCCCTCTTTGCTAAGCTAACAACTGACAATAATTATTACTGCAGTGATGAAATTCACTCCATTGTGGTTTCAGAAGTTACGCTTGATAAGGGTTGCCCGTTGCCCGTTATCAATTGACAACTCAACCATAAGACTTTAAAATGTACCTAGATCAACACAAAGGAGACGATCGTATGAAAAAGGTATTTTTAATGTTAGCCGCGATTGCCGTCGTTGTTTTGATATGCGATGGCGTCAAAAAATTCGCCTTAGATCAAGCTGATCTTGGCCTGGAAATGCTGGACGCATAAGGAGAACAGGATGAAAAAAGACGCGGACATTTCTTATTGGACTGCCTTTTTATGTCTGGCTTTCATCATCGTTTCGATTTTTATCGATTCAGCTAATAGCTTTCTAAACCGAATCCTTCACAAAACCGCTTAACTGCGGTTTTTTTAATTATCCTCGAATTATTCCTAGCACTTCGTCCTTTTTTTCTTCCATCAATTCTTTGGATTTTGCCTCTAAACACAATCGTAAAAGCGGTTCTGTGTTTGACGAACGAACATTGAATCGCCAATCTGGGTACTCTATCGAGATGCCATCTAACTCGTCTTGTTTGCCGTCGGCATATTTTTCTTTAATTTCTTTGATTTTTGCCTGAGCATCATTTACTTCGGTGTTAATTTCTCCTGGCATAAAGTATTTATCAAAATATGGTTTCAAAAGCGCATCTAAGTCGCCTTTTTTTGAAACCAATTCAAGAACTAAAAGTAGTGGGATAATACCGGAATCTGCATACCAAAAGTCCTTAAAATAGGTGTGTCCCGAAGACTCGCCGCAAAAAATGCCGTCTACTTCACGCATTTTTTCTTTAATAAACGAATGACCCACCCGTGAAACAACTGCGTTCCCCCCGTTTTCTTTTGCTGAATCAATTATTGCCCAAGTAAAGCGCGGATCGTAAACAATTGTGGAGCCAGGTTTTTTCTCTAGTTGTAATTTGATTAGCAAAGCGTTCAAGTAATAAGGCTCGAGAAAATTTCCGGATTTTGTGCAAAAGAAAACTCGGTCAGCATCCGCATCCCATGCTACCCCAAGATCAGCATTCGATGATTTAACAAGTTCAACAAATTCAGGTCGATTTTCCGGTCGGAACGGATCTGGCCGGCCCTTTGGAAAATTACCATCTGGAGTATTATTTAAGCCGACTATTTCAAGCGGAAGATTACCGGCTTCAATAACTTTTTTTAGCACTTCTCCCTCTAAACCAAAATTCGGATTATAAACAAGCTTTAATGGTTTAATAGCGGAAATATCAACATACTTTAAAACAAATTGAGCAAAGTCGACCATTATATCTTTCTTTTCGACTGAACCCTTCGTATCACTGTCCACTTTCTCTTTGCCAGCGATGATCAAATCTCGCATCTCGTAAATACCGGTATCAGAAGATATTGGCTTTGCTTCTTCTCGAACCATTTTTAAACCATTGTATTCAGCCGGGTTATGCGAGGCCGTTACTTGTAAGCCACCCTGATAACCGAAATTGCCGACAGCGTAGTAAAGCATTTCGGTTGAGATTAAGCCAACATCAACAACATCTATCCCCGCATCAGTTAAACTTTTAATCAAACTTTCGGATAGTTTTTCAGACGAAAGACGAACATCATGACCAACCGCAATTTTGCCGTTAGGCTGGACTACTTTGACATAGGCTTGGCCGATTTTGTAGATCAAATCCTCGTTTATTTCCGACGGGTAAATCCCTCTAATATCATATGCCTTAAAAATTCCGGCATTAATTTCTTGCATTTTTTTCCTTTCAATATTTTAAGAAAATTCCGCAACAAGCTCAAAATTCACCAAAAATTTTCTTTCTTGGCTATAGTTTCATTTTACTTCCATGAGAATCATTTTACAAATATGAAAAAGCCGACGAAAATCCGCCGGCTGTCTCTCAAGTTCTAAGCAATCGGGACGACTTACGCGTTTTTTTACTCCGTGCGCTCGAAGTGCTTAAAAATTGAGGATGAAGATCCGATTGTAATACAGTTATTGCATTGATTGGCCTGTACAGGTCGGATCATCCCTGTTACAGGCTAAGACGATACTTTGAGTCAGTCCAAACCTTTTTCTGAGTTACGTATTCGGTTCGACCGACCCCAAAGGGTAGAACACCTGACGAGGCGGGCCTATCAATCCCCATCAGGTTGAAACGATCAGCCAAGTTTGCAACTTGCTCCGCTTGAAAGCCGGGAGCCAAGGCAACATGGCCGGTCGTCCAGACGAACCCTACCAGGCTAAGACCGTAGAAGCCCGATAGAGCGAGCAGGTGGAACGGGGTGAGCGACTCTGAAGCAACGAAATACATCCGTAAACCTCCCGCGACCAGCTCGGACAAGTGATAATTTCGGCACTCGATTGCCGACATCGGAAATGATCCGACAAATCGAATATAGATTTTTCGCTCATCAGTGTCAAGATCTGTCAAGCGGTTATTAAACGCCAAACTCGGTCAGGTAGTTGTTGGCAGCTGTAATGGCCAGAAAATAATCATCTTTGTCTGACATCATCCCGTCTATTTCAAAACACATCGAGCTCTGCAGGTCGATATTATCTCCATGAATACGCGCTTCTTGCCCTAGATATATTGTCTTGAAATAACCTCGTTTCATTACCTCATCGAAAGATTCAGGCGGCAACTCAAATGTATCATTAATCATGATCACTTTCCCGTCGGCCCGGATATCTATTAGAAAACCAAAAGCACAGTCATCAATCACGGCGATAAATAGGTTGCGGGAAGGAATCAGGCCACAATTTGATAAGGCTAACTTCTTGATTTCGTCATACGTCTCTTCGTCCAACCCGCAATAAATTCCTGGACCGGAATTAGTGTTTTCATCTCCTTCAACACATTCGAGGAAGGCCAAAGTTTTCTCGGGTTGAGTCGCAATCAACATGTCTACACCCCCTTACCAAGATCTTAAACCTAATATTTTAAGTTCGTCAAATTTGACAAATGAAAATACCATTGCTAAGTTGAAGATAACAATGACCAAATATATCTTTGTCACCGGAGGCGTTCTCTCCGGACTCGGCAAGGGGGTAACAGCCGCCTCTATCGGTAATCTTTTGGTCTCTCAGGGATTCAATGTTTGGATGCAAAAATTTGATCAGTACTTAAATGTCGATGCCGGGACCATAAATCCCAATAAGCATGGTGAAGTTTTTGTTTTGGATGACGGCG
CP011213.1_gap6	314776	317472	2696	CGTCCGCTCGTCCTGCTTTCGCAGGGCTTCTTTTCTAAGCGCCTCGATTATCAGACGCTTGTTCCTGACCACGTCGTCCATGCTGATACTGTTACCATCGATTTTTACAAAAAGATGGTCGTTTATCATTCTAGCCGTCACAAACTCTCCCTCAGCCACCTTAAAGGTAACCCGAGGATAGAGATCCCCTGCCGCCGGAGATGTTGTGCTGTGTAGAGACAGCACTAAGTTATTTTTTTTCATTTCTTCCCTCCGATCCGACTTTAACTGCCACACTGGGTCAGTTGCATTTTGATAGATCAATGCCATCGAACCGATTCGAAGATTTTGCCCTGCTTAGCACGGCGTGGCCAAACATTTACCAAAGTAAATGCTCGACACATACTGCGCTAAATCTAAAATATATGATAAAAAACTTATTACAATAATTGCCAATTTAACCACCAGTTACACCTGTTAAGATATAAACCTGGTCATACCTGTTTAGCCTCGCAAAAACGCCATTTTGGCATTTTTTAAGACCAATCGTACCATATTTAACCTGTTAAATTGGGCATGAGTTGTCAAAGTTCTTTGCAATCTGCCTTTTGGGCTTCCGATTGTCCAACAAGAAAGTATAACACAAAAAGACCAAAAAGTCAAGCCATTAACAGGTTAGATTGGCAATTTTACATTAGTGCTTTTTTGATCTTATTCGCTCGGCGGCGTATATCCTTCGCCATACAAAAATGTATTTGGCACTGGGACATATTTACTAGTAAAAGTTTCGTTCTCTAAAACTTTGCCGTCAGCAGCGGTAACTTTATATGTGAAACTGGCGGTGCAACCGTTGATTGCTTTCTCAACTTGTCGAACCGCACCTGGTGCCATCGTTGCAGAAAAGCTATAAACGGCGCCGCCTGGCGTGGTGTAGTTTCCAACCCATGGAGTACTTATTTCTGCTGTTCGTCCGTCTTTTGTGCCGTAAATTTGAAATTCCAAAGTATTTTGACCGGCAATCGCCCAAATCAAAATCGGCGTACTCATATTATTTACAAATCTAAAGTCTGGGGCTGGGTCATAAATTGTCGCGTCCATTCCAACAGGCGGCTCATAATAACTTACACGAAAAGAATGATTTGTTCTTTGAGTGATTTTTAGACCTGAATTTAAGGCGGCCCGAAATAAAGTGGTGGAAACTTGACATAAGCCGCCGCCATATTCCGGCGCAACCTGAGTGCTGTTTTTTATCACAAGCTCTGGTAAAAACCCGGTTGAACCGTCAATCACTCCTATAGTTTTAATCGTCGAAAATTCCTGACCAGGCTGGATGATTGTTCCGGAAATTTTTTGCGAACCAAGCGTTAAGTTATGAATTCTATTTGATGGTGAACCCTTCCAAGAAGTTTTGCCTTCCCCTACTAATTCGCTTAATCCCATTTGCTCGGCTGAATCAGAGGTAACCTTGGGCTGAGTTGTTTTTACCGGTAAGCTAACTGTTTTGGCTTGTCCTAGGATCGCCTGAGTAATCATCTGAAAAGACTTTGCTTTATCTAATTCATAACCTGTTTGAGAATTTTGGAATGCGGTTACCTTGCCATCTTGAACTTGGAATTTAGCATCTTTAGCTTCTTGATTTATGCCGCCAGCAATTGAATCAAGATATTGATTTATCTTACTTTGATCGGTAGTCATTACAAGTATCCAATTTTGATCGTTATTGCTACCTGTACTTTTTAGATCGATTTTATCCGTTAAGACATTCCCTTGTTTCACTTGACCCGTAAATTTCAACCAACCAGCAAAGTTTTCAGGTTTCAACTCAAAATTTTGCTTTTCCGTTTTCAAAATAACAGATGTGACCAATGATTGGCGAACTTCGCCAATCAAAGCTTCGGCAGCGGCTTTTTTTACTTTAGGCTGAATGTCAACAACAGAAATTTGAAAAGTTGATTTTTCTTTTAAGTAACCGAAAGAATTTAGAACGTCGTTAACTACTTTACCGAAGTCACTCTTCTTGCCGGATTTCTCTTCGACTACTATTGGATTTAGATCTTTTATCTCAATAGTGGCATCTCTTTCTGGCACATCAATTTTATTAGTAATTTCCAAAATTTGTGAATTCAGCTTTGTTCGATCGTAATTAAAAACAATACTCTCCCGATTACCTAAAAACAAAGCTCTGAGTTGTTCCTTAATAATCTGATTGAAACTGCCTTCTCGACCGATCCGCCAAGCTTCATCAACTGAAGAGTTAACATTATAGTTAACATTAAAATCATTGGAATTGATTTTCCAATTTTGGTCTAAGTAGTTTAATTGAACTTCTGAGTGGCCAACATTGGCAATTTTGCTTTGCAAAATGACAGATGCCTCAGCCTTAGTCTTGCCGCCCAAATTCACATCGCCAAAATATGTTTTTGGCATAATCCTATTCTGGTATGTCAAATTAAATATAAAAATAAAAAGACCAACAAAAATTAGAGCTAAGCCAATTGCCAAACCTAATTTCATTAGGTTCTTGTTTTGACTTAATTTAACAAAGCCTGCCCGCAACGTTTTCGGCGTTGCTAATGCCGGCGAGTCGATCTCTTTCCCTAATTGGCCTTTTTTTTGAGCCACCTTGATGTCCCCTCTACTTACCGTTCAATATTTCTTCTAATAAAGATTTAGCTAAATTCCTATCATCCACCCCTGGACTTCTGCTTGAATACAAA
CP011213.1_gap7	441839	443623	1784	TGAAGCAGTTTAAGAGTAGTCTTTAAAGTGTAAAGTAAAATGTATAAAGTATTTTCTTTCAACTCTGGCGTATCAACTTGGTTTTTACTTGCTTCTATATAAATGTCTGCAAAATCGTGCCAAACAAAATCGTATAAGTCATGGGCGGCTTGGCCAAAGCGAAAGTTATCCAAATTTTCATCTGTCGACTTAATCACTTCATTTAATCGAGATAATATCTGCTTATCTGCTTCGGTTTTTGGCGCTAACTTGTCATTGCGAGAAGCCGAAGGCGACGCGGCAATCCAGTCATTATTAGAGATTGCTTCGCTGTTGCTCGCAATGACCATGTTATCTATTTGCATCATGGTGAACCGGGCAATATTCCAAACTTTATTGGCAAATTTTTGAGCGGCTAAAATAGCTGCTTCATCAAATTTCAGATCTTGAGTCCCAGTATTGATGTACATTAGACCAAATCGGGTAGCATCTGCTCCATATTTGTCGATCAAAAGTAGAGGATCAACCCCTGTGCCGAGCGATTTACTCATACGCTTACCTTCTTTATTGAAGACGGTTGGATGAATATAGACTTGAGAAAATGGTTTTTCTTTCATTAGCTCTAATCCGGAGAAAATCATTCGAACAACCCAAAGCATATTAATATCTCGAGCGGTACTTAAAATGGTGGTAGGATAGAAATAGGAAAGATCGTTTAATTTGTCATCGCAAGATTGCTTCGCCTGTTGGCTCGCAATGACATCCTTTGAGGCGCCGCCCAGAGGGCTCTGCCCGGCGGGCCAACCCAGAGTGGCAAAAGGCCACAAGGCAGATGAAAACCAAGTATCCAAAACATCTGTCTCGCCTTCGATTGGAATAGTGTGCCCCCACCAAATTTGTCGGGAAATGCACCAGTCACGAATATTATCCATCCAGTCGATATATACTTTTTTCCATCGATCAGGAGTAATTTTTATCTCATCATTTTTGATCGCTTCGAGGGCCGGCTTGATCAATTCCGACATTTTTAAGAACCATTGCTTTGATGGTTGAGGCTCGATCTCTCTGTTACAACGATAGCAAACACTTAAATTGTTGGTGATATCTTCTTCTTTTTCCAGTAAGTTTTCTTCTTTTAGCCATTCAACTATTTTTTCCCTTGCCTCTTTGGCTTTTAACCCTTCATATTGGCCGGCCTCTTTGGTCATTTTCCCATATTGATTGATAACTTTAACTATATCTAAGCCATTTTTTTCGGCCATTTCATAATCAACCAGTGAGTGGGCAGGAGTTACTCCAACGGCGCCGGTACCAAAAGTCATGTCAACATTTCGGTCGCCGATAACTCTTATCTCTCGTTTTACACCAGCAAAGTTAACTGTGAAAGTTTTATCAATGTATTCTGCATATCTTTTGTCTTTTGGATTCACAGCTACACCAGTATCACCCAGTTTAGTTTCTGGTCTGGTAGTGGCAATCGAGATCGGAAAATCATTATCATATTTAAAGTAATACAGCTTGGCGGGTTGTTCTATATATTCAACTTCAATATCGGAAAGGGAAGTTTGGCAGCGCACGCACCAGTTAATAACGCGTTCGCCTTGGTAGATCCAGCCTTTGTCGTAATAATGTTTAAAAGCGGTTTTAACGGCTTCGGTATAACCTTCGTCCATAGTGAAACGTTGTCTTGACCAGTCACACGAACAGCCCATTTTTTTAAGCTGATCGATAATAATATGGCCTTTTTCGTCAACCCATTGCCATATTTCTTTTTCAAATTCTTCCCGTCCAAGTTCTTGGCGGGT
CP011213.1_gap8	444758	446273	1515	TAGTTTTGTTAATCAAAATATCAACTACAGTTTGTTGAAAAGAAGCGGCGATATCTTTTTTATTTTTCTCAGAAAGCTCACCCATTTTTTTAGTTTCATTTAATACGGCAGTTTTGAGCCCTGAAAAACTAAAGTTATAATCTTTTCGGTCGGTCATCGCTCGAGGAAAATTAAAGGCTTTCGGATCGCCTTCTTCGGCCGCTTTTGATATAGCCGGTCCGCCCGGGTAGCCTAACCCTAATAAATTTGATATTTTATCGAACGCCTCGCCCGCGGCATCATCTAAAGTTTCGCCAAGAGGTTTGATCTTATCGTAATCCTCCATTAAGACTAGACCGGTATGTCCGCCAGAAACGATTAAAAAGAGAGCGGGGAATTGGGGGTGTGGCTCTTCTGCCCAGTTTGAGTAAATATGTCCGAGCCAGTGGTTAATGCCAATAATAGGTTTATTTCTGGCAAAGGCGTAAGTTTTGGCAAAGTTAACACCAACAAGAAGGGATCCAATCAGACCGGGGCCAACTGTGACAGCAACTAAATCCGGATCAATGCCATTTAGTGCCTCCTCCACGACAGGTATAATCTTTTCGGCATGAGCTCTTGAAGCTTTCTCTGGAAAAACACCACCAAATTCCTTATGAATGTCGATTTGTGAAGCAATTACATTCGATAAAATACGGATACCGTTTTCTCCGCCCGCTGGCGGATTTTCAATGACCGATGCGGCTGTTTCATCGCAGCTGGATTCTATGGCTAAAATATACATATTTATTCCTAGGTATGGGATTGACTTTTCTTCTTAAATTCATTAATATTAAACCATAATTTCTGCCGGTTGAACAGGGCAGAAGGATAAGGGGGGAGACTAGATGAAGCCATTAAGGATTGGCACGCTGGCAACGGCTGGAGATTACGGAGCACAGGAGGTTATTAAGGCAGCAATTTTGGCATCTCGTTACTGCTCGCCCAGTAATGACTTCGATCTGGTGGTTTATGCCAAGAAGGGCAGCTCAGAAGGTTTTTCCATGGATGACATGGGTCGGATCGCATATTACGAAACCGGTAATACTGACACCTCGGAAATAAGGGCGGCTTTCGAAGCTCTGAGACGAGGCGACATTAATGCGATCGTTACTCCAAAGAATAGCCATGACTTAATGGCCATGGCTAAGAACTACATGAACCCGGATATTGAACGGCCGGGATTGATTGGCGGCTTTCCGACAATGGGTGGGATTCGTTATGTTACAGATATTGGCGCCACATCTCGTGTAGATGATCCAAAAGTCTTTGCCGGCTTGGCTGAACTTGGCCGTGACTATTTGATCAGACATTGTGGTATAGCCTCACCGAGAATCGGTCTGCATAATATCTCGACTGAGCATGCCTATCCGACGCTTCAGCGAGCCTACGAATTACTCGATGGTTTTCCTGGTTTTGTCGGCTACGCCGAGCCTGCTAAATTTTGGGCAGGTGAAATAGACCTTCTGCTCATAGACGGATTTGGCGGAAACTCTA
CP011213.1_gap9	462378	465073	2695	CACATTTACGGTACTGTGGAGAATGTTCAGCTCTTGGACGAAATCCCGACCGAATGTCGACTCGAACCGCTTGAAGGGGAGCAATTGCGAATTTGATTATTTACTCTAGAGACATCTCTCTACCCGACGGGAAACCTTCGGGTTTTTAATTCTTAACATAGAGATAAACGTTGTTCTCGACTTGAACAGGTTCCCATTCGGGGAAAATAAAAGTATTCGAGATCACCTTGGCTCCTGTTTTGAGTTCTTTTTTTAATTTCTTTTCCATTTGTTTCATCATGCTAGTGATACCAAACAGGGTAATTATGTTGAATTCAGAAAGGTCCGCCTTCCAGAAGTTTTTTTCCGATATTCGAGCCACATCTTCCATGCCCTGAACAATAATATTTTTTTGTCCTAACATGGCTCGGCTTGGATCAGCTTCAAAACCTTGTGCAATGGCACCAGCTTTGGCAAAAGCGATTACCACCCGACCATCGCCTGAACCAAGATCGGCCATTCTTTCGCCACCTTGAAGATTTGCCATTTTGACCATAATTCTAATTTTTTCCGCCGTACTTGGGACAAACGGGATATCTAATTTTGCTGGTTCCATTACTTCTCCTTTCTTCTTAAGAAGTAAGTATGGCAAAAAAGCCTAAGGCTTTCTTTAGTAATACGAACAAATAAATGAGTCTGTTAGAGACCAATGTCTTTACAGCTTTCAAGGAGTAGCTTGTCAAAGTGTAGAAAATTTGCTATAATCTTGATGAATCATTAAATTATTTAATCGCCCCGAGCGTAGTCGAGGGGCTGGTTGTTTCTTGGATAATCCGCCAGCTGGCGGACTAGGAAATGACACAAAGGAAAAAATGCCAAAAGTTGATTTAATTAAAAAGCAACATGCTTATTTTTTGAAAGGTAGTAAATAATGAAAGTCGATTTAATCAAAAAATATCAAACCCACAAAAATGACACTGGTTCCACTGAAGTTCAGGTAGCTTTGCTCACTGAAAAAATCATGGAATTAGCCAAGCATTTGAAAAAGCATGCCAAAGATTCAGATTCACGCCGCGGTTTATTGATGATGGTTGGAAAACGCCGCCGCTTGCTTAACTATTTGAAAAAGGGTGAACCTAGGAAGTATGAAAAACTTATCAAGGACTTAGGTCTTAAGAAATAAGAACCTCTTCGCGAGAAACTTGTTTCTTGAGTTGTAGAAATAATAAGTTTTTGCATGTCAAAGCTGATTAAAGATTTAGGTTTAAAAAAATAAGACAGTCAATCGGTCATTGCGAGTCGGTAGGCGAAGCAATCTGTTTCAGAGATCGCCACATTGACACTTGCGATGACAGAATAAATAGATTTAAAAATTAATATAGCGTGAGATGCGTAGAGCAGGTAAAGGGATAAAAAATTGTTTTTCTCTCTTTAGGTGTTCTACGTTCTCATGCCTTTTGAAAGGCAAAAATGTCCCAAGACTTTAAAACGACCATTGCAGATAAGGAATTAGTTATCTCCACTGGTAAATTGGCGCAACTTGCGTCTGGTTCTGTAACGGTTCGCTATGGCGATACCGTTGTTTTGGCAACCGCCGTTGTTGCGGCCGAAGCTCGCGACGACATCGATTATTTCCCGTTGTTAGTGGATTATGAGGAAAGATTGTATGCCGCCGGTAAGATTTCTGGTTCACGATTTATTAAAAGAGAAGGCCGTCCGTCAGAACAGGCAATACTTACTTGCCGCTTGATTGACCGACCGATTCGTCCTTTGTTTCCAAAAGCGTTCAAGAATGATGTACAGGTTGTTATCACTGTTTTATCTTTCGATTTAGAAAACGACCCAGGTATCATTTCCATCATCGCCGCTTCAGCCGCTCTTTGCCAGTCAAACGCACCTTTCGAAGGTCCAGTGGCTGCTTCCAGAGTTGGTTTAATCGACGGTGAATTTGTTTTGAACCCAACCGTTAAGCAATTGGAAAATTCCAAACTTGACTTGGTTGTCGCCGGAAATAAAGAAAAAGTTTTGATGCTTGAGGCCGGTTCCAACGAAGTTGACGAAAAGACTATGATTGAAGCCATAAAATTCGGTCACAAAGGTCTTCAACCAGCGCTTGAAATTCAAAAAGAGCTTATTTCTGAAACCAAGCATACGGTTGAAGAAGCTGAAGAACCTGCAATTATTAAAGAAATTAAATCATATCTTGGCAAGAAATTGGCCGAAATCGTTTATGTAACAGATAAAGCCAAGCGTCAAGAACAAATTTCTGCCTTTGAAAAAGAAGTTTTGGAAAATTTTGAAGGTAACTATAAGCAAATTGAATTAAAATCAGCTTTTGGCCAAGTTTTGGAAAAAGAAGTTCGTCAAGCTGTCATTGATAAAGAAATTCGTCCAGACGGCCGTAAAATCGACGAGATTCGTCCGATTTCGGTTGAAGTGGACTTATTGCCTCGCACCCACGGTTCAGGATTATTTACTCGTGGTCAGACGCAGGTTATGTCGATTATCACCCTTGGACCACCTTCTGAAGAACAGATCATTGAAACAATGGAAGAAGAAGGTACCAAGAGATATATGCATCATTATAACTTCCCACCATTTTCAACGGGTGAAGTTAAACCAATGCGTTCAACATCACGCCGAGAAATTGGTCATGGCGCCTTAGCTGAAAGAGCCTTACTTCCTGTCATTCCTTCACGTGAAGAATTCCCTTATA
CP011213.1_gap10	478787	482114	3327	CATCATGATGCCGAAGATGAATGGCTTTGATGTTTTAAAGCGTCTGAAAGAAAATATTATCTTGAAGGAAATTCCTGTAATTGTATTAACGGCTTTAACTCAAGACAGCGACAGAGAAGAAAGTAAAAAGTTAGGAGCTGTCGATTACTTAATTAAATCTGATTTTACGCCTGGTCAAATAATCGATAAAATTCAGAAATATCTGAAATAAAATTTAGTTGAAATTCCATAAAATTCATCAAGCGAAATCTTTATAAAGCATTTTGCTTTGCAAGCTACGCTTATAGACTTTCGACTAAAGCGACCAAAGGGAGCGGTTATGGCTAAAATTTTGATTGTCGAAGACGATGTAACACTTTCCAAAATGTACCAGAAGAAGTTAATGCTGGCCGGGTATGCTGTCGAAGCATCTTTTAATGGTAAAGATGCAGTTGTAAAAACCGCTGAAGAAATGCCAGATTTGGTCTTACTTGATATAATGTTACCAGGAATTGATGGCTTCGAAGTGGTGAAACAATTGAAAGCCAATAAGAAAACAGCGAGTATCCCGATTATTATTTTGACTAACCTTGGGACATCAGAAGTTTTTATTGATGAAGCTAAAATGCTAGGTGTACAGCAATACCTAGTGAAGTATAAGACTTCTGGGACAGAGTTAGTTGAGAAAATAAAGGAAGAATTAGAAATTAATTAAACGCCCCACTTCGCTAAAGCTTTGCGGGACACACTTCGCTCCAAATAGAGTGAGGCTTGTCACGCATAGCCCGATGCGGAGCTGAGGGCGAAGTGTGGAGGGGCAAAATAGAAGAGAAAAAAGCAGTCCAGACTGAAATACAAACAGAAGTTCAGTCTCTTTATCAGATCTCGCAAATCGCGGCCAAAGCTAAAAATCTTGATGCTTTGTGGCAGCCGCTTTTTGATGAAATTTCAAAAATCATGCAGGTTGATGCCGGTACTTTAATGATACTGGAAGATGACGAGTTGGTAAGAAAAACGGCTAAAGGACTGGGCGATAATATCATGAAAGAGCCGCCAATTCCAAGATCAAAAGGTGGCGTTTCTTGGAAAGCCGTCACGACTCGTGATGAAGTGGTAATAAATGACCTTTCGGCTTCAGACATCGCTTCACAGGCGCTTAAGGAAGGTGAGTTTCATTCATTGATGACTGTACCGATGATGGTCCGAGAACAAGTTATCGGTGTAATCAGTATTTTTGCCCGTAAGGGTCGAAACTTTTCCGATTCTGACGTTTCCATGTTTAGAGCCATTGCTAACCAAGCCGCTTTAGCGATTATCAGTTTAACCTCGGCCGAATTTTTAAAAGAAAATAAGAAGAGACTAGCCGAACTTTCGGCTTTAAATCAAATTTCCAGATCAGTGGCGACCTTATTTGATTTTGAAGAAACTTTGTTTTCGATTATAGGTTTAATAACTAAACAACTAAGAGGCGATCAGGGTGTGATTGTTCTATTTGATCACAAGGAAAAGTTACTTAAAGCTGCTCTGCCTGCCTTTAATTTGACCCCTTCTCAGGTTAGGGATTTTCGTACTCGAACAGATGAAGGTGCGACCGGCCAGGCATTTTGCAAAGGTATCCCGATTAATATCGAGACGATAGATCAAGAAACCAAAGAAACTTTAGAACGAGCAAAAATTACTGGTGTTAAAAGTATGTTGGTCGCCCCGCTGAAAGTTAAGTCTCAAACCTTGGGCGTTATTCATGTCTTTTCGTCGAAAGAAAAAAACTTTACTGCTGATGACCTCAAACTATTTAATATTCTAACTTCGTCAGCGGCGGTGGTGGTCAATTCGTCATATATTTATCAAAAAATCGAAGAGGAAAAAAAGAAAGACGACGCTTTACTTTCTTCGATAGGTGAAGGAGTTTTGGCGGTAAACGATAACCGAGACATTATCTTGCTAAACGCTGCCGGAGAAAGAATTACGGGCTTTTTACAAGAAGAATTATTAGGAAAATCTGTGGAAAGTACCCTGCAAATTCTTAACGACAAAAAAGTGATGATTTCTCGGGAGGAATCTCCTATAGCCAAAGTTTTAACCGACGGCAAGCCAATTTTCATGAACAACGTCTTTTTAAAAAGACATGACGGCGTATTATTTCCTGCCCGCTTTAACGTCGCCGCCACTCATGATGCCATGGATAAAATTATTGGCGCCATTGTGGTCTTTAATGATATAACGCATGATTTGGAAGTCGAACGGATGAAGCAAGAACTTATTTCGATAGCTACTCATGAATTAAGGACGCCGATTACTGGTATTAAAGGTTATCTGGAAATGATTTTGGACGGGGATACGGGTGGCGTCAATAAGGAAACAAAAGAAGTGCTAGATGAAATGTCGGCCATCAATGGACGTATTGCAGACTTGGTTGATGATTTGTTAAATATTGGCCGGATTGAACAGGGAAGAATTGAGATCAAACCAAAGCCAACTAACCTAATTGTTCTGATCTATAACTGTATCAAAGAATTATCAGTTCAGGCTAAAGAGAAAAATTTAGAGTTGATTTTTAATCCGCCAACCGATATTCCTCAAATTTTAGCTGATCCAGACAGAACAAAACAAATATTAGTGAACCTTATCGGTAATGCTATTAAATACACACCAGAAGGCAAGAAGAGCAAGGTTGAGGACTGGAATGAAATTGAAATTACCTTGGATAAAAAGGGTAAAGATATCGTTTGCCACGTTAAAGATCATGGTTTAGGTATTTCCAAAGAAGGGCAAAAGCAGCTTTTCCAGAAGTTCTCACGCGTTAAAACTGATCAAACGCGAATGATCACAGGTACTGGTTTGGGGCTATGGATTACTAAACAGATTGTAGAGATGATGAGCGGAAAGATTTGGGTTGAATCTGTTGAGGGTAAAGGTTCAACATTCTCGTTTACCTTGCCGCAAAATAGCGTCTGAGTTGCAAGAGTTATAGTGATTACATATAATAAAGATGAATAAAAAGAGCATCAATAGGTAAGCTTCGCTTACCGCGGAATTTTTCCCTGGAAGGAAAAATATAGTTAAGCTGTCGATTACCGCGGAATTTTCAAGGAGAAAATATGGCAAAAGCCAAATTGCTTTTAGTTGAAGACGACGTAACTTTATCTAAAATGTATGAAAAGAAATTTAAGACCGAAGGGTATGATGTTGAAGTAGCCTATGATGGTTTAGATGGTTTAGATAAAGCAGTTAAGGGGAAACCGGATTTAGTGGTTTTGGACATCATGCTGCCAAAAATGGATGGTTTATCAGTATTTAAAAAAATGCGTAGTACTCCGGACACTTTTAAAACTCCAGTATTACTACTGA
CP011213.1_gap11	485013	488944	3931	TCTGAATTGTCTGAGGAAAAAATTAGAGTGCAAGCTTTGGCTGACGGAATGGTGACAATGATGGAAGACGGTTTTATGAAAGTGGAATCGGGGATAACGACTTTAGAAGAAGTGCTCAGAGTGACGAGCGAATAGAAAGACCAAATTGGCCTTTAAAACTGGAGGTTTTTTGCTTTTCGAATACACAGCAGCCGGACAAGACGGCACAATCAGGAAAAGTCAGATGGAAGCGACCGATAAAGACGCGGTTATTTCATATTTAAAAAGAAAAGATTTTTTAGTTATCCGTGTGGCAGAAAAAGCTGAAGATATTGGTCAGGTCTTTGCCGGCAAAGTGACGGCGTTAGAAAAGATTGATTTAACTGGTAACTTGTCGATTATGTTAAAAGCCGGTGTTGGGATGCCTGAAGCCTTGGAAATTATCTCCAAAGACTCGAAAAATCCCTATTTTGAAAAAGTCTGCTCATCTTTAAAATCCAATTTGGAAAATGGCCGGCCACTATCAGTTGGTTTAAAGCATTATCCCAAAGATTTTAGTAACGTATTTATTAGTCTGATTAAAGCCGGCGAAGCTTCAGGAAAATTGGAACAGGTTTTAGCTCAATTAAGCCAACAGTTAAAAAAAGAACATAGCTTGGTGACAAAAATTCGAAGCGCCTTTGCCTATCCTGTAGTGCTGGTTTGCGGCTTAATCGCAGTGGTGATTCTTTTAATGACTTTTGTCTTACCAAAGCTTGTCACATTGTTTTCTGATTCAAATTTAAAATTGCCATTAGGTACTCGTATTGTTTTTGATATATCTCAAGCGCTGTCGGCTAGACCGATTTTTACGCTTATCGGAGTAATTTTATTAACAATAATAATTCTGTTTTTAGCGCGTAACCAAAAAATCAAAGCCTTTTCTTTGCGAACGGTTTATCATTTACCGGTTGCATCACAGCTAATTGCTCAAATGGAATTGGCTCGATTTTCCAGAACTTTATCGAGCCTGATGCAAAGTGGTGTGCCAATTGTCCAGGCATTGGAGATTACTGCGGAAGCACTTAGTCTGCCTCAGTATAAAAAAATGGTACTAGACGCCAAAGAAGACATCGCCAAAGGCGTATCTTTAACCAATGCTTTTAAAAAGAACGAAAAAATTTTCCCACAAATGCTGGTTTCCGTCATGCAGGTTGGAGAAAAAACGGGAAATTTAGATAAGCTTTTATTAAGTATCGGTGATTATTTTGAAGAACAAGTTGATAACACTTTAAGTGTTTTAACAAGTTTGGTCGAGCCAGTGTTACTGGTTGTTGTCGGAGTAGCGATTGGTGGGATGGCGATTTCTATAATCTTGCCAATCTATCAGCTAATCGGAAGTTTTTAAATATGGCGAAAAATATGGCCTTTCGGGCGCGGAATTTCAATCGAAATATAGCCCTTGGGACGCAGAATTTCCGAAGAAATATTAAATCATCGAAGGGTTTTACCCTAATCGAGATTTTGGTAGTGATGGCGATTTTAGTTGTAATGGCCGGTTTTTCTGTTGCGAGCTTAACCTCCTTCGGCCGAAGTAGTAATATTGATGGCGATTACATGACGCTAGAATCGTCTTTAAGACTGGCCGAAAGTAATTCACAAGCCAACTTAGGTGACAGCCAATGGGGAATTCACCTAGAAAGTAATCGGTTCACGCTTTTTAGCGGATCGACTTATAATGCTTCTGATATTGCCAATAATAAAGTAAGAACATTTTCTAACGGCGTTGTATTAAGTTGGAGCCTCGCTGACGGTGGTCAAGACATTTTGTTCAACAAAGGCAAAACCTCCACTATTAATACTGGTACGCTTACTCTTTCGGGTAGTGGCAATAGCAAGCAACTTACATTGAATGGTGAGGGCACAATTGAATAAAAAATGTAATTTATTTTTTCACTTGAAAAGCCCTGGACAACTCTTGGTCGAGGTAGTTTTATCAGTTGGCCTTATTGCACTGCTAGTGGCGGCTGTGGTGCCACTGGTTTTATCAAGCACCAAAGCGATGAGAGACCAAGAAAAAGTTTCTCAGGCTTCGCTCTTGGGTAAGGAGACACTGGACACTGTGCGAGCAATCAAAGAGGAAGATTGGAACAGTATCTATTTACCTTTAGGCACGTCTAGTAAAGGTTCTGTAAATTTATATCACACTGAGTTAATTTCCGATAAATGGCAGTTGGTTACTGGAGAAGAATCAGTTACTCTTGATGGCAACAATTTTCAGCGCAGTTTAATCATTGAAAATGTTTCCAGAACTGGTTCAAATGGCAGCGGTGAAATTGAGCCTAATTATAATAGTTTGCGCGACGATCCTTCGACTCAAAAGATCACAGTGACTGTTGGCGGTTTTGGCGGCTCCCCAATTGTTTTGGTAGAATTTGTCAGCCGCTGGAGTAATCAACTTTTTTCTGACACTTCTTGGTCTACAGGGCAAAACCCAACCCAAACTAACGTTGATTTTGCCTCTACGCCAGGTGCCTTGCTTCTTACTTCAAGAGGTGGTGGGAATGATACCTATGGAAATAAGTTTTTAATGACGGCTACTGCCACGATTGGCGCATTAAATAACACAACCAAACAGGCCGATATGCGTTTTACGGCACAGCAAGACGGCACCGTTAATAATGTCAGTGTTTATTTAACCACGGCATCTAGTTTGGCAGGAACTAAATATAATTATGGACTTCAAGCGGATAATAGCGGCTTGCCAAGCGGTACATATCTAAGCTCTGCATCATCATTTTTCAATAAAACTGGGTGGAAAACAATAACAATTCCTTCAGTTAGTGTTACTGCTGGAACTGTTTATCATCTTGTGGTGCAGTACGCTTCCGGCAGAGCACCAACCGCAGCTAATTATATTGATATTCGAGATTCTTCGCCGCAAAATAATATAATACCCAAAATTCAAAAAACTGATTTAAATCAAAATACACTATTTTATAGCGGCACTGTTTGGGGCATTCAAAATAGGGAGCCGATTTACCGTCTTGGTTTTATCGATGGCTCATTCGAAGGTAATCCTTATGATACCTTCGAAGCCCGTTCTATTTTCGGCGCTAACTGGGAAGGTGAAACAATGACGATTGCCGGTGATAAAGTGGCCAATAGTTTGAGTTTAATGGTTTCCAAAAGCACTGCAGTTAATCCAGCCGATGATCTGCACTTTACCATAGAGGATTTAACCACCAGCACTAAATTAGTTGATAATTTAGTCTTTACTAATGGTGCGGCCTTAACAACCGGTTACTCCATGAAGACTTATACTTTTTCTTCACCTATTACTTTGACAGACACGCATCAATATCGATTGTACTTTTCGTCGCCGTTCGCAAATAGAATCAATTTTTATCGGATTATTAATGTTTCTAACCCTGGTACTGCTGGTTTTAAAGATATAAATTGGGATGGAACTAAATCGTTAGTTTCTCGTTCAACTAAATCAGGAGCAAACTGGACTGAAACAGACTACATTGATTTATCGGGTTATTATTTTAGTCTAAGTGCGGCGTCAACCTATAGTTTAAGCGGTTATCTTGTTTCTCAGACCTTTGATGCAACTAAGAAGGCTGGCTTCAACCGTATTTCTTGGACCAATCTTACTTTACCAGCAAATACGAGTGTCAAGCTTCAATTGGCTGCCAACAATGATCAATCCACCTGGAACTTTAGTGGTCCTGACGGCACGGCTGGGACTTATTACACTATTAATTCTGGTGAAAACATCAGTTCTGTGCTTTCAAATAATCGTTATATTAGATACAAAGCATATTTAGCGACAACTAATGATAAAGTTACGCCGGTATTGGCCGATGTGACATTAGGTTATTCTCTTTGATTTGCCGCAAATTATTCCTGGAAAAAAACATGAAAAACAAATTTTTTACAAAAAGACGGGGCGTAACACTAATGGAGC
CP011213.1_gap12	594409	596501	2092	TTTAAAAATAAGAAGAAGAATTTTACTGTTACTAGCTATGAAAAAGAAGCGAAAATACTACCGGTTTACGGTGAAACCGAAGGTTTAACCAGTAAATTTTTGCGTAAATTGATCGAACCTTTGCTCGAAAAATTTTCTATCGTTGACTATTTGCCTGACGAAATTAAAAAGGAGCAAAGCTTAATTGATTTAGCCAGCGCAGTTAAAAACATTCATTTCCCAGCTACGAATGATCAGATGCATGCGGCCAGACGGCGCATTGCTTTTGACGAATTGTTTTTCATTGCTTTAAAAATGCAAGAGGCTAAAAAAGAGCTGTCTGTTTCACGTGCGCCAAAAATAAAATTCGATGAAAATATTTTAAAAAATTTTGTGAATGACTTGCCGTATAAATTAACAAACGCACAAAGAAAAACGGCATGGGAAATAGTCCAAGATTTAGAAAATAGTCGGCCGATGAATCGTTTATTGGAAGGCGATGTCGGTTCCGGCAAAACCGTAGTCGCTGCGATGGCGGTATTAACTACGGTTAAGGCTGGCTTCCAAGCAGTTTGGTTGGCGCCAACAACGATTTTGGCTAATCAGCATTACCAAAATGTTTCAAAATTATTAAAAGATATTAAAGTAGGTATTTGGACGGCCGGCAGTAAACTGGCAGATTTTAAAAACGATGATTTAATTATTGGTACCCACGCCTTGGTGCAAAAAGGTGTAAACTTTGATCGCTTAGCCTTGATTATTGTCGATGAGCAACATCGTTTTGGTGTAAAACAACGAGCCTTTTTGAAGGAGGGTGCCTTTAAAAAAAATGACACAGTCCCACACTTTCTTTCGATGACAGCCACGCCGATTCCGAGAACTTTAGCCCTAGCTTTTTATGGTGATTTAGATCTATCGATTATCAATGAAATGCCAGCGGGCCGCCAAAAAGTCATTACGAAAATTGTGCCTCCAAAAGAACGTAATCAAGCATATGATTTTATTAAAAACCAAGTTGAAGCTGGCCGACAAGTCTTTGTCATTTGTCCTTTAATCGACGAAAAGGTTTCATCAGATCGTTTATTGGACGTGGATAGAAAATCAGCGGTTAAGGAGTATGAAAAGCTTTCAAAAAAAATATTTCCGCAGTTCAAGGTTGGTCTTTTACATGGCAAGATGAAGGTGTCGGAAAAAGACGAGGTGATGCAAAAATTCAAAAACAAAAAGATTGATATTTTAGTTTCCACAGCCGTAGTCGAAGTTGGCATCGATATTCCCAACGCTACTGTTATGATGATTGAAGATGCGGAGCGTTTCGGTTTAGCTCAACTTCATCAATTTAGAGGTCGTGTGGGTAGAGGCAAAGATCAGTCATATTGTTTAATTTTCTCCGAGAGCTGGTCGGATTCGACGAAAAAGCGCTTAAAAGCGATGATCACTTGCGACAATGGTTTTGACCTAGCAGAAATCGATTTGGATTTAAGGGGTCCAGGTGAATTCACGGGATTTTGTCAATCAGGTTTACCGGACTTGAAAATGGCCTCACTTTCAGATAGAATAATGATAGAAAAGGCCAAGGTGGCAGCAGAGAACGTGGTTAAAAAAGGCATCGAAAATTATCCAAAGCTATTGGAAAAATTTAAAGAATTTGCTATCACTAAGCATTTGGAATGAATGAATTTGATAAGCTAATTTATCAATACAGATTTATTGTCGGTGGCGTTCTAATCGCCGTCATTTTGACCGGTTCCGGTCTTCTAGTCTGGGAAAAGATTGTTCAATCTCGTCAATCAAAAAACGAGGCGATGGAGTTGCTAGAAAAAGAAAATGAAGCTCTGCGCCAAGAGTTGAGTGGTCAAGCGAAAGTTGTGGCTGGATCCGAAGCTTCCGTTGTACAGGGTGAAAGCGACAAAATCAACATTAATACTGCGGCTTTGACTGATTTAGATAAAATTCCCAGTGTTGGTCCGGTAATTGCGCAAAGAATAATCGATTACAGAAATGAAAACGGCGCTTTTAAAACGATCGAAGATTTAAAAAAGGTCAAAGGCATTGGGGAAAAAACATTCGAAAAAATTTCAGGCTCAATAACAGCAGGAGAATAGATGGGTGA
CP011213.1_gap13	597972	602057	4085	TTTAATAACTTGTCTGATTATAAATAAATTTTCAAACGAGGTTTAAATGGACGAAATGAATGATTTTGATACATTTGAAAAAGAGATAAGAGAAAAAGAGGCAGAGAAAAACAAATCGAAACACAGAGTTTCTGGCAGGTCAGTTTTTAAGTTGCAAGAAATCATTCAAGAAAAAGCGAAAGAGGAGGAAAGTGGAGATTCCAAAAAACCCATGGCAGGGAACAAGCGATGACCTGCTAAAAAAACTAGCAACGAATCGAGGTGGATTAACTGATCTTGAAGCGCAAAAACGCTTGCTTGAGAATGGACCAAATTCCATTTCGAGGCAAACTCCCATCCCGTTGCTTAAAATATTTTTAGATCAATTTCTTGATCTGTTGGTTTTAATGTTAATTTTTGCATGTGTTTTATCTTTTATGCTGGGTGACCTAAGAAATGGTGTTGTCATCGGTTTGATTGTTGTCTTAAATGCCATTATAGGATTTGTACAAGAATATAAAGCTGAAAAAATTTTGAAGGCCTTGGTTAAATTATTGCCTGAAAAAGTTAAGGTCAAGCGTAATGGCGAAGAAAAAGAAATTTCCGCTGAATATTTAGCATTAGGCGATATTGTGGTTATTAATGAAGGCGACAAAATACCGGCCGATATCCGCGTGATCGAAAGCTATGAATTGAGAATAAATGAGCAGATATTAACTGGAGAAGTTAATCCGCAAAATAAAGAGGCAAAGGATTATAAGGACGGGAATCTTTTAATAACAGAAAGGCTAAATCTTTTATTTGCCGGCACAAATGCGGCTGACGGAGAAGCAATAGGTGTTGTTGTGGCTACTGGCCGCGCAACGGAATTTGGTAAAATCGCTCAAAAGACGATGCAAATCAATAAAGAGCACTCACCTTTGCAAGAAAAGACTCGTCAAGTCGCAAAAAAAATAGCTATCTTCGCCGCTATTTGGATGATTGTTTTAATTTTTTACCATTTTTACTTTGTTAGCTCTAAAATTGTTGACGCTTTAATTTTCGCCGTGGTTGTTGCGGCAGCCTTGGTTCCAGAAGGGCTACCGGCAACTGTCTCAGTGGCTCTTTCATTCGGTGCTCGTAACTTGGCAAGAAATAAGGCATTGATTAAAAATTTGGTTTCTGTCGAAACATTAGGTTCAACGACGGTTATTTGTACTGATAAGACTGGGACTTTAACGACTGGTAAAATGACCGTTAGAGAAGTTTGGGAATTTGCCAATCCTGAAATTAATCCTGCGGAAAAAAAACAACTTATTCGTCAAGTTGCGATTTTATGTAATGACGCTGAGGTTGAGACGGATAATGCCGTTGGGGATCCGACTGAAATCGCTTTGCTCGAATGGGCTAAAAAGGAAGGCGTTGATGTTGCAGAATATCGAAAAAAATATTTGAAGATTGATGAATTGCCTTTTAATTCAAGACGTCGATTTATGAGTACAACGTACAATTTAAATGGCAATAAGTTTAATTGCGTTAAGGGTGCGCCAGAAATAATTGCCGAAAAATGCCATCTTAACGATGAAGAAAAATCGCAAATAAATAAAAAAATGGAAGAATACGCTTCGGAAGGATATCGTGTTTTAGCTTTAGCCTATAACCATATTTTCTTGGGGTTAGTATCAATTTTTGATCCACCAAGACCCGAAGTAAAAGAAGCAATCGAAAATTGCAAAAAGGGCGGTATTAGAGTTATTATGGTCACTGGTGACAATCCCTTAACAGCTGCATCAATTGGAAAAATAACAGGGATCACATATGACTCTTTTCCAGAAGTGATTGACGGAAAAAGTTTATCGAAAATGTCTGATCTGGAATTACGTCAAAAACTCCACCATGTAAATATATTTGCCCGCATTCTACCAGAGCAAAAGTTTCGAATTGTCGATAATTTAATGAGTATGGGCGAAATAGTAGCGGCTACTGGTGATGGTGTAAACGACGCTCCAGCTTTAAAAAAGGCTGATATCGGGATCGCGATGGGAATAACGGGGACCGATGTTTCCAAGCAAGCCGCTGATCTGATCTTGTTAGATGATAACTTTGCAACTATTGTTAAAGCAGTAGTTGAAGGTAGAGTTATTTTTGATAATGTAAAGAGATTTCTTTTTTACATTTTTACTCATAATTTCGGAGAGTTAATGATTGTCGCCTTGGGTATCTTTTTCGGATTACCTTTGACTATGTTGCCGGTACAAATTCTAGCAGTCGATCTAGGTACTGATATCTTGCCATCGATGTCTTTTATTGCGGAAAAAGAAGAAAATGTAATGTCTTCCAAACCCCGTTCCAAATCAGTTCAGTTGCTAAATTTAGAATCTTTTATACATCTTTCTCTTTTAGGAACCGTAGTTGGTTTTGGCGCAATCTGGAACTTTACCTCGGTTCTAAATACGACTGGAAATTATGCAGCTGCCACAACTGTTTCACTTAGTACTTTGGCGGTAGCCCAGGCGTTCAATGCCTTTTTAGCTCGGTGCCCTCATGTTTCAATTTTTAAGTATTCTTTTTGGTCGAATAAATATTTAATTGGTTCTGTTTTGATTTCATTGATTATATTATTGCTTATAGTTTATACTGAACCATTAAATAACTTTATCTTAACCAGCCCATTTCCTGCGGTATATTGGTTGAGAATATTGCTGGTAGGAATTGTATTTTTAATAGTCGAAGAACTTTATAAATTAATTAAGAAAAAACATGCAAGAGTATAAGAATAAATTAAAAAAAGTCATAGCAATCATTGGCCCTACCGGATCAGGCAAGACATCTTGGGCGAAAGCTTTGGCTAAGAAATTTAATGGCAAGGTTATTTCTGTTGATTCGCGACAAATTTATAAAGGCATGGATATTGGTACAGCTAAAGATAAAACTTTTCCGCAGGATCTAATTGATATTGTAAATCCCGACGAATCTTATACCGTATCCGACTATCAAAAGGCTGCGACAGAGCTAATTAATGGCTATTTGAAGGTTAAAAGCTTGCCGATTTTGGTTGGCGGTACGGGTTTGTATATGGAATCTGTTTTATATGGTTTTGTTTTACCTGAACTTAAAGAGCAAAGCGAAAAACTTAGAGAAGATTTAGGAAAATTAACCGATGTAGAACTCTATAAAAAATTACAGGAAATTGATTTTGAAGCTTCAAAAAAAATCGACCCTCGAAACAAGAGACGGGTTATCCGCGCTTTGGAAGTAACTATTCTTTCAGGAAAACCGTTTTCAGCTCAGCAAAAAAAATTAAAGCCAAAATTCGACAGTCTGATAATCGGTATAAAAACCGATCGCGAGACACTTTATTCCAAGATCGATGCTCGTGTTGATCAGATGATTAAAGAAGGTTTGGTGGAAGAAGTTCGTAAACTTGCCGATAAATACAGAAAAGACTTGCCGGCATTTAATACTATTGGATACAAAGAAATTTTCGAATATATTTCGGCAAACGAAATTCCGCGACAATCGCAGCTTGGCCATATTTCGGCTACCGAAATTCCGCGCCAAGATAATCTTGGCTATTTAAGTGGTAAGCAAACACTTAAAGAAGCAATCGAAAAAATAAAAAATAACACTCATGCCTATGTTCGCAGACAAGATACTTGGTTTAATCGAGATAAAAATATTCATTGGGTCGATGATTTAAGCCAAGCAGAAAAACTAATTGAGAAGTTTCTAAAAAAATAGCTAATTGATGAGCTTTGTTTTATAATGTACTCGAGGGGAAATGAAATTATCTTTTCTCAAAAAAAACACAAGAAAAAAGAATGCTATCATTGCTGCTGGCTTTGTTTTGCTTGTTGCTGTAATTGCCATTTTTTTAATCTGGCTTGTCAAGAATAAACCTCAAGCTTCGGATATAGTAGGTGATGTAGAAATTGCTGATTTTGTTAAAGCCCCTAAATATCCAAGCCACCTTTTGTACTCTGAGGATCAATCAAGACTTTACACCTCGGATCAATTTGGGGTCCGAATTTTTGATATCGCCGATGAAGAAAATCCAATTGAAATTGGAGAGTATAGCAGTGCATCAGTGGTTCAGGATATGCTGCTTGATCAGAACATGCTTTATG
CP011213.1_gap14	603271	605244	1973	TCTCAGGGGAATGTTGGTTTGTATACAATCGATATTACCGATATTGCAAATCCTGTTTTAAAAAGTTTTATTAAATTAGGACAATCACCTTGGCGAATTGCCGAATCAGGAGGATATGTTTATTATGGCGACTCTGGACAAGGCTTAATAACATTGGATGTTAGCGATCCGGCCAATCCTAAAATAGTCACACCACAATATTTAGATGGTAATGGTCAGCCAATTGATACAAATAATCCGAATGTTTTAACCTACTCACATTATTTAGTTTATACAAACTTTTATAATGGATTTTATATTTTTGATGTGGCTGATCATTTAAATCCGGTTTTTGTCACGCATTACCATGACGGTTACATGGGAGGCTGGGGTTATGATGTGGTTGGAAATTTGCTCTACTCTGGCGGTAACACCTCGGGTATGAATTTATGTGTTTATGACATCGAAAACCCTCTGAACCCTAGAAGATTAACGTGTGGTGGGCGTACTGAGTTTTCTGAAGCAGAAACCAAATTAAAGGTATACAACGGTTTAGCATTTGCAACGGGTACTTTCCCTTATACTGCGTATCATGTGCGAATTATGCGTGTCCCGGTTTTGTTAAATTACGATTACACGATTAATATGACAGTATCTGACGATGATGAGAAGGATCAGATCAAAACCACTTCGAATAAAGGTGAAATATTAGAATACAAAATAAATTATTCCAACACGGGTAATGCTCCTTTGACCAATATTACTATTTCAAGTAATGTGCCAACTTTGACTAATTACGATAGTGGGGGAGTGTTAGATCCTGAAAATAAAGTGGTAAATTTCTCGATCGATTCTCTTGCCCCGGGAATTTCAGGCACAGTTTTCTTTAAAGTTAAAGCAAATTCGGATCTTGCAGATGGTAATTATGAAATAACAAATAGCAGTTCAATTTTGGCCAACGAGCTTTCTGAACTTCAGAGCAACGAAGTTATTTCTAATATTTTTATTAATACGCCAATCCCTCCGGTTATCCCTCCAGTTGCCCCTCCGGTTATCCCTCCAATTCCGCCGTCAAGTCCGACGCCAGACGAACCTTTATCACCCATTACGCCGATTATTGAGTTGATTGAGTCTGGAACAGGTATCACAGTCATAATTATTGGATCTCTCGCTATTGCCTCTCTGATTACTTTTTTATGGGTGAAAAGAAAGAAGCGAAATGTCATTAGCTAAAGTTTATTCAACCTCCGTATTGGGGCTCGATGCGATGCCGATTGAAGTTGAAGTTGATATTTCAAATGGCCTACCGTCATTAACGATTGTTGGACTTCCCGATAAAGCAATTGAAGAATCAAAAGAAAGAGTACGGTCAGCTATTAAAAATTCTGGTGCAAACTTTCCGGTTAAAAAACTAACGATCAATTTAGCGCCGGCAGATTTAAAAAAAGAAGGTCCGGCATATGATTTGCCGATTGCTATCGGTATTCTTACTGCCGATGAGCAAATCCCAAAAATTAGTGAAAAAGTTTTATTTGTTGGTGAATTGGCATTAGATGGAAATCTACGCCATATCAATGGAATTTTGCCAACCGTTTTAATGGCTAAGGAAAAAGGATATCAAAAGGTCTATTTACCGGATGTGAACAAAGATGAAGCGATCATGGTCAAAGGAATCGAAATCATTCCGGTAAAAAATTTAAAAGAATTAATATATCATTTAAAAAATGAAAAAGCTATACCAAGTTTTTTTAAGAAATTCCAAATAATAACTGATAGAAAATACGAAAATGACATGACCTTTGTTAAGGGTCAGGAAAATGCTAAACGGGCATTGGAAATAGCGGCGGCCGGGGGACACAATATTTTGATGTCTGGCCCCCCAGGATCGGGAAAAACATTACTAGCCAAAACTATTCCATCGATTTTACCTGAACTCAATGAAGACGAAATTTTAGAAGTCACAAAAATTTATTCCGTTGCAGGGTTATTGCCTC
CP011213.1_gap15	607278	612091	4813	TTTTTAATAATTTAAAAGTCTTAACTAAAAAAAGCTTGAAATGCCTTAAGTTCATTCCTCGTTTTTTGAAAACAACGGAAAAGGTAGTTTTAGGTGTACTATTTGTGGCTATCGCCATTGCAGCTTTTTTTATTTGGCAAAATCATTGGATCAAAACAACTCATGAGGCCCCGGCTTTTGGTGGAACTTTAGTTGAAGGCATTGTTGGGGAAGCGAAAGATCTAGATAAGCATACAGCTCGTTTAACTGGTGCCGGTTTAACTCGTTTAGAAGAAAACGGTGATGTCAAAGGTGATTTGGCAGAAGGCTGGGAAATAAAAGATGATGGCAAAACTTATCAATTTAAAATCCGATCAGGTTATTCAGCCAATGACTTGCTTAGCCAAATTCAAAATAAAAATACTTGGTCATCAATCGACATGTCTGCACCAGACGATCAAACCTTGGTTTTTAAATTTAAGTCGCCATTCAGTCCGTTTCTCTATGTTTCTACTGAGCCCCTCTTTAATTACGGACCGTATCAGATAACCAAAGAACAAAAGGATCAAGTTACTTTAACTGCCAATAAAAACTATTGGCAAGGTTCGCCTTACATTCAAAATATTCAGATTAATCTTTATGAGAATAAAGATCTATTAACCAAGGCGGCTAAGCGCGGTGAAATTATGGGTTACCTAGAAAATAGCACGAACAATGTTCAAATGAGTAATTCGCAAACTTTTGGTTACAATCTTCCAAGAGAATTAAATTTATTTTTTAACTTATCCAAAGCCGATTTGCAAGACATCAATATTCGTCGCGCTTTGCGTGACGGAAAAACACCAGGCAAAACTTTGAACTTAGTTTTGGCAACTTCTGATAGCGATAAAAATGAAGCCGAGGCCCAAAGATTGAAGGACACTTGGGCAACTCTCGGTGTTAATTTGGAAATTAAAACCTACGACAATGTTGCTTTGCAAAAGGATATTATTCCTAATAGAACCTATGATTTACTGCTTTACGGACAAGATTATGGTCCTGATCCAGATCCGTATCCATTTTGGCACTCTTCTCAAATTGGTACCGCTGGGGCAAATCTAGCGAACTTTTCGAACAAACCGGCAGACAAACTATTGGAAGATGCGCGACAAACTTTTGATTTCACTGTTCGTGATCAAAAATACAAAGCTTTTCGCGATATCCTAGCCGATCAAGTGCCATATATTAATTTAGAAAAAACTTCAGTTAATTATATTGTTTCAAATAAAGTAAAAGACATTAATAAAGTCTTCGGTTTTTCTGAAGCCGATCGGTTCTTAAATGTTAATCAGTGGTATATTAAAAGTAAACGAGTGAAGTAGAAGTAGTGCCCGGATGGCGGAATGGTAGACGCGCTGGCTTCAGGTGCCAGTGATCGCAAGATCGTGGAGGTTCGACTCCTCTTTCGGGCACCAAAAATTTGATTAATTTGTAATTGTTAGTTAATATGGCCCTAGAATAAAAAGTCAAGCAATGCTTGGCTTTTTACGTATCTCAAAACTTGAGGAGGAATGGGTGATGATTGCGGTAAGAGCAAAGAAAAAGAGAGATCCGTACAACATGTCTCTGCAGAGTCTACTGAAGTTCAAAAAGATCGCTCTTGTCTCGGTTTACGACAAGACTAATCTGGCCGAACGAGTCAGACGTCTGACCAAACAAGGCTACGGCATCCTTAGTTCTGGCGGAACAGCCAAGATGCTACGGGAAAACAAGATTCGCGTCTGTGATGTGGCAACACTTGTCGGTGGCGGCGCGATTTTAGGCCACAAGGTGGTAACCCTGTCGCGTGAAGTCCATGCGGGTCTATTGGCTGCCGATTGTGAAATCGAGGTACTAGAACAGCTTGGCATTCCGCGTATTGATCTGGTAGCGGTTGATCTATATCCTCTTGAGGAAGAAATCGCCAAACCTGATTGCACCCGTAAGAGCGTCATCGAGAAAACAGACATCGGCGGACCAACTATGCTTTCTTCGGCAGCCAAAGGTGGACGGATCGTTATTAGTATTCCCGAAGACTGGGAGCCGACGTTGACTTGGATCGAATCGGGTTGCCCGGATTTCGACGAAACTGTCAATGCTCAGCGAGCCAAAGCCGACTATGTTGTCGCCAAGTATCGATTGCTTTCGGCGAATTATCATAGCGGCGGCATCTACGCCGGCGTGATTGGGCGCAAGGTCAGAGACTTAGCCTACGGCGAAAATCGTGACCAGTCTCCGTCAGCGCTCTACGAAGAAGATCCGACTGATTCCCTTGGTATGGGTAAATTTGATGTCTTAACAGGTGATCCCAGTCACATTTCTGTCGCCGACGGAGACCGTGCGCTCGGAGTGATGTGCGCGGCGGCCGATGCCTTCCGTCTCAACTGCAATGCCGTGCCTTTCATCGCCGTTGCCTGTAAGCACGGCGCTCCATGTGGCATCGGCGTGTCCTTTGAAACAAGGAACACCGCTCTCGAGAGAGCGCTGATGGGAGATTCGATCGCAGTAATGGGAGCGGAGGTAATGACCAACTTCGCGATCGATGAAGATCTCGGGAGACTGCTTTACGAAGTGCCAGAGTCACTTCGTGCTCAAGTTGGCTGTAAGTACTGGGGTATCGATGTACTTTACGCTCCTGCAGTTGACGATGCTACCATTGATCTCCTCGGCAAAAAAGAGCGTCGACGCATCTTGGTCAATCCGGCGCTTATCTATCCATTCAGCTCCAAGCAGGAGCTGATGGGAAGACCGGTCCGTGGAGGGTTCCTCAGTCAGAAAGCATACCACTTCATCCTCGATCTTCACGATCTTCATTTACCGCTAACGGCGGGAATGAATGACGATCAAAAGATTGACGCCATTATCGCTTGGGCTGCATGTTGGCGATCTGTCTCCAATACCGTTGCTTTGGCAAATGATGGCACGCTTATCGGTCTTGGTTGCGGCCAGCAAGATCGCATTGCCTGCGTTGAGCTATGCCTGAATCGGGCTAAACGCTCTGGTCATAACACCAATGGCTCGATGTTTGCCTCCGACGCTTTCTTCCCGTTTGCCAAGAGGAAACGTGAAGAAGATCCGTTAGAAGGACCGGAAATTCTTATCCAGGCTGGCTGCGCCGGCGGCATAGTACCCCATGATGGTAAGAACATAGAAGAGGTAAGTGCGCTTTTTGATGAGCATAAACTGCTAGTAGGATATCTTCCGTCGATTCACCGTGGCTTCTTCGGCCACTAAGATCGAAGATCTCAAACTTATTGTCAGGCTGGATTTTTTCCAGCCTTTTTAAATACAAAGACATAAAGCCTTGAAGTAATACCTGTTAAATGTTACAATCCAAGCGTCTGAAATAGGGGACAATATGTTTGGGGAGGTTCGTTAACAATGTTAAGTAGGTATTCATCAAAACAAATGCAAGCCCTTTGGGGCGAGCGTTCAAAGTGGTCGCTGATGCTCCTGGTTGAGTTAGCCTACATAAAGGCGAAAGCTCAACTTGCGTATCTGCCAATGAGTCTCTATGAGCAGTTTCGCAAACACTCAAAGTTCACGCTGAAACGGATCGATGAAATTGAAAACGGTCCGGAAGGTACCGGACATGATGTCTTGGCGTTTGTGAAAACGGTCCAAGAATCGCTGAGGAAAGCGGGGGTTGAACGTGATGGCGAGTTCCATAAGGGCCTGTCTTCATACAATGCGCAAGACCCCGCGAATATGCTCCGTCTGCGAAAAGCTAATGGGTTAATAATCGAAGCGTTGTACAAGCTGTACAACAGTTTGAAGAGCATGTCTTTGAAACATAAATGGACTCTGATGCTGGCCTATACTCATGTCCAGGACGCAGAACCGACGACTTTCGGGCACTTGCTGGCAAACTATGCTTTTCAAATCCGACAGAGGATTCACAAGCTTGAGCGAATCATGGAGGAAGATCTCTGTTGGGGCAATATGGGAGGTACAGTTGGCACCTATGCCGGAATTGATATAAAGGTTGCCGAGTTGGCGCTGAGTGAGCTTGGTCTTAAGCCTCGTATTGACACTCAAATCATTTCTCGTGATAATCATGCGGAGTTCATGTGTGAATTGGCGATCATCGCCGGTGTCATTGAAGAGATGGCGCGGACTTTCCACATCAGGATGCACAGTGCTATCCATGAATTGGAAGAGCCGAAGAAGAAAGGTTATCGTGGCTCCTCGGCAATGTCACATAAGAGAAATCCGAACCTGACCGAACAATTGTTTGGCCTAGCTCGACTGATTCGTGCCGCAGCTATGGCAGCTCTGGAGAATATTGAAACGCTGGATTATAGGGACATTGCACAGTCGATCGTCGAGCGTCACATTTTCCCAGATGCTACATCTTTGGTTCATCATGCGGTGACGAAGATGACCAAGCTGGTCGAAGGTTTGGTCGTATGTACAGACAGAATGAAGGAACGCGTCGAAGTGGATTCACTCGGCGTTTGGGCTACGCAGCAGGTAAGAATAGCACTGATGGATGCTGGCGTCTCGTATGACGAAGCATATCTTTACACACAAGCCTGTGCATTTCAGGCTGTGTCTGAGAAGCGCCACATACTGGACGTCATGTGTGTCAAAGAAGTCTCGGAGACCAACAAAAACACCGCCGATGGTGTCTTGGGTGTAGATAAGTTAAAGAGCTGTTTCGACGCCAAGAGTTATATCGAATCCGGCATTGAATACAGTTTCACCAAGGCGTTTCCTGAGCTAACAGAAATAAGCGCAGCGGTGTAGAACAAAGGCGAACAAAATACGAAAGAAAAAGGAGTGGAAACGGAAATGATCAAATACGAAAAGGGCG
CP011213.1_gap16	617170	621885	4715	CTACTTTTAACTTTTCTTTTTTGGGGCGGCTGGATCGCATTTTATTGGATCTTTGAAATCCCGCAAGAAAAATTAGAAGCACGTAAGAAGCAAAAATTTATCAAATATTTGCCGCAAGCCGCGAAGCGGAAAATTCGCGGGTCAACCCGGTAACCGGGTAGATCTGTCCTGAAAGACAGCGAAAGGAAATATATCATGGCAAAAGAAGGTAGCGACAAGATTCAAGAGATTACGACAATGAAGGATCTAGCGGAAAGTTTTTCTAACCGTTTGGTCCCGTTTAAGAATGGGGAAATTATTGAGGTTAAGGTTCAAGAAATCCTCAAGAGCAAAATTGTGGTCGATGTGGCCGGATTTTGTGTAGGAATCATTCCTGAGAGAGAATTTTCACCGGATATGAGCGAAGTAAAAGTCGATGAAAAGATTTTGGCTTACGTTTTGACTTTAGAAAATTCAGAAGGAAACTGTATTTTGTCTTTACGACGCGCAGACAAAGAAAAAGTTTCCAAAATTTTGGACGAGAAATTTACCGCTGGTGGTGTACTGACGGTTAAGTGCAGCGATGCTAACCGTGGTGGACTTCTTTGTTCCTTTGGTGATTACGAAGGTTTCTTACCAGTTTCTCAGTTATCTTCATCTCACTATCCAAAAGTTTCTTCGGGCGACAAAGAAGAAATTTTGGGTAAGCTTCGCCAATTTGTTGGACAAAATTTTCAAGTTAAAATCTTGTCTTTTGAGCCAGCCAATAATAAATTAATCTTTTCTGAAAAAGCAGCTGGTGATATTGTTCAACAAGAAAAAATAAAAAAATATAAAGTTGGGGACGAGTTAGACGGGGAAATCACTGGTATTGTTGATTTCGGCTTATTTATTAATTTAGGTGAGATCGAAGGCTTGGTCCACATTAGTGAAGCCGCTTGGGAGCATGTCGAAAGTTTGAAAGATTTATTCAAAGTTGGCGAAAAAGTTAAAGTGGTTATCATCTCAATCGAAAATAATCGTATTTCGCTTTCAATTAAACGATTAACCCCAGATCCTTGGATTAAATCAGTTGAAAAATATAAAATTGGAGCCGATGTCAAAGGCGAAGTAACGCGTATTACTCCTTATGGCGCTTTTGTTTCTTTGGGTGAAGTTGGTGGCTTAGTTCACGTTTCCGAAATGGGTGAAAAAGTAACCAACCCGTCTGAAGTATTGGAAGTTGGAAAATCGTATAACTTTAAAATCATTTCAGTTGAACCGGAAATTCATAAACTAAGTCTTTCGATGAAAGACTCGGGCGCGCCTAAAGAAAAAAAGTCTGCCAAAAAAAGCACCAAAGAGGAGAAATAAATAATGAGACTGCATAGAGCGGAGGCGAGATGATTATTCATTGGGAGGGGGGCAAAGACTTTTCAATTAAGACTAAAACCATCACCGCTAAAATCGGAGAAAAAACACAGCTAGGTGATTTGCAAATTTCCGGCCCTGGCGAATACGAAGTTGGCGGCGTGCAAATCGAAGTGGTCGATGGAATTGTTGAAGTCTATGCCGAAGGAATCTGCATCGGTCATATTCAGAAAGCAAAAATTCTTTCGGAAACTGAATTGGAAAAATTAAACGGCATCGATATTTTGCTTGTTGGTGTTGGTGGCGGTGATTTTACTGAAACCAAGACAGCTTTACAGTCAATCGCTCAGATTGATCCATCAGTTGTTGTGCCGATGTATGAAAGTAATTTAGAGGAATTTGCCAAAGAAGAAGGAATTACCACAGAGGGGAAAGACGAATTAAAAATCTCCAAAGCCGATCTTCCTGTTGAAGGAAGACAAGTGGTGGTTCTCAATGCTTGTCGATAAAGTTATCTCGAAAATTCTTCGAAGCGAAAAGATACTTCTCATTGTTCACGAAAACCCTGATGGTGACACATTGGCATCTGCCTCTGTGGTTTATCAGGTGCTAAAAAGGCTTGGCAAGGAAGTTGCAATTGTTTGCAAGGACCCGGTGCCAAAGCCTTTTTTGTTTTTGCCGGAAATGGATAAAATCCAAAATGACATGCTGTTTGGAGATTACGAATTAATTTTAGTGATTGATTGCGGCGATAGTCGTCGGACTGGTTTTGATCGAAGATTAAAAGACTTTGTTCGGAACAAAAAATCCTTAATTAACATAGACCATCACCCGAAAAACGATTTGCATAAGATCGCAAATATTAATTATGTCGATCAGACTGCGTCATCAACAGCGGAAATAATTTGGGAACTTGTTGAAAGAATGCAGGTAGATATCGATAAAAACATCGCAACTGCTTTATTTGCTGGTCTATATACTGATACTGGTGGGTTTAAGCATTCCAATACGACGCCTAAAACTTTACAAATTGCCGCAGAACTGATGCATCACGGTGCAAGAATAAAGTTAATTACTCAAAATGTGAGTTTAAATAAAACCATACCAGCGTTAAAACTTTGGGGCGTTGTTTTGTCAAGACTTTCAAAACACAAGGAATTGAAAATTGTCTCTTCTGTTGTTACTCGTAAAGATTTAATTACTTGCGGTGCAACCGATGATGATATTGCAGGTGTGGTAAATTTAATGAATACTATTCCCGATTCTAAAGCAGCTGTTTTATTTTATGAGACAGAAGATGATAAGATAAGGGCATCGGCCAGGACAGAAGATGATCATGTAGATGTCGCAAGATTAGCAGCAGTTTTTGGTGGCGGCGGGCACAAAAAGGCAGCTGGCTTTACTATTGATGGTAAAATTGAAATTACCCAAGACGGTTGGAAAATTGCCTTCAATAATACTTCCGCTTAAGTCTTGTGATTTTGTCATTTTTAAGGTACAATTTAAATATGTGCCGGGGTGGTGGAACGGTAGACACGAAGGACTTAAAATCCTTTGAGGTTAACCCCTCATGCGGGTTCGATTCCCGCTCCCGGCACCAGTCATCACCAATTCTTAGGAGGAAAATTTGAGAAAGATTACCAAAATACTGATATCTGTTTTTTTAACCATTGTATTCGTACTCGGCTTCTATTACTTTTTCCCTCAAGTCTGGGGAGATGCAGTTTATCCATTGGACTATAAAGACTCAATCCAAAAGTATTCGTCACAATGGAATGTGAGGCCTAATTTTATTTGTGCCATGATTTACGCAGAAAGCCGCTTCCATGCAGATTCGGTTTCTGGCGCCGGCGCGGTTGGCATTATGCAAATCATGCCAAGCACTGGCGCTTCGATTGCATCCGAGCTTAGCGAGAGCGGCTATAGTGTTGATAAACTTTATGATCCTGAAACAAACATTCGTTACGGTACTTGGTATATAAAAGGATTGTTAGATAAATATGACGGGAATTCTGATCTTGCCGTAGCTGCATATAATGCCGGATCAGGAAGAGCCGATGCTTTTAAAGACGGTCGAGGAACCTTGCCGTTTGAAACAGTGGCCTATGTTCAAAAAGTAAAAGATATCGAAAAAATGTATGACAAAGTCTACGGCGATTGGGCGTCTGAACCTGAAGTTAAGAAGCCTAGTCCGTTTTATCAAGGCATGACTAATATCAAAGATTTTGTTAAAGGATTAATATTGGGCAAGTAGTTACTTGCCACGGAAATTTTCTGAAGAAAAATTAAAGGAAGAGTTATATGACATCGAAAGAATTACGAAAAAAATTTATTGAATTTTTTGAAGGAAATGGCCATAAAAAAATTGAATCAGCGAGTCTATTGCCAACTGATCAATCGGTCTTATTCACAACGGCTGGCATGCAGCCATTGGTGCCGTATCTTTTAGGTGAAAAACACCCTGCTGGTGATAAATTAGTCAACATCCAAAGATGCATTCGTACAAATGATATTGACGAAGTAGGCGACGATAGTCATGGAACTTTTTTTGAAATGCTTGGCTATTGGAGTCTGGGCGCTTATTGGAAAAAAGAAGCGATAAAATATACGTTTGAATTTTTTACACAAGAACTAAATGTGGCAATCGAAAATATTGCGGTAACTTGTTTTGAAGGCGATGAAACAAACAGTATTGCTAAAGATACGGAATCCGCTGAAATTTGGGAAAGTTTGGGTATTCCAAAAAATCGAATTGCTTTTTTGGGTTATGATGATAATTATTGGGGTCCGACCGGTATTGAAGGGCCATGTGGGCCTGATACGGAAATTTTTGTATGGACTGGTGATGGCGAAGCGCCATTTGATTTTGACCCAAACAATAAAGATTGGGTTGAAATCGGTAACGATGTATTCATGCAATACAATAAAACGTTAACTGAAAAATCATGGGAAAACGCCTGCAAAGACGTAAATCCGTTTGGGCAAGAGGATTTTAAATTTGAATCATTGAATCAAAAAAATGTTGATTTCGGAACGGGTTTTGAGCGAGCTTTGATGGTACTAAATAACTATAGGAATATATATGAAACCGACCTTTATGAAAGTTTAATCTTAAAAATTGAAGATTTATCTCTGAAGAGATACATGGAATTTCCAGTCGAGATGCGCATTATTGCTGATCATATTAAAGCGTCAGTTTTTGCCCTAAATGACGGTATTTTGCCATCAAATAAAGATCAAGGTTATGTAATACGACGTTTGATTCGTCGTGCGATTGTGAAAGCATACCAGCTAGGGTTGAAAGAGAATTTTCTTATAGAGCTTTCAAAAGTAGTATATCCTATTTATGATGGCGTGTATGAATTTGATAAAGCTAAAATCGAAGT
CP011213.1_gap17	660057	664328	4271	AATGGTGATTCCTTATTATGTAAGGGGCGTGGAAATCGGTAATTTTCTCACAGCATTGATTGCGTCTTTAGCCTTGGCACTGGTTAACTCGGTTATTAGACCTATTATACTCTTGCTAACACTACCATTGAACGTATTAACGCTGGGTCTTTTTACTTTTGTGATAAATGGTTTGATGTTCTGGTTTGTTGCTTCTTTTGTGAAGGGCTTTGATATCTCAGGGTTTTGGCCGGCATTTTGGGCTGCCCTGGTTTATTCAATATTTTCTATTGTAATAAATTACTTTATTGGGCCAAAAGAAGAAAGAATTTAATAAATATGACCGTTATTGAAGTTAAAAATCTAAGTAAAAGTTTTGGTAAAGTTAGGGCTGTCGAAGATCTAAATTTTTCAGTGGAAAAGGGTGAGATATTCGGTTTTTTGGGCCCGAATGGTGCTGGTAAAACCACGACAATAAGATGTATCATGGATTTTGTTAAACCCACAAGTGGTGAAATTAAACTATTGGATAGGAATGCTAACATCAACTCGCACTGCCTAAAAAATAAGATCGGTTATTTGCCGGGCAATGTTAAACTTTATGAGTCCTGGTCAGGGAGTGATCATTTTTCTCTTTTAGAAGCGATAAGTGGGAAATCTAATAATCTATCCATGCTTGTTGAAAAATTAGACTTTAATCCTGGAATGAAAGCATACCAACTTTCTAGTGGAAATCGCCAAAAATTGGGTTTAATTATGGCACTTATGCATGAACCAGAAATACTAATCATGGACGAGCCCACTGTCGGATTAGACCCTTTATTACAAAACACGATTTACGATATTCTAGAAGATCTAAGATCCAAGGGAACAAGTATTTTTATGTCTTCGCATAATTTACCTGAAGTGGAAAGGCTTTGTAACCGAGTTGGAATAATAAAAGACGGAAAGATGATCGCTCAAGAAAGTATTGATAACCTAAGATCAAAACGGATTCACAGAATTACGATTAATTTTAATGATAAATTTGCAATACAGGATTTTGTTTTTGATAGCGTAGAAGTTGTTGAAACTTTTCCTGATAGAATTGTCCTTTCGACAAAGGGAGACATCAATCCTTTGATAAAAAAGCTTTCAAATTACGAAATTCAAGATATTAGTATTGAGCATGCTTCATTAGAAGAGGTGTTTCTGGAATTTTATGCGAAAGACAAGACTCAAAAGGAGGATAAATGTGGTCAATAATAAAAAGAAATTTCAGGGACAGAAGGGGATCGCTATTGATATATAGCGCCTTTTCGGTAGCACTACTTTGGATGTATATTGCCCTATATCCTTCATTTTCAAATCAAACTGGCTCTTTGGAACAACTGATAGCATCTTACCCCGAAGGTTTTTTAAAAGCTTTTAATTTCGACATAAAAAGTTTTACAACGGTCGAAGGTTTTTTGGCAACGGAACAATTTTCTTTTGTGTGGCCGCTGCTTGTAATACTTTTATCGTTAAGTTTCTCGGGAAGTGCTTTTTCTGGTGAAATTGAGGATGGGACAATGCAGATTCTCTTATCTCAGCCAATAAGTCGACTCAAACTTTTTTTTAGTAAATATCTATCCGGGCTTTTGATGATAATTCTCTTTACTTTTATATCTATCTACACGGTCATTCCTTTAAATATGATATATGACATTCCCTATAAATCCGATAATTTCTTTACTTTGATGATTTTGGCTTTGCTCTTTGCGTGGTCAATTTATTCAATTGGCATTTTTTTCTCTTCAATCTTTTCTAAAAAAGGTAAAGTTTTGTTTGTTACGGGAATGATTTTAGTTGTAATGTATGTGTTGAATATAATTTCGAGCATCAAAGATAGTTTGAGTGATTTGAAATATTTTTCTTTTTTTTATTATTTCAATCCAGCAAAAGCACTTGTATATAACCAGGTTGACTACTGGTCTTATTTGGCTTTTGGTATAGTTATTATCTTTTGTAGTGTGGCGGGTTTGATCTATTTTAACAAAAGAGATGCTATTTAGCACATCTCTTTTATTAGTTTTGAGTTTTTAATTTGAGGGTTCTACATTGATACTTGACGCACCGGCACTAATAGTCAAAGTTATTTTGGTATTTGTTTGATCAAAATTAGGGCTTAGGTATGTTTGATTATCGATTTTATTATAACCTTCAAAGTTCTTGCCCGTAAGCCCTGTTTTAGCGATAATCTTAACACCTAATTCTTTTGGCGTTTTGATAGTCACGCTGGAAGCTCCTGTTTCAATGCTTATATTACTTCCGTTTATTACTTCCCCAAGCGTAATATTCATACTTGAAGCACCACTATTTACGTCCAAATTACTTAAAGAAATTTTTGAAAAATCTAAGTTCATACTTGCTGCGCCAGCGTTAATAATTAAATCAATTGGAATTTTATCTGTTATTTCGATATTTAATATATTTTTGCCCCAGACAGAATTGTTAATCTTTGTACTCTTTAAAATAACCGTTGCAGTATCGCCTGATATTGTGGTACTTATATCTGGCTGGTTGTAATTGGAAACTAGGTTTCCATTAATCAGTTGATTACCATTATCTTTGATATTTAATTCGACTGCGCCTGTGTTGATGATTATTTTCGCTTTTTTTACCTCAGACGGTAAATTCTGCGAAAAATCATAGGTCTGGCTCGGTCTAGAGAAGATGCGGTTATCTTTATTGACTTTAAAATCACTCGCATTTAATGACACAAAATATATTAGCGCAATAGCCGCAATAAATGAAATAAGAATAATTAACCAGTTGAACCTGATATGTCTTACCATTAATGTAATACCAAAGAGAATTAATATTAATGGCCAAAATTTTGATAATTGGTCAAAATTATCAAATCCCCAAACATTGAAATTTTGTCCAAGAATTATTAAACCGATCACCAAAATTAATAAGCCCCAAAACCATTTCATATTTTCTCCTTAGAAAATTTCGCGATAAGTTTTAACTTAGCCATATGTTCTCCTTTAGAAAAATCCGCGATAATTTTTAATAAAAAATTGTCTATTCTGCTTTCTTTCGTCCGCTTGAAATAATAATTAAGCCGATTGTAATCAGTATTAATGGCCAGAATCTGCCCCAGCTAAACCATGGGAAAATATTGTTAAACAATAGCATTAAACCGAAAACCAGAACAATCAAGCCGAAAATTATACTGCCGGATTTTTTCTCGTGATCATACTGATTAGCATAATTATTAGATTTATACTTTACCTCTTCAGCAACTGATCTAGTATTCGCTTGGAATTTATCTTTGATTTTTTCTTTATCTTTTTTTAGATCTTTTGCTTCTTTTTCGATTTCGTCCCCGTTTTCATCGGGAATAAGGAAAATTCCTAAAATATAAAGAATTACACCGATACCGCCCCAAATAGTTAAAATTATAAAAATAATACGGACAATAACAGGATCGATCTCAAAATATTCGCCTAAACCTTGGGCGACGCCAAAAAGCACCCTTCCTTTTTTTGGTCTAACTAATTCCTTGGTCATACGTCTCCTAATATTAATTTATTTATTATCTAATCCAATCAAATCATAAATTTTTTCAGAAGGAATATCAATGTATTTTCCGACAGGAATTCCATCCAGCTTTATTTTCCCAATTCTTATTCTAACCAGCTTGGTGACATTTAGGTTGAAATTTTCGCACATTCTACGCACCTGGCGTTTGCGACCTTCAACAATGGTAATACGAAAGCTTCTTTCACTTAATTTTTCTAGCTTTGCCGGCAAGGTTTTTCGGCCTTCCAACATTATGCCATTTCTTAATTTATTTAAGAAAGTTTCATCGATTGTTTTATCCACTGAAACTTCGTATTCCTTTTCAACTACTTTCCCTTTGAGAATTTTTTGCGTTAAATCACCGTCGTTTGTCAAAAGGATTAATCCCTCAGACTTGACGTCTAATCTTCCAACTGGAAAGACTCGCTCCGGAATCTTAATATAGCTCATTATATTATCTTTGGCGGTTGTATCTGTGGTGCTGATCACCCCTAACGGTTTATTAAAAGCTAAATAGATATTTTTAGGTTTTGTGTGAGGGATAATTTTTTTATCAACTGATACTTCATCATTGTCACTAACTTTATCTGTCGCAATTGCAATACGACCATTAATAAAGACTCGTTTCTCTTTAATTAGACGATCTGCTTGTCTTCGTGAGCAAAGGCCAGACGAAGAAATAAATTTATTAATGTTTGTCATATTTTTGTAATTTTCGCAATCAAATTTATCATTTATTATTT
CP011213.1_gap18	715435	719135	3700	GCTGCAAAAAATACTTTTTCATATTTTTCTGTTGTCATAATTGTATTATACACTTCTAAAGCAATGTTTAATTGATCTTTTTGTTAAAAAGTGATAGGATTGATTGAAATGCAAAACATATTTGATGTGGCTATTATTGGCGGAGGACCAGCAGGAATGATGGCGGCGATCACTGCTGCAGAAAAGAAAAATAATTCATCTGAATTATCCGTGGTTTTGTTAGAAAAAAATGATTCCCTGGGCAAAAAAATTTTGGCTACTGGTAATGGCCGTTGTAATCTAACCAATCGTTTCGCAGAAAAATCCCGTTATCACGGCGGCGATCAGCAATTTATCTCTAATGTACTATCATCTTTTGATCAATTCAAAACTATGCAATTTTTCGAAGAGCTAGGGATTGTTTTAAAGGAAGAGGATAATGGCAGGATTTTTCCAAGAACTAATCAAGCACAAACAATCATTGACGCGCTAAATCATAGACTGCAAGAAGATAAAGTAAATGTTAGATTGAATTCTATTGTCAAACGGATATCCAAAAACAGTGGTAATTTTGAAATTACGCTTAACGATGGCACTGTGATAAATTCAAAAAAAGTTGTTATAACCGCAGGCGGAAAATCATCTTCCCAATTTGGATCTACTGGCGATGGCTATTATTGGGCAGAGAACTTAGGCCACAAAACGACAGAAACTTATCCAGCTTTAGTTCCTTTAGAGACGGTGGAAGATTGGCCAAAGGAGTTGTCAGGTCTGCGTTTAGAGGGTAGAACCTTTGTAACCGATGGTGATAAAATAATTTCTGAAAAAAATGGCGACATTTTGTTCACCCATTTCGGTCTTTCTGCTCCTTCGGTTATGGCACATGCGGGACGCATTGCTCCGTTTTTTAATCACAAATTAACAATTCATTTAGATATTTTCTTGGATTTGAGCGAAAAAGATTTGGATAGTACATTAATTAAGATTTTTGAATCAAGCGGGAAAAAGGAATTAAAAAACGCGCTTTCTGGCATACTGCCGAATAACTTATCGCCTGTTGTTTTGAGATTATTGGAAATTCGAGCTGAAAAGAAAACTGCCGAAATAAGTAAAGAAGACAGGCTTAAAATTGTTAAATTCTTAAAAGATATTCCATTAGAAATAAAACAAACCCGGCCTTTCAAAGAAGCTCAGGTGACAAGCGGGGGAGTAGCACTCGACGATATTAATGAAAAGACTTTAGAGTCCAAAAAAACAAAAGGTTTATATTTTGCTGGGGAAATATTAGATGTTGACGGCGATTCTGGTGGTTTTAACTTACAATGGGCATGGTCATCTGGCCATCTTGCAGGTAACCTTCAATAGTTAAATTCTATCTTCATCTTTTTCCGTTTTCAATTCAAGGATGCTCAGATACCCGAGTAAAATACCAAGTGTCATAAACCAAATAAAACCTAGAAGACCAAAAATCCAATAGATCTTTTTTTTGCCAAATTCATAAGCTGATTTTCCAATTAAGCAGGCCATGAATATCATGACAAATATTTCTAAAATATTTATATACAAAATAAATCCCTGCAAATAACGCATTAATATATCCAAGATAATTTTTAATGAGAATAGAATTAAAAATTTTTCAGTAAACTCTTGAAAGAAAATATCAGTAGATCTAGTTTCTATTCCTTTTGAAAAAAACTTTTCAATTTTTTTTGATTTAGAACAAAAAATCAAAAAAATCCCGGTTATTAACCAGAAGAAGTAATCCCAACTGAAGGCCTTATTTATTACCACCAAAAATAACGTCATTGAGGAGATAATGACGCCAAATAGAAGTGAATAGATTTTGTAGTTTTTATTATTTTGCATAATTTCGCAGTGTTTCTAAGTCGTTTGCTATTATAGGCTGTTTTCGGAGAAAAGTCAAGGCTCGATACTATTTTAAAATTATTCGTTTGATTTCTGCTAGGTTTGATAAGACAAAAATAATTAAATATATTGTGACTCCCGGAAAAATAACTAAATTTTCAAACCATTCTCCGGTTGCCACGCGAAATCCATTAAGCGGTTTTGGTGGAATGCCAAAAAAGCGATGATAAGGGAACAATAATGGAATTCCCTCGTTGGTGAACATATCAGCGAGAAGGTGGAAAAAGTAAGAAATAATCGTACAGATAAAAACTAAACGAGTATCGATTCCCCAATAAGGAGGAAAAGTTTTGAATAAATAATAAAATCCTATACTAACGATGATGATACCCAATAATGAATGAGTAATGTTGCGGTGTTCTAAAAAAGGATCAGAAATTTTAGCAAAAACATGTCCAAACGGTAAAATGTGCCAAAGTTTCCCGGTTGGCTGATCAACGTCTGGTAGTAATGCTGCAATATAAGAAAAAACTAAAACGGCGCTTAAAGTTGCCGGATTATAGGTTGAATTAGAATTGACTAAAAAACATGTGAATCCTGAGGTGAGCCTGATTATTTGATGTGTTTTTGCTGTCATAGCTCTATTTTACTCTTTAAGTTAAGCCTCCTCAAATTAAAAACCCGCTCATAAAGCGGGTTGATTTAGGATGCGTTGATCAACTCAAAGGCCCTTTCGATTTCTAAGGCAGCATCGTATATCCTGTTGGTTCGGACAGAAGACGGTAATGTAAGGTCAAGCTCACAGTAGGACAAGATTCTATCGCAGCCTCTGGTTTGTATTTCTGATTCGGCCAGAAATTGACAAAGTGTTTCTACCTCAAAGAGGGAAAGGCCATTTCGCGCCACAATCTCGTCGAAAACTTCCGAAGGGATCGTGCGTTCATAAATCGACCGAGGCGAGCCGCAGTATTCTGATAACCAAATTACTTCTTGCATTTGTTTGTCCGGTGTTGAATAAGAAATAAGCGGGGTGCCAAGTTCCCTGCTAATTTCTCTGGTTAATAGTTTGATGTTTTTCCCCTTCCCATAGAAATAGAAAGAATAGACAAGCTGTCTGCAATCATAATGGTAGCAATGTTTAGCCTTTACAATTACTCTATCGGCGGTCTCTTCATCTATTATTATCTTGAAAAACTCGCCGTCTTTGGCTTCCAGCAAAGAAGTAATAACAGGGAGACCATCAAGCGCTATTTTCCAGAATAGTTTCATGTCTTCCTCCTATTTGAGAATTAGATTTCTAAGGAAATCTAATTCTTTGTATTGTTCAGGTGCTCGTTCTCTCTATTAGAACAGATTATTCTACTTTTATTATATCAAAAAGTCAAGAAAAAACCCGGCGCACTGGCGACGGGTTGGTGGGTTGGTTAGCCAAAGACTGGTACTGGCATTATGTCTTCGCCGATCCAGTCTGGATCTGGTGGTTCGGGCATCATTTTTGGAAAGCTTTGGTCATCTGCTAGTGCTTCTTGTGTCTCATCGTCTTCCGTGCGTTTTTCCAAATTATCCATTTTCTCCTCCTTAAGACAAAAAACCGCCTTTGTTGGCGGTGCTCTTTGAGAAACCTATTTTGTTGTAATGCTTTAGATGATCCGCCACTCATCAAAACTGAGATCTTTTTTGAGATCTTTACTAATGATGTTTAGTTTGGCGCAATTCATATAAGGCATCGTATTCATTTTATCAAAAATTTTGTTGAAAAACAAGTAAATTAGCAAATTTGCTTTTTTAATTACAATAGGTTAAAACAAATGGGAGGAGTTAGAATCTTGAAAATGAGGTGTGTGATGGAAGAGTT
CP011213.1_gap19	721174	722128	954	ACGTCAAAGAGACGCTCTAACCAACTGAGCTAACCGCCCTTATTAAATTGTTAATCTTTTCTATATTGCCTTATCTTTAACACGCTCTAACCAACTTAGTTTTCGGGCTACGCCCTCACCTTTACTAAAGAAAAGCAACCGCCCATATTTAATTGTTAACATTAGTATTCTAACTTATTTCCAGACTTTTTTCAAGGCTAGCTTTTAAATGCTTATTTGATTTTAGTAGAAAATAACCAATTACTCCAAAAGTCGTAATTGGCGAAAGCCATTGTGGCACGTCTATACCAAAACTATCGAACAGCATAATTAGGCCTAAAAATAAAATCGAATACATTGCGCCATTTTTTAAGAAAACATATTTTTTGATTCTTTCAATATTGCCAATTGTGAACTGTCTAACAACATACGCACCCAAGCCATTTCCGATCAAGATTAATGGGACAGATAGTGTAAAGGCAAATGCCCCGAGAACTCCGTCAATAGAAAACGTGGCATCGATTACTTCTAGATAGAAAATTTTACTTATATCAGAAAGACCGCTTTTGGCTAGTTGATCTTCTCCCTTTTCTGCGTTTTGTTTAAATCCGTGTGTAATAAAAAATGCTGTTGAACCAACGACTGCTCCGAACGCCATTAAAGGATTAACCTTAAGAGCACACCAAACTATTGAGGTTAAAAGAATTGATACTAAAGCGTAAAACCAAATCCCATTCGAAAAGAAAAATTTTTCATGTGGTAGGCCGAAATGTTTATCTTCTAAAAATAACCAGTGGAAAAAGAGAAAAATTAAAAACGTTCCGCCGCCACTAAGCAGTATTGGCGCCGAAAGTTCGATTGCTTCCTTGACGTGTGGATCGTTGCTGAAGGTGGCAGTTAGAGCGCCGATTGGTCCTAAGCTTGGATTTACCGCCCAAATAATCGCCCAAGGCAGTAATCCTCTGATTACAAATA
CP011213.1_gap20	839944	842964	3020	AACTAACCCGAATTTTGACAGATTCTGCACCTCGGAAGCAGTTAAGCTGAAAAACAGTGAAGCTTGTGAAATGGTTAAGGTTTTCAATCAATTTTACGCGCAGTATGTTAAGGCCGGCGGAACAAGGGAAAACGTTATAGTAATCTCTGCTCCACAACGCATCAGCCAAGCTATTAAGAAGATAATTCAAGAAATCGATCAGCCAAAGAGACAGATCGAGATCGAGGTGATGGCAGTTGAAATCCAGAAGGTCAAGGGAAGAGATTTTATGCTTGATTGGACGGAAGGAAGGCCGGGCGTCAGTGGAGGAATTGAGACTCTTTCATTTGCGAACTTTGTGTTTGGTTATACAAACACATTGTCCAAGAATGTCCTAATCGGGCTCAAAAGCGCCCTTCAAAATGGAGTTGCTAGAGTTCGTGCGAATCCACGGATAACGACAATGGACGGATACGAAGCTTTATTTTCCTCTGGACAAGAAGATTACTTTGACACTTCCAGTCAGAATCCGAATGGATGGCAGACTGGTAAGCTCGAAAAGATCGAGTCTGGTGTCAAATTGAAAATACTGCCACGTCTAGCAGAAAATGGAGAAATCAATCTTTGTATAACGCCGGATGTGTCAGACGTCATTGGAAAAACCGAACAGGGTTTACCAAGACTTAATGTTCGGACAATGACAACGACGCTTCGGGTTAAAGACGGAGAAACGATTGTTATGGGAGGTATGCTGAGTGAGATAAGCAGATCCTCTAAAAAGAAATTGCCGATTCTAGGAGACCTTCCTCTGATCGGTTTCGCTTTCAGAAGCAACTCGACGTCCGCGATTGTGACCGATATGGCGATCCTGGTGACGCCACGAATAGTCAACGATCTTACAACGCGAACATCTGTTGAAGCCAACTCTGATCTTCTTGAAGCCGTTGGCGAAAGACGATAAAATAATATACATTTATACGGGAGTAGTCACATGACTGCTCCTTTTTAATTACAATTAAAAACGCCGAGCGGTAAACTATCCGAATTGTCGAAAGAATTATAAATTTTAATAGTTGAAAAATATATTTATCGGCTATATATTAGATATATAAGGAGAATATATGAAAATACAGGACAATGGGCCTGCAGGTGCAGTTTATGGCATGGGTTTCGTTGGCGCATTGGTTTATTTCTTAACCAATGCCGGAACTTTTTGGATTGGCGTTTTGGGCGTTCTAAAAGCCATTGTTTGGCCAGCCATCTTAGTTTACGAAGCCCTAAAGTTTTTAATTAAATAAAATACGGAACAAATCAGATAGCGGAAAATTCGATGTAATAAATTACAATTTAAATATCAAGAAGCGGTGAGAGATTTGGCTCGTTGACCCGCTACCAACCGTTCGACTAGTTGTCTAAAGGCGCTCACGGTGGTAAATCCAACCCGAAAGGGAAAGATACGGCAAGTGCAAAACTAGCTTTTTCTTTCCAATCGGAAAGTTTTTTTGATATAGAAAGGACAAAATGCGAACAGCCGAATGTGTGAGTGCCGGCCATCCGGACAAAATTTGCGATCAAATTTCCGATGCAATACTAGATGAATGCTTGAGACAGGATCCAATGTCTCGTGTGGCAGTTGAAACTATGGGTGGTCATGGGAAGATTTTTATTTGCGGGGAGGTTACCACAAAAGCGGAGTTTAATGCTAAAGAAATTGCCATCAAAATTTATCGTGAGCTAGGCTATGAAGATGAGATAAAAGTGATTTCAAATATTGTTAAGCAAAGCCCAGATATTGCTTGCGGCGTTGATACTGGCGGGGCGGGGGATCAGGGAATAATGGTTGGTTATGCGTGTAACGATAACGAGCAGATGATTCCGCAGGAATTATATTTGGCGAGAAAGATTTTAAGTCAATTACCAAAAAACTTTGGGCCGGATGCCAAGTGCCAAGTGACATTGGATAAAAAAAATAATATTGAAACAATTGTTTTGTCAGCTCAGCATACTGAAGGACAGAATTTAAAACCTCTTGAGAACTTAGTAAAAAAATATAATCCGAAAAAGTACTTTGTAAATCCGACGGGCAAATTCGTGATCGGTGGTTTTTTTGGCGACACCGGTCTAACTGGACGCAAACTGGCTGTTGATAATTATGGCCCTCAAGTACCAATCGGCGGCGGCGCTTTTTCCGGTAAAGATCCAAGTAAAGTAGATCGCTCTGCTGCATATATGGCTCGTCGAGTCGCCGTAGATTTATTGAAAGAAAAAAAAGCAAAAGAAGTACTTGTTAAGATCGCTTATTCAATTGGTATAGCAGAGCCAGTGATGGCGATCGCTGAGATTGATGGTAAAAGATTTGAAATAACAGGCTATGACTTAACACCTCAAGGCATAATTAAATATTTGGATCTAAGGAAACCGATTTATCTTAAAACTGCTAAACTAGGTCATTTCGGCAATAATCTTACTTGGGACAAATAAAAAGGGGTTATCCGCTTGACAAATATGACAAATGGGTTTATTTTGTATTAAGAGTGATTACGTACGGAGGTTGCAAATGTCTGATGATAACACTCGTGTGACGGGCCTATGCAATGATTGTATGGCTGAACAAGATGTGGTGCTTGTACACGAGCTGGATAACGACGAGTTTGCCAAGAACAAGATAAACAACAACATGCATCTCAATTTCATCCTATCTCCTCACAACTTCGGCGGCGCCATTTGCCCTGGAGTAGGGCAGCATCCAGTTGATTTGTACAACGTGTAGCTTGTTTTTTGGCCATTTTTTTCAAACCGGCTTTTGCCGGTTTTTTCTACCCTGTTGCGTTATCCTAATCTGAGATCTCTACAATTTTATTTTTATTCTTATGCCCGGCGTTAATTGTTATTAATGACTTGGGCTTTTTAAAATATTTACTTAAAGCATCAATTATTGCGCTGTTGGCTTTACCTTTTTCCGGGATAGCAGTGACATAAACTTCGTAGGTGAGGTCATCTATTTGTTTGACAAGTGTTTTATTGGCGTTTGTTTTCGCATT
CP011213.1_gap21	847072	848265	1193	AAAGATTTAGCCGAAAAGTTAGGTTTAATCTATTTCGGAACGGGTGATTTCATGAGGGCTGAAGCAAAAAAACAAAGCCATTTCGGTCAAATCTTTCAACGTGTTTGGGATGAGGGTAAAGGCAATTTAGTAGACGATGATATAGTATTAGAATTCGTTAAGGCTAAAATAGAAGAAATTGGTCAAGAAAAAGGTTTTGTTTTTGATGGTTTCCCAAGAACCATTAAACAAGCGGAGTTTCTTAATCAAGAGCTCAAGCATAATTTAACCGTTTTCAATATTGAGGTTTCAGAAGATTCTATTGTTTCCAGATCAGGCACTAGAAAAGTTTGCGAAAATTGCGGAAAAATATTCTTTAAGGCGCCGGTAGACAAGCGAAACTGCGAAGTTTGTGGGGGAGGATTAATTCATCGTCAGGAAGACACTCCGGGGGTTGTAAAAAAGCGCTTAGAGGTTTATAATCTTCAAACAAAGCCATTAATTGATCACTATAAAAGTAATAATGCATTAGTAGAAATTGATGGTGAACCAAATATAGAAGAAGTCGCATTGGAAATTGAGGAAAAGGTCAATGAAAGAAGAAGTAACAATTAAATCAGCCGAAGAAATAGTAACAATGAGAAAAGCCGGCTACATAGCCGCATTGGTTTTAGATACACTGAAAAAAGAACTGAAACCAGGAATGTCCACCTATGAAATTGACCAGATTGCAGAAAAAACCATCCTTGATAACGGTGCCACGCCTTCATTTAAAGGTTTTGGCGGTTTTCCTGCTGCAACTTGTATCTCGGTGAATGAAGAAATTGTTCATGGTATTCCTTCAAAAGGTCGCATAGTTAGGGAAGGCGATATAGTTGGAATCGATGTCGGGGCCTACTACCAAGGTTTTCACTCAGATACGGCTGTTACACTTGCCGTCGGTCAAATTAGTCAGGATAAACAGAAATTACTGGATGTGACCAAAAAATCGCTTATCGAAGCAATAAAACTTATTAAGCCCGGTATTCATTTGGGTGATATTCAGGAAACAATCCAAAAGATAATCGAGACAGAAGGTTATGGTGTCATACGCGATCTGACCGGCCATGGAGTTGGCAGGCAGCTTCAAGAGCCACCGCAAATTCCAAATTATGGTAAAAAAGGAACAGGTTTAATTTTGAAAGAGGGAATGACTATTGCTGTTGAGCCAATGG
CP011213.1_gap22	859705	862081	2376	CTTCAACAAGCTTCTTCAACAATGGGTGATCTGGAGCAATAACAGCAAATGTCTGTGCAATAAATGTTTGGGGAACGGAATCGTAGACTTCAAAACTAATATTTAGATCTTTAACCTTTTCACGGAAAATCACACCCTCGGATTTACCGATCCAGTTGCGCTGTAAAGCCTTGGTTCTTTCTGGCCAATCAAGACCATCTAAATCCTCTAATAAATCGTCGGCAAAATCTGTTATTTTAAAGAACCATTGAGTCAAATCCTTATTAATGACCTGAGAGCCACAACGCTCACATTCACCAGAAACAACTTGTTCATTAGCCAAAACTGTTTGGCATGATGGACACCAGTTGACCGGTGCTTTTTTGCGATAAGCGAGACCGTTTTTGTATAGCTGCAAAAAGATCCATTGAGTCCATTTATAATAACTCGGGTCCGAAGTATTAATTTCTCTTGACCAATCAATCATAGTTCCAATTTGCTTAATTTGACGGCGAATATTATTAATTGCTTCTTTAGTGTAAATCGATGGATGTGATTGATTCTTTATGGCAGCGTTTTCGGCAGGTAATCCAAAAGCGTCCCAACCCATCGGATGAAGAATATTTTTGCCATTTAATAATTGATATCTTGCAACGACATCAGAGAGCACATAACCACGCCAATGGCCAACATGAAGACCGCTACCGGAAGGGTAGGGGAACATGTCCAAGCAATAAAATTTTGGTTTATCAGGATTTTCTTCTGACTTATACATGCCTGATTCTTCCCAAATCTTCTGCCACTTTATTTCAATTTCTTGAGGATTATATTTATTCATATAAATTCCGCGCCCGAAGGGCAATAATTCATGAGATTTTCAATAATTATTATTTTTTTAGCTAATCTAATGTTAATATAGCATATTTTACTCCTTACTTAAAGCCTATATCAACAGTGATAGCTTCATAAAATCCAAACAAATTTCTGTAAACTTTTCCAAGCGCAAGTCGAGACCGTCGGGATTACTACGCATCATAACTTCATCTTTTCATTCACTTATGCCAGTTCCTCGCTAGCATCAAAGCCGTCAAACACTTTCTGATCCAACTCATCGTAGGCCTGCTTTAACAGAGTTAAATCAATTTGGCTCTCATCGCTAAGATGCCCATTTATTTCCAAAAGGAAACGATTCATTTCCTTAAAATTATCTGATTGCAACTTGCACCTTGTACTATAGCTTTTAAGATCAGAATCCGAGTATAACTCTGTTGCGTAAATATCCCCCAATATTATTTGTCCTTTTTTGGTATCCTTATCCATTATGACAAAAAATACATCATTTCGAGCAATGCATCCTTTAGTTACCAATTGCTTAAAAATATCCGAAGCATTCTGACTTAATTCTTCTTTATTCGATAATTCAAACTTAGCATCATTCTGAAAGTATTTACCGGCTCTGCCAAAATAACTTTCCCAGTCCATATTACTAATAACTTCGTTTTTACCGCCTCGAGTTAGATCGGTCATGAAAAGTCGAGTATCGCCATCAACTTCACCTATCCTCATGGTTGGAATTGTCGGCAAGTGTCTTCTTTTTAATTCCGCATGTTTTTCTAAAAGTATTTTAACATGCCCTTCTACATCGTGTTTGCCAAGCATGCCTTCAGTATGAAATATTTTCTGAGCCAACTGCACTTCTTTTTGTCTTCCTCCAGAGCCAGAAATCATGCCCTCAACACAAACAACGTCGCCCTCTAATAACCCAGTCCCAAGGACTTCCGGTTTTTCTTCTCCAACCGCATCAAAATTTATTGGTTGTTCTTTATCCGAACGAAATAATTCCGGCATTTTTGCCTTTCTTGTTTGTGCTTACCTAGAATTAGTATAAGCGGCAAATATTAATTAGTCTAGGTTCTTATAAAATGAATAGTTAATTCAATCACAAATTATAGATTAGATCTTTAACAATTTCAAGAAAAGAAAAAGGGTGATCCGGTTTTAGCCATCGATCACCCTGCGATAAGTACTTCTATCAGTCAGTTTCACTATTGATTTCTGCAACTATTTACAGCGTCGCCTTAGCACATAGCTGAGTGTTTGTGGCTGGAAGCGCGACCCTCCGTAGCTATAGTCACAAACATCTTCAAGTGAATTGTAACCAGAATCTGCGTATGCTACCAGAAGCACCCGTTGCGAAAGAGGCAAAGCCCGACCCTTTTCTCTCAACTGTCGTACCAAAGCGATTGCACCTTCGACACTGGCGCTAATAAAGAACGCCCTAATAGTACTGGCCGCAACAGGCCAAGCCAATTCGACTCCGTGTAGTGTTTGGACAGAGACAATCTCTTCATTGGAAATACCATTATTATTAAGAAAGTCTCTTATCTCCTCAGCCTC
CP011213.1_gap23	914559	915059	500	AAAGGGAATCGATTTTATTCCTAAGAATTTAAAGGGTAGAAAGTACTATAAGGCTAAATAATGGAAATTATAAGAGATAATAATTGGTTAAAATTTAGACTTGAAACTATTTGGACAAAACATTTTCCAGATGTCGCACTCAAGAATAATGTTTTTGTCAGGTTTGGACGTAAATCTAAAACCAGATTGGGATCGATTACTTTAGGTAGAAGAAATACAGAAAATCCCAATACAATCATTACTATTAATGGATATTTTATTGATGAATCTATTCCTGAATTTGTCGTTGATGCCGTGCTTTCCCACGAATTAACTCACTACGCACAAGGATTTTGTAGTCCTCACGAACAAGCATTTCGCCACCCGCATAGAGGAGGAGTTGTGAAAAATGAGATGACTGGCAGGGGACTCGATGCTATACTTAAAGCTGAAAAGAAATGGATCAAAGAAAATTGGCCAAATTACATTAAGAAAAATAGTTAATAATAATACAATATACC
