gap_id	start	end	length	sequence
CP019384.1_gap1	61760	66002	4242	TATTATTATCACCATGCCGGATTCAGGCATTTTGTGCACGACGGCCGCACCGAGATCGTCGACGAGAAGAGCGGGCAGCACATGGTCGGCCGCCGCTATAGCGACGGATTGGGCCAGGCCATCGCGGCGCTCGAGGGCCGCGAGATCGAGCCCGAGACAGAGACGCTTTCGCGGATTTCCGAAGCCGGCCTCCTGCGCCTGGAGAACAACATCCTGTTCGCCGGTTGCTCGGGAAGCATCAGCGAAGCCGCCGAGGCGGAGATCCGGGAAGTGGATCCGCAGACGACGGTCCACCGGATGCCCGCATCGGCCAATACTGAATTGGATGTCGAAGCCCCTGTTCTCTTCGCCAGGCCGCGGGATGGCGCGGATGACCCGAGGACGGCGGCGCTGGTCCGGGATGTCGTCGAGACCTATGGGCGCGACAAGGACAGCTGGTCCTTCTTTATCAAGGCGCACGCCTACGCGTCCGCCGTCGCCGAGGCATTAAGGGAGAAATTGATTGCAGCGGGTATTCCTGCGGAAGCGATCATCCTGTTGACCGCCGCCAACCAGGACCAGACAGAAGAGCTGGTGAGGCGGTTGACCGCGGAAAAAGGTTTGATCGCCATCGTCACCAATGTTGCCGGCACGGGGATCGATATCCAGGCGGAACAGATCCACGGCTATTCCGGGTATTGCGATGTCTCGGAAGAAGAGGATATCCAGGCCCGCGGCAGGATCCGCAGAAAAGGGACCTGGCAGAGATATTGGTCTTTAGGGGACGACATCTTTGCGCGGCAGCATCCCGATGTCGTGGCCGAAGCGGAGAGGATTTTGGGCAGCCAGATCGGCCGCGGTTCGCAAGAACCTCTCGAGGGACAGGTGGTCGAGGCGATCGTCGGCGCATTGAGGCGGATCATCAACGAGCAGCGCATCGCCGCCAACCGCGTCAGACAGCAGGCCGAAAAATCCTACGAAGCCATTGAAAAGGAACATCAGCAGCGGCGCAGCCAGTTCTTGACGGTGGAGAGGACCAGACAGTGGCTAAGGGACCGGCTGGGGGCCAAGGCGGCCGACGCGTTAAGCGACGACGAAGTCAGACAATACGGCATCATCGCGCTCAGGATCCTGGGGCTTAGCTGGCAGGAATTCAACGCCGCGACAGCCAAGGCCAGGAGAAGGATCAATGATCTGGCCCGCGAGTTCAACGCCGGATGGAGAGGAAGGACCGGGGTGAAATTCAGCGCGGCCGTGGAGTATGAAAAAGCCCTGGCTCTGGCAGCCAAGACCACCATCAGGAATGAAGAGATCCTCCTTTATGAACACATTATTAAGAAAATCAGAGGAAACCAGCCGTTGTCCGCGCGGGCCCCGAATTCGTTGTTCAGCAGGATGCGGGTGCGCTCGGCGGCCTTCTTTGCGGTAGGGACGGCGGCGGCCGTGGCCGGCGGATATTATTTTCTGAAGGCCGGCATCGCGGCCAAGATCGCCTCATTCTTCGGTTTCGGCGGATGGGTCGCGGGGCTCAAGGCGGCGCTTTTGGCGCATCCGATACTCCTGGCCGCAACCATCGTATTGGTCGTATCCGGCGTCGGGCTTCTGTGGATGGTACAGAAGATGGTCATCCAGCCGATGCAGATGAAAGACAGGACCGACGCCGATTTCTGGCGCATTGTCAAAGGCGTATCAGGGCAGGACAACGCCGCCATCTCCGGCAATGTGGGCCTGGCCGTGGTCAAGTGGCTCTCAGGGCTTTATGTTTATTGCGCGCCGTACCTGGCCAGCGGCGCCCTCGTCTTCTTGTTGGCCAATGTCATTTTGGGCCTCCCGGCCGCCGGCGGGGTTCTCGCTGCCGGATTGATTGTGATCCTTGGTTTCGCGGCAGCAGCCGTCAGGATGATCGCCGGCCATAAGGATTTGAGTTTCAGCGCGACAGTCCCCTACAAGCATTCGATGAGGATAGTGGAGGCGACGATCTTTGCAATCGTCGGCCTCTCCGGCATCGGCTTATTGACCATTTTAGGCCTGCCTGTATTTGTTACCGTCGCCGGCACAGCCGTGATGCTCGCCTCCTTGATTGGTTTCGTCTACATGATTCCTTATCGGGCCGGCGACAAGATCATCGGTATCAACGCCGTGATCAAAGGGATCGCGGCCGCCCTGGCGATCTTTGGAGGCGTCACGGCGCTGGCTTCCTTTGCTCCTGCGATGTTCACTTCGGCGTTGGCCATAGGAGGCATTGCCAGCCTGTTTGCCTCATCGGCCATCGTCGTTTTCAGCATTGCCGCAGCCTTCTATCTGGTGCCTCGCCTGGCCCGGATCCACAGCAGAGTGGATAAGCAGAGATCCTCCCAGGATGGGCTCAGGCAGGCGCATTACCGCAGCAATCTCTGGCAGGTGGCCTTGGAGACGGCCGGCGGCAACATATTCATGGCCGTCTTCACGCTGGCCATCGCCGTTGGCGTGGTCCATCTCTTAGGTCTGTGGAGTATCGCTGCACTGGGGACATGGGGGTTGGCGGGCGGCATTGTGGGCCTGGCGGCCTTTATCGCATTCTCCGTTGTGAAGCCGAAATGGGCGTTGTCTTTGGTCAACGTCGTCTTTGTGACGGGTATTGCGACGGGCGGTTGGGCGGCCCAGGCGCAGACAGAATACGTCCAAACGTACAAAATGGACGCCCAGACACAGCAGCTTCAGTCGGAATTGAAGCAGTCGCTGGCCGACATATCCAATCCGGACGAGCATTATCGCCAGATCCAGCAAAGCTACGAGCGTCCTCGGACCGACGAGGGCGCCTATTTGGCTGTGGGCGCTCTTGGCTTGCTTGCCCTTCCTTTATTGTTCTTGGCCAAGGGGTGGAAGAGGAGAGGCATTTTGTTAGGGTTGGCCATTGTTCTTTTGTCCAGCATGTCGGTCGGGTGTGCAGCGTTGGCCCAGGGCGTCCATCAGGCGGATTACGGCCTGGCTAAAGGCCAGCCGTACTGGGAAAACAACGCGATGACGCGCACTCAGCCGACGCTCCAACAGCCGGCCACAGATAAAGATAAGACCCAAGACCTCTATCCGCTGGCCCCGAAAGCCCTGCCTGAGGTCAAAGCCCCTGCAGTCCAGGGCGGTGTTGATTTTGAGGCGATGTGGAGATGGATCAGGAAGGTCGAAGCCGACGGCGATCCTTCTGCCGTGAGTCCGGCCGGCGCCAGGGGCGTTGCCCAGATCATGCCTGATGCCTTGCAGGATTACAACGACAATCATCCCGGGCACACGTATTCCTGGGATGAGATGTTCGATGCAGCCAAGAACCTGGAAGTGGGCAAGTGGTATCTGACCAAACAGATACCTGCGATGCTCAGGAATAAAGGTTTGGCCGTGACGGTTGAAAACGTCCTGTGGGCATACAATGCCGGCATCAATAGGGTCGCCAATGGCGTGATGCCCAATGAAACGAAGAACTACATCGCCGCCTACCAGAACGGCAGGGTCCTTGACGGCACAGCTTATGTGGATTCCGGCGCAACAGGCCGGGATCGGGCTGTCAGGTCTGCAGAATTGCAGGTGCCGCCTGTGATCATCGACGGCCGCACGATCAAGATCGGCAATGAGGTCTTCCAGATCCGCGGCGTGACCGCCGGAACGGGCTTCCGCGCGCCGGACCTCAACATGCTGGTCCAGCTCAACGCCAATACCGTCAGGACATACAGGCCTGTCAGCGAACAGGTCCTCAATGCCCTGCAGCAGCACCATATCAAGGTCATCGTGGGCTTCAGCCTGGAAGATATTGTCGGCGCCAGCCCCGAGACAGCGGGTTATTACCTTGCTTACATCCACAAATTTGCCAATCATCCGGCGGTGCTCGCCTGGTCGCTGGGCAATGAATATAACTTGCATCCCGAATACTTCGTCACCATTCCGAAAGATATTTCTCCTGAGACCAAGGCCGAGCTGGTCCAGCAGGCTCAGATGAAGTGGGCCCAGACGCTTGAAAAAGCGGCCAAGTCCATCCACGGCCTCTATGGCCAGCATCCCGGCCTGCGCAAGCTGCCTGTGACGACGGCGCACGGAGAATTGCCGACGCCGGAATTCCTGGCCGCGACGCCTTCCGTTGATTTCTGGGGCATCAATACCTATAGATGGAACGATCCGGCGGCCTTCACCGGCGACGAGCAGGCCAACAACATTTTCGAACAATGGGAGGCGTTGTCCACGAAGCCGATGTACCTCTCCGAGGCCGGCGCCGATTCTTTCAGGACGACCGAAGTCAAG
CP019384.1_gap2	153920	158074	4154	AGGTTTTTGCCACTATCCGCGGCGAGGTCCCTTACACGGATCCCGACTGGGTCAAGGTGTTCGGTCTTTTTAAGGAAATGGCCGACCGCGGCATGCTGGCGTCGGGTATCGTGACCATGGTGAACAAGACAGCCGAGCAGAATTTCGCTAATGAGCGTTCGGCATTTGCCTTTAACGGCTCCTGGTGCGTCAATGTCTATCACGGCATGAATCCGTCTTTGGATTACGGCGTGATGCTTCCGCCGAAGGTCAATCCTAAAAACCCCATGTATATCTGGGGTGGGGCCGGCTCTTCGCTTCTGGTCAACGACCGCTCGGCGGTGAAGGAGGAGGCCATCGCATTCCTGAAATGGCTGACAGCGACCGAGCAGCAGGCATATCTCTCGGAGACGACCCGCAACCTGCCTTCCAACAGGAAGGTGTCCGGGTCGATCTCGGAGATCCTGGCGGACTTTTCCAAAGGGATGGATAATGTGACGCACCCGAACATCTGGCCGGTGAACGAGCTTCCCAAGGTCATCGAGCGTTTCGACAAGGGCATCCAGTCGATCATCATCGGGGAGAAGACGCCGGAAGGCCTGGCCGAGGAACTGGCCAAGCTCAAGGCCGAAGAAATGGCGAAACAGTAAAAGCAGTATCAAAGAGCCAGAGTATCAGAGCGTCAAAGAGAAAGACAAGGGGACAGATGGAAAAGAGGGGATAAAAAACTGATTATTTCCGAAAAGTCTAAAAAACAGGATGTCTTTACTCTGATACGGTGACACTATGATGCTATGACACTTATCTTATGATTGCTGACAAGATCAAACAATTCTACAACCTGTTGCACAATGCGACGCCTAAGCAGAAGGTGATCGGCACCGTCTTGCTTCTGGCGGCCCTGGAAACGTTCTTTTTGCTTTTTCACGATTCTGCCGTCTTCTGGGTCCTGGCTTACGGTTCTGTAACGCTGGCCCTTCTTTTCCTGGTCCTGGCCAATCTTATCAAGAAGAGCCTGTCGGCGTTCTTCTTCGTCGTGCCGGCCCTGTTGATCTTCTCGATCTTTTATATCTATCCTTTTTTCAAAGTCCTTCAGCTGTCGCATCACGCATGGGACGGTATCTCGCCCAAGATGACCTTTGTGGGTTTGTCCAATTTCTTCGAGATCATGAAGGACAGGATCTGGTGGGTATCCATGGGCAATGCCGGCTACATCACGCTGATCGCCCTCACGTTCCAGAATGCGCTGGCCCTGGCCTTGGCGTTGGCTTGTGACCGTCAGATCAGGGCAAAGAATTTCTATCGCGTGATCTTTTTCATCCCGCCGGTCCTCTCTGAGGTCGTTGTAGGTCTCATCTGGCGCTGGATCTACGACGGCGATTACGGTTTCCTGAACTATACGCTTGGCCTTTTGGGGCTGCAACATCTGGCGCATAACTGGTTGTCAGATCCTAACACGGCCCTGACGTGCGTCGCCATCATCCACAGCTGGAAGGGTTTCGGCTGGGGGTTCATGATCCTTTTGGCCGGCCTGCAGACGATCCCGAAGGAATTGTACGAGGCGGCCAGGGTTGACGGCGCCAATGTCTGGCAAAGCTTTAAGAATGTGACGATCCCGCTCATGATCCCCGTCTTCGTCCTGGTCATGATCCTGACCATCCTGGGGTCCATGCAGGCCTTTGTCTTGATCTTGTCGATGACCGGCGGAGGTCCCGGTTATCATACGGAAGTGCCGGTGACGAGGATCCTGGCGTCCATGCAGGGGTCTTCGATGTTCGGCTACGCCTGCGCCCAAGGGCTGACGTTCGGCGTGATCCTGATGATGGTTTCTTTCGCGCAGATGGGGATATCGCGGAAATTGAAACAGGCATAGGCATAAATAACCAAACACCAAGATACAATGACCAAATAATTATCAATAAATCAATAACCAAACAAAAAATCACGATTGAATAACGATGAACGGGGAATTTGATTTTTAGAGAGGCGAACAACAGATTTTGCCAAAACGGTCATAAGAATATACAGAGATTTGTCGAGAGGTCCAATCAACGATAGGATCGCAGGACAACAACTGTTTAAAGAAGCAGGAGAATTAAAAAGTATTTTATCGGCCGTTATTTCTAGGTCTGAGTAACGCTTGATGATTGGTTATTGAATATTGGAATTTGTTTGGTGCTTGTTTCTTGGTCATTGGTGATTTTTTCATACGGGGTTTGGCATGAGACTTAACAAATACACGGCTGCGCAGCACGCATCGGGGTTCTTCATTAATATTTTCCTCATTATCGTCTCCGTGACATGCGTATTCCCGCTTTTGTGGATGTTCGGTTCTTCTCTCAAGACCCAGAGCACGATCTTTTCCGATATGAGCGTCATTCCGGCCTCCATGCATTGGGAGAATTTTTACCTGGCCTGGACCAAGGGCGGCTTCGGCGTTTATTTCCTGAACAGCCTTTTTTATACCACCATCGTTGTTTTCGGTATCGTCATGGTCTCGTCCCTGGCGGCCTACGCGTTCTCGCGCATGAACTTCCCCGGCAAGAACCTTTTGTTCTTCATGTTCCTGGCGGCCATGATGATCCCCTTGCCCGGCAGTTTCGTCCCGCTCTATGTCCTGGTCAACAATGTCCGCAATGTCCTTTTGAACGCGATGGCCGCCTCGACACCGTTTTTGCTCAAGGTCTTTCCGCAGAGCGTGGTGATCGGGCTCACTTCTTTTATCGAGGACCAGTTTTATCCGCGCACGGCCTACATCCTCTGCATGATCAACGTAGGGCTTTCTTTCAGCATCTACATGCTCAAGACGTTTTTCGACAGGATGCCCAAGGAATTGGAGGACGCCGCGCGCATCGACGGATGCTCGCGCCTCGGGATATGGCGCCATGTGGCCCTGCCTTTGGCCAAACCCGCCATCGCTGTCATCATCATTTATAACGCCCTCAACGTCTGGAACGAATACATTCTGGCGAACCTGATTTTGTCGTCGAAGAACCTGATGCCCCTGCAGAGGGGTCTCATGGTCTTCCAAGGCGAGCACATCACGCAATACCCGTTGCTCATGGCCGGCATGACCATCACCGTTGTGCCCATCCTTATCATTTATCTGGTCATGCAGCGGTTCATCATCAAAGGGATCACGGCCGGCGCGGTGGTCGGTTAATCGCCGACAGCAAAGAGACGTAGAAGGATAAACGAGAAATGGATAAAACAACTCGAAAAGCTATGGGTGGATATGCGGGGTTTCCTATGAGCGTAACGCGTCGTTTTTTTAGCCTCCAGTTTTTAAGCTCTTTTATTTTTCTGTTTTCTGTTCTCTGTTTTCTGACTTCCGGTGTTTCCTGCGCCCAGGATGAGCCCGTTCAAAACCAGGAGACTGTGGCAGAGGCTCCGGTGGCAACTAATATGATTCAAGAGGAGACAGGAGCTCCGGTTGCTGCAGCCGTTGCCGAACCGGGTCAAAAGGCGTCTGAGACGGCCCCGGCGGAAGTCTCATTGGAAGAGATGGTGACCGTGGCCAGAAAGGCCAAGGATGAGGGCGATTTCGCGAAGGTCTATGCGACGGTGGACGAAGTGATGCGGCGTTTCGGTCGCGAGGCGGCCAAGGAGCAGGCGTCGTTGAAAGATTTTCCTCCTACCGAGCAAATCAACAGCTATGCGGTCCTGAATAACGTCGCACAGGCCCAGTTCATCAAAGGCGAGGCCCTGAAAAAAGAGGGCAAGAAAGACGAGGCGATCGCCGCTTTCGGCGTGATCGTCAGCGATTACGGCTATGCCCAGGCCTGGGACCCTCGGGGATGGTTTTATAAGACAGCCGAGGTCGCCAAGGAGGCCATCGATCGCCTTCAGGGCAAAGACCCGAACGCCGAAAGGTGCGGGGCGATTCCGGCGACGAAGATCGAGCTGTCCGATCCCGGCAAGGAAGAGATCGTGGATTACGAAAAGTACGGGGAGTTCGTCGATCCCGGCACAAAAGATTATAAGTATGTCGTCAAGTCCCAAGACGGGCTTTCCGAGGCCGTCGGCGAAGGGATCTATCCCAACACAACGAGCGTGCGCTGGGATCCGGCATTCCAGGAGGTCAAGAAAGAGAAGCGTCTGGAAGGCAGCCATTGGGATTTTGTCCGTTCCCCCGACCTGGAGGCCGCTTTCATCAAGTGGGCCATGGCGCCCGA
CP019384.1_gap3	161557	162928	1371	CAATTCATGGTCGAGCGAACGCATCGACAAGATACAGGACCCGCGCCAGTGCCTTTTGGCCAGGGCCGAGACGTATTACACGCTGGTCAATGAGATCGCGCAGGAGATCCACAAGATCGATCCTGCTCACCCCGTGGTCATGGGCAACGGCGAGCTCATCTGTCTCGATGTGGCCAGCACATTCGCCAAGGACGTGGATATCGTCGGATGTATCATTTATCGCGGCAAGACATTTGGGAATATTTTCAAGACCCTGAAGAATACCTTTGACAAACCGCTCTTGTTCGTCGAATTCGGCGCCGACGCCTACAACGCCTACGAAAAGAAGGAAGACGAGGACATGCAGGCGTATTTCCTGGAGTACCAGTGGGCGGAGATTTATCGTAATCTCGGCGGAACCGCAGCCGCGGGCGACGGCGTCGGCAATTGCATCGGCGGTGTCATGTTCGAGTGGACGGACGAATGGTGGAAACACGACGAATGGGATGCGAATGGTTTGTCCGTCCATGATACGGAATCCAACTGGTCGAACGGCGCCTATTATTTCGATATCAAGGCCGATCGCAACATGAACATGAACGAAGAGTGGTTCGGTCTCGTGAAGCTCCTGCCTGAAGAGGAGAAAACATCTTCCGGACAGGTTTTGAACAAGCGCGTGCCGCGCAAGGCTTACTATGCCATACGCGAATTCTGGAGACATCCTTCTAAGTCATCTTCGATCAAGAGCCCGGAGCGTCCTGCGGCCGCCGGAAAAAACAAACGTTAATCCCTCGGCAGAATTCTCCGGGCCCGGCCCTTTGTCTCGGAACCGGGGGATCGGAGGGATGTTGCTAAGAAGAAAAAAGGAGTCTCGGACTTTGTTCCAGGAGGTTCGTCCATGACTTTCAGGTGTCCCGTGTCCCAGCGTATCATTTTTTTGACGGTTTGCGGATGGCTATGCTTTTGGACCTTCGCCCCTGTCTTGGAGGCGTCAGAAACGGGGGTGTCGGCGGCCGCCCCTTCGGTCGAAGCGCTCAAAACTGCTGTTACTCCCGATGACCCTCAGGGCTTGGTAAACCTCAGGTCCATCGTCGCCTGGTATGTGGGGGACGGAAAATTTGACGAGCTGATCGCCTACCTGGATTCTCTCTTGAAAAAAGGGTTTGAGCGGCTGCCTGACGTCTATTTTTACCGCGCTTATGCGCGCCAGGCACAGCTGGATTCTTGGAAAAAGACCAAGAATTGGGAAGGGGTCTATGACCAGGGGCCGCAGCTTGAAGCAGCCATGGAAAAAGACCTGGCGAAGGCCGAGAAGTTCGTTTCGAACCGGCAGGACATGGCGCTGCGTATCGCTTATTTAAGGTGGCTCATCGCCTCGCAAGACGATCCTGA
CP019384.1_gap4	214034	216203	2169	TAACGGCGAAGCGGTGACGCGGATTGCCTGGCAGGCCGAAGGGGCCGGCGGCGGGTTTGCCGTCGAAAGCGCCAAGGCCTCTTATGCGTGCCGTTCCGTGTTGATCGCCTCGGGGCGCCGGCCCCGGTGGCTGGGAGTGCCCGGCGAAGAGAAATTTCGCAACAAGGGCGTCAGTTACTGTGCGACATGCGACGGGCCGCTGTTTTCCAAAAAGACGGTGGCGGTCATCGGCGGCGGCAACTCGGCCCTGGATGCGGCGCTGCAGATGGTGAATATCGCCGAGAAGGTATATCTCGTCGATATCAATGCCGCGCTCGGCGGCGACGAGATCATGCGCCGCAAGGTTCAGGTATCGCCGAGGGTCGAGGTTTTGAATAACGCAAAGACAGTGGAGATCGCGGGCGATCGTTTTGTCACATCTCTGAAGGTTGAAGTTTCGGGAAAGCCGCGGGAACTGGCTGTGAGCGGTATCTTCGTGGAGATCGGTTCGATTCCCAACAGCGAGATTGCGGATTTTGTGGACAGGAATGATGCCGGTGAGATCGTCGTCGATTGCCTCAACAGGACCAGTGTTCGGGGCGTCTTTGCCGCCGGCGACGTCACAACCGTGCCTGAGAAGCAGATCATCGTGGCCGCCGGCGAAGGCGCCAAGGCGGTCTTGGGTGTTTCCCGCTACTTGATGCAGGAAAAATGAGAAGATGAAATACTGCATGGTTTTCATGACGGCGCCGCAAGGCCCCGAGGCCAGGTCTCTGGCAGATATGCTTTTGAAGAAAAGGCTCTGTGCGTGCGTCAATATCGTCAAGGGCATGGCGTCTTTTTTCTGGTGGCAGGGAAGGATCGATGCGGCCAGGGAATCGCTTCTGATCGCCAAGACCGAGCAGCGGCTTTTGAAGAAGATCGTACGGGAGGTCCGCCGGGTGCATAGTTACAGTGTCTGCGAGATCATTGCGATGCCGATTGTCGCGGGCAGCGCCCCTTATCTGGAATGGATCTCAGCTTCTTTAAGAAAGGGCAGAACGGCATGATTTCGGGTGGTAATCCATTTGAGTTCATCCTGGTTTTCGGCGCAGGCGTCCTGGTAAGTTTTTCGCCTTGTGTCTATCCGCTTTTGCCTGTGACGATCGGCTATATCGGCGCCGGTGCCCAGAAAGACAGGCTTCACGCTTTCATTTTGAGCCTCATTTATGTCCTTGGCATGGCCATTACCTATAGCATCCTCGGTGTCTTTGCCAGCATGACGGGGAAGATTTTCGGACAGATCAGCTCCAGCCCCATCTCTTTCTTCATCATCGGCAACATCTGCATTGTCTTTGGTCTTTCGATGCTGGGGGTCTTTGAAATGCACTTGCCGAACTTCTTTTTAAACAAGATCAAGGGACGCAAGTCGAAGTTTTCTGTTTTCCTTCTGGGGATGACTTCGGGGTTGATCGTCGGGCCGTGCACGGCCCCTGTCCTGGGCGCCATCCTTGTCTATGTGGCGACCAAGCAGAACCTTTTTTACGGTGTTTTTCTTCTTTTCAGCTTTGCCTACGGCATGGGGGCTTTGTTGATCCTGGCAGGGACATTCAGCGGTTTGCTGGCAGGAATGCCCAAGTCCGGACAATGGATGTATACGATCGAAAAAATCGGCGGCGTGCTTTTGATCCTGACAGGAGAATATTTTCTTGTCAATATGGGGAGGGCTTTGATATGAGGCTGAGGATGGTCCGTTGTTTTATTTTTGTCTGGATATTGACCGTGTTTTCTTGCGTCCACAACGTTTCGGCCTCGGCATCCGTGAGACGGACACAGTTGGTCGGCAGCATCGCTCCGGATTTCACCCTGGAAACAACTGCTGACACCAAAGTGGCGCTGCGGGATTTGCACGGCCACGGCGTCATTCTCTTTTTCTTTACCACGTGGTGTCCCTATTGCCGCGAAAAGCTTCCATTGCTGGCGGGTGAACGCCGGAAGATGGAGGAGGGCAAGATCAAGCTTCTCCTTGTTGATGCCGGTGAAAGCAAGGCCAAGGTGAAGGCGTTCATCGAAAAACAACAGCTGCCTTTTGCGGTCCTTCTGGATAGCAACACCCTCGTCGCTGAAAGCTACGGCGTGGTCGGCGTGCCGACCTTTGTCTTGATCTCCTCTGACGGGGACGTCGTCTGGACGGGGAACGAATTGCCGGGT
CP019384.1_gap5	238613	240472	1859	CTATGGTTTATCAAAAGAGAGAGATGGGGAGACGGGGAGGATCGCGTGACAGCGGCGGCAGAGGTTCGGCCAAGCCGGGTGCGCGCAGACGCGAGAGGCGAGACGATCTTGAGGGGCGCTTCCGCCGCAAGACGTGCCGTTTTTGCGAAGAGAAGGTTAACAATCTGGATTATAAGGATTTGAAGCGCATGGAGCGCTTGGTGAGCGAGCGCGGTAAAATCCTGTCGCGCCGCGTGACAGGAACATGCGCCAAACATCAGCGCTGTGTTGTCGAAGCCGTCAAGAGGGCCCGTTTTATCGCACTCTTGCCGTATTTGAAGAAATAACGGGATTGAATAAAAAGATATTTTGGAAACTTGAATTTGGTTATTGGTCATTGTTTGGTTATTTGTTACTCGAGAGGTTGCCATGTTGAAAGTTGTTTTGAGATCCGATGTTCCCGGGATTGGCAAGATTGGCGAAGTCAAACAGGTCAAGGACGGTTTTGCCCGTAATTTTCTTCTGCCGCAGAACCTGGCTGTGATAGCGACGGACCATGCCTTGAAGCAGATGGAGCTGGAGCAGAAGAAGCGGCAGGCCAGGCTTGCCCAGGAGCGAAAGAAGGCCGAAGAGCTGGCCCAGAAGCTTAACGGATTTTCCCTGACCATAACCGTCGAGGTCAATGAAGAAGAAAAGCTTTACGGGAGCTTGACGGTCCAGGACATCCAGAAAACCCTGGCCGGCGAGGGGATCGACGTGGAAAAAAAGTGTATCGTCTTGGAGGCCCCTCTGAAGGCGCTGGGCATATATGACATCGACGTCAGACTTCATCCTGAGGTGACGTCGAAGATCAAGGTCTGGGTGGTCAAGAAATAGGTCGGAAAAGCGAATTCTTTGAGTTTATCGAGTTCTTATGGCTTGACTCCATAGGCTCAATGAACCGTTGTTGGTGATATTTCCTTCGAGGTTTCCATATTTTTTCTATGAAAAAATCGCCGAAACGTCATGACAAAGAAGGAGTTGCCGGGGCCCTGGCGCCTATCGAGAAGCTGCCCCCGCAGAATATCGAAGCGGAAATGGCGGTGCTGGGCTGTATGTTGATCGAGGAAGACGCCATTGGCCTGGCGGTCGAGAATCTCTCGGCGGAAGACTTCTATAAAGACGCTCACAAGAAGATATTTTCTTCTATTGTCCAGCTTTATGATCAGCGCAAGGCCGTCGATCTGATCACGTTGATCGAGAGGCTCAGGAATGAAGGCGTCCTCGAGGAAGTCGGCGGCGCCAGTTATCTGACGGCCCTGACCAATACCGTCCCTACCGCGGCGAACGTCTCCCATTATTCCCGCATCGTCAAAGAGAAAAATGTCCTGCGTCTTTTGATCCACCACGCGACCCAGATCGTGACCGAGGCCTATGACACCGAAGATGCGGTCGGCGATGTCCTGGACCGCGCCGAGAAGATGATCTTCGAGATCGCCGACAGGCGTGTGGGCCAGGCGGGTTTTATCCTCATCAAAGAGATCATTAAAGACTCTATTGAGACAATCGATCGGCTCTATCAGAATAAAGCTCATGTGACGGGAGTTGCGACAGGCTACACGGATTTCGATATCAAGACTGCCGGCCTTCAGCCTTCGGACCTGATTATTGTCGCCGGTCGTCCTTCCATGGGGAAAAGCGCTTTTGTCATCAATATTCTCGAGCATGCCAGTATCATCGAGAAGATCCCGACGGCCTTTTTCAGCCTGGAAATGTCCAAAGAACAGCTGGTGCAAAGGCTCTTGTGCTCGCATGCCCGCGTGGACGCCCACAAGGTCAGGACGGGTTATCTCTCGGCGTCCGACTGGCCGAGCCTGACGACGGCGGCAGGCAAACTGTCC
CP019384.1_gap6	290362	292852	2490	CATCCAGCCGAAAGGCGTTACCGTTTCCGTCGGCGGCGAGATCGGCGAGGTGGGAAGCAAGAATTCCACCCCGGAAGATATGCGCGCTTTCATGAAATTGTATCTGGAGAAACTTCCTCGGGGCATGGAGGGGATCTCCAAGATCAGCGTCCAGACAGGCACGAGCCATGGCGGCACCGTTCTGCCCGACGGAACGATCGCCAAGGTGAAGCTCGATTTTAACGTGTTGAAGAGCATCTCCGAAGTGTGCAAAAAAGAATTCAAGATGGCCGGTTCTGTCCAGCACGGCGCATCGACCCTGCCCGAAACGGAGTTTCACAAGTTTCCGGAGTTCGACGCGGCGGAGGTGCACCTGGCGACACAGTTTCAGAACATGGTGTTCGACAGCCCCCATTTTCCCGCAGACCTGAAGAAAAAGATCTACGATTGGCTGAAGGTCGAGGCCAAGAACGAATTCAAGCCGGGCATGACCGATGAGCAGTTTTTCTATAAATCAAGGAAGAAAGCCCTTGGGCCGTTTAAGAAGGATATCATGTCCATCAAGGAGAGGGGCATGATCGCCAAAGAGGTCGAGTCCAAGTTCGCGTTCCTCTTTGACCAGTTGAAGATCAAGGATTCCGCCAGGGCTGTTAAGCAGTTCATCAAAAAGGTCAAGGTCGAGATGGCCTTTAGCGCCGAGCATCACAAGAAGGCCGAAGCGTTCGAGGGAGATGATTAAGCGAGACCCGACCTTGTGTCGGGACGAGCTTACCCCCGCCGTTTTGTTTCGTTTATGGTGAGCGTTGCGAACCAAAACGAAACAGCGGGGGTAAATTGCAGATAAAAAGCGAGGGCAATTTATGCGATCCGATGCCATCAAAAAAGGTGTTGAACGCGTGCCGCACAGAGCGTTGCTGCATGCCACCGGTGTTTCCCGAAGAGACATGTCCAAACCGTTCATCGCGGTGGCGACAAGTTTCAACGACATCATCCCCGGGCATATCGGCATGCGGGACCTGGAGCGTTTTATCGAACGCGGTATTGCCGCCGGCGGCGGCGTGCCGTTCTTCTTTGGGATCCCCGGCATCTGCGACGGCGTCGCCATGGGGCATCCCGGCATGCGTTATCCTTTGGCGTTGCGCGAACTGATCGCCGACTCCGTGGAATCTTTTGTCAACGCCCACAGCCTCGACGGATTGGTCTGCCTGACGAATTGTGACAAGATCACACCGGGGATGTTGATGGCGGCGGCGCGTCTGGACATCCCGACGATCGTCGTGACGGCCGGCCCCATGCTTTCCGGCCGCTACAAGGGCAAGCGTCTTTCTCTGGTGGGCGACGCCTTTGAGGTGGTCGGAAAATTCAAGCGCGGCGAGATCGGCGAGGCGGACCTGGCCTGTTTTGAGATGGAGTCCTGCCCGGGCGCGGGCGCCTGCCAGGGATTATATACAGCCAATACGATGGCCTGTATTACGGAAGCCATGGGCATGTCTCTGCCGGGATGCGCCACAGCCTTGGCTGTTTCCGCCAAGAAACGCCGTATTGCCGAAGAGTCCGGTGAGGCGATCGTTAGACTGGTCAAGAAGAACGTGACGTCGCGTTCGATCATGACGCGCAAGGCTTTTGAGAATGGTATCCGTATCGATCTGGCGCTGGGCGGCTCCACAAATACCGTCCTGCACCTATTGGCCATTGCCAGGGAAGCGAATGTGTCTTTAGGCCTAAAAGATTTCGACCGTTTGAGCAAGCAGACGCCCCATATCACCGATCTCCTACCGGGCGGCAAACATTTTATGGAAGACCTGGATTACGCAGGAGGTATTCCCGCCGTCATGAAGAGGTTAAAGAGCAAGATCGCGGTCTGTCCGACGGCGAGCGGCCTTTCGACGCACCAGATCGCCGACCGGGCCGTGGTCAGCGATGAGAATGTCATCCGTTCGATAGACGAAGCGTATCACGAAGAGGGCGGTATCGCCATCCTGCACGGCAATCTGGCGCCGCGGGGTGCGGTGGTCAAACAGTCCGCCGTCAGCGAGGCGATGAGCGTCTTTACGGGTAAAGCGAGGGTTTTTGAACGTGAAGAGGACGCCCAGAAGGCGATCCTTTCCGGAGATATCAAGTCCGGCATGGTCGTCGTGATCCGCTACGAAGGGCCCAAAGGGGGTCCCGGGATGCGCGAGATGCTGGCGCCGACCGCTGCCATTGTAGGGATGGGCCTGGCCGACAGTGTGGCATTGATCACGGACGGCCGGTTCTCGGGCGGCACGCAAGGCTGCTGCATCGGCCATGTTTCTCCAGAGGCGGTCGAGCGGGGGCCTATTGCGGCCATCAAGAACGGCGATGAGATCCTGATCGATCTGCCCAGAAGAAAATTAGAGTTGAAAATCTCCGCAAAAGAGTTAAAATCAAGGCTTAAAAAGGTCAAGATCCCTGCTCCGAACGTGACCGGAGGTTACCTGTTGAGATATTCGCGGATGGTTTCTTCGGCTGATGAAGGAGCTATACTTAAAC
CP019384.1_gap7	452891	456369	3478	CGTTTCACAAGGCGGGATTCCGTGCCTTCCTGGGATAGGGCACGCCTCATCCGATGGCCTTGAAGGTCTTTGCGCAAAGCCAAGGATAAAACCTCAAGGTGTTCAAAGAACCTCTCTGAAAATGGCCGGATTTTCTTGTTTCCCCGCGCAATTCGGCTATAATGAAAAACTGATGATTCAGAGAGATCCAAGAGGGCGTGGGCCTATGGGATTTTTCTCATCTATTTCTCCCCGATACAAGCAATCCCGCCGATTTTTTATCAAAGACAGGCGGCGGCCTGATAAAAGCTGAAGGAGTTTGAGCAGGAAGATGGTCAACAAGACAATAATGGTCTTATTATTTGCCTTGATATTTTTTTCGCAGGCAGGCAGTGCTGTCGCCGCTCAAAGGTTTATGGTGGTGACAGCGCCGGTCGCCGATTTAAGGAAAGAACCCCAGGAAAGAGACTCCGCCTACGATCATGACGATCTGCAGGAGACCCAGGTATTGTTCAACGAAGTTCTCTTGTATAAGTCTTCGATGGGCGATTGGTATTACGTCGAGGCTGTTGAGCAGAAAAACTTTAGGCAAGATAACCGGTGGAGGGGATACCGGGGGTATATCCGGAAAGAAGATACGAGGTTTGTCGGTCGGCTTCCGGAGTACAATTCCGTTGTCAGCGCCAGGATCGCCGATGTGTTCGACGCCCCTTTGCCGGATGCGCGGATTTTGCTTTCTGCTTCTATCGGAACGAGATTCAGGATCGTCGGCGATCAAAAAGATTTCTACAAGGTTGAGATGGGGGAAGGCGGTTTTGGCTGGGTCTCCAAGGATGCCTTGAGAAAGACAGAAGGGGTGATCCCGCGGACGGACACAAGAGAAGAGCTTATCGAAACCTCAAAGCTCTTTCTGGGGGTCCCCTACCTGTGGGGAGGGAGGTCTCAGGCGGGCGTCGACTGTTCAGGCTTGGTCAATCTCGTTTATCGTGCCCAGGGAATGGAAGTCCCCCGGGATGCGCAAGAACAGTGGATGACGGCAAGAAAAATAACGGCGGGACAGTTAAGGCCGGCCGATCTGATATTCATATCGCGCAAAGACGATCTTGGCTCCATAGTCCACGTGATGCTGTTTTTGGGCGGCGAGGATTTTATCGAGGCCCCGGGAACAGGGAAGTCCGTTTGGATCACTGATTTCAAGAATAAATTCGGCATGGGTCTGGAAGATCTTAAAAGGCAAGATTTTGTCGTTGATGGAAAAAAGATATTTTTTGGGAGGGTCAAAGTCTTAGGAAGATGACATCTTTTATTTTGTAGTCTACGGCCGAGCCTGTCTTCCGCGCGCGGGGGCGAAGGGGCTGAGATCCTTGGTTTTTTAGGGCCCAATGGCGCCGGCAAGACCGCATCTATTCCGTCCAGACGGAAGTCGTCAAGTGCTGTCCGAAAAAATCGAAGAAGGAAAATTTGACTGCATGTTTTGTGTAGAAAAAATTTTGACAGGAAAGATAAACGATTATAACATTATATCTTTCTGAGTGCATATATACAGGTTCGTGCGTGTGGAGAAGTATGAGACAAAGACGTCCATATGATCTTCTGGGGACGTCTTTTCAGACCACGGGCTTTCAGCCCGCGCCCTCAAGCTTTAATCTCGGTTTGCGGCTTGAGTTCTTCGATAAAAAGAATCTGACCCTGCTGGTCGATATGGATACGGCGTTCAAGGAAGATTATTATGAGGGAGGCGGTTCGCTGACAGCCAAGTATAGTTTTTGAAACCCTCGCCTTGAATTTGTTTCCGCGCCGCAGGAACGCAAGAAGATCACCCTGCCGACAACAACCCGGCACAGGCGTTAATTCCCCCAAAGCATCCTTTTTGAACCGCTGAATTTTCTTGTTTCCCCGCGTAATTCGGCTATAATGGAAACCTGTGGATTCAGAAAAGCCCGTCAGGACAAAGAAGTCAGCGGGCCTTTGACGTGCCTCGCGTTTTGAGACGCGGGGATTGATTTCCGCAGATACGAAACATCCTCCATCTCTATGACGGACCTGACGATCAACGGCGATCGCCTTTACCGCAGTATCTTCCTTAACACACTCTTTGTCTCTCATCCTGTCTTAAATCCTGTTTCTGCCATTTTCCGGAGGTTTCATGCCCAGACGTAACGACATCCATAAGATCCTTATTATCGGTTCAGGCCCGATCATTATCGGCCAGGCGTGCGAGTTCGATTATTCGGGGACCCAGGCGTGCAAGGCGTTGAAAAAAGAAGGTTATGAGATCGTTCTGGTTAACTCTAATCCGGCGACGATCATGACCGACCCGGGCATGGCGGACAGGACATATATCGAACCCCTGACCGTTGAAAGCTTAGAGAAGATCATTGCCCAGGAAAGGCCCGATGCCCTGCTTCCGAATTTAGGCGGCCAGACCGGCCTTAATCTGGCGTCCAGCCTTTACAAGGCGGGTATCCTGAAAAAATACAAAGTCGAAGTGATCGGCGTCAAGGCGGACGCGATCGAACGCGGCGAAGACCGGGAAGTTTTTAAGCAGACCATGAAGCAGTTGGATATTCCGGTACCTCGCTCGGAGATCGCGCATACCGTCGAGCAAGCCCAAGAGATCGCGTCGCGGATCGGTTTGCCGGTCGTGGTCCGTCCGGCCTATACGCTGGGAGGGACCGGCGGCGGCATCGCCTACAACGGCGAGGAGCTTAAGGTCATCGCGACGCGCGGCCTGACCATGAGCATCGTCCATCAGGTTTTGATCGAAGAGGCGGTCATCGGCTGGGAAGAGCTTGAGCTTGAAGTCGTGCGCGACAAAAACAACCAGAAGATCACCGTCTGTTTCATCGAAAATATCGATGCGATGGGCGTGCATACGGGCGACAGTTTTTGCGTGGCGCCGATGCTGACCGTCCCGAAAAAACTCCAGGAAAAAATGCAGGAGCTTTCCTATAAAATCGTTGACGCCATCGGCGTGGTCGGCGGCACGAACATCCAGTTTGCGCACAATAAGGCCGATGACCGCCTTGTCGTCATCGAGATCAACCCGAGGACGTCGCGCTCTTCGGCCCTGGCCTCCAAGGCCACGGGTTTTCCTATCGCCCTTGTGTCCACGCGGCTGGCGGCGGGGCTCACCCTTGATGAGATCCCATATTGGAAAGAAGGGACGCTGGAGAAGTATAAACCGAGCGGGGATTATGTCGTCATCAAATTTGCGCGCTGGGCCTTTGAGAAATTTGCGCAGGCCAAAGACGTCCTGGGGACCCAGATGAAGGCCGTCGGCGAAGTCATGAGCATCGGCAAGAATTTTAAAGAGGCTTTTCAAAAATCCATCCGGTCGCTTGAAATAGGCCGCCACGGGCTGGGCATGGCCAAGGATATCAGCAGTCTTTCGGCTGAAGAGCTCCTGGACCGCCTTTCGATGCCGTCGAGCGAGAGGGTGTTTTTGATGTATGAGGCCCTGCGCAAAGGCGTCAGCGTCAAAGAGCTCAATAAGCTG
CP019384.1_gap8	457373	460075	2702	CTGCGTGATCCCGCCGAGGTCCATCAAGCCCAAACACATCGAGACCATCATGAGATATACGGACATGATCGCCAAGAGCCTGGAGGTGGTCGGGCTGATGAATATCCAATATGCCATCTGCGGCGACGAGGTTTATGTCTTGGAGGCAAACCCGCGGGCCTCCCGCACGGTCCCCGTTGTTTCCAAGGTCACGGGGATCCTGATCGCGCGCATCGCCACGCAGCTCATGCTCGGCAAAAAGCTTACTGATTTTCCTCAACTGAAACGCAGGTTCAAGCCGCCCATGGTGGGCGTCAAAGAGGCCATCTTTCCTTTTAATATGTTTCCCGAAGTCGACCCTGTCCTTGGCCCCGAGATGAGAGCGACGGGCGAGGTGATGGGCGCTGCCGATACGTTTGAAGCCGCCTTCTTCAAGGCCGAGGACGCCGCGGGTTCGAGGCTTCCCCTTCAGGGGACCGTTTTGATCACTGTGACCGACAGCGATAAGAGGGAGGCCATCGGGTTGGCGCGCAAACTCAAAGAGCTGGGGTTCAACATTTATGCGACAGAACACACCGGACGCCATCTGAAAGAAAGAGGCATCGAAAACAGGGTGATCATGAAATTGCATGAGGGCAGGCCCAATATCGCCGATGCCATTATCAACAAAGAAATCCAGTTGATCATCAACACGCCGGTGGGCAAGTCCGGCAAGGTCGACGACAGCTACATCCGGATCATGGCCATTCAGCATAAGATCCCGTATATCACGACGATGGCCGCGGCCAAGGCCAGCGTCGATGCGATCGAGGCCATGCGCAACAAAGAGATCGTTCCGAAGGCGCTGCAGGATTACCATAAGGGCGTGTAGGGCCGCCGCACAAGCGGAGGGTTTAACCCAGAAAGGGTAGGCCTCTGCATTCCACATAGCGGAGGGTCTAATTCCGCCGGAGGCGGAAGGATTAAAGCAATCAACATTACTCCTTGCGTCTAATCACTTGGAAATTTTCGCCAGGGTAGGCCGTCGGCCTGGCGTAGCCGGCCAGGACGGCCATCCGGCAAAAATTTCCTGCGTAGCCGCAGGGTTAATTTTGCAAGGAATAGGAACTCTATTATAGGCAAAATTAAGGAATAAGCGTTGACCCCTCGCTTAAGCACTTGAGAATTTTAGCCACGACGGGTCGGCAAAAATTCTCTGCGTAAGCTCGGAGTTAATTTTGTAAGGAAAGAGACCTCGATATAGGCAAAATTAAGGAATAAGCATTGACTTCTCGCCTAAACACTCGAAAATTTACTGCCAGGGTTGGCTTGGCGGCCAGCCGGCGTAAATTTTCTTCGTAGGCTCGAAGTTGATTTTGCAAGGTAGGTAACCTCGCTATAGACAAAATCAAGGAGGGCAGTATGAAGACGAAGGAGATCCCGGCCGACAAACTGAACTCTAGGCTTTTCATCGCAGAAAAAGTCAGGGACATCGACCGGGCCGTCAAATCCGGTTTTGCCATTAACGCCCTTTCCGGCGGCGTGGATTCATCGGCTGTCACCATGCTGGGGCACAAGGCCCTGGGCAAGAGGCTCAAGACTTATTTCATCGATAACGGCATTATGCGCCGCAATGAACCGCGGCAGATCGTCCTTTTATTCAAGCGGCTGGGCGTTACGGTGGATATCATCGACGCCAAAGAAAAATTCTTTAAGGCCCTCAAGGGGGTAACGGACCCCGAAGAAAAGAGGGAGGCCATCACCAGGACATTCTATAAGGATGTCTTCGGCAGTCTGGTGAGGAACAGCAAGGCCAAGTATCTTTTGCAGGGGACTATTTTGACGGACGTCGATGAGACGGTCGCCGGCATCAAGCGCCAGCACAATGTTTTCAAGCAATTGGGGATCGACCCGCAGAAGGCCTTTGGTTATAAGATCCTGGAGCCTCTGGTCCAGCTGCGTAAAGACGGCGTGCGCAAGGTCGCCCAGGCGCTGGGATTGCCGCCTTCAGTATTCAGCCGTATGCCGTTTCCCGGGCCGGCCCTGGCCGCTCGCGTGATCGGCGAGGTGACACCCGAGAAAATCGAAATGGTGCGTCATGCCACGGCCATTACGGAAGAGGCCCTTGTCTCACAGAAGGCGTTTCAATGCATGGCCATTCTTCACAACGACCGGGTCACGGGCATCCGGGACGGCAGGAGGGATTTCGGCATGCAGATAGAGATCCGTTGCTGGGACAGTATCGACGCCCGCAAAGCAGAGCCGACCAGGCTCCCTTATGAGATACTCAGTCTTCTGGCGAGGCGTATCGTGACGGAAGTCCCTGGCGTCGTGAGCGTGACCTATAACATCACGCCCAAGCCGCCGTCGACCATGGAAGCGATATAAGACTGTTGAGCCGATAAAAAAATATTGACAGGTCGGCAAAACGGTTATAACATTATATCTTTCTGAGTGCATATATACAGGTTCATGCGTGTGGAGTAGTATGAGACAAAGACGTCCATATGATCTTCTGGGGACGTCTTTTTTTTGCACCTAGTCCCCGAAAGACACGCATGAGCGGCAATAGAGACAGATAAAATCAATGAAGATTTTAGACAAAGATGTCTTGGCGGATCATCAAGGGGTCCGGATTGTCAGGCTGGCCATCCAGGCGCCGGATATCGCCGCCAAAGCCAGGGCAGGACAATTTGTCGTCCTCATGGTCAGAGAAGAGGGAGAAAGGGTCCCTCTGACGATTG
CP019384.1_gap9	461513	463387	1874	AACCTCTGCAATGTCTATTCCGCCAATGAATTTTTGACCAGGGTCAATTTGATGAATGCGCATTTGTTCCCTGTCAGCCACACCCCGATCAATATCGGCAGACATATCGTTGTGATCGGCGGCGGCAATACGGCGATGGACGCGGCGCGCGTCGCGATCAGACTGCAGCATTTGGCGGGGGTCCCGCCCGACACGACTATTTGCTACCGGCGCACGGAAGTCGAGATGCCGGCGCGCAGGCTTGAAATTGAACATGCCAAAGAAGAAGGCGTCAAATTCGATTTCCTGGTCAAGCCGGAAGAATTTTCAGGTGATGAAAAGGGGTTCGTCGGAAAGATGTGCTCCAGCCGCTGCGAGCTCGGAGAGCCGGATAGCTCCGGAAGGCGCAGGCCTGTGGTTATTCCTGACAGCCATTTCGAGGTGGATTGCGATCTGGCCGTCATTGCAGTCGGGTTGGGCGCCAACAAGATCCTGACCAGCGTGACGCCTCAGTTGAAAACCGATAAATACGGCGACGTCACCGTGGATCCCCAGACCATGGAGACGTCCATCAAGGGTGTTTTTGCCGGCGGAGATATCGTAGGAGGAGAGGGGACTGTGATCGAGGCCATGGGCATGGCCAAGAAGGCGGCCAGCGCTATCCTTGATTACCTGGACAGGAAATCCAAAGATTGATTTGTAAGGAATAGGAACTCTATTATAGGCAACATCAAGGAATAAGCGTTACCCTTGCGTCTAATCACTTGGAAATTTTCGCCAGGGTAGGCCGTCGGCCTGGCGTAGCCGGCCAGGATGGCCATCCGGCAAAAATTTCCTGCGTAGCCGCAGGGTTAATTTTGCAAGGAATAGGAACTCTATTATAGGCAAAATTAAGGAAATAAACGTTACTCCTTGCGTAACCATCTTGACAATTTATGTCTGCGGCCAGCCTTCACAGAGTTCAGGCGGGCAGCCATAAATTCTCAAGATACGCTTCGGAGTTAATCTCGCCAGAGGCGAGATTAAGGAGGAGACATGAAGGCCAAGGTCGAAGAAATGATGGCAAGCGTTATCATCAGGAACCCGGGAGAGCCGGAATTCCATCAGGCCGTCCGGGAGGTCGTGGAATCATTAACTCCTTTTCTTGAAAAGAACCCTAAATATAAGGAAGCCAAGATCATCGAAAGGATGGTCGAGCCGGAGCGGGTCATTATGTTCCGCGTGCCGTGGGTCGATGATAAGGGAGAAATCCAGATCAACCGCGGATATCGTATTCAGATGAACAGCGCGATAGGCCCTTATAAAGGCGGCATCCGTCTGCATCCGAGCGTCAATCTTAGCATCCTTAAATTTCTCGCCTTTGAGCAGGTCTTGAAAAACAGCCTCACCACTCTTCCGATGGGCGGCGCCAAAGGCGGCTCCGATTTCGACCCCAAGGGCAAGTCGGATAACGAAGTCATGAGGTTTTGTCAGACTTTCATGAGTGAACTTTTCAGGCATATCGGCCCCGATCTCGATGTCCCCGCCGGCGATATCGGCACGGGCGGCCGCGAGATCGGCTTCATGTTCGGCCAATACAAGAAGCTCAAAAATGAATTCACAGGCGTTTTGACAGGCAAGGGATTGAGCTGGGGCGGCAGCCTGATACGTCCTGAAGCGACCGGTTACGGCTGCGTCTATTTTGTCCAGGAAATGCTCAAGACGCGCGGCGAATCGCTGAAAGGAAAAGTCTGCGCGGTATCGGGTTCGGGCAACGTGGCCCAATACACGGTCGAGAAGCTTATTCAGCTCGGCGCCAAGGTCGTCACCCTCTCGGACTCGGACGGGTTTATTTACGACGAGGGCGGTATCGACCAGAAGGAATTAAAGTGCGTCCTGGACTTAAAGAATGTCCG
CP019384.1_gap10	482501	485460	2959	AATAATTTCATTTCCATTGTTTTATTTTTTGTCGCGTTTGTGGCATTCGGCGGTACGCCGGGGGCATTCTTCGACATGTTTTTTTCCAAAGACATCCCCATGGTCATCGCTGCGTCTGGCGCCGCATTCTGGGCTTTTTTCGGAGTCGCTTTATTGAACTGTATTGCAGATGTCGTCTTGACAGCATCGGATTATTTGGGGTTTGACAATTAGGACATTCCAGGGAGGTATTGTGAAGATCGTCAGGACTTTTTCAATCATTTTGGGCGTCATCTTTCTTGTCATCATCGTTCTTTTTTGCACGACATTTGCGGTCGTCAAGCACCTGAAGATCAAAGACTTGGTCGAGCAGGAGATCGAACAGCAGTTGGGCATCAACGTCATGATACAAAAACTGACCTACTCGCCGCTATTGACCCATGTCTGCGCCGAAGGGGTCACCATCTATAATCCCGTGGGCTTTGACGAAAAAGAGCTGGCGTATATCAACGCGATCCATCTCGTCTGGGACCCGGGGGCCGTCATCACTCAAAAGAAACCGAACGTTTATCTTTTAGCCGTCGACCTCGAACGGCTCTCCATCATCAAGAACCTGGAGGGCAAGGTCAATATCAAGGAACTGGTGCCGATCAAAGACTCGGGGGCCGTCGGCAAAGATAAGACGCCTTTCTTTTTCGACGTTCTTGTGTTGAGCATCGGGACGGTCAACTATACGGAATACACCCCCACCGGTAAAAAGGCCCATCTCTATACCATCGGCCTCAAAGACCAGGCATTCGTCCGGCTCCAGGATGAAAACGAGGTCGTCAGACTGATCATTTACAAGGCGATCCAGAATACGGATGTCGGGAAATTAATCAACCTGGCCCTTGCGCCCGCCCTGTCCGGCGTCTCCGATACGATCGACGCTGCCTGGGGGACGGCCAAGACAGGCGCCAAGAGCGTCCTTCAGATCGCGTCCATGCCGTTCAAGATGATATTAGGGAAGTAGTTTTTCCTGCCTCCAAAATTCCCGGAAAAAATGACTTGCATTCTGTACGGTGTGTAGGTATAATAAATTTAACATTTCTAACATTTCATACAAGTCATACTTGAGGGTTTGGTGTACGGGTCAAGAGGCGCAAGTTAAATGACCGCTTGTGTTTTATTAGGGAACGCATGTAAAAGAGTCTGTCGGAGTCATGAAGGAGGAGCGTTATGGATCATTCGATGCATCCTAAGGTCTACGGGACCGTCACCCTGGGCGCCAAAGGCCAGGTCGTCATCCCCGTCGAGCTGCGCAAAAAGCTTAGTCTCCACGCGAATGACAAGATGGTCGTTTTGTCGAAGGGCAGAGGCATGATCGGGCTGGTGCCCGTCGAGGAGTTCAACCGGTTCCTGACGGAAATTTCCATGTTGCGCGAAGCTTTTGAGGCCAAAACGAAATAACGCGATGAAGCTACGCCTGTTTTTTTCCATGGTTTTTACCGTCATCCTGTGCCGTCCCGTTTGGGCGGCGGAGACGTTGACGTGGGGGGATTGCGTCCGGGAGGCGGCCAAGAACAATCCCGACCTCGTCGTGGCCGTCGAAGGTGTCAAACAGTCGACGGCGGACAAGCAGATCACGGCCAGCACGCTTTATCCGCAGGTCACCTCAAGCGTCAGCGGCACGACGGGTAAGGCCGCCGGCGGGGGGACGTCGGACACCTATGCCTACGATGTCTCTGGCTCACAGCTCGTCTTTGACGGCTTTAAGACCGTTTCGGACGTCAACGCCGCCAAAGAGAACGTCCAGGCATCCAGAGAGAACTACCGCTTTGTGTCGTCCGATGTCCGCCAGCGCCTGCGCAGCGCCTTTGTCGACCTTCTCTATGCCCAGAATCTTGTCGATGTGACAGAAGACATCATCAGCATCCGCAAGTCCAATCTCGTCCTTATTTCCTTAAGATACCAGTCCGGCCTGGAGCATAAGGGGGCGCTTTTGACCGCCGAGGCCAACCTTGCCGAGGCAAAATTTGAGCTGGAACAGGCCAAAAGGGACGTCACGGTGGCGCAATGGCAGTTGACCAAAGAAATGGGGCGAAAAGGTTTCGCGCCCCTTGAGGTCAAGGGTGATTTTGAGGTGACGGAATCGCAAGGACAGGAGCCGGATTTTCAGGCCATCGCGGCTAAGCATCCTTCCCTGCAAAAGACGGTAGCCGAAAAGAATGCCGCTGTTTACGGCGTCAAATCCGCCAAGGAAAACTTTTTCCCCGTGGTGTCGGCCGACACAAGCATCGGCAAATCGGGCAGCCACTGGCCGCCTCAGTCGAATACATGGAGTCTGGGGTTGGGGTTGTCTTTGCCGTTGTTCGAAGGAGGCCTTAAAACCGCCGAGCTCAACCGGGCCAAGTCGCTTTTGACAGAGGCCCAGGCCACCGAGCGCAGCACCAAGGATACCGTCCTGGTGACCCTGGAACAGACGTGGGCGCTCTTGAAAGATGCCGTCGAAAACGTGAGCGTCAAACAGAAATTTTTGATTGCGACCGAAGAACGTTCCAAGATCGCCCAGGCGCAATATTCGATCGGCCTGATGACTTATGACAACTGGACGATCATTGAGGACGATCTGGTGTCGGCGAAGAAAAACCTTTTAAACGCCCAGGCCGCCGCGCTTCTGGCTGAGGCCGATTGGATCCTGGCGAAAGGAGAGACCCTGGAAAATGAAAAATAATCTGCGCAAGTTAGGTATCGGGCTATTGGTCGTGGCGGGTCTTGTCATCGTGAAAATGGCGGTCTTCAGGGGCGGCGGGGCGGGGAGCGAGGAGGGGCGCATCGTCAAGCCCGCTGTCGGGACGATCCATACGATGATCTCGACGACGGGGACCGTTCTTCCCAAAAACCGCCTGGAGATCAAGCCGCCGGTCAACGGCCGTATCGAGAGCGTCCTGGTCAAAGAAGGCGAGAAAGTCAAGGTGGGGCAGATCTTGGCGTGGATGAG
CP019384.1_gap11	594139	596823	2684	GGGACTTCTTGGATTATTTTTACCGCCGTGGCCGGCGTGGTTATCTCCAGGGTTTGCGCTTATTACTTGCCGGCCGTTGAGAATACAATCTCGACATACACCTGGACAATCATCCTTGCCTCAACCCTGGGTGTTTTGTTGTCGCTGACGCCGGCAAGGAAACTTGAACAGTCAAACTCGACCCTGTTCGGCTACTGGCTTTTATATTTTGTGCTTGCGACTATCGGCGCCAAGGCTTACATTCGCGATCTCAACGCTGCTTTGGTGCTTATTGGGGCGGGGTTTTGCGTGATCATTTTGCACGGCTTGATGATCGCCGCCTCCGCCAAGATAATACGCGCACCGATGTTTTTGGCAGCTGTTGCCAGTCAGGCGAATATCGGCGGCCCGGCCTCTGCGCCGGTTGTGGCAGCGGTATATCAGCCGGCATTGGCTTGCGTAGGAATCTTAATGGCGGTCTTGGGAAATTTGCTTGGAACATACACAGGCATTATCACCGGTTATGTCTGTAGATTAATTGCAAAGGCATGATGCGTAAACTATCGGTTCTGTTTGTTGCTTGGATAGGGAGGCGGTTTATTTTTAGGAGCCGATGAGCGCACGCGTATGTGGAAGGGAGAAGGTCTACCCTTTTCGGGTTAGGTCCTCCTCTATAACGGTATGCGGAGACCTACCCTTTCTGGGTAACCCCGCAGAGTATCGGAAAAATATCGAAGAGATTTTTCCGATATCTTACGAGGCACAGGTCTCCAGGAAAGAAACCCCTGGCTTTAGCCAGGGGAAATTCATTGTGAAGCGTTGTTTCGAGAAAAAAGGAAGGGCGACATGAACGTTAAAGGTTTTTGGGTTTGTTTGTTACTTTTTTCTTTAGTTTCTTTTAACCTAGCATATTCTCAAGAAGAGTATGCTTGTTCGGGCCAAGCGAAGGAATTTGGATTGGAAGGTTCTCGATTAATGCAACAGGGCCGTTTTCTCGAGGCAATCGATAGCTTTAAAAAAGCTTTGAATTGTGACTCGAAATGTCTGGTTGCCTATTTAGGAATCGGGGGTTGTTATTCTTCTCTGGGAGAGTACGAAAAAGCAATAGAAACATATGAGTCGGCTATTAAAGTGATACCGAGATATGCTTCGGTTTTTCGGAATAGTATCGCAGCGCAATATATGTTTCAAAAAGAGTACGAAAAAGCAATAAGTTATCTCAAGGAATCGCTGGAATTATTTCCTGAGGACCAACAAACATTTCTTGCTTTAGGCAGCGCTTACTATAAAGCTGGAGATTTCCTGAATGCAAAGGATAATTTTCAGAAAGCATTAAATATTAGTTTGAAGAAAAACGATGATGCAACAGCTAAAGTAGCGCAAGACGCCCTAAACGCAATCCCGTAATATTTCGTGATATAATTACCCTGCACCAGAAAGCCCGGGACTCCCTGCCTTTCCGGCGGGCAGGCTGTCCGGAGATGAAGGTTTGGCGCAGGATTTTGCTATGCACCGAGAAAATAGAAGCCGCTGGCTTTTAGCCGGCGAGGTCTCGGCAACGGCGGAAATGCGTAAATCCTGCGCTACGGCCCGCCACCCTGTGGCGGGCGAGGTCCCGCCGAAGGCCGGATGAGATGTCGTTCGATCGCTGGAAGGCGGACAGGCACCACGGCTCGCCTCTCGGCGAAGCCGAGGGCTGTAAAGCCGTTGGGTTCCATAAACCAAATTCTATGAAACAAGAAGTTACGCTAAAGAAAGTGTTTAACTGTATTCCGGTCTGGTCGTTGGTATAAACGGCGCGAGACAAAGTCGCCATGTTTAGATTTCGAGCGGTTTTGGCGAGAAAACTATGAGGATGATTTTGGGAATTTTAAAGATGCTGGCTGATTGCGGTTCAAAGGGTTGTGGAGATAAATAGAGCCATCTAAATTCTTAGTAAAGGAGTTAGTGCATATGGTTAGGTTAGCACGTTATATCATTCCGGTTTTTGTCATTATTTTTTGCGCATGCGGTTGTAATCCTCCTGCGCGTACGCTGCCGTTTGCCAATGCTCTTTCATCGGACAATGTGCCTATTGCCTACGCGGTCTACGGTCGGACGACCGAACCAACCGTGGTTTTTGTGCATGGGTGGTGTTGTGACAGCCGGTACTGGCATAATCAAATCCCATATTTTTCGAAGAAATACCGAGTAATTACTATAGATCTGGCGGGACACGGTAATTCCGGTTTCGGCAGGAAAGTTTATACCACGGAAGCGTTTGGTCAAGATGTTGCATCGGTATTGCGGAAGCTGAATGTGAAAAAAGCGATCCTGGTGGGACATTCCATGGGCGGGGAGGTCGTCCTGTATGCGGCTAAAATCGCACCTGAAAGAGTAATCGGCCTGGTCGCTGTTGATACTCTTGAAGATATGGGGATGGTTTATCCGGATGAAGTAAAAAACAAGATATATGAGCCTATTGCCGCGGATTTTGTGCCGGAAGTACAGAAGTTTGTCCGCACTATGTTCCCGGTCAACACCGACAAGGAATTGGTTGATACTATTGCCCGTGATATGTCGTCTGCGCCGCAGGAAGTGGCGTTGAGCTCGATGAAGGAATATTTTAAGGTGTCTGATCCGGAACTGATAAAAGGCCTTGCCGTGCCGCTAAAAAGTGTTAATGCCGATCTCTGGCCGACCAATGTCGAAGGCAATAAAAAACT
CP019384.1_gap12	598327	602305	3978	TTTTGAAAACCCATACAAGGATCAAGAAATCTATCGGAACCATTTCTGATGGTGAGTGGGATTTTGTATTCATGTCTAAGGAAGACGATGGCCGTTTAGTACATGTAAGAGTTTTTCTTTTTAACATTTTTAGTCAATAGTTTTTTAATATGACTCTCAGGGGATATCTCACAGTAAGACAAGTTGCTGAGCATCTTGGGTTGACTGAGTATAGGGTGAGGCAGCTTATCCGGGAAGGGCAGATTCGCGCCACGAAGATTAAGTAATGGAGGGTCTTGCCTGCGGATTTAGATGAGTTTGTGAGGGCGAGGACGAATAAGTAGAAAAGATTTTAAATATATGGTTACTTAACGGAGGTATAAAATGTCAAAAAAAGAAAACATTAAACTTGTTTCTCCTGAGGACATAGATTTTAATCCTAATAATCCTCGAGGACAAGATTACGAGGACAAGGATTCCATTGCTTTGGAGGAATCTATCCGGCAGTATGGAGTAATGGTTCCCTTGATTGTTTATGAGAATGACAAGAAGGGTAGACCCTACATTTTACTGGATGGCGAAAGAAGACTTAGGGCCGCTCAAAAAGTGAAAACAGGTTCGGTGCCAATCCATATTCTCGACATTAAAAGAGATAAAAATGAGGGGTTGAAGCGGATGTTTCAAATCCATATGTTAAGGGAGCAATGGGAACCAATGGCCCAGGCTCAAGCTTTGAAGTTTTATGTTGATTTGATAAAAAAGGACAATAAGTCAATCGCTGATATGGAAGTCACCAATAAAATATCAGAGATAACTAAAATGGATAAAAAAACAGTCGAGGATCGCCTTCGCTTATTGAGATTCGACAAAGATACTCAAGAAAAAGTTCTTGAAAATAAAATCGATGATAGCTATTTGGTTCAAATAGAGCAGAATTTTGTGGAACAGTTAGACAAAAATGTATCTCGCAACTTTTTTAGAGACTATTCAAAAGATGAAATAAGAAAGAAATTAATAGAAAAAGCAGAAAAAGGTCTTCTCGGGACAACACGTGCCTTTTTTTGGGTGCCGGATGCGATTATGACTTGCAAGAAATTAAATAAAATTGAGATATTCGCATCCTCAGCAAAAAAACTGATAGAAGACATTGAATATACGGTAGAGGATTTGAAGAATGATTTAGCAAAAAAAGTGCAGATTCAAACCTTAACAGGAAAAGTAACAAGCCGCGGGTTAATCAAGAACATTAATAAATTGTGTTCACAGCTTTCCGAATTCGATATGTCTAAGGAATCTAATAAGAAAAAAAAAGATGGTATAGTTTTGTTTTTAAAAAAATTAAGAGATGCAATAGACCAGATAATTAAAAACGGATAACTCAAACACTATGTCAAAAAGAGAAGCCTTTCTGGAAAAGATAGATAAGGTATTAATACAGAAATACCATTGGAAGATAGTTTCGGCAGATGAAAGAAAACGTTTGCTGAAAGATATTAAGTGGTATCCAGACCTTTTTTATCGAAACGATTCGGCCCTGATAGCAATAGACATAAATCTTAGCAACGATTTCCCCATTAAAGGCGCTGGCGAGATACTTAAAGCGACAAAAAAGATAAAGAATTTCCAATTTTACTATTATGTCCCGAATGATTATGGTTACGACCAAATTTTTTCGCACTGTTTTAGTCGTGGATTCGGGATAATGCGATTGGACAACTTATCTTTTTCTGTCCTTCTTGATCCTAAAGCAAAAACATTAAATAGAAATAAATATAAGCAGTTAGTCGATAAAAAAATATCTCAAGAATATGGGCACATCCCGAATAAACTATTAACCTATATCAGTCGCCTTACTCATATTTCTTATAGAAATATTTTAAAAGAGTTTGTTTCGAAATATTCTGCTCTTCCAAAGCGCAAGGACATCTCGGAAGAAGAGTATAATTTGGTTGACTCTACAATAAAGAAAATATTCGATAATAAGAAATTTCATTATTCTTCTGAGCAGTATTTAAGATTGAAATATTACGAGCCTTTGCTTAAGGGAACCAGAGAGCACTACTTGCATTCTTTTCAGGTTATGTTATTAGGGTGTGTAATAATCGATGAATATTATGTTGAATTTGAAAAATATTATAAGAATATATTTCCTAGAGAAAAAAATTTCTCAATCGAATATGTGTGGCTAATAACCTCTATATTTCATGATATTGGTTATCCTTCGCAAAAAGCAAGTAGTTTAATCGGTGATCTTTATGGGTATAGCGAAGACATAGAAGTGGCGGGATTGGACAGAATTGCTGATAAAAGTGATTATCTTCAGGCTGCAATACAACTCCAATCTTTTCTTAGACACTGTTGTTGTAAACGTATCCTTAATAATTGGACTCCTGAAATATTAGAAGATGCTGATTCAACAATTAAAGACATTTTAAGGGAACATCTGATAAAACATAAATCTCATGGGGTAACGTCTTGTTTTCAGTTTCTTACGAGAGTTTTGCGTGAATCAAAGGCTGTAAATAATCGCCCAACAAGGCCATTAATTGTTACTCATGTTATCCCTGCAGTGGCTTCCATAGCATTACATGATAATAGAATTTGGAAAGAGTTCAGAAAACAAAAGATTTTCCCGATAAATATCAATAGGTTCCCTTTTGCTGTGCTTCTGATTTTTCTAGATAGTCTTCATGATTGGAAAAGAAATAATTCTAATGAAGAAACACCTGAGTTTGCCATCTTTGAAGGTTTCGAATTTGGCACAGATTATATTGAAGTAAAGGTCAAATGGGCAAATCCAGAGCAGTTGGCGAGAAAATTACCTGAATATAAAGATGTAATGAATACCATAAAATTTAATGGAATTAAACTAAAATTACCAGATATTTTATTAAATAAAAAATGAGTAAAATTTTATTAGTCGAACCGAATTTTCCCATTCCAGCTAAAAGTAAAAATCATAGGGACTTCTTGCCTGTGGGATTGTTGAAGCTTGCAAGCTTTCATAGGAATAAAGGAGATGAGATAAAATTAATCAGAGGCAACCAGTATTTTGATGATTTTTACCCCAGTCAAATCAAGATAACATCGCTTTTTACTTATTGGTCTAATTATGTATGGGATAGCGTTAAGTTTTACAAGGAGGCTTATCCTAAAGCAAAGATAGTCGTTGGGGGGATTTATGCTTCGTTAATGCCTGAGCATTGCAAGCAGTCAGGATGCGATGAGGTTTTTGTTGGTGTTGATGAAAGGGTTGAGAAATTCAAGCCTGCTTACGATTTAGTTGATGTTGACTATCAGATTGCACATACGAGCAGAGGATGTCTCAGAAAATGCAAGTTTTGCGGAACATGGAAGATTGAGCCGGAATTTATTTCCAAAAAAAGCATAAAAGATGAAATTTGTAGTAATAGGATAATCTTTTATGATAATAACCTATTGGCTAATCCGCATATAAAAGAAATACTTGAAGAGCTAAAAAATGCAAAACACAATGGAAGGGTTGTTTACTCTGAAAGCCAGTGTGGGATCGACGGGCGGTTGCTTACTTCCGAGGTAGCTAAATTACTCAAACAAGCGCGTTTTCTGAACCCTCGCATAGCTTGGGACCATGGGTATAGCCAAAAAAAGATGATAAAGAAACAGATAGATATGCTTGTAGCTGCCGGCTACCCAAGAAAAGAAATTTACATTTTTATGATTTATAATTTTGAACAGGATTACCATGAGATGGTCAAAAAGCTTAATCAATGCCAGAGGTGGGGGGTCCAAATCGCTGATTGCAGATACAGGCCTTTAAATCAGATATCAGAACATTATAATCCTCGAAAGAGGCAAATGAGTGATGAGTATTACATCCATCCCAGATGGACTGATAGGCAGATAAAGTTGTTCAGGAGGCGAGTAAGGAGGCAAAATATTAAGGTGAGACATGGCTTCTCCTTTTATAGCAAAAAACTCGAAAGGTTAGGCGCAAGAAAGAAGCGTGCAGAGTTGATG
CP019384.1_gap13	603617	604414	797	TAACTATCTCAATAATCCTTTTATCGTAAATAAGGTCTCTTTGTATTTGGGGCATTTTAGCGCTCGTGGCATCACGAAGGATCCGGTCCTTCGAAAGGACATGGAGGATTTTCTTAAGAACGACTACCCGCAGGCATTGGGAAGGATGCTGAACAACAGCAACGCGCAGACGCAAATAACCAAGAAATGGTGGCCGGGGGATGAGGATGTAGTGGCGAATTACGACTCTGCTCAACGAAAGAGATGGGAGAATCTGGACTCTCGGCTGAACGACTACATCAAAAAACAGATCGACACATGGGGATTGGCAGGCACATTTGTCAATCTGTTTGTAGATTATAAGGCTTTAAAGATTTCGTTGCTTTCCAGCGAGATTGGAAAATCAGCTGCTCAAATAGCCTCTGGCGAGGCTGGCTATGGCATAAATCCTCAAGGGATTTCCTTGAGCTTGCTTGCTAGAAAGGCGACGGGTGCCTTTGCCTTTCTAGGTTCTACGGTAGGCCAGTTTTTCTCAAGTTCTTTGGCTGAGTTTATGATCAAGGCCCTGCCTTATTTGGAAGGGTATGCTGTCATGATCATCTACAGCCTTTTTCCTTTTACGCTTCTTTTGTGTCTGTTGTTTAGGACCCCAGAGATCCTTAAAGAGTATTTCATCTATCTTTTCTGGGTTAAGTCCTGGGTGATTATCTGGGCGCTTATCCATTACGCCTCTCTTTACATGGCCGCGCTACAGGCCAAGTTAGCCTCTGGCACCACCAGCTCTTGGTTTTTCGAGAGGCCTTATTTTAATACGGTGA
CP019384.1_gap14	769367	770686	1319	TGGTAATTATGTGAAATACGATTACGCTAAAGATGGCGGGAGGGCCTATTTAGCGCGTATCACTTATACAGGTAATGAAAATTCAGGCGTTGTTGGTAGGGATACGGTTGATTTTGTTTTGGGTGATCGGACGGACCATATATTTAGTTATATTGGCGGGGCCAAGATAGAAACATCCAAGCGTCTTAAAGAAATCCAGGTGAAGTGCAATGGCGATTTGGTTTGGCGTTATATCATCGGATACGGCAAAAGTGACGATACGGGTCGTTCGTTAGTAACATCATTCCAGCAGTGCGCAGGAGACGGTGTTTGTTTTCCCGGTCAAATCTTTGAGTATCAGGGCAATAATTAATCCAGTTTGCCAGAATTCCCTGTCTGCCGTGAGCGGCGGGCCAGGGCTGAGGGCAGGATAGAGGTATTTATGAGAAAAATAGTCTCGGTTGTTTTGATTTGTGCTCACATATTGGTATTCGGCGGCACCGAAGAGGCATTGGCGTTCAGCATGAGTGGTTCAACGTTGATGATGCAAAGCGGTGCCATCGTTCAGGGCGCAGGCAGTCGTGCGGCGTCGAGCTTTAGTGTTATTCAGGATGGCTTAGGCGAAGCGTGCGTTGGCGGAGGCCGTGGTGCAACTTTTATTCTGGAAAGCGGTTATATTGCAACAACTAAATCAAATCCGCCTGTATTAGCGCAGACCATCTCTAACCAGAATTGGCAGGAGAATGAACTTAAAACGAATGCGTTTGACCTGGATGATTACTTTTTGGGTTTTGACGGCCATGCCTTGGATTATTCGGTCAGCGGCAATCAGAATGTTGTGGTGCAGATAGATCCTGTGACACACGAGGTGAGTTTTTCACAATCTCCGGGATGGAATGGGACAGAGGAGGTCATATTTAAAGCAGAGGACACGGGAGGAAATTCTGTTTCTTCAAATGAGGTAACTTTGCAGGTAGAGGGCGTGGCTAATGCGCCTGTTCTTGACTTCATCCCGGACATTTATGTGGATGAGAACCAGGAAATTGTGATTACACCGCATGCGACTGACTTGGATAATGATGAGATCGTTTATGCATTTAGCGCGCCGTTCGATGCGCAGGGCCGGTGGCAGACAGACTTTGATGATGCGGGGATGTATGTCATCACTGTCACGGCCACGGATGCCACCGGCCTTGTCGCCAGTCAAAATGTTAAGGTCAATGTCAGAAACGTCAACCGTCCGCCCGTTCTAGTAATCTTGCCTGATATTACAGTTCAGGAAGGTCAATTAGCGGTTGTGACTCCTCAGGCGACTGATGCGGACGGCGATGCCGTCACTT
CP019384.1_gap15	883643	885490	1847	CGGCAGCCAGGAGATGGTCTGCGATATCTTTCGGCCCTTCGGTCCCCCCTGTCATGTCAACGAAGATCTTTCCTGTTTTGTTCCTGGGTGCGCCGAAAAGGATGACGGGCGGATTGTTGTTCTTGGCGGCGATCTTGTACTCGTCTATATCTAAAAGAAGGTCTATGACGTCTTTGAGCTGTTTTGGTTTCTTGCGATCAAAAAGTTTTTGCAGGAAGCTGACCGCGTGGTTGTCCGCCGGCGTATGCGCGCAGATGAAGGGGATTCCCAGAAGCTGGGCCGCGTTGGCCGCCCGTTGATGATTGGCTGCGTGGATCCTGCGCCCGACCTCTTTGAGGCGCTCTCCGAGAAGGCCTTCAGCTACGTTAACGGGAATGCCGATCTGTTCGTAGATGTCCGCCTGCATCCGCATCACTTCGTGAAGGCCGGCAAAGCCTTTTCCTTGAGGATGGTGGCTTAAAGCCAGATCGATCTTTTGGCGTCCTGCGCCGCGTGCCGATTCGTTGAGCCGGTCGATGAGCAGGAGCTCGGATGTGTCGATATCGATGCCCGCCATGATGGTCTTGATCTCTTTGTCCGGCTGGCCGTTGAGGAGCCGGCTGTCGTCATAGGGGTTTTTCAGCTTGTCTGTGTCAAACCACGCCTTTTCTTTTGCGGAGAGCGCGGCATATTCTTCGCTCGTTTGTTTAAGACATTCCTGGACGGTTTTGGCGCCTCGTGGGTCTGCTTCGATGCCCGATGCGATGATGAATTCGTAGATTTTTTGGAGTTTCATCTTATGCGGGGCTCCTTATTTGTTTTTCGATATGTTCCGCGGCCGCGCGATGCGGTTAGCGTTCGATGGCCCTGAAAGGTTCGGGATTGAGCTTTCCTGGGAAGAATTTGCCGATCAGCCCTTCGTAGCTGCCTTTATAAATGGCCGGCGCCATAGCGATGAGCTTGTGTCCGAACAGCGACGACTTGGCGCTCACTTCCAGGTACTGGATCGTTGAGATGGTCATGATGAAGAGGCCGATGCTGCAGATCCACAGCCCCCTTACAAAACCGATGAAGAGCCCGGCCCACTTATCTACGACATTCTTGGCTTCGATCTTGATAAGGAGAAAGAAGGATTCGCGGACGATGCGGATGAGCAGCGTCACCAGAACGACCAGCGCGATGAAGACAAAGACATCGCCGGCATCCAGGGGCAGGGCCGGGAGCTTTTGATTGAGCATGTCCGATAAGGGGGTCGTATAGACGTGGAAGGCCGTGACTGTGACAAGCCAGAGACTGAAGAGCTTGAAGAGTTCTACGATGAATCCTGTCTTGACGCCGATGTAGCACATGCGCAGGATAACGGCAATCATCAGGAAATCGACCCAGTTGATACCTATAAAGTATTTTGTGAGCATTAAACCTTTTTATGCCAACGGTCATGCCTTGCGGCAAAAGCATGCTCAACCGCGCATATCTAAGTGATGTCGTGACAATGCGTAACAAAAAGAACAAGTGCCTTAATTAAAAATTTTTGAAAGTATAACATAGGAATACGGCCCTGTCAAGGGAGCGTCCTTGATTACGTTGGAAGACGTCGTTTTCCCGCGCGGGCAGCCCCGTTACAAAGCCGCGCCCATGGGCGTGGTCGTTTTAAGGCGGCTGCATAGGAAAAATCCCCTGTCGGTTATTTGTTGGAAAAGACTTTGCCTTTCTAACGGGGTTGACTTCCCCCTGGAGATGTGTTAAAGTTGCGCGTATGGAAAATCAGGATAAGGCAAGGACAATAAACGATCAGGATGTTCTTTTAGAGCAGCTGGCCAAGGCGAGACAGGAGCTCTCGACCCTCTATGAGATCTCCAACGCCATGC
CP019384.1_gap16	887905	892069	4164	TTGTTGTCGCAGCTCGTCAGTTCGGCAGATAGGACATTGAGTTCATTGCGGTATTGCTCGTCGCGGCCTTTGGCGGTCCCAAGTTCCTGCGTCACATCTTGGAGTTCTAAGGTAATGACAGAAATCTCGTCTTGGATCTTGCGGGCATTCTCGGTCAGGTTCGTATTGACGGCTTCCTTGTTGGTCAGGGTGAATTTTTCCTGTTGGAGCTCTTCATCGATTTTGTGCGCGTCCTCCACAATCTGCAGGAGCTCTTTTTCTTTTGCGGAGAGTTCGGCGCGCAGGTTCTGGGTTTCCGCATCAATGTCTTTGGAGCGTTGTTCCAGCCCCTCGAGGTCGAAAGAGATGAACTTCAGCTCGCAGGTGATGCGGGTAGTGGCTGTTTTTTCGTCGTAGGCGATGTCCCGGGCGTGGGCGATGATCCCGGATATCTTGCCGTCGATCGGACCGTGGATTTCCAGCGTACCCAGCTGGGCTTCGGGCATGCTGTCGTATTTGAGGCGGAGTTCTTTCAGGAATTCGATTTGGGACTGGAGGCCGAGTTTTTCGTTTTCGAGCGAGCGCAGGCGTGCATCCATCTCTTTGAGCCCTGCTTCGCGCTTCGCCTGTTCGGCCTTCAGGCCGGTGAGGCGCGACTGTATTTCTTCGATCTTCGTCTTTTCCTGGGAGATCTCCAGACCCATGGCTTCGATATTCTTCAAGAGCTGGGCGTTTTCTTCTTCGGTTTTTAGTTTTTCGGTCTCCAGGCGCCTCTGGCGGGCCAATAAGCCGTGGAGGCTGCTTGAGTTTTCATTGAGCAAGTTGGAGGTTTTTGTCTCGTTGAGATTGAGCTCAAAGATCCTGTTTTTGAGTTCTTTGTTTTCGGCCTGGAGGCGGTTGAGGTCTTCGTCCATCTTGGCCAGAAGCGCCTCCCTTTCTTTAAAATGCGACTCTTTTTCAGAGAAAACTTCGTTCAGGCGGGCCAGTTGTTCCGAGAGCTCGTCGATGTTGCCCTGATGAGAGGCGATCTTCGGCGTCAGCTGCTGTTCTTGTCCGGTCAGGACCTGGATGCGCTGGCCCAGGTCGCCCATGCGGTCCATGTTCAGGTTGATGTGCTGGCGGCAGGTGGTCGAACTGTTTTCAAGGCTTGAAATTTCTTCTTTCATTTCGGCGATGCGGCCGTCGAGTTCTTGCAGCTCCTGCTGCTGGCGCATGAGCCGGCCGTCGAGTGTCTGGAGTTCCGCATTGAACTGGACTTCTTCCTGCGTCCCTTTTTTCGCCATTTCCCCCACGACCGCCGCCTCTCCCTTGATGGTCTTGAGTTCGATGGCTGCGAAGGCCATCTCCGAAGATTTAAGTTTTTCAAACACCTCTTTATAACGGCGCGCCTTGCTCGCCTGGCGTTCGATGGAGCCTATCTGGCGTTTGACTTCCGTAATGATGTCGTTGACACGCAGGAGGTTGTTGTCCGTTTCCTCGAGTTTGCGCATCGCCTCTTTTTTCTTGACTTTGTATTTGCTGACGCCTGTCGCTTCGTCGAAGACCAGGCGCCTGTCTTCCGGTTTTGAGCTGATGACAAGGTCGATCTTGCCTTGTTCGACAAGAGAATAAGATTCGGCCCCGATGCCTGTGCCCATCAGAAGTTCGTTGATGTCTTTGAGACGGACGGTGTTGTTGTTGATGAGATATTCGCTCTCCCCGGACCGAAAGAGCCGCCGGGTGATCGTGACTTCGTCGTAGTCGATGGGCAGGATCTTGGCTTCGTTGGAGATCGTGAGGGATACCTCCGCCATGTTCTGGGCGGGAACGTTCTCCGTGCCGTTGAAAATGACGTCTTCCATCTTGGCGCCGCGCAGGGATTTGATGGATTGTTCGCCCAGGCACCAGCGCATGGAATCGAAGATATTGCTTTTTCCGCAGCCGTTGGGGCCGACGATGGCAGTGATACCGGGTTCGAAATGCAGAACCGTCTTTTCGGCAAAAGATTTGAAACCGGCGATCTCAAGTTTTTTGAAATACATGGTTTAAGCCGCCTATTTTCTTAACTTTTCTCTTAGCGTCTTCGTCAACAGCGGCACGACCTCAAAGAGATCGCCGACAATTCCGTAGGAGGCAATCTGGAAGATCGGCGCCCCAGGGTCGTTGTTGATGGCGATGATTGTCTTGGACGACTGCATGCCGACCAAGTGCTGGATCTGGCCGGAGATGCCGCAGGCGATATAGATGCTTGGGCAGACTGTTTTGCCGGTTTGTCCCACTTGATGAGAATAGGGGATCCAGCCGGAGTCCACCGCCGCGCGCGAGGCGCCGACGGCGCCGTTGAGGACTTCCGCAAGCTCTTCTATGATCTTGAAGTTTTCCGGTCCTTTTATGCCCCTGCCTCCGGAGACGATGATGTCGGCTTCGGCGATGTTGACAGTCGCTGAGACGTCTTCGATGATATCAAGGATTTTTGTCCTCGAAACATAGACGTTATCCTCAAAATTTTCCTTGACGAGCTTTCCGTGGCGTGAAGGATCGAGGACCGCTTCTTTCATCACCTTGTGCCGGACTGTCGCCATCTGCGGCCTGTGGTTGGGCGTGATGATGGTGGCCATGATGTTGCCGCCGAAGGCCGGCCGCGTCTGCAGGAGGATCTTTTTGTGTGGATCGATATCCAGACCCGTGCAGTCGGCCGTCAGCCCTGTGTGGATCTTGACGGCGACACGCGATATCAGGGAGCGGCCGATCGATGTCGCGCCGCACAGGACGATCTCCGGCTTGTATTTTTTGATCAGCCGCACGAGGACGGCCGTGTAGGCGTCGTCCACGTAGTGTTTCAGCTGAGGGTGGTCGACGACGTAAACCGTGTCCGCCCCCCTCTGGATGATGTCCTGGCTCTTGGATTCGATATCGTGGCCGATGAGCACGCCGCAGAGTTCGCAGCCCAGCTTGTTCGCAAGCTCGCGGCCTTTGCCGAGGAGTTCGAAACTGACGGATTGAACGACGCCGCGCTTCTGTTCGCAGAAGACCCAGACGCCCCGCGCTTGGGCATCGGCCTGAGCCGTTTTTTCTCTCTTGATCGAGATGACATCGAATTTGCACGCCTCGACGCAAGCGCCGCACAAGGTGCATTGTTCAGGACGCACAACGGCTTTCTTGTTTTCCATATAAAGAGCGCCAAAGGGACAGGCCTTGACGCACAAGGTGCATCCGACGCATTTCTCTTTATTGATGATCAAAGACATGGTGCCTCTTTTAAGGGATGAGTGATTTGATGACGGCAGCTATTTTTTCAACGGATTCTTCCACGGGTCCCTGGTAGACCTCGCCGCCCTTGCGCCGCTCCGGCGAAAAGATCTTGACGACCTGCGTCGGGGAGCCCTTGAGCCCCAGGCGAGCGGCTTCGCAATCGAGCATTTGTGCACTCAATAGCTGGATCTTGGCGCTCTTGGCACGCATCTTTCCTTTGAGCGACGGCGTGCGGGGTTCGTTGATCTCTTTGACGACGGTCAGCAGACACGGCAGGGGTGTTTCGACGATATCATAGCCTTCTTCCGTCATGCGTTCGACGACGGCGACGCCGTTCTTGATGGACTCGATCCTTTTGACATAAGTGACCTGGGGGATGTCGAGGTGCGTCGAGATGCCGGGTCCGACCTGGGCCGTGTCGCCGTCGGAAGCCTGCTTGCCGCAGAGGATGATGGAGAAATCGCCGAGTTTCTTGATCGCCGCCGCCAACGTATAGCTCGTGGCTAGGGTGTCGGCGCCGGCAAAGGCCCTGTCGCAGATGAGCACGGCCTCATCAATGCCCATGGAAATCGCTTCACGCAGCGCGCTTTCCGCCTGCGGCGGTCCCATCGTGACGACCGTCGCCTTTCCATTGAACTGTTCTTTGAGACGCAGACCCTCTTCGATCGCATACATATCGAAAGGGTTGATAATCGATTGCACCCCTTCGCGCACGAGGGTGTTGGTTTCAGGGTTGATTTTGACGTCCGCCGTGTCCGGGACCTGTTTGATACAGATGATGATGTTCATGGGATGCCGGTTGTGGTTATTTGGGCTGCAACGGGGTGTGGCCCGTTGCGGGCAAAAAGTACTGGTTTAGTTTACTGCAAAGCTTAACGCCTTTCAACAGATACTTCTTTGTCGCCGGGGTATCGTCAGCCGGACGAGAATGGCTGTGATCAGGAAAGGACAAAG
CP019384.1_gap17	964366	968213	3847	GGGTCGCCTTGTTCTGAAAAAGGGGCAAGCGCACACATCGCCATTATAGAAGATACAAACGCCGTGCCAAAGATGATAACACAAGCAATTTCTGAATGGCTTAATATTAGGCAATCTTAAGCGGATTCCTAACCTACGGGCTTTCTGGTGAGCTTGATTAAATAATTGTTCTTTAACTTCATTGTTTATCTCAAATATATTATTATCCTTTTCTTTTTTAACATGGACGATAAATCCGCTAGCATTGATAAAATCAATTCCCAGGTCTTTGGCAAAATCGAGATAGTCAAGGATGTCACCGTAATTATCGCTTCTAAAGATAAAATTAAGGCCAAGTTGAAAGGCTTGTCGCTTATAAGCGGCCCTATACCGGGAAAACAAACGGATGCCCTCGACAGCCTTGTCGAAAGAGCTACCTTTTTTGATGTCTTCATAACGTTGCCGGGAATGGGAATCCACTGAAATCAAAACGCTATCCACCCCTTCCCGAAAAGTCGTCTTGATCTTATTCTCGTCAATCAGACTGGCATTCGTAAAATATCCTGTTTTAATGCCGAAAGACTTAAAAAAATGATGGATGTCCCAGAATTCCGGGTTAAGGAAAGGTTCTCCTAACCCACCGACAAAATAAGTGCTGTAAATATATGGCAAAATATGCCCGAGCTTTTTAAGGTTTTTAAGAGAAACATTGCTTTTGGGAAGACCACCAAGAGCGGGATCGGTTTGGTAGAGCACGCGTTCACAACCAGGACACCGCAAGTTACAAACCGTGCTAACTTCTACCATGAGAGTAATAGGAAAGTAGGGAACATTTTCTGGATGTCTATTACGAAAAATCAAATATTTAGCCACGTTAGACAACCTTAGGGGGGCTAAAAGATATCTAACTTTGACTGCGGAAGCAGCATCAAAACCAAAATATTTTTTAACCTGCCGAAAAATCCCGCTTCCCCGATATCGGTCAAAATTTTTGTCTTTATTGTTCATGCCGTTTTAACCTTATGGTTACATCAATTTCATACCCGTCCTAATGTGTTAAAAGAACGACATCCAATACACATCGGATCTAAGGTGCCGGTTTTTTGAGGAACTCCATTTCGAAGAGCTTTGTATCGTGGTGAATTCCAGATTTCTGTGAAGGGTTTTTCAAAAATATTACCGAGGCAGTTCTTCCTTAAAAAATCTCTGCGATTAGCCATCATTACACCGCAACACGGCATGACATATCCTCCCATCATAATGTAAGGTTGCACCCAGCACGAACACTGGGTAATTGGTGGCTGCATGATCGTGTCTCCTAGCGGAATGTCGATATCGCATTCATCTGCGATACGATTAAGTTCTTTTAAATAATCATCACGTTTTTTTATAGATAGATGTTGTATTTCTTTAAAATCCAAGGTCCCCACGATATTAATAGTATTGCTGACATTCAGCTTCTTGATCAAACGAATAAAATCAGGCAGCTCTTGATAATTGTTTCCCATGATAACATAACGAAATGAAATTTCCGGCAATGGAGATTGGTATTTCTTTTTTAAGTCGTCAAATATCTTAAGGTTCTCTAGGACTTTATTAAATGAGGCACCGCGGCGTATCTCTTCATATGTTTTTGCAGTGGCGCCTTCCATAGAACAGTAAATCCGCTCAACCCCCAATTTTATAACAGCTTCCATTTCATCTCTTTTAAGGTTTGTAAAACTTTCTACAAATTTTACAAAAACCCCCTTCTTCTTTGTGTATTCCAAAATCCGTATAAAGTCCTTATTGAGGAAAGAAGAACCTTCTCCTGTCGTATTGATCCACCACAATCCCGGAAATTGACTAAGGATATGCTTGTATTCGTCAAAGCTCAGATCTCGATTTTCTTCACTCCAATAAGTATGTTCGCAATGGATGCACTTTAAATGGCAGCGAGTTGTAATTTCAACTTCGATTTCCCTTGGATAGGGCGCTAACTTCGGCCAGCGCTTATAAAAAATATGTGGGAGTCCCGGACCAACATTGGCAACGGTGGCTCGAGCAAAAATATAGCTTCGTAATTGCTTAAGGTCCCTCCTGCGAAAAAGAATATATCCCATATTGCGACAATTGCTAATGGCCTCTTCTTTAATATAATTCCATAATTTCATTGGCTACTCCTTATTTTTATAGTGGGAAGATTTGAATCGGCTATACATAACCAATTTTCCTAAGGACATCTTTCTGTTCCTTATGCAGCCATAAATACTAGAAGCTCATGGCAGGTAAGGCGAGTATAAAACTTTCCTTAGCTAAAGACATAAAAAATGGTGGACATGTTTCACTTTGCGAGAAAATACACTATGAAAGAACCAATTTGAATTCGTTCATATTCTTTTCTTTTGAACCAAGCGGGAGGACACTGCAAAATGCCGTTTTCATGAATACTAAAAATAACGACACAAGAGGCCGAGCCAGACAGAGTCTTATCATCTTGATGCTGCGGGCATATTCCAGTAAAAGTCGGAGGAACAAAAAAAGATGTCTGCGGCCTCCCACATTTTATTCTCAGGAATTCCTTAATAGCAAAAGCCGCTTCGCCTCTAAAGTTTTTTTCATCGTTAATGACCATGATGTTATCTTGCGGTCCTGTGTGTTCCTCTAAAAATGAGAACAAAGCCTTGTTTTCCCTCCCTTCCTGTGCGAAAGCCCTAGCGCCTACAAATGACAGCATCAGTTTATAAACAACAAGACACACAGTAAGCCAAAATCCGAATCGATATAAAGAGAAGCCATGTTTGTTACGTCGTGTGGCACAAACGGCCCAATAAAGAATGGCCATAAAGATTCCCATGACAATGACTATGGCTACAGCAGAAAAACGTTTGAATAGTAAAAAATCCATTTTTTCAAAAAAACTTCGACTTATGAACAAATATCCTATCAAAACAAAAACCACTACGGAAGTCAGAAGAATCTTAATCAAGTTTTTTCTTTCAAAAGAAAAACGACTGTCATCTTTTCGTAGAAATTCTAGGAAAGATATCAGAAGCCCTGCATAACCTAACATGAGTGGCAAGATATACCGACCAAAGATACCGCAGCGAGCATAGATCATAAACTGTGGCACGATGATAAGTCCGAATAGAATCAACGAAGGCACTGCATTTGTGGTAAAACTTCGATCAATTCTTTTTGAAGAAAAAAATAAAAACAAAAACGCACAAAGTAAAATGACCAATCCTGCGCCAATCGTAGAAAATGAAAGACTAACATCGATGGCCGTGATAGCCGCTCTGATGAATAACGACAGGTCGAAATGACTAATCCCGCCACCTTGCGCACCATAACCACCGAATCCTACGCTGGCTCCGATGATCAACAAAACCGAAATTGTAAAGATTAAGAGAATAAGAACGGCCCAAAAATTTGCTATCCATGCTTTTTGCCATGAAGTTCCATTGTGGAGACGATAAGACCAAGCCATCAAATAAACAAAGGCAGGAATCATCAAGATGAAGCTTTCTTTTGATAAAGCTGAAAGAATGACGAAAACGACCATGGTACTCCGAAAACAAAATTTGTATCGAGGATGGCGAATGGCAAAAAGCATACAGACCCAAGAGGCCGCCAGAAGTAACATGGCGATATTCTCGTTAGGACCTAAGGACCACCAAACGACGGCTTGGGGTCCCAGTAGAGTCAGTAAAACAAAAAGAATAGAATCGAGCCATGAAAATGATGTCAACCGACATCCGTAATAAAGTAAGAATGACGTTAAGACGGCTAGAACTCCTGCGTAAAACAGCCACGTCGTGAAGTTTGCGCCGAGCCATTTCGTCAACAAAACTCTATGAATGAAATAAAAAGGTCTGAATCGATGACT
CP019384.1_gap18	1084309	1087092	2783	GTTGATCCTGAGGCTGCGCCTGTCGGGGCGCCGCCGAACGTATCAAAAGACGAACAACGACGAATTCCGGTTTGGAAAAACCAGCACTTCCCTGTTTCATCTGCCAGACCCTGACTCAAGATCCCGGACTCTTTGAAAATACTGCTCGGCCCTCGCCCGGTCTCCATGATTACCGTAGAGGGCCCCCAGATTCTCCAGCGCCTCCACACAACCAGGATCCAAAACAAGGATCCTTTCAAACAACAGCCGCGCTTCATCAAAATAGTCCAGTGAAGCCAAAACCACGCCGCCTTTCAGAAGGACGGCTTCATCATCCGGCCTAAGGGCCAGCAAGGGCTGCAAAATACCCAGGGCTTCGTCAAAGCGTTTCTCGCTGATAAAAACATCCAGGAGAGCGGTATATGCCAGCGCAGAATCCGGATTCAAAACAGACGCCTTCCTGAAACAAGCGACGGCATCTTCTCTCCGTCCAAGCCCGAGATAAGCCTTGCCGAGATTGAAATAGGCTTCATCCGAATAGTCATTGATCTGAAGCGCCTGACGGAACAACACGGCCGCCTCCTCCAGATGTCTGCGGCCGCGCGCTATTTCCACCAGGCCGAGATTATTATATGCCTGAAAAGCGCCGGGATTGATACGCAAAACCAAGCGATAGCACTCTTCGGCCTTGTCCATCCGGCGCTGCCCATAATGGATATTGCCGAGCAAAAGGAGCGCATCCCAGGCGCCGGGCTCCAACCGCAAGGCCTCCAAGGCATGTTGCCTGGCCAGGGCGTTATCGCCTTTCTCGGCATAGGCATAAGCGACATTAAGATGCGCGGCAGAGACCCCGGGGTATTTTGCCAATACATCTTCCCACAGAGAGATACTGTCATGCCAGACAAGCGCGCGCTGAAAAGTCAGAGTTGAAAGCAAACAGACGAAACCTATTCCTATCGTCACCAAGAGGACCCTCAAGACCCGGCGGCCGCTCAACCGCGACACCCATAACCTCCGGACGTATGCAGCCGCGAGATAGAATATGCCAAGGGCTGCGATGTACACATAACGGTCGCTGACGGCATAGGATGCCCGGGCGGCCAGAACGGGAATAAGACTCAAAACAAAAAAGCCGAGCGAGAATGCAAAAATGCCTCGCCCCCCATCGCGGCGCAGGACCACGTAAAAATATCCCAGAAAAAGCAGCGATAGGAGACATGGCCAGACAGTAAAAAGAAAACCCTGCGCATAAGGATAAAAACATGACAGGCGGACAGGCCAAAGGATCATAAAGATATAAATCAGGATCCGCTGGAGCCATTCCAGCGGCATGGAGGATACGCTGTACTGGGCGTGAAACCAGCACAAGGCGGCATAATTAAGCAGGATCATCAAGAACGAAATGACAAAAAACGGTATCTTGTCCCACCAGGAAAGGAGCGGTTTCTTTTCGAGCGCGGCGTCGAAAAAGAACAAAAGCAGCGGGAATGCGATCATCATGGGCTTGGCCATCAAGGAGAGAGCAAAAAGAATCAGGGACGCATAATAGAGGGCGCGGGGGCGCGCCAGACGGTAAAGCACATATGTGACGGCGGCGGCGAGGAAGAAAAAGCCGTAGAGCAGGTCTTTTTGCTCCGTCACCCATGCGACCGATTCTACCCGGAGAGGATGAATGGCGAACAACACAGCCACGAACCAGGCAAGGAAAATATCCTTGCGCAGGAGAAAAAAGAGCCAGAAGACAAAAAAGGCATTGATGAGATGCAACAGAAGACTGACGGCGTGATAACCTCTGGGATCCAGGCGGAACAAACGGTTTTCCAGGGCAAAGGCAAGGAAGGACAAGGGTTTATACTGGACCCTCTCGAACGAGGTGAATATTTGAGGTATCTTTTCTGGAGTAAAATTCTTCGCGCGCGGGTTCTGCGTCAAATAGACATTGTCGTCCCAATTCACAAATCCGTTATGAAGAATAGGCCGGAAAGAAACATAAGTCAGAACGGCCAAGAGCGACAAGAGCACAAAAATGGCGGCTCTGTCGGAACGGGTGCATCGCTGTTCTGCTGCCGGGTCGGCCATCTTGATGAGCGGTTGGGAAAGCGGCTCCTCATACCTAAGATTTGAGTTTGCTCTTCAGGTACGCCTCGATATAGGAATCACAGTAGATCGCCTTGTTGAGGATCAACGCACCCGTGATCAAAGACCGCATCAGCTCCTGGTCCAGGGGATCAAGGATGGCCGCCTCAAGCCCGGCGGCCTGCGCCATGACCAAAAATGTCCTGTTGATGATCGAGCGGTTCTTCGATCCTTGGGAGATATTGCTCAACCCCACGACGCTCTTGACCGCGGGCGTCGTCAATAATTTAAAATCACCGATGACGCGCAGGATATCCTCAAGCTGGTTCTGGGCGACGTTGACCGGCAGAAGAACCGGGTCCAGATATAATTCGGCAGCGTCAAGACCGGCGCCGGCTGCGCGCTCAAGGATAAAAGCCGCCAGTTCCAGGCGCCTCTCCTTGTCCTGAGGCACGCCTTTCTTGTCGACGGTCAACGCGATCAAAGATGCGCGGTGTTTCAAGGCCAAAGCCAGATAGGCGTCGAGCTTGTCGGTGTCTGCCGTCGTGGAATTGATGATCGCCTTGCCGCGGCATGCCTTCAATCCTTCCTCGATCACCGCCTGTTTTGTGCTGTCCAGGCATAAAGGCACGGCGACCTCGGACTGGATCGCCTCCACGAGCCACCGCATATCCTGCACGGGGTCCTTCGACAATGGGCCACAGTTAACATCCAGGGCATCCGCGCCT
CP019384.1_gap19	1097455	1099828	2373	GGACCGGCGCTTCCTCTCCAGCGGGTGGCAGGGGTTTCACTTCTCCAGGAAAGACTGCAGGAAACTTCCCGCCGGGCTTGGCGGCTGTGCGCGTCACCGCCGAAGGCCTCCTTACCGCAGGGGCCGGCCGTCGCAGAAGATAAAAAAGAATGAGTGACTGAAGAATGACGAGGATGGAAAGAAGCAGAATGACAAAATTCTTGGCGTTATTCATGAGACGCTTTCTTCCCTGCAGCATCCGGGCCAGCAGATGCCGCAGGCTTCAGCATCTGCTGGTAAACCTTGATCCCCTTGATGATGTCGACAGCGCGCGATAAAGCCTGATCGTGCTGGTAAAGCTTGGCCAAAGCGGTAGAATCCGTTTTCTTCTCAACGCCTTCAAAAATCTCTTCCAGCGTGGTTTCTTTTTCCGGGGCATCCATCTCTGCAGAAGATACCTCGGGAACGATCACGTCGGGCGTAACGCCCTTTTCATGGATCGAAGCGCCCAGGGGCGTGTAATAGCGGCTTGTCGTCAGCTTCAATGCCGAACCGTCACGCAAAGGCAGGACCGTCTGGACCGATCCCTTACCGAATGTCTGGGAACCGACAATGATGGCCCTTTTCTGGTCCTGGAGGCAACCGGCCAATATCTCGCTACCGGAAGCACTCCCTTCGTTGACCAAAACCACCAGAGGCATGTCTTTATAGAGCGGCCCCGAACGGGATGTAAAAACCTCGTCCTGCGAAGGATCGCGGCCCTTGATGGAAACGATCACCTCTCCCTTGGGGACAAAACGCTCAGTCACTTCCACGGCCTTATCCAAAAGGCCTCCCGGATTATTGCGGAGGTCGAGGATCAGCGCATTCATCCCTTTTGACTTGAGATCCGCCAAAGCCCGGTCGAAATGACGAGGCGTCTCTTCGCTGAATTCGACGAGTTTGATATAAGCGACACCCTGTTCGAGAAGCTGGGTTTCCTTGATATCCCTGATCTCGATGGTCGCCCTCGTGATCTTGAATGTCAAAAGCTTCGCTTCTTTTTCGCGCCAGACCGCCAAAGTCACCCCCGTCCCCGGCTTGCCGCGGAGCATCTTGACGGCCTGATTGAGCGTGACGTCCCTCAACACGGTGTCGTCGATCTTGACGATACGGTCATTGGGCTGCAATCCTGCCTCCCATGCCGGCGTTCCTTCGATCGGCGTAATGACGGTAACCAGGTGGTCCTTGAGCGTGATTTCGATGCCGATGCCCCCGAAATGCCCCGACGTGTCCGCCATCAAATCCTCATATTCTTCAGGCGTCAAAAACTGGCTATGAGGATCCAGGTTTCCCAGCAACCCCGCCAGCGCTCCGTAAATCAGATCTTTGGGCGGCACCTCGTCCACATAATGCGCCTCCACAAAAGCGAGGGCGTCAGCAAAAATTTCCAGTTCCTTATACGTCTCATTTCGGCGGGCCTGGTTGATGGCTGTCATGCCGAAATTCGCCACCGCCAGCGCAAGAAATACAGCCATGATCCACACACAGACCCTGAGGACCCTTTTCATGCCTTCAACCTTTCGATCAGCATCTCTCTGGCCGTCTTCGGATTGGCTTTGCCCCTGGACAGACGCATCACCTGGCCGACCAGAAACATCACGGCGTTTTCCTTACCGGCCTTGAAGTCATCGACGGATTTCTTGTTGGCGGCAATAACCTCTTCAATCACGGCCGACAGGCTCCCCGCATCCGAAACCTGGGCAAGATTCTCTTCTTCCACGATCTTGGCGGCGGGCTTGCCGCTCTCAAGCATTTCCTGCAGGACCTCTTTGCCGGCGAGTTGACTGATCTTGCCGGTTTCAACAAGATCAATAAGCTCTGTGAGAAAAGCGGGGCTCAGACGCAATCCTGCGATATCCTGCCCGCGGGAATTCATCTGGAACGAAACAGGCCCGATCAACCAATGGGCGATTTTTTTAGGGTTATCATAAAGCTTCAGGCATGCCTCAAAGAAATCCGCAAGGCTTTTGGCGGCCGTCAACGTCGCGGCATCCTTGTCGGAAAAACCGAAAGACGCGACAAAACGACCGCGCTTTTCTTTGGGCAGCTCCGGCAACCCCTGCCTCGCTTCTTCGATCTCGGAAGCCGAGATCACAAAAGGCGGCAGGTCGGGCTCCGGGAAATAGCGGTAATCATGCGCCTCTTCCTTGGACCTCATCGGTAACGTCATCTGTTTCTTTTCATTCCACAGCCGCGTCTCCTGAACGACAAGCCTGCCGTCGCCCAGCTCGGCCTCCTGACGCCTGATCTCATAATCGAGGGCGAGACGCACGGCGCGGAAAGAATTCATGTTTTTAAGTTCCGATTTGACGCCGAGGCCCGTGGTCCCGGCCGGCCTCAAAGAGACGTTCG
CP019384.1_gap20	1158058	1160008	1950	CGCATGACCGCAGACCCAGCCCAGCCGCCAACCGGTCATGTTGTACGTCTTGGAAAGGGAGTGAAATTCGACGCCCACTTCTTTGGCGCCCGGCGTCTCGAGAAAGCTGACGGCCCTGAAACCGTCGAAAGCGACCTCCGAATACGCCGCGTCATGGCAGATGACCACCTGATGCGCCTGCGCAAAAGCCACGACCTTCTCGAAGAAGGCGCTGTCGGCGACAGCGCCTGTCGGGTTGTTCGGATAATTCAGAAACATCAACCTGGCCTTGTCGGCAACAGCGGGCGAAACGGCATCCAGATCAGGTAAAAAACCGTTCGACTGCCTCAAGGGCATGGCATAAGGCTTGCCGTCCGCAAGGATCGTGGCATTGCGGTAAGGCGGATACCCCGGGTCCGGCACCAGTGTCACATCGCCCTTGTTGAGGAACGCAATGGGTAAGTGGGCGATGCCCTCTTTGGAACCGATAAGAGGCAAAACCTCCGTCGCAGGATCCAGCGTCACGCCAAACCTCTGCCGGTACCAGTCTGCGATCGCCTCTCTCAATTCAGGCATCCCCTGGTCCAACGCATAGCGATGGTTCCTGGGGTCGCGCGCGGCCTCATAAAGTTTTTCAATGACAAAAGACGGGGTCGGGATATCCGGGTCTCCGACGCCCAAATCGATGATGTTGCGTCCTTCAGCTTTCGCCTTCCTTTTTGCGGCGTCGATCTCGGCAAAAAGATAAGGCGGCAGGCTCTCCAATTTCTTCGAGACAACGATATCCATAAAAAGCTAACTCCTTTGCGCTAAAACATCCGCCATGGTATATAAACCATGTTTTTTCTTAACGACAAATCTCAAGGCCGCCAAAGCGCCCCTGGCAAAGATGTCCCGCGTCTTGGCGTGATGGGAGATCGTGATCGTGTCCCATGGGCTCTCAAAGACGATCTGGTGATCGCCGACAATCTCCCCTTCCCGGATGGACCGGATCTGGACCTCGTCAAGACGGCGCTCCTCTTTGACGATGTCGGCCAAAAACTTGGCCGTCCCGGACGGCGCGTCCTTCTTGTGAACATGATGCGCCTCGGTCATGGACACGCGATAATCCGGCGGCAAAGTCCGCGCAGCCCCTCTGGTCAATTCAAAAAGAAGATTGACGCCGATCGACATGTTTGGAGAAAAGACCACCCCGATCGTCCTAGAAGCCTCGGCAATCTCCTTTTTCTGCTCTTCGGAAAAACCCGTGGTCCCGATGACGATGGGTTTTTTGAATTTCATGCAATGGCGCAAATGGTCCAGCGTCCCTTCCACCGAAGAAAAATCGATCAGGCCGTCGATGTCGCGGATCAGCTCCTTATCGGAGACGACCTCGACGCCGGCAATCTTGGTGCCGATCTCCGGATGCGTCAACCTCTCCAAGGCCAGAGATATCCGCATCTCAGGATCGTTTCCGGCCAGCTCAAGGATCCGCTGCCCCATCTTCCCCATGGCCCCTGCCACGCCTAGTTTAATCATTTTAACGACCGGCCGCCCTTCCGTCACCAAGACACCAGGACGCAAGAAAATCACCAATGTCCAATTTCCAATTACCAATGAAATCCCAATTCTCAAATATCCAATTTGTTCCTTGGTAATTTGTTTTTTGATTGGTCATGGGTGATTGGTTATTTGGAAATTTAACGGGCGACATGGTGACTCTTGCTCTACAACAATCCATAATCCTTCAGTGCTTTCTCGAGCCGGGCCAGGTTCTCCGGCGCCATCTCGCACATCGGCAGCCGCAAAGACGGCTCGCACATGCCTAAAAGCCCCATCGCCGTTTTGACCGGGATCGGGTTTGTTTCGATAAACATCGCCTTCACTAAAGGCGCAAGCCGGTAATGCAGGCGCTGCGCTTTTGCGCTATCGCCTGAAGCGAAGGCCGTCACCATCTCCTTGACGTCCTTCGGGACGATATTGGCGACGACG
CP019384.1_gap21	1174223	1178135	3912	ATCCCGAAACCCCTGCACAACGGAAAGATGATAATAGCCGTCCAGAAAAAGCGGGAAACGAAACCAACTGAACGCCTGGAACATGACGACGGCCAGAAAAATGACACCCGAATAAAAATCCCAGCGCGGGACATTCCAGGATCCAGACAAAGAAAATTTTCCTCTATGCATAGCGCACACTCCTGAGGTATAGCCCGCGGGCCGGGGCACAGAAACCGGCATGCCGCCGGTCGCGGCGCCTCAAGATGTCCCTCATCGCCTCCGGCGCCAGCCGGCCGCGGCCGATATCGATCAATGTCCCGACGATATTGCGGACCATACCCCGAAGAAATCCGGACGCATCGATATCGACGACAATCAACTCCGTCTGCTTCAAAAACGGCAGGGAATCCTCCCCTTTCCTGCGGTACACCCCGATCTTTTCGATCCGCGTCACGGATTTCCGCCGGACCCTGTCCGACGCCTGGAAAGAAGAAAAATCATGGCGGCCCACAAGACAGCGGGCGGCGCGGCGCATCCAAGCGACAGACAAGGAATATTTGACCACAAAGGCAAACCGGTCCAAGAACACCGATTTCTCACAAGCGGGCACAATGACATAGCGATAAGATTTGGACTTCGCGGAGAACCGCGCATGAAAACACGGATCGGCCTCCTCGGCTCCTGCCGCGCCGATATCCCGCGGAAGATGGTGATCCAAAGCCCGCCGGAGCCGGTCTGCCGGGATCGCCGACGCCGTTGCAAAATGCGCGGTCTGCGCGACAGCATGAACGCCCGCATCTGTCCGGCCGGAACCAGTCAAGCGGACGCGGTGGCCGACAACCTTCTCGAGCGCCTTTTCAACCTCTTCCTGAACCGTCACCAGTTTCTTCTGCCGGCCGGAAGAAGGAAGCTGACGGCTGGTCTGCCGCTGCCAGCCGGCGTATTGCGTGCCGTCGTATTGAAGAACTATCTTGATCGTACGCATGGAAACTCCGCGGGCTGCCCGTGAAAAGATATCCGTCGGAAAAAAGAACCGGTCAGCCTATTTGCCGGTTAACCGGTTGTTGCGTTAACTGGCTGACTGGCTGACCGGCTCTCACGGGATAACCAACGACATTATCTCTTAATCAACAACTCCGCAATCTGCACGGCATTGGTCGCAGCACCCTTACGAAGGTTGTCGGCCACCACCCACATCCACATTCCCTTCTCGTTATAAGGATCCTTGCGGAGACGCCCAACAAATACCTCGTCTTTGCCTTCCGCGTTAACAGGCAAAGGATATACGCAGCTCTTGGTGTCATCCAGCACGACGATGCCCGGAGACGACGCCAGCGTCTTCTTGACTTCTTCGATATCAACAGGTTTTTTCGTTTCGATGTAGATCGATTCGCTGTGACCCGTCCTTACGGGGACACGGACCGTCGTCGCCGAAACCAAGATCCTGTCGGTATGCATGATCTTATGGGTTTCCTTGATCATCTTCCACTCTTCGGAGGTGTAATCGCATTCCGCAAAACCGCCGATGTGAGGAAAGATATTGAAAGCGATCCTCTGCGGCATGGCTTCCGGCTTCGACTCCACGCCCGAAAGGATGGCTTTCGTCTGCTCAAAGAGCTCCGCAACCGCTTTGCTGCCGGCGCCAGACGCGGCCTGATAAGTAGACACGATCACGCGCCTGATCTTATAAAGCTTGTGAATAGGCGCCAGCGCCACCACCATCTGGATCGTCGAGCAATTTGGGTTAGCGATAATCCCGCGTCCTTTTTTGGCTTTTTTGACATCTTTGGGATTCACTTCGGGAACGACGAGAGGCACGTCTTCTTCCATACGGAAATCCGCCCCGTTATCGATGACGACAGCGCCCCGCTTGACCGCCTCGGGAGCAAACGTCACGGCAGCACCCTTCTCCCCTTCGGTACCGGCAAATAAAGCAATGTCAACCCCCTCAAAAGCCTCGGGAGAAATCTGCTTCACATGATAAGTCTGACCGTCGACCGTGATGTCCCTTTCGCTGCGGGCCAGAACCTTCAAGGCCCCGACAGGAAAATTCCTCGATTTCAAAACTTTCAGCATCTCGATGCCGACAGCGCCTACACCCACAACCGCAATATTATATGTTTTCATAAGAAAGCCTTTGGGATTTTGACATATTTATAGAATGATATATCCTTTCAGTTATGCCTATCAGCCCCTGCGGGACAGCTTCTTGCGAGCCGTCATTATGGAGATAAAATCTTATGCGCTTGATACCTTTGTCGCTCACGATAGTAAGTTCGATATTAGTCCCCTGCCTGGAATAGGGAGGAAAACGATATTCTTCCTTAAAAGCATAAAAATCTGCGCTCTCAATGTATCTTATCAGCTCGCTCATCCGCGCAGGATCAATCCGTCCCGCTTTCCTTTCGCCCTCTTCTCTGCCGGCCCTCACGGTATAAGCGATATAACGACCATCGCCCTTGATTTCAAGATAGGACCCCAGAGCCTCCCAGTTTGAGCTTTTCAGCTCGATAGATTCTATCTTCAGATCCTCCGCCTTCACATAACCCGGAGACAAGAACACGAACAAAAACAATATGGCTGAATTCAACAACAGGCCTGCTCTTTTAGTCATTGTCCCTCTATGTAAAGACAAGACCGAGCAGCTAGTCGAACAGGGCATACATAAATAGCGTGAATAAAAATCCGGGCAGATGTCAGGGACCCCATTACAACAATGAACTTCCAGATAGATGCCAAGGATCTTTCTACAAGTTAGCAACCACAAGATCCCCAACCTCGGTGGTCGAATACCCCATCTTGCCCGCCGCCAGGGATTTCAGTTTCGTCTGTACGATCTTGATGACGGCGTCCTCGATCGCCTTGGCCGCTTGGGCCTCACCCAGGGAATCCATCATCATACCGGCTGCGCAGATCGCCGCCAGCGGGTTGATCACATTCTTGCCCGTGTATTTGGGGGCGGAACCTCCGATGGGCTCAAACATCGAGACCCCCGCAGGATTGATGTTACCGCCGGCCGCAATCCCCATGCCGCCCTGGATCATAGCGCCTAGGTCCGTGATGATGTCGCCGAACATATTGTCGGTGACGATGACGTCGAACCATTCGGGATTCTTGACAAACCACATCGTCGTGGCATCCACATGGGCATAATCGATCTTGACGTCCGGATACTCTTTGGCCACCTCGTTGAACGTCCTCTGCCACAAATCCCAGGCATACGTCAAGACATTGGTCTTGCCGCAAAGGGTCAGTTGCTTGCGCCTGTTCCTTTTGCGCGTTAATTCGAACGCATAACGCACGCAACGCTCCACGCCGGCCCGCGTGTTATAGGAAATCTGGATGGCGACTTCGTCCTTTGCGCCCTTCTTCTGGAATTCCCCCATGCCCTTATAGAGGCCTTCACTGTTCTCGCGGACAACGACAAAATCGATGTCTTCCGGTTTCTTGTCTTTTAAAGGACAAAAGGCGGAGCTGTAAAGCTTCACCGGCCGCAGATTGATATACTGGTCGAGGGCAAATCTGAGCTTCAAGAGGACGCCCGTCTCGATGATGCCGGGCTTGACGTCCGGGTCGCCCACAGCGCCCAGATAGATGGCGTGGTATTTCTTGAGCTCGGCGACATCGGCATCATCGACGAGCTTGCCCGTCTTCAAATATCTCTTGCCGCTGAAATCGAATTCTTTTGTCTCAAATTTGAAATTGAATTTTTTTGCGGCGGCGTCCAGGACCTTCAAACCTTCGCGCACAACCTCCGGCCCTGTCCCGTCACCGGGTATGACAGCTATTTTATACATTAATTTCGTCCTTTTTTAGGTTTTTTCTATCGAAATTAACTCCGAAGCGTGCTTAATGAAATTTAAGACAAGGTTTATGGCCTAGAACCCCGCGGGTATGCCCGCGGGGTGACGTCCCTTCCGCCATTTATCT
CP019384.1_gap22	1307173	1307764	591	GGTTCCCGCTCCAGCGACATACTTGAGCGGCCAAAGCCATCCGTGGCCTAAGGGCCGCGGTCTTTGGCCGCACAAGTATAGAAGCGCGCTGCCCGGAAAAAAGCCAAGGCCTATTCATACCCGTATTTATCTATAAATTTGCTCTTCACCGTCTGGACGACCCATAAATACGCGGCCACAATGCAGACAAGGGCCGCAAAATACAACGGCGGCGGCTGGACGAAACCGAAATATTTGGACAAGGGCGTGAAGGGGATCAAGAGGCCGATCGTAACGATATAAATCGACGAAAACATCAAGAACGGACTGGGCCTGCTTTCGACAAACGGGATCTTGCCCGTGCGGATGACGTAGATGACCAGGGTCTGGGTGATCAGCGATTCCAAAAACCACCCTGTATGAAAAAGCTTCGGCGATGCGTTAAAAAGGAACAAAAGGACGCCGAAGGTCACAAAATCGAATACGGAACTGATGGGTCCGAAAAAAAGCATGAACTTCTTGATATAACCCACATTCCAGGGCCGGGACCGCAGCAGATACTCATCATCGACCTCGTCGGTGGGAACGGCGATCTGTGACAGGTCGTAAAGA
CP019384.1_gap23	1309492	1313690	4198	GCCTCGCGGCCTGCGCGGTGCTCCTGCACAAAAGACAAAAGGACGCTGATCAACGCCATCAGGACGACAAGAAGAGCGCTGATCTTCTCTCCGAAAAACAGGGAAAAACCGGCAATCACCAGAAGGACGATGACGAGAGGATTTAAAAACCTGGAAAGGATCTCGAAAAGAACGGCCCTCTTTTTCTTTTTGGCGGGTTCGTTGTAACCGTAGACCGACAGACGCTCCCGGGCCTCATGATCCGTCAGCCCTTTTTGGGACGTGGCGAACTTCTCGAAAAGCGCTTCGTGGGCGCAACGGGCGTAATCGAAATCGGAAAGGCCGGAGATAAGAGATAGTTTGTTGTCCATGCTTAAAGGGTATCGATAAAATCGTCAAAATCGATATTCTCGCCGAGGGCTTCTTTGGTCGCCCGGATCCTGCGACCGTAGCCGGGATGGGTCTTAAAATAAGACAGGGCCTGCGGGGGCTCCTTCTTCTGCCTCTTGCGGAGTTTGTCCAGAAACTCAATCATCCCCTGGGGGTTATATCCCGCCCTCTTGGCGTAAATCGCGCCCATCCCGTCGGCCGTAAGCTCGTCTTCCTGGGAATAGCCGGAAAGCAAAAAAGCGTAGGCCATCTGCACGCCCTGCGCCGCTTCCGCATTTTTCGTCGCGCCGGCGAGGATCGTCAGGATATTATAGCCCCAGATCGCCTGGAGGCGCTTGATGCTGTGGCGCGCCACGATATGCGCCACCTCGTGGGCGACGACAGCGGCCAGCTCATCGTCCGTATCCGCCACCGTCATCAGATTCTTGAAAATATAGATGTAGCCGCCCGGCAGAGAAACCGCGTTCACGAGGTCTTTGTCCTTCGGGTCCTCGATGATGCGGAAGCGGTATGTCAGGTCGTGGCGGTCGCTGGCCTGGGCGACCTTGGCGCCGACGCGATCCAGGCGCTCGTTCATCTGGGGATCCTGGACGACCGTATAATTCTTCTCGACCTGCGCGGCCAGGGAATCGCCGATGGCCACCTCCCTTTCCGTCGAATACATCATCGTATCTTCTTTGTGCGTCGCCAGGTTGTATTCCGTCGAGCAGCCATTGACGGCAAAACCGCACAATACCAGCAAAAGAGAAACGCCGAATTTCTTGAGCATTACGCGCAGCCGGGCGATCGGCAGACCCACCACATTGAAATAGCATCCGCGGATACGACGGATGAACGACCCTCCCAGGCCCTGGACATCGAAACCTCCCGCCTTGTCCAAAGGCGAGACCTTGCGGAAATACTGCGCGATCTCCCGGTCGCTCAAAGGCTCCATCTCGATGCGCGTCTCTTCTACTTCCGTCATCTCCCGCCCGCTGGCGGCATCGATGACGGCGATGCCGGTATAAAGGACATGGGGCCTATGCGAGAGTCTCTTGAGCATCGCGCGCGCCTCTTTCAATGACGCGGGCTTGCCGAAAGCCCTGCCATCCTGCCAGACAAGGGTATCGCATCCGACGACAATCCCCTTCTTGACGCGCCGAGCCGCGTCGCGTGCTTTCAGCAAGGCATTGGCCGCCACCGTCCGCGCCGGATGCCGCACAGCGTCCGCATGCTCTTTGACGCGCGCAGGCATCACCCTGAATTTCACGCCGAGAGCCTCGAGCAATTTTTTCCTGGCCTTGGATTTCGAAGCAAGGATCAACATAACCATCGCCTCCAAAACTCAGAATTATCGCGTCAGTATTTCGCGTTCAACGCCGCGGATTCGCCGGCCACAAAACCCGTTGAAAACGCCGCCTGAAGATTGTAGCCGCCGCTGGAAGCCGCCAGATCCAGCACCTCTCCGCAAAAATACAACCCCGGCACGAGGCGCGACTCCATCGTCTTGGGATTGATCTCTTTCAAGGACACGCCGCCACAGGTCACCATCGCCTCGTCGATGGGCCTGGCCCGATGGACCGTAAAAGAAAAACCTTTCAGGGACGCGGCCAGGCGCCGGCGCTCCTGCACCGTCACCTGATGACACTTCTTGCCGGCATCCACAGCGGCCTGTGCCGCGACAACGCCGACCATCCGTTGCGGCAGCAGATTCTTGAGATAATTTCCGACGCCGGTATTGGCGGCCGCGCGCAACTCCGCCTGCAATTTCTTATCCAACTCTCCGAGGGCCAGGCCCGGCTTGAGATCCAGTAAAACCCCGACGCCTCCTTTTTCCAGCCAGGCCACGACAGAAACGCTATGATCCAGGACGAGGGGGCCCGAGACCCCGAAATGCGTAAAAAGGAGTTCGCCGACAGGTGTTTCGAGCTTGCAAGACCCTTGTGAGAATATAAGCCGGATATTTTTGAGCGTCAATCCCTGAAGGTCTTTGACAAACCCTTCGCGCGTCTCCAAAGGGACAAGGCCGGCCCTCAACGGCACCACGGTATGCCCCAGGTCTCCGGCCCAGGTAAAACCGTCTCCGGTCGAACCCGTCTGAGGATAGGAGGCGCCGCCTGTGGCGATGATCAACAGGCGGCACTCCAAAGACGATCCATCGTCGAAAATAACGGTCTTTGTGCCGCCGTCAAGCCCGACCTTCCGGACATGACGCCCCAGGCGGACATCCACAGACAGCTTCTTCAATTCAGAGGACAGGACGGCGATGATGCTGGAGGAAGAATCGGTGGTCGGGAAAACACGGCCCTGACGCTCCTTTTTGAGCTTGAGGCCGCGGTCCTCAAAAAACGCCGTCAGGTCCTCCGAGAAAAAACGGCCGAAGGCATTGCGCAAAAACAGGCCGTTGGCCCCGAAACGGCGGCAAAATTCATCGACGGGCGCCTCGTTCGTCAGATTGCAGCGGCCCTTGCCCGTCAGACCGAGCTTGCGGGCAAGGCTGGCGTTCCTTTCAAGCAAGACCACCGCAGGCACTTTCAAGTCTGCCGCGCGGCAGGCAGCCATGATGCCGGCTGGACCACCTCCAATGATCACGATCGGATGATAATCCATGGCGTCTCTAGTCAACCCATATTCCCCGGCCCAAAGGCCCAAATGCCGGGGCTTGTTTCGGGTACCTCTAAGCGGCCACAAAATTCTCAGCCCTAAAGGGCGGAGCCTTAGGCCGCGCAGAGTAAATAAGTAACGGATTTGGTTTAGGCGGAGGGTTTTTTAGCGGCTGCCGGCGTAGCCGGCACCCGCTGATTATAAAGATTAAAAAAGATTACACTGATAAAATTTTGTCACTATCGGTGTAATCGCATTTTAAAATCTGTGTCATCAAGACCGTTTCTGGTCTTTGACCGGTCTGTATTTTTCAGAGAAGAATTCGCTGGCCTTGAAGACGGACACAAGCTCACAGCCGAGCTTGGCCAGGTTCTCTTGCGCCCCTTCTTCCCTGTCGACGATCACGATGGCCTTGCGGACCGGGATATCCATCTTTTTCAAGACCTCGATGGCGTCGATGAGGGAGCCGCCGGTCGTCGCCACGTCATCCAGAAGAACGACCTCATCGCCGGCCTTCAGGGTGGGCCCTTCGACCTGGAGCATCCGGCCGTGGCTCTTGGGATTTTTACGGATAAGGAAGGTGTTGATAGGAAGATCACTCTGAAAACTGACCAGCGCCAGCGCCCCGACAATAGGATCAGCCCCAAGCGTCGGGCCGCCGGCCGCATGCACCTCAAGCTCGCGGATCATGTCGAAGACAATATGGCCGACCAGGTAAGCCCCTTGAGCGCTTAAGGTTACGGCGCGCGCGTCGATGTAATAATGACTCATCTTGCCGCTGGCGAGCTTGATCTCGCCCTCATGATAGGCCTTTTCTTTCATCAATGCGAACAACTGTTTTTTAAGAAGGGCGGGCTCCATAGGCGCTTATTGTACTGGCAAAGGGCATAGATGTCAACTGGCGTTATGCGCCCCCGACACAGAACAAAGGGTTCATTGACTTTTACCTATTAGGATGTTACGATGTTTCCCATGTTGAAAAGTTATGCACAGGCATGTTGCGACCTTCTCTTTCCGAGGAGCTGCCACATCTGCTCCCGGCTTCTCTGCGGGGCGACAGCCAGGTTTGACGACCATCTCTGCGCGGACTGTTTTGCCTCCATGAAGCGCTGTAACGCCATCTCCTGCCGCTGGTGCGGGTCGCCCCTGACCGAAGAAAGGGAAAAAGAGGAATTTTTCTGTCGCAGGTGCCGCAACGACAAGCCGGCATACCACCGCCTCATGACTTGCTACGCCTATGAAGGGC
CP019384.1_gap24	1314875	1317964	3089	GGCCGCGGCCAAGGTCGACAAGAAAGCCAAGGACATGACGCTCCAGGAACTGCGCCGGCAGATCAACAAATTCAAATCCACCGGCATCGACACCGCCCCCCTCTTGACGGAGATCTATAAACGCAGCGCCCTGGCGTTCTCCTGCATTGTCTTCATCTTCGCCGGGGCGCCGTTCGCCATGATCACGAGGCGCAGGGAGAAATCCCTGAATTTCGGCTTCGCCTTCCTCATCATGGCCCTTTATTATCTCTTGCTGATCGGTTTCGAAACGATGAGCTCCGAAGGCATCATGACGCCTTGGTTGGCCATGAGCATGCCGAACATCATTTTCGGCGTTCTCGGCGCAGGGATGTTCTACAAAACATGCTTATCCTAGACCGCTATCTCTTTCGATCGTTCCTCAAAAGCTTTATTTTCTGTCTCATTGTCTTTATTTTTCTATTCATCATCGTCGACATCTTCGGCAGTCTCCAGGAAATCCTGAACAACCACCCCTCGATCCTGAAGATCCTCGAGCTTTATCTCTATGCCGTCCCGGTCATCATCGGCCAGACGGCGCCCATCGCCGCCCTCCTGGCCACGCTCTTCACCCTGGGACAGATGAACCAGGCCAACGAGATCATCGCCATGAGGTCTTCGGGCCTGAGCATCTGGCATATCGTGCGCCCCTTCGTTCTCTTCGGTTTCATCCTGAGCCTGTCGATCTTCGTCATGAACGAAACCATCACCCCCTATGCGCAAAAGATGAGCAAATTCATCAAGCGCTATTATGTCGACAAGGCCTACGGATCCACCCAGGATGTCCCGCTGGAAAATGTCGCCATCTACGGTTACGATAACCGCCTCTATTTCCTTAATAAATTCTATCCGAAAACAAACACCATCGAAGGACTGACGATCCTGGAGCACGATGCCCAGCAAAACGTCCGTTCCAAGGTCTATGCGGAAAAGGCCGTCTGGAGAAACAACAGGTGGGTCCTTTACCAGTGCTTCATTTACTATCTGGGAGAAGGCCAAAGGATACGCGGGGAGCCTTTGTATTTTTCAGACAAGGTTTACAGGATAGAGGAAACGCCGGAAGACTTTATGAGGCAAAACATCCCTGTAGAAAACATGAACACCAAGGACCTCGCCAACTACATCGCGAGGCTCCCGGAGAGCGGCGCGCAGAATACGATCATCCGCATGAAGGTCGATCTTTTTCAGAAGACGTCGTCGCCCTTCACCAGCTTCATCATCATCCTTCTGGGCATCCCTTCGGCCATCATCGTGCGCCGACGGGCGGTTGCCTTTTCTTCCATCGGCATATGCATGGGCATCAGCTTCCTCTTCTATGTCCTCTTCGCCGTCCTGACGGCCCTGGGAAAAGCCGGGGTCCTGCCGCCCCTTCTGGCTGCCTGGGGCAGCCACATCATCTTCGGCGGCACGGCCCTCTATCTGATCGCGCATACCCAATAATATCGCGGAATCCCCCCGGACTTTAAGTTCGAGACTCCTTTTTTCTTTGGAACAATTCTCTGGATAATCCTATCGGCTATCCCCTGGGGATTCCCTCCCAGAGGCAACCGCCATTCATGGCCGTGGGATTAAACTTGAAGTCGCGAAATGACGCCTTATCGCAGAGGAGAACTATTCTTTATCGATATAGACGCGCGGCACGCGAGGAGAGATCCAACAGACGACTTCGTAAGGAATGGTGTGACACAGATGGGCGAGCTCTTCGATGCGGATGATCTTATCTTTTTGCGTTCCGGCCAGCACCACCTCGTCTTCCAGCCGGACGCTCTTGAGGTGGCCGACATCGATCATCGTCTGGTCCATGCAGACCACGCCGACAACCGGACAAAATTCCCCGTTCACCAGGACCCGGCCCTTGTTCGATAGAAGGCGGTTATATCCGTCGCCGTATCCGACAGGCAGGGTCGCGATCACCGTATCGTTTTTGGTGATGTGCGTCCGTCCATAACTGATGGAACGGCCCTTGGCGACATTCTTGAGATAGACGATCCTGGTCTTGAAAGAAAGGACCGGCGCCAGGTCCACTTTTCCGATCAACGCCTCTGTCGGATGCAGGCCGTAGATGGCCAGGCCTGGACGGACGAGGTTAAAATGGGCGTCTTTATAGCCGACAAGAGCCATGGTATTGGCGGAATGCTTGAGGGGGATCTTGACACCCTTGATCTCGAGCTTTGTCACCAAAGCGCAGAACATCGTGATCTGCGAACGCGTAAAAGCCTCGTCGGTATCGGCGCTGGGAAAATGGGTGTAGAGACCTTCGATGGAGAGATGCGGCAAGGCGCAGAGCTTCAGGATAAAATCGTCCGCCTCGGAATGCCACACACCCAGCCGGCCCATGCCCGTATCGATCTTCACATGGATCTTGGCTTTCTTCTTTAAGGCGCCGGCGACCTTATTCAGCTCCAGCGCCATCGGATAATCCGTGACCGTCGCCGTCACATCATTATCGATCAACGCCGCTGCGTCGCTTTTGAGAAAAGCGCCCAGATTCAGGATCGGCACGTGGATAAGGTTCTTTCTTAGCGTCAGGGCCTCGTCCAGACAGGCGACACCCAGATAATCCGCCCCGCAGGCGACAAGCTTACGCGAAACCTCGACGATGCCGTGCCCGTAGGCGTTGGCCTTGACCGCCACCATCATCTTCGTGCCTTCCGGAAGGGCCTTTTTCAGGGTCCGGTAATTACGTCCTACGGCGGACAGGTCGATCTCAACCCAAGTTTGACGATAAAAAAGGGATTTTTCCATGCGACGGAAAACCTTAAGAAATAACCAATAACCCTGCCTGCCGGCAGGCAGGCAAGATACAAGATCCAAATAAATCCCAATAACCAACGGCCAAATGATCAAACACGGTTTTTATTTTTTACCTAGTTATTGAATTTTTGTTTTTTGGTCATTGTTTGCCTGCCCTGCGGGCGTAGCCCGCGAAGGCAGGTTTCTTGGGATTTGGTTATTCATTCCCGTTAAATCTAACATGCCTTCCTGACCTGACAGTCCCTGGAATACAGATACACGGCTTCGAGCCCCTGCGCATCCGTTTTGCGTCTCTGACGGAAGGCCTTGCGCGTCAG
CP019384.1_gap25	1319927	1322894	2967	ATCCGCACCCCTTTAAAAGCAGTCGTCATACGGCCGATGGGATAGAAATGGAACCGGCCGGCTGAATACGCCGACAGGCGGCGTGCCTGCGCAGGCGCAAGCGTAAAGAGCAATTCGTAATCCTCGCCATCACCCAGGGCTGCTGCCATCGTCTTGACGCCCGGATTCCTTGGGATATCATCCTCGAAGATCTCGGCCCCCAGGCGGCTGGCTTCGCACAAACGGGAAAGGTCCATGCCCAAGCCGTCCGAGAGATCCATCATGGCGTTGACCTTGAAATTTTTCACCAAAAAACGGGCCTCTTTGACCCGGGGAACAAAAAACAGATGGCGGCCGCTTCTCTGGGAACCGCCCAAGGGGCCGGAGACAAAAATAGTGTCGCCGTCTTTGGCGCCGCTGCGTAAGACAAGGTTCTTCTTCTTGACCTCCCCCGTCATGAATACGTCGATCACGAGACGGTCGCTGCGGTTTATGTCTCCGCCGATGACGCTGACGCCGTATCTGCGGGCGCATTGCCCGAGCCCGGCAAACAAGGCCTGGGCGCGGCGCGCCAGGTCTTTGCGGGGCAAACCCGCAGAAACGAGGGCGAATCTCGGCTCGCCGCCCATAGCGGCGATGTCGCTTACTGAGACGGCGACGGCCTTATAGCCGACCCTTCTCAGATCTTCCCCTTTCTTAAAATGCACAGATTCCACGAGCATGTCAACCGTCAGGAGACCGTAGAGCTCTTTCGGCCCCCGGATGACAGCCGCGTCATCGCCCGGCCCGACAACGACTGAAGGGTCGGCTGTCCTGAACCGGCGGACGGCTTGAGCGACAAGGGCCCATTCTTTAATGTTTTTGAGATAGGCGTCCATGTAATCTTCTCAGGTTGCGGCCAAAGGGCTTACGGATCAGACCTTTCTCCGTGATGATGGCAGAAATGAAAGAAGCGGGCGTGATATCAAAAGCCGGATTGAACACATGCACCCCCGTCGGGGCAATAGGCTTCTTAAAATAGAACGAAGTCACTTCCAGGGGATCCCTCTGCTCGATAGGGATCTCTTTGCCGCTCCCCAAAGACAAGTCCAGCGTCGAAGACGGCGCCACGCAATAAAACGGAATCTTGTGATAATAAGCCAGGACGGCAAGGCTGTAGGTGCCGATCTTATTGGCGAAATCGCCGTTGGCCGCAATGCGGTCTGCTCCAACAAAGACGGCATCGATCCGGCCCAGGCGCATCAGGTCGGCCGCCATATTATCGCAGATCAATGTCACGTCGATCTTGTTATGCAAGAGTTCCCATGTCGTCAACCGCGCCCCCTGCAGGAGCGGCCGCGTCTCACAGGCATAGACCTTGATGGATTTGCCTTCTTCGTGGGCGCGGTAAAAAACGCCCAGGGCCGTGCCGTAACCGCTCGTCGCCAGGCCGCCGGCGTTACAAACGGTCAAAAGACTGTCGCCGTTCTTGACGAGGCAAGCGGCATGACGGCTCATCTGGAAACACATCCGGATGTCCTCGCTTAAAATAGCATCTGCTTCCTTTTTAAGGAACAGAAGAAGCCTTTTTTTATCCTCCCCCTCATGCGCTTCGACGACACGGACCATGCGGCCCAGGGCCCAAAAGAGATTGACGGCTGTCGGCCTGGCAGAAGCCAGATACCTGCTGATCTTCCGGGCTTCTTGCAGGAGACCCGGCCACGTTTTGACTTTAGACCTTCTCAGGCCGAGGACAAAACCCATGGCTGCGGCAATGCCGATCAGAGGCGCACCTCTCACTTTAAGTTTTTTGACCGCCCGCCAGACGCTCGAGATATCCCTGCAGCCTTCATAGACCAGTTCCACCGGCAACTTTGTCTGGTCGATAATACAGATATGATCGCCTTCCCAAAAAATAGGATTCACGAAGATGTTTTTCATCGTCGGGCTCGCTTTCCGGCGTTCTTGCACCACTTGAGCAGTTTCAAAAAAGAATTCTTGCGCACGTCTATCGCCCCATGGGGACAGACTTCCTGACAACACAAACACAGGATGCACCGCGACCGGCGAAAACGGACGCGTCCGGCGTCAAGGCGGATTGCTTCCGCCGGACAACTCTTCGCGCATATGCCGCAAAGCTTGCAATGGGACGCCTCCGCATAGGGTTTCAACGATAAAAAGGCGGTCAAAAGCCGGCTTAAGGCTTTCGGCATCCGCGGGAGTCTTGCCAAGATGCTTGCTTTCGGGAGCCTGAAAGACTCCGCCGTAAAATCACCCAAAGGCCCGCCGAGGACTTCAATGTCCTGAAAACGTCCGGGGCCAAGACCGCGTCTTGAAGCCTCCCTGCTTGTCGGGACAGCAAAACCGTCAAGACGCATCAGGTGCGCCAAGATCATATCCACACATACGCCGTCGCCTCCGGCCGCAACCAGCCCCATATGCTTGAGCGTGCCTGCCGAACCCGGGCCGTCGCCTTCCATGGCCGTAATCCCATCGACAATATTCAAATCGGGCCGGCGTGCCTCATAGATATCGACGATCACCCGGCTCAAATCCAAGGCTCTCGGATGGTCAAAATGGATCTTCATCTTGTGCATGCCGACGACCAGGCCGAAAAGGTTCTTGAGGCAGGCGGTCAGGATCGTAAATCCATGCGTCTTGAACTTCGGGATATTGATCAGCCGATCGCATGAAAAAGCCCATGGCGTCAAGGGATAACCCCCGACAAGTCGGCTCCTCGAAAAATAGACGAGCTCAACCCCCTCCTCTTCACAGATCTTTTTGATGCCCGAAACCTCATAGACCCTGCCGACGTCCTTTTTTTCTCCCCACACGCTCGGCGAATCTCCGCAAAAAATGTTGGTTGTGAGCGGACGAAGAAGACGGATGACGGCGCGCACGACTTCAGGATGCGTATCCACCCCTTTTTCCGGCGCGGCATCCGTCAGGAGGTTAGGCTTGAGCAACACTTTTTCTTTCGGTTTCACGAAACGCTCGATACCGCCCAGA
CP019384.1_gap26	1412186	1414883	2697	CATCAAATAATCAACCGGTTCTTTTCAGAATCAAAAGAAAAAGGCGTTCCGCGTGTTGAGGGCCGCCAAGACCGCAAAGAGAGGACCAAAAATGGAATGGTTCCTGTGGATCCAATCATTGATAAAATCGACCTTGCCTTCCAGGACGGTCACATAGATCCTCGAGTTGAATTCCAACCCAAGAAATTCTTCGATCGAGCGGAAGAGATGAGGCGAAAGCATGAAAATCAAGCTCAAGACCGTTGCTAAGGCCGAAAAAACAACCAAGAGGGTTTTAAAAATCGCATACGACATGCTTGTTTACCTTGCTGAAAAAATTAGCGGACGACTGACATCGAGTTTTTCGAATATGAATGCCATAGTTTTTGAAAATCGATAATCGAGAATTGACCGCGGTCGAGAATTTTCCACGATCAAATTTCGATTCTCGATTGCTCCGCCAAAATTTGCAGAGCAAATTTTGGCGGACCCATTTGCAACAGAACTCAAGGGACCACGAATCGAACCCCAAGGGTTCGAATTGGTATCAATGGCGGAGAGACAGGGATTCGAACCCTGGGGCCCAGTTGCCCAGGCCAACTGCTTAGCAGGCAGCTCCGTTCAACCACTCCGGCATCTCTCCGAGAAATTTTCCGACAAGGAAAATTTCGAGGACACTAAAGCGAACACGACGCATAAGCGCCGCGACCCGGCAAGGGCCGCAGCGAGCGATAGCGTCTTTTTATTATATCAAAGCCGCAAAGAGCTAACGGTGCGAACACTCAACCCATCTTCTTTTTCAACGTGTCCAAAAGCGACCGGAACGAATTCTCAAAAGCCTTGAGGCCTTCCACCTGCGTATCACGACAAACCGCATCAAGATTCGCACCGAATTGCGCCACCTTGGCCAGCCAAACAACCACCTCTTCCAGCTCGCTTTCCAAAGAAAGCCCCAGGCGGCCGTGATCCTCATAAGCCAAGACTGTCTGGTGCGGCATCGTGTTGACCGTCTGGGGACCAATCAGGTTATCCACATAAAGACAATCGCTATAAGCCGGGTTCTTCGTGCTTGTGGAGGCCCACAAAGGCCTTTGGACCCGCCCCCCCCTGGTCTTGATATCTCCAAATCTGTCGTCGGAAAACAATTGCTTGAACCGCTGGTAGATCAGTTTGCAGTTTGCGATCGCAATCTTGCCTTTAAGATCCCTGATGGCGTCTTTCCTGCCGAGATCCATCTCTCTGGCCATGATCACGTCCAAGAGACTATCCACCTTCGAGTCGATCCGACTCACAAAAACACTGGCGACGGAAGCGACGCGCGAAACATCTTCGCCCATCCGTATCCTGTCGCGCAGGCCGTCCTGGTAAGCCTGGGCTATGAGTTCATATTGCTCCTGAGAAAAAAGAAGGGTCACATTGACGTTAATGCCCTCGGCAATAAGCGCACGGATCGCATCGGGGCTCGATGCCGTCCCGGGGACCTTGATCATGATGTTTTGCCGGCCGATCTTTTTAAAAATATGCCTGGCGTATTCGATGGTCTTGTAGGCATCGTGGGCGTATTCCGGCAGGACTTCGATGCTGACATAGCCGTCCACGCCCTGCGTCGTCTCATAGACGCCCGCCAAAAGGGCGGCGGCGTCACGGACATCATCCGTCGTCAACTCATCATAGATGGCATAAAGGTCTTTGCCGGCGTCTTTGAGGCGCCGGATCTTGTCGTCATAGATGTCGCTCGACCCGACGGCCTTTTCAAAAATCGTGGGATTAGAAGTCACACCCACGATCCCCCTGTCAATGAGGCTTTTGAGCTCACCGCCGTCGATAAGACGACGGTCGATGTTGTCATACCAAGGGCTTTGGCCCATCTGGTAAAGTTTTCTCAACTTGCCGTTTTTATATTCCATGGTCGAAATAGGGGCTGCAGGACGTAGCCGCCGGAATACCTTCCTTCGCACAAGAGGCATTCTGAAAGCAGGACAAAGCGGATAGGCTTAAAAGCTATCCCATTTTACTGCTGAGGTGCGTTTTTTTGAAGTTTTTTTTCAAAAAAGACTTAGAAAAATTCCTGGAGAATCTGAGTGAGCTTGGAGGGATCGGGCCCCTGGGAAAGAATGGATTTTTCAGCCATCAGGCCGCAGGCGTCCTCATAAGCCGGGCGGCCATCGCGGTAGATGACACCCACCGGAATGGCATCTCCCCACTGGAGGGCCTTTTCAAAAGCCAGGGCCTTATTGTGAGCATCGTAATCCTGGGGTAACGGCTGGATCCTGTGTTTATACCAGGCGAAGTTATTCTTTTTATTGAAAGTCACGCACGGCTGGAGCACATCGACGAGCGAAAACCCTTTAAAGGCAACAGCTTGCTGGATCATGGAAGACAGATGAGCCTTGTCCCCAGAAAAACTGCGCGCCACAAACCCGGCGCCCAAGGCGATCGCCATCGCCAAAGGATGCACGGGTTCGTTGATCACGCCATGAGGCTGGACCTTTGTAACAAAACCAAGATCGCTGGTCGGCGAAGCCTGCCCTTTTGTCAAACCATAGATCTGGTTATCATGAACGATCACCGTGATATCGATATTGCGCCTGATGGCGTGGATGAAATGGTTCCCGCCTTCGCCATAGATGTCGCCGTCTCCGGAGGTCACGATGACATGGAGGTCTTTGTTCGCCAGCTTGATCCCTGTAGCGGCGGGGATGGCGCGGCCGTGCAGTC
CP019384.1_gap27	1551154	1552201	1047	TGGTTTTCAATAAATGTTATGGATGCCGCCGGTCCTTTTTAAAACCAGCCGCAAAAGGCCAGCGCGCAGATCGTCTTGGCATCCAGGATCTTGCCGCGCCGCCAAAGCTCCCGCATCTGGCGCCTCGTAAAAATCTTTGAGTCGAAGACTTCATCCCGGTCTTTGGCCCTGGGGGAGACCTTGAGCCCCTCGGCTTTATAAATGGATATCCTTTCCGTTGCGTAACCGGGAACCGGATAAATCCTTCCCAAAAGAGAAATCCTGGACGCGGCATATCCCGTCTCTTCCTGGATCTCCCGGCGCGCGCAATCCAGGAGCGATTCGCGGCCTTCCCGCGTGCCGGCAGGGAACTCATAAAGCCAGGTGTCGACGGCAGGCCTGAACTGCCTGAGCAAGATCACGCGATCCCTGTCCAGGAACGGAACGATCAGGGCCGCCCCCGGATGCTCGATCACCTCTACGTCTGTCATACGGCCATCCGGCAGCCTCCTCAGGCACCGAACGAGGTCAAAGACGCGGCCGCGGTAAATCAGGGCTTTCGCATCATTTTTCATCGCAACAAAAATACCCCCAAAAGGACGAAGCCGATCCCGAACATCTTCGCCGTCGTCAATGCCTCTCCCAAGACAAGGATCCCCATAAGAAAAGCGATCAAAGGATAGGCCCCTGCAATAGGAGTGACCCGGGACACATCGCCGCCTTTAAGCGCGTTGTAAAACAACAACTGGCCGATAAAATTAGCGGTAAAACCGCCAAAGACGATCAGGCCGATGTTGCGCAAAGGCGTATGCGCCAGCTCGGACAGGATTTGAGGCCGCGCGACGAGAAGAACGATCGCTCCCGAAGAAACCGCCAGGCACCGGACAAAGATGCCCGCCGCAGGCGTCAGCCGCGACAACCCCATCTTTTCAAAAACCGGCACCAAACCCCAGACGAGAGCCGTCAACAAAGCAAAATAATAAGATTTCATGCGTCTCCTTGATTTTGCCTATAACAAGGTTTCTATTCCTTGCACCTGGCCCTATCGGAAAGGGCCGCACCTTGCCT
CP019384.1_gap28	1554793	1556076	1283	CGTATGCGCATCATATCTTATCGAAGAACAAAAGAATACCCATGACCACAAAAATAAAGCCGCCCGCCATCTTCAGCCATTCGGGTTTAAGGAACCGCGACAAAATAGCCCCCAAAAAGACGGAGATCGCCGTCACCACGATGTAGGCGCTGACAGAACCCAGCCAGACCACCCAGGGCCTCTGGGATTTTGCAGCCATGGTCAGGCCGACCATCTGGGTCTTGTCCGCCATCTCGGCAAAAAAGATAGCGCTGAATGTCGCCAGAAATATCTTCCAATCCATACGTAACCTCGTTTTTTAAGAAACAGGAAAAACGCGGGTCCTTCCTCTAAAGATTTATTTGCGTTTCCCGATCACTTTTTCCTTCAGCGGATATTTACCGCAGGAAAAGGCCTCCCCTTCTGGGCAATATCCCAAGGCGTCGCACTTGGCCCCCGCGTCGACAAAGACCTCCGGCAGCTTCTGGCGGCAGATCTTGAGCATCTCGTCGCCCAGCCGCTTGATCTCCCACTGCGCGCGTTGACAACAGCGCTGATGGAAAAAATGGATCAGCTCGCGGCAATTCATGGTAACGACGATCTTGGTCTCCGCCGCCTGGGGCAGGACAAAGCGCACGTCCTGGTTGGCGTTCTGCCCCACCTTGCCTTTTTTATTGAAGGCCTCCAGCAGCCTGTTATAGCTCGACTGGATCATCTCCATGGTCTTGAGAAATTCCGCTTTCAGAGACGCATCCTGCTCGATGGAGGGCGGGATGACATAATCGAAATTTGTCTCTTTCACATAACGCTGGCTCTGCTGGGAAAAAGAAGCGATCCTGTGGCGTACCAGCTGGTGCGTCAGCGCGCGCGACACGCCTTCGATCGCGAAGGTGAATTTCACGTGCTCCAGCGGACTTTCGTGTCCCGAGGCGACGACCTTGCGGATGAACGCCGCCTGCTTCTTCGGGTCCTCCTCCTTCTCGTCGAACAGCTCGCCGGCAAAACGAGGAGAATAACACTGACGGCAGGCGGCGTAGATCAGGGCCACGGGATGCTGCGACATTTCCAACAGGCGGACATTCAATTGGACCTGAGGCATAGATCAAGACTCCTTTTCTGAAAAGAAATTCTGCGTTTCGTTGTCCTATCATAGCAAACAATGCCAAGCCTGTGAAAAGATTTTTTATTTGCCAACCCCCCGGTCTTTGATATAATACAGATACAACTTGGTAACAAAAGCTTCTGGCGACATGGAATCAACCATGAGGAAGCGTATTTGAAAGAAAATCGTGAGCCTGGGTTTT
CP019384.1_gap29	1619833	1622567	2734	CATGAATACCGGTTCGTCTGCTGGGGGACCAAAATCAAAAAAGCTGCGGATAGCGCGATACCGATGGCCGGAAGAAAGATAAGCCGGCGCGCAAAATATCCCATGCCGCCCGGAGAAGAATCTTCCTGCCCGCTCCTCCGACGCAGAACCTCCCTCAACAGACGCCTCGCCAGCTCTCCCTCAGGCAAAGTCCTGCGTTCTTTTTTCAACAAAACCTCCCTGACACAAGAGAGCTCCCGTAACTCTTTCCGACAGGAGAAACAACCAGCCACATGCGTTTCAATGAAAGCCGCATCCCTCTTTGCGGCCTCCTTGTCTATGTAGCGGGACAACAATCTCCTGGTTCGTGCGCATGCATTCATATCACATCTCCCCCAAATTTCATCAGTTCTTTTTTCAATAATTGCCTGGCGCGATAGATCCTCGATTCCACAGTCCCTATGCGACAAGAAAGAATCTTCGATATCTCGGCATAGCTTAATCCCTCGATATCTTTGAGGACCACCGCCGACCTGTATGCCAGCGGGACTTTACCCAGCGCCTTCTGAATCAAGACATCTCTCTCTTTCATCAAAAGCACAAAAAGCACATCGTTGTGGCCGCCGCGAGCGTCGACACTCTGCCCCAAAGCCTCTTCTTCCGTAACAACGTCCCTTCTTTTACGCAGAAAATCGTACGTCGTATTCAACACAATGCGATAGAGCCATGTCGAAAAAGAGCAGCGTCGCCTAAAACCCTTCAGGCCGCGGTAGGCTTTCAAAAATGCCTCTTGGGCGATATCTTCACTCTCCCTGTCTTTTCCAATCAGGGAAAAAACGATATTCAGGACCCTGTTCTGGTATTTCCTGACGATCGCTTCAAATGCCTTCTCTTCCCCGCCGAGAAACTGTTCTATGTAAAAGGCGTCTTCTTTCATCGATTCTCCGGATATTAGACGTAAGAGAAGCGGATTTTATTCCAGGGATTTTCAGGCGCGCAGCGGACAAACAAAAAAGCCTGATAAAACATCAGGCTTTTTGGGAACGCTTATGCCCATCGACCGGGCGGTCATTTTTTCTTACAGGTGCACTTATCAAATTCCTTGCCGCACCCTTCACACTTGCCGTTGACGATCTTCTTGCCGCACTTGCATGGGGTACAACCGCAGACTTTACACATACGTCACCTCCAGTTTGTTCCTCTCCCATCCTCAAATCTATTATACCACTGACGAGATGATTTCCAAAAGAATCCGGCCGGCCGCGACCTTGTCGCCTTTCCTGATCTTGCGGCGCAGGCGGCTTTCTTTTTCGCCGTTAACGAGGATCAGGCCTTGACGAATAAGGTCTCTGGCCTCGGCGCCGCTGGCCGCGATGCCGGAAGCCTTCAAAAGATTGTCCAGTTCGATATAATCGCCGCGCAGAGCGAATTCCATCAGGGGTCAGAGGCCGGCAAGGACTTTCAACGCATGGAGATATTTCTCGGATGTCTTTTGAATGACATCGGCGGACACATCCGGGGCCGGAGGCGTCTTGTCCCAGGAAAGCGTCTCAAGGTAATCCCTCACAAACTGCTTGTCAAAGCTGGGCTGGGGGCGGCCCGGCGCATAGCCTTCTTGCGGCCAAAAACGGGAAGAATCCGGCGTCAAGACCTCATCGATCAGGATGAGCTTGCCGCCATATCCGCCGAATTCAAACTTGGTGTCGGCAATAATGATCCCCTTTGTCTGGGCGTAAGCGGCGGCTTTTTCGTAGAGGGCGACGGCCTTGGCGCGGACATCGGCGAGAGCTTCTTTGCCGACGATCCGGGCAGCGCCGGCCTCGTCGACGTTGATGTCATGGCCGATATCCGCCTTGGTGGAAGGCGTAAAAATGGTTTGCGGCAGCTTCTGCGACTCTTTCAATCCGGCCGGCAGCCTGATGCCGCAGACAGACTGCGTCTTCAGGTATTCTTTCCATCCGGAACCGGACAGGTAGCCGCGCACGATGCACTCGATGGCGAGAGGTTCGGCTTTTTTGACAAGCATCGATCGGCCGCGCAAGGCCTCGTGGTATTTTTTGGCCTGCGGCGGGTATGCGTTGACATCCGCCGTCAATAGATGGTTTTCGCAGATATCCCGAAGGTAATCAAACCAAAAAAGGGAGATCTTCGTCAGGACTTCTCCCTTATGAGGGATACCGCAGCCTAAGACAACGTCGAAACAGGAAATACGGTCTGTGGCGACGATCAACAGGCTGTCGCCGAGATCGTAGACATCCCGCACCTTGCCACGGCGCAAGAGCTTTAAATCGGAAAAATTCGTCTGGAGGAGAACGTTCTCGGACATGTATGCTATCTATTCCTGAAGTCTCTTGTTCTGCGCTTCCCACTCGGCCCAGAGCTCCCGCGGAAGCCTATCCCCAAAAGTTTTCAAGAATTCCCTCTGGCTTTCCATCTCCTGAAGCCATTCAAAACGGTCGATCTCCAGGACCTTCTGCAGGGCATCCCTGGAAATATTCAGCCCCGTCAGGTCCAGGTCTTGCAGCCTGGGGACATATCCGGCAGGCGTCTTGACCGCCTCAACCCTGTTGTTGCAACGGTCAAGGATCCATTCCAGGATGCGCAGATTTTCGCTATAGCCCGGCCATAAGAACTTGCCGTGTTCATCAAGACGAAACCAATTGACATGGAAGATTTTCGGCTGTTTTTCCATTTTTTTGCCCATCGCAAGCCAATGCTTGAAATAATCACCCATGTGATAGCCGCAGAAAGGCAA
CP019384.1_gap30	1788693	1790004	1311	AGATGCGCAGCGCCCAGCGCCGTCTTGAATACGACGACTTTAAGCCAGATATTGCCGATCTCCAAAACAACTGTTGTCGTCATGTAAGGGATGGGATCAAAAACTCATAGAGTCAAAGCAAAAAACAAATAACCGATTAACCGCTGGATCCCAATAACCGGGTTCTCGAGCGGCTTCCAACAAGTATCCAGTTTAAACCAGAGAACGGTTACCTGTATTCAGGAAACTCAAAAATCCTAGGGAATCCCGCCCGAATGCCCAGGGAGATGCCTTTGAGCACCGCCAATCCCCGCTTTTAGCGGCGGGCATCTGGGTGCGGGATGAACTTCTATGGCGGCCTTGTGGGATTTTCCCCACAGGAAGGACCTCCGTATCCCTTTTCTCCATTTTTTATCTCTTGCCTCGGCTCTCCGCCCCTCTGACCCTCTGATGCTTTGACCCTGTTTTTATTTGATCAGAAGGTTGATCTGCAGGATCGGCAGAAGCATGGCCATAACGATCGCGCCCAGGATAACACCCAAAAACAGGATGATGACAGGCTCCAGCAGCGAGGTGACCACCTTGAGGCGCGCGTCGACTTCGTCGGTATAAATATTGGCCACCTCGTTCAAAACGCCCTCAAGCTTGCCTCCTTCTTCTCCGACGGAAACCATCTGCACCAGGAACGGCGGGAAAAAAGACACCTTCTTCATGCTCGAAGCCATGGAAGTCCCCTCGAGGACGTCTTTTTTGACTCCCTCCAGCTCCCGCGTCAAGATGGTGTTCTCCAAGGTCGGAATCGCCACCTGCAACGACTGGAACGCCGGAAGCCCGCTGCGGATGAGCAGGGACAAGGTCCGGCAGAACCGCGCCAGGGCCTGCTTTAAAATCAGCCCTGACCAGACGGGAACATGGAGCTTGACCCAATCCATCTGTATCTTGCCGGCGGGCGTCTTGGCAAACTGGGAAAGAAAAAAAACCAAAAAAGCCGCGGCCAGGAGGATCATCCACCACCAGGCCTGAAAGAAGGAACTGACGGCAAGCATGATCTGGGTGGGCAGAGGAAGACGATAGTCGAAATCGGCGAAGATGGCGCTCAATTTCGGAATGACATAGGTGAGAAGCACGAAAACAGCGCAGATGCCGACGCAGATCATGAGCACAGGATACGCCATCGCCGTCTTGATATGCATCTTGAATTCCTGCTCGCGGGTGAGAAAATCATCGAGTTCGGCCAGCACATCATCCAGCCGGCCCGAGGCTTCGCCGATCTTGATCAGGTTGACATAAAGACTGGAAAAGAAATTCGGGAATCTTGTGAGGGCGGAGGAA
CP019384.1_gap31	1820271	1821506	1235	GGATCTCGCGCTCAAAAAAACTCGCCGAGTGAATATCCCGTGCCAGGGATGGGAACAACGGCCTGTCCTGCGGGATATCGGCGGTAAAGATACACCATTTCTGGAAGTCGCGGGCCAGAAAAACGCAATAAATCTCGAACGCATTCTTGGCAACTCTTTCGTCGGCCGCAAACATGGCCATGACCGCCGATGAAAACGTCTTGTGCGCAAAAAGGCAGGCGCGATGAAAATCCTCAAGCTTGAGACGGATAACAACCTCATCGGGATGAAGCTCGAAGGTCTCAACGATCATGACGCCCTGTGCCCTTAATTCCTCTATCACGCCCATGAATGTCTTCATAGCCCCCCTCCCGTGACAAGGCGGGATGCAGCAACAAGCAATGCCTGCAACGGTGTCGGCATCATGACGCCCAAAAGAACCAGAAGAAGCGCCAAGGACACAAAGACCAGTTTCATGCTTAGGGCCTCACCGCCGGACTCTATCCCTTTGGGCTTATGTCCGAATATCGATGCGCTCAAATGGAACATCAGGGCGCCGAAAACAACCGCCAGAAAAAGCAAAAGCAGGACCGCCGGGCCGTAGAGCCCCTTCTGGAAGCAGGCCGAGAGGATCATGAGCTTGCTCATAAAAATCCCAAATGGCGGCATCCCAACGAGGCTGAGGAGCCCGACAAGGGCCGCCGCCGCCGTAAAGGGAAGCGTCTGGACCAGACCGTGGATCATGTGAAGATGATGCGTCTTGTATTTCTTGACGGCGTTGCCTGCCGCAAAGAAAACCAGCGATTTGGTCACCGCATGGTTCAAGGCATGGAACATGGAGCCGAAAACTGCCAAGGGCGTCCCCACGCCCAGGGCGAAAACGATGATGCCGACATGCTCGATACTGCTGTACGCCAAAAGGCGCTTGAAGTCCTTTTGGGCCAGCAAGAAAATTCCGGCGACAGCGACCGAGAAGAGCCCGAAGAAAATGAAAAGACGCGACGTAAATTCCGGCCCCATCGCCTTGTTGGTGATCATGGCGAACCGGATGATCGCATAGAGAGAGGTCTTCAGAAGCACGCCCGAAAGCAAGGCGCTGACCGGGGTCAAGGCCTGGCTGTGGGCGTCAGGCAGCCAGGTGTGCATCGGCGCCAGGCCCGCTTTTGTGCCATATCCGACCAAGATGAACAAAAAGGCCACGCTCATAATCCGGGGATTAAGGCCTGCTGCGCGGCCCATGATGACGGACCAGTCGA
CP019384.1_gap32	1886823	1887651	828	TATCTCGATCAGGCCCCTCCTGATGCCCGAAAAGCCTTGATAAAAGCCCTTATCAAGGAAATCATCGTTTACCAAGACTATATCGAAATAAAAATGTACATAGATCAACCGACTGTAGACAGCCTATCGTGCAGACTATCTGTTCCGGAGGCCCATAAACCGCCCCAAAATGACAAACGCCCTGCAGGGGAAACCTGCAAGGCGCTTGTTACTGCATCGAACGCTCGATGTTCGCCTGAGCGTCAAGATTGGCTGCCCAGAGTTGTCGCCAGCCGCACCGCACAACCTCAAGTGGTTCAATTAGTTGTGAAAATGGAGATTAGGCGAAGCAAGCGGATTTTGCTTAGTTTAGTCGATCCCCTGCCCCCAAAACCCATCCGGTTGCCGCCGGTTTACCCCAATACCATAGTAGAAGCCTTAAAGATCAAGGCATTCATGAGCCAGGGGCCTACGATGCTGACCTGGGCACAAACCCGTAAAGCGTTAAATATCTCAGAAGCCAAGTTAGCACACCTGCTGAAAATAGTCAAGACGCTACCTCCGGACTTCGTAGAAAACATGAAATCTTGCACTGATGAAAGCATGCTAAAAATCTTCCACGGCCGAAGACTTCTGAAGATCTCCCGCCTAAAAACCGAGAAAGAACGCCGAAGCGAAATTGAACGCCTATTGCTAAAGATTTAGACCTCAATTTCCCTTCTTATTTATTAGCCTCTACTCGCTTCTTAACATAGGCTGTTTGCTTCTTGTAGGAAAACAAAAAGATAACCAGTAAGGTAACCACGAGAATAAAAAGCTCCCACCCTCGGAGGATCGAAAACTTCCTTC
CP019384.1_gap33	1908384	1909423	1039	TTGCCCGTTCCCAATCGGCAACAAAACAATTTCTTCTCCATTCTTTAATGATAATATCGCTGGCGCTCTCAATCGGGATATTGACCGAACGAAACCCGGCATTAACCATCTTCTCTGCAATCTCATCAGTTAATAAGCGCGCCTCTACGCCGCCGTAGGAATAAAGCTCGATGTTTAAACCTTCTTGGATAACCTTATCGAGAATAATTTTAAAGTGATTTTCGTATCCGTAGAGGATATTGGCGTCGAGAAAGATAAACTTCTTTATTCCCATTGACGTATAGTATTTAAGTTCACTCACCACTTCATCCGGACTGGTATTCACTTTTGTGCAGCCTTCCACAATGTGAACGGCGCAATACGAGCAATGGTTAGGACAGCCCACCGAGGTCCCAAGGAATATCCTCTCAGGAATGTTATCTCCGAATAAATCCGTATCTATCTTGATAAAATTATCGTTTACAGTCTTTTCTTCTAAGGTCATTATTTCATCGGCCCCTGATGCCACAGCATGTTCCGGACAAAGAATAGCGTATAGGCCGCCGACCTTTACCGGAACCTTCGGCATTGTCCTTTTACACTCGGCTACGATCTCATAAACTGCCCGCCAAAGAAAAGTAAAGGTATTGCCTACAAAGATCTTGTCAGGCTGAAACTCCTCCAGTTTTTTTGTCAGCTCTTGGATCGGCAAGCCCAGCCTGTGAAACTCCCTGCAGAGTTTTTCATTCTCAAAGTTGCCGCATTTCTTATAACCGATGAATTGCGATACCGGCATGCCCTTGAAATACATTGCGTCAGGCTTGTTCTCCATAAACTTCCTCGGCCGGTAAAGAGGATACATGTTAAAAAGCTCAACTGCATGGCCTTCCCTGCGCAATTTTGTCGCAACCTTGTAAATACCCACCGGCGAATTCCGATACATCATCGTTATAGTGGTATATTCATATGGAACGATGCATAAATACTTCATGGCTTAGTCCTTAGGCTTCGCGGTAAGCAAAGACAGCCCCTTCTTTACATCCTGCAACTCTTTCACCAG
CP019384.1_gap34	1973701	1974201	500	CTGTGTCTGCCCTTCTGCCGTCTGGCTTTCAAGACCAGCCTGCCCTTTTTGGTCTTCATCCGACGACGGAATCCATGCCTGCGCTTTCCGACGATCTTGGTTGGTGTCTTCAAATGATATTTCATAGTCCGGAAATTATAACACACGCCGTGGTGAAGTCAAGATTTTTGTATTCACCGCCGAGGCTGGCCTGGATTTTTTCTGGGCCGTAACCTTAATGCCGTGAGTCTGTTTTTTCCTTCTCCGTTTTCCGCCGCGTTAAAATTTTCTTGCATTGTCCTTCGGCCGCGATTATAATGAAAACCCTTGGCGGCATGGTCGGCGGAAATTCCTGGCCGGCCAATAAAAACAGCGTCTGCCCGCCGGGAGGATGAAATTGCCCGTCTCCCGTCGGGACAAGAAGGGAAGGCAGGGCCCCCTGTGGATAACCCTGTGGACGCTGTGAATAACTCGACGAGCCCCCGACAAATACCCCGGCAATCCAAGGCCGCATAAAGCAT
