gap_id	start	end	length	sequence
CP019999.1_gap1	10156	15122	4966	TACAAAAATTATCATTGGAAGCGTCTGGGCTGGTTTCACCCCGGCACTTCGCGCACTTTTAATTTCGGATCTTTCGGCCGTATATCCTGCGGCCCTATGACCCTTGAAGAGATGCGTCCGCTGCCCGGCATGTACACTACTCTCAAAGAGCTGGGTTTTTATATGGGCGGGTTTAACTGGTTTACCAACTGGATAAGCATACCCCTTTTAAACCTTGGGCTGTGCTTTTTTGGTAAAGAAGCCAAACGTTCTTTGGGTAAACTGCTTGTCTGGGGGCTTCGCAATTTTGACAACCAGCCTTATGGAATGGCGATTAAAGTTTCCGCCAGAGGCGAACGGGGCGGGATAAGGGAGAGGCAGGATATACTTCTTTCCCATAAAGATGCTTATATGTTTACGGCTATACCTCTAGTAGCCTGTTTGAAGCAGTATCTAGACGGCTCTGCCCGCCGCTCCGGTTTGTATTATATGGGGCATCTGGTAGATTCAAAGCGGCTGGTGGGAGATATGGAAAAAATGGGTATGACCATCCGTTTCCAAACCCAGCTGGTGGATAAACCTCCGGTAGCGCTCCCCGCATAGAGGATTAGCCCTTATCCGGCCGTTTCCAGTGGTCAACTATCAGGTTGCGTCGGTTAGCCGGGTCACGCAGGCTTTTCCTATTGTCCAGTACGAACTTGCCCCCTATCATTAAAAAGAGCAAAACTGATATCAGGGTGGCAAATTCGGAATGGCTGCCGTACCAGACTAAAAAGGGCAGGCTGAAAAGGGCAATCCCGGTGGCTAGGGCTATATTTCGGGTAAGGGCTAAAGGTATAAAAACCAGCAGTGCCAGTATACCCAGCTGTTGGGGAAGACCGTAAACAGGCAGCAAGAACAGCATTGCCCCGAATGCCGGCCCCAGCCCTTTGCCGCCTTTGAAATCCAGCCAGACAGACCAGTTATGCCCGATTACGGCCATGAAACCGGTCAGAATAACCCACTGGGCATTTTGGGTAAGCAGATAATAGGAAACAGAAACTGCCAGAGCGCCTTTAACCAGATCTATAAGGGTTACGCTGATGCCTGCCCCCGTACCTACTTCACGGAAGGTATTTAATCCCCCCACATTCCCCCCGCCCATCTGGCGTATGTCCCGCCCGATAAGGCGGCGGGTGACCAGATAAGCTGAGGGGATAGAACCCAGCAAATATCCTGTCAGGAGCGACAGTAAAGTATATATAATGCCCTCCTACGGATCATTTACAGGTTATAAACCGGAGTACACCAGTTTTCATACTTGGTGATGTTGCCTTTGATGGCTTCAAAATACAAATCTTTCAGTTTGGCGGTTAACGGCCCAATCTCGCCGTTGCCCACCTTGCGGTGGTCAATTTCGGAAACAGGAGTCAGATGGGCGGCTGTGCCGGTCAGGAAACATTCTTCGGCCATATAAAGTTCCACCCGGTCAATGCTTCTTTCAACCACCTGCAGGCCAAGCTCTTTTTCGGCCAGCTCCATAACCGAGTTACGGGTAATGCCGTCCAGTATGCTATCGCAAATGGGAGGGGTAATAAGCTTCCCCTTGCGGACCAAAAACAGGTTTTCACCGCTGCCTTCAGAGACATGCCCGTCCGGGGTCAGCATAATGCCTTCGTCAAAGCCATTTTCAACTGCTTCGGTCTTGGTAAAGGCATTATTCAGGTAAATGCCGGTGGACTTCAGCTGGGGAGGCATAACGTTGTCGTCAGGGCGGCGCCAAGTGGAAACACAGCAGTGGCAGGTATCTTTATCTATATATCTGCCCCAGGGTATGGCCACAATCAGCAAATCACATTCCAGATTGTGCAGTCTGACCCCGAAGCTCTCGGAACTTTTATAAGCTAGGGGTCGGATATATATATCCTCCTTAAAACCGCACTTGCGGACCAGCTCAATTGTAATTTTACAAAGCTCATCCACCGTGTAGGGGAGGTCCATTTTGAGCACTTTGGCACCGGAAAGCAGCCGGGTATAGTGCTCCTTCAGGCGGAATACGTACATCTGCTTCTTTTCATCATTCCAGTTGCCGCGAATGCCTTCAAATACCCCGGTACCATAGTGCAGGGCATGGGTCATTACCCCAATCTTGGCATCCTCCAGCGGTATTATCTGTTTTTTAAAGTAAGCATATGACGTTCCCATCTTGCGGACTCCTTTCTTTGAAGATAGATTATAGTCCGCCGGGTATTAAAGGACAAGCCGAGATTGGGTAGGGGATTAATCTGAAGAAGACTATTTTGGGTTAAGAGGGAGGGGGTAAGAGGTAAATGCCCAATCTTGTAAATAAAATACTGCCTAAAACATATCCTTCAGCCTGTATGTCCGCCCGGTTTGGACTGAACTGAAACCGTACTTCTGGCGGATTTTATCCAGAGAGGCGTCCAGTTTTTCCAGCCGTGCTTTGGCTGGGTCTATTTCCAGCTGTTTTTCCGGGCCGCAGAAATCGCTTATGCCTACCCCCAGCAGTCTGACGGTTTGGCGGTCTGAATCCAGTATGCCGTTCATCAGACTAAGGGCTGTCTGGAATATCTCGCGGTTGCCGGAGGCAGGTTGTCCAAGGTGCTTCTGGCGGGTCAGGGTGGTAAAGTCTGCAAAGCGTATTTTTATCTGGACTACCCGAGCCTGTTTGCCCCGTTTGCGGAGGGTGGCGGTAATTTTTTCGGAGAGATAACTTAGCTTAGCTTCCAGAAAAGTCTGGTTTCGGGTGTCTGTCTCAAAGGTGGTTTCGCGGCTGATAGACTTGGCTTCAGAGGGCATTTCAACCGGGCGGTTGTCTATTCCCATGGCGGCATTTGAAAGGTACGGGGCATATGCCCCCAAACGGCTTTTTAGAAATGAAGCAGGCAGGGCAGCCAGCTTGCCCAGAGTATCTATCCCAAGTGATTTCAGGTGCTGTTCGGTTTTTTTGCCTATACCCGGCATTACGGCTATATCCAAAGGGGCTAAAAAGGAGGCTTCTTCACCCGCAGGTACTTCGCACTGGCCATTGGGTTTGGCCCGTTCGGTAGCTATCTTGGCTGCTACTTTGGAATTGGCAATGCCGATACTGGCGTTTATACCCAGTTCGGCAGTGATGCGGCGGCGGATTTTAGAGGCCATTTCGGCAATGCTGCCGTGCAGGGATTCAAAGCCGGTTACTTCCAGATAGGCTTCATCCAGACCCATGGGTTCAAGGAAGGGTGAGAAATCTGAGAGTATAAGCATAAATTTTTCGGAATACTCACGGTAAAGCTGGTGATTGCCTTCAATAAATATAGCTTGAGGGCAGAGATTTTTGGCGGTGATAAGCGGCATGCCGGAGTGGATACCGAATTTGCGGGCTTCGTATGAGGCGGCGGCTACTACGCCCCGCCGTTCGGGTTTGCCCCCTACTATAACCGGTTTGTCTTTGAGTTCAGGGCGGACTGCCTGTTCTACCGAAACAAAAAAGGCATCCAAGTCTACGTGCATTACCCGTCTGATACTCATTACTCGCCGGGCTTTATCAGGCATTTAACCTTTTTCTCAAACAGGGGTCGGGATAGTAGCAGGTGGTGACCGCAACGCAGGCAGGTAATGCCTATATCTGACCCCGCAAAGTCCACCTTCCAGTCTGTACCGCCGCAGGGGTGGGGTTTACGCAGCTTGTATACATCTCCGGGGTTTATTTCTGGCATTTTACTTCCGTATGGCGTGTGCGTTTATCCGAAATGTGCCGGATATAAAAGCAGCAGCCTTTTCCGTATATTAAAAACGTTTTCGGTAATGGTTTATGGCGTCCCGCATCTGTTCGGCGGCTTCGGCTGCCCCTTGGGCAAATTCACTGCCGCTACGGGCGTAAAGTATGCCGCGGGAAGCGCATATAATAGCCAGTTCACCGTTGGGGTTAGTCCCGTTTTCTATGGTAGCCTTCAGGTCTCCGCCCTGAGCGCCTATACCCGGAATAAGAAAAGGTAGTTTGGGGTAGCTGAGGCGGAGTTTTTTAAGCTCTTCCTGCTGGGTAGCACCCACCACCAGCCCAATATTCTCATAACGGTTCCAAAGGGAAGCCTTGTCTGCCACCACTTCATACAGAAAGCGTTTTTGCCCCAGATATTCGGTCTTCAGCATCTGGAAATCTGTTGAGCCCTGATTGGAGGTGCGGCAGAGGATAAATATACCCTTGTCCTGATACTCAATAAAGGGTTCAAGAGAGTCATAACCCAGATACGGGCTGACAGTTACGCCATCACAATCCAGTTCGTCTAATATGGCTCTGGCATAGGCTTTTGAGGTATTGCCTATATCTCCCCTTTTGGCATCCGCTATGGTTATGAGTTCACGGGGAATAAGCTCACAGGTTTCAGATAAAATTTCCCAGCCCTGTTTGCCCAAAGCTTCGTAAAAGGCCAGATTTATTTTGTATCCGCAGACAAAAGGTGCGGTGGCTTCTATAATTTCGCGGTTAAATTCCAGTGCGCTCATGCCCACCGGCATAAGTTTCGGGTCGGGGTCCAGCCCTACGCAAAGCAGGCTTTTGTTTCTGTTGCCGGCCTGTTTTAGTTTTTCTAAAAACTTCATGTGTGTAATCCTCTGGAAAGGATATTAGCAACTGTAATGCCTTCCAGTCAAGAGAATAAAATCAGGAAATATGGAGGGCAGTATATTTAAATGCTTTATTTCAGGTGGTAACATAAAGCGGGAGAATAAACATGGAGGAATGTGTCCATGAAGAAAGAATTTCCGAATAAAAATTTTCAACGGATAGAGGCCGGGCATGGTTTTGAGATAAGCCTGATACGGTCAGATAGTTTTGAAGTAACTGTAGATGCATCTGAAGACGGGTTTAGAAATATTGAAATAAAGCAGGAAGGCGACAAGCTGTGGCTGATGTATAGTCCCAGTATTTTCAGCCTGAAAAACCTGCTGCCGGGCTGGTACTTGCCCAGAGCTACCGTTAAAATGCCCCGGTTGGGCGGACTCTACA
CP019999.1_gap2	25897	30351	4454	AGCCTCTTCGTCAGTTTCCGTGCCGTCTACAGGTACCAGTATACGTTCAAATTCCATAGTTTATCGGATAGCCCCTCATTTCCACAAAGTCCATTATAAACTGCAGTTTAATACTTTACAACTAAGGGGGTGTTTAACGCCAGCGCCAGAAGGCCGGCACGAATAAAACCAGTAAGGTGAAAAGCTCTATTCTGCCTACCAGCATGGCTATAAGGAGTACCAGTTTGCCTATGCCCGGTATGTCCGCATAACTGGACATGGGGCCGACAGTACCCAGAGCCGGGCCTATGTTTCCCAAACAGGAGGTAATGCTGGATAGGGCAGTAACAAAGTCCAGCCCTATGGCACTCATGATTAGAAAACCTGCCCACAGGGCGGCAAAATAGAGTATAGTCAGGCCTACTGAACGCGAGATAAGCTTGTCGGAAATAACGTTGCCGCCTATTTTTATGGGTATAACTGCGTTGGGGTTGAAAGTCAGGAGTATGCGGCGGTAGGTGTATTTAAACAAAACCAGCAGGCGGATTACTTTCAGACCGCCGCCGGTAGAACCGGCAGATGCACCCACTACCATCAGTACCAGTAAAATAGCCTGTGAGAAGTGCGGCCAGGTGGCAAAATCAGCGGTGGCAAAACCGGTGGTAGTCATAACTGAGGTAGTCTGGAAGCTGGCCTGACGCAAACCCTCAAAAATACCTATGCCGGCATTGGCTACCAGATCCCAGTTTATAAGGAGTATACAGCCTGCCAGAATACCTATATATAACTTGAACTCCGGGTTGCCGAAAAATTTGGCGGGACGGCCTTTCCAGAGCAGGTAGTAATAAAGTCCGAAGTTTACCCCGCTGGCCACCATGAAGAAAATAAGAATAAGTTCAACAGCTAGGTTGTTATATACTCCGATACTGCTTACGGGTGCAAAACCGCCGGTAGGGGTAGTAGCCAAAATGACATTAAAGGCATCAAATCCGGGCAGTCCGGCAATAACAAGGGCTATGAAGCCTGCCACTGTAAAACCCAGATACAGTAGCCACAGGGTTCTGGCGGTATCCCGGATACGTGAGGTCAGCCGTTCCTGCTGACCGGGTGTTTCAGCTTCCATAAGCTGGGAAGCACCAATGCCCAGCATGGGCAGGATGGTGACAAACAGCATAATGATACCCAAGCCGCCTATCCACTGGGTCAGGGAGCGCCAGACAAGTATGCCGTGAGGCAGGTTTTCTACACTGCTGAACACACTGGCACCGGTGGTAGTCAAGCCGCTCATAGCTTCAAAGATACAGTCAATAACACTGGGGAGTACCCCTGAAATGATAAAAGGGAGTGAACCGAACAGGGCGGCCATAATCCAGCTTCCGGCTACAATAGCTAGAGATTCGCGCAGGCTGATACGCCTTTCGGTGATGGGGGTGAAACGCCACAGCAGAAAGCCGGCACTTAAGGTGATGACAATGGAAATGCCAAAGGCCATTTGGTCCGGCTCTGCGTTTATCAGGCTGAAGGTAAAGGGGATAAGCATAAAGCCACCCACAATGGCAATAACCAGCCCCAGGTAATGGAGAACGTTATTTATTTTCATGGTTTATTTAAACAGCTTCTCCACGTCATGCAGAACGTTTAGCTGGGAGACCACAATAACATGGTCTCCGGCATGGATAACAGCTTCGTCAGGGGGAATAATAACCTGATTATTCTGGACAACAGCCCCGATGGTGGCTTCCTTGGGGATTTCAATCTGGCTAACCTTTTGGTTTATGATACCGGCTTGTGGGCTTACCACAAATTCCACTGCTTCCAGCTGGCCGCTTTCCAGCAAAGTAGCGGCAATAGCTCCGCCGGAAAGCACAAAGTGAGCTATTTTCCGGGCAGTAATAATAGCCGGAGAACCGGCAACATCTATATCTACAGCTTCGGCCAAGGGTATGTAAGAAGGTTTGTTGATAACCGTCAGGCTACGGTCTACCCCCAGATTTTTGGCTACCAGACAACTTAAAATATTGAATTCGTCATTTTCGGTAGTGGCCACAAAAGCATCAGCCGAAGGTACGCCCTGTTCGGTCAGAAAATCCCGGTCGGTAGGGTCTCCTTTGAGTACCACCGCCTTTTCCAGCCTTACAGCCGCCTTCTGGCTTTTTTCTTCGTCAGGTTCTATCAGCTTTACAACAACGTCATGGTCTGCCAGCCCCTCGGCAACTAGCATTCCTATTTGGGTGCCTCCCAGTATAAAAACGCTGCGGGCAGGGCGTTGGATGGCACTGAACATCCGCCCCAGATAGTCCATATTGTCACGTTCGGCCACCAGATAAAGGGCATCTTCGTTTTCCAAAACCAGGTCAGGCCGGGGTACGAGAAGCTCTTCTTTACGGGCAATAGCGGCCACCACGCAGGGTTTGGCAAAATTTAACTCACTCAGGGTCTTGCCGGCCATGGGTGAGCCTTCAATAGTAAAACTCCGTATTTGGACCAGCCCGTTAGCCAGCTGTTCCACCGGGGTGGAATAAAAACTGGACAGAATGCCCAGTATTTCACGAGCCATCTCTACTTCAGGGTTTATAAATACATCAATACCCAGTGATTTGGGGCGGATAATCCGTCTGGCAGACAGAGTGGACTTGGCGGGAGGTATAAAATAACCGGTATATTCGGAATTGCGGATTCGGGCGGCAGTAGTGGCGGCGCCCATTTCTTTGGCAATAAAACAGATAACCATATTGGTTTCATCACGGTCTGTTACTGCTAAAACCAGATCGGCCCGTTGAACTTCGGCATCACGCAGTATGCGGGGAATGGCGGCATTACCGAAAATAGTTTTAATGTCCAGCTGTTGGTTAAGGTATTCAACAGCCTTTTCAGACTGCTCAACAACTACCACTTCGTGGTCTTCTACGACCAGCATTGAGGCTATATTGTAGCCTACCGTGCCGCCGCCGGCAATCACAATATACATTTTCTAGTCTCGCTGTTTGCTTATAGAGTTTCTGAATTGCTTCAGCTGGCTCAAAAGCGAACTAATCCGGCTTTTCTGTTTTCTCTCTACCCGAAAGACCTTATGATGGCAGTGCTCGTGATGAGAGATGGGTTTAAGTATTTCTTCTTTTAGCATATTCTCAAAAATATATTTCTATCATGGCACCTAGGCCACCCAATGGTCAAGTGTGTTTTTCAGGCTTAGGCATTTTAGGCAGTTGAAGGGCTGCTGTCAAATAATGGGCATATTTAGCTATGATGGTTGTTATGGCGGGTGAGGTGCGGATATGTATTGTCGGTTATCTATCAGTCAAATAAATATATGATAACCTGTTTTTAAATTCTTTTACGTTTGGCAGGGCTTGAGCTTTTTCTTGATTTTGACCACTCAAGACTCTATCATATATATCGTAATGAAAGAAAAAATAAATGAGATGCCGACGGCATAGGAGGACAGTTGCCTAGAATCAGTATTATCCCAAGGGAGGAAAAGTTCTTTGACCTGCTTGAGATGAGTGCGAAGAACATGGTAATTACCGCCCATGAATTAGACGAGTTAGTTAATAACTGGGTAAATGTGGATGATCAAGTAGCTCGGATTGCAGATTTGGAACATGAGGGTGATAGTATTGCCCACCAGATTATAAACCTTCTCCACCGTACCTTTGTTACCCCTTTTGACCGCGAAGACATTGCTTTGCTTGCTCACACTATGGATGATGTTACCGACTTTATTCATTCAGCTGCAGATTTTATGTTTATTTACAAAACCGGGCGGCCCGGTGAACGTGCCAAAGAACTGGCCGCCATTATTGTGCTGGCTGCCAAGGAAGTTTCGCTGGCGGTGCCCCATCTTCGGCACAAGTCTGAGATGAAACAGGTTATTTCCCATTGCGTAGAGATAAACCGTCTGGAAAATTTGGCGGACGTGGCTTTCAGAGCGGCTCTGGGTGAGCTTTTTACCGATTCGAAAGACATGGCAAACATCATCAAGTGGCGTGAGATATTTGAACATATGGAAACTGCCACTGACAGGTGCGAAGATGTGGCTAATGTTCTTGAGGGGGTTGCCCTGAAGAATGCCTGATGCCTCGTTTTTACCTTATCTTCTTATTATCCTTTTAGCCATAGGTTTTGCCTTTGTAAACGGTACCAACGACACAGCTAATGCCATTGCCACCGTGGTTGGTACGCGTGTTTTGTCTCCCCGCAAGGCTATAATAATGGCGGCGGTTGCCAATCTTGTGGGTGTTTTTACCGGTACAGCTGTGGCCAGAACTATTGGCAAGGGCATACTGGGACCTGAATCACTTACCTATGAAACAGTTATTGCCGGACTTGTAGCCGCAGTTATCTGGTCTGTGGTGGCTACCCGTAAGGGGCTTCCCGTAAGTCTGACGCACTGTCTGGTGGCCGGTCTGGCCATGGCCGGTGTGGCTATGGCGGGGTTTGGATCGGTAGATTGGGGTATTCTTTTAAAGATTATT
CP019999.1_gap3	143959	145826	1867	TGGGCGACGGCAGAATCGGTGATAACCGAACCGGAGTCAAAGAATTTGACCCAGATGGCTAGCAGGGCGGCAGTAAAAATGCCGGAAACCAGCAAACCGAATATTGCACCCCCAAGCCGATTTACCCAGTTAAGGAAAGTCGGCTTTATCATAGTGTCAAGCAGTTTGGCGATAAGGGTGGTAGCTACCCAGATAGTCATCAGTATCAGCAGGAAAGCGATTATATTTGCCCACTCCGGGCTGGAAATAAAACTGAGCCATTCGGCAACCGTAGGGTAAAAGCGCCCTGCCAGTATAATGCCTATTATCAGCCCTACCAGATGCAAAAAGTTGCGTATAAGGCCGGTGAAAAAGCCGCTCACGGTTTGAATGCCCAGTGATATCAGTAAAACTATATCTAACCAATTCATCGCTTTGATTAAAGCATATCCGCATGGACAAACGCAATAGTAGTATTTTCCTATCGTTTTTAGGGGCTGCAGATATTTATTTAAGCGGGGGGGTTAACCCTTGCCCAGTTCTACAGAGCGGTTAAAGGCGGCCTTGGCAGCCTTGATTATAGTTGCCTCCAGACCGGCTTCTTCAAATGCCTTTATAGCTTCGGCGGTAGTACCGCCGGGCGAGGTTACGTTTTTGCGAAGCTGGGTGAGCGCAAAGCCGGATTTTCCGGCATAAATAGCCGAACCGGCAGCTGTCTGGGATACCAGTATAGATGCTTCTTCAGGTGTAAAGCCCATTTCCAGTGCCGCTTTTTCCAGCCCTTCCATGAACAGAAAGAAATAGGCCGGGCCTGAACCTGAGATAGCGGTAGCTGCATCCAGCATGGTTTCTTTGCCGGTATATATTTCTTTGCCCATGGCTGAAAGTATGGCTTTAGCATGGTCTTTCTGGGCGGGGCTGACAGACGGCAGGGCAGTCCAGACGCTCATGCCCATGCCTATCATGGCGGGGGTGTTGGGCATAACCCGCACCACCGCTTTATGGGCAAGCCCGCCGCTGAGTTTGCTTAAGGTTGCCCCGGCAATAATGGATATAACCAGCTGTTTGTCCGCCAGTTTGCCCTTCAGTTCGGCACTCAGTTCGGGCAGATTCTGGGGTTTGATAGCCAGCAGAACTACCTCTGCACTCTTTATCGCATCCGGGTTTGAAGCGGTGGTTTTTATGCCGTAGGTGGTTTCAAGGTAGGTACGGCGTTCAGCTTTAATCTCACTTACAGTGATATTTTGGGGCGGACAGATGTTTTTTTGGATAAGAGCGCCCAAGATGGCCTCACCCATATTTCCCCCGCCGATAAATGCTATGTTCATGTTATTTCACCACAATATTTACTAATTTGCCGGGTACGTATATAACAGTTACGGGGGTTTTGCCCAGCAGATGGGGTTTGACCCTTTCGCTGTTTAAAGCCGTTTCCTTGGCTTCGGCCTCTGAAATTCCGGCCGGCATTTCCAGCCTTTCGCGGAGCTTGCCATTTACCTGAATAATTAGGGTTATAACTTCGTCCTTGGCCAGTTCTTCGTCCCACGTCGGCCAGTTCTGGTTGTGGATTGAATACTTCATGCCCAGATTAGCCCAGAGTTCCTCGGCAATATGGGGGGCAACCGGAGCAAGCATAAGTGCAAAAGTTTGAAGTGTGTTTTGCCAGTTTTCTGCCGAAATGGCCGCCGTTTCCTTTAGCTTTGCCAGACTGTTTGAAAGCTCCATAAGGGCGGCTACCACGGTATTGAAACGCAGCCGTTCAATATCCATGGTTATCTTCTTGATAGTCTGGTGCAGGGTGCGCTTAAGTTCGCGTTCCGCTTCGGCTGAAGCGGTTTGGGGAGTATATTCCTCGGTAAACAGGTTCCAGACCCGGTTCAGCCAGCGG
CP019999.1_gap4	258472	260915	2443	TCAGTTAGTATTAGCTCTTTCTTCTCCAGAGCTTTCAAGATTGCAGCATTATTTTTAACCAGCAAATTCAGACGGCTTTTGGAAATGCCTTGCGGGTTTTCCCGGAGGCACTCAAAAACCTCGGTCTGGCGGGGAGATAACTTTGGCAGAGTCTGGTCTTTAATAAATGCCAGTGCCTGCTCACTTAGGCCGAAATGTTTTTCAAATTTGGTTTGTGTCCGTACCGGGCTTATCTGATAGGTTCGGTTGATAAGCCCCTGATTTATCAGCTTTAGTATGGCGGTTTGGGTGGTTTTTTTGCCGAATATATTTTCCAGTTCAGTTTGAGGGGTAATATCTCTGGTCTGCAACCAGTCAAATATTTTTTGTAAACTTGGGCTGAGGGTTGCAGGCGGTTTTTCGCTTTTATTCAATGGTGAGGGCTCAAGGCTGATATAGGCTACGCTGCGGCGTTCAAAAGACGGAGGCAGCATGGGGGAAAGGGCTTCGTAGATGCTGCATAAATAGGTTTGGCTTATCCATGCGGCTAGGTTAAGCTGATGAAAAGAAAGAAGCGGCGTATCAGAGATAACGCCGCAGATTTCACGTGTTTGCCCAAATGCCGGCTGGTCAGATACCTCAAGGACTATGCCCTGAACTATTTTGGGCCCGAAAGGAGCCCAGACCGCCTGGCCGGGTTTGATTTCTAACCCCAAAGGTATGGAGTAGGAAAAACTGCCCGGTCTAAGTACCGGAGTGTTTACGGCCAGTTCGGCAAAAGCCAATCTATACCCCCTAAGAAAGCTTAAGAGGGTGTCTGTTTAACTTCTTTAATGCGGGCTGCTTTTCCGGAAAGCTTGCGCAGGTAGAACAGGCGGGCACGGCGTACTCGGCCCTTCTTCATAATCTCAACCTTGGTAACATTGGGTGAGAGGAAGGGGAAGGTGCGTTCAACGCCCACACCGTAGCTTATACGGCGAACGGTGAAATTGCCGCCGTCAGCGGCCTGTTTGACCTTCAGGACTACACCCTGGAACATCTGAATGCGTTCTTTGTCGCCTTCTTTAATGCGGGCGTGTACTTTTATAGTATCACCGGGGCCAAAATTTGGTAAAACTTTTTCGGCCTTGGTATTTTCTACAGCAACTGTTTCTTCTTCACTGGTTTCAGGGGCTTCCTGATTATTCATAGTCTCTTCCATGGTGGTAAAAACTCCTTTAAATATCAACGGAATATTAAAACACAAACCCAATTCATAATCAAGTGCGCGGGTTTGGCAGGGGCATAGCGGGGTGTTTGCATACCTTATATATAATAGCAGATTTTAACCCTGAGCGTTTTCTTCGGCCAGAATCTCGTCTACCAGTTTTCGGTCGGTTTTAGAGAGTGGTATTTTTTCAAACATATCCGGGCGTCGTTTCAGGGTACGCCTGAGAGATTCTTTCCGCCGCCAGCGGTTTATCTGGGCATGATTTCCGGAAAGAAGCACGTCCGGTATGCCCCAGCCCCTGAATACAGGGGGGCGGGTATAGTGGGGGTGTTCCAGCAGGCCGTTTGAGTGGGAATCATCCTGTGAGGATTCGCCTGAACCAAGCACGCCGGGTATCAGGCGGGAAACAGCATCTATAACTACCATGGCAGCCAGTTCGCCGCCGGTCAGTACAAAATCACCGATGCTTATTTCATCTGTGGCCAGATGTTCACGCACCCGTTCGTCAAAGCCTTCGTAATGGCCGCAAATTATAATCAGCCGTTCGTGCTTCGCCAGTTCACGGGCTACTTCCTGATTGAAGGAGCGTCCCTGAGGGGAGAGCAGGATAATCGGGGCAGGGGTGGGGTCTTCCCTGAGGACGTCTTCTACCGCCTCAAACAGCGGTTCAGGCTTAAGAAGCATGCCGGCACCGCCTCCGTAAGGGGAGTCATCTACCGCATGATGCTTGTCATGGGCAAAATCCCTGAAGTTATATATTTCTAACCTTACCAGATTATTGTCTGTTGCCCGCTTGAAAATGCTTTCTTCAAAAGGGGACTGAAACATCTCAGGGAAAAGGGTTAATACATCTATTTTCAAGCTTTTCTCTCCTATTTTTACCCCTTGACGTTGTTCTATTTTAGCATACCCTTTTGGCCAGACTCAAAAGCTCAATAGATATATAAAAATATATTTTCAAAGGCTTGACAAAGGGGGTGTTCGCTTATAGAATGGGAAAAAGTGGGGTAATGTGGTAAGTCGGGGAGAGAGTACCTAAGAAGATGTTTTTCGGAGAATTTGAGTACAAGCTGGACGAAAAAGGGCGTTTCCCTTTGCCGCCTGCCATCAGGCCCAGCCTGAAGGACGGTTTGATACTTGCCCCCGGCACCGGTGAGAAATGCATTTATGCTTACCCCCTGTGCGAATGGAAAAAACTGGCTGAAAGCTTGAAGAGTACTACGGTTGCTCCCAGCAAGATGCGCCGCCTGAACA
CP019999.1_gap5	267284	271507	4223	CGTGACGCAGGGGAATGTGATGTGGCTGAGGTCTACAAAATGGCTCATGCCCGCAATTTGAAGGGTATTACTATCTATCGTGACGGCAGCCGCGAAGACCAGCCTATGTCTACCGGCAAGGCTGAAAATAAAATTGAAACTCCGGCTGTTGCTGTAAACCCGAATTTGATGCCCCGTAAACGTTCCAAAGTAACCCAGGGTATTACCGAAAGGGTTACTACGGGTTGCGGATATATTTACGTTACTGTAAACTCTGACGAGCATGGAATTTGTGAGGTGTTTTCCTCACTGGGCAAGGCCGGAGGTTGTGCTTCCGCCCAACTTGAATCCACCTGCCGGCTTATTTCGCTGGCCTTGCGCTCTGGTATGGAAGTAGCTTCGGTGGTTAAACAGCTTAGAGGTATTCGCTGCCCTTCCATTGCATGGGATGACAGCAAAGCTGTATTAAGCTGTGCTGATGCGATTGCCAGTGTGCTGGAGAAACATGTAAACGGTTACAGTCAGCCAGTGGCGGCTTCAGCCAAAACCGGGAGTGTAAGCGGGCTGGTCAGGAACATAGCAGGGCAATGCCCTGAATGCGGCAGTATTCTGGTTTATCAGGAAGGGTGCTTCATTTGCCCCGGTTGCGGTTATACTAAATGTTAAAAAATATTGGAGGATATAAAATGGAAAACACTAAGGATATGCTGGCTCTGGTACTGGTTGCTGCTGGCTTCATGTATCTCATGATAGTCACTGTGGCTGGCTTGATCGCCTAGCCGTATTCTAATTAGATTAGGTATAAAAACACCTTTCCTGCCTTAAAAACAGGATAGGTGTTTTTTTATCTCAAATAATATATTATAGAATCAAGTCTATACATGAGTGGTGATTGATGACGGATACACTTGAAAGGGTGATGATATTTATAGATGGTAGTAACATGTACCACTATCTCAAATCCCATTTTCAAAGAACTGATATAGATTTTGGTTGTTTTTGCTCCAAGATTGCCGGACACAGGCGTTTAGTCCGTATTTATTATTACAATGCCGAGGTAGGCCGCAAGGAAGAGCCGGAGCGTTTTAATGACCAGAAAAAGTTTTTTACCAGTCTGGAAAAAATACCCTATATGGAGCTTCGGCTGGGAAGGTTGGTATATTCAGGTTGGCCTGCTACACCCCCATATGAAAAAGGGGTAGATGTATTGCTGTCTACCGATATGCTCAGCCATGGATTCAAGAATAATTTTGATACAGCCATACTGGTTGCTGGGGACAGTGATTTTGTGAGTGCCCTTCAGGCAGTCAAGGATAATGGCAAAAACGTGGAGGTAGCCCTTTTCGGCAAGGAAAGTACCTCTGTGGAACTTCGTAAAGTGGCGGACAAGATTATTGCGGTAGACGGGCGTCTGCTGCGTAACTGCTGGAAACAGCAAAGAAACAATTATGGCACGCAAAGACCGCCTCAAGAATCGTAAAGAGCTTTCACGCACACGGGTTTCATATGCCTCTTCCCAGAGGGTAGCCGGTGAAAGCGGGGTTGTTATTAAGGACTGGGGCGGCAGATTGCCTCTGGCGGTTGCATATCCCAATTCTTACTACGTGGGCATGTCAAATCTGGGACTTCATACCCTTTACCGCCTGATAAATAACTATCCGGAATATCTGGCCGAGAGATTTTTCTGGGAAGGCGGCACCGCCAAAGGCCGCCCGACTCTGAGTGTAGAATCACGCCGCCCTCTTACTGATTATGTAGCTCTCTTGTTTACTCTTTCCTACGAACTGGACTTTCTGAATATCCCCTCTATGCTGGCGGATTGCGGCATGCCGCTTTACGCCCGTGAACGGGACGAGGCTTTTCCGCTGGTTATCGGCGGAGGTGCCTGCATAATGTCTAACCCCTCACCGGCAGCCGATTTCTTTGATGCGTTTTGCATAGGTGAGGCAGAGGCTATTTTACCCGAGCTTCTGGCGGTGCTTTCCGAAACGGCAGGCGAATCTAAAGGTTTGATTCTGGAACGTTTGGCTAAAATACCCGGTTTGTATGTGCCGTCTATACCGCCAGAACAGCCGGTTGAAAGGGTATTTCCGTCTGAACTTACTCAGGGGGTGGGAACGGCGGTCTTCAGTACAGCTACCGAACTGGGCGAGATGTATCTGATGGAAGTGGAGCGTGGCTGCGGACACCAGTGCCGTTTTTGCTTAGTAGCAGGGGTGTTTTGCCCTCTGCGTTACCACCCTTTGGAACTGCTGTTAAAACAGGCTGAAGAGGGAATGCTGAAACGCAAGAGGATAGGTCTGGTGGGACCGGTGGTTAGTGACCATCCCCAGGTGACTGAACTTGTCTCCCGCTTGAGGAATATGGGTTTTGGCTTAAGTGTAAGTTCACTCAGGATAAAACCGCTGTCTGAAAAAATGCTGGACGAACTGGCACTTTCAGGTGTTTCCAGTTTGGCTATGGCACCAGAAGCCGGTTCTGAGAGGCTGAGACGGATTATCCGCAAGGGTATAACCGAAGATGACATAATACGGGCAGCCGCTCTGGTGGCTGAAAAGGGTTTCCGCCAGCTAAAATTTTATTTCATGCTGGGGTTGCCGGGTGAGGCTGACGAAGATGTGGAAGAAATGATAGTACTGGCTGAAAAGGCTCAGCAGGCCATGTCTTCCAAGGGGCGTGGGGTAAGGCTTAGCCTGAATATTGCTCCCTTTGTGCCCAAACCTGCCACTCCTTTTCAGTGGCTGGGTATGGAAGATGCTGCCCTCATAAAGCGGCGGCTGGATACAATACGCTTACGTCTGGAAGGGCAGGGGATAGAGGTTCGGGCTGAAAGCCCTGAAATGTCTCAGATTCAGGCGGTGCTTTCCAGAGGTGATTCAAGTCTTTCAAACCTGCTGGCAACGGCGGGAGGTGATTCACTGGCTTGCTGGAAGCGGGCAGCCAAATCACTTGAGATAGACAGCCAGTCTCTGGCTAAAACCCGGTTTGATTTGGCAGATGAACTGCCATGGCACATGCTGGAAAACCCGAAACAGCGGCAAAAACTGGAAACTGAATATAAAGCCGCTTTCAAAGAAATATAAAAAGGGAGACTTTTTAAAGGTCTCCCTTCCGGTTTAAGGTAATTAAATTTAGTTATTCAGAAGTGCGGTTACGATGGCATTAACCATCTGTCCGTCGGCTTTACCTTTTACCAGAGGCATTAACTTGCCCATTACTTTTCCCTTATCCTGAGGGGTGCTGGCACCTGTTTCCGAGATTACTTTTTTAATAATCAGGGTCAGTTCGGCTTCGCCCATCTGTTCCGGCATATAGGACTGGAGGATTTCCATTTCCTGCTGTTCTTTTTCAACCAGCTCAGGTCTGTTTGCCTGCTTATAGGCGTCTATGCTTTCGCGCCTTTGCTTTATCTCCTTGGCTATTACCCCGATGATTTCCTCATCTGTAAAGGTTTTCTGCTTGGCTATTTCAGCATAACTGATGGCTGAAACCAGCATACGGAGTACAGAACACTTCAGTTTTTCACCTTGTCGCAGAGAAAGTTTGACCTCTTCGCCAAACTTTTCTTTCAAAGTTGGCATTTTAGGTGGCCTTTCTGGCGGCTTTTATTGCCAAACGCCTTTTTGCGGCGTCCTTACGCTTGCGGCGGGTCGGGGGGCGTTCAAAGCGGGTGCGGCGACGTGCTTCGGAAAGAATGCCGTCCTGCTGGACCTTGCGGTTAAAACGTTTGAGCATGCTTTCAAAGCTCTCGTTATTTTCGGGTCTAACGTCTGCCATTTGTATATCACCCCCTTACTTTGAAAAAATGACCTAGAGAATCATTGTACTTGGATAGGGGGCTTAAGTCAAGATGTTCAAGCTAACTGGCTTTGGAAAATGCCCGGCAAAGAAGAAGCCCTCTCTTTTCAGGGAGAGGGCTTCCAATAATACGTTTAATTCAGGAATTTTTTAGTAATCAGCGTTGCGGCGGCCGAGCCAGAAACCCAAAGCCAGCAACAAAAGACCACCGATACCAATCAGGACATAGGTAGCCCAGGCGGGCAGGTCCAGGCTGAAGCCAACTGTGAAACTACCAGCGCCGGTATAAGCACTTGCGTTTCCAGCACCGTCCACAGCCTTGACTCTCCACCAGTAGGGGCTGTCTGAAGAAACACTCTCCAGCTTCTGGGCCTCAGTCATGGTGTAGGTGGAGTCGGTGAGATCTTTTATCTGGTAAAGAATGGTAGCAAAGTTTTCATCAGTGG
CP019999.1_gap6	278818	282716	3898	ACGGGCGGGCAACTATTGTGGGTAAGACTACTTATGGCAAGGGTAGTGTAAACCGCACCTTTGATGTGACCGGGAACACCGGTATCTACTTGACTATAGGCCGCTGGTATACACCTAACGGGCGGATGATAGAAGGTCAGGGTATTACCCCGGATATAGAACTGGAGTTGGCAGGTGACGAAGCTGTTAACTGGGCGCTAAATTTTATGCATGGGGAAGCCTAAATAGCCTGAAAGCAGGCTGTTTAGGACGGACAAACCTGACATAATGTTGGGCTGTGTTGACCATTCAAAGCTAATAGCATATAATTTTTACAAAATTTTGATGTGAAGCTGGGCTATGGAAGAAATTAAAAATATCACTGACATTACCCAAAGCGCCCTTGCCGAACTGGAAGCCATAACAGAGCTCAAGGATCTTGAAGCGTGGCGTGTCCGGTATTTAGGCAAGAAAAGCCTGCTGACCGGAGCACTCCGGAATCTGGCCAGTTTGCCCATAGAAGAACGTAAAGCAGCCGGAGCGGCAGCTAATGAAGCCAAAGCCGCACTTGAGGCCGCTTTTTTGCAAAAAGAGCAGATATCTAAAGAAAAACAGTTTGCCAGCCGTAATGAAGGGCTGGATATTACTCTGCCCGGCAGACCCTGGCCTATCGGACGTATCCACCCCCTGACGCAGGTAACCAATGAGGTTACTACTATTTTCTCAAGTCTGGGTTTTTCAGTCGTGGAAGGGCCGGAAATAGAAGATGATTACCATAATTTTGAGGCTTTGAATATTCCTGAAGATCATCCCGCCCGGGAAAATATGCAGACCTTTTGGATAGACAGGCCTAATGACAACGGCAGGCTGGATACCCTGCTTCGCACCCATACCTCTCCCATGCAGGTACGTTATATGGAGAAAAACAAACCTCCTATACGGATAGTAGTACCGGGAAAGGTTTATCGTTACGAAGCAACCGATGCCACCCACATTCCCATGTTTACCCAGGTGGAGGGTCTGGTGGTGGACAGGGGTATTTCCATGGCCCATCTTAAAGGCACTTTGATGGAGTTTTGCCGCCGTTTCTTCGGGGCTAACCGCAAGGTTCGTTTCCGCTGTGACTATTTCCCCTTTGTAGAGCCGGGTGTAGAAGTAGCGGTAAGCTGTACCTGCGGCGGTAAAAAAGAATGCAGTGTTTGCCACGGTTCCGGCTGGCTGGAGATTTTGGGTGCGGGCATGGTGCACCCTAAGGTGCTGGAGAGGGTAGGCATAGATTCAGAACAATATACCGGCTTTGCCTTCGGCATGGGGCTGGAAAGATTGCCTATGCTGAGGTACGGTATTGATGATATCCGTCTCTTCTACTCTAACGATACTAGATTCTTGAGGCAGTTTTAATATGAAAATACCTTTGAAGTGGCTTAAAGAATACCTTCCAACTGATATACAGCCTGCCGAACTGGCCGAACGGATGACTATGGCCGGTACTGAGGTGGCAGTATTAAATTCCCATAAAGACAAATGGCCAAACGTATATGTAGGCCAGATTATGGAAGTAAACCGCCACCCCAACGCTGACCGCCTGGTGCTGGTAAAGGTGGATTGGGGGCAGGGGCAGGAAACAGTGGTTACCGGCGCACCTAACTGCAAAGTCGGTGACAAGGTGGTTTTTGCCCGTACGGGTGCAGTCTTGATAGACGGTCACAACGGTAAGGAAATTGTGCTGAAGCCGGCTGTTTTGCGGGGAGTGGAATCCTGCGGAATGGTTTGTTCCGAACGGGAACTGGGGTTGTCAGATGAACATGAGGGTATTTTGGTATTGCCGGCGGATGCGCCTGTTGGCATGCTGGCCAGCGAATATCTGGGTGAGATAATATTTGATCTGGAGCTTACCCCTAACCGGGGTGATTTGATGTGTGTAACCGGCGTAGCCAGAGAACTGGGCGCACTGATAGACCGTTTGCCTGCTATCAGCGACCCGGATTTTAAAGCAACCGGCCCGGATATAAAAGAAAAAATAGAAATTGAAATAAATAACAGCAAACTCTGTACCCGTTATACCGCCAGCCTGATAGAAGGAATCAAACTTGGGGAATCGCCAGATTGGCTTAAAGAACGGCTGATTGCCTGCGGTATGCGCCCTATAAATAACGTAGTAGATGCTACCAACTACGTCATGCTGGAATTTGGCCAGCCACTGCATGCCTTTGACTACGACCAGATAAAATCACGGCATATTATTGTCCGCCCCGCGGCAGAGGGTGAAGTTTTAACTACTCTGGACGGGGTTGAACGGAAACTTAGCCCGGATATGCTGCTTATTACCGAACCTGACAGGATAATTGCCTTGGCGGGGGTGATGGGTGGTGAAAATACCGAGGTAACTGAAAAAACCTCCCGCATACTTTTGGAATCGGCCACCTTTGATAAGCAAAGCATCCGTAAGACCGCCAGAGATTTAAAACTCCAGAGTGAGGCTTCTGCCCGTTTTGAAAAGGGGCTTAGCTACGAACTCGCTCCTATTGCTCTGAAACGCGCCACCCAGCTGATACTTGAAATAGCCGGTGGACAGGCAGCTTCAGGGTTGATAGATGTTTTGCCTAATAAAAAGGAAAGAAACGGTATTGTGCTCTCACTGGCAAAGGTTAATCAGATATTAGGCTATGAGAAAGAACCGCCTGATGCCTGTAAAATAGCCAAAAGGCTGGGTTTTATCTGGCTTCCCGAATATGTACCCGGCATGGAAGAATTCGGTTACGGTGCGACTGAGGATATGGTGCGTATTTATCCGGGATATTGGCGGATGGATATTGAAACCGATATTGATATGATTGAAGAAGTGGCCAGAATAGCGGGCTACCATACCATACCCTGCCTGCCTCTGGATAAAGCTATACCCAAAATAGAAACGCCCCCGTTGCCCGGCATGAAGCGTTTCCTAAGGCAAATACTCTCAGGTTATGGTTTTCAGGAACTTATTTCATATTCATTTACCAGCCGTGAAATGCTTTCCCGTGTTTCATCAGGTGCTGAGCCCGAATTTCTGGCTATCAGCAACCCCATGAGCAGTGAGCAAGAGGTTATGCGCACCAGTTTGCGTCCCAGCTTGTATGCTTCTCTGGCGGCAAACCGCCGCTTTGAAAAAGACGGTCTCAGGCTTTATGAGCTTGGGCGTGTTTACCTGCCGAAAGAGAATAAAAAACAGGAAGAACCTGAGATGCTGTGTGCTGTTATAGCGGGTGGTTCGTCTCAATCCCGGTGGCAGAGAAATACCGCCGGTTTTGACTTTTTTGATGTTAAGGGCATTGTGGAATCTATGGTAAGCCGTTTGGGGCTTTCAGCTGATTTTGTGGTATCTGACGAACATGGCTTGTCCCATGGGTATCAGGCCGGTATTCTGGTAGGGGATATGCCGGTGGGTATTTTGGGGCAGGTAAGCCCTCAAACTGCAGATAAATTTGACATAACAGAGCCGGTATATATGTTTGAAATCAATCTGTCAAAACTTATTACCAGAGCTATGGTTCGCCGCAAATTTAATCCTATTAACCGTTTCCCGGCAGTTGAACGGGATTTGGCTTTGGTGATTGACAGGCATATCACTAATCGGCAGGTTATAGACATACTCTCAGAATACGATTTGGTAAAAAATGCGGAACTGTTTGATATGTATCAGGGCAAACAGATAGCCGAGAATAAAAAATCACTGGCCTACCATCTTCTTTTCCAATCTGATACCCACACCCTGAAAGATGAGGAAGTGGACGGAGTGATGAGCCAGATACTTGGACGGCTGAATACTGAAACGGGAGCAGTTTTGCGTTCCTAACGGGTTTATCCGGTAATTTAAAGGGGCTTTTTAAAAAGCCCCTTTTGGTTTTTTCAGCCTGAATAAGGTATTATAAACACGGAGGAA
CP019999.1_gap7	365281	367823	2542	CACGCGGGGCAGTTTTACCCGAAGGCAATTCCACAGTAACCTTGCGGAGTTTAACCAGATTTCCGCAGTATATATAGTGGCTTGAAAGAATCTTTTCAACCATTATCGGATCTCCTAGTTTATACGGAGTTTACTTCGGCTAGTGATAACATCATGGCAGTTTCATCGCAATTGGGGAATTTAGGGCAGCGGTAGCATTCCCCCCATATTTTATGGGGCAGCGCATTTTTCTCCACCTCATGGAAACCGCATTTCAAAAAGAAAGCCGGTTTATAGGTCAGGCAGAAAACGGTGGGTATCCGAAGGGCTTTGGCATCTTCCAGACAAGCCTTGACTACCATTTCTCCAAGCCCCTGACGATGCCGTTCCTCGGAAACCGCCAGAGATTTTACCTCTGCCAAGTCTGCCCAGCTGATATGCAGGGCGGCACAGGCAATTACCTCGCCGTTATCACCGCGGATTACATAAAAGTCCCGCAGGTTCTCATATATTTCAGCCAGAGAGCGGGCCAGCATCTGCCCGTGGTCAGCAAAATTGTTTACCAGCTTGTGAATAGTAGTGGCGTCTTTAATGGTGGCTTTATCTATCGTATACACTTTCGTTATTACCTTTCAGTTTGGTATCAAGCTCTTTGTAAAAATAATTATTCGGCCGTAGCCTCATGAATTTTACTTTCTTTGAGCTTCGCCTGAGACGCAGAGTGTCTCCGCTTGATACCTGCATATTGATAAAGCCATCTATACTCAGAGTAGCTTCATGCCAGGTATTTACCTGCAAATCTACGGTACTGTCAGACGGGAGCACCAGGCTGTAACCCCGTCCCAAATGGGGCAGAATAGGTGTCAGGATAATATCTGCCGAGTTTGGCTGGAGGACAGGCCCGCCGGCGGCATAAGAATAACCGGTACTGCCGGTGGCGGTGGATACAATAGCTCCGTCAGCTTTGTAAGTGGTAAAAGGCTGTGAATTTATATCTACCGAAACGCAGATAACCCGGGCAACTTGCCCGCGGGCTACTACGGCGTCATTCATGACGAAAAACTGCCGGCTTTGAGCGGAGTCATGGGGTAAATATTCGGCTTCCAGCAGGCTGCGTTCATCTATCCATCCGTCACCTGCCAGTACTTTTTCCAGCCCTGAAATGGCATCTTCAGGCGAAAGCTCGGTCATAAAGCCCACTTTACCCAGATTTACACTTAGAATGGGTATTTCAAGGGGCAATATGGCATGGGCGGTACGTAAAATAGTGCCGTCACCGCCGGTAGTCAAAATAAGCTGGGTATTTTGCATTTTGGAAGTCAGCTTATCCGCCTGCCAGGCAGAATCAGACCAGTTTTCAATTCCCAGTGCATCCAGCTTGGCGGCCAGCTTAATAGCCAGGTCACAGGCAGCCGGATTTAATGGGTGATATATAATGCCAATCTTTTTGTACATAACAGAATATCCTTAAATAAAGACAAAATGAGTGTAACAACCCGAAGTGCGGGTGTCAAACAGAGGAAAGTTTACTTGCGCCTGGAGAAAAACAGCAGCAAAAGGCCGATACCGGCAATGGCCACACCCAAGACAATCCCGGATGCCAGTTGTTTAACCAGCAGGAAACTGATGCCGCCCAGAAGGAGGCCGCCGAACAGGACGATAATACCCAGATATTGCAATCGGTATGATGTATGGCTGCGGGGAGGCGCTTTAGGGGCAACCCGAGCCGATTTAGATTTGGCATCTTCAGTGGTATCTGATTTTTTACCCAGCTTGCCGAATTTGCTGACTGCCCAGACTATGGCTATCAGGCCGCCTATCAAGAGTATTTCTATAGGACCAATTTTCATAATGCTCCCGCAGGTTCAAAATCAAATACTAAGTATATAGAATACCACAAAATACCGAAAGTTCAAACCATATTCTAACCAAAATGTATTCATCTGGGCTGGTTCAGGTGATACATGGCCTGATAGGCTTTTTCAAATCCCGGTTCTGTACGGGCAAGGTTATCTTTAAGGGTTTGCATCCGGCGGGCAAATTCGGCCTTGTCGCCATTTTTTACCAACTCAGCCCATTCGGTTGCTCTTTTTATAAAATCGGCTTCCAGTTTGGGCAGCTTGGGCATATTTACCTGCAAAGAAGCATACAGGCCGGGGTCTTCGGTTAAAACGCTTTTGGTCAGGGTATCCAGCAGGCGGAACGTAGTACCGCCGGCACTACTTATGCCGGGCAGATTTTGCCCCAGCAGGGTATCTGCCGATACTATGGCTATAAAGTGAGCCAGCCCCAGTACTACGGACATCAGCCGGTCATGCTCTTCCGGGCTGATCAGACTAACATTACCGCCTTGTTTTTCCAGCCATGTTTTTACCCCTTGGGCAAGGTCAGTTTCCGGGGCGGTGGTGGGTGTCAATATAAAGTTATACCCTTTAAGTGATTCAGCTCCCGGCCCGAATACGGGGTGAGTGCCTAGTGTGCGGCAGTGAGGCAGGTACTGGTGCATCAGTTCCACCGGGCGTTCCTTAACTGAACACAGGTCAAAAACCAGTTGGTCTGGTTT
CP019999.1_gap8	371171	372012	841	GGCAGTCTGGCACATACAGCTGACATAAAACGCAGGGTAGCGGCAGATTCACGGCAGAACAGGTTGCCGGAAGGTGCTTTGAAGGTATTGCCGGTAATTTCCCAGCTTTCAGAACCGGCGTCAGTGCTTATATCTATACCCAGCTCCGAAAGCACCTGGCGGGTAGCCAGAGTATCGTCTGCAATCAGGGGGCTTATTATATGGCTCTGGCCGTTTGCCTGGGCGGCAGCTATCAAGCCGCGTATGGTGTAGCTTTTTGAGGAAGGAACGGCAATATTTCCACCGGGTAAACTTTTATCCAGATGTATTTTCATATTTCCTCAAACTGTCTTCTATTTCTTCGCAGACTTCATGGCATGATTTGTTATGGGTTGAAACAGTGATATCCGCCGCATCTCTGTATAGCGGCAATCGGCTTTCCAGCAACTTTAACATCTTATCTGAACGTTCAGCATTAAATAACGGACGGTTTGTATGATTTTTCAAGCGGTTTTCTAAATCTTCAGGGCGGCTTTCCAGATAGACCACCAGACAGTTTAAACGCATAATGCTCAGGTTGTGGGGGCGGGTAACTATGCCGCCGCCGCAGTCTATAATCTGGTTTGGATTCTGGCAGATATCTTCCAGTACTTTGCTTTCCATCTGGCGAAAGTAATCTTCGCCATTTTCCTTGAATATATGGCTGATACTTAAGCCTTCCCGTGTTTCTATGCAGGCATCTGTACTGACCAGCGGTTTGCCAAGCTTTTCGGAGAGCAGTTTTGAGATGCTGCTTTTACCGGCGCCCATAAAGCCTATTAAAGCGATGTTATTTTTCGTTTTCATCTAAAGCCATCTCTGC
CP019999.1_gap9	431624	433949	2325	GTGCCGGCGGCGCAGATGGTATTCATGGCAAAATCCACTACAAAACCGTTTTCCAACAGTATAAGTTTACTGTCCTGCCCGCCAATTTCTATCACCGTTTTCACTTCTGGTATCAGGTGGGCGGCAGCTTTGGCCTGTGAGCTGATTTCGTTTTTTAGCATATCCGCACCCACTGTTTCGGCTACCAGTTCACGGGCACTGCCTGTCACCGCCACCCCCAGCACCCCAGTGCTTTCCGGTAAACGGGACTGCAATTGCCTTAGTGCCAGTCTAAGGGTATTTAACGGATCTCCGGCGGTAGGCAGATATACCCAGTCTGTCAGTTCAGCAGATGGTGACAGGCATATTACTTTTGTAGATACAGAACCGCTATCAATACCCAGAAAAATGTTCATCTAAATAACCTATGGCCGAAAGGGTTCAAGCAGACGGCCGGGTAGATTTTTGAAACTCTATTTTTACTTTATCCAGATTGGTTGAGTTACTAAATAAATCGGCTGCGGTCATAGCCATAGCCTTGGCGGCATCCAGCGCACCCTTTAGACCGTTCACCGAACAGGCAGCGGATGCAAATTCTTCCGTGTGTCCGGAGACTTCTTTGCGGGTAATGGCATAATATCCGTGCAGGCTTGGCAAAATCTGGCTGACATTGCCCATATCGGTACTGCCAAAATTCATATCCGGGTCTTCAAGCAGAGTTTTCCGACCAAGCAGATCCATGTTTTTTACATATAAATTTGCCAGTGCCAAGTTGTTATTCATGGGTGCATATATGGATTTATCAAAGCGGTACTCCAAACGGGCACCGGTAGCTTGGGCGGCAGACTTGAAGCAGTCCAGTACCCTGTCCATCAGCTCTTTCAGGTAGGGCATAGTTTGAGAACGTATCAGAAAAGTGCCGGCGGAATGTCCGGGTACGATATTGGCAGCTTCACCTCCATCGGTAATAATGCCGTGAATGCGGGCGCTGGGCTCTATATGCTGGCGGAGTGAATTCAGACTGGTATAAGCCAGTACTATGGCATCAAGTGCGTTTATGCCTTTGTCAGGGTGGGCGGCGGCATGAGCCTCTTTACCGAAATACTCCACATTCAGGGTAACACAGGCAAGTGCTTGGGTAGTGGCAATATCTTCATTACCGGGGTGGGCTATGAGAGCCGCGTCCAGTTCTTTAAATACCCCTTTTTCCACCATCTGTATTTTGCCTCCGCTAAGTTCTTCAGCCGGAGTGCCTATTAGACAAACAGTCCCCCCGTAAAGCTTGGCAGCCAGACAGGAGGCTACGGCTGCACCTGCCGCCGAGGTGGCAATAAGGTTATGGCCGCAGGCATGTCCCAGTTGGGGCAGGGCGTCATATTCAGCCAGAAAACCTATAACCGGTGTGCCATGACCAAAAGTGGCTTTAAAGGCAGTATTAAGGCCGCCTATGTTTTTTTCAATGCTGAAATTTTGGCTGGACAGATATTCACAAAGCCATTCTACTGCTTTATGTTCCTGATAGCCCAGCTCCGGGTTGGCATGCAGCTTCAGAGACAGCTCTTCCAAACTGCCTTTTTCAGTGTTAATCATTTTAATGATGGCACTTTTGGTATCGGCAAGATTGTTATCTGACATTGGCCTGATTATATCCCAAACCAGCCCGAAATACCATTTGCTGGCCCACCGGAGAGGATTAAAATGTGTTTTTTAACCGTTTCGGCAAGGATGGATTAAGCTATTTGGAGCTTTAATGGGGGTTTGGTCTTGGCTTGTTTAGCATTATGGTGTAAAATATTAGAACACATGTTTTGATTTGGTTAGCTAATAAATGAACAGGAGACCTTGCCGGTGGCTCAGGAATATATAAAAATTAAAGGTGCCCGCGAACACAACCTCAAAAACATAGATGTCCAAATTCCCCGTGACAAACTGGTGGTTGTGACCGGGCTTTCAGGGTCAGGTAAGAGCTCTTTGGCTTTTGATACCGTTTATGCCGAAGGGCAGCGCCGCTATATGGAGTCTCTTTCCTCTTATGCCCGCCAGTTTCTGGGCAGAATGGAAAAACCGGACGTAGACCATATAGAGGGGCTTTCACCGGCTATCGCCATTGACCAGAAAGGGGTCAGCCACAACCCCCGTTCCACAGTAGGCACAGTGACTGAAATATATGATTACCTGCGTTTGCTGTTTGCCCGTACCGGCCACCCTCATTGCCCGGAGTGCGGCAAGGAGATTTCTGCCCAGAGTGTGGAACAGATAACCGATGCAGTCCAGCTGTTACCTGAGGGTGCCAAGATACTCATTCTGGGACCGCTGGTAAGGGGACGCAAGGGTGAGTATACCCAG
CP019999.1_gap10	459533	460590	1057	CTTACACTGGTGGGGCAGGAACCATATACCCTTGACCCTGCCAAGGTAAGTGACAGCGGTTCGGTTACCTATATTTATCAGATATTCAGCGGGTTGTTGAAAATGGGTGATGATCTTACTCCTGTTGCGGATATTGCACAGAATTGGGAAGTAAGCCCTGACGGGCTTACCTATACATTTTATTTAAAACCAAATGTGAAATTTCATAACGGCCGTGTCTTGACTGCTGCAGATTTTAAATACTCTTGGGAGAGGGCAGCCAGCCCGGCCACTGCCTCTAATACGGTGCTGACCTTTCTTGGGGATATTCAGGGCGTAACCGAAATGGTGCAGGGACAGGCAAACTCCATTTCGGGTGTGACCGTGGTAGATGACCTGACTTTAAAAGTAAAACTGGTATCCCCCTGCAGTTTTTTCCTCTCAAAAATTTCATATGTAACTGCTTTCGTGGTGGACAAGGATAATGTATCCCAAGGTAGTGACTGGTGGAAAAAACCGGTAGGTACCGGTCCGTTTATGCTCCCGGAACTTACCCAGGGGAATTATATTATGCTAAACAGCAACCCTGACTATTATGATACCCCGGCCAAGATTTCCAGTGTTATTTTCCGTCTCCAGTCCGGCCAACCCATGGATTTATATGAAGTGGGCGGGATAGATGTGGCAGGTGTAAGTGCTGATTATCTGGCCAAAGCCACTGACCCTGACGGGGTTTTTTCAGCTGATTTGCAGGTAGTGCCTCAACTTAGTTTTTACTATTTTGCCTATGTTACCAGTAAAGCCCCCTTTGACGACCCCAAGATTCGTCAGGCTTTCAGCATGGCGGTAGACAAAGCCCGTATTATAGAGCTAAGCTACAAGGGAAGTGTCAGCGTGGCTGAAGGCATTTTGCCGCCGGGTATGCCCGGTTACAATCCTGACCTGTCTGGGCTTGAGTATAATCCGGAACGTGCCCGTGAACTTATTGCGGAGTCTTCCTATGGCAGTGTGGAAAATCTGCCCACTATTACCCTGACAGCCTCAGGCTGGGGAGGGTTGCTTCCGGTGGAACTGGAAG
CP019999.1_gap11	492722	493610	888	AAACTTATCCATCTGGTGGAAGACAAGGTACATGCCCGTGCTACCGGTCCTTACTCACTCATCAGCCAGCAGCCTCTGGGCGGCAAAGCCCAGTTCGGCGGCCAGCGCTTCGGTGAAATGGAAGTTTGGGCTATGTACGCTTACGGTACGGCTCATAACCTTCAGGAAATGCTGACTATCAAGTCAGACGATATTGCCGGACGTGCCAAGGCTTATGAATCCATAGTAAAGGGTGAGGATGTGCTCCAGCCCGGTGTACCCGAATCCTTCAAGGTATTGGTAAAAGAACTGCAGAGCCTGGGGCTGGCAGTTGAAGTAATAAATGAAGAAGTCAAAATTGCTCCATCTGAAAAGGTGTCCTCTTTAAATGAGGGAAACTTGCCGGCGAGTGATGAGATTTCTGCCGAAATACTTCCTGAAACTTTGTATGCCAATACAGAGGATATCAGTGAAGATTCCATGATGTCGGTAATAGATGCCGATGACCAAGATTTGGTAGTGTCATCAAATGATGAAGAGGTATCCGAAAACGATGAACGAAGTTAACGATTTTGATGCTATACGGATTTCACTGGCTTCCCCTGACCAGATAAGAAGCTGGTCTTATGGTGAGGTTACCAAACCTGAAACCATAAACTACCGTACTTTGAAACCGGAGCGGGATGGTTTATTCTGTGAGCGCATTTTTGGCCCTATCAAGGACTTTGAGTGTGCCTGCGGCAAGTACAAACGTATCCGCTACAAGGGTATTATCTGTGACAAGTGCGGCGTGGAGATTGCCCGTGCCAAGGTACGGCGTGAACGGATGGGGCATATTGAATTGGCTTGTCCGGTAGGCCATATCTGGTTTACCCGCGGCATTCCCAGCCGGGTTGGCTTGCTGCTTAA
CP019999.1_gap12	568118	570178	2060	GTAGAGTCAGTACGCATATAGGTGATAAGACCCACTTCTCCTTCACCCTCTACGTTCAGGCCTTCATATAGTTGCTGGGCTATGACCATGGTTTGCTTGGCTGAAAAACGGAGTTTCCGCCAGGCTTCCTGCTGGAGAGTGCTGGTAATAAAGGGTGCAGGAGATTGTCTGAGGTTTGATTTCCTTTTTATTTTTAGTACCTGATAGTCAGATACCTCAAGCTCTTTTTTGATTTGGTCAGCTTCAGATTCGTTATGTATTTCCAGTTTGCCTTTGGTTACATAACCGGCCAGAGTGGCTTTGAAGGCGGCTGATTTTACTTTTTTACTCAGCAAGGCCTCTATGTTCCAGTATTCAGTAGATACAAACTTCTCTATTTCCCGTTCACGGTCAACTATTATTTTCAGGGAGACAGATTGTACCCGTCCGGCTGAAAGTCCCCTTTGAACCTTTCTCCAGAGCAGGGGGCTTAGTTTGTAACCCACCAGCCGGTCAAGCACCCGGCGGGCTTGCTGGGCATTTACCAGATCCATATCCAGTTCACGGGTATTTTTGAAAGCCTTGTCTATGGCTTCTTTGGTAATTTCGTGAAACACCACCCGTTTAGGGTTGGATAGATTGGCTTTGGTGACTTCGGATATATGCCAGGCAATGGCCTCACCTTCGCGGTCAGGGTCGGTAGCCAGATATATTGCCTTGGAATGCTTGACTGCTTCCTTAAGTTCCTTTATAACCTTGGCCTTAGCCTTCAGGGAAACATATTTGGGGGTAAAATTGTTTTCAACATCTACGCCCAGCGTACTTTTAGGCAAATCCCGTATATGCCCCATGGTGGCCATAATATTAAAGTCCTTACCCAGCATTTTGCTGATAGTACGGGCTTTGGCAGGTGACTCAACTATAACAAGTTTTTCTTTCATGACAGCTTAATTCATCTCCAGCTGGTAGATTTCCTTCTTTTCCCGGGTTCGCACATAATTCATGCCTCCGGTAGAACGGACCTGACCTTTCAGTTCCATTATGGCCAGGGTGCCACTGACCAAGGCTACACCCAGAGCGCACTCACGGCAAATCTGGTCAATATGTACAGGCTCATAGCCAAGTTTACCCAATATCAAGCTTTCAGTCTGGTTTTCAGGTATAATTTCAACGGTAGTATTCTCCTCTGAAAACAGGCTGATATTCAGTTCTTCAAGTACGTCTTTGACAGAGCTAACCAGCTTTGCCCCTTCCTGAATAAGGCGGTTAGTCCCCAATGAAGACGGTGATAGTATACTCCCCGGAACGGCAAAAATCTCGCGGTTTTGTTCAAGTGCGTAATTTGCGGTTATAACTGCCCCGCTGTTTTCTCCAGCCTCGGTTACCAGTATGCCGCGGCATAAACCCGAGAGTATACGGTTGCGGCGGGGGAAAAATTCGGGGCGGGGACGGATTCCGGGCGGATGTTCGCTTATAAGCGCTCCATTTTCAGCTATCTGGCGGGCAAGTGAATGGTTTTCTGAGGGGTAAATAATATCCAGCCCGCAACCAAAAACCGCAATGCTTCTGCCGCCGGCCTTTAGGGCTGCGGTATGGGCAACAGTATCTATGCCTCTAGCCAGACCTGAGACTATGGTTAGGCCGGCTCGTGCCAGAGACTCCGCCAGTTCTTCGGTTACCAGTTTTCCGTATACCGTGGGCTGGCGGGTACCTACTATACCCAAACACAGTTCGTCTGCTGGTAAAAGCTTTCCTTTTACAAAAATAAGAGGCGGATAATCATGTATTTGCTTTAAGCTGGCAGGATAATCTTTATCCGTGTGGGCATATGTCTGTATATCATGCCGTTTCAGGGTTTCAAGGGTTTTAGAGAGGTCTATTTTAGGACGGTGAGCCACAATATTTTCGGCCAGATTGTTATCAAGTCCGGCTGATATCAGAGCTTCTTTGCCGGCATGCCAGGCATTTTCCAGATTGCCGAAATAGTTATCCAGCAGGTTCAGGCGTACCCGGCCGACCCCGTTTATATAACTGAAACCTATGGCGTAGTTGTTATCTTGGTTTTGCATCTTGTTCTTTTG
CP019999.1_gap13	654758	658674	3916	AAAGGTGCAAGTTATTGTAACAACCCATTCTCCTGTTTTGGCATCTTCGGTTTCCCTGAAATCCCTAATTCATCTGTCACCGGCGGGGCCATCGGCAATCGCCCTGAGTACCTGTATGCTTCCTTCCGACAGCCAAGCCTTCATAGACAGATGGCTGGATGCGACCAAATCGACACTGCTTTTCGCTAGGGGTATCATGCTCGTTGAAGGAATTGCAGAGGCTATGCTCATACCAGAATTGGCGAAACAGGTCCTGAAAGATTGGAATAACGCTCCTCAACATTCTGCCAGCAAATTGCCAACCTCTTTGGAGGAGGGAGGTGTCTCTGTCATCAACATGAGTGGGATATATTTCGACCATTTTATGAAGTTGTTCTCAAATACCGAATTGGACGATGTTCGCTGCATTCCGATCAGATGCGCTGGTGTAACCGACAATGACCCCGTGAAGGACTCAAAACCAACTTTCTCGAAGCCGGTCGATGGGAAAAATCCGGCTCTGAGCCTAGTTGAGAATATAAACAAATCCACGTGGGCAAGGCTTTACCCAAACAAGCTGAAGACGTTCGAGTACGACCTTGCCATGGAAGGGGACAATCTGAAGATTCTCTCTTCGGTAGCCAAATCACTTCTCTCCACGGAAGGGCCTATCAAGAAAACATTTGAGAAACAGGAACAGACTGGCTGGGATGTTATGACAGAGGATCAAAAGGCGGAGGCCGCCTATTATCTTCTTGAGCACATCGACGAAAAGAAAGGTGAGTTTGCCCAAGCGGTTGCGGACAGACTGGCATCCAAGGGAGCAGTTCTCAAGATTCCGGACTATATCAGTAACGCGGTTATTTGGGCCTGTGGAGGAACTCCTGGATGAGCAATCTGGAGAAAGCGGAAAGTCTCGCCCGCACCATCTGTGGCAAACCAGATACTGTAAAGGTGAACGAATGCCATCGTACTTTCGGCCAAAGAAATCCCCTTTGTAACGAGTACGACGCTTGTCGTATCCTGGAAAAATCCCAAGAACAAATAGATTATGTGTTTTCATCCAGCACAAATAATGTATTCCTTAGTGCCTGCCCAGGGAGTGGTAAGACTGAAGTAGTTGGCCTTAAGGCTGCGTATACCATCCATCAATGGAACCAACCAGGAGGGATGGCTGTTCTGACATTCACAAACAATGCTGCGGACATAATTAACCGCAGGCTTAGTCAATTCACCGGTATCGAAAAGCCTGGGTACCCACATTTTGTCGGCACGATTGACAGCTGGCTGCACGGGTATATCGCACACCCATTTGCCCACCTTAAGACAGGTTACGAAGGTCGCGACGGAGACCGCTCAATTCGCATCGTTGAGAATTCGACAACTTCTGATTTTCTTTATTCGTTCCGGGCGAAATATGTAATAGCTGGAACAGGTAATCCCTCGGCGAACCAATATCATCTCGAAGTCGGTCCAACTGGTCAAAAATATGTTTTTTCTTCTGGGAACCAAGTTGCTGACACAGCTCGAAATGCCGCACCACTACAAGCCTATCAAATTAGTGACCTTAATCGCACCAAGACCAATTTCTGGAAAAGTGGATTTGCTACTTATCAAGACGTAGAAATACTTACCTTGGATGTTCTTTCTCAAATGCCTATTTTATGCAGATTATTGGCGAACAGGTTCCCGTTTATGATTATTGATGAATGTCAGGACCTGTCTTGGATACAGATTCAAATCTTAGATAAGCTGAGACAACAAGGCACAGTGCTGCATTTGGTGGGTGATTTGAATCAGGCCATATACGATTTTAAGAGAGTCAACCCAGACCTGGTCAAAAGTTTTACGGAAACACAAAATTTTACCGCGCTTCCGTTGAGCAACAATTACCGAAGTTGTCAGCCAATCATCAATATTTGCCACAGGGTTGTCGGCAGCACAAGTGTAGAAAAGTCAGAACGTACCCAGTCCGTTGAGAGACCGGGCGTCTGTGTAATTTTCCCAGCAAATCAGATGCATTTGCTTCCAGTATGGTTTGGAAAATACTTGAACCAAATTGGTTGCGATAAGAATAAGAGCGCAATAGTCGCACGGAATTGGAACAATGTCTCGAAGATGAGGCCCTCCTCTAACACCATAGCAAGAGGCCCCCAGATGGGGCTTGCCATGGCTCTGCATCTTTGGAAATCTGGCGAACATCAGGCAATTGACGACGCTCTGAAATATATCGGACGCTTCGTCTCAGACAAATATTTCTCTGAATATTCTGCGAACCCACGGCAACACTATTGTCCGGAATGCATTGCCTCGCAACTGTTGTGGCGACTGTTCTTATATCGAGTCCTTAATTCTTGTTGTATTGAAAACTCATTGCTTTCGGATTTGAACCAAACATGGTCGAACTGGTCAAAGAATGTACGAGGTCAATTTGGGGGAATCGTACGAGCACATCGCCGGGTAATATTGGACAGCAGTACCGGCATTCTCCCAGAATTCCTCGATTTGGACGGCAATGCTTTTAGAACGCTTTCCCAGATGGGTTCTAAGACTGTTTTGAAGACCTTGCCACCGTTCAACAAACGTGAAGAAGTCGACAATCTGAGAATAACCACCATTCATAGTGTAAAGGGTGAAACTCTTGACGCGATTCTATTAGTGTCTGCACCGAGCAAACAAGGTACACCGGACGGGCACTGGACTCAATGGCTGGAAGACTCAACAAAGGAAGCTGCACGACTCGCGTATGTCGCTAGTTCCAGACCAAAACATTTGTTGGCGTGGGCAATCCCTACGCCCATCAATGAACCTGCAAAGAAAAGAATCAGGGATATTGGTTTCCACATTATCGAGATGAACAACAAGCCCTGAGCTATTGGTAATAAACCATCGGAAAGTAAGACTGTCATGATTCATACTTCTTGCTGGACCACGGGAAAGTGACCGAAAAGATCTTCGCCGTGGCAATGTCGTTACGTGGAATGTAGTGAGTTCTAGATATCGTCCCCCTGGTGGAACTGCCGGGACTCGAACCCAACCATCAGAACACCAATGGGAAGGTCTTCTCGAAAGTTTTACCTTTTGAACGTAATGGTGGGCTATTCGGATCGGGGTCTTGATGCTGGACGGCGTCGAATCTTACCTCGTAAAAGGTCTGTGCTAACGGTCTCTGTGTACCTGAAACTGTTTGTCGCAGAGTCGAACTCTATCTTCCCTACGACTTCGTCATCTCTGACCACGGGTTCTTCGACACGGTTAAAAGTCTTCCCTTTCCGATAGGCCTCCGCTATAATGCTTGCCAGAGACCTAAGTCCTTCCGTCCGGCGATCCACTTCGTTAATCATATCCCTTTTACCATTTCATATTATCTTTGTGAGCTATTCCGTATAACGCACCACTTCTTGAACGTCACGGATCTCGAGCCAGTTCATAAGTCTTAAAAGGTAATGCCCGTCCGGTGTGGTTTCCCCACTTTCCCATTTTTGATAAGTGCGAACGGTAGCGCCGATTGCATCAGCAACATCTTGTTGAGTATATTTCAAACGTTTTCTGTTGATCTTCAAAATCCCATAATCAAATTCCATAGTCTGCGGGCCGGCATAGATTTGGTACCAGAAGTCATCATCACTTTCGTTGTTATAACAATTCAGCGCATGAATTATGGTATTTGGCCTCAGTTCAATAAACAAACGACCACGCTTGGATTTTTCCTGTGTACAGCGTATTTGACCAGCATTTTTCGCACGCAGCCCGATCCATTTCATGATCGGCTTTCCGTTTTGGTCGTATGGGAAGGTTCCTTCAAATTCCATTTGTGAGCCTGTGCGCCAATAAACGTCCCCGATTCCGATTTCTTGTATTTCATAAATGATGGGCGGATTACCGCTCTTTTCCAATGCCTCATTGTAACTAGTGATGAAGCAATCGGGAAGAAAGT
CP019999.1_gap14	711924	716438	4514	CAGTTATGTTTTTCCTCGGTCAGGATCTGCTACTTATTGTACTGGTACTGGGCGTGGCAGATGTGTTTCTGGTTGTGGGTGCCTTTGCCACCCGCTCCCCGTATAGCCAGATTGGTGCCAACCGCGAGCTTCTGCAGATACTTTCTTATGAGCCTATCCTGATTATAACGGCTATCGGGCTGTATATAGCTAACGGTAGTTTTATGATTTCTGAAATCAGCCAGCCTTTATTGCCTTCTTTATGGCCAATATTTATCGCCCTTGTTTTGGTGCTGATTATCCTGATGCGAAAATCTCCTTTTGATATTTCATCTTCGGAGCATGCTCATCAGGAACTGGTCAGGGGTGTATTCACCGAATATTCGGGTATTCACTTGGGGCTTATAGAGATTGCCCATATGTACGAACTTATACTGGTACTGGGTGTTATTTCTCTCATGTGGCTTCCGGGTGTTGTGCCCGGTATTGCACTGGCACTTGCCTGCTGGTTTTTAGTACTGGTGATTGATAATATAACTGCCCGCCTTACCTGGTCTTCCATGCTGAAAATATCATGGATGTTCGGGCTGGGTCTGGCACTGGTTAACCTTATCGGACTTTCAGTGCTGGGAGGGGTCTAAGTGGATTTTATTACGAAGTCCCAGATAAAATCACCCTGGCTGCTCCATTTTGATTGCGGCAGTTGCAACGGGTGTGATATTGAAATACTGGCCTGTCTTACACCTCTTTATGATGTTGAACGTTTCGGCATTGTAAACATGGGTAACCCCAAGCATTCGGATGTCCTTCTGGTAACTGGTCCTGCCAATAAACGTAATTACCGGGTTTTACGAAATCTGTACGAACAAATGCCTGAACCAAAGGTAGTCATAGTTATAGGTACCTGCGGTTGCAGCGGCGGCGTTTTTCATAACTGCCCCAATATACTGGGCGGAGTGGATAAAGTAATACCGGTGGATGTTTATGTTCCCGGCTGTGCCGCCAGACCTGAGGCCATTATAGACGGCGTGGTTATGGGGCTTGGCAAACTGGCTGATAAAAAAGCTAAGGCTAAAGCTCAAACCAAACGCGAGGAACAGAATGTGTAATTGTGAAGCCAAATCCCCTGAGGTTATAGACCTGTCAAAACTGGATAATATTCTGGATGGTTACCGTGATAAAGCCGATATGCTTATTCAGGTGCTCCTCAAAATTCAAAAAGAGTATAACTGGCTTCCCAAAGAAGCCTTGTATAAAGTAAGCCAAACCCTGAATGTGCCCGTAAACAGAGTTTACCATGTAGCTACCTTCTATAAACTTTTTAGCGTAATACCCAAAGGCAAACATAACGTAAGTGTTTGCGTGGGTACTGCCTGTCACGTGTTTGGTGCGCCCAAGATACTGGATCGTTTGGAGAAATCACTGGGTATAAAAGCCGGTGAAACTACTTCTGACCTGAAATTTTCCCTTGAAACAGTAAACTGTCTGGGTTGTTGTGCTTTGGGACCGGTGGTGGTGGTTGATGGTCATTACCACGGCAAACTACCTACCGCCGATGCCGAAAAAATACTGGCAGACTACGATTAATTAGGAGCATATAATGCCAAGGCTAAATACTCCGGCTGAGCTGGAAATACTGCGTGAAAAACTGGCAAAAAAACAGTCTGCTAGCCGTCCCTGCATAACGGTATGTTGCGGTACGGGTTGCCGGGCTTTGGGTTCAGTTAAACTGGTAGATGCCTTCCGAAGTGAACTTGCCAAACAAGGGCTGGAGAATCAGGTTGATATCAAAGAAACCGGCTGTCACGGCTTTTGCGAAAAAGGTTCGGTAGTCGTTATATATCCCCAAAATATCTGCTATTTCCATGTCAAACCTGAAGATGCAGTTGACGTTATCGAAAAAACTATTAAAACCGGTGAATTAGTGGAACGCTTACTGTATGCAGATCCTGCCACCGGAGAGAAACTGGTCTACCACCATGACATCCCCTTTTATAAATATCAGAAGCGTATTGTACTGGGTGATAACGAACATATAAACCCCCAAAATATAGAGGATTATATCCAGCGTGGTGGTTATTCCGCTCTGGTTAAAACCCTTTTCCATATGACTCCTGAATCTGTGCTAGAAGAGGTAGACAAAGCCAATTTGCGGGGACGCGGCGGCGGAGGTTTCCCGGCCGGTAAAAAATGGCGCACTACCCGTGATGCCGCAGACCCGGTCAAGTATGTACTGGTAAACTGTGACGAAGGTGATCCGGGTGCTTTCATGGACCGTTCCATAATGGAGGGCAATCCTCATTGTGTACTGGAAGGTCTGGCTATCGGGGCTTTTGCCATTGGTGCTAAAGAAGGTTATATATATGTTAGGGCTGAATACCCTTTGGCGGTAGAAAATCTGTATGCTGCTTTAAGGCAGGCTGAAGAATATGGCTTGCTGGGCAAAAATATACTCGGCTCAGGTTTTGATTTTGTAGTCAAAGTCCATGAGGGCGCCGGTGCTTTTGTATCCGGTGAATCATCCGCTTTAATGACTGCTATCGAAGGCCGGGTTGGTGAACCTCGCCCCAAATATATCCGCACCGCTATCAAAGGCCTCTGGGATAAACCTTCAAACCTGAATAACGTGGAAACTTGGGCTAACGTACCCCACATAATAAATAAAGGGGCAGACTGGTTCAGGTCTATCGGCACAGAGGGCAGCAAAGGCACCAAGATATTCGCACTGGTTGGCAAGGTCAATAATACCGGACTGGTGGAAGTGCCTATGGGGACTACTCTTCGGGACATTATATTTAAAATAGGCGGCGGTTTGCGTGATGGCAAAAAAATAAAAGCTGTCCAGACAGGCGGGCCTTCAGGCGGATGTATACCGGAAAATCTGCTGGATTCGCCTGTTGATTATGATGCACTAAGCAAGCTGGGTTCTATGGTAGGCTCAGGCGGGCTGATAATAATGGACGAAGAAACCTGCATGGTAGACATCGCCCGTTATTTTATAAACTTTTTATCAGACGAATCTTGCGGCAAGTGCTTACCCTGCCGTGAGGGTCTGCGCCAGCTGGTAGATATACTTACCCGTATTACCGAAGGCAAAGGCACTATGGTTGACATGGATACACTGGAAGACCTGAGCGGCGTAATGAGTGAAGCCTGTTTGTGTGCCCTGGGACAACAAGCCCCCAACCCCTTGCTCACTACTCTTAAATATTTCCGCCACGAATATATTGACCATATTAAAAATAAGCATTGCGAAGCCGGTGTTTGTAAAGCCTTGCTTACTTTTTATATTGACCCTGACAAATGCAAAGCCTGTATGATTTGTGCCAGAAACTGCCCCACTGACGCCATCAAGGGCGGCAAGGGGCTTATTCATACGATTGAGCAGGGAAAATGCATCAAATGCGGTGCTTGTGTAGATACCTGCCCTGCCAAATTTGATGCCGTTATTAAAATATCCGGCAAACCTATTCCAAAAAATGTACCGGCTGAACCTATTCCTTTAAACCGGAAGGCAGAATAATGGAAGAAATTAAGCTCACTATAGATGGCAGGGAAGTTATTGCCAAGAGCGGACAGACTGTTTTTCAGGCGGCCACCGCAGCCGGTATCCATATACCTTCGCTCTGTTTTCATGAGCAACTGGAGCCTTACGGCGGATGCCGTATATGCAGTGTGGAAGTCGTAGCCGGGTCACGTTCAAAGGTGGTGGCTTCCTGCGTTTATCCAGTGGCAAATGGTTTGGTAGTAAATACTAGTACCGATAAAATCCGCCATATCCGCAAGGTGCTTATAGAACTTTTGCTTACTAAAGCCCCTGCTTCAAAACCCATACGGGACTTGGCTGAAGAATATGGGGCGGATACTGCCCGTTTCAGCCATGATGCTTCGTTCTGTATACTTTGCGGCTTGTGCGTCCGATACTGTGCCGAGGTTAAAAAAGCCAACGCTCTGTGCTTTATCAGCCGGGGTACTCAACGTGAAGTGACCTTTGTACCTGAAACAGCCAACCGGGAATGTGAAAAGTGCCAGCAATGTTTTGATATTTGCCCCACCAACTTTATCAGGGCTAATTTTGAAATGGCAAAAGCTCTCACTTTCGAAACTAAGGAATAGTTATGTTAGAAAATGCGGAATATATAAAGGCAGGAGAACTGCTAGACCATACCCAGAAACTCTATGACGAAGGGGCAATATTTTGCACTGCCTCCTGCGTAGATCTGGGGAATGAATTTGAGGTTATTTACCACTATAATCTGGAAAATGGTCTGCGGATGAAACACCTCAGGCTCAAGGTAGACAAAAATGAAACTGTTCCCAGTATTTCAAACATCTACTTGTGTGCTTCACTTATTGAAAATGAAATGCAGGAGCTTTACCAGCTGAAACTCAGTAAAATTGCCATAGATTTCAGCGGCGGTTTTCTGGTAACCAAAGAAACCCCCACGAGCTATATGATAAAAGCCCCTGATTACAAACTGATTCCGGTAGAACGCCTGACTGCCCCCTGCCAGAAAACCTGTCCGGCAGGCATA
CP019999.1_gap15	757271	761674	4403	GGCTGGTCTTGCCGGCTCCGTTTGGGCCAATTATGGCTGTTATCTGGTTATCATAAATATCCAGATTAATTTCCTTCAAGGCCTTTATACCGCCAAATGAAAGTGAGAGGTTATCTATTTTTATCTTGGCATTATCCGGACTCATTCTGTTGCCTCTCCTCATTCATAATTTTATCCCGATAGTTAATGACCCTGTGGCACAGAGGGCCTTCGCATTTTAAGCTATGTCCGCATTTCTTAGCCTTTTTAGCCATCTCTTTCAGGGTGTCACGGGAGGGCGAACCATAGGTGTCAAAAGCGGTGCAACGTACAGAACCATCTTCTTTTACTATTATGGTTATCTCATCACAAACCGCTTCGCAGAGTATGGTACAGGCGGTAATCTGCCAATCAGCCATATATTTCCCCTAATCCCACTTGCGTTCGTCCAGCATAAGTTTTGTTTCGTTTGCCAGAACACTTGCAGGTACAAATTCTATGTGGTCTGCTTTTAAAAGACACCTGTCCTGAAACTTTTTATTCAGTTCATCAGACAGCTTTTTAGCATCAAATTCCTTCTCATCATGCACACAGACAAACGTCAGTTCATCCCTGTTTGCCGGGCGGTTTATTTTTATCTGGTAACGGACTATTTCAGGAAAAAGCTTAAAGACATCTTCGGTCTGCTTGCCAACCACAAACATGCCCCGTACTTTTACTGCATCACCTACCCGCCCTATTATGCCGCTGAGTTTATATGCGGTACGTCCACAGCTGCATTTCTCTTTTTTCAAACAAGACAAATCACCGGTGCCAAAACGCATCAATCCCCAGGTCTTGTTATTCACCGGAGTAACCACCACTTCACCAACTTCTCCTTCGGGCAGTTGTTTACCTGTTTTGGGGTCTACTATTTCCACTACATATTCATCAGACATAAGGTGCAGGCCGTTTTTTTCTTCGCACTCATAGGCTAGACAACCGCCGGTTTCGGTCACTCCGTACGCCTGAAAAGTCTCTATACCATAATCTTTTTCAAGCGTCTTTCGGGTGGAAGATGTAAGCATCTCGCCCGTAAACCAAGCACGTTTAAGATTCAAGTCCTTTTTAACATCCAATCCCATCTCTTCGGCCTTGCCCAGAAGGCTCAGCAGATAGCTGGGAGTACCTACAAATGCGGTTACTTTCAGCTCCTGGATTGTTTTAATCTGCATCTCGGTATGGCCTGTGCCGGAAGCAATGGGGGTAGCCCCGCAGTCACGCAATCCTTCGTGGAAAAGTATGCCTGCCGGAGACAGGTGATAGGTAAAGGTGTTTATAACTATATCAGCCTTGCGGAAACCGGCTGCCCAGAAAGAACGCCCAAACCAGTGAATAGTGCTGGTGTGCAGTGGTTCATAAACAGGACCGGGTGAAATAAATATGCGTTCAATATTATCTTCAGGTATCATCAGAAAACCGCCATAAGGCAGGTTTTGTTTCTGCATCTCAATAAGGTCTGCTTTACGAATAATGGGCAACCTCTCCAGATCTTCCACTTTGCGTATCAAATCCGGTTTAAGCCCGGCCTTTTGGAAAATCGCTTTGGTTGCTGCCGAATTTTCATATGCGTAGACAGTAGTTTCCTTCAGTCTGTTATTCAGAAATTCAACCCTTTCGTCAAGCCCCATCGCCTCCAGCTTGTCAAAGTGGTTGTTCTTGCCATTTTCTAAAGCCATCTTTTACGCCTCTTGTAATGTTTGACCTCACGATAGCTTTTTTTAGCGCCCACCGTGGAAAGCCCCATATAAAATTCCTTAACATCCTCGTTATTGGTTAAAAACGAAGTATCCCCATCCAGCACTATACGTCCGTTTTCCAGCACGTAGCCATAATGGGCAATGGACAGGGCAACTTTTACATTTTGCTCAACCAGTAGTACGGATGTGCCCTGTTCTTCGTTAAATCTTTTGATAATGCCGAATATCTCTTTGACCATAAGCGGTGCCAAACCAAGTGAAGGCTCATCCAGCATCATCAGTTTGGGGCGTGCCATCATGGCACGCCCGATAACCAACATTTGCTGTTCCCCGCCGGAAAGATATCCGGCTGTATTATGCTGAACATGTTTCAGGCGGGGAAAATATTCATATACCATAGATAAATCCGGTTTAATATTCTGCCGGTCTTTCCGGTTAAAAGCCCCTACAATCAGGTTCTCCTCGGTGGTAAGGTGCTCAAAAACATGTCGGCCTTCCAAAGCCTGAACTATACCCAGCTTGCCAATAGCTTCCGGATTTTTTTTCTCAATCCGCGTGCCGTCCCACTCTATATTGCCGTCTGTGACCAGCCCTTCTTCAGTGTGCAGCAGGCCGGAAATTGCTTTGAGTGTGGTGGTTTTACCGGCACCGTTGCCACCCAGCAAAGCCACAATAGACTTCTCCGGCACTTCCAGCGAAACACCGTGAAGCACCTTGATAACGTTCAGGTAGGTAACCTCTATGTTATTTACTTTGAGCATAGATAAAATATTACCTTTCGCTATTTGCCAAACCAGTCAAAATTTTCATAAGCAATGCTGGGTGTTTCTATCCAGCCGCTTATTACCTTAAGCTGACCATCTTCAATTTTGAAAACCCGAACAGATTTTACCAAGCGGTTATCTCCGACCGAGTACGAAACAGGACCATGCAGCCCTCCCACGTCATACCCGTTCAACCTTTTTATGCCGAATTCTTCAATAATCTGAGGTGTCAGGGAATTAACGCCGCCGGGTGAATTCTCTATGGCCAAACGCAATATTTCAGCGATTATCAAACCCTCTGACCATGAAACGATATAATCCATATTGCCATAATTTTCAGGGTGGTATTTCAGACAGTATTCCTTCATTTTGGCCATGGCTGGAACATTTTCATCCCAACTCACAGTAGGATATACACCCAGTATCCCTTCAGCTTTGTCTGCTCCTAACAGCTCTACCAATGATTGGGTAAAACCGCCATGACCGCATCCTATCTGGACACCGGGGTAAATACCCAGCTCAATCATTTGCCTGACTATAACGGATGTCGGCTGAGGAGTGCTGGAGATGTATACTATGTCAGGATTCTGGTTTTTCATGTTTAACAGATTTGCGGTATCGTCATTAATAGTGGTGGAATGTTCGTATATACCCACTATTTCTACTCCCAGTTCCGCAGCCATAGCGGTTGCGGCATCACGCGCACCGTAACCGGTGGGATTTTGAAGTATCATCAGAGCTACCTTTGGTTTACCCTCACCCTGCCAGATATTTTCCATGTAATACTTCATAAAGGCTACCCAATCATCACCATAATCCGGCAGCTGGGAATATATATGCTGGGGCGGATGGGTCAGAGAGGGTGAACTGAAAGTGGTAAAACCCGGAAAACCCGCTCGGTTGGCTATTTCCATGGATGCCTGCATATCTTTTGAGGAGTTGGTGGTAAAGAAAAGGCATTCTGAAGAAATAAACTCATTTATTACGGTTACCGCTATGGCAGTGTCATATTTGGTATCACGGAATATAGGCTCAATTTTATATCCGTTTACCCCACCTAGTTCATCATTAATATACTTTATAGCATCCAGTTTGGCATTACCCTGAGGTGTGCCTTTTTCAGCTGCAGGTCCGGTATAGCACACGCTAAGACCAACTTTAAGAGTTCGATTAGTCACCAAAGGGTCATTATTGTTGTTACCGGTGATATTATCCAGATTACATCCGCTTAAAACCACGGGTACAAGGGTAAGCACCAGAGCCATAAAGATTCTAAAGCCGATTTCAGATTTTCCTAGTCTCATCAGATCCCTCCTTTGAGGCTATATTATCTATTATTAAGCTTCGCAACACAACTCCCCGCAGATCCCCCTGTACCCGTTTACAGCTGGTTTAGCTCCCAAACCAGCTAAAATCCTCGTATCTGATAAGCGGTGCTTCCACCCAGTCACTCAAGACCTGCATAACACCACCTGATATCTGGAATACCCGAACAGCTTTTGCCAGGCGGTTATCTCCGCTTGAGTATGAAACAGGTCCTTGCAGACCACCCACGGCATAACCGTTAAGTTTCTTTATTCCGTATTCTTCAATAGCCTGAGGAGTCAGATTATCTATGCCTCCGGGGGTATTTATAAGTGCCAAACGAAGTATTTCCGCCACAATCAAACCCTCAGACCATGAGGCGATATAATCCATATTGCCATAGTTGTCAGGGTGATATTTCAGGCAGTATTCCTTCATTTTAGCCATTCCCGGCACATCTTCATCCCAGTTTACGGTGGGATAAACACCATAAATCCCTTCGGTATTGGTCACTCCGGCCAAATCTATCAGGGCTTTGGTGAATCCCCCATGACCACAGCCTATAGTCACTCCGGGATAAATATCCATCTGGTTCATCTGTTTGATAATAACAGAC
CP019999.1_gap16	862840	863420	580	AAGCAGGGTAGGAGCAATGCCGAAATATCAGCTGAGATTGGTCGTAGCAATTGGATTGTGCGGAAATATGTAACTGAGGCGGGATATAACCGAAACATTGACCCGGACTATTACGGGCTGGAGGATATCAGTCTTGCCTTGGGTGTACCGACCTATCGGGTAAGACACTGGATTGAAACCAAAGCTTTGAAAGGTCAATTCATAGGCAGTTCATATCACGTGCATAAGGCTGACTTAAAATCTTTCATCTGCCGTTACCCAACCGAAATAGATGGCAGCACTCCGGACATGGTTCAGCTGGTGGAAATACTGGCTGGTGTGGGAGTTACCTGAATGAAAATAACCCACATCATCTACATGGAACCGGTGGCCAAGGGCAGACCGAGACTGGGGCGATTTGGAGCATATACCCCGGACAAAACAATCAACGCCGAGGCATATATCCGGTACACCCTTGTTCAGGAATTCCATGAGCCGCCTTTTGGTACTGGCCAGCCGTTAAAACTGACGGCTGTATTCTACCGCCAACGGCCCGCAAGTGCTGCCAAACGGGTAATCCAGCCAGTTACCAAACCGGATA
CP019999.1_gap17	893195	895906	2711	AGCTATGGTAACTGCCGGCCAGATTACCGGGGAGCAGGGTACTTACCGCCTGCAGATAATGGAACAGAACGTTATCCGCATGGTCAACCAGATTTCCGGTACGGGTAACGAGTCAGGTGCCGGAAATGGCGTCTGTGACGGAACCGGGCCTATCAGTGGTGCCGGTGATGGCACAGGAATTGGCGCCGGCAATAGTAGTGGCAGCGGTGTCTGCGACGGCAGCGGTGCCGGACAAAGGGGCAGCGGAAGATAATCCTCCCAATCCTGCTAAGCGCTTATAGCTGATATCAAAGGGGCAGGTCTCAAAAGCCTGCCCCTTGCCGTTTGGCAGTTGACATTATAATATGAGAAGGACATGTCCAAGAAAATACTGATAGCTGATGATGAAAAAAGGATAGCGGAAATCCTGCAAGCCTATTTGGAACGTGAAGGCTTCAGGGTGATAGCTACTTATGACGGCAAGACAGCCTTAGCCAAATTTCACGAAGAAAACCCTGACCTGATAATACTTGACCTGATGCTGCCTGAAATATCCGGCTGGGATGTCTGCCGCGAAATCCGCAAGGAAAGCCGTGTACCTATAATAATGCTTACCGCCCGTGACGAACTCACCGACAAGCTTATAGGACTGGAAATTGGGGCGGATGATTATATGACCAAGCCCTTTGAGTCCAAGGAACTGGTAGCCCGCGTCAAAGTCCAGCTCAGACGGTCTGAATACCCCCCCAGCCCTGATTCAGCACTGGTTATTGACCAACTGGAGATAGATCAGGAACGGCGTCTGGTCAAGATTGATGGCAAAACTGTAGACCTGACCGCCACCGAATTTGATATATTGATAAGCTTGGCCGTAAGTCCGGGTCGGGTTTTTTCCCGTATGCAGATATTGGACAAGCTGGGCGAAGCTTACGAAGGATATGAACGCACCATAGACAGCCATATTAAAAATCTGCGAAAAAAAATAGAGCCTAACCTCGAATCCCCTACCTATATCCTGACCGTACACGGGGTGGGCTACAAGATGAAAGACAGAGGATAAAAATACGATGTCCCGCCTGAGTTATAAAATATTTGGCGCTCTTCTGCTTACGGTTTTACTTTCGGTAGGCCTCACTTCTTTTGCCGCCAACCAGCTGACCGCCAGCCAGTTTCGCCAGTATATTATCAGGGGAAACAACGAATTTATAACCAGCGTGGAAAGTACTCTGGGTACATATTATGCCCAGTACCAGAGCTGGAATAACGTGGATAACATACTTGTCCAGTTGCTGGGCAGTAACGGCGGGCGTCTGGTTTTAAGTAATGCCGGCGGACTGATATTAGCTGATACCGAGAACAAATGGGTAGGACACTTAACAGACGAATACAACCTATCAGACGGCAATACGGTAAGCGTTTCCGGTACGGCAGCGGGTTACTTTTACTGGCTTGGCAGTGACATCAGTGCCTCCGGCAGCGGTTATGGCAAGGGTATGCACAACGGTCAAAACAGCACCGGCAATTCCGCCGTTACCATCATTACCGAACCTCAACAGCAGCTTTTAGACGAGATGAACAGGTCTATCTGGATATCCGGTGCACTGGCTGGGCTGGCCGCACTGGGGCTGGGACTACTGCTGGCTAATCAGATTATCCGCCCCATAAATATCCTTAACCGCAGTGCCAGACAAATTGCAAGCGGAAAACTCTCCCAGCGGGTAAAAGTGAATTCCCGTGACGAACTGGGGGAACTGGCTGAAAGTTTCAATCACATGGCAAAAAACCTTGAGAACAACGAACAGTCTCGTCAGAGGCTACTGGCGGATATTGCCCATGAACTGCGTACCCCGCTTACAGTTATTGAGGGCACTGTAGACGGTATGCTGGATGGGGTATTCGCGGCGGATACCCATCACCTTACCACCATTAAAGAAGAGTCAGCCACTCTTACCCGCCTTATCAAGGACCTGCGGGATATATCTCTGGCTGAATCAGGCAAGCTAAAACTGGAAATGACCCAAGTGGATATAGCAGATATTGTTCAGCGTCAAGCCAGGCAGGTATCAATACTAGCCAAAGACAAGTCCATTTCCCTTATAACAGATATCTCAAGCGGTTCATCTGCCATTACTGGTGACGCCATCCGCTTAAACCAAGTAACCGCCAACTTGCTCAGTAACGCCCTGCGGCACACGCCTACAGGGGGGCAGATTACCCTTAGCCTGAAGAACATGCTTTATCAGGGCAAACCCGGGGTAATGGTATCAGTAGCTGACACCGGAGAAGGTATACCCCCGGCAGATTTACCCCATATCTTTGACCGTTTTTACAGGGTAACCACTTCTAGAGCCCGAAGCGAAGGCGGAAGCGGACTGGGTCTGGCTATTGTAAAAGAGATGACAGAAGCCCACGGCGGTTATGTCTGGGCAGAAAGCACACTTGGAAAAGGCAGCACCTTTAATTACTGGTTGCCTGTCAGCCGCGGCTAATCTATAGCTGTTAAACCAAACCTTTTAAGGCCAGCATTCTTTATAAAGCAAACAAGCCACGTGATGACCGGGCGAAGTCTCTCCCATTACCGGCACCACTTTAGGGCAATCTTCAAAGGCTTTGAAACAACGCGGGTGAAATACGCAGCCGGTGGGCGGATTCAAGGGGCTGGGCACTTCACCCTTCAGAATAATCACCTTACGCTCAGCCTCAACCGCCGGGTCAGGTATAGGCACGGCTGA
CP019999.1_gap18	999729	1000867	1138	AACAAGTTGTCAGACGGCCGGCAATAATCTCCGGCAATTCCTCAGGCGGCCTGATAGCCCTGTGGTTGGCGGCAAATGTCCCTGAACTGGTTAGCGGTATTATTCTGGAAGACACTCCTGTATTCAGTGCAGAATGGCCTCGGCTCAGAGATGATTGCCGGGTATACCGCATTTTCAAACGCAATGCCGAAACTATCGGTTCCGCTGAAGGCCGAAATCTGGCTGCATTTTTCAAGGGCATGGAAGTGCCAATTGAAGGCAAACAGAGAGTTATTCAGTTTCCTGTCTGGCTTACAGGAGCAATGGCCGGAATGGTAAGACTGCACCAGTGGCTGAAACCAGGCAAGCCGGTAGACCTAGCTCTGCTTCCAGCTGAAACACGCATGCTGATAAAGGGGCTTTCGCAATATGACCCTGATTTTACCAAAGCATTTGTTGACGGCCGGGCATGCGAAGCCTTTGACCATGTGGAAGCTTTAAAAAAGTAAAATGCCCGGTATTTGTTCTGCAGGCCAATTGGTTCAGACACCCTGATTTCGGGCTGGTGGGGGCAATGGATAACCAAGATATAAATCATTTGCTCGCACTCACCCCTCAAGCCCAACTTGCCAGAATAACTTCAGACCATATGATTCATTCTGAACAGCCTCCAGAATATCTAAAACACCTGAATGCATTTGCTGCCGGCATATATTCAAATCCGAAGTAACTGCCGCCTGCTCCATTATTTCACTGCTGGGCAAAAATCCTCCGCATATTTGGCAAGCCATGCCATTTTAGTTTATGATTCACTGGCAGGCACACCTTCCTCCACCTGCCAAATATTTAAGCGGTAAGATGAAATGGCCAAACTGGTTTTAGATTTGCATGACATTTACAATAAGGGCGGGCAGATTGAAGCAGAACTGCACAGGGTAATTAACCAAGCAGTTGAAAAGAAAATCAGCCCGGTAGAGATTATCCCCGGCAAGGGTTCCGGTCAACTCAAAAAACATGTCCTCAGGTTTCTGGCACAGCCGGACATCAAAAAACTCTATCACCGGCTGGAAAAGGACGATAAAAATTTCGGGCGGGTGTTTGTCCACTTCAAGTTTTAGCTGATATTTGCTCTTGCCGATACTGGCACAAACCAGAACCC
CP019999.1_gap19	1057225	1059238	2013	ACAATCTCTTGGCCGAATATACCGGATACTACGGGCTGGAGAATATTATCAATGGACTGAAACAGCCAAATGAGCACCAGTATTGAAGCGCCTACCGGCACTACAATAAGAATACCGGCTAAAAACCTGCTCCGCAGATATTTGAGAATACTGGTCCAAATATTTTGGTTTTCAGGCATTTATTTCTCTCCGAAACAACTGACATACAAACCGGATTATACCATTTAAAGCGAGCATGCCAGACAAACAAGGACGGCAGTCACCCCCTCCGGATTAACTGCCGTCCGTTCTACCTCAAACCGGGTTACGTATGCACCCGGTAAGGTCCGAACAACTATATTATTTGGGCGGAAGTAACACTTTGTCAATAACATGTATCAAACCATTTGTGGCTTCCAGATTTTTGGTGACAACATGAGAGGTATTTAATGCCAGCATTTTGCCAGAAACCTGAATCTCCACCGGTTTATCCAGAGCGGTATTGGTGGAGTACAGTTTAGTCAGCTCTTCAACTGTATGGCGGCCAGGTATTAGGTGGTAAAGCAGTATAGATTTCAATTCAGATTCATTTTCCATCAGGTAATCCAGCATGCCGTCAGGCATTTTGGCAAAAGCGTCGTTATCCGGTGCCAGTATGGTAAAAGGCCCGCCCCGGAGGGTGCCTATAAGACCAGTTTGGGTAACTGCTTTGCACAAGATGGAAAGGTGTATATTTCCAAATGCGGTATCAACCAAATCCAGCATAAATCCCTCCTTCCCTGCTATTTACTCCATTACTATAAGTTTAAATACCTTATCGCCAAAAAGTAAATACCTCCCTGACAGTTAATATATTTTTTATTATGTAAGTAATTTTCATTCAGAAAACACCTTGTTTGAAGGTACTTTACATCAACACTCAGCGGTCATAGCCTTTATTATTTGGAGCTAAAGTGAGAAAATATGGCGTTTAGAAAAAGACTGGAGTAAAGAACTTGGATAACAAGACAAAACTGAAACTCTGCCTGCTGGCTAATGCGTCTGATGAATCAAACTTAAAATGGGCAAATTCCTTTGCCAGACGCGGTCATGAGGTGCATATATTCAGCTATGACCAAATAAAAGACGGGATTGAACTGGCGAAAGGAATCAAGTTTCACCACCTGGTATTTCCGGTCAAATACCCATTTACTTACCTTACTTTTTTCCAAGCCCAGATTTCACTTATGCTTCTTAAGCCGGATATCATTCATGCGATAAATATGTCCGACTACGGGATACTGGCCGGGCTGGTCTGCCGCATAGGCCGCTTAAATCCCATAACCCTGACAGCCGTAGGGAATGATATACTGCATGATTCCCATACCGCCCATGGCTGGGCCATAAAGCATGTGCTGCCGCTTTCAAAAGTGGTCACCTGTGATACTGATGAAATAGCTTTGGACATGGTGAAACTGGGTATGAAGGAAGACCATATCTTCCTGATGTCACGCAGCGGCGAACTGGATTTATCCCGCTTGGAAGCTACCTACCTTGCCATGAGAAAAACCCGAAGCTGATTCCTCTGCCTGCAAAAAAGGGTGGCAGTAATACTGCCACCCTTTGCTAAATACCCTTTAGCGGTGTTATTTGACTGAATCTTTGAAATCAAGCCCAAGGTGAAAACCCTTGTTCTTTTCTTCGTAACCTTTGACACCCAGCAATTTTTCAAGCCAGAGCTTGGTTTCCACATAAGTTTCCTGAGCAATTTCATGGCGGGGCTGGCTGAAGGTGCCGGTTGCTTTTTTCGCGGCATGCATTTCCTTCAGTTTGGCTTCGATCTGAGCCAGCCATTTAGATTTGTCAGGCGCAGTTTCCGGATTAAATTTTTCTCCGTTTTTCAGATGAAAAGCATCAATGTACATACCGGTTGCTACCTTTGAATAGTTTTCATTTAAAACGTAGCGAGTAGCTTCTCCCAATGTGAGTTCCATTTATCCTCCTAGAAATCTTTGTATTAAATAACAGCCGCCGGATGGCAACTCTATGATACCG
CP019999.1_gap20	1094184	1097244	3060	GGAAGCAGCCCAGAGACTGCTGAGTCACAGCGGTTACCAGATTTTAAGCATCAAACCCCTTACACCTTTTTTCAATACAGCCGGTTCGTTTAACTTCTCAAAGGTAAAACCCAGAGAAGTTATTCTGTTTTCCCGCCAGCTGGCTTTACTGCTGGAATCCGGCACGGATATTGTGACTTCTCTGGAACTCTTGCAGGAACAGACTACCAATAAACTTTTCCGTGAGATTATCGGCGAGATTGTAAATGATATCCGGGGAGGCAGTTCGCTCTCTCTAGCCATGAGCAAACACCCCAAGGCTTTCCCCCCTCTATACCACAGGGTAATCGCTGCCGGCGAACAAGGAGGCAGCCTTGAAGTAGTGCTTCGGAATCTGGCTAGCTTTGTACAGCGAAACGTAGAAACTGAAAAGAAGGTTAAAAGCGCACTGACTTATCCCGGTGTAGTTGCCGTGGTAGGTATTCTGGTGCTGCTGCTTATGGTCACATTCGTATTGCCAGCTTTTACCAGTCTATACTCCCAGATGGGTACTGAACTGCCCACCCCAACCAGAATACTTATAGGCCTGAGTGACTTCTTTGAGTCATGGGGTCTATATGTGATTGGGATTTTCATAATAGCGGTAACCGCACTGGTGATTTATATGCGCACACCCATGGGGCGATACCATAGAGACCGCATAGCTCTGAAACTGCCTGTGATCGGGCGGATTCTGCTCCTTTCAGAACTTTCACGCGCCTGCCAGACCATGTCGTTGCTGTTTAAAGCCGGCCTCCCTTTGCCTGAGATTATGAACCAAGCCACCGCTGCAGCAAACAACAAACTTATCAGCAATGCACTGGCAGATGTACAGCATGACCTGATAAGGGGTGAGGGACTTTCCCGCCCCATGACTAAAAATCCCCTCTTTTTACCCATGATGGTTCAGATGGTAAGCGTGGGTGAGGAAACCGGTAAACTGGACGACACCTTGGCTACCGTATCCGCCACTTATGATACTGAGACCGATGACCGCATAAGTGCGGCTATTAGCATGATACAGCCTGTTATGACGGTAGCTATCGGTCTGGTAGTAGGCTTTATTGCCGTTGCCCTGGTATCTTCCATGTACTCTTTGTACGGGCAAATAGGCTAAGGATAAAATAAAATGAGAAGAAAGCTGCTCAGGCGTCAGAAGGGATTTTCCCTGATTGAAGTGTTGATTGCCCTGGCTCTAATAGGCCTGATAGGCGTGGCTTTTCTGACTGCCCTTAATACGGCTGTAAAAGCGGTATCTATAGCTAACGTACGCACTACTTCTGAAAGTTACGCCAAGAGTACCATGGAGCAGCTGAAAAGCTTTTCATACCTGAAAGCTGAAGATGGCTCAGTAGCGGATTATGTATTCCTAAGCCCGTCTGATACCGCTTTCACTATCTGCACTTATAACCGTGATGGAAACCTGGTACAAAACAAGATTTACGGTATACCCTGGGATGTAGTTACCAATACCCAGAGTATTACTGATAAAGGTATCCAGAAGATAACCATAGTAATACAGCACAATGAGGGTGGGATAAACAAGATTATCTTTACCCTGATAGATTATGTGACAAAGAGATGAGAAGGTTCATTTTAAAATACAGCGGTAAGCAGGCTGGATTTACGCTGGTGGAAATGCTGGTTGCTCTGGCCATTACCGGACTTATCATGGCAGGGTTAACTACCAGTGTCTTCCAGTTGTTTACCGTCACTCAGCGAAGCAGTGACCACATGACCATTATCCGCCATCTGGACATTATAAACAGCTGGCTTTCCAATGATATTCAGATGGCTAATACCCAACCTGAGTGGGATCCGAATACACATTCCCTGACTATAAGACAAACAAGAGCGCTTGCAGACCCTACAGACCCGGAGTCCAATGTAACTGATTGCATTGTCACTTATACTTATAATCCCATTACAGGCACGCTCACCAGAACCGAATTGCGGCTGTTTGACAATTCTACCCAAACAAGCCTCATAGCCGAGTATGTTAGTGGTATACTATTTGAAGATGAGCTGACATCAGATGAAAGACTGCCCAGTGCAGTTGATATCAAAATAACCATAACCTTACATACCCAGACTGAAGACAGGCTTTTGCACATTAAACCAAGGATAAGCAGCACATAACTGGAATTGCCTGGATGGGGAGGTGCGGAGATGAGAAACTTAATAACTATAAGCAAGAGGCTTAGAAGCCAGCAGGGTCAAGCGCTGGTTATCGCCCTTATATTTCTAGCCATAGGAGCCCTAACCCTGCCCCCGCTGATGATGCTGATGGGTTCAGCCCTGGTACAGGGTACTACCTTTGAAAACCGGACTGCCAGCCTTTATGCCGCAGATGCCGGCGTTGAGCAGGCTATCTGGTATCTGGATCCGGCAAACAGCCCCTTGATACCCGGTGGTTTACCCATGAATACAGAAGAAAGCCGCACTCTACCAGAAATTACCATAGACGGGCGGACTGTGAACGTAAAATTATACTACCTTGCGGAGGATATATACCAGATTATGTCCACCTCTGTCAGTTCCACTGAAACCATCAGCATAACTGCAGTGGTAAGCGACACCTATAATAACTACACAGACATCATGAACCATGTCATTACTTCACAAGGTGACTATATTATTCAAGGCGGCCAAGCCAGCGTAACCCCTGATACAGGCGATAACGCCCCCAAAGCCTTTTATGATGGTCCATGGCCGGGTGCAAATGAGTTATCTGCTTTTTATTATGTAAATACTACCCCATATGCTTCAGCCACCCTGAATGTGGCAAACTATCCAACCGGCGTTCCCGAAATACTAAGACTGGGGACACTTGATATTGTGGCTACAGCGAATGCCGTCTATACGCTTGAAGGTGATATATACATCACGGGTGATACCCTTATCGGCATGACTGGTTCCAACTTCACTCTGGACTTAAACGGCCACTCTATATATGTGAAAAGCAATACAGCCGGAAACCAATATGCCCTTCGTATTGGAGGGAAATGCACCCTGATTGGATCAGGAAGCATCATTGCCGAA
CP019999.1_gap21	1123061	1124077	1016	GCCTTTGGTAACCAGCAAAACACTTCCCCGGCCACGCGCCAGTAAAGCAGTATACAAACCGGCAATACCGCTGCCCACAATTATATAATCGTACCTGGAGTTCAAAATATGCCCGTCCTGGGGATTTTACTTTTTATCTTCGGGGGATTTTTTAAAACCGATAGCACCTCTGGAAACCTTAAGCAGAGTGCCTGACTCTACTTTGATAACTACGCTGTCTTCAGCTACAGATTCTATCACCCCGTGAATACCGCCTATAGTAATAACGCCGTCACCCTTGGCAATTGATGACATAAGATTGGCATGATCCTTTTGACGCTGGCGTTGCGGCCTGATGATAAGAAAGTAGAACATACCAAAGAAAAGAGCCAGTAAAACAAACATCGTGATAGTCTGCTGATCCATTTTTTCTCCTTTAACTTTCCAGGATATTTACCAGCTTTGCCTGCAAAGACCATGGGCTGGTTTTAAATATCTTAACCTTTACCAGACATCCTTCAAGCGGTAAATCGCTCTCCAGAAATACCAGTTTACCACCTAAAGTGCGTCCCTGCCACTTATTCTTTTGCAACCCTTCCACAAGCACCTCGGCAAATGTGTCCATGAGAGCGGCGTTTGCCTTGCCTACTGTTTCTTTCTGCAGGTCTTCTATAAGCTTCAGGCGGCGTTTTTTCTCTATAACGGGGACATCATCTGCCATGTCACGGGCAGCCACAGTCTGGGGGCGGGGTGAATAAGCGGCCACATGTATGGCATCATAACCTATATCGGCCATCAGTTTGTAGCTTTGATTAAACTGTTCTTCGTTTTCAGACGGAAAGCCTACTATCAAATCTGTCTGGAGGCTGATATCCGGCATGGCGGTTTTTATACGTTCCACCAGCTCACGGTATTGCTGATTGGTATATCCCCGCCGCATAGCGGCCAAAATGGTATCATCACCAGACTGCACCGGCAAGCTGAGCGAGCGGCAGACCTTAGGCAAGTGTGCCATGGCATCTATAAGCTTCTGGCTG
CP019999.1_gap22	1216807	1220350	3543	CATTGGGTGTTGTCTGCTCACAGCCAGCAAACAGGCTTAGCGATATCACTGCCGCCAGACCGATAAGCCAGACTTTCTTAAACTTTTTCCAATTTTTAATCACCAGATTACTGAACCTCCTTTTTAATCCAGATAAGGGCATCTCTATTCTGGCGTTTCAGCCAGACCTGTCCGCCCTCAGTAAAAGTTTTACCGCTATCCGTCAGATGTTCTTTCAGCTTGGCAAGCTCTTCCGGATTGAGCCCAGGGTTGTAGGAGAACATCTCCAGCTGGACATCCAGCAGTATCTGATAATTACGGTAAAACACCTCTACGTCAGGGCTGAAACCCATCTGGTAGAGTATGTTGTATATATAAATATAATCAGGCGAGGCCTGCAGCCCGAAAAGAGTCTTCAGAATAGGGCGGAGGTCGTTGCCGGCAGTGTGGACAATAAACACATTCTTAGCGGCCAGAGTTATCATCTTTTCCAGTGCCAGGCGGATATTCTCCATTTCCAGCGAATAAACCGCCATGACATGGTCATGACAGCCTATTTCTTCGGGCAACAGTTCTTCCCACGGCTGGCTGACTAGCCTGATATTGGCAAGTAACTCTTTTTCAATCTCAGCCATCAGCAAACCTGACTGTCTGGGTGAAGGCTCAATGGCAGTTACTTTTACACCCTGTTTGGCCAGAGGAATAGCAAACGAACCGGCACCGGCACCAATATCCAGCAGGCTTTCACCCCCGCGGGTAATGCCAATAATCCGTTCAAGCAGTTTCCCGGGGTAATCACGGTTGACATACAGGCTCATCCAGCTCTGGTATTTCTGCCAGAAATCCTCGCGGCTATGCCCCTGCCGCTCAAGATTAGCCCTCAGCCCTCTTTGGGCAGTAGCGTCATCCCAGGCTTTAGCCCAGTCAATATCCGAAGCAGGTCTGTTCATATCACCATCTCTTATGCAATATTAAGCAATTGCAACTAGTTGCATTAGAATATAACAAATACCAGAACCCTGTCAAGCCGTAAACACACTTCCAGACTCCGGAAGTAACCTTGCAGAATCACTCCCACGCCAAACGACAGACTGCAAGCTGAATAACCGATATTGGTGCTATATATGTATTATTACATATGTATATGCGTATTTTTTTAAAGTACTTGCCCTGATATGTTATAATGGCGCGCACGTTTTATTTAATGGGGGAAAGAAACAAAAAGCATAATGGTAGAAATGTTCGACAACCTGAATCACAGACTTTATCACCACTTCAGCTGTACCTATCTAAGTATTTTGCGCTATATGCAAAAGCGAATGGCTCACGATACCGAATATACCCTTGAGCAAATGTCTATTTTGAATATGCTCAGAAATCTGGGCAAGGCCGATGTGGATACCATGGCCCGCCTTATAATCAAAGAGCCAAACACTCTCCTCCAGATAATGAACCGCATGGTAGAAAAAGGGTATCTGGAAAAACAGAAGATTGGCCGCAAGACAGTTTACCAGATAACTGAAGAGCACCGTGCCAAGCATAACCCTGAGTTATTCAATGACTATACCCAAGATATTTTTGACTGCTTCACTCAGGAAGAAAAGGATAAATATCTTGAGCTTTCAGACAAGCTGTTCAATTCGGTAAACACCAAACTTAACAACTATTTCGTAGAATACGAATAATCTCCAGCCCCGTTTATCAATCACCGTTGTTCCTCCGCTTTTGACAAATATTGTCTCCAGCCGGAGGGATGGCGGGACTGATATCCCTCTAAAACCACTTGGATTTCAATTTATTTTATTCATCTGCTAGAATATTTTGTCTGGTGCATTCCGGCAGGCAGATAGCCTGCATTTACTGCCGTCATTCCGGGGCAAAAAACGCCTCTTTTCGGCGTATCTGTTCATCAGCATTTAAAAGAGGTGTTTAAATGGGCGAAATACTGCTGCTGGCGGCAGGCGGGGCTTTGGGTGCAGTCAGCCGTTACGGGCTGAATAACCTTACCGTCAAATTGTTGGGAGATAGCTTTCCTTACGGAACCCTGATTGTAAACTGCCTGGGCTGTTTCGTGCTGGGCTTCCTGATGCAGTGGGGATTCAGCTCCGACAGCCACAATACCCACCTGAAACTTATGCTGACAGCCGGTTTTCTGGGGGCTTTCACCACTTTTTCCACCTTCAGTTATGAAACTTTAGACTGCTTTAAAAATGGCGACTACTTTAACGGTTTTTCCAATATTCTGGCCAATGTTCTGCTGGGTCTGCTGATGGTATTCATAGGAGCGTATCTGGGCAGTCTTTTAAAACAGAACAGCGGAACATAATAAAACAGCCTCCGAAAGAGGCTGTTTTTGTCTGCCCTGAACTTACGAACTAGAGACTGGTCAGCGAGTATTCAATATTGCGGTCTTTAAGGCTGGATACCAAAGCGTATACATCTTCTTCGGTACAAACCACCGCCGAAGACAGCCCGTGCAAAGCGGCATCTATAACTACTCCGGAAACATCATAAAGGTAATCGGGTTCTATTCCGGCCCGGTGCAGTGCCGCCACAGATTCAAGCCCGATTGCCCCTACATGACTAACCCCTTTGAGTCTGGTTTTCAAAAGCTCCAAATCAATATGCCGCGAACCGCCTTTGGCAATACCCGGCACAACCAGCACTGCCACCAGCCCGTAGCTGAATTCAATCAGCCCCTGTATATCACGTACGCCCACATCTTCGCCGGCTTTGGCATCAGCTTCGGCAATCCCGGTGGACTTGGTCTGGCAATCAGCAGTGGCATACAACAGACCATTCACCATTTTCAGGCCTACCTGTTCGCCCTGTTTTATATCCTTTTCGGCAATAGCGGGTGATATCACTATCCCGTTTATGACACTGTCTATCCCGTCAAAATAGGCCTTTACCTCCCGGACATTCTTAAGCACCCAGTTTACCCCTTCGCGGGTTATCTGGTAGCGTGAACGCCCCAAATAGGTAATCATGCTTTCGCCTTCCAGCTGGCTTATATAGTCTGAAACGGCCTGCGGGGTGATAGACAGCTCTTGGGCTATAGCCCTCTGCTGAATAGTAGGCCCGTGAGTAGCTATCTCAATAAGTATCTGGAAACGGGTGGCAAAACTCTTGTTTCGAAGTATCTCTACCATATCGGGCTTATTATAACCGCAAAGTACCCTCCTTACAATCCAGTCATTTATAAAAGCAGTCTTAAACAAGGCCGCAAGGAGTGTTATACTTACCATAAATATTCCGGATAAGGAGGTGCTGATGTCACCGCGCAAACTCAAGACTGATCCTGTAATACTGGATATGCCAGATCAAAAGATGGCGGTTGTCAGGGGAAAGGGTGCTCCGGACAAGGTTTTCTCCCAAATATTCCCGGCTTTGTTTGGCTCTGTATATACCCTGAAATTTGACCTGCTGAAGAAGGGATTAGAGTCATTTAAAGTAAGTTGCCCGCGTGCCCGTTACCCTGATGCCCATTTATATCCAAAGGATGAATGGGTGATTATTGCCGGTATACCGGTACCTGAAAATATAACTTCACTGCCCCAGAAA
CP019999.1_gap23	1222916	1225774	2858	TTAGTATATTTATAACTGCCACTACCCCCAGTATGATAGGCAAAGCCTCTTTCAGAAAACTTTTAATCCTGAAGGCCAGCTTTTTAAATACCAGATTGACAGGGGGCAGGCGATAGGGAGGCACTTCCAAAAGGAGTTCGGGACTGAAACCGGGGGTAATCTTGTTCAGAATCATACCCAGCCCCAGCCAAACCGCAAACAGAGTGCCGAACACCAGAAAAACATACTCCACCCCGAATCCCCCCAGCATGCCAATTATCATGGCCTGCAGAGAAACGCAGGGCACCGCCACTGAGACCAGAGTAGCCGCAATAAAACGCTCACGACGGCTTTCCAGGCTGCGGGTAGCCATAATAGCCGGCACGTTACAGCCCAAACCCAGCAAAGTGGGTATAAAGGCAAATCCATGAAGGCCCAAATGGTGCATTACATTGTCCAGCAGCACCGCCAGACGGGGCAGATAGCCGGTATCTTCCAGTATGCCCAAAACCAGATAAAAGGCTACTATGTACGGCAAAACCATGGCAAACGGCACATACAAACCGCTGGTAAGGAGTCCCAGAGACTCTTTGAAGTTTATTTCCCCGCCGGACACATTACCCACCAGCAGTCCGTGCAGAAAACCGCTGCCGCCTAAAGCATCGGAAAGAGAATGCACTACCGGTGCCCACAGGTTATCGAAAATGGGGTCAAATACATAACTTATCAGCCCCTCGCCCACAAAACGGACCACCAGAAAAACTGCCGCCATAATCAGCATAGCCATAAACACACCCAAAACAGGGCTCACACTGGCATCCGCCAGCCTTTCCCCAAGGGTGTGGTGTCTGTGGGTTATTTGCTGTACTTGGTGAATAATACCGCCGATACGTTGCCAGCGTTCATCCTGCCCCTGTACGGCCAGAGAAGGAATTTGGGGTGAAAGCAACTGTACCACCAACTGTTTTATACCCTCGCCGCTGGTAGCCGAGGTTGGAGCTATGGGCACGTCCAGTATTTCCGAAAGCCTATCCAGCTCTATTTTTATGCCCTTGTGGCGGGTCTCATCCCACATATTCATAGCGATAACAGTAGGCAAACCCCTTTCCAGAAGCTGCTGGGTAAGATACAGGTTTCTTTCCAGATTAGTGGCATCTACTACGTTCAGAATTATTACTTCGCCCTCTTTGTCAGCCGCCACTTCGTCCAGCATCCGTCTGGCCACGGTTTCCGCTTCGCAGGTAGGCTCAAGGGTATAAGAACCGGGCACATCTATAACCTCGGCAATTTCATCACCCAGTTTCATCTGGCCGCGGCTAAAGGTGACCGTAGTACCGGGATAATTAGCAGACATGGTTTGGACACCGGTCAGGCGGGTAAAAACCACACTCTTTCCCACATTAGGGTTGCCAAAAAGCAAGACCTTTTTCATATACCGGTAACTTCCACCATTACTTTGGAAGCCATGCCATGCCCCATGGCCAGCTGGGTGCCGTCAACCTTTACGGTAACCGGTCCTTTAAATGACATAGCGCTGATTTTGGTCAATTCCTTGCCCGGCCTAAGCCCCAAAGCTGCCAGACGGTTATTAACCGCTGTGCCGCCCTCTATGCTGCACACCCGGGCACGGATGCCATTTTTCAGGTTTGTTAAAGAAACTATTTCGTGAGCCATATGTATCCTTGTCTATATCTTATAATTTCTGTGCTAAATTTACCGGGAATCTTCATTTTTAGAGCAGCTGGCACAATAACCGCTGAAACGCAGGTCTGTATTCAAAACCCGAAAACCGCTGGCCTCAGGCACATTGCTCAATATATATTCCAGCGGATACTTGAACTCCACCACTTTGCCGCAACCTAAACAAAGTAAATGATAATGCTCACCACCGGTCTTTATTTCGTAGTAGTGGGTATGCTCATCCAGATGGATTTCCTCTATAAGCCCGGCTTCCTTAAGGGTTTTTAAGTTGCGGTAGATAGTCCCCAGGCTAACCCGGGGGAATTTCTTCTGTACTTTCTGGTAAATATCCACCGCGGGCATATGCCCCTTGGCTCTAGATAAAACCTCCAGCACAGCCTGACGCTGGCGGCTGGCACGTGTGCCAATTTGGATATTCCCGGGTAGAGAACTAGCCATCTCTCTGCTCCCTTGTTATCAGTAATGATTACTGTTATTAGTATATGACAGGGGATACTCTCTGTCAAGCGCCAATGCATTATGCCCGGATTGTAAGCAATCTGCGTCTGGGGTATGATATAATACATATGGCAGAATACGTAACCCTGACAACTAACCGCAAGGCATTTCACAACTATTTCCTGGAAGAAAAATACGAAGCCGGGATAATGCTGCTGGGCACGGAGATAAAATCCCTCCGAAGCGGCAGAGTAAATATGGGAGATGCATATGTAAAACCCCAGAGGGGCGAACTCTGGCTGGTAAATGCCCATATTTCAGCCTACGAGTGCAGCGGACATACCAGCCATGAACCAATGCGGGAACGCAAACTGCTGATGCACCGCAAGGAAATAGCCCTGCTCATGTCAAAGGTCAAGGAAAAAGGGCTGACACTGATACCGGTTCGTATTTACCTAAAAAACGATATCGCCAAGGTAGAGCTGTCACTGGGGCGGGGTAAGAAGCTCTATGACAAAAGGGATACCGTAACCAAGCGGGACACCGAACGCGAACTTGAGCGGGAGGTCAAATACCGCAATTTCCGCCGCTAGTTACCAATTTTTATGGGGACGCGTGGTTTCGACAGGGAAGGTAGGCTACTGGATTGCAGGCTGAGGTGCCATCCACCTCATTAAACAGGTGGCAAAAAACAACTGGCGAACGTGAACTCGTTCTTGCTGGCTAAATAAGACAGCACA
CP019999.1_gap24	1388414	1388914	500	TACCATAGAACGGGAATAAACCGGTCCGGTGTCCAGTCCAGCTTCCAGTTTCATCAGAGAAACGCCAGCCCATTCGTCACCCCCCAGCAGAGTGGCGGCAACCGGAGTTGCTCCCCGGTAACGGGGCAGCAGGGAGGGGTGAATATTGAGCACCCCGTAAACAGATATATCCAGGACCTCCTGAGGCAAAATAAGACCGTAAGCAGCCACTACTATCACATCCGGTTTAAGCTCCTTTAAAAAAGCCTGCTCTTCAGGTTTCTTGAGACTCTGGGGCTGGTAAACCGCCAGCCCATGCTCCAGTGCCAGTGTCTTTACCGGGGGAGAACAAAGCTCACGCCCCCGCCCGGCCGGACGGTCAGGCTGGGTGTAAACGCCGCAGATATCGTATCCTTCGGCAAGAAGCATTTTAAGCGGGGTAAGGGCAAATTCGGGACTGCCCATAAAGACCATCTTGAGTTCATTCATCACCGCCATTTTAACACCGCCTAATTACCATA
