gap_id	start	end	length	sequence
CP011215.1_gap1	28357	29774	1417	AACACCTCTTTTAAAAGGAGCTGGGTAATAGTTTGGCTTGTTTTTTTCATTATTAAAACCACGACGAAGAGCGATAGCTTTTGGCTTCTTTACAACTTTTTTTCTGTTTTTCTTAACAAGCTGATTAACTGTTGACATATTTTAAATTAAAATTATTTCAAGTGGATATAAATCTACTATATTATTGAATAAAATGCAAATTTATACTTACTAAAAGTTTAAACCAGTTAGTAAATAGAAAATTGCCCCAACTATTGGAGTAACAAATTTCCATAAAAAGAATATAAATACTAGCAAAATCCAAAACCAATGAGTTTCTAGAAAATATTTAACCCCTCTCAACTGATATGGCAAAATTCCAAAAAGAACTTTTGAACCGTCTAACGGAGGAATAGGTATCATATTGAAAACACCCAAAATTATGTTGATCAAAACAATCAATCCTGCCGCTGGAATAAGACTATCTGAAAAAACATCAAATCTGATCAAAAGACCGAATACTGTTGCAACGAAAAAGTTGGACAGCGGACCAGCAAAAGCAACTAGCGGTTCGGCATAACGAGCATTTTTAAGGTTGTAAGGATTATAAGGGACTGGTTTTGCCCAACCAAAAATAAACCCTGTTGTTATAAAAGCAATAGTAGGAACAACAATAGAACCCATCATATCTAGATGTTTAAGGGGGTTTAATGTAAGTCTTCTGGCAAGCTTTGCTGTAGAGTCACCAAAAGCATAAGCCATATATCCGTGTGATACTTCGTGTATCACAACAGACATTATTAGTATTATTATTGAGAAAATAAAATCTAATTCCATAAAAAAGTTTAATTTATTAAAATACTTACTTGCTAAATATTAAAACTAATGATAACATAACCCACAATTATGGCAAAAGAATGTCCAATCACAAAAAAGAGTTCCAAAGTTGCTGGCGGATACAGCAACCGTGTTCGTGCTACAAAATTTAACCCAACAGGAAACAAAAGAAAGAAAGCAAATTTGCAAAAGAAAAAAGTATTCATTCCAGAATTAGGAAAAAGCATGAAGCTGACACTTTCTACAAAAGGTATCAAAACAATCAATAAAAACGGAGCATACGACACACTAAAGAAAGCAGGAATAATCAAATAAAACAAAAAATCTCGATGTACATCGAGATTTTTTATTTCCGACATCTATTGACAAAATAGAAAAATATTATTATTATTTTGCACAGAAATTAACATAAATATCTTTCATCATAAAGGAGGATCCCATGACCAAAAAGTGGTTGAACACATCAAGAGAAGACGGGTTCTGTCATCTCACTCTAAGAGCGTGGCTGGTAAAAAAACCCGGGTGCGGAACATTCTTCCGTATTGCGGTCGCCATCAAGGAGGAGATGACCGTCAACACCGCAGTAAAAACAGCGGAAAAG
CP011215.1_gap2	43976	44717	741	CGATAAAAAACTGTTTTATAAATTTATCAATAAGATTCATTAATATTTAAAGTTATTATTTAATATTATTATAGTAATAATAACACAATAGATAATGAAAAATATTATAAAGACTGTGGATTTCTTTCTATTTATATAGACCTGTCAATTTTTTAACCAAAAAATCTGACAAAGACTTTAAATATTCATCGTCATAAACAAAGACAACATTCTCACAGAAAAAGAGGATTTTCGTCTGCATTATTCCCTATTGACTATCAACTACCGGTTCCGTCGTTGTAGCTACAGAATCTAGACTATCGACTATTGCCTCTTCAACAAGTACTATTCTCGTACTTGTTGAAGTCAGTGTTCCATCAAACGCTGTGTAAGTAACTGTGTATTCTCCTGCTGTTGTTGTGTCTACTGTATCTGCGTCTATTGTATCTACTATTAGAGAGTTTCCTTGATAGTCTACTGCTGTAGCGCCTAGATCAATATAGTTGCTGTTTATTTCTACTACGGCTGGGTTGTTGCCTGTGATTGTTATTGTGGGAGGAGTGGTGTTTGAAGGTTCTGCTGTTGGCTGTTGGCTGTTGGCTGTATTAGTGTTATCAACACCCTCTAAAGCATTCAATCTAGCTTCCAATTCATTCAATCTATTTTCAAGACCAGAAACTTTTGCGATCAATTCTTGTGTCTTGTTCCAAATTTCCTTAATCGCATTTACCAAAACCGAAGTCAGCTTTGGATAATCAAGGT
CP011215.1_gap3	63810	66484	2674	CAAATCTTCGTCTCCCGATTTCAATTTCCAATCACGAGATTCTTTTACCATATCTGAAAAAGCAGAAAAATCTGATTCTTCAAAGGGATCCTCTATGCTGAAAAGTGGAAAATTCTCAACTAAATCTTTATAAATTTTTTGTAATTCATTTGATGTATATTCTTTTTCAAAAAGTTTATACCGTCCATCTTTGTAAAGCTCTGAACCAGCAACATCAATAGCGATTTTCATATCTGAATCCATCAAACTATAAATCAACTCAAAAGGTTCTTCCACACGACTCATCTGTGGAGAAAAACCTCCTTCATCCCCTATTTTTACTTCGCCATATTTTTCTTTTACCACCTCGCCCAATTTATCCAAAAAAGTAACGGCGTTGTCATACGAGTTACAATCTGTGACAATCATAGATTCTTGAAAAGGAATCCTGAAATCGGCGTGAGCTCCGCCATTTATCACATTCATAAACAATTTTGGCAAAGCGGGATTCGTATCTACACCAGAAATTTCATTTATATATTTCCAAAGAGGTTTGTTTTCTAATTTTGATGCCAATCTGGTAACAGCCAAACTTACTCCGAGAGTTGTATTCCCACCCAATTTTGATTTGTCTTCTGTTCCGTCTAATTCAATCAAAATTTTATCAACTCCTTGTGGGTCTATTTCCAAGTTTAAAATAGCAGGAGCAATAATTTCTTCAATATTTTTTATAACTGTTTCAATAGGAACATTTTTTGCTTCACGAGAACCAGCACTTTTTCCAGAAGGAACAGACGCTGTGACACAAATATTTTCAGAACAAACCTCTACTTCAATGGTGGGTTCTCCACGAGAATCTTTTATTTCTTTTGATTTTATTGATGTTATTTTCATATGTAAATAAAATTATATCACAAAGAATTAAACAAAAAGTAGGACGTCCGACGTCCTACTTTTTGTTTATTTTTTATTCTTTTCTGTTTTGTTTACATTGATAGTTGTTTTAATCACAGTATCTGGAATTACCGAGATAGAATCGATTTCACAATCCACCAAGAATTTTACGAACTCTGGAAAATCGCTTGGCGCCTGTCCACAAATTCCAACTTTGGTTTTTGTTTTCTTTGCTTTCTCAATCAAATCTTTAATCAAAATTTTAACAGCTTCGTTGTTTTCATTTGAAACTCCGGCCACATCCAATGTTCCTGTCGAGTCTCTGTCAATTCCCAAAGTCAGCTGAGTCAAATCGTTTGAGCCAATTGAAAATCCGTCAAAAATCTTTGCAAATTGTTCTGCCAAAATAATATTTGAAGGAATCTCTGCCATAACATAAATTTCTAATCCGTTTGTTCCTCGTTTCAATCCATACTTTGCCATAATTTCTTGAACTTTTTTACCTTCTTCAACTGTTCTACAGAAAGGCACCATAATTTTTGTATTAGTTAATCCCATTTCATTACGAACTTTTACAAGAGCCATACATTCCAATTCAAAAGCTGGCAAAAATTCTGGAGAATAATAACGAGATGCTCCTCTGTACCCAATCATCGGATTTGATTCCACAGGCTCGTAAGAGTGTCCTCCAATCAAGTTTGCATATTCGTTGCTCTTGAAATCAGAAAGTCTGACAATCACTGGTTTTGGATAAAAAGCAGCAGAAATTCGGGCAACACCTTCGGCAAGCTTATCAACAAAAAATTGTTTTTTGTCTTTATAACCAATAGTGAAAGCTTCAATTTCTTTTTTAGTTTTGGCATCTTGTTTGCTGAAATTTATCAATGCCAAAGGGTGAGCTTTGATAGTATTGTTGATAATAAATTCAAGTCTAGCCAATCCTACTCCGTCATTTGGAATAAATGAACTTGAAAAAGCCAACTCTGGTTCCCCAAGATTCAACATTATTTTTGTCTTTGGTCTTTCAAGATTTCCAATATCAGTTTTTATAACTTCGTATTTCAATTCTCCTTTGTGAACTTTTCCTGTTTCTCCGTCCGAGCAATTCACAGTCACTTTTTGTCCCGATTTCAAAAGGCCTGACCCTGTTTCTGTTCCAACAACACAAGGAATGCCCAACTCTCTTGAAACAATCGCTGCGTGACAAGTACGCCCTCCTTTGTCCGTAATAATTGCAGAAGCAATCTTCATGATTGGTTCCCAATCTGGATCAGTCATGGTAGTTACCAAAACCTGTCCTTTTTTGAATTTGGTAATATCTTTGACATTCATAATCTTGTTAACGACACCGGCACCTATCTTTTGTCCAATACTTTGTCCTGTGATTATTACATCGCCTTTTTCTCTCAATTTATATTCTTCAATAGTATTTTTATTTTTCTGACTCTGAACAGTCTCAGGACGAGCTTGTACGATGTAAAGTTTTTTGTCTCTACCATCCAATGCCCATTCCATATCCATCGGACGATTGTAGTGCTTTTCAATAGTGATTGCCCATTCAGCCAACTGCTTTACTTGTTCGTCAGTAATAGATTGTTTTGCTTGATCAGCAGAACTGACAGCGATATTTTTAACTGGGTTTTTTAGGTCAGATGTATAAACCATTTTTACATCTTTTTTGTTTATTGTTTTTGAGATTATGGATTTTGTTGGTTTGAAATAATAAAACTCGTCTGGAGTTACTCTACCCTGCACAATATTTTCTCCCAAACCGTAAATAGAACTTATCAAGACAGTGTTT
CP011215.1_gap4	68686	73552	4866	CGAGCACCAGCTGGTATAACGATCGCAAAACCATCACTTATCTCTGTTTCCACTCCATCCAACACAACCTTTCCTTTTCCAGCATCTACTCTAAAAAATTGGTCATTATCCTCATGAACCTCCATTCCAATTTCTTCCATCGGTTTCAAACTCATCAAAACTAATTGACTATATTTGCTTGTATAAAGAACCTTTCTAAAATTAGAATTTTCTTTTGTTAGATTTTCAATATTTTCTACAAATCCTTTCATAATAGTTAAAAATTAATTTAATAAAATAAATTATAACATACAAAAAACATGCTCGTGAAAATTTAATAAATTACAATTTTAATATTATTCCAAAAACAATCTCGCGACTCTTATCTCGTCAAAACCAAAATCATCACCCAAAATTTCTTTAACTGGGGTCAATTTTTTGTCCTTTGTTTTTTTGAATGCTTTTAATATCTTTTCTAATCTATTTTTTTCAAAACCTTTTTTAATATAATCAATATCAATCTTTTCACCAGATTCAAGTAGCTTTTCAATATGGCCGACAATTGTTTCTTTGGTTACCTCTCTTTTATCTGCTATTTCTTGTAAAGAATTTTTTTCATCTATCAACAGTTTTGTTTTTTCGTAGGTTGAAAGACTCTCTTGTTTTTCTTCTTTTGTTGGACTAACAAGATCCAAAAAAGTTTCTTGAATTTTTTTGACTTCATTTTCAGAAAAACTGCTCAACTCGTCAACAGCCTTTTCAGAAAACAATAATAATTTTTTATCTAATTCAGAAACTTCTTTGTTGATCCTTAGGGCAATATCATTCAAACCCATCAGTCTCAAACCTTCTATTTTTTTTACACGAGAAAGAGCCACATACCCCATTCCCTCAACAAAAGATTTTGATAAATCAATTTCTGCACAGTCCAAACTCATTCCCTGACTTTTATGAATCGTAATTGCCCACGCCAAACGCAAAGGAATTTGTTTTAATTCTGCTTTTATTTTTCCATCTTCATCAATTACCCAAGATTCTTCTTCTACCTCGATTATCCTTCCGTCGTATGTTTTAACAATCGGCAATCCTCCGGCGCTAAAATCTATGACTTTGCCGAGTGTTCCATTTACATACTTCTTGATGGGATTATTTTTTAAAAACATAACAACAGCACCTTTTTTCAACCTCAATTCTTCTTGTGCCAAACAGCTCTTTTTCAATGTCTCTACCAATTTTCTATTACCTTTGGTATGCATTTCAAAAATCTTTAGGGAACCTTCTATCAAATCCAGCTGTTGATTGTTTATGATATCAATATCAGCATTATGTGTGTAAAGTTTTGTAGGAACTATTTCCGAATTAATTTGTTTTTTATACCGAAGTCTCAAAGGAGCCAACACATTTTCTCCTGCATTATCTTGCCTGATATTATTCAAAATATTTGTCAGAGTATCACAATCTTGACGATATTGTTCATCAAGATAACAAACCTTCAAATCCATATCATTCCAAACATTTGCCTTATTTATAAAACAAAATCCTTCATTGTTTTTACTTATCGGAGGCAGTTGAAAAAAATCTCCAGACAAAATAACTTGCATTCCACCAAAAGGAAAATCTTTTTGTCTAAAAGCTCTGCAAACTTTGTCTATCAAATCCAAACGATAATGATGCAACATAGACACCTCGTCTATTATCAAAACTTTTGTATTTTGAAATCTTTTTGCTAGATGACTTTTTTGTAAAAGAGAATCCATCTCCCATTCATTTAAATCATCGTTTATTCCTATCCCTGCCCAAGAATGAATTGTCATCCCGCCCAGATGAGTAGAAGCAATCCCAGTTGATGCCGTTACCGCTACACTAACATCATTTTCTTTCAAAAAATTTATATATTCATTAAGGAGATATGTTTTTCCACTACCAGCAGCACCCGTTAAATAAACATTGTGACCCATTTTTAAGATTTCTAGTGCCTCTTTTTGTTTCATAAAAGTAAGTATAAAGTTAAAAGTTTATAAAGTCTATAAAGTTATTTAAATTAAACAAAAATCGCCAAAGGCGATTTTTGTTTTCTACATTCGTTCTTGCTACCTACTACTTTTTACTTATTTCCCGTGGCACTTTTTATATTTTTTGCCCGACCCACAAGGACACAAATCATTTCTTCCAATCTTTTCTTCTTCCCCTTTTACAATAGGTTGTTGATTTTTTTCTGTACCAGATCCTTCTTGTTCTGCAATATTTTTTGCACTCTCATGAGTCGCTTTCAATTGTTGTTGTTCTCTAACAAAAGCCCCCTCTCCCATACTTGGCAAAAAGTGCAAAATCTTTTCGTTGATCACCCACTGCATTTCTTTAAACATAGTCAGTCCCTCTCTCTTGTATTCTACAAGAGGGTCTCTTTGGCCATAAGCACGCAAGTTAACAGACGATCTCAAATAATCCATTACTTCTAGATGTTCCACCCAAAGCATGTCAGTTGTCTGCAAAAGCAATCTTCTCATTACCGTAAAAAATTCTGCTTCCCCCAAAGTATCTTTTTTGTCTTGAACAAGTTTTTCCATTTCTTCTTTTGTGCCAAAAACCTCGTTTGCCAAAGCAATTGTTCTAGGAGAATAAACATCCTCAATTATTTCATTCAAAAAATCGGAGATCTCTTCATTTGCTCCAAACAAAATTCTTCTTCTCTTTTCATAAACAATTTTTCTTTGGAAATTTAAAACATCGTCATATTGTAAAACATGTTTTCTTGAATCAAAGTTGAATCCTTCTATTTTTGTCTGAGCCGATTCCAAAGAACGAGTAATCATTTTGTTTTGTATCGGTTCGTCTTCTGGAATACCCAATCTGCCCATCATGTTTTTTACCATGTCAGATGCGAATATCCTCATTAGAGAGTCCTCCAAAGAAACAAAAAATTGTGTTTCTCCTGGATCGCCCTGTCTTCCCGAACGACCTCGCAACTGATTATCAATTCTCCTTGAATCATGTCTTTCAGTACCGATAACAAACAAACCACCCAAAGATTTTACTTCTTCATATTTTGTCTTATCAAAAGGTACACCTCCTAGTTTGATATCTACTCCACGACCTGCCATATTGGTTGCAATAGTTACTCTGCCCTTTTCTCCAGCACGAGCGACGATCTCTCCTTCTCTCTCGTGATTTTTTGCATTCAACAATTCGTGTTTTACTCCTTCTGCTTTCAAATATTGTGAAAGCAATTCATTTTTTTCAATAGAAACAGTACCAATCAAAACAGGTTGGCCGTTTTTATTTAATTCTTTTATCTTTTTAGCAAGCGCTTTAAATTTTCCTGTCTCTGTTTGAAAAATCAAATCATCTCTGTCTATTCTCTTTATTTCCCTATGTGTTGGAGCAACAGTTGTTTCCAAACCATAAACTTTATAAAATTCTTCTGCCGATGTTTTGGCTGTACCTGTCATACCCGACAATTTTTTGTATAGGCGGAAATAATTTTGGAAAGTAATAGAAGCGAAGGTACGAGATTCTTTTTGAACTTTCAGCCCTTCCTTTGCTTCAATCGCTTGGTGTAAACCATCAGACCATCTTCTTCCTGGTTGCATACGACCAGTAAATTCATCCACGATAACAACCTCGCCTTCTCTTACAACATATTCTTTGTTTGCACTGAACAAAGCCTTTGCTCTGACCGCTGTTTCCAAATGGTGAACAAATTTAATTCCTCTCTCTGTATAAATATTTTCTATTCCCAAAAACTTCTCCGCTTTCTCAATTCCCAAATCTGTCATCTTTATTGCTTTGTATTTTTCTTCAACGGTAAAATCTTGGTCTTTTATCATTGTCTGCGCAATCTTTGCAAATTTTGCGTAAAGATCTTCTGACTCTGTTGTCGGAGCAGAAATAATCAACGGAGTTCTCGCCTCATCAATCAAAATAGAATCTATCTCGTCTACAATCGCAAAATTGTAACCACGTTGACGGATTTCTTCTTTTCTATATTCAATATTGTCTCTCAAATAATCAAAACCAAATTCATTGTTTGTTCCATAAGTGATATCAGCATCGTATGCCTGTTGTCTTGTACAGGGACGCAAAAATTCATTTACAACTTTGTATGATCCCTCTTCGTCTCTTTCTTCATCCAACTCTTTGTGGTTGGGGTCATAAATATAAGAAGCTTCACTGTTTATTATTCCAACGCTCAATCCCAAAAATGAATAAATCTGTCCCATCCAAACGGCATCTCTTCGTGAAAGATAATCGTTTACCGTAACAACGTGAACTCCTTTTCCTGAAAGTGCATTTAAATAAACTGGCAAGGTCGCTACCAAAGTTTTTCCTTCTCCTGTTCTCATCTCGGCGATTCTTCCTTGATGCAAAATAACACCTCCGATCAACTGAACATCATAATGCCTTTCATTCAAATTTCTTTTTGATGTTTCTCGAACAACAGCAAAAGCTTCGGGAAGTAAATTATCCAACGCTTCTCCCTCTTTTAATCTATTCTTAAATTCTTGTGTTTTTGCTTTCAAATCATCATCGGACAAAGAAGAAACCTCGCTTTCAAGAGAATTTATTTTTTCTACGATTGGTTGTATTTTTTTCAAATACTTTTTATTTTCGTCACCAAAAATGTTCTTAATATTCATCATTTATTTTTTTAGCTTTAAATTACGAAATACTCTGGGTAGCAATATTGCTTAAATTTTCTCTCAAAAAATTAAAAGTGCTATCGCTCGCGAAGAGAAACGAGGACATCGTGGATCGCGTCGCTTCGCTCGCGAAGACGAATTTTCTGAAAGAAAATTCGTTGACGAAGTTGGGCTTTGCCCAACTTTGTCTTTGCGAGCCTTGGCGAAGCAATCCACGTCGTCGTTCGTCTTTGCGAGCCTTGGCGAA
CP011215.1_gap5	79925	83541	3616	CGGTTTTTGTCTTGATTTGATGAATCATCTCGTGATTAGCAATACTGGTGAGGTTTCTTTCTGTGTTCGCTTTGATCCCAACAAAATCGGAGTGCTTGGGAACATTAAAGAACAAACACTTTCGGAAATTTGGAACGGCGAAATGCGACAAGAAATTATAAACCTTCATATTGCCGGACGGAGGGATATGGTCACTCTCTGCTCAACCTGTGAATATTGGGGCGTTCCGACCAGCCCCTGAACAAAAGCCACGCTTCGCGTGGCTTTTTTATTTTTATTTAGTACCAATAATCAAAGAAATCTCTTTTGGAAAATTGTTTACCAGTTTGGTATATACCCTATTTTCGCTGGAAAGATCATTATATGTTTCCTTGTCAGGATCTATAAATTTTGATGTAAAAAATATCTGAATTTTTGGTGGTAATTTTGAAAAAATATTCTTTAAAATTCTTACAAAAAAATTATTACTATCGGAACGAGCAATATTATAATGTTCAAAATTTGAAAAATTTGTCAGCATAAAATATTTTTTCCAATCCTTCAATCTAAATTCTTGTTCGCCGTTCATTCTTCTCGTTAATCTCTCCTTTACATCAACCCCCATGTTCTTCTTTGCCTCTTCAGAATATTCCTTATCCAGCATATTCTTCAAATCATCTTCTTTCAAATAATCCGCCCGAGCTTTATCAAAACAAAAAATTACACCTCCTGGCTTCAACACTCTGTGGATTTCAGATAATGTCTTTTGTAAATCATTGGAGTGATGCAAGGAAAAAAAATCAAAAACAAAATCAACAGAATTGTCTTTCAGCTCCAAATTATTAAACTCACCCACGACACCAACAACTTTTTCGCTTTTCTTTTTTCCTAAAACAAAGTCGGCAATAACAGGCATCAATTCAGTCACAATATTTTCGCAAACTTCAACAGCATAAATCTTTTCCACTTTTTTGTTATCTGCCAAAACAGCACTAAAAAATCCCGGTCCCGCCCCTACTTCCAAACCAACGCCTTTTATTTTTTTATTTAAAAAATTTTTATTTATGTATTTAAAAAATTTTTTTACATCAATAATAGTAATATTGGGAGCAACATTATCAAATGTAATTTTTTTAATTATTTCAACAGGGTTAGAATCTTTTAAAGAAATTGCAAAATCTGTCCGATAATGACTATCAATTTCTTTTTTTAACTCTGGTTGAATCTTCCAATTTAATATCTGCATAAATTACATAATACCCCAAAAGCATTGACTACCCTAGCTAATTTGTTTATATTGAAAAAAGAAAAAATGTTCTATAAACCCAAATCATGAGGATAAAATAATGAATATTGTAGGAATAATACCTGCCCGAGGCGGGTCAAAAGGGATCCCCTCGAAAAACACGAGGAGATTGTATGGGAAACCTTTGATAGCGTGGACGATATTGACCGCGCTAAAAAGCAGTTTAGACAGGGTGATTGTTAGCACCGATGATCCAAAAATAAAGAAGATTGCAAAAAGATATGGCGCAGAGGCACCATTCTTGAGACCTGCAAAATTAGCCGGCGACAAAGGTGGAATAGAACCGGTGTTGAAACACACTGTTGAATGGCTATTTAAAAACGAACATTATCACGCGGATATTGTTGTATTACTTTTACCGACCTCCCCTCTTCGCCAACCACGGCATATAGACAAAATTATTGATCATTTTATAGAAACAGGTGCCGATTCGATAGTGTCTGTATCTGAAGCAATTGCCAACAACAATCCATATTGGATGCTTCAAAGAGATCAAAATGGCAGGGTAATTCTTGCAAACGGAAAACCTTTGACCGAAATCAAAGACCGCAGACAAGAGCTTCCTCCTTATTTCATTAGAAACGATTTGGTATATATCCTTAAAAATGAAAATCTTTACGAGGAAAAACCAAATCTTTATGGAAAAAAAGTAGAACTTTTACAGACAGAACCAGAGTTTGATATTGACATCAACAACGAACAAGACTGGTTGCTCTGTCAATTCAAAATGAAGCAACTTCGGAAAAAAGGATATTTCCGATAAACAAAACGCGTAGGGCAACCTACGCGTTTTTTATTTCTTCAAGTAGAAACTCTTTAATTAAATTAATTATTTTTTCACTCCCGAATTCATCTCCTCCATGAGTAGCTCCTTCTATGGGGTAAAAATATGACCTCAGCCCCATCTTGTTATAAAGATAATTAAGATGTGAACTTTGACTTATAGAAACAGTAACATCCTTATCTCCATGAAATATAATTACAGGGGGGTCATCAGAAGTTAAATAATACACTGGACTGGCAGATTCTAGTAACCTACTAGATATATTACCAAGCCTATTAAAAGAAGGTGATTCTATATCAAACAGACTAAGATCGCTAATACCATAAAAATCAACAATAGCATCCACTTTTGATGAATATTCTAGGTTTCCCCCAACAGTACCCTCGAGTTCGGCAACATCCCCACTTAATCCCAGTAACAAGGCTAGGTGTGCTCCGGAAGACCCACCTCCAACTATTATACTAGATGTATTGTAGCCATAGTTATCAGCGTTAGCCCTCAACCATCGAATGGCCCCTTTTATTTCTTGAATTTGTCGTGGGTGGGAATCGATGTTAGTCAGACTATAATTTATATAAGCAACAGCATATCCGCTCTTTATAAATTTCTTAAATATTTGATTTGCATCTTTTTTATCACCATTTGTCCAACCTCCCCCATGTATCCAAACAAGTAATGCTGATGGTTCGTCTGGTATATACAAATCAAGTGTTAGTGATTTTTTATCTGCATATCTTATATCCTTAATAACAATCGCTGATTCTTTACACATACCTACCATTCTTTTATCGTCTATTTCTTTTTCGATCATAATATAACCTACAATGCCAACAAAAATCACAACCAGTATTGTAATTTGTGTAGAAATATTTGTATAAATCCTCATATCCATATAGACAATCTCAATTTAACATCATAAAAAATAATTATTAATTTCATTCAATATGTATTGACCAATCCTTTCTCCAGACCTACCATCTAATTTCCAAAATTGTTGATCAATCACCATTTTTCTCTTATCTCTATTCAAAGATGGATCATTTATATATTTATTAATGATATCAATTAATTCTTCTTTTGAGTTTACAACACTCATTCCGCCAAGATCAAGCATCTTTTTCATATGATCCTCATCATGATATCTTTTCACACTTTCTATATATTTTTTATTTTCAAAACCATCAAAATTGACAACAATCTGTGGTTTATCGTAAACCAAAGCATCTATACCAAGAGTAGTAGCAATCCAAATAATTAAGTTTGAGTGAAATAATGAATCAGCTAAATGATTTGTGTCGTCTGGTCTAAACTCGACGTCCTTACCTTCACCTATGCCAGGCTTATCAAATATAAAATTATTATCTTTTACAAAATCACCAATGGGCAAATCTCTACCAGGATGCAACCTCACTAAAAATTGTACATCCGCAGGAATTTCATTACTGTTTAAGGCGTCTTTCAAAATCTGACAAATTTGCCAATCAGTATCAGAAAGAGGATCCCCTACAGGAGAAAACATTATTATTTTCTTTTTTATATCAGCCCCT
CP011215.1_gap6	245176	247193	2017	TTAAATCTGGTATTTTGAATGTCGAAATCCAAAACATTATTAATGCCGATAAAAGCATCGCTACTGCTAACGATATTAAAATTGTTTCTCTTTTAAAATTAAGGTATTTTTTTATCTTCATAACATTAAGGATACTAAAAAAAAAGTAACTATACAATAAAGAAATAGAAAAAGAAAGGCTTGAAATTAAAAATAAAACTAAAATGAGATGTTATAATGGTATTTATGGATAGTAATAGATTTTTGTTTTTGATTGCGTTTATTGTTGGTGTTTCTGTCATGGCGATGGAAATAACTGCTTCAAGGATATTAGCCCCTCATTTTGGGACATCTATTTTTGTTTGGACAAATATAATTGGTGTAGTGATGATGTCTTTATCTCTTGGATATTGGTTGGGTGGTAAATTGGTTGATAAAAATCCAAGATTGGAATTGTTGTTGAAAATTATTTTAGGAGCGGGTTTGTTTTTTTTGGGGGTTCCTTTTTTATCAAATAATTTAATAGAGATGATATCAGAAAATATTTTATTTTTTGATTCTGGAGTGACAATTTTATTTGTGGGTTCTTTTCTTTCAGCTTTTATTTTGTTTGGCTTTCCTATGTTTTTACTTGGAATAACTAGTCCTTTTTTAATAAAACTATACTCTGTTAATAATAAAGAACACGAAGGTGAGACTTCGGGAACCATTTTTGCGATTTCTACGCTGGGGAGTATTTTTGGGACATTTTTACCATCTCTTGTTCTGATTCCCTTTATAGGAACAAAATTTACAATTTATTTATTTTCCTGTATTTTAATATTTTTAGGTGTGGCGGGTGTTTTTAGTTTGAAAAACAAGTTTTTATTTTTGATTATTCCTTTTATTTGTTTTTTTTCTTTAAATCCTTCCATTTCAACAAATGCCAGCACTGTTATAGAAAAGGAATCTATATATCAATTTATAAATGTTACTAGTTACGACAATAGAAAATATTATATTTCTTACAACGAGGGTAGGGGAACTCAGTCCATTTTGGATAAAGATAATTTTTTAACAGGCCAATATTATGATTATGCTTCACTTTTACCATTAATGAAAGACTCTGGCACACTAGAATATTTACTTGTCGGTTTGGCGGGAGGAACAATAGTAAATGCCCTAGACAAGATTTATGGTAAAGATATCAATGTCACAGCGGTTGAAATAGACAAAGATGTAATAGAAATTTCAAATAATTTATTGAATTTAGAAAATTCATCTTTGAATGTTGTAAATATGGACGGGAGAATGTTTTTAAAATTTAACAAAAAGAAATACGATTTTATTTATATAGATGTTTATATTAATGAGATGTATGTGCCTTGGACATTTTCAACTTCTGAATTTTGGAAGATTGTGAAAAATTCTCTAAAAGAAGATGGCGTTGTTGGAATAAATTTGTTTTCTGGCGGTGAAAATACTGATTTTTTGAAAATTTTTTCTAACACAATTGCAAAAGAATTCAGTCATACTTATGGTTTGTGGCCGATAAAGAATGGCTCTTATAATTATGCTGTTTTTGCATCAAATGAGAGCATCAATTTTGATAAAATGAAGCAAAAAAAAGAATATAAAGTGTTGAGTGATCAGATTGATTATTTTTTAAACAACTATATTGATATTAATTATTCTGAGGATATAAAAGTATTTACCGATGATTGGTGCCCCGTTGAGTTTTTGACAGATAAAACAATTTTTAATTAAACAAACCCGCTTTTTAGCGGGTTTGTTGTGTCTTTTTAAAACAAGTCGTCTTCTGGTTCTACATCGTCGTACAAATCTTCTGCTCCTAGATCATCTCCATCTTCTTTGTTTGCCACACACACATCGCAGTCTCCACAAGTACATTCTCCATCCTTGGCAATACATTCTTCACACTCTCCACAACTGCAGATATCTGGTTCAACATCTCCTCCAATAACAGCATCTAAATCCTCATCAGCCAAGACACCTTCGTTTATATTTTCTTCTTCCATTTTATTTTTTTAAATTGGTT
CP011215.1_gap7	325195	328536	3341	AAAAATTCAAAACGCTATAAAAGAAAACAGGATGCCGTCCGAACCTTTATTTTTGAGAAAATAAAGGTGTTAATAACCTGTTTATTCATTTTTGAATAAGTGCTATTCTAAATATTAGGACACTCTTTATTAAGAAATCTACTTTTTATAAAAAAATGAATAAAATTAATTACGGAATGATCCTTGTGATTATTGTTGCTTTTCTCTTTGTAGTCACATCTGATTTTTCAAATAAAACAAATAAAAACGAACAACTTGCTCTCGCTGCACCCGTTTCTGGTGGAGAAACTGTCTCTGTTATACGACCAAGTTGTAGTGGTTATGAGCCTGGCACTTGTTTTACATCTCTTGCTAGTTGGGAAAGTAACTTTGGAGGAATAGATTTTGGTACTTGTACTAGTGGTGATTTGGTGTGTGCTAATACAAGCGCCGTAGCAAAGATAGAAGGAAGCTGGACCACTGCTGACAATGCCATAATAATTAGTGGCTGGACAACATCTTCCTCAAATTATATCAAGATCTATACAGCATCAGATGCAAGGCATAGCGGAGTTTGGAGCAATAGTAAATATAGGATTTCTTCTACTGCCTCATCTATTGATGTGAGAGAGAAGAATGTGATTATTGATGGTTTGCAGTTGGTTTTGACAGGTTCTAATGGTTGGAAAAATGGCGTACGCTATGAGCCTGAAGAGAGCCTTATTTCTGGAGGAACACACATTGTTTCAAATTGTATTATAAAATCTACAAACACATCTACTTCGGGAATTAGTGGTATTAATGCAAGCAATTGGGATTCAGAAAGTTCGGTGAGTTTTTATAACAATATTGTTTATGGGTTTTCTAATTATGGTATTTATTTAAAATTGCTTAATTCTTCTAATGCTTTTATTTATAACAATACTGTTTATGGAATAAACGGCAACGGAATAGAGGTGGGTAATAATTTTGCTTTGTTAAAAAATAATATTGTTCAAAATTCTTTGAAAAGTTATGTGGGCACAGCAAAAACAGGCTCTTCAAACAATATTTCTTCCGACGCTACAGCTCCTGGTTCTAATTCAAAAATAAATCAGACAGTGTCTTTTGTTTCGACAAGTGCGGGAAGTGAAGACTTCCACCTTTCTTCTTCTGACACCTCAGCAAGAGACGCTGGCATAAGTTTGAGCGGAGATAGCGGACTGTCTTTTTCAACGGATATAGATGGATCAGCAAGAAGTGGTGCTTGGGATATTGGAGCCGATGAACAAAGCGGTTCTGCTCTTCCTCCAGAACCTCCAACTTCCGACACAACCCCTCCAACAGTCACCAGTCCATCACCAAGTGGAACATTATCATCTGGGACAACATCGGTGACACTTTCGGTAACAACAAACGAAACATCTGTTTGTAAATATTCCACAATCGCCAACACTGCATATACATCAATGACAAACACAATGTCAACGAGCGGAAATACACACACAAAAATAATAAGTAGCTTAACAAATGGAACAACTTACAATTATTACGTAAAGTGTAGAGACACAGCAGGGAACACGACAGCTTCTGATACTACAATTAGTTTTGGTGTGGCGAGTGTTGTTACACCACCCTCAAGCTCATCTTTTAAACCAGTGGCAAGATTTGATGTCGTTCCATATCAAAGAATCGAATATGGCAATTCATTTAAAATAGGAGTAGTGGCTTTTTCCAAGCCGGGAATTCAAAGAGTTGAATTTAGTGCCACCGGTCAGGGCTATTCCGGTGGAACAAAAACTGTCACTTCAATGTCTCTCAATAGTACTAGCGGAGTATGGGAATATTGGACGACATTTTCTGCCAGTGAATTTACAGGCAATGGGGCTATCACTATTACCGCCTTGGTTAGAGATAATCAAGGGAATACTCGAAATCTTACCCTTCCGATGTTTGCATATGGTGCAAGTGCTTTTACGCCTGTTAAGATTTGGATAGACAACACTGTGGGAAATGATAGCACTTGTGCAATTAATAAAGAGACGACTCCATGTAAAACTCTTTCTTCGGCAGTAACAAAAGTTAAGACCGCAAACGGCGGAGTGTGTGATGGAGCTGTTTTCTATTATCAAGAAGGAACTTATTCCAACTCAGCTTCTGTCACCGTCACAACTTCAGCTCAGTGGGCGACTATAACAAAAGATCCAGATGCCGATAAAAACAAAGTGATCCTTAACGGAGCTCCAAGTAGCGGAAGAATTTATGGTGGTTATGTTAAGTTCGATTCTGTTACGATGAAAAGTTTAGGAGCTTCTTCATATGTAGCTGATCCGGATCGTATTTGGACTAACAATTCTAGAAAGATTGGATCTGGTCGTTGGAATTCCAATTCAAATCCTATACAAATCAGTGATCCAGATAACCATTGGAGCACAAATGATTATACCTATGATGTAGATTTCGCTTATCAACGTGCCGCACTCGTAAGGGGGGCAACCATTGAAAAAGTGGGAAATGATACTTTTCAGAATACTCGAATGGTAGTTAACAGCACTATGAATGATTCTGATCACGGTACTAACTATGCTACACACAATGATGGTTATCAGGTATTTAATACAAATGAAGCGTCACCACCAGCAGACAATAGAATCATCTATAATTACAAAGCAACCAATATGCATTATCAGGGTATTTTCATGCGGTCCGATTTGGGGACTGCTACCAATAATGCTTTTGTTAATGTTGTAATGGAAATGCGTGATCCAGCAAATCTAAATGAAGCTAACAACTATCCTCACTCTGCATTCGCGGCATATCATAATTGGGACCACCTGATAATTTGGAACAGCTCATTCTTGTGGGGAAATTCTAGCATTTATACTTCTGGGCTTACAAATTCGTCTATTGTTGGAAATGTTTTCTTTTCTCTTGAAAATACAGAAACATCAGCTGGAAATCCAGTTGTTCCATCGATGGCACCTGGAAACGCTGGCAACAATGAAGTAATTCACAATCACTTTGAGTGGGTGTACGGAGTATCTCCATCTTGTTCTTATCTTGGAAGGTCTTCCGACACTCTTTATAATCCTGATAAAATTTGCCCAAGGTATTATGCAAAACGTCCTGATTCTGATGCGGGGGTATCTTCTACCGTAGGCGGAGGCACAATTAACCTAGACAATCAATCCGCGTCCTTTCTTCGTCCGGTCGGCAGTATTTTGATTGGCAGATTCACATCTCGCGTTCCAGTCGATGTTAATAATGTAATCAGAGGTGCCTTGTCTGATGTGGGGGCTGTTGAACAAAGCGGTTCTTCTCTTCCTCCAGAGCCTCCAGCTTCCGACACAATCCCTCCAACAGTCACCAGTCCATCACCAAGT
CP011215.1_gap8	369799	370519	720	AGAAATAATTTTTGGTGGTGTGATTTATTTTGAAAATCTTTCTACTAATTTAATTCGTGTAAATGAAAAAATTTCTCAAAATGGTTTTGCACAAGAAAAAAATTTGGCATTGTTGAGTCAAGACAGTTTTGGATTTACAGAAAAATTTGCAATTACTTGGTATAGAACGATATCAGGTTTTTTTAGTTCCGCTGAAAAAATAGCCGACAGCACGGACGAAGCTGACAGCGGACAGCTAACAACCAACAGCACAGACGAAGACGACTCGTCCGTCTTTGCGAGCGATAGCGAAGTAATCCAGGAAGAAGACGAAGCCAACAGCCAACAGCCAACAGCTAACAGCACGAACCAAAACACAACCATCGTTACAAACCCAATCAGAGAAATCATAAAAGAAACCGTTGTAGAAAGAGTTATCCAAACATCAGGCGTCACACTGGAAGATCTACAAAAACTAAACAACGAACTCCGAAGTGAAATCTACAAACTCTCATCAAATACAAATGCTCAAATCACCAACACCTACCAAGTCATCTCTGCTACTAACAACATCGACAATCTGGGTAGTGTCACAATCACCGACTCAAACATCAGTTCCTCAAATGTCTCAGGAACAGAACTAAGCTTTACCAACGGAACAATTCAAAACCTAACTGTCACAGGCACAGCTACCTCTACATACGGTGGCCCTATTTCTGCAACCAGTGGAACATACTCTGG
CP011215.1_gap9	373430	374232	802	TATATACATACTGAATTAAGAAATGAAGATGTGTCAGCAGGAGGAACAAGACTATTGGGGGTTACTGATCAGGATCTTGCCTCAGGAATTAATTTGTATGGAGTGTTGGGTGTGACTGACCCAACTGATACTGTTCCTGCAATTAAAATTAATGGGGCAAAGAAAAACACTACTAATGTGCAATCTCTTGGAAACTTAGAAACAGTTTTTCAGGTTCAAAATAATACTTCCCCGTTATTGACTTTATTGGGAAATGGCAACCTCGGTATCGGCACCACCTCACCTTTTGCAAAACTTTCCGTCGTCGGAGATGTTGTTGCCGACTATTTCAACGCAACTTCAACCACAGCAACATCAACATTCGCTGGCGGTTTAACAGTGGGAACAAACAAGTTGGTGGTGGATAGGAGTACGGGCAACGTCGGAATCGGGACGGCGAGTCCGAGTCAAATGTTATCAGTTGGCGCAAGCAGTCAGTTTACGGTTACTTCAGCAGGTGTCGTAACCGGACAAAATTTTGCAGTAACCAGTGGGGCTTATGTAATAGATGTCAGTAACGGTTTAAGGTTGTATTCAAATGGTGGTCTGGGAATAAAATTTACGACTTGGGATGGCAGCTATGTTGATAGGATGGTCGTTTCAACAACAGGTAACATCGGCATCGGCACCACTTCACCTTTTGCAAAACTTTCAGTAACAGGAACCGGAACAGGCACTGGCTCGGCTTTTCAAGTTGCCGATTCTGCCAACTCACCAAAATTTACTGTTTTGGATAATGGGAATGTGGGGGTGGGGACGGTGA
CP011215.1_gap10	463754	466255	2501	ACGATATCTCTATTGAAATGGACGAAGAAAATAATAAAATAAATTCTTTGTCTGACGAAGGCTTGAAAAAAATCAGGGAAAAACTGAAAAAATGCACGGAAGAAAAACAGGAATATTTGGAGGGGTGGCAAAGAGCAAAAGCTGATTTGATAAATGCAAAAAGAGATTTTGAGGACCAAAGAAAAGATTTTGTTAAATTTGCCAAAGGCGATTTGATTCTTCAAATAATTCCGGTTCTTGATTCCTTTGATATGGCTTTTTCAAACACAAACGGAGTTCCCGAATCGTGGCTTAAGGGTATTGAATATATTTACAATCAATTTGTCGCGGTTTTGAGAGACAATGGGGTAGAACAGATTGTTCCAAAAAAGGGAGATGATTTTGATATAAATTTACATACATCAGTTGAGGGGATTTTGGTTGAAAATGAAAACGAGAGTGGTAAAATAATTTCGGTTATGCAAAAAGGTTATCTCTTAAATGGCAAAGTTATAAGAGAAGCGAAAGTCCGTGTTGGTGAATATAAATAAATTTATATTCACCAAATTATAAAATATAAAATTTATAATTTAATTTTTGACAATTAGTTTATAGATTTTAGATTTTGAGGTAACTCGAAAATTAAAACTTATAAGTTAATTTAGATAAAAAATTATGTCAAAGATATTAGGTATAGATTTAGGTACAACCAATTCAGCAATGGCTGTTATTGAAGGAGGCGAATCAAAGATAATTGAAAATGCCGAAGGAAACAGAACTACGCCTTCTATCGTTGCCATTTCAAAGACAGGAGAGAGGTTGGCAGGGTTGTTGGCAAAGAGACAGGCGGTAACCAATCCTACAAATACTATTTTTGGTATAAAAAGATTTATTGGGCACAATTTTGATGATCCTGCTGTTCAAAAAGACAGAGAGACAGTGCCTTATGAAATAAGAAAGGCAGACAACGGCGGAGTAGAAGTAAAGATGGGAGACAAATGGTATAAACCAGAAGAGATCTCTGCAATGTTTTTGCAAAAAATGAAAGCAGATGCCGAGGCAAAATTGGGAGAAAAAATTACAGAAGCGATTATTACCGTACCTGCTTATTTCAACGACGCACAAAGAAAGGCAACCAAAGACGCTGGAAAGATTGCAGGATTGGATGTAAAAAGAATTATCAACGAACCAACAGCTGCTGCTTTGGCTTATGGGTTTAATAAAAAGAAAGACCAGCAAATTGTTGTTTTTGACTTTGGTGGTGGTACTTTTGATGTTTCTGTTTTGGAAGTAGGAGATGATGTCGTAGAAGTAAAATCAACAGACGGAGATTCTCATATGGGAGGAAAGGATATTGACCAAAAGATTATCAAATGGATTTTGGAGGAATTTAAAAAAGAAACAGGCATCAATATTTCTACTGATCCTTTGGCTTTACAAAGATTGGATGAATCTGCAGAAAAAGCAAAGATAGAACTTTCTTCTGCTCAAGAAACAGAAATAAATATTCCTTTTATTACATCTGACGCTAATGGTCCAAAACATTTGTTGTTAAAATTTACTCGTGCAAAATTGAACGAATTGTCGGATGAATACATCAAGAGATCTATTGAAATAACAAAAAGAGCGATGGAAGCTTCACCTTTTAAAATAGAAGATATTGACGAAATTGTTATGGTGGGAGGACAAACAAGAATGCCCGCTATCAAAGATGCAGTAAAAGCATATTTTGGAAAAGAACCAAATCAATCCATTAACCCAGACGAAGTAGTTGCCGATGGTGCAGCTATTCAGGCTGGTATCTTGCAGGGAGATGTAAAGGATGTACTTTTGTTGGATGTTATTCCTCTTTCTCTGGGGATTGAAACAATGGGAGGTGTTGCAACAAAGTTGATCCAAAGAAATACAACTATCCCGACATCAAAATCTCAAGTATTTTCTACCGCAGTAGACAATCAGACATCAACAGAAATTCACATCGTTCAAGGAGAAAGACCGATGGCAGGTGATAACAAAAGTTTGGGTAGATTTATTTTAGACGGTATTCCACCCGCACCAAGAGGTATTCCTCAGGTAGAGGTGACTTTTGATATCGATGCCAACGGTATTTTAAATGTAAAAGCAAAAGATAAATCATCTGGAAAAGAGCAGTCTATCAGAATAGAAGCAACATCTAGTTTATCAGATGCAGATATTGAAAAAATGCAAAAAGATGCCGAGATGAACGCTGATGAAGATAAAAAGAAAAAAGATTTGGTTGATGCAAAAAATTTGGCAGAGCAAATGATTTACACAGCGGAAAAAGCATTGAAAGATGCGGAAGGAAAAATAGGAGAGGACATCAAGACAGGTGTAAATGCAAAAATTGAAGAATTGAAAAAACAAAAAGACACTAGCGATTTTGATTTAATCAAAAAAGCGACTGACGAACTTTCAACAGAAATGCAAAAAATAGGGACAGCAATGGCTTCGTCTGCCGGATCAGCAAACACTGGAAATCAGACCGATAATCAAGGAGAAGG
CP011215.1_gap11	480308	481420	1112	CCAAACCCGTCGTTGCATGTTGGATCCCTCCAATATTCGCAACGACGGGTTTTTTAATTGTATTGACATCTTTGTTATTTTAAATAGTATTTAGGTAGGATTTTATAGATTCTTTACTTTAATTTAAGAGGAGGTGTTATATGCCAGCAACAGAAAAAGATTGGAGAAATTGGCAAGATATCAATGGTAATTCGGAAGGACTAAGTCCAACCGAATTAATGAACATTCGTTATCGTCACGGCAGAGCCGAGGCTGTAAGGGCAATCACCTGTCCACCGGGGAGAGACCCTCAGACATGGGAAGATCAGATTCAAAATTTTTTGGTGTCCAAGGAATTCGGACATCGCGTTCATTAAGGGGGGATAGGCGGAGTGTCACAAGACACTCCGCCTATTTTTTTGTGTATATTTCAATAATTCAGTATGTTATTATTTAAACTATATTTTAGTTTGTAGTGGGTAGTTTTTAGTGAGTAGTAATTATTTTTTATGTATCTAAAATCGTTAGAAATTTCTGGATTTAAATCGTTTGCAAAAAAAGATTCTTTGGATTTTACATCGCCAATTTCTGCGATTGTTGGTCCAAATGGGTCAGGCAAATCAAATGTCGCCGAAGCTTTTCGGTTTGTTTTGGGTGAACAATCTTTAAAATCTTTGCGAGGGAAAAGAGGAGAAGATTTAATATTTTCTGGATCAAAAAATGAAAGATCTCTGAACAGAGCCGGTGTAAAAGTGATCTTTGATAATATCACAAGATTTTTGAATATTGATTTTGATGAAGTCTCAATTGAGAGAGTGGTATTCAAAGACGGTGTAAACCAATATTTTATAAATGGAACACAAGTTCGTTTGAAAGATATTATTGAACTGTTGGCAGGGGCAAATATTGGTTCTTCCGGACATCATATTATTTCACAAGGAGAAGCAGACAGAATTTTGAGTGTAAATATAAAAGAAAGAAGAGAGATGATAGAAGATGCTCTGGGACTTAAAATCTACCAATACAAAATAAGTGAGAGTGAAAAGAAATTGGATAAGGTAGAAGAAAATCTTCAGTCGGTAGAGTCTTTGCGAAGAGAAATAAAACCACATTTGAGATTTTTAGAAAAACAG
CP011215.1_gap12	489142	489864	722	TTTATTGGGTTTAGCGGTGACGAAAATAGTGTAGAAGGGCTTTACGGTTTGGAAAAATATTACAACGATTCTTTAAAAAGAAAAAACGAAGATTTGTATGTAAATTTTTTTGCCGAAGTTTTTTCTAGTGTAGGGGATTCTTTTTCAAAGATAAGAAAAGAAGGAGATATTATTTTAGGAATTGATCCATCCGCTCAGTTATTTCTTGAGTCTGAATTACAAAAAATATCCGATGAGTGGGGAATTGAATCAGGAGCTGGAATAATAATGGATCCAAAGACTGGAAAAATTTATTCTTTGGCTGTTTATCCGAATTTTGATTTAAATAATTTTAAAAATGAAGATATTACTACATTTAGTAATCCTTTTGTGGAAAATGTTTTTGAAATGGGTTCAATTATAAAACCATTAACTATGGCAATTGGTTTGGACACAGGGGCGGTTACTGCCGATACTACTTATGATGACAAAGGTTTTTTGATTATGGATAAAGCAAGAATTTCAAATTATGACGGAAAAGCGAGGGGAGTTGTTCCTATGCAAGAAGTTTTGAATCAATCTTTAAATACTGGAGTGGCTTTTGTTGTAGACAAGGTAGGTCATAAAAAGTTTGCAGATTATATGTTCAAGTTGGGGTTGGGAGAAGAGACTGGAATTGATTTGCCAAATGAAACATATGGTTTGGTAGACAATTTGAATAGTACTCGTGATATAGAATATGC
CP011215.1_gap13	493473	495935	2462	AATGTCATTTCTTTAGCATATCCTTTGTTCCTATATTCAGGAGCAGTGACAATTGCACATAAATACAAAGCATCGTATTCCGTATTTGGTTTTGTTTGTTCAAAAAGCTCTTTTTCGTTTATTTCTTTTGCAAGAAATTTGTCCATTATTTCTGTTGATGTTGGTATTGTAACAACCCATGAAATCAAATTTTCTTTTTCATCTATTTTATACAACAAAGAATCATCACTTAACTTTTTAAGTTTTTTCCGACTTTCTTCATTAATAGGCATTTGGTTTGGGTCTTCTGCGGACTTGAAAATAGACTCGGCAATTTCTCGTGCCTGTTTAATAATTTTTTCGCTGGGTGAATTGGTTATCATTTTGTAAGTTTTATTTTAATGACGATATAATATCACATGATAATAAATAGTCACTTTTTAAATATTGCATTGAAAAAGTTAAGTTTTCTGTTAATATTCTAATTATTAAATATTATGGTCCCGTTTTTTCTAATAACTAAAACCTGCCTGCCGTGTCGTTGCTTTTCTTTCAGAAAAGAGGCAGGACTAATGGCTATAAACTTAATACGGCCCTATCGTCTAACGGTTAGGACATCGCCTTCTCAAGGCGGGAATCAGAGTTCGATTCTCTGTAGGGTCACAAATCGCAAAAAAGAAACGCCAGTTCGAAAGAACTGGCGTTTCTTTTTTAGAAAAGCAAACTGCTTTGCTTTTCGGCGATTTGTGAAGCCGGAGGCATAATTTTTCGAGCATCACGAGAAAAATAGCCGAGGCGAGGTCGACAAGTACTTAGATATTTTAGAACCCGAAGGGTTTTTAAATATTTAGTAACTTGTGACCACACAGATTTAGTCAGTATTGAATACTTGGAAATACTGTCTATATAGTTTTTGACTCAATGGCTCAACGAGTTGAGCCGTTGATATATGATACAATTTTAAAATGATTGGAAAAAATTATTATATTTATGTTCTTGCTTTGTTTGTCTTGGCAACTATTTTTTTATTTGGTTTGAAAGAAGAAAAAAATTTTGAAAATATGACAACTATTGAAGAAATTGAAGCTCGTATCTCAGGCATAGGTATAAAAAATGAAAACAGAGGTTTTTGGTGGAATAGTGGGGATGGCTATAATATTTTTGTTCCTGCTGATGAATCTGTGACAATTATAAAGACGGGAGTAGCTCCTGTTGAAAGAGACCTCGTCGCGAGAAAATATTTTGATGAAGAAGGTTCTTTGGCTGATTTGGTTCTTATGAATCGTCATTTTATTTTCAATATAGAAAATTCTTCAACCAGTACCTCTGATAAAAAATTTTATGATTATGTTCAATCTTATGAAAATGGTGATGAAAAATGTTCGGTAATAGTAAATCCTGATTTTATGTCATATCCAAAAATTATTGATATGGGATACAGTATGTCGGTAGTTTGTGGAAATGATTTTGAAAAAGCGAAAGATGAACAGGCCCCTCTTATTGATTCTCTCGGTTTAAAAAATACGAAAAATGTTGTGATTTTGAAAAACAGAATGGGAGATTTTTTGAAAGTTGGAATATCGAGTGTTAGAAGTGGGGGATATGCAATTTTAAAAAAAGAAGGAGAAAATTATCGGGTATTATTTAAGGGACAAGAGGACCCTTTTTGCAATCTGATTAAAGAAGAAAATATTCCAGAAAATATTTTAAAAAGTTTTGGCATCAACGGTTGTTTTATAGATGGTGCAGAACATAAATTTTTTGAGTAAATTAATTTCAAGGAAAAACAAACCACTCACTACCAATTACAAACTAGTCTAGTTTCTTAACACTATCCACAATCAAACTAGTTTCGCCATTTCGTTTGGAGATTTTTCCTTTTAGAGCGATTGTTGTGTCTTCTAAAATAATATCTTTGAATTGCTCGTATGTTTTTGGAAAGACAACAGTTTCCATCGTTCCTGTAAAATCAGAAATTCGCACAAATGCCATTTTTGAAGAACCTTTTTTGGTCAAAATTTCTTTTACTTCATCTACAAGTCCCGCCACAGCAGTTGTTGTCCCTTCGGGAACAGTTTCGGAAATACTTTTTATATTTTTTCCATCTTTCCCCAAAATATTTCTGTATTTATCCAACGGATGTCCCGAGATATACAATCCCAACAATTCTTTTTCCCATGCCAATTTTTCTTTCATCTCGGCAGGGTCAGTCTTTTTTAACTTAAGTTGTGGAACATTACTGTCTTCTTGCATCAATCCAAACAAAGAGTCTTGATCTTTGTGTTGATGAGCTTTCTCTTTGTTGTATGCCAACAAGTCTTCCATGTTTGCAAGAATTTCTCCTCTTTCTCCAAAATTATCCATCGCTCCGCATTTTGTCAGCGCTTCTAGTGATTTCTTATTCAAATTTCTGTCTTGTATTCTTTCTAGGAAATCAGCGAGCGATTTAAACTTTCCATTTTTTGTTCGCTCTTCAATAATCA
CP011215.1_gap14	498027	501182	3155	AATTTCTCCACTAAAATGAGGAGAGATACAAATCATTCCGGCGCTGTGATTTTCTATCAGCTCTTTGTCTATTCTGGGTTTGTAATAAAAACCTTCCAAATTGGATTTTGTTACCAGCTTGATCAAGTTTTTATAACCGCTTTCGTTTTTGGCAAGCATCACGAGACGACTTCTGCGGTTGTCTATTCCGGGTTCTTTGTCATGTCTGGTTCTAGTTGCTACATAAAAATCAACTCCAAGAATAGGAGTGATTCCTGCTTTTTTGCAGGCTTTGTAAAATTCTATCGTGCCGTACATATTTCCGTCGTCGGTCAAAGCCAAAGCTGTCATATTATTTTCTTTTGCTTTTTTAATTAAATCGGGAATCTGAGGAAGCGCATTCAAAAGACTATAGTGGCTGTGGGTGTGGAGATGGGTGAATTTTGACATAGGTCTATTATAAATTAAAAATTGAAATCTCAAAATTTAAAGTCTTGTTTTGTTTTTTAATATTTAGTATATTTAATGATAAGGAAGTTGAAAATCTCTTCTAAATGCCAGAAATAAGAGATGAGAGGGTAAATGCCCAGACCGAATGCTAAGTACTCTGTTGATTGATGCCATTATGTAGAGAATGCTACTAGTGGCTTATATCATTGGAGACTAACGACGCATCGGACGATACCAAAGTTAGGTACTGCTTTTTTCTTCGGATAGAGCAATCTGGCCCAATAACTTTGGATTGATGTCGTGGTACACTTCCTTTCTTTTGTAGACCGTCCTCTCGGGGACGGTTTTTTTATTGTATGATTTTCAATGTTTAAATTTATTTCTTAAATCGCATCATAATTTAGTTTGGCTTATATTCATAGAAATAGTTATAATTTATCTCAATGACCAATTGTCGATATCTAATTGGAATAGACGAAGTGGGTAGAGGACCTGTTGCTGGCCCTGTGGCTGTTGGAGCGGTTTTGTTTTATGCAGAAAACAAAACTGTCATGGAAGAAAGATTTTCTAACTTTAAAGATTCAAAAAAACTTTCTCCCAAAAAAAGAAATGAATGGTTTGAAAATATTAAAAAAGCAAAACATGAGGGACTATTAGATTACAAAGTTGTTTTTGTTGATAATAAAAAAATAGACGAGTTTGGAATTGCTCCATCAATCAGGTCTTGTATAAAAAATTCTTTACAATCTCTGTGTAAGACGTCGGACGTCTTACATAAAGATTGTCTGGTGTTGTTGGATGGGGGATTAAGAGCACCAGAGGAATTTGTAAATCAAAAAACTATTATTAAGGGGGATGAAAAAGAAATGGTAATTGCTCTTTCTTCAATCGTGGCAAAAGTCACCCGTGACAGTCTGATGTGCAAGTTAGCAAAAGAATACCCCCAATATGGTTTGGAAAATCACAAGGGTTACGGAACAAAAGCACATATGACCGCAATAAAAAATAACGGTATCTCTGAAATTCATCGAAAAACTTATCTAAAGAATATTTAATATATGTCTTTACAAAATAAATAATATGATTTATAGTTTTGTGAGGATTTCTTATTTAACTCATATTTAGGAGGCACGTCATGCACGATGATTTGAAAGGGTTGGCCGAAGGATTCGGCGAGCTGTCGGGGTTTCTTGATTCTATTTTCGGTGGAAGCGAGGAAAAGGGAAGTAAGGAAGACTTGACTGACGACGCTCTGGACAAGCTCCGCACCCTGATTGGTACCAACAATGTGATTCTCAAAAAGTTGGTCGCCGGTCTGCTTTTGGAATACTTTGTCGGCAAGCTGTCGTTTCAAGAGTTGGAATATTTTCTCCACTCTCGTGACAAGGACATTCAGATCGAGGCCGGCAAGGCCATTCTGGACTTCCACTGGAGGTCTCTCAATGTTAACATCCTACGCGAACTTCTCGCTCTTGAGGACGAAGAGATCAAACGAAAAATCAACGACTATCTCTCTTCAATGAAGAAGAAGTGAGTGTGGTCAAAACAGCCCTTGGCAAAGCAATTTGCCAGGGGCTGTATTAAATTGAGTTTAGTCTGTTGCTTTTTCTGTAATAATGTAGTAAATTTATATCTGTTAATTTTAAAAAAGCTGTTAGCTGTTAGCTATCAGCTATTAGCTTCAAAAATATGTCAGTAAGAATGAGACACACAAAGGGTCACACCCGTAATAGAAGATCACATCATGCGCTAACAGCGCCTCGTATTTCTAGTTGCCCAGATTGTGGAGCTTCACATTTGAGACACAGAGTTTGTGAGACTTGTGGAAAATATAGAGGAAAGCAAGTTGTAGATGTTGTAGCAAAGATTGAAAAGAAAAATACTAGATTAAAAGACAAAGCTAGAAAAATGGGAATTGACCCAGGAGAAGCGAAAGAAAAAGAAGAAAAGAAAGAAAAGAAGGAAACTCCAAAAAAGAAAACAACTACTAAAAAATAAAATAAAATAAAAAACTGAGACATCCAATGTCTCAGTTTTTTATTTTGACAAAGTTTTCCACTTCCGCTTTTAAAAATTTTGTGTTATTTTATAGAAAATAGTAAATAATCTAAATTTTAAATTTTGTCATGTCAAACAGGCACCTTTCAAGAACAATAGTTTTACAATCGCTCTTCGAGTGGGATTTCTCTTCGAAAGATAATTCCGAAGTAGATTCAATTCTTGAATATAATACAAGAGAATTTTCAACTGGAATGTGTGATTTTGAGTTTTCACAAAAGCTTATCAAGATTGTTGTTGAAAAAAAACCTGTGATTGATGACATTATTCAAAAAGCAGCTCCTCAATGGCCGATAGAAAAAATATCGGTTGTAGATAGAAACATATTAAGAATCGGTCTTGCCGAATTGCTTTTTGCTGATAGAAAAGAAATCCCGCCAAAAGTAGCTATCAACGAAGCAATTGAATTGGCGAAAAATTTTGGCGGTGAAAATAGCGGCCGTTTTATAAGCGGTGTTTTGGGAACTATTTACAAAGAAATGGGCGAGCCCGATAAGGACCAATTTGGAAAAAAGAAAAAGAAAATAGAAGATATCCCCTATGACCAAATGTTGGTCGAGAAAAAATGTGGTGCTGTTGTTTACTCTATAAAAAATGACGAAATCCATTTTGCCTTGGTTCATGACATTTTTGGACACTGGACTCTTTCAAAAGGAAGTGGTTTAGAA
CP011215.1_gap15	506099	506982	883	AAACCAAGAATTAAAGAAATTGATTTAAAATTGAAAGATTTTAATAATTTGATTGTGAAAATAAAAGAGAGAGATCCTTTTGCTTTTTGGTGTCAGGAAAATGAATTGATTGATGAATGTTTTGTAGTAGACAGTGAGGGTTTGATTTTTGACAAAGAAAGAGGAGAGGACTTGTTCAAATACTATGTAGACTTGAACGATAAAAAAATAATTGGTAAAAGCGTTTTTGAATTTGAAAAATTTAAAGAAATTGATTCAATAATTAAGTTTGTTACCAATTTAAAATTGGAACCATATAAGTTGGTTCAAAAAGAAAACAAGCTTGAAATACATATATTAGATGGAAGCAAAATTATTTTTAACAAAGATCAGTCTGCCCAAGAAGTTATTACAAATTTGCAGTCTGTTATGAATATGAAAGATTTTGATATAACAAAAATCGGGTATGTAGATTTTTCTTTTGGGAATAAAGTTTTTTACAAATAAAAATATAAACATACCAATATACAAATGATACTAATAATACAAATGCGATACGAATAATATGGCAAAGAATTTCTGGAATAAAATTAAAAAAGCGTTCAATTCTGATTTTTAAAATCAAAATTGAACGCTTTTTATTATTTATAAATGACAGTCGTCATCCATATATTCTTTAAATGTTTTTACAAATCTAAAGCCCATTTTTTCTAAATTAGAATCAAATTTTGTCGTGCAAAAATACATGGCCCTTGTTTTTTTGTGCCCGTTGATATCGAAAAGCCAACCCCATGCTACCATTTTATTGCTTTCATGCATTTTAAAATTTTTATCATCTACGCCACGTCCTATTCCTGCTACGCGAAATATACAATCATCATTTGTGACGATATCGTCAGGCTTA
CP011215.1_gap16	516812	521090	4278	CTCGTATTTGGTCGGTAGAAATCCAAGGTAGATTCAAATGTTTTGCAACCAAAGCAGCCATAGTTGATTTACCAGTTGTGGGCGCTCCTCCTATAAGAATAATTTTTTTTGTTTTCATGGTTTGAATTATTATTTTGCGGAGGGTACGAGATTCGGCGCCAGTTCTAAATAAAATTTTCGTCCTGCAGACTTAATTTTATTAAGAACTCGCTGCCCCCGCTCACTCGTGTTCGTCGCTTCGCTCCTCCATACTCGCTCGGTTCGAATCTCTTCCCCTCGGTGTAACGACACAAAACAAAAACAGTGCATTGGTACTGTTTTTGTTTTGGTCGTGCGGAGGGTACGAGATTCGAACTCGTGAAGGCTTTCACCTTGCCGCCTTTCCAAGACGGTGCACTCGACCGCTATGCGAACCCTCCAATGAGAGTGATTATAACAAAATAAAAAAAATAGCCCAGCATGGATTGTCTTGCAACAATCTTTGCTGGGCTTTTTTTACTTGATCTCTGCCGTGATTTTGGCGGTGAGTTTTTTCAGATAATTTTTTGCCTTGGTGTCATAATGCTCTGGTATTGATTGATTCATCAACGCTATGGCGATGACGATCTCGTCGATTTTGTCACTGGGGAGTTTGCTCTCCCGAAGAATCGTACCGTATTTACGCATGTCGGCTTCTGCCTGAGCCGTCGGCAGATGTTCGATCTGTTCGCGCATTTTGCCGAGAATGACCTCGTGAAATGGTTGTTTTTTGCCATTTTTTTTCTCACTCATTTGCATTCCTCCTTTACCAGATTAGAAAGTGCAGAAATTGCCTCTGACAACTCGTTGATTGTTTGCAACGCATCGTCGTTTCTGAATGGTTGTATCTTGATTCTCATCTCGACTAATTTTGAAATAATAATTTCAATACTCTTTGTGTCTTTGGGCGGACACTCAGATAAATACCGACATACTCTTGCCACTAACTCTCTGTTTTTGGGAGCACAGGTAGCAAAAATTATGCCGTTGACATCTTTCTCCATATCACCAAGCATAATCTGGTATATGGGTGCTAAACTGTCTTTTCGGCACATCAAAACCTCCTTGTCAAAAAATGGTTAATCTTGAATTTCTGACAAAATACTACATTTTTTGAATAAAAAAGACAAGGGATTTGACTTTAAGGCAAGTTTCCTGTTAAATCTTGCTAGAAAGATTAATTTAAAAGAGGAATATACTAATGAATATTTATAAGGTAATAGCCAATTGTTTAAGTGCTTCAAGATTTTTAATTCCCATAATTCTTTTTGGACCGCTAGGTTCTGTGGTTCAAAAAATTGTTGTTGTCATTGTTTTGATTTCCACGGATTTTGTGGACGGATGGTTTGCCAGAAAAGGAGGATCTCCTGCTCGTTTGGGGGAAATTCTTGATCATACATCTGACAAAGTTGCTTCGCTATCTGTTGGAATTTTTATTTTGTTAAATAATTTTGTTGTTTTCCCTGTAATATTTACGGCTCTTGTTTCAGAAACCTTAATATTTTTGTTGTCAGCTTTGTTGGTTAGATTAAATGGTAACTTGATTATTACCAAGATCGGCAGAACAAAAATGTTGTTTTTTTGTGCAGGGTTTGTTTTTATTTTTTTAAATCAAATCGATCCGAGACAAATTTTTGAAACGTTGATTTTTGTAAGTTTAGTAATAGGAATTTTGTTATCAATCATTTTAAATTTTTTTTACTCAACAAAAATTTTACAGCTTGCCATCTGTGGCAAGTAAAAAGCGGTGTAAGACACCGCTTTTTTTATTTTTTAAATTTACATTTTATGAAAAATATTTTCTAAATCTTTATCCACAAATAGATTTGAAAAAAAGAGAGTAGAATTTTAGTAAATTCATTATTAATTTATTAAAAAAGTCTTCAAAATGGTAAAAAAAGTTCAAAAAGTTGGAAAAACATCCGATTTTATTAAAAAAGTACAAAAAAGAGACGGAACAGTTGTTTCTTTCAACGAAGAAAAAATTGTAAATGCTGTTTACAAGGCAATGCTTGTAACAAAAGAAGGATCTGAAAAAGATGCAAGATATATTGCTCACAAGGTTTATGTAGATTTGTTGAAAATCGCTAAATTACATAAGACTTTTATTCCTACTATTGAGGGGATTCAAGACTCCGTGGAATCCGAGCTCATTTTGGGAGATTATGTAAAGACTGCAAAAGCATATATTCTTTACAGAAGAGAAAGAGAAAAATTGAGACAACAGGGGGTTAAGGTACCTGAAAAGGTAAAAATATTGACAGAGGAAAGTAAAAAGTATTTTAAAAATCCTTTGGCAGAATTTGTTTATTATCGATCTTATTCAAAATGGATAGAAGGAGAAGGTAGAAGAGAGACTTGGGTTGAGACAGTGGATAGATATATGGGTTTTATGCAAAAAAATCTTGGAAATAGTCTAAAACCTGCAGAATATAAAAAAATAAAAGAATTTATTTTGAGTCAAAAAACAATGCCCTCAATGAGATTGATGTGGAGTGCTGGCAATGCTGCAGAAAAGTCTAATGTAACTGGTTACAACTGTTCTTTTATTGCACCTTCAAAACCAGAAGATTTTGGAGAAATAATGTATCTATCAATGTGCGGTGCAGGGGTTGGTTTTAGTGCAGAAAGTCATAGCGTTCAAAAATTTCCTCAGATTCAAAAACAAACAGGAAAGAAGAGACCTTCTTATTTAGTTCCTGACAGTAAAGAGGGTTGGGCTGACGCTTTCGTCTTGGCGGTAAAAACATGGATGGCGGGAGAGGATATCGACTTTGATTATTCACAGGTTAGACCAAAGGGGGCAAAACTTAAAACAATGGGTGGAAAAAGTTCGGGACCAGAACCTCTTATGGAATTGATGAGTTTTGCAAAAGAAAAGATTTTAAGAAAACAGGGGAGAAGATTGAGCAACTTGGATGTCCACGATATTGTTTGCAAGATTGGAGAAATTGTTGTTTCTGGAGGAGTGAGAAGGACTGCTTTGATATCGTTGTCTGATTTGGACGACAAAGATATGAGATCTGCAAAATTTGGACAATTTTATATTACAGAACCACAAAGAAGTATGGCAAATAATTCTGCCATCTATAATGAAAAACCAACAAATGTTGAATTTATGGATGAGTGGATAGCCTTGATGAAAAGCGGTTCGGGAGAAAGAGGCATCTTTAATAGAGGGTCTTTAAAAAACCAAATGCCTGATAGAAGATGGAAGGTTTTTGAAAAAGATTTGGATAGTTGTGGGACAAATCCTTGTGGTGAAATTGTCTTGAAATCCAAACAATTTTGTAATTTGTCTGAAATAGTTGCTCGTGCGGAAGACACAGAAGCTATTCTTATGGAGAAAGCAAGAATTGCAGCAATTTTGGGAACTTATCAGTCAACACTGACCAACTTTGGATATCTTTCAAAAGAATGGAAAAAGAATTGTGAGGACGAAAGATTGCTCGGAGTATCAATTACAGGACAGTGGGATTGTAAGATTTTGAAAGATAATGCAAAACTTTTGCAAAAATTAAAAAATGAAGTTATCAAAACCAACAAAGACTATGCAAAAAGATTTAAAATAAATCAGTCTACTTGTACGACTTGTGTAAAACCTTCTGGAACAGTTTCTCAATTGGTAGACGCTTCATCAGGAATGCATCCTCGGCACTCAGAATATTATATTAGAAGAGTGAGAATTTCTGCGACAGATAGTTTGTTCAAGATGCTAAAAGATCAAGGAGTTTTGTATCATCCAGAAGTAGGGCAGTCATATGAGAATGCCAATACTTATGTTTTGGAATTTCCCGTTAAGGCGCCTGCAAAATCTGTTTTCAAAAATGATTTAACAGCAATAGAGCAGTTGGAACACTGGAAATTGGTAAAAACAAATTATACAGAACACAATCCGTCAGTAACAATTTCTGTTGGTGAAGGTGAATGGATTGAAGTGGGGAATTGGGTTTATTCAAATTGGGATATCGTCGGGGGGCTTTCGTTTTTACCAAGATCAAACCATGTTTACAAGCTGGCTCCGTATGAAGAAATTGATAAAAAAAGATATGATGAGATGTTGAAGCGATTTAAAAATATTGATTTCTCAAAGATTGTGACTTATGAAAGAGCCGATGAAACTGAAGGAGCAAAAGAATTGGCTTGTATGGGGGGAGTGTGCGAACTTTAATAATCAAATTTAAATTTGATTATTAAAGTTCAAGTAGTAAGGTATAAGTAATAAGGTGTAAGCAAAGCAAAAACTTGGGGGGAAATCTC
CP011215.1_gap17	530228	531867	1639	AAAAAGCACTAGATGAATCAAGAAAAAAGATTTCTCAGATTTTAAAATGTCACAGCGATGAAGTGATTTTTACTGCGAGTGGAACAGAATCAAACTCGTTGGCGATTTTTGGTTTCCTAGACAAACAAGAGGAAAATGGAGCCGATTTTAAAAAAATGCATATTATTACAACAAAGATGGAACATCCGTCTATTCTTGCTTGGTTTGCACGTTTTGAAAGAAAAGGTATAAAAGTTTCTTATATTGATATTGATAAAGAGGGGATTGTTGATTTAAAACAATTTAGAAAATTGCTTACTCCCGAGACAATTTTTGTTTCTGTAATGTGTGTAAACAACGAAATAGGAACAGTTCAGCCGATTTCAAAAATAGCACATATTATAAAAGATTTTAATCGCGACAATAAAGCAAAAATAATTTTACATAGTGACGCTAGTCAGGCACCTTTGTATTTGAAATTGGATGTACATAGTTTGGGCGTGGATATGCTGACAATAGATGGACAAAAAATCTATGGACCAAAGGGGGTAGGGGCTTTGTTCAAAAAAAGAGGTATTGAAATCAATCCCTTGTTGGCAGGAGGCAGTCAAGAAATGGGACTTCGTGCAGGAACAGAAAATATTCCTTTGGTTGTTGGTTTGGCAAAAGCTTTTGAATTGGCGGAAAATGAAAGAGAAAAAGAATCAGAGAGATTGATAAAATTGAGAGACAAATTTATTGATAGAATTTTAATAGAAATCCCAGGATCAGTTTTGAACGGAAGTAAAACCGAAAGAATCCCAAGTAATGTAAATATTTCTATTCCTAATATTGATAGTGAATACATGATAATCAAGCTAGATGCAAAAGGAGTTGCTTGTTCTTCAAAGAGTGCGTGTATGGGAAGAATAAAAAGTGCTTCTTATGTGATAGAAGCATTGGGTAACGACATGGGCAATTCTTTGCGATTTAATTTGGGAAAAAGTACAACAGAAAAAGATATTGATTATGTTGTTGATATGATAAAACAAAGCATTAAGTAGTTTTTATGAACAAAGAAAAAATTTTTAAAAATCATAGAGCCGAGCCGTATTTTACTTTTGTTAAAAAAGGAATAAAAACAGTAGAAGGTAGATTGAACAAAGGAAAATATAAAGAGATTCAACCCAAAGACCATATTGTTGTTTTTAATAATGAGGAAACAGAAAGTTTTGAAGTTGTCGTCGTTGGCGTGAGAAATTATTTTTCTTTCAAAGAGTTGTTAGAAAAAGAGGGATTAAAAAAAGTTTTACCAAATGCAGAAACTTTGGAAGAGGGAAGTAATATTTATCGAGAATTTTATTCAGAAGAAGATGAAAAAAATTTTGGCGTGGTGGCTATTGAAGTGGAAGTTGTTAAATAGTGTGAGGTGTTTGACACCTTGAATAAGAAAAGTAATAAAAAAAGCACCACATGGGTGGTGCTATATATGTGGATCCTGTGTTGCTAAGCAACTGGGATCCGAATGAGCTATAAAGGACTGGTTGAGAGCGAAAGTTTAGTTTTTATTTCTTCCTCTCTCACTTATATTGTAGCAAGCGGTCACTTTTTGTCAAGTATTTTTTGACGATTTTTTGTTGGGATTGGAGACAAAACCTCTCTTATTTTGCTAGTGGTAACA
CP011215.1_gap18	626893	631046	4153	TGATAAATCTAGAGAATAATTTTGTCCCTCCTCTCTGTAAATTACTTGACTCGTAGAGAGATAACTTGTGTTCCATTGAATTACCACGGAATCAAGATTTAACAAAATACTTGTTTCATTCTTTATGGTCAAACCGCGTGGTGCACTTCCTCCTCCCCCACCAGCGCCAGAATTTACAAACACTCCTCCCTGAAAACCAATCAATAGATCAAAAGTTGAGGAAAGTGATTGATATTCGTTCTCTTTTTCAGGAAGGAATGTAACAATAAAATCGTATTCGGCACTAGATCCATTATTTAAATTACCCAAATTAATTTCGTCGCCATTCAAAAAATCCTCCAAAGAACCATTGAACAATTCGTTGTCCTCTCTTTTAATAATTAAATTTATGGCCTCTGACAAACAAGGTGTTTTATCGCAAGAGTTTGAATTAATTGCGGAAACAACAACAGTTTGAGATTTGCCAAGAGTATTTGTAACTTTTATATATTTTGTAACAGACTCACCTGGAATAAAATTTATTTCAGAAAAGAGCGGTGTACTTTCAAACTCTACGTCTAAACCATTTTCGGCATAAACAATATTACTAGTACCAAAAAACAAAGCAATGAAGAAAATTATTATATTCAATTTTATTTTTAAAACTTTCATATTATTCTTCATTATTATTTAAATCTTCTTCATCTTCAGAATTAACAGGAATAATATCCTCTTGTTTAATAAGTACAACATCGTCACCCAACAAAAGAACAGGGTCAGTTTCGGTTACTTCCTCTTTCTTTTCATTTATTTCTTTTTGTTTAGACTCAAGTTCGGGTTCGGGTTCTGGTTCAACCTCTACTACTATAGGTTCTTCAACAAAAACATCTTTCTTATTTTCTTCCGAAACATCTTCTTCAAGATTATTTGCGACAAATTGAATATTCTCAATGACAACATTGTGTGGATTTGTTCCCGGATTTGGACCAACTGGTGTTGACCCATCATAAGTATCCATCCAATCATCCGCCGTGTTAGTATCAATTCCTTTTTCTTTTCTTGAAATCGAATGTCCCAAAATCACGGCTGAGACAGACGGATTGAAAGCGGTAATATTGTCACCCCAACTAACTGAATCAATCAAATTATTTTCATCATCATAAAGCATAAGGACATCACCATTATCATCCAGACCGTCGTCAAACATTTTTGTTCCACCCAAAGCAATCTTGAAAGCATTGTCTGGAATATCTGGCCAATATGCCCAAGTAGAAGCATTTGCGGCAATCACAACAAACTGGTGTGATTCTATTATGTAATTTTGATTTATTAGTTCACTATTATCTTCATTGTTTAAATACCATTTCTTAATATTAACTTCGTGATCACAAACATTATAAAGCTCTATCCACTCATCGTTTGGATTGTTTTCAAAACCATTTGCACCTTCTCTAATTCCTGGGTAATAATAAACCTCGTTAATCTTTATACAAGATTCTGGTACAGGTTCAGGAGTTAATTCATCAATAAATACCGTATTAGAAACATCTTCTTCATCACTAAAACCTCCCACGCCATACTCGGGAAAATCTTCTTGCCACCCCTGATAGACAAAATTGAAATCGCAATAACCATAAGAATTTTCTCTTGCTTCTAATTGAAATTGCCAAATCCCCAAACTAGTTGTTGCATAAGAAAAATCATTTATATAACCATTGTAAACTTGGACACCGTTTAAATTAGCCACCAAAATTAAATTTTCACACAGACGATTCCTGTCACCAAATTCTGGTAAAATCTTGTATTTAAAATCTAAACTACCTTCATTTTTTATTTCTATACTGGTGCTGGCAGAACTTAACATATTAGAGTTTTCAAAACCATTTCCAATTAAAACAAAATCCAGAGATGCGACAGAAAAATTGATTTTGGAAGACTCTACATCACTGTGATAAGCATAAACTTTAACCGCAACAAAAGAAAAGGAAATCTGAATAATCAAAGACAAAACTGTGTAACTTATTATTTTTTTAGTTAAAGTTTTCATAAATATTTTTTATGTATTACTCTTTTTTGTTTTTTTTATCTCTTTCCATATTTTTTTGGATTCATCATAAACAATTATTACGCCTGGGATTATAATCAAAATTGCGAAACCAAAAGGTTTTCTTGCTTCTTGAACAACATAACCAGCATAAGGTAAACTAAACAAAACTTTTCCAATTACATCTTCTTTCGGGACATCTTTTGGGTCTTTGTCATCGTTGGCGTCTCCTTTTGTTATGTAATAATAATCCCCTTCTATCACTTTTATATCTACAATCCTGTGGGTGATAGGGGTCTCACTTTTATAAACATCACCAAAAGTTATAACATCACCTACCTGATAATCATCACTCGGTTTTATTACAGCTACACTTCCCGTCTTTATTGCCGGCTCCATTGATCCAGACTGTACAACTCTTAATTCATAGTTACCTGTTATGGGGAAAATTGATGCAATCATGAGAACAGCCATTAAAAATATCGCGAAGACAACTATGTAATAAATGATTTTAATTAACTTATTCATATCTTTGTAACGGACTTTGTTAAAGCCTTTATTGACCGCCCGAACTTACCTCACAGTTCAAGCGGTCTAAAAAGTTTCAAACTTTTTAAAAGAGAATCGAAATTAGAAATTAGTGTTTCTAGTACTAATCTAGTTCCTCTTCGTCTAGGTTGATATTTTCACAAGAGAAGTTCTCATTGTTTCTTACTTGTTCCGCGTAAGCAGTCAGACTTGCTTCAAGCGAATCTGATTGCGCGTCATCAAGCATTCCACTTCCATCACAATTAATTTCTCCTGTTGTGTGATTTACTTGGATATCTCCGGCACACCAAGCAAAGCCTACATATCCTGTTGGGCCACCTCCCGCAAGTGACATCTGAATAACTTCTGTTTGGATATTTCCCTCATACAGACTATCCTCTGTATTAGGTTCATAAACGCCATCGCCGTCATCTTCCCAAGCAAAAATATTGATGTAATCGGAAAGCTCCCCTAAACCTGCAGGATTTCCGCTGGTAAGGGTATCTCCTACACTTTCTTCTGTTTCAAGAAGCTCATTTTCTTCATCATTCATGTCATGTATTATCAAACATGCGTAAGCATCATTTGAATTGACATGTAAAGAAATTAGGTTTGTTCCCCAATCAGATGGTTTTACATCCCCAAAATTGAAGAATTTTTGTGATCCGTCAAGATCAGTTTCTCTCCAAAGTTGACAAGCTTTTTTGAATTCACTATTTGCGTCACAGTCTTCTGCATCGCGAGTAACAGTGAGGTAGTAAAGCAAGCCTCCTGGATTATTAAGTGGGGTGTTGTATGCAGGATTAGTTTGGGTTAAATTAGTTACAACAAATGTAAGTGTGTTTTCACCCGGTACAACCTGCGCCAAGAATGACGCTTCTGATACAGGGTCAAGTGTTGTATATTGAGCACTTCCCGAACCAGCTGAAATGGATACTCCGTTTAGGAATAATTCATATTGGTTATCAGCTGCAACATCCATCACTAAATCAACACTAACAGCATCACCCCACCAATCGAATTCATGTTCAAAGGTGTAAGTAACATTGCCATCTGTACCATCATCACCAACTAAAGTAGCTGGAGAAGCCCAAATCCATTGTGCTGTTGGATGGGTTGTCCAATACTGGAGAGTAATGGGTGTATCAATTACGATAGGAGCTTGAAATGGAAATACTGTAATTTCTGTATTAACACCAGAAACAACATCTGCTCCACCATCGCCACTGAAAAGTACCAGTGAGCATGATTCACAGTCATCGCCATTATAAGTTTGTGCCAAATGATCTACTTTGAGGTCAATAGATCCGGCAGTGAATATGTTTCCTGCCGAGGTTTCTGTGTCATTGAAGAAAGCATAAGTTCCTCCAATAATCACCGCCCCGGCCAAAACAATCGTGCCTAGGCTAAAAATTATTTTTTTCATGTTTTTAAGTTAGCTTTAGTCTGATAATTACAGATCTGAATCTGTGTATGTTATGAGATTTAACTCAAACAAAGATTCTATTCCCACTGGCCATGTGGTTACGCTATTAGTTCCTGAGTTATATTCTGATGATTTTATTACCCAGATTTTTGCACCTCCTGGATAATTAGCATCGG
CP011215.1_gap19	664219	666922	2703	ATACAAGACGGACTTGTTTTTTTTGAATAGGTAAACACCTGGAGAATCAGGCATTTTTTTAAGCTTTTGAGATAAATTCATATTTTAAATTCCAAATTACAAGCACCAAACCACAAACAATATTCAAATTCTAATAACCAAAATTCAAAACTATTTAGTATTTGATGTTTATTATTTAATTTTTGTTTGTAATTTGTTATTTGTAATTTGTGATTTTGCTACTTCAGATATCTTTTCAGATAATCACCAGTATAAGACCCTTCGGTCTCTGCCACTTCTTCCGGTGTTCCTTTTGCAACCATTTTTCCTCCGCCAATACCACCATCTGGTCCGATATCTATAATATAATCCGAAGATTTTATTAAATCCATATTGTGCTCAATCACAACAACAGTGTTGCCTCGGTCCACCAATTTTTGCAATATTTCTATCAGTTTTTTTACATCATCATAATGCAGACCGATTGTTGGTTCGTCCAAAAGATAAATAGTTTTTTGAGTGATTGGGCGATACAATTCGGAAGAGATTTTTACTCTCTGAGACTCTCCTCCCGATAATGTAGATGCAGGTTGTCCCAATTCTAAATATCCAAGTCCTACATCCATCAATGTTTTCAACCTATCATAAATTGCTGGAATATCCTCAAAAAATTGTAACGCTTCTTCTACTGTCATAGACAAAACATCGTGTATATTTTTACCTTTGTATTTTATTTCCAAAGTTTCTTTGGTAAATCTTTTTCCATTACATACATCACAATTTACATGAACCGTCGGTAAAAAGTGCATCTCTACAGCGATTTCTCCCTTTCCTTCACACGCTTCACAACGACCACCTTTCACATTGAAAGAAAATCTGTTAGCCTTCCAACCTCTTGCTCGCGCCTCGCTAGTATAAGCAAAAAGATCTCGGATATGCGTAAAAGTACCCGTGTATGTTGCAGGATTTGAACGACTGGTTCTGCCGATTGAAGACTGATCAATCAAGATCACACGACTCAAATATTCTGTACCAGTAAATTTTGCACAATTAAAAACAGAAGCAGAACGATACTTTCTATCAAATCTTGCCTGCAAATTTTTATGTAATATTTCATACATAAAACTGGATTTTCCAGAACCAGAAACACCTGTGATTGTCACAAATTTTCCCAAAGGCACTTCTGCCTTCATATTTTTTATATTAAATACTTTTCCTCCTTCTATTTTTAGAGAACCCTTGTCACTCGTCCTTCTTTTTTCTGGCAATTCTATTTTCTTTTCTTCTCGCAAATATGCCAAAGTATTTGAACCAGAATCGTTATATTTTGCCTTTAACAAATCATCTAAGTATCCAGAAACTATTACTTCTCCTCCGTGCACACCCGCCCCTGGACCGATATCAACAAGATAGTCGGCAGAAAAAATAGTATCCTCGTCGTGTTCTACAACAATAATAGTATTGCCCAAATCTTTCAATCTCAACAATGTCTTTATCAATCTGTCGTTGTCTTTAGAATGAAGTCCTATTGTCGGTTCGTCCAAAACATACAAAGCACCAACAAGCCCAGAACCAAGCTGACTTGCTAGACGAATTCTTTGAGCTTCTCCACCAGACAAAGTATTGGCGCGTCTATCCAATGTTAAATATTCAATACCAACATTTATCATAAAACTTAATCTCTCCAAAATCTCTCGCACCACTACTTCTGAGATTTCTTTTTCTTTTTCGCTCATTTTTACATTTTCAAAAAAATCTTTTGCGTCTGAAACAGAAAGAGCTGTCAATTCTACTATATTTTTTTTACCCCATTTTTCGCTAGTCAAAAAAATATTCAAAGCCTCTGGTCGCAAACGAGCACCATTACACACAGGGCAAGATTCTTTCACCCAAAAATCTGCAGTTCCTAAACCGTTACATTCTGGACATGCTCCATAAGGCGAATTGAAAGAAAAAAGTCTTGGCTCTATTTCAGGATATGAATATCCGTCAAAAGGACAAGAAAATTTTGTAGAAAGTAACAATTCTTCTTTGTCTGAGAAAACATTTTTTACAAGACCGTTTGATTCTATTACTGCTTTTTCAATAGCGTCACGCAATCTCTCCAATGTCGCTTTTTTAAGTGATTCTTTGATCCCAATCAAATCTTCTTTTTTATCATATTCAAAATCAGATAAATCAATACTATCAATCACAATACTGATATCGTGTTTTTTTGTTTTAGTTAATTCTATTTTTTCTCGCAAACTATATTTTTTGCCATCTATTACAACACTTGTATATCCTTTACCTAAATAATCATACAGCAACTGGTAATACTCGCCTTTTCTACCTCGGACAACTGGTGCTAAAATATCCAATTTTTTTGTTCCCTCTTTAGATTTTTCTTTTATTTTTTTCAAAATAAATTTTTGAATTTCTTCGTTAGAAAGTTTTTCTATTTTTCTTCCGCATTCCAGACAATATGGGTGACCAACACGCGCATACAAAATACGCAAATAATCATAAATTTCTGTGATGGTCGCTACGGTTGAACGAGGGTTGTTGGAACGAGATTTTTGATCAATAGAAATTGCAGGAGAAAGTCCGATAATTTCGTCTACATCCGGTTTTTGCATTTGAGAAATAAATTGTCTGGCATAAGCGGAAAGCGATTCAATATATTTTCTCTGACCCTCGGCAAAAATAGTATCAAAAACGAGAGAAGATTTTCCGGAACCAGAA
CP011215.1_gap20	713276	713825	549	AAAAGAAGATCTAACTGCCATTCTATTTCGGAAACACAAATATCCTCTATTGGGATATTTTTTAATTCCCAGATTTTGCTTTTATTCCAATTAAAGTCTAATCCGGAATTTTTGATAAATTCTGGTCGGTAGGTATTATTCATAAAAAATTAATAGAACTTGATTGCGAAATTACTTCTTCAATACGTTTGTCTTGCACATTGCTGGACCTTTTAGACGAAGTCAAAACTCTTTTATTACAAGGAGAAAACCAATTTTACTATCATTATCCTATATCTTCAATATAAAAAGATTAACGATTACAATTTATTTCATCAATTTTCCACTCCCCATCTTTTACAAGATACACAACAATTGGTTGTTGAAAAATATAAACCTCAAATTTCGCAGTATTATCATTTACTGATATTTGTTTAAAATCTAAATTAGATGCATCATCAGGGAAATCTTGGGCACAGATAAATGGATTAATTGGCATACAAATATTATTTTGAGTACAATATTCATCTATTTCATTTTTGTCTTTTTTCTGTTTCTCTATAAAACCAT
CP011215.1_gap21	752130	752630	500	CACCAAAAAAACCAGATATTGTTTTATATTCATTGACTGCAAACTGCTCAGTCTCACCATGAACACGAGAAGAGATCTCCAGGACTTTTATTTTAAATCCATCAAAAACAAGGAAAACTTTTTCCTCTATCTTGTCAATTTCTAAATTATTACTAGATAATTTATCACCCAAAATACTAAAACCACTACCTAGTCCAAAAAAGAAAACTATAAAAAATATTATAAAAATCTTTGAATTCTTCATAAAATAAGACTCTGCACCACAAACACAATTATTTACAAAAATCACACAGACAGAATTATTGCCATTTTGTTTTATAACTATATATTATCACAATATTTTGACTTTTATTAAAATAATAAGTGTGGGTAACTTTAGACCAAATTTTTGAGAAATGTAAGGTGTTGGACACCTTACATTTCTCTGGAACAAGACATTGACAAAGCATATTTTTTGGTGTATATTTTACTGAATAACTTGTTCTTTCTTCGCCCGCCAT
