gap_id	start	end	length	sequence
CP020382.1_gap1	3764	5037	1273	CGGCACGGTGGAAGAGGTGGCGAACTTGGTCACGTTCCTGGCCTCGCCCCGCGCCAGTCTCATCACCGGAGCCTGCATCAACGTCGACGGCGGGCAGTCGAAGTCGCTGATCTAGCCGCGATCCGGCCGGGGGCTGCGCCTCCGCCGGCTGCGCCTCCGGCATCGCCGTCGTTCGCCGGGGCAGGGAAGGGGCCGGCCCGGTGCCTCAGTCGAAGCGCACGAAGCGGACGTGGAGGCGGCGGGTCTGGCCTTCCGGTCGGTTCCACTGGACCAGGATCGGGCTCTGGTACTGCCCGTGGATGATGTGCCCGATGCCGTGCTCGTCCGTGTTGTTGATCATCAGGTTCACCGAGCGCTTCATCCGCAGGAAGCGAGACGCCCCGGCGGCGAAGAACTTGTCGATCAGCCGCTCCACGACGGACTGGTGCAGCCCGAGCACGTCGATGAACTCGTTGACGACCTGGACGAGGTCGTATTTGGCGTAGTTCTTGGCTTTGCTGCGGATGGCACGGGGATCCTGGAGCATATGCTTGCCCTTCTCCGCCATGAACCGGAGGGGGTTGCGCAGGACCTCCATCAGGTCGTGCCGCATCAGCAGCGTTTCGTATTCGTTCACCGTCAGCCCGGCGTGGCGCTCGTCGGGAGCCAGCGAGATCTCCACGCGGCCCTTGGGGATCTCGAGGTGCCGAACGAGTTCGTCGAGTTGCTCGAAGAGGCCCAGCCGGGGATCCCGCAGGTTGATGGAGTCCACGGCGTGGTGCGAGACGGGGACGGTCAGCTCCATCTCGCTGACGCGTTCGTCCTGGTTGTAGCCGATCACCGTGGTCTTACGCGTCCGCACGCCGGCCTCGTGCACACCGTCCAGGTCGATGAAGAAGACCGGCGTGGAGGGGTCGTTGACGTAGGTGACGCAGTTCTCCAGACCCGCGCCCATGAACGTCAGGTGAGAGTCGGCATTGCGAGGCTCGCATTGCTTCTGCTCGTCACTCAGCTCGTTGCGCAGGTGGAGCTGGTCGTGCCGGTAGGGTGCGCGCGGGGGGAAGAGCTTCTGGAACGGCTCGACGAAGGCCTGCACGGCTTCCCGGTCGTGCCTGAGGCGGGCGCACAGGCTTTGCTCCAGGTAGCCCGCCGTCGTGTGATACGAGCAGTAGAGCGCCTTGCGATAGGGGACGAGCGCATCGCCGAACTGCTCCCTGACCCGGCTGGAGATGTCGATCACATCCAGGCGAGATTCCGGCTGCACTTCGAGCGTGATTTCGGACGTCAAGGTAGT
CP020382.1_gap2	8651	9850	1199	TCGAGCCCCTGTTCGCGGGCCAGTGCGGCCGTCAGCCGGGCGTAGAGGGCGAGGGAGTAGCCGGCTTCGGGGGCAGCCGAGGCCCCGAAGCCGAGCAGGTCCGGCGCGAGGGTGAGAAGGCCGGCCTCGGCCAGCCGCGGGGCGATGTAGCGAAACGTGCGATAGCCCGTCGTCCCGAAGCCGTGCAGCGCCAGCAGCGAGGCCGCCGGCGGCGAGGCCGGGGGCCAGAGACAGACATGGTGCTCGTAGCCGTGCAGCGTGAGGGAGCTCTGGACCATGCGCATCAGGCGGCCCGATGCATGACGTGGCGGACGAACAGCGCGGGGTCGCGCAGGTCGTCCAGCAGCACGTCCGGGCCGAAGGTGGCGAGGTGATCCCGCGAGAAGTGGCCGGTGCAGACGGCCACGGAGAACGCCCCGACGCCACGCCCGCAGCAGATGTCGTGTTCCGTGTCCCCGATGATGACGACGTCCGGGCCGTGGAACGTGTGTCCGGTGTGCGCCCGGGCCCGGCGGATGGCAATGGGCGGCAGTTCGGCGCGGTCTGCGTGGTCGCTACCAAAGGCGCCGAAGGCGAAGTGATGGTCGAGCCCGACGGCCCGGAGCTTGAGGTAGGCCATCGGTTCCACATTGCCCGTGAGCAGGGCCAGGTGCACGTCCGGGCGGGTTTGCAGGTGCTCCAGCAGCGGCCGCACGCCGTCCAGGAGCCGCACCCGCTCGGGCACGAGCAGCTCGTGCATGGCCTCGACGTACAGGGCCACCGCCTCCTGCAGCAACGGCGCCGGCACGTCCGTCAGGCCGTGGGCGAGCAGGACCTCTCGCAGGATCTGCGGGTCGGTTTTGCCGGAGAAGGGGATGCCCTGTGCGGAGACGGGCTCGCCGGTGAGGGTGGAGAGCGCACGCTCGACGGCCTGACGACCCACGCCCTGCGTGGTCAGCATGGTTCCGTCGATGTCGAACAACAAGAGCTTCATGGGAGCGGGCCGGGCGGTGGAGTCTGTCTTCCCGAATGAGTACCTTGCCGGCGGGAGCCTCCGGCGGATCGGCGCATTAAAATAGGCCGCCGGCGGGCCGGTTCCGGTCGCTTTCTACGTCCTGTCCGTTCGTTCTTCCCCACGTATTCAGCCGTCATCCGCCTTCATGACCCAGGCCCAGCAGTCCGCAGGCGGTGTGGTGCTCGACGGTCACCGGGCTCTGTTG
CP020382.1_gap3	16249	16817	568	TCCGGGCCTTCCACGAACGCCACGTGGGGGCCAACGCGCTCAACCTGGCCGTCGCGGGTGACGTCGACCTGCCGGCGATGGAGGCGGTGGTACGCGCGCATCTGGCCGACTGGCCCGCCGTCGACGTGCCGGCCCGGTTCGGCAAGGACGGCGCGGACCTCCCGCCCGGGCGTACCGTCGTCCCCATGCCCGACCGGGATAACGTCGACGTTCGCATGGGGCACGGCCTGGCCGTCCGTCGCCAGGACGCCGACTACATCCCGTTGTACCTGGCTACCTACATCCTCGGCGGTAACTTCTCGGCCCGCCTGATGACGACGATCCGGGATGAGATGGGGCTGACCTACGGCATCCATGCCGGTCTGGTCGGCATCAGCACGCTGTACCACGGGTACTGGCAGGTGGGCGTGACGCTCAGCCGCGAGAACGTCGAACGGGGCATCGAGGCGACGCTGGATCAGGTGCGCCGCTTCACGGACGAAGGCGTGACCGCGGACGAACTGGAGGAGAAGAAGACGACCATCACGGGGTCGTTCGAGGTGGGGTTGGCGACCACGAACGGGCTGGC
CP020382.1_gap4	210252	213382	3130	CCGTCGTCAGCCCGGCCGACTCCTTCTTCACGTTTCTCGACGTCGCCCTGATCTCGACGCGCCCGCCCGGGGTGGCGGCCGTCTCGCCGGCCGACGGCGCCGAGGCCGTCCGCCTCATCGACCCGATCGTGATCGACTTCGACCGGCAGATGGATCGGGCCTCGGTGGAGGCGGCTGCCTCGCTCGTGCCGGAGACGCCGCTGTCCTTCCTCTGGAGCAGCGACCGGCGGGTGACCGTCGTGCCGGACACGCTGCTGCCGCTGACGACCTACACCTTCACGCTGGACGGCACGGCCCGGGGGCGCTACGGACACGGCTTCGACGGGGCCGGGACCGGGACGCCGGGCTCGGCCTTCTCGCTCACCTTTACGACGGGCTACCCCGACTACCAGCCGCCGGCGCCCCGGGCCAGCTATCCCCGGGTCAATGCCCGCGATACCGAGCTGCGTCCGCCCATCTCCATGGTCTTCGACGAGCCGCTGAACCCGGCCTCGGTGCCGGGACGGGTCTGGCTGGAGGCGAGCGCCACCGGCACCCGCATCCCCGGCCGGCTCGACGTGTACGCCGTGCAGGAGCAGGGCATCATCACCTTCTTTTCCGACGACGACCTCGACCCCGGCACGGCGTACAGCCTGGAGGTGCGGGAGGGCATCGAGGATCGCTTCCGCAATGCGATGACCATCCCCCGGAAGGTCCGCTTCACCACCACGGCCCGGCCGCCGGAGATCACCCGGCTCGATGACTTCGAGGCGGGCGTCGATGCCTGGTGGGTGCCCCAGCAGAGCGGAACGACCACCGGCATCGTCATCGACTCGACCAACGCGCAGCCGGATACGACGACGGTCCTGCGCTTCGACGACGGACGGCAGGCCCTGCGCCTCTCCTACGGCTGGGACACCACGGCCGTCGATTGGCTGATTCGCACCTATCTCCCGCCGGACGCGCCTGCGAACCGGACCTTCGACGAGAGCTACATCCTGGAAGCGTATGTCTTCGGCGATGGCAGCGGCAACCAGTTTCGCTTCGCGGTGGACGACCGGGTGCCGGCTACCGCGGCCGGCCACCATGAGGTCAGCCCCTGGATCACGATCGACTGGCTGGGGTGGAAACGGGTATCCTGGGATCTGAGCACCGGAGAAACGGGCCAGTGGCTGGGGGATGGCGTGCTGGACGGAACCCTCCGCTTCGACAGCATCCAGCTCACGCACGTCCCGGGTGCCGCCGTGTACGGTCAACTCGTCATCGACAACCTGCAACTCGTGCGTGCCGTCACGACGACGGCGGCGGAGCCGCTGGCCGAAACTCCGGCAGCCTATCGCCTGGAACCCGGCTATCCCAACCCCTTCAATCCCTCTACCACGTTACGTTTTCATCTGCCCGAGGCGACAGCAGTGACCCTCGCCATCTATGACGTCATGGGCCGGCAGGTGGCAACCCTGGTGAAGGGGCAGTTCGCGGCCGGTACGCACGCGGCCACGTGGGATGCACGGGATGCCGCCGGACGCACCGTCAGCAGCGGCATCTACCTGGCACGTCTGGAGACACCGGCATTCCGTCAGACGCGCCGGTTGTTGCTGGTGAAGTAGCGGTCGATCCGCCGGCGGGGACTCCAGGCCTCGATGCACGCCCGGCGGATCGGGCATCAGTCCTGCGGCACGTAGTCGACCACGAAGACGTCCTCGAAAATACCGGTGCTGCGCAGCGTCGCGCCGAAGGCTTTGTGGGCTGGATGCGGCAGGTAGGCATCGCGTGCCTCGGCGCTCTCGAAAGTCAGCAGGTAGACGTGCGTGAAGCCGAGGTTCTTGCCCTCAGGGCTGTTGTTGACGCCGTGCTCGAAGCCAATGATGCCCGGGATCTCATGCTGAAGCGCCCGGAAGGCGTCGGTGACCGTCTGGATCTGCGCCTCGGTGGCGTCTGGCTTGAACTTGAAGACCACGACGTGCCGGACGGGTTCGGCCGGGTCCGGGACGAGGCCGGTGGCAACGAGCAGCATGGCGGTCAGACCCAGGAGGGTGAAGAGAACGAGAACCGGTTTCATGGAGCGGATAGGGCTGGGTAGAAAGATGCGCACGTCGTGCAAGATAGGAGGAGGGCGGTTGCCATGCTCGGAGGTAAAGGCCGGCCTCAACGTCCGTTGCCCGTGCAACAAAAAAAGCCCGGCTGCGGAAGCAACCGGGCTCTTCTCGTACTGAAGGTAGAGGCCTGTTAGAGCAGGCTCGTCGTGCGCTCGACGCGTTCGACGTTATGGGCGTTCAGACCTTTGGGCGTACGCTCGATCTCATACTCGACCTCTTCGCCGTCCCGAAGTCCTTCGTCCCAGCCGAGGCCGGGGACGTTGTTCCGGTGTACGAAGACATCTTTGCTCCCATCACGGGGCTCGATGAAGCCGTAGCCTTTTTCGATGCTGAACCACTTGACTCGTCCGTTTTGCATAGACCTGGGGTGTTGGTGTCTCTTCACGCGGTAACCAGTCGGAAGAGCACCAGGGACCCCGAGGGTCCGAACCTTTCTTCCAGTTGAGTTTGCACGCAGTAAGCGACGTGTTGGAAAGTATTGAATAGGTGATATGATATGCATCCGGCAAAGGCATGTTTCCCCGGACCGCCATCTTTTTTGTTCAGAGGCGTTCTGTCCCCGGAGGCGCTCTGGAGATGGAGATCGGGAAAACGGCGATTCTGGCGTGGTATGCCTCCTTTTTCTGCTCGTGGGTGCCGGAGGGAGCATCGAAAAAAAACAGGGGGGAGGCAGGATCCGGTTGATTCCCGCGTTGACCCGGGCCGGATCTGGGCCAGCGCGGCCGAAGAAAGATGCCCGTGAGGCCCGGTCGGATCTGGTCCGATGTAAGCGAGGGGGGAACGGGGGCTGCTTGCCTTGCAAAATGGGTGGGGGTGTGTATATTGCATGAAGTCCCCGGAGACGCCTCGAAGCCTATTCCCTGCCTTACAAAGATCATGGCGACGTATACGCTCACCGTCAATGGAAAACAGCATCAGGTGGAGGTGGCGCCGGACACCCCGGTGCTGTGGGTACTGCGCGAGCATCTGAACCTGGTCGGCACCAAATACGGCTGCGGTATTGCGCAGTGCGGGGCCTGCACGATCCATCTCGACGGCGTGGCCGTGCGGTCCTG
CP020382.1_gap5	251678	255768	4090	CGCTGGCGGGAGCCGGACGCCGGCATCTGGGAAGCCCGCAACGAGCCGCAGCACTACACCTACTCGAAGGTGTGGGCCTGGGTGGGACTCACCCGGGCCGTCCAGCTGGCACGCCACCTCGGCGCCGACGCGCCGGTCGAGGTCTGGGAGCAGGAGGCCGAGGCCATCCGGGAGGAGGTGCTGGAGAAGGCCTGGAACCCCGCACTCAACACGTTTACCCAGTATTACGGCGGCGACGTCCTCGACAGCTCGGTCCTGGTGATGCCCAGCGTCGGCTTCCTGCCGGCCGACGACCGGCGCTTCCAGAGCACGCTGCATGCCTGCATCGAGCAGCTCCAGGCCGGCCGCTACCCGCTGCTCTACCGCTACCTCAACGACGACGGCGTCGGCGGGCCGGAAGGGGCCTTCCTGCTGCCGTCGTTCTGGATGGTCGAAGCCATCGCCCTGTCCGGCAACCTGCGCGTCGCCCGCGCCACGCTCGCCACGCTGATGGGGATGATGAGCCCGCTCGGCCTCTACGCCGAGGAGATCCACCCGGAAGACGAATCGCTGCTGGGCAACTTCCCGCAGGGCTTCAGCCACCTCGGCCTCGTCAACGCCATCTTCCGCCTGGAAGAACTCAAGCGCCTGCAGGAAGGGTGGTGAGGCGTCTGGGATGAGGCCGAGGGCCGGGGAGGACGTCGACCGAGACTGACGCGCGATGGGCAGGCGGACGCCGCGTTGCCTCGCCCGCCCGTCGGGCTTCGTCCTTCACCCTTTTCCCGCATCGTCCTCCTGCCGTTCCCTCAACGAACACACCCCCAGGTACAGCATCGCCGGGATGATCTTGCGCTGGGCCGGACCCTGCAGGTCGGCGAACGCCCAGCCGGCCGAGACGCCCCAGCTCACCGGACCCACCCACCGCAGCCACCACGGAAACCGCCCGGCGAGAAAGCCGAACAGCCGCTGCGAGAGCTGACGGCCGATGATCCGGGAAATCGTGCCAAAGACGATGTTCTTGATCAGCCCCTGCACCACGAGCAGGTCGAACGCCTGGATCAGCGCCGGAACGGCAAAGACCCCGGCGGACCTGCGGATGAAGGCGGCCGCACGCTCCTGCTCGACGCCCAGCGAGACGAGCATGTTCTGCTGCGCTTCCGGCGACAGCCGGGCGAACTGTTGCGTGGCGTACTCCTGCACGAGGTGCTCCAGCAGATCCCGCTCGGTGCCCAGCGGAGGCAACTCCACCTTCAGCGCTCGCGCCACGTCCCGCACGATCTCCTGGAACGGCGCGCCCGGATCTCGCCCGGCGACGTAGCGGATGAAGTAGGCCACGTCGGCACTGCCCAGGTACCTCAGCTCCCGCTCGAGTTGCCGGTTGAGGGCGGCCCGCGCCTCCTCCGTGCCCTCTTGCTCATAGGTAGCCAGCAGCGCTTGCAGGCGGCGGTCGTCGGTCAGGTTGAACGGGCTCTGGATGAGGGCGACGAGGAACGTGTAGTCGGCCAGCGTCAGAGACGAGAAGATGTCGTGCATGGTGGGTGCTACGGGTTCGATGCGAGGGTGTGGGAGGATGAAACGACGGCGGTGGGCAGAGGTTACGCCGCGCCCCGGCCGGGCGGCGGAAGACCGCCGGCGGGAGGCGAGGCAGGAGGGGAAGGGGCGTCGAATCGCTCTATTTTGGCGAAACTTCTAAAACTTTACGAATAGAAGCGCTTTCCGGCCTGCCGCGGACGGCATCCCACCCGCCGGGCCGGTAAGTTTGTGGTGTTCGCGGTCGGTTGCCGGTCGCGTCGTGCTCTGTTCATCGCATCTGACATCCCCGCCGGTAGCGGCGTCGCGCTCATGAAGGATTGGCCTCGTTGCAGCGGCATTTTGCTGCACGTCACCTCGCTCCCCGGCCCCTACGGCATCGGAGATCTCGGCGCCGAAGCCTACCGGTTTGCCGACTGGCTCGTGGAGACGGGCCAGACCCTCTGGCAGGTGCTGCCGCTCGTGCCCGTGGCCGAGGGAGGGTCGCCGTATTCGAGTCCGTCCACCTTTGCCGGCAACGTGCTGTGCATCAGCCCGGAGCGGCTGGTGGAGGACGGGCTACTGACTCCCGATGACCTGGAAGACACCCCGGCGTTCCCGGCGGATGCGGTCGATTTCGCGCGGGTCATTCCCTTCAAGCAGGCGCTGCTGGCGCGGGCCTTCGAACGCTACGAGGACGGTGCGGCCCCCCATCTGCAGGAGCCCTTCGAGGCGTTTCGCACGGCCCAGGCGGGGTGGCTGGAAGACTATGCGCTGTTCATGGCCCTCAAGGAGGCCCACGACGGTCGCCTCTGGACCACCTGGGACCCGGCGCTCGTCGCCCGGGAGCCGGCCGCCCTCGCCGAGGCCCGGCGCACCCATGCCCGGGCCATCCACCGGCATCGGCTCTGGCAGTTCCTCTTCGCCCGGCAATGGCAGGCGCTGAAGACCTATTGCAACGAGCGCGGCCTGCGCATCTTCGGGGACCTGCCCATCTACGTCGCCCATGACAGCGCGGACGTCTGGAGCAACCCCACGCTCTTTCACCTCGACGAGGCCGGCAACCCGACCGTCGTGGCCGGGGTGCCGCCGGACTACTTCAGCGAGACGGGCCAGCGCTGGGGCAATCCCATCTACCGCTGGGACGTCATGCGGGAGAACGGCTATGCCTGGTGGATCGAACGCCTCCGGGCCGTGCTCACGCAGGTGGACCTCGTGCGCCTCGATCACTTCCGCGGCTTCGAGGCCTACTGGGAGATTCCGGCCTCCGAGCCGACTGCCGTCAACGGCCGCTGGGTCAAAGGACCCGGAGACGACTTCTTCGAGACAGTACGCCGCACGCTCGGCGCGCTGCCCATCGTAGCCGAGGACCTGGGCATCATCACGGACGAAGTGCGCGCGCTCATGGCCCGGTTCGACCTGCCGGGGATGGCCGTCCTGCAGTTCGCCTTCGGCAGCGGGGAGGATTCTCCCTTTTTGCCTCCGAACTTCAAAGAGCACCTCGTGGCCTACACGGGCACCCACGACAACGACACGGTCCTCGGCTGGTGGGCGCACCTGGAAGAGGTCATCGGCGCCGAGGCGGCGCAGCGCACCCGCGAACACGTCCGCCACTACTTCGACCTCCGGCCCGGCGACGAGCGCGAGCTGCACTGGCGCTTCATCGAAGCCCTGTGGACCTCGCGGGCCCGCACGGTCGTCACGCCGATGCAGGATGTGCTCGGCCTGGGCAGCGAGGGCCGCATGAACACGCCGGGCACCGACGCGGGTAACTGGCGCTGGCGCTACGAGCCTGCCCGGCTGACCGACGCCATGACCGAGCGCCTCCGTCGCCTCACCGCCGACGCCGGCCGCTGACCGTTCGCACCCCTCTCGAAGACTCCTCCCGCTGTTACGCACGCTCTCGCCATGTCACGATCCGATCGCTTCCCCCTCGGTGCGCTCCCGACCGATGCCGGCGTGCTGTTCCGCGTATGGGCGCCCCGGGCCGAGCACGTCGACGTCGTGCTGACGGAGACGGACGCCGTGTATCCGATGGACGCCGTCGGCCGGGGATACTTCGAGCGAACGGTGCCCGGCATCGGAGCCGGAACGCGCTACAAGTTCCGGCTGGACGGCGATGCGGTGTACCCCGATCCGGCCTCCCGGTACCAGCCCGAGGGCGTCCACGGCCCGTCGATGGTCGTGGACCCTTCGGCGTACGCCTGGCAGGATGCCGGATGGACGGGGCGGCCGTTGCAGGGGCTGGTCTTCTACGAGCTGCATGTGGGCACCTTCTCGCCGGAGGGGACCTTCGCGGGGGTGCGCGAGCGCCTGCCCTATCTGCGGGACCTCGGCGTCACGGCCGTCGAGTTGATGCCGGTGGCGGATTTTCCGGGCCGCTGGAACTGGGGCTACGACCACGCGGCGCTCTACGCCCCCTCGCGCGCCTACGGAACCCCGGACGACCTGCGCGCCCTCGTCGATGAAGCCCACCGGCTCGGGATGGCGGTCTTCCTCGATGTGATCTACAACCACCTCGGCCCGGACGGGGCCTATGCCGCGGCGTACGGGCCGTTCTTCACCAGCAAGCACCGCACGCCCTGGGGCGATGCCATCAACC
CP020382.1_gap6	258548	259746	1198	CGAACTGGAACACGTCCGTCACCATCACACCCCACAGCCCGGAGAGCAGCGAGTAGACGGCCACCAGCAGCACCAGCAGCCCCACCAGCAACAACGCCGCGCTGAACTCGAAGCCCAGCACGTCGAACGAGGTCCGCCCGAAGAGCGTCATCCCCGGGAACAGCGTCGTCAGGACCGTCTCCATCGCCAGGGACACCCAGCCGATGATGATGACGTTCAGCAGCAGGCCGAAGTAGACCGCCTTGATCCCGCGCAGCCACGCCGCTGCCCGGCCCGTGTACCGCAATTCCACGAACTCCACGTCCGTCAGCACGCCGCTGCGACGCCAGAGCCGGGCGAAGAAGAACACCGTCAGCATCCCCCCGAAGACGAAGTTCCACCAGAGCCAGTTGCCCGCGATGCCGTTCTGGGCCACCAGCTCGGTCACGGCCAGGGGCGTGTCCGCGGCGAAGGTCGTCGCCACCATGCTGGTGCCGGCCAGCCACCAGGGCATGTGCCGCCCCCCCAGGAAAAATTCCGACGTGTCCCGGCTGGCCCGCCGGTAGTAGTACAGAGCGATGCCGAAGGAAAAGACGAAATAGCCGCCGACCAGCAGCCAGTCGAGGGGGGCCAGGTACATGCGTGCGCGCGATCGGGTCCGTGAAACAAACGAAGCGCCCAAGTTGAGGGCTGCCGGCGGAAAGGTCAAGCCGAAACGAAGGCCCGGCAACCACGAAAAAAACGCGCACGGCTCCGCCGAAGCAGAACCGTGCGCGTTCAGTACGTGGAAGGCGCCTGCGCACCGCCGGGGCGGGGCGGCAGGAGAGCGGGATCGCTACAGCAGGTTGAAGACGGTGTAGACGATCAGGGAGACGACGCCCGCTCCAACCGTCATCGCCCGAATCATTCGATCGACGCGGTTCATGGGTCTGAAAAAGGTTACAGGTGGGGAACAGGGGGCCCCGAATATACGGCCTCCCCGCCGTTCGTGCCAGTGAATCGGGTGATATTTGCACAAGTTATCCACAGTCGTGCCAGGTTGGCACGCCGCGGACGGATCGAGCCAGTCCCGCATCGAGGTGCCGGGCCGGCATGATCTGGAAACAGGGCTGAACGTAGCGTCAGAGGGGATGGGCAGGGCGTTGCCGATGGTGCCGGCAGGCCGTAAGTTGCGGCGGTTTCGGCGTTGTCGCCCTCGGCCGAGCCGGCAGGGCGTTAC
CP020382.1_gap7	387536	389822	2286	CCGCGCGGCTCGTGGCGGGGTTTGCGATAGAAGAGCACGACGTGCCGGATCGCCCGGCGATAGGGCGATTCCGGGTCGAAGAGGAGGGTCAGCGTGGGGCCAGGCTCGGCCCGGTCGCGGTCACCGCTGCGGGCATACGGGTCGGTTCGCAGGTCGACCCAGGACAGCAGTACGCCGGGCGGGGACGAATCGGGCATGGAGGAGGGTGGGGTACGGTGGGGATCAGCGGGAGGAGGGGCGGAGGCGCAGGACCCAGGTGGCGTGGGGCAGGCGATGGCCGGCCAGGCGCTGCCGGGCCTGCATGGCGTCCGGCTGCCGGGCGAACAGTCCGACGGCAACGCGGTAGCGGGGTTGCCCCTCGGCCCAGCCCGGGACGATGCCGGTCCGGAAGCCGTCGGCGCGAAGCGAGGCGGCGATCTGTTCGGCTTCGCGGCGGTCGGTGCGCGAGGCGACGATGAGCGTCCAGCCGGCGGCGTCGAGGTCCAGCGGAGCCGGGTCGTAGAGCGCGGCCTCGAGGGCCGGCGCGAGGGCGGCTTCGACGGACGGGGAGCGAGTGGCATCGGTGGTGGCCGGTGGCGGCGAGGCCGTCGTACGCGAGCGTACGGGAGGGGAAGGGGCCGGCTCGGTGGCGGCCGTCGGGGCCAGGCCGGCCTGCTGAGGGCCGGGGGAGCGGGGGACCTCGTTCCACACGAGCAGAGCCACGACGGCGGCCGCCGCGGCCCAGGCCAGCGTCCGGCGGAGCCGCGATGTATGGGGCCGCCGGGGAGGCTTCGCCGGCCACAGTCGTACTGTGCCGTCCTTACTGCCGGAAGCCAGGCTACGACCGTCGGGGCTATAGGCCACCGTCATGACCGGGGCGGTGTGGCTGTCCATCGTCCGCACGAGGCGCCCGGTCGTGGCGTCCCAGACGCGCACGCGATGGTCCTGTCCGGCGGCCGCCAGGTGCCGTCCGTCGGGGCTGAAGGCCACGTCCATGATCCAGGTGCTGGCGCCGTCCAGCGTGCGGCGGAGTTCGCCCGTGGTGGGTTCCCATAGCCGCAGGAGCCCGTCGGCCCCGGCCGAGGCGAGCAGCTGGCCGTCGGGGCTGAAGGCCAGGGCGACGGTCCAGGTGCGGTGGGCTTCACGGGTGTGCAGCAGCTCGCCCGTCACCGGGTCCCAGAGTTGCAGGATGCCGTCGGCCCCGGCCGAGGCGAGGCGGTGCCCGTCGGCGGCGCAGGCCACGGCCATGATGTAGCCACGGTGGCTCAGCAGGGAGCGCACGAGCGAGCCGGTGCGGGCGTCCCACAGGCGGACGACGCCGTCCGCCCCTCCCGAGATGAGCGTGTGCCCGTCGGGGGCGTATGCGACGGACATCACGAGGGCGGGATGGCCCTTCAACGTGTTCCGGCGGGCTCCCGTTCGGGCGTCCCAGAGGTGGACGTGGCCTCCGGCATCGCCGGTGGCGAGCGTCAGCCCGTCGGGGCTGAACGCGATCGAGAGCACGTTCTCGTCCGGGACCTCGATAGCATGGAGCAGCCGGCCGGTGGGCACGTCCCAGAGCCGCACGACGCGGTCGGCGCCGGCCGTGGCGAGGCGGTGGCCGTCCGGGCTGAAGCGGACGGCCACCACCGGCTGCGGGTGGCTGATGATGGATAGCTGTGTCGGCGCGGTGGCGGGCGCCGGCGTCCCGGTCGCAGGGCGGGGACGGGCGGCGGGCCGCGCCGCGTCATCCGGCGGGGGAGTGGCCTCGGAGGCCTCGGGGCCGCCGGCCTCGGAAGCCGGGTGCAGGGCCTGCAGGGCCTCGGCGAGCGCCCGCCCGGAGGGGAATCGGTCCTCGGGCCGCTTGGCGGTGCAGCGAGCGAGGATCTCCACGAGCGCGTCCGGGATCTCCGTGGCGACCTCCCGCGGGTCCGGCATCGGGGTGGCGACGATGTGCTGCATGAGCGCCGTCAGGTCGGCCAGGCTGGCCCCGGCCCGCTGGAACGGGACGGTGCCCGTCAGGCATTCGTAGAGCACCACCCCGAGGCTGTAGAGGTCGCTGCGGCCGTCGAGGTCTCGCCCTTCGGCCTGCTCCGGGCTCATGTATTCCGGCGTGCCCATCCCGCCGTGCGAGATGCGCGGCAGCGTGGCAACCAGCGCGATGCCGAAGTCGGCCAGCACCGCGCGACCGTCCGGGCCGAGGATGACGTTGGCGGTCTTGACGTCGCGGTGGACGATCCGGTGGCTGTGGATGTGCTCCAGCGCGTCGGCCAGCTCGATGCCGAGGCGAACGACCTCGGCCACGCTCAGCCGCCCGCGGCGTTGCAG
CP020382.1_gap8	446459	449200	2741	GGCGCCACCGTCACGTCGAAGGCCCCGCCCGTCTCGGCGTGCAGCCGCCGGGCCGTCAGGAGCAGCCGGAACAGGCCCGGTTCCACGCGCACGGGGCCGTCGGCCGCCCGCTGGTTGATCCGGCTGATCTCGCTGGAGGGGCGGTAAAAGCTCAACTGCGCCTCCAGCCGTCGGATCTCGGCGAGCGCTTCCTCGCCCGCCGCACGCAGCCGGACCGGGTCGTCCCCGTAGAGCGCCATCTCGAACCGGGTCGCCATCGCCCGGCAGGCTACACGCACGAAGGCCATCGCATCGGTGCCACGAACGTCGAAACAACAAAAAGGGGGTTTCGCACGGTGCACGTGCGAAACCCCCCGGGGTCGGTCGAAGCGGGATCAGGAGAGCTCCAGCGTGCCGTAGGTGATCGGTTCGATCTCCCGGCCGCTGCCCGTCGTCAGCTTCCGCGTCGTCGGGTCGAAGTAGAGCATCTCGCCGAGCCGTTCGGACATCTCCGCCATCGAGATGATGGTCTGGCAGCGGATGGCCACGTCGATGTTGCCGTTCGGCGCCTTGTTCTCCCGGATGGATTCGAAGAAGTTGGCGATGTGCGCGGGGATGCTCACCCCGGGCTCGATGTTGTCGAACTGCTGCCGGTCGACCAGGTCGGCGAAGGGGCGTTCGGGGCGCATCTCCAGCGTGTTGCCGCTGAAGTAGAGCGTCGCCTCGTGGCCGCGGATGACCTGGCCGAGCCCCTGCTCATTGACCGTCGAGCCGGTGATGATCATGCACAGCCCGCTCGGGAATTCCGCCAGGAGCTGCGTGTTGTCCGGCACGTCGCGGTCCGGGGTGATCTTGCGCGTGCCGATGCAGGCCACGCGGGTGGGGAACTCCGGATTCCCGGTGGCGATGAGCAGCGGGTGGATGCGGTGGGCGAGCAGGTCCCCGAGGATACCGGCGCAGTAGGGGTAGTACTTGCGCCAGCGATGGTAGTGGTCCGCGCTGAAGGGGCGCTCCGATACCGGGCCGAGCCAGGTATTCCAGTCACACGTTTCGGGATTGAGGTCCGGGTCGATCTCGTAGTTCCACTCGCCGTCGGGGTTGTTGCGCATGTAAGAGTCCTGCGCCAGCACGAGCGGCCCGATCTGCCCGGAGCGGATGAGTTCGGCGGCCTTGTGCCACTTGCCTTCGGTGCAGTACTGCGAGCCGATCTGGAAGGTCTTGCCGGTCTCCTTGACCTTGTCGTGGACCTGGAAGGCCTCCATGAGGTAGCGCGTCATCGGCTTCTCGCAGTAGACGTGCTTGCCGGCGTCCAGGGCATCGAGCGCCACGCGGGTGTGCCAGTGGTCCACGGTGCCGATGAAGACGGCGTCGATGTCGTCGCGCTCCAGGAGCCGCCGGTAATCGTCGTAGCCTTCGGCCGAGTAGCCGCTCATACCGCGGGTTTCGAGGCCCATCTTGAGGGTTTCGACGGCCCGGTCCCGGCGCTTGGTGAAGACGTCGCACGCGGCCACGCCCACGGCGTTGTAGTCATACTCGTGCCGTGGCGAGCCATCGTCGTTCAGGTTGACGACGCTGCGCAGGTGGGCGTTGTAGCCCTGCCCGCCGACGCCCACGAAGCCGACGACCAGACGGTCGTTGGCGCCGAGCACCGCACCCGTTGCCGGGGCGGTGCGGCTGGCCGTGTCCACGACCTGCTCGGCGGCCTTGGGCGAACAGCCCGCAATCATGGCCGTTGCGGCGACGGCGCCCTTGCGGATGAAGTCGCGGCGCGAGGGGTCAGGCGTTCTGGTGATCTTCTTCCGGTGTTTCATGATGCTCCCTGGTGCTGGATAAGGGGTCTGAAAGGTGATGGAACAAACAACCCGGCGCCGGGGCGGGGCCTCTGTGGCCGGGGTCGATTGCCAGTGTCCCAAACTCCGCAATTATAAAATTTCTTGCAACGATGAAAAGGCTTCCGCAGGGAAAGCATGGGATCGGGTGCCGGGGAATCCTCACATCAGGGAGCGCACGGCCGTCGTATGCTGGCTTCGGGGAGATGTGCCGCCGGGCGAACCAATCGGCGATACGCCGGTACTTCAGGGGGTCGTTTCGACGGGCGAGGCTCCTGCCTCCCGAAGCAGGTCTGCCTCGTCCACGTTCATTCGTTTCGCCAGAATCTTGCTCGATCATGATGAAAATGCTCACGCACGCAGGCCGGCTCGTTCTGATGACGTTCCTGTTCATCGGCGCGGCGTCGGCGCAGACCACCTACACGATCTCGCCGGAAAGCTCGATGCGGATCGAGGGTACGTCCAACAAAAGCGACTGGACGGTCTATGCCAAGCAGCTCTCCGGGACGCTGACGCTGGCCGATGCGGAGACGCCGGTACTCCAGCAGGTTCAGGTGACCATCCCCGCAAACCAGGTGGTGAGCGACAAGAGTGTGATCATGGACAAGAACATGCACAACGCGCTCGAAGTCGAGGCCTTCCCGGAGATCACCTACACGCTCATCGAGGCGGTGCCGGCGAACGGGGACGGCGACGGCTTCGTGCTGGACACCCGCGGTAACCTGACCCTGCACGGTGTGACGAACGAAATCGCCATGCAGGTGCAGGGCACCCGGGCCGATGACGGTAGCCTTCGCTTCACGGGCAGCCATGAGCTGGACATGACGGCCTACGGCATCAAGCCGCCGGTGGCCATGTTCGGAGCCTGGCGTGTGGCCAAGGACGTCGTGGTCCACTTCGATCTGGTGGCTACGCCCGATGCGGCCAACTGAC
CP020382.1_gap9	580473	581146	673	TCCGGTGGGGCTGGAAACGGGTGTTGCTTCGGGCACGACGCTCTATGCCATGCTTCATGAAGACAGTGGCCAGATCGGGGTCTTCGAGTTCGGCGGCTCGGGGACGTCTGATCCGCCCTTGATGCAGAACGGGAGTCCGGTGGCGGTCTCCTTCATGATTCGTTGAGCCGGGAGGGTAAGAGAGGATGTGGCCCGGTGCTGGCTGCCTCTTCGGGGTTCCTCTCGTGGCCTTTTTTGTTGCGATAAGGCGGAATCAGTTGATCCCGGCATGCGAAGGCATCTGAGGACAACGGGGATGGCAGGCCCTGGCCTCCTTCCGCGGGATCACTGTAGGGACTGCCAGACCCGGTAGGAACCAGCCCTCTACAACGCCGGCCCGCTCCGGTTCACGCCGCCGCGTCGAGGCTGGCGATCTCATACTCGGCCAGCTCCTCGTCCTCCGCCGCGTGGCGGAGCGCATCGGGCAGGGTCAGCGCGTTCACGCGGGCCTGCACGTCGGCCAGGCCACGGTCGATGCGGTTGAGTTCGTCCTCCAGGAACATCCCGAAGCGCTCCAGCGCCGTCCGGTGTTTGGCGATGCGTTCGTGGTTGTGCCGGGCCGTCTCCATCGCCTCGGCCAGGCGCTCCTCCAGGCGCCACGCCTGCTCGCTGAGCTCGTCGACGCGGGTGGAGA
CP020382.1_gap10	590930	593148	2218	CGTCGGCCTCGCCTGGGAACGGCTGCTCTCCCCGATGCACATCGTCTCCCCCACCTACGGCACGCGGGCGGCCTCGGTGCTGCTCATCGGACACGACGGACAGGTCCTCTTCGCGGAACGCACCTACGGCCCTGACGGCGCCCGCCCCCCGGACGGATGGTTTCGGTTTCGAGTGGAGGACGGACGAGGCGCGAAGGTCGGGTAACGGGCCGCTGGCTGCTGGCCGCTGGCTGCTGGCTCGGTGAGATTCGGACGCATTCACCCTGGCGTTCCTTTCGGCAACGATGCAAATGGTTTTGCAACGTCCTATTTTCCTGGACCCGATTGATACGCGAAGCATGCCATGACCATGAGTAAACCACTGTACACCCAACTCAGCCGGCGAGAGAGCCAGATTATGGACATCATCTACCATCTGGGCGAAGCGACCGTCGCGCAGGTGCTGGAGCGGATGCCCGATCCACCGGGCTACAACTCGGTTCGCATCACACTGGGAATTCTGGAGAAGAAGGGATATCTGCGGCATCGGCAGGACGGGCAGCGCTACGTCTACGCGCCCGTGGTGCCGCCCGAGAAGGCCAAGCGCTCGGTGATGGGCCACCTGTTGAAGACGTTCTTCGCCGGCTCCACCAGCCATGCCGTGCTGACCCTGCTGGACATGTCCTCGTCCCGGATCTCCGACGCCGAGCTGGATGAGATTGCGGCATGGATCGAGCAGGCCCGGGCCGAACAGACTGCGCGCAAAGGATAAGCGATCATCATGGGTGCGGTCATCGACACCAGCCTGCTGATCGATCTGCTGGGGGTCGGGTTGCTGAAGAGCCTCCTGATCGTCGGAATGGCCGGAGTCTTGACGGCCGGTGTGCTGCGTACTGCTTCCGCCTCGGTGCGGCACTGGGTCTGGACGGTGGCCGTGGTCAGCCTGCTGGGGCTGCCGCTCGTGGCGTCGCTGGTGCCGTCGTGGGACGTGCCGGCGATCCGCGAGCCGCTGGAGCGCATCTGGCGCCTCACGCAGCCGGCGCCTGCGACCGAGCCGGCCCCTACGGTGATGGCCGTGGCGGAGGTGGCCGGCCCGGTCGGCACGGGGGGGATGACGCCGGCCATGTACGGAACGGGCGAGGCCCTTCCGGTTCTGCCGCCTGTCGGCGGTTCGTCCGGCAGCGGGGCAAGGCCGTACGTGCTGCTGGGGGTCTGGCTGCTCGGCGGAGCGTTGTTGCTCCTGCGTCCGATCCTCGGGATGGTGCAGGTGCGCCGGTGGACGCGCGCGGCGATGGGCGATCCCGGGGCAGTCGCTCCGGCAGCCGCGGGTGCGACGGTCCGGCAGGCGGGGCTGATGCGGACGGTCACGGTGCGGCGGAGCCCACGTGTGGCGGGGCCGCTCACGTGGGGACTGGTGCGGCCGGTCATCCTCTTGCCGGTCGAAGCGGCAAGCTGGCCGGCGGAGCGGCTCCGGGCCGTCCTGCTGCACGAGCTGGCCCACATCCGCCGCTGGGACTACCTGACGCATCTGCTGGGCCAGATCGCCCGTGCCATCTACTGGTTCAACCCCCTCGTGTGGTGGGCCGTGCAGCGGATGCACCACGAGCAAGAACAGGCCTGCGACGATGCCGTCCTCCAGGCCGGTACGCCGTCGGAGGCTTATGCCACGCACCTGCTCGAGATCGCCCGCGCGCTGAAGCGCCCCGCGCTACCGGCGACCGGGTCGATCGGCATGGCCCGGCATGCCGCCTTGAAGCAGCGCATCCGGGCGATCCTGGCACCCCGCGCCGACCGACGGCCGCTCACGTGGGCGGCCGGGCTGTCTACGACGCTGGCGATGGCCGCGTTCGTCGGGTCGGTCGCTTCCCTGCAGGGGCCGGTGACTCCGGAGCAGCGCCAGATGCAGCGCCTGCTCGTCACGCTGCGCGAGGGTGATGTGCCCGCCCGCCAGCAAGCCGCGCTGCGGCTCGGCCGCCTCGGCGATGCCCGGGCCATCGGGCCGCTGCTCCTCGCCCTGCGGGACCGGGCCGAGCCGGTCAGCGTGAGCGCCGGCCTGGCGCTACAGCAGTTCGATGACCCCCGCGTCCGGCAGGCCCTGGCCTCCGGGCCGACGGACCCCGGCCGGCCGGATGCCGTAGCCCCCGACGCGGTTGCTCCCGACGCGGTTGCTCCCGAGCGGCCCGTGTATCTCTGGATGGAAGCCGAGCACGGAGAGCTGACCGCACCGATGCAGCGCTTC
CP020382.1_gap11	595385	598558	3173	GGCAATCGTCGATAAAAACGTCAGCATCGGCCGGCGCTGCATCGTGAAGAACCGGGATCAGGTGCAGGAGGGGGAAGGCCCGAACTTTTACATCCGCGACGGGATCGTCGTGATCCCCAAGAATGCCGTCATCCCGGACGATACCATCATCTGAAGGCACCCGTGAAAAAGTGCCGAATTGGCGCCCGGGCGTGCTTTCCGGGTGCATTCGCTGATGTGGCTTTCGGATATTCGGACGATGACCCGTTCACCCGCATGGACCAGCCCCCGAGTCTGATGAAACGTTCGGAGCCGATGACTTCCCGCCTCTGGCCTGTTCTGCTGCTGTTGTTCGTGATCGCGAGTGGCTGCCGGACGTACGGCGGTTACGGTACCGAAGACGCGACGCTGGCCCAGATCGAGCAGGCGAACGAGCAGTTCACCGCCGCCCTGTCGCGGGCCGAGACGGAGGCGCAGGTCCTTCGGGCCGCCGTGGGGCGCTATCCGGCGCTGGCTCCGGTGGCCGCCGGCTACGAGGAGACGCTGGCCCGGCATCGTGCGCTGATCGCCCGCCACGAGGCGCTGCTGGAGCAGGCCGCGGCGACCTCCGGCCTGTTCGCCTGGATCATGCAGACGCGCTACCGGACCATCAGCCGGATCTTCGGCGGCCTCCTGGCCGAGCAGCAGGTCGTCTACGACAGGTACCTGGACGCCTACGAGTCCGTCGCCCGGCTGGTGGGAGCGCCCGTGGCCTGGATCAACGCCGTCACGACGTCGCCGCGTAGCCGATACTACGTCGTCCCGCCCCAGTACGAGGCCATCCGCCAGACCCCGACGGTGTCGATCCGGGATCTGCTGGGAAGCTGACCATCGGGGAGACGGCCGTTTGCCGGGATGACGAGGCGCTGGTTGCTGATCGGGCTGGTGGCGATGGGGGTGGCCGGGCGTGTGCCGGCGCAGCCCGCTCGGCCGCCGGACTCGCTGCGTACCTACGAACTGGGGGAGATCGTCGTGGGCGCGGAAGAGCGCGACGGCGGCGGGGCCGAGCCGGCGACGGTGCAGCGCATCGGGCTGGCGGCCATCGCCCGCCAGGACGCCCCCTCGGTCGATGACGTGGCCCGCCTCATCCCGGCCGCCCACGTGCAGACGAACTCCCGTGGGGAAACGCTGGTCTACCTGCGCAGCGCCGGTGAGCGGCAGGTGGCCCTCTACTTCGACGGCGCGCTGCTCAACGTCCCGTGGGACAATCGGGTGGATCTGAGCCTGGTGCCGGCGTCCGTGATCGGCGGGATGACGGTCGTGAAGGGGGCTCCGTCGGTGGCCTATGGCCCGAACGTGCTGGGCGGGGCGATCAACCTGACGGCACGCGAGCTGGACGGCCCCGGTCGCCATACGGAGGTCTACGGACGGCTGAGCCGTCCGCGCTACGGGCAGGCCTACGTCACCCATCTCGGCCGCACGACGCACTGGAGCTATTCGGCCTCGGCCGGCTACGTGGATCAGCAAGGCCAGTCTCTGCCGGCCGGCGCCGATCTGCCCTACAGCCAGCCCGATGCCGAGCTGCGTACGAACACCGACCGGCGTTTGCTGAATCTCTACGCCCAGCTCGCCTACGAGCGCCAGGCCGTACAGGTCGGTGTGTCGGCGCTGCATCTGGACGGGGCCCGGGGCGTCGCCCCGGAAGGTCATCTCGACCCCGATGTAGATGGCGTGCGCTACTGGCGCTATCCCGACTGGCGAACCAGTCTGCTGATCCTCAACGGGCGAGTGGCCCTGCCCGGAGGAGGCTGGCTCCGGGGGGCGGTCTGGGGCAGCCGCTTCGCTCAGCAGATCGATCAGTATGGCTCGATCGCCTATGAGCGGGTACAGGACACTCAGCAGGATGACGACGTTACCGCCGGACTGCGGCTGCTACTGGATCGGCCGGCGGGGCCGGGGGCCGTGCGGCTGGCGCTGCATGGTCTCACCTCACGGCATGACCAGCGGGACCTGGCCTTCGAGCCGGACGGACGGCTCGCCGGTCCCCCGGAGGCCTTCCCCACGCAGCGATACCGGCAGCACCTCTTCAGCCTGGGCGGTGAATATCGCCTCCGCCCGTCTCCATCCTGGCAGGTCACGGCCGGGGCGAGCCTCGACGGCATCGCCACGCCGCTGACCGGCGACAAACCGGGACGTGACCCTCAGACGGCCCTCGGGTTTTCGGCCACCACGTCCTATGACGTCACTCCCGCCCGGGTCCTGACGGCCTCCATCGGCCGAAAAATGCGATTTCCAACGATGCGGGAGCTTTTCGGCGAGGCGCTCAACCGGTTACTGGTGAACCCGAACCTGCGCCCGGAGTCGGCCTGGATCGGGGAGGTGAGCCTGCGCAGCGGGCAGGGGACTGCGACCGGGGACGTCACGGTCTTCGCCCGCCGGACCTTCGACACGATCGACCAGCGAAACGTCACGGTGGTCAATGAGCAGGGAGAAGAGGAACGGCGGCGTCAGCGCATCAATCTGGACGGCAGCCGCGTGCTCGGTGTGGAAGTCGCCGGGCAGGTAGCCGTCACGCGTCGCTGGATGGTGCGGGGACATCTTACCGGGATGCATGCCCGAGGGCTGGTCGATGGCGCAACCGAGCACCTGACCGAAAAACCGGCCTGGCTCGGGATGCTGGCCCTGGATTACCGTGGCCCGAGGGGGCTGTCCTGGTTGTTCCAGGCGACCGGCACCGGGCGGGCCTACGGTCGCGCCGAGGACAACCGCCTCGTGGCGCTACCATCGTCCCTGGTGCTGGATGCCCGGGTCGGTTATCGCGTGCAGCTGGGGCAGCCCGCCGTCGTCATCGGGGAACTCTTTGCCCGGGTCGACAACCTCACCGATGCCACGGTCTTGCCGCAACTCGGCCTGCCCAGCTCGGGGCGGGAGGTCAGCGTGGGCCTCGACCTTACGATCTGAGCGAACGCGGGCATCCGAGATCTCGGGTGTGGCCCTTTCCGGCACGGCCGGGATCCGGTCCCGGGGATCCGGTCCTGACCGGGGGCTTCTCCCCGGAGGGCTCAGGGTTGCATCATCTCGTCGATGTAGGTGCGTACCTGCTGCTGCTCGCGTTCGAGGAGGGTCACTACCTCCTCTGCGGTGAGCTCTGAGCGGGCCGTGCGCAGGAGGGCGGGTAGCGTCGGTCCCGGCTTGAAGGAGGAGGTACGCACGGG
CP020382.1_gap12	599772	601903	2131	TCCAAGATACGAACGGCGGTGGGCCGATCACACCGCCGGAGGGATCAGGATGTGCCGGCCGATGGGGCAGGAGAGGCAGCGAGCGTGGCGGCAGCGGGTCCGGTGGAGGTGCAGCAGCCCGTGGCTTTCCCAGGCGTTGGAGGGCCGCGTGCCCAGGGCGCCGTAGAGGCGCGTCACGGCATTGGGCGTGGCCGGGAGCCGCCGGAGCAACCCGAGCAGGTGGGATTCCAGGGCGGGGGATGCCTCGCGCCGGGCCCAGAGCCGCATCACCGGGATGACGGCGTTGACCAGGAGCGCGTCGATCCGGGTGGTGCCGAGCGCCGGGCTGTGCGGGCGGGACGTCGTCTCATAGCGAACGTGGTGCTGCCAGAAGGGGCCGGGGACGGCCTGCAGCCGCGCCCGCATCGCAGCCAGTGGGTCGGCATCCGTCAGGGCTTCCTGCAATCGCCCGATCGGGTCGTCGTGGAGCAGGCCCCCGGGGGCGAGCAGCGCCGCTGCCTGAGCCAGCCGCAGCGGCGGGAAGTTGGCCGGGCGCAGGCGGAAGAACTGCCAGCAGACCCGCGTCATCGGTTCGAGGCCGTGCCGGGCGGCGAGGCGTTCGAAGCGGTGCCGCAGGTCCATCACATAGTCCACCGTAGCGCGGTCGCTCTGCAGGAGGTCGGACGGTTCCGGGAGCAGCCCGGCGGTGCCGGCCAGCAGCGCCTCCAGATCGAGCGGATCCGCATAGCGCCGGGCCAGAGAGAGCGGTACACGCCGGGCCAGCTCGGCCATCGGCTCGGCGTTCTGGGCATAGCCCAGCCCCGTCAGCAGCTCCCGGTAGAGCAATGCCTCCAGGTCCCGTTCCTCGCGGAAGGCCTCCTCCAGCCGGGCCGTCTTCTCCTCCAGCCGCTCGTGGGCCAGCGCATCGATCCACTCCGTACGGAGGTCGGCGGGGACATCCGGCCAGTGCGGGGCGCAGAGGAGGGCGTCGTCGGGCCGCGTGTGGAAGTCGTGCAGCAGGCGGCGGACGGGCGCCTCCAGGCAGCGGTAGAGCGTGACCTCCTGGAGCACCGCCCCGTCGGCCCGGAGCAGCCCGCCCGTCCACATGTCCGGGTAGAGGGCCACGTGCAGCACGACGCTGTTGTACCGGGGGTCCGTGTGATGCCGGTGATCGAACCAGGCGGACGAGTCGACGTGCACCTCGACGTCTCCGCACCAGAGTAACTCCCCGATGCGCAGGCGGGCGTGGAGGAAGTCGGGGCCGCCGTCCGGGTTGGGGGCTCCCGGGTGGAGGACCTCCACGGGGGCGCCGGTGGTGGTGCGGAGCGCGCCGGGCCGGATGCGCTGATGCTGCCAGAGGTCCTGGACGAAGGCTTCCGGCAGGGCCCGTCGTGTCGCCGGCTCATGCAGGGCGAGCTCGTAGACGGTTTCGTCGAGCGCGTAGAAGTGCCGGACGGAGAGGGTGTGGCGCGGCGGTTCGGGGTCGAGGTGCGGCATGGCGGGGCGGATGCGGATGGTGATGCCCCCAAGACGTCCGATCCGGAGCCGCGTAACCTCTCCGGTGTGACCTCACCCGGGCATCCCGAGTTGACGTCGCAGCCGATCCGCCGCCTCCCGCGCGGCCTCCGCGAAATCGTCCCCGGACGCGGCATAGAGGATCTGCCGGCTGCTGTTGACCAGCACCGGCCCGGCCGCCGTGGCGGCGGCCGCCATGACCTGCTGCGGATCGCCGCCCTGGGCGCCCACTCCCGGGATCAGGAACGGCAGGGTCGGGCAGAGCACCCGCAACGCCCGCAGCGCCTCCGGGCTCGTCGCGCCGACGACCAGCCCGCCGTCGCCGGGGGCCTCGGAAGCCCAGGCCGCCACCTGCCGGGCGACGTGCCGGTAGAGGGGTTCGCCGTCACAGAGGCGCTCCTGGAAATCCCGTGCGCCGGGATTGGAGGTGCGGGCGAGCACGAACGCCGCCTTGCCCTCGATCCGCAGAAAGGGTTCCACGGCGTCTCGGCCCATGTACGGGGCCACCGTGCAGGCATCACACCGCAGCCCGGTGAAGATCGCCTCCGCGTAGAACCGCGCCGAGTTGCCGATGTCGCCACGTTTGGCGTCAGCGATGACGAGCACATCCTCCGGGATCTGCCGGATCGTGGCGTCC
CP020382.1_gap13	603373	608273	4900	CAGAGCATCAAGTGGGTGCAGACGCGCTACCAGTTCGGCCGCCCCCTGGCCGACTTCGAGCTCGTCCAGCAGAAGATCGCCCGGATGGCGGCGTACACCTACGCCATGGATGCCATGCTCTACCTGATGACGGGCATGCTGGATCGCGGCGATCAGGACATCATGGTCGAGACGGCCATCACGAAGGTGTTCTGCTCCGACTATGGCTGGAAGGTCATCGACGACGCCATGCAGCTCATGGGCGGCGAGGGCTACATGACCGAGAACGAGTTCGAGCGGCTCTGGCGGGACAACCGCATCCACCGGATCGTGGAGGGCTCGAACGAGGTGATGCAGTCGTTCATCTTCGCCTACGGCGGCAAGCAGCTCGCCGAGCAGATGCTGGCCGTGCAGCAGGCCGTGGCGTGGGACGAGGAGGCGACGCCGGCCGAGAACCTGCTGCGCATCGTCCGCAACGGCCTCAACCCGACGGTGCTCCAGCAGGCGATTCCGCTCGGGGCGCAGCTGTTCCTGGGCATCAAGCCGGCGCGGCCCGTCATCCGCCGGGTGCACCCGCTGCTGACCGGCTACGCCGAGCGGCTGAGCCGGCTCGTGCAATACCATTCGCATTACGTCAAGCTCGTCAGCAAGTGGGAGCGGGAAGACATCGTGACGCACCAGGCGCAGCAGGCCCGCGTGGCGGACAATGCCATCCGGCTGTTTGCGCTGTCGGCCTCGCTGGCGAAGATGGACCGGCAGCTCCGCGAGGGCGCCCACGGACCGGCCTTCGAGCGCGACCGCGCGGCGCTGGCGCACCTGTTCGACCTGTTCGAGCAGGAGATCCGGGGGGGCTTCGAGGAGATGCGCCACAACGCGGACGAGAGCATGCGCACGGCCGCCGCCGCCGCCCGGCGGCACAACGACACCCTGCCCAACGGCGACTTCTACATCCACGAAGCCTCGCCCGTGGCGAAGGGCACCGGCAAGCCCGTGCAGTCCGAGCACATCCAGCAGTTCCCCGGCGACACGGCCGCGCCCGTCCACGGCGACGGCGCCGCGACCGACGTGGAGCCCCGGCCCAACCCCGAGCCGGCCTCTGAGGAAGACTGAGCGATCGGATCAGGTCTACAAGGGCGTACTGTAAAACGTTGGTTGCAGGGGCGGCCTTGCTTCGGTGAGTCCGCCTCGCTTGTTCCTGCTCGGTTCTCTGATCAAAGGAAGAAGAGCCTGTGATCAAATCAAGAATGGATAGGGAAAGGGGTTGACCTGTTGGTTTTCGGATGTTATGTTCGGCCGCCTTCCATCGTACAGGTATTCAGATCAAAAGTCGGAAATCATGCGTAAGTGCTCTCTCTCTCTCTGATTTACCTCTTGCTGGGACTGGTGCTGTTTGTGCTGCCGGTGCATGCACAGATTGAAATCAGCACCGATGGGAATGTGAATGTAGGATCTGCCAATCATGATGCCTACAGGAAGCTTCACATCAGGTACGACAAGCCGAGTGGTACCACGAAGGTCGTAGCGGCGGAGTACAGCGGTACACAGGCATACGATGCTGTAGCCGTGTATGGGCGTTCTGAGCCGGCCCCATTCTGGGGCATCGGTGGTAAATTCATAGGTGGCTTTGCCGGTATCGACACCTACGCGACTATGTCGGGCTCGGGAAATCGCGTGGGTTACTACGGACGCGCGAGTGGCGGCACTGGCAGCAACTATGGTACCTACACCTGGGCCGAAGGTAACTCCGGCACGAAGTACGGAGTCTTTGGCATGGCCAGAGGTGATGCGGGAACGAAGTATGGGGTATATGGCTGGGCGTATGGTTCCGGAACCAACTATGCCGGCTATTTCAGCGGTAACGTGCACATCACCGGGACGTTGACCAATCCCTCGGACGAGCGGTTAAAGACGAACGTGCGTGCGTTGCAAGGGCGTGACGTGCTGGCGAAGCTACGGGCCATGCGGCCGGTTGCATTTCGATACAAAGAGCAAGCCGGGCTCAATGCGGTCGGTTTTCAGGCGCTAGAACTGCCGGAGGGCGAGCGCGTGGGGTTTGTGGCCCAGGAAGTCGCACAGGTGTTCCCCGACCTGGTACACGAGCAGGTCCACGTGGTGCCGGAAGACCCGGAGGCCGAGAAGGTCGCCAGGGAAGCGACCACCGTACGGTATCAGAGCGTAGACTACCTGGCGATGATTCCGTTGCTGGTGCGGGCAATCCAAGAGCAGCAGGAAGAGATCGATGCGCTCAGGGTCGTGTTGGAGCAGAACGGCCTTGATGTCAGTGCACTCGGCGACCGGCGCTGATGCTTGGATTTGAGCGATGAGGCACCGTGTGGGCCGGCGAACAACCCGGTCCAGCAAGGTGTGTCATCGCCTGTAGCAGAGGATCCTGAAACTGCATGGGGGAGATGGGCATGGCCCGGCGAAGTAACGTATTCGGCCCAGTGCTGGGGTTGTTGTTGACGGCCATACTGCTCGTTCTGGGCGGCTGTTTCGACGAGGTCTGCCTCAGCGGACCGTGTGGCTGTGAGGGCATCTTCGAGCAACTGCACACCTTTCCCGACACGCTTACGGTGGAACTGCGGCAGGAGCCCTACACCTTCGATCTGCAAGACCCGCCGCTCTTCCGGCACACAGCCGGGTACCAGTTCAGCTACCAGGCCGGCAGCGGAGATATTCAGGTTCTCGGTGCTTTCATCGGAGGAAGCTCTGGATCCATTCTGGAACTCTACACAAGATCGATCGGGACGACCAGAGTTAGCATCAGAGTTACCGACAGTGAAGGTTGTGAACAGTCAGCCAGCACCACCTTTCAAGCCCGCATTGTTGCCCCGACAGGATTCGTTTCAACCCGGTCCAGCAAGGTGTCGTCGCCTGTAGCAGAGGATCCTGAAACTGCATGGGGGAGATGGGCATGGCCCGGGGAAGTAACGTATTCGGCCCAGTGCTGGGGTTGTTGTTGACGGCCATACTGCTCGTTCTGGGCGGCTGTTTCGACGAGGTCTGCCTCAGCGGACCGTGTGGCTGTGAGGGCATCTTCGAGCAACTGCACACCTTTCCCGACACGCTTACGGTGGAATTGCGGCAGGAGCCCTACACCTTCGATCTGCAAGCCCCGCCGCTCTTCCGGCACACAGCCGGGTACCAGTTCAGCTACCAGGCCGGCAGCGGAGATATTCAGGTTCTCGGTGCTTTCATCGGAGGAAGCTCTGGATCCATTCTGGAACTGTATACCAGATCTGCTGGCCTAGCCAGGGTTGGCATTTCTGTCACTGATGATGAGGGCTGTGAGCAGACGGCAGGGACCGGATTCTGGATTCGGGTTATTGAACCAGCAGACTCAGTAGATCCAAGATTCATGTAAAGGAGGCGCGTGGGCATGCACCTCAGTTCGACAGCCATACTTCGCTTCGACGGCGCGGACGATAAAGCGTCGGAAGCGACCCAGCCGCAACAAAGTCTGGTCGAGCAAGCGCCCGCCCCGTCGCGGCACCTGAGCCACGAGCCAGCGCAGGCACAGCCACCCATTGACCAGCACATAACCCAGCCCCAGCAGCAGAAAACGGTAGATCGGATTCGCAGACGTCGTCCAGGCCCGCGCCTGGCCCGCCAGGCGATAGCTCGTCTCGACCCCGAAGCGACGCCGGTAGCGCCGGGCCACCTGCTTCGGCGCAAGGCGGCAGTGGATCACCACGTAGAGCAGCCACACCGCCCGCCGCTCAAGCCGCCCGGTGCGTCGGGCCGTGGTGAAACGGCGGCAGACGACCACCTCGGCTGTGAAAGCCTTCTCCCGATTGCGGAACGTGTGCTCGGTTCGATAACTCTTGCGCCCCTTGCACAGGGCGCGCGTGCCGCCGTCGTTGCCACGAATCGGGCAGGCGATGATGGCCGACTGATCGGCTGCCGAGAGATATTCAAAGACCTCAATCGAGGCGAAGCCCTTGTCGAGCAAGAGCAGCCCGATGGCTACGTGCAATGGACTCAGATGGCCGAGCAGGTGCTCGAGCACGGTGCGGGGGGTGTCTTCGGGGCGGACAAAGCGAAGCGCCAGCGTGAAGCGCCTGCCTTCGAGGATGAGGTAGGCCGTAGCCACGCGGTAGAAGCGCGTCGTGCCGGCTTTGGCTTTAGCACGCACAAAGAGGGCCTCTTCCTGCGCAGCCTTGCCATAATAGGGCTGATCGTGGAGGTCACAGGCGATGTCGTGGGCCACGTCGCTAAGGCGCACACGCACCTGCGAGGGCAGCGCTGCCTGCAGGGCTTCGTTGAGTTCGCCTTCGAGTTCATCGAGTCGATCCGGCGTAAGCTGCTGGCGCAGCCAGAGGCGAAAAGCTTCGGCCTCGGGCACCTGCTCCAACTCGTCACAGATCAATGCGAGCGTCTCGCCGGTGGCGGCCATCATCAGCAACACATCGAGCAGCGCTTCGGTGGTGCACTTGTAGCCGTCGGCCTGGAGCGAGAGCGTCTCTTGCATGAGCGAGCGGGTGAAGGCGAGGGTTTGCTGCTGGGAAAGTTTTGGCGTATCGTCTTTCATGGGCTTGCCTCTCCTCGGGTCGGTTCGATAGGATGGCTTCCATCGAATCAAACGAAGCTGGGGCAGGCCCTGTGTCTTTGAAGCGGTTACTTCACATACTTCTTGGATCTACTGAGACTCTTTTTCTAATGATCATGAGTAACCAGTTCTATACATATAGCGTAGGTCAATAATGTTGAGGCAGGAAGCCGCAGTGCTGGAACCATCCCGCGGCATCCGCCGCCGTCACCTGCTCGGTGGCATACTCCACGGCCTCCAGCAGCGCTTCCGCCGTGTCCGCACAGGCCTTCTTGATCAGATGCTTCAACTTCGACCACAGCAGTTCGATCGGATTGAACTCCGGACTGTAGCGCGGCAGCGGCCGGACGCAGGCGCCCCGCGCCTCGATCT
CP020382.1_gap14	634349	636244	1895	CATGCGGCTGGGCAAGAACAACCGCCTGCTCGGCTTCACGCTCTCGAACGCCGCCCGCGACGGGCTGGAGGTCGAGACGAACCGGGGCCGCCGCGAGGTGGTGCGCACGACCAAGTTCGAGGTGTCCAACCGGGGCAACAGGGGCCGGCAGATCATCAAGCGCGGTCACATCGCCCGCGTCATCCTGGCGCCGACCGAGCTCCACCTGAACGGAAAACGCTGAATCATGCGATGGACGCCCGCTCCCTCCGTTCCAACGTCTCCGCGGCGCTCGCCGTGGCCCGCGTCCGGCCCTGATCTTCTCCTTCCGACGGCATTCTCACTCAACGGCCATCCCGTTCCACTATGGCTGAAGTAACGACCTATACCGGCAAAGACATCCAGGTGCTCGAAGGGCTGGAGCCCGTGCGGAAACGGCCCGGCATGTACATCGGGGGCACCGGCAAGCCGGGCCTCCACCACCTGCTCTGGGAGATCGTCGACAATGCCGTCGACGAGGCGACCAACGGCTACGCCACGCTGATCGAGGTCATCCTGCATGCCGACGGGCAGAGCGTCACCGTCTCCGACAACGGCCGAGGCATCCCCGTCGACAAGCACCCGACGAAGAAGGTGCCGGCGCTGGAGCTAATCCTGACGACGCTGCACGCAGGCGGCAAGTTCGACAGCTCCAACTACATCACCTCGGGGGGCCTCCACGGTGTCGGCGCGTCGGTCGTCAACGCCCTCTCGTCCGAGCTCGTCGCCACCGTCAAGCGCGACGGCAAGACGTACCAGCAGCGCTTCGAACGGGGCAAGCCCACCACCCGCCTCAAGACCGTCGGCACGGCGGCGCGGGGGACGGGGACGACCATCTTCTTCCGCCCGGACCCCGAGATCTTCGAAACGGTCGGGTTCGACACGGAGTGGATCCAGGAGCGGCTGGAGATCAAGACCTATCTCAACCGCGCGTTGAAGATCGTCTACCGGGACGAGGTCCACGGCAGACGCTACGAGTACCATCACGAAGGCGGCATCGCCGAGTATCTGGCCGAGTTGATCCGGCAGCGTCAGGCGCGGCCCGTCCACCCGGATGCCTTCGTGCTGGTGCAGGAGGCCTTGCAGGAGGGCAGCCGCGTGGAGATCGCCCTGCAATGGACGGAGGAGCCGCGGGAGTTCGTGACGTCGTTCGTCAACGGCATCCCGACGGGCGACGGCGGGACGCACGAGCAGGGCTTTCGAGACGCCGTCCGCAGCGCCGTGCGGTCGTACATGGAGACGCACGACATGGTGCCGCGCAGCCTCGAGCTGGCCGCCGACGACATCCGCGAGGGGCTCGTCGCCGTCATCAACCTGTTCATGACCGATCCCCAGTTCCAGGGACAGACCAAGGACAAGCTCAACAACCCGGAGGCGCGGTCGCTCGTCAGCAGCGCGCTACGGCTGGAGCTGGAGCAGTACCTGAACACCCACCCGACCACCGGCGATGCCATTGCCACGCGGGTGATCCAGGCGGCCCGGGCGCGGCTGGCCAGCCGCGCCGCCTCCCGCGCCGCCCGGCGGAAGACCAGCATCAGCCACCGCCTCAACCTGCCCGGCAAGCTGGCCGACTGCTCCTCCACCGACCCGGCCGAGAGCGAGCTGTTCATCGTCGAGGGTGACTCGGCCGGGGGCTCGGCCAAGCAGGGGCGCGACCGCACCTTCCAGGCGGTGCTCCCGCTGCGTGGCAAGGTGCTCAACGCCGAGCAGGCCACGCTGAAGAAGGTGCAGGACAACAAGGAACTCTCGAACATCGTCGACGCCCTCGGCTGCGGCATCGGCGACCAGCTCGACCTGAGCCGCCTGCGCTACCACAAGATCATCCTGCTCATGGATGCCGACTCCGACGGCCATCACATCGCCACGCTGCTGCTGAC
CP020382.1_gap15	637539	640183	2644	AGACGCCGCGTTCATAGAGGGCGTACTGGAGCCCCATCACGCCCAGGCCGATGGGGCGATGGCGCAGGTTCGAGCGGCGGGCCGCCTCGGTGGGGTAGAAGTTGAGGTCGATGACATTGTCGAGCGCCCGTACGGCGATGCGGATCGTCTCGCGCAGTTTGTCGTGGTCGAGGGAGCCGTCGGGCCGGAGGTGCCGGTCGAGCACGACCGAGCCGAGGTTGCACACGGCCGTCTCGTCCGCGCTGGTGTTGAGCGTGATCTCGGTGCAGAGGTTGGAGGAATGGATGACGCCGGCATGGTCCTGCGGGCTCCGCACGTTACACGGATCTTTGAAGGTCATCCAGGGGTGTCCCGTTTCGAAGAGCATCCGCAGCATCTGCTTCCACAGGTCCAGGGCCTGGATGCGGTGTCCCCAGAGTCGGCCTTCATCGACGAGCCGTTCGTAGTGTTCGTAGCGCTCCCGGAAAGCCCGGCCGTAGCACTCGTGCAGGTCGGGCACGTCGCTGGACCGAAAGAGCGTCCAGTGCTGCCGGGCTTCGACGCGCTGCATGAAGAGGTCCGGGATCCAGCAGGCCGTGTTGAGGTCGTGCGTGCGGCGGCGTTCGTCCCCGGTATTGCGCCGCAGCTCCAGGAAGTCGAAGATGTCGTTGTGCCAGAGTTCGAGGTAGGCGCAGCCCGAGCCGGCCCGTTTCCCGCCCTGGTTGACGGCGACGAGCTGGTCGTTGTGCAGCTTAAGGAAGGGGATGACGCCCTGGCTTTCCCCGTTGGTGCCCCGGATATGGCTGCCGGTGCCGCGTACGGCCGTCCACGACCCGCCCAGGCCACCGGCCCATTTCGAGAGGAAGGCATTCTCCGCGATGCCGCGGTACATGATGGATTCGATGGAATCGTCCACCTTGTAGAGGTAGCAGGACGAGAGCTGGGAATGGGGCGTGCCGCTGTTGAAGAGCGTCGGGGTGGAGTTGCAGAACCGGCGCTCCTTATAGAGGGTGTAGAGGTCGATGACCCGGGCCTCGCGGTCGCCGGGTTCCCGGAGGAAAAGCCCCATGGCTACGCGCATCCAGAAGAACTGCGGGGTTTCCAGCCGTCGGGGTGTCGCCCCCGTCTTGTCGACCAGCAGGTAGCGGTCGTAGAGCGTCTGGAGGCCGAGGTAGGTGAAGTCCAGGTCGGCCATCGGATCGAGGGCTGCCGCGAGACGGGGGAGGTCATATTCGAGCAGGGCCGGGTTGAGCCGGCCGATCTCGACGCCCCGCCGGAGGTAGGCCTCGAACATCTGCTCGTGCGCCGCTTTCAGGCCGGCCAGGCCGTCCCGTTGCAGGTCCCACCCGATGGTCTCCTCGTAGATGTAGCCCAGGAGGATGCGGGCGGCGAAGCGAGCGAAGTCGGCATCCTTTTCAAGCAGGGCGCGAGCGTTGAGGACGAGGGTGGTCTGCAGATCGGCCCGGGAGATGCCGTGGGTGATGTTGCGGCGGAGATGCCGTTCGATGTCCTGCTCGGAGAGCGCCACATCCAGCCCGATCAGCGCCATGCGGATGCGTGCGCGCAGTTCCTCGCCGTCCCAGAGCGTCGAGGACCCGTCCGGTTCCACGACGTCGATGAGGGTTTCCTGGGCCTGCTCCGCGGGGGCCGACCGCATGGCGCGGAAAACGGCGCGTTCGGCGCGGTAGGTGATGTAGGCTTCGGCCACGCGGGTATGCCCGGCCAGTAGCAGGGCTTCCTGTACGAGGTCCTGCACCGTTTCGATGGGTACGTAGCTGAGCCCGAGGGACGCCGCCCGTTCGGTTACATCCCGGGCGATGGCCCGGGCCGGAGCCGAGTCCAGGCCTCTCGACAGGAAGGCTTTCCGCACGGCCACTTCGATTTTGGCGGCGTTCCAGGCCACCACCTGTCCGTTCCGGCGAATCAGGCGGAGCCCCTCGGCCGTCGGGGCAGCCTCGCCGGAGCCGGCGGTTCGGGCCCGGTGCATCACGAGCGCCTTCGCCACGTCCACCGCACCGGTCTCGAGGAGCACCGCTTCGGCCAGGGAGACGACGTCGGCAAAGGTGGGGCGTGCATCTTCCGGCAAAGCCGCGAGGCGGCTGAGCACGCGTTCGACGACCCGGCGAGTGAAGGGGACGAGGCGTTCCTCATCCGCTGTCTGATGAGTGGCAAGCTGGACGGAGATCCAGGCTTCCGCAACGAGTCGGGCGAGGTCTGCCGGGTCGAAGCGAACGTCACCGCCTTCCTGATGCAGAAAGAAGAGCCGGCCCGGGAGCAGATTCTCGATCAGGCGGGCGGGGTCGAAGGAGGGACGCTCGGCAGGGGGAAGCAGGGTGGCCCGCTTGAGGGCCAGATCACGGGCGAGTTCAGAAGAGGTAGGCCACATAGCAGATCTCAGAGGGCTGGACGGTGGAGCAGAAGGCAGGCCGGGGAAGGAGCATCAGAGTTCGTCGTCGTCGACAGGAGCGAGTGCCGAGGCCTTGCGATACTCGGTGACGCGTCCCTCGAAGAAGTTTTGCTCTTTCTGAATGTCCATCAGCTCGGCCAGCCACGGGAGCGGGTTCGTCTGGCCGGGGAACAGGGGCGGCAGGCCCAGCCCTTCGAGCCGGCGGTTCGAGATGTAGTGGATATAGGCGACGAACTCGTCAGCGTTGAGCCCGATGCC
CP020382.1_gap16	806652	809436	2784	ACGGTGCCGGAGGTCGGCGAGGTCTACGAGGGCACCGTGCGGGCGCTGCAGTCCTTCGGGGCCATCATCGAGATCCTGCCCGGCAAGGAAGGCCTGCTGCACATCTCCGAACTGGACCACGGCTACGTCGAAAAAGTGGAGGATTACCTCCAGGTCGGCGACAAGGTGAAGGTCCAACTCATCGAGGTGCGCAGCGACGGCAAGCTGCGGCTCAGCCGTAAGCCGTTCCTGCCCCGGCCGGAAGGCAGTGCCAACGGTGAGGGGCGCCGCAGCGAGGGCGAGCGCCGACGCGGCGGCAGCGGCGGCGGCCGGAGTGGCCGTGGCGGTCGCGGCGGCCGTGGCGAGCGGGGCGGCCGCGGCGAGCGTGGCGGTCACCGCGACGAGCGTGGCGGTCACCGCGACGACTGACGCCCGCCTCTGGTTGCCGGAACGCGTCCCGGATCTCAGGGACTCGTTCCGGGTAGACGACCGGTCCCCTTCGAAGACGCTGAAAGGCGGGGGCATCCGTGCTCTCGCCTTTCGCTTTTCAGGGTCCGAGGCCAGGTCCCGGCCGGGTTCGTCCGGGCATCACCGATCGGCCGGCTCGGGGCGCCTGTCCGTCCCTCGGACCCGGCATCTTCCATCGACACGATGAAGCGCAATACGACCAACACGATCATCGAGCCGGTCTATCCGGCCTTCACCAAGACCACGCTCAAGAACGGCGTGCGCGTCGTGACGGAGACGATCCCCGCCATGCGCTCGATCGCCGTGGGAGCCTGGGTGTTCACCGGCAGCCGGGACGAACGGGCCGAGGAGAGCGGCATCAGCCATTTCATCGAGCACATGGTGTTCAAGGGCACCGCCCGGCGCCGCATGCACCAGATCGCCCAGCGCATGGAAGCCGTCGGGGGGTACCTGAACGCCTTCACCAGCAAGGAGTACACCTGCTACTACGCCCGGGCCCTCGACGAGCATCTGGCCCGCGCCGTCGACACGGTGGTCGACCTGGTCCTCCATCCCGAATTCCCGGAGAAGGAGATCGAGAAGGAGAAAGGGGTGGTGCTGGAGGAGATGAAGATGTACGAGGATACGCCGGAGGAGGTCATCTTCGACCGCTTCGAGGCGTTGATCTATGACGGGCACGCCCTGGGTCGGCCCATCATCGGCTTTCCCGACACCGTGCCGTCGTTCACCCGCGATCAGCTGTTCGACTACCTGGAGCGGCAGTACACCCCGGACCGCACCGTGCTGGCGGCGGCCGGCAACGTCCGGCACGAGGACGTGGTCGCGCTCGCCGAGGTGGCCTTCCGGGATGCCGACCGCGCGCCCGGTGCACGGACTCACACGCCCGTGCCGCCCTACACCCCCGCACACCATACCGAGCACCGGCCCATCCAGCAGGCCCATCTCGTCATGGGCACGCGCAGCTATCACATCCACGACCCCCGGCGGATGACGCTCTCCGTGCTCAACACCATCCTGGGTGGGGGATGTCGAGCCGGCTCAACCAGAACATCCGGGAGAAGTACGGCTATTGCTACAGCGTCTACTCGTTCGTCAACCTCCATTCCGACACCGGCGACTTTGGCGTGTACATGGGCACCGACCCGTCTAAGGTGGATCGCGCCCGGAAGCTGATCCAGCGCGAGCTGACGCGGCTCGCCGAGACGCCTGTGAGCAAGCGGATGCTGAATCAGGCGAAAAACCAGGTCAAGGGCTCGGTGATGCTGGGGCTGGAGAGCCTGAGCAACCGCATGATGCGCATCGGACGCCAGGAGCTGTTTCTGGAGCGCTACGTGACGCTGGATGACGTCCTGGCCGAGGTCGATGCCGTTACGGCCGAGGACGTGCGGCAGGTGGCCGAAGATCTGTTCCATCCGGAGCGTCTCTCCAGCGTGGTGCTCCTTCCCCAGGAATGACCCCGCGGCCGCAGCCCGGCCGCGTTTCACAGACCCGTTCACGAACTCCTGCACACCCTCATGAAAATCCTCGTCACCGGAGGGGCCGGCTTCATCGGCTCGCACGTGGCCGACGCCCTGCTCGAAGAAGGCCACGAGGTGCACATCCTCGACAACCTGTCCTCCGGGCAGCGAGAGAACGTGCCCGAGGCGGCCGTCTTTCATCCGCTGGACATCCGCTCGGAGGAGGCGGCCCGGCTGCTGGCCGACGAGCGCTACGAGGTGCTGGTCCACCACGCGGCGCAGATGGACGTCCGCAAATCCGTGGCCGATCCTCGCTTCGATGCCGATGTGAACGTGATCGGCTTCCTCAACCTGATGGAAGCGGCACGCCAGAGCGGGCTCAAGAAGGTCGTCTTCGCTTCGACCGGCGGGGCCATTTACGGCGAGCCGGAGTACACCCCGCAGGATGAGGCGCATCCGCTGCGGCCGCTGTCGCCCTACGGCATCACCAAGCTCGTCACCGAGAAGTACCTCTACTTCTACGAGCAGACGTATGGCATCCCGTACGTGGTGCTGCGGTATGCCAACATCTACGGTCCCCGGCAGAGCCCCCACGGCGAGGCGGGCGTGGTGGCCATCTTTACCGAGCGGATGCTCAAGGGCATCCAGCCCTTCATCAACGGAGACGGGCTGCAAACGCGCGATTACACCTTCGTGGGGGACGTCGTGCGGGCCAACCTGGCGGCGCTGAAGCACCCGGAAAGCGGCATCTTCAACATCGGCACGGGGCGGGAGACGGACGTGGTCACGCTGTTCCGCGCGATCCGCGACCTGGCAAACCCGGCCATCGAGGAGCGCCATGCCGAGGGCAAGCCCGGCGAGCAGCGCCGGAGCGTGCTGG
CP020382.1_gap17	828172	832301	4129	ATGGTATATGTTCATGGGCTCGTCGATTTGCTGTATATGTCCTCCATTCATGACCACGATGCGATTCCCCATGGTCATGGCCTCCACCTGATCGTGCGTGACATACACCATGGTCGTGCCGAGTTGGCGATGCAGGCGGGAGATCTCCGCGCGCATCTGCACCCTCAGCTTGGCGTCGAGGTTCGAAAGCGGCTCGTCGAACAGGAATACCTGAGGTTGACGCACGATAGCACGTCCCACGGCCACCCGCTGGCGCTGCCCCCCCGATAGCTGCCGCGGCTTGCGGTCCAGGATCCCGCCGATACCCAGGATCTCTGCGGCCCGATCCACCCGCTCCCGGATCTCCTGCTTCGGATAGCCGCGGAGCTTCAGGCCGAAGGCCATGTTGTCAAACACCGTCATGTGGGGATAGAGCGCGTAGTTCTGAAACACCATGGCAATGTCCCGATCCTTCGGGGGGACATCGTTCACGACGCGATCCCCGATGGTCAGCGTGCCCGAGGTAACCGTCTCCAGGCCGGCGATCATCCGCAGGGTCGTGCTCTTTCCGCAGCCGGAAGGGCCTACGAGCACGACGAATTCGCCGTCATGGATTTCGAAGCTGGCATCGTGAACCGCAACGAAGCCATTGTCGTACTGCTTGCGAACATGATCGAGTCGTACACGGGCCATGGTCAGAGGCGTAAAGCTGCTTGCGAGAACATCCTCTGAAGATAATGGCCCGCCGTCATGCATAAAACCCTTCTTTCGACCCGGGCCATGCCTCATCGAGAACACACCAACGGCCATGCCGCACCGGAGAGGCAATTTCGTCCTCTCGTCGTCCATGCCTTGTATACAGGGATCAGCCGGGGGTTAGCCGCCGACGTGCTGGCCGCGCACGCCGCCGGCGGACGGGCCGTCACGGTGTGCACGGCGCTCATCGTCGCCAGCCACGGCCATGTCACCGACGTGCTGCCGGTCCCCTCGGACACCGTCGATGCGCAGATACAGCACGCGCTGGCCCACGCCGGCCCGACGGGCGTGAAAATCGGCATCGTCAGCGAGGCGGCGGCCGTGGAACGTCTCTTTCGGCGGCTGGACGATCAGCCCACCGGCCCGGTGGTGCTGGACCTCACCCTGAGCGGGCCCAGCGGCGAGGACATCATCAACCAGCAGGGCCTCGAAGCCCTGAAGGCACATCTGGCTCGGCCCGACCTCGTCATGGTCCGGCGCCGGGACGCTGCCCTGGTCGCCGGCATGGCGATCGAATCGCTGGACGATGCCCAGGTGGCGGTGCAGCGTCTTCATCGCCTCGGTGCTCGGAACGTTCTGCTTCGCTGCGGACAGCTGCCTTCCCGTTTCTTTGACGACCCGCAGGCACGGCCCGACCACACCGCTGACCTGTTCTACGACGGCTCGGAGTTTGCGCTGTTCGAGGCCCCGCACTTCGAGCTGCCGGGTCTGCACGGATCCTCCAGCCTTCTCGGCATGATCCTGCTAAAGGAATTGACAGAAAAAAAACCTGTGATCGAGGCGATTCAGCAGGCGAAAGGCTATGTTGCCGAATCATTGAGACGGAGCCATGAGCAGGGCCCGACTGACGTTCCGGCGTTTTTCTAAACCGGTTCGACCGTCTGGCCCCCCAACCTCGTTGCCACCCGAGTACGTCACCAGCAGGAGGATGCACCATGCCCCCCGAGAAAGCCAAAGCCACTATCTACGACGTCGCTGAGTACGCCGGCGTCGCGATCTCCACGGTGTCGCGCGTGCTCAACAACTCGCAGGACGTATCGGATCTGACCCGCGAGAAGGTGCTGAAGGCCATCGAGAAGCTTCAGTTTCGCCCGCACCGGATGGCGAAGACGCTGGCTCAAAAGAAGACGCACCTGATTGCCATTGCGCTGCCAACGTTCACGACGCCCTTTCACAACGAGCTGCTCAAGGGTGTTCGCAACTGCCTGCGGGACCGGGCCGAGGACATCGACCTCCTGCTCTGTGACCTCGGTTCGCGGGACCCCTACGGACGGCTACTCAGCTTCCTGAAGCGCGGGACGGTAGACGGGCTACTGCTGGCCGGGATGCCACTGGACGACAGGATCATTGCCGAACTGAAGGCCCTCTACGCGCCCGTCGTCCTCGTCGGCTACCAGAACGACGAGTTCGACTCTTATTTCTGGGATGACGTCTCCGGGGCCCGTGTGGCCGTGGAGCATCTCGTGCGCCAGGGCCACACGCGTATCGCGATGATCCGTGCCTATACCGAGAGTGACTTCCAGGCAGGCCGGCTGAAAGGATACCGCGAAGCCCTGGAAGCGGGCGGGCTTGCCTTCGACGAGACGATCGTGGTGCACGGCGAGACAACCAAGCACGGCGGGTTCAGCGAGGAAGCCGGGTACGAGGCGATGCAGGAGTTGCTGGAAACCGCCCCGGACGTCACGGCCGTCTTTGCCAGCAGCGACGTGCAGGCCATCGGCGCGTGGAAGGCGCTACGGGATGCCGGCAAGCGGGTGCCCGACGATGTCGCCCTCGTCGGGTACGACGATATCAAAACGAGCCGCTACATCGGCCTCTCCAGCGTCGACCAGAGCATGGATGAAGTCGGCCAGGAAGCGACGGACCTGCTGCTGCGGCGGCTGTCCGGCGACACATCCGACTGGCCCAATTCGGTGCTGATCCAGCCGAAGCTGTGCGTCCGTGAATCCAGCTCTGTCACCCGTTAACCCGCGCCCACGCATGGACGAAGCCCTCTTGCGCGCTCAGCTGGACCGCACCCTGGAGACGACCGACTTCCCGGAACTCGGCCCCCGGTACGGCGGCAAGGTGCGGGACACCTATCGCCACGGCGAGCATCTCATCCTCATCACCACGGACCGCATCTCGGCGTTCGATCACATCCTGCGGCAGACGATCCCGTTCAAAGGGCAGGTGCTCAACCAGCTGGCCGCCTACTTCTTCGAGCAGACCGAGGACGTGATGCCCAACCACGTCGTCGCCGTGCCCGACCCGAACGTGACCATCGCGACGGCGTGCACGCCGGTGCCCATCGAGTTCGTCGTGCGGGGGTACCTAGCGGGGCACGCCTGGCGGGTATACCGCTCCGGGCGCCGGACGCTGTGCGGTCAGCCGTTGCCCGACGGGCTCCGGGAGAGCAGCCGCCTCCCCTCCCCCATCCTGACACCCGCCACGAAAGCCGCCGAAGGCCACGATGAGGACATCAGCCGGGAGGAGATCCTGCAGCGCGGGCTGCTAGATGCAGAGACGTTCGACCGGCTGGCGGAGCGGGCGTTGCGGCTCTTCGAGCGAGGAACGGCACTGGCGGCAAGCCGGGGGCTGCTGCTCGTGGATACCAAATACGAATTTGGCCGCCGGCCCGACGGGGAGTATGTGCTCATCGACGAGGTCCACACCCCCGATTCGTCACGCTATTACTACGCGGATACGTATGAAGAGCGGCTCCGGTCGGGAAGACCCCAGCGCCAGCTTTCCAAAGAATTCGTGCGGGAATGGCTCATGGAACAGGGGTTCATGGGCCAGGAAGGACAAGTGCTCCCCGACCTGCCGGATGACTTCCGCATCGAAGTGGCGCGTCGCTACATCGAGCTGTACGAAGCCGTCACAGGCCAGACCTTCGTGCCGGACACGCACCCCGATCCGAAGCGCCGCATCCGTGAGGCCGTGACGGCGTGGTACGCCGCCGCCGGGGCGTAACCACGCTATCCCTCCCCCTCGACGCGCGGTGGCTGCTTTCCCTGCACCCACTCGGTGGTGCCATCCGTGTAGTGCTCTCGCTTCCAGATGGGCACCTGCACCTTGAGCTCGTCGATCAAAAACCGGCAGGCCTCGAAGGCCGCCGCCCGGTGGGGCGTCGCCACGCCGACGACCACGCTGGCCTCGGCGACCGGCACGACGCCCAGCCGGTGGAGCACGCAGACCCGCTCGATCGGCCACCGCACCCTCGCTTCGTCGACCAGTCGCTGCATCTCCTTGAGTGCCATCGGCTCGTAGCATTCATAAGCCAGCTCCACGGTCTCCCGGGTGCCCGTCCATTGCCGCGTCGTGCCCACGAACAGGCTCAGGCCGCCGCAGCGCGCGTCGCGGAGATGGGCGTCGGCCGCCGCTACGTCCAGCGGTTCGTGCAGGAGGGCGA
CP020382.1_gap18	942202	945422	3220	CAGGGCCTGATAGCCTTTGCGCATGATGGGGTGATCGTCGACGATGAAGATGTGCTTCGGCATGATGTCACCTCCGTGTAGAACCGGATGGCGTTAGGATCCGGAAGAATCGGGCTGAAGACGCCGGGGCGCCCACCTGTCGGGCGCAAGCTATGAAAACGCTCTGGAGCCGGCGCAGGGGAAACGGTTCATTAGCCTGTCGGCCGTTTCCCGATGGCCGGTCCTCAGCGGTGGTCTTCGGTCGTGGCCGCCGGAACCGGGACGAGGCCGCCGTACACGCCCGGAATCTCGACGCTGCAGGTGAGGCGCGTACCCCTGCCGGGGCGGCTGACGATGTGCAGACGCGCCCCGATGAGCCGGGCCCGGTACCGCATCGTGTGCAGCCCCATGCCGGCAGCCTCGGCCTGTTTCAGATCGAAGCCGATGCCGTCGTCCTCGATGCGCAGGTGCAGGCGGGGCGGCGCAGCTTCGCGTTCTTCCCACAGCCGCACCCGGATACGCGAGGCCCGGGCGTGCTTCATGGCGTTTCCAACGGCTTCCTGCACGATCCAGTACAGTTGCGTGGCGGTGTTGACGTCCAGCGACACCTGGCAGACGCGGCTCTCGAAAACCCCCTCGGTGTCGGCCAGCTTACCGATGCCCTCGACGAGGCTCTGCAGCGCGGCGACGAGCCCTTCTTCCTCGAGCTGCACCGGATTCAGTCCCTGCGCGAGCGCCCGGGCCATCTCAGCACTCTGGACGACGAGCCGGTTGATCTCTTCCAGATCCTCCACGCGCACCTGCTGCCCGGCCAGCAGGTCCTGGATGACGCTACGGGTCAGCAGGGCGATGCCCGTCAGTTGCGACCCGAGGCCGTCGTGCAGATCCCGCCCGAACCGCCGGCGCTCCTCCTCGGTCAGGTGCAGCACGGCCTGTTCCAACCGCCGCTGCTCGGTGATGTCGAGGCCCGTGCCGATGATGAAGCGGGTCTGCCCGGACTCGTCAGGGAGGGTCGTCGTGGACCAGGCCACCAGCCGCACCTCTCCCGAGCGGGTCTGCCACGGGTGCTCGGTCCGATGCTGCCGTATGCCGGCATCGCGCAGATCGGCCAGGTAGCGGCGGGCCTGCTCCTGCCACACCGGCGGGACGAAGCGCTCGACCAGGTCTTCGCCGAGCACCTCGGCTTCGGCATAGCCGCTGAACGTCTCGCAGGCCTGGTTCATACGTACGATGCGCCCCTCACGGTCCAGCACGACGACCAGCGCGTCGATGGTATCGAGCACCGCGGTGATGAAGTTGCGTTCTTCCCGCAGCTCGCGCTCGACCTGCTTGCGGTGGGTGATGTCCCGGATCACCGTCTGGGCGGCCGGCCGGCCCTGGTACGTGACGGGAATGGAGGCGGCGATGACGTCCCGGCGCACGCCGTCGAGGCGGATGAGTTGATGCTCGTACGGCTCGGTGGGACGGCCGCGTTGCAGGCGCCGGAGTCGCCGGCGGAAGACGTCGTGCAACTCCGGCACGATGAAGTCGAAGACGGACCGGCCGATGATGTCGTCCTCCGAGGCCCCTCCGAAGACCCGCGCCCCCGCCTGATTGGTGAAGACGATGACGCCGTCCACGGTGAGCAGGATCGGCTCGGGATGCATCTGGACGAGCCGGCGCCAGCGTTCCTCGCTGCTGCGGTATTCCGCCTCGATCTGCTTGCGTTCGGTGATGTCCAGCAGGGCCACGAGCACTTCGGTCACGGCCCCGTTCTCCACGGCGCCGGGATGCACGAGCACCTGGTACCAGCGGCCCGTCTTCGCGGCCACCTCACGCCGGCGCGGGAGGCCGTCGGACAGGACGCCCCGCACGTCCTCCGGCAGGTCTTCGTACGTCAGGGCATACTGCAGATCCGCCACCGATTGCCCGACCAGGGGCTTGCGTGCACCGGCATTGGCGTGGAACAGCGCCTCGGCCAGCGGGGAGCAGCGCCGGACGCGCAGGTCGGCGTCGAGGAACAGCACGGCGATGTGCAACCCGGTCAGGATCTGGTGGAAGTCGCGGTTGAGCACCTCCCGTTCGTCGAGGACCTGCACGAGGCGGCGCGTGATGCGCTGGAGGTCCTCGTTCAGGTGCTGCAAGGCGTCGTACCGGTCGCTCTCCTCCGCGATGAACCGCCGCAGGCGCTCCAGCCCGCAGGCCAGCGCGTCGGCCGTCTGGTGGTGCTCGGGTGCTCCGTGCAGCGGCTCCCCGAAGCCCACGTCCCGGTCGCCGCCTCGTGCTTCCAGCAGGAGGTGCACGAGGGGCGCGGCGGATTCCGTGGGCCGAACGGCCCGGGCCGTCAGCCGGACCGCGCGGGGGTCGTCTTCCACCTTGGCCGGGCGACACACGGCATCGGCTCCGGCCAGCGCGTCCTGCAACAGCGCCTGCACGACGGGCACCAGATCGGCGTGGAGGACGTCCCCGAGCGAACGGGGAAAGACCTCGGGGCGGGACGGCACGAACGGGGGAATGGGTTCGTCGAGATGAACCACACGCCCCCGGGAGTCGAGCCACAGCCCGGTGGCCTTTCCTTCCTGCCCGGCTTCCAGCCGGGGCTCCGGGTGTCCCCGTGTTTGTGTTGTTGCCATGCCCTGCCCCCCGACGGGTTCGCCCGTCGCCTCTCCGGGCGGCGTCGTGCGGACGCCGGCCTGCCCGAGTTCTGCCCCTCCACCTTTAAAAGAACCTACAAAGGCCGGACCCGGATCGGGTGTAGGGATTTACCCGACCCGGTCTTTCAGGAATACGCGCATCACACGGTAAGGTGCCTCCGCGGCACTCTGGCCCGGCGGCCTTCACACACACCCGTCCACACCGCTGGTCCGACCCGACGACGACGTTACGCCGACGGCCTGTCAGCCTATGCCCTTCCTTTTCGCCATCATTGTCGCAACAGAGATTATTTTTTTAACGGTAATGTACTCATGTCAGCGAATGTCAAACATTCTGACGTTACTCCGTAAGCGCAGGATTCTCCTTACAGGCATTGGGGTATTTGCCTGACACGAAGACTCGGCGGCTCCTGAACGGCGGACCCTGCCCGCACGACTATATTGGCGGCATCGACGGTTCTCTTCCACGACGGCACGGCAAGGGGTGGCGGCATGCAACAGATTCGCACGATCCTGCATCCAACGGATTTCTCTCCCGGTGCGGAAGCGGCATACACGCAGGCAGTCGCCCTGGCCCGCCGGTACGGCGCGGAGGTGCACCTGCTGCA
CP020382.1_gap19	946452	950173	3721	TTTCTTCGGGCGTCCGTTCTCGTCGAGGCAGTCTTCGGCATGCACTTTCTCATGCTTCAGGCGGACGGTCACCCCGTCGAGCGGCCACTTCTTGCGGTCGGCGTACATGCGGAGGGTCATGGCGGTACAGGCCCCCAGGCCGGCGACGAGCAGATCGTAGGGCGTCGGCCCCGCGTTCGTCCCTCCCACGCTGCGCGGCTCGTCGGCGACCAGCGCGTGTCCGTTCGCCAGGATCTCGGTGCGATACCCGCTGGCCCCGATGCGGGCCACGACGACGTTGTCCGCCGGCTCCGGGTGCTTGACCTCCTCCTGCGGCACGTCGATGTACTTCCGCACCCAGGCCGCCAGCACGGCACCGACGTAGCGGGCATCCGCTTCCTGCGTCAGCAGGTGATCGGCCGTATCCAGCGAGATGAAGCTCTTCGGGTGACGGGCGGCGCGGTAGATCCGCTCGGCATTCTCGATGCCCACGATCTGATCGACCGGGGAGTGGAAGATCAGCAGCGCCCGCTTCAGGGAGCAAATCACCTCGTCGACATCGTGGGCTTCCAGATCCTCGATGAACGCCTTCGTGATGGTGAACGGCCGTCCGCCCAGGTCGACGCGGGCTTCCCCGTCGGACTCGATGGCCTCCAGCGACCGGTCGAAGAGGTGGGTGACGTGCTTCGGATCGTAGGGCGCGCCGATGGTGGCCACGGCCCGCACGGACGGGAGGCGACCGGCCGCATGCAACACGGCGGTGCCCCCGAAGGAGTGCCCGATGAGAATCCGGGGCGCGGCCCACTCCCGCTCCAGGAACGCCGCGGCCGCGACCAGGTCCTGCACGTTCGAGGAAAAGGACGTCTCCGAAAACCGGCCCTCGCTCTCCCCGAGCCCCGTGAAGTCGAAGCCGAGCACCCCGAATCCCTGTTGCACCAGCGCCCGGCTGATGTGAGAGACGGCGTGCAGGTTCTTCGAGCAGGTGAAGCAGTGCGCGAACACGGCCAGCGCAATCGGGTCGTCATCGGCCGGCAGATCCAGTCGGGCGGCCAGCAAGGCCCCCTGTGAACCGGGAAACGAAAGCTTGGTGCGTCGCATGAACAGCGTCGTTGATGAACCGGGCACGATGAAGTAGGCAATCCCGGAAGCTTGGTCACACAGGACAGGCCGGCGTTACGTCCCACCGTGGAACCGACCCCTCCACGGGTGGTGTAAACCGGGTAGGATCTTCGGGACCGACGAGCGGCGGCAATCTACACCGAACCTTAATGATTCGCCCCCTTGCACCTCCCGAAAGACCTGCTGTATATTTGGCGCCCTCGCACGGTGAACCGGGCGAGCGAAGCGGTCCGGTAGTTCAGTTGGTTAGAATGCCGGCCTGTCACGCCGGAGGTCGCGGGTTCGAGTCCCGTCCGGACCGCACCGAGAAACGCCGATCCCAGCCACGGGGTCGGCGTTTTTTCGTTTCAGCCGGTCGCTCCGGTGCGGGGCATGTACCACGGGTGCTTGAATGCCGCAGAAGCAGTCGGCGGGCCTTTGCATCTCCCTTTGCATCTGACGATCCGGCGTGCTAGGTTCGGGAGCGCTCCCGACGATGTCGGTCCCGGCCGGGAGCGCCCTATCCCCTGCCTCTCGGACTTCCGTTCCCGTCATGCACCTCGCGATCCACAACTGGATGAAGGTCGAGCCGCTGGAGACGACGCTGGCCCGCATCGCCCGGCTCGGCTATGACGCCATCGAACTCCAGGGCGAACCCGACAAATACGACACCCGCACGGTCCGCCGGCTGCTCGACGAGCACGGCCTGCGCTGCTGGGGATCGGTGACGCTGATGCTCGGGGAGCGCAACCTGCTGGCCCGGGACGAGGCCCAGCGTGCCCGCTCCATCGACTACGTCAAGGCCTGCGTCACGATGGTCAGCGAGCTGGGCGGAGAGGTGCTCTCGGTGGTGCCGGGCACCGTGGGCAAGATCGTCTCCGACGGCACCCCGGAACAGGAATGGGGCTGGGCGGTGGAGGCCTTGAAAGAGATTTACAACCATGCCCGGAAGCGAAGCGTCCGCCTGGCCATCGAGCCGATCAACCGCTTCGAGACGTACTTCATCAACCGCGTGGCCCAGGCCCTGGCCCTGGCCGAGGCCGTCGGCCCCGAGTGCGGGGTGTGTGTGGACGTGTTCCACATGAACATCGAAGAGGCCGACACCTTCGCGGCGCTGAAGGCCGCCGGGGACCGCATCGCCAACGTCCACGTGGCCGACAACAACCGCATGGCGCCCGGCATGGGGTGGTTCGACTGGCCGCGCCTGATCGACGCCGTGCGAGCCACGGGCTACGACGGCGCCCTGTCGGTCGAGTTCAGCCCGCCGCTGGATCGCACCCCGGCCAACCCCTACCCCGATGCCACCGACCCCGACCCGGAGCACGTCAGCCCGGCGGAACGCAAGTTCCTGGAGGATCACGGCTCGTCCGTCATCTCCGAGCGCTTCTACACCATGCTGACCCGCCGCTCCATCGAAACGCTTCGCCCGCTGATCTGACCCCCATGCGCATCGCCGACGTCACCGCCCACTGGCTTCGGGCGCCGATCCCCCCGAACGGCAACACGTCTCCGACTATGGACGGCTGGAGTGGTTCGACATGACGCTGGTTTCGGTGACGACCGAGGACGGTCTGACGGGATACGGCGAGGCCAAGGCGGCGGTGGGCAGCGCGGGGGAATGCGCCTCGCTCGTCGCCTGCATCCGGCACGAGCTGCGCCCGCTGTTGATCGACCAGGACGCCCGCGCCATCACCCGGCTGTGGACGACGATGTACAACGGCGTACGGGCCGGGTATGCCCTCGAGCGCGGACGCACCTTCCCCGAGCTGGGTCGGCGCGGCACCCGCATCGCGGCCATCAGCGGTGTCGACACGGCGCTGTGGGACCTGCGCGGCAAGGCGCTCGGCGTGCCCGTCGTGGACGTGCTGGGCGGCGCCTGCCGGGATGCCATGCCGGCCTATGCCAGCGGCGGGTGGGCCGGCGTCGACGACATCGGCCGGCAGCTGCAGGGGTACGTCGACCGCGGCTTCGGAGCCGTCAAGATGCGCGTCGGGGTGATGGACGGCAGCCCGGAGGCGAGCGCCGCCCGCGTCCTTGCCGCCCGCGAAGCCCTCGGCCCCGGGATCGGCATCATGGCCGACGCCCACGGCACGTTCAGCGTCCCCGAAGCCAAACGCTTCTGCCGCCTCGTCGAGCCGGCCGGGCTGGACTGGTTCGAGGAGCCCGTCAGCCCCGACAACCGCCGGGGTCAGGCGGAGGTCCGTGCCGCCACGGCCATCCCCATCGCAGCGGGCGAGAGCGAGTTCACCTGCTTCGACATGCGGGACCTGATCGAGGCACGCGCCGTCGATGTCCTCCAGCCGGATTGCGCCATCGTGGGCGGCATCACCGAAGCCATGCGCGTGGCCGCGCTGGCCCATGCCCACGGCCTCCGTCTGGCCCCGCACCTCTGGGGCTCGGCGCTCTCGTTCATGGCCGGGCTGCACGTCGCCTTCGCCGCACCGGCCGCGACGATCCTGGAGTTCTCCCTCGGCCACAACCCGATGCTGCACGACCTGGTCGAGGAGCCCATCCAGCCGCAGGATGGTCGGTTCCTCGCTCCCACACGCCCCGGCCTCGGCGTCACGCCTCGCGCAGACTTCATCCGGTCCCACACGGTCGCGGTCTGACCAGGCGCCGGGCTCCCTGCAACGCTCCCCTCCAT
CP020382.1_gap20	965119	968823	3704	GGCCTCCGCACGGATCGCCTGCTGCTGGAACACATCGTCAAGACCGAGCCGGTGGAACGCGGCCAGCAGGTCGTCACCAACCCCTTCAGCGGCGTCTTCCCACCGGGCTACCCGATCGGGGTCGTGGATACGGTCCTGACCCGCACCGGTCGCAACGAGTTGCTGATCTACCTGACCCCCAGCGCCCCTCTGCACACCATCGACTATGTCTTCGTCATTCTGCATCTCCCGGACTCGGAACAACTCGACCTGGAGCGCCGCCCGATCCGCTGACGGCCCCGCGCGCCCGCGGCCCATGTCCCCGGCGGGCATCGCGCTGTGCGGGCTGCTGATCCTGCTGCTCGCCGGCCCGTCGGTGGTCGCCGGCCAGCCCGCCCCCCGCTCTCCCCGGCAGCTCCAGCACGCCGTCGACCAGGTCCTCGCCGACACGCTGTTTCGCAATGCCTTCTGGGGCGTGCTCGTCTACGACCTGGCCCACGACCGCACGCTCGTGGCCCGCCACGCCGGCAAGAGCTTCCTGCCCGCCTCCAACACCAAGCTCTACACGACCGCCGCCGCGCTGGACCTGCTCGGGCCGGACTTCCGCTACCGGACGACGCTCTACGCCGCGGGCACCGTCCGCGACAGCGTGCTGCACGGGGCCCTCCTGCTACGGGGCGCCGGCGACCCCTCCCTCGGTAGCTACTACGACCCCCTCACGGGCGAGCCGGTCGATTCGCTCGACGTCACCGCCGTCTTCCGGGCCTGGGCGGACTCCCTGCGGGCCGCCGGCATCGCGGCCATCGAAGGGGACGTGATCGGGGACGATGACGTCATGGACGACCAGCCGCTGGGCATCGGGTGGAGTTGGGATGACGAACCCTACAGCTACGCCGCCGAGCTGGGTGGCCTCGTCTTCAGCGACAACGTCATCCGGCTCCGCATCGAAGGCCGCTCGCCCGGCGCACCGGCCCGGCTGACCTGGCGCCCCCTCCAGACCGACTACGTCGAGGTCGTCAACCGCACGCGCTCCGTCCCGGCCGACTCCAGCTTCGACCTCGACTACGACCGGGCGCGGGCGCAGAACATCCTCTACGTCTCCGGCGAGGCCCCACAGGGACGATCCCGTGAGACGGCGCTGACGATCTCCAACCCGACGCGCTACGCCGCCCACGTCCTGCGCCAGGTGCTGATGGACGAGGGCATCGCGGTGCTCGGCGCAGCCCGGGACGTCGACGACCTCTCGATCCGGCCCGACTACGCGGCACCGACGGTGGTGCCGGTGGCCACCTACCTCTCCCCGCCCCTGTCCGACCTGGTGCGGATCGTCAACAAGCCCAGCCAGAATCTGTATGCCGATCAGTTGCTGCGAACCCTCGGCGTGCACGTGCCCGTGGACCTCCCGGAGGAGGAGGCCGGCCCGCCCGGTTCGACGGAGCGAGGCCTGACAGCGGCCATGCGCACCTTCGCGCGGGCCGGCGTGGACACCAGCCGCCTGCGTCTGGCCGACGGCTCCGGGCTGTCGCGGATGAACCTGGTCACGCCCGAGATGACCCTGGCCCTGCTGCGCTACATGTGGCACCATCCCGACCCCGCCACCCGCGCGGCGTTTCTGGCGTCCCTGCCCGTCGGCGGTGTCGACGGCACCCTCGAACACCGCTTCCCGGACGGCCCCGCGCACGGCAGCGTCCGGGCCAAGACGGGCACCCTCACGGGTGTGAGCACCCTCAGCGGCTACGTCCCCTCGGCCCGCGGCACCCCGCTCGCCTTCGTCGTGATGTGCACCAGCCACACGGTCCGCTCCGCCGACGCCCGCGCCGTGCAGGACGCCCTCGTCGATCTCTTCGCGCGCTACCGCCGGTAACCGTCCCGCGCCCACTTCGCCGCGTGAACCCAACCTCGCCTTGGTCGTCTAAGGTGGCCCCCTTTGAGAGCCATCCTACTGATAGACGTATGCAACACTCCCGACAGGCTGCCCTGCATGGCACCACCGTGCTCGGCGTACGCCACAACGGCCACGTCGCCCTCGGCTCCGACGGCCAGGCCACCATGGGCGACGTGGTCATGAAACATAAGGCCCAGAAGGTACGATCCCTCTACAACGGCAAGATCCTCGCCGGCTTTGCCGGTGCCACGGCCGACGCGTTCACCCTCTTCGAACGCTTCGAGGAAAAGCTCCAGCAGTACGGCGGCAACGTCACCCGCGCGGCCGTCGAACTGGCCAAGGACTGGCGCACGGACCGGTTCCTCCGCCGGCTGGAGGCCCTGCTGGCCGTCGCCGCGGCGGACCGCCTCCTGCTCATCAGCGGCAACGGCGACGTCATCGAACCCGACGACGACATCCTCGCCATCGGCTCGGGCGGCCCCTATGCCCTGGCCGCCGCCCGTGCCCTGAAAGCCCACGGTGCCGAACTCTCGGCCCGACAGATCGTAGCGGAAGGATTGACCATCGCCTCGGACATCTGCATCTATACCAACTCGTTTCACACGATCCTCGAACTCGAAGCATCCTGACACGCCCATCGGCCGGCTCCCGATCTCCCCACACCCGGAACCGGCCTGCCAGGCAGGACGGGCCCCTGAAACACACATGGACGGATGACATCCAGCCCATCAGGTCCGCCTGCCACCCGGCCGCCCGACCTGTCCGGACGGCTCATTGAATCGGTACCTGCTCAACGAATCATGAATTTCGTATGTCTCATTCCACTGATTCCTCCCGCCGGCGCAAATCCGCGCGTCAGGCGGCGGTCTTCGTCGATGGCACCAGCCTCATCGGACTGCTCGAGCGCGCCCTGCCGCCCGACGTCACCCCGGACTCCTACCTGCTTCCCCTCCTGACGCGCCTGCGCACGTCGCTCCAGCGGCGGCATCACCTGCAGACGACCCTCTTCCGGGCCTATGGCGACTTCAGCACGGAGCGGCACCCCGATCCCTCCGTGCTCCACGCCCTCTACGCCGGCGGTGCCGAACCGCGCTTCCTGGAAGCTACCGCCCCGCACGACACGGCGCTGCGACTCTGCATCGACGTGATGAAAGTCCTGCTCACCCAGCCGGAGACACAGACCATCGTCCTGGTTTCCGGAGATCAGGCCTACCTGCCGCTGCTGCGCCAGATCCGCGAGCGAGGGCGACAGGCCGTGCTGGCCACCCTGCGCGCTCCCAGGCTTCCCGAGGACGTCGACTGGACCGAGGAGGCCCTTCCGCTCGATCTGGGCAACCTCCTCGACGAACCGATGCGCCGTCACCTCTACACCGTCCGCCCGGATGCAGCCCCTCCCCGGCGCCCGCTCTCCTTCACCCGCATCGAGGATCCCACCACCCTCGTCACCCTGGAGGTCATCGAGGAGCACTTCGGACAGTACGATGAAATCTACCTCACGCCGCTGCTCCGCAAGCTCTCGGAGGTCTTCGATGACCCCGCCTACGACCCCAAGGAGATCATCGGCCGCCTGGAAGAAGCCCATGCCGTCCGCCTCGAAAAACGCCATGGCACTCCCTACGACTACACCGTGCTGATCATGGAGCCGGACCACCCCGACGTCCAGCTCACCCGCGAGCGGGTCTACGAGGCCATCGAACGCGCTACCGGATACGACGCGGACGACGCGGATGGCGATGACCTGGAGTACGAGGAGGACGCGTACGACGACGCCTACGACGACTTCGAGGACGACGACTTCGAGGACGGGGACCTCGAGGACGGGGACCTCGAGGACGACTAC
CP020382.1_gap21	978217	980452	2235	GGCATACCACATCCGCAGGGAGTCGGCGCTGGCATCGCCGCCCACGTACCGCGGATACGTGGCACCGTAGTAGTCGCCCCAGAGGTCACCCGGGTAGTGCGCCTCCGAGTGGACGGCCGCGTTGAGGCCGATCACGACGTCTTCCGCCGTCTGCGAACCGGTGTTGGAGATCCGGTACTCCATGATGATCATGTCATCATAGTCGTCGTTGGCAAAGACGTAAGCCCAGCGCTCCACCCGGATATCCATGCGCGGGTTGGCGTTCGGCCACAGGTCGATGGCCGTGTAGATCATCGCATCCGAGGGGATGGTCGGATCGACCGGATCGTTCTGGTCGAAGGTTTGCGTCCAGTTGACCCCGTCGAGTTGCTTCGTGGGATAGGGGTTGCGGTGAACGCGTTTGAAGGCACCGCTGACCGGAACGGTGACGTTCTCGATGTCCGAGAACTTGTTCTGCATCACCTGAGCCACCTGGACATTATAAGTCTGCCCGTCCGGAGCTGTCCAGGTCCTGCGCAGGCCGACGGTGATGCCGTAAGTGTCCAGCATCTCGGGGGCCATGTGCCGGACGCCTCGCGGCCAGTTCATGTCATCGGCGCTCATGATCTCGTTGGTGAAATACTCGAGCGCGCCGATGTTCAACGTTCGGCCCTGTTGCCCCAGGGCCGTCATGGGAGCTACGAGGAGGAAGAGTGCCAGGATGCCACAGAAACGCAGCATCCCGGTGGTAGCGATTTTCCACATGATCGGTGGTCTCCTTGGTTCGTGTGGGATGTCGGATGGCCCGAGCCATGCCGCGGGGGTCGCCCCTTCGCGCATGGTATGCCCGGACCGGCATATCGTCAGGGGCCGTCAGAGGAAGGCTGACGCGTTCCGGCAACACGTGCGAGGTTTCGAGCGCCGGGCCGAGGCCAGACCTTCCCTGTCCTTCATGGAACAGGGGAGGTAGTGGAGTGCCTCCCCTGTTCCATGAAGGGAGCCGACCCGCCGGCGGATGAGCGCAGACTCATCCGCCGGCTGCAGGCATGGGGTCAGACATTAGAAGTACAGCCGGATGCCGAAGTAGATGTCCCGCTTGTCCAAGAAGCGGAAGCTCGTCCAGTCGGGCAGGTCGATGTTGTCCCCTTTGTAATCTCCTGGCCGCTGGCTCCCTTCCACCGAGCCATCCTCGTTCACCTTCAGATCCAGCGACTCCATGTAGTTGACGAACTGGGTATTGAACCACTTCGTCGAATCCCAGGCCCAACCGTCGCTGTTCGACGTAAACTCCGTGTTCGTCGGCGGGGTCAGGTACTTCTGGTTGAAGAGGTTGGTGATGTCCAGGTAGAACATCGCGTCGAAACGGCCCTGCGTGAAGAGGCTCTTCGTGAGGCGCAGGTCCCACCGTTTGTAGGGGGCCCAGCGGACGTTGTTCTCCACCAGCGGGTAGTTTTCGGGGTTCCAGGTGAACTGGAAGCCGCGCTGCCACGTGTAGAGCAAGCTCACGTCCAACCCTCCCAGCAGGGAGAAGCCGTTGCCGCCCGGCCCCAGTTCCTCCGGCGTCGAGAGGCTCACGTTCAGCTTCACCAGCGGGCGCACGTCCGGGTCGGACACCTCCGTGGACACCTGCACCGGCTGGCGCGTCGGGTCTTCGAAGAACTGATCATACCCGAACTCGCCGCCGCTCTCGACCAGGTAGTTCACGCTGCCCCAGCCACTCAGGTCCATACCGTAAGGCAATGTCACCACACCCCGGCGCAGCTCGAGGAACGCTTCCACGCCGCGCACGTCGCGGAACCGCTGGTTCGTGCGCCGCGAGTAGCTGCTCTCACCGAGGGGCACGTACGAGGCCCAGTCCGCTTCGTCGTTGATGTCCTTGTAGTACCCCGTCAGGCGCAGGTTCATCCGGTCGAACAGGTTCTGCTCGTAGCCCACCTCGTAGGCAATCGTCCGGGCCGGCGCCAGCAAGGGGTTCCCCATGGACTGCACGCGGTTACCCTGCCGGGTGTTGTAGTTGATGCGGTAGTAGGAGAACAGGTCTGCCCACTGGTACATGTGGCCGTAGTTGAAGAAGAGTTTGGCCACGGTCGAGATCGGATGCGAGATCCCGATACGCGGGCTGAGCCGCCACTGGCTCGTCTTCTCCCGCGCCAGTTGATCGCTCAGCCGGATCTCCGTCGGCTTCTCCGGGTCGTAGTCGGGGCTGTTCGGGTCGTAATCCGTACGGATCGTGTTGCCCTGAAGCAGGTAGGTCGA
CP020382.1_gap22	983535	987999	4464	CCGACACACCCGTATTGTCCAGCACCCGCTCGGGCATGGGCTGCCCCTGCTCGTCGGTCAGCAGGATGGGGCGCTCGGTGGGCATCTCCAACTCGCGCCGTACACGCAGGCCCAGCATCCCTTCCTTGTTGTCCTTGAACAGCACGTCCTGAACGGCCGTCAGCGTGGTGATCCGGTCGATGACGCGCACCCCCGGCTCGGCGTGGAATACGTAACGGGTCTCCTCCTGCAGCAGCACGTTCCCCTCGGGATCCACCCACTCGGCGGTGGCCGTGAGGCTGCCGATGCGGTCCCCCCCTCGGTCTGCGTGACGGCCACGTGACGGATGGTGCCCATCTGAGGCGCCCGTTCGGGCGGGATGGCCGTCGAGTTATTCCAGAAATCCAACCCGTTCACGTCGCCGTAGTTGAGCCACAGCCCCACGTGATGCGGGTGATCGGCTCGCTCCCCGGCGCGTTTCTCGAGCGGATAGCCGCGCGTGATGTCGGTCCCATCCGCCGTCCGTACCGGATAGAGCACCGGCTTCTTGAGCCCGGTCACATCGGTATCATACCGGTATGCCGTGAACAGCTCCCCGCCCACCAGGACCCGGACCTGCCGGGCCGCCTCGTCGTGCACCACCTCGACGCTCATCTCACGGGTAGCGGTATCCTGCGCTCCTGAGTCCTGCGGCCCACAGCCGACCGTGCCCATCAGGCAGGCACCGGCCACGGCCGCGTAGAGGGCTCCGCGAAAAAATGGGTGTACATGCATCTCGATCACCAGCGTTCATGAGTGGATACAGACGGCACCGCCCTGCCCCGACAGACGGGGGCCGATCGATGCCAGTGGGGTCGTGGATGAGCAGAATATGGAGCAGAACGTCGGGGGTGCTCAGCCGTCGAGCGACCACGCCCCGCGGTAGGGCTTCCAGAGCAGAGAAGCGGCATAGTCGTCTCCGAGGATGCGCTCCCGCTGCCCGTCCCAGTCGATGCGGCGGCCGGACCGGTAGGCGATGTTACCGAGCATGGCCACGCTGCTGGAACGATGCCCCGTTTCGATGTCACAGACGGGCTGCGTGCGGGCCTTGACGGCGTCGAGGAAATCGCGCATGTGTGCGGCATGGCCGCCCCGTCCCTCTCGGGAAGCCAGCGGCTGCAGGTCACTGCCGGCCTCGGGCACCACTTCGAGCTCCTGCCGGTTGACGAACAACGTGCCGCGGGTGCCGTGAAAGAGGATGCCGTATCCGCGTCCTTCGAGGGGGAAGCCGTTGCAGACCCGGTTTTCGTAGGTGCACACGAACGAGGGATAGCGGAACGTCGCCACGAGGGTGTCCGGCGTCTCGCGGTTGTCCCGGAGGAGCAACTTGCCACCCGAGGCCGAGACGGACTCGGGATAGTCGACCTGCATGGCCCAGTGGACGATGTCGAGCAGGTGCACGCCCCAGTCGGTCATCATACCTCCCGCATAATCCCAGAACCAGCGGAAGGTCGCCCAGCGGGTATAATCGCCCTGCTCGTTGAGTTGTACCCCGAAGCGGTTGGGGTTGAAGGCCACGCGGGGCGCGGGGCCAAGCCAGAGGTCCCAGTCGAGATCCGGCGGCGGCGCCGAGTCGGGCGGGGAGCCAATGCCGTCGGGGTAGGCATTGCTGACGTTCCAGGTCCGCACGAAGCTGATCTCGCCGAGATCACCGCGGTGAATGATCTCGACGGCCTGCTGGAAGATGGGGTTGGAGCGCTGCTGCGTGCCCACCTGCACCACGCGGTCGTACCGGTGGGCCGCCTCGACCATCTTGCGCCCCTCGGCCACGGTCAGGCTGATCGGCTTCTCGACGTACACGTCCTTGCCGGCCTGGCAGGCCAGGACGGTGTGCAGGGCGTGCCAGTGATCCGGGGAGCCGACGACGACGGCATCGACGTCCTCCCGGTCGAGCAGTGCGCGGAAGTCGCGGAAGCCGTCGGCGCCTTCAGCCCGGCGGAGCCCATAGGCCAGGTTGGGCTCGTAGACGTCACAGATCGCCGTGACCTGCACGTCCTCGAAGCCCAGCAGGTTGTTCAGGTGCCCGCGGGCCATACGCCCCATGCCGATGATCCCGACCGAGACGCGGTCGTTGGCTCCGGCGATGCGTGCGTAGCTGCGGGCCGTCATGCCCGCGGAAAGGGTCGTACCGGCGGCTCCGGCCGCCATCGTCTTGAGGAAGGAACGCCGGCCGGCGTCGTGGTGGGCCATGGGCTCGACCGTTCGATGACAGGAAAACGCACAGAAACGGGGATCATCCCGGATGACCCAGCCCGGCCAGCACCCCGCGCATGTAGGCAAACGATTGTTTCATGCCCGGCAACGGATCGTCCGGCTCGATCTCATACTCCAGGTTGGCGGCCCCCTGAAAGTTCATGGCGATGAGTTGCCGGAAGATCTCGACGATCGGCATCGCCCCCTCGCCCACGATGCACTGGCTGTCCTTGTCAGACAGATCGCGGAGGTCCTTCAGGTGCAGATCCAGCACGCGATCCCCGGCATCGGCGATGGCCTGCACCACATCGACGCCCGTCCGGGCCGTATGCCCGACGTCCACGCAGAGGCCGACGCGGGGGTCCATGTCGCGGATGACCTTCAACCCATCGCTCGGAGCCGGGAAATAGGGATCCTCCGGCCCGTGGTTGTGGATGGCAACACGGATGTCATAGGCCTTCACGAATCGCTCGACGCGGGGCATCACCTCCGGCGTCGGCGCAATCACCATGAGCGGCATCCCGGCCTGCCGGGCATACTCGAAGTACGGCCGGATGTGCTCGTCATCGTCCTCGCGCAGTGTGATCGTCCCCCCGCCGACGACCTCCAGACCCGCCGCCGCCAGCTCCTCACGGGCGGCGGCCATCTCGGCCGGGGACGCGTCATACGGGAGGTGAAACGACTTCAGGTTGATGTACGGCGTCCCGAGCGCCCGGACCATCGCAAGGGCCTCGGCCCGGCTGAAGGCTCGGAGAGAGTAGCTGGCCACCCCGAGCCGCAGGCCGCCGGTCCTTGCCCCGCGGCCCCCCCGCGCACGGGAGCCGCCAGCCCGACCGCCCCCAGGGCGGCGGTGGCCATGAACCGGCGACGTGAAAAGGTCAGTGGCATGTACGAACCTCAGAGGTGGAGTCAGGAAGCCGGCAGCTCGCGGATCTTCAGGTTGCGGAACCACACCGCGTCGATGTGATCCTGGAGGACGATGTGGCCGGCGCGCTTCTCGGCGAAGTTGGGGATGTCGCGGTACTTGCTGGCCTCGAAGGCTTCCCGGAACTCGGGCGAATCGAGGTCGAACTCCACCACTTTGACGCCGTTGAGCCAGTGCTCACCGTGCAGACCGCGGAAAACGATGCGGCTCTTGTTCCATTCCCCGACCGGCATGAGCACCTTGTCCTCCGACGGAGGAAAGATGTCGTAGAGGGCTCCAGCCATGCGCGTCGGGCCGTTCTGCGCATCGGGGTGGCCCTGATCGTCCAGGATCTGATATTCGAAACCGAGCGCCGCGTACGGCGGATCGTACGAAGTCGACATCTCTTCGGAGACGTTGTACTTGACCCCGCTGTTGCCGGCTTCGCTGATCTTCCACTCGAAGGTCAGCTCGAAATTCTCAAAGGTGTCGACCGTCATGAGATCCCCCCCTTCGAGCGGCTGCCCGTCTGCCTGAACGGGGACCTGATCGGCGGGGATCTTGTGGATGGTGCCGTCCTGGATCACCCAGTGTTGCGTGGGCACCTCGTCCCGCCCCAGCCCGCGCCAGCCGTCGAACGTCTCGCCATCGAACAACAGCCGCCAGCCTTCCGCTTCTTCGGCGGGGGTGAGCGTGTTGATGGCTTCCTCCGAAGCCTCAGCCACGGTGTCGGCCTCCCGGGTGTTCTCGGGTGCACAGGCCGTAAGGGTCATCCCCAGGCCAAAGGCCAGGATGGAAAGGGTCGCGTATCGCATGGTGCTACGTGGGCTCATGACAGGGCAGGAAACAGAACAACCGGAGGGTACCCGGAGGGCGGAACGACAGCGGCAACAGGGAAACTGCTTCGCATACGGCAGGACGCACGACGGATCGCCCCGGTGCGACCTGCCTTTTCCTGCTGCAAATGTGAAAATATTTGCCCACCCCAGCATTGTCAACCAGCCCCCTGCCGGCGTCTCCATGGGACTCCATGGGACGAGCATCCACGCCATCGGCGCATCCCGGGCCCTTCTCCGACCACGCCGGGATTTTTGGGCGGCATCCACCGCGCAATTTTAGGCGAGCTACCCTAAGTTAGCTCCGATCGCGGGCATCCGACCGGGGGCCTCTGGCGACTCCCCTCCGTACTGCCCACCCCGATCCCTGACGTTCCTCCCATACTCCAGCCGTTATGTCCACTCCCTACGAGCCTCGACCCGAGCACAAGTTCACCTTCGGCCTCTGGACCGTCGGCAACGTCGGACGCGATCCGTTCGGCGAGCCGGTCCGCCCTCCCATCTCCCCGGTGG
CP020382.1_gap23	993691	998432	4741	GATCGCGTGGGGTCCGGCTCCTCGGCGAAGGTGGTCAGCCCCAGGTCCAGCATGTCCCGCCAGGGGCCGAGGTGGCGCAGGTACTCCGCGGCCTGCCCCGCCTTCTTCATGGCCCGCGTAACGTAAAACCGATAGTAGTAGGTGGTCTGGACGAGCGAGGTATCGGAGAGCACGCGGTGCATCACCTCCGGTTGCCGGGCCAGCGGAATGAGGTCCGTCAGGATCGCCATGGCGTTGGCGTGCTGGCTGAAGACCGTCTGCTCGGGGGTGTCGGCCAGCAGCCCCCGCTCTTCGTTCCAGGCGAGCCGGTAGGTCGCCTCGCCGAGCGAGGCCGCCCGCTGCCGGTAGTGCGCCGCCTCCTCGCTCCGCCCGAAGGCCTCGGCCAGGTCGGCGGCCATGCGAAGCACGTAGATGTACTGCAGGGTGACCACGGTCGAGTGGCCATCGTCGGCACCGGGAGGCACCCCGCGCGGGTAGGCCCAGTCGACGAAGTTCCACCAGGGCATGGGGCCGAGCATCCCGGTATCGTCGATGTAGCGTTCGTACCATTCCAGCACCCCCCGGATGCCCGTCAGGTACCGCGCGACAAAGTCGGTATCGGGGCGATGCATCCAGTAGTCGTGGATCATGGCGATCCACAGGAGGGAGTAGGGCGGGATGTACTGCTCCTCCCAGGCCGGGGCGCGGCTCTCGGTGAGGCCGTCGGGCATGCGGGAGTCGTGGAAGTGCTCGATGGCCTTGCGCATGAGCCGGTCGTCTCCGGCCACGTAGAGAGAAATCAACGCCTGGATGCGCGTGTCCCCGGCGTACTGGAGCTGCTCGTAGTAGGGGCAGTCGAAATACGTCTCCCCGGCGCAGAGCCGAGCCGTACGCCAGGAGACGTCCCAGATGTCGCGCAGGCTGTCGTCGCTGCCGGCGAACGAGGCCCGCTGCTCGAACGGATAGGCCGTGAAGAGGCCGTGCAGGTCATGCAGGAGGAGCGGCTCCGCGGCCGTCTCGATCTCGACGCGCAGGTAGCGCCAGGTGCGCCACCACAGCGTGCTCATCGTCCGCTCGGCGCCTCCATCCAGCACGAAGCGGTCCTGATAGCCATAGATCGCCTTGCCCTCGATGTCGTTGCGGTTTCCCTTGCGTCCGCGCTCGTCGAAGAGCGCCTCGGCATAGGTCAGCGTGACGGTGGCATCGCGCCCGCCGCTGGTCCGCAGCACGGGATATCCGGTGGTCAGGTACGTCTGGTCGAGCAGCAGGGAGACGCGGGAGCCGGCGGGGATCTCCAGCGGGCTCGTGCCGGACAGGAAGCCCTCGTGCACCGCCATCCCCTCGCTGCGCCGGATGACCGGTATGCGCTGCAGGCGCTCCTCCATCGGCGGGATCTCGCGGGGGATCAACTTCCAGGCCAGGTAGATGTCGTGATGGTGCCCCCACTTGGGCACGGCCCCACGCAGTTCCAGGGCAGGCTGCCAGCCTTCGTCCTCGTCCTCTCCGGCAGTCCAGCCCCAGGGATAGGCCCGCGCGTCGAACGCCTCACCGGGGCCCACGACGATGTAAGGGCGCCAGGGAAACCCGAGCCGGCTGCGGTCGACGGGGATGGGGGTATGGGCGCGGCTCTGCAAGACCTGCCACCGCGCATCGGTGTTCACGGCCGATTCCCGTTCGGTGTTGCCCTGCAAGGAGAAAGGCCGTCTCGCGGGTCCACTGCGCCACGGGGCGATGCTCGGCGTAGTTCCAGACCACGGCCGCCAGCACGTTCGTCCCGGGCCGGAGGTAGGGCGCCAGGTCCACCGTCTCATACCGCCAGTTCTCGATGTCGCCCCGGGCCGGACCGTGGCTGACGGACGTGCCGTTGACGTACAGCCGGTACCGGTTGTCGGCCGATACGTGAACCACGTACTGCGCAGGGACCGTTTCCAGGTCGATCGTATGCCGGAAAAAGAACACACCGTACGCCGTGCGGTCGGCCGTGGGATGGGAGATCCAGCGGGCCGTCCAGGGCTGTTCGAGCAGGGCCCGGTCGATGAGCGGGGACGGCTGGGCGAGGCTGCCGGAGGCCGTCAGAAAAAGCAGGGCGAGGAGGCCGGCGGCGGGCTGCCACCGGGGGCGCAGCAGCGCCCGTGTCGTAGAGATCATGGAAGCAGGTGCGTTCGTCATCAGACCGGGACACGCTTCAAAGTAGGGGCCGACTGGGGGGGTGTCAATCCGCACGAAAGCCCCTCCACAGGAGCGCCCGTTCCGGCTTGACAGCGGTGCCCCCTCCGGCTAGATTGGGGCCACTTCGCTCCCCCCCACCAGCCGCCTCTGCCCCCTATGGATCAGGTCACGATCGGCGACGTTGCGGCACGCGCCGGCGTTTCCAAAGCCACCGTCTCGGCCGTCATCCACGGCCACGCGACGGTCCGGCATGAGGTCCGGGAGCGGGTGCTGGAGGCGATGGAAGCGCTCAACTTCCCCTTCGACCAGTCGGCCCACGAGCTGCGGTTGCGGCACCTGCGCAACCCGCGGCGGATGAACGCCATCGGGCTGGTGATCCGCAAGATGGACAATCCCTTCTTTGCGGAAGTCATGCAGGGGGTGCAGTCGTACGCCACCGATCACGGCTACACGCTGCTGGTGTCCAGCTCCGAAGGCCATCCCCACGCGGAGCAGAAGATCGTCAGCACGTACCGCACCCACGACGTCGACGGGCTGATCCTCGCTCCGATCGTTGCGGACGCCGAGGAGCACGGGCACCTGCAGGAACTCATCGAGGACGGCTACCCGGTGGTGCTGCTCGAAGCCGTGCCGGGCGTTACGACCAACCTGATCCGCATCAACCAGGAGGAGGCGTCGGCCGCGGCCACGCGGCACCTGATCGAGCTCGGCCACGAGCGCATCGTGCACTTTGCCGGACCGGTCTACACCACGCACAGCCAGCAACGCATCCGGGGGTTTCGCCGGGCGCTCGAAGAAGCCGGCCGCCCCTTTTCGGACGACCTGATCGTGCCCATCGGTGCCCACCTGCGGGACGGCTACGAGCGCGGGCGCCGCTACTTCCGGCGCTACCCGCCCGCCACGCGCCCGACCGGGGTGACGTGCTTCAACGACCTCATCGCGGTGGGGCTGCACCGGGCCCTGCTGGAGCTGGGCCTGCGGGTGCCCGACGACGTCTCGATCGTCGGCTACGACGACATCGACCTGATGGCGTACCTGCCGGTGCCCTTCACGACGGTGCACAGCCCGAACCGCCAGCTGGGCTATCGCGCCGCCGAACTCCTCATCCGCCGCATCGAGGCCGGCAGCCGCTTCGAGCCGCAACACCTGGTGCTCGAAGCCACCCTCATCGAACGGGCCTCCACCGGCCCACCCCCTCCCCGCTCGTAACTGAGCGCTTTCGTGTGACCTCTTATTTCGTGTGACCTCCTATGACGTATCTGCTCGGCATCGACGTATCCACCACGGCCACCAAGGCCCTCCTGATCGACGACACCGGCGAGGTGGTGGCCGTCGCAGCCACGGCTTACGACTTCGACACGCCCCGCTCGCTCTGGAGCGAGCAGGACCCCACCCTCTGGTGGAACGGGGCCGTCCGCAGCATCCGCGCCGTCCTGGACCAAGCCGCCATCGACCCGAAGGCCATCGCCGGCATCGGGCTGACCGGGCAGATGCATGGCCTGGTGCTCCTCGACGAACGCGGGGCGGTGCTGCGCCCGGCGCTGCTCTGGAACGACCAGCGCACCGGAACGCAATGCGATGAGATCCGCCGCCGCCTCACGCGCGAGCGCCTCATCCAGATCACGGGCAACGATGCCCTCACCGGCTTCACAGCCCCCAAGATCCTGTGGGTCCGAGAGGAAGAGCCCGAGGTCTACGCCCGGATCCGCCACATCCTGCTCCCGAAGGATTACGTGCGCTACCGGCTCACGGGCTCGCTGGCCACCGATCGTGCCGGTGCCGCCGGGACGTTGCTCCTAGACATCCGCACGCGCGACTGGTCCGACGAGGTGCTGGAGGCGCTGGAGATCCCGCGCGCCTGGCTGCCGCCCACGCACGAAGGCCCGGAGATCACGGGCACCATCAGCGACGAGGCGGCCCGGGCCACCGGGCTGGCGCCGGGCATTCCCGTGGTAGCCGGCGGGGGCGACCAGGCCGCGCAGGCCGTCGGCGTCGGCGCGGTGCAGGAAGGCGTGGTGGCGCTGACGCTCGGCACCTCGGGCGTCGTCTTTGCCAGCGCCCGGGAGCCGTTCATCGAACCCCGGGGACGGCTGCACGCCTTCTGCCATGCCGTCCCCGGCCGGTGGCACCTGATGGGCGTGATGCTCTCGGCCGCCGGGAGCCTGCGCTGGTACCGCGACACCCTGGCCCCCGGCATCGGCTTCGACGACCTGCTGGCGCCGGCCGCCGACCTCCCGGCCGGCAGCGAGGGCTTGCTCTTCCTGCCCTACCTGACCGGCGAGCGCACCCCCCACCCCGATCCGCTCGCCCGGGGCGCCTTCGTCGGGCTGACCGTGCGCCACACGCAGCCGCACCTGACGCGGGCCGTGCTGGAGGGCGTCGCCTTCGGCCTCAACGACAGCTTCCGGCTGATGCAGGAGGCCGGCCTGCCCCGCCCCGAGCAGGTCCGTGTATCAGGGGGAGGCGCCCGCAGCCCGCTGTGGCGGCAGATCCTGGCCAACGTCCTCGATGCCGAGCTGGTGACCGTCAACACCACCGAGGGCGCCGCCTACGGCGCGGCGCTGCTGGCCGGCGTCGGCGGCGGCGTCTGGCC
CP020382.1_gap24	1003346	1004434	1088	AGCGGCGTGCCGTCCGCGGCCCCGATCAGCGTCGTCCCGCCCGGCACGAAGACCATACCGTCGGGAATCACCACATCGTCCGGCGGCGCCGGCAACGGCCCCTCCACCACCGGCACCGTCGGCGGCGCAGCAGGCACAGCGGGCGCAGCGGGCCGGTCCGCCGCCGGCTCGGAACGGCAGCCGCACACCCCGAGCAGAAGCAAACCGAGGGTGAGCCGCATCAGACGTCTCAGAGGCATGACACCGTGGGGAAATACGATCGAGGTGGGATACTCGCCAATATAACCCCGTCGGGAGTCATTGGGAATGGACCCTGAGGAAACCGGGTGGGCGATGGCGCCATCCCGAAAAAAACGGGAGTTCGGGGCAGGTCATCGTGATCCAGCACACGGTCACCTGTGCGCGTCATTCTCGTCATTCCCGCGAATGCGGGAATCCAGGAAAAGGCTTCCACGCTTCAGACCGGGATGGCAGGGATCCCGGATCCCATCCGGGATGACCGAATGAGAGCGAAACGGGTGCGTTGTAGCCATATTCTATCCCGAACCGACGACAAAAAAGAAGCCCGGCCACGAGGGCCGGGCTTTCCGAGCGTCACCCAAACCCCCTGCGGAGGTCACGTAGGGGCCTGGTGCTGGTTCGTATCGGCGACTCCACCGGGAGATTAAGGAGCCCCCGCCGATTTCAGGCAGGGGGGGCGAGGCTGCCGCCCAGTGCCGCCATCCACTCGAGGGCGTAGACCCCCGCCAGCCATGCCCGTCCCGGCCTCCAGGACGACGCCTCCACCACGACGATCGTGCCGGGCTCGATCACCACCTGCGCACCGGTGGCCTGATACGTCCAGACGCCCAGCAACGGCTGGTGGCCGACCGCCCAGACGTGTTCGACGTCGTCTCTCCCCCTCAACGCCGCCGACAGATCCTGCGGCTCTGCATCCGGCTGCAGCGCGGCTTCCGGCTCCACCGCACAGCCCAGCGCCGCCGCCAGCCTGTCCGCCGTCTGCATCGCCCGGCGGTAGGGGCTGCTCAGCAACAGATCGGCTTCGGGCGAGAGACGACGCAAGGCGGCCGCCTGATCCTGTACGAGAC
CP020382.1_gap25	1069850	1070988	1138	CAAGGGCATCCTCGACGATGCCTCCACGGGCGTCTTCAACGGCAAGGTGCTCGTCCGCCAGGATGCGCAGCAGATCAACGCCTACCAGTCGAACAAGAGCATCGTGCTGAGCGATGCGGCGCAGATGTACTCCAAGCCCGAACTGGAGATCTATGCCGACGACGTGCGGTGCAGCCACGGGGCCACCTCCGGCCAGCTCGACGAGGAGGCGATGTTCTACCTCCGGGCACGCGGCATCCCGCCGAAGGAAGCCCGGGCCATGCTGCTGATCGCCTTCGCCCGCGACGTGCTCGACACCATCGAACTGGACGTGCTGCGCACGTACCTCGACGAGCGGCTGGACGCACGTTTCCATAGCTAACCCGGTGCCACCATGCCTGCCCCCGGCTCTCCCTCCCTGACGGCCCCCCCGCTGGACGTCGATGCCATCCGGGCCGACTTCCCGGCGCTCCATCAGACGCTCTACGACGACCGGCCGCTCATCTACCTGGACAACGCCGCCACGTCGCAGAAGCCGCAGGTGGTCATCGACCGGGTGCGTGACTTCTATGCCCGGGAGAACAGCAACATCCACCGGGGGGTGCACTACCTGAGCCAGCAGGCCACCGAGGCCTACGAGCAGGCCCGAGAGACGGTGCGCCGCTTCCTCAACGCCCGCCGCCGTACGGAGATCGTCTTTACGCGCGGCACCACGGAGTCGATCAATCTCGTCGCCGCCACCTTCGGCCGCTCCCGGCTGAAGCGCGGCGACGAGATCGTGGTCTCCGCCATGGAGCACCACTCCAACATCGTCCCGTGGCAGATGCTCTGCGAGGAGCGTGGCGCCCGCCTGCGCGTGATCCCCGTCGACGACCGCGGGGAGCTCGACGAGGAGGCCTACCGGCGTCTGCTGACCGAGCGCACGAAGCTCGTCGCCCTCTGCCACGTCTCCAACACGCTGGGCACCATCAACCCGGTGCGGCGGATGATCGCCGACGCCCACGGCCTCGGGATCCCCGTCCTGCTCGACGGGGCGCAGGCGGCCCCGCACCTGCCCGTGGACGTGCAGGCCCTCGACTGCGACTTCTACTGCTTTTCGGGCCACAAGGTCTTCGGCCCGACCGGCATCGGCGTCCTCTACGGCAGGGAGGCTTTGCTC
CP020382.1_gap26	1129561	1133053	3492	AGGCAGAGCAACACATGCAGCACCTTGGGCTCTAAGCGGACGGCTTCGCCCCCTTTCGTAGCTCGGTTCAGGGTTGGCTCCACCAGCCATTCACCCACCCAGAACGGCTCTGCCTCACGCAGATACTCCGGCTCCATACCTCGACGTCGCTGGAAAACGAGGAGATCTACCCACCTCTCTGCCCCGGTTCCTTCGGGTCGTCGAAACCGGGGTCAGCTCCCGAAGCAGCCCTTCACACCCGTCGTCCTCATCCTGGCCGGGAGCCGCTGTCTCGAATATCAGGGTTTATCAGCTATTAATCAGGAAAAACACAAGCTACCCTCAAAAAACAGCGGGTTTGCCCACGTTGATTATACGTGCGACACGGCGGGATGCCGGGTGCCGGGGTCGCCGATGTCGCATCCTGAGAGAGTTTCCCCGGCCCCGCTCGTTTCCTTACCCCACTCACCAAACTCCCTTTCACCGCCATGCACACCATCATCATGCATGCCCCCCTGGCAAACCGTATGCGCCACGCGGTCCTGCTCTTTGTCCTGAGCATGATGCTGTTGGGATCCATCGTATGGGCACATCCCGCACAGGCTACCGAGGGCGCCGCGAAGCTTCCCGTAGCACTCCCCATCCAGCCCGCTGATTCGAGCAGCATCATGGGCTGGCTCAGCGATAACCCGGCCTTTTCTCGTCTGGTCGATGCACTGGAAACCACCGGCCTTGACATGATGCTCGACACCGAAGGGCCGTTTACGCTGTTTGCCCCGACGAACGAGGCCTTCGATGCCCTCCCCGCAGACCTGGAGGAGCAGCAACTCGCTGACCTGCTGCGCAACCACATCGTAGCCGGTAAGCTGACCGCAGAACAACTCGCCTCGGCCGGGACCGTTAAGGCGGTAAGCGGACACTCGCTCACCGTGAGCGGAGATCAGGTCGCCGGCGCTTCCATCGTAGAGGCAGACATCCAGACCGCAAACGGCGTAATCTTCGCCATCGACCAGGTGATCACCGGCGGTCGATAAACGTCCTGCCTGTGATCCTTCACATAGATCCGTCATCGGCCGAACATGGACCGCCGGCATGGGAGCCGGTAGGCCGGTCCGGTCGATGGCGCACCCCGCGCGGGCGTCTCTTTCGAGAGGCGCCCGCGCGGCATTCTGAGTCGACCCGAAGCCCCGTGCCCCTCCTAACGCACCACCGCCCCCGGCTCGGCGTCGGCGGTCAGCGGGGCGAGGCGGCCGTCGCGGTCCTCGGCCATGAGCAGCATGCCCTGGCTCTCCAGCCCCATCATCGTGCGCGGGGCGAGGTTGGCCACGATCACCACCTGCTTGCCGATGAGCTCGCCGGGAGCCAGGTGCTGCGCCACCCCGGCCAGCACCTGCCGCTGCTCGAAGCCGAGGTCGACCTCCAGCCGCAGCAGCTTCTTCGACTTCGGCACCGGCTCGGCCGCCGTCACGCGGCCCACGCGCAGATCCAGCCGGGCGAACTCCTCAAACGTGATCGTATCCCGGAGCGGTTCGTAGGGCACCCCGGGCTCGTCCGCCGGGGCAGAGGTCGGGGCCGATCCCCGCAGCCGGGCGATCTGGGCCTCAATCACGTCGTCGTCGATCTTCGAGAAGAGGATCTCCGCCTTCCCCAGCGCGTGCCCGACCTCCAGCAGCGGCCGGCCGGCATCGTCCCAGCCGAGGGCCTCCGCCTCGGCCTCGCCCGGCAGGCTGGAGCGCACCCCCGTCAGGTTCAGCATGGACCGCAAGCGCCCGGCGGCAAACGGCACCACCGGCTCCATCAGGATGCCGAGCGCGGCGCAGAGCTGCAGACAGACGTGGATGGTGTTGGCACAGGCCTGCGGATTCGTCTTGCGGGTGTGCCACGGCTCCGTGTCGTTGAAATACTTGTTGCCCAGGCGCGCCAGGTTCATCGTCTCGAAGACGGCCTCGCGGAAGCGAAACTGCTCGTACGAAGCCCCGATCTTCTCCGGGAACGCCGCGAGCTGCGCCAGCACCTCACGGTCGGCGTCGGCCGGCTCGGTCAGGGGCGGCACCCGCCCGTCGAAGAAACGGTGGGCGAAGGTCATCGTGCGGTTGACGAAGTTGCCCAGGATGTCCGCCAGCTCCGAGTTGACGCGCGTCTGGAAGTCTTTCCAGGAGAAGTCCGCGTCCTTCGTCTCCGGGAGCGTCGTCGCCAGGGCGTAGCGCAGCAGGTCGGGCGGGAAGTCCTCCAGGTATTCATGAAGCCAGACGGCCCAGTTGCGGCTCGTCGAGAGCTTCTGGCCCTCGATGTTGAGGAACTCGTTGGCCGGTACGTTCTCGGGCAGGACGAACTGGCCGTGCCCCATGAGCATGGCGGGAAACATGAGGCAATGAAAGACGATGTTGTCCTTGCCGATGAAATGAATCAGCCGGGTCTGCTCGTCCTGCCAGTAGCGTTTCCAGCGCTCGGGGTCTCCCTGGCGGGCGGCCCATTCCTTCGTCGCCGAGATGTACCCGATGGGCGCATCGAACCAGACGTAGATGACCTTTCCGCGGGCCTCTACGCCGCGGGCCTCGGCGACGTCGGCGGGGACGGGGACGCCCCAGGGCACGTCGCGCGTGATGGCCCGGTCCTTCAACCCGTCGCTCAGCCAGCTTTTGATCTGCCCCAGCACGTTCGGCTTCCATTCCGGGTGCGTGCCGATCCACGCCTCCAGGCGCGGCTGGAAGTCGCCCAGCGGGAGGTACCAGTGGGTCGTTTCGCGCAGGACCGGGGTGGCCTGCGTCAGCGCGCTGCGGGGGTTGATGAGTTCGGTGGGGCTGAGGGACGATCCACAGCGCTCGCACTGATCGCCATAGGCCTCCTCGTAGCCGCACACGGGGCAGGTACCCCGCACGAAGCGATCGGCCAGGAAGATGCCGGCTTCGGGATCGTAGAGCTGCTCCTCGGTTTTGAGTTTGAACAGGTCCTGCTCGTCGAGGCGGCGGAAGAAGTCCTGGCTCGTCTGGGCGTGCGTGGGGGAGGTCGTCCGACCGTAGTAGTCGAAGCTCATGCCGAAGGCCCGGAAGCTGGCCTCGATCATCGGGTGGTAGCGATCCACGATGGCCCGGGGCGTGGTGCCCTCGGCCAGGGCGCGCATGAGGATGGCCACCCCCATCTCATCGGAGCCGCAGACGAACACGAGGTCATCCCCCGTGAGCCGCCGGTAGCGGCAGTAGAGGTCGGCCGGCAGGTACGCCCCGGCCAGATGACCGATGTGGATCGGCCCGTTGGCGTACGGCAGGGCCGCCGTCACGAGCGTACGGGTAAACGTCTTCTCCGGCATGCTGATGGCGAGGTTCGATCAAAAAAAACAATCGGTGGCAAAGCGGGGAATATAGCACAGCCACCCGCCTCACGGAGGCCCCCGGACGCATCAACGCCCACTCCGTTGCGCCTTCACGGGTTCTTCCCACGGCGACGCGCTATATTTTCTCGGTTTCGCACCCGCCACCCGCTATGCCCCCATGCCCTCCTCCGACTTCCCCCCCG
CP020382.1_gap27	1134146	1138177	4031	CATGCTCGTCGACGAAGGGGCGACCGCGATCACCCGGGGGCGCCACGCCGGGGAGCATCACCTGGAGATCGCCCGGGAGATGTTCGAGTCGGTGGGGCGGGTGGAGATCGTGCCGGAGTATTTGATGGATGCCGTCACGGGGCTCTCGGGCAGCGGGCCGGCCTACGTCTACATGTTCATCGAAGCCCTGACCGACGCGGGCGTCAAGCAGGGGATCCCCCGGCCGACGGCCTTCCGGCTGGCGGCGCAGACCGTCTACGGTGCGGCCAAGCTGGTCCTGGACACGGGCAAACACCCGGCCATCCTGCGGGACGAGGTGACCACGCCCGGCGGCACGGCCATCGCGGCCGTGGCCGAGCTGGAGTCGCACGGGCTGCGCACGATGCTGATCAACGCCGTCGCCACCGCCACCGCCCGCTCGAAGGAACTCGCCGGCAACGACTGAACGGCGTGCGGGCTCGGGGCCGATGCGCGTTTTCCCTCTGGCCCGGACCCTCGCACTCATCCCTCCTTTCCATGGTCACCATCATCGATTACGGCATCGGCAACCTGCGTTCCATCGAGAAGGCCTTCGAGGCCGTCGGGGCCGCGGTGCTGCGGACGGACGACCCGGAGGCCCTTGCTCAGGCCGAGCGGGTGGTGCTGCCGGGCGTCGGCGCCTTCGGAGCCTGCGCTGACGAGATCCGCCGCCGGGGGCTGGAGCAGCCCATCCGGGACGCCGTCGCCGCCGGGAAGCCGTTCCTGGGCGTGTGCGTCGGGATGCAACTGCTCTTCGAGGTCAGCGAAGAGATGGGCGCGCACCGCGGGCTGGGCCTCCTGCCGGGCCGGGTCGTCCGCTTCCAGGGGGCCTACGAGCCGGCCTCGGCCGCCTGCACCGCCGACGACGGCTCGGCCGGACCCGTCGAGGCCGACGTGCCGGTGCTCAAAGTCCCCCACATGGGCTGGAACACCGTGGCGATCCAGCGGGAAGCCCCCCTGCTCCGCGGCCTGGACGACGGGGCGTATTTCTACTTCGTACATTCCTACCACGCCGCCCCCGAACGGCCGGAGGACGTCCTGGGACTCACCACCTACGGCGTGCCGTTCCCGGCCATCGTGGGGAGGAACAACGTCTATGGGGTCCAGTTTCACCCCGAGAAAAGCCAGCGAAACGGGCTCCGTATCCTGGAGAACTTCGCGGCGATGACCACCTGACCCCCATCGACACGCGTATCACGGGCAGCGGAGGCGACGACCTTCCTGCCCTTTCTTTTGGGCCCCGGCCCCACCGGACAGGCCCGCATCCGCTCCCCTGCTTATGACTCTGGTCATTCCAGCCATCGACCTGCGAGGCGGCCACTGCGTACGGCTCTATCAGGGGTCCTACGAGGACGAAACGGTGTACTTCACCGACCCCGTCAAGATGGCCAAGCTGTGGCGCGTCCAGAACGCCCGCGTCCTGCACCTGGTCGACCTAGACGCCGCCCGGGGCGGCGCAGACGACAACCGCCCGGTCATCCGGGAGATCTGCCAGGCGCTGGACATCCCCATCCAGCTCGGCGGTGGCATCCGCACGATGGACGACATCGACGCCGCGCTGGAGGCAGGCGTCTCGCGCGTCATCCTCGGCACCGTGGCTGCGCGCGAGCCCGAGTTCGTCTCGGAAGCCATTGCCCGGTATGGCTGTAGCCGCGTCGTCGTCGGCATCGATGCGCGGGACGGCGAGGTGCGCGTGCAGGGATGGACCGAGGGCAGCGGCCTGGACGCCGTGGAGATGGCGCTCGACATGGAACGGCGCGGCGTGCGGCGGATCGTCTACACCGACATCAGCCGCGATGGCACGCTCCAGGGGCCGAACGTCGACGCCTACCGTTCGCTCGGCGAGCGCCTCCAGAAGGCCCGCATCACGGCCTCCGGCGGGGTGGGTGGCTACCGCGACCTGCTCCGCATCAAGGAGCTGCAACCCTACCGCGTCGATTCGGTCATCATCGGCCGCGCCCTCTACGAGAACCGGTTCCCCTGCCAGCACATCTGGTGCTGGCACCACAAGGACCACGTCGACCTCGACCGGTACTCCACGGCTCCGCTGAAGACGGGCCTCCAGCATCCCTGCTGACCCCCGCCGCCGTGGCGCTCCGCCGCCGTGCTCCCCCCCGGCTGCCGTCCCGCTCCGCAACGCCTCGTTCCGCCATGCTCGCCAAGCGCATCATCCCGTGCCTCGACGTCGACCAGGGTCGCGTCGTCAAAGGCGTCAACTTCGTCGACCTGATCGACGCCGGCGATCCCGTCGAACAGGCCCGGTTCTACGACGCGGCCGGGGCAGACGAACTCGTCTTCCTCGACATCACGGCCACCCACGAGGGGCGCGGCATCATGCACGACGTCGTCCGCCGCACGGCCGACCAGGTCTTCATCCCGCTGACCGTGGGCGGCGGGCTGCGCACGCTCGAAGACATCCGGGCGATGCTCCAGGCCGGGGCGGACAAGGTGTCGCTCAACTCGGCGGCGCTGAAGCATCCGGAGATCATCACCGAGGGCGCCGAGGCGTTCGGCTCGCAATGCATCGTCGTCGCCATCGACGCCAAGCGGACGAGCGACGATCCGCCGCGCTGGGAGGTCTTCACCCACGGCGGGCGCCGGGGCACGGGCATCGACGCGGTGGCCTGGGCCGTGGAAGCGGAACGCCGCGGCGCCGGCGAGCTGCTGGTGACGTCGATGGACCGCGACGGCACGAAGGACGGCTATGACCTGGATCTGCTGCGGACCATCAGCGAGCGCGTACGGATTCCCGTGATCGCCTCGGGCGGTGCGGGCACGCTGGAGCACCTCCGGGACGCGCTGGTGCAAGGGCAGGCCGATGCGGTCCTCGCCGCGTCGATCTTCCACTTCCGCACCTACAGCATCACCGAAGCCAAGCAGTTCCTGCAGGAGGCCGGCATCGCCGTGCGGCCGGCTCCGATCCCCGCCTGACCTCCGGGACGATGACGACACACAATAACCCCCGGCTTCCGGCGTTGATGCTGAAAGGCGCAGCCGGGCTCCTGGTGCTGACGGGCCTCGGGCTGCTGGCATGGCTCCTGGACAAGACCCTCCTGCACCCCTGGGAACGGGTGGCGGACGACCTGGTGTTCTGGGTCCCGTTCGTCGCCACCATCCTGATCGGCGTCGCGGCGCTGGCCTACCTGTTCACCCGGGCCGCCCGCCGCGTCGAAGCCGGGGAGGACCTCTTCGCCCATCGCCACCGCCGGCGCCCCGAGCCCTCCTCCTCCGACTAGCGAGGGGCGGCCCCGGGTGCGGCCCGGCCTCGTGCCGGCGTTCCGCTCACCCGTCCCACGGAGGTCGCCCATGGCTCACCCGTCCACATCCACCTGGCTCGTCCCACTCCTGGGCCTGACGGCCCTCGGGCTGTTCCTGCTGAACTTCAGCATCTACCTGGACCGCCTGCTCGCCCCGTCGCCCCCGGTGCGGCTCATCGACGTCGAGCGGCGCATCCCCCCGCCCCCGTCCCACCGGACGAAACCGCCCCTACACCGGCCTCACCGTCCGGCGCCTCCGCCGCCACCCCTCCATCCGGCCCCGAAGCCGCCACGGCCGGATGCCCCCGACCGCCTCGATGCCTCGGCCTGGCACAGCGCCGCCGCCCGACGCCCACCGGACGTCCCCGTAGCGAGAAGCCCACAGCCAGCAGCTAGCAGCCAGTGTAGCATCCCTACGCGCCGGAGCGTAGGTTGAGTACGGTTTCACACGTCGACGTTCCGGGGCATGCTCACCTGCCAGAAGCACCGATTCTCTCTGCCGGAGGATCTGCACTACCTGAACAGCGCCTACATGTCGCCCCTGTTGCGGCAGGTCGAGGCCGCCGGCATCGCCGGGATCCGGCGCAAGCGCAATCCGGCGACGATCGACGCCGCGGACTTCTTTGAGGAGAGCGACCGGGTCCGCGAACGGTTTGCGGCGCTGGTCAACACGCCGGACCCGTCCCGCATCACCCTGATCCCCTCGGCGTCTTACGGGCTGGCCACGGCGGCGCAGAACCTGCCCGTGTCCCGCGG
CP020382.1_gap28	1158758	1162083	3325	TCGCCTCCCTCTCGGCCGATGCCGACCTGACCGTGCTGGGCTTCGACCTGGCCGGGCTGCGGGAACGCCGCGAGGAGGTCTTCCTGAGCCACCCCTCGCTCAAGGACGTGCTCTACGTCCACGCCCCCCACGAGATCACGATCGACTGAGCGGCCTGCCTCCCGGCCTGCCTACTTCTTCTTGAAGACGGCCCGCCACCCGGTGGGCGCGAAGGCCCGCGGGCCGGACCGCGGCTTCGCCGAGGTCATGCGGACGTCGTCGACGATGTAGAAACTGTCCGGGTCGAGGTTCGTGACGACGCGCAGCACGGCCGGCACCTTGCGGCGGTCCGTCTGGAGAAACAGCATGTCGATCGGCCCCTGCAACCCGGTGGCAGCGAACTCGGAGACGACGAACTGCTGCTCGCGCAACCGCTCGGCGATGGCGTGGGCGTTCCGGCTGAAGATGCGGACGACCTGCTTGCCCGGGGCCATCCAGCCCTCCAGGGTGATGCCGATGTAGTTGCCCAGCGCGAACCCCAGGGCGAAGCTGACGGCGTAGATGGGCTGGGTGAGGTTCTTGATGACGCTGGAGACGACGTACACCCAGATGAGGCTTTCGACGAAGCCGATGCCGAAGGCCGCCCCCCGGCGGCCCTGGATGATGAACATGGTGCGCATCGTGCCCAGCGACACGTCGGCCACGCGGGCGCAGACGATGAGCAGCACGGTGCCCAGAACGCCGAGGTCCATGGCGAGCCGAAGGGCTGGTGGAGAAAAGACACCCCTGCACCGGTCCGGAGCGCCCGGCAGGGCGTCCGCAACCCGGCGCCCGGTAGGTATCGCCCCCCCGGCGTAAGATCAAGCACCCGGCGGCGAATATCGCGGAATCTTCAGACGGCGGCCGGCGTGCCCTCCGGTTCAGCGGGCCGGCTCGGCGGGCGCCCGGTACACCACGTCCCCGCCCAGGATGGTGTAGACCACCTCGGCCTCCAGGATCTCCTCCTCGGGCACCGTCAGAATGTCCCGCGAGAGCACCACGATGTCGGCCAGCTTGCCCGGCGTGAGGCTCCCCTTGCGGTCTTCCTCGAAGGCGGCGTAGGCGTTGTTGAGGGTGTACGAGCGCAGCGCCTCCATGCGCGTAAGCGCCTGCCGGCCGTAGAACACCTCGCCGTCGGGCATGCGGCGGGTAACGGTGGCGTAGAAGCTGGCGATGGGGTCGATGTCCTCGACCGGCACGTCCGTGCCGTTGGTGACGACGGCCCCGCTATCCCACAGGGCTCGCCACATGTAGGCCCCGCTTTCGGCGCGTTCGGGGCCGAGGCGTTTGAGCACCCACGGTCCGTCGGAGGTACAATGCACGCCCTGCATCGAGGCGATCACGCCGAGGCGGGCGAAGCGGGGGATGTCGTCGGGGTGGAGGTGTTGAGCGTGCTCGATGCGCCAGCGCAGGTCCGTCGAGTCCGGGTGCGCCGTGAAGATCTGTTCGTAGAGGTTCAGGATCTCGCGGTTTCCGCGGTCCCCGATGGCGTGGGTGTTCACCTGGAAGCCGTGGCGCAGGGCGATCTCGGCGGCCCGCCGGATCTCGTCGAGCGGTTCCAGGACGAGGCCGGTGCTGGAGGGCAGGTCCCGGTAGGGCTCCAGCAGCCAGGCCCCGTGCGGCCCCAGGGCACCGTCCACCTGCCGCTTGATCGAGCGCACCGTGAGGAAGTCGTTCCCGTAGCCGATCAGGCGATAGCGGGGCAGGCGCGCCTCCAGCTCCTCCGGCGAGGCATAGCGGACCATCACGTAGAGGCGAACCGGCAGCGCCCCTTCGTCGGCCAGGCGGCGGAACAGGTCGATGGTTTCGAAGGACGCGCCGGCGTCGTGGAAGGTGGTGATGCCGTGGGCGAGGGCTTCCGCCCCGGCCAGGCGCACCTGCTCGCGCTGTTCGGCCTCGAGTTCATCGGGCGTCATCTGCTTGCGCGCCTCGCTGAGGGCCATCCGCACGAGGCCCTGCGCCTTCTCGCGCAGCAGACCGGTAGGACGCCCGGCGGCGTCGCGCACGATCTCGCCCCCCTCGGGGTCCTCCGTCTCGGGGCTGATGCGGCCCAGTTCCATCGCCCGGGCGTTGGCGAAGGCGGCGTGCCCGCTGGCATGGCCGAGCAGCACCGGATTGTCCGGCGAAACCGCGCTCAGGCGGTGGTGCGTCGGCACGCCCTCGACGGCGCCCTCGGGGACGGCCTCCCACTTCTCCTGGTGCCATCCCCGTCCGAGGATCCACTCGCCCGGCTCGGCCCGGGCGACGGCGGCCTCGACCATCGCGACGATCTCGTCCCACGTGCGGGCTTCGGTCAGATCCAGGATCATCTTGCTGTTGCCCAGCCCCATGAAGTGGCCGTGGCCTTCGATGAACCCCGGAATCGCCAGCCGCCCCTGCAGGTCGAGCACCTCCGTGTCCGCGCCGATCCAGGGGCGGATCTCCTCGGCTGTCCCGACCGCCGCGATCCGCCCGTCGACCACCGCCAGAGCCTCGACCTCCGGGCGGGCATCGTCGACGGTGACGATCTTGCCGTTGATCAACACGAGGTCGGCTGCGGGGTCGCCGCAGGCGGCGAGGCCGATACCGGCGCAGAGCCCCACGATCAGGGTGCGTAGCAGACGGGCATGCATGGTGTCAGGGCGTCGTTGGAAGAGCCAGGGAGAGCCATCGGAGCGGGCAGTCTGCCGTGCTCTACGTCCGGCCCGCCCCGAGGCTCCCGAGCGGAGGACGATGGCCGATGCTCGCCAGACGCACGGGCCACCGTGTCCCCCCCGCCCTTCGCACGTCGTCCGTGCTCCCTTCAATCGCCCTCTCGCCGCGCCACCAGCAGCACCGACACCCCGGCGGGCAGGCCGGCGGAGGCGACGCGGTGCCGTTCGGAGGCCATGATGCGCTCCAGCCGGCGGTTCAGCCACTCCGGCGGAAGGGCCAGGTCACTACCGCCGCGGCCCAGCCAGCGGCTCAGCACCCGCACCGCGGCGATGGGCGGCAGCAGCCAGGTGTTGAAGTACGTGGCGTGATGGACCGCCAGCCCGGCCGCACGCACCTTCGCCACCAGCTCGCGCCGGGTGTAGCGGCGGACGTGGTGGTTGACCTCGTCGTGCCCGCTCCAGAGCCACATGTAGGCAGGCACGGTCAGCAGCAGAAAGCCGCCCGGCTTGAGCCGCTCGCGCAGCACGGCCAGGCTCTCCCGGTCGGCCTCGACGTGTTCGAGCACGTCGAGCAGCGCCATCAGGTCGAAGCGCCGATCCGCGAACGGCAGGCGATCCGGCAGCGCACCGCGCTCGACGGGGGCTACGCCCCGGGCCGCCGCCAGCGCCACGGC
CP020382.1_gap29	1166244	1168796	2552	TGCGACGGATGATCTCCCAGGCCTCCGGGGCGATGCCGGCCGTGTAGCCCTGCTCGTACACGGCTTTGCCGACCTGGATGACGTCGTACCGCAGCGGCGCACCGGCGGCCTCCAGGATCTTCAGCGTAGCCTCCATGATCTCGGGGCCGATTCCGTCTCCGTAGGCGATGGTGACGGGGGTGAGGGTGGTGGCCTCGGTAGCGGCTGTCTCGGGCGCGAGGGTGTCCGGGGTGGTGCTCATGAATCGATCTGGGATCGTGGTGAGGGAGAGAACGAACGGTACGGGCACAAAAAAACCGACATGCAACGCCCGTAGACGTCGGATGTCGGTCAACCTTCCGCGAGCCGGCTCGGGGAGCCTGCCCGTCGGCCTGTGTTCCCGTGAAGTATGAAGGCTGAAGGGACGACCCGCCGGCCGTGGCGCTTCGCCGGCTCCAGCGGGGTCAAAGATAGGATCGCCCCGCCCCGGATGCCACCCGGGAGGGCAGATCTTCACAGGATTGAAACAGCGGAGCTTCACCCGCCGCCCTGGAACCGGGCCTCCAGATCCTCGGCGAGGGTAAAGACGAAGATGCGCTCGCCGGTACGTGTGCTCAGGTCGGCGTGGAGCGTGACGACGTGCAGGCCCGTGTGGGCTTCCACGAGGCGTTCCAGCTCGCGGCTGGAGCTTTCGATCAACCGCGAACGCATCTGCTTGATGAGTTCGACGCCCCCCGGCTCGGTGGCGAGTTGCTGCTCGGCCGGGCTGAGAATGCCTGTGAGGCGCACGAGCACCATGTCCTGCACGATGAACGTCCGGGCTTCCCGCGGCCCCCGGCCCAGGTGCTCGCGCTCGAAGCGGGTGATGGCCGTGGTGATGGCGGCTTCCACCTGCCCTTTGGTCTTTCCTCCCTGTTCCATACGTTCCAGTTGTCGTATCATCATAGCAGGCCGGCAAGATACGCCCTCCGGCGGGGATCTGCCGCACCCGACCCGTAGGGGATTCCCCTACAGCGGCGGCCCGGCTCCGGCTTACAGGTCCCCCCCTGCCCACCCGTCAACCCTCCGGCGAATCGGAACGTATCCTGTCGCTGAAACCCTCGACCGGAAGCCCTTTTTTTGACATCGCTGACGGGATCTCGCATCCTGATGGAGCGAGATGCCCCACCGGACCGCCGGCGCTCCCGTCCACCCAGCCCGAGCACACGCGCCATGATCAAACGCATCCTCGTCGCCCTCGACCCCGACGCCGACACCCGGATCGCCACGCACTACGCGATGGACCTGGCCCGGCGCACCGGCGCGGAGATCACCGGCCTCGCCGTGGTCGACACCAAGCACATCGTGGCCGAGACGGGCATCGGCGGCTCCATCGGGGCACTCCACTACGCCGAGAAGATCCGCCGCCAGATGACCGAGAAGGCCCGTGACATCGCGCAGGACCTGATCGACACGTTCGTCGGCACGCTCGACGAGGCCGGGCTGCCGCACCAGGAGCTCGTCATGGACGGCACACCGGCCGATCTGATCGTGGACGCCCTGAACTTCCACGACATCCTGTTCGTGGGACGGGACCCGCACTTCTTCTACAATCGCCCCGACCGCCCCACCGACACGCTGGCGCGCGTCGTCAAGCGCGGCGTCGCCCCCGCCGTGGTGGTCGGACCAGCGTTCCGGCCGATCCGGCGGGTGCTGCTGGCCTGCGACGGCAGCGCGCCGTCGATCCAGACGATGCAGCGCTTTGCCCAGCTCCAGCCCTTCGGAACCGACCTGACGGTGGATCTGGTGCACATCCGCGAGGATACGGGCGAGGCGGCCCGCCATCGTGCCGACCTGCTGCTGCACCGGACGCGCACCTACCTCGAAGCCCACGGCTTCCAGACCCTGAACGAGACGAGCATGGAAGGCGATCACACCGCCGAGCGCCTGCTACGCCATGCCGAACACCACGAGGCGGACCTGATCGTCGCCGGCGCCCATTCGGTGTCGGCCGTCCGCCGCATCGCCTTCGGATCGACCACCCACGCGCTGCTGGACCAGAGTACCATCCCGCTGTTCCTCTACCACTGACCCCAACCGCTGCGATCCCCATGCTGCACCTGAACCACATCCTGGTGGCCTACGACTACTCGGCCTTCGCCAACAAGGCGCTGGCCCGCGCGCTGCGACTGGCCCGCGTCTTCGAGGCCGAGTTGCACGTACTCTATGCCGACGTGCTCTTCACCACCCCGCACGACGAAACCCTGCCCACGCACCGCGGCATGCCGCTCGAAGCGGTGCGTGCCCACCTCCAGGAGACGGTCGAACGCATCGCCGGGAAACTGGACATCCCGCTGGCGGATCTGGCCGTCACGTACGCCGTGGACCGGGACGTCGCGGCGGCCCCGGCCATTCTGACCTACGCCGAGGACCACCCGATCGACCTGATCGTGATCGGGACGCACGGGCGGCGGGGCGTGCCCCGGCTGCTGCTGGGCAGCGTCGCCGAGGAGGTGGTCCGCGCCGCCCTCTGCCCGGTCCTGACGGTGCACGGCAACGAACCGGACGACGCCCGGCCCATCCGCCGCATCCTG
CP020382.1_gap30	1170855	1175816	4961	TCTACGGGGCCTCGGTGGACGTGCTGCACATCATCGAACCGGCCCGATACCCCGCCTTCTACCAGCTCGACCCCGCCGTTTCGGAGGACGTGCTGCGGCCGCTGGAGGACGTGGCCTGCTCGCGGCTGGAGGCGCTCTTCGCGCAGGCCGGTGGACCGGAGGCGCCGGCCACGTTCCACGCGCGGGTCGGCTACCCTCCCCGGGACCTCCTGGAGGCGGCCGATGCGCTGGGCACGGACCTGATCGTGATGGCGACGCACGGCCTGCAGGGGCATCGCCGCTTCGCGCTGGGCAGCGTCACCGAGCGGATCGTGCGGGGCGCGCCGTGCCCGGTGTTCGTGACGAAGCCGTACGGCAAGTCGCTGCTGCCCGCCGCCTTCCGGGCCGCCGTGCCGGTCGAAGCCTCCGGCGCGCAGCCCACCTGAGCCGGCTGCACCGCCACTCCCCCTGCACCATGCCTGCCCCGGCCTCACCCACCCTGCCCGCCAGCCCCGATCCACCGGCCGCCGAGCCTCCGACCGCGCCGGTCACCCCCTGGGCTCGCCCGTGGGAGGAGCTGGCCGCCGAGCTGGACGTCCGGCCGGAACAGGGGCTGAGCGACGAGGAGGCCGCCGCCCGGCTGCGCCGCTACGGCCCCAACCGCCTCCGGGCCCACCCGCGGCGCAGCGCATGGCACATCCTGATGGATCAGTTCAAGAGCCTCATCGTGGCGCTGCTGGCCACCGCCGCGCTCGTGGCGTTCCTTTCCGGCGAGACGCTCGAAGGGTGGGCCATCGTCGCCGTCCTCCTGATCAACGCCGCCATCGGCTTCGCCACCGAGCTGCGGGCGGTGCGGTCGATGGAAGCCCTCTTCGCCTTCGACCGCCTCACGGCCCGCGTGCGCCGTGGCGGGCACGTGAAGACCCTCCCGGCCGAGCAGCTGGTGCCGGGCGACGTGGTCCTGCTCGAAGGCGGCGACCTCGTCACGGCCGACCTGCGCCTCGTCGAGGCCTCGAAGCTCCAGACCGACGAGTCGGCGCTGACGGGCGAGAGCATCCCCGTCGGCAAACGCCCGGAACCGGTGGCCGAGGACGCCCCGCTGGCCGAGCGGACGTCGATGCTCTACAAGGGAACGGCCGTGACGCGCGGCTCGGGGCTGGCCCTGGTCGTCGCCACCGGCATGGCGACGGAGCTGGGCCGGATCTCGGCGCTGGTGGCCGAGGCCGAAGACGAGGCCACCCCGCTGGAGGTGCGCCTGCAACGGCTCGGGCGGCGGCTGATCTGGGTCACCCTCGGCATCGCCGCCGCCGTCGTCGTCAGCGGCACGCTGACCGGCAAGGCGTTGCTGTTGATGGTCGAGACGGGGCTGGCGCTGGCCGTGGCGGCCATCCCCGAAGGCCTGCCCATCGTCGCCACGATCGCGCTGGCCCGGGGCCTGCGCCAGATGGCCCGCCGCAACGCCCTCATCAACCGCCTGGCCTCGGTCGAAACCCTCGGCGCCACGGGGGTCATCTGCACGGACAAGACCGGAACGCTCACGGAGAACCGGATGACGGTGACCCGCCTCGCCCTGGCCAGGGGCGAGGTGTCGCTGGAGGCCGACGCCCCCCCGGAACCGGACCCGCTGCTGCGGGCCGCGCTGGAGGTGGCGGTACTCTGCAACAACGCCTCGCTGCCCGACTCCGCCGACGGGCACCCCTCGGGCGATCCCCTCGAAGTGGCGCTGCTGGAAGCCGGTGCCCGCTTCGGCCTGACGCACTCCGCCCTGACGGCCGAAGCGCCGGAGATCCGCGAAGAGGCCTTCGACCCGGACGTGAAGATGATGGCCACCTTCCACCGCCAGCCGGACGGCGTGCGCGTGGCGGTCAAGGGCGCGCCCGAGCCCGTCATCGCGGCCTCCACGCACGTGCTCACCGGGGACGGTCCCAGGCCGCTGGACGAGGCCACCCGCCGCGCCTGGCTCGCGCGCAACCAGGCCCTCGCCGCCGACGGCCTGCGGGTGATTGCCGTGGCGACGCGGACCGTGGACGACGTCCGGGCCGCCCCCTACGAAGCCCTCACGCTGCTGGGCCTCATCGGGATGGAAGACCCCCCGCGCCGCGACGTGCGCCCGGCGATCCAGCAGTGCCGCCAGGCCGGCATCCGCGTCGTCATGATCACCGGCGACCAGCCGGTGACGGCCCGCGCCGTGGCCCGCGCCGTCGGGCTCGTCGAGGAGGAAGACGCCCCGGTCATCCACGGCGCCGACCTCGAACCCCTCGATGCCCTCGACGAAGCCACGCGGCGCCGGCTGCTCGATGCCCGCCTCTTCGCCCGCGTCTCGCCCGCGCAGAAGCTGGACCTCATTGCGCTGCATCAGCAGAACGGCCAGGTGGTGGCGATGACCGGCGACGGTGTCAACGACGCCCCGGCACTCAAAAAAGCGGACATCGGCATCGCCATGGGACAACGCGGCACCCAGGTGGCCCGCGAGGCGGCGGACATGGTGCTGCTGGACGACGCCTTCTCCACCATCGTGGCGGCCATCGAGCAGGGACGCATCATCTTCGGCAACATCCGTCGGTTCGTCTTCTACCTGATGTCGTGCAACGTCAGCGAGATGATGGTGGTGGGCCTGGCCTCGCTGATCGGCACGACGCTGCCCATCCTCCCGCTTCAGATCCTCTTCCTGAACCTGGTCACCGACGTCTTTCCGGCGCTGGCGCTCGGCGTCGGCCGGGGGGAGGACGACGTGCTCCGGCGCCCGCCGCGCCCGGCCTCGGAGCCGATCCTGACCCGCGCACACTGGCTCGGCATCCTGGCCTACGGGGTGCTCTTCACGGTTGCCGTGCTGGGCGCGTTGCTGATCGCGGGGCGCGGGCTGGGCAAGCCGCCCGAAGAAGCCATCACGGTGTCCTTCCTGACGCTGGCCTTCGCGCAGCTCTGGCACGTCTTCAACCTCCGCAGCGCCGGGTCGTCGCTCTGGCGCAACGAGATCACCCGCAACCCCTACGTCTGGGGCGCGCTGGGGCTGTGCTCGGGGTTGCTACTGCTGGCGGCCTACCTGCCCGGGCTGGCTCGCGTCCTCAGCGTGACGCCCCCGGACCTGGCGGACTGGGGCGTGATCCTCGGCATGAGCCTGCTGCCGCTGGTCGTCGGGCAGATGCTCAAACCCCTCCTGCGGCATCCGTTCACGACGCCGCGCCGGTGACGGGGGCTGCTGCATCGAGCACAAGCCGCCGGCCGCGCCGGTGTCGGGCTCACGGGATACGCAGGGCGTCCAGCCGGTCCCGGGCCGCACGGACGGCCGGGTGCGTCTCGTCGCCGTCGTGCAGCGCGCGGCGGATCGCCAGGGCCTCGGCCAGGTAGCGCTCGGCCCCCGCCCGATCCCCCTGGGCCTGCCGGATCAAGCCGAGACTCGTGAGACTGACGGCCAGGTGCGGATGGTGCGCTCCGAAGAGCTGCCGCCGCATCGCCAGCGCCTGCTCGTGCAGGACCACGGCCTGGACGGTGTCGCCCACCGCCAGCCGGATCTGCGCGATGTTGTGCAACCCCGTGGCGACCTCCCGGTGCGCCTCGCCGTAGAGTTCGATGTCCATCGCCAGAGCCTCGCGGAAGAGGGCTTCCGCCTCGGCGTAGTCCCCGGACCGACGCAGCACGAAGCCCAGATTGCCGAGGTTGTTGCTGACGTCCGGGTGGACTCCGTGGAACAGGTGCCGGCGCATCGCCAGGGATTCGCGGAGGGCCTCGGCAGCCGGGCCGTAGCGGCCGGCCTGATTGTACGCCAGGCCCAGGGCTTCGATGCCCAGCGCCAGGTTGGGATGGGGCATCGGATAGCTGGACCGCAGGATCGCCAGCGCGTCCTGCTGCAGGGCAATGGCCTCGTTGAACCGCCGCTGCTCGGACCGGATACGGCCCTGGTCTATGAGCGCGAAAGCATAATCAACCGAGGTAGCGCCGTGAATCCGGCGGGTCTGTGCGACGACCTGTTGCAGGATTGAGTCCGCCGCCGGGAGATCACCCTGGTCGGCCAGGACGTCGGAGAGGGCCTGCAGGGCATAGAGCACGTTGGGATGATCGGGCCCGTGCTCGGTGCGCAGCCGCGTCAGGCTCTCCCGGTAGAGCGCCTCGGCCTCCTCGAAGGCACCCCGGTACTGGACGACGTAGGCGAGGTTGTAGTACATCGCCCCCGCATGGCCGTTCGGCTCCCCCGCCGGGGCATCGATCATGGAGAGCGCCTCGTACAGGAGCGACTCGGCCGCCGCGTAATTTCCCTGCTGGATGCGGATCAGCGAGAGGTTGTTGAGCAACTCCCCGACGTCCCGGTGCGTCTCGCCCAGCGCGGCCCGGCGCAGGGCCAGCGCCTCTTCGTAGGCGGCCACCGCGTCGTCCTGGCGCATCTGTTGGCCGTAGAGGCGGCCGAGCTTGTTGAGGCTCTCGGCCAGCCCCAGCGTCCCGTCCGCCCCCAGCGTGCGCCAGTCGGCGACGGCCTCCCGGAGCAGCGGCTCCGCCTCGGCGTCCAGACGCAGGTTCTGGTAGACCCCGGCGATGACATCCATGAGGCGCGCCCGCACGGCCGGCTGATCGGCCAGCTCGCGGCGCAGGCGGACGGCGCCGGCCTCCATCACCTCCCGCACGGTGAGCGTATCCCCCCGCGCCTCTCCGGGATCCGAGCTTTCGAAGAGCCCCTCCATGAACGCGATGACCTGCTCGGCCGTGGCCGCCTCCCTCTGCGCCCGGTCGCGTTCCTGCTTCAACCGCATCGTGTAAAACGCCACCACCGCCGCCAGGACGACCATGACGACCGTGACAGCGGTCAGCGCCATGTGGTGCCGGGACGCAAACTTTCGCAGGCGATAGCCGGGGGTATCCGGGCGAGCGGACACCGGGAGCCCGTCCAGGTGCCGTTGCAGATCGTCCTGCAGGGCCGCCACCGAGTCGTAGCGGCGCTCCGGCTCCTTGCGCAGCGCCTTCAGGCAGATCACGTCCAGGTCCCCCGAGAG
CP020382.1_gap31	1177697	1180205	2508	GACTTCCATCACAAGACGGCCCGTGCGCTCGTGCAGCAGTACGGGACGATCTACGTGGAGGATCTGAATGTCAAGGGAATTGCCCGCACACGGCTGGCCAAGAGCGCGCACGACGTGGGCTGGGGTCAATTCGTCAATATCCTGAGCAGCAAAGCGGAAGAGGCTGGCGCTCAGGTGAAACGAGTGGACCCGGCGTACACCACGCAGGCGTGTAGCCGTTGCGGAGCGATCCCCGAAGTCAAGCTTACGCTCAGGGACAGGACGTATTCTTGCGACTCGTGCGGCTTCACCGCCGACCGGGACGAGAATGCCGCGTTGAATGTCCTTGCTGTAGGGCTGGGATGCAGCCTTCGGAGCCCAAGCACCGCGTAGGCGGTGCTCTTCCGAGAAGCCACTTCCTTCAGGGAGTGGAGTCATCACAAGGCGAGGTACCGGTTGGGGGGTGCAGAGGACGTGACCCGGGACGGCCTGCACGTCGATCGCCCTCCCGCTCCGCGCCACCCGTACCCTCATTCATTGACGCGCCCGAATCGCCTCGACCAGGTCTGCGGCGCGTTTGCGATGCGTGCGCCAGACCTTCAGCCGCACCTCGACCGCGTGCTCTCCCGGCAAGGCGTTCAACAGCGCGTCCGACTTGGGACGAAGGCATAGCCGATCGCGGAAGACGCCGTGGTCCAGGCGCACCTCCTTCAGCGCCGCCGGCTCGATCTTGATCACCTGCTGCTCCTTCTCGAACTCCCCCATAAACGCCGTCTCGACCTCCAGGACGAGAAAGGGATCGTCGAGATACACGACGCCCCGCACCTCGGTGAGGCCGGCGTTCAGGTCGGGCAGTTGAAAGCGCAGGGGCGTCATGGGCGCGTGCAGAACGGACCGGTCGGCTCCGGAAAACCCTTCGAGGGCCTCCTTCGGGCCGGCACCGGCGCGCGGACAAGATACACACCGGTGCGCGGACAAGATACAGGCGCCTTGCCGGCGGCCGCTGAACGAGCGCAGCGTATCGCCCCCCGGAAGGCGGTCATTCGCCTCGTTGCAGCCGGCGTAGCTCCCGGTAGCCGATCAGGATGATACCCTCCTCCTCGATCATGGCGCGGATCTCAGGATCGGTCGTGAACAGCCGGTACTCCGTGTCGCGGGTTTTCCAGGAGTTGGTGATGTGCCGCATCTCTTCCCCAGCGAGGGCGGCATGGATGAACAACTCGGTCACGCCGGGCTGGAGGGTACGCAAGATGCGTTTCCAGTAGGCCTCCACGCTCTCACCTTCGTCCGGCCCCCCGAAGATCAGGTGATCCGGCGAGACGATACCGTCCGCATCGAGTTGATCCCGCAGGTGCTCCAGGCCCCGCTCGGCCAGCACGGCCCGGCCGGGCATACGGATGGGCAGGTCGTACTCCAGCGCGAGGGTCCGATAGACGGCGTGGTACGCCGGGTCATAGTGCAGCGTACCCATGTGCGAATCGAGGTGCGTCACGTCGATCCCGGCAGCCAGGGCCTTTTCGATCTGCGCCCGGGCCTCTACGAGAGCTTCTTCGGGAGTGGCATGGGCATACACCTCCTGAACCGAGGGCCACAGATAGCCCTGGGGATCGACCAGCCCGGGCACCTCCGTCTTCGGGGCTACTGGCCCCCAGCGATAGCCTTTCCACTCGCTGGTGTGGGTCAGGTGCAGCCCGAAGTCGGCCTCCGGATGGGCGCGTGCATAGGCGGCGATCTCGGGAAACCAGGGGCAGGGTACCATGATCGTGGCGCTCGTCATCAGACCCTTCTCCATCGCCTCGATCGAGGCTGCATTCGAGGCATGGCTCATCCCGACGTCGTCCCCGTTCACGATGAGCAGCCGGGCCTCCGGGCCGTAGCCCAGGCGCTCGGCCAGCGTCGGGGTAGGCTGGGCTCGGACGACGGCCGGCAACAGCATCGGCAACAGGATGAACAGCGCGGCCCATACACCGGGCGCAGGAGGCAGCAGGACTTCGCTTCTCATGGTTCGTCGGGGACAGAGATCTCGTCAAACATTCGGGGGGCCGGAGTAGCAGGGAGCCCGCAACCGCAGGAGCTGCTCCTGCCGGCAAGCCGGGGGCGGAGGCCAACCCGACGGCTACCCAACATACCCCGTTTCCACCATGGTCGCCATCCCGGCTACCGCGACCATACGAGGCTGTTGCGCACCAGGAACCGTCCGCCGAAGGTGACCGGCACGCCGGCTCCGTTTCGTTCGGCGTGGAGGTGCAGATGGGGCTCCGTCGTGTTGCCCGAGTTGCCCACCCGTCCCATCGGCGTGCCGGCGGCCACGGAGTCGCCCGTTGCGACGCGCACGCTTCCCTGCATGAGATGCGCCAGATACACTGTCACGCCGTCACAGTTGAGGACGACGTGGTTTCCCGGCGGATGCTCACGGTCGCGGTCGGGCGGGGTGAGGTCTGGCAGATCGGTTCGGGCGGTGTCTACCACCCCGCTGCAGGGGCTGTAGAGCGTATCGCCGAAGATGGCGTACCGATCGAGCCGCTCCGG
CP020382.1_gap32	1261198	1262581	1383	CCTCGTGCCGGAGCCGGTCCTGCACCTCGGCCAGGTGCTCACGGAGCCGGCGCCACTCCCGCAGGGTGGTGACCATCGGGACGAGGAGACGGGTCGGGCCATGCGCGCCGGCCCGCAGGATGGCACGTAACTGCGCGTGCAGCAGCTCCGGGCGGTCCAGCAGGATGCGCAGCCCCCGCCAGCCCAGGAACGGGTTGTGCTCCCGATGGCTCATGGGCAGCATCTTGTCCCCCCCATGTCCAGGAGCCGGAAGGTCGTCACTGCCGGCGCGACGTGCTCGACGATGCGGCGATACTGGTGGTAGAGGTCCTCCTCCTGCGGCGTGATGCGGCGCGTGAAGAGATACTGAATCTCCGTTCGGAACAGCCCGATGCCGTCGGCGCCATAGGCCTCGACCAGATCCAGCTCTTCCTCCAGTTCCAGGTTGGCGCGCAACGTGATGCGGTGTCCGTCGAGGGTCTCGGCCGGCAGCGGGATGAGGCTTTTCTGCTCCTGCAGGAGCCGGCGGTAGCGCTCCTGGCGCATCCGGTAATGGGCCAGGCGTTCCTCCGTGGGGTGGATGATCACCCGCCCCTCGAAGCCGTCCAGGATCATCGTGTCGCCGCTCTGCACCCGCTCCGTGACGCGCTGCAGGCCCACGACCGCCGGAACGCCGAGGGCCCGGGCGATGATGGAGACGTGCGAGGTCGGCCCGCCGTAGTCCATGGCACAGCCCAGGATCTGGCGACGGCTGAAGAGGACGATGTCGGCCGCCGTGAGGGTCTGCGCCACGACGATGGTTTCGGCGTCGATGGATGAGAGGAGCTTGCCGCGCCGGAGGTGGCGGATGAGCCGCTCCTGCACGTCGAGCAGGTCGTTGGCCCGTTCGCGGAGGTATTCGCTGTCGCTGGCTTCGAGCCGCCGCCGGTGCTGGGTCATCACCGTCTTGACGGCGTAATCGGCGTTACAGCGGTCGTGGCGGATGTGATGCAGGACGGCCTGGTACACCTGGTCGTCGCGCAACATCAGGCGCTGGGCGTCGAAGATCTGGGCGCTGGTTTCCCCGAGGCGTTCCCGGGCCACCGTGATGATCTTCTCCAGGTCGCGCTCGGCCCGTTCGACGGCCCGTTCGAACCGCTCCACTTCGTGCTCGACTTCCTCCGGGTCGAGGCGGCGGTGCTCCACGGTCATGCCGCCGCGGGCATAGAGAAACACCGGGCCGATGGCGATCCCGGGGGCGACGCCCTTGCCCTCCAGGATACACTCGCCGTCCGGCGTGCGCCGGGGTTCGGCGACATCGGCCGGGGTGGCATCCAACGTCTCAGGCGGGTCGTGATGTCCTGGCATGCGTGCGTAGCTCGATGGGGTTCCGTCCGTGGTCACGCCGTCGGGCGTACCCAGACG
CP020382.1_gap33	1377209	1380667	3458	GCGGCGTGCCTCGTACGACGACGCTCGCGAAAACCCTGTTCGCCGTCGACGAACTCGCCGGCTTCATCACGGCCGTGGCCTACGTCCGCCCCACCGGGCTGGAAGGCATGACGCCGAAGTCCGTCAAGAAGAAGCTGAAGGACCGGGCCTTCGCCGCCGCCGTCAGCCGCGAGGACATCCGGCAGGGCGCCGAGGAGCTGGACCTCGACCTCGACACGCACATCGCCCACGTCATCACGGGCATGAACGCCCGGGCCGACCGCCTTGGATTTGGACGCTCCTGACACACCGCCCCACGCCCGCCCCGAGCCCCACGCCGGCGGCGATGCCACGCCGGCCAACGCGCCTCCCTCGCTCGACGACGCGCGTGCGCTGACGCGTGCCCGGGCCCGGGATCTGCGCTCGCTCCTGAGCCTCTACCTGCGGCGGCACCTGCCGGCCCGCCCCCCCGCCGGGCCGAAGTCCCGGAACCGCCCCGGCTCGTGGGCGCCCACGCGAAGGTGCTGCCCTACCTGCGCCTCGTCCCCCTCGTCCTGCTGCTGCTCTTCGGCATCTCGTTCGTCTGGGACTTCCCCGGCGTCTCGCTGACGCTCTTCGGCTACACGCTCCCGCTGGAAGGCCTGCTGCTCGTCGTCTCGGTCAGCGGATTGATCGGGTTTCTGACGAACTGGCTGGCCATCACGATGCTGTTCAACCCCCGTGAGCGCCGCCCAATCTTCGGCCAGGGCCTCATCCCGGCCCAGCGCGATCGCGTGATCTTCCGCCTGGCCCGGGCCGTCTCGGAGGAGCTCATCAACGAGGAGATCATCAAGCAGAAGATCGAGGAGAGCGGCGTCATCCCGCGCTACCGCGAGATGGCCCTCGGCGTGACCCGCAGCGTCATCGAGGACCCCGACTTCCGGCGCGACCTGAAACGGCTCGTGGCCGAATACCTGCGGGAGATGCTGGGCTCCGAAGCGATGCGGCAGAAGCTGACGCGCTTCGCCGTGCAGAAGATCGAGGCCTACGCCGGGGAAGGGGCCAGCGGCCTCGCCCTGCGGGTCTATCGCTTCCTCAACGAGGCCGACTTCCAGCGGCGTGTGGAAAAGGCCGTCGACGAACTCCCGCACTCGGTCGACACGGCGCTGGACGAACTGGACGCGCTGCTCGATCAGATCCCGGAGAAGATCGAAGCGCGGTCTGAGGAGATCGAAACCTGGGCCACGCGGGTCGTGCTGGGCTTCGTGGAGAACCTCGACGTCTACGGCATGGTGGCGTCGAACATGCAGCAGTACGACGAGGGGAAGCTGGAGCAGCTCATCAAGAACACGACGAACGAACAGCTCAACTACATCAAGTACCTGGGCGGCGTGCTCGGCTTCTTCGGCGGCCTGGTCATCTGGCAGCCTGCCGTCGCGCTCGCGCTCTTCGGCACCGTCGGCCTGTTGCTCTACGGTCTGGACGTGCTGCTCTACCGGCTGCGGCACGAACCGGACGAAGCGGCCGCCTCCTAGCTGATCCGGCGAAAGGCCAGCACGGCGTTGAGCCCGCCGAAGGCGAAGGAGTTGGACAGCGCCACGTCGACCTCGGCGGGGCGGGGTGCGCCGGTGATCACGTCGAGGTCGCAGGCCGGGTCGAGGGCGGTGACGTTCGCCGTGGGCGGCAGCACGGCGTCGCGCACGGCGAGGACGGTCGCCACGGCTTCGAGCGCCCCGGCGGCGCCGAGCGCGTGGCCGTGGACGCCCTTTGTGGAGCTGACGGCCAGGCGGTCTGCGTGGGTCCCGAACACCCGCCGCATGGCCTGCGCCTCCATCGCATCGTTGGCCGCGGTGCCCGTACCGTGGGCGTTGACGTAGCCGACGGCCTCGGGCGCCAGCCCCGCGTCGTCCAGCGCCGCCTGCATGGCCCGGGCCGCCCCGCCGGCATCCGGGGCCGTCAGATGACCCGCGTCGGCCGTCATCCCGAACCCGACGATCTCGGCGTAGCACGTCGCTCCGCGGGCGCGGGCGGCCTCCAGCGGCTCCAGCACCAGCATCGCCGCCCCCTCCCCCAGAATCAACCCCTTGCGATCCACCGAAAAGGGCCGGCAGGTGTCCGGAGCCACGACGCGCAGCGCATCCCAGGCGACGAGGTTGCCGGGGGTGAACGGGGCTTCGCTACCGCCCGTCACGGCCACCTCGGCCAGGCCGCTGCGGACCATCCAGAAGGCCTGGCCGATGGCGTGTGTGGCCGAGGCGCAGGCCGTCGAGACGGTCAGCGCCGGCCCGCGGAAGCCGTGCGCCATGGCGATGTGGCTGGCCCCGGCGCTGCTCATGATCCGTGGAACCGTCAGCGGATGCACCCGCGGGATGCCCTGCCGGTAGATCCGCTCGTAGCCCTCCTCCTGCGCGAGCAGCCCCCCGGCCGCCGTGCCCGTGACGACGGCCGTCCGCGCCGAACGCTCCGGCGACGGGTCGAGCCCGGCGTCGGCCAGCGCCTCGGCGGCGGCGAGCAGAGCGAACTGGCTGAAGCGATCCGTGGTGTCACGCTGCCGGCGGTCGAAATACGCCTGCGGGTCGTACTCCGCGATCTCGGCTCCCGTGTGGAAGCGGAGGGCGGCGGTGTCCACGCTGCGCAGCAGGCGGATGGCCGACTCCCCGCCCCGCACGGCCTGCCAGAACGCCGGCACGTCCAGGCCGGGCGCGGCAAAGACCCCGAGGCCGGTGACGACCACCCGGTGCGGCGGCGTGCTCATGCCCCGCCTCCGCCGGCGTCGCTCTCCCCGCCGTCGACGCGCCGGCGCAGCAGCTCGAGCGCTTGCCGGACGCTGGTGATCCCGTAGGCTTCATCGTTCGAGATGCTGATGCCGAAGGCGTCCTCCAGATCGCCGATCAGGCTGAGGCTGTCGATCGAATCCAGCCCCAGGTCCTCGAACGAGGCTTCCAGCGGGATCGCCTCTGGTTCGGATTCCGTGTAGTGAGCCAGGTGCTCCAGCAGCCGGCGTGTCAGGGCGTCGGGCATACTCCTCGTCGGTTTTGCAGGCGGTGGTGGGAGAAACGCCCCCGTCGGATCACGATCCGCCCGTTTCGCCGGATCAGTCGTTGAGCGCCGCCGGCCGCTCCGCCACGCGCGAGGGCGTGGGCAGCGTGGCCCCGAGCGCCGCCGGAATGGCCTTCCGGACCGCCCGTGGCACCGACACCTGCACGTCCGGCGCATTCGGGTCGAAGTTGAGCAGCACGTCCAGGACGCCCTGGCGGGTCGTCTCGTCCATGATGAGCATGCGAAGGCGGCTGGCGTGGCGGAAGCCCTTGAAGTAGCCTCCGTACATCCGGCGCATCTCCAGCACCCCCTTGCGCTCGCCCAGCCACTCGCACTTGAGCGTGAGGTGCTCGCAGACGACGGCCAGGCGCTCTTCCCACGTAGGCGGCGGCGGCACCTCCCCGGTGGCCATGTAGCGCTTCGCGTCGCGGAAGATCCAGGGATTGCCGATGGCCCCTCGC
CP020382.1_gap34	1390925	1393981	3056	CGGACCAGCGCTGCTCGTCGTCCTCGCCGGGCTCCAGCGTCACCTCGACCACCGGCGCCTCCCAGCGCGGCACCGCACGGAGGGCGGCCACGAGGTAGCTGAGCACCCCCGGCAGGCGTTTGTGCTGCATGGCCCGGGCGGCCACCTCGGCATCCAGCCCGATGCCCACGCCGTTGACGAAGGTCCGGTTCAGCCGGCCGAGGGGGGTGTCGGCCTCCAGCCGTCCGTGGTCGATGCAGGCCGGGCGGGCCGCCAGCAGGGCGTCGAGGGCCTCCTCCAGGCCGGGCGGCATCCCCACCGCCCGGGCGAAGTCGTTGCCGGTCCCCAGCGGCAGCACCCCGAGCGGCCGGTTGCCGCCGCCTTCGAGCAGGCCGGCGCTGACCTCGTGCACCGTGCCGTCGCCTCCGGCGGCGATCACGGCGTCACACTGCGCGGCAGCGCGGAGGGCCAGACCGGCCCCGGTGGCCGGGGCCGGCGTCTCCCACAGCCGGAAGGGAACGCCGCGACGGCGCAGGCCGTCTTCGAGGCGCGCCCGCTGGCGACCTGCCCGGCCGCGTCCGGCCGTGGGATTGAAGATGATACCAAGCGTCATGTCGTTTAGCGTTTCGCGAAAACATACGCCGCCGGACTTGCCCGGCCAAACTGAACCGAGGGGACCGTATCTTCAGCGCCCCCGGCTTCTCCTCCCAGCCCCCTCCCCCCGGATGATCGTCCTTCGTGCCCTCGTGGTTGCGAGCCTGCTGCTGGCCGGCCTCGCCGGTCCGGGCTGTGCACCGGCCGACCCCGTGCCCCCCGCCGGACGCACGGTCACCGACGACCTCGGCCGCCGGGTGAGCCTGCCGGACACCATCCGGCGGGTCATCACGCTGGCCCCCAACCTGACCGAGCTGGTCTTTGCCGCCGGTGCCGGGGACCGGCTCGTCGCCGCCAGCACGGCCGACGATTACCCGCCGGCCGTCGAACGGCTCCCCCGCTTCAGCGCGCTCCCCGTCGATTTCGAGTTCGTCGCCACACTCCAGCCGCAGCTCGTCCTGGCTACCGACCAGGTCAACAACCCGCGCGACGCCGACACCTTCGCCGCGCTGGGCATCCCCACCTACTTCTTCCACTTCGGCTCGGTGGACGACGTGCTCGACGGGCTGCGCACCGTCGGGGCCTTGCTCCACACCGCCGACCGGGCCCGCCGGACCGCGGATTCCCTGCGCGCCCGACTCGACCGGCTGGCCGCCTGGTCCGCCGGCCTCCCCGAACGCCCCCGTGTGCTGTTCCTCATCGGCGACCAGACGCTCTTCGCCTTCGGGGCGGGCAGCTACATCCACACTCTGGTCGAGGCGGCCGGGGGCAAAAGCCTCACCGCCGCCCTCGACACGCCGGCCCCCGTCCTGAGCGACGAATTCGTGCTGACCGCAGCGCCCGACGTCATCGTCGGGGCCTTCGGGACGGCCTACGACCCGGCCCGGCTGCTGGCGCTGCATCCCTCGTGGGACGTCGTCCCCGCCGTCCGGCAGGGGCGCATCTACAGCCTCGACCCCGACCTCCTGCTTCGCCCCGGCCCGCGCCTCGTCGAAGGCGCCTACGCGCTGGCCCGGGTCCTGCACCCCGACCGTCTCCCGTCCTGGATGCGTCCGTCCTCCTCCCGGCCATGAACCGGACCCTGTTCGTCACCGGCACCCTGCTCCTCCTGCTCCCGCTCTCCATGGGGCTCTCGGTGGCCGCAGGCAGCGTCGACCTCGCCCTGGCCGACGTGGTCCGGGTCTACGCCGCCCACCTCGGGCTGTACGACGGCACCGGCCTGCCGCCGGCCATCGACCGGATCGTCTGGGATCTCCGCACCCCCCGGATGCTGCTGGCCCTCGTGGTAGGCGGTGGGCTGGCCGTGACCGGCGCGGCCATGCAGGCGCTGGTGCGCAACCCGCTGGCCGAACCGTACATCCTGGGCCTCTCCAGCGGCGCCTCCGCGGGGGTGTCGCTGTTCTACCTCGGCTTCCTCCCGCCGCTGCTGGCGCAGGCCGTCACCTTCTCGCTGGCGGCCTTTCTGGGCGGCCTCGCCGCCATCACGCTCGTCTACCTCGTCGCCCGCGTCCGTGGCACCGTCTCCGTCACCCGGCTGCTGCTGGCCGGGGTGGTGATGTCGTCGCTCATGGGGGCGATCACCGCCTTCGCCACGTTCGCCTCGCCGGAGCCCGACAAGCTGCGCACCCTGCTGTTCTTTCTGCTGGGCTCGCTGAGTGGGGCGCGCTGGGAGATCCTCCCGCTGCCGGCGGCCGTCACCCTGGCCGGTGGGCTCGCGCTGCTGGCGCTGGCCCGACCGCTCGACGCGCTGCTGCTGGGCGAGGAGCAGGCCCATAGCCTGGGCATCCCCGTGGAAACCACCAAGCGGCTCGTCATCGTCCTGGCCGCGCTCGTCACCGGCGTCCTCGTCGCCACCTCCGGCGCCATCGGCTTCGTGGGGCTCATCGTACCGCACGTGCTGCGCTCGCTGGTCGGCGTCCCACACCGGCGGCTCCTGCCGCTCAGCTTCCTCGGCGGCGCGCTGCTGCTGCTCTGGGCCGACCTCGGCGCACGGGCCGTGCTCCCGGCCGAGGAACTGCCCGTCGGCGTCGTGATGGCGCTCGTCGGCGTGCCCTTCTTCCTGCTCCTGCTGCGCCGAACGCCCTACCACTTCGGATGACCCGGAAGCCGGCACCACCCCGGCCGGCGACGGCGAAGGATGGCCGGTTCGATGCGCGGAACGACGACCGTCCGAGCGACCACCTTTCGCCGGCTTCTGCAAAACATCTTCGGAGAACGGGGCGTATATCCCCGCCAGGTTTCAAAAAAATCTGAAAGTCACCCCCTTACCCGGCCCCCGATGGCTGAACTCCCCACACTTTCCGCCCCGCCCTCTTCCACCGGCACCGTGGAGCCCGCCCGGCTCCCCCGCACGCTGGACGAAATCCGCCGCCCCGTGGCGGACGAGATGGTGCACTTCGAACGGTACTACGAAGGGGCGATGGCCTCGCGGGTGCCGCTGCTGACCCGGATCGCCGGATACCTGGTGGGACAGAAGGGCAAGC
CP020382.1_gap35	1406677	1410411	3734	GGCCCACGTTCATCCCCTGCGGGCCTTCGGGAAAGGCACAGCCCATGATGACGTCGTCGACCTGCTCGGGGGCGAGCCCATCGACGCGGGCCAGCGCGCCCCGGACGGCCACGGCGCCCATCTCCTCGGGCCGGACGGCCCGCAGCGTCCCGCGCTTCGCCTTGCCGACGGCGGTGCGAACGCTGCTGACGATATATGCATTGGTTGCTTGCATGACGGAATGATATCGAGGGTTGGTGTTCAAGGCGGACAACGACCTGTTGACGGCTAATTGCGCAGCGGTTTGTTGTGCATGAGCAGGTGCGTGATGCGCTCCTGCGTCTTCTGCTCACCGAGCAGCTTCAGGAAGACCTCCCGCTCCAACTCCAGCAGGTAGTCCTCGTGGACTTCCTGCGGCATCGTCAGGTCGCCCCCGGTGAGGACGTGCGCGAGGCGGCGGGCCAGGAAGGCGTCGTATTCGCTGATGAAGCCGCCTTCGAGGTACTGCTGCACCGCCACGGCCAGCGCGGCGACCGCCGGACGGCCGAGCACCTGGATGTGCGTCATCACCGGCGGCGGCAGGTAGCCCTCGTTGGAGAGGCGGATGACCTCCTCCTTCGCCACATAGAGCCGCCGGTCCGCGTTCATGACGATGCGGGCGTGCGGAGCGAGATAGGCCATCTCCTGCGCCTGCCGCGCGCTGGTCGCCACACGGGCCATGGCCACGTTCTCGAAGAACACCTGGATCCACGCCTGCACCTCGCTCGGATGGCCGTGCGGCGCGCGGGCAGCCGCCTCGGCCGCCAGGCGCATCGTGCCCGTCCCTGCCGGGATCAGCCCGACCCCCAGCTCCACCAGCCCGATGTAGCTCTCGGCGGCCGCCACCGGGTTCGGACACGCCATCACCAGCTCGCAGCCACCCCCCAGCACGCGCTGGTGCGTGGCCACGACGACCGGCTTCGTGGCGTACCGGATCCGCTGCACGGTGTCCTGGAAGCCCTTGACCATCGCTGCGATCTGCTCGAACTCGCCCTGCATGGCCGCCATGGCCACCTCCCCGAGGTTGGCCCCCACCGAGAAGTTCGCCCCCTCGTTGCCGATGACAAGCCCCCGCAGGTCCGGGTCGGCCTCGACCCGCTCGATCACCTCGTTCAACCCCTCCATGACGAACTGCCCCAGGGTGTTGGCCTTCGAGCGGAACTCGTAGAGCGCCACGCCGTCGCCCAGATCCAGCAGCGCGGCGTCGGCGTTCTTCCAGAGCGTCTTGCGCTCGTCCCGCTTGAGGACGGCCAGGCTGATCTCATCGGCCAGACGGGGGTCCGGGACGTAGCCGCCGTCACCGGGATGGTAGACGTGGCGAACGCCCCCGGACTCCCGGTAGAACGCCGTCGAGCCGCTCTGCTTCATCGTGTGGACCCACGCCGGCACCTCGACGCCGGCGGCCGCCATGTCCTCCAGCACCCGGTCGAAGCCCAGGGCATCCCAGATCTGGAACGGCCCCATCTCCCAGCCGAACCCCCAGCAGATCGCCCGGTCGACGTCGGCGGGGTTGTCCGTCACCTCGGGGATGCGGCGGGCGCTGTAGCCGAGCATCTGGAGCGTCGTGTCGCGGAAGAACGCCCCGGCGCGGCCCTCGTCGGCATAGAGCGCCCGGAGGCGGTCCGGCAACGACCCGGCGGCCTTGATGGCATCGAGATCGCCCAGGTTCGGCTCCCGTGGCGGCTCGTACGTGCCCGTCTCGGGGTTGATCGACAGGATGACCTTCCCCTCCTTCTTGTAGAACCCGGCTCCCGCCTTCGCCCCGAGCGCCCCGCGCTCGACGAGCTGTTCGAGCAGCGGCGGTGCCTTGAACACGTCCCGGCTCTCATCGTCGACGGCCTTCTCGTAGAGGTTCCTCGACACGTCCAGCATCACGTCCAACCCGACGACGTCCGCCGTGCGGAAGGTGGCGGACTTCGGCCGCCCGATGAGCGTCCCGGTCAGCAGGTCGATCTCCTCGATCGTGTAATCCCCCTCGAGGAAATGCCGCATCGCGACCATCATCCCGTAGATCCCGATGCGATTGCCGATGAAGTACGGCACGTCGTTCGCCACGACGATGCCCTTGCCCAGATGCAGCCGACCGAAGGCAGCCACGCGCGCGGTGATCTCGGGGTCGGTGGCAGCGGTCGGGATCAGCTCGAGCAGCTTCAAGTAGCGCGGCGGGTTGAAGAAGTGCGTGCCCAGGAACCGCCGCTGGAACGCCTCGGACCGCCCCTCGGCGATTTCCCGAATGGGAATGCCGCTCGTGTTGGTCGACACGACGGCGTCCTCGCGCACGGTGGCTTCGAGGCGCTCCATCACCGACCGCTTGACGTCGAGGCGCTCGACGACAGCCTCGATCACCCAGTCGACTTCGCCGACGCGGTCGAAGTGTTCGTCGAAGTTACCCAGGGTGATGCGCCGGGCCGTGGCTTCGGTGAAGAACGGGTCGGGCCGGGTCTTCAGCGCCTTTTTGAACTGGCGCTGAACGATGGCATTTTTGTCGCCTTCCGGCGCGGCCATGTCCAGCAGGTGCACCTGCAGGCCGGCGTTGGCAAGGTGTGCGGCGATCTGTGCGCCCATCGTACCGGCCCCCAGCACGGCCGCCGTGCGGAACGGACGGTAGGCGGAGGGCGAGGCGAGTGCACGGGCAACGGGATTCACGGTTGAGGTTTCCATGGGTTGATCTGAGCTCGGATGATGGAATGCAGCGGACCTGAGGAGGGCCGCCCCCGGGGCGGGCCCTCAGACGAAGGCACTCTCGCCGGTGATGGCCCGTCCGACGACGAGCGAGTTGATCTCATTGGTACCTTCGTAACTGTAAATGGCCTCGGTGTCGCAGAAGTGCCGGGCCACGTGATGATCCAGCAGGATGCCGTTGCCGCCGTGCAGGTCCCGCGCCAGCGCTACCGTATCGCGGCAGCGCGCCGCCGTGAAGACCTTGGCCAGCGAGGCGTGCTCGTCCCGCATCAGGCCGGCATCCTGCAACTGCGCCAGACGGACGCAGAGGGTCTGCATGGCCGTCACGTTGCCCAGCATGAAGACGAGCTTGTCCTGGATGAGCTGGAAGCGCCCGATGGGCCGCCCGAACTGCCTGCGCTCGCGGGCATAGCGCAGCGAGTGCTCGTAGGCGCCCATCGCACAGCCGACGCCCTGCCAGGCCACTCCCGCCCGCGTGGCCCGCAACACGTCGGCCACCGTGCGCCAGGTGTCCACCTTCTGCAGGCGGTCCGCCTCCGGCACGCGGCAGTCGGTCAGCGTGATGTGGCCGTTCTCGACGGCCCGCAACGCGATCTTGCCCTGGATCTTCTCGACGTGGTAGCCCGGGTTGTCCGGGCGCACCAGGAAGCCGCGCACCGCGCCGGATGCCTCCTCCCGCGCCCAGATGACGATCACGTCCGCGAACGTGGCGTTGCCGATCCACTTTTTCTTGCCGTTGAGGATCCAGGCGTCCCCGTCCCGGCGGCAGGTGGTGGTCAGCCCCCCCGCTACCGCCGAGCCCACCTCCGGCTCGGTCAATCCGAAGGCGCCGATCACCTCCATGTCGAGCAACTTCGGCAGCCAGGCCCGCACCTGCGCGTCGGACCCGCCGAGCAGGATGGACCAGATGGCCAGCCCGGCATGGACGCCGAAGAACGTCGCCGTCGACACGTCCACGCGGGCCATCTCCATGGTGGCGATGCCCTCGGTCAGCGACGCACCGGGTTTGCGGGAGCCGTCGTCGTTGAAGATGG
CP020382.1_gap36	1412871	1415524	2653	AGGATCGGTGAAACAACCGGGGCTTCGCGGACCGGCAGGAAGCCGTGGATGGTGTGTGCAATGGCCGCGTGGATGAATACCTCCGGCGCGATGCGCACGTCGACCCGGTGAGCCAGGAGCAACGACACCGCCCCGTGGAGCGAGGACCAGACGATGCTGGCTCCGACGCGCGGTTCCGGTGCGTCGAGCATCCCGCGGGCGTGCCCGTCGGCCAGCGTCTCGGCCAGGAGGTCCAGGTTGCGCCGGGCCCGGCGGTACTTTTCGGCGGGGTATCGCTCCATGTGCTCCGGGTGCGCCATGAACATGATCTCGTAATACTCCGCCTGGTCGAGCCCGAACGCCACGTAGGCCCGGCACAGCGCCTGGAGGCGCTGCACGGGGTCGTCGGGATGGCGGGCCGCGGCCTCCCGGAACGCAGCATACAGCCGCTCCATGCCTTCTTCGATCAGGGCGTGGAACAGCGCGTCCTTGTTGTCAAAGTGCAGGTAGATGGCGGTGGCGCTGTAGCCGATCGCCCGTGCAATGCGGCGCATCGTCAGCCCCTTGTACCCCTCCCGCACGAGCAAGCGCCGCGCCGTGTCCAGAATGGCACGCCGGAGATCCGCCTCCGATGTCCGCGATCGTTCCATGCCGGCCCCTGCCGTATCGTTGCGTCCCGCACGAAGTTAACACTGTTAAGCTACGATGCGGGCGGCGGCCTGTCAAGAGAGCGTGAAGGAAAAGACGACGCCCTTACGGCCGGTTACGGCCGGCGCAGCAGCGTCACGTTGCCGACGCCGGCCCGCAGCCGCAGCTCCGGCCCGCCACCGTTGATACGGCCCTCGAAGGACTTCTTCATCCAGCGACCTTCCACGCGGAGCGGGAAGTCCGTGCGCGCCGTGCCCATCCCCGCCACGGCATCGACGCGGCAGCGAATCTCGGCATCCACGTACACGGTCACGTTGCCGGCCCCGGAGGTGAAGACCGAGTCGTCCTCGGGCTGGCAGGTGAGGTCGGCCTCGACGTTGCCGGCGCCGGTGTTCAGTTCCATCGCCCCGCACACCCCGCGGACGGCGATGTTACCGGCCCCGGTGGCGGCTTCCACGAATCCGTCCACGGCTTCGACGGTGATGTTTCCCGATCCCGACCGCAGGTCGACCTCGCCGCGGATGGCTTCGATCTCGATGTTGCCGGCGCCGGTCTTGCCCTCGATCCGCCCTTCGAGGTCGGCGATCCAGACGTTCCCCATGCCGGTGGCGAACTCGACGTGGTACTCGATGGGGACCCGCACCCGGATCGTCACCTTGAGGCGGTTTCGCTCGCCCCAGAAGCGGGAAGGCTCGTGGTATCGCGAGCGGATCTGCACGTCGTCGGTGTCGGCCGACAGGTCGAGGTCGTGCCGACGGAGGACCTCCTCGGCCTCCTCTCGTGAGCCGGCCCGTACGATCCGTTCGACCTCGACCTGCACCGTGCGGCCGCGGCCGGCTTCGATCTCCAGGTTGCCATGGTCCATGTCGACCCGCAGCACCCCGCCCGGACGCACGTCGAAGGATTCTTTGACGATGTCCCGGATGTCGGGGAAGGCGGCCCGGGCCGGTGTGGCCGTCGCAGCCGCGACGGCCAGCAGCAGGGCCGCCAGGGCATACGAAATACGTACGAGTCGGGTCATGGTGCTCCTCGGATACCTCGGTGGGGGTGGCGCTACGTATTCCGACGGGCGGGGTTTCACCACGGCCTGCGGAACCGCCCGTGCGCGATGCGGGTGGAGGGGATGCCGTTGCGTGCCGTATCGCCTATCATCCACGGCACCGCGTCCGGTATCGCACATCCTCCACCCTCTCTGCTCATGCTCTGTATCTGGCGCTTCGTCGTTCCGGCCCTGCTGCTGAGCCTGCTCGTCGGTTGTACCCCGTCCCCGCCCCCGACCCCGCTGCCCATGCACTGGCAGCCCATCGACTCGCTCCAGGCGCTCCTGCCGGACGACATCCGGGTCTATGCCGGCCGCAACGACTCGCTTCCCCTGCGGGCCTGGTACGTCCGCATCGACGAGCCCGACCCGGCCATCACGACGCGCGTCGTGGTGTCCGATGAGGAGGATCGCCGGGAGTCTGCATCGAGCTTTGCCCGGGACCCGGGCGTGTGTGTGGTGGCCAACGGCGGCTACTTCACCATGAAGCGCACCCCGGCCGAGCACGTTGGCCTCCTCGTCCACGACCGGGCCGTTCTGGCCGCCCCCTCGACCACCTTCCAGCGGGATTCGCTGACGTTCGAAGCCGTCCGGGCCGCCATCGGCTTCCGGGAGGACGGCACCATCGAGCTGGGATGGGCCGCCGCGCAGGACGACGCGATCCTGCGCTGGTCCGAGCCGGTGCCAAACCGCCCGGATGCGCCCGCCTCACTCTCCACCACGGCCGAACCGTGGCCCGTCCGGGATGCCCTCGGTGCCGGCCCCGCCCTCCTCGTGGACGGGGCGATCCGGGTGACGGACGACGAAGAGGTGTTCTTCGGCACGTCCATTCCGGAGACGCACCCGCGCACGGCGGCCGGCCGCACCCGGGACGGCGACCTCATCCTGATGGTCGTCGATGGCCGCCAGCCGGAGAGCCGCGGCGTTCGCCTCGACGAGCTGGCCGTGCTGATGCGCGACGTCGGCGCCGTGGATGCGATCAACCTG
CP020382.1_gap37	1448171	1449895	1724	ATTTCGTGCCGGTGCTGCGCGAGTTCCACCGGGTCCTGAAGCCCGGCGGCCGGCTCATCATGATGAACATGACGGTCGGGACGCGGTGGATCCATCACCTCTGGGAAGGGCTCTACCGGCTCTACCCGCCGCTGCTGGGCGGGTGCCGCGGGGTGGCCGTGGCACCCTACTGCGAGCAGGCCGGCTTCGCCCACGTCCGGCGGGCGTTCGTCAGCCAGTGGAGCTTTCCGTCCGAGGTGATCCATGCGGAGAAGCCGTCGTAGCCGCCCGGCGCCCGGCGTCGCTCCGGGCCGGATGCCGGCCGCTCGCGGCAGAACGTTTCCCGAAGTTTTCTGGCAGGGCGGGTTGTATCGCTGGGCTGCATCGCCTACGCTGGAGCACCTACGACCCGCTCACCCCTCCCATCCTGCCTGCCATGCCGTTCGAGTTCGCCTGGAGCGACCCCACCGTTCAGCGCATCCTGCTGACGCTGGTGGTGCTGCTGGTGGCCGTCCTCATCGTGCGCATCGGGCGCCGCCTGGTCCCTCGTTACACCGACGACCCGGCGCGGCAATACCGCGCTTCGCGACTGATCAGCCGCACCACGGCGCTCCTCGCCCTCGTCCTCATCCTCGCGCTGTGGTCCCCCCGGGGCGGCGATCTGCTGCAGATCCTGACGATCATGGGCGCCGGCCTCGCCATCGCCATGCGCGAGGTGCTGCTCGGGTTGATCGGCTGGACGCACCTCGTCTTTCGGGGCACCTACCGGCGCGGAGATCGCATCGAGGTCAACGGCGTACGGGGCGACGTCGTCGACATCCGCCTGCAACACACGATCCTGATGGAAGTCGGCGGGTGGGTCGACGCCGATCAGAGCAGCGGCCGCCTGCTGCACATCCCCAACGGATGGGTTTACCAGTACGCCGTGCTGAACTACAACCACGGCTTCAACTTCATCTGGAACGAGATCGCCCTCACCGTCACGTTTCGCAGCGACTGGGAGGCGGCGCAGGAGATCATGCTGGCCCCGGCCCGGCAGGCGGCGCAGATCGTCGAGCAGCAGGCCGCACGCGAGATCCGTGACCTCTCGCGCGAGTTTCTGGTGCACTACAGCATCCTCTCGCCCTTCGTCTACGTGCGGATCGTGGAGAACGGCATTCGCCTGACGCTGCGGTATCTGTGCGACGTGCGCAAGCGACGGGGCACCGAGCACGCGCTGACGATGAGCATCCTGCGCGGCTTCAAGGAGCACGGCGGCATCGAACTGGCCTATCCGATGGTCGGCGTCAGCCCGATGGAGCCCCCGCAGTTCGGCCCGATCCCCGGCGCACCCCCGCCCGCAGAAGAACCGCCGCAGCCAAACCCGGACCTCGACATGGTCCGCCCGATTCGCACCCGCCCACGCAAGAACAAAAAAAGGAAGGCGCCTCCGAAGCCTTCTCCCCCGGCTGCCGATCCCGGCCCGAACGACACCAACCCCGACGAGGGCCCGGCCGACGAGGGCGCAGAGCACCGCCCCCCCGGCGCGTCCACCTGATCTTCACGAAACCGCCCGGCCCCGGCATTTGCATCACGCGGCACCCCGGCCTTATCTTCCCGGCCATGCGCAACGCGGTGCTCCATACGGCCCATTTTTTCGGCTTCTGGTGGTGGTCCTCCCCCGGAGCAGTGCGCCGTTAGTGCCCCGTGTTCGCAGAGAACACCGTTGTCTCGAGATCGGCCCGCTGCTCCCCCTGAGCCAGCGG
CP020382.1_gap38	1483457	1483964	507	GGGTGCGGATGCGGCGGCAGCCCGGCAGCGCGCTCAAGCCGTTCACCTACGCGATGGCCCTCGCCTCGCGCCGCTACACCGCCGCCACCATCCTGCCGGATCTGGAGACGCAGGTGCTCGAAGCCGGCGGGGCGTTCTCCCCACAGAACTACGACCGTACCTACCACGGCCCCGTGCCGCTCCGCCAGGCGCTGGCGTGTAGCTACAACGTGCCGGCCGTGCACCTCGTCCGCGCCTTCGGCCCGGAGCGGCTGCTCGACCTGTTGCACCGGGCCGGGTTCGCCTCGCTGGACCGGCCGGCCGCCCACTATGGCGTCGGGCTGACGCTGGGCAACGGCGAGGTGCAACTGCTCGAACTGGCCCGTGCCTATGCCGGCCTGGCGCGGGGCGGCTCCCTGCCTCCCGTCACGCCGGTGCGCTGGATCCGCACGCAGGCCGGCGACACCCTGACCGTGCCCACCGAACCGCCCCGGGCCATGGGCCTCTCGCCGCAGGTGGCCTACCTCA
CP020382.1_gap39	1516416	1519447	3031	CGCCCAGCGGGCCTGCAACGGCAGCTTGAGCAGCCGCCCCCGGCGGTCGCCCAGGGCCTCGTGCTTCCGGGACCACGCCACGCCGGCGGTAACCTGCACGCTGCGGGTGAAGTTGACGATGAGTTCCGGGTCGACCTCCAGGCTGCGGATGTCGAAGCGGCGCGTGGCGAAGGACGCGCTCAGCACCCGCTCCCGCTCCCGCAGCAGGGTCAGCCGCAGCGCCCACGCGTCTGCGGGGCGGACGCGGCCCTCGGCAAGCCATTGCCGGGCCAGGCGCTCCTCCTCGCCCGCGGCCAGCTCCGTCAGGCCACGCAGGTCGCTGAAGGTCAGGTCCAGCCCGTAGCGCGGGCGGTTGCGGAAGAGCAGCAGATCCTGCCGCACCCGCAGCCGCCCGGACAGCGTGTTCAGCGAGTCCCGAAAGCGGCGGAGATCGAGCAGGTAGATCCGGGCGAGCGCGGGGTCCCGGCTCTTCTCCTGCACCTCCAGCGTCGTCCGCGAGGAGACCTGCGCCAGCCCGCGCTGCCAGAACGAGCGGGGGGTGCGCCACAGCCGCGCCGGCTCCACGTTCAGCCGCAGCCGGGCCTGCACGTGGATGACCGACGAGAGCGAGTCCGACGGGATGAAGGTGCGCAGATACAGCCCCTCGTTCGGCGTGCGCTCCGGCAACATCTCGTCGACCTGGATCAGGCCGTCGCCGTTGAGGTCTTCCCAGACGTACTCGCCCAGCTCGGGCCCGGCGCGGTAGTAGATCTCCTGCAGCGTGGGCGTGCGCTCGGTGAGGGCTTCGTAGAACCAGTTCGCATCGACGGCACGATCGAGGGGCTGGAAGCGGCCGTTCCAGTTGACCACCACCGACTCGGCATCCTCACGGCGCTCGGTGCGGCGGAAGTAGGGCGTGTAGCGTTTGATGCGATAGCCCAGCGTCGCGTCCGTCGAGAAGCGGCGGCCGGTGCGCGCGGCCACGTTGGCCTGCACGGTCCAGGCCGTCGCCGCCTCGCGCAGCCGCCCCGCCGCCCAGTCCTGCTCGGCGCGGTAGGCCAGCCCCCCGCCGAGTTCCAGGCCGTCGGCAGTCCAGGCCAGGCCCGGGCGGGTCTCCACGAAGGCGAAGGAGGTGGCGGCCAGGCTGTCCGTGCCGAGCACCCGCTGCCGCCGGCGCTCGTGTTCGACCTCGAGGCGCGGCTCCAGGCGCCCGCCCAGCAACGGCTGGCGGACCGAGCCGAGTTGCCGCAGCCAGCGTCCGTCTTCCTGCTGCACGGAGTCGGTGCTGGAGATGTATTCGACGCGGTAGCCGAGCCGGGGGAGGCCGGCCTCGCCGAGTTGCACCTGCGCGGCCTGCCGCACCCCCCGGAAGGCCGTGCCCAGGTCGATGCGCCCGGCCTCACCGCGCAGGTGGCTGGCCTCGCTCCAGGCCCAGGTCAGCTCCGCCTCGTCGACCGTCTCGTCGGCCGTCTGCACCGTCCCCCGCCGGCGTCACCGCCGCGCGAGACGAGGTTCCAGCGGCGCGTGAACTCGACCGGGCGGGTGCGGTCGAACGAGGCGAAACGGGTGCCGGTAAAGCGCCGGCGGATCTGCGCCGAGAGCCGCCCGAGGCCGACGCCAAGGTCATCCACGCGCAGACCCGCCACGTAGGCGTCGCCCACGTCGTCCTCATCATCGAGACGTGAGAGCCGGTTGGGATCGTTGAGCGAGCGTGCCCATTCCCCGAAGAGTTCGACCCCCCGCACCGGGGCCACGCCGCCGCGCAGGTCGAAGAGCTGCTGCCGCCGCGGCATGGGCAACAGCCGGATCGGGGCGTAGGCTCCCTGCCCCTCGCCGGCGTAGCGATACGCGATGCCGTTGACCGTCCGTGCCTCGCGCACGTAGCTGCCCTGCCCCTCGCCGACGTAAGTGAACCGCACGCGGTAGACGGCCTCGCCCGGCTCCGGCTCCCCGGTCAGCACGACGAAGACCGTATCCACGGTGCCGTCGGGCCGGGGCTGCGGCACGCGGGCGTACTGCACATAGGGCGCCTCCGGGTCGAACGGCACCGGCTCGGCCCCGCTGCGGGTGGCCCCCCGGTCGCCGGCCTGCGCCAGCAGCAGCGAGTCCTCCGGCGTCAGCCCCAGTTCCTCGTTGAACTGCCGGCTGTCCGCCTCGCGGAGGAACGTCGCCCCGATGCGCGCCCGCGCCGAGCCGTCGGGCCGCCGGCCGAAACGCGCCTCCGCGTCGGTGCCCAGCAGCGTGCGGGTGAACTGATTCGTGGTGTACTGGAACTCGACCGAGATGCGCCGGTCGGCCGTGACGAGGCGCTTCGAGGTAAAGGTGATTTCCGCCGTCGCATAGTCGATGACGTAGTCGTTCGTCTCCCCGCGGGTGAGCGCCTGGCCGTCCCAGTAGACCGTCTCCGAGCCGGCGATGACGATGATGAAGCGCTCGCCGTTGCCGCCCTGGAGCCGGTAGGGGCCCTGCACGCCGTCGAGCGGCTGCAGATCCTGCGTCCGATAGATGCCGCGCGAGGTGGCACCGGCGACCTCGACGCGGCCGCCCGCCCAGAGTGCCCCGGCCGCGGGCAGGTCGCCGTAGACGGTCGCCCCCTGGAGCTTGCGGTTGAAGCGGGCGAACTCGCTGCGCTGAAAGGCCAGGTCGAAGTCGCCGAGCCGGGCGGTGCCCTGCCGGGCCTGCACCTGGATGAAGACCCGGTCGAACTCGTTGAGCCGCTGCGTCGTCCCCTCCGGCTGGATGGGCGTGTTCTCATCGGTCAGCACCGCCTGCACGTGCACGCCGTCGACCACCTCCCCGGCCAGCTGCATACGCAGCCCCGATTCGAGCGTCACGTCCCGGTTGTTGCCGGCGATGACGCCGCGCGTGATGGACCCGCTGCGCTGGAGCCGCCCCTGCCCGAACGGATCCCCGAAGGGATCGCCGGCAGAGGAGGCCGGCGAAGGGCCGGCGGCAGCCCCGATCGTCCGGTCTTCGACGAGCACGACGGCCCCCGCAGCCCCGGTGTCTGCTCGCTCGACGGCGCGACGGCCGTAGACGTCCCGAAAGGCGA
CP020382.1_gap40	1561530	1564158	2628	GGACGCCTTCACCAGCACCTACGAGTGGGCCGACTTCTACGGCTACGAGCACGTCAACTTCAGCCCGCTCTTCGGCCACCAGTACAGCCATGTCTGGATCGACTTCCGCGGCATCCAGGACGCCTACATGCGGGACAGAGGCATCGACTACTTCGAGAACAGCCGCCGCGCCACGCTCAGCCAGAAGGCCTATGCCCGGGACAACCCCATGAACTGGGAGGGCTACGGCGGGGATTTCTGGGGGCTGACGGCCTCGGACGGCCCGCTCAACGCGGAACTGGAGTACCGGGGCGAGACGCGGCGCTTCCACACGTACTGGGCTCGCGGCGCCAGTAGCCGCCACATCAACGACGACGGCACGCTCGTCCCCACGGCGGCCGGCGGCTCCATCCCCTTCGCCCCGGACGAAACCATCGCCGCGCTGAAGGCAATGCGGGCGCGCTACGGCGACGTGCTGTTCACCGAGTACGGCTTCAAAGACGCCTTCAACCCCAGCTTCGGGCTGACCGGCGCCGCGCCGCAGAAGGGGGAAGTGCGAGAGGGCATCGGCTGGGTGGACGAGGACTACCTGGGCATCGACCAGGGGCCGATCCTGCTGATGGCCGAGAACTACCGCAGCGGCCTGATCTGGGAGGTGATGCGGGACAACCCGTACCTCGTCCGCGGTCTGAAACGCGCCGGCTTCAGCGGCGGCTGGCTCGACGCCGCCCCCATGCCGGAGGTCGCCCCCCTGTTCACCGCGCGGCAGCCCGACCCGGAAGCCGCCCTCGCCGACGCCCGGCTGGTGGTGGTGCTGGGCTCGTCCACCGCCGAAGGCGTCGGGCCACAGCGGGCCGAACACGCCTGGGTCAACCGCTACCGGGCATACCTGCAGCAGCGGGATCCCTCCGTCGAGGTCCTCAACCTGGCCCGGGGCGGCTACACCACCTACCACCTGCTCCCCACCGGCACCCCGACCCCCGAGGATCGGCCGCGTGTGGACACGCTGCGCAACATCACCGCGGCGCTCCGGCGCCACCCCGAAGCCATCATCGTCAACCTGCCCTCGAACGACCGGGCCGCCGGCTACACGGTCGAGGAGCAACTGCGCAACTTCGACGCCATGGTCGCCGCCGCCGAGGCCGCCGGGGTGCCCCTCTGGATCACCACCACCCAGCCCCGTAACCTGGACGACGCCGGTCGCCGCGACCAGCGCGCCCTGCGGGACAGCATCCTGACCCGCTACGCCCCCCGCGTCATCGACTTCTGGACCGGCATCGCCCTCCCCGACGGCCGGCTCGATCCGACCCACGACTCGGGCGACCACCTGCACCTCAACGACGAGGCCCACCGCCTCCTCTTCGAGCGCGTGCGAGACGCCGGCGTGATCCCGCTCCCCTCGCGGTGAAGCCAGCAACCTCGCCGTCCACACACAGACCCGACCGAATGGCTTCGCTGGAGTTCGAAAGCCTCGACGAGTTGACGGCCCACCTCGATGCCGGAGGGCATCTGCGCAACGCTGTGCTCCAGAACCTGGATCTGCGCGCGGTCCGCGAACGGATCCTGGCCGCCGATCCTCGCGGCGCCGTGTTCCTGGGCTGTACGATGGACGCAGCTACGCGGAGTGCCCTCTGGGACCACGAGGCCCTGATCTTCCCCCCTCTCCCCGGCCTGCCCTACCAGCCGTACCGAGCAGCGCTCTACGACGGTCGGGAGCTGTATGCCGGCTTCGACCCGGACACACCGGACAGCTACGCCGAGACGCTGGACGGGCGTATCTACCGGCACTGGCAGCAGACCGGCGGGGCCGAGCCCGCCACGTTGCTGGAGGCCCTGGCTCGCCGCCTGCACGATCTGTCCATCACCAACGCGCTCGATGAAGAAGTGCGCCGGCACGAGCGGCTCGTCGCCGTGATGGGCGGGCACGGTCTGGCCCGCACGGCTACCCGCTACCGCGACGTCGCCCACCTCGCCCGCACCCTCACCCGGCGGGGCTACGTGCTCATCAGCGGGGGCGGACCCGGTGCGATGGAGGCCACCCACCTGGGCGCCTGCTTCGCCGATCGCAGCGACGACGACCTGGAGCACGCCCTCACCCTTCTGGCTACCGCCCCCCACTACACCGACCGCCGGTGGCTGAGCACCGCGTTCGACGTGATCGACCGTTTCGGGCTGGACCAGGAGCGGCCCGTCAGCCTGGGTATCCCGACGTGGTTATACGGCCATGAGCCGCCCACCCCGTTTGCCAGCCACATTGCCAAGTATTTTGCCAACAGCCTCCGCGAAGAAGGCCTGATCACCCTGGCCCGGCACGGCATCATCTTCGCGCCCGGCGGCCCCGGCACCATCCAGGAAGTCTTTCAGGACAATGCCCAGAACTACTACGAGACGCTTGACGTGGTGAGCCCGATGGTATTTCTGGACCGCGACTTCTGGAGCTTCACGCGACCGGCGTACCCTCTGGTCCGGCAGCTCGCCATGAACCGCCGCTACGACCGGCTGGTGACGGCCGTGGACACCCCCGCGGAGGTCGTCACCTTCCTCGAACGGCACCCGCCACTGCGGTGACCGACGGGGCCGCGGTAACGACCCGGCCGCCGACAAAAGAGAAAGCCCCGCCTCCTCAGGGAAAGCGGGGCTTGAACGGAG
CP020382.1_gap41	1572021	1572555	534	TGGTAGTACTATGAGCCTGGCATGCTCACGTACGGTCATGACCTTTTATCTCAGGTCGGTGGAGAGGGCGAAGAACCCACCTGCCCCAGAAGGCAGAGCGAGGGTGCAAAATACATACGCAGGACAGCCATGTAGACTTTAGGAAGAAATCCTTCACCCGTTGAGATCCCCATACGTGCACTATCTTTAAGACTTCGTATAGCGTGGGTCAATGGCGTTGAGGTACCGATGGCAGGTGCGATGTAGCCGCACCCTTCACGGGTGCGCCCCCTGGCCCGCAGGACAGCCCGGGCTGCCGGGACGCGCAACGCGTCCAGATCCGCGGCTACGCGGTGGGTTCGATTCATTAAGGGCAGCCATGCCCTCAATAACAATGACCTCCGCTATAATGACCGATCGTAACCTATAGAATATTGCAGATCCGGTCAATACTTCCGCATATCATTGCAGCATGATGGCACACAGTGGTTCGAGAATGCCTAGCGATTGTAGCACGCAGGCCTTCCGGTGGAGGCAGGATGTGTGGCCGCGTCA
CP020382.1_gap42	1577409	1578261	852	GGCCGGGGAGCGTCTGCCGGTGGATGCCCGGCAGCAGGTGCTCGGTGGTGCCGTAGCCGATCGTCCAGAGGCCGGCGGGGCAGCGGTACCAGCGCCCGGCGAAGCGCTCGCAGCGGCGGATGAGGGCGAGGCCGTCCGGCGTGGTGTCGAGCAGGGCGTTATGGGGGAAGCGGCGTCGCACGGTCATCGCCCTCCCCGCGCCTGCGCCCGGATGTAGGCCTCCAGCCCGGCCCGCGTGATGCGGCGCTCGCCGCCCAGCTTCCACATGGGCAGCTCCCCCGAGGCGATCAGCTCGTTCAGCTTCGTGCGCCCGATGCCGAGGATGCGGCGGACGTCCTCGGTCGTGAGCAGCTCCAGGTGCTTGCCGGCCGAGAGGCGGACGAGCAGGTCTTCGATGCGGGCCTGCCGGGCGGCCAGCTCGGCCAGGTACGCCCGGAGCGCCGCCAGGTCGTCGAGCGGTGCGGGGGTGTGTGTCGGGTGGTTCATGGGGCCGAAGGGCCGCGTTGGCCGTGTAGGGCCGCGTGACGCGGCCGGACGGCCCTTGCGGCCAGTTTGAAGCGGGTGGTGCCGTCGGCACGGCGGACGACCTCGAACTCGGCGGTGCGGTGCAGTCCGCCGTTCGCCTCGCACCAGCGGAGCATCTGCTGGTAGGTGAGCAGTTCCGGCTCCGCGGCCCCGGTGGTGCGGGGCGCGTAGTCGTGCTCGATGGCCTTCACGAGCCAGCCCACCGAGGCGGGGCGTTCACGGTCGAAGCTCGCCACCTGCCGCCGGATGCGTTCCGCCGGGAAGCGCTCGACGAGCCGCCGTGCCACGGGCGCATCCACGCCGCGGCTCGTCAGCAGAAACAGCAGG
CP020382.1_gap43	1607740	1612392	4652	ACCACGCTCGACGCCGAGCAGCAGGAACTGGTCCACGTCATCCGGTCCTCGGGCGAGACGCTGCTGACGATCCTCAACGACATCCTGGACTTCTCCAAGATCGAAGCCGGTCGCATCGAACTGGAGACGCATCCGTTCGACCTGCACACGTTGCTGGAAGACGCGCTGCAGCTCATCGCCGGCAAGGCCGCCGACAGAGACATCGAACTGGTCTGCCGCCTTTCCGGGGAGGTCCCCCGATTCGTAGCCGGGGACCCGACGCGGGTGCGGCAGATCGTCAACAACCTGCTCTCGAACGCCGTCAAGTTCACCGAAGCCGGCGAGGTCGTCCTCTCCGCCGGGGCCACATCGCGCGAGGACAGGCGCGTGGAGCTCCACGTGAGCGTTCGCGACACCGGCATCGGCATGGCGCCGGAGGCGCTGGACCGGCTGTTCGAGCCGTTCAGCCAGGCCCAGGCTTTGACGACCCGCCGGTACGGCGGCACCGGCCTCGGGCTGGCGATCTGCCGCCGGCTCAGCACGCTGATGGACGGACGCATCTGGGCCGAGAGCGAAGAAGGCGTCGGCTCCACATTCCACGTCACCCTGTGCCTCACCCCCACCGAGCCCCCCTCGGAAGAGCCCCCCGGGGAAGCCGCTCCGGACCCCACGGAGAGCTTGCAGGGACGACGTCTGCTGATCGTCGACGATCACGCTGCGAGCCGGGAGGTCCTGGCCGAGTTGACCACCGCCTGGGGAATGCAGGTGCAGGCCGTCGACAGCGGCATCGCCGCCCTCCGCCGGCTGAACGACGCGCCGGGGTACGACGTCGTGCTGATCGACCGGCACATGCCCCGGATGGACGGGCTGATGCTGATCCGCGCCATGGCCCCGCAGCACCCGAACCTGCCCCTCATCCTGATGCATCCCTTCGGTCGACGGGAGCACGATCCTCGTCTGACCGACCAGCTCTCCAAACCCATCCGGCGGGCGGCCCTGGCTCGCACCCTCGCCGCCGCCCTGTCCCGGCCTCCGACGCCCGACCCCGGCGGAGTCGGCTCCGGCGAAGCCGACTCCGCGGCCCCGAGCGAGACGGAAGCGTCCTCGGCGCCGGCATCCGGCTCCATCGCCCCCGCCGAGGAGGCTTCCCCCGCCCCGGCCTCCACGGCGAAGCACGCCTCGCTCCGCATCCTGGTGGCCGAGGACAACCGCGTCAACCAGCAGGTGGCGCTGCGCATGCTGGCGAAGCTGGGAGCACAGGCGGACGTCGCCGCCGACGGTCGCAAGGCCGTCGAGGCCGTGCAGCAGCAGGCCTACGACCTGGTCCTGATGGACCTGCACATGCCGGAACTGGACGGGCTGGAGGCAACCCGCCTCATCCGGGACACCCTGCCGGCCCATCGCCAGCCCCGCATCGTGGCCATGACGGCCAGCGCCATGCCGGAGGACCGCCGCCGCCTCCTCGAAGCCGGCATGGACGACTACGTCAGCAAGCCGACGCGGCTGGACGAACTGGCCGCCGTCCTGGACCGCTGCCGGGACGCCCATCGCGCCGGCACAGATCCGGCACCCACCGAGTCTCCATCATCAGACACCACCACCCCCGTCGTACCCATGATCGACTCCATCCGCACCCAGCTCACCGAACTGGCCGGTGATGACCTGGACTTCATCCGGGAGATCCTCACCGACTACCTGAACGTGGCCCCGGACCTGCTGGCCGGCATCGACGCCGGCCTGGGCGCGTCGGACCCGAACCAGACGCGGGAGGCCGCCCACACGCTGAAGTCGAGCAGCGGCGCCATCGGCGCGCGGGAGCTGCAGCAGCTGTGCGCCGAGCTGGAGGCGCTGAGCCGGGGTGGATCGCTGGAGCAGGCTTCGTCCATCGTCCGGCGCATCCACGAAACGTTCGAGACGCTGCAACAGATCATCCAGGGCGAACTGGACCGGCTCGACGCCCGGCAGGCCGCCTGACCGGACCGGCATCGCCGCAGGGGGGCATTCAGGCCGTCCCACGGGTCTGGCGCACCAGCCAGGCCCCCAGGCGGGGCCACCGGGCGAGGGTGCCCACGGCCAGGCGGGCCAGCGCGGGTCGCTCCCCGGCCCGGTGCAGCCACCGCCCGAGGCGCAGCCGCGCCCGAAACTCCTGCTGCCAGGCCCGGTCGTAAGCCTCGCGGAACGCCTCCGGCCCCAGGGTCCCCGCCAGCAGGCTCTCCACCGGCGGCACCACCAGCTCCGCCGAGCGCAGCGCCATCGCCATGCCGTCCCCGCACAGCGGCGCGATCATGCCCGCTGCATCGCCGAGCAGCGCCACGTCGCCGGCAAACGTGCCTTTGACGCGGAAGGTGATCTGGCTGACGGCTTCGAACGAGGGCGTCAGGCGGGTCATCGCCCCGAAGCGCTCGGCCAGCACGGGGTTGCGGCAGAGGGTCTGCGCGATGTAGGCCTCCGGGCGGCCGCCGGCGGCACGCAGCGCGTCCGCCTGCCCGATCCAGCACACGTTGACGCGACCGTCCTCGACCTCGGAGAGGCCGCAGTACCCACCGGGGAAGGCGTGCAGCTCGATGACGCCGGCCACATCGGCCCCGGTGTAATGCGCCTTGAAGGCCACCCACGGCGTGCTCTGGTGCAGAAACGGCCGCTGCAAGACGCGGTCCAGCGGACTGCGGCGGCCGAAGGCGCCCAACACCACCCGCGCCCGCACCTCCTCCTCGTCCACCCGCACGCGGAACCCCTCGGCCAGCGTACCGGCCACACCCCGCACGGCCCGCCCTGCCTCGGCCACGGCCCCCGCTCCGGCGGCCGCCTCGAAGAGCAGCCGGTCCAGCGTGTAGCGGCTCAGCCCCAGCGCCGTGCCCGGCAACCGCCCCCGGCAACCCCGGCCGTCCGGCGCGGTCAGCCAGAACGTGTCGATGGCCCGTGCGCCGGCCGCCCGGACGGCCCCGGCCACCCCCAGCCGCTCGAACTGCCCCTGCACCTCGGGCGAGAGGAACTCCCCGCACAGCCGATGGGCCGGATACCGCCGCTTTTCGACCAGGCGAACGGCATAGCCGCGCCGGGCAAGCTGGATGGCGGCGCTGCAACCGGCCAGCCCGCCGCCTACGATCAACACATCACAATGCCGGATCATGTCTGTTCGGGCAGGGTGGTCAGGATCCAGCGAAACGCCCAGCGCCAGCGCAGCCGGACGGCCGGCAGCCCGGCCTCTGCGGCCAGCGCCGCCAGCTCGTCCCGGCGAAAGCCGCGCAGCACCGACAGCGGAGCGTCGTGGCGAAACATGGGCGAAACGGGCAGCCCGTGCGCCAGGACCCGGATGGCGTGGTAGGCCACCGGGTGCCGGTGGAGGTCGTTGACGACGAGGCCGGCAGAGGCGACGCGCTGCATCTCGCGCAGCAGGGCGACGGCCGCGGGCGCATCGAAGTGGTGCAGGAAGAGCGAGGCCACCGCCACGTCGATGCAGCCGGCGTCCGCCTCCAGCGCCAGCGCATCGCCGACCTCCAGGCGCACCCGCTCCCGCAGCGAAGGCGGCAACGTCCGGTCGAGCCGCTGCCGGGCCCAGCGGACGGTGGCCGGGTTGGCATCGACGCCGACGACGGACACCGCCAGGCCGCGTGCGGCCGCCCAGCGGACGAGGTACGCCGGGAAGTCCGCGCCGCCGGTGCCGAGGTCCAGGATCCGCGTCGGATGCCCCGGCCGCGCCCGCAGGTACGGCGCCAGCACCGCCATCGTCCCGGCATACCCGCCCAGCCATCGGTTGACCACCTGCAGATCCCGGAGCGCCCGGCCGAGCCGGTCGTCCGTGATCGAGAAGTCATCCATCATCTCGCGGGCCTGCGAGCGGGTGGCAAACGAGGGCGGCGGCATGGGGCGCTCCGGGAGGGCTGGATGCGGGCGTCGACGGAAATCTACGCCGCCACGGCCTCCCGCGCCCGACGGCGAGGCGACATCCGTGTGACGTTCCGGCGCAGGCCCCGCTACGCCGCCTCTCCCCGGTCGATGCGCCGATCCTGCGAAGCGAATTGCGCCGGAGCGGCCTATACTCCGCCGTCCACTTCCCCCCAACCCGACCCCTTCCACCGATGCGCATCGTGCTACCGCTCGTGATCCTCCTGGCGCTCCCCATGAGCGCCGCTGCTCAGAACCTGCTGATCTCCGAGATCATGCAGAACCCACGCGACGTCAACGACTCCGCCGGCGAGTGGTTCGAGGTGTTCAACCCCACCACCGCCGCGATCGACCTCGAAGGCTGGACGATCCGGGACGACGACTCGGACAGCCACGTCATCACGGCAAGCGTCGTCGTGCCGGCCGGCGGCTTCGCCGTGCTCTGCCGCAATGCCGATCCCGGCACCAACGGCGGGCTGACCTGCGACTACGAGTACGCCTCGTTCCAGCTGGCCAACGGCGCCGACGAGGTCATCCTGGAGGACCCGAGCGGCACCGAGGTCGACCGGGTCGCCTACGACGGCGGGTCGCTGTGGCCGGACCCCAACGGCGCCTCGATGGTCTTCAACGGGCAGCCCACGGACGACAACAACGACCCCGCCTTCTGGGTCGAGGCGCTCGAGCGGCAGGCCACCTACACCGGCGCCGGCACCGACCTCGGCTCCCCGGGCAGCGCCGGAAGCCTCCAGAGCGCCCTGCCGGTCGAACTCACCGCCTTCGAAGCGACC
CP020382.1_gap44	1634419	1637893	3474	CCGTCCGGATGGCGTCTTCCATGGCTGCCTCGTCGAACCGGCCGACCACGTAGACGTGCGTCCGCCCCGCGCCCACGTTCTCCTCGTAGAACCGGCGGATGTCCTCCACGGTGTAGGACTGCAGCATGGCTTCCGTCGGGAACAGCCGCCCGTAGGGATGATCTCCGTAGAGCACGGAGCGGAACGTCTCCAGGGCGAGCGTGCCGGGCTGCGTCCGGGCGATGCTGACCTGCCGGATCCGGTCGCGCTTCAGCCGGTCCAGCTCCGAGGCCGGGAAGGCGGGGTGCTGCAGGATGTCGGCGATGAGTTCCACCAGCGCCGGGCCGTACTCCGAGAGCACGTCGCCGCTGACGAAGGACTGATCCACCCCCACCGCCACCTCGACCGAGCCGCCCATGTCGGCCGCCTCACGGGCGATGTCTTCGGCCGTACGCGTGGTCGTCCCCTCCTTCATCAGATCCCCCATGAGGTCGGCCAGCCAGACCTCCTCCGGCCCCTCGTGGATGTTGCCCGTACGGACGACGGCGCGCACCGTAACCTTCGGCAACGCCCCGTAGGGGACGAGCGTGACGTCCAGGCCGTTGTCCAGCGTCAACGTCGTCTTATCCGGGAGCGTGAAGGGCTTCGGCTCGCCACCCGGCGGGGGGCCTGCTGGGCCCGGAGCGGACCGGCCGGCAGCAACCAGACGGCCGTACAGAAAATGAGGAACAGGATCTTCTTCATGGGTGATGCAGCGCGTTGGGACGAGGCGAGAGAGAGGGGCGAGCGCCGGAGTCATCCGGTGGGAGAAGCCACCTGCGTGGCGGGTTCCACGGTCAGGACCGTCCGATTCGTCGGGCGCAGGTACTCCCGGGCCGTCTGCAGGATGAGGTCGGGCGTGACGCTGCGGAAGGCGTCTTCGAGGCGGTTGATGCGGGCGGGGTCGTCGTCAAAGAGTGCGAAGGACGCCAGCAGATCGGCGCGTCCGAAGCCGAAGAGCCCGCCCATCTCGTCGTAGAGGCCGGAGCGGAGCTTGACGAGCGCGCGATCCAGCGTGGCCTGGTCGACGGGCTCGGAGCGCAGGCGCTCGACGGCCGCATCCACGACCGCCATGATCGAGTCGGCCGAGACGTCGCTGTCGTGGAACAGGTAGGCGGTCCACAGCATCGGCCCGTCGTAGTTGTACATGTTGCCGAGCAGGTTGATGCCGCCGCTGACGTCGCCGGTGAGGCCGCGTTCGCTCACGAGCGCCTGGTAGAGCCGGCTGTCCTCGCCCTGGAGCAGGATCTGGTCGATCAGCCCCATGGCATAGTATTCCGGCGAATTCCGCTCCGGCATGTGGTAGGCGAAAGCGAGGGCCGGGCGCTGGGCCAGCCGGTCGGTCTTCGAGAAGACCTTCTCCTCGGTCTGCCGCGGCTCGGAGATGTCCGGCTTGGGCGGCACCTCGCGCGCCGGGATGTCGCCGAAGTACTGCTCGACCCACGCCCGCGCCTGCTGCGGGTCGAAGTCGCCCACGATGACCAGGGCGGCGTTGTTCGGAGCGTAGTAAGTGTCGAAGAAGGCCTGCACGTCTTCGAGCGTGGCCGCTTCGAGGTCCTCCAGGTCGCCGTAGAAGTTATGCGCGTTGTACCAGTTCTCGTTGGCGTACTGCGGCAGGTCGAGCCACGGGAAGCCGCCATAGGGCTGGTTGATGACGTTGACCTTGACCTCGTTGATGACCACCCCCTGCTGGTTGGTCAGGTTCTCCTGCGTGATGGCGAGCCCCTTCATGCGGTCGGCCTCGGCCCAGAGGATGGTCTCCAGCTTGTGGGCCGGGACGATCTCGAAGTAGTTGGTGAAGTCGAACCGCGTCGAGCCGTTGAGCACCCCGCCGCTCTGCTGAACCAGGCGGACGAACTCCATCTTCCCGAGGTTCTCCGAGCCCTGGAACATCATGTGCTCGAAGAGATGGGCAAAGCCCGTGCGGTCGCGCGGCTCGATGCGGAAGCCGATGTTGTAGTAGACGGCGACGACCACGGTGGGGGCCGTGTGGTCTTCCGAGAGCACCACCCGCAGGCCGTTGTCGAGCGTGTAGTAGTCGACCGGCACCTCGAAGGCTTCGGCGCCGTCGCCGGCGCCGTCCGGCCGGCAGGCGCCGAGCGTCAGGCTCAGGCCCACGACGAGGACGGCGAGCAAGGATCTAGGCATGATGAGTCAGCGATGATGGGACGAGACGGGGCAAGCCGGGGCGTACGCACCGGGGACGATCCGGTTACATGACCGCCCCACACGGACCCGGCCGGCACGGGGTCCTCCCACGTCGGTCGGAGGCCGCGGTTCCTCTACACCCCCGTCCTCCGGCTTGTCCCTCTGCAAGGCGGCCTGTATCATGCCGGAACCGGCCCTGCCGGAGACGTCTGCCCCCGCCCTGCCTCGTAACGCCATGTCTGCTGCCTTCCCCGATACCTTCCCCTTCGGCCAGTCCGTCGTCTGGGAACCCGACCCCGGCGTGGTCGCCCGGAGCAACCTGCGGCGCTTCATGGATCGCCACCGGATCGCCACGTACGACGATCTGCTGACCCGGGCCACGGCGGACATCGGCTGGTTCTGGACCGCCGCGCTGGAGGACCTCGGCATCGCGTTCTACACACCCTACGAGCGCATCGTCGACCTGAGCCGTGGTCCGGCGTTCCCGACGTGGTGCGTCGGCGGCGAGATGAACATCGTCCACAACCTGCTGGACAAGTGGCAGGCCACGCCGGTACGCGACCGCGACGCGCTCCGCTGGGAGGGCGAGGACGGCACCCGTCGCACGCTGACCTACGCCGCGTTGCACGCCGAGGTGGGGCGCTGCGCCAACGCCCTGCGCCGCCTCGGCCTGGGCCGGGGCGACGCCGTCGGGCTCTACATGCCGATGACGCCGGAGCTGTGCATCGCCTTCCTGGCCGTCATCAAGATCGGCGGGATCGTCCTGCCCCTTTTCAGCGGCTACGGCCCGGCCGCCGTCGCCACGCGGCTCAACGATGCCGGCGCGAAGGCGCTCGTCACCGCCGACGGCTTCACCCGGCGCGGCAAGGCCGTCGCCATGAAGCCCACGGCCGACGAAGCCCTGGCGGCCTGCCCGAGCGTCCGGCACGTCCTCGTCCACCGCCACGCCGGCCTCGACACGCCCATGCAGGACGGCCGGGACCACTGGTGGCACGACCTCGTCCCGGAGCAGCCGCCCGAGGCCGACACGGCGCGCACCGGGGCCGAGGACGTGCTGATGATCATCTACACGAGCGGCACCACGGGCCGCCCCAAGGGGGCCGTACACACCCATTGCGGCTTCCCCGTCAAGGGCGCACAGGACATGTTCCACAGCATGGACCTCAAACCCGGCGAGTGCATGTACTGGATGACGGACATGGGCTGGATGATGGGACCGTGGCTCGTCTTCGGCACGCTCTGCATCGGGGCGACGATGGTCTTCTACGACGGCGCCCCGGACTACCCCGGCCCGGACCGCGTCTGGCA
CP020382.1_gap45	1641280	1643484	2204	TCGACCCGTACGGGGTGACGACCTACGGCTACTTCGCCTTCGAGCGCGTCGCCGAGCTGCTGCCCCGGGAGTATCGCCCCACCCCGATGCCTGCGACGAGCAGGCGATCCCCGTGAGCGTTTCGCAACGGCCACGACGCGTATCGCCCGATGCCTCTCCCTGGCTATGGGCTGCTGGCTGTGGGCTGCGGGCTGTGGGCGGCTCGCTGAAAGCGGCTGGTTGTGGGCTGCGGACTGACCGCTGACGGCTGATCGCTGAAAGCTGATAACGAGAGGCGCGGCGTGAGGCGAGGACGCAGCCGGCCGCTAGAAGAACAGGCCAAAGGCATGCTTGAAGTGCTCGATCTGCGGTTCGCCCTCCCCCAGTACCACCGCCACCACGTCGAACCGGCACGGCGAGCCCTCCAGGCGGCGCTCGTGCAGGTAGGCCTCGGCTGCCCGGATGATGTGGCGCTTCTTCTCCGGCGTGACGGCCTCCTCGGGTCGCCCGAAGCCCAGGCCGGTGCGGGTCTTCACCTCGACGAAGACCAGCTCGCCGCCCAGATCGTAGGGCTCGGCCGGCTCGAAGCACACGAGGTCCACTTCGGCCCGCTGAAACCGGTACTGCCGCTCCAGGATGTGATAGCCCAGCCCTTCGAGGTACGCGGCCGCGATGGCCTCGCCCCGGTCGCCGACGTCTTTCGTAGCCATGAGGGTGTGAGGGAAGATACGTACAGGGGGGACACGGCGCGCCGCACAGAGACTCACGGCGTCTCGCCGGGGTCGCCCTCGGCCTCCTCCGACGAAGCCGGGGGCGCGTCCTCGTGCATCCGCTGTGCGAAGGCGATGAGGGCCTTGATGAGGTCGACGTTGCGGTGCTGCACGAAGGGCAAGAGCGCACGAGAGAACCCTTCGAACACCTCCATCAGTTGCATCCAGTTTTCGATGCGGGTACAGAACACCTGCTCGGCGCCCGTGAGCGCCCCGCAGTCACGCCGATCGCCCAGCAGGATCTCCCGGCATTCCTCCAGTTGCTGCCGGACGGGGCGCAGCTCGCGCCGCTCCCGCTCGCGGATGATCAGCGCCGTGATCTCCCAGACGTCCTTCTCCGCCACGTAGTAATCCTTGCGCGAGCCGGGTAGATGCACCTTGCGGATCAGATCCCAGTTGGTGAGGGAGCGCAGGTTCATGTTGGCATTGCCCCGCGAGATCTGCAACCGCTCCATGATGGCATCCGTGTCGAGCGGCTCCTCGGAGGCATAGAGCAACGCGTGGATCTGCGCCATGGTGCGGTTGATGCCCCAGTTCGAAGCCATCTCGCCCCAGAACAGGACGAATCGCTCCAGCGCTTCCTGATGCCGGGGCGACAGGCTGTTCTTCCGGGCAACCGAGGGCTCGTCGGTACGCATGGCGTTCGTGGTGGCGAGGAAAGGATGGGCTTCACGGCGCGGTTGCCGGTGCACGGCATCCGGCCACGGCGGCCGTGGTTTCAATGGATACGGTGGTTTCCATGTGTACGGAACGTAGGGCACCCACCGCAAGCACGGTGTGGATTTCCTACGAACCCGGCCCGGCCGGACACGACGGCCGCACCGGAGGTGTCGTTCACCTTAACTTGTCTGCCCCCTGCTTGTTGCGGGCCGTCTCTTCCCTCGCCCGCCCCTCCCCCCTGAGCCAGACTGCCCCTCCCGTGACCAACCTGATCACCCTGACGACGGACTTCGGAACGGGCGACGCCTACGTCGCGGCCATGAAAGGCACCATCCTGTCGATCCTGCCCGAGGCTCGCCTCGTGGACATCACGCACGACATCGCCCCGCAGGACGTGATGGCGGCGGCGTTCGTGCTGCGTGAGGCGGTGCCCTACTTCCCGCGTGGCGCCGTGCATCTGGTGGTGGTAGACCCCGGCGTGGGCACCGACCGCCGCGCCGTGGCGCTGGCCGCCCACGGCTCCCGCTTCGTCGGCCCGGACAACGGCCTCTTCGCGCTCCTGCTCGACGGCGCCGCGCCGGACGTGGTCGTCTCGCTGGATCGCCCGGCCTACTGGCGCACCCCGAACCCGAGCCAGACGTTCCATGGCCGGGACATCTTCGCCCCCGTGGCCGCCCACCTGGCCGCCGGCCGTACCCTCTCCGACGTCGGCACCCCCATCGACGCGCTGCGGCCGATGCACTGGGCCCTGCCCATCCCCGATGCTCAGGGCATCCGGGGCTGGGTCGTCCACAT
CP020382.1_gap46	1647916	1651317	3401	AAGGCGGCGAGAGCCGTGTCTCGCCGCCTTCGGCCACCGTGTTCGATCCGTGGAGCCGGCGCCCCACCCGGGCACCCCGCCCGGGCGCCCCGCCGCCTCAACCGGCCGGCTCTTCCTGAAAGCTCTCGATGGCTTCCTCGACCGAGTCGTAATGCTTGAAGACCGTAATCAGCTTCGTGATCACCAGCAGCGACTGGATGCGGTCGGCCACGTTGGCCAGGCGCAGGTCGCCACCCGCGTTGCGCATCGTGGTCATCCCGCTGATGAGCATGCCGAGGCCGCTGGAGTTCATGAACTTGACCTTCGAGAGGTCCACGACGACGTTCTTCTTCCCCTGCTCCTTCAACTCGTGCAGGGTTTCATGGAGCTTGGCGCCGTCCGGGCCGCCCATGACGTTGCCCTTGAGGGTGATGACAACCGCATTGTAGCGCTCGTCGACGCTGTAGTTCATGTGATCTCGGGGCTAGAGGAAAAGAAAACAGGGAGGGCAGGCCTACCGACGCGCCGCCTTCTGCGCGTCCGCCCGGAGCCGCAGCTCCACCACGACGGGCGAGGCCACGAAGATGGACGAATAGGTGCCGATGGCGATCCCTACGATCAACGCGAACGCGAAGCCGCGCAGCACTTCTCCGCCCAATATAAAGAGCGTCATCACCACGAGCAAGGTCGTCCCCGAGGTGATCAGCGTCCGGCTCAGCGTGTTGTTGATGGACCGGTTGACGATGTTCGGGTAGGCCTCGGTCTTGAACAGGTTCGTGTACTCGCGGATGCGGTCGAAGACGACCACGGTATCGTTGAGCGAATAGCCGACGATGGTCAGCAGCGCGGCGATGATGGTCTGGTCGATCTGCAGCGAGAACGGTAGCAGATGGTGCAGCAGCGAGAACAGGCCGAGCGTGATGAACACGTCGTGGAACAGCGCCACCACCGCCCCCAGGCCGAACCGCCACTCGAAGCGGATCAGGATGTAGGCGAAGATGACCAGCAGCGACCCCAGCACGGCAAAGATGGCCCCTTCTTTCAGGTCCTCGGCAAAGCGCGGCCCGACGATGTCGGTCTTCTGCACGCGCGGGTTGGCGTCGGGAAAGAGGCTGGTGATCCCCTCGAGGATGCGGGTCTGCATCTCGTTGATCTCCCCCTCGGCCAGGGTGCGCACGAGGATGGCATTTTCCCCGAAGGTCTTCACCTCGGGGTCAGAGCCCAGCACGTCGGCCAGCGTCGTGCGCACGGCCGTCACGTTGAGCGGCTCGTCCGTCTCGATGACGAACTCCATACCGCCGCTGAAATCGATGCCGACCTCCAGCCCGCGGGTCACGAGCCCGACGATGCTGATGAGGATCAGGATGCCGGAGAAGATATAGGCGCGGGTCCGGTTCTGAATGAATTCGAAGTTGGCGTTTTCAAAGATGCGCATGGCAGTCTCGGTATCTTGGGGCCGGCCGCCGGCAGGAGGCCCGGCCCGTGCATGTCGAAAGGGCAGGGAGCGACGGCGCCCGCCGCGGAGGCGCCGGGGCACAGGCCCCGGGCCGATCCCCGGCGCGGGGCGCCGTCCCGATCACCCGTAGCTGACCGTGGCGCGGCGCTCGATGATCATGTAGTCGAAGATGATGCGCGTCACGATGATGGCGGTGAACATCGAGCACAGGATGCCGGCCATGAGCGTCACGGCGAAGCCCTGGATGGGGCCGACGCCGAACGAGTAGAGGATGACGCCCACGAAGAACGTGGTGATGTTCGCGTCGACGATGGCGCTCAGGGCCTTCGCATAGCCCGCCTCCACCGCCGCCTTGAGCGTCTTGCCGGTCCCCTGCTCTTCCCGGATGCGCTCGAAGATGAGCACGTTGGCATCCACCGCCATGCCGATCGTCAGCACGATACCGGCGATGCCGGGCAACGTCAGCGTGGCCCCGAAGGCCGCCAGGATGCCGAGGATGAACACGATGTTCAGCAGCAGCGCCAGGTCCGCCACGACGCCGGCCGTGCGGTAGTACCAGATCATGAACAGCGCCACCAGCAGCAAGCCGACGAGCACCGACCAGAAGCCGGCCCGGATCGACGCCTGCCCGAGGCTCGGGCCGACGGTCCGCTCCTCGACGATGACGACCGGCGCCGGCAACGCGCCCGATTCCAGCACGGTGACGATGTCCTGCGCCTCCTCGCGCGAGTCCAACCCGGTGATGCGGGAGCGCCCGCCCACGATGCGACCTTCCACGACGGGATACGAGTAGACCACGCCGTCCAGCACGATGGCGATGTTCTTGCCGACGTTGGCGCCCGTCACCCGGGCCCAGGTCCGCGCGCCCTCGGAGTCCATCGTCATGGACACCTGCGGCTGGTTGGTGAACTGGTCGAAGTCGACCGTGGCCTCTACGATGGCCTCACCGGTGAGCTCGGCGGTGGAGCGCACCCCGAGGATGTCGTAGACCTCGCGGCCGTTCTGGTCGACGCCCACCGGCGAGGCGGTGTACATCAGCTCGATGTCGTCGGGGATGAGCGCCTGCACCTCGGGGTTGCGGAGCAGCCGGTTGACGGCGGCCGTGTCCGTCTCGAGCACCTGCCCGAAGACGACGCCCGGCCCGTAGGGCAGGGGCTGCATCACCGCCAGCAGCGGGTTGCTCGCCCCGATCGGCTCGTCGCCGAGCACGGCGTCACCGGCGGAGGTGTCCGCCCCGGCCAGCAGCGGATCGGCCGCCGAGGTGTCGGCCTCGCCCGTACCGGCGGCTGCGGTGTCGGCCGCGGCCGTGTCGGCGGCGGCTTCGTAGTATTCGATGATGCTCTGGGCGACGCGGGTCAGCTCGGCCGGATCGGCCATGAGGCGGAACTCGAGGCGAGCCGTTCCCCGCAGCAGCCGCCGGACGCGCTCCTCATCGTCGATGCCGGGCAACTCCACCACGATGCGGCGGGTGCCCTGCTTCTGGATGGACGGCTCCGTGACCCCGTAGCGGTCGACCCGCTGGCGGATGATCTCGATGGCCCGATCAATGGCGTCGTTGGCCTCCTGCTCCAGGTAGGCCACGACCTCCTCGTTCGTCGAGCGCCGGTTGATGCCGGCTTCATCGCTGCGGAAATAGCGGGAAAGCCGGGCGTTGGGGTCCCGGGCCTCGAACTCCTGCACAAAGGCCTGGATGAACGAGACGTCGCCGGAGGCGGACCGCGCACGGGCGGCCTCCATCACCTCGTCGAAGGTGGCGTCGGTGTCGGTCGCCAGTTCGCGCACGAGCTCATCGACGCGCACTTCCAGCGTGACGTGCATCCCGCCGAGCAGGTCCAGCCCCAGCTTCAGGGCGCGCTCCTGCGTCTTGCGGATGTCATCGTAGTGTTCCTCCATGTACGCCGCCCGCTCCTCCTCCGTCATCGCCTCGAGCCGCTGGTTGATGACATAGGCTTTCACCGAAGGATAC
CP020382.1_gap47	1655097	1658370	3273	TCCGCAGGAACGCAGGACCGGAGCCGTTTCGTACACGGCGCGCGGCACGCCGGCCGACGCCCGGACGTCAGGGCGTCAGCCGGCCTAGCATCCGGGGGAACGGGATCGTCTCCCGCAGATGCTTGATGCCGGCCAGCCAGGTGAGGGTCCGCTCCAGCCCGAGGCCGAAGCCGCTGTGCGGGACTGATCCGTAGCGGCGCAGATCGAAGTACCATTCGAAGGCCTCACGCGGCAGGCCATGCTCCCGGACCTGGGCCTCCAGAAATGCCAGATCCGTGGCCCGCTCGCCGCCGCCGATGATCTCCCCGTAGCCTTCCGGAGCCAGCACGTCCATGCCCAGCGCCAGGCGGTCGTCCTCCGGGTCCCGCTTCATGTAGAAGGCCTTGACGGCCGCCGGATAACGGTGGACGATGATGGGGCGGTCGAAGTGCCAGGTGAGCACCGTCTCGTCGCTCCCCCCGAAGTCGTCCCCCCAGGTGAAGGTCCGCGCCGATTCCTGCCACTGCGGCAGGTTGCGCAGCATCTCCTCGATCTCCTCGATCCGCTGGTTGATCTCGATCTCGCGCGCGTCGATCTGGCGCTTCTTCCACTTCTTGGCCCGGTCGTAGGCCGCGCGGTTCTCCGCACGCTCGTGCTCCAGCGCGGCCTGTTCCTGGCGGAGGGCCTCCATGCGCTCGTCGAGCATCTGCCGCGTGGCGTCGCTGCGGAGCAGGTCGACGGCCTCGCTGTAGGTCAGCCGCGGGAAGGGTTTGCGGACGCGCTCCAGCGGGGCGAGGTCCCGCCCGAGCACGGCCAGTTCCTCCCGCGCGTGCTGGAGGACGTCCTGGACGATGTGGACGATGAAGTCCTCGGCCAGGTCCATGTTCATGTCCAGGTCATAGAAGGCCATCTCCGGCTCGATCATCCAGAACTCCGTCAGATGCCGGCGGGTCTTCGACTTCTCGGCGCGGAAGGTTGGGCCGAAGGTGTAGATGCGGCCGAAGGCCATGGCCATGGCTTCGCCGTAGAGCTGGCCGCTCTGGGTGAGATACGCCGGCTCGCCGAAGTAGTCGAGGGCGAAGAGCGTGGTGGTGCCCTCGACGGCGTTGCCCGTCAGGATCGGGGCGTCGAGTTGGAGAAAGCCGCGCTCCTGGAAGAAGTGGTGGATGGCCATGACGACCCGGTTGCGCAGGCGCATCAGCGCCCAGGGGCGCCGGCTGCGGAGCCACAGGTGGCGGTGGTTCATCAGGAACTCGATGCCGTGCTCCTTCGGCGTGATCGGGTAGTCGTCCGCCGGGCTGAGCAGCCGCACGGCCGTCGCCTGCACCTCGTAGCCCCCCACCTGCCGCTCGTCCCGCACGACGACGCCGTCGACCTCCAGGGCGCTCTCCTGCGTGGCGGCCTCGGCGGCAGCCCAGGCGTCGGGCGCCACCTGCTCTTCGTTCACCACGCACTGGCAGAGGCCCGTGCCATCACGCAGGATCAGGAAGAACAGCCCTTTCGAGCCCCGTTTATTGTACAGCCAGCCCTTGAGGGTGACGGACTCACCCTCGTGCCGGTGCAGGTCTTCGATATAGGTCCAGCTCATGAAAGGCTACAGAGAAAGGCGGTGGAAGGCGATGGAAGCCAGGCGTCCCCGGCCGAGGCGCCCGGCGCGTGCACCACGCCGCGTCTACCGGATGAGTTCCATCTGCCAGTTGCTCGACTTGGGCTCGCCGGCCACGTTGGAGTGGATGAGGCGGAACGAGCCGAAGCCGTCCCGGTCCAGGAAGACGAAGATGCTCTGCCCCTCGCCCTGCACGTAGTCGTACGTCCAGATTTCGTGCGGGTACTGGTTGGGTTCGTAGAGGTTGGTCTGCACGCTGGAGGGTTCGCCGTATTTGAGGAAGACGCGCCCCCGCTCGGTCTTCCAGCCTTCCATCAGCCCGTCGCCAAAGCGTTCGGTGGCGTACTGAAGCCGGCGGTAGAATTCTTCCTTGAACTCATTGACAAGCGTCTTCGGGTTCGGGTCGCGTTGCCGCCAGAACTCCATCAGGAAGCGTCGTTTCTCCTCGGGGTCCTCGATGCTGCGGGCCCGGCGCCACTCGCGGGGGCCGGCCAGGACGCGCAGGTGCTCGATTGCAGCATCGACCTCGGCGTCGGACATGAGGGCATACTCGCTGTTCTCGTACGAGAGCGAGGTGACCGTCGGCTCGACGCGCTCGACGGTGGGGTTGTAGACGAAGAACTTGCGCGTGCGCACGGCGGACACGGAATCGCCGGCCAGCACTTCGAGACGCAGCTCGTAGGAGCCGTTGGGCACGGCACTCAGGTCGAAAGCGCCGACGATGCGATCGGCCGGTCGGGCCTCGTGCTCGGTCCGGCGCAGCAACCCGGCGACGGGCTGCGTCCGCCCGGCCGGGGTGACCATGGCGCGCACGGTGTAGGCCGGCGTCCCCAGCCGCTCGAGGTGATAGGCCTCGGCGTAGTAGTACAACTGCGTCAGGCCGGCGCCGAAGAGGTGCCGGGGGTTCGGGCGCATGAACAGCCCGTGGCGGATCAGCGCATCCTGCGCCTCGTCGGTGCCGGCACGCAGGCTCGTGGCCAGGATCACGTCGGACAATCGGGCGGTGGAGGCGGGATAGGCAGGCACCGTGAGGTCACGCCGCACCTGCGCGGTGCGGCGGCCGTTGCGGGCGGTCAGCACGAGGGTGTGCGGGCCGGGCGGCGCCACGGCCTGCAGGGCGTGGACGAAGTACTGCCCCTTCTGCAGAGCGCTGGTGTCGGGGCTGAGGAAGGCCACCTCCGACGTATCCTGCCACGCCGGCCTGCCGTCCGCCGCGAGCAACGCCGCCTCCAGAACCACCGGGGCCCGGTACTGCACGCTGTCCGCCCGGTACTCCAGGCTCCGGGCCTCGATGGCCAGGTAGAGAGCCACCTCGGTGCGCGCCTCGTCGAGCGCGAAGGTAGCCTGATCCACGTCCACCTGGAGCCGTGGGGGGCTCTGCGCGGGCGCCGGACGCCCTGCCAGCCCCAGCAGCAGCCCCAGCAGCAGCCCCGGCACCACGCACCGGCATCGCATCGTCATATTCGGAGTCGGATGGGTTTCGAGTCGTCGAGCACGCAATGCCCGGCGGATCGGGGTTGTTCCACCCGGTGGCTGCGGCGGTGCGCCTACAGCCTGCCCATTCCCCAGGCACCCAGCGCCGTCACCAGCGGCCAGGCGACCAGGACGTCCAGCAGCCGCCCCAGGCGACGGCCCGCGCCCTCCGGCACGCCGAGGACGACGCCCAGCATCAGCCCGTATCCGACCAG
CP020382.1_gap48	1666290	1671035	4745	AGATCGTCTGGTTCGAGGTGTATGCCGGCGAGAAAGCCTACAACACCTTCGGCGAGTGGCTGCCCGAGGATACGCTGACGGCCATCCAGGAGTACCTCGTCGCCATCAAAGGCCCCCTCACCACGCCCGTCGGCGGCGGCATCCGCTCGCTGAACGTCGCCCTGCGCCAGCAACTCGACCTCTACGCCTGCGTGCGCCCGGTGCGGTACTTCAACGGCGTCCCCTCCCCGGTGAAGCAGCCGGAACTGGTGGACATGATCATCTTCCGGGAGAACTCGGAGGACATCTACGCCGGCATCGAGTTCAAAAACGGCACCGAGGACGCCGAACGCTTCAAGCGCCTCTTCAAAGAGGCCTTCCCCGACCGCTACGAGAAGATCCGCTTCCCCGATACCAGCGGCATCGGCATCAAACCCGTCTCGCAGGAGGGCACGGCCCGGCTCGTCCGGGCCGCCATCGATTACGCCATCGAGCAGCGCAAGAACAGCGTCACGCTCGTCCACAAGGGCAACATCATGAAGTTCACCGAGGGGGCCTTCCGGGACTGGGGCTACCAGGTGGCGAAGGAAGACTACGGCGCCGAGGACCTCGACGGCGGCCCCTGGCAGGTCATCCGCCTCGACGACGGCCATGAGATCATCGTCAAGGACGTCATCGCCGACGCCTTCCTGCAGCAGATCCTCACCCGCCCGGCCGAATACGAGGTCATCGCCACGATGAACCTGAACGGGGACTACATCTCGGACGCGCTGGCGGCGCAGGTGGGCGGCATCGGCATCGCACCGGGCGCCAACATCAACTACATCACCGGGCAGGCCGTCTTCGAGGCCACGCACGGCACCGCTCCCAAATATGCCGGCCAGGACAAGGTCAACCCGTCGTCGGTCATCCTCTCGGGCGAGATGATGTTCCGCTACCTGGGCTGGAACGAGGCGGCCGACCTGATCATCCACGCCATGGAAAAGACCATCGGCCAGAAGCGCGTCACGTACGACTTCGAGCGCCTGATGGAGGGCGCGACGCTGCTCAAGTGCAGCGAGTTCGGCCAGGCGCTGGTGGAAAACATGGGCTGAGGCCCCCCGCCTCCCACCCAACAAAAAAGCCCGAAGCCATCGAAACGGCTTCGGGCTTTTTTTGCAGCGGGCTTTTCCGACGGCCACCGGAGCCGGCCGCTCAGCGCGTGACCACGAGCGAGCGCGTCCGCGACCCCTGCGGCGTCTCGAGCCGGACCAGGTACAGCCCGCTCGGCAGATGCGCCGCCTCGAACACTGCCGCGTGCCGGCCCGCCGCACGCACCCCGTCGACCAGCACGGCCACCTCCCGGCCCAGCACGTCGTAGACGGCCAGCCGCACCGGCTGCGGCGCGCTCAGCTCGAACGGAATCGTCGTGCGCGTCTGGACCGGGTTGGGCGCACCGGGACCCAGCACCGTCCCCGGCCTCTCCGGCGCCCCCTCGGCCGCCGTGCCGACCTCGAAGAAGTAGCCGGCCATTTCGATGTCGGCCGTGACCGTTGCGCCCGCTGCGACGACGACCGCGTCCTCCAGAAACTCCAGCGGATTTTCGAAGAAGGTCACGCCATCGCCATCCCCATCGTGGGCGCCGAAGACGGCCTGGAAGGGCGCCTCGGTGGAGGGGCCGTAGTACAGCGCCTGGATCGAGTAACTGCCCGGGCGGACGACATTGACCGTGTACTGGTTGGAGACATCCGCCACGACGCTCAGGTAGTCGTTGTCCTGGTCCACGCCCGTGATGATGACCAGCGCGCTGGTGAAGTCCGGGTTCACGTCCGGGTACGTCACCGGATCCAGAAACAACGTGCCGGTGAGCGTGGCATCCCCGAAGGCCTCGGCCGTGGTGAAGTTCACGGCGAAGGGATTGAAGCCATACGTCCAGTCGGATACGCCGTTGTAGACGTAGGTAAAGCCCCAGAAGCCGATGGCATAGTCCGTCGAGGGATCGAGGGCCAGCTGATAGGTAACCTCCCGGCGGTCCCCGCTGACCGAGCTGCCCACCACGGCATCCTCGCCGGCACCGATGATCAGATCCTCGATGCTCTCGATGGAAAACTCCATCAGCGTCGCCTCGTCGGGCAGGGGTTTGTCCAGCGTGAAGGTGAGCGTCGCATCGAGGGCCACGCTCGTCGCACCCTCGGCGATGCTGGCCGAGGTAGCCCGGAAGTCGACCGAGGTCGTCGGGACGTCTTGCGCGTGCACGTCAGGGGGCAGAGCCAGCAGGCTCCAGCCGAGCAGCAGGAGTACGAGGCGACCGGCAGTACCGTGTTTCATGGTGATGGGAGGGTTGGATGAGCGATGCACGAACGGCAACCCCGGCGCGTCGACACGGCGGCTGCCTACTCTACGGGTTCCCACTTCTCTATTCGTCATTTCACCGCCGAAGCGGTCACGCCCCGGCGGCCGAAGCGGTCACGCCCCGGCGGCCGAAGCGGTCACGCCCCGGCGGCCGAAGCGGCGGTGGCCGAAGCTGTCCGAACGTCCTCAGCGGGACTGGCTGTAGAGGTACGCCACCACGGCCGCCACGATCAGCCCGGCGAGGACGGCCAGCGTGATCTTGACCCAGCTCCAGGGCCGCTCGCCCTGCACCTCGCCGGTCCGGGCATTGATCATGAAGCGGTAGACCTTGTCGCGGTACCGATACGCGCTGATCCAGACGGGCAGCAACAGGTGCTTGAACGTGATGTCGTCGTAGCGCGTCCGTTTGGACAGGATGCGCTGCGTATCCCCGCCGATATCCTGCCGGATGGTTGCGTCGATCACCGGCTCCATGCGGCTCGCCGCGATGCCGAAGCCCATCTCCAGGTCCACGCTGTAACTCTCGGCGCGGAAGCCGCTGAGGTACGCGTCGTCGTAGGGCGTCAGCGCCTCCAGGTCCCACGGCTCCAGCGCCGTGATGTACTTGCGCGGCAGCGAGTTGCTGGCACAGACGAGGACATCGTCGAAATGGTTTCGGACGACGCCGGAGGCCGGGTACCACCGCGTCTTACGAACCTGCCGCCTCCGGGTGACGGGCTTGCCGTTCTCGATGGCGGTATAGGTTTCGGAGACGTAGTAATACTCACCGCGCTGTCCGGTGTACGCCGTCGTCGTCACGGCATCGTACGTCCAGTGCGGGATGTACATGCCCGCGAGGCGCTCTTCCCGGCGGGCATAGCGTTTGACGTCGTTCGGGGCGAACCAGAGCCCGCGGATCCATTTCCGAAACGCCGCCTGCGCCTCCTCCCGCGTGACGCGGAAAGGGAGCAGGGCCTGCGGCTTGACGATGCGCTGGGAGACAGCCGTCTGGACGAACGGCGTGTCACAGAACGGGCAGGCATCGGCCGTCACGTTCGGGTCGAGCGTCGTCTCGGCGCCGCACTGTTCGCAGTGCACCGTCAGGACCTCGATGTGATCTTCCCGGGCCTCCTGCTCGGCCAGCACCGCACGGAAGTCCCGCTCCTCGATGGGGTCCTGGCGGGCTTCGATGTGGTTCTCATACCCGCAATACGGGCATTTCAGCAGCTCCGTGCCGGGCTGGTAAGCCAGCGACGCACCACACTGCCGGCAGGGAAACGTACGGGGGGCCGCAGAAGAGGGAAACGGAGGCTCCATGCCGGATCACGCCAGGGACGCAGGAAACGAAATGCGAAGCGGACGACCGGCCGGAAGACCTCGCCGCGCCTCGTCTCCGGTTGTCCGTCCATCGCCCGTCATCAGGGTTACGATGCCGATGGCGGCGGCGGCGGCGGAGTCTGCGCGAAGACGGCCTGCAACTCCGGGACGTCTCCGGCCCTTTTCCAGCCCTCGAAGCCGGCCTTCCAGACGAGCGAATCCGGGGTGAACTGCCCGGCCCGTGCCTGCTGCGCCAGGGTGTTCACATCAAACGGCCCCGTCGTCTGCCCGTCCACGGCCACGTGGAAAGCCACGGGCGGCGGGGGTGGCGGAGGCGAGGCCGGTTGCGCGGCCTGCCCGAAGCCCTGTGCCATCTGGCCGGCCATGGCGAACCCCATGCCCAGGCCCATCCCCTCGGCCGCTCCGCCGCCGGCCGGGTTCTTCGCAGCCTGCTCCATCGCCTGGGCGGCCTGGTACTGGGTATACGCCCCCAGATTGCCGATGACGCCCATGCTCGTGCGCTTGTCGAGCGCTTCCTCGACGGCCGGCGGCAGCGAGATGTTCTCGACCAGCATCGACGTCAACTCGAGGCCGTAGGCCTGGAAATCCGGCCGGATGCGCTCCGCCACGAAGTCGCCCAGCTCGTCGTAGTTGGCCGCCAGATCCAGCGCGGCCAGTCGGCTCTCGGCCAGGACATCGGTGAAGCGGCTGACGACGAGGTTGCGGAGCTGGTTCGTGATGCCGTCGGCGGTAAAATGTCCGTCCGTGCCGACGATCTCGCGGATGAACGTGCCGGGATCGCTGACGCGAATGGCGTACGTTCCGAAGGCCCGCAGCCGGATCGGCCCGAACTCGGGATCGCGGAGCATGATCGGGTTGCGCGTGCCCCACTTCAGGTCGGTGAATTGCCGCGTGTTGACGAAGTAGACTTCCGCCTTGAAGGGGCTCTCGAAGCCGTGCTTCCATCCCTGCAGGGTCGAGAGGACGGGCAGGTTGTCGGTCTGCAGCGTGTAGGTGCCGGGCGGAAAGACGTCGGCCAGGGCTCCCTTGTTGACGAAGACGGCGGCCTGCCCTTCGCGAACGATCAGTTTGGCCCCATATTTGATTTCGTTGTCGTACCGCTCGAAGCGATAGACCAT
CP020382.1_gap49	1697406	1700862	3456	GCTGACCTCCAACCCCGGCATCACCTTCCGCGAAACGATGGAAGGCCCCTTCGCCCTCGGCCCGTCGGACCCGCAGACCGGCTTCGAGCAGGGCTCGCTGGACGGGCACCGCCTCGCCCTGCACGCCACCATCACCATCCACGACCTCGCCCGCTTCATCGCCGACCCCGACCACGCCGGCTCGCTCGTCGCCACGATCGACTTCACCCCGTTCGGCACGGCCCTCCCCGCTCGCCGCGGGGTCTTCAACCTGTTCTCCCCGGCCGACGACCCGGAAACCAGGTACATGGTCTATGAACTGGCCTTCCGCCACGGAGATGAGGACTACTACCTCGCCGGCCGCAAAACCATCCGGGACGATCCGGGCTTCGACCTGTGGAAAGACACCACGACGCTGTTCACCACCCTGCACCGGGGGCCGGACCGGAACGCACCCGTCGTCGGAGCCGGCATCCTCAGCCTGGGCGTCGGCGACCTCATCCGGCTCGTCTCGACCATGCGCGCCATCCACACCGACGCGCTGACCGAGAAGGCTCGCACGCTGGCGACCTTCGGGGCGTTCTTCCTAGGGGAGTTGTGGGACACCTACGCCCGGCACACACAGACGGACGAGTAGACCCGCGACGCGTTCGACGACGAACACACCGCAGCAACGGCCCATCCCGGCCGCCGCCCTCCCGCGTCATCCGCCTCGCCCTTCGACCCTTTCCCTTCGCCTCCGTCCATGTCTTCCTCCCGCAAGATCGACCGCATCCTCCGCGAGATGGATCGTGCCCACGCACACGCCTCACCCGCTCCGCAGGTGCTCGACCTCGCACACGCCCGCTACATCATCTTCTCCGATCATCACCGGGGCGCGCGCGATGGCGCCGACGACTTCCGCCGAACGGAGCGGGCCTACAACGCCGCCCTGGCCTACTACTTCCGGCTGGGCTACACCCTCGTCATCCTGGGCGACGCCGAAGAGCTCTGGGAAGAACGCCCGGGCACCGTCCTGAGTACGTACGACTACTCCCTGCGCATGGAAGCCCGCTTCCATCAGGCCAGCCGGTATCTCCGCTTCTGGGGCAACCACGACGACTACTGGGCCAGCCAGAGCGCGGTGGAGCGCCATCTCGGCCCGATCTTTGGCCCGAACCTGCCCGTACACGAGGCCATGACGTTCCAGGTCGTCAACGGCCCGGAGCCGCTGGGACGGCTCTTCCTGGCACATGGGCATCAGGGATCTTCGACCAGCGACGGCCGCTTCGCCCCCGTCTCCCGATTCTTCGTCCGCTGGGCCTGGCGGCCGATCCAGCGGCTCACGAAGATCTCTGCGAACACGCCCGCCTCCAGCTGGGCGTTGCGTCAGGTCATGAACGACGGCATGTATCGCTGGGCCTGCCAGCGCAATACCGAGGCATCTGCCCCGGGGGAGGCCATGATCCTGATCGTGGGCCATACCCACCGCCCCATCTTCGCCTCGGCCTCGCACCTGGCCACGGTGCAAGCCGAACTGGAAAGCGCCCTGGCCCACCTCCAGGAACGCCCGGACGACCCGGATCGGCGCCGGCGCGTGGCCGAACTGGAAGCGGAACAGGAGTGGATACGGGCCCAGGAAACGCAGGAACCGGATGGTTCCGAGGCGGACCTGCCCGACCTTCCCTGCTACTTCAACACCGGCTGCTGCTCGTTCCTCGACGGGGACATCACCGGCATCGAAATCGTCAACGACCGCATCCGGCTCGTCCGCTGGCCCGATGACGAAGCCCAGCCCAGACCCCAGACCCTGGCGGAGCGCTCGCTGATCGACATCTATGCCCGGCTGCATGAGGCCGCAGGCCACCCCTGATGCGCTGCTCAGACGCGTCCCCGCGATTGCCCGTTCACCAGCGCCGCCCCGATCAGGTGCGCCACACGCAGCGGCTCCGGCAAACGCGCCTTGTGCAGCGTGGCCCGTAGCAACCGCTCCGCCTCGGCGGCCTCCACCCCCGCTGCCCGCACGTACAGCCCCCGCTCCAGCCGCCACGCCGGCGGCGTCCGCTCAACGACCGCCATCCGCTCCGACAACCCTGCGGCATGAAGCGCGGCAGCCAGGTCGCTCCCGTCCGTTTCCCTGCGCGTTACGGCCAGCACGGGCCGGTCCAGCTCCCCCGCCAGCCGGCGCAGATCGACCACGCCCAGCCCGGCTATCGTAATCCCCCGAGCACGATGGCATGCAACGAAGCCATCCAGCGCAGCCCGCGCACCCAGTCAGCCAGAAACGCCGTAGCCTCCGCCCCATCGACCGGAAACGACGTCAGCGCCACGCCCTCCACCAGCGTCGCCCCTTCCATGACGACACCGACGATGGGGACCTCCCCGTCCTGATGCTTGCGGAAGGGGCCGTCGTCGATGCCCAGCACGTGCGGGCGCTTCTGGTGCATGGCTCTCTCCCGGCAAATACCCCGGCCCTGTAAACGAAAAGAGCCCCCGCCGACACGTGCCTGCACGGAGACTCTTTACACTACCTGTCGTGACGACTCCACTCCCTGAAGGAAATGGACCGCCCGGCATAACGACCGGAACCGGGTGTCGGGGGGCCTACCGGAACGTACCGGTCTTTGACGAGGCCGGCGACGCGCTGGACGCCTTACAGCTCCAGCACGCTGTTTTCCTCGAAGTACGGATTCGGGACGTACCCGTCCGCCGCCTCGTCATTGCGCCACTGCGCGTTGTCGACGAGATAGCGGAACTCATACTTCTCACCGGGCGGCAGGGAGATGGTCTTGGTCCAGACGCCCTTCTTCTTCTTCAACTCCATCGGATGCCTAGACGCATCCCAGTCGTTGAAGTCGCCTACGATAGCCACGCTCTTCTCTGCCACGTCGGCGGGCAGTTCGAAGGTGACCCGCACCGACTTCCCTTTCGGGCTCAGTTTCTTTTCGACCATGGTCGATCACCGTTGTCTGTTGGGGTGCCGTTGAGGACGGGGCTTCTTTGCGCTCGGCCCTGTGCAAGTTCCGCACTAAGGCGGTCGTTTGTTCCGGCCGGAAAACATGCAAGCGCTTTCAGCTAAAATCTTAATCAAAAGCTTACGATCCTCTGGCGAGGTCGTCAGCGATGCACCCGATGCAGCGCCAGTTCCAGCGTAGTCATCTGGAGCCGCATGGCCGTCCGCAGCGGCAGCGGCTGGAGGCCGAAGGCGGCGACCTCGTCCGCCGGTATCTCACCTTGCGCAGCACGAAGCCGCCATTCCGGGAGGCGCTCCCGGAGGGCCAGGTAGCGCTCCGGCACGCCCGGCACGGCGGGCCGCACGGGCGGCAGCACGAACAGCGGCAGCTCCGTCACCAGGCACAGCGGATCGCCTCCCAGGGCACGCACGAACTCCATCGAACTCTGATGGAATCGCCCGGCCATGTCTGGATCACCGATGGCCAGAAAATGCGCCCGCATGGCCGCCCCTTCCGGGGTCGTCGTGAACCCCGGTTCGATGTA
CP020382.1_gap50	1705259	1707073	1814	CCGTTGGAGCGGAGCACGTCGAACTCGAGCACGAGCGGGGCGGAACGTGCCCGGTAGACGGGCAGCGCCGTCTCGGACGGCATCCCGGTGGCGGGGTCGACGCCGTAGAGCTGGATGGTCCGCACGGACGTATCCGGGGCGGCGAGGCTGAGCTGGACGAGCATCTCGGAGCGGGCCCGGGCCGTTGCCCGCTCCTGGCGTTCACGCCGGGCCTGGTTGGCTTCCTGCGTGGTCATGCACGCGCCCAGCAGGAGCGCCAGCGCAAGGCCGAGCCCCCCGAGGCGCCACCGCAGCCGTTCACGCGTCATGTCGATGGGGTTCTGGGATGGACGGACACCGCCCCCGGTCCGGGCCGGTGTTCGAGGTGCCGGGGCGGTGGCTACGGGCCGCGCCGCCCGGCGCGGGTGTGGGTCGGCTGCGGCTGTTCGGCGCGCCAGCGGGCCGTCCACTGCACCTGCTCGGCCCATACGCGCAGCGCCGCCGCGGTGTTCGCGTCGCCGGCGTCGGCAAAGGAGCGGGCGGCGGCCAGCGCCTGCTGCCGCGCCGCCTCGGGATTGCCGGTGCGAGCGAGCAGGCGGGCCGTCCAGACGAGGCCCTGCCGCTGGAACGCCCCCTCCGGCAGCACGTCCGGCAGCACGTCCGGCGACGCCGCGGACGAGGTGGCCGTCGGGCGCGCGGGCCGCACCGCAAGGCCGGCCTGCAGGAGCGCCAGCGCCTCGGCCTCTGCCCCGGCGGCCGCGTGCAGAAGCGCCAGGAGGAAGGTCCGGGCCGGCTCCGGCCCGGTGAGGGTCGCCAGGCGACGGGCCTGCATGGCGGGGTCCTGGCCGGAGGCCAGCACCCGGATGGCCTCCGGCACGGCGGCCAGCTCGCGGCGCAGGGCCACCCGCACGCGCTGGTCATGGTCGTAGAGCGGCAGCGTCGCCACGGCGGCGGCGTACGCCGCGCGGGCCGCCGCGGGCCGCCGCAGCAGTGCCAGGGCATCCCCCAGCGCCACGGCCAGCGCCGGCACCCGTCGGGCCGCCGCGAACGTGTCCAGCCGGGCCACGACGAGGGCCGGTTCTCCCCGAGCGAGGTGCACCCCGGCCCAGGCGGCCAGCGCCGCCGGGTAGGCCGGCTGCCGGGCCAGGGCGTCCTCCAGCGCCGCCAGCGCCCCGGTCGTGTCGGCGGCGGCCAGCGCCGCCAGCGCCGCCCGATACCGCCGGCGGTAGACGGGCACGTAGTGCGGGCACCGCTTCTCGAAGAGCGAGGGCACGGTAAACCGCCGCGTCACGACCTCCGCCGCCGCTCGCGCCACCAGCGGCCGCCCGAGCACGTAGCGCTCCCACTCGGCCGCCAGCACCTCCAGCGGCCGCCCGTAGGCCGCCTCGAACGCCGCCCGCGCGTAGGCTCGCTTGAACGGCTCCGGCCCGTAGACGTCCAGCAGATACCGCACGAACGACCCCATCGTGGTGTAGGAGACGGCCCCCCGGCTCGTCCAGAAGCCCAGCGGCGAGAGCCGGGCCGCCACCTGCTCCGCCAGCCCGCCGGCGCGCGCCCCCTCCCCCATGCCGAGCCGCCGGACCGCCGCCACGGCCACCTGCTCGTGCGGCGTCGGGCGCCCGTCCGGCGGCTCCAGCGCCACCGCCAGCCCCTCCACCAGCCCTGCGGACACCGACGCCCGGAGCACCGGCAGGCCGAACGACCGGGAAAACACGTGCGCCAGCTCGTGCGGGAAGACCTGCCCGTAGGCCCCCAGCAGCACGTGCACCTGCGGCTCCCGCAGCCAGACCGGCGCAACGTTCGTGTAGCGGGCGCCGGTCAGCCGTGCCTTCGTC
CP020382.1_gap51	1708361	1711084	2723	CAGGCCGAGCCGCGATTTGATCCAAGGCTGCGGGTTGTACGTCAGACCCAGGCCCTGCGTGAAGGTCGCCGGCGAGAAGAACTCCGACACCTTCACCGGCGGCGCATCCCCGCTCTTGGGCGGCTCCGTGAACGGGTTCCTCTTGTAGTTGAAGCCCGAGGCAAACTGCGTCCGCATCGACGCCGAGATCGTCGGTTGGAAGCGTTTGAAGAAGTCGTCGCCCCGGTATTGCAGCGACGAGTTGATCTGGATGAGGTCGTCGGCTTTGCGGAAATCCAGCGTATCCTGCTTGACCAGACCGAAGGAGAGCCGCATCTGATGGGTTTGCGTCCACCGCTGCGAGGTCCGGGTGGCCTTTCCGTCGGCGCCGGTCGTGAAGGCCAGCGTGTTGAGGCCGCCCTCCTGCCAGTTGTCGTACGCGGCCTGCGACGCGGCGAGCTTCGTGACGAGGTCGACGGCCCATCCGGTGGGCGCCTCCTCGGCTTGATCCTGGGCCTGGCTCCCGGAGACGAGCGTGCCGGCCAGCAGGCCCGCCAGCACCATCAGCCGCCCGGCGGCACGGATCCGGTACATCATCGACGAACGCATCATGGGTCGGGATGACATGGAAGGGTCACACGTACAGGCCGGCCTTGCGTCAGGCCCGTCCACGCCGCCGGGCCTACTCCCCGACGGGCAGAAAAAAAGGCCATGCCCGGAGAGCACAGCCTTTAATCTCGTAGAGCGGAGAGACGCCTTACAGGTCTTTCTTCTTCTCCTGGATCTCCACGCGGATGTCCTGGGCCATCTGCTTCAGCTCCTGCATGGCCTTACGGATGCGCGTGCCGGCAGCTTTGTTGCCCTTCTCGTAGAACTTGGTGAAGTCTTCTTCCAGCTCATGGACGAAGTTTTTCAACGCGTCGAAACGGCTCATCGTATGTGCCTCCTGGTTTAGCGATCTGAAATGAGAAAAAAAGAGGGTAACGCCGGGCGAACCCCTCGAATGCGGGCGCAAACTAACGCACCGCTGTCCGGCTGTCAAGCAATGAACGCCGTGATTGGGGGCGTTTGGGGGAATTTTCGCACGAATCGTCAGCACACGCGGGTTCCGAGGGGGCCGTCGGGAGCCAGCAGCCCCCGGCGATTGGTGAGGAGCACGGGCACGCCCGCCGCCGCCAGCGCCTCGACGGGCGCCGGGTCCGGCAACCAGTCCCCGCCGGCCAGCGCCTCGGCCGGCACCTCGGCCAGGGTCTTCCCCTCCTGCCGGATGCCGGGCGTGTCCGCTTTCAGCAGCGCCACGGCCGTCATCGCCTCCGGCCGCATCGCCTCGGCCAGCGCCCGCAGGACCGCCCCCGCCGCCGCCTCGCCGGGCTGCCCCGAGGCGGCGTCCGTGACGAGCGTGGAGAGCACCGGCACCACGCGCTGCCGCGCCAGATCCCGCACCCACCCGATCCGCCCGACGACCACCGTGCCGTCGGCCTGCCGGCGCATCAGGTTGCGGTCGATGCCGTGGATCCCCACGGCCGGGACCACGGCGTCGGTCAGCGTCGCCACGATGGTGCGGTTCGTCTCGCGCAGCGCCCGCTCGACGAGCGCCCGCTCCTCGGGGCGGGTCACCGCCCAGACCCCGCCGGAGCGCTCGGGGAACAGCCCCTGCGCCTCCAGCAGCCGCTCGGCCCGCTCGCCGCTGCCGTGTACGAGCCACAGCGACGGCCGCTGCGGCCCCGCCTGCGCCACCCACCGCGCCAGCCCCTGAAGAAACAGCGGATCGCCGAGGTGGTAGGCGTCGAGGTACAGCACGTAGGTCATGGCGAACACCGGGTGAAGACGAGATGGTCGGAGCGGATGCCGGACGGCGGATCGACCCTGCCGGGGCCGTCTACCCGCACTTATCCACATCCCTTGATTCCGCCCCCGGGGTCTTCGTTCCTTCCCCTCGCCATGTTCCCGCCTCGCCCGTCGAACGAAGCTGCCTCGATCTCTGCCGCGTATGTGCGAATTCAGCCACATCCATTGCCACACCCAGTACTCCCTGCTCGACGGCGCCGCCCGGATCAAGACGCTCGTCCGGCGGGCGGCGGAGCTGGAGTTGCAGGCCGTCGCCATCACCGACCACGGCAATCTCTTCGGCGTGCCGGAGTTCTACACGGCCGCCCGGAAGGCCGGCGTGCAGCCCATCATCGGGTGTGAATTTTACGTGGCGCCGGACCGCTTCGACCGGAACGACCGCACGCGGTACCACCAGGTCCTCTTCGCCCGCAACGAGGAAGGCTACCACAACCTGATCAAGCTCTCCTCGCTCTCCTACACCGAGGGCTACTACTACAAGCCCCGCATCGACCGCGCCCTCCTGCGGCAGTACAGCGGCGGCCTCGTGGCGACGACCTGCTGCCTCCAGGGCGAGGTCCTCCAGACCATCTTGCACCGGGGCGAGGACGCCGCCCGGGCCGTCTTCGAGGAGTACCTGGACATCTTCGGAGACGACTACTACATCGAGATCCAGGACCACGGCATCGAGGACCAGCGGCGCTGCAACGCCGTCCTGCTCCGCTGGGCCCGGCAGTACGGCGTCAAGGTCGTCGCCACCAACGACGTGCACTACGTCGAACAGGCGGACGCCGCCGCGCAGGACGTGCTGCTGTGCCTGCAGACCGGGAAGGACCTGACCGACCCGAACCGGATGCGCTTCGAGAACGACCAGTTCTTCCTGAAGGACGTCCCGCAGATGCGGCAGGCGCTGGCGC
CP020382.1_gap52	1738153	1738661	508	GCTGTACACCGCCGTTGGGCCGGTCGTCCTCGGCCAGGTAATAGATCGCCTCGGCGTTGGGGCCGACGTCGAGCCGGCGCAGCGAATCCTGCTCGAACAGCCCGACCAGGTGCCGGCCCTGAAGCTGCTGGATCCGGTCGAGCAGGGTGTCTCGCTGCGCCACGAAGGCCTGCCCCCGGACGATGAGGGAGTCGGTTCGCCCACCGCGGCGCGTCACACGGAGGGTATCCCCGCTGACCTGCGTCTGCTCGAACCAGCCGATGGGTTGGCGAAAGAGCCGCACGTCCTCGATGCGTTCGGTCTGCTCCCGGCCCAGTTCATCGCGCGTGACGCGTTCGATGCGGTCGTAGACGACCGAGTCGGCCCGGGCCGCAAAGCCGCGCTGCCAGATCTGCACATCCCCCACGGCGATGAGCCGTCGCAGGGAATCGCGCCGGCTGGCCTCCAGGCGATCGGCGCGGATCAGCAGGGTGTCGATGGACGGATCGGCCGCTGCCGTGTCGGCACG
CP020382.1_gap53	1740413	1742924	2511	ACGAGGTCTTCCAGGTCGATGACCTGCCCGGCGCCGTTGAACACGTAGGCTTCGCCGGCAGCACCCAGCCGAAAGACGAACTGCGCGGTGCCGGCCCGGTCCAGATCCCACAGCGAGATGGGGACGAGGTACTTCAGGCTGATGTAGTTGCACACGTCCACCGGGGCGTTGATGCGGGGGAACGCCGCCTCGCCGCCGGCCGCTCGCTGTGCGGCCCGCAGGAGGTACTCGCTGGCGGGTTTGCCCCGGCCGGTGGGTTTGTAGCGCCCATTACGCAGGAGGTCGCGCGCGGCCAGGCGCACGGCTTCCTCCCGATCCGGCAGATCCGTCCGCCGGGCGGCAAGGAGTGCCGCCAGGCGGTCTTCGAAGTCCGGCGGGGGCGTGGTCGCCTGCACGCCTTCCGCGCGAATCAGGCCCAGCGCCGCATCGGGACGCGGCAGGGTATGGCGAACGAGGATCATTTTTCCGGGGTTTCTATCAGGAACGGCGGCACAGGTCGATCTCCAAAAGGAGAATATGAAAGAATCACCAAAGCTACGGTTTCCTTTATTTTCAGGCGCATACGGCGTACGTTTACGGCGCGTTGCCCCACATCCGCCAACGGGCACTGTTGTTGCATGGCGGTGGCATGGTATCTGTTACGATCACGACGCGACCATCCGCTAACCGCCTCGTGTGACACCACCATGCACAACCCGAAAGAGACACCCTTGACCACTCCCGTTATGAGCTTTACGGTAGAGCCCTGCAACGACGAGACTGTCATCGTGCACGTGGGGAAAGCCCTCGATTTCCGCAATGCGGCGGACTTCAAGGCGGTTTGCCTGGAGCAGGTCCAGGCCGGCATCCGCAACTTCGTACTCGACTTCTCCGACACCGGCATTCTGGACTCGACGGGGTTGGGCTCCATCTTTTCGCTGTATCGCCAGGTCTCTCCGCTGAAGGGCCAGGTGGTGTTCGCGGCGGTGTCCCGACCGGTGCAGGTGGTCGTCCAGTTGACGCGCACCTACAAGGTGTTCCGGCAGTTTCCGACGGTGGACGCGGCCCGGGACGCTCTGTGAGTGCCGGCCGACCTGCTCCCCTGTGCGTGTCGCGTCTCCCGCCCTGCGACGTCCCCCCTCCCACCCCGTGCCCTGCCCCATGGCTTCGATCCGGCACTGCTTCCATGATCTCGACACCGTCGTGGATCAGATCCGCGAGATTCTGGATGACTGGAATGCCCAGACACGCATCGGCGACTCCATCGGAATCGAAACCCTGGAGTTGTTGAAGGTGGCGGTACACGAGTGGATTGCCAATCTGGCGCAGCATGCAAACTTCAACGGCCATCCGCCTCAGGTGACCTTCACGGCCACGCCCCGAGGCCGCCGCCTCGAGTGCATCATCGAAGACAACTCCGCCGGATTCGATCTGGAGGCTCAGCTTGCCAACTGTGCTGAAATCCTGGAAGCGTATCCCGAACGAGGTATGGGCCTGTTGATGTTACAGGCCTGCACGGAAGAGTTGCAGTATGCCTCCGTGGGCGAACATCGCCAACGGCTCCACTTTTACATTCCTGCAGACCAGGATCCATGGCTCAAAATTCCATTCTAGTCGTCGAAGACGAGCACACGCTGCGTCGGCTGCTGGAGTATCGCCTCAGCAAGCAATACGACGTCCGGACCGCAGCCAATGGAGAAGAGGCGCTCGAACGGGTGGCGGATCGCATCCCGGACCTGATCATCTCGGACATCATGATGCCGAAGATGGACGGGTTCGCCCTGCAGGAAGCTCTGCAGAAGGAAAAGCGCACCCGGGCCATCCCCTTCATCTTCCTCACGGCCAAGGCCGACGAGCAGAGCCGCCTTCGTGGCAAACGCACCGGCGTCGACGACTACATCACGAAGCCGTTCGACATCGAGCAGCTCCTCTCCCGCATCGAGACGCTGCTGGAGCGGGCCAGGATCTATCAGACCCAACTGGACGCCCGCATCGGCCAGGACTTCTCGCAGAAGCTGATGCCGAAGAAGATGCCGGCCGTCGAGGGCTACTCGGTCCGCTTCCACGCCCAGCCCCGCGAGTACGGAGGTGGGGACCTCTTCGACTGGACGCAGGCCGAACCGGGGATGTTCTTCTTCACCATCGGGGACGTGATGGGCAAGGGCCTGGAGGCCAAGTTCTATGCCTTCAACTTCCTCGGCTACGTGCGCGGCACGCTGCACGCCATGCTGCCGTCCTCGAAGTCTCCGGCGGATCTGATGAAGCGCATCAACGAGATCATCATCGAGGACGAGGTCATGAAGGAGACCTTCGCCTCGCTGCTGTTGCTGCGCTGGGAGCCGGACAAGCATCAGGTCACGTATGCCAACGCGGGCCACTGCCGTCCCATCCTGGCCTCACCCGGCGGCATCGAGGTCGTCGAACACAGCGACATCATCCTGGGCCTCGACCCCTACGCGCAGTTCACCGATTCGACGGTGCACATCCCCCCGGCGGCTCGCTGATCACCTACACGGACGGCCTGATGGAACA
CP020382.1_gap54	1799873	1801551	1678	GCACGGAATAGCCGTACTGGCGAGCGGCCTGCACGACCATGTGCGCCGCCGCGTCGACGGTTTCGACGGCCGTCACGGCCGCTTCGAAGACGCCGGTGTGCCCGACCATGTCGGGGTTGGCGAAGTTGAGGATGATGAGGTTCGGGGTGTGCTCGCGCAGGTGCTCGCAGACTCGCCAGGCCAGCTCGCGGGCGCTCATCTCCGGGCGGTAGTCGTACGTCGGCACGTCGTCGCCTCGGGGGCTCTGCACGAGCAGCCGGGCCTCGTTGTCGAAGGGCTCCTCCCGGCCGCCGCTGAAGAAGAACGTCACGTGCGGGTACTTCTCCGTCTCGGCGGCGCGGAGCTGCGTGCCGCCCCGCCGGGCGATCACCTCGCCGAGGGTGTTGGTGAGGTTGACCTTTTTGAAGGCGATGGGCAGATCGAACTCGGCGTCGTACGGCGTGAAGGTGACGTAGTACAGGTCGAGGCGGCGCCCCCGGTCGAAGCCGTCGAAGTCGGGCATGGTGAAGGCGCGGGTGAGCTGCCGGGCGCGGTCGGCGCGGAAGTTGAAGAAGATAACGGCATCGCCGTCTTCGACGAGCGTGCTGCGGCCGTCGTGCCGGATGCGGCGCGGCGTGATGAACTCGTCGGTGACGCCCTCGTCGTAGCTGGCGCGCACGGCCTCCGTGGCGCTATCGAACGGCGTGCCCGCCCCCTGCGTGAGCAGGTCGTAGGCCAGCTTCGTGCGTTCCCAGCGGTTGTCCCGGTCCATGGCGTAGTAGCGCCCGATGACCGAGCCGATGCGCCCCACGCCGATCTCCTGCATCTTCGCCTCCAGCGCCTCGACGTACCCGAGGCCGCCGTGCGGGTCGGTGTCACGCCCGTCCATGAAGGCGTGTACCACGACCTGATCCGCCTCCAGCCCCTGCTGCTTCGCCAGCTTCAGCAGGGCGTAGAGATGCTCGTTCGACGCATGCACGCCGCCGTCGGAGAGCAGGCCCATCAGGTGCAGCTTCGTCCCGTGCTCCCGGGCGTGCCGCGCGGCCGCCACCAGCTCCTCGTTCTCGAAGAAGTCGCCGTCCTCGATGGCCTTGTCGATGCGCGTGATCTCCTGATAGACCACCCGGCCGGCGCCGAGGTTCATGTGGCCGACCTCGGAGTTGCCCATCTGCCCGCGCGGCAGGCCCACCGCCAGCCCGGAGGCCTCCAGCGTGGCGTTGGGGTAGGTGGACAGCACGAAGTCCATGAACGGCGTCCGGGCGTGCGCGATGGCGCTGACGGACGGGTCCTCGGCGATGCCGTACCCGTCGAGGATGATGAGGATGTGTCGCTGAGCGGAATCCATGTAGCGTGGCGGTTGACATCAGGAGAAAAAACCGGCGTCAATGTACCCTGAAGTCCGGCACTTTTTTCGTGCTGCGGCCGGATTTCGACTCAAATACATTCATGGACCCGCATCGGGGGCAGGCGATCTGCTGCACGCCGTAGCGGTCCACCTTCGAGGCCGGCTGGTCGACATAGTGATCGCACGTCTTGCAGTAGTACGTGCCCTGCTTCGGGTCGAGCCCGTCGAGCGGCGCGGGAAGCTTCTGCAGGCGTTCGTAGTAGAGGCAGGCCTCCGTGATCGGGCAGCGGTCGCACTTCGGCTGCCGGGCGGTGCAGGTGTAGCGCCCGTGCAGGATGAGCAGGTGGTGCGCTT
CP020382.1_gap55	1806894	1808043	1149	AAGCTGGTATTGACCAGCACGGGGCAGCCCGTCCGGGCCTCGAAGGCACGGAGGAGGCGGTGGAAGAGCGGGTTCGTGGCCGCGTCCACCGTCTGGACCCGCGCCGAGCCGTCCACGTGCGTCACGGCGGGGACGGGGGAGTCGACGTGGCGGAGGCGGTCGAGGCCCTCGCCGCCCACGGTGGCGCCGCGCACGCCGGCCACGAGCAGCATGTACGGGCTGGGCACGTCCAGGTCGAAGACGTCTGCGGCGCGCTCCGCTGTCACGCTGGGCGCGAAGGGGCGGAAGCTCTCGCGGAACTTGATCTTCAGGTTGACGGTGCGCTGCACGTCGCGGCCCCGCGGGTCAGCCAGGATCGAGCGGTGGCCCAGGGCCCGGGGGCCGAACTCCATCCGCCCCTGGAACCATCCCACGACCTGCCCTTCGGCCAGCAGCGCGGCCACCCGGTCCGGCAGGTCCGCATAGCCGACGTGCTCGAAGGGCAGCCCCGCTCCGGTCAGGAAGGCCGCGATGGCGTCCTCCGAGAAGGCCGGGCCGAGGTAGGCCCCCTGCATCGCATCCGGGGTGAGGGGCGTGCGCGGCTGCGCCGCCCAGCCGTGCCAGGCCATCAGCGCCGCTCCCAGCGCCCCCCCGGCATCGCCGGCCGCCGGCTGGATCCAGAGCCGCTCGAACGGCCCCTCGCGCAGCAAGCGCCCGTTGGCCACGCAGTTCAGCGCCACGCCACCGGCCAGGCAGAGGTTCGGCAGGCCCGTCTCGGCATGGACGTGCCGCGCCATGCGCAGGACCACCTCTTCGGTGACGGCCTGCACGGACCGGGCCAGGTCCATCTCGCGCTGCGTCAGCGGCCCCTCCGGCGCGCGCGGCGGCCCCCCGAACCGGGCGGCGAAGCGCCGCCCCGTCATCCGCAGCCCGGCCGGATACGGGAAATAGCGCATGTTCAGCCGGAACGAGCCGTCCGCCCGGAGGTCGATCAGCTCGTCCAGGATCGCCTGCACATAACGCGGCTCGCCGTAGGGGGCCAGCCCCATCAGCTTGTACTCGCCGGAGTTGACCTTGAAGCCGCAGAAGTAGGTAAAGGCGCTGTAGAGCAGCCCGAGCGAATGCGGGAAGTGGATCTCCGCGTGCATCGCCAGCTCGCGGCCGCGGCCC
CP020382.1_gap56	1814333	1816036	1703	ACCCCGAACAGACCCGCATCAAGGCCTACATCGCCTACATCCACGCTCTCGACGCCTACGACCACCCGGTCGTCCTCCACACCTACCCCGGCCAGCAGGAGGCAGCCTACGGCCCCCTCCTGGGCGAAGCCTCGGAACTGGACGGCGTCTCCATCCAGACGCCCTTCGACAACGTCCACGCCGAAACGCTCCGCTGGATCACGGCCTCACAGGAGGCCGGACGGCCGTGGGTGGTGGCCAACGACGAGCAGGGCTCCCACACGACCGGGGTGACGCCCGACGGCCCGAACAGCAACCGCGACGCGATCCGCCACCACACGCTCTGGGGCAACCTGATGGCCGGCGGCGCCGGCGTCGAATACTACTTCGGTTACGAGTACCCGCACGACGACCTCGACGCCGAGGACTGGCGCAGCCGCGATCGGGTCTGGGACGACGTCCGCCACGCGCTGACCTTCTTCCGGGAGCACCTGCCGTTCTGGACGATGGCCTCGCACGACGACCTCTCGCCTCGCCCGGACGATTACGTCTTCGCTCGTCCGGATTCGATCTATGCACTCTATCTCCCCACCGCCACGCCCACCCGGCTCGAACTGGGCACCGCCACGACCTACCGCGTGCGCTGGTACGACCCGCGCAACGGCGGCGCGCTGCAAGCCGGCTCCGTGTCCGAGGTGCGCGGCCCCGGCCTCGTCTCGCTCGGCACCCCTCCGTCCAGGCCCGACGCCGACTGGGTGGTGCTGCTCACGCCGTGAGCCGGACGCAGCGCACCCTGCGAAGGGCGGTTCCACGATCCGATTTCCCTTCCGACCCACGCACTTCGTCCCTCGACCTTTTCGTCACTCCTCGCCCTGCGGCGGCAGGTGGTGGAGGAGCCACTGCCGGAAGACCTCGGCCTCGCGGTGCTTGCCCGTCCAGCGAGCCCGGTTGAACATGGTCAGCGCCATCACCTGCGCGTGGTGTTGCCCGGCGCGGTCGCCGGTGCGGGCGAACTGCTGGTGGAGGCGGTCGATGTAGGCCACGCTGCGCCGCGCGGTGGCCTCGTCCTTGAAGCCCAGCCGCCCGGCGAAGTACCGGGAGTAGGCGTTCATCGGATGCTGCGTGGAGGTGTAGAGGTCGTAGTAGTTGACGTCGATGCCTTCCTCGCGCAGCACCTCGGCCACGTAGCCCGGACGGGCGTCGGTGAGCTGTGCCAGGCCCTCGACGTCGTGTACCCCGGCGGCGTAGAGGGACAGGATCTGCTCCTTCTTGGTCGGCTCCGGGGCCTCCGGGTTGCCGGCGGGCATCATCGGGTCGTCCATGATCGGGCGGCAGGGGTGAGACGGGCGTCCTTCGTCGAACGCCGGCATCCGGCCGGACGATCCCTCCGCCCTCCCGCCGTGGTGCCTCCTGCCCGACGCCTCAGGCCGTCACCGCCTCTGCCGACGGGGAGCGGGAAGCAAACGCCGCCGGATCAGGCACGACGGTGTCGAGCACGCGGGCCGAGGAGAGCACTCCGGGCATCCCGGCCCCCGGGTGCGTGCCCGCGCCGACGAGGTACAGGTGCTCGATGTCCTCACTCGCGTTGTGTGGCCGGAAGAAGGCGCTCTGCGTCAGCACCGGCTCCAGGCTGAACGCCGCCCCCTTGAAGGCGAGGTAATCGTCGTGGAAGCCCTGCGGCGTCAGCACGCGCGAGGTGACGATCTGGCCCTCCAGGTCGGGCA
CP020382.1_gap57	1845844	1850748	4904	ATCCGAAGCGCGATCTCGCCCCGGTTGGCGATCAGAATCTTCTTCATGGCGGGGTAGGTGCTGAAACGACCGCGACCGAGGAAGCGGGCCTCACGCCGGAGGCCGCCGGAAACGGCCGCGCGGACGACGGTGCCGCGGCACCGCAGACCGGCCTCCACCCCGCGCCCACGCGGGCCGGCCGTACCGGCCACGCCGCGAAACACACAGGCAACGGCAGGCCCCGGTACGGCATCCGTCAATCGAGTCTGATGCGGAACAGGGGCTGGTCGTACTCCACCGGCTGGGCGTTCTCGACGAGGATCTCCGTGACGGTCCCGGCCACCTCGCTCTCGATCTCGTTCATCAGCTTCATGGCCTCGATGATGCAGAGCACGTCGCCGGGCTTGACCCGGTCGCCGACCTGCACGAACGGGTCGGCGTCCGGGGAGGGGGCACGGTAGAAGGTGCCGACGATGGGGGCCTTGACTTCGTGCTCGTTCGCCGGGGGAGCCTCCGCTGCGGAGGCCGTCCCGGTGGCGGCTCCGGCGGCCGGCTCCGGCGCCGCGGCGGGCGCAGCGGGCGGCACGGCGCCGTTGGGCGGCGGAGGCGGCGGAGGCGAGGCCGGCATCGGCGGATAGGCCGGCAGAGGGGCATACCCGACGTTGTAGGCCGGCATCGCTGGAGGCTGCATCATCACCACCGGCGGGTTCTTCCGCACCACCAGCTTGAAGTCGTCCTGCTCGATTTCCACCTCCGCCACCTCGCTCTCCGCGACGACCTTGAGCAGCTCTCGGATCTGGGCCAGGTCCATGGGATCAGACACCTTGCGTGAATGGGATGCGATACGGCGGCGCCCCGCCAGCCCGGAAGCCGGCTAGGCCGTCGCCACCCGCGTTTCGTATTCGCCGGTTTCCGTGTTGACGCGGATGACGTCGCCCTCGTTGATGAACAGCGGCACCTGCACGACCGCACCGCTCTCCAGCGTGGCCGGCTTCGTGGCGCCGGTGGCCGTATCGCCGCGCACACCGGGATCGGTCTGCGTGACGACCAGGTCGACCTTCGTGGGGATCTCGGCCGCCAGCGGCTCGTCCGTCTCGGCATGGTAGAGCACGTCGAGGTCGCCGGCATCCTTGAGGAAACGCCGCCCGGGCACGAAATCGGGCGGGATGACGGTCTGCTCGTACGTGTCCTTGTCCATCACGTGCAGCCCCAGGTCATCCTCATAGAGAAACTGGAACCGGCGGCGCTCCACCCGGGCTTCCTCGACCTTCTCCCCCGCCCGGAACGTGTTGTCGACGACCTTGCCGTTGCGGACGTTCTTGAGTTTCGTCCGCACGAAGGCCCCTCCCTTGCCCGGCTTCACGTGCATGAACTCGATGATCTGCCAGACGTCGCCGTTCCAGACCATCGTGAAGCCGTTTCGAAAGTCGCTGGTGTCTGCCATGCTGCAGGTTTTGACGCAAAAAGACGAATAAAGAGAACGCAATATACCGTCCGGGCGGCTTCGGTGTCAACGCGACGGACCGACCCGGGCGGCTGCTGAACGCCTCAAACGCGACGACCTTCCGGGCTCATCAACAATTCAAACGGGGAGCCACGAACCCGTCGACCCGGCCGGCTCACCGGGATGACGCCGAATTCGATGGGCTGAAGCCGGCTTCAGCCCATCGACGCCGAACCCATGGGCCGTTTTTTTCCAGGCTTCGTCCCGACTTTCGTCTTTTTCTTCGTTACCTATGCATGCCGGCGCCGGAACGCGCGCGGAGATTGATGCGAACCTGAACGTTCACTGCTGAGCCATGACGCGCTGTTGTGATGAATCGCTCGACGCAACCGATTGACGAGTACACGCTGGCCGCGTTCATTGCCGGAACGCTGAGCGAGGAACGTCGCCGGGAGGTGATCGCCTACCTCGCCGAACACCCGGAGGCCCGCACGCTGCTGCACATGGCGGTGGAGGCCATGGACGCCGCAACGGAGCCGGCCGCCCCGACGGAGCCGGCCCCCGCGGCCGACGACGATGCCCGGGACGGTGCCGACCGCTCGCCCCTGCCGCGTCCGACACCGACCCGCCGCGACCATCCCGCACGGCCGCGCAGCCGCGGACGCTACCTCACCCTCTCGCTGGCCCTCGTGCTGGCCGGCATCGGCATCGGGATCCTGCTCACACCGCCCATCGACGGCACTCGCACGCCGCACCTCGCGGAAGATGCCCGCCTCGTAGTCGACGTGGATCAGCCCGAACTGGCCTTCTCTTGGAACGCCATCCCGAACGCGGAGGTCTACCGCATCGTCGTCTGGGACCCGGAGGGCGTCCGCATCGTGGCCGAGCACGAAACCGCCGAGACGGAACTCGACGCCGATAGCCCGTTCATGCGTGCCCTGCGTGAGCGCCTGGCGGCCGGGCATCGCTACAGCCTCCGCGTCGACGCGCTCAACGCCCAGCGCCGCCAGATCCAGAGCTCCCGCCCGGTCGACTTCACCCTGGCCCGGACGGACTGATCGGCCGGGCCGTCGGCTTCGGCAGCGAAGCCTTCAAACCGCCTTCGAATACATGCGCTGCGGGGACGCCGCCCCGGGCGCCAGATAAGCATCGAAGGCGGCCGCAATGGTGCGAACGAACAGCCGGCCGACGTCCGTGACGACGAGGCCGTCCTCACGCAGGTCGACCAGGCCGTCCCGGGCCGGCGTTTCCAGCCGCACGAGGGCGTCGGCGAAATAAACCCGCGCGTCGTCGAGGCCCAGTTCGGCACCGAGCCGGGCCCAGTCGAGCCGGAAGTCGCACATGAGGCGGACGATGGCGTGACGGCGGCGCTGGTCGTCCTCCGTCAGGCGAATGCCGCGCTGGACCGGCAGGCGACCGGCCTCGACGGCTTCGTAGTAATCGGGCAGGTCCTTCCGGTTCTGCACGTAGACGTCGTGTACCTGCCCGATGCCGGACGCCCCGAAGGCCAGCACGTCGAGGTCACCGTGGACGTCGTATCCCTGGAAGTTGCGGTGGAGCCGTCCGGCGTCCTGAGCCTGGCAGAGCGGGTCCTCGGGCCGGGCGAAGTGGTCCATCCCGACGTGCCGGTAGCCGGCGGCGGTGAGCCGTTCGATGATGCGGAGGAACAGCGCGAGCTTGGCCGCCCCATCCGGCAGGGCCTCATCCGGGATCAGGCGCTGGTGCACTTTCAACCACGGCACATGGGCGTAGCTGAAGACGGAGAGCCGGTCCGGGCCGAGGTCCTGCACGAGGTCGAGCGTGCGTTCGTAGCTCGCCGGCGTCTGGTAGGGCAGGCCATAGACGAGGTCGTAGTTGACCCCCTCGAACCCGACCTCGCGGGCCCAGGCCGTCACGCGTGCCACCAGCTCCACGGGCTGCACCCGGTTGATGGCCTCCTGCACGCGCGGGTCGAAATCCTGCACGCCGAAGCTGATGCGCCGGAACCCCGCCGCCCGCGCCGCCTCCAGGTGCGCCCGCGTCAGGCCCCGCGGGTCGGCCTCCAGGCTCATGTCGGCCCCGGCATCCAGCACGAAGTGCCGTCGGATGCCGTCGGCCAGCGCCGTGATCTGCTCCGGGGCGAGGTAGGTGGGCGTCCCGCCTCCCCAGTGCACCTGCCGCACCCGGCGCCCGGAGCCGAGGTGCCCGGCGACGAGGCCCATCTCCCGATCCAGCGCAGCCAGATACCGCGGCAGCACGTGAGCGGAGCGGGAGATGACGGTGTGGCACCCACAGTACCAGCAGAGTCGCCGGCAGAAGGGCACGTGCACGTAGACGGACAGATCGCGCCCGGGCATCGCCTCGCGCGCCCGGCCGAGGGCGGCGGCGTAGTCCTCCGGCCCGAAGGCGTCCGAGAAATGGGGAGCCGTGGGATAACTCGTGTAACGCGGCGTCGGGCGGTTATACCGCTGCACCCGTTCCGGCATGAAGGATTCCGGCGTAAGGGAGATCGCGTGCATGAGACGACGACGGTGCGGGGCACCGGCTTCCGTGGCAGCTACATCGGAAGTCCCAAGAACGCCGTTCCGCGCCCACTCCGGCGCGAGGCGGCCCCGGCGGCTGTCGTAGGAGGGCGGCGATCCACGCTGTAGGGCATTCCCTGTCAGGCCCCCCGCCCGCCCCGCGCCCCGATCCTGCCTTAATGACAGAGATGAACCCCTGGCACGGTATTCTCCGTTAGAGGGGCGGGCCTGCCCCCTGGCGGGTCCACCCGTTTCACAGACCGCGATGCATCATGATAGATCAACGCCACCTGCACAACCTGGAGCAGGCCTACCTGGCCGATCACGCCCACCCGGACCGGGTGGACACCCTCGTCGTCGGCGCCGGCTCGGTCCGCCTGACGGTGAAGATGGGCGACGAAGACCGGCGCCCTGACGGCGCGCTGAAGCAGGGCACCGTCTACGATACCCTGCACGACGCGGCGCAACTGGCGGCGGCTTCGCTCACCGAGGACCTGACGCTGACGACCGACGAGTTCGTCCTCTCCCCGATGAACGACCTGTCCGCCGAGCTGCTCACGGCCCGCGCCCAGGTGACGACCTTCAAGCGGGATCGCATCGTCGTGGCGGCCAGCCTGACGGACGAGCACGGCCGCACGCTGGCGACGGCCCGCGGGGTCTTCCGTCTGCACGACGAGGAAGACCTGGAGGATCTGACGCAGGACCTCTCTACGGAAGATCGCTCGCCCATCACGCAGGTCGTCTGGATGACGCCCTTCGGCCCGATCTTCCCGAACTGACTTCTCCTCCTTCTCTTCCACCCGCCCGGCTCCCGGTGGAGCCGGGCTTTTTTGTGTTTCCGCGGCAGCCGTCATGCAGGCCGGGTGCCGGCCAGGAACCGGTAGAGCGGCCAGAGCGCCATCACGGCCTCCAGCGCCTGCCGGACGAGGCCGCTCCGCCAGGCGATCACGTCCTCGCGCGGAAACGTACGGCGCACCCAG
CP020382.1_gap58	1852322	1853380	1058	TGCGCGCGCCGAAGTCCTTGAACGAGAGCGTCGGCCCGTGAAACAGCTCCAGCACGTAGACGCCCTCCCATGCTCCCTCCAGCGGCACGACGGGGACGGGAAACGAGAAGGCATCAGCCACGAGGGCCCGGAGGGCGGCGGCGTCCACCTCGCCGGCGAGCCAGCGGTGCAGCACGTTGAAGGCCAGGTCGGGGAAGCTCGCCGCCTCGCGCCAGGCCGACTCCGGCACGGCCGGGATCGCCGCCGGCACGTACAGGCCGCCGTCCGGCGCCAACCCGCCCAGCAACGCCTCGCGAAACGAGACGAGCGGCTCGGCGGAACGGGTGCTGCGATAGCGGAGGGACGACATGGAGGAGGTCAAGGAATCTGGAAAGGGCGTGCGAAGACGGCGCGAATCGCGGACGGCCGTCGGCTCATGACCCGGGCTCACACCACCCGGACGCCGTCGGGGTCCACCGACGTCACGATGCCCCGGGCGGCAAAGCCGGTCCGGCCACACGCATCGACCATGGCCTCGACGATCTGTTCGGCGGCGGCGGCGGTTTCGGCCAGGGCGAACAGGGCCGGCCCCGAGCCGGTCAGGGCGCAGCCGAGGGCGCCGGCGTCCATCGCCGCGGCGCGCACGGCGTCGTAGCACGGCACCAGCGTGGCCCGCACGGGCTCGACGAGGCGATCCTGCATGATGCAGCGGCCGACGGTCTCCCAGTCGCCGCAATGAAAGGCATCGACCAGGAAGGCCAGTTCGCCGGCGTTGTGCACGGCATCGCGCAGGGGGACCTGCGCCGGCAGCATGTCGCGCGCGGCTTTCGTGAAGACGCGCACCTCGGGCAGCACGAGCGCGATGGGCAGGGCCTTCGGCAGGCGGATGCGGCGGTAGCGGGAGGGGTCGCTGGCCGAGACCAGCACCAGCCCGCCGAAGAGAGCCGGCAGGACGTTGTCGCCGTGGCGCGCGCCCGAGGCGATCTGCTCGCCCGAGAGCACGGCCTGCACCAGGTCTTCCTTGTCCAGCGGCCGGCCCAGCGCCACGTTGGCCGCCCAGGCTCCGGCCACGGCGCTGG
CP020382.1_gap59	1859013	1863900	4887	GAATCGCTGACGTCGGCTTCGAGGATGGGGAAGAGCTTCTCCATGTCCTCGCCGAAGAGGTCGGACTCGAAGAGCTCCTGGCGGGCGTTCATCCAGTTGCGGTTGCCGCGCAGCGTGTTGATCTCGCCGTTGTGGCAGAGGAAGCGGAAGGGCTGGGCCAGCCGCCACCGGGGGAAGGTGTTCGTGCTGAAGCGCGAGTGGACCATCGCCAGCGCGCTCTCCATGCGCGGGTCGGACAGGTCCGGGAAGTAGCGATCCACCTGGAAGGTGGTCAGCATGCCTTTGTAGACGAGCGTGCGCGCCGAGAGCGTGGGGATGTAGAACTGATCCCGCCCGGGGAGGTCGCTGCCCTCGATGGCGTGCTCGGCGACCTTGCGCAGGACGTAGAGCTTGCGCTCGAAGGCGGCCAGGTCGGGCTGCGCCTCCGTCCGCCCGACGAACACCTGCCACATGGACGGCTCCCGCAGCGAGGCTGCCGGGCCGACGTGCTCGCTCCGGACGGGCACGCGGCGCCATCCGAGCAGCGGCAGGCCCTCGGCCCGGGTCAGTTCCTCGAACCGGGCGCGGAGGGCGGCGGCCTGGGCCTCGTCCTTCGGCAGGAACAACGTGCCGACGCCGTAGGCGCCTTCCTCCGGCAGGGTGAAGCCCAGCCCGGCACAGACGTGCTGGAAGAACCGGTGCGGGAGTTGCATCAGGATGCCCGCTCCGTCGCCGGTGGCCTCGTCGCATCCACACGCGCCGCGATGCTCCAGATTTTCCAGAATAGCCAGGCCCTTGCGGATGATGTCGTGGGATTTCGTGCCGTCCATCTGACAGACGAAGCCGACGCCACAGGCATCGTGTTCAAATGCTGGATCGTACAGGCTACTGGAAGAGCGGGACATGCGCATTTCTCGTTTGGGGTGGGACTCAGAGCGTAGGAGCCGCGCCGGGTGCCGGTAGGAGCGGTGAGAGGCCGGATCTGCGCCGTGCGGCGCAGGTACGACGGCACCACGCGCCGGCCGGGTGGGGGGATCAGGAGCGGACCGGGCGGGACGGGCCCGCCGGCCGCGGCGGCGACGAGCCGGCTAGTGGGGCGCCGCCGGAGCCGCTATCTCGTTCTCGGGGGCGACTCGCCGGGCGCTCCGTCGCCGGGCGCTCCGTCGCCGGGAGCCGCTTCGGCAGAGCCGGTGGTTGCGTGGTGCAGGAGGTAGTAGCGGAGCCCGTCCGCCAGGGCCTGCCAGCTGGCTTCCAGGATGTTGGCCGAGACGCCGACGGTGTGCCAGCTGCGGACGTCGTCCCGGTGCTCGACGAGGACGCGTACCTGGGCGGCGGTGCCGTCCTGCGGGTCGATCACGCGCACCTTGTAGTCGGCCAGGCGGACGTCGTCGAGGCAGGGGTAGAAGTCGGAAAGCCCCTGGTGCAGCGCCTTCGAGAGAGCATCGACCGGCCCGACGCCCTCGGCCGCGACGAGCGTGCGGGTGCCCTGGACGTCGATGAGGATCGTCGCCTGCGAGCAGTCGAAGTGGGCGTCTCCCTTCTCGCTGTGGACGCGGGCGCGTTCGACGCGGAAGAACTCTGCCTGCTCGCCCTGGCTGGCACGCAGCAGCAGCTCGAAGGAGGCTTCCGCGCCCTCGAACTCGTAGCCGAGGTGCTCGAGCTCCTTGATGCGCTCGACGGCCTTGCGGGCCTGGCTCGTCTCCTGCAGGTCGATGCCCAGCTCGTCGGCCTTGTAGCGCACGTTGCTGCGCCCGGAGAGGTCGGAGACGAGCACGCGGCGCTTGTTACCGACGGCCTCGGGCTCCAGGTGCTCGTAGGCCCGGGGCTCCTTCATCACGGCCGAGACGTGGATGCCGCCCTTGTGTGCGAAGGCGCTCCGCCCGACGTACGGCGCCCGGTCCACCGGGTCCAGGTTGGCCACCTCGTCGACGAAGTGCGACAGGTCCGTGAGCGTGGCGAGCCGGGCGGGCGCGACGCAGTCGTAGCCGAGCTTGAGTTGCAGGCCCGGGATGACGGCGCAGAGGTCCGCGTTGCCCGTCCGCTCGCCGATGCCGTTGATGGTGCCCTGCACGTGCCGGGCGCCGGCCTCGACGGCCATGAGCGTGTTGGCCACGGCACACCCGCTGTCGTTGTGGGCATGGATACCGACCGGCTGATCGAACCGCTCACAGACGTGCGCCACGATCCGGGCCAGCTCGCCGGGCATGGTGCCGCCGTTGGTGTCGCAGAGCACGAGCACGTCGGCGCCGGCCTCGGCGGCGGCGCGGAGGGTTTCCAGCGCGTAGGCGGCGTCGTCCCGGTAGCCGTCGAAGAAGTGCTCGGCATCGTAGATGACGCGCTTGCCGTGCGCCTTGAGATAGGCCACCGAGGACCGGATCAGGTCCAGGTTCTCCTCCAGCGTCACCCCGAGGGCCACGGTGGCGTGCAGCGTCCAGCTCTTGCCGAAGATCGACACGGCCGGCGTCTCGGCGCGGAGCAGCTCCTGCAGGTTCGGGTCGTCCTCCGGGGCGAACTGCACGCGGCGGGTCGAGCCGAAGGCACAGATCTGCGCGTGGCGCCACTCGACGTCCCGGGCGAGTTCGAAGAAAGCGCGGTCCTTCGGGTTCGAGCCGGGCCATCCCCCCTCGATCACATCGATCCCGAAGGCATCCAGGCGTCGGGCAATGCGCAGCTTGTCCTGGGCGGTGAGCGTCACGTGCTCGCCCTGGGTGCCGTCTCGCAACGTGGTGTCGAAGAGTTCGATGGACGTCATGGCGGTGGGGGTTGAGGGGTGAAACCAGCGAAGGCCGCGGTGCAGGCCGCTGTGCGAGCCGCCGGGCGCTAGTCCTGGGAAGCCGGGATGAGCCCGGCCTGCCGGGCGTATTCGAAGACGTTCCCGGCACGCAGGATGTCGGCCACGTCGCCGAGGGGATTGAGGAGGTATTCCTCGCCGGTGGTGTGGTTGGTGACCTTGCCCAGCGCGGTGTCGATCTCCAGCTCGTCGCCCGTGCGGATGCGGTCGTTGAGCTTCTCCGGCGTCTCGAAAGGCACGACGAACCCGCCGTCGACCGCGTTGCGGTAGAAGATGCGCGCGAAGCTCTCGGCGATGACGGCCTCGCAGCCGGCCTCCTGCAGGGCGAACGGAGCGTGCTCCCGGGAGGAGCCGCAGCCGAAGTTGCTGCCGGCCACGACGATGGTGTAGATGCTCGTGTAGGCGTCCGGCTGCGTGAAGGGGTGCCCCCCCTCCGGCAGGCCCTGCTCCGCCTCCGGCAGGCCGCTGAGCGCATACCGCCCGTACATGCGGCGCTCGTCGGGCTTGCTCAGGCTGTAGACCAGATGCTGCGCCGGGATGATCTGATCGGTGTCGATCGAATCGCCCACGACGTAGGCTTTTCCTCGGATGATGGGTTTCATAGGGGCTGTGGGCTACTGGCTTCGGGCTACGGGCTTCGAGCTACTGGCCAACAGCTAGCAGCCAGCAGCTCAAAGCATTACACAAGAACTTCGCGGGGGTCGGTGATGGTACCGGTGAGGGCGGAGGCGGCCACCGTCAGCGGCGAGGCCAGGTAGACGGACGCCTCCTTCGAGCCCATGCGACCGGGGAAGTTGCGGTTGGTCGTGGAGATGACGACCTCCGTGCCGTGCGTCCGGCCGAAGGTGTCCACCGGCCCGCCCAGGCACGCCCCGCAGCTGGCGTGGCCCATCTTGCAGCCCGCCTGCACGAAGATGTCCCAGAGCGTCGTCCCGTCGATCGTCGTCTCGTGCATCTGCCGGGCAACCTCGGTGCTGGCCGGGACGATGAACGTATCCACGACCACCTCCTGTCCCTTGATGATGCGGGCCGCCGCGAGGAAGTCTTCCAGCTTGCCGCCCGTGCACGAGCCGACGTAGGCCCGGTCGATCTTCGTGCCGGCGACCTCGCTCACCGTCGCCCGGTTGTCCGGGCGGTGCGGCTTGGCCACCACCGGCTCCATCTGCGAGACGTCGTAGACCTTCTCCAGGAAGAAGCGGGCATCCGGGTCGCCGTAGACGGGGGTGAAGTCCGCATCGGTGCGGGCGCGGACGTAGTCGAACGTCTTCTGATCCGGCGCGATGATGCCGTTCTTGCCGCCGGCCTCGATGGCCATGTTGCACAGCGTCATGCGCTCTTCCATCGACAGGTCGAAGACCGCCTCGCCGTCGAACTCCAGCGCCTTGTACGTCCCGCCGTCGAAGCCGATGTCGCCGATGACCTGGAGGATGAGGTCCTTGGCCATCAGGTAGGGCGGCAGGCTGCCCTCGAAGACGAACCGCATGGTCGCCGGGACCTTCACCCAGATCTTGCCGGTGCCCATGATGAAGGCCGCATCGGTGTTGCCCACCCCCGTCGAGAACAGCCCGAAGGCGCCCGAGGTACAGGTGTGGCTGTCCGTCCCGATCAGCACGGTGCCGGGGCGGTTGAAGCCCTCCTCGGCCAGGCCCACGTGGCAGACCCCCTTGTAGCGCGCCGTACCGACGTCGAAGAAGTGCGGCAGGTCCTGCTCGGCGGCAAATTCGCGCAGGATGCGCACGTTACGGTTGGCGTGGGCGTCCGCCGTGAAGATGTAGTGGTCCGGCATGATGACCAGCTTGTTGCGGTCCCACACCCGGGCCTTCTCGCCGAACTCGCGCTTGAAGATGTCGATGGCCGGCGGCCCGCAGACGTCGTGCGTCATCAAGATGTCGACGCTGATCCACACATTCTCGCCCGGCACCACGCGCTCGCGGCCGGCATGCTGTGCGATGATCTTCTCGGTGATGGTCATAAGAAGTAGCTTTCAGGCGTCAGCGTTCAGCGGGCAGCCTGTCAGGTAGATCTCTGAAAGCTGACCGCTGATACCTGACCGCTGCTATTGAAACGACTCGATGATGCCGCGTCCGACGAAGGCGACGTTCTCCTCCTCGGTGCGG
