gap_id	start	end	length	sequence
CP020873.1_gap1	7059	9944	2885	GCTTGTTCCGCACATATTCTCTTACAAGAAGAGCCTCGATCTTTGCAGCTGGTCCTGTTCGCGATGTTTGAGCATAGGTATACGGCATCATCTGCGTCAGGTAGAAATTGCTGCCGGACAGCAGGGAAGATAGTGCCCTTGTTTCCCTTACATCATCGAGTGCATAATCGAGAAGGCGTTGAGGATTACTTTCCCAGAGTTCAGCTATTTCGTTGTATTCGACGTAAGTACGGCCTGGAGCAGCTACACCGAAATGTTGAGCTGCCACTTTCAGTCCGTATCCTGGCAGAGCACGTTGTGAGACATCATAACTCTGTACAAGAAAAAATGTGTCGATAACATGCCGTCCGTTAATCTCGTAATAGGTATAGTCTATGGATCTTTCGGCAAAACGTATCGATGCCGGGTATGTTCTGGGAATCGATCCGTCACGACCTAGTCGGAATTCCACACCGTTGAGTTCGCAGCGCCTGTGAAGATAGGGAAGATCGAAACCGAAAATGTTATGCCCTTCAATCACATCGGGATTCTTCGTCTGAACTACCTTGACAAGCTGCTCCAGAAGTTCCTTTTCCGTACATTCCCGGGCATCGAGAATTTGTTCCCATCCCCTGTTATCACTGAGTGAAATGATGATGACAGGGTCTTTTCCTATTTCAACCTTACTCTTTATATCTTTTTCAGGCCTGAAATAGGTTTCTATATCCAGCTGCATTCTGTGCAGGTCTTCGAACACCATTCCCTTGAACAAGGTTTTACCAGTCTGCATCAGGTATTGCGTTATGGCATCTCCCCTGTTATAGACGAGGTGATTTTTCGCCGGTATACCCGGATTTTCGGTATTCTGATCGGTTATTTTTTTCTGGATATGATCAGCTGCATTTCTGTAATTGCTCCAACTCCTGAATATTGCGAGGTATTTGTAGTAATTTCTTCCTGAAAGCGGAATAAGCCAGTATTTTTCGCTCCGTTCAGGAACAAAGTCTTTGAGGAGTTCTTCCTCGGATAGAAAGAAAAACGGGTAAAATGGTTCATCCCTTGAAAGTACCTTGTTATCCTTTCTTGTATATACTCTGACGGTACAGTCTGATTGCTGGTGAATCCCTACTATGTATTCTTCCTGGTCTTTTCCGTAAAGAAGAGTGTTTTCACCTGTGCTTTCTATAAGCATATTTTTCAATATTTAGCCGATCTTTACGTGTTTTATATCTGTCGTTCGATGAGATGTTTCACGTGAAACATTCTGTTTAACGTCCTATTTTCACCATGAGGACAGATATGTCTGCTGGTGTCACTCCAAGAATTCTCGATGCCTGGCCGATCGTTCCAGGCTTGTGACGTATAAGCTTCTCGCGCCCCTCGTTCGAAAGACCCTTGATCGTACTGTAATCAAAATTATCCGGTATATAGTGGTGCTCGAGCCGTGAAATCTTTTCTGCCATCAGAAGTTCGCGTTTCATATATCCTTCGTACTTGCAATCTATTTCAACCTGTTCATACACATCAGTATCCGTACTGATCGATTCAACGCTTTCTCTGAGTAGTAGTGAGCATTCAAGTATTGATTTCAGAGATATGCCTGGACGTTTGAGAAGTGAAGCGGCTCTCATGCTGCCTTGAATCATACCGATATCGGGACCATTGGCCAGGGTTCCGCTCTCTTCCGGTCTTATGCGCGTGGTCTGAAGGGTTTCCTCTATCTGGCGTATGGCTGATTCCTTTTCAAGGAGTCTGTTGTGGCTTTCTTCATTCTGGATCCCTAATTTGTAACCGTATTTCAGTAGTCTTCTGTCGGCGTTATCCTGTCTGAGGATTATCCGGTGCTCAGCGGCAGAAGTAAACATTCTGTATGGTTCATTTGTCTCTTTCGTGATAAGGTCATCTATCAATACCCCGATGTACGCTTCGCTGCGTTTCAGTGTGAAGGGGGCTTTATCACTGATTTTCAGAGCAGCGTTGATACCGGCCATGATACCTTGTGCAGCAGCTTCTTCGTATCCGGATGTCCCGTTGATCTGACCTGCAAAATAGAGGTTGGCAATGACCTTTGTTTCCATTGTTGGATGTATCTGCCAGGGAAAAAAGTAATCATACTCTATGGCATACCCCGGTCTGATCATGACTGCATGTTCAAGCCCGGGGATAGAAGCCAGGGCCTTTATCTGAATGTCTTCAGGTAGTGATGTCGACAATCCATTGACATACATTTCATTTGTGGTGAAGCCTTCGGGTTCAAGGAAGATATGGTGACTTGTCCGATCACGGAATCTGAAGATCTTGTCTTCAATCGATGGACAGTACCTGGGTCCTACTCCCTGGACTTTTCCCGTGAACAGTGGGGACCTGTCAAAACCTTGTTCAAGTATTTTGTGTGTTTCTTCCGTTGTGTTGGTCAGGTAACAGCTCAACTGTCGTCTGCGTTCCGGTGATTTTGGTGTTGAAAACGAAAACCGGACAGGTTCGCTGTCGCCGGGTTGTTCCGATACTTTACGGTAATCGATAGTTCGCTTGTCTATTCTCGCCGGTGTTCCTGTTTTCAGTCTTCCTGCCCTGAACCCTCTTTTTGTAAGATTTTCCGTCAAGTTATATACCGGTGGTTCCGCTATTGTTCTTCCTCCGGGATAGTGAACCATCCCTATGTGAATGAGACCGTTCAGAAATGTTCCGCATGCAATGATGACGCATGCCGAGTGTATCTTGCGCCCGGTACTGATGACGACTCCCCGGCATTCCTCGTCCTGGGTTATGATGTCTATGACGGTGTCCTGGAGCAGGTAGATATTCGATTCCTTTTCGATGACGTCCCGCATGTATTGTGTGTATGCTGCACGATCGGCCTGGGCTCGGGGAGAGTGCATTGCAGGCCCCTTGCTTCTGTTGAGCAT
CP020873.1_gap2	93503	97949	4446	TGTCGCCGGAGTTCGGGATAGTTGTAGATGGCTCCGTTGAAGACCAGCGTGAGCCCCAGCTGCGTGTCCTGCATCGGCTGCGAGGCACAGTCGCTGAGGTCGATGATTTTCAGGCGCCTGTGACCGAACGCCATCCGGTTGTGAGTGAACATTCCCTGGGCATCAGGTCCACGAGGCTCAAGAGTCTCCAGCATCGAGGCGACTGTCCGGGAGGATGCATACGTTTCATCAAATCTCAGCTCTCCTGCTATTCCACACATATGCTGTTGTTTTGTATTGTTGCTCGTATTCTTCACTGGTCCACCGGCGATCGACGGGTGTGCATTTTCTGCCGGAGTATCGTGTTAACGTATTTTAATATAAGGAACTGAGGGTTGGCGTAAAAATGTGGTGCCATGGCCGGAGGCCGGTTATACTCTTATGCAGCAATGAGTTGCCCTGATTGAAAAAAAAGTGTTACATGACAGCATCACTCTGCCGCGGCAGCCTCTTGCCTGGTCTTGAACGTGATTGCAAGCCACTTGTCGTCGTATTCGGCATTGCGTACCCTGAGGCTTGCCAGAAATGCGGGCAGCACAACCCCTTTCTGATAATTTCCTATCCTCACGGTCATGAGCTCTCCTACCTGTATCACATTCGCTTCCATTTTATTGTCGAAGACAAACGGCAGGCGGAGTTTCATGACGTAGTGGCCATCACTTTTTTTCTGGATATCGACGTGTTCCTCATGATAGAAAATATCGGTCGGGTTGGTGTCGCGGTATATGAGCTCTCCTACCTGGTGCAGCATTTCCAGTCCGTAAACTTCCTTGCGGAAAAGGGGCACCGTGGTGATGGGGATCGGGGCAAACGATGTTTCGATCTGCTCGATATAGGTTTTCTGGATCTCTTTCCATTCACTCAGGTACTGGCCGTCGACCTCATCGCTCATTACCCGGTTGATGACAATCTGATCAACGGTGATGCCGTAGAGGTTCAGATAGGTCAGCGCTCTCATCGACTCCTTGATAACCATCTTCTCTGGGTTCATGACAAGGCGTACTGTGGTTCTGTCCGAATCGGAGAGCAGATCGATAATTCCGTCGATCGATGAAAACAGGTGGTCTACCTGGTCGTAGACCTCTTCTTCGGGGACAAGTTCCCTGAGGCGGCCAACTTTCTTCGATATGGGGCGAATGACCGGTTTGACCACATATTTTTCCATGTTACGCATCAGCTTGAGCATCCACCCGAACGTTTCAGGTATGGAGAGCAGGCGCAGGGTCTCGCCGGTGGGAGCGCAGTCTACTACCAGCAGGTCATATTCACTGGACTCGTTGTACTTTTTGATGTAGGAGAGAGAGAAGAGCTCTTCCATACCCGGCAGCACCCCCATTTCTTCGACATAAATCCCCTTTATGCCCTGTACTTCCATGAGATGGGCAAAGTGTTCACGAACCACCTCCCAATTAAGGTTCAGGTCCCCATACACACTGACTTCCTGACCGAACAGGTTTTCGGCTATCTGTACAGGGCCGAACCCAGGTCGATATCGAAAGAGTCTCCGAGGCTGTGGGCGGGATCTGTTGAGATGACAAGTGTCTTGTATCCCATTTCAGATGCCTTGAGCGCTGTTGCCGCAGCGATCGTTGTTTTGCCGACCCCGCCTTTTCCCGTGAACACGATGTTTCTCATGGTCAGTCAGGGCAAGGAGTGAAGGAAAACGGGAAAAAGGTCACTTCTTCAGTTTCCCGATGAACTCGTTAAAGGAGTCTTTGAGCTTCCCACTGCTCTCTTCGGCTTTGTGTTTCAGCTCGTTCCATTTTTCATCCCCGGATGATGCCAGTTCGCCCAGTTGATCTTTCAGATCAGCAGTACGGTCTTTGAGTTCATCCAGTTGCTCGTAATAGCCTGCCCTCAAGTCGGCAGAAGCTTCGTCGATCTGAGCCTTGAGCTTGTCGATACGTGCTTCCCATTCCTTGATGCGGGTTTCGAGCCTGTCGGTGAATTCCTTTCTGTTGCTCATAGATCCATCCTTTTCTTCTATGTTCATATATTCTTGCAAACCATTAACCAGCAGGGCTGCAGGAGCAGCCCTGTACATAATCCAATGGATCTCGAGGCAAAATAGTTTCAGGAGGGAATATTCAGAGGTACTCGACGATATCGTCGAGCTCTTTGCGGCTTTTCGGTCGCGGTTTTGCGTCCGGTGCAGCGTAACCAAGGGGGTGAAGGCAAACAGGGCCTCATTTTCCTGAAGGGCCAGTGCCGGTCGAAGGACAGCCGGATCGAACGCTTCTATCCAGCACGTGGCTATTCCTTCCCATGTGGCAGCCAGGATCATGTGGTCCATTGCTATGGTCAGATCCGTTTCGATAGAGTTGTATCCGTCATGGCGCCGTGTCCACGATTGGTCACGTCGGCCGGTAACGAACAGAAGGTGAGGCGCCGAACGGATCCAGTCGGCAGGATAGCAGGGATAGATCTCTTCCAGTTTTTCCGGTGAACTGACAACCTTGAATGTCCATGGCTGGAGGTTTTTTGCCGACGGAGCCATACGGCCGGCATTGAGGATGCGCCCGAGAACTTCTTCGGGAACAGGTTTTTCCCGGATGAAACTTCTCAGGCTCGAGCGGCTGGTGATCAGGTCGTAAAAATCCATATCGTTCAGTTGGTTTTTGCCGGAAGCGGAAGTCTGCCTTCGGCAATGTTTTTAATGGTATCGATATCCGATGGCTTTCCGACAGCAGTCAGCTTCCTGATGGGCTGAATGACTGTCCCGGTTCGTAAACAGGTCATTTTCGGTTCAGGCCTGCTGGATTCCCCCAAAGTCTCTGGAGATACTTTTGAACATCTTGTCGGTTGCGCTCTGCATGATGAACGACATACCGGCATTTGTCATGCTTTTGATAATGCTTTCAGGTATGATGCGGAATGCCGGGTAGAGTGTGAATTTTACGTCGATCTGCAGATCGAAATCGACAAGGGTCCTGGACTGTTCATGAGGCTTGACAATCATTTCCGCAAATGCTCTGCCTTCGAAAATGTAATTGCGGGGATCGTCAACCGTTTCTTCGTGCGGATAGTGGCTCCAGGTGATTTTTCTCCCGATGGTGTGACGATTGATGATCTCATCGGGAAGGGTTTCCGGATCGATTCCCTCATACTCATCGGGAAGAGTGACAAGCAGTTCCTGTGTCTCTTCGATATAAAAGATGACGTCAAACGGATTGTTCTGGGGATCGGTTACCCTGAAATGCCATTTGTAGGTATTGTCTTTTCCGGTTTTTTCAACGTTATGACAGAACGGATTGAATCCGAGCAGTCTGGCGTGATCGGACAGATAGTCGATCGTTTCATGAAATTCTCCGTGGAATATCCACTCTCCCTTGCTTTTTCCGGTCGCCTGCATTTCCATAGTGTGCTTCCTCAGTCCCTTTTTTCCGGGCCATACGTTTCATTCCCGGCCCTGTCGTATTGTCGTTGTGCTTGCGGGGGCCGGTTTCAATGCCATGCATAAATAACCAATATACGGAGAATATAAAATAATCGAAGTTCCGGCCTGTCAGGCCCCGAAAGGGTTATCCCGGATGTTCCTGCAACCTTGCAGCCTGCTCATGCAGTTTGAGTGCCTCGATCAGTTCGTCGAGGCTCCCGTCGAGGATCTGTGGCAGAGCATGGCTCGTAAAGCCTATGCGGTGATCGGTAACCCGTGACTGCGGAAAGTTGTAGGTCCGGATTTTTGCACTTCGGTCGCCTGTCGCAACCATTGATTTTCTCAGGTCTGCCCGTGCTCTGTTTTTTTCTGCAAGCAGCATGTCGTAAAGGCGGGCACGCAGCATTTTCATTGCACGTTCCCGGTTCTGTAACTGGAGCGCTCTTCCTGGCATGCGACGACGATGCCGCTCGGAACATGGGTAATCCGCACAGCGGTTTCCACCTTGTTGACATTCTGGCCCCCCTTGCCCCCGCTGCGGAATGTGTCTGTTTCGAGGTCCTCTTTACGTATATCGATATCGACTTCTTCTGCTTCAGGCAGAACGGCTACACTGGCTGCCGAGGTATGGATTCTCCCCTGGGTTTCGGTTTCCGGAACGCGCTGTACCCTGTGCACGCCGCTTTCGAATTTCATGGTGCCGTACACATCATGACCGCTGATTGCAAGAACAGCTTCCTTGCACGCGCCGGGAATGGAGGCTTCATTGAATTCCATCAGCTCGTATTTCCAGCCCTTGCGTTCGGCATACCGTTGGTACATGCGCAGCAGGTCGGTTGCAAACAATGCCGCTTCATCGCCGCCGGTGCCTGCCCTGATTTCCATGATGACGTTGCGGGAGTCTGCTTCGTCTTTTGGCAGCAGCAGCACTTTCAGCTCTTCTTCGAGTCCGGGAAGGGATTCTCCGATATCGTCAGCCTCCTGCCGAGCCAGGGCTTTCATGTCCGGATCCGATTCCTCCATCATGAGCG
CP020873.1_gap3	105756	108078	2322	GCAAGGGAAAAAGGGGCCACAGTGATAGGTATCTGTAACGTGGTCGGTTCGACAATTGCCAGGGAGACCCATTGCGGTATGTATACCCATGCAGGCCCTGAAATCGGCGTGGCGTCAACAAAAGCCTTTACGGCCCAGGTGATCGTACTGTACCTTCTTGCACTGACTCTCGGTAAGGGCAGGACCCTTTCCGATCATGATATCGCCCTGTACCTGAAGGAACTGAGTGAAGTTCCCGACAAAGTGGGCAGGATTCTCGACCAGAATGAATCGATCATCAGGATTGCCGAAGCCTACAAGGAGTCCCGCAACTGCCTTTACCTGGGCAGGGGTTACAATTTTCCCGTGGCCCTCGAAGGTGCGCTCAAGCTCAAGGAAATTTCCTATATCCATGCAGAAGGGTATCCTGCCGCTGAAATGAAGCATGGTCCCATTGCGCTCATCGACGAGGATATGCCTGTGGTCTTTATCGCTACAAGGGATACGACCTACACCAAGATTCTCAGCAACATCGAAGAGGTCCGGAGCCGAAAGGGGAGGGTGATCGCCATTGCAAGTGACGGTGACGAAGATATCGGCAGGCTCGCTGACCATGTTATTCATATACCATCTGCTGCAGGCCCGGTCACTCCGCTTCTGAATGTCATCCCTCTTCAGATGCTTTCATACCATATCGCGACGTTGAGAGGTTGCAATGTCGATCGTCCGCGGAACCTCGCCAAGTCCGTGACCGTGGAGTGATAAGAGTGTTGATGTGTTGATGTGTCGTGCACCGCTTCGCGCATGCAGGGATCACCATTTTCCAATCTTCCCTCGGGAATTATTGGTCGTGAAGATCGGTTTTTCTCTGAAACGGGTCTGTCAATCTCCAAAAACTGCCATCTTATGGAAAATCATATTGTTATCACCGGTGCTACCGGGGTGATCGGTAGCGTTATTGCTGGACGGCTTATTGCTTCGGGGGAAAATGTGGTTGTTTTTTCACGCTCTCCCCGCAGTGCGGCCGCAAAAGTGCCTGGTGCGGCGGCATATGCTGCGTGGGATTACGATGTGCCAAAAGGGGAATGGAACCAGTATATCGATGGAGCCAAAGCCGTGATCCATATGGCTGGGAAGCCATTGCTGGAAGAAAGATGGTCGGAGGAGCACAAGGTGGAGTGCTATGATTCGCGTGTGGTTGGTACACGTAACCTGGTGGCGGCTGTCAACGCAGCAGAACGCAAGCCGGGAGTCCTGATATCTTCATCAGCGATAGGTTATTACGGTTCCTTCGAGAGCTGTGACGATACACCTCCTCTCGATGAGAGCGCTCCTGTGGGAAATGATTTCCTGGCAAAAATCTGTCATGACTGGGAAAAAGAGGCAAGCCAGGTATCGAGTGAGGTGCGGCTGGTTATCCTCAGGACCGGTATTGTTCTTTCAAGCAGAGGCGGAATGCTGCAAAAGCTGCTTCTGCCGTTCAACCTCTTCATGGGAGGGCCTGTCGGGAGCGGTCGTCAGTGCCTTTCCTGGATCCACATTGACGATGAGGTCGCGGCTGTCATCGATGCAGTTGATAATTCCGGACTACAGGGCCCTGTGAACCTGGTCGCCCCCGGGCGGTTTCCATGCAGGAGTTTGCCCGTACCCTTGGTTCTGTCATGAGCCGCCCGGCATTTGTGCCTGTTCCGAAGTTTGCTGTGCAGGTGCTTATGGGTGAAGGAGCTGAGTATGCGGTGAAGGGACAGAATGTGTGCCCTTCAGTTCTCGAGAAGCAGGGCTTTTCATTCTCGTTTACCGATTTGCGCTGGGCATTGAAGGATCTCCTTGACCATAACAAGTAAGCCTGGCTCTCCTTTCTTATTTTCCTCAAAAAAAAAAGCTGCCCCGGATAACACCTGGGCAGCTTTCCTGTATTTTGTACTTCTGATTACAGGGCAGATCAATAACGATCTCTGCGGGCAGGACGTTCTTCCCTTGGTCTTGCCTGGTTGACTTTGATCGTGCGGCCATTGAGGTCTGTGTCATTCAGAGAATCGATGGCTCTCTCCGCTTCCTCATCGTTGGGCATTTCCACAAAGCCGAATCCTTTGGAGCGGCCAGAGAATTTGTCAATAATGATGTTTGCGCTGTCTACCTGGCCAAACTCGTTGAATGCGTTACGAAGGTCGTCTTCTGTTACGCTGTATGGCAGGTTGCCAATGTAAATGTTCATGATAATCTCGTAGAAACCTGTGCTTTGATAGAAAGAAGAGCGCATTCAAATAACCAAAAGCACAAAATTATCTGAAAGCGGTCAGTCAACCATTGACTAATACAGGTTCAATTTACTCTTCTGCCGGA
CP020873.1_gap4	292865	296473	3608	AAATGCTCCTGCAGCAGGGTATTTGATCGCTCGAGGTCATCCGGGTGACACAGCCTTTTCCACAGTTCGATAGAGACAGGGGCCAGCTCATCGAGACGGTAACCGGTAATTTCAGCCCAGCGCTCATTGATGACAAGCTCACCGCTCCTGATGTTCCAGTCCCAGGAACCCGCAGCCGTTCCTTCCACAACCATGGAAAGCCGCTGAAATGACTGGAGCAGCTGGTTGTCGTCCGGTGTTATGCATTTCTCTTCGCCGGAGCTTTTCATATGTTCATATTTTTCAGGGGGAGTGATGATGTATCTGGTTCCATGGTTTATGTGTATCTGTAAAACAGCCCGAGGATGATAGAATCCTGTAAGCGGGCAGCGCATGACGACAATCGGGTTATTCCTTCACCGTCAGGGTACTGCCCGCGAAGCCGGCATAAAAAACGATGATTTCTGCCGGCTTGTCGCCATCGTTGCGTCCGTAATGCCAAGTCTGTACTACCTCGATAATCGGGTCGCCAGCATGAAGAAGCAGTTCATCCCCATGTTCCGTGATAACCGTAAGCTCGCCACGAATCATGATGCCGGCATTGATGACCGGATGGTAATGCCGAGGCAGTTGTGCCCCGGGCTGTATGGTTACCCTGAGAATGGTGATCTCGGGTGTTTCACCGGGATAAGGTGGTAAAGGCTTGCCGTTCCAGCTGTTCGAGGACCTGGCAAGAATTTCCGTGCTTACCGGATCTGCCTTATGTACCGCAACGGGAAGAGGGCGTACCAGCAGAATGGCTGTGAGCAAAGGAAGCAGTATGTTCATATCATGATTGCATCCAGTCTCGGTTATGAGGATCGGTACAGGGCAATCTACAAACTTTACTGAGATTATTATATGCCGCGACTGTAAGGGTGGATGGATTACCTGTAAATGAGTGGTCATGTATATGATGTATATATATAATACATATGCAGTGGTTTCTTCCGGGAACTCTTAATATGGTTTTGACGGTATAACGGGTGTTTACGTCGTTGGTTCCTGATTTTTGAAACCGAAAAAAATTATTTTCATATGGAAACGAGAGAGATTGTCCTCGAGGTACTCAAAAAGGAAGGGCGCGCCATGAGCGCCGGCCAGATAGCCGAAGCATCAGGTATTGACCGCAAGGAGGTTGACAAGGCAATGAAACAACTGAAAGCCGAGGACGCGATTGTGTCACCGAAACGATGTTACTGGGAACCGAAAATATAAGTTCTTTCAGGTCCGCCAGCTGCCGGCAGCTGTTGTTGCCGGCATGGCTGCGCTTCTCTTCAGGCCTCTTCAGGGCAGAAATCCATCTCTTTTTTATTACATTACGCAAACGTTGTGAGGCGGGTGCTGCCGACTTTCAGTCTGTTTCCTGATTATCTTCTTTTTTTACCTGATCTTGCATGATCAGTGTCTCTAAAAGTTTTTTGATATGAAATCCAGAGATATCCGACAATCTTTTCTTGATTTTTTTGCCGCCAAAGGACACACCATCGTGCGTTCGGCCCCGGTGATTCCTGCAGAGGACCCGACCCTGCTTTTTACCAATGCAGGCATGAACCAGTTCAAGGATGTATTTCTCGACAAGGGTTCGCGTTCATACAGCAGGGCTGTCGATACCCAGAAGTGCATCAGGGCATCGGGCAAGCATAACGATCTGGAGGATGTCGGCAGGGATACCTATCATCACACCTTTTTCGAGATGCTGGGTAACTGGTCGTTCGGGGACTATTACAAAAAAGAAGCCATATCATGGGCATGGGAACTGCTGACAGAGGTATGGAAACTTCCCAGGGAGCGCCTCTATGCGACGGTTTACCATGATGACGAAGAGAGCTTCGATTTATGGCGCAGTGTAACCGATATCGATCCGGACCACATTCTGAAATTCGGGGACAAGGACAATTTCTGGGAAATGGGTGAAACAGGGCCTTGCGGTCCCTGCTCGGAAATTCATATCGATCTTACCGAGGATATGACGGGAGGAGAGCTTGTCAATGCAGGAGATTATCGTGTCATAGAATTGTGGAACCTTGTCTTTATCCAGTATAACCGTCAGCCGGACGGTTCGCTCGAGCCTCTCCCGAACCGGCATGTCGATACCGGGATGGGTTTTGAACGTGTAACGGCTGTCCTGCAGCAAAAGACCTCCAATTACGATACCGATATATTCAAGCCTCTTTTCGATGCCATCACCGAAATAACGGGGGTAGGGTACAAGGCGGAACTGGATGATGAGCAGGATATCGCCATGCGGGTCCTTGCCGATCATGCCCGTGCTCTTACCTTTGCGATTACCGACGGGGCCATGCCGGGTAACGAGGGCCGCGGATACGTATTGAGGAGGATTCTTCGCCGGGCACTTCGTTACGCAAGAAAACTCGATTTCCGGGAGCCCCTGATCCACAAACTGGTAGGCGTGATAGCTGAAACCATGGGTGATGTGTTTCCGGAGCTTGGCAAACAGTATGAAACCGTTCAGAAAATTGTCCGGGCCGAAGAGGAGAGCTTTCTTGCCACACTTGACCGCGGGATGGATATTTTTGCCGATATTACCGCATCCCTGAAAGCGGCAGGTGGAACGGTGATTTCCGGGCCCGATGCATTCAAGCTCTACGATACCTACGGTTTCCCTGTTGATCTGACCCGGTTGATGGCCGCCGAAGAAGGCCTCCAGGTCGATGAACAGGGGTTTGAAACATGTATGCAGGAACAGAAGGAACGGGCCCGGAGCGACCGTCGTGAGAAGCAGCAGTTGCAGGAGGATGGTTCCGAGTGGAACTGGCTGCTGCCTGGCCACTCACATTCTGCCTTCTGCGGGTATGAAGAACTGGACAAAGAGAGCTGTATCTGCGCGATGAAGATTTCAGGGGGAAGGCTGTTGCTTGTCCTTGAAGAGACCCCTTTCTATGCCGAAAGCGGCGGCCAGGTCGGTGATACGGGAGTGATTGAAAACAAGCGCTACCGGTTCAGCGTCGAAGACACCCGCAAGGATGGTGACATGATCTATCATGTGATCGGCCAGATTGCAGATGCAGAAACGTCTGCCGAACTTCGGCCGCAGGATATCAGGCTCGACCCCGCTACCCTCGATGTTCGTGCTCTCGTCGATGCCGAGCGCCGCAGGAATACCGAAAGGAACCATACTGCCACTCATCTTCTGCATGCAGCGCTGAGAACCGTTCTTGGAGATCATGTGCAGCAGAAAGGTTCGCTCGTTACACCCGACCGTCTGAGGTTCGATTTCAGCCATTTTGAAAAACTCTCCGACAGGCAGCTGGCTGAAGTCGAGGCTATTGTCAACAGGGAGGTTCGTGAAGCAAGGAAGCTTGTCCAGAAACCGGATGTTCCGTATGAAGAAGCCCTGGATATGGGTGCTCTTGCGTTTTTCGGCGACAAGTATGCCGATCACGTACGGATTGTAGAAGTACCCGGAGTTTCCATGGAACTCTGCGGCGGGACCCACGTCAGCAATATCGGTAAAATCGGTCTGTTCAAGATTACCGGAGAGTCATCGGTCGCGGCCGGTATCCGTCGGCTCGAAGCGGTCACAGGACAGGCTGCCGAGGAGCTTTTATGGAACGAATACCAGGAAC
CP020873.1_gap5	331978	333853	1875	AAATTTGTATTCCTGAACAGGCAGGAACACGGCAAGAGGCGAGATGTCCCGGATATCGATCCGGTATTCCGCACTGAACGCTTCAGGTACTGTTGCTCCTGACGTGTATAGCCGAGAGCGGTCCCATACATTGTTACGCCGAATTTCAGAGACAAACGCCGAAAGGGTTGCGTCAAGCCCGTCACTGAAATTCCTGAAGGTATACGTGCCTTCAGCGGTGAAATCGAGAGCACTGCTTCTGATTGTCAGCGTAGAGCGTTTGCCGTTACGCCTGATTTCGGCCACTACTGTTTCACCAGGGACGATGTCATAGGTATTGATCCTCGACCGCTCGAAATCAGCCTTGATCATGGCTGAAAGAATATCCGGATCGAAGCTTCTTCCACGAAGAGTGACTACGCAGTTCAGGTCACTGGATGCTTCTTCACGACCCGTGAATTTGGAAAGGTCGATATTCTTCAGATCGGCCTCGGCTGAATACAGCGGCTCATTTCCGGTCCAGTCGATGTTGCCACTGAGTGAAAGCCGGGAACGCTTTTCCCCGAGTTCGACAGATGCTTCGAGCAGGTTGTCGCGGTAGTCGATCGCAATCGATCCCCGGTCGATTTCCTGTTCTTTCCAGAACGAGTTTTCGATGTTCAGGGCCAGGGAGAACTGTTCCGGTCTGGTGAAATCACCCCTTGCCTGCATCGATCCGCTGGCATTGAGTATTCCTGCAGCAGCTTCATCTTCAGGCGTGAAACGGTATATTTCGAAATCCTCCAGGCTGAAGAGTGCTTCTGCCGAGGGCAGGGAGTTGTCAGGCAACGACATCGTAAGGGCCAGGGTGCCGGTTCCTGCCGCGGTGCTGATGTCCAGGTCGGAAAAGAATTCCTTCAGGTCGCCCTCTATACTTCCGGTTACCGCAATATCCCCTATCGCATCGAGATACCCTGCAAGCGCTGAATCTTCAACGAACTCTCTTGCCAGATCCCTCGACAGGACCGATCCGCTGCTGTTGAGGCGGAAAGCGAGGTATTCCGGCTGGTTGAGGTTCAGCAGCGTGCCATCGAGGGTGATGAGCGAGTTCTTGTGGCCGAGAATGAACTGCCGGAGAGATACTTCCCGAAGCTCGCCTTCTGCACGTCCCTTGAGCACAAATGTTCCGGGCCGGAACGGCTGAAGGGGCCAGAAAAGTTCAAGGTCAGAGGTGTGTATTTCACCGTTTTCGACCGATGCGACAATACGGCTGCTGGAGTGCTCGGCCCATGTGTCGGGCCTGAGTACGTTGAAGTCCCGTATGGAGAATGAACCGTCAAGGGCACTGTTGCCGGTACGGATTCGCAGGTTGAGGACGGACGACTGGTTGTCGCTGAAGAGAAAACGTCCTGAAGCCTCATGCAGTACCACATTGCTGTCCGGTATCTCGAGGCTGAGCCTTTCGATACCTGCCGCAAGGACATCGGGGGCGTACAGCAGTTTTTTTATATGGCTTGTCAGCCGGGTAATCCGGACCGGAGCTTTTTTGTCATGATCTGTCGAAAATACGCTCAGTGAGCCGTTTGCGATCGAGAGAGAACCGATAAACAGGCGCTCGAGAGCAGCCTGGTTTTCAGGCTGTTCCTCACTGGCAGGCATGAAAAGATCTTCCAGAGATGTGCTTCCGTTTTCCTGCAGCCATACATTCATGGCAGGCGTATCGATTCGCAACGATCTGACGGTAAGGCGGGAAAGCTCCGAGGTCATAAGCCCGAGAAAGTTCATGTCGAGGTCGATGCGTGATGCCGTCATGTCGGGTATTTCCTGTTCCGCCCGGAAAAGTGCGGCATCATAGAGTACGATCGTCGAAGGAAACTGCAGGTCCAGGCTCCGGATTTCGAGCCTGCTTCGGAATTC
CP020873.1_gap6	335010	337351	2341	AGCCCATTTCGGGAACTGGGAGATCGCAGGTGTTTGTGCCGGTCTTCTCGGTGTGCCGATGACAGTAGTCGCCAAACGTCTGAAAAACCGGGACATCGATCGTGAAATCAACGGTTTCAGGCAGATGTACGGCAACGGGGTACTCTATAAAAAGCAGGCATTACGCGAAGGGTTGCGCCTTCTCCGGAGCGGGGGAGTACTAACCATCCTTGGAGACCAGTCCGATCCGAACGAAGGGTTTGTCATGCCATTTCTCGGTCGTCCTGCCTCGGTGTTTCTCGGTCCGGCGTTTCTCGCACTCAAGGCGGATGTGCCGGTATTCGTGGTGCTGACGCGCCGTCAGCCGAACGGCCGCTATGTTCTCGATATCGTGGGAATTCCCACCGATGATCTCTCTGTCGGCAAAGAAGGGGTCCGCGAACTGACCCGCCGCTATACGTCGGTGATCGAGGAGTACATTCTCCGTTATCCCGAAGAGTGGTTCTGGCTGCATGACCGGTGGAAAAGGAGCGGTTGACGGGCATTCATCCTGTGATCCTTACTGTTTCATCCCAATTATCGAGAACGGGAGAAAACGATGGATAGTCCGTGTATTTTCTTGATGTGTTCAGTTCTTTCAGCCGGTTTTCTTCAATAGCCCGGGCAAGATGTTTGCATCTGTTCTGAAAGGTAAGTCCCGGAATTCTTCCTTTGCCACGGTTTGCTCCGTAAAATCCGGTATGCACCGTTCTGTCCACGCTGGGAGAAAGAGCATAGCGTTGTTTTTCAATCATTGCAAGATCGACCAGCCTGTTGATCAGGCCAGCCTGTTCGTTGTGCATCCCTTCGGCGTATTTATAGCCTTTTGCCTGCAGGTGGGCGTAGGTTCTGTCAAGTTCCATGATGACAGTCGGGCGGTCCCTGTAATAATCTTCAGAAGCGAACTGTCTGATATAATCGTTGAAAAACGTTTTGCTTATCAATGGGCCCCACGGATTGTAATCATGCCCCCATCTGACTTCAGACGGGTCTGCAGATGGATTTTCCTCGGAGGATATGTTATTTACAGCATTTGCATACATGCCGCGGTGCTGGGTGCAGATGACACTGAGTTCGGACAGGTCTGCAGTATCGAGGAGGACAGACAGGAAATGGAAATAGCTGCTATGGACCATAATATCGTCTTCCAGAATGAGGATATGGTCATCAGCCTGGGAGAATCCGGCTTTCATCCCTTCCATGATGTTGCGGGTAAGGCCGTTTTGCATGATGGTTTCGGTCCGCCACTTTTTATGTTTTGTGATCGGGTAGGGGTTTTTTTTCCCGGTAAATCCGTCGGGATTTGAACGGATAGTCCCCGATAACCTTGATACATCGTTGCGAAGTGCCGTATTCGATCAGAAAAAATGTTATATAGTTGTCCTGGTAACCGACCTCCTTCAGCCTTTTTCTTGCCAGTATTTCATGGTCAATGGATACCTTGAGCATTTCGGGACGGTTGAACACCGGTCTTATGATAATATTCTGTGTAGCAGGCATGAAACAAAAGTGATTGCGGGATTGCTCTTATTATACAGTATAATCCTTTGTATGAATAATCATCGAGTCATAACACATGCATGAACAGCCGGTACACCTTCTCTGGTCGGGAGGTTGGGATTCCACATTCCGACTTTGCGACCTGCTGCTTGTCAGACACAAAAGCGTTCAGCCATATTACATTATCGATCATCACCGAAAATCTCTTGCCCAGGAACTCCGCGCCGTCAGGACCGTACACAGTTTTCTCGAACAGCGCGTAAAGCTATCTGAGTGCAGGATGTTGCCGATTCACACCGTGTGGAGGTTTGATATTCCTCCTGATGCAGGTGTCAGTGAGAATTACAATGCATTGGTCAAGAGATTTGACAAGTTCGGGCCGCAGTATGAATGGGTTCTGAGATTTGCAAAGCATACTGGTATAGAGGATCTCGAACTCTCTATCGAGGCCAATACATACCAGGAGGAGGCGAAGATATGGCAACAGCTTCGCTCGATGCTTGTCGAATATAATGGTGTATTCATTTTGCGTACTGACCCTCCTGATCCCGATTTCGATTTTTTCCGTCCTTTTCGCTTTCCTCTCATCAACATTACCAAGGTGCAGATGATGGATTATGCAAGGGAGCACGGTTTCTATGACATAATGGAAAAAACATGGTTTTGTCATTCACCCTGTAAAGGACGACCCTGTGGTGTCTGTCCTCCCTGTCGGAATGCTCTCATGGAAGGAATGGCCCACCGTGTGCCTGTTTCCGGGAAGTTACGTTATATGCAATGGAAGCTCGGGCTGAGAAAACGTTGATCGTGTGAGGTGAAATGG
CP020873.1_gap7	440012	442210	2198	GAGATCAGTATTATCGCCGCGGTTGCCCGTTACCACAGGAAATCCCCTCCGTCGGAAAAACACGAGCTGTATGCTTCGCTCAAGCCAAGGCACAAGCGGGTTGTCGATGTGCTTTCAGGGATACTGCGTATTGCCAATGGTCTCGAGCGTGGTCACAGATGCAACATTGCAGGTATTGAAGCGGTTGTGTCGGACACGGAGGTATCGCTTGGGCTCAGGGCGCGGCATGTTCCCGATATCGAGATCTGGGCCGCCGAGAGGATGAAGTCATGGATCGAGAAGGTGCTCAACCGCTCTCTGCGGTTTTCTTACCTGGGCCATGTGTAGGCATCGGTATGGAGGACACGCTGCAGTTACAGCCCGGTGATGCATGGTTCGGTGGCGCTTTTCATCGTGGCCAGGCCGGTGAAGCGTTGTTGTTCCTCGATCCCGTCGAAACGCTTGTGCTCCATTCTGGCGATGATGTCGAAGGTTATCTTGCAGAACTGCAGGACCGCCTTGACCAAGGGTTTTCCCTTGCAGGATATGCAGGTTACGAGATGGGCTATGGACTGGACCCTGCACTTCGGCCATTGTTCTTGCGCAGCCAGGATACCGGTGTTCCTCTTGCGTGGTTCGGTGTGTACGCGCATCCTCGCCATATCCGGCAGGAGCCGGGGGATGGGCAGAGTGTTCAGGACCGACCTTTTTCAGGACTACCCCGTTTTGACTGTTCCCCGGAACGGTACCGTGAGAAGATCGGGCTTATCCGCCAGGCCATAGGTTCGGGAGAGGTTTACCAGGTCAATCTCACCGGTCGTTTTACGTTTGGGTACAGCGGGAACCCGCACGGCCTGTTCCGCCGCCTGTCGAGGCGTCAGCCTGATGCATATCGTGCATTCCTGAACTGTGGCGATCACCAGGTGCTCTCCTTTTCCCCCGAACTGTTTTTTTCCGTTCATGGAACATGTATCGAAACTGCTCCCATGAAAGGGACATCTCCGCGTGGTATGACAGCGGCTGAGGATATCGATTATAAAAGCTCCCTTGCTGCATGCAGCAAAAACCGGGCTGAAAATCTCATGATTGTCGATCTGCTGCGCAACGACCTGGGCAGGATATGTGAGCCGGGCAGTGTCCATGTTCCCGAACTGTTCGTTACCCGGAGCTATCCTACACTTCACCAGATGATTTCGACGATCAGGGGGCGGCTGCGCAAGGATTGCACGGTCCTGGAACTGTTCAAGGCCCTCTTTCCCTGCGGTTCGGTTACCGGTGCTCCAAAAATCAGCGCTATGCGTCTCATCACCCGGCTTGAGGACTCCCCACGGGGTGTCTATACCGGTGCGGTGGGGTTTATGCTGCCTGATGGCCGCAAGGAGTTCAATGTGGCGATACGGACACTGACGATGCGGGGTGGAGAGGCCGTCTACGGTGCGGGCAGCGGTATTGTGTGGGATTCGACGGCCGACAAGGAGTATGCTGAATGCCGTCTGAAAGCCGAGATTCTTTTTGACAGGCCCGCCAGCCGTCCATCGGAGTTGTTCGAAACCTTGTTGTGGAATTGCCGGTATGTGTGGAGAGAGATGCATCTCGATCGTCTCTGCCGGTCTGCATCTGAACTCGGGTTTACGTGTGACAGGGGAGCGCTCGAAGAGGCGCTCGAGCGGCACGCATCAGAGAAACTTGTTCCTTGCAGGCAACCTGCAAGAGTCCGCCTGAGCCTTTCGGGTGACAACCGGATATCGGTGACGTCTGGTTTTCCTGGCAGCAGGGCTTTTGATTCGCCTGTACGGGTCTGTCTGTCGCCGGTAACGACGGATTCTTCGGATATTCTTCTCCGTCACAAGTCTTCTCAACGAAGGCTCTACGACTCCATGCTGGAAGATGCAGTATCGCAGGGATTCGATGAGGTGATTTTCTGTAATGAACGTAACGAGGTGACAGAGGGGGCGATCAGCAATATCATTGTTCTGAAAACCGGGCGTTATTATACGCCTCCACTCTCTTCGGGCCTGCTTCCCGGTATTTACCGTCACTATTTTCTTTCGACCCGTCTCAATGTCCGGGAAAAAGTTCTGTATCCCTGTGATCTGTTCGAGGCTGACGCGCTCTATGTCTGCAATTCCGTTCGCGGTCTTCGCAGGGCCCTCCTGCAGAGATCCTCTCTCCTCCGGCACAGGGGAGTTGATCCCAAGTCATGAGAACGTTATATTTTA
CP020873.1_gap8	483553	486553	3000	TCTTCCGCTCTGGTTTGTTGGATTTGTCTTGCTGAGGGACCTGCTCATATTTCTCGGTGCTGCATATGTCAAGTACCGTCACAAGGTTATCACTACATCATTGTGGCCGGGGAAGTGGGCTGTCGGGTTTGTGTCGATGATGTTTCTCGCCATGATCTGGCCGCACCCTGTCTTTGAGCGTTACCCGGTACAGGAGTTCTTCATGTACCTGTCGGCGTTGATGCTTCTTTTTTCATTTGTTCAGTATTGTCTGCGTTTCTACAGGATCCAGAAAGGAATGGAATTCAAGGCATGACCGGACGGAAAAAAGGCTGTCCCGGTCGTGTATCCGAAACAGCCTTTCTTGTTGCACTGGCAGGTTCTGACGTGTTTATTTTTTCGCTTTCTCCACGACAGTCGCCATCAGTGACGCCTCGCACACCAGTTCTCCGCGTACATAGGCTTTTCCGTCAAACTGGCATACACTGCGACGTCGGCTTTTCATGACCGCTTCTATCACGAGGGTATCTCCGGGAACGACAGGTTTTCTGAAACGGGCCTTGTCGATACCCATGAAATATACCTGCATGTCGTTGATGTTGTCATTGCCGTTGAGCATCATGATGCCTCCGGTCTGGGCCATGGCTTCGATGATGAGAACACCCGGCATGATAGGGTTGCCCGGAAAATGTCCCTGGAAAAACTCTTCGTTCATTGTCACGTTCTTGATCGAGACAATCTTTTCGTCGAGCTTGAATTCCACGATTTTATCGATCAGAAGAAATGGATAACGGTGCGGCAGAATATTCTGGATCGCGTTGATATCGAAAATGACACCTGATTTTTTTTCGTGCTGGTACTGTCGGGCAAGTTTGTTGCGGTCGACGTATTTTTTCAGCTGCCTGACGAATTCCACATTCGATGCATGGCCGGGGCGGGCGGCGAGAATCTGGGCTTTTATCGGCATGCCGAGAAGTGCCAGGTCTCCGAGCATGTCCAGCAGCTTGTGGCGTGCCGGTTCGTTACCGAAACGGAGTTCGCGGTTGTTGAGAATGCCGTTTTCTCCCAGCTGCAGTTTTGAGCTGTCGATACCGATTTTTCCCGCAAGTGTTTCCAGCTCGCTTCCTGACATTTCCTTGTCAACGATCACGACAGCGTTGTCGACATCGCCCCCTTTGATGATACCGATATTGGCGAGTGCTTCGACTTCGCTGAGGAAGCAGAATGTACGGCATGGGGCAAAATCCCTCAGAAATTCCTGATCGAGGTCGAAAAGCCCTGAATGCTGGGAACCGAGAGCAGGATTTTTGTAGTCTACCATTACAGTTACCCTGAAACCGTCGAGCGGCAGGCCTACGATGTCGACACTGTTTTCAGGATTGTGGTATTCAATGGTTTCGTCGATGACCAGGTAGTTTTTCGGTTCTTCCTGTTCCTGCAGTCCGGCGCCCAGCAGTGCCTCGGCAAACTGGAGCGAACTGCCGTCCATGACCGGTGGTTCGGGTCCGCTCATTTCTATGCGGCAGTTGTCGATCTGCAGGCCATAAAGGGCTGCCAGAACGTGTTCGGTCGTATGGACCTTGGTGCCATTGTATTCAATTGTGGTACCTCTGCATACATCGACGACATAATCTATCAGGGCTGGTATTTCAGGACAGTTTTCGATATCTGTCCTGACAAAACGGTAGCCGTAGTTCTCCGGCGCCGGTTTGAAGGTGATCATACATTCCTTGCCGGTATGCAGGCCTGTACCCCAGAGGGAAACTTCTTTTTGCAGTGTGCGCTGATGAATGAGCATGAGTTATGTATTGTTTTCCGTGTGCGCAGGCACCAGCGGAAAAATGAGTGAACTGATGTTTGAAACTGAGAATGAATATAAATTTTTAAGATAACAAAGCGGCCTGACGGTTCAAATTTTGTGAGCTGCTTCCCTGGGGGGCTTACGCATTCAGGTGAAGTGGCGGGAGGCCTTCTGCAGGATGAGATCGTGCGTGAATTGTGAACCGGCAATGATGCTGTGGTGGGAAAATACATCTTGGTTCCCGTCGAATCCCGTGACGGACCCACCTGCTTCGCGTACGAGCAGTACCCCTGCCGCGAAGTCCCACGCAAAGAGCTTGTATTCCCAGAATGCATCGAACCTTCCGCAGGCAGTGTAGGCGAGGTCTATGGCTGCAGATCCGGCACGGCGGATACCAGCCGAGTCATGAATTACCTCTCTGAGGGTCTGAAGATAAGCCTCGAGGTAGTGATATTCCTTGAACGGGATACCGGTAGCTATCAGCAGCTGTTCCGGGTCATTGCGCTGTGAAATATGAATCCGTTTGCCGTTGAGGAATGCGCCTCCCCCCTGGATGCAGTAAAGAGTTCATCGAGGATCGGCTGGTATACTACACCGGCAAGCAGCTCACCACTGATGTCGGTGAGAGCGATACTGACAGCAAACACGGGAAAGGAGTGGATGAAATTCAGGGTGCCGTCCAGGGGATCTACGATCCATGTGCGTCCCGAAGCGCCCCTTGCATTGCTTCCTTCTTCGCAGAGCAGGCTGTCTTCAGGAAAATCCCGGACAATGATTGCCGATATTGCGGCTTCACTGGCCTTGTCCGCTTCAGTCACAAAATCCTTGTACTCCTTGGCTCTTATTTCGTTCTGTGAGAGCTCACCAAATTTTTTCAGGATGATTTTCCCCGCTTCCCGTGCAGCGGAAATCGCTGTCTGCAGCTCTTTGTTCATGTTTGTATTGGACTATCAAATTGCCAGAAAGAGCCGGTAATATAATGTATGACAGCGGAAATGCCGAACCTGCAGCTGTATGGTATCGAGTATCAGAAACTAACAGTCCCCGGCAGGGTTTATATGTTGTGTGAATTTTTTCAATTAATCAGAATCATCATGCAGAACAACATCGGTCAGCTCGCCCTCTGTATCGGTATATGCCTGCTGTTTGCGTTTGGAGGCAGTGTATTTACTCCCGAACAGGGGTCTGAATGGTATTATCAGGTGCTTCAGAAACCCTCA
CP020873.1_gap9	512065	513137	1072	GGAGGAGGACTTCATGTCCCGGCAATGGAACATCGTAAAAACAAAAAGAGCGCGGCTTTTACCACGCTCTTTTTGTTTCGATGAACTCTGTTCCCGTGATCAGTCGTTAGGGAACTTCCTTGCCGCCAGGTATTCATATGTTGCATATCTGGCGTCAACCTCTTTCTGGATATCTTCGAAATACTGCTTTGCAAGCTCTGGATGGCTCTTCTTCAGCATTCTGAAACGGTTTTCGGTATTGAGGAAGTCCGCTACCGGGATTTTCGGCTTTCTGGAGTCGAGAACAAGCGGATTCTTGCCCTCTTTCATGCGTTCGGGGTTGTAACGATACAGCAGCCAGTGCCCCGAGTCGACGGCAAGTTTCTGCTGTTCCATTCCTGTTGCCATGGTAATACCATGTGCTATACAGTGGGAATAGGCGATAATGATCGACGGCCCGTCATAGGCCTCGGCTTCGAGAAACGCTTTCAGCGTCTGCTCGTCCCGTGCACCCATGGCTACACTGGCAACGTATGCATTTCCGTACGACATTGAGATCATGCCGAGGTCTTTCTTTGTGACCGGACGTCCGGCTGCAGCAAACTTTGCCACAGCGGCTTTCGGCGTCGCCTTGGACGCCTGGCCGCCGGTGTTGGAATATACCTCGGTATCGAGCACGATCATGTTGACGTTCTGTCCGCTTGCGGTGACATGGTCCACGCCACTGTAACCGATATCGTAGGCCCAGCCGTCACCTCCGATCGCCCAGACACTTTTCTTTACAAGCATGTCTGCAATGACAAGCAGGTTTTTGGCTTCCTGGCGCTCAAGGTTTGCAAGCTTCTCTTTAAGAATACCGACACGCTTGCGCTGTTCGAAGATTTCCGGCTCGTCGTTCTGGGATGCATCGAGAATTTCCGTTGCAAGAGTTTCCCCGATTTCAGCCGAGAGCAGCCTGACAAGTTCTTCGGCATACTCTTTCTGCTTGTCGATCGATATCCTGAAACCAAGAGCGAATTCAGCCGTGTCTTCGAACAGGGAGTTCGACCAGGTAGGCCCAAGGCCTTCAGGGGTCGTGCAGAACGGTGTCGTC
CP020873.1_gap10	588229	589585	1356	TTGTTGTATGCTCTGGTCAGCTGTTTGACCTTGCTATATTTTGACGGACACTATAAGAAGCCATACCTTACCACCACAGGAGGTATGTCAAATGAGTCAAACGCCCATGCGTCGGAAGTACAGTAAAGAATTCAAGCAAGACGCCGTCAATCTTGCACTCAAAGGAGAACAGTCGGTAACAGAGATTGCCTCAGATCTTGGGATAAGGCCGGATCTGCTTTATCGTTGGAAATATGAGCATCAGAAGCATCAACAGGATGCATTTCCGGGAAGCGGTAAGCTGAAAGATGCTCAGGAAGAAAAAATCCGTCAACTGGAACGTGAACTCCAGCTGGTCAAAGAAGAGCGAGCGATATTAAAAAAAGCGTTCGCTGTATTCACGAAAACGCCTTGAAATACCAATTCATCAAGGAGCATCGAAAGGAGTTTGCTGTCAGAACCATGTGCCGGGTTCTGGAGGTTTCTGTCAGCAGTTACTACGCGTGGATACAGCGTCCTGAAAGCCATCGCGCTCAAGAGAACCGGCAGCTGTGTGAGGAAATCCAACGCATTCATAAGAAGAAATACCAGACCTATGGAAGCCCTCGCATGACAGTAGAATTACGGAAAAACGGCTACAAGTGCAGTCGGCCGCGTGTGGCCAGATTGATGCAGTCATTAGGCATTCAGGCAAAGACAGCCAGGAAATTCAAGGTGACGACAGACTCGAACCACCAGGAACCGATCGCCCCCAACCTGCTGGATCAGGAGTTTCATGTTGATCAGCCAAATGAAGTGTGGACCAGTGATCTCACCTATGTAAGAACCGCTGCAGGCTGGCAATATCTGACGGTAATCCTGGAGCTGTTCAATCGCGAAATTATCGGCTACTCGCTCAGTCCTCGGTTGACGACAGAAAGCACCGTGAACGTTGCTTTGGATATGGCTGTACTGCATCGGCAGCCACCTGCAGGAGTGATTCTCCACTCTGACAGAGGGGTGCAATATGCCAGTAAATCCTTCCGCAAACGACTAAAAAAATACGGGATGATTCAGAGTATGAGCGGCAAGGGAAACTGTTACGATAATGCGGTGACAGAGACATTTTTCAAGACCTTGAAAACCGAGTGGATTTATGGCACCAAGTACCGGAATCAACACGAGCTCCGCCAAAGCCTCTTTACCTACATTGAAGTATTTTATAACAGAAAAAGAATGCATTCTGCTCTGGGGTATCGCTCACCCGTGGAGTTCATGATGCATTATCAACAATCAATCGCTTTGGCTTCTTAATGAGTCCATTTTTTCCTTGCAAGTTCAGTTCCTGTGTTTATGTCTTGATTCTGTATGGCAATGTTTCTGAGTGATATGTTATGT
CP020873.1_gap11	593469	597025	3556	GCAGCGTTGACTTTTGCCGCGGCATCACGCAGACCGTTGGCTGCAATCAGATTGAGACCGGATTCGTCGAGCATTTTCTGTGCGATTTCCGCATTGGTGCCCTCGAGACGGACAATGACGGGAAGATCGAGGCCGACTTTTTTTGCGGCTTCGATAACACCACCTGCCACTCTGTCACAGCGGACGATACCTCCGAAAATATTGACCAGGATCGCTTTGACGTTCTTGTCTTTGAGGATGATCTTGAACCCTTCCTCCACGGTTTCAGGGCTGGCGCCACCGCCTACATCGAGGAAGTTTGCAGGTTTTCCGCCTGCAAGCTGTATCATGTCCATCGTTGCCATTGCAAGACCGGCACCGTTGACCATGCATCCGACGTTGCCGTCAAGACGGACATAGTTGAGGTTTGATTTCGAGGCTTCGACTTCGAAAGGGTCTTCTTCACTGATATCACGCAGCTCGAGGAAATCCTTGTGACGGAAGAGAGCGTTCGAGTCAAAGTTGATTTTGGCGTCGAGTGCCAGTACACGGCCTTCCTTGGTGACAACGAGCGGGTTGATTTCTGCCAGTGAGGCGTCAATCGATGTGTAGGCGTTGTAGAGCGCCGTGATGAACTTGACGGCATTCTTGAATTTCTCGCCTTCGAGACCAAGGAAAAATGCAGCCTGACGGGCCTGGAATGCCTGAAGCCCCTGCAGCGGATGGATCTGGATTTTCAGCAGTTTTTCCGGGGTTTCTTCGGCAACTTTTTCAATTTCCATACCACCCTCGGTCGAGACCATCAGTACATTGTTCGATGTGGCTCTGTCGAGTGTGATACCGACATAGTACTCTTTTTCGATATTCATTCCTTCTTCGACGAGCAGACGGCGTACTTCCTTGCCTTCCGGTCCGGTCTGGTGGGTAACCAGCGTGCAGCCGATCATCTGGCGTGCAATATCGAGCACTTCGTCCGGAGATTTGGCAAGTTTGACACCTCCGGCTTTTCCACGTCCGCCGGCATGGATCTGGGCCTTGACAACCACAACAGGACTGTCCTGTTCCTCAAAAAGCTGTTCTGCCGCCTGGCGGGCTTCTTCAGCAGTAAAGGCTACAATTCCCTTCGGAACTGAAACACCGAATTTGCGAAGTATATCCTTTCCTTGATATTCGTGGATATTCATGTTTTTTTCCTGGTTTAAAACTGCAGAACAGTTCAAAACTGTTCGTTAAAGTGGGAAACAAAAGCTTTATTATAGCAAAAAAAGCGTTTCCGGTAAAATATGCGCTGTTTTCAGGACTACTTTTCTTTGTCATTCCAGGAATTATGGACTTGTCATCTTACATGGAGCTTGCCTTTCGCGAAGCGATCAAGGCATATGAAAAAAAAGAGATACCGGTCGGCGCAGTCGTGCTCGATGCCGGTGGCCGGATGATCGGCAGGGGATACAACCAGGTAGAGGAGCTTTCGGATGCCACGGCACATGCCGAAATGATTGCGCTCACGTCAGCCATGGCGACCCTGGGCAGTAAGTACCTCAACGATTGCACGCTTTTCGTTACGCTCGAACCATGTCCGATGTGTGCCGGGGCGATTGTCAACGCCAAGGTCGGGCGGGTTGTGTTCGGAGCGTACGATCCGAAAATGGGGGCCTGCGGAACGGTACTCAACATCACCTCGAACAAGCATCTTAACCATCAGCCCGAGGTATACGGCGGCATTCTCGAGCACAAGGCTCAGAGTCTTCTCCAGGATTTTTTCCGGGGCCTGCGCTGATCGCTCTTGTAGCGTTTGCCTTGATTTATTTTCCCTTTTCCACCGTGACGTTTTCACGCAGGATTGTCTTGAGAGAGTGTGCAAGGTGCGATACGATATCCTGTGCAAGGTTGCCTTTTTCAGCCGCTGACTGAACGCTGTCGAGACTGTCGACCCCGGCGTTCTTGACGGCTTTGCTGACGGTTACCGACAGGATCGGGTTACAGTCGCGAACGATCTCCTTGAGCATGAAGGAGGCTTCGAACTTGCTTTGCTGAACAATTTCAGACGTTTCTTCGGCCGTGAGAGCCTGGCTTCTGCGGAGACTGATAATGCCGGACAGGCAGGTAAGGTAGGTATTGGTCGCACCGGCAAGAAAAAGGTTCATGAAAAACGGCGTGAGGAGGTTTCCTCCGGGAAGAAGGGACGCCAGGGTGTTGCTGAAGGCGGACTGGATGACCGGTTTGATGTGTGTCGGCAGCTCCTCTTTGCTGAAATCCGAAAGCGGCAGCGCTTCATAGGTGAAGCGGCAGAGGTCAAGGTAGCCTCTGATATGCTGATTTTTCTGGTGAATCCGGTAAATACGCCACACCAGCTTCAGGTTGTTCAGCATGGATGTCGTCGTTCCATACGAGGTGTTCTGTGCAAACGCTCCGAGGAAGAAATTTTTTGTCGCGATCTCCTTGATCTGGCCAAGGGCGTCGACTTCGAGCAGTTTCAGGTTGGTTGTCGTCCATCGTGCATCGCGGGGAGCGGCATCCGGCTTCGGGTGCTTGGGGTGGACAGGCAGTGTTTCGCCCAGTGAGGAGACGTAGCGCTGGTACTCCGGGCTGCTCTCATTGTCAGGCATTTTCGGAAGTTTTCGGGGCTGCCACAGACGGTACGAGATGACGGCAAGATAGAGGATGGAGGATGAACCGGCAAGGAGAGCTGTATAGCCCAGGGCCGGATGAATGCTTTCCAGGATGGATGCGAAAGTATAAAGCTGATTGAAGAGGATGATCAGCAGAAAGCACAGTGCAAGCACCATGCTGTATCGTACAAGGAAAAGCAGCTTTTTTTGCATGACCGTCAGCGGTTGTTATCATGATTGCCCGGTACCCTGAAAAGCAAAAGCCTGATTACTTTCTCCAATGTACGACTTCCGGAGTTAATTACCTGTCTTCCCCTCTGGCAGTCCCGGTTTTTTTATTTCCTGGTCCGTACTGAACTGGTAATCCCTGAAAATCGCTTCCGCGTCAGGCAGCAGCCAGGAGCCGTCATCAAGTTTGTGAGTGGTTTCTTTCAGCCGGTAGGTCGTATCGCCACAGGTCCAGCAGTCATATTTCGCCATTCCGGTGCAGAGACAGGTCTGGCCGGTGATGCTGAGCGGTTTTCCGCTCTCTTTGTGTTCGAGAGCCTGGTAATAGGCATCGATATAGCCGCATTTGCCATTGTTGTCGAGCAGGTAGCCGAGACCTTCGCAATTTGGTTTTATAGTGTAGCGCAGGGTAGGTGACTGCTTCAGCATCCGCATCGGGTATCCCGTCGGGGACACGGTGTTGATGATGATATCTTCCCTGGAGGCATTGATATAGTTCTGTTTCACCTCGTCGGGCAATCCGGCTTCTTTGGCTATGGTGAAACGTGTCGCCACCTGGACTGCAGCGGCTCCCGCTCCGAGAAACTCTGCAGCATCGCTTCCTGTGAAGATTCCTCCTGCAGCTACGACGGGTATGTTCAGTCCTTCTTTTTTCAGGAATGCAATGACCTCGTTGACAATGGATCTCAGGTCATATTCATGCCAGTCATCGGGACCGAAGCCGAGATGCCCTCCTGCAA
CP020873.1_gap12	733981	736150	2169	TATTTGTGAAGTGAGTCGCAGATTTCATGTAACAATTGTTACGATGTTTTGCGATATTGCAGTGAGGGCATCGAGGGCGTCGGGTCTGAATACAGTTGCCCTGAGCGGCGGTGTGTTTCAGAACTCGTTCATTTTCGAGGGAATGGTCGATCGGCTGCGCAGGGCTGGCTTGCAGGTCTTGACCCATTCACTTGTCCCGTGCAATGACGGAGGGATATCGCTGGGGCAGGCGGTTATCGCGAGGCGGAGAGTGACGAGTGACGAGTGACGAGTGACGAGTGACGAGTGACGAGTGACGAGTGACGAGTGACGAGTGACGAGTGACGAGTGACGAGTGACGAGTGACGAGTGAAAGGTGGTTAAAATACGGAAAATACATGAAAAAACTCTTGACTTTGTTTGCTCTGAACGCATAGGTTTGCCAACGAATCAACGAATCAACGAATCAACGAATCAACGAATCAACGAATCAACGAATCAACGAATCAACGAATCAACGAATCAACGAATCAACGAATCAACGAATCAACGAATCAACGAATCAACGAATCAACGAATCAACGAATCAACGAATCAACGAATCAACGAATCAACATTCTTCTTATGTGTCTTGCCATACCGGGAAAAGTGACTGAAATACGTGACGAGAACGGCTTGAAAATGGGGTCGGTCGATATCAATGGCACAGTTGTCAGGGCTTGCCTCGAGTATGTGCCCGATATCGTCCCGGGCCAGTATACCATTGTTCATGCGGGGTTTGCGCTGAAAATAATCGACGAAGAGGAAGCTATGGAGAGTCTCAGTGCCTGGGAGGAGCTTCTTCGTAAAACCGGGGAGAACGACGGTGAAGTTCATTGACGAGTATCGTGATCCCCATCTTGTAAAAGAGTTGTCAGGCAGGATCGAACAGGTGGTTTCCCGGCCCTGGACGATTATGGAGATATGCGGTGGACAAACACACTCGATTATGCGTTACGGTATCGATCAGCTTCTGCCTTCTTCAGTTCATCTTGTTCATGGTCCCGGATGTCCGGTTTGTGTGACGTCTCTCGAGACACTTGACAGGGCGCATGAACTGGCGGTCCGTTCGGGTGTTATTTTTACGACGTTCGGTGATATGTTGAGGGTCCCGGGCAGTCGGGGTGATCTTTTCGGTGCCCGGGCTTCAGGCGGGGATGTACGGTTTGTGTTTTCTCCTCTCGAGGCATTGCAGATTGCACGTGATCATCCTGATCGTGAGGTGGTATTTCTTTCTGTAGGATTCGAAACGACGGCTCCGGGAAATGCCCTGGCTGTGCGCCGGGCGGCTCAGGAAGGATTGCATAATTTCAGCGTGCTGTGCAGTCATTACCTGGTTCCTCCTGCAATGAGAGCTATTCTGTCCGATCCTGACGCTGTTGTGCAGGGGTTTCTTGCAGCGGGACATGTATGCACGATAACGGGAACGACAGAGTACGAGGATGTTGTCGGGGAGTTTGGTGTACCCTTGGTCGTTGCCGGTTTTGAACCGGTCGATCTTCTCGGTGCGATTCTTAGGGTTGTCGAAATGCTTGAGTCTGGAAAGGTGTGTGTCGACAATGCCTATCGTAGGGTGGTTGCCCGTGAAGGAAATCCGGCTGCACGGGAGATGATGAATGACGTGTTCGAGATATGTGATGCTGCCTGGAGAGGGATCGGCACGATCCCGGCCAGTGGTTTGAGACTCAGGGAGAAATATGCCGCATTTGATGCTGTCAGGAAGTTCAATCTCGCACATATATCGGTCCGGGAATCGGATGTATGCCGTAGTGGCGATGTCATGAAGGGGTTGCTGAAGCCCGATCAATGTCCTGCATTCGGAACATCGTGTACTCCCCGCTCACCTCTCGGGGCACCTATGGTATCAGGTGAGGGGGCCTGTGCAGCATACTTCCGGTACAGGGGTAGTGACGAGTGACGAGTGAAAGGTGGTTAAAATACGGAAAATACATGGAAAAAATTTTGACTTTGTTTGCTCTGAACGCATTGTTTCACCAACGGATAACGGATAACGGATAACGGATAACGGATAACGGATAACGGATAACGGATAACGGATAACGGATAACGGATAACGGATAACGGATAACATGCAGCTTCACTGTCCATTGCCTGGTTCATCTTCGGATGTCGTCCAGATGGCCCACGGGG
CP020873.1_gap13	739826	742735	2909	ATCCGGTATTTTCTGATGACTTTATGTCCTTCGACCGTAAGTCTGGTGCCTCCTCCATCTTTTCCTCCGGTCGTTCTGTCGACCAGCGGTTTTTCCGACAGGTTGTTGATGGTGTTGACCAGCTGCCACGCTGTTTTATAACTGATACCGACAGCTTTGGCGGCTTTGGTGATGGAGCCAAGTTCGTCAATCATTTCAAGAAGCGCTATGCGATCGCTGCCGAGAAACCTGTGTTCCGATTTCTGTATCCAGAGGGCTCCTTCGAGCTCGAGAGTATTTTTTTCTGCCGGCATGGTGTGATTCGGACTTTCCTTTTCCACAGATATACTATGTCTTGAAAAGATAGGAAATACCGTGCAATAAATTCCGGGTTATTGCAGCGTTGTCCGATTGCCATTGAGTTTGTTCATTCCGTAGAAGACCAGCAGGGAAAATACGGCCAGCAGACCTGAAAGGACAAGTGCTTTTTCCGTGTTTCCCTCGAATACCGAATTGTAGATGGCAAGTGATATTGTTTCAGTTCTGTTACTGATGTTTCCTCCCAGCATGAGGGTGATACCTACTTCACCGAACGAGCGTCCGACTGAAAGCATCAATCCTGCGATGATTACCCTTCGGATAGTGGGGAGAATGATGCAGACAAACGTGTCGAGCTCGCTTTTGCCGAGTACGAATGATGCTTCTTTCAGGCTTTCTGCACTGTTTTCAATGGCTGATTGCACCGGTTTGACAATCAGCGGCAGCCCAGAGATGACAGCCGCGATGTAGACCCCGACAGGACTGAAAACGATGTCCATACCCTGTGCCGCAAGATGCTTTCCGACGATGCCGTACCGACCGAGTATCATCAGCAGTATGAACCCTGTCGCAACCGGGGGGAATATGAGCGGCAGTGTAACCAGGCCGTCAAGGAGAACGCGCAGGGGAAGTTTTTTTCTCGAAAGAGCGTAGCCGAGAGCGACACCGAGAATCAGGTGACATATCAGTGCAGCTACTGCGGTTTGCAGTGAAAGCAGGACCGGTTGCAGGTTTTCAGGATCCCGGAGTATGTCGAGAGGATTGAACATTACAATCCGTATGTGCTGAGGATGTTGCGGGCTTCCCTGCTTTCAAGGAAATCAAGGTAGGATGAGACCTCGTCGCTGTTCTCGAACCCCTCGAGCACTCCAGCACTGATGGTGATTTCCTGGTAGAGTGTCGTTTCTGCCGGCAGGTAGCCACCGATCTTTTCAGTAATGCCTTTTGCATCGGTCAGGTTGATGAATCCTGCGTCAATCTCTTTTGAGATCAGATAGGATGATACCTGTGGTACTGTCGAGAGTTTCAGCAGTTTTCCGGAGATTCTGTTCATGAGTCCGCTGTTTTCGAGGTACTCCATTGCGGCTTTTCCGTAAATGGCTTTAGCAGGGGCAGGCAGTCCGATTCGCTCGATACATTCCGATGTTATGTCTTCAATACCTGTTATCTCGAGCCCTGAACGCCATGCGAGCACGAGCCGGCCTTGTCCTACGGTCTGGAATCGGCTGAAATCGAGCTGTGAACGGTCGAAAAAATTCTGGTCACCGATCATGATGGCTATTCTGCCGCTCATGTCAGCCTGGGAAATGATCTGGAACATGTTGCCGTATACTGCCGATACGCTGTTTCCTGTCTGTTGCATGTAGAGGGTATTGATTTCCTGGAGGGGCCTTTTGTACCCAGCTCCCGATGCGATGGTGATTTCAGATGCCTGTGCAGAGGCCTGACAACAGAAAATGATGGTGGTCAGGAAGATGTGCAGATGCTTGAATATGGTTCTGTTCATAGCTTTTTTCAGGTATATGTGAACGGCGCACAGATGGTTTTGATGGTAACATAATCGTTATTTCCCTTGATTCATAACGATTGGCCGGGAAAAAGGGCCTGAGCCCTGTTTCCCCCAACGGATGGCGGTCCGTCGTTGTTTGATCACTCACTGATCAAATAGGTGTCACATGCTTCTCCTTCTTCGAGAGCATCGAGAATTTCATCGATTTTTTCTTCGCTGTCTACCTCCCCGTACCAGTGATTTTCCGGATAGACGACGATGACCGGGCCTTTTTCACAGACGTTCAGGCAGCCGGTCGCCGATACGACCACATCGGTCATATCACGGTCGGAAAGTTCGCTTTCCAGGTACGGGACGAGTGAGAGGGCCTCTTTTTTATGGCAGATTCCCTGGGGAGTCCCCTGCGCACGAAAGCTCGCGCATACAAGAATGTGGTGTCCGGGTTTTTTCATGATTGAGTGTGTTGAATCGTTGATGTGTTGAATTGTTGATGTGTTATGATGCGCATTGTGCTTGTTTGATAGTTGTATTGCTTCTGCCGCTGATTTTTGACTTTTCGTTGATGTTTCTGGATGACGAATGAATATCCCGTATCAACACATCAACGGATCAACAGTTCAACTGCGCGAGGCGCCTTCATCCACATCCTCCTCCCGTGCCGGAGCAGCTTGTCTTGCAGGCGTGCATCTGGCTTATGCGTGACAGGTGGGTCATGTCCCTGCCACTGAACACTCCTCGTACACCGTCTTCGATGACGCCGTCGAGCGTGTATATTTCAAGGCCGCTCGATGTGAGTATTTTTTCAGGTGACGGCCCGACGCCGTTTACAAGAAGGGTCCGGCAGTCTGAAAGCAGGGTGGCGACAGCTTCCCAGCGCATGGAACCTCCTCCTGAAGGTGGTGCCTGGCGGGATTCAACCAGAACGGGCCGGTCGCTTGTTGGGTCCATGGCGTACACAAGAAAGCGGTCAGCCTCGCCCAGGTGCTGGTTGACAAGTACCCCTTCCATGCTGGTTACGGCAACATAAGGCCGGTACTCCTGTGGTTTGCGCGGCATGTTTGCCGCTTCCTGAAGTTCTTTCATGATTTCCTCGCTGTTTTCC
CP020873.1_gap14	745647	747342	1695	GATACCCATTTCTTCATAATAATTTTTGATGATCCATGCTTCACCGGCGAGATTGAACTCCCCGAGAATGTTGATACTGTATGTGCCTATCCCTTCAGTCGATCCGGTGCCGACCAGCTTCATCAGCGCATCGCACGCGGCTTTGTATCCATCTTTTTTCGTGCCTTTGAACCCTTCAGAGTGTACGGGAAGAACAGGAATGCCTTGTTCCTGTGAAACTTTTTTGCATACCGCGTCAATATCATCGCCGATAATCCCGATAATGCAGGTCGAGTAGATAAACGCGGCTTTCGGCTGATACTGTTCGATAAGTTCAGTGAGTGATCTGTGTAATTTCTTTTCTCCGCCATAGATGACGTCCATCTCTTTGAGGTCGGTCGAAAAACTGAGTCTGTGCAGTTCGGGACCGGAAGACACGGCCCCCGGATGTCCCATGTATATGCGGCACATCCTATGGGGCCATGAACGACATGAAGGGCATCGGCAACGGGATAGAGGACAACCCGCGAGCCGCAGAAGACGCAGGCGCGCTGACTGACAGAACCTGACAGACTGGTGGTTTCGCACTTGATGTCGAAATCTGTCTGTTCGGTGTTTTTTTCATACACCTGGCTCTGTCTTCCTTCGAGTATTGTGATCTTTTCCATTGCTTCAACCCTCTTGTTAGGTCTTGTTGTTTACATCACCAGTTCAAATTTTTCCTCCGGAGCATCGCGGTCCTGACGGTCCAGAAAGACGCCGAGGATTTTTTCGACCAGCCTGAGCGCCCCGCTGTAGCCTACGTTGGGGAAGTAGCTGTGGCCGATACGGTCGAGGATCGGAAAACCGAACCTTACAAACGGGATGTCTTCGTCCCGGGCGATGTACTTTCCGTAGGTGTTTCCGATCAGCAGGTCAACCGGTTCGTTCTTGATCCACTGGTGCAGCAGGAACATGTCGGCACCCATGCCGTTTTTGAAGTTCGATCCGGGTGAGCGTTTAAGGATGTCTTTCATGCGTTTTTCGAAGCGCATGCCGGGTGTTCCGCTGACGATATGGACCGGCTTCATGTTCAGATCGAGCAGGAACTCGGTCAGCGGGATGAGCTGGTCGGGATCACCGAACAGTGCAACCTTCTTTCCGTAGAAGTACTGTTCCATGTCGGTCATGACATCTACAAGCCGTCCTCGTTCTGCGGTGATTTCATCGGGCACGTTAACGCCGGCGGCTTTGCTGAGCGACATGATGAACCGGTCGGTTGCACTGAGGCCTATCGGCATATCTTCAGTGAGGAACGGTACACCGCATTTTTTTTCAAGTGCGATTGCAGCCGGTTCTGCGCTGATGCAGCCGAGCGCCAGTGAACTGAAGCTGTCGCCTGTACTTTTCAGCGCTTCGATGGTCGTGCCGCCTTTGGGATAGAACTCGTGAGTTCCGGTCTGGGGTGCATCGAGCACGTCGGATGTATCGGGAAAGAGCACGATGTTTACGTTCAGTTCTTTCGCGAGGCGTTTGATTTCCCGCATGTCAGAAGGTTCCATCCAGCCGGCGATGATGTTGACCTGGTTCTTTTTTTCGCCGGTCGACTCTGCAAACTGCTCGGCAATGCCTTTCACCATATTGGCATAACCAGTGACATGCGATCCGACAAAGCTCGGGGTCGGGGCGTAAATGACCTTTTTGCCCTCCGGGATCTTGCCGTCATCGAGTGCTTTT
CP020873.1_gap15	750649	754606	3957	ATAGGCACCAAGCTGTTCGAGAAGGTTTACCGAGGTGATGATGCCGCGTCCTGCACAACCGACGCCTGGTTCCGGACCACCCGATTCTGTGCAGCGGGTGCTTTTGTACCCTTCTTTGATGATATCTTCGAGTTCAACTTCTTCCCCTTCCTCACGAAGTGTATCGAGTACGGTTTTCTGCTGAAGTCCGCCAAGAAGAAGCCTGGTAGAGTCGGCTTTGGGGTCGCAGCCGACCACCATCACTTTTTTTCCCATCTCGGCCAGACCGGCTACGGTGTTCTGTGTTGTGGTTGATTTGCCGATCCCACCTTTTCCATAAATCGCTACTTTTCTCATGTCTGTATTCTTTTTGTTTTGCGGCTCGAATTCCTTTAGAATTCAGGCATCATAGCTGATTGCCCTTACTTTCTAATGATCAAGAAGCGTGCCAGAATGTTGTGCTGTGCTTGTTTTTTTTGTCGCTTTATTTGTTTTCTACGGCTAACTGTTTTTTTTGCCGTTACTTAAGCGGCTTTTTCTTTTTGTCGTCGCTAAAGTGGGAGGGGGGAGGAGGGGGGAAGAAGAGGTGAAAAATCCTACAGATTTGTAGTAATGGGGAATTTGTTACACGAGTGTGTTTTTTTGTCTTTTTTTGTGGATGTTTTCTGTCCTGGCAGGCCTCCCATGATTTGTCGTTCCATGGGAGGGGGACTTTTCTACATAAATGTATTTTTTTTGGGGAGGATGGATGTGCGGGAGCCGGTCAGGGGCGGTATTTTCTGAAATCAATACCGAATTTTTTTACACGCAGGCCCATGACTCGTTCGCTGAGCCCGAGTTCGCGTGCGGCTTTTGACATGTTGCCTTTGGTGCGTTTGAGGGCTTCGATGATCATTTCGTGTTCGATTGCATCGAGCCTCTGCTGGAGAGAACCTGTGGCAGGGGTCCCGCTTGATTCGGCAGTCTGCAGGGTCGGGGGAAGATGATAGCCGTGAATGACGCTGTCTTCGCTGAGTATGACGGCGCGTTCGATGCAGTTTTCGAGTTCGCGGACGTTGCCTGGCCAGTGGTAGCGCATGAGCATGTCGATCGCCCTGGTGGAGATGCGGCGCACTCCTTTGAAATTAATGGCATTGTATTTTTCCACAAAATAATCTGCAAGCAGCAGGATGTCTGATTTGCGTTCGCGCAGTGCAGGCACGGTAATGGGAAAGATATTGAGCCGGTAGTAAAGGTCTTCGCGGAATTTGCCGTTGGCGATTTCTTCTTCAAGGTCGCGGTTTGTGGCTGCGATGACCCTGATATCCGTTTTCAGTGTTTTCGATCCGCCGACCCTTTCGAACTCTTTTTCCTGCAGGATGCGAAGGAGTTTGGCCTGGACGGCGAGGCTGAGTTCGCCTATTTCGTCAAGAAATACCGTACCTCCATCTGCCAGTTCAAAACGGCCCTGGCGTGTCGATGTGGCGCCGGTAAACGCACCTTTTTCATGGCCGAAAAGTTCACTTTCCACGATGCTTTCCGGCAGGGCGGCACAGTTGAATTTGATGAATGCCTTGTCAGGGCGGTGACTTTTGAAGTGAATGGCACTGGCCACCAGTTCTTTTCCTACACCGCTTTCGCCAAGGATCAGTGCGGTGGCATTTGTGGGGGCAATTTTATCGATCATTCTGAAAACGGAGAGCATGGCTTTCGAGTTGCCGATAATGTTTGCCGGCCTGGCGACAGTGCTGTATTGTTCGTCTTCGATCAGGTGGGATTCCTCCCGGTAGAAAGAGAATATCCTGCTTGTCTCTGCATCAGGAATTGCGCCGGATTCTTCCTGGGCGATCTGCTTGATCCTGACTGTCCGGGAGATCATCGAGGCGATGATCGAAAGGAGATCGACAAGTTCTTCGGTCGTATCTTTGAGGTGTTTGTTTTTTCTTGTCTTTGTCTGGTTTTTTTCGACGCAAACCGCGCGATCGGCACTGAGTGTGCCGATCACTTCGTTTCCGCTGCGCAGGGGTACACAGACAAAGCAGAGGTGGTTCGTTTTCAGCCTGTTTCTCGAACCCGTCCTGTCAAGGAACATGGGTTCTTCGTCGATCCGTGGTACAGCGATATGGCGACCGGTTTTTACAACCTTGCCGATGATGCCTTCTCCGGGCTTGTATCGTCCCCGTGCCTGTTCTTCTTCACTCAGCCCGAATGATTCGTTGATAACGATTTCGTCTGTGTCACGGTTGAGAATGGTTATCATGCCCCGCATCATGTCCATGTGTTCTGACATGATGGAGAGTACCTGCCTGAGCACTTTGTTGATATCTTCCTCGTGATTGAGCGCCCGGCTTACTTCGGCCAGAAGTCTGATGGTATCCGGCTCTTCAGTGGCTGGGGGTTTTGTGTTGTACATCGTTTTTTTCCCTGAATCTGTAATGATGGTAGATTTCGGTGACTTCTTCTGCCGACAGGTTTCGTTTGGCTCTCGCCGCTGTGATCCTGACTGGTTCGAGCAACCGGGCTGCTTCATTCCGTTCTATGCTGATCCCTTTTTGTGCAAGTGCATGTTGAATGGCCGTGCTTCCCGAGTGTTTGCCGATAACCAGTTCGTAAGGCGGGCGTCCGATTTCTTCGGGAAGAAATGGCTGGTAGGAGAGCGGATTTTTGATGAGGGCGTTACAGTGAATGCCGGATTCATGACGGAATACGGAGGCTCCTGTTACCGGTTTCTGCTCCTGAATCGGTCTTCCCGATGCCCGTGCGACAGTATTGCAGAGGTCTTCAAGTCGTTCCGTGTGGATCCGGCAGGTAAGATGCCCTGAAAGTCTGAGAGCGACGGCAAGTTCCTCCAGGGCTGCATTGCCTGCGCGTTCGCCCAGTCCATTGGCTGAAACGCTGACGGCATCGCAGCCGGCTTCTATTGCCGTAAAAGCGTTGGCTGTAGCCATGCCGAGGTCATTGTGTGCATGAAATTCGAGTCTGACAGGCAGCAGGGTTTTCAGTTTCCTGATGGTGCCTGAAATCTGAAGCGGGGTCGAGACTCCGACAGTGTCCGCTATCCTTACCCTGTCAGCCCCTGAGTTCATCGCTGCCAGGCAGAATGCTTCCAGCATTTCAGGACGGGCTCTTGTGGCATCCTGTCCGCCTACGCTGATGATATCGAAATAGTGTTTTGCTGTTTTGACGAGCCTTTCCAGTTCCTTTTCGACCCAGCTGAAGTCCTTGTTCATGAGCTGGAGGTAGAGGTCCGAAAGCGGAAAGCTGATGTGTACTGCCTCTGTACCGCATTTTGCAGCGCACTCGATATCCTTTTGTTTTGCCCTTGCCCACGAGGTGAGGCGCAGTGGCAGGTTCAGTGCCACAATGCGCTGAATGTTACGCTGTTCTTCGCTGCTGATGGCAGGGTAGCCGATTTCGAGTTCGTCGACCCCGCACTCGGCAAGCTTGATGGCGATGCTTTGTTTTTCTTCCGGTGTGAATGCAACGCCGGGTGCCTGCTCTCCGTCTCTCAGTGTCGTGTCTATGATCCAGGGGTCCAGCATGGTTTTGTCTTTCTGTTAGTGATTCATTCCCGGAACGCTTGATCTCTGATCGGGCTGTTTTCTTGGTCTATTTAAGGTAATTCGCATTATTTCTTAAATAAGTAAGGTTTTTATTTTAAAAAATAAAAAAAATTTACATAAATGTATGTTTTTTGGGGGCGATTATGCTGTGGTTCCGATAAAGGGCAGTTCCCTGTACCGTTCGGCTTCATCGAGACCGTAGCCGACGACGAAGATGTTGTCAATACGAAATCCTGTATAGTCAGGGGTGAATGGGTGTTGTCTGGCAGAGGGTTTGTCGAGAAGAGTGCAGACTGAAAGGGAGAGTGGGCCGAGAGCTGTGATGTACTCGATGATGTGTGTCAGGGTCAGACCGGTATCGATGATATCCTCGACAAGAAGGACAGGTCGTCCACCCGGGTCGAAAGAGCCGTCCATGCTGACTGAGCCTGAAGAT
CP020873.1_gap16	798374	801962	3588	ATGTGGTATTGAATACTTTAAACTTAAGTATAACACATTGAACGGGAAAACTCAATGCGAAGAGGTGAGCGTCGAAAGGTCTGAATCAGCATGCTGCAGGGACAGGACAGAGGCGGTGAGGTCCCGTTGTAAGGATGATAAACAGCAGAGGCCGTTGCGGATGTGATTCCGCAACGGCCTCCTGTATCAATATATCTGTCTGAACGGTCTGCTCAGATAAAGCGGGAGTAGATTTCAAGAAGATCTACGACCCTGGTGGAGTAACCCAGTTCGTTGTCATACCAGCCGACAACCTTCACCAGGTTACCTGATGACATGGTGAGAAGGGAATCGAAAATACATGAGTTGGCATTGCCGACGATGTCCTGGGATACAACCGGATCGGTGCAGTAGTCAAGCACGCCGCGCATGTTGCCTTCGGCGGCCTTTTTCATGGCTGCGTTGATTTCCTCTTTTGTGGCAGGTTTTTTCAGGATGACAGAAAGATCGGTCACCGAGCCATCGGGTACCGGGACGCGCATGGCCATCCCGTCAAGCTTTCCGGAAAGTTCGGGAATGACCAGCCCGATGGCTTTTGCCGCCCCGGTGCTTGTCGGAATGATCGAGCTCATTGCCGTACGTGCTCGACGCAGGTCGTTGTGCGGCAGGTCGAGGATTCTCTGGTCATTTGTGATGGCGTGAACCGTGGTCATGAAACCTTTTTCAATCCCGAAATTGTCTTCGAGCACTTTTGCCATAGGGGCCAGGCAGTTGGTCGTGCAGCTGGCGTTGGAGACGACCTGTTCTTCGCCGGTGATGACATCGTCATTGACACCGATGACAACCGTTGCATCCACCTGGTCTTTTGCCGGCGCTGAAATGATGACTTTTTTCGCTCCTGCGGCAATATGTTTTGCGGCAGCTTCGCGTTTGGTGAAAATACCTGTGGATTCGACAACCAGGTCAATACCGAGATCTTTCCAGGGAAGCTGTGCGGGGTCTTTTTCCGAGCAGATCGTGATGCTTCGACCGTTTACCACCAGTCGACCGTCTTCGACACTGATGTCTGCAGCGAGAACTCCATGAGTTGAATCGTATTTCAGGAGATGTGCAAGTGTCGCTGTATCGCACAGATCGTTTATTGCTGTAATTTCAATGTGTTCGTTTTCAAGTGCCTGGCGAAAAACAAGACGTCCGATACGTCCGAATCCGTTAATGCCGACTTTAATTTTTGCCATAATAACGTTTTCAGTTTTGTGGGTTCTGAAGTGGTAATAAACGAATGAGAGCAGTAATGGCTGTTTCCTGCATGGCTTGCCTTAGCAGGAAGATAAAATAACAATACAGAATTCTTCAGGAAATTTTAGCAAAACTTTCAGACAGCATGGTTTTCAGACCCTCAAAGTTTCCGTTGCTGAGCAGAATGATGACATCCCCCTGCTGGACATGCCCTCTGATGTATGCGAGGAGTTCTGCAGGGTACGGGCCGCTATTGCTTCCGGCAGCCCAAGCTGTTTTTCCCCGTGCCTGGAGGTCCGAGACCAGCCGTTGTGTATCCAGCCGTTCATGTTGCCCATACCTCTCAGGCCGGTGAACTTTTCCCAGTACGATACTGTCGGCAGCATCGAAACTTTCAGCGTAGAGGCCCTGGAACGTGTTACGGGTACTGGTGTTCGATCGAGGTTCGAAACAGGCGATGATCCGCCTGCCTGGAAAACGCTGTCGTACGGCTTCAAGGGTTTTTCGTACCGCGGTCGGGTGATGGGCGAAATCATCCAGCAGGGTAATGCTTTCAGCGTATTCTCCCACCAGTTCCATTCTTCGTTTCGGACCCTTGAATGCACCAAGGCCCCGGCCAATGGTTTCGACAGGAATTCCAGCATGCCTGGATATGGCAATCGCGCAGATTGTATTCAGGAGGTTGTGTGTTCCGTAGAGCGGAGTCGTCATGTTTCCGACAGGCTCAACGTTGTAATACAGATTGAATGAGGTTCCTTTCTGATTCAGATCGATCTGCTGAGCCGACCAGGTGCTTTCCGGAGCGGTTCCGAAGGTTTCAACCCGGCATAATGCATCTCGACTGAGTTCCCGTGCGACCGGGTCGTGATCGTTTGTCAAAAGCAGGCCTTCAGATGGTATCAGGCTGATATAGTTCCTGAATGAGCGTTTGATATCTTCAAGAGAACTGAAAATGTCTGCGTGGTCAAATTCAATGTTGTTTATAACGGCGATATCCGGGCGGTAGTGTATGAATTTGCTGCGCTTGTCAAAGAATGCCGTGTCATACTCATCGCCTTCTGTAATGAACCAGCCGTTACGCTCAAGCCCGGACGGTCTGCAGCCGCAACCGAAATTTTCCGCTATACCCCCGACAAGAAAGCCGGGTTGAAGACCGCCATGATCCAGCAGCCAGGCGATGAGAGATGTGGTTGTGGTTTTGCCATGTGTTCCGGCGACAACTACCGAGGTATGCTGTCCGATCAGCATTTCCCGTACGATTTCAGGCATCGACCGTATGCTCATGCGCTGGTTCAGTGCATATTCGATTTCGGGGTTTCCCCGGCTGACAGCGTTGCCTGCGACGACAATGTCAGGCTGCCGTGCTGCAAGATGATCTGCATCATATCCTTCGAGGCATGCTATTGCATGTGCTGCAAGATAGTCGCTCATCGGAGGGTAGAGTGCGGAATCCGACCCGGAAACGCTGTAGCCTTCCTGTGACAGCGCTACAGCTACCGAGGCCATTGCAGTACCGCCGATGCCTATGAAATAGATCGATGCAGTGCTCATGCTTGAGTATGGTTGAGTTTGTATGGGGCCTTGAGCCGGACATAAATGCTGAACAGCATCAGCAGGGCATTGATTGAGCCGACGATCACGAACGGAGCATGAGGGCTCATGCTGTCGAACAGGTTTCCTCCTGTTTTGGCAATGATAAGAATACCTATGGCACCGCTTATGTTGAATGTACCTATGATAGAGCCACGCTTGTTTGCAGGAGCCTCCTGTCCGATCAGGGACTGGGCACCGAGAAATACACTTATCTGCCCGATGCCCATCAGGATGAATACGAGGTATCCTGTAGAGTCAAAAGGGTTGTCGAGCAACAGCACTGAAAGGTTGCCCAGCATGGCGAGAAACATGCATACCGCAAGTGCAGAAACCCTGTTGATACGATCGATGAACGGGCCGACAAGCGGAGCCCATACCAGGGCTGCAACCTGGGTGATGATAAAAATGAGTGTACCTTTCCAGAACGCATCGTCGTAAGTCATTCCCATTGCGATCCCGGCGTTCATACCCCACAGACTGATGAATGTCCCGTTTATCGACTGGTCACCCCTGGCGATAAAGGCTGCCGTATAAGAGAGCAGGATCCTCGGGTTGCGTGCAGCTGTCAGTCCGGTGGTGAACAGTTCTCCCAGTCGGGGTCTTTTTTCCTCCTTGAACGGGACCCCTTTCTTGAGCCCTCCTGCACAGACGATTGCCGCGATGGTTGCGATGACCGCTACACTTGCATGCGTCAGGATACCTGCCTGTATGTCGGTCAGTCCCTGTTTGACAAGGAGTGCAGGCAGAGAACCGAAGAACTGGTTGGTGATGACGATG
CP020873.1_gap17	803510	807052	3542	GAACTGTAACGCGCGATATGGTCCAGTGCCTCCTGCAGGTCGCTGACGGTTTTTATCGACATTTTCAACGAGAGAAATTCTGTGCCGAAATGTTCTTCTGTCGCTTTGCCGAGAAGTTCGGCAGGATAGGTTCCAAGCAGTGCGGGATAGGCATGTTCGTCGGCGTAGATCACTACCTGTTTTTCTGCCAGGGGGGATACCAGCTTGCTGAGGTCTTCCAGCCTTTCGCTGTGAATAATCAGTGTATCCAGAGCGTTGCATACGCTTGGCCGGCGTGTTTTTGCGTTGAGGATAATGTCACGGCCGGTTTCAAGGATTCCGCTTTTATCGAAATAGGTGTGTACGATTCCCGCCCCGGTCTCGATTACCGGAACCGATGAATTGTTTCTCACGAAATCTATCAGCTGCTGGCTGCCCCGGGGAATGATGATATCAATCATTCCGGCCGCGTTGAGCATGATCGATGCAGCCTCCCGCTCGGCGGGCAGGAGATAGAGGGTATCGGTGCTGAACCCATGATCCTCGAGTACACTGTGGATAAGGTCGACAATGGCAATGTTTGAGTCGCTTGCGTCGCTTCCTCCTTTCAGGACCGTAGCGTTTCCGGATTTCAGGCAGAGAGAGAAAACGTCAAATGTCACGTTGGGGCGAGATTCGTAAATGATTCCGATAATGCCAAGCGGAACACTTTCTCTTCTCAGTTCAAGGCCGTTGGGCAGGGTACGCTGCTCGAGAACACGTCCCAGAGGGGTTGGAAGTGATGCCACCATACGGATATCATCGGCAATTGCACTCAGACGTTCAGTACTGAGCAAGAGCCGGTCGTATTTCGGGTCTTCCGGAGACATGCGTTCAAGGTCTTTCCGGTTTGCCTCGAGTATCGCCTTGCTGCGGGATGGAATACGGTCGGCAAGATCGAGAAGCAGTGTATTGATATCACTGTCGGTGCAGGCCGTGAGGCTGCGGCTGGCTGAGCGTACGTCACCGAGTCTGGACAGGATTTTTGCTTTCAGTGTCATGGTGCGGTGTGTTGATATAGAGGTAGTCGTAGTGGATTAATGGCTTTTCACCCTGTCGGCCCAGTAGTTTCCGGGTCTGTTCGGAACTGTAACGAGCCATGCCGTATCCTATGACTTCACCTTCGGTATTGCAGACTTTGATGATATCCCCCTTGAAAAACGTACCCTTGACGTCTTCGATGCCGACCGGCAGAAGACTGTTCGCCTGGGCTGGGGAACGCAGGGCTTTTTCGGCTCCGCGGTTCACGGTTACAGCTCCTTTTTCAAGGCCTTCGCTGTGCGCAAGCCATCGCTTTCGGCCGTGAGCTGGCTTTTTTGCAAGAAATTTCGTGCCGGTGGCTTTTCCTGATACGATATCGTACAGTATACCTGGTCTGCGGCCATTTGCTATATGAACGGTAATCCCGAAGCGTGCGAGTTTCTGTGCGATATGGCATTTCGTCAGCATTCCACCCCGCCCGAATTCGGATTTGCCCGGACGGATGAACTTTCTGAAATGCTGTTGCTCGGGATCGATTTCACTGATGACTTTTCTTTGCGGTTCCTGGTCGGACAGGTCAAAGAGACCGTCGACATGGGACAGGATGATGTGAGCATCGACCTGCATCATGGAAGCGATCAGTCCGGATAGCTCGTCATTGTCGGTAAACATCAGTTCAGTTACCGAGACGGCATCGTTTTCATTGATGACCGGTACGATGTCATTCTGCAGCAGGGATGCAAAGCATGTTCTCATGTTGAGATAATGCTGGCGGTCCCTGAAATCGCTTTTGGTGACCAGTATCTGGGCGATGGTCACTCCATGTCGCCCGAAAAGGTCCGAGTAGGTGTTGATCAGCCGGATCTGCCCTGTGGCGGACAGTACCTGTCTGCGAGCTACCGGGGGGTATGACGCAGGCAGCGACAGAATTGCTCGTCCCGCCCCTACTGCGCCGGAGGAAACCAGCAGTACCTCGATTCCCTGATTGTGGAGGCGGGCGATCTGTGTAGTCAGCTGGTCGATGATGTCCATGTCCAGTTCGCCTTCAGGCGTGGTAATGACATTTGTTCCGACTTTGATGACGATTTTCCTGTATACCGGATCAGAAAGGTACATACGTATTCAGAGTGCTGCTCCTGATGTGTTGATGAGCCTGACAGACATGCAAAAATACAAATAAAAGCAATTCAGGCAACGGTCGATTGCCTGTGACTGTTTTTGTTCAGCCCTCATCCTCCTGTGTGGCCTGGCTGTGACGGCTCTGGTAGTAGTAGATGAATGCCGACATCAGCAGGTTACTGCCGAGGATGACCCCGAACACTACCGGCAGCAGCCGTTGTGTCTGGAGGACGTCAGCATCGAGTACCAGAAATGCCATGACGGCTGTCGCCAGCCCTCGAGGGATCAGTCCGAGGGTCGATGATGTGTGGGCACATCTGAGTGATGGTGAAAGAGGACGGACAATTGTCACCGTAATGAACCTGCTGGCGAGAAAAACTCCGAGAATGGCTGCCGCTATCAGCAGGACATCGGCAGTGAAGAGGGTGAAATCAAAAAGAAGTCCAATGAAGACGAAAAAGAATGTCCTGACCAGAAACGTGAGCTCGGCGTTGATTTTCTTGACAACTTCGTCAAGCTCGAAATCTGTGACGTTGATGGTGCTGTTGAGCCTGACCATGATATTCTGGGTTTTCAGGGCCAGGTGCTTTCCGTTGCCGAGAAGAATACCGAACGCGAGAACCGTAATGGCGGGTTCCCCCCGAGAAAGGAGGTGAGGGTATAGAGCAGGAGGACAAATCCCAGCGTCAGCATGTATGCCAGGTTCTGGCGACTGAAATATCCCATGAACCGGCTCCATATAATTCCGCTCAGCATGGCCAGGACAATGGATATCGCAATGCTGACGGCGATATGCTCGATAATGTCGGTCGGATTGAAGTGTTTCGGTTTACGCAGAATATTGATGAATACAATCACGGAGATGACGGTCAGCACTTCGCTGATGACAGCTTCGAGTGTCAGCAGGGTTTTCAGCTTTTTGGGTATGGATAACCGCGACAGTACCGGTAGTATGACAGCCGGGCTGGTGCCACCGAAGACAAAGCCGTAGAGCAGTGCTTCGGTCATATCCATCTGGAACGGAATAAGGCAGATGGCCGTAATGCCGGAGACTCCGAGAATGAATGACAGGAACCCCAGCAGCAGTGCAGAGGAAAACTGCCTGATGACAAGATCGAACTCGAGATCGAGACCGCCTTCGAAGAGAATGAGAATTAGTGCGAAGGTCCCGAAATAAGGCGCTATGCTGAAAAAGATATCACTGGTGAAAATATTTGCAACCGGCCCGAGAATGATACCTGCCAGCATGAGAATGACCGGGGTCGGGATCTTTGACTTGGCAAACAGGAGGTCGCCGACAACCCCGAGAACTATAATTCCGCCGATAAGGGCGGCAAACAGCGTGACGTCCATGTTGTCTTATACTCTTGTCAGTGGAAGTTACCGGGCAATGGCATTGCCCGGCGGAGCGGTCAGTGTACTGC
CP020873.1_gap18	808180	811032	2852	ATTGTTAAACAGTGGCAGGGATGCAAAAAGAAGAAAAAGAAGCAGTGAATAGAGGGCGATTTTTACGATTTTTCGTGTCGGTTCTGCCCATTCCGGTTCAAATCCCACAAACTTCAGTTCGCCACGTGCGATATTCTGGAACACTGCATCGCTGAACTTTCCAAGGTAGCGCATGATGATGAACAGAATGGTGATGGCTATGACATTGGGGATCGTCGTGGTGAATTCCCTGAACAGTTTACCTGCCGGTCCGAGCACAAACGTGAGCAGGTTGCTCGAAAGGTCCTGTGTCCACGGGAAAAAACTGAACACCGTTGTCAGATAGGCGTAGATCAGGAGAATTTTCAGAAACAGTTCCATTACCCTGCTGAACCAGCCAAACGCACCGGCCAGATGATCGGGTGAAAGCAGCTGGATGAGCTTGTTCTGGCTGTTTGTCTTATGGTGCAGTCTGAGCTTCTGGATCCATGCGTCGAGAAATGTGAAAAAACTGTTGAGATAGTGCCATACAACAGCCAGGGCCAGCAGCAGTGCAACTGATTTGAGCAAGCTGAGAATAATGCTTTTACTGCTTGTTTCTTCCCTGAATTTGGCGGTTTGCAACGTAATCTTCTTCAGTGCGCTGACGGCAAGCCTGTTGCGGGTCATCCCTTCTCCTTCTGCATCGGTGTCAGAGAAGGCAGCAATTATTCCGTCAGGGGTTTTTATCGCCGTAAGGGTGTCTCCCTCGGCAATGGAAAGACTGTCGACAGGCGCCGATGAGCGGAAGAAATCGTTGAGCCGTCTGCTTGTTTTTTCTGCTCGTTCTTCAGGGGCGATGTCAGCAATGGTATCATAGAGCCGGAACAGCTCCTGATTGTTCAAGATGACAGGGACCCCGGTTTTTTCCTGCAGGGAATCGGAGAATGCCCGTACGATTTCCTTGTCGCTGACGATTTCGGGCTCGATGAGGCTCTGAAGTATGCTGTCGCCGGAGACACTGCTCAACGTGTCGGCAGCAGGCGGAGGAGCGTTCAGGCTGTCTGGTTGCGCATATGCCGGACCGGACAGCAGAATGACCGGCAGCATGACGATATATACGATCAGGAGGTTTTTCATGAAAATTCGCAAAAATGTTTTTCAGTCATGTTACATAGCCGCAATGCCGCCAGGAATGCCTGCCGTTAAAGCAGTGGCATGTTCTGCATTGTACCGCAACCTATAAAATATCAGACTTTTACTATAATTTGAAACCATTGTTGAAGGTTTTATATTCCCTCCCGTCAGAGGCACAGGATGGCAACTATTTGCAGAGCGGCCATGTTAGTAAACAAAAAGATTATGATACTACCGATTACTATTTACAGTGACGAGGTCCTGCACCGTAAAGCAAGGCCGGTCAGGGCGGATGATGTGCTTCAGGGTGACCTTGTGGGAAACATGATGGAAACAATGCGTAATGCAGCAGGGATAGGTCTTGCTGCGCCCCAGGTTGGTGAGTCTCTCCGCCTTCTTGTCGTTGATATTTCTGTCGTTGAGGGATATGAGAATGTCTCTCCGATGGTTGTGGTCAATCCTCACGTTGTGGCCGTGAGCGGATATAACACCATGGAGGAGGGTTGCCTCAGCATTCCCGATGTCCGGGGTGATGTCGTCCGCCCGTCAACCATCCAGCTGAAATACCGTGACGAGAATTTCGAGGAGCAGACCGGGGAGTTTTCCGGTCTTATGGCCCGTGTGCTCCAGCATGAGATAGATCACCTCGATGGTACGTTGTTTGTCGACCGTCTCCAGCGCAGGGAACGCAGAAAGGTGCAGAAATCACTCGGAGCATTGGCCGAAGGCAGGATTAACGCATCCTATCCTGTCGTCACTCCAACCCGTTCCTGATACATCTTTTTTGTAACATGTCAAGCTGATTCATGAGAGTTGTTTTTATGGGCACTCCGGCTTTTGCTGTCCCTTCTTTAAGGGCCGTTGCTGCAGCCGGTGATGATATTGAACTTGTCCTGGTCGTTACAGGAAAGGATAAACCGCGTAAAAACCGCCGGTCGGACCCTGAGCCAACGCCGGTAAAGAAGGTTGCCCGGGAACTGGAGGTACCGGTCTATGAGGTTGAGGATGTTCGTGAAGAGCGCTTTGCTGCGACTGTTGCCAGGTACCATCCGGATGTGATCGTCGTTGCGGCATTCAGGATACTTCCTCCGGAAGTGTATGGCCTTGCCCGTCTTGGGGCGTTTAACCTTCACGCATCCCTTCTTCCGCGCTATCGCGGAGCCGCGCCTGTCAACTGGGCGATTATCAACGGAGAGAGGGAAACCGGTGTGACGACGTTTTTCCTGCAGAAACGTGTCGATACCGGTAATGTTATTCTACGGGAAACAACGCCGATCGGTTCAGAGGAAACTGCAGGAGAGCTTGCCCTGAGATTGTCGGAAATAGGTGCCGGGGCAGTTGTGAAAACGCTCGAGCTGATCAGGGACGGCAAGGCCGAGGTGATGAGCCAGGATGAACGCCTTGTAACCCGGGCCCCGAAACTTACGCCTGAAAATACACGCATTGACTGGGTGCAGCCGGTCGATGCTATCTGTGATTTTATCCGTGGCCTTGCTCCCCGTCCTTCAGCATGGGCGCTGTTTCAGCACAGAAAAGTCAAGATTTTCAGGGCATTGCCGAGCAGTTTTCATCTGCCTGAAGCCGAAGAGCAGGCTGCGGTTCCCGGCCGTGTGGCTGTAGAGCAGGACAGGCTGTATGTGATGGGGCTGGATGGTTGGGTTGAGGTGCAGGAACTCCAGATGGAAGGTAAAAAAGCAATGGATGCACAGGATTTCTGCAGGGGTTTCCGGTGTGATCATGAGTGCCCCGCTTTTTCC
CP020873.1_gap19	812788	814972	2184	CATGAGAAAAAATGTGCTTGCAAAATGTTACGGTGGTGATATCAGCAGGAAACGTAAGCTGCTCGAGAAGCAGAAGGAGGGCAAGAAGCGTATGAAGCAGGTCGGCAGGGTAGAAGTTCCCCAGGAAGCCTTCCTTGCAGTATTGAACATCGATGAGTAGTGTGTTTTCGGAAGCGGCAGCAGTAGTACATGTCTGCCGCTTTTTTCTTGAGTCTTCCCCTGGACATTTCAGCAGGATTTTTTTGCCGGGATATGCAAGGAAACTCTTTAACTATCGTCAAATAAACCATGAAAAGGGTGTATGATCCCCGTGGCGTTTCATGCCCCTCTCAGGTGGTCAATCTTTGAATTTTATGGGAGTGAATACAAAACAGGGTAAAACAGGAAAACAGCATTCAAAAGAGTGGTTCGAGGCCCTTCTCATTGCAGCGGTATTTGCCGTTGTCATAAGGGTTTTCGTTATAGAGTCCTATCGGATTCCTACCAGTTCGATGGAAAATACCCTGCTTGCCGGAGATTTTCTGTTCGTCAACAAATTTGTGTATGGTGCACGTGTTCCTATGACCGATTACCGTCTGCCGGCCTTTGACGAAGTGGAGCACGGTGATATTATAGTCTTTAAATTTCCTGAAGACCGCTCTCTCAATTACATCAAAAGGTGTGTCGCTCTTCCCGGAGATACTCTTGAAATAAGGGATAGGCAGCTGTTTGTCAACGGAGAGGAGGAGCCTCTTCCTGTCTATGGACAGTTTCTTGCCGAAATGATGCCTGCCGGAGCTTCCGACAGCCATATTTTTCCTCTCGGTTCGGGTTTTAACAAGGATAATTTCGGTCCGCTACGCATTCCGCAGGCAGGAGATGTCGTGAGCCTTGACCGAACAAATATTGCAGTATACGCAGGTCTGATCGAAGATGAGGGCCACAGTGTGGCGCTGGTCGGTAACAGGATTATGATTGACGGTATCCCTGCTGATACATATACGGTTCAGGAGGACTATTACTTTACCATGGGGGACAACCGCGACAACAGTCTCGACAGCCGTTACTGGGGTTTTCTTCCTGAAAAAGACCTCGTCGGCGAGGCTCTTATGGTTTACTGGTCATGGAACCCCCGGATTTCCCTGCTGAATCCTGTTGCCAAGTTTTCTTCCATCCGGTGGGACAGGATAGCCATGCCGGTCGATTAGTGAGCGGAACGCTTTGGTGATCCGCCCTTGTGCTTCATGCTGACAAGGATCCTGCGGGAAATATCCTCACTGGATATGTCCGCCTGCCGGTTGTCAAAGAAGATGGTGAACACCCTTCGGCAGGGCACTTCGAGTTCTTTGATTGATATGGGGACCAGTTTTTCAGGTGCAGAGGCCTGACCTGAAGATGTCGGGGTGATCCTGATATTTTTCAGTGTCACGGTATTCAGCTGTGCTCCTGCATGCAGCGACTGGACGGACAACTGCCAGTTTTCTCCCGTGGCACGACTGACTGAATCGGAAATCCGGTTTCTTATGCTTCCCGATAACGAGATGTTTGTCAGGAGATAGATGACAAGATATGCCGCAGAAAACAGTGTTCCGGGTGAAAGAAGTAGTGCCTTGATCCAGTTTCGAAAGCTTAAATCCTTTACCAGGGGGTCTTTCATCGGCTGTTGCTTGCTGTTCATTTCCATCTCATGATACTAAATTTTCTTGTTACTTGTATCTTTTGTACATGCTCAATACACTGCTCATTCAAGATTTCCAATGCCTACTTCCGATAAGATCGTAACCTATACTCTCCAGCCGCTGGTCACTTCTGTACTTGCAGATACCGAAACTCCTGTTTCTGTCTACATGAAACTGCAGGAGCCTTATTCATGCCTTCTCGAGTCTGTCGAGGGGGAGGAGCAGCTGGCCCGTTTTTCCATCATTGCCGTCGATCCGGTAGCCGTACTGAAAGGAACGGTCGGAGGGGACATATCACTCGATATCCGTGACAGCCGTTTCGAAGCCCTGCAGGATATCGTTGGCGCGGAACATGACCTGCGCAAGGTTATCGATCTCTGCCTTACGGCATTTGGAAGCAGCCAGTATACTCTCGAAGGTCCTGGAAGTTCTCCGTTGATTACATCGGGGGCGTTCGGATATTTTACCTATGACACGATGCACCTTGTCGAGAAGATACCCTATCCCGCACAGCCCGATCCTGCAG
CP020873.1_gap20	823223	827085	3862	CTGAAAGCGTTCCGAGAGGTATACCGCAACCAGCTGTGGGTGGAGGTCATGCTGCTCAAGGGGATCAACGATTCGGCGGAAGCCTTGCAGGATATCGCCAACATACTTGAAACTATCAGGCCAGATATGGTTCATCTCGTTCTGCCTACGCGACCATCGACGGAGTCGACCGTACATCTTCCTGAAGATGATACCTTGACAAGGGCAAGGCTTATTCTGTCAACCGTGACGACAGTTCTGCATCCCTCGAAAAAAGCCATGGCATTGAGCAGTTCCTCGGATATTATCGAGACCGTAGCAGCTATTACCATGCGCCATCCTCTGCAGGACCGCGAACTGCGTCATGCAATAGATGAACTTGTTTCTGACGATGCCGACCAGGCAGAACGCATGATTGAAACACTTCTCGTATCAGGCCGCTTCAAAACCCTGACACTGGAAGACGGGGAGGTGTACTGGGTACCGGCTACCGATCCCCGTTCATGAGATCTCTTGCCGCTTTTCAAAGAAATCAGGCCGCATAAGCGGCCTGATTCTTACAGGTGACTCTCCAGGGAAAACCGTTATCTGCCATCCCTCTCTTTTTTCCATCTTCATAATCCAATCTTTCATCACAGTCCCTGTCTTTTCCTGCGTCACGGTCACCCCTCTCATGATGCCAGCTTGAGTCCCTGTCATACCGGTTGTTATCCATTTCGTATCGATAACGGTAACATCCTTACTATGTCATACCAATCATTATCTGAAAATAAGTAGTATCATCATGTTCTTCCGGTTCTGCTTCTGCTGTCTTGCACTCGCAGTATCTATATAAACAGATCGCTGGCGAGTAAGGTTCCTTTCTGCAGAATATGTCCGGCATGGTTTTGCTGTGAAGGTGCTGTATGATGCAGTCTTCTGATACTGTCCGGGGACTTCTGCATAACGTTCGAGAAGGGTATCATCCCGACACAGTGGCTCTTTGATGGGCTTCTCCAGACCGGCCTGGAGGTGTTACTTGTCGCCAGTATAATCAGCCCAGTTGTTGGGTGTTTCATACCACCTCAGGTTTATGAGGGTGACGTTTTCGGGCAGGTGTGGAAGGATCTGGTTGAAGGCCCATTTGGCAAGGCATTCAGCTGTGGGAGGCTCGTTGGTGATGACAACGCGTTTATTGCGTCTGGTGATGAATTCAAGGTCTTCGTGGTCGTCTTGCCAGACAGCGAAACCGTGGTCGAGGATGTCGTGGATGTGGGTCATCATGATGTCGTTGAGGAACTTGAAGTCCATGACCATTCCTTCCTGTGCATCGCCTTTTCGGTCGATCATGTTGCCTTCTACCGTAGCTTCCACAACGCCGCGATGGCCATGGAGCTGGTTGCAGAAGGAAAAGCTGTTGGGCAGGGTGTGACCGTAGTCGAGTTCTATCTTGCGGGTGATGATCATGGTTGTTTCTTGACCTTGTTTGTCATGATGTCTGGAAACGCAAAGTGTACGCAAAAAATCGGATTTTGGCAACCTGCAAGAGATGAGGAAACTTTCTGCAAAGGATTGGTTTTTATTGACAGGTAAAGGGCAAAAGGCAAAAGGCAAAAGGCAAAGGGCAAAGGTCAAAAGGCAAAAGGCAAAAGGCGAAAGTCAAAAGGCGAAAGGCGAAGGGCGAAAGGCGAAGGGGAAAGGGGGGGAAAACTTTATGCTCGATGGCTGGGTGTTTTATGTCGTCGACAGCGCGGTTGATTGGTCATGGTTCACGATCCTCGAATGATGGCCTTCGTTCCCCGGTTCACGAAAAATTAAATGAATTTATTTCTTGACTTTGTCGTTGTTCAGGCAATAGCTTCCTTTGCACATAAGCCACCTGGTGTTGTCATGTATCTGCATGAGTACGGCGGGGTTGGTTCAACATATAAACACATCAACGGTTCAACAGTATTGTAGTATGGTAGCCAAGGATATATGGACAATTATCCGTTCGGAGGCTGAACGGGAGTGCGCCAGGGAGCCTTATATGCGGCATTTTCTCGATCAGCATATTCTGCAGTTCAGTGATTTCGGTGCTGCGCTCGGGATGCTGTTGTCCGTGAAGCTTGCTTCAAAGCATTTTCCTCCACAGGTACTGCAGGAGCTGTTTGCCGATTTTTACGAGAAAAGTCCTGCCGATCTTGATTTTGCCGCTGCCGACCTTGCTGCTACCCTGGAACGGGACCCTGCCGCAGTGAACTACTTCGAGATTATGCTGTTTCTCAAGGGATACCAGGCGTTGCAGTCATACAGGCTCGCTCACTGGATGTGGAAAAACAAGCGGACTTCGATGGCCTACCTGTTGCAGAACCGTATGTCGGAGGTGTATGCGGTCGATATCCATCCTGCCGCATCGATCGGCAAGGGGATCCTGCTTGATCATGCAACCAGCCTGGTGATCGGCGAGACCGCGGTTGTAGAGGATAATGTATCGCTTCTGCATGAGGTGACTCTTGGCGGTACCGGTAAACAGAGTGGTGATCGTCATCCCAAGGTTCGTCAGTGTGTTCTGATCGGTGCCGGGGCCAAGATTCTCGGCAATGTGGAGATTGGCAAGGGGGCAAAAGTCGGGGCCGGCAGTGTTGTGCTGGATGATGTTCCTCCGCATTATACAGTTGCTGGTGTACCGGCGCAGATTGTCGGGCGAACCGAGGATGCCGATCCTGCCCGTGAAATGAACCAGCGGCTGCAGAACAGCCGCCGGTTTGAGTAGGCTGTCTGTTTGGGTTCAGACGTGGAATCTGGCCTCGATCTCTTTTCTGTATGCTTCGAGCCGTTCGAGAATCTCTTCGATATGATCTCCTCCTGTTTTTTCCAGTAATGCATTTGCCAGTACAGGCGCTACGACGGCTTCTGCAATCACGCTGCAGGCTGGAACGGCACAGGTATCACTGCGCTCAATATGGGAGAGGTGAGCTTCCATCGAGCTGAGGTCAAAGGAGTGTAGTGGGGACATCAGGGTTGCAATTGGCTTCATAGCGGCCCTGATGTGTATCACTTGTCCGTTCGACATGCTTGCTTCGAGCCCTCCTGCACGGTTTGTGCTGCGTACCGGTTTGCCGTTGCTGTCGAGGTACATTTCATCGTGCACCTGTGATCCTGGTTTGCGAGCGTTGTCGAAAGCGTGCCCGATTTCAGCCCCTTTGACGGCCTGGATGGACATCAGGGCAGCGATCAATGCGGCATCGAGTCTGCGGTCATGCTGGACATACGTACCGAGCCCCATGGGAACGCCAGTTATGAAGAGTTCGATGATTCCCCGAGGGTGTCGCCGTCTTCCCTTGCTTTGTCGATGGCTGCCACGGCCTGTTTTTCATCTGCTTCTGTCAGCATGCGCACACATGAGGCGTCGGCTTTTTTCGACAGTGCCGAAGCTCCCTGCGAAAGCAGTTCATCGAGCTGATGTGACGCTGCAGTTTCTGCTGCCGGACCGATGGCCGAGACGTAACTGCCGATCTCTATACCTGCCTGGCGAAGGAATGTTTTTGCCAGTGAGCAGGCTGCGACCCGTGCTGCGGTTTCGCGTGCCGAGGCTCGTTCGATCACCGGACGGATGTCGCTGAAACCGTATTTTATCATCCCGGTAAGGTCCGCATGGCCGGGCCGGGGGATAGTTATGGCCGGGACCCCTTCTTCGGGCTGTTCGAACTGAGCCATTTTTACGGTCCAGTTTTCCCAGTCGCGGTTCCGGATCTGCAGGGTGACAGGTGAGCCGATGGTTTTTCCGAAACGGACTCCCGAGAGGACCTGTGCCTTGTCGGTTTCGATTTTCATCCGTCCTCCCCGGCCGTACCCTTGCTGTCGGCGGGCGAGTTCATCGTTAATGTCCTCCGGAGTGAGCGGCATACCTGCCGGCACTCCT
CP020873.1_gap21	833254	834521	1267	TGATGTCGCCCATTTCAAAATCGGGACGCATACTCAGAAGCTGTGAGGTTCTGCGAAGGCTGCTTGTCGCGATTTTTGCATCGGGCCTGAGCTGCTTGAGGTTTTCTCCGTTTTTGGAGATGATCACGTCACGCGTGTCTTCCCTTTCAGTAAACGCAGAGAGAATAAGGCCCTCAGGGGTTTCAGTAGGGACATCCTTGAGGCTGTGGACCGCCAGATCGATTTCCTTGGCAAGAAGGTGTTTCTCGATGTCCTTTGTGAACAGACCCATGTCACCGATTTTGGACAGGGGAGAGTCAAGCAAAACGTCACCCGTGGTTTTGACCAGTTTGAGCTGAATGTCGAGCTCAGGATAGTGCCTTGAAAGTTCGGCTTTGGTGAATTCTGCCTGCCAGAGGGCAAGGGGGCTGGATCTGGTGCCGATAATTAACTGTTGTTTCAATGCGGTTACTGATTATACGGTTACTGATTACTTGTTTATTGATTCTGATCTTCGAGATCAAAAATGTTGCGTACGAGGTTGACTTTGCTTGGAATGTTATCGGCTGTGTCAACCGGCGATTTGAGCATTTTGATGGGATGGTGGAGGATTTTTTTCAGAATCCTGTCACTGAGCCGCTCCATCCTGCGAAGCTCCTCCTCACTGACCTTGTAGCGGTATCGTTCGAGTTCCTTTTCCTTGATTTCAAGGAATTTGGACTGGAGGTCCACAATGGTCGGCCTGACTTTGAGCGTATTGATCCACTGTCCGAACCCGACAAGTTCCTCTTCGATGATGGCTTGTACCTTTGGGAGCTCGGCACGTCTCATTTCGAGGTTTTTGTCGATGATATGTTTGAGGTCGTCGATATCCTTGAGGAACATGTTCTGCAGTTCGCCGATTTCCGGATCGACATTGCGCGGAAGACCCAGATCGAGAATGATCACAGGTTTCAGGCGGCGCTTCTGCATGCTTTTCTGCATTTCCTGAGCGGTGAGAACATAGTCCTTGGTGCTGACAGCGGTGATGATAATATCAAATTCGTGCAGATGGTCACGGAAAGTTTCGAATGGTATGACCTGGTTTGTTCCGAGCTCCTCGGCAAGCGCTTCGGCTTTCGACATCGTCCTGTTGGTGATGACAATGTTTCGTGCATTTTTCTGGAACATGTGCCTGGCTGCAAGTTCACCTGTTTCACCGGCCCCTACCAGAAGAATTTTCTTCATCGGCAGGTTCGAGAAAATCTTCTGTGCGAGCTCCACTGCGGCGTAGCTTACCGAAACTGCG
CP020873.1_gap22	841663	846617	4954	AAGCTCATGTATCGCACCGCTGCCGGATGGGGAAGTGTGCTTGCCGGGTTTGATTCGAGCACAAGCTTTTGCTGACGGGCCCATTGGCTGACCTTGAATGGTCCTGCTCCGATGATGGGGAGTTCCGCAGCCCGTGTTCTGATTTCGTCAGGGGGAATATCTTTGAATATATGCTTTGCGACAGGCATGAGATCGTTGAAGTGATCCAGGATGATATCGGGCGCAAGGGATCGGCGGAACATGAGGACCAGGGTGTGATCGTCAGGAGTCTGGATCCCACGCTCGAAATCGATCGAACCGTCTGCTTTTTTGGGCAGGTCATCGAGGTAATGCTGGCGTGTACTGGCAACGGCTGGTTCGGCATAGAGCCGGTAGGAGAATGCGAAATCATGGGAAGTGAGGGGGGTTCCGTCTTCCCATACCGCGTCAGGTTTCAGGTTGAATGTCGCCTGCATGCCATCGTCACTGAATTGCCAGCCTGCAGCAGCAGAAGGAAGGTATTCGATCACTCCCTGCTGCTCGTTGTAGGATGGTTTTACCAGCGTCGGGTAGATCAGGGTACAGACTTCCCTGGAGAGAGACAGCTGGATCAGCAGGGGATTGAGATGGTCGAAGTCCGCCGAAATACCGACAGCGATATGTTCCTGCTTGTGATTGTTCTGAGTTGGGGAACAGGCGGAAAATCCTGCAAGCAGGAAAAGAATTGTAAATGATAGTAGTATTTTTCGCATGACTTGTGTTTTTTGCAGGCAGTGGACCGGGTTGTCCGGTTTTCTGGAGCTCTACCGGCCGGGTGGAATTGAAAGCAAATTATCTGCCCTGTCGCTAAAATTCAAGTGTAAAAATTCAAGAACCGGCATCTTTTATGGAAATTCAGCATTGTGATGTGGCAATCGTCGGGGGTGGCCCTGCAGGCTGTTCGGCGGCAATCTATACCTCCCGTGCAAATCTGAAGACTGTTGTCCTTGACAAGGACCCCCATTCAGGGGCTCTTGGTATGGCACATGTCATAGCAAATTATCCGGGAGCAGGACCTGACATGACCGGTATGAGGTTGCTTGAAGAGATGCGCACTCATGCAGAGGCCTTCGGGACACAGTTTTTCCGTCAGAAAGTCAATGGTATCGATGTCCGTCATCCTGAAAAAACCGTGTACACAACTTCGGGTATGGTTGTAAAGGCAAGGGCATTGATCCTTGCGACCGGTTCGATGGGAAAAAGCCGCGCATTGCCGGGTGAAAAGGAGTTGCTCGGGTCCGGTGTCAGTTATTGTGCAACCTGTGACGGGGCATTTTACCGTGATCAGGTGGTTGCCGTTGCAGGAAGGACACGTGAGGCTGTAGAGGAAGCGTCTGTTCTCTCCGCCTATGCCTCGAAAGTACTTCTGTTCTGTCCAGCTTCATCATTCACTGCACCGGATGAAGAGGTATCAGCCCTTTTGGAAAAAGACAATATCGAGCTGTTTTACAATCGCAGGGTAATGTCTGTTTCAGGCGACAGGGCGGTATCCTCTGTCAGTGTGACGGGTCCTGATGAGGATGTTCCGGTTCAGGGTGTATTTCTCTATCTTACCGGATCTGCACCGGTTATCGATTATACCGGAGGCCAGCTCGATGTATGCGAGAGTGGTTGTCTGAAAGTCGACAGCAGGTTTGCAACATCCGTTGAGGGCGTATTTGCAGCCGGGGATATTCTCTGCAAGGAGGTCAAGCAGGCGATTATCGTCGCATCGGAGGGTTGCCGTGCGGCCCTGCAGGTCGAACGATTCCTCCGGGGGGGAGAGAAGGTACGTCAGGATTACCACTGACTATCATGTCTCAGCTGAACATGTCGCTGAAATGCCTGACTGCGGGGGGGGAAGGAAGCTGAAATCCTTCTCCGTACTTCGTGCCGATCTGTTCTCCAAAATACCTGGCACGGGCTTCGAGCCCGGTGAGGAACTCTTTACGGTTGATCAGCGTGCTGGTTTCAGGTGCCTGCCCTTCCCTGTAAAACTGGGTTGAGAAAGCCAGCACTCCTTTGCGGGAGTCCTCAAATGTCGAGGATACATCGACGATGATATGCGGTTCAAGGTGCCTGAACTGAATGTAGTATAACAGATGTGCCGGTCTGTGGGGTGCCTGGGCCTGGTTATTCCAGGTGGTTTCGATTTTTTCGAGACCGGAGTAAAATACGGCATCATAGACCAGTCTCGATGCTTTCATATGGTCCGGATGGCGCTCATCGGGCGGATTTGTGAAAATGACGGATGGCTTGAAGTACCGGATGACCCTGATGATTTCTCGCAGAGAGCTGTCAGAGTAGGGAAGCTGCCAGTCGCCCAGGTCCAGGGTGATCCTGTCGGTGTAGCCGAGTATCCTGGCTGCCTGTCGTGCTTCTTCAGCTCGTGTTTCCGGGGTTCCGAGGGTGCCCATTTCACCCTTTGTAAGGTCACAGACCGCTACATTGCGGTTTTCCCGGATGATTTTCAGAAGGGTGGCCCCGCATGACAGTTCTACGTCGTCAGGATGTGCTCCGAATGCAAGTGCGTAGGCGTGTGAGGCTGGAGTGTTCACATGCTGTTTTGTTTTGTCTCTGTAAATAAATGTTTTTTCCATCAATGCTTAAAGTAAATATTGTACGTGTAAAGAAACAAGCTGTATTACCTCGTTATGCTACAGCCCATGCTGCAGGTATGGACCTCAGCGCCTGTCTCGAAAAGCCGCTTGTCATCGAAGCTGGCAGTACGCAACTGGTTTCCACGGGTATTGCAATGGAACTTCCTGAGGGTTTCGAGGCCCAGTTGCGGCCCCGTAGCGGACTTGCGTTGAAACACGGTATTACCCTTCCTAATTCACCAGCCACGATCGATGCCGATTACCGGGGTGAGGTCAAGGTCATTCTTTCCAATTTCTCAAGCGAACCGTTCGTTGTCCATCATGGAGACCGGGTAGCCCAGATGGTGATAACACGCTATGAGCATGTCGAGCTCAACGAAGTTGACGAACTGGGAGAAACAGTGCGCGGCAGCGGAGGTTTCGGTCATACCGGAGTGTAGTTCCGTGCTCTATTCCGGATCACCTGGATGTCACGCCATTCTACCGTCCACGGATTACACGGATTTGCACTGATCGACTATTCTGACTTTTGCCTTTTAACTTTTGACTTTTTTCCGGTCACCGGTCACCATTCAATTGATCCCGAATTTCTTGAGTTTTCTGTAAAGTGTCGCTCTGCCTATACCGAGGACCTGGGCTGTTTTTGTGGGATTGCGGTCACAGATATGGTATGCTTCTGTGATGGCAGTGCGTTCCAGTTCTTCAAGAGGTACAATGGCGTCCGGTGACGTTGCTCGGGGAACACAGGCCGGCCGGTCACCTGCCGGCTCCTGTTGTATGACAGGCTGACGGGACTCGCGTGGTCCTGTATGCATGAAGGACGTGATTTCGGCAATGCTGCGGTCCCGGATTGCCGTTCTTTGAACGGCGTTTTTCAGCTCACGGACATTTCCGGGCCAGTTATATGACATAAGCTCGTCTACGGCCTGCTGGGTTATGGCTGGAGGTTTGAAGTTGTTGGCGTTGCAGAACTGATCGAGAAAGTGCTTGGCAAGAAGAGGGATGTCCTCCTTGCGCTTTCGGAGCGGGGGGATGGAGAGCGGATACTCTTCAAGCCGGTAGTAGAGGTCATCACGGAATTCTTTATTTTCGATGGATTTGCTGAAATCCCGGTTAGTTGCCGAAATGACCCTGAAATCCACGGTACGTTCTTTTTTCTCTCCTACTCTCCGGATTTTCTTTTCCTGTATTGCACGCAGCACTTTGGCCTGTATGTCGGCATTCATATCCCCGATTTCATCGAGGAAAAGAGTACCTCTGTCAGCCTGTTCGAAAAATCCGCTGTGATCGGAATTGGCCCCGGTGAAAGCACCTTTTACATGGCCAAACAGCAGACTTTCGGCAAGCTCATGGGATATGGCTGCACAGTTGACTGAAATGAACGGGCCTTTTTTGCGTCTGCTTCCCTTGTGAATGGCCTGGGCAAAAAGTTCCTTGCCGGTACCGCTTTCCCCCAGGATCAGAACATTCAGTTCAGTGTCCATGACTTGCAGGGCCTGTTCCATGGCCGCGCGGATGGCCGCGCTCTGGCCGATAATGTTCTGGAAAAGTTCTTTGCTTTTGAGTTCTTTCTGTAGTTGACGGACTGTACCGTGCAACTGTGATTCTGACAGGGCATTTCTGAGAACAATCTTCAGGCGTTCGGTATCGAGTGGCTTGGTGAGGTATTCGAACGCTCCCATTTTGATGCATTTCACGGTTTTCGGGATATCGTGAGAGGCGGTTACCATAATGACCGGGATTTTTAGCCCATGGTCGTTGAGCCAGGTCATCACGTCAAACCCGTCTTTTTTAGGCATATAAATGTCGAGCAGCAGAATGTCGATATCTTCCTGCTCAAGGATCTCGATGCATTCCTCTCCATCTACAGCTTCGACAAGTTCATACCCCATGTTTTTGATATAGTGTCCAAGCGTCATTCTGGATATTTTTTCGTCATCGGCAACCAGAACCCGAAAACGTTTTTTCTGTTCCAGGGGCAGGATTTCACTGTTATGTATAGGAGGTTGTTGCACTGATTGTTCTATTGGGGATGAACGTTGATGACTGTCAGGAAAGTCCGGGCGCCGGATACACCCTGTAAGGTGCATCCGGACCAGGTTACGTTATCTTCTTTTGCCTTTTGATTTTGGAAATGTCCCTTTACGTGATGGATCCGTTTTTCCTTTCCGGTAAGGCTGTTTTCCCTGTTGGCGGTTATTGTCTTCCCGGGTATTCTTAGAGCCCGTTGCGGGGGTGTCACTTTCCAGGGTCGTATAGGTTTGAGGTTTTCCGGATGTTGCCGGTGGCATGGTTTCCTTTGGCGCCTGTTTTTCCGGAGCCTCTGCAGGCTTGACGGAAGGCGTTTGTTCTGTTTT
CP020873.1_gap23	848660	850296	1636	AGGGGAAGGTCTGGCCCGTATGTTGTCATGGCGTAGCTGTATTGTTGAATTCTGGTAACTGAGGCCGCTGTAGTCCATGCGGCACAACCAAGCCAGGGTATGCCGCATGGTGCAGGTTATCTATGCGCCGGAGCGGGAATGCAGTTTTTCAGCAACCTGTTTTCCGCTCAATGCAGCGCCTTCCATAGATGCCAGATAGCGCTGGTAGGTGTAGTCACCGGCCAGATAGAAATTGCTGACAGGGGTAACCTGGTCCGGGCGGTACTTGTCGACATCAGGTACTGCTTTGTACACCGACTGGGGAATTTTGACAAGAGTTGACTTGAGAAGTTTTGCCTGTCGTGATTTTGGGAAACGGTCATGAATGTCTTTCATGACCAGATCGATAATCGTTTCGTTGGGCATATCCATCAGTTGGTGGGCCGGAGCGAGCACGAGGCTCATGACGCTTCCGCCGTTTGACGAGCCAATGCCTTTCTGGAAATCATCCGGACAGGTGATGGAGACGTCGGCAAATGTCGCAAAAATGGTGCCCTGAGAAAACATGAGGTTGTCCGTGTCGGTGATTTTCCGGTCGAACCAGAGCTGGCAGTTTGCAACCGGACTTCCGGTGAACTGGTAGAGATTGGTAAAAAATTCATGGTTTAACCATTCTTTCGGAAGAACCTTTTTGAGGCTGTGTACCGGAAGGGCCGAAATGTATGCGTCGGCCTGGACTTCGTGGCCATCGGTGAGAACCGCTTTGCGAATGGACCCGTCTTCATGGAGTTCGAATCGGGAGAGGCGGGCGTCGATAAATATTCTTCCGCCCTTGCTCTGAATGTACTGCCGCATGGGTTCGATCATCGAATCCCCGGGGTTTTTGCGGAAAAAAGCAAATTTCGTGGCGTGATAGTCCGTGCCGAAATACTTGAAAATTGTTATCATCGGCCTGGCGCTGATGACGTTTGGTTCGATAAAGTTCATCGCCAGGGCAATCGCTCTCCAGAGTTTTTGCAGGGAGTGTTCCGAAGCACCTCTCAGCCTGTGCCATTCCGAGTATGTCATGTGGTCCTGGCTTCGGAAATACTCTTCGTTGCCGGCAAGGGCGGGAAAAAGGCCTTTTATCAGGGAGAGTTTATCCCACATGGTGAGAAAATCAGCCTGAAGACCTCCGATAACCTCAGCCCATGGGCTCGGGAGATTGGCTTTTTTGAAAAATGACTGCTTGCCATCCGGTTCGGCATAAATGAGGGAGTGTTCTTTCCAGAGGTAATTGCTTGCGGCGCCGACCCTTTCAAGGTATGACTGTAACTGCTCGTATCCTCCGAATACGATATGGAGGCCGGATTCTACCGAATCGCCGTCCTGATCTTTCCATACGGATACTTTACCGCCGAGTACTTTGCGTTTTTCATAAATTTCAACGTCATATCCCCGGTCAACCAGTTCGATGGCTGCGCACAGGCCGGCAACGCCCGCCCCGAAAATTGCTACTTTCACAATATTATCTTAATGGGTTTGATGCTCAGTAACGGGTGAGCAGATTCTGTTTCAGTGATATGGCAGAATATAAGGATTTGTTTTTCTATACAGAAACCGTCCATCCGTGTCTCAGAATGGCTGTCAGGGCCTGAGACTTCTGAAAAAGCGGTCC
CP020873.1_gap24	853343	857354	4011	CCGACAGGCTTGAACTTATGGTCGATCGCAGCAAATGGGAACTTCCGACCTATTCCGAAATGCTGTTCGAGCACTGAGGTGTCCTGAAGGATTCTTTTTCTTCACGAGAGGCTGTCCCCCGATATTCAACCGGGGCAGCCTCTTTGTTTTTTCTATTCTCCAATGATCTTGATCAGGAGCCGTTTTTTCCTTCTTCCATCGAATTCTCCGTAGAAAATCTGTTCCCATGGACCGAAATGAAGTCTGCCGGCAGTTACGGCGATGACGACTTCACGTCCCATGATCTGGCGTTTGTGATGTGCGTCGCCGTTGTCTTCGCCGGTAAGGTTGTGACGGTAGCGGCTCAGTGGTTCGTGCGGAGCGAGTTCTTCAAGCCATTTTCTGTAATCGCTGTGCAGTCCGGGTTCGTCGTCGTTGATAAATACCGAAGCGGTGATGTGCATGGCATTTACAAGGCAGAGTCCTTCACGGATACCGCTTTCGACGAGCGCTTCTTCGACATCATGGGTAATATTGACAAAACCCATGCGTTCGGCTACGTTCATCCAGAGTTCTTTGTTGTATGATTTCATGGTTGTGCGACTGATGGTTCATGAAATGTCCCGCTGTGTACTCCCCGGGGATTTTTCAAATATGCAAAAAGCGCTATCTTAAAGCTTTTTACAAGGAAACAACAATTGAGGGAATATCCTATGCAGCAGGTTTTTGAATATCCCATGACCTATCCCGGCTGGTGGCTGGATTATTATTATATTTTTACCTGGGTGTTCGGTATGCTGCTGCTTGCCGCCGGATGGGCATTTTTTTTCCGATTCGGTAAATTCAATTACGGGATCGATCTGGGATGTCTGTGGAAAAGTACTCTCCTGCTGGTGCTGACGACCTTCTCTCTCGGTGCCCCGAATTATTACAATACACGTTTTGTCGCCGAACATGGTCAGGAGGGTGATCGGATTGTTGTCACCGATGACGCAGTAGTATATGACGATCGCAATGATGAGGCTACAACTTTCCGTTCACAGGATATCGTGAGAATCTATCAGGAGGAGTTGGCCTTCAATCCTCCTCCACGTATTTTCATTGTTGCCGAAACCGGCGGTGTTCGTGATTCGATATATGTCACCGAGAACTTTCCCTCCTGGGACAATATGCTCGATGCAGTATCGGGGCATTCGGGTGTCGCGGTTGAGCTCAGGTGATCTGTGCCGGGACAGCAGTGTATGAGTAAACGGTTTCTCATTGTCGAGGCAGGTAATACCGTGACCGATTTTGCCGTAACGCAAAATGGTTCATGCCTGGTTCATCTCCATGTGCCTACTGCCACCCTGAAGACATCTTCGGATGTTACCAGGCAGGTAGCGCCATTGCATGATCGTTTTCCGGAAATGGAGGCGGCTGGTGTGTGTAGTGTGGTCCCTGCGCTCACTGCTCTTGTCATGTCAGCTCTCGAGGATTGTTTTCCTGGGCCCGTTATTGAAATTTCCGCATCTCTCCGCCTTCCTTTCACTCTGGAGTATTATCCTCCTGGTGCTATCGGTGCCGACCGCATTGCATTACTTGCATATGCGGCAGATGCTGCCGGTGGCAGACCGGTGATTGCCGTTGATGCAGGCACTGCGATTACTGTAGATGTGCTCGATGCAGAAGGGCATTATACCGGAGGGATGATTCTTCCCGGGATCGATCTCTCATGCAGCGCATTAAACCAGGGAACGGCACGTCTTCCGCTGGTAAAGCTGGAGAAGTGCCCGCCGTTGCTCGGCCGTTCGACTGAAGGCTGTATACAAAGCGGCGTTTTCTGGGATGCGTACACCAGATCGAGGGCATTTTGGATGATATCACAACGATACTCTGCGACGATCAGGAGCAGGAGATTCCTGTCATTATGACCGGAGGCAGCGGCAGACTTATCGAACCCCTGATCCACCACAAGCTCATTTTTCAGGAGCATGCCGTACTGTTCGGGGCCTGGCTCCTTACCTCGATGAACAGCATCTGACTTTTCTGATACGCATCGGGTTTGGATTACATATCCCGGCAGAATTTTTTTGCTGATTCGATAGCCTCGATGACGAGGGCATTATCGACAGGTTCTCTGTGCAGAAAAGCCTTTCCCAGTCCGTCGAGCAGGACAAATCTCAGCTGCCTGTCGATTTTCTTTTTGTCCGAATGCATGCTTTCGAGAATCAGCGTTGCGTCATGATCGATGAAGTGCGTTTTCAGGAGCCCTCTGCGGAATCTGAACAAACCAAGCACGTCAAGGCCTTTGCTCAGCTCTTCCTGGCTCACACTCTTCATGAGGCGTGAGAGATAGAGAGCGCATATCATACCTGCCGCTACGGCTTCGCCGTGACGAATGTAGCGATAATCGGCAAGTTTTTCGAGCCCGTGAGCAAATGTGTGACCGAAGTTCAGGGTCGCGCGCAATCCGGTTTCTTCACGGAAATCTTTTTCTACCACATCCTGCTTGATCATTGCGCTTGTGCGTATCGCATGGGTGACGTAAGGTTCCCGGACGCCGATAATATCATGAAAATGCTTTCCGGTGTACTCGAGAAATGCCCTGTCGGCTATAAATCCGTACTTGACAACTTCCGCCATTCCGGCATAACGTTCTCGTTCGGGCAGGCTTTTGAGCCATGCCGGATCTATCAGTACCAGCTCAGGCATATGGAAGAAGCCAATAAGGTTTTTGCCCAGTGGATGATTGATCGCCACCTTGCCACCTATCGAACTGTCGGTCATGGCCAGCAGTGTTGTCGGAAGCTGTATCACCGGAATGCCTCTGTAATAACTGGCGGCCACAAATCCTCCCAGGTCGCCTACGACACCTCCTCCGACGGCAAGCAGGTTCCAGCTCCGGTCGACATCAGCCTCGATCATCTCCGTATACAGTTTCATTGCCGTACGATAACTTTTAGAGGTCTCACGTGCGGGAATAACAAGCTCTTTGCAGGTGAAGCCCTGTGAACGAAGTGCTTTGAGTACTTCGTTTCCGAACAGCTTTTTTGTATTGGTATCAAAGAGTACTACGGTTTTGGCAGGGAGGTTGTGTTGTGCAAACAACTGGCCGATCTGATTGATAACCGGCGTACTGACGATGATTTCACTCACTTTGTTCTTTTTTTTGCGTTACGTTCAGACTGTTTTCTGGCAGAGCGGCGTATATATCGTTCAATTTTTCTTGTAAGCTCCTCTACGGTACTGCCGATGCGTTTTGTATCGGTTTCCACGGTAATCTGGGCAGTTTTGTAGCGTGGTTCGCGTTTCTCGAGCAGGGCGAGGATTTTCTGCTCGATTATTTCACGTGGAAGCTGTTCTCCATCCGGTCCTTTCATCAGAGGGCGGTCGGTCTTGTGGCTCAGGCGTCTTGCAAGGATTTCCGGGCTTGAATGAAGGTATACCAGGGTCCCGGTGGTGATGATCAGTGAAAAGCTCCGGTCATTCTGCAGGACGCCGCCGCCAAGCGATACGACCAGGTCTTTTCTGCCTGAGATCTGCAGAAGCGTCTCTTCTTCGAGTTTTCTGAAATAAGCTTCTCCCTCTTCAGCGAAAATCCGGTTGATGGATTTCCCTGCATTGTTTTCTATTTCCTGATCGAGATCGAGAAAGTCGAAACCGAGTGAGTTGGCCAGGAGAGGCCCTATGGTTGACTTGCCCGATCCGCTGAATCCGGTGAGATAGATGAGTGAAGGCTTTTTCATGAAAAAATATCCGCTTTCCCGGTGAAGGGTCGCTTTGTTCTTTTTCTTGCTTGCTGTTGGTCAGAGGCTCAGCCGGAAAATATAGTAAAAACCATGAAGAATGAACCTTTTGGCGCCGCAAGGTCCATAATTTTTTCAATATTGCCTATTATACAAGTATTTCAATTTTAAGCCTGTAGGTGTGTGATTCAAGGGAGGACAGGCTGATACAACCGACCCGATGACTGTGGCTATTCTTGCAATTGACCAGGGGACAACGGGCACCACATGTGTCCTCTATGGCAGCGATGGTGCTGTTATGGCTAAA
CP020873.1_gap25	891391	895687	4296	CCGAAATCTGCCGGTAAGCGGTGTTGTAATTGCCTGCGGCAAGTTTGATGTCAAGTATGACTGACCGTTCCAGGTCACTCTGATCGAGTTTCCTGGTGAGGTAGGCTGTTTTTGACTGTTCGACGCCATAACGGGTAAGAAAACCGTCAAACATGGGCCAGTTCATGGAGAGGGTAACCGAATAGTTCGTCTGATCGGTCAGCTGGTCATCGAGTGGAGGAATGTCACGCCCGGCAACCCGTCCATCATAATAGGGATATGCATTTGTACCGTAGGACAGCGAAACATCGAACGAAGGCCACCTGGCTGAGGAGGAACGGGTAATGTCCCATTTTGCGGCTTTGGACTCCAGGGCTGCACTTTCAATGTCCGCACGGTTCTGCAGTGCGGCGGCGATCAGGCTGTCAGCTGAAACCGAAGGGACCAGCCCTTTCAATTGTTCCGGAGGGATCGTCTGGATATCTATGTCCGACAACGGGTCCGTCTGCATTCTTTTCTGAAGCTCGATCCTCGACTGCCTGAGCTCTTCTTCTGCCTGTATGACCGCAAGCCTGCTGTTTGCCGTTTCCGCTTCCTGCTGAAGAACATCTGTAAGTGGTTTCAGTCCGGTTTCGAACTGCCTTCTTGACAGCTGCAGCAGGGATTCGGATGCCTCGAGATTTTTTTCTGCAACCGAAAGCAGCTCTCTGTCAAGCAGAATACGGTAGTATGCCTGGGTTATGTCGAACGCAACGGTCTGACGTGCCCTGGAGAGTGTCAGTTCGGCTGAATGCATTCGGTTTATCGAGGATTTCAGGGCTGCATAATCGGCAAAACCGTTAAACAGGTTCAGTGATGCAGATACCCCGATATCGATGCGTTCAGATGACGTGGTCGCTGCAGATGACCCTTCCGGAAGAAATGTCGTTGATTCGGATACGGGCGTATATGAAGCATTGACAGATATTTTCGGGAGAAACTGCCCATAGTTTTTCAGGATCTCCTCTCCTGTAAGCCCGAGATTGTATTCGGCTTTTTTTATTCCTGATGCCCGGTCGAGAGCTAGAGCTATGCACTCGTCCAGCGTCAACGCTTTCTGTTCACTGATTCTCCGGACCGGGTCAGCCTGGATCGCCACCGGGAACAGCAGCATGAAAAAGCAGATGACCAGTATCAGTTCCGCGTGGCGGTATGTTTTTTTCACGAATCGTCAGGTTCTTCTGTTTCAGATCGGTATCGACAACCGCGGTTGTTCATGTTTTTTCAAGGAGTTCGGAGATTTTTTCTCTGTACAACGGGGCTTTGTCAGGATAAATATCCATAAGGACCGAGTATACGTTAATCGCTTTTTTATAGGCGTTCTGCGTGCAGAACAGCTCGGCAAGGCTTTCGGTAGGTACAGGGATATCCTCTTCGTCGGAAAATGGCTGTTTCTGTTCTTTCAGCGTTGTCGGTTCACAGGTTTCAGATGCCAGCGGGATTGCAAAGCCCGACAAGGCCCTGGAGAGGTGTTCGAGTTCAGTGACCACAGGGTCGGACGGTTCGTGGAGTTTAAGAAAGTGCAGATTGACCAGCTCTTTCCATGCAACCTGGTTCCATGGTGCTATTCTGCAGCAGGTTGCATATGCGTCAAAAGCCTCCCTGTAACGTCCTGCCGTTTTCAGTGCACGTCCGTAGAGCGCATGGAACGTATAAGAGGCCCTGAAATCATGGATTTCCTTTTCAAGTTTTGCTATACACGCATCAGAGTCGCCGCGTGAAAGATCGAGTGATGCATCTGCGAAAAAAAGATGAGGCTCTGTTACCATCTCAATTGCTTCTCGGGTGTTTTTTTTGAACGGTCTGTCTGTGATCAGGAATGCTGTTTTTCGAAAGCAAGGTCCAGCAATCTCTCGATCAGAGCCGTAAACCCTATGCCGGATGCCTCCATCATCCTGGGGTACATACTGTGGCTTGTAAAACCCGGTATGGTATTGACTTCATTGAGGATAACCTTTTTCGACCGTTCTTCGACAAAGAAATCAACCCTTGACATGCCGCTGCAGCCAAGGGCGGTGTATATTGTCAGGGCGTCCTGGCGCACTTTTTCGCTGAGTTCATCTGAAATTCTCGCCGGGATGAAGAGTTTCGCTCTGCCATCGATGTATTTGTCGGTGAAATCGTAAAAATCGTTTCCCGGCTCAATTTCTCCCGGGACCGAGACCACCGGTTGTTCGTTGCCAAGGATTGCCACTTCAATTTCCCTGCCGGAAACCATTTCTTCCACAAGAGCTTTCGTATCTACCCCAAATGCTTTTTCAAGTGCGTTCTGGAGCTGATCGATCGTGTGCACCTTTGAAATACCGATGGATGAACCCTGACTTGCCGGTTTGACAAAAACCGGAAAATCGAAATCTTTTTCGATCATTGCATCGACTGCTTCCGGATTATGTATGAAATCGGCTCTCCGGATGCTTGCAAACCGTGCAATGTCAATACCGGCATGTTCTGCGCAAAGTTTTGTGACCGCTTTGTCCATGGTAATTGCCGATGCGGTTACATCGCAGCCGGTATAGGGGATCGCGAGCATATCGAGGAGTCCCTGCAGCCTGCCGTCTTCACCGAAAGACCCATGTATCACAGGAAAAGCGACATCTATCCCTTCACTTCTGAAATCAAATGAAAAGCTGTCTTCTGGATGCTTCCGGGTTATCGATGCGAGGTTTTGTTCGACTTCATCTGCTGAGTGTTTCTGCAGAAGTGCCGGGATATCGAGCGCAAGAATCTCTTCTGCTGTCGGGTTTCTGAACCATTGGCCTTCCCTGGATATGTAGAGCGGGAATACGTCGTTTGATTCTCGGTTTATATGCTCTGCAATTGCCCTTGCCGAAATAATCGAAATATTGTGTTCTGTTGATTTTCCTCCGAAGATAAGAGCTACACGGCGCTTTGGCATGTCTGCAGGGTTGTTTGTTGAATTATAGGTACCAGTATGGTGGAATGTGTAAGCTGGCGATCTTTCAGCCCATGAGCCGTTTGTGTTCAACGGCGATACAGTGGTCTTCAATGACGGTGAGCCCCGCTTTTTCTGCCATCCGAGCCGCTCTGTCATTGGTTATTCCGAGTTGCATCCAGATGACTTTTGCCCCGATGTCGATCGCTTCTTCCACTACAGGGGGCACTTCGGCGGACCTGCGGAAGATATTGACTATTTCTATTGTTCCGGGATGGGCCTTTGCAGCTTCTGTAAGTGAAGGGTAGCAGGTCAGGCCTAAAATTTTCCGTACGCCGGGATTGACCGGGTAAATAGTGTAGCCTGCATGGATCATGTATCTGGCAACGCTCCGGCTCGGACGTGAGGGGTTGTCAGATATTCCCACAACTGCAATATGGTGATATGATTTCAGGATCTCCCGGACTGTCATCATGGTATCGTTTCATATGGTCATTCAGGATGAAAATACCGGTCTCTGTCATGAGATACAATGTTTCAGGGTGAAAAAAAACAACATGAACAGCTTTCTTCTGCCGGTCACTTCGGCAGAAACTTACTGTAAGCGAATGGTGTTACTACTTTGAAGACTTTGAAACAGTATCGCTATTCCTCTAACAGACCCTGGAGGTAATGAACATGAAAACCATCCTTTCACGTTTTTCGGCTTTTGCACTCTGCTTGTTCCTTGCTTCATGTTCAACAGTATCGGTTTCCTCAGACTACGACCATGCAGTCAATTTTTCCAAATACCAGACGTACCGGTGGCCTTCGGGATCAGAAGGAATACGCAAGGGAGATGTTCTTGCAGAGAACCCTCTTATCTACAAACGTGTTCAGGTTGCCATCGACAGGGAACTCCAGCAGAAAGGCTTCAGAAAAAGTACCTCGCCGAGTGCCGATTTTATCGTTCACGCTCATGCCGGCATAAAAAAACTCAAAACATACCATCAGCGTTACGGAGTAGAGTTCCCTCTCTACGGCAGCTGGTACAGGCCATGGTGGGGACCCTACGGCGGGTTCAGTTATGTGAGTTATTATGAAGAGGGAAGCCTTGTTGTCGATATCATTGACGCCTCGACCAGTGAGCTTGCATGGCGTGGTATGGCAACCAGGATCGTGAGGGATTACAGCAGTCCGGAGCAGATGCAGAAGGATATCGATGATGCCGTAGCCCGAATAATAGATGGTTTTCCGCCTTCACGATGAATGCATCTGTCTTTTTCCTCAGTTGTCGTTTCGTCATGACCGCCAGCGGCATTCTCCTGGCAACCCCGTGTCTTTGTCAGGAAAAAATGGTATAGTTAGCTGAAAGATGTGTTAAGAGCTAACTGGTCATGCCGATA
CP020873.1_gap26	898335	900898	2563	GAAAGGCTGTCGGGCATGCACTTGATAATCTCGGTTATTCTGCTGTCGATGCTGTACGGATAGGCAAGTACATCGAGGTGACGATCAGCGAGGAAGATGAAAAAGCGGCCGGTCAGACAGCTGACGAGATCTGCCGGAAACTGCTGGCCAATACGGTAATGGAAGATTATTCCATAGAGCTGGAAAAAATTTAAAGACAATATTGAAAATGGCTGAGGTTACCATCGGGGTGGTTGTATTTCCCGGATCAAACTGCGACCATGACACCGAGTATGCTGCCGGACTGTTTGATGGGGTGAAAACCCGGATGCTATGGCATAACGAGCATGATCTGCAGGATTGTGATATGATTATCCTGCCCGGGGGATTTTCCTACGGGGATTACCTGAGGGCCGGCTCCATTGCACGGTTTTCGCCTATTATGCGTGAAGTTATAGGATTTGCCGGAGAGGGCCGGCCGGTGCTGGGTATCTGTAACGGGTTTCAGGTCTTGCTTGAATCAGGTCTGCTTGAAGGAGCGCTGAGCAGAAACCGTGACAAGAAATTTATTTGCCGTCATGTGCCGGTGAGGGTCGAAAACGCGACGACCATATTCACGTCACTTTACCGGCAGGGTGAAGTACTGCAGCTTCCTGTAGCCCATGGTGAGGGTAATTATTTTGCTCCCCGTGAAACTGTCGAGAGCCTCGAAGCCAATAACCAGATCGTTTTCAGATATTGTGATCCTGAGGGTAATATAACTGACGATTCCAATCTCAACGGCTCGGTCGGGTCTATTGCCGGGATAGTCAACGCGAAGGGCAATGTACTCGGACTGATGCCCCATCCTGAACGTGCAAGTGAAGCATTGCTTGGATCTGAAGACGGCAGCCGTATGTTCAGGAGCGCGATTGATTATCTTGCCGGCGCCTGATATTCCTGCCTCTGGTTTATGTTCCGGAGTGCAGGCACAGCCTCCGGAACATCCAGCACGGTGTCATAACTGAAATTCTGCCTGTTGTGGATAGAGCGAAACGCAAACTTGCTGCATGGCTTCTGTTTGATTTTGCCAATACATCATTCAGTGTGATGATGGTGACGTTCGCTTTTCCCCTCTACTTCAAAAACATTGTCTGCCAGGGCCGTCCGGAAGGAGATGCTATGTGGGGGGCGAGTGTCAGTACCTCGATGCTGATCGTTGCACTGATTTCTCCTTTTCTCGGGGCCGCAGCAGATGTTTCCGGCAGAAGGAAGCGTTTTCTTCTGCTTTTTACCGCAGTGTCGGTTGTCTGCACGGCACTACTCGGCTTTTCCGGACCAGGACTTGCCCTGGCGGCTGCAGTGCTGTTTGTGCTTGCAAATATCGGATTCGAGGGCGGGCAGGTTTTTTATGACGCCTATCTTCCCGATATGGCCTCACAACGAAGTATCGGACGGGTTTCGGGATATGGTTATGCTATGGGGTATCTCGGGGCGCTCTGTATTCTCCTGCTGCTGTTCCCGTTCCTCCAGGGCGGGGTTACGGTTGAAAACAGCGGCAATATCCGGTTGAGCTTTTTTTTCGTGGCGGTTTTTTTTGCCGTGTTTGCCACTCCACTGTTCCTTACTCTGCGCGACAGCAGTACGTCGCCGTTGTCTCTGTCGGACCTTACGGCATCGTTTCGCGAAGTGCGTTACACCGTCATGCATATCATGAATTATCCCGACCTGGCCAGGTTTCTGCTTGCATTTTTTTTCTACAACGATGCAATTCTGACAATTATCGCATTCTCGTCAATTTATGCGCAGAATACGCTTGGATTTGGTACCGGTGAGCTGATCATGTTTTTTATGATCGTTCAGACCACGGCGATTGCTGGGTCGGTGATCTTTGGTATCGTTACTGACCGCATTGGCCCCAAGCGCACCATTGTCCTGACATTGTGCCTCTGGTGCATCGTGATCGTTATGGCGATAGCAAGTACGAGCAAGTCACTGTTTTTCGCCACCGGGCTTCTTGCTGGACTGTCGATGGGCTCGTCCCAGTCTGCATCACGGTCGATGATGGCAAAATTGACCCCGAAAGAACATGTTACGGAGTTTTTCGGTTTTTATGACGGTACATTCGGCAAAGCGTCAGCTATCGTTGGACCTCTTGTTTTCGGACTGATTTCTTCAGGTGCGGGAGACCAGCGTTTTGCTCTTGCTTCATTGCTTCTCTTTTTTGCTCTCGGCCTGATCATCATTCTTCAGGTCAGGTCACGATCGGTCATGGTGGCTGCTGCCGGGGAGAAGGCCTGATATGTGTCAAAAAGGGTTACATTGCCGTATAGCCAAACACTTCAATACCGGAGGGTATAATGTCATCACCGGAACCCTTTCGTTTCGATGACGTCCGTTTGTCTATCTCTGGCGGATTGCGAAACGTCGTGAAGTTTCTGACATTCCTATGGAAGAATTTCATGCAGGACCGTGTACTGCTGAGCGCTGGTTCGCTTGCGTTCCAGACCCTGCTTTCTCTTGTCCCTCTCCTTGCGGTCATTCTTTCGGTCCTGAGGGTTTCCCCTGTTTTCGATTCCTTCAGGCTCTACGTGGAGGAGTTTAT
CP020873.1_gap27	904080	905827	1747	GTATCAGATCGACAACAACAACCAGCCAAATCACCAGGTTCAGTCATCCATTTCCAGCTGATGCAGAAAAACAACATAACAACCAGGAGGAGGGTAATGCAAACGTCATCAATTCACAGGACACACAAAAGGAGGGACACAGAATGAGAACATTTTCGTGTAGCGAAGACAAAAAGAGGGGTCAGGAGGGCAGTTGCAAACCCGCTCTGAAAAAGAAACGTACATTTTCCGCCGGTCTTGTCTGGGGGACCGTCATGCTGGCGATCAGCTTTAGCTCAGGCTGCGGGCAAGGTGGCGATGGCGGTAACAGTGGTGGCAGCTCATCAGGCCATAATTCAGATTATAACAGAGTATCCGGAGCGCAAGGTGAAATTGACCCGAAATGGCCTGGTGATGAACTGCCCAAGAGCGTGCCGCCTATTGCCGGCGCAAAGGTGTTGAGGTCGATGCAGGACGGAGATGTTTTTGGTGTTGTATTTATGTGCAAACGAGGAACGATTGAGGCCTATATCCAACATCTTGAGCAGATTGGATGGAACACTGATAAGGATATGGGAGACGATGACCTTGGTGCCATCTCCCGTTTTTTATCCAACGATGAAGGCGAATATCTTCAAGTTTTCTGGCATGGAGGATCCGGCAATATCGGTTATTCCAAAGAGTAAAAGGATCGAAAATTGAATGTAAACAGGAGGAGGGTAGTGCGGATATCTTCAATTCACAGGATACACAAAAGGAGGGACACAGAATGAGAACATTTTCGTGTGGCGAAGACAAAAAGAGGGGTCAGGAGGGCGGTTGCAAACCCGGTATGAAAAAGAAACGTACATTTTCCGCCGGTCTTGTCTGGGGGACCGTCATGCTGGCGATCAGCTTTAGCTCAGGCTGCGGGCAAGGTGGCGATGGCGGTAACTCTGCTTATAACAATGTGGTTGGCGGCCCCGTCGGCGATGAGCAAGTCGTTGCTGGGCGCATCAGTTTCGTGTTTGATGGCAAGCAGTATGGCGGCACGACTTGCATCGCGAACGCTTTCCCGGGTGAAAACAGCACCAGCATTACGAGCGGTGGGGAAGAAAGCCAGTGGGCTCTGATGCTGGAAATTCCCGGCACGTCCACCGGACAGTACGATGAGAACGCTGGTGCGACCTGTTCATTCATCAAACCCCCTTTCGGCAACTACGACTCCGAAACCGTTACGATCACTGTGTCCGATTATGGGAAGGTCGGAGGCGTTGTGGAAGGAACGTTTTCCGGAATGATGATCAATCAGCTGGATTCCACCCGCAAGCCGATCACGGATGGAATCTTTAAGGCCCAACGGCATATGAACATCGAGTGAGCTGACTCGTTATACTGCATATCCTTTTGGGAAAATTCAGATCCTGCTCTGATTTGAACAGTTTCTCAATTAAGTAGAGTGCACACAGATATGTTGTGTGTCCATCCTTAGCACCCTTTTTTACTGGAATATCGCACAGCACCTCAAGCCATCATGATTCGCTGCATTCCCGGTACCCCTTGCAGACGGCAAGCAGTTTTCGTGCTCTTCGAGCCAGAGCTGCTTCATGCGGGTAACGGATGCCGATGAAAACCCTGCCGACAATTCGCCGAACAGTTTTTCGAATGCCGGGATGCACTCATTGTCAGATCACTCACTGAATGAGTGTTGTTACTATAAGTTGTTTTCTGGTAAACAGATAAAAATGATGATATGATAAAAGCCAAAATTTCATCATATTCAGTGTTT
CP020873.1_gap28	910412	911342	930	GAGGGTTTCACCGAAAAACAGGGGGTCTTTGCCGATAACCTTGATCGTGTCTTTCGGACGGTTTGCCGGAACACACGCCCCGAATTGGCAGGAGAGCTCTGTGATACTGTCAATTTCTGCAGGTTGAATAAACGGTCGTGCCCCGTCGTGGACCAGTATCGCTTCCGGAGTTTCGATCGAGAGAGAGCGCATATCCTTTTCAATGTGCTCTATGCAGTTATTGATCGAGTCCTGGCGCTCTTTTCCGCCGGGAATGATTGCCCTGATTTTCCTGAAGCCGTGTCGCTCTGAGAGCGATTCAAGCGTTTCTATGCTGTCAGGTTTGGTGGCGATGTAGATATGCGTGATTGATGATGATGCCTCAAAGGCTGACAGCGTATGGTAAATGACAGGTTTCCCTGCTATTTCGAGAAACTGCTTGCTTGTGCCGTCTTCGAGTTTCATCCGTTTTCCCGCACCGCTTGCGGCAATGATGGCTACCGAGCTCATTGGGTCTGCTGCTGGTTTTTCAGGTGGTTAATAGATAAACATTGCATCTCCGTAAGCCAGAAAGCGGTAGTCGCTTTTCAGAGCTTTTTTGTATGCCTCCATGAGGAAGCGATGTTCTGCAAATGCACTTACCATCATCAGCAGAGTTGTTTCGGGCTGCTGAAAATTGGTGACAAGAGCATCTGTTACCTTGAACTGGTAGGGTGGGTAGATAAACTTGTCTGTCCATCCCTGTCCGAACTTTATTTTTCCCTCGACCGTTGTATTTGCTTCCAGTACCCGGCAGGTCGTCGTACCTACAGCTATCACCCGTCCTGATTTGTTGATCTTCGTATCATTGATCTCCATGGCGGTCTGATAGGGGATATTGAAGTATTCCGAGTCCATCTTGTGCTTCGAAACGTCCTCGACTTCAATGGCATTGAACGAGCTCAGGCTGGG
CP020873.1_gap29	912843	914924	2081	TCTTTGTCGAGCAGGATATGGAGATTGGTGCTGATTTTTCTCCATTCCTCTATTTCGTCATAACCGATGTGGATTTTGTTGATAAGCCGGTCCATTACCCCAAGGTCGAGTTTCTGGCTCATTTCAACGGCTTTTTCAAGCAGCCACGAAGTCATGATGTTGGTGTACGCATTATCCCTGAGTCCATCGTCTGCACTGCCGGGAAGCGATTCGTGGAATTCGTCAGGGCCCATGACTCCTTCGATGTGGTAGTGCCCGTTATCGGGTTGATAACGGCAGATGCTCGCCCAGAAACGGGCAATTTCAAACATCATTTCCGCACCGTATTCCTCGAGAAAACCGGTATCACCCGTTTCGTTGATATAGCGCCAGGTGTTGTAGAATACGGCAATGGAAACATGACGCTGGTTACGGCTGAGGTCGGGCCCCCATGTTCCGCTCTGTGGGTTGTAGTGAACGATCTGGGTTTCCTCGTTGCCGTCATCGGCTGTCTGCCAGGGGAACATTGCTCCTTTGTGTCCGTTTTCGCGCGCATACATTCTCGCAGCATCGAGCCTGCGGTAGCGATACATCAGCAGCGCTTTGGCCACGTCTGAAAAATGCTGGTAGAAAAAGGGGAGAATGAAGATCTCGTCCCAGAATATATGGCCACGATACGCTTCACCGTTAAGACCTCTCGCAGGCATGCCGGCATCGATGCCGGTGTTGTGTGGAGAGGCTGTCGATACGAGATGGTAAGAGTGGAAGCGCAGGGCTTTCTGGCTGAAACGGTCACCATCGATTTTGAGATCGCATTTCGCCCAGATCTTTTCCCATGCAGCCGTATGTGCAGCAAGCAGGGTTTCGTATGAGCCGACTGATTCAAGGTCAGCCTCTGCTGCATCGGCAGGGTTTTCGTTGTCCCGGTCGAGTGACGTATGGATCGCCACGATTTTTTCGACCGTGCACTCCTCGTCGGTTTTCAGGTTGACTTTGAAGAGTTCGGAAATTGTGCGTTCGGCGGCTTCAACCTTTTTTTCCAGGGGTACCTCGCTGCCTTTGAGTGTCACTCGTGAAGTGGCAGCTGTAACGATATCATAATGCGAGGTATTTGTCTGCACATGCAGAAGAATTCCTTTGCCTGTGCTTCTGCTGTCGACATGTTTCAGGTGGTCCGAGGCAAGTGCACTGTATCGTGCTACATTTTTGTTTTCCACCCTGCCGTCGATGGATGCCCGGAACTCGATCGTTCCTGAATAGTTTACCGGGGTGAACGAGAATTTCAGAGCGCAGAGGTGAGGGTTGTCCATGCTTGCCAGGCGTTCGGAGGCTATGCGGGTGATCCTGCCAAGGTTGTCCTGGAAAACGATTTCTCTCTGCATGACACCCGAGTGCATGTCGAGATTGTGGGTATAGCTGAGAATTTTCTGTTCCAGGGGATTGATGAACTCCCCGCAGCATATGCGGAATTCCAGGGGCAGCCAGTTCGGGCAGTTGACAAAGTCATTGTTATAGATGGTTTCGCCGTGGACTTCGGAAGGCAGCTTGTTGAAAACACCGGCAATGTAGGTTCCCGGATAGTGGTTTTCCGATGCCTTACACCCTTCATATGCTCCCCGTGTTCCGAGGTATCCGTTGCCGACCGAGGTGAGTGTCTCACGAAGCCGTTCTTTTTCCGGCCTGAACTCATGATAGGCGAGGTTCCAGCTGTCATTCACCATGCCTTTGGAAAACCACTGGTCAATATCCCCGAGAGTGATTTCACCAAGGTCCCGGACCACAATGTCCGCACCCGCTTCCCTGAGCTGTGTTCCCTCGATTTCCCGTGCGATACCCAGAACAAGGCCGAAATTTCCGTGAGATCCTGCCTGTACTCCGGAAATGGCATCCTCGACAACGACACAGTCGTGCGGGTGCAGCGAAAGGTTCTCAGCGGCGGTAATGAAAATATCCGGATTGGGTTTGCCTTTGAGGCCAAGCTCGATAGACACTTCTCCGTCTACACGGGTTTCGAACAGATCCTCGAGGTCGGCCAGCTCGAGGATCAGCTTGCAGTTCCTGCTCGAAGAGGCAATGCCGGTTCTTATCCCTCTTGCTCTGAG
CP020873.1_gap30	917442	919422	1980	ATTCCAGCATAGGGGTGTGACCACAGTTGCGGAACATGATCAGCTCCGATCCGGGAAGTTCATGCTGTACACGCAGGGCGGTTTGAGGTAGAATATACTTATCGTGATCACCCCATAAAATTAAAACCGGAATATCGATGGCGGACAGCTGGTTTTTCAGGCCGGTCAGCCCCAGGTCCAGCTGCCTGTAGTTCCTGTTCAGGGCCATCACTGTGTCGACCGCTTCACGGTTCCTGGCTGTCAGCAGGTTTTTTTCGAACACTGTTTTTCTGATGCTGTCGGGTCTGTGAAACGCCGCCTCGAAAGCTCTGCCGGCAACGTAGTTGCTTGTCATAAGCGATGTGAGGACTTGCCGGATTCCAGGCCAGCTGATCGCCCTGATCCAACCTGGAAGCGGAGTGAAGCCATCGGTATTGACAAGAACGAGCTTTCCGAAAAGTCCGGGATGCAGCAATGCCGCTGCAAGAGCATACTTCCCTCCCATGGAATGGCCCAGGATAAACGGAATGTCATCGTTTCCATCAGACGTTTCTGTGATAAATTCCCTGAGAAGTCCGGCATACAGCTGTAACGAGTATTCGATATTCCGGGGCTTTTCGGATTTTCCGAATCCGAGCAGGTCGAGGGCCAGGACCCTGAACGATCCTGAAAGTATTCCTATGACCTCTTCATAGATATCGAGTGAACAGGATATCCCGTGCAGGAGAACGAGTCTCCTGCCGGGTGTACCGGTATCGATATAACGGTGACGGTAATTCTGCAGGGTGATGGTGAGTTCCTTGGGTTGCATGCCTGGGTGGATCGGTACCTCTGTTTATTATTGCAGAGTCAACCCTCAGGTGATATGAATCGTTCCATTCCCCCGCTGGTTTTCTTTCCGCTGCAGGTGTTCAGTGAGGTTGTCCTACCGGGCGGATGAGCATGGTGTTGATGTCGACATGCGGCGGCTGGTCCATCGCAAACAGCACGGAACGTGCGATATCTGCAGCTGAAAGTTCCGGTGTGTCCGGTTTGGGTACGGTCCCCCAGAACGGGGTGTCGACAACTCCCGGCTCGATCAGGGTTACGCGCACACCCGAACCGACCATTTCATTGCGAATGGACTGTGCTATGGCGGTAACCGCCCATTTTGTCGCAGAATAGAGGTTTCTTGTCGAGGTGATATGGCCGACAACCGAACCGGTTATGAGAAAATGACCCCTGGTCTTTACCAGTTCAGGCAGGGTGATGCGTGCGGTTGCAGCTGCTCCGTAGACATTTGTCAGTACCATCTCCTTCCATTCGAGGGGCTTGTCAGGCCCTCCGTAAAACGGAGAACCCTTGGAAAAGCCGGCGTTGGCAAACACAGCATCGATACGTCCGAACCGTTGGCGGGCAAGGTCGACAGCCTGCCGTTGTGCGTCCCAGTCAGCTACATCGCATGGCAGGGCAAGAGTGGTATCTTCACCCAGCTCGGTGACAAGTTCCCTGAGTTTTTCCTCATTGCGGGCAACAAGAGCAAGCCGGTAGCCTTCAGCCGCGGCCATGCGGGCCGTTTCTGCCCGATGCCGGAGGACGCACCGGTAATGAGCAAGACCTGATCGTGTTTCCGTTTTTCCATGAGTATCTTCCAGTCGTTTTATATTACCCCATAGGCCATCATGGCATCGGCTACCTTGATGAACCCAGCGATGTTGGCGCCTTTCACATAGTCGATATATCCGTCGGTCCGTCCATGGTCGACACACTGCCGATGGATTTCCTTCATGATAGACCTGAGTTTGTTGTCCAGTTCATAAGATGGCCAGGCCATTCTCATGCTGTTCTGGCTCATTTCGAGTCCGGAGACGGCAACACCTCCGGCATTTGCGGCTTTTCCAGGGGCCGTAAGGATATTGCTGTTGCGGAGCACTTCCAGCGCATCGAGCGTGGTAGGCATGTTCGCTCCTTCCGATATCGCTTTACAGCCGTTTCCTGCCAGCAGGGCTGCATCGTTTTTGT
CP020873.1_gap31	935318	936153	835	TCAGTGCCCGCTACATTATCGTGGCAACCGGAGGACGGTCGCGCAGCCTGCCATCGCTTGCCGTGGACGGAAAATATATTATTTCGAGCACAGAGGCGCTTGCACTCAAGCAGCCCCACGGCGTATGATTGTCATCGGGGGCGGGGCGATCGGGCTCGAAATGGCCTGGTATTACCATGCGGCTGGCACCGAGGTGACCGTGGTCGAGATGATGCCCCGTATTCTGCCCCAGGAAGATGAAGAAATTTCAGAGGGGCTGCTGCGCTCACTGCGCAAGGCGGGAATTACCGTTTTCTGCGGTTCTTCGGTACAGAAAGCAGAAGTCGGAAACGACGGGACCGTATCGGCGCTCGTGCGGCTCGATGACGGTTCGGAGACCGGGCTCGAGGCAGAATGCATGCTGGTGGCTGTGGGGGTGAGCCCGAATTCGGAAGGGCTCGATCTCGAGGTGGTGGGAATAGGGACCGACCGTGGTTTTATCGTTACCGACGAGCAGTGCCGGACTGCAGTCCCGAACGTGTATGCGATCGGTGACGTGCGCGGCGGTATGCTGCTCGCCCATAAAGCTTCGGCAGAGGCGGCTGTGGCGGTCGATTCCCTTGCCGGGCGGCAGGGTAAGGGTGTTGACCCGACAAAGGTCCCCAGGTGCGTGTATGTCGAGCCGTCAGTGGCCTGCGTGGGGCTTACGGAGCGCGAGGCCAGGGAGGCTGGAAATGAAGTGCTTGTCGGGAAGGCAATGTTTGCAGCATCGGGAAAATCCAGCGCCTACGGTGAGCGTGACGGGTTTGTCAAGCTGCTTTTCGATGCCACCACGGGTGAACTTCTGGGGGGGCAC
CP020873.1_gap32	938256	941203	2947	TGCTGCCCCAGGTCTCGATGACCAGGGAACAGATGCAGGGCCTCATCCAGTCCGCCCTCAGCCTCGGCGTCGAGGGGAACCGTGTCGATATCTTTGCCATCAAGGCTGCGCTTGCAAGTGCGGCCCTGGCCCAGCGAACCGATGTCGACGAGGAGGACCTGAAGCTTGCAGTCAAGCTCGTCCTGGTGCCGCGTGCGACGAGAATGCCGGAGCGGGAGCAGGAGGATGTGGAGGAACAGATGCCTCCCGAAGAGGAGATGCCGCCAGAGGAGCCGGAGGCCGAAGACGAGGAGGCACCGGCCGATACACCCGATGCTGATGCAGAAGAGGAGCAGGAGGAAACTCCCGACATGATCGAGGAGCTCATGATGGAGGCAGTTGAAACCGAACTGCCCGATAACATCATGAACATTTCCCTGGCCTCGAAGAAAAAGAGCAAGTCCGGAAGCCGCGGAGAGGCGCTCAACAGCCGCAGAGGCCGTTTTGTCCGCTCGCAGCCCGGAGAGATCCGCAGCGGCAAGGTGGCCCTGATTCCGACCCTGATTTCGGCTGCACCCTGGCAGGAAAGCCGTCGCATCGAGCGCATGAAAAAAACAGGAAAGTTCAGCAAGACCGCCCTGATCATCAACAAGGAGGACGTCAAGGTCAAGAGGTTCCGCGACAAGTCCGGGACCCTGTTTATCTTCATGGTCGATGCCTCCGGTTCCATGGCGCTCAACAGGATGCGCCAGGCAAAGGGTGCCGTGTCCCATCTGCTGCAGAACGCCTATGTTCATCGAGACCAGGTTGCCCTGATTTCGTTCAGGGGGCGTGAAGCCCAGCTGCTTCTTCCTCCTTCCCAGAGCGTGGACCGGGCCAAGCGGGAACTCGACGTGCTTCCCACCGGTGGAGGTACTCCGCTGGCATCAGCCATCTACCTTGCCTGGGAGACGGCAAAACAGGCCAGGACCAAGGGGATTTCACAGATCATGTTCGTCATGATTACCGATGGCCGCGGCAATATCGGGTTGCAGGCTTCCATGGACAAGGATGCACCGAAAGCAAGCAAGGAGGACATCGAACAGGAGGTCGCAGCACTTGCAGCATCGGTCAATGCAGATGGTATTGCATCGATTGTCATCGATACCCAGATGAACTACCTGTCGAGAGGCGAAGCTCCGAAGCTTGCCGACAAACTTGGCGGCAGGTATTTTTACCTGCCCAACGCCAAAGCTGAACAGATTGCGGAAGCTGCTCTCAGCTGATCGGCGGGGATATGACCCTGAAAAATGACAACAACCTCCCCTGTTACGCAAGTTACAGCGGGAGGTTGTGCTTTTTTACCAGGAAATTACGTATTATGGTGTGATTCACGCCCCATGAATTGTTGTTTTCTGGCAACCATCTGATATATACGGTATGGCACAGCAGCGAAAAATTGCGGCAATTGTCGGTCTCGAGCAGTACAACACGAACCTCTGGAAGAAAATCAGGAAACTGCTTGAAAAAGAGACGGAGCTGACCCAGTGGAGTGATGTCGATCTCGAAAAACAGAACCCCGAAGCAGCGAAAGCTATCTCGGAGGCAGATTGCATCTTCATGAGCATGATCCAGTTCAAGGACCAGGTAGAGTGGTTCAGAGAGCAGCTGGAAAACGCTTCCAACCCTGACAAGACGGTCTTCGTGTTCGAGTCGATGCCTGAAGCGATGGCGTTGACCAAAGTCGGGAACTATGTCGTCAGCGAAGGGAAAGGGGGCATGCCAGACGCCGTGAAGAATGTCGCAAAAATGCTGGTGAAAGGCCGCGACGAGGATGCCCTGTACGGCTACATGAAGCTGATGAAGATCATGCGTACCATCCTGCCGCTGGTGCCGAAAAAAGCGAAGGATTTCAAGAACTGGCTGCTTGTCTATTCCTACTGGATGCAGCCTACGGCGGAAAACATCGCCAACATGTTCCGCCTCATTCTCCGGGAGTATTACAACGAGCCGGTCACCGTGGGGCCGATTGTCGATGTTCCCAACATGGGCCTCTACCATCCCGATGCCCCGTCCTACTTCAAGGATGTGAAGAGCTATAAAAGCTGGTCGAAAAAACGGGGAGTAAACCTCGCCAAGGGGCAGAGGGTGGGACTGCTGTTTTTCCGCAAACACCTGCTGCAGGAGAAAACCTATATCGACAATACCATCAGGGAGTTCGAAAGCCAGGGGATCAATATCTATCCTGCATTTGTCATGGGGGTCGAGGGCCACGTACTTGTCAGGGACTGGCTCCTGAAAGAGGACCTCGACCTGCTTGTCAACATGATGGGCTTCGGGCTCGTCGGCGGTCCTGCCGGTTCCACCAAGCCGGGCACGGCAGCTGATGCGCGGGCCGAGATCATGGAAAAACTCGATGCTCCCTATATCGTCTCCCAGCCGCTTCTCGTGCAGGATTTTGACTCATGGCATGAGCTGGGCGTTTCACCCATGCAGGTTACTTTTACCTACTCCATTCCTGAAATGGACGGGGCGGTCTGCCCGGTGATTCTCGGGGCACTCAAAGACGGCAAGGTGGAAACGGTGCCTGACCGCATCACTCGTCTTGCAACCCTTTCCCGGCAGTGGCTGCGCCTTCGCGCTGCGGCAAACCGGGACAAGAAACTGGCATTCATCGTCTATGACTATCCCCCGGGCTGGGAAAGAAAGCAAGTGCAGCACTGCTCGATGTTCCTACATCGCTGCTGGCCATCCTGCAGCGCCTGAAAAAGGAGGGATACAACACGGGGCAGCTTCCCGAAACTCCGGAAGAGCTGTTCAGAATCCTTGACAGGGCGACGGATTACCAGATCCAGAATTCCCGTCCTGATGCCCTGAAAGTCAACCAGGACACCTATAAGGCTTTTACGACGTCGCGTGAACGCGAACGTATAGAGGACCGATGGGATGGTTTCCCGGGAGAAATTGTGCCGATCGGGCAGGACGAGGT
CP020873.1_gap33	957234	958164	930	AGGGTCAGGAACCAGATGTCGTGCAAACCCCATCCACGGACAAGGGTCAGCAGGAATAAGCCTTCAGGGTTGCTGACAGAAGGTTTTCCAGTTCGTCCGGACCTGTTGCGGGGGGGTGGCACAAGCCGTTTCCGCACAGAATCGCTTCTGCAGGTCCGGATGCGGTCCCCGTTTTTTCATCATAGTCAAGAGATACATCCGCCAGGAGCCTGCGATCGACAACCCGTTTCAGTTGCCCGAACCGGTCGTCGTTCCTGTTGCCCCTGAGCTGAAGCCTGTAGGCAGGAAAACGCAGCAGGAAGAGCCCGTTGAGCATATGGGGCAGGCGCGAGCTGTCCTCATCGAGAACACTGCTGAAACATGCGAGCGTGTGTTCCGCCTTTTGGTGCCATTGTTCATCCTCCGTTATTGTCCACAGCCGCGCAAGGTTTTCCACTGCCACCGAATTTGCCGAAGGTTCGGCCCCGTCAAAGTCATCTTTCATTCTCACCGGAAGCGAGGCATCTGTTGAAGGCGCGTTGTAATACCCTCCGTGTTCCATGTCGAGGAACAGCCGGTCCATGCTCTCCTGGAGCCTGATGGCTTCTGCAAGGTAATCCCTTTCCAGGGATGCTTCGTACAGGTCCAGCAGTCCCCGGATCATGAAGGCGTAATCATCAGCTTTGCCTGGGATGGCGCTCTGTCCGTTGCAGTGGCGGCGGTAGAGTTCGCCTTCGGGCGTGACGAGGTGTTCGAGCATGAACGCTGCAGTTGTTTCTGCATGTTCAGGCAGCCGATGGTCTTCGAGGACCCTGCTTCCACGGGCCAGGGCCGAGAGCACGAGGCCGTTCCAGCCGGTGATGATTTTTTCGTCGCGCGCCGGCCTGGGCCGTTTCAGCCGTTGTGCAAGAAGTTTCTGTTTCGAGCTTTCAAGCAGTGTTCTGCATTGCT
CP020873.1_gap34	959906	961435	1529	CGAGTGCCGGATCCTGACGGGCGACGCACCGAAATCGTGTGTGCCAACTGCGGTGCCCACCTGGGGCATGTGTTCGAGAACGAAGGGTTTACCGATAAAAACGTGCGTCATTGCGTCAACTCGATCAGTCTTGATTTCAAGGCTGAGAACAGTGATGCGACCGCTTCTGCGACTACACGGAAAGCTGTATTTGCGGGAGGCTGTTTCTGGGGGTGGAGCATCATTTCAGTAAAGTGAACGGTGTACGCTCGACGACGGTCGGCTACACGGGAGGCACAACCGAAAATCCCCTCTACAGGGAGGTATGTTCCGGTTCTACCGGCCATGCCGAAGCGATAGAGGTGGAGTACGATCCGGATGTCGTGAGTTACGAAGAGCTGGCCAGGCTGTTTTTTGAAATACACGATCCCACACAGCTGGACCGGCAGGGACCGGATATAGGGACGCAATACCGTTCTGCCATCTATTACGCGAACGAGGATGAACGCCGGACGGCGGAGAAGCTGATCGGGATACTCAGGCAGAAGGGATATGATGTGGTGACCCGGGTCGAGCCGGTTTCAGAGTTCTATGCTGCCGAGGAATACCACCAGGATTATTACGAAAAGACCGGTCATGAACCCTATTGCCATATCTACCAGAAGCGTTTCGATGACTGAGCCAGTGCCGCCTGCTTGACAGGCGGCTTTCTTTTCTGTATATTATGGGCATATGCTAAAAATTTGGTGATTTTCCGATCAACAATCGATATGCGGCTTGGCCGGATATCCTCAATGGAGTTTTCATGATTATTGCAGTACCGTTGAATGAGCAGGCAGGATTTGGTTCTTCAGTCTGTGAACATTTCGGAAGCGCGCCCTATTACGGTGTGTTCGATACCGGGTCGGGTGAACTGAGTGTCGTGGAGAATGTCAACAGCGAACACGTTCACGGACAGTGTCGTCCGGCCGACATGTTTACCGACAACCGGGTCGATGCCGTGGTATGCAACGGAATAGGTGGACGGGCGGCTGCAAAGCTGCAGGCTCATGGTATCGAGATACATATTGCAGGGCTTGCGCCGAACATGAAAGAGGCTGCAGACCGCTTTGTACGGGGAGAAACCAGGAAGATGGATACCCGGAATTTCTGTGAAGGTCACGACTGCCACTGACGGCCGGCGTGTTCTCCGGTAAGGGTCTGATGCTTTTCCCTCTTCAGGAAAGCATCAGCAGGCTGACCGCCATGACCCCCATTCCTATGATCAGGCCAGAAATTGCCAGGTGGTGTTCTCCGTATTCTTCTGCCGTTGGAAGAAGCTCATCGAGCGAAATATATACCATGATTCCTGCAACTCCGGCAAGAATGCCACTGAAGAGCAGAGGGGTAAGGAATGGCTTCAGGAGCAGGTAGCCAATAACCGCTCCGGCAGGTTCGGCCAGTCCGGACAGAAATGACAGGGAAAAAGCCTTCTTTTTGCTTTTTGTGGCAAAATATATCGGCGCTGCCACAGCCATGCCTTCAGGGATATTGTGCAGTGCGATGGTGGA
CP020873.1_gap35	973073	975286	2213	CCTGACGAAGAACGAGCCGATGATTGATACGATAATGCCGACGGCAGCGAGTATGAGCGGAAGAATGACGCCTGCTATCGGGAATATGTCCATGCTGTTGAAGACCGGCACGAATGCGGCTCCCAGTACCATCGTTCCGATAATGGATCCGACGTAACTTTCAAAAAGGTCGGCACCCATACCGGCAACGTCTCCGACGTTGTCCCCCACGTTATCTGCAATGGTTGCCGGGTTCCTCGGGTCATCTTCCGGAATACCTTCATATACTTTTCCGGCAAGGTCGGCCCCGACATCGGCAGCTTTCGTGTAGATGCCACCACCTACACGGGCAAAGAGTGCAATCGAGGACGCTCCGAGTGAGAAACCGGAAATAATGTTGATGACCATGGTAACACCTGCGGTATCGGACCCTGCCGATACGAACATCGCAGAGTAGGCGATGAAGAGGGAAGACAGGCCAAGCACGCCGAGACCGACGACTGACAGGCCCATGACAAGACCTCCTGAAAACGCGACGTTAAGTGCCGAACTCAGGCCTGTCCGGGCAGCATTTGTGGTGCGGACATTGGCTTTTGTGGCGACTTTCATGCCGAAAAATCCGGCAAGTCCCGAACAGATTGCGCCTACGATGAAACTGACAGAAATAAGAGGTGATGAATCAGCCCGGCCACTGTTGGCGAAACCAAGCAGAATGGCGACGGAAACAACGAAAATTGCGAGAATCTTGTACTCTCTTTTCAGGAATGCCACGGCACCGTCTGCAATGTGGCCGGCAATCGTCGACATCTCTTCGGTGCCGGAATCCTGTCTGGAGACCCAGGAGGCCTTGAAGAGTGCGTAGAGGAGGGCAAGAACACCAGCGAAAGGTACTGCGTACAGAATGACTTGTTGGTTGTCCATATCGGTTGAGCGTTATGAATTGCGTGAATTTCGAACTAACCACTACTACATACGCCTGAACGCGCGCGGGCGCGCACCATGCTTTCTTATGGCTTTTTTGGGTACTTGCGGAAGGGCAGTCACGTGTATCCGTAAAAGAATGTGACTGAATGTATGTTGAGTATAATCGTAAAGATCATGACGGTAAAAATTACGATTTATTCGGTGTTCTGCAAAGGGATCTGTGTGACTAAATGCCTTGAATTATGGCTTTTATTCAGTTGCAATACGCAGGATCAGGGGAAAATGATCCGAGTATCCTCCCAGGTATCTCCCTCCTTTCCATGCAGGGAGGGGAGAGCCGTTTGCGGGATTGCGGATATGTTCGGGGCTGAAGCAGGTAAACGGATTGCGGTGCAGCATGATACCCGAGGAATCGAGAAGCCCGCATGATACCAGGATCTGGTCCAGCCGGTTCCAGGTGTTGCGGTAGTAATAGCTGCCCGGAGCGTCGGTTTCCGCCCAGAGGTTATAGAGCTTGCTCTTGCATGCACGCAGGACGGGTTGCTTTTCGGTCACCGAACCCAGCACCTCGCTTATTGATTTGTTGTGAGGTTCATCGTTGAAGTCTCCGGCTACAATAATGTCATGGTATGGATCGATGGTCCGGAGACTGTCGATGACCGATCGCAGGGTACGCGCAGCCTCTGTTCTCGATGGTTCCGACCACGCTTTGCTGAACGACCGGGATGGCCAGTGGTTGAGCAGGAGGTAGAGGGGGTGCGGGCCGAGCGAAAGCTCGTAGAGCAGAATATCACGTGTTCTGAGCTGCTCGAGTTCCACCCTGAACGCCCTGGATGAGATGACGCTGACCGATGAGCGGTTGTAGGCCAGGCTGATATCGATACCGCGCGGGTCTTCTGAATCATGATGAACGATTTCGTATTCATGGCCTGGAAGAAAAGAGAGCAGAGTTTTTACGACATGGCGGTTTTCGACCTCTGCCAAGGCGATGATATCAGGGTATGAACCATTGTTGAGATTGATCGAGGCTAGTTTGATGACATGTGACAGTCTGAGATATTTGATCGCCAGCTTTTCGGGGGTCCAGGCTTTTTTCCCTTGGGGTGTGAATTCTTCATCCTCTGTTTGTGGATCGTCGATGGTGTCGAACAGATTTTCAACATTCCACCACAACACAGTCAATGTTTTCGGCTCTTCGCAGCGCGCGGAGAACGGTATGAGAGTAGCAGGGATGATGTTTAGGGTAAGGAGGAGGAAAAGGTATCTGGCTGCTGAGCTCGTTTGCATCGGGAATGCCAATTTATCAGGAC
CP020873.1_gap36	1000055	1004229	4174	ACTTACCCTGCGGCCGGTGATCTCGATGATCTCGAGGCTGCGGACCAGTCGCTGGGTCTTTGTGGGGTCGAGGGTTGCAGCCTGTTCCGGATCGATGGATTCAAGCATGCGGTAAAGGTGTTCTGCGCCCCTGCTATCGAGTTCTTCCTGCAGGCGTCTGCGAATAGCGGGGTTGTGTGCGGGAAGTCGTGAAAAGCCTTCGATAAGTCCCTGAACATAGAGCGTTGAGCCTCCGGCGACGATGACCGGCTTTCCCCTGCGGATTATGGTTTCGATGCGCTTCCATGCCTCGAAGGCAAAGTCGCCTGCATTGAACTCTTCGCCGATACGGCGCTCGTCGATGAAGTGATACCGGACTTCGGCAAGCATCTGTTCCGATGGCTTGGCTGTTCCGATATCCATTTCACGATATACCTGCCGGGAGTCTGCCGAAATGATCTCGGCACCGGATTTACGGGCCAGTTCGTGAGCCAGCAGGGATTTTCCCGATGCCGTAGGGCCGGTAATGACCGGTATTACCGATGTCCTGGATGATGACGTCATGTAAAAATGCCTGAACCGGTCATGTTCTGCAGTGCTCTGTAGACCGCTGCAACAGGCAGACCGACCACGTTATAGTAACATCCACTGATGGATGTGACAAAGCAGGAGAGGACAGGATCCTGGATACCGTATGACCCGGCCTTGTCATATGGATTCTGTGTCGATACGTACTCGGCGATTTCGTTCTTGGTCATGGGAGCAATCTCTACGGTTGTCGTGACACATTCTGTATAGGATGATGCTCCGGAGACAAGGGCAAAACCTGTCATGACCTGGTGTGTGTTTCCCTGTAGTGTGCCGAGCATCCGGCACGCTTCTGTATAGTCCGATGGTTTTCCCAGGGGGGTGGTGTCGAGCACGACCGTCGTGTCGGCACCTATCACAATCGCTCCGGATGTCTGTTCCGGATAGGCATCGATGACACTTCGGGCTTTCTCTTCGGCTATGCGCATGATGTTGTCCTGCAGCGAACGTTCCGGGTGGAATGTTTCTTCGGTATGTGCGCTCAGGGACGTGAATTCACACCGCATGAGCTGTAACAGCTCCTTTCTTCTCGGTGACTGTGATGCAAGGACAATCGGCATGTTCTGTTTCATGAATAGCTGTCAGTTCAGGTTGTTCCAGCCCCGTCTGCTCAGGTCATAATAGATGTAGCTTCCCGCAATGAGTGCGATAACTGTGAAGCCCGCAGCTTCGAGTGGCTGTCCGAAGATGAGTTTTCCTGTTCCGAAAAGCACGGAATATACAAGTACGATGCCTGCAATCCAGTTCCCGAACAATCCGGCGAAACCTTTGTCGGCTTGTACTTCCGGCATTCCTGCAGATATTTTTTTCCACATTGCCCCTCCGACCCTTGTCGTCCGGTAAAACTGCCTGAGATGCTCTTCACCTGTCGGAGGGGTGAGCCATGTCACTGCAAGGGTGACTGCAATAGTTATTGCAACAATGATGTAGAGGGATTCGGGGAAGGACATCGGTGTGTAGATGCTGATATAGGCGTACACGGCAAAAGGCGTGATCATGGATGCTATTTCCGACCATGCGTTGAGCCTCCACCAGAACCATCTCATAATGAGCACAAAACCGGTCCCGGCCCCGCACTGGATGATGAACTCCCAGGCCCCGGTAATGGTCTGGAGGACATAAAATGTGATATAGAGCGCAAACACCGCAACGGCAAGGGTAAGCAGGCGAGAGACAATGACATAGTGACTGTTCGAAGCATCGGTCCGGATAAAACGCTTGTAGAAATCGTTGACCAGGTAACTCGTTCCCCAGTTCAGGTGCGTGGAAAGGGTGGACATGTATGCGGCAAGAAATGTCGCGATCAGCAGCCCTTTCAGCCCGGACGGGAGGATATCGCGCATGACGTAGACAAAACCGTCTTCTTTCTGGTCGGCAGGAAGGTCGGGAAACAGTACCAGGCTTGCCAGGCCGGTGATGATCCATGGCCAGGGCCTCAGGCAGTAGTGCGCGATGATAAACCACAATGTTGCAAGCAACGAGTGTTTCTCGTCTTTTGCGCTCATCATTCTCTGTGCGATATACCCCCGCCCCCGGGTTCTGCTCCCGGGTACCAGGATGCCCACCACTGGATGAAAGCCATGGCGGCAAACGATGCGAATGTCAGTTGAAGGGTGGCTGCAGCTTCGGTTTCGGAGGATGCTGACGTGATAGAAGGAAAGAATTCGAACATCCATGCCGGCAGTGCTTCTGTAAGGCCTCCGGCGGCCTGTATTTCAGGCGCCTGTACCGCCAGAACGGCCAGGATGATGCAGCCGGCCATTGAAATGACGAACTGGATCGTATCGGTAACCGTTACACCCCAGAGCCCTCCCAGCCCGGAATAGAGTGTTGTCAGCAGAACGCAGCCGATGACAACCAGTTCGGGATTGAGGCCGGGCAGCATGATACTGACAATTTTATACATGGCAAGGTTGACCCAGCCGATAATGACTGCATTGATGAACAGCCCGAAATATACGGCCTTGAACCCTCGCAGAAACCGGGCCCCGGGGCCGCTGTAGCGCAGTTCGATAAACTCGAGGTCGGTCAGGATGTTTGCCCTTCTCCATAACCTTGCGAAAAAGAACACCGTCAGCATACCGCCTGAAACAAAGGTCCACCACAGCCAGTTGCCGGCAATACCGTGTTTCGCCACAAGGCCGGTTACCGCAAGCGGCGTGTCTGCGGCAAATGTCGTTGCAACCATGCCTGTTCCTGCAATCCACCAGGGAAGCTTTCTTCCGGAAAGGAAAAATTCCGAGATGTCTTTCGATGCAGTCCGGGAAAACAGCAGTCCGATCAACAGGGTCAGAAGCAGGTAGCCTGAAATGATGCTGATGTCAAGCAGAGAGAGTTGTTCCATGGCTGTAATGCAGATGAGGTGCAGAAATATTCTGCCCGGCATGGCAGATGGTGATGCCGGGCAGGTGACATGGCAGGATCACTCATTGATTCTCGAAAGGTCGAGAAAGCTCTGGTAACGGTCTTCGATTTCAAGAAGATCGAGGTTTGCAAGTTTTTCTGTACCGAATTTCTCGACGCAGAAGCTTGCCATTGCGCTTCCGTACAGGACAGCCTTGCGAAGTTCGGTTTCATTGATCTCTTCGGTGCGCGCGAGATGGCCGAGGAAGCCTCCGGCAAAGGTGTCTCCTGCACCGGTCGGGTCATAAATGGATTCCAGCGGATAGGCCGGAGCGGCAAAAATGCCATCGTCCGTAAACAGCAGTGCACCATGCTCGCCTTTCTTGATGATGAGGGTTTTCGGTCCCATGCTTCTGATAATGCGGGCTGACTTGACGAGGTTCGGGTCACCCGACAGAAGACGGGCCTCGCTGTCGTTGAGGATAAAAATATCCACCCGTTCAAGAGTTTTTTTCAGTTCCTCGGGCTTTCCTTCTATCCAGAAATTCATGGTGTCGCATATCACAAGTTCCGGTTTGCTGATCTGGTCGAGTACTTTCAGCTGAAGTTCAGGATCGATATTGCCCAGGCACACATAGCGTGCTTTACGATACTGCTCTGGAATATGGGGATCGAAATCGGCAAATACGTTGAGCTGGGTATCGAGTGTGTCGCGGGTGTTCATATCGTAATGGTAGCGACCGCTCCAGCGGAAGGTTCTGCCGTTTTCGATTACCTGGATACCTTTGGTGTCGATTCCGTTACTGTGCAGCAGGCGGAAATGCTCTTCTTCGAAATCAGAACCTACCACGCCGACAAGCTTGATGTCATCTGAAAAATAGCTTGTTGAAAGGGCGATATAGGTGGAGGAGCCACCCAGGGTGTTGTCGGAGCGGCCGAAGGGGGTTTCGATATCATCAAAGGCAAGTGATCCAACGACAAGAATTGACATAGTGATTGCTGCTTAAGTGTTGAGAAAGACGTTACAAGTTGTATGTGCGGAAGTTTCTCTTCATCCGGTCTCGTTATGACGGAATTTCGAAAATCAGGCACTCTCCCGGTTCAAGTTTCAACTCGAGCCGGTGATTGACGATCTGTCTGTCAGTGGCGGTGATGAGGTCTTTCAGTTCCTTCTTTTCGCTGCCGAATTCCAGCGTCGCCTCTGCATGGTTTTCGCAGTCGCTGTTGCCGATAAACAACAGGTTGCAGGACGTTCCTTTCCGCA
CP020873.1_gap37	1014249	1015363	1114	CACGCGGGTCCAGCCGGTGAACCAGGGTGTTGCCCTGTGAAAAGAGTTCAATGTTCATCTTTCCGTTTCCAGAGGTACAGCAGCGTGAACATCAGAACGATGCCGCCGAAGGCTGTCATCCAGGAAAGAAGCGTTGGTCCGCTTTGAGTGCCTTCAGTGGCCTGATGCCCCGGGGCCTCCCATTCAGTACCCTCCCATGTCCATGTCGCACGGTGACCCTGCCCGGCATCGAGGACGACGGTTACGGCAATGGAAGGATCACTTCTGAAGCCAAACTTTCCAGATTCGGAAGTTATCCCTTCGTCTATCAGTTTTCCTGACTCCGCATCTTCCAGGATCACCCGGCTGTTCTTTACAGGATTGCCTCCACGGAAATATCCTTCACCAAGCAGGCTGTCGGCCTCGTACCAGCAGAAGAGATTGATTTTGTGTGCTTCTGCTTGTTTCACGGCAGGCATGAGAAGCAGCAGGCAGATCAGTATCCTCGTACGTACAGTCATGGTTTCAGAAGTTCTGGTTTTACCCTGACGATAAACTGCAGGACCATCCCGGTAAGGAGACCGTCGGCAATTATGAGCGGAATATTCGATGCGAAAACCAGCCTGGCTGCCGGCCAGAATGCTTCTCCTGCGCTCAGAAGAGAGAGGCAGAGCAGGATTGCCGACAGGAATACAGAGAGGATGCCGGTAAAAAAACCCACTGTCACGGCATTCACGCGATGTCTGCGCAGTAATGGCGAAAACAGAAGAAAGCAGCAGACAGCAGGCAGGGCCATGTTTGCCGTGTTGATACCCAGTGTCGTTATTCCTCCGAACTGGAAAAGGACAGCCTGCAGGAGGAGAGCGATTCCGATGGCTACAAAGCTCGACCATCCGCAGAGAAGACCGATAAGGCCATTGAGCACAAGGTGGATCTGTGCAGGCCCGACCGGAATGTGAATGAACGAGGCGGTGAAAAACACACATGACATGAGTGCCGTGCGTACGATTGCCTCCTCCTTGAGCTTCTGCAGGCCGAAGGCCATGCCGGCTCCGGCAGCTGCATAGCCTATGGCCAGGGTCGGGAATGGAAGAACTCCTTCGGAAATATGCATGGTACCAGGTTTAACGGCTTT
CP020873.1_gap38	1016586	1017932	1346	GTAACCTATGCTTGCCTCGAGAACATGGGCGTCATCATCTCCGTAGTTGAAATAATCATTCCCGGGGATCAACGTAGGGAAATAATAATCCGTAAGTGTGAAGCTGAAGTTTCCAGCCGGTACAGTGACATAGAGATCGATTTCATTGTTGTCGTCATTGTCGATTTCAAATGAGCCCCATGCACCGACTTCTACACCGATACCGGGAAAGGTATAGGACAACCATGGCTGGGCAGCGATACCATCACCGAATTGAGTGCCTCTCCATACGTAGCGGCTTACTACATCGGCCCCGACATCGAATCCTTCGGCATGTGCTGCAGGTGTCAGGGTCAGGCCGGCAAGGGCGGCGATTGACAATAGTTTTACAGTTCTTTTCATCTGAATACTTCTCCTTTTTTCAGTTAGATTGTGTGTTGCCGACGCCATCATCCGATGGCGTCATTTCCTGTTTCTTCGGTACGGATACGGATGCATTTGGGCAGATCGAACACGAAGATCTTGCCGTCTCCGATTTCCCCTGTTTTTGCTCCGTTGATAATGGCGCTGATCGTCTTTTCCTCGAATTCGTCGTTCACGCCGATTTCGAGTTTCACCTTTTTCAGCAGGTTGATTTCACTCGGGACACCACGATAGATTTCTGTATAGCCTCCCTGGGAACCGCATCCGAGAACGTTGGTGACCGTCATTTTATAGATCCCCGCCTCGGCAAGTGCCGCCTTCACGTCCGGCAGTTTGTGAGGCTGAATCATAGCTATGATATATTTCATGGTTTTCGCTCCTGTTAAGTGTTACTGTGTCGAGAAGATCTGGAAGCCATGATACGCTTCTTCTTCATGTTCCGAAATGTCAAGCCCTTTCATCTCCTCTTCACGCGAGACCCTCAGAATGCCGGCCGCTTTCAGGATCAGGAACAGTGCCAGCATGGTGACAAAGCCCCAGACAGGGATGGCGATCGAGCCGATAATCTGAGCCATCAGTGGGTGTCCGCCAAATATGCCTGTTGCAATACCACCCCAGATACCGTTGAGCCCATGTACAGGCCATGCACCGACAGGGTCGTCGATTTTCATCATGTCAAGCATTTTGACACCGAGGACGACCAGGATACCGGCAACAGAGCCAATGATGATCGCTTCATTGTAGCTGACAGAGTCGCAGTTGGCCGTAATACCTACAAGACCTCCGAGCAGACCGTTCATTGCCATGGTAAGGTCAGGTTTTTTGAACAGAGCCCATGCAAAGAACATGGCAAGTACAGCACCGGAAGCAGCTGCAAGCAAGGTATTGGTGGCGATGATCATGACGATATCGGTGTTAGCCGATCCGGCGATAGCCAGCTGGCT
CP020873.1_gap39	1094228	1096247	2019	GTTTAAAATTATTTTGTTTTAATAATTTTAAACTTAAAAAAGTAAGGTTATGCCGGAAACAAGCTACCAGGCCTGGGAAAAAGTTCTCGAGTATGCGTCCGTTCCTCTTCATGGAACGATGTCGCGCAAAATCCGCAAGGGGGTGAGCCTTCAGGTAGACGAAGGAAAGATCTACAAGGATGCTGTCCTGTTTGTCAGTGACCTGTTCCTGCGGGTTACCGAAGACTCCGACAAGGGTGAGGCAATCAACACCTATTACGATATCAACCGGATTTCAAGCATCAGGACCTACAGCGTCAAGGAGTCGTGAACGAACAGCATCGGGCTATCTGCTTTTTCTTGTTTTGACCGACCAGCGTCTTCCGCTGTTTTTTGCCCGGTTTTTCAGCCCCGGGCGACCGTTGCTTTGTTTTCCCTGCTGGGGCACGGCAGCGGCAGGCTGGTGGTCGGTGAGGGGGAACGGGTGGTGATCGATCACGGGAATCGTTTTCGATGTCAGCTTCTCGATATCGCGAAGATATGCTTTTTCTTCGGCGTTGCAGAATGAGAGTGCTGTGCCTGCAGCTCCTGCCCGTCCGGTCCGCCCGATACGGTGAACGTAGGTTTCGGGAATGTTGGAGAGGTCGTAGTTGATGACATACTCGAGATCGTCAACATCGATACCCCGTGCTGCGATGTCTGTCGCTACCAGGATCCTGGTGGTCTGCGCTTTGAAGTTTTTCAGTGCGCGCTGTCTTGCATTCTGGCTTTTGTTGCCGTGAATCGCCTCTGCGCTGATGTCATGCCTGAGCAGGTATTTGACGACCTTGTCGGCTCCGTGCTTGGTGCGGGTGAATACCAGTGCGGTCGAGATATCGGGATTTTTGAGGAGGTGTACCAGCAGGCGGTTTTTATTTCCTTTGTCGACAAAGTACACCTGCTGGTCGATGGTGTCGACCGTTGACGATACGGGCGTTACCGTTACTTTCGAGGGGTTGTGCAGAATGGAGCCTGCCAGCGAGAGAATTTCTTTCGGCATCGTGGCCGAAAAGAACAGTGACTGTTTTTTTTCCGGCAGAGCTGAGAGAATTTTGCGGATGTCGTGAATGAAGCCCATATCGAGCATGCGGTCGGCTTCGTCGAGCACAAAAATTTCTATATCCTTCAGATGAAGGTGCCCCTGGTTCATGAGGTCCAGCAGGCGTCCGGGGGTGGCAACGACGATGTCAACCCCTTTGCGCAGTGCGTCTGCCTGCGGTTTCTGGCCTACACCACCAAAAATCACCTTGTTGGCGAGGCCGGTATGCCGGCCATAGGCGCTGAAGCTCTCGCCGATCTGCAGTGCGAGTTCCCGGGTCGGGGTAAGGACGAGGCTCCTGATTTTTTTTCTTCTGCCGGGAGCCGGGCGTGACGAGAGCCGCTGCAGAACCGGGATGGCGAAGGCAGCGGTTTTTCCTGTTCCCGTCTGGGCGCAGCCGAGCAGGTCGTTTCCCTGCAGAATCTTCGGTATTGCCTGTGCCTGGATAGGGGTTGGAGTTGTATATCCTTCCTCGCGCAATGCCCGCGCAATCGGATCGATAATATCGAGTGAACTGAATGTTTTCATGGATGTTCCGGATGTGTAAGTTTACGTGACAAGCCGAAAAAGCTCCGGGCGTACATCACGTGAACATCGGGAACAAAAACGGCGCAAAACGGTTATATATCAGGGCATCTGCTGCCCTGAATCCGCCACAATATGCAGATTTTTTTTTCATTGCCGTGCATCGTTGTGGTTTCTCATGTTTTTATGTCGTTATTATTTTATAATAAAGATAATATTTGTATGCAGGGTAATATCGTAAACCTGAGAGTGGCATTGCAATGACCTACAGGCTTGTGGTTTTTGATTTCGATGGTACCCTTGCAGACAGTGAGGCAAGTATCATGCGCTCCCTGGAGCTTGTTGCAGAGGATCTGGGGCTTTCCGGAATCGATCGGGCCAATGCCCGGAAGAGTATCGGGCTGCCTCTCCAGAGAACGATCGAAATGGGGCTGGGG
CP020873.1_gap40	1219396	1222488	3092	CGCGGTGACAAAGGGGATAATGTCATATCCCCAGCGCAGTGACTTGCTGAACGCTTCCTGTTCTTTGTCCTGAAACAGGTCTGACCAGATAAAGTTCTCCGATGCTGAAGGAGGTTGTGCTGCTGTCGAAGGTTTCCCGGCAGGATCTATGATCTTGTCGAGCATGCCTGAAAACAGCTGCTTGTCAGACCAGTAGAGGTTGTGGGCGAGTCCGGGAATACCGTAGCGTCTGAAAACCACGTCATGATTGCCCTTCCGGCAGGTGCTGAAGATCGAAGTGTAGAGTTTGGTATCCATTGCCCGGTTGATGTGATGACCTACCGGATCCTGTTCATCGCAGAAATTGAAATGCTCGATTTTTTCGTTCCGTTTTTCAAAACCCACATTGGGTGTGGAGGTATAGTCGAAATCCAGGTGCCGGTAATTTTCAGGCCACATCACCACGAACTTGTCGATTGGAGAGCCTATGGTAATGAAATGACGCACCTGATTTTTCCATGCCAGAACCGGCAGCAGTCCGGAAATGCAGCGTTCTTCATCAACCTCCAATTGTGTTTCGGCAAGTAACGATGTCTGTTTTTCCGGAATCAGCTGTTCGACAATACCGTGCATCTCCTCTGAATCATGCCAGACCTGGTGAAGCTTTTTAAGCAGGTACAACCGGTTCTTTTTCTCGACCCTGTCGATGTAGGTGTAACCGGGAAACGGTAGACTTGCACACGGGTGTTCGTCATAGGAGTCTTTCTCCCTGAGATCGGCTCCTGCATGAGCGTAGACCAGGGCATCGAAGCTCATGATGCTCCCGAGACTGTGTGCCAGGATGGTGAACTCCGGCGGAGTATAGGTCGCCCGTTCTCCGGGAGGGAGCTCTTGTGTGGGCCGGTAGACATTCCAGTACCATTTGAGAAAGTCGCGGATCATGATTTCATCGAGAACGGTATGGAAATGACGTACGGCACGCCCTCTTGCTCGTGAAAAGTCACCATACAGATGAACGTCACCCAGGAATCCGTCAAATACATATTTGGTTACAGCAGAGTATTTTAACGCCACCATATTCTTGATAGGGAGCGCGGTTTTGATAATGGAGTCCAGCATCGGCACACCCCAGTCACGCAGGTCCTGGTCATGACGGGCTTCTTTTTCAAGTTTCTGGAGCCGTTTTTTCGACCATACTTCTGTAGAAGAACCGAACTTCCCGATGTCATCCTGCAGAATGAACTGCCAGTGCAGATCCACGAAGCGAAAGTTCTCGCCCTCGGGACTATCGGCGGGAGACCCGTCAAAGGGGGGGTGCTGAGAGTGATGAGGATTGATCGGAATACCGTTGAACTCAGCCCAGCCATGGCCTATGCCGTCATTTCGCAGCGTCTGCTGTGAAAGCGTTGCCGGCAGTATCCTGCTGATCTCTTCAGGACTGAGCGCAGGATTACGATGTGCCGCGAAATGCTCGACTACCGGAGGAGCGGTGACATTGCATTTCTGTTCCCCCATGCCATGCACGACGATGATGTAGTGCCTCCTGCCGGTGCTTTCGGTATTCTCAGCCATGACGTCCTCCTGGAGATAGTGGATGATGTGCCTGCTGTATGAAAAATACTGTTTTATACGTGAAGCCCTATAGTCTACAGCCTGACTTTTTATTCTTCAGTTTCACTGGTCTTGCCTGTTACCGGAAAAAAACTATCACCCGTTTATTGCAGAATTTCATGCTGGTTTGTGTTCGTAAATGTTGCGTGGATTTTGCATTTCATGGTCAATTTTTTTGTGATATTGGTTGCGTTCCAAAAAACTGGAAAGCCATGATGTAAAAGCATCCTTGTAGACATCTTGTTGATATCAGTGCATTTCGTAAGACAAATTCTGATGTGAAAAAACAACCAGGTAAAAGTGATATAACGGTTATTTCCCTTGTATTGATCCCGTTTGTGTTACGGGTGTTTTTTGTCAGCCTGTTCACCAATATCCTTGTTCTGGCCCCGAGTTTGTACATGCTCGAGGTATATGACCGGGTGGTCAACAGCCGCAATTATACGACGCTACTGATGCTGACGCTGCTGGTCATCGGCTTGTACATTATGCTTGAAACCCTCGAATGGGTCCGTAGAAGGCATATGCATGAGGGTGCCCTGAAGCTGGACGAGGCTCTGCGGAAACGGGTTTTTCATGCATTGTATGCAGCCCGCCTGCAGGGTTCGCAGGCCGGTGGTGTACAGCCGCTGAACGACCTCAGAACCATCCGTGAATTTCTGCCTTCGTCCCCTTTTCTTTCTCTCTTCGATATCCCCTGGCGATGCTCATTCTTGTGCTCCTGTATGCTATCAATCCGCTGCTGTGCTGGTTTGCCGTTGGCGGAGCAGTGCTGCTGGGGGTAATCGGTTTTATCAATGAGCGCCTTACCCATGAACCTCTCAAGGAAGCTAATCGCACTGCGAACCTTTCCCGCCAGTATGCCGAGGCGGCAGTCAGCAACGCCCAGGTGATCGAGGCGATGGATATGCTGCCGGGTATTCACGAACGCTGGCACGGGCACCAGAAGGAATATCTTCATCATCAGGCAAGGGCATCCGATTACGCCGGGGCGAATGCGGCGTTTTCCAGGATGTTGCAGATGCTGCAGGGTTCAGTGCTTCTCGGCCTGGGTGGCTGGCTTGCCCTGCAGGGGATGATCGGAGGGAGCCTGATGATTGTCGGGTCGATCTTAGGGGGGCGCCTGCTGGCACCACTGGTGCAGGTTATCACCGGGTGGCGGCAGGTGGAAAGTGCTCGCGAGGCCTACAACCGGTTGCATCTTCTTCTTGAAACGTTTCCTGTCCCACGGGAGTCGATGCCGCTGCCAGCCCCGAAGGGGGCTGTGAACGTGGAAGGGGTGTTTGCCGCTCCTCCCGGCACACGGCTCCAGGTGCTCAAGGGCGTTAATTTCGCTCTTCAGCCGGGGGCATCCCTTGCGGTGGTTGGTCCTTCCGCTGCCGGTAAAACCACGTTGGCGCGGCTTCTTGTGGGGATATGGCCGGCATTGCAGGGGAAGGTCCGCCTGGACGGTGTTGATGTGTATTCCTGGGACAAGGAGGAGCTGGGCCCTCACATCGGGT
CP020873.1_gap41	1290999	1292493	1494	GGGCTTTCTGAACTTTTTCAATCGTGGAAAACACATTTCTCAGCATCTGGCGTTCGATCTTGTCAAGCTGTTCGGGCTTGATATAGCGCCCTGAAGAACCGGACTCCAGGCCGTTGACTGCACGAAGCCTCATCAGGAACTCATAGGCCAGGGCTGCTTCCGGAGCGAGGTCTTTCATACCGGGCACAAGTGAACCAAGCCTGCGGAACCGTTCGACCGTGCTGAAATACTCCTGTATGTTCATCTCGTAGGACAATACCCGTGCCGCGTCCGAGAGAGGCATCATGGCACGCGCCTTGATATCGAACTCATTTGCGTGATCACGGGATTTTTCAACGAGAAAATTTCGGAAGAAGCCGAGTGGCGGCGGGTTCTGCAAGGCGTTTTTGGCAAAGAACTTCAGAAACCCGGCATTGGAACCGATAACAGAGAAAATCTCCTGTTTCAGGTCGGCAGCAAGTCCCGGGTTGCCATACACCGGCCTGAAATCGAAAAAAATGGTGGAATGCATCACCGCTTTCGGCTCTGGTGTCACGATCCATTTCCTGAAATATCCTTTCCAGACAGAGAGCGGCTGGCACCATTCGGGATTGCTTGCCATGACATCTGCAGGACATTTCACGAACCCGCACTCCTGCAGTACAGATGTGACTTTCCGGCCGAGTTCGAGAAAATACTCTCTTGTTTCATCGGCTCTCTCCCCGACAGGATCTTCATAGAGTATCGCATTATCCTGATCTGTGCGCAGCAGCTGCTCCTTGCGGCCCTCGCTGCCCAGTGACAGCCAGCAGAAGCTGACAGAAGGACGTCTGCCGTTGCGTTCCGCATCGAGATCCCGAAGGGAAAACTCAACAGCGCGATTGATGACTGCATCGTTGATTTCCGTAATGATACTTGAAATAAAATGCAGCGCGACATCCTGGCCGATATAGAGCTGTAGCAGGCTTTCAGCTTTGTCGCGCTGTTCACGGATCTCGTCGACATGCTCGGCCTGCATGATAGCTTTCATAATGACCGCCGGGTTGTTGCCTTCCGACGTGATGATGTCGTGTTCGGATATAATCCCGGCCACCGGACTGTGAGGGGAACCATCCTCGGTCACGCAGAAATGGCGTAAACCGGTTTTCACCATCAGCATGACCATATCAGCTATGGTCTTGCCGCTTGTAATGGTATATACCGGAGAGCTCATGATGGTGGATACCGGCTGCTCCTTCACTGAACCGGGAACGGCCACAACTTTCTTGCGCAGGTCGGTATCGGTAATGATCCCGAGAGGATGATTGTCAGGGGAGACAACGATGATCGACCCGATATTCCGCACAGACATAATCCCGGCAGCCTCCTGGATAGAGATATCGGGTGGACATGTCACCACATTGGTGACATGGCGGACCTCGAGGGTTTCATTCTCGAGGAAACTGTGGTAAGACAACCCCTGCTGCCGGCCGCCTCCCATTGCAGCTTTAAGGGTATGCTCTATCTCTTCGACAC
CP020873.1_gap42	1459705	1460604	899	TATCCCCGTTCTGTCAGAACCTCGTTGATGGCAACGATATTGGTGACACCGGTCATGCCGTACAGAATGGAAAAACCGTAGATCATCAGCCCCGAAGATACCGCACCGTACACAAGGTATTTCAAGGCACCTTCCGTAGAACGACGCTCACGCTTGAGATACCCGGTGAGGACATATGCCGCAAGACTGACAAGCTCCATGGCAAGAAAAATCATAAGCAGATCAGTGGCAGAAGCCATCATGACCATACCAATGGTCATTCCTGTAACAAGCACATAGTACTCACCCACACCTGATGAACGAGTATTCAGCTCATCGGAAGGCATGGAAAGCAAAACGGTCAGAACTGCCGATCCGACAAGAAAGTATTTGAAGAACAAGGAGAATTCGTCGATGACATACATGCCAAAGAAAATCTCCGTCCCGGTCATGGAGTGTTGCTGGAAAATAAAGTAAAAGCTTCCCAGAAGACCGGCAAGCGTGGCGACCGACATCACCTGTCGCCGGGCGGGGCCTACAACCAGGTCGAGCAGGATCAGAACCAGAAACAACGCAGAAAGATATATCTCGGGCAGAAAAAACAGTGCTCCGGATTTCAGTGTCGTTATGATAGTCTGAATTTCAGCACCAGACGGTAGCTCGTACATATTTTTACGTTTTTTCGTTCACGAAGGGCAGGTATTCCCTGCCCTGTTTTTCACTGATTACTCTCAAAAAACATCAGTCCGTCAATGCAATGCGGTCATCATCACGGGAGACAGAACCTCGACAAGTTTATTGATACTTGTTGTCATCAGGCCCATCACCGGCATCGGATAGACACCAAGCACAATGATGATCACGGTAAGAGGGACAAGCATGGCCAGTTCACGTCCGTCAAGGTCATTCTTGCCCTTCCA
CP020873.1_gap43	1467654	1471030	3376	TCCACAAATTCTCCGATTCGCTCCTTCATACCTGAAGGCAGATCGAACGCGACACCACCGATCCATATATAATTGTAAAGCATCCTTGCCCCGGACGCCCATTCAAGCAGGTTCATGATATGCTCACGGTCCCTGAAACAGAAAAGAAATGGGGTGAACGCGCCAAGATCGATCGCATAGGTACCTATCGCGACGAGATGGGAGGCAATACGGTTCAGTTCAGATACCATAACCCGCAGAAACTCGACTTTCCTGGGTATTTCGATATCGAGAAGTTTTTCAACAGCAATACAGTAGGCAAACTCGCTGTTCATTGCCGCAAGGTAATCCATACGGTCGACAAACGGCACAATTCCCGGATAATCAACCATTTCAGCGTGCTTCTCGAAACAGCGGTGCAGATACCCGAGGTAGGGCTCGGCCTCGATGACAACCTCACCGTCGGTTTTGCACTCGAGCCTGAGCACGCCGTGCGTGGAGGGATGCTGAGGGCCCATATTGAGGATCATCTCCTCACTTGAAAGATCTTTTTCGATCACAACCCGGTCATTACCCTCTCGGGTTATCCTGACGGACCTGTTGTCAGCCTGTTCTAACTCCTGCATGCTTGCAATTCAGTTAATCCGTTATGCGATATTCTTAATACGGAACCTTGATGCCATGATAGGTTTCCTGTTCCTGGTAATCCTTTCTGAGCGGAAATCCCTCCCAGTCTTCGGGGCAGAGAATCCTCCTCAGGTCCGGGTGACCATCAAACATGATCCCGTACATATCATATGCCTCTCTTTCATGCCAATCAGCTGTTTTCCAGACATCTGCCACTGAAGGAATACGTCCTCCGTCACGACTGCAGCGGACTTTTACGGCAATACGATGATCGAGTGCTCCGAGTGATTCCAGGTTACAGACAATGCCAAGCTTGTCGTCTTCGGGATAGTCCATTCCTGAAAGACAGGCCATGTAAGTAAAACGCAGGCGCGGATGATCGCGAAGAAACAAGGCTATCTCCTGCCAGAGTATCACGTCGAGGACCTCGAAAAAAGGCATGAGAGGATTATCATCGAAAGCAGAAACCGCCTCGCCGAACTTCTCATGAACAACCGCATAGGCAGCAGCGGCCGAGCTGACCTCCGGTGAAACTTTTGCCTGTCCCTGTGCTTCTTCCATATGCTTCCTGGACTCCTTGAGATTGAATGGTTGCTGTGATGAGCTATGACAATGCCGCATGTTTCCGCTGCTGCTCGATAACAGGTGACGGATCCATGCCTTTTTCCTCGAGCTTTTTCAGGGCTTCGGCACGCGAAACACCGATCTGCTCCATGCGAATCAGCTCCTGGACTTTCATCAGCCCACCGATCAAAGCTTCGGGGCGGGGCGGACAGCCCGGAACATATACATCGACCGGAATCACCCTGTCGACACCCTTGAGAACATGGTAGCCATGCTTCCAGTATGGACCACCACAATTGGAACAGCTTCCCATAGACAGAACATACCGTGGCTCCGGCATCTGCTCGTAGAGCCTGATCACCCTTTCCGCCATTTTCATACTGACAGTACCGGCAACGATCATGAGGTCGGACTGACGGGGAGAGGTCCTGGGAAAAATCCCGAAACGCTCAAGATCGTAGTTAGATGCGTTCGTCGCCATCATCTCGATGGCACAGCAGGCAAGCCCGAACCCCATCGGCCAGAGAGAGGAAAGACGGGCCCAGTTCAGAACATTATCGACTGAGGTTACCAGAACGTTGTGATTTGATACCTTGGCATCCAGCAATCCCATACGTGGAATCAGTTTATAAGTTAGAAAAGCTGTCGTCTCACTGAACCTGGCGTTTCTGGCCGGCTACAGGCATTTTCGGAACTTCAGGTTTGGGCCTGACCCAGTCCAGATCACCTTTCACCCAGGCATACACCAGCCCGATGATAAGGATGCCGGCAAAAATAAGCGCCTCGATCAGGGCAAATTCGCCCAGCTGCTTGAACACAGTGGCCCAGGGAAAGAGAAAAACAACCTCGACATCAAAAATGATAAAAATGAGAGCGACGACGTAAAAACGAATATTGAACTTGACCCATGAAGTACCTACGGCTTCCTCACCACATTCATAGACAGAAAGCTTTTCAGGATTGGGACGACTTGGACGGAGAAGGCGGGCAGTGAGATATCCTCCGACAACGAAGACGGTACCGAGAAGGAGGAAAACAAAAACGGTACCAAAATCACTCAACGTTTGATCCATGAGATGTTAATTGACGTTGAACTCCGGCTACAGAACCCTGCTGCGAGCAAGTATCGGAAGCCCTGATTAAGTGGGCGCAATATATAAAAACTACAAACAAATTCACAAGCGTTACACGACACAACCAACAGGCAAAAAAACAAGTATCAAGCAAATAAGACTAAAAGATAAAAAACAGAAACAAAAAAAAGCTAAATCTTTTAATCAAAACAACGATTTGCCGCCAAACATCTTAACCTTCAGATAATTCACCAGCTTGAGAAGCCACATAACCCCGGCAACCGACACAAGCAGGAGAAGCACATGCACCATCCACCCTTGCTCGACAAAAGCTGTCAGTAACGGGCCCAGAATAGCCGACATGAGAAGCCATACGATAGGAAACCAGGCGACAGCGAACACTGCGAGAAACAGCCGACGAAAAAAAACACTGTCCAGGTCAAATTGAAACCGTCTCATCGATACTGGTCAAATAGATTCCTAATACTCGAAAAAAAGACTGCCGATCTGTGAGGCAAGTTCCGGATTGAGCTTCTGAAGAACAGCCTGTTCTTCCCTGAGCCGCTTGAAATCGCCACAGGAAAGCGCATACATGGCCATCTTGCAATGCGGCTCCTCTCCATCAGGATCAAGCTCGAGAGCACGCTCGATCATCTCCAGCGCCTCATCGTTTTTGCCAAGGTCCAGGTATGCATCACTCAGCACACAATAGGCATCGACATATCCCGGATCGAGTTCGAGTGCCTTCTCGAGGGTTTGTACGGCCTCCTCCTCCCTGCCAAGGGTGAGCTGGACATACCCAAGACTTTTATATGCGGCAAGAAACGTACTGTCAAGCGTGACTACCCGCTGAAGGTCCTCGCCAGCCTGGCGGTAGTGACCGGTCGACATATGGGCGACAGCCCTGGAGTAGAATGCCTCGACATGGTTTCCATCCTGCCCGACAATCCGGTCGAGTACCTCTATCGCCTGGGAATGACGCTCATGCTCCATATAGGCCATAGCCAGATCGTAGAGATCATCAGGAGAGGCATGCTTTCCTGCCGCTTTTTTTTCGAGAAGCTCGATGTCTCTCATTTCACGCATGCTGTTTTGATAGTTCAAGCTGTTTAAACGTATCCTGCAGATTACTG
CP020873.1_gap44	1525254	1529592	4338	TACCAACCATCGGTGCATACTTCTGGAGGAAAGGCTCGTCAACCGGGGCCCTTGCCGCCATGATCGGGGGAGGAACGCTCACCTTGTTGCTGATGACAGGGATTATCGGTCTGCCCGGAGCCCTCTCGGCACTGGAACTGGACGCTACCATTTACGGCATCGGTTTCTCGCTGCTTCTCTACACGATTTTTTCACTGCTTGTTCCCGACAGGCCCGAACATGAAAACCTGAGTATATCACATGAGTAAGGACATTATCGAACAGATGGACGGCGCGACCCTGCAGCACGGCCCGGACAGTGACCGCATCTACCTGATGAGCATCGGGCAGGCTGATCCTCAGCAGCTGGCAGAACAACTGAAAACTCTTGCTGAAGAAAAAGGCTACACGAAAATTGTCGCCAAAATACCGGCCTCAGCCGAAAAAGCCTTTCTCGGGAAAGGTTATGAAAAGGAAGCAGCTATTCCCGGTTTCTACAATGGCCGGGAAGCAGCACTGTTCATGTGTTTCTACCCGGACCCTTCCCGTAAGCTCGCCAAGGATGCCGATGAAATCGACAGCATCATCACGCTTGCCCGGAACATGAAAGACAAGCCCTGTCCCCAGCTCCCGACAGATATGGAGATCATCACCTGCGGACCTGAACATGCCAGGGAAATGAGCTCGATCTACAAGCAGGTTTTCCCAACCTATCCCTTTCCCATTCATGACCCCGGCTACATCCGGGAGACCATGCAGAGCCATATCAGGTATTTCGGGATACTCTGCAATAACAGGCTTGTCGCCCTTGCGTCATCGGAAATGGACCGGGAAAACCGCAACGTGGAAATGACCGACTTTGCCACCCTACCAGGCTACAGGGGCCAAAGCCTGGCGATCCTGCTGCTCGAACGTATGGAGCAGAACATGCAGAACGAGGGAATTCGAACGGCCTACACCATCGCGCGAGCCGCATCACCCGGAATGAACATCACGTTTTCCCGTGCCGGATACGCCTTCAGCGGTACACTTGTCAACAACACCAACATCTCCGGCGGCATTGAAAGCATGAACGTGTGGTACAGGCCACTCTCTCCCTCTGCCTGAGCAATTCCGTTTCATACATGCGCTGATCACAGTCCCCTTTCCTGCGCCACCTCAGGAGAAAAAAACCGGCTGACGTCAGGGAACCTATTCACTGCCCTCTGCAGTTAATAGTGTTATATTCGTAAATTTTTGATTTGTCAATAGTTAAACAGGGGGAAACCATGCACATTCCACACAGGGCACTGGGCATCGTCCGGGAAATAGCCGGAGAGATGGGGCACGATATCACCTATGCATACGACGATCTTGTCTTCATGGACCACAACGCGTATCTTCTGCAGTTCACCAAGGACAACGATACCCTGAACCTCTATTTCAATATCGAGTTTCCGGGTGACGAAGCCGATACCATGGCCGCACGTATCCTCGATGCCGCATCGAAACGGGACATGAAGATTGTCCGCAAGGGCCATTACGAACTTGCAGAAAAACCGGACGACAATCTCGAGGTACGTTTTTTCAATGCAACCGAAGCATAACAACCGTGTTACGGCAAATGTAACCTGAAAAACCTGACTATCCGCTATGGAACAACTGAACACACAGGTTCTGTTCGACCTGTTCATCACGTACGGACTGAAAGTCATTATCGGTCTTGTGCTTCTTTTCGCCGGCATCAAAATCGCCGGTTTTGCAGAGAAAAAAGTTGTCAACCTGCTGCACAGCCGGAAAGAACTGGACGAAATGCTCGTGCGCTTTCTCGGCAACCTGGCCCGCTACGGTATCATTGCCGTGGTCGTCACTCTGGTCCTGAACCAGGTCGGGGTTCAAACCGCAAGCATTATCGCGGTTCTCGGTACGGTAGGCCTCGCAATCGGCCTCGCACTTCAGGGAACGCTGTCCAATATCGCCTCGGGCGTCATGCTGATGATCTTCAGGCCGTTCACTATCGGGCAATACGTAGAGACCGGTGGTCACAGCGGCACCGTGAAGGCCGTAAACCTGTTTACCACAGAACTTGCCACGCCGGACAATGTACAGATTATCATTCCAAACAATGCCGTATGGGGCAGTTCGGTCGTCAACTACTCATACCATGAGACGCGCAGGGCGGATTTCACCCTCGGCATCTCCTACAATGACAGTATCGAGCAGGCCCTGTCCACCCTCCGACAGGTCATTGACAACGAACCCAGGATACACAAAGACCCCGAACCTCAGGTTGTTGTCAGCGAGCTTGCCGACAGTTCAGTCAATATCACCGTTCGGATCTGGGTTGCAGCATCGGATTACTGGCCGGTGAAATTCGACCTTACCAGGAGGTTCAAGGAGGAATTCGACAAAGCCGGCATCAGCATTCCTTTCCCGCAGCAGGAAATCCGTCTTGTGAAGGAATAACGGCGGAGATGGGCAGAAAGATTGCAGTCACAGGGGCAGGCATCGGCGGCTTGTGTGCAGCCGCCAGGCTTGCCCGGATGGGGTACAACGTCGATGTGTATGAAAAGAACGGTGTCAGCGGCGGCAAGGCAGCCGAGAGAACAGCAGACACACCGCTCGGACGCTTCAGGTGGGATTGCGGTCCATCGCTTGTCACGATGCCGCACCTCATCGAGGATATCTTCGAATTCTGCGGTGAACGCGCCCAGGACCACCTGACACTTCATCCCGTAGACCCATCCTGCCGCTACCACTGGACTGACGGCACGGTCATCGACGAGAACCGAAGCTTCTGGAAACTCCCTGCAGTGGCAGAATACCTTGAATATGCAAAAGGCCTCTATGACCTGTCGGCTCCGGCATTTTTAGAGCGTGCACCAAGGGACTGGTGGAAAGCGTTCAATGCCGATATGCTCCAGTACCTCCGCCACATTCCGAAGTTCATGAACCTGCAGAGCATGGCCGATCTTAACCGGAGTTTTTTTCAGGACCCTCACCTCTGCCAGATATTCGACCGGTTTGCCACATATAATGGTTCATCCCCGTTCAAAACCCTTTCGACATTCGCTATCATTCCCTACGTGGAGGCCGCGTTCGGTGCCTGGTACCCGGAAGGAGGGATTGCACGTATTCCGGAAGCCCTCACAAAACTGGGAGAACGCCAGGGGGTGACCTTCCACTACCATCACGAAATCAGCGACCTGAACGAGCCCGAAGCCGATATCCGGGTATGCAATGCAGATATCATTACCGCCCACCGCAGGTGGCTGCCGGAAAGCATTGCCGGCAACGACATGCAAGCCCGGGAGCTTGCCTGCTCAGGCTGGATCATGCTCCTTGCCATGAAACGCACGTTTCCCCGGCTTGAACATCATAACATTTTCTTCAGTGACCACTACCGTGACGAGTTCGACGATATCTTCGAGCGAAAGAAACTGCCGTCGGAACCGACGATCTACATAGCGATTACCTCGCGCGGCACAGGCAGCACCGATGCCCCGGAAGGGTGCGAAAACTGGTTTGTCATGGTAAACGCTCCTGCCGTCACACCTCTGGAACGGACGGGATATGAAGAGATCGTGTTCCGACGCCTTGAACAGTTCGGTATCACGGTATCCCCAGAGGATATCCTGCACCGTGAAACCTTCTCTGCCGACGAGTTCCGCAAGCGGCACAACGCATGGCATGGCTCACTTTACGGATGGGCAAGTCACTCCATCCCAACGGCATTGTTCAGACCTCCGCTGCAGCACCCACAGCAGAGTTCACTCTATTTCACAGGAGGAACGACCCACCCTGGAGGCGGAATCCCCCTGGTTATGCTGAGCGGAAAGATCGTCTCGGAAATGATACAGGAAGATGTTCCTCTCTGAGCAGCGACTATCAGGCCCTGACAGCTGAAGACTGCACGACTTTCCGGGGCTGCATCATGGAAAAGAACAGCATCACGAACAAAAACGTGATGAACTCAGCCACCGAGAATGAGACAAAAATCCCCGCATCTCCGAAAAAGAGCGGCAAGACGGCAATAAACAGCAGTGGAAACACCAGCGTCCGTGACAGTGCAATCATTGCCGAAGGCAGAGGCTTGTGGATCGCGGTGAAATATGCACTGAACACGACATTGATCCCGTTCCATAAAAATGCCGGCCAGCTGAAAGAGATAAACGCAAGGGTCAGTTGCAGCGTCGCATCGGTACCATTATCGAGAAACAGGGTGGCAAGCTTTTCGGGAATGGAGAGCAGAAGCGCTACAAGGAGAGCTCCCACCGATATGGCACACACCGTGGCAAGAGCGAGAAAACCCTTGATACGCTCCGGCTTTCGCGCACCGAAATTGGTGCTGATAATCGGCTGCAATGCGTCGGAAAATCC
CP020873.1_gap45	1531096	1535098	4002	CAGTCCATGGCTCACCCGTGAGGAAACCATGCTGATCTCGTTTCTCATGATCTCTCCGATTGTCTCCCATGCAGATTATATGCCGTTCTGTCTCGAACAGCTCGACATGGAACGCTACAGCGACGACTACCTGCAGACCATGGAAAACTTTATTGTACGACAGACCGAGCTGCTGCTGGGCCTGAAATCAACCTCCTGAAAACACAGCATGAACAACCGCCTGATTCACAACTTTTTCATTTCATGCAGCCTGCTGCTTCTCACATCTGTAACCGGATGCAGCGGCAGGGAACCCGACCGCCCATCCGACGCGACACAGAGGGTCACGCAAGTCAGCCTGCTCACTCCATCGGTAAAGACAATAACCCGCTCCTTTTCCTACCCGGCCGAGATCAGGGCCAGAAGCTCGTCAATGCTTTCTTTCAGGGTCGACGGACTTGTCGAACACATAGAAAAAACACCGGGAGAGCACGTGCAGAAAGGCGAACTCCTTATGAAACTCGACCAGGCCGATTACCACGACAATCTCCGTGTGCTGCAGGCCGAGCTGAAAGGTGCGCAGGCGCGGGCCGACAAAGCTTTGCAGGACTTCAGGAGAGCACAGGAACTGAGGAATGAAGATGTCATCTCGCAAGCCGACTACGACGGGGCCAAAAGTGCACATGCGTCGGCAGCGGCAGCAGTCGAACACCTCGGCGCGAGGGTATCGCTGGCCAGGCATCAGCTGGAATACACCCGACTTTACGCTCCCTACCATGCAACGGTAACCGGGCAGATGGTCGAAGAACACGAACTGGTCAGGGCTGGCCAACCCGTCATGAGCGTTCACGATATCAGCACCCTGGAGGTCGAGTGCCATGTCCCGGAAAACGACATCGCGCGCCTGAAGCCGGCACGCGGAATGAAAGCCCTTGTCACCCTCCCCTCTTTCCAGGAAAAAGTTTTTGAAGCCTCACTGCAGGAATGGAGCACGTCTGCAGATAAAACGTTGCGAACCTATGCAATGAGGTTTTCCCTGCCCGCCCCTGAACACGTTACGATACTGCCGGGAATGACCGCTCATATCAACATATCGGCAGAACAGGCTGAACAGCATGTCCTGCTCCCGCACAGAGCGATCACGTCGGACGCTTCCGGAAGCCCGGCGGTATGGCTCTATGAACCGTCATCCGGTACCATTACCATGCGCAACATCTCGACAGGAAAGATGGTTGACGAAAAACACATTCATGTAACGGCTGGACTTGATGGAAAAGAGCAGATCGTCGAACCCAATGCCCACTTTTTCACCGAAGGGATGAACGTCACGCCGCGCGAGACTGAACCAAGAGGAGGGGAACGATGATCAATCCGGCAGTATTCGCCCTGCAGAAACGCACCATCATGGTCATGCTGACCGTGCTGCTTGTCGGAGCCGGCATCATCTCCTACCAGAACCTCGGTCGCCTCGAAGACCCGGGTTTTACCATCAAAACCGCACTGATCGTCACTCCGTACCCCGGAGCATCCCCCGCGAGGTCGAGGAAGAAGTCACCGATGTCATCGAGGAGTCGATCCAGTCCATGGACCAGATCAAGGAGATCTACTCGACATCCGAAGAAGGCGTCTCGTATGTGTATGTTGACATGCAGGACCATTACACCTCTTCGGAACTCCCCAGATATGGGATGAACTCCGAAAAAAAGTCAACCAGGCCTCATCCCTCTTACCACCGGGTGCTGCTGCCCCGATAGTGAACGATGACTTCGGTGATGTCTACGGCCTCTATTTTGCATTGACCGGTGAAGGCCGTTCCTACGCCGAGCTGAAGGAATATGCAGATGTTCTCAAAAAAGAGCTGCTCCTGTGCGACGATGTCGCCAAAATCGATTTCTGGGGCACCCGCAGGGAAACGATATTTATTGAAGCAAGCCGAACAAAACTTGCGGAACTCGGCATATCCCCTGCAGACATATCCCGCAGCCTCCAGGCAAGCAACTTTGTCACGAGAAGCGGAAAGGCAAAAGCCGGCAGCGATTATCTCCGCATAACCCCCACGGGGGATATCGGTACCGAACAGGAAGTTGCATCTCTGCTGGTCGGTCCGGCCGGTAACATGGTGCAGCTGGGAAACATAGCGCGCATCTACAGGGGTACGAGGAGCCTGAACGCAACGGCCTGCTCTTTGACGGACAGCCTGCGATAGCCATCGGCATTGCCGCCATCGAAGGCGGCAACGTGATCAGAATGGGTGCATCGGTCGAACGACGGCTCGAAGAGCTCGCCCCACACAGCCCAGCAGGCATGGAACTGCACAAGATCTATTACCAGAGCGATATTGTCGATGCATCGGTGCGTTCGTTTGTCGTCAACCTGGTTGAAGCGGTCATCATCGTCGTGGTGCTGCTGATGCTGTTCATGGGATGGCAGAGCGGGCTCCTGATCGGAGGAATACTGCTCCTGACCATCGCGGGCACCTTTATAGCAATGGCGCTCTTTGACATCAGCCTCCAGAAAATGTCTCTCGGGGCACTCATTCTCGCCCTCGGCATGCTGGTCGATAACGCGATCGTCATTGCCGACGGCATTCTTGTCAGGGTCGAACGCGGCGATGACCGGGAACATGCGGCCCTCGAGGTCGTGAAAGAAAATATCTGGCCGCTCTTCGGTGCAACGCTCATCGCTATCCTTGCGTTTGCAGCCATCGGGTTTGCCCCCGGCAACATAGGGGAGTACTGCCGCTCACTGTTCGATGTACTCGCACTTTCCCTCTTTATCAGCTGGTTGCTTGCCGTGACCATCACACCGCTCCTGTGCGTCTGGTTCCTGAAAGTGCCTGACCTGCAGAACCGTGATCCGTTTGACAGACCGGTCTACCACACCTACCGGAGGCTGCTGCACCTGGGGATCTCACACCGCTGGACAACCATCGGGCTGACATCGATCCTGCTCGTTCTCGCACTCATAGGGTTCAGAATGCTTCCGCAGGCATTTTTTGCGAACTCCACCCAGCCGTACTTTTTCGTCAATTACTGGAAAGCCGAAGGAACCCATATCGATCAGACAAAGGCTGACCTGGCAACCATCGAACGCTACGTGCGTTCGATCGAAGGGGTAAGACATGTCTCTGCCTTCCTCGGGGAAGGCGGAATGCGCTTTATACTTCCCTACAAGTACTATACTCCCGACCCGGCATTCTTCCAGCTTCTGGTCGAGGTAGAAGATTACAAAAAGATCGAAGACGTCAGCGGTATGATTGACCGCTATCTCAAGGATGACTTCCCCGATGCCCAGCCCTACAACACACGGATCGCCAACGGCCCTCCGGTAGATTTCAGGATCGAGGTACGGTTCAGGGGACCGGACCCGGAAATCCTGCAGGACCTTGCCCGTCAGGCAGCTTCGGTGATGCACAGCACTCCCGGAACCCGTGACATCAGGACTGACTGGAGGAACAGGGTACGGGTACTCAGGCCGGTGTTTAACGAAGCACAGGGACAGGCTGCCGGAATAAGCCGGAGAGATCTTGCAACGGCACTGCAACAGAACTTCAACGGTATCGACTCCGGCGTCGTCAGAGAGGAAGATGAACTGATTCCGGTGGTGCTGCGCATGCCTGCCGAAGAACGGCAATCGGTAATGGAACTCGGCAGCGTTCAGGTATGGAGCTCGCTCACCGGTCGCTCCGTTCCGTTGGGCCAGGTTGTCCCCGATATACACACAGCATGGGAGTGGCCACGCATACATCGCCGCGACCGTGAAAAAGCAGTTACCGTTCAATGCAACCCGGTTGCAGGACTGGCAGAACCGCTTCGCCGGCAAATGCAAGAGGAAATTGAATCCATAGAGCTTCCCGACGGATACAGGATGGAATGGGCCGGAGAATACAAGGAATCGAAGAAAGGTACCGAACCGCTGGCTCAAATTTTCCCGCTGTGTATCCTGGGGATGTTTGTCATTCTCGTGTGGCAGTTCAATTCCGTGAAAAAAGCCACCGCCATCTTCCTGACCGTTCCGCTCTCA
CP020873.1_gap46	1589355	1592000	2645	ATCTGGGGATTGTTAATTGCGAAAAATTGGGGATTTTCAGTTTCCGATTACAGCGGGTGAACTGTCCAGGATGGTTCGGGAAGTTGAGGACCGCACGCCTTATCTTGTCCGCAAGAGCCCGGCGAACAAAGCGTGGCTCCTTCACCATCTCGAAAATGGCGCTCTGGCCGCGCAGAAGATCCGAGTTTCCACCAAGCGTACCGTTCAGAGCGTTCTGGCAGGTTCTCTGAATCAGTTCGTCCCAAAAATATGAGATCTTGTCCTCTTTCTTGGTGTTTTTGTACAGGTCAGTTCTGGTGAAATCGTGCCACTCGCCTTCGCCGACCATCACACCATTCACATCGTCAAGCTTCGTCCCGATGATGTGATGTTTGGACTCTGTGTCATAGTTGAGAAGATAATGCCCTAGCAAATCTTCCTCGCCGCAATAGATCAAGGAATCATACTTTGCTATGGCACGCATTTTTTCATCAAGATAGTTCGAAAAGTCACTGACCGTATCGAGTTCGCTTAGGACAATCGAAATATTGTGGCTGTCGAAGATGTGTACAGGGTTGCGCCTGTCGATCTTGATATGAAATGGAGGCGTCGGCCCATTGCCAGTCTCGCAATAAGTGATTGCGAGACTTCCATAGACATTTTGATCCGATGCTCGTTCGCAGGCTTCCTTCGCCCCATGTGCGACCACAATCTTGTGAATGATCGCTTTTTGGAGATCAATTGTGAGTGGAAAAGGCATTTCTCGCTTCGCATCCAGAAAGATGGGGCGTCCTCCCAGGATGTATCGCTCGGCACCGTGGGCAGTCTTGACCTGACGATCAACTACATTGCGTTTCCATCGATCCCAGAGAACTTGGGGGTCTTTGTCAGGTATTTCTGGAAGCTGGTTTTCGCGGTCAAAAAAGATAAAAACGTAATCGCCAAACACCGCCAAGAGATCGCACAACTCATGGCCGTCATCCTTGAATGGATTTGGATAACTCCAAAGCTTAAGAAAGGTGCGCTCACAGAATTCTGCAAGCATTCTCTCTGTTTCTGTCACGCCAGATGACTTGTTTATCATGGTGGCTGACACTTCATTTGTTGTGCGGCTAGTATGCATAAATCCCCGCGATTTCGTTTTACAGAGCAGTCAGGTTTCAACTTGGACTGAATCCTTCCATGCAGCTGTCACTCCTCATCAAAACAAAATGTGTCAAATCTCAACGTTCGGAGGTTCTCGGTGACGCCCCGGGACATTAATCAATTTGACTGCTTTGGATCTTTTACAGCAAACTCTTCATCAATCTCGAACAGATCAGGTGTAGAGCGATGGACCCCGATGCCGTGTTCCATCAGCAGAATCACGAGTTGTTCTCCGTTCATCAGGGCGATGGGGGTCTTGTCTGTCTGGGCGGCTTCCTTGATTGCTCCGGCGCTGAAGTCGCTGGTGGTGATGATCAGACCTTGTTCGTGCGCTCCGAGGCTGCCGCGCACCTGCTGAACCACCGGGGCCAGGATGTTGTTCTTGAGCTTCCACTTCTTGACCTGGACGGCCATCTTGATTCGGACCACGTCACCAACCACCAGGGTGCCCCGGACATCGATGCCGCCGTCGCCGCTGAGTTTGGTTACCTCGACCATCTCGAAGCCCCCTATGTGTTAATATAGATGTCGCGCCTAAAGAGGAGACATCAAATGGGTTATTCGCACGCCGTGAGACAGAGTATTCTGAAGAAAGTGCTGCCGCCTGAGAGTAGGAGCATAGCAGAAGTCAGCCGGGAAACCGGCATCAACCATCAAACAATCAGGAATTGGATCAAGCAAGCTGAATCAGGTATCTTGGCAGATGGAACACAAGACAGTTGTCCCCGTTTCCTGACACCCAAAGAGAAATACGAGTTGGTTGTCGAGGCCGCCGGCATTGATGATGAACAGCTCGGTGAGTTTCTCAGGGAACGAGGGCTGCATACAGAACATCTCACCATCTGGAATCAAGAGCTGCGAGACATGGTTGACAAAAAAAGTGAACGACAAGACAAGGAGAATAAAGAGCTTAAGAAGAAGGTCAGAGACCTTGAAAAAGAGTTGCAACGCAAGGAAAAAGCTCTTGCCGAGGCTGCGGCCCTGCTTGTTTTAAAAAAAAAGTTAAACGCCCTTATCAAGGAGAACGAGGACGATTGATCCTTGAAACCCATAAGGCTGAAGTCATTATGCTGATAGAAGAAGCACATGAAAACGGAGCCCGTTACAGCAAGGCCTGTGAGGTTGTTGGTATCTCTCATCGCACCCTCCAGCGCTGGAAACAATGCGGCTTGCAGGACCGGCGAAAAGGGTCAAAGAAAACCGTTGTCAGAAAGGTGCCACAGGAAACCAGGGATGAAATCATCAATGTCTGTAACGAGCCTCGGTTCCGGGATCTGACGCCGTATGAAATCGTACCACAGCTCCTTGAAGAAGGCCGCTATCTGGCTTCAGAACGAACGATCTATCGCATTCTGAAGGAAGCCGACCAGCTCCATCATAGAAGCGAGTCACGTGTCCGTCATCGCCACTCGAAGCCTCCGGAACGAAGGGCAACAGGATCTGATCAGGTGTATACCTGGGATATCACCTACATGGCTCGTACGATAAGAGGCTTGTTCTTTTATGCTTATGTGATAAAG
CP020873.1_gap47	1597795	1599203	1408	TCAAAATGCTGTTTTGTTTGTGGATGTTCCTGGATGAACCTTGAAGCATCCTCGTAGGCTCCCGGCACCAATTTAAGCTCTTTATCCGGTCTGTCACCCCCATCCGCATAGCCTGACAGTAGGTGACCTTCTACTGCATTCAGAACATGTCGAAGGTTTTCCGCATACGGACCGTAGATATTCTTTTGATATTTTAAGCGGAGCGGTTCGCCGCTTTCCTGCAGGAAATACATCAGCTTATGCACTTCAAGCAGGGAAATAAAGGGATCCAATAGACCGGCGAGATAACGGTGCATTAACTCAACCAAAGCCGCGCGTCCCGGTGTCATATTGGGAACCTTGCGGTTTTTGGCCATCTTCTCGGCTTCGGGAGCACCTTTGGGTTCAAAAACAATGATCTCAATGTCTGGCAGGGTTGAGAGTGTTTTTTCGATACGAGCCCGTACGTCGCTCCAATCAAGTCCGCCTAAACCGCAACCGAGAGGCGGAAGCGCAACAGATTTGATTTTTAGATCTGCTATGACAGCTGCCAAATCTTGAAGACCGGACTCTATATCTTCCATACGACTGGCTCCGCGCCAGTGCCGTTTCGTCGGGAAATTAATGATATATTTAGGACCAATCAACGAACCGGTTTCATGCACAAACATTTTGCCCGGCACGACGTCCTTGTGTTTGCAGGCAGTCTCGTAAACTTTAAAGTTCTCGGGAAAGCGTTTCTTAAACTGCAAAGCGATACCACGCCCCATAACACCCACGCAGTTGACCGTGTTAACAATCGCCTCTGCTTCTTCCTTAAAAATATCGCCTGTTTTATAAGTAATCATAATAGAATCCTCCTTAGTAGTACCAGTTGCGCTGTATCGACACTGGCGGCCGATGCGTTGTTGAGTTCAAAGCAGCACTGACTTGCTGAAATTGCGCCTGCGAATAAACACCAACTGCTTCAACCAGTGACCACGGAAATTGTTCTTCGATTAAAAATTCGGCTTGTTTTTGTTCTCGGCAATCCTTCCAATTCGTCGCATCAACTGAACTCCAATTCACTTGGTTCAATTGTGATAGATTGTTGAAGTCATCAAAATAGAAAGAGCCTGCATTGGAGTTTGTAAAAACCCACCTTTTCTCATTCTGATTTGCCCATTTAACGGTTTGATATAGATCTGCCTGCAAATGAACAATAGGAGTCTGACCACCGTGATAAGTAATCTCAGGATGGTTATTCATGTGAAACATATACAACATGACTGATCGTGGGCAGAAATAAAACGGCACGCAATCGCCGACATGGAGACTTGGATAGCTGTTCAGTGTCTTTGCCAATCTCCTGGCTTTAATAGTACTCATTCCAATGGTTGTTCCCGGTAATGGAGTGCCCTGAACCGCCGCATCACTATACAAACAGCCT
CP020873.1_gap48	1616926	1620027	3101	CCTGCACGGTAACATCGAGCGCCGTGGTCGGCTCATCGGCAATCAGAAGAGCGGGATTGCATGAAAGCGCCATGGCAATCATCACCCTCTGGCGCATGCCCCCCGAAAGCTCGTGGGGATAGGAATCCACCCTGCGTGACGGATCGGGAATTCCGACCTTGCCGAGAAGCTCGACTGCCCGTTGCCGGGCATCTTTACGCCGCAGGTTCTCGTGCAGCATAAGCTGCTCGACAATCTGGTCACCACAGGTATAGACCGGATTGAGAGATGTCATCGGCTCCTGGAAAATCATGGCGATCTCTTTGCCCCGCAGCTTTCGCATCTCGTGCTCGCCGAGCCTGAGAAGGTCCCGTCCCTTCCAGAAGATCTCCCCGCCGGCAAAGTAGCCCGGGGGCATGGGAACGAGCCTCATAATGGACAATGCCGTCACGGATTTGCCACACCCTGATTCCCCCACGATCCCCAGGGTACGGTCAGGGGCAAGCGAGAAACTCACTCCATCGACTGCGCGGGCCACCCCAAGATCGGTTGAATACCATGTCTTGAGATTTTTTACTTCCAGTATATTTTTCATTACTTACTCCTGCGGAAATCCGGACATTACCGGGACGTATCGAGCATAAAAAATCAGAAGCCGGTCTGACAAACCGGTTCTGCCATGAAAATAGGTTTTGCCGTACATATATGAAAACAAGAGAAGAAAATACCGTCTCTCCCGCATCCGTCACCAAACGCCCGCTTTCATATCTTTTCGACACGATAGGCTCATCGGCAGTGTTCGAATCGCTCAGCGAACGTATCACTACCGGACAGAAACGTGCCCATGTCTGTGTTTCAGGCATCGAAGGCTCGCTCGCGTCACTCCTGGCGGCAACACTTCTGCAAAAAGCTGACAGGCCAGTGCTGCTGATGACCAGCCCGGATTATTTTGACCTCTACGACAATGATCTTACCCAGCTTCTCAAGGGTGAGAGCTACTTCAGCATGCAGGATGAGCTCTCGGCGGCTTTGGCAGCCCTGTCACGTAACGAACCATGTCTCGTCGCTGCCGAATTCAGCGAAATACTGCACCCCCTTCTCGATCCGGCCGGTGCTGAAAACCGGGTACATGAGCTCGAGAAAAACCTCGAAACCGGCTACAATGCACTGATTGAATTTCTTGCCGGTAACAGCTACCTGAAAAAAGATTTCGTCGACAATGAAGGTGAATTTTCAACCAGGGGTTCGATTATCGATATTTTTCCGTTTGGAGCGCCCGATCCCCTGCGTATCGAATTTTTCGGGGACACCGTTACCTCGATCAGGACGTTCGACACCAACAGCCAGTTATCGAAAAAACATCTTGCATCGGCCCGCATCACAGGCAGCTTCACCTCGCCGGACAATGACGAGAGATTTTCTGTCATAGATTACCTCCCTTCCTCTTCGCTGATCATTACTGACGATCTGCACGGGTTACGGGCACTGGAGGGTTCGGAAAAGATACGTGAATCGCTGCATGGCTTTTCAGCGATCTTCATCAACCGACTGGAACAGCAATCCATCGATTTCGGAGCCATCCCGCAAACCCGGCTCAACGCAAACTTTTCACTCTTTGCCCGCCATCTCTCATCGCCCGAGGCAAGGACACTTCAGACCGTCTTTGCCGGAAATTCGAAAAAAGAAATCGAGGAACTTGCGGAATTCATCGGCGAGGCAACATCCGGCACGACATCGGATAGCTCCCTGGAAATCAACTGGGTGGCGGCCAATCTTCATACCGGGTTCCGCTTCAATGGCCTGGATGTCTACTCGGAATCGGATATTTTCGGTAAACTCCATACCCACCGCAGACACCGCAAAAAGGCCGTCAAGGGAATATCCCTGAAAGAGCTCCAGCGACTGAAAGTGGGAGACTATATCGTCCATGAAGATTACGGTATAGGGATTTTCAAGGCCCTCGAAACCATTCAGGCGGGCGATTCTGAACAGGAGTGCGTCCTGATAGAATACGACCGTGGAGACCAGCTCTACGTCAACGTGCAGAACATTCGACTGCTGTCGAAATACAGTGCTTCCGAAGGTGCCTCGCCAACCCTTTCCAGGCTTGGCAGTTCAAAGTGGAAAGCAAAAAAAGAGAAAGTAAAAAAACGGCTGAAAGACATTGCCGCAAAACTGATCAGGCTCTATGCCGAACGGAAAATGGCCCGGGGCTTTGCATTTGGTGAAGATTCCATTTTCCAGCGGGAATTCGAGGCGTCTTTTATCTTTGATGAAACCCCCGATCAGCTCAAGGCTATCGAAGATGTCAAAAAGGATATGCAGTCCCCTTCACCCATGGACAGGCTGATCTGTGGTGATGCCGGCTTCGGCAAGACCGAAATTGCGATGAGAGCTGCATTCAAAGCCATCGAGTCGAAAAAACAGGTTGCAGTTCTCACCCCGACAACCATTCTTGCGCACCAGCATGTCGAAACGTTCCGGAAACGTTTCTCCAACTTTCCGGTCAATATCGAAGTCCTGAGCCGTTTTGTCGGTCGCAAGGAGCAGAAACGCATTATCCGGGACCTCTCCCTTGGCCTGGTAGACATTCTGATCGGTACGCACCGGCTTGTCTCGAAAGATGTTGCATTCCAGGACCTCGGATTGCTGGTCATCGATGAAGAGCAGCATTTCGGTGTCGCTGTCAAGGAAAAACTGCGCCAAAGCTTCCCCGGGGTCGATACGCTCACTATGTCGGCCACCCCAATACCGAGAACTCTGCAGTTTTCGATGCTCGGAGCCCGCGACCTGTCGATCGTCTCGACCCCTCCGAAAAACCGCCAGCCGGTTGAAACCGTGATCACGACCTTCGATCCGGCTCTTCTGCAGTCAGCCATGCAGCGGGAGCTGAACCGTGGGGGCAGGTGTTCGTACTGCACAACCGCATTTCCGGACTCGAAGATATTGTGGCAACACTGAGGGACCTGGTCCCGTCGGCAAGAATGGCCTATGCCCACGGCCAGATGCCTTCGGCAGAACTGGAAAACATCATGATGGACTTTGTCAGCCATGAACTCGACATACTGGTCTCTACCTCGATTATCGGTTCCGGACTTGATATTTCCAACGCAAATACCATC
CP020873.1_gap49	1624365	1628132	3767	TATATTACCCAGAAAAACCTTGCAGAACTGACCGGTCTGCCCTACCGGGAAATCGATATGCTGCTGGCCACCGGGTAGTGGACAGGGTCAGAGATAGTCAAGTGGATTACCCAGCTTGCGGGCAATACAGGAAGCACAGGACACCCCTGAATAGGTAACGGCTATCACCCCTGCCCAGGAAATGTACTGTCACCGGCAGCATAAAGATCCTTTACCGGTGTACGGTTCTGTGGTTTTTGCAGCACATTCTGTCCGGGATACAGAAGAGGTCCGTAGGACCCCTGGAACCTGTTAAGGTATCGCTCATGAGTAAAAGGTGTTGCCGCGACCTCGATCTCGACGGCGTCACCAAGCCCGGGCAATAGCCGTTCTGCCCTGCGGATAATCTCACGGGCGACTTTTTTCTTCATCTCCCTGTATTCACTGGAGCCACGTCTGAGATGTGACCATCGGGAGGTTTCATCGGTGATGAAGGCATGCACAACATGCTTTCCGGGAGGTGCGACAGAAGAGTCGAGGATCGATGGTGCAGAAAAATACACAGTTCCTCCCGGGCTGTCATACTCCGACCAGTTATCGACAAGGATATGGTGCACATTGAGGTCATCGGGGATCACGGAAGCGTCGACTCCGAGATAGAGCTGGAACCAGCTTGGAGCACGAAGAAAGCGATCTTCGGAAATATGGTAACGAGGATCTTCGAGCAACCGGTTACGTGTATCCCAGACTGTAGCATTGCTTACAACCGCTCTGGAGGTAAGGATATCCCCATCAGTGAGCCTGACCCCCTCGGCCCGCCCGTTGCGGACAAGAATCTCTTCGACTTCGGTATTGTAGCGGACCACACCACCGAACTTCTCTATTCCGCGGCATAACGCCGCTGGAATGGCACCGGCCCCACCTCTCGGATAATGGATCCCGCCATGATGTCGATCCGCAAGGCAGATGCCGGCATTGACGAGAGGCGTCGATACCGCATCCTGGACTGCCCATGAATACGATTCCATATCGATAAAGCGAAGAAGCTGTGGATCGGAGATGTACTTACGAGCGGTTTTCCCCATCGAACGGAATGTCATCAGGGCAAGCTGTGCCACCTTGAGTGGATAACGGCCACCTACAGATGCTATATGCACAATATCTTCGAGAGAACCTGCCTGCAGAGAGCTGAGAATTTCGTAAACAGCCTCGAGCTCCCGGTAGAACAGCCGTATTCCACGGGCTTCATGAGGAAAACGGCGGGTGAGAGAGGCAAAAAATTTCTCCTGGTCGTAGAAAACCGGCACATCGATCGAGTCCGGAAGATGGTAGTGTATCTGCACAGGGTCAGCCACAACATCCACATCGACACCAAGCTTCCGGAAAATGCGTGAATGAAGATTCAGCGTGCCATGTTCATCATTTCGGGAAAAACCGTAAAACACCGATGCCCCTGCATCGAAAGTGTAGCCCTGTCGTGAAAAGGAGGCGCAGCTCCCGCCGGGATACGAGTTTTTTTCAAGTGTGATGGTTGAAAATCCCCGCTCCTGCAGAAGAGCGGCAGTTGTCAGGCCTCCGATACCTGAACCGATGATGATGACGTCAGCAGAATTCGACATAATTACAACACTACATCCTGAAGCGGCATGGAAAAACTACGAATCTTCCTTCTTGAGTTCCTTGAAATCAAGTCCGAGAATCGGCTTGTAATGTTCAAGATTTTCAAGAATGATCCCGACACCTTTGATGACATCGGTCATGGGCTCCTTGCTCGGCACAATCGGGATACCGGTTTCCTGCTGCACCTTATGGCTGAGACCCTTGATCTGCGAACCTCCCCCTGTCAGGAAAATTCCTCTCTCGAGAATATCGAGGGCAAGTTCGGGCTTGACGATCAGCGTCTCGATATGCTTCTTTATCGTCGTAATCATCAGTGAGAACAATGGCTTGAGGGCATCGTTGATATCCTCGGAATGGATGGTCACGCTTTCGGGTAGACCGGTACCCACATTCATGCCCCTGACCACCATGCTTGCATCGTCCTGAAGCTCCTCTGCCGATGCCATGGATAGTTTTACATTTTCAGCAGCATAGTCACTGATGGCAAGATTGAACGTATTTCGGAAAAACTGTGTAATTCTGCCATTGATATCGTTTCCAGCCATGCGCAGGGACTCTCCGGATGCAATACCGCCATAGGTCATGACAGCTATATCTGTAGTCCCACCCCGATATCGACGACCATGTTGCCCATGGCCTCGAATGGATCGAGCCCGAGACCGATTGCAGCAGCAATAGGCTGGTAGACAAAAAAGAGCTCCCTTGCCCCGACCTTCACCGCGGCGTCATTGAGCGCCCTTGTCTCCACAGGAGTAATGCCAAGAGGCACACTCAGCACCATCCTGTGCATGGACCCGACCGGTCGGGCCACAACTTTCCGGATAAGCTCCCTGATCAGAACGGTCGTGGCCTCGTAATCAGCAATGACTCCGTTGGCTATCGGGCGAACAGTTATTATTCCTGGATGGATTTTTTCATGAATGTCCAGTGCTTCCTGACCCACGGTAAGTATTGTTCCCTTGGCCTTGTCCCTCGCTACCATCGACGGTTCATTCAACACCACCCCTTTTTCGGGGAGATAGATCAGAATATTGGCGGTACCAAGATCGATGCCAATGTCAATACTGTTATTGATCGCGAGAAAATCCAGAACACTCATAGCAGAGAACCATTGAGATGAGGAAAAACCCGCCGGAAACCAGTGAAGACACCGGCCCATCGACCGGATGATCCGGGAGGAACTGAATTACATCTGAAAATTAATATACTAATGTACTATGCTTTTCACTATCTAAAAAAACCGAGACGTTGCAGGACGATGCTCCTGCAGAGCCATGTCCTGCCCGTAAAAAAGTCCTGTTTCATCAGCCTGAAATCCGGCGATGAAATATCGGCTTGCCTATCAGCACAGGTAATGTTAAATTACACCAATACGGGCTCTTGTCTCTCTTCGATATCATCACTCCGTCAGTCAGGCAAATACCATCAGGAAATTACAGATACAACACTACGGCCCACAATAGCCAATCTTCATATGTTCTCATCGTCGTCTAAAAAAAATACTACACCAACCGGTGACAATCGGGACCTTTCACCGAAAGAACAGCAAAAGCAGCTTGAGTTTCAGAAGGAGGCCATCGAGCATATCAACTCACTCTACAATTACGCACTGCATCTTACCATGAATGCAGATGATGCTCATGACCTGGTCCAGGAAACCTATCTGAAAGCGTATAAATTTTTTGATTCGTTCGAAAAGGGAACAAACTGCAAAGCATGGCTGTTTAAAATCCTGAAAAATAATTATATCAATAAGTTCAGGAAAAATGCACGTGAACCGGGCAAGGTAGATTATGACCTGATAAAGGATTTCTATCATTCGATAAAGGATGCCCAGAGCGATACCGAAGATCTCAATGCAGGGTATTTCAAGTCACTGATGCATGATGAAGTATACCAGGCATTGCAGGCACTTCCTGAAGAGTTTCGTGAAGTCATACAGTTATGCGATATTGAAGGATTTACGTACGAAGAAATCGCAAATATGGTAGAAAGCCCGATTGGTACGGTACGATCGAGGCTGTACCGGGGAAGAAAGCTGTTACGATCCAGACTTGTTGATTTTGCAAAAAAATACGGTTATACATCGGATGATGATGCTCCATAACTTATTAATCAGTAACGGATTATGACTACTTTTACATGTGATGAGGCTCTGGCGCTCATGA
CP020873.1_gap50	1631986	1635234	3248	AAAACCGTTATGTGATCGATTTTGACAAACGTGGGGTCAAGTGGACAATGAGAGATCTACCGGTATATTTCAACACGCTGAAAAACAGGCTGTGTGTTGAAGTTGACGGTGTCAGCTACACACTTGATGAATTCTTCAAGTAGACGGCATCATCTTACCTGATATACCTGACTCGTTTATTGCGTTGAAGCTGTACTCCCTGAGTACAGCTTTTTTCATTCGGTGCAGGTCCACCTGAAAACAGCGTCTTCGCGAAGTGGACACCCCCTGAACAATGCGGAAGCAAACGTGTCAGGCTCTTTCCTCTCTATGCACCCTTTGTTGATCCAGTAACTCAGTTCCTCCTCTATATGCTCTGATGGCTGCTTGAAATACACCGCCAGCTCCCGGAGTGACACCTGTTTATTGCGTACAAGGTATGATTTCAATTCTTTCTGCATTGTATGTACCTGTTAGTTTAACACTCGATTACCTACTGCTGCAGACATATATACATACAGCAAAAAAAATAATTACATAACCATATAACTATAATGACCGAAAAAAAATTCACCAGAGCAAGTAAATTCAGGTTCAAAAAAAATAAACCCGGACCATCATGAGCGGCTCCGGGTTTATTTTTTTGAAGAACTTCAGGAGGGATGTAGTCCATACATCACGGAAGCCTTTCAGCAGCGACGGAAGCTTCATTCGACTCCGGATACAGCTGGACCAGTTCCCTGAACCGAACACGTGCATTGGTTGAATCACCAATCTCTTCAAAGGCGAGCCCTTGCTTGAAATAAGCTGCAGGACGCTGATTGCCTTCCGGATACTTCTCGATGACAAGCTGATACTCGAGAATGGCTTTTTCAAACCATTTCTCGTTGAAATATGTCTCGGCAATGTAGTACTGGGCATCATCAGCAAGCGGAGACTGAGGATAGTCTGCAAGCAGAATTTCGAGCTCCTTTCGTGCGGCAGGATAATCATAACGTTCAAATGCCGCTCTGCCTGAAGTAAAACGTGACTGATCAGATAGCTTAGGAAGAGCTGCCTCTGGTTCTGCTACATTTTGCACCGCATCGGTACCAGGGGAAACAACGGGAGGTTGCAGCTGCTCAGCCGATGCAGGCTGCAAGCCTGTGGTAGCCTGATCTGGCATGTAGAGCGTTTCAAGCCGGGTTGAATCGGTCGCAGCGGTTTCACCCTGCATGAGGCGCTGACGGGCAGCCTCATCCTGCTGCCTCACCTGGTAACGCATCTCCTCGATCGTTCCCTGGAGAGATGCAACCTCATCACGAAGCCGTTGCATTTCGGCATACATTTCAGCCGACTCGCCACCACTCTGCTGAGACTGTTCCCGCAGCTGACGGACATCGTCCTGTACCATATAGATATCGCTTTTCGATGCACAACCTGCAACAGCGACACATGCAAGTCCCAAAGAAATAATATGAATAGTTTTTTTCATTATGCACTCTATCCCATCTTCCATACCTGGAATGATACCAGGTATGGATTTTAATTGAAACATTACGTCAGCAACAAATCACTCCACGACAAAATGAGCTCGCCTGTTCTGGGCCCATGCCGCTTCGTCATGACCGGGATCGAACGGGCGCTCTTCACCATAGCTGACGGTATTGATACGCTCAGCCCTGACCCCGGCCTTTACAAGAAAACTTTTTGCCATATCAGCACGTCGCTCACCAAGGGCCATATTGTACTCGGAGGTTCCCCTCTCGTCACAATGACCTTCGATAGTAACCGAAACACTTGGATTTGCGCGCATCCAGATTGCATTGTTCTTCAACTGCAATGCAGCCTGGTCATCAATTTCAGCACTTTCGAAAGCGAAAAACACATCCTTCAACACCCTTCGAGCCTCATCTCTGAGAGCAGCCTCGCTCTCTGAATAGATCCTGCCGGAATCCTGACCATAACCGGAACCTGGACTGACAGCTGAATCCTGTGACACCACTGATTCACTTGACTTCGAAGCACATCCCGTAACCCCGAAAACAATGACCAGTACCAGAAACCCTGCAAACTTTTTCATCTCAGATCTTCTCCTTATAAAAAAAGGGCAAACAGTAAACCGCTTGCCCTTCATTGCTGATCAACAAGACAATTTACTGAACGACAAAATGAGCTCTTCTGTTTTTAGCCCAGGCAGCTTCGTCATGACCTGGATCGAAAGGACGCTCTTCGCCATAACTTACCGTCTGCATTCTTGACGGGTCGATGCCAAGATTGACAAGATAGTTTTTGGCGCTGTCGGCTCTGCGCTCGCCAAGAGCGATGTTGTACTCATTTGTACCTCTTTCGTCACAGTGCCCTTCGATAATGACCTTGGAATCAGGATTGTCCATCATCCACTGGGCATTCTCTTTCAGCTGATTCTGTGATGCCATGTCGAGAACTGAACTGTCGAATGCATAAAAAACATCTGCAAGCTGAGCGACAGCTACAGGGGCAGGTGCCACAGCCGGAGGTGCCGGTGCAATTTCAGGCTGGACAGCTTCTTCACAGCATCCGCAGCCGATAAAAAACAGTGCAGATGGAACGAGAAGCATTCTCAGGAATTGTTTCAGTGATTTCATATTTCCCCCTTTTTTAGGTTAGTAGTGTTCTGCTGTTAACGAAATGTAGACCAACTGGGCTGCATCTGCTCACCAGGCAGGTTGAGACTTCTCTGATTCCGCCCATCCGAATTCATTACGTACAAATGTCTTGAACCGGACCTTGTCGAGCTGAAGACGATCATGCTTCCGTCAGGAGACCAGCTGGGTGCTTCATTATGACGTGAACGGTAGGTCAGCTGACGCAGCCCCGATCCGTCTGCATTTATTGTAAATATATTGATTTCCCCGTTGTTTTGCATAGAAGTAAATGCAATTTTATCATCCACAGGCGACCACGACGGCTGAGTATTGTAACGGCCATGGAATGTCAGACGCTGTTCCCGACCTGAAACCAGGTCCTTGATAAATACCTGGGGGGTGCCATGACGGGATGAAACAAAAGCCATTTTCTTGCCATCAGGAGAAAAACTCGGCGAAACATCGATCCCGCGGCTTGTTGTAAGACGACGTTTGACAGAACCGTTTCTGTCGACCAGATAGATCTCCTGATCACCGTCAAATGAAAACGTGGTGGCGACCTCATCGCTTCCATTACGCCAGGAAGGATCGATCTTCACACCCTTTTTCGATACCTTGACGATCTGGTTGGTCGAAAGATTTTTTATGTGAAGATGGGGCATC
CP020873.1_gap51	1636991	1638435	1444	TCACGTGCATCACGAACCCGTAGGGAAGGGAGCTGTCTGCCTTGAGGTAGACCTCGGAAGTACCTTTCACATCGAGAATATCAGGCAGACGTTCAGGAATATCGTCAGCGAACAACTGGTAGTCGTTGATGTACACACGCCTGTCACTGTCGACGTTGACGATGAGCGCCTCTGAATCGACAGGCATTTTTTCGTGTGAGGTTTCAGGAACATCTACTTTTACCCCGTGAGTCATCATCGGTGCCGTCACCATGAAAATAATCAGCAGCACAAGCATGACATCGACAAACGGCGTCACATTGATTTCACTCATGAGACGACCCTGCCGGCTTCTGCCGCCTCCGGATCCGCTATTCAAGTTCATGAACAAATGATTTGACATATTCAGATGAAAAGTCCTCCAGGTCCCGCTCGAGAAGCTCTATCTGCTGGGTGAAATAGTTGTAACCAATCACTGCGGGAATTGCCGCCGCAAGACCGGCCGCCGTGGCGACAAGCGCCTCGGCAATACCGGGAGCCACAGTTGCAAGAGAGGCTGATTGCATCATACCGATGCTCTGAAAGGAATTCATGATCCCCCATACAGTACCGAACAGGCCGATAAACGGAGCGGTATTGCCCACCGTGGCAAGAAATGGCACATACTGTCCAAGGCGGCGACTTTCGGCATTCATTTCCCGCTTGACAGCCCGGGATATCCTTTCTCCGCTCAGTTTCCGGTCTTTCTGGTCACTCAGCGCACGATACTCGATATATCCGGCCCTGAACACCCTCGGCAAGGGTCCCTGCCGGTACTGCTCGCTCTCGGCAAACACTTTGTCAATATTGTGGACCTGGAAAAAATAATCGACAAAATCATCCGACTCGGCGGCTGCCTTTCGAAGCATGCCGGCCTTTAAAATGATAATAGTCCAGGAAAATACAGAAAAAAGAAGCAGCAGGACCAGCACAAAAAGAACTACCGGACCGGATTCTGCTACGAGTGACAGAAAGCCGCCATAGGACTCAAACATGTTCGTGTTATAATTTTATTGTTCAACAAAACTCACAAAAATACTGGGAAAAAACATATGCCAGAACAGAACCCGATACGGCACACATGGTATTGACCAGATCGTTATTTACAACATGATAACCTTTAATCAACTTATTTTTCACAATCGTTCCATCATTTCGGAAACTTACCGTACGCTCTGTCACTTTTTCCCTGACCGGATCATAATACTGGGCCTGAACAGTCGCACCGAAGAAACTGTCGACAAGGCTCGCCACAAGCCCGGACAAGCCTATCAGCAGAAACGAGCGGACAACCCCGAACTCATACAGCCACTCCACCCCCATAAACAATGCGCTTGCGCAGATAAGCAGAGCTCCGGCAAACGCCCCGAATGTCCCAGGCAGCGATACCCCTCCCGACGTACCCACTGGAACGGCACGCATGGTG
CP020873.1_gap52	1642256	1645586	3330	TTTTTCCTGGCTACCCATGGCAGGCCCGGCCCGGTACTTGTCGACCTTCCGAAAGATGTCATGAATTCTGAATGCGTTTTTCACTGGCCTGAAGAGATCGATATCAGGGGGTTCAAGCCAACTATCAGGACACACGAAAACCAGGTAAAAAAAGCGGCGAAAATCATAGCCAGGGCAAAACGCCCGCTGCTCTACGTTGGCGGAGGAGTCATCGCTGCCGATGCAACTGAAGAGCTCAGGAAACTTGCTGCAGAGCAGAACATCCCAGTCACCATGACCCTGCAGGGCCTGGGGGCGTTCCCCGGCGATCACCCCTTGAGCATGGGAATGCTGGGAATGCACGGCACCTACTGGGCGAACCAGGCGGTCAACAACTGCGACCTGCTGATCGCCATCGGTGCAAGGTTCGACGACAGGGTCACGGGCAAAGTCGAAACGTTTGCGACACACGCCTATAAAATTCATAACGACATCGATCCCACAAACATCGATAAAAATATCACCGTCGACCTTCCTGTAGTCGGTGATGCAGGCGACTTCCTGAAAGGAATCCTGAAAGCCCTGCCCAAAAGCCATGAAGACCGTGCACCATGGCTCACACAGATCGATGAATGGCGGAGGCAGTGCCCGCTCACCTATGCAGTCGATGACACATCGCTGAAAACCGAGTTTGTCATCGAGGAGGTTTCGGACCAGACCGAAGGCAACGCAGTGGTCACAACCGATGTCGGGCAGCATCAGATGTGGACGACGCAGTACTACAAATTCCGTCAGCCACGTTCGATCCTTACCAGCGGAGGCCTGGGAACGATGGGATACGGTCTTCCCGCCGCTATCGGCGCATGCTTTGGTGTATCGCAACGGCCGGTGGTCCTCTTCTGCGGCGACGGCGGGTTCATGATGAATATCCAGGAACTGGTTACCGCCGTATATTACAAACTGCCGTTGAAGATATTTCTGATCAACAACAACTTCCTCGGTATGGTCCGACAGTGGCAGGAACTGTTCCATCAGGAAAAATATTCCTTTACCGATCTTGCTTCCAGCAATCCTGATTTCATCAGGGTCGTAGAAGCATTCGGCTGCAAGGCAAGACGTGCAGAAACCCCCCAACAGGCAAGAGAGGCAATCACCGAAGCCCTCGCCTACAATGAGGGGCCGTTTTTTGTCGAGTTCCGCGTCATCAAAAAAGATATGGTATTCCCGATGGTCCCTGCCGGCGCATCGATATCCGATATGCTGCTTGAGAGACTAAATCCAAAAACCATGGTGTAAGGGCACAGTTATGAAACATATAATATCTGTACTGGTTGAAAACAAGTTCGGTACGCTCAACAGGGTTGCGGCAATGTTCAGTGCCCGGGGATTCAACCTGGAAAGCATCTCGATCGGGGAAACCGAAGACAACGAGCTGTCGAGAATGACAATCGTCACCACGGGTGACGACAGGATCATCAGCCAGATCCTCAAACAGCTCAACAGACTGATCGATACCATCAAGGTGATCGATCTGACAAAACAGCCGCACCTGTCTCGCGAACTGCTGATGATGACACTGAAACTCAGTAAAAGCACACAGCACGAGATATTTGAACTGATCGGCGTTTTTAAGGGAAAAGTCGTGGATATAAAACAAAAATCCATTACTATTGAGGTCGTTGGATCGCCGGACAAGATCAATACGACAATTGATATGTTCAGGCCTTTCGGCATCAAGGAAATCGCCCGGTCAGGCACGGTTGCGCTCCAGCGCGGAGATAGCTGAAACGACATTTATCCATTGTTACCATAACCGATAGCAAACAACCATAAACTAACAGACCACATGAATGTTTACTATGAGCAGGATGCCGATCTGAAGCATCTGCAGGGAAAAAATATCGCCGTTCTCGGCTACGGGAGCCAGGGACACGCTCACGCTCTCAACCTCAAGGACAGCGGCCTGAACGTCTGTGTCGGGCTTCGTCCTGACAGCTCTTCATGTAAAAAAGCCCGTGAAGCCGGCCTTGAAGTCAACCCTGTAGCCGATGCCGTAAAATGGGCCGATGTCGTCATGATCCTGCTTCCCGACCAGTACCAGAAAGCCATCTATGAAGAAGAGATCGCCCCGAACCTCAAGGATGGCGATACCCTGGCATTTGCACATGGCTTCAATATTCATTACAAACAGATCGTTCCGCCCGAAACGGTCAATGTCATCATGATCGCGCCTAAAAGCCCGGGACATCTTGTTCGCCGTACATTTACGGAAGGAAACGGTGTACCGTGCCTTATTGCCGTCCACCAGGATTATACGGGTGAGGCAAAACAGCAGGCCCTTGCATGGGCAAAAGGCCTTGGCGGCACAAAAGCCGGCGTCATTGAAACGACCATCAAGGATGAAACCGAGACCGACCTGTTCGGTGAACAGGCTGTCCTCTGCGGCGGATCGGCCGAACTGATCAAGGCAGGTTTCGAAACCCTTGTCGAGGCAGGCTACCCGGAAGAACTGGCATACTTCGAATGCCTTCACGAGCTGAAGCTCATCGTAGACCTCTATTATGAAGGTGGTCTGTCACGCATGAACTATTCAGTCAGCGATACTGCAGAATATGGTGGCATGACACGCGGTCCCCGCGTCATCACTCCCGCCGTCAAGGAAGAGATGAAAAAAATTCTCAGGGAAGTCCAGGATGGAAGTTTTGCAAAAGAGTTCATCGACGAGTGCAATTCAGGGTATTCAAACCTCAACAGACTTCGTGAATCCAATACGGGCCATCAGATTGAAAAAACCGGTACAAAGCTCCGCAACATGATGAGCTGGCTCATAAAAAAATAACAGACAACACATGTTCAAGATTGTTTCAATACCCGGCGACGGCATCGGCCCAGAGGTCGTTGCCAGCGCTGTCCAGGTAATCAACAAGGTTGCAGCCAAACACGGACTGGATATTTCGATCGAAGAACACCTGTTCGGAGGTGCTTCATATGACGTTCACGGTGAAATGCTCACCGATGAAACCCTGGAAGCATGTAAAAACTGCGATGCCGTTCTCCTGGGTGCGGTAGGGGGACCAAAATGGGAAAACCTCCCTCATGACAAAAAACCTGAAGCTGCACTGCTCCGGGTCCGCAAGGAACTTCAGCTGTTTGCCAACTTCAGGCCAGCCAAAGTGTACGACGCACTTGTCAATGCATCGTCCCTGAAACCGGAAATCCTTGCAGGAACTGATTTCATGGTGATCAGAGAGCTTACCGGGGGAATATACTTCGGCCAGCCAAGGGGATATGACGACAACAAAGGCTGGAATACCATGGTGTACGAATACCATGAAGTCGAGCGGATCGCAC
CP020873.1_gap53	1650365	1652628	2263	GCTGCGGAAACGCCAACCTCATCAGTATCATTCCCAACGTGATACTCAAGATGAACGGCCGTTTCATCCACAGGCTGGAACTGAACCAGCTGACATCACTGTCGAAGTTCGTGTACGAAATCCTCAACCTGCCGCCCGACAACAGGGCTCCGTTTGTCGGGCGGTCAGCATTTGCCCACAAAGGCGGGATTCATGTCAGCGCCGTACTGAAGGAAAGTTCCCTGTATGAACATATCGACCCGAAAACCGTCGGTAACCGCCAGCGAGTCCTGGTATCTGAATTGGCGGGCCAGAGCAATATCCGCTACAAAGCAAGAGAGCTTGGTATAGAGCTGCCGGAAGAGAATGCCGCACTGTTCAGGACAATGGTCCAGCGAATCAAGAAACTCGAACATGAAGGCTTCCAGTTCGATGTTGCCGAGGCTTCGTTCGAGCTGCTTCTGCGACAGGAAATGGGACAGTTCACCCCCTTTTTCGAGGTTCTTGAATCAAAGGTCCATATAGAATCCGGAAAAAACCGGGAACCGATGGACCAGGCCGTCATGAAAATCGCTGTACATGATGACATCGAACTGACGGCAGCCGATGGTGACGGGCCGGTAAACGCCCTCGACAAGGCATTGAGAAAAGCATTGAGGCCATTCTACCCTGAAATCCGTGCAATGAAACTTATCGACTACAAAGTACGGGTCCTTGAAGAGAAAAAAGGAACAAGTGCAAAAGTGCGGGTACTGATTGAAAGCAGCGATTCAGAATCGACCTGGTCGACCGTAGGCGTATCGACAAACATTATCGATGCGAGCCTTCAGGCCCTGAGTGACAGCATCAATTTCCACCTTTTCAACACAAGAAAATCTGCAGGGACCCCGGCCCTTTCCGCCCTCTCATCACAATAAACACACTATCCGGCATCGTGAGACTGCAAAACCTTTCACGATGCCACCTCGCCACTTTTACGCAAAGATCACTTTGGAAAGTGGTCTTTTTTTTTGCATATTTTTACATCGTAACAGTATCTATACACCGGAATATCAACCCCCGAAAACTCCCCTTCCGGCAATGCGTATTCATGATCTCGACCCTGAGCACAGGCCACGGGAACGCTTTCTCCGCTCTGGAGCATCTTCACTGAGTTCAGCAGAGCTCATGGCCCTGATTCTCACTACTGGAACTCCGAAGCATAACATTGTCGATACCTGCCAGCAGATGATTTCGACACATAGTCTTGAACGACTTACCGAACTTTCCCTGAAAGAACTGCAGGAATTTCCAGGCATCGGACCGGCGAAAGCCATGCAGATCAAGGCTGTTTTCGAGCTGCAGAAAAGAATATATTACCGGCGGAATTCAAATAAAAAAGTCCGCTCGGCACGGGATGTTTTCGATTTCATGGCTGGCAGAATACCTGATGAAACAAGGGAACATCTTTTCCTGCTGCACCTGAACACAAAAAACCAGATTATCCGGCATGACATCATTTCGGTCGGCACACTCAACGCATCCCTGATACATCCGAGAGAAATTTTCAAACCCGCAATACGCGAAAGTGCGCACGCAGTGATCATTGTACATAACCACCCGTCGGGAGATGTAGAACCGAGCAATGCAGACAAACAGGTAACCACAGCGCTGAAAAAAGCGAGCGGTATACTGCAGATAGAACTGCTCGATCATGTAATTGTAGGCAGAGATACCTATTTCAGTTTCAGGGAGCACTCCCTGCTGTCATAGCCGTCAGTGAAACAGGGGGGAAATCAGGAATTGGAAGAATGCCCTGAACCGCCTTGCTGAACACCGGCAGTCATGCTGTCGGCAGGCTGACCGGAAACAACGTCACCTGAAGACAGTTCTTTTACATGTTTTGCCTGGAGCCCTTTCTGGGTCTGGTCAAGCTCGAACTCCACATCGGCATCCTGATTGAGCACTTTGAAACTCTGATCGGATATAATGGCAGAAAAATGCACGAATATATCCTCCCCTCCTCAGGATTAAGGATAAAACCATATCCCTTTTTACCATCAAACCATTTAACTTTACTTTTCATTGGCATCTTCACTGTAGGGAATTTATCTTTTTGTGGTCGATACCGCGGGGGTACCTCTGTTGTGTAGTATTAACTGAAATATAGGTTAATTATGAAGAGCCGACAAGATCCCTGTTTTTTTTTCGATGTAATTACAGCGTTTTACAGCCCATAAAGAAACAGCTGTCGGCAGTTGTTTCCTGTTCCTGTACAATACGATCTATTGTTTCATCACCTATG
CP020873.1_gap54	1654794	1657220	2426	GCTACACAACTCCGGAAACCTCCTACCAGGCCCTTGAAGATATTCTCGGACATGCCGAAGCAATTCTTCACGCCCTGAAAATCCCTTACAGGGTCCTGCTGCTCTGCAGCGGTGACATCAGCGCAAATGCAGCAAAGTGCTATGATATAGAAGTATGGGCACCGGCTGAACAGCAGTTTCTGGAGGCTTCCAGCTGTTCGAACTTCGAGGATTACCAGGCAAGGCGCGCATCGATAAGGTACCGGCCGGCGAACGGTTCCAAACCAGCTTACGTTCATACGCTGAACGGTTCAGGGCTTGCAACCTCGCGCCTGATGGTCGCCATGATGGAAAACTACCAGACAGCCGAAGGCTCTATAAGGGTTCCGGAAGTGCTGCAGCCATATACCGGTTTTTCCGTGATCGAGTGACTATGCGGCAGATGTGCCGGCAGGAGCTGCACGTTCAATGAACCTGCGGACAATTCTGCTGACGGTCCCGGTAACGATAAGAAAAGCATCATGACCATAGGGCTCGCGCAGATATTCCAGGGAAGCATCCGGAATCAGGCGTGCGAGCTCTTCCTGCTCACAGACCGGATAGAGCACATCGGATGTTATGGATAATATCCCTACAGGCATACTCATATCGGCAAGCACCTCTTCATACCCTTCACGCTCACGCCCGAGATCATGGGTATCCATAGCTCTCGTCAGGGTGATATAGGTGTTGGCATCAAAACGCGCAGTCAGCTTGTCGCCCTGGTGATGAAGATAACTTTCAGCCTGGTACAACCGGTCATCATGCATCTCCCGGCCAAATCTCTCCTGGAAATTCTCAAAACTCCTGTAGTTGCACATTGCCATCATTCTTGCCGCTGCCAGACCTTTACTGGGCTGTTCCGACAGAGTGTACCATCCCTGGTTCCATTGGCTGTCAGCCATGATCGCACACCGCTGTGCTTCACTCTGTGCAATACACCAGGCCGAATGTCTGCCGGAAACACCCATAGGCATCAGTGACCGGACCATAGAGGGATACATTGCCCCCCATTCCAGCGCCTGCATACCACCCAGTGAGGCGCCCACGACAAGCTTGAGCTGTTCGATACCAAGTTCCTCGAGAAGAAGGCGCTGAAGCCGGACCATATCACGAATGGTAATCCGGGGAAAATCCGGCCCGTAGTTGGTCCCCGTCACGGGATTGATCGACAAAGGCCCTGTCGTGCCATAGCAGCTGCCAAGCACATTGCTGCAAATGATAAAGTCTTCATCGGGATCGAAGGCCTTTGCCTTGCCGAACATGCCGGCCCACCATTCATCGGCATCGGCCGATCCGGTCAGCGCATGGCAGACCAGCACGGCATTGCTGCCGTCCCTGTTCAGTGTCCCCCATGTTCTGTAAGCCACCGTTACGCCGGGAAGCTCTCCTCCGAGTTCAGGGCGAAAAGGATCACGTGAAACAAAAAAAGCTGTCTGATCGGATATGACGTTGATATACTCCATAAAAGCGTTACTGCAGATTTGAAAATGCCTGCTCGAAATCATCCCTGATATCGTCGATATGTTCGATACCGACGGATACCCTGACCATATCATCACTGACTCCTGCTGCCCGCTGCTCAGTTGCGCTCAGCTGCTGATGGGTTGTCGAAGCAGGATGAATGACCAGCGTTTTGGCATCGCCCACATTTGCAAGATGGCTCGCGAGCCGGACATTGTCTATAAAACGCACAGCCCCGTCGTAGCCGGCCTTCAGACCGAAGGTAAGAACACAACCGAAACCGTTCTGAAGATATCGTTGTGCCGCTTCGTGGGTAGGATGGGTTGAAAGACCCGGATAATTCACCCAGGAGACAGCAGGATGATCCAGAAGCCAGCGCGACAGTTCAAGGGCATTGTCAGCATGCCGCTGTACCCTGAGGGACAGGGTTTCAAGCCCCTGAAGCAGCATGAATGAATTGAACGGACTGATGGCCGGTCCGAAATCCCTCAACCCTTCGACACGCGCCCTGACAATAAATGCCAGATCACCGAATGTTTCATGGAAATTCAGACCATGGTATCCTGCCGAAGGAGTGGTAAATTCCCCAAACCGCCCGCTTGCCCAGTCAAAACAGCCTGCATCGACAATAATTCCACCCATCGACGTCCCGTGACCGCCTATCCATTTGGTTGCAGAAGCGACGACAATGTCTGCACCATGATCAATCGGACGGCAGAGATATCCTGCACACCCGAACGTATTGTCGACAATCAGCGGTATGCCGTTTTCATTTGCTACAGATGAAAGTGCGCTGAAATCAGGGACGTGAAAAGCCGGATTTCCTATTGACTCTACATAAATCGCCCGTGTGGTGTCGTCAATCAGGGAGCGGAAATTATCCGGTTCGAGATCAGGAGCAAAACGCACATCGATGCCGAGCCGGTCAAGGGAGACTTTGAACT
CP020873.1_gap55	1661157	1665673	4516	AGCGGCTTCAGACCATGGCGGGCACGTTGGACATTTTCCCGTCTGACGTCATGCTCACCCAGACGCGCCGAATCCTGAAGAAGAATAAATGCAAGGTCCCTGGTGGCTTCATGGGTATAGATCACCCCTGCAAAACCCTGTCGAAGCAGCAGAGGAAGCCGTCCGGAATGGTCGATATGACCATGGCTGAGTATGACCGCATCGATCTGCCGGGGATCAAATGCAAATGGATCACGGTTCTCATCCTCATCCTCTCCCTGGATCAGGCCGCAATCGAGCAGGATGGTATATCCTCCTGACCTGAGAATATGGCAGGAACCGGTTATCCGCTCGGAAGCACCGTAAAATTCAAGTTCCATGACAACCTCCTTTTTCATGTATTCTATGATTCGGTGATGTCTGCAAGGTACTCATCACTGAAGTCCGTCCTGATTTCGAGCCACATCGGAAGGTGGTCGGACATCTGGTATGTTCTCCAGGAACGGTAACTTACGCCTGAAGCTCCAGCTCGGTCAGCATACCGTGCCTCATCGCATCCACCGGGATCATCACGGCCCTCGCGGAACACATACCTGAAAAAATCGAAAATACCTGCATTGCCGGTGTCGATGTCCGTAACACAATCCCTTCTGCGCTTCCCTGACTGCCAGTACGCAATCTGGTCGTATGCCTTGTCACGCCTCACATTGCTCCCCTCGGGAATACTGCTGAGGGCCTCGGGAACGGAAAAACCGTTGGAATGCAATGCATCCCATGTATCATGCTTTTTGCCAATGATATTGAAATCGCCAAGCAGCAGAAAAACATTGTCACTGTCAGAATCCTTTTCGCTGCGGGCCCTCCCGGCAAGCTCCTCGGTAAGTCGCCGTATCTCCTGGTTCCTCATCAAAAGCCCTTCGGAACCTGATCCGTAATAGATGTGCACCGTACACAACAAAAACTTCAGCCATCCCGCCTGGAATGTCACCAGAAAAGGTGTCCGGGCAAACTGCAGTCCTTCATTGTGAACAAGATCGTCTGGAAACATCACCAGAGCATCCTTTCCGAACAATGGAGCGGACGGGTGCATACCCTCGATATGCACACCCTTCCCTTCCCTTGTGACAACCATTCCTTTTTTCAGGACAAGACGGCATCCTCCGGGCAGCACCATTTTCGCCGCTGACGGAATATCGAGAACGATATCTTCCGATAACCGCACGATTCCCCTGTACTTTCGGGTTTTGACATGATCGGGAAGAGCGGGTAAAGAACCAACCGGCAAATCGAGACGAAGGCCATCGGGAACTTCAATGCAGTTGTGATACGAACGGGTGATACGGCTGTTTTCCGGCAGCGTGAGTTCACCGGCAACATTGGTAAATCGGACCCTGCGGGTATTGTAGACAAATACCATGCGTTCCCGGTTTCCCGGCCGTCCTTCGGTAACATCCGTAGCAAGAAAACTCCACTCATGCTCGCCCAGAATGTTCAGGACCCTCTTCAAGGCACGGAGGTCCTCTCTCACTTCCTGCAGTGCGACCAGATCGAAATGAGAGATAATCTCGGCGATATAGTAGAATGATTCACCCAGTCGTCCACCATACCTCCCTGAATCGAACTCGCGTATGTTCCATGTCGCAAGGCGAAGCCAGCGGTGATCGTCCCGCTCATGAGTACTCCTCTCTGCAGTACGGTAACGATAAATATGATCACGTAACGCACTTCGCAATGCGACGAGACGTTCGGCGACATGCCGTTTCCAGGCCGCAATTCCGGGGGAATCAGAGGATTTGATACGTAAAGAAGCATAAACAGGCACAGGGCACCTCCTGATCTTATTACCTGAATTCACGATCGCCATACTGTGAAAACCACGACGATCATCTGTAATACATCGCAGGCTATATATTTCGCTTTACGACGATATCATCCACTTCTACGCCAAGATGGCCAGCAATTACAGGACATTTTGCCCTGAGCAGAAAAAAAACGTTCGAGCCGAAACCCGAAAGAGCCTCGTAATTCCCCTGACCTTTACTGATAACCAGGCCGGCAGAGCCGAAAAGCTCGAGAAATTCCCTGCTGCAGCGATCCGGTACGGCTCCGGGGGCCGTAGAACCGGAAGAAACGATTGATGCCATGGTATCTATCCCGGAAGCTATGGCATCATCCATGGTCACATCATTGATAACCGGTGCATCCCTCACTGCATAGATAACGGGCTTCTGCAGGCGTGAAATCAGCACACGGTCGAATACCGATTCTCCGGCGTTATCACCAATGTAGAGCACAAAAGATGTGTTATCCAGAAAGGATCTGAAATCATCCATATCGTACACGGCAAATGGTTGCCGGAGCACCTCACCGACGGCGTTTTCGAGCAGGAAATCCCTCTGAAGGCCGTGATCGATGACGTTACCGGCAATGGCAATTCTCACTGCGGTTTGAAGCGGATCGGCAGCCCTTGCAGCAAGATCCTCGAGCTGCGGCAGCATATCGAGAGCCTCACGAATATTATCCTGCTTGAGCTCCAGAAACGGATCGTCAACTCCTGTCAGGCGGCGCACCTCACGGTAAATGCCGTCTCCGATTTCAGGAGGAGTCATGCCGGGCGAAATATCCGGGACTATCGAAGCCACGTAATCGAGCAGCTGTTTATGAATATGTTCATTCTCCGTCGCAAGCCTTCCGGCCTTCAATGCCTGGCGCATAAAACAGGGAATACAATCGAGTGTCGTGTCCATAGAACGATCCGTTACACAGAATCCTTACGCCCCCGATGTGCATCGAGCTCTATACGCAGGGCTGAAAGGGTTCTGTTGACATCGAGAAGAAAAAAAATCAGCGAAGAGATCAGAAATACCATCGCAGCAACAAACAAAACAGAAATGACGACCGGCTGGTCAAGATCGGTCAGTGGTGCAAGGAACAGCACAATCACCAGCAGTGAAGCCGACAGGCAGCTGAGAACAACCAGCATGATGGCAATCCGTATATAACGCGCCCTGCTCCAGAGAATATCGATTTCAGCCTCGATACGCTGCCGGTCCACACTGCCCATGGCATCCAGCTCGTGAGACATGGCCCTCGAGCGATCGATAATCCTGCCGAGGCGGTTGGTCATGGTCAACAGCAGCAATCCCATTCCGGAAACAAGGATCACCGGACCGATCGCGGTCTGAATCAAAGCGGTGATATGTTCAAGATGCTCCATAGCTTGAAGTTTTAATGCTTCTGTACCACATCAATTACGTTCAACATACAACACAAATCCCTGAAAAACATGACAAATCCCATAAAGAACAAAAAAAGAATAAAGCTTTTAACTATATTATAAACAAAGACGTTACGTTTCAGGTTAACGTATCATGGCAACCCCCTTCACATGATGTCATGAGTATCTCCGGCAATGAAATAGTCCTTATTGCGGACGACAGCGCGGTCATCAGGGTACTGCTTTCGCAGGTGACCCGCAAGGCTGGTTATACACCCGTAACAGCTGAAAACGGACGCCAGGCGCTGTCGATACTCCAGTCCCGTCATGTCGACCTGATCCTGCTTGACATCAATATGCCGGAAATGAACGGTATGGAAGTGCTCTCCTACCTGAAAACAAATGAAATCAACACGCCCGTTGTCATGATTTCAGGTTCCGGTGATATCGAGCAGGCAGTCCAGAGCCTGAAAATGGGGGCATATGAATACCTGATAAAACCGGTAGACCCCAACAGGCTGAACATTACCCTGAAAAATGCACTTTCAGAATCGCGTCTTCGCAGGGAAGTGAAAATGCTGTCGACCGCCGTCACCAACAGCCCCCTGTCCATCATGATCACAGATCTTGACGGTAGTATCGAATATGTAAATCCGGCCTTCACCGATATCACCGGTTATACAGCCGGAGAAGTGCTCGGAAAACACCCCTCTTTGCTGAAATCAGGCTCCCATGACCGCCTGTTTTATACCACACTCTGGGCAAAAATCTCCAGCGGCTCGAACTGGCAGGGAGAGATCTGCAATAAAAAGAAAAACGGGGAACTGTACTGGCAGTATACCATGATCAGTCCTGTCAGCCTGAAATCATCGGGAATATCCCACTACATTTCGGTCAACCAGGATATTACAGGGAAAAAGAAAACTGAACAAGCTCTTGAAAAAAGCAGAAAACGGTTCCGTGAACTTACCGAACTCCTGCCCCAGCCGCTGTTCGAAACAACTATCGAGGGACGGATCACCCACGCAAACGCCATCTCTTTTTCCACATTCGGTTTCAGTCGTGAAGATTTTGAACAGGGCCTCAGCTACAAAGACCTCATCGCCCCCGAAGACCATGAACGCCTGAACGCGAATCTCAGGAAAAAACTCGCCAATATCCCGTTCGGGGATCATGAATACCTTGGCAGGCGAAAAGACGGCTCGATCTTCCCGGTACTGATATATTCCGCCCCCATCATCCAGGACGGGGTCCCTTCGGGTATCCGCGGGATCATACTCGATATCACCGAGCGGAAAGAGATCGAGGAAACGCTGCGCC
CP020873.1_gap56	1736665	1737592	927	AACACTCTTGCTCGAACCATACATAATATGCACGCCTGCAGCTGCAGGCGCAAAAACCGGCTTTAAACTATAGGAAAAAAAAATACAAAACAAGCAGGATTCACTTCCCCGGAGAGGCTCGTCGGAGAAGTTCGGCAACGTTCGTCTCCCCCATGATACCGGTAATTTTCTGCTCGAGATTGAACATATAACCCCTGTGAGGACAACTCTGAACAATCTCACAGCTTCCACTTTCAACCGAACAGCGCATAAGATGAGGCTGGCCTTCTGTAGCACGCCCGATATCGGCGACGGTAATCTCTTCTGCCGGCCGGGCAAGCTTGTACCCACCTTTGACACCCTGCACCGATACAGCCAGTCCGGCACGTTTGAGATTCTGCAACGCCTTGGCCATAAATTCCTGCGAAAAACCGATATCGGAAGCCATTTCCTTTACGGTAACCACATCGGTTTCCGATTTTCCCGCAAGGTAGACAATTGCGTGAAGGCCGTACTCGAATTTTCTTGATACTTTTAACATGTCATGAACACAAAGCGGACCGTTAAACAAGACAATTTTTAACCAATTTAATAAAATGATTCAATACCCGTATATTTCTTCTTTGCACTTCAGGCAAGTTTCTCGATAACACATCAACCATAGCCCTCCCGAACATGAAAGCTACCGCTGAGGACCAGTATTACCTGTGGGAATATGAAACCGGTAAAACCGCAAAAATACGATACCGGCAATACGGTCCGGAAAAGACAAACAGCCCGGCAATCCTGTTCGTTCATGGCTACGGAGGGATGCTCGAGCACTGGGACCTCAATATCCCGGCATTCGAGAAAAATCACACTATTTTCGCTCTCGACCTGATCGGCTTCGGTGGTTCTCAGAAACCCAACACACGTTACCGGCTCGAACTGTTTGCTGCACAGGTCCAT
CP020873.1_gap57	1819966	1824380	4414	GGGGAGAAAGAGCAACTCCCGACCGTTCACATATGACACGAAGCTGGCTGTAGGAAACTGCGGCATCCCGATCCCAGTCGAGCACCCTTACCCGTAACATGAATTCGTGAACACGCAAGGAAAGTCCTTTCGGATAGGATCGCTTCGCAAGGCCATAGAACAATTCCGCCTGAGTAACCGCAGATATCGTTACGCTGTGCATAGGTACGGCAATCAGCCGCTCACGCACTTCAGCAATATCCCCCTTGATGACATGACTGGCAATATTGGTATCAAGCATATACAGCATCATTCAGGTTCCTCCCAGCCGTCGAAAGGATCGCGCACCTGTTCCTGCTGCCTGCGGTCTTCCTCACCAAGGAAATCTTCAGGAACCTCGGTTGTCGCATCGAGATCAAACAAACCTGACCAGGAATCGGGGCAGCGCGACAAGATCACGTCACCAGTCAAGGGATCACGACGAATAAAAACCTCTTTACCTTCGAAACGAAACTCCCGGGGCAAACGAACAGCCTGGCTTCGCCCGGATATAAAAATCTTCGCTGTAACAGTCATGGCAAACTCCGTCGATAAGTATTCAGTCGATATGTACTAATATATCATAGCAATTGATATATACCAAGAGATATACCGTCGAAAAAGTTCCAGCACTCAGTCCCGAGTTTCCCACTCTCCACTTTCCACTCCCCGGTCCTTTACATTCCTAACCCCGTAGGGGTAAAATGTCCCCCAGCTTCCACACCCCGTTCCCCCATCTTTTCATCCGTGAAAATCCGCTTTCAATCAGCGGGAACCGCGTTCTTCATCTTCTCCCCATCTCTTCCTTTCTTCACCCTACAAGTTGAGCTGCAAAACAACGTCCCATACTCCATTCTTCAATCAGCGGGAACCGCGCTCTTATCTTTCCGAAATAATCTTGCGGGTGAATTGAACGGCAAAGCCGAGCAATACAGCCGCCAATCCGTGAAAATCCGTGCTAATCCGTGGGCAACTCTTCCTCTTCAATCCTCCTCCTCACTCCACCGTCACCGACTTGGCCAGGTTTCTCGGCCGGTCAACATCGCAGCCACGCAACGTCGCAATATGGTACGCCAGCAGCTGCAGCGGAATAACCGTCAGCAGCGGCATCATGAACGGCGCCGCGGCAGGCACGTAAATAACATGATCGGCCAGCTTCGAAACCTCCTCGTCGCCTTCCGTAGCAATGGCAATCACCCGGCCACCTCGGGCCTTGACTTCCTGGATGTTCGACAGCACCTTCTGGTACGTATCATCCTTCGGCGCAATCACCACCACCGGCATCTCCTCGTCGATCAGCGCAATCGGGCCGTGCTTCATCTCCGCTGCCGGGTACCCCTCGGCGTGGATGTAGGAAATCTCCTTCAGCTTCAGCGCCCCTTCCAGCGCTACCGGAAAGTTGTACCCCCGCCCCAGGTAGAGAAAGTTCTTCGCATCCTTATACTCTTCGGCAATGCTCTGGATCTCCCCGTTGTAGTCCAGGATCCTCTTCACCCGTTCCGGCAAATCGTTCAAGCAACGCAGCGCATCCATCACCTCGCCGTCCGTCATCGTCCGGTCCTTTGAAAGCGCCATCGCCAGCATGGTCAGCACAATCACCTGCGCGGTGAACGCCTTCGTCGACGCCACCCCGATCTCCGGCCCGGCATGCGTGTACATCCCGCAATCGGTCTCACGCGCAATCGTGGACCCCACCACGTTGCATATCCCCACAACCATCGCCCCCTTCTCCTTCGCCAGCCGCAAGGCCGCCAGCGTATCCGCCGTCTCGCCCGACTGCGAAATCACGATCATCACATCACCCGGCCCCACAATCGGGCTCCGGTAGCGGAACTCCGAGGCATAATCCACCTCCACCGGAATACGCGCAAACTCCTCGATCAGGTACTCCCCAATCAACCCCGCGTGCCAACTCGTCCCGCACGCACAGATCACCATCCGCTTCGCCTCGCGCAGCCGCTCCAGCTGATCGGCAATCCCTCCCAGCTGAATACGCCCCTCATCGAGCCGCACCCTGCCGCGCATCACATCCTTCATCACCTCCGGCTGCTCGAAGATCTCCTTCAGCATAAAGTGCTCAAACCCCGCCTTCTCGATCTCCTCCAGGTCGAAATCCAGCTCCGTCAGCCCCTTCTCGCACACAATATTGCCGATACTCTTCACCGTATACCCGTCCCGCGTAATCACGCCCATCTCACCGTCCGACAGGTACACCACCCGCCGCGTATGCTCCACAATCGGCGCTGCATCCGATGCAACGAAGTACTCACCCTCACCAACCCCGATCACCAGCGGGCTGCCGTTACGCGCAACAAGCAGCTTGTCCGGCTCACGCGACGAAATCACGCAGATCCCGTACGCCCCGTCCACAATCGAGAGCGCCTCACGCACCGCCCCCTCGAAGTTCATAAAGGGAATACTCTTCCACAAATGATCGATCAGGTGCACCAGCACCTCCGAATCCGTATCACTCACAAACTCGTACCCGTGCTTCCTCAGCTCAACCCGCAGCGCCGCATGGTTCTCGATAATCCCGTTATGAATCAACGCAATCGACCCATCAGCACTCACATGCGGATGCGCATTCCGGTCACTCGGATCCCCATGCGTCGCCCACCGCGTATGCCCGATACCCATAGTAGCACCAGACACCGCCCCATTGCTCCCAGCCAAAGCCTCTCCAAGCAACCCGACATTACCCTTCTGCTTCACCACCCGAACCCCAGCATCATCGTTCATACCCTTTTCATCGCACCTAACACCTAACACCTCCCCTTCGCACCTAACCCTCACACCTAACACCATCCAACACCGCAATCCCCGCCGAATCATACCCACGGTACTCCAACCGCTGCAACCCCTGTAAAAGCAAAGGGGCAGCTTCCTGCTGCCCGATATATCCTACTATTCCACACATATTTTTCTGCTATTTTCGATTCTCAAGAACGTTCACAATCCTCTCGCACGCCTTACCATCCCCATAGGGATTATGCGCCCGAGACATCCTCTCGTAATGCTCCGCATCATCCAGCAACCTGGCAACCTCCTTAGCAATAACCAGCCGATCAGTCCCAACCAATAGAACCGTCCCAGCCTCAAGCGCTTCAGGACGCTCTGTAGTATCGCGCATCACCAGTACCGGCTTGCCAAGCCCGGGAGCCTCTTCCTGTATTCCCCAGAATCTGTCAGCACCAGGTATGACTTGTTCATCAGGTACACAAACGGCAGGTAATCCAACGGCTCAATGAAGTGCACATTCCCATACCCTTTTCCATCCCCGAACACCTCCTTAATCGGCTTGCGAACATGCGGATTGAGATGCATGGGATACACAAAATCAACCTCCGGATACCTCTCTGCCAGATCAGCCACAGCATTGCAAATCCCGAGAAACCCTTCCCCGAAATTTTCCCGCCGATGCCCGGTCATCAACACCATGCGACGCTGGGATCCAGCCCCGATCCACTGCCGAACCAGTTCTTCAGGCAAACCAAACGAAGCAAGCTGCTCAAGAACCTGCGCCTCAATCTCCTCATCAGCACCTATCCGCTCAACGACCCAGTTCAGCGCATCAATCACCGTATTCCCGGTAACCCATATGTGCTCATCCGCCACATTTTCTTTGAGCAGGTTCTCCCTGCTCAAAGCCGTAGGCGCAAAATGCATGGAAGCCATCCGCCCCGTCAGCTGCCGGTTCATCTCTTCCGGCCAGGGACTGTAAATGTTATGCGTCCGCAGCCCCGCCTCGATATGCGCAACCGGTATCTGCCGATAAAACGCAGCAAGAGCTGTAGCAGTAGACGTTGTGGTATCACCATGCACAAACACATACTCCGGATTGGCAGCTTCGAGCACATCGCGCATTCCCAATAACACACGCGATGTCACATCATAGAGATCCTGCCCCTGCTTCATGATGTTGAGATCATAGTCAGGCACGATCTCAAATAACGACAGCACCTGGTCAAGCATCTCCCGATGCTGCCCTGTAACAGCAACAACAGTCTCGAACGATTCAGGATGCTTCTCAAACTCCTTGACCAGCGGAGCCATCTTGATGGCCTCGGGACGGGTCCCAAAGACAATCAGTACTTTCTTCTTCGTAGAGGTTTGCACGAAAACAACTGTTTAAAGGATGAGGGATTGCAGAAAAAACTCAAGTAACAAGCTTAGCTTCGCTTGAACACACCAGCAAAATCAAGCATCACCTTGTCGTCACGCCAGTCAAGCGCCTTGAACTCTTTATGAGCAACAAGAAACGCAACTATATCAGCACGCTCATACGCCTCGTCAACACCGGTCAGCTTGAACACGCTGTGCTCCTCGATATTCGGTTCGACAACCAGGAAATTATCCTGCTCACTCTGCATCACCTTCTGAGCAATGTACTTCGCAG
CP020873.1_gap58	1829549	1833777	4228	CGCGACCCTTGCTCGCTTGCCAACCCTGAACCCACCCCACACATCAGATGAATTTTGACCCTGCACCACAACCGTATTATGTGCCTCTGTCCCCCTCTCTGCATCACGAAGCGCCCCTTTTTCATACGTAGAGGTCCCAGTATCCACCAGGAACGGCTTACCATCGACCTGCAAAACAAAACTTAACGTATCAGCATGCGCATGCCCTGGAATGTAATCCGGGCCAATCTTCCCCACATCAGCGATACAGCTGTACCGTTGAGCATCGTACCGGCGATATCCACTGGAGGAAAGCCTCCCCACAGGTACACTCCCTATCCCCAGTCGCTCTGCATAAGAAAAAAGCTCCTCAGTAGAAGGAGCTATCTCATCTGTGGCATCGTTCATATGAGGAATAGAACCATCCGGGAATGTCATCTGACGTATCCATCCAAGCATCACAACAGCCTTGCTCTGCAACATGCTGAGCAACTGCTCCTGCCCTGCAAACCGCTGATGATGCTGCAACAGGTTCACGCAATCAAGCAACCGGTCCAGGAGAATCTGGTGGTACATGGGAGACAGCTCAAAATGAGCTCCATCACCAAGCACCTGTTCCTCCAGCTCTCGCACCAACATCTTCCTGCTCTTGGCAAACCATGACTGCTCACCAAAGTACACCGCTCCGAACAGCAGGGAAAACGCATTCTCGAGCAGATGATTGCCAAGCAGATGATACTCTAACGACCGGGAAAGAATATGGTACTGGGAGTACAGTGATCTGTCAACCGCCTCATCCCGGATACCATGAAGCGATAAAAACTTAATCCAGTTGATCCCCCGTAACGACACAGGATACGGCTCTATACCAACCCGCATACCAGGCAGCGCATCGACATATCGCCTGATCAGTTCAAGCCCCTGGGCCTTGGTCATATCCGGTTGAAGCAGATAATCAAAGTAATGCAGGTTATACAACCAGAGCTTCCCATACTCCATACACTCCCAGTCAACCGCATCATCAGGAAAGGTCAGCGAAAGATTGAGAAATGTATACTGCCCATCACGAAATGAGCAGGGTTTAGCAATACTCTCAGCAAGGAACAATCCTCCTGCTGCCCCTGCATGACCAGCACGAACCACATCACCATACGAGACCGGCTTTACTGCCCGCCTGAACCGGTAATACAGCTGAAACACCACCTGCTCAGGCTTCAAATGCCTGAGCGTATGAACATATCGAGAAACCGTGCCCTTCACTGAACCGAAATCCATTCCCCTCGCTTCATCGACTCGATAGCAGCAAAGCTTGCCTTGGTGGTATTCACCAGGTCACCAAACGGAATCAACGGCTCCCCGCCTTTCTGCAACCGTTCCACAAACAGACTGAACTGGTTTGCATGCCCCTTATCCTGAGCAGACGAAGCTGACTTGAACTTACTGAACCCGTACCCCTGCAGCTTGCGCCAGTTATCCATAACCAGCACCTTCTGCTGGCTGAACACATCGACCCGTTCCTTTGCATAAGACTTACTGCCATTGGCAAAGTAGTTGATCACCGCATTGCTGCCGTTCTCGTATTTCAGCAGGATACTGGCATTATCTGTCGTTTCATCAGGGTTCACGCCCATCGCATTCATGCAGACAGCCGTCACTCTGCTGCCAGCCAGGTAAGAACAGAGATCAATAAAGTGACATGCTTCCCCGATAATGCGACCACCCCCGACTTCCGGATCATGCACCCACACATCCGGAGGAATGGCACCGGCATTCATGGTAGCCACAATGTTTACAGGAGCCACATTGTCACCAATAAGTTCTTTCATCTTCTGGGCCAACGGAGCGAACCTTCTGTTGAACCCGACCATGACGATTGGGGCTGAGTGCGAAGAGCTGAGTGCTGAGTATGAAGAAATAATGGAATCGAGTTCTTCTTTATTGAGTGCCAGCGGCTTTTCTACAAAGACATGCTTCCCGGCCTGCAACGCTTCAACCACCATGGATGCATGCGTATTATGCCGTGTGGTAATCACAACGGTATCAACATCCTTGTCCTGCAGCATAACCTTGTAATCGGACGTCGCTTTCGCTGCCCCGAACTTCTTTGCCATTGTTGTGGCTGTCAACCCACCAGAACTGGCTATATACTTTAATACAGCAGGCGTTTTTGCCAGGCAGGGCAGAATAGTGGAACTGGCAAAATTACCAGCCCCAATAATCCCAAGCACCGCTCTCTGACCAGTGTACGCATGCTCTTCCAGGCTAACGACAGCTTCAGGAGCATGCCCATTATGACTGTACTCGAGAATAGACGCAATCGATCCAGGCTTCTTCATGTCACCATAGATCTGCGCATACTCCTCCAGCTTGACCCGCTCCGTTATCAATCGTTGCACTTCGAGCTGTCCTGAAGCAATAGCTTGCAGAACAGCTTCGAAGTTTCGCTTCTCGGTCCAGCGCACATACCCTATCGGATAATCCTGCCCCTTGTTCTCATAAGCCTCATCATACCTACCCGGCCCATACGAACATGATACCTGGAACGACAACTCTTTCTTGTAAAAATCATCACGACGAAGCTTGAGACCGACAACACCAACAAGAATAATCCTGCCCCGCTTGCGCGACATCTCCGCAGCCTGGTGCATAATCTCATCACTTGAGTTCGAGGCTGTAATAATTACACCGTCACAACCGATCTCCCCGGTCATCTCCTGCACAACGGCAACCGGATTAGCCCCGTTGGAAAGATTCACTGCATGCACACCTTTCTCACGTGCCATAGCAACTTTCAGCTCATCAAAATCAAACCCGATAACAACACATCCGTTCGCCCGAAGTAGCTCTGCGGTAATCAACCCGATCAACCCCAGGCCTACAACAACCACGGTCTCGCCAAATGTAGGAGCAAGCAACCGGATACCCTGCAGTGAAATAGAACCGATAACAGTAAACGCAGCATCTTCATCACTCACACCATCAGGCACCTTAGCTGCAAGGTTAACCGGCACGAGTGCATATTCAGCATGAGGCCCGTTCGATGCAACCCTGTCACCAATCCGGAACTCTGTCACACCTTTCCCAACGGCAACCACCTCACCAACATTGCAATAGCCAAGCGGCAACGGCTGCCCGAGCTTGTTCATGACAGATTCATACGTAGGCTTGAACCCGTCCGTCTTCACCTTATCCAGCACCTGCTTCACCTTATCCGGCTGCTGTCGAGCCTTGTCAATAAAATTAGCCTTCCCGAAATCCACGAGCATCCGTTCAGTACCAAGCGACACAAGCGTACGAGAAGTCTTCACTAAAACATGACCAGACTTCACCTGGGGAACAGGCACTTCCTCAAGAATGGTCTGGCCGTCTTTGATATCCTGGATAATTTGCTTCAAAAAAAATCCTATTTAAAAAATTAGGTATTATGGCTAAATATACTTATCAGAAACTTCAGAGAAAGAAAATTCCGAAGTGCTCTGACCAGTACGAACCATATCAGCAATAAACAACATCATGAGAGTGGAGAAGACAACTTCATCCCAATCACGTGCATTCGATGAAACAAAAGGCTGAAGTAATGAAAGATTATGGCCTACATCTTTAGGCCAATATCTTTTAGATATTAACTTTTCACCTTTCCAAACAACCATTCTTCGAAAATCATCAATCTTTGCAATAGTATAACCACATTGAAGATTAATATTTTCATTAATACCTTCAAAGGGTTCGCACCGTGATGTCATAACAATATTAATCAAATCACCGCTCTCACTAACCATCGAAATTGAAAGATCATCATCACGGATATCAGAATTGCTATAAGATAGAGTAATCATCCATCTATCAGGAACATACCCCCAAGACAAGATATGTAAAGACAAGTCTATCCAATGCCCAATATTTCCGCATACACGAGTTCCTTCACTGGGATCTCTATACCAATGATCCAAGTCAATTTTATGACCGCTTACAAAACAGTTCAATGTCATTGGTTCTTTTTTAACACCAACTATTTTTTTTAAATCAAGAATTGCCTTAGAAAATGGACGATTATATCCAGCATATATTATACCGCCACTCATATCCTTACCGCAAAGCAATGAACGCAGCTGATCATAATTAACAGCAATAGGTTTTTCCACGTAAACAACCTTTCCCTTCATCATAGCCCGAACAGCATAATCAGAATGACTAGCGTGATTGGAGGTAACATACACATACTTTACATTTGGATTGCTCAGTAAATCAT
CP020873.1_gap59	1836374	1839869	3495	CCTAACTAAAAGCAATAATGACCATTCAAACCGATTACTATTTAGAACAGAAATATAATTAATAACCTGAGCACTAATAATTCCTGAATCAAGACTTTCTACTAAAACAAACAAACATTTCAACATTTACTTACAGAATCTTTATATAAGATTAAGAAAACTGAATAAACAGACACTTAACTCACTTACAATAAAAACTAATCTTCGCAATCAACATCAACACTTCCGTCTTCTTTTACATCATCATTTGAACACAAAAAAATAAAAACACTTAGAATAATAACATATACACTTCTAGCAAATATATCCACATTAAATGCCGTCAGCACAGTAATCAAAACAAGAAGAAGGCCTGGTATTTTATATTTACCATATCCAAATCTTAACAACATCGCCAAATAATACAATATAAGCACCAAACCAAATATACCCAATGACAACCAAAATGTAACCAATGAAACATCAGAATAAAATGCTCCACCACCAAAATTATGTGTAATCACTCGTCCAAGGCCAACACCTCTTAACCAATTATCATTTATTTGTTTTTGATATTGTTCATAAAGAGGCAATCTATAATGCTCATACGATGAACTCAGCATATAGTCAACCCTAAACCTTTCAACATCAATTAAATCAACCGCATTTTGATTAACCACATAATACAAAAAAACCATTATTAACATCAAAACATAATTTACATATAATATATTTTTTTTACGAAGAAGAATTAACCCAACAAACAAAACAAAAGAAGCCATAATTAAAGTTCGACTTCCATTAAGCATCAATCCTGCCGATATAACAAAATAAAGAAAGCCATTAATTAAATCTGAGCCCTTATTTTTTTGCGATAATAAATAAATAATCAGTGGAGTTGCGACAACTCCACTCCAGCTCATGCGTCTAAACATTGTCATCGCGACATAAAAATCATCATTATCTTTATTTAAACCATAAAAAACACTAGGCATATACAGATACAAAACGACTGACAAAGTCAACCCCATAAAATATGCCAATATTATATATTTCTCAACCTGTCTGCTTTTAAATTGAAATGGAGCTATTAAAACCGTAACGGCTGCTATAAACGGAAGAAAGTTACCCGCATGCTTTATTGGTGATATCACCAAATTTGTATCTCCACTAACTAGAATCAAATTCAGCATCAGCACGAATACCATAAAGATCATCAATATTAGAAAATCACGATTTACCTTTAGTTTAGTCGACACAACTCTGCTTATTGACAAGATTATAACTCCCAAACTAGAGATTGAAGTGTAATTTAAATACAGCCCAAACCATTCAACACTCACCAAATCAGGAGAAGGTAGTATCAGCCACAAACTTAGCATTTGCAGCAATATTTGCTCTTTAGTTATACCTAATAACACTTGAAAACAATTAACTTCGAAAGCAAGACACGAGAATATGCTTGTTTAATCGCCAGAAGTTATCCGAATCACTTCAGCCTTGATCAAATCCTTCCACATTGCAACATCAATGATGATATCCGGATCAGAAGATGGAACTTCTTTAACTACCAGCTGACGACCTTTGACAGTGAATGTATCGTTCATGGCAAACTCTTTTTTTCTGGTTGAAAAAACCTCAACTCTGCTCCCCACAAAACACTTTCAATCGCTCATTCCCTGTTGCATTTGCAATCGCAGAAAGGACACTGCGGTTGAAAAACCAGCTCATCAGCAGGTAGTTTACTGCCCCTGTCATCAAGCCTATTGTCAAGCGAAGCATAGGCAGATCAAACTGCATAACGAGCAACCAGGCTGCAGCGCCTGCAATGGCGGCACAGAGTACAGGCAATGCGACTTGACGTGAATATTCTCTGAACCCCGCTCCGCATGCTGGTCTCACCAAAATGAGCCAACTTGGCACAAACAACAGCAACATCAGCCCTCCCATAGCCCAAGCCATACCAATAGCACCATACTGAGAACCATACCACACCGCTGGTGGCGTTATCAGCAATAGACCGAAGTTCCATTTTGCGGCCAACCGTACATACCCTAAACCAAACAACAAGCTACCAGCGGGATTACCAAAGGAACGCAATAACCCCCACAGTGCTAACACTCTCATCAGTGGAGCTGCATCGCTCCATGTGGGCCCTAGCAATAACAACACAATTTCCGGAGCAAAAACAGCTAAAGCAACATAAATTGGCGCGTTGACCGATGCCGTCATGTTCATGATCTTGAGATACACCTGTCGAACACGTTCCTTATCATGCTGAATGGACGCAATAACAGGAAACCCGACCCGAGTAAAAATCGGGTTAACCATCATCTGTATCTGTAAAATAAGGTTTCGGGGCACACTATATAGACCCAGTTGGCTCGTTCCTAACAGTCGGCCACCTATTAAAACATCGATCGTAGCATTAACGTGGTTGATCATATTATTGACAACCATACCGCCGCCAAACTGAAGAAACCACTTTACTTCCGATACACGAAGCCGCCATGCAGGACGCCAACCCTTGGCCAGAAATATCCAAGAGAGAATCGTTGTCAACCAGGCAGTAACCATAGAGGAAACAACAAGCGCATACACACCAAACCCCTGCCATGCAGCTAAAAAAGCGACAGCAAATGTCATAAAAGCCACAACTATCTCTATCAGAGCAACTGGTCGAAAGTCAAGTAACTTTTCAGCATCCATGCGCACTTGCTGGCCAAGAGCTATGCCTAAGAAGTTTGTGCCAACCAGCATTAGTAGCGGCACGAGCTGCGGTTCATTGAAAAACGTAGCAGCAAACGGGCTTGCAGCCATAACAAGAATCATCAGCAAAGCGCCCAAAACAACACTGAACCAATACAGGCTGCTTCGCTCCTCGTGGCTAATCTCCTGCCGTTGCACAAATGCCGTGCTTAACCCCATATCGCTGAATAGTCCTGCATAGCTCAACACAGCAGTAACCATAGCCATAAGGCCAAAATCTTCCGGTGAAAGAAAACGAGCTAATACAGAAAGCGACAGAAACCCCTGGGCAGCACGAGCCACTGTCGATATTGCGGTCCAGCGTACTGCAGAATATGTACGGGCTGAAATACTCACAGAGGCATAGAAGAGATTTTCACTCTTACCTCCAGATTCTTACACGCATGAAAGCATCGAATATCCGGCAACAAAAAGTCAACATCAACTTTGATTATATCCATCAAAACACAACTCAGATGGTTAACAAGCAATTCATTACAATACCCTGTGCATAGAAATCACGCCTTCCAGGCAGTCACATAATACCCTGTCGTTTCCTGAGCCCAGTTCCTGTCGAGTTTGTCCAGGTACGGTGCACACACTTGGCCGAAATACCAGAAAGGGATTAATCCGGCCTTGATGAGAAATCGCAACGGTTGTGGTCCTCTGATGAAACGGAGACTGAAATAATTAATCTTGAGAATTATCGTTGAAAAGAAGCCAGTTTGCGGCTCAACGTTGATATCTACAAAACCTGCCTCTTCAAAT
CP020873.1_gap60	1868623	1872724	4101	TGTCGCTGACTTCATGGAGTACTTCCACGCGAAGTATATGTTTTCGTCGATGGGCAGAGGCATGCAGCTTGCAGCAATGGCTGCGGCCCACCATCGTTTCAATTATATCCATCCTTTCCCTGATGGCAATGGACGCGTAAGCCGCCTGATGAGCCATGCCATGGCATTGCATGCCGGCATCGGGGCTCACGGGCTCTGGTCTGTTTCGAGGGGATTGGCTCGGGGGCTCGATTCGCCGAAAGATTATATGAGCATGATGGATAAAGCTGATACTCCCCGCCAGGGTGATGTTGATGGCAGAGGAAATCTTTCGCTGAAAGCGCTCAATGAGTTCATTTGCTGGTTTCTGGATGTCTGTATCGACCAGGTAACGTTTATGCAGCGCCTGTTTGATCTTGACGGTCTGACCGGTCGATTGTCTACCTATTGCCGTGAGCAGGGCTGGAAACCTGAAGCGTTTACGCTGCTGGAAATGGTGCTGATCAAAGGCGAGATCCACCGAGGTGATGTCAGCCGTATTACCGGCCTGAAAGAGCGAACGGCACGATCGATGCTGTCGTCATTGGTTGAGCATGGAATTGTAGGCTCGGACACTCCGAAGGGCCCTGTTTCACTGCGCTTCCCTGCCAAATCTCTCGACCGACTGTTCCCCAGCCTGTTCCCTGCGTATTCGTTGTGATGGGGGGGCGTGTCGGCGGGGATGCGCTGCGCGCGGTGACGAGTGACGAGTGACGAGTGACGAGTGACGAGTTGCGCCTTTGGCGCGGGAGGCTGGAGGGCGGAGACGGGAGGGCGGGTTTTGATTAACTGAATTTTACAGCCAGGGGTTGTGGAGCTGCAGTTTACCGATGCCTGAAAAGTCTTTTGTGTTTCTGGTAACCAAGGGCAAGTTATGAACAATCGCAATTGATGCAATCTGAGCATCTTCAGTACTCACAGGAGTTCCTGATCGGGTTCTTTGAGCCACAATTTCAGCATAAGCGGCTGCGCTTCTTTCATCAAATGATAGGCACCTTGATGCAAAATCAGTATCAAACATATTTCCTGCTGTAATAGCGAGCTTTTCACGACGTCTACCCTCGGGCAGGAGGCCAATACCTACTAAAATCTCGGCTTTTGTGATTGCAGAAATATAAAATTGTGCCCCCCTGTGTTCATCGAACCACTGGACAACGTTGCCGTTTGGCCCTGGCCTCATGAACGCTGAAATCACATTGGTATCCAGAAGAAATGCCTGTTTCATGATGAGCGAAAATCAGGGGGTGTTCGCGTTGTGGTACGTGGAGGTATCGGCAAATCGTCTATTTCTATTCCTTCAAATCTTTTATGAAGATGGCGAGCAAAGTTACCGCGTGGGGCAACTGATTCTCGTTCATTCTTTCGCTTGAGAAATTCAGCAAAATCCAGCAGTTCTTCCAGCAAAGGTTCTGGAAGTGTACGGGTAATGATTGTCAGTTTTTCTGCGGTCGTTTTCATTGGACCTCCTGTATTGTGCTTTTCCAGTAATCTATGAAAATGTCACTTCCGGGCAAGGAAAAGAATGGAGCGCCTGGGGCGCGGGGGCGTTGAGATGGGGAGATGGGGTGATGGGGGGCGTTGTGCGCAGTGACGAGTGACGAGTGCACGCTTTCGCGTGCGGGAGGCCGGAGACGGGAGGACGGAGACCGGATTGCGCCTGCGGCGCGTTCACCATTCACCATTCACCATTCACCATTCACCATTCACCATTCACCATTCACCATTCACCATTCACTGGTTACTATTTCCACGTAACTGGATGGTAACTTGTTCAGGGATGTCGGGGAAATTGATTACTTTTCCGAGGTAGGTTGTAACACTGTTTTCTGTAATGGTTTCTTGACTGGTTACCGGTTTATGGGTATGGATTTGCGGAAGGAGCATTTTTATATTACGCGCGAGGCGCGGGAGATTTGCGGGCTTGGTGATGCGGGTGTGCTGGATGTTGCGGGTGACCGCGAAACGGCGTTCCGGCGGGCCGAGGAGCAGACGGCAGCGGTGAACCGTTGCCTGAAGAAGCGGTTTGGCGATGCGGCCAGGCTGTTGCTTCCTGCGCAGTTTCACGGGATGAAGCTGCTGCATGCGGCTGCGCACCTGGTGCTGGGGCGTCTTGCGATGTCGCGGCGGCCTGACCTTCTGCGGAGGGCTGAGGGTGCGCTGGCGGAAACGCTGGGTGAACCGGCGGTGAGGGCGTACCTTGGGTCGTTCACGTCGCTTTTTCCGCCTTCGGATGTGTTTCTCGGCAAACGTTCGCGCGAGGAGTTCCTTTCTGACACGGCGCGGCGCGAGATGGTGCTGGAGGAGTCGCTCTTTGTGTGGCTGCAGAACCAGAACCCGGCGCTGGACCAGTTCTCTTTCCTCCTGAACGATGAGGGGCTCAGGGGCGATCGGGCCTACCAGGTGTCGGTCCAGACGATCATGAAATCTCTGAAGGATGTCGGGCCGGTGGGACCGGGGGGCGAGGACCCGGCTGAGCTGCTGACCAAGCCGATCCGCCACTCGCCCAACTCGATCCTGGGCCAGCTGCGCTACATGATGCTGCACTGGGGTGAGCTGATCGAGGATGACCCGCTGTGGGAGATGCTTGAGGAAAGCGTCGGGATGATCGAGGATGAGGACCGGTTTATCTTTTTCGAACAGATTTCGGAACGGGGCCGACGGGAGCACGGCGGCTGGATGGAAAAGAGCGTGCAGGCGCCGTCGTTTGCGGACCTGGAGAACGAGCCGGAGAACTATTCGGCGGATTTGTCGTGGATGCCGGAGGTGGTGATGCTGGCCAAGAGCACGTTTGTGTGGCTGGACCAGCTGAGCAAGAGCTACGGCCGCCCGATACACCGCCTGCAGGATATTCCCGACGAGGAGCTGGACCGGATCGCCCGGCGGGGGTTTACGGCCCTGTGGCTGATCGGCCTGTGGGAGCGCAGCCCGGCGTCGGAGAGGATCAAACGCATGCAGGGCAACCCGGAGGCGAAGGCGTCGGCTTATGCGCTTGACTGCTACGATATTGCCGAGGAGCTTGGCGGCTACGAGGGTTACCTGAGCCTGCGCCACCGTGCACTGCAGCGAGGGGTGCGGCTGGCGAGCGATATGGTGCCGAACCACACGGGGCTGGATTCGGGGCTGGTGAAGGAGCATCCGGAGTATTTCATCAGTTCGCCGGAACCTCCCTACCCCAACTACAGCTACAACGGGCCGAACCTGTCGGACGACGCGCGCTACGGCATCTGGATCGAGGATGGGTACTGGGACCGTTCCGACGCGGCGGTGACGTTCAAGCGGGTTGATTTCCACAATGGCGATACCCGCTACATCTACCACGGTAACGATGGAACGTCGATGCCGTGGAACGATACGGCGCAGCTGAACTTCCTGTCGGGCGAGGTGCGCGAGATGGTGATCCAGCAGATCCTGCACGTTGCGAGGATGTTCCCGGTGATCCGGTTCGACGCGGCGATGGTGCTGGTGAAAAAGCATATCCAGCGGTTGTGGTATCCGCAGCCGGGCCACAGTGCGGCGGTGCCGTCAAGGAGTTCGAGCGCGATCAGCATGGAGGATTTCAACAAGTTCATTCCCGAGGAGTTCTGGCGTGAGGTGGTGGACCGGATTCACCGTGAAGTGCCCGATACGCTGTTGCTTGCCGAGGCGTTCTGGATGCTGGAGGGGTACTTTGTGCGCTCGCTGGGGATGCACCGGGTGTACAACAGCGCGTTCATGCACATGCTCAAGAAGGAGGATAATGCGAGCTACCGCTACCTGATCAAGAATACGCTGGAGTACGATGCGCAGATCCTGAAACGGTACGTGAACTTTATGAACAACCCTGACGAGGATACGGCGATTGCGCAGTTCGGCAAGGGGGACAAGTATATCGGGGTGTGCGTGCTGATGATCACCCTGCCGGGGCTGCCGATGTTCGGCCACGGGCAGGTGGAGGGATTTACAGAGAAGTACGGCATGGAGTACGCGCGGGCGTACCACGACGAGAGGCCGGACGAGGAACTGGTGGCGCGGCATGAACGGGAGATTTTCCCGCTCCTGAAGAAGCGGCGGCTGTTTGCGGAGGTGGAGTATTTTACGTTTTAC
CP020873.1_gap61	2052264	2056167	3903	ACACCGCTCGCGGTCACGGAATTTTTTCCTGTGCAACCGTGCATAACGCCTGATCATTCCCCTGCCCGCCGGAGAGTACTGCCGAGGGCTCATGATTTTTTCAGCGAACGTTTGAACTGGTCTATCACCGAGCGGGGATCATGGGAAAATTCCCCGGGAGGGGCCGACGGCCCTCCTGCAAGCATATCGGTGTCGAGATCGAGAGAATAGCTGCCGGAACCGCTGTCGCTCATACCATCGCGCCCGGCCAGCACGTTTTTGATATACTCCTCCATTCCTTCATGGTCCAGAAGCCGGCGAAGTTCACCCGGCCCTCTTTCAGCTTTTCCAACCGCAGCCCTGAGTGGTTCAAGAAACGCGTCACGATCGACAACATCGATATTGAGGCTGTAGATCATCCGTTTGAAGGTAACCGCATCCATAGCTTCCACAGCCGCGATCATCTGCCGGAACCCACCGAACGACTGCACAAGCTCGAGCATCCGGGGATCGAGGTTTCTGAACGGGTCCTCCACAGCGGTTTGCCGGGTAACCGTAGCAGTCTTCTCCTCCCTGGCAGGCATCGGCGTGCTCTCCTGCCTGACAGGCGCCGACCCCCGTTGTTTTTTCTTTTTCGCTCCGCCGGGCAGAAACTCCTCGTCCACCTCGTACCCTTCCAGTCGCTTGCGCACAAGGTCATCTTTCATCGCCCGGGCACGGCGCATGGACACTGACTCGATTTCCGGCCTCATACCGTTCATCAATACCAGGCCATAGAGAACTGCCACGGCGGCCAGGAAAAAAATAAACGGCAGCAGAATTGTTTCAAGGTGTACTCCATACAACCATACCATGACGGCTTCAGCGATCACCAGCAGGACAGACAGGACAATCAGAACTCTCGATACAACACGTTCACTCATACTGCAGCTTCACTTGAAATTACATTCCTGAAGACTTTCATCTGTGAGGTAATATAGGGATTTTATGTGTGCAAATAATTCTTATACTCATCAAGTACCATGAACCATTCAACCAGGATGACGAAATGCCTGTTTCTCAAAAACCTGAGCTTATCGCCCCTGCAGGTGACCCCACATCACTGCTGACAGCCCTCAAAGCCGGGGCCGATGCCGTTTATTTCGGTGCCGAAGGCTACAACATGAGGGCGGCAAGCCGGAATTTCACTGAAGAGGATTTTTCATCTATTGCCGAAACATGCCGTCAACACGAGGCAAGGGCCTACCTGGCGCTCAACACCATCATCTATGACGATGAGCTCGCGGGAATGTCCTCGACCGTCCGGAGCGCGAAACAGGCAGGAATCGATGCCATCATCTGCTGGGATACGGCGGTTATCGAAGAGTGCCGCCGACAGGATATGCCCTTCCACATCTCCACCCAGGCATCGGTCAGCAATTATGCGGCTGTCCGGTTTTATGCCTCGCTCGGGGCACGCATGATCGTGCTTGCACGGGAACTGACGCTCGAACAGGTAAAAAGCATCACCGGACAGATACAGCGGGACAATCTCGATGTAGCTGTCGAATGTTTCGTTCACGGGGCCATGTGCGTGGCGGTTTCCGGACGATGCTTCCTTTCTCAGGATATTTTCGGACGCTCGGCAAACCGCGGGGCATGCCTGCAGCCCTGCCGCCGGACTTACCGGGTTATCGACAGCGAGGAGAATTACGAACTCGAAATAGGTACCGATACGGTGATGAGCCCCAGGGATCTCTGCGCACTGCCGTTCATGGACCAACTCATGGATGCCGGCATTACGGGCTTCAAGATCGAAGGCAGGAACCGGAGCCCTGAATATGTTCACACCACCACATCATGTTACCGGGAAACGATTGATCACATCCTGCAGCACCATGGACAGGAAGGATTCGATGCAGGATTCAGAAGCCTGTGCGACACCCAGCTCCAGGTGCTGAAAACAGTGTACAACAGGGGATTTTCAGAAGGGTTTTATTTCGGCAGGCCGATGGAAGCCTGGACACAAGCTTACGGTTCGCTTGCGACAGAGAAAAAAACATATATCGGCAAGGTGACGAAGTACTACCCGAAGGCGGAAATTGCAGAAATCCTCATCCACACCGGCACACTCCGGCTGAAGGACAAACTTTCCATCCTGGGCCCGTCGACCGGCACGGTGATTACCCATGCCGACTCGTTCCATGCGAACGACAAGCCGGCAGAAACCGCTTCCAAAGGGGATCTTGTAACCATGCCCTGCAGGGAAAAAGTCCGTAAAAACGACAAAGTCTACGTCCTGAAACCCAATCCGCAAACTCTTTGACTTTTTTCCGCCCACAGATTTCACAGATTTACACTGATTGGATTTTTGACTTTTGACTTTTGACTTTTTCCCGCCCCCTCACCATTCACCAACCTTTGTCAACTTTCCGTAAATAAACGATCGTTATGTTTTTCATCTTCAGGCCATTGAGCTACATTGATATGAGAGACACCCGAAAACAGCCTGTTCTTTTGAATACTCTTTTTTCCCAATGTTATCGAGGGATACTGACATGATTTACAAGGTCATCGGCAAAGATGAGTTCACGCGTTTTACCGATATGCTCGTCAGGGCAAACGAATCCTACGGACCTGTACAGGTCGATACCGACCGGAACGGCAACCCGGTCTACCAGTTCAAACGGGTATTTTCGGCAGATGACATCGCCTTCGACTATACCACGACGACCTCTTCGGCCAAGCATCTTATGCTGCCTTACCGTGAAGAGCTTTCCCGATTCAGTTTCAGGAACGGGGACTGGGAACAGGACATCGAGTACAGCGTCGAACCGCGGGTACTGATAGGCCTGCGCCCATGCGACATCAGTGCACTCAACATTCTCGACGATGTACTGCTCAACGGCAGGTTCCCTTCTCCATACTACCTTGCGCGCCGCCGCAACACATTCATTATCGGCATGGACCACCTGCCCCTGCCGGACTGTTTCTGCAAATCGCTGAACCATCATACCGTCAGCAAAGGCTTCAACCTGTTCTGTTCCGATATCGGTGAACACTATTACCTGTCGATCAATTCATCCAAAGCATTCAATTACCTCAAGGAATTCGAGATATCCGACCCGACGCATGATGACGACTGTCGCCTGATCGAACGCAGGAAACTCATCAAGCAGAGCTTTCAGACAGAGGTCGAGGTGACCGGTCTGCCAAGCTTTCTCGATATAGAATTCGATTCACCCATATGGGAAAAATGGGGAGACAAATGCCTCAACTGCGGTACCTGTGCAATGGTCTGTCCTACCTGCTACTGTTACAACACCGAAGAGCGCATCGACACGGACCTGGAAGGGGCTTCGCGCCAGAAGCAGCTCTACTCCTGCAATCTGGTAGATTTTGCCGAAGTTGCCGGAGGTCACAACTTCAGGCCGGGAAACGGTGACCGGCTCAAATACCGTTACTACCATCACTACCGGGGATTTGCCGAAAACGCGAACCAGCAGATCTGCGTAGGCTGCAATCGCTGCGGCAGGGCATGCCTTGCCGACATCAACCCAAAAGACGTCATCAACGATCTGAGAATGGAGAAGGAATCATGCATGATATGCGTTTCAACATCCCGCCCCAGGACATAAACCGGGAACATTTTGCAGAACAGGTGCCTGACTTCAATCTGAAGTCCGACCTTATGCAGACTGACCGGGGCTACAAATGCAGGATCACCAACATCGTAAAGCTGACCGGACAGGAAAAGCTCTTCCAGCTCCGCATCGAGGACCCGGAGGAACGCAGGCTCTTCAGGTTCCTTCCCGGCCAGTTCCTGATGCTGGAAGTCCCCGGCTACGGACAGGTCCCGATCTCCATTTCGAGCTCGACCAGCAACCATGAATTTATCGAACTGTGCATCCGTGAGGCCGGTCGGGTAACCGGAGCGCTGTTCAA
CP020873.1_gap62	2209862	2213216	3354	CCCGGGAATACAGACAGTTAAGAGCCTTGCCCGAAGATGTGATGCGAAGACGGGAACACTCGTTACAGAAATTCCGGGTGAAAGCGGGAATAATGGCAATACTGCCTTTGTAACCAGGCAGTGAAAAACTGAAATACTCGGTTGAATATCCCCTGACTGATTCAAGTTCAGGATACAGACCCGCAAGTTCCTCAAGGATCATTTCCGCACCCATGAACTTCCCGGTACGCCAGATCTGATGATCATCGAACGGCATCAGCTCCATAAACCGCACCGTAACATGCCGGTCACGTGTCAACTCCACGAAACGTGAAATCTCCCCGGTATTGATACCCCGCAGCAGCAGCACATTGATCTTTATCTGCAGGTCCTCATGGCAGTCGAGCAACCGTTCGAGATTTGACGAAACGCGCCTGAACAGGTCTCTCCGGGTGATCTCCCGGTAACGCACGGCATCGAACGTATCCAGGCTCATGTTCACGGCACTCAACCCGGCCTGGAGCAGATCGTCGAGATAACGGTCGAGAAGGATGCCGTTTGTGGTGAGCGAGACCGTACGAACCCCTTCAATGGATGCCGCATCGCCGACAAGCTCTACGATATCCCGCCTCAGCAGCGGCTCTCCCCCTGTAAACCTGACCTTCCGGACACCAAACCCGGCAAGCACTTCGAGCAACGTCCCGATGTCATGCCTCCCGAGATGCCCGTAACGGCTGACCGGGTCCCCGTGTTCTTCGCGCATGCAGTAGACACAGCGAAGATTGCAGGCGGATGTCACGGCAAGCCGGACATAATCGACAGTTCGGTTGTAACGGTCGGAGAGGACTTCCTGTTTTGACATCTCCATCTTCATTTCTCCCATTCAGCAAGCAAATTCATGGCTTTTCGGGGGTAATCGGTAATCAGGCCGTCAACACCCAGTGACAGAAGCTCGAGCATTCGTCCGGGCGTATTGACTGTCCATGGAATAATCCCCGGTCCACGCCGGTGGATGTCACTGACCAACCTACGGGTCACAAGGTTTTCCCGGGGATTGACAAAATCAGGCAGGTAACCAAGCCTGTCGAGCGAGTTCATCACCTGCTGCCCCTGATCGACGAGAAGGCCTGTGGCCAGCTCCGGCACAAGACGATGAACTGCCTGAAGCAGACGATGATCGAATGACTGCACCCTGACGCGATCGTTCACGCCGCACTCCCGGTAAAAACCGGCCACAAGACGAGCATACTCATCGGGAGGTGGATGATACAGGCCATCATATTCAGGCCACGACTTCAGCTCGATATTGTAGAGGACCGGGCAGGAACGCTGCCGGCACCTGCAATGGTTCTCCACCTCCGGAACAACATCCCCCAGCAGAGGCTTTACACTCTTGACGTATATCTGGTCGGGAAAATCCGCAGAAGGATAACCGCAGTCGAAACGGCTGATATCGTCATATGACATCGAATAAAGCCTGTACCTTGACCTGTAGTCTGCCGCAAGAACAACACCCTGGGGCCCCCGGCATATGTCTGGCCGCATCCAGGGATCGTGCGACACAACAAGGCACTGATCTTTCGACACCACGACATCCATCTCGAGAGCGGTCACACCGGCATCGACGGCTTGGAGAAAAGCACTCATCGTGTTTTCCGGCCGAATATCCCTCGCTCCACGGTGAGCATGTATTTCAATTTTCCCCATCGCGATAAAAAAAGGGGCTCAGCCGAGCCCCCTGTCAAACATGTTCCGCAACGGATCACTCACGCACCAGCCAGTGCTTGAAACCCTCGACGGTTTTATCAAACTCGCTTTCAGCCTTTTCCTCCGTGGTCCTGCAGGCAACCTGCTCATAGCCTACAAGCGCAAAATATATGGCCTTGTCGTAGAAATAATTCACCTGTTCGGTAAACTGAAGCGCACGGTTCAGATCAAGTCCTTCGGTAATCATCCCCTCATCCTGAACGTACCTGAGAAGCATATCGCGTTCGATGATCAACGAATACACCATTTCGCTCGACCTTATACCGGCCGCTGATCTCTCCCTGCCGATCTGGCGGAAATTGTTGGCTATGTCGCGCACCAGGCCCTCATGTTTTTCGACCCATTGTCCCAGCTGGCGAAAACGGGAAAAAACAATATCGTGAAGTTCCTGCCTTGAATATTTTCTGTAGCCTTCGGTAAGGGAGTTGGAACGGACTTCGTCCACCCATTTCTGGGAGAGCGATTCTGCATGGTCCTCTATAAGCCTGATAAAACGATTGACGAGCAACATGGTACGTTGTTTTTTTGATGAATACTGCCGTTGAAAATAAAAACTACGGCTCCTGATAAAAGATTTCAAGTAAAAAGGTGCATGCGGGATATTTTCAAGCAGGAATCCACCCTGTTTCAAGGGAACACTCTTGACGCAGGTATGATGCCTGCAGAACTATTTACCGCTGATATGCCGCCCATTTCTGGACGAGCTTTTTTTCCTTGACCTCGACCCGTTGTTCTTTTTCCGGGATTTGTTCCCTGTAGCCCTGGAACCGTCGGCAACGCTTATGCCGCTGGTACCGTAAAGTTCGGGATAGTAGTTGCTTTTCTTTTTGTTGAACTTGTTCTTACGGTATTTCTTTTCCAGATCAGCGTAGGGGCTGGGCGGCTCAGGTGAAGTATTCGGATTGTTGAAATTGGGTTCGTCAAGTACCTCATCAAAATCATCCGAAACCATGTTGGGATGAGATTTTCTTTGCAAGCTGGCTCTGATTTATATTTTTTTGAATGCTTCGGTATCAACAGCAACCTGGCGTTCTGAAGGGGCTTGTAATTTAATACTTTGCAGAAAAAAAACAAGACCAGGTCATGACAGGCATGTCATAAACATCCCGTTTCCGGCTATTTACCGTTGATTGTTGTGTTTATAAGTATTAAATTTCGGAAAAATCCAACCTTAACAGGAGATAGCTATGATTGATATTCGTAAATGGATCTTTGCCATTATCTGTCCTCCGGCTGCGGTTCTCAACAAGGAAGTCGGGACCATCATGCTTGTCGGTCTGCTGACTGCGCTGTTCTGGGTCCCGGGTGTAGTCGCGGCCTTCTATCTCCTTATCCGTGATGAAGTCAGAATGAGCCGTCATCAGCCGCAGGCGTAACCAACAGGGACTGACAGACACCTCAATAAACTCACGGGAACAGTAAAGCGTTCACGCGAAAAAAAACATACCGGTGTTCCCGAAGAACTGCCGATCATGCACACCTTTCATCCTTTTGAACTGGCAATCTGCGGTTTTTCCGGCTCCGGAAAGACAACTCTCCTCAAAAAAGTTGTCTCCGTCTTGTCATCCCGTTTCAGTATTGCATACTACAAGCACGGTTGTCACCGCT
CP020873.1_gap63	2214872	2219834	4962	CAGTTATCACCGGGCTGTGGATCTGACAACGCAACATGGTAACCGAAGTTCGGGAATTCTTGTGCAATCGCTCGGAACTCCTCATCATAGAACATCTCCCTGCGGGAGCGCGCACCATACCAGAATGAAACCTTTCTCCCGGTTTTCAGGGTCCTGAACAGATGAAACAGGTGTGAACGCATGGGGGCCATGCCTGCGCCTCCGCCGATATACACCATTTCCCTTTCGCTGTCCTTGATGAAAAACTCTCCGTAAGGACCCGATATGCGGACCCTGTCACCCGGCTTGAGACTGTATATCCAGGACGAACCAACTCCCGGGGAGCAGTGTCCCATAATTTCGGCGGAGGCGTGGCAATACGCACATTGAGCTTGACAATACTGCCTTCGGCAGGATGATTTGCCATGGAATACGCCCTGAACGTGGGCTCATTGTTGCGCGCCCTGAGGTCCCACATTCTGAAACGGTCCCACTCTTCGCGGTATTCGGCAGCGACATCGAAACGCGAAAACGGCAGTTCTTCATAGGCAGGGATGTCGATCTGGATATACCCGCCGGCCCTGAACTGCATCTGTTCGCCGGGCGGAAGTTCGAGGACAAGCTCTTTGATGAACGTAGCCACGTTATTGTTCGAATGCACCGTGCACTCCCACTGCCGGATATTGAAAATCTCTTCGGGAACATAGATCTTCATATCTTCTCTCACCTTGACCTGGCAGGAAAGGCGGACATGGTCCTTGGCCTCATTGCGGGACACATGGTTGAGCTCGGTTGGCAGGATGTTGCCGCCTCCCTCGGTAATACGGCATTTGCACATGCCGCAGGTTCCCCCGCCTCCACATGCTGAAGGAACAAAAATCTTCTCGTCGGAAAGAGTCGAAAGCAGTGTCCTGCCAGGACGTACCGAAAGTTTCCCGTCGGTATCGTCATTGACCGTTATGGTAACGTTCCCCTTTGGCAGCAGCTTCGCTGCCGCTGCATTGAGCAGCGTCACCAGAAAAACAATGAGGACAGCAAAGACCAGAACAGCCGATAGGGTAACAAGCATACCAAGATGAGCCGTTAGAGGTTGATCCCTGAAAATGACATATACGCCATGGAAATAAGACCGGTGACCAGCATGGCGATACCCAGGCCCCGGAGGCCTGGCGGGATGTTCGAGTACTTCAGTTTATAGCGTATCGTGGCCAGCGTAACGATTGCAAGAAAAAAACCTGCCCCCGCACTTGCCCCGAACACTGCAGATTCCATGAAATCATACTCCCTCTCCACCATAAAGAGCGAAGAACCGAGAATCGCGCAGTTGACAGCTATCAGCGGAAGAAAAATCCCGAGAGACTGGTACAGGGAAGGGCTCACCCTGTCAAGGACCATTTCAACCAGCTGAACCATGGCGGCTATGGTCGCGATAAACACGATATAGTTCAAAAAACCCAGATCGACCTCTCCGAGCGCGGCAATACCGGTCCACTTCAGCGCCCCCGGCCCGAGAAGATACTCCCTGATGACCCAGTTGAACGGCACGGTGATGCCGTTGACAAAAATGACTGCAAGCCCCAGGCCTATGGACGTCTCGACTTTTTTTGAAATGGCGAGAAACGAACACATTCCGAGAAAGTATGCCAGCAGAATGTTCTTGATAAATATGGTTTCCACCGCAAGACTGAGATAGTGGACAGCGTTGTGCATTGTCACTCCTCCGAATAACCTGTTAACGATCGCTGCAGCCAGATCAGAAGCCCCAGCACAAAAAAAGCTCCGGGCGCAAGCAGCATTAGCCCGTTATTCATATACCACCCTCCTTCCGAAACGTAGAGGGAAAGAGGTACGATCTGAATACCCAGAAGTGTACCGCTACCCAGCAGTTCGCGAAACGCAGCCACAAGCACGAGAATCAGCCCGTATCCGAGGCCGTTGCCAAGTCCGTCGAGCATGGAAGCGACGACACCGTTTTTCAACGCGAACGCCTCGGCCCGACCAAGTACGATACAGTTGGTGATGATCAGGCCGACAAAGACGCTCAACTGCCTGCTGATGTCAAACAGGTAGGCTTTGAGCACCTGATCGATAAAGATCACCAGGGTGGCGATAATGGTAAGCATCACGATAATGCGTACCCGTGAAGGAATGAGGTTACGCAACATCGATACAAGGGCATTGGAGCCAGTCAGGACGAAAATCAGTGCCGCCGACATGACCAGTGCCGTATCCAGCTTGACCGTGACGGCAAGTGCAGAGCATATGCCCAGGACCTGCCGGGTAATCGGGTTGCTGATACCGAGCGGCTCGGAGAGAATATCGAAGTTCTTTTTTGACGACATCGTAACCTGCGGATTAATCCCGGTCCAGGAGAAAGACCAGGTAGTTCATCAGATCTTCTTTAAGAAAACGGTTGATGCTGCCGGTTGTCAGCGATGCTCCGCTGATACCGTCCACTGCATAGGGGTCATCTTCATTCAGGCGGCCTTTGGCTATGGTGACGGAAACCAGCCTGCCATCCCGGAATATTTTCCGGCCCCGGAACTGATCGGTAAACCACCCTGCCTCGATCTCACCGCCAAGCCCGGGAGTTTCACCATGCTCGTAAAAGGTAATCCCTTTAATGGTGTTCCTGTCAGGCTCGAGAGCGAGAAACCCTTTGATGGTAGACCAGGCCCCCTTGCCGGAAAAGGGCAGTACGTAACCGAGAGGTTGATCGACGTCTCCGTACACATAATACTGATGGGCGTTGCCGTCATCAGTTTCCGTCTCGCGACTGGTAAAGCTCTCCTGGTAGAACGAATCGATCTCCTCAGGGGTCATCCCCGGATTGAGAGCGCCTACAACCTTGAGCAGGTTCTTTCTTGTATCGACCATCCGGTTGAACTCCTGGCGATCTCTCAACCCGGTTGTAACCAGAGACAGCAGCAGGGCGGATACAACGGCCATGCCTGTCACGAAAACATAGGTATAACTGTTACTGCTTCGCATAAGCTCTCTGCCGTTTAGCGATATTCTGCCTCAGAACCATATAATCGATCATGGCGGCAAATGCATTGCCAAGCAGGATGGCAAGCATCACCCCTCGACAAATGCCTGGTTGAGAACCCTGATCATGACAACCAGTGCGCCGATCATCATCCCGTAAATCCAGCGACCCCTGTCCGTCTGGGAAGCACTGACCGGATCGGTGGCCATGAAGACCAGGCCAAAAGCGAACCCGCCCGTAAGAAGGTGGTGCAGGGGAGTCAGATAGAGTACGGGATTGTCGAACGAAGGGGCCATCAGGTTCGCTCCGGCTGCTGCAAGCACCAGGCCCAGAAGCCCACCGGCCATGATCCTCCAGCTGGCTATACGGGTTACCAGCAGCACCAGCGCCCCGAGAAGAATTGCAGCTTTCGACGTACCTCCAACCGATCCCGGCACCATTCCGATAAAAAGCTGCTGCAGGGAATATCCGGCCTGTTCGATCAGATGCACACCATCGGCACCCTGCAGGGAAGATGCCACAGCCAGAGGGGTGGCACGGGTCATTTCATCGGCCAGCGACCATACCGCATCTCCGGACATTTCAGAAGGATATGCAAAAAAGATAAACGCCCTTGCAACAAGAGCCGGATTGAAAATATTGTAACCTGTACCACCAGTCACCTCCTTTCCGATAACGACCCCGAAACTGATCCCGGCTGCAACCATCCATAACGGAATATCGGGAGGGAGCGTCAGGGGCAGAAGGAGGCCTGTCACAAGGAAACCCTCGTTGATCTCATGTCGCCTGATAACGGCAAAAAGAAGTTCCCACACACCACCGACGATATAGGAAACAAGAACAAGCGGGAGCACGGCCCCCAGGCCGGTCTGTATCTGCCACACAACCCCTCTTTCCGGACCAGCGAGGTAACCGGTATTGAAAATCCCGAACAGCAACACAGGGAGCAGGGCGATAATGACCGTTGCCATGGAACGCTTCATATCTACCGCATCCCTGACATGGGGAGCGGATGATGTTGCAATCGCAGGCGTGTAGAAAATCGTATCTACCATTTCGTACAGCGGGGCGTACCTGGCCCACCGGCCTTCCGGGCTGAAATGGGGACCCAGACGGTCAAGGATGGATCGTAATGCACTCATATGTCAACCGTTCTTTTCAATATACTCCAGGCCTTCCCGGATAATTTCACTGATTTCCATCTTCGAGGCATCGACAAACGAACACAGTGCGAAATCCTCGGGGTCGCACTCGTAGATACCCAGTTTTTCCATCTCGTCGATATCCCTCGCCAGGATCATTTTGATCAGCCAGGTCGGCAGGATATCCATCGGCAGTACCGACTCGATGTTGCCGAACGGAATCATGACCCTGCGGCTGCCGTTCATCGACGTCGTCAGGCTTGCAGACTTCATCCCTCTGTAGCCAGACGGAAACAGGCGGGTGACGGAATACTTCCTGAAACCGGGAAGAAGCCAGCCCATGAAATCACGCTCCTGTTTTTCAGGAATCACCGAAACCACCTCGTCGTAGAACCCCAGAGGGTCCCCGGGAGCACGGCCCGTACCGGCAAGCACATCACCTGAAATTATTCGCGCAGGACCTTCGGGCACATTGCCCTTGAGAATATCCTGCAGACGCACGCCATGGCGGACCTTCAGGTAATGACGTTCGCGCAGGGCCTCGCCTCCGACTGCAATGACTTTCTCGACAGGAAGTCGCCCTGAGAGAAACAGCCCCCCTATTCGCGCGACATCCTGGGGAAGGACATACCATACACGGTCTTCCCGATGTCGTATTGGAGCAATATGATGAATATGAATACCGACATTTCCTGCAGGATGAGGGCCTCTGAACCGATGAAGCTCAACACTCCCGAGCCCGCTGAACAGCGGAGACCGGTTATCGGCATGGATGACAACATGTACTGGTGTGCCGGTCATCCGGGCAAGCGCCCGGAGACCCGCAGCAAACTCCTCTTGCCGACCTTCCAG
CP020873.1_gap64	2236485	2239967	3482	GGGCCGAAAGGGGGGATGGCATGTAAAACATGTATACTGACAGGCATATCAGCAGAACCAGCAGCTTTTTCATATCTCAGGTGTTTATGTGTGAATACATCCTGACAAAAGCCGTTCAACACACGCACAACACCGGGACGTACACGGTCGAACTCTTTTCAATGTACACATATCACCATAAAAAACAACAACTTAACAATTGTGACCAAAGAAAAAACCCCGCACATTTTTTCAGGAATGTGCGGGGTATATTCTCACGGCATCTTCGGCGTAACGCTCTCGTATCAGGAACGCTTACTGTGATCTACCGCCTTGAGGATCTTGAGATTCAGGACAACGAAACGCCACAGCTGGTAGAGTCTGCATCTCATCTTGAACCGGTCTAACTTTGTTGGCCTCATGATCTGTTCTGGTTTAGCTGAGTGGATAAAAACTTTCTGTTTTCCTATTCAGGAATAAACTGCCAGCCGATACGGCCCTGGAACTTGTGCATAAAGGTAGTCTCCACCATCTGCTTCAGCCAGGCACCGGCCAGCCCACGTTCGACCCTTGTAACGAAGAGGTCGCGGCCTTCCTTGTTGTCATAGCGGGTATGGTCGGGAACGATCGGATAGATGATCATGACGATAGCCGAGCCGTTCCAGAGAGATTTACCGTTCGAAGCGATACATACGGTCACCATTTCCGACATTCTCTCGCGATGGGTCATGTTACCGCCACGGATCAGATCGATGATGTTGAGAGCGACAACCCTGCCGATAACACCTGAAACCATACCGGTTCTTGGCGCTCCGGGAGTGATGTTGGTACCGTTTTTCGTGATATGGGGAACCGAGATCGGTCCGGGAGGCGCAAAGGCGATTCCTGCAGAAAAGATGTTCTTGTAGAGGGGGTTCTGGTAATTTGCCGGCCAGGCATCGGGTGTTTTGACGAGTTCATCGTAACTCAGACCGTAGATACCGTCGGCTAGGACAAAACCTCCCGGATTTGTCACCCTGGAAGAAATATCTTCACCGTTCTTGTCGATAAACGGGAAACGAACACCGCGGGACTGAGGGATCAGCATGGCAAAATCATAGTCGTCCTCACCGTAGTTCCCTTCGAAATCCTCCCAGTAGATCTTGTTTTCATCGACCTCCCTTACGCCACGACGTACGGCTTTTTCAATGCCGAAATCATCCATGGCTGCCTCGATAAGGTCACCACCACGTGCAATCCTGCCTCCCCGCTTGACGACATTGATACCATTCACACCGAAATCACCGATTGCAGGCTCGTTGGTCATATAGACGAGTTCGGCCTTGTCGCGCACGCCGCGCCGGGTCAGATCGGCATGGATGTTGGTGATGTATTCGAAGGCCGCTCCCTGGCATGCCGCCATGGGGTGACCGGTACCGATAACCAGACGCTGTCGCTCACCACGCTTCATCTTTTCCACAAGCTGCAGATAGGCATCACGTGCCTGGATTGCGCTGTCGAGATGACAGATGGACTCGGTAAACTTTTTCGGTCCGAGCCCGGGGGTTGCATCATAATTCATATGCGCCCCGGTGGCGACCACCAGGTAATCGTACTCGACGCTGGCCTGGCCCGCATTGGAAGCCTGATCGACGATCACGTAATTTTCGTCCGGATGCACGGACACGACGGTCCCCTGGAGAAAGTTCACGTTGAATTTATCATAGACAGGCTTTAACTTGAATGTGGTTTCTTCGGGCTTGACGGCACCGATACCAAGCCACACCCAGGAAGGCACAAAACCGAATATGTCAAACTTGTGAATGACGGTAATCTCATGTTCCTTCCCTATAGCGTCGCCAAGATACATGGCCGCAGTATGGCCTGCAAAACCAGCACCTATAATTACAACCTTTGCCATATCTTCTCTCCGGTTATTCGTGTTATGAATCCAGACGATGTCTGAAAAATAAAAAACAAGTTCGACAATTTAACACTGGCAAAGCATATAATCAAACAGTTATACATAACTATCACTCCAGAGCATAAGGAAAATTAATCATTTTATGCTCCCGGAGCATATACAAATGATATATAACCGGGCCGGAAACCATGAAAATCATGACCTGTGGCAACAAAACAGCGGAAAAGAATCCTTGCAATTGATTACGGCGCAAAAAGGATCGGGCTGGCAAAAACCGATCCCCTGCAGCTTTTTGCCCAGCCTGTAGGTACGTTTGACGAGGAACAACTTCTTCATGTTCTCGACGACATCAACCATACCGAAGGCATAGAGTGCATCGTTCTCGGTTACCCTCTGAATGCCGACGGTACGCAGAACAGGATGACCGGTATCGTTGATGCATTTGCAGAAAGGCTCAGACAACAATTCAACAGCATACCGATTCTGTTCATCGATGAGCATGGTTCATCGAAAACCGCCGGCAGGATCCTTGCCGGATCGGGCCTCGGCAGAAAAAAAAGAACCGCCAAAGGGCGCCTGGATGCTGCTGCTGCATGCATTCTGCTCCGCCAGCACCTCGACAGCCGCCAGTAGGCGAAACGTTTTTCCTGTTTAACATTTCAAAAGGGCTTGTGTATCTTAAGGGTTTGAAATACTGTACATGAAAACCTTCAACTATCAACCCCGTACCATGAGCACTCCTGCACTTCTGGATATATTCACATCAACAGGCGCCCTGCTTGAAGGCCATTTCAAACTCACGTCGGGTCTGCACAGCGATACCTACTTCCAGTGCGCGAAAGTATTACAGCACCCTGAACACCTGACTGAAATCTGCCGCCATATCACAGAGCATTTCAAGGATACACCGGTAGATACCGTCATCTCCCCGGCTATTGGCGGCATTGTCGTCGGAACGGAGGTTGGTCGCCAGCTTGGGGTGAAAACAATTTTCGCGGAACGCAAGGAAGGCACGATGATGCTGCGCAGGGGGTTCAGTATCGAACCGGGAGAACAGGTGCTTGTTATCGAAGACGTCATTACGACAGGGGGATCGGTCAAGGAAGTCATCGATATCGTCCGGCAACAAGGCGGTGAAATTGCAGGGGTCGGCACTGTGGTGGACCGGAGTAACGGAACGGTCCGACTCGCCGATTCACAATATTCACTGCTCAGCCTCGAAGTCAGGAGCTATCGGCCTGACGAATGCCCGATGTGCAGGGAAAACATTCCGCTGGATGCTCCGGGAAGCCGCGCATCAGCCAAAAACTGATCTTTCCCATGCGTTCATCCAGTATTTCAAGCATAGCCATAGTCGGACTCGGCCTTATCGGGGCATCGCTTCTGCAGGCACTCAGGCGAGCTGCACAGGACGCTGGCATGACGATACATTTCCGGGGATACGATCCCGCTTTTGACCAAAAGGATGTCGACAGGATCGGAACACTGGGGCTCGACTGTTTTGAAACAGATAAACAGCGACTCTACGACAGCGACATTATCATTCTTGCCGCTCCGGTCCATACAAACATCTGGCTTCTCGACGAAATCGCGACGTTCG
CP020873.1_gap65	2242025	2245020	2995	GGTTCACGCAGATTGCTGCTGAATTCAGAGAGTGCGCCAGGCTCTGGAGCGATAACGATTACCTCCTGACACATACCTCCCGTGAGAGCCTCACATACCGCAGCCCGCTGTACCAGAAAATCGTAGCCCGCTACCTGGACCAGCGAAGCGGTATGAGCTACGGTTTTTTCGCTCACCAGACGCCAACCGCAACCAGGCCGGCCGAGCCGGTGGAACATCCTGGGGCCTGCCGGAGAAACGGATACCGGGTACCAGTCAGGATACGTGGCTCATGGTACCTTGTCGAACCGGCACCTGTCACCGTCGTCACGACGCGCTCGGGTTGCAGAAAAACCGATATCGATCCGTCGTCAGACCTGCTGTCGATCACTCTCGACAGGGGAAGAATCACGCTCAGGACGCCGGCAACCAGCGAGGAATCGCATCCTGTGCGCCCCTCTTTCGATACGCTCACCATTCTGGCCCATGCCCTGGGTAATGCATTTGCGGCCAGCCTTCTGCAGACAATCAGGCCATCATGGAATTTCGCACGTTCACTGGAGGAACACGGGGCTTCGATGACCCACTGGCATGGCTACCCCGACGATATTCCGGAATTCGATGGCTATTTTGTCCACGGGCAGAACAACCCGCCGGTTTCATGTTCAACCCCCCAGTCGGCAGTGTACAGTTTTCTTGGAAAGTTCGATGCTCTCGAGCAGGCGCTTGCAGCAAACATCCCCTACCAGGGAGACATCCACATAGAGCCCAATCACGGAACAAACATCATCGGCAGTCTCAGCCTCAGCACCACGGCTGCGAGGATAAACAGAAAATCCGTCGAGCTTCATTGAAGCGACCATGTTTTTTTCTATTATGAATGCATATCACCCAATAAACCATTACACAAGGATAAGACCGTACAATGCCATCCACATTCCTGACGTTCCGCACCTCATGTATCGCAGCTTTCATGGTCATTCTGCTGACCACCCTGTATGCCTGCTCTCATGCGGATGATCCTGTTACGGGAACCTGGAAACTTCCCGGTGAAGATATCACTGCTGATTTCAGCAAAGAAGGAACGGTTACGCTTTCCATCTCCGGCACGACGATCAGCGGAGCATACAGAAGAGACAATGAAAACAACCTTCTGGTGGACATGGGCAACGGAGAACAGCGCATTATGCTCTCCGAACAGGGCAATGAGCTCCGCCTGAGCGATCAGCAGAACGATACAGATATTTTTCTGCGGCTTGAAACGGCACAGAATGTAGATAAAGCCGAGGAATTGTTTACCAGGGGATACCAGGCTGACCAGTGCGACAGCTCGATCGTTTTCTACAGTGATGCCATCATGCTGCTTGAAGGCATTCCCTCGGAGTCGGAACATCTGGCCCGGGCATATAACAACCGGGGGATCTGTCATGAAAAAAACGACGAGACAGACGAGGCCATGAACGATTACAACAAAGCTATCGAGACGGACCCCCGTCTTGAAATCGCCTATGGGAACAGGGCATGGCTTTATGATAAACTGGGTAACCGTCCGGCTGCGATAGTGGACTACAAAAGGGCGGCGGAACTGGGTTACATTCCGGCCCGCCAATGGCTTTCGGAACAGGGCATCGGAACTGAAACAGGGAAATGACCGGCCAGTGGTGACCGGTCACAGGCCATTCTCACATGACACAGTGATCACTGTACTGCCATTTTCCCTGCTGCTGGAGTATCAGCTCGATGATCTCCCGGATACATCCTTTTCCTCCCTCATAGGCAGAAATGTAGGACACCCTGTTCCTCAGGTACTCGACCCCATCGATAGGAGTTATCGAGAGCGTGACTTTCTCGAGAATCGGAATATCGACAATATCATCGGCAATATAGGCGCAGTCATCGTCACAAAGTCCGCACTCTTTTTTGAACTGCTCGTATGCCTGAAGTTTACTTTCACAGCCGAGATAGATATGCCTGACCCCCGCCTGCCCGAGCATTGTCGCGGCAGCCTTGCTCTGCCGTTCCGAGACGACGGCCACACTGATCCCGCGTTCCTCGGCCTCACGAATTGCGAGTACATCCCTGAAAAAGCATGAGCAGATCTCGTCTCCGCCCGAAGTAAACGTCAGATGCCCGCCAGACATAACCCCTTCGAGAGGAAAGACAAGACCTTTGATCCGGCCGAGGGCGTCCTGAAGGCGCTGGGAATGGTCACCGGTAGAGAGCTGAATACCAAAATAATTGATTCCGGACACGATATAACGAAGATTTAGAGATTACAGGGATACCACGCATGAATGAAGTTTCCTGAGCTGCCGTACCATTCCGGGGAAATCACTCAGCCTTACCTGGGTCGCTGCATCTGAAAGCGCCCGGGATGGGTCAGGATGGACCTCGCAGAAAATTCCGTTTACACCTGCCGCCACGGCAGCCCGGGCCATCGGAAGCATGAACTCCCGCTCTCCTCCGGACACTCCATTACCGGCCGACGGAAGCTGAAGACTGTGGGTGGCGTCGTAGACAACGGGATAACCTGTTGCGGACATTTTCGGAATCCCGCGAAAATCGACAACCAGGTTATGATAACCGAACGATGTGCCCCGCTCTGTCAGCATGATCCGTCGGTTTCCTGTCGAAGCGACCTTTTGGGCCGCCAGGGCCATATCTTCCGGGGCCATGAACTGGCCTTTCTTGATATTGACGGCAAGACCCGATTCCCCGGCAGCGACCAGCAAATCTGTCTGCCTGCAAAGAAAGGCGGGGATCTGAAGAACATCCACATATGGGGAAGCAAGAAGAACATCCTGCCGCTCGTGCACATCGGTCAGGACCGGCAGTGAAAACGTCTCACGAACCTCGGAAAGAATGTCAAGTGCCGCACGGTCACCGATACCGGTGGCGGACGAAGACGAGGAACGGTTTGCCTTTCGGAACGATCCCTTGAATATGACGTGAAGTCCGAGTTCGCTGCGCAGGGCATCGAGCACCCCGGCCACCTGCATGGCCATATCACGCCCCT
CP020873.1_gap66	2267057	2269438	2381	GTGCCGGTAGAAGCGTATGACCATTACCTGAACTGGATGGAAGAGACCGCCATGAAACGGTTTTCCGGCTCCGTCCGGCTTATCGATGAAGCCACCGCCTGTATCCTGGGCTATACCTCCTCCCTCGGAGAACGTACATGTCATGCGATCATCGATTTTGGCGGCGGAACCCTTGATGTTTCCATTGTCCGCACAAGCCCTGAAACAGCTACCACCGGAACCTGCAGAGTACTCGGAAGGGCCGGAGAGGAGATCGGGGGGATGATGGTTGACAACTGGCTGCTTGAATACATTACAGACAGGGATTCGATCTGCAATGACAGGATTGCCGGTATCGGCACGACAATGCTCAAAGCGGTTGAAGATGCGAAAATCAGCATTTCCAACGGCAAGCCTGAAGCCTCCGTCTCGGTATATGACGACCTCACACAACAGCTTCTGAGCACAGTGATAACATCCTCTGAAGTACAGCATGTACTTGAACAGAAACGCCAGCCGGGAAACTACAGCCTGTACCAGCTTCTCACAAGGACCATCGACCGTGCACTGGAAGATGCACGGGAGCGTGCAGGACTGAAGAAGCACGAGCTTGAAAGCGTTTTTCTGACAGGAGGAAGCAGCATGCTGCCGGGAATACGTCAGCGGATCAGGGAGTATTTCCCTGACTGCAGTGTATACAGCAACAATCCCTTCGAAGCGATTGCCCGGGGGGCCTGTCGTTTCGCAGGCATGCCTCTTGATCAGGCACTGACTCATGACTACTGCCTGCAAAGCTGGAACCGTGAACAGAAAAAGTTCGAAATGGTCCCGGTCGTACCGAAAGGAACCGCCTACCCTGTTCATGAACCCGTGACGAGCAAATATATCAAGGCCGCCGGACGGCAACAGCAGGTACTCGGGCTTGTCATCTTCGAACGATCTGTCATGCAACGCCCCTCAATACGTTTCGTTCATGGAGCAGAAGGGCTTGAACCGGTAAGGGACCAATCCGGAAAGGAAACACAAACAAAGGCCCTCAACCCGCTGGACAATGATTTCATCCATGCCGACCCTCCCTGCAATCCAGAAGAACGTCGTTTTATCGCAGGCTTCGGTGTAGATGAACAACGAAGACTGACCATATGGCTCAAGGATACCCTGGAAGGCAACAGGTCATTTATCCGGCTTCGTGACAATACCAGGTTACCACTTCCCGTGGCGAACCTGCCGGTCGTAAAACTGTAACTGAAATCCACCAAAGAAGAGAACCCATGAAATGGATGGATGAACTTCTTCTCGATATTGCAGCCCGGATTGCTGTAATTCAGATCGTCTCCCCTGACGAAGAGGACATCATGCAGTCAATGGCACATATTTCCCGCAGCCGGCTTTTGCCGGAAGGGACAGGAATGTTCAGTTGGGATATCGCCGCACAGTTCAGTGAACTGTGCCCCCCTGACACCCCTTTTCAAAACCGTACGGCGACCTATGAGAGCATTCTCGGCATCATTGCGGGCTATCAGGGACGTGCGGTATTTATCCTCAAAGACTTCCATCATGCCTGGCAGCACCGCAGCCAGGTCTTGCGTATGCTGCGGAACCTCGCATCGGAACTGCCGTCAAGGACAAATCCCCTTACCATCATTCTCACCAGTCCGGAAGACAACCTTCCTTCAGAACTTCGTCATGACATTCCACTCATTGAAACCGGAAACCCGGGACCGGAACGCCTGCACGAACTGCTTCTGCGTACCGCCGGACCGGTCAATGCCCTGGAACATGCACCGTCCGGACTGGTACAGCGCCTCGTGGAAAGTGCCCTGGGACTCTCACTCAGCGAAGCAGGCCGTGCATACCGGAAAGCGCTGGTCCGGTGTGGACCGCACGGTCTCGATGAACGGGCCGTACGGATGGTCACGCATGAAAAACAGCATATCATCCGCAACAGCGGAGCTCTCGAGCTCTACCCGTTTACCGGCAGCATGGTAAATGTCGGAGGACTTGGAACATTGAAAACCTGGCTGGACGAACGCCATGATGCCTTCAGTGCAGATGCCCGTGACTACGGGCTTACCATTCCCGGCGGAGTGGCGCTCATAGGCATACCAGGGACAGGAAAAAGCCTCTGTGCAAAGGTCACTGCAGGGCACTGGGGAATGCCGCTGCTGCGAATGGATGTCGGCGCCCTGTTCAGCGGGCTCCTGGGATCGAGTGAACAGAATGTCCGGAAAGCCATCCGCATCGCGGAAGTTATCGCCCCGTGCGTTCTGTGGGTGGATGAAATCGAAAAAGCCTTTGCCGGCTCCGAAGGGGACAGCGGCACTGCAAGCCGGGTCCTGGCGACATTTCTGACCTGGATGCAGGAAAAAACCGTACCGGTTTTCGTCTTTGCGACAGCTAAC
CP020873.1_gap67	2275746	2276727	981	GATCCCCGGAGCCAGCTCCGCAAGGGTCATCATCACCCGGGAGGACATATCACCGTAAAGCGGGTAGTTGGAGGAAAATACCGCAACGTTGTGCCGCTCCAGGAATGAACGGCACCTGAACTCCGGCGTTCCCATGGCAATCCCCAGAGCCTTGGCCTCTTCCGACCTGGCGATAATACAGCCGTCGTTATTGGACAGCACCACTACCGGCCTGCCGTTCAAACCGGGATTGAACACCCGCTCGCACGACACGTAGAAGTTATTGCAATCAACAAGAGCGAACATAACGGAAATATACAACAGCCGCACCTCCATCGACAACCGTTCTCCGGAAATACACCACAGCAGCTTGTCCGGTCAGGGTTTTTTCATATATTAACGATTGTTAATATCTCGTTCAGACCCCGTAACGCCACAGAAGTATATCCATTATGAGTTTCCAGACCGATACCATCCATGCCGGTGTCTCGCCCGATCCGGCTTACGGCGCCATCATGACCCCGATCTACCAGTCCTCCACCTTTGTCTTCGAAGATATCGGCAGGCACAAGGGGTTCGACTACACACGCAGCGGCAATCCCACACGCAAGGCACTCGAAGACAACCTGGCCGCCCTGGAAGGTGCCTCGTTCGCGGCTGCCGTCACCAGCGGCATGGCAGCCATAACGACCGTCATGCACCTGTTCAGGAGCGGCGATGAACTGATCTGCACCGACGACTGCTACGGCGGCACCGCACGCCTGCTCAAAACCCTTCAGCAGCAATTCGGCGTCATCGTACGGTTCGAAAACCTCCGGGACCCGGACAGGTTCGAAAAACTTGTCACTCCGGCAACAAAGGCGGTCTGGATCGAAACCCCGTCCAACCCGCTGCTCAACCTGATCGACATCGAGGCCACTGCCGCTATCGCAAAGGCACACGACCTCATCACCATTGTCGACAACACCTTTCTCTCTCCCTACCTGCAGCGGCCCTTCAGCC
CP020873.1_gap68	2345505	2346621	1116	CCCCTTCATTCTGGTCCATTCTCATGTCCAGAGGACCGTTGCGCATAAAACTGAAACCCCTCGATGGCGTATCGATCTGAAACGAAGACACCCCGAGATCGAGCAGAATTCCCATCACCGGAAGATCGTCCTGCATCGAGGACCTGATATCGGCGACCACCGCCGCCATCGTGCTGAAATTTCCTTTTTGCAAACGGATATGGCCCGAAAACTGAGCCAGCCGCCGGGCAGCGGACTCGAGAGCGGATGTATCCTGATCGATACCGACAAGCAGTGAACCCTCGAGCATACCGTTGCGTTCAAGGGCCCGGAGCATCGCGCCGGAATGACCACCTCCCCCCAGGGTACCGTCTACATATATTCCCGGTCGGCGAACGAGGAAATCCGTTATCTCATCTGCCATGACCGGCAGATGATACTCATCATATTTCATAACACGCTAAAAATATTTCCCGGCAAGGACATGAACACGCGATGCGTTCTCCCTGACAACCCTGGACAGAACCGGAGGAGACATGAGGATCAGCTTGAGGCTTGCACCGATAACGACCACGTCCCGCTCTATACCGGCATGCTCGAGAAACTCTTTCGAAAGCGCAATCCTGCCCTGCCGGTCCATGTCAACGCAGTCGAGACTTTCATACAGGAGAGTTTTCAGCAGACGCTCATCGGGATTGAAATCCGAAAGCCGCATGATAGCCTGTTCTTTCTCCTCCCAGATATCGGGTTCATAAAGCTCTATCGATCCACCGGGCACTTTCATGGCATACAGGCAGGATGGCAGCAGATCCCCGCGTTCACGGGCTTGCCCTGCCTCTGCAGGAGCGACAGCCATACGCCGCCGAAACCTTGCAGGGATCATCAGGCGACCTTTATCATCGATGGCATGCTGCTCTTTTCCGATAAAACCTGGCATATTCCCCCCCGAGAACCATTCCGCAAACAAGTTGCACCAATTCATACCACAACACCCCACAACCTACCACTTGAAAATTATATTAAAAAAATGCAGGTGCAAAAAAAATGGTGTAGTATTTTATTGGCCGGTACAGGCATTTTTAATCTCATCCACCCCCTGAAAATCTGATGAAACCCGTTTCCGCAGAATTTCTTGTT
CP020873.1_gap69	2352226	2357102	4876	GCCCCGAACGACGCGCTATACTCCTCGGCGCTCTCCTGTCCCGCAGGGAGCGGAGAACTCCCGTTATCGGAGGGGCGCGCGGAACTCACCTCCGCCCCGAGCTGCACAGCGGGAAGGTAGGCAAGTTTAGACTGGCCGAGACCGAGCCGGGCCGATTCCATCGACTTGATCGCCACCAGCAGGTCGTGATTGTGCCCGAGTGCGTCACCTATAAGCTGAACGAGCTGCGGATCACGGAAAAACTCCCGGTAGGGAATACGTGCAGCAACGAGTGCTTCTGCAGTCCGGGCAGCATCATCTTCAGGAAGCTGGGTACCACGGTAGCTCCCGGGCAGGTCCACATCCGGCCGTGCGCTCCCGTCGAACGAAGCACAACCACCCAGAGCGACAATGCAGAGGGGTAGAAACAAGCCTTTCGTCTTCATACGGTAATCATTCATTGGTTATATCGGGTACTTCTGCATCAGGATCGTGGGCTGGCCCGCCGATACGCTCCTGCAGCGACTGGAACACCACGTACAGCACCGGAATGACCAGCACGCCAAGCGCCGTTCCGCTCACCATGCCACCGACAGCGGCCGCGCCGATCGAATGGTTGCCGATCGCCGACGGACCAGTAGCCTTGAGCAGCGGCAACAATCCGGCAGTAAAAGCCAGCGACGTCATCAGGATCGGGCGGAACCTGGCTTTGGATCCCTCGATAGCCGATTCGACAAGCCCCATCCCTGCCCTGCGACGCTGGATAGCGTACTCAACGATCAGGATCGCGTTCTTGCCAAGCAAACCTATCAGCATGATCATGGCGATCTGTACGTAAATATTGTTCTCGAGCCCTGCCGCCATAACGCCCAGGAACACACCAAGCACACCTGCCGGGATCGACAGGATGACCGCAAGCGGCAGCAGGTAGCTTTCGTACTGGGCTGACAGAAGCAGGTACACGAACACCAGCGACAGGATGAAGATGTAGACCGCTTGCCCGCCGGACTCCACCTCCTCGCGGCTCACGCCGTCCCAGTCATACGAATATCCAGGCGGCAGTGCAGTTGCTGCAACCTCACGCACCGCATCGATTGCCTGCCCGGTCGAAAAGCCCTGGGCTACGTTGGCATTCACCGTCAGTGAATTGAACAGGTTGAAATGATCCACCGTCTGCGGCCCGTACACCCGTTCAAGCGACACCAGCGAGTTCATCGGCACCATCTCGCCCGTATCGTTCTTCACGAACACCTCCCGAGTGACGACGGGTCCATTCTCGCATCAGGCTCGGCCTGCATCACCACGCGATAATATTTGCCGAACCGGTTGAAATCCGATACCTGCACGCTGCCGTAGTACGCCTGCATCACCGTCAGCAGGTTCTCGACATCGACACCGAGCTGGCTCGCCCGCTCCTCGTTCACCCGGATCTCCCACTGGGGATAGCCGGTAGCGAACATGGTAAAGGCCGACGCAATCTCGGGACGCTGCATCAGCGCACCGATAAATCCTTGTGACACCTCGCTCAGCTGACCGAGTTCGCCTCCGGTCCGGTCCTGCAGCACGATCTCCAGCCCCCCCACGTTGCTGAACCCCGGCACCGTCGGCGGCTGGATCGGGAAAAACGTCGCCTCGGTGAGAGACGACACCTTGCCAGTAAGCCTGCCCATGATCGCCCCGATATTCTTCACCATTCCACGTTCCTCAGGATCCTTCAGGCTCACGAACATCAGCCCGGCAGAGGGGGAACTGGAGCTCGAAATCAGGTCGATACCGGCAACGGTAATCACCGTCTCCACGCTCTCGTCCTCACGCAACATCTTACCGGCATGATCGAGCGTCTCGGTCGTGCGCTCGAGCGACGCTCCGGGCGGCAGCGTGGCGTTCATGATGAAAAAGCCGCTGTCCTCGTCGGGAATGAACCCTGAAGGCGTCACCATCGACATCCAGAACGCCAGCCCGCTGACTACCCCAAGCCCACCGAGACTCAGCCATTTACGCCTGATCAAGAGGCTGGCCGCCCGGCGATAACGTTCCGTCAAAGCTGAAAATCCTGCATTGAACCCCTTGAAGAGGCGCAGCTCGACGCCCCGCAGCCAGCCAACCTTCTCGCCACCCTCGCCGATATGCTTGTTGGTAAGGAACAGTGCGCACAGTGCCGGGCTCAGGGTCAGCGCGTTGAGCGCCGATATCAGGATCGCGATAGCCAGCGTAAACGCGAACTGCTGGAAAAAAATACCGGTCGATCCCTCGAGAAAGCCGACCGGCAGGAATACCGATGACATCACCAGTGTAATAGAGACGATCGCACTCGTAATTTCCCTCATCACATGATGCGTCGCCCTGTTGGCCGACAAGTGTGTCTGCTCCATTTTCGCGTGAACCGCCTCGACAATCACGATCGCGTCATCCACCACGATACCGATCGCCAGCACAAGGGCGAACAGCGTCAGCAGATTGATGGAAAATCCAAACAACGTCATGAAAAAGAACGTACCGATCAGGGCAACCGGCACGGCAATCGCCGGAATCAGGGTAGAGCGGAAATCCTGCAGGAAAATGAATACCACGAGGAACACCAGCAGGAACGCCTCGAACAGCGTATGCAGCACCTGCTCGATCGATGCATCGAGCGACCTCTTGGTGCTGTAGGGAACCAGGTAGCTGACCCCCTCGGGAAATGAGGCTGAAGAGTTCTCAAGCACCTCTTTCAGAGCCACCTGGATATCGTTGGAATTCGAACCCGCCGCCTGGTAGATCGCCATGGTCACCGATGCCTTGCCGTTCGCCTCGGCATTGACTGCATAGCTGTATGAGCCCAGCTCCACACGCGCCACATCATCCAGGCGAAGAAGTGAACCGTCCTCATTGCTGCGAATGATGATATTGCCATACTCTTCCGGCGTCTTCAGCTTCCCCTTGTAGCGCATGATAAGCTCCAGGGCACTTTCCGATCCCTCGCCGAACCGGCCAGGGGCTGCCTCGACGTTCTGAGCCTGGACGGCAGCCATCACCTCCTGTGGAGAAAGGTTGTAGGCCGCCATGGTTGCCGGATCGAGCCAGATGCGCATAGCATAATCCTTCGAACCAAACACGCTGGCCTGCCCGACACCGTCGACCCTCTGGATCTCCGGCAGCAGGTTGATCTTCACATAGTTCTGCAGGAACGTCGAATCGTACGTATCGGGATCGTCGCTCACCAGCGAAATCAGCATGATCATGCTGTTCTGCTTCTTGGAGGTCGATACCCCGATCTTCGTCACCTCCTCCGGCAGCTTGCTCGTCGCCCGGGCTACACGGTTCTGAACGTTCACCGCCGCCTGGTCGGGGTCCGTTCCCTGGCGGAAAAACACGTTAATGGCAAGCGAGCCGTCGTTGCTCGACGTCGAGGTCATGTAGGTCATATCGTCGACACCGTTGATTGCCTCCTCGAGCGCGGGAGCCACCGATCGGGCGATCGTCTCGGCATTCGCTCCCGGGTAGCTGGCCGACACCTCGACGCTCGGCGGCGCGATGTCAGGGAACTGCGTCAGCGGCAGCTGGGTAATCCCGATCAGGCCGAGCAACACGATGAACACCGAGATCACCGTGGCCAGCACAGGCCGGTTGATAAATCGTTCAAACATCGTCTCTACGCTCCTTCTGCCTGGTTTGCCTGTTGCTCTGATTCCTGTGCACCGCTCTCTTTCGCATCCGGATCAACCGGCTGGATCGGCGTTCCGTCCGGCAGGCGACTGAAGCCCGACAAGACAATCCGGTCACCATCCTTCAGTCCTTCACTCACGAGGTACTCGCTGCCTGAAACCCCTGCAACGGTAACAGGCGTCCGTGCAACCGTATTGTCATCATTCACCCTGAAGACGAATACCCGGTCCTGCAGGTCCATCGTCGCAGACTGCGGCACCGTTATCATATCTGAATAGGTCCATGCAATCCGGACCGTTCCGGTATTCCCTGAACGGAGCAGACCATGCTCATTGGGAAACGTCGCCCGGAACCGAACCGATGCTGTCGTCCGGTCGAACTGCCCGCTAACAGCGTCGAGCTTTCCGTTTTCTCCATACAGGCTGCCGTCGGCCAACTCGAGCGTGACCGGGGTACCGACACAAGCTTCTCCTCGAGAGTCTCCCCTCGAACTGCTGCTTGAAACGCGTGAAATCCACCTCGCTCAGGCTGAAATACGCATGAACCCGGCTCACGTCCGTGAGCGTCGTCAGCGCCCCATCCTGCCCCGCCTTCACCAGGCTGCCGAGACGGAAGGGGATTTCAGCAATATACCCCGACACCGGAGCCTCGATGCGGGTATAGCCAAGATCGATCCTGGCCTGTTCCTCCGCGGCCCTGGCCTGGGCAAGCTGTGCACGTGCAGATCTCCGGGCGGCTTCAGCCTCGAGCAGCTTGATTTCCGACACCACCTTGTTCTCGACCAGCGGTTTGTACTTTTTCACATCTATATCGGCAAGCCAAAGCGCAGCCTCTGCCGACTGCCGGGCGGCGACGGCCGCATTGAGCGCCTCGCGATACGGTCGCTGGTCAATCGTGAAGAGCAGCTGTCCCGCTTCGACAGACTGCCCCTCGTCCACCGCAATCTCTTTCAGCGTCCCCCCACCTGGGGGCGTACCTCAACCGTCACCACCCCTTCGAGCACGGCCGAATACTCCTTCTGGACCACCACCGTCGAACGCTGCAGTTCCTTCACCGGCAGCGGCCTTGGCTGCTGTTCGGCGCCCTGCTGCCCCTCTTGGCCTCGATTGCATGCGCCGAGTGCAAGCAGTACCACAAGGCCCAGCACGGCACGCAGGCTGAAGAGTCTCTTCTTCTCTGTCATATCATCAGGATTTCGTTGATTTCATGCGGCCGGTACGTGGATACCGGCTGTTCATTTTCATGTATTCAA
CP020873.1_gap70	2358788	2363097	4309	GATCAAGGATTTGCACAGCTTGGAGCATTTCTATGCTGGTCGTTGACGCATCCTCCATTATCTCTGCCTGGGATAATTACCCGATCCGGCAGTTTCCGGGGTTATGGGTATGGATGGCAGTGTTCGGATAGTATCCAGATCACACAATTTTAACTGAACGCGCATCGAAGTATGCAGATACACAGGGTCGGCAGTTAGAAATAATTTTCGAGGAATCAGGAAAAAAAGAACACCGAGATATTGTCCGTTATGCAAAAGATCTTAAAAAAACAAAGGCTCGAAAAATCGAGCCTTTGAATATTGTCGGCTTGCTAGCTGTGCGCAAACCCCGGGGCATAAGCCCATATATTATGATTATAATATAAAACTTTTTGCACTATACGTGCAAATGATTACTACTCCCCACCCTGTCCAGACAATTTGAACATCCGGCTGCGGAACTCCTGGGGGGTCATGCCGGTCTGCTTGCGGAAAAAGCGGCTGAAATACGCCTGTTCGCTGAACCCGAGCCCGTAGGCGATCTCCTTGAACGTCTTGTCGCCATAACCGATCTCGCGCCGCGCCTCCATCACCAGGCGGTAATGCAGGATCGCCGTCAGGGTCAGCCCCGTCGCTTTCTTGAGGATCTCGTTCAGGCGCTTCGGAGACAGGCCGATGCGCGATGCGTAGAACGAAGCGCTGCGTTCTCGCTTGTAGTGGGTATTGATCAGCGAAAAGAGAGAGTTGAGGCGTGCCGCATCCAGCTCGAATGACACCGGCTTTCCGCTGCCGGTGCGGGCAAGGTTGCGGAGAAACACCTTGAGCAATGATGCAAACACCTCGGCATCGTTCACACCTCCGCACTCCTCGCGCATCAGCTCGCACAAACGCCACAGCGTGCCCGACAGCCCTGAACCCACCCCGATCCCCTCGTTCACCAGCGGGTTGAAAAACCACCGGCTCTCGTCATCGATCACCTGCCCGTACATATCCACCGGAAACAGTATGCGCACGCCGTCCGCCCTCTCCATCGGTGAGAGCACGTGCACCTGCGCCGGGGCCAGGCAGTAGATGGTATCAGGCTCCACCGGGTAGCGCTCGAAATCGATCATCTGCTCCACAGCCGCGCCTTGACGAAACCACACAATCTGGAACAGCTGAAACCGGCAGCACCCATCCTGCATCCCCGGCAGCTGCTCGTTCAGGGGCACAATGCCGTAGTACGTATCTGGAAGGTCCGTCATGGTACAACTGAAAGTTGAACGATCGAGTGTAAAATATCCAGAGTAAATATATGATATTGCAAAGACTTACCGTGGAAAGAGATTACCAGTTACTGTGCACAGAGACCTCAACTCGTTCAATGGCATCCAGAACATGCAATCTTAACTGACGGTCAAAAATATAAAGATTCAGAACCGCGTCAAACGTGGTCCCAGGGCGAAAAGTATGAGTGGAGTGATTGGCTTCAAATGGAAGCCAGTAGGCGCACAACCGATAGTAGTTCAGATGCTGAAGATAAAACTCTGCCTGTTTCCAATCTTCTATGACCATTCCGCGAGTCTCAAGGAGCGCCACCTGGTCACTCCAGATCTTGGGGGGTTTGGTAAAGGAAGAAGCCATGATATCAGAAAAGAAAAAAAAGTAACCCGCCTGTTTGAGGATATGCTTGCGCACATAGCCTTGGCGGGTTTTGTTATAAGAAATGTACATGATTTATCTGAATCAGGTTCACGGGCGATGACAGTGAGCAATACTCGAGCAGCACGATCAGGTTGACGACGTTTTTGCTCCCAATCCTGTACCGCTCGAACATCAAAGCCAAAGCGGTTAGAAAATTCAGGCTGTGTAAGCCCTAAACTCATTCTGATGGCTTTCACATCCACCTCATCCGGGACATGGGCGATAAAACCTTCTGAGACTTCTCCACGGGCATATGCCAAAGCTTGCCTGGCTGATTTGATGAGCTTACTTCCTGCTACTGACATTTTACTTTCTACTACTGAATAGAGATCCGGATTTTTTTCCCTACGGCCTCAGCATAATTGTACAACGTTGAAAGCCTGATATCATCGGCATGGTTTTCAATTCTTGAGATTGCCGATTTTTTGGTTTTCATTTTTTCAGCCAAAGCCTCCTGAGTAATCCCGGCGCTTAGCCTTGCTTCTTTTAACATGACCCCGATTTTAAACTCTTCGTATCCTTTATCAAAGGTACTGGCAAATTCAGCATCATTGCTCTTACGCCGCTCTATTGCTCGTTGCAGGTCATCCATACTTCTTCCTCCTGAGATAATCATTCTTGCGTTGTTCAGCCAGTGCAATCTGCTCTGGCGGTGTTTTCTGTGTTTTCTTTGCAAAACCGTTAGTCAGAATCACCAGGTCTCCTTCATCGAAAAAACCGAGAAGACGAAACTCATTATTACTTTGTGACGCTCGTACTTCCCAGATACCATCCGTGTTCTGTAGTTTTTTGAAATACTCTGTCGGTACATGCGGGAAGTCAGCGACAATCCTGAGCACCCAAAAAACCTTCTTAACCTCTTTTGTCGAAAGAGAATCAAGAAAAATCATCTATTGGACTATGCCCCGCCGATGTCTTAAAAAAATTGATCGTTCGCATGATCAATGTTAACAAATAAGTGAACAATCAGCAAAAACAAAACGCGCCTCTTTAATAAAAGATCGTATCAGTGATTGGCTTCAGTGTTGATCCAGCCATCGAGAAACCGGACAACAGCGTCAAGTTCATCAAGAAATTCACTTGAAAGCGGTATTTCATACCAGAATACCACGCCTCCCTGCCATAGTCTCTACAGATGATGATATGCAAAAAACACAGGGAAACAGACTTCTTCGCTTACGGAACAGCGTCCCCTATCCCGCGGGTACTATTCGACAAGCACGAACAACCCGGATCGTGCGGCCTTCCTGTCGAACGTCAGCACCGAATCGGCTTCGCACGCCGATACGGCATATCGTGCTATCAAAAGATCGGAAAGATCGCCCCTGCTCCGTCGTGCATCGGCAATACATGCGCGCACTGCATCCTGGGCGTCGAATTCCAGCACCGGAACCTGCATCAGGGCATCGACAGCATCGAGAATCTCCTGCCTCGCAATCCCGTATGCCGACTCCAGCACCCAGAACAATTCGAGAACGACCGGCACCGGCACAAAGAACACCTCCCTTTTTGCTTCCGCCTGCCGGAACAACCGGTAAACACGCTCAGCCTGCGTGGCGTCGTCGTTGGTCAGAAAACGAACCAGTATGTTCGTGTCAAGCGCTCTCATCAGCACCCCTGCCGTACTCTTTTTTGAACTTCCTTTCAACGGCCTCTCTCATCTCTTCCGTTGATACCGGAGCCCTGTCCTTCCTGTACAGCTTGCCGAAAACCTCGTCAACAGACTTCTTCACCGGCCTCACGGTAATAATTCCAGCCTCTTCGCACACAAATTCAAGTTTGTCGCCCGATTGCAGGTGCAACGCATCGCGAACCTTTTTGGGTATCGTCACCTGCCCCTTGCTTGTCATCGTAGCTACCGGCATAGCATATTTCCCCCATTACTTTATTAAGATATCCTTACTTATATGTAAGGAATAACGAGCAAACGAAATAATCCGTTCTGCTAAAAATTGTTTTGGTTCAGCGTGAATCCCAGTTCATCAAAAAATTCACTTGAAAGCGGGATTTCATGCCAGCAGACCACGCCTCCCTGCCACAGTCTCGACAGATGACGATGTTCGAAAAACACAGGGAAACAGGCTTCTTCGCTTACTGAACAGCGTCCGTGTGCCGCAGCAATGCTGCGTGAGAGATGAGGGCCGGCCCCTCGCAATCGGCTTGCAGGAGCAGGTTGCAAACCACCGTAAGCGGCTGGGGTCAAAAGCCCTGACCCTGAGCGTTACGAAAAAGGCATCGAGAAGAATCTGAAAACTATCAAAAGCGGTCAACCCGATACTGAGAGGGTGAAAGAACTACTTCTATTGATACAATGCTTCGGCAATGAGTCCGGTATGGCAACATGTCAACTTGTATCTGACAAGGTGACTGATGCGGAAATACCAGAAGCTTGCAGATCGTCTCAAACGCACGATCAAGGTGCTCGAACGGATAGCGAGAGCAACACCGTCAGCGTTTGTACATTGGGAAGCCGGGTTTATCCCGAAAGGCTGGATAATGGGAGCCGGATGAGCGGAGACGTTCACGTCCAGTTCTGCGAGAGGCTGGGGGTGAAACTCCCTCGGCCTACTTACCCCTATTCCCCTTGTAATCCCGAGCTTATTCACTGTCTCCCAATGCTCTACGGACTGCATCAGGTTCACGGGCG
CP020873.1_gap71	2378653	2381256	2603	TCCTGAATGCAGAGGTCTCGAGAATATCGTCGATCTCGTCGCGGAACACATTCCCGCCGTTGAATTCCTCGATCCCGACAAATTCACTGCATGGGAAAATGTCGCCTTTGGCCGACAGGGCCACGAAACACCGGCCTCCTCCGCAGGGCGAGATATCGCACATGAGCTTGCGTGCTGTCGGGGCGAGAATGGAGAGCATGATGTTGGCAAAGTTGGCGACAACGATTTTGCGCCCGGTTTCACGGTAGAGCTGGTGCGAACGCTCGAGAGCCTCGAGATAGTGCCCGGCCATCGCCGCCTCATCGGGCTTTTCGGCTTCACCGCCCGGCTGCGTGCAACGGACGGGATTGAGCATGCAGACCGGCACCCCGGCACTATGCAGAAACTCGATGACATCGACAAGCGATGCCATATTCTGCTTCGTCACGGTACAGATAACGCTGTAGCTATCGTACCCTCTGAGCATCTCCATCGAGGCCAGAACAGAATCGAACACGCCATCTCCTGACCAGGTTTTCCTGGTTGTTGCCATCAGGCCAGGCTGGTGCGCGTCGAGCGAAAGACCTATGCCTACGTTACGGGATGTCAGGAAATCGACCGCCTCACGGTCCAGCAGGGTGCCGTTGGTCTGGACACCGAACCTGAAACTGTCACCGAAATGGCTGATGGCATCAAAAACCGCCCTGCGGTTCATGAGCGGTTCCGAACCGTGAAAGATCACTTCCGGCCTGAACCCCCGGGTACATGCCGGCTGAAGTAAGCCTGCAGGCGCGTAAGCGATTCGATCAGGTCTTCCGATGACATATCGACACCCTCACGGCGCATGTCTCCGGGAATGTAGCAGTAGGAACAGTCGAGGTTACAGCGCTCGGTCGGGTTGACGTACACCGCAGATGGCTTGAGGCTGCAGCGGAGAGCATCCATCTCCTGCATGAACTCTTCGGCTTTTTGCCGGTATTCCCGAGAGAGCGGGTGATCGGGTGAAAACACGTCAGCCAGTTCCTCTTTGCCGACAAGGGCCCAGAACGCGGTATCGGGAGACACCACGGCCATGTAGTCCTGATGGCCGATATCGACCGGCACAAACGACACGCCGTTACCGGAATTTACCCACAGGCCTCTCGACGAGGCCTGTTTTCCCATAGGTTGTCCTCTCATCTCCTACTTCGCCTCCCTGTCACGAGATGGTTTTTCGATCAGGATGTAATGCGACAGGCCGGTTCCGCTCGCATCCTTGCGTTTTCGCAGAGCAATGATTGCCCGTTTGTTTGTTGCTGTTGCCTGGTTGTTCTTCATGGTAGCCTTCCTTTTTTTTGTTCAAAAAGAAAAGGGCTTCGTCCCACCGTTACCTCGATGGAGCGAAGCCCTTTACCATTGGGTTTCTGCAGGAATATGCCGGTAGGCACATTCTACTATGTATTTTCATGCAACAGGTCTTCTGGCTCTCGGATCTTTCCTCACCTGCAAGCCTTCCCGTACCGGTGAACCGGAACAGTGACTACTCGGCAACAAGTCTCGTGCAGGATCAGTCCCCGATTACAGCGGCGGGACCGCCACGGATTTTCACCGTGTTCCGGGATGCTGACATGAACAGCTGAAAAGTACATTTCCCTTCAAAAAATTCAAAACAATGAAGGCAGGTCCGTTACTCTTGACCCGCGCAATCGGGGAACAATACTGCACAACTGGATGACAAGCTGGCAACAAGGCCGGAAAGGGGGCGACCAGGGATGATGACAGCTTATGGTCGCCTTTCCTGAAAAATAGAGCCGTGAACAAGACTGGCTGATAGGTAACTCCCGATCATTCATCCAGGGTACAGGTATCATTGTTTTGTGGCTTCGTATTTTTTCCTGCCGTTGCCATTATGAGCTTCATCACCGGCGCCCTGTGGGTTGTAATTGCTCAAAATATTGATATTGCGGGCATTGTCACTCTCGATCAAGACGAGAAATGTACAGCCGATGATAGATGTGGGAACCGTAACGCCTCCTGTCCTGGAAAAGCCGCTTGCCATGCCGGCAATAATGCTTTCAGGGCCTTCGATGATACCCGAAATCAGTGGTGACAAAGAAAAACCTCCACTTTTTGAATCAACCCCCATTCCATAGCTGATGGCCTCTTTCGAGCTAAGCAGCGTCACGTTGTGGTTTTTTAGTTGCCTTACATTTGCGACATAATGTGTTGCATCGTGAATAAGTGTCGCAAGATCGACTTTCCTGGCCTTACCTTTCTTGCTTTCTATGGTCAGAGAGCCGACAAGCTCTCCCCGGGCACGGCCATCGAACGAGAACAATACCTCAGGATCTTCATTCCTCTTGCGTTCAGGTACGTCAGCACTGTTATTACTCCGGCAATTAAAACTACGAAGCTTTCGCATATCGGACTTTCGGATGATTGAATAGATTTGCAACTTTTCGAGGTGATTTCTGCAAATGCCTCAAATGGGAAATAGTCTTCTTGCGAATTGTTTCCTTATTGCGTGAAACGCCACCTTTGTTTCCATGCACTGAATTCTTTAAATCGTTATTGAGATACTCATCCGGATTCAATTCCGGTGAATAAGGAGGGAGATAGAAGACTTCTATCTTGTCCTTGTTGTT
CP020873.1_gap72	2414226	2414726	500	CGAGCTCTGAAACCGTGCTTGTTACGTCTTTTTCTGTTGTGCGGCTGAAATGTCCTTTTCATGATATAAAAACTCCTCGTCTATGCTCAAGGTTATAACTCAAAATTCAGGACCCTCAATTTAGCACAATGGTTTTTCAATTCCAAAAACAAATACCGGACAAGAAAGTATACCTCACATTTCCACAACATCCGGCAACCACCCTTGCCCACAATGTGGATAACTTGTTGATAAAAAAATTTCATGTCAGCAAACACGCATAAAACCTGACTCAAACTTTTTTCAACACATGTGGACAACTCAAGGCATAGCGCATCATAAATATAAACAAAAAAATAACTTACACTGTGGAAAAAACATGTTGAGATTCTGTTACATCTCGCTCTCGATTTTCTATACTCTCTTTGTTTTTTATCCACCGAAAGTCTTAAATTATGCACATCGAATGTTGATGATTCACTCTCACAAGACGTGTTCACGTCTCAAACTTCATAACTTTC
