gap_id	start	end	length	sequence
CP027806.1_gap1	84044	87546	3502	CTCGCAAAACCACAGTAGTGACAGCGCAGGTGCTGCTGCGCCTTGTGATAAGTGAGGCTCACCGAGCAATGCGGACACTCGGGCACATCCCCGCAGGCCTCACACTGCATGAAGCTTGCAAACCCCCGGCGGTTGTAAAGGAGAATGACCTGCTCGCCCCGGCCTACGGCTTCTTCCACCGCCCGAAACAGGGGCACCGCCAGCGGACCATTCATGGCGTAACGGTATTCGGTGAGGTTGAGCACCTTCACTTCCGGCATTTGGGCTCCGGTATGCCGCGCACTTAGCTTCAATAGCTGACTTTTGCCCCGACCGCTTTCTACCAGGCTCACCAAACTTGGCGTTGCGGAACCCATCACCAGAACAGCACCGGCTTTGTGTGCCCGCATGGCCGCGACTTCCCGCGCGTGATAGCGGGGCGCGGGATCGGTCTGATAGTAGGAGGTGTCGTGCTCTTCATCAATGATAATAACACCCAGTTTTTCAATGGGTGCAAACACTGCCGAACGGGCGCCAATCACAATGTTTTTTTCGCCCCGCCGCAGGGCCTGCCAGGCTTCGTAACGCTCGCGGTCGCTGAGCCGGCTGTGCAGAATCGCAATTTTACGGCCAAAAATGAGGTAGAAGCGGCGCACGGTTTGGGGCGTAAGGGCAATCTCGGGGACCAGCACCAGGGCCCCGCGTCCCTGTTCCAGCGCTTCTTTGATGAGGTGGATGTAAACCTCCGTTTTCCCGCTGCCGGTAACCCCAAACAGCAGAAATTTTGCATAGGTGCGGGCATGCAGAGGTTTGAGGAGGGTAGCTGTAACTTCGTGCTGCTCAGGATTCAGGGCTGAGATGTGTTCAGGCCGGTAGGCAAAGGCGGGCTCAGGCAGGCGGGCTTCCCGTTCTTCACGGGTAAGGACACCCTCCTGTTCCAGCCGTTTGAGGGTATAGGGCGTGATGGTCTCCGGCATGGCCACGGTGAGCGCAGCGGTCGTAGCGGGCAGCGGATCCGTTTCCAGCAGTAACTGCCAGGCTTGTTCCCATTTTTTGGTTTTGCCGGAAACGAGCCGTTCGGTCAGCGTTTCCCGCTGCGGGTTTTGCCACACCCAGCACAGCTCGGTACGCGGCTGCAAGTCCAGGGCCGGTTCATCCCACAGCTGCAGCAGCCCTTTTTGTTTTACGGAGCTCAAAGCCCGTTCTTCGTTGGCCCACCGCTGACGCGCCTCCCGCCAGCTCAGCCGCTTTTCCCCGCTGATTTCCGCATAAATGAGCTTTTCCTGCCGGTTCAGGGCAACGACTGCGTCTTCCTTCTGCGGCACAGCACGTACAAAGGTTTTGGCTGAAAAATTGAGCCCCGCCGGAAGCGCGGCCTGAATCACCTCTCCCCATCCGCACACATAAAAACGATACATCCACTCTGTTAGGCGCAGCAGCTCGGGATCAAGAACCGGCTCGCGATCCAGTACACGGGCTACGGGTCGCGTTTTAAAAGCGGGTTTGTTCTGATGCACCTTCACAACCATGCCAATGTTCATCCGTCCTTTGAGGGGCACCCAGACCCGCATACCCGGCTGAACAACTGCCGCATGGGTGCCGCTCAGGGCATAGGTAAAAACCTCCCGTACGGCAATCGGCAGAGCGATATCAGCAAAATGACGAAAGCCATCAGCGGCCTCATTTGTTGGTGTTGAATGCGGTTTACCGGACATGCAGTGTGGTTGTTTTTTTCGGATGATGGATTCTGAACCCGAATTTCATCATCCCAAACATAAAAAAGCCGCGCCCCAAAAACACGGAAGCGCGGCTCAGAAAATGATCTTTGCCTGAAATAAGTTCAGCGCAATGGCATAAGCGCCTTAGAAGCGCAGCTGAAGGCCGAAAGCCCAGGTGCCGTAGCTACTCGGCATAAAATCACTGCCGCTAATGCCACGATAACGGTACTCTACGAAAGGGCGGAAAAACGGAATGGCAGAAATACCGGCTCCGACCGCTCCGTAGTAATACAGTCCGGAATCGCTGCCATCAGGATCAATAACTTCCGCGCCAGCTGTAATCAGCGTACTTTCACGATCGAAAACTTCATATCCGATCCCAACACCGGCATAAGGGGCAATCAGGCCAATGCCGGCAGTCGCAATTACGCTTAGCCCGAAATCGTAGGAGGTATCATCACGTTCGAAGGTGATACTTTCCGCCTCAAAACTGTAGCTTTCGTTATAGAAGCTGGTCTGGAAACGGAAGCCCACATCAAGCAGCATGGGGATGACGGTGAAGTTGTTCTGAAAATGAAGTCCGAAGCCGGTTGTAGGCTCATCACTGCGGACTTCGTAGGACGCGCCCAAAATGTATTGTGCCTGAGCCTGTGAATAGCCAAAAGCACCGAACAGAAGCAGAATCGTAATTATTTTTTTCATAACAGAAGAGTTTAGGTTGATTTTGGGGAAGTGTGCTGTCGTCGTGAATTTCACCTAAGGTACACAAAGCACATCACAAAAACAGTCACGGGCTGTTAACAACATCGCAGCTGCAAAAAGTATCGCACCCTTTTTTTATTTAACGGGTGATGGCTACATATGCGGTAATAACACTTGTGATCGTCGCGATACCAGTCATGACAAGCTGAATATTTCGGTTTCGCATTTCCCTCCGGCGAAACTCATTTTCACGAACCATATCAAGCGACTCAAAGGGCTGACGGTCCACAAAGATCAGATCACCGGATTGCAGGGTTGTTTCTCCGGGAGGCAGCCAGGCATAGCTGCCGGCCTTGATGACAAACACGCGGTCCGGATCGGAGGCCAGGGCAAAACCACCGGCACGGCGGATATACTCCTGCGCGCTCACCCCTTCCGTGAAGGTGTAAAAACCGGCATTCATCACCTGCCCGAACACAAACACGCTTTGCTGATCGCGGGGGATGTGGAGCACATCGTTTTCATAAATGCGGACCTGCGCAAGCTGTTCGGGGTCAGACAGGTCTATATGCACAATGTTCTGCCCGAGACTGTCTTCCAGCTGCAAATACTGAAACCCTTCCAGCAGCTGATCTGAGCCGCGGCGTATGCGGTCAGCTTCGTATGCAAAGGGATTGAGAAAGTCCGGCACAGGCTCCCAGCTTGCCCGGTTACGGGTCAGTCGGGCTGCAGGCGCATTGGCCTGCGGAGTCACTCCGCCTGCAAATTCGAGGAGTTCGGCAGCTGTTGTAACACCGCGCTCAATGGGGAATACGCCCGGAAAGTTGGCTTCCCCTTCCACGCGGGCGGCAAAGTTGTTACGCCGCTCAGCATCAAAGCCTACAACAATGCGGTCGTTGGGCAGCAGGGGGAAATCGGAGGGATCCGTCACGGTAATCCGCTGCATACCGTTCATGGTAAAGCGCTGAACTTCAATTCTGTCGCTGTCTGCGTCAAAGGTAAGCCCGCCTGCAATGCGAAGGAGGTTTTCAACCGTGTCATCGGGCTTATAGTCTGCCGTAAACGGACTCATCACCGAGCCCGAAACCGAGACCTGCGGCGCA
CP027806.1_gap2	89776	94425	4649	AAGCAGGTCGTAGCTATCGACCTCGAGAAAAAAGACGGCGAAAAAACTTTCTATCCGGCTAAAGGCCGTGCCCTTGATCAGTGGCAGACCGCCCCGATTCACGGCTTCAGCACCCATCTTTTCGGCAGCAGCAACTACGAAGACACCAAAGGCTCTGACATCTGTATCATCACCGCCGGTGTACCGCGCCGCCCGGGTATGAGCCGCGACGACCTTCTGAGCATCAATGCCAATATCGTGAAAAGCGTAACCGAGCAGCTCGTTGCACACTCGCCTGATACCATCATCATTGTGGTTTCCAACCCGCTTGATGTGATGACCTACGTAGCCTGGAAAGCTTCCGGACTGCCATCTTCCAAAGTGATGGGCATGGCCGGTATCCTTGATACCGCCCGCTACTGCGCATTCCTCGCTGAAGAGCTCAACGTTTCCCCGAAAGACATTCAGTGCCAGATTCTGGGCGGTCACGGCGATACCATGGTTCCGCTGCCCCGCTACACAACCGTTTCCGGTATCCCGATTCGTCAGCTCATTTCTGACGAAAAACTCAACGCCATCATCGAGCGCGCCAAAGTGGGCGGCGGTGAACTCGTAGGCCTTATGGGCACCTCCGCCTGGTACGCACCGGGTGCCGCTGCCGCACAAATGGCCGAAGCCATTGCCCTCGATGAAAACCGCATCTTCCCGTGCTCCGCATGGCTGACCGGCGAGTTTGGCCACAAAGACCTCTACATCGGCGTTCCGGTTAAACTGAACCGTCAGGGTATCAGCGAAATCGTACAAATTGATCTCGACGCCGACGAGCAGAAGCTGTTCGACGACTCCGTAGCTTCGGTCCGCACCGCACTTGAAGACCTCGAGCGCATCATGAAGTAAGCCTGCGTAACGCAATCTTATTTTCGATGAGCGGGAAGGAAAGGCCTCAGCGCCTGAATCCAATCCGCCAAAAATTAAAAGCCCGCCGGGATTTGTTTCCGGCGGGCTTTTTTAAATTGGCTAGTTATTTCCAAGATAAATTGGACAAGTTTACGCTATCTGTTAGCTCAATCACCAACTTTCTGTTGCGCAGCAGAGTAAGTCCAACTAATTTGGTTGTAAGTCAGAAGATTTGGCTTCTGAATGAAATAAATCCTAATCTAAGTTTTGATGAAAAGTACCATTTACATTGAAACGTCATTTATAAGTTACCTGACGAGCAGAGCTTCAAGAGATTTGGTAACAGCTGCACGACAACAACTTACACAGGAATGGTGGGAAAAGTATCGAAAAAATTATAGCCTGTATATTTCGCAGGCAGTTCTTGCTGAAGCGGGTAGTGGTGACTCGATAGCTGCAAAAAGGCGCCTCCATCTTTTAAACAGAATTCCAACTTTAGTTATTTCTGATGAAGCTCGCATATTCGCTGAATTTCTTGTTAAAGAAACTCCATTCCCCCCGCAAGCAACAGTCGATGCATTGCACATTGCAGTTGCAAGCGTTCATAAAGTTGACTTTATTATAACTTGGAACTTCAGGCATATCGCTAATGCTTCAATCCGCTCAAAACTTGAAGTCCTTGCCCAAAGCAAAAAATTATCCCTCCCTACAATTTGTACACCTGAAGAATTAAGATTTTGACCTATGACTGAAGATGAAGTAATCACCGAAGTACGCAGGGCGCGTGAGCAAATCTCCGCCCGCTTTGATAATGACCTGGAGAAAATTGTTGCTTTTTTTCAGGAAGAGGAAAAAAAGTCACGTGCAAAACTGCACAACCTCCAGGACAAGAACAGCAAACCATCATCTTCCTCCGGAGAGAAAAACACCGGTGAAAATGATACTCCTTAATAGTTGATTTATTTCACTGAAAGGAAGTGCGTTTGCCTCCGGCATCAGATCAACAATCGAACAACCTCAGCCTCAGGTCAGGGTCTTTGAAAAGTATGAGACCTGACCGTATCCTTAAGAGAATGCTCTCACCATCGGCATTACCTATAATAAACCGCGCAAATCGGGTCTTATCCCAAAAATCCGCGTTCCATTTATCCTTCAGTTCATAAACACAATCAATAGGCTAAGCCCCAGCATGATGAGCGCGGGAAGGGAGCGCATGGGCGGATCGCCGATTTTTACGTGCATCATCAGCGCGCCGACCATAAGCAGGGCAATACCCGCTGCGGAGGGCAGCACCAGCCCCGGCTCCATGAAGCCGATCAGCAGCAGGGTTGCCAGCGCAATCTTCAGAAAGCCAACCGCCTTCATCATCCAGGCGGGCAAGCCGTAAGCGGCGAACTCCTCTTCCATATTTTTAGCATCGCCGCCCCGGTAGGGCGTCGGCTTGCCAAAGCGCAGCAGCCACACATTGTAGATGCCGGCGGCCACGATAATTTTTGCTGCAATCGATAGGATTTCCATAAGACGTAGAATTTAAGGTCAGATAAATCGGGGAGAGGATAACTTCCGCTATTTCACCAGCGTCATGCGGCGTGTGAGGGTTTGGGTGCCGCTTGTGAGGCGGTACAGGTAAATGCCGCTTGCCAGGGCACCGGCATTGAAGCTCACGGTGTGCTTTCCGGCTGCGTGCATCCCCTCGGCGAGGGTCGCTACCCGCTGCCCCGTAAGGCTGTACACTTCGAGCCGGACTCCCGCGGCCTCCGGCAGCTCAAAACCGATGACCGTTGCAGGGTTGAACGGGTTCGGATAGTTCTGGGCAAGGCTGATTCCCGCCGGGCGCTCCTGCTGTGCGGGGGCACTCAGCGGACCGGAACGGAAAACAATGACCGAGTCAGCGGCAGCCGGGAGCTCAACACTGAAAGGGTTGAATCCCGCATCTCCTGAAAACAGCTCTCCATCGCTAAACAGCAAAATTTCATAGAAGGCATCTTCTGTTTGTTCGGATGCGCTGAGGCTGAGCGTGACCGGTATCGCAGCGCCCTCCGCATCAAGCGGCTGACGCAGGCTGATGTGCACCGTATCAGCCTCAGCAAGCCAGCGGTCACCGGCGAGGCGTGCATCGAGTACGGGCGCCCCCACAGGAGCAGCGGGTGGAAACAGCCAGGTTGCCGGGTGCAGGGCGGCATCTTCATCCCCCAAAGCACCTTCGAAGAACAGCGGCAGTGCGGCAAGATCGTCCCCGGCCGTAAACTGAAGCCGGGTGAACTGCTCCAGCATCTCAGACGCCGGCGCACTGTCCCGACCCCCATCGTCGCCGGGGTTCAGGGTTACCGGACCGGCTTCTGCCGCGTAGAGCCAGTACCCGCGACCCGGGGCGATCTCGGTATCGCGCTGCAGTGCAGCGCCGTGCCGGTAGAGCGTGCCGGTGACCAGCTGAGGTGCAGACTGCTGCGCACCATCAAAGCCGACCACGCCCAGCGGACCCGAAATCAGGTTCCAGCCTTCGGAAAGCTCGAGCGTGACCTCGTTCAGGAAGCTTCCGCCGAGCAGGGCATCAACCGGCTGCGTTAGTTCCATCCAGAAGCCCAGACCCGGAGCAGGGGTTTCAGTCGGCAGGTAGCCTTCCGTTTCACCCGAAAAAACAAGCGGTGGATGTGGGGCGGCGTCCCCGAAAATATCGCTGAAGCCAAAACCGGGCACGCTCAGGTCAGCGGGTAAACCGGCAAGGTGCCATCCTTCGCTAAATCCAAAACTGAGCAAATCGGTATCGACCTGAAAGCTGCGGGCGCCGGGCTCGCCGATGAGCGGCCAGGTTTCAGCGCGACCGCTTTCGTCGGCAGCCGCAAAATAGTAGTGCACGGTTTGGGCAGAACCGGGGGAAAACTGCCCAACCCAGGTGTGTCCGGACACCAGCGTGAGCGCGCTTTGCTGCCACGGGCCTTCATCGAGGCGGTAGTGCAGCAAGAGCGATTCTTCAATCAGGGCCGCGCCGCTGTAAGGGATGAGGTCAACTTCCAGCTCAAAAACCGGCTGCCAGGCCTGCGTGCCGGTCACGGGCAGGTGCCGCATGTAGAGCATGCCGCGGTCGGGGATTTCCTTCACCCGGCAGTGCAGGGCGTCGGAGGAGTTCCAGCCGGTATTGCCCGGATTCAGGAAACCCAGAATCTCGTAGCCGGGCAGCGCCGCCTGATAGGCCTCAATGGCGGCCTGATCGTGCACGGTGCCCATTAGCGGCACATACACGCGCTCGTTCAGAATAAGCGAATTCGTGTAGGGATGCGGCTGATAATTCCAGGGGGCATTCGGGCTGAGGTCGGGCGTGTCAATCCGATACACCTGATAGGGCGTGCCCCAGCTGCTGACCGCGTTGGCGAAGTAATCGGCTACCAGCTCGTGATCGTCGTAATAAGGTGTACCTTCCGGAACCCGCGCAATCAGGATTTTATCGACGTCCAGGAACTTGGCCCAGGTATCAATGTGCGCGATGGCAGACTGCTGCGGATCAATGGTGACGTGATAGGTTTCGGTGTTCAGATACTCGAACATGTTTTGCAGCACCAGCTCTTCATTGAAGCTGTTTTCTTCCCAAATCAGATCGGTGGATGCCGAGGTGTTCCAGCCGTCGGTCATGTAGTTGCCGCCGGTGTGTACGACGGGCATGCCATAGTGCGGGATCTCAAGCTGATTGGCCAGCGCCAGGGGAATCTGATCATCAAGCGGGCGCGGACGGTTGTAGATGAAATCCACAATGCTGACCTGATGGTTTTCGTCGGCAA
CP027806.1_gap3	107770	108405	635	CCTGCGGGCTACGGTAAGACGGATACGGCAAGGGACGCACAGGCTTGGTTGTGCTCCACACAATATCGAACTGCCCGTCGGCCCTGATTTGCCCGATCCGCACAGTTTTCCACAGGTGCTGTGTATCGCCGTCGATGCTCACCGGCCCGTGCGGGGCATCAAGCGAGAGACCACCAAGCGCATTTCTGACGGCTTCGGGGGAGGTGCTTCCGGCCTCTTCAGCCGCCAGTGCCCATAAGTACACCCCGGTGTAAGCCGCCTCCATAGGATCGTTGATGACCGCATCGGAGCCAAACATCGCCCGGTAAGCCGCAACAAACGTCTCATTCCTGCTGCCGGGCACACTTTGAAAATAATTCCATGCTGCATAATCACCTTCAAAAGGAGCGCTTCCCATCAGCAACAGCTCTGTTTCGGCAATACTAAAAGAAATGGTAGGAATGAGGTCCGGCGTGATTTCGCGCAAACGCAGGGCCTCGAAAAAAGCAATGTTGCTGTCCCCGTTGAGCGTGTTGAGAATGACATCGGGTTCAAGGCGCGCAATTTCATCCGCTATGAGATCAACCGCGGTGCTGCCCAGCAAAACGTATGCTTCCCCCAAAATCTGCCCCCCAAGCGACTGCACCTGATCTTTG
CP027806.1_gap4	109921	110784	863	CGGGCGTTCCCTTCCGCAATCAATCTCCGCACATCAGCTATGAGATGTTCGCCATTAAGTCTGATATCTTCAAAGGCATCTGCGTTCATGGCATTTTTTTTTGAATGGATGTGTAAGGTTTAGCGTCGAATCCGCTCTTTATACGCAAATAAACAAAAGAAGGATTCTAACTTAATTTCATGCTTGCACATACATTTGGCGCCTCTACCTACGGCGTTGACGCACACATTATCGATGTTGAAGTCCATTTTCGGGGCGGAACGCCCTTTTACTCCCTTGTTGGCCTGCCTGACCGGGCTGTAACAGAGGGCAAATACCGGATTGACGCAGCTATCCGGGCTTCCCGGCTGGAAGAGCCGCGGGGCGTCATCATCATCAATCTCGCACCGGCGGACCTTCCGAAAGAGGGCAGCGCATTCGACCTGCCCATTGCCATCGGTAACCTTTTGGGTACCCGGCAAATCCGCAATGACTTTGCTGATAAAACGGTCCTGATCGGCGAGCTTGCCCTCGACGGCAGCCTGCGCCCCGTAAAAGGCGTACTGCCCATTGCTGTGGAAGCGCATAAAAGAGGCTTTGAGTATCTTGTGCTTCCCGAAGCAAATGCCGGTGAGGCAGCTGTGGTATCCGGGCTAAAGGTTCTTGGCTGTAAAAACCTACGGGAGGTCATTGACTGGTTTAACGGGCAAAATAACCTCACCCCTCACACGACAGATGTCGCGGCCCTATTCAGCCACGACAATACTGACCATGCTGCAGATTTCAGCGATGTAAAAGGTCAGGAAAATGTGAAGCGCGCGATGGAGGTAGCCGCTGCCGGCGGGCACAACATGATCATGGTTGGTCCGCCCGGTTCAGGCAAA
CP027806.1_gap5	123240	126602	3362	AGAGAGCGGATTAAGCGGTACCAGGACCGAAAACCCGGCAGATAAGGTAGCCGAGCCGCTTTTAATACTGAATGTATCGAGGCCAATTAACAAGTTGTCAAAGCTTACTGCAACATCGAGCTCATCACGCAATAATTCTCCTCCGCCCGTGAGTGTCAGTCCTTCTGCAGAGAGTTCGGCCTCATTCACGGCAAAGCTAACGAGCGGATCGTCGTCGTTCCAAGGCATGCCCAAGTCGAAGGGCTCGGTAATGGCTACAGCTCCGTCGCGGATGGTGCCTGACAGTACATCGAGCACGAGCGAACCTGTCACCGTGCCGGGTTCAGCGCCCTCCCGTACCGGCAGGCTAAGGCTCACGGCACCATCCAGCTCGGCCTGCTGCTGACCTTCATCAAGGTACAGGTTTAGATCTGCACTGAGGACTTCCAGTTCAACCGGACCCAGAGCGAGCGAGCCGCAGGGCTGAAGGCCGCTGATACTTCCTTCGAAGGCACGTCCCTCTATGATGGCAAGGCTGAATGCGGCGGCGTGGGTACAGCCATCTTCGGCATTTTCAAAAACCGGCAGGTTTCCAACTTCACCGGTTATGGTCAGGTCAAGTGCCTGCCGGAAGCTGTTGGACGGTACCTTGGCGAGTGCCCCGGAAATCTGATCAACCAGTAACGTAGGCGGAGTTTCACCTGAGCCGATGGGCACGGCGCCATCGAGCGGAAAATCGAAATCGCCTACGAGAAACCCGTCATCAAATCCCACATTTTCAAAAAGCAGGCCGTCGGGCAGGTCGATTGCGGTTCCTTCGAATTCTGGCAGCCGTAAGCTGAAATCAAACATAAAGCCGGGGTCGACACTAAAGCCGTCATCCCAGGAAAACAGCACGCTTTCAGGGGTTCGAAGGGCGAGGGGTTCGAGGGTGAACCCTGCCAGCGAAATCTCCGGCAGACTTAGCCCCGGTATCAGTGCTTCGCTGATGTTTTGGGATGGAATCTGAATCCCATCGTTTCTGATTTCAACACCTGTGAGGGGGAAGTGCAGTACCTCATCTTCCGGCAGCGGGATATCGATGGCGAGATCAAGTTCGACAGCAAACTCAAATCCGGATACAGGTGACCAGCTGAAAAGCGGCATTTCGGCAATGGCCTCGAGTTCCAGGCCAAAATCGCCGATATTCAGACGCGGCCCCTCATCAAAAGCATAGCTGTCAAAGGCGGTGATGCTGAGGTAGCCGTCCTGCATGGCACGCAGGGTGAGATCCGCACCGGCACGGTAGCCTTGCTCCGTGAGTATTTCCATGCTGCCGTCTAAACTAAAATCGTAAGTCGGGTTGCCGCCCGTAGCGGGCATGCTGAATGTTCCGGCTACCGCATCAAGTCCCAGCTTTACTTGTTCACCGGGCAGGAGTGCAAGGGAGGCGCCAAGGTCAGTAAGGTTGAGATCGGCCTGAACCAGCCCGTTGCCCTGAAGGAAGAAAGCAACCTCCTGATCGCCTTCAAGCGATTGGTCAAACAGGTTCAGGTGCCCTGTTAGAAATAAGGCAGAAGCGGCATCAGCATGTGCTTTGCCGTATTCTATGCGGCGAAGATCGAGCGGAATATTTTTGTCGCTCAGGTCGAAAAAAGGACTGCCTTCCGGCACATCAGCAATGATGCGCCCCGAGACAACTTCCGGATTGAGCGGGTTTGCTGTTACTGTGAAGGCGTCGAAGCTGATATCCGCTATTTCTGGCGGATTTGCAGGGTCGAGCCAGGGTACGACCATGCTTAGCGGCTGATCCGGCAGGGAGCTGATGATCAGGTTTCCTTCCCCGTCATCGGTGAGGCTGACCAGAAGTTCTTCGTCTTCGCGCAGCTGAATGTAGGCGATACTTTCGGTGGGCATGGGCAGGCGTTCAGGGAGCAGGTGTTCTGCAAAATAGGCCCAGACGGGATGAAAGCCGCCCTGATCAAGGGTGGCAACCGGCGCACCTTCAAGGTAAAACGTAGCTTCTCCGCTGTTTACACCTACAGGGTTGAATCCTACCGCGAAGTCATCACTGTACGTCACAGACAGAAAGCTGTCGAACCTGCGGTCGTTAAACGCCAGGCTTGCTTCAGCGGAACCCGAGGCACGTACGCCGGCGGAGTCAACCTGAACGGACCCGCTTAGCGCCATCTTCAGGCCAGGATCGGCAATGAGAGGCGTTTCCGGGAGGGTAGCTGCAAAACTCAGCGCGTCAAGGCTTTCCCCGATACCGACCTCGACTGCAAAGGACTCATCAAAAAGAATTCTGCCGGATTTGATGTTGCGGTTTTCGAGGCTCAGCAGGAGGTTGTCGAAGGTCACCCGTCGCACCTCGTCGCCGAGCAGGAAATCCTGACGGCCATCAATAAACAGCCCATCCTGCGTAATGGCTGCACTGCTCAGGCTGAAAGTGAGGAGCGGATTCTCGTCGGATGGCAGGTTCCATTCAAACGGTCCCTGAATTTCGAAGGCCACATCATCAAAAGTACCGTCCATCAGATTCAGGGAGAAGGTGCCGGATGCGGTCTGACCGTCTGCAAGTGCAATGGAAGCTTCAGCGGACATAACGGCCTGTTGCGGCTGCCCCGGTTCCCGGCTGAATGAGACTGCTGATTCAGTGACCTCAGCCGTGAAAGGCCCGATTTCGACCGGGCAGTCCGGAACAACATTGGTAACTGCACCCTGCACGCCATCTGCAAAAGTCAGGGTTCCGGCGCTGAATGGCGTTGTTTCACCAGCCTCGCAGCTGAACGGGCTGTCGAAAGAAATGCCGCCCCCCGCCTGCAGCGAACCAAACGGCTCGACGGAACCGTCGTCCATATATTCTGCCCCGGCAGTTCCGGAAAGTCCGGTAAGTTCAAGGGTCACAAAAGGGCTGAGTTCAACAGCACAGCCTTCAAAATCTGCGAGGCTAAGATCTGCCGCGACACGGTTCTGCCGTATGCTGCCGTTTTCGACGGAAAGGGCAGTTCCGATCAGGCAGTAGGGCATGGATGAAGCGGACAGCACGGTTGCCGAGCCGCCAAAGGCAATTTCCCAGGGTCCGGGTCCGAAGCCATCCCAGTCAAAAACCGGAAAATCAAATTCGCTGAGCTGAAAAGCGTCAAGCGTCACATTGAGCTGCTGTATATTAAAATTCGGCAATGGCTGTGCGCCGGCTCCAAAATCAATGCTTTCAAACCGGATACCGTCTTTGTTTAAGGTCAGGCTTTCTATCTCCGGAGAAAGCCAGCCGTCGAAAGCGGGAATGGCAAGGCTTGCATCAAGACTGATTTCGAAATCCCATTCGGATGAAGCCGGATCATAATTCAGCTCATCAAACGCCAGGTTTCTGAAGGCCAGCTCAGCAAAACCAAGATTAAGCC
CP027806.1_gap6	139736	142722	2986	CCCGTTTGAGGCGTCTGCGGTAGCCTCTGTGAACGGTCAGCGCCTTAACACATCGCTTGTAAGTAATGATGCAAACGGAACCGAAGCGGGTCAGGATAGCGCCGTAGTCATTCTCTGGGATAACTCAACCGAAAACATGCCAACTTTTTCAAATGTGGTTCCCGGGCGCTTTACTGAATATGATGTGATTGAGAGTACAATTACCTTCAATAACCCTGTTCCAAAATCGGAAGTTGGAAACGCTCCGTATAATCCTTTTATCTTCGTTCATGGTATCCGTAACGGCGAACCTTTTGGCGGACGCGGACATGAAGTACACCTGAAAGGCATGCCCCCTACTTCTCTGGCCGATGAAAATATTTTTGGCGATGCAAGTGATGCGTCTGACCCGGAAAACGGCTTATACTACCAAAGCAAGGATGGTCTGAACTGGGCCATTCACATCCCGGTACCGTTTGTGTATCCTAGGAGTCAGACAGCAATCACGGATGCTTACACTAACTTTAAAGCCTGGGCTGAAAATGGTGGAACCGCCTTCCCGGATTGGTACGTGGATGTTGAAGGTAATCTTAATGAAGAAAAAGTTTACCGCAGACCTCAGAACTAAAAAGCGGGACTTAAAGCACTTGCTTCATGTGTGTGTGTGCAGGCCTCTCCGAAAGGGTATAACGCCCAATCGGAGAGGCCTTTTTTATTTTAATTCCCCCATGGTGTTATCCGGAGATAAACAAATTGCTGTAAATAATACAGGTTCTTCCTGAAGCTTCTAAAACAGACTGTGATTTACCCGCTCCTGTATCTTCTCCAAGATCGAACGGTAAGCAATATAAAATCTTTGCCTTAGCCTGCAATCCGACTGATAAATACACTCATTTCAGGAGCAGCAGCCGGAATAATCGGGGACCGTATTCTGTCGGAACAAGCACTAATACGTACTGCTGCGTACAGGACATCGTGCAAAACCAGGTGTTTATCGGGCTGAAAGCGGGAGTTATCGAATATTACGCCAGAATATCCGCATTACTACGTATTATTAGATTGGTATTAATAAGTATTACACATTCGAAATGTAATTCTTCAGTTTAAAGTCAAAAAGGTTATCTGCAATGGAATGTAACGTCTGATGAGGTCAGCTCGCTGGACATTCAGCAGTATAAAGACCGGGAGACTGACCATTAGGACAGCCTGATAAAAAGCAATGCTGCCCGAAAAGTGCGGAGCGGAACAGATTAAGATTTTGAAGAAATACAGAAATATGACCCATTAGGTATTCATGGTTAGCTATAAGCTAAAGTTCGAACCCGTCGGCAAGGAATTGCCGGCGGGTTTTTTTTGTGGGTTCAATGATTGAGTATTCATCGACGAAAAAGGCGGTTTCGTCGAATAGTGGTATTAATATGTCTATGTTTTCAATTATTTTACTTGTCTAACCATTAAATACAACACGACTAAACGAATGATGCGTGATATGAAAAAAATATGGAAGTGCATGCTTCTGCTTTGTTTAAGTACAATGCTGACAGGTCCATTCTATGCTTATAGCCAATCCCCCGGTTTTTCCCATCAGGCAGGTTTCTACACCGAGGCTTTTGATTTAAATATTGCCTGCCCCGATGAATTTCCGCAGGCCTGGATAACCCGCGACGGCTCCTGGCCGGGACCGGAAAACCCGGAATCTGAGCTTTTTTCAGGGCCAATCCTGATAGACAGCCGGGCGGGAGACGAAAACTTTTTCTCGCTTTTTCCGCTCAATAATGGGGATCCGGGTATTCCGGCATGGCTGCCACCAAGTGAAGAGGTAGTTAAATCAAATGTGATATCAGTCACTTGTTTTAATGCAGAAGGCGGGCATTCTGAAACGGCACGAAGAACCTTTTTTGTTGATGAAAATGCTTATTCGCGCTTTAGTCTTGCAGTCGTTTCATTCATAGGTGATCCCGAGGGTCTGTTTAGTTTTGATACCGGGATTAAAGTGCCGGGCGTACATTATGTACCCGGAAATAACAGAAGCGGCAATTATTTTCAGCGAGGAGAAGAATGGGAAAGAATGACCCACATGGAGTTTTTTGAAAAAGACGGCACCTACGGATTCGCACAAAATGCCGGTATGCGTATTCACGGAAATTTTTCAAGAGCCTACCCGCGTAAAAGCTTCAGAATGTACTCAAGGTCTGAGTATGGGGAGTCTCGGTTTGAGTACAAAATTTTTGAAGAACAGCCTGTGCAGCGATTCAATCGGCTGATTTTCAGGATTTCGGGGCAGGATTTCAGGAGGAGCATGTTCCGGGACGCGCTCGCTCACCGTCTCTACAAAAACGTTGGGATTGAAACACAGGATTACAGGCCGGTTATTACCTTTCTAAATGGCGAATACTGGGGCATTTTTAGTATTCGGGAAAGATATGACCATCATTACTTTAATCGGATGTATGAGGTCGACAGAGATAGTTTAGATTATATTGATTTTTATTTTAGCCGCACGCCGGATGTATCAAACGGAACAAGAACCCATTACATGGATATGCTTGATTTCGCAGCCGAACATGACCTGGCTGATGATGAGCACTACTCCCATATGGAAACACTGATGGATGTTGATGACTTTATCAACATGGTAGTAATGGGAGTGTATGCATCGAACACAGACTGGCCAAGAACGAATGTTCGGGTATGGCGTACACGAAACGAATACCGGCCGGAAGCCGGGCGTAAGGACGGACGCTGGCGCTGGCTCCTGAATGATATCGACTACGGTTTTGGTCTATATCAAAATCCCGCGCACAATAACTTCGGTGCCATTCTGAATGATAACTGGGAAGGCGAACTCATCATGGCACTGATGGATAATGACGGTTTCAGATACAACTTTATCAACCGTTTTGCAGATCACATCCACACCGTATTTAGTCCTGCACATACAGATAGTGTGATCAATTGGTTTGTTGATGGTATTAGCGCCGAAATGCCTGAGCATGTAAGTCGCTGG
CP027806.1_gap7	144293	145266	973	GCGTAACAACTATGGGTGCTCAGGATGCCGATGAACGTGTCAGACCTTTTCGTAGCACGGGCGGTTGCAGGCTGGTGACGCAAGTATTGCGACGGCTTTTCCGGCGGGTATATATAGTGTAAAGGCCGCAACAAGCGGTATCGCTCCGGCACTTCTCCGGCAGGGGGTAAACAGACAAAACGCGAAGCTTCGCTTCATAAGCGACGGCTTACTCCGGACCCAAAAAGCAACGCCCTCAGGTTTGGCTTGGGAGGCCCCGAGCTACCCGCCAAGCTCCTGATGCTCTGTGAGTTTCCCCAAAAAAATAACGGTACAACGGAGCGCCTGCGCCGCAGGGTCAGGCCGCGGGGCTTGCAAACCGCTTTCAGGAAAAGGAAAATATTGAGGTCTGAATGAATGCCGCACCGATGCGGGCTGTTGTGCAGGTAAAACAATCATTTAAGACAAAGAACTATGGAAACGAAGCGCAAGAGAGAGATTGTCATTATCGGTGGCGGATTTGGCGGGATTAAGACCGCGCGCATGCTCGCGAAGGCGGATGTCAACATCACCCTGATCGACAAGACGAACCATCACCTGTTTCAGCCGCTGCTGTATCAGGTAGCTACGGCAGCGCTTTCGCCGGGGGATATCGCGGTGCCCATCCGCGGAATTTTCAGCAAGCAAAAGAATGTGCGGGTACTGCTGGGTGAGGTCACCGAGGTGCTGGAAACGCAGAAGGTCGTGCGCCTGAAAGATGACCGGCTCATCCCCTTCGATACGCTCGTTGTGGCCTGCGGGGCGAAGTACAATTATTTCGGCAATCATGCCTGGGAAAAGCATGCGCCGGGACTCAAAACGATTTCCGATGCGCTGAATATCAGGGAGCGGATTCTGATTTCGCTGGAAAAGGCGGATCAGACCGAAAGTCCGGAACAGCGGCAAAAGTACCTGAACTTTGTGGTGATCGGCGGCGGACCAACCGGCGTGGAGA
CP027806.1_gap8	151461	151977	516	AGGCACAATGGGATTGATACAGATGGTGAGGTCAGCCCCTTCGCTGAGGGCTACGCTCGCATGTACCGTACGCTGTGCGACACCATCGATGTAGTCGCGGTTTTTAATCCGCACCGGCGTGTACACGGCAGGCAGGGCCGTACTTGCCTGTACGGCAAGGCTGATGGGCACGTCATCGTAGCCTTCACTGCCAAAGACGACACTGCGGCTTGTATCGAGATCGGTTGCCACGATACGGAGGCGGGTTTGAAGCTCACGGAAGTCGTCGGTGCGGCCTTCGTACTCAAAATTTTTCCGCATGTAGTCGCGGATGGGCGTGTTATCAAACACGCCTACCGGCAACAGCTCAGTGATGCGCGAAAGCGATCCGCCCACGGAGATATCACCGGGGCGCCGCAGGTAGTCCCACATCATAGAGGCAAACATGAAGGGAATGTGCCCGACCCGGCTCAGGTACTCGCGGTAGGCGGGATTGTAAAATGTAGAAGGCGTGATGGGGTGCACGTTGTGCTGATG
CP027806.1_gap9	180517	183219	2702	TCCTTATCCAGCATGGCATCGAGAATGGCATCTGAAATCTGATCTGCAACTTTATCCGGGTGCCCTTCTGAAACAGACTCGGAGGTAAATAGTTTTTTCATGTAAATATGGGAAATAAGTGTAGGATGTTTTCAGAGTAAATAAGGCGCTAAAAATAAGGATTTTAAATTACTCTTGCGGAAACCCTTTAGCAGACCACGGAATTTCGTATTATCAAATTCACTCACCTTAGTCAGACAGAGCACTACCTGACTTTTTGCACCTTCTTCCGCACTTATATGAGCTTTGAACTTGTCCTTGCCAGCGTTTTGATAATCGCTGCCGCATCGCTGTTTTTTCTTTTAATCAGGAAAATTCGCGTACTAACCATTCCGCGCGCTTTTGGCTGCTATCGCGCACTTCGGTGCGAAACAACCCGTGTGAGCCGAAATAAGGCCATGCGGTACCTTGATTACGTGCTGCCAACCAAACGATACTATTGCAAAACCTGCAATCAGTCGTTTACCCGCATTGTTCCCTGAAAAGTACACTATCATCTATTACCGGAACATTTCCGTTTCTGTACTGTACCCCGGCTGCAAGGTACATTGAAAAGGTATGCTTATCAGTTGACTAAAAAACCGCGCATAAAAAAGGCCGTCACTCGCAGATTGAGGACGGCCTTTTTGTGTCAGTATAATTTGACTGAACAGCTTACTTCACAACGGTAAGCTTACGGGTCTGCACCTGATTGCCGGCCTGCAGGCGGTACAGATACACACCACTTGAAAGGTTAGAGGCATCAAAAACAGCTGTATGTGCACCTGCGGACAGGGTCTCATTTACAAGTACAGCAACCCGCTGACCTAACATGTCAAACACTTCAAGCTGCGCATGACCGCTTTGGGGCAGTGCGAAGCTGATGTTTGTTGTCGGGTTGAAAGGGTTGGGGTAATTCTGCATGAGCTGCAGATCACGGGGGACATCAGCGTAGCGCTCTGTGCTTGTTGCAGAGCCATTATCAAACTCGAAGTCATCGAGGAACCAGGTAAAATTATCACCGGCATCGCCAGCACCACCATCGAGATCCATGATAACAACAACACGATCCCAAGGCGCAGTGCGGTCTACACCACTTACATCCCATTCCAATTCTACCCACTGATTGGCCGCTGTGATTGGGGTAAACATATCGGGAGTACCAACATCAGGGAATTGCTTGAGCTCAAACTTGAGCATTGCGTTGATGTCAGCACGTGGCGACCACACTTTCATTCTGAAAACGGCGTCATCAGTGATTTCCATGATTTCATCTGTGTGATAGAAGAACCCTGCCCATGGCTGACCACCTTCGCCAGCACCACCTTTCTTGTATTGTACCACAAACTCTGTGGTGTTAAGTCCGGTTCTGTCCGGATTCTCAATACGCTCGAGGCCTGCCCCTTCAAACGGAAACATGGTAAAGCCTTCCCAGTCTACAACATCCGTATCAACGTTAAATACGAGCGGCAACTCCTGTAACATTCCGGGCTCATCTGGCGGAAGTATTCCCTGAGCGTTAGCCGAAGCAAAAGAAACAGAAGCCATCAACAAGACAGCTACCGCAAGTTTTTGTAAAAAAGTAAATGTTAAACGCATATTCTAATTACCTAATGGGTTTATTGAAAAATATTTTATGCCAAATGTGCTTTTTGTAAGGCAACTTTTTTGCCTATTTGCACGCAAATAATTTCCACAAAAAGACCTTAAAAGGCAACAAGCAGAACACAAATTTTTAGCGTGCATGCGTGCGGTATCTCTTCCATTAAGTCGTGATATACCACCTGCGCAGATGACCTTTTATCAGCACATCATTTCAAAAAAAATTCAGTCATCTTTATTCCCCAAACAAAAAAGCCCTTTCAAAAATGGCTTCCATGACTTCACAACGCAATCTTAAGGCGGGCAATAAGGTTTTTCAGCCACGCACTCCGGAACAGAAAAAAACAGGTGCACCTTTCCGGAAAAAAAATTATTTTTGCACTAATTGTGAAATTATTTCCCACTTTTTTTGAGCAAAAAGAGTGGATTTAATAATCTAATTCGACTATCTTAATTTCATGCATTGCTTTTAAGCATGGGCATATTCCGCGCGCTAAGTCTGTAAAATGTGCCTTTTTTTGATATTTAATTTACAGAACTGGTTCTTCACCTGTCTTTATACGCGGGAAAAAGACTCAGATCGGCTGCAAATATCCCGCAAAAGCTAACGGAAACTTTTTTCCGGATGATTTTCTCAAAAATATGCAAATGGTTTGTTGAGGCGGGTAAACCCCTTGCATGAGAACCAACGCTTACCCATTTCCCGGCTCGAAACTTGAACTCTATGTAAATAAAGTAACGATACCTTTATGGCCAACTTTAAGTTATTCACACTATTAATGCTCTGTTTACTGTGCATACCCGCAATGCTTGTGGGACAAACAGTAACCGGAACCGTTGTCGACGCGGAGAATAATGAACCACTCATCGGGGTGAACATCATTCTTCAGGGTACCGCAACAGGTACAACTACAGATTTCGACGGAAATTTCTCACTCAGTGTCCCCGATCTTGAGGGTACACTTGTTTTCCGCTACATCGGCTATGTAACGCAGGAAATCCCGCTTGAAGGCCGCACCGAACTCACCGTTCGCATGCGCGAAGATACCTTCATGGGCAGCGAGCTTGTGGTCGTTGCCTAC
CP027806.1_gap10	216318	220733	4415	ATGGAAAAAATGTGAATTGCTACACTTTTTCGGGGGAAAAAGTGTAGCTTTCATTTATTTCTCCAACATCCTCTCATTTCTATGGAAAGAACGGCGCTTCAGGAACTCAACAGCTGGAAAATCAAATCACCCCGTAAACCGCTGATTTTACGGGGTGCGCGTCAGGTTGGGAAAACATGGCTGATGAAGAAATTCGGCGCGGATTCCTTTGAAAACACCGTATATATCAATTTTGAGCGGCAGCCGCATCTGAAGCAACTATTCGATCAAACCATGAATCCGCAGGAGATACTGACTGCACTTCAAACCGACGCCAATACCCGCATTCATCCTGATAAGACCCTAATTATATTTGATGAAATTCAGGAATGCCCCAAAGCCATAACCGCACTCAAATATTTCTATGAAGAGGCGGACAACTACCCGGTTATGGCTGCAGGCTCACTCTTGGGGGTTGCCCTGCATCAGTCAGTTTCTTTCCCGGTAGGCAAAGTTTCCTTTCTGGATCTGCACCCCATGACCTTCGAAGAGTTTTTGCTTGCCACAGGTAACGATCAAATGTGTCAGGTCCTGAAATCATTGAATTTCGGTCTGATGAGCGCACTGCATGAAAAGTTGACCCGCCTGCTGAAAACCTACTATGTTACGGGCGGCATGCCGGAAGCTGTGCTGCACTATGCGACAACCGAGCGGCTTGATGAGGTCCGTGAAATTCAGATCACCCTGCTGCAAACCTATGAACAGGATTTTTCCAAACATGCACCGGCTGCTATAGTGCCACGCATAAGGATGGTGTGGAATTCTGTTTTGGGTCAGCTGGCGCAGGAAAAACGTAAGTTTGTTTACGCACATATCAAAGAAGGTGCAAGGGCCAAGGATTTCGAGATGGCGCTGGCCTGGCTTGTTGATTGTGGGCAGGTTCACAAAATTCACGCCGTAAGCAAACCGCATCTGCCACTAAAAGCTTACGAAGATCTGGCGGCCTTTAAGTTGTTTCTTCATGATGTAGGGCTGCTTGGTGCAATAGGCAAGCTTCCGCCGCGCACCCTGCTGCAGGGCAACACCATTTTCACCGAGTTCAAAGGCGCACTGACGGAACAGTTTGTCTGTCAGGAATTAACTGCTTTATCCAATCTTCCGCTCTACTACTGGTCTGCTAAAAAAGGAGCTGCGGAAGTTGATTTCGTTGTTCAAAAAGAGGACCGGATTATCCCGATAGAAGTGAAAGCGGAAGAAAATCTTAAGGCAAAAAGCCTGCTTGTGTACCACGACCGTTTTCACCCGGATCTTGCAGTACGTTCATCGCTATCACCGCACAGGATATCTGATTGGCTTCACAACATTCCGCTCTATGCGTTAGGGTTTTATTTCCGATGATGGTCTTTGTTTATCTCCTCCCACCTATACGCCATATTCCGCGCTGTCTCCCGTGCGAGCGTCTCATCAGCGAGCCGACTGACCAACTCCAAGCTCAGGTCAATGCCCGCTGAAATACCCGCCGAGGTAAAAATGCGACCGCATGCTGCGGCTACAATTCGTTTGTCAGGTATGACCCTGATTTTCGGATAGCGCTGCTGCAACCCGGCAGCATCTTCATGATGAGTGGTACATTCTTTACCATTAAGTAAACCTGATTCAGCAACAATAAATGCGCCGGTACAAACCGAGGCAATAAGACAACCCTCCGCATAAAGCGACCTCATTTTTTGCAGAAGTTTAGTATTGGTGAGCTGCGGTTCATGGTCGCCGCCCGGCACAATGAGCACATCAGGCTTGGGAAGGCTGTCGAAATCGCAGGTAGCGGACACGGTAAATCCGGGTCGGGTTTCAATGGGGCCCTTTATTTCACCGAATAGTGAAGGACTGAATACCGGTTTGTACTGCCCGGCACGAACAGACATCCTGCCAGCGGTGTAGAAGACTTCGAAAGGACCGGCATAGTCGAGCACTTCTGCGCCTTCGTAAATCAAGACGGCGACACGTATGGGTTTCCAGGGTTTATCATTATCAGACATGATATGCAGGTAAGTTTTGATGATGAACCTGTGGCTGAAACCATCTTTATAAAGGGCTTCAGCCGGATTTGTATGCTTCCGAATATCCGCTAATTTCAGCCCAAGGCAAACCACTCAACTCAGATTCTTTTTTTCATACAGATGAACAAACCTTCTGTCCCCAAAACACTGCTGCGCTATTTTCTGCAGGGACTGCTCTACATCGCCCCGCTCGCGATTACGCTCTACATCCTGATTGCCCTGTTTTTATTTATAGACGGCCTGCTCCGGGTTGCGCTTCAGTCCTTTGTTGGACCGGTCATTCCGGGGCTTGGCCTGCTGTTCAGCATTCTGATACTGATTCTGCTCGGGTTTTTCGGTCAGACCTTTATCGGGCGACCGCTCAAAACCTGGCTGGAAAGTCTTGTGGCCAAAATTCCGATTCTGAACATCGTGTATTCGGCTTTTGCGGATTTATTTTCCTCGCTGATCGGCACCGAAAAGAAGTTCAACAAGCCCGTGCTTGTGCTGGTGAATCCGGTCACCAATCTGGAAAAAATGGGATTTCTGACCGAAGAAGACCTTCATTTTCTGGGCGAGCGGGACAAGGTTGCGGTCTATTTTCCGCACTCCTATAATTTTTCAGGGGAAATGTTCGTCGTGCCCGCCACGCAGGTGCGCGCGCTCGATCTGCCTTCGGGGGATGTGATGAAGTTCATCGTTTCAGGCGGGGTAGCGGGCTTTCCGAAAGCCGAAACAGAAGATCAGCGTACCAAGGGCTGATGGCTGAGGCCGAATTTCAGGGCTGTAAACGCTCACCGTGTCGGGATGCCTGTCGCATGGCTGTTGCCGCAAAAAGCACCCAAGCCGGTCGCACCGGCACCCCTGCATGACCAAGCTGACGCACCGCCCATTTGTTGCTGTTCCGGAAAACCGTGTAGCGCGGATCGGAAGCATAAAAGCGGGAATCACCATACAATCCATACCCCAGCACTTCTACCTGATTTTCCCGAATGGTGAAATATGCCGCTATTTCTGAAAGCATTTCCTGATAACCTTCGACAGACAGCTCGAGCCGAATGCGCTCAAGGTGCTGCAGCGGCCGCCGCTCAAATGCAGCGAGATGAATCACGGAAGGTGTAGGCCATATTCCGCCTTTGATCGTAGTCCATATTCCGGGGGAATCATCCATATAATAAGCGCGATCACCCCATCCGATTTCAATGTAGCGATGGGATTCCCGGAGATGCAGGTCTTCCGGCATCTTGTCAGCAAAGTTTTCATTGATTGGTAAAATCAACCCGACATGCCAGCCATGCCGGACCAACTCGACCTCCACAACCTCTGCATCATCCGCTGCCGGAAATAAATCGGGCCGGGAAATTGAACAGGCAGAAAGCACAGGAATCAGTACAAGCAAAATCCACAACCGGCAGTGACAGGTATTCATAATCATAATCGCTTGATTGGATTGGAACAGATTTTTTTGGGAAACCCGGGAGAGTAATATAAGACCGCATGTATTGGGCTGTATTCAGGATGGTGAAAGGCAACATTTGAACAAAGCCAGAACTTGATCATACAGGAATCAAAGAAGTAATATACGATTACTCTTTCCAATTCAATTTCAATTTCCAATCCACATATTATACTTCGAACTTTGTACGAACTGCTACTCATCAGGCTGTAATGATAAGGTTGCAAGATTATGGACATAAAAAAATAACTTTGATATTCGATTTCAAAACCGGTATCATTAGAGCAACTGTATAAGCAAATAGTAATATAATTTAATCTGATGAAAGCTATTATTCTTACCCTTTTCGTCTTGGCTTCACTCACGGCCTTCACACACGCCGCGGATCACCACGAAACGAAAGAACTGTTCGTAGTACTTACCTCCGCTAATGCGGAAACCCAAATGATGGCGCTCGTGCTTGCGACGCAGTCCTTCAATCAGGATGTGCCCGTACGTATTTTACTTTGTAGTGAAGCGGGTGACCTTGCCCTGAAAGATTCCGAGTCCCCGGCCTTTAAACCAGCTGACCGTTCTCCTAAACAGCTGCTCATGAATCTGATGAATAACGGCGTAACGGTTGAAGTCTGCGGTATTTATCTGCCTAACCGCGAACACCTCAGCGCAGACGACCTGCTCGAAGGCGTTGGCACGGCACGTCCGCCGGAAGTTGCGGCCTATATGAAACAGCCTCACATACGATATTTCTCTTTTTAGTAAAACTACATTTAATACTACCCCATCAACCCCAAACCCAGCTTATTATGACCAAAAACATGGGCACTGCGGATAAAGCCATCCGCATCGTTGTAGCACTGATTGTTGCCGTACTGTTTTTCACCGGCGTAATCGAAGGCACTCTCGGTATTGTACTGCTTGTCTTTGCCGGCGTATTTGTATTTACC
CP027806.1_gap11	223884	227755	3871	GTAAGAGACTGCAAAACCTGCAACAGATCGGTCTTTTCTGCCGCTTCTGCAACTTCAGGCGAATCAACCTCATCATCTGCTTCAGGCGCAACAGTGCGCGTTTTTTCCGTTTCCGATTTCTTTCTGGCCTGAGCGTGAATTTTCACCCATTTCCGGAAAACCTCCCGCGATTGCGAAACACTCAGCGTTGCCTCCTCCCCTTTTGAAGTCAGCGCCCACACGCCGTGCTTTGACGAATCAAGCAACCCCTCCCAAACCAGATACTGCCGCGCCCATGCGACCTGATTGTGAAATCTATTTTGCCCTGACTGCAAAATCTCATCACGCTGCTCCTCCGAAAGCTGCAGATTTTCGGCGATTTTAGCCGATACCTCCCTCGGACTCCCGGAACCCCCAAGCTGCCGCAACGCATCAAGCAGCGGCCCAAACCACTTCACAAACTCAGCCGACCGGCCTTTCCTTTTTGACATTTTCTCCGGTTTTTAAATTCAATATTGTCGCGTGCATCAAACACGAAGCCATCTCTTTTAGATACAAAAAATCGCTCATCGAATCCAACCCCATCGCCCTTTTCGCCTGTCGTTATTTTTGGGGGGAAACGCCGTGCGCATCACGGTCTTTCGTGCCAAACCGAACGCTCCCAAACCTACGGCAAACCCCTTGCTTTTTGATTTCGGCGTTCCGGGTCATCCTCAACGAAATCAGCATCAATCCGCCCAACCCGATAAACCCGCGTGCCATCAGCGCAAACAAAGCCGAAACCCGGATCCAATACATCAACGTCCAAAAGTTTAGCGCCCGGCTTCCTATCCAAAAATCTCCAATTTCTTTCCACATCACCCACGACGTGTAAAGAAATCGGGAATTTTTTTATATGTTACTGACTACATGACAACTTTTCCTGGATTTATTTATGAATACCCTTCCTGAAGAGTGGATTTGGACCCCGCTTCCTCCAGACGCTGAACTTGAAACAGCTGCGATTCTGAAGGCTACGATTACCGCGCAGCAATATCTTGCTGAGCTAAAAGGGATTTCTCAGACCATGCCAAACCGGAACATTTTGCTGAGTACCCTCCCGCTGCAGGAAGCACAGGATTCCTCTGAAGTGGAAAACATCGTGACCACGCAGGATGCTCTTTTCAAATCGAAGCTCAGTGGTATTTCCGAAACGGATCACGCAACCAAAGAAGTAAGCAGGTACGTGACGGCGCTCAATACTGGCTTTGAACGCATCAGGCAGGACGGTCTGCTTACCACCCGCCACATCATCGCCATTCAGCAGCAGCTTGAAGATAACGATGCCGGTATACGCGCTTTAGCCGGCACACGCCTCTCCAATCCGCGTACCGGTGAAATCATTTTTGTTCCGCCTCAGGACAAATCAATTATTTTGAGAGCCCTCGATAACCTGGAGCAGTTTATGAATGATGACGAAATGAGCAGCTTGCACCCGCTGATCAAAATGAGCATCATCCATTATCAATTTGAAAGCATCCATCCCTTCTATGATGGCAACGGACGTACAGGGCGCATCATCAACATGCTTTATCTGGTTAAAGAAGGCCTGCTCGACCTCCCGATTTTATACCTGAGCAGATTTGTCATCAGAAATAAATCCGACTATTACCGCCTGCTGCAGCGGGTCAGAACCCACCAAGACTGGGAAAGCTGGATCATTTTTATGCTGCAAGGGGTTGCAGAAACATCACGCGACACCATCCGGGTCATCACGGGTATCAGGACGCTGATGAAGCAATACAAAAAGGGCATTCGGGAACAGTTCCCCTTTTACAGTCAGGACCTGATCAACCATCTCTTCCGCCATCCCTACAGCAAAATCGCGCACCTTCAGCATGACCTTTCAATCAGCCGTCCGACTGCATCCAAATATCTGGAGGAACTCACCGCAGCGGGCTATCTGGAGAAAATCAAAGAAGGCCGCGAAAACTACTTCCTAAACCCCCGCTTGCTGCGGATACTGTCGGGTGATTCACCCTAATAATCAATTCGGTTTTCCCCCTTTGCAACTCCACCCACTTTTGAGTAATCTCTTCCACTATCAAAGCCTCTTCTACTAACTCAACCATTCTCTCTGTGTTTACTCCCTCAACCATCCGCACCCTGCTCGTTATTGGTCTGCTGCTCGGCAGCACCCCTGTGCTTGCGCAGCACGGGCACGGCCATCACCATGAACAGCAGGATGCATCCAACCTGAGCGAGCTCGAAGCCTTGTACTGGCAGCGGCTTGAGGATTCGCGCCAGAACTTTGTGCAGGCCGATGTGGACTTCATGACCGATATGATTGTGCATCACGCGCAGGCGCTCATCATGTCGCGGCTGTCGCCGGAAAACGGCGCTTCGCCCGCGGTGCAGCGGCTTTCGGCCCGCATCATCAATGCGCAGCAGGATGAAATCGCGCTGATGCAGCAATGGCTCCGCGATCGCTCGCAGCCGGTACCCATCGTCCATTTCGACGGCATCGAAATGCACGTGAGCATGGAACAGCCGCAAAGCGCACACAGCGATATGCACGCGCAGCATGATGCCAATGCTCATCACCATGAAGCAGACCATGCATCCGAAGGGCACGAAAACCATCACCCTGAAAATGACCATCATCATGCGCACGAACATGAACAGCACACGGCCCATGAGCCGGATCATCACGTCTCGCACGGGCATCACGGGCATGGGCACGAACACGGGCACAATCACGACGACATGCCGGGCATGCTCACGCAGGCGCAGCTCGAGGAACTTGCCGCTGCGCGGGATGCCGAGTTCGACCGCCTCTTCCTCACCTTTATGATCGAGCATCACGAAGGGGCCGTATATATGGTCAACGAGCTGTTCATGGCCGATGGCGCCGGTACCGATCTTGAATCCTACCGGCTTGCGGTTGATATCTACGCCGAGCAGGTCACCGAGATCGCGATGATGCGCAAGATGCTCGAACGCAAGGGCTTCGACGTGCCTGAGCCGCTGCGCGAACTTCAGGAACAGCAGGCCCGGCTGCGCAATCCGCAGGCCGCCGGTAACGAGCCGCATGGTCACCACGCTCCCGAAACAGAACCTGCGCCAGCCCAACCGCAGCACCGGCATCATCATCACTGATGCGCCGGTTTTGATTTTTTCCTAACATCTCCTTTCCTACTGACTAACTTAATCTCTCCATGAAACACACCTTTGCTACTGTCTTCCCCCGAAAGCTGCTCGCGCTGCTGAGCCCGTTCGCTTTCCTCATCCTGCTCAGCAGCTGTGCCGGTTCCGCTTCCGAGCAAATCCCTTCCCCTGTTCCCGAACCGCAGCTCACGCCCATCCATCAGCTCAGCGCACCCTCCCCTGATCCGCGCGTCGGTCTCGCGCCCGGCCTGTTCGATGCCGAAGAAACCATCTGGAACATGCGCCTGCTTTCAACCCGTCCATCGCCCCGTGATTTCATCGGCGCGTTCAACACTGACCTTGCTTTCAAGGACAATTTCGCCATTCAGGGCAACTACAACGGCATCATCATCTGGGACATCAGCGATCCCGAAAACCCGGTTTTGGTGAATGAGATTTTGTGTCCGGCTTCGCAGAGTGACGTCTCGGTGTACGGCAACCTGCTCTTTGTTTCGGGCGAAGGCCTCGAAGGCCGCCTCGACTGCGGCACTGAGGGCGTAGCCGAGCGCATCAGTGAAGCACGCCTGCGCGGCATCCGGATTTTCGACATCAGCGACATTCACAACCCGCGCTACATCCATGATGTGCAAACCTGCCGCGGCTCGCACACGCACTCGCTACTGATCGACCCGAATGACGACGAGAACATCTACGTCTATGTCTCCGGCTCTGCCCCGGTGCGTCCCGAAGAAGAACTGCCGGGCTG
CP027806.1_gap12	231151	234553	3402	ATCAACATAAGGCAAGGCAGGATAGCCGAAGCACGGGATATTCTTACTGAACTTATAGAAACAGCTCCGCAGAGCATTTACCGGGCTAAATTCCACAATGCGCTGGCCGGCAGCTACAACCCGGGAACAGAAAGTGAGATTGCACTCGGGCAGCTGTACCTTGCGCTTGACTTCGTGTACCGCCTGCCCGCTTCTGATTACTATGCACTAACTGTCGGCATCTATCAGAACATTGCGATTTACCTGAGTGATATGGGCAGGCCCGCCGAGTCCCTTCAATACTTTGCTCAAGCCGTTAGCAGGGCCGAGAATACAGACAATCCCCGACTTCTTTCATCACTCTACAACAACCTGGGCATTGCTTATATCAGAAACGAGCAGTTCGACAGCGCCGCGTTTTATTTGGAGAAAGCCCTAGAACTGGCTGAGGTGCTCGAGGCCCCGCTTGAACGGTTTCGTGCGCTTGTTAACCTGGGAAACCTCTACACCAATGAGGGCTCTCTTGAAAAAGCTCTTGCGTTCTATGATGCAGCACAGGAAGCCTACGATCTGGTTAGTCCGGGCAATCCGTCTGTAATGATCATTCACAATCAGGGCCGAACACTTACATTGCTCGGTAGATATGAGGAAGCAGAAGCACTTCTTAACGAATCACTTGCAATCAGTGAAGAACAGCGCATTCCCGAAGGCATTTACCACAATGTGATTGAGCTGGGTAAACTGTATGCAAGGCAGGGCATGAATAACCGGGCACTGCCCTACTTCCAGCGCGCGCTCGATACCGCTAAACTTCTAAACAATATTGAATTTAAGGTTTCCAGTTTAAGAGAGCTTCACCAGGTATATGCAGCAAGCGGGCGCTTCAATGCCGCCTACGAAAACCTGCTGCACTTTCATACCCTGTCTGACAGCCTTGCACAGGCAAGATATACGCAAGAGCTGGCGCTGGCAGAAAATTTTCTGGAGCTGAGCCGTCAGCGGGAAATCAATGAAATCCTTCAGAAACAGCAGTTACAGAAAGAAGCGCAGCTTCGCCTGCAATCCATCCTGATATTCGTGAGCGTACTTGCCCTTGTTTTCCTGGTCCTGTTGCTGGTGCAAATGAAGCGCAATGCAGCCGCTAAACAACTGATTCTGGAAGAACTTGAAGTCCAAAAACAAAAACTGGAGCAAACAAGCCGCGACAAGGATAAGCTTTTCGCCATCGTATCCCACGACCTGCGCAATGCCCTGGTTTCCATGGAAGGCATTCTCACACTTCTTAAGGAGGATTCCATTTCTGCAGAAGAGTTCAAAGCCCTGATTCCGGATGTTGAAACTGCCGTTCAGGAGAACAGCATCATGATGTCAGACCTGCTCACCTGGGCCAAAGAGCAGCTCACCGGCGTGCGAATGGAAGCGAAACCCGTAAAAACTACACACCTGATTCAGGAAGTGCTGCACCTCTTTATGCTCATAGCGGCTAAGAAAAAGATAGATCTTGCAAGTGAGGTTGGGGAGGTTCCCGATGTACTGGCCGATCCCAACGCGCTCACCTTTGTCATTCGGAACATCGTTTCCAATGCGCTCAAATTCACAGCTAAACAAGGGAAAGTATGGATTACAGCAGATGAAGATCCGGAGCACGTTACCATTACGATACATGATAATGGCATCGGGATGTCGGCTGAGATGCAGCAGCGTCTTTTTTCGGAAGAAAACTTTAGCCGGATGGGCACAGCAAACGAGAAAGGCACAGGTTTCGGCCTCAAACTCAGCAACGATTTTGTGAAGCGGATGGGCGGCTCACTCAGCTTCGTGAGCACCGAGGGAGAAGGCTCACACTTTTCGGTTACGTTGCCCAAATCCTGACCTTTCCCCAAACCAAAGAGAGCCGGTCTGACATTGAGAACAGACAAGGCTTTATGATGCAGGCTGAATTGCAACATTCAGTCAGCGCCCCCCTTTACGGACGTCTTTCGTAGGTAAACGTGATTTCCTGCACAGCGCCCGGTTGCATCTCAAGCTCCATTTCAAGCGCATCGGCGGTGAGGCGGTAGCGGGCGCCTGTGACGTTCAGCACGCGGGTGTTTTCGTTGGTGGGGATGCTGATCTGCAGCGGTTTGGATTGGGTGCCGAGGTTTCGGACGGTGTAGGTGCCTTCGATGCGGTTGAGCCGTTCATCCTGCCCGGAGGCGAGTACGCGGACGACCTCATCCAACAGCAAGCGCGAGCTGCGTCCGCCCTGAATGCGGATCAGGGTATCAGCCGATGCGGCCCGCGTGAGCTCACGATCCCCGATGAGGGTGAGGGTTTCACCGGTGCGTAACAACAGGCGCGTTTCGCCGGGCGGAAGGTGCGGGATGCCGCTGACGTTGTTTGCCGCGAGCATTTGACCGGCGTCAATGCGATACAAAATATCAGGGCGCCGGTTGGTGACATTCAGGCTGCGGTTGTGCGTGGCCTGAAAGCGGTAGCTTTTTTCGTAGGCGATGTTTTCGGCTTTGAGCAGCAGACGGCGCTGACTTTCCGAGGGGGCAAGATCAATCGCATCCTCAAAAGCGTGCACGAAGCGATCGGGATTGCGGTCGTTGGCGACCTGCGAAGTTAGCCCTCCCATCCCCCCGCGCCGGTTTACGCCCCCGCTTTCAATTTTGAGCTGCACCCCATCCCAGGCGGCACCGGTGTTGTTTTCAAGGTGGATGAAGGTATGCCAGTCGAGCTGATCGGTTTCGGCATCGACGAGCAGCTGATGCTCTGCGGTCCAGCCGAGGAGTCCGGTATGGTACCAGAGCTGAATGCGGTAGCTGCCGGCGCGGGGCGCGTTGTAGGTGAGTAGCACGCCCGTTTCCGCGCGGATGTCGGCGCTGTCGCCCGTCGTTTGCAGGCTGTACTGATGGGGGTTGGGCACAATGATTTGATGACCATCGGCATCGCGCAGGCTCAGCATGCTGCCCCTGACCTGCTCAACCGTGCCGCTGATGGTGCCGGCAGGCCCGGTGAGTGTCACCTGCTGATCCACGAGGCGATCGAACAGGCCGGTCATGGCGCCGGACTGCATCCGCAGGGCCGAACCGACGGGCAGGAGCTCGCCCGCAAACTGCAGATCGGTGATGTTGGCCGGATTCGGCAGTCCGTGCAGCAAAACTTCATTCGTGCCTTCCTGCAGGCTGAGGATGCGGGTTTCCCACACAGTTGCAAACTGTCCGCCCTGAATTCTGATCTGCACCTCATCTGCTTTGGAGCTAAACACAAAGCCGGGCTCGGGTTCCGCTGCCGGGTTTTGAGCAATTGCGGAGCATGCGGTTAGCAGCAACAGCGCCGTTAAGCTGATTTTGTGAAGGAAGTTGTTCATGGTGCCGGGGTCGTGAGTTCGAGTTCGAAGGTTTGGGTCTGTCCCGGTTCAATCCGGATGATGCCTCT
CP027806.1_gap13	284844	289207	4363	AGCGTCTCTGAAGAAGCGGAAAAACTCCTCGGCTACGCGCTCATAGTGCATGGAAGCGACTTCAACAGTTGACATCCCGGCAACATGCTGATTCAGAATGCGACGGGCAAAGGTGAGGGTATCCCCGTCAGCAGTAATCACGCTCAGGCCGCCCTGTGTGTTGCCGGCCTGTTCGTAGGTCATGCCTATGGCTCCGTTAAAGGTCGGGTATGTATCACCGTAGCTGGGATAGAAGAGGTCGAAAATTTCGCGGGTAAAGTAAACCCGGAAGTCGTCATCGAAATGGCGCGCGTGATTTTCACCAATGGTTTGCTGAAACTCCCGCTGCCAGTCTGTGATGGCCACGTGAAAGGGCTCGGCCGCAGGTGCAAAATAATAAGGCTGATCGACGCCCATTTCATGGAAATCGGCATGGATATGCGGCATCCACTGATGGTACACGGCCATGCGCTGTCGCGTTTCGATCTGCGTTTGCCAGGCCCAGTCGCGGTTCAGGTCGATGTTGTAGTGATTGGTACGCGCATTGGGCCAGGGCTCGATGTGCTCACGGGAGGTCCGGTACGGGTCAGGCTGACGCCCCGCGGTTTGGTGATACCAGTTTACATAGCGGTCTCTTCCGTCCGGGTTCAGCAGCGGATCAATGATCACGACCGTGTTCTGAAGATGGGTGTCGTCGCCGGTAGCGAGTTCGTAGAGGGTGAACAGAGCGGCTTCCGTGGCTGAAATTTCGTTGCCGTGAACATTGTAGCTTAGCCAGATGATGGCTTTGGATTCCAGGGATGTGGCTTCCCCGCCAAGCAGTCCGGCACGGCGCAGGTTGTTGGTCCGGATTTCGTCGAGGCGCGCAAGGTTTTCAGGCGTACTGACGTAGAGCAGCATGAGTGTGCGTCCGCCGTAGGTTTTGCCGTACGGCTCAGCCATTACCCGATCACTGTTTTCGGCTACGTGCGTCACGTAATCCATTACCCGGTGATGTGGCGTGAGGCGCTCCCCTTTTTCGTAGCCCAGAAAAGCTTCCGGCGACTGAACGGACTGACTTACGGCAGCAGAGACAAATGCGGCCTGCATCATCCCCCCTAAAAAAAACAGCACAAAAAGGCTGCATAGCGAAGTTTTCATAAGATTGATGGTTGCGTTAGTAGCGGTAAATAGTCTGAAGGCGGATGTCAGACAAGTTTGAGTTTGTGAAGTTCTTCGATAAGTGATGTGCGCAGGCGGTTGCTCATAGGTACAAGCGGCAGCCGGAGTACATTTTTGATCAGGCCCATTTCAGCAAGGGCGGCTTTGACGACGGTAGGATTGCTTTCCCAGAAATTGGCTTTCATCAGGGGCAGCAGCTCGTAATGACGGGTGCGGGCCTGTTCAAAATCCCCGTTCAGCGCAGCCTGCACCATTTTTACCATCAGGGCCGGTGCTTCATTGGAAATCACGGATATGGTGCCTCTTCCCCCGCAGCCCAAAACAGGCAGCGTAATCGGATCATCGCCGGCAAGTACCGTGAAGGGTTGTGGCACCCGTGCAATCACATCCATAATCTGATTGATGTCGCCGCTTGCTTCCTTCACAGCAATGATGTTGGGATGACGGGCCAGTACAATCAGCGAATCGGTGGTAATGTTCACAGCCGTGCGACCCGGTACATTGTACACGATAATGGGCAGATCAACCGAATCGGCGATGGCGTGATAATGGGCAAGCAGGCCGTTTTGGGTTGGCTTGTTGTAGTAGGGTGAAGCGATAAGCAGCACCTGAGCCCCGTTGTCACGGGCAAGCTTGGAGCGTTCAATGGTTTTTTCGGTACAGTTGGTACCGGTGCCGGCAATCAGCACGGCTCTGCCCCTGAGCTTTTTATGCGTAAGCTGAAGCAGTGCCGTAAATTCTGTTTCGGTAACGGTTGGGCTCTCCCCTGTTGTGCCGCAGACCACTACGCCGCTAACACCCCCTTCAAGCTGCCAGTCCAGTAATTTTTCAAATGCGTGAAGATCAAGACTGCCATCTTCTGTGAAAGGCGTAACAATGGCTGTGTAAACCCCCTGAAGCCTAAGGTCGTGTTGGGAAGCGCTCATAATGAGAAATTGAAAGTGAGGTCGATGTACGTGCGGGTTGAAAACCGCTTTGAATATACGAAAGTAAAACGACCCTAAACATTCGGCGCCCACGCTGCCATGTAAAAGGGCGTGAACATGCACGCCCTTTTTTTGAATGATATCGGAAGCTGATTTTGGTGCGCTGCCCTAACCCGTGCTCTGCATAGCGGCAGCAACCCCGTTTATGCTCGTAAACAGCAAGTATCGGAGTTGTTTGCCTTCATCAGAATCATCCTTGGCACGCCAACGCGTCATCAGCTCGGCCTGAACAAGGTTCAGGACATCGGTATAAGGGTTCCGCAGGCGGATGGATTTCTGAATAACCGGGTTGTTATCCAGCAGTTCTTGCTGACCGGTGATTTGCAGAATGGCTGTTCTCGCAAGACTGAATTCCTTCTGAATCATTTCCGGAATCGTGCTGATTTCGCTCAGGCCGGTGTAATACGGGGCAATGGCGAAATTGGCCCGGGCCATTTCGCGCTGCGCATTATCGAGCACTACCTTGAAGAAGGGCCACTCGCGGTACATTTGCTGCAGCTTTTCGAGCCTTCCTTCGGTCTCTGTCTGATGATGCAGCGCTGTTCCGACCCCGAACCAGCCGGGGATGTTGTGCCGGATTTGGGTCCATGCAAAAACCCAGGGAATGGCCCTGAGACTGCCGAAATCTACTTCGCTGCCGGTTTTACGGGAAACAGGACGTGAAGCAATTGGCAGGCGTGAAATATGCTCGATGGGGGTCACCTGCGTGTACCACGGCCAGAAATCTTCATGATGAATCAGACCATGATAGGCCTTCATCGAAGTATCGGCAATTTCATCCATGATGGCTGAAAAGCCGCCGTTTTCGGGCTCGACCGATTCCTTGTGGTAACCCAGCCCGGAAGCCGTAGCCCGAAGCGTAGCGTTAACGATCTGTTCAATGTGCCGGTGCGCAACATGCGTATGCGCATAGCGGAAAGAGATCACTTCACCCTGTTCGGTGAAGCGAATGCGCCCGCTGTGACAAACTGGTGGCAGTGCCAGCATGCCCTGATTGGCGCGTCCGCCCCCGCGCCCTACCGAACCGCCCCGGCCGTGGAAAAGGCGGAAGTCGATGTCATAATTACGGCACACCCGTGCCAGCTTTTCCTGCGCGAGGTGCAGTGACCAGTTGGCCATCCAGTAGCCCCCGTCTTTGTTGCTGTCGCTGTAGCCCAGCATGATTTCCTGAAAACGGTTACGGGCTTCCAGATGCAGCCGGTAAACCGGATTTTCGTACAGCCGTGCCATAAGTTTGTCACTGTTCTCGAGGTCTTCCACCGTTTCAAAAAGCGGCACAACATCAATGCGGCTGTTCACCTTGTTGCCTTCGAGCTGCCAAAGTCCACACTCTTTAGCCAGAATCAGCACTTCAAGCATATCGCTCACCTGATGCGTCATGCTGATGATGATACTGCCGATGGCCTGCGGATCGACCCGCGTCGTTTTGCGGATGGTGTGGAAGATGTCGATGGTGTCCTGTGTTTTGTCGCTGAGCTGAGTGCTGAAAGGTACCAGCGGACGCGGATTTTTCAGCTCCTCGCTGAGCAGGGCAATGCGCTCTTCCTCACCGAGTCGCGCGTAATTGGCCGTGACGCCCGCCTGCGCGAAAAGCTCGTTGATGGTGTGCTCGAAAACCGAGCTGTGCTGCCGCACATCAAGCGAAGCCAGCGAGAGCCCGAAGGTGCGTACCTGCATGATGAGCGTTGCGATGGAGCCGTTCTCGGCCAGCTCCGGAAAATGCTGTTCCCGCAGACATTCCCGGATAAACTCCAAATCTCCCAAAAAGGCATCGAAAGTGTACACGAAAGCTTCGTCAGTCGCCTTCGTTGGGCGAAGCAGCCCTTTGTCGTCAGGCGGGAAACTCATCTGCAGTTTGGCCATAATCTGACTGATGCGGATGCGGTACGGCTCGTATTTGTGAACGCTTTCCACTTCTTCACTCAGGGTTACTACTTTACGGTCAGCCGCAACAGCATCGAGCAGCTTTTCAGGTACCGAAATCTGCCGGGTTGAAATGCTGAGTTCGCTGCGGAGCTCTTTGAGCGCTTCGAGGTAAAGCTCAACGACGGCATTGCGGTGCGCCTGCAGGGTGAAGCGGCTTACTTCGGGGGTCACGAACGGATTGCCGTCGCGGTCGCCGCCGATCCAGGAGCGGTAGCGGATGAAGACCGACATTTCGGGTGCTTTGCCGTAGTGCGTGAGCAGGGCCTGCCGCATATCGCGGTAAATCAGCGGGATGGTCTTCCAGATGGCGT
CP027806.1_gap14	330431	333431	3000	ATGTAGGGTTACCTCAGCGGTTGGATGACCAGCTTCACGCAGCTCATCCAGCAGCTTGGTGGTGAAATGCAGGCCCGCTGTGGGCGCGGCTTTGCTGCCTTCAGGTTTAGCATACACGGTCTGATACCGCCCGGCAAGCGATTCATCCGGTGCAATGTAAGGCGGGAAAGGCGTGTTCCGGTGCGGCTCAAAGGCAGGGTGATCGAGCGGGAGGTTGAAGGTAAGCCTGCGCAGCCCGTCATCTTCAATATGATTTACCATAGCCCTGATACTTTCTGTTAGCTGCACTTCCCTGCCAAGCTTAAACTTCCTGCCCGGACGCACCATCGCGTCAACCGTGTGCGGATTATGGGTGTGGGTGATAAACACTTCCCGGTTTCCAAACAGCAGACGTGCCTTCTCAACCCGGCTGTTATTCATCACAAGCGTCGTGCCCGGGTGAAGAAACGCCCCAAGCTGATGAAAAACAGCATCGGTGATTTCTCCGGTTGACCGGCGATACACGAGCAGGCGGGCATGATCGCGGGGCTCAGCAGGCTTTTGGGCGATATGCTCCGCGGGCAGTTCGTAGTCAAAATCAGAAAGGGTAAAGGACCTCATGATGAGACAGCAGGGGGGTTAAGGACCGCTTCACAAACCTGTTCCCAGCTTTCGCAAATAAGATCGGCGGTTGTGTCTTTTTTATGGAAGTCACTTACCCCGGTGTACAAAATGCCTTTGATCCCAAAACCCTGTGCGCCTTTAATATCGGTTTGCTGAATGTCTCCGATGTGCCAGGAGCCCTGTGTGCCGGTTCCGGTTTCGTGCAGAATTTTTTCAAACATTTTGGGATGGGGCTTGCTCACGCCCACCTCATCCGAAAAAGCAAAAGCGGTAAAATGCTGCCCGAGACCGTGCGTATCCAGAAAAGCTTTCAGCACCCGTCCCGGAGAAAACATGGTATCTGAAATGATACCCAGCTTATAGTGCTGTGCAAGTTTGCTGACGGCTTCGGTAACACCCGGTGCCAGTTCAGGCGGACCGTCAAGCAGGGATTCTTCGTAAATATGCGCAAGATCACGCTGTTGCTGTGCTGTTACGGAAAGTTCGAGGTAATCAAGGGTGAAGCCTACCAGCTCGTACGAACCCGGTGTACGGGACTGCCCCAGCCAAATTTCGTCAAAACGCGCAGAGGCATGTGCATGGGCCTGTTTTACATCCGCTGCGGTAATGTCCTTCCCAAAAGACCCGGCCAGTTTGTGAAGCGCTTCAACCCTTCGCCGGGCGCGCTTTTCGCCATTGGTATGGGCGTTGACGATGGTGTTCCAGAAGTCGATTGAGATAAAAGCGTTGGCAGATTCCATGATGAATAGTCAGGTTATTTTGGATGTTGCAGGCAAAGGGTGAGGGTTTGTTGTGTAAGCAGCTGTTTCAGGGGTGAAGGAGTTCTGGTTCACGCTGGAGCAACTGCGGCAGGTCATCGGCGATCGCGATATTTTGGGATGCACACCATCTCTCCAGCTCCTCCGAATAAAAGCGCGAACGCACCAGAAAAGGGCGAATGCCGAGTTTCAGGGCCGGTTTCAGATCACTTGCCTTATCACCAACCATGAAAGACCGGCTCAGGTCGAGCTGATGTTCCAAAGCAGCACGTTCAAACAGACCGGTGCCGGGTTTGCGTTCTGCCAGCAGCGCCGGATCTTTGCCATTATGGAAATCAGGGTGCCAGGGGGCAATGTACCACCCGCTGATGTGCACGCCGCTTTCCGCAAGCTGACGGGCAGCATACGCATGGAGTGCTTCCACATCTTCCATAGAAAAACGGCCACGAGCAATGCCTGACTGATTGGTGACGACAATCAGCTTATACCCGGCACGCTGCAGCCGTAGGAGCGCATCCGGTACGCCGGGGATCCAGTCCCACTCATCGGGGCGGTGCACAAAATCGTGGTCAACATTCAGGGTGCCGTCCCGGTCAAGGAAACAGGCAGGCTGAAGAGCAGCAGTTGTGATCATTCCCCGGATTGGTTTGTTTCAGAGAGTTTAAACGGCCCGTGCGCATGCCACCAGGCTTGGGTACGCAGCAATGAAACGATGGTCTTGGAATCGGTAATTTCGCCCGCATGAACCATTTCAACAGCCTGCCTGAACGGGAGACGAAAATGGGTCAGAAACTCGTCATCATCCATATTGTCACGCCCAACCGTAAGGTTCCACGCGGCAAAGAGGTGAATTACTTCGTCGGAATATCCGATACAGGGGTGGAAAAAACCAACATAGTGCAGGTTCTGACAGGTGAGGCCGGTTTCTTCGGTTAGTTCCCGGCGGGCCGTCACTTCGGGCGGTTCACCCGCATCGAGTTTACCGGCAGGCACTTCCAGCAGCGCCTGTTTTACCGGATAGCGGTACTGACCCAGCAGCAGCACATCCCCGTTATCAAAAACAGGTAGCACAACCGAAGCACCCGGGTGCCGGATATACTCCCGCTTTGACAGGCTATGATCCGGAAGAATTACTTCATCCTGCCAGGCATCAAGCAGCACGCCTTTATAAACCTGTTTGCTGTTGTGCGGTATTTCTTTCAGCCAGGCTGATTTTTCAGCCCAATTTTCAATTTTGTCCAAAAAAAACCGGATATCTCGAAGTTCAGCCAACCCTGTGTTCAGCTACTTTCCCAATGCAGGCTTAATTACTCTTTACGTGTAAATTCGCGGGATTAGAAGTATCTTAGAAACTTGCTGAGATTGGCATTTATAATGCAATTTCACAAAATAACCTTTTAACACACATTTTGGAAACTATCAAAGCCATTACCGATACCCGTATAAAGCCGACCAGACAAATCTGGACGGTAGGTAATTTTCTGTCCGTTTCCAGAATCCTTGCTCTGCCTATTCTGATTTGGCTGCATTATAACAATGATTTTCAGCCGAATTTTGAAATGAAGCTGGTTGTGGCATACATCATCCTGTCGGACTTCCTTGATGGCTTCGCTTCCCGCGCGCTCAATCAGGTCAGCGA
CP027806.1_gap15	425853	430013	4160	AACCTGTTTAAGTTGCTTGATGCTGCCGTCAAATACGATCAGTTTATCCGCATAGACATGGAAGGCACTGATTACACACAGCTCACCATTGATCTTTTTAAAGAAGCTTTCAGGAAATACGGCAAGCATGTGGGCATTGTAATTCAGGCCTACCTGCACCGCACCAAAGATGATATTGATGAGCTCTCAGCTTTAGGGGCAGATATACGCCTGTGCAAAGGTGCCTACAATGAACCGGAACGTTTGGCACTGCAAAAAATGGACGCCATCCGTGAGGCCTACAAAGAGTATCTGAAAGTGCTTTTTGATAAAACCGTGTACCCGCGCATTGCAACCCACGACGATAAACTGATCAGCTGGGTAAAAGAATACACGCAGCAAAAAGGCATAGGGCAGAGCCGCTTTGAATTTCAGATGCTGTACGGCATGCGTCTGGACACCTGCAAATCGCTTGCGGCTGAAGGCTACAATGTGCGGGTTTATGTGCCCTATGGCACCATGTGGTTCCCTTACTTTACCCGTCGGCTGAAAGAACGGAAAGAAAACATCTGGTTTGTTCTTTCCACCATGTTCAAAAAGTAGCCTTCTGATACCACAGATGCTGCCTTAACTAACCGGCGCATGCCTCCCTACCGGTTTAAAGCTTTTGCAGCCGCACTTCTCTGCGGCTTTATTCTGAGCTGGATCCCCCTGTTGCGGGAAGTCCATTTCCTCTCTGCCGGGCTGACCGGACTTGCGGGTGCATTCACGGGCGCCATTATCGCGGGCGGCCGCTCCTACAGAAACACGCCCGCTGCCGGACTTCGGGAGGCCTTCTGGCTGCTGCTCATTTTTCTTACCCCCTTGCTGCCCCTGCTTGCCGGCGCACTCTGGCGGAGTTGTTTTTCGGGGGATGGTCTGCTGTACTGGCTCCTTATTCCGGGTCCTTCTGTACTGCTTGGTTTTGCGGTAGGGCGGTATATGGCCATGCACAGCAAACGTCCGCGGTTTTGGGCGGTTAGCATGCTGCTTGTGGTCTCGCTTGGTATTTTTGTGTGGGAGTTTTTTAATTATCCTGCCGTCTTCTACCACAACCACGTCTGGGGTTTCTGGCCGGGACCTGTTTATGATGATGTTGTTGAGCTTCGCCCGTCGCTGGTCTTTTTCCGCTACATCACCCTCTGCTGGGTCGCGCTGCTTTGGCTTATGCCGCACTGGAAAAACCGCAAAAACCTGCGCCTGCCGGTTCTGCTGCTGGTTGCCAGCCTCATGCTGAGCTATTTCAACCTTTCGCGGGCTGGCATTTTGCACAATGAAACCTGGATTCAGCAGCAGCTCGGCGGCAAGCTTGAAACAGCCCATGCTATCATATACTATGACCGGCATATACCCGAAACCGAAATTGAGTGGCTGGCTGCCTGGCATGATTTTCACATCGCTGAGCTCGCTGAACTGCTGGCGCTCGAACCGAGCAGTTTTCCGAAAGTGCACAGCTATTTGTACCGGCATGAGTGGCAGAAAAAGGCACTTACCGGGGCAGGGGGCACGGTTTATGTACCGGTATGGCTTGGGAAGCCGCAGATGCATATCCACTGGCAGGCTGCCGAACGTGTGCTCAGGCATGAGCTTGTGCATGTATTGTCGCGGGAGTTTGGTGCACCGGTAATCAATGCGAGCCCTGTGATTGCGCTGGTTGAAGGGCTTGCTACCGCTTTTGAAACAGAGCGGGATCACCGCGGCACCGGCGATCAGCTTGTTGCAGCACAGCCGGAGTTTCCGGATCATCGTTATATGCGCCGGCTGATGAGCCTGACCGGCTTCTATGCGCTGGACAGCAATCTTAGCTACACCATTGCCGGTTCTTTCACCGGCTGGCTGTGGCAGCACTGCGGTGCGGATGCCATGAAGCTGGCCTATCGCAGCGGTCGGATCAGCCGGGCTTGCGAACAACCTTTTGATGAGCTTGTTGATGGCTGGCATGCACACCTGAGTACCATCCCGACGGACGCGCTTCAGTTTGCCGTTTCAGGCCAAATATTCAGTGCGCCGGGCATTACGCAGCAGCCGTGCAACTTTCATCCCGGCCCTGATTACCCGGTACTTCGTCAGGTACGCGCTCTTACCGCTGAGAACCGGCACGCGGAAGCACTGGCATTTTTAGCCGCTCAGCAATCTGACCGCCGCTTCTGTGATTTCAATTCCCTTTCATTGCTTCGCGCAGACCTTTTGATGCGCGCCGGACATGCGCAGCCTGAAGAACTGTTAGCGCTGTTTCAGGGCTGTGCACGTCCACCGGAAGACCTCCCTTCACGCCTGCGGCTGTTCGCAGCCGATGCTTTTTTTCTAAGCGGGGAAGAAGCTGAAGGGGTGAAGCTGCTGGAAACATTTCAGCAGCAAGCGCAGTCAGTACGCCTTCGCACTAACCCTGGGCTGCGTGAACAGCTGCTCACGGTACTCTACACGCCCGAAACAGCAGCGCCGCATTATCTTTCCGCTGAAATTAAACCCTGGCTTGTCTGGCACTGCGCACAAGATGGGAATGACGCTTTCTGTCCGGAACTCACTCCGGATGTATTTCTGACGGATGCCCGCGAGCATTTTCTGATTTGGGAGCGTTTTATGAAGACCATGAAAAAACAGGGACAGCACGAGACTGCATTGGCCTGGCACGCTGCGCTTACCAACGAGCTTGATGACCCGGTAAGCGACCTTGCCCGCCAAAACCGGCTGGGAGACTTTAAGCGCTTTTCCGAATATGCCCATACCAAGACCTACGGATTCTGACCATATAAAGAGAAAGATTTCTTAAATTGGTTTACTCTATACTAATTATCCGTGCTGCTTTACCACTCAAAAGTGCAGGTTCAGCTCCCGTCTGATCTGCTTGGTTTACCAATGCTTAAAACCTCCTTGCTGCTTATTTATTTGCTGATATTAGCTGCATCCCATAGTTATGGGCAGCAGCCGGAACTTGTCCGGCATAATGAATACCGTATCAGCACCTATCAGACACAGGAAGGTTTGCCGAACAATCTCACAAAAGGGGTAATAACCGATCAGCAGGGGTTTGTCTGGTTTGCTACCGACTCCGGAATCGCACGCTATGATGGGGTGGATTTTGTTCATTACGATGATGTTTTGGTGAATGCCTACCCGAAAGGATTTTATGAGCGGGCCAACGGCGATCTGCTCATAATCCATGATGCGGGGATTTCCAAAATTGAGCATCACGATACACAGCATCTTGAGCTGTCTGTGGTCATGCGCGGCAGCGGCAGCCCTTCAGCCCAAACGGTAAATTACCCTAAATCCCTTTTTGAAGATCGCGAAGGGCGTTTATGGATTGGTGAGGTTTATTCTGTCGCCTATCTCAAAGACGGAGAGCTCACCCGCTACATACTGCCGGATGCATACCGTACCTCAAGCTTTATTCGCTCTTTTGAGTTTGCGCAGGATCAGCAGGGCACCATTATTATCTCCTCGCAGCAGGGAGCTCTTTTTTACCTCAATACCGAAACGGATACCATTGACCTCATTCCGGAGTCAGAAGAAATTGGTACCGTGAGCACACTTATCTTCGAACCCATTAGCGGTCTTGTTTGGGCAGGCACTAATAACGGCCTTTACGCACTTCGCACGTTGTACGGAGAGAACCAGAGCACACCTGTCCGTTTTGAAATCAGCAAGCTGTTAGATACCCCCCTCATTTCTAAAATTGTAGCTGCCGCGGAAAACATAATTTGGGTAGCCGGATGGAACAGCAGGGAAACCGGCCTGCTTCAGGTGGAGGTTACACCCGAAGGGATCGCTAATGTGATGGAGATGGATGCTTTCGAACTCAACTCTGTCAATGACATACACCCTGTACCGGGCTCCGGTGTTTGGATTGCTACTGATGAAGGTGTTGCGTTTTTATTTCAAACCGATTTTGTGCGGGTACCTGTCAATCAGGACCGCTTTTACGTACAGGCGCTCTCCCGTCATCCCCATGAAGATGTATTTTTTATGACGGACGCCTCCAAGGTGTACCGGATAAGCCTGTTAGGCAGCTATTACGCTGTTGAAGAAATATTCATCAATCCGCTGAACGATGATATTCTCACCGTTACAGCCAATGAAGCCGGCGTCTTGTTTGCCACATCAAGAGGTCGTGTGTATTTCATGGCACACGGTGCAGCGCA
CP027806.1_gap16	433690	438626	4936	GTCTTTCGCTAAGCCAAATTTAAACTTACATTTAGCAAATAAATACTGTTTGATTGTGAATAATGCGGGCTAAGATAGGTCCCTTGCTTTTTGGTTTGGGTTTCGCCTCTTGTTGCCTCGTATGATTCACAACTCACATGCGAACACGCATCTGAAGCCCGATTTGTGAACGCAGATTCCCGGGAGCTTCTGTAAGTCCGCTGCCGGTAAAACTGCGGTCTTCATACACCGTTGCGGCATATTTGAACCAGAAATCAAGACGGTTGCCTGTTGCGTAGCGCAGCAGCACGTAAGCCCGCTGACCCGTACCTGAAAGCATGGTATTTGAAAACACGTACAACAAGTCGTTTTCAAACATAAAAACACGCGAAGCGAAACTATCCGTCTCGAAAACGGCCATCCGCAGGTCAACCGTGAGACCGGGCAGCGGCAGCCAGCGTATGTCCTGAAACAGCATTACCCCGTAATCCGCAGCCGGGACATCGCGGTTGCGGGCGCGCACCCACTCCGCCCGTGTGCGCAGCCGAAGTGCCGACAGTACCTGCACTTCGGTTTCCGCCCGCACAGACGTTCGGGCGTCCTGCCCCATCACTACAACCGCGCGGCCAAAAGGGTCGGAAAGTTCGAAATCGTTTTCCCGCACCTTGCTCCTGACCGTCACGTAGGCTGAAAACTGACGGCTAAAGGTGAAATCAACCTGCCCCAGTAAATCGTACCCCGCAGTTCGCTGCGTCGTACCAAATCGCGGGGCAGGGAAGCGGAAACGGTCGTAATACGCAGACAAGGTCAGTATTCGACTCAGCTCGTGACGCAGGCCGGTGTAGAAGCCGGTCTCATTGCGGGGCCTTCCGCTTAGCTCCCCAAACCCTGAGCCATACAGCGACTGAAAGTCCCGGCTGTAGTTTCGGTAAATCAGCGTAAGATCTGTGCGGTCATCAACCGGCAGCTGTATCCCGCTGATGAGTCCAGTGCCGCCATTTTCGCTTCTTGCGACCTCACCGAACACAAAGGCCTGCCCGAGCAGCAGCCGGTAGTCCGCACCTGCAACGGAAGCGTGCCTGCCTTCAAAATCATAGCGATTGTACACCGCCGTACCCGGTACAATGTGCCGGTTGTAAACCGCACGGTACCCGGTTGCGCCAATCATCCCGTAGCGCCCGGTGTAGGTCAGCCTTGCCCCGCCCATTTCGAGCTGCGTATTGTTGCGGCGCGCCCGCTCGCTTGGGGTACGGTGCAGCCCGCTTGCCGATGGAAAGCGGATAGTGTCTTCAGAAACGACGGTTGCACTCAGCGGTCGGTTCGAGTAAAAGCCCGTTACCTGAAACCGTCTGCCGACCGTAGCTGCGATACCCCGCATAAACCGGGTTTGTTCACTCGACTGATACGGGGCGAGACCACGCTCGCCCCGAAGCGGCCCGCCGGTCACATCGCGGCTTTTACCAAAACCCAGTCCGGTATGCAGCACAAGCCCCTGACCGGCCCAAATCCCGTAATCACCCACAACCAGGCGCTGCACCATCCCCACATTTTGGATGCCCGCGTGCCACGAGTTAAAATCGAAATCATGCGGTCCGCTGATCGGCTCGCCCGGTGCCTTCAGCTGTGTAAGATTGAGCGAGAGATGCCGGCTCCGGTAGTTAAAGCGCTGATAGATGCGCCAGGGGTCTCCGGCATACCGCGTCTGTCCTTCAAATGCGGGCGGGGTGAATCCGGTCTGCGTCTGCAGCACCCGCTGCCCCCGGCTGATGTATTCGAAGCGCCCGCGATGCGTCCAGAAACCGGCATTGGTGAGCAGCATGCGGGTGAGCTCGCCGCTTTCTCCTACCGTAATGTAGGGCCTTATGCGCTCAAGGGTGACGGTGCCAATACCACGTATTTGCAGCAGTTCTTCGGGCTGTTCGATAGGCTTTTGCTCCCGCAGGCTGATGATCGCCTGCGCCTGAACCGGTGATATACCCGGCAGCTGACTAAGTTCAGGTAAGGAAGCCCGGTTCAGGTTTATGGGATTGGCTGCCAGGTCGAGCAGGAAAACGGCCAGCTCTTCGGCCCCTTCTGCGTCTTCTTCTGCCTCACGGTCTTCCAGCAGGCGCTCCAGCTCCCGCTCAACGGTACGTACAGAATCAGCTGCCGTATGCTGCCGGGCAAGGGCCGTCTCACTCATCCCAAAGAAGCATAAAAGGGCGGCAATTGCTGTTTTGAGCGAAGTGCGCAGTCTCCGGTCATGCCATTTTTTCAGTCTCATTACCTGCCTCAGAAAAAGATGGTGAGATCAAGACCCGGACTCCAGCCCAGCGCGTAGTGTTGCTGCGCGACGAAGTTGACCGATACCAATGATGTTGCGAAGCCTGCCCCGGCAGAGAAGGTCTGCGGCGCTGTTGTGATGCCGCCCCTGAGCTGAAGCGATTCCCAAACCGGAATTTCAAGACCCGCTCTGAATGCAAGCGGAAACCGGACATCCTTCACAGCGTCGGCAGCAAGCTTTACCCGTTCGGCCAGCTCATACGCCAGTCCGATGGCCAGCTCACGCGCAAGCTCTTCCCGCGCCTTACCAACTGAACCTCGGTTAAGATTGAGTACGCGGGCACCAAGTTTGAGCTCGGGCACAAGCTGCCATGCAAGTCCCGCGTCGATAGTAGGGGTGCCCGCCGATCCGTAGCGTTTGATGTGCAAATGGGTATAGTTGACGATCAGTCCCGCAGAAACACCCGCCTGCGCGTAGCCCAGACCGGCCCGCACACGGGTTTCACGGTAAAGGTCGTCTCCAAACGTGTGCAGTCCGCCGCCAAGCGTAACGCCCCGAAGCTGCACCGTAGCCGCCAGCGCCTGATCCGTAAGTTCTGCAAATCCGTAATTCCGGATCCCGTAAAATGATACGGCATTGTCTGTGCCTGCAAGTAGGGCCGGGTTACCGAATACCGCCCAGCTGTCATCCCCGACGGCTGTTACGGCCTGTCCCATAGCAAGCTGCCGGGCACCCAGCACGGTTTGTGCCTGTGAGCCGGATGCTAACCCGGTCACCATCATCACACAGAAAAAACATACAACACAGAGCCGGAACATCAGCGGCCGGCCGCTCACCGATAGGAGACAATACTTTTCCATAGATGCTTACGTTGCGAAAGCTTATCTTTGATTCATGCCCCATTGATAGCAATAAGCGAAAATCCTTACACCTTTTTCTCTGCATTGGGCCGCTTTTTTATTGATTCTTTGTTCCGTTAAGCAAGTACTCCCGTGAAATTCCTGCCATCCCTGATTCTGTTCTTTGTCTTCTCAACGACCATGCATACTGTGGCTTCAGCTCAGGAAATCCATGCCCGTGTTGAGCTAAATACAAGTCAGATCAGCACCTCTGATTACGATTACCTGAATGAGCTTCGCACCTTAATTGAAGAGTACGTAAACGACACCCGCTGGACCGACGACACATTTCTTGAAGACGAGCGCATAGAAGTTAATATCCGCATTACCCTCACAAACGCCGATAACAACGCCAATTTCGACGCAAACCTGATCGTGCAGTCGAGTCGTCCGATTTACAACACGCTCGCCAAGACACCCCTGGTCTTAATTAACGATAACTCCTGGCGCTTTAACTTCACACGGAACCGCAACATCATCCGTGATGATATGCAGTATGATGACATTGCTTCGGTAATTGACTTCTACATGTTTATCATCCTTGCGTACGACTATGATTCTTTTTCGGAGCTGGGCGGGAGTCCGTTTCTGCGGAGAGCCGAGAACATTCTGAACGTTGCACAGTCAACGCCGGGCGCTTCCGGATGGAGCTCCATGGGAACCCGACGAAACCGGAACGGCCTCATCACCCTCCTCAATAATCCGAATTACGAAGGCTTCAGGCGCGCACTTTACAGCTACCATCGCCTCGGGCTGGATCAGTTCACCCTCAACCCCGACCGTGCGCGTGAGCATATTATGGATGCTTTAACCCTTCTGCAGGAAACCCGCCGGCAAACGACCGAGCGCTACCTTTTCGACCTGTTGTTTTCTACCAAAAACCGGGAATTCACCGCTGCCTTCCTCGATGCTGAACTTTCTGCACGTTTGGAAGCTTTCAACCTTCTGGCTGATCTTGACCCCAGCCATATCTCTGAATACGAAAAACTCCAGTAACGCCCCTTTTGCCTGTTGTATGAAGAACCTCATCCTAAAAATTAAAGACCCCGTGAGCTGTCTCACCCACATGGGCGGGGCTTTTTTTGCAGTCATCGGTCTCGTGCTGATGCTTTTGACGGCAAATGCACCCATCGAAGCTGTGGCATTCGGCATTTTTGGCGGCACCATGTTCCTGATGTACCTTGCAAGCACGCTTTATCACATGTTTGATGCCAGCGAGCAAATCACCAAAGCCCTGCGCAAATTTGATCATGTGATGATCTACTTTTTCATCGCCGGAACCTTCACCCCGTTCACCATGCTCCTGATTGAAGGCAGCCTGCGCTGGATTTTTCTGGGTGTGATTTGGGGGATTGCTTTTGCCGGTATGGTTTTCAAACTTTTTTGGCTTCACGCACCCGCCTGGCTCTCCATCGCACTTTATCTGGGGATGGGTTGGCTTGGTTTGCTTGTGCTGCCTTACGCCTTCACCAACCTGAGCGCGGCTGCCGGCAACTGGATTATTGCGGGCGGATTATCTTATACCATCGGAGCTGTTGTATATGGACTGAAGCGTCCTGATCCCTGGCCGGGCACCTTCGGCTTTCACGAGATCTGGCACCTGTTTGTAATGGGGGGTACCTTCGCCCACTTCTGGGTAGTTTATCGTTATCTGCCTCTTAGCTGAACCTGATAATCCAGCTGAAAAGATCGTATATTTGGATACATCATCACCGAACCGGTCCCGTCGACCGGTTTTTTCTTTTGTATCCATTCTCAAAAAAGGACTTACTTGCTATCTGTCGGTTTTTTACTC
CP027806.1_gap17	443267	445645	2378	AAATGTGAAAAGCAACGGCATGGCGGATAAACTCCTCACCGGTTCCGGTTGATGAAATAGCGCAGGTTTCATTGTTGGCGTAGGTCCCTGCACCGGCAATCGGTGAATCCCCGACCCGGCCAAATCGCTTATTGGTCATTCCCCCAGTTGAAGTACCTGCCGCAAGATTTCCGTTTTGATCAAGAACCGCAACGCCGACGGTTCCGTATTTCTGATCGTCAATATCCTGATGGGGATTAAAGGACTGCTGCGACTCATCGTGATCCAGGGTCACTTCGTCACGCTCCCGTGCACGGATAAGCTGCTGATGACGGCGCTCGGTGTAGAACCAGGAGGGATCGACCCGCTCAACCTCCATTTGGTCCGCAAAACGCTCTGCACCCTCGGCTGCAAAAAGCACGTGCCGGGAGTTTTCCATCACCATGCGGGCAAGGCTTATGGGGTTTTTGACTGTTGTGACACCCGCAACTGCGCCTGTTGCCAGGGTGCGGCCATCCATAATAGAAGCGTCTAGCTCAAAGGTTTCGGCATTGGTCATCACCGCGCCCCGTCCCGCATTGAACAGGGGGTTGTCTTCCAATAGTCTTACGACTTCTTCGACCACATCAAGGGCTTCCGCGCCGTCATGCAGCATGGCACGACCCAGCTCGAGTGCTTCCTCAAGGCTGTCGACATACTCTTGTTTGACGTCGGGGTCAATATCGCGGGAAATGACGCCTGCGCCGCCGTGCAGGGCAATGGCATAGGCCGGACGCTCGCCCGGTACCGTGTCAGCGGCAGATGTGTTTTCATCCGTACAGGAAGTGAGCATAAGAAACAGGAATGCTGTGGTCAGGGCGTAGACAAAATTCATGGTCGCAGAAGTTGATAATCTGTTGAGAGTTTAGTCCGCATTATTCGCCAAGAAATTTTCTTGCTGGCAAGGCGAAGCTGAAAACTCAGCGGAAGGGTACCCAGGTATCCTGAGCATGAGTTTTCAGCTTCAACGTAGCCAACGGGGAAATTTTGCAGTCTTTATACTGCACTCAAATTTAGGCTACCTGTGTTTCTCGGTAAGCCAAATTTAAACATGCATTTAGGATATATTCTATGTTTAATTGTGAATAATGCGGATAGTTCATAGCTGCGGAATATCCCTTATTCGGGCTGTTTTTCCAAATCCCGCTCTAAAAAGAATTCAGCTGTATGTTTCAACAGACTCATCAACCTGTTATCAGAATGGCTTTTCAAGCCGTCGAAAGTTTTTTCCCTGACACGCAAATCATGTGGAAATCAACTAAATCAGCACCATTTCCGGAGAAAAATCTTCGGGTACAGGTAACGGACTATTTCACCAACAGCATTTTCTTGACCTGAACAAAGCTGCCCGTTTCAATCCGGTACAGATACACTCCGCTTGCAATCGGAAAATTGCGCGAGTCAAAAACAACTGTGTGTGTGCCTGCACTTTGAACACCGTTTTGCAGGGTTGTAACCAGCTGACCATTTACGCTGAAAACATCAAGCCGTACGTGAACAGACTCCGGAAGGGTATATGAAATCTGTGTGGAAGGATTGAAGGGATTGGGATAGTTCTGATTCAGTATGAATTCGGCCGCAGCTTCACCGGGTTCAGATGGCACATCTACAGGTGACAGGAAATCCAGCAAAATCGGGAACGTAAGCCCCCCTACAGGGTTGGCCGTCGGCACGCCCTCGCCCCAGCTGCCGTCTTCACTTTGTTTGGTTTCGATGATCAGTCCGTCTGCAAGCGTACGCTCTTCAATTCTGCGAATACCGGAAGGAAAATCATTGGGTATCATCGCAGCCCATCCTCCTTCTGTTTCCTCGACCCATTCCCGGAAAAAGGAAGCATAGCGCTCATCAAACTGTACGCCCGTCTGCTGCACAAAGGTAGCGTAAACCGGGCGTTCAGCGCCGGCTTCGTCGGCATACAGAACGATGAAATTGCCCGGGTCAGCCTCCGAAAAAGCTGCAACGCCGGTAGCCTGACCGGTTAATTCGCCAAAATCAAGAACCTGAAATTCAGAGAACGTGTCAATTACGTGATGAATAGTGCTGCCGTTCTGCCCGTCGTTGAGCAAAAGCCTGATCCGCAGGAAATTGCCCGGGGTGAACCGCTCATTTCCGCTTGGCTCGGTAATAAACCAGCCTTCAAAAACGCCCGCTTCGTCTGTGCTCAGGGTGAAATGACCGCTCTCAAATGCCGAAGGGCTGAAGTCCGGGCTATCGGTTGTTCGAATAAAGGAAGCCGCCTCATTTCCGGCAAAAATCATATTGCCGGCGCCATCCTGCTCAAAACCATCGCTTTCCTCAATAACCCGGTTGGCGAAACGGTAGGTCGTATCCGGCAGCAAGCCCTCCAGGCGCAGGCGGTA
CP027806.1_gap18	476790	480198	3408	AGCTTGTCCGTGATCGGAACTTGTAAGCATCACTTCGGCAGCATCCGTCCAAACGGCAGGGGTACCGATGGCTTTTGCGCACTCAGCCAGCAGGAAAGAACTCAGCCGCTCGCCAATACTTGATACCGCATCCAGCGATTTGGGCGTGAGCTCACCGAGCGTGTGGATACCAAGCAGGTAGTTATCCAGCAGGCTGATCAGCGCGCTGATGTGGTTTTCGCAGGTTTCAAGGCCGGTGCGATCGGTGATCTCCGGCAGGGAGAAAAAGGTGTGTACGAACTGACGGTGTTTTTCGCCCAGCTCTGCAGAAATACGGCGGGCCTCTTCAAGCGAACCTGATTTTGCGGTGTCCGCAGCGAGAATGAGACTGTTTGTTGTGCCTGAAGTTGCCGAAACAACGGTTATGGTTCCGGGACCGGTAGCACCTACGATATCAAGAACGCGTTTCCAGGCTTTGGCATCAGCCATGGATGTGCCGCCAAACTTTAGGATTTTCACGGCTTCAGAGATGGTATGAATAGTTTAAAATTGAAGGTCACTTTGGGTGTGCCTGATGAGCAGATTTGCTAAGAAAATGGCAGAAGGGGCCAGAATGCTTTCATCAATGTCGAACAGGGAGCTGTGCAGCGGGTGTGATGTTGCCGGGCCGTTCGAAGTTCCGACACGGATAAAAAGCCCGGGACGCTCGCTACTGTAGAATGCGAAATCTTCCGCACCCATACTTTGCGGGCGGCTCACAACTTTGTCGGGGCCGAGCGTTTCCCTGGCATAATCCTTTGCAAAAGCATACAGCGTCGGATGATTCACCACGGCCGGTGCGCCCAGGCCAAAGTCGGAGCTGATTTTTACCCCATGCAGTTCAGCAAGGTTATCGGCCAGGCGCTTGAGATAATCTTTGATATAGTCCCGCTTGTCTTCTGCCACCGTTCGCACGGTACCGCCGATATACACCTGACGCGGAATCACATTGAGTGCGTTCCCCGCATTGAATTTGCAAACCGAAACTACGGTAGGTTCCAGCACATTAATCATGCGTCCGGCAAACTGATAGATATTCTGCACCAGCTGATGTCCGACCCACATGGCATCCGGCTTTCGGTGTGGCCGGGCAGAGTGATTGGTGGAGCCGCCATCGATTTCAAACTGAAAAGCATCAAACGCTGCGGTTTCCGCCCCGGGACGCAGGCTGATTTTTCCGCTTTCCGTGTTAGGGTCGCAGTGCATGCCATATACGGCGTGAACGCCCTCGAGCACACCGTCGCGGATCATTTCGGGCGAGCCGGAAGGTTGCTGTTCCTCTGCCGGCTGCCAGAACACGCGGATGGTACCACGAATATCATCTTTGCGGGTGAGCAGGTGCTTCACAATACCAAAGGCAACCGTCGTATGCACGTCATGCCCGCACATATGTGCGATTCCGGCACGCTGGGATTTGTAGGGGACGTCTTTTTCATCTTCGATGGGAAGGGCGTCCATATCGGCACGCCACGCCAGACAAGGTCCGGGCCTGCCACTACTGATATCGGTGTAAAACCCCGTCTGCGCCAGTCCTGTTTTTACCTCGAGCCCCATTGCGCGGAGCTTCTCAATGATCAGCCGGGATGTTTCGTATTCGCCCCAGCTTAATTCAGGGTTTTGATGCAGATGGCGGCGCATCCATAGCAGCTGATATTGCAGCGCCTGTTCATTTATTTCGGGTTTTAAATCTGTGATACTCACGTGGTTTCCACCGGTTTTGCACACGGCAAACAAGCCGTAGTTAAATCATTGTTAATCAGCCCCCCGAATCAGAAAAAAACACGAAAGACCAGAAAGTTTATGCATAACCTTAAATATACGGATTTTTTAAGGCTTTAAGCGATTGTATGCATTTGCGTACACGGCCAACAGGAGTGTGCCGGCCAGCGATCGGGCTAAATAAAAACACGAAAGCCCCGGGATGAAACCCTACGCCCAAAAACAAAAAAATCACCTGTGCAGCCCTCAGGTTACAGGTGATTTTCAGGAAAAAGGATGGCTAATCCACCATATCAGGCGCTGAACGATGAGCCGCAGCCGCAGGTGCTACTCGCCTGCGGATTTTCGAAAACGAAACCGCGGGCGTCAAGACCATCTTTAAAATCGAGAACCGTGCCATACAAATACATGGCCTGACGTTTATCAATCACAACGGGGATGTCCATAATCGTACTTTGTGTGTCCATTTCGCCGGCTTCATCAAAATCGATGATGTAGCTCAGCCCTGAACAGCCCCCGCCTTTTACGCCAATGCGAAGAAACGGCTTTCCTTCATTTTCACCCTGTGCCATCAGCTTATGTATTTGCCGCGCTGCACGGTCGGTGATCGTAACTACTTCCTTTTCAGTTGTACTCATGATAGCAGATTGTAGCTTGAATAATAAATTTTAAAACAAAAATGACGCTTGATGATCTGTTGCGCCCTAAATAATAATGTGCGGGATAATTTACCAAAAAGATAAGCGCTGGACAAAAAGCCCCTGAGAGTGCTGATTCAAAAAGGTTTGTTGGAGTGTGTGAAGTACTCCTGATCATTTTTGGAAAACAAACTGAGCACGCCGAGACTCACTAAGTCAATAAGAATACGGGAAGATTTGTACTTGCTCCGGTTAATCAGCCTGGCATATTCATCAACGGTGATTTTCTGATATTCGTTGAGATAGCGAAACAGGCGCTGTTCATTCTCACCAAACTCAAAGGTGATTCCCCGGTCCCGGTTCTGACTGCGCAGCAGGGCCGCGCGCTCCTTGCTTGCCCGCACGCTTTTGTCTTTATCGCGGATATAGACCTCACTTTTCCCGTTGTGCTTTACGTAAACCGGCTTTTTTTCGGCTTCCTCCACTTTCACAATCACAATCTCACGATCCCCCATCTCAAGCAGTTCTATTTTATAGTCAAGCGGCGGATCACAAAGCACGGTAAGGGCTTCAATCAGCTGATAGCCTTCCTCATAATAGCTGTCAACCCCAATCAGCGTGCGGTTATCATCAACGCCAATCAGCAGGGTGCCCCCTTTGGTGTTGGCAAAAGCACAAACTTCGCGGGCAATTTTTTCGGGGGATGAGATGGTTCGCTTAAACTCCAGAAAGGTACCTTCACCCGTTTTAATGAAACGTTTCAGGTCGCCGAGCGACATGGTGCTGATGGCGGGCGGAATTCTAAACATGGCAGGATTAAAAGAGCGTAAATCTGAGACGGTTGCGGTGCCGGACTAATCCGGCTTTGCGGTTCAGCTAACGAACTACAATTGCAGCGCGTATATCGTTTCAATCAGCGAATAAAGGCATGCAAAGGCGATGGTGCAGGGGTTGGCTTCTAATAGATAATTTCTTCTTTCTGTTCGCGGGTCATCAGGCGGTACACGCCGTCGCGGGGATTCAGGCCCTCGAA
CP027806.1_gap19	486058	489126	3068	GGCTTCCTTTGGTATTGCGGTGGGCTTTGCCTCGCAGGATATTCTGCGAAACATTTTCGGAGGCATTATGATCATCCTTGACCGCCCGTTTCAGGTCGGGGATAAAATTCAGGTAGGGGAACACTACGGGGAGGTGAAGAGCATCGGCCTGCGAAGCTGTCTGATTGAGACCCCGGACGATAACACCGTAGCCATTCCCAACGGTGAACTGATGAACCGCGCAGTATCAAACGCCAACTCAAGCGCACTCGACTGTCAGGTTGTGGCCGAAATTTTCATACCGGCAACTGCGGATGTGATGCTCGCCAAAGATGTTGCCCGTCGGGCCGTGTTTTCATCCCCCTATTTATACATGAATAAGCCGGTTGCTGTAATTGCCCTGAATGAGCTCAACAACCGGGGCTTGTTCATTAAGCTTCGGGTGAAGGCCTACGTGCTCGACATCCGCTACGAGTTCCTGTTTAAAAGCGATATGACCGAAATGATCGTGACCGAGCTGAACCGGCTCGGGATATTATCTTCCGCGGCTCCGGAATCGCAGCCTTCTCCCGGAAACAGCCGCGGTGACAATCCGGTGAAAAGTCAGGAAATGGCGTAAGCCGCGGGCCTTCTGTTATCCGGCTGGATCAAAATATTAGCCGGATAGGTAGCCAACTGCCTTTTATAAAACCGTCCTGTAGGGACGCCCTGTGGGTAAAAAAATCGCACGCTCCCCCAATAATATGGGAATGCCGCAGGCATGATGGGTCCGTCGGAGACACCCGAACGGATTTCGTTTGAATAAATCGGATTCGTGACATGCACCTGAACGCACAGAGCGTACCTACGGCACGCTGATATTTGGGGCGTTTCCCGGTTTCTACCCACAGAGTGCCCCTACAGGGCACGCTGGAGTTTGGCTTTTGCTTGTATTTTTGAGTTTTTCGTAAAAAAATCCCGGTCTATGATGCATATGACCGGATTTTTTAGGATATTATTTTCTAGTTATATCACTAGATTATTCTTAAATCCTACCGCATATGGGCTATCCTACCAAAATTCAACGCATCGACCGCAAAGCCAGCCAGCAGTGGTATGTCAATATGCCTGCCGCCGTGGCTGAAGCTATGGAATTCCAAAAAGGCGAAACCATCGAATGGATCATCGATGACCAGCAGCATATGGTTCTTAAGCGCGACGCCAAACTCGTCAGCAGCCTTAAAAAAAAACTGCCTCAAACGCGCTGACAAGCCAGTTTGACAGCCTGCTCCACGAATCCACTCACAGTAAACTGACGCCCAAAATGCAAAGACTGGTACACGATCTTGCCTACGGTCTGGTTAATTGTGGCGGTAAGCGCACGCTCACAGGCATGCTGAGCGGTAGCGGCAACCAGTTCTGTGACTGGACGGCCGCTTACCGGATGTTCAGCAAGCAGCGCTTTGACCCGCAGGACCTGCTGGATGTCAGCCTGGCGCCTGACAACGCTCCGGTCATTGCCCATATCGACGATACCCTGCTGAAAAAAACAGGACGCAAAGTACATGGTGCGAAATGGCAGCGAGACCCGCTTGGACCCGCTTTCCACACCAATTTTATCTGGGCACAGCGCTTTGTACAGGCCAGTATCGCCTGCCCGGCCTCTTCGCAGCTTTGTCAGGCACGGAGTATACCGGTGAGTTTTGTCCATGCGCCCATGCCGGTTAAACCCGGCCGTAATGCGGATCAGCTGCAAAAGGACGCTTACAAAGAAGCTAAAAAGAAAAGCAGGATAAGCTGTGTTGGCGCAAAGCTGGTGGGTTCATTGCGCCAGCGCCTCAACGAGTTGGGATCAGCCTCACGTCACCTGCTTGTAAGTTTTGATGGGGGGTATACCAATCGCGAAGTAATCCAAAACTTGCCGGCGCATACAACCTTCATCGGCAGGGTCCGCAAAGACGCTAAAATCTATGATCCACCTGCTGACCAGCCTGACACAGGGCGGCGGCGCTTGTACGGGGAGCCTAAGTTAACTCCGGACCAGATTCGTACCAGTGATCAGGTAAGCTGGCAGAAGGTCAAAGCTTTCGCGGCAGGCAAGGAGCACGAGTTTAAATTAAAGGTAGTAGAAAACGTTAAGTGGAAGCCTGCGGGCGGGCACCAGCTACTCAAGCTTATTATTATCAGTCCTCTTGGGTACCGCTTGGCTAAAGGGGCGAACCTGTTGTACCGTAAACCCGCCTTTCTGATAACCAATGACCTGAAGTTACCGCTGCAAACCCTGCTTCAGGCTTATGTTTGGCGCTGGGAGATTGAAGTCAACTTTCGAGAGCAGAAAACCCTGATGGGCTGCGGGCAGGCACAGGTGCGCAACCAGCACTCCGCCGAAGGTGTACCTAAGTTTGTTACAGCGGTGTACAGTCTGTTACTGCTTGCCGCTGAACACTGCAGCAGGCAGAATGATCCACCGGTCCAAATGCTGCAACGTGCCAAGTGGTACCCCGAGAAAGAAAACAGCAGGTGGACGACAGGAGACATTTGTAACCGCTTCAGGGCGGAATACTACAGCAAAGCCATAGGGGTGAGTTTTGACGGCTTCATGAACAAAAGGTACCGAAAGCAGAACCACCTAAAACTGCTAAACCCGGCTTTATCGGCCATGATTAGCATCAGAACTTAGCCAAACTCCAGGGTGCCCCTACAGGGCACGACGGGTTTGGTCACGATAATAGCTCATAAATCAAAAGATTCTGTTTGGCTTTATCGCCCTTGCCATTCTCACTCATAAACAAAAAAGCCCCGAAAGGGCGACATACCCAAGCACAGGGTGCCAACCCTGTGACAACGGAACACATCCAAAAAGAGCCCTGAAGGGGCGGCATACTTCCAATACTGGAACAAGATACAACATCATTCTCAGGCACCGATAGTATGTCGGCCCGTTGGGGCTTTTTGCGCACGAGCATTGAACACGAATTACCCAACTATGGGCGGGTTGCCGGATTTCATAGCGGTATCCCAGCCCAAAAAGCAAGGTGTTCACCGCAGGTTTGGGGGCTTGCAAAATGGCACGGGCCCCCTGATGTTCACGGAGTTTTCCCCAAAAAAAC
CP027806.1_gap20	494221	495238	1017	CGGCAGATTTATGTGTTTCAGGATGATATGATGGATGCCGCATGGAGCATTGATGCCCTTGGCGCCATGATTCGCGGCCACAAAGCACTGTACGAAGCGCTCTATATGTTTGGGCAAGGCACCGAAACCATGTTCGCGGCACGTCAGTTGTTCGACCGCTCGGTCATTTTGTTTGAACATGCCGAAGCCCTTGCCAAACCCTGGGGCTTTCCGCAGCGGATTTCCTTCACCGCTGACGGACCGGTTGCCGCCGCAACCTATACCGAGCCGTATCACACCTTTCAGTTCATGAACCACATCGGCGGCGGTTTTTCATGGGATCGTGAACTTGAAGGTACCTCAGGTTTTATCGGGGAACATCAGCCTGACATTCCGCGGCGTGTTGGAGCATTAAGCGACATGCTGCTGCAGGGCGCCCTGGACCACATGATGCCTGAAGGCCGCGTTGTAAAGCAGCTCTCCTATGAAAATGGCAGCGTAAAAGATCAAATGACTGGTATTTCAGCGGCCGGCATGTTCGTCACCGCTGCGGGTAACATCTACCGCAAAGGAAGTGCTTTCGAACGCGCCTCGGACTGGGAAAGCGTTACGGATGATGTACGTGAACGCAGCCGCTTGCTGTACGACGCAAAAATAGCGCACACAGCATTCATTGAGCAGTTTCTGGACGGAATGTAGCGAGGGAAAATAAAATAATCCGCATGAAGCTCCGGGAGATGTTTCCGGAGCATCATGCGGTATGATTTCTCTCTGAATTTGTAAGCCCTGGCTTTGAAGACGAAACCGATTAAAACCGCAATCAGGGTAAGGCGGTACCGGACTGCTGTTGCAGCGCTGCTGTATCTGTCAGCACCTCTGACATACCGTTGGCGATAATAGTCCCGGCTACTGCAGCGCCGGCATTTGAAAAATGGAACATATCATAAAAATACTCAGACGATTTTTCCATGGTACCGGCTAAATCAATCAGGGGAATGTCATAGGCATCAGCAACTTCACGGGTTACGTCGTTGTACA
CP027806.1_gap21	504563	509364	4801	GCCGCCGTGCAGCACTTGCCGTTGCCGCAAGCAGGCAGCAAATCCGCGACAAAGATTTTTTCTACATTAACAGCCTCTCCTGCCGTACCATCGTGTACAAAGGGATGCTTACGCCGCATCAGCTCGACAATTATTATCCCGAGCTGCGCGACCCCAACATGCAGACGAGCATCGCACTGGTGCACTCGCGTTTCAGCACCAACACTTTCCCGAGCTGGAAGCTTGCGCACCCGTACCGCTACATCATCCACAACGGGGAAATCAACACCGTGCGCGGCAACCAAAACTGGATGCACGCCCGCGAGGCTGCGTTTCAGTCGCCGCTGTTTGGCTCTGACCTAAAGAAGGTGCTACCCATTGTGCAGGATGACGGCAGCGACTCCGCCAAGTTCGATCAGTGCCTCGAATTCCTGACCCTGAGCGGGCGCTCGCTTCCCCATGCCATGATGATGATGATTCCCGAGCCCTGGGAAAAGCACGAAACCATGGATGAAGCCCGCCGCGCCTTCTACGAGTATCACAGCTGTATGATGGAGCCCTGGGACGGTCCGGCTTCGGTTGCCTTCACCGACGGGCACATGGTTGGCGCGACCCTCGACCGGAACGGGCTGCGGCCATCGCGCTACTACATCACGCGCAGCAATATGATTGTGCTGGCCTCAGAAGCCGGCGTGCTCGACATCCCCGCGGATGAAGTGCTGACCAAAGGCAGGCTTCAGCCGGGGAAAATGCTGCTCATCGACACCCGTCAGCAGCGGATCATCAGCGATGAGGAAATCAAGAATCAGGTCGTAACACAGCAGCCTTACGGGCAGTGGCTGCGGGACAATCTGGTCGTATTTGAAGACGTCACCCAAAAAGTGACCTATCAGGAGCCGCGCCTCGACCATGAAAAAGTGGTGCATCGTCAGAAAGTGTTCGGCTACACCTACGAGGACCTGCGCATCAACATTGGTCCGATGGCTGAAAACATGCTGCAACCGATTGGCGCGATGGGCAACGACGCCCCGCTTGCGGTGCTATCGAATCAGCCGCAGCTGCTCTACAACTATTTCAAGCAGCTTTTTGCGCAGGTTACTAATCCGCCGATTGATCCCATCCGGGAGGAGCTGATTACCTCCACGGAAACCTATCTCGGTGCGAAGGGCAACATCCTCGATGAGTCACCGGAGCGCTGCCGTCAGATCAAGCTCACTTCGCCCATCCTCACAACCGAGGAAATGGCCGAGCTGCGCAAAACCGACCTGCCCGGCTTCCGGATAGAGGAGCTTCCGATTTTGTTTGAAGCCGGAACCGGCGGTGCCGGGCTGGAAAAAGCCCTCAGCAAGCTCTTCAATGCCGCGGCTGAAGCCATCGGCTCCGGGGCGAACATCCTCATTCTTACCGATCGCGGCTTTACCCAAAAGCTGGCTCCTATCCCGGCCCTTCTGGCGGTCTCGGGCCTGCATCACCATTTAATCCGCAGCGGCAAGCGCACCGATGTGAGCATCGTCCTTGAATCCGGTGAGCCGCGCGAAACGCATCATTTTTGCACCCTGCTCGGGTACGGTCTCGATGCCGTGAATCCGTACATGGCCTACGAGAGCCTGTGCGATCTGCTGCAGCAGGGACTGCTCACGGGCATCGACTACAAGCGCGCGGTGAAAGGCTACAATAAAGCGGTCGTGAAAGGCATCGTGAAGGTGATGGCGAAGATGGGGATTTCCACCATTAAGTCGTATCGGGGCGCACAGATATTTGAAGCGCTGGGGATCAGCACGGAAGTCATTGACAGCTACTTCACCTGGACCGACAGCCGCATCGGCGGCATCACGCTCGATACCATTGCACGGGAAGCCGAACTGCGGCACGAGAAAGCATACCCGAAAATTCAGCAGAACGGCACCGTGCTCGATGAGGGCGGACAGTACAAGTGGCGGCGCAACGGCGAGTACCACATGTACAATCCGAAAACGGTACACACGCTGCAGCTTGCGACGCGCACCGGCGATTACGGCCTCTACAAAGAATACGCCCGTCTGCTTGATGAACAGCACGACCCGCCGCCGGCCCTGCGACATATGCTGGAACTCGATTACGGTCCGCGAACAGTGCCGATCGAGGAAGTCGAATCGGTCGAGTCCATCTGCCGGAGGTTCAAAACCGGAGCCATGTCGTACGGCTCCATCAGTCTGGAAGCGCACGAAGCGCTGGCGATTGCGATGAATCGCATCGGCGGACGCAGCAACACGGGCGAGGGCGGCGAGGATGCGAACCGCTATACCGAAGATGCCAACGGGGATTCGCGCAACAGCGCCATCAAGCAGGTCGCCTCGGGACGCTTCGGCGTAACGAGCGAGTACCTGACGCAGGCCAAAGAAATTCAGATCAAGATGGCGCAGGGTGCCAAGCCTGGCGAGGGCGGCGAGCTGCCGGGACGGAAAGTCTATCCCTGGATTGCCGATGTGCGGCTCTCCACGCCGGGCGTAGGACTCATTTCTCCGCCCCCGCATCACGATATTTACTCGATTGAGGACCTTGCACAGCTCATTCACGACCTCAAAAATGCGAATGATCAGGCCGACATCAACGTCAAGCTGGTTTCGCTGGCGGGGGTCGGGACGATCGCAGCGGGCGTGGCCAAAGCCAAGGCCGATGTGATTCTGATCAGCGGACACGACGGCGGTACCGGGGCTTCCCCGCAAACGAGCATCAAGCACGCGGGACTGCCGTGGGAGCTGGGACTGGCGGAGGTGCATCAAACCCTTCTTCTCAACAACCTCCGCAGCCGCGTGAAGCTGGAAACCGACGGACAAATCAAAACCGGACGCGACATCGTGGTCGCCGCCCTGCTCGGGGCCGAAGAGTTCGGTTTTGGTACGAGCGCGCTAATCACGCTGGGTTGTATCATGATGCGGGTGTGTCACCTGAACACCTGCCCGGTCGGGGTCGCAACACAGGACCCGCACCTTCGGCACAAGTTCACCGGCGACCCTGAATATGTGGTCAACTTCATGAAATTCGTAGCACAGGATGTGCGCGAGCACATGGCGGCCCTCGGTTTCCGCACCATTGATGAAATGATTGGCCGCACCGACAAGCTGCGTCAGAAAAAGACCAGTCACTGGAAAGCCAAACTTGTGGATTTGAGTCCGGTGCTGCACAGCCCCAAAGTGCCTCCGCTCACGGGCGTCCGCAAACTCACGCAGCAGCACCACGGCCTTGAAAACAGCATGGATGTGCAGATGCTCCTCGACCTGTGTGAACCGGCCCTGAGCGAGAAAATACCGGTGAAAGCCCGGCTGCCGATCCGCAACACCAACCGCGTGACCGGCACCATCCTCGGCAGCGAGATTACGCGGATGTACGGGCAGGAAGGTCTGCCGGAGGACACCATCCATCTGAGTTTCCGCGGTTCTGCGGGGCAGAGTTTCGGCGCGTTTGGCGTGCCGGGCGTCACGCTCGAGCTCGAAGGCGACGCCAACGATTATTTTGGGAAGGGCCTTTCCGGCGGCAAGCTCATTCTTTATCCCGATCGCGAGGCGCGTTTTCGTCCGGAGGATAACATCATCGTCGGCAACGTGGCCCTGTACGGGGCAACGCGGGGCGAGGCCTACATCCGGGGTCGTGCCGGTGAGCGTTTCTGCGTGCGGAACAGCGGGGCCTCCGCGGTGGTGGAAGGCACCGGCGATCACGGCTGTGAGTACATGACCGGCGGTCGCGCCGTGATTCTGGGACCGACCGGTCGCAACTTTGCCGCGGGGATGTCCGGCGGCATCGCTTACGTACTCGATCCCGACGGCAGCTTTCCGAGTCGTTGCAACAAGGAAATGGTGTATCTGGAGAAGGTCGATGCCGAATCCGATGCGCTCGAACTGAAGCGCCTCATCCGGCGGCACGCCGACTACACCGACAGCGTGCTCGCCTGGAAAATCCTGGCGAAGTGGGACGAAGTGCTGCCGCAGTTTGTGAAGGTCTATCCCAAGGATTTCAAGCGGATGACCGAGGCCATCCGGCTGGCAATCAAAGGCGGCATGGACGTGAAGAAAGCCGAGATGCACGCCTTTCAGGCCAATCAAATGGATGAGGCCCGCGCGGCTGGAAACTAAAAAGCGGGACCTGTCACCCAGCCCGGATGCGGCCCGGAAGCCCATCCATCGATAAAAAAACCAAAGATTACCGAAATTTAGGACAAGCAACACATGGGAAAGCCAACCGGATTTATGGAAATTGCGCGCAAAGACGCGCTCTCGAAAGACCCCTCCGAGCGGGTGCAGGACTGGCGCGAGTTCGGTGTTCGTCTGCCCGACAGCGAACTGCAGCAGCAGGGGGCGCGCTGCATGGACTGCGGCATCCCGTTTTGCCAGACCGGCAGCACTACACCGAACGGCAAAGCGCTGGGCTGCCCCGTGTACAACCTCATCCCGGAGTGGAACGACCTCGTGTATCGCGGCAAGTGGCGGGAGGCCCTCAACCGCCTGCACAAAACCAATAATTTTCCGGAATTTACGGGTCGCGTTTGTCCTGCGCCCTGCGAGGGCAGCTGCGTGCTCGGGCTGATTGACAAGCCCGTAGCTATCAAAAGCATCGAGCAGGCCATCATCGACAAAGGCTTCGAGGAAGGCTGGGTCGTGCCGCAGCCGCCGGAAAGCCGCACCGGGAAGAAAATCGCGGTCGTTGGCTCGGGTCCTGCCGGACTCGCCGCTGCCGCGCAGCTCAACAAAGCGGGTCATCTCGTGACCGTGTTCGAACGCGCCGACCGCATAGGCGGGCTGCTGATGTACGGCATCCCCAACATGAAGCTGGAGAAGGGCGTGGTTGA
CP027806.1_gap22	510396	514278	3882	CGTGGTCGCCCCACGAAGTCCGGAACAACAACGGAATCCCGGATCGTCGGCCAAAAGGTAGATATACAGCAAACCAGCGCGTCCTGTAGGGACGCCATGTGGGTAGAAACGAACCGCCCCCCGAAATAACCGGAATGCCGCAGGCATGATGCGACCGTCGGAGCCCCCCGCATCGCGTTTATCCCAAACACCTGAAAACACATGGCGTACCTACGGCACGCTGATGTTTTTTCGCGGCGACCGGTTTTCTACCCACAGAATGCCCCCTACAGGGCAGGATTAGTTTGTTAGTGGCATTGGGATCTCTCAGAAGCCCCCGGCGTCGAGCAGGACACCCGCAGACAAAGCCTCGTCGTCTGGGTCATCCACGAAGGCTGGGCAGTCGCAGAAGCCGTGGACAAGTGGGTCATGCGGTGATTTTGTTAAGTATGATTGCGGGAAAGTGGTTAGTTATATTTCAAAAAATAAATCACTAAAATCAACTTACATTATGAATACTTACCTTTTTGCATGGAATCCCACAAAATGGTCGTGGACTGACCTGGCCCAGAATATTGAGAGTCTTAACCAGACCGGACGCGTTATTCAAAAATGGAGCTGCGTCAGTCATAAACAGGTTCGACTTGGTGACCGTGCATTTCTCGTTCGGCTTGGTACGGAGCCAAAAGGGATCATGGGTTCAGGCACCATAATCTCGGAGGCTTTTTTATCAGAGCACTGGAGCGGCGAAGATAAACTTGTGCACAGGGTTTTTATAGAGTTTGATACCCTACTCAATCCCATGAAGGAACCAATTTTAAGCCTGGAAGCTCTTGATATTGGAAAACTTTCAAGGCAGGTTTGGACCCCGCAAGCATCCGGTATTTCCATTAAACCAGACGTTACGAATGAACTTGAGGCTATTTGGTTTAATTTTTTAAATGATCGTGAACCTGAAGAAACCATAGCCGACGATGCTGCATCGGACAGCTATTTTGAAGGTGCAACAAGGGCAGTTATAAGTACAAACCGTGAACGTAACCCACACGCAAGAGCTGCATGCTTAAGGCACTATGGATATAAATGTATCGTGTGTGAATTTGATTTCGAAAAAGTTTATGGCGAAGCTGGCCGTGAATTTATTCATGTTCATCATTTGAGCGAGGTGGCAAATAAAAAGGGTGTTTATAAAATCGACCCTATCGAAGACCTTCGCCCGGTTTGCCCTAACTGCCATTCCATCATTCACCGAAGAAAACCCGCATATTCCATTGCAGAAATGAAAGACATGATACAGGGCAATAGTTTTAAGTGAAAACGGGAGATTTCAGTTTGGGAAAAACTGCCCCTACAGGGCAGGATTTGTCAATTGAATGGAATGGGAAAGCGTAAAGAGCCAAATCGTATGGGCCCATCGTAGGGGCGAACCCTTGTGGTCGCCCCATATCGTCGCCCCACGAAACCCCAAACCACCCCAGAACCCGAACCCCACCAATAATCACAAAACCCGGCGGGCCACGGTGAAGCGTTGTTGCCAGTAGGCTTGATTGAGCTCATCGATAATGACCCCCTGCGAAGTCGAAGCGTGCATGAAGCGCCCGCCGCTGAGCACAATGCCTACGTGCCGGGTGTTGCGTCCCGTCTGAAAAAAAACGAGATCGCCCACCCGCAGCTGTTGCGGGCGAATACGTGTGCCGTGCCGCATTTGCTGATCGGTCGTGCGCGGGATCTCAACTCCGAATCCGTTACGGAAAACCAGCATCACAAACGCGGAGCAGTCCACGCCTTGCTGCGTAATTCCGCCCAGCCGGTACGGCGTACCCCGCCATTGCTGATATTGCTGCATCAGGCGCTGTTCAACCTGACGACTGTCAGACCGGCTGCCCGAAGAACTCCCGCATCCACCCAAAAAAAGAGACAGGCCGAACAGCGACAGCAGCAGCAAAGGCAGGGAGTTGCTTTTCATGGCGGATTCAGATTTATATCACACAGCGCGGGATTTGAGCCCGGTTTTCAGGTGGTCGAGCACATCAATTACGGCGCTTGGATTGGCCATTACGTAGAAGTGCAGGCCCTGAACGCCGTGATTAAGCAGCTCCTGACATTGCTGCACGCCCCATTCAATGCCGATATCCCGGGCGCGATCGGGCTTGAGGGAGATCTCATGCGAAAGCGGCTCCGGGATGTTCAGGTGAAACGAGCGCGGCAACGTCGTGAGCTGACGGTAGCTCGTGATCAGCTTCAGACCCGGAATAATCGGCACGGTGATACCCGCTTCGCGGCATTTTGCTTCAAAGTCGAAGAATTTCTGATTATCGAAAAACATCTGCGTCACGATGTAATCCGCGCCGGCTTCGACTTTCTCTTTCAGGCGCAGGATATCCCAGTTCAGGTTGGGGGCTTCGAAGTGTTTTTCAGGATAGCCCCCTACGCCTACGCAGAAATTGGTTTTGTCGGCTTCCATGAGTTGCTCGAGGTAAAGACCTCGGTTCATACGCTTCACCTGCCGCACGAGATCTACGGCGTATTCATTGATGGTGCGGTCGGCATTGTAGGGTTTCGGCGCCCCGTGATCGTCCCCGCGGATGGCCAGCACATTCTGAATCCCGAGGAAGTTCAGCTCGATCAGCGCATCTTCGGTTTCCTCCCGCGTGAAGCCCTTGCACAGGATGTGCGGCACCGGCTCCACATTGTAGCGGTGCTTGATGGCCGCACAAAGCCCGATCGTGCCCGGACGCTTCCGCCGGATGTGCCTGCGGATGTTACCGTTATCGAGTTCTTCGTAGTAGGCTTCGGCTGCGTGCGCGGTCACATCAATAAACGGCGGCCGGTAGGGCATTACCTGATCAAGCGCTTCAAAAATACTGTTGATGGATTTGCCCCGCTTGGGCGGAATAATTTCAAAGGAAATGAGCGGCTCGGAGCTCTGTGCATAAAAATCGGTAACTTTCATCTGCGAAGCTTTGGAAGGTGTTAAATGAAAAAATCTGCATAGCTTAGGCTCCCTAAGGAGCAAGACCTAAAGGTAAGGATTGCTAACGGCAATAAAAGCAAACTTTGAAACAGGGTGAAATCGTGCGATGAGATCCTGTGGAGTATTTTATCAAAGACGAAATTAAAATATATTAGGATTTTGAGTTAGTTTAATGTCAGTTTGTTTATAAATCGAACTAAAATTGAAATTTAATGGGATTTCGTGAAGTCGGAGACGCTATCAGAAGGCAGCGTGTATTGCTGGGCGTTACGCAGCCAGACCTTGCGGAAATTGCAGGGGTGAGTGTGAACACGCTCTGCAATATCGAACGTGGTCAGGCCAACCCCACCTTAAAGGTGCTCCTTCAGCTTGCGGAAGTACTGGGGCTTGAACTCAAACTCATGATTAAAAGCCCGGGTGAGGTGACAAAATGAGCAAAATACAGTCGGCTGTTGTGTACTGGAATGGAGAAGCTGCAGGGCTTTTGACCCGCCATCATCGCAGGCATTATGTTTTCGAGTATTTTGAAGAATGGTTCACAAACCCCGAAAAACCTGCCGTGAGCCTGACCCTGCCCAAGACAAAGCGAAGGTGGGAGGCGGATCATCTTTTCCCGTTTTTCTTCAATATGCTCTCTGAGGGATTTAACAAACGCGTGCAGTGCCGTTTTTTCAGGATTGACGAGAACGATTTCTTCACGCACCTTGTCAAAACCGCGGGCTATGATACCGCAGGTGCAGTGACCATAAGACCGGCAGATGAATCGGAGCAATTATATGCCGATGACTGATATCCGATCCTGCCCCTGTACGCTTAAGCCCGGCTTTGATACTTTTAGCCCTAAAGCGCTGAAAAAAATGTTTGGCGGTGTGAAAGTCAGTCATATGCTTCCGGACAACTTTCCATCAAGAGCGGCGCTCGTGCAGCAA
CP027806.1_gap23	520982	523877	2895	AGAACCCGCGTTTTTACGACACGACATCCTGGAGTTTGCCGCTGCTGTTCAATCTCACAGCCTGGCACAGCGGTGACCGCAGCCGGGTCAGCGCTGAGCGCATACATGAACCGCTGCAGCCCGGCATGGCTGAGGCTCCGGAAATGGCGCACTATGCCTACCTGATTGACGGTGCCCAAACCCGCGCACTTGCGGCGGTCCCCTATCTGCGGGCGCAGGGTATCCGGCTGCACCTGCTCACCAAGGCAACACAGGTGGACGGTCGCGGATTTGCTTCCGGTACGCTTGTGGTACGGGTTGATGATGATGCCGAAGCTGTGCATACAGCAGTGACCGGACTCGCAGCCCGGTTTGATCTCGAGGTGGTCGGGGTCAACAGTGGTCAGGCGGATGCGGGCTTTCCGCCGCTGGGCTCGGTGGAAGGCGGCCGGTTGAGCGAGCCTAAAATCGGGCTCATCACCAAAGGGCCGCTGGATGCGCTTTCTTTTGGCTGGGCCTGGCACACCCTTGACCGCACCTATGAAATACCCCATACGCTGATTCAAAGCCGAACGGTTGGACGCATTCCGCTGGAGCGTTTTAATACGCTCGTCCTGCCGGCTGTGACGAACGGCCGTGCCCTGGCTGAACTACTCGGCGAAGACGGCATGGCCCGCCTGCAGCGCTGGGTTCGGGACGGAGGCACGCTCATCGGTCTTGATACAGCGACGGATTTTATTCTCAATCAGCTTGAAATGGGCAGCCTGAAATCGTGGTATGCGCTGGAAGAAAATGAACAGGCGCAGCGGATTACGACCCCGGGTGCATTCTTCCGCGTTACGCTCGATCAGGAGCACTGGATGAGTTCCGGCTACACCGCCGCGCCACCCATGCTGGTGAATTCAAACCGGGTATATGTGGCACCTGAGGGACCGCCTTCACCTGCCCGAAACGCGGTGATTCAGGTACAGCGGGAGGATATCCGGATTTCGGGTCATGCATGGGCTGAAAACCTGGAGCGGCTGCCGGAGAGCGTGCTGCTTTGGCAGGAGCGCGTTGGTTCCGGGCAGATTATTCTCTTTACGGAAGACCCGAACTTTCGCGGGTACTGGCGCGGTGCCAACCGCTTGTTTCTCAATGCTGTGATCTTGGGAACAAGCAGGTAACGAACAGGTTTACAAAGAGACACTGTTTGTTGCGGAAAGTGTGAGGCGTTCTGATCCGTCACTTTTTGTTTCGGACGGGCTTTACTTGACAGCTTGTCAACATGTTAAGACGTTATTCGTGAGGGTGAAAAATCATGCAGCAATGTGCGGGTTCAGGTTCATGTCTGCCGATTTTTCACTTTCCCCATCCGCAGGAACAAAGTCTTGTGAATAAGCAAAACGCAATCATTTGTCAGGCTTGAAGAAACCGAAAATGCTGTTGGCCTTACGTTTTATTGGTATCGCTTTGTTCGTGCTTGCTGGTTTACTCGCGCAGACTCAGGAGGGAACTGCACAGTTCCTGCAAAGTGATCCTGAGCGGTTGGTTTTTGATCCCCGGGTTGCGCAAGGCGAAGGGTTTCCGGCTGAGGCCGTGTCTGACCAAAGCGGTCTTCGTTTTTCTTTCGGGGCAGATCTGTTCAGCCGGTATCAGAGCGAAATTCACGGCATTAACATGGTTTCAATGGTTTATGCCTTCCCTTCCGGCATTTACGTCGGTAATAGCGTTTACTCGTCAGCTTTTGGTACAGGAGGCGGCTTCTTTGTGGGAGGGATTGAGACGGGATTCCGGTTACCTGTCAGCCGGCGAACCGGTATTCAGCTCGGTGCTTTTATCGGGGGCGGAGGCGGTGCCAATCAGGTTGGAGGCGACGGGCTGATGCTGCGTAGCCATGCGTCGTTTGCCGTGCAGCTTTTCCCTGGCTGGTGGTTTACTCCCGGTGTCTCCTACACTTCTGTCTCTGGTTCCGAAATCTCCACTGCAGCTTTGCACCTGGGGTTGACCCGAAACCTTAACCTTGCAATCAGCGATGGTTTTACACCACGGGATCGGCAGGATGACAGGGCCTTTCGCGTGACTTCCTTTAAGCCGGTCTACCGATTATACTTAACCGGAAGCAGTGAAAAACGGGATCCAGCGGGCCGGCCGCTTGATAACATGCATACCATTGGGGCAGAAATTACCTTCAGCAATACCGATTGGTACGAAATTTTTATCCAAACGCATGGTGTCGTTGCCGGTGATGCCGAGGGCTATGCTGACTGGTTTGCAGGCTACCGCTTGCTTTGGAATCTCAGCCCGTTTCGCTTATTCGCTTCTTTGGGCACGGGCAGCGCAGGCGGCGGGGCGGTGAATTCCGGAGGCGGTCAGGTTTACCTGCTCGGAGCCGGACTCAGCCTGCCGGCATGGAGGGGAACAGGTCTTGAGCTTGAAGCCATGGCCGTGCGGTCGTTCAACGGAGATTTTACCACCGTTGCCCCCGGACTCCGGATAGTGCGGTATCTCAGCGGGGCTTTCGACCATAGGGCAGAAAAGGAAACCTATCGCTGGGCTGTTAATACAGGCATGGTAATGCACATCCCGAACAGCACGTACAGACAGTTCGGAGATCGTAGAGGGCCGCTGGTTTTTATGATTGAATCGGCTCTTGATCTGATGATAAGCCGGAATTTTTATATAACCGGACGGGGCTACACTTCTTTTATCGGGGATGCAGGCGGCTATCAGATCGGGTTGCTGGGCCCTGGCTTTGTGCACACCCTGCCCAATAAATGGCAGGTAAAAGCTGAAGTGTATATAGGCGCGGGAGGCGGTGCGCGTGTTGATACGCAGGGCGGACTCCTGACCGGTATGCGAGCGGAGCTTGGTGTGCCTGTTTGGCGGTCGCTTCACCTGACGGCTGGTGCCGGAACACTCACGCCGGTGCTTGGC
CP027806.1_gap24	534707	538403	3696	CACACTCATTTAGTCCGCGGCAAAATATTATCATGTTGTGAATCAAGCGGGTGCAAACAGTCAGTTCCCACAGTCTCAACCACTTATTATTGATCTATGGCTTTTCAGGCAGTTAATCCGGCAACAGGCGAACGCAGTCAGGAGTACCCCTTACATACCGATGCGGAGATTGAAAGCACCATTGAGGCCGGCCAAGCAGCCTGGCAGCAGTGGAAAAACGAAGAGCCTGAAAATCGTGCGGCCTGTTTACTAAAGCTGGCGGATTTACTCGAAAGTGATAAGGAAAAACTGGCACGCCTGATGTGCGATGAAATGGGGAAGGTTCTGAAAGAAGGCTTGGCTGAAGCGGAAAAGTGTGCTTGGGTCTGCCGCTTCTATGCCGAAAACGGGGCTTCTTTTTTGAAACCGGAGCCGATCGAAACGGAGGCCGGCAGCAGCTATGTAACCTACCGTCCTTTGGGGCTCCTTTTTGCTGTTATGCCCTGGAATTTTCCGCTATGGCAGGTGTTTCGTTTTGGCGCGCCCTCGCTGATGGCGGGTAATACCATCCTCCTGAAACATGCCGAAAACGTACCCGGATGCGCTGATGCCATTGTCCGACTCATAGATGAGGCAGGCTTTCCAACCGGGGCACTGGCTTCACTGCGGGTGACACACGATGTGGCTGCGGCAATTATCGCGGATGACCGCATTAGCGGGGTGACCCTTACCGGCAGCACGCGGGCCGGACGTAACGTTGCGGAAGTTGCGGCCCGCAATCTAAAGAAAACCGTACTGGAGCTGGGCGGTAGCGATCCCTACCTCATCCTCGAAGATGCTCCGCTCGGCCAAACTGTTGAGGCATGCGTTACAAGCCGCATGCTGAATGCAGGGCAGAGCTGTATCGCGGCCAAAAGGTTTATCGTAACGGATAAAATTTATGAGGCTTTCACCCGGGCATTTACAGAAGCCCTGCAGAAAAAGGTAATGGGAGATCCGCGCCATGAATCCACAGATTTTGGACCGATGGCACGGGCTGATCTGCGTGATACCCTGCATAAACAAGTTGAGTCGTCACTTCAAAAAGGGGCACAACTTCTACTGGGAGGTCAGGTTCCTCCCGGCGCCGGTGCCTATTACCCGGCCACTGTACTTACGGATGTAACGCCTGGCATGCCCGCTTTCGATGAAGAGCTGTTCGGACCGGTAGCGGCCATTATTCGGGCAAAAGATACCGACGAAGCGGTGCGGCTTGCCAATCAAACCCGGTACGGGCTGGGGGCAGCGGTCTTTACAGCCGATACAGCGTTTGGAGAAAAACTCGCGGCTGAAAGCCTTGAAGCGGGCAGCTGTTTCGTAAATGATTTCGTGCGCTCCGATCCCCGGCTACCCTTCGGAGGAATCAGGGAATCCGGTTTCGGGCGGGAGCTTGCCCGCTGGGGCATGCACGAATTCGTAAATGTGAAAACAGTTTATGTGAAGCAGCGCTGACGGCTACCGGGTGCGGGTTCACCTTATCCCGCATTATTCACAATTAAGCAGAATTTATTTGCTAAATGTAAGTTAATTATGACTTAGTGAAAAAGAACGGTAGCCCAAATTTGGGTGAGGTTTAAAGACTGCGCACCGAGCGCAGCGATTCCCACGAAGTGAAATTTCCTCGCTGGCTACGTTGAAGTTGAAAACTCATGCTCAGGGTACTTGGGTACCCTTCCGCTGAGTTTTCAGCTTCGCCTTGCCAGCAAGAAAATTTCTTGGTGAATAATGCGGGTTATGCCCCAAGAAAAAAGGCATGCCGGGCTCTATGTGAAATGATTATCTTTCAAAGAAAACAAAAAGAATGAATTGGTTAGGCGTTTGGCGGAAACATAAGGTGATAAAAGCAGAGCCACGCGGCTCTTATCTTGAAACACCGGAGGGCCCGGCTTTTCTGTCAAAAAAAGAAACGGGGGAGCATCCGGAGATCGGTACTGTTGTTGAAGCGCTAATCTATCATGATTATGATGGATACCTTACCGCAACCGTACACAAACCGCTCACCGCAGTCGGACAGTTTGCAGCCCTGAGAATCAAGGCTGCCGGAGACAAGGGCGCTTTTGCTGACTGGGGGTTGCCTAAGGACTTGTTTATACCGCATGCCGAGCAGCTCGAGCCGGTGCGAAAAGGGGAAACATACCTGACCTTCACCTATGTTGATTCTCAAAGCGGCCGTATTACCGCAAGCACACGGGTTGACCGCTTCGCAAGAGATGTTGTCGAAGAGGCAGACCGTGAGGCTTTTCCGAAAACCGGCGAGCCTGTGGAACTCATCATCTCCCGAAAAACGGATTTAGGCTATAAAGCTGTCATGTTACTTGACACCCCGTACAGCGGTACCATTTATCAAAATGAGGTCTTTCAGCCGCTCAAAACCGGCGATCAGCTGACGGGCTACATTAAGCTTTTACGTGAGGACGGCAAGATCGATCTCAGCCTGCGCAAGCCTGGTTTTGAAGAAGTCCTGGATTCGAAGGAACAGATATTTACTCAGCTCGAAGCAGCGCCGGACGGCTTTTTGCCCTATCACGATAAATCTGAAGCTGCGGAAATACGCCGGGTATTTCAGATGAGCAAGCGAACGTTCAAAGCAGCAATTGGTGGCTTGCTCAAAGAAGGTCGAATTGATATCCTTCCAAATGGTATCCGGCTCCATCAGGAATAATAAGGGGAAAGCGGATTTGCAGCTTCAATCTTTTTGAATAATTTTTCGTACAAAACTGCATATTCACCAAGATCTTAACCGGCCCGGAACCGGCTCTTTAACTCTCATTAACGTACAAACGGAATGTATTATGGCAAAACTAAAGCGCTCAACATCTGATAAAATGCTATTTGGCGTTTGCGGTGGCCTGGCAAAACACTTTGATATGGACTCTACCCTTATTCGCGTAATATGGGCCATCTTTGTTTTAGTTGGCTGGGGATCGCCCATCATTATTTACGCAATTATGGCGATGATCATGCCGCCGGAGTACTGAAACGTACAACTGTGAAACAATCTAACCCGCATAAAAAAACCGGCAGGAGTTTGAGTTCCTGCCGGTTTTTTTATTTATCTCGGGCTGCGTCCCGGCCTGTTCACCTGCCGGTAATCAATCAGGAATTCATCAACGAGCGCAAGAATTTCGGGCTTTAGCGTATCAACCCGGTTCACGCCGATAAAACCCAGTGAGCCGGTTTCCCAAGTCGTGGCAATGGACGAAATGCCATTATTCCGGACAGGAATTACTTCCTGTTTAAACCTGACTTCAGCCCTGTAGGAATAAAAACCAAGCTCGCTGCGTACGGTATTCAGATAAACGTACAAGTAAGGGACACCCGGCTGTCTTGACCATTCAACTTCATTCATCAGGCGAATACCTGCCCGGCGAAGACGCTGCGCAACTTCAATTTCAAGGGCTGCCCGGTTTAACCCGTCGGTTTCAACCGTGTTTTCTTCGAACTCAACAACCAAAAGAAAGGCTGGTATGCCCTGAAGGCTTTGTTTCTGATCGGCGGTGAAACGCTGCTGCGCTTCTGCGGAAGCTGCTGAGAAGAGTAATAGCAGTGATATGAAAACAGCCAAAAGGGTGCGTTGCATAGCAATTGGGGAAATCATTTGAAATATGCGTGAAATGAAATGTAACTGAGAAATATAGGCATAAAAGCTGTCGATTTGATAAATTAAAAAAATCCAAT
CP027806.1_gap25	555267	556337	1070	GTCTCATAAGAAGAATTTTCAGAAGTACACAATGATATCAATAGCGGGCCTTGGCATAAGTATTGGTGCGCTGACTCCGGTTATCCCGCTTCCCGCGCTGGTGATGTTTGGTGTTGGTATGGGCATTATGCTCGGAGGTGTTTTTAAAGGCTTATATGAGCTTGCTGAAAGAATGGAATAAAGCACTGCCTTTCCCCCCGGACTAGGTATTAAATGCGCCTTCGCAAATGGGAGCTGTAATCCTGTTGACGAACAATACGTGCCTAAGCAGATACTTTGCTCGCAAAGGTTTCAACCGGGCTCCGGAAAGCCTGGGGGTGCCTTAGACGGGTTAGCTTAGTGAGGGCGTCGGTTAACTCGAGCGTTATAGGGCAAGTTAAATTCTCCGTTAATACATATATTTTGGTTGATAAACTGACCAAAACAGCGTTGGAATTATGCCAGGGTTGGCATCAATTGTCTTCTGGTCTGAAAACCACTATATTTAAACATGACAATCGAACAAAGGAAAATATCGCTTATTAACTGGATAACAACTCTTGATGATGAGGTGATTCTCGATCAGATGGAAGGATTAAAGAACTCTTCTCTGGATGACCTTCCTGTTGCTATTGTTGAAATGCTAAAACTTGCAGATTCTGAACCAAACGAAAATCTCGTAAAGCATACAAGTGTTAAAGATTTTCTAAAAATGAAATGAAAGAAGTTCAGTGGACCGTAACAGCTATTAAAACACTGCAAGAAACCTCAGATTTCATACTTGAAGTTTGGGGTACTGATGTCAATAAGCAATTTGTTGAGCAACTTGATTATCGGATTGAACAGCTTCAAAATAATCCCGAACTTGCTCCGGCTTTCGAGAACACGCAATTCAGAAGATTGGTCGTACACAGAACGGTTTCCCTGTTTTATGTGAATACCCCTCAATTCATTAAAATTCTTGTAATTATGGGATAATAGACAAGACGCTGATAAACTCTTAGAAAAGTTAAATGATGGCAAAAGAGGCTGATTGGATAAATATTCCCTAATCATACGTTAGCAACCTCTATAACACGGGCTTCTATCGG
CP027806.1_gap26	629763	632448	2685	TTTTTATTTAGCGGCGGCCTATCCAACACAATCGGTATTCCGCTTTTTAATGTTACAGGCGCGGTTGGGTTTTCATTCTGGGCAATCAACGCGGATTTTGCCACAATGCCCATGGGAGGATATCTGAGTTTTGAAGCTCAGATAAATCTTCTGATAGCTACCGTTAGCGCAGATGTTACGGCTGCATTGGTTGAGCGAAGCTCGGGCGGATTCGCGTTTACCGGGGCAATCAGGGGCTGCTCAACAGTGAACCTGATCGTGACTACCGAGCAGATCTGTGCTGACGCATGGTTTCAGCTGGCAAACCCTGGCGGCGCAAGCGGTGGCGCAGGCAGTAACCGCGGGAATGCGCTCATTGCAATGGCAAAGGAGCAGCAGGATACTTTCAGAAGCAGGCTCGGGGGGCTGCGGCAGCAGGTTGAGTGGGTTGCGCAATCCATGCAGCAGGCTGAAGACCTTGCACGTATTGCCCGTGACCGGGCGCGTTTGCAAAGAACTGTACCGGGCGGGGAAGAAGTGGTGCAGGCAGGGGTGAACTTCTTTGGCAAACCTCTTGATGAACGTCAGATTTGGGTCGAATCCATGAGAGAACTTGCGCTCCAGCGTGGCCCCACAGGAGCTCCTGCACCCGTACTGGCAAACTTTTTGAACAATGTTGCCCTGGCGGAGAATCCGTTCGAACCCATGGCTACAGAAGCCGCTGAATCAGATTTTGAAGCGCTTACGGCCTCTATTGAAGAAGCGGAAACCATATTGAACCTGTTTGAGGATTTTGACCAAAGCCTGCTTGCCGCAATTACGCTGTATGAGGAGTCTGCGGCACTGTTTGATCAGATGGATGAAGCGTTTGCTTCCAACCCGGTAGCCAATGTGGTGAGGCCGGAACCCTCCGCTAACCCACTGCAGTCCGTATCTTTTAGTCTGGATAACAGTCGGGCTGAGCAGCAGCAAAGCCTTATGAGCAGCTACCTGGAAGAACTCCGGTTTGCAGACTTGCAATACCGTGAAAGCATAGACGCTGTTTCCGCAAACCTCGATGCGGTAAGAAGTCTGATGTATGATGATGCACAAACATCCCTGATGAGCCTCACTGAACCTTTCCGAAACACGATTGAAAGTTTTGAGCGGTACTACAGTACTGAAGCCGAACGCCTTTGGTCAACAGCCCTTTGGGCACGGCAGCTTTCCAATGGATTTGATGCTTTTTCAATGAATGTACCGACTTATTTGGGTACGAAAGTAGCTAATTACAGAAGGGACAGCGGCATTAATCAGCCATTTGCGCGGCAGAATGTTGACAATGAAGCCACCCGCCATGCGCAGCGGATATATTTTATGGAGCTGCTCGCGTCAGGCGCAGCAGAGCCTTCGCCCTGGCAGACCGGTGAGCAAAATAACAGACCACAGGCGGCTTTTAATGCGCTTCGGCACAGTTCAGCTATTGCGGTCGGCCTCAGAGCCGAATCACTGCGTGAGGTGTACGATCAGTTTTATTTTGATATGTATAAAAACAGCCTGCCGGTATTTGAAGCCCTGAACCTTGAGCAAATGACGGAGGTACAGGCGCTCAGGGATGAGCATCGCGAAACGGTGTTGGCACCTGTACGAGCGCTAACCGGGCAAATAGACAATTTTTACACCATTCAGGCCAATCTTACCGCCTTATTATGGAATCTAAACAACAGTTATGTGGACTGGCGCATGAACATGACTGATGCAGAAGAGCTTCTCGGTGATGCGCCCGATATTGGGCTTTACGAGCAGGCGATGCAGCAGCTCTCCCTGCAGCTTCAGCCTCCTCAAATTACAGCTATAGTTGCTGAGCAGACCGTTACCACTAACCAAAGCATGACTGCCGCTGACATCTCCTTTGTGGCAACCCATCCGGTGGAAATCATTGAAACAGCCATACAGTACCGTATCGGGCTGCCGCTTCAGGAGGGCGAACCCATTGAACCCGATAACTCATTCATAACCCTTGGCAGCGCACCTGGCAGCAATATTGAGTTAACGGCCTCTTTATTTCCGGGAGAAGAAGTGATAAGTCCGCTGAGGAACCCACATGTTTCGTTAGGTTTCCGGGTTAGGGGGGCAGCTGGGATTCCGGCAGTACGGCGCGGAAGTTTTCGGGTTGCTAATCAGTTTAATGCTGAAACTATCGGAACGCCAGGCGGCTCACAAACTGAGTCGGGCGAGGTGTTGCCAATTTCAACAGACCCTCCTCAGGCTCCTCTTGTTGAGATGGGGGATGGATTTGTGATTCACGTAAATGAGGAGCTAACGGAATACTGGGTTGTGGACCGGGGGCAGATCAACATCAGGCTTATGTCCCACGATGCCGTTTCCGGAATCGGGCGTTTTCAGTATGCTCTTGGAACAAGCCCCGGCGATACAACCGAAATTGGCTGGACCGACCTTCAGGGCGAGCGGCTGAACCTGCCCGAAATACCGGCTGAACAAATCAGAGCGCCCTTCAGCTTTCAGGCCATGCAGCAGGGTATCCGATACTATATCTCAGCGAGGGTTATCAATAACGATAACAGAAGGAGTGAGGAAACCGCCTTCCCCTTTCCAATCGTTTATGAATCAGAACCGCCGGGCGAACCCGTGCTTGGTTTTATCCCACAGCCGGGCGTGCCATTCTGGCGTAAACACGATACTGGAGGAATGCTTATAGAGATGAGA
CP027806.1_gap27	635625	639464	3839	GGATTTCGAGGGTGCGGGTTGTGCCGTTCAGGCCGAAGCGCGCTACGCTTACAGTGCGGGTTGTGGCGTCGAAGGTGAAGGGGACGGCGGCTCCGTCGAGGGTAATCGCTGCCGGGGCGGCGCTGAAGTTGCGGAGCTGCAGGCTGAGATCGCTGAAGCCTTCGAGTTCGCCGGCTTGCGCGCCGCGCTCGGTCTCAAAGGTGAGGTAAACCCGTCCCTGCTCCTGCGTACGGTGAACGTGCAGTTTTTCGTACATGCCGCGGTTGTGCGCATCGCGGGTGAGGCCGTCGTCGTGGTAAATCAGGGTGCGCCCGTTTTCAGCGGCCCCGCAGTGGAAGTAGTGCAGCGTGAGATGGCCGACGCTGTAGGTGTTCATGCTCTGCGCCAGGTCGGCCATGGCGATGACCGAGCCGCCGCGGGCAAATACGGGAATGCGGTCTTCCACGGTGGCAACCTGATGACTGCTGCCGCCTTCAGCTTTTTCACCCGTATGCAGCTCGTACCAGTTCGCGGTTGCGGGCGCGTGCAGCGTCACAAATTCGGCGCCTTCACGCAGTACCGGCGCGACCAGTAAATCCGGGCCAAACAGATAGCTGTTGGCGATGTGGAAGAGTTGAAAATTATCCGGCTCTTCAAAAAAGAGGGGGCGCATCAGCGGCATGCCGGTCGTGCTGTTTTCGAAGGCCATGGTGTAGATGTACGGCATCAGGCGGTAGCGCAGCCCGATGGCGGTACGGCTCAGGTTGATGGTGTCTTCATCCCAGAAAACCGGCTCGGAGGGCACATCATCCTGCGCGTGTGGTCGGTAGACGGGCTGGAAAACCCCGTACTGCATCCAACGGACATAAAGCTCGGGATCTTTGTTGGGCCAGGCAAATCCGCCGAGATCGGAGTGAATGTAGGCCAGCCCCTGCATGCCCATCTGAAGCGCAATCTCAGGCTGCGGTTTCAGTCCGCCCCAGTTCCGGCTCACGTCGCCGGTCCAGGGGATCATCCCGAAACGCTGCGAACCGGCGTAGCCTGCGCGCATCAGGTTGAAGGGCCGCATGTCAGGGAAGTCGCGCAGGTGCCCTTCGTGCACCATCTGACCCCAGCGGTGCCCGTAAATATTGTGTACTTCGCGGGCGCGGCCGATGTGGTGCATCACCCAGTCGGGGTGCACTTCGGGCTCACCCAGGTCGCCCCACCAGCCGTGTATGCCGTAGGTCTCCATCAGGTTGCGGTAAATGCCCCAGAACCAGTCAGCGGCCTCAGGCTTGGTGATGTTCACCAGGCTTGTGTTGCCGAAGAAGAAATCCCAGGTTGCCGGATTGCCGAGGGAGTCGGCGACCAGCACGTTCTCGCTTACGGCTTCGTCCCAGCGGCCGGAGGTCGAGAGGATGAACGGCTCGGTAATCAGCACGGTGCGGACATCCATCTCTTCCAGCTCCTGCACCATTGCGGCGGGATCGGGCCAGTTTTCGCGGTCCCAGTCCAGGGTGCCCATGTAGCCGAACATCTCCGGACCGAACCAGTAGAGGTCGATGATGACGGCATCAACCGGTACTTCTTTTTCGCGGAACAGACGGATGGTATCGAGCACTTCCTGCTGATTGCGGTAGCCGAAGCGGCTCGAGAAGTTACCCAGTGCCCAGCGCGGCGGCAGCGGCTGCAGGCCGGTGAGGCGGGTGTAGTTCTGCATGATGTCCGCCCAGGTTTCGCCGGCAACGACCTGATAGGTTTTGCGTCCGGAGAAAGCTTCGAAGCCAATGGTGTGATCGTTTTGGCTGTCGAGGTCGAGCCAGCCGGTTGTCGGATTGTCGAAGTGCAGCAGGTAGCGGTTGGAAGACATCACGACCGGCAAGGTGAAGTTGATGAGATCGGAGCGGGTTTCGTAGCCGTAGTGCGCGCGGTTGTACAGCTCGAGCCGGTGACCGCGGCGGTTCATGCCCAGCGCCCGCGAGCCGCCGCCCATCAGGGCTTCGTATTCGCTGATCAGGAAATCAACGCGGAAGCTTTCCTCGTTTTCCTCCAGCTGAAAACCGCCCTGCTCACGAAGCAGAGGCCTGCCCTGATAGTAAAAGCTGAAGCGACCACTGTCTTCGCGGAAAGTGACCGTGAGGCCGCTTGTGATAAACTGATGGAGGCCGTCGTCCGAAAGGCGGCGGACCGCAACGGCCTGCGGGCTCATAACGACGGCTTCAGAGTCGCGGTAGTCGGCGGCGCTGCGGCCTTCGGGGAAAAAGCTGACCTCCGCGATTTCGTCGCTGAAAAAGGTGAGCACGTGCGTACCGGCGTCGCTGCTCAGGGTGAAGGATTGTCCGGCGGTCTGCGCCGATGTCGTAGCCGAATCAAAGCTGCTGACGGGCCAGACCAGCAGCAGCGCCAGCATCAGGAGGGATGTTTTCATGCACAAAAGGAAGTTAAGCCGGTTTGCTGTCGCACATTCCGGCGGGGTGACAAATTGGTATTTTCGATTGAAAGCGCCCTTCAGGAAAGCCATTCAGAGCGGAATTTCAACGATGTAAGCGGTTACATTAATATACGCCTGCAGGAAACAGAAACCAAAAAGTCAGGCAGCAGCCGGTGTTGCAGAGAGCGGCTTCAGCCCCGGCAGCGGTCTTCGAGGCCGTTGAAGTAGCGGCACACGTGCAGACCGTCCATGAGGCCGTGATGGGCTTCTACAGAAACCGGCATCATCAGGCGGCCTTGCGAATCGGCTTCGTACTTCCCAAAGGCAATGCGCGGGATGCTGCCGATGCCGTCGGTTTCGTTGCGGGGATGGCGAAGCCCGGTAAACGAAAACCAGGGAATGATGGTGTGGAAAAGCAGGTCGAGCTCGAGGTCGCGGTCAGTGCTCGTACCCGGGGTAACCGTGCGGGATGCAGCGGTGCCTCGGGGATAGCGGGCGGCAAAATCGGGCAGACTCTCGCCTTTTTCAAAGCTGTAGTAGGTGAAGCGCAGGTTTTCGTTTTCATCAAGTTCGGTGCAGCCGCAGTGCAGAAAATCGTAGAGGCGCACTTCATCACCGGTAACCCGAAGCCGGAATTCGGGGATAGAGTTCGCGATCTGCACGGACAGATAAAGCAGGGCTGTGCTAAAAGGGATGCCGGCCGATTTGCAGGATTTGTAGAGTCCTGTGACTTCAATCCGGCCCGTGAGGTTGAAATCGGGTTGGCGGTAATTGTTATACAGCTCAAAAACCGGACGACGGGGCCAGGTGTTCAGGTCGATGCGTTCAAACATGGATGGGAAATTTGTTGGTCAGAAAAGGGAAATTGTCCCGGGCGTAACTTAAAACAAGATACAAATTCAGCGACCTGATAGCCGGTTTGATTGTATGGCAACCGCTGACTTCGCCAATCTCGTGTTAGTTTGGTGCCGCACCTGCAGAATTTAAGGTGATGGTAGCCGAAGTCGGAATCCCGTTGCTATCCCGAGGTTGTGTTTGCGTACAAATACTTAGATAAAAACGACTATTCGTTGTGGGGTGATGAGGGTTGTTAACTAACAACGAAATAAGGGTGAATATCTACGTACTTAACCTTACTATAGATGTGTTGGGTTTGGGAAATATTAAGGTTATCCGCATTGCAAAAGAAAAGGGAATGGATAACTTTAATTTATTTCATACGCATATAAAACATGTACTTATGATGTATTAAAAATAAATAGACCGGCAGCGCGCATTTCGCTTGCCACATATATTAAAAAATCTTAATCTATAAGTGAGCAAGGGGAGCTGCTCACCACACACCTACCCGCTTCCCCGTATGAAAAGGACTTAAAAATATGCCCGCGCAATAAGCCGCGGTTTGCGCGACCCAAAGCGAGGGTTAACACTTAACAGAGGACACGAT
CP027806.1_gap28	657878	661520	3642	AGAATAAAAATAACGCAAATTTCCAGGACCGGGAAGATAACCGCAGCATGCAGGATATCCATTCTGCTGCATTCCGCGAACAGCCCCTGCCCGAAGAAGGCAACGAACGCGGTCCGGTTTGGATGTACGCTGTGATCATACTCACCTTCGCCTTTGGCTTTTTCTACATTGGCCGGTATCTCGGCGAAGTTTCAGACCGCGCGCACGTACTTTTTACGGCACCGCCTTCTGAGGTAGTGGAGGAGATTGAGCTTGACCTGATTACGGAAGGGCAGCGCATTTACGGGCGGGTGTGTCAGGCTTGTCATCAGGCGAACGGACAGGGTATTGCAGGCGTATTTCCGAGCCTTGCCGGTGCCGAATGGGTGGTCGAACAGCCGGATAAATCTGTACTGATGATCCTTAACGGACTGCAGGGTGAGCTTGTGCGCGAGCGGGCGACCTACAATGGTGTCATGCCCGGCTTTGCCCGGCAGCTTGATGATTTCGAGATTGCCGCGGTAGTGAGCTATATCCGCAACGCATTCGGCAACGAAGGCAGCGAAATCGACCCGGACCGTGTGGCTCGAATCAGAGAGCTCACAGCTGATATCAGCGGAGCCTATAACCCGCAAACGCTGGTCGAAACTGCTGCACGCATTGAGGCTGACTTGCCCGAACCAACGGCCGAGGCGTTGTAGTGCACGGCTCTCATCGCGGGCTGAATTGTTCCTGATAAGGTCAGGTCAGGCTTTGCAGGTTTTTCATCACAGAGAGGAATAAAAAAGTCCGCAGTTTGCTCCGGCAGCTGCGGACTTTCATTTTAAGGATGTAAGCGCTGCTTTATCTGTTCAAATCTTCTTATCCTTACACTGCTCAGCTTTTTGTTAATCGCAATTTTGTGACGGAAACCACAGATTTTGAACGCACGGATTTTGGATATAAGCATGAATACAAAGAAAACTACTAAAAGACAGATCATGCAGTACCTAAGCGGGTTTTTAATAGTCGTATGCTGCCTGGTTTGTGTGAAGGATGTACAGGCACAGACGATTTACGGAAAGCCATTTGATCTGTGGCTCGGATTTTCCGTAACTAATCAGACCATCAGTTATTCTGGTTCTGATTTTGCTGCACGTAACGATCAGCTGGACTACAAAGCGGGTGCCAGCCTCCATGTGCACCTGAACTGGTATTTCTATCCAAGACTTGCCCTGCGTACAGGACTGACGTATCAGTTCTTTGACTGGACCTTTAAAGACACGGAAATGCCGCAAACGGATGAAACGGGTAATCCTACCGGGAATGTGATTTTTAGCACCATGACGCGGGGTTTCAACATCATGTATTTGGGTGTGCCCCTTCACATCCGCTTCCACCCCTACGCAGATCATTTCTACCTTACTGCCGGTACGGATTTCTGGTATAAATTTCGTCACAAAACAGGCCAAATCGATACTTTTTTAACCGGTGCAGAAGATGGCTCGCTGGAGCTGCTTACCTCTCAAAGATATTCGACCCCCGGTTTCGCTGAAGATTTTGTCATTGCTGGTCTGGCCGGTTTAGGGTTTGAGTTTAAAGCTGAAAATCTGAAGTTTGGCGTAGAACTTAACGCCCGGCGAAACCTCACGCCTTTTTTTGACAGAGGTGGTGTAACCCAAAATTTCACGCAGTACGGGCTGAGCCTTTCCCTACGCCTTTAAATCATTCATTGAACCAAGGCCAAGAATTAAAGAGCGCTCCCTGCCTGAAAGAGAATAAAAAAGAAAGACATGCCTGCCTGTAAACACTGCGGCCTGCCGGTGCAGGACTACACCCAAAGCAAACGTGATTTGTTTTGCTGCTTCGGATGCAAAATGGTGTATGAACTGGGCATGGAAACCGCTGACGGCGGACCGAAGCGAGTTGCCGCACCCACGGCATATAAACTGCTGGTACTCCGCTGGGTGTTTGCGTTCGTGCTTTCGATGTTTCAGGTGTTTATCAGTATCACCATTTTCTTTGAAGGAGAACGTGCGCCGGTTTTTCTCGGATGGGTCAATTTTGTGCTGGGGACAGGCGTGCTGCTACTGCTGGGTTCCTCCTTCCTCCCAAACCTGTGGCGTGAACTGCGTGCGCTGCAACTGAGCCTCGCAAGCCTCATCTTTACCGGAACCACGGCCGCCTACGGACTTTCCGTTTGGAGTGTCTTCACCGGCCTGGGTGAGCCCTACTTTGAGACGGCTTCGATGATTCTCACCTTTTACATCGGGAGCTTGCTGCTCGATGCGCACTTCAAACGCAAGCTTGCGGCCTACGGGAAAAGTTTTGCCGATGAAACGCCCCCCGAAGTGCTGGTGCAGGGAACAAACGGCACTGCTGTGCGGCAGCCGGCTTCTGAAGTCTCGCCAGGTGAAACCATTTTTGCCGAGCCCGGTGCGCAGGTCTGGTTGGACGGCATCGTAACAGGCGGGGAGGGTTTGGTGGATGAAGCGCACCTCACCGGAGAAGCCGAGCCGGTGCGGAAACAAGCCGGCGACCGCATCCGCGCCGGAAGCCTGAGCATTGACGGCGGCCTCATCCTTCAGGTCACCGCCGCTTTTAGTGAAAGTTCCCTGCAGCAGTATCTGCGAAAAGTACGCGAAAACCGCTATCAGCCGGGCCGGTACGAGCGCATGGCCTACCGCGGTGCGAGTCTGCTGCTTGGCTTTGTAATGCTCACCGCTGCCGCCGTGCTTGTGTACTACGTGAACACCGCAGACTGGCAGATTGCCCTGCGCAACACCCTGGCCGTACTCCTGATTGGCTGCCCCTGCGCGTTCTCCATTTCAACTCCGGCGGCAGTCTGGATTGCCAATCAGCGGCTGCAGGACAGCGGATTGCTCGTGTTAGGCGGCGGTCAAACCATTGAGCGCCTTTCCGACATTGACCGGGTGGTATTTGATAAAACGGGAACCCTTACCGAAGGATTGGGTCTCACCAATCCGGAAAGCGGTAATCCGGATCGTTTTCCGATAGAGGAAAGCCTTTGTCTGGCCGGCGGCCTTGAAGCGCAGCAACAGCATCCGATGGCCAGGGCTATTCGCAGCTTTTTGCAGCAAACGGGTCTCGATCCGGCACCGGTACAGCAAACCGAACTGCTGCCGGGGCTTGGTCTGCAGGGCCGCTGGCAGGGGAAAAATTTGTTGCTGGTCAACCATACCCATCCCGTAAGTGCGCCGCATTTGCAGCCGGGTGAGCTGGGTTTGTTTGAGGATGGTGAACTCCGGCTCCGGTTCCGGTTCTGGCAGCCGCCCAAAGCACAGCTCGCACGGGTCTGGAAAAACCTGAGTAGCGATGGCATTCCGGCCATCATCCTCACCGGCGACCCGGGTCTGCCGCCGGACTGGGCTGCCGGTACCAACTACCGCGCCAGTCAGTCGCCCGAAGATAAATTCGGCATGGTTCGGGCTTACCGGGCAAAAGGTGAGCGGGTGATGTTCGTAGGAGACGGCACCAACGATATGCTGGCATCCGGCGCAGCTGATGTCGGCGTCGCGATGGCGAATGGCACATCGGCAGCGAAAGAAGCCGCGGATATTATTATGCTGCACCCCAACCTGATGGTGCTGCCCGTTGCGCTCCGTTTTGCACGCAAGGTAAAGCGGAAAATCCGCCTCAATTTCTTTTGGGCGCTCATCTACA
CP027806.1_gap29	687909	689846	1937	GAAGGTCAGAAAGTATTCACCAAGCTTGTTGAAAAAGGCACGCACTTCGAAGCACGCGGCAAAAAGCAGCTCGACGAAACCTATGAAGAGCTTCTCGTAGCCTATAAAAAACTCGAAGACCGCGTAAAGTCCAGCTTTAACAAAGCGGAAGGCGAAATCGACGACAACATGCAGGAACTCATTCACAAAATGGGCGTTCCTACACAGGATGAAATCAAAGAGCTCACCTCACAGGTTGAGAAACTCATCAACAAAGTCGATGACCTGTCCAAGAAAGTAGATCAGGCCGATAAGAAGCCGGCTGCACCTGCAGCCGCTGCCAAAGCAGGCAAATAAGGCAAGGGTTCAACACCTTAGCCCCTGCAAGGCCCAATCAGCAATATTTCATTGAGAGACGTTTGCTGAGAACAACAAAGGCCCCGGAGCATAGCTTCGGGGCCTTTTGTATATAAATCACAAGGGTTCAGTTGTCAGCGGATTCAATCTGGGCAAGCCATCATCAAACGTCCTTTACGGGCGGAACAGGCTGGTTAACTGTTCGTCATTTCTTCAAGGGTCCGGCCTTTGGTTTCGGATACAAATTTCTTCACGAAGAAATACGCAATAATGCCGAAGGCCGCATAGATTCCGTAGGAAACCCCCAGTCCAAAACTGGCGAGAAACACCGGGAAGGTCATCGTTATCAGGAAATTCGCTCCCCATTGCATAAGTCCGCAGATGGCGAGCGCCGCCCCGCGGAACTGATTCGGGAACATCTCACCGAGCATTACCCACATGACGGGTCCCCAGGAGAACGCAAAAAACGCGATGTAGCCGTTGGCAGCCAGCAGAGCATACACCCCGGAATTCCCTTCCAGAATCAGATTTCCGTCCGCGCCTACGGTAGCGAAGTAGAAAATAAAAGCCATAATACCGAGCATCACCGCCTGACCCAGCGAGCCGACGAGCAGCAGGGGCCGGCGACCGACGCGGTCAATCAGCGCAATAGCCACAAAGGTGAAAGCTACGTTCACGGTACCGCTGATCACGTTAACCATAAGTGCGTCGCCTTCTGTGAAACCCGCGGCCTGCCACAGTACGGCACCGTAATAAAACACCACGTTGATTCCGGTAAATTGCTGCAGTACGGCAAGTCCTGCACCGACCCAAACGATGGGATGAATTTTACCGGTCGTTCGCGAAATCACATCCTTTAGCCCGGGCTTGACATCCTTCAGCAGGGTTGCGCGGATCTCAGCGACCTTCGCAGAAAAATCCGCGCGGCTGAGCGTGAGAGATGACAGTACCCGATTTGCTTCCTGTTCACGCCCCGCTGCCACCAGGAAGCGCGGAGATTCGGGTATGAAGAGCAGGCCTGTAAAGAAGAGCGAAGCCGGAATTATTTCCATCCAGAACATCCACTGCCAGGCGTTGAAGCCCCACCAAAAGCTGCCCATTGCGCCTTCAGCAGCGCCTGCAATAAGGTAGTTGCTGAGAAAAGCCACGAACAAGCCCAGAACGATCATCAGTTGCTGCAGACTTGCCAGCCGTCCGCGGATGTTGCTCGGTGCAATTTCACTGATGTATGCCGGGGTGAGAATACTCGCCGCCCCAACGGCCATGCCGCCCAGAATCCGGAAAAAGACAAACTGCCCGGAGCTCGCAGAAATACCGGATCCCCAGGCACTGATGATGAAGGCTACCGCTGTAATAATCAGCACGGGTTTGCGGCCCATTTTGTCGGCCAGGGTTCCCGCGAAAAAGGCGCCCACCGCGCAGCCGAGCAGCATGGAAGCCACGTTGAAGCCCGTACCCACAGCGTCAGAGTTAAAAGTTTCCCGAAGCGCGTCAACCGTACCATTAATTACGCCGCTGTCGAAACCAAACAAAAAGCCGCCCAGGGCAGCGATGAGAGATAGCAGAAGAATGCGGCCCAGGCTGTAGTCCTGTTCCTGTTG
CP027806.1_gap30	694379	696160	1781	GTGAATTGAAAATTGATTATGCTAAAGGATACAGGGTTTACTTTAGGCAAAAAGGTGACACAATAATCATCCTTCTTATGGGTGGTGACAAGTCAACACAGCAAAGAGATATTGAAAAGGCGAAGCTCATTTTAAAACAATTAGAAAATTAAGTTTATGGAAATCTCACAGTTCCAAATCTCCGACTATCTCGACAGCAACGAAATGATTGCAGCGTACCTGAACACCGTTTTGACTGAAGGTGACGAACAAGATTTGATTTTGGCTATCGGACATATTGCCAAATCTATTGGCATGTCCAAAATTGCAGCGCAAACGGGCATGAGCAGACCCAGTTTGTATAAGGCCTTATCTGAAGGTGCCAAACCTCAGTTCGGCACCATAATGAAAGTACTCCGTGCCATTGGGGGCGACATTCAGATAGCGCCCCAGCCTGCACAGCCAAACAGGCCCTGAGTACCAGTAACAGATTGGCGATAGCCAAAAGTGCACTCAATCACCCTGATCCTGACCTCCGGGGTGCGCCCGCTTTTTATTTTTTGGGTAAAACTCCGAGAGCATCAATGCTTACGTAGCAGATTATAAGCCCCGGACCTAAGACAGGCTCCTTGTTTTTTTTAGTGCGCAGGTTTAAAAAACGTTTTCCCTTCAATCCATCACGCGGTAGTAACAGCGATGTGTTTTTGTGAGTCCGGATAAATTGGTCACAGACTCCTAAGGCTTTTCCCTATATTAAGGCAAAATTTTACATCTAACCCCGGCGGGTGTTGCCGTCCGCCATTCTGAAACAGGAAAAGCCTGCCTATGAATTGGAACATTAAAGCCCCTAACACCCTCATTCTGGTCTTGCTGGTGATGGTTTTCTTCGCCGCCCTCACCTGGGTGATACCCGGCGGTCAGTTTGATATGGTTGAAGTAAACGGACGCGAAGTCGTAGATCCGGAGTCGTTTCAATACATTGATTCAAGCCCTACTTCCCTCACCGAGCTCTTTCTTGCACCCGTACGCGGTTTCAACGATCCTTACGGCATGGCCATCATCGTGTTCGTCTTTATCGTTGCCGGAAGCTTTTCCATCATTTCCAAAACAGGCGCCTTCGACGTCGTGATTCGCCGGGCTGCCAAGTTCTTTTCCGAAAATCCCGCCTGGCGCCCGGTTTACATCCCGTTTTTCATGGTACTGTTTTCGGTGATGGGCGCAACCTTCGGGATGAGCGAAGAAACCATCGTGTTCATCCCGCTTTTTGTGACGCTCTCCCTGGCGCTGGGCTACGACTCCATAACAGGGGTAGCGATCCCTTACGTAGGGGCGCATATCGGATTTGCGGGCGCCGTGTACAACCCGTTTACCGTCGGTATCGCGCAGGGACTGGCCGAAATTCCCGTCTTTTCCGGAGCCGGATTCCGAATGCTCTTATGGGCTGCCGTAACCGTGACGGGCATTATCATTGTGTACATCTATGCGTCGCGCATCCACAAAAATCCCAAGAAATCGCCGGTTTACGACATCGACAAAAACCGCAAAGCTTCCGAAGATGACGGCATCATTCCGCCCATCAAAGCCGGTCATATCATTGTCTTGCTGTTGTTTTTCGGCACGCTTGGCCTCCTCATTTACGGGGTCGTGCAGCTGGGCTGGTACATCGAAGAGCTGTCGGCCCTGTTCATCGGCCTTGCGGTGCTCTCCGCCATTTTTGGCCGTCTCAGCGGGGATGAAGCCGCCAACGCCTTCCTTGCCGGTATGAAAGATGTGATGGGGGCCGCGGTCATCATCGCGCTTTC
CP027806.1_gap31	711430	715540	4110	GCTTGGCCTTGTTTCTTTGGGCGTGAAGCCCTCCGAGTTCAACATGTACGTATATCTGAAACTGCTGATTTGGCTCTTCCTCGGGGCCTCGCTCACCATCCCCTACAAAGTAGAAGGCAGCGCCAAAGTGCTGATGTTCGTCATCCCGCTGCTCGCAGCTGTTTCCACCTACGTCGGTCTGAACTACCTGATGCGCATTGGATAGTAGCCTGTCCCTGTTTTTAAACCAACAAAGCCCCGTTGTTCTCACATCGGGGCTTTGTTGGTTTTGGGAGTATGGCCGGATTGATTCAAATCAAAGCGGATTAACCAAATTTTCCGAAAACCCACGGGAAAGCTGCTGTGTGTAAGCCCGGAGCGCACAGGCAAGACAAGCATCTTTATTTTTTGGGTGAAATTCCGAGAGCATCACGGTCAGCATAGCTTGTGAAAAATCCCAAATCAACGGAGTGGCCCGTGGTTTTTTTGGGGGGGCAGCTTCGCATCCAAGTGGTTGAAGGGGGCGTTTTTGACTCAAATGCCAGGTGAATCCAATTAGTGATTCAAAAAAAATAGGGGATACCCGGAGATTTATGGCTCATTCCTCATACACCGTTATTGCTTCTCGCCCTGCTGCATTACATTCTTATAAAAAGGAGTTACGCAGTGTTTTTGATGCCACTCTTTTTGTGAATAAACATTTTGGGCTGATTATTTGGCCCGTATCAAACTCAAGGTCGTAAAGCGGAGAAGTAATTTCCCGCTCCAACTCGGAAGTAACCGCATCAGCACTAAGAAGGATCAAAATGTCCTAATCGGATTCCGGATGTACATTCCCCCTTGCGCGGGAACCGTTCAGATAAACTTCCGCACAAGGATCATACTGCTGTATGATAGACTTAATTTTGCGAATGATATGTGGCTTGGCGTTCATCAGACTCAAATAGTAGGTATAGATGCAGAATAGTTGTGATGAACTGGGAAGAAGGAGTTTGAAAGATTGAGATCACTCAGGCCGACCCAAATTTGTGTATCACAGCAGAAAAGCCTTTGGCTTTCAACAATGCGTCCCCCCCCTCACTCCTCCCCGTAACGCTGCCGGATTTCACTCCACTCGGGGCTGCTGATGAATTCGAGCAGCACGGTATTGATCGCATTTCGGTAGGGAGCGCCAAGCGGCAGGGCGATGCCGTAGTATTGATCGTTGAAGCTGCGGGGCAGCACCTGCACCTCGTTGCGGAACTGCTGATCGGCCTCATACCGGATGATAGGCGCATCGTGCACAAAAGCATCAATGCGGCCGTCGCGGACCGATTCGAGTCCTTCGCGAATGGAGCCGTAGGTCGTGAAACGGATGCGTCTTTCTTCCAGCATGCCAACAGTAGCCGAGCCGCTGAGTACGCCGGTGCGCACAAAGGGCAGGTCCTCAGGGCCTCCGACTTTGCTGTCGAGCTGTGTGATGGTCAGGCTTGACGCAATGGATGCCGTAAAAAAGGAAATCACAATCACCCCGGCGAACATCCATACAAAGCCGACAACGCGCCCGCCCAGCGTACGGGGAGATTTGTCGCCATAGCCCACGGTCGTCATCGTTACGGCTGCCCACCAAAAGCCGGAGCCAATACCCTCAGCCGGACTTCCGCCGAATTCCTGATTTCCCCTGCGCTCAAAAATCCAGACAAGCACGCCCCAAAAGAGCAGCACCCCGAGCAGCAGCGCGAGTATGAACAGAAACTCCGGACTAAACACGGCTAAAAAAGCCTGCCAAACGCCCCGGGGGGTATAGCCGGTTGCAATGCCGAGGCCCGTAACATAAAACGGATGGGTGAAATCCACGACGGCTTCCCGCTCAGCGGTGATGGTGAGGGCTGCCGCCGCGGCAAAAAGGCTGCCATCCTGCACGCCGCTGAGCAGTCCTTCGATATCGCGGGCTTCATACCGGAACGGAATATTCAGCTCTCCGGCGATGTGCTCCCACAGGCTGATGGTGATGCCGGAATAGGTGCCGTCTGCCTCCTCAATAACAAAGGGCGGCGCAATCCGGATACCTACAACAACTTCCTCCTCTGCCGGAAAGCCTGCCGCAGCGGCTTGCAGGGGTTGGGTGATGGAACCGAAAAACAGGATGAGCAGGGTGAAGCAGGAGAACGTTTTCATAATAACCAGGATAAGAAAGCATGGGGTAGATGCAGCAATTTGGCAATTCAGCCGTGGAAAAGCAAACCAAGTGTGAAGTCAGCCTGTGTCGGTTGGGTGAAATGCCGGAAAAAGGTCATCCCAAAAACCGCTTACAATATCATAGGTACCGTTCATGAACTTGTTGTTCGGTTTTTAAGGTCGTGTCCGTAGGTTTGGCCTCCAAAGTATGGTTCAACTAAATCAATAATTTATCACTAAATAACTGTTTAAATTGATATGAAAATATACTTTATTATTGCGGCATTATTTTGCCTGTTCATCGTGCCGGCTGCGGCAACGGCACAGGGAAGCTTCTTTCTCGATTCGAACGGCGTAACCATCAAATGCCCCGGCGCAGCGCCCGGCGAAACCGGAACGGTTAACGGCGTGACCTATGAAGCGGTTGACTCGGATTTGCTCATAGCACGTATTGCAGAAGGTGCTGACTTAACGGTAGTGTGCACAACACCTGTTATCAGTCTGCAAGGTTACTTTTCAGGAAATTCAACATTTAACCAGGATATTAGCAGCTGGGATGTGAGCAATGTGACTATTACAAGATTCCTGTTTGCGAGCGCCACCTCTTTCAATCAGGACATCAGCAACTGGAATACGGAAAACGTTACCAACATGGGATTAATGTTTCAAGACGCAACCTCTTTTAATCAGGATATTGGCGGATGGAACACGAGCAATGTCACAACCATCGAAGGTATATTTCTTGGCGCATCAGCCTTCAATCAGGATATTAGTGGCTGGGATGTGAGCAACGTCACGAATATGTCGACCGCATTTGAATCAATGGCCGCTTTTAACCAGCCATTGAACAATTGGGATACCGGAAGTGTAGTCAGCATGGAGCGTACTTTCCAGAATTCACCGGTTTTTAATCAGCCTTTGGATAACTGGGATGTAAGCAATGTGACCAACATGGTGCAGATGTTTGCAGGTGCTGCCGCTTTCAACCAGGATCTGAACAGCTGGGATGTAAGCAATGTAACCAACATGGCGCAGATGTTCAGCGGTGCAACCGCATTTAACGGAGATATCAGTGCCTGGAATCCGGTATCCGTTCAAAACATGGCAGCTATGTTTAACGGGGCATCTTCCTTTAACCAGGCTATCGGGGGATGGAACACGAGTAGTCTAACGAACATGGTTCAAATGTTTCGCGATGCAGCTTCCTTTAATCAGAATTTGAATGGTTGGGATGTGAGTAATATCAGCAGTTTATTTTCTTTATTTGTCAATAGCGGTTTTAACGGCAATATCAATAACTGGGATGTAAGTAATGTTCAGAACATGTCCCTGTTGTTCAGCAATACGCCCTTTGACCAGGATATTAGCTCTTGGGATGTGAGTAATGTTGAGAATATGTCAAGTATGTTCGAAAACGCTACCTTCAACCAGGATATCAGCACCTGGGATGTGAGCAATGTTAAACTCTTGTTTAACATGTTTGGAAATAACAGCGCATTCAATCAACCCTTAGACAGTTGGGATGTGAGTGGTGTTGTGAATATGAGCAGAATGTTTTCAAATGCGACTTCCTTTAATCAGAATATCAATAGCTGGGATACGGGAAGTGTTACTGATTTTAATTTCATGTTCGATGGTGCCGCTTCTTTTAATCAGCCCCTTGACAACTGGGATATGAGCAGCGCCACACAAATCGCATTTATGTTTCGCAATGCGACTGCGTTTAATCAGCCAATCGGAAGTTGGGATGTGAGCAATGTGACTAACATGAACTATGTTTTTAACAATGCTGAAAGCTTCAATCAGCCGCTTGCAAACTGGGATGTAAGCAGTGCAACATTCATGAGCTTCATGTTTCGGGATGCAGCTTCTTTCAACCAAAATCTGAGCGGATGGTGCGTGGATAACATCACAAGCGAACCGGATCAGTTTGCCGCAGGTGCGCCGCTCGACCCGGCCTTTTTTCCGGTTTGG
CP027806.1_gap32	718071	721999	3928	TCAATCGGGACCTCCGCTGCTGGGAGGTGATGCAAATTACTAATGAGCCCACTGGATTCGGAACATTTGCCAACAAGCCCATCTGGGGTACACGCGGCCATTGCCTGTGGACCGGGAGCACAGATGGCGATCTAAACACAGGCTCCAACTGGGCCGGTAATACTGTCCCGCCCACCAACCTTCCGATGATTTTTGAAAATAATTCCTTGGTGTTAGCCACAGGCACCGATTTCCAAAACGAGGTTCGCGTACGCAGCAGCGGGAGCCTGGTAATTGGCTCCGGCGTACCCGTGCTTTTTTCCGGTGGGATTACCGGAGGCGAAGAGGTTACATTTCAGCGCGATATTAACAGTCACTCCCGCTGGGTAGGTTTTTCGACTCCGGTTTCCGGCGCTGCATTCGCCGGCAATGACGGTCTGTTCAACGCCCTCTGGACTCAGGGATTCCCCGGCTCTGATGATCCCAATGCATCCGCATCATCGGCCAACGTTATTTTTTATGACGAGGCCAGCGCCACGTTTACAGCGCCCGGGTCAAATACAATAGAAGCCGGTAAAGGGTATTTTATCTACGTGTTTGAACGAAAAGACCGTGATGATGAGAATACAGCCCTCGAATTTCCTCTAACTACGCAGCTTACGGGCCCCGAAAACAGCTTTGGTGCCGAAAACCGCTTCACGTTCTCTGTAAGCCAGGAAAGCACTGACGGCTGGAACCTGCTCGGTAACCCGTTTGCCGCCTCGCTCGACTGGGCGAATGGGGACTGGACTAAAACCGGTATAGATAATTTCGCCTATCTGTGGAATCCGGCCACCGGCAACTATCAGGTTACGACCGGCGGCAGTGATAGCCCAGATAACGTTGAAGGCATCACAGCAAGTAACCATATTGCGCCCTTTCAGGCCTTTTTTGTGAAAGCCAACAGCGCAGGGCCTGAACTCTCTGTTCCAGCAACTGCCCGCTCAGTCAATGCTGCAAATGCCGGTTTGTTCAGCGAATCACCGGCTCCGGTATTTACGCTCAAATTAGAAGCAGGCGGTCACGAATCCTTCACCGGTTTCCGGTTTGGCGAAGAATATTCACAGGAGTTCGGCCACAACGATGCCTACTTCCTGTCACCAATGGCGACATCCTTTGCCTACACCTACTCGGTTAAGGGTAACAACGCTACCATGCTGAACTCGCTTCCCCTCGATATGGATGAGGCTGTGTCCTTCCCGATTGCGGCGGGCGCGTTCGCCGATTATCAGTTCTATGAAGGCGAAGCGACCTTCAGCTGGCCGACCTTTTCGAACATTCCATCAGGCATGGTCATCACCCTTACCGACACGCATACCGGGGCGGTAATCGACCTTCGCGAAGAGCAGTCGTACAGTTTCCAGATGTCAGCAGCCGGACTCATGCAGAAAGGGGCAGAAGTTAAGAACTTCCGTGATCTTCAGGCGGATGGCAGCCCGGTCATGAGCCCGATGTTTGCCGGCGAGCGCTTTGTGCTCACCATCGACCCGGAAATCACAACTGACATTCCAACCGATGGGCAGCTGCCGGCCGAGTTCGCGCTCCATCAAAACTACCCCAACCCCTTCAACCCGGCTACGCAGATTCGCTACGAACTGCCCGAAAGCGCGGAGGTGAGGTTGGATGTGTTCAACATTCAGGGTCAGCGCGTTGCTACGCTGGTAAACGGGCAACAAAACCCGGGCATCCATACCGTTCGATTCAACGGTTCAGCCCTGTCAAGTGGGGTGTACCTGTACCGGCTTCAGGCGGGAACGAAGGTACTCACCCAAAAAATGACGCTCATCAAATAAGCCGTCAATTTAACGTACGCAGCAACTACTGCGCCTGACCTAAAACCCATTTAACCGAAGCCGGCAATTTTCCGGCTTCGGTTGTAACAGCAAATTTACCGAACACTCTTTCTTTCAGCCATGAAATTCCTTTTATCCGCACTTACCGTTACCCTTTTTCTGCTCTGTGCAGATTTCACCCCAACCGTTGCGCAGGACCGCAGTCAGCAGCTTTGGCAGGACAATGCGCCCGCGCAGCCCATGAACAACCCCGGTCCGCCGCAGCTGCCGGGTGCACCAACCCAAACCCCGATCGGCAGCGGACTTGCACTGCTGCTTGCCGCCGGCGGAGCTTATGCGGTCAAAAAACTCCGGGATAAATAACAGCGCGCCAAACCCGAATTACAACGATTCCGCTATCCCCGCCCTTCTGATCGGGCTGCTTACTTGCAGCTCCGGAGAAGTTGGGCGGGAGGAACAGCGCCGGTCGTTTGCCGGCCAAATGATACAGCATTACCTGTTTTGAGCGCTTAGAACGACAGGGGCGATTGGGGGGCAAAACAGTCGTTAGGTATGCCTTAACACAAGCCCGGAAAACAGGTATCAGGTTCGGGTCATGGTTGGGTCAAGGTCGGGTCATGCTTTGGTCATGCTTTGGTCATGCTTTGGTCATCCTTTAGTCAAGCTTTGCAGAGTCTGCTGTATGCGTTGGGGTAAACTTGGGCGGCTCCGCTTGGGTACAAACGCACACCCGAAGGACACCAAAGCGAGACAAGAAGGTGACCCAACGCAGATAAAAGTAGTGCCCGCTTTGTGCTCACCATCGATCCGGGAATAAGCACCGACATCCCGTCCGAGGGTCAGCTCCCAACCGCGTTCGCGCTCCATCAAAACTACCCCAACCCCTTCAACCCGGCTACGCAGATTCGCTACGAACTGCCCGAAAGCGCGGAGGTGAGCCTTGAAGTGTACAACCTTGCCGGTCAGCGGGTAGCGGTGCTGGTGAACGGCACGCAGACGGCCGGCACGCACACGGTTTCTTTCAATGCCGAGAGCCTTTCAAGCGGGCTGTATTTGTACCGCATCACGGCCGGCAGCTTTACCGAAACCCGGAAAATGATGATGATCAAATAAGCGTACATCACCGTTCTTGCGCAGCTTACGGGCTTAACCTTAGGGGGGGACTGCATCTGTGTTGCGGTCCCCTTTTTTATGCCGGAATTTTTGGGGGAGGATGAAATTCCCCTGAAGGCACAAGGATGCTTTTCCTTACCTTAGGTTTTTAGGCCTGCATTTTTCTTTTGCGAACGCAACCGTTTGCCGGATTTCCTCAACCCCCGTCAATTATCCTTTAAAGGCTCATTATGAATAAAATGCTTTTCCTGCTTACTGTGGCCGTAATTTTGGGAGGATGTTCTGCATCCTCCGATCATGCGGGGGATGAAGCCGGTTTACAGACCCCTTTGACTGAAAGCGGGACTCAGCTGTTTGATGCTGCACTCGCTGAAGAACTCGGTGCCGATCTGTACGGGATGCGCCTGTATGTGATGGCATTCCTGAAGGCAGGGCCAAATCAGGAGATGTCCGCTGAACAGGCAGCGGAGCTGCAGCGCGGACACATGGCGCACATCAGGCAGCTTGCGGAAGCGGGCGAGCTGATTCTTGCAGGGCCGTTTGTCGGCAGTGCAGATGTACGGGGAATATTCCTGTTCCGGACCGATTCGGTAGAGCACGCCCGTACCCTTACGGCACAGGACCCGGCCGTAGCCGCAGGACGACTTGAGATGGAGCTGCATCAGTGGTACGGTTCGGCGGCACTGCTTCAGACCCCCGATTTCCATGCCCGGATTGCAAGGGAAAATCCCTGAGGCCATCCTGTCCGGGCTTCTTTCGGTACGGTTTTAAAAAAATGATGCCGGACCGGGCCTGGCAACCATCATCCTAACAAATCCTTCAGGAAGCGTCCCGTGTGGCTTTCTGGGATTAGTGCAATTTCCTCCGGCGTGCCGGTGCCCACAATGGTGCCGCCCCCGTAGCCGCCCTCCGGACCCACATCAATAATCCAGTCGGCGCTTTTGATGACATCCATGTTGTGCTCGATGATGATGACCGAGTTGCCGATTTCAATCAGCCGCTGA
CP027806.1_gap33	729646	733343	3697	GTAGTCACTGGTATGTTGCCGGGAGGAAAGTACGCGGGTTTTTACGGAAGATATGCCCGGATAAACCGGTATTGGTTAGCGGAAAATTTTTTGGTAACAGCTTCAAGATCGCAAGCAAGTTAATTTTATATCCCATTGGGAGTGCACAACTTAAGGCCATTGCTATCATACCTTAAGAAGCTGTTACCTGATTGCTTGCATTGAGTTAAATGGATGTAACATCATTAATGGGTGCTAATCAATGTCGCTCACTGTTTCAACGCTTGTGTATCTTAAGGTGTTAGCACAAAGCACTAATCCTAACTTTTTAATTGAACCGTTCGCTTTTAAATATGCCCTCACTCGATAACAAAACCATCGCTGGTTTACTGGAAGAGACCGCCGTTTACATGCGCCTCGCAGGCGTTAACGATTTCAAAGCCATTGCCTTTGACCGGGCCGCACGAACCATTGAAACCCTTGAAAACAGTATTGAGCCCCTCATCACGGAAAAAAAGCTTACCGACATCAAAGGTATTGGGAAATCCATCGCACAGGATCTCTATGCCTACGCTGAAACCGGTGCCATTCCGGTGTTGGAAGAACTAAAGGAGCAGGTGCCTGAATCGCTTGTAGCCTGGCTCAACATTTCAGGGCTGGGACCCAAAAAGATCTACAAAATCCACAAAGCACTGGGCATTTCAACCATTGAAGAGCTGCAGGAAAAGTGCGCGGATGGCTCGGTGGCGAAGCTGAGCGGGATGGGGGCTAAGTCAGCCGAGAAAATCCTGAAATCCATCGAATGGATGCAGCAGTTTTCCGAGCGCTGCCGTCTCGATGAGGCAACAGAAATTGCACAGCGCTTCTACGACGACCTCAAATCCGTCAAAGGCGTACAGGAAATTTCCATCGCGGGCTCGCTGCGCCGGAGTGCAGAAACCATTGGGGATATTGATATTCTGATTGCTGCGGAAAAAGCGGACACCGCTGCCATTTTCGAGACCTTTCTGGCGCATGAAAGCGTGCTTGAAGTGCTGGGGCAGGGGGACACCAAGGCTTCGGTCCGCACCAAAGAAGGGCGGCAGGTCGATGTGCGTATTGTCGGGCAGAAGGAATTCCCGGCAGCGCTCATGTACTTTACCGGCAGCAAGGAACATAATGTCGTGATGCGGCAGCGCGCCCGGGATCAAAAGCTGACCCTCAACGAGTACGGACTCTTCCACATGGATGGCGCAGGGAATACTGATTTTGAAAGACCTGTGGAAACCGGCAGCGAGGCCGACATATATAAGGAGCTCGGTCTCAGTTTTGTGCCGCCAGAGCTCCGCGAAGACCGCGGGGAGTTTGCCTTTTTTGAGAAACACAAGCTCGATGATGCAAACCTCCCGGAAGTTTCGGATATCCGCGGGGTACTGCATGCTCACAGCACCTGGAGCGACGGGAAGTACTCCATCCGTGAGATGGCGGAGGCCTGCATGGCCAAGGGCTTCGAGTACCTCGGGCTCACCGATCATTCCCGGACTGCGGCCTATGCCGGCGGTCTCACGATTGAGCGGGTGAAAAAACAGTGGGAAGAAATTGATGCGCTGAACAGTGAATTTGCGAATAACGGAAAGAACTTCCGGATTTTTAAGGGTATCGAGTCCGACATGCTGCCGGATGGCAGTCTCGACTACCCCGACGACATCCTCGCAGGCTTCGATTTTGTGATTGCCTCCCTCCATGCTTCCCTTGATATGGCACCTGAGAAAATGCTTGAGCGCTACCTGCGCGCCATCGAAAATCCGTACACCCGTATTGTCGGGCACCCGACCGCGCGGCTGTTGCTTAAGCGCGACGGCTCCAAAGTGGATCTCAACAAGATGATTGAAGCGGCTGCCGCGCACAACACGGCCATCGAAATTAATGCGAGTCCGTGGCGGCTTGATATTGACTGGCGCTACGGGCAAAAAGCAAAAAAAGAAGGTCTTATGACCGCCATTTGTCCTGACGCACACGACATCGAAGGGATTGACGATACCGCTTATGGCGTAGCAATTGCCCGTAAAGGCTGGTTTAGCAAGGACCGGATTCTGAATACAATGAGCGCGGCAGAACTGCAGCAATGGTTTGACAACCGCTGAACTTAGGTACTATTAATGTCAGGGATTTGGCGGATTGGGAAGGATGCTTTCCGTCCGCCGCTGTCTCTCCTCAAAAGCAAAGGTAGTTCAGAGTTAGGGGGCTGGGCTAAACCAGTCTTGCACGTGTGTGATGGGGGATGCAGATGGTGATCGCGAAATTCCTCAAAGCAAAGCAATCATATAACTCCGCAGAATGCTGGTAACTGCGGCAATCTTTTTTGGGGATGATGCCGTATTCCCGTGCCGAATATCTGGGACTGGCAGGGAGCGGGTTTCAGGTTTAAGCCAGTGGTAATTGATGGGATGAAGGGGATGGGCGCCATTAGCGGTGATAAAAAAGCGCTTGCAGTAAATCCGGCATAATCGGCAAATAAATACTGAACGATGTTTGCAGCGGATAAGTTAAACGGCTTAACTTTTGGTCAGTAAATGACCGTCAGTCATAAATTATCCGAATGTCAACAACAGAGAGAAAAAAAAGAGAGCGGGAAAAGCGCAAACAGGTCATACTGAACGCTACGCAGCGTCTGATTACAGAGCGGGGATTTGAGTCCGTCACCATGGATGAAATCGCTGTTGCTTCAGAAGTCAGTAAGGGTACGCTTTATTTGTACTTCAAAAGCAAATCTGAGATCGCGCTTGCCCTGCACGGTATTGGTATGCAGGCCATGCTTAAGAAGCTTGCTGAACTGATCGCGGCTTCAGGTTCAGGGCTGGAAATCATTCAGAAAATGGGACGCTTGCTGGTCGATTTTGTCCGCGACAACCCCCCGTTTTTTAAGTGCATTGTTTATCTGGAAAGCATTGGCATTGAGAGCTATAAACAGCTCAAGGGCACCGATACTTTTGAAGCACTGCAAACCCTTGACGAATCCCTGTTTAATTACATCCGACGGGCTGTGCAAATTGGCATTCAGGACGGCAGTATTGATGCGACCTACAAGCCTGAATTACTTACGCTGCAGATCATGGCTACCGCGCGCGGACTGATGCAGTTCATCATTTTTCGCGATGCCGGGCTTTTCCTTGTTGCGGGCTTGGAAGCGGCAAATATCACCCTTGAACATCTCATGGATGACTACTCAGCCTTGCTTGTCAGGGCGCTTAATCCAAAACACTGACTCTTGGTCATATTTTTGATAACTTCCGTATGTCTGATTCGTAACAGCACCACATCTTTCCGAAAAAAATAACGCATATTCACAAAACAACACCTTACTAATGGCAAGGGCCTATACCTTAATTTTCCTGATAAGCGGATTGCTGCTTCTGCCGGATTTGCTTCCGGCTCAGCAAACTTCCGCAGCCGTGTCTGCCACCACTTCCGTTTCGGAAGCCTCTGCAGATTCGGTTTCCATCACGCTGGATGAAGCCATTCAGATTGCGATGGTTAACAACTACATGATCCGCCGCGGATTGCTGGATATCGACAATGCGAACGCGCAGATTCGCGAAGCATGGGGGGCTGTATATCCGCAAATCAACGCTTCCGCTCAGTACACGCGGAACATTGAGATTCCCAATCCATTTGCCGGCTCAGACGCAGGTGGCATTTTTGAAGCATTTGGCGCCCTCGAGTGGCTCGCTTTTAATGA
CP027806.1_gap34	742962	747608	4646	GTTTGGCATCACCAATTTTACTGACCGGTTTTTTCCTCTATCAGCTGCCGCTTGCTGAATCAAAAGGCTGGAGCATGGCGTGGATGGCGTCCTGCTTCATTGGTTTTGCCGGTGCCAAGATGGTTTTCTCGCTGGGGATTGGTCCCGTCATTGACCGTTTCACGGCGCGGGCGGTGTATCCGTTTATGCTGATTCCGATGGTGGTCGGGTTTGTGGTGCTGCTGTTGGGCAGCCATCCCGTAACGGCGCTGATCTATATGCTGCTCCTCGGTGCAACGGAAGGCATTAGCGGGAATACTAAAACGGCCCTGTTTGCCGAAATCTATGGAGTCACACATTTAGGTGCCATCCGTTCGACCCTCGTGACCCTCATGGTTTTTTCGACAGCTTCCGCACCCGTGCTGTTCGGGAATCTGCTGGATGCGGGGGTTGTGTTCAGCACGATTATTCTCGGGGCGATAGCGTTTGTACTGCTCTCGATGCTGCTTGCGCTTCGGATTACGCCCTGGGCGGAAGCTATATGGGGAAGCTGAGGTAAGCCGCAAGCCGCAAGCCGCAAGCCCTGACCTGAATCGCTGAAACCTGATTGGTATCACCGCAGCAGCACCGTGCTGACCCGCTCAAATGCTGCAGGATTGTTTTCGACCGATTTCACCATAAACCAGCAGGTGATGAGCACGAGCAGATAGGCGGCTGTGAAGATGAAGTAGAACCCGCTGATGAGTAGGAGGGTAAGCCCCAAAAAGAGGGTAGTCTCAAAAAAGCTGACGAGGGCCGAGGTGTTGTTCATGGTACGGCTGAAGGAGATCACGGTGGAGCCGTCCCGTACTTTTTTAGGGAGGCGGATGCTCGACCAGTAGCCGGTCAGCAGGGCGGGCGGACTAAGCAGGATGAAGACGAGGAGCTGCTTCCATTCAAATTGCCCGATAAAAAATAAGACCGGAAAAGCCAGCACCGCATACCAGCCAAGTACCCGCCAAAGGGAGCCGGTGTAAAACTGCCAGCGCAGTTTTCGGGCTTTGGGACTGATGCTTTGGCTGCTCCAAAGTTCCGGGAAAAAGCCCCAGTAGTTGTTGTGCAGGTAGCTGAACGGCAGCAGCGGGATGGCCAGCAAATATGCAATATAAGCGGGCAGGTATCCCTGAATGAGATAGAGGTAAACCCCGCCCAAAATCAGGATGACAGGGATGACCAGGTAGAGCTGACGGGAGGTCTCGCGCCGGTTATAGAGTTGCGCCGCGTAGCCCGAAAGGCTGCCCGGTGCTTTGAGCAGGCTGACAAGGGTACTGTTATCGGTTGTGTCGCGGATATGCCGGATTTCGGCGTAACGCTGTGTCAGAAACATGTAGAACGCCACTGCTGAAACCGCAGCGGTAAACAGCAGGATGCTGCCGGTCCAGGGCATGGTTCCGTAAAATACCGGACGAAACCAGAAGTACAGGCCTGCAAAACAGACAGAAGCGGTCGCCGCAAGCAGTGCCGTGAGGGCAGCTTCGGGGCTGATGAGCGGCGCGCCCTCCGTTTGCCGGGAGGCCCGCCAGAGCTGCACGCTGTGCTTCGTGCCGAAATCAAGCGCCGAAGCTGCGATGATGACAAATAGCCCGTCGAGAAAGAGCCAGGGACCGAGGCTGTAGCTCAGGATGCTCAGGATGATGAGAAACCAGATGCCGTACACCGTGCCGGGGCGCGTCGTGTTATACAACAGATTGAGCGCACCCGCAGCACGTTCCGATACCGGGGCATAGGCCGGGATGATGCGTACCGGAAACCGGATGATCGGGAATACGCCGCTGAAAAAAATGATGAAGGCAAGGCTGATCAGAACCGCACTTTCAATCAGCAGCCGCTGTTCCGTTTCGAGCGTGAGCAGCGCGAGCGCACCAAAGCTGCCGTACAGCAGCAGCACAACCAGAATCAAAATCCGGCCGATGTTCAGCAGCTTGTTTTCTTCGCCCGTTACCAGCATTTTGGTGCGGGTCTTTATAATAAAGGCCGCCAACCGGATGGTGTTTGGTCTTGTAAGGGTGTTTTCCATAGGAGGCGGCTGTGGCAGGGTGTACTTAACTGAGAAGACGGCGCAGCTGATCGGTACTTTTTTCTTCGGGGGCCAGCAGTTGCATGAGCGAGCTTTCAAGCTGCGACTGACCGCTGCTTGTAAAGGCATCCATCGTGCCGAAAAAACGGAATTCCGTTTCATGCAGCACAGCAAGATGTGTTGCGACCTGCTCCACATACGAGAGGTTGTGGGAGGAAACAACTATCACGCGATCGCTGCGGCTGTAGGCGTTCAGGAAGTTGATTACGAGCCGCGCGGAGCCGGGATCAAGGCCGGAGAAGGGTTCATCGAGCAGCACGAGCCGCGGCTTGTGCAAAAAAGCGAGGATGAGGCCGAGCTTCTTTTTCATCCCGGTCGAAAAAGTCGCACAGCGTTTTTCGAGCACGCTCAAATCTTCAAACAAATACTCGGCCATGGCCATGACCTGATCCATGTTGCTGCTTAAATCGATGCCGTACAGCAGGGCCGTGAACCGCAGCTGTTCTGCGGCGGTGAGCTCGGGATTCAGCTGACCCTGCTCGGGCAGCACGCCAATCTGACGGCGCAGGCTGTCGTGTTGTGCCGCATCCAGCCAGCTTTTCCCGTCAATGAGCAGCACCCCCGAATCCGGCTGATGAATGCCGGTCAGCAGATGAATGAGGGTCGATTTTCCCGCCCCATTGTTGCCCAGCAACCCAAGTACGCTGCCTTCCTGCACCCGAAAGGTGAGGCCGTTGAGTACAATCTGTCTCCCATACGATTTGGTGAGGTTTTCTGCCCCTATTTCCATGCTATACAAAGGTTACGGGTTCTTTCAGTGCCTGTCTGAGCAGCGTTTTGTAGCGGCTTGCGGGAATCTCCCGGCAGCCAAACTGACCCAAATGCTTGGTGAAAAATTGCGCATCCCAAAGCGTAAATCCCCTTTCTGTGAGATGCCGGTGACAAAACCACAGCGCGGCTTTGTGTGCTTCCGGTTCATCCTGAAATACAGATTCAGCGAAAAAGGCACCACCAAGTGCCAGACCGTAGAGTCCGCCAACCAGCTTCCTGTCCCGGAAAACTTCAACGGAATGTGCTGAACCTGTTTGGTTAAGGTACAAAAAAGTCCGGTGAATAACGGGATTAATCCAGGTGCTTTCGCGGTTGGCGCATCCCTCAAGCACGGCTTCAAACTGCTGATTGATGCCGGCCTCGTAGCCCATCTTTCGAAAAGTACGCAGTGCCCGCTTCGGCATGTGAAAAGCCTCCATCGGGATGATGCCCCGTTTCCAGGCTGTGTAATAGCTGATTTCAGCCTCCGGACCGCTGCCGTCTGCCATCGGGAAGTAGCCGTTGCGGTACGCATCGATGAGCTGTTCAATATTCAGCATGGGTTCCCCGAAATCCGGCTGTTGCATGGCGGCAGTGCGTCAGTTTTTCGGGGGATGGGGCAGGTGCCTGTGCCCGTTTTTCCGGGCTTCGTAAATGCACATGGGCGGGATGTTGCGGATCTCAAAACTCATCTCAACGGCTCCGAAGTGTTTCTCGATGGGCTTGCGCAGATGCATAGAGGTCTGATAGGCGAGAAAGTAGCCGTCCTCGCGCAGCAGCCGGTAAGTGGCCGTCAGGATATTATCCTTCACCTGCACGGGCAGAAAGCTGAAGGGGATGCCCGACAGGATGTAATCGGCCTCCAACGCCCCGCAGTTTTGCGCGATGGCCTCGGCTTCCTCTGCGGACTGCCGGTGCACGCTCACCCGCGGATCATCAATTTTTTGCAGGATTTCCACAAAATCCGGATTCAGCTCAATCATAATCAGCCGGGAATCCGGGCTCATCTTTTTCAGCAAATATTCGGCAAACACGCCCGTCCCCGGCCCATACTCCACAATCGTAATATCGCCGCTGAAATCAATTTTGCGCGTCACTTTCCGGACGGTGTAGCGCGAGCTTGGGGTGATGGAGGCAACGTTTTTGTCTTTGATCAGCGATTTCAGGTAGGCGAGGGTACTCATGCAGGTGGGTTTGGAATGCAGGCCTTCCGGCCGGTCGAACAGGGTTAAATGTTGTTTTTTGGGATGGATGGGTTTCCGGCTTATTTCATGCTCATATCTTTTTTCAGCTCCTCGATTTGATCGCGGATGCGTGCGGCTTCCTCAAATTCAAGATTCCGGGCAGCGGTCTTCATGGTTTCGGTGAGATGATCGAGGAAGCTCTGCTTGCTGTGGAACACCACTTCCTTCATGGCCGGATTCGGGCGGTAGTGAATGCCGTCGTCGGCCACCCGCAGCAGCTCAACCGGTGCGTCTTCCTGATAGCGCTCTTCGAGATTGATGTTCTGATTGGAAATCAGGCTCGGGTCCACCAGCGGCTTCAGTTCCTTGACCACCGTAGTGGGCGTAATCCCGTGCTTTTCGTTGTATTCCTGCTGAATGGCCCGGCGACGCTCCATTTCGTCCATCACCTTTTTCATGCTTTTGGTGATTTTATCCGCATAAAAAATCACGCGTCCCTGCGCATTCCGAGCAGCCCGGCCCGCAATCTGGAAAAGGGAGGTGTCGGAGCGGAGGAAGCCTTCCTTGTCGGCATCCAAAATGGCAACAAGACTGAGCTCGGGGATGTCGATGCCCTC
CP027806.1_gap35	808980	811072	2092	AAATGGTTACGCCGGAAGCGGTAAACCTGATGGCGACACATGGCCGCGGGCTCATTTGTGCGCCCATCACGCGGGAGCGGGCGTATGAGCTCAACCTCGACCGCATGGTTCAGGATAACACCGACAGCCTGAAAACGGCTTTTACGGTTTCAATAGACTACAATCAGGGTACTTCGACCGGTATTTCGGCTGCCGACCGGGCCATCACCCTGAAAGCACTGATCCGAAACACGTCCCGCCCCGGGGACTTCAACCGCCCCGGGCATATTTTCCCGCTTATTTCTGTGGAAGGGGGCACCCTCCGCAGGGCAGGGCATACGGAAGCTGCCGTAGATCTCGCCCGGCTTGCCGGTTTATATCCCGCAGGCGTTATTTGCGAGATCATGAACGAAGACGGCACCATGGCGCGCCTGCCTGATCTGGTGAAAGTGGCTAAAAAGTTCGGTATGAAGCTCATCACCATAAAAGATCTGATCTCTTACCGCATGCATAAAGAGTCGTTGGTTAGAGAAATGGTGAATGTGAAGCTTCCAACAGTTTACGGCGATTTTCAGCTCTATGCCTTTGAAGAGCGGCTCACCGGCGGCAATCATCTTGCACTTGTAAAAGGGAGCTGGTCTGAAGACGAGCCTGTTCTCGTGCGCGTGCATTCACTGTGCGTAACCGGCGATATTTTCGGATCCAAGCGCTGCGACTGCGGTGAACAACTTCATCAGGCGCTCATCAATATCGAACAAAACGGCAGGGGCGTACTCCTGTACATGAATCAGGAAGGCCGGGGAATCGGGCTGGTGAACAAACTCAGGGCCTACAAGCTACAGGAAGACGGCCTCGATACCGTTGAAGCCAATGTTGCGCTTGGCTTCAAACCGGATCATCGTGATTACGGCGTAGGCGCGCAGATTCTCCGGGAACTGGGCGTGCGTAAAATGCGGCTGATGACCAATAATCCAACCAAGCGCGTGGGTTTGCAGGGTTACGGCCTTGAAATTGCTGAACAGGTTCCCATTGAAATTGAAGCCTATCCGGAAAACGAGCACTACCTGAAAACCAAGCGGGATAAGATGGGACACAAGCTTGATCATATCTCCGCACACAAGTCGGATGGATTCCTGAATTCGCTTAAAAAGTAATCGTTCCTCCGCAGTTGCTCATTTGACTGCATTTGGTTTTCATTTACGATTCAGGTTGTTTCCGTTAACAATTGACAGGTAAGGGTAAATGCCCCGAAGGCGGCAGGGAAACCGAAAATGATGGTATAAAAGCCTGATAACTATCTTTTTAAAGGCACAGCTGCATAATTCTCGGCTTGAGATGGTGTAATCAGCAACAGGGTGCTGTACGTAAAAAAGAAGCTAAAAATATTTTGCTATTACTAAATAGGATTTTATATTAAAGCGCGCTCAAGTAGCGTCTCTCTTGATGAATAGTTTAAGGCACTGTACGTGATAAATACGGTGCCTTATTTTTTACCTGCCTCCAAAGACTTCACGGATCAAAACTAACGCTTCAGGGCTCCGTAGGTCAGACATTCATCCCGTCAGCTTTCAGGTAATCCGTCCCCGCCTTTTCTCTCAACAGCTGTTGTAGTTTAAAACCGAATCAAATACATTAAATAACAGCTGATTGCACAGACACCCAAAAGGTAAGGAATACGCTGAACGCGGTTCGCTACCCCTCACCCGAGCGCGTGTCAAATAAAGCTGATAACCCGATTCCCATATTTTTTTTAATTCCATGAGTACTTTTGATATTACCTCCAGAAGCATACAGTCTGTTGAAATCCTTGATCTTTCCGGCGAACTTGACGCGCATACGGCACCCGTTTTGGAAGAAAGCATAACCCGGCTGATTGATGAACAAAAGTACAGCATTGTCGTAAACTTCAGCTCGCTTGACTATATTTCCAGTGCCGGACTTGGCGTTTTCATGGCATATATCGAAGAGCTACGCGACTTAGGCGGTGATATAAAACTCACCAACATGAAAGAATCTGTCTTTAATGTTTTTGATCTCCTTGGCTTTCCGGCACTCTACGATATTCTGGAGGAAGAACAGGAAGCCATCCAAAAATACCTGAATTCAAATCTGC
CP027806.1_gap36	813063	817772	4709	AACGAAGCCGATGAAGAATTCGGGGAAGAACGGATTGCCGAAATCGTAGCCGCTCATCATCATAAAACAGCACAGGAAATCAAGCAGCTGATTTTAGACGAAGTAAAGACTTTTTGTAAAGGCAATTACGGGGATGATGTGACCATGCTGGTTTTTAAAATGAATCCGCAATAAACAGCGGTTTTTGTTAGGGTGATGAAGATTATTTCCATCAAAACAGCTTACCATGCCTGAAGTTTTTACCGACACCCTGCTTCGCCGTCTGTATGCCAATGATGCATCCATGTACGAGGAATTGCCGGAGGGCGTCTGCTTTCCGCAGTCAGCCGATGACCTGATCGGGCTGGTACGCCAGGCAGCTCTAAGCGGGAGCAGTATTACGGCCCGGGCGGCGGGTACGAGTCTTGCCGGACAAACAACCGGGGGCGGCATCATTGCAGATACCTCGCGCCACATGAACCGCATCCGCGCTATTGATCCCGACCGGAGAGAAGCGGTTGTTGAGCCCGGCGTTATCCGCGATACCCTGAACCGGAAGGCTGCAGCATTCGGCCTTAAATATGGTCCAGACACCTCAACGACCAACCGCTGCATGTTTGGCGGCATGATCGGAAACAATTCAGCAGGATTGTACTCGCTAAAGTACGGATCTGCAAGGGAGCACATCATCCGGATTGAAGCTGTGCTTGACGATGGCAGCCCCGTAATTTTTGGTCCGCTATCCGATGAGGAACTTGAAGCCAAAACCCGGCTTGATACCCGGGAAGGCGAAATATACCGGCAAATGCTGGCGCTGCTGAAAACCCACAAGCAGGCCATTCTCGAGCATTATCCGCATCCGGAAGTTGTGCGCCGAAACACCGGCTATGCCCTGGACCGGTTGTGTGAAATGTCCCCGCTTAGCCCGGGCGGGCGGGCCTTTAACCTTGCAGAACTGCTTTGCGGCAGCGAAGGTACCCTCGCGCTCATGCATGCCGCAACGGTCAGGCTCGTGCCCGCTGAACCCTTCCGGGTGTTGCTCATTCCTCATTTTGCGACGCTCGCTGAAGCCATGCATGCCACCGTCGAGGCTGTTTCACACCGTCCGGCTGCGGTTGAACTGATTGATGACATCATCATTGGCGCTACGGAAGGTAACCTGGAGCAGCAGCGCAACCGCTTCTTCCTTGAAGGCAAGCCGAAGTGTTTGCTCATTATCGAATTTGAGGGTTATGACCCATCTGTACTTCTGAAACAGTCAAATACCTGTGCGCAGGCCATGCAGCAAGCCGGCTACGGCTACGCTTTTCCTGTGATCGCTGAGCCGGATAAAATGCGGCGCGTTTGGGACCTGCGCAAAGCCGGACTCGGTCTGCTTATGGGGCTTTCAGCCGACGCCCGCACGCCTACGTTCACGGAGGACACAGCCGTTCGCGTGCAGGATCTGCCGGACTATGTTGCTGATTTTGAAGCCATGATGCAGCGCTACGGTACAAGTTGCGTGTACTATGCGCATGCCTCAGTAGGGGAGCTGCACCTGCGTCCGGCTATTGACATCACCCGGCCGGAGGGCGTTGAGAAGATGAAGCGGATGGCAGAAGAAGTTGCGGGTCTCGTCCGCAAATACCGCGGATCACTTTCGGGAGAACACGGGGACGGACGCGCGCGAGCGCCCTACATCCGCACGGTTCTTGGGGACGAAATGGTGGGTTTGCTGGAACAAGTTAAGCGTATCTGGGATCCGCACAACAGATTCAATCCGGGAAAAGTAGTTAACCCAAAGCCTATTGATACGCAGCTTCGTTACAGTCCTGAGCAAAAAATGCCGGAAGCTGACACCGTTTTTCAGTGGAGGAAAGAAGGTGGTTTCGGGCAGGCCTTGCAGCTTTGCAATGGTGCAGGCGTGTGCCGGAAGCGTGCAGAAAGCGGCGGGACCATGTGCCCGAGCTATATGGCTACGCTGGATGAAAAGGACAGTACCCGCGGGCGCGCCAATGTATTCAGGCAGCTGTTCCAGGCTAAGGGAACCGGGGCGTTTAGCAGTGAAGAAATCCGTGAAGCCCTGCGCTACTGCCTGAGCTGTAAAGCCTGTAAATCTGAGTGTCCTGCCAACGTGGATATGGCACGGATGAAAGCTGAGTTTATGCAAGGATGGCATGATCAGAACGGCAGCAGCTTCGCGCAAAGATTTTGGGCCAATCCGTTTCCGTGGCTGGAGCTGGGCGCCCGTTTCCCACAGCTTTCAAATGCTATTGCCGCCAGCAATCCCGGTCATTTTGTGATGGAGCGCCTTATCGGCCTTCATCCGGAACGACAGCTGCCGCGCTTTGCTGAAGTTAGTTTTACGGGATGGCTTAAAGAAAACTTTTCGCGTTTCCGCCATGCCGGAAAGCGGCCTGCTTCACCAAAGCCGCCGGTACTGCTGCTCGTTGATCCGTTTACAGATTTGCATGAACCGGAGCAGGCCATTGCTGCCCTCGAGGTGCTTTATGCTGCAGGAGCTGAAGTGCTTCCTCCTGTTGTTGCCTCCTGCGGCCGTACGCAGATTTCTTCAGGTTTTCCGCGAGAGGCGGTCAAGGTCATACAAACGCTCCTTCCCCGACTCGGTGCTGCACTTGCACGCGGTGCCGTGATTGCCGGTCTCGAGCCTTCCGAACTGCTCACCCTGCGCGATGAGCTGCCCGATTTAATCCCTTCCGGCGATACCCATGCGCAAACGGCAGCTGCGCTACAGGAACATGCGCTGCTTTTTGAAGAGTACATCGCGCGCTATGTCACCCCTGAAGAAGGCCGCCGTCTCTTCAGAAGCCGGCAGGAGCCCGTGCTGGTTCACGGACATTGCTACGTGAAAGCGCTGACCGGCACAGCGGAACTGATGCAGTCGTTACAGCTTGCCGGCTATGATCCGGAGGAAACCGACAGCGGCTGCTGTGGTATGGCCGGTAGTTTCGGGTATAAAGCGGAAACATGGGACCTTTCGCAGCAAATCGGAGCACAACGATTGTTTCCGGCAGTCAGAGCCCAAAGAAAAGACAGCCTGATTTGTGCGCACGGCTTTTCCTGCCGGCATCAGATAGCGGATGGTACAGGCAGGGAAAGCCTGCACCCGGCACGATTACTTCGGACTGCACTTCGTTAAACCGTTTATAATCAGGCATGAATGAAGTATTAGTAATGCTTTGATATGGTTTGATTTAACACTAAATTCGACTTGCAGATGTACATCAAGTTACGATTCATTCAAAAAAAATAATGAGCCCTGTTTGACGTCGCCTGCAATTCGTTAGACGTTTTAATCAATCTCATTACACTTATGACACTTTACGTAGGAAATCTGAATTACCGGGCAGGCGAACAGGATCTCAGCGAACTCTTTTCTGCATACGGAGAAGTTAAATCCGTGAGCCTGATCAGCGATAAGTTTACCGGCCGCTCCAAAGGCTTTGCATTTGTAGAAATGGATGAGGCAGCCGGCAATGAAGCCATTGCGCAGTTGCACGACACTGAATTTATGGAAAGAAGCCTCGTGGTAAATGAAGCGCGTCCCCGTGAAAACAGAGATTTCCGTGGCGGAAACCGTGGTGGCGGAGGACAGCGCCGTAACGATCGTGGCGGATACGGCGGTGGTCGCTACTAATTCACGATTCGACTTTTTAGCCTTATTTAGAAGCCGGTAGCGATACCGGCTTTTTTTATGCGATGCAGGCTCGCTGATAATCTTTGGCCGAATGCAGTAAGCGGCGGGTTCCAAAACAGCCTGGGTCTGGCGATTGCTGGTTTTCCTGCGCCCGTTTTGAAGCTGAAACGGCATGGATTTTACTTCAACCTCAAAACGGAAAGCTGTATCATGCCGTTACCTCATTCACAATCAGAACAAACTGCATGTTTAACTATTCAGCAAAACTTTCATGAAAGTCTATAAAGCAATTATTTTCATCCTTTTCAGCGCCGCCTTTCTGTTTTCTGCCGCGCAATTATCTTTCGCCGATCCTGAAGAAGCTCCAACAGCCTGGCCCAATCCGGATCTGCTCGTAGAAGCAGAAGACCTGCCGGTACTCCTTCTTGAACCTGATGTGGTACTTGTGGATATGCGCGCCGAGGGCTTTGCGGAAGGCCACATCCCCGGCGCAGTCTGGTTTGGCGGCATTCCCGCCCTTGTAAATTCCACCCATGAAATTGAGCAGTTCCTGGTTGATGCGGATGCCTTTCAGCAGCTCATGCGAACCATTGGCGTGCGCAATGATTCCAGAATAATTGTTTATGATGAGGGCAATGGTCTTGGTGCGAGCCGCCTGTTTTACGCGCTCAGTCTGTACGGACACGAGCAGGCCGCAGTCGTCAATGGCGGCATTGCAGCCTGGAAAGCCCTTGAGTTGCCCCTCGAGAAAGAAGCCGAAATTCCTATCCGCGGTAACTTCACCGTAAATTTTGACGAGTCGCGCTCCTGCGACATTACTTTTTTGCTCGGCAATCTTGAGCGCGATGATCTCGTGGTTCTTGATGCGCGTTCGCCTGAGGAGTTTGACGGTTCAGAAGTTCGTTCTGAGCGCGGCGGGCATATTCCCGGTGCCGTAAATTTGGAATGGCGGAAGTTTGTGCTTGACGGGGAAGATATTCCTTTTTTTCGCTCGCCTGATGAAATTGCCGCACTCCTGGCAGACAATGGCATTACCCCGGATAAGGAGGTAGTAACGCACTGTCAGAGTAACGTACGCGGCTCGCATGCCTTT
CP027806.1_gap37	819236	820511	1275	CTGACCGTTTACAAAAACAGCGGAGCCAATTCCCGTCCCGACGGTGAGCAAAATAACAATGCCCGGCACATTTCGCGCACATCCGAACTGAACCTCTGCAAGGCCGGCGGCGTCTGCGTCGTTGATGACGGCAACGGGGCAGTCGGTCATTTCTTCGAACAAGGCGGCAGCGTTCACATCTGCCCATTGCGGGCTGAAATGCAGGCTTCGCACTACTACGCCGTTTCTCACCGGTTCGGGCAGGCAAAAGCCCACAGGGCCCTGCCATTTGAAATGGGAAACAAGCTTGTAAACCTTAGCTAACAGCTTGTGCGGGCTTGTGTCAGCGGGCGTGGGAATCCGGAAGTGCCCGCCTGTGAGCACTCCCGTTTTGCAATCTGCAACGCAGCCTTTAATCGCCGAACTGCCAATGTCGATTCCCAGTATTTGCATGCGGCTGCGATAAATGTTTTGGTTTATTCAGGTCTTAGTGAATCCGGTTTAGCTTCACCCTAACATTTAATTATGAGACGGCTTCCTGACCAATTTTCGTACAGGTTTTTGAGCCGGAGCGACCACAGCAATGCTTGAATTTCTTCCTGGGATCGAGCGGACAGGGCTCATTCCTGCCGAACTTCTTGCCAATCACAACCGGTTTCTGCGGTGCGTCTTCCGAGCGGTTGGTGGAAAGCTGCTGATCGCCCGAACTGCTGCTCGTGTAGTTGCCGGCGCCGTAAGAGCTTGCGCTTGAATGCTGTTCCTTCATACGGGCACGGTCATAGCGGCTTTGTGTTGGTGCGGCACCCATGCGAACGCCCTGCTGCTGATCCGGGGTAACCTGTGGCGCGGCCTTCCAAACCAGTGAAAGGGTTTCGGCATTCAGGTCTTCCATGAGCTTCATGAAGGCTTCGTAGGCTTCCCGCTTAAACTCACGCAAAGGATCCCGCTGTCCAAATGAGCGCAGTCCGACAGCTTCCTTGAGCTGATCCAGCTCGCGGAGATGCTCCATCCATTTTACGTCCACAATGGAAAGAACTGAAGCCCGCTGCAGCGCGATAATTAATTCGCGCCCTTTGCTTTCGAGCGTGCGTTCTACATTCAGCACTACGCGCAGCAAGCGGGCGCCGTCCGTGAACACCATGGTAACATCTGAAGAAAGATTGGTTACATTTTTATCATTTACAATACGCTGCAGGGTTTCATAGATGCGGTCGCAAAGCATGTCATTTTTGGCCCGGAAATGCTTCACAGCCTCATCAAAGAGAAAATCCGCAACACCGTCAACGCCAAAGGCTG
CP027806.1_gap38	838307	839368	1061	GGGTTTTTGGTTAACTTGGGAGGTATCATCCCAAATCCATCCGGAAAAATATCCTCCGTTTAGCACAAACCGCAATGAAACAACAAATCCGTAAGCTGATGCTGATTTCGGCTTTCGCCCTTTCGTTTCTGATTCTCATCATCATTATCAATCAGCTCGTGCAGTTCTCGGCTGTTATAGCGCGGCTGAACGAAACGGCCGGACTTGTTTTCCTCATCCTGAGCCTTTCAGTGCTGCTGCTCTCGGTGAGTTTGCCGGTTCTTGCCTTCCTGAAATTACCGGGTGCACTGATTCCGCCGCCCGTTTCCGAAGGTCCGGCCTATGAGGCGCATCTGAAGAAGCTGGCCCGCCGGCTGAATCAGAACCCCTCTGTACAGGCGCACATGGGACTGATTGAAGGCGAGGAGCAGATACAGGGCGCACTCGTGTACCTGAACGGCGAGGCGACCGAAAAGGTGAAACAGGCAAGCAGGCGGGCGTTTTTTACGACCGCGATCTCTCAAAACGGTGCGCTTGATGCGCTGTTTATCCTCGGCCTGCAGTTCCGGCTGATTTGGGACATCGCGCATGTGTACAGTCAGCGGCCTTCCCTGAAAGACCTCGGATTTCTGTACAGCAATGTTTTCGTGACCGCGCTGGTCGCCTCCCAACTCGATGAAGCCGAGTATTTCGAGATGATCGAATCGGTCATCACTACGAGCATCGGTTCGGCGGTTACTTTCGTGCCGGGCACCGCGCTCATCGTGAATTCTGCCCTCAACGGCACCTCAAACGCTTTCCTGACTCTGCGTATCGGCATGATCGCGCAGGAATACTGCAGCGCTATCGTTCGTCCTGAGCGCCGTCTGCTGCGCAACTCCGCAACGGTAAAAGCCGCCCGCATGCTCGGCGTAATCGCCCGCGACGCAACCGCCGACCTGATTGCCATGACCGGCAAAGCTGGCATGAACAAAGCGGGTCAGGCGGGAACTGCGGTTGGCGATTGGTTTAAAGGGTTGTTTAGGGGATGAGTTCAGAGTTCAGAGTTCAGAGTTCAGAGTTCAGAGTTTGGAGTTCAGAGT
CP027806.1_gap39	1012502	1013217	715	CGTCAAATACCACAACCATCCCGTTTCGGCTTCCGCTGCGCTGCCAAAGCCCGACGAGTACAAGGACCAGACCAATAGCAGCAATACCAACTGTTAGGATATAAAGCTCCTGTGCCCATGTCTGACTGTAAACGGCAGCGCTTAGTAACACGCCAAGCGCCATAATCAGCGGACCGTGCCGCAGTTTGGTGCCCGCACGTTCTTCCGAAGATTGCTCCGGTGTTTCAATTTTTTCATCAATGCCGAGTTGTTGCTTGTCATATTCTTCGAACGCTTCGAGTTCTTCCGGGCTGTATTCTTTGGTTTTGATAATGGTCCACATCACTGCGAGGAAGAAAATGATACCCCCGAAGTAAAAGGAAAACTTCACTGAATCGGGGATCATCCCTTCGGGCGCTGTATTGGAAATGCCAAACCAGTTGGTCATCATCCACGGCAAAAAGGAGCCAATAAATGCTGCAATCCCGATGAAGAAGGACTGCATCGCGAACCCTTTGGTACGCTGTTCGGAAGGCAGCATATCACCCACAAAGGCCCGGAAAGGCTCCATTGTGATATTGATAGAGGCGTCGAGAATCCACAGCATCCCGGCGGCAATCCACAAATAGGGAGAATTCGGCATGATAAACAGCGCCGCAGACGCCAGAATCGCACCGATCAGAAAAAAAGGACGGCGGCGGCCAAAACTGTTCCAGGTGTTGTCGCTGAGGTAGCC
CP027806.1_gap40	1078985	1083668	4683	GAACCCTAAAGGTTTTGCCCGCATGCGTTAAAGGAGTCAGTTACCTTCCCACAATCATCCTGTCTATCCTGCAAATCCTAAAAATCCTGTTCAAAAAAAGAGCGGCCATGATTTGGGATTAGGTAATTGAGAATTTCTGATAAAAACAACAAACTGATGCGTTTTGTTTTCGGATGAGGCTTCAAACGAGTTTTTCCAATGCCCGCGATGATACTTCATCTCAGCGGAAGGGGGGCTTGAAATGTGTTTTCGGCAGCTGATCAGGGTTTCTATAAAATCGTCGGAATATATCACAACAAAAATGTTAGCCGGCAGTGAACTCAGGTTGACTTATTATCTGAATTTTAATTCAAAGAATAAATATCTGTTCACACCTTCCCTGAAAATCCCCCTACCCGCTTACTTCTTCGCCGTGGCCCCGGTAGTAGATTTTGGAGTGCGGGGCTACGCTTTCTGTTATCCACACATTGCCGCCGATGACGCTGTGATCTCCTACGGCGGTTTGCCCCCCGAGAATGGTTGCGCCGGCGTAAATCACAACATGATTGCCGATGTCAGGGTGTCGTTTTTTGGAGGCGTCTTCTTTGCGCACGCTCAGCGCGCCGAGGGTGACCCCCTGATAGATTTTGACGTGCTCACCTATGCGGGTCGTTTCGCCAATCACAATGCCGGTGCCGTGATCAATGCAGAAATGCCGGCCGATGCGCGCGGAAGGGTGAATGTCGATGCCGGTTTTGCTGTGTGCATTGGAGGCGATGATGCGCGCGATCAGGTGAAGCCCTTTTTCGGTGAGGCAGTGCGCGATGCGGTGGGATGCAATGGCATAGAAACCGGGGTAGGTGCGTACTACTTCGGTCAGGCTTTTTGCTGCCGGATCGCCATCATACATGGCCTGAATGTCTTCAAGAAGCATGTCGCGGATTTCCGGCAAACTCCCGAAGAAATGCCGGAGTATGGCGTCATCTTCCGAGGCAATGCGGTTGAGCCGCCGGGAAAGAATGTAGCGGAAGTCCGTTTCCAGCTTGCTGTAGGCCGCGCGAAAGGCGTCTTCGTCGGAGTAGGTTTTCGTGCTGGTATCGGGGAAGAGGAAGCCGAGCAAGCGGTTGAAGAAATCGGCTACGAGGGCCGGTGAGGGACAGCGGGCCGCTTGCTGATGCTCGCGGAACAGGGTTTCGAGAAAGGCGTCGGAGGACATCTTGTTATTGGAATAAAGAAAAAGCCGGATCGCCCGGCTGATGCGGGGTTTAGTCTTCAAAGATAACATCCCAGCCGACGGGGATGTTCGGATCCAGGCTTGCCCCGACAGAACAGTACTTTTCGACCGCGAGACTCACGGCCCGCCGCGCTTTTTCCTGGTTCAGCGCGCCTTTGAGGGTAAACACCAGCTGAATATCGGTGAAAGGCTTCACATCTTTGCCTTCACCGCGCCTGCCCCGCGCACTTACGCGCACGTCTTCCAGCGGCTCGCGCTGTTTTTTGAGGATGGCTACGATGTCGAACACACTGCAGGATGCGACAGCGGTAAGCAACAGCTCCATCGGGCGCATGCCTTTGCCTTCGCCCCCAATAGCTGCAGAGCCGTCAATTTGTACGGTGTTGCCGTCTGCGTTCGAGGCTTCAAAATGGACGTTGTCGTTGCGTCTGTGTAGGGTGATTTCCATGATTCGTTTTTTTAAGATTGGGGAGGGGAACAGCCTGCATTACAGCTCGGTCTGAATCAGCCGGCTGACGAGGCGGCCAAAGTCTTCCTTCCGGTTTTCGGCGGTTTCCTTGACTTCGCTGTGATCGAGTTTGCCGGTGCTTACGCCGGTCGCCATATTGGTTACCAGGGTGATGCCGATGGTGAGTATGCCCAGGCGTGTGGCTTCAGCCAGCTCGGGAGCCGTGCTCATGCCGACGACATCGGCGCCCATGATGCGGAAGGCGCGGATCTCGGCCTTGGTTTCGTAGGTCGGACCGCTTACGTACAGGTAGGTGCCGTGCTGCAGTACGATGCCTTCGTCGGTCGCAAGCTGGAGGATGCGGCTGCGCAGGGGGACATTGTCAAAGCGGCGCGTTGCTTTTGGCGTGCCGCGCAGTCCGTAGCTCAGGTTCGGTCCCATGCAGTCGGTAATCAGCAAGAGGTCTCCCACCTGCAAACGTCCGCTGATGCCGCCTGCCGCGTTGCTGATAATCAGTTTCGGAATGCCCAGCCGGTGCGTGATGTGCACGAGGGCGAGCGTCACTTCCATAGGGTAGCCTTCATAGCTGTGGAAGCGTCCGCCGAAGGCCAGCACTTTTTTGGTGCCGATGGTGCCGTAGTGAATGGTTCCGGCATGACCTGCAACACTAACCGTCGGCATGCCGGGTAGTGTTGCATAAGGAATGTCCAGGCGGTTTTCCAAAAGTGTGGCAAAATCTCCCAGTCCCGATCCCAGAATTACGGCGGCGTCAGCGCCTTCAATCCCATGTTTTTTTAGTCCTTCGAGTATGGACTCAAGTTTAACCTGCTTCATAATGAGGCGCTGTATTCGTGATTTGATACCCCTTCTCGTCATCATAGCCGGAAAGCCGGAACAGGGGGTGAACCGTATCGTGATAGGCCATGAGGATGGCGTTTTCCTTGTAAGCCCGTTTCTGAATTTCTTCCCGCAGCTGCATGCTGCGCTTGCCGTCGTAGTCGTATTTGGCCGCATAGCGCCGGTTTACGGCACCGCGCGTTCCGAGCACATCCCCGGCCATAAGCAAAAGCTGATCCTGAAGGCGGATTTCTGTCATGCGGCTGAATTCGGTATGTCCGCCAATGCAGTAGCTGCGCACGTACTCGTTGATCTGCACATCGTCGTCCATCAGCTCGAGATCGGCGCGGGCTTCTATAAAATTGACAAACTCGGCATGCGGTACTTCTTCATCGGAGGTTTGCTGCATTTTCGCCCACTCCTTTTCCGAGGCCCAGATGGTTGCGTCGGGAAAGGTCAGCTCCCAGTAGCCGTTGGTTTGGTGCGCAAGGCCGCCGATGTGATCGTAGTGCAGGTGACTGCAAATGACATCGGTGATGTCGCGCTCGCTCAGGTCCAGCTGATCCAGGTTGTTGAGGAGGATGGCCGTGTGGTTTTCCAGCCCAAAGGTGCCGAGACCGCAGTCGAGGAGCATGTTGCGGTCGGGCGTCTGAATCAAAAAGGGGTTGAGCGCAATTTTGAGGGAGGCTTTGCGCGGCGGATCACCCGGGGCGATACGCCGGAATTCTTTGTCCCATCCGACCGAAAATACCCCTTCATGCAGCGGAATCACTTTATAACTCATGTCAGTGGCTTGGTCTGTTCCTGCTTTTGGGAGGCCGCACGTTCCTGCTCCGCTTTTTTGAGGCGGGCTTCTTCCTTCTGTTCGTGCCGCTCGTAGGCCGAAATAATCTGCCGGATCAGCTTGTGCCGCACCACATCGCGCTGATCGAGGTACACAAACTCGATCCCTTCAATGTTCTGGAGAATATGCTGAATGGAAATCAGGCCCGATTGCTTGAGCCGCGGCAGGTCGGTTTGGGTGATGTCCCCTGTGATAATGGCCCGCGAATTGAAGCCGAGGCGGGTCAGGAACATCTTCATCTGCATGTTGGTCGCGTTCTGCGCTTCATCCAGAATCACGAAGGCGTTGTTGAGGGTGCGGCCGCGCATGTAGGCGAGCGGGGCGATTTCAATCACGTTTTTGGTCATGTTGAGATCGAGCCGGTCTTTATCGATCATCTCTTCGAGCGCGTCGTAGAGCGGACGCAGGTAGGGATCGATTTTGTCTTTGAGGCCGCCCGGCAGAAATCCCAGGTTTTCGCCCGCTTCCACGGCGGGACGCACGAGCACAATTTTTTTGACTTTTTTCTCTTTCAGGGCCTTTACCGCAATGGCAACCGAGGTGTAGGTTTTTCCGGTACCGGCGGGGCCAATCGCAAAAACGATGTCGTTTTTGGCGGAAGCTTCCACTATGCGCTTTTGGTTCGGCGTTTTGGCGCGGACAACTTCGCCGGTGTGCGTGCGCACAATGGTTTCGCCGTCTTCGGGAGTGGGGGCGTTGTCATCGGCGAGGCGTTCCCCCAGCTTCATATTGAGGAGGGTGCTCACGTCCTGATCGGTTACGGCCTTGTTGCGGATGGCCAGCCGGATGAGCCGGTTCACCAGGTCGTTGATTTCGGCGAAGTCTTCGCTCGAGCCCGAAATTTTGATTTTATTCCCGCGCGCTGAAAGGGTTGCGCCGGGATAGGCTTGTTCGATTTTTCTGAGGATACGATCCTGAATGCCAAATACGAGCACAGGTTCCACATCCTTAATTTCAATGGTTTGTTCTATCAATGGGCAGGGGAAAAGGGATTTATGAAGAGGGGTGAATCAGGATGAAATCAGCGCTTCGGGTGAATCATTCCAACCTACGCTATGCGAGGTCGGTGCTGCCGATAATGGTCTTCTGCGTGAGCCGCTGAATGCGCTCCTTCCGGTCCTGCGCGCCAAAAACGCTGCTGCCGCACACGATGATGTCGGTGCCCGCACGGGCAATTATCTCCGCATTGTCCACCCCCGCGCCGCCATCGATCTCGATGAGGAAGTTCAGCCCCATCTGCCGGCGCCAGGCTGCGAGCCGCTGTATTTTCGGAATGCTTGCTTTGATGAAGGCCTGACCGCCAAAGCCGGGGTTCACGCTCATCACGCACACCAGGTCAAC
CP027806.1_gap41	1086549	1090183	3634	AGGTCGAACTGATTGAGGCCGTAGGCGCCGCTGATGAAGAAGCGGCTCGGGAACAGGTAAAAGGACTGAATGTTGACGCGCAGCTCGGCACCGATTCCGGTTTTGAGGTTGTCGCCGATGTCGAGGGGGCCGCCCCAGCCGTTGCCGGTTTCGGCGAAGAAGCGCGCGAAGACTTTGTCGAGGGTGAAGGCGCCGCGCTGCCGGTTGATGTTGGTGAACAGCGGCTGCATGACGGAGAATTGGGCGAAGGCCGTGCGGTTGCCGCCCAGGGCGAAGAAGGGGTAGCTGCGCATGCCGTCAAAGCCGCCGATGTAGTCGAGGAAGAAGTATTCGTCGGGGTCGTCGAAGTAGGAGAACAGGCGGGTGCGCAGCTGCATGACGCGGTTGAGCGGACCGAGGAAGCCGTAGCGGGCGTCGAGCTCGACGGAGTGATTGCGGTAGGTGTTGTACACGGGGATGAGCGTGCCGTCGCGGATTTCGTAGCGATCGAGGAGGCGCCCCGGCTGATAGTTGTAGCGGATGTGCCCGCGGAAGCCGATCGGGGAGATGTCGCCGTGCCGCCAGGGCAGGTAGGCGTCCACCACGTAGGCGGCGGTGAGGGTGTTGCCGATGAAGTAGCGCGCCGTGGAGCCGGGCACAAAATCGTTGAATTCGTTCGAGAAAAAGGACTGCGTTGAGACGCGGTAGGGCGTGTGGTGCCAGCCGACCTGCACCAGGCTGAAGCGGTTGAGCTTGCTGTACAGGTTGATTTCGGCCTGCCAGATGTCGTAGGCGATGTCGATGGCGGTCGTATCCGGCAGACAGGCGGTGCAGGGGAATTCTTCGATTTCGAGGCCGTTGCGGACGTTACGGCGCAGGTTGTAGAGGCCGATTTCGACGGTTGGCGACCAGTGCCGCTCGATGAAGGGCAGGCCGGTGTATTCGGCAATCAGGAAGAGGTCGCGGTCGAGATCAACCAGGCGGCCGGGGCGGAAAAATTCGTTTACGGTGTCGGCGTCGCGGGAAGCCGGTCCCACAAGGAGTCCGCCGAAGAGGGAGATTCGGTCCAGCATTTCCCGCGAGCTCATGTAGAACCCGACTTTGGCGTCCCGGAGGATGTTGCGGCCCAGGTCTCCGAAGTTTCCGGCCTTGACCAGCGAGCTGTTGCGGCCAAACTCCTGCGAGTAGTTGTCGAAGCGGATGGTTGGCAGGAAGCTGAAGGAGATGAAGGTGTCTTCGTAGGAGATGAACTCGCGGCGGTCTGATTGTCCGCGGGTTTCGAGTTCGAACACGTGCGGGTCGCGGCGGACCTGCGCGTAGGTTTCCGCAGAAAACGGCGTGATGTCGGTGTCGTCGAAGGTGTTGAGCGGGCTCAGGTCACGGGCGCGTGGACGGGGGCCGAAGGCAGGCCGCGCAGCAAGGTCGTGACGCTGATTGTGGGTCAACAGGGTCTCCACATCGGCACGGCGGATTTTGTAGCCGGTTGACGTGAATTCCGAGTAGAGCAAGGCGCCCGCTTCATTGACGTGCGGCTGGAAGGCCCCGCCAATTACATCGGTGAGCTGCACCAGCGGTCCGCCCTGTTCGAGATCATAGCGGTAGATGTCGAATTTGTGGTTGAAGTCGGCGGCGAGGTAGAGGAAGCGGCCGTCCGGACTCACAAAGGGATCGCGGATGTCGGTATCCGGCACTTGCAGGATGACTTCGTGCGGGCCCGGCGTTTGGGCGTTGAAGCGTACGATGTAGCGGCCCCGGCTGTGATCGCCTTTGGCTGCGAAAAGCTGCGTGCCATCGGGTGACCATACGGGGTTGAAGAGCTGTTCGCTTTGGTCGAAGGCGCTCAGCTGTTGGGTGTCGCCGGTCTCAGGATCAATAATGACAAGGTTGAGGGTGCCGTCGAAGAGCTGCAGGGCGGCAATGCGGCTGCCGTCGGGCGACCATGCGGGTTCGTGCAGCCGGGCGTCGCGGGTGAGCTGTTCGGTCCGGCGGGTTTCCGTATTGAAGAGGTAGAGGTCGCCGTAGGTTTCGCCGAAGCGATTTTGTTCGATGAAGCTGTATGCGACCTGCGCGCCGTCGGGCGAAAAGGTGTAGCCGCTACTGATCCGGCTGATGAGCGGGCGCGAGTACATGCCGCAGCTGTGCCGGAATGCGCCGCCCTGTGTTTCGCCCTGAAGCCGGGGGGCACCGACGAGCTCGCTTGCGTCTCCGTTTTCGTCCAGCACAATGAGAGCGGTTCGGGGGAAGTCAAAAAACTGATTGCTGAGAAAAGCTACGTTTCCGTCGGGCGTGAACGCGGGCTGCAGGTTGATGAAGCCGAGGTCGTACACCGGTTCGGCGGGACTTTCGTGTATGTGCGCTGCGAAGTCGGTGTAGGCCGTGCGCAGGCTGTCAACCCATTGCTGATAGAGTTCTTCGCCGGGAATGCCGGTCGCGCGGCGCATGGCCCCGCGGATGTCGCGGCTGTTGGCCAGCTGCCGGGTGATTTCAGCAATGACGTCTTCGCCGAAGCGGTCGGCGAGGTGCTGTGTGAAGGCAAAGCCCTGATTGTAGGAAAGCTCCCGCTCCATGCTGTTTTTGGAGGCAAAGTGCCCTTTTTCGACCAGGCCAAGCTCGTTGCCGTCGAGTATGCGGGTGCGCAACATCATGTCGCGGTGACTGTCCCAGTAGTCGTAGAGCAAGCCTTCGGTCATGTACTGCGCGGTGCCTTCCGCAAACCAGGCAGGCACATTCACGCTTGAAATCGGGAAGCTGACGATACCGGAGGGGTAGCCGTAAAGCACGTCGGGGCGCCGTACGTTTTCGTAGGAAAGCCACTGCAGGTAGGTGATGGGCCGCGTGCGGCTGCCGCGCATGGACGCCTGAATCTGAACAATGTGCACAAGTTCGTGCGTGATCACGTTGCGCAGCCAGTTGTTGGTGCCGCGGAAGGGGGTATCGAGGGAGGGCAGCCAGATCTCAATTTTGTTGTCGAAAAAGTAGGCCGCGCCGTTGGAGTAGTCTTCCCGGTCGATGAGCACAATGCTGAGCGGGATGTCGGGCTCATAGTCGTACAGCTCGGTGACGTCTGTCCACACTTCTTCAGCTATGCGGGAGATGACACGTGCCGGGCGGTCGTTGCCTTCCTGAAAGTGAATGAGGAAGTGATCGCTCGTAATCGTGTACCAGTCCAGGTGATTGTGCGGGTAGTTGAGAAAAGCCGGTCGCTGTTGTGCCTGCAGGTGCTGTGAAGCGCCTGCCCCCATGAACAGCAACAGAATCAGGGTCAGCTGTTGCAGAAAAGGGACGGGGTTTGGGCGGGAGGAAGTTCGGTTCATGCGGTTGGAAAACGGAGTGAAGGGGCGGCTAACGAATCACGGCTATGCGGATGAGCTTGGTTTCTTCTCGCCCGTTGGCTGAGGCGCGGACGCGGGCGTAATAGGCACCGCTACTCCAGCCCGAGGTGTCGATAAGGACTTCTTCGGGTACGCCGCCGCGTGCCTGCAGCCGCTGTTCGTACAGGCGGGTGCCGCTCATGCTCAGAACGGTAATGGTGATGTCGGCTTCGGTGCTGGTCTGATAGCGGATGAAGGTTTCGTTGCTTGCGGGGTTGGGCCAGTTATAGGTTTCACCGGTGTTGAGGAGACCGAATTCAGGCAGGGACAGGTTGGGGTCCGGC
CP027806.1_gap42	1091932	1096243	4311	AGCTCCACACCTGTGCCGAAAGGGTCGCGGTGCCGGTTTTCAACCAGAAAGTATTCGTCGGTTGAAATGCGGTGCCGCGCAATACTCTGGGGCTGACCCAGCGAAGCGGCGGGGAGCTGAATAGCGGAATCGTCGGTGAGGCTGATGTCAAAGGGGGTGTCCCATCCCATAAACTGACGCTCCCATGCCGAGGGCAGCGGGGGCATGAGGCCGTACCAGGCAAAAATACCCGCGCCGTCCATCAGGCCGAACTGACCGATTCCGGAGCGCCCGGTTTCCGTGTCAAAAAGATCGGGCAGACCGAGAAAGCTGCCGATGTTCGCCGTGAGTATACCGTTGATGGAAAGTTCAAGTACAAATTCTTCACCGGTTACATCTTCGCCCCGGCGGCTTTGTGTTTGGGGAAGGATAGCGGAGTTGGTGACCCGCACCCCGTCACGCAGCGGAATACCGTCGAAATCGGGACCCGCGTCGGATGAGAGTCGTGTAATAGATTCCTTGCTGAGGAAAACAGAGGGGATGTCCTGCGGGGTGTTGTCGAGGGTGGTGCCGGTAAGTTCGATGTCCCGCCCCGCTCCGGCATGGAATATCACAAACAGGGTGCGGTCCTGAGGCAGATGGCTGAGGTCGGGCAGGTCCGACTGGGCAACGAGGCTCCAGGTGTCGTAGAAAAGGTCTCCGAGCCGAAAGTTTTCGCTGTCATCAGGACCGGTTGGCGAGTATTCCCGCATGGGCCTGTTGAGCCGGTACACCTGCGGGAGTACGGTGAATTCGAGCTCAAGCTGTCCCTGTGAGGCTTGCTGGAAATAGTTGCGGGCAAACAGCAGGTGGGATTCGAAGTAGCTTCGATTATGGGGCAGCGGACCAATCGTGATGTCATCGCGCATAAGGTAGTCGAGCGCGAAAGTCCCGTTTCCGGAGGTGAAGCGGTTTTCTTCCGGTTGGAATTCGACCATGACCGCGAGAATGTGTACGGTGCCATCTGAGATGACCTGTGTTTCTGCCTGCCCTGACCCGTGCTGCGACTGAGCCGCCATAAAGGGCTGAAAGCGCCCGGCAAGTTCATCGGCAGGGATGGGCTGGGCAATCGTGAATGTACAGGGAATCAAAAAAAACAGAAGAATACCCGTAACAGATATTCTTCTGAATGTGAAGGAGTTTACGAACATGTAGGGAGCCTGAATGGAGTCAGATACGACAGGCGCAAAAAGCACCAATCCGGTAAATGGTGCGGACTGACCGGTAAAGGGGATGAGGCCGCAGAACCATCACCCTTTACCGGCAAGGCCGCATATAGGTAAGCGGGTGCGCTAAAAATTGAGCAGCACCGATAATCGGATGGTGTTGGCCAGCGGGTGATCTTCCCGAATGGTGTAGAGGTAGCTGAAGTCAACCCCGAACATGTTGTAGCGCAGACCGGCACCAAAGGTGATAAACTGACGGTCTCCGTTGTTGGGGGCTTCGTAGAAGTAGCCTGTCCGGATGGCAAATTGCTGGTTGTACCAGTACTCAACCCCAACGGCATACATGAACTGTTCTACGAGGGGTACTTCAACAAAATCCTGTCCGTCAAAGCGGGTGTAGGTATCCCAGGAGCGGAAGAGGGCTTCACCCACGCCCATGGCGCGTCCTGTAGTGTCGTTGCGGGCCATGATTTTGGATACATCACCGGCAAAAGTAAGGGTGTTGAAGCCGTCGTTATCGAGGGCAAGATCCAGGGCGAAACCGGCACGCAGAAGGGTTGGGAGCGGATCGGCCTGCGCGTCATCGGTGTACTGAATGGCCGGACCGATATTGGAAAGGTTGAAGCCGGCACTCAGGCGGGAGGTGCGGTCCAGGAGGTTGAACTCATTGCTGCGGTAAAGGGCAGCAAGGTCAATACCAACGCTTGTACCCGCTTTCGCGGTCTGACCGCCTACGTCGATATTCGGGGTGAGGCGGCTGTAAATAAACCGGAAGCCGGTGCCGATGGCCCAGTTCTGGTTGAGGCGGAAACCGTAGCTGAGTCCGGTAGCGAGTTCGTAGCTGGAAAAGCTGCGGATCTCGCGACCAATTTCGTCGGTCTGAATTTGCTCACCCAGGTTGAGGTAGGTGATGTGCCCGCCAATGGTGCCGATACCTTCGATGTAGGTTTTACCGACCAGGTAGTTGTAGAAAAGGTCGGTGTTGAAGTTGGGCAGCCAGTTGGCATAGGTGAGGGCAATCTGCGTTTCAGGTTCCTGAAAAGCAAGGCCGGCAGGATTCCAGAACACGGCAGAAGCGTTATCGGCAATCGCTACCCCTGCATTACCCATACCCGGCGTACGCGAATCGGGCTCAATTTGCATAAAAGGCACGGCTGTAATACCAACCTGCGCATAGGATGGAGCGATACCGGCAAGCAGCAATGCAAAAGCAGCTATATAAAAGGTTGAGAATTTCTTCATAAGAATGGAATGAATAGAGGGTGATGTATGAGAGTGCAGTAGCTGTGCGCTATAGGATTGCTGGGTTTATGTGTTGCGGTTTGAAATAAAGGAAAAAAGGTTTTGGAACAACCATTAAGGGTCAACGGATGAAACTAACGAATAATTACGAGACGCTCTATATGTTCCTGTGTTTGGCGCCCGTTAGGGCCGTCAGTGCGTACCCGCACGTGGTACAGATAGGTGCCGGCGGCAAGGCGGTTGTTATCATCATCGCGACCGTTCCACTCAAACATTTCCAGGTTGCCGTTGGTGATCCGGCTTTCGCGAATTTGCGCTACCGGCCTTCCGCTGAGCGTGTAGACCCGGATGAAGACATCCAGCGGCTGACCTACCGGCTGATTGTGTTCGAAAGCGAAGCGGGTGAAGTTGTGCATTGGGTTCGGATAGTTGTACACATTCCGGATGGCAAGCTCGTCGCCCCCGCTCACATCAAAGAAAATCTCGGTTTCGCCCACATTGTTGAAAACGTCCCAGGCGCGCACGTACAGCGACCATGCACCATCTTCCAGATTGTCCAGCGGGTACTCAATGCGGCCGCGGGTGAAATCGTCGAGCGCGCTGGTGTAAAACTCGTTAAGAATGAAGGTGCGCTCTTCAGCCGGACGGTCGGCATTGCGGAGGGTACCGATGATTTCATGGCCTACGCCCGCGCCGGTTGTGTTCACCCCGCCTTCACTGAAAACATCTACCACTAAAGTGGGGTCACGGTTGACCAGGTTTCCGTTCACAAAACTGTCGTCGTTGAGGTAGGCGTCGAGCTGCGGGCCTTCGAAGGTGTTTACGGCGTTGGGGTTGATGCCGTTAAGGAAGAAGTTGGAGAAGGAGCCAACGGCATCCGATACGCCGGGATTGATCCCGTAAATATGAATGCGCGCAAGTGAATCGGAGTAGGCGATATCCTGCGGAACAATGAACTCGGTGCTGAACTGCCCGTCCGTAATGCTGACCCTGCCATTAAAGAGAATGTCGTTCTGTACGCGGAAGCCGCAGTCCGGCGACAGGAGGTTGCAGGTTACGTCAGGGTTGGGGAGCAGCTCCAGACGGGAGGCGTCAAACACCCGCAGTATGCCTTCTCCGTTAAAGCTGTTGTCGGTTGTGCCGCCGGTGCCGAGCACGCGCCCTTCCACAGAAACCCGGTCAAGTGAGCGCAGCTGCAGCGGTGCGTTGGATGTGCTGACCGGTAGTCCGTTGATGGCGGTGATTTCCATCTGTTGCTCCGGAAGTCCCATCGACATGGCCGGATCGCCCAGTAGTACGAACTTGCGGTTGTTAATGCTGTTGCGGTTGGCGGCTTCGTTGTTATCGAGGATGAAGTTTTTTGTGGTGCGGTACACATCCCCGATTGTGCGGTTGCTGCCGTCGGGGTTGCGCATGACCATTTGCCGGGTGAGTTCGATGTGCAGGGCGAAGTTGTTGTCCTGCGTTTCGTTGGGGCTGGAGCTCGTGAACACCACGCGGGAGGTCGTCATTGCGGCTACGGAGCCGCCATTGTCGTGGAGCATGAGCTTCTCTGCGCCTGAAAAGTCAACGTTGTCGTCGTAGCGCCCGAAGGAGCAGGTCGCTGTGATCATAATCATGGGGCGCTCGCGGTTGGTGAGCCGGGGAATATCCGAGGACTGAAACAGCCGTTGCTGCGTGAGCACCTGTTCCGCACCGTGACCTGAAAAGTGCAGGGTGAGGGTTCCGGCATTGATCTGATTGACCAGCGCAGTCGTGCCCTGTGGTACCCGCCGCCCCGCAGGCGTATTTTCCAGCGGGAAGCTGAACTGATACAGCTTGCGAACCCGGATACCGGTTGCGTCTTCATCAATGGCTTCGGCCACAAAATCAGCGTTGAAGGTGT
CP027806.1_gap43	1100046	1102096	2050	CACGTTGCTCATGCTCTCCATGCCGCCGGCTACGATTACATCGGCTTCGCCGGTCTGGATTTGGTTCACGGCCATCATCACGGCTTTCATGCCGGAAGCGCACACTTTGTTGACGGTCGTGCAGGGGGTGTCGTAGCCGAGGCCCGCTTTGAGCGCGGCCTGACGCGCTGGCGCCTGCCCCATGCCCGCAGTGAGCACGCAGCCCATGATGACTTCCTGCACATCATTGGGTTTGCAGTTGGTTTTTTTGAGGAGTCCGGTGATGGCTGCCGCGCCCAGCTCAGGGGCGCTGAAGGAGGCGAGGCTTCCGCCAAATGATCCGATCGGCGTGCGGTAGGCGCCGACAATAACGACGTTTTTCATAATAATAGCTTCAATTTTTAGGGTGAATGAGGTTTCAGTGGTGAATCAAACAGTTGATATAAGTCAAAGATCCGATTCGTCGCGCCAGGAGCGGAGCTGCCAGTTTTCGGTCGAATCGGGGCGTTCCAGTACAAAATTTACGGCACCATCGGTGCGGATGAGGTCGGAGGCTTCGAGGGCGACCGTGAGGTCGAAGCGCCGGATGACCTGACTCCGGGTGCGGTCTTCGTTGATATCCTGCGAGAGGATGTTGTTCCAGCGAATCCGGATGTCCTGACTGTTAATGAACAGCCGGTAGGTACTACTCATTTCTTCGTTGCGCCCCCAGCTTATGTCAACATTGTTGTCGTAATCGCGAAAGGTGAACACGAAATCGCGGGCAATCAGCGGACCGTAGAGCGTTGTGTCGCGCAGCTGGTAGGCGTTTTGGAAGCGGGTGAAGAAGCCTTCAATGGTGGAAGGATCCCCGAGCAGGCCGTCGCCGTCGCCTTCTTCAAGGCCCGGAGCGAAAGGATTCCAGCAGCCCGCCGCGAAGAGCAGCACGAGCGTGACGGCGTAGAGGCCGAGCAGGCGTCGTGCGGAAAAAGGTCGGGCAGCATGGGATTCGGTTTCGCTCATGGGACAGTCGGAGGGTGTTAGCCCAGCGCGCGGAAGGCGGTTTCGAGGTCTTCGAGCAGGTCGCCCGCGTCTTCGATGCCGCAGGAGAGGCGGATGAGCGAGTCGTTGAGCCCGGCTTTGTGCCGGACATCCGCGGGGATGGAGCCGTGCGTCATGCTCGCCGGATGGCTGATGAGCGACTCGACCCCGCCCAGGCTCTCGGCGAGGGTGAACAGCTTGGTGTGCTGCATGAAGGTGTGCGCGCTCGGGATGTCGTCCTGTTTCAGGGTGAAGGAGACCATGCCGCCGAAATCCTTCATTTGTGATTTCGCGACTTCGTGACCGGGGTGCTGTTCGAAGCCGGGGTAGCGCACGCTCTTCACCAGCGGGTGATTGCGCAGGTAGCGGGCGACTTCGCGGGCGTTCTCGCAGCTGCGCTCGACGCGCACGGCCAGCGTTTTGATGCCGCGCAGGGTGAGATAGCAGTCCATCGGACCGGGAACGGCCCCGGTGCTTTTCACCTGAAAACGCAGGTTTTCGAGTATGTCCTGATGCGAGGTTGCAACCGCACCGCCGATCACATCGGAGTGTCCGCCGAGATATTTTGTGGTTGAGTGCAGCACGGCGTCCGCGCCGAGTAGCAGCGGCTGCTGCAGGTAGGGCGAAGCGAAGGTGTTATCGACCACGGTCAGGATGCCCCGGCTTTTGGCCAGCTCCGTGAGGGCACGGATATCCACGATGTTGAGGAGCGGATTGGTCGGGGTTTCGATCCACAGCATTTTCGTTTCGGGACGGAGGGCGGCTTCGACATTTTCGGTGCGGGTCATGTCCACAAACGAATATTCGATGCCGAAGGGGGCAAAAACCTGCGTGAACAGCCGGTAGGTGCCGCCATACAAATCGTTGGAGGCCACTACGTGATTGCCGGGGCGCAGCATTTTCATGAGGGCATCCATGGCCGCGCAGCCGCTCGCGAAAGCGGCACAGGCGTCAGCTTCTTCGATACCGGCGATGAGCTGCTCAAGGGCGGTCCGGGTCGGGTTGCCGACCCGCGCGTAATCGTAGCCCTTGTGCATATCCGGGGCCTGCT
CP027806.1_gap44	1172776	1174592	1816	CTCAAGCGCCTCAATGAAGCGCTCGAGAAGCCTGAAGCTTCAGGTGTTGGTATTATCGCCCCATCTGATTTCAGATGGTTAAGCCAGGTACCGATAACCCAGGTTGCTGCAAGTAACGGAGTAATTCTTCAGAACCCCGGCTATGCCGATGACGAAGATTAATCCCTTTCCTTATAACCGACAAAAAGATTTAGACCATGTTCAATAAACTGATAATTCTCGTTGGTTTTGCAGTTGCCGGACTCATGCTTACTTCCTGTTTCGACGATAACGTCATTACCTATGATGGTCCGTTGCAAATGGAAATTAAGCCCGGGAGTGTATCTGCACCCAACATTCAGCAAGGGCAGCCCATTGTAGTGAGCGTTCAGCTCATCGGGCCACTCCAAACGGAGACCCATACCGGCTCATTTAACTTTGTTCCGGATGAATCATTCGCAGTTGTATCTCAAAACAGCGCAACCGAAGATGAAGGTGATTTCCTGTACGATATTGAGTACGGTACACACTTCCTTCTCGATGGTTGTGACTTCACAAGTACAAATACCTGCGAATTTGAAATCACACCCGCTGATAGCCTCGTCAAAGACTTCGTGTTAACATGGAATCTTGACAACATCAGAACAAGAAGCCGTAATACCGTTATTTTTGAACTTCAGGACGAACCCGCTGGCGCTTCCTACCAGGTTGCTCCGAATTTGGTTCGCAGCGTTGTTCAGGGTACACGCGGTAACAACTAATTGACAGGCTGATATAAACAGCTTTGTTTGTTAAGAAGCCGCTTCGTGAGTCTATTCGCGAAGCGGCTTTTTTTATATGCGCCTTTCTGGGGAAATAACCTAGTTTGTACCTTATTAACCGTCACATCAGTGAATATCAAAACAATCTCCGAAGCCTTACGTTTGCTGTAAATGCACTAAGAATGTAAACCCAGCACGGTAATGTAATTCCTTGCTAAGTGAATGTTTCAGAGTGCATATATGCTTATTATTAAGTTGCCAAAAACAAATATTACTTAGTCTATGCTTTACTCCCGTTCTATACTATCCCTCTCACTGCTTATTGTTTTTTTTGGTGTTACTCCTGTAACAAGCACAGCCCAGGATGCCGGCCAAAGAGCCAACACCGATAATCTTTTACGCGGAAATTCGGTCATCATTACTTCCCCTTTACGTGCTACGGGTGTAGTTGGCAGTCCGTATTTTTCTGATGCCTGGCTCGCTGCTGATATCCAACTCAACAATGGTCAGGTGCTTGAAGAAGTCCGCTCCCGCTATAACGTTTGGAGCGATGCCATTGAAGTTGTACATCGTGCAGATACCCTTCAGTTAAGTGAAGTGCTTGTTCGCGGCTTTACTTTCATTATGCCGGGCGGCCATGAAGTTTCCTTCCAAAACCGTGTTGGCGTAATGCCCGGTGAATTTGGCCGGAATGCCTATCTGCAGGTGTTATATGAGGGCGAGCACGCCGGCGTTTTTAAGCGACATACCAAAGTGATCCGCGAAGCTCAGCAAGGTGCTTCAGGATTTGGGTTTGTAGAACGCCATGATTCAATCGAGTCTCGTGAGATGCTGCTGTTCCAGGACGCTGATGGCGAATTCCACCGCGTGAGGCTAAACCGTCGTAACGTGCTGCGCTTATTTGGTGATCATGACAGCGATATACGTGCCTATGCAAGGCAGCACAACCTTGATTTCAGGTCCGAATCCGATTTTATCCGCATGGTTCAGCAGTACAACAGTTTACTTTAACGCCATCCCCTGATTTTCATTAAAAAGTATAAAGCCGGTCGCTCCCTCTTTCAATGTTGGGGCGA
CP027806.1_gap45	1277513	1278663	1150	GGGCACAAAAAGTACCGGCAAGAAAACGACGATGGTTGTGAGCGTGGAAACGATGATGGGCCCGGCCACTTCCTGCGCGCCTTTTACGGAGGCTTCGTCGCCTTTGTAGTTGTCTTCGCGGAAGCGGAAAATATTTTCCAGCACCACCACCGCATTGTCCACCACAAGACCAACTGCGAGCGTGAGTCCGGAGAGCGAAATAACGTTCAGGGTCACGTTGCCGAAATCCATAATACTGAAGGTCGCAATGATGGATACCGGGATGGAGATGGCAACAATGAGCGCGGTGCGGAAGCTGCGCAGGAACAGCAACAAAATGGTGACCACCAACCCAATAGCGATCAGCGCCGTGATGTAAATGTTGCGGATGGAAAGTTCTATGAATTCGGAGCGGTCGGTGAGCACATCAAGCGTTACGCCTGCAGGAAGGGTTCTGCGGATGTTATCGAGCTCGTTTCGTACATTTTGCGCGGTCGATACGATGTTGACATCGCTCTGACGGTACAGGTTTACGATAACGCCGTCTTCCGCCTGCACGCGCACATTTCCGATGGGCTGCCGCACCCCGTCTTCCACTTCGGCAATATCCTGAAGCCTGACCGGCTCTCCGTCGCGAATACCTACGATGGCTTCGCGGATTTCTTCAATATTCTGGAACTCACCGGTTGTTCGAAGCGAGTACACCAACCGGCCTTCAATCAGCTCTCCTGCAGGGATCTGCACGTTTTCCTGCCGCAGCCGCTGTGCTACCGAGCCGATGTCGAGGTTGTAGGCCAGAATCTGATCGGTGTTCATCCAGATGTTAACCTGTCGTTCAAGTCCCCCGCTCGTTTCGGCTGAAGCTACGCCCGGAATGCGTTCAAAACGCTGTTCGAGCTGTTGGGTGGAAAAGGTTCGGAGTTCAACCGGGCTGCGGGTGTTGGAGCTCAGGGTGAACACCATCACCGGTTCCTGATTCGGGTCGTAGGCAAAGATGATGGGCTGATCGGCGTCGTCGGGTATTATGCGCCGGGCAAAATCTACCTGTTTTCGTACATCATTCTGGGCTACAAAAAGATCGGTTCCCCAGTTAAAGTAAAGCTTGATGACTGAGGAGCCCTGACTTGACAGCGACCGGACCCTGCGCAGGCCGCTGATACCGCCAACAAGC
CP027806.1_gap46	1346162	1348432	2270	ATCTGGTGATGGAAGTTTCTTCACACGCCCTCGATCAGAAGCGCACCGACGCCATTAATTTCGATGTTGCGGCCTTTACCAATCTGAGCCATGATCATCTTGACTATCACAAAACCGAATCCGCCTATCTTCAGGCCAAGAAAAGGTTGTTTGACGGACTTTCAACCGACGCCATCGCTATCGTGAATGCGGATGACGCAAGCGCCGCCGAAATGGTGCGTGATACACAGGCTGCCGTCTGGAAGATCAGCATGGCTGAAGGCGGACTCCGCGTGTTGCGCAACGACGCCCGCGGTATCGAATTCGAAATGGACAACACCCGCATAGCTTCACCGCTGAGTGGTCATTTCAATGTGTACAACCTTGCGATGGCTTGGCTGATGTTGCGCGCCTTCGGCTGTACGGCCCAAAACGCCGCTTCCGCCCTGCAAAGCTGCAGCGGAGCCCGCGGACGGCTCGAGCGCGTGCCGCAGCCGGTGCCGGAGCAAGCCCAAGGTTCGGGACCGACCCGCGAAGCCATCACCCTACACCCGCTGCCCGAAGTATTTGTGGATTATGCGCACACGCCCGATGCGCTGCGGAACGTGCTCGAAACCCTGCGCAAGATGGCAGCACAGCGGCAGCTTACCGTCGTTTTTGGCTGTGGCGGGGATCGCGACAAAACCAAGCGGCCCGTCATGGGGCACATCGCTTCTGGTATTGCGGATGTGGTGATTGTCACTTCCGACAATCCGCGCAGCGAAGATCCGGATCAGATCATGCGGGATATCCTTGCCGGTGTGAGCGGAGGCAGCGCTGAAACGCACACCGAAACGGATCGTCGCGCCGCAATCGCGCAGGCCATTTCGCAGGCACAGCCCGATGGCCTCGTACTGATTGCCGGCAAGGGCCACGAAACCTATCAGGAAATCAGGGGTATTCGCTACCCGATGGATGATGTCGCGCTTGCTGCGGCAGCCCTGCAAAAACGTGCTGAAACCGCGCGCGCTACGTCTTCACAAGAACAACCCGCTAGCCGAAAGGAGGCTTAAGATGCTGTATTTGCTGCTTGATTACCTCCGTCAGGAGTTTGGGGTGCCCGGTTTTGGGGCGTTCGGATTTATCACGGTACGTGCCGCCATGGCGGCGGGCATGGCGCTGATTATCAGCATCATTTTTGGTAAGCGCATCATCCGTCTGCTGCAGCGGCTGCAGCTTGGGGAAACCATTCGCGAAGACATTGGTCTTGACAGCCATAAGTCCAAGGCCGGTACCCCGAGCATGGGCGGGCTCATCATCATCCTTGCAGTTGTGGTGCCCAGCCTGCTGTGGATGAACCCGACGAGTATTTACAAGTGGTTGATTTTATTTGTAGTTATTGGTCTTGGTGCTGTTGGCTTTCTGGATGACTACATCAAAATCATCCGGAATCAAAAGGAAGGGCTGCTGGCCCGTTTCAAGCTGATCGGGCAGATTTCCATCGGGCTCATTCTCGGGGCCTTCCTCTATTTCTGGCCCGCTTTCAGCGATTACAACACGATCACGACCGTCCCTTTTCTGAAAGATGTAAACCTGAACTACGCTTTTCTGGGCGATGAACTGGGGTGGCTGATTTACATCCCGGTTGTGGTTTTCATCGTGACCGCGCTGAGCAATGCGGTAAATCTCACGGACGGACTCGACGGTCTTGCTGCCGGTACGACGGCCATCGCGGGCATGGCGCTGGGCGTGCTGGCCTATGTGTCGGGCCGGGTAGATTACTCCGGTTACCTTGACCTGCTTTTCCTGCCCGGTGTGGGCGAGCTGGCCATCTTCTGTGCCGCACTGGTCGGGGCCTGCTTTGGCTTTCTGTGGTACAACACCTATCCGGCGCAGGTTTTTATGGGGGATACGGGTTCCCTTGCGCTTGGCGGTACCATCGGGGCAATCGCGCTAATGGTGCATAAAGAGCTGCTGCTGCCGGTGTTGTGCGGGGTCTTTTTGATGGAAACCGTCTCCGTGATCATACAGACGACATATTTCAAATACACCAAAAAACGCTATGGCGAAGGGCGCCGGGTTTTTCTTATGGCGCCGGTGCATCATCATTTTGAGAAGCAGGGCTGGCAGGAGCCAAAAATTGTAGTCCGCTTCTGGATTATTGCCATCATGCTGGCTGTCTTCACCATTATAACACTCAAGTTGCGATGAAAGAAATCAGCGGAAAATCAATTGTGATTGTGGGAGGTGCCCGCAGCGGTGTGGCTGCCTCCGTACTGCTCAAAGGCATGGGGGCAAAGGTGTTTGTGACC
CP027806.1_gap47	1547770	1548659	889	GAAGCACGTCAAAGGTTTGTCTGGATGACCCGCTATCCCATCCATAATTATAACATTAACGTGACGATGGGGATATTTGAAGAAGTACGTACGGCCTACCTCACGGAAGTTGGGGACGAGATGCCGGTGGTATTTTATGTATTGGAGTCGTATGCGCATGAGGGTCCGCAGTTGTTAAAAATGACGCTGCAAAAGTTGTATCAGCTGAGGGCGTATTACGGGGAATATGCCTTTACCACCGAGAAGTTCGGTTTGGTACATACTCCGTATCTGGGCATGGAACATCAGACCATAAATGCGTACGGCAATGATTTTGAGTATACAGTAATTGATGACCGCCCTTACGACTGGCTTTTGCTGCACGAGATGGGACATGAGTGGTGGGGGAATGCTGTTACAGTCCGTGACTGGGCAGACTTTTGGATTCATGAAGGCATTACAACATTTACGGACGCACTGTTCCTGTGGGATTTTTACAGCCCGGAAGTGTATTATGATAAAATCCGTGAGTATGTGGGCTTCATCCGGAACCATCAGCCTATCATTCCGGGCACGGATGTAACTTCGGCTGAAGTGTATAACCATGATGTATATTACAAAGGCGCCTGGTTTATGCACACGCTCATGCATGTGTTAGGGCGCGATACTTTTCTGGAGGCCATGCGATCCTTTGCTGTCTCAAACAGATACGGTTACACCGATACGGATGCCATCCGTGCGTACCTGCAGCTTTATACCGAAATCCCCTTAGCTCCGCTTTTCGAACTGTATCTGTACCAAACAGATTTACCGCGTTTTGAGCTTCATGAGGTCAGCGATCAGACCTGGGCCGTTTACCTCAGCGGGGCTGAGCTGACCATTCCGGTTGAAGTGCGCACCTCAGCCGGCG
CP027806.1_gap48	1559796	1562149	2353	TTCCGCTGATTTCCAACTACACTACGTCTGAGTATGCGCTGCATATTCAGAATTGGGGCTTTGATTCGGATGCAGACGGTAATCTGGCTGTGGCCAATCAGGGGGGATTTATGATTTATGACGGGGTCCGCTGGCAGCCCTATACGCTGCCAAATGCAACAGTTTTTGCGGTAAAAAGCGGGCCCGGAGATCGCCTGTATATCGGTGGCAACAATGAGCTGGGCTATTTTTACCATCCGACCAACAGCGTGCCACGAAGTACCGGGCTGAGACGCTATAAAAGCCTGAGTCCGCTGCTTGAAGCGCAGGAAAGTATCGGCAATGTGTGGTCCGTGGAGATTTATGGGGATGAGGTCTTTTTCATGGCAGAGCGGTATTTGTTTGTGTATGACGGCGCTGAGCTTACCCGACACCCTGTGCCCGATTTTTTCTTCCGCATGGCCGCGACAAAGTCAGGTATTCTGTTGTACGATCAAACGGAAGGCTTCCTGCGCTTCCAGGATGGCAGGTTCCAGTCCTGGCAAGCGGATTATGATTTTAAAGCAGCGGGCTTCCGGGGGTATACCCCGTTTGGCGATCAGGAACTGATATGCGATCCGCAGCAGTGTTACCGCTACGACGGAGCGGCCCTGCATGTTTGGGAGACCTCGCCTGCACAGCTACTTGAAGACGCGCAGGTAAGTGCAGTGCAGGAACTTAAAGATGGTACATTAATGGTGGCAACGCGGCGGTTCGGACTGATGCACTTTCATGCGGACGGACGGTTTATTCGTCAGATCGGCAGTGATCAGGGGCTGGTCCATAACACGGTGTACGGCCTTCATGAAGACGGATGGGGCAGTGTTTGGGCGGCTACCTTAAATGGTATTTCAAGGGTTGATGTATCAGTGCCGCTGCGTCAGTTTGATGACCGCTCGGGTCTCGATGAAATTGTGCGCCGCATGGTGCCGGCAGGGGATGAAATGCTGCTTTTAACGCAGGATAACATTCATCGGATGAGCAAAACAGGAGCACTTACGCTGCTCGCGCCGCAGTCGGACTGTACGCGCTACGTTCACATCGCGGAGATCCCGTACTTACGGTGTCGGTCGCAGCTGATGGGTTTTGACGGGGAGCAGCTGCTCATCAGTCCGGAAATCCGGAACCTTCAGGCGCTCGGGCGATGGGAGGCCAATGAAGATGAAGAGGCACTGATTATGGCAACGCAGTCAGCCTTATTGCTTGGGCGGGTGCAGAACGGACGCTTACTTCCCCAAACACTCCATCAGCTGTATGCTTCGAATGAGCTTCCGCAGGGGATCAATGCCATACTATACGATGAGCGGGGCTATGTCTGGCTTGGTACGGAAAGCGCAGGCGTGTATAAATTTGACATCGGGGAAGAGGAAGGGCAGCCGGTATTGAGACAGCCGCAGCGTTATCTTACAGAAGCACGCAACTTCAGAAATATCCGCCGGGTATTGCCGGTTGCGTTACACGGCGAAGTGCTGTTTCTGACCTGGGGCTATGGGGTGATGCGGTATCAGGAAGCTGATGCGCGCATGGCGGTCGTGACGGAGTTCGGGCCATTATTTGAAGATGATATTCAGTTCTTCTGGGCCGCTGAAGATAAACAGGGTGCGGTTTGGTGGCGTGCAGGCGGAACCTACCTTGGCTCGTTACCCGGGGAATCCGGTGGGTTCAGCACCTATAGCGGTGTACTTAATCTGGTGGAAGGCAGTCAATCGAACTACCTCACCGTTGCGGCGGATGGCATGCTTTGGATCAGCACCGAAAATGGCCTCACACGTTTTAATCCGGCGCAGAGTTTTGACGATGCGCGTCCGTTTACGGCTCAGCTGCATCGGCTGGTGAAAGATGATGTTGTGCAGTTCAGCGGCGAGCTTTTGGGGATGGCACCGGTTTTTGCGTTTTCCAACAGTATGAAACGCTTCAGTTGGTCGGCCAACACCTTTATGGGCAGCACGGAGTACCGCGTGAAGCTTGAGGGTTTCGACCGCGACTGGACCGATTGGGGCAGCGATACACAGCGGGATTTCACGAGTTTACCGGAAGGCCGCTACCGTTTTCTGGTTGAAGCACGTAATGTGTTCGGGCATGTTGCAGCATCCGAGCCCCTTGTGTTTACGGTCACCCCGCCCTGGCATCGCAGCTGGTGGGCCTACATGCTGTATGTGGCTGCAACTGGCTCGGTCTTTTATCTTGGCTTTAACATCCGGCTCAGGCGGGTTACGCGGGAGTATAAAATGCGTAATCAGATATCGGCTGACCTGCATGATGAAGTGAGCGCAACCCTAAGCAGCATCAGCTTTTTCGCGCAGGCTATTGAGTCGGGGCGGAAGCCGGAACAGAA
CP027806.1_gap49	1617328	1618150	822	CGTGAGCGCGGGAATCCTTTCCTTGAGCGTACGCAGGCCCAAAATGTAGATTTTCGTTTTGAGCTCTTCCCCGGCGCACTCGATCAGCTGATGGTCGCGCTTTTCTTCAAGGAAATCAAAGATCCCATTGAATCAGCACTTATTATTGATGGTCAGGCCATCATATTGCAACCCAATAATTTTGGGACGGCCAATAACTTCGGTTTTGAACTTGATGTTACCAAATACATTCGCAACTGGGGTGTTCGGGCATACTACACATATACCGATTCACGCATCACCACATCCAAAATATTCCGGTTCAGAGATGATAGCGGAAACCTAACCTCCCGCGAACTCAACCAAACACGACCGCTGCAGGGTCAAAGCCGCCACATTAGTAATCTTACCGGTCTCTACAAAAACAGCCGAACCGGCACCGACGTACAGCTATCAGCTGTGTTCACCGGCCGTCGGATCATTGGGGTTTCACCCTACTATGAGAACGACATCTGGCAGCGCTCTTTCTGGCAGATGGATTTTTCAGCCGAACAACGTGTAGGGTATGGCATAACGGCCTATCTCAAAATCAATAACCTGCTGAATACGCCGCTTAGGGCTGAGGTGCCTCTCCCGAACACGCGCAATCCGCAAGAAGCGCCCTACATCAATACCGATTCAAATACCCTCGTTCGGGAAGAATTTTTCCAACAAACCTGGCTTATTGGCCTCAGATACGCCCTTTAAGCCAGGATTCAATACCTAACCAACAAAAATAACATGAAACTTATTACAAAATCACTGTTGATCCTCATTCTCGCTTTTGCTGTATATGCATGTTCT
CP027806.1_gap50	1643261	1644000	739	TCAACTCCGTGAACCGGCCTCTTAAAAAAGAGCGGCGCCAGGAGCTGTCCGAAAAACCCTCATCACAAATTGACACCGACGCCCATTCTACCAAAAAGGGGAAACGCTATTATTTCGGGTATAAAGGGCATATTGGCGTTGATGTAGGTACTAAACTCATCAGGAAACAGCGATTCACGCCTGCACACAGAAATGATCAAAAACCCCTTGACGAACTCATCAGTTATGATGAAATGAGCTTATGGGGTGATAAGGCCTACTATCTGGAGTCCTACAAAGAGGCGTCCCGCAAAGACGGATGGTTTTACGGTGTTCTGAATAAACCGAAGAAAGGTCAAAAGCTATCTAAAAAACAAAAAAGGAAGAATAAGCAGTACAGCAGCGTCCGGGCTCAGGTAGAGCATCCGTTTGCATGGATGAAAACGAAAGCTGGTTTAGTGGCTATGCAAGCCAAAAACATAGCCAGAAATGCTTTCACTTTTGCCAATAACTGTGCCTGCTGGAATGTGACAAGGGCATTATGGATTTTGAGCAAACACAAACCTTTCGGGGGATTGGTATGTCGATGAACCATCAATTGGGGATAAATAACCCACAAATTGGACGAAATAGGGCTTATTTGAGCCTGTGTAAGAGGTCATTTCAGGAAAAATGCCCAATTCCCATTGCTCTTTGTAGATGCAATCTGGTGCAAAAACACTGATGGAAGTGAACACTACCTTTTTCAAAGCGTTCTTGT
CP027806.1_gap51	1647894	1648576	682	CGTCGCCCTGTTCCCCGGCAAGTTTGAGCGTCATGTTGCCGCCCATGCTGAAGCCTACGAGTACAACTTCATCATACCCGCATGCGTCGGCGGCAAAGTGCACTACAGCCAGCAAATCCGTGGTATCGCCGCTATGGTAAAAGCGCGGCAGCCGGTTCATCACCCCGCTGCAACCGCGGAAATTCCATGCGAGTACGTCCCATCCTGAACCGGCAAAAGCGGTCGCCATGCCGGTCACGTAGGCCCGGTGACTGTTGCCTTCGAGTCCGTGCGAAATAATCACCGCCCGCTTTGCGCCCTGTTTGATACGGTCGATATCCACAAAATCGCCGTCGGGCAGTTCGAGCCGCTCCCGCTCGTAACGCGACAGCACGCCCGGCACTTTCCGGAACAGCGAGGGGTAGATGGTCTCGAGGTGTCCGTTCCAAAGCGGCTTTGCGGGATGAAATGGAGAGGGAAGATTCAAAATAGAAGTGTCGGTTTGGTGAAAGACTGGAGGATTGCCGGGTGTAAGGCGCTTCAGAAGATACGGGCCTAAAGGGTTGGACTAAAGCCGAAGGCAGCCGGAGTTGATGCAGTGCGGGCTTATTGTCCATAAAGCCTTGCAAACAGGCTTTGAAGTGATTTCCTGATGGCGCCGGAGCCGGATTACAAAGCCCGAGGCACTTAGATAGTTGCCGTT
CP027806.1_gap52	1650520	1651392	872	GACGCCATCCGCGCTGAGCCTAAACATTGGCGAAGAAGAGCTTTCATGGAACGGCTTTGGGGTGCAGGCTTTCAACAGTCCGGCTGGGGCCTTAGCCGCTGACGATGACGCCCTGTATTTTGGCGGCGCGTTTACCCGCGCGGGAAGTCAGACCAATACCGGCGGACTTGCGGGGTACACGACTGCGACCGGAAGCTGGTTTATTTTTGGCGCACCCTGGGGTGAAACCGAAGCTGTAGTAGCAGGCGGCGATATCCTCTCCTTTGCGGTAAGCGACCGGGACATAATTGCGGGAGGCAGCTTCACAAGTGCAGGCGGTGATGATACCGTTACCCGGCTTGGGGCTTTTTCAACCGAAACACGCAGCTGGACCGGACTGGGCGGCGGTTTTGGAGACGGCAGCGTGAAGGCGGTCGCCGTATCGGGCGACCTTGTTTTTGCAGGCGGAGACTTTTCCGTATTTGCAGACGGAACCGACGCGCCGGTGCTGGCGCAGTTCGACCGCAGCACCCAAAACTGGACTGTTCTGGGGGATGCACTCAGCACACCTGATGAAGAAGATGCGGCCGTGGTACATGCCCTTGCGGCTGATCACAACCGCCTTATTGTAGGCGGAAGCTTTTCGGAAGCCGCAGGCATTACCGCCAACAATATTGCCATCTACACTGCGGATTCCGGCTGGAACAGCCTCAACGCGCCGTTCGACGCGCCGGTTTATGCGCTTGCCCTCCGCGGCAGCACTTTATTTGCCGCCGGTGCTTTCACTCAGCCCGCAACGGGCCTGGCCATGTACGATTTCGAAACCGGCGTATGGACCGGTATTGGAGGCATAGCAGATGTGGAAGCGGATGATGAAGCTGTTGTTTACGCAC
CP027806.1_gap53	1656248	1657352	1104	TAATGTACCGGTTAGGGTTGAGGTCCGTAACATGAACTTTACGCTAATTGACTCCTTTGAAGTTTCTGATTTGTGTGCGCAGACTGAGCTTACTGTGCCGGTAAACAGTCCGGAGTTTGATCTCGAATTCATTGCCGAAGGGCGCTGTGAAGGCCGGGATGAGCTTGTATACGCAAGTATTCCCGCTCAGATCAGATCAAGCCGCAGCTTCTGGCGACCTGCCGGAAATATCACCAATGGTGTTCTCAATATTACGCTTCCTGAACCTGATACCTACACGATAGGCACAACCTATGACGGGCGTTTTTATCAGTACGATATTGACCTTACCGGCGCACAGCCGGGTTCAACAACAACCGTAGAAGAAATCTTTGATATACCCGAAAACATCTGTGATGATGTTTAGAAGGTGAACTTCAAAAAATGCAACGTACCAAAGCCGGTTCCGCAAGGAGCCGGCTTTTTTAATGATGATCAGGGCGGGCTAATGCCTGATCGCGGATTCAATAAACTCAGATGCTGTCTTTAGCCCGCATTATTCACAATTCAACAGGATTTATTTGCTCAATGTAAGTTTAAATTAGGCTTAGTGAAAAAACATCGGTAGACCAAGTTTGAGTGTGATGTAAAAACTGCGCACCGAGCGAAGCGATTCCCGCAAAGCGAAATTTCCCCGCTGGCTTCGCCTTGTCATCAAGAAAATTTCTTGGTGAATAATGCGGGTTAGTTTGTGAATCCGGTATCTTTGGCATTATATGATTCGTATGCTGCGGGTTTGTACCACCCGCTAAAGCCCAACCTTTATCTCTTTCTGATGCAACGTATGCGCTCCGTATCCTTTATTCTTCTCGCTATTCTGTTCGTCTGCTTTTCCCCTGTAGTGGTGAAATCTCCAGCCCATGCGCAAGTACAAGCGCAACAAGGCCCGCTTGCAGCGGACACCCCCCCCGATTCGCTGCAGTCCTCAAACGCAGTTCTCAGCGATCCCTTTTTGGAGAATGCTTCTGATGAAGACGAAGCCTATCGCAACAGTCTTGTGCCGGTGCCTGCCATTGCCTACACCCCGGAAACCAGCCTGATGCTCGGTATCGTAGCCTTCCGGCA
CP027806.1_gap54	1668795	1672881	4086	GCTCGACCATACGCCGGGGCTCCTTTATCGGCAACAAGGTCACCATGATGCCGCCCATGTACGTCAACTGCGGCGCCTATGTAGATGAAGGGACCATGGTTGATAGTCACGCCCTCGTTGGCAGCTGTGCGCAGATCGGCAAGCGCGTGCACCTGAGCGCAGCCGCACAGATTGGCGGGGTGCTTGAGCCCATCGGGGCCGTACCCGTCATTGTGGAAGACGACTGTATGATTGGCGGCAACACCGGCATTTACGAAGGCACCATCGTGCGCAAAGGCGCGGTGATCGGTGCGGGCGTTGTCCTCACCCGCTCGACCCCTGTGTACGACCTCGTGCAAAAGCGTATCATCCGTGCGGAAGCCGGCAAAACCCTCGAGATTCCCGAAGACGCGGTTGTGATTCCCGGCACACGCGCCATCAGCGGCAACAGCTGGGCCGCCGAAAACGGACTTGCCGTGCAATGCCCCATCATCATCAAATACCGCGATGATAAAACCGATGCCGCAACAACCCTCGAAAGCCTGCTCAGGTAAACCGGGCCCCGCAGTACCCTACTGTTGCGTGTAGGGATTTTCTGAAAGGCCGCGGACAATGGTTTCAGCAAGGCGCAGCTTCACGAAGCGAATGAAAGATTTCGCTTCGGAAGCATGCGCCTTTTTTATGTTCAGGGTAAACGAAACGTCCTCGCCATCGGTAAACGGAGCCGCAAGCTCACGGCTCAGCGTATGAAGGGTCACTTTGCCCCCGGTCAGCTGCATGTCAAGGCTGATGTACTTGATTTGCGGCAGGGGGATGTGCCAGGGCGATGGAAGGTTTTCATCCGAAAACCGAAAAACAAGGTCATCGCCGTGCAGGCTCAACGTGCCGCCCGATTCGCGGCTGATCAGCGTTTTTTTTTCGATGGAAAAGGGAATTTTCATGAATGTGTTTCGTAAGTCGCTGTTATTATTGCGTGAGAAAAAATAAAAAAAGTTGAGATAGTACTGTAAGGTTTCCCGCATTTAGGGCTCTATAAGGTGTGTAAGTCAGTGCTCACGTAGCAATGCTGTTTACACACCTATTCTACAGTCCAAAAAAGCCGGCACCTTGAGTGGGCCGGCTTTTTTTTTTGCGCCTGCTAATAGCTGACGGAAAGACTGAGAAATGTGCGGCATTTTTAAAATCAGGAAAGGGGAATTGTCGGAATTGGACTGTTAAAAGGGCTTTGGCACTGACTTTGCTTAGATGGGTGCAGGTAAAAATATAACACACATCTTCACCCAAAGACCAACAGATACAACATTATGTCAGAACAAACCCGTCAGCAGTTTGAATTTAAGGCAGAGATGAAGCAATTGCTTCACCTTATCATAAATTCGCTCTATACCAATCCGGAAGTATTCTTACGCGAGCTCATTTCCAACTCCTCTGACGCCCTGAACAAGGTGCGTTTCATGCAGCTCACCAACGAAACGGTACAAAGTGCCGATGATCCGCTGCAGATCAAAATTACGCTCGACGAAAAAGAACAAACCTTCTCCATCGAAGACACCGGCGTCGGCATGACGGAACAAGAGCTCGTAGAACGGCTCGGTACCATTGCAAGTTCCGGCACCCTGGAGTTCATCAAGCAAATGCAGGAAAACAAGGGCAAGCTCGATGGCAATATGATCGGGCAGTTTGGCGTCGGCTTTTATTCCGCTTTCATGGTGACTGATGAAATCACCGTAGAAACCAAGCACGCCAATCCCGAAATGCCGGCCATGAAATGGGTTTCAGACGGCAAGGGTACCTTCACCATTGAAGAATCCGACAGGACGCAGCGCGGAACCAAAATTTCCTTCAAGCTGAAAGAAGAGCACAAAGAATTCGCCGAAAACTGGCGCGTGAAAAGCATCATCAAAAAGTACTCCAACTTCGTGGACTACCCGATTGTGGTAGGGGAAGAAGAAGTCAACAAAAAAGGAGCGCTTTGGCAGAAAAGCAAAAACGACATCACCGATGAAGAGCTCAACGAGTTCTACAAATTCGTGTCCAACGATTTCAATGAGCCGCTTGATCACCTGCATCTCGCCATGGAAGGCCGGATGAACTTCAAGGCGCTGCTGTTTGTGCCCAAAAAGCGCAAGCCCAACTTCTTTCAGAACGAAGAGCTCAAATCCATTCAGCTGTACTCCAACCGCGTATTTGTGCAGGAAGACTGCGAGCCCCTGCTGCCTGAATACCTCCGCTTCATGGAAGGCCTTGTGGACAGCGAAGACCTGCCGCTGAACGTGAGCCGCGAAGTGACGCAGTATTCGCCCATCATGAATAAAATTAAGGATGTGCTCGTGGGCAAAATCCTCGGCATGATCGAATACTGGGCGGAAAGCGAAACTGACAAATTCAAGACCTTCCTCACCGAGTTTGGTCCGCTGTTCAAAAGCGGCATCAACAGCGACTTCACCAACCGCGAGCGGCTGATCAACCTGCTCCGTTTTCAGACCACTAAATCCGGCGACGACGAGCTCGTTTCGCTCAAGCAGTATGTGGAGCATATGCCTGATTTTCAGAAGCAGATTTACTACCTCAGCGGTCAGAGCCTGAAAGAGCTTCGCAACGACCCGCGCCTCGAGTACTTCAAAAAGAAGGATGTAGAAGTGCTGCTGCTGCACGATCCTGCGGATACCTTTGTAGTGCCCGGCCTGATGAACTTCATGGAAAAAGAGTTCGCAAGCATCGAAAAATCCGACATCGACCTCGGCAAAGACGATGAATCCGCGCAGGACGCCCTCAGCGGCGAACCGCTTGACAAGCTGATTGCCGTCATCAAAGAAGCCATCGGCGACAAGGTCGAAGATGTAACCGCCTCGAAGCGTCTTGTTGAATCCGCAGCCACACTCACGGTCGGCAAAGAAGGCATGGACACACAGATGGAATACATGATGAAAATGATGAATCAGGAAATGCCGCCTTCCAAGCGGATTTTCGAGATCAACCCCTCGCATCAGCTCATCAAAAACATGTCAGCCCTTACCGAAAAAGGGCAGTCCGAGCGGGTGAAACTCTTCGCCGAACAACTCTACGAAGGCGCCCTGCTCCTGCAGGGACAACTCGACTCCCCAACCGAATTCATCAACCGCATGACCCGCTTCCTCTCCCTCGCAAGTGAAGGCGAAACAGAAAGCGAAAGCGGAAACAAAAGTGAGAATCAAAGCGAAAAATAACCGCTAACTGATTCAGCCCTAAGATGTATAAAGAAGGCAGTCATACCGAAAAAGGTGTGGCTGCCTTTTTTGCATTTGGGGTGGACGGTACAGCTGAATGCAGCGCATGTGGGGACGCTATATGGCACCTTACACGTGAGATGGTGCCGTTAAAAATCCCCTTAAGGTCTGCTCGCTTCCAAAGGGTAGGGTACGAGAAAGGTTTTGCGCGCAGCACCTTCGACCAATTTTAGAGCCCGTTGAGACGTAATTGTAAAATGCAGGGATATCTTCCGGACTATTCCGGGAGCAATGCCGGAGCATTCCCGGAGCAATCATTGTAAACAAGATAGCATACAAGCGCCCTGAACGCGCCAAAAACGGGGTGTTTTTGGCTTTTATAAGCGTACTGATTTACTTATATACAAAAATTAACAACATCAGATTCATCGCAGCTACTGCTATTGTATATCCCGATTGAACGCACAGACCGGCGGGGGAAGGACGATGTTGTGAAACCAGCCACCAAAAACAACCCAATCCCGCCGTTGTCATCCCGAACAGTTATCGTTTGGCAGGAGGTAAATCGAAGCCGCCGTAAGTTGTTAAATCGCGGTATTCGAAAAGGATTTATGTGAGGGATCTCCTTTGCTGGAATAGGCCTTGATGGATAAACCGGTGTATTCGTGTACCTCGGGGCAGGTCTGACGCAGGAGATCTCTCACATGATACTTTGATCGGCAGCACATGCAGATCAGATAGTTAAGACTTCGAATGCAGCCCTGCCATATTCCACTGTTCGAGATGACTCGTTTATATTTTTTGATATCGAAACAACCTCGGCAGCAGCGACATCTTGGTAGCACGATGGTTATTTTTTTAGATAGTAAGCGTATCTTCATGCAAGACCTTTTTTATGAAT
CP027806.1_gap55	1718838	1721718	2880	AAATCTTCACAAAAGATGAGCATGGGGTCGGGAATAGCTTCAATGGTCTGCTGCAGTTTGTGTTCGCTTTCTTCAAGGAGGTTGCGGGAGTTCTGCAGCTGCTGCTCATTCTGAACGCGTTCGCTTACATCGTGCAGGTAGCCGTTCCAGACAGTGCTGCCGTCGTTATCCCGGTAAGGTGTGGATTTGGCTTCGATCCATACTATCTGCCCGGATTTATTTTTGATCCGGAAGGTTTGTTCCCAGTTAGTGAGGGTTTTGGCAGAGTCGAGAATCGAGGTGAAGATCCGTTTTTGATCGTCTGCGTGGATGTTGCTAAAGGCTGCGGATGCGTTGGACTGGATTTGCTCAGGGATGACATCAAAGAGTTTTGTGAGGCCCTCACTGGCAAAAGTGAAATGCATGCTGCGATCCGGGAGCATGCGGAACTGATAAATAACACCGGGTACATTCCGGCTTACCTGTTCCTGGTATTTGGCAAATTTCTGACGCTCCTGTGTTGCCCGAACCCGTAAGCTGACATCGCGCACAAGCATTAGTGCAGTGTCGCTTTGTAAGGGGGAAATGCTGGCGTCGAAATAGTTGGTTTGCTGACCATCTTCGACTGAGAAGGAGACTTGCCCGTTTTTTTTCTCATTAATCGCAGCCTTTATCTGAAGCAGCAGCATGGCAGCGGTTTCTTTTGTGAAAATATGATGCAGAAACTGCGTGGTAAGTCCGGCTGTGTCTTTTTTTCCCTGAAGCTGAATATCGGTGATACTGCCGTCGCTGCGCACAACGTACAGGTCATCGGGCAGATTGGTAAGGAGGGCGCGGCGGTATTCTTCTGCCTTTTTTCGTTCATCAATATTGGTGGTATTCAGGGTGAAGCCTACGACCTCTTTCCGGGCGCCATAAACGGGATAGTACCGGAACTGAAACCAAAAGCCGTTGATGTTTTTGTCTTTTTTTATGGTTTTGCCAGCCAGAGCTTTTGCAGCGTCCTGTTTAAATTCCTGGAGATTTTCGGGTAGCACAAAGTCATAAATGTTACAGCCGTTATACAGAGGCTTTCCAAACACCTGCTGGGCTGCCAGCGCAGCAGCTTTATTGAAAGATTGTAGTTTGAAATCCCGGCCAACGAGTATATGACCGTCGCTTGTGCTGTTCAGAATGGCTTCCAGCCTTACCTTGGTATCTTCTGTTTCTTTGCGGTTTTCTTCTTCTTTGGTAGCATCATGCCCAACGGCAAGGATGCCAAGCGGATTCTGTTCCGCGTCTTGTATGAGGCTGAATTCCCAGCGGGTAAGTATCCAGCTGTCCGTGTCCGGGCCCGGTTTGCGAAGCATGAGGGTTACCGGTTGATCCGGATGCGCCATGCAGCTTACTGCAGCCTCAAGGGTCATCGCACTGTCTTCCGGGTGGATGGTATCGCTAAAATTCAACCCCCCGCGCATATCCCGCACACGTGCAAAACGGTTGTTGTAGCAAGGGTTGACATACATAATGTTACCCTGCATATCGGTTGCCAGAACGCTGTAGGTACCTGAATTGCGCAAGACGTGCGGTACGTATTCAGCGAGAGATGATGGTTTTTTTGACACCTTAGCCGCTTCTGTTGCTGTTCTGAAATTTTTGATGATATACGGCAGGCAGTTTAACTGCAATACCGGAAGGATTGACCACAAAGTTAAGTAATCGGCTATTCAATATCATAAGGATATTGTCAATACCCTTACAAACGATTTCGTTAATCAAAGCAATTGTTAATCTTTGATTAAGACAACCTGTTGTAAACGGCTGAAGCTGAACACATAAAATCATCCACAGTTTCTAATCTTTGAAAGCGCTTTTTTGATTGGTGTGAAGTATTTCTTATAGGGGTAATACCCAAAGGTTAGTTTTTCTGAAATTTCAGCTTGCTTTTAGCGGATTGCGCATTTAGGTTACAGAAAGTCAAATCACAACACACATTTTTATGCACACACAACCTCACATACAACTTATCACTGTATCGGCTTCGCCTCTGGCGATCGTTGCTAGTTCTGTTGTATTGCGCCGCCGCTGTCGTACAGGGTGAGGTATGCGTCGGTACGTTGGTACCCTCTTTTCCCCGCCCCGGTTAATTCACTTTAGCCGGGGCTTTTTTTTGGCCTCAAGCCATCCATGCTCCTGTATTGATCCTCCCAAATCAAGTCAAATCAAAACAAAACAAATCAAAACAAAACAAGCCTAATCAATCAACCCTACGCTGCCATGCAAAACCTCCTCACCATTAGTGCCTACACGCCGGATTTTTATCAGCACGTGCTCGACCTGAGCGCCTACCTCGACAAACAGCGGAAGCTGAAGCCGCTGGACGGGGCCTCGATTCTGTTCTGTTTCGAAAAGCCTTCCCTGCGTACCAAGCTGGCAACCGAGGTTGCCGTGAATCAGCTGGGCGGCTCGGTTATTCACATCACGCCGGAGGAATTTCTGGGCGGCAAAATCCTGCATGCCCCGCAGGATGCCGAAGTTCCCGGTCTGCCGGAAGAACGCGAGGCGCTGCAGGACACCGTCAAAAATGTATCGCAGTGGTGCGACGGGATTTTCGCGCGGGTGTACAAGCACGAAACCCTGCAAAAGCTGGCGCAGTGGAGCGATATTCCGGTCATCAGCGGACTTTGCAACGACCATCACCCGATGCAGGCGATTGCCGATTTGTACACCATTCATGAGTCGTTTCGCAGCGACAAGCCGCTGACCATCACCTTCGTGGGCGATGCAAATAACGTGGCGTTTTCGCTGATCGAAATCGGGCTGCTCTTCGGGCACAAGATGCAGTTTGCCGGTCCGATGCCCTGCTACTGGAACCGCGATCAGCTGGCACATTTTGCCGCGCTCGGGTCCCGCTACGGCGGC
CP027806.1_gap56	1838677	1841978	3301	GCGGGTGACCGGAGACTGACAGTGCTGCCGGTTTCCACGAAATCAAGTTCGCTCAGGCTTACAAAAGTCTCGAGTTCGTAAGTGTCGCCGAAAAACTCGCCCAGTTTGGTGCCCGGCGTGATGAGCGTGCCGGGAAAGGCGTCCGCCATGCGCAGCTCGCCACTGAAAGGCGCAGTTAGGGTGAATTTGCTCAGACGCTTCTCTGCCGCCCGTATGGCGAAGAATTGACCAAAAATATCGTTTCCGGAAAAGAAGAAGTGCTCGGTACGGTCGCTGATTTCGGGCAATTCCGGCAGGTTTTCCCCCGGCGTGATAGACTCGGTGTAGGCTGCCCAGGTTTCAAAACGATCGGGGAAATCGAGACGAATGGTCGGCAGGAGTGCGGCGAGAGCTGACTGAAAGCGACTTTGCTGTGCGGAGACTTCGAGACGATCCTCGGTATCGTCAAGGCTCAGCAGCACCTCCCCGGCACGGAAGCGGTTACCCGTGCGAAAAGGACGCGCGCCACTTTGCAGCACACCCTGCACTTCAGAAAACAGCTCAATCCGCTGCACCGAACGCACCCGGCCCGTAATGCGGATTTCAGTCGGGAACTCGCCCGACTCGAATTGCAGCACCGGAACTTCCTGCACCCTGTCCTGCGGCGGGAGATCACCGGCTTCGGGACGATCAGGCAGCAGGGCCAGTAAAATGACGGTGATAATGAGAATTCCTGCCGCCGTGCCATAGGCGGCATAACGCTGACGCTGTTTCTGTTTGCTCATGTTATTGGGCTGAAATGAATTAGGGGAGAACGGGCACATAAACAGAGCCATCGGGGATATCGTTTGATACGATCTTCCCTATTTCACAACCCTCCAAAGCCGATTCAACGCCCCGCCGTAACAGTCAGCTTGTCAGATACCGCAGGTAATTTCAATCAACCACATTCAGGCATCAACAACCCAACAACTCTGCACTCTGCACTCTGCACTCTGTACTCTGTACTCTGTACTCTGTACTCTGTACTCTGTACTCTGTACTCTGTACTCTGTACTCTGTACTCTGTACTCTGTACTCTGCACTCTCCAAGAATTAATAAAGGTGTCATCTCGAACAGCGGGACATGCCACTGCACTCCTCAAAGCTTTGAAGCAAAGCTAAACCGGGAAACCCATCGAAGTATCATGTGAGAGATCCCCTTCGCATGATCTGCCCGGATACCCCTCAAAGCATCCGGAAGATCCACAAAACTCACCGCCACAAAAATGTTTCATCTCAACTAAAACGTCAACCGTATTTAGGCATCAACAATCAACAACTCTGCACTCTGCATTCTGAACTCTGCATTCTGAACTCTGCACTCTGAAAGCTGCCTCATCCGGACTTTAAAGAATCATCAGAAGCGTCTTCTGCAAATTCGCTTTCGTTGGATTTGCGCACGAGATCTTTCACGATTTCATCGAGCTCTCGGGTTGTTTCCTTCAGCATATCAAGCAGCTCAGCCTGTTGGCTCAGGGTTTCTTCGGGGTAATTTTGGATGAGATCAACGACACCCAGAATGTTGGCTACCGGTCTGCGCACGACATGCGACTGATGCCAGGCAATATCGCGCAGGGTTTTATTTTGTTTGAGGATGACATCCTGCCGCATTTTGAGCTCGGTCACATCCTGTAAAATCAGGATGGAAAGCTTTTTGTCTCCGGCGATGAAATGATTCAGACTTAGAAAAACGGAAAGCTCCCCGCCGCTTTTTGTTTTAACTGTGATGAAACCGGGTACTTTTTTTGCGCGGCTTGACGCGCGAAGGTAGGACCATAAACGGCGTGCCCTTGCTTTGCTGTCCGCATCAGGCAGTAGTTTTGTAACATCGGTATGCAGTATTTCTTCTTCGGTGTACCCGATAACGCGTTCAAATTCTTCATTCACAAACTCAATTTCCAGGTCCTCTCCGATAATGACAAGCGGGTGCGGCACGGATTCAATGGTACGCTGCAGTTTGTGCTCACTCTCTTTTAGGAGACGTTCCTGTTTCTTCCGGTCGGTGTAGTCGATACCTACACACTGCACTTCGCCGGGTTTCCCGTTGGGTTTAAAGATGATTGAAAAGTCCCATAAGGTATAGGCGTAAGAGCCGTCTTCAAGTGGTTTTCGCATGTCAACCTGAATCACTTTACCAGGGTTTTGCATCAGCTCTGCAATGGTTTCAACAACCTTCGGCTGATCTTCTGAATGAATGGAACTCATGCAATTGATACCGGAATAAGGTATCGGGCCACCCTCATCTTTCTTATACAAAAACCCAAAGGTTTCCAGAAATTTGGGGTTTGCGTAGGTGTAATTTCCCGCAAGATCGGTACGGATAACATAGCAGGTTTGCAGTTCCAGCAGGCTTCGGGTGCGCAGTTCTTTAAGTCGCAGCTGTTCGGTCCGATACCGGTGTATAAAGGCTAACGCGCCTAAAAATAAAAATCCGCAGAGGAGGTAGAACCAGATTGTTTCATAAAAGAAAGGGGGAACGACAACCGGCATGCTTGCAAAAACAGGTGTGCCGTCAGGACCCGTTACACGGACGCGCAACAGGTACTCTCCGGGAGGTACATTTGTAAATACCGCTGTTCGACCGGAAACGGGGCGGCGCCAGGTTCTTTGAAGCCCTTCAAGCTGATAAGAAAACGTAATCATGTCGGGGTTACGAAAATTCGGCAGCGTAAAGCTCACCCTGAAATCCCGTTCACCCAGCGGGAGGGCAATGCTTTCAAACAATCCGGCCTGCAGGCTTTGGTCATTAAAAGAAACCCGGTCGATAACCGGCTGACTCAGGTTATCGGCACCAATGTTCAGAAACTCATCGGGATTAATAATCACGAGCCCTACCTGATTGGGAAAAACGATCAGGCCATTATCGAGCAGGGTGCCCGAGTTGCTGACGCCTCCGTTACCTTCATTATTGCGAAGCCCTTGCTCGTCTGTAAGTTTAAGGATGAGCAGCTGACTCGTCTCCCGGTTCGCAAAGGCATTAAGGTTTTGTTCTGAAAATCGCATAATGCCGCCGTTGGAATTGACCCACAAGTAGCCGTGCGGATCAGCGATAATGCGGTGCAGCCCGTGATTGAGCAGCCCGTCGGAAGTGCCAACGCTAATGGTTTCAACGATCTCACCTTCCGGATTAAAGACAATCCGGTTCAGACCCCTGTCTTGTGTAGCAAGCCAGATCGTGTCGTTTGAAGTGCTGTGTATATCACGTACAAAATTACTCGCGATACCATCATCGGTTACATATCGCTTGTAGCTCCAGTCTGATGTGTTGACCCTGAACAGA
CP027806.1_gap57	1848929	1852473	3544	AAACTACCCCAACCCGGATGGTATCGGCCGGTGCAGGGCTAAGTCCGGCGGCTGATACTGGTTCCGAAACCGTCGGATAGGGTGTACTGATATCCAGAATACGGGCATGCAGCATGCTGCTCAGCCAGGCAAGTGCCAAAACGACGAGGCTTGTGTATAGTAGTAACCGAAGCTTGGTCATCGGAGGGTAGCTGAAAAAAATAAATAAAGAAAAAGGGGAGCGACTTTGCCGCCATAGCAAAATTCATACCCTGTGGTTAGAATTTAAGGTAAGCGATTTTCAGGCTGATAAACAAGGGTTTGGTTGTCTGGGTGGCGAAATATCAACAGTAGTGGCGAAATGTCGCCGGTTGAGTGGCCGGTTTTCGCCACTTCCGGTAATGAGGAATTTCGTATCTCGATGAAAACAGCCTTTATGAGGGCTTTGAACAGGGTTGGGCATGTACGGCCTGATTTTGGCACATATATTGAATATCCAACAATGCTATTAGATTAATAGCATTTCAACATCCACAAAACCTCAAAAAAATGAGCAAACAAGAATTGAAAATCGGTGAACAGTCAAAACCGAGATTTGAATTCAGAACCTTCGGTCAGGATTTCGAAAGCGCCCGTTTCAGAATGGCCCGCTTGTCTGTACCGGTACCCGAAAAGGTGTGGGAGCGCCATTCCGCCGAAGTTTACATCCTGTCGCGCACCAATGATATCAACAACACCAAAATCCGCGACGGCAAAATGGATATCAAAACCTACGTGCAAACTGTTGACGGCCTTGAGCAGTGGAATCCGCTGATGAAGGGTGAGTTTCCGATGAAACGCGAAGTGCTCGAGCAGGAAGTCATCCCCGCGTTTCAGGTGGAGATGCAACTGCCCGATCAGGCAGAGTTCACCCTTGAAGCCTTTCTTGAGCTGGTAAATGCGCATCCGGAGCTGCAGGCCGTGGATGTGGTGAAGCAGCGTTTTGGCTATATGGTGAACAACACCATTTGTGAGTTCGGCTATGTGCTGATTAACGGAGCCAAAGTTTGCACCATCAATTCCGAATCAACGGAAGTTGAGGATATCAAAAAGACCCTTGCCTATACCGGCCTTGAGGGGGTTGAAAACATAAACTATTTGCAGGCCATCAAAAGGGTGACCGGCATGATCCGTAAACCGCTCGCCAACTAAAGGAAAGGAAAGGAGACTTCATGGCTAAAGAAATTGAACGCAAATTTTTGGTGAAAGGCGATTTCAAAGATGCGGCATCGAAGCAGATGCGCATTACGCAGGGCTATCTCTCATCGGTTCCCGAGCGAACGGTTCGGGTACGCATCAAAGGGGATAAAGGCTTTATCACCATCAAAGGTATTGGCAGCAGCAGCGGGGCAAGCCGCTATGAGTGGGAGAAGGAAATCCCGGTTAGAGAAGTAAACGAGCTGCTGGAAATCTGTGAACCCGGGGTGATTGATAAGACCCGCTATCAGGTGCCCTTTAGCGGACTCACCTTTGAAGTTGATGAGTTTTATGGTGATAATGAAGGCCTTACTGTGGCCGAAGTTGAGCTTTCGTCGGAAGATCAGGCATTTGAGAAGCCCGAATGGCTGGGTGAAGAAGTTACCGGAGATGTGAAATACTACAACTCCATGCTCATGAAAAACCCCTACAAAAACTGGTGACCGGTACGGACATACCGTGCTGACCTAAAAGCCAAAGATAATGACGGACACAAGTAAGCAAACGATTAAGGACGCGAACGGTAAGGAATATGATCCGCTCGATATGCGTAATTATTCCATTGAAAAACTTCCAAACCGCCAGAAAAGCAAGATAGAAACCCTGATGGCCGCTTTCGGGGCTCCGATAGCCGTGCTTGCTTTCATAGGTCTGGCGTTTTTTACCAACCTTCCCTTTCTACAGCATATAGATGCTTCTTCGCTGCAATCTGCGCAGGCCCTGCAAATGTTCAATGATTTGGGTGCAGAGCAGTTTGTCCGCAACAATCATTATATGCTTGCCATATTTGTGGCTGCCATTATTCTTTGGCTTACCGCGGCGATTCCGAACTATCAGGTATCGCTGATTCTGATCATTTCCCTGGTGTTAACCGGGGTGCTGCCTGAACGGGTTGCCTATGCACAGCTTGGGCACCCGGTCATGTGGCTCAACATCATGTCGTTTGTGCTGGCGAGTATGCTCGTTGCTACCGGGGTAGCCAAGCGGTTTGCCCTTTGGTTTATTCTCAAATTTGGCAAAAATGCCGGTACCATATTCATCAGCTTCATTGCGATTAATACCCTGCTTTCGGCCTTTATTTCGGCCACAACGGCCAAGGCGGCTATCCTGCTGCCAATATTTATGGTCATTGCAGCGGTTTACGGGGCTGATGGCGGAGATAAGAAAACCAACTTCGGACGCAGCATTGTGCTTCAGAACCTGCTGAACATCAATCTGGGTGCAGGTGCTTTTGTTACAGGCTCTGGCGCGAACCTGCTTGCCGCAGCACTGATCAGCGGCGCGATTGAAGGCAACGTCTATTTTGCGGACTGGATGTTTGCCATGTTTCCGACCATGGTCGGGATGATGTTCATCGGCTACTTTGTGGCCATGCGGATCTTCTTCCCCCTCGAGAAAAAAGAGCAAAGACCGCAAATCAAAGGCGGGATGCGCCGCCTCGAAGAAGAGTACAAAAAGCTCGGTCCCATCAACTATCAGGAAATTAAGACCATCGTCATTTTCGTACTCATCCTTGCGCTGTGGTCAACTGATCGTATACATGGCGTGAGTGCAACCGCCATCGCTTTTGTGGGTGCGATTATCGCCCTGCTGCCCCGTTACGGCATCGTGACCTGGAACGATGTGGACATTCCCTGGCACCTGATGCTCTTCTCAGCCGGTGCTTATACCCTCGGTGCAGGATTTAATTATACCGACCTGCCGTCACTCACGGTCAATGCCTTTTTCGACAGCATCGGCATCGGAAATGAAACTGACTTCTGGATGCTCTACCTGCTGCTCACCGGCGTGATGTGTTTCAGTGCGCTCATCTTTCAGTCCAAAACCATGCGCACGATGATCTTTATCCCGATAGCCATCGGGGTGGCACAGCGCTTCGATTTCAGTGTTGTGAGCCTGGCCCTGCCTACGGCCTTTATGATTGAGTATGTCTGGGTGCTTTACTTCAACAGCAAGCCGGCTGCCCTGCTATATGAAACCGACCGCTACGACCTCAAAGACGCCTTCAAGTTTGGCATCACCATGATGATAATCGGTTACCTGCTCAACATCGTGCTCGGTGAAACCTGGTTCCGCTTCCTTGGCATCACACCCGACGGTGTATTCGGAATTTTCTGAAAAACTATTCATCCAAAATAACACGCTAAAATGATACAACTCTTTGGGAGTCACAAACAGATAGAAGCTGAAATTGACGAATTCCTCGATCAGATCATCGGCGGGGGCCTGCTGTTTAAGAAAGGCATCAAATTTTACCTCGACGGACGTGAAGAAGAATTCGAACAGCGCCTTAATGAGCTCATCCTGCTTGAAAAACGTGCCGATGACC
CP027806.1_gap58	1975322	1977003	1681	ACAACAACACCGGGCAGACGGGTGGAACACCGGGTGCCGATATCAATTTGTTCCCCGCATGGAATTTCAGCACAGGTAGTCAGGATGTAATTGTAAAGGTCGTGGACTCAGGGATTGACCTACAACATCCGGATTTGATCGAAAGTCTGTGGCAAAACCCCGTTCCGGGGCCTGAGAACGGATTTGATGGTGATATTCACGGCTGGAACTTTGCCAATAATAACAGCAACATTCAGGATACCAACGATCACGGAACACACGTGTCAGGTACTATCGCCGCGCGAAGCGGCAATGGTATTGGTGTGGCCGGGGTAGCCGGTGGTAACGAAGCCGGTCCTGGGGTTCAGATTATGACAGCCCGTACATTTGCCAATACAAACGGTGGTTTCCCCCAAAGCTTCGTTTATGGTGCCGATAATGGTGCCGTAATCTCAAATAACAGCTGGGGAGGCGGCGGTGCATCATAAGCACTTCGAGACGCCATTCTGTACTTCATTGAGAATGCCGGTTTCGATGCTGACGGCAACCCTGTTGGAGCCGTTCAGGGTGGTGTTGTCTTTTTTGCAGCTGGTAACAGCACATGTGCCACACCAACACAGCCTATTCTTTCAAATCCTGAAGTAATCGCTGTTGCTTCAACAGACCTCAATGATCGCAAATCAGGCTTTAGCTGCTACGGTCCATGGATCGATGTTTCTGCACCGGGTTCTGCCGTACTCAGTACAGTTACTGGTGGCGGATACTCTTCGTTCAGTGGCACTTCTATGGCATCCCCGCACGCTGCGGGTGTTGCGGCGCTGATTGCTTCTTATCAGCCGGGCCTTACCGTTCAGGAAATTTACGATAGAATGGTTTTCACCGGTGACAACATTGATGATTTGAATCCAAACTTTGCTGGTCAGCTCGGTACAAGGGTGAATGCCGGTGCAGCACTTGCCTCCTTCGGTGGTGGTAGTTTTTCTGCCAATGAAACCGAGCTGGATTTTAATCTTGTTGTACAGGGCTTCACTGCTGAGAGAAGCTTTAGACTGACAAATTCCAATGCGGATCCCGTAACCGTAAACGCTGTAACATCCGATCACGGCACTTTCACCGTAGATTTTAGCGGACCGGTAACGCTCAATTTTGGTCAGTCAATTACCGTAACTGTCACTTTTGCCCCGCAAGAGATTGGTTCGTTCAATGGTGAGATCACGGTTGAAAGCGATGATGCCGAAAATGGTATCATCACGATTGCGCTTATTGGAGAAGGAATAGGTGCCCCGCAGATTGGACTGAATCCAACGGTCGTGAGCGCATCAGGTCTGAGCGGACGCTTCATTGATGCTACTTTTGATATCTCAAACAGCGGAGACGGAACACTGCTTTACACCATACCGGGTTTTACCTCTTCCAGGATTTTTGACCCATCCGCTGATCAATTCTCTGAGATCAGAACTGTTCTGCTTAGCAACTACCTGGATATGATACAAAGTGTGCAGGGTGATGAAGCAGCATACACGGCAAAAACAATTCTGGATGCCTACTTCAGCGGTAATCTGCATATTGATGATGCTGCCCCAATGCAACGCGCAACACTGTCAGATTTTGAAGATTTTGTACTACAGGATGAAAACCTTCAAAGCCTCGACTATACGGTCAGCTTTTCAGGTCTCTCTTTGGTTTCGCTTGCAGCAACGCC
CP027806.1_gap59	2013911	2015617	1706	AAATCGCAGGCTTCCGCTTCCTGAGTCTCTTCACCCCGGGACATGCCCCGGATCACGTTTCTCTTTATTTTGAGGAAGACGGTTTCGTAGTTGCCGGGGATGTGCTGTTCAACGGCAGTATCGGACGCACCGACCTTTACAAAGGAGATTTTGAGCTGTTGAAGAAATCGATTTTCGAAAAAATTTACACCCTGCCCGAGTCAACAGAAGTGTACTGCGGCCATGGTCCGAAAACCATTGTTGGACATGAAAAGAAATTCAATCCCTTTGTGAAAGCGGAAGCGTAGCCGAAGGATGTATTTTGACCGCGGACGGCGGATGGCAGACCGCAGATTGCGGAAAGTGGAATGCCGAATTAACTTTTTGGGGGATTTCCCGCGGCGTTGATCGGAGCTTCCATGCATTGAGATCTCTTACATGATGCTTTGATTACGTTTTGCGGCAGTGCGTACGGTTGGGGCTTTGACTGCGCCCTTTTCATGTCCCGATGTTCGGGATGACACTTTACTAAATGTCAAGCGGCCTTCGCGACAAAAGGCGTGGCTCGCCGCGCCGTGGTTTTCAATTCGACACTGTCATCCTGAGCGGAGCCGGAGGCGGAGTCGAAGGATCTGGGGATGGAGCTTGGGATTTTGGTTCAGACGCCCTGTTAATCCGTGCTCTGTTTATGTACCGGACCCCCGAAGCCCCCACGGCGTCATCCCGGAAACGCCTACGCAGGTGCTTGATAAATATCAGTATAGACCACCGGCGTTATCCGGGATCTACCAGTTTTGGTGTGTGTCAATGCCGGTAGCAGGCATTCTCGTGCGGGTTTAGCCAATTTAGAACAAACATCCCAAACCCGCTATTACATCGCGACAGCGCCACCTTGGCAGATCCCGGATAATGCTGCATAACTTTGGTGTGGTTAAAATATGCCGAAATGCAGCATTTCCGGGATGACGGGACTCGGGTGGGTTGGGACCAGAAAAATCATCACAATTCCCGCCTGTCTTTATTCAATTCGCTTGCTTTGCAAACCCTTGCTATTCAGGCCCCAAGCCCAGCACAACGAGAGCCTTCGACTGCGCTGCGTTTCGCTCAGGATGACACTCATAACCACCTCAATCTCGGGCAGTACTCATCTTTGCCCAGGCTTTAAAGCGATTTCAGGCGGGTGATTTCTGCTTCGCAGTGTGCGGCCCGGGTTTCGTCTTGCTTTGCGATAGTTTGCAGCACTTTGATGGCTTCTTCAATGCGGTTTTGTTTCTCGTAGATGCCTGCGAGGGTGAGGGTCGCAAGGTCTTCGCTGCGGTTGACTGCCGGCTGTTTGGCTTTGGGTGCTTCCTCTGATTGCTTCATTCGGATGCGGGTAGCTTCCGGATTGGACAGCTGCTGTATGAGACGATCGATATCCACAAAAAAGCGCTGATCTTTTTCAGGAAGCCACTGCTGCTGCACGGTCGCGTCATCGGAGAGCACCGGTAGCCAGGCTTCGAAACCGTCGGGGTGCTGGAAGTAGTAGGGGAGATAATGAAAAAAGGGCGAACCCGGGGCAAAGGCTTTGGCCATTGCAGCGCACTTGAGCGCGTTAACCTGATCGCCCGATTGCAGATACAGCCAGCCCAGTAAAAAATAACCCACTGCGTCGTTGCCGCGGCGCTTGAGATGTTTGTGAAGTCCTTCGATGGCCTTATCCGGTTTGCGTTCAAAAAGCTCTACAT
CP027806.1_gap60	2068866	2069825	959	GCAAAATCCTGAAGCTTTGAAAATCACCACCGAAGCCCTTACACGTCCTTATCGTGGTAAAGAAATCGATCTTGTGGTAGGACTTGAATCACGTGGTTTCTTGTTTGGTCCGTCCGTAGCCCAAAATCTGGGTGCAGGCTTTATACCCGTCCGTAAGCCCAATAAGCTGCCTTTTCATAAAATTGCAGCAAGCTACGAACTTGAATATGGCGCAGATACGGTTGAAATGCATAGTGATGCCGTAAAAAAAGGACAGCGGGTACTTATCCATGACGATTTAATTGCAACAGGTGGTACTGCCGCGGCAGCTACTGAGTTGGTGCAGAAATTAGGTGGCGAAATTGTCGGCTATTCGTTTCTGATAAACCTCAGTTTCCTTAACGGAAAAGACAAGCTCGATAAAAACGGGCTTTTTGAGGCCGTAATAACGCTCTGATATTTGCGTATTTTGTAGCTGCAATTGCCGTAATTTTCAATATTATCACACGACCCTAAATAACCCTAAAACAGTATGATGACAAAGAATCTAATTCATATATCCATGCTTGTGCTACTGACGCTAACGCTTTCAGCTTGTGGCGGTCAGATGGTAATTCAAAATGTGAATTTTGCCCACCCCTTTGAAATGGTAATGGAGGCGGATGCAGAAGCCAATGTCTCAGATACCCGCTCCGGACTTACCTTCAGCATGGACAAAATTCTTGAGAAAGAAAATATCAGCCGTGCCGACTTTGCGGGCACAAGTGTCCACATGATTCGTAATCAGGATGGGCTGTACTTTTTGACTGCCCCCGGCTTCCGTCATGTATTTATTCTTGAAAGCGGCGAAGGTGAGTTAAAAGAAGCTGAAACGGTAAGAATACCCGGAGAGCGTTTGCAAAACCCTGCATTTAACCAGCGGGCACCCTTCATTCAGCTCGTTGACGGCGACCGCACCTTCAGTCTTTCCGCAACCGGAC
CP027806.1_gap61	2071427	2071956	529	AACTGGTGCCACATGGGACGATGTAATTGCGGTCATCTGGCCCAAACCATTACCGAATTGTCACCCGCTGAAATCCATGAAATGGCATTGCTTAAAGCAGGAGACTGGACCACGCAATCTGTAGAACACTGTACAGCTACAGGACTCACCATAGATCACATTATAGCATCCATGCTTGAGCTGGGGCTTACAAGGCAGGACATTGCTAACCTTGAACGGCTTGCTGATCAGCGCGTTCTTATGCGTATTCCGCTCGAACGGAGAAAAGAAATGAGTCATAAGAACAGAGCGGATGTTGTCTTATATATGAATACTTTAGCGCAAATGCTTGAAGAGCAGCTTCTTAACTCTGTGCCGCCCGCAGAAGTGCTCTTATCTAAGATTTCGGAAGAAACCAAATCCAAAAGCATAAAATCGAAAATTGCGGTAGTAAGTCAATAACAGAAATAAATTTTGAGAAAAAAAGACCTGATGTTGAATCAGGTCTTTTTTTTGGAAGAAGATTTCTGCTACGAGTATTCCATTCGTG
CP027806.1_gap62	2146328	2147026	698	AGACAGGCGCAAACGAAAGGCGCAAAAAAAGACCCGGCACTTAAAGTTTAGTGTCGGGTCCGGATAAACGTGAAGGCGCAAGTTTAACATTCCTGTTGTTTAGCACAGAACACTTGCTGCAGACTGCCTATTTGCTCAAAAACTTCATCACAGGCTTTTCCACGAAAGGGAAGAGGCGGCTGAGGGTGCGCAGGGTTTTGAGTTTGAAAGTAGGCACCCAGTGAATTTTTTTCTGATGACAGGCTTTCCAGGCCACTTCTGCAATTTGAAGCGGTCGAAGGTTTGCCCCGAAAATATTAAGGGTTCCCGCCTTATGCTGTTGAGAGCTGATCATGTTGGTGTTTACATACAGCGGCATGATGTCCGTGACGTGTATGCCTTCCCGTTCGAGTTCAATGTGCAGGGCTTCGGTGAGGCCGCGTACGGCAAACTTGGAGGCCGAATACACCGCAAGATCGGGCACGCCATACAGGGCCGAAGCTGATGACATGCTCAGAATAACCGGATTTTCCGCTTTTTTGAGGAGCGGCATGGCCGCATAAACGCCAATCACGATGCCTTCGACATTGATACGCATGGTGCGCAGTTGCTGTTCAAGGGTCACATCCTTAATTGAACCCATGTACATGATGCCCGCGCAATTGAAGAGCACGTTCATGGCACCGCCGCTTGCTTTACTGAAAACAGCTACCGCATTG
CP027806.1_gap63	2211779	2214815	3036	TGTTTAGTGAAGGTTAAGGTATAAAGCGTAGGTTTGCGGAAGGTTTACCATCTAACCGGAAGGGCTTTGCTTGCCCCGACGGATTCAGAATCGAAAGCTGCCGTGTTAAAATGATTCTTTATTCTCAGGCAAATCAGGTCGCATTGCATACCGGATGAGCCCTGCAAAAACTTAGATTTTTGCTATGCTTAAAGGTAAGAAACACGGCCTTGCGGGTAAACGGTAGGGGTTTTAAAAGATGTTTCCATATTCAAATATGTTACTTAGATTTTAACATTTCGCAGTGTGACCCAATGTATATATAAGCGGGAATTTGCTTAGGATGGTTACAGCCCTAATCTTTATTAGCCGGATTTTCTAACACATCATTCGGGTGAAAACCTGTTCATCTCGAAACCCGCGCATCATGCCATTCAATGGAAAACGGTTTGTCGGTTTCAAAAGCGGAGGCCTGTTTTACCCACGTATTCTCCTGCCAAATCCGCGTGTAGCCTTGCTCGAGGGCGATGTTGGGATTCAGTTCGCGCAGTCTCGCGTTGAGCTTTTCATACTGGGAGCGGGCTTTGAGCAGCCGCATTTCGGTAAGCGAGAGGCTGCGGCTGGAAAGATGGGCTACCTGTGCATGATGGCGCTTCAGCTTGTCCAAAACCGCATGAAGCGCATGCGTTCTGCCGAGTGCCTGCACGTGATTTTTGAGCCGGTCAATCCGCTGTGTGATGGTGCGGTGCAGTTTTTCATGCTGCATATCAAGGGTGAAGCGCAGATCATTGATGTCCGGCACGAGCAGGGCAACAGCCTGAGTTGGGGTAGCAGCCCGAAGGTCTGCTACAAAATCAGCGATCGTAAAATCGGTTTCGTGCCCCACCGCGCTCACCGTCGGTATCGGGCTTGCGAACAGTGCCCGCGCCACGGCTTCCTCGTTAAATGGCCACAAATCCTCCAGTGAACCGCCGCCACGGGTTATAATCAGGATATCCACGTTGCCGCGCGTACTGAACCATTCGATCCCGCGCACAATTTCGCCCGCGGCCTGTACCCCCTGCACGGCCGCATGATGCACCATTAGGGTCACCAGCGGGTATCGTTTTTGGAAGGTGGAAATGATATCCTGCAGGGCAGCTCCCTGCGCGGAGGTCACAATGCCAATACGCCGTGGCAACCGCGGCATCTTTTTTTTGTGGGAGGGATGAAAAAGTCCTTCCGCTTGTAATTTCTGCTTGAGCTGTTCAAAAGCCTGCTGAAGCGCGCCAAGCCCGGCCTGTTTGGCCGACCTCACAATGAACTGATACCGCCCGTGCGGCGCATATACCTGCACATCCCCGGTAAGGGTCACCAATTGCCCGTGCGCGAGCCGGAACCCCAGTCGCTGCACCGTGGAGCGCCACATCACGCACGGCAGCTGCGCCTTATCGTCCTTCAGCGTAAAATAAACATGACCTGCCGAGCTTTGCTGCGGCTTGCTCACCTCACCCTCAACCTGCGTATCCTGAAAGGAAGCTTCCAGCAAATCTTTGATGAGCATCGTAAGTTCAGAAACGCCCGGTACCTTGGGGGCGGGCTGAGAAAACAAATCAGGAGCTTGCATAGCAGGCAGTTGAAATCAGTGTGATAGAATTAAGATTGATGCCGAAAATAGGCAAATTGCTGCGGATTTTTCGAACGCGGATTTACTTGGTACGCTTAGCAACACGGAAAAACACCAACCGCTCGGATCAGCGCAATAAATAATACCCACAACCTTACCATAGCCATGAAAGGGCGACATCCCAAAGCCCGGGGTGCCAACCCCGGGACTGCGGCCCAACAAGATCGGAGCCCTGTAAGGGCGGCATAACATCGGGAGTTTGTTTAGCATGCCATCTTCGAACCCTACATGCGCTTTTCGGATATAGCTGGTAATTTGCGACCGAAGTCATATCCACCTTGCTCCTTCCTTTCACAGCCAATCAGCTTGCACCGAAATCCACAGGCTTCGACCACCACTCCCACACCCCGGCCCGGTGGCATTGGGGCTTTGAAAGGGATTGGATGCTGTTCGGGCTTCATGGCCATTTAAACGCTTCTACCGGGGCCACCCCTCTCGAGAGGGGAATTGGGAAGCCCTGTGTTAACAATTCTTTCGGGGTCGTATTGGCATTGTTTTTTTGGGCTTCAAAGTTCTGAGACGCCGCGGTGCCAAACTCCCCTCTCGAGAGGGGAATTGGAAAGCTCTGTGTTAATAATACTTTCGGGGCCTTATTTGCATTGTTTTTTTTAGGCTTCAAATTCCTGAAACGTCACGGTGCCAAACTCCCCTCTCGAGAGGGGTGGCCCCGGGAAAGATGTTATCAGCGGCATGATGCCGGAAACAGCTAAAATGATAAAACAACCCAGATGGTGTCGGGTCGGGGTGTGACCGCCCAAATACCGGAATTTACCTCCTTACGCCACGGGAAAAAACGCGCACAGAGATCAGGGCAAAATTATGTACCACAACCCAACCCAGCCCTGAAAGGGCGGCATATCAAAGCCCGGGGTGCCAACCCCGGGACTGCGGCCCAACAAGATCGGAGCCCTGAAGGGGCGGCATACTATCGGGAGTATGTTTCGCCTATATTCTTCGAAACTTGCACGCGCATTGCGTATACAGCCGGTAATTTACCATCGAAGCCGCACCCGTACCGCTCCTTCCATTCACAGCCAATCAGCTTGCACCGAAACCCACGGGCTTTGACCATCACTCCCACACCCCGGCCCGCCGGCATTGGGACGTTTAAAGGGATTGTATGCTGTTCGGACTTCATGGCCATTTAAACGCTTCTACCGGGGCCACCCCTCTCAAGAGGGGAGTTTTTTATCCCAAATAATAACAGTATGATAACCTAAAAATGGCAAACTGACAAAATCCCTGAAGGGGCGGCATAACATCGGGGGGGGATTTGCCGGGTATGTTCGAATTGTGTGCGGATAGGGCTGCTAATTTTGTTTACGGAGTCTCATCAGCCTCCTTTTTTCCTTTCATGACTTATCAGCTTGCACCGAAACCCACGGGCTTCG
CP027806.1_gap64	2225657	2228184	2527	GGCGAAGCTCTCAAAATTGTACTCGATGAAACCGGCTACTCCAGCGCCGACATCGATCTGTTCATCCCCCATCAAGCCAACGCCCGTATCATCGAGTTCGCTTCACGACAGGCAAGGCTACCGGCTGAGAAAGTCTTCGTAAACGTTGACCGCTACGGCAATACCTCCGCTGCCTCAGTACCCATCGCATTGACGGAAGCTTTCGAGCAAAACCGTCTAAAAGAAGGTGACCTTCTCGCCCTCGTAGCCTTCGGTGCCGGCCTGACCTGGGCGTCCTGTCTCTTCAGGGTGTAAGAAAAAATACCTCATTCAAAAAAAGCCTGACGCGAACCAACTGCTGCGTCAGGCTTTTTTTATAATGGAAAGGGGGCATTCCGGAAGCCCAAACGCAGCGTAAGTTACAGACACTTTTCTTGGGTACTATCATCTTTAGACCACTTAACCCTGAACCGCCAAAACGCCCTTCTGCAAGAAGGACGCCCGGGTGAGCGCAGCGAACGGGCGGAGTGTGACAGCCCGAATGACTGAATTGGCACCCTCAGGCCACAGATAAACACTGCGTAAATCAAATTGGTGCAAATAATAATTTCCACAATCTGACCAAAGTCCTGAAAGGGCGACATACCACAGCCCGGGGTACCAACCCCGGGAAGAGACCCGACCACACAAGTTGAGCCCTGAAGGGGCGGCATATCATCGTGATTACTTTTTGCTGGCCATGTTTGAATCGTGGATGTTCATCGCGGATAAGGCCGGTAATTTATTTTGTGATTCGTATCAGCTATGTTCCTTGCTTTCACGGTTTATCGGGTTGCACCGAATTTCAAAGGCTTCGACCGGCACTCCCACACCCCGGCCCGCGACCATTCGGGCGTTAAAATGCTTCAAAAGTGATACACCTTCATCAATCCAATCACACTTCTAACGGGGCCACCCCTCTCGAGAGGGGAATTGGGAAGTTCCGTATAAGTAATAACTTATATGCCTGATTTACAGTTTATTGGCCTCGAAGTCCTGAAACGCTACGGAACCAAAACTCCCATCTGCGAGAGGGGTGCCCCTGGGAAAGATGTAATTAGCGGCAAGAGACCGAAAAAAACACATATTTAAAACAGCCCCGATGGTGTCGGGGCGGGGTGTGACAACCCGGATATCGGGGTTCGCTACCCTCACGCCACAGATAAACACCGTGCATTACAAACAGGTGCAAAAAGTAATTTCCACACCCTAACCAAAGCCCTGTAAGGGCGGTATATCACAGCCCGGGGTACCAACCCCGGGAAGAGATCCGACCACACAAGTTGAGCCCTGAAGGGGCGGCATATCATCGGAGATAATTTTTACCGGATTTGTTTGAATCGTGCACGTTCATCGCGGATAAGGCTGGTAATTTATTTGTGAGTCGCACGAGCCCCGCTCCTTCCTTTCACGGTTTATCGGGTTGCACCGAATTTCAAAAGCTTCGACCGGCACTCCCACACCCCGGCCCGCCACCATCCGGGCGTTGAAATGGTTCAAAAGCTATACAACTTAATCAATCCTATCACATGCGTACTGAGGCCACCCCTCTCGAGAGGGGGAATTGATAAGTTCAGTGTAAATAATGACTTATATACCTGTTTTATGTCTGATTTTAGCCTGAATTACACTTTATTGGCCTCGAAGTCCTGTAACGCCACGGAAATCAAACTCCCATCTGCGAGAGGGGTGCCCCTGGGAAAGATGTAATTAGCGGCATGAGACCGAAAAAAACACCTATTTAAAACAGCCCCGATGGTGTCGGGGCGGGGTGTGACAACCCGGATATCGGGGTTCGCTACCCTCACGCCACAGATAAACACCGTGCATTACAAGCAGGTGCAAAAAGTAATTTCCACACCCTAACCAAAGCCCTGTAAGAGCGGTATATCACAGCCCGGGGTGCCAACCCCGGGAAGAGACCCGACCACACAAAATGAGCCCTGAAGGGGCGGCATATCATCGGAGATAATTTTTACCGGATTTGTTTGAATCGTGCACGTTCATCGCGGATAAGGCTGGTAATTTATTTGTGAGTCGCACGAGCCCCGCTCCTTGCTTTCACGGTTTATCGGGTTGCACCGAATTTCAAAGCCTTCGACCGGCACTCCCACACCCCGGCCCGCCGGCTTTGGGGCGTTGAATGGGATTTGGTGCTGTTCAGTCTTCATTGCTCTTCACACGCTCCTACCGGGGCCACCCCTCTCGAGAGGGGGATTGGTAAGTGTTGTGATAATAACACCTTAGAGACCATACTTACATTTTTTTGGCATTGAAGTATTAAAACACCACGGCCCCATCATCCATTAAAAATAAAACTGTATTCTGAAAACGAAACGCATCCCAAAACCTTCCAAAGTTTAAAAAAACCCTTGGAAGGTTGATTTGGATCCGAAGAAAATTAAAACAAAACTATCATCCCATCATCCCGCTGAATTAACGGTGCTGTAAATGCCTACAGCTTCTTGGGTATTGCGGGATATCGTTTCAAAATATTGGATGTTGTAAC
CP027806.1_gap65	2250660	2255517	4857	AAACCGGGTTCCATTGCTTCATCATCACCGAAAAGAGCGTTTTCGAAATTGCCGCCTAAAAACTGTTCTTCAGCGAATGACATGGCTTCCCGTGCATTGTTTTCTGCAGAAGCCGAACTGGTGACAAACCAAATAATTCCACTGATTAGCGCAATAACGGCAATCAAACCACCGATGATTGAGCCTTTATTTTCCTTATAGAATGCGAGCGCTTTAACGTAGCTGGTTACGAGAGCATCCTGTTCGAGTTCTTCCTTAGAAAGTCTGTTGGACATTTTATTTTGGGCGAAATTTAAGTTGTTTACAGAACGGCTAAAATAAAGCGTATTAGATGATTAGACAAGTCAAAAATTCATTTCACCGGCTACAATATTGCCTTGCTCAATGCGCAGCACACGGTCGCAGCGGGACGCTATTTTGCGGTCGTGCGTTACCATAACTACGGTTATACTGAGCGCATTGCGCAGCTCAAAAAGCTGATCGAGCAAGGTTTGGGTGTTGTGCTCGTCGAGGTTGCCGGTTGGTTCATCAGCAAGTAAAAGGTCCGGTTCATTCATCAGTGCGCGTGCAACAGCAACCCGCTGCTGTTCACCACCCGAGAGCTCCGACGGCCGGTGATGGCCGCGTTTGGCAAGGCCGAACTGACCGAGCAACATTTCTGCGCGCTCGTTCCGTTTTTCCGCAAAGTGATTACCGATCAGGGCCGGCATCATGACATTTTCAAGGGCAGAGAATTCCGGAAGCAAATGATGAAACTGAAATACGAAGCCCATGTTTTTATTCCGGAAACCAGCAAGGGCCGCGGTGTTGAGGGTGCTCATATTTGTACCCCGAAAAAAAACATCACCTGAATCAGCGCGGTCAAGGCCCCCAAGGAGATGGAGAAGGGTACTTTTGCCGGAGCCGCTTGCGCCAACGATGGCTACAATTTCATTGGCCGCAATATCAATATTTACCCCTTTCAGGACTTCGAGTTTTTCTCCTGATCCTTTCTCTTCGTATGATTTTTTCAGGTCACGGGCGTAAAGTATCGGTTCCACGAGCTGTCTTGGTAAATGTGAGCGGGGAAAGGCAGGGGAGGGTTACGATAAATTGGAGCTTCTGAAACCAGGATATGCAAAGGGTTCAATATGCTCGCATTTGCCGTTTTCAGTATTGATGAGGGTATGAATGCCGCACATACGGTTATCGCCATTGGCCGAGCTGTACTTGTGCGGGGTTTGCAGCAAGAAGCGTTTGATGGCTGTATCCTTATCCATGCCGATTACCGAGTTGAACGCGCCGGTCATGCCCACATCCGTAATGTAGCCGGTACCTTTCGGTAGAATGCGGGCATCGTTTGTCGGCACATGCGTATGGGTTCCGGCAACGACAGAAACCCGGCCGTCAACATACCAGGCAAAAGCCTGTTTTTCAGCTGTTGCTTCGGCATGAAAGTCCACAAATATCAGATCTGTCTCTGTCTTAATTTTATCAATTACCCAGTCGGCAGTGCGAAACGGGCAGTCTATGGACTGCATGAAAGTGCGCCCCTGCATATTTATAACGCCAATTTTCAGGCCGGTTTCGGGTATGTCATAAATACCATAGCCATACCCATGCGCACCTTTCGGATAATTCAGGGGGCGTAACAAATTGGGATCTGTTTTCATGTACGGGTAGATCTTCCATTTTGCAAAGCTATGATTGCCGCCGGTTACAACGTGCGCCCCGAGGCGGTAGAAGTTTTTGACAATTTGCTCATTGGTTCCCATGCCTTCATGAGCGTTCTCCCCATTAATGACTACAAAATCGGCGCTGTATTTCTTGATGATTGTTTGGAGGAAGGTATCTGTAAGCGCGATTCCTGCGTCGGATACGACATCACCGACGAATAAAAGACTGATTGTATTGGGCATGTGGGATAAATAAAAAAAGGACAGCGGGAATTGCAAAGAACCGTTTTACACACGGTGGGAACCCTCTCATGCGAGTTCGTCTTCCACTATTTCCCGAAGGAACATGAGGCACGACGTTGTCGCACAAAGCCGGACTCCCTGTTGATTAAATATCGTTCAAGCAATAACCAAACGCTGTCCTTAATTGAATATACTACTTTTTTTTGATTTTGGTAGTGTTAATTTGATTCAGGCTTTCCTGCAGGCTCTCGGCGACTTCACCGAAAAGCACATTATTCAGGTCTTTATCGAAAGAATCGGGCATGTTTTTTTTCAGAAGAAAAATTTCTTCCGCAAGGCTCAAACAGCTCAGAACCATGATGGTGTCGTTGGGCTGCCCTGCAAAGTGCTTTTTCATGTCTTTCAGACGCCGGTCCACAAATTGCGCTACTTCTTCCATCAGAAGCTCGTCTCCGGGCTGCACCTTGAGCGGGTACTGCTTGTTGAGTATGGTGACTTTGATGGATTTCATTCTTTCACTTCGAGATGGCGGTCAAGACGGCGAATCATGCGCAGTAATTGCTGCTTCAGGATGAGCCGTTCTTTTTGGGTTAAAACCGGCTCTCCTTCACGCAGCACAAGCTGATCTTTCAGCTTGTCGTTTTCTTTTTTTAAGCGCTGATTCTCCTGCACAAGATCATGATAGCGTTGCGTAAGATCAGCGGTTGCGGCCTGCATTTCGGCCAGCAAACTGCGAAGCTCCTGCGCCCGCTGTGCTGATTTTACGCTATGTAGAACTTGTTTGTCTTTCATTGCCGGTTGCTGTTTGCGGTCTGACTATCCCCTGAGCTTTGCCCCGAATGTTTTATCAAGCCCTTTGGTGAGCTTGTTGATGATGGAGTTGACGTCATCAATGGTAAGCGTTTTTTCGCCATCCTGAAAGATGAGTCTGAACGCAACGCTCTTTTTCTCTTCACCAAGGCTTTTTCCTTCAAAGACATCGAAAACACTGACGGATTTCAGGCGCTTGCCCCCATGTGTTTTGATGTAGCTCAGTAATTGAAAGGCTTCGAGCTCTGCGTCAACAATTAACGCAATATCGAATTCAAATGCAGGAAATTTCGGAACAGACGCATAGCGGACCTGCGGACGCTCCCGCACAAGTTTGCTTAGTTCATCACAGTTGATCTCAGCTATGAATGCAGGGACTTCAAGGTCATGCAGCTTTGCTTCGGCGGCCGTTATCTGACGCGCGTACCCCATGCGGGTGCTTCCGTTTTGGAGGTGCAGAATCTGATTTTCGTACGCAAAGCTGATTTTGTCTTCCAGCTGAAGATTTCTGAAGAGTCCGTTTAACAGGGCTTTAAGGTCGTGAAAGGTGAAGACCTGTGCCGGGTGCTGCCAGTGCTGCACCTGCTTGTTGCCGGCAATCCCGATCAGAAGGCTGGTCGTTTCCTGAATGCCGCTAATCCAGCTGCCTTCCCCGGAAGAAAAAACGCGTCCTATTTCAAAAGCCCGGAAGCTTTCAGCTTTGCGGTTGAAGTTGTAGGCCGCTGATTTCAGAAAGCCGTAGGTCAGGTCCGGGCGCAGGATAGCCTGGTCGCGAGAAATGGGATTCAGGGTTGGGATAAGCTGTGCTTCCTGCGCTTCGGTGAGCCACTTACGGATGGTTTCGGGAAGGAGGGAGTTGTTGTACAGCTCCGTGAGTCCAAGCCGGATACAGGCGTCGTGCAGGCTGGTTTTGAACTGCTCTTCAAAGGGCGTGACCGGCGGCCGTGCAAAGGATATGCACCCCGGAGTTGGGATGTTGTTGTAGTCAAAAATCCGGGCGACTTCTTCTATGAGATCTACTTCGATACTCACATCCGGGCGGTAGGTCGGAACGGTGCAGTTAATGCGGTCACCCGCGGCCTGTGGGGCAAAGCCGAGGCGCGCTAAAATCTGAACCATGGTTTCCTGCGGTATTTCCGTGCCTATCATCTGATTGGCGCGTGCTACCCGCAGGCTGAGTTTTTTGGGTTCAGTAACTACGGGATGGATATCCGTAACCGGCCCGTCAATTTCTGCGCCTGTCCATTCTGCAATCAGCTGTGCACAGCGCAGGGCCGCTTTGAGCGTGATCTGCGGATCAACGCCGCGTTCGAAGCGGTAGGATGAATCTGTTTGCAGGGCCAGCGCACGGGATGTTTTGCGTACGCTTACAGGCTCAAACCAGGCTGATTCAATAAGGATATCAGTTGTATGGTCCTGGATTTCAGAGTTTAATCCGCCCATTACGCCTGCGAGTGCGACCGGTTTTTCGGCGTCGCATATAAACAGGGAACCTGCCGGTACTTTCTGTTCGGTTTCGTCCAGTGTCGTGAAAGTGATCTCCTGACCAAAAGATTTAACGACAATTTCCGGACCGCTCAGAGTGCTGATATCGAAGGCATGGAGGGGTTGCCCAAGCTCGTGCAGCACGTAATTGGTTGCGTCAACTACTGCGTTTCGGGGGCGCAGTCCGATGGCCTTGAGACGGTTTTGTACCCATTGCGGGGAGGGCTGCACCTGTACGTTTTTCATCACGATACCCGCGTAGCGATGGCACAAATCCGTGTTTTCAATGCGAATGCTGATACGCGGATTTCCGTCTTCATGATGGGTGATGGAGGCGGGTTGGAGCGAGGCTGCGGGATGCGTGAAAGCTTCGCCGGTTACGGCAAACAGGTCGCGGGCGGTGCCTGCATGACAGGCTGCGTCGGGGCGGTTTGGCGTAAGGCCAATTTCAAGGATGGTATCCCGGGTGCCGGGTACGACATCTGAGAAAGGCGTGCCGGGGGATAGGGCGCTGTCAAGTACCATGATCCCGCTGTGATCGGTTCCAATGCCCAGCTCGTCTTCGGCGCAAATCATCCCGAATGACAACTCGCCGCGGATTTTCGATTTTTTAATATGAAAAGGTTTGCCGCTTTTGTCGGTTACCGGCAGGGTTGCGCCAACT
CP027806.1_gap66	2275099	2279472	4373	ACTTAGTGACACAATGGAAGAAGGTGTCATTGCAAAATGGAACGTTAGTGAAGGTGACGCGGTAAGCTCCGGAGACATCATTGCTGAAGTTGAAACAGACAAAGCAACAATGGATGTTGAAGTTTTCGATGACGGCACAGTTCTCAAACTCGTTGCGAGTGAAGGAGACGCTATCCCCCTAGGCGGAATAATCGCAATCATCGGAGATGAAGGCGAAGATATCAGTGATCTTCTTGATGGCGACAGCTCGTCCGCTTCCGGTAAAGAAGCGCCCGCGAAAAAAGAGAAAGAACCTAAGGAAGTGGAAGAAGAAGAGAAAGAATTTGATCCGCTCTTTGGCGAAATTGAGGATAAGGACGAAGCTGGTCAGGAAGAAAGTGCCGAATCAGCTGATTCGGCTTCTGATGAAGACGGTCGCGTAAAAGCTTCACCGCTTGCCCGCAAAATGGCCAAAGAACAGGGCATTAGTCTCAGCAAAGTTAAGGGCAGCGGCCCCAATGGACGCATAGTGAAGGCTGATATTGAAGGATATAAGCCGGAAGAGCAAAGTCCGAAACAACAAGCTAAATCTGAAGAAAAAGCTGCACCAGCGACCAAACCCGCCGCTGCAGCCGCCGTTAATTACGAAGATATTCCCATCAATCAGATGCGCAAAACCATTGCGCGCCGCCTGAGTGAGAGTATGTTCACCAACCCGCACTTCTATGAAACGATTGATATCGACATGAAGAAAGCGGTACAGATGCGCGAGAGTTTAAATGTAATGCCCGATGTGAAAATCAGCTTTAATGACATGGTTGTTAAAGCCTGTGCTGTTGCACTGCGCCGCCATCCAAAAATCAACAGCTCATGGCTGGGCGACGTAATCCGTATGCACAAAGATGTTCATATTGCAGTAGCGGTAGCCGTTGAAGACGGTTTGCTCACGCCTGTCATCCGCGATACGGATCGCAAAGGATTTGCTGAAATTGGCAAAGAAGTACGCGAGCTTGCCGGCAAAGCCAAAGAGAAGAAGCTGCAGCCCGATCAGATGGAAGGCAGCACCTTCACGATCAGCAATCTCGGTATGTTTGGTATTGAGGAATTTACAGCAATCATCAACCCGCCTAATGCCTGTATTCTGGCCGTAGGAGCTATTCGGGATGTACCTGTTGTCGAGAACGGTGAAGTCGTCCCGGGCAAGCGTATGAAGGTAACTCTTTCCAGTGATCACCGCGTCGTTGACGGTGCACTTGCCGCTCAGTTCCTGCAAACGCTGCGGAGTCTGTTAGAAGAACCAATGGGTATGTTATTGTAAACCCATTGCTGCACAATGATTAAAACAGCCGGAATCTCTCATGCAGGTTTCGGCTGTTTTTTATTTAAAGTGAAACTGATTTGCGCAATCCTACAAAATAAGTTTGGATTTTAGTCACACTGTTTTACCTTTACAGACATATTACCCTTTAAAAAACCTTCAATTTGTACCCCGTGAAATATTTGATTTTGGGTGCCAAAGGTCAGCTTGGACTGGAATGGACCAAATACCTTCAATCTCACCAAATTCCTTACCTGGCAACAGACAGGGACGAGCTTGATATTACTGAACAGCAAGCTGTTGAGGACTGTCTGAATCAGTTTAAACCGGATGTTGTGCTTAATTGTGTCGCATATACCAATGTGGATGGCGCAGAAACCGAGACCGATGCCAACGAACGCTTGAACCATACGGCACCCGGTTTAGTCGCGAAACTTTGTGAGGCACATAGAATTACCTTTGTACATTACTCTACCGATTATGTATTTAGCGGCAAAATTACCGATAAACAAGTTTATCCTGACGGGTATCCAGTAGATGCGCCCGTAAGCCCGGTAAATCAGTACGGGGCTGCAAAACTAAGGGGGGAGCAAGCTGTTCAGGCAGCGGGTGAGAATCATCTCATCATCCGGATTGCCTGGCTTTGCAGTGCATACGGCAAAAACTTTCTGAAAACCATGCTTCGCCTTGGTCAGGAAAAGCCTAAACTTTCGATAGTCAATGATCAGTTTGGATCACCGACTTTTACATTTGATGTAGTTGATGCAACTGCAGCAATTCTGGCTTCGGGGCAAAGAGGGGTGTTTCACCTTACATCTGAAGGAATGTACACCTGGTTCGATTTTGCAAACGCTATATTTAAGGCCTCAGATATTACGGTTAAAACAGAGGGAGTTGACAGCAGCGCTTATCCTATGGTTGCGAAACGCCCGGCCTTTTCCAAGCTTGATAACAGCAGGTTCAAAGCTGTTGCCGGTGGTAAAACCTATCAGATGGAACAGGGTATAAGACGTGTGCTGGATGAATTAAACAAACAATCCTAAATTTAGAATATGAAAGTAATCAGAACAGAAATAGAAGACGTTGTTTTTATTGAACCTAAGATATTTGGTGACATCAGGGGATTTTTCACCGAGACCTATCGAAAAAGCTGGTTTGATGAAGCGGGTGTACCCTCCGTATTTGTGCAGGACAACCTCTCACGCTCAAAAAAAGGTACGCTCAGGGGACTTCACTATCAGTTTAGAAACCCGCAGGCCAAGCTTGTTATGGTAACCCGGGGTGAAGTACTTGATGTCGCGGTTGATATTCGAAAAGGTTCACCTACTTTTGGCAAACACGTAAAATCGGTGCTTTCTGATGCAAACAAAAGAATGATTTTTATACCCGAAGGGTTCGCACACGGTTTTGTTGTGCTGAGCGACGAAGCCGATTTCCAGTATAAGTGCTCCGATTACTACGATCCCACAAGTGAGCGGGCAGTGTATTGGAATGACCCTGAGATCGGCATTGACTGGGGAATGGGTGATCCCATCCTCAGCGACAAAGATAAATCAGCAAGATTGCTCAAAAATGTACCGGATGACGAACTTCCCGTATATACCGGACCACATAATCTCTAATTTTAAGTCCAAACACCTATGAAAATCCTGATTACCGGTGGCGCCGGATTTATCGGTTCTAACCTCATACTCCATCTTCATGACAAGTATCCTGACTACGAAATTCTAAACGTAGACAAACTCACCTATGCGTCTGACCTTTCCTATCTGAAACCTTTGGAGAGCAGCGAGCGCTACAGTTTTTCACAAACTGATATTGTTGACCGGGAAGCTGTGAGAAAGGTCATTCAGGATTTTAAGCCCGATGGGATTATCCATTTGGCCGCTGAATCTCACGTGGACAACTCCATTGCAGGTCCTGAGCCCTTCATCCTGACAAATGTACTGGGTACTTTTAATTTGCTGGAAGAGTGCCGTGCCTTGTGGAGTGCCGGAGAAAAAGAATTCAGTGCGTACCGTTTCCATCACGTCTCAACTGATGAAGTGTACGGCACCTTAGGAGATACTGGTCTTTTTAGTGAAACAACCCCCTATGCACCCAACTCTCCCTACTCAGCAAGTAAGGCTTCAAGCGATTTTGTAGTGCGCTCGTATCATCATACATACGGCATGAACGTAGTCACTACCAATTGCTCGAACAACTACGGCCCGCATCAGCATGACGAAAAACTGATTCCGGTTGTGATACGAACCGCTTTGAGCAAAAAGCCAATTCCGGTTTATGGAAAAGGGGAAAACATTCGTGACTGGCTCTTTGTTCGCGATCACTGCAAAGCGATCGACATGGTGTTTCACGATGGCCGCAGCGGCGAAACCTACAACGTAGGCGGAAGAAACGAATGGAAAAACATCGACCTTGTTCGTGCCATTTGCGATGAGCTGAATCTTCTGACTGGAAACGGCCCGGACGGGGACTATAAAAACCTCATAACATTTGTAACCGACCGTCCAGGTCATGATCTTCGCTACGCAATTGATGCTACGAAACTCGAGCAGGAGCTTTGCTGGCAAAATACGCAGGACTTCCGCCGGGATTTGCGCGAAACCGTAAACTGGTACATTCAGAAATACACTTCCTGAAGCCCTGTGCTGCGTTTGGGGTTTTTAAAGCTTCTCCAAGTACGCTACTGACATTGAGAAGCTATGTTTAGCCCGCGCTCCCATTACACTAGTACCCCAAAAATATTATTTTTTGCTATCTCTGATTTTAGCTTTAAAGCGCTTAAATTTAGGCCTGTAGATAAACACTCGCAGTGTTGTTCACTAAGCGGGTATAGCTCAAACTTTCTTTCTGTTTACTTATGTTAAAAAAAATCTGTAGTCTTTTGGCAGTCACGCTCTGCCTCTCAGTCTTATCTGAAATTCATGCGCAGTCTTTTGGCACTAAACTCAACTTTGGAACACAGGGTATAGGTGTTGAAGGTGTGCTTCAGGTTTCTGAGCCGATTAATGTTCGTGTTGGTGCCAATTTCCTTGGGGCAAGCTATCTCTATGAAACCGATACTGATGACGAT
CP027806.1_gap67	2281476	2283501	2025	ATGTAGGCAATACCAGCAGAGGTGAGATAACGCTGGGGATACCCGGGCCCGGAAATTATTCATTTGGATTGTATTTTGAGGATCGCTGGTATCAGTATGAAGCTGATCTCTCCGGATTTACCGATGGAGATGTATATAGCGAAACAATAGAACTTCCGGATGATATTTGTGCTGACCTTTAATTAAAACTGTAGATATTTCGCAGAACAGCCTCTTTTTGAGGCTGTTCTTTATCATTCGCAGCAAAGCACAGCAAACTGAAACAGACTTGCGCTTTTCAGCTCTTGGGAAATAAGTAACATTACTTACCGAAATCATCGGATTAACATGCGGCTTAATTGTTTGGAAAGCATTATTTTGAGGAAATCCCATATTAAGAACATCCAACACTCATAGTCGAAGCGTTTAAATCCTTCTTTATAATGCAAAAAGCGTCCATTGAATCAAAGATTTTAAATAACCTCCCGGCACTTACATTTAGATACTATGCCAGTGATAGCAGTTCAAATCTGAGATTTGATACTTTTAACAAAAAACCTGCCGACTTTTTTGGAGTCAGTAGTACGGATGCTGAACCTGTTCTATGGGATTTTATTCACCAAGATGATGTTGCAGAGGTAGCGTCAGAGTTAAAGACGGTTATAGATCAGGGTGTGCAGCGCAGTTCGGAGTTTCGTGTTTCGGGTCCTGTCTCTCATTGGATGGAAATTTCTGTGAGTCCGCCAGTTCTTACAGATGGTGTTTGGGTTGGTCATGGTTTGATAAAAAAAGCGGGAAAAGCGAGGCTTGAGCTCAAAGCAAGTGAGGAAAAATTACAAGGGCTGAACGAACTACATAGCCTTATTACGCGCTTTGCCTCGATGCTGATTCAAACAGGTGTTCACGGACTGCATGACGCCATCAATGAAACCCTTCGTCTGCTCGGTGAATATGCTGAAGTTGACAGAGTTTATATTTTTGAGCATCAGGAAATTACAGATACCGTTGATAACACCTTTGAATGGTGCTCAGAGGGCATAAACCCGGAAATTGAAAACCTGCAGGGCATTCCTTTTGATGCCGTGCCTAAGTGGAAAGAAAAATTCGGAAAAAAAGAACACGTATACATACCTAATGTAGCAGAGATCCCCGAGGAATATAATGCCGAGAAGGAAATACTTGAACCGCAGGGGATCATTTCATTGCTGGCACTACCCATGTTTTATGGTGAAGATTTCATTGGTTTCATAGGTTTTGATTCTGTAAGGAAGCAGCGAGTGTGGTTTGATGAACACATTTCTTTATTAAGACTTGCAGGTGATATTATTGCAGGATCGATTTTCAGAGAACATTTTGAGAAAGCAATTCTTGAGGCACAACGAAGGGCAGAAGAAGCAAACAGAGCTAAATCAGAGTTTTTGGCTAATATGAGTCACGAGATCAGAACTCCCATGAATGCGATTCTTGGTTTTAGCGAAATTCTGCTTAATACCATCAGCGAAGAACGCAATAAAGGATATCTCGCTACAATTATGAGCAGCGGTCGTACGCTGCTGTCTTTGATTAATGATATTCTCGATCTGTCTAAAATTGAGTCGGGTCAGCTCGAAGTGCAGGAAGAACCTCTGGAAATTGTGAGTATTCTCAATGAAATGCTCCAAATATTTTCCAATAAGGCAGACGACAAAAAACTAACGATTGATCTTGACATCTCGGAGAGTTTGCCATCCATTGTGCTGCTTGATGATGTAAGGTTACGCCAGATCTTGTTTAATCTTATAGGTAATGCCATTAAGTTTACCAGTCAGGGCGGTATCGTAATTCGTGCATATGCCGAACCTGGTGAAATTGCTGAAGACCTCTACGATATCACCCTGGAAATACAGGACTCCGGTATCGGTATAGGGCCTGAGCACCATGACAGTATATTTGATTCATTTTTTCAGGTAGAAAGTGATAACACCCGAAAATACGGTGGAACCGGACTTGGACTGGCCATTACCAAAAAGCTTGTTTTAATGCTGGGGGGGGAAATTAGCGTAAAGA
CP027806.1_gap68	2287902	2292731	4829	AGCACGTGATGCTCGTTGATCTCGGCCGCAATGATCTCTCCCGCATTTGCAAGCCCGGCACAGTGCGCGTCACCAAAGACCAAATCATCGAGCGCTATTCGCATGTGATGCACATCGTGAGCGAGGTCACCGGTCAGCTTGGCAGCAGCTCAACCGCGGTTGACGCACTTCAACACTGCTTTCCCGCGGGTACGGTAAGTGGTGCGCCAAAGGTCAGGGCTATGGAAATTATCGATGCCCTCGAGCCGGTGAAGCGGGGCCCTTACGCAGGCGCGGTCGGCTACTTTGATTTTTCCGGCAACATGGATACCTGTATCGCCATCCGTACGATGGTCGCTACGCGCGACACGGTTTACATTCAGGCAGGTGCCGGCATTGTAGCGGACAGCGTACCTGAAAATGAGTATCAGGAGACCTACAACAAAGCCCGCGCGCTTTTTGAAGCGCTGAAACTATCCATAAAAATGTAAGCTTCATAAACAGAATCCAATATTTCCATTTTCTAAACTTCTATGAGTCAGCGTTCCGCTACACCTGTCATTCTTTCCGGCATTACGCCATCCGGACGCCTGCATGCGGGCAACTATTTCGGTGCCATGAAGCAGCACCTTGAGTACATCGAAAAAGGGGAGGCCTACTACTTTATTGCCAACTATCACGCGCTTACTTCGCTGCGGGATGGCAAACTGCTCGAGCAATACACGCTTGATGTCGCCCTCGATTATCTCTCTCTTGGCCTTGATCCCGAAAAATGCACCTTCTTTGCCCAAAGCGATGTGCCCGCCGTTACCGAGCTTGCCTGGATTTTAGGCACGCTTTGCCCGGTCAGCCTGATGGAAAAAGGTGTTGCCTACAAAGACAAGGTCGCGCAGGGGCTGCTACCCAACATCGGTCTTTTTACCTATCCCATCCTTCAGGCGGCGGATATTCTGATTTATCACTCCGACATTGTGCCGGTCGGCGCGGATCAGAAGCAAAACCTCGAGTTCGCCCGTGATCTTGCCCAAAAACTCAACAATACCTTCGAGGGGGAGTACCTTAAGCTGCCGGAGCCTTATATCGTAAAGGACGTAGCCATTGTGCCGGGTATCGACGGGCGGAAGATGAGCAAGTCCTACAACAATCACATTTTCATTTTTGATGAAGGCAAAGTGCTCAAGAAAAAAGTGATGAGCATTATCACGGACGCAACGGCACTGGAAGACCCCAAAAATCCGGATACCTGCAATGTGTTCAGCCTGATTAAGCTGTTTGCGACCCCTGAAAAACTTGCGGAGATTCGCGCTGCGTACCTTGCCGGCGGCTACGGCTACGGTCATGCCAAAAAGGAACTGCTCACGCTCTTCAGCGATTACTTTGCCGAAGCCCGCGAGCGTCGTCGTGAACTCGAAAAAGACTCTGATACCGTCCGCGATATCCTTCGCGAAGGCGGCCTTAAAGCCCGTGCGCGTGCCGAAATGGTGATGCAGCCCATACGTGAAGTTACGGGTATCATCAGAACCCATTAATTTCTTTTGCTTTAGATCATGATTCTCATCATCGATAATTACGATTCATTTACCTACAATTTGGTGCACCTTGTGGCGATGCATACTGATGACTACAAGGTTGTGCGCAATGATGCCATCACCCTTGAGGAAATCAAAGCGCTTGCCCCGGAGAAAATTCTGATTTCGCCGGGTCCGGGGCGTCCGGAGGATGCTGGGATTTCGGAAGCCATCATCCGGGAAATCGGGCCGAAGACGCCGGTTTTGGGCGTGTGTCTCGGACATCAGGCGATCGGGCAGGTTTTCGGCGCGACGGTCACCTATGCGCCCAGCCTGATGCACGGCAAGACTTCCATCATAGAGCATCAGTCCAAAGGGCTCTATCGCAATGTGGCGCAGCACTTTACGGCTACCCGCTATCACTCGCTCGTGCTGCAGCCGGAAAGCATACCCGATGTGCTGGAAGTAACTTGTCAGACGCCGGACGGCGTTGTGATGGGTGTGCGGCACCGGGAGTTTCCGATTGAAGGGATTCAGTTTCATCCTGAGAGCATCCTCACGACGGAAGGTCCGAAGCTGATCGAAAACTGGATTAAACAGGGGAGCATTGTTTCGGACAGGACGTCAACGGATTCTCAAACACCCAAAGAGGGAAGCAACTGATGGTTTTTTCTGATTTTAAACAGGTGCTTGAACGGATCGCCGAAGGGCGGAAGCTTGAGCGGGATGAAGCCCGGCAGGCGATGGAATTTGTGGTCAAGGGTGATGTGAACGAGGCGCAAACGGCAGCCTTCCTGTTTGGCATGCGGCAAAAGGGCGAAACAGCCGATGAGCTCACCGGCTTTGCCGAAGCCATGCGCGCGGCCATGATTCCGGTGGATGTGGATGTGACCGGTTCGGTTGATCTTTGCGGAACCGGCGGCGATCACAGCGGCAGTTTCAATATCTCGACGGCGGCCATGTTCGTGGTTGCGGGCGCAGGCGTTCCGGTGCTGAAGCACGGCAACCGGAGCATTTCGAGCAAAAGCGGCAGCTACGACGTGCTCGAAGCGCTCGGCGTTGCACCAGCGCTTGAGGCACCCAAGGTCAAAACCTGCTTCGAACAAACCGGTCTCGCGTTCATGTTTGCGCCGCTGTTTCATCCCGCAATGAAGTACGTGATGCCCGCCCGCCGCGCACTCGGGATGCGGACTTTCTTCAACATTCTGGGTCCGCTGCTGAACCCCGCAGGCGTGAAGCGTCAGCTTGTGGGTACCTTCGATGATGAAACCGCTAAACTCTGTTTCGACATCTTGTATCAGCTTGAGGCTGAGCGGATTGTAACCGTGCATTCCGAAGACGGCATGGATGAGTTCAGCACGGCTGCGGATGCAGGTGTGCATTTTTTAGGGCAGGATGCCATCCCGACCTACACGAAGTTTTCTCCGGAGCATTTCGGTCTGCAGCGGGTTGATCATGAGGCGCTCAGGGGCGGCGATAAGGAGGTCAATGCGGAAATCATCCGGGCTGTTTTGGGAGGTCGCGGGACTCCTGCACAGACGGAAATTGTGCTCTACAATGCAGCGATGGGCATTTATGCGGGCGGAAAGTCCGATGATTTTTCGGAAGCACTTGCATTTGCCCGTGAAAGTATCGGAAGCGGAAAGGCTGCTGAGAAACTGCGTCATTTTGCCGAAGCCACACAGGAGTTAGCCCGTGACTGAACTGAATCTGCCGTTTAATCAGCCGACCATCCTTGATAAAATTGTGGCGCAGACCCGCGAGGATCTGGTGCAGAAAAAGAAGCGGCACAGCGCTGCTGATTTTCGCTCTTTCCAGCTGTATGAGGCGCCGCGCCGGGATTTTAAAGCGGGCTTGCGGAAAGAGGGCTGCATACGCGTAATTGCCGAGGTGAAGAAAGCTTCGCCATCGAAAGGGATTATCCGGGAAGATTTTGATCCCGTGCGGATTGCGGCGCAGTACGATGAAGCCGGGGCCGCTGCGATATCCGTGCTGACCGAGCCCCACTTTTTTCAGGGCGACCTGGCCTATCTTGGGCAGATTCGTCCGGAGGTTTCGGTGCCGCTGTTGCGGAAGGATTTTATTGTAGATTTTTATCAGATTGAGGAAGCCCGGGCCGCGGGTGCTGACGCCATTTTGCTGATTGCGACCGTAACAAGCGGAGCCCAGCTTTCGGAGCTGCTGCACGCAGCAAAAGAAGCCGGTCTGCAGTGTTTGGTAGAGTGCTACAGCCGCGATGAATTTGAAGCACTCCGCTTCAGTGAAGTGGAAGTTGTGGGCGTGAACAACCGCAATCTCAAAACCTTTGAGGTGGACTTGCACCGCGGACTTTCCCTGCTGGCCGAAGCGCCCAATGAGGTCGTCAAGGTGTCGGAAAGCGGACTCAGCACGCCACACGATATTGAAACGGTGCTCGAGTACGGCGTAGATGCTGCGCTGATTGGCGAGCATTTTATGCGTCAGCCGCACCCCGGCGATGCGCTCAAGCGCCTGACCGAAAACTTCAGCTGATTTTCAGCCGGAAACCCATCACCCGAAAAAAACACGCTGTGCAGGAAAAAAGAACAAAACTCAAAATTTGCGGCATCACGCGGCTGGAAGACGCCCGCTTTGCAAGCGGTGCGCTGGTTGACTATCTCGGATTCATTTTTGTGGAAGGCACGCCGCGGTATATCGCGCCGGAGCAAGCCGCCGAAATCATCAGCTGGATTGAGGGACCGCGCTGTGTGGGCGTGTTCATGAATGAGTCCGCGGAGCGCATAAATGCGATTACGGCGGAGAGCGGCGTGCACATGGTGCAGCTGCACGGGGATGAAAGTCCGGAGGTGTGCCGGCAGGTGCTCGCGCCGGTGATCAAGGCGTTCCGGGTGAAGCTGGGCATGAGCCGGGATGAAGTGATGGCGTTGCTGCGGCCGTACCGCGATGTGGCCGAGTACTTTTTGTTCGACAGCTGGGTGGAAGGCGTTGCCGGCGGAACGGGGGAGACCTTTGACTGGAACATCATCCGGGATTTACCCGGGGACTGGCCGATTATGCTGGCCGGAGGTATCCGGGCGGGCAATGTGCGCCGGGCGGTAAATCTGGTTCATCCGCATGCGGTGGATGTCTCAAGCGGGGTTGAGCTTTCACCAGGCGTGAAGGATTTTGACCTGATTGAGGATCTCATGGACGAGATGCGCGAGATCTGGGAAGAACAGGAGCGGTTTTAAGCTTTGTATTGGGTCTGGCTGTCCCGTTCCGGAAATCGACTTAAGGTGAGCCTGTAGTATTGACGGTTTTGGTTTCCGGACTTAAAGACGGGTTGCCTTAACCTTGTATCGAAATCAGAAACTGTTCATGTTT
CP027806.1_gap69	2293740	2295528	1788	AAAAAGTGGACGGCGGACTTTTCGTCGACAAGAACGGCAAAGTCGTAGGCAAGCACCGCGGCTATCCGTTTTACACAATTGGTCAGCGCCGCGGACTTCATCTTGCGATGGGGCGTCCGGTGTATGTGACGCACATTGATCCGGATACCAACACCATCACGGTGGGGGATGAGGACGACCTCCAAAGCACGTACTGCACGGCGAAGCAGATTAATATGGTGAAATATGCGCGAGTGCCCGTGGAAGAAATGCCGGTGACGGCTGCCATTCGGTATAACGATGACGGCGAGCCGGGCTTTCTCACGCAAACCGGCGATGATGAACTGACCATGCGCTTCCCGAATCCGCGCACGGCCATTACACCGGGTCAGGCGCTCGTGTGCTACGAAGGCGACGATGTGATTGGCGGCGGATGGCTCCATAAAGTGAAGATGGACTTCGAGTAGTGCACATGGCCCGCGTGCTGATCGTCACGGATGTCCCCGAAAAATTTAAGCCGAAAGCTGGTTTTGCGCTCAAAACCATGCTTTCGGCTTTTTTTCGGTATGATGATATTCGTCACGCAGCACCGGAAGAGGGGAGGCAGGCTGGTGAAAATCACATCCGTATTTATTACGGCCCTGATGCGCGCGCTCAAAGTGCGTTCTTTGACTTCAGCATACAAATGGCTGAGGATGCGCCCCTGTTTTTTGAGCGCGGGGAAGCGAGAAAGGTTTCCGATGTTTTTTATCCCCAGAAATTTCCGCAGCTGCCGCTTTTGTTTGGCAGTGATGGGGGGGATGCTTTGCCGGATTCATGCCGGTTTATGGTATGGGATGTAGTCGCTTCAGCCTTTTATTTTCTCAGTGACTGGGAGGCCTGGCTGCCGGGCCGACCGCAGGATGCACACGGGCGGCTGCCGTTTAAGGGGAGTCTTACGGATAAGCTTCAGCTGGGCGACCGCGCGATAGTTAATGAGTATGCTGACATTCTGGCAGGATGTATTACATCTAAAAAAGGTCTTGCGCTGAATCCTAAAACGTATGGCGCGCATGCACTTGCGGCTTGTATCTCACATGATTTCGACCGGATAAAAAAACGGTATAAGGGTACTTATGCACGGGAGCTGATCGAGATTCCGCTGCTAAATCCGCACGGGTATTCTGCAGAAAAACGGATGCGGCGCCTTCGGAAAACGATTACCGACCTGCTTCAGCCCGGTGATGGGTATGAGCGCTCCATACTCGGGATGTTTGCGCTCGAAGAGGAGCTTGGAATCAGGCCTACGGTGCTGGTGAAGTCCATCCTTCAAAAGCACAAAAATGATGCTGCCGACTACCTGGACTATCCGTTTTTTGAAACCATAACAGCATACGTGAGACGGCTGGGCGGCGAAATCGGACTACACGCTTCGTATGAGGCTGGCTATAACGAGCCGTTTTTTCACGAAGAATGCCGCAAGTTATCTGCGCGGACGGGCGCGCTTGTGCAGTCTCATCGCTTTCATTATCTCAGGTATTTGCCTGAGCGCCTGCCGCGCCTGCTTGCGGCTGCCGGCATTCGCACGGACAGCTCTGTTGGCTGGGCCGAACGTGCAGGATTCAGAACCGGCTTCACCCATCCATACTTTTTGTTTGATCTGCAACGTAATGCAGCGGGTCCGGTTCTGGAAATTCCGCTGCCGATGATGGAGATGCACCTGCTCGACCGCATGCAGCTGAATCAGGAACGGGCGCTGGAGTATGCCTGCCGTCAGGTCGATCTGGTCAAAAAGCATGGCGGGGTATTGTGCTGGGATTTCCATCATCA
CP027806.1_gap70	2335551	2337997	2446	AATGAAACCGACAGCATTGGGGTTGACATTGGTTCGGCGATCACGGTCAAGCCACACCGTCTGGGCAAGCAATGATATCACCAAACCGAGATCAGGAACATGGTGGATGCTTCTAAGGCTGGTCGAAAGGCGTGTTCTCTCGGTTTGCTCCCGGCTGTAAATTCCAATGCGGTCAGGTACCGCTGCACCAAAAAGCCTGTTTGTATCAATATTTAAGCCGTCATCGCCAGCTACTGTATTAATCAACGCTGCATTAAAGCTTAGTGACGAGAGTAGCATGAGGCGTGGATTAAAAAAAGACTCAAACTCCACCCCTCTGTTGTGGATAAATCGTGAATTTTGTGGTGCATCAAAGGCCCCTAAGAAAGTTCTTGTTTCAACAGGTTCCGGATTCAGAACAGGGGGAGCACCTTCAGGAAATGAAACTGCTTCAAACCGATCAAAAACAACGGGATGAACATCTCTGGTAAATCCAAATGCTCCGGTTGTTTTTTCATCAAAAACGGTAATAGAGAGGTATACTGCGCTACGATCATAAAATAAACCTGTCTCAAACTTGCGGCTTTGAAAGGAGCGCATTTGAGAATTATCAGGCTCAACAACCGATGTGGTTATGAGAATCAGCCTCTCATCGGGGTCAGTTGCGAAGTTGCTGAAGTTAACAACGTCAAAAAATCTCGGTCCCGGAAATAGCATGTTTAGCGGTGGAGCCTTAGCGGTAATGCCATATCCGGCCCTCAGGTTTATACCATGGAAGAGCTCTGTTCCCGCGTTGATCCGAGGGGCAAGTACGGTTCCGAATCTACCGCGAGTAAGCGATTGAGGGACAACATTGTCATATCTCAGTCCGGCTTGTAAAGTATAAACACGATCTCCCCAGTATCCTGCCATTCTGTGCTCCGCATAAAATGACATTACATTGAGGGCGGGTATGTCATCAAACGAGCGCGGACGGTCACCAACTGAAAAGTTTTGACGAGGAGGCCGCAGAACATCGAACTGCCTGCCTTCACCACGGTTAGAATCGTGTTTCCACTCAAATCCGATTACGGGAATATGCAGCGTATTTCCAGCCTGAAGTCGATTGGTATATTCCAGCCGCATATAAATATTTAGTGGATTTCCTTCAACTGTGGTTTCATTTCTGTAATCTGTTGATCCAAAAGTACCGATGATGGTAGTGTCTGTAAGGGCATCGGAGAGTGGAAATAAGCCTACCCGTGTAATATTTTCAGCAAAGAAACCCCGTTGCTGTCTCAGGCTAAAATTGGTATCGAGAGAAATTCTGTGGGAGCGGTCTCTTCTGAAAGCATAGCTGTTATTGGTGGCAAATTGAAAAAAACGATCCTGCGACTCTCTTACCCGCTGACTGACCTCATCTTGCGGATCTCTTCTTCTTTCGTCAAGGAACTGACTCGCCTGAAAACGAAAATTCGTACGTAAAGCGCGATTAGCAAACCATGCTCTTGAAATATTGGCCTGACCTGTTACACGGTTAAAAATATCGAGATTTTGTCGTGGGTCAGCTGATGATTGGGTAAGATTTCCGCTAAAACTGAGGCCTGTACTCGTAATGCCATCTCCTACACCACCACTAAAGCTGGCATCAATAAGGTTTGGATTAAACCTGAACCTCAACTGAGGTGTCATTGCACCTGCTCTTGACTGCAGCAGGACGGCCCCTGTTGTGATATCTCCAAATCGCGCTGACGGGATGCCCTGTACCACTTCAAGGGACTCAATTAAGTCTGGCGGAATTTCCCGCAAGTCAACACCTCTTCCTGCTACAGATGCAAAAGGAGGAAGAGATCCTGGTGCTGCGTTCAGAATAGTAACATCGTCCTGCAAATTGGCATTATTTGATATGGGAATACCGTCCATAAAAATCCCCGTACCAAGCGCATTTGCGCGCGCTGCCTCAGCTGTAGTTGGTACCTGTCGTAGCAAGCTCTGACGCGGCCCTGATAAGGCGGGTGTACCTGACAGTTGCCCCGGAAGCAGCTCAAACAGGTCAGCGAGGCTGGATGCCTGCGTATGTTCAATTGCTTCCCGACCAATACGCCGAACGGTACCGGGTTGCTCAAGACTGTGTACAGCCGTAGCTGTGACAGATATTTCCTCCATATTTAGAGCGCTAAAAGCCATACGCAGCTCAAGGACAACATCTTGCTCAGCCCTCGTATCGACCGTCAATTCGATAGGAACCATTCCAAGGTGGGTTACCCTAAGGGTGGTAATACCTGAGGGTATCGTTACACAGAACTCTCCTTCCAAATCAGTTGTCGTAAAAATATCATGCTCCGGAAATAAGATTACGGCTGCCGGAAGGGGTTCAGAAGTTGCAAGTTCCGTTACGATACCGCAAATTCGTGCTTCTGTATAAGTGTCTGTCGATTTGGCATGAAGGGGCGATAATGCGGTCTGAGAGACAAGAAAGAAACAGCTA
CP027806.1_gap71	2340033	2342241	2208	GTTTCATAGTGGAAGTGTCCTGCCTCCTGACTCATCTGCACAATCTGATCCCGGTTCGCGATGCGGGAGGTGCTCCCCATGCGAATATAAATCGTTTCCTTACCATCGGAGCGAACGGCATACGGCTTCAGCGTACCCTGTTCAACAGAGATCACGGCAATTTTCCCTGCGGACGTGTTTATTTCTTCATAAACCGGAATGAGCGCTGGTGTGATATACTTTCCAAAAACGGTATCCATCACCCATGTTTCGAGATCAGGGCGCTTAATTCCTTCAATTTCCCCGAAGTCGGATACGCCGACAAACACTCTGCCTCCCCGAAAATTTGCAAATGCGACAATATCTTTCGCCAGCTGTTCGGGCTCCGTCTGCTCATGCGCAAAAGAAACCGTTGAGTTTGGCGGCTGTGAAAATACTTCGATCAGGGACTCAATTTTCATTTTACGCGAAGTTGAAAAGAGATGATGGTTCTCAAGCGGAATTTTGGGTGTAGCCCTCCAACCAAAAAAGCAAGGCGCCACGAGACCGATTTGGGATGCCTGAACCAGTACGAAAGCCATTGATGCTCTCGGGATTCACCCCAAAAAAATTACGGACGCCCGGATAAAAAGAAGGCCGGAATTTCAGCTTAGAAACTCCGGCCTGATGGTTGCAAATTGTGCCTACATGTTGCGGCGGTATTGGCCGCCGACTTCGTACAAGGCCTGCGAGATTTGGCCGAGGGAACAGTATTTCACGGTTTCCATGAGCTCTTCGAAGAGGTTGCCGTTGGTTCGGGCGGTTTCTTTGAGGCGGTTCAGGTAGTGCGTGGACTGATCGGCATTGCGTGCTTTGAAGGCTTCGAGGTTGTGGATTTGCTGCTGTTTCTCGTCCTCGGTTGAGCGGATGAGCTCGATTTCCTGCGGCTCTTCATCAGATTTTTTGCCGAGGAAGGTGTTGACGCCAATGATCGGCAGCTCGCCGTTGTGTTTGAGGGTTTCGTAGTACAGGCTCTCGTCCTGAATTTTGCCCCGCTGATACATGGTCTCCATTGCGCCGAGAACGCCGCCGCGCTCGGTGATGCGGTCGAATTCGGTAAGGATGGCCTCTTCGACCAGATCCGTGAGCTCTTCGATGATGAAGGCACCCTGATTCGGGTTTTCGTTTTTTGCCATGCCCAGCTCTTTGTTGATGATGAGCTGAATGGCAAGTGCCCGGCGGACCGACTCCTCGGTCGGGGTTGTAATGGCCTCGTCGTAGGCGTTGGTGTGCAGGGAGTTGCAGTTGTCGTAAATCGCAAGCAACGCCTGAAGGGTCGTGCGGATGTCGTTGAACTGAATTTCCTGTGCGTGCAGCGAGCGGCCTGAGGTCTGAATGTGATACTTCAGTTTTTGGGAGCGGTCGTTGGCGCTGTACTTGTTTTTCATGGCAATCGCCCAAATCCGGCGGGCAACGCGGCCAATGACGGCGTACTCGGGATCAAGACCGTTGCTAAAGAAAAACGAAAGGTTGTGCGCAAAGTCGTCGATGCTGAGGCCGCGCGAGAGGTAGTACTCCACAAAAGTGAATCCGTTGGCAAGGGTGAAGGCCGCCTGTGTTACCGGATTTGCGCCGGCTTCGGCAATGTGATAACCTGAAATGGAGACCGAATAGTAATTTCTAACTTTATGGGTTGTGAAGTACTTTTGTATGTCTCCCATCATCTTAAGGGCAAACTCTGTAGAAAAAATACAGGTGTTTTGCGCCTGATCTTCTTTGAGGATGTCGGCCTGAACGGTGCCGCGCACGACTTGCAGCGTTGCGGCTTTGATCTTCGCGTAGGTTTCGGGATCGACGAGCTTATCGCCCGAGACACCCAGGGTTTCCAGTCCGTAGCCGTCGGAGTTACCCGGCAGACTCAGGCCGTATTCCGGTACCGGCATGCCTTTCTCTTCGAAAATCGCTCTGATCCGCGCCTTCGCTTCATCGAGCTTGCCCTGTTCGGTCAGCCAGGTTTCGACCTCCTGGTCGATGGCGGTGTTCATGAACATCGCGAGAATCATGGGCGCGGGACCGTTGATGGTCATCGAGACCGATGTGTTGGGCTGCGTAAGGCGGAAGCCGGAGTACAGCTTCTTCATGTCATCAAGGGTGCAAATGCTCACGCCGGAGTTGCCGATTTTGCCGTAAATATCAGGCCGCAGATCGGGGTCTTCTCCGTAAAGGGTCACCGAATCGAAGGCGGTCGAA
CP027806.1_gap72	2406552	2411476	4924	TTCAGGGTGAACTTGACATTTATGAGTGCGAAGTCAGAATGAAGCACAAGCTGGGGCATTGGATATGGATTTATGACCGGGGCTCTGTTACTGAGTTCTCCCCCGACGGAAATCCGCTTATGATTTCAGGGATTCAATTGGATATTACGGCACGAAAAGAAGCCAAGCAAAAACTGGAAAAAAGCGAGCGCCGTTTCAGAATACTGTTTGACAATCACACAGCCGTAAAACTGATTATTGACCCTGATACCGGTCAAATAGTAGATGCGAACAAAGCCGCTTCCGCATATTACGGGTGGTCACATGAAGCGCTCACAAACATGCGCATTAACGATATTAATACACTGAGCGATAAGGACATCAAGTCACAATTGAACAATGCAGCCACGCACTTAGAAAGTAATTATCAGTTCAAACACCGGAAAGCGGATGGAAGCATAAGGGATGTAGAGGTTTACAGTAGTATTATACAGCTTGAAGATAAGAAGCTGATCCACTCCATTATACACGATAACACAGCTCGTTTTGAAGCTGAGCTGAAGCTGAAACGAGAACAAAAGTTTAATGCTGCCCTTCTGGAAAGTGCGCAGGATGGTATTGTAGCCTGCGATGAAAAAGGCAATCTAAAGTTGTTTAACAAAGTCGCGAGGTCATGGCACCAAAGCGATCCGGACAACTCAGCGTCTGCGGGCTGGAGTAATTCCTATGGCCTTTTTGATGGAGAAGGCAAAAAACAATTAACAGAACAGGATATTCCGTTGGTAAGGGCCTTTAGGGGCGAACGCTTCATTAGTGTACCCATCACCATCAAAACCAAAGGCTTACCCACACGCCTTGTAGCAGCAAGTGGTTCTCCGTTCACAGACGAGCATGGTAAAAAATTGGGCGCAGTGGTAATTATGCGGGATGTAACCGAACAAAGACAGCTTGAATCACAAGTTAGCCTTCAGCTTGCTGCCCTTAAGTCAGCGGCCAACGCCATCGCAATTACCGACCGGGACGGAAATCTTGAGTGGATAAATCCCGCCTGGGAAAAACTCACGGGATACGCCGAACAGGAAGTGTTAAGTCAAAACCCGCGAATTCTAAAGTCAGGACAGCAAAAGAAGGAATATTATACCTTACTTTGGGAAACCATCTTAGCGGGAAAAACCTGGAAAGGAGAAATAGTTAACAGAAGAAAAGACGGCTCACTTTATAATGAGTATCAGACCATTACTCCGCTAAAAAATAAAGAAGGCAAAATCACCCACTTTATAGCAATAAAGGAAGATATTACAGCCCAAAAAGAGTTTGAAAAAAAACTACTTGCTCAAAATGAAACGCTGAAACGAATAGCCTGGCATCAGAGCCATGTTGTGCGGCGTCCGGTTGCAAATATTATGGGCTTAATCGACTTAATTGAAGAAGAAAAAAACATTACTGAAAATCAGCTTTCAGCCATTGAGTACCTCAAAGAAGAGATTCTAAAGCTTGATGAAATTGTCAGGAAAATTGTGCGTGAGGCAAATCACATTACCAGCGGCAAATTTGATATAGATGTGAAAAAGAATCACGACTAAAGTATTATGGCAGCTGTTCAAACATCAAATGGAAAAATAAAAGGTTGTCCCCTGCCCCGGCTTTGAGTCGAACCATATCTGACCACCATGCCGGTCAACAATCCTTTTTACAGTACTTAGGCCTACTCCGGTGCCGTCATACTGCGTCTGATCATGCAGACGTATAAAAGGACGGAATAAATTATCGGCCTTATCCATATCGAATCCCGTACCATTGTCTTTCACAAAGAAAACCGTTTGACCGTCAGATTCTTCATGTCCGATATGAATGTGAGGATTTTCTTTGTTTTGGCTGTATTTTAGGCTGTTTTCGATCAGGTTGTTCATTAAAACCCGAAACAGCTTGGGGTCTGCATTGATTTTCATACCTTCATCAATAGTAATTTCACAGTCATGCCTGTACGTCAGGTTGGTGAGGTCAGCTACTATATTCTTAACCATTTCCGTCAGATCAATTTCGTGCGGGCTGATCTCCAGACTTCCCGAACGGGAAAAACTCAGGAGGTCATTGATCAGCTGTTGCATGTTTTGGGAAGAGTGCAGAATGGCTTCGAGGAACGGAAAAGCTTCTTTGTCAAGGCTTGTTGCAAAGTCTTCCATCAGTAGTTCTACAAGCCCTATAATGCCGCTAAGCGGGGAACGCAGATCATGTGAAACGGTGCGGGTGAAAGCTTCAAGCTCCTGATTAGCTTCCTTCAAATCTTCGTTGAGTTTCTCAAGTCGCCGCTGCGTATTTATCAGCTCTTCATTACGGCTAATGGCGGCTTCATAAACCGACAACAGTAAATCCAGAATCTGTTTTTTATCTGAGTTGATTTCAAACTTCTGGTTTTGAAAAACGATTTCAATGCTCATATCACCTGAGCCCATCCGCCTTACATGCCGGTTGGCTATCAGGTAAGAAATGCGGGACATCAGGTAGGATTCTTCATAGGGCTTTGTGATAAAATTATCCGCACCCGCCTGTAGTCCCCGGATGATATCCATCGGGTCACCCAGTGAGGTTAGTAGAATAAAGGGAACATCTGTTATAGACGGTTCTGATTTAACTTTACTGCAAAACTCATAACCATCCATAACAGGCATCATCACGTCACTGATAATGAGCTCAGGCTTTTCCTTCTTTGCCTGCTCCAATGCATCCTGTCCGTTTTTGCAGACAACGGCTTTGATGTTACGGGTATCAAAAAAACGCTTCAGTTTTTTGGCCTGCACCATAGAATCTTCCGCAAGGAGCACATATCCGTCAGCAAACGTCTGATCAACAAAGTAATTCATGGGTGACAATATTTAAAGTTTTTGTAATTCCAGAATTTTTTGGGCAATGCGTTCAGGCGGGTAAACCATCTGCGCCCCGCCATTTTTTACGGCCGCTCCCGGCATCCCAAATACGAGACTGCTCGCTTCATCCTGAGCCAGTGTTGTAGCGCCGCAGTTTTTCAGGGCAAGCATTTCTTCTGCGCCATCATCGCCCATACCGGAAAGCAAAACCGCCACGGTTTGATTTCCGAAAAATGCTTTGGCACTTTTAAACAGCTGACTCACAGATGGCTTGTGTCCTTTATAGGCAGGCTCATCTGTCAAAATTAAGTGTGCACTGTTCTTAAAGGACAGATGCTTCCCGCCGGGGGCAAGATAGACGTGCGCAGGCTGAAGCTGCATCCCGTCTTTAGCGAGTACAACCGGAATCAAAGAATGCGTCTGAAGCCATTCCCTGAAGGTTTCAGAAAAGTTTTCATCAATATGCTGAACAACAACAACCGGAAATTTGAAGGATGAATCAAATGAATTTAGTATGATTCGCAGGGCTTCCGGTCCGCCGGCTGACGCGCCGATTACAACGATTCTTTTTTGCGACTGCCAAACAGCTGGCCCTGCCTTTGACGCTTGAACGTCGTAAGCTCTTTTATCCGAAGCCATCGGCGGCTGCGAACCTTTTGTTCGTCGTCTTACAACCCTGACTTCCGACATATTTTTAAGCATGCGCAGATAGCGTTCTGAAGATCGCGCGTACTGATCATGGCCCGGACCAAGAGGTTTGGGCATGATGTGTACTGCCCCCGCGGCCATTGCCTGAATGGCCAGCTCCTTCTGTGTAGCGTCATAGAGGCTGCTTACAATTACGATAGGTACCGGTGCGTGCTGCATAATCAGCCGGGTAGCTTCGATGCCGTCCATATCGGGCATCTGAACATCCATGCTCACGACATCAGGTTCCAGATTGCGGATCATCTCTATGGCCGCTTTCCCGTTAGACGCCATCCCGGCAACTTCAAACCTCGGGTCTGACGCAAGTATGCGTTCATGCAGCCGCCTGCTCGTGAAACTGTCATCTACAATCAGTACCCGAATCCGGGCTGTTGTGCCGCTTGCGCTCATGCTGTCTAAACCAGACGTTTAATGGTATCTATAAGGTTGGTTTCCTGAAAATTGCTTTTTACAATATACGCATTTGCTCCGGCTTGCATACCCCTGTTTCGGTCTTCCGGTGTTTCCAGGGCCGTTACCACAATCACAGGTAAATCACGCAGGCTTGCCTGTTTACGAATGCGTGAAGTTAGCTCAAATCCGTTCATGCGGGGCATTTCCACATCGGTAACCACAATATCGAAAGGATGCTGTAACAGCTTTTCAAAAGCATTCTGACCGTCGAATGCCGTTGCTACTTCATACCCGGCCATCTCCAGATACGTCCGCATCATATTACGAATGGTGATGGAATCATCCACAGCCAGCACCCTGATTTTGCCGGCCGGTTCATCTTCCAGCGCGGCAACCGATCGGGTATGATGATGCTTTGATTCCGCGGCTGATGCGATCAGGTCGGATGGTTTAAGTACAGGCACAATGCGACCGTCCCCCAAAAAACAGGCGCCTTCTACATGCTTTACTTTCCTGAGTAACTTACCCAGCGGCTTTACAATCCCTTCGTGCTCAGCAAGAATAGCATCAACCGTAAAAACAACCTTTTTTCCCTGATGTTCGAGCAATAAGCCGGTTACCAGATCACCATCGCGGCTGCGCTGTGCACTCCGAAGGCCCAGTACGGAACTAAGCTGCAGCATCGCAATACTTTCCCCGTGTACCGTCACAACACGCTTAGATTCTACCGTACTGATTGCAGCGGCTTCCACACGAATAGCCCGCCGGACAGCCTGCGCCGGAATCAGAAAAAGCTGTGTTCCTGATTCAACGAGAATGCCGTGAAATGTAGCCAGGGTTTGCGGCAGTTTGATCGTAAAACGGATCCCCTTCCCGGTTTCATTTGTAACCGCTATGGTACCGCCAAGGCTCGTAATTTTTTCAAGTACGATAGCCATTCCTAATCCACGCCCCGAGACATCCGTAATGATTTTGCTTGT
CP027806.1_gap73	2454239	2455982	1743	GCTGGGAAGTGCTTGGAACCGGTACAGGCTTTGTTATTCTGGTTATTGGCGGATTCCTCGTAGGTTTTGGCGCACGCTACGCCGGTGGATGTACTTCCGGTCATGCCATCTCCGGTCTCTCTGACCTGCAGCTTGCCTCACTGATAGCCGTTATCGGCTTCTTTATCGGTGGCCTGCTCATGACACACTTCATCTACCCACTCATTCTTTAGTATTCGATTATCCCTATTATGATTTCAGCAAAAGATTTTTTAAAGTACCTTACGGCAGGAACCCTTTTCGGATTCGTGCTCATGAAATCTGAAGTCGTGTCCTGGTTTCGGATTCAGGAAATGTTCCGCTTCGACGCCTTTCACATGTATGGTATTATTGGTGTCGCCATTCTGGTTGGCCTGATCTCCATACAGCTCATTAAGCGATTCAACATTAAGGATATGGGCGGGAACGACATCACCATTAATCCCAAGGATTCTTCTCAGGTAACCCGCTACATCGTTGGCGGTACCATGTTCGGATTGGGCTGGGCACTGCTTGGCGCATGTCCGGGGCCGATGTTCGCCCTTCTCGGCAGTGGTATCACCATTATCATTGTCCCGATTCTCGCAGCACTCGCTGGTACTTACACCTACGGCGCCCTTCGCGAAAAACTCCCGCACTAATTTTCAAATTTCCGGCTTAGTGCCGGACCCCTTCTTCAAATAACAAATACCCATCTAAACAAGGAAAAACACCATGTTTTACAAGCAATTCTTCGATGACAAACTCGCTCAGTATTCTTATCTCATCGGCTGTCAGGCAACTGGGGAAGCCATTGTGATCGACCCCATGCGCGATGTAGATCAGTACATCAATACTGCAACCCGCGAGAACCTGACCATCACCAAAGCTGTGGATACACACATTCACGCCGACTACATCTCCGGTCTTCGCGAATTCGCTGAGCGCGGCGCTAAAGTTTATGGTTCGGATGAAGGCGACGCCGACTGGAAATACGAGTGGCTCATCGGCAGCGATTACGATTATGAGCTCCTTAAAAACAATGATGAAATCAAAATCGGTAACATCACGATCAAAGCATGGCACACCCCGGGGCACACCCCTGAGCACCTGAGCTATTTCATCACCGATGGCGCTGCAGCGGATGTCCCCATGGGCGTTGCAACCGGTGACTTCGTTTTCGTAGGTGATGTTGGTCGTCCTGACCTCCTGGAGTCAGCTGCCGGTATGGAACACGTGATGGAGCCATCAGCCCGTACGCTGTACAAAACCGTTGAAGAATTCAAAAGCCTTCCGGAGTACATCCAAATCTGGCCGGGTCACGGTGCAGGTAGTGCTTGCGGAAAAGCCCTCGGCGCGATCCCCGAAACTACTGTAGGTTACGAGCTCCGCTTCAACAACTCGCTGAAGTCTGCTTCCTCAGAAGATAACTTCGTGAAATTCATCCTCGATGGTCAGCCTGAGCCGCCGATGTACTTCGCCCGCATGAAGCGCGATAACAAAATCGGTCCCAAGCTTCTGAAAGGTCTGCCAAATCCCAAGCGCCTCACCGTTGCTGAAATCAAGCAACTGGCTGAAAAAGGCAAAGATGTCGCCATCATCGACACCCGTGAGCGCGATCAGTACGCAGCCGGTCACCTGCCGGGCTCTCTCCTCTCCCCGCTGAACAAGCAATTCAACACCGTTGCCGGTTCTTATGTGGATGAAGATGAGAAAATGTACCTCGTCATCGACGAGCACCTGGTA
CP027806.1_gap74	2508675	2511082	2407	GACTGGCGCAAAATCATCGTCATCAATACCGAAACCATGGAAGCTGTCGGCGATACCCTTGTTGATGTCAAATTTTCGGGCATTTCCTGGAAAGGCACCGAAGGCTTCTACTACAGCAGCTACGACAAACCGGACGGAAGTCAGCTTTCGGCCATGACCGACCTGCACAAGCTGTATTATCATCAGATTGGCACGCCACAAAGCGACGACAAGCTGGTATTTGGCGGCGAAGTGACACCGCGTCGCTACATCTTTGGCGGCGTGAGCGAAGATCAGCGCTTCCTGATTGTTTCGGCTTCGGTCAGCACCTCCGGTAACGAGCTGTATGTGATGGATTTCGAAGCCGATGAGCCTGCGCTCAGACCAGTACTGAGCGGGTTCGAAAACGACGTTTCGGTCATCACAACCAACAATGGCTACCTGTACATCTACACCAACCGGGGCGCACCAAACTACCGGCTTGTGCGCGTGAATGCAGCAGCCTCGCAGCCCGAAAACTGGACGGATGTCATCCCTGAAACCGAACATGTGCTCAGCGTGAGCCGCGCCGGAAACTACCTGTTCGCCAGCTACCTCGTTGATGTGCAAACACAAGTGAAACAATACACCCTCGACGGCGAGCACGTGCGCAACGTGGAACTGCCAACCGCCGGAACCGCTGGCGGGTTTTCCGCGAGAAGCCATGAAACAACGCTATTCTACACCTTCACGAGCTTCACCTATCCCGCGACCATCTTCGCCTACGACATTCAGAACGGTACCTCCGAGCTGTACTGGACACCTGAGATTGATTTCAATCCGGAAGATTTTGTGACGGAACAGGTCTTCTACGAGAGCAAGGACGGCACCCGCATCCCCATGTTCATCACCTACAAAAAAGGGCTTGAACTGGACGGCAGCAATCCGACCTATCTGTATGCCTACGGCGGCTTCAATGTGAGCCTGCGTCCCTCCTTCAGTATCGCACACCTGACCTGGCTGCGGAATGGCGGCATTTATGCGCAGCCGAACATCCGCGGGGGCGGAGAGTACGGCGAGCGCTGGCACCATGCCGGCATACAGAAAAACCGTCAGAATGTGTTTGATGACTTCATCGCTGCCGGCAATTTCCTGGTTGAACAGGGCTACACCTCGCACGAGCTAATGGCAATTGCGGGCGGCTCCAACGGCGGTCTGCTCGTCGGTGCGGTGATGACGCAACAGCCTGATTTTGCAGCCGTTGCCTTCCCCGCTGTCGGCGTTTTGGATATGCTGCGGTATCACACCTTCACGGCAGGTGCCGGCTGGGCGTTTGACTACGGCACTTCCGAGCAAAGCGAAGAAATGTTCAAATACCTGCTCGGCTATTCCCCGGTGCACAATGTGCGCGAAGGCGTGCGCTACCCTTCGACCATGATTACGACCGCTGATCACGATGACCGCGTTGTACCGGCCCATTCGTTCAAATTCGCCGCAGAGCTTCAGGCCAAACACGCGGGCGAGAACCCGGTGCTGATTCGCATCGAAACACGCGCAGGTCACGGCGCGGGACGCAGCACGGAGTCGGTCATCAGCGAGTGGACCGACCGCTACGCCTTTGCGTGGTACGTGATGGGCCTCAATCCGTTTGCGGAGTAACCCACAGTCTGACACAACAATCAATACCCAAAAGCGCTCCCGATCGGCATGGTGATCTTACTGATGATCAAAGAGTTTTGCCGAAGGGGGCGCTTTACTATCCTAAAAAGCAAGGGATTCATCTTTGGCTTGGGAGCTTTCAGTTTACCCGCCAAGCTCCTGATGTTCACGGAGTTTTCCCCCCAAAAAAAATACCATCATGTTAAGCTGCTACAGCTGCCGGGGTTCAGCTTAATCCTTTCTTTTGTGAGAGCGCTTTTCTGTTAAGGAAGAGCGCTCTTTTCGTATCGGGGAGCGGCGCGCCTCCGCCCTACATATTGTTTTCAAATAAGATAGCTACATTCGGTACATACTATTTATCTACTGAAATGAACTGTTAGTCTTTTATATGAAAACACTTTTTGATTATGTTGACCGCCTTATTACCGGCCTCATGGCCCGCTACGGAATCTCACTGTTGCGCTACAGCATTGGCCTGATCTTCATCTGGTTTGGCGCCCTTAAGTTTGTACCCGGTTTGAGTCCGGCGCAGGAACTTGCTACTTCTACGATTGAGCTGATGACCTTCGGGATGATCTCGCTTCAGGCTTCGCTCATCATGCTCGCAACCCTTGAAGTCGGTATCGGGCTGCTGCTGATTTCAGGCCGCTGGCTGCGCCTTACCATTTTCCTGCTGATGTTTCAGATGATCGGCACAATGACGCCCGTCTTCCTTTTCCCGGAGCTTGTGTTTACGAGTTTCCCCTACGGACTCACGATGGAAGGGCAGTATATTTTCAAGAATTTCGTA
CP027806.1_gap75	2535522	2538477	2955	GTAAAGTGGCGAATACCGGCATATCGGCTGTCACACCCCGCCCGTTCGCTACGCTCACCCGGGCACCCCTCTCGCAGAGGGGAGTTTTGGCTCCGTGTTCGTATATGGATTCCAGCCAAAAAAAAAGAGCATGCAAATAAGGCTCAAATATTATTGTAAAAACTGAGCTTTTAAATTCCCCTCTTGAGAGGGGTGCCCCCAATCAGAAGCTGATTGGGGTTTGTCGCCGGAACAATATCTGAGCCTATTCAAAAATCAGAAGGTTGCGGGGCGGGGTGTGGGAGAGTTGGTCGAAGCCTTTTAAATTTGGTGCAACCTGATAATTCGTTAAAGGTAGGAACGAAGCACATACGGCCTCCAGAAGTCAAATTACCGGCCTTACCCGCAATGAGCATGCACGATCCGAACACCTCTGGCAAACATCAATCACGATGGTATGCCGCCCCTTCAGGGCTCCTGTCGTGAATGGGGACCAATTTCCCGGGGCTCACACCCCGGGCTATGGTATGTCGCCCTTTCAGGGCTATTCATTTCAAATCAAAACAACCACCTATACAGGAAGCATAATCCATTATTAAAAAGGCACTTAAAACTCCCCTCTCGAGAGGGGTGCTCCCGGAACAAACGCGTTAGGGACAACCAAACCCGAACAGCACCCCAACCCTATCAAAGCCCCAAATGCCTCCGGGGCGGGGTGTGGAGATGCGGACCAAAGCCATAAAACAAATTACCATCACAAAGGCAATAGACGCCCCCACCCACGAGCACGAAAACAAGAATTAACCCCAAAACCCCCAAGGCCATCATCTTGGAACGGCTCCATCCGTTCAGGCATCGCGCTCCGGAGGTATGCTGCCCTTTCAGGGCTGTATTCGGGTGTGGTCCGTGAACCCGGGGTTGACACCCCGGGCTGTGATATATCGCCCTTTCAGGGCTATTCATTTCAAATCAAAACAACCACCTATACAGGAAGCATATACCATTATTAAAAAGGCACTTAAAAATCCCCTCTCGAGAGGGGTGCCCCCGGAAGAAACGCGTTAGGGACAACCAAACCCGAACAGCACCCCAACCCTATCAAAGCCCCAAATGCCAGCGGGGAGGGGTGTGGAGATGCCGCTCAAAGCCACAAAACAAATTACCAGCACTGATGCAATTGATTGAATAGCCCACTGACAAGAAACCGATAATTACCCCCGAACTTCACGCGCAGAGACGCGATGACTCGCGTCTCTGCTCTACTGCATCGAAAAAAACAGCGGCAAAAACCCTGTAGGTTTTCGAAACCTCCAGGGTTTTGGAATCTTTACCTTTGTTGATCCCGATCAACAAAAAGAAGGTCAAATTGTAGGTTCCCATCAACAAAATTGATGGCAACCGGATATTTCACCGTTTCAAGCATCGCTTAACCCTAAGCCTTGTTCCATATCTGTAATTTGATGATAATCAGCGGAATCAATTATTCCTTTTTCTACAAGCTCATTGAGGAATTCTTCATCTCTTAAGTCTTCATAAGTAATGTCGCTATAGCGAACAGTTAACATCATCCTATCTATCAATTCAGGAATCTTGGGCCATTTAATCTTATTAATTATATTCTGCAAGTAATCGTTAATAAAATACGACATACGCTCTTTATCATTTTTATATATCTTAAACCTTTCCTTTAGTATTTTTTCCTTATTCTCTTCCAAAAAAGCTCTTAACTCAGTGCTAAAATCTTCTTTTACTTCATTAACTTGATTGAAAAGCCCAAATACCAACTCATTTCCAACATGGTGTAACCTTGCCTTCATTTTTTCAATTTCTATCTCAAACTTAATTTTATCTTCAACTTTCAATAAACTTTCATCTCTGCTTGGCATTTTGCTCAAATATACCTCCCGAATTTTACTTAAGCCTTTCTGAAATTCATTTAATGGCTGAAAGTATTTATCTATCACACCTTTATTAAATACATTCAGCTTACTTTCCAGTTTATTTTTTAAATCTGAATTATTGATGGGCAGGGCATCTTTGGGTATGGTTACCTTTTTGTATTTAATATTACCCCCCTCAAACTTCAGTTTCACATATTGAAATTTGTTGGAGTAAAAATCTACAATGCGTCTGAAATCGGGTTTGAGGGGCGGATTTTTTTCAATGTCCTTTTTTACTTCTTCGAACTTCTCGTCCGTAATCGGATTGCTTTTTTTAAGCTCAGCCTGCATTAAAACTAATATGTGGCTATAGTCTGCCATTTCCCTTTCCGCTTCCATCGTTTTTTTGACATTTATTATTAATTCCTGAGGCGTCACCGTCTTGAAGAAAAAGTACATCATCTTTAAGAGGTTAATCCTATCGATTGCAACAGCGTTGAGATAAGGCGTTTCGCCTGATGCCAGTATGCGGGATTCTGTGAAGAGGTAGTAGCCCGTATCATCGGAAATGATGAAAGAGATGCGGTTCTTGGGCATGGTTTGCATGGGTATGCCTGCTTCGCGCAGCATGGCGATGCTTTCAAAATCGCCATGACCCCGACGGAGGGTTTCAGAATCGAAGTCGATGATCAGGCGGATATCAGGGCTGGAGCGCCTTTGGTTTAGCTCCAATAGGGCCTGTGCGGTTTGTTTGTGCAGGGCGGGCAGGCAGAGGAGGAGCTGTTTTTTGGTCTTGCGAATAAATTCATTCAGACCAGATTCTGTGAAGGAAGTAAAGTAATCCATGCGTGTTGGTTCAGGGGATGATGGTTTTTGGGATGCTTAGATGGACAAATATTCAGACTATGGGCTTGAGGAACCCAGGCCTTATCTCAGCTCGCTTAGTATGCGCTCAAACTCTGTTTCAACATTTTTTTTGTGGTTGTCTTTGAGCGTTTTTTTAGCCGCTGCAACCAGTAACGTTAAGGTTACGGATGCTAATCTTTTATATGGAGGCGGAATGATTTCACTGATCTGCGGTATCATAAATGCAGCT
CP027806.1_gap76	2612055	2614632	2577	TCCCATCCACGGATTTGTGCACGTGCCCAAAGGCCAAACCCTGCGCTTGCTCGATCACCCGTATGTGCAGCGGCTGCGGCGGATACGGCAGCTCGGCCTCGCCTACACCGTGTTTCCCGGTGCGGAGCACTCCCGCTTTTCGCACGCGCTGGGCGCTGTCGGGCTCATGCTCAAAATGCTCACCACCCTACGCGACAAAAACACCACCATCAACAATCAGGAAGTCGAAGGCGTACTTGCCGCCATTTTGCTCCACGATATCGGCCACGGCCCCTTCTCACACACCCTTGAGCACACCCTCATTTCGGACTTCAACCACGAAATGATGACCCTCGCCCTCATGAAACAGCTCAACGCTGAATTCGACGGGGGGCTTGAAACCGCCATACAAATCTTCACCGATCAGCACCCCAAAGCCTTCCTGCACCAGCTCATCTCATCACAGCTCGACGCCGACCGGCTCGACTACATCAAACGCGACAGCTTCTACACCGGCGTACTTGAAGGCTCCATCGGTATCGATCGCATCATCAAAACCCTGCGCGTGCACAACGGCAGCATAGTGATGGAAAAAAAAGGCATTTACGCAGTCGAAAACTACATCATGGCCCGCCGCTTCATGTACATGCAGGTGTACCTCCACAAAACCGTGCTATGCGCAGATATGCTCATCCGCTCCGTCTTCCGCCGCGCCACCGACCTCGTTGAAGAAGGCTATCAGCTGGCCTTCCCCTCCCCGGCCATCCGCTACTTCCTCGAAAAAAAACCAAGTGCCAAAAAAGGCATTTCCCGCGAACTCCTGCAACACTACGTCATGCTCGACGACGCCGACGTGCTCATGTGCCTCAAATTCTGGCAGTACGAAAAAGACCCCATCCTCGCCGACCTCTGCAGCCGCTTCCTCAACCGCCGCTTCTTCCGCGCCACGCCCCTCATCCATAAACCCAGCCCCGAAGACAAACACCGCTACCGCCTCGCCACCTCCAGAGTGCTCCGGGCCAAGCGCCTGCCCTTCGACGAAAAATCAGCCGGATACTACTTCGGCACCACCGAAACCCGCAACGAAGCCTACCGCTTCGAACGCTCCGGCATCTACATCATGGAACAACCCGGCGTAGCCGTCGAATTCTCCAAAGCCGCCGACGCCCGCCACATCGAAGCCCTCAGCACCCCCATCGTAAAACACTACGCCATCCACCTCAAAGAACTCAACTCCTGAAACTAGAGTGGTACCCCAAACCGCCAGTCCCCGCCCCCACAACGGAACCTATCATCCCCGGCCCCTACCCCCTGCAAGCTGCCCCTCAGCAATTCAGGTCTTTTTTATTTTTTGGGAAAACTCCGTGAACATCAGGAGCTCTGTCATAGATTGAAAAACCCCAAAACGAAGATGAATGCGTTGCTTTTTTTCATTGACGACAAAACCGGGCCCCCAAACCAGCCCACGGTTTTGAACAGGATTTGTAAGATTCTCAGGATCAACAAGATGAGCTAAAACCAACTTCAAAAGCCAGAAATAAAACCGAAGCTACCCCATTTACGCCACGAAGCCAAACTCCAATCTGCGAGATCGGTGGCCCCGGGAAAGATGTATTCAACGGCATTATGCCGAAAAATTAAAAAAGCCCAGATGGTGTCGGGCCGGGGTGTGACCACCACAATACCGGAATTCACCTCCTTACGCCACGGAAAAAACGCGCACAGAGATCAGGGCAAAATTATGTACCAAGACCCAACCAAGCCCTGAAAGGGCGACATACCAAAGCCCGGGGTGCCAACCCCGGGAACGCGGCCCATTACAAATGAAGCCCTGAAAGGGCGGCATACCATCGGGAGTGGATTCAGCCTACCATATTCGAACCCCGCACACTCATTACGGATAGAGCCTGTAATTTCCCCGCGAAGCCGCACCCGCACCGCTCCTTCCTTTCACAGCCAATCAGCTTACACTTAAACCCACGAGCTTCGACCACCACTCCCACACCCCGGCCCGCGGGCATCAGGGCGTTGAAATGGTTCAAAAACGATAAAGCCTCATCAACCCTATCACTCTCATATAGGGGCCACCCCTCTCGAGATGGGAATTGCGAAGTCAAGTTTTAATAATACTTTCGCAGCCTTATTTGCATTGTTTTTTTTGGCTTCACAGTCCTGAAACACCACGAAGCCAAACTCCCCTCTGCGAGAGGGCTGGCCCCGGGAAAGATGTAATCAGCGGCATAATGCCGAAAAATATCACAAAATTTAAAAAATCCCAGATGGTGTCGGGTCGGGGTGTGACCGCCGCAATACCGGAATTCACCTCCTTACGCCACCGAAAAAAACACCCCGCAAAGAGATCAGGGCAAAATTTTGTACCAAAACCCAACCCAGCCCTGAAAGGGCGACATACCATCGGGAGTAAATTCAGCCTACCATCTTCGAACCCTGCACACTCATTACGGATAGAGCCCGTAATTTCCCCGCGAAGCCGCACCCGCACCGCTCCTTCCTTTCACAGCCAATCAGCTTACACTGAAACCCACGAGCTTCGACCACCACTCCCACACCCCGGCCCGCGGGCATCAGGGCGTTGAA
CP027806.1_gap77	2670614	2675262	4648	CCCGACTTCCCCCTTCGGCGGCTACAAAGAAAGCGGCCTCGGACGGGAAGGCGGACTGCACGGACTCTTCCCATACCTCAAATTCTAAGCTGAAGCGCAGGCCGGTCTGATTTTGCGCCGGCCTCCTCCACCCTTCTGCACAGTTATTTCATTTTTACAACCATCATGAGCAAACGACTCGAAGTAAAAAAAACCTACAAACTCTACCTCGGCGGGGCCTTTCCGAGATCCGAATCAGACCGCACCTTTGCGCTGACCGGAAAATCCGGGGAATTCATCGCCAACATCTGCCGCTCCTCGCGCAAAGATTTCCGCAACGCCGTTGTAGCGGCCCGCAAAGCGCAATCCGGCTGGGCGGCCCGTACGGCCTACAACCGCGGCCAAATCCTGTACCGCATCGCGGAAATGCTCGAAGGCCGCCGCGATCAGCTCACCGCCGAACTGCGCCTCGAAGGCCTCAGCGAAAAAGAAGCGGCCCGCGAAGTCGATGCCGCCATCGACCGCATCGTCTATTTTGCCGGCTGGAGCGACAAGTATCAGCAGGTGTTCAGCACGGTCAACCCCGTTGCAAGCGCGCATTTCAACTTTTCCATGCCGGAGCCGGTCGGGCTCGTCGCCGCCGTGCTTCCGGAAAGCGCCGGTCTCCTCGGGCTGGTTCAAACCGTGATGCCCGCCATCGTGAGCGGCAGCACCGTAGTCGTGCTCCTTTCCGAAAAGCGACCGCTTGCCGGCCTCACCTTTGCGGAAGTGTTGCATGCCTCGGATGTGCCGGGCGGTGTCATCAACCTGCTCAGCGGCTTCCGCTCAGAACTGCTTGAACAGTTCGCCTCCCACATGGATGTCAATGCGGTCGTTCTGGGCAGCCGCGACAAAGCGGAAATCACCCTGGTGCAGGAAAAAGCATCCCTCAATGTAAAACAGGTTTTGGTTCGTGAAGACGAAAGCTGGTACGGGGCTGAGCACGAAAGTCCGTACCCCATCCTTGATCTGCTTGAAATCAAAACAACCTGGCACCCGGTTGGGCTGTAGCCTCCCTCACCCTAAAAAGCCTGTATTTGTGAGATTCTTTTCCAAAAAAGAAAAGCCGGTTTTGGCACCTTCCCTGCCGCTACTCCTGCTGCTGCTTTTCATTGCGGCAGGCTGTGCCTCCGTTGCCGAAGTCGCCGAGCCTGAAGAAGCGCCGGCAGAAGAAATAGTGGAAGCCCCCGCCGCTTTCAGCACAACCCTGAGCACGCGCGAGCTTGCCGAACTCCGGCTGCAGCCCACAGACCGCTTCCGCACCTTCGAACTCACCGTGCCCGAAGCATTTCAGATTTCGGAAGAAGAACTGCAGCAAACCCAGAGCAACCGCGGCTTCAGGATTCAGCTGCTGACGACCGAAAACGTTGCCTACGCCGACTCCCTCATGCTCGAATACTACGACTGGGCTGCCGAGCTCGATGAACTCCCCTTCGACGTTATGCCGGAAGCCTACGTCACCTTTCGTCAGCCCTTTTACCGGGTACGGGTGGGCGATTTCCGCCGCAGAAGCGACGCCAACCTCTACCTCGCGATCCTCCGCACGCGCTTCCCCGGCGCCTGGGTCGTAATTGACACCATCGACCCCTCCCTCGCGCCCTGAGCACGCCCCTTCAACCAAAACGCCCCGCTGCATATCCATTAACCACGTATTCTGACCCTGAAAGCGCTGCGCCTCCCCTTCCTCCTCGGGATCATGCTTCTGAGCTGCCAACCCGCCCCTCCGGATACCTGCCCTTCAGCCTGTGGAACCGTTCAATCAAATGCTATGCAAAAACTAACGATCAAGCTACATTCACCTATGGAAGACGAACGTCCGGTCTTTATCACCGGAAATTTCAACAACTGGGCGCCTGCCGACCCAAGCTGGAAAATGCATCCGGAAAGCGATCAGCACTTCAGCTTCACCTTCGAGAGCATTGACGGCCTGCCCGACGAAATCGAGTACAAATTCACCCGGGGCGGCTGGGATGATGTGGAGCTGGATGAATACGGCAATGAGCCGCCGCACAACCGCATGATTTCCCGCTTCGAGCGCTGCGTGGAAGACCGGGTCGTCAACTGGCGCCGGGACGGCAAATTTCACAACGACCGCTACCTGCCGCTGGTCAACATCATCTCGGAACAGTTCGAAATTCCGCAGCTCATCAAAACCCGGCGCATCACCGCCCTGCTGCCCTGGAACTACTACGAAACCGACAAGCACTACCCGGTTATCTACCTGCAGGACGGGCAAAACCTCTTCGACGATTTTGCCCCCTTCGGAAGCTGGGGCCTGGCCAAACGCCTCGCCTTCCTCGCCGAACGCGGCAAAGCCGACTTCATCGTCATCGCCATTGATCACGCCGAGAGCGAGCGCATCGCCGAATTCACCCCTACCCTGCCGACCTCCGTGCTCGGCGCCGGTGACGGCGAAAAATACGCGCGCTTCCTCACCGAAACGCTCAAGCCCTACATTGATAGCCACTACCGCACCCGGCCTGAGCGCGAATTCACCGGCATCGGCGGCAGCTCCATGGGCGGCCTCATCAGCATCTACGCGACCATGCTGCACCCCGACAAATACAGCCGCCTCATGCTCTTCTCCCCCTCCTTCTGGGTCACCCCCAACCTGCCGATCCGCTTCATTGATGAAGTCCCCCAATTCGAAGGCCGCATCTACATCTACGGCGGCGGTCGGGAAAGCGAAATGCTCGTCGGGCGCTTACAGGCTTTTTATGACAAAATCAACACCGTAAACCACGAGCGCAACCTGCAGGCCCGGCTCTCCATCAACCCCATGGGCCGCCACAGCGAACTCGAATGGGGCCGCGAATTCCCCATAGCCGCCGAATGGCTCTTCGACTTCGGAGATTAAACCAAACCCGAACGCCCCCGCCTGTTCTGTTCCGTTCCATTACTTACAAATCCAAACCCAAAAGGCCGGCCCCACCCCAACTCCCGGGTGATGCCGGCCTTTTTTTATTTTTAGGGGAAACTCCGAGAGCATCACTGTCCGCGGATGTAGTTCCACACCCCCCAAATCGGTCTCATAGCTCCTTGCTTTTTGATGCAGGCGCTCCCTGCTGAACACAGCCCCAACACTCCGAACACACAAAAGCTTAGCTGAAATTTCTTTGTTTGTTAAACTTTGGGGAGTATATTCTTTGAGGCTCAATAATTTGTTAATGAGCTTGAAAGTACAAGTACAACCACTGAGTCTAAAAATTCAACCTTTGAACAAAGCGCAATAAAAGTTCGCTTTACATGCTGATTTGGGATGTAAGGCGCAGGTTTATTGCGTGTATATATGAGTTAGCACTCATTTAAAAGACAACGCAAATGGAACAAGACCTGAGTAGATTTATTCAAGCACAAGATAAATCATATGAAGAAGCACTTTCTGAAATAAAATCAGGAAGAAAACGAAGTCATTGGATGTGGTATATTTTTCCACAGTTTAAAGGGTTGGGCTTCAGCGAGACATCAAAATATTATTCAATTAAGGACATAGATGAAGCCGAGAGATATTTAAACCATCCAATTTTAGGGGAAAGACTGAAATTAATCACAAAAGAACTTTTAGCCCTTAATGAGAATAATGCAAATAAAGTGTTTGGAAGTCCTGATGACTTAAAGCTTAAATCGAGTATGACATTATTTTCTGCAATTGACACATCGGAAGAAAATATTTTTCAAGCGGTTTTAAACAAATTTTTCAACGGACAAACCGATAATAAAACTTTAACTCTATTAAAAGAATAAATATGCCAAACGGTGGTTCAGATTGCTGTGGAACTTGTTGGTTTAACAGCAAAAATAACGGTGAGCAAGGTTATCAAGGCTCAGAAAAAGAAGGGGTTGTTATATGCATAATAAGGAATTTAGAAATCCCAGACCCATTTTGGACGTATTGTGCTAATCATCCACATCATAATCAAAATAAGATTGACTTGCCTTTAGGACCTGTTTATATAAATGACGGTTATCCATATTCTAGAAAAGTATGGGTAAATCCACCAGACAATGAAGAGATAAGATTAAAATTATTAGAGCTTTTAGAAAAAATATCTAATGAACCAGAATTCAGGTATCCCTCTGAAACTGACCTTGAAGAAGAAATAATTAAACAACTTACAGCGCTTAAAGAAATAAGAGCAATAGAAGGACTTAAAAGAATAATAAACTTAGATATTGAAGATTATCGCAATCAGAAGAACTTCATAATAAGAAATAAATCAATTATTGTTGGTCAAGCAATAGAATCCTTACTTGAAATTACCAACGGAGAATATCTAGACGAAGTTGAAAAATTCATAAATTATGGAATTGAAATTAATTCAATGGATAACTACGACCAAGATAATGACAATTTTGCTGCAATAAGGTATCATTTAGTAAGGGGTTTAAAACATTGCGAAAGCACAAAAGCAAAAGGACTATTAAAGACCGCAATAAATGACCCTAACAATGAAGTAAAAGCATTCGCTAATGAGATACTTAATAAGAAAAACGAGTGCTAACAGCGTGTATAAGAAATAGCGGGTTCAGTGCTAAATCAAAGGTTAGTACTTTTAATAAAGTTCTGTACTAAACTGAAAGTTAAGTGCCTTTTAATCCGCTACTTCTCATACACGCAAACCGTTGTGCG
CP027806.1_gap78	2678685	2683587	4902	TTTCCAGCTTAGACGACAAAATAGACCTGCTGCACCGCCAAAACCAAACTCTGGAGCAAATGGCGGAGACGCTGTTTAAGCAGTGGTTTTTGGAGAATCCGAATCCTGATTGGGAAGAAAGGCCTTTGAGTTCAATTGCCTCATTTTTAAATGGATTGGCTTGCCAAAAATATCCGCCACAAAATGATGTGGACAAGCTTCCAGTTTTGAAAATCAAGGAACTGAGAAACGGCATTTCAGAAGATTGCGATTGGTGTACCACAGAAGTTGATGAAAAATACATAGTAGAAAACGGAGATGTTATTTTCTCTTGGTCTGCATCCTTGATGGTTAAGATGTGGAATGGAGAAACTTGTATTCTCAATCAACACCTTTTTAAGGTCACATCAAGTGAATTTCCAAAATGGTACTACTATTTATGGAGTAAATTTCATTTAGACCAATTTATTGCCATAGCGCGAGCACATGCAACAACAATGGGGCATATTAAAAGAGGTGATTTAGATGAAGCTCTGGTATTGGTGCCGTCAGAGGAAGAAATAGAATTGTATACTGAATCTTTCGAGCCAATAATCGAAAAGGTCATCATCAATAATCGACAAATTAGCAAGCTTGTGGCCCTACGCGATACGCTGCTGCCGAAGTTGATGAGTGGGGAGGTGCGGGTTGCTGACACCCCGGTCATAGCACTGAAGAAAACCAAAGAGGCACGGCCGGAATTCAAAGAAGCCATTCTGATAGCGGCCATCGTACGCACCTTGTTTACGCCTAAGATTGGAAATGTCAGCCGTCAATGGTATCAAAAGATCGCCTATCTCCATAAACGAAAACTGAAAGAGCTGACCGAACAGCAATCTGTTTTTGAACTGACAACGGAATACAGCAAAAAAGCGGCCGGTCCTTATAAAAAGAACATGCGCTACCAGGGGCCGGAAGGCATCTGCATAAACAATAAATACCTGGAAGCGGTCAATGATTATGCTTTCAAGCCATCCGAAAACATCGATAAAATCGATACCTATTTTGATAACTACTGGAACAGGGAGCTGTTTGAAAACTGGACAATAGAAAAATTCCGGTTTGTTCCGGTAAAGAAATTAGGGGTGTATGCTACGGTAGATTATTCTTTGCTGGAATTGAAAAAGGAAGGTAAAGAATTGTCTGCTTCCAATGTTCTGGGTAATATTTCGGAATCAAAGGACTGGAAACACAAAAAAGTTTTACCTGAATTTTCACCCCAAAATATTGATCAGGCGATCGATGATTTAAAAAACCTATATACCTATTGATATATGTCAGAACGCTATCAAAACAAATACCGCATACCATCTGCCCGTGCCCCGTTTTGGAATTATGCGTGGAATGCGACGTATTTTGTGACGATTTGTACCCATAACCGGGAATGCTGGTTCGGGGAAATATCGGATGGGGTGATGGATTTATCAGAAATCGGAAAAATCACACAATCCGAATGGTTAAAAACATTTGAAATGCGGCCCGACATGAATTTATGGATGGGCGAATATGTGGTGATGCCGAATCATTTTCATGCCATAATTGGGATTGGGGAAAATGAATATAACACGCAAAACGATACGCAATGTAGTAGAGACGCAATGCATTGCGTCTCTACGGGGGGCGATACCACCAATACCGCCGAAAATAAAAACCCCAAAAACCAATTCGGCCCACAATCCAAAAATTTACCATCCATCATCCGGGGGTTTAAAATCGGTGTGACCAAAAATGCCCGGCAAATCAATTCCGGGTTCGCATGGCAAGCCCGGTATCATGACCACATCATCCGTGATGAAAAATCCTACAACACCATTGCCGAATACATCATCAATAATCCGGTAAAATGGACGGAAGACAAATTTTATACCCCATGACCCGCATCACCGAACATACCATCGAAGATTTCGCCATCAAATTGCTCGAGCAGTTGGGTTATGAATATGTCTATGCCCCGGGTATTGCCCTCACTGTCCTGCGCGATACCCTCCTGCCAAAATTAATGAGCGGAGAGGTGCGGGTGGGTGAAATCGAAGCTGAGGTATCCAATGGCCAGCCCTGAGCTCCCCGAAAAGTTTTCCAACTTTGTACTCTTCAAGACCGCAGACGGCAAGGTCAATATCGATGTCTATTTTCACGAGGATACCTTATGGCTCAGGCAGAAGCTGATTGCCGAACTGTTCAGCAAAGGACGCTCCACCATAACCGGGCATCTCAAAAACATTTTCGCCGAGGGTGAATTGAAAGAGGAAGTGGTATGTCGGAAATTCCGACATACCACTGAGCATGGGGCCATACAAGGCAAGACCCAGCAAAAAGAAGTTCTCTATTACAACCTGAGAGCCATAACTGCCGTTGGCTATCGGGTCAATTCACACCGGGCTACCGAATTTCGCAAATGGGCTACCGAAATTCTTCATGAATACATCATCAAAGGCTTTGCCATGGATGATGAACGCCTCAAGCAGATCAAACACTTTGGGCAAGACTACTTTGATGAGCTTCTGGAACGCATCCGTGAAATCCGGCTCAGTGAGCGCAGACTTTATCAGAAGGTCACGGATATCTACGCCCTATCCGCTGATTATGACCGGAACGACGAAACCACCAAAGCGTTTTTTGCCACTGTACAAAACAAAATGCACTGGGCGATTCATGGTAAAACAGCAGCCGAAATCATCTATACGGAGGCCGACGCCCAAAAACTATATATGGGCCTAAAAACGTGGAAGAATGCGCCCAATGGTAAAATCCTGAAGTCCGATGTAACCATTGCAAAAAACTACCTGAACCAGGAACATCTTAAAGAGTTGGCGCGAATCGTCTCCGCTTACCTGGATTTGGCCGAAAACCGCGCCAGCCGGGGGGTGGTCACCAATATGAAAGACTGGGTTCAGTTTTTAGACAAGTTTTTGGCACTATCGGATTACCCTATTCTTATGGATAGGGGAAAAATTTCCGCCCTGGAAGCCAAAATAAAAGCCGAGAGCGAATACGACAAGTTCCGCATCATACAGGACAGACACTACGTTTCTGATTTTGATGAGGAGGTAAAAAAACTCATAGAGGAAAAAAAGGGCGGTACTCATGACGACTTCTAAAATCACCGAATCCACCATCGAAGCCTTTGCTGTTGAGCTGATCGAACAGCTGGGCTATACCTACCTCTATGCCCCGGCTATTGCCCCCGATGCGGAGCATACCCCCTTTGGCGATGCCGAAAGGCGCAATTCCTTCGAAGAAGTCCTGCTCATGCATCGTCTGGCAGAGGCCGTGCGGAAAATCAATCCTGCCGTGCCGCCTGCCGCGCAGGAAGAGGCCATCAAGGAGGTGCAGCGCATCCATTCGCCGGATTTGCTGACCAACAACGAACACTTCCACCGCCTGCTCACCGAAGGCATCAGCGTCAGCTATCAGAAAGACGGTCAGCAGCGGGGTGATTTGGTGTGGCTGATCGACTTCAGCGATCCGGAAAACAACGACTTCGTTGTGGCCAATCAGTTTACCGTGGTAGAAAACGGTGTCAACAAACGGCCGGATGTCATCCTGTTTGTCAACGGCATTCCACTGGTCGTGATCGAGCTCAAAAACGCCGCCGATGAAAACGCGACCCTCAAATCCGCCTTCCAGCAAATCGACACCTACAAAGCCCTCATTCCGGGCCTGTTCACTTACAACGGCTTCACCGTTATTTCGGACGGCCTGGAAGCAAAAGCAGGAACCATCTCCTCCGGCATGAGCCGGTTCATGGCATGGAAATCCGCCGACGGCCAAGAAGAAGCCTCGCATCTGGTGAGTCAGATAGAAACGCTCATCAGCGGCATGCTCAACAAGGAAACCCTGCTCGACTTAATCCGCCACTTCATCGTCTTTGAAAAATCCAAAAAAGAAGACCCCAAAACCGGATTAACCACCATTTCCACCGTCAAAAAAATGGCGGCCTACCACCAATACTACGCCGTAAACCGGGCCGTACAGTCAACCCTCCGTGCCACCGGATACCATACCTATTCAAATTCCCCTCCTCCGGAGGGGTGGCATCGACCGCAGGGAGATGTCGGGGTGGTCCCTCCGCAGGGAAATGCCGAAACGGTCAACAGAGCGACCAAAAACTACTTCAGCCTCCCCTACAACCCCAACCTCAAAGAAAAAGCCCGGGAACTCCGAAAATCCGGAAACCTCTCAGAAGTCCTTTTCTGGAAACGGGTAAAAAACAAACAGTTCAAAGGCTATGATTTTGACCGTCAGAAAATCATAGGCAACTACATCGTAGATTTTTACTGCAGCAACTGTCAGGTCGTCATTGAAATTGACGGCAGCAGCCACAATGATAAGCAGGCATACGACGCAAAGCGGGATGCCTACCTCGAATCGCTGGGGCTGACGATTATTCGCATTCCGGTTCAGGATGTGATGAAGCGGCTGGATGCTGTGATGGAGATGCTTGGGGACCACCCGGCGCTGCGGGCACCCGTGCGGGGAATGGACCACCCCGTCCGCCAGGGGAGGGGAATGGATGAGGGTAGCCGGGTGAATTTGGTGGAGGCGGACCCGGTGAATTATGGGTTGCCGGGGGTGAAAGGGCAGCCTCGGGGCGATCGTAAGGGTGGGGTCGTTTGGCATACGCAGGGAAGCGGCAAGTCGCTTTCCATGGTGTTTTTTACCGGAAAAATCGTCCTGGCTTTGGATAATCCGACCATTGTGGTCATCACTGACCGGAATGATCTGGATGACCAGCTTTTTGACACCTTCGCTTCGTCCACGCAGCTTTTGCGGCAGGAGCCCAAGCAGGTTGAAAGCCGGATTGACCTTAAGGAAAAGCTGAAAGTCGCTTCCGGCGGGGTGATTTTCACGACCATCCAAAAATTCTCCCCTGATGAAGGCAAT
CP027806.1_gap79	2687913	2688593	680	GCGGGAAGAGTTCCAAGTGTGAATAAAAGAATTAAAAGAGTCAGCCTGAAAGCCGGCTTCAGGGCGTCAGGCAAAACTTTGGGCAAGGGAATAGTAGTGGAATAACTCATGGATGTGAATAAGATAATATTACGGATGAATAGCGCTGAATACTTCATGCTGACCTAAATTGTTTAAAGCACAAAATACCCAATTCCGGAATTAAATAGTTCCGGCTTAAGCTGTTAGGGTTTTGAAAAATCAGAAAAGCGGTTTCATTAAGAAATATCAAATACCTGACTTAAATTCATATACCGGTATTCGTTTTTATTGATAAATACACGTATTAATAGTACATTAGGTAGATAAAATTTTATTCTGCCGGTAAGCACAATTACGAATTACCCGGCAGAGCAATACCAACCAACCCAAAAAAGAAACATATAAAGATGAGTAAAATAAAAGTAGGCATTAATGGTTTTGGACGAATCGGCCGTTTGGTAACCCGATTTCTTTTAAGCGACTTCAGCGACAAAATTGAACTGGTAGCTGTTAATGATTTAACCGACGCTAAAACCCTGGCTCACCTTTTCAAATACGACTCTGTTCACGGGAAATTCCCGGGTGAAGTAAAAGCCGAAGACGGCTATCTCGTAATTGACGGCAAAAAAATTGTAGTTAAAGCTGACCGTAACCCCGAG
CP027806.1_gap80	2800977	2803411	2434	ATGCACCTGAATGAGCTGATCGACGCCTTCGAGCGCGAGCACCGTCCCGGCACGGACGCTCTCATCAAGTGGCTGGGCACCAAAATCAGCGAGGCGGGTACCCGCGACGAAGAGGGGGAAATCCGCCTCGATACCGATGACGATCTCGTTCAAATCGTGACCATGCACAGCAGCAAAGGGCTCGAATATCCGGTGGTGTTTTGTCCGTCGCTGTGGTATGTGAAGTCGGGGGGGCAGAGGGGGCTTTCCGCGACGCTTTGGTATGAGGAAGGAAAGACGCAGGCCGACCTGACAAATTTTCGGGCAAAAACAGATGAAGTACGGGCACAGGTAAAATTAGAGGAGCTTGCCGAAAGCTTGCGGCTGATGTACGTGGCCCTCACGCGGGCGCGGCTACGCTGCTATGTTTCAGTCGCGGCTTACAAAGGCAGCAAGGCCAACGCCCTCGCGTACGTGCTACGCGGTGAAATCTACGCCTTTGCTGACAAGCAATCAGAGCCTTACGACCTCGCCGATGCAGCGCAGGCTTTGGTGCAGAGCCATCCGGAGCTGATGCAGGCTACTGCGGATATTCCGTATGCGTACTACCGCGCAGATCAGGAAGAAGCGGCCGAACCGGAAGTGTTGCGTCCCGCGCGGGAGCTGCCGAAGCGGCCTGACTGGTACGTGACGTCCTATTCCGCGATCAAGAAACAGGGTGAAAAAAGCACCGGAAGCGGATATTCTTCCGCCGAGACAGATATCGAAGGCACGAAGCCCGATCAGATGCCAGCCGGCGAAACGGAACTCGGGAGTACAGGCAAGGAGGCCTCCGGCGAGCCGGAAGCACCTTTCACCCGAAAAAAAATAAAACCGAATGCTGAACAGCCGTCGCAGCCGGATTCGGGCATCTTTGCATTTCCGAAGGGGGCGCGGCCGGGGACGATGATTCACCGGTTGTTTGAGGAGCTGGATTTCACCCGGCTGGCGGAGGATGGTCCCGCGCTTGTGGCGCGCTGTCTGGCCGATGAGGGCTACGGGCAGGAATTTGCGCCCGCGCTGCTCGAAATGCTCCGACAGGTTCTGGGCGCGCAGCTTCCGGAATCGGGGGCGCGGCTCGCGGAGAAGGGTCCGGCGCAGACCGTTGATGAGCTCGAGTTTTACTTTCACCTCAATCGGGCGAATGCAGCGGAGATTGAGGCGATTTTAGGCGGGGCGCCGGGCGAAGCGGCCCCGGTCGGGCGTGAGGAAGGATTTATGACGGGTTTCATTGACCTGGTTTTTGAGCACGAGGGCCGGTTTTATATCGCGGATTACAAGAGCGACTGGCTCGGGGATGCGGCCTCGGATTACGGGGCAGAGGCGCTGTCGGAGGCGATGCAGGCGCGGGGTTATGCACTGCAGTATCCGATTTATCTGGTGGCGCTGAGCCGCTGGCTGAAGTCACGGCTCGGGACGGCGTTCGACTATGACAGGCACATCGGCGGGGCCTACTATTTGTTTGTGCGGGGGATGACGGCCTCCGGGGGCGAAACCGGCATTTTCTTCGACCGGCCGGATGCGGCGGTTATCACCCAACTTGATCACTATTTTAAAGGAGAAGGCCATGCAGCAGGACTTGTTTGAGAAACGGACTGAAGGAAAGAACCCGGAAGCTAATCCGCTGGAAATTTTTGAAACATCCGGGCTGGAAGAGCCGGTTGACCGGGCACTGCGTGCGTTTTTCCGTCGAAAAGGTGGGACGGATGAAATGCTGCTTTTGGCCGTTTCGCTGCTTTCCGCTGCGGGGCGAATGGGACACACGACGCTGCGCCTGCGCGACCTGAACGCGGATGCTGATGCCCTGTTTTCGCGTCCCGGTCGGGAGGTGAGCGGTCTCGGCGGGATTCGGCTCGATGCCCGACGCCTCGTGGAATCGCCTTTCGTGCACGTGCAGCGGGGCGAGGAGCGTCCGGAACGGCCCCTTGTTTTGGACGGTGACCGGCTGTATTTCAACCGGTATTTTTGTTTTGAGCTGGAAACTGCGCAGCGGCTGCTTTCACTCGCGGAGACTGAACAGTCTCAGGATGGTGCCGAAGCCAGGGATTCCGCAGAAAGCGGGAAGCTGTTGAAGCTGGTATTTGGAGAAGAGGAATCCGCGCTGTGGCAGCGGGTTGCGGGGGCAGCGGCGCTGAACCGGCGTCTGAGCGTGCTCACGGGCGGACCGGGAACGGGCAAGACGTACACCGTGCTGCGGCTGCTGCTTTTGTTGCTGCACCGAGCCGAGGCAGAGGGCCGGCGGCTTCGGGTCGCTATCGCGGCCCCGACGGGCAAGGCCGCGAACCGGGTGCGGGAATCGCTCATTGCCGGCATCGAGGACCTGCGGAATCCGCAGTTTATGGCGGCATTCCCGGAGCTGGAATCGCTGATTGCGCAAATTCCGGTGCAGGCCATGACGCTTCACCGGCTGTTGGGC
CP027806.1_gap81	2917418	2920617	3199	TTCTCTCCCACTCCTTCCGCTTTTCTGATGTAATCCTAAAAAACAGCGAAACAGTCTTGATATCGGTCGGCTGTTACCTTATATTTTGAAGCTACAAATTAAGGGCGGTTAGCTCAGTTGGTTAGAGCGCCACGTTGACATCGTGGAGGTCGATGGTTCGAATCCATTATCGCCCACAAACTGCATTTTTAAAGCCTTGTAAGTATTGAACTTGCAGGGCTTTTTTTGTGGCTGTTACCAACAGTTTGTTGCTACTTACAAATTGCTTCAGCCTAACATCAGTTATCTACAGCAGCTACTGCGTTTTCATTTTTTTTTGGGAGGGGTGCCTGCGCGCGGAGCTTTCATCCTACAAACTGTCGCTCCTGACAGACATAAAATCTTGGGTATGTGCGATATCCTGAAAAGAAACGGTTCATCTCGAACCCCGGGACATGGCAACGCAGCACTCAAAACCCCAACAATGCGGCCTGCACCAGCACCCCATCGAAGCATCATGTGAGAGATCTCCTGCAGCTGTTTTGCTCTGATATGCATCAACGATTCGTAGCCCCCTGCACCACCAGATCCTTCGACTCCGCTGCGCTCCGCTCAGGATGACAGGGGCCGCCTCGCATCAAACGGCGCGGCATGCCGCGCCTGGGGTGCTGGTGGGCGGCGCTTTCGTGCTACAAAGCTGTCGCTCCTACCGGAGCTGGTTCGAAATAATAAATGAAAAAACGTGTCATCTCGAACAATGGGGCATGGCAATGCCGCAAACAAAGCCCAAGCTATCCGACCTGCACCGGCAGTCCCTCAAAGCATCATGTGAGAGATCTCCTGCAGCTGTTCGGCTCTGATATGCATCAACGATTCGTAGCCCAGCACTACGAGATCCTTCGACTCCGCTACGCTCCGCTCAGGATGACAGGCGCCCTTGCCTCAAACGGCACGGCAGGCCGCGCCGGGGGTGGTGGAGAGACAGGTGCTATCAGGCTTCAAAGCTGTCGCTCCTACCGGAGCTGGTTCGAAATCAGAAACAAAAAACGTGTCATCTCGAACCCCGGGACATGGCAAAGCTGTAATCAAAGCCCCAAAAATCCCACCTGCCTCGGCAGACCATCGAAGCATCATGTGAGAGTTCTCCTGCGGTTAGTGGGCCCCGATAGAGATCAACGCTACCGTGCCCTGCACCACCAGATCCTTCGACTCCGCTGCGCTCCGCTCAGGATGACAGGCGACGCCTCGCGCCAAACGGCGCGGCAAGCCGCGCCTGGGGTTTTGAGAATTGCCCCTGTCATCCTGAGCGGAGCCGAAGCGCAGCGGAGGCGGAGTCGAAGGATCTGGTGATATGGCTTGGGAGGTTGAGACAACACGATTAAACATCGAGAGCCATCTGCCTCAATGCATCTTCCGCCGAAGGAGATCCCTCACATGAATCTTTTTTGAATACTTCGGTTTGATTGCCAACGGCGGCTTCGGGTTTGTTCCTTGCCAAATGAAAAGCGTTCGGGATGACCTGGACAGGCTTTGGGGTAGTATAGGACCGAACCGGACCGGATCAGACCGAACGGGGCGTTGCTAACCGGGTTCGGAATTGAATTTGGGTTAGATGGCTTGTCTCTCAAAATCCTGTATATCCCATAATCCTAAAAATCCTGTTCAAAAAAAGACGGAGAAAGCCATTCAACTTAAACCCCGCTCATCCGCGGTCGGGTTGCGCGGGTTTAGTATTCGCTGCTGTGCATTTCCCAGCTGCTGGTGCTTTCCTGCCAGCTTAGGCGGAGCTGATTCGGGGCGCAGCAGGTTTGGCAGTCTTCAATGTATTCCTGATCGGGTCCCTGACTGGGGTCGATGAAGGTGTCGTTTGGCGATCCGCAGAAGCTGCACGAGAAGCGGCCTTGCTGTACCTGCATGTCGTTCAGACTATTTTCGTATTCGTCGGAATGGGACTCAAAATCACCGAAAGGATCGGGTTCGTCTTCGTATTGGTCGTCGTTGTAGCTGTTCATGGCACTGTTCTCTCCTGATGGTTTGCTAATTGAGCAAAATACCCAACCCGCAACAAAAAAGGGAGGCGAATAACTCACCTCCCTTCTTTTTTATAGCGGTAAAATTTGCGGTTCCGCAGCTTATTTCACGAGCGTCATTTTGCGCGTGAATTGCTGTCCGGTGCCAAGCTGCATGCGGTACAGGTACACGCCGCTTGCAAGTCGTGAGCCGTCGAAGCTTAGGGTGTGACGACCGGCGCTCATGGTTTCATTGCGTACGAGTACGGCGACCCGGCGACCCGTGATGTCGTACACGCTGATGCTGACTTCATCCTGTGCGGGCAGTTCGAAGCTGAGGTTGGTGACCGGGTTGAACGGGTTGGGATAGTTTTGGGAAAGCGTTGCGACCATGGGTACTTCCAGGTCTTCTTCGCTGATGCTGACGGGTACATTGAATGTGTTTTCCCCGCCGGCCTGCCAGTAGCGCGCGGCGAATTCCTGGAAGAATTCGTTGGCGATACTTCTGTTTTGGATGATGAGGGTGTTCTCATCATTGTTAAAGTTGGCGTTGGCCGACCAGTTGTGGGAACCGGTGATTACCGTTGCGTTATCCCCGGCAAGTTCGCCATCCACGATAGCGTATTTGTGGTGCAGCAGGCCAAAGTCTCCGGCGGGCAGGTGATGCACATCGGCCCAGCTATTGAGATAATCCCACTCACTGCCCTGCGTGCCGATTTCACCAATGACACCGCGTACGTCAACGCCCTGATTGAAGCGGGCGAGCATGGTGTTGGAGATAGGGCGGCGGGTGATGAGGTTCAAACCCAGATCAATGCTTTCCTGTGCGGTTGCAAGGGTGCGGTTGATCTGCGCTTCGGTACCGGCCTGCGGACTAAAATAGAGCTGCACATAAGTCTGATCTTCCCCGATCCAGAAGGAGGAGGCGTTCACCACTTCTTTATCCGCGCTGAAGCGGGCCTGATTCGGACGAAACGGGCCTGATTCCGCGCCCCACATCTGATTGAACTCGCGCCAGTAGGCACGGGCGAGGGCAACGTCCTGAATGTTGAGCATGTTCTGGAACTGATTGTTGGTGCCGTCATCGGTCGCATTCCAGGAGCTCGTTACGACCCAGGCTTTGTGGTAATCCTGGTGAAAGGCGTCAATGACCGCAAACTTGTTGTGCATTTGCTCGCTACTGTTCGCCTGAACGGCGGGCACACCATTGT
CP027806.1_gap82	2937974	2938992	1018	GCTCCGGGGTGAAGACTCGGGAGCTGACGCGGAATGACGTACATCAGGAATGGGATGGTCGAAGCAGCAAAGATGTTGTACACCGCAGAAAGCCGTGCGCGCAGCTGCGGATCATCGAAAGAAGAGCGTAGGATGAAATAGGCCACATAAATCAGCAGCGCGATGGCAGACAGATTCATTTTGGGTTCCGCAAATGTCCACCAGGCTCCCCAGGTAAACCGCGCCCAAACCATTCCGGTGAGCAGTCCGCAAATACCAAAAACAACCCCAATAGCGGAAGCCGATTCCGCTTTGAGATCGTCACCGGGATTTTCTGACCAGAGATAACGAATACTGTACACCATACCGGCTGCGAAAGCCGCAAACATGGTAAACCACATGGGTACATGAAAAATCAGGTTACGCGCGGTTTCTTCCAAAATGGCGATCTGTGGTATGTTTACGAGAAACGCAGCTGCAATCACAACTGTTAACCACGTCAGTACCAAGTACTTCCAGAGCTTCAAATGAAATCGGGATATTCGTTCTTATTTATTTCATGCATTCTAATGAATATATGTGAAACTAAAGTGAAACTGAAGCCCATACTGTTTGGATTCAGATTGTTGCTATACCCGTACACTGAAGCTTTCCAATCCACTATTCCTGCCGAAAAAAATCACCTAAAGTATTATTCTTTCTATGAGCGCTGAAAAGGCTGTCAGATACAAAACCCATCGCAACTATTATCACCGAGAATTTCGAAAAGCTGCCTGGCAAACCTTGCTTTTCGGGTACGGCTTCTTTCAGATTCGTAAGCTGAACAAACAGCTTGAATCAACTTCTTACGATGTCTTTAATGACAGAATTGTGATGAAGGACCCCGCGCAAAACGTGGACACAACCATCGAAATAAAAGATTTGACGTCTGTAAAGTGCATTCATCAGCCGGGTCACAGTAAGTTTGGTATAGCCGATCTTGCGCTTACGACCTCAACAGAGACCGTCACAATGAGGGGTATCGAAAATGCGGATCAGC
CP027806.1_gap83	3077806	3079917	2111	GTAAGGATGAGCCGGTAAGCACCGGACTCCTCATCCCGATACAGCACAACCATCACCGCATTGCGTTTGCAGTCTTCAGGCGGCACGATATCGTGCATGAAACTACCGTCGTGCCGCACCGGACCCATACGCCGCTGCGCAGCAAAACCCGGCAGCGGCCGTGTCAGCCGGTCTCTCAAAAAGGATTCTAAATCATCCATCTGATGTATACTGATAACGTTTGTAAGGGATGAAAGCCGGCACCCGCTTCCGGTAGTCTTCATACGTACGACCGTATCGCGCCAGCAAGCGGCGCTCCTCAAACCACGAACCGGCCACAAAGTAAATCACGCAGCAAAAGGTAAACAGCGCCCACTTGAGCGTCATCACCGGGTGCGCCACCAGAATCACAATACTGAACACATACAGCGGATGTCGCACATACCGGAAAGGTCCGCGCACCACAAGCTGACCGGTCGCGGGTTCATCCAAGTCATAATCGGCTATCCCCTGACGCGCATCACGAAGCTGCCTAAGCCCGAGAAATGAAGACGTTCCCGCATGGCGCACACTCACCCAAAGTCCGGCAAGGGCCCCTATCTGTATCAGATGAAGCCCAAACTGCAGGGGCGGCTCAACCTTGTACAGCATGTGAGACTCAACCGGCGCAGCAAACCATACCACAGCAAGGGTAAGCACGGCAATTACATTATACAGCAAACGGTAGTACCAGCGCATCTGCGGGAAAATTCCGATGATGTTGCGCTTCACAACCCGACTTGCCAGAATGCTGTGCAGGATCGCGAACCCCAAAAAGGCGAGCACGAAAATCATAGGTTTAGCCAGCCCAGTACCAGGGCTTTATATTCCTGCAGGGCATTAAAACCTTTGTTGGTGAGCGCAACATTGGTTTGCTTCCGGCTCACCTGCACGCTGCGGTTGATCGCCACATAGCCCGCTTCTTCCAGCTTCCGGAGCTGAATACTAAGATTGCCATCCGTGGTTTTAACCGCATTCTTCAGGCTCATAAAATCAACTTCCTCCGAATGAGCCACTGCAGAAAGTATCGCAAGACGAAGCCGGTTATGAATCAGGGCATCAAGCTGCCGGTGACTAAAATTTTTATAGTAGGTTTTCATGAACCCTCCGTAATCGGCCTATAACGTTCAGGATGGCAAGGCGAAGCTGAAATCCGCAAAACAGCGCTGCCGGATGAATAACTCAGCTTTGAGCCTCCCGCCATTCGGTTTATACGCATAGAAAGCAACAGCATACGCAGAAGCTTTTGTTTTATCATAAATGAATGAAGATTAGGGATGTCGTTTAATTTTCTGCCAATATAGGCACGATTAACCCGAGCCTGCAGGCTTTCTTCAGCATTTGATGAAGACCATTTCTTTCTCCTTCAGATGTAAATGGTATGCCCTTTTCATTTTTAAGGCTTCCGTTTCATCCGTACCTTTAGGCGGTCAATTCCGGAGCCGGTTTTCAGGCATGATCTGCCTCAGAAAGCTGCGCATATCTGCATTTCACAACTTTAAAATTTATTATGAGCATTCTTGTTGTTGGTTCTGTTGCCTACGATGGCATCGAAACACCCTTTGGTAAAGTTGACCGCATCTTAGGCGGTTCTGCGACCTTTATCTCCATCACAGCCAGTTACTTTCACAGCCCGCTTCAGCTTGTAGGCGTAGTCGGGCACGATTTCGCTGATGAAGACCTCAACAAGCTTAAGGCCCGGAATATTGACCTTGAAGGCCTGCAGATCGATTCAAGTGGTAAAACCTTCTTCTGGCAGGGCCGCTACCACTTCGACCTGAACAACCGCGACACCCTTGATACGCAGCTCAATGTATTCGAAAAATTCGATCCGGTCATACCGGACTCCTATCAGAATGCAAAAGTAGTTTGCCTCGGCAACATTGCACCGGCCCTGCAAAGCAAGGTGCTCGATCAGATCGAAACGCCCGACCTTGTCATTCTCGACACCATGAATTTCTGGATTGAAGGCGCCCGTCAGGATCTTGAAGCAACCCTCAACCGGGTTGATGTGCTCATTATCAACGACTCTGAAGCACGTGAACTTTCCGGCGAACCCAACCTCGTGAAAGCCGCCGACCGCATCCGCGAAA
CP027806.1_gap84	3094592	3095782	1190	CAACCTCGCTCAGTGGGGTTGCTTTTTTTTCGCAAACAACCCGAAATCCGGCTCAGGATGCAATTCCCCTATCCGTTTATTTGGGGGAAACTCCGAGAGCATCACGGTCTGCATTGCTGGTTCCAGGCATCCCAAATCGGTCTCATAGCGCCTTGCTTTTTTTGCCTGTTACACGCTGACGGAACGCGGATTGGGCGGATTTAAACGGATTTATGCGGATTGACGGTTGGGGCCTCCGTCCCGTACCATGTATCCACACAAATCAAAATCGTATATTTGGGGTAACAAAGCTGTTATTATCACGGCACTTATCAACTCCCCTCTTGAGAGGGGTGGCCCCTGTATGAGCCCGTTAGGGCTTCAATACCATGAACAGTTTGTGTACCCTTTCAAAGCCCCGATGCTGGCGGGCCGGGGTGTGGAGATGCTGCCCGAAGGCATGATACCATTTACCACAACAGCTACATTTAATTGGGCACCCTACGGCAGGAAACCAAAAATCAACCACAAACCCGTCATCCCGGAAACGCCCACACAGAAACAAGTAGCTGCGCAAAAACACAGCCAGCGTTATCCGGGATCTGCCAACTTCAGCCTGCGACCATGCCAGACTCCAGCACCCCAACGCTGTACCGGACTTTGTGGAACCGGCATCCCAAGCGAAAAAAAGATCGCGGCAGGTCTCGGCTTGGTAGATCCCGGATAATGCTGCACGAGGTTTCGTGCGGGTAATTCAACACCGTGCCGCAGCATTTCCGGGATGCCGGGTTGGAGTGGGAAGGCGTGGAATTGCAGTGCTTAATAGGTACGCAATGCAGACCCACATCCTACAGGCATATTTACCCCTCCCTCCTGCCCCGATCCGATTAGCCGGTTTAGGGTAAATCCTGTATTTTTATGCATGTCAACCTTTACAATCCGAAATTCCAACAACATGTCTGACTGGTGGAAAAAAGCTGTTATCTATCACATTTACCCGCGTAGCTTCATGGATGCCAACGGGGATGGCATTGGTGACCTCAAAGGTATCCGGAAGCGCCTCGACTACCTGAAATGGCTCGGGGCCGACGCCATCTGGATCTCGCCGGTGTATCCCTCACCCATGGCCGACTTCGGCTATGACGTCACCGATCACTGCGATATCGATCCCATTTTTGGCAGTATTGCCGACATGGACGCCCTCATCGCAC
CP027806.1_gap85	3099595	3103795	4200	GTAGTGCCGGAGCATTTCAATGATACCAGCGGGCGTACACGGGCGAAAGCTCGGCTGCCCGACCGACATCCGACCTACGTTCATGGGATGAAAGCCGTCCACATCTTTGCGGTAGTCTATCGCCTCAATCACAGACAGCGGCGTGATGTGCGCGGGAATGGGCAGCTGCACCAGAATACCATCGGTCGCCTCATCCCGGTTAAACTGCCCGATCACCTCCGTCAGCTCCTGTTCGGAAACCGTATCCGGCAGCACGAGCGTATCCGACACAATGCCCACATCGGCACAAGCACGGGTCTTGGCCCCCACGTATGCAGATGAAGCCGGATTTTCGCCCACGAGAATCACCTGCAGTTTAGGCGCCCGGTTGCCGCGCGCCACCCAGCTCTGCACATCTGCAGCTACCGATTCCCGCACTTTTTTGGCCAGCATAACGCCGTCTAAAATACTTGCCCCCATCTGTTTCTCCGATTATCGCTTGAGATTGAATTTTTTGATTTTGTTGTAAAGATGACTGCGCTGAATGCCAATCGCATCCGCCGTTTGCGAAATGTTCCACTGATATTTATCCAGCTGGTACTTCACAAAAATGAGTTCCGTAGCGTCTTTGAAAGACTGAAAATCAGGATAATCTTCCAGTAAATCCCGCATGCCCTGATTGCCGTCAGTCGCAGACTTACTTACCGGACCGGCCATCAGCTCAACATCCTCCGCGGTAATCACGGCGCCCCCGCTCAAAATACCCAGCCGCTCCACTACATTATGCAGCTCACGCACATTTCCGGTCCAGTCGTGCCGCTGCAGCTTTTCCAGGGCCTCATCCGAAAAAGATTTGCCCTCAAAAACAATGTCTTTGGTCGCCATCTGCCGCAGGAAAGCGCGGGCCAGCAGCGGAATATCTTCCCGGCGGTCACTCAGCGGCGGAACGTGTATCGGAATCACATTCAGCCGGTGATACAGGTCTTCCCGAAACTGTTGCTCCTGAATTTCGGTACGCAGGTCTTTATTGGTAGCTGCCAGAATGCGCACATTCACGCGAATCAGTTCCGTGCCGCCAACCCGCGCAATGGTGTTTTCCTGAAGCGCCCGCAGCACCTTGGCCTGCGCCTGAAGGCTCATATCCCCGATTTCGTCCAGGAAAAGCGTGCCGCCGTGCGCCTGTTCAAACTTCCCGATACGCTGACTGACCGCGCCCGTGAAAGCGCCCTCTTCATGCCCGAACAGCTCACTTTCGAGCAGCTCGGTCGGGATGGCGGCACAGTTGACCTCCACAAAAGGTTCCCCTGAGCGGCGGCTCTGTTCGTGCAGGCTCCGGGCCACAAGCTCCTTTCCGGTCCCGTTTTCGCCGGTAATGAGCACCCGCGCGTCGGTCGGAGCCACTTTCGCGATGGTAGATTTGATGTGCTGAATGGCCTCGCTGTTGCCGATAATTTCCGAAAGCTGCGGTATGTTGCGGCGCATTTTCCGGTTTTCCTTCACCAGGGTGCCCTTATCAAGGGCGTTGCGAACCGTAATGAGCAGGCGGTTCAGGTCAGGCGGTTTCTGCAGGAAGTCGAAGGCACCAAGGCGGGTCGCCTGCACGGCCATCTCAATGGTGCCGTGTCCGGTGAGCATTATGACCGGCAGCTGCAGGCGGGCTTCATTCAGCTTTTCGAGCAGCTCAAATCCGTCCATGCCCTTCATTTTGATATCGAGCAGCAGCAGATCAAACGACTCCGCCTGAAGCTTCTCAAACGCTTCATCGCCGGAAGCCGCTTCGCTTATTTCGTACTGTTCGAATTCCAGAATTTCACGCAGCGCACTCCGGATACTGGACTCATCGTCCGTTACAAGGATGCGGGGCTTTGCGGATGATACCATGAGAAGAAGGAAAAAAGGTTAGCCGCTCAGCACTAAAACTCCTGCCAGAGCAGGTTTAGGATACGCTCATGCACGCTGTCAACCGTAGCAACGCGGCTCGTGAAGTTGTTGGTGAGAATGGAAAAATACAGGCGTGTTCCCGAAGGCACATCAAGGTAGCCGCTCAGGGTTCTGACGCCCGTAATGAAGCCGGTTTTGGCGTACATGTTACCCATCACCGGAGAAGCAATGAAGCGGTTTTCAAGGGTGCCGCTGTAGCCCGCCCGGGCAAAGGTGTTTTCCCATTCCGTGTGATGGGGCGAGCTCTGCATGGCATGTAACAGGGCGGTAATCACAGAAGCCGTACCCAGATTAGCACTTGCCATCCCGGAAGCATCCCGCAGCCGCAGCTGATTGGTGTCGAGTCCGAGCGCACTGAGTTCGCCAAAAATGAGCTCAAGCCCGGCTTCTGTTGTGCCCTGTGCTTCCAGCGAATAGGCCGCGAGCGATTTCGTGAGCATTTCGGTGTAGAAGTTGTCGCTTTCCGCATTCACGCGCCTGAGCAATACCGCAAGCGGCTCGGATTCATGCGAAGCCAGCTTCTCAAAACCCGACCAGTTCCGCTGTCGCTGATCCGGAATGAGCTCCCCTATCCACGAAAGCCCGCTGAAATCGGCTTGTTTGCTGAAGCTGTCAATAAAAAAGAGCGCGGGATCGGTGATGGTCAGCGACTCTTTTTCGAGATACCCCTGCGGCAGGGTGCTGCGCAGCATGATGGTGTTTGTGCCAAGCACGCGGGCATAGGATTCGTTGAAACGCACGCTGCGGGGCGTAATCAGCTGTTCATTCACCAGATTTACATAGTCTGTGTTGAACGGGAACCAGGTGATCTGCGGCTCACTCCCGACAGGCCCAACAGCGCGGACCGTAAGGTCGATACAGTTGCGGTTAAAGGAGAGCGCGCTGATCTCCGGCGCGTAATAGTAGGAAAGGTCATCCCACTCCCATCCCCGCGGGTAGCGCACATCATCAAAAAGACCCTCATTCCCAAAAATATCCCCGCTGATGTGGGTGATCCCCCGCTCCTGCAGCTGACGAATGAGCGCGTCAAACACATGCATGGCGTCATCATCATAGTGATATTTATCGATGGATGGGTCCCCGGCGCCGGCAATATGGATATCGCCCTCCCAAACATCGCCGACCAGTTCTCCGTCGCCGTAGATTGTTGTGCGAAAGCGGAAGGTCGGCCCCAGGCCGTGCAAAAGGCCGGCTGTCACAAAAAGCTTGCTGTTGGAAGCCATGCGCATAGGGGTGTTGCTGTTTAGCCGAACAAGCTCCTCACCAGCTTCGCTGCGGACCGAAACAGCCCAAACTGCGTCCGCCGTAACGCTTTGGGAAATCAGCGCTTCAATCCGTTCGGCGACAGAAGCAAGTTCAGACGCCTTAACCCGCTCAGCTGCCGCATTCGAAACGCCGCCGAAACCGCCGTAAACCGGTTGCGGCACCAGTATGCCGCAGACCAGCAAAAGCAAAAGGCTCAGTCTCAGCACGGGCTGCAGGAAGCGAACTCCTGCCGTTTTGCATACAGCGGCTGCGAAAGAAACCGGCACGGATGGGTTCATAGGCGCAAAAATGGGGGTTATCCGGCAGAAAGCACTCAGGCCGGCTGTTCTTCCTCATCCCGGAAGAGCGTGATTACTTCCTCACCGGAATCGGCCATCATCAGCTGATGACGGAAATTGTCGTGATTCATCAGTCTTGAAATCTTGCTGAGAATTTTGATGTGATAGCTGCTTTTGGCGCAACCGCCCACAATCAGAAAAACCAGCGAAACCGGTGCGTCATCCACGGAACCAAAATCAACCGGACGCTTCAGCCGGGCAAAAACGGCAAAATTGGGTTCCAGATCCTTGATTTTAGCGTGTGGTATTGCTACGCCTTTCCCAACCCCGGTTGACATCACTTCTTCGCGTTCAAGCACTGCTTTCTTGATCTGTGTCAGCAAAGCCTCATCCACATCCTGCCTGAGCTCGTTGACCATTCTTTTGATGAGTTCTTCTTTATTTCCTGCTTCAACATCCAGCACAACATGTCCGGTGCTGAGTATTTCAGAGATTTTCATAAGTGAAGGCTAATTCATTCGATTTAAGGCGTGCAACAGCCTGCCCGCAAACGGGGCACGACCTGTGCAATACGTCTGTCAAATTTAAGACTTTTTGAGCGGATACACACCTTAAACAAAAGATGAATCCGCAGGGCTTCAGGCGGGTCAGGAAGTAGGGGTACATAGCTTTGCTGCTGCGCCGCGGGCACGCCTCCAAAGGAACTACCGGTCGATTATTGTGCGCAATCTTCGTA
CP027806.1_gap86	3112780	3113731	951	GGCGAGCTGTCCCGACATGGAAAAGACGCCGTCACTAACAATGATTTTGCCGGCTTCAGGATTGGACCGATCCAGCATTTTGCGCAGCTGATCCATATCATTATGCGCAAAGCGATAGGTTTTGGCGTTCGACACGAGGGTACCGACAACAATGCAGGCATGGTTGTCTTTATCGGAAAAAATTTCGTCGTTGCGCTGTGCGATGGTTTGAATGGCACCTTCATTGGTCTGATAGCCGGTGGAAAACAACACGCAGGATTCTTTCTGCATGTACTTAGCAAGCTTTTCTTCCAGCTCAAGGTGTAAATCAAGTGTCCCATTCAGATAGCGTGAACCCGTACAACCTGTACCATATCGCGTAATGGCGCCTTGTGCCGCTTCTATCAGCCGTTCATCATTGGTCAGGCCCAAATAATTATTCGAGCCTGCCATAATAACTTTGCGTCCTTCAATAACAACAACAGTCCCGTCTGTTTCGGTAAGCGGCTTGAAATAAGGGTATAGGCCCAGGGCTTTGACTTCGTCTGCCTTGGTAAAATTGAAAGCTTTTGAAAAAATATCTGCTTTTTTCTTGGCCGTATGGGTTTCACTCATACTTTGGAAATTATAATCTGAATAATAAATCAACTCGTAATATAGGCACTTCCTGCCATTGTTCAAACCACACCAAAACGGCCCTAAAAGGCTGAATTGACGCATTTATCATGGTTTTGGCTGAAGCTCAATTATAAAGCGTGAACACTGTTAAGAGCGTTCACTTTTTATAGACGAATTTCGTGAGGTAAAGGATATAAGCTTTTGAAACTGCTTCCCAGCTAAAGCGGCTTTTCACATGGTTGCGGGATTTACGGGACAAGGCATCAAGCTCATTTTCCAGCACCCGGTCGATGGTTGCAGCAAAATCTTTTGCGTCGTTTTCTGCAATCCTGTAGCCATTTACACCCTGCTCAA
CP027806.1_gap87	3176251	3181247	4996	GGTTTCCCCAGAACAGGCAGAATATTCTTGTCTTGTAAGGTATTGTTGCCTCTTCCGGTTAATAATGCTGTTATATTCATGATGCGCTGTTTACCTGGGAAATAGTTGATCTTTTAAGTTTCGTACCGTGTCAGCAAGTAAATGAATATCTACCGAATACGAAATATATTTTACACCAAGCGATTTCCAGTACGAAGCCTGATCCGGCTGATCACAAAATATGCCGGTAAACACGCCTTTCGCAGAAGCTTCTGCTACAATTTTCCGCATGGCCTGCATCACCTTTTCATGCTGTATTTGACCGGGCACCCCTAACGACTGAGACAAATCATAAGGCCCTATAAATAAAACATCAATGCCTTTAACTTCCAGTATAGAAGCAAGATTTCGGATCGCTTCGGCGCCTTCAAGCTGCAGAATAACCAGCGAATGGTTGGCTTCCTTAAAATAGCTTGCTTTATCTTTTTCGGCATAATCAGCGGCACGTACAAACCGACAGACTCCCCGCTCACCGTCCGGATAGAATTTCATGCGGCGAATGACTTTCTTAGCCTGTTCTGCAGAGGTTACGGATGAGACCTGAACCCCATGCGCACCTAAATCAAGTGCTTTTTCAAGCAACGGACTCTCCCATGAGGGCACACGCACAATCCCCGCCATTTCGGATGCATTTAGGGCCATCATGTGACCTTTTAAGGTTTCGGTCGTCACGGGTCCATGTTCCATATCAACGATGATATAATCGCTGCCTGAAAGCCCGATTGCTTCAATCACGGAGCTGTCCGTTGTTTTGCTGAAACAGCCAAATACACCGTCTGCCTGAAGCTTAGCTTTGAATTCTGCAATTTTACTGCTGTAGGAGTGCACTTAGATGTAACAAGATTAGGGATGAATGCTCAGCGCAGTGATGTATTGTATCATCAGTGCAAGCCGGTGAAAAGATTTAGCAAAGATCAGGAAATCCGGGCAAAAACGGAATCCGGCACAAGGTGCGTATAGGTAGTTGCCGTAAGGCTAATCAACTCAAGACCGCTTGATTTCGCTTTTCCAAACAGGAACTCGTTTTCAGCATATAGCTCCTGCTCTTTTGTTCCCATAGCCGTATTGGAATAACCGTCATAACCAACAAGATACACCCTTGTGATGCCAAAAGCACGCGCTGTTTCAATCGCAAGGCTTGTATGCGTGTCCTTGAGTTTATCCGTAAAGGTCACTTCCTTAAGCTCAAAAGCACGGTCTTTGAGTTTGCTTGGAATATAAGTTCCCATTTTGCGGGGAAAGGGTGGTAAAATGCACTGACCTTTTGCTTTGGAAGCATCGCCAAATACAGATTCAAGCCGGTAGCCTTCATTCCCTACAAGGCAGAAATACTGATCGTTTGGAATATCAGTAAAACACATAGCGTTGCGGGAACTTGCATGAATCACCACCATATCCGGATGCTTCATCAGAAATGCATCGATAGCTTCGGTGTGTTCAACAGCACTTGGCCCGCCACCTACAATCAGAGCCGCACTGTATTTTTTTACAGCGCTGAATTCCATAACCGGCAGCCGTTCGTTATCGTCCACCCCTTTGGACTCATTATCAAGCGCTCTGATAATACTGTTGAACGAGTAATATCGCTTGCTCACCCATTCCATCACATTTTTTTGCGGCAGGGAGTTGGCGCCTGAAACCATATAAGGCAGGTTGGTTCCCCATTCATAGTGCTTTTGCAGATCGGTAAACACATCTACAACCCGGCTCAAAGCATTAAAGTCGAAATCAAGTTTGCCCTGTGCATTCAGTACGGTGAGCAAAAGCTCGGTTTTCAAATTGCCTGCGCCCCGGCCCATGCCCGTAATCGTCGCATCAACCATGGCACAGCCTTCCTCAATGGCTACAAGCGTATTGATAAGACCAAGCTCCATGTTATTGTGCCCGTGAAAGCCAAGTGGGATATCAACCTTGCTTCTTACCAGTGCGATCGTGTCCCGAACATCCTGCGGATACACCCCGCCAAAGGAATCAACCATATAAAAGATATCGGCGGCTCCGGCAGCAAGGGGAAGTTTGTCCAAAAACGCTTTCTGCGAGGCCCAGGTTGACATGTACATGACGTTGAATCCTACTTCAAAGCCAAGTTTTTTTACTTCTTTGGCAAGCCCAACGGCGCGCTCAAGGCTTTTAGGATCAATGGCAATCCGAACCATATCCACAAGTCCGGCAATCGGCTTAAGCAGCGGTTCCGCATCTTCAGCCCTGACATCCTTCTCATTCAGGATGATGACCAGCTTTTTATTGCTGAGGGATTTAATTTGCTGCAGTACAGGTACCGGACAGTAGAAATACTCCCCAAGATAGCCTTTCATGGGATTGGAGCGGTAGCCAACTTCCAGGTACTCAACCGGAAGATGGTTAAAAGCTTCGAAATAGGTTTTGACGGTTTCTTTGCTAAAGTCCCAGTTGGTATAATAGCCACCGTCGCGGAGGGTGCAATCTAAAAGTTTCATATTTTATTAATGAATAATGTATTTAACTTTTTAATAATTATCTAGCTCTGAATACGCATTAATTATTGATGTGATATTGTCAGACAAGTTCAGTTTTGAATCGTAGTTATTCCAAAAATAGTTACAGTGTATACTCACTATTTTGCAAGGTATATATTCAATATTCAATAGTATAGCAAAAGCCAAACGATGATGGCCAGGACCTACGAATTTATTAAACTCTCCATACCTATCAATATAAATTGCCATTTCATCTTCTTCATTTCCATCTATTAATTCAGACTGCGCTTTAAAACCATTTTTCTGTATTGTATAGTAAGTGGCTATCATATTTTCAAAGTAATTATTTATTTCTTCAACAGAACTACACCCTCTTAATACACTATGTTTAATACCCTCATTTAATGCATTAAGCATTGTCTTATACTGTTTAGTATTAGAATAATGTTTACCATCTAGAATGATTTCAACTATAGAAGAGGTATTTTCGTTTTTACGGATAAACTCATTAATCTTAATTTTTTCTTCTATATCCCAATCGCCACACTGAATAATTTTTCTTTTACCAACATATGGCCGACCACCATACTTTATAGAACTTGTTTTTATCCAAATAGTTTGGTCGTATAAATAATTACTACCTAAATTAGCTGGAAGAATATCAAGCTGTAGTTGCATTGGTAGCAAACTAAATAATCGCCAATGATTTATCTTTTTATGGAAATAGAAATAAGCAAGGTGTAACCTTTTAGTTATATTCATAAATAGATAACTATATTTAGTTGAAACATTACTTTTGCCATAAAATCTATTTTATTTCTAAGTATCTACATCAAGCTAAAAGCTAAACTTCCTGCAATTCAACCATTCGCTTAAAAGATTCTGATTCGCCTATCAATTCTTTATATGTGCCAATACGTTCAATACGTCCTTTATTCAAAACAACCACGCGATCTGCATTTTTAATTGTTGACAAACGATGCGCAATCATGATGATAGTATATTGACCTTTTAGCTGATCGATATTATCCTGAATCTCTTTTTCAGTTTCGGAATCAAGGGCGGAGGTCGCTTCATCAAGGAAAAGGAAATCTACATCTTTAAACAGCTCTCGGGCAATGGAAATCCGTTGTTTTTGCCCGCCGCTTAGGTTGATACCATTGTTTCCCAGCTGTGTTTCTTCTTTATCAGGCTGTTCTTCCATCACAAAATTACGGATACTTGCCTTACGCAATGAGTCTTCAAAGCGGAGAATATTTTCTGCAGTCTTAGGTGCCCAAAAGGTAACATTATTGTAGATCGTATCATTAAATATAACAGGATCCTGCGTGATATAGCCAATGCGCTTTTGGAAAGTGGCTATATTTAATTGTTTTGCATCGACTCCATCTATAGTCACACTACCAGAAGTAGGCTTAAGAAGACCGGAAATTATGTTCATCAATGTTGTCTTCCCTGAGCCGCTTTCACCGACAAACGCAATAGATCGATTTTTGTGCAATTCAAGATTAATATCTAGTAGGATTGGTATGTCACCATAATAAAAAGAGACTTGTTCAAGTCTTATAGATTTAGAAAACTGCTGTAAAGTTAGTTTCCCAGTTCTTTCTTTTCCTTTCTTTAATTCCTCGATGAATGCTTCGATATTTTCAAGAGAGCCAATATTACTTAAGAATTTATTCCAATGTGTCTGTACTTGCATTACAGCTGTTAGAGCACGATAGAAAAACAGTATGCTCAAGATAATTAATCCTAATGTTCCACCAAGGAAATTAATTTGTACTAAAATTACAACAAGAACAACACCTATTAGCAATGGCTCTCTGATGCCACTCATTATCGCGCCGAGAACACCTATTTTTCGTTGTGAATCTTCAATTTCATAGGTTTTTTCAATAAGTTTATTAGCGTAGCTCCTGATTAAACCTGTAGCCTTTAGATATTTAAACTGTGCCACCTGCTGAATAAGCAACCCTTGAAATCCATGATTGCTTTTTGTGAGAACTCTGGATAACCCTTTGGTTTTTTTATACAAATTGTTAAAGGCAAAATTCGTCAGTATACCACCTATGGCAACAAGCAGTGCAAACTGAGGGTTCGCCATAAATGCCAATACAGTATAGACTATTATCAGGACACTGTGCTGCATGAGTTTCATATACTCTTTAAAAGCCTGTGTTACCTTTTGAACTTCCCCACTCATTGTGTTTTGAATACGACCTGCATCTGCATTCACAAAATTATAGTAATCATAGTTTGAGAGTAATTTGATATTACTTTCCCGGATATTACGGATAAAGAACTGCTTATAAACTACGCTTTTGTACTGCTCCAAAAACTTAAACGCTCCTTTCAGAGTAAAGAAAATCAACATCACCATTAAAACAACAGAAAGATTCAGACTAAGCCCCAGGGCCTGAAGGCCGTTCACCAGAAACGCCAAATTCCCCATCTGTTCACCCGTAACTTCAGTATCCCCGGCCACCATTTCTAGCAGCGGC
CP027806.1_gap88	3196029	3197685	1656	TTCATGAAGCAGTCTTTTCGCTGCGAGGGTACCCTTGCTTTCCAAATGGATAAAGCATTGGTTCCGCAGCTCAAAGAGGGGCTTCAGGCGCTGTATCGCAGGGGGATAAAGCCTGATCTGGTGTGGTATGTTTCTCCCTGGGGTCCGCACGAAGAAGATCCGGTCCGGCGCGTGATTTACCATCAGTTTAAGCAGTTTATGACCGGACAGCAGCTGCCGTCACAGGTTATCCGCTCGGCCTCCGTTAACGGGAGTATGCCTTACTACAGCTGCAACCTCGGTATTAAACTGTGGTTTAAACTGCACGGCATCCCGTGGCTTGCCGCGGAACGTGAAAAAGATCAGCTGGTGATGGGGCTGAACATGTACCGGGCTAAAGGCGCTGGGCAAGGCTGGACGGCCGGCGTCCTGTGCATGTCAGAAGCGGAAAACATCCTGCGGATTGGGGCAGAGCGGGCAGACCATCCCGAAGACCTGGTTCAGGTTGTGGCGCATGCGCTGCAGCGTATGCGGGAAGAGCTGCTCAAAAGCAGTACCCGTGCGATTGTGGTGCACTACTACAAGCCCCTGAACCGGCATGAGGCCGCGCAAATCCGGAAGCTGCTTGATGCGTTTTGCCGGCAGACCGGTAAGGAGGTGCTCATTTATATTGCTGGTATCAGTGATGCAACCTACGGAGAGCATCTCATCTGGCGTGAACAGCCCGGTGAGCCGGGGGACAAACCCCTGATATCCGGTCTGAATCCGGCTGAAGCGGTGCGTGTTGGGGATGATGTATGGCTGCTGTGCACGCATACGCGCAAAAATTACAAGACCCGTGCTTCTCAGCCCAACCTTTTGCGGGTTCAGCTGGAAAAAGTTCAGGGCGGCGCTGCAGCGGACGCGGCATCGCGTCAGCGCATAGACGAGCCGGAAAGCATAGGTATCCTTGCGCAGATTCTTCGGTTTACGCTGCTGAACTGGAAATCCGTGCTGCCCGGACGTATCCCGCTCACCCTGCGCTTAACGGGCTATATGGCCCGTCATCATGCACAACTTCCCGGGGGCGGTGGCTTTTCCAACCGCTATGCGGCCAACGGAATTGTCAATCTCTGACGATAGCCGTTTTTGCAAATCCGCATGGTTCACAACAGCCTAACCCGCATTATTCACCAAGAAATTTTCATGCTGTCAAGGCGAAGCTTAAAACTCAGCGGAAAGGTACCTAAGTACCCTGAGCATGAGTTTTAAGCTTCAACGCCGCCAGCGGGGAAATTTCGCTGCGCGGGAATCGCTTCGCTCGGTGCGCAGTTACTAAACCATACTCAGTTTTGGGCTAACGATGTTTTTCGCTAAGACAAATTTAAACTAACACTTAACTAAAAAATCTTGTTTAGTTGTGAATAATGCGGGTAAAAAGCTGCTGATAAATCATGCGGGTTAAAAACGCATTATAGCCGTTTGGGGCACAATGGTGCGGCTACCTGATTCTTAATATATGTTTGTGAGTAAGAATATTGCTCATTAAATTACCGACTTACCAATTTATCACCCAAAAAAATTCTTCAGCTTTCGTGATTCTCCGGATTTTATGATTGCTAAGCCCCTGCACATGCGCCATAATCGAAAATTTTACTACGATTTATGACAATAATCAGACGGATATCAGCATGCATC
CP027806.1_gap89	3265814	3268700	2886	TGCGCCGGGAAACAGGCCCGAGCGGGTAGTCGCATATTCACCGCCCCAAATGCGCAGGTTACCGCGCCAGTCGTTGGTTCCTGAGCGGGTTGCAATATTAATGATACCAGAAGTTGCCTGCCCGTACTCTGCGTTGAAGGCACCGGAAATAACCTGCAGCTCTTCAATCGCCTGATTTTCAACCCGCAAGCCAGAGCCACGATCAAAGTCATCCGAAACACGCACGCCATCCACAATATAGGCCACTTCTGACGCGCGACCGCCGCGGATGTGAATACTTCCGCCGGGTCCGACCGTCACACCGGCCTGCAGCGATACGACCTCACCCACGTCCTGCACGGGCAGCCGTTCCAGATCCTGCCGGCTGACGCGCGATTCAGTACTCGTAAGGTCGCGGATCACCACATCGCGCTGCGCCCGAACAACGATTTCTTCCCCTTCGAGCACAGACTCCGAGAGCTGCATGTCAACGACGGTGTTGAGATCGGTTCTGACCAGCACATCTTCTACAATTTGTGTCGTGTAGCCGATGTAGCGAAACTCCAGGGTATAGGTACCCGGCCGCACATTTAATATTCGAAAGTTGCCGTCGAAGTCCGTAGTCGTACCCTGGGTTGTCCCCTGAATAATAACCTGAGCTCCGATAATGGGTTCCCCATCCCTCGCATCCGTAACGTTACCGGTTATCCGACCGGCCTGCGCATGCAGACTTTCGGCTGCAAACAGGAATACGAAAACGGCGAACAGTAATTTCGTAGCGTTATTCATATTGTTGATTTATAATTGTATTGGTATCGATAATAATCGGTCGGTGTACACTTTGGCGCCGAAACGCTCCCGGGCTTCACCGATTTTCCGGATTTTCAGTTGCTCCTTAGCCTCCGAGCGAAGCGCGCGCTCCACCATTGGGATGGCTTCCTCAAATGTCAGCTGCCGGGGTTCAATCCTGCCATGACATTTAAAAATGTGAAAGCGGGAGCCCGTAATCTGAAACGGTCCCGCATATTCACCCGGCTGAATGTTGACCAATGAAGGCGACATCATGCCAAACTGTTGTATGGGAATAAAGCCAAGACGCCCCATATTTTCGCGCCCTGCCGGATCAGCCGTAAACTGACGCAGCACATCATTAAACTCACGACCGGCTTCCAAAGCCGCCCACGCCTGATCAGCCGCTTCCTCGCTTGTTACAACTATTTCCGCCATATCAAGCTGAAGCGGTTCCACATATTGGGCCGGATTCCGGTGAAACTCTGCGTAAATTTCATCCTCGCCAACCTGCACCTGTGCTTCCAGATATTCATCAAACATCTGATTCAGATAGTTGTAGAAGGTCTCATCCGCTGTGCGCTGCACGTAACGCGCGTTAAAATTGGGATGATTACGCACCTCCGCAATCGCCATCGCGCGGTAGGCCATAGCCTTAACCTGTCCTGTAAAATCATGCACGTTACGGGCCTGCCGGCGCTGACTAAAAGTCGTAAAGAAAGCTTCCCGCAGAAAATCGTCCGTCGTAAACACAAAATCCCCGTAGCTTATCAGCGTCTGACCGGCAACTTCGGGGGAAAGCCGGACTTCAAGACGTACAAGCTCGGGGTTAAACTCGAGATAGGCATCCGGGTCGTTCCGTACATCATCCCAAAGCTTCTGCATCAGCGCCGGATCGTAGTCAAAAGCATCCATGGTGCTGCGCAGGTGATTGCGCACGGCAAGTTCCGCTTGCTGATCGCGGGCAATAGCGGCCAGCTCGTTTCTGCGCTGTGCGAACTGCGTTTCTGTGATGACGGGCGTCTCAACAATATCCGTCACCTTTATAATGGAAAAGCCCCGGCTTGTCTGCACCGGCGCTGAGATGTCACCAACGGCCATTCGGAAGGCCTGATCTTCGAAGGAGATATCCATATCGTCCAGGGTGAAAAACCCGAGATCCCCGCCATTGCGGGCCAGCTCAGGGTTCTGAAACACCTGCGCTGCAAGTGCTTCGAAATCATGCCCCTGTTCGAGCAAGGCAAAAAGGGAATCGGCTTCATGCCGGTTGCTTGCAAATAAATGGGAAGCCCGTACGCTTGTGTTGGCCCGGTAAAACAGCTCACGAAGATCGTTTTCACTGATGGTGAGCTCGTCAATAATAAAACGCCGCTCAAACTCTTCCATCAGCGCTTTGCGCTCAATCATCTCTCGGGTATGGTTTACGTCGGGCTCGTTGTGCCACCCCTGATCCATCGCGTAGGTCACGATTACATAGCGGTTCAGGCGCTGATTCAGCACCGCTTCCATCACATCCGGACTCAGGTTCATGGCATAGCCGGCACGGGCATTAAAGCGCTGCAGCTCATTCAGAAAATGGGTGCGCGTGATGTCGTATGATCCCACAGCCGCAAGCACCTGTTCACCTTCATCAACGGGCTCATCCGTAGAACAGGAGCTAAGGCCTGCCAAAAGAATGAGCAAGGAAGTGATGAACAAAAATTTGTAGATCAAAAAAGGATATCGTATTTGGCTTTGGGCCATAAGTACTACAAACGATTAAAAATCAAATATTTAATGAACATCATTTATCTGCCCGGTACCTGAGAAAAACAAGCTGATTTAATTCAGACGCTTTTATGGAATACGTTTATGCGCAGACAGTTAAATAATTTTCGGATTTGGCATCAGGCAGTTCAGTCGGGCTGATAGCGTTGCTGAAAGATGACATGCACGTATCAATAATACGTGAAAGCGCTTACATTTTCAAGCGTAAAACAAACCTTTTTTGGCTTCGCGCAACCTCATTAAAAATAATCTAATATCAGACATTGATTTTGCCTTTAATCCGCTAAAGCGCTGATTTTACAACTCCAACAAAGCCATCTGAAGCCCGCGTAACATCCCGCTACACACCCC
CP027806.1_gap90	3275070	3279678	4608	CAAAAAAACCGCGGCAGCACCTGCGCGGATTAAACCAACATGACCACCAATAAAAAACGGGTCGCTTTTCAGGGCGACCCGCTTGTGTTCAAACTTTTCATCTACTAACTAACTAACTACTATGAAAACATAGATTTGTGTGCCTTAGTGTGGGCGTTCCGGCGCCAGGCTGAAATGCTCTGGAGAGCGCCACAGGCCGGATACAAGAAGCTCACGCATGAAGAAGACTTCCTTCGGCAGCTTGTTGTACAGCTTGCTGAAGAGCTCTTCATGGCCCAGAAGTTCTTCCTTCCAGACTTCGGTATCGATATCCATCACTTCGTTGAATTGCTCCTCAGTGAAGTCGAGACCTCTCCAATCGAGATCCTGATAGCGTGGCATCCATCCAAGCGGGCTTTCAACGGCGGAAGTTTCACCCTTCACGCGCTCCACAATCCAGCGGAGAACGCGCATGTTCTCGCCAAAGCCCGGCCATGCAAACTTGCCGTCTTCATTCTTACGGAACCAGTTTACACCGAAAATGCGTGGCGGATCCTTGATTTCGCGGCCCAGCTGCAGCCAATGGTTGATGTAATCGCCCATGTGGTAGCCGGCAAACGGAAGCTGTGCGAAAGGATCGCGGCGAACTTTACCCATCTGACCGAAGGCAGCGGCGGTCATTTCGGAGCCCATAGTGGCTGCGAGATACACACCGAAGTTCCAGTTAAACGCCTGATAAACAAGGGGTACCGCGGTTGCACGACGTCCGCCGAATATAAAGGCGCTGATCGGTACACCAGCGGGATCTTCCCAGGCCGGGTCAATAGAAGGACACTGCGAAGCAGGTGCGGTAAAGCGCGCGTTCGGGTGTGCCGCAGGCTTGCCGTTGCTTGGATCGTAGGGCTCACCCTGCCAGGTAATCATGTTGGCGGGTGCTTCCTTGGTTTTACCTTCCCACCAAACTTCACCGTCCTCGGTCAGACCGCAGTTAGTGAAAATCGTATGCGACTTGATACTCTCCATCGCATTCGGGTTGGTATCGTAATTCGTACCCGGTGCTACACCAAAGAATCCGGCTTCAGGGTTAATGGCGTACAGCTTGCCATCCGCACCCGGCTTAATCCAGGCGATGTCATCACCGATGGTGGTCACTTTCCAGCCATCCATTTCTTTCGGCGGGATAAGCATTGCAAAATTGGTTTTACCGCAGGCACTTGGGAAAGCTGCCGCTACATAGGTTTTTTCGCCTTCAGGAGATTCTACACCCAGAATAAGCATGTGCTCAGCCAGCCAGCCGTTGTCGCGGGCCATGGTAGAAGCGATACGAAGCGCGAAGCATTTCTTACCAAGCAGGGCGTTTCCGCCGTAGCCGGAACCGTAAGATTCAATGACTTTCTCTTCGGGGTAGTGTACAATGTACTTGGTAGTAGGATTACATGGCCAAGGCACATCTTCCTGACCTTCTTCGAGCGGTGCGCCAACAGAGTGAACACACTTCACATAGTCGCCGTCTTCGCCGAGTACGTCAATTACTTTGCGGCCCATGCGGGTCATAAGGCGCATGTTTACCACTACATACTCAGAGTCGGTAATCTCGATTCCGATTTCAGCAATGTCCGAACCAATTGGTCCCATGCTGAAGGGAATCACATACATGGTACGGCCTTTCATACAGCCGTCATACAGCCCGCGAAGGGTTTCTTTCATTTTAACAGGGTCTTCCCAGTTATTGGTAGGACCGGCGTCTTCTTTTCTGCGGCTGCAAATATAAGTTCTGTCTTCAACACGCGCTACGTCGCTGGGATCAGAGAAACAGGCGTAAGAGTTGGGGTGTTTTTCGTCGTTCAGTTTCTTAAAAGTACCGCCATCTAACAAGCGATTAATCATCACATCATTTTCTTCTTCAGAACCGTCACACCAGTGAACACTGTCTGGCTTAAGCAACGCGGTCATTTCGTCGACCCATGCTACGAGTTCTTTGTGTTTTACTTCATTCCTATAGCTCATAAATAATACTCCGCTTTTTTGCGTCTGATAAAACAGGATTATGATTTTGGTTGATTGCCAGCTTCATGGTTGATGTCCTTGAGTGACAACGCTCATAATATAGGGAGTGCAAATAACTAAATCAAACCCTGATATTAGAATATTGTTACACCCATAGTCGGTCGAACCACGAAGTTGCATTTCAAGCACTAAAAAAGCGCTTTTATTTTGAATATTCAAGTTAGAAAAAGATTTTAACCTGCACTTTTGCAGCCTTTTGAAAGAAAAAAACCGCTTTTGCAAGCAATGTGAAATCATGTGGTTAGGAAGAGGGGTAGCGATGATCTTTCCGGCAATGATTTGGATATTCTGATGGAAAAAAATCTCTTGAGAGCCAACTTTAAGCACGAACATACAACAACTATTCAGCGATGTGGCTGATACCCTTTACATACAAGCTCAAAAGCAAAACCTAACCTTCTACAGAATTCCTTTAAGTCCGGCCGATATAATGAAGGGGTTCTCTTCAATTAACCGCTGGAATGTGGTGGTTAACACGCAAATTGAAAGGGCAAGCCTATTCAATCAGGGATAATCTTTTCAACTTTTCTGTATGGGCTGCGTCATGCAACTTCAAAAAAGAATCAATGCCACCAGCCCAAACTAAGCCTTCATCCCTGCATAATTTCGTGGGTTTTTCAGAAAGGTATGCCTGATATGAACTGTACCGCCATCCCGCCGGATGTTCAGCAAACTGATGTTTTACCGGATTATGGTGTATATACAACAAAAGCGTGAGAAAATGGTCTGGTGACACAATGGCTCTTCGCTTAAAATTTGACATAAACAGACTTCCTTTCCGGCTGTAGCGCTTGTTATACGCCTGTGTGTAGCTATTGAAAAGGTGTGAAAACTGACGGCTAATCTCGAGACTTAACCTTCCAAGAGTTCGCAACCCTTGGAAGGTTGTCACGTCCCGATTTCTTTTTTGACTCACAAAATGGGCAACGGTCTTCTCTGACTTGATACGCACCATAAAGTGAATGTGGTTTGGCATCAGGCAATACGCAAATGTATCAGCAACCGGCGAGATATATGTGTCATACTTGCGAAGAAAAAACAGATAATTCTGATCTTCAGTGAACAAATTATCTTTCCCGTTGGCATGTGTCCAAACATGGAATACCTGATGGGCCTCAAAGGGTTCGGAATATTTTTTCATAGGTAAGAAATTCGAATAGGACTTGTTAACCAAACGCAAAGACGCTCAAACCCGAAATTCCTTACATCTAAAAATTACTCTGCCCCAAAACACCGCAGGCCGGCTTCATCATAAGAAACCGGCCTGCAGATAATCCAATCAAAAAAACGCCTTTGGCTTAGCTTTTGCCTCAGTCTTCGTCTTCCTTTTCGGCGTTTTCTTTCATTACGCGCTCCTGAATGTCGCGGGGTACCTGCGCGTAATCGGCGAAGCGGCGGGTGTGACTTGCGCGGCCCTGCGTCATGCTTTTCAGGTGCGTAGTGTAGCGCCCGAGCTCTGCAAGCGGCACGCGCGCGGTTACCTTCTGAAGGCTTCCTTCCGAATCCATACCCACAATCTGACCGCGGCGGCCCGAGAGATCGGTCATGATTTCACCCATGAACTCAGCGGGAACCAGCACGTCGACTTCATAAATCGGCTCAAGCAGCTTCGGACCCGCTTCCATGAAGCCTTTCTTGAAGGCCATCATACCTGCGGTTTTGAAAGCCGCTTCGTTGGAATCCACCGAGTGCATGGCGCCGTCATAAACAGATACGCGCACATCGCGGGCGCGGCAGCCCGATAGCGGACCATTCTCCATTTTATCCATCACCCCTTTCAGGATGGCCGGCATGAAGCGGTTATCAATTACGCCGCCCACAATGCAGTTGTAGAATACGAGCTTGCCGCCCCACTCGAGCGGGTATTCATCACGTCCCCTAACATTCAGATCAGGGGGATCAGCCATACCTTCGCTCCAGGGTTCGATGTACAGGTGCACATCCGCGAACTGCCCGGCACCGCCCGATTGCTTCTTGTGGCGGTAATGTGTTTTCACAGCCTTGGAGATGGTCTCGCGGTACGGAATACGGGTCTCGCCAAATTCGATGTGCAGCTTATACTGATTTTCGAGCACGTGCTTCACCTTGTTCAGGTGTTCTTCCCCCTGACCACTCAGAATGAGTTGTTTCAGCTCAGCATTGTGATCCACAAGCAGGGCCGGATCTTCGCGCTGCAGCTGATTCAGAGCCATCCCGACTTTTTCCTCACTGCCGCTGTCAATAAGTACGGCAAGACTGATGGTAGGCTCGGGATACGTCACTTTGCGGAAACTCACAAGCGACGATTTATCGCAGAGCGTGTCATTGGTAGTGCAGTCCTTGAGCTTTACCGCAACGCCGATATCACCGGCATGCAGCTCCGCTACTTCAAGACGCTTGCCGCACTGCGGTACAAAAAGAGTACCCAGACGGACCGTATTGTTGGTGCGCTCATTGTAAAGATCCATGCCTTGTTTCAGAATGCCGCTCGTAACCTTGAAATACACGAGATCACCGACATGCTCTTCATTGGTGTGTTTGAAGATGAAAACGGAAGCAGGCTTATCCGGTGAAATTACAAAC
CP027806.1_gap91	3304323	3308923	4600	GCGCTGACCAACGCGAATGGTGTTGCCAATGTTGTTCCAGGAGCGCACGCGCCATGCCTGCGTATTGTACCATTCTGCGATGTGCCCTACTGTATCACCCGAACGGACGGTGTAGCTCAGCCGCACGGTTCCGGCAGGTGCAGGAGCCGAAGCCTGCGATGAAGCGGATCCGGCTGAAGCCGTCAGCGTTCTTGCTTCGCGGGCATTTGATGGGGTATTGGGCGATATGGCCACATTTGAGCCGCCGGGAACCGGGATGATGACTTCCTGCCCCGGATGAATCAGGGAAGTCAGGTTGTCATTGGCGCCGTAAAGGGCGCGTACCGTAACCCCGTAGCGGTTCGCAATGGCGCCAAGGGTTTCGCCCCTGCGTACCGTATGAACCACAAGCGTTTGACGCATGGATTCGGGCATTTGGCGGTATTCAGCAAGGAAGGTATCCCGGCTGCCTTTTGGAATTTTGAGCGGGTAAGGACGTGCACCGGGTGGCGTTGCGAAGCGCAGCAGCTCAGGGTTAAGGTTGCGCAGCTCCTGCGTGCTAATGCCCGCGAACTGAGCCAGCACACGAAGTTCAACTGAACCTTCGATTTCCACTACATCATATTCGTACACGCGGGTTGTTACCGGGGTTTCAAAGCCGAAATCTTCGTGATTCATCGCTACGAGTGCGGCGGCGATAAATCCGGGCACGTAACCGCGTGTTTCACGGGGCAGGTGCGGGTAAATGGTCCAGAAATCACGCACACCGCCCGAAAGGTTAATCGCACGACGCAGTCCGCGCGGGCTGATGTTGTACCCGGCCAGCGCCATGTGCCAGTCGCCGTTCCAGGTGCGGTGCAGGTCACGCAGGTGACGCGCAGCTGCACGGGTCGATTTCTCCGGGTCGCGGCGCTCGTCAATCCACCAGTTGACTTCCAGGCCGTATGCTGCACCGGTAGCCTGCATAAACTGCCACAAGCCAACGGCACGCGCACGCGAACGTGCAACCGGTACGAGTCCGCTCTCTATCATCGACAGGTGTATCAGCTCGATAGGCACGCCTTCTTCCTCAAAAATGCGCTTCATCATGGGGAAATAATAGGTAGAGCGCTCAAGCCAGCGCTCCATAATTTCGGGCCGGCGCTCGGTAAGGAAATGAATCTGGTTGTTAACTTGCGTATTGATGATGAGCGGCACATCAAAGTTTTGCTCATCGAAGCCGGGCGGCATGGCAAAGTAGCTGCCGTCGAACCAGTCATCCTGAGAAAAGAAATCGTCACGGATCTCAAAAATATCGCCTTCAAAGCTGATTACAGGACCTGACATCCCGTAAAACTCATGATATTCAGCCATCACAGACCGGAAGGTTTCGTTGAACCTGCGGTTGTTCTGCACCTCAGGGTGCTCGTTCATCAGGCTTTGCAGGGCCTCAACGGCCTGCGTGATATAATCTTCGGCAAGCAGCAGATCGTCATCAACCTGTGCTTCCATAGCCATAAAATTGAGTCTGTTGATATCCGTCACGCGCTGCAGCAACTCACGGTTCAGCGGATCAGATTGCACCGAAGCCGGACTCCATGACTGGCTTCCCTGCAATTCAATCGGGTTCAGGAAAGGCAGCTCAATTTCCGGAAGCGGCACATTGAGCTGTTGTTGCTGCGCCTGTGCAGGAAGCACAAACATGCCGGCAAGTGCGCCGGTGAGCATTATTTTTTTGAGCATAGAAGCTTCTTGACCTATAGTTTGTCGTTTTTAGATGAGTTGTATCCTATTCAGCACTAATTTCGCAATATAACCAATGGAACACTTTTCACGAAGAAAATCATAGGGCTTAACGCCCTTTTTACGTATAAGGTGGCAAATTACAGCCCTTGCACCCTACGTTTGTGAAGTCCATTGCTGCACAATGGGAAGCCGTCTGCCGCTGCCAAAAGCTTTAGCACTTACCCGCAATCCCGGGGCGGCCTGCCGCCGCTTATATTCGTTCAGGTCAACGAGTCGCAGCACCCGTCGTATTTCGGCCTCGTCCACCTCCTGCAGCGCCTTCGTGATTTCTTCCCGGCTTTGCTGCAGCTCGATATAGCGGTAGAGAATGGCGTCGAGCACATCGTACTCCGGCAGGGAGTCCGTATCCTTCTGATCGGGACGCAGCTCAGCGCTCGGCGGCTTGGTGATGATGGCATTGGGGATGAGCTCCCGGCCGTACCAGCTGTCGTTGAGCCAACGGCACATCTCAAAAACCTCGGTTTTGTATACGTCGGCAAGTACTGAAAGCCCGCCCGCCATATCCCCGTACAAGGTACAGTAGCCAACCGCCATCTCTGATTTATTTCCCGTGTTGAGAAGCATGTGACCAAACTTGTTTGATACGGCCATGAGCAGCACCCCGCGGCTGCGGCTCTGCAGGTTTTCCTCCGCAATTCCAAAGGCAGTACCCTCGAAGAGCGGGGCTAAAGCATGCAGATAAGCGTCATACAGGTTTTTGATGGGGATTTGCTCGAACTGAATACCCAGGTTTTCCGCCAGCACGCGCGAGTCTTCCACACTGCCGCCGGACGAAAAAGCCGAAGGCATTGTAATCGCCGTCACATTCTCCGGTCCAAGGGCTTCCGCGGCAATCACGCTCACCAGGGCGGAATCAATGCCACCGCTCAGGCCCAGCACAACTTTGCTGCCGAAGGCCGTCTTTCTCAGATAATCGCGAAGTCCCATCACAAGCGCCCGGAACAGCCGCTCGGGTCGCGCAGGAAGCTGCACCTCAGCGGCCGGACCTTCGGTATCCCATCGTCCGTCTTTTTTGAAGAGCGTTACATCCTCCGTGCCGGTTCCGAAAAGCGCCGCCCGGCAGATAATTTCCCCGCGGGCATTCAGCGCCATACTGTCACCATCAAAAATAAGCTCCGTATTGGCACCGGCCTGATTCACGTAAATAATCGGCAGTTCCAGCTTTTCCGCGTGGTTCTGAAGCATACGCGCACGCAGCTCCGGCTTTTTCTGCGTGAATGGGGAAGCCGAAATATTGATCAGCACTTCCGCCCCGTCCCGCTTCAGTTCCTCTGCCGGATTGATATCGTACACGTGGTAAATCACCTCGTTTTCGTTGTTCCAGATGTCCTCACAAATCGTGATACCGAGTTTCACGCCCTTAAAAGAAACGGTTTTGCGTGAAGTCTCCGGCTCGAAGTAGCGGAACTCATCAAACACATCATAGGTAGGCAGCAGGCTTTTGCGTGCCGTTTGCAGGATTTTGCCGTGCTGCGCCAGCAAAGCTGCGTTATACAGCGGGCGGCCGGCTCCGTTTCTGTTGCGTACCGGTGATCCGAAAATCACGCCCGTCTCACCGGTTGAAGCGATGAAATCCTCAACATGCCGCTCAATGGACCGGATAAAATCGCGGCGCTCGAGCAAATCAAGCGGCGGATATCCGCACACGCAAAGCTCGGGAAACACCAGCAAATCCACCTCATCCTGAAGGGCTGTTTCATAGGCCTCACGCATAAGCCTGAGATTTCCGGAAATATCACCAATGGTGGGGTTCAGCTGTGCGAGTCTGATTTTCATATTCTGTAAAGCAGTTAAGTTGAGTACCTTTTAAGCTTTTCAATTCCGGCTGCATTTCCGGTTTTAGCAAACGCGCCATCCTTCAATCCAAACCTGTATGCCCCACGCTGAATTCCCGCTGCAAGGCCATCCCGCAAACGAGATCCGGATCGAACGACTTCCCCGCAAAGAGCTGGGCCGGCTTTCTGAACTGAACTTCGAAATTTTCCGGGAAAAACGCATCATCAACCACAAAACCCATCCCTTTCTGGTCATCCTCGCAGCCTTCGCGGGTGACATCCCGGTGGGCTTCAAAATCGGATACGGCAGAAAAGAAGGTGAATTTTACTCGGCCAAGGGCGGGGTGCTGCCGGGCTTTCGGCGCCGGAAACTTGCCGACACCATGATGAAGCAAATGCTCGAAATTGCCCGGGAAGCACGCTATGAAGTTTTCACGTACGACACTTTTCCGAACATGAATCCGGGCATGCTGATTATGGGCTTCAGTTACGGCTTCCGGGTGACCTATGCCGGCTACAACGCCCGCTACAACGACTACCAAATCACCCTAAGCCTCAAGCTGAAGGACCTTCCCGCCTCAAAGCTTTTGAAGTAAAAGCCCGAAATCCTTATTCATTTCAATAAAACGCCTCAGCACTTTCTCACAAAAATCATCATCCACAAGCGCCTTCACATCCTCCGGGTTTTCCGCCATAGTTGCGTCTATTTTGAAGGTCTGTTCATAAGGCCCGGCTTCAAATTTGATGAGATAGCGGTTATTCCACATAAAGATGGTAATCATCATCTGCGGGTGCGGTACGGTGCCAAGGGTTTTCATGGGATGGTTTTGGAATTCGGGTTTCAGTTTACCGGGCTATTCCGGCTTTTCTTTTTTTTCGGGGGATGTGTACCTGCGCAGCTCATTTTTCCTGCCCGTGCGGCGGCTGTTTGATGTAGCGCAACGGCAGGTGGTCCCCCGTAATGACCTCCTGCGCCTGATCCCGCACAAACAGCGGAAAAACAGGCATCTGCCGGATCTGTGCTGCATTAAACCAGCCAATGTCTTCAAGCATTTGCTGCC
CP027806.1_gap92	3310959	3312498	1539	AGCGTTTCGGCAAAAAAAGGCGGAAGATAAGGAAATTAGCCTTGCTGACCCTTTATTTTCTCATCAAGCCAGGCATTGGCTTCTTTCAGCTTGCGATGCTGAAAAAAGTAGAAGATCACGTTAATCAGGAAGAAAACGACGATCAGATTAAACCATACGGTGCTCAGCTGCGTGATTTCATAGTAAAAGCTAAGCGTAAAAAACAGAACAAAGCCAAAATTCAGCGCCATCATCAGCATTACTTTCCTGAATTTTCCGGTCAGCTTTTGACGCTGTTCTGCAAAACCAAGCTCTTTGGCACCTTGTCCCAGCTGAATTTCAATAAACAAGCGGATACGCTCTTCATGTACTTCTTCAGGAGATCTTCTTTCAGTTGAAGCTTGAGACATGTCAGAATACAATAGTTTAGTGCAGAAAAATATTTAAAATTAGTGTCAGTTTCGGTCCTGAATGGCGCGTTCGATGGCGTCCCGTGCCAAATCGCTTACGCTTCGGCGGCTATTGAAAACTTCATACACCTGATAAACCCCAAGCATGGTTACTACACAGCCAAACAAACTCAGAAAGGCGGCAAGCCAGATCGGCTGAACGAGATTGAGAATTGAGACCATGGTAACCAAGGCACCCAAAAAAAGCTGCGCAGCACCGCTGATGAGATAGAAAAGGTTAACCGATTTGGCATGCCTCGCGAGCTTCTTCAAACTCAGACGACCGGACTGCGCGGTTTCCCCCTCGGCCTGGGGTATTTTGGGCTTGCCGGAAGGCGTTAAATCATTCATAAACAGTAGGACAGTTTGCTTTGCGGTAGTTAAGCATTTCTCTTTACTAAAATAAAGTCTTTATGCAGTACTTCAATTCGTTATTTTGTGCCTTTTCTCAAACCTGAAATACCGCCTCTGATGGAAGAAAACAACGACTTTATTTACGGCATTCACCCGGTTCAGGAAGCGCTCGACAATCCGCAGACGGGGGTGGAAAAGGTGTATCTGCGTCAGAACATGCGGGGTGCACCCGTAAACCGTATTACGGAAGCCGCTTCAGCGCGTAAAGTACCGGTCCTGAACGTTCCGGGCAAAAAGCTGAATGAACTCGTCGGACGCGTGAACGATCAGGGGGTAGTCGCACAGCTTTCGGGCATAACCTATACCGAACTTGAAAACTGGCTTCAGGACACTGATTTAAAAACGCTCCCCTTTGTGGTAGTACTCTCTGAAATTGAAGACACCCATAATTTCGGGGCGATCCTGCGGAGTGCGGCGGCGGCGGGTGCAGCAGCTGTGATCGTACCCAAGCACCGGCAGGCACCGGTTAATGCCACCGTATTTAAAACTTCAGCTGGTACCGCGGGCAAAATTCCCATCATAAGAGTTACCAACCTGAATCAGGCTATCGCTACCCTCAAGGAAGCGGGTTTTTGGTTTGCAGGGCTGACTGCACAGGCAGACCGTACAATTTGGGATGAAAACTACGATGCCCCCATGGGCATTGTCATTGGCAGCGAAGGCAGCGGCATTCGGAAAAAAACGGCCGAGCTTTGTG
CP027806.1_gap93	3346654	3350032	3378	CGGCAGGGCGGCCGTCGGCGAGCGTTCTGACCAAGCGTCCGTGCCGGTCGTAGATTCTGACGCGTAACAGGTAGTCGGGCTCATCGAGCACATAGCTTAGGAAAAGATTATCATCCACGCCGTCCCCGTCCGGTGAAAAGGGGTTGGGTTCGAGTGTGAGTCCTTCTTCTGTCATGGCCGGGCCAGGCTGCTGGAACAGGGAATTTGAAGTGCCCGGAGTGCCCCCTGCCGGAACTACGCTCGATCCCCAGTTGGAAGCTTCATTGGAAGCGCCTTCCGGGTTAATTCTTTCAAGCGCAATACCGCGTGCATCCGCAAGGTTGGGGTTATGCCAGGAAGCTTCATAGAACACTGAGTCAATCACTTCTCCTTCTGCTCCTGCGAGAAAAACCGCCCCGGCTGACGCACGCAAGTTCAGCGTAGTGCGGTCGGCTCTGAAGAAGGCTGCTTCATCCGAAACACCGAGATTGAAAAAACGCGCAATTCTCGTTGCACTGAAATCCCGCTGTGTATCAGCATACATCACCGCATATCCGTTGGCGGCTATCCAGGCATTTTCGGTACGTTCAGGGAAAATGCGCCGAACCTCTCCTTCAAAATCGGGTTCATCATGGATATGAAAACCCCGAAGGTTTATTGCATAGTCCCGGCGGTTGTGCAGCTCAACATACTGACTCTGATCAGGAAAGCCCGCACTACTGCCGCTTAGGGGCTGATACATGATTTCGTTGAGAATTACATCACCCGCCTGCAGTTGCTGAGCCACCGGTATTTCCAGTTCAGTAGCCTGATTACCCGGCACGTCCCGCAGTCGGGTGACCTGCACCGTCTGCTCGGCACCTGTAAATAGCGGTACAGGTCCGCCATCGAGACCTGAGAGTATCATGAGATCGGCCTGATCCGGATTAAAAGTATGCGGCTGCAGCGAAACCCCGTCAATTGCAAACCGGGTTTGTTCGTCCGGCCGGACAAACTCGGTGAATCGGAGTTCGAGAAGACCATCCTCTGTTCGGCTTGCAAAGCGAAGCCCCGGCGGATGCTGATTGGGTTGAAAAACAGCGTTTTGCTCACCTGCAGAATGTCCTTCAGGGTGCCCCGCCCAGTTCGCGGGATCGTTGGAAGCGGATTCCGGATCAATCCTTTCAATGGACTGCCCCGGCTGTGGCACAGCCCATGATGGCGCATAATGCAGGCTGTCAATAGTTAGCCCACCGTCTGAGCGAAGGTACACAGCGTCGCCATTTTGACTAAATGCCGGCAATGCAGGAACTTTCAAAACACGCGAATCATCCGCAGAAAGTCCCAATAATGCGGGGCTTTCGGTTATGACCAGCAAGCCTCCCGGCTTAAGCGGTATTTGCCCGGAATCGCTATTGAGCGCTATGGTACTAAGAGATCGCCCCAGACGCCATCCCTGAAGATTCAGGTTTTTATCTGACCGGTTGTATACCTCGATAAATCGGGGTACTTCCGCCGCTATGGGCCTGTAAAGGATTTCATTGATTACCAAATCAAGCCGACCGGCAGGTTCAAAATCCAGGTAGGTGAAGTCCACAACGGTTTCAACCAGCGGGTTGCCAAATACATCCTGCAGATTTTGCAGGGTGATTTGATAAACCGAGCCGGATTCCAAAGGTGTGTCCAGCACGAGATCAATCCCCCGTTCCAGAAGGATAATTTCCGAAATACCGGGATCAGGGGTGATGTGGTAGTTTTGCAGGACAGCGGCCGTTTCGGGCGCTATATTTTTACTGAAGCTGAGCGTTATCTGCTGCGGACCTGTCGCCGTCACACTGCGCAAATCCGGTGGGGTAGTATCCGGAAGAATTGCATTGGGCATACCCGGCGTACCGAGCTGTTCCGCCGGGGAATCGCCCCAATTTTCGGGATACCAGGCCGCAACTTCCGTTGTACGACGCTCTAAGGCAATTTCGCGTCCGCCCCAATTGGGCTGATACGACAGGGAATCTATCAAAACACCGGCTAAGGAGCGCAGTACGATGGCGTCGCCTCCCGTTTTCAGGGCCGGGAAGCGGCTGCCCATATCAATGAGCGGGACATCCGGGAAGATGTCCCGCAGGCTTTCATCCGGGGCAAGAACCACAAAAGCGCCGGGTGCTACGAGATAGCTATCCGTAGAGATTACTCTCGGGTTACCGGTATCGTTGCTAAGGGTCCAACCCTGCAGGTCAAACGCAAATGCCCCGCTGTTAAAAATTTCCACATAGCGGGAGTAGCCATCGGGCCGATCGTACATAAACTCTGTAATGTGTACCGTTCCCGAATCCGGCTGCGCCAGCTCGAAAAACGTAAAACTTCGCTCCTGTTCCGGCATGGGCACCCCAAAAATGGATGCAATTCCCTGGACCGTCAGGCTGTAGGATGTTCCGTTATTCATTGCGGTACTCAGCCTGATTTCCACCTCACGGGGCGCGATTTTTTGCAAGGCTGAAATATCAGGGTCTCCCGAAAAATCAAAATTACCGGGTTCTTCGGCTGTGATGGCGTCAATGTGCCGGCTAAAGCGGGCCGTCAGCGTTTGGCTGTCCGTATAGCTGAGTGCTGTGAATACCGGCGGCAGGCTGTCCGGTTCGGCTGTGTTAGGCAGCCCCGGCGTACCGAGCTGCGGATTCGTGCTTGGTAGCCAGTTATCAGCGGCATAAGAAATGGCTTCTGACGAACGCCGCTCAAGGGCCGCACCGGCAGCGCCCCACACGGCAGGCACATACTGAAGCGAATCTATCTGCACCTCATCCTGCGAAAAAATACGAATCCGATCTGCTGAAGCCCGGTTCAGGGATGGAAAGTTGCTGACCACTATGGTATTGCGCTGTCCAAACCAGTTTTCAAAACGGGATATTTCCCGGGTTAACACCACATACTCGCCAGGCAGTATCGCACGGTCATTCAGGGTGAGACGCCTGATTGTAGTGGTATTATCCTGAATCCGCCAGCCCCTGAGATTAATGATTTTATCGCTCCGGTTAAATAACTCGACATACTGCGGGGGACCATCATCAGCGCTGTCCTCATAGAAGAACTCATTTATGATGATGTCGAATGGTTCAGCCGGCTCAAAATCATAGAATATGACCTCGGCTTGTGTTTCACCGAGCGGATTGCCAAAAATATCCTGCTGATTTTGCAGTACCACGATGACTGACTCGCCGGATTCAAGTCCGTCACTCAGCTGAAGCTCAACCTCATCGCCTTCATAAATAATGGTCTCAATACCGACGGCTGACTCGAAAAAATAGTTGAGCGGGTTTAGCGCTGCTGCCTCATGCATGGCTTTTGAATACTGAAGTCGGATGCGGTTTTCTTCCGGTGCAGCGGCCTGTAAGAGTTCAGGGGGCGTAAGATCAGGCGGTATCAGGT
CP027806.1_gap94	3351058	3355206	4148	TGTCGCCGGTCAGCACCAACAGCTCGTTGGGTTCGATGTAAAGGTCTGATGTTGTGAGGGGGCGGATCGTCGTCGTGTTATCCTGAATGCGCCAGTCTCTGAGATTCAGGGTTTTCCCGGAGCGGTTCAATAGCTCAACATACTGCGGCCAGCCCGCTGTGATATCGAAGAAAAACTCATTGATGACCACATCTCCGGATTCAGCAACATCTTCAACAAAAAAGGAAATGCTGGTAGCTTCGAGTATCCCGCCGGCAGTATCCGTGATCCCGCCAGCCTGAAGCTCGTAGGCGCCGCCAGCCAGTGGCTGTTCGAAAAATAGTTCCAGGATACGGCCGCTGAGCGCAAATTCCGGCTGCGGTACCGGTACCTGATCATCCCGCAAAATGCTAATGGTCTCCGCCCCGACTGAAGACGCAATCACCTCCTCAGAAAAAGTCAGTCGCAGCGTTGAGGCGTCAACAACTTCAAAATCAGCAAGAAAGACGGGATTTTTTTCGATATAAAAGTCATCAAAGAAAAAGCGATCTGCGCGGGTTGCCGTGTACGTAGCACGCACGCCAAACCAGGATGAGGTAATCCAATGCGTATCCACAGCCGGTGTTCCTTCCGGTGCTGGCGGCTCTTGCGGGTCATCGCTGACATATAGCGACCATTCTCCCTCATTGCTCCGGATTACCCGCACGCGGTACATGACGTCAGGTTCAATCAGGGTTTCGCCGGTTACGATGATGCGGGAAGGACTGCCATCGTCGAATCTCACGATACGAAAAAACTTATTTGAACCGGACTCCCCGATACGTACCGCATACCCGTTCACACCCTCGCGCGTGTCGGACCGGTCACTCATCAGAAACACATGTGCGCGGTTTGCATTGGAGGTCGTGAAGCCATCAAGCCGGACCGAAAACTCCCATCGCCCGAAACCTGCAACCGAAGCGGTGCTCAGCCAGGATTGTCCGGCTTCATCAGCATTGAGACGGAGCAAATTATTCCCATTTTCTTCTACTATAAGCCAGTTACTGTCATCGCCTACCCATTCGGGATCAGCACTAAAGTCGCCGTCTTCAAAAGATTCGTTCAGAATTACCTGCGCATGCGCCGGCACACTCAAATGAAGAAGCAACATGGCAAGCGTAAAATATGTTTTCAATGTTCCGGTCATTTGCGACATATCTTTATACTTTGGGGCGCTTAGGTTCAATTTCGGAGGTTCTATCGGATCAAGGTTCCCGTGCAATTCCTGCTTAATGAGTAGTTTGTTTTCAAATCCTTACAGCGGTTTTTGACACTTTATGCTTTCTTTAGTCCCATTTTATGTTTAGTCTGACTTTCCTTCTTTAAGAACCCAAAAACCTGAACTGCTATGAAAAAAGCTGACCCCAAGAAAATCGCTCTGATCGCGCACGACTCCCGTAAGAATGAAATGGTCGAATGGGCTACCCACAATAAAGAAGTGCTGAAAGTACATGCCTTGTTCGGAACCGGTACTACCGGCAAAAGAATCGCCACCGAGGTGGGCCTAAGTGTGCACTGTTTCAAAAGCGGGCCACTTGGCGGAGATCAGCAAATCGGCGCAAAAATCAGTGAAGGAGAAATTGACTTCCTGATATTTTTCTGGGACCCGCTCTCCGCACAGCCTCATGATGTAGATGTGAAAGCCTTGCTGCGGCTGTCAGTGTATTACAACATTCCGATTGCCTGCAACCGGTCTACGGCAGACTATCTTATTACTTCGCGCTTACTTGAAGGGGATGAGTTTGAGCCGGAGACGAAGCCGGGAATCACAGATGAAATCAAATCAAAATAAGAGGGACACTTATGGCTATATCAAATCATGTCAACCTCATAATTTAAACCTCTAATCCCCGCTACACTTAATTTTTTAGCTGCTAACCCGCACGGTCAAATAACTACTTGTATTAGTCCATGCAATTAAATACTTTATTGCCTTACAATTAATTCATACTTATCAAACCTTATCTATGATGTTTAAATACAATACTTTTGCTTTGGCAGCCGCCTTTGCGCTGAGTTTTTTCTCAGCCGATGCCATTGCACAAAAAGCAACTCAGGCAACTGCCGAACGCGCAGTTAACACCGTACCTGTACTTCAGAACGAAGTACTCTGGGATCAGGCAACTGACCCGGTAACCAACGGTGCACTTGGTATCTATGACCTTGATGAGACGGAAGTTTGGGCTGTTGAAGCCGCTGACGATTTTGTTGTACCTGAAGGCCAAATCTGGACGATTTCCGCTGTAGAAGCGATTGGTTTTTACGCTGATCTCATTGGTGAGCCTTTCTTCGCCAACGTTAACTTTTATATGGACGAGTTCGATCGTCCTGCCGACTTCCCTACCTTCGAATTCTTCGAAGCTGAAGTTACTTCTTCTGCAGACGGTATCATTCTGGTAGAGCTCCCTGAAGAAGTTGAACTTGAAGCGGGTATTTGGTGGGTTTCTGTTGCTCCGCACATGGACTATTTCGCTGATGGCCGCTGGTTCTGGCTCGGCAACACTTCTGTAAATGGTGCTGAATTTCACTGGAGAAATCCAGGTGGCGGTTATGGTGATAACACAGCCTGGACACGTCAGTCTATTTCCTTCCCTGACTTCCCCGTTCAGGATCTTGCTTTCCGTGTTTACGGAACCGCAGCTGAGGATGAAGGTCCTGAGCTTGGCGCTTTCAGCCTTCTTTCTCCACCTAATGGCGTAGAGGTTGATCTCACTTTTGAAGGCGCTACCGATATCACTATTCAGTGGGAAGCTTCTGAAAATGCTACCGATTATGCCTGGGTTGCACACCTTGAAGGCAATGATCTTACTGATCCGCTCCTTGAAGTACCTACCGGTGCTGAAACTGAGCTCGTACTGACCGACGGCGCTATCTACGATATCCTCCTCGGCCTCGGTGTTGAGCAAGGTCAAACTGTAACTATTGACTGGAGCGTCGTTGCTTCTGCCGGTGACAACACCCGCTTCGCTGAAGAAACCTGGAGTGTTACCTTCACCCTTGTGCCTGCTACCAACATTGGTCGCGACGAAGTAGTGAGCGGTTTTGAACTCGCACAAAACTATCCGAATCCGTTCAACCCTACGACCAACATCAGTTTCACCCTTCCTGAAGCTTCTGATGTAAGCCTTGAAGTGTTCAACATGCAGGGTCAGCGCGTAGCTACACTTGCTAACGGCAGCTTCTCAGCCGGCAATCACGTCGTAACTTTTGACGCAGCTAACCTCTCAAGTGGAATCTACCTCTACCGCATGACCGCAGGTGCCTTCACACAGACCAACAAAATGATGCTTGTGAAGTAAGCTGACAGGGTTTTATCACCCTCAGTAAAAAAATCAAAAGGGAATCATGGCTTTTGCTGTGATTCCCTTTTTTTGTGTGCTATTTTTGAAGATGAGCTCTGGATAGGCAGCCTGAATTCATCCACCTTTAAAATGAAAATCACGATGGACTTTCCAAAGCTTTCCGGTATGCTTCAGGAGCGCGACCGAAGAAACCACAAATGAGGCCTCATACGAACGATTTTTGAAGGCATCCCATGCCTGCGGAAACACATCCGCAGATAAGTCGCGGGTTGCGATGGTACAGTGCGGGTTGATGCGGTCGGGTATGTTGGAAGGATGAATGCCGGGCATTTGGCGCAGAAAGGGCTTCAGGGCCTGATGAAGCTGTCTCACAGGTTCCGGATTCTCCGGCCTCACAAAAATCACACGGGGCGGAAAACAGCCGAAACCGTTCAGATTAATCATAAAGGATTCTTGTGATGCTGCAAAGTCAGTGAGCAAGATCCCAATGTGTTGTTCATCTGTCTCCAAAGCCCGAAAGGGCATTTGCAGGGTGAAATGCGGGGGTGACTTCAGCGCGTGTTTTGCCCCGAAACGGGCCTGCATTTCATGCTTGAAACCGGTTATGGTTTCAGCGGATTTCGGGTCGGTGAGGATGGCGATGTAATAGAGATTTTTGACAGGCTTCACAAATCTTATAAATGATTGCGTTTATCAGACCAATGCGGGTTAGCTACCGCGCACAGGAATCGGACGGGGATGGTAATTTGTGAAGGCCTGACATTTGATTCAAGCTGAGATTTCCCAAACAGAAACAGCCGCCCATGAACCCCGCTGCCCGCAATGCTG
CP027806.1_gap95	3396384	3400132	3748	ACCATGGATACAACTGATGCATGCTGTACATCAATTCGTCCCGATACACTTTCGCAAGGATGGAAGCGGCAGCAATACTCGCGGAACGGGTATCGCCTTTAACAACACATTCGTAGGGGATCAGGGAAGCGGTGAACCGGTTTCCGTCAACAAGCAAAAAATCAGGCGTGGGATCAGCCGCCTCGACGCACTTTTGCATTGCCAGAAAAGACGCTTGTAAAATGTTATGGGTATCAATTTCCTGCGGGCTGCACTCTTTCACTGCATAAAACACGGCTTCCTTCCGGATTCTTTCCGCGACTTGACACCTTAGCGCATGTGTCGGGATCTGCTTGCTGTCGGTAATTCCGGCACAATTGAAATCATCCGGTAAGATCACCCCTGCCGCTACGACCGGACCGGCAAGACAGCCCCTGCCGACTTCATCAAGCCCCATCACACGGCTAAAGCCCTGCTTCCAAAGCTGTTGTTCAAAATGAAGCATATCAATTGGCATGCTGTTCTTCTTCTTCATGAGAAACTTGGGCTAAGGTTTTGGTCGCGTGCTTAAAAAGAAAAAAGTACTTCGGATCGTGCAAGGTGCTGCGTGCAGGTCTGCAAAGCCATCCATCGAAAAAACAAAAATAACAAATTACCGCGGCGCTAACACAGCAAGACTTCTGCCTTCATCCGCAGGCATGGCTCTCGAATGAAGCGCTTTACAGAATGATTCAACAGATCAAGCTGTTACCGAAACAGCTCAATATCATCTCAAATTAACTGCCTCCATGCGTTTTCTCTATCAAAAATGGGACCCCCGGTTCGATCAGTCTAAGTCAAAACCGGCTTTTGACCGCCTCAACGAAATTTTTCAGCAGCTACTGTATATCAGCAGCGGTGATGTGGGGCAGGCTTTGAAATGGCTGACAGAGCTGGATAAGGAGTACAATCTGACAGCGGAGTACGACAATTACGGCATTGCTGATTTTATCAAAGAGCTGGAGGAGCGGGGGTACATTAAGTATGATGCCGAAGAGGTAGAAGTCGTGATCACCCGGAAAATGGAGCGCAGCCTTCGTACGCGGGCTTTGGAAGAGGTTTTCCGCAACCTGCGTAAAGGCGGGGCCGGACAGCATAAGACGGCACATCAGGGCAAGGGGCTTGAGCGTGAGCCTGAAACACGCGCCTGGCAATTCGGCGACGATGCCAATCAGTTCGACAGCACCGGCACCCTCCTGAATGCCCTGCGCAATAGCCCGATCGATCAGTTCAGCCTTACCGAGAATGATCTGCGCGTGTACGAAACAGATCACAACACCAGCATGGCAACTGTGCTCATGATTGATTTAAGCCACTCGATGATTTTGTACGGGGAGGACCGGATTACCCCGGCGAAGAAAGTCGCCATGGCGCTTGCTGAGCTTATCCTGAGCCGATATGCCAAAGACAGCCTCGAGATCATCGCATTCGGCAACGATGTGTGGAAAGTATCGATAGATGAGCTTCCGTACCTGAGTGTAGGCCCGTATCACACCAATACGCTCGCCGGACTCGAGCTTGCACGGCACCTCCTGCAGCGGAAAAAACACGCCAACAAGCAGATTTTCATGATTACCGACGGTAAGCCCTCAGCCATGTACGAAAACGGCAAGCTCTACAAAAACAGCTTTGGCCTCGACCGCAAGATCGTTAACAAAGTACTAAACGAAGCGACGCAGTGCCGCAAAGAAAAAATTACGATTACTACCTTTATGATTGCGCAGGACCCTTACCTGCAGAATTTTGTCCGTGAGATGACCGAAGCGAATAAAGGACGCGCCTACTTTTCAGGGCTGAACAAGCTCGGCGGTTTCGTACTTGAGGATTATGTGCGAAACAGGAAGAAGAATGTGTGAAGGGATATAATTCAGGGAGGCTTCCTGCTCCCGAAGTTTTGACGCATGGGCAACAAATGTTCCGACCGTCTGCACCAGGCCTTTTTACGGTTTAGTCTTCTGAGCCCTCGATTCTGAAAACACCCGGGTTTCTGTTTGGCACTTATTTATGTTTCGATGCCATCAGCTAATCATTTGCGGTTCAGTGCAGGTGTATATGATGATGAATCTTCATGCGCCGGACTTCCATGCCTCAGCTATACCCCATTTGTATTCCTTTGCCGCATAACCTATTTTTGATAATGGATTTAATTCCATCTCCGCACATATCTTCATCAATTAATTTTGTGCGAGCGGCCATTTTATTTAGCGGTTGATTACATCCGCAACATGCCTCACTTTATTGTTTTAAGCTATCTATGCCTTCCCGCCGTAACGACTTCGAATGCCCCCATCTGCCGGTTTCCACTGTACCTTCAACCATGCGACACGTCCGTAAACTGACGCTCCTGTTAACCCTGATATTGGGCATCAGCTTATCAACAGCTCCGCTTGATGGCATGAATGCGCAGGCACAGGCACAGGGACTGGTTGTTATCAATGAGTTTCAGGCCTCCAACCAAAATACAATAGCCGATGAAGACGGCGATTACGAGGACTGGATTGAACTTCATAATCCCGGTACAGCACCCATCAGCCTGGGGGGCTTCGGGCTTTCAGATAATGACGGTAATCCGTTCAAGTGGATTTTGCCGGATGTAAGCATTCCTGCCGGTGGCTATCTTCTGGTCTGGGCTTCCGGCAAAGACCGCAGCAATCCGGGCGGGGAACTTCATACCAACTTCAGCATTTCGGCTTCCGGCGAGCCGCTGCTCATCACCCGTCCAAATGGCAGCACAGCCGATTTCATCCCCGCGCAGCAGCTGTATCCTGACATTTCCTACGGCCGTTTGCCCGCCGGCAGCGGCTTCGGATTTTTCGCAACGCCCACGCCGGGCAGCAGCAATACTACCACTGCCTATGCAGGCATAACGCCTCAGCCCGAATTTTCACAGCCGGGCGGCTTCATCACAGGTCCTGTCAGCCTCAGCCTGAGTCTTGAAAGTCCGCCTGAGACAAGAAATGGTGATGCAGGGCGTGGCACCATCCGCTACACCTTATCTCATAACAAACCCGGCGAGGGGGAAGACACCGCCGTTTATGACACCCCGCTTACCATTGACGGCACCCGAATCGTTCGGGCAACAGCACAATGGCCGGACTATCTGCCAAGTGAGCCGGTCACTGAAATCTTCACACGTATCACGCCTGCCGTGGAAGCCTTCAGCTCCAATCTGCCGGTGATGGTCATGCACGAGCACGGCACCGAAGTTACGCCGGGCGACCGCAGCCCGGTGAGCTACCTCATGCTTGAACCGGGTTCGGACGGCCGGGCGCGTTTCAGCTCCCCGCCCGCGATTCAGAGCCGCGGGGTTGCCAACATACGGGGCAACAGTTCGCAGATGTTTCCCAAAAAAATGTTCGGCTTTCATTTGTATGATGATTTTGACCGAAGCCGGAACGAAGCCCTCTTTGGCATGCCCGCTGATCACAACTGGATTCTGTATGCGCCTTACAGTGATAAGTCGCTGATGCGCAACGTCATATCCTATCATCTTGGCGCGGAGCTGCACGGCTACGCCCCCCGCACCCGCTTTGTCGAACTCTTCCTCAACCCCGGCAACGGTGCCCTCAATGACGGACACTATCACGGCGTTTATGTGCTCACCGAACGGATCAAGTGGGGCGAAGGGCGCGTGGATATTCCGGTTCCGGGACGCGACAACAGCGATCCCGGTGCGCTCACCGGCGGCTACATTTTCAAGAAGGACCGTCTGAATGAAGGTGACAGCGGC
CP027806.1_gap96	3404961	3406950	1989	GTGAATAGTTTTTTCATAGTTAGGGATTTGGTTTTCTGATTGATGAACACCCATTTCAACTATGAACAAAAAAAAAATCGTTCCTATATAATTAAATATCAGCATGATATATCCCCAACGTATTGCCGTACAGCCGGTTAGTTGAGCAATATAAAACTGATATGTCTGAACGTGGTGGTTAATAAATGCAACTAAATTGCATATATTCCGGCATGAGTAAAACAGGCAGACAGATCGAAAAACTATTTCATCAGCAGTGCTGGTGCTGGGGAGCGGATATCCGCAACGGCAATCCGAACTATCTCCTGCAATATGGCTTCACCAAAAGTCCGCGTCCCTGCCCGGACTGCGGAAGCAGCCGGTATACGCTGTTGCGGGACGGCCTTCAGATTCACTTATGGGCTTTCGGCGCCCTGTGGCAATCCGGCAACAAAACTGCACTCTGCCTGAAGCGCTATGACCGGCAGCCTTCTCTTTTCACGGGTGAAATCTCCCCTGACTGTATTCATGAAGTATCCGAATTTGAAGGACACATGCAGCGCATACCAAGGTCTTCTCTGCCGCTGTATCATGCGGAATTTGCAGAATTTATTTCCTTCATGGTCAGCTATGAAGCCTTCATCAGACAGCACGCTCCCGCCGGATACCGCAATCGATGTCTGAAAGGCTGGCCGCACAAATGTATGGAAGGCAGCAGGATGGAAGCCGCGTGGCGGGATCTCCGCGCGCACCTCACAAACGGCAAACCGGGCCCTGCGGCGGCCTGAGCACGGGCTGAATTTAATTTGAGAAAAGGCCGTTTTACCGGTAACTTCCTGCGCGTGTACAGCAAGTCTGTTTCCTTTTCCGTATATTGGTTAGCTAATCAGAAAAGCGGTTTCACAGCCCATTTTTATCAAACTTACAAGAGTGAATTTTATGAAAATCAGTGTTTGTATTAAACAAGTCCCGGACGTATCCGCTCCGATAAGTATTAAAGACGGAGCCCTATCACAGGATTCAGACCGCATGGTGCTGGATGCCTACTCTGCCTCGGCCGTTGAAGAAGCCCTGGTACTCACACAGGCACACGGCGGGGAAGTCGAAGTTGTGCTGGTTGGTCCGGATAAGGCCAAGGAAACCATTCGTAAAGCGCTGGCTATGGGCGCAGCATCCGGGGTACACATTCAGGTTGAAGAAATGGAAGGACTGGATTCCGGCGCCTTTGCCGAAATTCTGGCGGCCTGGCACAAGCAAAGCAGCTTCGACGCCATTCTCACCGGCAAGCAAAGTCAGGATACGGATGCCGGCCTCACCGGTGGCATGCTGGCCTGGAAACTCGAGCTGCCCTACTGCGCCAACGCCGTAGGACTCACCTACGAAAACGACAGCTTCCTGGTGAAACGTCAGGGCGATACCGGTCAGGAAATGGTTGCGCTCAAAAGCCCCTGCCTGGTCACCTGTTCAAACGACATGAACGAGCCGCGCATACCGAGCCTGAAAGGTATTATGCAGAGCAAGAAGAAGCCGGTTAAAACCGTAACGCTGGATGATCTGGGCCTTACACTCGACGCCGTGAAAGGCAGCGTAGTTAAAACCGAAGGGAAAGGCTATAAGGAAGTACCCGGCCGCGAACCCGGCCAAAAATTTGAGGGCGATGCCGAAGAACTGGTTTCTCAGCTCGTGAATTTGCTGGATAACGAGGCCAAAGTATTGTAAAAACCGCCTCCTGCGCCCCGCGGCGCACGTTTCCCTAATCCGAAATTATTACCGATTTATTCTCCGAATTTATGTCACACATTTTAGTTTACATCGCAGCTACCGACGGCAAAGTTAAGCGCTCATCCCTTGAAGTGCTGAGTTACTGCCGCAGGCTGGCCGCGGATAACAACCTGAAGCTCAGCGCCGCAGTACTTGACGCTGATCCTTCCCGCTACACCGATACCATCAATCAGTACGGCGCGGACACCATTTTCACGGTGAAGGAACCCGTATTTGCGAATCACCTGA
CP027806.1_gap97	3423086	3425949	2863	GCGTGGGCACCATTGGGGGAAGGCGCATCAGGTTTGGCACCATAGGTCACACGGGTAAACTCACCCGCCCCAACTTCAACCCCCTTTGCAGATTCATCGGATATGCCGGGAAAACCCTGCACGGAAACCCTGCCGCTTTGAACCGCTATGTAGGAAACCCCCTGCTCCGGACGGGTGCGAACCCCAAAACTTGTACCGATTACTTCAACGGTGGCTTCAGCTGTTTGTACCACAAACGGCAGCGTTGTATCAGATTCTATTTCGAAAAACCCCTCACCAATCAGCGTAATACTGCGGGTTTCCTGACCATACACATCGGGCAGAAACAGACGGGAATCTGCGTTCAAACGAATACGGCTCCCGTCGGGCAGGCGATAGGTGCGCTGTTCGCCGTAAGCTGTTTCATACCATACGCCTGTATCTATGCCCGTAACTTCTGCCGGATTTTCAATAAAGCGGGGGTACAGCACATACATCGAAATGCCAAAAACGATGAGCAGAACAGCCGCAAGTTTTAGCCAGATTCCGGAATTCCGTTTATCCTGTAAAGCTCTGAAGGTGGCAGTTTTTGTTTTCCGGACAGCTTGTGGCTCAGATGATTCAGGAAGTTGTACAGTCCGGTTCTTCCGAAAGGTCTGAAGCGCAGCTATGGTATCGAATCTTTCTGTTCTCTCAATTTTTACGGTATAAATCTTCCGGTATTCCTCAAACTGTGCGCGATTATCCGCACTGGCTGCCAGCCATTCCTCAAAGGCTTTATTTTCAGCAGCATTTGCTTCGCCTGATAAGTATCGGTGAATATTTGTGATCGTCATTGAATGGGTTCGGTATAATGTTTTTGTATACCGGTATGACGAACGGAAAACCCTTTACCCTGAAATTTTTTTTGTTTTTACGGAATACAGATTCCCTCTGTCAAGCCTTTCTCGCAGTAATTTCAACGCTTTAGATATCCTTGATTCGATTGTTTTTTGTGGCAGGCCGAGTACCTCTGAAATTTCGGAATAGGTGAGACCATCCTGTCTGTGCAGCAGATATGTTTCCCGGATGGGGTCAGGCAGGCGCTGTACTTCCCTGTTCACTTTAGCAATGAGGGCTTCATCGTCTGCATACCGTTCTTCATACGTGTTGAGACTTTCTTCCAGCTTCATATCGGTGATGATGTCTTGTTGATACTTATCCCGCATGGCACTGTGCCTGAGCAGATCCAGACAGCGGTTACGCACCGATTTGAATAACCATGCTTTAATATTCATATCATCGGTGATGGTTTCGCACCTTTCCCACAAGCGAAGAAAGGTTTCTTGCACAGCACATTCTGAAGCTTGTCTGTCGCTCGTTATGCCCAGCGCATAGCCGCAGAGGGGCTCAAAGAACGCTAAAAACAGTTCTTCGAAAGCCTGCTTGTTGCCTCTCCGCAGTCCTTTAATCATGCTTTCGGGAGATTTCAAGTATTTGGAATTACCTGCCAAAAATTACCTGCTTCTTGCTTTGATCTGTTTCTTAGGTTGAGGTTTGTTTAATAATAAGCCAAGTCCTTGAAACAGATGTTATCTAAATAAGAATATTATCACTTTTTTTAATTAAGGCCGGGCTTCTCTTTATATCTCAGCACTGCACCTCCCTCTCATTTTCAGACTGAATAAGCTGTATTCATGGGAAACCTAGGCGCAATATTACACGCTCTCTTCTAATGAAAGGCCTTTAATTCATCCTTAAATGAAAAACCGCTGTGCAAAATTTAAGCTCATCCGGTACGATATCAGCATTTCTGGCTTATGGTGTTATTAGCGGGTTTTTAATTTTCAATATTTGATTATTATTGAGCATATTGCCGTTTATTTAAATTTTTTAGTCCAATACATATGCGTCATCAATGCTACAGGATTTGACGAATATCCTTGACAAGTTGACGCGCTTTACCTGTCCGGTGTATGCTTCATCCTTAGATTCGAAGAAAAAAAGCAAGGAGCTTATCTTTGGTTTGGGGGTTCAGAGACTGTCGCCCTAACTCCTGATGTTCACGGCGTTTTCCCCAAAAAAAAACACCCTTTTAACCTGGCGGGATTGCTTGTATCCGCCTCAGCGGCGGGAGCTGATATGCCGCGTTCCAGCTGATTCAAAACGAGGTGCGCCAACTGGTTTAATAATGTATGAGGAGCGCAATATATTAAACTACCCATATCTTTTTGACTTAGTTCTAAACAGTATATTTTCCAGAACGCTGTAAAAGAATCAATCATTTTTTTTTGAAATCGGTATTCTGTCCTCTCTTATAGCTGAACCTAACCTATCCTTTGATGGCTTCTTCAATCCGTTGTTTCGTGGTGATTTTTGCCCTTTGTTTTTCGCTGCACGCTGTAACGAACTCCCAGGTAAGTGCTCAACCATTAGCCGGCGATGACACCCCCGATTTCGATGCCTACGCCCGGGCGTTGACCGCTTTGTTCAATGAGGCGCGGGCGGAGGGGCGGATGTGCGGGGAGGAGTATATGCCGGCTGCGCCGCCGGTGAGCTGGGATGAAGATCTGGCGCGTGCAGCCCGGGTGCATTCCGAGGATATGTCCAAAAACGGTTTCCGCGGACACGAAGGGAGCGACGGCTCGAGTCCGAGCGACCGGATCCGGCGGGTGACAGACCGGTTTTTCGGGGCGGCTGAAATCCTTGCCTATGGTGGCCGCTCCCCTGAGGCCGCGGTTTTCCTGTGGCTGCGGAGTCCGGGGCACTGCCGCATTATCATGGGCGGACAGTACGCTTTTGTCGGAGCCCATGCCCTTCATCCGGAATACCGGCCCGGAAATCAGTGGATTTACTGGACGGCCAAGTTTGCGCGCAATCCGGTCGGGGGAACCGGCGCAATTCG
CP027806.1_gap98	3449133	3451552	2419	TGAGGGCGCTCTCGACCGATGCGGGATCCTGACCGGCTTTTTGGAGCATTTTCTTCTCGTTGGCGAGGGCTTCCATCATTTGGGCGCGGTCGGTGCGGTGTCCGTAGCGGATGCCATCGTAGCGGGCGAGGTTGCTCGAGGCTTCTGCCGTGGCGAGAATGTAGTAGGTGGCAACGGCGTAGGGCGTGTGCGGCAGGCTGAGCGGCACGGGTACCGCACCGGCAGCTTTGAGGGCTTCGACCTGCTGCATTACCAGGGCTTTGACTTCGGGATCGAGGCCGTCGCCGAAGTATTCGACGGGGAGGCCGACGCGCAGGCCCTGTGGCAGGGTCTCGCTTTCGGCAAGGTAGTCGGGCACGGGCTTGCGGGAAGAGGTCGCGTCGCTGTGGTCGTGGCCCGCGAGGACGCTCAGTAAGAGCGCGGCGTCTTCGACGGAATGCGTGAGCGGGCCGATGCAGTCGAAAGAAGAGGCGTAGGCGATGAGTCCGTGCCGTGAGATGCGACCGTAGGTGGGTTTGAGGCCGACGACGCCGCAGAGGGAAGCCGGCTGACGCACTGAGCCGCCGGTATCGGAGCCGAGCGTGGCATGGCACATGCCGGCAGCTACGGCAGCGGCGCTTCCGCCTGAGGAGCCGCCGGGGACTTTCGTTTTATCGGCGGGGTTTCGCGTGATGCCAAAAGCCGAGTTTTCGGTGGAAGAGCCCATTGCGAACTCATCCATGTTGAGGCGGCCAATCAGGATGGCGCCTTCATCCCGTAGGCGCTGCACAGCGGTGGCGTCATATACGCTTTCGAAACCGGCGAGCATTTTGGAGCCTGCCGTACATACGCGTCCGCGCTCTACGATGGCTTCCTTGATGCCAATAACCGCGCCGGCAAGGCGACCGGCTTTACGATCCCAAAACTGCTGATCCGTTTCACGGGCCTGTTGCATAGCCTGTGTGCCGGCAATGGTAGTGAAGGCGTTGAGTTCAGGATTATCCCGTTCGATGGTTTCGAGAAAATGACCTGTTATCTGCTCAGCTGTGAGGGCGCCTTCTGCTATGAGACGCTGTGTTTCCCGGATACCAGTTGGCTGCAAAATAGGGGTAGGTAGGTTTCACCGCTGACTACGGTTCAGGGCGGGGTGTTCACCATCCCTGAAAAGTAGCCGCTTAATTTCCGTTTGAGGTTTTTTCTTTCTGATCTGAGCTGTTGCTGCGGCTGTCGCTTTCGCGCGCGCCCTGCTCGATTTCACTCTTGATTTCGTTGGAAGCTTTGCGAAATTCGTTAATGCCCTGCCCCAAACCGCGTGCAAGCTCGGGAATTTTTTTTGCGCCGAACAGCAACAAAATAACCATGACGATAACGGCAATTTCAAGTCCGCCAAATGAACCCATGTGGTGTCTCCAAAAATATGTAATGATGATTTCAAGGCGTGAATCGCCTTAGCATTAAATATACAAACAATTGGCGTTTGATAACATTCAGAATTGACGCCAACTTTGCCCGCTTCCTGCAGCGCCTGTTGTGATTACGGAAGTGCAAAAGCGGCGCTTCCGAAGCGTTAAGGCCTGTTTTACGGGGCTGAATTATTCCATTGAAATTGCCAAAAATGCTTTATATTCGTGCCCGTTCCCTGTAACAGTTTAAGCCGAATCCGTTTAAAGCTGCGGCGAAATAACCGCATTCAATCGGGTAACCCTGCTGTTTACAGTTAGCGGCTTTTTAGGTTTCTTAACGGTAAGCGCAGACCCGCTTTGCAGTGTTGTGGTAGCTTGATTTTATTTGCTCAATACAGACTTATACACGTACTCAGAACATTTTATACCACTGATACTTAGCCTTTTAAAGCTGCGTTTCTGCGATGAACGCACGATATGTTTTTCCCCTTATTCTTATTCTTTTTCACTTAACCGCCAATATTGATACGCTATGATCTGGACAGTTGAATTAGCTGCGACGCTTGAAGAAGCTCCCTGGCCCGCGACCCGCGAAGAGCTCATTGAATGGGCCGAGCGCAACGGTTGTCCGCAGCAAGTTATCGACAATCTCTACGAACTCGATGAGGAAGACGACTCACCCTATGAAAATATTGAGGAAATCTGGCCCGACTACATCATGAAGGAGGATTTCTTTCATGGTGAAGACGACGACGGCTTTGATTACGACGATGTTTAATGCCCCGCAGCCGTTACCGAAAACGGTCATACGGCACAGGTAAAGAAATCCTGCATGAACGGCTGTTCGGTAACGTGCAGCCGTTTTTGTTTTTAAGATACCGGATGGATGACAAGACAGCATTGGCGCCATCCGCAGGAGCCATCACCAACGCAAACTTGTAAGGCTGCAAAGCGGAATTTCCCGTAATCGTGCTTCAGAACGCGGATTAATTTGGGTTTCATCCAATAACTGCGAAATTTATCGCAGCGGCTGCGTT
CP027806.1_gap99	3454298	3456973	2675	TTTCGTGCAGAACGAAAAAGGCACGCAAATCGGCAGCTCTTTCCGCCTGAGTAGTCCGGATACTTTTGGTAACCTGAGCCTGTCGCACAGCATGCGCCGGATGAGTTCGGCCCGTGCCGTTGATGAGACCATTGTGCTCGGGTTTTTCAAACCTGATTTTGAAGCCCTGGAGAAACGGCACCCGCAGATTGCCATCAAACTGCTTTCGGAGATCAACCGGGTTCTCGCGCAACAGCTCGAATCAACCATGCTGGAGCTGGCAAATCATATCGGGGAGTTTCAGTCGATGTATTTTCAGGCGGAAACCTTTTACGCCCAAAACAGCGATTCGCCGGTCATCTGAGCCCTATCCTGTACTTCAGCCGTTTCTTCCACTTTTTTCTCTTCCCACTCCTAAACCTGTTTCATGGCTGTCAAAAAAGGACATACTGCCGAACTGACGATTGAATCCGCCGCTTATGAAGGCAAAGGATTCGGCCGGCTTGAAGACCGCGCCTGTTTCGTGAAAAATACCGCACCCGGCGACCGTGTGAAGGTCCGTATCATCAAAAAAAGGAAAGCCTTTTTTGAAGGGCAGCTTTTAGAAGTGCTGGAAGAAGGGCCGGATCGGGTGACGCCCGTTTGCAGGCACGCGTCCGTTTGCGGGGGCTGCACCTGGCAGCATGTGACCTATGCCGAACAGCTTCGGTTCAAGCGTCAGCACGTGGAAGATCACCTGCAACGCATTGGCGGACTTCGGGATATTACGCCACTGCCCGTGCTACAGGCCCCGCATGAGCTGTACTACCGGAACAAAATGGAATACAGCTTCGGCGACCGGCGGTGGCTTACCCGCGAAGAAATCGACAGCGGCGTCACCTTTACCGATAAGGATGTGGCAGCCGGAATGCACGCCCCCGGACGCTTCGACCGGATTCTGAACCTGGATGAATGCCATCTGCAGATTCCCGTTTCTTATGAAATCATGAACTTTGTGCGACATTACGCGCTTCAGCACGATATCCCTTCCTTCAATCCCATCAAAAAACAGGGTTTTATTCGTCACGTCATGGTGCGTACCGGTCATCACACCGGCGACCTGATGGTTAACCTTGTGACTTTTGCCGACCGTGACGACCTTGTTCAGCCGCTTGCCGATGCCCTGCTTGAGCGCTTTCCGGAGATTACAACCATCGTCAATAATGTAAACGATACGCCATCGCCCAGCTCGGAAGGTCGGTTCGAAAAAATCCTGTACGGTCCGGGCTATATCACCGAAAAACTGGGTCGAAACGCTTTCCGGATTGACGCCAATACTTTTTTCCAGACCAACACCCTGCAGGCTGAGCGGCTGTATGAAACAGCGCGTCACTTTGCTGATTTGCGCCCGAACGATCTCCTTTTCGATCTCTACTGCGGGGTAGGCTCACTCACCCTGTACACAGCGGATGCGGTGCGGCAGGCCGTGGGCATTGAACTGAACCCGGTATCGGTAGAGAACGCTTTCAGGAATGCCGCGGCCAACGGGGTAACCAACTGCGCCTTCGAAACGGGGGATATGAAAGATGTTTTCACCCAAAAATTTGTGCAAAAATACGGCAAACCCGATGTCATCATCACCGATCCGCCCCGTGCCGGCATGCACCCGGATGTGGTGAAAACCCTGTGTACGCTCGCCGCCGACCGGCTTGTGTACGTGAGCTGTAATAGCGCAACCATGGCCCGGGACTTAGCGGAGCTGAGTGCGGTTTACCGTATTGATGCGGTGCAGCCCGTCGATATGTTTCCGCAAACCTATCATATTGAAACCGTGGCCAAACTTACGCGCCGCAGCTGACAAATCCGCGCAAATGCTTAATGACGGAAATCATGTATCTTGCTTCATGGTTTAATACGGATAGATTTTATGCCTTGCTTCGGGCAATCATCAATACACTGAGAATTCACAATCAGCTATGAAAAAACAAATTGGCGTTATAGGTGCCGGAATCGGGGGTCTGAGCACGGCTGCGCGGCTTGCGGCACAAGGGCACGGCGTAAAATTATGGGAACGCACCGGCAGCTGCGGGGGCAAGATGAATCAGATCGCCAAGAACGGCTACCGTTTCGACACCGGGCCGAGCCTGCTCACCATGCTCTTCGTCATCGAAAAGCTATTCCGCGACTGCGGTCGGGACGTTCGCGATTACCTGAGCTTTGAACCCATTGATCCGCTATGCCGCTACGCCTGGAATGACGGCACCGTATTCGATTGCTCCGCCGATCTGCAGAAAACGCTGAGCCAACTCACCGAAATCGCGCCGGAAGACATCGAAGAATATGTAAAATTTCTGGGCTACTCAGCGGACCTGTACCAAAAGACAGCGGACACCTTCATCATGAATCCGCTGCAAACCATTAAGGATCTGAAGAATCTCAAGAAATCGGATGTCTTCAAGATTGACGCCTTTCCGACCGTGAGCACAAGGGTTGACCGCTGCTTCAAATCACACTATCTCCGGCAGGTATTCAAGCGTTTTGCGACATACAACGGATCTTCACCCTATCTTGCGCCCGCGACCATTAACGTGATTGCCTTTGTGGAACTCTGTCTCGGCGCTTATTACGTAAAGGGCGGCCTCTACAAAATCGCCGAAGCGCTCGAAAAGCTCTGCCTTGAGCTCGGCGTGGAAATCAGCTACAATGCGGACATCGCC
CP027806.1_gap100	3458787	3462947	4160	TTCTGCATACCACTCACTCGAAGTTTTTTCATCCAGTTTATGAAGCAGCCGGATGACCCAAACCCGAATAAAAATGTGAACCGTCGTTGACAGGCTCAGCAGGATGATAAATCCGGTAATGGTTTCCCCTTCCACAGCATAAAACCAGTCCCGTATGGCCAGCAATAGGTCTTCAAACATAAATTATGCGCTTAAGTATTTCACTTTTGGATTTCCTGGAACAGTCCAAGCATCTGTTGCGATACATCATCCCAGTTAAGTTTTTCAAGCACCCGCGCCCTTCCTTTTTCACCATATAGTTTACGCTTGCCCGGGTCTTTAATCAAATATTCAATAGCAGAAGCAAGTTCGGCGGGATTCTGCTCGGATACCAGTAATCCGGTTTCATCATGCGCGATGGCATCCGGCACCCCGCCGGAAGTACTCCCAATCACGGGAAGCCCGCAGGCATTCGCTTCGAGATATACAAGGCCAAATCCTTCAACATCTGGCGGTATGGTTTTCGGAACCATCACAAAAAGATCCGCAGCCTGATAAATATGGGGGAGTTGTTCGTGGGAAACGTTTTCAATAAACTGTACGATTGCTCCCAAACCCGCTTCTTTAGCTTTTTGCGCCAGATTTTCGCGCTGATCCCCTGTTCCAATCACAACATACCTGAGCAAAGGATGTTCGGGAAACAGCCGCTTTAGGGCTTCAATAACCGTATCAATCCCCTTTCGGGCGACGATACGCGCTGTTGTAACAAGTACGAAATCTTCGGCCTTTAGCCCCAGGCTGCGACGGGTTTCAGCACGCGTCTGAGCGTCGTCATCATCGCGGAAATGAAACGGATCTGTACCGTTGTGCACAATCTGCCTGTTTGCTGCAGCTATGCCCAGTGCTTCCAGCAACTGATCCGCAAAGTGACTTACGGGCAGCCAAAGATCAGGGAGCTGCATATATTCCTGACGATAAGCGCGGAATAGTTGTGGCAGCGGAAAAGGCAAACCAGGTTCACGAAGCAGCTCACGGGCATGGGCCGCACAAACAACAGAACCTTTAAAACCACTTTTTCGGGCTTTTTTAGCAGCTGCAAGACTTGTCCATTGCGCATGGAATAATATGTCGGGCTGCACTTCTTCCAATAATTTTGGTATTCGTGACTTCACTACCCATCCCAAAAATGCGGATTTACACTTGATCCGGACTACATTATACGGCTGCATTTCATCCCAGGCCTCACAGCCCGGCTGATAGGGTGCCACAACCGTAAGCCGTCCGAAATACTCCGCAAAGCGGACGCACAACTCTGCACTATACGTATTGATTCCACCAAATCCCGGCGGGAAATCCTGGGTAATATAAAGTAAGGTTTTAGCCCCCAGTTCTTTTGCTGGCTCTTCTGCATAAATTTGCACAACTTAATCCTTCATGGTTTTTGTAATTTTTTCCAAGTTAAGGAATTTTAAAGTTACTTTATGTAGCAATGGCAAATACATCTCCTTCAAATTTCCCTCTTGTCAGCTGTCTGATGGTTACGGCCAACCGCAGGAAGCTCGGGGCAAGAGCGGTACGGTGTTTTGAACAACAAACCTATGCTGCAAAGGAGCTTGTGATTATTGACGACGGGGATCAGGATTATTCCGCGCTGTTCAACAACCTGCCGCCTGCACAGGTTCGCTACATACGGGATGTCCCCAAAGGCCTGGTGCTGGGCAGTCTGCGCAACCTGGCGCTCGAAGCCGCAGCCGGTGAATATCTGATTCAGTGGGACGACGACGACTGGTATCACCCTGAACGCATTCAGGTGCAGGCACAAATTCTGGCGCGCGGTTACGACGCCTGCTGTCTCAGCACTTCACTCATGCACATCAATGAACCTGCTTTTCGAGACGCACCCTTCACGGGTTCACTGCCGGATGGCATTCCGGGTAGTATCATGCACCGGCGTAGTACTGATATTCGCTATCCCGAAACCCGCAAAGCTGAAGACACCCACTACCTTCAGTCCTGGATGAAACGCCGCTATTATAAACTGCCTGAAACCTACGCGCACCTGTTCATGCGCTGCTACCATGGCGATAACACCTGGGCACTCACGCACTTCCGCCGACGTCTGCGCAACAGCCTGCCCAACGCCCTTCGCTACTACTGGTACAGCCTGATCAGAAATGACCTTCGGAAACATCCCGCTTTCCGCCTTTCCGCGGCGAATCGCGAAGCCTTCAAATCCTATAAGGAGCTGTCCGAATCGCTCGGGCTGCTCTGATTATACCCTGTGTTTTTTTTCGATGGATGTGTACCGTGGCAGTCCGGCATACGGTGCTCATCTCCTGTGAATCAAACAGACCCAATTTCTGCAAGGCCCCAAGCCTTCGGTGAAACTTATCGGCGGATAAGTATCTGCTACCGGGATTTTTTTAAAAAGGGCATAAAAGCGGCGACGCAGCGCCTGCAAATGTCGTCCGAAAGGGATTTTAATTTCAGCTCTAAGGTACGAATCAGGGTTTAAACGGTTTAAAGCTGATTTGTGCCATTTGTTGAAAAACGGCTATTCTGGCTATATTTCGGCATATTTAATGCCTGCGAGCAATTTTATAACATCCTAATCTTTTACTGCGCATGACTGTTAAACAATCCATCGACGCTGCTCAGGTTCACGAAGTACTGAGCCGTCGCATTCTGGCTGATGGCCTCGATATGGTACTCGATCTTGAAACCAGCAAAGGCCCTTATTTGTACTGCTCAAAGCACGAGCGCAACTATCTCGACTTTTTCACTTTTTTTGCTTCCAACCCGATCGGGATGAATCACCCGATGATGGGCGATCCTGAATTTCTGAATAAGATTACGCGCGTAGCGGTCAACAACCCGTCCAACTCGGATGTGTACACCCGCGAAATGGCTGAGTTTGTGGACACCTTCGATCGCGTTGGTATTCCTTCTTATCTGCCCCATGCATTTTTCGTAGCCGGTGGCGCACTTGCGGTTGAAAATGCGCTGAAAGTAGCTTTCGACTGGAAAGTTCAGAAAAACCATCAAAAAGGCTACCGCCACGAAAAAGGCCATAAAGTACTGCACCTTGATCAGGCTTTTCACGGACGTACCGGCTACACCATGTCGCTCACCAATACCGAGCCCAACAAGGTTGCCCGCTTCCCGAAATTCGACTGGCCCCGTATGCACAATCCTAAAATGGTTTTCCCCATGAATGAGGAAAATACCATGAAGGTAGCGCATGCCGAAAAGCTTGCCCTGGCGCAGGCAGAACGCTGGTTCGAAATGTACAAAGATGACATCGCTTGTATCGTCCTTGAACCTATACAGGGGGAAGGCGGCGACAATCAGTTCCGCCCTGAGTTCCATCAGGCGCTGCGCGAGCTGGCTGACCGCCATGAAGCACTACTGATTTATGATGAAGTGCAAACAGGTGTTGGTCTCACCGGAAAATTCTGGTGCCATGAGCACTATGTGAAGCCCGACATTATTGCCTTCGGAAAGAAAGCGCAGGTTTGCGGTATTCTCGCAAGCGAACGTGTTGACGAAGTGGAAACCAATGTGTTCAAAGTGTCGTCCCGCATCAACTCAACCTGGGGCGGTAATTTGGTCGATATGGTTCGCTTCCAGCGCTACCTGGAAATCATCGAAGCCGAAAATCTGGTAGATAATGCGGCTAAGGTTGGCGAACACCTGCTTAACCGGCTGTACGCGTTCACCGCTGAGCATACCTACGTTTCCAATGCCCGCGGCAAAGGCCTGATGTGCGCCTTCGATTTCCCGGATCATCATTCAAGAAAGGCCTTCACCGATGAGTGCATGAAAAACGGCCTTCTTATTCTGCAATGCGGTACACACTCCGTACGCTTCAGACCACCGCTTACCATTAGCGCTGCGCAAATCGACGAAGGCATGGATATCATCGAGCGCTCTTACAAAGCTGCCGTCTCCCGTTGTCCTGTTGTTCACATGCGCAATGTGAAAGCATCCAACGGCAAGGCCTGATCAGTACGTAACAAAGCTGCGTTTCAATAAAAAAGCCGGTCTCGCGACCGGCTTTTTTTGTTTCTGATATTTGACGTCGCGCAGGACGTCAGCGCTCTCTTGATTTTAAAATCGGGAACAGGTCAGCATTCAGGGTCTCATTTTATGATGTGGCGGACCCTTACTTAAACCATTTG
CP027806.1_gap101	3481059	3484491	3432	GTAGGTGGAAGGCATGTATTCCTTCAATCCCCCCATATAGCGCATATCCTGCGGATCGAAATGGACATCTTTGCCTTCGTGCTCAAGTTCGTGCTCTACATGGTGCATGGCGTGAATCACTGAACCTGAACCGAGGAATAAGCAAGCTTTGAAAAAGGCGTGCGTAACAACGTGGAACATGGCTGCAACAAATCCGCCCGAACCCAGCGCCAGAAACATAAACCCGAGTTGCGAGACCGTAGAATAGGCGAGCACCTTTTTAATATCGTATTGGGTAAGGGCAATGGTAGCCGCAATAACGGCGGTGAGCCCCCCGATTACCGCGACAAGCAGCATGGCTTCCGGTGAAGCCATGTACAGACCGGAGAAACGGGTAATAAGGTAAATACCGGAGGTAACCATCGTAGCCGCGTGAATGAGCGCTGATACAGGTGTGGGACCCGCCATAGCGTCCGGCAGCCAAACGAACAGGGGTATCTGAGCGCTTTTACCGGTAGCACCGATGAACATCAGCACGGCTACCCAGAAAGCGATGTCGCCGGTGAAGAGGTGCAGGTTGCTGAAGATGACGTCGAAATCAAGGCTGCCTACCGTACGGAACACCAGGAACATGGCAACGAGAAAAGCAAAATCCCCTACCCTGTTATAGATGAAGGCTTTGTTTGCTGCGGTAGCCTTCTCCATATCTTTATACCAGAACCCGATAAGCAGGTACGAACAAACACCTACGCCTTCCCAGCCAAGGAACAACAGGAGCAGGTTGTTTGCCATTACCAGGTTTAGCATGGCAAAGATGAACAGGTTGAGATATGCGAAGAATTTGTAGTAGCCTTCGTCAGAGTGCATATACCCCATGGAATAAATGTGGATCAGGGTACCAACACCTGTAACCACAAGCGCCATCAGTATGGAAAGCTGATCGACGCGATATGCAATATCTGAGGTGAAGCTGCCGGCTTCAATCCATGTGAAGAGCCGAACTACAACGGGTTCGGAACCGGCATTCATTTCTAAGAATATCTGGAAGGCGATGAGGAACGGCACGAAAACCGATATGGTGGCAAGCCAACCAATAACGCTTTTCTGTTTTCGATACCCCTCAGAGCTTAGTCCGAGCAATCCGTTGATCAGGAAGCCGATCAGCGGTATTACTATAATTAGCCAGACAAAATCAGCCATTGGATTTATTTAGTAAGTGGTTGTCTGTATTGTAAGCTTTCATAAAATTCATTTTGGATAGCCCCTAGTATCCTGTTTTATTTTGCTATTTGCACCCGTTTGGTCTGTTGCAGATCGCCCGGGATCACAAATGGGAAAGCAAAAAAAATCCGCGGGTAAGATCTGACCGGATCAGATTACCAGCGGAGAAGATTGATTTTGCTGATATCGGCAGTGATATTATTCCGATAAATGGCAATAACAATGGCAAGCCCTACACATGCTTCAGCAGCTGCAACGCAAAGCACAAAAAATACCAGAATCATACCATGGACATCGCCCATGGAAGCGCTAAAGGCTACAAGGGAGATATTGACCGCGCTAAGCATGAGCTCAACACACATAAACACGACAATAGCATTCTTACGAATAAGAACACCCAATACCCCGATAACAAAAAGTACGGCGCTAACGCCGAGATATAGTTCCAGACCTATCATTCGATTTCGTCCTCAACGTTAACGTTTTTCTGCGCGAGCAGCATTGCACCAACTACAGCGGCGGTTAGAAGGATAGCCGTAGCTTCGAAGGGAAGCAGGAAGGTTGTAAACATTTCATCGCCAATCGCCTCAACCGTACCGATCGCCATCAGCTCCTGATGAGAAAAGTCCGGGAAAGCCCCGATGTAATTACCGACAATAAACAGTAACTGGGCAAGCACAACTACTGTGACCAATACGGCAAATATCTGTTTAAAGTCGACTTTGGTGATGATCTGTTCATCTTCATCCATGTTCAATACCATGATAACGAAGAGAAAAAGCACCATGATTGCCCCTGCATATACAAGAATCTGTATAACGGCCAGAAACTGCGCGTTCAGCGACAAATAGAAACCTGACACAGATAGCATGTGAAGAATCAGAAACAAGGCGCTGTTTACAGTGTTTTTGCTGAGAACCATTGCAAGGGCAGTACCCACTGCGAATGTGGCAACAAATACAAAAAAGAAGGTTTCCATGTAATAATGTATTCCGTGAATTTTCGAGCGTAAAGGTACCCAAATTTCATTCGGGCTTCAACTCAATTCTGATTATTGTCGTTTGTACGCCAATATCCTACCTTTGGAATGAAAGCCGAAACCTGAGAAGAACATCATAAAAATCAGTTTTTTATCAGCTTAGGCCTTTACATTCACTACTACCCAGCGGATTTATTAATCTCATTAACCCCCTGAACAGCAATTTGTTGATAGTCAGCTAAAATAAAAAAAAGCCTTTCAATAATCACCCTCAATTCGAATCTATTCTCAACAATGTCACAAAAAACAGCCGATATTCAGGAACTCAACAAACGAATAGCCCAAAGCAGCGCATTTATCGAGGCCATCAGAAGTGAAATGGCCAAAATTGTAATTGGTCAGCATTACATGATCGACCGCCTGCTTATTGGTCTTCTCTGCAACGGCCATGTTTTGCTTGAAGGCGTACCGGGCCTTGCGAAGACCCTTACGGTATCATCGCTTGCAAAAGTAATTGACACCAAGTTCCAGCGGATTCAGTTTACCCCGGATCTACTGCCGGCTGACCTCGTAGGCACCCTCATTTATAATCAAAAGCTGGGTGATTTTACGGTTAAGAAAGGCCCCGTTTTTGCCAATATCATTCTGGCCGATGAAATCAACCGATCCCCCGCCAAAGTGCAGAGCGCTCTGCTTGAGTGCATGCAGGAAAGACAAGTCACCATTGGGGAAGAGACTTTTTTCCTTGACGAACCCTTTTTGGTACTTGCAACACAAAACCCGGTTGAACAGGAAGGAACTTATCCGCTTCCGGAAGCACAGGTTGATCGTTTTATGATGAAACTTAAAGTGGGATATCCTACTGAACAGGAAGAAATGGAAATCATGCGCCGGATGTCAGGAATTCAAAAAGCTGTTGAACTTGAACACGTGATAACTTCTGACAAAATTCTTGAAGCACGGCAAACAGTAAACGACATCTATATAGATGAAAAAGTTGAGCAATATATAATTAACCTGATATTTGCTACACGTAACCCTGTGAAGTATGGTATTCGGGAACTTGAACATATGCTCAATTTCGGTGCATCACCCCGTGCATCCATCAACCTTAATCAGGCAGCCAAAGCCTATGCTTTTCTTCAGCACCGCGGATACGTAACACCAGATGATGTACGCGCTGTGCTGATGGATGTGCTACGTCACAGAATAATTCTAAGCTATGAAGCTGAGGCAGAAGACATGACTACAGA
CP027806.1_gap102	3488057	3490744	2687	TTCGAGCTCGTCGAGGGTGTAAACTTTTTCGCTCTTTTGGCCTGTAAAAGTCTTTATTTCGCGCACAGGTTTTTCAGGAGCCTTCTCTTCAGCTACAACCGGTTCAGCAACTTCCGCTTCAACAGCTTCAGTGGTTTCAACGGCTTCATTTTCAGTAGCTTCAGCTTGGGTTACTTCGGCTTCTGCAGGCTGTGCCTGATTTTCGGCAGCGTTTTCAGTTTCTTCCTGAGTTTTGTTGGTTAACTCATCCGACATGTATGAATATTCCTATTATTTGCAAGCCACAGGATGTTTGGCTTATGCCTAACAACCCGGGATTAGAGTGATAATTATAATTATGTGAAAACATCCGTTCCGAAACAGAAAGTCCGGTTTTTGGATGGCCTTAAATATAGCATTTTAAATGCAAAATCAGGAATGGAATTCGGAGCGGGTTTGCCAATCCTGTATTTTTGCGCAGAAACGACCTTAAATCGCCTTATTAGCGATTAATGATATATACCAGTATTACCTTTTAGTCCGGGCAGACTGCGATTCAGGATAACTTTTGCTGAATCTCCGAACTGATTCGGCTGACCTGTTCGGCAAATGAAAGCTGCGTTGTATCAATTTCAATTGCGCCTTCAGGTTTTGTGAGCGGCGCAATAGCCCTTTCGGAGTCGGTAGCATCGCGTGCTGCCAGATTATCTTTGATCTCCTGCAAAGAAGCCGGAATGCCTTTTTTCTCCATTTCCGCAAACCGCCGCTTTGCGCGTTCATCAAGATCAGCCACCATATATATTTTGAGCAAGGCATCCGGAAACACAACGGATCCGAGATCGCGGCCGTCAGCTACAAAGTTGTGCTTTTGAACAATGCGCCGCATTTCGGCATTAACTTTATCCCGTACGGCCTGCAGGGTTGAAACCGTGCTCACATGCTCCGAAATCCGCTGCTCCCGAATGCTGTCACCCACCTTCTCCCCATTGAGCAAGGGTTCTGTGCCATGCTTATCAACGCTTAGCGTAATGTCGTGTACATCAACAACTTCTTCAAACAGCGCCAAATCCATCCCGCCCATCACATATAAAAGCGTCCAGGTCCGGTACAAGGCGCCCGAATCAAGATAGTGCCAGCCAACCTGCTCGGCTACTTTTTTTGCTGTTGAGCTTTTACCCGACCCTGCCGGACCATCTATCGTTACTATCATGCGCTTTTAAAATTCGGTTGAATGATGAAGAGTGTTGTTTACAGCAAAAGGAGCACGCAGGAATCCGCAAATTTCTTCCTTAAATGCATTGCGCCAAAGCATGCCTTACGCTTTGCTCAAATATATTGATATACAGAGAAAATATCTTTATTTTGCGCGACTATGCAAAAGCCGTAATCCGGTCCAATAATTTGCCGGTGACTCAGGCTTTCAAAAACTCAATTCAAACCGGAATTTATTCCCTTCTGACAAAATCACATGCCACAGCATAAGTCTTCCATCAAACGCGTCCGTCAGGACAAGAAAAAACGCATTCACAACCGCGCCCTACGCTCCAAAATGCGTACCCTGTACAAAAAAGTTTTTCTGACTGAAGACCCGGAAAAAGCCGAAGCTGCCTTAAAAGAAGCCGTTTCTTACATCGACCGCATGGCTGTTAAAGGTATCCTGCACAAAAACAACGCAGCAAATAAAAAGTCGAACATCGTACGCTACGTAAACGCTCTTTCAAAATAAGCTTCCAAAATGTCCCGTGCCCTTCTTGTCATCCTTGACGGCTATGGTGTTGCTTCAAACCCCGAAGTAAGCGCCATAGATCAGGCAAACACTCCTTTTTACGATCACCTCAACAGTACCTACCCCAAAACCACGCTTACCGCATCCGGTGAAGCTGTTGGTCTTCCGGATGGTCAGTTTGGCAATTCCGAGGTTGGTCACCTAAATATCGGTGCGGGACGAATCGTATGGCAGGAACTTTCCCGAATCAACAAAGCCATACGCGATGGCGATTTCTTTGAGAATGAAGTCCTGCTCGAAGCCGTCTCCATTGCCAAAAAGAAAGGCTACATCCATGTTATGGGCCTTTTTTCAGCGGGGGGCGTGCACAGCCATAACGATCACCTTTTTGCAATTCTGGAACTCTGCAAAAAGCACGGCATACCTGAAGTTTACGTACACGCCTTCACCGACGGACGCGACACCCCGCCGCACTCCGGCAAAGCCTATGCCAAGGCCTTTGAAGATAAAGCTGCCGAAATTGGGGTCGGCAAGCTTGCAAGTATCGTAGGCCGTTACTACGCAATGGATCGCGACAACCGCTGGGAACGGGTTGAACGCTGCTACAAGCTGCTCACCGATGGCGAAGGCACCCGCTTCAGCTCAGCTGATGAAGCCTTTACCAAAAGCTATGCAGACGGCGTTACGGATGAATTCATCAACCCTGTTTTGCTTGATGAAAGCCCGGACAGCCGCCTTAAGCCAGGAGATCCGGTTCTGTTCTACAACATCAGGGGAGACCGGGCCCGCGAAATTACCCGCGCGCTCACCTTCCGCGAGTTTGACGGCTTCGAACGCAAAGGGTATCCCAACCTGCATTATGTTTGCTTTACGCAGTACGACGCGACCTTTCAAAATGTCAAAGTCGCGTATCCCCCGCAGGTACTTGCAAACACCCTGGGCGAAGTTGTAGCCAAAAACAAGCGCACACAGCTGCGCATTG
CP027806.1_gap103	3492632	3496915	4283	ATCGGTGAACCCGGCGTGGGGAAAACAGCGATTGCCGAAGGGCTTGCGCTGCGTATTGTAGAGCGCAAAGTATCCCGCGTGTTATATGAAAAGCGGGTTGTCGCCCTTGATCTTGCCGCGCTGGTCGCAGGCACGAAATACCGCGGTCAGTTCGAAGAGCGCATGAAAGCGGTCATGACGGAGCTGGAAAAAGTAAGCAACGTCATCCTGTTTATTGATGAGCTTCATACCATTGTAGGTGCCGGCGGCGCTTCCGGGTCGCTCGACGCTTCGAACATGCTCAAGCCTGCGCTCGCACGCGGCGACGTTCAGGCCATAGGCGCGACTACGCTCAATGAGTATCGTCAGTTTATTGAAAAAGACGGTGCGCTCGAGCGTCGGTTCCAGAAAATTATGGTCGATCCCACTACGCCGGATGAAACCGCCATCATTCTGAATCAGATTAAAAACAAGTACGAGAAACATCACTCGGTTCGCTACACAGACGAAGCCATTGAAGCCTGTGTTAAGCTGACCGACCGTTACGTAACCGATCGCTTCCTGCCCGATAAGGCCATCGACGCCCTTGATGAAGCGGGTGCCCGCGTACACCTTGCCAATATCACCGTGCCGCAGCACATCATCGATCTCGAAGAGCAAATTGAAAAAGCTACGGAAGAGAAGAACAAGATGGTAAAAAGCCAGCGTTTTGAAGACGCGGCACGCCTGCGGGATACCGAGAAAAAACTCATGGAAGAGCTCGAAAACGCCCAAAAAGACTGGGAAGTCGAGTCCGAGAAAATTGTCTTCGATGTGAATGAAGAAGACGTCGCCAAGGTCGTTGGGATGATGACCGGCATTCCGGTTTCCAAAATCGCGCAGAGTGAAGGCACCAAGCTTCTCAAAATGCGCGAAGAGCTTACCCGGCAAGTTATAGGTCAGGACGAAGCCATTGTAAAGCTTTCCAAGGCCATACAGCGCACCCGCGCAGGTCTCAAAGATCCGGCCCGCCCCATTGGTTCGTTTATTTTCCTGGGACCTACAGGCGTCGGAAAGACGGAGCTTGCGAAAAGCCTTTCACGCTATCTGTTTGATGTGGATGACGCGCTTGTCCGCATTGACATGAGTGAGTACATGGAAAAGTTCTCTGTATCGAGACTTGTCGGAGCGCCCCCGGGCTACGTCGGTTACGAAGAAGGCGGCATTCTCACAGAGAAGGTCCGGCGCAAGCCTTACTCGGTAGTACTGCTCGATGAAATTGAGAAAGCACACCCCGATGTATTCAACCTGCTGCTGCAGGTACTCGACGACGGAATCCTGACCGACTCTCTTGGCCGCAAAGTTGATTTCCGGAACACCATCATTATTATGACATCGAATATTGGTGCACGGGATATCAAGAACCTGGGTCGCGGTATCGGTTTCAGCCCGACCGAATCTGCCTTTGACTACGCGAAGATGAAGTCCGTCATTCAAGACGCGCTCCGGAAGGTTTTCAATCCGGAATTCCTGAACCGCGTTGATGATGTGATTGTCTTCAAGCCGCTCGAAAAAGAAGACATTTTCAAAATTATCGACAATATGGCGGACCTGCTCTTTAAGCGAATCCGCGATCTCAACTTCAATGTAGAGATTACCAAAGGTGCTAAGGATTTCCTGAGTGAGAAGGGCTTTGATCCGAAATACGGTGCCCGGCCCCTGAAGCGTGCCATCCAAAAGTACGTGGAAGATCCGCTCGCAGAAGAGCTGCTGTCCGCTCAAAAGGAAGAAGGTGCAACCATCCGGATTAAGATGAACGCTTCGCGCGATAATCTCACCTTTGAGTGGAAGAGCCCGGAACAGTCAGGTGGAAGCGAAAGCGAAACAACGGACGAAGAAGAGACAAGCTCCAAAGAAGCCTGACATCCGCTTTCATTCCGTAACAGCGCTATATGAAAAAAGCCTGAGCATGTTCATAGTGCTCAGGCTTTTTTTGTTGAGAAAATTTAAAGGCTTAGGGATAACGCTCTTTTACATCAAAACCGGCACTTTAGGACAGTGCTTCGCGTTGCTATGTGCTCAATATTAACCTAAAATTATATTAGCGGTCACTGTGTTGACTTAGCTGATAAAAGGGACTACCTTAAAATAGTCCCATTACCCTAAACGAATTATAAGAAAAATGGACGAAACGCATAGGTGCTTTACCGCACGCATGTTTTATCCTAATTGCAGATTTGTTCAGGACGCGCTGCATTTGATGACTTATTTCCGGACTTAAACCGGACGGTCTTAATACATCAAATGCGGCTCGTTAAACCTAAACAGCCAAATTTTGATGTACTATGAACACCTATCCCTTTCCAAAAGGCGGAGCCGCTGAGCTGTATGATTTCAGCAACCTTTATGAGCTTCGCAATGCCTGCTACAATCTCGATACGGAGAAAATTATACACTACGCCAATTCAGCTGACACTGACGAGGTGATTTCGCTGCTTCTTGTACTTGAAGGCGAAAAAAAGCGCGCGCTTATCAACGGACTTTCCGTAGCGTCCATTCTCGATGTTGCAGAAGATCTTCATGTAAGTGAGCTCGCAAACTTGCTGGATGAACTTGATGAGCGCAAGCGAACCCAAATTATGGGTCAGCTTTCGGATCATACGCTTTACCGGCTGGGTTCCATGAAGAAGCTTTTTTTGAAATCCAGGACGGAGTGAATCCTTAGGGATCGACCTTAACCGGTGCTCAACAAGCCCCTAAAGGTAAAAAGCCTGCCTGAGCATGATGTTCAGGCAGGTTTTTTTTATTTCGGTAAGGAGCAAGTTCAGCATTCGGAAGTAGCCGGATACCCGTCAATCGCGCTGCAGGCCGAATCAATCGTATTTTGGAAAGGGCCGGATGCCCGAAGCGCGCGGCCTAACCCAAAAAGCAAGGGCCCCATCTTAGGCTTACCAACGCACAATCTACCAAGAAGCCCTTGATGTTCTCGGAGTTTTACCCAAAAAAATAAAAACCGGAACAGCTGTGCAGCGGGGTTCCGGGCTACAGGGGCCGGAATTGCCCGCCATCATCAGGCGGTTTCGGTTTGCAGGCGGGGCTTTACTTCGAGGTCGTAATCTTCGATGTTAATGCTGCGGTTTGCGCCTTCTTTGGAGAAGTAGGAGTATATGGCGGGGATCACAAAAAGCGTGAGGAGGCTTGCAAACAGAAGGCCGCCGATGATGGCGATACCCATGGAAACCCGGCTTTCACTTCCGGCGCCAAGGGCGAGGGCAATCGGCAGCACGCCCAGCACGGTTGAGAGGCTCGTCATGAGAATCGGGCGGAAGCGGGCGGCGGCGGCGTCCTGAATGGCCTCCATTACAGAGAGGCCGGCTTCTTTGCGCTGATTGGCGAATTCGACAATCAGGATGGCGTTTTTGGTTACAAGGCCAATCAGCATGATCATACCGATTTGTGAGAAGATGTTGATGGTTTGACCAAAGAAGTACAGGGTCATGAGCGCGCCGCCGATGGCGAGGGGCACCGTAAACAGAATGGTGAAGGGATCGCGGAAGCTTTCGAACTGCGCGGCAAGGATGAGATAAATCAGCACGACGGCCAGCATGAAGGCGTAGAGAAGGCTGTCTGAGCTTTCCTGAAAATCGCGGGAGGTTCCGGTGAGGGAGGTCGCGAAGGTGTCGTCGAGCTCGCTTGCCGCTATGCGGTCCATGGCGTTAATGCCATCCCCGAGCGAGTAGCCGCTTGCCAGCCCTGCCGACACGGTTGCGGATACGAAACGGTTAAAGCGGAACAGCTGCGGCGGATTGTTGTCTTCACTGATGGTGATGAGGTTATCGAGCTGAATGAGCTGTCCGCTTTCTGAGCGCACATAGATGGAGGCCAAATCGCGCGGATCGTTGCGGAAGGCCCGCCCCATCTGCCCGATGACTTCGTACTGCTTGCCGTTCATGATGAAGTAGTCGAAGCGCTGTCCGCTGAAGGCAAGCTGCAGGGTTTGCGCAACATCGCGGATGGATACGCCCAGCGCCCTTGCCCGTTCCCGGTTGATTTCAATGCTGAGCTCGGGTTTGTTGAATTTGAGATCGACATCCACAACGGAAAAGGTGGGGTCGTCGGCAGCGGCGTCCATGAAGCGTGGCAGGTATTCGCGCAGCTTTTCGAAGTTAGGGGCCTGAATCACGTACTGCACCGGCAGGCCGCCCCGCTGCGCGCGAATGCTTTGCTCCTGCGTTACAAAGCCGCGGGCTGCCGTGTGGTTTCGGAGCAAATCCGAAACATGGTCAGCCACTTCAAACTGTGAGCGGGAGCGCTCGGAGGGGTCT
CP027806.1_gap104	3690940	3692904	1964	AATCCATCCCTCCCACAACGAAAAAACCCCAAACACAGGGCACTGACCGCCGGTTTTGGGTTTGTTACAAAATATGCATCATTGATGTACCGCATTTCCCCCGCAATAACATAATGGGGAATGCCGTCGGGTTCAGCTCCGCTCTGCGGGCTCGCCGGTTTGGAGATAGAGCCGGAAAACCTGACTCAAACCGGTCACGCGCATCAGGGCCTGACCGTTGCCGTCGAGTTCGAGGGTGCCCCCAAATTCTCGGGTGCTGACCTCTCCGTCGCGCAGGGTGCGGATGGTGATTTCGTAATCAATTTCGCCGGTAACGAGAAATGGCAGGCGGTCTTCGGAAGCATCCGGTTTCTGAATCTGTATGTCGTTGAGCGAAAACAGCATGTTATACTGTCGCCCCGCTACCGATTCACCTTCGCGGTTGGTGATGCGCAGACTGCCCTTATTCTGTTGAATGCCGCCGAGCTGCATGGCGTCGCTGCCGGGACCGAAGCCTTCGAGCACCCAGTTGGCGGTGCGCTCGAACTGCGAGCGGCGTACCGGTCCCTCGGTGAAGCCATCGCGGGTACCGCTGAAGGTGATGGTCTCGATCAGACCGGCATCCTGTGCCGGACGCGCGACAAACCCGCCATCAGCATCCTGAAAAATATAGCTGAGCTGCGTGCGAACCATGCTCCGGAAATTCGGACGGTCAACGCCCCGGCGGAAGCGAATGCTGTGCTCACCGGTTTCCGGGTTGTAAGTGCGCACAAAATTATCATGTCCGCCGCGACCTTCACCATGCGTGCGGAACAAATAGTTCAGGCCATCCTCGCCGGGCTGCGCAGTAAGGTCCATGATACCGGAAAGCAGGCCCTCATGCTGATCGGAGATGGCGTTTCCGACAATGGTGAGCAGCATTTCGACCTCTTCAGCCGATGACTCAGGCTCATCGGCCTGTGTCGGCTGATTGCTGCATGCACTCATAGAGTAGAGCATCACAGCGATGATTACCGCATAAAAGTGCTTCAGATGTTTCATATCGTGTCGGGTTTAGGGATTGTCTTTACAGCTCATGATCAAAGCAAAAATAAAATATATGACTTGTTTAAATATATGATTTAATGAGAGATACTCAAAGCCAAACAGCCGGTCCGCCGGTCATGACCGCGGAAGCCGGCTGTGTGTACAGATCCCCTTCATTGGCACAAAGGCTCAGTAAAAATCATGCGGGCATGGACGGCAGGTCCCAGCCCTCGCGGTAAGGCGTACGGATCAGGTTCTCAGCAAAATCACGCGCGTTCAGCGGATCGGTCATGGTGCGCCGGAAGCTCGGGTGCCCGTCCGTGATTTCAAAACCATCTTCAATAATAATCCGCAGCTCTTCATTTTCGCTGATGTTGGTGAAGCGCATGTTCGGGCCATCCCAGTGCAGCTCCTTGTTCAGGGCCTGCAGCCGCACCGCAAGCACGCCCATCACGACCATCTCATTGAAGGGTCCGGCGAAGGCGAAATCCGACTTGCAGGGCACGCGGCTATCAGGACTCTCCTTACAGGCGCGCACAAAATCCATGTAGTGATTGGTCTCCACGCGGCGCTCGGTTTGGGACACGCCTTCCGGCACCCGACCCGAAAGCAGCCAGGGATCGCGGCCATAGCAGCCGGCGATGAGCGTATCCTCCGAGCCGTGGAACAGCAGCCCGCCCCCGAGATGATTCATGCTGCGTCCCGCGGGCCAGCCTTCGGGCTTGAGCGGCTGCAGACCGCCGTCGTACCAGTCCACTTTCAGCTCCGGCTGACGCCCCATTTTCTGCGTCTCACGCTCAGGGAAAATCAGCTGCACCCGCTGCGAAACCGGGGCCGAATCCAGCAGCAGCATGCTCGAGCTGCCCTGCACCCGCGTCGGATAGCCCGGCTCAAGTGCACGGTACAGTCCGTCGAGAATATGACACGCCATATCGCCCAGCGCGCCGGTTCCGAAATCC
CP027806.1_gap105	3863642	3867844	4202	AGCCGGAGGGTTCTGTAGTTGTAGCCCGCTGTCACCCGTGCGAAGGGGAACCTGAAGCTGACGTACCCTTCGGGTATAAAAATTTCTGCCTGATCAGGTTCTTCAGAAAACAGGGACGGCATAGTACCATCAGCATAGGTATAAGATCCGCCTATGCGAAGCCGCTGCTGCGGACGAAGCTCAAGCGCTGCAGAGCGGAGCCGGTAGTTTTCCTCCCGGATACCACCGGGATCGTCGAAGGTGAGATGTTCAAGGTAGTTGATAGTACCCGCGAGTGCTTTCACCCGAAACAAGTCGTGTTCGTAAGTGGCGCGTATCCCGTCGAGGCTGGTATCATACCGGATTACGCGGTCTTCGAAAAGATTCAGCGACATACCGCGGTTGTGGAGTGCGAATAAATCGCCGATTCGCACATCGAGGCCATCCCGCTGATAACCTATGAAACGGCGCCTGATACCAGAGAAATCGGGTCCGTATTCTGCCGGATCGCTTAGTTCAAGCCGAAAGCCGATGATCACATTATCCGCTAAAATGCGCACATCCGTGAAGTTCTCTAAGTATTCCTTTTCGGCTTTGTCCATACCGAGGTTCTGGACTTCTTCGCCGAAACCGTAATTGACGATATTATTTACCGAGACCTGAACCTGCTGTGCCTGCGTAAAGGTAACTGTGTAAAGTGTAATGAGAAGTACAGAGCAAATGACCCGCCGTAACTGATTCATCAATAAAGGTGATAATCTTTGAAAGTGAAATGAGAAAAGCACCCCGCCCCTGAAGCATGCAGGGGCAGCTTTTTGTAAAGTGCCGTTTGGAGTGGATGGATGTTACTCAGCCGCTATAAGCTGCTGAACCAGGTCTTCGATTTTGCGCTCGTCACCGGGCAGGAATCCGGAATCAACCTGAACAATGGTGCCATCCTGCGCTACCATAAGCGCATAGGGCAGGCTTCTGCCGTTGAGACGCTCGAACACCTGCGCGCTCGGATCGAGCAAAAGTGGCATGTCGTAGCGCTGACTCCGCCAGTACGACTCAACCCGCGACAGGCTGTTTGGGGTATCTGTATTGATGACAAGAAGGGTGAAGCCTGCTTCACGGTAGGCATCCCAAATCGGCCTGAGGGTACGCAGTTTGTGCAGACACGGCTGACACCACATGGCAAAGAAACTGATGTAAACCGGACCTTTATCCAAATACTGCTGTAAACTATGGCGATTACCATCAAGATCTTCCAAGGTAAAGTTTACAATTGTATCAGACTGTGCATACACCTGTTGCGAAGGAGCCGTAATGGCAAGCAGGCAAACCGTACAAGCCACTAAAAATAAACTGTATAATAGATTGATTTTATTGGTTTTGCTTACCTGTTCCATGTATTGAGAAATTTTCTAAAAGGGTTGGTAGGAATCATAAATCACGTATTCAATGAATTAACAACTTCATTTAATTAAATCCAAACCCTTTAAAGGCTTATCCGCATCCTTCTGCTTACATTCTTTGGCGTCATCTCTTTCAGGGCTTTAAAAGCGGTTTTTATATTTTTCCTGATGTCGCAATGGTGACTGCCCGGCCTGCCCGATATGTAAAAACGGCGAACGATTTCCGGCATCATATTTATTGAGATGAGCTGAGCCATCCAACCTTTGATTCTAATTGCCCGCCCCATGCAAACGCAGCAACTGCTTAACCGTCCGATTTTTTTTCTGGAACCCGCCCTCATTTTTCATCTTATGGACGCCAATGCCGTCATTCGTCTGAGCCCGGGAAGCAGCGAAGATACCCCAAAAGCGGAAATGCTGCCCGAGAAGACCAAAGCGGGTGAATCCTGCGCATCTTATGATCAGGACGGCATCCGTATTTATGTATCTGAAAAGCTAAAACTGCCCCCGGCTGCGCAGGTTTCCATCATGCTTAAAAAAGGATGGTTCAGCAAATCTGCCGAAGCCCGCATCGTACCCCGTCAGCGGGCAACCGGATTTATGGGAACAAAAGTAAGCACCTGATTCCGGAAAGATAAAGCTGTTAGGTTTTGACCGGTTCTGATCATTGCCTGAAACTATAAAGCTGATCGTTTCTTATTTCTTGTATGCGGGCAAATGAATGATGAATTCGGCGCCGCCACCCATGCGGTCTCTTACGCTAATGGTTCCGCTGTGCTTTTGGATGATACTACGGGTAATGGCGAGTCCAATGCCCAGCCCGAATTCTCCGCCCGCAGTTTTGGTCGTGAAGCTGGAGTCAAAAATTTTTGCTTTGAGGTTGTCGGGCACGCCGGGACCGTCATCAGCGATCGTAACCCAGACCATATCACCGGCAGCGGTACCGCAGTTGATGTAGAGTTTACCGGTGTCTTCCATCGCATCACAGGCATTGATAATGATGTTGGTCCACACCTGATTGAGCTCGCCGACATAACAGCGCACCATCGGGATCTCCGGCAGGTTGACCGTCACATCCACATCGCGCAGACGGTTGCCAATAATCATGAGGGTTTCCTGAATACCAAGGCGGATATCCGCAACTTCGGGCTCGGCACGAGAGTCCCGGCTGTAGCTTTTCAGGCTCTTGACCAAATGTCCGATTCTGCCGGTCGATAGCTTGATACTTCCCAGAAAAACCCCGGCCTGATGGCTGTCCAGCAGCAGGCGGAGCGAGAGTGGTTTTTCGCTGTTATTGGCATAAGGCTCAATTTTTTCGAGCATTTCATTGCTAAGCTCGGCCATATCACGGACAACAGAGCGGCTGAGGTGCGGATATTTTTTCTGTATTTCCCGCATTTTGTTGCGCTGATCACCGGTGGACTGCATCTCGCGGGCAAGGCCGGCTTCCAGGAAAGCGCGGACGAGGCCGGTATCGGGCAGCGCTCCGGCCTGTTCGGCCATTTCGGGCAGCACGCGGGTCAGGTAATCGACCGACCTGAGCAAGGCAGAGGCCGGGTTGTTGATTTCATGCGCAAGACCGGCCGTAAGCTCTCCAAGGGTGGCCATTTTTTCCTGATTGATGAGCAGGTTCCGGGTTTGCTCCAGTTCGGTGATGGTGTTGCGCAGGTTGTTCCGCTCCTTTTCCAGCTCACGCGAAAGTTGCGCGACTTCCATGTGCAGGGTCACAACCCTTCGGTACCGCTCGCTCAGGTTATAAAAAATCAGCCTTTGGATAATTTTACTGATCTCCGGGTAACCATCCTGAATTTTGTCAAGGGAAGACTGTCCGACCCGAAGAACTTCTACCTGCGTGTTGGCACGGGCCGTGGTAAAAACGGGCTGTCCCGTTGTGAAGGAAAGCAGCCCCATAAAATCACCGGGGCCCTGCAAGTCTATGGCAATATCAATGTCATCCAGCTTTTTGAGCTGATTGACGGAGCCGGACAGGATTACAAAAAGCCGTCGGTTATCCTGGTTTTCACGCAGAATAATTTCGCCTTTTTCATAGGTTTGATGATGTCTGGAAAGCAGTTCTGAACCCGGCAGCAGCTCTTTAATCGTCTTCACGAAAGCGTCTTTGTCCATACGACGGCCCGCAGCCCCGTATTCGATACGGTCCATCTGACCCAATACCTGATCCCTGGAATTTCTCAGAATCTGCATCCTGCGTTCATCATTTGCCATAGCATTCGAAGATAAATTTTAACCAAACATTTGGGCTGAAGGCTCTAAAAATACATACCCGAGCTTTTAGCTTCCTGTTAAAAGACTAAAACATGCACCGGCCGGGCCCCACCATCAGGAGCGTGTCACCGGTCGGTGTACAGAGCCTGAATATCAAAAAAAATCAGTAATCAGAAACGCTGCCTCTTGCACGAATGGCTTCCTGTAGCCTGCGCGCATCGAGCGTGCTCATGTACGGCAGCAGATTTTTTTCGGACTCAATCACGAAAGTTGTAAGCTCATCGATGGCAATTTTGACCAGATTATCCGGATCCCACGGCTTAGCAATGTAACGGTTAAGGCGGGCATGGTTTACGGCCTCTATGGTTGCATCCAATCCTGCCTGACCGGTCAGCAGTACTTTCCGGGTCCGCTCCGTGAAAGCCTCGTTCTGCATCTCGATCATAAGCTCAACACCCTTATCGCCGGGCATCACGTGATCACAGATAGCCAGCCCGACCTTATCGCCATTCTCTTCGATTTCCTTAATAATCTCACGCGCCTCCTCCGCTGAAATAGCCATTTCAATGGGGAAAGTATCTTCCAGCGCGGCAAGATCAC
CP027806.1_gap106	3869923	3872189	2266	GGTAATCTGAAAGAATGTGTCCTTTTCCATCCAAAAATCTTCTGACACCCGCTTTCCCAGCGTATTTATTTGCAGGTTTAGCGACTGTCCGGAGCGTTGCGGAGAGGAAGCTTTTCCGGCACTTTAACCTAGATCATTTACGCTAATCTATCTTCATGAAACACATCGTCACCACTTTTTTATTGGTTTTTGTCATACTTGCCGCAATCGCAGCGACGAAAGCGGAAGCTCAGTTTATTAAAGATCCCGAGATTATTTCCGAATATCTGGATACCCTGATTCTCACCCCTGAAGAAAGGCGGCATCTGCAGCAGATGTATGAAATGGTCGGACTCCGCGTCGGGAAAATTGTTGGCGGAGAAGACGCTGACATAGCCGACTACCCCTGGACCGTTGCCCTCGTTACCGCCGGCGGGTCGCAGTATTGCGGCGGCACAGTGATTGATGAAGAATGGATTTTAACCGCAGCACACTGTATCGGTAGCTCCGCTTTTATACGGGCAGGCGTAACCAATAAGAACGACACCTCCGGTCAGGACCGGCAGGCCGTACAAATCATCAATCACCCTGAATATGTGAGCGTTACGCAGGGACGCGATATTTCGCTTTTGCGCCTCGGCGAGCCCCTTGACCTGTCAGACCCGAATGTGGCTATCGCCCCGATTTCCACTGAAATGCACAACCTTCTTGGTTTTGAAGATGAAGGCGTGCCTTCCATTATTACAGGCTGGGGCCGGCTATTCTCCGGCGGACCAGCACCGGACATCCTGCAGTGGGCAGAAGTGCCGATTGTATCAAACGAGCAGGCGCAGGTCGGTTACCCCAATGTGGTAATTACCGATGACATGATTGCAGCAGGGCTGTGGGGGGAAGGCGGTGTTGATGCCTGTCAGGGTGACAGCGGCGGCCCTCTTGTTGTACCCGACGACAGCAGCCCGGTTGGCTACGTTGTGGCCGGTATTACGAGCTGGGGCACCGGTTGCGCCGGACCAACACACATGGGCATGTATGCACGCGTTTCATACTTTGAAGACTGGATTTTCGAAAATTCCGGCCTCTCTTTCCCCGGTCCCGGTGAAGACGACGGCATCCCCCCTGCAACTATCACGGACCTGAGCGTAACCGGCCTACCGACGGAAAACAGCATTACCCTCAGCTGGACCGCCCCCGGCGGCAGCGGTGACGAAGGGCGTGCCGGTTCTTATGACCTGCGCGTTTCCGACGCCCCGATCGATGAAACCAATTTCGATGACGCTACCCCTGTTGAAGGCGTCGGGCGCCCTCTGCAGGCAGGTACAGCAGAAGTTTTCACCGTAGAAGCGCTCGAGCCGCTGACAGAATACTACTTCGCACTCAAAGCCAGCGATTTTTTCGGAAATGAGTCCGGTCTCTCAAATGTGGTGAACACGGCAACCGACGGCTCGCCGAGAATTGAATTTAGTGCCACAAGTTTCGATCTCACGCTTTCTGCCGGCAGTACAGCCGAGCGTACCCTGACTCTAACCAACACCGGTGAAGGTTTACTCACCTATGCACTTCCTTCTTTTATGAATGAAGAACGCTTTACCGCTGCCAACATCCGCAGCCTGAACACCACGGCCTTTCCTGCAGGCACGGCAGAAAACCGGGCAGCCGATAACCTGCGTCAGCGGTTTCATTTATGGGAAAGCGGCGCGCGCGGTCCGCTCAGCACATACGATCAGCAATTGCTGGATGATCGGATTGAAGCGGCGCATCAGGGCATCATCCTCACAGACGAACCCTCCGTTACCATTCCGTTTGAAAACCTAACCGCTACGGGCGGAGAGTTTTTTGATGTCACCGGTGACGGCTTCACCAACGAGCTTACCGCTGTCCGCGCCGATTTTGTCATCAATCAGGCCGGCGGACAAACCTGGGCAAGCGATCTTGCGCTCCTGATCACCAATGGGGATGAAATCAGCCCAAGCACAGTCGTGCTTCAGGTTGGCGGCTTTAGCGACTTTGGCCCATCCGGCACCCGCATACCCTGGGGAACAGGCAATACCGGCGCGCCGAACACACCGGTTCAAACGACCATCGCCATCCCGACACCCTTGCTGGTCGACGACCTTACGGTATGGATCGGTCACGGCTGGGGCAACGGAAGCAGCTCAACATGGAGCGGAGAGATCGAAATGATCGGTATCAGCGAAGCCGCAGCATTTATCAGCTCTATCAGCCCTGCATCGGGCAGCCTTGCTGTTGGCGAAAGCGTTGACCTCACCATTACCTTTGATACCGCAGA
CP027806.1_gap107	3874827	3876204	1377	AAGCTTAATTCCGCGTGAACATAAGACCAATTGCAGGTATATTCTGATATCTTTTATATGTGCTTCTTTTTTGGTACTTATTTTGAAATTTGGCACGTACCAGCTTTTTTTAAGCTCGTCCAAGTCAGCGCTGTATGCAAATCACGGCCTGACAGCTCCACATCCACCATACCTTAGCTATGTCAAAAAAACCACCCTATTCAATGGGAGACCTTCCTCCCGAACTGAAAATGATGAAGCAGCATGTGCTCAAAATTGTTTTGGGCCTTGTGTTGCTCGCAGGTCTCTGGACTTCCGTGCATACCATCGCCCCGGAAGAAGAAGGCGTCGTTGTTACGCTCGGCAAGTACAACCGCACATTGCTGCCGGGCCTCAACTTTATTCTGCCGTTCGGCATTGAAACCATCTACAAAATCCCGGTACAGCGGCAGCTCAAGCAGGAATTCGGCTTCCGCACCGTACAGGCGGGACAGCGTACAACCTACAGCAAATCTCCCTACATGGATGAATCCATCATGCTCACCGGCGACCTCAACATCGCCGATGTTGAGTGGGTTGTGCAATACCGCATTGTGGATAGCTACCGCTTCCTGTTCCGCGTACGCAATGCCGAAGAAACCCTGCGCGTGATGTCAGAATCCGTCATGCGTAAAATCGTGGGCGACCGCACGGTAAACGAAGTCCTCACTGTCGGGCGTCAGGAAATCGCGACCCGCGCCGAAGAGCTTCTGCAGGCGATGTCCGACGAGTATGAAAACGGCATTCGCATTGATCAGATCGTACTTCAGGATGTAAATCCGCCCGATCCTGTGAAGCCATCCTTCAACGAAGTAAATCAGGCTCAGCAGCAGCGTGAAACGCTCATCAACCAGGCCGAAGCCGAATACAACCGCGAAGTACCGCGCGCGCGCGGGGAAGCCCGGGAAATGATCGAGCTCGCCGAAGCCTACGCCCTCAACCGCGTAAACGACGCCATCGGAGACGCTGCCCGCTTCAACTCTATTTACACCGAGTACATCCTTGCCCCCGAAGTTACGCGGCAGCGCCTCTACCTCGAAACCATGGAGCGCGTACTGCCAACCATGGGCAGCAAAATTATTGTAGACGAAAGAGGCAACAACGTACTGCCCCTCCTCAACCTCGAACAAACCAGAAGGGGAGCCAACTAAAATGAAGAACATCATTCTTATTGCAACAGCCATTGCCCTTTTCGTCGTCGGACTCAACGCCATGTTTATCGTTGACGAAAAAAATCAGGCCATCGTAACGCAGTTCGGACGCCCGGTCGGCGAGCCGATCACCAGCCCCGGACTTCAGTTCAAAATCCCCTTCATTCAGAAAGTACAGTTTTTCGACCGCCGCTTTCTGGAATGGGAT
CP027806.1_gap108	3892579	3893307	728	TCCGTGCCTAATATCATGGCTTCAAGACTGCCACCCAGGGAGTAAGAAGGGATCATTTCCGGGATCACTTCATCAATTGCTTTTCCTCCCTCCGTTCTTCTGAGCGGGAAATCCTGTGTCCATTCATTACGAAAACCTGAACCCGGTACGATAGCCTGTCCGCTCTCATTTAGAAGATAATCTGTTCTGGGGTTGTGGTACTGATAGGCAAAAGAGGCTTCAGGACTTACAGCTATGGTTCCGTACACGGGGATCCTTAATGAAAGACCGATTTCAGGACCAATAGCCGTGTTCTTTATATTTCCCGGAATCAGCCCTAATTCTGCTATATCATAATCCCATCGAATAGCAGAGCGCTGTAAATCTGAGGAGTAACTCAAGACCGAAAGGCCGAAACGGGCCTGTGCTGTTATGCCCCAAAAATTATAAACAGGCCGTTGCAGAGTTAACCGAAGGCTGTATCCGTTGATCGGTAGTGGCAACGGATTAAACACATTTGCAAAATTGCGGTAGTTCCCGATGAAACTGGACGTTCCGACTTCTAAATTCAGATCAACATTTCGGAGGAGTGAGAAACGTGACTGAACAGATTCCTGCTGATCCCGCAAGTCAGGCTCTGACTGAGCGAAACTTTCATTTGAAGAAGTTGCGGCTATGAAGACCACAAAAAAAAGAACAGTAACAAGTTTCATAAATAATTTATTAGGAATAAGCGTCTCTGGTCGTCA
CP027806.1_gap109	4023741	4028087	4346	CAGCTTGTTGATGAAGAAGGCACGACCTATCACCGCGCTAATCTGATCGACACACAGGAATACAGCTTCAGGCTAACGATTCCGGCTTACATGAAGGAAATCACCGTACGCTACAAAGGCCATGAAAAGAAACTACGCCTCGATCAGCCCGAAATTTCACACACCTTCCAGCCATAGGTTAATCATTCTACCCCGTTTTTCGCTCAACCGCAACGCTATGCCGGCCTGAGCATGTCTTTCCCCACTTTTTCTGAATCCCGGCACCGACAAATACTAAGCGAACGTAAAATACCCCTGCTATGAAATTCCCTGTTACGTCCTATTCCCTGCTACCTTCTGCTACTGCTTCAATCCGTCACCTGAAATCAATAGCCTTCATTTCAGTAAGCCTGCTCTTTTGGACTTTTGGCTTTTCTTCAGAAGCCCGCGCACAAGTCCCCATCAGCAGCATTAGTGCAGTGTACACTTCGGTTGATGACGCAAGTAACGACTACAGCGCCGGAAGGTTCAGCTACTTCTTCAACACCGGCAGCGAAAACGACCTGCTCTTGCTCAATGTCGAAGCTGCGGGAAGAACCTTTACGCCGGCCCTTTTTGCTAACCGCATTGAAATGCAGCGCGTCTCCATTCCGGGTATCCCCGACGAGCGCGAGATATTTTACTATCAGGGCGAAGTCACGGGCAACAATGTCAACCTGAATCCGGGCTACATCAGCAGTATGCAAGAAGCCCTGCTTAACCCGATCATGAACCGGGGTGTTGATAACATTTTCCAGAACACCGGCGACAACAGCAGCAACGTAAACAATGTGATGCGGCTCGATTTCATTTTTGATGACGGCATAGAAGTCCCGGCCCTCGTTGCTGAAGAAGGCTTCATCATCAAAGAGCGGGGCGGCAACGATCGCTTCCGCATAGCTGCCATCACCTCCCTCGATGCCAGCGGCAACCCGGCGAGCTTCGCACCAGCCGTTCTGGTGGAAGCCAGCGACTGGGGACCTACCGGCTACAGCTTTCGCACACAGGTTATGCGCCGCCCGAACCCCAACGTACCCGCTGAGCAAAGTGCAAACGTAGGCCCGCAGCCTATGTCCGGTATTCTCTTTACTTTCGAAATCCTTGGATTAAGCCCGGGACAAACCATTTACGGCTACTCCATAACCGCCGGCGACGCCCCAGCCAACAGCGCCGATTGGTTTGATGTCAGCACCTTCCCAACCAATACCAACGCTACCGATGGCGGCCTCGATATCGCAGCTGGTGGCGCCTATTTCTCTGCAAATCCCGTAATCGTAGCCGAAGACGATTTTTACTCCATCGGCATCCAAACCACTCTCGAAGGGTCTGTAGGCGACAACGATACTTTTCAGCCCGGTTCCACCTTCGCACTCGAAGCCGAACCCGCAGAAGGCGTCCTCACCTTTAACCCCGACGGCACCTTTACCTACACCCCTGATCCCTTTTTCGAAGGCACCGACACCTTCACCTACAGCCTGTGCCTGCCTGATCCGCTCAGCTATCTTTGCGATACAGGAGAAGTCAGCATTTCGGTTGAGCCAAGCCTTACCGGTATCATCAATTTCTTCCCTGCGTCCGGACCCGGCACCCTTGCTTTTGAAGACCTCTGGCCTGCAAAAGGCGACTTCGACTTCAACGACATGGTCGTGGATTATCAGTTTCAGATCTCTTCCAACAATCAGAACATCGTTGAGCGCATTGAAGCCGTCATTGTACTGCGTGCCTTTGGCGCAGCCTTCCGCAACGGCTTCGGCTTTCAGCTTTCCGAAAACATACAGCAGGATGACATTGTCGTGAGCGGCTTCAGCCTCACCGAAGATTTTATCACGCTCAATCCCAACGGCACCGAGGCCGGGCAAAGCAAGCCCACCATTATCGTGTTTGACAACACCTACACCCAAATGCAGCATCCCGGCGCAGGCACCGGCGTCAACACTGAGCCGACTGCCCCCTATGTGCAACCCGCCGTATTCTTCATCACCATCGAATTTGTGGGCGGCAGCTACACCTACAGCGATGTGGATATTTCGAGCTTCAACCCCTTCCTGATCGTAAACGGCAACCGCGGACGCGAAATACACCTGCCCGGCTACCCGCCTACAGACCTCGCAAACATGGATCTTTTCGGCACAAGCGATGATCGTTCAAGTCCTTCTCAAAACCGCTGGTATGTGACAAAAAACAATCTACCCTGGGCCATCAACCTCATTCACCGCTTCGATTACCCCGTTGAGCAGGCAGATATTATTGACGCCTATCCCCGCTTTATCGACTGGGCGCAAAGCGGCGGCACACAGTTCCAAGACTGGTTCAGCAACACCGCAGATCAGTACCGAAACTGGGAGAAAATCTTCATCGAAGAATAAACCGCCCCCGTACTTTCTTTCAAAAGCCTCCGCGCACCACATTGTTCGCGGGGGCTTTCTTATGTACGGCAAGGTCAATCGGAACCCGCTTGTCTGCCCGAAGACTGCCTGTGTTTTTTTTGGGGAAAACCCCGTGAACATCAGGAGTTTGGGCGGCAGATTACGGCATCCCAAACCAAAGCTTAAGCCCTTGCTTTTTTGATGAATCCGGAATAAAAAGAAGCTGCAAAGCCTGAACGCTACCCGGTCAGATTCGGCCTGCCGCACATCTGTACCCGAAACACACGACCTGACCGTCAAAAAGAGAGCGGGAGAAATTTCATCACCCGCAGGGACGCATTAAGCCCGATCAGAACTGCGGAATGATGGCCATCTCCGGCGGCTTATGTGGCAAACAACACATCACCATCTTTCCGATAAAAAGAATACATCATAGAGCAGTCAGATGTCGTTAATTGCCCGGCAAAACCAATAGCCCCGTACATCCCGAAATAAAGCCGTCATTCCTGTATCACGCGCCAAAGTTCTTTATCTGATTTCGCAACCCCATGAACCTCGTCCTGCTTTCCCTGCTGCCTTTTGTAGTCCTTACCTACCTGCTGCTCGTCAAAAAAGTAAATGCCGGGCTCACCATGCTGGCTGTGTACCTGCTTACCGCAGCGCTGCTATTTTTCTTTTGGGATGCCGCGCCCGAACTGCTGATTGCCGCGAGCCTGAACGGACTGGTTATCGGCACAGAGCTTTTTCTCATCATTATCGGCGTGCTGCTGCTGTTCTTCCTGCTCAAACACAACGGACGTCTTGATGACCTGCAGCAGTTCTTCATGGATTATTCCGACGATACCCGCATCCACATCATTTTGATCGGCTGGTTTTTTGTTTCCTTTCTGGAAGGTGTCGCTGGTTTCGGTACGCCGGCTGCTATTGCCGCGCCATTGCTTGTCGTGCTCGGGGTGCGACCGCTTATTGCGGTTATTCTCACCCTTATGGCAGATAGTGCCGCCGTAGCTTTCGGGGCGTTTGGGACTACGATGGTGGTGGGCATTGCAAGCGCTGCCCCGGAAGCCGATCTCGCGGCCGTGTCCGCGACCGCGGGAATCGTCACAGCTTTTGTTTCCGTGTTCATTCCGCTGGCCATGCTGTATGTGCACAGCCGCCTCGCGGAAATACCGCTCACCCGAAACTACATCTTATTTGCGCTGGCCTCAGGTGCGGCCTTTGCGGTGCCCTTCATGCTTACCGCAATCTTTCTTGGTCCCGAGCTGCCCTCAGTAGCAGGCGCCGTTGCCGGACTCATCCTGATCATGCTGCTGCTCCGGCTGGGTTTATTTTTTGGCAATCCCAAAAAGCTGCCCCCGGTGAAGCCGGTTGTGGGCGCGCTTTTTCCTTACGCTCTTGTAGTGGCATTGCTGTTTGCCTCCCGTGCCAACCTGCTGGGCTTCGGCGACCTGCTTCGTTCAGCAGGTACGACCCTTATTTTTACGGAAGAAATCACGCATACCCTCAGCGCCTTTACGCCGGGCGTGCTTATTCTCATTGCCTTTGGCGTCGCCTACGCCATGCAGCCCAATCGTGCAAGTTTTGAAGCCTTCGGTAAAGCCGTTCCGGCCCTGCTCGTGCTGCTGCCGACCTTAGCATTCGCGCAGCTTATCATCACAAGCAGCCTGACGGATGAACCCGGCATACCGGAGCTCGTGGCTTCTCTCTTTGCCGGTACCGGTTATCTGTACCTGCTGTTCGCCACGGTAATCGGGGCTTTTGGCACCTTCATTGCGGGCAGCGCTACCGTCTCAAATCTAATGCTTGGTGCCGTACAAGCCTCCGCTGCCGGGGTTAACGAATTGCCCGACACACTCATTTTAGCCCTGCAGGCCGCCGGTGCAGCCGCCGGAAACATGATCGCGATTCATAACATCGTAGCCGTTCTCGCTGTGGTACACCTGCAGGAAGGCCTGCCGGTCA
CP027806.1_gap110	4061254	4062684	1430	AGCTGCGACGACACAACGGCGTCAATCCGGTGCCCGGCGTCTACGAGATCCTGAAGGGCGGAGGCCCGCGCAAAAACAATCAGGGCGCCGGTTTTGACGCGGCTCATGCTCTTGACCGCTGAAATAACTTCTTCGATCACCTGATTGGACTCGTTGGTTTTAAAGAAGCGGTCGAAGCTCGTATTATGCCCGATACGGTAGAGCAGCTTCCGGATTTCAGGCTGAAAGAGGATAACGAGCGCGAGAATCCCGACGTCGGTGATTCGCAGCAGGATGAAATTAATCGTTGTGAGGCCGAGTACGCTCACAATGGCATTCACCGAGAAAATGATGATGAGCCCGAAGAAAACAGAAATGGCAAAGGTCCCCCGGATGAGGGTGTACAAATAATAGAGCGCACCTGCAATCAGCAGGGTCTCAATCAGCTCTTTAAGGCCAAAATCAAGAAATCCAAAAAAGGTCAAGCAGGCTCCGTACTGTAGGGACCGGGGGAAACGTCGCGAATTGCTGTAAATATACGAATTGAATCGGAGGCTTCCTGCACATCATGCACCCGAATTATGCCGGCCCCTGCCATGAGCGCGTGATAGTGCAGCGCGAGGGTTCCGGCAAGGCGACCGTCAACGGGGCGGGCGTCGAGGAGGTGACCGATGAGGGATTTTCGGGAGGCGCCCATGAGCAAAGGGTACGGCAGGCGGGTGAGTTCGGGCAGCCCTGCAAACAGGGCGAGGTTGTGCTCCGTCGTTTTGCCGAATCCTATGCCGGGATCGGTGATGATGTACTTCACCCCGGCCTGCGCGGCAAAGGCGGCCTGCGTTTCGAGGAACTGCCGGACTTCCGCGACCACATCTTCGTACTGCGGGTTTTGCTGCATGGTTTTGGGGACACCCTGCGCGTGCATAATTACGAGGGCGGCACCGTATTCGGCGGCGAGACGGGCTTTTTCGGGATCGCGCTGCAGGCCGCTGACGTCGTTCACGATGTGCGCACCGGCGTCGAGGGCCGCTTTTGCGACGTCCGCTTTCATGGTATCGGCGGAGAAGAGTAAATCCGGGAAGGCTTTCACGGCTTCATCAAAAACCGGCTGCACCCGGCGGATTTCTTCGGCAGCGGGCACGGGCTCACTTCCCGGCCGGGTGGATTCCCCGCCAATATCGATGATGGCGGCACCCTGCGCGGCCATCTCTTCAATGCGGCGGAGGGCACGGCTGCGGGTATCGAAACGGCCGCCATCCGAAAAGGAGTCGGGCGTTAGGTTGAGCACCCCCATCACGAGGGGACGGCGCTGAAGCTGCAGTTTGGTTAGGCGGTCTGTCATCGGTTGGGCTGTATGGTGTGCAGGTGAGCGTGAGGGTTTGTTTGGGATGAAGGCTTTGGATACGCCCGGGAGCCCAAAAAGCAAGGGGTTCAAATTATGATTTGGGAGCGCT
CP027806.1_gap111	4076215	4077469	1254	AACGACCTTGAGTCGGGCACAGCTGAATAAATCCGGCACTTAACATAAGCTTTCACAAGCCCGGTTTACGCCATGTAAGCCGGGCTTTTTTGTGGCATTCATCCAAAATAATCCGCAACATTACAGCCTGCATGCGTAGGCATTTGCTTCAGAAATGCAACGACCTCTGGAGTAAACGCCATCAAAAGCCGGTCGCCCTGACCGCAACGCAGGGTGCAGGTTTAAGCTTTTATTTTTTTGGGTAAACTCCGTGAACATCAGGGGTTCCGGTGCAGATCGGGATATCCCAATCCTGCGGTTAATCCCTTGCTTTTTTTCAGATTCGGACTAAACTTACGCATGTACCCTGAACCGGGCGCATGCATCTTGCTGTCTCACCCAAAGCTGAAGCAGTAAGCCGATAAAAGCCCGCCCGGACTGTTGCCGGCTTTCTGTATTTTACTTTACCCCAACACTGCGTCAGGGATTCAGGCCTGTCCCAAATAACCGACTGATCCCGATTTCCAAAAATCATCCCGCTTTGCCGCACGCCTCTTACAAATCGGCCCGCATCATCGACCGCCCCGGACTGCAGTTCAGCTACCTCGGCGTAGTGGGCATTGTCGTGTTTCTCCTACTGCGGCACAGCTTCGATTTTTACATGGGCATCAGTGACGCCCAAAACAAGGATCAGGCAACCCAAACCGCACTGCAGACCGCGGCACAACTCGGGCTTCACAGTGATACGCTAAGCACCATCACCCTGCGCTATCACGCATTACCCCTGTACCGGCAGCTGCAGCAGGAGCGCCTCATTTCTGCCTCACCACAGCAGTTCAACCGCTCCGACCTGCCTGTATCCGGCTGGGAAATCACAGCAGGGGAAAACATCCGGGAGCTTCAGCTCCTCACAAATGCCGATATCTTACTGGATCAGCCCGGCGGGTTCCGGGTCCGCCTCACCAACCGCGGTCGCGTCACAGATTTCACAACAGGCCGCCAAAACAAACTGATTCTCCCCGGCATCCCGAATGAGACCCGGCTTGCCGCACTTGCCGATTCCGTCTTCGGCTACACCGTTTCGGGCTACGATTTCCAGGAAGAAACCTTCTCAGCCGACAGGCAGCAGTTTATATTTGAACGCGACGCCCCAGGGTTCGGAAATCCGCAGCACCTTAAATTTGTGATCAGTACGCCCGCAAACGGTGAAGAAAACGCGTTTCAGCTGCACCGCTTTACGGCCGCTTTTTCAGCCGATCCGCCCTCCGAAACACC
CP027806.1_gap112	4078771	4081256	2485	CTGCAAAAAAACGGACCCCCAAACCTTTATCACCTGTCAGGTTGGTTATATCGGCCTCACCGACCTGAAGCTGGAAATGGCGAATGCGGGTCATTGTCCGCCCATTCTCAAACGCGACGGAAAGTGCCGTTACCTGCCGCTGCCAAATCCCCGCTTCCCGCTGGGTTTCCTGCCTAAAGTGACCTATCTCAACAGTGAAGTACAGCTTCAGCAGGGCGACCTGCTCATGTTCTATTCCGACGGGCTCCCCGAAGCCCAAAGTCCTGACGGCGACCGCATGAACCCGGAGCGGCTGTTGCATTACGTTGAAGCCCTGCAAACCGAGCCGATGACCTCCGCAGAAATCTGCCGGGAAATCAAGCAGCACTTCCTCACGTTCAGCAACTACGAGCTTGCCGATGATACAACACTGATCTGCATCAAGGTCACCGGTTGAAGTATGTTTATTTTTCACGCAGCTCAATCACCAATCTGTCAATCAAACCCCGCCCTTACCGCACCATGCTGAAATTTTTGGACTGTGCTTTTTTCCGCAGTTGTGCTGCCCTAACGCTGCTGCTTTTTGGGGGAATGATAACTTTCCCCGGCTATACGAAAGCCGCCGACGGGCTGCATGCTGCGTCTTTTAACAGCAATTCTTTTGGGAGTGCGGACGACATCCGGCGGGCAACAGCAACCAGGCTTTTCGAACTTTCGCGCCTTGACGCATTCACCCGTAACAACACGTCCAGCATTCAGGAGATCCTGACCGATCTCATCGCAGATCAGCAGGATGAAACTTTTCGGGACGTCATTTTTGACGCCTTCCGGCAGGAGATTCTCGAAGAAGTGCTGAAACAGAGCCTGACCCGCAGCCTGCGTGAACCCGCAGCAACGGAGACCATCGCGCATTTGCGTGAGCCGGAAATACAGGCCCTCATGCAGCAGCTACACGACAACGACACCGATTTCAGTGATCCGGATACAGCGGAAGCCTTTGAAGCCTACCTGCTTGAAACCGAGCTTCATCCGGAGAAATTTGAAACCCGCATCAGCCTGCTCAGTGAAATCCTGCGCGTATCGCAGACAGCCCGCCTCACCGTGCAGACGCTTGAAGACTTTCTCACCATCATCATTTTTGCACTCAATCAGGCCAACCCGGAAGAGCAGCGGCTGAGTGACCGGGAAGTAAATGAACTCATAGTCTCGCTCCGGTCCAACTTCCGCCAGCTTTTTGACAACGTGCTGCTTTCTGTTGCCCTCTTTGCCACCCGCGACACAGACGAAGAAGTCCTTGGTAGGCACCTCCGTTTCCTCACTTCCGGGAGCGGTTCCTGGTACATCCGAACTTATAACAGCGCGGTGCTCAATGGTTTCGGCGAAATCAGTGAGCAGGTAGCCGCCGGACTCGCAGCATGGGCCATTGAACAGGCGGAAGAACCTGACGCTTTAGAGGATTAATATGTATCTTTAGTAATAGCCCGAACCCATTCTAAACGCGGATACATGTACGCATACCTTTCTCAGACGCTGCTGCTCACCTTTATGATTACCCTCCTCACTGTACCGGTAAACGCGCAGGAAACTCAGCATCCCCGTACCGTTCAGCAGGCCGTCATTACCCTGGCCGAAGAACTGAATGAGGAAACCCGGCAGCAGTACCGGGAAATGGAAGAAGAAGCATTTGTGGGATATGGGATCAGTTTATCTGATCTGGGCAGCACAATCATCAGCCGCTGGGAGCTGGGCGGACATAACACGCTGAGCTCGTTTTTCAACAATCAGGGATTGCATACCCCTACGGAAATGGCCGAAGTCATCCTTACCAGCCTGCATCGCTACCTCAACGGACGCCCCATGCGGCTACATGCTCAGATCCGGGAAATGCGGGCATTTTGGGAGGGGGAAGAGCCCTAAACCGACATAAAGCTGTAATAATGCGCACAAGCCAAACAAGCCAAAACAAAAACGAAGAAAGCAGTCGGGGTACCGGTATTGTGGTCATCTGTGTACTTCTCGTTTCAGTATGGCAGCTCATTCTGCTGATGCTTTTTCAGTTTGATCCGCAGGCTTTTTTACTTTCCGCAGTAACCGGTATGGCCATTGCCACCTCTGCGGGCTTTCTGGCGCTGTATTTCTCTGAGAAGCCACACCGCGTACAAGGCGTCACCATCGTAGTCCTGCTTGCGGGTTATCTTCAGGTCGTCACCCTGCCGCATGATCGTTTTGAGGCTCGTCCGCTCGATGAATTCCGGGCCGCGGCTGGTTTGCTGCTGCAACCCGAGGCCATACAGGCCGATATCCTTTTCCAGCGCCCGCGTGCTCCCTTTGCACTCGCCACCGCTGCCGTACACAAATATCAGGACGACCTTCCGGAGCACTCCTGGTTCGTTCGCTTCCATGATGACGCCGCCGATTCGGGTCACCTGATTAATATTCGCAGCAATATGGCTGCAAGCTCTCATCCCGCATTCCGCAATGCACGCATTATTGAGGACTTTCTGGT
CP027806.1_gap113	4095397	4099153	3756	CTGGGTAAAGGCTTGGTCATCATCATAGTGCGTGACGCCCGGGCTTCATACGGATGCTCCCCATAGTGCTGTTCCTAACCCGACCCGATGCCCGCTATTGCAAAAGTGTCTCTTATCAGGTTTCTGAACTGCGCTCCCGGATTATTCTGTCTGAACAGGTACCCGGTGTCTGCGAAAAACCAGCAAGTTTTCAATATACACTTAATTTTCACCAAATACGACGCACAATACAGACCTCGCAGAAAGAGAAAAAAACGCCCTCAAAAATTGCCTGCAACAAAACGTTACAGTTGGTAAATTGCGATGTCCATAACGCCGGGTATATTCAGTAATATTTCAGTTTTTAATTCCGGCATCATGCTTCATCTCACTTGCAGAGTGAGCATACAGTTGATGTACCTTCATACTTCCGTTCAGAAAAGGGGTTTTTCTGAACCGCATTTTTTGATCACCTGTCCATAATTTACTTTGTACCTATGCCTTCACCTGTCTCAAGAAAAACACTGACCGCACTTACTGTCACAGTACTTCTGTTCTTTTTCCCCGCAACTTTATTTGCGCAATGGGGCGAAAATCCGGATGAAAACCTGGTGATTTCCCTGAAAAACTTCGAATCCGTCCAACCCATTATTGCCATGAATCCGGCTGACGGCGGCGCCTACGTGAGCTGGTTTGAGCTTTCGGGTCTGGGCGGCTACCACGTTTTTTTGCAGCGCCTTGACGCTGCCGGAAACCTACTATGGGATTCCAACGGCATCCGGGTTGCCGCCCGGGGCTTTTCAAGCACACAGGATTACGGACTTTCAGTTGACGCGCAGGGCAACGCTGTTCTCTCTTTCAGAGACGACCGGCGGGGCAGCGTACGTGTTACAGCCGCCAAAATAAGCCCAGAAGGCACCGCTGTTTGGGGCGAACTTGGTATCGACGTCTCCGGCCCGGCCGACTTCTTAGCCTCGCCTGCCATTGCCGCAACTTCCGACGGCAGCTACGTTGTAGCCTACACCGGTGCTGGTCCGTCCTTCATTGTGAAGCTCGACGCCGATGGTGAAGTCGTATGGAGCCATCAGGAAACCGCCGGAGCCGCACTCGCTGTGTCTGACATTGTCGCTTCAGACGCCCCCGAAAGCAACGGCGAAGTTATCGTCCTTTTCCGGACCTTCGGCTCACCGGCAACACCGGGTCTCCTTTCGGCACAAAAATATGCCGCAGACGGCACCCGCATGTGGGGAGCATCACGGGTCGATATCATGGTCAGCGGCTCTCTCCAGCTTGGCAATTTCCCGGACATGCGGGCAGACGGAGCGGGCGGCATGATCGTGAGCTGGTACCAAAGTCAGCCCGCGCTTCAGACCTACCTGCAGCAGGTATTAGCCGACGGCAGCTTCCGCTTCCAGACAAACGGACTGCCCCTTTCCGCCAACACCATGCAGCTGCGCACCGACCCCGACTTTGTACACGATGAAGACAGCGACGACATATATGTTTTCTGGCGTGAAACAAGCGGCAACCAAAACCAATTTGGCCTGTACGGACAGCGTGTGAGCGGCACCGGCACACTTGAGTGGGGTGACAATGCCCGCACCATCATTCCGCTCAGCGGCACCAACGTCGGGAATATCCGGGCAGCGCTTATCGGCGGCGATCCGCTTGTAGCCTACATGACCTCTGCCGCCTTCGGTCAGGCTGATCTTCAGGCCGCAAGACTAGACAGCAACGGCGACTTTGTCTGGGATTTCCAAAATACGACACTTGCACCGGATGGCTCCGGCAAAAACCGCCTTCGGGTCGTCAGTGCCCAAAGCGACGAACTCTTTTTCGTTTGGGAAGACGAGCGCAGCGGCGTGCGCGGCATCTACGGACAAAACCTTCAGGCCGACGGCAGCCTTGGCCCCATTGACGAACCTGAGCCCGACCCGCTGCCCGAAGTCACCTTTCAGGTTGACATGAGCATCCAAAAACTAAAAGGCAACTTTGACCCCGCCCTTGAAGACCGGATTCACGTGCGCGGCACCTTCAATGACTGGTCTGTAAGCGACGAAAACGCCCTAAGTCCGGTATCGGATGATGTTCCCGGTATCTACAGTCTCACCCTTGCCATAGACGAAACCCCGGGCAGCCTCATCGCCTACAAATTCTATATTGAATCCGGCGATGGCCGCCCGCTGCCCAACGACGGTTGGGAAGGTGAAGTCGGTCCCGGCGAAAACGGAAACCGCGAATTCAACCTCGAACCCGACCTGATACTGCCGGTCGTATTCTTCAACAATGAAGACGAGCACGATACAAGCGCCGGAGAACACGAGTCACCGCACAGCTTTGTACTTTATCAGAACTACCCTAACCCGTTCAACCCCGGTACCATAATCGCCTACGAGCTGCCCGAAACCGCTGACGTTCGCCTTGAGCTCTACAACGCCGCCGGTCAGCGCGTAGCCGTTCTCGTAAACGGCACCCGCACTGCCGGTCAGCATCAGATCTACTTCGAAGCCGACGGACTCGCAAGCGGCCTGTACCTGTACAGGCTTCAGGCCGGCGATCAGGTACTCACCCGAAAAATGACGCTCATCAAATAAGCAATCCGCAAGTACGTGCAGCAAACAGCTTTGATCTCAGGTATACTGACCCGCGCTGCACAGCTATTCCTGTTTCTTTTTTTGGGGGAAACTCCGTGAACATCACTGTCAGCCGGGGCAGATCATAAACCCCAAACCTAAGATAAGCCCCTTGCTTTTTGGGGGAGCTGCAACAAAATCCCGTGGCTGATCACCAATCGCAACGGGAAACCCGGGGTACGAATACATCCACTCAAAAAAACAATCTGATCAACCAAAAAAGGCCCTCCGAAAGCGCCTTTTTTTGGTTGCAATAAAACCGGGGAACAGCCCGCCTGAGCTGTTTCGCAGTACAGCGTAACTACAAACACTGCACCAGCTGATAAAGCCGTGTGATGGTGAGATCCGGGGTAATATCCGAAACCCTTGCGTCATCCTTGCGCCATTTCAGCGAGCGCTGATCACCTGCAAAAAGCGCCGTTTTAAACCCAAAATGATGTGCGGGATAAATATCTTTCAGCATATCATTGCCAACAAACAGCACCTCCTCCGGCTTGATACCATAATGCGCATCGAATGCTGTTTTAAGCCGCTTGTGGAAATCCAGCGATGGTTTGCAAAGCCGCTCTTCATAGCTCCAGATACACAGGTTGATATCAAAGTAAGCCTGATCCGGCTCCGTTTCTATATGCGCCTCATAAATCATCGGTGTATAGAACTGAGAGTTTGAAAGGATTCCAAGCTTAAGTGATTTCCCCTCCAGCGCCTCAAGCGTGGACCTGAGATCGGGCATGGGCCAGGTGGGGTTGTTGCGCATTTCAAACTCAATGGTGAGCTCTTCGAGCAACTCCTGATCCGGGTTTTCGGGCAGTCCATCCGTACCGGAGCCGCGCAGCCGGCTAATAACATCACGCCAGACTTCCGTAATCTGCACCTCCGGATAGTCAACCCCCTCCGCTTTCATGGCCGCTTTATGATCGTGTATCACCTGTTTGTAAACCTGAACACCCTCATTGGCTTCGGGCTGTTCAGCAAGATCAGGGAACATGGTTTCAAAAGCCGCCTCGAATGCTACGGCCTCTTCATTTTTGGGATCATCGATGATGGTATCTCCCGTACCGGACATAAACATGGTTCCGTAAAAATCGAACGCAACGGCTTTTATACCGGGCAGTTTACGCAGCACGGGCGGGGTGTAAGTAGG
CP027806.1_gap114	4107749	4110459	2710	GCTCCGTCGCTTCGGCCAATTCCTTCCCATGGGATAGCCCCGAAATTTACGTCGATCAGAGTCCCATCTTCCGGGCCGACCGCGTTCGCACCCCGCTGCTGCTGCTGCACGGACTTTCCGACACCAACGTGCCGCCCTCGGAAAGCATGCAATTCTTCACCGCCCTCACCCTGCTCGGCGCCGACGTAGAGTATGTCACCATAGCCGATCAGGACCACCATATCGTGGACTACAACAAATTCATCCTCTGGAAAAACACCATCATCAGCTACTTCGACCGCTACCTGAAAGATCAGCCTGAGTGGTGGAATCATAAGTATCCGGATTGATGGATGGTAGAACAAGTTGGTTACACCCGGCTCGAGTTAACCATTTCCGCGCAAAGGCTGTGAATGCGGATGCCCACGGGAATAGTTAACTTATTCCGGAGTCAAACCAAAAACGAAGGGCTAAACAGCTGCTTTATGATGCCGCATCAGATTTCCCGAATAAGGATAACCGGATACAAATCCATCCAATCCTGCGACCTTGCGTTAGGAAAGCTCAATATTTTGATTGGCCCGAACGGTGCTGGCAAATCCAATTTTATCAGCTTTTTTCGGCTTCTCCGGCACCTTTTTAGCCATAATCTGCAGTTTTATGTTGGAAAGCAGGGCGGGCCCGACGCCCTGCTGCATTTTGGTCGTTCTGTAAGCCCGAATTTAGGTGGTCAGCTATTTTTCGAAGAACATTCTTACCGCTTTACCCTTGCCCCTACAGCTGACAACAAGCTTATCTTTTCAGAAGAAATCATCAGCCCGTTCAATGGAGACCAAGAGGTTGCTTTGGGTCATGCTGAAAGCATTTTTCCCGATCAAAAAGGTACGCAGGCCAACGGAAGCACGTCATTCATGCAGCAAATAAAGTACTGGCGCGTCTATCACTTTCACGATACAGGGGAGAATGCGCGGCTCAAACAACTTGGCAATCTGAACGACTACCGGGCACTGAGAGCCGACGGCTCAAACCTTGCAGCTTTTTTGTACTTTCTGAAAAATAAGTACCCTCAGCATTTTCATCGTATTCTCAAAACACTACAGCTTGTTGCTCCTTTTTTTGGAAACTTCCTTCTGGAGCCCAATCCTTATCATCCTGAAAAAATTGAGTTAGAGTGGCTTGAACAGGGAAACGATATCCCGTTTAAAGCACACATTCTATCAGACGGAACCCTCCGGTTCATTTGTCTGGCTACCCTGCTTTTACAGCCAGAAGAGCTCCAGCCGGAAACTATCCTAATTGACGAACCTGAACTCGGCCTGCATCCCTATGCCATACAAGTACTTGCGTCCATGCTGCGCTCAGTTTCCGTAAAAAAACAGCTCATCATTTCAACACAATCAACCGAACTGCTTAATCAGGTTGAATTAGAGCATGTGATCATCGCTGAGCGTAAAAACGGCTTGACGCACTTTTTTCGGCCTGACGCTAAGGATTTTGAAGAATGGATGGAAGAATATTCCCTCGGTGAACTTTGGCAAAAAAACCTCCTCGGCGGGAGACCCTGAAGGTGAAACGCGTCATCATTTTTTGTGAAGGTCAAACGGAGGAGACCTTCGTTCGGACCGTTTTAGCCCCTCACTTCCAGGGGCTTTCGATTTGGATCTACCCGGTATTGCTGAAAACAAGCTCGTCCGGGAGAGGGGGTGTTGTCACCTACGGGAAAATCAAACGCCAACTCATCCGCAAATGTAAGGAAGACCCCTCAGCATGGATTACGACCATGATTGATTTTTACGGTCTTCCGCAAGATTTCCCCATTTTTGAGCGATTTCAGCAACTTGCGGACACTATTAACGCTGCTGAAGCTGCTTTTGAGCAAGATATTGCCGCTCCGAACCTCATCGCAAATATCATTGTCCACGAGTTTGAAGGATTGCTCTTTAGCTCTCCCGATGCTTTCGCTGTTTTTACAGATGCCCCTGAAATACCTGCTCAGATTCAAAAGATCAGACAGCAATTTGACACCCCCGAAGAAATCGATGGCGGCCATGCAACAGCGCCGTCAAAAAGAATTTTGCAGCTATGGCGCGGCTATGATAAAGTTTTGTTTGGAAGCCTGATTGCCCTCGAAGCCGGCCTCGAAACCATCCGCGCCGCTTGCCCTCATTTTAACAGGTGGATAACCAAACTCGAAAACCTGTGATAATTTTATCCAAAAACAAAGCCCGCCCCCGAATATATGATCCGGAGGCGGGCTTTTTTATAGAGTGCTTGCTGAAGCGCCTTGTAGCGCAAATTCAGCTTGAAGTTACTTGATGAGGGTCATTTTCTCCGTACGCACCTGACCGTTGGTTTCCAGGCGGTAGAGATACACGCCTGATGACAGTCTTGAAGCGTCGAAAGTTACGGTGTGGAAACCGCTCGTCATTTGGGTGTTCACCAGCGTAGCAACGCGCTGACCCGCAACATTAAACACATCGAGACGAACGTCACCGCTTTGCGGCAGCCCGAAGGTGATGTTGGTTGTTGGGTTGAAGGGGTTCGGATAGTTCTGACGCAGCTCAACCGTAGTCGGAACATCCAGGGTTTCTTCGTCAACGTTCACGACGGGCGGGCTTAGGTCAAACTGTCCCACAAAGCGCGACGTTGTGCCGCTCGGAATGTTGTAACCCGGAAGATTTGGCAGCGGGTTCAGCTGCGCCGGTGCGGCTTCCTCTTCCGGCTCAAAGGT
CP027806.1_gap115	4119937	4122812	2875	AAAACCACCGGCAATAATACCGCCCAAACCAATAGATTTCTGTGATAATGGAATAAATGCACGTAAATCCGTAAAACTGAGTTAAATGATTACCTCAATTATACGAACATCAATTGATTTAAGTGCACTTAAATTTGGGGAGATTTCGAAGCCTTCAGACTTCACCATATCTGTTGTGCTTATATGAGCATATAGACGCAGGGCATTAAATCGGACTGTTCCGCTTGCTTATAAATTTGAATATCTATATTATAATAGAAGCCATCTTTGACTTTAGCTCATTTGAACATCACACCTTTAATATATTCCGATATGTACTATTATTTAAGTTCTGAGACAAAGAGCAAGCCGGCCATGCTGCTTATTGTTCTTATTTCCCTGATTGCGGTTTTCGGATTACTAAGCTGTCAGCAGGGGGCTGACCGCACCGCAGAAGCACCTGTGACGCCACATCCGCTTTTTGAAATTTTACCGGATGATGTTGAAGATCCGGAAGACAATATCCGCACCCCGGAACGTATTGATCTTGGCCACAAGCTCTTTTTTGAGCCCAAACTTTCCCGTTCCGGTATTATCAGCTGTAACTCCTGCCACGTAGTTGGTGCAGCCGGTGTTGATCACCGGGCCCGAGCTATTGGCGAAGGCGCGCAGGTTGGTCCGAGAAACTCGCCAACCGTATTTAATGCTGCTTTCCTGAAAGCGCAGTTTTGGGATGGCCGTGCTGCTACCCTCGAAGAGCAGGCCAAAGGCCCGATTCAGGCACACGTTGAAATGGACCTCACACCAGAAGAAGCCATCAACCGCCTTTACAATACCGGCTACATGCCGTATTTCGAAGCTGCTTTCCCGGATGAAGAAGAGCCGCTTACTTTTGAAAATCTTGCCAAAGCCATTGCAGCCTTTGAGCGAACCCTCCTCACACCGGGCTCACCATTTGACCATTATCTGGCCGGTAATTATGAAATCCTGAATGATCAGGAGCTTCGCGGTCTTTCGCTCTTCCAGGACGCAGGTTGCGCGAGCTGTCACCACGGTCCGCTGCTCGGCGGCAACTTGTTCATGGAATTCTCCCACCTCGGTGGCGAAGATGTCGGCCGCGGTGCCATTACCGGCTACCCCGGCGATCAGTTCGTGTTCCGCGTAGCACCGCTTCGCAATGTTGCCCTTACCTATCCTTACTTCCATGACGGAAGCGTAGCAACCCTCGAAGAAGCCGTTTCCATTATGGGTCACGCACAGTTAAACCGTGACTTGAATGAGCAGGAAGTTGACGATATCGTAGCATTCCTCAACACCTTAACCGGTGAATTCCCGATGATTGCACATCCAAGCCTGCCGCGCAACCCGCCCGCACAGCGAAGATAAACCTGAGTATAATTCATTGTAGTTAGTAGCAAAGTTAGTGATAATGAAAACCCGCATGGTTTTCTCCAGAAAGCCCGGTTTAGTCGCCGGGCTTTTTCTTTTTGACCATATGTGCGGGTATTTTTAAACCCTAGTAAAATTTTTCTTAATTTGGGCGTTGTATCCTGCAACTCTAAGCAATACTTCCGGTACAAAATGTACCTGAGACCTAAGCCTACCTTTTTTTCTTTCCTACCTCAAACCAAACCTACATTCGTTATGAATAAGCTTTACATCCCCGCCCTTTTTCTTAGTCTGATGCTGATTGCAGGCGCCTGCGGTTCATCAAGCAGCAGCTCCATCACCAATGTTGTTGTGCCCGAATGGATTCTGAACACCCCGGTCGATGATGATTATTTTTTCGGTACCGGTAATACGACTTCCCGTGACATGAGTCTTGCTGTGACTAAATCCGCAACAGAAGCAAGAATTGAGATTGCACAGCAAATTGAAGTTAAAATGAGTGGTATGCAGCGCCGCTTTCAGGAAGAAGTGGGCCTGGGTGAAAATTCAGAACTGCTCGATCAGTTTACTAACGCCTATAAGGCGGTCGCTGATGAAACCCTGGTAGGTTCACGGATCATCAATCAGGAAATTCGTCAGGAAGGCAGCATTTACCGCGCGTTTGTGCTGGTTGAAATGCCCGTTGGCGCGGCAAGTGAAGCCATGATGCAGCGGCTTCGTGAAAACGAAAACCTCTACACCCGCTTCCGGGCTACCGAAGCCTTCCGCGACCTTGAGCGCGAACTTGAAGAGTACCGCGATCAGAGAAACCGCCCCTAAACGCAAGGCTGATCTTTATTTAGCTCAGTAGCTTTTCCAACTCTGCTTTCAAAGCCCGGACGCCGGATTCTTTCCCGACTCCGGGCTTTTTTTATTCCCATAACTTCCGCTACTATGAATTACTACTACCGTCCAACTATTCTTCTATGCATTGCGCTGATTGTATGTTTTCTACCTTTGCAGGCTTCCGCACAGGATGCCGACTATCAGCAATGGCTGCGGCAGCAACAACAGGCCTTTGATGATTTTGTGAGCGACCAAAACCGCCGCTTTGCCGAATTTTTGCGGCAGGACTGGGCGCGCTTTGAACAGCAAACCGCTGCAGCTGCGCCTGACCCTACCCCAAAGCCAACCGAAGCGCCCGTCGCCCCGGAATCTGAACCTGAGCCGGCACCCGAGCCCGAGCCACAGCCAATTCCTGATGCTGATCCCGTACCCATATCCGAACCGGAACCGGATCCCGAAACCGATCCAACACCTGAACCTGAACCTAAACCTGAACCTGAACCTGAACCTGAGCCTCAACCCCCTGTCCCGCCTCTGCCACCGGCACCGCCTGCTCAGGAGCCGCTGCCGCCTTCCGAACCTTTGCTCCCGCCAGGCTCAACTTTTGAATGGCACTACTATCAGGCCCCGCTGCCCGATTTCACCCCGCCCACCCGTTTCAGGCTATCGCGACTAAACAGCG
CP027806.1_gap116	4125469	4126009	540	CTGCTCCAGCGACTGTTGTGATTCCTGAAAAAAACCTATCTCTGCCCTCAAGGGCTGCCCGGCAATGCGCTGTCCCGGAATCCAGATACCGGTCAGGCTGAACCGCTCACTACGGTAATAATCAAAATAATCTGCATTTCCGATGAGGGTATTGAGGCTGGCAAAGGTGAAATTGTATTGCCCGGGATTAATTCGCGCACGTGTGTCCGCGTCATAGGTTAAGCGCAACCCCAGGCGGCGTTCAAGCTGCGGTACCCTGTAAAGCACCGATCCGCCCCAGGACCAGGTTTCAGTACCGGTACCGTATCCCAGGAGCGCCTCAATACGAAGCCCGGGCGTGATATCGAAACGCGGGTTCAGACCCGCATAAAAGGTTTCAGCACGGTTGAAGCGAAGCTGCGGCCGGTAACTTACCGATCTGCGGAACTCCCGCTGCGTCGGCGGACCGGTTTGCACAGCGCCCTCTCCTGCGATCCGGGCGAGAAAGCCGCTTGGCTGAAACGCGTCAGAGATGGTTTGGGTAGAGTCGATGGTTTCATA
CP027806.1_gap117	4181377	4184514	3137	CTGATAGGTACGAATAACAAAACCCTCTTCATGCTTTGCAACCGACCACAGCGACTGACCGTCGAGATTTCCATCGCAGATGGACGGAAGATCATTCAGAAAGGAAAGATCACCGGGTAAAGATTCATGCACATGAATATGGACATCATGCCTTTGCTCCGGTTCAATCAGATAAGGCTGCAGGCAGTTTCCAGGCTCCCGCTGCATGCGGCCTTCCGCTGTAAGTTTATAAACCACATCCGCTACTCTAAAAAAATGCATACCCAAAAATTGATCCCGTCTTTTTGTTTTTGTTTCTTTAGTTTTAGTACCTATTGTGTTTGCGCTGCCAATATAACACCTTCCTAAACTGAAAGCCTGCTTAAATGCCCGATCTCGCTATGCTATGCCATTATTTTTTAAGACGAGGTAAAACAGATTTGTTTATATTGCGAAATTACTTAATTAGTTCAGCCTTACCTGCAACAAAACCTCCAATTTTTGAAGTATGAGCCACCCTAAAATTAGTGATATTATTAAGCAAAGGCCGAACTTTGCGTCTGAGCCCGTAAATGGTGAACGAATACTCGTGCCGGTTCGGGGGCGGATGGCCGAATTCAATACCATGCTAACCCTTAACCCTTCAGCTTCTGTACTTTGGGAAGCTATCAATGAACAGACAACTATTGAATCGCTTGTTGAAGCACTTACCAATAAGTATGAGGTAGATCGCGAAACAGCCCGTGCCGATGTAAATGAGTTTATTGATGAACTTCATACCTTTATGACAAGCGTTCCAAATTAATTTGTTCTGTTTCATTGCTGCAACCGTATGTTCGCACACCATTCTAAATTTTTCGGACGTATTTTCAGAGGCCAATCCCTATGGATTGGCCTTGTTTTTTGGGGATGCTGTACTTTCATTTTATCCACGGCAGGTTCTGTAGCATGGGGACAGGGACTACATGCTACTTCCCATCAAGCTTCCGGTTTTTGGCAAACCATCATCGCCCAAGCAGGACTTAAGGACGACGCACATCCGGCGAATAAACCTTTGGAATACAGGCCCCGTTGCTTTACGGCAACCCTCACTGCTGCCCACAGAGGAGAACATCCGCACGTAAAGCAGATTCCGAATCCGCTCCGTGAACAGCTCAACTTTGCCGGCGAAAACAGCTATCAGTCGCCCGGCGGCGGATTTATAATCTGGTACGATCTCAGCGGCGAACATGCCGTGCCGCCTCAGGATGAATCCGGAACCGGCATACCCGACTGGATTGAGCACATCGCCCTCGCTGCCGATTCCGCACAAACCTACTTCAGCAGCCTTGGCTTCCACGACCCGGTAAGCGCACAGCCCTACAACATCTACCTGCGCAACCTCGGCTTTTACGGCTTTACGAGCATTCAGGAAAGCGAGCCCTTCAGCGTAATCGACACAACTTTCGACTGGATTTCCGGCAACGATGCCGACGATCCGCAGGCCGGGGCTGCCCGCGTAACCGTTGCGCACGAGCTCTATCACGCCATTCAGTTCCGCTACAACAACTGGAGCGGTCCGACCGGCGCTACAGCCTGGCTCGAAATGGACGCCCTCAGCGCCGAGCATCAGGTCTTTCCGGAAGTCCGCGAATACCTGCACTTTATCGGAGATGACTCCATCTTCCGGCTTCCAGGTCAGGGCACGCCCGTCGCTTACGCCCATGCCACCTGGATACTGTACTTTCTGGAAGCCGTTTCCCCCGACTTCATGCGCCACGTCTGGGAACGCATTGCGCTGCAACCCGACAGCACAATGGAAGCCGCGATCGCCGCAGAACTTGAAAGCCGCGGCCTCGACTACACGACTGAAATCACCCGCCTGCATTTGTGGCATCTCGCCTCGGGGAGCTGGAGTCAGCCCGGCTTCGGCTTCGCGGATGCGGCCCGCTACCCCACTTCCTTCAAACGCAGTCAGCGCAGCACCCTGCCCGATGCCCCCTACCCGCTCTGGAACATCGCCCCAAACGCGGCAAGCTACTACGCGCTTGTACCCCAGCATTCCCCCGAGGGGACCGCGCTCGCAGCCTTCTTCGCTGACCGCCCCCAAAGCGGGTGGGGACTCATAGCCTACTTTGGTGACGGCGGGGTCGAAACCTACCTGCCCGAACGTGCGCATGGTTTGCAGCCGGTACTTGCCAACCCCGGCTGGGATTGGGGTGCCATCGAGCGGCTCGGGATGGTTGTCATCAACAGCGATCCGGCACAAACAGCCATACATCAGCTGTTATTGGGCAGTGAAGACAGCATAGAGCAGATCCGCTACGGCGATGTAACCGGCACAGGCTTCATTTCCGAATCCGATGCCCTCCGCGTACTCGAGGAAGTGAGCGGAGCCTCCGAAACTCGTCTCGGCTTTGCGCAGGCCTACGCCGCAGAAGTAAACGGCAGCGGCATCCTCTCCGCCTTCGACGCCGGACGCATCTACCGGCGCTCCTCCGGCTTCAGCATGCCCTTCCCCGCCGACCTCAACGAAACCGGCTTCGGTCCTGACCTGCCCCGCTTTTTCCCTGGCAAAGATCCTGCCGGGGCTTCGTTAACGCAGCATTCAGGGGGGGCTTTTTTATCGATGGATGGCATCACGCCCTCATCCGGCAGCGTAGATGATATTACCATCAGCCTGACCGGCGAACCACTCTACCGCGGACAGGAAGCCCAGGTTGATATTGTGGTAAGCGGACTTCCGGAACCGGCCCTGTCGGCCGAGCTTACCTTCTTTTACCCCGCCAACCTGCTGCAATTCACCGGCATCATTGCCGGGAACTCCGGTTTCGGGGAGCTGCTGCAGGCATGGCATCAGCCCGAGCCCGGCATGGTACAGCTGGCCTGGGCATCGAATCAGTTCACCGGTGACGGCCTCATCGGCAGCCTCGTTTTTCAGATTGAAGAAGCGGGCATTGCCGAAATATTTCCGGCACAGGCCATCATAAATGAAATCGAAGGTACATACGAGCTGCTGCCCTTCAGCTTCGAAGCCGACCCCAACGATCCGGTCAGCCTCCCGCCGGCAACCACCGAACAGCCGGCTTCCTTCGCCCTGCTTCCACCCTGGCCCAACCCCTTCAACCCCGGCACCAACATCCGCTTTGACCTTCCGGAAACCACGGAAGTAAGCCTAC
CP027806.1_gap118	4187229	4190724	3495	GAACTCATCGCCCTGCTCGAGCAGCTGCTCCGTAACGTGAGCTGGCAGGAAGCTCTCGCCCGGGCCGTCGCCCTGATCACCGAAGGCAGCTGGATCAGCGATTTCCCCGAGCGCTGGCAGCAGCAGCAACAAACGCAGCTCTGGCCCACACAGCGGCAGGCCATCGCACAGGCGCTGTACCTGCTCGAACGACAGGGCAGCGTGCTGGTCGCCGACCCCACCGGTTCCGGCAAAACCCGCATGGGCGCGCACCTGCTCGAAGCCCTGCTCAACCGCCTCTGGTTCCGGAGCCGGCAGCGGGGCCTGCAATATCAGATCATCTGCCCGCCCCTGGTCACCGATACCTGGGTGCGCGAGCTGAGCACCCTCGAAAGCACCATAGCGGAGCCGGTTTCACACGGCATGCTCAGCAGCAACGATCCCGTGAACCGCGAAACAACCCTCGGCAAAATCAGGCGCGCCAACATTCTGGTGGTGGATGAAGCACACAACTACCTCAACAAAACCTCGACCCGCAGTCAGAATATCGTGCTGAACCGTGCCGATCACATGATGCTCTTCACCGCTACGCCCCTGAACCGCCGCGCCGACGACCTGCTGCGCCTGGTCGAAATTCTCGGGCTCGACAACCTCAGCGAGGAAGCCTGGCAAACCTACAGTGCGCTGCAAAAAAGCCGCGATCAGCGCTCGCAGCAGGCCCTCGACCGCCTGCGCACCTACGTGCATCAGTTCATGGTCCGCCGCACCAAACGCGAGCTGAACGAAGCCATCAGCCGCAACCCCGACGCCTACCGGGATGCCCATGGTGCCCTCTGCCGCTATCCCAAAAGCATTTCCAAAACGTACAAAACCGGCGAAACCGCAGACGACATCCGCCTTGCCGGTGAAATCGAGGTCCTTATGGCGAGCCTCAAAGGCATCCCCTTTCTCACCAACCTGAGCGCGGAACCCTTCGACCTCGAAAGCACCGAACGACAGGAACAGTTCCTGCAAAAACGGCTGCGTGCGGCACCGGCCCTCATGCAGTGGAACTTGCGCAACATGCTGCGCTCAAGCCGGGCGGCCCTCATCGAACACCTGCTCGGCACCAAAGCCGCCATGCGCAAATTCGGCCTGAAGGACTTTAAAAATCAAAATACCGGCAATATCCTGAAAAAAGTACGGAGTTTGCGTCAGACGCCACCGCAGCACAACCTCCGCATTGCCATACCGGACTGGATTCAGCAGCCCGACCTCTGGGCGAAAACCTGCCGGGAGGAAGCCGAAATACTCGAGCGCATAGCCGACATAGCCCTCCAAATCAGCGACAGCCGCGAAAGCCGCAAGGCACAGCAGCTCGCAGAACTGATTGACCGGCACGGCATGATGCTCGCTTTCGACTCCGCCCTCATCACCCTGCAGCTCATCAAACAGAAACTCAACGCGCTCGGCTACGCCCGCAAAAGCATGATTGTGACCGGCAGCACGGGCAAGACCAAGAAAATCCTCAAACGAAACTTCGCGCTCGATGCCAAAGACATCCAAATGGCCGCCCTGTGCAGCGATGCCCTTTCCGAAGGCGTGAACCTGCAGCGCGCCTCGGCCGTCCTCTTCCTCGACATGCCCTCCGTCATCCGCATTGCCGAACAGCGCATCGGTCGCGTGGACCGCATGGACAGCCCGCACCGCGAGGTCACCGTGTACTGGCCCGACGACGCCCCCGTGTTCCGGCTGCGCACCGACCGCAGCTTCTTCTTCCGCCATCAGCTCGTGCATGAGCTCATCGGCAGCAACATTACCCCACCGGAAAAGCTGTTAGACGAATACAGCCGCGACAGCGAAGAGACCCTCGATGCCGAAACCCTCATCCACAGCTTTGAGGAAAATCAGCGCACAGAACAATCTTGGGAAGGCTTCGAAGACGCCTTTACCCTCATCCGGCGGCTCGTTAGCGGGGAGCGGCCGCTCATCGGGGCCGACATTTTCGAACAGGCCCGGAAAGCCCCGCTCAGCGACGGTCCGTGGATCAGCATCGTCGAAACCACGCGCCCCTTCCTTTTCATGGCCGTGCGCGGGAGTCAGCAAACCGCCCCCTACTGGCTGCTGCGCCGCAAGTCCGAGAAGTCCGCCGCGGATTCCGAATCCGGAACCACACGCTCAGCCGATCCGGGCGGCTGGCTGGAGACCGAACAGGACCTGAATCAGATTGCGCCCTTCCTCCGCAAGGTGCTGCCCGAAAGCAGCCCGGCTGACTACGACCAAGCCGCGGAGCGCCTGCTGGCCGAAAACATCGCCTGGCTCGACACGCACGAACGCGAAACCCTGCCCAACAAAAAGCGCAACGCCCTCACACAGCTCGAAACCCTCGTCAAAAAATGGGACCGCATGCTCTCCAAAGGCCGGATCTCCGCTCAAGCCCGGCCCATGCCGACCGACACCGCCGCTTCAATACCTGATCCGAACCCCACTCCGGATCAGCCGACCAAGGCCGATACGCCACATACCGCCTCCCCCAAAAAGAAGCAAAAACAGACCATTATCGTTGATGAAGACTTCAGCCGACAGGTCAGAAAACTCCGGCGCCTGTTCGACCACAAGCCCGCCGCACAGGCCGCTTCCCTGCTGAAAGCCGCCTCCGGCACAGCGCCCGACACCGGTTTCAGCACGGATACGGCCCAAACCGAGCAACCCGACTGGTACGAACTCGCCAACCGCTGGCTCGACCTCGCGCAGCCGCGCCTCATCGAATGGCTCGAAAACGAGCGCCGCCGCCGCAAATACCGCGAAATCCGCCTCAGCAACATCACCCCGCACCTCACCGAAAACCCGCCCACAGCCGCACAACTCCGCACCCTCACCGAACAACTCCCCCGCGTAGAACCCGCCCGAAACCGCATCATAGCCGTCATCGCAGGCCGCCTCCCAAGGCCCCAAAAGCCGCTTATGACAGATGATTGAGATGGAGACTGAATAGTGGAAAAGGCAAAAAAAAAGCAGCTGCCTTATTCAGACAACTGCTATCAATGAAAACCATCACTCAGATTACTCTGCAGTCAAAGCCTGCCACTCTTCTGTCGATACCATGAAGATGAAAACTTCATCTTCGCCAAGTTCAAGATTTACCGGTATGATATTATTGGCACGAAGTGCTTCCATGTGCGCCGTCAGATCCTCAGGCGAAAGTGAGTATGCAGCACCTGAAGCAAGATCAACAACTACACCAAGCAGACCCCAAGAGAACAAGTTACCAACGATTGTTGTCGCAAAATCAAAGTTTCTTGTAATCTCAAATGTTACGCTCTCATAGCCGTCTCTGGTAAACTCAACCTGATGATTGCTATTTCTCTGCAAAGATAAGGTCTGAGGTGTAACACCCCGATTAACACCATTTATTGTAATTGTAGCACCAGCAGGGTTAGAGTTAAGATTTATGTCTCTTGTCGAGCCTTTAAAAATTGTGCCACAACCAATCATTGTTACAGCAAAAAATAAAATAAGTACTGAGTTAATTAGCTT
CP027806.1_gap119	4202638	4203285	647	TGCTTAAAAGCGTGTTCGTTTTTGGGGTTGTGCTTCGTCGAATATGGAGAAACTTATACAACTTCGGTTAAATACGTTTGCAAGCTTGCTACCTTGTTCAATTACATCCTTAAAGAACCCTATAATCCCCAAAAACACCGCACTGCCCCAATCCCCGCCGTGCTCTCGTTTCATTTTTCCTACAAGTCCTTGTTCAATAGGTCCATTGCCTCTGTTTCCGGGTTTTCCATATACTGCCGTAAAGTAAATTCGGGTGCAGCTTGTACCGGAATGCAGGCTTTGGTTTGCAGGCCCGCATCCCACCTCCCTTTCTTCAGGCCAACCGTTTGTTAATCGCCCTTTTATCGCGAGTGCGGGTTGTTCTTCTAAAGGAGCAAACAATTAAGCCGCGAGTGCACGGGGTCAAAAAAGCTTTGGCAACTCAGCGGCGCGGCAGCGTATTTGAGTGTAAGCAACCAAACAGCACACTTTAGCATTTAAAATTTAGGTACCAATACTTCACCACCCGAGGCAAGGGTTCTTATCAATTGCGTTAGCTGATTGCCATTAGGAAGTGATACATACACATGTGGAAAGGTTTCCTGCTCGTATTTCCCCCTTTTGTATGACAGCCTGCCATCGGGAGCGTAAAGCACATTAGAATGATA
CP027806.1_gap120	4214069	4216623	2554	CGGATAATTACGGGCTGTACGGGAGTCTTCGGCGTAGGTAAAGCTCAAATCCACAAAATAGCCCCAGTCGTTTCTGCGGCCCTCCAGCCGAAAACCGCCGGAAAACGCCTGATCCAGCGAGAGAAAATCTCCAAGTCCAAGGTCAAAAGTCTCGGTGATATTCAGGACCGTCACTTCCGACTCCATGCTGAACGGAATGTGGAGGTTAGGGGAAACGGTAAACTGCCAGGTGCCGGCATGTTGTGCGCGGGCCGTGTGTGTAAATGCTGCGCTTAAGCATAGCAGGAATAAGGTGACTGAAGCAAGGCGGGTAAATAGTTTTTTCATGTGAAGCGTCTGTTAGATGATCATTGGTAAGAGGTCAAATATAAACTGATGTTTGGGAATAAACCGAAGAAAAAACAGTTCCTATCATTCCCCCTGATTCTGTAGTTCCTGCCCTTATCGTCCTGATGGATATCGGCTGACTCTGAAGACAGATTCTGCCTGATCTCACAACATCACGCTTCAAAAATAACCACTATTTCCGCGGCACGGCCTTCCCCAATACCCGCGACGGCCCAGTTGAAGACATTGTTGGCCGCGTGCAGCACGCGCTCGGTCGTGCCGGCCCGCATCATGGTGAGGGCCAGCTCGGTGCCCGGAAAGTAGCGGTCGCCCCAGCTGTTGATATCCGTGGGCCGGTAGTAGATGTCAAAGACAAGGGTGCCGTTTTCCACCGTTCGGGTGAAGTCGGCTTTGTAGGTTTCATCACGCAGCGGGTTCGGGCTTTCGGAAGCCTGTTCCGGTAAAATGGCGAAATGGTAGCCCGGACCTTCAAAACCCGTTGCATTCGGCCCGTGCAGACCGGTTTGTCTCGGACCGCCGCCCAGCAGCGTAAACGCCTGACCTTCTTCGGAAGCAGGCAAATGCCTGAATTCAAGTCTCAAAAATGCCATGCCTTCCGGCAGCTCTTCCCCGGAAAGCGTTCGCGTCTACAGCACATCATCCTGAAAAGATTCCCCAAGAAAAACAAGCCCCGTGCTTCGGATGTCCACATCCGGCGCCCGAGCCGGTAAAAAGCGCATCCCCAAAAACAGCAGCGCACAGGCCGCGACCACAATTGAAATAAAGTACCCTCTAATCAAATTTTCGGCTTTACCGACAAGTTGGATTCAAATTGGTTTTTCACCTTTTCCGAAAATAGCAAAAGAACGCCCGCGAAACTGCCTAATAAAAACAAGGCGGCTGCCCCAAAACCGGATCAGCCGCCTTGCGGAACAGATGACATCAGCCTGAGAGGCTGTTTACTGCGAATCAGGCTTCCAGATCAAAGCGATCAGCATTCATCACCTTAACCCAGGCTTTGATGAAGTCCGATACGAATTTCTCTTTGTTGTCATCCTGCGCATAAAACTCGGCATAGGCGCGGAGGATGGAGTTGGAGCCAAACACCAGATCGGCCCGGGTAGCGGTCCATTTGGTTTCGTTGGTTTTGCGGTCGAGTACGAGGTACAGGTTCTCGCCATGCGGGCGCCAGTTGTACTTCATATCCGTGAGGTTCACGAAGAAGTCGTTGGTGAGCAGCCCTTCGTTGTCGGTGAAAACGCCGTGCTTGGTTCCGCCGTAGTTGGTGCCGAGCACGCGCATGCCGCCCACGAGTACCGTCATTTCAGCAGCGGTGAGGCCTAGCAGCTGTGCTTTGTCGAGCAGCAGTTCTTCGGTTTTGGCAGCGTAGATTTTCTTCTGCCAGTTTCTGAATCCGTCATGCACCGGCTCCAGGTATTCGAAGGACTCTTCATCCGTCATTTCAGCAGTCGCGTCGCCGCGACCCGGCATGAAGGGCACCGTCACATCAAAACCGGCGTCGCGCGCGGCTTTTTCCACTGCAGCGGATCCGCCCAGCACGATTAGGTCGGCTATGCTCACTTTCTTGTCGAGGCTGGCCTGCACCTGTTCGAGTGTGGAAAGTACTTTTTTGAGACGCTCAGGCTCGTTGCCTTCCCAGTCAATTTGCGGGGCAAGACGAATTCTTGCGCCGTTGGCACCGCCCCGGTAGTCAGAACCGCGGTAAGTTCTCGCGCTGTCCCAGGCGGTCGTGATGAGCTCGGTCTGGCTTAGGCCGCAGTTGAGCAGCGTATTCTTCAGGGTTTCGATCTCGGAATTGGTCAGGGTGTAATCCACCGCAGGGATGGGATCCTGCCAGATGAGGTCTTCCTGCGGCACATCGGGGCCGAGGTAGCGGCTCTTCGGACCAAGATCACGGTGCGTGAGCTTGAACCAGGCGCGGGCAAAAACATCTTCGAAATACGCGGGATCTTTGTAGAAGCGCTCGGAAATCTCTCTGTAGGCCGGATCCATTTTCATGGCCATGTCGGCGTCAGTCATGATAGGATTTCTGCGGACCCCCTTGATGTGCGCGTCAAAAGGTTTGTCTTCTTCCTTACAGTTGATGGGCTCCCACTGCCACGCACCGGCCGGGCTCTTGGTCAGCTCCCACTCATAGTTGAGCAGCAGGTGGAAATAGGTGTGATTCCAGCGGTCCGGGGTTGTCGTCCATGCGCCTTCGATACCG
CP027806.1_gap121	4239841	4243218	3377	TTCATCTTCGGCCTGAAAGGTGCGCACATTGTAATGCTTCAACTTGGAAAGTCCGTGCAGGATTTCAGAGGCCGGGGTGATGGGGTAAGTGCCTAAAAACAGCTGCAAGCCCGATTTATCTGCGGCAGCGGCAAGACCGATGACCGTTGCTTCATTTCCGGTGATGTTGCGGTAAGTGCCCGGTTTAATTTGCGCGGCCTGTACCGAAAAGCGCTCGCTGAAGAGCTCCGTTGCGCCGCCGTAGGCATAACCGGCTTTCAGAGCCAGCACGTTGGCCTGCGCAATTTCAGGCTTACGGCTGAATTTCTTTTCGATGAAGTTTTCCGTAGGCTTAATCTCGCGGCTGAAGAGCCAGTAAATAACGCCGAGCACAAACATGTTTTTGCAGCGGTCAACATCTTTGGGCGGCAAACCTGTATCAGCAAGCGCCGCACGGGTGAGCTTGGTGACATCAAGCTGAATGAGGCCGTAGCCGGAGGTCTGAATCTGTTCGAGCGGCTTGTCTTCCGGACCGTACTTCGCCAGGCTGAGGTCCCGCTTCCCGAAGCCATCTACATTGGCGATAATGATTCCGCCGGCTTTCAGGTATTTGAGGTTGGCCTTCAGCGCGGCGGCGTTCATCACCACAAGTACATCGCAGCTGTCGCCGGGGGTGTGAATGGCCTTGCTGCCGAAATGAATCTGAAAACCGGAAACGCCGGCTACCGTACCCTGCGGCGCACGAATCTCGGCAGGAAAATCAGGCAGGGTGCTCAGGTCGTTGCCGGCGAGGGCGGTTGTGTTGGTGAACTGCGATCCGGTAAGCTGCATCCCGTCGCCGGAGTCGCCGGCAAAACGGATGGTTACGTCGTCTTTCTCAATAATTTTAATGGACATGCGGAAAGAATAGAAACTAAATCAAATGATAATTGGGCGGCATACATAAAAAGCCCTGTGTTTCAAACAAATAGCTGGTTAAAATCACTTCATCCGGCACAGAAAATTCTTCGGCAATAGCGCGACCGTACCGGACAGAAGCTTAAAAAACAACTTTGTAATCTAAGTATAATATTCGAATTTATCTTCACCCTAAACATGCGGCGCAAAGCTGCCTGTGCACCGCAGGCCGCCGCTCAGATTATCCCCAAAATTTCCTTTTCAGCTATGAGTACATCTTACAATCCGCAAACCATTGCCATTATCGGCGCCGGAAAAATTGGCGAGGCGATGATCGAAGCCATGATCGACGCCCGCTTTTTTAAGCCGGAACAGATTCTGGTCAGCGCCCGCCGCAGCAAACGTATCGAACAGCTTGAAGAAGCCTATGGTGTACGCGGGGTGAGCAACAAGGAGGCCGCAGCACAGGCCGATGTGAGCGTGATCGCTGTGAAACCGCAGCTCGCGGGGCAGGTGCTGCCCGAACTCGCCCCGGCACTTGGGCCCGACAAGCTCCTGATTTCCGTAATGGCGGGCACAACCCTCAAACAGCTCTCGGACTGGAGCGGACGCAACTGCCCGGTCATCCGCGCCATGCCCAACACCCCGCTGCGTATCCGAAAAGGTATGACAGCCCTCTGCGGCTCGGCGCTCGCGGAAGAGCATCACCTCGGCTTCTCGCAGGCCATGTTCAATACCGCGGGCCGCACACAGATTATGGATGAAAAACTCTTCGACGCCGTCACAGGCCTAAGTGCAAGCGGTCCGGCCTTCATCTATATTATGATTGAGGCGCTCGCGGAAGGGGGCGTAAAATCCGGCATCCCCCGAAACCTCGCGACCGAACTTGCGGCGCAGGCCTGTCTCGGCTCAGCCTCCATGGTGCTGGAAACCGGCAAACACCCCGCCATGCTCAAAGATGAGGTCACTACTCCGGCCGGCTGTACCATCGACGGCATCCTGAAACTCGAAGAAGGCGGCATCCGCGTCACCCTCATCAAAGCCGTCGAAGAAGCCGCCCGCCGCGCGAAGGAGCTCGGCTGAGGAAGCCCCGAAAAACAACGCAACAGAAATAAAGCCCTGACCCGGCACCCCGCCATTTCAGGGCTTTATTTTTGGGGGGGGAATCCCGTGCACCTCACTGGCACCGGAGTAGCTCTGAAACCCCAAACCCAACGGAAAGTCCGTGGTTTTTGGACCGTCGGGGCGCACCCTTGTGATCGCCCTTCGAAGGAGGGAATCAGTCCCATATTCGCGACCGGGCCTGTTCTGCGCCCCACGTTTTTGAACAGGATTTGTAAGATTCACAGGATAAACAAGATGAAACCAGACAATACACGAATCCTTGTTGTTCAAATCGAAACCGGTAGGGACGCAAAACCTTGGGTCCCTACTCACGTCGGGTTTGTCACGGGCTGACGCCCGGCCCCGCCTGCGCGCCTTCGGCGCTCGCGAGGAATGGGGGGGGGCGACATCCGATTGCTACAAAAATGCCACTCCTTCGGAGTTGGTTCGTGATTGATATCAGCTACATAACTGATTACAGAGCACAAATTATTTTGGGGTGGCGGATTTGCGCGAATGTGGATGTGCCGAAAAAAATGAATAACCGCAGCGCCCCAGCCCTGAAAGGGCGACATACCACAGCACAGGATGCCAACCCTGTGTCAGGCAGCAACCCACGAAAGCAAGCCATGCAAGGGCGACATATCTTCGATGCAGGTACAGCCCGGAAGTCAGGCCGTTCCAAGCCAGGGCGTATTTCCAAAACGGTAGCCTGCCCTGTAGGGGCAGCCTGTGGGTAGAAAACCGAGCCGCCATCAAAAAACAGCGTGCCGTAGGTACGCCCTGTGCATGCCCATGCTTGTTTGGTATGCGAAGCGTGACGTGCAACGCGGCGTTACGTCTCCGATGGGCGCATCTTGCCTGCCGCATTGCGGATATTTCACGAGATGTAGGTTGCATTGGGTTTGCCACGGGCTGTACGCCCGGCCCCGCGCTCGCGCCTTCAGCGCTCGCGGGGAATGGGGGGGGCGGCATCCGATTGCTACAATAATGCCACTCCTTCGGAGTTGGTTCGTGATTGATATCAGCCTGATAACTGATTACAGAACACAAAATATTTTGGGATGGCGGATTTGCGCGCCTTCGGCGCTTGCGGGGAATGGGGGTGGGACGACGTTTTTCTACGAAGATTTCACCGCTACGCGGCTGGTCGCCGGCACAAGTTTCGGGGCATGATAAAACCCGGTGCCATCCACTCCATCTTGTTCATCCTGTAAATCCTACAAATCCTGTTCAAAAAAAACGGGACGCGCAGGATAACCGCGGTCGTGATTCCGGGATTGATTCCGGATTCCGTGGGGCGACCACGAGGGTGCGCCCCTACGGTTACGGGGCTGCCTCGTTCGCGATTCGGGGATTGTCCGGGCGTTTGGATGCAGGCTGGAGCGGCGTCGGTT
CP027806.1_gap122	4273273	4277430	4157	AAGAAAAAGAAGTAGTGGAAGTCGGGGATACGGTTATATATCAAGAGAAATCAGAGCGTAGCAAGAATATGGAAGTGACCATAACAATCAATAATACTAATGATAAGAAAAAACTGATTGCAAGGAAGGCACCCCTTGCCCAGGCGCTCTTGAATGCATCGGTAGGCGATGAAGTAACTCTTGACCTAAAAAACGATGTGTCGAGAGTTTTTGTGGTTAAAGAGATTAGGAAAGCAAAATAGGCTTCTGAGATTTGTCATTTGAGCATTATACAATGCCAGCAAAATTCACAAAAAAATCTTCAACTACAGAGTATGAGTTCATAAGCAAGTAATTTTCCCTTACTTCGTCTTAAACACCTAAGATATTCCTACCAATGCCATTCCAACCCACCAATATCACCCGTCAACACGTCGCAGCTGCAGTTCGGAAAATCAGGGAGGAAAATATTGCCGTAAACACATCTACAAGATATGATGTGATTATTGATGGCGTAGCATATCCACCGAAGGAAATTATGCGGTATGCACACGAGCAGATGAACGGAGAGCTGTTATGGGAGCGTAGTGGAGGTGAACCAACCAATCGTTATTTGAAGGAGATGGGATTTGAGATTAGAGAGAAGGAGGCCAAAATAAGTTTAAATAAACTCCTGAATCAGTACTCAAGCTTTTTGGATAATCCAAACTATGAAGAGTTGTATAAATGGGAAGCTGTCCAAAATTTTCAGGAAAACTGGGATATTGAGGCTGAGGATTTTCAGGATATGTTCGCACTGTCTTTCCAGCCGCCTAACTGCAATTTGTGGGAAAGCGGAAAATATTTCCCAAGAAAGATGATGTTGGAATTCATCTTGAATAAGCCCGAAGAAGTGCGTGATATGTTTCGTGATCTTTATGATGAGTCTCGTGATCTACTAAGTAGAATCAGATCTTTTAAACGAAAATCGCAAACCCGACTATCCGAAATTAAAAAAGAAGACAAAAACCATTTTCAGGATGATAGAGCTATTTCTGTTTATCTTGCCTGCAAATATCCTGAGAAATACTATTTGTACAAGTATACTATGTACAAAAGCTTCTACGGCCTTACGGGTATTGGACCTGCTCCAAAACATCGTAGCGAGGAAAACATATTAAACTATTTTCTGCTTTGTGATAAAGTCAGAGAGTTTATTGAGCAAAATCCGGGAGTGATTGAAAAGCATCAATCATTAAGGAATGAGAAACACTATAAAGACGAGAGCAACCATATTCTAACACAGGATGTGATCTTCTGTGCTTCAAAAAAAGACTTTTGGGTCCATAATGAGCGTGAACCTGCAGCAGCCCCCAAACAGATAGACGATATGAATAATAAGACGCAGCCAATGCCCCTCAACCAAATTCTGTTCGGACCACCCGGTACCGGGAAGACATACCATACAGTCAATAAAGCGCTACAAATTGTGGATCCGGCGTTTTACCAGCAAAATGAAGGAAACCGTCAAGCACTCATCAGGCGGTACACTGAGCTGCTGATTACCGATTGGGATGATACTGAGGAAAAGAAAATTGTCTTTGTCACCTTTCATCAGAGCTTTACATACGAGGATTTTGTGGAAGGTATCAAGCCGGTTGAAAAAGACGGCAAGCTTACCTATACCATCGAAGACGGGGTATTCAAACGGATTTGCCGGGAAGCTGTAAACGGGAACCGGGTGCTCATCATTGATGAAATCAACCGGGGGAATATTGCACAGATATTTGGAGAGCTCATCACACTGATCGAGCCGGATAAGCGGAAAGGTGCGGATGAAGAACTTCGGGTGATTCTGCCCTATTCCAAAACCGAATTCAGCGTGCCGGCTCATCTCCACATCATAGGCACCATGAACACCGCCGACCGCAGCGTGGAGGCGCTTGATACGGCTCTTAGGCGCAGGTTCTCCTTTGAGGAGCTGCCGCCAAAGCCGGGCCTCATCGCAGAAGAAGGCGCTTCAAAGGAAAATGGCGGAGAGGTGATGGTTCGGGAAACCCGCATCAGTCTTTACGAGCTACTTAGTACAATCAATAACCGGATAGAGAAACTGCTCGACAAAGATCATCTGATTGGTCATTCTTACTTTATGAAAGTCAGCAGCAGTGCAGATTTGCGCACGGTTTTTCAGCATAACATTATCCCGCTGCTGGAGGAGTATTTTTATGGTGATAAAGGCAAAATTCAGCTTGTGCTTGGTCGCGGGTTTGTGGAGCGGAAAGAGAACGGGCAGTCTGTCGGATTTGCGGCTTCTGATTACGATGACAGCGTTTTCGATGACCGTGAAATCTGGCACATTACTGACGCTTGGAGAACCAGCGATCAGGCATTTGAAGCCGCGCTCCTGACACTGCTCAACAAGCCGGAGTAACGGCAGATGGGCAGGGAGAATATCATAACGGTGTTTGAACACGACCGGTTGCTGGTCAGAGAGGGCTCCCCGTTAACCAAAAACACGTTTGAGCAGTTAGTGCTGTACCACGGTGCTAACGGCACGCCCTATTTTTCACTGCTGCATAAAGGGGTAAAGTTTAATCAGTTTGTGGGCGTTATTCAGGTCGGAGGCACTACAATAGAAGTCCTTCCAAAGCCTGATCGGGCCGGGGCTGACAAAATCGTTTGGCGGAATGTACTGATCAGCATGCTTCGTACAGTGACCGGCATTGAGGCCGGGGTAACGTCGAAGTCCAGCCTGCGCCTGAACCGCAATTCAATTTTTGATCTCTATATCGAGCTGTTCCTGAATGAGTGCGAGCGTATCACCCATCAGGGATTGTCCAAAAAGTACCGTAAGGTCACCGAAAATCAAACGGCGCTCAGGGGCAGGCTTCACATGCCGGGACAGATACGCGATAATCTGATCCACAAAGAGCGGTTTCATGCAGCATACAGCACCTACGATCACAATCACATCCTGAATCAGGTGCTTAAAGAAACCCTCCGTGTGTTGTCGCTGATTACGATACGCACAGACTTGCGAAGCCGCGTAATGCGGCAGCAGCTCTGCTTCGATGAGGTTTCGGATCAGCGTATAACAGAGGAGAAGCTCCGTCGGATACGGCTCAATCGTCAAACCGAGCGATATGCCGAGGCGCTTGCAATCGCGAGGCTCATACTACTGAACTACCATCCCGATATTTCTAAAGGCAACAACCACATCCTGGCCTTGATGTTCGACATGAATCAGCTTTGGGAGCTGTTCGTGGTGAAAGTTCTGAAGCACCACCTTTCGCAGCGCTACAGGGTGATGGCGCAGCAGAGCAGGGTATTCTGGCGCTCAGCTCAGAGCCGGAAGCGACTGAAGCCGGATATCATTCTGGATCCGCTGGACGAGCAATCGGGCAGAATTATTATTGATACCAAGTGGAAAACACCCACTGACTCCGGCCCCTCAGACAACGACCTACGCCAAATCTATGCCTACAACCAGCTATTTGGTAGCAGTCACGGCATACTGCTTTACCCCGGGTCAAACACCCGCGTTACAGGACGCTTTCAAACCGAAAAGGGTCAAAGCTGCTGCACCATGCTGAAAGTCAACGTAACCGACCAAAGCGGAAACCTCCTAAAGGGGGACGTAATAGGGGAAAGTTTGCGGATGGTGATGGGGTGCTACACGCATAATTGGTAAATTTCCGCTTTAACTATGATAAATCAGGGCAATTTGCGTAATTCTGGAGCTTTCTAAATTAATTTAGGGGAAATCAAGCCTATAAGTGATTTCGATATTATATTTTGAACAAGGCAAAGAGGTGAACGACAGCAGTAAACCTGTAGGTTGATTTAAATGGAAGTAATACGTATTATTGACAGAAATAATCACTTACTAAGTGTTCGGTATGGAGATGCTGAAGAAACGGAGTTCAGCAAAATCTTCACTTTCTGGAATGACACTGAGGCACTTTTCTCCTTTTTCTCAGACAATGCAGCCGATCTCAAAACACTAACCATTCAAGAAGCTGTGCTCGAAGTAATCGATGCCGCCGCTTACCTTGAAGACAGAATACTCGACAATGCTGAAAGCGGATTAGTTGATTTCCTTCAGGAATTCAAACCTCTGCATCTTAACCCTGATTCATCCCAAAAGTACATTCTCAACAAGCTTTATGGACCATCCAAGCGCATACCACTGCGTTTGT
CP027806.1_gap123	4293747	4294247	500	ATAAGTGAGCGGGCACTCGCCATTGCCATGAAAAATGCAGCAACGCACGATTGTGAGATTGACTTTTTCCGGCACGACCTCTTCCAGCCAAGGCTGCCTGATGACCGGACTTCTTTTGATGTGATTGTTTCAAACCCGCCCTACATCCCTCTGTCTGAAAAGCAACGCATCGACGCTGAAGTATCCAAATTTGAACCTGCGGAAGCCCTGTTTCATCAGGATGTCAGAAGTGTGTATGGCGCACTCGGGCGCCTTGCACAAGCCAACCTGCGGGCCGGTGGCGTGCTGTATGTTGAGATACACGAAGAAATGGGAGAAGAAATCAGCAAGGCCGTCGCCGAACACGGTTTTTCAGTAGCATTAAAACCCGATTACGCCGGAAAAAGCCGCATGCTCGTTTGCAGCCAACAATCCAATTCGTAATGTGGATAACTTGTGTGTAACTTTTTTTGAGCCAAACCTACCAGTCAATTTGAGTGGGCAAACCTGCGCTATCAGCA
