gap_id	start	end	length	sequence
CP020921.1_gap1	88674	89884	1210	TTGTGGATCTTTTTTACACTGTGTTTAGGCATGACGTGTGTAATTTATTCTTTTCTATTTGAGAGAGATGGACATCTTTTACTGTATCTATCTCAATATGTAAAAAATCTCTTAACTTTTAGATTTCAGGCAATAAATTATCTTGTAATGATTCCTGTAATTTATAGAGTTCATATGTTTTTTGGTTTTACTTTGTTTTTAATACTACCATTTAGTAGACTTGTTCATATATTTAGTGGTTTTGCACTCCCTCTTTATCTGTTTAGAAAAGCTCAGATAGTTATAAAAAAAATTTAAAAGGAGGATATTTAAAATGTCTATTAAAAAGATTTCAGAAGGCGTTTGGTCTTTGAGGTCTAATGATTGGGATAGAAGGGTCTTCGATGAGCTAATTTCTTTGCCGTATGGAACTACTTATAATGCATATCTTGTGAAAGGAAGCGATAAATGTGCTCTCATTGACACTACAGACCCTACGAAAACGTATGAACTAATAAACGATCTCAAGAGGCTGAACGTGAGAGTGGATTATGTAATCTCGAATCATGCTGAGCAAGATCATAGTGGATCAATTGGTGACGTATTAAATCTCTATCCTGATGCTATGGTTGTAACTAATTCTAAATGCAAGGACTTTCTGATTGACTTATTGCACATAGATAGCGATAAATTTCTGGTAGTAAAAGAGGGCGACAAACTAGAACTTGGTTTAAAAACCTTACAATTTAAGATAACTCCATGGGTGCACTGGCCAGAGACTATGATTACTTTTTTGGAAGAAGAAAAAATACTTTTTACGTGCGACTTTTTTGGTTCACACCTTGCAACAAGTGAACTTTATGTGACTGATGAATCCCTTGTATATATGGCTGCTAAGAGATATTATTCTGAAATCATGATGCCATTTAGAAATAATGTCAGAAAGAACTTGGAGATTGTAAAGAGTCTTTCCCCAAAAATTATTGCTCCAAGTCATGGCCCTGTTTATCAGGATCCAAAATTTATAGTAAACGCAACCGAAGATTGGATATCGGACAAAGTGAAAAATCTTGTTTTGATACCGTATGTTTCTATGCATGGAAGTACTAAAATATTGGTCGAAAGACTTGTCCAAAGCTTGACAGATCTTAATATTGAAGTGATACAATTTAGTTTAACAAAAACTGATATAGGAGAAATAGCTATCCATATGGTTGATGCTGCAACTATT
CP020921.1_gap2	93724	97430	3706	CTTTGCAGGATCTGATACCTGGGCTACAAGTTATGCTTTGTGGGCAGGGGCACAGGAGGTTATACAGGAGAATGGGCCAGTTGATATATTTTGGGCTGGCAAACAGGCTATTGACGGTGATACCGCTCAAACTGGCCCTGGTTTGGCAACTCGCTTTGATATACCACTTGTGACTTGTGCTATAAAAATAATAGAAGTAAATCCTGAGAAAGGCTATGTGATAGCTCAGAGACAAATCGAAGGAGGTTTTGAAACCCTTCAGGTTACCATACCGTGTATGATTACTACAGAAAAAGAGTTGAATACTCTTAGATTTTCTCCTCTTCCAGATTTAATTAGAGCTGCAAAGTTAGAGATACGCGTGCTTAACTCAAATAATATAAAGATTGATCCAACAAAGTGTGGTTTAAAAAGTTCTCCTACGAAGGTAAAGAGAGTCTTTGTCCCGCCTAAGAGAGAGAGAAAAGAGATTATTGAGGCTAGCGTTAACGATGTGGCAAGAGCTCTATTTGAGAAATTAGAACCCGTTTTAAAAGAAATGGGCAAATTATAGGAGACTGTGTTATGACTCATAATATTAGAGAATATAAAGATGTATGGGTTTTTATAGAACACGATAATGGGAGAATTGAGCACGTTTCTCTGGAGCTATTAACTAAAGGTCGCCAACTGGCAAAAGACTTAGGATGTAAAATTTGTGCCTTTACTGTAGGGGATAAAGTTGAGATTTTTTCAAATAAGTTATCAGAATATGGAGCTGAAAAATTTTATTTTGTTGAAAACCCTGTGCTGAAAGAATATAGAACTGAACCTTACAGGGATAGTCTTCTATATTTAATTGAAAAATATAAACCTGAAATAATATTAATTGGAGCGACCACTCTTGGTAGAGATATAGCAGCGACACTTGCAACCAAACTTGATACAGGATTAACTGCTGATACTACGGCGCTCGATATAGACTTTGAATCAGACGCAAAAAATCTATTAATGACCCGTCCAACCTTTGGTGGGAATCTTATGGCTGTAATATATTGTCCTGACAATAGGCCTCAAATGTCTACAGTAAGGCCTGGAGTTTTCCAGGCAATAAAAGATCCTGTAAACATTGAAAAGATTAGAGAAGAATTTGAGTTCTTTGAGGATAAAATACCAAAAAAAATTTTAGAAAGAGTTAAGACTGAATCTGATAAAGTAAATTTGAGCTTTTACGACGTAATAATAGCAGGGGGTAGGGGAATAGGAAAAAAGGAGAATATAAAGCTTCTAGAAGACCTTGCAAGAACTTTGGGAGGCACATGGGCTGTATCAAGAAAGGTGGTTCAAATGGGTTGGGCTCCATACTCAAGACAAGTAGGTCAAACTGGTCAAACTGTTCATCCAAAGATTTATATAGCTGCAGGAATATCTGGGGCAATTCAACATCTGGCTGGAATGAAATCTTCTGAAATTATTGTTGCCATCAATAAAGATCCTCATGCACCAATATTTGACATAGCAACTTATGGAATTGTAGGAGATGCTATAGAGATTTTACCAAGACTAACTCAATTTTTTAGCGATAAGCTAAAAGCTGGAGGTTCAAATGAGAAAAAATGATTTTGACGTAATAATAGTAGGGGCAGGACCTGCGGGACTCGCTGCTGGCTATGTTTTAGCTAAAGAGGGAATAAACGTTGCTATTATAGAACGTGGTATTTTTCCAGGCTCTAAAAACGTTATGGGTGGCATATTTTACAGAAGTTCTTTGGATGACTTGATACCTGATTTTTATAAAGAAGCACCTTTAGAAAGACATATAGTGGAGCAAAAGATTTGGCTTTTATCAGATGATTCTATGTTTTCTGTAGGGTTAAAGAGCGAAAAATATAACGCTGAGCCGTACAATTGTTTTAGTGTGTTCAGGGCAAAATTTGATAAATGGTTTGCAAAAAAAGTATTGGATGCCTCTGCGATGATAATAAATGAGACAGTAGTGAAAGAACTAATTTTGGATAAAGAGAAAGTAGTCGGTGTAAGAACCGATAGACCAAATGGAGATCTTTATTCTGATGTAGTTATATCGGCTGAAGGGGTTAATTCCTTTTTGCCAAAATATCTTGGTTTGAGAAGAGAGATTAATACAAATAACGTTGCTCTTGGCGTAAAGGAAGTTATAGAGTTGCCAGATAAGGTTATAAACGATAGGTTTGGAGTTTCAAACTCTTCTGAGGGAGTGGCCATAGAGATAACTGGTCCCTATTTTAAAGAAATGAGAGCAATGGGTTTTGTTTATACCAATAGGAATTCTTTGTCTATAGGCATAGGAGCAGTTATAGAAGATCTGGTGAGGCTTAAAATAAATCCTAATGATTTGCTCGAAACTTTAAAAGGCCATCCAGCAATAAAGCCCTTAATTAGCGGTAGCGAAACTAAGGAGTACATGGCTCACATGATTCCTGAGGGGGGATATTATTCAATGCCAAAACTCTATTATGATGGTTTTATGGTTGTAGGAGATGCAGCTATGCTTGTAAACAGCATTCACAGAGAAGGAGCAAATCTAGCAATTGAATCTGGAAAGTTTGCAGCAAAAACATATATTGAAGCAAGAAAGATAGGAGATTTCTCACAGAGGACGCTGAGCGCTTATCAGAAAAAACTTGAAGAATCATTTGTGTTGAAAGACTTAAAGACATATAGAAATTTACCAAAATTGTTAGAAGAAAAAAAGTACCTTATTTCAAAATATCCAAAATTTTTAATAGATGCTATGTATGAAATATATAACGTAGATAGAGTTTCAAAATCAGATAAAATAAAGTTAATCTTAAATAAAGCGAAAAAGGAAATTGGATATTTTAACATTATTAAAGATATATTTAGTGTCTGGAGGAACTTCAAATGAGAATTGAAGATAAGCTTTATTTGATAGGTTACAATATCGACGAAGAAAGCCATCTGGGAGTAAGTGATCCAAATGAGTGCAAGAGATGTCAGGGGAGACCCTGTACGTATATTTGTCCAGCGGGAGTTTATTCATACGACGATGAAGAGGATAAACTCTCTATTAATTATGATGCATGCGTTGAATGTGGCACATGCAGAATTGTTTGCAGTTATATTACTTGGAGATACCCAAGAGGGGGGTTTGGTGTACAGTATAAATTTGGATAGAGCTTTATAAAAAGTTATAAAGAAAATAAAATTTTAGTAAATTCCTTTTTTTACAGTTATCTTAAGATAAAGTTTCCTTTTTTTTATGTTATAATAACAGAATATTCTGACAATTATTTTAGGAGAGGGATAATTTATGAAAAGAGAGTTAGAAGAGTTTTTGAAACTTAGGGATTTTGTCTTGTCTTACCCTGATTATGAACAGTGTAGAAGAGAATTTAAATGGCCTCATTTGACGAAATTTAATTGGGCATTAGATTATTTTGATTTTATCGCATCAAATAACAACGATACTGCTTTATTATTTGTAGATGATGATGGAAAAGAGATCTGGGCAAGCTACGATTTTTTAAGAAAAAGATCTAATCAGGTGGCTAATTTTTTAAAGGAAATTGGACTACAAAAAAGGGATAGAGTGATGGTTATGATGGAAAACTCTGTTTCTCTATTTGAAATCCTTCTTGGAATAATGAAAGCGGGGGGGGTTATAATTCCTGCTGCTACCATGCTTCCTGCTGAAGACGTTGCAGAAAGAATAGAAACTGCTAAT
CP020921.1_gap3	102393	106038	3645	ATACCGGAACCATGGCAAAACCACGAAAGTATGGATGAGAAAAAGAGAGCTTTTTACAAATATCACAGTTGTTTAATGGAACCATGGGATGGTCCTGCTTCAATAGTCTTTACAGATGGACTAATTGTAGGAGCTGTTTTAGATAGAAATGGTCTTAGACCATCAAGATATTATGTAATGGATGATGACACAATAGTACTTTCTTCAGAGGTTGGTGTGTGCGATATAGATCCTGAAAAAATTGTTCTCAAGGATAGGCTCAAACCCGGAAGAATGCTTTTAGTTGATACCGTTGAGGGTAGAATAATCTCTGATGAAGAGCTAAAAAAGAGCATTTCCGAAGAGAAGCCGTATTCTTCATGGCTTGATAAATATATGATTGCCCTTGATGACTTAGTGATTAAAAATACATCTCTCTCACAAAGTAATTCAAATTTATCCCTGACTCAATTGCAGCTTGCTTTCGGATATACATATGAGGATATAAAAAAGATAATTGAACCAATGGCACTTCAGGGAGTTGAACCTGTTGGGTCAATGGGTTATGATTCTCCACTTGCAGTGCTTTCTAATCAAGAACAATTGCTATATAACTATTTTAAACAACTCTTTGCCCAGGTTACAAATCCGCCGCTAGACGGTATTAGAGAAGAGATAATAACGGCTTCCGAGATGCTTCTTGGAAGCGAAGGAAATCTTATCGAGCCAAGACCAGAAGATTGCAGACGTCTTTTGTTAAAAAATCCAATACTTACAAACACAGATATGCTGATGATAAAGTCTCTCGATCATGAGAACCTGAAATCTGAAACAGTTTCAATATTATTTAATCGAGATTCTGATCTAAAGACTTCTCTTGATAACCTTTTTGAAGTAGTAGACGTATTAATTGGAAAGGGAGTAAACGTTATAGTGCTTTCTGATAAAGGCGCCAGTTTTGATTTCGTCCCAATTCCTGCTCTTCTTGCTCTTTCAGGGCTGAATCATCATCTTATAAAAAAGGGCACCAGAACGAAGGTTAGTATAGTTCTGGAGTCAGCAGAGCCAAGAGAAGTCCACCACTTTGCATGTTTAATTGGTTATGGGGCCAGTGCTATAAATCCCTATCTTGTCTTTGACACGCTAAAAGATATGTGTGAAAGATCACTTTTAGAAATAGAATACGATTTAGCTGTAAAAAATTACGTAAAAGCAGCTTTGAAAGGTGTGATGAAGGTAGCCTCCAAAATGGGCATTTCAACTCTCCAAAGTTATATGGGCGCTCAGATATTCGAGTGCGTAGGAATTGGCAAGGAGGTGATCGATAAATATTTTACAGGAACGCCGTCAAGAATTGGCGGAATAAATTTGGATATAATTAAACAAGAAACCCTATTAAGATACAACAAAGCCTTTTTACCAAACAATCAGATACTACCCCCAGGAGGTATTTATCAGTATAGGGATGATGGTGAATACCACGCTTATAGGCCAGAAACTATATATCTTTTACAAAGGGCTGTTATAGAGGGCGATTATAAAAAATTTAAAGCCTTTACCGCCTCTTTACACGAAGGGTGCGGCGCTATTCAGAACTTGAGAGGACTTTTTAGATTCAAAAAACAAAACAACTCAATACCTATTGATGAAGTTGAGAGCGTTGAATCCATTGTAAAGAGATTTAAAACTGGTGCTATGAGCTACGGTTCAATTTCAAAAGAAGCACATGAGACACTTGCTATTGCTATGAATAGAATAGGTGGTAAGTCAAATACTGGAGAAGGCGGTGAGGATCCATCTAGGTATATTCCAGATGAAAACGGTGATTCAAGAAATAGTGCTATTAAACAAGTTGCATCAGCAAGATTTGGTGTTGATAGTTTGTATCTTGCAAATGCATCCGAAATTCAAATAAAAATGGCTCAAGGAGCAAAGCCTGGTGAAGGAGGGCAACTCCCTGGTCAGAAAGTTTATCCATGGGTAGCAAAAACAAGATATTCAACTCCTGGAGTAGGCCTTATTTCACCTCCCCCACACCACGACATATACTCTATCGAAGATCTGGCTGAGCTCATTCACGATCTCAAGAACGCCAATCGAAAGGCGAGGATCAACGTAAAACTTGTTTCTGAGGTGGGAGTTGGCACTATTGCTGCTGGAGTGTCTAAGGGAAAAGCAGATGTGGTGTTAATATCTGGATATGATGGTGGAACGGGTGCGTCTCCACGATCCAGCATACGGCATGCAGGACTTCCCTGGGAGTTAGGGTTGTCTGAAACTCATCAAACGCTTGTTTTAAACAATTTAAGGGATAGAATAACCGTTGAGGTAGACGGGAAACTTATGTCTGGTAGAGATATTGCAATTGCAGCAATGCTGGGGGCTGAAGAATTTGGATTCGCTACCTTGCCACTTGTAGCGCTTGGATGTGTGATGATGAGAGTTTGTAATCTTGATACATGTCCTGTAGGTATTGCAACCCAGAATCCAGAGTTAAGAAAGTATTTCAAGGGGAAGCCTGAATATGTAATTAATTTAATGTATTTTTTGGCAACAGAGCTTAGGGAAATTATGGCTCAAATGGGATTTAGAACTGTAAATGAGATGGTAGGAAGAACTGATTGTCTTGAGGTTATAGAAACCGATCACTGGAAAGCCAAAACGCTTTGTCTGGATCCAATTCTGGCAAAACCACCAGTTGGTCCTTTAGTTGGAAGATATTGTACTAAAAGACAGGATCATTCAATTGAAAAGTCCCTGGATTATAGAATATTGTTGGATAGATGTAAAAGAGCAATAGAAAATAAAGAACCAGTTGAAATTTCTCTACCTATCAAGAATACCAATAGGGTGGTAGGGACAATTCTCGGTAGCGAAATAACTTCGAGATATGGTCTAAATGGCTTACCTCCAGATACTATAAAAATAAATTTTGTAGGTTCTGCCGGTCAAAGTTTTGGAGCATTTTTACCTAAAGGGATAACTCTTGTTCTTGAAGGCGATTCAAATGATTACATAGCAAAGGGTTTAAGTGGTGGCAAGATAATAGTTTATCCACCGAAGAATTCAAAATTTGTCGCTCATGAGAACATAATTATAGGGAATGTTGCGTTTTATGGAGCTACGTCAGGAGAGGGATATATAAGAGGAGTTGCGGGAGAAAGGTTCTGTGTGAGAAATTCAGGGGCAAACGTCGTTGTTGAGGGCGTAGGCGATCACGGTTGTGAATATATGACTGGCGGTATTGTGATTTGCTTAGGAAAAACAGGAAGAAACTTTGCTGCCGGAATGACTGGTGGAATAGCTTATGTGTATGATATAGATGAGAGTTTTAAAGCAAAAATAAATATTAATACTGTTTACGTAGAATCTATAAAAGATTTGTCTGAAGAAGAAAAGGTTCGATCTATGATTGAAAAACACGAGCTGTATACAGATTCTTCTCTTGCCAGACAAATTCTGTCAAATTGGGAACAAAATAAGAAGAGGTTTGTAAAGATAATACCAAAAGATTATAAGAGGATGCTTCTTGCAATTGAGAAAGCTTATAATGCTGGCTTTAGTGGAGATGAAGCTTTGATGGAGGCTTTCTATGAAAATATCAAGGATATGTCAAGAATTTCTGGTAACTAATCATTGTTTAGGAGGTATTTATGGGCAAGATTG
CP020921.1_gap4	171250	171950	700	TTGGGAAGCTCTTTTTGGAGTAGCGTTATTACTACATCTGAAAGTTTGTTTTGAAAACTGTGATCAAGATTTGCATAGCCACACTCAGGACATACAACTGGGCTATAAAGATTTGGATTTATGCCTTCATAGGTATTGCACATATCAATGTCTCTACTCTTTATCCTAAAGGCATTAGTTTTCAATTTTAATTGTTTAAATTTAGCCTTACATACGGGGCAGACAAGATCTGTTTGGAAAAATTTGTTTTTGTCGAACAATCTTTCACCTTCTTGATTTTTTTCTTATGTGATATTATATATAAATTAGTGAATTTTGTATAATTTATTTCAGGAGGAATTGCTTATCAGATGATTGATTTTTTTAAGAGTGCCATACTGCTTTTTGAAGTAGGAGTGGCAATTTTGCTAATTGCGTTAATTTTGCTCCATGGTCCAAAAGGAGAAGGTCTGGGATCTATTGGTGGAGAGGCAAGGCTATTTACATCTCCACAGGGTTCTACTTCAGGCTTAACCAGACTCACTGCTTACGTAGCGGGAGTTTTTATTTTACTTGCATTACTTATGGGAATTTTTTGGTAGGTGAGAAAGTGTCAAAACTTGCTAAGATAAGCCTTCCAATTTTCAACTCACTCTTGTTCTTTGCTTTTTTGCAGGGGATTGCTACTCACACCTTTGAGTGGCTCCAGTGGCTAATGATG
CP020921.1_gap5	180347	184539	4192	TTATTGCTCAGAGAAAATTTGGTGGCCATGTGAAAGACTTTGGAAGAGGGGGCCCTGTTTTAAGGGCATGTTATGCTGCTGATAGAACGGGTCACGTACTTCTTCATACTCTCTGGCAGAAGGCGCTGGAATTGGGAGTTAGGTTTTATACTGAAATGTTTGCAATAAGCCTTATATCTGATGGCCCAAAATGTGCTGGAGTAGTTACATGGGACACAAAGAATGGAGGTCTTCACGCTTTTAAAGCAAAAGCCACTCTTATTGCTACTGGAGGTTATGGTAGAGCGTGGAAGATTACTGCTACCTCTTACTCATACACTGCTGATGGTCAATATATGGCTTTGAGAGCAGGTGTTCCACTTGAGGATATGGAATTTTTCCAATTTCATCCTACAGGCTTATTTGACAGGGGTATTCTTATGACAGAAGGTTGTAGAGGAGAAGGTGGGTATCTAATAAACGATCTGGGTGAGAGATTTATGAAAAATTATGCTCCAGAAAAGATGGAGTTAGCACCGAGAGATATAGTAAGTAGAGCTATAACAAGCGAAATAGAGGCTGGAAGAGGTATAAATGGAGGACCATACATATATCTTGATATTAGACATTTGGGCGCTGAAATAATAAATACAAGACTACCACAAATAAGAGAGATATCAATAAAGTTTGCTGGAGTTGACCCTATACATGAACCTATACCAATAGTGCCTACTGCACATTATTCTATGGGTGGAATACCTACGGACGTAGATGGAAGAGTTTTGTTTGACGGCAAATCACAAATTTTTTCAGGCCTGTACGCTGCAGGGGAATGCGCGTGTGTAAGCGTTCATGGTGCGAATAGACTTGGATGTAACTCTACCCTTGATGCATCTGTATTTGGTAGACGTTGTGGTTTAACTATTGTTAAAGATTTTGCAAATCTTGAACACTTGCCCCTTGAAGAGGATAGCGCTAAGATGGCAAAAGAAGAGATAGAGTTTATATGGAATCAGAAAGGATCAATAAGACCTGAGGAAATAAGAAACGAGCTTCAGACCGGCATGCAAAATTATGTTGCAGTTTTTAGGGAAGAAAAAGGACTTTTAAAAATGATATCCATTATAGAAGATATGCATAAAAAGATGAAAGAGATGCTTATTAGCGATAAGTCTCTTGCATATAACACTACTCTAATGGAGGCAATGGAGCTAAGACATCTGATAGCTGCAGCCGAAGCTGTAACGTATGGAGCTTTAAACAGAACAGAATCAAGAGGTGCTCAAGCAAGGCGAGATTATCCAAAAAGAGATGATGAAAACTGGCTTAAACATACTTTGTATTTTAGAGATGAATCTGGTTTTAGGTTTGATTACAAGGATGTCAGGCTTACTAGATTTGTCCCTGAAGAGAGAAAGTATTAGGAGGTAATTGTGGGAAACTTATATAAGCTTACAATTTTCAGATACGATCCAGATTCTAACAAAACATCAACCAGTAAATATGAGGTTGAGGTTACTGAGAGCCACTGGACGTTACTTGACGTTTTTAAATATATAAAAAATAACCTTGATGATACTCTTACCTTTAGGTATTCTTGTGGTCAGGGTATTTGTGGTTCATGTGCAGTGACTGTAAACGGGAAAAGTATTCTAGCCTGTGAAACTCAAATGAAGTTTTTGGATAGCTTTGACCTTGTAATTGAACCTCTTAGGGGATTTCCTGTGATAAGAGATTTGGTTGTAGACCATAGTCTGCTGGATGAAAAGGTTAGGAGAGTAATGCCCTGGCTGGTTTGTAAAAAAGATCCGGAATCTGATAAGGAAAGGTTCCAATCTGTTGATGATAGAGCAAAACTTGATGGTCTTTATGAATGCATAATTTGTGGTTCGTGTGTCGCAGCCTGTCCTACCTTCTGGAAAAACAAAACATTCTTAGGTCCACAGGCCCTTTTATATGCCTGTAGGTTTATGCTGGATTCCAGGGACGAGGGGAAAAACGAGAGATTCGAAATACTTGCTGATAAAGACGGCATATATGGATGTCATACTATATTTAACTGTATGGAGGTCTGTCCTAAAGAACTCAATCCGGGGAAAGCTATACTTGAGTTGAGGAAGATGTTTATGAACGAAGAATTTTAAAACCAAAGGACGCGCTATCTTAACTTTTTTTGTCCCTAATGAGGATGAGGGTTTTCTTCATCCTCATTTTTGTTATCTTAATTAAGATGTAAAATATCCAAAATTATATTTATAATAATCTATATTAAATTTTATATTCTTTGGAGGAACTATGCCTATTAAAGAAAGAGTGAAGTTAAGAGAGCTTTTACCAGAAGACAGGATATGTAACTACAACGAGATAGCTTTGGGATTAAATGAAAAAGAATTGGAATATGAGGCCAATAGATGTCTTCAGTGCAAGAAACCAAGTTGTATAAAGGGTTGCCCTGCAGGGTTGAATATACCAAGGTTTATAAAACTTGCTAGAGAGAAGAAATTTAACGAAGCGCTCTCTGAGATACTCGAGGTAAATCCGTTTAGCGCGACTTGTGCTAGAGTTTGCCCTTATGGCTTTCAATGTGAGGGGAGTTGCGTTTTAAATAAGACAGGTAGACCTATAGCGATAGGAGCTATTCACAGATTTATATCTGATTACGGTGAATATCAAATGAAGATGGTAAATGAGAGCGAAAGGATAAATGGTAAAGTTGCAATTATTGGGGGTGGCACTGCAGGTTTAAGCGCTGCTTTTGAACTTTCGAGGCATGGAGTAGACGTTGATATTTATGAATCCAGGCCAGTAATAGGAGGGCTTGCGCGCGCATGCATCCCGCCTTATAGACTTGCAAGAGAAGTTCTAGATAGAGAAATAGTATACATACTCTCTCATGGGGCTAAGATAAAAAATAATATATCTGTTGGTAAAGATATCCCCCTTAATGATTTTTTGGATATGTACGATTACGTTATTCTTGCAGTTGGAGCAAGCAAATGTTGGTCTTTAAGGCTTTTGTCTAATGAAGGGAAAGACTTTTTCGCCTATTCAGCAATAGAGTTTATTGAAAACTATATGTTCAGGAAAAAGGTTTTTGACAGAGGATTGAAAATTCTTATTATAGGTGGTGGCAACACCGCAATAGATGTGGGCAGGATATCAATAAGAGAGGGACTTAATCCATTAATTGTTTATAGAAGAGGAAAGGAACAAATGCCTGCCCTTCCAAAAGAAATAGAAGAAGCAGAAGAAGAAGGTGTAAAATTCAAATTTTTTGAAGTCCCAAAGAGAGCTATAATTGAGAATAACAAGTTAAAGGGGATAGAGGCATTAAAGGCGAAGTTAGGGCCACCAGACGAAAGCGGTAGGCCTAGTTTTGAGGTTGTTGAAGGCAGTGAACACTTTATAGAAGGAGATGTTCTGGTTTCCGCTATAGGTCAGGAGGTTGACACTGAAGTTTTAACGGGTTGCGATATTCATCTAGAAAGAGGTTTGTTGCCATACGACTTTGGTGGAAAATACAAAGATAAAGTTTTTCCTTGTGGCGATGCAGTCAGTGGGCCGTCGGTGGTTGTAAAGGCTATGAGAAGTGGACTTGAAGTTGCGAGAAAGGTCATAGGGAAACTTAAAGAGAGCACTTTCTAGTTAATTTTGATTTTTTAGGGTAGATTTTAGGAGGCTTATATGAGAGATTTATCTGTTGAGTTAATTGAAGATGCTGTAAAAGAGTTAGTTATGGATGCTAACTATAATGCTCCTGAAGACGTTAAAAAGGCTTTTGATATTGCTCTTGAAAGGGAAGAATCTGAGGTAGGGAAAAAGATATTTCTTGAGTTTAAGGAGAATCATAAATTGGCATCTCGAGAAAAGCTTGGCATTTGCCAGGATACAGGTCTTGCTGTGGTATTTTTATATATTGGGCAAGACGTACACCTTGTTGGTAAAGACATATATGATGCAATTAATAGGGGTGTAGAGAGAGGGTATGCTGAAGGTTATTTAAGGAAATCAACTTGTGATCCTTTCACAAGAAAGAATTTAGGTACCAATACCCCAGCAATAGTTCATGTGAAATTCATTCCGGGAGATAAAGTAAAAATTGTTGTTATGCCAAAGGGTGGTGGCGCAGAAAACATGAGTGCTCTAAAGATGTTTGCTCCGTCGGCTGGTCTTGAGGGAGTTATGGACTTTGTAGTTGAAACCGTTGAAAAAG
CP020921.1_gap6	260313	261089	776	TTTTGCTACTTAATATTGGCGAATCTGATCTTGTCAATACCGGAAAAATTGAAGAAGAATTTACCAGGTTTCTTGGGAGAAGCGCTAAAGTTCTTGCACTTTCAGCAAAGTTGGAAGAAGAGTTATCAATGCTTGAACCTGAAGAGGCAAAAGAAATGCTCTTAAGTTTTGGTCTAAAGAGTTTTGGCCTGGAAAGATTTATTCAAGCGTGTTACGACTTGTTGGGATATATGACATTTTTTACAGTTGGTAAGGACGAAGTTAGGGCCTGGCAGGTAAGAAAAGGTGCAAGCGCTTTAGAGGCTGCAGCAAGGATCCACTCAGATATTGCAAGAGGATTTATTCGTGCAGAAGTTATTTCATATGAGGATTTTATTAGTTGTGGAGCAATGAATGAGGCGAAAAAAAGAGGGCTCCTAAGGTTAGAGGGTAAGGAGTATTTGGTGAAGGATGGCGACATCCTCCATGTTAGATTTAATATCTAACCAGGATTGATAAAGATCGTGTATCTTGACTATAAGAGAAAATTTTATGTTGAAAACCTACACGGCGATCTGAAACCTACTTTTGTTGATGTTGAAGAGTCAAAAATCCTGATCCTTTCTAGGGATATAGTGCTAGAAGCAAAGGACATTGTATGTAGTCTCAGAAAGGATATTGTTGAACACATTGAAAGGGAGCGTTTTTTTAAAAACTCTCTAATTCCGTTGCAGAATATTTTAGGAGAGCCATATATTGTAAGTATTATGAAAAATTATTCAAAAATTATGAACGTT
CP020921.1_gap7	324708	325440	732	ATTTATATTATAAATTCTTTCTCTAACCAATTTCTAAACCACCTTAAGGATAGGGATGAGACCAAAAATTCTTCTAAAGAATATTGCTTCATTATTGAAATGCCACTTTTCAAGTAATATATCGTCCTGAGTTATGGCTCTAAATATTAAATAATGGTCCTCAATGTCAAGTTTTATGTCTTGAATCTTTCCTTTTTGTGAAGAATCGAGGGCGTTTGAAAGTTTCAAGATGGCAGCGATCTTAGTAATTGTTAGTCTATCTTTAATTGTTTTACAATTAAACGAACAATCCTTTTCATCCGGGTCCTTCTTTTGGTATATTTTTACTGAATTTGCAATGATATCTCTTTCTTCTATGCTTAATCCTGGAATTTTTACAGAATTTATAATGCTGTATGAATGTTCTCCTGGATCGTTTACGTCAATTACCTTGCCCACATCGTGCAAGATACATGCTACCTTTAAAAGAATTTTTTCTTTTTTCCCCATTGCATGGTAACATTTAGTGTGATCAAATATTGATATAGCAAACTTTAACATCCTTTTTGATATATTAATATTTCTTGAATATTTTTTTGCAATGCTTTCTGAAACGCTTAAGATATCGTCTTCATATAGATCGTCTTCATCTATTAATATTGAATATGCTACTGCGCTTCTGAAAGAAAACCCCATTATTCCAACTTCTTCAAGGTCTAAGATGTCGATTATCTTTTTGAATATTATTGTTGA
CP020921.1_gap8	326574	330630	4056	GAGCCAAAATTAATCAGCTAACCGCTTTCGAGGCGGTCTCCTTCGGCCACTCGGACACCTCTCCAAAATTAGATTTAAAAGGTAAAAAACAAGAATCTCTTTTTCTTCTTATTGGACTTCTTTGGTATGGGTACAAGATCAAATGAGTCAATCTGATTATAAGTTCCTGCTTTAACCTCGATAGTCCTTTTCTGCGGCTTATATCCAGGTGCGCTCACATAGAGCTTGTATTTGCCAGGCTTAATACCCTGTATAGTGAAAAAACCTCTATCCGAAGAGAATATCTCTTCGTTATCAAATTTTATAGTTGCGTTTGGTATAGGGTCAAAGGTTTCCTTACTAAGAACAAAACCGAAAAACCCGGTTTCAGAAAGTTGAGCGGGCGTGATCTTTTCTACCTTTTTATGGCTCTTTTTAAAAAAGGGCAATTCAAATGCTCTTACATCAGATATAAATAAAGAAGAAAGGAATATAAATATCATTGCTATTGAAATTAATTTTTTCATTAAATTTCCTCCTAAAAAAATTCGGATTTATGGTTTAGTTTACACTAGTTCCAGTATAACAGTCACATTATAACATTAAGATATAGCAAAATATGATTCACCTGTTTTTTATAATTGTATCATCTTTTTATTATCAGTATTTTACCAATTGTTTTTAAAAAAAGGTTTAAGAGAATGTTAGAGGATAAAAACCTAGATATAAGAAATGATGTAATTGGGAGAGTTACAAAAAGAGCTATTATTGCCACAAAAGATCTTGCAATTTCTGTGGCCACTACTTCAAGACTAAAAACCCTAAACCATGAAAGAGTTGGTCCCTGTATGGATACTAAAAGTATCAAGGGCAAGTAACAGCCGATATATGCAAAATAAAGAGTTTGTAATAATTCTGGCAGGTTTTCTTTGCCAGAATTAAAGGAAGAGCTAAAGATCTCTTTCCAGCCTGAAGTAGGAAAGAGCATTTTATATTGTTGTGCTGTTGACACTATGCTTGTTGACAATTTTATTGCGGCTCCAGTAGAACCAATTAACATTGCGGATGATAGAAGGTCTGTGAAATTGATATTTAAGTTTATGTCTTTTAAGAATAATCCTTCCTCGTTTATTATGCCTGTAACGTTTAAGAAGCTGTTAAGATAGTAAGAACATATAGATGCGATTATGATACCGGACAATGTGCCTATAATTGCGGCTAAAGCTTTTTGTGAGAAGCCGCACATTAGAACTGTTTGAATTATAACTCCTATAAACAAAACTACAATTGTTATAAAAAGGATGTTTAAGTTTGTTATTAAAGCAGGGATAAGCCACAGCCATAAAAAGAAGATAAAGACCATAAGGCCCAGCATCAAATATATTCCTCTTAGCCCGCTTGCAATAAAAATTAACAGAAAGAATGCCAGCAAAAGCCATGGGTATTTGTTGCATCTTGCTATATCTGAAATGAAAAAAGTTGGTTCTTTGTTTGGGGTTATTTGTTGGTAGACTATGACATTTTCTCCAGGAGAGAGCTTCAAATCGTAAGGGGAGTTGATCTGGTGGATGTAGTTAGTTATAAACTCTTTGTCTTTAAATATTCCTGTTAACAGTCTGATTTTAGTTTTTAAGATCTCAATATTGGGATTTTCCTTGCTTGTTTCCTTTGAAACAGAAATTATTTTTGCTTCTTCGTAAGATTGATTTTGTGGATCGGACATGGCATTGCTAACAAAAAATATTGAAAGACAAAAAAACATAAAACAAAAAATTAATAAGGTCTTTTTCATTGGAAGTTATAAAATTTTATTTATATTTCTTGAAGAAAATGTTTTTGTTATATCTTTCATTCTCATAAGGCAGTTTACAATTTGATGTGCTCTGATTTTCCCAACTCCTTCAATTTTATCTAATTCTTCTTCTTTAGCTCCCAAAAGTTCATTTAGGTTCTTATAATTTCCAACTATCTTTTCTACTATAGGAGAGGGTAGTCTTGGTATGTTATCCAACACCCTGTAACCTCTTGGTACGAGGGGTTGGTCGGGATTATTGAATCCAAGGTATTTCATAACAATAATCTGATCTAATATCTCTTGTTCTGATTTGAGCTGTTTTAGGTTTTCGAGCAATTTTGGTATATCTCTTAACTTTTCTTCGCTAAGATAGTCTTTTAAAATTAGAGCCTCTATTTCTTCTACTCCAGACATAAGTTCTAAAAGCTGCCACTTCGTTAGCAGGCCGTCCTTACCAAGCTGGATGATGTATGTGTTTATTTCTTCTTCTATGAACTTAAGCATCTCAGCTCTTGTAATAATATTTGCAATATCTGATGCAGTAACGCTGTCAGTAAATTCTAAAACAGATAAATGTTCAAGAGATCTATTGAACACCTGTTTGTAACTATCAAGGGTGGTCAGAGCTTGATTAGCTCGACTCATAATGGATGCGCTACTTTTCAAAAGATAGGAAAGATCACCTTTATAAAGCGTTACTGCGCCTCTCCTCTCTGAAATTGCAATTATCAATTCTCCAGTTTGTTTTGCAAATCTTTCGGCTGCCTGATGTCTTGAGCCTGTGTTTACAGTGGGTATATTTGGATTGGGTATTAATAGCGCATTCGCTCTTAATATTGTTTTTGCATCGGCATTTAATATTATTGCACCATCCATCTTTGATAGTTCAAACAATCTTGCTGGTGTAAATTCTATATCAAGGGGAAACCCTCCTACTGTAATTGGAAGAGTTTTGTCAGGATTTCCTACAACAATAAGCGCTCCACCTCTTGCGTCTAAAATTAGGTCAACGCCATCTCTAAGCGGATTCCCAGGAGAAATTAATTTTAAGCATTTTATCCAATCTTTTCTTTTGAATATTGAATTTTCCATTTTTTTATCCAATCCATTAAATTTTTTAGATTTTTAATCTTATAAAGATTAATATTCTTAAAATTCATCTCTACACTACTAATAAAGGCATTTTCTATGCCAAGTTTTACTGCTTCGTTAAGACGTTTTTCGATTTGATAAACGTTTCTGATTTCACCAGACAAAGAGCATTCGCCTATAAAAATAGTACTCTTAGGTATCATAATATCATAATAAGACGAAATTAACGAAGCTGCAATTGCAAGATCAATTCCTCTATCTTCAGTGGTTATGCCACCTGTAATGTTTAAATAAATATCTTTATCATACATTTTTATGCTCAGGTGTTTTTCTAATATTGCAATTATAAGCATAAAGTGATTAAAGTTAATTCCATGAGAGAGCCTGGTAGGGCTCGTTTTGAAGGATTGATTGACCAGGGATTCAACCTGTACCAGAAGAGGCCTTGACCCCTCGATTGTAATACAAAAGGTTGTGCCAGATAGATCGCTATTTTGTAAAATTAGTTGTGATAGGTTTTTAGGTTTTATTAAGCCCTCTTCTTTCATTTCGAAGATAACTAACTCGTTTGTAGATCCGAATCGATTTTTTAGAGATCTTAGGGTTCTAATTGCACTAGATCTATCTCCCTGGAAAAATAAGACGCTATCAACCAGATGTTCTATAAATTTTGGTCCAGCAATTGAGCCTTCTTTATTTATGTGACCAATTAACAAAAAGGGTATATTTGATTCTTTGGAAAATAGATTTATTTTTGATGCACATTGTTTTATCTGTGATAAGGAACCTAAAGTAGAGTTACCTTCGGAATCGTAAAGCATTTGTATTGAGTCTATTACGATCATAGAAAAATTATGATTCTTTAGAGCTTTAAGGATTTTTTTTAGGTCTGAACAGGATATGATTTTGATCTTTTTTTCGTTGAGTTTTAATCTTTTTGCTCTTGATGCCACTTGGTTTGCAGATTCTTCGCTCGAAATGTATAAGACATCCTGATATTTGCTAGCTATTTGATCTGCCATTTGAAGGGCTAATGTCGATTTTCCTATGCCTGGCTCTCCAGAAAGCAAGGTGACAGAGCCTTTTACGACTCCGCCACCAAAAATATCATTCAGGTCTTTAAGATCGAACAGTAGCCTTTCTTCTTCAACATAAGTTAAGTTTTCTAGATCTAAAATATCCTTTTTTTC
CP020921.1_gap9	463294	465083	1789	AAGATCCAGAAGTCGCTTTGTCAGGGAGCTCCATTTTATGTGTTGGGTCCCTTAGTAACTGACGTTGCTCCGGGATACGATCACATAACATCTGCAATTGGTGGGGCAATTGCAGGCATGTATGGAGCTGACTTTTTGTGTTACGTAACACCTGCAGAACACCTTGGTTTGCCGACTTTGGAAGATGTAAAGGAAGGAGTAATTGCAGCGAAGATAGCTGCACATGCAGCCGATATTGCAAAAGGGATCAAAGGCTCCCTTGATTGGGATATAAAAATGGCTAAGGCAAGAAAAGCTCTTGACTGGAAAAAGCAGATTGAACTTTCTATAGATCCAGAAAAGTCTTCTAAAATTTATAACAGTAGAAAGTCATCTGAAGAACAGGGTTGTAGTATGTGTGGCAAGTATTGTGCTATGAAAATTGTTTCTGAGTATTTAGATACAGAAATTAAAAAATGTTAAAAATAAAAGATATTGGAGAATTTGGTTTTATAGATAGTATAAAACCAGAAGAAACAGTAGAAGATCTTAAAGTTGGAATTGGAGATGATGCTGCAATAATTTCTCCTTATGGGGAGTTCGATATAGTTGTCACTACAGATATGTTAGTAGAAGGCACTCACTTTTTGGCAGATACAGATCCTTTTGCTATTGGATACAGATCTATGTGTGCAAATTTATCTGATATTGCGGCAATGGGAGCTATACCGAAATTTTATTTTGTATCCCTTGGTATAAACCCCGAAAGAGATTTTAATTATGCGAGGGATATATATAAAGGCTTTAATTCTCTTGCTGAGCAATTTAACACTCATCTGGCTGGAGGAGACACAGTTAAATCTGATAAAACAATTATTTCTATTACTTTGATCGGTTATGTTGAGAAATCTATAACCATTGAAAGAAAGGGGAAGATAGAAGCTAAAGACCTTGTTATTTCTGTAGGGCCCCTGGGTTATTCTGGAGCAGGATTGGAAGTAATCAAAAATAAATTTGACGGCTTTGATGAACTGGTAAAGGTTTTTCTGTATCCTTATCCTCAGATTATTGCAGGGCGTATTTTAGGACAGTCGAAATTGGTACGCGTAATGATGGATAATTCTGACGGGTTAGCTAGTTGTATTGAAAATTTAGTTGTAAAGAACGGTTTTGGAGCCATTCTTTTTGAGGAAGGGCTTTTTGACGAAAGATTAAAGGCTATTGCAGAATTTACAAATAGAAACTATCTTGATTTTGTATTTAATGGGGGAGAGGATTTTGGGCTTGTGGCAGTAATAAAAAAAGACGGCTTTTTGGATTTATCTTACTTTTTGGAAAAGTCACTTTTTAATAATAGTGTAAAGGTAATAGGAGAAATAACTCAAAACAAAGAGATAATCCTAAAAAGATTGGACAATAGTTTGCTTGAAATAAACAAATCTGGTTATGTTCAGTTTTAAGTATCCATATTAGGGAATATAAAAGTTTTAGATAAAATTATCTTTTGTAAGTGATTAAGTATTTGACAGATATTTTATTTATTGGTATGATAACACTTTGTCAATAATTTAAAATATTTTATTAGGAGGTGAACCTCTAAAAGAGGGATTATAGTATGCCCACAATTAATCAATTAGTTCGGTATGAACGAGAAAAGCTAATTAAAAAATCAAAATCACCAGCTTTGCAATCTTGTCCTCAAAGAAGAGGAGTTTGTACAAGGGTTTATACTACTACGCCAAAAAAGCCTAACTCTGCTCTAAGAAAGGTTGCTCGTGTAAAGCTTACTAACGGTTACGAGGTGACGGCT
CP020921.1_gap10	506785	510180	3395	CCGATTCTGTTTATCATCTTGGAATGCCTGGAATGCATGGCTTGCCATGTGCTAACAAAGCTTTAATGGAATCTGATTTAATTATTTCAATTGGAGCTCGCTTTGACGATAGAGTTACAGGACATCTTGCTTCATTTGCGCCCCATGCTAAAGTTATTCATATTGACGTTGACCCAGCAGAAATAGGAAAAAATGTGCCAGTTTTGGTCCCAATAGTTGGGCTTAGCAAAAAGGTGTTAGCTCAATTAAATAAAGAGCTAGAACAAATGCAACCGAAAAATGATTGGATGAAGCAGATAGAAGAATGGAAAAAAGAGTTTTGTCTTGAATACAAGCCTCCAAAAGCACATGAAGGCATTTATCCACAAGAGTTTTTCTATTTGTTCAGTCAGATTTTAGGTACAAACGGTATTGTTGTTACTGATGTTGGTCAGCATCAAATGTTTGCGGCACTGTATCTTAAGAGGTTTGACCCGAGAACATTTATTTCTTCGGGCGGACTTGGAACCATGGGATTTGGGCTTCCTGCGGCTATTGGGGCTCAAGTTGCAAAGCCAAATCAACTTGTAGTTTGTATTGCTGGAGATGGCGGATTCCAGATGACTATTCAAGAGCTAGCTGTCTTAAATTCTTATAAATTGCCGGTAAAAGTAATAATAGTTAATAACGGATATTTAGGTATGGTTCGACAATGGCAGGATTTGTTTTTTGAGAAAAGATATGCTGAAACTGATTTAATATCGGGGAATCCCGATTTCCTAAAGATTGCCGAAGCTTACAACATTCCTGCAAGAACAGTAAAGAAAAATTCAGAGTTAAGGGATGCAATTGAAGAATGTCTCTCTTCTTCAGGTCCCTATTTATTGGATATTTGGGTAGAAAGAGAAGAAAATGTTTTCCCAATGGTTCCCCCTGGCGTTGATATATCAAAGATGATTTATGGGAGGGAAAGTAAATGAGACACACTCTTAGTTTAGTAGTTATAAATAAATCGGGTGTGCTTGCAAGAGTTGCCGGCTTATTTGCTAGAAGAGGGTATAATATCGAATCTTTGACCGTTGCTCCTATGGAAAATGAAGGTTTTTCTAGAATGACTATTCTTGTAGAAGGGGATGATAAGGTCGTTGAACAGATTGCAAAGCAACTACACAAGCTTATTGATGTAATAAAAGTATTCGATTACTCACAAGAAAACATTGTTGAAAGACAACTTGTTCTTATAAAAACAAAAGCAAGCGGTCCTGTGAGATCAGAAATTCTACAGATAATAAATATTTTTAGGGCTAGAGTAGTAGATCTTTCCAAAGATACGTTAACTGTTGAAGTAACTGGAGATGAAGAAAAGGTATATGCCTGTCTTAATCTTTTAAAACCTTATGGTATTATCGAAGTTTTGTTTAGTGGTAGAGTAGCAATGAAGAGAGGATAGAACAGTTGAATCTAATAATAGATTCTTAATAGTTTTATTTTTTTGAAAAATTATGTGAGGAGGATTTTAAATTATGGTAAAAGTTTATTACGATCAGGACGCGGATCTTAAATTTTTAAAAAACAAAAGGATTGCGATTTTGGGTTTTGGAAGTCAGGGACATGCACATGCCCTAAATCTTAAAGATAGTGGCCTTGATGTTATTGTAGCCTTAAGGCCTGATTCAAAAAGCGCTCAAAAAGCTATTGATGCTGGCTTGAAAGTGACAACCGTTTCTCAAGCGACTCAAGATTCTGATATAATTGTTTTTTTAATTCCGGATGAGTTACAAGCAAAAATTTATGCGAGCGAAGTGAAACCATATCTTAAAGCAGGTAAAGCTTTGGTTTTTGCTCATGGATTTAGCATTCATTTTAATCAGATTGTTCCTCCTGCTGATGTAGATGTTTTTATGGTAGCACCAAAAGGTCCCGGACATCTTGTGAGAAGGCAATTTCAAGAAGGTAAAGGCGTTCCATGTTTGTATGCTATTTATCAAGATGCCAGTGGCAACGCTTTTGATATGGCACTTGCTTATGCTAAGGGAATTGGCGGTACAAGAGCAGGGGTTTTAAAAACTACTTTTAAAGAAGAGACTGAAACCGATTTATTTGGTGAACAAGCTGTTTTGTGTGGTGGACTTACTTCATTGATAAAAGCAGGTTTTGAAACTCTTTGTGAGGCTGGATATCAACCTGAGCTAGCATATTTTGAAGTTCTCCATGAGATGAAATTAATAGTAGATTTAATATATGAAGGTGGTTTTGGTTGGATGAGACATTCAATTTCGAATACAGCTGAGTATGGTGATTTAACAGTTGGACCACGTGTGATTGGATTAGAAGTTAAAGAAAACATGAAAAAGGTTCTAAATGATATTCAAACTGGAACTTTTGCTAAGAGCTGGATTTTGGAAAATGCTGCAGGTCAACCCATGCTTAATGCCCTTAGAAGAGAGGCAAGAGAGCACAAAATTGAAGAAGTTGGAAAGAGAATTAGAGCTATGATGTCGTGGTTACCGAAAGTTGAATATTAAGGGGTGAACGCCTTGAAAAGAATAAAGATTTTTGATACAACTCTCAGAGATGGAGAACAGTCTCCAGGTGTAAGTCTTAATAGTGAAGAGAAATGTGAAATTGCAAAGCAATTGGCCAGGCTTAACGTTGACTGTATCGAGGCAGGTTTCCCCATTGCTTCAGAAGGCGATTTTAAGGCTGTTCAACAGATTGCAAGAGAGGTTGAAGGTCCAATTATTGCAGCGCTTGCAAGGGCAAAAAAGGAAGATATAGACAGAGCCTGGGAGGCGATAAAAGACAATAAAAATCCCAGGATTCATACCTTTCTAGCCACATCGGATTTGCACCTTGAAAAGAAACTTCAGATTTCAAGAGAAGTAGCTTTGTCTAAGATAAGAGAGTCAGTAACCTATGCCAGATCCCTTTGTACAGATGTTGAGTTCTCTGCAGAGGATGCATCTAGAAGTGACCTTGAGTTTCTTGCTCGATGTGTTAGTGTAGCTATAGAATCGGGAGCAAAAACGATTAATATTCCTGATACTGTCGGTTATGCTACTCCAAGTGAAATGGCTGAGATTATTCGCTATCTTAAAGAGAATGTTAGAGGGATAGAAAATGTGGATATTTCTGTTCATTGTCATAACGATTTGGGACTTGCAGTTGCAAATTCTTTAGCTTCTATAGAAGCTGGAGCTTCACAGGTTGAATGTACTATTAATGGAATTGGTGAAAGGGCTGGGAATGCAGCTCTTGAAGAGATAGTAATGGCACTTTATGTTAGAAAGAACTTTTATCAGAGTTTTACCAATATTAATACTCAGGAAATTTATAGAACTAGTAGGTTGGTATCGTCTTTGACAGGGATGAATGTCCAGGCAAACAAGGCTATTGTGGGTGCTAACGCCTTTGCT
CP020921.1_gap11	519446	522074	2628	AAAATAGTTATAGAATTTGGAGAAATATTCATTTTTGATAAAAGTTTTGCTATAGGATAAATAATTGGTTTTATTAATTTTCTTTTATCTATTTCCATTTATCAGTTTGCTACCTATTTTTTGTGCGATATTTTTTATATCTGAATTTAGTCTTGTTTTAGCAATTCTTATATGATCCTTAACACTCCAAAACTCTCCATATGCTCTGGTTTGTCTATTTATAATAGCGTTTTTCACGTCTTCGAGATTTTTTATACTTTTGGGGAACAAAGTGTATGCACTTCCTATTGTGTCCAGCGTATGAGAATCAGTACCGGCAAGTTCTGCCAATTTTAAAATTTTATTTAGTTCTATTACCTTTTGCCTGACTACTCTACCAGCAAGCGTAGGATTTATTATTTCTATTGCATCTGGTTTTGGAAAGGTTTCTTTTTTAAATATATTTTTTATACAACGAAGTGAGACGCTATACGTTAAAGGACTCATTGGATGAGGAAGAACTATTATTCCGCCTGATTCATACGTTATTTCTATAGTTTTATAAATACTGGTAAATTTCCTTATGTGTTTGTCTATAAAAAGACAAATTATGTGACCTTGTAGGGTAGTTACTTCAACTCCAGGAACTACAATTATTCCATATTTTTCTCCTAATTCAACAGCCTTTAGGGATCCCTTTATATTGTCATGATCTGTTATGGCAATTATTTTGAGATCCGTATAGTTTGCTACATATCTAACTATTTCTTCCGGTGACGCTATTCCATCGCTGAAACTGCTGTGTATGTGAAGATCGGCTTTAACAAAATTTTTATCCATTTTTTATCTCCATTGGCAAAAAAATATACCACTGTTGTGGATAAGTTTTTACGTATTTTTCAAAATAATTTACCCATTCTTGCATTGTGGCTTTGTAGTCCTTTTTTGGCTTAATATATTCTTCTATGTAGCAATCAAAACTAAATGGTTGCTTCCTGATTATAAATACTGGTAGAATTGGACACTGCCTTGAAGATGCTATCTGAAAAGCTGCTTTCGGAAAAGGAATTTTATGATTTAAAAAATTTATATATTCAGATGGATGATTTGAAGCTATATCACTAAGCATACATAAAATTTGATTTTTCTTAAGCGAGCTTATTATTTCTCTTAATCCACCTTTTGCAGGAATCACATCAAAGCCAATTCTTGAACGGATTAATTTTATTAAATGACCAGCAAAAGGGAAATCAAGGTTTGCAACAACTTTTAATTTGATACCTCTGTGTTCAAATAAACTTCCTGCATCCCAGTTGCCTATATGTGCCGTATTCACTATTACCCCTCTTTTCAAAGATAAAGCTTCATCAAGTCTTTCTAAATTAAAAAAATTTATATTAAAACTCTTTTTATTTAAAACTAATACTAATACTTCGTATATATAGTCGCTATATGATACAAGAGCTTCTTTGGCAAGCGTTTCATAATCTGGATGATTGGATGCATTGCCTATTATTTTATAGTTGTTTAATATAATTTCCCTCTTTTTTTTATTATCCCAATAAATACCAAAAATAACTCTTTTAATTATTTTTTTTATTAATAACAGATTATTCTCCCTTTATAAAACTTTCAAGCATTGCTCTTGCTTGTGTGTCAGGATATTGTACTGGGGGGCTTTTCATGAGGTATGCGCAAGCGCTGATTATTGGCCCACCTAATTTTCTATCTTTTGCTAACTTTACCAGCCTTAGTGCATCAACTATTATTCCCGCAGAATTTGGGGAATCCCATACCTCTAATTTGCATTCTATATTCAATGGGACTTCACCAAAAGCTTTGCTTTCTATCCTTATATATGCCCATTTCCTATCATGTAACCATGGAATATAGTCTGAGGGCCCTATGTGTATATTTTCTTCTGACATAGGTTCTGGCATTAATGAGTTTACAGCATTTGTTTTGCTAATCTTTTTTGATTCCAGTCTTTCTCTTTCTAGCATATTTAAGAAATCCAAATTACCCCCAACGTTGAGTTGGAACGTTCTCTCTATTTCAAGACCCCTGTCAAGGCAAATTTGAGTAAGGGCCCTATGTAAAATTGTAGCACCAAGCTGAGATTTTATGTCGTCACCTATTATTGGCAAATTTTTGTCTTCAAATTTCTTTGCCCAATCACTATTGCTTGCTATAAAAACGGGAATCGCATTAATAACGCCTAGATTTGCTTCTAATGCACAGTTCATGTAGAATTCTGTAGCTTTTTGACTCCCCACAGGTAAATAGTTTATTAAAACATCTGCCTTTGATTCTTTTAAAACTTTTACTACATCAACTGGTTCTTTTTTCGATTCTATAATTGCTTTTGCAGCATATTTGCCAATTCCATCATTCGTGTGTCCTCTCATAACAGTTACGCCTAAGTTTGGAACGTCATGAAGCTTTATGGTATTATTAGGCGCTGTAAATATGGCTTCAGAGAGATCTTTGTCTACTTTTCTTTCGTCAATATCAAAGGCGGCCACGAAACGAATATTTTCTAATTTATATGGACCAATCTTTTCATGAATTAAACCGATGGGTTTTTTGTGTGAGTTTTTATAAAATTCAACACCTTGCACTAAAGAGGAGGCACAATTCCCAACCCCA
CP020921.1_gap12	531680	532379	699	GGGCTAAGGCAGAGGTTATAGCAGAACTTAAGGTTGAGGTTGTTAATCTTACTATTTCGCTTACAGAAAAGCTCCTTGAGAAAGAATTGGATAAAAATGCGCAGACAAAATTCGTAACAGAATATTTACAGAAAATAGGTAAGAATTAGAATGAGCAGTAACTATGTTTTAGCCAAAAGATACGCAAGAGCTTTTTTGTCTATTCTCAAGGAAAACAAGAGAAGCCTGCAAGATGTTGTTGACGAAACAAAAACCCTTCTTAAGAGCTTTAAAGAAACAGGACTTGATAAGATAATCTTAAATCCTGTTCTAGATCTTGGTACCAAGAAGGAGTTAATCGAACCTTTAAAAAACAATATTTCAAGTGATATTTTTTCTTTGCTAGAATTTCTTATAGATAAAAATAGATTTTTTTTACTTCCTTTTATACTCCAATCTTTAGAGGAGACTTTGAATGAAGAAAGTGGAAGAATTGTTGCCAATCTTGAAGTGGCCACTCCATTAACTGACGAATTAAAATCAAAATTTATAGAGTACTTTAAGAAGAAATTTAATGCTAAAACAGTAGATATTGTAGAAGTTGTTAACGAAAAGATTATTGGTGGTTTTAGAGCAAAGATTGGAGATTATCTTATTGATGCAAGTATTAAGGGGTCCTTGGATAAGGCCAAGAGACTTCTTTTAACCAATTGAAGGGAG
CP020921.1_gap13	606883	609802	2919	TATGATTTTGTCTGTAATATTGTTCGTTTTATCTGGATTTTGTGGATTTGTCTTCGGTTTGTTTACTCCTACTAAAAATATAGGTGACTTATTAACCCCAAATTTTATGGCTCAACCTGCAAAAGGAGAGTTAAATTTGGTGCTTTTTGGTATAGATGATGTTGATGAGACTCATAGAACTGATACGATTCTTTGGTTAAATATCAACACAGATAATAAAACTATAACTATGATGTCAGTACCAAGAGACACTCTTGTCCCAATACCGGGACATGGTTATGACAAAATAAATGCTGCTTATGCATATGGAGAAACTGAACTTGCACTCAGAACACTTGCAAATTTTATTGGGGTTAAGCCTGATAAGTATGTTGTTTTGGGGTATAAGGGTTTTATGAAAATTATAGATGCTATTGGCGGGGTAGATATCAATGTTGACAAAAGAATGTATTACGTTGACAATTGGGCACATTTTACTATTGACCTATATCCTGGAATGCAGCACTTGAATGGCTTGCAATCTTTAGAATATGTAAGATTTAGGCACGATGCTTTAGGTGATTTAGGAAGAATGAGAAGACAGCAAGAATTTCTTCTTGCAGTTAAAAATAAGCTTTTTTCAAGTCCAGCTATGATAGCAAAGATACCAGATATTTTAAAAGTAGTTCTGGATAACGTTCAAACAAATATGTCATTTAATGACGCTCTTAGTTGGGCTCTTGCTGTTAAAGAAATTATAAACCAACCAAACTTTCAAATTAAGAGAGTCTTTCTTGATGAAGGAATGGTGCCAAAATATGCTTATGGGATAGATTATCTATGGCCAACTCAGAAGGTTGTTTCAATTATAAAAAGTGCTTTTCCCAATGCCAATCCTGATGTTCCATTAACCTTTCCCTTCCCAGAAGACAACACGACTTATAGTAGCATAAATACAGTTGTTCAAAAAACTCCTCCAACTCAAACAACGAGTGAGGCTAAGAATAAGAACACTACAAAAAATGAACCTAAAACTAATATAAATAGTTCCAATACTAAAATTAATGAAAATCAAAAGACTTCACCAACAAATAATAATACAATTACCCTTCCTCAAAGATAAAGTTTTTTAGCTAAGAAGTAGTTAAATCATTTAAAAATTTTTTTATGGATTTCAAATTATTGAACAGATAAAAGTTCTAATTTTCTCATATTTTCTGCAGCAATGAGAGCATCAATTATTTCGTCTAAATCACCATCTAAAATTTCGTTTAATCTATATAAAGTAAGATTTATCCTGTGATCAGTTACTCTACCCTGAGGGAAATTATAAGTTCTAATTTTTTCGCTCCTATCGCCTGATCCGACTTGTATTTTTCTAAATGTTGCTATTTCTTTTTCTGATGCAATTCTCTTTTCTTCAAGGATCTTTGCAGCCAGAATTCTCATAGCTTTTTCTTTATTCTGGAATTGAGAACGCTCGTCCTGACAGGCAACTACTATTCCTGTAGGCAAGTGCGTTATTCTTACTGCAGAATCAGTTTTGTTAACATGTTGCCCACCCGCTCCTCCGGCGCGGAAGGTATCAATTTTTAAGTCCCTTTCATCAATTGTGACGTCAATTTCATCTGCTTCTGGTAACACTGCAACTGTTGCTGTAGAGGTATGTATTCTACCTCCAGATTCTGTTTCTGGCACCCTTTGGACCCTGTGAGTTCCACTTTCGAATTTTAATCTGCTGTATATCCTTTTTCCTTTTATTGAAATTATTGCTTCCTTTATACCACCAATTCCTGTTTCATTGATAGACAATATTTCTGTTTTTGCATTTTTTCTTTCAGCATATCTAAGATACATTCTTAAAAGTTCTGAAGCAAATAATGCTGCCTCTTCTCCACCTGCGCCAGCTCTGATTTCAAGAATTATGTTTTTTTCATCAAGTGGATCCTTGGGCAAGATAAAATTTAGCAACTTTGATTCTAAATTGTCAATATTTTTCTCTACAACTTGAAATTCTTCTTCTGCTAAAGTTTTTATCTCTTCGTCCTCACTATTTTTTAGTTCTTTGAGATCAGATAAATAATTTCTCAGTTTATTTAGTTCTTTATAGTTATTTACAACCTCCTCTAACTCTGCTTTTTCTTGAGAAAGAGATATAAGTTTAGAAGGATTGTTTATTATTTCTAAATTTGATAAAAGTTCATTTATTTCATTATAACGGTTAAGCAGCTTTAAAATATTGTCTTCAAAAACTTTAAAATCCAAACCTATTACCTCCAATAGTAATTGATATATTTTAGTTAAAATGATAACATATTGTTTTGATATTATTGAAGTGAGGTGAATCGTGGAAGAAGATAGAGAGTTTGATGAATTGGAAATCTTTGAAATTGAAGAAGAAGAAGGAGTTAAAAAGCAATACGAACTATTAGATAAGTTTGAACTGGATGATAAATTGTATTTTGTCCTTACTCCTTACTTTGAAGAGGAAGTTGATAGTGAATATGTGCCAGAAATATCAATTTTCAGGCAGGAAAGTGACAATTTTTTAACTCCAGTAGTAATATTTGGTTCTGAAGATACAAAAGTGGATGAGTCTTTAACAGACGAAGAGTTTGACAAAATATACCAATATCTAAAGGAAAGTTTTGATTTCGAAGATATTTCAGAATAATTTAGTTTAATTTAAAGTATGCAATTCAGAAAAACAATGTCTCGTTTGAAGAGATGGTGTATATGTTTTGTTGTTTTTATGGCATTTTTAATTGTTATCAATTTTCCTTATGTATTATTCTATAGATTGCCCGACAAGGTAGATTTTCATGTTTACAAGGGTGAATCATCGAGCGATGTTCTACAGAAACTTTATAAAGTTTACGGTACTAGCCCATCGCTTTTTGCTGATTTATACTTTAGGCTAAAGAACTTTGATCCAAAACC
CP020921.1_gap14	613324	617685	4361	TCCAAAAATTATATAAATATTTGTTGGTGAATAAAAATGAGAATTAGAAGAAGAGAATTTTTGTCAATAGGTTTTTTGGGAATTCTTTGGACAGCTCTTAATTACAGACTCATTTCTTTAGCTATGTTTGGTGGCGATGAGTTTAAGCAAGTAACGATTGATAGCACTACAAGGATTCTCCCTATACCTGCTCCAAGAGGGAAAATCTTTGACAGAAAAGGGTTACCTATGGCATATGATAGTTCTGCCCATGTCATAATGTTTATGGCAAGAGATAATAAGAACGCAATGGAACTAGCTGAAAATATTTCTCCTATCCTTAATGAGGATAGTGCAAAAATTTATGAATCCATTAAGAAAAGTATAGGAAATCCTTATCCTTACATACTCCATGAAAAATTGGATACAAAGCAATATCTTAGTTTATCAGAGTTAACTTTCAGACAAAAAGGCTTTAGACTTATTGAAATACCTATGAGAAATTATCCGCTGAAAAATGTAGGTTGTCACGCAGTAGGATATGTTGGTGAAGCTTCAGAAAGTGATCTGAAAAGGTTTCCTTATTTACATCCAAATCAAATAGTTGGCAAAACCGGTGTTGAGTTAATAAAGGATAAAGAACTAAGAGGTCAAGATGGTGCGGATATAACAATTGTTGACGCCTTTGGCAACATACAAAAAAGATTTCAGGGAACCAAACCAATACCTGGTGAAAATGTAAAAATAAATATTGATTCTGACTTGCAGGAATATGCACAAAAACTTTTAAATGAAAGACCCGGAGCACTAGTAGCTCTTGATCCCAGGAGCGGTGAAATATTAACTCTTGCGAGCTCGCCTGATTTTGACTCCAATAAGATGGTTTATGGAATGACTCAAAAGGACTGGGATAACATACTTAAAGAAGATCATCCATTTATTAATAGAGCCCTTTCATCCTTTCCACCTGGCTCTACATTTAAAATTGCTGTTAGTGTAGCAGCTTTGGAAGAGGGAGTTACTACGCCTGAAGAGTTGTTTTATTGTCCTGGCTATCTAAAGGTTGGGGATCATACGTTTTATTGTTGGCTTCCAGGTGGGCATGGTCATCTTCATATTGAGAGAGCGATAGCTCAATCATGTGATGTTGTATTTTATACTCTTGGATTAAGATTAGGACCTGAAAAGATAAGATATTATGCTAATAAATTTGGTCTTGATTTACCAAGCGGTTTAAAATTACCAGGTGAAGAAACTGGTTTTTTGCCTACAAAGGAGTGGAAAGAAAAAAAATTTAACGACGTTTGGTATGATGGTGATACAGTAAATATGTCTATAGGACAGGGTTTTGTTAGAACTACTCCATTGGATATTGCAAGAATGATGAGCATTTTTGTGAATAAAGGCAGTTTTGCAGGTTGTAAATTGATTAGTGGTGAAAATACTTCCTATGAGGGGTTTAAATTCAGCGAAAAAACCTATGAGGTGGTGAGAGAAGGCTTAAGAAAAGCAGTTTTAGAAGGAACTGCTATGATATTAAATAGCGATAAATATAGCGCAATTGCAAAAACTGGTACGGCAGAAGATCCCCCCAGGAAAAAGCCTCACTCATGGATAGTTGTAGCTGCTCCTTATGAGGCACCTGAAATTGTAGTTTGTGTTTTTTTTGAACATATTGGTGAAGGTGCGTCGTTTTCTGGTCCTGTAGCTAAATCTTATCTAGACTATTATTTTTCAAATCCTAGTTTGAGGGAAAGATAATTATGGAAAAGAATAGACAATTTCGTTTGATAGGAATTAGAGGGGCTCTTAGACTCATAATAGATCAAAAACCTTCATTGGTAGATGTTATTTCTTACGTGAAATCCTTTTTTGAAAGTAATAAAAAATTTTTTGAAGGTACAAAGGTAATTTTTGAAATTCAATCACTATGTGATTTAGAAGCATCTTTTATAGAGCAGTTAAAACTTAAATTAGCTCGTTTTGAAGAAATAGACTCGTTTAAAATTTATAATGAAAACAATAAAGAACAGGATAAAATTGAAGGTAAAAATTTTGAAGACTTTGAGAATAAAGTTTGTTTCGATAAGATGAATACTAAGTACGTTTGTAAAAGCTTAAGATCTGGTCAAAAGATAGATTTTGAGGGAAATGTTATAATTTTAGGAGATGTAAATGCAGGTTCTAAAATTTCAGCGGGAGGTTCAGTAATAGTTTTGGGTAGCTTGAAAGGAATAGTTCAAGCCGGAATTTTGGACAATTCCTCCATAGTATTTGCTCTGGATTTTGATCCTGTACAGATAACAATTGCAGGTGTTTTAGGGTTATTATCAAATAATGATAAAAGTTTGATAAATAGCAATAATATGTTTGCGTATTTTAAGGATGATAAGATAAACATCGAGCCCTGGAGTGGGCGAAAATTTTTAATAGGGGAGTGATACTTTGGGGAAGTGTATAGTAGTAACTTCTGGTAAAGGTGGAGTTGGCAAAACTACTACTTCAGCTAATTTGGGTGGTGGGTTAGCAAGTCTTGGTAAATCTGTCCTTCTTGCTGACGTAGATATTGGCTTAAGAAATCTAGATATCATTATGGGACTTGAAAAAAGAATTGTTTATGATGTTATGGACGTAATGGAGGGAAGGTGTAAGATTCAGCAGGCTATTGTAAAGGACAAGAGGTTAAATTCACTGTATTTACTTGCTGCTTCCCAGATTCATGATAAATCAGATTTGGCAGAACTTATTGATAGATTTGGAGAAATAATAAAGGGTTTGAAGAAAGAATTTGATTATGTAATTTTGGATTCTCCAGCAGGTATTGAGCAGGGTTTTATGGCAGCTTCGAATTTTGCTGACGAAGCTATTGTGGTAACCACCCCTGAAGTTACTGCTGTTAGAGATGCTGATAGAGTGATAGGTTTGTTGGAAGCAAAAGGGATTAAAGATCATTATCTTATTTTGAATAGGTACAGATATTCTATGGTTAAATCAGGGAATATGCTTGACGTGGAAGATGTTTTGCACATTTTGGGAATTCAGTTATTGGGCATAGTTCCAGAAGACCCAGAGATTATAACCTTTGCCAATAGGGGGGAATTAGTTGTTACGTCTGATTTAACTAACTCGGGCAAGGCTTTTCAGAGAATTTCTAGAAGATTAATAGGAGAAAAGGTTGATTTTCCTTCCTTTGAAGAAGACAAAGGTCTGTTTAATAAGATTAAAAACTTTTTTAAGGCTAAGTTAGGAGAGTAAAGTGGGGATATTAGACTTTTTGTTTAAAAAAAGTAACAGAAATTCTTCAATTGCAAAAGAGAGATTACAATTTGTTTTGACTTTTGACAGATTGTCTATTAATCCTGCATTGCAAGAAAAGATTAGAGAAGAAATTATACAGGTAATCGATAAGTATATGGAAATAGATAAAGAAGCTGCAAGCGTTTTTGTCGAATCTAATGATTCAAATATAAGCCATCTTATCGTTAATATTCCACTCAAAAGAAAAAGATAAAGTTGCTTCAAAAACTAAAAAGCATACTCGTAATAATTGATCTTAAATTATTTCTTATGGTTACTTTACTGACTGTATGGGGCATTGTCAATATTTATAGCGTTACTTATTCTAATGTTTTTTTAACGGGTGGTAATAAGTACATATTTGTAATCAAACAATTTTTATGGTATGTGATTTCAGTTTTTCTTATGCTTATATTTTCGTATATAGGGGAAAGACATATATTTGAAAATTCCAGAAAGATATATTTTGTAGGACTTTTTATTTTGTTGTTTACAATTGTTTTTGGTCAGGTAGTGCTCGGATCAAGAAGATGGCTTTCATTAGGTCCATTTTCATTTCAGCCTTCTGAGTTCTTTAAACTCCTAATTGCTATACATCTATCAAAAATTTTTTCTTCTCAAAATAAGGCTTACATTATAATATTTAGTTCGGTTGTGTACTCAATAATTCCATTTGTAATTGTTTCTTTGCAACCAGATCTTGGAACTGCTTTATCTATTTTGTTTTTGTGGCTTACAGGTTTTATGTTTTATGGTTTTGATCTGATGGTTTATCTAGTTTTTTTTGTTATCTTAATATCCTTTTTTGTTTATTTTTTTAAATTATTATTAATCATATTAGTTCCTCTTTTGTTTTATATATTTATGCGACTAAGAAAAAGAAAAATTACAGTTTGTTTAATTTTGCTTTTTACAGTATTTTCTGCTATTTCTGGCCCTATAGGGTGGAATTCTTTACATACTTATCAAAAGGAAAGGTTATTATCTTTTATAAATCCATTCCAAGATCCAACTGGTGCTGGTTATCATATTATTCAATCACAGGCAGCTGTTGTATCTGGGGGAATATTTGGAAAAGGTTTTTT
CP020921.1_gap15	619226	621440	2214	CTGAGATAGATTTTAAATATGGTCTAATTAAAGGAAGATCGAATTATTTTTGTTGGCTTCGATTTGATGAAGCCATGAGAACTCAAGGACTTATATATCAAAATGATTTGGATTCAATAAGAAATTGGGCAAGAGTCTCTCAGGAGGGAGATTTAAATGAATATGATGATTTTTTGAACTATGAATTAAAAGATGTAATAAGTGTGGATTATGAAGATTGTCCGGGCAGAAAATGTCCATATTTACTTAGTGGAGCATGCCACTATTTCAGGCTTGTTAATTCTTTAAACGATTTAGATATTTTAGTTTCTAATTATCACACGTTTTTTTTTAATTTAGTTAATGGTTCTTTCCCTTTTAATTACGATCATATTCTTATGGATGAGGCCCACCACTTGCCCGAAATTTTATCCAGTGTTTGTACAAGGCAGATTTCAAAAAACTTTCTAAACTATTTTTTGCCACGCGGTTTTGCTCTAAAAATTGTAGACAGAGAACCAGAAATTTTGTCCCCGGTTTTAAATGATTTAAAATTTCTGGAAAACTATGTTAATAATTTAAAAACTTTATATGAGAACTTTTTTGAGGAACTTCAGGGTTATTGTCTTGATCCAAAGGTAAATAAAGGTTCAAAAATGGTAACGTTTCATGATGCTTTGTCCTTTTTAGAGAAAAATGGCAACGAAATAATAGAGGTTTCAAAAAGGATTTTAAGAGAGTTTGATGAATGGGAGAAATTTTTTCAAAAGGTTGGCACCAAGGGCCTTGCTGATGCAAAACTAAAGTATTACAAAAAGAAAATTGATTTTTATGCTCTTGCTATTTCTGATTTTTTAAGCCTTAATGACTATCCTAATTTTTCGTATTCCTTTTTTATTGAGAAGGGTTGCCTCTCAATTGAGCCTGTTTATGTAAATGGGATTTTCAAAAATTTTTTAGACCTTCAACCCCCAAAATCTGTAACTTTATACTCTGCCACTCTAACTCCAGATAAAAAAACTTTTACTTATTTGGAGAATGAGCTTGGTTTTAAGGCTGACAACAAAATGATTTATGAGAGTGTATTTAATTATAAAAAACAGGCAAAGTTAATTATTCCTCAAAATTTTGATATTGATCCAAAATCTTCTCTTTTTTCAACACAGGTAGCATATGCAATTGAACGTATTCTCGATGATTTTGGAGGGCATGCTCTTGTTCTATTTACATCACAAAAAAATTTAAATGAAACAAAAAAATTAATAGTTTCAAAGAAGAGAAAGTTTAGATATCTTTTCCAGGGTGAGAAGCCAAATATCCAATTAATTGAAGAATTTTCGAATGATAGTTCATCTGTTTTGTTTGGACTTAATAGTTTTTGGGAAGGTATCGACGTTCCGGGTCCTTCTCTTTCACTTTTGATAATTGATAGGATACCCTTTCCTAATCCCAGTGATCCAATGATGATTATGAGAGAGAAGAATGAGGGAAGAGAAGTTTTTAACAAAAGTTATTTGCCAAGTGCGAAATTATCATTAAGACAGGGCTTTGGAAGGCTTATTAGAAGTAAAAGCGACGTGGGAGTTTTTGTTATTTTAGATTTTAGGATTTTAAAATGGGGGTTTTTGGAACTTTTTAGACCTTGTGATATTCTATATATGTGGGAAGCAGAATTAGTTAGAAAATTTATCTGGGAAGGTGAATAATATGCACCCTTATGTTCAGCTTGCTAAGGAAGCTGTAGAGCTCTGGGTAAAAGAACATAAAAAACCTGATAAGGATGTTAAAAAATCTCCGCTATTTGAAAGAAAGAGTGCATGCTTTTGCACGATTTATAAAAATAAAGAGTTAAGAGGATGTATTGGTACTATATTTCCCTTGCATGATTCTCTATACGAAGAGATAATAGAAAACGCAATAAGCGCAGCAACTAGGGATCCAAGGTTTGAACCAGTTAGGGTTGAAGAGCTAAACTTATTAGAATATAAAGTAGATGTCTTGTCTGAAATTTCTCCTGTGAAGGACTTAAACAAATTGAACCCGAAAATAAACGGAATTATAGTGAAACAAGGTTCTAAGCAAGCCTTACTCCTTCCTGATTTAGAGGGCGTTGATAGCGTAGAGGATCAAATTAGAATAGTTAAGATGAAGGCGGGCATATTTAATGATTTACCATGTGAGTACTTTACTTTTACCGTTGAGAGATATTCGTGAAATCCAAAAGAAGGAGTGATA
CP020921.1_gap16	624656	626571	1915	TTGTCTGCACTTTCTGAAGAACATAGTGTTTTAAGGACTTCAATGCTAGAACCCTTAACAATGCTTTTAAAAAGACATTTGAATAGACAAATTTATGATATTTCCTTTTTTGAAGTAGGAAAGGTATTTAAAAAAGTAAACAACTCCTTTTCAGAAGAAAACCTTTTAGGTGTAATTGCTACAGGTAAAAGACAATTAGATCCATGGAGATTATATGTTGAAGATAAGAATTGGTCTTTTTATCCATTTAAAGGGATTTTTGAGAATTTCTTTAGATCTTTTGGAATAATAGATTGGGAAATTTCTTCTGATGTAAGCTATGTATTTCATCCATCTATTTCATGTTCATTTGTAGTTAAAGATAAGAAGGTATTAGAGATAGGTGAAGTTAATCCGAGAATTTTACATAATTGGGAAATAAATCAAACACTTTTTTATGCGCAGCTCTTTATTGATAAATTCCTTGATCTGTTAGAATTTAAGAACACTAAACACGTTTTTTCAGTTTTTCCAGCAGCAACCAGGGATATTTCGATACTTGTATCAAAAGAAATATTTTATTCTAAAATTAGAAATGAAATTAAAATGTTGAATTGCCCGATACTGGAAAACATAACTATTTTGGACGTTTATCAAGGAAAAGGTATACCTGAAGATATGAAAAGTATAACTTTAAGTCTAAGGTTTAGAAGTGAAGAAAAGACTTTATCTAATGAAGAAATAACCGAGTGGATAGAAAAAATAATAAAAAAATTGAAGGATAGCTTGGGCATTCAAATTAGAAGTGTAAATAATTAATAGTTAAATTCCTTCTTTATTTCTTTAGTGAGGCGAAGTTTAAACTATGAATCTTATTGACTTATTAATATTAATTGTAATCATACTATCTTATTTTAGTGGTTATAAAACTGGCTTAATAGTTGTTTTTACTTTCTTGTTTGCCTTTTTTTTATCTTTGTATCTTACTCCTCACTTGATGAACATTGCTGAGGCTTTTTTTTCAAAAGCTTTATTATTTAATGGTAAATGCCTTATAAGTATTTCTTTTATTTTTACTCTTCTTATGCTTAATGCTTTAGTTGGTAAATTTTTATTGTTGGTAGCTGATATTTTAGGTATTAGCAGAATATCTAAAAATTCTTTTATTGCCGGTTTTTTGAACGTTCTTTTATCTATTTTAATGTTAAGTTTAATAATTAAGTCTTTAGATTGGGCAAATATGTATATGCTTTTTTCAAATCAATGGAAAAATTCTTTAACTACACACTATTTATTAGAAATAAATAGTAACTTTTTTAAACATCTTCCCTTTAACTTCTTTTTACCATGGAAAAATTAAAGTATAAGAGTAATCAAAGATCTGCTGATGTGGCCAGAAGGCTAAAAAATATAATTGATTTTCACCAATTAATTAAGGTTAAAGATATTTCTACTTTTTACAAAGCATTTGACATTGTTTTAAAATGGAATAAAGAATCTTATATTACAGTTTTTGGAGAAAACAACAACTTGCTTCCAGCAGATATGAAACTAAAATTAAGAAAAATGTTTGCTAGTTTGAAAATAGACGAGGAAATAGAACTAAATAAAATTAATAATTTTAATAAAGCCCTTTTTAAATTTTGTGGTAGCATTTTGGAGGAAGAAATTTTAGCTAAATATAACATATTTGGTCCTATATCTTTTTTTAAAGCTTTTCATTCTTTTAAAGAGTTTAGAAAAACTTTAAATAATTATCTAGATGAAACGAAATTTTATGAGTTCTATCTTTTCTATTTCAAGAGTTCCAGAAAGCCTATAGGAAGAGCTATTAGGTGTTATGAAAAATTGAAAAAAGTTTATCCCTTATTAGAACCTGTTGGTTCGCTTTTAAGATTTGATGAAATGATCTATCCAGTAGAATTGATTTCTAGAA
CP020921.1_gap17	671737	675889	4152	AGTTGTCTAAAGAATTTGGCTCTTATAATTCTACTGAAGTAAATTTTGAATCATTTGATGAACTTACTACTGAAAACATTTTTAAACTTCTGAGTTTTAGAGAGTTTTTAAAAAAGAGAGAATTATATGAAAGTGCTGATAAAATAAGGGACTTTTTAAATAAAAAAGGAATTGTAATAGAAGATTTGCCAGGAGGCATAAGAGTAAAAAAAAGATGAAAAGTGATCTTGTGATTGGTGTACATCCTGTTATTAACGCTATTAAAGAAGGAATAGAATTTAGAGAATTGCTTATTGCTAGAAATAAGAGACTGCCATTTATAGAAGAGTTTTTAGAAAAAAATAAAGACAAAAGATCTCTTGTTATTTATAAGAATCTTTCAGAAATTGAAAGACTTTTCCCTAATTCCCAAGGAATAGTAATGTTTATAAAGAGATTTGAATATGCAGATGAGGAAGAAACTGTTCTTAATGCTATAAAGTCTAAAAAGGTTCTTTTAGCTTTTTCTGGTATTATGGACGTGCGTAATATTGGTGCTGTAGCTAGAACTGCTCAAGCATCTGGTCTGGTGGGAGGAATAATTTTACCAAAACATAGATCGCTTGATATTACTCCTGCTGCTATCAAGGCATCTACGGGCTCACTCTTAAACATACCGGTAGTGCGACTCAGCAATTTAAGATACTTTGTAAAGGATCTAAAAAAAAGAGGCGTGAACGTTATTGGTGTGGAAAAGAAAGGATCAATTAGGTATGATATGTTGAAATACGATCTTCCTATTTGTTGCGTTTTTGGTTCGGAATCTAAATCGCTTTCTGATGTTTTTCTACGAGATCTCGATCAGAGCGTATATATTCCTATGGCTAGTGATTTCAACTCTTTAAATTTATCTGTAGCCTCTAGTATTTTGTTATACGAAATATTTAGGCAAAAGAATTTTGAGTTATAATATTATCCTTGATAATTTATTTTAAGGAGGAATTTTTTAATGCTACCAATACCAACAAAGTACTTTATCTCTTTTGGAAGTTGTAATGCTGATCACCCTCTTAACGCATTTGATGGCGCACTCCTTTCTGCTGGAGTAGGGAATACTAACCTTGTAAGAGTTAGTAGTATTTTGCCACCGTCTGCTGTGGAAGTAAAGAATTTAGCTTTACCTTATGGCGCGCTAGTTCCTATTGCTTATGCGAGCAAGGTAAGTACAAATAAGGGGGAAAGAATTGCAGCAGCAGCTGGCATTGGAATACCTAAAGATCCAAGCCTTCCTGGTTTAATAATGGAGTATAGTTGTTCTGGAAGCAAAGAGGAAGCTGAAAAAACAGTATTAGAAATGGTTGAAGAGGGTTTTGCAATGAGAGGTTTTAAGCTTTTAGAAAAGAAGGCTGTGACTACGGATATTGTAGTAGAGAAAGCTGCATGTGCCTTCGCTTGTGTGGTCCTATGGTATTAGGAGATAATAATACACCAATTTTTCAATTCAAAGAAGAACATCTTCCAGGTTCTGGCATATATTTTGATGTGATTGATATACTCTTTAGTGCGCATTCGAAATATCAAAGAATTGAAGTATTTCAAACTGCTAGTTATGGTAGAGTTCTTCTTGTAGACGGAAAAGTAATGCTTACTGAAAGAGATGAGTTTATCTATCATGAGATGTTAACTCACGTTCCATTGAGTTTATCAGATAAAATTAAAAATGTTCTAATTATTGGAGGAGGAGATGGTGGTTCTGCAAGGGAGTGTTTAAAATATAAAAATATTAAACGCATAAAACAAGTTGAAATTGATGAAATGGTTGTAGAAGTGAGCAAAAAATTTTTTCCTACTCTGTCAAGTGCTTTTAGTGATCCTAGATTTGAACTTTGTATTTGTGATGGAATAAATTTTGTTAGACAGACTTCAGAAAAGTTTGACTTTGTTATAGTTGATTCAACTGATCCGATAGGGCCTGCTATTGGTTTATTTGAGGGCGAGTTTTTTGAAAACATAAAAAAAATTCTAACTCCTGAGGGTATTTTGGTTTTTCAGCTTGAATCTCCATGGTGTCATTTGGAATTTATTAGCGAAGTTAGCAAAAAAGTCAAAAATATCTTTCCGATTTTTAAAAATTATATTGCATTTATACCAACTTATCCTTCTGGGTTGTGGAGTTTTGGTTTTGCATCCTTTAAAATAGATCCGATAAAGGAATTGCAAAGTGATATATCTATTAGCGGTTTAAAATACTATACATCAGAGATTCACAAGGCATCCTTTGCACTTCCTAAATTTTTTAAAAATTCTGTAAGAGATATTTAAATTTTTTGAAAGATTATTTTATGTTGTAACAGGTTTATTTCAAGTAGTTTTGCATGTATTTCTTTTTGTTCGCCAAAAATATTAACTAGAAACCACAAGTTATCTTCTTCTGGTTTTAAGAGTGCAACGTCTTTAAGGATTAAAGTTTCTTCGCATTCCTGATTTTTATAAAAAGCACTGGCTTCACACATTTTTAGCTCGTCCTTTCGATATAATTTTTTAGACGCAAAACTGCGTCTTCAACTTGGTGGGGGAGGGGTTCTTGCTGGGTAAGAGCAATATCTATATTTGATTGATTAATAGGTAAAAGAATTTTTACTGCTTTTGATTTTGCAACAGCTTCCGACATTTTTTGGGTGAATTCTCCCATCATAGAATCGGCTACTAAAATACTAATTGAACCAAGTATATAATCAGCTTCTGGAACATTCTTTATTATTGCGTTTTCACCTGATGCACCTTTATTTGCTTTTGCTTTAAGCATATTTACTGTGGCAAATGCATTTGTTCCTAGCGCAATTATTTCTATATTTTCAATAATTTCTGATAAAATTTCTCTAATTTTTAGCACTATTTGTTGACCTATTCCGCCACCTTGTCCATCAACTATAGCTATTTTTATGATATTTTTTTCCATTTACCCTCCTTTTTAGCTTCTTTTATTATAACAAATTTTGTTTTATAATGTACAAGAATTATAAAAAATAATTGGGAGGATTATTGATTTTTTGTGTTGGAACCATAGTATTTGATACTATACTTGTAGTTAAAAAGTTAGCATTGGTTAACGATGCAGTTGTAGCTGATGAATACAAAAGGACTTTTGGTGGAGCTGCTGCAAATTGTGCTGTTACAATAAAAAAATTATCTATAGAATCAGGCCTTATTTCTGTTGTAGGAAATAATGATTTTCACCACGGATATGAGGGTTATCTTAAAGATTTAATGATAGATACGAAATTTGTATTCAAAGTTCCAGATGGATATTCTCCAAGAAGCATATTGATTACAAGAGTGCCCGATGGTGCTCAACAAATTTACTTTTATGAGGATAAAATAAACTATGAAAAAATTTTAGAATCGAATATTTCAAATATATTAAATAATTTAGATAAATGTAAAATACTACACTTTACTACTGGGTATTATGATTTTTATAAGAAATTCTTAATAAAGTTAAAGGATAGTAAAAAGGATATAGTAATAAGTTTTGACCCAGGGCAACAAACCTTGACTCAACCTGAAAAAGTGATTGAAATACTGCCGTATGTTGATTTTCTGTTTATGAATGAATTTGAAAACAAAAAATTATGCGATGTTTTAAACGTTGATAATATTATGAAATATAAAAAGTTCAAGCTTTCTTGTGTAAGTTTAGGTAAGAATGGATGTGAGATTTTTTATAACGGAGTAAATTATAAAATTCCAGCTATTCCTCCAGAAAAATTCGTAGACTCTACAGGAGCAGGAGATAGCCACAGAGGCGCTTTTTTGGCTTCATATCTTATGGGATTTGAGTTTATTGATTGTGCTTATATAGCGGCCTCTGTATCATCTTTTGTTTTAGAAAGAGACGGGGCTCAAACCAATTTGCCAAACCTTGATATGGCAATTGAAAGAGCTAAAAGATTCACTAATTCAAGTTTTAAAGTTTTACATCAATCATAGCTGAGACACCGACTCCCAATACCCTGTGAAACTGTAGTGGATTAAGAGAGTCAGATGGTATTAGAGCTTTAATTCTAAACTTATCATTGCTAAAATTAAATTCTAACTGCATAACAGCTTGTACTGTTTGTACTCTTTCGGCAGGGCCGGAAACCTGTGCTGCACCAACATATGTACCGTTCC
CP020921.1_gap18	680964	684465	3501	ACAAAATCCAAGATACTTTTTTGCTCTTCTTTTGATAGAACCTTTAAAGCGTAGAACATCATGCTAAATTCGGGCTCTTCGGAAAACTTTTTTGTTAAATCATCTGTGATATAGCCTGCTCTTAAATATAAGTCTAATTCGTCTATTCCAAGAACTGATGCTATATTTTTCAAAACTTTTGGAGATGGAGGAGGCATTTTTCCTGATTCAAGCTTGTTTACATAACCAGGATCTATCCCTGATAACAAAGCAAGCCTTCTCTGATTAATGCCTTTTTGAATTCTTGCTTCCTTTAAAAATTTACCGAATTCATTTGTCAAATTCGTTCACCTCTTTGTTTTAGTAAAAACCGCTAACGCCTGCTTCCAGGTTATAGATTTCTTTAAATCCTTTATTTTTCAGCATTACTGATGCCTGGTATGATCTTGAACCTGTTCCACAGAATATAATAATTTTTTTATTTTTGATATATTCTAAATCAGAATTATATAAATAATCAATAGGTATATTAATGGCGTTCTTAAATGGTGAAGGAACCCTTTTAAATTCATCTTCTGACCTTACATCTAATAATACTACGTTTTCCATATTATTATCTTTTTCAAACATTTCTTTTACTTCTTCGAACGAAATTCCTTTATACATATTGTTCTTTTTGTTTTCATATATTTGAAAGCCTTGGACCAGAATGTCTACAGAATTTGAAAATGGAGGCGAATAGGATAAATCTAAGTTTAAAACTTTATTATGAGGAATTTTATTTTGAATGATTGTCGCAGCAACATCAATTGTTTTATCTACACTGGCTTTTTTACCAATACATTGAGCTCCGATTAAATTGTCAGTATTTTTATCAAAAATTAGTTTGATATTTATTTTATTACTTTCAGTCATATAATGTGGTTTATCGAAGCCGGAATAATAAACTGTTTCAAAATTAATATTCAAATCCTTTGCCTCTTTTTCGCTCAAGCCGGTTCTAGCAATATTGAAGTCTAATATTTTAACAATTGCAGTACCAATCGCCCCATCAAAGGCTTGAGAGTTGTTTTTTATAATGTTATTTGCAACAAGTCTTCCCAGTCTATTAGCATAAGTTGCCATTGGTGCGTAAAAGGTTTTGTTTGTTAATAAATTTTTTATTTCTATACAGTCACCAACTGCATAAATATCTGGATTTGAGGTTTGTAAAAACTCATTTGTAACTATTGAGCCTCTTGCTGAGATTTCTAGTCCAGCTTTTTTTGCTATTTCTGTGTTTGGTCTTACTCCCGAGCAAATGAGAAACATATCTGCATTCACTTCTCTTTTTTCAGAAATGGCTTTAATTGTTTTTTTATTTTCTGAGACAAATTTTACTATTTTTTCACCTGTATATATTTCTATTCCACTATTGAACATTTGTTTTTTTAAATATAATCCTATTTCTTTGTCTATAAGTGTAGCAAGTGGCCAATCAAAGATTTCAAAGAGTGAAACATCTATGTTTGAATTGAAAAGTGATGAGGCAACTTCACATCCAATTAAGCCAGAGCCCAAAATACAAACGCTATTAACTTCATTCTCTTCTAAATATGACTTAATTTTTATGACATCTGATGGAGACTTAAGTGTAAATAGGTTTTTATCTTCAATTGAAAGTCCTTCTATAGGAGGTACAATGGCTTGTGAACCGGTGGATATTACAAGTTTATTGTATTGAAATTTAAATTTTTCATTACTAGCATTATTTAAAGCGAGAACAGTTTTTGATTTTGGATCAATTTCGGTAACTAAGTAATTTAGCAGTAAATCTATGTTAGCATAATTCTTGAAATAATTTTTATCTCTTAAAGATCCAAATGATGTCTTTTGTAGGTCATTAAAGTCTTTAACTAATCCTTCCAAATAAAACGGCATTCCGCAGGCAGCAAATGAAGGATAAGTTCCCTTATCAATTACTAAAATCCTCTGGTTAAAATCTAGCCTTTTTAGTCTCATTGCAGTTTTGAGTCCTGCTGGCCCAGCTCCGATAACGATTACATTAAATTTATCCAAGTTCATGCCTCCTAAAAAATTACTTGATATAAATATTTTATTACAATTTTTTAGTTTTATTACAAATTTTTAATTTTACAACTTTTTTACTTTGTTTAAGCAAATTAAATTATAATATATTTTATGTCATTTAAATTTGATGCTGAAGATTTAGATTATAAAGATGTTCTAAAAAACATTTGCAAAAAAGCACTTTTGCCTTTTGTTATAGAAAGTATTTTAAATATTAAACCTCTAGAATTTTTTGAACTAAAAACAAGGCAAAAATGCATAGATGATGCAATTAATGTTATTTGGAAATACTCTGATCCTAGAGAAAGGCTACAGGACATTGCGATTGATTCACTTATTAATTATAAAAATCACCTTCCTTTTTCCTTTAAAAACTATTTTGGACTGTTACTCTTTTTAAGAGCAGTTAGTTCAATTAGAGAATTTTTTTTGAAAACAGAACTTACTTCTAATTTTTTTTATGATTGTTCGTTAAAGCTAAATTTTCCACAAAAATTTTTTAATCTTCTTGTAAATATTTTTGATGATGAAGGTAATATAAAGGATAGTGCAAGTGAAAAATTAGGCGAAATAAGAAAAAGCATAAAAAAACTTGAAAAGGAACTTAATGGTTTACTTAATGACTATGTTAGAGGTGAAAACAAAAAGTATTTCCAAGAAAGTATTGTTTTAGAAAGAAATGGTTTTTATTTACTACCTGTAAAAATTGAATACTTGGATAAGATTCCGGGAACAATTAGGGATACTTCAGCTTCAGGACTTACAGCATATGTTGAGCCGTATATTTGTGCACAGATAGTTAGTAAGATTAGATTGAAAAAGGAAGAAGAAATAAACGAATTAAAGTCAATACTAATAAGTCTTGATAAAAATTTTTCTGAATATAGAGTATTAATTCAGGAATGTATTAATTTTTACGAAACTGTAGACTTTTTTTTCTCTTTAGGAAAATATGCTAAAGAAAATAATTGTGTAAAGCCAGAGTTTGTTGATGAAATGGTAATTGATTTTAAAAATACAAAACATCCTCTCCTAAGTAACCCAGTGGGTCAGGATTTTTTTCTAAACGAAAATTTAAGAGGTTTTATATTAACTGGAGCAAATGGAGGAGGCAAATCTGTTGCTTTAAAGAACCTTGGTTTGAACGTGTTTTTAGCTCTAAGTGGACTTTTTGTACACGCAAGTAGTGCAAAAATTGGTCCTTTTAAGGGGTTATATTCAGATTTATGTGATATCCAGGATTTAAGTTTGGGTTTTAGTTCCTTCACCTATCATATAAACAGATTAAAACATTTTTTAGAGAATGACCTAACAGATTCGATAATTTTAATGGACGAACTTGGTAGTGACACAGATCCTAAAGAGGGTTATGCTCTGGCAAAGTCAATTATTAAATATCTTTTAAAAAAGGGCGCATTTGTTTGTATAACTACTCATATTGCCGAATTAAAA
CP020921.1_gap19	695673	698904	3231	TCTAAGTATAAGGAAAAGCTTGTGCAAAGGCACAGGAATTTGATGAATGAAAACTTCTTAGTACAAAAAGGTGAAGAAGTAGTGCATGAAAATAAAATAGTTAAAACAAAAAGGTTTCCTTTAAAGCCAATTACACCAGAAGAGGCTATAATAGATATGGAACTATTGGGTCATAATTTTTATGTTTTTATTAATTCTCAAACTATGGATACAAACGTAGTTTATAGAAGAAATGAAGGTGGATACGGTTTAATTGAGCCAGAAAAATAAATTTTTTGAGGAATATAAATGTTTAATAAGCTTTTAAGTAAAATTCTTGGTTCTAGTAAAGAAAATGAATTAAAGAAATATTATGAAATTGTTGCAACTATTAATAATAAAGAAGAAGAAATAAAGAAATTAACTAGGGAAGATTTTCTACAGATAACTAATAATTATAGAGAAGCGCTAAAAGAGTACAAAGAGAAAGATTTCCCAAATGAAATTCTTATTAATTCATTTGCAATGGTAAGAGAAGCATCTCTAAGAACTTTAGGGCTCAGGCACTTTGACGTTCAACTTATTGGTGGTTTGGTACTAAATGACGGCAAGATTGCTGAAATGGCTACGGGTGAAGGCAAAACCCTTGCTGCTACAACTGCTGCTTATCTTAATGCGTTGAGTGGGAAAGGCGTTCATATTGTTACAGTCAATGACTATCTTGCAAAAAGAGATGCTGAGTGGATGAAACCTGTTTACGAATATTTAGGAGTTTCTGTAGGGTATTTACAAAATAATTTCGATAATGAAAAGAGAAAAGCTGCATATAATTGCGATATAACATATGGCGTGAACCATGAATTTGGTTTTGACTATCTAAGAGATAATATGGCTTTATCTGTGGCTGATCAGGTTCAGAGAGGTTTGAATTATGCAATTGTTGACGAAGTAGACAGCATTCTAATCGATGAGGCCAGGACCCCTCTTATCATATCTGGAAGAGCTGCTCAAAAAACAGAGCTGTATAATAGGCTCAATCCTATAGCTCTCAGACTGAAGCCTGAAGAGGATTTTACACCTGATGAGAAGACTAAAACTCTTTCTTTGACTGAAGTTGGAGTTGCTAAAGCTGAGAAATTATTGGGAATAGATAATCTTTTTGACGTTAAGTACATTGATGTGCTTCACGTTCTTACTCAATTATTAAGAGCTCATCACCTGTTTAAAAGAGAAAAAGATTATGTGGTCAAAGATGGAGAGGTAATTATTGTAGATGAGTTTACCGGAAGGCTTATGCATGGGAGGAGATATTCTGATGGATTGCATCAGGCTATTGAGGCAAAGGAACACGTAAGGGTTAGAGAAGAAACACAGACTATAGCTACCATTACTATTCAAAACTATTTTAGATCTTATGCAAAATTGGCAGGTATGACAGGTACTGCAAAAACGGATGAGGCTGAGTTTATAAAGATCTACAACTTGATGGTAGTAGAGATTCCAACGAACAAACCTGTAATTAGAGTCGATTTTCCTGATGTAATATATAAAAATGAAGAAGCAAAATTGAGAGCCTTGATAAGGGAAATTCAAGAATGTTTTGAAAGAGGTCAGCCAGTTTTGGTTGGCACAACATCTATTGAGAAATCAGAAAAACTTAGCCTGCTTTTAAAGAAAAAGGGAATACCTCATCATGTGTTGAATGCAAAGTATCATGAAAAAGAAGCAGAAATAATTTCACATGCTGGTGAAAAGAAATCAGTAACTATTGCTACAAATATGGCTGGTAGAGGTGTGGATATTGTAATTGATGATGAGGTAAGACAACTTGGAGGACTTCATGTAATAGGCACATCAAGACATGAAAGCAGGAGAATTGATAATCAGTTAAGAGGTCGAGCAGGTAGACAGGGAGATCCTGGTTCATCTAGATTTTATCTATCCTTAGATGACGATCTCTTGAGATTGTTTGGTTCTGATAGGCTTGTTGCTTTGATGGACAAGCTGAACATAGATGAAAACGAGCCAATTGAACATAAATGGGTTACAAAAGCCGTAGAAAATGCACAGAAAAAAGTAGAAGAAAACAACTTTGCAATAAGAAAACAACTAATTGAGTATGACGATGTTTTAAATAGACAAAGAGAATATATATATTCTGAAAGGCAAAAACTTTTAACCCGTGATGATTGTAAGGACATAATTGTTGGTTGGATAGAGCAAATTGTTGAAAAGTATGTAGATGAATCGTTTCCGAAAAAAACAATTAATGAAGAAGGCTTGTCAGTTCTTAAAGAATCTCTTCAAGAAATAATAAAACTAGATGATGACGCTTTTGATAGCTGTAAGGACATAACTGAATTAAAAAGTAAGCTTAAATTAGTTTTGAAAGAAAAATATAGTCTTAGAGAGTCGGAGCTCGGTTCAGAATTATTGAGGTCTTTAGAGAAATATATAGCTTTAAGAATTATAGATGAAAAGTGGATGGAATATTTACAAGATAATGATTCTTTGAGAGAAGGTATAGGACTTAGGGCTTACGGTCAAAAAGATCCTCTTGTGGAATATAAGATAGAAGCATCGAAATTGTTTCAGGAAACTGCTACTCTTATAAAAAAAGATACTCTAAAATTTTTGTTCAACGTAATTGTTGAAAAAAAGGAAGATTTGAGTGATAAAAAAGAGGCTCCCCAAGGGAAAACCAATATAAACAATGCTAACAATAACCAAAAAAATAATAAAAAGAAAAAGATTGGCAGAAATGATCCTTGTCCTTGTGGTAGCGGAAAAAAATATAAACATTGTTGTGGAAGGAATGAAACATGATAGAGTACGACATTAATTCTTTGAATGAGAGAATCTTAAAAATTCGTGACTGCCTTTGACCTGGACAACAAGATAAAAAAGTTAGAAAACATAAGAAATGAACTTTCAAATCCTGAAATTTGGCAGGATGTTCAAAAGTCTTCGAATCTAACTCAGTTAGCTGATAGTCTCCAGAAAAGTATTGATGAATGGAATAATTTAAATTCTAGTTTTGAAGATTTTTTGTTTTGGACTGAATTTCAGGGCGAAGATGTAGAAAATGAAATTACTGAAAGCTATAAGAATTTAATTAAAATTCTTGAAGAAATGGAAATTAGAGCCCTTTTGTCCGGAAAATACGATAGTTATAATGCAATGCTTTCTATAAGTGCTGGAGCAGGTGGAGTGGATGCGCAAGATTTTGCAGAAATGCTTCTTAGAATGTAT
CP020921.1_gap20	711226	714473	3247	ATGTCATAAAAGATATATAGATTTAGAAGAGCTTTTGATATACTTTACGCTATAAATGTAAATCATTTGGAGAATGGAAAATAAAAACTATATTAATTCAAGTGTAAAAAATTCTATAAAAAGATACTTGAGTAGTAAGCATAAAATAAAGATTTCTTAAAAATTTAGAAAGGAGAGGTCAGTATGGATTTAAGAATTACTATTTTAGCTGAAAATAGTGTAGCGCTTCCATTTGGTGTTATTGGTGAACACGGTTTTAGCGCTTTAGTAGAAACCCCTAACTTTAACTTTTTATTTGATACTGGTCAAGGTAAGGCTTTGTTAAATAATTCAATTGCTTTAAAAAAAGATTTAGCCAGTATAAAGTTTTTGTATATATCCCATGGGCATTATGATCATGTAGGCGGTATTGCTGATCTTTTAAAAATTAAGTCTCCACTTGAAACATATGCGCATCCAGATATATTTTCTAATAGGTATTGGTCAATTGGCAATACAAGAAGATATATAGGGATACCATTTAGCCGATTTTATCTTGAAAGTCTTGGCGTTAAATTTAATTTTCATAGAGAATTTACAGAGATAGAGAAGGGTATTTTTTCGTCTGGAGAAGTTGAACGTAAAACAAAATTTGAGAAGATTGATAAAGAAATGAAAGTTGTAAACGCCAATGGTGAACTGGTTCAAGATGAGATTTGGGATGATTTTTCTTTAGCTATAGAAACGCCAAAAGGTCTTGTGGTTCTATTAGGTTGTGCTCACGCTGGCATAATAAACATTTTAAATCACTTTATAAATAAAACAGGTAAAAAAGAAATATATGCTGTAATAGGGGGAACCCACTTAGGCTTTGCTTCGCAAGAGCAGATTAACAGTGTCCTCGAGGTGATTGAAAAATACAATATACAGAAATTGGGTGCCTCTCATTGCACGGGCATGGAAGTTGGAGCAAAATTGTATAACAAGCTCAAGGATAGATTTTTCTTTGCAAGTGCTGGTAGCGTATTTGAACTATAAAAACTTTTGAAAAAATTTGGTAAAAATGAGACTGTTTGTATATTTTTGTCTAGCTTAGAGTTATAACGTTAAATTTTTAAGTTTTTTATGCTCTCAATCTTAAAGATAGCTTTTGTTATATTTTTTTTGATCAATTTCTATCTGTAATACCTTAATCCACCTTTAAAGTTGCAAAAAAATTCTAAGTCCTTTATAATAATTGCAGTGGGCCTGTGGCGCAGTTGGGAGCGTGCCTCAATGGCATTGAGGAGGTCAGGGGTTCGAATCCCCTCAGGTCCACCAAGTGGAGACTATATTATGAGTAAAGCTGAGTGTGAATTATATTTTAAAAAAATAGATTCAAAAGGCTTCAGGGTAAAGTATTGGGACGAAGAAGTTGTAGATTACGGCAAAGGTGAACCCAATTTTACCATAACCTTTAAGAAAGATCTGGCAGATTTTTCTATAAAAGAAGGAGACTTAACAGAGCTAATAGAAGATAACGCTGAAGAAATTATAGATATTGATGGAAAGATAGATGATATATGCGCTGCGTTTGGTTTTAATCAGGAGACTGATACCTTTAAAACTATAAAAAGACAAATTTTATTATCCATTGCTGAACTATTAATAAACGTCAGGAAAGAAAGACAAAAAAAAGAAGTCCAATCTCACTATGATCTTGGTAACGACTTTTTCTCTTTATGGCTGGATGACACTATGACTTATTCATGCGCATACTTTAAGGATCCAAATATGAGCTTACGCGATGCCCAGATAGAAAAGATAAATCACACTCTTAAAAAATTAGACTTGAAAAAGGATGAAAGGCTTCTCGACATAGGAAGTGGCTGGGGTCATTTAATACTAAAAGCTGCACAGGAATATGGAGTAAAGTGTATGGGAATAACCTTAAGTGAGGAGCAATTTAGGGCGACTAAGGATCTTATAAAAAGATCAGGACTTGAAGATAGAGTTGAAGTAAGACTTATGAACTATCTTGACCTTGATGAAAATAAATTGCAATTTGATAAGATAGTTAGCGTTGGGATGTTTGAACATGTTGGGAAAGAGAATTTAGAGAAATACTTTGAGAAGATCAATAAACTTCTTGTTGATAAAGGTTTATCTCTACTGCATACGATAACCTTGCCTGAAGTTTCCGAAGAAGATTCTTTTAGCATCTGGTTAAAGAAATATATTTTTCCTGGTGGTTATATTCCAGAGTTGAGAGAATTGGTTAGTATTTTGCCCAAATATGACTTTCATCTTATGCATCTTGAAAGCTTAAGAATGAATTACGCCTTGACGCTTGATAAATGGTATGAAAATTATTCTCTTCACGCCAAAGAGATAGAAGAAAAATTTGGGAGACAATTTATGCGTCGTTGGGGGTTTTATCTAAAAGGTTGTGCAAACGCTTTCAGAACATCTGGCCTTGATGTTCATCAACTTCTCTTTTCAAAGGGCCTCAATAACGATATGCCTTTGACGTTCGAGTATATATACAAATAATTTCGGTATATATTTTTCTCAAGAAATCTGCAAAATTTTTCCAACTGTCATTGATTGTTACCAAATTATTAAATAAGTGAATTTAGGGTAGTTTTTTGATACTGCTAATGGTCTTTAGTAAAATTTTAATTTAAATATGATTGTTATTTTTAAGGAGATTTAAAATGGGTAACGAGCGCGAATGGAAATGTAAAAGGTGTGCTAGTTTGCCTGTTATAAGTAATGAAGAAGAAACAGTTATGTTTCGCTGTGATGTGGATTTGTTACAAAATAAACTTTATAATACTCTTAATGAAATTGGGATTTGAACTGATAAATGATGGCGAAACGCTAAAAATTGAAACAAAAAATTTCAACAGTTTTTAGAGTTTTTTCGACGCAACCGTATTCAGAGATTGAGCAAGAAGGTATTCATGTTTTATTTCTGAAAAAAGATGAGACTTTAAAATTTTCCGCTTTGTCAAACACTAAAACTCTTAAAAAATGGCTTTTTCTATTAAACAACGTAGATTTTATAAATATATTTGAAAACAAGTCATTAACCACATACTTTCAGCCTATTCTGGAACTAAATAATATGCAAATAAAGGCTTATGAGTGCTTAACAAGAGGTGTCAAGGCTGATGGAAACCTTATGGCGCCCAATCTACTTTTAAACTTGCAATAGAGAATGATCTTTTGTTCTTTCTTGATAGACTATGTAGAGAAAATGCGATAAAGACTGCTACGGTTAAAA
CP020921.1_gap21	715507	719841	4334	AAAAAACTTTTAGAAAAAACACCTAAAATTTTGTCTCAAAATATTGTGGCTCATATAATGAATCCTGTAGATAAAGTGCTTATTATGTCTACTATTGACTTTGATGGAAGTTTAACCTTAGAATACGGTAATGAATACATATATAAAAAATGAATTTAAAGATATTTTTTCATATAGTTATATTTTGGGAATTTTGAACTCTAAATTATCAGAATGGTTTTATTACTGGTTTGTTTATAATAGGGCCATAAGAACTATGCATTTTGATAAATATTATATTGGCAAACTTCCAATAAAAAAAATTGATACATCCAATCAAAATATTGTTTCTGAAATAGAATCAAAGGTTGAAGATATTCTTACTATTAAACAAAAAGATAGTAGTTCAGATACCTCTCAACTTCAAAGAGAAATAGATGGATTGGTTTATCAGCTTTATGACTTAATTAAGGGTGAAATAAAAATCATCGAGAAGGGGGTTTATAATAGGGATAGATGAAATTTCTGAAGAAAAGAACTTAAATAAAATATACGATGCATTTTTATTTGGTTTTTTTACTGATTTTCTAAAATCAAGCGAGGATTTGCCAGATTCAAGCTTAAAGGATTTTTGTCGTTTAGAATCTTTGTTCTGGTTAAATAATTTCGATGAATATTACGAATATATAAAAGAATTAAGTTCTAAAGATAAAAATATAGGATATTTGCTTGAATTTAATTTTAAACTTTTTGCTCTTGAATATATTCCAAAACTTTATGTGGAAAAGTTTAAAGAGAATAAAACCTACGAATATAAAGAGGAATTTAAAAGTCTTTTACCTGAATTTTATCGTATTTTAGAAAAGCCAATAGACAGAGTAGCTTCTCCTTTTTATTTAGAAGTTTTACTCAATATATTTATTATATATTTAGGTATTGCTGAAAAACTATTTGATGTCAAAAAGCTTCCACTTTCCGATCATATAAGACTAAAAACAAACATTTTTACAAAACTTCAGCAGATAGAATCAGAATTTCAAAATCAAAGTTTTAATACAGAAGAAGATAAAATCTGGCAAACTCTTATTTACAAAGGATTAGCTAATGTTTACTCTTATTATGATGAGTTTTCACATATAGAAAGGCTATACTATGAAAAATCTTTGACAATTAGATCGAATGTGTTTGCTTTGTTAGATATGATTGATTATATTTTCGATGATGATGAAAAAGAATATGAAGCATGGAATTATCTTAAAAATTTTGAGAAATATTTTAATTATGAAAAATCGTTAGATGAAACAGAATATTTTATTTTTTTTGATAAGAAAACACAATTTTCAGGATATCAAAGTAATCAAGAAATAAAGGATAGTTATATAAGAGCTATCAGATCAATTGAGAAAATGAAATATAAAACAATTTATGAAAGTTATTTTTACTATAATTTAGCCCTATTTTTAGAGGACGAAGAAGATTATTTAAGAAGTGAAGAAAATCTTAATAAGTCATTAGAAATACTAAAAAATGCTTGTCAAATACCCGATCTAAGTTATAAATCAGATATAAAAAACAGAGAGAATTTGATTTATTTTTTAGATGATTTTGAAGATTATCTTTATGAGATATGTTTTTGCCAAATTAATTTAAATAAAGTAGAAAGTTACGAAGAAACTCTTGCAAATATGGAAAACATTAAGGACGAATTAAGTTCTCAGGACTATTATGACGAAAAAACTGATATTTCCTATGATATAACTCTTTTAAGGTCAAAAATTCTTGAAAATATAGAGAAATATGATGATTTGATCAAGATAATTGAGAATTGTTTAAACGAAAACAGAAATCTGCTTTCTGATGAACAAAAATCAGAATTAAAGGCGAGACTTGCTGTTGCATATTTAAAAGTTGATAATTTAGATAAATATAATAAATTGGTAAAAGAGGCTATTGATTTGGATTCTAATAATAGAACTGTATTAGAAATAGCGGTAAAGAGAGATTATTTAAAAACTAAGTTTTTATCAAAGAAGCATTGGTATGAAATAATCAAAAGCTTTTCAATTCCATTTGTTATTTTTACACTAATTATTATACCTTTATTTAAAATCCATTTAATTCCTGAATTGTATGGCTTAATTTATAATTTACTTATTATAATTGCAATAGCTTGTTGTTTGCCGCCCGTAATTGCATTTATTTATCCGATTGTTTCAAGGATATCAATAGGTAATACTGTAATAGATTTTGAACTACCTCACAAGGAAAGAAAATCCGATTTGCACTAAATAAGCCAAAATCAATAACCAAAATCCAATCTAACATTATCCCTCCCCTCATTGATAAAAATGTCAAGTGTTTCAAGTATTGAAGATTGTAAAACAATTGGTCAAAAAGTTCAAAAAAGGTATAGTAAAACATGATGTTGTATGGAAGAGAAGAGTATCTAAAAAAAATAGAAAAACAAAAACAATTGATCCTATAAAATAAACCTAAGGACAATATTGGGAAAAATGAATTTGAACGTTTTCGTTCTTATGAGAAGAATTTGTTCAGGATTTCTACTATCTTTGGAATAAATTATTTGCTATCTAAGTAAGTATTGTTTCTATTGTATTCTTTATTTACACGTTCCTTAAAAAATTTTATAAAATCTGGAAATGTTTCTTCTTTTATAATATCCTGTACATTAAAAATATGAAGATAAGCATGCCTGGAAGAATATATTCCCAATCTTTTAATTTCACAATTTGATGGCAAACCGTCAATACCGCCAATTTTATAAAGTATATAATATCCAAGTAATTGATTTAAATATTCTTGAGTTAATATAAAATTTTTTGTAGTTTTAATATCTATGATTGCATTATCTATTACTATATCACAATCTGCTCCTCTAATAAGTTAAGATGCTTAACCAAATGTTGGATTTAATATATATTGTTTTTGATATAAAATATTCAGGTTTTACTATTGATATTAAATTTTTTAGATCTTCTATATCTTTTTCATCAATATTTCCTAAATCTTTATCTACCAATCCAGCTCTATATATATAATATCTATTTGACCTAACAACAATGTTATTTTGAGTAAATTTGAATTAATTTCGCCTTTATTAATAAAATCTTCGTAAACTTTTTTTGCTTCGTGTATAATTTTCGCTGTTTTTTTATAAATTGAAGTACCAAATAATGGATCATCTACTCTATATTCTAATAAACGAAGAGATGACATAGCTACCCATTCGTGTTCTATAGCATTTGGATTTTTATTTTTTATATAAAAACGAAGTAAATAATCAAATGCTGTTCCAACCAATGGATAATTTAGTTGATAAGGGAGGGAATAATAATTCTGACTTAGTTTTTAATGAAGGCACTTTAAAAAATTTTAAAAGTTTCTTTAATTTCTTTGTTCTTATAAAAAAGATGTTAGACTCAAAATATACCTCCATAAATTTTAAATTTTGATTATTGGTAAAAAAATTTATACAAAAATATAGGTTTACTAGTCTATAAAGATTAATTCCAATTTTTTTCTGTAAATTTGTCCTTTGATAGAATCAATTGAAATTGATCTTACTTCAAGGTTGTAAATCTCATTTACTCAATGTCAATAACAACTCCTTATTTACTCTTATGGAAAACAAAAAGTAACCTGATCTTTGATAAAAGGATAGAAAATCAAATTCGTACTAATTAATTTAAAACCAAAATCCAATCTACCCCAATCACTAAATAAGTTTATAATATTTTGTGATGAAAAAATAAATTTGAAGGGAAGATTGCGATGAACGACAAAGTGAAGGTAACCTGGACTATTACTGATGAAGCGCCATATCTTGCTACATTTTCCTTGCTCCCCATAGTAAAGAAATTTTTTGATGTGTCAGATATCGAGATAGATATAAAGGATATCTCTCTTTCGTCAAGGATATTGGCCAATTTTTCTGACTTTCTAACTGAAGAGCAAAGGGTCTCTGACGATCTTTCTATTCTTGGTGAACTTGTAAACCAGCCAGATACCATTCTCATAAAGCTGCCAAACATAAGCGCTTCTCTTCCACAACTGAAGATTGCCATAAAGGAATTGCAGTCAAAAGGATACAATCTGCCTGATTATCCAGATGAGCTAAAATCAGATTGGGATGAGCAGATAAGAGAGAGATATTCCAGAGTATTGGGCAGCGCTGTGAACCCGGTATTAAGGCAGGGGAACAATATTCGCGCGGTCCCTAGGTCTATCAAAGAAACAGCCAAAAAATTTCCTGAGTTGATGGGACTTCCTTTAAAGGAGTGGAGTTCATCTTCTAAGACTCACGTTTCACACATGACTGATGGGGATTTTTATGG
CP020921.1_gap22	721833	722891	1058	TATCCCATTATCCTAAAAAACCCTTAAATGTAGTGCCTACTGAAAATATTACTCCTGACTTTATTGTATAAAATGCTATAATTTTTCTATGTTTGTAAGAATAAAAACAACACCCAAAAGCCCAAGAAAGTCTGTTCAGATTGTTACATCTTATAGAATAGGCGGCAAGGTCAAACAGAGGATTGTAAAGCATGTAGGCATAGCGCGAGACGATAAATAATTAGAGGAGCTTAAATCTTTAGCCTATTCTATAAAGGTAAAACTTGAAACAGAAAATCATCTCCCTATGGCCACATCTTTTTGGCTATATCTGATCTTCGAGGTTTATTCCAGCTATACCCGCTTGTTCGAATTCCTGGACTATTCTAATAACGTTTAGAGAGTTCCCATATCTCGTGTCTTTATTTGCCATTACTGGAATATTTACAGCATTACAGATGTTATGGGTATGGCGCAAAACTTCGTCAAAACTCAAAAGGCCTATATCTGGTTTTCCGAGTAAACTTGCGCTAAATCCATATCCTGACAACTGTACAGCTTTAAAGCCAGCAAGTTCTACCATCTTGCAGAAAGACAATCATAGGCACCAGGCATTACTAAAATTTCCTTTGCTTTTATTAAATCTAAAAGTACTTTTGCTTTAGACATTTTTTAGCTCCTCATTTAAGAATTATTTAGATTATACTTAGATATTTTAACTATCTTCTAGTATTATATTAAAAATATCTTTTATAATTAATTAACAGAAAATTGAAAGGACGTGAAAGGTTTGGCCAAAACTATGGTACAAAAGATCTTTGAAAGGAAGATTGAAAGTGATGTAAAATCAGGGATGATGATAATTGTGCCTGTTGATCTGGTTTACGTTCAGGATGGTACAGGACCTTTATCCTTTAGACAATTTGAAAAGCTTGAAAAGGATAGTCTGGCATTTTCCGAGAATACCGCTATATTTTTAGATCATGCTGCTCCTTCCCCAAGAAAGGAGTTATCAAATGATCATATATATTTAAGAACAATGGCTTCAAAATTGGGTTGTAAAATATACGATGTGGGAG
CP020921.1_gap23	803395	806041	2646	TGGTTTTAATAATCTACTGAAAAAATCATGGGTTGACCCTGAAAAATTTTGGGAAGAAGTGGCAAATGAATTATTTTGGTTTCACCCATGGTCAAAGACAATGGAAGGAGATTTCCCAAACTTTAAGTTTTTTATTGGTGGAATAACAAATCCGGCTTATAATATGTTGGACAGGAATATTGAGAAAGGATATGCAAACAAACTTGCACTTATATGGGAGGGTGAAAATTATGAAACAAAGTTTTTCACATATAAAATGCTTCTTTGTGAGGTTAATAAATTTTGTAATATTTTAAAAAACTTTGGTTTGAAGAAAGGCGATAGAGTATCGATTTATCTTCCGAACCTTGCCGAAACGGTTATTGCGGTTCTTGCTTGTTATAGAATGGGAGTTTTGTTTAATACTGTATTTTCAGGATTTTCTGCTAATGCACTTAGGGAAAGACTAAATCATTTTGAACCGCAAATATTTATTACTGCAGATGGAATTTATAGGAGGGGAAAAGTTATTGCTCTCAAAGAACAGGCTGATATTGCGATTGAAAAAGTAAGCAGTATAAAAGCAACAATTGTGGTTAAAAGGGCCGGAAACCCTATTAGTATGAAATCTGGTAGAGATTATTGGTGGAATGAACTAATGAAAAAATCTGATGCTGAATTCCAACCAGAACTTATTGAAGCAAATGAACCCGGTTTAGTTTTTTATACAAGTGGAACTACCGGTAAACCGAAAGGCGTGGTTCATTCAGGGAATGCTTTTGTAATAAACAATTATATTTATGCTAAGTACCACTTAGACTTGCATCAGGATGATGTTTTTTGGTGTATGGCAGATATTGGTTGGTTGACAATGCATATTTGGGGTATAGTTGGGGCGCTGTCAAATGGTATTACAACTATTTTTTATGAAGGAGCAATAGATTATCCTGAACAGGATAGAGTTTATCAAATTTTGGAAAAGTATAGGGTTAATAAATGGTGGACTTCTCCAACTGCTACTAGAATGTTGATGAAATTTGGGGAAGAAAAATTAAACTCTTACGATCTAAATTCGTTAGATGTAGTTGCTTTTGTGGGAGAGCCTTTAAATCCTGAGGCCTGGAAATGGGTTTATGAAAAAATTGGAAAGAGGAGAATATATCTTAATAACACTTATGGCCAAACAGAAACTGCAGGATGTCCCTTGGCAGGTGCTGCATGGCTTACCCCTATGAAACCAGGATCATGTGGTATCCAATTTTTAGGAGCACACTTAGATATAGTTGATGATTTTGGCAATCCGGTCGGACCTATGACAGTAGGAAATCTGGTCTTTAGAAAACCAATCCCAATGTTGATTAGAGACCTTTGGAAAGATCACGAGAGGTATCTTGATACTTATTTTTACAAGGTGCCAGGTACGTATTTTACGTATGATGCTGCTGTGAGAGATAATGATGGCCACATATGGGTGCTTTCTCGAACTGATGACGTTATAAATGTATCAGGGCATAGAATCAGTACCATGGAGATTGAAAGTGCAGTTATGGAGGTTGAAGGTGTGGTAGAGTCGGCGGTTATAGGCACTCCTGATGAAGTTAAGGGTATGATGCCTGTTGTTTTTGTTACAGTTAGAGAAGAGAATAACGAAGAAGATATAATAAATAAAATTAAATCAAAAATTGTTGAAAAAATTGGTAAGATAGCTCTTCCTAAAGATGTTTTTTGTGTTCCAACTACTCCGAAAACTCCTAGTGGAAAAATTATGAGAAGGTTTTTAAGAGAATTGGTTATAAAGGGAAAAATTGTAAGCGACACTACAAGCTTAGAAAATCCTGATAGCATAGAGATTATAAGCAAAATAATTTCAGGGATATAGGATATTTTTTAGTTTTTTTAATAAAAATATTTTCTACTGATTGTTTTTAGTTTTGTTATTGTGTCGTGATTTGTTAAAATATAGTGAACTTAATTTATAAAATTAATTTTTTTATCTAATTTTAAATTTAGGAGATAATATCGTGGATGAGAGAATTGTTAAATTTATGAGAGACAACGATAAGGTTGCAGTATGGCTTAATGTTAAAATACTTGAAGTTAGAACTGGATATTCAAGAATTTCTATGATTGTAAGAGAAGATATGTTAAATTCTGTAAAGATCTGTCAGGGAGGGGCTATATTTTCATTTGCAGATTTTGCTTTTGCCTTAGCTTCAAACTCTCATGGCAAAATTGCTGTAGGGATATCTGCAAATATAAACTACTTAAATCCAGCCTTTTTAGGAGAAGAACTTATTGCTGAATGCTTTGAATCGGGCAGATCGAGAAAGTTAGGTCTTTATGATGTTAAAGTATATAAGGATGAAAATAAAAAGTTTGTTGCTTCTTTTACTGGGCAGGTGTATATAAAAGAAGAGAAATTTGAAGTATAATTTTTATTTATATATTTAAAATCTGTTAATGGTGCTATAAATTCCCCAGGTAGGGAGCTTTTAAATTCCCCACAATAAAATATAAAATACCTCCTATGTTAAGAGGTAAAAAATGGTTCTTTGCTAAGAATATATGATAAACACTTAAGAGAAGTTGCGGTCCACTTGATATCTTTATCTCAAGGTGAATTCATAACAAACAAAATTTACAATCCAAAGCTGGAACGCTTTTTAT
CP020921.1_gap24	807269	811849	4580	AGAATAATGTATATATAGAATAATGTATATATGAATAATTTACCTATTAATAGAAAATTAAGAGAATCAGTTAAAGAGCTTATTAGCATTTCAAAAAAGTTTGAGTTAGCCAAAACTTTTTCTTTTGAAAAGTATGATATAAATAAAATTTTAAAAAGAGAACAAAATCTTCCAAAGAATTTATTATGCTTTTCAACTAAAATTATAAAACACGTTTTTAAGTACAATTTTCAAGTTGTAAATGAAAAAGATAGTTATCTAATAGGTTTCTTAAGCGAAGCTGGTAGGGATAAATTAAATTTTGCAAACAAACTTTTAATTAAGTGTTCTGAAAATCTTAAGTTGCAAAAGGACTTAAGTCTTTCCAGGTTTGAAAAAAATTATTTTTCTTTTGATGAAGAGTTTAGACTATTAGCCTATCTGCTAATAATTTATAAAATTGGGTTAAAGGTTGAATTATTTAATTTTTGTAAAAATTTTCCAATTAAATTAAATGAATTTAAAAATTATGAAAAAATAAATATTTTAGAACAAATAAAAAAAATTAACGTTAATACTGATAAAAGTATAAAAATGCCATTTATTAAAGATCTTATTTTCTGAGAATCTATTCATTTTTATAAATATTTTCCTTTTTATAAAATATTACTATTTAAAGCAATAAAATATTCTAATAGTAAAAAACTTTTTAAATATTACAAATATTTGTTAAAATTTAATAATAATATATAACTAGTATATTTCAGAAATAGGAGACAGAATATGACTGACTATGAAATTTCAAAAAACGCTAAATTAAAAAAAATTTTTGATATTGCAAAAAAATATGAAATACCTGAAGATTCATTAAGGCCATATGGTGATTATATAGCAAAAGTAGATTACAGACTTCTGTATGAGTCTAAAAAAGATTTTGGAAAACTTATATTTGTTACTGGAATTACACCTACTCCATATGGTGAGGGTAAAACTACTACAGTTATTGGATTAATAGATGCTCTTAATAGATTAGGGTATAAATCTGTCGCTTCTATAAGACAACCATCACTTGGTCCAATTTTTGGAATCAAAGGGGGAGCTGCAGGTGGAGGATATGCCCAGGTTGTGCCCATGGACGATATAAACCTTCTTTTTACGGGTGATTTTCCTGCTATAGAGTATGCAAATAATCTTTTGGCATCTCTAATTGATAATCATATTTTTCATGGAAATGAGTTAGGAATTGATTCTAGAAAGATTAGGTTTAGAAGGGCTATAGATATGAATGACAGGTCTCTTAGAAGTGTAGTTGTTGGTTTGGGTGGAAGCGCTAATGGATTTCCTAGAGAAGCAGGTTTTGATATTACTGCAGCTTCTGAAATCATGGCTATATTTGGTCTTTCATTAAACATCAACGATTTAAAAAAGAAATTAGGAGATATTTTAGTTGGTTTTTCATATGACAAAAAGCCAATTTATGCCAGAAATCTAAAAGCTGAAGGTGCCATGGCAGTAATACTAAAAAGAGCAATTAATCCAAATTTGGTTCAAACTCTTGAAAATAGTCTCGCTTTTGTGCACGGTGGGCCATTTGCAAATATAGCTCATGGTACTTCTTCTATTTTATCTATTAAACTTGCTTTAAAATTTTCAGATTATGCTGTAGTAGAAGGGGGATTTGCTACTGATCTTGGTGGCGAAAAATTTTTAGATATTATTGCAAGGCTTGGAGATTTGAAAGTATGTGCAGTGGTGATAGTAGCTACTACTAGAGCACTAAAATACCATGGTGGCTTAAATGTAGATTATATTGAAGATGGCAGTAAAAATCTTATAAGAGGTTTACAAAACTTAGAGAAACATATTGAGAATATGCAAGTATTTGGGTTAAAAGTCGTTGTTGCATTGAATAAGTTTAGTGAAGATACACAAGAAGAAATTAAAATCGTGAAGGATTTTGTTGAGTCTATGGGAGTTGGATTTGCTCTTTCAGACGTTTGGGCTCAAGGTGGTAAAGGAGGAGAAGAGTTAGCTAAGAAAATTATTGAGGTTGAGGAGGAGAGGACTCCAAGATTTATATATAAGCTTGAACAATCTCCAAAAGAGAAAATTGAAAGAATTGCCAAAACTATTTACGGTGCAAGTTTAGTAGAATATTCTCAAGAAGCAGAGGCAGATCTTAAAGATGTTTCTTTAGTGGGGATGGATAATTCCTTTGTTTGTATGGCAAAAACTCCTTTGTCGTTATCAGCTGATCCAAAGTTAATTGGTAGACCAGAGGATTTTAAGATTATGGTTAGAGAAGTTAGAATTTCTCATGGAGCCAATTTTATCGTTCCAGTGCTTGGTAAAATAATGACTATGCCTGGTCTTCCAAAAGTACCCCAGGCTGTAAAATTCGATATATTTGAAAGTGGCGAGATACAAGGAATATATTAATCTTAAGGTTTTTAAATATTTTGATTCATTTGGCTAAAATAGCAAGTTAAAATTTTATAACATATCTATACTTTCAAAGTTTTGTTTTATTAAATCTGTTCTTCTAATACTCTTTTTAGTAAATGATATTATTACAGCTATTATGCATACTACCAAAAGACTTATCATTGTTACTGAAAAACCTTTCATAAAGGCTATCTTATAGATTGTAAACGGAGCTTTTGATTCAATAATATACCCGTGTTGTGCAAGAGTATTTAGTTTTAATGATGTAAATATCATACTTGATATGTCTACTCCGAATATAAGACCCAGTGCTCTCATCATGTTTAACACTCCACCGGCAACGCCAAGCTTGTCTTCTGGAGCCGAAAGCATTATTGCGCTGTTGTTGGGTGGAGTGAAAATGCCCATTCCTAAACCAAGTATTACAAATACAAATGTTAAAAAATAAATATTAATATTATTATTTAAAAAAGATAAAAGAAAGGTCGCTACTACACACACCATCATTCCAATAGTAGTCATAATTCTCGATCCAATTTTATCTGATATGGCTCCTGCGAATGGAGCTATCAAAGCCATGGCAAGCGGTATAGGTGTTAATATAGATCCTACGATTTCTGCATCGTAGTGCATAATATCTTCAAGATAAAATGGCATCAAGAATAGAACTGCAAAAAGCACATAGTATGATAAAAAGCCTGTAATGTTTCCAGTAGAAAAATCCCAATTTTTAAAAATTCTTAAGTCTAACATAGGATTAGCAGTTTTCAATTCCCTATATATAAACAAAGGCAGTATTATAAGGAAAGCTAAAAAGCAAAATATAATAAATGGTGATGTCCAACCTATTTTAGTCCCCTGATCTATTGCCAGTACAAGAGATCCTAATCCCAAAGCACACAAAATAACCCCGAGAAAATCAATTTTGTTGTCCTTCTTTAAGCTGGGCTTGCTGGCTGGCAAGATAAATAGTGCCATTAATGTGCCAATAATTCCTATTGGTACATTAATGTAAAATATCAGCCTCCAATTTAAAAGAGAGATAAGTATACCGCTGATAAACGGACCTATAGACATTGCTATAGCTTGGACTGCTCCCTGTATTCCTATAGCTCTGCCTAATTCATTCTTTGGAAATGACTGTGTAATGATCGCTACTGAGTTTGCCTGGAGCATCCCAGCACCTACTGCCTGAAGTACACGAGAGAATATCAAAAAATAAGCATTTGGAGAAATTCCACAAAGAGCTGAACCTATTGTGAATATGATAAATCCTATGTTATACATCTTGGTTCTTCCGAACATATCGGCAAGTCTTCCAAAAAATGGTAGAAAAACCGTTAAGGTTAACATATAACCCATTACGACCCATTCAACTAATGCCATTGGAACTTCAAATCTGTTTTCGATTGTTGGAGTAGCTACGTTTACTATACTTACGTCTAATGCAGACATTGTAGCACCAATTAGAACGGTTAGTAGGATAAACCATTTCCACTTTGGATTTGAAGAAAAATATGGATGAGGAAACACTATCTCTTTTGTCATAAGCATTGTCCCCTTTTGTTTTGTTTAGATTATTTTAAAACTAAACTATGTTTAATGTATGAAATTTGAATTATAATCAGATTAAAATTAATTTAACTTCATATTAGAAAATATAATTTATTTTAATAATATTTTAATTATTAAATTTTAATTGGTTTTACTAATAATCTTAATCAAAATCAAATAGCGAATTTTTGACTTTTGGATTTTTGATTGAGTCAGGCATAGTGAAAAAGGCGATAGATAATAGAATCCATGATATGAACATTCCAATAAATCCTATAGCTAAAATTGTTAATATTGCACTCCAGAACATTACGTCTCCTGATGTTTTGAAAAGTTCAGTGTCCGTAAATAAAGCTATTAGAATTAAACTCTTTCGAAAAAAAACAGCAGAGGCAATTATAAATGAATAAAAAATTATAAGACTTAAAAAAATATTTGTTCCAAAATACCAATGCTCAGAAAATACTGATAAAACGGTATATAGACCAAGAAAGAGAGAGATAGTAACTCCTATAATGCTTATTAAAAAAGATTTTATAATATTTGAGTAAATTTCACCTTCTTTTAGGAGTCGTGATATATTGTATATTGATATCATAAAC
CP020921.1_gap25	813036	816524	3488	TAAACGGCGAAGATATCTTTGGGGTAACAATACATGAAGTTATTAAAGAACTGGATGCGGGGGATATATACGATCAGATTTCATTTAAAATTCATGAAAAGAAGAGTTCAGGGGAGTTATTAGATTTTTTGTCAAAAAAGGGCTCTGACCTGCTTGTTCAGGTGTTAGACAATATTGAAAAAGGTGATTTAAAAAAGATTCCTCAAAATAATGAAGAGGCAACATATGCTGAAGTTTTAAGATTTGATGAAGTAATATTCTCTTTTAATGAAAAAGCAATCGAAATTGAAAGGAAGGTTTTAGCAGCAAATCCAGATCCTATTGCTAGAACAAAAATTAGTAAAGGCGATCTTTTAGTTTATAAGGCTTTTGCTATTGAGGGGGTGGGGGAGCCGTCTAAAATCGTTGGTATTGAAGGGGATGCTTTAAAGGTTGGAACTGGTGAAGGAATTATTTTGCTATTAGAAGTTCAATTTCCAGGGAAAAAGAGGATAAAAGGAAAAGATTTGTTAAACGGTTTAAGATTGAAAATTGGAGATTTTCTTTAGAGTTTGAGCATTACAAATTCAAGACTTTATGCATTCAAAACTTTAAAAAGAATAATTTATCAAGGTGCTTATCTACACCTAGTTACAAAATATGTTAATTTAAGTGGTAGAGATAGGGCCTTCTTTAAATTAATAGTTAATTTAGTTTTAAAGAGTGGATATAAATTATTTGAGAAACTTTCCAAAGAAAAATTATCAAAAAGTGAAATAATAGCACTAATGATGGTATTTGTTGAACTCAAACTTCTTAGAAAAGAAAGATATGTTGTATTTAGTCAATACAAAACACTTCCAGAAAAAGATTTTAGTGAAAAAAGATTTCTTAAAGCATTAACAAAATTTGAAAATGAAAAAAGCTTAATTAAAAACGATATTAGCCTTCCCAATTTCATAGTCGACCAAATAATCAATTCAAAACTAGATATAAGCGGTTTTACTCGCAATTTTATATCAACTCCATTAACCGGTTTTTTCATATTATCTAGGACTGAAAAAACTTTAGATTTATTAAAATCGTTATCAGGAAAACTTTATCCAGGTAAGATTTTTAAAAATTATTATTATACTGAATCTTTTTCTGAAGTATTAGAAATTTTGCCTCAAGATAGTTATATTGTTATCTCTGAGAGTTCAATGTTGTCTGTTTTACTTCTGAATCCAAAACCTGGTGAAAAAATTATAGAAGTAGGCGCTTCACCTGGGGGGAAAAGTGTGTTTTTGGAATATATACTAAAAGATTATAAAGATAAATTAAACAGACTTAAAAAGATTATTTCAGTTGATATTTCAAAAAATAGAATTAGTGCATTGAAAAAAACCTGTGAAAAATATAACTTAAAACTGATTAGTCCAACTTTATACACTGAAAAAACAGTTTTTGACGTTTCTGATAAAATTCTTATAGATGCCCCTTGCAGCGGCCTTTCTACACTTGGTAGTAAACCTGATATTATTTTTCACTTAAAAGAAAGTGACATAAAATTGCTAGCTAAAAAGCAGGAAGATATTTTAAATTTTTACAAAGACTTTATTAAAGTAAAGGGAAAATTAGTTTATTCAGTTTGCACCTTCACTGAAATGGAAGGTAAAATTCAAATTGAAAAATTTTTACATAAAAACAAAAACTTTAAGACTTTTGAGGGCGTTTTGTCTTCTAAGTATATTAATCAGGATATAATTATTAAAAATGGGATGTTAGACATTGACTGGGTTGCACTTTCTCTGGAACCCTTTTTTATTTGTTGTTTGGAGAAAGTAGATGAATAAAAATAATTTTTTTGAATTATCTTTTGATGAGCTTGAAAATTTTTTTACAAATTTAGGTTTTCCTAGATATAGAGCTAGACAGGTATTTTCCTGGATATACAAAAATAATGTTTACGATTTTAAACAAATGTCAAATCTAAGTTTGGATTTAAGGGAGCTGTTGAATTCAAGTTTTGATTTATCATTTCCAAAAATTCAGAATTTAGTTGAATCTGTAGATAATAGCTTAAAATTTTTGTTTAATTTGGGCGAAGACAATTTTATTGAAACCGTTTTTATTAAGCACAGAAACAGGAACACGGTATGTGTTTCTTCTCAGATAGGTTGTCCAGTTGGATGTATGATGTGTTCGACTGGTAAAATTGGGTTTAAAAGAAACTTAAAGGTATCAGAAATTGTTCTTCAAGTTTTAGCTGTTGAAAGTTTTGTTAAGTCTAAAATGGGAAAAATTGACAATTTAGTTTTTATGGGGATGGGTGAACCCATGCTAAATTTTGATAATGTAATAAAGGCCATTAAAATTTTATCAGACAAAAATGGCAAATCTTTTAGTCCTAGAAGAGTGGTAATCTCTACAAGTGGATTTGTAGATGGAATAAAAAAATTAAAAGCAGTTAACCTCCCAATAAAATTGGCTGTATCATTACATGCTACTACTAATGAACTAAGATCTAAACTTATACCTATTAATAAAACCTTTAATATAGATGAGCTTATTAAGGCCTCTGAGGAATATGCATTAGCCTCTAAAAGGCGAGTAACCTTTGAATATGTTCTGATGGAGTCAATAAACGATAGCGATCAAGATATTATTAGGTTAAAGGATCTTTTAAAAGGGCTTCATGCTCATGTTAATCTTGTAAAGTATAATCAATCGTTATCTGATGTTAAAATAAAAACAAATATTCACAGGATAAAGTTATTTGAGAAAATGCTTAATAATTTTGGTATTAAGACTACTATAAGATTTTCTAAAGGAGAGGATATAAATGGGGCCTGTGGTCAGCTGGCTCTTTTGACCGAGTTAAGTAGTAGTCTGGACGATGAACTGTAAGCTATTTTTAGATAATAGAAAAGGGGGTAGAAGGTACAATTATGTCGGGAAAAGACTTTAACGATGAAATGATTTTGCATCAATCTTTTATGAAAAAGGCTTTAGATCTTGCATTAAATGGCAGATATTATACATCTCCCAATCCGATGGTGGGCTGTGTTGTTGTAAAGAACAAAAAAATTATTTCGCAGGGCTTTCACAGAGCTTACGGTGAACTACATGCTGAAGCAAATGCTTTAAAACCTAAAGATATAGATTTTAGTGGTGCTGATTTATATGTTACTTTGGAACCATGTCTTCATTATGGTAAAACTCCATCTTGTACTTCAAAAATAATTTCTTCCGGGATAAAAAGAGTGTTTATAGCCACGCTTGACCCGAATCCTAAAATGAACGGAAAATCCGTTGAAATACTAAAATATGCTGGCATAGAAGTCTATACAGGTATCTTAGAAAAAGAAGCCAGGTTTATTAATAGACACTTTTTTAAGGCAATGGAAAAATCAATGCCATGGTTGATATATAAGTGTGCCATGACTTTAGACGGTAAAACTGCAGACCATAATTTTAAAAGTAAATATATATCTTCTGTTAAATCAAGAAAATATGTTCATGAGCTT
CP020921.1_gap26	829555	831246	1691	GAAAACAACAGCTCAATCGATGAATCTGCTCTGATTGAAGAGATTCTACCACCAAGTACCCATTTTATGCTTTCTCCAATATTGCTTTTACCAGAACCATTTGGGCCTATTATTACATTTAATTTTTTGTCAAATTCAAATATAAATTCTTTATAAAAGCTTTTAAAACCGAATATTCTTAAATTTTGAAGATAAATTTTTTTCCTCCAAAATTATATGTTTTGATATAATGAAATATAATGATAACATATAAATGAGGTATATATTTGAACGTAAAAATCAATTTTAAATCTTATATATGTGTTGGTTGTGATTCATGTGTTTTAATGTGCCCTGTTAGCGCAATAAGCCTAGTAAATTTTAAAGTTTTTTTTGATTATAGTAAATGTATAAAATGCAAATTTTGTGAATTTGTTTGCCCTATGGGCGCCATAGAAATTGAAGATTAAAGCTTAAAGGCTTAAGGAGGAAAATTTGGCAAAGGGGATAGCTGTAGTTTTTTCAATAGATCCAGATTTGTGTGAAGCGTGTGGCGCTTGTGTTCTTATTTGTCCAACGGGAGCTATTTTTATAAGCGAAAAGGACATTGAATTTTCAGTAATTGATCCGGATAAGTGCCAAGGTTGTGGAGTTTGTGCGATTGTATGCCCAAATGGAGCTGTTAAAGAAAAGTTAAATGAACCTTAACTTTATTTTTTAGGGTTTAACAATCGTTTCAGTTCCTTTTATAAAATATGTTGGATACTTGATTATTTTTCTATTATTTTTTATTATTAGAGAGTTTACTTATATCCAAAATAAAGTTAAAGAGGCTAAATTTTATGTTAAAATATTTCCTTATGATTAAGAGTGATAGATTATTTTTCGAAATATAAAGGAGGATAGCTAATAATTGTTCCTATTCGATAAAGTTAAAGAAGCACTAACCAAAACAAGAAGAGTTTTTAGCTCTGTTGTAGGGATGGAAAGTATAGATTGGGATGAAATACTTGAAAAATTTTTGCTTGTTGATGTTGGTGCTGATGTTGCTCAAGAGATTGTTAGAGATGCTAAAAAAAGGTGGTTAAATGCTGCTCCTATTGAAATTGCACTTAAAGAAGCGATAGAGGATTTTTTACCGGAAGGAAAACCACAACTTTTTTTTACTGATTCGCATCCTTGTGTTTGGCTTCTAATAGGTGTTAATGGGAGTGGAAAAACTACTACATGTGCCAAACTTGCAAAATACTCTATAGATGAATTCAAAGCTAATCCTTTACTTGTTGCTGCTGATACTTTTAGAGCTGCTGCAATAGATCAGTTGAAAATTTGGGGAGAAAAGCTAAATATTGACGTTATTTCTCAAAAAGAAAATTCTGATCCTGCAGCTGTGGTTTTTGATGGTTTAAAAGCTGGTAAAAGCAGGAGAAAAAATCCTATTATTATAGATACTGCAGGCAGACTTCACACAAAAGATAACTTAATGGAAGAGCTCAAAAAGATAGAACGAGTAATAAATAAAGAGATAGAAGGTGAACCATCTGAAGTTTTACTGGTGTTAGATGCCTCTACAGGATATAATGCTGTAAAGCAGGCTGAAGTTTTTAGTAAATCTTTAAATGTAACGGGTATAATTCTTACAAAATTAGATAGTTCTGCAAAAGGTGGTTATGTGTTAAATATTACAAAAAAGTTTAATATTCCAGTTAAAT
CP020921.1_gap27	884657	887425	2768	CCTCTATAGCATTTTCGTCTTCTTTTGAATGATATATTGGAACTAAAACTGCAGAATTAAATATTAAAAAATTAGTGTAAGTTGCAGGTAAATAATTTCCTTGTTTGTCTCTAACTTCTGGTAAAAATATTGGAATTAAATTAAAAGGCTTATTGTTACAATCTCTAAAATTAGTTAATTCTTTTTCCATCTGATTGAGCTCATTATAATATGGGTAATTTTTATTTAATGATTTTGAATAAACTATAGTATCTTTATTTACAAATTTAGCTAACATATCAATATGAGAGTCAGTATGGTCCCCCATCAATTTTCCACTCTTTATCCATAGAATCTTTTTTTGCTCAAATATGTTTAGAAATAATTCTTCAATAGCCTCTTTAGAATATTGAGGATTTCTGTTTTCATTAAGCAGACAATTTTGTGTAGTTAAAATTATTCCAGCAGAATTGTGATCTATACTACCGCCTTCCAATACAAAGTTTATATCCTTTTTTATTACACGTTTATCAAAAATCCCAGATGAAAATAACTTGTTATTCAAATCGTTATCAAATTCAAAATTAAACTTATTGCCCCAACCGTTAAATTTAAAATTTAAGAAAATCAAATTATCATTCTTTTTAATAAAGATTGGCCCATTATCTCTAATCCAGGTATCATTAGTTTTAGCTTTTAGGCAGACTAGATCTTTGTAGTTGAAGTTTAATTCATTTTCACAGCTCAAATCTTCAGGAATTATTAAAATTACTTTCCCAAATTTTATAATTTGATCTATCAAACTGTGGTAAAATAAGCGAATTTTTAGCAAATTTTTGTTCCAATCAGTTTTTTCATGTGGATAAACAAGAATTAGTCCGTCTTGTTTTTCCCACTCTGCAATTAATGTACTCAAAGATAAACCTCCAATTTTCATATATTATATAATATATAATTTTAACTTCTTTATATATAATTAATACTATGACAGATAAAAATAAGAAAATTAATAAAGATATGACTAAAGAAATTTCAGAACTTCAAACCCATGTTAATAAGTTACAACATAAGCTTGAAAATTTAAAAAGTGAATACTATTCACTCAAAAACAAATTATCTTTATTTTCTAAAACATATCAGGAAAAAATAGGAAGATTATATATTGAATTAGATAAATTAAAAATTAAAATTACCAAACTCCAACTAGATAAAAATTTAAACAAATTAAATGATGACCTTATACACCAATATATTAGAACATCTTTAATTGAAGAAGAAATAAAACTAAATGAAATTGAAGAGAAAATTTTTTATAATCTAAAGGAAGAAAAGAATAATGAAGAATTTCAAGAAAATTTAGATTGTGAAGTAGATGATAAAATAAAAATTTTTTACAGAAAACTTGCTTCAAAATTTCATCCTGATAAAGCAAAAGGTGAAGAGGAAAAAATATTGTTTCATAATTTAATGTCAGAAATTAATTTAGCATATAATCAAGGTGATTTAAAAAAATTACAGGAATTAGCTGATTCTTTAATTAACGAATTTGATAATTCTTTAATTTCTCAAATTAAAATTTTAAAGAAGAGGATAATAACTTTAAGCAAAGAAATTGATGAAATTACTTTTAAGATTCATGAGCTAAAAAGTTTAAGCATATATACGTTATATGTTAAGGTTGTAGAAGCAAAAGAGTATGGTATTGATCTGCTGTCACAAATTGAATCATCAATTTTAGCAGAAATAGAAAAATATAATAAAAAATACAAAGATTTTAGAAAAATTGAGCTATGAAAAGCGAATCCATAAAACTCTTTGACAATAAAAATCTTAATATTTCGTTAAATTCTACACTCTTAAATAAGATTGTAATAAGAAGTATTGAAGAAATAGATATAATGGGGTTAAATACTAAACAAGAGAAGAAACCTTCTAATGCTAATAAATTTTATTTAGATATTTTACATAAAATTCATTGGAATAACTCTTATCCTACTTCCTCATCAATTTCGAAAAAAGCGAAATTCTTGATTGTTGGTTTTTTTAACGGGTTTATAAACTTTTGGTCTATGATAGATGGCCTATACCTTGGGAAAATCCAGCTATCAAGAAATCCAATAATTTCAATTTCATCATGCGAAAATGAAGAATTAGTTGTTGTAGGAACGTGGGATGGTTATATATTTGTTTATTCTATTTTGCAAGGAAAAATTATTTATAATAGAAAAATTGAAAACAAACCAATTAGAAAGATTCACTTTCTTAACAGCTTGGATTTAATATCTTATTTAACAGACGATTCTAAAATATACTTTCTGTCTTTAAAAACCAACAAAAAACTCTTGCTTTATGAAAGTAATTTAAAGATTACTGCTTATGATATAAGGCTTAACGAGGGTCTAATTTTTTTAGGTTTCATTAATGGACTAATTGAAATTTTTAATTTCAACAGAAATGTTGTTGAAGACAAATTTTTTAAAAGCAGATATAAGATACTGAATTTATCGGTTTCAAATGATTGTAAATATTTACTTTCTGTCGATGAAGGACATTCAAATTCACTTGGTTTATATAATCTCGATTGTTTAAAGCCTATTTGTTTTTCAGACACTTTTGGAACTTGCCTGGATGCAAAGTTTGTTAACTTTTCAGATATAATTATTTCTGTTATAAATTCTTCATCTAATCTTAAAGTTTTAAGTAAAAAGGAATCTCTTATTTCAAAAGTTGTTATAGTCAATAACAAAGATACTCTAGATTTGTTAAAGAAGGAATTTTTTGAAGTAAAT
CP020921.1_gap28	888584	892202	3618	CAATTAGAACTTGCAATTACTAGAGATTATTTCCTTGGATTTAGACAATATCAAGTTGATTTTAATATCAATGATAAAACTCTTTTCGTTTTAACAGGTGTAGATCAACAAAAAACGAAGGATTGGATAATGCGTTGGGCAAACATATTAAATGAGGACCCTTATGCCTCAAAAGAACAATAAATTATAATGGATCCTGATGATGTAGAACAACTATCATTTAATACATTTTCTTATTTTACAAACAATGTTCTCCTAAACGAAGAAAAGCTTAAAATTTTACTTTTTAATATTCTTGAAAATTTTGAAGATGCAATAGTTATATATGATAATAACTTAAGATGTATTTTCTATAATTCGAAATATTTAAACATATTGAATTTAAATTCGAAAGAAATCAATTTTTTTAATCATACCTTAAAAGAAGCTAATAATCTTTTATCAAAAAAGGTTATAAATCCAACTGTTTTCTTAAATAGGAATTCTGAAATTTTAGATTTAAGCAGGGAAACTTCTGATATTATAGAGTTAACAAATGATACTATTTTAGAAAGGCACTCTATCCCCTTTTCAGGTAGTCCGGATTTTAAAGGGAAAATAATAATTTATAAAGATATCACGAAAAAGATACAAGAGAATATATCAGCAAGTTTGGATCAAGAAATTATAACCACAGTTATTCAAAACCTACCATTTTATTTGTTAATTGTAGATAGAAATAAAAATATTATTTTTGCCAATCAGCAGGCAAAAAACTTTGATAACTTAAGTTCTACTTGTTACAAACTACTCTTTGGCAGAGAAAATCCATGTGAGAATTGCCAATTAGAAATCGTTGTTAGCCAAAAAATTAATTATGCTTTTGAAACAAATTTTAAAAATAACAAGACTTTTTCTGTAATAATATCAAACTTAAAAAGTTCGTTAGACAATGATTTGGTTTCAATTTTTGCAATGGATATTTCAAAACACAAAGAGGTGGAAAGTAAAAATCTTTATCTTTCTTATATTGATCCACTTACGGGGATTTTGAATAGAAGAGGATTTTTTGTATTTATCAAAAGTAATTATGAAAGAGTAAAATTAAATAATAAAAAATTATTCTTATTCTTCTTTGATATTGATGGACTTAAGAAAATTAATGATAGTTATGGTCATATCAATGGAGATATTGCAATAAAAAATATTGCAAAGATATTGAAATCTGCGCTCAGAGATAGTGATTTGCTGGCTCGTTTTGGAGGGGATGAATTTGTGGCGTTGGTGGTGTGTAACTCACAAAGCAATACAGATCAAATATTGAATAGGATATCTAAAAAAATTCATGATTTAAATTCTTCAAAAATCTTAAACTTTAATTTGTCAGTATCTTGTGGCATATCAGAAGTAAAACCTGATCAGCTTCAAGAAATTGATAAAATAATTCATAAAGCTGATCAGGCGATGTATTTAGAAAAAAAACAAAAGAAAAAACTTTAATTAAAGAACCTCAGAGTTAACACAATATTTTGGTTTTCTCCCTTCTAAGACATCTAAAAGATTTTCGGCTGCAAGTTGCATCATATTTAATCTTGTTTCATATGTTGCTGTTCCTATATGAGGCGTAATAATAACGTTCGGTAGGTTTAAAAGTGGACTATTAAAAGGAATCGGTTCAGGATCTACTACGTCTAAGGCAGCAAAGGCAATTTCTTTATCCAATAAAGCTTTATAAAGATCTTCTGTTACCACAATTGGTCCTCGTGCTGCATTTATTAGAATTGCAGTTTTTTTCATTCTCTTAAAAACTTCGTAATTAAATTTTCCTCTAGTTTCAGGAGTTAGTGGTGATAAAACAACCAAATAATCTGAAGTTTCTATTAGCTCATCGAAGCTAACATATCTGGCGTTTAGACTCTTATCATTAGGATTTGGTTTTCTATTGTGATATATTACATTCATTAATGAAGCCTTAGCTCTTCTTGCTAAAGCAGATCCAACATTACCCATTCCAAAAATGCCAAGTGTTTTACCATGTAAATCATGAGATAAAGGATACCCAAAATTTTTAATCCATTTGCCCTCTTTAACATAATTTACAGCATTTATAATATCTCTTGCTGCACAAATTAATAAACCATAAGTAAGTTCAGCAGTTGCTTCAACAACGACATGTGGAGTATTACATACTGGTATTTTTCTTTCAGTACAATAATTTACATCAATATTATCATAGCCCACAGCACACTGACTAACAACTTTAAGTTTTTTTGCATCTTCTAGTAAGGTTTTTGTTACAGGATAGAACGTAGAATAAAGTCCATCTGCATCTTGAAGCCAACTCTTTATAACTTCCTGAGGAGGTTGACTTTCTTCTTCCCAGCAAACAAGGTTAACTCTTTCTTTAAGCCAATTGTATGGCTCATCTAATATTTTATTTGTCATTACCACTTTAGGTTTTGAAGACATTTTATCCTCCTTTTATTTTTTTATTATTAAGAGAAACTAAAGTTTTAAAATATTGTTCTCTATTTTCGCAAATATTTTTTGTAATAAGTGCTACATATTTCCCCTGAAAAAAGGCGCCATCTACTTCATTTTGAGAAACACTTCTAGAAGAATTTTCACCAGCAACACAAGAAGCTCCGTAAGGAGAGCAACCAGTTATTTCACTCATAATTGTTTGACCTTTAAACAAATAAGGCAAACCGACGATTATCATTCCTTGATGAAACAAATATGGCAAAAAGGTTAGAATAGTAGACTCTTGTCCTCCGTGTTGAGTATTAGAAGAAGTAAAAACGCTGCCAACTTTTCCAAATAGTTCTCCTCTTGACCATATGCCCCCAGTGCTATCTAAAAATGTTTTCATTTGTGCGCACATGTTCCCAAATCTCGTAGGAGTCCCAAACACTATTGCATCACTATTCGTTAAATCGTCTAATGAAACCTCAGGAATTGTTCTCCTTATTTTTTGTTGAATATCCTTTGCACCCATTTTTTCTATAATATCGTCAGAAAGAGTTTCTGGAACTCTTTTTATGCTTACTTGGGTACCTTCTACACTACCCGCTCCACTGCTAATAGCCTTAGCAAGTCTGTGAACATGGCCATACAAAGAATAATATACAATTAATACTTTAGCCAAGACTTTCACTCCTTTCAATATTTAAAATTATATATCGATTCCTAATCACTTTTCTATTTTTTATAATAGAATCCTTTAATACTTTTCAAAATTTCACTTATTATGTTATAATTTAGCAACTGCCGAGGTAGCTCAATAGGCAGAGCAGCTGATTTGTAATCAGCAGGTTGTCAGTTCGACTCTGATCCTCGGCTCCATTTTTTTGTAAGAGTTATAGCTAAAAGCAGGATATCTATAAAGTTGTAACTTTTAATAAAATTTTTGATTATTTTATCTGATTTTCATGTAATGATACAATTCAATCAGCCAAATGGTCTTAAGAGAAAAGTAAAGTTTATTTTTTTATGATCCCTTAGAAAGTTATTACTTCAAATCCATTATTAATAAATCTCGCCATTCCGGCATGCCCAGACATATCAGACAATATATTAAGATTTCTCTTTTTTGCTTCTTCTATAGTCCCCATCATGGTTGAGCATGCTTTACACACA
CP020921.1_gap29	963403	963981	578	ATATATAAAAAAATCCAGCTTTTCTAACATGCTGATGCCTGTATTCAAAGGTTACAAGAAAATAAGAAAAAATGCTCATTAATTCCCAAAAAATCAAAAATGTAATTGAGTTAGAAACCAAAAACAAAACTGACATCGAACAAATAAATAAATTATAAAAAAAAGAAAATTTAGCGATATTGTCATTTAGATAGGACTTCATGTATTCCAAAGAATAAATCATAATCAAAAAATTAATTGTAGAAAGAATTAAAAGAAAAAAGGCAGAAAGCTTATCGAAGTAAAATTGCAGCTCTATATTTGGAGCAATAACTAAAAGATTAAACAAAATTGGATTTGGCAATAAAAATATAAAAACACCTGACATAAAACCAAGAACTGAAGCAGTTAAACCAAAATATGAACCGATTTTCAAAGATAGCGTTTTATTTTTTGAAAAAGCAAGTGGCACAATTGCACCTAAAATATAAAAACCAACTGAAAGATAGAATAAGATAAAACCTAAATCAATCATTAAGATAGATCACTCCAATAAATCATTAATTTATTTTTAACAATTTTTCACAACATTTTTTGAA
CP020921.1_gap30	966212	968548	2336	ATTTTAATTATTACTGGTGAAAGAAATAAAAGCAATAAACCAAAAACTAAAGTATATAAAAATATAATCAAACCAATCTTTTTTAAATAAACAATCGCGAGATTATAATTTTGATTTATTAATCTATTAATATACGGGAAAAAAGTTTGAGATATAAGTCCTGCAATTTGATTCAAAATATCTATTATTTTCTTAGAAATATAAAAGTAACCTACAATTGTAGAATCAGCAAATAAACCCAAAATTAAAACGCTATTGTTTTTATAAAAACTTATGCCAACAGTACCAATAAATATATGCCATCCCTCATTTAGATGATATTTTATACTGTTTACATCTGGCATAATAAATTTTACACCAAGCCTGTTAAAAATTATCCACAAACCTATAATGCCAGATAGTACCAAACCAACTGAATTTATCAGCGGAACATAAATATAATCTGATTCTTCTCGAATAAATACGAAAATAGCAATAGTAAAAATAAACCGTGCCAGAACGTTTAACAAAGTAATATATTTCATTCTCTCTATTCCCTGGAAAAACCATACTGGAAACAATACGTTACCTAAAACCAAACCAAAGGTAAGAAAGTAAAGCAGCCAGTCATCTCTAAACTTTGCAAAACTAAATACAACAAGAGCCATCATTATAAAAGATAAAATAGCCAGTAGAATTTGGATGGTAATAACAGAGCTAAATATTTCTGAAACCTTTTCAGGATTTTCTCTATTTATTGAAATTTCTCTTGTAGCTGAGAGGTTAAACCCATAGTTAGTTAATATTTGAAAGTATCCGATAAAGGCCTGAGCGAATGCCACAAGACCATATTGTGAGGGGCCAAGCACTCTTACAAGATATGGGAGGGTAATCAGAGGAAAAAGATAATTCGCTACCTGTAGTATAGAAAGAGAAAAAAAATTACTAACCAGTCGTTTCTTTTCTTGACTGCTAAATAAATTTTTAATAGAAAATAACTTTTGCAAGACTACCTCTTGGTTTTCATGTTCGTATGATAATCAATTTAATCATATTTTTTATTCCACCAGCTCTTGTGCATACTGAATTTCTTAACCAGAAATTTTGGCAATATTTTATAATTCATACCAAGTTTATAGCCAGCGTATTTTAAAAAGTTTCTAATAATGTATTCAGGCAAAAATTGATATAGCCCATTTTTGATTAAGAAATTTAATTCTGATTTTATATATCTTTTGCCCTCTCCCTGTGCACTGCCAAACTCTTCCAAAAGCCATCTTTCAGAATTGTGAAAGACGCCTATATCAAAATACCTCCTGAACTCCTCAAAGACATTATAATTATGAGAATGAAAGACTATTGCCTTTGGCTCATAAATTATCTTATACCCAGCCTTCAAAAGCAAAGCACCTGCATAAGTATCTTCTCCCATTATCAGTCTCTCTTTGAAATAACCTATTTTATCAAGAGCACTCTTTCTGTACGCACAAAAAGAATTTGACATAAAAGCTGTTTTTATGCCGTATTTATCTTTATCTTTATATTTTTTTACTAAAAACTCTTCAGGATAGTTAAAAAGTCTTAGATGTCTTCCAAAAGGGTTGGTATTTTCATAACAAATTTGTCTGCCATAAACAGCGCCAACACTGCTTTCTTTGAAGTGTAATATTAAATTTGATATTGAACGATCATCAAATAGCAGTGCGTCTTGTGTAAAAAAAATTAAAATATCTCCAGTTGCTAACTTAGCTGCGTATGAACGCGTGCCACCATGGTCGAATTCCTTTTTTGGAATAACATAAACCTTTGCTCCAAATTTCTTAGCTAACTTAACAGTATCGTCAGTGGAAGAAGAATCAATCACTATAATTTCTGATTTCTCACCACATATTTTTAAATTTTCACTTAATCTCTGAAGAAATCTTTCGATATACTTCTCAGCATTATAAGTTGGCAAAATTATACTTAACATAATATTTTATTAATCAACCCTAGAACTTCATCTACTTCTATAGACTTCATACATATATACTCATCAGATGTATTCAAACATTTTGGTTTATTAAAACACGGATAAAATTTGCAAACAGAACTCCCTTTTGAAATAACATAGCAATTTTTTGGCTTCCATATTTCCCAGTCATTTCCTCCACTTATCATGATGCTCTTGACGCCAAGGGCGCTGGAAGCATGAATAGAAAAACTATCAAGACCTATTAAGAGAGAGCATTTAGAGAGATTTATGAAAAATTCATTTAATGTGGTTGTCTTAATAAAAACTCTTTTTTCATCGACAGCTGCCTTGAAGACTTTATTAAGTAAAGAAAGCTCATTATTCGAACCAAAAATCCAAATTG
CP020921.1_gap31	1033844	1036891	3047	TGGGCCTATTAACACAGCTCTAATTTTTTTTAATATCTTTTGATCTATATTATTTGATACAAAATCTTTTTCAGCAATTGGAATTGTTTCAGGAGGCAAAATTGAAAACTCGTCTTCTACAATAGAAAAACTCATACCCAATCCCATATTCAGTGCACCTTCCAAACAAAGTCTTAAAGCTCCTGGATATTGTTTCGAACCTGCCCACACGAGAAGTGAACCCTTTTCTATTTTGTGAGAAAAATCATCTTTCTTTCTAATTAGAAGTTTTGCATCAGAAGAAGTAAAAATTTTTAAACCGTTTTCTGGAGGAGGAAATCCTATATCAATAACAATTACTTTACCGGTATATTCATAAGATTGTCTAAAAAGATATCCTCTTTTAAGAAATCCTATAGAATAAGTATATGTAGCTCTAATTGCATCTGGTTGAGGCTCACCAGTATCTGAATTTAGTCCTGCTGGTATATCCATAGAAACTATTGGTTTGTTTAAATTATTTATATCTCTAATCAGTTTAAGGGCCTCTTCTCTAAGACTTCCATAAAAACCTACTCCCAAAAGACCTTCAACAATAACGTCAGCACTTTTTAAATCTGAAGTTTCTTCTATGCCCAACGATCTACAAAGTTCTCTTTGAATTCTACATTCCTCAGTTGCTGCTCCCCAGGGTTGATAAATAGAACAATCATACCCTTTTAACTTTAAATTATAAAGTAAAGAAAGAGCATCCCCTGCATTATTGCCTTTGCCGCATACAGCTATAACTTTACGTACATTTTTAAAATCTTCTATAAACTTTAATGCACTCATTATTCCCACAATACTCATGAGAGCTAACGGAGTTTGCCCCATAGAAAAAAGCTTTTCTTCCTCAAACCTGATATCTGAAGAGCCTAAAACAAACATTTCAAAGCCCCCTTTGAAATTTATATATATCTATATGTATTTATTGTATCATCAACTCAATTTTTAATTACTCCAACTCCATTGCAAAAATTATGTTCAAATTGAATTGTTACGTGATTAATGCCAAACTTTTTTAGTTTTTCTTCGATTTCAAGAAGTGTTCTCTTTGTCTGGCTAACCATTACGTCTTCAATATTAACGTGAGCTTCAAAATTAATGTTCTTTTCATTCAAACACCATACATGAACGTGATGAATGTCTTTAACCCCTTCTATCCCTTTTAATTCTTCAACAATTTTATAAACATCTATATTATTTGGAACACCTTCAAATAAGATATTTGTTGAATTCTTTAGAATCTCAAAGCTTTCCTTTAAAATATATAAACTAATTAGTGAACCTATTAAAGGATCAACCCAATTTATGTGAAAGAAAAATATTATGATTCCAGCCACTACAACTCCTATAGATGAAAGAGCGTCTACTAAAAGATGTAAATAAGAGGACTTAATATTCATATCTTCTTTGGAACCCTTATGAAGCAAAAAAACGCCCAAAGAATTGGCAAATACAGCCAGAATAGCAACAAAAATTATAACTGAACTATTGACATTCGATGGATGTAAAAATTTTTCATAGGCTTCTTTAAAAATAAATAAAGATATGATTATTAAAACCAGCGAATTAATGAATGCTGAAATAATAACTGATCTTTTATACCCAAATGTCCGCCTTTTATCATTTCTCTTACTTTGAACTTTCAATGCAATATAACTGATAAGTACAGAGAGACCATCGCTAAAATTATGCATTGCATCAGAAAATAGTGAGACGCTTCCAGAAAGGATCCCACCAATTATTTCAAAAAAAGCTATTCCAAAGTTAAGAAGTATAACTAAACACAAGTTTATGGTTTTTACATTAGATACCTCATGAACGTGTTCATGATGATAAGATTCATCCAATTTTATTACTCCACAGTAACTGATTTTGCAAGATTTCTTGGCTTATCTGGATCTCTAGATAACCATACGGCAGCATAATATGCAAAAAGTTGTAACGGAACAACGTTATAAATTGGTGAAACAATTTCAGGCACATCAGGCACGTATAAGATATCGTTTACAAGGTTTACAGCATCCTTATCTCCTTCACTAATTAGAGCTACAACTCTTGATCTCCTACTCTTTGCCTCTTCAATATTCGAAAGAACCTTTTCATAAGTAATAGCAGATCTTGTAGCAATAGCCAAAACAGGCGTAGTTGGATCGAGAAGAGCTATAGGCCCATGTTTCATTTCGCCAGCAGGATATCCTTCCGCATGAATATACGAGATCTCTTTGAGTTTTAAAGCACCCTCAAGTGCAACTGGATAATTAATCCCTCTTCCCATAAAAATCATATTTTTATAACCAGAATAAATCCTCGCACTCTTTTCAATATCATTCAAGAATTTTGGAAAATATTCTTCAAGTCGTTTGGGAACCTCAAGAAGATAACCAAGTGTCTCATCCACTATTTGTTTAGAAATACTCTTCTTACAACTACCCATATAAAGGGCTAAAATATAAAGAGTAACCAATTGAGAAGTAAAAGTTTTGGTAGCAGCAACACCAATTTCCAGACCCGCTCTCGTTAGTATACTAAAGTCTGCTTCTCTATTTGCAGTAGAACCTAATCTATTAGTAATAGCTAGGACATAACTACCTCTTTTCTTAGCTTCTCTCATAGCAGCTAAAGTATCAGCTGTTTCACCTGATTGAGATATAGCAATAGTTAAAACGCTATTATTTACTGCTGCATTTCTATATCTAAATTCTGAAGAATAATCGACCTCACAGGGCATATCTGCTAGATATTCCATTAAAAATTTTCCAATCAATGCAGCATGATAAGATGTACCACATGCCACAAAACAAATCCTTGAAATTCCTCTTGCTATATCCTTTGGAAGTTCATCTTTATATGGTTCAAACTCATTTTCAAAAAAAACTCTCTGTCCAATTGTTTCCTGGACAACCAGAGGTTGTTCAGAAATTTCTTTTAACATAAAGTGATCAAAACCGCCTTTTTCAGCATCTTCTTCATTCCATTTAACCTCAAAAAAGCTTGGCTTAATCCTATGCCCAGCCATATCA
CP020921.1_gap32	1098077	1099701	1624	AGGTCAGTCAGGTTACAAATAGCAGTCTGATACTCAAACAGCGATTGTAAAGTTCCCTGAGAACATTCTGGTTGGTAGGGTGTATAGGCAGTATAGAATTCAGATCTCGATGCAACAAAATCAACTACACTAGGAATTATGTGATCATAGAATCCTGCACCTAAAAAGTGATATGATAACAAATTATTTTTTCTAGCCAGGTTTAAAATAAGATTGTATCCTTCATATTCAGAAATCCCTTTGCCCAATTTTTTGAAATCAATTTCTTCAACTGGGAGCTCTTTGAATAAATCATCTACTTCATTTACATTACAAACAGAACACATTTCCCTTATATCTTCAGGTGTATGTGGACAAAAATTCATTTTTAGTCCAGCTCCTTAATATAATTTTCATATGATGCCTTATCCATAAGATTTTTAAGCTCACTGGTGTCAGAAATTTCCACCTTAACTATCCAACCTTCTTCTTCTGGACTCTTATTTATAATTTCAGGTTCATTTTCCAACCTACTATTCACTTCAATTATCTTCCCGCTTACAGGAGCATATACATCGCTAGCTGCCTTTACTGACTCAATAGTACAGAATATACTAAACTGTTTGATTTCAGTACCAACTTCCGGCAATTCAACGTAAGTAATGTCTCCCAACTGATGCTGTGCGTAATCTGTAATACCAACTATTCCTACATTGTTATCTATCTCTAACCACTCGTGATCTTTTGAATAATATCTTGACACAGATACTCCTCCTTTAAAGTATTAATTTTATTTTATTTTCTAAGAGATCCATTTTTATAAAACGGTATCTTTTCAATAACAGCTTTAATTTTTACCCTATCTTGAGACAATTCTAAAGCTGTGTTCTCACTGCTATATTGTGGTTTAACATAGCCCATACCAATCCCTTTACCTAGTGATGGAGAAAAACCTCCACTAGTAACATATCCAATGTCCATACCATCTTTAAATATCCTGTAATTGTGTCTAGGAGCCCTTCTACTATCACAAACAAAGCCTACTCTTATTTTTTCTAAATTAGCTTCTTTTTGTTTCAAAAGAGCTTCCTTACCCACAAAATCTTTATCAAAGTGAACAAAATAGGAGAGATCGGCCTCTAATGGTGTAGTGTCTTCATCAAGATCATTGCCATACAAAGGATAACCCATTTCAAGTCTTAACAAATCTCTTGCACCAAGTCCAGCAGGCTTTATTTTTTCATCTTTAAGTAAATCGTTCCAAACATCAACACAAATAATTGATGGCATATATATCTCAAAACCAAGTTCTCCAGTATATCCAGTTCTTGAGAGTATCACTTCTTGATCCATAAGACTGCTTTTGGTAAAAGAAAAATATTTTAATTCATCAATAATCCCTGGGAAATATTTTCTTAATAGATCTCTCGAAAAAGGCCCTTGAACGTCAAGCTTTGAGGTAGTTTCAGACCTATCTTCAAAAACAAAATTACCCTTTAAAACGCTTTTTATAACATTAAAATCGTTATCCTTTGTCCCAGCATTCACTACCATCATAAGCTCATCAGCGCTTAATCTGTAAACAATACAATCATCTACAATTCCTCCTCTTTCATTCAAAATTAGGCCATATCTGCACTTTCCT
CP020921.1_gap33	1105551	1109966	4415	AAATTTTGACAAATAAAGGCAATGTTCTAAAAAAGGGATTTTATTTTGATTTGATGGATAATTTTTATTCTGTAATTTAGTAAAAATATACAATATATAGCATAATACTAAAATTTTAAATATAATTTAAACGCCTTTATTAAAATTTTCTTAAACATTAAAATATTTTAAATCCTAAAATTTAATCTTTTATAATTGTGATATACTAATTTTAAAATAAAATAAAAGGGGTGATATACTTTGAAGTTTTTGAGTTTTTTGTTAGCTTTTTTGTTTCTTATATCAGTTCAATCAAGCGCTTATGCTGTAAACGAGCTCTCAAGCCTTGCTGAAAGCAACAACACCTTTGCTTTTAATATGCTTAGGGAATTAAATTCAGATAAAAATATAGTCTTCTCGCCTTTTAGCATATATACGGCTCTTTCTATTGCATCTTTAGGGGCAGGTGGTATTACAAGAGAAGAGTTTGACAAAGTTCTAAATAACAATTTGTCTCTTGAACAGTTTCACCAGTCTTACAAGGATATAATAGATAGCGCTTCAATTGGATCAAACAAGTTTAATATTGCAAATGCCATATGGCTTGACAGCGGCTTTCAACCAGAAGAAGATTTTTTGAACAGTGCCACTAACTTATTTGATTCTCACATTGAAAATTTAGACTTCCAACAAAATCCTAAGGATAGCTCGGACACTATTAACTCGTGGATAGAACAAAACACAAATGGCCTTATAAAAAATTTGTTAAGTCCAGGCAGTATAAATAGCAATACTCGTATGATTTTAACCAATGCAATATACTTTAAAGGCAATTGGGAGAAGGCGTTTAATCCCAAAGAAGATTCAGATCTAAATTTTTATGTTACATCTGACAAACCAGTAAAGACAACTTTTATGCAGCAAGATGGAGTATTTTTTTATTACGAAAATCAATCAAAAAAATTATTACAGTTAGATTATAAAGGAAACAGTCTTTCTTTAGTAATAATTTTGCCAGAAAAAAATATAGATAATTTCATAAAAAATTTAAGTGACGAAGAATTTAGATCTTTATTAAGAAGTACAAAACCAGAGATGTTGGATATAAAGATTCCAAAATTCAAGTTCATTTTCACATCAGATTTAACCAAACAACTAACCGATTTGGGAATAAAATCAGCTTTTACTACTAATGCAGATTTCTCAGGCATAGCCAAATCTGAAGATCTTTATATTTCTGACGTCGTCCACCAAGCATATATAGATGTAAATGAAGCTGGTACAGAAGCTGCTGCAACCACATCTATAGGTTTTGTTACAACAGCTTACAATCCTATACCAGTAAAAAACTTTATAGCTGATCGCCCATTTATATTTGCAATAATGGACAACAAAACAAAAACAATTTTATTTTTAGGAAAAATTTTAAATCCACAATAAAGGAGGCTATTTAATGAAATTGTTAAGGTTTTTTTCAATTTTTAGCATTATATTATTATTTTTTACTCTTCTTGAATCCCTTGATAGGGTATCGTATGCAAGTACTACATGTCCAGAAAACGACATAAATTGTGTTTTAAGCTCTCTTGACAGCTCAGATTACGTAAAGTTTACAAAATCTGAAACAGAATATGGCTTAACTATAGAAGAAAGCGAATTAAGCGTTGAAACATACAACGAAAATGAAAACTCCAAGCCATGGTTCTTGGGTCACCAGATTCCTGAAAATGCAAAGTATTATGTAACAGGAAAATTGACTCTATTTAGAGGCTTTAAAGCAACTCCAGAAAACTCTATTTTCAAAACACTATTAGAACAATATCCAGATTTAAGGGGTAAAGACCTTTCATCATTGGTAGGAGACAGTTTCGAATGTATATTTAACACTAAGGATGATCTAAAGGATTTTCTTACCAATGGCCTAAGTGAGAAATACGTCAGTGATGGCAAGTTAATTACAGATCTTGAAAAGATAGAAAATATTAAATCAGATAGCTGGAGACCAATCAATCACACAATTGTTAAAAAACCTGCAATATATCTCTATCCTACTGCAGATAGCACAATTAGCGTATCAATAGATCCAAATGGCAAAATTACAAAGACTATTCCTGACTATAATGGAAAATGGACGGTAAATGTAACGAAGAATGGCAAAATAGATAAAAAGTATGATTATCTATTTTATGAAGCTACTTTAAATGAAGGCTTCACGCCAACTGAGGGTTGGGTTGTAAATTACAATGACCTTAGTCTGTTTTTTGACAAATTCCTTCCAGTATTAGGATTGAACAAGAAAGAGACAGCACAATTCAAAGAATACTGGCTCAAAGAGTTAAAAAGAGCTAACTATTATCTGATAAGTCCTGTATCAAAGGAATTCATTGAAAAAAATCTAAAGTTAGAAGTCACCCCTTCTCCAGATACTGTAATAAGAGTAATATTATACTTCAGCCCTATTAATAACCCAATTGATATAAAAACACCTGTTTTAGAAAAGCCCACAAGAAATGGCTTTACCCTTGTAGAATGGGGAGGCATATTGGAAGATAAAATTAAATAATAAGCTTAACAATAAGTCAACGGTGCGCAATTAATGGGCGCAATTTCTTGCGCCCATATTTTTTTAGAAGCTTACGTCCATCTGAATGTAATATCTTTGATCGGTATCAAGCTGCATTGGGTTAAAAGTATAATATACCTGGTTTGTTACATCAGTAGCATAAGGCTTTTTACCTTTCCAGTATTCATAGTTAAATTTCAAAGTAGTATTCTTTGCTATAGGCAGTATATACCATACCTGATAGAAATCCTTCCAGGAGGTATCAGAGCTAGAGTAGAAAAATGCTACAGGATTATACCATTTGTTGTTTCCGAAATAAAAATCACCCCACAAATAACCAACAGGAAGTTTATACAATGCTCCAATTCTCCAAGCACCGCCATTTACAGAATTCATCCCAGAATAAGTATAATTTGCTGAAGAACCAGCAATTCCAGCAGGCATATCTACGCTTGTGCCCTCGTAGCCAGCCCAGAAATTAATTCCGTAAAAGTTGAAATCAGATTGGATTGTCCACCAATTATACTTTCCATACTGAGGATTGGAAGCCGAAATAGACGTTACATTGTTAGAAAAATAGGTAAACTTAGGCATTGTGCCATAATCAGCTTCCAAACCTATAGCATTAAAAATCTTTGACTTAAAGCTTGCAATATAGGCGTCTCTATCCTTTAAGCCATACGTCTCATTGCTCGCTGTTATCAAGCCATCATCAAAAAACTTCACCCATGCAAGTGAAAGATTGGACTGTGGTAAGAAATTATTCAGGTCAAACCTTACTATTGCACCTTCAGTCTCTGAATCAAGAAAGAATTTATTGAAGTATTGACCGTCAACCATAGTAGGCAACCTTCCAAGCAAAAGGGTTACCGGATATGGATTTAAATTCCATGTAATAAATGACCTTTCTACAAATAACCTATTGTCGTTGTCATTGTATCCTGAAGTAATAGCTCCAGTCTTTGGATTTCCAAAGGGACTTGAGAGATCGCCTGTTCCATTTACACCTGCGTTCTTCTCCATTGTGAGCCTGCCGGTATACGTTATATTGTCTGCAACTGGTGCATTAACGTTTAGCCTTATATAGTAGCGCATAAATGTATCTTCTTTATCTAAGGGCTTTGTAGTTTGTGCACCACTTGGATATAGACCGTTTACAACAGGTAGCACGTAAGATCCGTTAATTGTGGTGCCTGGCAAATTTTGAGTCGTATACCCTAAAGAAGCAACCTTATATGGCTCACCAAGTGCATAGAAAGTTTGTTTTCGATAGGCAAGCCTAAATCTTGCATCACCAGTAAAGTTTACTGTGTCAAGAGCTGCTTTCTTCTCAAGTGCTGCAACTCTGACGTTTAAAGATGCAAGTTCTGACTTAAACTCTTGGGCTAACTTCATAAGCGTTGCGATGTCGTTAGAATTAAGCTCTATCTTTTGATCCTGTGCGTTCTGGCCTTTTTCATACATGTCGAGCATTCTTGCAACTACCATTGCCATCTCATAACGGGTGGCTGTTCTCTCACCTCTGAATGTTCCATCGCCATAACCAATGACCAATCCCTTTGCTGCTAAGCCTTGCACTGCCTTATATGCCCAAGAATTAGCAGGCACGTCTGAGAATGGCCCTGCAAATGCAGATGAAGTTAACAAAAAAAAGAATAATAGAGCAAAAAACAATGAAAATTTTCTCAACTCATCTCCTCCTCACATGAAAACTGAAAAACTAAGCTAAGCTAAAAATTCACCTCCCTTTTAAAAAATTAGAACATTTATTTAAAAAGATTTGAATTAGATTAAATTATAATTAAAATTAGATTAGTGTCAACAAATCGAATTGTTTTATAAAAGAAAAAGAAATACAAACATAAAAAAAACT
CP020921.1_gap34	1154780	1155472	692	AGAACCAATAATATCTTCTTTAAAGGATATGCTTAGCGCAATACAAGAATTAAACCCATAAGAGCAAACAAATTCTCTAAATGGGCAAATATCCTGTGAGCAAATGTCTTCTAATAAATATATACCTTTACTGTTTAGACTCTTTATTAGAGGTTCATCTGATTGTAAAAACTTATTATTTGTAAATAGGCGACCTACCATTTTCGCCTTATCTAAATATCCTTGAAATCTATCATCTTTAGCTGAAAAGTAGACAACTTCAAAATTTTTATTACTTTTTAAAACTACATAAGACACTTCCATACCCAGATTTTCAACCAAAAGCATGGGTAAGGACGATAAAAATTCTTCCTTTGTTTTTATTTTCAGAGATAAATTGCTAATTTCATACAAGGTATTATAAATCCTTGATTTCAACTCTAATTGATCTTCATATTCTACAAGTTTTGTAACATCCATTGATAGATCAACAAAACGATAAACTTCACCATTTTGCATAACAGGTATTATTGTTGAATTAAGATAGAATATTGAACCATCCTTTGCTTTGTTTACAAACCTACAAGTACAAGACTCTCCTGCCAGGATCTTTTTCCAAAGCTTTTCATAAAAAGTTTTATCATGATGCCCTGACTTAAAGATTCTTGGATTCTGACCAATCAACTCTTCTTTAGAATAGCCTGATATATCGG
CP020921.1_gap35	1244747	1249187	4440	ATTACAACGTCTGGTTTTAATTTTAAAGCATCTTTTATTGAACTTTTATCAAGAATGTCACCTTTTATATATTCGACATTTTCCCCTTCAATTTTTCTTTTATGAGAAAAAACTATAACTTTATTATCTTTATCAAGTAAAGTTTTTACTACTTGTTTACCAATAAATCCTGTTCCTCCAAAAATTAAAACTTTCATTTTCACCTCAAATAAAATTTATTAATATATCTTAAAAAATTTAAAGAACAATTGCAAACGTAATAATTTTCTAACAGCTTTTTATTCTTTTCAAAATGTTAGTTGTAGAAAAATCTTTATAAAAGGGGAAAATTTCAACTCTTCCACCATATCGATACACAGTTTCAGCTTCTGGAAGATCTTCAATCTTATAGTCTCCACCTTTAACATGGATTAATGGTCTTAATCTTTCAATCGATGATATGGGATTATGTTCATTAAAGATAAAGCAATAATCTACAAATCTAATAGAAGCAACAACAACAGCTCTATTTTCCTGTTTATTTATGGGTCTTAAATCACCTTTTAATGCTTTAACTGAACTATCAGAATTTATCCCAACAACCAAACAATCTCCTAAAGCTTTTGCAAACTCGAATAGTCTAATATGGCCTTCATGTATAATATCAAAACATCCATTTGTGAATACAACTCTTCTGCCCTCAACTAGCAAAATTATTTCATCTAAAGTTTTAAATACATCCGAAATTTTTTCCAAGTTTTTAAAACCTTTCTGTTAAGATTGTTTAAATTTAAAAATAACTTACTAAATTTATTCACCCTTTTCCGAATTTAGAACAATTTTATTGTACAAATCTCTAATTTCCTCTTCCCTAAGGTATCTTTCTATTTCATTAATATTAGTAGTTGAGGTCCCAACTTTTCTTACAACTATCGCTGCAGCAACGTTTGCCAAAAATGTTGAATGAATCATATCAAAACCAGACATTAATGATAATGTTAAAACTGCAGTAACTGTATCTCCTGCACCCGTTACATCATAAACTTCGCTCGAAAATGCTGGAAAATTTATAGTTAATTCTTCAGTAAAAAGAGAAATTCCATCAGCACCTCTTGTAATGTGAACAGCTTTACTGCCCAAAAGTCTTAGAAGTTCTCGCCCTGACCGAATAATATCTTCTTCACTCATTAATTTTCTATCAAAAATTGCCTCAACCTCTTTTAGGTTAGGAGCAACTGTAGTAAAACCTTTAAATAATAAATAATTTTTTGCTTTGGAATCGGCTACACAAACTCTATTATCAATTGAATTTATCAAAAATTCTATTACATCTTCAGTAATTAATCCTTTTCTATAATCAGAAACTATTATAGCGCCGCACTCAGGTATTTGTTTTTTTAAAGAATTTATTACTCCCTGAAGCTCCTCACCATCAATCTGACTTGGGTCTTCGCTATCCACCCTTAAAACCTGTTGTTTTCTTGCAATCAATCTAAGCTTTCTCGTTGTAGGCCTTTTTTTAGAAACGATCAAACCAGATGTGTCTATATTTGAATCAAATAAAAGTTTCTTAAGTCTATCTGATTCAACATCATCGCCAACAATCCCAACAATAGAGACATTTGCCCCCAAAGAAGTCAAATTTTTTGCAACATTTGCAGATCCGCCAAGTCTAAATTCGCTACTGAGATATTTTAAAACTGGAACTGGAGCTTCAGGAGAAATCCTTTCCATATCTCCAAACCAATATTCATCAAGCATAATATCGCCAATAACTAAAATCTTCTTAGATGTATTGAATTTTAAAGGAAAACTATGAATTTCAGAAAACATACAAATCCTTTCTAAAATTTATTATGCATTGATTAGAGAATTTTTTTCTTAACAAAACAAATAATCTTTTTAATAGCACAAATAACATCATCCACATCCTTTTCTGTTATATTTGCACCTATTGGAACAGAGAAAATTTTTTTACCTAATTTTGTGGCAACAGGAAATTCACTTTCTTTCAGAGAATATTTTTCTTTATAATATTTTTGCATGTGAAGTGGTAAATAATGTATTCCAGTACCAATATTTTCGTACTTTAGTGCTTCCATCATAAAGTCTCTTGATAAAGAATCATCAGTTATTTTTAAAATGAATAAATGATAAGAAGGCTTTCTCCTATCAAATGAATATTCAATAGGCTCTATTTCATCAATTTCTGAAAGCCTATTAATATACATCTTAGCAATTTCATCTCTTATCTTCCAATACCTTTCTATTTTTTCAAGCTGCTTTATCCCTAATGCAGCTTGAATATCGGTCATATTATATTTAAATCCTGGTTCAATCACCTCATAGTGTTTAAAACCCTCAGAAGAATATCTCTTCCAAGCATCTCTCGATATGCCATGAAGTGATAATATTCTTCCTCTTCCATAAGATTTATCATCCTTAACAACCAACATACCACCTTCAGCTGTAGTAATATTTTTCGTGGCATAAAAGCTATAGCTTGAAAAATCTCCATAATAAGAAATCTTTTTGCCATCCCACTCAGTCTCAATAGCATGAGCAGCATCATTAATCCAAACAAGATTGTATCTTTTTACTATTTTACTAACTTTTTCAATGTTACACGAATTTCCTGCCATATGAACAGATATCAAGGCTCTTGTTCTTTCGTTAATTTTAGATTCAATCAAGTCTTCATCAAAGTTAAGATCTGATTCTTTTATGTCGACAAAGACAGGTTTTGCTCCGACATGTTCAATTACATTTGCACTCGATGCAAAGGTTAGAGTGGTTGTAATAACTTCATCATTATTTCCAATCCCAGAAAGAACAAGTGCAAGGAAAAGACCTGCTGTACAAGAATTAAGAGCAATACAGTTTTTTACACCAATATATTCAGAAAACTTTTCTTCAAATTTTTTTACTCTTGGTCCTGTCGAAATCCAGCCTGATTTTAGTGTTGCCACTACTTCTTCAATTTCATCCTCTTCAATCCTTGGTTTTCCAAAAACCAAAAAACTTTCCCTTTGGGATTTTCCGCCTTCTAATGCTATCTTTTCCAAAAAAAGCCTCCTAAATTGTTTTGTAAAACACAGTTATTGAGATTTACCATTACCTTAAGAGTGATTTATAGATTTCAAAATATGACTTTACCATTTTATTAAGTGAAAAATTCTCAATTGCGTGCTTTTTCCCTTCCTCTACAATCTTTATTATACTTTCATCTTTATTAAAAAACTTGGTTAAAAATTCTTTTATAGAACCATATAACAATTCTGGATCAGGATTTACTAAAAAACCAGTTTTATTATTAATAATTATCTCATTAGTTCCAGCAATATCAGTCGCTATTACCGGTACTTCCATTAAAAGTGCTTCTATTAAAATTGTTGGCAATCCTTCCTTTTCTATTGAAGAAGAGACATAAAGATCAAACGAACACAGAAGCTCGACCAGGTCTTCTCTTCTACCAAGAAAAATTATATCTTTTTCGATCTTTAATTTTTTTGCAAGTTGTTTGAGCTCAAATTCAAGCTCTCCATCTCCAACCACGACAAGAGAAATTGCCTTATCCTTATAATCATCTTTAATTTTTCTAAAGGACTCAAAAAGAACTTTATGTCCCTTCATGGGAGACAACCTTGCCACAATACCTATAGAGAAGGTTTCAGGAGTAATGCCAATTCTAGATTTAGCCTGTTCTTTGCTTATTCTTTTTGAAAAATAATCTTCGAAATTAATACCATTATATATTTGCGTAATACTCCCTGAAAAACCCCTTCTAATAAAATCTCTTTCCACAGATTTAGAACATGCTACAACGATGTCTGAGTTTAAAAAATACTTTATGGAACTAACCTTTTGTGCACTTGAAACAACCTTTACCTTAGTTAATTTTTTTGCCATTCCAGCATAAAGAGCTGCTCTTGATAATTGTGAGTGAACAATATCAATATTTTGATTTCTAATAATACTAACCAATTTAAAATAAGAAAATGGATCAAAAAAGCCTTTAAATTTAATAGGAATAATATTAAAGGCTGGCTTATTCGCCAGCCTAATTTTATATTCACTTAAGAAATCATAAGTATAGCCACTATCTGGCATACCTATAAAATTTTCTACACCATATTCACATAGACCACATACAAAGTTAACAAAAGTTTTTTGCCAACTAAGATTACCCTCATTCAAAAGGTGTAAAATTTTCATAAACTAATTCATTGTTTAATGTTTATCAAATTACTTCAAACTTTCACCTAAAAGAGCTGAAAGCACAATTAATCTTCTGCTAGTATTTCATATTTGCAGGTCTAGGTTCAAGGGTAACAGGTATGACCATAATTTTTCCGGATCTATATAAAGTTACTTTAACAACATCTCCTACCTTATGGGTAAGAATTATATTTGGCAAAGTGTAAATATCAACTTCTTTATCATTAATTTTTAAGATTATGT
CP020921.1_gap36	1276101	1280852	4751	CTGCACAGCTACTCAAAATAATAACGTCTGACAAACTAGCCGACAATTCTTCTATACAGCCAGGAAAAAATATTTCTTTAAATTTTGCAAGATCAGCCTGACTAACTTTACAACCTAGTGCAAGAGAAAATACCTTTTTATTTAATATCATTTGACAAATAAAACATTATACTACAAGAAACTACACTTGCTGTCTGAACCCTCAAAATTCTCTCACCTAAAGATAAAACATAAGCCCCTTTAGATTTGAGAAATTCTATTTCATTTAAAGATATACCTCCTTCGGCTCCAATAAAAAGAGATAAATTTCCAGAAATAGCTGATTTAAATAAATCTTTAATTGACTGATTTGAATTTTCCCAAAAAACCACAATCTGACCTTTAAAGAGTTCATCTGGCAACCTAAAAAGTTTATACGGACCTAAAATTTCTGGAACAACTCCTCTTCCTGCAAGTTCAGCTGCTTCTTTTGCGATCCTTTGCCACCTTTTAATTTTGTTTGGAGATACTTCTCCGTAATAATTTCTTTCACCATATATTAGAACAAACTTCTTAACTCCAAGTTCAGTACACATACGAACTATATCACTCAACTTATCTCCCTTTGGAAGAAATTGAAATAATGTAAGATCTAACTTAGGTTCTTTTGCATCTAACCTTTCACCAAGAATTATATGGTTTCCCTTTACCCTGGATTTAAAAATATTTCCCACTCCATCAAGTATCATAACTTCATCATCATCTTTTAGTCGTAACACCTTAAAAAGATAATGTCTTTCATCTTTTTCTAATTCTATTGAAAGACCCGCTAAAGGATCGGTTATTCTATTCTTACCTATATAAAGTCGTGGTTCAGACACTACTTCTTAATTTTTTTCTTAATTTTTTTAAATAAACTATCTTTTTCTGAATATTCTCCCCTGATCTTGGCGAGTTTAACGTAAAGTTCTCGTTCCTCATCAGTAAGATCGGTAGGAGTCTTTATGATGGTCCTTATAATCAAATCTCCCCTAGATCTTCCACCATGCTTAGGGAGCCCCTTTCCCTTTATCTTAAACTCCGCATACGGCTGCACACCTGGTGGGATATCATATTCACTAAAACCTTCTTCTGAATCAGGAGTGTAATATTCTATTTTTGTACCAAGAACGGCCTGTGGAAAACTTATATTTACGGGATATATAAGATCATATCCATCTCTAATAAATCTTTCATTGTTTATATACTTAATCTTTACATATAAATCTCCATAATCTTCACCATATGACCCAGCATTTCCCCCTGATTTCACTTTAAATATCTTTTTCTCTTCAGTAAATGGTGGAATACTTATAGATATCTTTGTCTTTGTGATAACTCTTCCAGTACCTCTACAATGAGGACAAGGATCTTCTATTACAAACCCCTTTCCATTACACTCCGGACAACTATAGGTCTGATAAACGTTCCCTAATATTGTCCTTCTTGAAGAAGTTACCTGCCCTGTACCCTGACACACCTTACAAACAGTTTTCCTCCCACTGAGAGAGCCCTTTCCTTCGCATTTCTCACATCTCTCGTATCTATCGTACTCAATAATTTTATCTGGAGCACCATTTATTGCTTCAAAGTAAGTCAGGCCTACTACAATCTCCCTATCTTCGCCCCTGAAACTAACAGTTCGTCTGGTTCTTTCCTGACTAACTCCAAAAAAGTCACCAAAAAATGTTTCAAATATATCAGACATGCCGCCAAATGGATCGGCCATTTCCTTTTCTGTGCCAAATCTATCATATCTTGCTCTTTTTTCTGGATCAGATAAAATCTCATAGGCTTGAGTAAGTTCTTTAAACTTTTCAGCACAATCAGGATCGTCTTTATTCACATCAGGATGGAGTTCTTTAGCAAGTCTTCTATATGAAGCTTTAATCTCTTCAAATGAAGCATCGCGAGATACTCCAAGTACTGAATAAAGATCTTTATTATTTGTCCTCAATCAAACAACCTCCTCAAGCCGTTGGAAATTTTATGAGTATAAATATCAAGTAATTCTACTACATACGGGTATCTCACACGAGTAGGAGAAATAAGCCCTATAAAACCTACAACCTTATTAGCGTAATAATATGGAACCTTAAAGAAGGTAAACTCCCAGAATTTCGGATCCTCATTCTCCTCTCCAATTACTATCTTTATTTCTCTTTTTTCCCAAGGATCCTCAAAAAGCTTCTGCACAATTCTATCTTCTTCCTCTAAAAGGGCAACAAGTATATCGAATTTCTCTTTCTCAGAAAAATCTGGTAGGTTAAACATCTTCATACTATAATAAATATAAGCTTTTTTATCTGTTGCATTCCATAAGTTTTCTATAACACTTGTCAAGATTTGTTTTGCTTGCGAAGAAAGATTAAAAACAGGATCAAATACTGCCTCTAATTCAGAATTAATTTCATTTCTGTTTTTTCCCATCACTTTGCTCTTTATAAGAGAATTAAGTACAAGAGCATCTTCTTCACTTGAAATATCTATGTTTAGAGGATATGTAACACTAATTCCTCCTTCAAGAAGCAAAAATACAATACAAAAACCTTTTTTTACATATGACAGGTGAAAATCTTTAACATAGAGTTCCAACAGAAGTGGATGAGAAATTATAGCAATCCCAAGGGTTTTGCTCGAAAGTTGCTTAGCCATCTTTTTCAAAAATTCACTTACAGGATCATCTTCATCAAATTCCTCATCAAATTCTTCATACTGGTTTAGATTTGGCTTAGGCCATTCCATCAAAGAATCAACATAATATCTATATCCAATACAAGAAGGAATCCTACCTGCTGAAACGTGAGGCTGATTTAAAAATCCTTCTTCTTCAAGATCTGCCATATCGTTTCTTATAGTGGCAGGACTAACTCCTAAATCAAATCTCTTCCAAACAGTCCTCGACGCAACAGGTTCGGCTGTCTGAGTATAGCTTTCAACAACAGCCCACAAAACCTTTTTCTTTCTTGAAGAAAGATAGTCATCAGAGAATTTTCCCTTCATTTTACTTAATCCTCTTTCTCATATATTTTTATACTATTTTATAATATATTATAATACAATTAGTTTTTGACAGTTTATGACTAGTTTTTTATCTGAATACCAAGCTTTTGGTAATTTTAAATCTAAGAAATATTTTTATTTATTAGTATATTTTATATGAAATCTAATTGAAATGAAGGGAGAAAGAAAATGGCAAGAAGAAGTGATATGGTTACAAAGGGAATTGAAAGAGCACCTCATAGATCTCTTTTTTATGCAATGGGCTACACAAAAGAAGATATGTCAAAACCATTGATAGGAGTAGTAAATGCATTCAATGAAATAATTCCTGGTCACATTCATCTTAGAACTCTTGCAAATTACATTAAAAAGGGAGTTAATCAGGCAGGGGGCGTGCCCATTGAGTTTCCTGTTATAGGAATTTGTGATGGTATTGCAATGGGTCATGAAGGTATGAAATATCCTCTTGCTTCAAGAGAATTGGTAGCTGATTCAATTGAAACTATGACACAAGCACATATGTTTGATGGTCTCGTTTTGCTTACCAATTGTGATAAGATTGTTCCTGGCATGCTTATGGCAGCTGCTAGACTAAATATTCCATCAATTATAGTCTCTGGTGGCCCAATGCTCGCTGGAAGATTTCAGCAAACTGATGTTGATCTGATTACTGTTTTTGAGGGAGTAGGGCACAAAACACGAGGTAAATATGATGATAAGACCCTTGAAGAACTTGAAATGTGTGCATGCCCAGGTTGCGGATCTTGTTCAGGAATGTTTACAGCAAACACAATGAATTGTCTTTCAGAAGCGTTGGGAATGGCTCTCCCAGGCAATGGTACAATACCAGCTGCCTTTGAAGGAGAAAGGAAGAGACTTGCAACATATGCTGGGATGAAAGCTGTAGAGTTAGTTAACAAAAACATATGTCCAAGAGACATACTTATACCTCAGGCTTTTGAAAATGCAATTGCAGTTGATATGGCTGTAGGCGGTTCAACAAACACAGTGCTACACCTGCCAGCAATAGCACACGAAGCAGGAATAGATCTCCCACTTGAAATATTTGACCTTATATCTTCAAGAACCCCAAACCTTTGTAAAATAAGCCCGGCGGGGAAACATCATATTCAAGATTTGAATGAAGCAGGCGGAATAAGTGCAGTAATGAATGAACTATCAAAGAAAAACCTTATAAACTTAAACAACTTAACTGTTTCAGGTCAAACAATTGGAGATCTTATAAAAGATAAAAAAGTTAAAAGAAGAGATGTGATAAGACCTATTGACGATCCATATTCTAATAGCGGTGGTATAGCAATTTTAAGAGGAAATCTAGCACCTGATGGCGCTGTAGTAAAACAATCTGCAGTAGATAAAGAAATGCTAGTTCACACAGGCCCAGCAAGAGTATTTGAATCAGAAGAAGAAGCTATGAAAGCCATTTTAGAGGGTCGAATAAAACCCAAAGACATAATAGTTATTAGATATGAAGGCCCTAAGGGTGGCCCAGGTATGAGAGAAATGTTAAGCCCCACTTCAGCAGTTGTTGGAATGGGACTAGGAAAGGAAGTAGCTCTTTTAACTGACGGCAGATTTTCCGGAGGTTCGCGCGGTGCAGTTATAGGACATATTTCTCCAGAAGCTGCAGAAGGTGGCCCCATTGGTCTAGTAGAAGAAGGAGATATCATAGAAATCGATATTCCTGCAAAAAAAATTGAGCTTAAAAT
CP020921.1_gap37	1292600	1294469	1869	AATTTCACCTGCATTAGAAAAGTATACGGCGTGGCCTACATCATATAATGATTTCAAACCTTCTACTGCAAGAGTTGGCAACGCAAACTCTCTAATTGCAGAACGCCTCATTGCCATAACCACACCAAAAGGCTCTACCTTTCGTGGGCACACCTCAGTACATCTATTACATGCCTGACAAGCCCAGATAGAACTATCATCAAGCAAAATCTCCTTTTGACCTATTAGAATTGACTGAATAATACGCTTATTGAAAAATTCAAAACCTGCAAGAACCATCGGACACGCAGCAGCACATTTGGCACACTGGATACAATCCAACAATTCCTCTGCTCCAAGTTTCATTATCTCATCAGAAAAACCTGGCTCACCCTCTGAAATATTAAGAACTTCTATTACTTCAGCCACTAACGTTCACCTCCTTAAAAAGTCAAATTCTCTATTTGAGATTCAATTTCTTCAGTAGTAAAGCCTTCTAAAATTATTGCTCTAGAAGGACACGCAGCCACACATACCCCACATCCTGTACAGAGAGCTGGATCTATGTGTGCCCTCTTCTTGCCCTTGTATTCTATCCAACCAATAGCAGAGTAGGAACATAATGGCAAGCAAACGCCGCATCCACTACACTTATCAAGATCAATTTCTGAGACTAAAGCTTCAACGTTATCTGTAATTTTAGGGATCTCAGTTACTGCCATTACCGTTCACCTCCTCATTTTTTAAAAAGTAAGGGCCTCTATTTGTGACTCAATCTGCTCGGTGGTAAAACCATGTAAAGTTATTGCTCTAGAAGGACATGCTGAAGCACATACTCCACATCCTGTGCAAAGAGCTGGATCTATGTGTGCCCTCTTCTTATCACCATATTCCTTCCAGCTAATAGCAGAATATGGACAAAGTGGTAAGCATATACCACACCCACTACACTTATCTGCATTCACCTCAGAAATTAGAGGTTCTACTACAACTCTGCCCGTTGTCAACGGTACTGCCGCTGCTGCTGCTGCTGCCCTAGCTTGAGATACGCTTTCTGGAATATCTTTTGGTCCTTGAGCACAACCAGCAATGTAAATACCTTTGACTGAGGTCTCTACAGGATAAAGCTTGGTATGTAATTCTTTCAAAAAACCTTCTCCACCACATTGTATTCCAAGCTTCCTTCCAAGCTCTTCAATCCCAGGCGGAGGCTCTATTGCAGTAGCAAGAATAACCATATCAGATTCTAATTCTACAGGAGCTCCCATATCTACGTCATATGCACGTACGCGCAAACGATCGCCCGGTAATTCATCTACACCTCCCACACGACCTCTTATCACTCTGATACCTAGCTCTCTGCAGTAAGTATAATATTCTTCAAAATCCTTACCTGCAGTACGTACGTCAATAAAGAATATATAAACGTTAATATCTGGGTATTTCTCTTTGATTAACCTCGCTTCCTTCAACATATACATACAACAAACTTTGGAACAATAGCGATGATAATTTTTATCTCTACTGCCCACACATGAAATAAAAGCAACCGTCTTAGGATGTTGATTGTCAGAAGGCCTAAGAAGTTCACCTTCCGTGGGACCAGTAGCAGAAAGTATTCTCTCAAACTGCAAAGAAGTAAGAACATTTGGTGATTGAGGAGAATACTCTTTGAATGGAGTTTTATCCATAGCCTTAAATCCAGTCGCTGCAATTATTGTACCTACTTTTATTTCGATCAATTGACCTTTAGGATCCCATGGTATAGATCTATCACATGCACCTGTTGGGCATGCCTTTTCACAGGGAGACAAAATTGGCTCCCCTGTCTTTGGATGGGGTTTTGGTTGAGTTCCAATAGTTCTCCCAGCACAGTTTAAACAATGATCT
CP020921.1_gap38	1312835	1315261	2426	TTCTTCGATTATCTCGTCAATTATACCTAACGAAAGCAGATCATAAGATGTCATCTTAAGAGCGCTAGCTGCTTCATCAGCAAATTTTGCGTCTCTAAAAAGTATAGATGCACAACCTTCTGGGGATATAACAGAAAACACAGAGTTTTCAAGCATTGCTATTCTGTCAGCAACAGAAATTGCTAAAGCACCACCCGATCCACCTTCTCCAATAACAATTGCTAACGATGGAATAGAAAGAGAACTCATAAGACAAATAGACTCCGCAATTGCATTAGACTGTCCTCTTTCTTCAGCCTCTATACCTGGATATGCGCCTGGAGTATCTATAAACGTGATCAAAGGAAGATTAAATTTCTGGGCGTGCCTCATTAATCTCATAGCCTTTCTGTAACCCTCTGGATGAGGCATTCCAAAGTTCCTGTACATATTACTTTTGGTATCGCTACCCTTTTGATGCCCAATAAAAACCACGCTCAAACCAGAAAGCCTTGCTATTCCACCTATTATTGAGGGGTCATCACGATATAACCTATCTCCTTTCATTTCAAACCAGTCATCAAAAATTCCTTTTACAAAGGTAAGAGTACCTGGTCTTTTTGGATGTCTAGCTATTTGAAGCCTCTGGTAAGGAGTTAGATCTTTCATAGTAATCTTATACAAGTTCTCCACTCTTTTTTGAAGAGATTCTATCTCTCCTGTCATGTCAACACCAGTTTCAGCAGATACTCTTTTTAACTCTTCAATTTTGTTATAAAGGTCTATTATTGGTTTTTCAAAATCAATATATTGATCTTTTTTATCAATAGCCATGCCAGCTCACCAACTTATTTAAAGTCTCTTTAATTGCTTTTCTTTCAATTACAGCATCTATCATACCATGTTCTAAAAGATACTCCGACCTTTGAAATCCTTGTGGCAATTTTTGCCTTATTGTCTGCTCTATAACTCTTGGTCCAGCAAAACCTATCAAAGCACCAGGCTCAGCAATAATTACATCTCCCAGTGTTGCAAAGCTTGCAGAAACACCTCCCGTCGTTGGATGCAATAAACAAGAAATATAAAATCCTCCGCTCTCCTTGTATTTTCCAATAACCATTGCAGTTTTAGCCATCTGCATAAGAGAAAACATTCCTTCTTGCATTCTTGCTCCACCAGATGCACTAAACAGTACAAGCGCTAATCTTTTTTCTCTGGCATAATTGGTAATTCTAAATATCTTTTCTCCTACCACAGATCCCATACTTCCGCCAATAAAGTCAAAGTCCAAAATTCCTACAGCAATCTTCTTATCACCAATTGTACCAACTCCAACTATTATTGCTTCTTCTTTAAGAGTTTTAGACTGAGCTTCCTTAAGTCTTTCAGAATATGGCATTGTATCAACAAAATTAAGACTGTCCACCGGAAGAATCCCTGAAAACATTTCTTCAAAATTATCAAATGTAATATCTATTCTTTCTTGAACGGTTAGTCTAAAATGATAATTACAATGATGACAAACTTTAAGATTATCGTTTAATTCACGAGTATATATTGCATTACTGCAATTTGGACATTTTGTCCAGAGACCTCCTGGTATCTCCTTTTTTTTAACGTTAAAAAATTTATCTAGCAAAATTTCACCTCAATCCTTCAAAAACAATTAATAAATATACCAAAAGAATCAAAAATTCCAAAGGAGTTCTGCTCTTAAACCATCCAGTAAGAGGAAATGAAAAACTTCTTTTGCTAAAAGGATAAAAAAGCTTCACTCCCTTATTCCCTATCATATCAAAAAAGATATGAAGCAGATAACACATGGTAAAAAAAATTATAAAGCTTACAAAAAAATTAAAATCTATATTCATTAGAAATCTTAACAGAAAAGTAAACAAAAAGTCTACTATAATTACTGCAGATAAAGAGTGCCAAAAACCTCTATGTGAGAAAAAGATGCCAAAAAAAGGATTTCTCACCAAAGTAGATATCTTTGAAGTAGGCGAATCAATGTCTGGAAACAATGAGCCTAAAAAACTGCCCAAAAAAACTCCAATTTCATTGAAGTTCTTCACCCATTCAGGATGATTAACATATATAGCAACTGTGCTACCAACTCCAGCCACCAAATGAGTAAAACCTGTCAAGATCTACCAAACCATTCTTTAAGATATTTACCCGTAAAAGAATTATTCACTTCCATTATTTCTTCGGGAGTACCAAAAGCAACTATCTTTCCCCCTTTATCACCGCCTTCAGGACCTAAATCAATGACCATATCACTGGCATAAACTACATCAAGGTTGTGTTCGACAACAATAACAGAATCTCCTCTATCAACTAATCTGTGCAAAACATTGATCAACTTTTTTATATCATCAAAATGAAGTCCAGTAGTGGGCTCATCAAGCAAATATAAGGTATGGCCCCTAAACTTTTTTGTAAGT
CP020921.1_gap39	1366985	1369455	2470	TACGATAGCTTTCACGCAGAGGGAGCACCCATATTGCAGGATGGAAGAGGAACTTATGTTCAGGGTATATCTCTAACTGGCGATGCGATCACCCCAAGAATAAGCTTAGACTACGAGCTAACTAAAAACGATACTGCAACTCTTTCAGTATTCAAATCTGCAAGGATGCCTACCAACCCTGAATACTATTGGTGGATCACAGGTTATAGCGGAGCAAAGCTCGCAAATGGTGCACCCGCTCCCGGTTATAGGCCAGTAAACTATCTTTTAAAGCCAGAAAAGGAGGACGCAGTAGAACTTAGCATTAAAGGAAAAAGGCTCGGAGTTGACTACTCTATTAATGGCTATTATTATTCTATTCACGACTATATTATGTTTAGAATTGATCCAAATCCTACAAACAGAGTGGCTTACAACGTAGATGAAGTAAATATATATGGAGCTGAAACAACGCTTAAAAAGAGAATAAAGGGCATTGATACGGTACTAACTTATACTTATCAGAAAAGCACAAAGGTTAACGACGCGCTTGACACCCAGCATCTGTTAAACGGTTTGGACTATTTTCCAAGAAGCATGGCGAATCTGACCTTTCAGAAAAAGTTTGATAACGGCTTGATTTTAGATTTTGACAATCACTACGTATCAAAGCAAAATTTGCTCTATGCACCAAATAGCAGTAAGCTTGAGCTTGTTTCGATAAAGCCATATTATACTGCAGACCTTGGGATATCATACCTTGTACCAAAACACGACCTGAGGATGGATCTGATGATCTATGACATTTTTAATAAAAAGTATCAAGAGGTATTTGGGTATCCCATGCCAGGAAGAAGCGTATTTGGGTCTCTCACTCTAACTTTTTAACCACATAAAAGCCCCCAACATAAAAAATTGGTTGGGGGTTTTTATCTTAGTATTTTGTGTTTTTATCTCTTGCACCCCAGTATCCTGCAAGAGTAGAACCTGAGAGGTTGTGCCACACACTAAATATTGCACCAGGTAGTGCTGCTACAGGATTTAGATGTGCAATTGCAAGAGCGACAGCGAGAGCTGAGTTTTCCATACCCACCTCAAAAGCAATGGCCTTCGCTTTGTAGTGAGGCATTCTGGCTCCTCTTGCTATCCAATATCCAAGACTAAGACCGAGTGAGTTATGCAGAATTACTGCAACAAAAGCTATCAGTGCTACTGTTGCTAGTTTTGCAGCACTTAAACCTACAACAATAGCTATTATAGCTATTATGCTGACTACTGAAATGACAGGGATTATTGTGATTATTTTTTTAATAAAGTTAGGTATAGTCATTCTAAGCATTATTCCAATTGCAATAGGCAAAAGTACTATCTTTAAAATATCAATAAAAAGACCACCTGGATCTATAGGGATAAATTTGCCTGCAAGGAATAAAAAAATAATTGGAGTAAGAAGTGGAGCTAAAAATGTATTTACGCTTGACACTGTAACAGAAAGTGCTGTATCGCCTTTAGAAAGAAATGTCATTACGTTTGACGCTGTGCCGCTTGGGCAGCATCCTACAAGAATCAAGCCAGCAGCGAGTTCGGGAGGAAGTCTAAGAAGCAGCGCAACAGAAAGCGCAACGCCAGGCATCACAAAGTATCTAATTAAAACGCCTAATAATATATCAAGAGGTCTGGTAAGAACTAATTTAAAGTCATCCAGAGTCAGAGTTAGTCCCATACCAAGCATTATTATCCCCAAAAGCCATGGAATCCAGGAACCATAAGGCTTAAAAGGTTCAGGAAATAAAAACGCAACAACAGCAAAAATTACAACCCACAATGGAAATAGCTTTGTGATCCAATTGGAAACCCTTTCAAAAAATTCCATTTACCCTCCTTAGTTTGTCAGATAATATGATAAAAAAAATATAATATTTAGTATAAATTATTTTATAATATTTTTCTATGTTGAAAAGTTTACTTTTACAAAATCTTTATTATAAAATGCAATTATTAATAGGGACGAGAGTAAAGTAAATTTAAATTATTATTATAATTCTTTATACTCCACATAAGGCTTTATGTCCAAAATAGGCGTGCCATCTAACATATCAAGCCTTTTAACTTTTATTATATTTTCTGATTTATCCAGGACCTCAAGAACAGAAAGTCCTATTGGGTTTGGCCTGTATGGTGAACATATACTGAATACTCCCATTTTTATACCTATATGAGGTGGAGATTGAATAAGTTTTTCTTGAGAAAAAGGAGGAGATTTGTGAAAACAAAAAATTACACATATCTTATCTTTTGGCTTTATATCCCTAATTCCATCTTTATACTCAGGTAAGATAACCAGCTCTCCTTCAATATCAGAAACGCTCCAATGTCTGGGAACGCTAACAGAGCTATTTTTTACATAGCCAATTGGCACAAAGTTGCATTCAATTTTATTTTTCATATTTTTCTCCTTTTTTATATATTTTGGAACTATACTCCTCCTTTG
CP020921.1_gap40	1392529	1396131	3602	ATCATTTTGTATAAATTGCGATCCCACACAAAGAGCATATACGAAACCAGTACATGCCAGTGACAAATCAAAAGCAGCAGCTCTTTTTGCCCCAATAGCATCCTGTACAATACAGGCAGTAGCAGGAAAAAGCATGTCTGGAGAAGACGTTGCCACAATAATTAGATCAATCTCATCGGGATTTACATCCCCTAATTTCATTGCATTTTGTAAAGCAGTGATAGCCAGATTAGAGGTTTTTTCACCTCTACACGCAACGTGCCTTTTTAAAATACCAGTTCTCTCTTTTATCCACTCATCTGAGGTCAAAACCATACCTTCAAGCTCGAAATTTGTAACTACGCCTTCAGGTACACATGAGCCCCAACCATATATCCCTACGTCCTTAACTTTCACCTACAATTTTTACCTTTTCTATTAAATTTTCAGAACAAAGTTTTACAGTCTGTAATATAGCATTCTTTGCAGCAATACGTCCACTTCTTCCGTGACCAATTAAAAAGACTTTTTTTACTCCTAAAAGAGGAGCAGCTCCATAATTAGAATAATCAGCACGCTTTACTATTCTTGCCAAAGCTGGATACAAAAGCATTCCCCCTAATCTTGTCATAAAATTTTGTCTTATAGCGTCTCTCATTTCATATCTTAAATAATCTGAGACTCCTTCTGTAGTTTTTAAAAAAATATTTCCAATAAAGCCATCACAAACTAGAATATTGCACTTCCCAAAAAAAGCATCCTTACCTTCCATATTGCCAACAAAATTAATATCACTTTTCGAAAGAAGCTCGTAAGACTCTTGTCTTAGTCTATCTCCCTTACTCTTTTCTTCCCCCACATTAAAAAGACCGACGCTTGGATCTTCAAAACCAAGAAATTTCATATATACACTACCCATTCTAGCAAAATCTAGAATATTTTTGGGCTTTACATCAACATTTGCTCCAGCATCAATTAGAAGAAATCCTCCCCGCTTCGAGGGCAAAAGAACGCCTATCGCAGGCCTTTCAATCCCTTTCAACCTACCTATTCCTAATGTACCTGCAACCAAGCATCCACCTGTACTACCAAGAGATACACAACCAGAAGCAACTCCTTCATTAACTAACTCTATCATCTTATGCAAATTAGATCCCCTTTTTTCTTTCCAAGCTTTTACAGGTTCGTCGTCCATTTCAAAAACTTTTTCGCAAATAATTTCTTTTAATCTATCTGAAGACAAAAAGGGATATAAAACTTTTTGATATCTATCAAAAATTTCTTTTGTGGCTACAGCATAAGTAACAAAATCCGATCTCGCCTCCATTGCAAGCACGAGACCGCGCACAGTTTCTTCAGGTGCCCTATCTCCGCCTAAAAGGTCAAAAGCTATAGAAATCAAGTTGTTATGATCTTATCCTAATATTTATTCTTCCGCCTTTTCTGCTTTGGTTGTAAGAACAACCCTACCTCTATATGTTCCACACTTAGAACATGCCCTATGCGAAAGTGTTGGAGCTCCGCAATGAGGGCAAGTAATAATATTTGGCATATCACCTTCTATGATATACGGCCTTCTTGTATTTTGACGCATTTTAGAACGACGTTTTTTTGGTACTCCCACTAATATTAACCTCCTTAATATCTTCTCTACAAAGAACGCAAACGGGTTTCATTGGAAACCACAACAAAAATTCTTGCCTCAACAATTCCGAAAGATCAATTTCCTTACCATGAATTGCAAATTGATCTTCATTAGGCTTACCCTTAACAAATTCATCGTTTAACTCAAACTCAATCCTCTGCTTAAACTTATTAAGACAGATTGCACACTCCATCACAAGCGTTCCCTTAATTTTGCCCTGTACCAGTATAGCCTTTCCTACATTCGTCAAAGTCAAATCAAAATCAATTGGTGAACAAAATTCAAGAGAGGGCTCATCAAATTGAGCAGCTTCTTGAGTCTTAATCCTGATACTGCTTCCCACATCATCAAGGATTTGCGAGACATCTACTCTCATCTGAAACCCTACCTTTCAAACGAAGCTATTATAAAAATCCTTTTAAAAATTGTCAAACATCAAATATCAAAATCTACAATATCACCTATGCAAACCTTGCCACCTTTTAAAACCTTACAAAATACGCCCTCTTTTAACATTTGATTATAGGGTCTATTAAACTGCAAATACCTAGACTTTTCAAGATGTTCATTTGGGCCCTTGCCTATCTCAACTATTTGTAACACAACCTCTTTTCCAACTTTAAATTTAGTGCCTACGCTCATCTTATATACATCTATTCCCTCAACTGTAATATTATCAGCATAATCACCTGGTTTCAAGTTAAGTTCTTTCGCAATCCCTTTCGAATAGGTAGACAAACTTGAAACACTAACTTGTCTTTGTGAAAGACCGGCATGTGCATCTCCAACTGCTCCATAATTTTCGATAAGTTCAATGCATTGAACGCTGTTTTTTGGAACTCCTCTCTCAGTTGAGATAGCACAGTTTACAACTTTGCCTTTCAAAATTTCCTCCTGGCAATTTAAGTATTTATTTGTAGCTTGCTCTTAATTATTTTTGTTACTTTTATTCTACTACAAAATATTTATTTTTTTTTGAAAACTGAAAATAATTATATTACTAGTATAATTAGTATGTTAGAAACAAAATATTTATTTTACGGAGGATATCTTTGCAACAGACAGGATATATATTTATTTTTCTCGTAATAATAGTAAATTTGTTTGGAGTCTTTTTAGAATTTTTAAATCTCAAGAACATTAACATAAACAATTTAGAAAAAATTAAAAAAATATTCCCTGTTGAAAACCCGGTACTCCTAATAAAATACCAAAAATCTAAAATAGCCACTCAAATAATTAAAGGAACTATAGAAATTCTTATATTTTTTTATTTATTTGCATTAAACATTATCCAATCAATATCTGCAGAAATTTATAAGTTCCAAACATTTGAATTTGTAAAAGCTTTTTTATTATTTATTTCTTTTTATGCCATATTTAAAGTAGTAGATCTTCCCTTTGTTATTATTGACACCTTCTATATTGAAAAATTTTTCGGCTTTAGCAAAATAACAAAAAGATTATTTTTGAAAGATATGTGTTTACAGACAATTTTAGGAATAATTTTACTTTTTGTGATCTCATTCATAATAATAAATTTTATATATATATCAGGACCAATTTGGTGGATATTATCGTCTTGTTTTCTTATATTGTTAAGTTTCCTTATTCTATATATTTATCCAATATTTATTGCTCCGATGTTTAACAAGTTTACACCTCTATCAGATATAGAATTGGAATCAAAAATAAAGGATATTTTAGAAAAAACAGGATTTTCTCTTGAAAACGTCTTTATAATGGACGCTTCAAAGAGATCAACTCACTCAAATGCTTATTTTACAGGTTTTGGAAAGAAAAAAAGATTAGTCTTGTTTGATACGTTTCTTAAAAATCACAATCACTCTGAAATAATATCGGTTCTTTCTCATGAACTAGGGCACTTTAAACATAATCATATTTTTAAAATGTTTTTGCTAAATGCTTTAGTTATAATTTTAGCTATGTTTATCAGCGAAAAATTACTTCAAATGAA
CP020921.1_gap41	1419651	1422708	3057	TTGAGAAATTTTACCTTGCAAAAAGAGGCAAATCAAGCGAATTAGATTTTATGAGCGCAGCATCCCTTCTGGAAAGCGCACAAGAAGAAAAAAGAGTAAGTCTGCCTGAAAATTTTTATGATCTTTTAGACTTAAACATAGAACAATTCTCACAAACCTTAGACAGCGCTGAACCCATTTCCACAAGAAGAGGTAAGGATAAATCCCAAACTATATTAAAATATCTTAAAGCAATGGACAAAACTCCTCTTACAGATACGCAAGAACAATATATAGAAATTTTGCAAGAGAAATTAGAAGGTGGCGCAATTCCTAAAAAGATTTTAAGCAAAGTATTAAAATCTATAGAAAACCTAAAAGAGCAAAAGATAAATTCTTTAAAGCTTCTGGGCGCAGTGCAAAATGCTATACCTGAAAGGTTACTAAAAGATCACTACTCAAGCTCTTCATCTGATGAAAACATCTCAAATAAAACAGAAGTAATTTTGTCCATGTATCTAAAGGAGGGGTAATGAACGAAAATCTATTCAAAAATTTAATAAAAGATATCTTTGAAAAATCGTTTGATAAAGTTCAGTTCACAAAATTTTTAAGAAATCTTCTTAACGATTTTGAGAAAGATACTTTCAAATACGTTGGCAATTATATTCCCGACAGCTTTGAACAATATATTAAATCTTTTGAAAGAATTGGCAAATATAAAGATAATAAAAAAGAAATAGATCTATTAGTAGTTCATTTAAAAAGTGAAACCTCTCTATTAAGGGCAAGAACTGCTCAGAGAAATTTTATCGGATGGTTTTTAAACGGCAGTAGAGGCGGCAAACTTAAGGACGCAGCGCTCGTCGCTTTTGTATCGCCTGATCAAGAAAATTGGCGCTTTTCCTTAGTAAAAATGGAATACAGGTTTGATGAAAATGGCAAGGTGATAGAAGAGCTTAGCCCTGCAAGAAGATATTCATTTCTTGTTGGAAAAAATGAAAGCAGTCACACAGCACAGTCTCGCTTTCTACCCTTACTCTCACCCGATAAAAAGCCTACACTTGATGACCTAGAAAAGGCGTTCAGTGCAGAGCGCGTAACCGATGAATTTTTTGAAAAGTATAAAGAGCTATTTATAAAAACTGTAGACGAAATAGAAGAAAGAGTAAAGACTAACGAATCCCTAAGAAAAGAATTTGAAATCAAGAATATCAACGCTGTAGACTTTTCCAAGAAACTACTGGGTCAAATTGTATTTTTATATTTCTTACAAAAAAAGGGTTGGCTTGGCGTTCCTAAAGCAAAAAATTGGGGAGAAGGGGATAAAAATTTTCTGCGCTCACTATTTGAAAGATGTATTGAAGAAAAGAAAAACTTTTTTAACGACTACTTAGAATATCTTTTTTACGACGCCTTAAACAATGAAAGAAGCTCTCAGGCAGATCCTAGCTGGCATGAACGTTTAGACTGCAAGATACCGTTTTTAAACGGCGGTCTATTTGAACCATTTGGTGAATATGACTGGAAAAATATAGATCTATTAATACCAGATGATCTTTTTTCAAACAATGCCAAAGAAGGTATCCTGGACATATTTGATTTATTTAACTTTACGGTAAAAGAAGATGAACCGCTTGAAAAAGAGGTAGCAGTAGACCCAGAACTTTTAGGCAAAATCTATGAAAAGCTAAACGCAATAAGAGAGGACAATTTCGAAGAATATAAAAAAGCACTGAAGAGTAAAGGTTCGGAAAATAAGTTTAACAAAGAATATGGAGTCTACTACACCCCCAGAGAGATAGTGCACTTTATGGCACAAAACGCTCTTGTAGAGTATTTGTTTGAAAATCTTAAAGGTAAATCCCAAAATTTAGAAAGTCTGAAAGAAGATTTAAAAGCTTTTATTTTTCACTCTGAAAAGTTTATAGAAAATGATAAAACTGCAATAGAAAAGGGAGAAAAAATTGAAAAAGGAGAACAAAAAAGTACAAAATATACTTCAAAGATCCCCGCTTTTATACAGGAAAACGCTAAAACAATAGATAAGCTTTTAGAAGACATAAGAATATTAGATCCTGCTGTAGGTTCTGGAGCTTTCCCTATAGGTCTTATGCACGAAATCGTAAAGGCAAGAGAAGTCCTAAATTTATATATTGGCGACGAAACTAAAACTGCCTATAATTTCAAGCGCCACTCTATACAAAATTCTCTATACGGAGTAGATATAGATAAAGGTGCAGTTGAGATTACAAGGCTAAGATTCTGGCTATCTCTGGTAGTGGACGAAGAAGATTTAACCCAGATAAAGCCTCTTCCAAACTTAGATTACAAGCTGGTCTCTGGTGACTCCTTGTCATGTATTCAAAAAGACTTATTTAAAAGTTTTGATACTTTAGAGCAGTTGGAAGACGAATACCATACAACAACTAATTTAGATAGGAAAAGAAAATTAAAAAGAAAAATTGATGAAGAGATCAAAGAGCTTACAGATGGTCATACAGAATTTGACTTCGAAGTTTACTTCTCAAAAGTAATGCGCAGTGGTGGCTTTGACATTGTAATCGGAAATCCACCGTATATACAGCTGCAAAAGAATGCTGGCTTACTTGCAAAAAAGTATAAAAAATTTAATTACGAAGTGTTTAACAGCATGGGGGATATATACACTCTTTTTTATGAAAAAGGCATAAATCTATTAAAAGAGGGTGGCCATCTTTGTTTTATAACATCAAACAAGTGGATGAGAGCAGGTTATGGAGAAAAGTTAAGAGAGTTTTTTATAAAGCAAAATCCTAAGATTTTAATTGATTTGGGTCCTGGTGTGTTTGAAAGCGCAACAGTAGACACAAACATCTTACTTATACAAAAGAAAGATAATCAAAATAAGCTTACCGCTACCACGCTGCAAAAAGAAGACAAAAAAAATATACTAAATGCAATAGATAAAAAAGGCATACTACTTGAAAAACTCTCTAAAGATGCCTGGTTTATAGGAAGCAGTGCTGAGCAAAGATTAAAAGAAAAGATTGAGCGTCTTGGCAAACCGCTAAAAGAATGGGATGTGAATATTTATCG
CP020921.1_gap42	1600522	1604881	4359	GAATGAATATGCAATAGAATCTATTTATACTACGAATATTGACCAGGATATTATAAAGCGAATAGACTATTTACTTGTAGAAAAACCAGCAGAATTAGATAGTGGTATGTTGTAATTGCTAAAGATAGCAATTTTTACAGCCGAGCGTTCGGCAGAAGAAATTTCTTTAAATCTTCTTAGATCGATTGAAAAAATTCAGCCATTCAAGCTGTATGCTGCTTCTTCTAGCTTTCTTGCTGAAAATATAGATTGTGAAACAATTTATGACACAAGTAATCTTAGCGCTATTGGTCTGGTAAAATCTCTTCAAAAAACTTTATTAGTTGCAAATTACATTAGAACAATAACTGAAAAGATTAAAGAAATAAATCCAGATATCCTTATATTTGTTGACTTCGGAGGAACAAACGTTAGGCTTGCAAAAAAATTAAGATCTATCGGGATAAAGTCACCATTTGTATATCTTTTCCCTCCTGGCCCATGGGGTAAGACTCAAGAGGAAATGAATAATATTGCACAACCTTTCGACCTATTTCTTGTACCATATAAATTTTATCTCGATGTATACAAAAATACAGGAAAAAAAACTTTCTTAGTAAAGAATCCTATCATAGATGATAATAATAAAATTTTTCCCGTCAGATCGCTTTCCTTTGGTAAAGGAAAAGTTAATATTGGCATATTTCCAGGAAGTAGAGCTCAAGAAGTAGACTGGATTTTACCATTTGTCTTAGATGAATGCCTACAAAAACAAAACGATTTTACTTTCAATATAATTCCATTTGGACCTTTAGAAAAAAACATATTTAAAATTCTAATTTCAAAAAGGATAAACGTAGAAGAAAGGACAATAAAAAGCATTGAAGCAGCAATTGTAACCTCTGGGACAATGGTCTTAAGAATTTTAAAGGAAAGGATACCGTTCATAGGAGTATATAGAATACATCCATGGGACTTTTTCTTCTATAAGAAAAAACTTGAAAAATCAAATCAAGTATTTATACCTCCAAAATACAACGAAAAGAGAATATGTTTTCTCTTACCAAACATTTTATTAGGAAAAAATATATTTCCTGAAGTTCTATTTCCCTACGAAAAGATGTGGGATAAAGTAGAATACGTTCTAAAAAATCAAAGTACACTTCTTAGCGCGGCTGAAAAAATTATGATTGAGCTAAGCGATGAATCATATCAAAAAGATCTGGGTAATATTATTTTCACAAACATAAACATTAGACCTCAGCCATTATTTTAGAAAGTTTATCTGCAATTTTTAAGGGTTCGGGTATTCTTGAAAACGAACACTTGAGAGTTATTTCTATTGCATTGGTCAAATTAATCATATTTCCAACAGAAACATAGACAGGAGATACATTATCTTGTGTTCTCAAAACTGCTCCTATAGTTTCATTTTTGTCAACAAGTGCGACAAAGCTGCCCTTCTTGGGACCAAGCTCACCTAATTCTTTCCCAAAAAGCCTAGACTTAGCACAACCGAAGGTTGGCTTTTTTAGAATATAGCCAATGTGACAGGCAAGACCTGCCCTTCTCGGATGTGCTATTCCCTGACCGTCAACCATTACAACATCAAAATCAACTGTAATATCTCTCATAGCAGCAATCAACGGCTTCACTTCTCTGAAAGCAAGAAAACCCGGAATGTATGGAAATCTTACAGCACACCTTGAAACGCTTGTTTGAATAATTTCTTTATCCTTTAAACTAAAAACCACTGCGCTTGCTTTAGAAAGATTGTTTTTATAAGAAACGTCTAAACCAAGTATTTTTATATCATTAGAGATATTAAAATCACAAAAACTTAACATCTTTCTTAAATTATTTTGAAATTCCTTTGCTTCAGAAACTGACATAAGTTCAAGCTTTATAGCTTCTTGATACAAAAGTTCATACTTTTCCATCTTGAAATTATCAAGTTTTATATTCTAATTTTCAAATCAACAGACCTTATGTTCGGATCTATGTCATGCAATGTGCTTATCAAAGCAATATTAACTTCTTTTATAACTTTCTCGACAAAAGATCCTAACTCTACCTCTTCGCCATTTACCCAAAGAGCACATTCAACTCTTCTAAATTTAATAAATTTTTCTTCAATAAAATCAGCAATCGGGACAGGATCGTCAATGGGAAACTGTGGCACAGCCTCAGAAGTAAATTCATCAGTTACCAGTGCTACAATTTCGTTTGGTTTACACAGAGGTTCTATACCTTTTCTTCTTATTTCAATTCTCTTTTTGCCTTCTTTTTTATATCCTTCAGTAAATAAAATATCTACTCCTTCAAAAAATTTCGCAACTTCTTCAAGAGTAAGCTCTTTTGAGACTTTTTGAATAATTGCCATCTTTTCAGAATGAGAGATCCCAACCGACCAGGCCCCTGCCTTTGCCATCCTCCACGTATCTTTACCTTCTTTGTCCATTTCAAAGCCATGGACATCGTGTTTTAAAACTCCTACCTTATAACCTCTTTTTGTGATTTCAGAAATTAATTTTTCAAGAAAGGTAGTTTTTCCAGAATTGCTTTTTCCTACAAAGCTAATAATTTCAAACAGCATTTTACCTCCCTAATTAACTAAATTATGTCAAAAACTAATCTGGAAGAAAGCTTAAAAGCCTCATTAAAAAGCTCAAATTGAGCACTTCTGTCAAGTCTTGAATCAAAAAATACAAAGAATTTTGCTTCATTCTTCAACAAAAAAGCCATCACACTTATTTGATCATCAATTAAAAGCATATTTTGTAACTTCCCAAAATCTAGCCTTAAAAGAGAGTCTTTTACCATCTTTGATAAAGAATCTAAAATTAGTGCCTTCACCTGACTATTCTCAAAAAAGTTTCTTTCAGACAAAATCACACCATCCTTATCAACCAAAATATATCCACACGAACCAACCAGACTATCCGCATAATGAGAAAAGCCAGAAATGCTTAAAGGAAGTTGTATATTTTCAAAAACTTCAGTCTTAGAAGTGTTAGATAAATCATATTTTAGATTATTCAATGGTTCATCAGGAATATCTATACTTTTGTCGATATCTAAAGTCGCAGGTTCTTTAATATTAGAGTTAACATTCTTTCTTTTATTAAAACTGCCCCCTAAAAGACCTGTAGCAAATGGTAACAAAACTGAGGAAATAATCATAAAGGGTCCAAATTCAATCTCAAATCCCTTATACGGAAACACTCCTATTAAAGAAGAAAAATAAAATAATATAATGTCTAAAATTAACGATGATATAACTAATATCAGAATTTTATAAATTGGGCTTATTTTCAAAACTACTGAAAAAATTAAAGAATAAATTATATAAAATACAAAAAGCCATATAAAAACTGATGTTCTAAAGGGTAAAAGACCATAAAAAGAGTCAAAAAAAGCTGAAATTGTTACAAAAAAGAATAACAAAGATGCTTCAAAAATATTAAACCAAGAATCTTTAACCGAAAAAATTGAAAAAAATTTAGCTTTTAATTTTTGTTTTCCTTTCAAATTATCATTTTTTCCATCTATATCATGATTGACTTCTATGAAATCATCATCCAATTTTATACCTCCAAAAAATATACTGAAAATCCTCGACCTAACCTATTTAGATCTGACCCTCTTCAACAATTCATCTTTCATATCCTCAATTGGGGGACTAACCTTAAAGATCAATTCAAATGCCTTAACGCCTTGATATAAAAGCATATCAATCCCAGATATTACAAAAGCTCCAAACTTTCTTGCCTCTGTTAAAAAGGGGGTATATTCAGGTACATAAACCATATCAAAAAAAACTTTACCACTGATATCAAAATTCTTGGGAAAGGGAGGCATACCTATAGAATTCTTTCCTAAAGGTGTAGCATTGACCAATACATCAAAATATGGTAAATCCTCGCTCCAAATTAAGGTATCAACTCCATATAATTTTGATAGATCTTTTATTTTTTCAGGGCTTCTACCCATCACCCAAACACTTGCACCTTCCTTGAGGAAAAAATATATCGCAGCCTTTGCTACCCCCCCGCTCCCAAAAATTCCTACTACTTTATTTTTCAAATCATAATTAATGTTTTCAAAAGATTCCTTTATCCCATAAATATCAGTATTATAACCACACCACTTATTGTCAACCAGAACAATGGTATTAAGCGCTCTCGCTCCAATAGCATCGTTATCAACCCAATCGATCAAATCCATGATTGTTTCTTTATATGGAATAGTTACGTTAAATCCTAAAGCCCCCACATCAATCATCACTTTTAAAAAATCGAACAAATTTTCCTTCTCAAGATCGAACAATAAATATACCGCATCAATGCCTAATTTTTCTAATGCTCTATTGTGCATTGC
CP020921.1_gap43	1618597	1623428	4831	AACCTTACCTTCATATTTTGCGAATATTTTCATTTCGAATTTTATGTATTCATCTTTATCATTTCTGATATCAATCTCAAAAACAGCACTTTTTTTATCTCCTTTTAACATCGACATAAAAAAAAGAGTAAGCTTTTCTTTCTCGGCAGGGGATGAGAAGTCAACAAAAAATTTATTAAGAAAATCTTTTGGGTAAAGGTTAGTATAATTATATATTCTGTCACTTATAAAACTAAATCTCCCAGAATAGTCAAGTTCAAATATTACTTCATCTATTAGACTAATTATTTCAAAGTATTTTTCTTCAATATTCTTTACCAGGTTATAAGCACTCTTTAGCTCGGTAATGTCGTAGCTTAAGCTTATTAGCCCTTGAAGGTTTCTATTCTCATCAAAAATTGGTACCTTTTGAGTAAGAACGCTTATAGATTCGCCATTGGGTTTTCTAAGCACCTCCTCCTGAAAATGAACCATACCAAGTCTTACAGTCATTCTGTCTAATTCAAGATTCTTCTCTGCCTGTTCTTTACCAAATATTTCATAATCAGTGTGACCAATAATCTCTTTTCTATCCTTCCCCAACATTTTAGAAAAATTATTGTTTACAAAAACATATATGCCTTCCTTATTTTTGTAATAAATATAACCCGGCAAACTATCAAGAAGGATGTTTAGCTCTCTTTGTTTTTGAATAAAAGCTTCTTCCGAACGTTTCTTTTCTGTTATATCTCTACAAACAACAAAAATCAATTTCTTAGAATTTTTGTATATAGTATTGGTCTTAATATCAAGGATTTTAATATGGTTTTTTGCATCAACTGCTTTGATTTCAAAGGATAGACTTGTTATATTTTCTTTCTGAATTCTTTCAATTAGAGACTTTACATATCCTTTGTCTTCAGGATGTACAAAGTTTATTATTTCTTTATTAATTACATCTTCAGGTTTATACCCAAAAGTTCTGTAAAGCTCATTATTTGACTTTATAATCCTATAATCCGAATCAACCACTAATACAATGTCATTTATATTGTTAAACAATATATCATAGTCCTCTTCTCTTTCTCTAAGAGAGTTGTGAATTCTCTCCTTTTCTGTAACCTCAGAGATCGTTAGCAATATAAAATCTTCTTCTTTAATAGAAACCTTCTTTGCTTTCCCTTCAAATACAATTTTTGCTCCACTTTTTGTACTAATATAAAATTTAAAGGGAAATATAGAATCTTTTTCGGTAACTACAATTTTTTCAAACAATAATTTAAACCTTTCTCTCTCACCATTTTCTAAAAAGTTCAAGAAATTTTTGGCCTCAATGTCATTAATATCAGAAAATAGCATTGCAATAGAATCGTTTTCAAAAAGTATTTCTCCGTCAGCATCTACAACCAGTATAATATCGCTTGAGTTTTCAAGAAGAAGTCTAAAATATTTCTCACTCTCAGAAAGCTTCCTGAATTCGCGCCTTTTTTGAATCAAAACAACCACAAGCAAGACGATGATTAATAGCAGCAAGAAAGCCACTACAGAAAAGTAAAGGATAGCCTTTGAATACCTTTCAAAAAGAGTTTCGTGATGATTTATTATCTTGCTATTGAGAGGTAACTGGCTTCTTTTTATATTAAATTTTTTTAAGAAATTTTCGTCAAAGGCATAGTAGTTTGACTCAGAGCTATCCACAATTTTAGAATTCTCCCATCCTGTGCCATTATTAAAAAGATATTGGTAAACTAATTTTCCTACAATTTTGCCCTGATCAAACCCGCTGGTAATCATCCCACCCACTATTCCATTACCCAATTGATAATCAAACATCCCAAAAATTGGTATGTTTACACGCTTAGAAAGCTCTATTGTAGGAGTAGATCCGATTAAGTCGCTGCCGTATTTATCTATACTGTGAGTTATCAAATCTAGCACAAGGGTACCACTGGGCTCTGAATTAATTTTATTTATTATCCTTTCCAAATTATTTGAAACAAAATATTCGTTTAGTATGTCCTTGTGAGATACAAAAAAGTTATCAAATTGTTTTTTAAAATATGCTGCATCATTTGCATCAGCAATACCTAAAATCTTTTTTGTATTCGGAAAAAGCTTTAACATTAGGGAAAGAGTAGATTCTAAGTCTTCTTCTTCTTTTACGCCGTAAATTCTATCAGGAACAAATCCTTTTATATCATCACTATAAGTATTTACCCCACAGAAAAATATTGGAGGATTACCAAACTGTCCCCTCTCCTGAAGTGCAAAAATAAAAGCAGGGTCATCTGTAGCAATTATTGCATCAAACTTAAATCCTCTGTATTTCTTTATGAAGAGGTTAGAAAAATCTTCAAAATAGTTCTTTGTGTTAAATCTTTTAACGTCCATGTTTTCAATAAATATTTGAGGGGATGGAGATTTATCGCTTAATTCTTGTAAAATTCCCTTTTGTTCTTCCACAGCCCAAATATAATCAGGACTATAAGAGTTCAATATTAAAACCTTCTTAGATGATAAACCCTGAGAGTAAGCACGAAAATTAGACAAAACCATAAGAATAAACAAAAGTAGTAAAAACCATTTAAATATTTCTAGGCAGTGGATTGCCTTTTTACAAAACAAAATCTCACGAATAAGGCGCAAGAACATCATATCCACCGCTCCATTTCCTTTAGGATAAATAAACATATCATTACATAAACGCACTATTTATAAACTATTTTTTTTAGATCTCGCTTTTTCCATGAACCTATTGAAATTTACAATAAATCTCTCATGAGTTCCTCTTGCAACTAGCTCTCTTTCGTCTCTTGCAGAAACCTCAAACGTTAGCTTTCTGCCGTCTACTTTGACAAGTTTTGCTTTTGCCCAAACCTTCATTCCTACGGGCGTAGGAGCGATGTGTTCTATATTAATCAATGTCCCAACAGAAGTATCACCTGTAGCTAGCTTGTTCTTAATAGCTTCTACTGCAGCACCCTCAAGAAGACTAACTATTCTTGGTGTAGACAAAACGTTAACCAGTCCGCTGCCATAAAATGCTGCTGTATCATTATCAGTAACTATCGTTTCAATTTCTGCACTTAATCCAACCTCTATCATCAATTATTCTCCCTTTGACAAAGATTCTAAACAAACTATATTAGCATTATATAATAATTATAATAAAATCTAAGAAATCTTGTTCAGATGATACTCCAACCAGTTAAATATTACCCCCTGAGCATAACCAAGAGCTCCGACCTGAGATCCCTCTTCAGCCCCTTCGCTTGCAGTCATATTAATTATCTCTCTTGGACATTCAAGCAGATCGTAGAATTTTTTAGACTCACCTCTAAAGAAAAAGGTGTTTGTAGAGTTTATAACCAGAGTAGGGCAATTGATATTTGTTATAATATCTCTTAGGTTATATGGCTTTGTCTTTAAGAAAAAATCAGCAATAGTAGAAGCGTTAAAAGCCCACATGCCGTGGTGAATTGCCCACCTAAAGGTGGTATTGTTCCTTAGCGCTTCGGCCATGGCCTTGTTGAAAGCTGCCTTATCAGTCTCAAGAAGTTTTTTTGCGACGGGTGGAAGGAGCGAAATTAAAGAACTATAATAGTCAAAAACTCCACCATCAGCTACCAATAGAGCAATCCTACTATCAAAAGCACATGCTCTTGGCGCAAAATACCCTCCTAAATCTACTCCAAACATAGCTATTTTTTTAAGATTTACATCCTTTCTGGTTACAATATAATTTATTATAGGTTTACTAACCTTTTCAAAGTCAGGTCTAAAGTAAAGCCCCTGAAGAATAAGTGCTCTTCCTTGTCCAGGACCATCAAAGGTAGCAAAATTAAAGCCTCTTTTCACAGCACCAAAGCCCCAATCCATAACGAGCTCTTCTGCATTGGAGTCAAAACCGCCTACCATAACTACGGTTGGCCTGGGTGTTGAGTCGCTTGACGCCTTCACAAAGTAAAGCGGGATAGTAGTATTCTGGTATTGGATTTCTATAGATTCAATTTTTGGATCAAAGAGTGAGGCAGCTTTAACGAAAGAAGTTCTACTCTTGGTATAATTATCGAAAATCCTTGGATCTTTCGGATTGGCACCAAGAAAAAAACCTGAAGTCCTTAGATAATTAGATGCTCTTAAATAGGTTTCTCTTGCACTTACCAGAAAACCTTGAGAATAATACTCTTCTGCAAGAGAGTATAATCTATCTCCTTGAGTCTTCCAGCCTTCGTACCAGCTATTTGTATCATTGTCTTTGATGTTTTTGATCGCTAAAAAGCACTCCTTTATGTCCGCACAAGAAGAAAAAGTCTTTGAAAGCGCTCTGAGAGCTTGATAAGAAAATTCTTTATTTGCAAATAACTCGCTTCCTTCTGAAGAACCATTAACCTGTGCAAATGCAATGTTGTTGAATGGTTCAAGGTTAAGAAGTGTGCCTAAAGCCAGGATACCCAAGAATTCTCTCCTGTTCAAGTCAACCTCCTTAAATGTAGTAAAATATTAAATTATTGCTTAATTATAATGTCAAACAAAGCTATTTTACAAGTAGATTTTGGAGGTAATATAAATGAGGTTTACAATAATGTGGGATTTTGACGGAACAATTGCCGACACTACCGATCTAATAATAGAATCTTATCAGCAAACCTTCAAACACTTTTTTGGATTCGAATACCCAAGAGAAAAGATATTAAGCGTTTTTTCTCTCCCTATGAGAGAGAGCTTTATAGCGCTTGGCTTCGAAGAGGATATCATAGACAGAATGTTAAATTACTATCGACAATACCATGAATCTGTATTCTCTTCCAGAATAAAGGCATATCCAGGAGCAAGAGAAATTATTGAAGAA
CP020921.1_gap44	1658580	1662811	4231	GCGTCTTTCTGTTAGATACTAGAAAAAATGATCCACTATTTAGACCTGAACACAAATATGCCATAAGGCTTGCAGGTGGTAAAAATCATAGATCAGGGTTCTTTGATGGAGTGCTAATAAAAGATAACGACATAGCAATCTCTGGATCAATAAAATCTGCTATTGACAATTCACTAAAGACTTCAAAGTTTTTAACAAAAATTGAAATAGAAGTTGGCAACATTCAGGACTTAGAAGCAGTTCTTTTAGATGGCAGGGTTGATGCAATATTACTGGACAATATGCCAGTAAAAGAGCTAAGAAAGGCAATAGAAATCATATCACGGTCAAAAAAACGCTATCTGGTAGAGGCATCAGGAGTAAGAGAAGAAGATATTAAAGATGTATCCAAAACTGGAGTGGAATTCATATCTATGTCATCACTTATAAGAAGAGCAAGGTATATAGACGTGTCCATGAAAGTTGATAAATTATTTTAAATATTTTAAGATGCTAAAATATAAGATAAATTCATATATACTTTTTAAGGAGGTGTTTTATGAAAAAAGTTTTAATTTTAACAGGCGATTGCGCGGAGGATTATGAAGTAAAAGTTCCTCAACAAGCTTTGATGCTTTTGGGCTATGACGTAGAAATCAGTGCTCCAAACAAAAAGGCTGGGGATATGCTTCAACTTGTCGTGCACGACTTTACAAACCTTGACACCTATATTGAATTGACTGGGCATAGAATTCCAATAGATATAGCTACAAAAGATGTAAGGGTAGAAGATTATATAGGGTTAGTAATCCCTGGTGGAAGAGCTCCTGAATACATTAGAAGATATAACGAAGTTGTAGAGGTTACAAAAAAATTCTTCGTTTTAAACAAACCTGTGGCAGCTATTTGTCACGGCTCACAGCTATTGGCTGCCTGTGGGATATTATCCGGCAGAAAGGTCACAAGCTATCCTGCCTGTGCTACTGAATGCATAATAGCAGGAGCAAATTGGGTTGATCAAGACGTAGTAGTAGATAGAAACCTCGTAACAGCCCAGGCCTGGCCAAACCATCCTTTATGGCTCAAAGAATTTGTAAAACTCCTTGGAGCAAAGATAGAAATATAATGTGATGTAACTTCCCTAGGGGACGCAAACTACTTTTTGCGCCCCCTAAACCAAAGTTTCAAACTAAAAAGACAAGTAATGGCAATCCATGCCATTTGAAAAGTAGAAGTAGCTCAGGTTGTACAAAATAAAGATCTAAGCCATTCCATAATTTTTTCTCCAAGTATTTTAAGTCTAGCATTATTTTAACATATAAAAATTTAAAAATTATTAAATACTCTTTATGCTTTTATATAATTCTTCGCGACCTTTAACCTGATCATTCAAAGTTTTTTTAGCATCGTTTACAAGATTTAACACAGATGGTAAATTTATTTTATAAAACATCTTCTGCCCATCTTTTCTTGAATCTATAATGCCCTGTTTTTTTAAAATTCTCAGGTGCTGAGATAAGTTTGACTGTTCAACGCCTATTTCATTCAAAAGTTCACATACACATCTTTCCCTTTCACTCAACATCAACAAAATTTGAATCCTCAATGGGTGTGCAAGGGTTTTAAAAATTTCAGAAATTAATTGATATACCAAAACCTTTTTCATAAAATCCTCCTAAAATTTTAATTGGTACTTTTATAAGATAATAAAATTTTAACATTTATATTATTATATTATAAAATTTTAGAAACAAAAATAGAAGTTTTAAATGTTTACACAGCAATTCAAATCTGTTAAACTTATGCGAAAATATACTTTCTCATGGAGGTGATTTGCATGGATGATATACCCGATTTATGCTTTATAAGTTTTCCCTTCAATAAACTTTTTTGCAAATCACCAAAAAGTGAGGAGGTATATTGTGTCATTTACAGGCGCTATAACAGAATTCTACCTTAGCCAAGAATTAAACAAGCCAATTTTAGATCCTGAAAACAGAAAAGTCGCCAACCTAAGAGATATTGCTGTTTGTTGGGACAAGAAAATTCCAGTTGGTAGAGGTATAAAATTCCTAAAGGACTCTAATAAGCTAATAAATATAAATCACATAAAGGAATGGAAGAAGGATGCAATAGTTTTAACTACAAACCTTGAGAAAGCAGCTGATATCGTGGCAAGGGATGAAGACATTTATATAGTAAAGTGGCTTCTTGATAAACAGCTTATAGATCTTAAAGGCAAAAAGTTAGTTAGAGTAAACGACATAAAAATATCCTTCTATTCCAAAGACTTAGAAAAAAAGTTAATACTTCTTGCTATTGATGTAGGATTTTCTGGCATTCTTAGAAGGCTTGGTATTAAGTTTTTAGAAAGTAGAATTCAACCCCAGCTAATAAGTTGGAATTATCTTGCCCCAATAAAAAAGAGAACCTCAAACTTACAACTGGCAACAGAATTTGAGGGTTTAAAAAATCTTCATCCAGCTGATATTGCAGATATTATAGAAGAGCTAAGCCAACCAGACAGGGAGAAAATAATAGAAAGCCTTGATATAGAAAGCGCTGCAGAGGTATTAGCAGAAGCAGATATAGAAACTCAGGTAAACGTCATTGATTCTCTTGATGCAGATAAAGCAGCTGACATTTTAGAAGAAATGCCATCTGATGACGCCGCCGACATATTAAGCGAGTTAAATGAAGAAAAATCTCAAGAAATATTAGAGCGCATGGATCCAGAAGAGGCAAGTGAAGTAATAGAATTGATGAACTATGAAGATGAAGACGTAGGATCGTTAATGACAAAGGATTATATAACGCTTACTGGAAATGAAACTCAGGAAGAAGCTCTGAACAAAATTAAAAAAATAGCTGAAGAAGTAGAGACTATTTACGTTTCATATATAGTTGATAGCGAAGAGAAACTAATAGGAGTAATATCTTTAAGGGAGCTATTAATCGCTAAGCCTGACGAAAAAATAAAGGATATCATGCAAAAAGACGTTATAAGTCTAAATCATTTTGATCATCACGACAAGGCACTTGAAATGTTTGCCAAATATAATCTCTTTACAATGCCTGTAGTAGACAACGAAAACAGACTTCTAGGAATAATTACAGTTGACGATATCTTAAGGCTTCTTATACCAGACAGAAGTGACGCTGACACCTTCTCGAGATTTGACTCGCTGAAAAAGTTCTTGAGAGAAGGTGGTGAATAAGATGGAAAACAAACTCTCATTATTTAAAAGAATATTGCTATTTTTAACTATAATGGGCCCTGGAATAATTACAGCCAACGTAGACAACGACGCAGGCGGTATTACTACCTATTCCATAACTGGTGCAACAACAGGTTATAAGCTCCTTTGGGTGCTGATTCCAATGACACTTGCACTTATAGTCGTACAGGAAATGGCTGCCAGAATGGGCGCAGTAACCAGAAAAGGTTTAGCCGATTTGATTAGAGAAAATTTCGGAGTAAAAATGACCATTTTAATACTCTTAGGGATACTTATAGCTGACTTTGGAAATACCATATCTGAATTCGCAGGCATTGCTGCAAGTATGGAAATTTTTAATATAAGCAAATATATTTCGATTCCTATTTGTGCAATATTTGTATGGTGGACAGTTTTAAAAGGCTCATATAAATTCGTAGAGAGAGTGTTTTTATTTGCATGTCTTGTTTATCTTTGTTATATACCATCTGCCTTTATGGCAAATCCACCGTGGGGAGAAGTTGCAAAAAATATAGTTATACCCCATTTAGAGTTTAGTCCTTCGTTCCTATCCATACTTATTGGTTTTATAGGAACTACCATTACTCCCTGGATGCAATTTTATATTCAGTCATCTACTGTAGAAAAGGGATTAACAGAAAAGGAATATAAATATCTAAGATTAGACGTAATAATGGGGAACACAATGACAAACGTAATAACATTTTTCATTGTGGTTTGCTGTGCAGCAACTCTTTTTGTTCACAACGTCAACATAACTGACGCAAAGGATGCAGCACTTGCCCTTAAGCCATTTGCGGGAAATCTTGCAAGTACTCTATTTGCAATAGGACTCTTTAACGCCTCTATCTTTTCAGCCTGCGTACTTCCACTTGCTACCGCGTATTATGTATGTGAAGCACTGGGTTTTAATGCAGGGCTTAACTTTACCTGGAAAGAGGCACCCGTTTTCTATGCTCTAACAACTTTTCTAATCTTTTTTGGTGCAACAGTAATATTAATACCCAAAGCTC
CP020921.1_gap45	1752132	1755869	3737	GGGCAGATATTAAACCTGATTTTATGTGCCTATCGAAAGGAATAACAAGCGGCTATCTGCCTCTTTCAGTAGTGCTTACAACTGATGAAGTATACAGGGCTTTTTATGATGATTACACAACTCTTAAGGCATTTCTGCACAGTCACAGTTATAATGGTAATGCCATATCCTCAGCTGTAGCTGTTGAAACCTTAAAAATATTTAAAGAAGAGAATGTGTTGGAAAAAAATAAAGAAAAATACAAATATATGAGAAATCTTATAGAAAATAAATTCTGTGAACTGCAACACGTAGGAGAAATCAGACATATTGGATTTATTAGCGCTGTGGAAATTGTAGAAAATAAAAAAACAAAAAAGCCCTTTAACTGGAAAAAAAGAACTGGATTCAATATTTACAGAGAAGCGCTTAAGAGGGGGGTATTGCTCAGAAACTTAGGAGATATAATCTACTTTCTCCCACCGTATATAATAGAACCTCATCAAATTGAGTTCTTGGTAAAGGCAGCACACCAATCATATTTGGAGGTGTTAAAGAAGTGATTCTTTTTATAAGCGCTACAGATACTGGAGTAGGTAAAACTTATTTTTCTTATCTATTAGCAAAAAAATTCTTAATTGAGGGGAAAAGAACAAAATATATTAAATTAGTTCAGACTGGCTATCCTAAAGACAATGATAGTGCCTTTGTCTCAAAATCCAAAGTAGAAGCAAAAACCTTATATTTTGGAAAAGATCCTCTAGCTCCTTGCTTTATTTTTGAAAATTTCCCTATAGAAGAAGCAATAAGTCGAATTAAAACAGAGGAAGTAGATTATACAATTGTAGAAGGCTCTGGCGGTCTATTAGTGCCTTTAGACAAAAATAACTTTATAGTCGATATACCAAAAAGAATGAGCTTAAAAACTATAATAGTGGTACCGAATAAACTTGGGTGTATAAATCAAACATTATTAAACTTATACTATTGCGATAAGGAAGGTATAGATTTATATGGTTTTGCACTAAATGATTTTTTCAAGGAAACATTTGACAACTTCGACATTTTAAGTAAACTTACTGGCAAAATAAAATATAGATTCAAAAATGAAATAATAACAATATAAAGGTTAGGATGAACAAAATGAGAAGAAAGGAATTTCTAATTTCCGATTCTAAAGAAATATGTAACATACTGAACAATTTAGAATATGGAGTCTTGTCTTTAGTTGACTTGAACAATAAACCTTATTCAGTACCACTAAACTTCTTTTATTATGAGAACAGCATTTTCTTTCATAGCGCAACTGGTGGTAAAAAAGTTGATATTATAAGAAAAAATCCAATAGGTAGCTTTTTGGCAGTAAAACCCTTTTCTTTTTTGCCATCTTATTTCAAAAATGAAAAAAACGCATGTTTTGCTGGGCAATTATATGCCTCAATTTATTTAGAAGGAGAAATAACTGAAACAAAGGATAATCTTAAGAAATGTGAATATTTGAATCTTTTAATGAAAAAATATCAGCCCGAAGGGGGTTTTAATCCTATTGGTATAGATAATATAATTTACCTAAAGGCTATAGAAAATGTATTATTATTTGAGTTAAAAGTCTCTTTTGTTAGCGCTAAATTTAAATTCGATCAACACAGAAGCTATAAAGACAACAAAGATACAATTGAAAAGCTAAAAAAGAGAGGCACAAAAACCGATTTAGAAACAGTAAAAATGATAGAAAAATTTTCTTTAAACAATTTTTATCATTTATAAAAACCAGCAATAAGATAACTGTAAGTTGCATATATTTTATTTTTAATCTTAAAATTCTTTTCATAAAAATCACAAAACTTTTTAAACTTCTCTTTAGAACAAAGTGAATCAAAGCTTGTAAATCTTGCACCAGAAGCTTTATGAAACCTCAAAAATTCAATTGGATTTTGAAAGTATAGTTTCTTGGTACAAACGTATTTATAAATCAAATTTAAATCTTTGAAAATATCCAGATAAAAGCCTTCGTCTTTGAGTTTCATTGTAGAACCGAAACCAGAAAAAATGTTAGTTAATTGCATTTCTTTAAAAGTGGGCTCAATAAAAACTCCAAAATGTATTTGGCCTGTTTCTTTCAAAAGAGATATAAAATTTTTTAAAGTTTTTTCAGGATAAAGAAACCATTGTATAGAGGAAGAAGATAAAATTAAGTCAAATTGTTTCCCGGAAAAGTCGTAATTTTCAGCATCGCCAATTACAAAATCAAAACCATCTTGACCTTTAAGTTTACTTTTTAGTTTATTTAAGGCTTTTTCTGAAATATCAATACACGTGTAATTATTGAAGCTAATTGTAACTGATTGAGTTAAACGCCCTGTTCCCGCACCAACCTCTAAAACGCTTTCAAAATATTCTGATCCAATATTTAGTGAAATCAAATGTGCTATCTCCTTCTGAATAGGAGTATAGTTTTCATAAAAAAGGGCTCTATCAAATGAATTCCTGGTAAAATTTTTTATAGATTGTATTTTTTGGGTCATATGTTTTCAAAAATAATCCTTTCCAAAATTTTTTCTTCAACATAATGATTTGAATATAGTTTAATAACACTTCCAAAAATCTTTTTTTGAACGTCCATAAAGGCTTTGAGAGGCAAAATTCTATCAATTGTTAAGGCTATAATCAAAATATTTTTATCATGAACATACTCTTTAAAATTATTTCTCTTTTTAAGAAATATTAGACCCTCTTTAAGAGAACTGTTTATTTTCGTTTTTACATCCTTTTTAATGCCTATTCTAGCCCAAAAATCATTAACGCACTTTTCTCTATCCCTTTCAAAAGCTCGAATCATAAGGTCTACAATTCTTTCGTTAACGTAATCAGTGAAATTCAAAAAGGGAGCTATAAGAATTATTCTTTTTGCATTTAATTTATCAATATCTTTTAAAATTAAGTTTGCCCCCAACGACCATCCTACAAGCATATCTTCTTCCTGTTTTATTTCATCTAAGTACCATTCCGAAAAATTTGGATCTTGAAATGGAACAATGAACTTATACTTTTTAGATATTTCAGGATATATTTCGCTAAAGCCACTCCAGCCGGACAAAAATATCAAATTTTTCCTGCCAGTAAGGTAAATGCTTTCTTTATAAATTCAACTTCATCTATGTTTAAGTCGGATCTTAGAGAGATTCTGAGTCTTGCTAAATTCTTTGGTACAGTGGGCTCTCTTATAGCTGCTACAAACAAGCCTATATCAAACAATATTTCTTGGGCCATCAAAGTCTTCTTGCTATCGCCCAATACAACAGGAATAATTTGGGAAGATGAATTTAATGTATTAAAACCTAAAGACTTTAAGTAATTTCTCACATTGTCAGATATCTGAAGAAGTAACGCCCCGCAAGATGGGTTTTCTTTGACAAATTTTAGCGCTGCAAGATTGGCAGCTATAACAGATGGTGGAAGAGCAGTTGTATATATCAAAGACCTTGCAAAATTAATAAGATATTCAATTACGACTTTATCTCCAGATAAATATCCGCCTAAGCTTCCTAACGCTTTTGAAAAAGTTCCCACATTAAGGTGAACGTCATTGTCCAAAGAATATTCGTGTGCTAAACCTCTCCCATTTCCAAATATTCCAGTAGCATGAGCTTCATCTAAAATTAGAAAAGCATCATATTTTTTTGAAAGTTCAACTAAATTAACCAAATCACATTTGTCTCCATCCATACTAAATATACTTTCCGTAACAACCACCCTAT
CP020921.1_gap46	1764314	1768797	4483	TTATGAACATCTTAGAAGAAGTTTCAAAAAGGGAAATAGAAGAGTTCAATCAAAGAAGGGAATTTCTAAGTTTACTTAAAAAATACGGAAGAATATATCCTGTTATATCATTTTCTAACGCCCTTACACCAATAAGTATTATAGGAGAATTCAAACCAGCTTCACCTGTAAAGGGGACCTTTATAAAAGATCCTAAAAAAGAGATTAGAAATTTTATTGATGTCTACCAAAACATTGGCTGCAAAGCTATTTCAGTTTTAACAAACAAAAGAGATTTTAAAGGAGATCCGTTATACATTTCCTACATAAAAACATTTTGCAATCTCCCTATTTTGTATAAAAATTTCATTCTTTTAGAAGATCAAATAGAAGAAGCCTTTTTATTAGGTGCTGATTGTGTACTACTTATAGTATCTATTTTAGGAGAAAAAAGATTAAGAGATTTATATACTTTCGCCAATAAGCTTGGTCTTGATTCTTTAATAGAAATTCACGATGAAAGAGAATTACAGGTAGCTCTAGAAATAAAACCAAAAATAATTGGCATTAATAATAGAAATCTAAAAACTTTTGAAGTTGATATTAATAATACCTTTAGGCTATCAAAAGCTATACCTGCTGAAATCAAAATAGTTTCAGAATCAGGAATAAAGTCTTTAGAAGAAATTGATAGACTTCTTAAATATGGTATTTCAGGAGCTCTTATAGGAGAAACAATGGTAAATCTAGTCCACAAAACTGATTATTTAAAGCTTAAAAATTTTTTAACAAATAATAAAGCTAAGAATGCTTATTAAAATCTGTGGCATTAGAAATCTCGAAGATGCAATTGTATCAAGCTCATTTAATCCAGATTATTTGGGTTTAATATTTTGCGATAGCCCTAGAAAAGTTGATATAGCAACAGGTAAAAAGATAGTAAACAGCTTAAGCAATAAAAAATTTATAGGAGTCTTTCAAAATAACCCCATAGAAGAAGTATTAGAAATTGCAAAAAGTTGCAATCTATTCGGCGTTCAACTCCACGGAGAAGAAGATCCAAGGGATATTGAGATTGTCAAGGAAAATAAATTTATAGCAATAAAGGCGTTTAGAATAGAAAATAGTCTTCCTAAAAACCTTTCAGAATATAAGCCTGATTATTTTCTGTTTGATAAAGTAAAAGGAATAAAAAATTTAAATACCGACGCTTTAAAGGATTACAACTTAAATATTTTATTCCTTATTGCTGGTGGACTAAGTAGTGAAAACGTTTTAGATATAATAACAAAAATCTCAAAGCCTCAGTTTTGCGGAGTTGATCTGGCATCTGGTGTTGAAAGGGGAAACAAAAAAGACCCTGTTCTCTTAAAAAATTTTTTTAGTGCGCTTAAAAAACAAACTCTTTTTGGAGGTCAAAAAGTTGAATAAAACTTTAAATGGAAATTTTGGTAAATTTGGTGGTGCTTTTGTCCCAGAAACCCTTATATATGCTCTTGATGAATTAGAAAATTATTACAACAAAATTAAGGGAAATAGAGATTTTTTCAGAGAATTTAATAACTTGCTAACAGAGTATGCAGGAAGGCCAACACCACTAACATATGCCCCTAATTTTTCCCGAAGATTTGAAATTAATACATATTTAAAAAGAGAAGATCTGTTACACACAGGAGCTCATAAACTAAATAATTGTCTTGGACAGGGTTTGATCGCCAAAGGATTGAATAAAAAAAGAATTATTGCTGAAACGGGAGCAGGCCAACATGGCGTAGCCACAGCTACAGTTTGTGCATTTTTGAAGATACCCTGTGAAATATACATGGGTTCGATTGATTATGAAAGGCAAAAGTTAAACGTATTTAGAATGCAACTTCTTGGCGCAAGAGTAAATAAAGTCGAGAGCGGTTCAAAAACTCTAAAAGATGCAATGAACGAAGCCTTGAGAGATTGGGTAACAAATATCAATACCACACATTATATGATTGGATCAGCCGCTGGCCCACACCCTTTTCCGACTATAGTTAGAGATTTTCAAAGAGTAATTGGTGAAGAAGCAAGATCTCAAATCTTTAAAAGCACAGGTTCACTTCCTGACGCGATCTTTGCTTGCGTTGGAGGCGGTAGTAATTCTATAGGTCTATTTAAAGCCTTTGTTCAAGATGAAAACGTCAAAATTTTTGGCGCAGAAGCAGCTGGCAAGGGTATACAAACTGGTCTGCATTCAGCCACTCTTTCAGCAGGTAGGCCGGGTGTACTACACGGTTCGCTTAGTTATCTTTTACAAGATTCTGATGGGCAGGTAAAAGAAGCTCATTCTATTGCTCCTGGCCTAGATTACCCTGGAGTTGGACCAGAGCATTCATATCTAAAAGAATCAAGAAGAGCTATATATGAGGGGATAACTGATGATGAAGCATTAGAAGCACTTGAAATTCTTGCAAAAGAAGAGGGGATAATTTGTGCTCTTGAGAGCGCACACGCTGTAGCTCTAGCAATAAAAAAGGCAAAGGAATTAGGAAAGGGTAGCACAATTATTATAAGTCTATCTGGCAGAGGAGATAAAGATATGCAAACAATTATGAAGAGTCTGGAGGCAAAGGATGAGCAAAATTAGAGAGATTTTAAAAGAAAAGAAAACTTTGATTCCTTTTTTACCTGCTGGGTATCCGTCACTAAATGCCACCAAACAGTTTGTTGAAGTATTAGTAGAATGTGGAATAAAAGCAATTGAAATTGGTATTCCGTTTTCAGATCCAGTTGCGGATGGCCCTACTATTACAAACAGTTATTCTTTCGCTATAAAAAATGGAATAAAAAGTGAAGACGTTTATCTTTTATCAGAAGAATTAAAGGAAAAATACAAGATTGCAATTATTCCGATGCTTTATTATAATTTAATCTATAATAAGGGGGAAGAAAATTTCGCAAAAAGGATCTCTTCCTTTGCAGATGCAGTAATAGTACCAGATCTACCCTTCAGAGAGTCTCATAGACTAAGACCTCATCTTGAAAAATTTAACATCTCTTACATTCCTTTTGCAACGCCAAATATAAGGGAAGAGGATATCAAAACTATCTCAAAATATACAAACGCGTTTATATATGCTGTAACAGTTTTTGGCATTACGGGTGCAAGATCTAGTTATAGCAAAAACACCTATAATTATTTAGAGTACGTAAAAAAGATCAGTTCAAACTATGTAGCCGCTGGATTTGGGGTTAGTTCAAAAGAGCAATTTGAAAAATTACCAACTGACGCGGTAATTATAGGAAGCGCTTTAATTAAGCAAATTGATCCTGATAATATTGGAAAGAGTAAGGAAAATATTAAAAAACTAATAAATAGCATAATTATTTAAATTGTTTCTTGATAAACATTTATTTATTCCTATAAGGAAATAAAGAGTTAAGAAGAAAACGTACAGAGAATTTTAATTTATTTAGGATGAATTTAATAAATGTTCTTTTATACAATAAAATAAAATTCTTATGTACTATAGAGCATAAATATTAGTATAATACACAAAAGTATAAACAAATTTCGGAGGAAATTTGACAAACAAAAATTTAAAAAACAACTTAACCATTTTTCTTCAAAATCTTGACAACATACCTTTTGTAGACAAAGTAAGAACAAAGGAGGCAAAAAGGTATCTTTATGTCCCAGTACTAATAGGAATTGCAGTTGGTATCTCAGCCGTAGCGTTTTTATTAGCTTTACATTATACCTCTGTTGTTTTCTTGAATATGCTGGTTGGCTATTATCCACCGGAAGTTACAGGAGAAGGTGGGAACCCAGAATTATATCATATTATTATTGCAAGACCCTATTTATTTCCAGTAAGCGTTGCGCTTGGCGGTTTAATATCAGGATTATTAATATATAAATTTGCACCAGAAGCAAGTGGTGCTGGAACAAACGCAGCTATAAAAGCATATCATTTTGAAAAAGCAATAATTAATATAAAAACAACTTTTATAAAACTTCTAGCTTCAACACTAACAATTGGTGCAGGCGGAACCTCTGGAAGAGAGGGGCCAATGTCTTTAATTGGTGCAGGGCTGGGTTCTTTTATAGCACAAAAATTAAATTTAAGTGAAAGAGAAAGAAGAATAGCCCTAGCAGCAGGATTGGGGGCTGGGCTTGGGGCAGTCTTTAGAGCACCTCTTGCCGGAGCCATAGTAGGCGCTGAAGTATTTTATAAAAAAGACTTTGAAATACAATCTATGTTAAGTTGCTTTATTGCAGCAATAATTGCATATACGTGTGTGGGCCTTACCTTTGGGTTTGAACCATTGTTTTACGTTCATGTAGATGCATATAAAAACTTTAAAATAGTAGTACTACTTCAGTATATAATACTTGGGTTAGCCTGTATGTTAGTTGCAAAATCTATAATGACATCATTTTTCTTATCAAAAAAACTTGCAGACATATTGCCAGTACCTAAATATATGATTCAACCAATAGGAGGATTCGTTACAGGATCAATTGGGATTA
CP020921.1_gap47	1774294	1774794	500	TAACATATATACTTTTGCATAATTCTTCTAACTCTTTTAAAACCTCACTTTTATTTTTTCTAGAAAAAGGCTTTTTCACTAAGAATATCATATCAAAAAAGTCCTTCTTTTCATTCTTATATAAAAATTCTTTCACAAAAAAACCTTTAATAAATCTCTTCATATAATTTCTCTTTACAGAACTTTTTGCAACCTTTTTAGACACAATAACACAAATCCTAAAATATTCAGAAGGACTGTAAAAAAGGGTGAAAAAAAAGCCTTCTATTCTCTTAGAATTAAATGTCTTCGCTATTCCCTGTGGGTTATTTAGTAAAGCTCCTTTACTTAGCACTAACAGTAAGCCTGTGCCTACCTTTCATCCTTCGCGCTTTAATAACCTTTCTACCAGCCTTAGTGCTCATTCTGTTAAGAAAGCCATGCACTCTGAATTTTTTTCTAACTTTTGGTTGATAAGTTCTTTTTGACACAACTATCACCTCAAACTTAATTTTTAAAAT
