gap_id	start	end	length	sequence
CP027227.1_gap1	119884	121373	1489	ACTCGGCGCCCATTACGGCGCCGAAGCGCTCGGTGCGACCGTCGTGCCGACTTCCGGCGGCAACACGCAGCGCCAGATCATGCTGATGCGCGATTTCGGCACCACCGCCGTCTGCTGCACGCCCTCCTACTTCTACTATATGGTCGAGCAGGCGGCCGCGGTCGGCATCGACATGCACAAGCTGCCGATCCGCGCCGGCATTTTCGGCGCCGAGCCGTGGACCGAGGAGATGCGCAAGCGCATCGAGCACGACGCCGGCATCAAGGCTTACGATATCTACGGCCTCTCCGAAATCATCGGCCCCGGCGTCGCCATCGAGTGCTGCTGTCAGAAGGGCATGCATATTTTCGAGGACCACTTCTACCCGGAAATCATCAATCCGGAGACCGGGGAGGTTCTGCCTGACGGCGAATTCGGCGAACTGGTTCTGACCACGCTTTCGAAGTACGCGATGCCGATGATTCGCTACCGCACGCGCGACCTGACCCGCATCGTCGCCGAGCCGTGCGAATGCGGCCGGACCATCCGCCGCATCGAACGAATCTCGTCCCGCAGCGACGACATGTTCATCATCCGCGGCGTGAACGTCTTTCCGTCGCAGATCGAAACGGCGCTGCTTTCGGTCGAGGGGACCACCGCGAACTATAACATCCTTCTCACCACCGAGCACGGACTCGACAACATCGAAGTCGATGTTGAAGTCACGGAAGAGCTTTTTTCGGACAAGGTCCGCTCGATGGAAGGGCTTCAGCAGCGGCTGACCGCCGCCATCGAAGGCGTGATCGGACTTCGCGTCCGCGTTAAGCTCGTCGCCCCGAACACGATCCAGCGCAGCGAGGGCAAGGCGCGCCGCGTCATCGACCACCGCGAACGCTGACGGCGGGAAACCGGGAGGATGCACTCTTCCCGGCCGGGCTGCAGGAGAAGCCATGAACAACCGGTGGATGTCGCGAATTTTACTGTTTCTCTCGGGAATCAGCTGGCTGACGATCCTTATGATCGTCGTGAAGGCCGCGACCGGCTGGAGCGGCCCCGGCTGGTTTTCGCTCTGGATTTTTCCGGTCATGACCGCGGCGGCGGTCGGATTCCTGACCAATTTCATTGCGATCGAGATGCTGTTCAAGCCGTATGAACGAACCGGTTTCCACTGGCTGCGGCTGCTTTCACTCGGACTTTGGAAGCAGGGGATGGTTCCTGCCAACAAGGCGAAGATCGGCCATGTACTCGGCGAAGAGATTCCCGAGCGGCTGCTGAAACCCGGGGAAATCTCGCGCGAGATCGGCGCCCGGATTTCGGCCATGGCTTCGGATCCCGAGCTGCTCACGCAGGTGCGTTCCGCCGTGCAGCTTCTGCTGCGGAAGAACGAGGAGTCGGTCATCGCATTTCTGCAGCCCCGGGTCGAACAGTCGCTGCTTGCGGCGCTCGACCGGAACCTGACGCCGGAAAATCTGCGGAAATTCTGGGACGACGTTCTGGCCGGGCAGCTCGC
CP027227.1_gap2	124830	125894	1064	AGGCGCTGCCGTCGAATCCGCTGGTGCGGCAGCTGTATGTGACGATTCTCGACCGGACGAAACAGAAAGTGCCGGAGGACCTCAAAGAGGTCAGGCCGTTCGATTTTCCGCTTGACCGCGACTGCGTGTATGTGCTCTTTGCGAACGGGCGCAGCGCGGCGTTCCGGCAGGTGGCGATTTATTATCCGGTCATGACCGCTTATCCGGTCTGCGAATATTATCCGGCGCCGTACCGCTTTCTGAAGGTCATCGCCGGCGGTCAGAGCGGCGAAACCCGGCTTCTGGCCGACATGGACGCGATTCTCGCGCAGGAGTACGACGAGCGGCTGCCCGGCATGATCACGCGGATCGTCCTTTCGACCGCGATCAAGGAGGGTGCCGGCTATGCGGGCGCCTGGGCGGTCGGCCGGGAAAATGAAGCGGCCGGAGCGGCGGTTCTGCTGGCCTCGATGGTCTACCGCGCGGCATTCAACACGGCCGACACCCGGAGCTGGGAGATTCTGCCGAAAGAGTTTCAGTTCTGCATTCTGCCGATGCCGGAGAACCGGACCGTCGTGCTTGAACCGGACGGCCGGAAGAGCGGAGAGAGAAGCGTGGTCATTCCGGAGGCGGACCGTTCCGCCATTGTTTACGTCAACGCCCCTGCCGCCGGAGAGCTTCGCGTGCAGGTGCTGGGGTTGCCTCAATAAAACAAGGAGTCCGATATGAAAAAATTGTGGTTGTCTCTGTTGTCTGGCGGCTTGCTGCTCGCCGGAACCGGGTGCCAGAACACCGTGAACCGGGTCGAGAACGCCGACAAAACCATGACGCCGAACGTCGTCAACGACAAGCGGTTCGTGACCGACGGCTTTCTGGCCGACCGCCTGCAGCTGACCGGGATCAATACGGCGACGACGCCGGACGGCCTGCTGCGGGTCCAGATTACGGCGGTCAACGTGCGCGTCGGCTTCTTTTCGCAGATGTGGAGCGGCCTGACCGGAGAAAATCCGTACAGAATCCAGTATCGCTTCACCTGGTTCGACAAGGACGGCATGGCGGTCGATTCGATTGTCTCGACCTGGAAG
CP027227.1_gap3	265038	266559	1521	CCAGACGTCGAGGTAAACCGACGGCTGCTGCTGATAGCGCTTCTGGTCGAGCAGAATGCCGCGCAGGGCGCGGGCCGGGATGCCGCGCCCGGCCAGCACCGCGATCGCGGCATCGACCGTCACATCGGAACCCGAGTTCGGAGCCAGCGCCCGCTTTTCAGCCGGCGACAGGGCGCCGAGCCGGAGCAGCAGGGCCGGAACCAGTTCGGCGGCAGGCAGTTTACGTTCCGGGTCGATCCGGTCCAGAATTGCGGCGGCAGCAATCTTCACCGTATCCGCAACCAGCGTTTCTCCGGCGTTTTCCGGCGGAGAAAGAGGCGGCAGCTCCCGCTGCGGCGCCGGCACCAGGCGGTAGCGGCACGATACGCGGCGCGTTTCAACCGGGGCCGGCAGCGTCAGCACCATGCGCGGAAAACCGTCCTGCTCCTGCAGCTGAAACCGGGTGCGGCTGTCGGGGTCGAGCCCGAACGCCCATCCCGCATCGGGCTCCGGCACGGCGAGAGAGATCCGCACCGGTTCATCTCCGGACGGCTCCAGCGTGATATTGCCGTCGACCTGATAAAAGAAAGCGGCGCGGTCGCTGAGGCTGAAACCGAAAAAGTTGATCTTCACAAACGAAACCGCCACCGCTGCGACGGCCAGAAGAATCACCAGGATGTAGAGCATCCGGCGCGGATTGCGGGAATCGGCCATGTATCCTCCTTACAGCACGTTGCGGCGGGACGGATCGACCGCCGCAATGCCGTTGATGATGTTGCGGCCGACCAGAACCGGATATTCGAACTTGCTGCGGTCGGTCAGCGTGAATTCGCGCTCGAGCGTCAGATGGCCCATGCGGAAGGTCAGCATGACGGAAATCCGTTCAAGCGACTCTCCGCCGTGCTGCTTGATGCGGACCGTCCGCGCCACCGGCAGTTCGTACTCCTTCGACTCCCCGCCGGAACGGGCAAAGACCCGGAAGGAGACCCATTTTCTGCCGTCGCGCTCGAAGGTCCGGACATCCCGCGCATCGATCGAGCTCGTCGTCGCGCCTGTGTCGATCCGCGCCTCGAAGGGAACGGTGAAATCCGGCAGGTAGACCACTTCGGTCTCCCCGATGATTCCGAGCGGAAGATCGGTCACGACCTTGTTCTCCGGCGGGGGAGGCTCCGGCATCTCCGCCCGGCGGCAGCAGCCGGCCATCCCCAGAATCACAACACACGGCAGAAGCGTACCGACCAGCCTCATAATCCTCACGAACCTCCCTGAGCAATCCCTCCGGAACTCCGTTCCGGAATACTGATAATGATATCAGTTAAAATAGTCTGAATCCGCCCCTTTGTCAACCGCGGCGGCAACTTAATTCGATGACAAAACGGCAATCTTCCGACCTGTATGAGAAAAAAGCCCGCTCCCGGAAATCCGGGGAACGGGCTTTCGGAACACCGTCCGGCTTACTTCATGAGTTCGCCGAGGTTCTTGTAGAAGGTCATGCGGCGCTTCGCGTCGGCTTCCGCCTTCGTGAACAGCTCTTCGGCATCG
CP027227.1_gap4	463285	465539	2254	TGGTCGTTATCGCGATAATCGCGATTCTCGCCGGTATGCTGCTGCCGGCGCTGAACCAGGCGCGCCAGAAGGCGCGCGGAACCGCCTGCGTCAACAATATCAAGCAGGCAATGATGTATATCCAGCAGTACTGTGACGATTTCAGCGGCGTGATCCTGACCAAGGATGATAAGCAGGATATTTATTGGGTCAACGTTCTGCAAAATGCCGGCTATGTCGACAAAGACTGGCCGACCGGTCTGCGTTGTCCGTCAGTCAGTCCGCGAGCCGACGAGATTCAATACCGCTGGTTAATGCCCAGTAAAATGTACGGGGTCAATCAACTTGCCACCCGACGGCTCAACGGCCACGATGTCGAAATGGATCAGTCGCCGGGCTACAGACAGCCCGTTAATGGAGTCAACATTCTGGCGATTGGCAAGATCAAGGACCCCTCCAGCTTCGTATTCCTTGCGGATACGCGGAATAAGAACGAGCTGACAGTGATGGCCAGTTCGCTTCAGGCGGCGTACTCCTGGGGCAACGGATTTTTCGCGAAGGCTCACGGCGGCTATATCAGCGTCGGCTGGGGAGATGGACACGTCAATACCGTCAATGACGGTGTTCTGCGCGAGAAATATTACAGTTCTCTCGCTTACCTCACCCTGTGAACTGATCGAACGAAAGGAACGTTTGGATGATGATGATGAAGAAATTGGCCGCCTGCATGCTGATGCTGCCGGTCATTGCTGCTGCGGCTGCCGGCCGGCTGCCGGCCGGCCCCGCCGTCGACTCTCTCGGGAACCTGGCCATCGGGGACCTCGCACTGCGCTGGACCTGGTATGCGCCCGACTGGAGCGGCTCCACCCTCCGGGAGAGGGATTTCAAGGCGGACGCCGGATTTCCGCGGATCACTCCCGACCGGTTCGAGACCTCCGGCAACTGGAAGGGCTTTCATGCCACGATTTCGGCGGCTGCGGCCGGCAACGGCGGAATCGCCTATTCCGCCCGCTTCAAGGCGGCGCCGCCGGTGGAAACCGCGACGCTCGCGCTGGTCATGACCATACCGATCGGTGAGCCGCACGTCCTGGTCGACGGCAAAAAAATCGTGCTGCCGAAGAAGTTCCAAGACGTCCGCGTTTTCAGCGGCAAAGTTCATTCGCTCCAGTTCGGCAACAACGGCAGAACCATCACCGTCGAAGGCAATTTCACTTTGCTGATTCAGGATGACCGAAAATGGGATAACCAGTATTATCTGTTCCGGCTCGGCACGATTCCGGCCTCCGGAAAGATCAGCGACGCCGCCGTCGACTTGCGCATCCGGGTCGAATCGCCGCGCACCGCGCCGGTCGATCTCAGAGAGGCGTTCAATATGGGTTTCGCGGATGAAGGAGCCGACGATCTGCGCATGCTGAAACCCGGAAAACTTTCCGTTCTCGGCATTGATTTCGATATCGTCGATCCGGCACGCAACGGCGGTCGTTCCTGCCTCATGCTTTCAGCCGGGCGGAAAAAGTTCCCGGCGGAGAAAAGTGTTGCGCCCGGTGGTGCCGGCGAGGGACTTCGATACCTGTATCTGCTGCACGCCTCGGCCCGGACGCCGAAGCCGCAAAGTCCGGTCGGCACGATCGTTGCGGAGTATGCCGGCGGCGGCAAAAAGGAAATCCCGGTGCTTGCCGGACGCGACATCGACGACTGGCACCAGCCTTGCCGGGTACCGAACGGTGCCGTCGCCTGGACCGGGGAAAACAGTGATTCATTTGTCGGGCTTTATCTCTCGCAGTTTGCGGTTGACGGTACGCCGTCCAGACTGACCTTCAGGGCGGCGGACGGAGCCGATACGGCCTGGATGATCGCAGGCGCCGTGCTCGGCGACCGCGAACTGAATCTCCGGCAGCTCGAAAGCCCGTCGTACATCGTTGCTGGCAAAGATTATCTGCCGCTGGAATTCAACGGCGGAACGGTTGCCGGATCGGTGCTGGACTTTTCCCGGTATCTCGACGCTCCGGCCGGCAAATACGGCCCGGTCATCGTCACCGAAGACGGCCATTTCGCCTTCCGCGACGCGCCGGAGAAGCGGATCAGGTTCTTCGGGCCCAATCTGATCGACTCCGCGGTTTATCTCGACAAGGCGCTTGCCGACGATTTCGTGACCAAGGCAACCCGGCTCGGCTACAACACGGTCCGCTTTCATCATTTCGAAAACGCCCTGCTTGATCCTCACGCATCCGATTCGCTGACCTTCGACCCGAAGGCGCTCGACAAATTTGATTAT
CP027227.1_gap5	618695	621656	2961	GGTGTGCAGATTCACCCGTTCTGCGAAGTTCATGATCGATCCTTCATTTCTGTATCAACACGGCGGCCGGCCGCCCGCGTTCCACAAGACGCAATCGCGCACACGCGCGAAAGATAGCGGATGCGGAACGGCTCCGCGGGATATCCGGATAAAATAGCACGTTTTCCGTTTTTTGTAAAGCGCTGCGGGAAAATATGAATTTTTTTCATTTTCACCTGAAATCCGGGTTGTATTTTCAAAACGGATATGCTAGTATTAAAGCAGCCCGGGGAGCTCCGGGCGGAAGCCGCAGGCATTTTGTTTTTATGGATTCATGAACCGAACTTTCAATAAGGAGGGGGATCTATGACCAAAGCAACCGAGTGCAGAAACTTCGTCGTCGCCGGACACTCCGGCAGCGGAAAAACCACGCTCTGCGAGCTCATGCTCTTCAAGGGCGGAGCCATTCCGCGGCCGGGCAGCGTCGACGCAAAAAATACGGTTTCCGACTTCATGGCCGATGAACAGGAAAAAGGCTCGAGCATCTATTCCACGGTCATGAACTGCAAATGGAAGGGCGACGAATATTTCTTCATCGACACGCCGGGCTACGGGGAGTTCGTCGGCGAATATGTCGCGGCGGTCCGCGAAGCCGACGCCGCGCTGGTCGTGGTCGACGCGGTCGACGGCCCCCAGATCGGCACGGCGCGCGCGTGGAAGCTCTCGAAGCAGCGCGGCATTCCCCGGTTCGGCATCGTGAACCGGCTCGACCGCGAACGCGCCGATTTCAAGGCGACGCTCGAGCAGATGCGCCGCAACCACGGCAAAAACGTCATCATCCCGCTTTACTGGCCGGTCGGGCAGGAGGCGAATTTCAGCCGGGTCGTGAACGTCCTCTTCGACAAGGACATCCCGTCCGAAATCGCCGAAGACGTGGCCGAGTGCCGCGCCCTCTGGCTCGACGCCGTCGCCGAAACCGACGACGAGCTCATGATGCGCTATCTCGACGGCGAGGAGCTGACCGATGAAGAGATCCACACCGGGCTGCTGAAAACGATCAAGACCGGGCGCACGATTCCGGTGTTCGCCGGCAGCTCCGTCAAGGATATCGGCATCACGGAGCTCATGGATGCGATCGTCGAGCTTTTCCCCTCCCCCCTCAACTATGTCACCGTCGACGGGGCCAAACGCAAGATCGGCGAAGAGTGCCCGCCGATCGGCATCGTCTTCAAGAGCCTCAACGACCCGTTCAGCGGGCAGCTGACCTTCATCCGCACGGTCTCCGGCGTCTTCAAATCCGACACCGACGTCTTCAACCTGTCGCGTTCGGGGGCGAAGGAGCGCTTCGGGACGCTGCTCTTCATGAACGGCAAGAGCCAGACGCCGGTCAAGGAGGCCGGTCCCGGCGCGATCTTCGCCGTCGCCAAGCTGAAGGACACCCATATCGGCGACACGATTTCGGCGGTTCAGACCGAACCCCCGCTGCCGGGCATCGTCTTCCCCGACGCGGTCATGTCGTATGCGGTGACCGCCGCGAAGTCCGGTGACGACGAAAAAATCTCGGCCGGCCTTGCGAAAATCCGCGAATGCGACCCGACCGTCCGGCTCCGCCGCGACGAGGTCACCCACGAATTCCTGCTCTCCGGCATGGGCGACCAGCACCTGGCGATCGTCGCCAAGCGGCTGAAGGACCAGTTCAAGGTCGAGGCCGTCCTCGACACGCCGCGCGTGCCGTACCGCGAAACGATCACCGCGCCGGGCGAAGGCCACTACCGCCACAAGAAGCAGACCGGCGGCGCCGGGCAGTTTGCGGAGGTCTTTCTCCGCATCGCGCCGAACGAAGCCGGCTATGAATTCTCCAACGACGTAGTCGGCGGAACGATTCCGAAGAACTTCATCCCCGCGGTGGAAAAGGGCGTGGCGGAGATGCTCGAGAGCGGTCCGCTGGTCGGCTGCACGGTCGAACGGGTCAGGGTATCGGTCTACGACGGCAAATACCACCCGGTGGATTCGAACGAAATGGCCTTCAAGATCGCCGGGCGCATGGCGTTCAAGGAGGCGATGACGCAGGCGAATCCGGTTCTGCTCGAGCCGGTCATGCATGTCGAAGTCCACATTCCCGATGCGTACATGGGCGACATCACGGGGGATCTGAACCACAAGCGCGGCCGCATTCTCGGCATGAACGTCGAGGAAGGCATGGAGGTCGTCGTCGCGGAAGTTCCGTACGCCGAAATGCGCAAATACGCGACCGAACTGCGCAGCATGACGCAGGGACGCGGCTCGTTCGAGATGAGCTTCGTCCGTTACGAGCAGGTCCCGCCGAATGTGGCGGCCGAGATCATCGCCAAACATCAGGCGGAGCTCGAAGCCGAACAGTAACCGGTTGTTTTCTTTCGAAAAATACACCGCGGAAGTGGCAATTGCCGCCTTCGCGGTGTATTTTTTCCATCGGCTTACGAAAGGACGGACGGATATGCGAATCATTCTCTGGCTCACGCTGTTTCTGGCAGCCTTCTGCGCGGGGGGCGCCGTTTCCGGGGAACGCCTCCCCGTTTTTGAGAAGCCGGACCGGAGCTCGGACATCATCGGCAGCATCGAAGCTGCCCGGATTCCGGCTTCGGTTCAACCGGTCACCGGCTACACGGTCCGACATCCGCTCGCAGCTTATCACGCCTATTATCCGCTGCCGGGCGGAGGATACGCCTCCCCCGAACTCGTCTACCGCACGGATGAGGAAGGCGTCCGCAGCATCGTCCGGAAAGCGCATCCGCCGTATATCCGCATCGCCCTCGTCGCGGTCACCGGAATCGCGCTGGCGCTCGTGCTGCTCGGCTATGTCAAGCGCCAAAGCTCCAAGGCGCCGCCGCTCGATTCAAAGACGGAAGCTTGCTTTTTCATCGCCGCAATCGTGCTCATCCGGCTGCTGTTCCTGCTGAATCTGCTGACAGAATGGAACAATGTCGTTGCGGCCGCGGCCGA
CP027227.1_gap6	728216	731312	3096	GAAACGCGAGCTCGTCGTCGGGGACATCCTGTTCCTCGAAAACGGCGAAGAGGCTCCCGCCGACGGAAAGGTGCTCGAGGCGGTCAATCTGCAGATCGACCAGTCGAAGCTGACCGGGGAATCCGATCCGGCCGTCAAAATCAGCGAGGCGGACGCCGCCGCGCAAGCTCCCGGAGAGGAGACTTATCCGCCGTTTCTCGTCCTGCGCGGCACCGCCGCCGTCGAAGGATACGGCTATCTCGAAATCACCGCCGTCGGCGCCGGCACCGAAATCGGCAGAACCGCCGTCGCCGCGAGCGAAAAAAGCGATACGGAAACCCCGCTGAACCGTCAGCTCGGCCAGCTCGGCAAACTCATCGGGCTGGTCGGTTTCATGATCGCGGCAATCACGTTCTCGGCGCTCGTTTTCGGCGGCATCGTCTCCGGCTCGCTGGTGCAGAGCGCCGCGCAGTGGACCGTTTCCGGGCTGCTCCTCGTCGCGATCCTCGTCGCGCTGATTCAGGTCTGGCTGCCGATCGTCTGCGACGGCATCGGGCTCATCAGGGGGCGCTCCCCCCTCCCCGCCGGCCTGCAGAACAAAGGATTCAGAAGCTGGCTCGTCTTCCTGCTCGCCGGAATCGCGATCGCCGGGGCGGGACTCGGAATCATGGCGCTCGCCGGAACGCTCCCGGAGGCGGTACGCGAGTGGATCGCGCCGGAGGCGCTGCCGAAGTTCGTGACCTTTTTCATGATCGCCGTCACGCTGATCGTCGTCGCGGTCCCGGAAGGGCTCGCCATGAGCGTGACGCTGAGCCTCGCCTACTCGATGCGCAAGATGACCGCCGCCAACAACCTCGTCCGCAAGATGCACGCGTGCGAAACCATCGGCGCGGCGACCGTGATCTGCACCGACAAGACCGGCACGCTGACCATGAACCGGATGCACGTGCAGGAGGCGGCTTTCCCGCGGCTCGCGCGGCCGGAAGCGCTCGCCTTCCTCGCCGTCAATATCGCAGGGAACTCGACCGCGAACCTTTCGCGGGTCGATCCGGCCGATCCGCAGCCCATCGGGAATCCGACCGAAGGTGCGCTGCTTCTCTGGCTCGATTCGCAGGGAATCGACTACGAATCCGCCCGCGCCTCGTTCGCCATCGACTATCAGTGGACCTTCACGACCGAACGCAAATTCATGGCGACACGCGGAAGCACGCCGGACGGCGTCCGGCTGCTGCTGGCCAAGGGGGCGCCCGAAATCCTGCTCAATCTCTGCGCAAACTATGAAACCGCCGAAGGAACCGCTCCGCTCACGGACGCCGTGAAACGCGAACAGCTGGCCGCGCTGAAGGAGTGGCAGTCGCGCGGAATGCGCACGCTCGGCTTTGCATTCCGCGAAAATCCCGGCGGCAGCGACGAACTCGCCGAAGAAGCGAAAGAACTGACCTGGCTCGGATTCACCGCGATCGCCGACCCGGTCCGTCCGGACGTGCCGGAGGCGATCGGCAGCTGCTATCGCGCCGGAATTCAGGTCAAGATGGTCACCGGCGACAATCCCGAAACCGCCAAGGAGATCGGCCGTCAGATCCGCCTCTGGAGTGACGGTGAACCTGAGCCCGGCGCCATCATGACCGGCGCCGAATTCGACAGCCTCACCGACGAACAGGCGGTCGAAGCCGCGCCGAAGCTGAAAATCATGGCGAGGGCGAGGCCGAACGACAAGCTCAAGCTCGTCCGCGCCCTGAAGGCCTCCGGGCAGGTGGTTGCGGTCACCGGCGACGGCACGAACGACGCCCCTGCCCTGAACTATGCCGACGTCGGCATCGCGATGGGCAAGACCGGCACGTCGGTCGCCAAGGAGGCCGCCGACATCATCCTGCTCGACGACTCGTTCGGCAGCATCGTGAACGCGGTCATGTGGGGGAGATCGCTCTACCGCAACATCCAGCGGTTCATATTGTTCCAGCTGACGGTCAACGTGGTGGCGCTGACCATTGCGATGGTCGGGCCGTTTATCGGCGTCGATCTTCCGCTCACGGTGATCCAGATGCTGTGGGTGAATCTGATCATGGATACATTCGCGGCACTCGCGCTTGCGACGGAGCCGCCCGATCCGAAAGTCATGAACCGGCCGCCGCGCAAAAACAGCGCTTTCATCGTGACGCCGGCCATGTGGCGCGGCATCTTCGGCGGGGCGGCCGTTTTCCTCGCGGCGCTGATCGGGCTGCTGCTCCATATCAAACACCTCGGGCTGGAGGAAAATTCGACGGCAGGCAATCACTGGCTCACGGTCTTCTTCTGCGTCTTTGTCATGCTGCAGTTCTGGAATCTCTTCAACGCGAAATGCTTCGGAACGGGGGAATCGGTCTTCCGGCACCTGGCGGACAACCGCTCGTTCACGCTGATCACGGCAGGAATCCTTATCGGGCAGATCGTCATGGTGCAGTTCGGCGGCCGTGTATTCCGGACCACGCCGCTCGGCATCGTCGAATGGGTGACGATCATCGCGGCCACCAGCCTGATCGTCTGGGGAGGCGAACTCTTCCGCCTGCTCCGCCGCAGGCAGGGGTGAACGCAGGACAGGCGGCGCGCCCCTCCGGGGACGCCGCCCGCAGGCCCGGCACGCGGACGCTCATGCAGATGTGACCTGCCGCTATCGGAGCAGTTCGGAGATCGACCGCGCGGCGGCCGTCACCTGCGCGGCAATGCACTCCTGCCCGTCCCGCAGATACAGCTCGGAGCCGGAGACGCTGACCGCACCCGCCACCCCGCCGAGTGAATCGAAAACGGGCGCCGCCACGCAGAAAACCCCCGGTTCGTGTTCGCAGTCATCCACCGCATAGCCGCGGCAGCGGATTCCGGCAAGCTCCGTCTCAAGCTCTTCCCGGCCGGTAATCGTCTTCGGCGTGCAGGCGGTGAACACAATTTCAGCCAGCAGCCTCCCGCGTTCCGCCTCGGGCAGAAACGCGAGGATCGCCTTGCCGACCCCGGTGCAGTAAAGCGGACCGGTATTGCCGATCATCGACCCCATGCGGACCGGCCGGCTCCCTTCCACCTTGTCGATATAAACCACGCTCCCGCCGCGCCGCTCGGCCAGGTGAACCGTCTCACAGGTCGCTTCCG
CP027227.1_gap7	733058	735864	2806	GCAGAGGCGGGAGGGCGCTTCATCATCTCGCCGGATACGAATCCCGAAGTCATCCGCGAAACGAAACGCCTCGGGCTTGTCTCCATGCCGGGCTTCTTCACCGCGACCGAGGCGTTCGCCGCCCTGCGGGCCGGAGCCGACTGCCTGAAACTCTTTCCGGCCGGCGCTCTCGGTCCCGGCTATGTGAAGGACCTGAAGGCGGTGATCAAGGCGCCGATCATGGCGGTCGGCGGCGTCGATACGGCCAATGCGGCGGACTTCCTGAAAGTCTGCGCCGGAATCGGCGTCGGCTCGGCACTCTACAAGCCCGGCAAACCGCTCTCCGCCATCGCGGAAGACGCCCGGCGCTTTACCGCTTCCGCCCGGTAATGCAGGAGCCGGAACCCCAAGGGGCTTTTGCCGTTCCGGCTCTTTTTCGCTCCGGCCGATTTGACAGAAGCCGGAGCATGCACTATACTAACACGAAAGCGGGGAAAACGCGGGAGGAGACGGGTCGAATCAAAATCAAAGGACTATCCCGTGAAAAAGAAAAGCGGGAAACCGGAGGATGCCGCCCGCTCTGCAATGCCCTTTCCGATCCGGGCAGTTTTTCGCCGCCCCAGAATCATATTCCGTCTCTCCCTCACTCTCAGTATTTCCGCAGCGGCAGCGGCAGGCATTTATTTCTGCACGCCCCGGCCGGACCGGCCCCATAACGTTCCGCAACAGGCTGTTGCAATCGGAAACAACCACCGGGTGAATCAGAACGGGACCTACTTCGAATTCCGCCGGGAACCGCAATCTCCCGCCCCCTCCCCCGTTTCGGAACCTCCTCCCGCCGGCTTTCCGAATTTGCGAAACCTTCTGCCGAAGAACGACCGGCTCGCACTGGCGGCCGGACACGGCAACCGGGTGAATCAAGGCGGAATATATATCGAATATCATGCGGAGACTCCGCTATTCCGGCCCGTTTCCGCCTCCCTGATCGAAATTCAGCAAAACGGAGTTGTCAGGGAAACATTCGAGGCATGGAAACTGCTCCGCGGCCGGAGCGCCGCCCAACCGGAAGAGGAGGTCTGCAGCTATGAACAGGCCGTTGCCGATCTGCAGCAACTGGCCGGCTTCTTATGCAGCAGGCCGGAAATCGGAGATTACGAATTCAACCGGCTGTTCACCTGGTTTGTCCAGCATCGCGCAAGCCGGAGTCACTGGCCGGTCAGCCGGCTCGCAAGCCTGCTGGAGGAGCGGGTGAAGAACGAACGGGCCGCCCCGGACTGGGAAGAGCGCCTGACCGGCTTTCTCTGCTCGATCCGCTCCGACCGCAGGGTGGCCGGACTCGTTTTCGACACGCTGACCCGGGAACAGCTCTCCGGCAGACGAACCATGCTGACCGGCAGACTGACCCGGCAGATCGTCCGCCGGGAACTCTATCGTCTGATGGAACAAGCCGGGGTAATTCCTCACAAAAGCAACAAAATGTCCGGCGTCGTGGAGATTTTGGTCGTAGGCGACCACGGCTCCCCGGCCTGGCGTTTCGGCAATTACGGCCGAAAGATCGAAACGGCAGTCGAGTTGCGCGAAAAAAGCGGCACCCCCCGCATTGTCAGGGAGGCCGATTTCTTCCGTGTTCTGGATGAACTCATCAGGGAGCGGTGACACTCCTCCCTTCCACTTTTCATGCTGCGAAAAGACGCAGAAGCCGGACTATGATGAAAGAAGATGCGCACAACTCTCCGCAAACCGATGCCGAAACGAAAAATATCCATATTTCCGGCAGAAAAACGGCGGCGCGTCCGATGCCGGAGTTGCATCCGGAGCCGGACGATGCTATACTGATTCGGACGCCAGACAACCGGAGGCTATCGACAATATTTTCGATTTCAGGAACAACACCTTTCTGCTCGCCTCCGGAGAAATTCCGGCGGCAAAGGGAGAATACCGCGCTTTCCGCCTTTTCTGACCTGAAAAGATTTACCGGCAGTACTCGTAATCGATATATTCACCGGCGAACCCGTCGGCCGGCCGGCGCCGGACCTGCCGGAATCCCACCCGTTCATACATTCTCCGGGCCGGAACCATCAGTTCGTTCGTGGTCACGACGATTCTGTCGACGCCATACCGGGAAATCCGGTCGACGGTCTCTTGAAGCTGCCTGACGCCGTATCCCTGCCCCTTATAAGCCGAGGCAATGCAGTTATGCCCGATTATCGCATATTCCGGCTGTTGCCTCGGGTCCCACGAAGCAAACCCGACGGCCCTGCCGTCGAGAGTCGTGACAAATCCGTACCGGTCGGCAATCTCCGGGCGGTCGCAGAAGAAGCTGTCGAACTCCCTCCAGTCGCCTCCCCAGTGCCGTGCGCACCGGCAATCGAATGAATACGCGTCGGACAGCAGGGCAAACAGCGTTCCCCTCGGAAAATCGCTGATTTTTCTGAATTCAGGAACCATAAAACCTCATCTTTCCCGGCAGCCGCAGAACCACCGTCCTCAACCGCCCACGTATCTAAATCATACTTGAATATCGGGATTTGAAAAACTCGAAAAAGATCATTTTCGACGAAATGCACCAGCTTATCGATGAAATCGCCAACCTTTCCCGGCTCCTTGCCGAGAATCCAAATAATTTTGAAATCCAGCGGCAACTCCTGATTGCCAACATCGACCGGATCCGGTGTGAAGAAAAAAACGTATTCAAAATTGAGTATCGATGGAGTTCGGGACTTCGTCAAGTCTGGCAACCCCGCCAGGATTCGAACCTGGGCTAACTGGACCAAAACCAGTTGTGCTACCGTTACACCACGGGGTTGTTTATTCGGCATTTTTACAA
CP027227.1_gap8	742180	744943	2763	GCTTCCGGGAGGCGGCCCGACCGTTCGTCATCGTTCAGGACGCGGATTTCGAGTACACGCCGGAGGATTATCCGGCGGTGCTGGCCCCTCTGCTGGCCGGCAAGGCGGATGCAGTCTACGGATCGCGTTTCATGGGAACCCCCGGGCAGGTCCGCTTTTTCCGGCACGAAATGGGCAATAAATTCCTGACCTTTCTGTCGAACTGGTTCTCGGATATCCATCTCTCGGACATGGAGACCTGCTACAAAGCGTTCCGGCGCGAGGTCATCCAGAATCTGAAGCTCGAATCCTGCCGGTTCGGCATCGAAGTGGAACTGACCGCGAAGCTCGCCCGGTCGCGGCGGCTGCGTATCTGGGAGGTGCCGATCTCCTACAATCCGCGCCGTTTCGACGAAGGCAAGAAAATCGGCTGGAAGGATGGCGTGGCGGCGCTCTGCCACATCGTGCGGTTCAACCTGTTCAGCAGCGACGAGGCCAGTTTCGTCCGCCCGTGGGACGAAGTGCTCGGAAACAACCGATAAGGTGAGACACGTGAAGCGGGAAGAGGAGCTGCTGCAGAAAATCGCCCGCCTCGAGCAGCAGCTGTCAGAAGAAAGGGAGCGAAACGCCGCTCTAGAACGAACGCTGGCCGCCGAGCGCGAGGCGGCGCTCGACCAGCGCTTCGCCATAGTCGAAAACAATTTGAAGCTGCTTGAACTCAAGGAGTCGCTGGAGAGCGAGCAGGAAAAATCCGCGAAGCTGCTGCGCAATATCCTGCCGGAACGGGTCATCGGTGAACTGCAAACCGTCGGGAGCAGCAAACCCGAGTTGTTCGAGCACGTCACGGTGCTCTTTTCCGACATCGTTGACTTCACGGGCGGAAGTGCGAGACTCGCCCCGGAAGAGGTGCTGTTCGAATTGTCCGATATTTTCACAGGTTTCGACCACATTTTTGCGAATCACGGCTGCGAGCGGATCAAAACCATCGGAGACGCCTATCTCTGCGTCTCCGGCCTGCCGGAAGCCGCTCCCGGGCATTGCGGCAACATTCTCGGGGGAGCCTGCGAAGCGATCGGATTCCTCCGGGAGCGCAACCGGAATCATCCCCATGAGTGGCGCATGCGGTTCGGCGTGCATACCGGCCGCGTCGTCGGCGGCATTGTCGGCATTGAAAAATATATCTACGACATCTTCGGCGACACGGTCAACACCGCGGCGCGAATGGAACAGTTATCGGAGCCGATGTGCATCAATGTCTCCGAAGAGGTCCGCAAAGCGGCACCGCCGAACTGCTGTTTTCTCGAGCGGCCCCCCTGTGAAGTCAAGGGAAAAGGCGTCATGCGGATGTATTTTCTCGACCAGACCCGTACTCAGTGGTAAATCACGATAGCCGCGGCGTAATCGCAGCCGGGCGCGATATTCGCACCGTGCGGCAGCCGTGCATCGAGATAGATCGTATCGCCCTTTTTCATGCGGCGCGCGTTCTCGGGGCTGCCGACCGCATAATCGAGCTCCCCTTCCAGCACGATGAAAAACTCCTGGCTGTCGTGCTGCAGCAGTTCCCGTTTTTTGTCGCACGGGCGGTATTCGATGAAAAACGGATTCATGGTCCGGTCGGTTTTTTCGAATGCCAGGGCGAAATAATGGATACCGTATTCGAGTCCCTGATTCCGGTCGATCTGCTCCCCTTCGTTCAGATGGCCGAACACATATTCGGGGCTTGCGTTTTCGCGTCGGAACAGCTCGATCATATCCACGCCGAGCGCGGCCGCCACCAGATTCAGCGCCCGCAGTGAAGCGCCGGTCCGGAAATTTTCAAGCCGTGAAATATACCCTTTGGAAAGTCCGCTCCGGGCGGCAAGCTGGTCGATGGTCAGCTGCTGCTGTTGTCTCAGCTGGCGGATTTTATGCGCGACATTGACGAGATCCATACTGTATCCTTGCGGTTTTGATCATACATCCGGTTTACAATAGTGTTTCATTCGCTGCAAGTCAAGATTCCGCGACGTAAATTCTCCAAGAAATCATCGATAAATCCACCGGCCGCACCTCGTGAATCCTCTCAGCCGCCCTTCCCTGCCACGGTCCGCATCGGAACGAACCGATACTCAAACGCGATATCGGCCGGCAGCAGAAATCCGCCTCCCCCGGCCCAGCTTCCGTGACACGGATCAAGCGGCAGTCACGATCACATCGCCGTTCGATGGTTCCGACAGAATGTGGCGGTGCTCGCCTCGATTTACATTGATGATGCCCAACAATAAAAGCAGTTTGCACTCCATAAAGAGATCTTGATCCTAGAGTTTCACGGCGTCGAAATAACCAAATCCCAACGTGCGGCGCCCGGGCTTCCGTTTATGGTGTCGCGAAAATCAGCACGGAGTCGCGCAGGTTCGATCCAAATGTCCATAGGACTAAAAAAGTAAAAAATGAGTCCGATTACGGGCAAATTACGGCTTGCATTCTCTGCAATACGGGATATATTAAGAAATAACAAATCGGGATATAGCGCAGTCTGGTCTAGCGCGTTTGACTGGGGGTCAAAAGGTCGAGAGTTCAAATCTCTCTATCCCGACCATTTTTTTGCCGAAATTCCGGGAATCTGAGCTCAAACTCAGGTTCCCGGTCTTTTTTACCCACTGTTGCCGATTCTCTCCCAAAGTGGCCGATTCGAGGCGAGAATGCCACATTTCTGCCACATTTTTTTGATTCGTTCTTGGGTTGGCGTGCCCGACTGTCTGTTGTCAAAAAAAATTGAAAAATCTTTCGCGGTGTTTCCCGGTT
CP027227.1_gap9	748282	749463	1181	TCCGAATCCGCGGCCTCCGGCAATGTTGGTCGGGTTTCTGATCAGTTCTCCAGAATCAGCAGCCTATATCAAAGATTGGAGCTGTTTCTCCCTCTATGACTGGTTGCTCATGCTGCGAAACAGTTGCGATTTCGAACCTCATTGTAACTGCTGGGAACGCTTTCCAGTTTCCTACTGGTGGAACTTGTTGTTCCATCAGCCGGACTACATCGAGCGATGCCCGGTCATTAACCAATTCTCGGAAGAAGACTGGCAATTGCTCTGCCGAAAGCATCCGCTATTGAAGAAATATCGTCCTTGAACTACGTGTAAGGAAGCGTATTGCCCTCGTTGGCAATACGCTTCCCGCTTACTTAAAGTGAGCGATTCGAGAACCGTTTCTCCCTCGATTTTCATGTCTGAATCGATGCCCCTGTACAGTGATACAGGGAGCCATTGAAACGGCGTAAAACGATCAGAAATCTGTGGAAATAGCGGGAGATTTTTGCCCTTATTCCGACAAGTAGGAAACAAGGACTTGAAAATGGAATCCTTTGCGATATGTTAACCAATTCAAAACGGGGCAGCAGCTTGAAGTATCCAGAAACATCCAAAACCTTATTGGAAAAGATGACCGGGGGAGATGAAGTCTCCTGGGAGGAGTTTTTTGCCCGTTATTCGGAAATCATTATTTCGCTCGGCCGCCTGAAAGGATTGACTGACACCGAATGTGACGACTTGCTCCAGGAGGTCATGTTCCGCTTCTTTCAGAACTCCAAAACCTTCGTGTTCGATCCGGGAATTGCCCGGTTCCGTACCTATTTCGGCAGGATCATTCATGGTAAAATCATCGATATTCTGCGGAAGCGTCCTCCAGTAAGCCAACCAGTGGAGACTCTTCCGGAAGATCCCGCAGATGCGGATGACGGCCCGGACGACATCTTGAATACCGCGTTATTGTACGAATGGCGCGCGTTGATCCTGCATGACGCCATGGAACTTCTCCGAAAGGAAGTGGAGCCGATTACCTACTGCACCTTTGAACTCTACATGGTGCAGGAAATGCCGATCGATCAGGTCATCAGTCAACTCGGAATCACGAAGAATCAGGTTTATATCGCCCGTACCCGCTGCGTTCAGAAATTGAAGCGCATTATCGCTGAAATCAACGCCGCCGATCCGACTTTGGAGCTGCCGGAAAA
CP027227.1_gap10	903434	905712	2278	TTGAAACTGCTGCCGGTTTCGCCGGTGAGCCGCCGGGTTCCGGTGGACGCGCGCTATGCGTTCCGCGGCACAGCTCCGGCGGAACTTCGGCTGACGCTGGCCGGACGGGAGGTCATGCGGCGGAAGCCCGGCGAACCGAATGCGGCGGGGTGGAACTCCGGAGTACGGAAGCTCGACCTGAACCGGCTCTCCGGCCGGGCGGAAGTGAAGTTCGAACTGCTGGACGAACGCGGCGGGGTCATCGCCGATGCGGTTCAAGTGCTCGAAATCGTGGATGCCGAATCGCGCTCCACCGGCCGGATCGACGGCGCCTGGTGCGGGCTGTACCACTGGAGCGAGGAAGAAGGCCGGCTCTGGAACGCGGAGCTGAAACGGTTCACCGCCGCCGACTGGCGGGAGCTGGTCCGCTCGATGCACGGCATCGGAATGGACGTGATCGTCCTGCAGGAACTGTTCCGCAATCAGGAGTATTACGGCAGACACCGGATTCCGGAAACGGGATACCGCGGAAGGGCGTTCTATCCGTCGGAGCTGTTTCCGGGCCGGATGGAGATCGGCTGCGGCGATCCGGTCGAAGCGGTCCTCTCCGCCGCCGATGAACTGGGAATGTCGGTATTTCCGGGGATCGGAATGTACGCCTGGTTTGATTTCACACCGGAGTCGCTCGACTGGCACTGCCGGGCGGCGCGCGAGGTGTGGAAGCGGTACGGACATCACCGTTCCTTCTACGGCTGGTACATCTCCGAGGAGGTGTTCGGCGACCTGAACCGGGGGACAAAGACGCCGGAGGAGATCGTCGCCTTTTTCCGCGGATTCGGCAAACTGCGCGACGAGCTCGATCCCACGCTGCCGGTCATGCTCGCGCCGAACTGCTTCGGCGTCACCTCCGCGCTCGGCAGCTGGAAGCTGCTGGCGCGCGAGCTCGATATCCTGTGTCCGTTCGGCTTCAACCGGATGCCGGAGGAGGACCTCGCGCCGGAACAGGCGATCGCTCTCATGCAGTCGATCGCCGACGAAGGCGGCGCACACCTGTGGCTGGATATGGAAATCTTTCTCTTCAAAGATGACATGGCGCTTTATCCGCGCCCGGCCGATGAAATCTTTCATGAGCTGGAAAACTGCCGGAGCTTTGAAAAAGTGCTCTGCTACCAGTTCCCCGGCCTGTTGAACGCCCCCGGCTCCCGGCTGACGCCCGGCGGCCCGGAAACGGTGAAACTCTACTGCGATTACCGGAGGAGAATCCATGCTGACTGAAAAGCTTCTGGCGATCGACCCGATCATCATCGGCATCTATCTGGCCGTCTCCCTGCTGCTCGGAATTTTCGGCAGCAGGCTGCTCGGAATGAACAACTCCAAAGAAGAGGACTATTATCTTGCCGGACGGAAAATGCCCGGCTGGCTGAACGGCATGAGCGTGGCGGCGACCGCGCTGAACAGCGATGTCGCGCCGCTCTACTGCGGCATCGCGGTGGTGACCGGACTCTCCGGCTGCTGGTTTTTCCTGTCCCGCTTCGGAATGGCGCTGCTGCTGGCGGCAATCCTCTTTGCGGTGCGCTGGCGTCAGATGGGGATCAGGACCGGTCCGGAATTCTTCCATCTCCGCTTCGGAGCGGGCAATCGATTCGCCCGGGTCTATTCGTCGCTGACCTCGGTGCTGATCGGCATGGTACCGTGGATCGGCGCGGGACTGATCGGCATCCACCTGGTCGCCGCCCCGATCTTCGGGATCGACAGCAAGGCGGTCACGCTGCTGATCGTGCTGCCGCTGCTGACCGTCTACGTGTGGACCAGCGGCCTTGCGGGCGTGCTGCTGACCGACGCGCTGCAGGGCTTCGTGATCCTCGCAGCCAACCTGGTCATGGTCGGCGCGGTGCTCTGGGTGTTCGGCGGCCCCTCCGGGCTGGCGGAGGCGGTGATGAGTGCGGCCGGACCGGAAAACGGCGCGGCGATTCTGTCAGTTCTGCCTCAGGCGGATAATCCGGTACTGAGCCCGCTGAGCATTTTCGCCTGGATGGTGATCGTATCGGTCGGAGCGGGAAGCGCGGTCGGCGCGGACGGCCAGCGGCTGTTCTCCTGCCGCAGCAGCCATGAAGCGGCGAAGGTCGGCATCTGGGGCGAAGTGATCCTGTTCGCCATGCTGCTGATGCTGATGCTGCCCGCGATGGGGCTGCTGGCGCGCCACCCGGAATTCTACACGGCAACCCCGACCGAGCGAGAATTCGCATACGGCAGAATGCTCTCCGAATTCCTGCCGAAAGGCGGTGTCGGCCTGACGGTC
CP027227.1_gap11	907964	909904	1940	CGGCGCCGGCACGGGAATTTCACGATACGCCGGAGGCGCGCCGGGAACGGCGGGAGAAGCTGCTGCACGGCCGCACCGTCCAGATCGACACCGCCTTCCCGTACTATCACAACCGCTCCAATGAAAGCATCGCCTCCGAGCTGCGGGTCAACGGTTTCGACGGCGTCTACTACTATACCGGCACGGATACCGGGCTCCGCCCCGGGCTGGTCGGCGAGATGCAGCGCCAGAAACTCGGCGTCGGACTGATGACCCTGCCGAGCCTGGTCTACTGGAGCGAGGCGCAGCTGGCGGAGCGGCTGCCGGCGGGCTGGCGCGACTGGCTGATCGAATTTACCGGCAGCGGGATGGACATCTACCGCTTCATCGGCTTCGTGTACCCCGAATACAATGCGTGGTACAAAAACTACCTGAACGGAATGCTGCTGCGCCATCGGTTCGACGCCTTCACCTTCGCGGAAATCATGTATCCGATCTACGACGGACCGGAGAAGAATCCGCCGTTCTACGGCGACGTCAGCCCCGGTTTCCAGGCGGCGTTCAAACGGGCGACCGGCAGCGAAACGTTCCCGAACTTCACCGATCCGGCCGATCCGGATTATTTCAGGACCAACACCGGACTCTACCGGCAGCTGGTCGAATACCGGGTCAGAACCATCGACGACTTCTACGACGACATCATCAACGGCCCCGGCGGGGCGCGCGAAGCGGCGCCGGGGATTCTTTTCGCGACCTGGACGCTCGGGATCAACATTCCGGACGGCGTGGCGAAGCTGCGCGAATGGGAGGGCAACGACATCGTCGCGATGATCCGGCGCGTGAAGCCCGACCTGCACTTCATCCAGACCCACGCGCCCGACTGGGCGAATCCGGCGTTGCCGGGGGATTACCCGCTGGCCTACCAGCCGTTTTTCGACGCGGTGCGCACGGCGAATCCCGACGTGAAAATCGGAATGCAGGCAGACCTCGGTTCGCTCGGCCCCTCCCGCCGCGACCCGGCGTGGCAGAAGCAGTTCTACGACGCATGCCGGAAGGCCGGGGTGGACACCACCACCTATTACGAATTCGGCCTGCGCTGGGAAATCTATTCACAGCCGCCCCGCCTCTGCGAAATCCGCCGCGACGGCGATACGCTCCTGCTTGTTTTCGACCAGCGGCTCAACGCGGAATCCGCAATGCTGATGAAAGGGCGGGAGCTCAGGGGGAAAGACCGTTCCTACCGAATCGCGGAATGCCGCTGGGACGGGAATCTGCTGCGGCTGAAGCCCGATGCGCTTCCGGCGGCCGGCGAGGAACTGACCGTTCCGGTCGGCGGCGTGGCGGACGACCCGGCGGTACGCTTCCCGGCCTCCAACCTGGAGCCGATGCCGCGGGGACCGGTCAACACGATCCCCTCCGGAACCGAAACGACACTGCCGGTTCTCGGGAGTTTTTCCGGCAATCCGGCGCGCTGACCGGGTTTTCTCCCCTTCCCCGGATGAAAACACGGAATCGCGGCCGGAACGGACTTGCATTTTCCGTCCGGCCGGATTACATTGCCCGGCAGCAACAGAGGAGGCGACAGCGATGACGATTCCGGTCAGACAACTGAAAAACGGCTTTGCCATGCCGCTGCTCGGCATGGGCAGCTGGATGCTCGGCGGAGGCGCGGAGCGCGACCCCGCCTCGGACGGGGAAAAAGAGGCGGCAGCCCTGCGCTCGGGGCTTGAACTCGGTTTCCGCCATATCGATACGGCGGAGATGTATGCAGGGGGATTTTCGGAGGAGATCGTCGGGCGCGCGATCCGCGGCTGGAAACGCAGCGATCTCTTCCTGACATCGAAGGTCTGGAAAACCCATCTGGCCTACGACGAGGTGCTCCGCGCCTGCGAGCGTTCGCTCAGGCGGCTCGGCACCGACTACCTGGACCTCTACCTGATCCATCAGGTCGACGACGCATA
CP027227.1_gap12	913032	914572	1540	GCTCCGCCCAGCTCCTGTACGCCGGGGAATCCGGCGACCGGTTCATTCCGCTGCATTACGCCGAGTCCGGCGGCAACGAAATGCGCTGGTACAGCACGATCATGACCTATGTCGGGCGCACCGGAAACGCGAGCGAACGCGAGGACATGTCCAAGAAGGTCGCGACCGTGCTGACCTGCGGCGCCTCCCTCGCCCGGATGCCGGACGCGGCCGTCAAACGGACCTTCGGCATGAACAACTACATCGGGAACTACGCCAAGCCGAACAACCCGAACATCCTCTGGAAGCTCAGCCGGGCGAGCCGTCCGTCCGACACGATGATTTTCGGCGAAGCGCAGACCATCCCGGCCTACAAATCGTTCCAGTACCTGCTCTGCGACAAGGACAACATGCCGGCCAACAGCCCGCTCTTTCCGCACGGCGGCCGCACGAACCTCGCGTTCGTCGACGGCCATGCCGCCGGACGGACCGAAGCAGAAGTTCCGACTCAGCTCCACGGCGCCGAAGAGGCGAAAAACCGCGTGTTCTGGCAGGGGAAACCGTCGCTTTGAACGATGCGGAAACTTCCGCCGTCTCTTGACTTTCCGAATTTGAAATGGTATATTCCGAAATCTTTCATGACAGACGGGAAAGGCGGGATATGGCGGCAGGGAGCATCGAACGGCAGCTGGCGAAGCTGCTCCAATCGCGGGCGCAGCTTTTCGCGCTGCTCTTTTTTCTCTTCGCGCTTCTGAACATCTCCACGCTGGCCAATCCGCCTTACTGGGATGAAATTCTCGGACTCCACAATCAGGCGATCTATCTGGCGCGGAGCAACTTCAACCTGCCGCAGCTTTACCGGGCGCAGGAACAGTTCCGCAACGGCGGCTCCTGCGTCTACCCGTTCGGCATCATGCCGTTCGTCTACGGAGCGCTCTATTCCCTCCTGCCGCCGGTCGCGGTCCATATCGCCGGGCATCTGATCAACCTCGCGTCGCTGGCCGCAGCCGGGATGCTGTTCCTGCGGCTGGTGCGGAAGTTCTGTTCGCCCGGACTCACGCTTCTCTGGGGAATCGCCGCCTTTTCCGAACCGATCCTGAGCGGGCGCATGGCCGCACAGGGGCAGGAGGCCGCGCTCGCGCTCGGAATCATGCTGAGCCTGTCGCTTTTCTTCAACCGGCGCGAAAAAGCGGCGCTGGCGGCCGCATTCGCCGCATGCCTGATCAAAACCACCGGCATCGTCCTCCTGTGCGCCTACGCCGTCTGGTTTCTGTACGCGGCGGCGGCCGGGCCGGTGCAGGAAAGGCGAAAAAAACTGCTGGCCGCCCTCGCCTCCGGGACCGGAGCCGTCCTTTTCTACTCCTCCGCCGCCCTGCTCGCCACCCAGGATTATCCTGAAAAATCCGGCGTGTTTCATCTCGGCATCGCCCTGCTGCGCTACCACCTCGTGCATTTCTACCCGTGGGTGGCCCTGAAGCTGGCGGCGGCGCTGCTGCTGTTCGCGTACCTGTTTTTCCGGCGAAGGCTCCCGAGCGCGTGCCGGATGGCGATCCTGCCGGTC
CP027227.1_gap13	938388	941728	3340	GAGGCGTAATCGAACGGCAGCTGCTGGTTTGAAATCAGCGCCGGGCGCCGGACGCCGGATGCCAGCAGCGTATCGCAGGAACGGCGCAGGAAATCGGCGAAATCCACCCATACGGTGTTCACTCCCGGCACCTCGTCGCGGGTCACAGCCACGCAGGGGAGACCGGCTTCCAGAAAAGGAGCGACCATATAATCGGCCGGAAGCATCGGAAAGATCACGCCGGCCAGCCGCCCGCTGCAGCCGTCCCCGACCAGGCGCCGGAAATCTTCACACTCCAGATTCCCCTGCCCGATATAATAGAACTCGAACCGCAGCCGGAGCTGCTCCTCGAACTGCCGCTTCCGCGCTCCAAGGATCGTCCAGAGCTCGTCCCATCCCGAATGGGTATCGGGGTCCGCGGGATAGACCACGGCGAACGTGCTCAGGTTCGGCGGCATCGCCGACACGAAGGTGCCGCGTTTCCCTTCGGAGACGATGAACCCTTCGTTCATCAGTTCGTCCATCGCCTTCTGCAGCGTCATGACGGTCGTGCCGTACTCCCTGACCAGCTCGCTGCGGGTCGGAAGCCGGGACCCCGGCGCCCATTTCCGGCTTCGGATCTGTTCCCGGATGAAATGTGAGATTTCCTGATATTTGGCGAGCATTTTTCAAAACCTGCTTTCCTGCTTTATTTCATATATCATATTATGATATTCTATTCCACAAAAAGCAATCCTGGAATATAAAAAAGCGATGAAAAAATGAAAGATCTTCCAGGGGACCCCGCCGTTTCCCGGCAGGAAGCGGCCGAAATCGTCCCGGGTACTTGATTTTCCGGAAAATCCGTATATAAGTAGTGGTAACGGTTCGCGCAATGCGATTGTTCTTTGCCGTAACAAAAACAACGAAAGGAACAAAACATGTCGACCAGAGAAAAGCTGAACAAAAGGATCGCCAGACTGGTACGGGAAGAAATTGCGGAAGCACTTCATGCCGCCTCGGAGAGAGTCACCGCGGCCAGAAAAAGCTGCGGCGCACGAAATCAGCAAACCGGAAATGCCGTCTCCGTTTCGGGAGAATAGCGCATCCCCCATCAATAAGGAATTCGGAACCGGCCCTTTTCGCAGGGCCGGTTTTTTTTATCGGCGGACGCCCGGCGCGACGGTGCCTGAATCCGGTGCGCCCCCGGTGAACAGGACACCGCGAACCATCACGTTCCCGGCCGGACTTCGGGTTCTGACTTGCAAATGAGCGCAAAACAAAGTATTTTATAAGACTGCAACGAAGGAACCGGGATCATGAAAAAAGCAAACGTATATTTCACCAATATGAGAGTCAGGCCGGAAGGCAGGAATCTTCAGCAGAAGCTGGCGTTCCTGATCAAACGGGCCGGAATGGACGAAATCGATTTCAAGGATCGTTTCGCCGCAATCAAAATTCATTTCGGCGAAGCCGGCAACCTGTCGTTCCTGCGGCCGAACTTCGCCCGCACCGTCGCCGATGAGATCAAGGCGCGCGGCGGCAAACCGTTCCTGACCGACTGCAATACGCTTTACGTCGGTTCGCGCAAGCATGCGCTGGAACATATCGAGACTGCTTACATCAGTCGATCATGCAAAAGTATCCAACCACTTGATTATCAATAGAAAAATTTGATAATTGATGGTATATTATTGCAAGGTAAGGTACTTTTAAGGAAAGAAATCTTGCAAAATGATGACAAAAAGTAAAGATACGACAATGGTTCAGAGCCATTTATTCAAGCCGTTGCTTCGAGATATTGTTTCACCTCGCCATGCGATGGTGAAGCTTGCGGATGCGATTGATTGGAAGAGCTTCGAAGATGGTTTGCAGGAATATTTTTGCGCAGATAACGGACGTCCATCGTGTCCGGTTCGCCTGATGGTTGCGCTGCATTATCTCAAATACGCCAGCGGAATGAGCGATGAAGCCGTTCTTGACGAGTGGCTTGAAAATCCTTACTGGCAATACTTTACCGGCGGGATTTATTTTGAGCATGAATATCCGACGGATCAATCGACAATGTCACGCTGGCGCAAGAGATTGTCAAAAAGCGGAGCCGAGCAGATGCTGGAAGAAAGCTTAAAAACAGGCTTGCGTGAAGGTTTTATCAAGAAAACGGAACTGAATCGGGTCAATGTGGACAGCACGGTTCAGGAAAAAGCGGTGCGTTATCCGACTGACGCCCGGCTTTATGACCGAATGCGGGAACGTCTGGTAAAATCAGCTCGCAAAAATGGAGTTGAATTGCGCCAGACTTACGAGCGAGTCGGCAAAAAAGTATTGCGCAGTCAGAGCGGATATGCGAAAGCCAATCAATTCAAACGGGCAAGAAAATCGACCAGACAGTTGAAAACCTTTCTAGGTCGTGTTGTTCGGGATATTGAGCGAAAAATCACCACTCCTGACACCGAATTGCAACATCTGCTTGAACTTGGCAAGCGACTTCTGACGCAGAAACGAACAGATAAACAAAAGTTGTATTCAATTCATGAACCACAGATCGAATGCATCAGCAAAGGCAAGGCGCATAAGAAATTTGAGTTCGGAACAAAAGTGGGTTTGGTGACAAGCTCCAGGAGTAACTGGATTGTCGGGGCGGAAGCATACCCCGGTAATCCTTATGATGGGCATACCTTGAAATCCGCATTGGCACAAACCTCAAAAATTCTTGGGTTTGAACCGGAAATGGCGATTTGTGACTTAGGGTATCGCGGTAACAATTACGAAGGTAAATGCAATATTCAAATCGTCAACCGTTTCCGGAGACGAGTATCGCGGTCACTTTCCCGCTGGTGGAATCGGCGTTCCGCGATTGAACCGGTGATTGGACATTGTAAAAGTGAGCATCGGATGGATCGCAACCAGCTACGAGGAAAATCAGGTGACGAATTGAATGTGATCTTCGCTGCCGCCGGATTCAACTTTCGGAAACTGTTACGGGCGTTCGCCCTATTTGTGTATCCATTTTTTAGGCTCGTATTTTCCCTATTGGGTAAATACTCCTTGAAAAGGTTTGGGAAAGAAGGAGCGCGAAAAGAAAAGAACCTTCCCTTAAAAGGCTTTTCCTACTCACATCCAGCTTTTGCATAATCGACTACATCAATGGATTCACCCCCTATTCGACGGGATGCCACATCATCATCGGCGACGGGCTCAAGGGAACCGACGACATCGCGGTGCCCGTTCCGAACGGCGAATTCGTACGCGAAGCGAAGATCGGACGGGCCGTCATGGACGCCGACATCTTCATCTCGCTGAATCACTTCAAGGGACACGAAATGACCGGCTTCGGGGGCGCCATCAAAAACATCGGCATGGGCTGCGGCTCCCGCGCCGG
CP027227.1_gap14	947649	950962	3313	CGATCAGCCGGAGATTCTTGCGGAACACCGTATCGAGCGAAATCTCCGAACGGGCGCCGCCGAGCGCCGCAATCTGAATCCAGCGTCCGCGCATCGCCATTTTCGTGAAAAGCGCCCCGAACTCCGAGCCGCCGACGCAGTCGAGCACAATGTCGGGCGGGTTCGCATCGAGCGCCGCACCGAGGTCGTCCGTCCGGTGATTCACGACGACATCGGCCCCGAGCGCACGGACGAAAGCGGCCTTCTCCGGCGTGCCGACCGTAGTGACGACTTGGCATCCGGCGCACTTCGCAAGCTGGATCGCGGCGATGCCGAGCCCGCTCGCCCCGGCCTGAACGAACACCGTATCCCCGGCCTTCATCCCGGCTTCAATCACGAAATTAAGATAGGAGGTCGCAAACACTTCGGGGACGGCCGCCGCCTCTTCCATCGAGAGCCCGTCCGGAGCCGGCAGAACCATCCCCTCCGGAACGGCGATCTTTTCGGCATACCCTCCCCCGCCGAGCAGCGCGCAGACCCGGTCGCCGGGCCTGAAGCGCGAGGAATCCGGCGGCTCAAGCACAATCCCGGCGACCTCGAGCCCGGGCCACTCCGGCCAGCCCGGAGGCGGCGGATAATTGCCGTCGCACTGCATCAGGTCGGCGCGGTTCACGGCGGCGGCATGGACCTCGATCAGAACTTCCCCCTCCCTGCGGACAGGGTCCGGGACAACGGTTTTCGCCAGGCGGCCGCCGGCGTCAATCAGCATCGCATTCATAAAAACTCACTCCTTTTCAATATAGCAGGCTCCGCCGCAGGCGCGGCCGCCGTCAATCAGATAGTTGCTGCCGGTGATGAAGGCGGCCTTCTCCGAACAGAGGTAGAGGATCAGATCCACCACCTCGGCCGGCTCGGCGGCGCGCTTCAGCAAAGTCGCCATGCCGGCCATCGCCGGGCGGGTCAGGACCGGGCCGGGCGACACGCAGCAGGCGCGGATATTGTACGGCGCGCCGAGAATCGCCAGCGACTTCGTCAGCCCGATCATGCCCGCCTTGGCCGCGCCGTAGACGACGGCCCCGCCGGTCACCCCGTCGATCGAACCGAGGTTGATGATGACGCCGCCCTTCTGCTCCGCCATCGTGTTGAACACGGCGCGGCAGAACCAGATCGGCCCCTTGAAATTGACGTCGGCCCCCCACTCGAGGACCTCGACCGGCAGATCCTTGAAACTCTCGGAACGGCCGAAGATCCGCCCGCAGTAACCGCCCGCGCAGTTGATGAGGATATCGATCCGCCCGCAGCTCTCCACCGTGAACTTCGCGGCGGCCTCAACCTCCTCGTAACGGCGGACATCCACTTTGACGGCGAAGGCTTTTCCGCCGTTCCGGCGGATCTCCTCCGCCGCGGCTTCGACCCGCTCGGCGTTCACGTCGCAGAGCACGACGCTCGCGCCGCCTTCGGCCAGCTTCCGGGCGGAAAGCAGCCCCATCCCCGAAGCGGCGCCGGTCACAATCGCGGTTTTTCCTTTAAACTCCATATTTCCAGCACTTTCCATTTTCCGATCATTCATTCCATGAAGCGTTTTTCGGACCGACCACCCGGCCGCCGTCCACCATATAATTGCAGCCGGTGATGTAATCCGCTTCGGGAGAGGCCAGAAAAGCGATCACCCCGGCAACATCTTCCCCGGTGCCGGAGCGTTCCAGCCAGGTTCCCCGGTTCTCCTGCGGCTTTCCCCCCCGGATCATGCCCGGCGAGACGCAGTTGACGGTGACTCCGTACGCCCCGGCCTCCATTGCAATCGTCTTGCTGAAGGCGATTACGCCGCCTTTGGAGGCTGCGTAATCCGCCCACCCCGGCAGCCCGGAGACGCCGGCGATCGAGCCGAGATTGATGATTTTGCCGTATCTGCGCGCGATCATTCCGCCGAGCACCCGGCGGCAGCAGCGGATGACGCCGCCGAGGTTCACATCGAGAATCCGGCTCCAGAGCTCCTCTTCCACCAGCTGGAACGGGTCGGAGCTTTTCCGGACGAAACCGGCGTTGTTCACCAGAATATCGACAGGGCCGAGTCCGGCCTCCACTGCGGCGAACGCAGAATCGATCTGCGCCGCATCGGTCACGTCGAGCGCGAACGCCCGGACCTCCCCACCCGATGCAGCCGCTTCATCCGCAACCGCCCGCGCCGTTTCAAGCGAACGGTCGGTTGCTGCCACGACCGCTCCCTCCGCCGCAAGGCGGCGCACGATCGCGGGGCCGATGACCCCGCTCGAACCGGTGACGAGGGCGACCTTTCCGATCAGACGTTTTTCCATGGGCGGCTCCTTTCGTTATTTCAGGTCGTTGATGTTCCAGCGCATATTTTCAAGAACGGTCTTCAAGGCGCGGACCGTCGGCTGGCCCATGCCGTATCGCGGTTCGTAGTGCGACACTGCGAACAGGACCGAAACGCCGAGCGCCGGCCCCATGAAACGGTGCGGGCGGCTGTAAGCGCCGTTGCAGAGGTGGATGAACGGTGTCCTGAGCTCCCGTTTCAGCATCAGCGTCGTGCGGAACGCCTCGGCCAGTTCCTCATCGGTGTTGACGGCGGTCACGATCTTCACGATATCCGCGCCGCGCGATTCGACTTCACGCAGGTGCTCCAGCACCTGTTCCGCCGTCCGCGAACACTGCATATGGGATGAAATAACCACGTCGGCGCCTTTGGCGTGAATCCGGTCGATCAGCCGCTTCTGTCTGTCGACGGCGGCCGGATTGCGGGTGAGCTCCATCGGCGACGGGTCGTAAAGGTCGCCCATCACGTCGATGACCGAGGCTCCGGCATCGGCGGCGGCGAGCAGCACCTCCTGCCGTGCGTCGTCGTCCAGATTCTGCTGCGTATCGTTGCGGTAAAAGACGAACATGAACGGCAGGTTCACCGCGTCGACAACGCTTTTCAGCGATTCGGCGTTGCGGTATTCGGCCTTCAGGTCGCGCAGCTCGACGGCAATGCCGTCCGCGCCCTCGAATTCGCAGTTCCGCGCTTCGGCGATCAGCTCCGCCGGAGTCTGCCCGCAGAAAATTCCGGTGACGACCGGATGGGACTGATTCAGAAAGGTTCGTTTCATGTCATTCATCTCCGTGATTGATATTGCATGCAGCCGGAGGCGGCGAGCAGCACCTCTTCGACAAGCGTGTCGTGCCGCCGGTCGCAGGGATTCGGAATCTCCCCGGAAACCATCCGGGCCAGCTCGAGAAGCTGCGTTTCATAGCGGTCGCGCACGGGACCGAATGAAAGCGTATGGGCGCCGGAAGCGAACGTGTCATTGCCTTCCGCCAGAAACAGCTTCATCTC
CP027227.1_gap15	958984	960882	1898	GCTCTACCCGTACCGCCTGATCGAACGAGAAACCATCCAAACCATTCATCAATAAGGAGATTCCATTTATGAAAAAAAGCTTCACCCTGATCGAGCTCCTCGTCGTCATCGCGATCATCGCAATCCTAGCCGCCATGCTGCTGCCGGCGCTTCAGCAGGCGCGTGAATCCGCCCGGCGCATCCAATGCACGAACAATCAGGCTCAGGTCATGAAGGCCCAGCTCTTCTACGCCGACGACAATACCGGCTTCCTCTTCAGCATAGCCGGGGAAATCTGGTCGAAACGGCTCTGCGAACTCAAATACCTGCAGGACTTCCGGCAGGTCGCCTGCCCGTCGAATCAGGACCCCGCCAGCGATGCTTTCCGCCGGTATTACTGGGAGGGCGGCTGGAATTCCTACGGATTCTACCACGCCGCCGACCATTCGCAGGGGGCTTATTTCGGCGACAACGACTATCAGGACAACTTCGAGAACAAACGCGAAATCATGGGACGCATCTTCTTTTACAAGAATATCGGCGGCAAGGAGTATTACCTCTACTCGCAGAACCGGTTCAAGCAGCCTGCCGCCACGCCGATGCTGGTCGATTCGGTCAAGTCGTCGGCCGGAAAGACCGGCGCGCCGTTCTCGCTCTGGGGAGCCCGCGAGGCGCTCGACAACGGCGCGATCCACGCCATCCACAACGAACAGGCCAACGCCGGATTCGCCGACGGACACGTTGCGGCACAGCAGCCGGCCGCCTTGCGCGACAGCGCGCAGCGGATTCGTTTCCACTTCACCAAAAACGGCGCGCCGAAGAGTCTCTGAACATGCATAAGTTTTTGACCATACCACTGTTGACCGTTCTCGCCGGAGCTGCCGCAGGAGCAGGAATCGTACAGAACGGTTCGTTCGAAGAGCTTGATTCGAAGGGATTCCCGAAGCATTGGCAGTTCTCCCGCAAGAACACCGAACGCGCCGAATCGCGCGTCACGCTGAACTGCACGGACTCGCCCGGCGCGCCGGACGGCAGGCGCGCGGTCGAGTTCCGCAACCCGGTTTCGATCGTCAACGACGTCTACGGTTCCCTCTTCCAGGATGTCAAAGTCGAGCCCGGCAAACGCTACCGGCTCAATTTCTACCTGAAAGGCAGCGGCGTCAGCCAGTTCCAGCTGATCATGGGCAAAAACTGGGGCGTGCGCTGGATCGTGCCGACCGGAAGCATCCGTCCGGACGAGTGGAAGCTCTTTTCCCGAGAGTTCACCGCGGAAGCGAAACACGTCGGCCCGGACGGAACATGGATGCTCCGCTTCAACATCGAAGGAATGGCGCGGCTCGGCATGATCGACCGGGTGTCGCTCGTCCCGCTCGAAGGGGAAGTCGAGGAGGGGGAAACGGCAGCCGCACCCGCCGCCGTCATCACCCGCATGCCGGCGACCGACAATATCGACACCTTCGCGGCGGATATCGTCTTTTCGGGGCTCGAACGTCCCGAGACGTGGGAGGCCGTGCTGACCGTCGCCGATTCCGCCGGAAAAAGCATCGAATTCCCGCTCCGGGGACTCCGTCCGATTGCGGCCGGCAACCGTTTGCTGCTCAACGTGATTCTCCCGCTCGACATCGCGCCGGGCCCCTGCTCGGCGGCGGTGAAGGTCGACGGCAGGACGCTCGGAAAAACGGAGTTCGTCAAACAGCCGTCGCGCGGGCCGGCGGAGGTCGCGGAGCAAGCCGGGCGCCTGACCCGCGCGGCCGAACGGTTCGCCGGACTCGAAACGCGTCTCGCCCGGGCAGCGGAGGGAAGGCCGGAATCGGGCAGCCTCGCGCTTTATGAAAAAGTCATTCCGCAGCAGATCGCCTTGCAGCAGAAGGATATCGCCCGCCGGTTCGGATCCACGCCGGAACGTGACTACTACCTCG
CP027227.1_gap16	965940	970902	4962	ATCGGCATACGGGGATACTCCTCCAACGGCACCACAGGTTCGTCGCCCGCCTGAAAATGCGCATAGACGATATCCTGGCCGACCGTGAAATCCGAGCGGTAGATGTAACTCGTATAGGCGCCCATATGCCCGACGATGGTTTTCAGGATTTCCGTGAACACGTCCTGATCGTCGAGCTTGGTCATCAGCTGCTCCCAGATCCGGTTCAGCAGCTTCTCCTGCTCCACATAACTGTCCAGATTCTCCCGGCTGTCCGAAGTTCCGGAGCGCCGTTCCCGGAGACGCCGGAACAACCGGCAGCCGGCCCAGAGCGCCGCCGCCAGAAGCGCGATCATGACCGCCGCCGGAACCGCATGGACCGGAGCCGCACCGGCAAACGGCGCGCCCGCCGGTGAAAGTGAAAAAAGCCAATGGACGGGAGTGCCGGTAAAGAAATACATGACAGCTGCTCTTCCGCAAGAGAAGCGGCGGAGCGGGAATTGTCCCTCCGCCCGGAAACGATGCGGAAAAACCGGCAGACAGCGGGGAGAACAAGGGCTGTTTCGGGAACATGTTCCCTGAAGACCGCCGGGAGGTGGAAGCTGATGTTTTCCATCGCGGCAGAATCCGCCGCGACGCATTATGAGAGTGCCTCCCGTTTTCCCGACCTGCAAAATGTGTTGATGGGAAGAAACCGCGACCTGACGATACAATACCACAATCCGGCCCGCTTTTCAAGTGCCGCCCGTTTTTTATCGGGGGGAATAATCTCATAGGCGCCGGATCCGTTGACATCGCCAATGCCGCCGGGCCGCGGGTACTCCGCGCAGAATCCCGATTCTGCAGTTGAACCGGGAACGGAGCTCCCCGAAACGCGAGGTTTCCGCGATGCGGCAAGCCGGCCGAAACCGGCGGGACACGCGGAAGAATGCCGCGTGTCTTCTGTCTCACGGCAGCAGAAGCACCGCAAAGTAGTGCAGCGTGCTGCCGCCGAGCACGAAGAGGTGCCAGGCCGCATGACAGTACGGCCGCCCGGAGGCGTAGAAAAACGCGCCGAGCGAATAGACGACCCCGCCGGCCAGCAGCAGTCCGAACGAAAGCGCGCCCATGCCGGCGAACATCTGCCGGACGGCAATGATGCCGAGCCACCCCATCGCCAGATAGAGAATCAGCGACCAGCGCCCGAACCGGTGCCTGGAAAAGCATTTGATCACGATCCCGGCCAATCCGATCATCCAGACCGCCGCGAGGATCGCAATGCCGAGCGAACCGCCCACGGCCAGCAGCATGACCGGCGTGTAGGTCCCGGCGATCAGCAGGTAGATCGCGGCATGGTCGAACCGGCGCAGCAACGCCTTGCGTTCCGGAGTCCGCGCCGCATGGTAGCAGCTCGAAGCGAGGTACATGCCGAAAAGCGCCAGCAGGTAGACGGCGAAGGCGGCGACCCGCCTGACGCCGTGCTCCGGCACGACGAACGGCACGAGCGCCATGCCGCCCAGCGCGAGAACCGCGCCGGCGGCATGGGTCAGGACGTTCAACCGCTCCTCTCCCGGCGAATAATCGCAGCTCCTGCCGCTCACAGCGGGAGCCTCATCGGAAAGAAGCGGATGCCGTCCGCCTCGGTCTCGGGACCGGTTTCGACGAATCCCCAATGGCGATAGACCTCCACCGCGCCGGGCGCCGAAAAGACGGTCACTTCGGCCAACCCCGGATCGAGCTTCGCCGCCGTCCGCAGCGCCCGCTCGAAGAGCCGCGTCGCAATTCCGCAGTTCTGAAATTCCGGCTTCACGAACAGCATCGAAATATGGCCGGAACCGCGCATCTCGATCAGCCCGGCGATTTCACCGTCGAGATCGGCGACGAACATCCGGCAATCGATGCTCTGGCGCTTCGCCACGGCCTCCGGGTAAATGTAGGCGGCAAAACTGCGGACTCCCCGCTCCGAATAAAGCGGACGGATAAAACGGTCGAAACACTCGGCCGCGACCTGCGCCACCGCCGTCTCGTCGCCGGGACGGTAGGGACGGATTCTCGGTTCGAAACTCATTCTCCGCTCTCGTCCTCCGCCGCGTCGTCCCCGGAGAGGTCGCCGAATGAGGGGACCGGACGTTCCGGGCTCGTGTAGACCTTCAGTGCATCTCCTGTCGCCCGCCGCTTTTCACGTTCGGCCAGCGCTTTCAGGAAACGATAACTGTTGTACTGGCTGCGCGCATCGGTATGGCGTTCGAGCTTCGGCCGCGTATAAACGCCGGAGCCGAGCAGATGCCGCCCCTTGTCCGTGTCGGCAAGCTGGAATTCGAGCAGCCGCAGGCAGATTTCGCGGATTCGCTCGTCCTCGACCGGAAACAGGAGCTCTACCCGGCGGTCGAGATTCCGGTACATCCAGTCGGCGCTGGCCAGATAGAATTCGGGGTCGCCGCCGTTCTCAAAATAGAAGAGCCGCGTGTGCTCGAGATAACGGTCGACGATGCTCGTGACCCGCGCATTCTCCTGACCCGGCTTCGGTTTGTAACAGCAGATGCCGCGCACGATAAGATCGATTTCGACCCCGGCGTCGGCGGCTTTGTGCAGGAGCCGGACGATCTTTTCATCCGAAAGGCTGTTCATCTTCGCAATGATCCGGCCCGGACGCTCGGGGGTTGAGTGCGCGATCTCACGCTCGATCAGCCCCGAAACCCGCCGCCGCATATCGAACGGAGAAGCCGCAATCTTGCGCCACGAGGCCGGCGGCGACGAATAGCCGGTCAGGACGTTGAACAGATTCGCCACATCGAAGCAGAGGTCCGGGTCGCCGGTCATGATGCCCATGTCGGTGTAGATGGCGGCCGTCTTGTCGTTGTAGTTGCCGGTCGCCAGATGCGCGTAGCGGCGGATGCCGCCGTCCTCGCGGCGCACGACCAGGAGCGCCTTGCAGTGGACCTTGAGACCGGCCACGCCGTAGACGACGTGCGCGCCGGACTCCTCGAGCAGCCGCGCCCAGACGATGTTGTTCCCCTCGTCGAAACGGGCCTTCAGCTCAACCACGACCGTGACCTGCTTGCCGTTCTCGGCCGCGCGCCGCAGCGCCCGGACCACGGGGGAGTTGCCGCTGACCCGGTAGAGCGTCTGCTTGATGGCGAGCACCTCCGGATCCTCCGCTGCCTCCTCCAGGAAACGGATGATCGGGTTGAAGGAGTGGAACGGCGGCGCGATCAGCACGCTGCCGTACTGCGAAATCGTTTCGAAGACGGACTGTTCGGAGAATTCCGGCGGCATGACCGGAGGCCAGGCCGGTTCGAGCAGTTCCGGCAGCCGCGCCTTGCCGACCAGCTCGAAGAACTGCTTCAGGTGCAGCGGCCCGCGCACGAAGTACCAGAACTGTTCGTCGAGCCGGAACTCCTTCGCCAGCCATTTCACGAGCGGCCCGCGGCTGCCGGCGATGAGCTCGATGCGGATCGGCTCGCGGTGACGCCGCTGCAGGAGCTTCTTCTCGATGCTCTGCATGAGGTCTTCGGCGTCGTTGTCCTCGACCGAAAAATCCATGTCGCGCGTAATGCGGAACGGAAAATACTCTTCGATTCCGCAGCCGGTGAACAGCGTGCCGAGGTTGTCCATGATCAGCTCTTCGAGCAGCATGAAGCTGCGGCCGGGCTGGTTGTCCGGCACCTCGATGAAGCGCGGCAGGAGCTCCGGAACCTCGACGAAGGCGTATACGAGTTCGCTGCGCCCGGCCGGACGCATGCTGACGGCAATCTCGATCGATCCCGAATTCAGGATCGGGAACGGATGGGCCGAATCGACCGCGAGCGGCGTCAGGACCGGCAGCACCTGCCCTCGGAAATAGCTCGACAGCTCCGCGCGCACGGGCGCGGCGACATCGGCCGGCCTGACCAGCTTCACGCCGCGGCGCCCGAGCTCCGGCAGGATTTCATCCATCAGGCAGTCGTGCTGCCGCTTGAGCAGCCGGTCAAGTTTCTTCCGCATCCGCGCGAGCTGTTCGGAGGGGCGGTTCCCGGCCGGGTCCGGCAGATCCTGCCCCATCTTGACCAGCTGCCGCAGCCCGGCGATCCTCACCATGAAAAACTCGTCGAGGTTGCTGCTGAAGATCGCGATGAACTTCAGCCGTTCGAGCACCGGGTTTGCGGCGCATCCGGCCTCGTCCAGCACCCGCGCATTGAAATCAATCCACGAAAGTTCGCGGCTGATGAAGAGCCCGCTGTCCGCGGGATCACTGTTTTTCTCCTGTACCTTCTTCATGATATAAGCGGCGTTTCCTCAATCTTCAAATCCAAACCGAACACTTCATTGAACATCCCGCCCTTCAGCTCGAGATAGAGCCGCTCCTGCCGGAAACTGCCCGAATCCGGCACCTGAATCACCAGTGTGTGGCCGCGGCGGAGCAGCCGCATGCGTTCGAACCGCCCCTGCCGCGTACAGTCGAGCGCGTCCGCCACACGGAGGATCGCGGAGAGCTTCAGCACCGAAACCTTCTCCTCCGCCGAAAGCTGCATGTACTCCATATGCGACTCCCGCGGCGCGGCCTTGCGGTGGTAACGCGCCACTGCGGCGATCACCCGGAGCTCCGCCTCGGAGACCCCCGGCAGCTGCAGATTGCCGATCAGATAACACGAGTGCTTGTGATGCTGCCGGGTGTCGACGAAACGGCCGATGTCGTGCAGATACGCGGCCACTTCGAGCAGAACCGGCGAACGCGGAGCAAAATCGAAATTCCGCCGCAGCTTCTCCTGAATGGCGAGGCTGATCCGAGCGACATGCCCGGCATGGCAGGCGTCGTAGCCGTACTTATGCCCGATCGCGCCGCAGATGGCGGCAAGGTCGTCGTGAAACGGGTCCGGCCCGCCGCCGCGGCTGCGTCTGACCAGGTCCTGAATCAGCGCGATGCGGGTCGTCGTGCCGGGGCAGATAAAGCTTTCGCAGTTGAATTCATCGAGAAAATAGCTGAGAATTCCGGCGCAGGCCGCGATGCTGCCGGCGACCGGCTCG
CP027227.1_gap17	972573	976340	3767	TCGTCGAAGAGGCCCGCCGCACACTGGCCGGGTTCAACTGCACGGTTCCGCACAAGTCCGCGATCATCCCGTACCTCGACGAGGTCGACCCGAAGGCGCTCGCCGCGTCGAGCGTCAACACCGTGACGGTCCGGGAGGACGGCACGCTGGCCGGAACCAGCACGGACGGGTACGGCCTTGAAATGGCGCTCGAAACGAACTTCGGCCGGCCGCTCGCCGGCGCCGAAGTCTGCTTCATCGGCTGCGGCGGCGCGGCCCATGCGACGAGCTTTCACCTGGCGGAGCGCGGAGTCCGGACGATCCGCCTCGCCAACCGGACGCTCTCCAAGGCGGAAGAGCTTGCGGAAAAACTCCGCGCGGCGAATCCGGGTCTCGCGGTCGAAACCGCCCTCCCCTCCGACAGCGATACGCTCGCGCGCTGGTTCGCCGCCACGGATTTCCTGATTCAGGCCACCAGCCTCGGGCTGCGCGAAACCGACCCCGCGCCGTTCGACCTCGGCCTGCTGCGGCCCGGGCTGCGCATGGCGGTCTTCGACACGATCTATCTCGACACCCCGGTGCTCCGCAAAGCCCGGCAGGCGGGGCTGCCGGCGGCGGGCGGGGCGGCGATGCTGCTCTACCAGGGGGCGAAATCATTTGAAATCTGGACCGGGCTCGCGGCTCCCATCGATGCGATGCGCGCCGGCATGGAGGGGAATTCATCATGCTGAATCTGCTGCGGCTGACCGACGGCTCCAACTATTACTGGTGGACGCGCGCCGGATTTTCGGACGATTACGTCGTCTGGTTCTTCGTGTTCTCGAGCTTTCTCTTCGGAAGCTGCCTCGGCAGCTTCCTGAATGTCTGCATCTGGCGCATGCCGCTCGGCGAATCGATCGTCACCGCTCCGTCGCACTGCCCGAAGTGCGGCACGCCGATCCGCTGGTTCGACAACATCCCGGTGGTCAGCTATCTTGCGCTGCGCGGCCGCTGCCGCAGCTGCAAAGCTCCGATTTCACCGCGCTACGTGATCGTCGAGGCGCTGACCGGAATCCTCTTCGCGCTGCTGCTTTTCAAGGTCGGCGCGACGCAGCAGCCGCCGTTCACGCTGCTGCTCTATTTCACAATGACGCTGCTCTGCATCACCACGATCTGGATCGACTTCGAACACCGGCTGATTCCGGATGCGACGACATACCCGGCAATCCTGTTCGGGCTCGCCGCGTCGGCGGCGTTCCCGTCGGTGTGGGGAGTGTCGAACCATTTGCTCTCCGGCGCATACGCGCTGATCTCCGGAGCGGCGGCGGGGGGGGCGCTCGCTCTCTTCGCGATCGTCGGGCGCGCCGTTTCCGGGCGCGAGGTGCTCGGCTGGGGCGACGTCAAATTCGTCACGGCCGCCGGAATCCTGCTCGGTCTGCCGGGAGCCTGTTTCGCGGTGCTGGCCGGGTCGCTGCTCGGATCGCTCTACGGCGTATTCCGCGCGTTCCGCAGCAGGCGGAAACTCTCCCGCGTCACGGTTCCGCTCGGACCGTTCCTCGCCTTCGGCTGCTTCGCATGGATGTTCGCGGGCGAAAAGCTCCTGCGCTGGTATCTCGGTTTCTTTCCGAATTTTGAATCGTAATTGCGGCGCGGAAGGCTTGCACTCTTCCGCCCGCGTGTTATATTACCCGGAACAAAGACCTGCAATGCTCAGAAACAGAACTAAGGAGAATGAGTATGGCTTCCATGTTTGATGCGGCGAAAAAAGTCTATGCCGATCTCGGCGTCGATGTCGAAGCGGCATTCAACCGGCTCGACCAGATTCCGATCAGCCTTCACTGCTGGCAGGGCGACGACGTCGCCGGCTTCGAAAACAGCACCGCCCTCGACGGCGGCCTCGCCGTGACCGGCAACTATCCGGGCCGCGCGCGGAACGCCGACGAGCTCCGCGCCGACCTCGAAAAGACGCTCTCGCTGATTCCGGGCAAAAAGCGGCTGAACCTCCATTCGATCTACGCCGAGACCGACGGCAGGCCGGTCAAGCGCAACGAGCTCGAGCCGAAACACTTCGCGCGCTGGATGGACTGGGCGAAGGAGAACGGCCTCGGCCTCGATTTCAACCCGTCGTACTTTTCGCATCCGATGATGAAGGACGGCCTCACGCTGTCGAGCCCCGACGCGGGCGTGCGGAAGTTCTGGGTCGAGCACGGCATCGCCTGCCGCGCCATCGCCGAGGCGTTCGGCAGGAAGCTGCGCAGCACCTGCATCACGAACTTCTGGGTGCCGGACGGCTTCAAGGACACCCCGTTCGACCGCCTCGCCCCGCGTGAACGGCTGGCCGATTCGCTCGACAAGATCTTCTCGGTCGAATGCAATCCGCGCTACAACCGCGATGCGGTCGAATGCAAGCTCTTCGGCATCGGCGCCGAGAGCTGCACGGTCGGTTCGCATGAGTTCTACATGGGTTATGCGATGAAGAACGGCAAGCTGCTCTGCCTCGATGCCGGGCATTTCCACCCGACCGAAGTCATCTCCGACAAGATCACGAGCACGCTGCTCTATTTCGACGAGATCCTGCTGCACGTGAGCCGCGGCGTCCGCTGGGACAGCGACCACGTCGTCACCATGACCGAGGAACTCCGCGCCATCGCCGAGGAGATCGTCCGCCACAACTACGACAAGCGGGTCCACATCGGTCTCGACTACTTCGACGCCTCGATCAACCGGGTCATGGCCTGGACGATCGGCGCGCGCAACATGTCGAAGGCGCTCCTGATGGCGCTGACCGAGCCGGCCGCCATTCTGAAGAAGGCCGAAAAGTCCGGCGACAAGGGCAGCCGCCTCGCCTGGATGGAAGAGGCCAAGACCCTCCCGTTCGCCGCCGTGTGGGAGGAATACTGCACGCGGAACAACGTTCCGGGCACGGCGTGGATCGACGAGGTCAAGACCTACGAAAAGGATGTGCTCTCGAAGCGCAGCTGACCGGAAACGGTCGCCGGCGGCTCCCGGCCGGGAGCCGCCGTTCGTTCGGCAGATTCGTTCTTTTGACAGATTTCCAGGGAAGAAAAGGGATTTTCAGATATGTCACTCACCACGATTCGCGACCTCTCCAACCGTTACGGCGCCGACCCCTCCTTCGTTCTGGCCGGCGGCGGAAACACTTCGTACAAGGACGAAAAATATCTCTATGTGAAGCCGAGCGGCGTCGCCCTCGCGGAGATCAGGGAATCCGATTTCGTCAGGATGGAGCGTGAGACGATCCGCAAGGTATTCTCCCTCTCCGGCTACGCGGACAACGTCGAGCGCGAAGCGATGGTGACGAAACTCATGGCCTTCGCGGCCGCCGATGCCGCCGCGCGCCGTCCGTCGGTCGAAGCGCCGCTGCATGAGCTCATGCCGTTCACCTACATCGTGCATCTGCATCCGGCCATGGTCAACGGCCTGACCTGCTCGAAGAACGGAAAAAAGGAGTGCGGGCGGCTGTTCCCGGACGCGCTCTGGATTCCCGAAACCGATCCGGGCTTCATCCTGGCCAAGACGGTTTACGACGCGAGCGTGCAGTACGAAAAGGAGCACGGCAAGCCGGTTTCGATGATCTTCCTGCAGAACCACGGCGTTTTCGTCGGCGGCAATACCGCGCAGGAGATCGATGCCGCGTACGGCCGGATCATGTCCACGCTGCGCGAAGCCTACGAGAAGGCCGGAATCCCGACCCGGCTCACCGGTTTCGGAGAGCTCGACGAAGCGTTCGCCTTCGAAACCGCCCCGCAGCTGCGCGGCCGGCTCGGCGACGGTGAAACGCCCCTGAC
CP027227.1_gap18	1124841	1127661	2820	AAATAACAAATGGAGGCTCAGCTTCTATTCCTGAACGAGCCTTTGCAAAAGCAAGAGTTAACGGTTCCTTTAGAGTTTTGGGTTATCTATTGGTTAAATTGTTACTAATCGGGTTAGAACAAGAAGCTGATTTTGATAGCTAATTGATCATTCAATCAGGGACTTAACTTGTATCTGTCGAAATCCTGTGCTATTATAATTGCAGAGATGTAAAACGATAATTGCAAGAGAGGTCATTATGCCGAAGAAGAAAAGTGACGGTACTCAAGTTTCCACGGTAAGCAAAGATAAGACTGCGAAAGCTAAACCTGTTGATCCAGCGGCCCTGAAGAAACTGGAGGAGATGGAGAAGGAAATCAAAGAAGGTATCATTAAATACTTTGAAACAGGGATGTTGCTCCAGGAGATCAGCGATAAAAAACTTTACAAACTACGTGGCTGTAGATCCTTTAAGGCTTATTGTGAAAAAGTGTTTCATTTCAGCCGTTCTTATGGGTATCGTTTGATTGCATACTGTAATATTTGGAACTTATTAAGTGATGATGAAAAAGATAAGATTCCAGAACGGGTCATTCGTGCTCTTTCGATGGTAGAAGATCCAACGGAACGGCAGGAGATTTGGGATAAAGTCAAAACCAAAACTGGTGGGGAGCTGCCGACTTACAAAACCGTTGAAGAAGAAATCAGGGAGTGTCGTAAACAGAAGCAGTTTACGAAAGCGAACTTTGATCCCGCCAGTTCTCCGGATAAAGTATTCTGCATGACCCTCGAAAAACCGTTCAGCCAGACCGAGCTTGCTCAAGAACTAATTGATAATTCAAACGGTGACTACGGGAAACTGCTGAACGCGACACGGGAGATGCTTAAGGCGAATTATTTGAATGACGAGGATCAGCAGACGCTGAAACAAGAACTGTTGAAAAGGTTCAGTGAATGGCTGGACAAGCAATTCGGGGAGAAGACTTCTCAGGATGAAAATGATGTAGAAGTGTCGCCCATGGGCGACACTTTTGACTCTGTTCAACAGTAAGAATCAAGCAGTATAGTCCGTGTAATTCATTCCAATTTCACGTATATATAACCACGTGACAGCAGGCTGAAGAGATCGGCCTGAACCTTATCAACGGCCCTTCCGGTCTTTCGGGATCGGAGGGGCTTGTTATTTTCAACATCATGGAGGTTGTGTATGAAGATTGAAGTGAACAAAAATGAATTGGAAAGAGCGTTGATCGCGCTCGGAAAACTGATCAGCCGGATGTCTCCGATTCCGGAGCATAAATCCCTGCTGATCGAATGCAAGGAGGGCAAGGTCTGTTTCAGCACCCGTTCTCCGTCTGAACAGATGACGTTCCGGACAGCATGTGTTGGTGAAGTCGAGTTTCGCTGTATCGTGGGATTCGATGAGTTCCGAGATGCGGTGCGCGGATATCGGAACAAGGCACTGGAGCTCGAAGACAACGAAGGAACTCTGCGCGTCGGGGAAAGGACTCTGTTTCCGAAGTCCGGTGTGGAGTGGCAGGTTCCCGATGAGGGTGAACACTGCTCTGTCAGCGAGTTGCCGAAGGACTTTGTCGCTCTGTTTGCTGCGGCATCTCCGCTTGTTGACCGGAACAACCCTCGCAAGGTCTTGCAGGGGATCAACCTCTGCCGGGAGGGGATCACTACGACCAACGGCAGGGAACTGCTGAACATCTACGTTCCGCTGAATGTGGATGACTTCACGATACCGCTTCCTTTGGCTCTGATGCAGACCAGGATAACGGAATCCGGTACGCTCTGCACGTGGACGGACAGAACCGGGAAGAGGTGCCGCATCGAAACGGAGCATTGGGTCTGGTATGCGGAAGGTTTGGAGGGAAACTATCCGAACTGGAAACAGGTCATTCCCTCGCAGAAGGCGTTGGTCCGTTCGGTATCGTTTCTTCCGGAGCGTGGGCAACAGCTTGAAATCTTCCTCAAGAATGTTCCCGACCAGCCTCCGCATAATCCTGTGGAGTTGTATCAGAGCGAACCGGGGTATCTGAACATTCTCGCTGGCGAGATGCACACCAGCATAGCGGCGGAATTTATCGGCAACTGGAACGATGTTTCGATCAAACTCAATAAGCACGTGCTTCTTCGGCTGCTGTCGGAGGGGCATACGAAGATTGAGGCATGTGACGGACATTTCCCGATCCTTGCAACCGGAGGAACTGGACGCTATATCACGATACCGTTATATCAACCGAAAACTCAGGAACCCAAACCCATTCAAACTCAAACGGAGGAACCCAAAATGGAAAACAATGAAATGAGAGTCGTGTCCGCCCCTGTGCAGACGGTCGTTAGTAACCCGGAACCTGTTCCCGAAACGGTCGATCCGATGGAGGAGCTGAACCACAGCATCGACGAGCTGCGCGGCAGGCTCAAGCTGCTGCTCGATGAAACCGGTGTCCTGACCCGCAAGGTCAAGGAGGCAGTGCTCAAACAGAAGCAGAAGGAACGGGATTTTATCCTCGCCAAACGCGCCATCGAACGGATCAAGATGGCGATCTGACCATATCCGACAGAAGAAACACACAACCGAAGGGACGGAGGCCTGACCGCTTCCGTCCCTTCTCATTTATGGAGGTGAAACTATGTTGAAACTCAATGCATCGTATTCGAAGAAGGTTCCCGCAGGGGAAGAGTATTCGAGCCAGAGTTATCATGCGTCGGTCGAGGTCGAACTTCCGGACGGGTTGTCCGGGGAAGCTCTCCAAGCCCGTATTCATGAAACCTTCGATCTGGTACGGAACTCGGTAGAAGCGGAACTGCATGGAAATGATCCCCGTAATTACG
CP027227.1_gap19	1132338	1134289	1951	CGACCCGGATGGCTTTGCGAAGGTTCTCTTCGCTCTCACCGACATACTTTCCCATCAGTCGGCCGATGTCCAGACGCAGCAACGGAACCCCGAACTCCTTGGCAATGCACTTTGCGGTCAGGCTCTTTCCGCATCCGGGCATACCGACGATCATAACTCCGGCTGGCATGTCGATTCCATGAGAAGCGGCGATACCGGGATTGTTGAAGACCGCCTTGTTGTTTTGGAGATATTCCTTCAGGTTCTCCAATCCGCCGATTTCCAGCTCTCCGGGTTCGATCAGTTCCAGCAGGCCCGACTTCTGAATCGCCTGTTTCTTCTCGGACAGGATCAGCTTCTTGCTGTGTCTGCTGATCTCTCCATCTGTGGCGAGTGCAAGGTTGGCGATCTGTTTGATTTCAAAGACGGAGAGGCCGCTAAATGCCATCACCAGTTCGGTCATGGAGTCGTCGTCGATGGTCAGCAGATTCTCCGAAGCGATACCGTTCAGAAGCTCCCGTATCTCCTCTTCCTGCGGCGGGCGCAGCTCCACCATCGTGATCAGCTTCTCCAGTTCCGGCGGAATCACCAGTTTGCTGTCCACGATCAGAACCGTGACGTTATAGCCTTTGGAGTCTCCGCGCATGAACTTTCTGCGGGCAATGGATTGCAGAAGCGAATAGACCTGCTTGTCTCCGATGGAGTCGTGAATCTCCTTGAGCACCACGAGATACTCCTTGCGATCCTGATAGAGCTGGTCGTTGTTGAACAGCATCAGGAACTCCGGGAGGGTGTAGGGGGTGGAGCCGTGCGGCTGCTTGGTCTTGAAGTCAACCCAGCCGTCCGCATCGCAGTATTCCGCAATCGTGGCTTTCGGGAAGGCTTCCGCAAGCATCCGATCCACGGTTTCAAAGTCGAAATGATTGATATAGATCAACGGTCTGCCCGCGTCAATGTAGCGAAGCAGACTGTCAGACATCTTTTCTTTCATTGGCATCTCCAAAGTTGTCTGGTGCGAGGTGCGTTACTTGAAACGCACCTCGCACTCAATGTATTTGTTTCAGTTCTTCAAGGTTCCGACAGCGAGCTTGTTCCCATCCGCGATAAGCAACTTGCCATCCAAGTACGCAATCTTGCCGTTCTGCAAAGGCGCGTTCAGCTTTCGCCAGTTGATCCCATCCAGAGAAAGATGGAAGCCGATGTCTGCTCCATCATGAGCATAAGCTCTCGTTTGGGGTTTAAATAAATGAGCAATGATAAAGCGGTTTGCATCGGCAATTTGCGTTATTCCATATTTTAAGGTCTTCCAATGAATACCGTCATCTGTTACAAGAGCACAATCTTCGGTACTCTCTCCTGTAAAATGGCCCCTGAAGCATTTTCCCATTCCAATCCATATATGAGAACCGCATCCTGAACCTTCTTCTTCATGTCGAGTTAAATCTGTTAATGTAGAACCGCTATAGATGATTCTTTCATTATAAGAACCGCCAGACAAAGCAATCAATCTATTATTAAACCAAATCCCATTGGATAAGGTCTCATCTAACTTAACAGTTTCCCTATGCCATGGACTGGTCAACTCATCAGATGTATAAATGACGGGGTTGCAAACCCAATAAGTTTCTGTCTTCTTAAAGAACGTTCCTGTTTCGTAACTGCTTTGATATTCTTCAGAGCCTAAAGCAATGTAATGGTCTCCAGTCCAGATAATTTTGTTAATGTGTATTTTATCATCTCCAATTTCTATTTTATTCCAACGAGTAAAATTTGAATAAACATAAGGAGTGCTACCATAATCTAAAATGAAATTCCCATTGCAGCAATAGAGATGACAAGTGTAATTCTCTTCCCATTTTAGATTAGCCCGCTCCCACTGAATGCCATTATAACTGTAATAGCCTCTTTTGTCTGCAATCGCAACAAAACGGTCAGCGCCACTGGTTAATAGGTCTATCTTCGGACCTTCTGC
CP027227.1_gap20	1242165	1245288	3123	CATGGCGAGGTGAAACAATATCTCGAAGCAACGGCTTGAATAAATGGCTCTGAACCATTGTCGTATCTTTACTTTTTGTCATCATTTTGCAAGATTTCTTTCCTTAAAAGTACCTTACCTTGCAATAATATACCATCAATTATCAAATTTTTCTATTGATAATCAAGTGGTTGGATACTTTTGCATGATCGACTAACTAAGCACAAAAGCGAAAAAATGCAAGCCGTATCGGCAGCTTTCGACGGAACCGGGTTGCAAATCGGCGGGGAAGCAGTATAGTATCGGACAAAAAATATATGAAACTCATTGATTTCTGGAGAGAGGAATCGGTCCGGTTCGACGCGATCCTGTTCGATATCGACGGAACCCTCGTCTACGGCCCGCAGCCGATCCCCGGCGCCGCCGAATTTCTCGCTCTGCTGCGCCGGGACGGAACGCCGTTCTTCTTCCTGACCAACGACGGCGACCATACCCGCCGGCAGAAGAGCGGCTTCCTGAATCGCGCCGGCATTGAGGCGGCCGAAAGCGAAGTGATCTCCTGTCTCTCCGTCCTGCCGGAACTGGCCCGGCGCCGGGGCTGGGACCGCGGCACGCTGTTTCAGGTCGGCCGGGTCGGCGACACCGGAGGATTGAAGCTCGAACGCGACCTCGCCGGACTCAAACAGTGCTGCGGCGTCCTGATGGGCGAAGGCAATTACGACTGGCGCACGAGCTGGGAGGCGCTCACCGGCTTTTTCCGCCGCCATCCCGACCGCCCGTTCATCGTGCCGAATCCGGACACCTGCTGGCCGAACGCCGTCACCGGCGGCATCGGCATCGGGGCCGGCGGACAGGCCCGATGCATCCGGCTCCTCCTGCACGAGATGGGGACCGACATCGAGCCGATTTACCTCGGCAAACCCTGCGCGGCGATCTACGACTTCGCGGCGGAGCAGCTCGGCATGGCGGAGCGGAGCCGGATTCTCTGCATCGGGGACTCCCTCGCCAGCGATATCCGCGGCGCCAACAATTCCGGCATGTATTCCGGACTGGTCCTGACCGGAATCACCTCGCGGGAGCAGGCGGAACAGGCGCGCGGCGAATACCGCCCCCGTCTCGTTTTCGAATCGGTCTGACGGTGAATGGGAAAGCCCGCGATTTATATAAAAGAAGTCAAAAAAAAAGAGGTTCCGTCAATTGTCATTTGCGGAACGTGCCATATAGTAAGATAAGGTACGATAATTTTCACCAACCCCAATTTAAGGAGTATCGAAAATGACCAGAGATTTGGCTGTCCAGCTGTATTCACTGCGCCAGATGGCGGAAAAGGACTTTGACGCCGTGCTGAAAACCGTTGCCGATATCGGCTTCAAGGCGGTTGAGCCGGCCGGCTTCTGGAACATGACGCCGGAAGAGTTCCTCAAACGGATCAACGACCTCGGGCTCAAGCTTTACAGCTCGCACTCCCCCTGGGCGAAGCCGGACAATCTCGAAGAGACCATCGACATCGCCGGCCGCCTCGGCCTCGACCGCGTCGTCTGCGGCTACGGCCCGGAGGACTACAAGGACCTCGACGCCATCAAGCGCACCGCCGAAACCACCTCGATGATGCAGGAGAAACTCGAAAAAGCCGGTCTCATGCTCTTCCAGCACAACCACAACTGGGAATTCGAGCGCATCGACGGCCGTCTGAAATACGAAATCTATGCGGAACTCTGCCCGAAGGTCAAGTTCCAGCTCGACGCTTTCTGGTCGACCAACTTCGGCACGGAGGACCCGGTCGAAATGATGAAGCTCTTCAGCGACCGCGTCGTCGCGCTGCATATGAAGGACGGCATCCTGCACCAGGGCGCCGAAGAACTCAAGATCACCAACGGCATCTATGACCGCAAGGTCGATCTCCTGCCGCTCGGCGAAGGCGACCTGCCCATTCCGGCCATCGTCGCCGCCACGCCGGACCGCGTCAACAACATCGTGGTCGAGCTCGACTATTGCCGCGTGGAAATGGTCGAAGCCCTCAAGCGCAGCTACAAGTACATGACCTCCAACGGTCTTGCGCTCGGCAACAAGTAATCCCCGCGCGACACGCAGCGGGAGCGGGAAAGGCAATCCGCCTTCCCCGCTCTTTTTTGGTCCGCAGCCGGCCTTGCTTCCCGCGATCCTCTGCCCGCCGGCAGATTACGTACAGGAAAACAAACCGCGGCATTCTTTTCAAATAAAATTAGATTAATCTAATTAATTGCCATTGCATTTTTCCGATCCCGCGATATATTAAAAAGCGGAACCGATCCGGGACCGCTTTCTTTCACCATGACAGCAGACCGGATTTACGGTAAAAATAAATTTAGATGAGACTAATTAACAATAAAAGGAGTCTTTCCCATGAAACGACTGATTCCCGGCGTTTTCGCGGCAGCCGCATTTTTTGTCTGCGGAGCGGAGACGCCTGCACCGGTCAAGCCGTTTGCGGCGGAAGCCGCACGCATCTTTCCCGAAGCGAAAGAGTATGCCGAACAGAAACCCGGCATCTATCTCGTCCGGGACGGAAATCAGAAAACGCTCGGCACTCTTTACCTCGAAACCATCGGCGATGACGAACGGCAGTTCGGCTATGCCGGAACCATCGAAATCGCCGTGCTCTTCGACAACAACCGCCAGGTCGCCGGCATCCTGATCGGCAGAAATCAGGAGACTCCCTCATTTCTCAACCGGGTCCGCGCCGCGAAGTTCCTCGAAAGCTGGAACAAGCTCAAGCTGGAAGAGATCCCCGGGAAACAGGTCGATACCGTAACCGGGGCAACTTACAGCAGCTCCGCCATCCGGGCCGGTGTGCGCAAGCTGGCCGAGTCCTATCTCAAACCGGCCGAAACAGAGCCGAAGCCGAAGCAGCCTGCCGCCGCCGCCGTCCCGGTCCCGACAACTGCCGCGCCCCGAAATCCCGAAATCATCCGGCTTGAGCGACGGGTGGCCACGCTGAAGCGGATCGTCTCCGGCAGCCAGGTGCTGCTCAAACAGCTGCGGGAACGGAAGGAAGAGGAGCTGCAGCTGCGCCTTGTGGCCGCGCTCGAAGGGCCGGAGGCCGCCGGAAAGTTCGCCGAAGAGCATAAACTCATGTTTTTCAACCACCCCGGACGCGGCAGCCGC
CP027227.1_gap21	1270937	1272002	1065	TCAACCTCGCGGCGTCGTTCCTCGGGGATATCGCGGAAGTCACCTCCGAAGTCCGGTTTTCCGGCGAAAACATCCTGACGGAGATCCGGCTGAAGGACGCCGCCGGAAAACGGATGAACGCCCTTCTGCACACCTTCGTCGCGCCGGAATACGGCAACCTGAAATTCGGAACCGAGCTGTTCTTCGCCGACCGCAGCATGATCTTCACCAACGCCTTCGCCTCGCTCGACTACTACCCGCCCGCGCCGTCGCCGCATGGAAATTCACATCACTGGGAATTCGCCGCGTTCGGCAACAGCAACATCAAAATGGGCTACGAAACCGAACTGCGCTATTTCCTCGACTGCGTGCGGGGAAACGAGCCGCGCGAAGGACTCGCCACGCTCCGGGACAGCCTGAAAACCATGGAAATCCTGGAAACCGTCGCCAACGAACAGGAGAAACGGGAACATGATTCGCAAAATTCTGACATTCAACGGGCTGGATAACGTGTCATTCACCACCGAAGAATACGTTCCGCCGGAGGGCGGCTGCGTGCTCTTCACCGACTTCAGCACGGTCAGCCCCGGAACCGAGCTCTTTTCCATCCGGGAAGGCCGGCCGGTGCAGCCCGGCTACATCCGGACCGGACACACCGCGGACGGACAACACTGTTTCGTCTTCCCGTCGATGGCGGAGAGCTCGGCCGGACACTGCAATCTGCACGCCCCCGGTCCCGGCTCGCTGCTGCTGCCGCTGCCGGACGGGCTGCCGCCGGAACTCGCCGGTTTCCTGCGGTTCATCAACATCGGGCTGCACCCCTTCTGCCGCCGGAAACCTCTGCCGGAACGCGTCGCGGTGATCGGGCTCGGTCCGGTCGGCAACCTCGCCGCCCAGACCTCGAAGCTTCTCGGATGCGACACGACCGGCGTCGATCCGTCGCCCGGGCGACGGAAACTCGCGGCCCGGTGCGGAATCGGCCGCGCCATCCCGCCGGAGGATTTCAATACGCGCGAGCGGCAGTTCGATCTGGTCATCGACACGGTCTGCTCTTCCTCCAGTCTGGAAGCCTCCGCGCGAAGCCTG
CP027227.1_gap22	1338875	1341856	2981	CTTCACCGCGCAGACGCGCGATCCCCGGCCTCCGGGCCGAAACCGTTGAAGAAGGCTCTTTCGGCGAAGCTTTTCCTGCGGACCCGGACCGGCGGCTCCGCGGCACGGCCGACCGGCAGGAAGCAGACCAGCTCACAGGACTCAGGAACCCCCAGAAGCTCCGCCATCTTCCTGCCGATCGCGTCGGCGTCGGTGATGTGGCCTTCGATCCAACAGCTCTGGTAACCGAGCCCGACAATGGCCAGCAGCATGTTTTCAATCGCGGCGGAATAGTCCTGCACACTGAAACAACGGTCCCGGTAGGCCGGAATCCGCTGCGTCAACACACAGATCATCGCGGGAGCCCGGTGGCCGACCGGCGGTACGACAACATCGTAAAGCCTGCCGAGCAACTCCGCGTCGTTCACCGCGATCAGGCTGACGGTCTGCTTGTTGCAGCCGGAGGGAGCGGCGAGACCGGCCTCCAGAATCCGCTTCAGGTCCGCTTCGGGAACCGGAACCTCCTCATATCTGCCCCGGTAGCTTGTCCGCTCCAGAATCGCGGTCATGACATCCATATCGTCTCCCCTTCCCGTCCGGCTCACCGGAGCGGCTTTTCCCAGGTCCGGACTGCAAAATATTCCGCGCACAGCAGGCAGAACCGGTTCGGATAATCGACCGCGAACGAACGCACCCCGAGATCGAGCACGGCAAACAGGTCTTCGCGTTCGAACTGCCACGGCAGCGCCTGCAGCAGCACCCCCTTCGCCTGCGCGGCGGCGAGCATGCGGCGCACCTCGTCCGGCGGAAGCGCGTAACGCCAGAACTTCCGCTCCGGGTCGTCGTTCAGATGGATCTGAACCTGTTCGAAACCGCCGAACTCCCGCGCGGCCAGCGCGTCGAAACGGGCCGTGATCTCCCCCGGCGCGCCGCCGAGCCAGATCTTGATCCGGACTTCAGGCTGGAGCTGCCTGAAGCGGGCGGCGACCGCCTCGTCGGTGGTGGCGAGCGTAAGCTGCTTTGCGACGCCGAAGCGGGCGATCAGCTCCGAAAGCTGCTCCAGCGGCGCATTTTTGTAGTCGATGACGATCTCTTTCCGGACATCGCCGCGCAGCTTGGCGAGAAGCTCGTCGATCGATGGGATCACCTGCTCCGGGTAGCGGTCGCTGCCGATATCGCAGCGACGGACCCGCGCATACGGCAGCTCCGCAATCGGCGTGCGGCCGGTCTCCTCGTCGATCTCCCGCGCGGTACGCCCGAGTTTGCCGTCGTGCAGCGAAAGCAGCCGCCCGTCCGCCGTGGCATTCACGTCCGCCTCGGGCGTGCCGCCGAGCATCCAGGCGTATTCGAAACCGACCGGCGTCGACTCCGGCAGCTCATAACCGCCGCCGCGGTGCGCTTCCCACAAAATGATCCCGTCACCCGTCATCGCCGTTCCTTTCGCTTTCTGATTCGTCCGCCTCGTGCCGCCGGATGAACTCCCGCGGCGAAAGACCGGTCCGTTTTCGGAATACCGTGCAGAAATAATTGCTGTCGGGAAATCCGCATTTGCGGCCGATCTCCCCGATCGAATATTTTCCGTGGAAGTGCTCAAGCAGGTGCTCCGCCTCCTGCAGCCGCCGGTCGGCCAGCAGTTCGCGGAATCCCTTTCCGGCCACCCGGCGGATCACGCCGCCGAGATAATTCACATTCACATGCAGAATCTCCGCCAGATCGCTCAAGGCCGGATTCTGGTGGTAGGAGCGTTCGATGAAGTGGCGGCACTGATCCAGATAATAGGAATCGTCGCGCTTTTTGCCTCGCCCGGTGACCGATTCGCGGTAGCATTCGAGCTCCAGCCGCACATAAGTCGCCAGAAAATCGGCGTAGGAACCGATCTCGCGGCGACGCTCGCGGGAGAGCTCCCCGGGACGGCGCCCGTTCCAGCCCGGCGCGAACTCATGCCCCGGCGGCAGCAGATAGCCGAGGTAGATCACCGCGGCGAGTTCGCCGTCGAAAAGCACAGGCTGCGCGTAATCCCAGACCCCCTTCGGGCAGAATCCCCAGAACGGGCGGCCGCGCAGGGCGACCTTGCGGCTGCGCGCCTTGTTCGCGGCGCATGCGTTGATGCCGCCGGGCTGCTTCTTGGCCCAGCGGCAGAAATCACCGTGGTGATGGTACTGGTCGGGGGCAAGCTGAAGCTCCGGCATCTCCGCAAACGCCGGATGAAGGACTTCGAGATCGATCACCGTGCCGAGCTTCAGCTCCAGCTGCCGGATCGCTTTCTGCAAATTCATCGCCGTTCTCCATTTCTGTAATAATTTAAGATTTGTCCCGCGCTTTTTCAAGGTTTAAACCGAAAAAACAGTTAAATTATAAGAGAGAGCCCAACAAAAACAATGGAGATTCATACGATGCAGACCTGTCTGGAAAAGGAAAAATCCCTGCCGGTCGTCGCCGAAGTCGATGTCCTCGTGGCCGGAGGCGGCCCGGCCGGAGTCGGCGCCGCCCTCGGCGCCGCCCGGAACGGCGCGAAAACCATGCTGATCGAACAGGCGAACTGCCTCGGCGGCATGGCCACCTCGGGCATGATGTCGCACTGGTGCGGCGGAACCGAATCCCCGCTTCTCGACGAAATCTTCGCCCGGACCAAAGCCTCGCCGCTCCTGCCCCCGGCGACCAGCGAACGCGCGGCCGGCTGGGCGACCGCCCACGAGGCGCAGAAGACCGCGTTGCAGGAACTGCTGCTCGAAGCGGGCGTGACTCTTCAGTACCACACCCGCATCGCCGGGGCCGTGGTGGAGGCCGGTTGCGTGAAGGGAGTCATCACCGAAAGCAAGTCCGGACGCGAAGTCATTCTCGCCCACACCGTCATCGACGCGACCGGCGACGGCGACGCGGCCGCCGCGGCCGGAGCGGAGTTCGTTCTCGGCCGCCCGGAAGACAACGTCTGCCAGCCGGTCACGCTCATGTTCCGCATCGGCGGAGTCGATCACGAACGCGCCGCCTTTCCGGGCAGCTTC
CP027227.1_gap23	1343539	1347316	3777	ATGAACTTGAAGATGCCGGGCTCCGAAACCGGATCGGCGAAACTCTCCGGCGCTTCCCGGCGCCGGGCGTTGACGAAGGAACCGCGCCCGCGGGTGCGGGAGATCAGATTCTCCTTGACGAGATTTGCAAGGCTCTTGCTGACGGTGAGCCGGCTCACGCCGAATTCGCGGCCGAGCTCGTTCTCGGTGGGCAACTGGCTCTCCGGCGCATAGACGCCGGAGCGGATCCGCTCGCGAATCTCCTGCTCGATCTGCATATACATCAATTTTCCGCTCATCAGTCGGGACTCTCTCTTTTCCGGGATTGCATTCCGCATATATTACGTTTTTCTTTACTTATCATGTAATATATCAAACAAAAGCATACTGTCAAGTCCGGGTGCGTCTCATCATGCAAATCTCATTTGCTTTCAGACGATTCCAGCTTTGAAAACGCAATGCGCCAAGCCGCCGGGCCGGAGCCGGACAACGGCTCCGGCGGAAAAATCCCGGAACGGTGCTCCCAAATGCTTACCTTTTCACCGTTTCCCGGACGGCGGCGCAGCCGTCACTCGAAACGCAGCACGAGAAAACGGGCCGGCGGCAGCTTGACCCGGATGCGGCCGTCCCGGACCGGATACGGCGCATTGGTCACAGCATCACGAACTTCGCTGAATTCGAATTCCGGCGCAACGGTCAGTTCCAGAGCGGGCAGCTTCGCCGTTTCGGCGTCGTGGGTGGATTCCCGGAAGAAGGAGCCGACCAGCTCGCGCCGTTTGTCGAAGAGCACCAGATAGCGCGTATCGCCTTTCTCGAACAGGGCGTTGCAGACCGGAACGTCGATGGCGACCGGAGACTTCAGCCCGAGGCGGCGGAACAGTTTCCGCAGCGAATCGCAGCTCTGCTCCTTCACGCCGGGGAGCAGAATCACCTTGCCGGAACCGACAGCATACTCGCCCGGCTCGGCGGGCAGTTTCAGGCTTTCGAGAAATCCCGCGGAGCCATCCCGGGTGTATTTCCCGCTTTCCGGAAAACCGACGAATACGCCGCCGCGCCGCAGAAAGGCGGCCAGCTCCCGTTTGAGCTGCGGGGAAAACACGCGGTTCGTGCCGGTATCGAGCAGCACCCTGATTTTGTCAAGGCGCGGAAGTTCCGAAGAGACTCCGACAAAGGGACAGGTCATCTGTTCCAGGGTAAATTCAAGCGAAGGAAGTTTTTCGATGCTGAAGAAATTGGCGGGGCGGCTGCTGTACAGCGTCGAATCCGGCAGCAGCAGGCCGAGTTGCGGCTGCGGATAACGGGCGCCGGCCATCTCCCGCCTGACGAGCGCAACTTCCCGGAATTCGGGAAAGCTCGCGCGGGCCCAGCGGATTCCGTCGAACGAATAGGTCAGCGCGGCGTAGTTGCCCAGAAGAAAATCGGCCAGCGCCATGCGGGTCGCGGCCGGCGAAGCCTTCGGCCAGCCGTTCTCCCCGGTGATCGGAATGCCGAAACCGAGCGCATAGGAGCGGTAGAACCCCTCGGTGTTGATGCTGGTTTCGAGGCATTCGATATGGGTGGCGACATCCGGAAACTCCGCCGCGACGGCCATCGACAGCGCCGGGTCCATGAACGCGGAACGAATGGTCAGCGGCAGTTCGGGGATGACGTCGCGGATCGTCCGGATCGTCCGCCGCAGAAAATTCTGATAGGAATAGACGTGAAAATCGACATAGTCGCTCCAGAGCGGGCCGATGTTATACGGCAGCTGCGCATCCTCCTCGGGAAACGGGACCTCGTCAAAGCTCTTCAGAGAAAGTCCGTAGCGCCGGTTCAGCTCCGGCAGCGACAGTTTTTTGACGGTACGCAGGTAATCCGTCCAGAGCCGATGATTCTCCGGCGTGCGGTAAACCGCGAAGTCGGCGGAGTGCGTATGAGGCGTGCACCACATCGCGACCAGCACAGGGTTCTCTTTGTAACGGAGGGCGATCCGGCGCATGGCGTCGAGGTATTTCCGTTCGAATTCAGGCTGATACACCGCATCGTCCGGCACCCAGCGGAACGCCTTCCAGTTGAAGTTGCTCGGATAGGGGTCGAGCATCAGCTTCTTCCCCTTGCGGCCGACTCCGGCGACGATTTCGTCGAGCCGCTCCCAGTCGACGATCTCGCCGTCCCGCGGTTCGACCAGCCACGGGATGCAGTAGCAGACCACCTGCATTTCGGCCAGATCGAGATCCTCGTCGAAAACCGGGTCGCCGAGGTAGCGGAAATTCGCAAAACAGAGCGCCCCCATGACCGCGCCGGGGTAACGGAAGAAGTTGCGGCGGTTGAGACCGGCCGATTTCGGCCCCTCCTCCGCATACGGTCCGGCCGGGCGGTCGAGGCATTCGAGCAGCGCCTTCATGACCGGGGCGAAATCGGCGCTCTCCGGCTTCAGCGGCAATGCGGCATAGAGAACGCGGCTGCCGGCGAACTCTCCGCCGCGATGGATCGAGAGCTGAAGCGGCGTCCCCCGGAAACGGTCGGGCTGCTGAACCCAGTTGCGGCCGTCGTAGACCGCCTCGGCCAGATTGACCGTTTCGACCTGCGGCAGCAGCGTCTGCTTCTCGATGGAGTTGTCGAGCGGCAGCAGTGCGAGGCTGCCGGGAACGAAGCCGTCGAGCGCCCTCAGCCCCGGATACTGTTCCCCCGCCGGCGTCAGGGCCAGCGGCGAACACTGCCGGGAGCGCGGCGCCCGGACGGTGCCGAGAATCCGTTCGCAGAAGCGGCGTCCGGCGGGTGAACCGAGCTCCCAGTCGATTTCGCCCCAGATCAGCAGCCTGCCGCCGGAACGCAGATAGTCGAGAACGGCCTCAAGATCCCGGTCCGCCAGTGCGGCGCCGGGAACGATCAGACAGCCGGCGGCATCGAATGCCGGGCGTTCCCCGCCGCCGGAAATCAGCCGGACCCGGAGCCCGGCCTTCCGCAGGGCCTCCGCCGCACACGCGGCGGGACCGGAGGCGGCGGAACCGCCCCACGGGTCGAAGAACGCGACTCCGCCTCCATGTTCCCGGCCGATCTTCTCTTCGCGGTACAGCAGCACGGAACCGAGATTGGCGGAATAACCGTGAATATAAACTCCGTAAGTGAGGGAGACGCTGTTCAAATTCCGGTACCGGTTGTCTTCGGCCGCCAGCGTCCGATCGATGCCGGAAAATCCGAGGTTCCACCTTCCGTTCTCCGTTCTCGACACCGTAAACTCGCGCGGAACCGTGAAGCCCGTGCCGGCGGCCCACAATCCGCCGCACCGCCCCAGTTCAGTCCTCTGCCCCGGAGCATCCTGCCGGAAAAACGTCAGTTCACCGGAACGCAGAGCGACGACGTACCCCTGCTTCAACGAATTGAGCAGCAGAATCTCCGTCGGGTGGCCGCCTTGCGGGGCGTTGTGGCTCCAGTGGAAATTACCGAGCTTCAGCGTGAAACCGGCGAACGGCGCCGGGCTCGCAAGCCGGATGCCGGCCTTTTCGCCTTTCGAACCGGGTCCGCCGAGAATCAGCCCGGACTCCCCCGGCATGATGACCGTCCGCTCCTCGCAGATGTTTTCCAGCGCCTCCAGCGTCCGGAAGGATTCGTCGATCAGAGCCGCCGCAGGCAATCCGCCGCAGGCGAGCAGCAGCAGAAAGACGGAAACCGCATAACGCTTTCTCATAAGAATCTCCCCTCCCTCAACGGTCGCCGAGATACCGGGTATCACGACGGGACACCCAGCGGACATCGCCCCGGAGCACCCATTGATGCTGCCCCTCCGGGCGTCCGCTGCCGTCGGTCATGTGGCAGGCG
CP027227.1_gap24	1353500	1354987	1487	TATGAAAACGGAAAAGGATGGATCGGCATGGAACAGTCTTCGGCGAAAATATCGGATGTTTTCCACCGGATCAGTTTTTTTTCGGATGAATTTCCGTTCAGCATTCACCGGGAATTCGACCGGCCGTCCGACTTCAACGAGTCGCGCCGGTTCCGGCGCGAATTCTGGAAGATCGTCTGCGTCATCAGCGGCCGCGGCGAAAACATCGTGAACGACGCGCGCTACCCGGTCGGGCCCGGATCGATTTTCCTCGTCCACCCGGACGACTCGACCACGCTGAACATCAAGACCGAAGCGCTGGAGATCTACAACATCTTCTTCATGCCGGAACTCGTGCGCGACGGACTCCGCGAGCTGCAGGACGATTTCGACTTCTTTTCGATCATGCACCGGAACAGCCGCACGAAAGAGGGCGACTCCGGCAGCCTCTATGTCGCCGAAAGCGACGCCGAGATGCGGCGGCTCGTCCGCACGCTCGAGCGGGAGTTCGACCGCATGCCGCAGAACTACCGGGCCCGGATCAAGCTCATGCTGCTCGAACTGCTGATCCTGCTGGCGCGCAAGGCGGGGAAACGAATCCGGCACCGCGGCGCCGACTCGGTCCGCGAATACGTCGATCACCTGATCGAAAGCTATTTCCGCGAGGAGTTCCGGCTCGATTCGCTGGCGCGCAAGATCGGCATCGACAAAAGCCGCCTCTGCCGCCTCTACCGCGCCGGCGCCGGCATGACCATCATGGATGCGCTGCGGCTCCGCCGCCTCAAGGAGGCTGCTGAACTGCTGACCTGCACGAACCGGACCATTTCGGAGATCTGCTTCAGCTCGGGCTTCAACGACCTGAGCTACTTCTACCGCTCCTTCACCGCGAAATACGGAACCAACCCCGGCGAATTCCGCCGCCGCTTCCAGCGCGAAAACGAAACGTAAGCAAACAGCGCCTTTCCCGGTCAATCCAGGTTATAGACGCATTTGCCGGGGCCGTAGACGGCGCGCCAGTCGCGGTTGAACTGCTCGATGCTCATGTCGGTCAGCGGATGCTCGGCCAGATGCCAGAGGATGTCCGGCCCGATCGTGATCGCCTGACAGCCGGCCAGCGAGACGTCGTTGACCTGCTGCACGTTCTTGAACGACGCCGCCAGCACCCGGGTCGGCATGCTGTGAATCCGGAACAGGTCCGTGATCATCTGCACGACCGTCACGCCCATGCCGCTGATGTTGTCGATGCGGTTCAGGTACGGCGCCGTGAAATCGACGCCGCAGTTGGCGGCCAGCAGCGCCTGACCCGGCGTGTAGATGGCGGTGGCCGTCACCTTCATGCCCCGCGCCTTGAGCCGCGGCATGGCCTTGTAGCCCTCGGTCGAAACCGGAACTTTGATATAGAGATTGCCGCCGATTTTCTCCTGCAGCGCCTCGGCGTCCCGGATGATCTCGTCGCAGGTTTCGCCCAGAACCTGCGCATGCAGCATCTTCTCGCCGATAATCGCGCG
CP027227.1_gap25	1356294	1359189	2895	GAAAACGGCATCGTCTGGGCGCGCAGCTGGCGCGCGACGGAGGGGCTGCCGCTCGGCATGCGGTACGCCGAGCTCGGCGCGGCGCGTCTCGCGGCGCTCGACTTCCTGCACGATCCGGAGGAGCCGCTGATCGGCCGTCTCGCCGTACCGGAGCTCGACCCGGCGGAGAATGAACGGGCGTGGGAGTTCATTCACGCTTCCGGCGTCGAACTGCCCGGCCAGACCGGACACGCCGAACCGTATTATGACGACCTCTTTGCGCTCGGGCTCGACGGCCTCCGCGAAAAAGCCGGCGGAACTCCTTCGTTCGTCCGGGCGGCGGAGGGTCTCTCCGCAATGATCGAACGCGCGGCCGGGCAAGCCGCCGCGGAGGAGGTCGCCGCCGCCTGCCGTCATATCGCGCATGAACCGCCCGCAACCTTCCGCGAGGCGATTCAGCTGGTCTGGTTCGTGATGACGGCGATCCAGATCGGCGACCGGGCCGCGCTGGTCGGACCGGGACGGCTCGACCGCCGGCTGATCCGGTTTTACGAAGCGGACCTCGCGGCCGGAAGGCTGACCCGCGGCGAAGCGCTCCGCATGATCGAAACGCTTTATCTGTTCATCAACGCAAGCTGTCCGCGCGGGCTCGCCTATGCGGTCATGGCCGGGGGGGGCGGCGTCTGCAACGAACTCACGCTCCTGTCGCTCGAAGCGCTGCGGAAAACCCGGCTCGTCTACCCGAGCGTCGGCGTCTGCTGGAGCTTCGACACGCCGGACGAACTCAAAACACTCGCGGTCGAACTCATCGCCGACGGAATCTCGAATGTCGCCGTATTCAACGACGAGCTCATCCGGCGTTCGATGGTCCGCTACGGCGTCCCGGCCGAAGACGCCTCCGAATACATCAATTCGACCTGCGTCGAAATCACGCCGTGCGGCGCAAGCAACGTCTACGTGGCGAGTCCGTACTTTTCGCTCTGCGCGCTCCTGCTCGACTATCTGAAGGAGCCGGAGGGCGCGGGCTACGCCGCGTTCCGCGCCGGATACCTGAAGAGAGCCGGGCGCGAAATCGACCGCGCCGCCGAAGAGCAGAACCGCGTCCGCCGCATCCGCCGCGAACGTATGCGGCGCCCGATCCAGAGCCTGTTCACGCGCGACTGCATCGCGCGCGGGCTCGATATCGAAGAGGGCGGCGCGCGTTACAACTGGGTCGAATGCTCGTTCGTCGGACTTGCAAACCTGGCCGATTCCCTGACGGTGATCCGGCGCGAGGTGTTCGAGCAAAAAAATCTCACGCTGCCGGAGCTCCGCGACGTGCTGGAACGGAACTTCGAGAACGCCGAGGCGCTGCGGCAGCGTTTCCTGAACGGCTCCCCGAAATACGGCAACGGCAATCAGGAGGCCGACGGAGAAATTCCGATCATCACAACTTATCTCGCGGCGCGCTGCGCCCGGCAGCGGATGGAGCCGGACGATTCGCACTTCATCCCCGGCACCTTCTGCTGGGAGATGCACCAGCGCCTCGGCGCCGAATGCGGCGCGACGCCGGACGGCCGCCGCGCCGGTTTCCCGTTCGCCGACGGCGCCGGCCCGGCCCAGGGACGCGAAAAGGAGGGTCCGACGGCGGCCGTGAATTCGGTCTGTTCGTGGAACCATCTGCCGATGCTCGGCGGCAGCGCCTTCAACCAGCGCTACACGGCCGCGGCGGTCGCCACCCCGGCCGCGCGCGAAAACCTGAAACAGCTGATCGACATCTTCATCCGGTTCGGCGGCTTCGAAACGCAGGTCAACATCCTCGATGCCGCCCGGCTCAAGGCGGCGCAGCTTCACCCCGAAGAACACCGCGACCTCGTGGTGCGCATCGGCGGCTATACCGACTACTTCACGGGACTCTCTCCCGCCATGCAGGCGGAAGTCATTCAACGGACCCAATACGAGGAGCTGTGACCAAATGGACACCGGAGCACTTGAGCGACTGCGCGAAAAAATTCTCGCCTCCGACAACCGGGCCTGCTTCATTGAGCGCGAAACCCTGCTGCGCGACCATGCGGAGCAGACTCTCGCCCTGCCGGAGGAGGAACGCTACCTGTTCGAATTCGAGCTCCTGCTCGGCCGCCTTTCAACCCCGGTCGATCCCGACGACCGCTTCGCGGGGCGCATGGCCGAAGCGCGCTGGCCGCACCCGGAGCCGTTCACCCGGATTCCGGGCGGCATCGGCAGCGAAGGACACATCACGCTGCCGATGCCGGAAATCCTGGCGAAAGGGCTCGACGGCATCGCGGCCGAAGTCTCCGCCGGCGCCGCCCGGATCGACACGCCCGAAGCGCGTTTTTTCGAACGGAACGCGCTCGGCTGCATCGCGGCGATCCGCGGCTTCTGCAACCGATACGCCGACGCGGCCGAAGCCGCGGGCAAGCCGGAGGCCGCAGCCGCGCTGCGGCAGGTCCCGTGCGGTCCGGCATACGATCTCTTTTCGGCGCTGCAATCCGTCTGGATCATGCAGTTCATCACCAGCACGGTCTGCGGCGCGCGCGATTTCGCGCCGGGGCGGATCGACCGTTACCTGCTGCACTTTTTCCGGGCGGAGCCGGACCGCGGCCGGGCGCTCGAACTCCTCGCTTTCTTTCTCGTCAAATTCAACGAAATCACCGGCACGGCGACCGACAACTTTGAACAGAAACCGATTCCGTGCACGTCGAGCAAGCAGTACCTGACGCTCGGCGGACGCAACGCCGCCGGAGAGTGGGAATTCAACGCGCTCACCGCCCTTTTCGTCGAGGCCGCGGAGCTCGTCCGGCTGCCGCAGCCGACGCTGAACTTCCGCATCGGGCCCGGCATGCCGGAAGAGGCGTGGCAGCTCGCCGGGCGCGCGGCGCACGGTCTCGACGCGCAATGCAACTTCTTCAACGACCT
CP027227.1_gap26	1393185	1394107	922	AGAATATCCGCCTTCGAATCGAGCAGGACCGACGGCCGGATCTTATCCTGCCAGTAGTCGTAGTGCGCGATGCGGCGGAAGCTCGCCTCGAGGCCGCCGAGCTGAATCCGGATTCCGGGAAACGCCTGCCTGACCAGCTGCGCATAGACGATCAGCGCATGCGGCGGCCGCCTGCCGGTCTCGCCGTTCTCGCTGAAGCAGTCGTCCTTGCGGAAGCGGCGGCCGACGGTGTAGATGTTGACCATCGAATCCATATTGCCGGAGGTCACGCCGACGCCGATGCGCGGGCGGCCCATGACCTTCAGCGCTTCGGGGTCCCTCCAGTCGGGCTGGGCGACCAGTCCGACCCGGTAGCCGCAGCCGGTCAGCAGCCGGCCGATGATCGAAACGCCGAACGACGGGTGATCGACATAACAGTCCCCCGTGACCAGGAGAATATCGAGCTCCTCGTAACCCGCCTTCTCCATCTCGGCACGGGTCGTGGGCAGGAACTCCGGCTGAACGGTCATTTGCGCGCCGCCTTCATGTTGCCGCTGTTCGGAATCGAGCGCGGCGGCGTGAAGCTCCGGTTTTTCAGGTTCGTGAACGGAACCGGCTGGTCGGCGCGGTCCTTCGGCGGAAACTGGGCCTGAAGCGTCAGCGTCTGCTCCGGCGTCAGGCCGACCAGCGTGGCGTCGAGCACGAACAGCAGCGTGTACTTCTCGTTCGCATTCGCGCGCCGGACTTCCCAGACATCGGCGTTGAACGCGCTGTCCCCGGCCCGCAGCGCGATGCACGGATAGGCGACGCCGAACGCCTCAAGCGCATAGTCGTGGATCGAAATGCCGCGCCCCGGCGCGATTTTGACGACCAGCTCCGCATAGATCCGGCGGTCGAAGGAGAGCGGAAATGCGAGCGGGTCCTCGTTCGCGATGCCCGGCTT
CP027227.1_gap27	1520004	1523250	3246	TGGTTGATGATTTCGGTCGGAATGATCGTCCTGTCGCTGTGGACGGATATTCTGAAACTGATATCGGAACTCATCGGCATCCAGTATCCCCCGGCAACGCTGTTCCTTCTGCTGACGGTCGGAATCCTGTTGTTGCTGTTTCAATATTCAATCGTAATTTCGCTGCACAACGAAAAAATCATCCGGCTGGCCCAGGAGATCGCACTCCTGAAGGAGCAGCTGAGACAGACGAAGAAAGACCGCAACGAACCGTGAAGTTTCCGAAAATACAGGACATGCCGCACGGAATCCGGTTATTCGTCGGCGGAGTGGCGGTTTCATTCGGCGGGATGGTGTTGCTCGGCGTGGTCAATTATCTGATTCGCCGAACACTTTCCCAGGAACTGCCGAAACCTGATTTCGGCTTTTTCTACAGCATGTTCGCCCTCGCCAACCTGCTGACCATGCTGTTCCAGTTCGGAGTCAAGCAGGCGAAAACAATCCTGATTGCGAACTTCATGGCCCGGGGACAGAAAAAACGGATCAATCCACTCGCTTCAAGTATTTTGTTCTTTACGATGACCGGCAGCACAATGCTCTGCCTCGGACTTCTTCTGGCAAAAAGCTGGCTGCTGGAGCACTTCTTCAAATATCCCGGGGGCGGCACAGCCTACACCATATTCCTGCTCTACATCTTCGCGCTGCCGATCTGGGGAATCCTGCTCAGTATTCCGCACGGCATGAAGAATTTTCCGCTCTACTACGGCTTGTCCATCCTGCAGATGGGAGCAATCCTCTGCGGCTGCCTCTGCTGCGCGCCCCGTTGGGGGCTCAACGGCGTGAGCGCGGTCTGGGCCGCTTCGATGCTCGGAACGCTGCTTTTCGCCGCCTGGAAAATCTATTCCGTCTACCGGATCAGAATCTCGCCGCGCTTGGCGCTGAGCCGGAGAATTTGCCGGAAAATCTGGGAGCTCTGCAGCTGGATGTCTCTGTCGCTGGCCGGAATCATGCTGATCGGCAATCTCGACACTGTCTGCTTGACCTACCTCAGCACACTGGATTCCGTGGCCAACTACAATATCGCGCTCCCGATCGTGCAAATCATCCAGAGCCTGCTGGTTCTGCCGTTTGTTTTCATGCCGATCGCCTCAAGCATGTGGCAGCAAAAGCGCTACGCGGAAATCCGCAAAATCTTCCGGGCCGCCAATCTGCTGATGCTGGCCGCCGTCCTTCCGACATGGTTTCTGTCGGAACTGCTGGGCGGATGGGTCATCGGCTTTCTCTTCGACTCCGCCTTCCTGGCGGCGAAGCCGGCGCTCGTGATCCTCGCCACGGGCTCGTTATTCCTCGGCATCGGGCAATTCAACCTGAATTTGCTGAATTCAAGCGGCAGCCAGAAAATCGGAGCCGCCATCGTCCTCTGCGCCATTGCACTTAATCTCGCACTCAACGCTGGGCTCATCCCGAAGTTCGGCATTGTGGGAGCGGCCTTCGCAACCGCCGGCTCCTATCTGCTGATCGCGGTTGCCAGTTTTACTGTCTGCCGCGTGCTGCTGCGCCGCAAGGAGCGGAACTCAAGGCTCGAACAGTGACAAGTCGACCTGTCGGCCCGACACCGCAAGGCAGAACGGCAGCCAGGTGAAATTCCGCGATGTCCGTACCAGAAACGGTTCCACGCATCATCTCGCCGCGAACCTGATTCAGAGGCAGCAGGAAACGCCCCATGACCTCTTCTTCGTCAACGAAAATTCAACTGTTCGAGCCAATCGACGGCGTTGATCCAGTCAATCGCGTCACGATCGGTTTTCCCGCACAGCAGCCCCCGTGTCTCTCCCGTGGTAGCGGCCAAGCAGCCCGATCGCTTCCACGCGCGACGGCGGCGCGGCCGGAAACGAGATCGACATGGCGCGGCGAACGTGCCTGAAATCCCCGAACATCGCCTTGATTCGGAAGAGATCTCAATCCGGACCGGCGCCTTTCCCGGCGGCTCGAAATAGTGATATTTAAGCACACAATCCGATACGACCGGCCAGAAAGGATGATGCTCCTCCAATCCGACCATATCCCAAATGTTGTAATACTTCGCCACTGCCGGGTCATTCGGTTGACTATTTCAAACACTTCCCGTGAATACCGGGAGGAACGGCAGACAATAGAATTTCTCAATATCACGGCATACCATGCGGAGCGTACGGCGATATTCTACAAAGAAATATCCAGCTCCGAGAAAATTCACTGCTCGTCAGCATTCTGACAGGCGAAAACGACTCCGCAAGAGAAAAACGGCCTGGCTTTCCTGCCCATTTACAGCAGAAACTCCAACTGTGCAGATTTTTCAGGCTCTATCACGGTCGGGAAAGGAGCCGCCTCCAGAAGTTGTTTCCGAATGGAATACAAATCAACCTGCGGAAGCGAAACCTTTTCCATTCCGTTGAAAAGTTTCCCCATTTCCTCCAGCGAAGCACAATTTTCCGAATTCAATGTGACGGGAGAATAAGTTTTGATTCCAACCGAAGAAAAATAATCTTCAAACTTGCTTCCATCGCCAGGGATCGTATGACTTTCCATCCGTAAAGCAGGAATTCCGTAGGCGTGAGGAACAATCAACCCATGTAAGGATGAAGAAAGGATTCGCCGGCAGGAACAAATCTCATCTGTAATTTTCTCCACACTTTTTCGATTGGTCCTCAAAGAAATAAAAAGAAACTTGTCTCGGCAGGAAGAACGCTCGAGAAGTACTTCAAACCGCTTACGATCGTTATTGTGAGCAATAATTCCGAATTCATGACAAGGCTCAACTTTCGGTCGGTAAATCAATGGCAATAAAAGGCCGGGATCACCCATAACCACTCCGGAAACGTCACAACCAGCTTCTCTGAGCCGCCGCAGCGTCAGAGGCCCGCGAACAGCCCGGTAACAAGCTCCCGGTTCAATGGGATCGGTTCGATAAGTGATCCCGGATCCCCAGATGATGCAATTTTTCCGTGCAAGGCCGACAATCGAACCGACAGCAAGAACAACCGGCGCAGTACGAGCGTAGGCTAAAGAGAAATTGTGAAATCCCCGCCCGAACAAAATATCACGGCAACAAATCGCCACATCAAGCGTGATTCGTTTCCAGGAAAACGGCCGGCAAAATCGAACTTTTTTCCCGGAAAGTCCGGCGATCAGGTACGGGGAAAGCTCGTCGCCATAATTATCTCTGAAATAGTATAAGTCAATCATAAGACTGTAATTATCCTTACTTCCCTTCATGGATTACCCGCA
CP027227.1_gap28	1608650	1613131	4481	CTGACCGGCAATCTGACGCACGCAGAGGGAACGCTCCTGATGGATATCGCTTATGACTTCGATCCGGCGGAGGTTCACGCCGCCGTGCAGAAAGCCGGAAAGTGGAGCCGGCAGTTCTTCCTGTTCCGGGCCGACAAGGACGGAAAAGGCGTCGCACTGTACCTGGATATCATCAGTAAAAGCAAGCCCGGCAACATCACGGTCGGCGTGATGGCAGCCGGGGAACAGCATCAATGGAACTATGTCTCCGCACTCCGTAACGAAACCGCATTGCCCCGCGGCCAGAGATGTACGATCGGTTTCACCTGGAAACGGAATCGGTTCGCAATCATCGTAAACGACACGGTTTTCCCGGAGGCCGACGTGGGCAGACCACCCGCCTGGGGACCGACTTTCCACTTCGGAGGAGCCGGAACCTTTCCCGGCCGGCTTTACGAAGTCCGCGCCTATTGCAAATCCGCGCTCTGAGGGCTCCGGCCTTCCGGTCGTTTTTCCGTCAGTCGGGGGAGAGCGTGAATTCGCGGACGCCGTCCTTCGAAAGCGTGATCCGGCGCGTGAAACTGCCGCCGTCGTACCGGACTTCAACCGCGTAGTCGCCGTAGAAGCCGTGGAAACGGTTGTCGCCGCCGTCGGCGTAATCGAAACCGGTTTCGGTACGCCACTCCGTCCGGATCAGCCGTTCCAGCGTCCGGAAGGCCGGTTTCGGCGCGAAGTCGTAGCCGACCAGCCCGGCGCGCAGACGGTTTTCGCCCTCCTCGCTGCCGAGCGGCGCATAAGCGGCGGTTCCATCCACCAGATTCCACCAGACGATCGCCTCGGTCGCCGGATGGCTGAACCAGAGCCGGTAGAGCCGCTCGACCGCCAGCTCCTGAAAACGGTCGCCGTCGCCGAGATCGCGGCGGCTAAGGATGCTGACCTCCGAAAAGTTGATCGGCAGATTCAGCTTCGCGTACTGGTCGAGACAGCCGAAGATGATCCGCGCATTCAAAGCGCGCTCGCTGTCGCGGAGCATCGGTTCGAACATGTGGAACTGAAGCCCGAGACCGCCGACCGGCAGATTCCGGTCCAGCAGCCGCCGCACCAGCAGATAGACCGGAGAATAGTCTCCCTGGCAATCCCACCAGCGGCAGTCGTCGTTGTAGATCAATTGCGCGGACGGCGAAAAACAGCGGTCGGCAAGACGGAACGCGAACTCGACATGATCGTCGCCGAGCGGAAAGTCACGGCTGTATTCGAGCGGGTAACGGGTCTGCGCCTCGTTGACCGCGTCCCAGATGCCGATCCGGTCCCCGTAGCGATCGGAAATTTCGCGGAACCGCTTTTCGAGCAGCCGCCGCACCGACTTCCGATCCCCCGGCAGCCAGGAAGGCCTGAACTGGTGCCAGCAGAGCGGATGCCCCTTCGGCGTGATGCCGTAACGGTCGCAGAATTCAAGGACGCGGTCCGGCGGCGGACGGCGGTAGACCGGCTCGCTGCCGCAGCCGAACCGCGGCCTGCCGGCCTCCGGCTCAAGATCGGACCAGTAAAACGGCACGACGGCCAGGTTGAAAATTGAGGCGAACACCTCTTCGTACCGCCTGTTCTGCTCTTCCGACGGGAACTGATCCACCATGAACGCATTGCAGCCGAATTTGTACTCCGACGCCAGCTGGCGGAGCCGAACCGTCGCGCCGGGGAGCGGCCGGCCGTCGGCCCCCTTCAGGAAAATACGTCCGAACCCCTTCCGGTACAGCTCGGTGCCGACCCGGATCCTGAAATCGATTTCAGAGTCTTCGACCAGAAGATTCTTCAGCAGCCGTTCGGCTTCTTCACTCATCGCCATATTCGCCAACCTCCTGCAATCCCCGAAAAGTTGCCTGGTCTTCGGACCCGGGCTCCGATCCCCGCCTCCGGCGGACTTCGGCCGCTTCCCGGGGCCCCGCGCTCTCTACAGGGAAAGGCATTGTTCATGTTTCGATGGAATCGACACACCGTCTCCCGCTTGAACTTTCACTCCTAAAATAACCGCCGTTCGGCGGAATACAACCCGCAGTTTTTCATTTTTTCATTGAAAATGGAGCAATCCCGGTGTACGTTATCCAATATCATGGAAACGAACAGCGATACACTCGAAGCACTCAAATATTATTACGGATTCGACGGCTTTCTCGACAATCAGGAGGAGGTGGTCGAAGAGATCCTCTCCGGGCGCGACCTCTGCGTCATCATGCCGACCGGCGCCGGAAAATCGCTCTGCTACCAGCTGCCGATCCTCATGCGTCCGGGTTACGGCATCGTGGTTTCGCCGCTCATCTCGCTGATGAAGGACCAGGTCGATTCGCTGCTGGAAAAAAACATCCCGGCCGCCTTCATCAACAGCACGATCCCATTCTCCGAACAGGCGCGGGCGGCCGATGCGGCGGCACGCGGAGAGATCAAGCTTCTCTATGTCGCGCCGGAGCGGTTCCACACGGATTTCTTCCGCAGCTTCCTCTCCGCCACGCCTCCCTCGGTCATGATCGTCGACGAGGCGCACTGCATCAGCCAGTGGGGGCACGATTTCCGTCCCTCCTACTGGCGGCTCGGCGAAGTGCTTGATTCGTACCGGATTCCGCAGGTCTGCGCCTTCACCGCGACCGCCACGCCGAAGGTCCGCGACGACATCCGCACTCAGCTGCACCGGCCGGAGATGGATCTCCACGTCGCCGGATTCAAACGGCCGAACCTCGCGTTTTCGGTCGTCGACTGCCCGTCCGACGCCAGCAAGATCGCCGAGATCCGGCGGCGGCTGAAACAGAAGAAACCGACCATCCTCTACACATCGACCCGCAAGGCGGTCGAACAGCTCGTCGCCGAATTCGGCTGCATCGGCTATCACGCCGGCATGTCCGACGACGCGCGCAGGGAGGCGCAGGAGCGGTTCATGAACGACCCCTGCCCCGTGCTGGCCGCGACCAACGCATTCGGCATGGGCATCGACCGGCCCGACGTCCGGCAGGTCATCCACTTCAATCTGCCCGGTTCGCTGGAGGCCTACTATCAGGAGGCCGGGCGCGCCGGGCGCGACGGCGAAGCGGCCGACTGCGTGCTGCTCTACGCCTACCGCGACCGTTATGTGCAGGAGTTCCTGATCGACCTGTCGAATCCGCCGCCCGAAGTCGTGCAGGAGCTTTACACGCGGCTGCGCGAGCTCGCGGCCGAACGCGGAACGACGATGCTCGAGGTGACGCTGTCGGAGCTGGTCCCGGAAGTACCGGGCGCGAAGTCGGACAGCCAGCTCTCGGCCGCGATGAGCATTCTCGAAAAGGCGAACCTGGTCGACCGCGGCTTCCGGCGCAACAACCGCGGGTTCCTGCGTTTCACCGGCGACCTTGAATTTCTCGCCTCCGAACATATGGCGCAGGCGACGCAGCGGTCGCGGTTCATCGCACGCTGCATCGAACGCTTCGGATTCGAACTGCTCGAAAAAAAGCCGTTCACCTTCGACGAGCTCGCCTCCGTCGCCGGACTCTCCGTCGAGCAGGTCAGGCGCGTACTGAGGGCGCTCGACGGCGACTGCCTCGAATGGAGCGTCCCGTTCGCGGGGCGCGGCACCGAGCTCCTGAATCCGGACAAGGTGCAGGTCGACATGGATTTCAAGGCGATGAACGACAAGCGCGAATTCGAACTGGCCCGTCTCGACGAGGTCTGCACCTATGCGCGGGCGCACCGCTGCCGCCAGGCCGTGCTGGTCAGCTATTTCGGCGAGGATTTGCGGGAGTGGCGCTGCGGGAGCTGCGACAACTGCACCGGCAGCTCTTCCGGCAGCGGCGGCGCCCTGCGCGAAGTCACGGACGCGGCTGAAGAGGGGGTTGTCCGCCGCATTCTCGAAGCGGTCGAAGATTTCGACGGCCGCATCGGCGCCGGCAAACTCAGCCAGATTCTCTCCGGCGGCAAGAGCGCGGAGCTGACCGGGCGCGGATTCCACCGCAACCGCCATTTCGGCCGCCTGGCGCCGCTCAAGCAGACCAAAATCATGGCCTATTTGAAATCGCTTGAGCTCGGCGGCTATCTCGGCCGGGTCGAACGGGGCGACTTCCCCTGTCTCGAACTGACCGCGCGCGGGCTCGAAGTGCTGAACGGCCACACCCGCGCCCGGATCGACATGCCGGAGCTGAAGCGGGAGAAACGCGAACGCCGTTCCGGTTCGAAGCCGTCCGCGGCAGTTCCGCCCCCGGAAGGCGGGGAGACCCTCTTCGAAGCGCTGCGGCAACTCCGCAAAGAGATTGCCGCCAAGCGCGGCGTGCCGGCCTACGTGGTGCTCTCGAACACCGCCCTGATCGGGCTGGCCGAACAGAGGCCGCAGACGCTCGCGGAGGCGCAGGAGGTCCCCGGCATCGGCCCGGTCAAGGCCCAGACGGTGATTCCGCCCTTCCTCGACGTCATCCGCGAGTGGGAGGACGAGTGATTTCGCCCGGCGGCGGCGTCACCTTGCGTCTTTCTTCAGCGCGTCGAGCTTGTCC
CP027227.1_gap29	1646875	1651046	4171	CGCCGCGGCGAAGCAGCATGGGCAAGTGTCCGTGGGCGCGATGCAGAGTGAACTCGGTATTGCCGAAATGAGCGGCGGTATTATCGAGGTTGGTCAGCTGCAGCAGCAGGATGCTTCTGCTTTCAGCCAGCGGCAAGTCGTCGAGCGATAAAGCGGCAACCGTCTGGAAAGTCGAAGCGTCGTAAACCCGCATTCGGTTCCCGGCAAGTTCGCCGCCGGGTAACGTCAGAGATTCGGAACGCGGAGTTGTCACTGCAAATGTTTTCGCCCCGGAATTCAGAGTGATCTGACCGGTTGAGCTGCGGGCAATGCCGTTTTTCACCGTCTTTTCCCAAAGTCCGCAGATACGTCCGTTATGGGTCGAGCGGGGATTGAACGTTGCGGAAAAAGGCAGCCGGAACACTCCGCCGGGAAGCGGGGCATCACCGGCAGACGAACCGATTCGGGCGATCAGCCCGAGTTGAAGAAGCGCCGGAGTTTCCGAAAAACTGAGCATCCTGCCGGCATCGAAAAGGTCGTCGGGAACAGCGATGGCGTATTTCTCCTTTGCCGCTTCGACGTCGCCGCGGCGGAACATCAGGACTGCGATACGGTCGGAAAGTTGTACCAATGGATCGTTCGCGGCGTCGAACATCGTCGGCGGATTGATTCCGACAACCGAATTCCGGCTGTGGCTCCACGCGAATCGGTAGAGACCATCCCAATCCTGCAGCGCAGAATAAGCACCGATCAGCGGTCCGCCTTCCGCACGGTAGAGATTCGGCTTCACAAAATTGAACTCAGTTATAACAAAGGGCTTGCCGAAAATGCGGGCTGCCATCATTTCACGCGGCACCTGCGCTTTTCTGGCGATGGCGGAAGTCTGCGAATAAGCATTCGGCAGCCGCCACGCCGCTTCGGGGAAGGTCGGATGGTCATGGTAACCGTGGGAATCCACCACGTCGAATTGATGCCGAAGCCGCACCAGATCAGCCTGCTCCGCTCCGTTGTTGAGGCTGGTCAGGAGTATTTTCGTTTTGATCTCATCGCGCAGGAAACGCAATTGTTCTTCCAGCGCCTTATTCTGAAGCTCATTCAGGAACTGCCGGAAACGGCGGTCGTCTTTCCGGGCGGGAAACCCATTGTTCTTTGCCCATTGAGCATACTTCTCCCGGTAGAGCGGGGCGGCCGCCGACCAATTGAGGCTCAGCGGCTCTTCATTGACCAGGTTCAACATCCAGATCGCCGGATCCTCTTTCCAGCGGAAACCGGTATAGGGATTGCGGTGTTCCAGGAGATTGCGGCTGAATGCCTTCCAGTTATTCATAGCAGCCCGGCTGATCGGCAGCAACGCTTTCAGGCCGGCTCTTTCACAGAGCCGGAGTTCCGGAATATCGTCACCGGGTTTGAACGCGCGAGCGGAGTAGAGGTCAATGGTAGTATAGATTCCCTGTTTCGCCATCGTGAAAATGAGATAATCGAGCTTGTCGAGCCGGGCGGCGTCGAAGGTCACACTGTCCGGGGCTTCCGGGTCAACGAGGAGGTCGTCGTAATGGTGAATGCGCAGACTGTTATAACCGAGTTTGCGGAAATCCGCGGCAAGCTTGTCCGCTTCCGCCTTTTCCAGATAACAGGCGGAAAAACAAATGTTGGCCCCGTAAAGGCGAATCCGTTTTCCCGGAGCCTTTTCAAAACCGAGCGTTCCGTCGGGACGGGCGATGATCGAGCCGTATCTGCCGGCGGGAGCCTCCGTATAGCGCGAGAAGTCGAGCGGGCTGCCCGCCACGATTTCCTTGGTGAATTCAAGCGGCAGCCACTCCTTTCCGGAGGCAAGCAGGACGTCGTTGTCCGCGCGGGAAAACCGGAACGGCCGGTCGGCAAGCGTGATGCCGGCAATCATCCACATGGCGTTAACGTGTTCCGGATTGAGCTGAAATTCAAGCCGGCGCGGATCGCTGCGCTTCAATGCAAAAGGAGCGGCGTAAAGTCCGATGGGCGCCGCCGGATTCTCGTGCTTCCAGGCAACTGCGGCGTTTTTGCGGGGAAACGGATTCCACCAGTTGCCGCTGTCGTCCGCAAGGGAAACCGGAATCTTCTGGAGTGAACCATCTGCGAAAGTCACATTCAGATATCCGAGCGGCTTACCGCCGGAAGGCGTCCAGGCGGAAGCATGCAGCAAGGTGACGGCACGGGCCTCGGTGTCTGGCGGGAGTTCGACGGCAGCCCGGCGCTTCGCAACGGTGCGTCCCATCACAATGGCGGCCTTTCCTCCGTTTCGGGCGGGATCGATGATATCGAATGTGATGTTTTCCAGATGCACTTTGCGCTGCGTGAAGGAACGCAGGTCGTTGTTTTCCCCCTGGTCACTCCAGCCGCCCCGGCCGTCGTCGGCAACGTCATCGGCAAAACCGAAATTCACAGCCTGCGAAATATCGACCGGCATGGACCGGACGGTTTCAACCGTGACGGCAAGGTCGATCCGGCTTTCGGAGAGTTTGCCGGAACCGGGGGTGCCGCAGAGCCGCAATGACAGCCGGTCGCCGCCGAATTTGCGGTTGTCCTGCACTTCAAGGGTGAAATTTCCCTTGAAACGCAGTGTAGTTCCTCCGGTGAGTACAACGGTCAGTTCTTTCGCCTCTTTGGCTCCGGCGATATACCGGTCGGTGAATTTTTCCGGCAAATCAAGCTTCCGGCCATCAACCGTCACGTCGAAAGGACCGTTGCCGGTCGGGAGGTCGAGCGAAGCGCAGAAAACGTTGATTGCCATCGGATGCGGGAATACGGCATTCACGGTAAACAGGAAACCGGACGGCTCCAGCGGAGTGATCGTTTCCGTAATCCGAATCGAATCTCCCCCGAACCACATCGTGCCGGACGCGCTTCCGCCCTGCCGTCCGATACGGGCGGCGTCCATCTCCCATTTTGCAGTCGCCCACTTGTCATTGAAACATCGGACACTCAACTCGGCGGGACCGAGTTTGAGAAAACCGTTGCTCTTCACCTGAACAACGGAAGGCAGTTCCGCCGCCGTCGCGGCGGCAGCCGCCGTGATTGCCAGAAGCAGTATCCAGAATTTTTTCATCCTGCTGATCAATCCTTAATTTCAGTTGATTATGAAATCTTTACCGTTTATATACTTCCCACACTTCTTCCCGGAAAAGCTCCGTGCTGTTTACCAGGGAAACATGGCAGTCAAAGAACAGTGCATTCGCTCTTTTGGAGTGAATGAAATGCACTCCCTCTCCAGTGAAATAGGAAGTTTCCGTTTTCCTTTTCCAGCTCCACCAAGCCAGATTCCACGGCGCTCCGGGCGGATTGGTCGACAGGTTCAGTGTTTCCGTGTGATGCAATTTTTGCGAAGGATTCACCACTTTGGGATAAAAGTGGACAAGCCAGTCCCGGGTACTCTCGCCCGGCAATCCCGTCCCGTTTTTGGCGTAAGTGTTCATATCGTAAAGGCCGTCGCCGCCTGCCGCAATCCCGATCTTCTCCGGACAGAGGCGGTTGAACGGTACTATTTCACGCTTCCCCCAGGCCAGCTTCCAGGGAGTTCCGCTTTCACGGACCGGGGAAATTCCGAAATACGGATAAAACCCGGCACATACGGAATACGAACTCCAAGACGGCATGTTAAACGGTACATCAAAGCCCCTGTTGTCGTCACTGTAAGCCATGTTCGCCATCCCGACCGACTTGAGGTTATTGGTACATTTGGTCGTCCGGGCCCTGCCGCGCGCCTGATTCAAGGCGGGAAGCAGCATGGCCGCCAGGATCGCAATAATACTTATCACAACCAGCAATTCGATAAGTGTGAAATTATTTGATAATGTCCCGAATTTTGTGAAGACAAAGATTGTTTCAAGCCATGAACTTTCTATTCATTTAAAATTGACCTCTGGATTTCCGGCAATAGTCAGCAGAAGATTCCCCAGGATTCTTTGAGGAAGAAGCGAGGGGAAATCCTTGTGAACTTGAAAAATAGAATTCCGTGTACTATTATGAGTCAGGGCAAATCAATGCTCATTGGCATACTATCCATTCTTTCACAAAATTTAGGACAAACACCCCATCATATACCAAACGGAACGTTATTCACAAAGCAGTTCATACGCGAAAACCAGATGTCCCGGATAACGCGTGGTATCGGCAATGAAGCTGCGGGAATCCCCCTGTTCGATCAGCGGAATTTCCG
CP027227.1_gap30	1695450	1696615	1165	AACGCAGCGGGCAAGGCGGTTCCCGCCGGCAGCTCCGGCGCGTTGAAAGTCGTCGGCCGGGCGGAACATAACGCAGCGGCCGGCGAAGCGATCGAAACGGCGGTCGGCGTGTTCTGCTACGGCAACGGCTCCGGCGGCGCATTGCTGACCGCCGCCGATGTCGGAGGCCCGGCCTATGTGGTCGATGACGAAACGGTCGGCAAAACCGGAACCGTCGTCGCCGGAACCGTTTTTCAGGTCGATGACGACGGCGTCTGGGTCGACCTGAAGGCCGGCCTTATCACCGTCACCCAGGCCGCCGGCTGATCACACAGAGAGGAAAATATCATGGATATCAACCGCAGCAACATGCAAACGCTTTTCACCGGCTTCAACCTGCTCTTTCAGCGCGGATTCGAGGCGGTCCCGAACGATTATCTGAAATTCACGACGACGGTTCCCTCGACCACCGCGACGGAGGCCTATCCCTGGCTCGAACAGGTCGGCGGCATGCGCGAATGGATCGGCGACCGCCAGATCACGAACCTGAAATCGCAGAAGCTCGACGTCAAAAACCGGTCGTTCGAGAAAACCGTCGCGGTCAAGCGCGACGACATCGAGGATGACAAGTACGGTCTCTACAATCCGCTCGTGCAGGACCTCGGCCAGTCGGCCGGCGAACTCTGGGCGGACCTGGCGACGGAAGTTCTGCTGAGCGCGAAAAACGCGATCTGGATCGACGGCAAGAAGTTCTTTGCCGCGGATCGGAAATACTCGGACGGCAAGAAATCCTCGATCATCAACAACCGGGCGACCGCGGCGCTCTCCCCCGAGGCGTACAAGGCGGCGCGCGCAGAGATGTACAAGTACAAGAATTTTGCCGGGCAGTCGCTGAAAGTCCGTCCTCGGCTGCTGCTGGTCGGGCCGGATAACGAGGAGATGGCCTTCGAGGTCCTCAAATCCGAGCTGACCATCAAGGCGAAAACGGACGGCAGCACGTCCGGCGTCGCGACCACGAAAAACGCCTGGGCCGGGACGAGCGAGTATCTGGTCATCCCGGAACTCGGCAGCGAGTGGTTTCTCTTCGACGTGACCCGGCCGGTCAAGCCGGTCGCGGTTCAGCAGCGGAAAGTCCCGAAGCTGGTTTCGCAGATGGACGAAACCGACGACCGCGTCTTCATGCGCG
CP027227.1_gap31	1699794	1704192	4398	TCAAACCAGGAGCAGGCAATCCTCGCCCGGAAAAACGAGCTTGACGCCCTGCAGAGGCAATATGACGCTTTGAATAATCAGGCAAAACAGCGCTTTACCTCGAGTGAAGACGCCGCCGCATTTCGCAGCCAGGCCGCTGCATTGATTCCCCAGATAAACGCGGCTCGCGAGGCGTGGGCTAAAGCCGCTGCGGAAAATGACCCTGAGCAGTTTATCGCCCAATACTTGCGCCGATACCGTGCGGAGCGGAATGACCGCGACGAGGCGGAAAATGCGGAAAAAGAGCGAAAAGAGCGGGAAAAACAGCTGGAGATTGAGAAGAAGCTGGCGGCGTTTCGGAGTTCATACGCAGGCAGTCTTCAGGGGGCGCAGGAAGCGCTGCTCTCCGGCATGGGGCTCGGGAATATCGCGGAATATGAGCGCGCGCTGCGCGAACTCGAGAAGGCGAAAGGCGCCCCGCTGACCGCCGAGGAGCAGAAGCAGGCGGCCCGGCTGGGCGATCTCCGCTATCGCCAGTCCATGATCGGAGTCAACCGCCAGGAACTCGACACGGAAATCCGCAGCAACGAACTAGCGAGCCTCGGTGGCTGGTATTCCAGCGTCGTCATGCCCGATGCGGAATCGATCAACGCGAATATTTTAACCGAAGCGCAGCAGATGCGCACTCTGCTCGAGGAGATCAAGACCGAGCTCGACAGAATTACGATTGTAGGAGGTTGAAACATGGATCTGGATATCCTCGCCCGGCTGACGCTGCAGAACCGCAGCGCGCGCGGCAGTTACAGCGCGACGAGCGGCAATTATCAGCACACTTGGAAGGGATGCAAAGAGGACGTCTTTGCGCTGGTCGGCTCTCTGGATTACACCGAACTCGATCCGGGCGGCCTTTTTCCGCTCCTCACTGCGGAAGTCAACCAGATTGACGGCCTGATCTGGGGGGTCACGCTGCGATACCAGGGCGACGTTTCCGGCGTAATCGGCGGCGGCAGCGGCCCGCGCTATCACAACCTCGACTGCCGTCCGATGTCGCTGCCCCTCGAAACACTCTCCGGTTATCTGCTCCTCTGGGATCATTATCTTTTCGGCCCGGAAAATATTGAATTTATCCCCCCCTGGTGGAAAGAATCAGAAAATCCGGCAAAAAAGTATATGGATATTCCCGAGGATGACCGGAAAATTTATCGAATTTCGAAGAACATCGCCACGCTGAATGCGCTTCAGCCGGTTGACGGAGTCAAATGGAAGGTCATGGCGGAGCCTGCGAAACCCGGCGTCAAGACCCGGACGGTTTTTGTGTATGAGATTACAGAGAGCAACGTTCACCGCAGCGAATCGGCCGCCTCCTGGGCGGCGGTCACGGCGGGGGAGATCGTCGACAAGCCGCCGCTCGGCGACTTCGGAATCAATGCGAAAATGAAAGGCAACTGGCGCAACTGGGGCGGTAACGTCAGCCAGAGCGGCCGGGAGTTCACCGGCCGCGTTCTTTATAAACACATGCCGGGAAACGGCTGGGACCCTGATCTGGTGGAGGCGGTTACAAATGCTCAGGCGAATTGAAGACGGAGACGACTTCAGCCAGGTGATCGTTGCGCGCGTCAACGCGGCGATCGACAAAATAAACGAACTCGCGGACCTGCACGGCGACGGTATGACCATCGCCATCGACCCGGCGATGAATTGGGAGGTCCGCTGCCTGCTCGAGCCCGCCGCCTCCGGCGGCTCGGGTAGTTCGGGAGAGGTCGCGCTCGGAGTGCTTGTATCGGTCCCCTCCGGCGGCTACGGGCCCGCGGTATGGCGCGCGATCACGGTCAATCCGGACGGCACATGGACGGCCACCGGTGAAGAGGTGCCGGTCATCGTCCCGCTGCTCAAATAGGAGGTTTTCATGCTTGATTTGCCGGTTCCGGACAACAATTCGATCATCATTTTTTCCGCCACCGGCGGCGGCTCCAATGAGGGCGGCCGCCTCCGGCAGAATATCGGCTTTTCGTCGCTCACGGCGCTCACGCTTTCCGGCGGAATCGAGAACGACTTCGTCCGGGTCACGCCCTCCGGCAGCAGCTTCGAGGTCAAAGCGAAGTTCCACAAGGCGCAGGGCAGCGCGACCTTCTCCGTCACCGCGACGACCGCCGGAGACCCGGCGCGCAATCTCGAACCGGCGACGGTCGGTTTCACCTTCCGTGTGCTGGTCCTCGGCGTCGATCTTCCGCACCTGACCCGGAGCTTTTTCGAGTTCGCGGTCGGCGAAACCGTCGACGTCGGGCTCCCGCTCTTTTACGCCGCTCCGGAGGTTCAGCTCAATATCGCGAAGGTTCCGGCCGCGATCGCCAGCCTGACGCACGGCGAACTCCGGACGGAGACCGATCACGATCACGGCGATATCCAATATTCGGTATGGGAGGGCGCGCCCTCCGGCATATCGCTCGCCCCGGTGCTGGATTACGGCAACAACGTCCGCGGGGCGCGGCTGACCGGCATTGCGATCCGGCCCGGCATCTACTACGTGAATTTCGTCATTTCAAGCTATGACAACTCCGGGTCGTACGATCCTTTTCCGGGCGCGAACGGCGCCGGACTGGTCATCATCAACATCTACGACGACCGCGAATCGCCGAAAATCGCCGTGCCGGTCCGCTACGCGGCGAATCCGGACTTTGTCCGGGCGATCCGGCACGGTTTCGGGGACAACTACACCGCGGCCCGGCTGACCGGCGAATTCACGCGCTCGGAAGAGGTCTGGACACGCCGCATCTCGGAGACGATCAGCGGGAACGTCTCGGACGTCTGGGAGTACCGGCTCGAACGCGACGAAAGCGGCGTCTGGACGCTCTCCGGGCGGAACTACCGGTCGGACCAGGAGGCCCCGGAGTTTTCCGTACTGGCGACCGCGCCGGACCGCTTCGGCGAAGTACCGCCGAACACCGGCTGGAGCGGCGGGCTGCTGCTGGCCGGAGACGGCGTGAAATTCGTTCCCGGTTACGGCTTCTTCGACTGGAAGGGAGAGCGCGAGCTGACCGTTGACGGGGAAGTGGAGCCGTTCCGGGGGCCGGTCTACGAGCAGCAGCCGATGGTCTCCGCGCAGTACGGGGGCTGGAACAACCCGCCCGCGCTGCAATATGATTCGGGGCTTTACCTCGCGCCGGGTCCGGACGGGAAATGGCGGATTTCCGCTGATCCGGACGCGCTCGAAGGAACGGAAGTCGAACCGCGCGGCATCGAAATGGCGGCGGTCCCGTATGCGCCGCCGACAGCGGCCGCGCTCGGCGGCACGGCGTATCGGGATGTCACCGCCGCCGGCGTGCCGCTCAACGCCCATCTGGAGCCGGGCGGACTGACGCTCCGCCGGGGCTCCGGAACGGCGGCGGTCAAGCCGCACTACACATTCTTGCGGCAGGCGGTTCCGCAGGCCAACGCCGGGCCGGAGCGTTCCGTCCCGTTCTCGGTTGTTCAGGAACAATCCGACGATATCTCGGATGAATACCAGAATGGCATGACGCATTTTAACTACGATAACGGAGAATGGTATACTTATCGAACGTTCACTGAAAAACACGGCAATCCGGTTACTAAAAGCAACTTCAGCGGCACACTGCCGCTGAATGCCTGGACGCGGACCGCGCCGGACCTGATCTCCGGCGTTCTCGGAGGCTGGGGGCTCGACCTGCCGGCCGGATTCGACTACACCTTCGACAATGCGACGCGGCACTACTGGGGCTCGAGCGATATCCGGCCGGACAGGTCGGATTGGGGGTCAACCGATTCACGCGAGACCACGACTGAGCGAATCAATGAGATTCAAGGCAAGCACGGCTGGGGGCTTGGCTCGTTCGGCTCCGGACGTGATGCCGGAGACGCGGCGGTCGGCTGCGTCGCAGTCGGTGCGGTCGGCGCGGGACTTACCTGCAGTACGATCCGTACCTGGAGCCGCACTGAAACGAGCTCTGCCAGCGACAGGCCTCCAGAGACAAAAGAGTGGGGACCGGAAACATCCGACCGAGGTGCCGTGGTGAGCCTGACCGCAATCACGCCGATGTTCGCCTATGTGCCGCCGGGTGGCCTGGCGTTCGACAGCGTGTCGTCGGAGACCGTTACCGCAACACTGGAAGGTCTGTCCGAGCGTTATGTGCGGGATCAAGACGGCAACTACCTTGAATCGCATGCGGTATCCGTCAAAATGGAGCACTACCACAAAAGTTACTCCGGCACTCTGCCGCCCGGACTGGTGAGCCGGGGCTGGACAAAAATCGAAAAGACCGAAAACGGAGAAACGACGGTCGAATGGCATGACGACCCGACCGGCTCGGTCTACGAATCGAGCCGGGGGGAATTCGGAGTTCCGGACGCGATCGGGGAGCCGTCCACTGACGGGCGCGAACGCACAAGTTACAGCTATTGGTC
CP027227.1_gap32	1706348	1710343	3995	TCCGCACCGACCGGGGGGCGTTCGAGGCGGCGGACGAAACGGCGACCGCGAGGGTCGATACCGCGCTGGATTTGCGCGGCAAAGTGTCGAGTTACACATTGTACGTTGAATTTGACGCGGCGGCTTTGGAAAATGAATCCGTCGATTATTGTAAACAAGAACTTGCCGGACAAGGGGCGTCGAAAGGAAGTATCCCGTCTCCGCTTGCCGTCAATTACAATAAGCAGCTCAATGTAGATACGCTTGAATATCGACTCGAAGTCAGCGTAGATATTGCAGGCGCCAGACATCTGTCGGAGGCAATCCTCCCCGGCCATCTGGCCGGACGTAACTCCGTTGTCGCTGTTGTCGAGCTGATGGATGATAAAACCAGACTTTCCATTTATCATTGCGGAGTTCTGCTTAAATCAGAAATTGTTAACGGGATTCCGAAAATGGATGGTTATACCTGTCCCGATTCATTCGCGCTGATGGATAATCGCAATGGTTTGTGGAGTAACTATTACGGAAAAATTCATTCGTGTCTGTTGTTCGACCGTGCGCTTTCCACCGCCGAAATCGCGGCGCTGACGCCGAAACAAGCATAACTTTGGAGGAACCAATGAGATACATACGAAAAATCAACGGATACGTCGAGGAGTCGCCCATCCCGCCCTATCGCGGCGCGGAATACTACGCCGCACACGGCTACCTGAGAAGCGACAGCACGCTGCCGCTCTCCCGCCTGGACATCGTGGACGGCGGGATCGTCGAACTGCCCGCGCCGGAACCGACGGAAGAATGGGTGGACAAGGAAGCGTTCATCAACGCGCTCTACGCGCTCCTTCCGGCGGATCAGCTGGCGGTGGCGCTGCAAAACCCGGAGACCTTCAAGCAGGGCATCGCGGGACTGGCGCTGCTGACCTCCGACGCCGCTCCCGGCGGACAGATCGACCTGATGGACCCGCGCGTTCCGGCCTGGCTCGCCGCGTTCGATCTGACCCTCGAAGCAGTCCGGGCGAAAATGGAGGAATCGGCGGAGGCACAGGCGGAACAGGAGGTGACGAATGTACAGTCTGAATGAAATTGAAGAGAAAATTGCGCTTGCGAAAGCGGCGAAACTTTCCGGCGCGGAACTGCTGCTTGACCGCGAACGCGCCTGTCGCGTCTGCAACGGCATCGGCGCGGACTGGATGCCTGATTGGCTGCGCGCGCTGATCAGCAAACTCTTCCCGACGCTTGTGCTTGCCGCCGACATTCACGATATCCGGTACGAGCTCGGAGGCGATGAGGCTGACCGCCATGCCGCTGACGTCGAGATGCTGGACAATGGCCTCAAACTTGCCGACCGCCATTATCGGCGTCTTGATGCGCGCCGGTACATCGTGCAGTTCATTATGCTGCAATTCTACAAAACATTGCGCCGATGCGGCGCATTCGCATTCAAATCCAAACATAAGGAGACCGAAAATGCGTAAACTGTTTTTCACTTTTGCCGCCGCCGTTGCCGCCCTGTTTCTGGCTGCCGGATGTGCTTCGACGCACAGCACGATCACGGAATACGACGCCGCCGGAAACATCGTCAAAAAGACCGAAAGTTCCGAAAGCGTCATCAAGACCGTTACCGCCTCCACGCAGGGCAAAACTGTGGTTCTGTGGGAAGACGGCTGGGCGGCCTATATCTCCGTATCGAGCGGTACTATGGATGACCCGACGCCGCACGGCAAAATCTTTGCCGGCAAGGTCAACAAGGGGGCGCTTTCGATTTTGCCGAATCAGCAGGGGCTTCCGGGCATCGCCCGGATCGTACAGGCGACCAAGAGCGACCTTTCCGCCGACCTCTCCGGCGTCAGCTCGAACAGCTCCGAAATCCAGACCAGGAACAAGGAGGAGAAGGAGGCCGCCAATGAGTAAATGTGGGGAAAAATGTGAGGTTTACAGCCGCGTCTGCGGCTACTTCCGCCCGGTGAGCAACTGGAATAAAGGAAAACAGGAAGAGTTCAAGGAACGCAAGCCCTATAAAGTTCAGTAACTCGGGTGTACATCATGGCGCGAGGCGTTGACGCTCGACGCGGCGGGCCCGGGCTATTGCGAATCCGCCCGCCGCCTCCCTTCGCCTGTCGGTCCCGGCCGCGGGGTTATCAATGCCACAGGGAAAAAGAAAAGGTTTGCGCAGCACTCCGGCCGCGCAGACCGTCTTTTTTTTACTTGACGAATAACACCGTCTTATACCTTATATATAGTCACACGGCCCGTGCCGCCCGGCTTTCTTTTATAATTGGTTTGCGCACTCAATACCGATCTTGCGCAAACTGATTTTCACGCCGCGCGCAAACCGAGTTGCATACTTATACGAAGACCCTGAGACCGAATAAGTTCATTCAACGAAAAGGAGTTACATTATGAAAGACCGTGCACGGAAACTTCCCATACCCGACATTATGCGCAAACCGTTCACTTTAATCGAGTTGCTTGTGGTTATTGCGATCATCGCGATTCTGGCTTCGATGCTGCTGCCGGCGCTGAATCAGGCGCGCTCCACCGCCAAGAAGATCAAATGCACCGGAAACCTCAAACAGTTCGCCGCGGCCGGCATCTTCTACGCAAACGCCTACGATGACTTCCAGGTGCCGGGGCTCGGGTGGCTGAAGGGGAGCGGTACGACGGTCTCCTGGCATGTGAACTACGCCTACCGCAAAATGCTCGGCGGCGCCATCCCGACGCCGAACCTCGACGAGGCGGCCGGCTACTGCGACCGGCGGACTTCGGCCGGGCTGGTCTGCCCGAACGCGGAAATCTGCTTCTCCGATCCGAACACACCCATCTGGGGAGCCGGGATCAACGACAGCTACGGCGTCTCCAGCGAGCACTTCGCGGACATCGGCGCAAACTGGAACAAGCCGGAGCCGCATGTCGCATTCAAATATTCCCGGATCACCCACGCATCGCAGCGGGTCGCCTTCCTGGATGCGACCGACTGGGCGGTCAACATGAAGAAATCCGCTCCCTCCTTCTACCGCACGACGATGGAGTCAAAAGACGGAGTAACCACCGTCGCCTACCGCCACGGCGGAATGAGCTACGCGAACGCCGCGATGTTCGACGGGCATGTCGAAACGCTCCACTACGATTCGCTGAACCGGAAGTACCGTTTCGTCGGCTTCTACGATAAAAACCTGGACGACGCGCGTCCGTAACCGCTACCGGGAAACCTGCTCCATGAAAAAAATTCTTCTTCTTCTCCTTCTGCTTTCTGCAATCGGCGGCCTTCTTTCCGCCGCGGAAAAAAGCGTTTACAGCTGCAGTTTCGCCCCGGAAGAACTGGCGGGCTGGAAGATCCCGCCGGCATTTGCGAAGGTCGAAACCGTCGACGGAGCGCCGGCGCTCCGAGTCACGGTCAAGCCCGGGAATGAAACGAAAGAACAGCATTTCGCAATCCGCGAAATCGATCTTGCGCCGTATCGCGGCAATCAGCTGTTCCTGACTTACGAGGTAAAGGGCGAGAACGTCAGCGTCCCGCCCGAACAGTGGAACGGCGTCAAGCTCATGCTCCACTTCAAAACGCCGCAGGAGGAAGTCTGGCGCGGCGCCGGGGCCCCCACCGGGAGTTTCGGCTGGCAGACCGCTTCGGCGACAGCCTTCATCCCCGCCGGCGCGACAGCCGGAACGATCAATCTCGGGCTCCAGTCGAGCTCCGGAACCGTCTGGGTGCGCAGCGTGAAGATCACGGCGTCGGAACCGGCGGCAACGGTTCCCGAAGGATTCCGGGCCGTCTATACCGACCGCGTGAAACGGATGCCGCGCCTGCGCGGCGTCATGTCTCCGAACTCCTTCAAGCCGGAGGACATGGACGAACTGAAACGCTGGAACGCCAACCTGATCCGCTGGCAGATCAAGCGCAACTGGGGCCGGGCCGGCACCGAGCTTGACCTCGAAGAGTACCTGCGCTGGTTCAACGGCAGGCTCGAAGAGCTCGACAAGGTGCTCGACAAATGCGGCGAACTCGGCATTTACGT
CP027227.1_gap33	1712022	1715956	3934	TGCATAACGCTTCGCCTGCGCCGGAACGCCGGGCGGATTTTCGAGCCGCGACGGATCGTGATCCGCAACCGCGACGAGTTCGAACCGGTCCGGATACTCGGCAATTTCCCGGACGTGCATGCCGACTCCGGCACGGCCCATCCCGAGGATTCCGACTTTGATTGTTTCAGCCATGCCGTTCATCTCCCCTGTTTTCTGTTGTGCAGTTCTTTCGTATCAAGCTCTTTCAGCGGATTTTCCGTCGCCACCCGCTCCGGCGGCTCCGGCTGCGGCGTGACCCGCGGCGGCAGGATCGTCCCCGCCGCCCAGCGGACCGCATTGCCGATCACCCGGAGGATATTCGCGTCGCGGTAAATCGGGAAGGTTTCGTGTCCGGGCGCGAAATAAAAAATCTTCCCCGCCCCGCGCCGGAACGCGACGCCGCTGCGAACCACATTCCCTCCCTCGTACCACGACAGGAACACGATCTTCCCGTCATCCGGCAAATCGAACGGCTCCCCGTACATCTCCGTATGCGGCAGCGTGAACGTCTCCGGCACCCCGGCCGCGACCGGGTGGGACGGATCGACCACCCAGAGCCGCTCCTTCTCGCCGATCTCCCGCCAGCGCAGCCGGCAGCCCGTTCCCATCATGCGCCGGAAAATCTTCGAATAATGGCCCGAATGCAGCACCACCAGCCCCATCCCGGCAAGAATCCGCTGCTGGACCCGGTCGACCAGCGAATCATCGACCCGGTCGTGCGCGCAATGCCCCCACCAGACCAGCACGTCGGTTTCATCCAGCACCGGTTCCGGGAGCCCCTGTCCCGGCTCGTCCAGCGTTGCGGTCCGGATCTCGAGATCGGCCGCAGCCAGCTTCTCCGCGAGACACGCATGGATTCCCGCCGGATAGACGGTGCGGATATAATCGCCCGCGGCCCCCTCCTCCCGTTCATGCACGAACTCGTTCCAGATGACGACCCTGACTTTTTTCATGAGACGAAATTTCCTTTCAGAAAACGCATGCTTGCGGCGAACGACTCGAACGGGTCGGCGCAGTCGCCGTCATGCTCGACAACATAATACTCCACCCCGGCCGCTTCGGCCGCCGCGAAAATCCGTTTCCAGTCGAGGTTGCCTGACCCGACCGGCATCATGACCGGTTCCCCCGACGGGTTCACCCCGAAATCCTTCACATGCAGCACCCGGAGCCGCCCGGAAAGCCGTTCGATCCAGGCGGCCGGGTCGCCGCCTCCCTTCTGAATCCAGAAGGTGTCCGGCTCGCCGTCGACGAGCGGCGCATTCTCGTAGATGATTTCGAGCATCGGGCGGCCGCCGAACCGCCGGAACTCAATCGAGTGGTTGTGGTAGGCGAAAACAATCCCGGCCCTGCGGAATTTTTCCGCCGCCCGGTTCAGTTCCTCCGCAAAGGCGACCGTCTCCCCCGCTCCGGTCGGAACCCGCTGCGGATACGGACAGGCCGTATGGCGGCAATCGAGCGCGAGCAGGCGGTCGATCACCCGTTCCGGTTCCCCGACCAGTTCGGCGGCGCGCTCGTGGCTGGTCGGCGCAGCCATCCCCTCCTCCCGCAGCATCCGGCGCAGTTCCGCTTCCGGCATCGGCGCGATTGCGCCCGAAAGCTGAACCGCCTCGTAGCCGGTCCGCCGCAATCGCCGCAGCGTATCGCGCACTCCGGCCGGAGTCCCGATATAATCGCGGAAGCTGTAAAGCTGCGCCGCAATCTTCGCTTGCTTCATGGACATTCCCCCCTTTCATCGGTTGATATTCCGGCGTTTTTTTGCATTTTTGCCGGATATGCGTATATTATACCACAATCGAAGCTGTTCGGGAATGAACGGCAGGAACTGTTTTTTACACGAAACGGATAATCGATGAACTTTTTCGACGGACACGCCTTCAGCCTCTACGATTCGACGCCGGACCATCAGGGGGAATCGCGCCATGTGCCGGTCTACTACGGTGTTCAGTACAACCACGCCGGGCGGTTCCGCTTCGCGCTGAATCACGGCCCCGTCATGGAATACGAGGGGGCGTACGCTTTCGTCACCCACCCCGGGGCCTTCTTCGAATACGGGAATGTTCCGGGCGAAACGCGGCATCACAGCTTCCTCTGCTCCCACGGGGAACGGGTCGGGAAATATGTGGAGAGCGGGCTCCTGCCGACCGGGCTTGAAAATCCGGTCCGGAAAATCGCCGATCCGGACCGGTTCCTCGGCACCATGCTGCGGATCATGCAGCTGCTGCGCCGCTCGGCCCCGCTCACCCCGCCGCGCGCGGTGCTGCTGTACGAGGACCTGCTGCTGCAGTTTCACGAATCGGAGCTCGCCGAACCGCGGCTGCCGGCGTTTCAGGAGGAGTATTTCCGCCACCTCGTTTCGGAGGTGCGGCACCACCCGGAGAAGCCGTGGGATTTCGCCGCCGAGGCCGCGAAGCGGAGTCTCACCCCGCATCACTTCCGGCGGCTGTTCAAGACCGTCGCCGGGCTTCCTCCCCGGCAGTTCCTGATCCGCTGCCGCCTTGAGCTCGCGGCGACGCTGCTGACCGGGTCTCCCCATCCGGTCGGCGTCGTGGCCGAACTCTGCGGCATCGGCAGCGAATTTTACTTTTCGCGGTTGTTCAAAGAGAAATTCAACCTCTCCCCGCTGAAATACCGCCGGGAATTCCCGGCCGGGAGGGGTGGCCGGACCAATTGCTGAAGCGGGCGCAGCCTGCACAGATGCGTCCGTGCCGCGGGAAAGCGAAATTTTTCCGGCGGCCATTTGCAAATCGCAGATTCGACAGCTACATTACGGGAAACAATTTGATCATCCTCGGAGGTGCCATCGACAGCAAGTAAATTCTGACCTGAAAACCATAGATTTTTTCTTTGTTCATTTTTCCCCCTGAAAACCGGCAAGTTTATAGTTTGTGGAGAATGAGCAAGGGTGTCCTTTGGGGCGCCCTTGTACATTCCACAAACGGGCGCTTGCCGGTGCCGCAGGGGGATATGTGTGAGGGTCGCCCCTCTTTTTATCCTTCAGTTGAGGAACCGCTGCACCATGTTATCGAACCCGTCATCAGACAACCGCCGCCGGAAGATAAGAACACGGTTCCGCACTCCGCGAGCGCATCGGAACGACCGCCGGAAAACAAACGGAAGAACCGAAAAGGCAGTCAGGTGAACGATGGGAGCACTGCCGCTGAAATATCTGCACGTGCGAATGATCTGCGGAGCTCTCCGGGCAAACGACCTTTCCGGCACGGTCTTCACCGGAGAAATCGAGACGACCCGGATCATGATCGCCCGCCGGGACATCCGCGGTTCGATTCAAAACGCGATCAGGACGATGCGGCAGCAGGGCGAACTCCTCGTCGCGGCGCTCGTCGTCGTCCAGATCGAAGGCGATCCCGACACGGACCCGGCTCAATTCGACTACCGCGCCGGAGCATATACCGAACTTGTCGCCGCCTCCGGCCGCCGCCGGGCCGCCGGCCACATCATCGAACTGCTGAAACACGAAACGGAATGACGCCCCATGAAATCTGCGGCGACTTTTCAACGCCGTATGCAGGTTTCCAGCGTGAGCCCCCCCCCGGGAAAGTCCGCCTTCGGCGCGAGCGGGCAGTTTCGCGGCCGGGCGTCTCAGGCACCGCGCCTTCGGAATCCGCCGGGGCCGAGGGCCCTGCCCCCCACAGACGGCAAACCGCCCGTTATCATGGAAATCAGCACACAGTACTTTTGACAGACGGACAGAGGAGGAAGAAAAAAAATGGTGCGCTCACGGGGACTCGAACCCAGGACCCAGTGATTAAGAGTCACTTGCTCTACCAACTGAGCTATGAGCGCTTGGTATTTTTAAATATATCCCCCGAACACCCCATTTGCAAGTGTGAAGTTTTCTTTTTTTGCGAAAAAACATGAAAAAAATCATAAAACCCCGCTCCGGCGGCTGGAA
CP027227.1_gap34	1720951	1725472	4521	GCTCGACCATTTTGAACACACGTTCGGCGATCTGGATTCCGGCCAGCACCATCTTCGGCTCCTTGCAGCGCAGCACGGCGGTGGCGGTCGCCTCTTCCGGAACGACCGAAGCGGTCGTCACGTCTCCGGTCGTATCGAGATCCTCGTTGAGCGCAAGCTCGATCAACAGGTCCGCACGCCCCCAGTCGATTTGCGGAACCGCATCTTCCTGATTCATGTCCATCCTTTCTTCTCTCTCTCTCTATCATTCACCGGCCCGGCAGCCGGATTCGTTTTCCCCGGGAAATCAATCTTCCGTGAAAGCCGCGCAGAGCCCGGCCGCGTCGGCGCAGCCGAACACGCGTTCCCGGAAACCGTCCTCTTTCAGAAGGGAACTCAGCCGGGAAAGCACACGCAGGTAAAGTTCATGCTGGTCGATGCGGGCCACAATCATCACGACCAGGCGGACCGGCACCGCGTCCGGGCTGCCGTAGTCGGCGACGCCCCCGCGAACCAGCGCGGCGGCGATCTCCAGGCCGCGCACCGAAGCGAGCCGGACATGCGGGATGGCGACGCCGAACCCGATGCCGGTGCTCAGCAGACGCTCCCGGGCATGGATGCCCCGGGCGATTTCACACTCCTCCCCCGCACCGCCGGGACCGGACAACAGCCGGATCAGCTTGTCGAGCACCTCGCGCTTGCCGGCCCGTTCGAGCACAATGCACCGTTCCGGCCGCAGACAGCCGGATAATCGAAACGCTCCGTCGGAGGAATCGTCCATTGTTCGGTAACGCCTTTCATGCAAAACGGAAGGAACAGACTGTTCATCCCTAATATACAGCCGTTTCCCGGAAAAGTAAAGGGGATGCGGCAATTTTCGGAAATCCGGCCCGGCCCCCGTTACAATTCGAGAAAATCTTCGAGCTCGGTCAGGCATCGCGCCTCCCCGGAAGGGGCGAGCCAGACAAGGTCCTCCAGGCGGATGCCGCCCCACTCCGGATAGTACAGCCCCGGCTCGACCGTGACGACCTCGCCGCCCCGGAACGGCACGTTGTTGCGCAGCGAGAGCCGCGGGGCTTCGTGAATATCGAGCCCGACGCCGTGCCCGAGCCCGTGGAAAAAGCCGAACGCGGCCTTCTCCCCTTCACCGGTATGGAAACCGGCCTTCTCCATGCTTTCCGCCGCCGCCCGGTGAATCTCCGCGGGGTCGGCGCCGATCGCGATGAGCGATTTGCCGAGCTCACGGGCAGCGAGCACCGCATCGTAAGCGCGCTTGACGAGGTCGGAAGCGCGCCCGCGCACGACGGTCCGGGTCAGGTCTCCCCAGTATCCGCTGCGGGCGGAACGCGGGAAAATATCCATGACGATCGGACGGTCCGCAAACAGCGGCCCGGAACCGATATTGTGCGGCTGCGCCCCCTGCTCGCCGCCGGCGCAGATCGTGCCGGTCGGCAGCATGCCGAGCCGCACCATCTCCACGTCGATCTCGCCGCGCAGGATTTCGCTGGTCAGGATTTCGCCGTTCCAGACCAGCCGCCCCGAGCGGTCGACATCGGTTTCACGCAGCACGGCGAACGCGCGGCGGCAGCCGGCCTCGCCGGCGCGCTGCGAACGGACAATCTCCTCGACCTCTTCCGGGCGCTTCCACTCCCGAGACGGAAAGAAAGCCCCCGTCTCCGGCACCACTTTGAAACCGTTCTCGCGCAGCCGGTCCGCAAGCGCAAGCGGGAAATCGGCGGGAACCAGAAACACACCGCTCCGCAGCATCGAGGCGATCCCGCTCAGAATCTCAAGCCGGTTCCGGCCGAACTCGGTCTCGGCGTGCACCTCGACGTCCCGCGGAGCCGAGTGGATCGCGCGGCCGTATTCGAGCGCCGACATGACGACTCCCCGGCGTGTGCCGTCGTCGAAGTAGATGAACTCGTCGGGCGTGGAAAATCCGGCCGCGTACCTGAGATCGGCGCACTGCTCGCCGGAGGCGACGATCAAACGAACGATTTTATGCATTTCAGCTCTCCCGTATTTGCAATAAACGCAATTCCGCGATATTTTATCGGAGAATATAGTATCCCCGCGGGCGGGTTTCAATTAAGATTACGGGAGATTTTCATGAATCTGGAATATTTCATCGTTCCGGCGGCCTCCTACCTGATCGGCTCGATTCCGTTCGGCTACCTGATCGGGCGGCTGCACGGCATCGATATCCGCAAGGTCGGCAGCGGCAACATCGGAGCAACCAACGTCACGCGTTCGATCGGCAAAATCGCGGGAAAAATCTGCTTTTTCCTCGACTTCCTCAAGGGAGCGCTTCCGGTCGTCCTCGTCAACATGACCTTCGAGGAAAACACGGCGAATCTGGCCCTCGCGGCCGGGCTCGCGGTCATTCTCGGGCACGTGTTCCCGATCTATCTGCGCTTCAGGGGCGGCAAGGGGGTGGCGACTGCCGCCGGCGTCGCGCTGGCCCTCGCGCCGTATCCATTGCTCTGCGCGCTTGCGGTCTGGGTCGTGACCTTCCTGACCAGCCGCTACGTGTCGCTGGCCAGCATCGTCGCCGCCGCGTCGCTGCCGATCATCGCGGCGCTCTTCTTCGGGCTCGGGATCGGCACCCCCTTCCCGCTGGCCAATTCGACGGTATTCTTTTTCGCCCTCATCGCGTTTCTCGCGATCCTGCGGCACATATCCAACATCAAACGCCTGCTGAACGGCACCGAAAACCGCTTCGACAGCGGAGCCGGCAAGCGGGGGAGCGGCAAATGAAAATCGCGGTATTGAGCGACGGCGCCTGGGGCACGGCCCTCGCCATGAACCTGATCGACAACGGGCACGAAGTCGTGAGCTGGGGTCCGTTCCCGGACTATCTGGACGAGATGCGCGAAAAGCGCGAAAACGTCCGTTTCCTGCCCGGCGTGAAGCTGCCGGAAGCCCTGTCGTTCGAAGCCGATATCGGCAGGGCCGCCGACGGCGCCGGGCTGCTGCTGCTCGCGACTCCGACGCAGTATCTGCGCGGGGTGCTCGACAAACTCAAGCCGCACTTCGACCCGCAGCGCCACCTGCTGCTGGATGTGGCCAAGGGGATCGAAGTCGATTCCTGGCTGCTGATCAGCGAAATGGTGCGGCAGGTGCTCGGCCCGAACCGGTACGCGGTCCTCTCCGGGCCCAGCCACGCCGAGGAGGTGTCGCGGCGCGTGCCGACCGCCGTGGTCGCCGCTTCCGCGAATCCGGCCGACGCCGAACTTGTGCAGCAATTGTTCATCAACGACAATTTCCGGGTCTATACCGGCAGCGATGTCGTCGGGGTGGAGCTCGGAGGAGCGCTCAAGAACGTCATGGCCATCGCGGCCGGCATCATCGACGGCATGAAGCTCGGGGACAACCCGAAAGCCGCGCTCATGACCCGCGGAATTTCCGAAATGGGCCGCCTCGGCGAACTGCTCGGCGGCAAGGCGCAGACCTTCTCGGGCCTGAGCGGAATCGGAGATCTGATCGTGACCTGCACCAGCGGACACAGCCGCAACCGGCACGTCGGCGAGGAGCTCGGCCGCGGCAAACGCCTGCCGGAAATCCTCAGTTCCATGGGCATGGTCGTCGCCGAAGGCGTCACAACCGCCCGCGGCGCCTATACCCTCGCCCGCCGGACCGGCGCCGAAACCCCGATCATCGACGAAATCCACGCAATCCTGTACGAAGACCGCAATGTTCCGGACGCGATCCGCAACCTGATGTCGCGCTCCGCCAAACCGGAATAACCGGAACTGAATTCAGATGCCGCAATGCCCGGAGGAGGCACTTCGTCCTCCTCCGGAAAATCCAGCGGCCGGAAAGTTACAGAAGACCTTCGGCTTCGTCGAGGCCGAAACGGATGTTCATGCACTGGACGGCCTGGCCGGCGGCGCCTTTGGTCAGGTTGTCGATGCAGCTGGTAACGATGACCTTATTGGTGTGCGGATCGAGGTTGTAGCCGATTTCGCAGGTGTTGGTCATGAAGACGTACTTCGTATCGCTGGTCCGTCCGGGCGGAAGAATCCGGACGAACTGCTCGCTGCCGTAGGCCTGCGCGTACACTTCGCCGATCTTTTCGAGCGTAGTTCCGGGCATTGCATCCATGACAATGGTCGAGTTGATGCCGCGGTTCATCGGGGCGAGATGCGGAATGAAGTTGATGGCCATCTCCGGAACTCCGGCGGCGACGGCCATCTCCTGCTCGATTTCGGGCAGGTGACGATGCCCGACCACGCCGTAGGCCTTCAGGCTCTCGTTGCACTCCGGGAAAATATACGGAAGATCGACCTTGCGCCCTGCACCGGTCACGCCGGAACAGCTGGCGACGACGATCCCCTTCGGGCTGACGAGCCCGGCGGCAAGAAGCGGCGCGGTCGGCAGAATCGAACTGGTCGGATAGCATCCGGCGCAGGCCACGAGATCCGCCGTCCTCAGCTGCTCCCGATAACGCTCGGGCAGGCCGTAGACGGCCTTCCTGAGCAATTCAGGCGCCGGATGGTCCGCCTTGTAATACTCCTTGTACTTTTCCGGACTGCGGAGCCG
CP027227.1_gap35	1729178	1733816	4638	GCCGCTGAATGTGTCGCGTGAAATTCTGCAGGAGAATCCGCAGCTGCGCCGGATCGAGAAGGCGGTCGTGAGCCGGGTGCTCTCCGAACTCAGGAAGATGCTCGAAAACGAGCGCGAGGCCTATGCGGGGTTCTTCCGCGAATTCGGCCGCATCCTGAAAGAGGGCATCCACACCGATTACGCGAATGCCGAGAAGCTCAAGGATCTCGTCATGTACGAGTCGATGAACACCGAGCCGGGCAAGATGATCACGCTCGAGGAGTACGTCACGGCGATGCCGGAAAGCCAGAAGGAGATCTATTACATCACCGGCGAAAAGCGCGAGGCGGTCGCCTCGTCCCCGGCGCTTGAGTACTTCAGGGCGCAGGGCTACGATGTGCTGTTCATGACCGATCCGATCGACGACTGGATCATGCAGCAGATGTTCCAGTACAAAAAGAAGAGCTTCAAGTCGGTCGACAAGGGCGATTTCGAAGTCGAAGGCGCCGAAGAGATGATCAAACAGGCGCAGGAGAAATTCGCAAAACTGCTCGAATTCCTGAAAACGACGCTCGGCGACAGCGTCAGCGAGGTCCGTTTCTCGGCCCGGCTGACCGACAGCCCGTGCTGCCTGATCACCGAGGGCAACGCGCTTTCGCCGCATCTCGAGCGGCTGTTCAAGGCGATGCACCAGGAGATTCCGGAGAGCAAGCGGATTCTCGAGCTGAATCCGAAACATCCTCTGATCGAGGCGCTGTTCAAGGTTTATACCGCGAATGAAAACGCGCCGGAGCTGAAGACCTACGCGAAGGTGCTGTTCGACCAGTCGCTGCTGACCGAAGGAAGCCCGCTGCCGGACCCGGCGGCGTTTGCGAAGGAGGTCACCAACCTGCTGCTGCAGGGCCTCGGAGCCGGCGGCAAAGCCGATTCCGCCGAAAAATAATCCGCGCCCGCCCGGAACGCGCTTGAAAAACTGCCGTTCCGGGCGCATATTATGCAAATCACGGAGAAATGGTCGAGTGGTTTAAGGCAGCGGTCTTGAAAACCGCCGGGGAGCAATCCCCCGAGGGTTCGAATCCCTCTTTCTCCGCCAACTACTTACGACAGGAAAGCGACTTGAACAGGTCGCTTTTTTATTTTGAGCTATCCCCCGTTTTCGTAACAAGTCTTATGCAGAAAACGGAAAAGGCTGCCGCAAAGCCATGAGATTTTGCAGCAGCTTCCCTGAAAATGATATTTCTTTTTTCCGTTATTCCCTTCCGCCAGACGCGAGGTTCAGCATTCAGGACGTTCATGAAAGGCATGCCGGAATGGATTTGCGCAGAAGCGCACGAAAAAAATCCGCCCCGGCACGGTAAAATGCAGTACCGGAAAACGGAGCCGCCTTCGCTTTTGCAATGGCGAACGGGAATGACCGCTCCGGATTTGCTTTTTCGCCCTCCCCGCCATATAGTAATGTCAATCTCACGAGGAACGGAAATGACAACCCCGAAGGAACGCATCAGATGATCAGGGCAATTCTTGCCGCCGGAGCACTGGCCTGTCTCACCCTCGCCGGAGCGGCGGAACCGGCTGGAGCCGCCGCCGTGGCGCTGAGCCGCGACAAAGCGGGCAACGAGACCTTTTTCATTTTCGGCACGGGCAGAACCGGCGCGCTGGAAAATCTCCCCGCCGAACTGAAAAAAAGCGGCTGCCGCGAAGCCGACCTCTCGGCCTGGACGAATGCAATTGATTACGAAAAACTGCTCGCATCGCTGTCGGAGGCGGGAATCCGTGTGCCGCGCTGCTACGTTCCCGAGCCCGGCAAAGCGGCCCATTTCCGAAAAAATCTGGCCGGACCGGAGCCGGAAGAGAGCGGAGAACGCAGTGTCGTCTTCGTCCGCGCCCTGATCGAAGACAACGAATACAACCGCCGCCACAAGCTGCCGGGACCGTTCAAGAGAGTGAAATACATTACCATCCACAACACGGCCGAGCCTTTTTCGGCGCGGCAGGAACGCGACCGGGTCGATTTCCGGCGCGACGGGATGAGCGTTTCGTTTCACTTCGCGGTCGACGAGCACGAAGCGGTGCAGATTCTGCCGCTCGCCATTCACGGCTGGCACGCCGGCGACGGCCGCGGACCGGGCAACACCGAAAGCATCGGCGTCGAAATCTGCCGCAGCCAGTGCCGCGGTCCGGCGGACTGGCAGTACCGCCGCAGCGAAGCGAACGCAGAAATTCTCGCTTCCGCGCTGCTGCGGCACTTCAGGCTGACGGCGGCCGATTTGCGCATGCATCAGGACTGGACCGGTAAATACTGTCCGCATCGGATCCTCGAAGAGAACCGTTTCGAGTCCTTCCGCTCCCGCGTCTCCGCCCGCCTCGCAAATCCGCCGGATGAAGAGGAACAAAGATTGCTGGCTGGCCTCACCCGGCCGTAAACGGAATCCTGCCGCTCCACTGTTGATTTTTCACCGACCCAGCGGCATATTATATATTTAATCTAAAATAGTCGATCATGCAAAAGTATCCAACCACTTGATTATCAATAGAAAAATTTGATAATTGATGGTATATTATTGCAAGGTAAGGTACTTTTAAGGAAAGAAATCTTGCAAAATGATGACAAAAAGTAAAGATACGACAATGGTTCAGAGCCATTTATTCAAGCCGTTGCTTCGAGATATTGTTTCACCTCGCCATGCGATGGTGAAGCTTGCGGATGCGATTGATTGGAAGAGCTTCGAAGATGGTTTGCAGGAATATTTTTGCGCAGATAACGGACGTCCATCGTGTCCGGTTCGCCTGATGGTTGCGCTGCATTATCTCAAATACGCCAGCGGAATGAGCGATGAAGCCGTTCTTGACGAGTGGCTTGAAAATCCTTACTGGCAATACTTTACCGGCGGGATTTATTTTGAGCATGAATATCCGACGGATCAATCGACAATGTCACGCTGGCGCAAGAGATTGTCAAAAAGCGGAGCCGAGCAGATGCTGGAAGAAAGCTTAAAAACAGGCTTGCGTGAAGGTTTTATCAAGAAAACGGAACTGAATCGGGTCAATGTGGACAGCACGGTTCAGGAAAAAGCGGTGCGTTATCCGACTGACGCCCGGCTTTATGACCGAATGCGGGAACGTCTGGTAAAATCAGCTCGCAAAAATGGAGTTGAATTGCGCCAGACTTACGAGCGAGTCGGCAAAAAAGTATTGCGCAGTCAGAGCGGATATGCGAAAGCCAATCAATTCAAACGGGCAAGAAAATCGACCAGACAGTTGAAAACCTTTCTAGGTCGTGTTGTTCGGGATATTGAGCGAAAAATCACCACTCCTGACACCGAATTGCAACATCTGCTTGAACTTGGCAAGCGACTTCTGACGCAGAAACGAACAGATAAACAAAAGTTGTATTCAATTCATGAACCACAGATCGAATGCATCAGCAAAGGCAAGGCGCATAAGAAATTTGAGTTCGGAACAAAAGTGGGTTTGGTGACAAGCTCCAGGAGTAACTGGATTGTCGGGGCGGAAGCATACCCCGGTAATCCTTATGATGGGCATACCTTGAAATCCGCATTGGCACAAACCTCAAAAATTCTTGGGTTTGAACCGGAAATGGCGATTTGTGACTTAGGGTATCGCGGTAACAATTACGAAGGTAAATGCAATATTCAAATCGTCAACCGTTTCCGGAGACGAGTATCGCGGTCACTTTCCCGCTGGTGGAATCGGCGTTCCGCGATTGAACCGGTGATTGGACATTGTAAAAGTGAGCATCGGATGGATCGCAACCAGCTACGAGGAAAATCAGGTGACGAATTGAATGTGATCTTCGCTGCCGCCGGATTCAACTTTCGGAAACTGTTACGGGCGTTCGCCCTATTTGTGTATCCATTTTTTAGGCTCGTATTTTCCCTATTGGGTAAATACTCCTTGAAAAGGTTTGGGAAAGAAGGAGCGCGAAAAGAAAAGAACCTTCCCTTAAAAGGCTTTTCCTACTCACATCCAGCTTTTGCATAATCGACTAAAATACGGGAAAGGCGGTGTGCGATGGCGGAGTGGGATTCGAAACAGTATCTGAAGTTTGAGGCGGAGCGGACACAGCCCGCAGTCGATCTCGCCAACCGGATCGAGCTGACTGCGCCGGAACGGATTCTGGACCTCGGCTGCGGCCCCGGCAACAGCACCGGAGTGCTGGCGCGGCGTTTCCCCGGCGCGCACATTCTCGGCGTGGACAATTCGGAAAACATGATCGCAACCGCGCAGCGCGATTATCCGGAACTCGAATTCCGCCTCTTCGACGCAACCGGCCCCCTTTCGGAACTCGGCGGCAGCTTCGATGTGGTCTATTCGAACGCCTGCATCCAGTGGGTCCCGGACCACCCTGCGCTGCTTCGCAGAATGATGGACATCCTCGCGCCGGGCGGCGTCATGGCCGTGCAGATTCCGAATAACTTCGACGCGCCGGTCCACCGGATCATCCGCGAAGTCGTCGCCGGGCCGGAGTGGAAGCCGCAATTCCCCTCCCCGCGGATTTTCCACTCCCTGCCGCCGGACGACTACTTCGACCTGCTCGCCGAACTGTCGGACCATTTCCATCTCTGGCAGACCACCTATTTCCAGCGCATGCCGTCACACAGGGCTCTGCTCGAATGGTACCGCGGCACCGGGCTGCGA
CP027227.1_gap36	1739736	1742971	3235	GCGTCATCCGCCTGACGAACGTGGGTGCCTTTGTGATTCCGCTGGACCGTGTGCGGCAGCTCGGAGAACACACGATCCGTATTCAGCGCGTCGGCTTGTTCGTCACTGTCGAATTTGACGGTGAAGTTGTGGCAACTTCTTCGGCTGGAACGAAGAAAATTGCGGTTTATTCAACAACGGCTCCGGTCTCCGATTTCGACGGCGTCATCTTCGAAACGTACTGGAAAAGCCTGACCACCGGCCGCACCGTCTGGAGCTATCCGTCCGACGCGGAGCGGGTGCGGCTCATCACGAAAACGAACGTCCGCACCGACCGGGGGGCGTTCGAGGCGGCGGACGAAACGCAGCCGGCGAGGATCGATACCGCGCTGGATTTGCGCGGAAAAGTATCGAGTTACACATTGTTCGTTGAATTTGACGCGGCGGCTTTGGAAAATGAATCCGATAATTATTGTAAACAAGAACTTGCCGGACAAGGGGCGTCGAAAGGAAGTATCCCGTCTCCGCTTGCCGTCAATTACAATAAGCAGCTCAATGTAGATACGCTTGAATATCGACTCGAAGTCAGCGTAGATATTGCAGGCGCCAGACATCTGTCGGAGGCAATCCTCCCCGGCCATCTGGCCGGACGTAACTCCGTTGTCGCTGTTGTCGAGCTGATGGATGATAAAACCAGACTTTCCATTTATCATTGCGGAGTTCTGCTTAAATCAGAAATTGTTGACGGGATTCCGAAAATGGATGGTTATGCCTGTCCCGATTCATTCGCGCTGATGGATAATCGCAATGGTTTGTGGAGTAACTATTACGGAAAAATTCATTCGTGTCTGCTGTTCGACCGTGCGCTTTCCGCCGCCGAAATCGCGGCGCTGACGCCGAAACAAGCATAAAAGAGGAGGAACCAATGAGATACATACGAAAAATCAACGGATACGTCGAGGAGTCGCCCATCCCGCCCTATCGCGGCGCGGAATACTACGCCGCGCACGGATACTTGCGCTGCGATAGCACACTGCCGCTCTCCCGCCTGGACATCGTGGACGGCGGGATCGTCGAACTGCCCGCGCCGGAACCGACGGAGGAATGGGTCGGCAAGGAGGCGTTCATCAACGCGCTCTACGCGCTCCTTCCGGCGGATCAGCTGGCGGCGGCGCTGCAGAACCCGGAGACCTTCAAGCAGGGTATCGCGGGACTGGCGCTGCTGACCTCCGACGCCGCTCCCGGCGGACAGATCGACCTGATGGACCCGCGCGTTCCGGCCTGGCTCGCCGCGTTCGATCTGACCCTCGAAGCGGTCCGGGCGAAAATGGAGGAATCGGCGGAGGCACAGGCGGAACAGGAGGTGACGAATGTACAGTCTGAATGAAATTGAAGAGAAAATTGCGCTTGCGAAAGCAGCGAAACTTTCCGGCGCGGAACTGCTGCTTGACCGCGAACGCGCCTGTCGCGTCTGCAACGGCATCGGCGCGGACTGGATGCCTGATTGGCTGCGGGAGGCGATCAGCGGCTTGAATCCGACCCTTGTGCTTGCTGCCGATATTCACGACATCCGCTGCGCGCTCGGCGGTACGGAAGCGGAACGCAAGGACGCTGACGACGAGATGCTTGAAAACGGCCTGAAGCTGGCGAATTACCGCTACGGCTGGTACGATCCGCGCCGCTACTGGGTCCGCAAACAGATGCGGAAGTTTCACGCGATCCTGCGCGAATTCGGCGGCTGGGCGTGGAAATACAGGGAGGCAGCCAATGGAGCATCTTGAAGCCATAGGGAAGATCATCGCGATCGTCGGCCCGATCCTGCTCGGGCTGCTATGGGTGCTGAAACGCATCGAAAAGGGGCAGAACCAGATGATCCGGAAAATCAACAAGATCGACAAACATAAAGTGTCGTACAAAGTGTGCGACCAGCGCCGGGCCGAATGCCCGTGCAAAACCAGCAAAGGAGACTGAAACCATGAGAAAAATCACCATCACCATCACCGTCATCGCCGCCGCGCTGCTGCTGCCGGGATGCAGCCACAACACGGGAGCCTTCACGCTCGGAACCCGGATCAATGCCGGGCTCGATCCGCAGAACGCGACGGCGAACCTCAGCTATACGGACGGCCTGAACGTCGTCGACGTCAGCCGGGAGAACGCAAGCTGGGATATCGAAATCGATGCCGACAACGGCGTTTCGGTCGACGACAGTACCGGAACCGTCAAAGGCGTGAAACGCCTGCGCCGCGACGTCGGACCGCAGATCACCGGCTATCTGGTCGACCTCGCGGCCAAAGACCCGGAAATGGCGAAAACGTATGTGAAATCAATGAAACTCTACTGGCAGTACCGCCTCGAAAAGCAGCGGGAGGCAAACAGCCGGACAGAGTGAACAGACTGCGGGGCGCTCCGAAAGTGCAAACCGATCCACTCTGACCGTTATTTCCGGCAGGATCACGGATACGGGGAAAAACATCCCCTGATCGTCGGAATGGGCAGTACCATTCAACGTCTCAACACGGCGTTGACAAGTTGAGACGTCCAAATCCGACCGGGGCTGAACGAATTCGAACAGAAGGAAACGGAAAGAAACAAAAAACGGCACCGGTGAAGTTTTCTCCACCGGCGCCGTTTCTAGTTCACTGATACGCGAAGCGTACCGGGGTCAGAAGCGACGGCCGCCGCCGAAACCGCCGCGGCTGCCGCCTTCACGACGCGGACGTTCCTCACGGGGACGCGCCTCGTTGACCACGAGCTCGCGGCCGCCCTGCTTCGTGCCGTTGATCGCCTCGATCGCGGCCTGTGCTTCACCGGCATTGTCCATTTCGACGAAGCCGAAGCCCTTGGCGCGGCCGGTGTCACGGTCCATGACCAGACGGGCGCTCGAAACGCCGCCGTAGGTCCCGAACAGGTTCCGGAGGTCGTCTTCGCTCATCGAGTAAGGCATGTTTCCGACGTAGATATTCATTTTTCTTCCTTTTCCGCGGCAAATATGCACGCTTTTTCTCTCCCCGTACTTCGTTATGACACAATTGAATATACTTCCGCATTGCGACACCGGACAGAGGGGGAGAGAAATAATCTGCAACCATCTGGAATGAGCCTGCGGAATATCCTGAAACGGCCTTATGACCGGAGGACCTTTGGCATCGGCGCTTTCGGAAGCGCCTGCTTACGGTAGGAACGTACCAAATCAAAAACTTTCTGAAAATGCCCGGAGGGGGTGCTTATTCCATAAAAATGCCGACGCCGGCAA
CP027227.1_gap37	1902977	1907170	4193	TCGGCCACGCTTGCGGACGGCGGCAAGGTCGTCTCGGGAGCTGTCGAGCGCTTCGGCTACCGTGATTTCAAAATCGTCGACGGAAAATTCCATTTGAACGGCGAACGCATCTATCTCTTCGGCGAAAACATCCGTTCGGTCGATTTCGGCGGACGCGGCACGACGCCGGCCGAAGACGCGGCGAACCTCCGCAAATACATGAACGGCTTCAAGCGGCAGGGCGTCAACATCATCCGGAACGCCCACCTGCCGATCCTTCCGGCCGCGCTTGAGATCGCCGATGAAATCGGACTCATGATCTACGACGAATGGGGCTGGAGCTTCACGAACCTTCTCGACGAAAAAGCGTTTCAGGAGAACAACGACCGCGAGCTGCGCGAATGGCTCCGGCGCGACTACAACCACCCGTCGGTGGTCATGTGGTCCGGCGCCAACGAGGTCCGGCACCGGGAAAAGCCGGATGTCAAGCGCCAGCTCGACCGTCAGATCGACCTCATCCGTGAATTCGACAAATCGGGGCGGCCGGCCGGTTCGTTCTCCGGCTCCGCCTCATGGATCAGCTACGGCATCGAGCCGCTGAACACGGATTTCCTCGACCTGCACAGCTATCACGGGCTCTCCGTGAACTCCTGGACACGCTGGAACAAGAACATCAACGACGCCTACGACGGTTCGCTCGAGCATTATAAAGTCAAGGGTGACCGGCTGCCGTGGCCCTACATCATCTGGGAGTGCGTCGGCTTTACCTGGGGCGGCAAAAGCGACGCCGCCTTCCGCATCGGCGACATGAACCAGTATGCGAAATATGCGCGTTCGAGCACCTCCTGGGCACAGGGCAACGGCATCGGCTACGCCGGCACGATCGGGCTGGCCGCCTCGCTCGACCCGAAGCGCGGCATGAGCTACGGCAAAGCGCTGTTCGGCCACCGGCTGCTCGAACTGGCGCGCCAGAATCCGCGCGTGGACGGTTTCGCGCCGTGGCAGCATGCGACCGGCTTCCGCCCGGCGACGCTCTGGAATCAGCCGATCCTGGTCGGACTCCGCAACGAACAGGGATTGCCGCCGTCGAACTTCTTCGCCGGCCGTGACGCAAAGCGCGAGCTCTTCGTCGTCAACAGCACGAATCATGAAGTGAAGAACGGGAAAATCCGGGTCTGGCTCCTGACGGAGCAGGGCAAAGAGCTTCCGCTCGCAGAGGCCGCCCTCCCCGAGCTCGCTCCGTGGAAGACGGCCGTACTCCCGGTCACCCTTCGAATGCCGGAAAAGCCGATCGGCCATGCGCAGCTCCGCGCCACCTTCTCCGGCGCGGACGGCAAAGAACTGTCGCGCAACTTCTACAATGTCTACCTCGGCAGCCCGGCCGTGCTGACCGACCCGGTCAAGTGCGCCGAAAAGGTCGCGCTGCTTGATGTCGGCAGCCCGGCCGACGTCGAAACGACAGGCGCCGTCCTGAAAGCGCTGGCAATTCCGTACGCAGTCATCCCGGCGGCGAAACTCGACGGCGCCTTCACGGCGGCGATCATTCCGGCCGGACTCGAAAACAGCGAACCGCTGAAACTCGACGCCCGGAAGCTGGACGCCTGGCTCAGAGCCGGCGGCAAACTTCTGGTTCTCGAACAGCCGGTCACCTCCGGCAGCGTGCTGCCCGAATCGAAGCCGGTACTCTCTCCGCTGCCGTTCGCGGACCTTGTTTATCCGCAGCACCCGGTTTTCGCCGGACTCGACCAGCGAAACTTCGATTTGTGGGAAAACCCGGTCGAAGGCCGGGTCATCACGGTGGCCCTGGCGCCTTTCTCGACGAACGCGATCGCCGTGCGCGGTCCGCTGCTCGGCAGTCAGAATGTCGAAAACGCGGTTCTGGAAGCCCTGGTCGGCAAGGGGCACGTCTTCTGGACGCAGCTCGACGCGACCTCCCTCTGGGGCCGGGACAGCTCGGCTTCGACTTACCTGCGAAACGTCTTCGACTACATGCTCTCCGGCCGCAAACCGTACGAAAAGGTCATGCCGCTTGAGCTCAGCTCGATGCACTGGTCGATTCCGGAAGGGCGCGAATATCCGATCGACCTCACGAAGCAGGCGAACCGCGGTTTCCGCGACGACGGTGACGGAACCGGCTGGACCGGCCAGGGCGAGAACGACTTCCGCAACATGCCAACCGGTTTGCAGAAGGTGAACGGCATCCCCTTCCGCATCATCGATCCGGCGAAGAACAACGGAAAGTCCTGCCTGATCGTGCGCGGCACCGAAAAACCCGAGCTCCCGGCCCGGATCGACGGCATTCCGGTCAACGCGAAGCTGTCGCGGCTCTTTTTCCTGCACACCTGTGCCTGGAAGGGGACCGATGCGGGCTGCTACCGGATCAACTACGCCGACGGCACGAAATATGACTACATGCTGATCCCGGGCCGCAATATCGGCGACTGGTGGAACTGCGCGTTCCTCGGCGATGCGGCACCCGGCATTCTGCGGCCGAATCCGGTAACGGATCAGGTCGGCACCTATATGGCCGTCTGGGACAATCCGTTTCCGGAGAAGGAGATCAAGACCATCGACTTCCTTTCGGCCGGACAGAATACCGATATCGACTACCTGCCGGGCCGCTGTCCGGTTCCGATCCTGGTGGCCATGACCGGCGAGCGCGCCGGAGAAGCGCCGTTCTCCGTCAACGCCTCGGAATGGAAGGGCGGCGGGCGGAACGGTGTTCCGGCCCCCGAAATCGGCAAGGTCAGGACGACGCTGCCGGACGGCCGTGCGGCAGAAGTTACCCGCATCGCATTCCCGAAGGTCGCCGGGGAACAGGGGTTCAGCTACGCGATGATCCGTTTCGACCCCGCCAAATACGACCCAAAGAAGCACCGCTGCCTTTCGATGCTGATCAAAGCCGACAAACCGGGCGCACTCGACGTCACGATCCCGGAACGGAACTGGAACGGCCAGATGCGTCTCGGCTTCGAACTCGGCAACCGTTCCGGCGAATGGCGGCGCGTGCGGCTCGACCTCTCGCGGCAGCAGGGCGGCGCCATGCGCGATAAAGTTCTGCGCGGCGAACTCTTCCTCTACAACGGGGAAAACAAGCACTATCTGTATCCGCGCCCGGCCACTTCACTCGAAATCGCCGACATACGGTTCGAATAAAGCGGACACGCCGCGGAAGCCGAAACGGAGAAGTCTCCGCCGGCTCCCGCGGCTGGGCTGCCCCCGGAATCAGCCCAGCCAGGGGTCGAGTCCGGCTTCGGCGATGTCGCGGCGGAAAGCGAGTTCCCGTTCAAGGGGAAGACGCGGAGCCGGGAGACGCATCGGGCCGACATCGAGCCCGGCAAACTTCATGTAGAGCTTCTGCGACGACATGCCGTATCTGCCGATGAGGACGATGCCGCGATGGGTCAGCTCCTGAAAACTGCGGGCGCGTTCGATATCGCCGGCCTCATAGGCTTTCAGGAGCTCCCGATAGAGCCGCGGGAAATAGTTGTAGGTGCTGCCGACGCCCGCTTCGGCGCCGGCGGCAAGCGAGGCGAGCAGCATTTCATCGCGCCCGAACATGATCTGGAAACGGTCGGAGTAATCGACGCAGCGCTGGAATTCGCAGAGATTTTCATCCGTATACTTGATTCCGGCGAATTCGGGACACTCCTGCGCCATGATCGGCAGCAGGTCACGGATCAGCAGATTCGCGTGAGTCATGCACGGAACATGATACAGATAAAGCGGTTTCCGCGCGCATGCCTTTGCGATCTCCTTCAGACAGTCGGCCAGCTCCCGAACCGTGGGAGGCCGGAAATAGAACGGCACCATGGCGCAGACGGCATCGGCCCCGGCTTCGGCCGCATGTTCGGCAAGCGCCTGCGATTCGCGCACCGAACACGATCCGACATTGATGATGACCGGGATGCGTCCGGCCGCCGCGCCGATGAACGCCTCCGCCATCGAGCGGCGCTCCTCGTGCGTCAGCGAGGGGAACTCCCCGGTTGAGCCGATCGCAAACAATCCGGCCATTCCGTTTTTCAGCGAATGCTCGACCAGCATCGGCACCTTCTCCGGCGCAATCGAACCATCCTCGTGCATCGGCGTGAACGTCGCCGCCACCAATCCTTTGAATCTCAGCATGACAAATCCTTTCCGGCCATGGATGACAAGTTGTCATTAATTATACCGGATTGTATCCAATTTTTCAAGCAAACTTGTTCAAATTATCA
CP027227.1_gap38	1923373	1924102	729	CGCAGGAACCCGAAGCGGCCCGGGAAGCAGCTCAGAAGAAGGTCGTCATCCGCATCGTCAAAGTCGAAGGGACCGAGCTTTCCGTTTCGTCCTCGCTGCTGAATACGACCGTGCCGCTGCCGCTGCCGCCGATCACGCTGACCGATCTCGGCGAAGGCAAAAACTTCGGTGAAACGGTCAATGAATTCGCGGCGAAGATGCTGGCGGCGATCCTGACGGCGGTCTCCGACTCCGGTCTGAGGCTCGACGGTCTGAAGGGGATCGGCGACTCGCTGACCGAAGCGGGAAAGGGCCTCGGCGACTCGCTCAAGCAGAGCGGCGACTCCCTGAAAGATGCCGGCAAAACCCTTGAAAGCAGCTTCAAGGATCTGTTCAAGAACAAAAAATAGTCGTTCCGACGATACAGACGGGGAGCCGGTTCCGCACCGCTCCCCGTTTTTTTCAGCTCCGGCAGAAAAATCCTCAAGGCCGTTTCAAACGGCAGGCAAAGTTCCTCCGTGTCCGGAAACAGCAGTTTCATACCAACTGCGAAACGTACCGACACTGTGTCCGGGCATGTTTCACACGATTTCAGAAAAATTTCCGTTTTCCCTCTTGACAAATTGCTCTGACTTTGTCATAATATCAATATAGTGCTTTTACTATCACCATCAGGAAACCGGTCATGTCACAGAAATATGATGAAATCAAGGCTTTTTTGAAGGCGGAGGCGCTGAAACCCGAGTCTCG
CP027227.1_gap39	1931813	1932872	1059	CACCGGTCGCCAAGTCGAACACCGTCGCGTTCCGGATCACGAAATCGGCGGGCTCCTCCCCTTTCGCCTGCCGGATGCGCCGTGCCAGAATCCGTTCAAACTCCGTCAATGCGTCACCTCTCCGAAAATTCGCAGCCGCAGAAATTCTGCAGATAAAAACCGTGCTCCCGGGCAAGCTCCCGGCTGCGCCGGAACCCGTCCTTCTTTTTGAAATCCCACGGTTCGAAATGCTTCCAGATCGAAGCGGTCTCAAAGATCACCCGGCTCGGCTTGTGCGGACTCACGGTCAGGGTCGTAGCGAAATTCGCGCCGAGCGCGGCGGCGCGTCCGGCAGTCCGCCCGAGCGACCAGCCGAAGCAGAGCGGACAGCGCAGCCCGCGCTCCGGCTCGGATTCGAAGCCGGCGACCGCGCCCCGCCAGCCGTCGTGATCATACGGATCGACCTCGAGCGCAAGGCCGAAGATTCCGGCCAGCCGTTCAACCGAATCGAGGCGGCGTTCGAACTCCTCCTTCGTCGTGATATTGCTGTTCGAGTAGTAGAGCCGGACCTCGCGCCCGGTTTCGAGCAGACGCTCGACGCAGCCTGCGGCGCAGGGAGCGCAGCAGACGTGCAGCAGCAGCATTGGTTCCGTTGAATTGGTCATGCTATATTTTACCGCCGGAAACATGCTTTTTCAATTGCAAAAACGCGCTTTCGCACCTATTTTATAATATGTTGAATTTTATCATCCGCAGAACGCTCTATTCCGTACTGATCCTGCTGGGTGTGGTGCTCCTGACTTTTGCGCTGTTCAACGTCGCGGCGGGGGACCCCGCCGCCGCGGTGCTCGGCAAAAACGCCCGCCCCGAAGAGGTCGACTCGCTGCGCCGCGAGCTCGGCGCGGATCTGCCGCTCTTCTACGGGCGCTACTGCAAGACGGAGGCCCTGCCGTCGTGGAAGGCGGGCGAAGCGCTGCAGCCCGGCGTTTCGATCAGCGAACCGAACGGAATCAAGGGCCCTTATCTGGTCGTAACCCCGCAGTTCGAATTGCCTGAATACGCCTGCCGGACGGTCCGCTC
CP027227.1_gap40	1941437	1945385	3948	CTTCAGGCGTTTCTGATCGCGTTTGCCGGAGGCTTGTGCGCCATGATACCGATTCCGTTCGCCGGTCCGCTCATTGGCTGGATCGTGATGCTGATTCTGCTCAATAAATGGTGCGGCTGTGAGCCGTTTCCAAGTGGAGTGCTGCTGATTCTGGTTTCCGGAATCCTGCAAGCCGTGCTCGGTCTCGCTTTAGCCGGGGCGCTGGTTTCCCTGTCCCGCGCCATCTGACAAATCAGGAAATTCAGAAATACCGCTGCAACTCAAAGGCCTGACGGCGAATCCGCCGCCGGCTGAGGTCAGCTCCGGGAGGACAACCGAAAATGAATCCGTTCCCTCTGCTTGTTCAAAGTGGTCTTACTCCCCTCTATCTGCTGATTCTGTACGGCGTCATCAGTTTCCCGCTTTTCTTTTTCGGTTCACAGCGGACGGAGCGGCCGCTTTCGTGGAAGGAAGCGCTGGCGGCGGCGGCCCTGCTCGCCTTCCTGGTGATGCTTTTTTCCATTTTTCATTCCAGTTCCATCTATCTCCGATCACATTATTACCGGATTCAGTTTGCCGGAATCATCCTCCCGGCTTACGCAGTTCTGTCGCTGCTGATCAGAAAATACGATTGCGACGTGGTCCCGAGCCTGCTGATGGTGCTCGGCGGGCTTTTCCTGCCTTTGCTGATCCTGATGTGGCTCATATCGCTGTTTCATTAACATTTGGAGGATATTCGCATGACCGCCCCATTGTCTCCGGCCGCCTCTCCCGCTTACACCGGAACCGCGTTCCGCTTCGCCCCGAAATCCACTTCCCATAACCGGAGCTGACAGGATGCGGGAGTTCACCAGTTCGATCATGTTGCTGTTTTACCTGACCGCCTTCTTCGGAGCGTCGTTCGCCGCCGGCGCGTTCCTGCTGCGCCGCTGCGGGAAAAAATTCAATCTGGAATTGAGCCGGAAACGGGTGCTGCTTCTCTCCGGCACGGGGATTCTCGGTCACCTGATTCCACACACCTTCGGCGTCATCGGTGTGCTGCTGCTCCTTCCGCTGCTGACAAAATGGTGCAAGATCAGGTTCCGGCCGGCGCTGATACTGACCGCCGCGGTCTGGGCAGTTCAGTATGCGCTGTTCTGGATCGTCTATTTTCTTCTTTTTTATCGCCGCTGAGCAGAGGGAGAATCTCTTCATGGCCGCACTGCTCTCCGATCCGGGAGTATCACCGACGGTTCTGTTGCTTTCGCTGTTCGCAATCCGGCTCCTGTTCGGGTTTGCCTGCCTGCATGAATCCACCCGGAAATGCGAAAATCCGCTTTCCGCCGGAGCGGCATTTCTCATCGCCCTGATTTTTGCCGCATTCCTTCTCATGATCCCGATGTTCTACGGCCTTCTGATCGCCCTCACACTCGGAACCATGTTTCTTGTCCGCCTCTTTCGGCAACGGGAACGATCAGAGCAGTGAAACCAGGACAAGCCCGAGAATGACCATGCCGATGCCGCAGAGCTTGACCGGGTAGCGCGGTTCGCGCAGCAGGAAGATCCCGGCCAGCACGCCGAACGGCAGGCTCAACTGCCGGAACGCCTGAATATAGCTGACGTTGCTCACGAAACGCATCGAAAGCAGGATCAGGACGTAACAGCCCGACGCGCAGAGCCCGCAAAGCGGCGGGTAAACCGATTTCAGGAACAGCTGCCGGAACGCAACCCGCTCACGCGGCCGGCTCCGCACATAAAAGCCGAGCCCGATCACAATCATCGACTCGATGCCGAACAGATAAGCGCCGCTCTGGAACAACGCAGCCCCGGCCTGATTTTCCAGGTACGGAACCGCCATGCTGTCGAAAACCGTGTATCCGGTGGTTCCGGCGGCGGCAATCAGAATCGCGGCGACGGCCGGGGAAAGATAGCTCTTCAGCCGGAATTCGCGCAGGCTCCGGAGCGGCAGCAGCAGGCAGCCGACCGAAATGACCAGCATACCGAAAAGCGCTCCCGCACCGGGCGCCCTGCCGAGCCCGAACAGCAGCGTGACCGCCGCAGTCATCAGCACAGGCAGCGCCCGCGCCAGCGGGTAAGCCATCGAAATGTCGCTGCGGCTGTAAGCCCGGAAAAGCCCGAGGAAATAGATGCACTCGCACATCCCGCTCGCCAGAAAGCAGAGCCAGAAGCGCCACGGCAGGGCCGCAGCATCCAATTCCGAAAACAGCAGCATCGGAAAACAGAGCAGCACGGAGGTCATCGAAGCGAGCATGTAAAAAGCGGCCGACGGCCGTTTGCTCTTCGAAATGAAATTCCAGCTCGCATGCAGGATTGATGCGCCGAACACCAGAAAAAACGCGGTCCAGGTCATTCCGCCGCGCTCTCCTCGCGACGCAGCCGGCGCTCCGCGCCGGGGCGGCTCCAATAAGTCTCGGAATGGGCGGCCGGAACCGCCTTCAGAAATGCGTCGAATTCGGCTTTCGTTCCCAGAAACGAGATGCGCGAGCGGATTTCACTGTGAAAGCCGCGCCCGCGGAAATAGTCGTGCAGGATCTTCCGGGCGATCCGCATCGCGGGCTCCTCGCCGTACAGGCCGATCATTTCGCCGATATGCGCGCGCATGAGTTCCAGCCACTCCGCGATCGTCGGCGGACGGTAGGCGTCGCCCTCGGCAAGCTCGCGAAACAGCCACGGATTCCCCATCGCGCCGCGCGCGAGCATGACCGCGCCGCAGCCGGTTTCGCGCCGGATCTCATCGTATTTTTCCCGTCCGGTCACGCCGCCGTTCGCCACGATCCGCACTCCCGGCAGCGCTTCGCGGACCTGCCGGATGATGCCGTAGGCGACCGGCCCGGCATAAAACGCCTCCTTGATCCGGCCATGCACGGTGATCGCCTGCGCGCCGAGCTCCGCCAGCCCCTTCGCCAGCGCCAGCGTCGGAGCCGGGTCCTCCGCGTCGACAATGCGGATCTTGGCCGACAGCACATGCTTTGAGCGCTCCCGGAACAGGGAGAAACAAGCCAATGCCCGGTCGATATGCCGCCCGAGCTCAGCTCCGGCCCCCTTCTTCGCAACTTTCGGAACCGGGCAGCCGAGATTGAAGTCGAGCACGTCGAACTCGTATTCGTTCAGCACGTCGAGCGCGATTTTCAGATGCTCCTCGTTCGCGCCGACCAGCTGGACGCCGAGAAACGGCTCGTCGCCGCCGCGCAGCAGCATCGACTCCGATCGTTTCCGGGCATAGGCGAGCGACGCGGCATCGACCATCTCGGTAAAGGCGTAAACGCAGCCGCACTTCCGTGCCGCCCGGCGGTAAGGCAAATCGGTATAACCCGAAAGAGGCGCCATCAGCAGCGCCCCTTCCGGATACGGGAACAAACTCATTTCATCACTTCATTTTTATGATCTGCTGCTGCAGCTTCCGCAGCGCCTGATTCTGAATCTGGCGGACCCGCTCGTTCGTGCAGCCGATGATGGCGCCGACTTCTTCGAGCGTGCGGACCGGTTCGCCGTCGAGCCCGAACCGCAGGCGAAGCACCTGCTTCTCGCGCTCCGGCAGCGTCTCGAGCAGCGCGAGCAGCTGCTCGACGTCCTCGAGGTTGATCAGTTCCTGGTCCGGGCCCGGTGCGGTCTCATCATAGACGAACTCCATGAATTCGCCGCTCTCGGACTCCTCTCCGGAGACCGGCGCATTCAGCGAATGGACCTCGACCTGGTTGCTGCTGCGCAGCCGCTGGATCGTCGCGACCGGAAGCTTCGCCTCCGCGGCCACCTCCTCGTCAGTCGGTTCGCGCCCGAGCTTTTCGGTCAGCTCCTTCGCCACTTTGCGGATTCGCCGCCAGTTGATCTGCGTGCCGATCGGAACCCGCACCGTGCGGGCCTGCTCGGCGATCGCCTGGCGGATCGCCTGTTTGATCCACCACGCGCTGTACGTGCTGAAACGCGCACCGCGCGACGGATCAAACTTATGGGCCGCGGTGATCAAACCGC
CP027227.1_gap41	1946799	1949547	2748	TCTTGCCGTCGTACTGCATATGGAACTTGCCGTCATCGGTAAATTCGCCGAGGACCGACACTTCGACGTCGCGTTCGGCCGCGAGCGCCTTGAATTCTTCGATCTTTTCGGGCGGAACCGCGAAGCTCATGCGCTCCTGCGCCTCCGAAACCAGAATCTCCCACGGCTGAAGCCCGGCGTACTTGACCGGCGCCTTCGCAAGATCCATGCGGCAGCCGTTGCAATGCTCGGCCATCTCGCCGACGCTGGACGAAAGGCCGCCCGCGCCGTTGTCGGTGATAAAGCGGTAGAGCCCGCGGTCGCGCGCTTCGCGGATGAAATCGCCGAGCTTCTTCTGGGTGATCGGGTCACCGATCTGCACGGCCTGCACGGGACTGTCCTTATGCAGCTCCTCGCTTGAGAAGGTCGCGCCGTGGATGCCGTCCTTGCCGATGCGTCCGCCGCCCATGACGATGAGGTCGCCCGGCTCGATCTTCTTGGTCCAGCCCGGAACGCCGTTGACCGTCTTCGGCAGCGTGCCGACCGTGCCGCAGTAAACCAGCGGCTTGCCGATGTAGCGCGCATCGAAATACTCGAAGCCGTTGCCGTACGGGATGCCGGACTGGTTGCCGCCGTCGATCACGCCCTTGTGGACGCCGTCGCGCAGCCGCCGCGGGTGCAGCAGCCCCTCCGGCACATCCTTGTCGTCGGTGAACGGCGAACCGAGGCAGTAGCCCCAGACGTTGATCAGCAGATCGGCCCCCTGCCCGGTGCCGAGCGGATCGCGGTTCACGCCGACGATGCCGGTCATCGCGCCGCCGTACGGGTCGAGCGCCGACGGGCTGTTGTGCGTCTCGACCTTGTAGACGAGATCGACCTTGTCGTTGAATTTGATGACGCCGGCGTTGTCCTTGAAGACCGAAACGAGGAAGTCGACCTTTTCGCCGATCTCCTTCGTGCTCTTCTGGATGAAGGTTTTGTAGCAGGAGGTGATCTCCTGCTTCTCGCCGGTCTCCTCGTCCGTATAATCGACCTTTGCGGCGAAAATCTTGTGTTTGCAATGTTCGCTCCAGGTCTGGGCGATGACTTCGAGCTCGACGTCGGTCGGGTTCTTCCCGAGACCGTACTCCGCGCGGTTCTCCGCCTTGCGGAAGTAGTTCTGGATCGCCTTCATCTCGTCGAGCGACAGCGCGAGAATGCCCTTGCGGCTGATCTCCATAAGCTCGTCGTCGGAGACTTCGAGATCGTACTCGCGCACCTTCACGTCGTTGACGGCGGTCACAAACGGCAGATTCATCGGAATCCCGTCGGCGACCTCTTCGCCGGAGAGCACCCGGACGGTCTGGATCAGCTCATTCGCCAGCAGCTTCGACGCGATCGTCCCGGCCTGCTCCCGCGTGAGTTTGCTGCCGTAGAACAGATATTCTGTCGAGCTGAAGACGGCCTCGTCCTCGCCGAGCTTCCGGCCGAGGATATCGCCGACGGCGGACTTGGCCGAGCGGCCGACATTGTCAGTCACGCCCGGACGGAAACCGACCGCAACCAGATATTCGCACTCCGGAAGCTCCTGGAAATTCTCGGATTTCGCAGCCGTAACCCGCCACCCCTGAAGCACCGGATTGTAAAGAAGTTCCGCAACTTTCTGCGCTTCCTTTTCCGTAATATCGGCCGCAATCGTGTAGATATCGCGGGTCCAGACCTTCTCCACCGGGAAGCCGAAGAATTTCTCGATCTGCTTCTTCACGCCCTCCCCGCGGGCGTCGCGCCACTGCGGCAGCGGCGAAATTTCAATCCTGTAATTCATTGTAAACCGGGCCTTTCAATCAGTTGCATCGTCATGGGGGTAATTTACACCCGAACTCGTCCGGATACAAATTCGTTCCGTCATTTTTTCGGCATTCCGCCCCCCGGCGGAAGGACGGCGGTAAAATGCATCGGCACAATGTGCGTCAAGCGCTTGAAAATCCGGATTTTCCGGGGTATATTACATAAATTTTTTTGTATATCAACATCATACACTCATACAGAGGAATCGCCATGCCGATCACATTCAATGAAAAAAACCGGGTGTTCAAGCTCGACGCGGGGAACTCCACCTATGCGTTCCTGATTGAGCCCAACGGTTATATCGCCCATCTCTGCTACGGCGGAAAAATCGACTCCGACGCGCTCGAATACCTGTACCGGCCGATGGACCGCGCCTTTTCGCCCGCCGCGCCCGGAACTCAGGCCCCCGAATCGCGCGACGTGATTCCGCAGGAATTCGGCACGAACGGCATCGGCGACTTCCACGCCCCCGGCGTCATCGTCCGGCAGGAGAACGGCCATACGGTCACCGACTTCAAATACCGTTCCCACAAGATCTACAAGGGCAAGCCGACCCTGGAGGGGCTGCCGGCCACCTTCGGAGCCGACGGCGAAGTCGATACGCTCGAACTCTCGCTCCACGACGCTGCGAGCGATGTCGAATTCATCCTTCTTTACAGCACATTCACGAAATACAACGCGATCGCCCGGGCGGCGAAAGTCGTGAACCGCTCCGGCGAAACCGTCCGGATTGAGAAGCTCTCCAGCGCTTCCGTCGATTTTCCGGGCGCGGATTTCGAGCTGCTGCACCTCCCCGGCGCGTGGGGGCGCGAACGCGCCGTCGAACGGCGGAAGCTCTCTCACACCCGCACCGTCATCGAGTCGGTGCGCGGACTTTCGAGCCATCAGCAGAATCCGTTCTTCGCCCTCGCCGCCCCGCAGACGACGGAGACGGCCGGCGAA
CP027227.1_gap42	1962912	1966243	3331	CGACTTCAGCCGGGCGTTCCGCAACGCGTGCAGTTCATCGGCGGACATCGTCTCCGCCGCAGGGTTGAAAAATTCTACTCGACTCATTTCAAAGGGTTCTCCCATATTCAAACGCATGCAGGTTCAACTCGGCATAGGCGGGCTTGACGCACTCCGCAATCGCGCCGCGCCACGCTTCGTCCGGCAGCGGGAGGCCGGATGAGAGGGCGCCGAGAAGAATCGTGTTCGCGGTTTTCGGATTGTTGAATTTCTCGAGCGCCGCCGCATCGAAATCGACGTACTTGAGGCGGGGGAACGTACGTCTCAGCCGCTCTTCGACATCGGCCGGGTAGACGGCCTGCCCGCTCGATACGGTGACCGGAATGATCGGGCGCGACGCAACGACCGCAGCGCCCTCCGGCTTCAGGTAATGGCTGTAACGCAGCGCCTCGATCGGCTCCAGCGCGCCGAGCGCGTCGGCGGTCCCCTCGAGGATCAGCGGAGAAAGCACCTCTTCGCCGAAGCGGATCTGGGCCGTGACCGAACCGCCGCGCTGGGCCATGCCGTGAATTTCATTGGTCGTGACATCGAACCCGGCGCTCCGGGCCGCGGAAGCGATGATCCGGGCCGCAAGCAGAATCCCCTGCCCGCCGACGCCGGTCAGCAGAATATTCGTAATCATAAGCACACGCCTTTCGTGGATTCATCCTGATAAAATAGCGCAAATGAGGACTCCTTACAACGTTAGGTCTGTAAAAAGTCACAAAAAAACGCCCGGCGAAACGGGCGTTTCGGCGCGCGGCCGGTCATTTGAGCGCAATGGAACGGACCTCTTCCGGGGCGAGCGCGCCGGAAGCAAGTTCGGCGCCGTCGCAAAGCAGCCGGAACGGCTTCTCCTCCTGCGACGCATTCCAGAGCCGGAATTCGCGGCAGTTCTGGCAGAGCGCGATGACCTCCGGCGGCTCGACCGTCCAGACCGGACGGCGGAAGGCCGCACCGTCGGCGGCGGCCGTGATCTCCATATGCTCCGCGCCCCACAGCCGCCCGCGCGCCGCAGCGGGGAGCTCCGCAGCCGGACGGCCGTCGGCAATCCAGAACTCCTGCTCAACTTCGCCGAGATCCGCATACCCCTCGTCGCCGTGCGGCGGGAACGGGCGGTGCTCGGCGTAGCAGACCGGACGCAGCAGCGTGAGCCGCAGTTCCGCGCTGCCGAACGAATCGTATCCGTGCAGCGCCTCGGCGAAAATGCCGGAGCTGCGGCCGTTTTCATCCACCGCCGCCGCAAAATCGATGAACGGCTGCTCGCATTCGTCCGGCGTGCGGACAAGCACGGCCGCGGCCTGTCCCGAAACGATGGAGCCCGAGGCGATGCCGGTTTTCCAGTTGAATTTGACCGTGTCGTCCTTTTCACGCCACTCCGCGCTCCAGCGCGCGAAGAGCTCCGGAACTCCGGCATAGGCGAAGAGGTCGAGCTTGAAAGCCGACTGCTTCCAGCGGTAGCGGGCCCGCAGACAGCTGACCGCCGGACCGTTGTCGATCTCCTCGAAGCCGAGGAACTCCGCCTCGCCTTCGGTTTCGCCGAGCCGGGCAAGGCCGTGCCCCCAGGTATCGCCGACATCCGCGACCACAGGGAACGAAATGCGCCTGAAGGCCGCCTTCTGCCGCTCGAAGCCGACCGCGTCCGGCTGCCTGCCGCCGTAACCGTAAGCGAACACGCGAAGTCCCGACGGCGGCAGGTCGACCACGGCGGCGGCGCGCCCCCAGGCGTTGTTCGGCCCGAAAGCGGCGGCGGAGCGAATCCACTGCAGAGGAACGGTATTGCCGTTCTCATCGCGCAATGTGTCGAACCGCTTCCCGTTGCAATTCGGGTCCGCGAAGGTGTCGAAGCCGAACACGGCCCGCACCGGAACCGGCAGCGGGTTCCAGAGCAGGATGCCGCCCTCGGTCAGAAAATCGCTCTTCGACTGCGCCGCATAGCGCTCAAGCCGTTTTTCGAGAATCGAAGTTGCGGTCCACTGCGCATAGCCTGCGAGGTCGCGGACTTCGCCTTCGAAGGATTTCCGCACCGCCGTGCCGGGGTAGACATCGTGAAAATAGTTGAAAAGGAACTGGTTCCATGCGTCGTCGAGCTTCGCCGTATCGGCTTCGGCATCCGGCCCCGGCGACTCGAGCACGAGCTTCTCGGCCTTGAAAAGCGAACGCTCGACGGCGGCGAACTGCCGCTTGACCATCGAAACGGCCGAATAGCAGCCCGGCGAATGGTGGGTAAGCTCACCCTCGTACACCGGCAGCTCCGTCTTTTCGATCGTGTCGAAATAGTGCGCCAGCGTCGAAAATTCGATGTCGCGGGTTTCGGCCGCTTCAAGCAGCCACTCCAGCTGCCGCTCGTAGATGCCGCCGCCGTGGTCGCCGACGCCGAAGAAGAAGGTCTGATGCTCGTCGCCTTCCGCGATCAGCCGGTCGATCCAGTCGAAAAGCTGCGTTTTCTCCTTCCAGCCCGGCATCGTGCAGTAAGCCTGCCGGACGCGCAGCGTGACGACCTCGCTGCCGCCGTCGCCGCGCCAGCGGAACAGATACGGCATGGTCTTCTCCTCCGCCATCGGACGCATGAAGACGTAACGGTCGAACCCTGTCGCATTCAAGATTTTCGGCAGTCCCGCATTCTGGCCGAACGAATCGACGCTGTAACCGATCCGGATGTCGCAGCCGAATTTCTCCCGGAAATAGCGCCTGCCGAACTCGGCCTGCCGGAACAGGACCTCTCCCGGCGTGATGATCGTGTCGGACTGCTCGACCCAGCCGCCGACCGGCTCCCAGCGCCCGGCTCCGATCAGCAGGCGGATCTCCTCAAACAGCGCCGGATCGCACGCTTCGATCCACTCGTAGCAGGAACTCGATGAGCGGCAGAACTTCAGGAACGGATACTTCTTCATGATCCGCACGACCGACCGGCAGGTGTTCAACCAGGTCGAACGCCCCTCGCGCAGCCGCCAGAGCCAGATCGGGTCCATATGGGAATTGCCGATGACATAAAGTTTCTTCGCACTCATATTGCTGTCCGCTCCATCTGTTGATCGTTGTAACCGATCATACAATATAAAGAGCGCTCCCGAAAAAGCAAATCGGATTCCGTTATTTCGCGCCGATCAGCGAAAACGACACGTCCGCCGTATCCTTCCGGTGCCGGGGCCGGTTCCGGCCGCCGTCGTCGACGCGGTCGCGGCCGATGCCGTAAAGCCGCACGCCGTCGCGCCGGACGATCCGCCCGGCCGCCCGGAACTCCGTCCCCTCCCTGCCGATGTCAACCACACGGAATTCGAGCGGCCCCTTCCGGTAACGCAGCGGAGCGCCG
CP027227.1_gap43	2065580	2069120	3540	CCTTTGCGGCCGTGGCGGCCTCGACCAGCCGCGCGATCTTCTCGCCGACCACCGAACCCATCGAGGCGCCCATGAAACGGAAATCCATCACGCCGAGCATGAAGGGGTGTCCGCCGAGCGTCGCCGATCCGCAGACGATCGCATCCTTCAAGCCGGTTTTCTTCTCGCTTTCGACCAGCCGGTCGCCGTAGGACTTGCTGTCGACGAACTGCAGCGGGTCGACGCTGCGCAGATCCGCATCCATCTCCGTGAAGCTGTCCGCATCGGTCAGGGACTTGATCCGGGCCGGGGCGTTCATCGGCAGATGGCAGTTGCAATACCAGCAGACCTGAAGATTGTCCTCCAGCCGGTCGGTGTAGAGCGTCTGACCGCAACTTCTGCATTTGACCCACGAACCGTCAGGAATAATCATTTTACGTTCTCCGTTGGTGGGCATCCGCAAGGTGGAATACTTTCCGCTGCTGAATAATGACATAAAAGTTTATAACTCCAGTTAACCACAACTCGTTACGGGCCGGTTCAAACGTCCGCCACCATAGAAAATCAACGCCATATCATATTTAATATACCGCACTTCCGGGAAATTTCAATTACCGTTCCGCAATATTCGCCGCCTTCTCCCCGAAGTATGACAAAAAAACATCCTTCCGGGAGCGGCCGGCGAACGGCGCGGCCCGGAAGGGGCGTTTCGCTTCGGAGAAAAGAACTCAGTTGACCTTCAGGACGCCGCCGGTGTCGGCGCTGGTCGCCAGCGAGGCGTACTTGGCAAGATAACCGGTCTTGATTTTCGGCTCGCGCGGCTTCCAGCTCTTCCGGCGTTCAGCGATGACCGCTTCCGGCACGTCGAGGCGGACCGTCCGGTTCGGGATGTCGATCTCGATCATGTCGCCGGGCTCGACGAGGCCGATGAGCCCCCCCGCCGCCGCTTCGGGACTCACATGCCCGATACAGGCGCCGTGAGTCGCTCCGGAGAAACGCCCGTCGGTGACCAGCGCGACCGACGAACCGAGGCCGCGCCCCATGATATACGAAGTCGGGGCGAGCATCTCCTGCATGCCGGGACCGCCCTTCGGTCCCTCGTAGCGGATCACCACCACGTCGCCCTCCCTGACCTTGCCGCCGAGGATGCCTTCGCAGGCCTCCTCCTGGCTCTCGAAAATGACCGCCGGCCCCTTGTGGACCAGCATCTTCGGGTCGACGCCGGCAGCCTTGACCACACAGCCGTTTTCCGCGAGATTGCCGAAGAGGATCGCCAGGCCGCCCTTTTCGCTGTACGGGTTGTCGAGCGTGCGGATGACCGTGCCGTCCGCGTCCGGCGCGGCGGCGTACTGCTCGGCCAGCGTTTTGCCGGAGACCGTCGGCGCGGAGCCGTCGATCATGCCCGGCTTCTTTGCGATCTCTTTCAGGATCGCCATGATCCCGCCGACGCGGTTGCACTCTTCGACGATATGGAATTCTCCCCGCGACGGAGCGAGGCGGCAGATGTTCGGCGTCGCCTTCGAAATTTCATCGAGGTCTTTGATATCGACCTTCAGGCCCGCTTCATTCGCAACCGCCAGCGTGTGCAGCACGGTGTTCGACGAGCCTCCCATGGCCATATCGAGCACGAGGGCGTTGCGGAACGACTTCGCGGTGACGAAATCCTTCGCCCGGGGCGGATTCTCCATCTTCGCAAGCTCGACGATCCGGCGCGCGGCGCGCCGCCAGTACTCGACGCGCTCCGGCGAATCGGCGGCGATGGTGCCGTTGCCGGGCAGCGCGATGCCGAGCGCTTCGCAGAGGCAGTTCATGCTGTTCGCCGTGAACATCCCGGAACAGGAGCCCGGGCCGGGGCAGGCCGTGCATTCGAGCTCATGGAGCTGCGCATCGTCGATCTTGTCGACCACCCGCGCCGCAACGCCTTCGAAGATCGAGTTCAAATCGGTATTGTGAGAGACGCCTTCGGTCTTTCCGGCGCGCATCGGGCCGCCGGAAGCGAAAATGGTCGGGATATTCAGCCGCATCGCCCCCATCAGCATGCCGGGGACGACCTTGTCGCAGTTCGGAATGCAGATCATCGCGTCGAACGGATGAGCGGAGCCCATGGTCTCGACGCTGTCGGCGATGATCTCGCGGCTCGCAAGCGAATATTTCATGCCGGAGTGGCCCATCGCAATGCCGTCGCAGACCGCGATCGTATTGAACTCGTACGGAACGCCGCCCGCCTCGCGGATTGCGTCGCAGATGATTTCGCCGACCTTTTTCAGGTGGCAGTGGCCCGGAACGATGTTCGTGTAAGAGTTGCACACTCCGATGTAAGGCTTCTTGAAATCCTCGTCGGCAAGCCCGGTTGCACGCATGAGGCCGCGATGCGGCGTGCGCTCCAGCCCCTTCTTCATGATATCGCTGCGCATAGCTGTTCTCCTGATGTTCCCCGAAAAGCCGCCCCCTCCGGCCACGGACCTCGGCTCTTCCGGGCCGATTGCCCGAAAGCGTCGGGTGCTTTTCCGGGCCCCTTCTCCGAAGAGACCGTGCTCGTCTCCGGCGTTCCGCGCGGCTCCGCCGTACTCACGCCTCCGGGAAAGGCATTGTTAATGTTTCAATGGCATGAACCCGCCATCTCCTTGCTGTATTTTCGCATTGTCATATAAAATACCATGAATACCGGCCGAAAGCAATCGAATGTACCGGATTTTTCAAACGTTCTCTTGACGTTGAACGGGAATCAAGATATATTAAACGCTGTTATGATGAAATAATGTGTTTTATTAATAGGAAAGAAAGAAAAGGTATGTTCGAGTCCTTAAGCGACAAGCTGCATGATGTTTTCCGCAAACTGCGCGGACAAAGCACCCTGACCGAAGCCAACATCACCGATGCAATGCGGGAGATCCGCCTCGCGTTGCTCGATGCCGACGTCAACATCAAAATCGCCTCCGAATTCATCGAGGGGGTCAAGGCCGAATGCGTCGGGCAGGAGGTCATCAAAAGCGTGACGCCGGGCCAGCAGGTCGTCAAAATCGTCAACGACAAGCTCGTCGAGCTCCTCGGCGGCGGCGCCTCCGAGCTCGAATTCAAGTCGAAACCGACCGTCATCATGCTGGTCGGCCTGCACGGCAGCGGCAAGACCACCACGGCGGGCAAACTCGCGCTGCTGCTGAAGCGGCAGGGCAAAAAGGTCCAGCTCGTCGCGGGCGACGTCTACCGCCCCGCGGCCATCGACCAGCTCGAAATCATCGGGCGCGAGATCGGGGTGCCGGTCCACGCCGAACGCACGAGCGTGAACGTCGCCGCGATCGCGGTCAACGCGGTCGAACAGGCGCGCACGGCCGGAACCGATGTGGTCATCATCGACACGGCAGGCCGGCTGCAGATCGACGAAACGATGGTGCAGGAGCTGGTCCGCATCCGCCAGGCGGTGCGGCCGGATGAGGTGCTGCTCGTGGCCGACGCCGCGCTCGGGCAGGAGGCGGTTTCGGTCGCCGAACACTTCCACCGGGCGCTCGACCTGACCGGCTTCATCCTGACCAAGCTCGACGGCGACGCCCGCGGCGGCGCGGC
CP027227.1_gap44	2080990	2083727	2737	TCGCCTCGTTCCAGACCGCCAGCAGCCGGTCGCCGCCGTTCTCGAAGACGAAGCCGTCACACCCCTCCGGCAGCTCAAGCTCCCCGATGTATTTCGCGCCGCGGAAGTACCGGGCCAGCATATGGTAGACACTGAGCACCGGCTTGGCCTGGAAATCGGTGGTCAGCAGCCCGAAATGGTGTTCCGGGTCGTTCGGCGCATAGCCGTCGTTCCGCAGGTCGTACCAGTTGTAGCCGACCGCGCCGCGGCTCCATGAGAACAACAGTTTCTTGAACAGCGCAGCGGCCTGCTCGCGCTCGGTTCCACCGATGGCGCTGACGGCGGTTTCGTTCGCATACCACGGAATCTGCACACCGGCCTTTTCCCGCAGCGGCAGCAGCCGTTCGTCGATCTGGCGCGCATAAGTCGCGTAATTCGCATGTCCGTGATAGGCGTGGACATCGAAGAATTTCCAGCCGTCGCGCATCGCCTTGAACTGAAAATCGGGATCACGCCGGCCGGGATGGCTGCCGAGCCCGGCAAAACCGCCGGTAAAGATGACAAGCTCCGGATCGGTGCGGCGAATCGTTTCGCTCGCCGCCTTCGCAAGATCGAGATAGTCCTCCACGCCGAAGTGGCTGAAGGCGTAGAGGTCCGGTTCATTCCAGATCTCCCAGATCCGGATGCGGCCCCTGAAGTGTCTCGCGGTGGTCTCGACATAGCGCTTCCACGCTTCGAGCTCAGGTTTCGCGCGGCTCCAGGCGTGATAGCTCGGCGCGTTCCGGGTCTCTTCCGGAGCGGCCCAGCGGGCGCAGAAGCCGAACATCCCCTGCACTTCGATGCCGTACCGGCCGAAGAGATCGACGATGCGGTCGAAGCGGTCGAAATCGAAACGTTCCGCCGTCGGCTGAATCTGGCTCCAATCAACGCCGGACCTCAGATACCGCACTCCGAGCCGGGCGGCCGCCTGCGCTTCGAGTTCCTGCTCCCCCGCCGCCCAGCGGTTCGGGTGCGAACACACGCCGAATGCAAAGTCGCCCTTCCGAGGCCGGTAGGGCGGGAGCTCCGGCAGAACGGCGAAACCGGCTTTGCCGCCTTGCGAATCCCCGCCGGAACGAATCGTCCAGTCGATCGTCCAGTGGCCGTTCAGCGGCAGCTTCTCCGCAACGTCGAACACCGCGCTTTCGCCGGGCGCGAGCGTCTGCTCCCGCCGGAACGGAAGGGAGGTGCCGTAAAAAGCGGTCAGTTTTCCTTCGAGGACGAACGGCAGCGGCCGATCCGCGCGATTGGTCACCCGAACCCGCACAGGATCGCCGGGAGAGAACAGCGCGAGGCGCGCCGGGAGATCGAGTCCGACCTCGAACGCTCCGGCCGGAGCGGTTTCGGCGAGAAGCGCGGCATTGTGAAGCGTCAGGTCGACGCCGCTGCCGTCGGAAACCAGCTCGATGCCTTCGAACTTCACCGCGCCCTTCCGGTCAAGAGCGATCCGGCAGAGGTTGTCGCCCGGGACAAGCGGAACGACTTCCGTCTTGAATGCGGCGCCGTCGGCGGTGCCGAGCAGCCGGATACCAGCCTTGCCGGCCGAATGGAGCGTGCAGCGGATCGCCGCGCCGGCGGGAGAGCGGTGAAAGACCAGCGAAAATTTACGTTCGCGCAGAATGATGTTCCGGGCGTTTCCCCGGACCCGCATGCCCGGCTCCGCCGGTTCGGCCGTCCCCTTGCCGGAATAGAACGAATTGTTGTAAAGCTCATACCGGTCGAAGCCGAGCCACGGGAACTCCGCCGGAACGGCAGGACAGACAGCCGGCAGAAGGCAGAACAGAAGAGCGAGAAAGCGCATAATGAGATTCCTTTCCGGGTCAATACAGATAGAGTTCCCACGCCACCTTCTGCGGGGTGACGAATTCGACATGCAGATCGAACATCAGCGCATTCTTGCCGTCATGCCGCAGATCGGGAAACGTGTCGCTCGAAACACCCATGTAATACCCGCGGTTGCGGATCGACGGGTGCGTATAGCCCTTTTCATTGGTCAGGTGGCGGCCGAGTTCGCTGACGAAGATGATCTTGCTGTTCGCAAAACGCGGCGAACGGGTTTCGGGGCGCACCATATAATTCGATGTCGTGGTCGGGGCGGCATCCACGCACTGCGACGGCTTGAAGCCGAAATTCTGCGAGAGATAGCTGAAGGCGTTCATCGCGTACGAAACCGTGTCGGAAAGCCCGTTGCTGCCGTAAACCACCTCGGTGGCTTTGCAGAACAGCGCTCCCTCCCGGGCGACTTCAGTCGCCCGGGTCCAGTCGGCCGGCACCTCGTGGCTGCCGAGGTAGGGGCGGATGCGGTGATACCAGCGCTGCTGGTTCCGCGCCTCCCCCTGCGGCTGGTCGGCGGGCGGAAAATTCTGCTGGTCGCCCGCGTACATGGCGAGCGCGGCGCCGATCTGCTTCAAATTGTTGATGCAGGCGGTTTTCGTCGCGGAAGAGCGCGCCTTCTGCAGCGCCGGCAGCAGCATGGCGGCGAGAATCGCTATGATGGCGATGACGACAAGGAGTTCGATCAGGGTGAATGAATTGCGTTTCACGATACGGCTGCCTTTCCTGGTTTCAAGTTGATGTCGGCGACACTTTTATATTCGAGAATTTCGGGTTTGATGCTGATCTGGCAGGGAGACGTAAGGTCTCCGCAAAGCTGGCGGTCGATGATGTCGAGAACGGCGGCGGCCTGCTTCGGCAGCGGAGAATCGACCGAGCTGATGCG
CP027227.1_gap45	2096357	2099072	2715	GTATCGCACAAGGACGCAAACCGAAGACCAGCCGGAAGCACGGAAACGGCTCCATGCCCGGATGCGATTCGTATTACTCGGAATCCGGCGTGGAACGGCTTTCCATCGCCTCCAGCAGCAGAACCGCATTCCAGTCGTTCTGCTTGAGTTCCCGCAGGATTCCGATCGTTTCGCGGCGGACGGTGCGGTCACGCAACAGCTGCGCGTAGCGGTCCGGGCGGCAGATGTGATCCTTGCCGAACGCGGCCCATGCGTTCCAGCAGCTGTTGTGCGTCTCCATGAACAGCGAGCCGATTTTGCGGCTCAGCTTCACGAGCTCCCGGTGCCGCACCCTGCCGAACAATCCGGAGAAGAACGCGAACGCCGCAAAGCAGCGCGATTCCGCCAGCAGGCCGATAAAGCCGTGCAGATGGGCGTAGCAGCGTTTCAGCGTCTCCTCGTCGGCGGCGGTGAAGTAGGCGTCGTTCTCCAGAAACGCGATGCAGCTGTCGAAGGCCGCCAGACCGGAAACGCAATCGTCCGCACCCGGATCGATCAGCATCTGCCGGAGATAGGCGAACTCCTCGTAATCCGGCACACGTGCCGGGCATTCGTCCGTAATCAGCAGCAGCCGGGTGCCGGGCCGCAGCCAGTCCCGCTTCGAGAAGGCGTGTTCCCCGAGCTCCTCCGCCCGCCCTTCTCCGGAATCCCACGGCTGCGGGACAAAATAGCCGGTGACCCGGGCGCCGTCGGCGTCGTAGCCGGTGATGAGGCACCAGTCGTCCCCCGCAACCTGGAACGCCGGCACCGGAGTTCCCCGGTCGATCGACTGCACGACAAGATTCCGCATCCGGTCGGCCGGCAGCCCTTCGACCAGGCGGTATTCGAACCCGGCGAACGCCATGGTCCGGGCAATCGCCTCGTCGTCGCGGGCGGTTCGCAGCAGGTCGGTCAGAAGTTCGGGCCGGAACTCCGGGTCCCAGACCGTGCGGCAGTTCAATCCGGAGAGCGTCAGCAATTCATGATAAACCTGTTCGTGCATCTTCCGGTGCCAGTCGTAGTCGCGGCAGCGGCCGCAGCGGTCGCAGAGCTTCTCGGAACGGTTGCAGTAAAGCTCATCCTCGAATTCGTTCGGCTGCTTCAAATGCATATAAAGCGAACTGGAACACGAGACGAACCGGATCGACTCCGGGCCGCCCCACGGCGCCCCCACGGGCAAAACGCCGGATATTTCTTTTTTCACTTCATCTCCCTCGTATACCGCACAGACCGCGTGAAAATCATAATTCCGTATACTATATACCGTCTCCGGCCGGTTATCAACCCCCGGCGGAGAACATCCGGCGTAAATAGGGCGGTCCGGACGCGGCGGAACCATCCGTCCCGGACATCCGGCCCCGGTGCGCCGCTTTTGACCCTACGAATGGTTAATTTTCCGAATTTCTTTCAAAGCGCTATTGACATTTCGCTGTAATTTTGGTATAATATTGGAAACTCTACGTAAGGTTCACAAAAAACACAGAACGGATTATGCAGAAACGAATCAGTCAGCGGGAGATTGCGCGGCTGGCCAATGTCCGGCAGGAGACGGTTTCGGCCGTCCTGAATCCGAACAGCCGCGGCAACACCCGGGTCAGCGCCGAGTCGCGCGAGCGCATCCTGAGGATTGCGGCGGAACATAACTACCGCCCGAACCTGCAGGCGCGCATTCTGCGCGGCGACAGCGGCAGCAACCTGATCGGCGTTCTGATCAACGCGCGGATCAGCCAGTTCTTCTACGATCTGCTGCTCCCGCTCGAAGTCGAGCTGCGGAAGCGGCACAGGCGCATGATCATAGGCCAGCTCGGCAACGATGCGGCGGAGGCGGAGTCGGTGCTTCAGAACTTCATCGACTACAACCTCGACGGCGTGATCGTGCTGCACCACGACATCAGCGACGGCAGGCGGCTGTTCAACCATTACCTGCCGCTGCTGCCGGAAACCGTCTTTCTCGAAGTGCCGCCCGGAGTTTCCGGCGCCGCCGCCGTCTCGATCGATTTCGCCAACGGCGTGCGCGAGGCGGTCGCCCATCTCGCCGCCGGGGGACGGCGCCGCATCGCACTCTGCATGAATGACCTGCGCTTTCTCTCCATGCAGATGCGGCTCGAGGGGTACCGCCGGGGGCTCGAGGAGGCCGGCCGGCCGTTCGATGAATCGCTGATTTTCATCCGCGAGCCCCGGCCGGATTATACATTCGCGGAGCTGATTTCCGACGCGGTCGATCTGCTGGCGGTACGCGGAAAGGCCGACGCGGTGATCGCCGGCAACGACGAGTGGGCGCTCGCGCTGCTCCGCGAGATGAACCGGCGCGGGCTGCCGGTCCCCGGCAAGGTCGCGCTGGTCGGTTACGGCAACATCCTGAATATCTGCCGCTCCACCACACCCGAGCTGACCAGCATTCATCACGGAATGGAGGAGCTGGCCGCGAAGCTGGCAGCCGCGCTGGAGAAGCCGGGAACCCGGTTCCCCCCGGTGCTTTCGCACCTGGTGGTCCGCCAATCGTCGATCTGATCCGGCAGAATCCCGGACCGCAACGGATAAGAACCGAAAACCAAACGTTTCATTTTTCAGCCATAAGGAGAAACGAAAGCATGAGAAAGCGAAGTAAATTCACCCTGATCGAACTGCTGGTCGTAATCGCGATCATCGCAATCCTGGCTTCGATGCTGCTGCCCGCCCTGACCCGGGCGCGGGAAA
CP027227.1_gap46	2112209	2115937	3728	CTGTCTGTTCTTCGCGGCGCTGAATGATTTCGTCTTCAAGCTGTTCGCCAGGAAGGAGCGGTCGCGCGGACTTTTCGTCGCCGTCGCCGGGAGCGTCTGGTTCGCGCTGCTCGCATTCCTGCCGTGGAGTCCGGAGAGCGATTTCGGGGCGACGCTGCTCTGGGGAGCGGTTTCGGGAGCGCTGTCGGTCACCTCGAATCTGCTGCTCATCGAGGCGATGTCGCACAACAGCGCCGGGATGTGCGCGACGATCTTCCGGCTCAATCTTGTGCTGGTCGTGCTTTCGGCCGCGCTCCTGCTCGACGAGACGCTCACGCTTCTCCAATGGTGCGGCGTGCTGCTGGCCGCGCTCGCCGTGCTCGCCTTCCTGCCCGCCGGCGGGGACGCAAAGAAACTGCGGAATGCCGGGCTCATTCTCGTGCTGGCCGCGGCGGCGTTGCGCTCCGGCATGGGGATCGCATACAAATACGGCTTCACGCAGGGGGCGGACCGGAACGGCATCATCCTGATCAACAGCATCTTCTGGATCGTCTGCGGCGGATTCTACGCGCTGTTCCGCGAAAAAGCGGCGTTCCGGCCCGAGCGCAAGGTGCTGCGTTACGGGCTTCTCTCCGGCTTTCTGCTGGCCGGAATCGTGGTCTTTATGGCGCTGTCACTCGAACAGGGCAGCGCAAGCGTGGTCCTGCCGGTCGCCCAGATGAGCTTCCTCGGCACCTTCCTGCTCAGCGCGCTGCTGCTGAAGGAAAAGCTGAGTCTCTGCAAGGCTGCCGCGCTGCTGTCGGGCTCGGCGGCGATCATTCTGCTGACCGTCGGCGGCTGAACAACGATTTTTGCAAAAAAATCGGAATTGCCGGTTGCATTTGTCCGTTTCGGCATCATGTTAAAGATAATGAAATGCTTCCCCCCTCCGCATGTACGGCAGTGGGTTTGAAGCAGCGTTGGATAACATGTAATCCCTGTTCAGTTTCACCTCAACAACCCAAAGGAGTCGAAACGATGGAAAAGGTCAGAATCGGAGTCATCGGCTGCGGTTATATGGCGCAGACGGCGCACATTCCCTGCCTGGCGATGAATCCGGCGGCGGAACTTGCCGCCGTGTGCAGCCGCCGCGTCGAAGTGGCGGAGGCGGTCGCGCGCCGCTGGGGTGTGCCGTTCGCGTGCGGCAGCGAAGAGGAACTGCTTTCCCGCGAACTCGACGCCGTATTCGTGCTGACGCCGGTGCAGTGGCACCTTGCGAACGTCGGGGAAGCGCTGAAAGCCGGCAAAGCCGTCTTCACCGAAAAACCGGCCGCGATGTCGGTGGAGTCCGCCCGGAAGCTTGCCGCCGCGGCCGCCGCGGCCGGGAAAGGGGTCTCGGTCGGCTACATGAAGCGGCATGATGCGAACCTTGCGGAGCTCCGCAGGATTCTGGACGAAAAAAAGTGGGGGAAGCTCCTGTTCCTCCGCGCCCACGCTTTCATCGGCAGCCACTGGAACGCCGCGATCGACAGCCTCGTGCCGGTGGTCCGCGCCACCTCTCCGGCCCCGGCTTTCGACGCCGCGCCGCTCGACCCGGGCCCGGCCTTCCTCAAAGCTCCGCGCGACGCGAAGTTCTACTCGTTCGACAATCCGTACTACGGGCTGCTCGACACCGGCTGCCACTCGATCAACCTGCTGCGCTTCCTGGCCGGGACGGAGCCGAAGGTGGTCTCCGCCTCCGAGCGCGGCGGCGCCAAGTTTGCGGAGCTTGATTTCGGCGGCGTCACCGGGACCTTCGAATTCTGCGTGAACTTCAACATGCGCCGCTGGGACGAGGTGACCGAGCTCTGCTTCGAACGCGCGTCGATCCGCATCCTGACGCCGCCGCCGCTAGAGATGCAGTCCTCCTCCACGGTCGAAATTTACGATGAAGCCGGCGCGCTCTCGCGGCGGTTCACGCTCGAAAACAACCGCCAGTGGTCGTTCCGGCTCCAGACCGATGCGTTCGTGGAAAAGGTCCGGGCCGGAGACAACTCCGCCGCCGACCTCGCCGACGCGGAAAAGGACATCGCCGTCATCGAAGCAATCAGCCAGGCTCTTCATCAATAAAGAAAGGACAGACTCATGAAAAGCGCATTCCACACCGGCGTAAAAGAGATCACGATCCGCGAGACCCCGGTGCCGACGCCGGGTCCTGGCGAATACCTCGTCAGGATCAAAGCCTGCGCCATCTGCGGCTCGGACACCTGGTGGGCCAGCCCGGCCTCGGACACGGAGCCGGTGCACGGCCACGAGTCGGCCGGCGTCATCGAAGCCTGCGGCCCCGGAGCGACCCGGTACAAGGTCGGCGACCGGGTCGTCTGCTACGCAATCCGCGGCTGCGGCAGCTGCGAAAACTGCCGGAACGGGATTCCGACCCGCTGCGCGTCGAGTCAGTTCGTCGAAGGGGGCTTTCAGGAGTATTCGCTCTTCACGGCCGATCTGCTCTTTCCGTGTCCGGAGAGGATTGACTTCGTCACGGCGTCGCTGCTGTCGGATGCGATCGGAGTACCGCTGCGCGGGCTCCGGCGGCTGCCGCCCGCACCGACCGATTCGGTCACGGTCTGGGGGCTCGGCCCGCTCGGGCTGCTGCAGGTGCTCTTCCTGCGGGCCCGTGGAGTGAAACAGATCATCGGGCTCGACACGGTCGAGGCGCGGCGGAAGAAGGCGCTCGAACTCGGCGCGGACTTCGTGCTCGACCCCGCCGGCTGCGACGTGGTTGCCGAAGTTGAAAAGCTCTGCGGCGGCGACGGGGCCGACAAGGCCTACACCTTCGTGCGGAACGCGCAGGCGACCGAGACGGCCGTCAGGAGCACGAAGAAAGGCGCCGGAATCTGCACCTTCGTCGGGCTCGAAGGAAACTTCAACCTGCCGGAGTGGCTCGAACGGACGATGGTCTGGTCGTTCTACTTCACGCCGGACGAGTATGCCGACAACGTCCGTTTCCTGCAGGAGCACCGGATCGACCTCAGGCAGGTCGTCTCCGACGTATTCCCGCTTGACCGGATCGGCGAGGCTTTCGCAAAACGCTTCGCGGACCGGGAGCATTCGACGAAGATCGTCATTACAATGGATTGAATCGCGTCTCCGGATGCCGGAAAATCCCGTTCCGGCATTCCAAACCGGAAAAAAAACGAAAATTTCCGGAAAATAATTGAAAAATGGTTTGATTTTAAATTTTTTCAGCTTATAGTAAGAGGTGTTCCAGGTTTGATTTGTTCAGGCTCCTATACGCAATTTCTCCTCTTCATAATTACTCCTCTAAGCGTCTGAAGAAACAAACCTGGAACCCTTTTTTTGTTCCCGCGTCCGTTCCCCTTCCGGAACGGGCGTTTTTTTGTTGACAAGGCGGCTGTCGGGGTGTACGTTATCAGAAACGAAGGGAACAGACGCATCATGACCACTCCGACGATCCTCATCGACGCATACAGCCAGATTTTCCGTGCCTACTACGCCATCCGCCAGCTGAACAACTCCAGGGGGGAGCCGACCAATGCGGTCTTCGTCTTCGCGCGCATGCTGCTGAAGCTTGAAAAGGAGTACCCGTCTGACGCGGGTGCGCTCTGTTTCGACTGCGGAAAGGTGCAGTTCCGGCTCGAACTCGCGCCGGAGTACAAGGCGAACCGCCCGGAGATGCCGGAGGAGCTGCGCGTCCAGATTCCGGTGATCCGGGAGCTGGCCGCCGCGTTCGGCTGGCCGCTGCTGCAGGAGCCGGAGTACGAGGCGGACGA
CP027227.1_gap47	2203278	2207936	4658	GACGCATCGCATTCTGGCTCATCTCGAGGCCGCTGGTGGCGACGCCGCCGGCGTTCGAAGCCTTGCCGGGCGAGAAGAGCACGTTGTTCTGCAGGAAGTACTGGGTCGCGTCGAGCGTGGTCGGCATGTTCGCGCCTTCGCAGACACAGATGCAGCCGTTGGCGACAAGCGCTTTGGCCTCGTCGAGATTCAGTTCGTTCTGCGTCGCGCACGGCATGGCGATGTCGCACTTCGCAAGCGTCCACGGGCGCTTGCCTTCATAATACTTCGCGGTCGGATACTGCTTCACGTATTCGGCGATACGGCCGCGCCTGACATTCTTGAGCTCCTGGACGAATGCGAGCTTTTCGGCGTCGATGCCGTCCTCGTCGATGATCGTGCCGTTCGAGTCGGAGAGCGACAGCACCTTGCCGCCGAGCTGGGTCGCCTTCTGGGCCGCATACTGCGCGACATTGCCGGAGCCGGAGATCAGCACGCGGGCGCCGTCGAAACCGCGGTCGCGGGTCTTGAGCATTTCAGCCGCGAAGTAGACCGCGCCGTAGCCGGTCGCCTCCGGACGGACCAGGCTGCCGCCCCAATTCAGCCCCTTGCCGGTCAGAACGCTGTCGACGCTGTTGACGATGCGCTTGTACTGGCCGAAGAGAAAGCCGATTTCGCGGGCGCCGACGCCGATATCGCCGGCCGGGACGTCGGTGGACGGCCCGATGTGGCGGAAGAGCTCGCGCATGAAGCTCTGGCAGAACGCCATGACTTCGCGGTCGGATTTGCCTTTCGGATCGAAGTCCGCGCCGCCCTTGCCGCCGCCCATCGGCAGCGTGGTCAGGCTGTTCTTGAAGACCTGCTCGAAGCCGAGGAACTTCAGAATCGACAGATTGACCGACGGATGGAAGCGCAACCCGCCCTTGTAGGGACCGATCGCGCTGTTGAACTGGATGCGGTAACCGGTGTTGACCTGAATCCCGCCCTTGTCATCCACCCACGGAACCTGAAAGATGATGGCGCGTTCCGGAACGACCATGCGCTCGAGAATCTTGTGCTTCTCGTATTTCGGCTGGGCCTCGAGCATCTTCGAGAGGGAGCCGAGCACTTCGGTTACGCTCTGCAGAAACTCCTTTTCATGGCCGTTGGTCTGCTGCAGCCCGGACAGCACGCGATCGACATAATTGCTCATTTTTGTAAAACCTTTCATTCGTTTGGTTCGGCATTGTGATAAATGCATTATTTGTTAATAGCAAAAAACATGCCAGAATATGTAATTACCTGGCGGATAACGACGGATGCAAATTATTTCCCGCTGGAAAATATTGAAAAATAACAATATTGTCATCAAATTGCAATAAAATTACATTTTTGTCATTTATTTTCCGGACCCGTGCGACAGCGAAGACAAAACACGGGGAAAATCCACGAAAGTTACATTTTTGTCACTCATTCCGTTCCGTCAGCCTCCGCAGGCGGCGGCCGTAGCGCTCCAGCCGCTCCGCGTCGCCCGCGGCGCGGCAGGCATAAACCAGGTTGCCGAGATATTGCGGATTCTCCGGAGCAAGTCGGTGCGCCTGTTCGAGATAACGAACCGCTTCGCCGGGGGAGCCGGTCATCAGCGCGGCAGTTCCCAGGCCGTTGAGGGCCGGCACATGGTCCGGCACGAGCCGGATTGCCGCCTCGAACGCGGCCCGGGCTTCCGCCAGCCTGCCGGTTTTCTGCAGGAAAAGGCCGTGGTTGAAATGGAGATCGGCATAATCCGGAGCGAGGGCCAGCGCTTTGCGGTACGTTTCGTCCGCTTCGCTTTGGCGGTCAGGGTCCGCCGCCAGCAGATTGGCGAGATTCATCCACGCCTCCGGCTTGCCGGGCACCTGCGCCGCCGCCCGGCGGAAACGCGTCTCGGCCTCCGCAAAATTCCCGGTCCGCATGGCGATGCTGCCGAGCTGGTTTTCAAAGCGGTCCGGTGCATCGATCTCGCGCGATGCGAATTCGAGCAGGCGGCGGGCCCGGTCGAGCTCGCCCTTCCGGAGCGCGGCTTCGCCCAGCAGCGAGGCCGCCTCCGGGCGGCCGCGAACCGGCAGCTGGAACAACACCGAAATCCCCAGCAGGGCGGGCGGCAGCAGAAACCAGCGGCGCCAGTTCAGCCCCGCAATGCCGACGCCCGCAAAGAGCAGGACGGCCGGAAGCATCGCCGTCCGGTAACGCCCCGAAGTGACGGTCAGGATCTGCGCCGCCCACATGGCGAAAAGCAGCAGCGCATAACCGCAGTACGGGCCGGCGAACAGCCCTTTCCGGCAGAGAACGAGCCCGATACCGCACAGCACGAAAACCGGCAGCGTGAGCAGTCCGCCGTACCACTGGACGCCGGTTTCACGAAGCAGAAAATCGGGGTCCGCTCCGGAAATCAGCTCCCGCGGGCTCCAGACCAGCAGCGCTTTGCGCGCGGCAAGCAGCAGCGCGTCGCCGGGACTCGCAACGAGAAACTGCGCCGCCCGGCCGAGCCAGACCCGGTCGACCGGAATACGGCGGAGCTCCGCCTCCTGCTCCGCATCGCGGTGAAGCGCATCCCACCGGCGGCCGGGACGCAGATAACAGCCGCCGGTCGCCTCCGGGTTGTTGCCGAGCCAGAAGTTGAAGCCGCCGCCGGCCTGCACCAGCACCGGCCGCTCCGCCCGCAGGCTGTTGACCGCCGAAACCGGCAGCACACAGAGCGCAATCCCGGCCGCGAACGCCGCCGCATTCCGGCGCGGGCGCCGGAACAGAAGCCGGAGAAAAACCGCCGCGCCGAACGCAAGCGTCAGGGGATGGGTGATCGCCGCGCCGCCGGCGAACACGCCGGCGGCGGCCAGCCGGGACAACCGCTGCCGGGGCGCAGCGGCACTCTCCGCCGCGGAAAGAAAGGCGAAGCAGCCGGCCAGAACCGGCACCAGCAGCGACTCCGAAATAAGCTGGGACTCATGAAAAAGCGGAACCGGATACAGCATGGCGAGCGCAAAGAAGCTCCAGCCCGCAGCACGGGGAATGCCGGGCGTCCGCCTCAGAGCGGCGAAAAAGACGATCCAGCCCGCGAAATTCAGCGCGAGCTGCAGAATGCGCACCGCCGGAATGGAGCCGCCGGTGACCGCCAGCATGCCGGCGAGCATCCAGCTGTAAAACGGGGCATGGTGATCGGCGCCGGGCGGGAAAAATTCGCCATTCAGAATTTCGAGCGCCCGGTCGTAATACTCCTGCACGTCCGGGCCGATCGCGGCATCGAACAGCGGAGACGCCCGGAATTGCCACAGATAGAGGACACGCAGCAGAACTCCGGCGGCGGCCAGGCAGAAAAACCATCGCCGCCGCGACTGCCCGAAGCAGGAACGGAGAAAAGTCCGCAGCTCCCTACCGGGGCGGGAAGTCGAATTCATTTTCGAAGAGATCGCCGATGCGCTGGACCGCCTTTTCCTCGTCCGGCCCCTCCACCTTCAGCACGGCCTTGCTTCCGACCGTGAGTCCGAGCGAAATCAGCGTCAGGATGCTGTTGAGCTCCGTCTCCTGGCCGTCGCCGGTTTCGACGGTGAAGGTGTGGTACGGAAATTCCTTATTGATGGTGTTCAGAATCACACTCGAAGGACGGCAATGGATGCCGGCCTTGTTCATTACCGTGAAAACACGTTCTTTCATCGCCGCCCTTTCTGAATCGTTTATGGGATCGTTTTCATTCTTTTCTACACAAAAAATAACCCGTCTCCCGGCGGAATGCAAATCAAAACCGAAAAAATTCACGCCTCTCAGTTCAGCCCTTCGAACTGCATGTTGTAATATTTCGCATAAAGCCCGTCCCGCTTCAGCAGCTCGGCGTGGCTGCCGCGCTCGCGGATGCCGTCCGGCGTGATGACGATGATCTCGTCGGCGTTGCGGATCGTCGACAGCCGGTGGGCGATGACGATCGTGGTCCGGCCGCGGGCCAGCTCCTCGAGCGAGGACTGGATGAACCGCTCGCTCTCGTTGTCGAGCGCACTCGTCGCCTCGTCGAGAATCAGGATCTTCGGGTCTTTGAGGAATACGCGCGCAATGGCGATGCGCTGCTTCTGGCCGCCGGAGAGACGGACTCCGCGCTCGCCGGTGAAGGTGTCGTACCCCTCCGGCAGCGTTTGGATGAAGTCGTGGATGTTCGCCCGTTTCGCCGCCGCGACGATCTCCTCATCCGTTGCGCCCGGCTTGCCGTAGCCGATGTTTTCGCGGATATTGCCGGAAAACAGATAAACCTCCTGCTGAACGATGCCGATCGCGCTCCGGAGCGACTGCTGCGTCACGCTGCGGACGTCCTGTCCGTCGATCAGCACGGCGCCGCCGGTCACGTCGTAGAAACGCGGAAGCAGAGAACAGAGCGTGGTCTTGCCGCCGCCCGACGGACCGACGAGAGCGACGGTTTTCCCCGGCGTGATGTCGATGTTGATGTCCGAAAGCACTTCGGCCTCGTTGCCGTAGCGGAATGAGACGTGGTCGTAAACGATATGCCCTTCGACATGGGCAAGCGGCTTCGCATCCGGCGAATCGGTGATTTCGGGCCGGGTCTGAATCACCTCCATGAACCGCTTGAAGCCGGAATAACCGCGCTGGAACTGCTCCGTGAAGTTGATCAGCACTTCGATCGGATTCAGGAAAATGCCGATGTAGAGCGCGTAGATCGCAAG
CP027227.1_gap48	2213865	2218663	4798	CGACTCGGTCGTGAGTTCGGGGTCGTCCTTCAAAGTCACATGAATGATGCGGCGGTCGTGGGCGTTCATCTCCGGCAGCGTTACCGGTTCGCCCCAGCGCTTGACCTCCTTCGCCGCATCGAGAGCCTGCTGCTCAAGCTGGTCCTTGGTCGTGCGTTCGCCGTCTTCCTCCCGGCGGGGACGGCGTTCGCGACGCTCGCGGGGACGGCGTTCGCCTCCCTCCTCCGACTCGTCATCGGCTTCGGGGCGCGCGCCGCGCTCACCCTTCGCATATCCGTCGATGTCCAGCATGATGTGCGGACACTCTTCGTCATCCTTGAACATGATCCGGTTCAGCAGCAGCTGGAGGCTCTCGAGCGTCTGCCCCTTGCGGCCGATGATGCGGCCGGCGTCTTCCGAACTGATCTTGACCCCGATGCGGGTTCCCTTCTCCTCCACCCGGAGCGACGCGGAGAGCCCGAGATAGTCGAACATCGTAGTCAGGGATTTTACAATTTTAGCTTTCCGTTCTTCGAATTTTTCATTTTCCGACATGGTTCTGTCTTCCTCTTTTAAAGCTGGCGGGGCGCTACTTGCCGGATGCTTTCGCCGGCGTCGCCCCCTGATCGTTGTAGTGGCGCCGCTGCAAGCGCATCTGAATGATACTGAAGAAGTTGCTGACACTCCAGTAAAGTGTCAGGCCCGACGGCAGATCGTAGAGGAACAAAAGCATGATGATCGGCATCGCCAGCATCATCTTCTTCTGCATCGGATCGAGCGACATCGGGGTCATATGCTGCTGAACAACCATGAGTCCGGTCATGATGAGGACCAGCGGATTGATCGGCAGGTTGAAGAAATAGAGCGGGATCGTCAGCACGGTATCGGCCGCCGCCAGATCCTTCGCCCAGAGAAACGAAACCTGGCGCAGCTCAACCGCGCCGTCCAGCGTCGCGTACAGCGCGAAGAACACCGGAATCTGGAGCAGGATCGGCAGACAGCCGCCGAGCGGATTGACGCCCTCGGCGCGCTGCAGCTCCTGCATTTTCGTATACTGCAGCTGCGGATTGTCCTTGTACTGCTCGCGCAGCGCCTTGATCTTCGGCTGGAGCTGCTGCATTTTCCGCATCGACGCATTCGCCTTCGCCGTCACCGGGTAGAAAAGCGCGCGGACCATCAGCGTCAGCAGGATGATGGCGACCCCGTAGGAGCCGATCAGTCCGTGCAGCGCCACCAGCACCCAGAGCAGCAGCCGTGCCAGATAATCCAGCGGCCCCCAGGCCAGATGCATGACCCGGGCGGCTCCCGGCTCGAAATCCTTCAGGAACGAAATGACCTTGGGTCCGTAATAGGCGCGGAAGTCGAACGACTGCTCCGCGCCCGGGCCGAGCATGAAGTTCGGGTACTGCGCCCCGACCTCGATGACCACGTTCTTCTCCTTGAGCCCGTGGTACAGGAAGCGGTTCTGGTAAAGCGTGAACGGCTTGTCGGCCGTCAGGAGCGTCGCGAAATACTTGTTGCCGGCACCGGCCCACTCGACCTGCGGCGGCGGAACGACGAAGAAACCGGCTTCGTCCTCCTTCTTGACCCCCGCCTTCAGATCCAGGTATTTCCCGGCCGTGGTCAGCACATCCATACGGTGCGACGGAATCCGCACCATGTCTCCGGAGTACATCGCCCACGGCGCGAGGTCGCCGCCGTTCACGATGAGATTCCGGAAAACGATCGGGCTGCCGGCATCCGCATTGCGGAAGGTCACCTTGCAGTCGGTCTGGTAGTTCTCTCCGAGTTTCCACTCCTGCGTCAGCACGAATTCGCTGCCGGAACCCGTGCGCAGCCGGCGGGAGAGCGTGTAGGTTTTCTGCTCGTCATCGATCCGGTCGGCTTCGATTTTCACGAGCTCCCAGCTGTCCGCCGCGTCGAACACCGAGAAGGCGCCGACCCCGGTCAGCCCCTGATACAGATCAATCGGGTATTCGCGGGTGGAATTCAGATAGTTCGGGAAAGTGATCCGGTCGATCTTTCCCTTTTCCGGCTCGAACGTCAGCGCCATCTGATCGTTCTTCAGAACCCGGTACGGTTCGGCCGGCTTGTTCTCGGCGGCCCAGACCGCGATGGAGACATCCCGTTCGGCAACCTGGGGAACCAGCCCGAAGTGACGGGCAATCGGCTTGCCGACAATCAGGATCACAATGCATATGGCGATGAAAACAAACGTTTCTTTATCGAATTTCACTGTTTACAACCTGTACAGTAGGGAAAAACATAACTTTCCGGGCCGCACGGCCGCTACCTGCCGTCATCAGCGGGGAACGGGGGGCTTCGAACGGGGCGGAACCGGGTCCCAGCCGCCCCTGCAGAACGGCTGGCAGCGCAGCAGCCGCCAGACAGTGAGACAACTCCCGCGCCAGAAGCCGTGTACCCGCAGCGCTTCGACGGCATAACGGGAACAGGTGGGCTCAAACCGGCAGCAATTCGGCAGGAGCGGTGAAATCGTCCACTGATAAATCCTGATCAATCCAATCAACACTCGGGCGGAGAATCCGCAACCACCGCCGGCAGCAGCCCGGCCTTCGCCAGCAGCCCCGCCAGCTCGCGGGTGACCTCCGGCCGTTTCGCCTCCTCCATCCGCCGGCGCGGAATCAGGAGCAGGTGACAGACCTCCAGCCGATCCTTCAGCAGCCGGAAGCTCTCCCAACAGAGACGTCTTGCCCGGTTGCGCTTGACTGCCAGGAGACTGTATTTCTTTCCGCATACGACTCCGCACCGAAGTTTCCCATCGGGCGCCGGAGCGTATACGGCCAGCATTCTCGAACCGACCAGCTTGGTCCCGTTCCGCCGGATCTGATCGAATTCGGATTTGAATCGGATCTTATCCGCTTTGACGAGTGTTCTTTTCACTATGCCGATTCAGACGCAGGCCCGGCGGTGCGCTCCGCCGAACCCGGAAATTCATAAATGGATTACGCGGTCAGGCGCGCGCGGCCCTTCTGACGGCGACGCTTGATTACCAGACGACCGGCCTTGGTCGCCATGCGGGCGAAGAATCCGATTCTGCGCTTGCGGCGACGGTTCGAGGGCTGAAATGTTCTTTTCATCTTCTCATTCCTTCTATTCTGAAATTGATGTTGCTGCCAATAAGTTGTTCAAATACAGAAACTATAAAATACATCCATTCCGGGTTTAGTCAAGTAAAAAAACGGAACAGGGCCGAAAATTTCCGGGATTCTTCCCGAAAAACGGGCAAAAACAGCTTCCGCCGCTTTTGCCCGTCACCGCGGAACCGGAGTTATTTTCCGGCCTTGACCGGCGTGACCGACTCGATGTAGAGCACCGGCACGCGCCAGCTCGGGACCCGGAACGAACGCCCCCTGATCGTCACCGGAGCGGCGCCGTAAGAGGCCAGCTGGAACCGGTCGCTGCAGAGGTAATATTCGTGTGTGCCGTTCCGCATCAGCACGAACTGCAGAATCGGAACGGTCGTGTTCTCAAGCTTCAGCAGCGTTCCGGTCACAGTTACGGCCGTTCCTTTCTGCAAATCGACGCCGATATCCGCCAGCGCCTTTTCGGTCGCGGCGGTCATCACGGCAGCCGCTTCGGCCTTCGCCTCCGGCTTCACGTCCTTCTTCTCTTCGACTTTCGCCTCCGGCTTCGTTTCCGGCTTCACGTCCTTCTTCTCTTCGGCTTTCGCCTCAGGCTTCGTTTCCGGCTTCACGTCCTTCTTCTCTTCGACTTTCGCCTCAGGCTTCGTTTCCGGCTTCACATCCTTCTTCTCTTCGACTTTCGCCTCAGGCTTCGCGGCGTCGGGCGTCACGGCCACATACCGCTTGGCGGCATAGAGCTTGATTCCGGCGGGCGGCTCGATCTTCGCCCAGCCGTAGCGGTCGATTTCGAGCATCTTGACTTCACTTCCCTTCGGAAGCACACCGTAGCTGGCGGCGGCCGTACTGCCGGCCGTGTACATCTTAAGCGGCGCAGTGGTCTTTCCCTCGTTCAGATAAACCGCGGAAATATAGACCGGTGCGGTCACCGGAATCGCGATTTCGACGAAATCCCCGGATTCCCCGAGCACTTCGACCTTGAACCCTTTGTCGAGTTTGACCGCAACCGCAGATTTGAGATCGGGCTGCGTGCGAATGTTCAGCACATCGGCGGTGACCACGCCCTCGGCGGCGGAAACGGACCATGCGCCGACCGCGCAGAAAGCGCCGAAACAAGCAAAAACGAATGATTTTTTCATAGTGGTGAATCTCCCCGGCTATTTGTTTAGTACTCTAACGCCTATGGAGCTTTTTTTCAATTGAAAAATCCAGTAAAATCCGATTTTTTTCCATCGCCGCCGCGCCGCAGGATTCCGCCTCGCGGCACAAAAAATAAAAGCTGAAAAATACGTTTAAAAGCTTTTGGTTCAAAAACCGGATTCAAGTATAATATTATCTAGAGACATTCAATTTTTTTTAAAAGCATGGCGGCCCGATGATCAACACAACACAAGCCGGAAAACGGAAATGCGGCGACCCGATGTACCGTGACCTGATCCGCCGGATCGAATCCGGGGAACTCCGGCCCGGAGACCGGCTGGCAAACGGGCGCACGCTGGCTGAACGCTACGGCATTTCGGAGGGGACCGCCCAGCTCGTCCTTTCGAACCTGGTCGGCAGCGGACACCTGGTGCGGCAGAACGGCGTCGGCACCTTCGTGGCCCGGCAGGAATCGTGGCAGCCGATCGACGTGGTCGGCTACATGGTCCACGCGACTTACAATCCGTACCATCTGTCGGTGCTCTCCGCCGTCTCGCGCGAAGCGAAAGCGATCGGAG
CP027227.1_gap49	2350398	2355003	4605	TCCGCAAGCAGATCGAACAGCTCAATGTCCATGCGCCGGAAATCGACGCAGCAGCCGCCGAGCCGCGCCAGAATTTCAGTGACAATGCGGCTTTCGACGCCTCCCATCAGAGGACCGACTACCGACTGTACCGCGGTTCCGCCCAATCTCCCGCTGCGTTCGAGCAGCAGCACCTTCGCTCCGCACCCGGCAGCCGCGTAAGCCGCACCGATACCGGCGGGACCGCCGCCGACTGCAATCACATCGTAATTCACCTGTTCCTGCTCCTGTTTTCCGTTTTGATTTTCTATTATCAATAATACCGGAAAACGGCGAATTTGAAAATGCAGAAAAAAGCTGTATCTTTATACAAAATTGCTTTATACAGGAAATTCATGATAACTTTCGAAGCCATCGATGCCGCTTCGCCGGGAAAATCGCTCGCAGCCGCGCTGCAGGCATTCGAACGGAAGCACGGCGTACACCTGACGCTGCACGACTGCCGCGGAATCTTCTATCATGCCGACGGAACACCGTTTTTCCCGGGGCGGTACATGCATATTCACCCGTACTGCATCACCGGGCGGTTTGAGACTCCGGGCTGGAATCGGCGCTGTCACGAGGAGTGCATGCTGCGGGCCGAAGCGGCGGCCGACCGATTGCGCAGGCCGTTCCTGCACAGCTGCTGGAAGGGAGTGACCGAACTGATCGTTCCGCTCGAACGCAACGGCTCACTCGCGCTGCTGCTTTACGCCGGGGCCTTCCGGACGCCGGGGACGGAACTGCCGGAGGAGCTGCCGGAACCGCTGAGACAGCTTTACGCCGGACTCCCGCTCCCCGGCGAAAACCTCGGGAACGAGCTCGCGCTCGAGCTTCAGCTCTTCGGCCAGGGGCTGCTGCATTACGCGGACCTCTGCCGGAACCGGACCGGCGCGCCTCAGGAGAGAAGCAATCAGATCCGCCGTTTTCTGGAGGACCATGCGCATGAGGAGGCCGGGCTTGCGGAACTGGCGGAAGCCCTTCACCTCTCCGTCACCTACACCTGTCACCTGGTCAAGTACCATTTCGGCAAACCGTTCCACACGCTGCTGCGGGAGGAGCGCATCCGCCGGGCCTGCAATCTGCTCCATTCGACGGAACTGCCGCTGAAGGCGGTCGCTGCCGCGGTCGGCTTCCGCAACGAATTCTACTTCAACCGCCTTTTCACGCGCGTATGCGGGATTCCCCCGGGGGAATTCCGGAAATCAGGCCGTAATCAGCCGGGGGCCGGCTGGCCGTTCGCTTAAAATTGTGACCGCCCAGACCAACGCGTCGAGCCGGTCCGGGCTGTTCGGGCTGCTGGGCGTGAATCCCGTCATCTCTTCTTCCAGCTCCGGAAAACGCCCGACGTGATGCACCCTGCCCTGTTCGTACAATGCGGCGACCGGCTCGGCGCGCGCGATTTTTCCGCGCGTGGCGCGCACGGCACGGTAGCTCAGATTCAAATTCAGCTGGCGGAGAACCGTTTCCACAAGTTCTCCGCCATTGTTGACCTCTCCGACCACGCGGTCGGCCCGGAAGCGATCATATTCGGCATTCACCGCTGCGGCCCATTCGAGCGGACGGCCCCGACAGCTGGCATCTGAAAGCACGTAAAAATGGTTGTCACGGGAGCAGCCGACCGTCACGATCCCCGTGGTGTCGCTCGACGCATTCCCGGTCACGGCCGGGTCCACGCCGACGATGATGCGGTCCAGCTCCGGGGCCTCCGCGACGCGGCTCCGGTCGATCGTCCGCTGCGACCAGAGCGCTCCGGCCAGGTCGTCGAGCCAGACGCCTTCGAGAAAACGCGCGCGCTGCCGGTCGGAGAGTCCGGCCAGCGTCTCTTCAAGGTAGCCGGCAGGCAGATTCTCCGCGTTCGCTGCCGGATTCAGCAGCATTGACGCATACTGCCGGGGAAAGGTTACCGGACGGTTCGATTCCGGATCGAGCTTCTCCACGAACAGCTTGTAACTCCAATGCGACTTCCCGGACGGATTGCAGTCGAAATACGCTTTGTTCCTCAGCGCCGTTTTCTGGGCCAGCCGGGTCAGTGCGGTGTTAACCGCCTCATAGCCGATCTCGGAGCATTCGTTGAAGTAGATCGTGCTGAACTCCTTGCCGAGAATCTTGTCGGCGCGCTCCCCGGCGTCGAGGCCGCCGAACCAGATTTCGGAACGGTTCGGCAGCCGGACGAACTGATCGCGCGACGACTCCGCGAGCCGAAGGCGCGGAAAGGCGAGGCGAACCACCTTCGGCAGCGTATCCATCAGCACCGACTGCCGCACGCTGTTCGCGTGCAGCCGCAGGATCGCGTGACGGCTCCCCGGAGCACGCAGCGCCCGCACCAGCAGCGCATAAACCAGAATAAACGTCTTGCCGGAACGGGAGCCGCCGAACAGAAGCACATACCGGCTGCCGCCGCCGAGCAGCTTCAGCGCCTGCTGCTGGGCGGCGGTTTTGCGGAAAGCGGAATCCATATCAGTGGCTGCTCCAGTAATTCGGGTTCCACTGCAAATCGCCGGGCGCCTTCTGGTAACTGCGCGAGATGCGCGTATAGAGCTTGCCCGAATTGCTGAACGTCTCCCGGCAGGTCTGACCGATCCGCAGGAACGACCCGGATGCACCGGCCACGGCGGCGGTCGACACCCGGACGGCGGCCCAGGCGGCGAGATCCGCGATCTGCCGGGCGGCATCGCCGGATTTGTAGACGCTTTCGGTGATGACCAGACAGCGCAGCGTGCTTTCGATCATATTTTCGGCAAGCCGCCCGTCGGCTGAAAACGGACAGCCGCTGCCGGAATTCCAGTTCAGAATCGGCCGGAAGCGGCCGTCCGGCAGTTTCTGGAAGCCGGCCATTTCCGCCGAAACATGGAATTCCGCCATATCCACCGAGACATCGACGCGCGTGGAGAGGTTCGTGCGGTCTTCCGCCGAATACCGGCCGAACAGCCCGGGATTACCGGGATGCTGCGCCTCGATGTCCAGCTCGTACTCCATCTCCGACAGCCGTTTCGGGGAGATGTCCGTGATGATGCACTCCTCCTCTTCGGTCCAGTCGGCCGGGCAGAGGCCGGTCTGGCCGTAGAAGGCGGAGAGCTCCTCCGCCGCGACCCGCCAGCGCACTTTCCAGACGATCTCACGCTGAATTGCGCCGGAGCGGGAGAGGCCCGCGAATTTCTCGCTCCGCACCTTCGCAATGCAGCGCGTTTCGACCTTGCGGGCGAGCAGCACGACCTCGAAGCCGATTTTTCCGACCAGCTTCGAATCGGCGGAGACGAGCGTGAATTTTTCTCCGGCCCAGGCCGCCGCGCCGCCGACCGGGTGATCCGCCAGAAACGCATCGTGTTCCGAAGCCGCGACGAACCAGACCGCGCGCTTCGTCTCGAAACCGTCGCCGTCGGTTCCGGCCTGCGGAAGGCCGAGTTCCGCAAGCGTCGCTTCCCGCGCCGTCACCTCAAGCTCGACGGAGAAACCGGAGTTCGAACTCCGGCAGCTTTCGCAAATGAACGCGCCCCCCTCCCACTCCAGCGGACGGCCCGGCTGCGGAATCAGTTCCGGCGAAACCGAAGCGGACGCCCGGAACCGCATCGTGCGCCGGTGCGCGCCGTCCGTCTCATAAACGTCCACGACCGAACCGGCCGCGGCCAGCGCCGGCGCCTCACCGCCGCCGGCGGCGAATTCCGCGCCGGAGAAAATCACGCGGCAGACGGCGAGACTGACCGGCTTCAGCTCGATGCCGGTCACCAGAACGGTTTCCGAAAATTCATATGAACCGTCCGCCGCGGGAATGCGGAACGGCTCCCCGATACCGCCGGCCCAGCCGCGCGCCTCCGCCTGCAACTGCTCCAGGCCGGACGCCGGTTCTTCGAGGGCGAGCTCCCAGGCGCTTTCGAGCGAAACGCTCCCCTCCGCATCGATCTTCAGATTCGCGTGATAAAGATTCTGCACAATCATGGCGTCCCCCCTTGTGGTTAGTGTCACAATTGCGGGGGGCAGTCAACTTTTACGCTCAGGCGAAAGCCGCCGTCAGCGCGCCGCCAGATGGGCCTGCGCCGTATGTTTCTCCAATCCGGGCAGGCCGGGAGCAGCAGTTACGCCGAAACGCTTGAGCAGCTGCCGCCCGAGCTCCGCCGCGTCGGGCCGCGGATGATCCGCCAGATACGCCTCGGCAGCCCGCGAGTACCGCAGCACGGTTTCGCGGCAGATTTCGAGAAACGCCGGGATCTCCTCTTCGGGAACATCCCCGTCGAAAGGCGCACAGGCATGGCCGCAGAGAATCCGCCTGATCCTTCCCTGCCGGAAAAGCGCTTCGATTTTCGCCACGCTCTGCAGATACGCCTCCGGATCGATATAAAGCGCGATTCCGGTATAAACGGTCCCGCATCCCTGAAACGCATCGCCGGTGAACAGCGTACCGCTCGCCGACTCCAGCACGCAGGCCGAATCGGGAGAATGCCCGGGCGTGTGGATGATCTCGAACCGGAGCCCGGCGCTTTCAAGCAGCGCACCGTCCCTCAGCAGAAGATCCGGCCGGAATCCGGCCGCCTCCAGTCCCGCGGCGCCCGCTCGGTGGATTGCGAATTTCGCGCCGCACAGCTCGCGCAG
CP027227.1_gap50	2381039	2382706	1667	TTTCAGACGTGTTCAACGGCGTGATGGTCGAAGGCGACGCCGTCGGCCAGACGCTCTTCTACGGGCGCGGCGCCGGGCGCAGCGCGACGGCGAGCGCCGTCGTCGCCGACATCACCGACGTGGCGCTCAACATCGCGGCCGGTTCGGTCCGCCGGATTCCGGCCTTCCGCCCCGGCGAACAGTTCGAGCAGGTTGCCGCGATCGACGACATCTCGTCGCGCTACTACCTGCGTTTCATGGTCAAGGACTGTCCGGGCGTGCTCGCGTCGATCACGCAGATCCTCGCGGACCGCGGCATCAGCATCTCGAGCCTGATCCAGCACGAACGCTACGGCGCCGACGGCGCGGTTCCGCTCGTCATCCTGACCCACAAGGCCAACGAGCGGGAAGTCAGGAACGCGCTCGGCGAAATCGATACGCTCTCGATCAACCAGTCTCCGGTCAAGCTCATGCGGATCGAAGACATTTAAGCAACAGGATATCCACAGACGATGGGACAGCATACCGTAGAAAAAATCGGCGGGACCTCGATGACCCGCTTCGGCGAGCTGATGGAGAATATCCTCATCGGCAGCCGCAGGGGAGCGGAGCTCTACAACCGCATCTTCGTGGTTTCCGCCTATGGCGGCATCACGAACCTTCTGCTTGAAAACAAGAAGACCGCCGAGCCGGGCATCTATGCGAGTTTCGCGGCCGGCGACCGGATCTGGGAGAACAAGCTCGAAGAGACCCGCAACGAAATGATCCGGCTGAACCGCTCGTTCGAAGAACTCGGGCTCGATCAGACAGCGGCGGACGACTTCGTCAACGAGCGCATGGACGGCGTCAAGAACTGCCTGCGTCACCTGATGCAGCTGCGCAGCTTCGGCCACTTCCACCGCGAGGACTACCTCCCGGCGGCGCGCGAACTCCTGAGTTCGATCGGCGAAGCGCACAGCGCGTTCAACTCCACGCTGATCCTGCGCGAACGCGGCGTGAACGCGGTCTTCGTCGATCTTTCCGGCTGGCGCGACCAGGACACCGACTCGATGGAGGAGACCATTTCCGGCCACCTCGCCGGTCTCGACTTCGCAAGCTGCATGCCGATCGTGACCGGCTATGCGAAGTGCAAGGAAGGCGTCATGGCCAAATTCGACCGCGGTTACAGTGAGATCACCTTCAGCAAGCTCGCGGTCGTGACCGGAGCGCGGGAGGGGATCATCCACAAGGAGTTCCACCTTTCGACCGGCGACCCGAAGCTGATCGGGGCGGACAAGGTCCGCACGATCGGCCATACGAACTACGATATCGCCGACCAGCTCGCCGACATGGCGATGGAGGCAATTCATCCGAAAGCATCGAAGGCGATGGAGCTGGCCGGAATTCCGATCCGGGTTGCGAATGCGTTCGATCCGGGTAATCCGGGAACCCTGATTTCGCGCGATTACGTCGCGCCGACACCGCGCGTCGATATGATCTGCGGCCGCCGCGACGTGCTCGCGATCGAAGTGTTCGACCCCGAAATGGTCGGCGAACCCGGCTACGACTACAACGTCCTCGCGAGTTTCGCAAAAAACAAGATCAGCTATATCGCCAAGAACACGAACGCGAACACCATCACGCATTTCGTGTCCGAGAAGTCGAAGAACCTCGACAAGTGCCTGAAGGAGCTGAAGGAGCATTTTCAC
CP027227.1_gap51	2389506	2390389	883	ACGGTCGTACCGTCCCTTTCCGGTGCCTCCCGAAGCGTGCCGCAATCAGGAGAAGTACCCCGAAACACTGCCGCCGTACCAGCAGCTCGCCAACCGTCCGGCCTACGAGCAGTGCTTCCTGCGGCTGCTCGATGCGGCTTCACGAATCGGCGTCGAAGCCGAACTCGAACGGAAGTCGGAACTGCTGAAGCTCTTCGCCGTCCTGCACCGCAACCTGTCTCTGTCGCCGGGGCGGGCGACCGGCGAATTCCACCGCCGGGCGGTCGAAGCTGCCATCGCAGAGCTGTCGAAACATCTGTCCGGAAATCTCCGCATCAGCGAACTCGCTTCGCGGGTCGGCGTCAGCCGCGCCCTGCTCTGCCGCATCTTCCGCGAAGCGACCGGGGAGAGCATTCAGCGCTATTTCGTCGAGCGGAAGCTTCAGGCGGCGAAATCCGACCTGCTTTACTCCCGGCTCGAAATCAAGGAGATCGCCGCGAAATACGGCTTTGCGGATGTTCCCCACTTCACACGCCGCTTCCGCCAGATCACCGGAACGACGCCGGGCCAGATTCGCAAAAAATAGACGAACAGACAAGAATCTGGCATTTTCGCCAAAGAAATTTCCAGGTTGCCGCGGTATTCTATCATTGCACACAAAACCATGGAGGTTGCAATGAATCCGCGTCAACAGCTTCTTCTCCGGAAAATCAAAGAGAGAAACGGCTCCTTCCCGTCCGCGCCCAATCCGATGCTCCGCGACGCGGCACGCTTTCTCGCCTTCACGCCGGAGCGTTCGCTCAGCCAGATTCGCGCCATGACCATATACGAATCGGCAAAACTTATGCCGCTCGCCTTCGACCCGGATTCCCTGCTGGCGGGCGAGCACTTCAACCACTTCTTC
CP027227.1_gap52	2487009	2490754	3745	AGGTCGGTGATCCGGTCATTCTGTCCATCGCGTGCAACACGCGGAAACGACAGAAAAGGACGACGGTTCAAAATGGAAAATACGCTGCCGTGGAACGAGTTTGTTATGACAAACGATGCATTGGCAATCCAGCCGCACCACTCAGCCGGAGTTGGATAGACGGTTTTTCCTGTTTCCAGAAAGAATCGGAACCGTTGAGGTGAAATTGAGTAGACCGGCAGATTCAGCTCCAGCGCTACGTGGCGAATCAGTCGAGTCAGATTGCGCGTTAACGGTGCGGATTGCTGCAGTCGGTAAACCAGAAGATAGTTTGCAGGGTAATGCTTATTTTTGTACAATTCGGAATAATCATCGTGCAGCAGCGTCGGGTCAATCACTTGAATTGAATGCTTTCCGGCAAAATCACGGACCAAGTCCACACCACTGTTTTCCCGGACGGAAATTCCCGAAAACCCTTGCAGATATTTTTGCAGAGGAGCGCGAAACCGTTCTTCCAACACGGGAGTTCCGAAACTAGCCGCGTAGGAGAATTTTCTCCTGCCTTCCGGCACGAATGTCAGAAAATATGGCTCGTGAAACTGCTGTCCGTGCGGATTCCAGATTTGGTCGCTTCCACAGATGTAGGCATCGTATTCCGGGCAGGCACGCTTGAGTTCCTCTAATGAATTGTAATGCATCGAACTCAAGGAAAGATTCGTTCGACGGAAATCGGCGAATTTGCCATTCAACCGGAATGAGGAATAACGATTCATCAAACGGATATATCCCTCTTGAAGCAACAGTCTAAGGTTGTGCCCCAATGCACCTGAATCATTGGGTGGACGGTAGTCGACCATCTCCACATGATGGCCGCGGGCTTCCAGAAAACGCTTTAGCGCATATGCTTGCAAAACCGCTCCATAGTTGGAGCAGAAATGATATGTCATAATACCGATTTTCATGAGAGATACTTCCTTTTCCAGATTTTGTCTGCAATCTTCCATGCGATCTGATTGCTTTTTGCCAAAGCATTGAGCAGCATACGAACAGGACCGGAGGGGCGATTCGTGGCGAGAGCCCGGTAATAGTGTGACATCACCTCTCCGCGCGCAATCCAAGAAAGAGATATGGGACGACGGATTCCGTCCATCTTGAAGAAACGACGCAAAACATTAGCGTTTCGTTGTTTATTTCTGAAAGCCCCTTCCTGCGACAATAATATCATATCGATGGAGATTGGAGTGAATGCGCGCGGGAGCTCCTCCAAGAGGCCGATGCGGTCGATGATGAGGTTTGTGCCTAGTGGATCGTTGGAATATTCAGGCAGCCATGCATCCATGAAAGCGATGTCAGCACATTCTGCGAACAGGTCGTCACAGAAGAAACAACCCGGCAAGGAATAGCAGTCAGAAACCCAAGTTTTTAAGATATTGTCTTCCCAAAAATACAGGGTTTTTTTGTGTTTTTTTCCACGAATTTCTATGCCAAAGTCAGCTAATGGACGCCGGATATTTTTGGTCCGGAAAATAAGTTCCTGTGCACTCTCCCCCAGTTTGCTCCGATGAATTATTTCCTCCGCAAAATGGGTACTTTTCTGTTTTCCACAGCACAGTCCCAACAAATAGGCCACCCGTTCCTGAAAAACGGGCTGCTGTTGCTGAAGCAAGCGAATCGCATGACAGACGCAGGGTAACGCAACCACGGCATATCTCCCGGGGATCGTCCGAATTTGCTGAAGAACCTGAGAAAATTCGACGGGATAATATGAAGACTTGCTGTTTTTCTGCAAAGCGGCAAGGTCTGAGAATACTGCGCACTGAAACAGCGGCGAGTTTCCCGTTTTCCGTTCGACGGCGACAATCTGATCAATCTTTTTCTGCTGCAGAAGCTGTCCGAGAACCCAAGTCGCGGCACCTCCGGAAGCGCCATTCCAGCGAACGTCCGCTTCGGGAGCCGCGCCGACATAGCATTCCCGATAGAACCCGCACTCCGCCCGAAATTGGGTCTGTTTTCCATCAAACACTCTCTTTCCCTGGGCTGACGTGTCGCTGTTGAGTATGGGACAAACGTTTCGGCACTTGCCGCACCCGACACATAGATTCGTCTGAACAGGAGTGAAAAATCCGCGCAACGTATCCAATCGCATCTCAATTCCGCCTGTCGTGCAGGATGCGGCACACACACCGCAACCGATGCAGGCGGAGTGCGAAATAGACTGATGCCATTGGTCAAAAAAAAGTTTTGCCACCAGTTACCTCAAGATAAAGATTTTTTTCTGAAACGAAACCGTTTCGGCACATATTCCAGAAGCATTATCCGATCATGAATTGGCAAAACAAGGAACCAGACGCCGATAAGGCTGAACGCTCCGGTGACTGCCATGCAGAGCAGAAGAGAACTCCAGCCGCCGAAAAACAGGAATTTGTGTATCACAAAACCAACAACGCAAGTCAGCACCATTGACAGAATGCCGTTCTTCAAGGTCCGAAAAAAGAATGTTTTGGGAAGCCGGAGCAGATAAGCTCCGTAAAGCGGAGTGAAAATTGCATTTTTGGCCCCCAAAACAAGACCGCCTCCGATTGCTACCCCCAGTAGCCCCAAACCGAATGTTATGCCGAGCAGATAGACAACCATGACATTTACAATCCCCAGAATAATGAGGATGATTCCATTCAACTTCACTTTGTTCATTGCGACGTATAGATAAAACAGCGGAAAATTGGTAGCATTGGCAATAAGATGAACTACTGTAACAATCAGAACCGGAGCCAATACCGCATATCCGGGATTCAGCCACAGAGTCAGCAGGTCGCGGGAAAAGATGGTGACAATGGCGATGGGGAAAGAGACAGCGAGCGGCAACATCGTTTCGGTCTGTTTCAGCAGCATTTGCAATTCGGGGAGGCGTTTTTGAGCAAAAAGTGTCATGGTCGAGGGGGCGATTTGTCTTCCCAGCAGCATCCCGATCTGTTTGATGAAATTGCTGATGACCAGCAGTGCGGCATACTGCCCGGCTGCCTGCGCCGAAATAAAACGATTGATAATCCAGATATCCGACCGCAAAAACAATAACGACCCGAGGTTGTCCAGTAATGTCCAAAACGACATCTTGAAAATCGGTCCGAGTATTGAAAAACGGATTTCTTTAGGTTGTATTTTCAAATTCGGAGCAAACCTGCGGCAAAAGTAAAAATTGCAACTTAGTGTCATCAGCGCCAGCGCCAGATCAATATATCCGATGTATCGCAGTGCGACCCCATACCAAAGAAAGACGATGATGATACCGCAGAATCGGAGAACTTGTTTTCCCAAATCCAAAGAGGAACTGATATCCAGACGATTGAAAGCAAATACCGGCAATCCGAATACACTGTCCAACATTGATATCAAAAAAGCCGCAGAACTGCATGAAAAAAGAATAACCGTATCATGATATAATTCCGCAGGAATGGAAAAGAAAAAATTCAACGAAAAAATCAGTCCGATCATCAACGGTATTTGCAATACGATCAGGATCAAGTACAGACAGAGTGCCGAGTTGAAAACTACATTGGCACGCCCGTTTTCCTTTTGCAGTTCCAACGCAAGGAAACGATTGACTGCCCCGGATAGTTGAGCCGAGATAATTGCCGAATACTGAGTGAAAAGACCTGCCAGCGGAATCAGTCCGTAAGCAGAATTTCCCAGATGACGCACCAGAAAAGGAGTTAAAAAAATCGCACTTGCCGAATAGCTGGCAAATGCCAAACAACTCATACAAATATTT
CP027227.1_gap53	2510478	2513740	3262	CCGGCTGACAATTTCGATAAGGTCTGGCCGCACGTAGTCTCGGTCTTCCGGGATTTGCGGAGCCTGGAACCATTTATCACCAGCGATGAACCGCCGGAGGAAATTAATATCGCAGGGGATGAAGGACGGGTACGGGTATTCCGTCTGCGAAACAACGGCGATGAGCGAATCATCATCACAGCTCTCGGCCCGGGAAAATCACAGGCGACAATCACTGTCGGCAGTAAACGATTCCGATCATTGCATAATCGATGCGTTTCGAGCGATGGTAAAATCGTATTTCAGGGAACCGGTATTGATTCGGACGTACTGATTCCGGAATAAGAATCCCTGAATAAAACCAGACGTCCTTATTTACGAAGAAACGACATTCATCCACCCGCAGAAATGATCGATGTCTGGAATATCATCTATTTCATAAGGCTTGATAACTGGCATTCCGAAATCTGTTTTCGGATACAAAAAAAGAATGGATTATCATGCGGCGTTGTTTCATCATCATTGCCTTGCTGCTCGGAATTGCTTCCGGTATTACGTTTTATACTCAGAAAAATCATCATGCGCATCCGCAGATCGTCTGGACCGCCGGGCTTTCACCGGACCGGGTCGAACAGGTCGAAGCGTTCCACGGGTGGCTGCGCGCAAACGGGTATGTCGACAAGGACGGCGAACTGCTGTTTACCGTCCGGCTCGAGACGACCGACAACCAGAGCGCGTTGATCCAGGCGGTTTCCGGCATGGCCGGCGATCTTATCGATCATGTGCCTGTAAAGCGGTTTGCTCCGATGGGCGTCCTCGAGGAGATCACCGGGTTCGCCCGTGAAAACGGGCTCGACCCGGCCGCCGGATACGGCGAGGCGGCCGGCGACCTGCTGATGTACGGCGGGAAGCAGTACGCATATTTCTGCAATCTCGCCACGCGCGGACTTCTCCTCAATCTCGATCTGTTCGAAAAATACGGCGTCGAACCGCCGCCGGAGGAGTGGACTCCGGCCGACTTTGAACGGATCGGCCGGGAATTCGTCCGCAAGGCGAACGCGGGCCGTCCGCGGCAGGAGGTCTTCTTTTCCGGCGCCATGCCGCAGGCCATCCTGCCGCTGGCCCGGAGCCTCGGCGCGGACGTCTTCAACGAGACGCTGACCGCTGCGACGCTGACGGACCCCGCCTTCGTCCGGGCGCTCGAAACCTATTACGGCTGGGTTTACCGGCATCACCTGATCCCGACCGCCGCCGAGGCCACCTCCACGGAGAGCGAGGGCACCAGCGTGAACAGCGAAGCGACGCCGCAGCTCGCGGCCGGCCGCTACGGCATGATCCTGACCGGCCGCTATGTGAATATGGATCTGCGCCGGTTCCGGAACGGCAGATTCCGTCTCGCTTTCGTGCAGCTGCCGGAATGGGAGTACAAAAACCTGGTCACCACCTCGCGCAACACCGCGATCTACAAAGGCTCGAAACACAAGGAGCAGGCCAGGCTGTTCCTGAAGTTCCTGGCGGCGAAGGAGTACAACGATCTCATCATCCGCAGCTCCGACGGACTGCCGCCGAATCCGGAGTGGGCAGAGGGCAATCCGGAGTTCCGGACCCCGCCGGGGCGGGAGTTCGAGGGAGATCTCCACGACAACGAACTCAAATGGACGCTTTCGATCGGGATTCCGGAAAGCCAGAGTCCGTACTATCCGCTCGGCGACAATAAACTCTCCTACGCCTTTGCGAAGGTCGAAAGCAAACTCGCTTCTCCGGAGGAGGCGCTGAAGCAGGCGGAGGAGGCGATCAATTACTCGATCCGGTCAACCGTTGAAGGAACCGCCTCGCTGCAGGAGGAGTACCGCGCCGCCTGCGAACGTCAGCGGCAGATCGACCGCCGGAAAGCCGCCGGAGAGAAGATTCCGGCCGGCTGGATCCGAAATCCGTTCTACCGCAAATTCTACCGCGACAGGGGAATGCTGGCCGAATAACCCCAATACTGCTTCTGCGGATGCCCGCAGTTTCAGGAAGCTTTCGCAGATTTTGTCGTCGATGCGGGCGGAGGCCTCCGCGCACTTGGGCGTAAAGTGTGCTGCTTCCGCTGTGCTTTTTTGTGAAGGAGGGAGAATATCCGCCGCCCAAAACGGTGCGGCGGCCGGAGGGCCCGCTGCTGAAACGGCCGGCGGAGTGGATCGGCATCTATTTCCGGCAGTGCTACCGCCACTGGTTCTTCACGTTCCTGTTCCTCGGAACCGCACTGAACAACGCCTCGACGGTCTGCCGCAGCACCTTCAATCTGCTGTTTGCGACCAGAGAGCTGCAGATGACCGCCGGACAGTTCGGCAAGGTGATGGCGGCGGGAGCGGTCGTATCGGCCGGCGTGGTGGTGCTGACCGGTTTCCTGATGGACCGGCTGCACCCGCTGCGGGTCTTCGTCGCAAGCGGCGTCATTGTGGTCGCCGCAAACGTGTGGGGCTATTTCGGCGTGGTGGACTACCCGACTTTTTTCGTGGTCGGAATCGCCATTTCCGTGGTGTATGCGGTGCAGTTCGTCAGCAACGGCCCGGTGTTCATCGAACTTTTCCCGCCGGATAAATTCGGTCAGTTCAGCAGTGCGAATGCGATGATGAACAGCATCCTGCTGATCTTTGCGAACTACTTCGGCGGCGTGGCGATCGACCGTTTCGGCTACCGCTTCATCTTCATCTGGGATACGATTTTCACGGTGGCCGCGACGCTGGCGCTGCTTTTCGTCTACGTCCGCTGGAAACAGCTCGGCGGCCCCCGGCATTACGCGCCGCCGCCCACCGACTGAGCCGTTGCGGACCTTTTCCGCTTTTCCGGTCCGGCTGCCCGGCGGTTCATCGTTCCGCCGGCAGTTTCGGCGGCGGGCATCGGCGGAAAACGTCCCCCCGAACCGAAGGGAGAAGCTGCGCGTTTACCGGATTCCGCACGAGCTTGTCAAGCCCGGCCGCAACCTGATTGCAACTGCGATGCCGATCTTGTGCATATGGATTGATTCCGTCCCGCATCCGCCCACGAGTCTCCGGCGGCAGCCGGTCCCCGTGAATTTGCCGGAAAATCATGCGAATGCCTTGCAAATACCCGAAACGCATTTTATATTGTTCTTTTCTTATCACGAATGATCGAGAGTCAGGGGCAATCCGGTGAATTCATTGCGGCGGCAAAGCATGGCCGGACGGCGGGAGTATACGCTCACGGAGCTGCTGGCCGTCATGCTGATCGTTCTGATCCTGGCCGCGCTGCTGCTGCCGGCGGTCAGCCGCGCCCGGGA
CP027227.1_gap54	2517752	2519548	1796	CGTCTTCGGTAAAACTTCCGGAGAAATCATGCAAACGGCCGTTGACGGCACCCGCATGATCGCGGAAGCCGTCGACGCGGCCGGAATGCGCGACCGCATCCGGTACGAGTTTTCGCCGGAGGAATTTTCCGACAGCGAGGTCGGCGCCATCGTCGAATTGGCCGAAGCGGTCCGGGAGGCATGGAAGCCGCGCGGCAAACGCGATTTCGTGCTGAACCTCCCCGCCACCGTCGAACGCCGTCCGCCTTATGAATTCGCCGACATGATCGAGTCGTTCTGCCGGAGCTACACCGGCCGGAACGAAACGACCCTGAGCGTTCACACCCATAACGACCAGGGGTGCGCCGTCGCAGCGGCCGAAATGGCCGTGCTGGCCGGGGCGGACCGGGTCGAAGGAACGCTCGCCGGGCACGGGGAACGGACCGGGAACATGGATCTCATCACTTTCATCCTGAATTTGAAGTCGCGCGGCGTCGAGCCCGGGCTCGATTTTTCCAAACTGCCCGAAATCGCCGCCTTCATCGAAGAGGTCTCCGAGATCGGCATCCATCCGCGTGCGCCGTACACCGGAGGACTCGTGTTCACGGCCTTCTCCGGCACACATCAGGATGCGATCCGCAAGGGGATGGCGCAGCGGAAGGAGATCGGCGAGCGTTTCCGGCAGGGCTGGAAGATGCCGTATCTGCACATCGATCCGGCCGACGTCGGCCGGAATTACGACGGGCTGATCCGCATCAACAGCCAGTCCGGCAAGGGCGGCGTCGCCTACGTGCTCGAGAGCGTTTACGGAATCTCAGTGCCGAAGGGGATGCAGCCGCTGGTGGCGAAGGCGGTGCAGGCCGAAGCCGAAGCGACCGGCAGCGAAATCACGCCGTCCGAGGTGTACCGGATTTTCCGGGAGAAGGTCGCGGCACGGAACGGCCGGGTCACGGTCGCCGGCTTCCGGCTGCAGCGCCCTGCCCCGGGAGCGGCGGACAAAACGGAAGTCGATCTCGAACTCGAAGTCGGCGGGGAACGTTTTTCCGTCTCCGGCACCGGCGGCGGCCCGATCGAAGCGGCCGCCGCGGCGTTCCACGACTGCGGTGCCGTCCCGCCGTTCCAGGTCGAGATGTACAGCGAACATGCGATCGGGCGCGGAGCGGGAGCGGAAGCCGCCGCTTTCATCGGAATCAGGCCGTCCGGCTCCGACCGGATCGTCTACGGGGCCGGAATCGACGTCAATATCAATCTCGCGGCGATCCATGCGATCGCCAATGCGATCAACCATATCGGGGATAACTAGACAAGGTACGGAAAAATGGAGAGGAATACGGTACAGACGGAACCCTGCAAAACCAATCTGTTCGCCGAGTACGGCAAATCGCTGATGGTGCATGTGGACATGTCGCCGGGGCAGCGGATTCTCGACCTCGGCTGCGGCACCGGCGCGCTGACTGCCGAGCTCGCGAAGAACGGCGCGAACGTGCTCGGCATCGACAACTCCGCCGAAAAGATCGTCAAGGCCCGCTTCAGCCATCCGGAGCTGATGTTCGCTGAGATCGACGCGCTCGAGCTCCCGTACAACGAGGAGTTCGACACGGTGTTCTCGAACTCGGTTTTCCACTGGATTCCGAACGTGGACCGGCTGCTCGCCGAGATCCGGCGCGCGTTGAAGCCGGGCGGCAAACTGGTCTGCGAATTCGGTGCGGCGAGCAATATCGCGACCATGCGCCAGGCGTTTGCAGCGGCCTGTGCGCGACGCGGGCGGGAGTACCGCGAACGCTTCTACTGCCCGACGCCGGACGAGTTCTTCGACC
CP027227.1_gap55	2706742	2710042	3300	TCAGCGACAGCTCGATTTCGAACGCGATTCCGACCGCCGAACCGAGGGCGGCCAGCTCGCGGCAGTCGCGGTTCGGCGAAGCCAGCTGCACTTCAGCCAGCCGGCGCGGCAGGCGGTAAAGCAATTCGGCCAGCAGCGGAATCTCCGCCCGCTCCGAACCGATTCCGGCACGAACTTTTCCAGGCAGCTCCGCCGGGAATCCCGACAGCGTCGACTCGCTCCGGCTGCGGGCCGCATAACGCTGCAATCCGGCCAGGTCGAAAACCAGAAGCCGCGGCTCCGCAAGGCTGCCGAAGGAGAATTGTTCGAGCGCTTCCGTGTCAAGCCCGGTGGCAATCCGCAGCTCGAGCAGCAGATCCGCCTCCTCCTGGCGCAGCTCCGGCGTGCCGATGCCGCCCGACAACGCGATTTTTTCGCGGACGGCGGCCAGCTTCGACCAGTTCGCCGCTCCGGCGAATGCCAGCAGCTGCGCAACGCGCGGACGACGCTCTTCGACCAGATCACTGCCGGGCGGCGCCGAGAGGATATGGTTGTAGGCGATCGCTCCGTCGAGCAGCTCCGGCAGCCGGTCAGCCGGATAATCCGCCCCGGCGCGAAACTCCTCCGCGATTCCGGGCAGCCGCAGCAGCATCGTGTTGTCGACATGCTCCACGGCGATCAGCCGCAGCGATTCGACCGTTTCAACATCAAGCTGCTGCCGGGCGGAAAGTTCCAGCGCGGCGCCGAGATCGAAAACCGCAGCGGCCGCGGGAGGCGCATCCGCAGCGGACGGCGAAGGTTCCGGCGGCGCGGCGGCACAGCCGGCCAGAAGCGCCGCTCCGATGCCGCAGGCCAACAACCGCAGCCGCTGCCGGTTCCGGTCCCGCCTGCTCATTGCGCCTGCGGGATGAATTTCAGCACTTCCGGCATGGGCTTTTCGGTCTCGAACGTCCAGCCCATTCTTTCGGTGAGAAATTCGCCGCCGAAGTGCATCGTGATGATTTTTTCGGGAGTCCTCCAGATGATCTGCGCTTCGCCGGTACGGTCCCCCTGATACTCGATCTTCACCTCCGGGTCGGTCTTCTGGACGAACCGGACCTCCTCTTTGTTCAGCGCTTTGCCGGGTCTGCCGAGCAGGCGGCGCGCCTGGGTCACAAGCTCCTGCTCCTCGCTCTGCGTGAGGATCGTATAGGTCTGCCCGTTGACGGTCATGGTCGGGGCGCAGCCGCAGAAGAGGCTCAGCGCCGCCGCGGCGATTCCAATCAGAATTCCGGTTTTCATTTGCATACACTTTCCGTAATGACAGGTTCGTTGTTCGTTTCGGCCAGATCAAGAAGCGTCTGCTGGACGCTTTTCACATACAGATTGCCGAGGTGTCCGCCGCAGTCGAACCAGACCAGCCGCCCGCCGAACGTCCGGTCCAGGAAACGGCGATCCTCCCCGGAGAGCAGGAAGTCATCCGCGCTGTGCACGACGCGCACCTTCGGATTCGCCGCCAGCGAATCGCCGAAAGCCCGCAGATTCGACTGCGCATAAAGCTCTTCCAGCGTCAGCGGCGCAAGTTCCGGGGAGATGAATTTTTCGGCATACTCTTCGAAGCCGACCCGGTCGATTTCACGGTAGAGCTCGGTACGCCTGCCCCAGCGGTACTCCGTCGAAAGCGCCGGCAGCCCCTTTTCGCGGTGCGCCGTGAACAGGAGCCCGCGCATGGAAGTCTTGAAATAAAGCGCCGCCAGATAATCCGCCTCCTCCTGCGAGAGCGGGACGCCGTAGTTGAACGGCTCTTCGCCGGGATTCTCCGGATCGTAGGACGGATAACGGTTCTGCATCGCCCCCATCGCCTTGCCGGCGATTTCGATCACCGTCGCAACGGCCTTGTCCGCATCCCAGTCGCGGCCGGTTCCGGCCAGCGCATCAGCCTGCTTCATCGCATAACGCAGATCGACCGGCGGATTGATCGCCACATAACGGTCGATGCAGAGCCGGTTCGACTGCTGTTCCAGCTCCGCCACCTTCAGCGTGTGCATCGCGCCGAACGAGTACCCCATCAAGGTGATCCGGCTCCGGAACGGGTTGAACAGTTTCTCCTGCTTGAGATCGTCGAGCACGAGGGTGATCGCACGGCGCACGTTTTCTCCGTCCTGCGGCAGAAATCCCGGCAGTACGCCGCCGGTGGCGAGGTAGAACTGCCAGGTGAAGGTGCTGTCCAGCACGGCGACCGACCAGCCGCTGCGGTAAAACAGCTCCGCCAGTGCGGTCGAGGTCATGCCGGAGTAATCGCCGCCGATGCCGGGCAGCAGAACCAGCAGCTTCTCCGGCCGGCCGCCGTTTTCGCCGGCGAGCAGGCGCTCCTCCGCCGTTTCGGGTGCGGCGTTCTCCGCGTGCCAGTAGCCGTAACGCAGCGCCGGCAGCTCCTCCCCGAACCGGATCTCCCGCACATCGCATTTCTTCGTGAAGTCTCCGTTGAAGACCGACAGCCGGAAATACCACGGGTCGTCGTCATTCTGCGGCTGGAACATCGCCACGCGCATCGTGTCGAGCACCGGGCTCTGGGGGCGGAAACCCGGAATCGTCCGCCACCCGGCCGACACCCACTCCGGTTTCGGCGCGACAGGCCGGTCCGGCGGCAGCTCCGGCCGGATTCCGGCCTTGCGCGCCTCGGCCGCCGCATTCAGCGCATTGTAGAAATACATCTTCAGCTGCAGCTGGCGGCGCAGGAGCATCATCTCATGATAGGTCTTGTAACGGTCCGCACTGCCGGCGACTGCCTTTTCGTAGGCGCGGTGCGCCACGACCATCCGGTTCAGCGCCGTCGCGTAACCCGCGTACGGGATGTAGGTTTTGATGTCGAACGCCATGTCGAAGATGCTGCCGACGCCGTCACGCACGTTCAGCGACGCCATGAACGGCAGGATGAACGTGCAGCCCGGGCCGATTCCCCACGCCGCGAACATCTGCCCGAAATCCGACTCGGTCGAGTAGATGTCGAACCACGCTCCGGCCGGGTCAAACAATCCGGCGATGCCGACGGTCGTGTTGATCAGAAAACGGCAGAGCTCATCCCACGCCCCCCCGAACTCGGCCCGGCCGAGGCAGCTGAACGCCCGGGCGGGAAATTCCAGGTTCACGCAGAGATTGTTGAACTTCTCGATCGCCGGGCGCGGCAGGATCGAAGTGTAGACCCGGCCGAGCGGATCGACGACATATTCCATGCCGAAATCCGTCACCGCGAACATCGAACGGTTGAATCCCTCGACCGGGTCGTTGCCGGACAGGGCGAAAGAGAGTTCGCTCGGCGTCCACGGCCCTTCGGCCGGAGCC
CP027227.1_gap56	2711939	2714884	2945	CCGTCGTCGGCGTGGTCGCTCCAGGAAATCAGCTCGGGCAGTTCGATCCGCTCCGGCGCTCCGAGTCCGGGCGGGAACGACAGCGACCACTCCCGGTCGAGCGCCAGCGGCTCCGGAAGAACGCCGGACGCCGCTTTCCAGATTTTCCCGCCGGGAAGGCGATACTCCGCTTCACCGGGCTGCAGGAACAGCACCGCACACCGTCCGTCGCGGTCGATGAACGGCTCCGCGCCGCCGCCGGGAACGAAGAAAGCGGCGGAGAGCGAAACCTTCGCCCACTCCGGATAAACCTTCGTGACGCGTTCCCCCCGATACGCATATTCGAGCAGAAGCTCCTTCGGACGGTCCGGCGCCGGATCCCCGCCGAGCGTCGGATTGTCGACGATGAAGTCGAGTCCGGCGGGAGTGAACAGCTTTTTCACCTCGTCCGTCACGTCTTTGCCGTTTTCCTCGCCGCGCGGCCGGTAGACGGCCCGCACAATCTCAATCGGAAGCGCCGCCGAACGGTCGTACTTCCCGGCGTCGAGCGACACCCGCCCGTATTCCGGCGTCCTGAGTTCGTGAAGCACGCCGTCGCCGCCCCGGAATTTCAGCAGCAGCACCTTGTATCTGCCGGGCGCCGGGTCCGCGATGCCGAACGATTTGGTATTGACCGGAAAGTGGAGGCCGGAATCGTCGATGAGACGCCGCACGGCATCGGTCACCTCCGCGCCGCCCGCCGCTGCATCGCGCTCGCGGTAGAGCGCTTCAACGACTTCGAGCCGGGCCGGAACCGGCGCGGCCGGCGGCAGCAGGTGTTTTTTCGTTCCGGCTTCCGGGGAGAAAACGACAAAAATCGATCCTTTCGGCGGCAGCCGAAGCTGGACAGCGGTACGGCCTCCCTGCGTCTCCCAGACCGGGGCCGGAACCGTCTCCCCGGTGGCGGGGTCCCACAACTCCGGGGCGACTCCGGTCACTCGGAAACTGACCGTGCCGCAAAAGCTCCGGTCGGAACCGCTGCTGACCAGATAAATGTCGCGCTCCCCGATCTTCCGGTGCTGGAATCCGAATTCGACCGGGCCTGCGAAATCCGGCGCCAGCTTCAGCGCCCGCACCGCATCGGCCACCTTTCCGGCCGGAAGCAGCCGGTCTTCATAACGGCCGCTTTCCCAGAGGTCGGCGACGAGCCTGCGATACTCCGCTTCGCTCCCCCGATCCGCCAGCGTCGGCGAACCGAGCGGCGCGACTCCGGCGACAACAGCCCCCGCTTCGAGCAGCTCCCGGACGCGCCGGAGCACGGCCCGCGACAGATAACGGTCCGTGCCGAGGGAGAACAGCGCGTAGCTGCGGCCGTCCGGGAGAAAGATCCGGCCGTCGCGCACCGTCAGCCGCGAAAGCAGGGTTTCGACGTCGCAGTAATCGAAATCGTATCCGTCGAGACCGTTTTCGGCCGGAAAGCGGTTCGGAACGGATTCGCCCGACAGGACCAGCACATCGGCGACGGCCTGCCCGGACTGCAGCAGGTACTGGCCGCGGCGCACGTAGTCGAGCCACGCGCCGGCCTCGCGGAACCAGGTGTTGTTCCGGTTGAAGTGCGCGCCGTGACGTCCGAGCGTAACGCCGGGACGCACATGGAGCCACGGCTGGTGGACGTAGCTGTGCAGCATGAAAAGATTGATTCCGCGGCACCAGGCGCGGTCCCCGTACTCCTTGAGCTGATACGGGTCCTGCAGCCAGCGCCCCGGCAGCGCATCGGTCGTGAACGCTTCGGCTCCGATCGTCTTTTTGCCGTAAACCCGGCCGATGGAAGCGGCGAGCTTGTCGGGCGGCGCGCCGCCGATCCAGAACTCCCCGGCCGGCAAATCCGCGCTTTTGCCGCTCTGCATCGATTCGAACGGCCCGCCATACGGTTCGAGGCAGCTCAGAAGACCGTTTCTGCGGCAGAGCTCCGTGAAGCGGCCGAAGTAGTTTTCCGCAAAAAGTTCGGCGACCGTCTTCTGGAAATCGTAGAGAAAACGCGCCGACTCTTCCGGTGTGCCGACCGCATAACCGAGCACGGCCGGCAGGTATGGCTTCAACGGGTAGCCGCGGCGCGTTTCGAACTCGCGGTCAAGGCCGTCCGTCCAGTTCTGGCCGCCGACCTCGTAGCTGTCGATGATGCCGTAACGCAGAACATCGAGCCCCTTCGTGTCGGCCAGATATTTTTCCATCATGCCGGGCCAGTGGGCATCGAGCCCGCGGCGCGAAAGCTTGTCGCACTCGAGCCCGGAAAGCGAGGCCGGAGCGTTTCGCTTGCCGGTCGGCGTATGGCCGATGCGGAGCAGCTTCCAGGTTCCGGGCGGGACCTCCCATTCGAGCTGTCCTGCGGCATTGAGTTTTCCGGTCAGGTCGATGATCGACTCCGGCGCGATCCCGGCCGCGGCGGCATATCCGGCCGCCGGAGGACGGAAGCCGAAGCTCGAGCCGGAGGCGTTTTGCAATTCGATCTGCGGAATCATCGCCTGCCCGGTGAACCGCACCGATTCCAGCCGGACGTCGGCCGGGCCGATCCAGACCGGCCGGACCCGGTCGCGGAAACGAATCCGGGCCGAACGCGCCTTGACCGGCCGATCGCCGAACGGGACGTACTTCGGACCGCGCTGGTCGTTGTGAATGCCGAAATCGAATGTTCCGGCCTTCGTGAAATTCACGCCGTCCGGCGAGAGCTCGATTTCACCGCGCACATAGAGGTGGGTCTCCCCGAATTTCAGTTCCGCAAAGCGAAGAGGCGTCAATTCGGAAAAGTCGAAACGCAATTCGGCGGAACTGCCCTTCTCCTTCAGCGGCAAGCTGAGGGGAAATGACGGAACTTTCGTGAATGTGGCGGAAATTTTCGTCACTTCCGGAGACGGCGCGGCCGGGAAGGCCAGCAGCGCGACATCGCGGTAGTAGCCGTTCCGGATCTCCGGCTGCGGCAGCGTAACGGT
CP027227.1_gap57	2719277	2722215	2938	TTCGATGACGATGATGCGGCCGTCTTCGCGATTGTGCGCGAACTGGACGTTGCAGCCGCCGATGACGCCGACCGCGTCGATGATGCGGTATGCGTAATCCTGCAGCCGCTGCTGGACCTCTTCCGGCACGGTCAGCATCGGCGCCACGCAGAAGCTGTCGCCGGTATGCACGCCCATCGGATCGACGTTCTCGATGAAGCAGACGGTGATCTTGTCGCCTTTCGCGTCACGGACGACTTCGAGCTCAAGCTCTTCCCAGCCGAGCGCGCACTCTTCGACCAGCACCTGGTTGATCAGCGAGGCAGCCAGCCCGCGGGCGACCACTTCGCGCAGCTCCTCGACGTTGTAGACGATGCCGCCGCCGGTGCCGCCCATCGTGTAGGCCGGGCGCAGGACCACCGGATAGCCGAGCTCGTTCGCGATCTTTTCGGCCTCTTCGACCGTGTAGCACGGCTCGGACTTCGCCATCGGGACGCCGAGCTGGTTCATGGTCTCCTTGAAGATGATGCGGTCCTCGCCGCGCTTGATCGCATTGAGGTCGACGCCGATGACCTGAACATTGTATTTATCGAGAATGCCGTTGTCCTGCAGCGAAATCGCGAGGTTCAGCGCGGTCTGCCCGCCGAGATTCGGCAGCAGCGCGTCCGGACGCTCCTTCGCGATGATCTTCTCGATGCTGTCGACGGTCAGCGGTTCGATGTAGGTGTGATCCGCCATGCCGGGATCGGTCATGATCGTGGCCGGGTTCGAGTTGGCCAGCACCACCTCATAGCCGAGCCCGCGCAGCGCCTTGCACGCCTGGGTTCCGGAGTAATCGAATTCGCACGCCTGCCCGATGATGATCGGCCCCGAGCCGATGATCAGCACCTTCTTGATGTCTTCCCGCTTTGCCATAAATTCCTTCTTCTCTGATTTGCGCGGTGTTCCGTTCTGTCACGCCGGCCAGACTGGAAATCCCGGTGCCGTATACAAATCAGCGAAAGAAACGCACAACACGTCTCTTTCGCCAGAGAGCCGGCCGCTCAAGATTTTAACTCCGGTTTTACCACTGCTTCGAACACTGCTGTATGTTAATTAAGTCCGTACACAAACCAGAGATGTAATATAGCATCCGAACCGGACCCTGTCAACCCCGGGCCGGGAAAAAGCCGTACGGAACCGCTCCGTGCAGAGCCGGCGGCGCCGGAGCAGGACGGAGCGCAGGCGGCACCCGGCGGCATTCCGGCGTTTCCCCGCTCCGGATGCGGTTTCCGCCGCCCCTTATTTTTCTTCGCCGCGACCGAAAACTTCCTCGATGAAGTAACGCGGGCGCGCGCGGACGTCGTTGTAGATCCGGCCGATGTATTCGCCGATCATCCCGATGCCGATCATCTGGATTCCGGTGAAGATGAACATCACGGCAAACAGCGTGAACACACCGCCCTGGCCCCAGCTGTCGCCGTCGTCCCACAGAAAGCGGCGGACCACGATGTAGACGCTGAGCAGGTAACCGCAGAATGCCGCGAACAGCCCGAAGTAGGTCAGAATGCGCAGCGGCATCGTGGTCATGCAGGTCAGCAGGTTGAACTGCAAATTGATGAGCTTCCAGAGCGAATATTTCGAATCTCCGACCGCCCGCTCGTTGTGCCGCACCGGGATTTCGCAGGTGTTGCGCGCAAAGCTGTTCCCGAGCACCGGGATGAAGGTGCTCCGTTCGTTGCACTGCAGCATCGCGTCGACGATGTGCCGCCGGTAGGCGCGCAGCATGCAGCCGTAATCCCGCATCTTGACCCCGGTCGCCTTCTGAGCCACTTTGTTCACGATCTTCGAGGCGAACCGGCGGAAGAACGTGTCCTTCCGGTTCTGCCGGATGGTGCCGACCACGTCGTTGCCCTCTTCGGCCGCCGCAATCAGGTTCGGAATCTCCTCCGGCGGATTCTGCAGATCGGCGTCGAGCGTGATGACCAGGTCGCCGCGGACCTGCGAAAAACCCGCCATGATCGCGGAGTGCTGCCCGTAATTCCGGTTCAGAATGCAGCTGATGACTTCGCCGGGCCGCTTTCTGCTCGCCTCCTTCATGATTTCGGCGGAGTTGTCGCGGCTCCCGTCGTCGACCATGATGAATTCGAACCGGCGGTTGCAGCCGTCCAGAGCCGCAAGCGTGCGGTCGATCAGCTCCTGCAGGCACCCTTCTTCGTTATAAACGGGAACAACCACCGAAACGAATTCGATTTTATTTGACTTCTTCATGCTTTTCCTCGAAGGTTTGAGGCAGGCGCGGCGTCCAGACCGAACGCCTGCGGGATTTGCTTTCCATCACGTCGAACCGGCGTTCCGAAAAATCGGGCTTCTCCACATCGATCGGCAGCCCCAGCTCGGCCGCGGCCCGGGCCAGCGGCTTCAGATCCGATTCCCGGTCGAAGGAGAAGATCGCGACCTGATGGCCCGCGTTCCGTTCGAGGAACTGCCGCAGATCGGCCAGATTGCGCTTCTGCTGTTCGGCGCGCCGCTGCTCCGGCGTCATGGCCCGGATCTGTTCCTCGGTGAAGGCGCGGCGCCAGATGAAATCCGGGCTGTCCGTGACCGGGCGCTGCAAATCCAGATAGAACAGCAGCTTCGACGGCGCGTCGTCCCGCCAGATGAAGATCCGTTCCGGCGACAGCCCGAGATCCGCGGCGCGGATTGCGTCGTACAGCTGTTTCTCCGTCCGATACCGGGTCAGCGACGGAATCACGCAGTCGAACACGCAGACGACCAGAATCGCGCAGCCGAGCACCATCGAGCCCATGCGGCGCGGCAGCCCGGTCCACCGTTCGACCGGACTCTCCGGCTGGTTGTCGATCAGAATCGCGCCGAGCGCCAGCAATCCGGCCGCCGGCAATGCGATCACCGCCAGCAGCGGCGGAGAGAACTTGAAGAAATGGTTCCAGAGCGGAATCCCGACCAGGCTCGCGACGCC
CP027227.1_gap58	2736204	2740692	4488	CCTTATTTTTTCCGTTCCGGATATTCGGGTCGGAGGTGCACCAGAACATGTCCGCCTTGCGGTTTGAGACGCCTTCGTTCTGACGGCCGAGGAACGGCAGCAGCATCGCGTGCCAGCTCAGGTAATTGTTGTTGGTGCCGTCCGGATTTTTTTCGGACGGGTAGTAGCCGTCGCCGGCGTCGACATAGAGCATCATCGCCGTTCCGAGCTGGCGGACGTTGTTGAGGCAGCTCGACTGCCGCGCCGTTTCGCGCGCCTGGTTCAGCGCGGGCAGCAGCATCGCGGCGAGAATCGCGATGATCGCGATAACGACCAGCAATTCGATCAGGGTGAATCGGTTCGTTTTCATTTTATTCCATTCCTTGTGGGCTCGTTTAAGTCAGCGCACCGGCCGGATGCGGGAGAGTCCGGACAGACCCGCGTTCGACCACGCTGGAATCGATGATTTCATGGATGCAGGGCAGTCCCGGCTCCCGGAGGAGGCGCAGGACCGCGCCGATGACCTTGCCGGCGGAGACCTCCGCATCGGCGTCGATGCAGGTGACCGGCGGCAGGAAATAGGCGGCCTGGTCGACGTTGTCGGCGGCGATCACGCTGATGTCGTCCGGCACCCGGAAACCGCAATCGGCCAGCGCGGAAATCGCCGAAAAGGCGGTCGCGCTGCTCATCATGTAAAGCGCGGTGAATTCCGGGGTCTTCGTGCGCAGCCGTTCCGAAAAGACGAGATGAGTCGTCATGGCGGAGTTTTCCCCCTCGTGAACTTTGCAGTCGATAAGTTCGACGGAACAGCCCGTGGCGCGGGCGAAAGCCAGGAAGCCGTCGCGCCGGCGGTCGCAGATCGCGTTGCGCGGCTCCGAAAGCGCAACGGCGAATTTCCGGTGGCCGCGCCGGAAAAAGTATCCGGCGCCGAGCATGCCGTTCTGGAACGGATCGGTGCTGACAAAATTCAATTCGATGCTGTCGAAGATCCGTCCCATGATCAGAACCGGGATCGGCGCATTCCCGAGGTGGTAAACCTCCTGCGGCGTCAGCCGGTGCAGCAGGATGGCGATAACTGCGCTGAGCCCTTCGGTTTCGAGCTGCCGGAACGAATAGCCCCGCGAGTAATTGATACGTACGACTTCAAGGCCGTGCCGAAGCGCTTCACGGCGGATTTTCTCCTCGTGCTGAAGGTGGACCGGACTCGGCCAGTCCGGCATCCAGATGCCGATGCGTTCCATGGCCGGCTCTCCCTGCGGCCGCACCAGCAGTTCGCCCTTCGGCGTGCGGTGCAGAATCCTGTCCTCCTCAAGCTTGCGGATTGCACCGGTGATGGAGAACTGGCTCGTATGGTAACGCCGCATCAGCGAACGAATGGAACCGAGCCGGGTGCCGGGAGGATTGTGGTCGATCTCCTGCCGGATGCTCTCGTAGATCTGTTCAGCCTTGCTCTTTTTCATAATTTCGCGCTCTTTGTCCTTCGTGTATCTGTATCATATTATGTCAGTATTGATACAGTGGTACAAGATGTATCAATGATTTTTTCACAAAAAAATGATGCGGAGGACGAAAGCCGGCCGGCAGAACGGTACGGCCGGATTTCCGGATGCATCTGCGGAAAAGGCGGCCCGGCAAAAGAGAAAGGCGGCCCGTTGGTTCCGGGCCGCCTTTGGCATCGGGTGAGAAAAGAGACTTAAAGCTTATCCGCTGATAAGCTCTTACTCTTCCTCGAGCTGGTCGGCGATTTCGTCGGCGATCTCGTAGTTCGCGGTCACTTCCTGAACGTCGTCGAGGTCTTCCATACGCTCCACGAGGCGCATGACCTGACGCGCGGTGGAGACGTCGGTGATCTCCGTCACCATTTCCGGCTTGCGGACCACCGCGGCTTCTTCGGTCGGAATGCCCTTCTCCTCGAAGAGTTTGACCAGCGCTTCGAAATTCTCGGGATCGGCCCAGATTTCGGCGACGCCGTCCTCGACGGAGAGATCGTTCGCACCGGCGTCAAGCACGATTTCCATGAGCTTATCCTCGTCGGCCCAGTCGCCGGAAATCGTGAAATGAGCCTGCCGCTTGAACATGCGGGCAACCGCGCCGGAACCGGCCATATTGCCGCCGTTGCGGTCGAAAACCATGCGGACGTCGCTGATCGAACGGTTCCGGTTGTCGGTCAGGCATTCGACGATGACGGCAACGCCGCCGGCGGCATACCCTTCGTAGACGATCTCCTCGTAAACCACGTCGCCGAGCTCGCCTGCGCCCTTCTTGATCGCGCGTTCGATGTTGGCGTTCGGCATGTTGACCGCCTTGGCGGCGACGAGAGCGGAACGAAGCCGGGGATTCGCATCGGGATCGGAGCCGCCCATCTTGGCGGCGACCATGATTTCCTTGGCGATTCGGGAGAAAGCCTTGCCTTTGACCTTATCGGCGGCTTCTTTCTTGTGCTTGATGTTTGCCCATTTACTGTGCCCGGACATTTTTGACTCCAATCAGTTGAGTTTGAACATAATTACGTTAATTTAACCCCGAAAGCCGGAAATTTCAAGCGCACGGCTGCATTTTAAGCGCGGTTTCCGGCCCGGAACCGCTCAACGTTGCCGCCCCGCACAGGAGTAGAGGGCCATGGCGATCAGCATCAGAACCGCCATGACCGCCCGGCGGGTCCACGCCCGGGCGCCGACCCGCGGCTCAAGCCCGGCAAAACCGAACCGGAGCAGCAGAAGCCCGAGCAGCACCGAGATGAGTCCGCGGCCGGCCTGAATGATGTTCCCGAACAGCACGCCGATCGCTCCGAACGACGTGAAGAGGAACAGCATGGCGAGGTACCATGCCGCGGCGTAGGGGATCGCGTCGATGAAGCAGCTCCGGTTCCATTTCAGCCGGACAAAGGCGAGGCTTGAGACGCAGCCCAGCACAGAGAACGCGACTCCGGTCACGGCAACGGAGTTCAGCAGCAGGCTTTCTCCCGGCATCATGAGGATCATGGCGGTTTCGACGAAGTCGGCTGTCGCATAGGTCAGCAGCGTCAGCAGCAGAAAGAGGCAGCCGCGCGGAGAAAGCGCCCCGCCGGAAAAGTTCATGCCGACCGCCGCGACGGCCGAACAGCCGATCGCAAGATATTGCAGGCCGTTCAGCGGCTGGTGCAGGATTGCGACGGTGATGGCCGCCAGCACCACGATTTTGAGCCCGAGCAGCGAACTCAGCCGTGAAGCTTCGATCTCGCGCAGCGCCTGGAAAAAACAGAAATAGCCGGAGCAGCTCGCCGCCACGAAAACCGCCAGCAGCATGCAGAATGTTCCGTTGAGCGGCACGCGGACGAACGGCAGCGTCGCGGCCAGCGTCAGCAGCCCGAAGCCGAACATGACCAGCTGCGAATAGACGACCAGCAGCCCCGGATTGCGATGCTTCAGCACAAAGCGGCGTGAAAAAAGATAGGAAGTCGATTGCAGCAGCGCGCTGACGAAACCGGCGGTGACGCCGAACCACATGATGGATTCTCCGAATGCGTGAATGAATTTCTTATCATTGACGCCGTGTGCAAGTTTCCTGACGGGAACTTGCATACGGCACTCGTTATAATATAGCAGCAGATCGGCAGATGTCGCGTCCGCTTCTCCGGAATATGAAAAAACGTGCGCGCCGTCAGACGCCGGCACCGTGCTCCCGCCGCGGGGAGCCGGCGCTTTCGCCGCCGCTGCGGTAGCCGCCGGGCGTCGTGCCGTAGTGATGTTTGAACACCTTGCAGAAATAGCTGGTGTCCTCGAAGCCGCACTGCATGGCGATCTCCTTGACCGGAGCGGCGGTGGTCTGCAGCATGCGGACCGCGAGGCGCATCTTCTGGGCGATGATGAATTCGTGCGGCGGAACCCCTTCGATCTCCTGAAACCGGCGCGTGAAATGCCAGCGGCTGCATCCGGCGACCCGGGCCAGCTCGTCCACGGAGATGGGGCGGTCGAGGTTTTTCCGGCAGAAAGCGTGGACGCGGGCCATGAAATCCTCTCCCCTGGCCGGAGCGGAAAGGGCCGGTTCGGCCATCAGCGACATCAGGAACGAATAGGCGCGGGCGCTGGCGTCATACCGTCCGGCAAGCCGTTTTTCCCGGCAGACCGCCAGCAGCTCCCACGCCATGCGGACGGTGGCGGAGTCCGCCGCAAACGGGCGCACGATGCCGTTGCGCCGCCGGTATTCCGTGCCGAGCCGCACAAGCTCGGAACCGTTGACCGTGACATAGAGGAACTCCCACGACGCCGAATCGGGCGGCAGAAAATAGACGTGCGGTTCGGGAACCATGAGGACGAACGCGCTGCCGGGCGGAACCGGATACTCGCGTCCCCCGTGGCTGACCCGCCCCATGCCGTTCAGCGTGTACTGCCAGATCACGAGATTGTGGTTGCCGCGGTTGAGCCCGTCGAAGCGGTACTCCGGGCTGCGGGCCAGTTCGTGGCCGCAGTTCAGCAGCATGGAGTGCAGCCGTTCGGTACGCTCGGTGTAAAACGGCGTATACGATTCGAA
CP027227.1_gap59	2749384	2751571	2187	CTGAATCCGGGCTGCTCGATCGGCTTTCATCCGCACGATGCCGAAGACGAGATTTTCGTGGTGGTCAGAGGCCGCGCCGAAGCGGACGACAACGGCGACATCGTCGAGCTCGGCCCCGGCGACACGATCCTGACCGGCAACGGCGACGGACACGCGATCCGCTGCGTCGGCGACGAGCCGCTCGAGCTCATCGCGGTGATCTCGACCTACTGACCCAACCTTCGGAGGGAAACGTGCTGAATTCCGATTTTCTGCTGAAGCTGGCGGCCGAATACGACACGCCGCTTTATGTATATGACGGCGACATGGCCGTCGAACGCTACCGCGATCTGTACCGCTTTATTCCGTACGACCGGCTCAAGGTCTGCTGTGCGATGAAGGCCAACTACAACCCCGGGCTCCTGACCCTGTTGCGGGATGCAGGAGCCGGGCTCGACACGGTCAGCCCGGGCGAAGTCCATATGGCGCTGGCACTCGGCTTTCCGAAGGAGCGGATCATCTACACCGCGAACAACATGACCGATGAGGAGTTCGAGGAGGTGCTGGCCACCGGAGTCCTGATGAACATCGGTTCCCTGTCACGCCTCGAAAAGATCGCGGAGAAGCATCCCGGCATGCGGCTCTGCCTGCGCTTCAATCCGGATGTCTGCGACGGCGACAACGTCAAGACCATGACCGGCGGCGACCTGACCAAATTCGGCATCCTGCTCGAAGCGGTCGAAGAGGTCAAACAGATCGTGCGCCGGGGGAACCTGAAGGTCGTCGGCCTGCATGAGCACACCGGCAGCGGCCTGCAGCGGTGCGAATCGGTCTACCGGTCAATGGAGAATTTGATGGCGATTGCCGTGCCGGAGAATTTCCCGGATCTCGAATTTCTCGATTTCGGCGGCGGCTTCAAGGTGCCGTACAAGCCGGATGAGGCGCGCATCGACTACGTTGCGATGGGCGCCGAAATCGCGCGTCTCTTCGAAGCGTTCACGCGCCGCTACGGGCGCCGGCTCAATATGCTGTTCGAACCGGGCAAATATATTTTCGCCGAGGCCGGCGTGCTGCTGACCGAGGTCAACACGATCAAGCACAACCGGACGCGGGTCATCGCCGGCTGCGACTCCGGTTTTCCGCAGCTGATCCGGCCCGTGCTCTACGACGCCTATCACCAGGTGCGGAACCTCAGCAATCCGGACGGGAAGCCGCAGATTTACGACGTCTGCGGCAATATCTGCGAAACCGGCGACCGCTTTGCCGAGCAGCGCGAGCTGCCGGAGATCCGTGAATACGATATCCTCGCGATCGGCAATGCCGGCGCATATTGTTACTCGATGGGCGGAGTCTACAATCTCCGCGCCATGCCGACCGAAGTGGTTGTCTCCGGCGGAAAGGTCACTTATGTCCGCGAACGGCTGACCTCCGAGCAGCTTTGCGGCCGGATTCTCGGAGAAGGCAGATTTCTATGAGCACGAATTATGCAGCGGCGCTCGACCTTTCGGGGCGGGAGGCCGGTTTCGCCGTCCTCGACGGCGGCAAGGTGGTCCTCTCCCTGGTGCGTCCGATGCGCGGGCGCGATTCCGCGCAGCTGGCGGCATGGGTGAAAGAAGAGCTCCGGAAGGCCGGAATCGCGCTGGAGTCGATCCGGCGCTGGACGGTCGGTTCCGGTCCCGGCAGCTTCACCGGCATGCGCCTCGCCGCCGCGCTCGTCAACGGCTGGACCTACGGCAAGGCAGTGGAAACCCGCTGCGTGCCGACCGCTGCGGCGCTGGCCGCGAATCTTGATGCGGCCGAAGGCGAACGCATCGGCGCTCTCTGCGACGGGCGCAACCGCGAACTGATCTTCTTCGAGCTGGAAATCCGGAACGGCGAAGCGGTTCCGACCGGCGTCGAAAAGGTGCTGAACGCGGAGCAGGCGAAAGCGTTCTTTGCGGACTATGCGGGAAAGCGCCTGACCGCCTTCGAATCCGAACTCCCCGCGCTCGAAAAACTTCTGGAGCCGGAAGTCGCAGCCCGGATCACGGCCTTTCCTTCGATCCGTCCCGAGGCGCTGGCGCTGGCCTCCTGGAAACCGTTCGACAACAATCTGGCCGATCTGGTCTACATCCGTCCGGCGGTATTTACCGCCCCGATCGCCTGACGGGATATTTTTCGCGCAAAGCGGCCACGGCGAAGCACCGCGGCCGCTTGCAACATATCCCG
CP027227.1_gap60	2757912	2761924	4012	CCGTATCCAGAAAATCCGCGGTCGGCTGCCCGGGGCTGATGCCCGGGATGAACGCGCCCTCTTTCTTGAGGTTGTCCGCGATCTGGATCGGGTTGAACTGGTTCGCCACCCAGAAGAAGCTGAAGGCGAGAATCAGCAGTGCATAGGCGATCATATAGCCGGTCCCGCCGTTCTGGAACGACAGCGCCAGCGAATTCCAGATCGTGCTCGCGTCCGGCTGGCTCGCAAAATAACGGAACATATACTCCGGCAGCATCAGAATCGCGCCGGCGAAAATGATCGGCATGACGTTCGCAAAGTTGACCTTGAGCGGCATGTAGGTCGCGCCGCCGGTCATCTGCTTGCCGACCGTCTTGCGGATCATCTGGATCGGAACCCGGCGATAGCCCTGCGACAGCATGATCGTCGCGGCCGTCACCACGCAGAAGACCACCAGCAACAGCAGCAGCTGCACCGGCTTGAAGCTCGTTCCGTCCGGAGTCTGGCCGTTCCAGGCCATCTGCACGAGTTCGATCACCGACTGCGGCAGGCGCGAAACGATGCCGATCGTGATGATGAGCGACACGCCGTTGCCGATGCCGCGCTCGGTGATCTGCTCACCGAGCCAGGTGAAGACCATCGTGGTCGTGGTCAGCACGAGAATCGTCATCAGAATGAAAACCTGCTCATTGCCGAGAAAGAGCGGCTGGTTCGGCTGGGGCAGGCCGATCTTGGCCGGGTTGATCATCGCCAGCGCGACCATCATGCCCTGAACCACACAGACGATGAGCGTCAGGTAACGCGTATACTGGGAAAGCTTCTGGCGCCCGTTCTCCCCCTCCCGCTGCATCTTCTCCAGCGTGGGAATCACCGGCACCAGAAGTTGGACGATAATGGACGCGGTGATGTACGGCATGATACCGAGCGCTCCAAGCGCGAAGTGCGTCAACGCACCGCCCGAGAAGAGGTCGATAAATGCCAAAACTCCGCCGCCGTCCTTGCTGCTGGCACTCAGTTCAGCCATAAAACTTTCCAGAGCCGCCGGGTCGACCCCGGGACACGGGATGCTGCTCGCAAAACGCACGATCACAATAATAAGTGCCGTGAACATCAGGCGATTACGCAGATCTTTCACTTTCAATGTATTGATAAATGCCTGCAACATAGATTACCGTCTTTCCCGGTTTTTTATTCCACCACTTCGACTTTGCCGCCGGCGGCTTCGATCTTGGCCTGGGCCTGCGCGGAGAACTTCTCCGCCTTGACCGTCAGCGCCTTGGTGATCTCTCCGTTGGCGAGGATCTTGATCATCTGGAGCTTTTTGCCCAGAAGATTCTTCGCCCGGAGCGACTCCTGATCGACCACGTCACCCGCGTTGAAATTCTCTTCGAGGATGTTCAGGTTGACCAGCTGGTACTCGATATGGTCCGGGCTGTTGAAGCCGCGCTTCGGCAGACGGCGGAACAACGGAATCTGGCCGCCTTCGAAGAACGGACGGATCGACGAACCGGTGCGGGACTTCTGACCCTTCTCGCCGCGGCCCGCGGTCTTGCCGAGGCCGGAGCTGTCGCCGCGCCCGACCCGCTTGCGCCGCTTCCTGGAACCGGCGTTGGGGCTGAGTTCATGCAGTTTCATAATCCTAGTATTCCTATTTCAGAATTTAGTTGTTTTCCGCGACCGGCGCGGCGACCTGAGCAGCCTGCGGCATCGGAATGCCGCGGCGCGCGTAGACCTCCTCGCGGCTCGAAAGCTGCGAGATCGCCTTGAACGTCGCCTTCGCCACGTTGGCCGCATTGGCCGCGCCGAGCGACTTCGCCAGAACGTCCTTCACTCCGGCCAGCTCGAGAATCGCGCGGACCGCGCCGCCGGCGATGAGGCCGGTGCCCGACGAAGCCGGACGCAGCAGAACCCGCGCGCCGCCGAATTTGACTTCGATCTCATGCGGCAGGGTCTGGCCGTTCATCGGAACGGTCACCAGATTGCGCCGGGCAGCTTCGCCGCCCTTGCGGATCGCGTCGGAGACTTCGTTCGCCTTGCCGTAGCCGTAACCGACCCGGCCGTTGTGATCGCCGACCACAACGAGAGCGCCGAAGCTGAAGTTCTTGCCGCCCTTGACGACTTTCGCACTGCGGTTGATCGAAATGACGCTCTCGTCAAATTCGCTCTGAGCCGCTTCATTGAAATTATCACGTTTCGCCATGAGAGTTCTCCTAGAACTTGAGTCCGTTTTCGCGGGCAGTCTCGGCGATCGCCTTCATCCGTCCGTGATAGTTGTATCCGGAACGGTCAAAAACGACTTCCGTGACGTTCGCGGCCTTGGCCGCCTCCGCCGCGAGTTTCCCGAGCAGAACCGCGCCGGCCATGTTCGGCTTCGCGTTCTCGGCCTTGAACTTCGGGTCGAGACTCGAAGTACACGCCAGCGTAACGCCCTTCACATCGTCGATGAACTGACAGTAGATGTGGTTGGCGGTGATGCTGACACAGAATCTCGGGCGCTCCGTGGTCCCGGAAACCTTTTTACGAATCCGGAGATGGCGGCGCGCGCGCATCGTATTTCTATTCTTAACAGCCATTTTATCAGCTCCTTAATCCCGGGATCAACCCACGGATTTCCCTTCTTTGAGGATGATCCGCTCGTCGGCGTAACGAATGCCTTTGCCCTTATAGGGTTCGGGCGGCCGGAAACGGCGGATTTCGGCGGCGGCTTCGCCGACAGCCTGCTTGTCCGCGCCCTCGACCGTGATCTTCGCACCGTCAACCGTCACTTTGACGCCTTCCGGGACGTTGAATTCGATCGTGTGCGAGAAACCGAGGTTCAGCACCAGCTTCTTGCCGGTGAGCTGCGCCTTGTAACCAACGCCGACAATCTGCAGCTCCTTCTTGAAGCCGGTCGTCACGCCGATGACCATGTTGTTGATCAAACTGCGGGTCAGCCCCTGCATCGCGCTCGCCTTGCGGTCGTCGGAAGCCATCGAGACATGGACATTGCCGTCCTTGACCTCGACCGCGACCAGCGGCGGGAGCGGCATCGAAAGCTTTGTCTTGCCTTCGACCGTCACTCCGGCAGCGTCAACAGCGACCTTCACGCCGGAAGGGATCGCGATCGCTTTATTGCCAATTCGAGACATATTGTAAATTCCTGTTTCTAAAATTACCAGACGTAGCAGAGAATTTCGCCGCCGACGTTCGCCTTGGCCGCTTCGCGACCCGACAGCACACCTTCGGGCGTGGTCAGGATCACCGTGCCGAGACCGTTGCGGACGCGCGGAATCTCCCGGCTGCCGCAATGAACGCGGCAGGACGGCTTGCTCACGCGCTCGAGCCCTTCGATCACGGACTTGCCGTTCGCGTATTTGAGCTCGATGGAGAGCTGGCGCTTCACACCGTCTTCGCTGACTGCAAAGTCCTTGATGTACCCTTCGCTCTTCAGCACTTTCGCGATCGCCGCCTTCTCTTTCGAGCTCGGCATCTCGACCTTCTTCAGACCGGCGGCACCCGCGTTGCGGAGCCGGGTCAGCATATCAGCAATGGGATCTTGCATGCTCATTATGTAGGTTCCTCCCTTACCAGCTGGCCTTGGTCACGCCCGGAATCTGGCCCTTCGAGGCCAGTTCGCGGAAACAGATACGGCAGAGCTGGAATTTGCCGATATAAGCGCGGGGGCGGCCGCACGCCTTGCAGCGCGTGTAATTCCGCACCGGGAACTTGCTCCCGCGTTCGGCTTTCACCATCAAACTAAGTTTCGCCATGATGCAATCCTTCCTTTATTCCTCGAACGGAACTTCCATCATTTTCAGAAGTTCACGCGCCGCATCGTCGTTTTTCGCAGTCGTGACGAACGTCAGGTTCACACCGAGCGGATATTTCAGCTTGTCGGCATCGACTTCGGTGAAGACCGACACGTCGCTCACACCGAGGTTGTAGTTGCCGACGCCGTCGAAACCGGTCTTCGGAATCCCGCGGAAGTCGCGCACGCGCGGCATCGCGTTGTGAACGAAACGGTCGAGAAACTCGTACATGCGGTTTCCGCGCA
CP027227.1_gap61	2938651	2940539	1888	TGAAAATATTCATGAACTTCGCGCGGCGTGATGTTCGACTCCACCCTGATCCGGTCGAAGATCATCATCTGCAGGATAATATATTCCTCAACCTCCTTGCGCAGATCTTCGATCGTCGTCCCGGACTGCCGCAGTCTCCGGGTAAATTCCGAACGGGAGCGCACTCCCATGCGCTCGGCGATATTGTCGAGTTCCTCCTCGACAGCCTGATTCGGAATCGGAAACGGATTTTCCCGGAACTCCTCCAATACCAGAAGCTTGTCGATCCGGTCATTTACGGCTTTCAGCCGAATCTTACGAATTTCCTCCTCGAGCCGCTTGCCGGAGAATACGGCGTAAGCCTGATATTCGCTGTTCCGGGTCGTATTCAGGATATCCATCAGACTGATCGGCACGCCGTTTACCGAAGCCAGAATCGCGTTGACCTGCGGCGGTTCCTGCTTCGGCTTCAACACCATTCCTTCCTCCGCAAACAGCGGAGCCGCCAGCAGAAAGAGGATCGGAATGCACCAGCGGAATTTCACTTCATCATCCCTTCCGCCTGCTGTGCCGCGACCCGGCGCGAAGAACGGCGAGTTCCACGGCAGCACTCATGCTGCCCGGATTCGCCTTTCCGCGCCAGGCGATATCGAAGGCAGTTCCATGATCGGGACTCGTGCGGATCACCGGCAAGCCGAGAGTCGAATTCACGCCGGAATCAAACGCCAGCATTTTAAACGGGATATGCCCCTGATCATGGTACATGGTCACCAGACCGTCATATCTGTTCCGGATCGACTCCACAAACAGCGTATCCGGCGGAAACGGCCCTTCGATATCGATTCCAGACTTCCGCAATGCCGTCAGAGCCGGCTTGGTTTCGCGTTCATCCTCCAGCCCCATGCAGCCGTTCTCCCCGGCGTGCGGATTGATCGCCGCTGCCGCGAGCCTCGGATGTTCAATTCCCTCGGCGCGGACCGCCTCATGCAGCAGTTCCGCCACCCGGATGATTTCAGCTTTAACCGCAAGTTTCGGCACTTCGGCCAGACTGACATGGCAGGTTACGAAAACCATGCGGAGCGAACCGGAGGACTGCATCATCACAAAGTTGCGGCATTCGCAGAGCTCCGCAATCCGTTCAGTATGTCCGGTGAACGGAATACCGGCCAGATTGACCGCATATTTGTTCATCGGCGCAGTAACAATCGCATCGACCTCACCGGCCAGCGCATCCTTCGTCGCGGCAGTCAGCGCATCGTAGGCCAGCCGTCCGCACCGCGCGTCGGCTGCCCCAAGTTCAAAACTGCCGAACGGAAGCGTTCCGGACGGACGGACCCGAGGCAGAAACCCGTCGCTCCAACGGTGTGCCGCTTCGCGGAGAACCGTCTCTTCACCGTAAATCACAAATTCGGCCCGGCCGCTCCATTTCGGATCGGCGGCGATACGGACGGCCAGCTCCGGGCCGATTCCGGCCGGATCACCCATCGTTATCGCAATGACCGGGACCGAAAGCGCCATCTTACCACTCCTGCCCCTGCTTCTCGAAATAGGCGGCCACATTCGGAATCAGCGGCTTGATCAGCTGTTTGATCGCCTTCGCATACTCACGGATTTCGGCCTGGGCATGATCGCTGTCGCGCAGATCGAGAAAATGCAGCAGATTCGCCAGATCCACCGTACCCCAGAAAGTCACCATCATATTCTGGGGAAGCACGCCGCGCGCCTGTTCCCGGCAGACGCCGGAAGCGATCAGCCGCTCATACAGTTTCAGGCTCGCTTCGTTATGCCGCCGAATCTCTTCACGCAGTTCTTTTCCGTCGAATTCCGGGTCGAAAAACGACGCCTGCCGGTTATTCTCCGACTGACGCCGCAGGATGGACGGCGTATAAAACTCCATATCGATCTCGGT
CP027227.1_gap62	2954176	2955076	900	GTTTCCGCTGGTCCGGAATTTTCACGGCGGCGAGATTGCAAACTGGCGCGGCAGTTCCACTTTGACGGAGCCGTATTTCAAAATTCCGGACCCGGAAAACAGTTATCCGCAGTGGAATTGGCAGGGATTCACCAATTCAAGGGCGTGGCGGGCCGGAAACCGGGGCAACATCTGCAGCGTGCCGCTGGAAAAGCCGTCCGCCGGAAATTTCCTCCCGCTGATGCAGGGCGGATTCGATCTTCAGTATACTCCGGCGCTCGAATTGAAGGCGGGACGGGGAATTGCCGTATTTTCACAATTCGACCTCTCCGGACGGACGGAGAGTGATCCGGAAGCGGAGGAAATGCTGAAAAAATTGATTCTCCGTCTCGACCGTGCGGAGATTGCCGTACGGCGTCCGACCTGGTATGCGGGGAATCAGGAAGGGCGGCAGTTGCTGGAAAATCTTCTGGTTTCCGCCCGGGAAACGGATACGGTTCCGGAGAACGGACTTCTGATCGTTGCTCCCGGCGCGGAACTTCCGGATTTGACTGAAGCGGTGGAGAATGGTCTGAATGTTCTGATGCTCGGGCTCTCCGGTCAGGAATTGAATGCTCTCCTTCCCGGCAGATTCGGGACGCATCCCGGCAGATATTACTCCGATTATGCGGAAGGAATTGCGGAAATACCGGAATTTCTCGGTGTTTCCAATGCGGATCTCCATTGGCGCAGAGAGCTTTCTATGGATGCGTTCAATTCCTCAGGACCCGGCGGACGTGCGCTTCGCGTCAGGAAAATCGGCAGGGGAACGGCGGTTGCCTTCCAGGTTGCTCCCTGGATGTTCGATCCGCAGGAGTTTCAGTTCAGGACCAGCCGCAGAAGAAATACGGGAGCAGTTGCACGCCTTCTTTTCAATCTCGG
CP027227.1_gap63	2965922	2970353	4431	GAGCTCTTCACGGTTACCACCCCGGATAACGTCGGCACGCCGGCCAATTCGCTTGAGGAGCTGTTCCGGCTGGTCCGTTCGAACGGGCAGACCGGGCTGCGCATCCAGCGGTACAAGGGTCTCGGCGAAATGAACGCCGAACAGCTGTGGGAGACGACCATGGACCCCGAAACCCGCAAGATGATCCGGGTCACCATGGAGGATGCGATCATCGCCGACCAGATGTTCACGCTTCTGATGGGTGACGTGGTCGAACCGCGGCGCGACTACATCGAAAAGCATGCGGCGGGCGTCAAGGACCTCGATATTTGATTGCGGCGCGATTGCCGCAGTGCGTGAAACACTCATCCATCATATTACAGGAGTACGGAAATGGCGGAAAAAGAGAACAAAGCCTCCGATAAGAATAGCAGCCGCGACAAGAACCTTCAGATTGCGATCGGCCAGATCGAGAAGAGTTTCGGCAAAGGGTCGATCATGCGCCTCGGCGATACGGGCGCGGCCCAGCAGGACGTTCCGGTCATCAGCACGGGTTCGCTCGCGCTCGACCTTGCGCTCGGTATCGGAGGTGTTCCGGCCGGCCGCATCATCGAGATTTTCGGACCCGAGTCGAGCGGAAAAACCACGCTCTGTCTGCATATCATCGCCAATGCGCAGGCGAAGGGCGGCCGGTGCGCGATCATCGACGCCGAGCATGCGATCGACCCCGGTTACGCGAAGAAGATCGGCGTCGACATCGAAAATCTGCTGATTTCCCAGCCGGACTGCGGCGAGGATGCGTTGAATATCGCCGATATGCTCGTGCGCAGCGAGGCGATCGACGTTCTCGTGGTCGACTCGGTCGCGGCGCTGGTGCCGAAGGCGGAGATCGAGGGGCAGATGGGCGATTCGCACGTGGGCCTTCAGGCGCGGCTCATGTCGCAGGCGCTGCGGAAGCTGACCGGCGTCGTCTCCCGCACCGGGAGCTGCATCGTCTTCACGAACCAGATCCGCGAGAAGATCGGCGTCATGTTCGGCAATCCCGAAACCACCACGGGCGGCAACGCGCTGAAGTTCTACGCTTCGATCCGCATGGATATCCGCAAGACCACGGTGATCAAGGATCCGGCCGGCAATATCATCGGCAACCGGGCGCGGGTCAAGGTCATCAAGAATAAAATGGCGCCCCCGTTCCGCCAGGCCGAGTTCGATATCATGTACAATGAAGGCATTTCGAAGGCCGGTTCGATTCTCGACGTCGCGACGGATATGGGCATTCTCGAGAAGCGCGGCAGCTGGTTCAGTCTCGACGGCGAACAGCTCGGGCAGGGACGGGACCAGACCAAGGCGCTGATCGCCGGGTCGCCGGAGCTGCAGCAGAAGCTCACCGACCGGATCAACGCGAAGATCCGGGGCGGCGAGGTCGTCTTTCAGGAGGGAGACGAAGCCGATGTTCCGGCCGCTGCTCCCGAGGCCGGGGAATAACCCGGGGCGGTGATGCCTTGAAAAAAGGACTTTTCATCACGGCGGCGGCGGGAGCGTTGTTTTTCGCGTTCCTTTCGCCGCTTTTTGCCGACGAAGCCTCCGAACGGCGTCTCGGGGAAGAAGCGCTGTCGGCCGGCGATTACAAAAGCGCCGCGAAATTTTTCGACAACGCCCGGCTGATCGCCGGCGATGACGCTGAACGATGGGGCGTGAACACGCTCTCCATGGCCGAAGCGAAGTTGCGGGACGGCGATGTCGAGGAGGCCAAGCAGCTGCTTGCCGAGTACCGTTCGCGTTTTCCGGCCCGTTCCGCCGGAATGCTGCCGGGACTGATCCTGATGGCTGAAAAGCGATACGGCGAGGCGGAGACTTTTTTTGCGTCGCTCGCCTCGGGAGCCTCCGACCCGGGCGTCGCCTGTGCGGCCGAGCTCGGTATCGGCGAAGCGCGGCTCCGGCAGAAAAACTATAAGGGCGCTCTCGAAAAATTCGAGCAGATCGAAAACGAAAACGCGGATTTGCCGCAGTGGGTCAGACGCGCTCACGAGGCGCGTATTTTCACATTGCTCGAATCCGGCAATCTGACGGCGGCGGCCGTTTTGCTCAGCTCCGGCAAGTTCCGGGCGGACGATGCGGAACACTGGCTCTGTCTCGATCTTCTTTATCTCCTTCGCAGCAGGAAGTTCGACCAATTCTACACAGGCTGGGGCGAGTTGCGGAAAAAGGGCTGGAAAAATCCGGCTCCGGTTCTCTACCTGCTCGCCGCGGACGGCGCCCGTCTCGCGCTTGAAATGAAACAGCCGGAGGCCGCCGCCCGGCTGTGGGCGGACGCGTTCGATCTGGCGGATACGGACCCGGAGCGGCAGAACGCGCTGCGCGAGCTGATCAACCTGCAATCCGGCAGCGACCCGGTGCAGGCGGCGGAGACGGTCCGGCGTTATCTGAAATTTTTCCCGGACGCTCCGGACCGGACCGGCCTTCTGATGCGCGGCGCGCGGCTTCTCGCCCGGGCCGGGAAACCCGGAGACGCGGTCGAACTCTATTCGCGGATTACCGGGGACAACCGGATTCCGGCAGCCAGCCGGCTGGTTGCCGCCCGTGAAGCCGCCGTCGCCGCTTCGAATGCCGGCATGTTTTCCGTTGCCGAAAAGATGTTCCGATATCTGGTCGATCAGGCGGAGGCGCCGGCTCAGAAGCTCGAAGGAGAACTGCTGCTCGGCGAGCACTATTTCCGTCGCGGCGACTTTGTCCGGGCCGCGGAGCTCATGAAGACGGTTGCGGATGCCAACGGGCCGAATGCCGACACCGCCCGTTACTGGCTGCTGCAGTCGCTGATTCCGCTGGGGCGCTACGCCGAAGCGGCACCGATCGCGGAAAAGCTGCGCGATGCGCGTGAAGCGAAATACCGGGTCGCCGCTGAATATTTCCGGGCGTTTCTGCTTGAAAAACGCGGCCAGGCGGCAGCGGCGCGCAGCGAATACGAGAGATTTCTGATTCTGCATCCCGATTCCGATTTTGTTTCGGCGGCGATGCTTTCGGCTGCGGAGCTTGCGCTTGCGCTGCGGGATTTTCCGGCGGCTGCGGACGGATTCTTCCGCTACGCCGAGCGAAAGCCGGCTCCGGCGGATGCGCCGCGCGCGCTCTATCTGGCCATGCAGTCCGGCTGCTTCGGCGGGGACAGAGAGGTGGTGGACAAGGCGCTGAAGCTGCTGGACAGCCGTTTCCCGGACTCCGCGGCCGGTATTGAATCGCGGCTGCAGCTGGCCGATTACCTTGAGACCGAAGGCGATGGCGCGGCGGCGGAAACGCAGCTTGCCGAGCTTGAGAAGCGCGGCGCGGCGAAAAATCCGGAGGTCGCCGCCGAAATTCTCTATCGCCGGGCGAAAATCAGTGCATCGTCAGGGAAGACGGCGGAGGCCATGGCGCAGCTCGAAACCCTGCTTGAAAAGTTTCCCGCCGGTCCGTTCGCGGCGGATGCCGCAATGATGGCGGGCAACCTCGAGGCGGATGCCGGGCATTACGCCGCGGCGCTCGCGTTTTACACGAAAGCGCGGGAGCTGCGTCCGGAAGGTCTGTTCGGGCGGGTCGCCGCCGGGAGAATCGCGGATATGCGTTACAGCATTTATGCCGAGACGCTTGATCCGGCCGATCTCAAAGCCGCTGCGGAGCTGTATGAGATGCTGTCGCAGGAGAGCTCGAATCCGCGGCTGCAGCTGCAGAGCCTCTACAAGCTCGGCAAATGCCGCGAGCTTTCGGATGAGCTTGAAAAGGCGCTCGAGGTCTACAACCGGGTACTTTATCTGGCGCTCGACCAGAAACGGAACGGCCTGGTGCCGGACGCGGTATGGACCGGCAAGGCCGGATATGCCGCGGCGCTCGCTTATCTGAAGCCCGGGACGCCTGCCGGCGCGCGCAATGCGCTGCGGGTGACCTGGATTCTCGAAGAGCTGCAGCTGCCGACCGGCGAGGATTTCGACCGGGTCCGTCAGGAAATTCAGCGGAAATACAATTTGCAAAGGAAGCCATAAGATGTCATTGTTCCTGGAGTTGATGAGGGACGGCGGTCCGATCATGTGGGTGATCTTGTTCTGCAGCGTGGTGGCGCTGTTCATCTTTCTGAAGAAGGTGTTTCAGTTTCACCGCGAGGAGATCAACGTCGGCGAGCTGCTGCGCGGCCTGTTCAATGTGCTGCGGCGCGACGGTTTCGTCGAGGCGCTGACGCTTTGCGACCATACGCCCGGCCCGGCGGCCCGGCTGCTGGCCGCCGCGATCCGCGCCTATGAACGCGGCGACGACGACATCCGCAAGGCGGTGGACGATGCGGCGCTGGAAGAGATCCCGAAGCTTGAACGTCATATCAATCTGCTCTCCACCCTCGGCTTCGTGCTGCCGCTGATCGGTTTTCTCGGCACCGTGCTCGGGATGATGAAGGTGTTTCAGGTCGCCCAGACCAACGAGGCGTTTTCTGCG
CP027227.1_gap64	3126490	3131383	4893	TGGAAGATCTGGTCGGGAGACTGCTATTTCGGCCAGACCATCCAGGGGATTTACGAAACGCTGAACGGCTGCGGGCTGAATCTCTCGATCGAACAGTTCAACGACCGGCTGCTGCTTCAGCTGCTTGAGGATGAAGTGACTTCGAGCATCTGGCTCTCCCCGGAGAAGGCGGAGCAGGAGGCGATCCGGATGCTGGCCGATGCGGGGCGGACCGTCACCGCCATCAACCGGCAGATTCATGCGCCGGGCGTGCGCTTCGTCTCCGGCGATCATCAGGCGGACGGCGAAGAGGCCGGGCGTTTCGCGCTTCTTCACCGGGCGAACCGGGTGATTTTCTTCGTCTCCGAGGCGGAAAGCGGTCTCTTTGCGGCCCGCGAGGCCGGCATCGCCCATATTCTCGGCGACGCGATTCCGTTCCGTCGCGTCACACTCTCCCTCACCGGGCGCACCGAAGCGATCCGCCGCGCCGCAAAAGAGTTCGGCGCCGACGGCAACACCGCCGTGGTCCTGAACAGCGGCTCCCTGCTTGAACCGGCCCTGCGGGTTTTTCCGCCGCGGGAGAACCTGCTCCTGTTTGCCGACAACGCCGAACCGCTGCGCTACGGAATCTCGCTGATCGTGCAGCCGGTGGCCGAAATCGGCAGAATCGCCGGAAAAATCGCCGGCGCCGGGGAAACGGCGCTCTCCGGCACGCTGGTCCGGGGCAAACTGCTGACTGCGGAAGGAGTGCGGGCATGACAAAGAGTCCGATGCGCTGCGGCTGGTGCGAAGGCGATCCCCTTTATGAGCGTTACCACGACGAAGAGTGGGGGCGCCCGGTCGACGACGACCACACGATGTTCGAGTTTCTGACCCTCGAATCGGCCCAGGCGGGCCTGAGCTGGATCACCATCCTGCGCCGCCGGGAGAACTACCGGAAAGCGTTCGCCGGATTCGACCCGGCCAAAGTCGCCGCCTTCACCGAAACGGACGTCGAACGCCTCATGCAGGATGCCGGAATCATCCGCAACCGGGCAAAGATCCGCGCCGCCGTCTCGAATGCGCGGCTGTTCCTCGAACTGCAGCAGGAGTTCGGCAGTTTCTGCGCTTATCTGAAGCGTTTCCTCCCCGACGGCAAGCCCGTCGTCAACCATTGGAAAACGCTGAGCGAGGTCCCCGCTTCGACCCCGCTGTCCGACGCGATCAGCAAAGACATGAAGAAACGAGGCTTCAAATTCTTCGGCACCACGATCTGCTATGCCCATCTGCAGGCGGTCGGCTGCGTGAACGACCACCTCGTCGGCTGCATCTGCCGGGCCGGTCAACAATGAAGCCTCACGGCGCGGCGGCTTCCAGCTTCCTGATCTCTTCAGCGGCCCACTCCACTCCGGCCGCCTCGGCCCGGCGGAAACATTCAAGCGCCTTCGCCGCATCCTTCGCCGTTCCGATCCCTTCGGCATAGCAGACTCCGAGCGAACAGACGGCCTGCGGTTCATTCTGCGCCGCAGCTTTCTCCAGGCACCGGAACCCCTCTTCCGCCTGCTCCGGACGACTCAGCAGCAGATTGCCGAGATTGGTCAGGGCCAGCGGATTACTCCGTCGGGAAGCCTGCCGGAAATACCGCTCAGCCCGCGCCCAATCAGGCTCTACGCCGTCGCCGTCCAGATAAATGATCCCCAACTGATTCAGGGCCATATCGACATTTTTTCCGGCTGCGAGATTCAGCAGCCGCAATCCCTCCTTCCGGTCCTGCGGAACGCCGAATCCGTAATAAAAGCAATTGCCCAGTTCGTACAACGCATCCTGAGAACCCGCTTCCGCCGCCTGACGATAGCACTCGACTGCCTTTACCGGGTCGGCCGGAACGCCCCAGCCCCCGGCATGACATCTGCCCAGCATCAGTATCCCGAACCCGTTTCCGGTTTCCGCCGCCTGCCTGATCAATTCAAAACCTTTTTCCGGATCGGCCGGAACACCGAGACCATGCAGATACGCCGCCCCGAGATCGACCTGAGCAGCCGGAAACAATTGCTTCTCCAGCGCTTTCTCCAGCAATTCGACAGCTCTGGCCGGATCATAAGGCACCTCCAGACCGCGGAGATGTGCCATCGCCATACCGTAAGCGGCCATCGCCGTCTGGTCGATGAGCGGCTGCAGAACGGAAACTGCGCGCTTCGGATTATGGGAATCCCCCGGAGCCAGCAGCAGGGCCGCACCGTAAAAAGAGGCGTATTCCGGATCTTCGGCATCCAACGCGGTCGGCCCCAGCAATTCGACGGCACGCCCGTAGTCGCCGAGAACAAATGCCTTCACTCCCTCCCTCTGTTCGACAAGAATACGGAAACGGATGACCTCCTGCGTCAAGAGAGCGATCAGCACGGCTTCTCCGAGCAGAAACACGGTGATTCCGGCCGGGCCGGTCTTCAACTCCATCTTCCGGCATTCCTCCTCCCGTACCGCAATACCGCCTCTCACCTTGAACGGACAAATCTCAAACAACCGGAAGACCCGGAGAGACCGAACCAGAAGCGGAACTGCGGCAAGAAAGCCGCACAACGGAATCAACGCAGCCATTCCGAAAAGGAGGGGACAGGCCGAATGCAGTTTTTTTGCGGCATGAAAGACCGCCAACGCATACAACAGCTGCAACATCCCGCCCGTTCCGAAAAAAACGGGAGATCGTCATGAATCTCCCGTCCGAAAAGCAGGAAGGCTCCGAGCAGCATACCGCTACCCAGCATGCACCCGGCGGCTACGGCAAGTCGAGGCAGTTCCGAACCGTTCAGGGATATCGTTCTTCCGGGCATTTCCTCCCCCTTTCGGTAAAGAAGGCACTGTGACACGAAGCCGCAGTACCTTTCCTGTTCGAATGAATCCGTATCCGGTTATTTGACCGTGTAGACCCACTGGTTCGATTTTTCGCAGAACTTGCGCGATACCGCCGGGCAGTTCACGGCCGCCTTGTCGAGAAGCGCGCCGACTTCGACCGCATCGTCGGGGCAGCCGGCCTTCTCCGCGATTTCAATCGCGGTTCCGGTGATGCCGCCGAGCTCGGCGAGCTTCGCCATGACTTTTTCGCGCAGAGCGAGAACTCCCTTCGCCGCAAGCTTGTAGCTCTGGACGCCGGGCTGGTGGAACGCATTGATGTTGATGAATTCCGCATAGATCGCGACCGCACGCTCGTAGAGCGCGATCAGCATGCCGAGCTCGAGCTCCGACACCTGCGGCACCCGGATCGTGATGATCTGCCGCCCCTTGCCGCGCAGCGCGGCCGACAGCCCTTCGAGGAAGCCGTGCAGGTAGGTCCCCATATCGGTCGAATCGGTGATCGGCAGCTTTTCGGCGTCCTTCAGAACTTCGATGAAAGTCGCGAAGAAATCGTCGCGGCCGTCGTTCAGCTGCTGGATGAACGCGTGCGCGTCGGTGCCGCCCTTGTTGCCGAAGACATTAAGTCCCTGATGCACGACCCGGCCGTCGAGGTCGAGCTCTTTGCCGAGGCTCTCCATGACCAGCTGCTGCATATAGCGCGAGAGCAGGATCAGGCGGTCCGAATACGGCACGATCACCATATTGCGATTGCCTTTGCCCTCACCGGCGATATACCACATCGCGGCGAGCATCATGGCCGGATTCTTCCGCGGGTCGGCGGTGCGGGTCCACTCGTCCATGCGGCAGGCGCCCTCGAGGAATCTGCCGAACTTAACGCCGGTCAGCGCCGCCGGGACATGGCCGACGATGCTGGTTTCGCTCGTGCGTCCGCCGATCGACTCGGCCATCTCGAAAACCGCCAGCCAGTTGCTGCCGCGGGCGTGCCTGTCGAGTTCGCTGCCCTTCATCGTGATCGCGGCGGCATGCTTCGGGAACGAGAGCTTGCGGGCGGCGTAGAGCTCTTCCATCGCGATCATGTTGTTTTTCGTCTCCTGCGTGCCGCCGGACTTGCTGATGACCAGATGCAGCGTCGTCTCGGGGTCCATGACCTCCGAAAGATCCGCGAACTCGGCCGAATCGGTATTGTCGAGGAAGTAGAGCTTCAGATATCCGTTGCGGGCGGCATCGGTCTTTTCGTTCCAGTAAGGACCGTTGATCGCGAACTGCATGAGCTGCGGACCGAGCGCCGAGCCGCCGATGCCGTTTACAACGACCGCCTCGAACTTCCTGCCGGTTTCGCCGGTGATCTTACCGGACCGGACCTGTTCGGCAAACGCTTCGACCGAGGCGAAAAGCTCGCTTTGCGGATACACCTTGCGGTCCGAGAAATGGGTGACCTTGCGTTTCTCGTCCGGATTCTTGATTTCACCGGCTTCGATGCGCCCCATCTCGCGGGCGGCGCGTTCGAATTTCGGCTGAAGGGCATCGAGCTCCGCCGGCGAGAATTTCATGCCGGCGAAGTCGATGGAGAACTGACTCTCCGCGTCGACGAGCGTATATTCGATGTTCCGTTCGATCCAATTGTTCATTTTTTCTGGCCTCATGGGTTAGTGAATGGGTGTTATCCGTGACTCAGATCATCGAGCCGCTGCTTGAGCAGCCGTTTGATGTACTCCTCTCCGTAGAGTGAGCGCATCAGGTCGATGTTGAATTCGTAAAAAAGCTGGGCGTCCGGCCGGGTCACCATCGGCCCTGACGCAAGTTCGATGATGGTCCGCCGCTTGTTCTGATCGTGCTCGTAGGCGGAGAGGTAGCGGATCAGGCTGCGCGGCGAAAGTTCGGTGAATTTCTTCTGGCCGAACTCCTCCGTATAATCCGCAGCGATCTGCGAAATCAGATTGCGGTGATGGTGCCGCACACCGAAGGTCGCAAGAAAATCCTCGACCATCTCGCAGCAGCGGAGCTCATCGAAAACCGGGAAGCTGATCCGCCTGCCGCGCGACAGGATGTTGGCCGGAAACTCGTAGTTGGCCGACAGGACCGGCA
CP027227.1_gap65	3168225	3169906	1681	GCGCGACGGACATCGCCGCGGCGGATCACTTCGATCTTCGCGATGCGGGGGCTGTTGATCGGGAAGACGCGTTCGACGCCTTCGCCGGCCTGAACCCGGCGGACGGTGAAAGTCTCTTCGATTCCCTGGCCGCGACGCGCGATCACGGTCCCCTGGAACTGCTGGATACGCTCGTTGCCGCCTTCGACGATCTTGACCGAAATCTTGATCGTGTCGCCGATGTTGAACTCGTGACGCTCGGGCTTCACTTGCTCGTTACGAATCTTGTCGAGTATGTTCATTTTGAACCTGCCTCCATTGTTTTCAAATAATGTTCCCATAAGTCCGGCCTCCGTTCCCGGGTCAGCCGTTCCGATTGAGCCTGCCGCCAGGCATCCACCCGCCCGTGATCGCCGGAAAGCAGTACCTCCGGCACCATCCGCCCCCGGAATTCCGGAGGCCGCGTGTATTGCGGGTATTCGAGCAGACCCGACGAATGTGATTCGTCGACGCTCGATTCATCGCTGCCGAGCACGCCCGGCAGCAGCCGGACAACCGCGTCGGCCATCACCATCGCCGCGAGATTCCCGCTGGTCAGGACAAAATCCCCCAGCGAATATTCACGGTCGACGGCGAGCTCAATCGCCCGTTCGTCAACGCCCTCGTAGTGGCCGGCGATCATGATCAGATGCTCTTTTTTCGCCAGCTCCCGGGCGGCTTTCTGAGAAAACCGCTCTCCCCTCGGGGACGTCAGGATCACCATACTGCCGGGCTTTCTCAGGTCCTCGACCGCTTTGACCAGCGGTTCGACCTTCATCAGCATGCCCGGCCCGCCGCCGTACGGCTTGTCATCCACCGTGCCGCGCGCATCGTCGGTATAGTTCCGCAAATCGACTGCGTTGATCCGGACCAGCTTCCTGGCCGCGGCCCGCCCGATGATGCTCTCGCCGAGCGGCCCCGGAAAAATTTCCGGGAACAGCGTCACGATATCGATTCGCATGATCCTCTGAATCGGTCAGTCGAGGACTTCGACCGAAACGCGCTTGCGTTGACGGCCGGCCGCGCCGGAGACCAGCGAACGAATCGCCATGATGGTCTTGCCGCGCTTGCCCACGATCTTACCGATATCCTCTTTCCTGCAGCTGATCTGGATCGAGCACCCCTCTTCCGTCTCTTCGGTGCGGATGCTCACGTCGCCGGGGTTGTCAACCAGCGCGCAAACCACGTAGCTGACGAACCCCTCCAAATCATGCAGACTTCCGCCGGAAGCCTGGCTTCCGGTCTTTCCGTTCCCGGTCTCCGCGCTTTTCGCGGCGGACCCGTTCCCGGTCAGAAAGTTCAATAATGCCTTAAGCATTGATCTGTTTCCTTCTCATTTGCGGTCCGGAAAGTATCTTCCCGTTCACCGATTCGTGCCGGGACTTCCCGTACCCGACTGTCAGGCCTCCGCGGGAGCGGCTTCCTCCGCCGGAGCTTCGGCAGCCGCCTTCGCGGCAGCTTCCGCCTCGGCCTTCGCGGCCGCTTCGGCTTCGAGTTTCGCCTTCGCCTTCTTCGAAATCGACGGCTTCTTGACGATGTCCTTCAAATTGCGGCCCTCTTTCGCGCGGTTCAGGATCGCTTCGACGGTGTCGCTGAACTCCGCGCCGACGCCCTTCCAGTAATTCGCGCGCTCGACGTTGATCTTTTCCTCTTTCTTGCGCGG
CP027227.1_gap66	3256876	3260502	3626	TCGTCGCCGACCGGCTTGCCGAAGAGCCGCGCTTCCCCTTCCGTGGCCGGGATCAGGCCGGTCAGCATCCGCATGGTGGTGGTTTTGCCGCAGCCGTTGGAACCGAGAAAGCCGAAGATCTCGCCGCGGCGGATGCGGAAGCTGACATGATCCACCGCCGTGAACGATCCGAACCGTTTGGTCAGGCCGCGCGCCTCGATGGCGATATCGTTCTCACCGCCCTGCGGAAGCGGCGGTACGACGAGTTCCCTGTGGGCCGCCCGTTTGGTTTCGGGCAGGAGTCCGATGAAGGCTGCATCGAGATTGTCGCTCCCGGTCTTTTCGAGCAGCTCCTTCGGAGAACCGGTATCGAGGATCCTGCCGTCGTCCATGGCGATCAGCCAGTCGAACCGCTGCGCTTCGTCCATATAGGCAGTGGCGACGATGACGCCCATCTCCGGCTGCTCCGCCCGGACGCTGTCGATCAGATCCCAGAACTGGCGGCGCGCCAGCGGGTCGACACCGGTCGTCGGCTCGTCGAGCACCAGCAGATCTGGATCGTGGATCAGGGCGCAGCAGAGTCCGAGCTTCTGTTTCATGCCGCCGGAGAGTTTTCCGGCCGGCCGGTCCAGAAAGGCGTGGAGCCCGGTGCTCCGGGTGAGCCGGTCGATCCGGCGGCGGCGCTCGGCGGCGCCGTGACCGAAAAGGCGGGCGAAAAATTGCAGGTTCTCCTCCACCGTCAGGGTGAAATAGAGGTTTTTCCCGAGTCCCTGCGGCATATAGGCGATACGGGGGCAGACTCGTTTGCGGTGCGTCCGGCTGCGCATGTCGCCGCCGAGCACATACAGTTCCCCCGCCTGCATGGCGTGCGCGCCGGTGACCAGCGACAGCAGGCTCGATTTGCCGACGCCGTCCGGCCCGATCAGGCCGACCATCAGGCCGGGGGGAATCTCCGCCGTCACCCGGTTCAGAGCCGGTGTCTTCCCGTAATGCAGACTCACGTCCGTGATCCGGACGACCGGCTCCCCGGACCGAAGCGGCTCCGGGGGGCGTGCGCTCATAACTCCCTCTTCTTCAACTGCAGGGCCTCGGGCCATTCCGCCGCGGGATCGAGTTTGACCCAGGTTACGCCGGGAATTCCGGTCTTGACCAGTTTGATGTATTTCCGGAGCAGGGCCGGATCGATGCGCGCCTTTACGCGGAACATCAGCTTCTGCCGCTCGCTCCGGGTCTCCACCGTTTTCGGGGTGAACTGCGCGACGCTGGCCACATAGGAGACCTCGGCCGGGATGGGAATATCCGGGATGGCGTCGAACACCAGCCGGACGTCCGCTCCGAGAGAGACCTTGCCCGCAACCTCCTCCGGCAGGAAAAAGGTCATATATACATCGGTCAGGTCCACCAGGTTCAGCACCCGGCCGCCGGCGGAAAGCACTTCGCCGGGCTGGGCGATGCGGTATTGGATGCGCCCTTCGCGGGGCGCCGTAAGAAGGCTGTCGTCGATGTCGGCCTGAATGCGGGCGATATCGGCATCGGCGGCTTCGATGGCGGCAGCCGCGCCGGCCGCCTCCGCTTTGGCCACTTCGATGGCGGCGTCGGCCTGCTTCAGGCTGGCCTGCGCCGCCGCCAGCTCCGCCTCCGCTGCGAAAAAGGCGGTCTCGGCATCTTCATACTGCTGTTTTGAGGTCGCGTCGGCCTGATCCAGCAGCTTCAGCCGCTCATAGCGTTTCCGGGCGCCGTCGAGGCCGCTCTTCTTCTGGAGGACGACGGCTTTGGCCGCCTCCTTTTCGCTGAGGCGGACTTCGATGGTCGCCCTGGCGCTGGCTTCGGCGGTCACCGCCCGGCTGTGCTGGGCTTGGGCCTGCGCGAGTTGCGCCTCAAGCACGTTGGTCTGCATCCGCGCCAGCGGCTGCCCCCGGGTGACGAAGTCGCCCTCGTTGACCATGACCTCCTCGATCCGCCCGGCAAGCTTGGTCGCAATGCTGACCTCGGTGGCTTCCAGCCGGCCGTTGCCGGAAACCAGCCGGCCGTTGCCGTTCTTCCCGGCGTCACTGTACTTTTTATAAAAGAAATACCCTGCCGCGGCCACCGCCGCGATCACCAGCAGCAAAATGATTTTCTTCACCGATCCGCCATCCCCGCCTTGAGTTCCGGAGCCGGTTATTGAAGTGCCGCTCCGCTTTTTGATTTCGTCAATTTGAATACTCTATCACGGAATTGCGCCGGTTTCAAGTCCGGAAAAAAGAATCTGCAACGGCTTCCGGTTTCCCCCTGCCGGAGTCCGTCAGCGGCTTCGTTCCGGTTCGGAGAAATATATCTGGAGTCCGGAGACGCGCAGCGCCGCCCGGCCGGAGGTCACCGCTTCACCCGGTGTGCGGGGCACGGTGATTTTCGCCGCTTCGTTCCCGTCCATCGTGCGGAGAGTGCCGGTGACGGCCGTCCTGGATACGGCGATGCTCATCCGGTAGTCCGTGCCGTACTCCCAGCGGAAGTCGGAGCGGTGTTCGCCGGGGGCGATCCCGTCGGCGGCTCCCCAGCGGCCGTCCTTCTGCTGTTTCAATTCGAGGAATCGGCGGCCGCCGCTTGCCGCCGGGGCTTCGCAGAAGGAGAAAAGGAAGTAATTCCGTTCGTCGCGGCAGACGGCGACGCCGCCGTTTTTCCAGACTTTCTCCGGAGCGCGGCTCCTGACCGGACGCACCTTGCATTCAAACGTGAATTCCCCCTCCAGCGCAAACTCGGGCAGCTCGTGCGTCGCCGCCCATTTTTCCGCACTTCCCGGCGAAATGACTCCGGCGGGAATCTCCTGCGTCGAACCGGGAACCAGATGAACCGTGCTGATGAGCCGCCCGTCCGCAGGCACGGCCTGTTCGTAGGCGACGATGCGCCGCCCCCGGTTCGGAGTGTCCCACTCCGCCTCGAGCTCCTTTGTCTCCGTGATCTTCCACGTCCCCGGAACCGGAGAATCGACCGACAGCCGGAGTTGTTTGCCGTTTTCGGTCAGGAGGAGCTCCGACTGTTCGACGGTTGCGGCGGCTCCGGTCAGCATCTGCCGGCGGAGCACGGAGCCCGGCCGGACTCCGGCGACCCGGTCCGTGATGTCGACGCTGCGGTCCGGATTCAGCCGGAAGGAGCGGGTCACCCGGTCGGCCCGGCCTTCGTAGAGGTCCGAAAGCTCGACGACGACGGAGTTCTCCGTGCATTCCAGGATATGCGCTTTGTGCTTTGCCGCCTGGAGCTGTCCGTCGATCAGCAGGATGTTGTGGCTGAAGGGGCCGATGCAGAAAATTTTCCAGCGGTCGGAGTCCTGCTCCGTGTTCCACAGCTTCATGCCGCGCGACAGGAAATTGTCGTAATTGTTCCAGCCGATCTCCTGCGCCCAGCGCACGCCGTCCGCCTCATAGACGAACGAACCTGCGTCCATATGGCCGTGCGGCCAGCTCGGGCTGCCGGCCTTGACGCCGAGATAACCGGCTTCCGGCTCCCAGCCGGTGCGGAGCATTGCGACCGGCACGGCTGCCTCGTTTCCGCTGAAGTATGTCCTGGGCGCTTCTCTGACGGGCCGGCGGTAATCGCGGAAGAAGATCATGGCCAGCGGCAGCATCCGGTTGCCCTCCTTGCTGACATCCTCCCGGCGGTACGCGCCGGCG
CP027227.1_gap67	3263980	3266998	3018	GCGTCCATATCGACGCCGATGCTTTTCGCGTAGAAGATCGTATAGGCGTTGAAAGGAATGTTGGCCAGCCCGCAGGTGACATAGGCCAGGATCACCCAGCGGTAGAAGGGGTGCCCGAAACATTCGACGAAATAGTTCTTCGCGGCGGCGGAGAAGCCGCCCGCCTTTTCCTCTTCCGGCTCGACCGGCGGATATGTTCCCTCTTTGACCTTCAGGCAGACGGTCACGAATCCCGCGGCATAGATGACGGCCAGACCCAGGAAAATCAGGAAGAAGTTCTGCTCGGCGATTCCGAACAGGAAATAGTTGAAGAGGATTCCGGCAATCAGGCTCACGCCGCGGAACAGCCCGAAGAAGCGCCCGAGGAAATTGCGCGGCACCACGTCGTTGACCAAAGCGACGAAAATGCCGTTGGCCAGCGTCGTCCCGAAATCCAGCATGAACCAGAAGATGCAGAAAACGGTCAGCGCCGCCGCCAGCACGGCGTTATCGAAACCGACGACCGATATATTCTCCGGGACACTGACTCCGTGCCCGATAAAATACCGGATGGCATTGAAGGTCAGAAAATCGCTCAGGGCGAAAAACGCCGTCACCTCGGCGCGCTCCTCCTGCAGAGCCGCAACGGCAGCCTGCCCCCCGTTTTTGCTTCAGACGTTGTCCCTGAGTAACCTGATCCGCTCAGGATCGCCGCCCAGCTCTCCGATCCGGGGAGAGAACGCTATATAAAGAAGCCTCCCCCCATAGCGGAGGGAGGCTGTCTTGAATGCTTGTCTTACTGACGGCAGGGCTACCGCCGGACCAGCTCATCGGTGATATCCATGCCAGTATGACTCGGCACTTTATAACGTCTACAAAATTTATTCTACATTTATCCCTGACGTTAAAGTTATGATTAGAGTATAGTTTTCTTGCTCTTCCAGATCACCTAATCTGGCTGAATAACCGTAATTGCTGTGCAAAATAAAGTTTGGATATATCGATGTGCAGTCGGATGTGGAAAGTGTTTGATGCATTCTTCCGTAAGAGTTTTCATCCTGATTTTCTTCTAAATAATTCAAATCATTGAACAGCTCATAAGAAATACCGTTAAGGGCGGCCCCCATGCATAATCCGAAGCCGGTATGAATAACCTGAAGGTCTCCTTGGGGGTGCCCGGGATCAATTGTGGCATTGGGTACTGCACCATCCATGATTCTCCACTTGGCTCCATCACCATTGTCTTCGGTCAATCCAAACTTCAAAAAAGCCCGGTCCGTAATGATTCCCTCTCGTAAATAAACCGTGTCATTTCGATGTAAATTACCTTTTAGCTCCCACACGCCCAAAAAATCAATGAGCACAGTCTGGGTCGCAATGGAACCATCTGTAAAAGTGGCTGGCCCCTCAATACGAAAGATCGGTTGTCCAACGATTTCGATCAGTTTACCCAAAATCGCTTCTCTAAGCGAACCATCTCTGATGGATGAATTATATTCTATGCCGATGTCAAAGAAATCCGGTTGCTGGATTTCAATTGTCCCTGGAGGATTCGAAGAGGAAGATGAGGCTATCATGTCGTTCCCCGATACATCTGCAATGAGGTTCATCGACAGCAAAAGTGCCATTGCAAGCATCATTGCAGGAGCGATTGTGTGCAAAGCTGATTTCATAATCTTCTCCATCGCCATTTGGTACCTCCGGTTTTGTAATTGCCGAAAACATGTTTGCATACCTTACAGGTTCAGATTATTTAAAAATAGACCCTCCTTTCATGTTGACATTCATCTCTCTCAATACTAAACTAGCTCAACCCGCCACTTAATACAAACACATTATTAACTATTTCATGTTTAAAACATAATAAGAAAACCTCTCTCCATAGCGGAGGGAAGCTGTCTTGAATGTTGTTTTACTGACGGCTGGCGGTCGGAGACGCCTCCCGCGCCTACCGCGAACTGGACCGTTCGCTGCGGACCATCGTCCACGTCCGGCCCGGAATCTTCGTGATCCGCGATGAGAATTCGGCTCCTGAACCGCATACCTTCGAATACAATATGCACGCGGTCCGGCCCGGTTCGGTCGACGCCGGAAATCAGGCCGTCACCATCCGGATGGACAAGGCGTTCCTGAAGGTGCTGTTCTTCGCCGACGTTCCCTGGAAATTCCGTTCGTTCGACAAATTCCCGGTGCCGATCAACAATGCGCGCGGACATAAGGATGTGGAGAAGCTCTGGCCCGAGCAGTGGCACTGCGTCGCCTCCGCTCCCGCCGCGGCGAAGAGCATGGACCTGATTTCAGTCCTGCTGCCCGGGCGGACCGGCGAAGAGGCGAAGCAGCCGAAGGTCGAAAAACTTGACGGCGCCACTGCGCACGGCGTGAAAATCACTCATCCCGACGGCTCCGGCGCCATCGTCGGCTTCTCGAAGGTTGACGGCGAAAGCGAGCTGGCGGGCCTGCGGAGCACAAAGCGCGTCTTCGCGGCAAAATTCGACGCCGGCGGCAAAACCGTCGCGTCGCTCGGCCTGGAGCAGGAGCGATGAAGCATTTCCTCTGGGGAACCGCCACTGCCGCCTATCAGATCGAAGGCGGCGTCAGCGAGGGCGGCAGGGGGTGGTCCGTCTGGGACGCTTTCTGCCGGATTCCGGGCCGCGTGAAGGGAATGGCCGACGGCGACATCGGCTGCGACAGCTTTCACCGCTTTGCCGAAGATGTGAAGATGATGAAGCTTCTCGGCGTCAACGCCTACCGTTTTTCCATCAGCTGGCCGCGCATTCAGCCGACCGGACGCGGGGAGGCGAATCCGGCCGGAATCGCTTACTACGACCGGCTGATCGACCTTCTGCTGGAAAACGGCATCACGCCCTTCGTCACGCTTTATCACTGGGATCTGCCGCTCGATCTGCAAATGGCGCACGACGGCTGGCTGAATCCTGAAATCGTCCGCGACTTCTCCCGCTACGCGAAGATCTGTTTCGACGCCTTCGGGGACCGCGTGAAGCATTGGATCACCTTCAACGAGCCCTGGTGCGTTGCGCG
CP027227.1_gap68	3418040	3418589	549	GAGGAGTTGCCGTTTCTGCAGGGAACTCTGCTTGACGTCGGAGATGTTCGGCTGGTGATCCGGCTGGAGGAGTACTTTGTCCGCCGTTTTCACGGACAGCGGGATCAGGATCACTTCCGGCTGATGTTTCTCGATGCGGCGGGCGAGCATGAGATCGACAATCTCGACTTCATTGTTCCTCGGGAAACACTCTCTTTCGACGCGGCGGGCAATCTGCTGGTTCCGGTATCGGAACCGGTCGCCCGCCACTGGCGCTACCAGCTGCGGGTGCCCCGTCCCGGCGACCGGGTCGTGCTGGGAATGCGCCATGAAGGCGGCATGCTGCTGGTCGACGGCTGCGAAACCATGTGCTTCGAGGCGGTCACGGTCTACGCTTCGCCCTGCTTCGCGTTTTACGAGAGCGGCCACGGCGGGGGCGGCAACTCTTACCGCCGCTGCCGGCTGATCCGCCGTCCGGGGACGGACCGGCTGCTGGCCTCCGCCGCCGACTGTTTCCACTCGATGAACCAGCGGCGCGGACCGCTGATCGAGCAGTGCGAATTTTCCTGG
CP027227.1_gap69	3454989	3459851	4862	GATGAGCGACGCGCATTCGCTGGCGCTCGAAAACAAATACCAGTTTCTGCTGTTCGGCATCGACCATGCGGAGATCGTCGCGGAGCAGGAGTGCCTTGAGCATCTGCTGACCCGGCGGCTGCACGCACTGGTCATCGATCCCCACCCCGGAAATCCGAAGATGCGCGAAACCCTCGACCGGTTTGTCGCGCAGGGGACGCGTGTCGTGCTGCTGAACGGTTCGGAGGAGCTCCGGCGGCGCTATCCGACTTACAGCTTCAATTATCACCGGGCCGGATATATGGCGCTGGTTCAGCTCATGCGGCAGAATGTGAGGAAGGTGATCCACATCGCTCCCTACAATTCCATTGCCTGGCAGCACGAGGAGTTCCGGCAGGGGGTGGACGAGGCCAGCGCGGATTTTTCGTTTCCGGTGGAACGCATGTTCGGGAAGATGATGCTTGACGTGAGGAGTTTCAGATGGAGCTGGCAGCCGCAGGAATTCCAGCTGCCGCTGGAGGATGGCTGCGGTTACATCGACGACAACGACCCCTTCGAGGCCAGCTACGTGCAGACCCGGCTGCAGGAGGCGGGGTTCCGGAGTTCACCGGTGATTTCGGTCTATCACACCTCCGGTCCCTCCGCCTGCGCGACGCTCTGTTTCAATATGAATGAACGTATGAAATGGGTCGTGAACGAACTGATTCACAATGCCGGAAATTTGCCGCATGAGCACCGGTTCAACCCGGTTCTGACCCCGCCGTCGGAGTCGCCGGAGCCGTACCGGGTGCTGTGGGGCTGACGGTCGCGGGTTCGCCGGGTTTGAGATCGAATTCCGTGCCGTCCTTCCGCCGGATTCTGAGCCGGGAGGCGGACGAGAGCGTACAGCCGTCCCCCGGCCGTCCGGAGACGGTCAGCAGCCGGCCGCCGCCGACCGGCAGCACGGCCGTGAACGGAGGAGCCCCCGCCGCCGGCTCCACGCCGACGACCGCATAGCCCGGTTCCGCCGGATACACGCCCGCATAGTGCCGCAGCAGATGGTAAAGCGGCCCCGCGCTCCAGGCGTGGCAGTCGCTCCGGGTATCGGCAGACGGGCATTCCGGAAAGGTCGTGAAGCCGAGCTCGAGCATCGGCTCCCACTGCTTCAGCACCGTTTCGAAGCCGGCATCGTTGCCGGTTCTGTGCATCGCTTCGAGCAGGTAGAAGGCGAAGTAGAGCGTGCAGCCGGTCAGGCCGGGGTCCTCCGTCAGCGCGGCGGAAAGCTCCGTTCTCAGGCCGCTGTCCGCGGCGCCGGCGAGAATCGCCCAGGCGTTGACGTGACAGCTGAAGTACGCCTTTCCCGGCACGTCGGTGTAGCGGCGGCGCTCCTGGTCGAAGCAGTGCCGGTTGACCGCGGCGAGAACGCTTTGCCGCTCCGCTTCCCAGTCGTGTCCGGGGATGATCCCGGCTGCCCGGAAAAGCCGCCCGGCCACCCGGCACGCTTCGGCGTAGAGCAGATTCAGCAGCGTTTCCGGGAGCTCTTCGCCGCGGGAGCTGCGCCCGTCCGGCCACCCCGCGGCCCAGTCGCTGAAGTTCCAGCCCGGCACCGGCCCGATCAGGCCGGTGCCGCCGTCGCGGTGCGCGGAGAAATATTCGAGCACGTCGCGGATGCCGTTCCGGTGTTCGGCAATGACGGATTGGTCGCCGGTGTAGTCGTAACAGTCCCCGGCCATCATGATCCAGTAGAGGCTGAAACCCGGGATGACCTGCCGGAAATTCGACGGGTAGCGCGAGGCGGTCAGGCCGCCGCCGAGCCGCGATTCGTCGAATTGCCGGACCGCCTGCCTGCCGAGCCGCGCGTCGCCGGTCGCAAGATAGGAGATCAGCGCCTGAATGCGCGTGTCGCCCGCGTACTGCAGCTGCTCCCAGTACGGGCAATCCTCGTAGTGCTCATGGGCGCAGCAGCGCGCCGTGTGCCAGGCCGTTTCGAAGATTCGTTCGAGAACGGGGCGTTCCGGGCTTCTCCAGACAGCTTTGCGGTCGAACGGGTAGGCGACGAATTCGAACGACAGCCGTTCGATCGCAAGCGGGGCATCGAGTTCGAAGGCGAGCTCGACGAAGCGGCCGGAACGGTACCAGAAGCTGTCGAAGGCTCCGTCGGCGCCGTTCAGCTTCAGCAGGTCGGAAAATCCGTACTCCCCGACGCGGCCGCCGGGGACCGGGCCGCGCTCCGTGCGGACGCCGTTGCGGAAAAGCGCTTCCGCATAGCCGATCCGGCAGACGCCTTTTCCGCCGGAGAAACGCAGATGGACGAGGCTGGTGCGGTAGCGCCCGAGGTCGAGCAGGATTGTGTGCTTTCCGGCCGGGATGCGCCCCGTCGCTCCCCCGGAACCGTCCGGCGCGAGAAATTCGTTTCCGGCGAGGATGCTTCGCACCGCGACCGGTTCCTGCCGCATCGGCGGAGTCGTTCCGGGAACCAGGCGCCAGCGGGTCGGCGGATCGGTTTTGCAGCGGTCGGCGAAATACGGTTCCCCGACATGCCTGACGGCGGGCCAGTCCGAATCGTCGAATTCCGGCAGCTTCCAGCCCGTGAGCGCCGGGTCGGGCTCGTACTCCTCCATCGGCGGAGCCGGAATGCCGCCCCGGCCGTTCCAGCTGTCGCGCCATTTGCGGTGACGGCGCGAAGCGTCCCGGCGGCAGCGCCAGCTTCCGGGTGTCGCAAACGCCGCGTCGCCGGAGAGGATGAGAAAGCCGCCGCCGGTGTGGATTTCACTCCACGGTCCCTCTTCTTCCCGGAAGCCGCACGGGTAGACGATCACCTCGGCGGCGAGGACGTGACTGCCGGGCGGGAGCTCCAGCGTACAGGATTCGTAACGGTAGTGTTCGAGGTCGCCGCGCGCCGGGCCGCGGCCGACGAAGACTCCGTCGAGGAACAGATTGCAGCGGTTGTCGGCGCTGAACAGGAGCCGGACGGTCCGCTGCCGGGCGGTTCGGAAGGCGAGGCGGAAGAGTGTGAACTCCGGCGCGCCGGACGGATAGTCCGGGTGCCAGCACCAGCTGCCCGGCAGAGTCTCCGGGGCGAGGGGAATTTGCGGTTCTTCCATCGTTTTCCTTCCCAGGCGGTTACCAGACTTCGGCCATGAACGATTCGACGAATGCGGCACTTTCGTCCGGGCTGCGCGTCAGCGACAGGCACCAGTGCGGTGCGCCGTGCGGCTCCGTCCAGCGGTGGGAGCAGCCGGCCGGGTCGAACACGATCCGGCCGGGCTCGCTGCGCGCGGCGAAACCGCTGCGCTCAAGCACGTCCGCCGCGGCGAGCACCGCCAGCTGATCCCAGCTTGAGCGGCGGAAGCCGGGTGTTCCGCCGCCGAATTTCCGGTAGGCCAGCAGTTCGAGGTTGTCCGCCGCGACCCGGCGGGCCAGCTCCGCTCCGGTCAGCACGTCGCCGCCGATCGGGGAAACCAGGATCGGGGTCGGCCATTCGGCGGTTACGAATGCGGCGGCCTCCGGCGCCATCTCCCAGTTGAATCCGGGACGCCCCTCCGGCCGGACGCCGTTGGCCATCGAGACCAGGAGCTTGACCTTGCGGGCGACAAGTTCGCGTCCGCCCGGCTGCCGCAGCAGCTCGGCCAGAAGCGTCAGGAGCCCGATCGCGCAGATCGTCACGCTGCCGTCCTCCGCCTGTTCAAGCAGCCTGCGGTAGAGGGCGACGCCCTCTTCGGGCCGGAACCGGTCCGGCAGCGCCTCCGGGACGGCTTCGGCCATGGCGCGGTGGTAAAGCCGGTCGGGCATCCGCTCCCTGTGCTGCCGGTAGCGCCCGCTGTCCGGGTAGTCGAAGTTGCAGCCGACCGGAATGTCGGGCCGGCCGAGCTGGAGGTTCAGCGCCCGGACCCCCGCCGCCGGCCAGGGGGAGTGAACGCTGGCGATGACGCCGGCGATTGCCGCGTTTCCGCGCCGGGCAAGCGCGTGCAGCACGCAAAGCGCGCCCGCGTCATCGCAGTCGGTTTCAAAATCAGTGTCGAGAATGATCGTTTCCATAAGATATCCATCCGTAATTCCGGTTTGCCGGTTTTCCTGTTAGTATAACACCGGCCGCCGCCGGAAGCAAGCGGTCGTGGAAGGAGTTTTGGCGGATCGTCCGGACTTCCCGGCTTGCAAAACGGTTCCCCGGCGGCTATTTTAGAACGAATCATCCGATCAGCAAAGTTTTCCGCGCTTGACGGCAGGGGGGATACGGAAGGCGGCCGGGCATTCCGGCCGCAGTTCGGCAAATCCGGCTCAACTTGGCGGAAAAGGAGGAACATGTGACAGGTGAAACCGCCGGATACGAAGCGCTCGTCTGCGAGCTGGTCGCCGCCATTCCGCGCGGCTGCGTCGCCACCTATGGGCAGATCGCGTTTTTGACCGGCCACCCGCGCCGTTCGCGCATGGTCGGCCGGGCCGTCTCCCGCGTTCCGGCCGACCGGAGACTGCCGTGCCACCGGGTCGTGAACCATGCCGGGCGCACCGCTCCGGGCTGGCCGGAGCAGCGCGCGTTGCTCGAGCGCGAAGGCGTCCGTTTCAAGCCGAACGGCTGTGTCGACCTCGACCGCCATCTGTGGGCCGCGTTTCCGCTGCCGGAGTGACCGGAGGCGCGGAAAACGGCCCTTCCGCCTGCGTTCACGCTTCGCTCACCGGGTCGAGCCGCTTTTCGATCTGCTCGAGCGACAGCCCCTTCGTCTCCGGCATCATGGTTTTCGCCCAGATCAGCTGCAGGATCATCATCGCGCAGAAAAAGGCGAACATGTAGCCCGCGTCGAACGCCTTGATCGCGATCGGGAAGACCAGCGTCAGCAGCGCCGCGAAAATCCAGTGCGTGAAGCTGCCGAGCGCCTGTCCGGCCGCGCGCTGGTCGTTCGGGAAGA
CP027227.1_gap70	3467001	3467508	507	AGCGTTACGAACAGATCCCGCGCCGATACGCCGATCCTCATGTTGTCGAGCAGATACGAAAACGCCTCCGCCTTGACGACTGCGCGGGAACCGTCCTTTTTCCGTCCGGCGAGCCGGAGCAGTCCGGCCTTGAGCTCTTCGACGGAAAGTCCGGTCTCCGGAATTCCCGGATTCCGGAATTCGGCCTCCAGTTCCGCTTTGTCCCGGTTGAAAACCAGCATGATATGCACCTCCTGATGTTTCCCGAAAAGTTCCCCCCCTTCCTCCTTCGCCGAGGCTGCGGAGGACAAGTCGGACTTGTCATCCACAGCGCCTGCGCGGCGGATGATACTTTTCGGGGGCCCCGCTCTCTGAAGAGACCATGCCCGACACTGCGTGTCGTGCTCGTCTCAAGAGACCATGCCCGACACTGCGTGTCGTGCTCGTCTCAAGAGACCATGCCCGACACTGCGTGTCGTGCTCGTCTCAAGAGACCATGCCCGACACTGCGTGTCGTGCTCGTCTCAA
CP027227.1_gap71	3487954	3492782	4828	TGCGAATCCGAACTGCACGACGGCGATCATGCTCGTCGCGGTCGCTCCGCTGCACCGTGCGAAGGGGCTCAGGCGCATCGTCGCGGCGACCTATCAGGCCGCCAGCGGCGCCGGCGCGAAAGGGATGCACGAGCTGATCGTGCAGGCCCGCGAGGTGCTCGACGGCAAGGCGGTCAATCCGGTTGCGTTCGCGCACCAGATCGCGTTCAACCTGATTCCGCACATCGATGCGTTCAAGGAGAACGGCTACACGAAGGAAGAGCTGAAGATGCTGAACGAGTCGCGCAAGATGCTGCACCTGCCGGAACTGCTGGTCTCCTGCACCTGCGTGCGGATTCCGGTGCTGCGCGCGCATTCCGAGGCGCTGAACCTTGAGTTCGAGAACGACATTACGCCGGAAGAGGCGCGCGCGATCATCGAGGCGGCTCCGGGCGTGCAGCTCGTGGACGACCCGGCCGACAAGCGCTATCCGATGCCGCTTGACGCGACCGAGAAGTACGATGTCCTCTGCGGACGCATCCGGCAGGACATCTCGCGCAACGACAAGCGCGGCCTCGACATTTTCGTGTCGGGTGATCAGGTGTTGAAGGGCGCCGCGCTGAACGCGGTCCAGATCGCCGAACTTCTGTAATAAGAAGCAGAGACGGAAACGGCGGAGGGCGCAGAGACGCTTTCCGCCGTTTTTTCGTATTCCGGCAGCGGGAGAATATATGAAAACACCCGTGAAACAGAAGTCTCACGGGTGTTCTGACGCTGCTGTCTGCCGGTCGAAACGTTATTTCTTCTTGGCCGCGGCGTTGATTGCGGCGCGAACCTTCTCTTTGCAACGTTCGATGTAGGCTTTCCGTCTGCGGCGTTTCTGGATCTTGTTAAGCTGCTGTCCCATTTCAACTCCTGAATAATAAAGGGTTTCACTGCATTACGTCCTGCTAAATATAGTGCCTCAAGTGCAAAATTCAAATAAATCTTGCGTTTTTCATTTCATTTTCCCGGAAAATGGTCTATTTTATAGGGTAAACCGAAGTTGTACTGCGATCCTTTCGATGAAGGAGGAAGAAAGATATGAGCAAGTTTCCGGGGATTCTGTTTGCCGTGCTTCTGTTCGCGGCCTCGGTGCTGTACGGAGCGGTGACGCCGGAACAGCTGAAGGCGCAGTCCGCGCCGGTCACGGCGGAGAAGTATCCGAATGCGGACAGTGTGCTTCTGTTCGACTTTCAGAGCTCCGTCTACCAGGCGGACGGGACCGCGGTGGAGACGGACGACTTCTACCAGAAGGTGCTGACCGAAACCGGGCGGCGCGACATGCGCGAGCTGACCTTCCGGTTCAATACGACTTACGAGGCGCTCGAGGTTCCTGTGCTCGAGGTGATCAAGCCGGACGGCAAGGTCGTGAAGATCGACGTCAGGGCCAACGGCCGCGTCGCGGTCGAGCCCTCCCAGATGGGGGCGAACATCTACGATCCGGCCAACAAGCTGCTGGCGGTGACGGTCCCGGAGCTGGAAATCGGCGACATCATCCATGTCGTTTCGAAGGAGACGGTCAGGAAACCGCGGATTCCGGGCGTCTGGAGCAACATCTACGTTCTGCAGGCCGATGTGCCGTTCCTGCATTACGAAGTGAAGATCGACGGTCCCGAGTCGCATCCGCTGCAGGCGATCCGGCTCAAGGACGAGGTGAAGGGAAGCGTTAAATTCGCCGAAACGAAAAAGGACGGGCGCATCCTTTACACCTGGACGGCCGAAAACGTTCCGCAGGTCGTCCCCGAGCCGGACATGCCGCCGCTCTACATGTGCGTGCAGCGGCTGCTGGTCAGCACGGCGAAAGACTGGCCCGAAATCTCGCAGTGGTACTACGGCGTCTGCCGCCCGCGGCTCGACGCGGTCACGCCGGAGATCAGAGCGAAGGTCGAGGAGCTGACGAAGGACGCCAAGACCCCCGATGCAAAGATCATGGCCCTCTTCCAGTTCGTTTCGCAGCAGATCCGCTACATGGGCATCACCGCCGAAACCGAGGCGCCCGGCTATGAGCCGCACGATGTGTCGCTGACCTTCAACCAGCGTTACGGCGTCTGCCGCGACAAGGCGGCGCTGCTGGTCTCGATGCTCGAACTGGCAGGGCTCAAGGCGTACCCGGTGCTCTTCATGGCCGGATATCCGAAGGACGACGAGGTTCCGAACAACTATTTCAACCATGCGATCGTCGCGGTCGAGGATACGCCGGGGCATTATATCCTGATGGACCCGACTTACGAGACCACCGCCGAGCTGCTGCCGTCGACCATGGCCAACATGAGCTATCTCGTGGCCAGGCCGCAGGGGGATGTCCTGCGCCGTTCGCCTCTGGTGCCGACCGCGAACAACCTGCTCCGGATCAAAACCGAGGCGGCCATCGCGCCGGACGGGACGCTGCAGGGACGCAGCGTGATTGATTTCCTCGGCGTCAACGACCAGATTTACCGCGATGCGTTTTCGCGCTGGCCGCTCGACTACCGCCGCCAGTTCTTCGCTGGCCGCCTGAAGCGGGCGATGGCGGGCGCCGAGCTTGAGACGCTGAAGATTTTCCCCGAAAACGTCCGCGACATGAGCCGGCCCCTCGCAGTGGAGATGACCTATCGGGTCGATGACTGCCTGCCGTCCGGCACGCCGGCGTATCTGCTTGAACTGCCGTGCTTCGGCACCGAATTCGGTGCGGCGAACTTCGTGCTCGGCTCGGTCGGGCTCAGGGTGCGCAGGTTTCCGATGCAGCTGTTTTCAACCTGCGGCGTGTCGGAACAGTTCAAGCTGACGCTGCCCCCGACCTGCCGGATTCTCTCGCTGCCGCCGAAGGTCACGATCAATGCGCCCGGCATCATGAACTTCAACCGTGTGCTGAAGAGCGAAGGCTCCTCGCTGGTCGGCGACAACTACTTTTCGATCGACACGGTCGAGCTTTCGCCGGACGGATACGGCGAGCTGAAGAAGGCTCTGGCGGAGATCGACGCCGTCGAACGGCAGCTGCCGGTGGCCGGTCCGGATTACGGCGGCGCGGCCGAAACGAAGGTCGCCGAAGCGTTTCCGGCGGCCGATTCGATTCTTCTCGACGCATCGGTGGAGGTCAGGCTCAAGGACGCATCGACCTGGACCCGGACCGACCGGAGCGTGCGCAAAATCCTGAATTATGCCGGCGTCAAAGATTATTCGGAGCTCAAAATCGCCTACAATCCGGTCTGGGAAAGCGTCGAAGTCAAGGCCACGGTGACCGCTCCGGACGGGACGGAGAAGGAGCTTTCCCCGGCCGAGATCAACGTCATGGACGCAGCCTGGGTTGCGGCCGCGCCGCGTTATCCGGCCGGCAAGCTGCTGGTGGCGAGCTTTCCCGGTGTGGTTCCGGGCTCGGTCGTTGACTCGACGGTGACGCGGAGCTGCAAAAACCAGTCTTTCTTCTCTCTGGCTGTGGTTTTCGCGGGAGATTTCCCGATTGTCGAAAAGAGCTTTTCGGTCGAATATCCGAAGGGGATGAGCTTCAAGTACTCGGCGACGCCGGACGGCGTGATCTTCCGCGAAGTGCTCGACAGCGACCGCGTCCGTTACTCCTGGAGTGCCGCGGATGTGCCGCAGCTGCCGTCCGAACCGGGCCGCCCGCCGCTCTGGATGTTCGCCCCGACTGTCGTGGTCTCCAGCGGTGACTACGCGGCGTTCGGCCGGAAGCTTTCGGCCGCGCTGACGGAGAAGACCCGGAATGCGCCGAAAGCCGCCGGGCTCGCCCGCAAACTCGCGCCGGAAACCATGCGGATCGATGAGCGGATCAACGCGATCCGCACCTGGGTCGCCCGGCATATACGGCCTGCCGGTCCGGCGCTGAATGAACTGCCGTGGTCGGCCTTCACGCCCGCCGACGTCACGCTGCAGTCCGGTTACGGCGATTCGGCGGACCGGGCGATCCTGCTCGGCGCGATGTTGAAGGCGGCCGGCGTCGACTACCGTTTCGTCGCGGCGACCGAGCTGGGCTACGCGGCTGCGGCGACCCGCCCGCTCATGCGTGCGCCGCAGAACATCTTCACCAAGGTGCTGGTCTATCTGCCGGGTTTCGACAGCCATCTGAACGATACCGGCGAATACGCGTCGCTCGGATCGACCGCGTCGGAGGAGGCGATCGGGCTGTCGCTCGACACGGGGCGGCTCATGACCATCCGTCCGCGCCGGAAAGGGGAGAGCGCCACAAGCTGCGCCTACCGCATCCGGCTCCGCGCCGACGGTTCCGCGCAGATCGAGGCGAGCTGCAGCTATTTCGGGTTGCCCTACCAGTCGATGCACCGGAAATTCAAGGAGATGACTCCCGCGGAGAGCGACCAGTTCTTCGAATCGCTGGCCGCCGGAATTTCACAGGAGGCGCAGTACAAGGGCAAACCGGTCGCCGCATTCGACGGTTATCCGGGCAAGCTCTATTTCACGCTCGAGGTGCCGCACTTTGCGATGGTGTCGGGCGATTATCTGCAGTTCTCGCTGCCGGGCTTTTCGGCGCTGTCGAATATGGTCAAGACCGCTTCGTCGACCCGCCGGACGCCGCTCTGGCGGAACGGCCCGGCGAAAACCGTGCTCGAATACCGGATCGAGATGCCGGGGAACTTCGTCCCGGTCGGTCTCGGGCCGGAGCGGTTCGAGCTCGGCCGCCCCGGGACCGCCGCCTTCTACCGCCATGTGGAGGAGGCGTCCGGAACGATCAGCCTCGAATACGGCCTGACGCTGCCGGTCGAATCGGTGCCGCCGGTCGACTACGGCAGGCTGGTCGAACTCCAGAGGGAGCTTTCGAAGCTCTCCTCGTCGCGGATCATCCTCAAACAACAGCAGG
CP027227.1_gap72	3506586	3508597	2011	GCTCGATCGCCGCTTCACCGGTTTTGCGCCGTGGTTCAGCGACCCGACGCTCAAGACCGCAACGCTCTGGAACCAGCCGGTCCTGCCGACGCTGCGCAATCCGGCCGGCCTTCCGCCGCGCAACCTCTTTTCGGGCGGAACGACCGCCTGGAACCTGGAGATCGTCAACAATTCGAACCGCGCATACCGCAGCCTGACCCTTGAGGTCGCCCTCGCCGGGCCCGACGGCAAAACCGTTCCGGTCGCCTCGCTTCCGGCCGGAGAGCTTCCGGCCCAGCGGAACGCGAAACGCGAAACCCAACTGACCATGCCCGAAACCGGAACCGGCTTTTACCAGCTCCGGCTCACATTGCTCGACAACGGCAAAGAGCTGGCCCGCAACTATTACGATCTCTATATCGACACTCCGGCATTGAGGAGCGAAAAGATCGAAGCGGTCCGCCCCGTACTGGTTTATGACACCGGCGCGCCGAAAAACGTTGCCCGGCTCGCGGAGCAGCTGAAGGCGTTCGGCATGCCGTACACCGTCGTGCGCGACCTTAAAACGCTGAAGGCCCCGGCAACCCTCGTCATCCCGCCGGAAACCGAGACGCCGCAGCGTCTCGCGCTCAGGAACGATCCGAACCTTTCGGCGTTCCTGAATGCGGGCGGGGTCGTGCTCCTTCTCGAGCAGAAGAACCTGTCGAGCGAGTTGCCGCTGGGGCTGCAGCTGGTCGCCGACGAGAAGAGCTTCTGCGACCCGGTGATTCTGACCCATCCGGTTTTCGAAGGGCTTTCCGCCCGGAATTTCGACACCTGGAACAATCCGGATTTCGGCTATGTCGTTTCGAGTTGTTTCCTGCCGTTCACCGAAAATGCGCTCGCCGCCAAGGGGCCGAATCTCGGCAGCCGGAACGTCGGCATGGCGCTGCTCGAAGGCACAGTCGGCAAAGGGCGTCTGATCGTGTCGCAGCTGAATGCGTTCGCGGCCGCGCCGCAGGACAGCTCGGCCGCGCGTTACCTGCGCAATCTGTTCCGCTATGCGGCCGGAACCGCCGAGCTCCGGAAGGAGGCGCGGCCGATGGTCTCCTCCGCCGACACCGGCTACAAGGTCAATCCCGCCCGGCTTGAACCGGTCGATCTCGCCCCGTATGCGAACCGCGGTTTCTCCGACGAATTCGACAATGACGGCAAGGGCGGCTGGTTTGACCAGGGGGAGAACGACTTCCGCATGATGCCGACCGGCGCGGTCGAAGCGGCCGGCGTTGCCTTCCGCATCATCGACCCGGCGGAAAACGATGATAAATCCTGCCTCGTGCTGGCCGGGACCGACCGTCCGAAATTCCCGCTTTCGATCAGGGGAATCAAGGTGAACCGGAAGTTCTCGCGGCTCTATTTCCTGCACACCGCCGCCTGGGGAGGCGCGGCCGACGCCGGACGTTACCGGATCAATTACGCCGACGGCAGATCGGTCGACCTGCCGCTGGTCGGCAACCGGAACATCGGCGACTGGTGGAATGCGTCGCCGCTGCCCGAAGCGCTGGTCGGCATCTACCGCAAGAATCCGGCAGGCAACAATATCGGCACGTATATCGCCGAGTGGGAGAATCCGCGGCCCGGAACGGAAATCGCCTCGATCGATTTCCTTTCACCGCTCTTCCGCGAACGGAACGACATCGACTACCTGCCCTCCAAAACGGCGGTTCCGGCCCTGATCGCCGTAACCGGGGAGACGGCTCATCCGGCTCCGGTCGACATGACCGGACGGAACTTCGTGAACTGCAACCCGGCGAAGGAGGTCGGATCCACCGTGTCCGGAACCGTCAGAAAGGTCCGCGACGGCTGGAATATCGCGTTCAAGGCTTCGCCGGAGGGCGAGGTCCCTGCCGCCTTCTTCGTCTATTCGCCGGAGGGAATGTCCGGCCGGTACGATTACCTGGTGCTCCGCATTAGGAGCAGCCGTGACGGGAATGTGGAAGTCGTCCTGCCGCAGAAAGATTGGAAGGGACGCTACACCGGCGTCATTACGCTG
CP027227.1_gap73	3571438	3575524	4086	CGGGACGACCCACTTCCGCCACGGCAAGATGGCGAATGTCTCCTGGGTCGATGGGCATGCGGGCACGGAGCACCCGGGGTCGATCAACGACGACAACGCCGCGCAGGCGGATCTGGTCGGCTACGTCGGCATGCTGAAGCAGGATCTGTACAATCCGATGCGTGACAAGGATGAGCTGGAGTAGACGATGAAAAAGCTTCTGATCATCGCCGCGGTTCTGGCGGTTTGCGCCGGAGTCTGGTTCATCTGCTCGCGGGAAAAAGTGCCGGCCGCGGCCGAAACGCAGGCGGCTCCGGCGGCCGAAGCGGAGAGAGCGGCCGCGTTCGTTTCGGAATTCCGGGCTGTCCTGGCCGCGAACGATCTTGTGAAATTGAAGGCGCTCTGCGACAATCCGAAATCGGGGGACCTTGCGGCACAGCTTGAACTGCTGCGCGGCGCCGAATTGCCGGAGAAGCCGGAACGGGTCGAATTCCGCACCGCCCGCAGCGACAGCTGGTCGCTCTGTTACCCGGTTGACGGCGGCATGATTCAAATTGTGCTGCGCCGGGTGGACGACGGTTCATTCCGTTTCAAGAGCGCATACCGGTGAATGGAGTGGCGGCCATGATGAAGCAGACGGTACTGCGCGGCATGATGGGGTTCCCCTGCCGGGAGCTGCCGGAGCCGCACCGTGTGTGGGAGGAGGCGCTGGCGGCAGACACCGCCACGCGGCGGACGCTCTATATCCATATTCCATATTGCCGGAGCCGCTGCCCGTTCTGCCCGTTTTATCTCGGCGGCGCGGGAGAAGAGGAGACGGCGGAGTATGTCCGGCTCCTGCGGCTCGAGCTTGAGCGGTGGGGAGAACTTGCCGGGCGTTTTCCGGTCAACGCGGTTTACTTCGGAGGCGGTACGCCGAGCGACCTCGGCGCGGAGTCGCTTGTGTCGCTGCTTGACGCGGTGCGGAAGAATTACCGCCTCGCGGCCGACTGCGAGATCACCGTCGAGGGGCGGATTGACGGTTTTGAACCGGAAAAGGCCAGGCGGCTTGCCGCACACGGCGCGAACCGGCTCTCGATCGGAATCCAGACCTTCGACACGGAACTGCGGCGCAGGCTCGGGCGGGTTTCGGACCGCCGCGCGATTCTCGGGCGGCTCGAAGCGCTGGCGGCGATCAATGAATTTTCGCTGGTCATCGATTTGCTCTACGCCCTGCCGGGGCAGACGGCAGCCCGGTGGGAGGCGGATCTTGCGACGCTGCTTGCCGCGACCCGGGTTTCGGGGCTGGACCTCTACCGGCTTAAAGTTTCGGACACCCTGCCGCTTGCGGCGGCGATCCGCGCCGGAAAACTGCCGCCGGTGCCGGACGATGAAACGGCCTATGCGATGCATCTGGCCGGTGTGGAGGCGATGCGTTCGGCCGGGGCTGTGCGGATTTCTCCGGTCCACTTCGCGTTCGAGGCGCGGGAGCGGAATCTGAATAACACGGTTTCGAGCTCGAAACAGGTCTGTCTGCAGTTCGGCATGAAGGCGGTCGGCCGCCTGGCCGGACGCCGCTTTATGCAGCACAGTGAGTTCCGGTCCTACCGTGAGCTGGTTTCCGCCGGGAGGAAGCCGGTGAAGAGCGCCGGGCTGCTGCCGCCGGACTTCGCGGCCTGCGGCGAATTGGCCGGGCAGATCTACCGCCCGATGCGGATTTTTCCGGGCCGGGTGGCGGCCGCCGCTCCGGCCACGGTCCGGGAACGGGTCGAAACTGCCGTCCGGAGCGGGGCGGAACATTGGGCGGAGCGCGGATTCCTGACGGCGGAGCCGGGGGGAGGATTCGCGTTGACCGAACGGGCGAATTTTTCGCATCGGGAGATGGCGTCGGACTTGATGGAACGAATAGCGGAGGCGTATTCATGAGACGGGTTCTGCTGCTGGCTGCGGCGCTGCTGCCGCTCTGCGGTTTGTTTGCCGAAGTGCTTTCGGAGAGTGCCGGGGCGGTCGTGTTCCGCCAGCCGGACGGAAAGGCGGTGACCCTGCGCAAGAAGCCGGAGCGGGTGGTGGCCTGCTACGCCTCTTTCGTTCAGGTCTGGTACGCGGCCGGAGGAAAGGTGGTCGGCATTCCGCTGGTCCGGAGCCGGGAGGCGCTTCCCGAGGCGGCGCGGAAGCTCCCTGTGGTCGGCGGCCTGACCACTCCGAATCCCGAAAAGGTGCTTGCGCTCAAGCCGGACCTTGTGCTGCTGCTCGACAAGTTCGAGAAGCATCGGGCGGTAAGTGAGGTGCTGAACCGGGCCGGCGTCGAAACGGTGCTGCTCGAGTGCGGCAACTACACCGACTTCTCCGGTCTGCTCGACCTCTTCTGCCGTTTGAACGGGACGACCGTTGCCGCGCACCCGGAGGGGAAGCGGATCACGGACGAGGTCGCCGCCGTCTGCCGTGAAGTTTCCGCCCTGCCGCCGCCTTCCGCCGCGATCGTCTTCGCCGCGACCCACGGGTTCAAGCTCGAGGGCGACGAATCGAATACCGGAACCATGCTGAAGATGCTCGGCGCCGGAAACATCGCTTCCGGCATCCGGGGTGTCCGGGCCGGATTCAGCTTCGAGCGGCTGCTGGTCGAGAATCCGGATGTGATTCTGGTGGTCACCATGGGCGATGCCGAGGCGCTGAAGGAGAAGTTCCGGCGTGAAATCATGTCGCAGGAGGTGTGGAAGGCGTTGAAGGCCGAGAAGGAGAAGCGGGTCCACTTTCTGCCCGCCGACCTGTTTCTGTATCAGCCCGGCACGCGCTATCCGGAGGCGTTCCGTTATCTGGCGAAGCTGCTTTATCCGGGATGGGAGGATAAATGACGCGCGTTTTTTCTTCTCTCCGCACGACTGCCGGCCGCTTTGCGGTGAACTTCGCGCTGCTGGCGCTGCTGGCGCTCGTCATGCTGGTCAGCATGCGCTTCGGTTCGCTGAAACTGACTTTCGCGGAGATCGTCGGGACGCTCTGGAACCGGCCGGACGGAATCAACGGCCAGATCATCTTCAATATCCGGCTGCCGCGCATCCTGCTCGGCGCGCTGGTCGGCGGCAGCCTTGCCGCGGCCGGCACGATTCTGCAGGGGGTCATGCGCAATCCGCTCGCGTCGCCCGGGATCATCGGCGTTTCGGCCGGCGGCGGACTCGGCGGTATTCTGGTCATGCTCGTGCTGCCGCAGTTCGGTTATCTGCTGGTTCCCGCCGCGTTCGGCGGGGCGCTGGTCACGGCGGTACTCGTCTATCTGCTGGCCTGGAAGCGCGGCGTGAACCCGGTGCGGCTGATTCTGGCCGGCGTGGCGGTATCGGCCATGCTCGGCGCGTTCAGCAGCACGATCCTGATTCTGAACGCCGAGAAGGCGGGCGGCGTGCTCGATTTCACGATCGGTTCGCTTTCGGCCCGGAGCTGGCCGCAGATCGAACAGGTCGCGCCGTATATGGCGGCCGGTTTCGCCGTCGCGCTGATGCTCGGGCAGAAACTCAATATCCTGACCCTCGGCGATGAGGTTGCGACCGGGCTCGGCATGCGGGTCGAGCGGACACGCTTCCTCCTGCTCGCCGTCGCGGCGCTGCTGGCGGCGTCGGCAGTCAGCGTGGCCGGACTGCTCGGCTTCGTCGGGCTCATCGCTCCGCATATCGTCCGGATCGTGATCGGCTCCGACAACCGGTTCCTGATTCCGGCCTCGGCGCTGTTCGGCGGAATCATGGTGGTCGGCTGCGACACGGTCGGCCGCATGGCGATGGACCCTTCCGAACTGCCGGTCGGCGTCATCATGTCGCTGCTCGGGCCGCCCTTCTTTCTCTGGCTGCTGAGGAGGCACAGCTATGAAGCTTGATGTGAAATCCGTTTCAGCCGGCTACGGCGGCAAGCTCGTGCTCGACGGCGTCGACCTGACCGTCCCGGAGGGCGGCATCCTGACGCTGGTCGGCGCGAACGGCAGCGGCAAATCGACGCTGCTGAAGGTCATCGGCCGGCTGCTCGAACCGCGCGCCGGGGAGATCGTGCTGGACGGCAGGGCGATCCGCTCCTACGGCACAACCGAGCTGGCCCGGAAGATGGCGATCCTGCCTCAGCTGCACCATGCGGCGGGGGAGATCACGGTGG
CP027227.1_gap74	3591430	3594612	3182	CGCAGCAACTGGCGCCGAAGGTCGATGTGTTCGCCACCGGCGAGATGGGGATCGGCAACACGTCGCCCTCGTCCGCGATCGTCGCCGTGCTCTCCGGCCTCACCGACCCGGCGCCGTTCGTCGGGCGCGGAGCCGGGCTCGACCCGTCGAAACTCGCGCACAAGGCGGCCGTGATCCGGCGCGGCATCGAGCTGAACCGGCCGGACCCCGCTGACGGCGTCGATGTGCTGGCGAAGGTCGGCGGCTTCGAGATCGGCGGCATCGCCGGCCTGGTGCTCGGGGCGGCGCGGCTGCATAAGCCGGTCGTGGTTGACGGCTTCATTTCAAGCGCCGGGGCATTGATCGCCGCGGCGCTCTCCCCGGCCTCGCGCGATTACATGATCCTCGGTCACGGCAGCGCCGAGCCGGGTCATGTCGCGATGGCGAAGCTGCTCGGCAAGCAGCCGCTGCTGGATCTCGGCATGCGACTCGGGGAGGGGACCGGCGCCGCGCTCGCGCTGAACCTGCTCGACGCCGCGTCGGCGATCATGAATGAAATGGCGACCTTCGAATCGGCCCGGGTGACCGAGGAGGGGCTGAAGTGAGGACTTTTCTCGCCGCCGTCTCGATGCTGAGCGCACTGCCGCTCGGGCGATTCTGCCCGACCGAAACGGAGCTGCGGCGGTCGCTGAATCTGTTCCCGGCCGCCGGGCTTCTCTTCGGGGCGCTCTTTTACGGGATCGGCTGGTGTCTCGCCGGATATTGCGCGCCGCTGCCGGCGGCAATGCTTCTCGCGCTGCTGCCGGAGGCGCTGACCAAGGGACTGCATCTCGATGGACTGGCCGATACGGCCGACGGTTTCCTGTCGGGCCGTTCGCGGGAGCGGAAGCTCGAGATCATGCGCGACAGCCGGACCGGCTCGATGGGCGTCGCGGCGATCTTCGCGCTGCTCGGCATGAAGTTCGCGCTTTTCGCGTCGCTGCCGCCGGAGCTGCTGCCGGCGGCGGCAGGGCTCATGATGCTCGGCGGCCGCTCCGGGATCGTGCTCTACATCGGCATGAGCCGTTATGCCCGTCCGGATGGCATGGGGGCGATCTGGTACCGGAAGAAGCCTTTCGCGGGGATTCTGCTCGCTCTCCTGCTGCCTTCGGCGGCAGGCTGGTTTTTCTTCGGCGTTCCGGGCTGCTTTGCGGGGCTGGCGCTCGCCGTGTTCGCGTTCGTCTGGAGCCGCATTACGAAGCGGGTCATCGGCGGCGCGACCGGGGATACGATCGGCTGCTGCGAGGAGCTCTCCGAACTGCTGATTCTGGCCGGGGCGCTGGCCGTATGCTGAAACCGAAGGTCGGCATCAGCGCCTGTCTGCTCGGGCGGCGGGTCCGCTACGACGGCCGGGATAAGTTCGACCCGCTGCCGGCGGAGGTGCTGGCCGGCCGGATCGAATGGGTGCCGGTCTGTCCCGAGGTCGAATCCGGGCTGCCGGTGCCGCGCGAACCGATTCAGCTCGAGGGGGACCCGGCTGCCCCGGAGCTGCGCGGCGTGCGGTCGCATGCGGAGCTGACCGGCATGATGTGCGCCTTCTGCGAACGCCGCGCGGCGGAGCTGGATGGGCTCTCCGGTTTCGTTTTCAAGAGCCGCTCCCCCTCCTGCGGGCTGGCGGTGCCGGTTTATGGCGCGGACGGCGCTGCGGCGGGTTCCGCCCCGGGCTTTTTCGCCGCCGCCTGGCGGAAGCGGTATCCCGGACTGCCCGCCGTCGAGGCCGAGGCGCTGCATGACGAAACATGCCTGCGGCGGTTTCTGGCGGCTTTACAGATCGAGAAGTGAACCGTTCCGCGATTCGAGCAGGAGTCCGAGCGCGATCGGTGCATTGGTCCAGCCGGTGTAGATGCTGCCCGCGCCGCCCTCGTAACAGTCGCCGCCGCCCCATTTCCCGGCATGAAGATCGAACATGCCGCGCCAGCAGCCGTGGAAGAAGGCGCTTTCGCTCCGGTCCTGAATCGAGAGCAGGAGTTCGAGCTGTTTCTCCTTCGCCGCGGCGATCCGCGCGTCTCCGGTCAGTTTCGCCGCCATCTGCAGCGCGAGGAACGACCAGTTGACCGTATAGACCGTATCGACCAGGTGCGTTCCCTTCGGTGCCTCGTAGTGTTCGGCCGGAATGTTCCCGGTCTCCGGGTCGAGCTTCGAGAGGATCAGGTTCGCGGCCCGTTCCGCAAGCGCGCGGTCGGCCGCTTCGCCGAAGGCGCGGAACGCCGTTGCCGCCCCGAGCAGGGCATAAGCGTGCTCGCTGACCGTGAATGCTTCGAGCGTTTCCGCCAGATAGTCGTGATAGCGCCGCACCTGCTCCCGATAGTCCGGGGCCGGTCTGCACAGGAAGGCGCGCGAGAGCGCCATCGCCGCAAGCGACCCCCAGTGCGGCAGTTCGAGCCTGCCGTGCCAGCGCTGCTCGGGGTCGCGCCAGGTGCCGGGCTCCTGCGGGTTCTCCGCGCCGAATGTGCGCCGCATGGCCGGGACAAGCGAGTCGGCCAGTATGAGCGCCCAGTTCCGTAAATCGTATTTCGCATCGAGCTCCGGGCTGCGGTCGGCCAGCGCGAGCGGGATGAAGATGCACCAGGCGTTGTCGTCGAAGTAGACCACATCGCGCCATTTGATGTGCGACCAGTTCCAGCTTCCCGCCGGGAACGCCGGATCGCAGCGGTTCAGCAGCCCGCTGCGGAAATAGAGGTAATCGAGCAGCTTCTCCCCGATTCGGCCGGCCTCTTCCGCAATGCCGTACTCCGCCGCAATGCGGAAGAGCAGCGCGGCTTCGAAATTGCAGTCGGCCCGGCGCTGTTCAAGCACATAGCCTTCCGGCTTCCGGCTCCACGCCGGGAACTCATTCAGCATCTTTTCCAGCGCCGGACCCTCCGCAACGCTCAGCCGTTCGGCAACCCCCCAGCCGCCGTCGGCCGGGTCCATGACGCCGGAGCGTTCGAACCACTTGAGATTCCGTCTTGCCGCTTCGGCGATTCGGGCATTCCGTTCCATCGTATTTTGTCTCCTGAATGTTGCTGAATCATTTTAGTTTTATTTTGTTACCATAGCCCCGATAACCGCAAAATGCAAGCCGGCTTCTTGCAAAAACGGGACGGAAGGATTATTTTAGTAAAACGGCAACTGCGGAAGGGGAGGTGTTTCATGGCGAACAAACGGGCGAAACTCAGCGATAT
CP027227.1_gap75	3595879	3599660	3781	AATTCCGCACGGGCCAGCTCCCGGCCGTCGAGCCAGAAGACCAGCGGGCAGCTCCGGCCGATAGAGATCGGCATTTTCATCGGCTCCTTCGTTATGAATTCCGAAACCAGGTAGAAGACGGCCGGCCCCTGAAAGCCGAACGCCTCGTCCACCGGGATCAGGTCGTCAAACGCATTGATCCTGCCGTGCGGCGCCGGTTCGAAGGTCCCGGCCGCGAGTCCGGCTTCGTCCGGTCCCTGAAGATCGAGCCCGGCCCGCATGTTCAGATGGTAGTTGCGAATCGCCGTGGAGCGGTTCCGGAAGCAGCCGGCCGGAATGTGCTGCTGATACGGTTCTTCGCCGAGCCTGACCTGCGGAACGGTCGCGAAATTGCCCCAGTAAGGCCCGTAGATCCGCCACGGGGTCGCCGCCGCGAATCCGAACTCATAAACCGCGCCGCAGAATTCAGCTTTGATCGGATCGCCGTCGAGAATCCGTTCCGGGTTGAGATGGCGGACCCGGACCGGCACTCCGGCATTGCCGCCGGCAGGAATTTCGACCGTTCCGTCATATTCCAGCGCGAAATTTCCGCTGCCCGTCAGGCGAAGTTCGCCCCGGCGGGTCTGGCCGGAGAGGTTGCAGATGCGGAGCACACATCTCGCTTCTCCTCCGGCGGCGATCGCCGGGAGCCCCTCGTATTCGACTTCGAAACGGAAATCACGTTTGCGGACCGGAAGCCGGAAAGCTTCCACTTCGGCCGGAACCCCGGTCAGCCGCAGCTGCCGGTTCCAGAACCGGCCGGCTTCGGGCCCCAGCCTCGCGATGTCGGCGGCCAGGTCACGGATTCGGTCGGAGCGGCGGTGCACGTCGAAATTAGTGACGTAACCTGTGTCGATCACGCCGTAGTTCCGCTGGAGTGCTTCCGCCCCCATCACGGTGCCGAGGATCGCACCGGCAATGCCGCAGGTGCAATCGGTGTCGAAGCCGCTGTTGAGCGCGATCAGCGTCGCCTGCTCGAGATCGCCGCCGCTTTTGAGCAGAGCCATCAGCGTAATGCCGATGTTCTCGAACATATTCGTACAATCCGGATGGCCGTAGTGGCGGAGAATCCGCTCGTGGACGGCACGCCAGTCGGCCTCTTCCCGGCAGAAGCGCCGGGTGTCGCGGACCAGCCGCGCCAGTTTCGACTGCTCCGGAATGACCCGCAGCCCCGCATCGATCAGCCGGTCGATGTCGCTCTCCGCAAAAGCCTCGGCTTCCATCGCCGCGATGAAGGCTTCGGAATAGACCGATTCCGCCGAGTGGTCGATCTGTCCGTCCCGGCGGCAGATGCGCCCGGCCAGCTCCGGATCTCCGGCAGCGAGACACGCCCAGATTTCCGCCCGGATGCAGCAGCCCATGCCTTCATGATAGAAGTGATTGTTGTAGGTTCCCGAGGCCGGCGGATGGATGCCGCGGCGGAAGTTGCGCTTGAAGTAAGCATATTCGCCGGGATTGTAGGGGACTTCGGCGAGGAACGCCTGCGCCAGATCGTCCGCGTCGAAGTCGAGCCCGATCGTTTCGAGCACATTGAGCCAGAGAATCTGCAGTTCGAGATCGTCGTTCGGCTCCGTGATCAGCCAGAATGCGGGATCGAACGCATAATCGAAAAGCTGCTTGCAGCCCTCCAGCGGGGCGCCGATCGACCCGCAGATGCACTTGCCGAGCCAGCAGCCGTAAACTTTATCGAAATAGGTGGCATAATCCATTTGCCGGACGGTTTTTTCCGCCGTATTGTCAGTGTTCATTGTTGATCCTTTCGCCTGTTTTCCGGTTTCTGTCATATCATACACCCGTTTCCGGAAAATAATTGTACGGGATCACCGATAATTTGTACGATTCGACGATATCGGCCGCTTTCCCCGCCGCCGGGAAGGCTGAAATTGTTCGATCGAGTGCAGAAACGATTGCTGAGGCGATTTCAATTATCCGAAATAAACAGCAGGAAGAACGTTCGCGGAGGCAGCCGGAAATCGATCGGGTTGAAGCGGCGATTCGGCAATGTGAAAAAGAAAAGTCTGCTTTGCTGGATACCCTGATCGCATCCGGGAACAGCCTCAATGCTGAATTCCTGAGTGTGCTGAATGAAAAAACGGAACGTGTTTCTGTCGAGATGGAACACTTGTCGGCGAAGCGCGATATTCTGAATCAAGAACTGCCGCCGGAAGAAGATTTTTAATAGTCGAGCGATTGAGATTCTTCGTCAGCTGCGTTACGTTTCAGACAATCTGGTAACAGCAAACGATCCGTTTGCGCTTCGACAGGTCTTGCTTGCTGAAATTGAAAGAATTCAGCTGACCCGCGACGGTGATTTCCAAATATACGGCAGTTCGCCTGATTGTAAAGGATGGTACCCGGGACGGTAAGAAAATTCGCCTGAAAAACGGGCGTAAAAGCTACCTCTCCCGCCCGAAACAACGCCTCCGGCATCGCCCGTAGCCAATCTCAAACGATACCAATGAATATATTTCAATGGTACTTGATGGTACTTTGCCCGGATGAAAATATTGAATGTGTTGTGAATTTCAGGAAGCAACAGGTGGATATCAAGTTTCTGTGCAATGAAACTTTGTTCCATATAATTCCAAATGATTTCCAATGGTACTCGGTGGTACTTCCAGATACCTCTTCTGGCGTGGATGTGGTACCTCGGTAGAGAACGGGCATATTTCGTAAAATTCTTCAGGGAGCCTGAAACTATTTGCGATCCTAATGTTCCAGTCCAATGTTTAAGCAAGGCTTTTCGTTGCTTACTGCATACGCTTTCATGAAGTCACGTTTGACGGGATGTTCCTCTCGCACAAAATCAAAGACTACGTATTCCTTAACTTTATTCGGATCAAAATTCTTGATAAGTTCTTTTTGATTAGAGGCTTCTTCAGGTGTTGTCTCATCTATCAATGCACCAATTTTCCTTGCTATAGAATTGGAGTTTTCCTGTTTTGAAAACATCCCAGTTATTCGCTTTCTTACATCTCGAGCTTTTCCTATATATAGGGCATCATTCAGACAACTCGTTACACTTAATAGGCTGGTTATACTTGCTCTAAAACCATATGCCACGTAAACGGTTCCCGTTCTTGGACAAAAATCGTATGCCTTTTCAATATTCCAGCGAATACGGAAAATCCCTCCTATCGCCATTTCCTCCCTGGACTTCTTATTTCGCATCTTGGGGAGTTCATATAAGAACTCTTTAAACTCTTCATATTTGAGACCTGTAACAGCTTCAATCCCGTCTCTCTGACTAGCTCCAAATTCAGCCCAAGTCCATGATGCAAAATTCTCTCGACAAAGGTCAACTTCTCCTAATTCTGGTCGTTCTACCAACTGTACTTTTGCCATGATATACTTCCTTTCTGATAATTCTCTTTGAAGATAAGTATACCATGAATTTTTGTTTTTCCAACCACGAAGAGCAAAAAAGTGCTGACATTCGCTGGAGTAAGTAGTCCCGTCTGTGGTACAGAATTTAAATACTCAAAAAGCCTCTCGAAAACTCTCCACATCTCCGAAAGGCTTTTCTCTGAATCTTGGGCTACAAATAGATAACCTAATGAGTTTTTATCAGTCTATTATTCCGTTCCTCTCATAACAAGCTGTAGTGTTGTCGCGCCATCAGGAGGAGAAGGTACGTGATCAAGTTGTTTTAGCATTTGTGAAATGGAATTATCCATTGCAGAAACACCACTTGACTGTAAAATCTTACTTCTAAATAAGCCCGTAAAATACTTCGAAATATCGTGGTAAGATTTTCTTTCGG
CP027227.1_gap76	3603773	3606237	2464	TTCCCCGCAGTTCCTTACACTCTTTTCTGCGTTTGGCGTCCATCATCATCAGAGTCATGACGGAGTGTTTCCGTCGATAAATCGCGCGGGGCTCGAAGCGGCCTTCGATGAAGTAGGGCAAAATATCCGCCAGAGAATCGCTCTGAACTCTGACGCGGTGATTATGGATGATTTTGAAGAGACGCTGTCCATCCTTTTTCCATGCGGCGAACAGATACGGACTCTTCAGGCGGCGGTCCAGGGCGTTCTTGGTTCGGGATTGAACTTCCGCCCGGTCCTGCATGAAGTAGAGCGTGGCGTCTTGCTCCCCTCCATCCGGCTTGTGCCAGACTCCGCGAAGCGTTTCCAGCGGTACGGTGTTTCCATCGAATTTGGGCCGCCATACCAGACACAGGGCGTAACCCTCTTTCAGAAGCTCCGCCGGATCGTGAACCGGCGTGATTGCGTAAACATCCTCCTCCGAAAGAAACTGTGGATTTCGTGTGAAAGTGAAGTGAAGCTGCATCGTTTTTGCCCTCTGTCTGATGGTTGAATATGAAAGTCCCGATTTATGATAAAGATTTCCGGGCCTCCGTCAAGCCCCCGGAATTCGGACTTGACCTCATGTTCCGGGTATTTATCCTGCCCTTCGGACAAAAGACCGAAAAAAGGCGACGGCAAATGGACGATTTGAAAATCTTTTACGAGTGCTTGCCGCATTCACTGCGCCGCAACTGGTGTTGGCAGATGTGGAAACCTTCCATCATTTCCGGGGACTGGCCGCGACGCGCCAGACGCCAGGAACAGGAACGCCGCTATCTGGATTTGCTGAAATTCGGCTTGGAGAGTCGCTTTAAGGCGCTTTATAGGCCGCTGGCAGACAAAAGCTACCCCACGTTTCTGTGGAATCTGGCGCAGGCCGTTGAGTTTCGAGAGGTTGATCTGCGTTCACCGCTCCATTTCAATACGCATAACGCAGATCGTCAGCTTCGGGCATGGCTGGACCGGAGTTTTCTGGATTTTCCGTTGCCGGAATGGTGCTATGGACTTTGGAAACACCCGATGTCCCGTTTTGAAGTCAAGGCTCTGTGCCGGTTGGGGCAAGGAGTTTCGCCGCGCGACGTGTTGAAGTTGAGCAAACAGGAAAACTGTTGGTTTCATCAGCTTCCAGAGCGTTTTTCTTCCCTTGCGACAGGGTGTTGCTTCTGTATTCTCCGAAGTCACCGCCATTCAACCGCTGAGGCGATGGCAATTGCTGAAGTGCTCACCGGGGCCTGCCGTTATCTTGAATGGCCGGTTTTTCTTCATGTTGTCCGCACTGTTTCCGAATGGCTGGCTTGTCAGAAGTTCACGCTGAGGGAACTTCAAATTCCGGTGCACTACTGGCGGACACAGGGACTTTTCGACGAGCATTTTACCTTAAAAAACCGGTCTTTCCGTTCGGTATGTCAGGAGGCTGACGAGTGGCTGTACGGAATTCGCCGTCCGGAAGTCCTCCGCTCCTGGCCGTCGCACGGGTTCTCGTGGGTGCGGGAAAATCCCGACATCATCTTTGACGAACTTCTCGACTCGGATGCACTTTTCCGGGAAGGCCGCCAGTTACATCACTGTGTCGGCTCCTATCTGGATGCCTGTCGGCGCGGCTGTTGCGCCATCGTCTCGATGCGTTCGCTGGATGGGAAACTCTGCGCCACCCTCGAAATCGAACTGCCCGGCAGGATTCTCGTCCAGGTGAAGGAAAGTTGCAACCGGCAGCCTTCGGCAGTTGTCCGTCGCCACATCAAAGCCTATGTCGAAGCTGTGGGATTGATCTGGAAAAAGTCGGCATGAAATCCGGTTTTCAAGGCAGCTTTCGCACCTGCAAACTCTCTTCTTCCAGAGTGTCAGCTTTCGCCCTCTGAACCGGTTCGGACGTTCAGGAAGGACCTGCCGATAAATAAAAAAACGCCGGGAAAGGTTTTAAGCACCACTTTCCCGGCGGCAAAAGGTCAATCGTTTTGCGGTTCGTCAGTTTGCGGCTCGCTCCCCGGAGGGTTGTCGCCCTGTGCTCCGCCGTCTTGCCGTTCCTCATCCTGCGGCTCTTTGTCCTGCGGAGGTTCTTCCTTCCTGGTCCTCGGTTCTCCCCAGGCGAAAATATCGACCAGATCGTCGCACAGATGCCAGCGGCGAGCACGGACATAGCGCTTACGTTTTCCGGTATCCCATTTGATCACAACCTCTTTGGTGTGATCGTTCGGGTGAACTCTCACCTCGATACCGGGACCGCGTTCCAGAATACCGTTCCGAAAATCCCGGTCGGCTTCCTCCTTGCTTCTTCGGTAAAACTGCGGCTTTTCAGGTTCTTCGTCTGCCGGAAAGCTGCAAACAGATTTTCGATTTCTGACCATGATAAATTCCTTTGTGTTTAAGTTTTTTGGTTGTTGAATAAAAGTTCTGTCAATTCTACCTCAACCGTCCATCTTGCTTCCTCCTCTCTGGTTTGAAC
CP027227.1_gap77	3637232	3639578	2346	GATGATGCCGCGCTTCTCGGCATAATCCCGGGCCGTCGTATAGATTTTGAGCGAAAGGTCACGCAGCGCGGCCGCCTTGCCGGCGCCGATCAGCTTCGAGACCTCCTCGAAAGAGATCGCTTCGTCATGGGCGCCGATTTCGGCTTTGGTGGACGGAGTGAACAGCGGCTCGTCGAGCTTCGACGCCTGCTGATAACCGTCGCGCAGCCTGAGGCCGGAGACGGTGCCGCTTTTCTGATAGTCCTTCCAGCCGCTGCCGACCAGGTAGCCCCGCACGATGCATTCGACCGGCATGACCTTCGCTTTGCGGACGATCATCGACCGCCCCTGCAGGTCCTTCGCGTACGCCGCCAGCTCCGGACGCGTCGTGACGTCGGCCGAAATCAGGTGGTTCGGAATGTCGCGCATCAGGTCGAACCAGAAGAGCGAAATCTGCGTCAGAACCTCGCCCTTGCGCGGCACGCCGCAGGGCATGACCACGTCGAAGGCGCTGATCCGGTCGGTCGCAACGAAGAGCAGCGCGTCGCCGAGGTCGTAGACATCGCGCACCTTGCCGCGGTTGACGAGCTTCACGCCCGGAATTTCGGTCGTGAGCAGCGCTCCGTTCGCATCGTACTGCATGGCGCCCTTCTTTCCGCTGTTACGCTTTGATCTCGCCGATTTCGACGCGGGTCAGGCTCTGCCGGTGACCCTGGGTGCGGCGATAGCCCTTGCGGCGCTTCATCTTGAAAACGACGATCTTCTTGGCGCGGAACTGGTCCTTGACTTCGGCCGCGACGGTCGCTCCCTCGAGCATCGGGGTGCCGACGTTCAGCTTGCCGCCCTCTTCGCCGACCGCGAGGACCTCGCTGAAGGTGACTTTGCCGCCGACTTCCACGTCGAGCTTCTCGACTTCCACAATGTCGCCGGTTTTGACTTTCAACTGCTTGCCGCCGGTCTTGATAATCGCGTACATTTTATTCTGCTCCTTATCGTTGTCAGTAAGTTCACTCATTCAATCACATACATCCGGTTAATATATCCGCGTTTCATCATTTTGCAAGCAGGATTCGCGGCAGATTCTTGATTAACTTCAGAAAATATTCGGTTTTCGCCTTGGCAGGGTTCTGTCCGTAACGGAGTTTTACCTTCAGTTCGTCGCGCAGACAGCCGGCGATGTGGCGGTCGGAACAGCCGCCCTCGCGGTAGAAGGCCACCGGCTCCGGAACGTAGATGACGTCGAGCTTGTGCACGTTGACCGCCCGGTACATGAAGTCGTAGTCGCCGAGGTAGCGCATCGAGGAGTCGTAGACGCCGATCCGCTCGTAGACCCGGCGCGGCACGAACATCGACGGGTGCGGGGCAAACGCGCCGCGGAACAGGTTGTGCGGACGGAAGCCGCGCACGAGTCCCTGCTTTTCGTAGATCACGTCGCCCCAGAAGATCGAATGGTCGAGCTCGCGTCCGCGAAAGCTTTTTTCTACCAGTGCCAGAGCGCCGGGGCGGTAGGAGTCCCCCGCGTTGATGAGGCCGATCACGTCGCCGGTTGCCCGGGCGATGCCTTTGTTCATCGCGTCGTAGATGCCGCCGTCCGGCTCGCTCACGAAGGCGGCGAGACGGTCGCCGCACGCTTCGATTTCCCGGACCGTGCCGTCGGTGGAGGCGCCGTCGATGACGATGTATTCAAGATCGGGGAATCCCTGATTCAGCACGGAATCCATGGTCTCCCGGATCTGGGACGCATTGTTGCGGACAATGGTGACGATCGATATTTTCACTGGCGCATCTCCTGAAACTGAACTTGCAAAGGCAGGAACATACACGCCGGAACCACGTTTTTCAAACCCGATGCGCGCTTTCCCGCCGGAAAATCGATGCGGGACGGGAAAACCGATTTGACTTTTTGCGGAAATGCGGTTAGCTTAATGTTACCTGAGAAACCAACAGAGGAGGGAATCAGTATGAAATTTTTCAGAAACGCAGTACTCGGCGCCATGCTGTTCGGCGCGTTCGCCGTCAGCGCGGACGACATCTACGACAACATGATCGACACCGAGGCCGCCCTCAAGCAGTGGAGCAACGCCGCCGCCATGACTTTCCTGCCGAACGGCGGGCCGGAGAGCGACGAGAGCGCGGTCAGAATCACTGCGACCGATGCGGCCAAGCCGGTCATGGCTTTCTTCAAGGTGGATATCGACAAAGTCCGGGGCAAGACCGTCAAGCTCTCCGCCAAAGTCAAGGGGGAAAACATCTCGAAGCCCGACAAGCCGTATCTCGGCATTAAGATGATGATGACCGTGACCATGGCCGACGGCAGGATCGACTATCCGGATACGACCCGTCTGACCGGGGATTTCGGCTGGCGCG
CP027227.1_gap78	3674806	3678085	3279	CGGTCGTCGTCGAGCAGTTCTGTTCGTGATCGGCGTGCAGGATGAAGAGAATGTTCAGAATCCGCACCGCTTCGGGGTGGATCTGGTACGGCTTCACCGGCGAGTCGAACATCATGTTCAGGAAGTTCGCGCAGTACGAAAGGTCGTGCCGCGGGTAGACCACCGGGTCGCCGATCGACTTCTTGTAGGCGAACGCCGCCATGGTGCGGACGATCGAGATCAGCCGCGCGGTCGACACGTCGATGTCGTCGGCCATCGATTTGAGGTCCACGTTCGGATAGAAGGCCGCCAGGGCGTTGATCATCGTCGAGAGGATGTGCATCGGGTGCGCTCCGGCCGGAAAGTGGTCGAAGAAATGGCGCATATCCTCGTGCAGCATCGAATTCACGTTCAGGAGTTCGGAGAATTTCTGGCGTTCATCCTCGGTCGGCAGTTCCCCGTGAACGAGCAGGTACGCGACCTCGACGAACATGGTTTTCTTGACCAGATCCTCGATCGGAATGCCGCGATAGCGCAGAATGCCTTTTTCCCCGTCGATATACGTGATCTGGCTGTAGCAGGCCGCTGTGTTCATAAAACTCGGGTCGAGTGTGACATAACCGGTTTCCCGGCGCAGATTCGCGATGTCGATCGCCTTTTCGCCCTCGGAGCCGACCACGACCGGCAGCCGCACCATTTTGTCTTCGATCTGAAGCGTCACAAATTCGGGACTCTCGTTCATGTGGGAATCCTCCTTCTCAATAATCGATTACCGTTGCAAACCTCCCGCGGGAACGCACCGTCCCTGCCTCCGGTTTTTTCTTTTATGTAAACTTAAACTTTATAATATGCCACAAAAACGGCCGTATTTCAAGCGGGGAATGCGGGAAAACGTTCTGAATCGGACCGGCAAAGAGCATTCCGGCGCTTTTTATGAAATTTTCCGGAGAAAAATTCCGGGAACGGATTGGATTTTGAAATGGACCTGTGTTATACTTCCCCAATGCACTTGCAAAAACAGTAAACAGAAAGAAGGTTCGACATGCGCATTTTTACACTCGTTCTCTTCGCCGCCCTGCTGGCCGGAAGGCTCCCCGCGGCGGACATCCGGCCGCTCGATCTCTCGTCGGGCGCCAATTCCGCATTTGCCGATGAGACGGCCGACGACCGCAGGGGCGGCTGGACCGACCAGGGGGCCAATGACCTGCGGCTGCTGAAATCCGGCGTGCAGACGCTGGGCGGCGTTCCGTTCTCCATTCTCGACGACGGCAGGAGCGGCGGAAAATCCTGCATCGTGCTTGCCGCCGCCGAAAACCGGAACTACCTGCCGAAGCAGGCGCGGGTCGAACTTTCCGAGCCGCTCTCCGGCAGGAAGCTTTATCTGCTGCATGCCGGGGCCTGGCTGAACCCGAAGAAGAATCTGGTCGGCCGGCTGACCGTCGAGTATGCGGACGGCAGGACGAAAGAGTTCCGCATCCGCGCCGGCCGCGACGTCGCCGACTGGTGGAGCAACGCCGGCGAAAAAAACGCGGTCCGGATCTGGAGCGTCTACAACAACAACTCCCAGGTTTCGCTGTACGGCTCGCGGTTCGACCTCGATGAAAAGCCGGTGAAAGCGGTCCGGTTCGATGCCGGGGAAGACGCGGTCTGGATGGTCGCGGCCGCCTCGATCGGCGATGCGGTCTCCCTGAAGCCGATCTACGTGAAGAAAGAGCTGCGCGGCACCTATCCGGCGCCGGAGCCGGTCGATGCGGCCGAACTTGCGGAATATCCGCGCACCGGCACGCCGAAGAACATCATCTTCATCATCGGCGACGGCATGGGGCAGGGGGCGGTCAAGTTCGCCGGGCTCCACGCCCACGCCAGACCGCAGTCGCTGGTCATGGAGCAGCTGCCGGTGAACGGCATGGCGCTGACTTATTCCGCCAACAGCCCGGTGACCGACTCGGCCGCGAGCGGAACCGCGCTTTCGAGCGGATACAAAACCAACAACGGCTTTGTCGGCATGACGCCGGAGAAGGAGGCGCTCCGTTCCATCGCGGAAGAGGCGCGCGACTCCGGCCGTTCGGTCGGCATCATCACGACCGATTCGCTGACCGGTGCGACTCCGGCTGCTTTTTCCGCCCACGTCCCGAGCCGCGGCATGGCGTCCGAAATCGCTGCCGACCAGCTCGGCACGAACTATCAGCTTCTGATCGGGAACGGCATCAGGGCGTATCTGCCCGAGGCTGAAAAGGGCAGCCGCAAGGACGGGCGCAGCATCGTCGACGAGTTCATCGGGAAGGGATATATCCGGATCGACAGCCTCGACAGCTTCCGCAATGCGGAGAAGCTTCCGGTTTTCGGCTTCATCGACGGCTGGCAGCAGGATACGAAGCTGCTTTCGCAGATTGCCGCCGAGGCGTTCGAACGGCTTTCGGCCAACCCGAAGGGATTCTTCATCATGATCGAGGGGCATTTTCCGGACTACGGCGGCCACGGCAACAACCCCGAGCTCAGTGCGAACGGTCCGCTCATGGTCGATTTCACGGTCAGGGCCGCGCTCGATTTCGCAAAGCGGAACAGCGACACGCTGATTGTGGTGACGGCCGACCATGAGACCGGCGGCCTTTACTGCGCCCCGAATTACCGCGACCCGCAGCGGCCGTTCATCCACTACACGACGCAGAGCCACACCGGGGCCCCTGTGCCGGTTTTCGCCTTCGGTCCCGGTTCCGACCGGTTCTCGGGCGTCATCGAGAACATCGCGATCCCGAGCACGATGGCCGAACTCTGGAAGCTGCCGCTGCATCGTCCCGTCGTGAAGTAAGGGACCGGCGGCATGGCGACACGAAAACGCGCGGCGGCCGGGAAATCCGGCGCCGCGCCGCGAAAGAAGGCCGCTTCGGCCGGAAAAAAGGCGCCGAAGCGGAAGCATCCGCTGCTGAAGCTGTTCAGCTTTCTGGCCTTCCTGACGGCCGCGACCGGTGCCGGTCTCTGGCAGATCGGGGAGAAGTACGCCGACAGCCTGCCGTACTACCAGCAGCTCCGGGCGCAGGCGTATTTCCTGAAGGACCGGCTCCTGATGGTGCCGGACCCGACCATTTCGATCAGAACGCCGGAGGATGCGCTCAACTCCCCGTACGATAATCTGTCGCTCGGCGTGCCGGGTATGACCGACGCCGTCATCGACCGGCGAGGCTATGCGCTCGGCTACTCCGAGCAGTATGAGCAGCCGCTCTGGGTCGCCTACACGCTGACTGCGGAGGAAGTGCTCGAGAAAACCGTTTCCCGGACCGACGACTTTCGGGTCGATCCCTA
CP027227.1_gap79	3685868	3687597	1729	GCGGGTATGCCGCGACGCATATCGCGCCGGCCAGCCAGAACGGCGCGGAACTGCGGGTGCGCGGCAGGGCGTCGTACAACACTTTGCCGATCAGCGCATAGCCGATGAACGGAATGGTTTTGAGCGGGAAGAACAGTACCGGGAAACGGTGGAACACCAGGAGATTGTACGCGTAACTCAGGAATGTCGAGCCGATCAGTCCCAGAGACAGCAGGACGAGCCATCCCCGGTTCATCGAACGGTACGCTGCCGAAACTGCCGGCAGCACGAAATAGAGGCAGAGCAGCATATAGAGATACCAGAGGTGCGGGTAGGGCGTTCCGCCGTAAATGGTTGCGACGATGCGGCCGGAGAGGCCCCTGGTCGAAATGAGCTGATAGAACAGCGTCCAGAATATGAGCGGGACCAGAATGCGGGAGGCCCGGCGGCGGTAAAACGCCGCGAGGTTCTCCGTCTCCGGCCCGATCAGGAGCGCCCCCGAAATCATGACGAAGAGCGGCACCGCCGAACGCGTGAATGCCTGCAGCAGCGCGGTTCCCCACCACTCCGGCCCGAATTCGGCAAGCGGCCGGAGCGAGCCGGAACAGTGCAGCAGCACGACGAGGACGGCGGCCCCGGTCCGCAGGACGTCGAGCGAACCGTCCCACGGCCGCTTCACCCGGCGACGCCCCCGTCCCGGAATGCGGCCAGCGCTTCAGGAAACGGGGAGAGCACCCGTTCGAGCACGCCGTGACAGGCCGAAATCGCCATGCCGTAATTGGTGATCGGAACTCCGGCCCGGCGGGCGAGTTCGATGCGGCGCAGCGTTTCGCGCCGGTTCAGCATGCAGCTGCCGCAGTGGACCACCAGTTTGTAGCTCGACAGGTCCTGCGGGTAATCGCGTCCGGCGCCGACCGTGACGTCGAGCGCGCCTCCGGCCGTATTCGCGAGCCAGCGCGGAATCTTGACCCGCCCGATGTCATCCTCGCTTGAATGGTGCGTGCAGGCTTCGGCGATAAAGACCCGGTCGCCCGGCTTCAGGAAGCGGATCGCTCCGGCGCCGCCGGCCAGCAGCGGCATATCGCCCTTCAGCCGCGCGAAGAGGATCGAGAACGTCGTGCAGGCGATATCCGGCGGCGTTTCGCGCACCATGAGATCGACGACCTGCGAGTCGCAGACGACGAGCGCCGGTTTTTCGCGCAGGTTGCCGAGCGCACGCCTGTAGTCGCTCTCCTTGACGACGTAACAGAGCGCGTCGGAGTCGAGTGCGTCGCGGACCGCCTGCACCTGCGGCAGGATCAGCCGCCCCTTCGGAGCCTGGATATCGACCGGAACGATCAGGATGACCGTGTCCCCGGGCTTCACGAGGTCGCCGAGCAGCGGCGGCGGTTCGAGGAAGTCGTCGGGGCACCCTGCCAGCAGCGCGTCCTTGAGCTGCGGCAGGATGCGTTCGCGCTCGGCGTCGCCGCCGGCAGCCGATACGCGGAGCGGTTCGAAGCCGGTCGCCTCCCGGAGCTTTGCGATGAATTCCGGAGAGGGTTCGGCGAGATCGGTTTTGTTGATGACCGGAATCAGGCTGACTTTGCGGTCGCGGGCGGCTTCGAGCAACCGTTCTTCGGGCTCGCCCCATACGCCGGCTTCGGTCACGAGCAGGATTACGTCGGCGCGGTCGAAGGCGCGCCCGGAACGCTCGACCCGGCGGTCTCCGAGGACGGTCCGGTCGTCGATTCCCGCCGTGTCGAGAAAGAGG
CP027227.1_gap80	3840901	3843642	2741	AGACGACGGCGATCAAAATGGCCGCCGGGCAGATGGAGCCGGACGCCGGCGCGGTCCGGGTATTCGGCCTCGACCCGGTCCGTGACGGAGTGCGGGTCAGGGAACGTTTTGCCTATGTCGCCGAACTGATGAAGGTTTACGACTGGATGACGCTCGCGGAACTTCATGATTTTCTGAAGCCGTTCTACTCGAACTGGAACGAGGATGCATTCATCAGGCTCACCCGCGGCTTCGGGCTGCCGTTGGACCGGAAGCTCGGAAGCTTTTCGCGCGGCATGTATGCGAAGAGCGTTCTCGCCGCCGCGCTTTGCCGGGAACCGGAGCTGCTGATTCTCGACGATCCGTGCCTCGGGCTCGACACGGCGTCGCGCCGGAATTTCATGGAGATGCTGGTCGATTCGCTGACCGGGTTCGGCTGTACGGTGTTCCTCTCCACCCACCTGATTCCGGAGGCTGCCGGAATTGTGGACCGAGTCGGCATCCTGAAGAACGGCCGGCTCGTGGCGGAGGAAGACGCGGCGGCGCTTCTGGAACGGACCCGGCTGCTGCGAATTCCGGCCGGTATGGAACCGCAGTTGCCGGAACTCGATGTGCTGCGGCGGAAGAGCTGCGGTCCGGAGCTGCTCCTGACCATCCGGGGAGATGAAGAGGAGACCGGCGCGGAATTGAGCCGGATTCCGGGTCTCGCGTTCGAATTGGAGCCGCTGCCGCTCGAGGAAATTTTCCTCGCCTGGACGGAGAAACAGGAGCCGCGGCAGGAAGACGCAGCCGGATAAAACCCGGTGCAGCGTCGCTGTCCGGCGAAAAAGCGCGATATGCGGCCGGTACGTGCACTCAAGGCATTGCCGCCGCCAGGAGGCCGGGAAATCGTGTTCGGGGAACCGCATACGGTATAAGAGTGCCCCGGTCAATGCCATGGCTTGGGGGATGCGCGCCCCTTCCGGGGCGCGGTCTTACTGCGCGTTCGCGCAGCAGACCGTGCGTGCTCCCCGTGCGAATCTTCGATTCGGTTTGTGAGCCGGTCGTTCCGCCCGCAGATCGCCTCCGGCGGCCGGGGCGCGTCGCCCCCGGACCCCCGACCGGCAAGGTGCCGGCGCCGGCGGCGGCTCCGCCGCCTTGACGGGTGTGCAGGCGGATTGGCCCACTTCACGCAACAGCGGCCGGGAACAGCTCACCACGTTAAACTGCGCCCGGTCAATGTCATGACTTGGGGGATGCGCGCCCCTTCCGGGGCGCGGTCTTACTGCGCGTTCGCGCAGCAGACCGTGCGTGCTCCCCGTGCGAATCTTCGATTCGGTTTGTGAGCCGGTCGTTCCGCCCGCAGATCGCCTCCGGCGGCCGGGGCGCGTCGCCCCCGGACCCCCGACCGGCAAGGTGCCGGTGCCGGCGGCGGCTCCGCCGCCTTGACGGGTGTGCAGGCGTGCGCCGCCTCAGCTCCGGCCTTCAGCGTTTCATTTCCGCTATGTTGCTCTTCCCGGAGATGCTGCGGGCGGAGAGCCGCAGGATGGCAGTGCGTTCAAGCATGGCCTCGGGATAATCGTAGGCTCCGGCGCCGCCGCAGTGATGCATGATGCAGTCGAGGGCTGCGCGCTTCTCTTCGGGCGCAGTTACGAATTCAACCTCGCCCGACGCAATGACACTTTCGTAGAAACAGGTCGAACGGCAGGCCGGTTCGGCCAGGACAATGCGGTTGTCGCCCACGGCGGACAGCACGGCCCGCGGATCGTTTTGCAGGCATTCCATCTTATGCCCTTCGCCGGCGGAGTGGATATAGAAGACAAAAATCCCGCCCTCGACCCGGTATCCGAACGAGACCGGGACGGCGGCGGGAGCTCCGCAGTCGAGGAACGAGAGAGTTGCATATGCCGCCCGGTCGAGAATTCCGGCCAGGGCGGCCACTCCGGCAACCTCCCGCTCCGCGCGCCGCATCAGAACGAATTCCCCATATCGACGATGGCTTCCTTGACCTCTTTCTTCTGAAATTTCGAATTTTTGATCAGATCGTCGAGCATCGCGTCGAATTTCACGGTATCCATCGGGATCGAAACCTCCTCGCCCTTCAGGCCGGAGTAGAGCATCGCATTGCCGAATTCGACCGAGCGGATGCCCTCTTCACCCTCAGCCACCAGTTTCGCCTTCGGATCGAGAACCGCCTTGACGAACGCTTCAATCACATCCTGATGCTCATGGCCGGTGTCCTTGCGGGTCGGAACGACGATGTTCCAGGTGTCCATGCTCGGGAACGATTCCGGAGTGCTCCGGCAGAACTCGTTCACGTCGACTTCGGTGCGCTTGAACTTGATCACGCCGTCCTCGAAGACCATGCGGCCGCGGGTGCCGGAGATTTCGAGCCGGTTGGTGCCGGGGAATTCTCCGGTCGAGGTGATGAAGTTGCCGGTCGAACCATCGGCGAATTCGCAATAGGTGTTCACATCGTCCTCAACCTCGATATCGTGGTATTTGCCGATCGAAACCGTGCTGCGGACCTTGACCGGCAGCCCGAAGAACCACTGGAAGAGGTCGAGGTGGTGCGGACACTGGTTCAGCAGCACGCCGCCGCCCTCTCCGGCCCAGGTCGCGCGCCAAGAACCGCTGTCGTAATAGCTCTGGGAACGGAACCAGTCGGTGACGGTCCAGTTGACCCGGACGATTTTGCCGAATTCGCCGTTTTCGATCATCTGCTTGATCTTCCTGTGCGCCTGGCGGGTGCGCTGGTTGAACATGAGGGCGAAACGGAGTTC
CP027227.1_gap81	3872117	3873820	1703	GTGCGGCTCATGGTGACGCTGACCACTCTTTCAGGCGGATTGACTTATCTGTTCCACGCCGATGCGGTGGCATGGCAGGTGCTCTGGGGAGCAATGCTGGTGGCGGCTGGCGGTTTCGTCGGGTTTCCGCTCGGGGTGCGGATGCACCGGATCGCGTTCGATGCCGGATATGCGCAGTACATCCACAAGAGTTTTTCGATTGTGGCCGGGACGATGTTCGTGAGCACGCTGCTGAACGTGACGGGCTGCCGGGAGGCCAGCCGGATTGCGATGATTGCGATTGCGGCGGGCATGACGGCGGGGCTGGTCGTTTTTACGCTTTATGCGGCGGGGCATCCGAAGAAGGGAGGAAGCCCGCAGTCGCTGACGGATGCGTAAAAGGCGGCGGTCGTTCAATTGCCGCGCTTTTCTCCTTCCGGCTTTCTATGGGTTCGACGCGGCTCCGGCAAACAGCAGGAGCAGGAACGGAACGAAGAACATGAGAAGCTGGGACAGAATGACCAGCATGATCAGTCCGGCGAAGACCAGACACGCGATCAGGGAAAAACGCTTTGAGCTTTTCGCCGCTTTCTCCGCCGCGTCGAAGTTGCCGGCCGCCGCGTAGCTGGAGGCCTGGCAGGCCAGGACGATTGCCGCGATGCCGAAGGGCTGACAGCAGCAGACCGTGGTGAGGATCGCCCACACAAGGCCGCTGTCGAAGGAGACCGGCGGCGTTGACTGCCGCCGGCAGGGTTCTCCGCAGAGCGGGCAGGACCGGGCCGCCTCTTCGAGTCTGGTTCCGCATTTCGAACAAAACATTTCCGCTCCTTACTTGGAATTGAGGATGATCAGAATGAACAGCTGGCCGATGCCGCGAATATGCTCGCCGCAGTGTTGAAGGGCCGGCAGCAGAACAGCGTTACCGGAATTTTCGCTCACCTTCAGGTTTTCTTCCGCATTTCGAACCACACATGCCACCCCCCTCCGGCCGTTTCAATATAAGCCGGCAGAGGAGGGTTTGCAAGCGGAGGATGAAAAAAGCGTATCCGTCCTTATTGCTGCACGAATTCGACCGGGAGATTCGGATTGCTGCCCTTGGAGACCGAAATCATGTGCGGCCCGCCGTTCGCCTTGTAGAGCACGACGAGACGGTTCAGCCCTTTTTGGGCCTTGATCCGTTCCGGCAGCGATTTGACTTCAATCCTGCTGCCGTTCAAATAGACACCCAGAACATCCCGGGAGCCGACGTGGAGTTTCCAGCCGTCGATCGCGGCCTCCGCCCGGAAGGTGAGGGCGACGGCGACCTGCTCCTTCTCCTTCTTCGGGATCTGCACGAGGTACGGCAGATTCCATTCGCCGGCTTTGAGCGGTTCCCAGTTGGAGAGCGATTCCTGCGGATTCGAGGCCGCGGCGAGCAGCTCCGGCGTGAAGGATTCCGGGGGAAGGGGGCCGAGGGCAAGCGCCGTGTCGCGCGGAACCGCTTCGGCGAACTGCGGCAGCTCGTCGGTCGTGGCGACCCAGAGCCGCTGCGGTTTTTCATCGAGTTCGAAGTCCACTTCCGCCGCAGCGAACAGCCTGCCGCACTGGTACAGCGCGGTTTTCCGCTGTTCCGTGAAATTGACCGAGTAGGTGACGGTCGAGCCCGGGGCGATCAGCTCGGCGCTTTTTCGCGGAACCCGTTCGTCGGTCGTGATCAGCAGCGGCAGCCGGAAAGCGACCGTGAC
CP027227.1_gap82	3880621	3881795	1174	GGAGCGTCTCGCCGCGCTGCAGGCGCTCCGCGACGAGGTCATCGAGGGGCTCGACGTGCTGCTGCGCTACAACACGGCCCGCGCGCTTCTGCAGGTCATCAAGGACCTGGTCCGCGAGCGGGTCGATCCGTTGCGGAGACTGCGCCTCGCGCACGACATGCGCACGGCGATGCTCGGCAATCCGCTGTTCATCCGCCGGCTGCTGCGCCGGTACCATCTGGTCGAAATGCCGGAGAACTGGACGCCGGTCACCTTTGACCAGCATGTGCACGACGCGAATACGAAGGGGCGCAAGTCGCCGACCCACCTTATCATGGATGCGTGGATCAAGGGCATCGTCAAGCTGCAGGTCATCTACTACAACTACGTTCCGCGCGAGGCGGCCGAAGAGCTGCTGCGGGCGGCGCGGATCATGAATGTCGATGTCCGCATCGGGGTTGAATTCCGTTCGCTGTTCCGCGGCCGGTTCATCGAGATGATCTGGGCGCCGCGCGGATTTTCGGGCGTCAACGACTATCTGAAGTTCCTCGACCGGCCGAAAACCGAGGAGTTCACGCGGAAGTGCCGCAAGGCCGCGAACTTCCGCCGCAAGGTCGTGCTCGACATTCTCGACGAATTCAACCGCGAGGGGAGGGGCCGGCTCAACGCTTTTTACGGCATCGATCTCCCGCCGGTATCGAAGGAGGAGTTTCTCGCGTCCGTGCAGTACGGGCAGCCGTCGATCGAACATATCGGGGAGCTGCTGGTGACGCTGGTGCGCAGGCAGCTGCTGATCCGGCTGGAGGCGCTCGAAGCCGAAAAGGAGCGCAAGAGCGGCGAGGAATCCCGGCTGAGCGAGCTGCGCGCCCGGCTCGGCGCGCTCTCCGGCGAACTGCTGCGCGCCCGGTATATCGACCGGACCCGCTGGGATCTGCCGCCTGCGAAAATGGACGACCTGCCCGAGATCAACCGCAGCAGCCCGTACGAGCTCATCACCGAACTGCACAAGGTTGCCTCCGGATTTCGCATGACGTTGAATCTGAGCGGACTCCATCTTGAGGACGTGATCGAAATTCTTTACGACTGCCGCGGGGAAATCACGACGCTCGAAATTTTCAACCTGAAGGACGACGTCGCCGGAGAGCGCCCGGACGACGACCTCATCAACCAGCTGCGGCACGCTCTGAACAGCGGA
CP027227.1_gap83	3982447	3985445	2998	GCGGTCGAACCGGAACAGACGCCGCCGGATATGACCGGCGTTCTCGACCGGCTCCTTGTTCTTCCGGAGCGTCCGACCGCCGTGATCCTCGCCAACGACTGGGCCGCATTCGGCTTTCTGCAGGCGTGCGCGATTCGCGGCGTGCGGATTCCGGATGAATTCAGCATCATCGGCATGGACGACTCCGGCAACCTCTGCACGCTGCTCAAGCCGACGCTCTCGTCGGTGGCCATGCCGTTCAACCGGGTATCGCACTTCGCGGCCTGCACGCTCTGCGACCTGATCGACGGCGTCGGCGTTCACCAGCGGAACACCTCTTCGGTGGTCCGCATTCCCGGTTCCCTGAAACAACGCGATTCGATCCGAACCATATAAACAACACCAACCTCACGGAGAAAGATCATGAAACGCAAATCTTTTACCCTCATCGAGCTTCTGGTCGTAATCGCGATCATCGCGATTCTCGCTTCGATGCTGCTGCCGGCGCTGAATCAGGCGCGCGATAAGGCGAACACGGCAAAATGCGTCAGCAACATGCGGCAGAACGGTCAGTCGATCATGCTTTATTCCGCGGACTATCGGGATACCACGCCGCCCTGCCGCGTCAAAGCGGACGGTGAGACACGCGGATTCGCCTATCTGTTGTTTCAAGGGCGTTATCTTCCCGACCGTGGCACGGTAGCCTGTCCGATTTTGTCAAAATATCCGATCCGCACCGGAGACAACGCCAAAGCCTATCCGGAAGTGAAGAACGGAATGACTTACAATTCAAATCAGTGGGTGCTCCCGTTTGTGAAGGATGACGGGACGGTGGAAGGGCCCTCCGGCAGCATGAAGCTCGTGGATTCGCTCTGGCCGAAGTTCGGCGGCATCACGAAGCCGAGCCTGCGTTATATGCAGACTGACGGTTATGTCGAGTGGAGCGGTTTTCCGGAAATCCGTCGTTGGGACCGGGAGCTCAACAGCAAAAACTGGGGCGCTTTTGAGAAAATCTGGGTTCACCGCAACTCCGGTGTGAATATTCTTTATGCCGACGGGCACGTCAACTGGTTCAATACGCTGAATACGAGTTTCGGTCCCGGCGCGAGCCCCGGCACCCGGAATTACGATCTCCACGGCGTCACCAGCTGGTAATGCAATAAACTGTAAAAAGAGATTTTTCACATGAAGAAAAGCACTGTCATTGCGGCCGCATTTTGTGCCGCCTGTTCGCTTGCCGCTTCCGGCGCGCAGGTTTATAATGTCGACAAACTCGTGTTCAAGCCTTCCGACAACGGCTCCGACACGAAGGTGTTTCAGCCGGTCAGGGTCGACAGCGACCGGATCGAAATCGATTTCACCGATCAGGCCAATGCCGACAACTATCTGCATATCGACCTCGGCAATCTCGATCTGACACCGTATCTGCCGGGCGGTTATCTCGAAGTCGACGCCGAGATCGACACGCCGATCCTGCGGCTCAGTCCGTCGCTGGCCGACCCGGCCCGTTTCTGGCCGACCCGCCTCTTCGTCGAACAGGAAGCCACGATGAAGCCGGGACGCCGCACCTACCGCTTCTACTTCGATACGCTTCCGCCGAAGCGGATCGCCGAAAAGAAGGATCATCTGTATCTGTTCTTCCACGATATCGGCGGAGAGGCGCGCGGCAAGGCGAAGGTCATCGTCCACGGCACGAAGCTTGTGAAGAGCGCGCCGGATTTCCAGAAACAGAAAAGCGACTGCTACCGGGAGCAGTACAACTGGCGCAGCTATCCGGAGCTCGGCAAGTTCTACCGCGGCAAGTACGACCGGCTCGTCCCGGCCGAAGCGGTCGAAAGCAATCCGTTCGTGACCCGCAGCAGCCTGAACGGCAAGTACGAGAAAGCCTATCTGGGCGATATCACCTGGAAATACGACAGGCTTGCCGACGAAAGTTTTGCGCAGCCCGGCGCGAAGCTCGCCGGTTCCACTGAAGTGACCGTCCCCGAAAAACCGGTTGCCGACCAGAAGGGCGGTTACTACGTCTACCGCAGAAACTTCCGTTTCGATCCGAAGGCGGGGGAGGCGGTTTACCTGAAGATCGGCGACCTTGCCGACAGCGCCGAAATCTATTTGAACGGCAAGCGGATCGGCACGCAGTCGAGTGTCCGCAAGCGGCATGAGTGGGTGCTCGAAAACGGCTCGCGCCAGACCAACACCTGGGGAAAACCGGTCAGGGAGGTCGTCAAGTTCCAGCACTTCGAACGCATGGCCATTCCGTGCCCGTTCAACCCGGCCGATCTGCCCGACGCCGAAGTCATGATGCTGCCGATCTACAACGGCGAATACGCCTGGAACTATGTCTACGACGTGACCGACGCGCTCAAGCCGGGCGAGAACACGCTCGCCGTGCGGCTGTACGGCAATCCGGTCAGGGGATGGTGGATCTACCGCCATACCGAGGACCGCACCTACCGCAACGAATTCGGCATCTTCGGCGATGTTGAGCTGCTGACCGAAGCGCGTCCGGCCTTCGTCCGGGTCGATGCTCCGGCGGCGGGCCGGGTTGATGATAACGGCATGGCCGAACGCACCTTTTCCGGCAAAACGGTTCCCGGTGCGAAGAAGGTCGTGCTTTCCGGCCACGGCCGCAGCGTGGAGCTCCCGCTTGACGCGGAGGGCAACTTCAGGGGGGCGCTGATGCTTCCGGCCGACTTCAACCGTTACGCCTTCACGCTGACCGCTTTCGATGCGGAAAACCGCGCTTTCGACAGCCGCAACGTCGAGCTCAACGGTTCGGTCATCGAGCTGCGCGACGGCAAGCTCTATGTGAACGGCGATCAGTTCGTGATCCGCGGCATCAACTCCGAGACCGGCATCGAGTGGGACAACGACCGCCGCCAGACGCGCCGCCGCTGGCTCAAGATGCTCGGAACCTACAAGCAGCTCGGTTTCAATGCGCTCCGCATCGAGGGCGTGACCGAGCAGCAGCTCAGGGACGCGCTCGACTACGGTTTTCTCGTCATGCCGGTATACGCCT
CP027227.1_gap84	4091643	4096108	4465	GGATGTGCCGCCCTGCGGCTTTGCGACCCACACTGTGAAGGTCAAAGCCGGGCGGCCGCTCAAAGGCGTGTTCCGGCTTCAGCTCTCCGGCGCGGGGGCCCCGCGCGAAGCCTTCCGCGGTCCGGTCGAATTCGACCGGAATCCGCAGCTGCCGAAGGCCGGCTACGTTCCGGAGCCCCGGCCGGTCAACACCCGGTACGAGATCGGCGCCTTCTATTTTCCGGGATGGGAGACCGGCAAACGGTGGAACCAGATCCGGACCGCCGCGCCGGAACGCAAACCGTTGCTCGGCTACTACGACGAAACCAGCCCGGAGGTTGTCGACTGGCAGATCAAATGGCTGGTCGAGAACGGATTCAGCTTCCTCCTGGTCGACTGGTACTGGAACCGGGGCAGCCGCAGTCACGAGCACTGGGTCAAGGCGTTCGACCGGGCCCGCTACAACAAATACCTGAAATGGGCGGTCATGTGGGCGAACCATACGCCGCCCGGCTCTCACTCCGTCGAAGACCAGCGCGCCGTGACTCGTTACTGGATCGACAACTATTTCAACAAACCCTACTATTACCGCATCGACGGCAGGCCGGTCGTCGTGATCTGGCAGCCCGGCAACATGCGGCGCGATCTCGGGCCGCATGGAACGCATAAGCTGCTGCACATCTCTCAGGAGATGGCGAAGGAGGCGGGCTTGCCCGGCATCTGCTTCATCGCGATGAAATGGCCGGAAGCGGCCGTCGACGCGCAAGCCATTGAAACGCTCAAGGCGGACGGTTTTTCCATGACCAGCATCTATCACTATATGGGAACCGGCGACCGCACGCCGGCCAATCCCGCCCGCTACGACTTCAGCCTTGTCGCGGAATCGAGCCCGGAATTCTGGAACCGGAACCACAAAGCCGGCGTCCTGCCCTTCCTGCCGAATCTTTCCACCGGATGGAACGATTTCCCCTGGCACTTCTACGGCGGCACCGCGGTCGAGAATCGGACGCCGGAGCTGTTCCGGGAGATCTGCCGCGACGCCAGGCGCTTCGCGGACCGGACCGGCATCCGGCGTCTCGTGCTCGCCCCGCTCAATGAATGGGGAGAAGGCTCCTACGCCGAACCGAATCGGGAGTACAAGTTCAAAATGTATGAAGCGGTCCGTGACGCCTTTGCGACTCCTCCTTCCGGCGGCTGGCCGCTCAACTACGGTCCCGAGGCAGTCGGTCTGGGCCCGTACCCGCTCGATCCCGCCGCTCCCTGACGGCTGCATCGCGGGGAGCGAAGGGAAACAGAACGTTTTCTCCCGTTCCGGATGTATTTCATATAAAAATCCGCACAAAATAAAAAATAAATCAATAATTGTGCTGTTTTCTCTTGCTTTTTGTGTTGATTTTTGGTATAATATAGACAAACGAACATGAGAAAGCGGAGAAAGATGAACCATTCGACCGGAAAAAACGCGCTGAAGCGGCAGAAGGCGGAAGCCTATATCCAGATGAAAATCGCGCAGTTGAACGCGGGTGAGGCTCTGCCGCCGATCCGGCAGATGATTGCGGAGAGCGGAATCGGCCGAAATGTGCTTGAAAACTGCATCGCCCGCCTTGCGGCGCTGAAAATTCTCGAAACGCGCGACCGTTCCGGCATCTACCTCTCCGACTGCAGCGGCGAGCAGGACGAACGGATCATCGACGTCATCGCCTGCTCCGAAATCGGTTATATGAGCGCCGATCCGAATACCTATGCGCGGGAGCTGGTGAATATGCTGCTGCGGCAGTCGGCGCCGAACGGCTACGCTTCCCGGCTGCTGCGGGTCAGCTACTACGCGCCGCTGGAGGAGTACCGCGAGCTGATCCGCAGGTACAAAATCCGCAATGCGATGCTGATCATGCCGCACTGCTGCGAGATCGGCCGCATCTTCGAAGCCGAGAACGTGAAACACATCGTGGTGCTGCCGCGCTACTATCCGTCGCAGGGGCCGGCCGTGATCGACGCGCCCGGAATGGTCACGCGCATGATGCAGTATCTGTATGAGCACGGCCATCGCCGGATCAGCCTGATGCATACGGTCGACCTCGGTTTTCTGTCGCTGACCGACCTGCTGCGGCGCGAGGAGTATTACCGCTTCATGAGCGAACGCAATCTCCGGGTGCTGCCGGACTGGGTCGTGCATTATTCGACCGACGAAAAGGTGCTGTTTCCGCGGCTCGACGCGATGTTCGGTTCCTCGGAGCCGCCGACCGCCCTCGTCACCTTCGACTGGATTCTGAAATATGTCTACGACTACTGCAAACAGAAATCGATCGCGGTCGGCCGGGATTTTTCGATCATCGCGGCTTCGGGACAGGAACCGGCGGGCTTCGTCCCGGTTCCGGCGGCGGTGATGAACTCCGTCCGGGACACGGTGGAGCTGGCCTGGAAACTGTTCCTCGAATCCGGGACAACCGGCAACGGAAGCATCGACTATGTCGATCTGCGGACCTTCGAAGGGGAGTCGGTCGCGCGGCTCCCCGCGGGAACGGGGAAACGCGCCTCCGGCCTGCCGGCGCGGTGTTGAACCGGGCCGGAAATGCAATTCTGAAAGGAGTCCTCATAAGACCCCGTCTGTCCGGAAATCCGGGAAACTTCACCCTTTATTAACAATATCAACAAAGCGGAGAATGGAACCATGAGAAGAACCCGTTTCACCCTGATCGAGCTTCTGATCGTTATCGCGATCATCGCGATTCTCGCCTCGATGCTGCTGCCGGCGCTGAACAAGGCGCGCGATACGGCCAAAGCCTCCTCCTGCACCGGAAACTTCAAACAGATCGGCCTCGGCATGTGCCAGTATATCGATGACTTCAACGGCGCGTTTCCCCCGACCTTCGACGGGCAGGGCGTGAATATGGGCTGGTGGTATGCGGACGGCTGCCCGACCGACCCGGCGAAATGGGTGATCCGCAGTGACAGCTACGGCAGCTGGATTCCGCGTGTCTATCCCTATATGCGCAATGCGAAGGCATATCTGTGTCCGGTCGAGAACGGGCGCGGCTACAGCGTCGAACAGCATCTCCAGAACGACTATTCCATCTCCAAAATCTTCGGCATTCTCGAAAAGAGCGGCAAGCAGCTGAAAAATCCCTCCTCGGTATTCGTGATCAGCGAGGGATGGGAAGGGCCGAACATCTACACAGCCTATTCGATCGAGGTCCGTCACAATACTTCGGCCAACATGCTGTTCGCGGACGGACACGTCAAACTGCGCGGCCGCGGCGAAATCTATACCGACTGGGAGGCGTTTTATCCGGAGGCCGTGGACGGCGTTCACGTTTCGAACCCGTTCCCGGGAACGGCCGCCGCCTGGCAGGCGTCCAACGCCCTCCCGGTCCTGCCGGGACAGCAGTGAAACCAAATTCAACGGAGATTGTTCCATCATGAAATTCGCATCTGCACTGTGCGGCGCGGTATTGCTTGCCGCTCCGGTTCTGCCGGCCGGAACCGTTCCGGCCGGGCTCCTGAACTCGGTCACGACGCCGAAGGAGATCAATGCCGACCACTTTATTTCGAGTGAACGGAACGGAGACGTCTTCACGCTGAAGTCGCCGTCCACGGAACTTTCCGTCGATGCCGCCGGACTCGGGATCACGGTTTCCCGCGACGGAGCGGAGTGGAGTATTCTGCCGCCCGAACCGTTCACCGTCCGGCTGCCGGATGGCACGGAAAAGACGGTTGACTGTTCCGCTGCGCGCTCCCGCCGTGCGGAGATTCAGCAGTTCGCCGGAATCCGCGGCGTCCGGATCACGCTGTCGGAATTCGTCGCGGACGCAACTCCGCTCGATCTGACCGTGCGGCTGTTCGCCGGAATCGACTGGCCGACCGGGGACGTGGTTTTCGAACTGCGTCCGGATGAAACGAAAACCGCGCTGCGCCGGGCATCGTGGCCCGGCAGCATCGACGGCGGCAAAGCCGAAGAAGCGGTGATTCCGCACAAGCAGGGATTACGGATTCCGCGCGACTGGCCGAAGGCGCTCGACGCGCCCTACGGGGATGCCGACAAATTCGCTTTCGCCTACAGCCACACGCTCTATATGCCGTGGTGGGGCTTCTCGAAAAACGGAAAATCCGCCATGATGGTGCTGGAGACCCCGAACGACGGCGGCTGTTATTTTCGCCACACGCCGGAGAGCGGCACACGCATCACCCCGAAGTGGGTCCACTCGCTCGGACGCATGAGCTACACCCGCCGCGCACGCCTGAAGCTGCTGGACGGCAACTATGTGCAGATGGCCAAGGCCTACCGCGCCGCCGCGATCGAAAACGGGACCTTCCGCTCGCTGAAGGAGAAGATCGCGCAGACTCCCTCCGTCGCGAAGCTGATCGGCTCCCCGATCGTGCACACCACCGCTCTTTTTACCGATATGAACCGCGGCACGGATTGGATGATCACCTATGCCGAACACCTGAAACGGCTGGCCCGGCTGAAATCGATGGGGCTTGAGAAACT
CP027227.1_gap85	4230473	4232834	2361	GCCGCGGGGAAACGAAGCGCTTCTGCGATGTTTTCCGGAAAATCGTCCGGGGCGGGGAATGGAACGCGCTTTCCGGATGAAAAATACGGTTAATCTCGCATGAATCCTTTGACTAATGGGCTTTCCGGTAGTATTTTATGGAATGAATCAGGTCGCCGGGGTGTAGCGCAGTGGCTTAGCGCGTCTGCTTTGGGAGCAGAAAGTCGAGGGTTCGATCCCCTCCACCCCGACCATTTTCGCCTGTTCCGGGGGACGCGCCTGAATGACTGGGTTTGACAAAGGGGAATACATTGCCGGGGAGACCGGCTCAGGTTATGAAAAAATATTATCCGCTTCTGGTGATCGCGTGCTTCGTGCTGCTTTATCTGGGCTCGATCTGGCAGAGGCCTTTTTTTATTCCCGATGAGACGCGTTATGCGGAAATTCCGCGTGAAATGATCGCAAGCGGTGACTTCATCGTTCCGACTCTGAACGGACTGCCGTATTTTGAAAAGCCGGTCATGGGCTACTGGCTGAATGCCGCGGCAATGAAATGTTTCGGGGAGGTGCCGGGGGCCGTCCGCTTCATGGGCGCGCTCGGGACGCTGCTCTCCGCCGGGCTGCTCTGGCTGCTCTGCCGCCGGGCGGATGAGGAGAAAATCGGCCGGGTTGCGGCAGTCGTCTTTCTGCTTTCCGGCCTTGTTTTCGCGGTCGGCACCTACGGCGTCCTCGACGCCCAGTTCAGCTTTTTCGTTACTTTGACCATGAGCATGTTCTATTTCGCCTGGACGGAGAAGTCCCGCTGGAAGCTGGCCGGGTATCTGGCGCTTGCCGGCGTCGGGACGGGATTGGCCTTTCTGACCAAGGGATTGCTCGGCTTTGTGCTGCCTGTCCTTGCCGTGGTGCCGTTCCTGATCTGGCAGAAGGAGTGGAAGCGGATCTTGTTTCTGCCGTGGATTCCGCTCGCAGCGGCGCTGCTCGTGCTGGCGCCGTGGTCAATCATGGTGCACCGGGCCGACCCGGATTTCTGGCCTCAGTTTCTGGGAGTCGAACACTTTCAGCGTTTCTTTTCGGGCCGCGGCGCGAATGACGACCGCAGTCAGCCGTTCTGGTTTTTCCTGCCGGTCGTGATCGGCGGGCTGCTGCCCTGGCTGCTTTTCGTTCCGGCGATCTGGCTCGGCTATCGCGGCCGGGCGAGAGAGGCTTTCCGGAATCCGCTGCTGCGCTATGCGGCCTGCATGGGCGGTGTCTGGCTGCTCTTTTTCTCGGTGTCGAGCGGCAAGCTGGCCACTTACGTGCTGCCCTGTTTTCCGGCTTACGCCGTGCTGATCGCCTGGGGGCTCGTCCGCTATGCGGAAACCGGCAAAACGTTCCGCGAGGCGGACTGGGCGCTGCGGATTCTGTTCCGCTGCCTGCTGCCGGCGCTGGTGGTGCTGTTTGCGGTGCAGGCGTTCAATCTGTTTGTGCCGGGTAAAATTCCGCAGCATTATCTGCTCTTCTGGCGCGGGGAGAATTTCTTTCTGCCGGTCATCGCGCTCATGGTGTTTCTGCTCTGGATCTGGATGGCGAAGGAGGCGCGCGAGCCCGTATATAAGTTCACCTGCGTCTGCGTTGCGGTCGGTTTTGCGGCGCTGGCTTACCCGGTCTCCATTCCGCACCACCTGGTGCGGGAGATCGCTCCGGTCGATTTCCTCGCCCGCAATGCCGGGAAATTCCTGACCCCCGACACGCTGATTCTGGCCGACGACCGCATGGCGGTCGTCGCGGCGTGGACATTCCGCCGCTCCGATATCGGCGTCTACTACAAGAAGGGGGAACTCGCTTACGGTCTCGACCGCCCGGAAGGGGAGGGGAGATTTTATACGAAGGACGCTCTGGCGGAGCTGGTCCGGAAGACAGAACGGCCGATTCTCGTTGTGACCGGCTCTGAAAAGCGGGCGCGCGAAATGCCTGCTTCGCCGGAGAAATCCTACCGCCGTTCCGGTGATTTATTTCTGGTTCATTACCGACCGAAAGGAGAGAAACATCCATGAAGTACTACGCTCTGGTTGGCGTGTTTTTCATTGTCGCCTATCTGCTGCCGCTGGCCGGCCGGCCGATGGTCACCCCCGACGAGTTCCGTTATGCGGAGATTCCGCGCGAGATGATCGACCGCGGCGACTACGTGACGCCGCATCTGGTCAATATGCGCTATTTTGAAAAGCCGGTCATGGGCTACTGGATGACGGCAGGCTGCTTCAAAGTGTTCGGCGAGAATGCTTTTGCGCTGCGTCTCCCGGCTGCGCTCGGGGCCGGGCTCGCCGCGCTGCTCGCCGCGCTGCTGATTCAGCAGACTCTGCATGACGAGAAGATAGCCGCACTGGCGGCCATGCTGTATCTGAC
CP027227.1_gap86	4293166	4297691	4525	GGACGGCGCGGAGGAGGGCGATCAGGGCAAGAACCGCCTGCCGCGCGACCACGCGCAGGATTATTGCCGCGGCGCTTCGCTTTATCCCGAGACGGAGGCGCTCGTGCGTCTGGTCCGGGCGGAAAGGCCGTGCATTGTGCTTGATTTGCACTGTCCCTGGCTGAAGTTCGAACCGAACGAGCGGCTGCATTTCGTTGGGCCCGAGTCGAAACGGATGGAGCGGGCGATGGACGCATGGGCCGTGCGGCTTGAGCGCGAACTGCCGCCCGGGCTGCCGTATTCGGCTTCGGACAACATCCGTTTCGGCACCGGCTGGAACACGGCGGAGAATTATGCGAAGGGCCGGATGCTGAGCTGCTGCTGCGGAGGATTCGATTTCGTCCGGGCCGCGCTGGCGCTCGAAATTCCGTATGCGAACATGCGCGGCTGTGTGCTTGATGCGGCGAAGGCGCGGGAACTCGGCTCCGTGCTGCTGCGGGTGGCCGCCGCCGCTTTGCAGGAGTGAATTTTTTCTTGTGCCGCGCCCGGCTTCCGGCAGTTGGAACCCGGGCGCTTTTTCTTGCGATTTTGTTGTCTCCGCGACTGGAAAAAAACGGGAAGGGGCATATAGTATGTCGCATACCTGCCCATAACATTTTTTCCGGAGATTTTTGACGCCAATGCTGTACCTTCTTTCGCTGCTCGGTAACGATTTCCTGCCGTTTCGCCTGTTCGATTACGTGACCTTCCGCGCCGGCGGCGCGGCGCTCACCGCCTTCCTGATCGTGATTCTGCTCGGCGGCAGAACGGCCCGCTGGCTGCGCAGGCTCAATGTCAGGACCAGCGAACGGCTGGAGGGGCTGGTCCCCGCCGAATTCATCGACAAGGAGAAAAGCCGGACACCCTGCATGGGGGGGATTCTCATGATCGGCGGCATTCTGATTTCGGCCTGTTTCTGGAACGTCATGAGCAGCCCGATTTCGATCCTGCTGGTTGTCTCGACGTTCGCCTTTGCGCTGGTCGGTTTTTACGACGATTACCGCAAGGTCGTTTACAAGGACCGCGACGGCCTGCCCGGGCGGTACAAGCTGCTGTGCCAGATCGTGATCGCCGGGCTCGGCGTCTGGGCGCTTTTCCTGATGCCCGAGGTCGGGCCGTACATGGATGATTTCATGGTGCCGTTTTTCAAGGACCCGGTGCTCATCTGCACGCCGTGGACGGTGCTGGTGGCAGTCGGCACCGTCGTGGCGACCTCGAACGCGGTGAACCTCACCGACGGCAAGGACGGCCTTGCGACCGGCTGCACGATCTTCTGCACGCTGACCTACGCGGCTTTCGCGTACCTGATGGGGCATGCGGTGTTTGCGAACTACCTGAAGGTCCCGTTCATTCCCGGTGCGGGCGAGGGAATGGTGTTCGCCGCTGCGGTCTGCGGCGGCTGCATCGGGTTTCTCTGGCACAACTGCCACCCGGCTTCGATGTTCATGGGGGACACCGGCAGCCTCGCCCTCGGCGGCGCGGTCGGATTTCTGGCCGTGCTCGTGCGGCAGGAGGTGCTGCTGATCCTGGTCGGCGGGGTTTTCGTCATGGAGGCCGGGTCGGTCATGCTGCAGGTGCCGTACTTCAAGCTGACCGGGAAACGGATTTTCCCGTGCACGCCGATCCACCACACCTTCGAGCGGCGGGGGTGGACCGAAACGCAGATCGTGGTCCGCTTCTGGATTCTCTCCGGCGTCTTTGCGCTGATCGCGCTGGCGACGCTCAAACTGCGCTGATGCTCGTTCCGGCTTTACCTCCGCAGGGTTGGATGCGGGAAGAAAGATGCATATTTCCAGTGCGGCGGTTGCGAAAACGGCGCGGAGGTGGTACATTCCTGCATATGACAATCCAGTGAGGATGGAGGTGGGGCATGTTTCTTGAAAAACTCGTGAATTCCAGGCGCAGCGGCGTGGTTGCCGTGGAGACGCGCGATGACGATGCGGTTTTCTTCTATCATGACGGCGGCGGATTCCGGCAGGAGACGGTGCCGTTTACGCCGATGCTGCTGCTGAGTGCGCCGGAGCAGCTGGAGGATTTTTCCGGCACGGCGGCGGTTTCGCCGTTCGACGGGAATATGGTTTTCCGTTTCCTGGCAAAGTTTCCGACCGTCTCGGAGTATGAACTCGCTTTGAAGCACCTGAAAAAAGGCCGGGGGGCGTATTTCGTCTTCCGGGATTACGCACAGCAGATTCTGCAGCAGGAGGAGACGCGGCTGTTCGCCGGGATGGAATTCCGGGAACTGCGGCGGCTTCAGTTCGACCTCGAAGTCAGGACTACGCCGGGCTTCGACTTTCCGAATCCGGACCGTGCGGGGGACGAGATCGTCATTATTTCGATGTGCGACTCCACCGGCTGGGAGCTGGCGCTGTCGCAGGATGCGATGGGCGAAAAAGAGCTGATCGAAACGTTCGTGCGGACGGTTGCGGAACGCGACCCCGACGTGATCGAGGGGCATAACCTCTGCCGCTTCGACCTGCCGTATCTCGAGGCGCGCGCGAAGCGGCACAAGGTGCGGCTGACGCTCGGGCGCGGCGGCGCGACGCCGAAGAAGCGGTCGAGCCGGTTCAGCCTGGCTGAACGGATCATCAACTATACCCGGTACGACCTCTTCGGACGGCATGTGGTCGATACGCTGCACCTTGCGATGATGTACGACGTGTCGAACCGCGATCTCGAGTCCTACAACCTCAAGTACCTGGCAAAGCATTTCAATTTCGCCTCCGAAGAGCGCACCTACATCGATGGAGCCCGGATTTCGCAGGCGTGGGAGGAAGAGCGCGCGCTGCTGCTCGCCTATGCGCTCGACGACGTGCGTGAGACGCGGAGTCTCGGGGCGCTCCTGAGTCCGAGCTACTTCTACCAGACGTCGATCCTGCCGATGAAGTATCAGGATGTGATCGTCCGCGGCAGCGGCACGAGCCTCGACGCGCTTTTCGTCTCCGAGTACCTGAAAGCGCGGCATTCGCTGCCGCTGCCGGAGCCGGCCCGCCGTTTCGCGGGGGCGCTGACCCGGGCGGACGAGGTCGGCGTGTTCGAGAACGTCTGGCACTGCGACGTGCGCTCGCTGTATCCGTCGATTCTGCTGGCCGAGGGATGGGCGCCGTCGCGCGACGGTCTGCGCGTGTTTCCCCGGCTGCTCGATGCGCTGCGGACCTTCCGGCTCGAGGCGAAGGACGCGATGCGTTCCACGCGCGATCCGGCCGAACAGAACGAGTTGAAGGCGCTGCAGGGGACGTTCAAGATCCTCATCAACTCGTTCTACGGCTATCTCGGATTTTCGCAGGGAACGTTCAACGACTACGACCTTGCCGAGCGGGTCACGGCGCGCGGGCGGGAGATCCTGACCATGATGCTCGATTTCCTGACCTCGTCGGGCGCGAATGTCCTTGAGATGGACACCGACGGCATCTACTTCCAACCGCCGGCCGGGGTGACCGACAAGAGCGCCTTTCAGAAACGGATTCAGGGGGCGCTGCCGCCCGGCATCGAGGTGGAGCTCGACTCCGCCTACGCCGCGATGTTCTCCTACAAAAGCAAGAATTATGCGCTGCTCGGGCTCGACGGAACGGTCAGCATCACGGGGGCGGCGCTGAAGTCGCGCGGTCTCGAGCCGTTCCAGCGGCGGTTCATCTCGCGTCTGGTCGAGCTGCTGCTGAAGCGCGATTTCGCGTCGGTTCCGGCGATGTACGAGAAGATGCGCGGAGAGATCGAGCGGCGCGAGCTGCCGCTTGCGGACCTCGCCAAAAGCGAGAACCTGAACGATTCGCCCGAAACCTACAAGCGGAAACTGGCTGCCGGAACCGGGCGGCGCAGCGCCGCCTACGAACTCGCCATCCGCTCGAAGCTCGACTTTCAGGCCGGCGACCAGGTGACCTACTACCTGACCGGCGAGAAGAAGAAAGTCTCGGTGGTCGACAACGCGAAGCTGCTGTCGGAGGCGCCGGCCGGGGAGCGCGATGAAAACGTCGCCTACTATCTGAACAAGCTCGATGAGCTGTACGCCAATTTCAAGGCGTTTCTGCCGGAGGAGAAAAGTCCGCTCGGCATTTGAACCGGAGAAGAAGGAGGAGGGGAAATGAAGAGGTGTGATCTGGACAAAGCCCTGCCGGAGGGAATCCGGAGTTTCGACGAGTGGGAGGCGAAGATCACGAAGTATCAGACTCCGCTGATGAAGCGGCTCGATTCGCTCGATCTCGGCAGCCGCCCGAAGAACTGGACCCGGGCCGCGCTGTACGAGATCGTGCTCTGGGAGCTGAACCGCTATCCGGAGATCGACGACACCCTGTTCCGCGACCTTGCCGGCGCGGCGAAGATCGCTCCGGGGAAGCACAGGGAGGGGAAGGAGCTCTTTCTGCGGCTGCTCGGCTGCCGGAACGTCGGGCTTACCATGGCGACCGCGATTCTGCGGTTCGTGAATCCCGGCACGTTCCAGACATTGAATGCACGGAACGGTTTCGTCGTGCTCGGCGCAGGAGAGATTCCGTCCAGACCGGAAGAGGCGGCCGAC
CP027227.1_gap87	4311758	4312317	559	GCGGCGGAGGGAAACGAGACGATCATGTTGGACCGGCTGAAAAAATATCTGATGCGGCGGCAGCGCCCGGTTTCATTCCGGGACCCGTTGCGGATCGTTCCGGCAAGCCGCGGCTTCGGCGCCGCGAACGGCACTCCGGTCGACCGGTATTACATCGAGCGTTTTCTGGCGGAAAACCGCAGTTCGATCCGGGGAGTCGTCGGGGAAATTGCGGAAAATTTGTACACAGGGAAGTTCGGAGCGAAAGACGTGCGAAGTCTGGTCTTCAATTTCGACCGGAAGGCGGCCTCCGATCTCACCGGCGATCTCTCCCGGCCGGAGACGCTGCCGGAGGAGCTGTTCGACTGTTTCATCTGCACGCAGACTCTGAATTTCATCTTCGATGTTCCGGCGGCGGTTTCGGGGCTGGCGCGCATGCTGAAGCCGGGCGGGGTTCTGCTCGGTTCCGCGGCGGGCATCAGCCAGATCAGCCGCTTCGACTACGAACGCTGGGGGGATTACTGGCGGTTTACCGACCTGAGCCTGCGGCGTTTGCTCGAACGGGAGTTCGCGGAAGTCG
CP027227.1_gap88	4320652	4323446	2794	TGCTCGCGGCCTTCTTCCGCGAAGCGCGTTCGGCCGGGCGGGAGCTGCCGATCCGGATGCGGAACGGCTTCGACCCGGAATATGCCGTGCAGCTGAATGTCCTGATGCGCGAGGTGTTCGACTTCGACTTCGATTTCTGGTTCCGGCGCGGCATGTGGAGCGACAAGTACGAGAGTTTCTCCCTGATCGACGCCGGGCGCATGGTCGCCCATGTCGGCGTCTCGCGCATGAAGCTGCGCGTGAAGGGGAAAGAGTTTTTTGCGATTCAGCTCGGCGGAGTGGCCACTTCTCCGGAAGCGCGCGGGCAGGGATATATGAGGCGGCTGCTCGGCGGCGTCCTGCGGCGCTATGCGGAGACGCCGGTTTTTCTGTTCGCGAACGATTCCGTGTCGGACTTCTACCCGAAGTTCGGATTTTCTGCGGCGCGTACGATGCGGCCGGTTGCGCGGTTGTCGATCGACAACCCGTTCGAACCGGAGAGATGCACGCCGGACGCGGCTGCCCCGCTGGCCGGAAAACGGCGTTTCCCGTCCGCCGTGTTCGATGTGCTCGACTGCCGGGAGCTGCGCTGCTTTCATCTCTTCGGCGGATATGCGGACCGGCTGCTGCGGCTCGGCCCCGGTCTCGCCGTCGCGGCGGAGCAGTGCGGGGACACGCTGCTGCTGCATGAGCTTCTCTGCGACCGTCCGGTCGACTGGGAGACGCTGGCGGCGCGCCTGCCGTTCCGGAATATCCGGCGGGTGGAATTCGGTTTCCCTCCGGACCGGCTCGGCGTCGAATTCGACTGGGAGACGCCGCCCGAACCGGAGCATCTCTTTCTGCGCGGCGGCTGGGACCTGCCGGAGAATTTCAGCATTCCCGCATTTGCCGTCACCTGATTCGCGATGGAGCGGGAGTCGGGCTGTCCGGTTCGGCCGTCACCTTGAATCGCAAAAAAACGGGAACCGGTTGTCCAGGCCGGTTCCCGTTGAAATTCCCGGACCCGTGAGGAGCAAATCCGGGAATTTCCGGGGAGGTGTTGTTACTGATTGCTGAAGAACTGGAATCCGGGATAGGCTTCCATGCCGTGTTCTCCGAGGTCGAGGCCGCGCAGTTCCTCCTCTTCGCTGACCCGCAGCCCCATGGTTTTTCTGATCGCGTAGAAGATCAGCAGGGCTGACGGAAAGGCGGCCGCTCCGACCGCGAGTACGCCGGTCAGCTGGGCGAGGAAGCTGTAACCGGTGTCGGGGAAGGCGAAGATGCCGACCGCGAGTGTTCCCCAGATGCCGTTCACGAGGTGGACGGAGAGCGCGCCGACCGGGTCGTCGAGCTGCAGTTTGTCGAACATGAGGACGGAAGGCACGACGATGACGCCGCCGACGAGCCCGATGATGATTGCGCTGGTCGGGCTTACGCAGTCCGCGCCCGCCGTGATCGCCACGAGTCCGGCCAGGCATCCGTTCAGCGTCATGGAGAGATCCGGCTTGTGCAGCAGCACCGAGCTGCAGACCAGCGCGCCGATGACTCCGGCGGAGGCGCCGAACATTGTGGTCACGAGGACGAAAGAGATCTTGGTCGGTTCGGCCGAGAGGATGGAGCCGCCGTTGAACCCGAACCAGCCGAGCCACAGGCAGAATACGCCGATCGTCGCCAGCGGCATGCTGTGTCCCATGATCGGCATCGCCTTGCCGTTCACGTATTTGCCGATACGGGGCCCGAGCAGCAGCACGCCGGCGAGCGCGCCCCAGCCGCCGACGCTGTGGACGAAGGTGGAGCCGGCGAAGTCATGGAAGTTCAGATCGGCCAGCCAGCCGCCTCCCCAGCCCCAGGAGCCGATCACCGGGTAGACGAACATGACATAGAAGAACGTGAAGATGAGGAAGCTGCTGACCTTCACGCGCTCCGCCACCGCTCCGGAGACGATGGTCGCGGCGGTCGCGGCGAACATGCCCTGGAAGAAGAAATCGCTCCAGTAGGTGAAATGACCGTTGTAGGCCATCGCCTGTGCGATGGTCGCGTCGGGATCGGCGCCCATGCCGAAGCCGGCGAAGCCGAGCACCCTGCCGACCTGCCAGGCTTCGCCCGGATACATGAGCGAAAAGCCCATGATCGCGTAGGTGATGAAACCGATCGCCGGAACCAGCGTGTTCTTGAAGAGGATGTTCGTGCAGTTCTTCGCCCGGCAGAGGCCGGATTCGACCGTCGCGAAACCGAGGTGCATCAGAAAGACCAGCATGCCGCCGATCAGCACCCAGAGGTTGTCGATGTAGAACAGAGCCTCCGCGGCGGTTGCGGGTGCGGTCGCGGCAGCCTCCTCCGCCGGAAGCGTCGCCGCCGCTCCGAGGAGGGCGAGGGTGGAAACTGTTTTCAATTTGTGCATCATGATGTTATCTCCGAAAGTAATGGAATCGTTTCTGGCTGGCATACCGGTCATCCGATGGCGTCCGGGCCGTGTTCGCCGGTGCGGATGCGGATGCAGTCCTCCATCGGCAGAACGAAGATTTTCCCGTCGCCGATCCGGCCGGTCCGCGCCCCGGCGATGATGCCTTCGAGCGTGGTTTCGACGAAGTCGTCGTTGACGCCGATGGCCAGCCGGACTTTCTTGAGCAGATTGACTTCGGCCATCGCGCCGCGGTACGCCTCCACATACCCTTTCTGCTGCCCGCAGCCGAGCGCGTTGCTGACCGACATCTTGAAGACATTGCGCTTGTAGAGCTCCTGCTTCACTGCGTTCAGCCGTTCGGGCTTGATGTAGGCAATGATGAGTTTCATGAGTTCACCTCCCTGTTTCTGATTGGGTTCGACTGTGTTTTAG
CP027227.1_gap89	4457452	4461813	4361	GATCGATTTCGATTTTACGAGCAAGTTTCAGAGCGAACTGACGTCTCAGGCCCCTGCCGGGGCGATGGCCACTTCTGCCGTGATCGACGAGGTGAAAATCGAGGTGCTGAGCGGTAAATTCAAGCTGGGCGGCATCACTCTCATGGATGTGCATGATTCGGATCAGTCGAAACATTTCGGTGTGGATTTCGTGCGTTGGGATGACCCGGCTGACGGTCTTCCGGAAACGGACGCCGCTCTGACTCTGTTTTCGAATGCGAATGTTCCGGGCAAGGGAACGAGCGGAAACGACTGGATTGCCGGCAGCTCTCTGGCGTCTGTCCCGACCGGATATCGTTACTTCTACCTCGGCGGCATGGAGGCGAAGGACCCGCGTCAGAACCTGAATGCGAATAATAAGAGTGATTCCAACGAAACGGACTGGAGTCTGTTCTCCAATATCAAGTTGGTGGATTTCGACAATGCGAAGCCGTCGAAGGTGATGAGCATTGAAATGCCCGCTCCTTCGGATATGAGTGCTGATCAGAAGGTGAAAGAGCGTCTTGGCGCGGGGCTGCGCAACACCGATGCGAATCCGAATTCGAAGGATGCGGCGGGCGGGACCGCTTTCGATTCCAGATACGATGTGGAATTTGCCACGGACCCTGCCTGGCGCGGAAGTGCCGACGATGAGCACCTGTCCACGGCGTTCATTCGAAACGCCCCGATGGAATCGCTCTGGGAGCTCGGGGCGATTCATCGCGGCTCGGCCTGGCAGACCCTGAATCTGACCTCCGCCAAAAAGCCGGGGAGCACCACGGAGTCCGTCGGGGCGGAGGATATGCGCCAGAGCATGGGCTGGGCTGACTCCGGCACCTCCTATGAAGGCGGTGACGGCGGAATCCTCGAGCAGGTCAAAATGAGCGATGACGCCTACTGCATGGGGAAAGTGGATGTCAACATGCTCTGCGAAAGCACCTCCGTCAACCCGGAGTATTCTTCCTGGGATGACGATGTCGGCAAGGCGATCTTCTACAACCTGAAGCTCGGCCACACCTTCCAGAACTATCTGGATAAGAGCCTGCCGGATACCGGGTTAACTGTAATCAGTGACGACAGCGCCTCCAAAGCGGTTCCGTACCTGAAACAGTCGGCGGACCGGCCGTTCGAGAACCGGGCCCAGTTTCTGGACTGGACGGATGGAGTGAGCGGCGGGAAGTTCGCCAACGGCTACGGAGTGGTGATTGAGTCCGCTACTTATGAAAATTGGCCGGATGCGAAACGCGAAGAGCTGGTCGGCAAAACCATCAATCTGCTGAAAGCGGATGTTTCGCCCTCGACGGCGATTCAGATGGTGGTGGTTGCCCAGACGATCCGCGACCTGATGGGGCCGGTCGTCCGCTTCGATTATGAGGGGAAGTCCAAAACCAGGAATAATTGCGAATACGGGGTGTTCGACGTGGAAGAGGACAGCGCTGTTTCTGACGACGATCCGGATAGAAAATTTGTTTACTATGATGACATTACCGGAGAGGTGAAGGCGATCGTCGATCTGTATCGGAACCCGATCACGCAGCAGATCATCAGTCGGCAGATCGAGTATGTCGAATAACGATGACCCGGGCGGAGGATTCTCCGCCTGTGCATAAGGATGAAAAAGAGGCGGCCGGTTTTCCGGTCGCCTTTCTTATGGGTGCGGAGGACGTGCGGTTATGCGTTTTCGCGCCAGCGGCCGGGAGGCATCAGGATGGCCTGGCCGGCTTTGAGGGAGGCCGGGAGGTTCAGGATGCGCTGGTTCGCGCTGCCGCGGAAGCGCAGCAGAATGTTGCGTTCCCGCTCGCGGTACGGGCCGTCGACCAGGACGTCCGCCTGCTCAAGCAGCCGGCGGACGGCCGGGTTGCGCATCTTCAGCAGCTCCTCGAACCGGTAGCCGGTGTAGATCGCAATCTCGTAGCCGGTCTCCTTCAGCAGTGCCGCCAGTTCCGCAAAGCCGGAGGGCTGTGAAAGCGGCTCGCCGCCGGAAAAAGTCACGCCGCTCACCAGCGGATTGCGGCGGATGCGTTCGAAGAGCTCCCGGGGCGTGCAGTCCCGGCCGGTCCCGAAGGCGTGCGTCTGCGGGTTGTGGCAGCCCGGGCAGCCGTGCGGACACCCCTGCGCGTAAACCACGGCGCGGAGCCCCGGGCCGTTCGTGATCGACTCGTCGTCGAATCCGGCAAGGTTGATGAGGCCGGAGCGGCCGTGAGGCGCGGCGGAAAAAACGGAGGCTGCTTCAGCGGCCTCCGGCTCCTCTTCCGACGGGCGGAATATTTTCTCCTCCGGCGTCATTTCAATTGAAGCCCACTCCGTGCTTGACGCGGGAGCGCTCCTCCGCCTGTTTCGCGTTGTTGAAGCGTTCGAGCGTTCCGACCAGATAGCCGGTGATCCGGCGGATCCGCTCGAATTTCGGCATGCCCGGCTCCTCGTGGCGGTGACACTTCGGACAGGTTTCGCCGATGATGCCGTTGTAGCCGCAGACCGGGTCGCGGTCGACCGGATGGTTGATCGAGCCGTAGCCGATTCCGGCATCGTGCATGGCGCGGACGATCGCTTCGAACGCCTCGAGGTTTTCCGCCGTGTCGCCGTCGAGTTCCACATACGAGATGTGCCCGGCGTTGGTCAGCGCGTGGTACGGCGCCTCCTTGCGGATCTTGTCGAACGCCGAAATCTTGTACCAGACCGGAATGTGGAAGCTGTTCGTGTAATACTCCTTGTCGGTCACGCCCTTGATCTCGCCGTACTTCTTGCGGTCGATCCGGATGAAGCGGCCCGAGAGCCCCTCGGCCGGCGTCGCCAGCAGCGTGTAGTTCATGCCGGTCTGCGCCGACAGGTCGTCGACGAACTTGCGCATTTTCCCGATGATCTCGAGTCCCTTGGCCTGCATTTCGTCGCTTTCGCCGTGATGATGGCCGTAGAGAGCGGTCAGCGCTTCGGCCAGCCCGATGAAGCCGATCGAAAGCGTGCCGTGCTTCAGCACTTCGCGCACTTCATCGTCCATGCCGAGCTTCTCGGAGTCGATCCAGACACCCTGGCCCATCAGGAACGGGAAGTTGCGGACCTTTTTCCGCGCCTGGATTTCGAAGCGGTCGTTCAGCTGGCCGACCACGAGGCGCATCATGTCGTACAGGCTGTCGAAGAACTTCTTTTCGTCGCCTTTCGCCTCGATCGCGAGGCGCGGCAGGTTGATCGACGTGAACGAGAGGTTGCCGCGGCCGTTCGTAATCTGCCGCTCCGGATCGTAGACGTTGCCGATCACGCGGGTCCGGCAGCCCATGTAGGCGATCTCCGTTTCGGGGTGGCCGGGCTTGTAATACTGTTTGTTGAACGGAGCATCCACGAACGAGAAGTTCGGGAAAAGCCGCTTCGCCGAGACCCGGCAGGCAAGCTTGAACAGGTCGTAGTTCGGTTCGCCCGGATTGTAGTTGATTCCCTCCTTGACCCGGAAAATGTGGATCGGGAAGATCGGGGTCTCGCCGTGGCCGAGCCCGGCTTCGGTGGCCAGCAGGACGTTCTTGATGACCATGCGCCCCTCCGGCGTGGTGTCCATGCCGTAATTGATCGAACTGAACGGCGTCTGGGCGCCGGCGCGGGAGTGCATCGTATTCAGATTGTGGATCAGCGCCTCCATCGCCTGATAGGTCGCCTTGTCGGTTTCGGGCTCGGAATCGCGCAGCGCGAACTCCTGCGCCTTTGCCGCGCGTTCGCCGCTGCCGAGCATTTCGGTCAGCCGCGCGAGTTCGCGTTCCTCATAGTCGCGGTTGCCGCCGAGCTGCGGGCCGAAATCGCTCTCTTCCCTGATTGCGGCGGCCATTTTCTTGAAGTCCTCGAGCTTGAGCTCCTTCTCGGGGGCGAGGATCTGCGCCGCCTTGAAGAGGTTCATGAGATAGAACTTCCGGTAGCTTTTCGCCACGCCCGGGGCGAGGCCGTAGTCGAAATTCACGATCGACTGCCCGCCGTGCTGGTCGTTCTGGTTGGACTGAATGGCGATGCAGGCCAGCGCCGAGTAGCTCTGAATGTCGTTCGGTTCGCGCAGAAAGCCGTGACCGGTCGAGAAGCCGCCCTTGAACAGTTTCAGCAAATCGATCTGGCAGCAGGTCGTGGTCAGGGCGTAGAAATCGAAATCATGGATGTGGATGTCGCCGGAGCGGTGAGCCTGAGCCTGCTCCGGAGTCAGCAGGTACTTCTCATAGTAGTCCTTGGCGCCTTCGCAGCCGTATTTGAGCATGACGCCCATCGCGGTGTCGCCGTCGATGTTCGCATTGTCGCGCTTCATGTCCGAGGCGTTGGCGGAGGCGTTGGTCAGCTCGTCGTAAATCTTCATGAGCCCGGTTTTCATCTCGCGGGTG
CP027227.1_gap90	4465791	4469532	3741	CGAGATCGGCGACCTTGAGGGCAAGGTGCTCTCCCGTTACCGGACGATTCCGGTGCCGGTGGAGCTCGACCCGGACGAGGCGGAGGCGTATGAGCGCAACCGCAGAATCTATACCGATTTTCTGGCCGCGAACCGGTTGAATTTCCGTTTCAAATCGGAGTGGGGCCGGTTCCTCGGGCTCTGCGCCCGGCTGCCGGGCGGCCGTGATGTGTTCCGCGCCTTTCTCGAACAGCGCCGCATCGCGCGCGGCGGGGAGGCGAAGATCCGCATGGTCTGGGAGATCGTGAACCGCCACGCCGGGGAGCGGATCATCATCTTCACCGCCGACAATGCGGCCGCTTACGACCTCGGGCGCCGCTTCTGCTGGCCTGTGATCACCCACCGGACGAAGCCGGGCGAGCGCAAGGAGTTCCTCGATCTGTTCCGCGCCGGAACCTATACCGTGCTTGTGACGAGCAAGGTGCTGAATGAAGGTGTTGACGTTCCGGCCGTGGCGGTCGGGATCATTCTCTCCGGTTCGGCGAGCGTCCGGGAGCATGTGCAGCGGCTGGGCCGCATCCTGCGTCCGGCTCCCGGCAAGGAACAGGCGCTGCTGTATGAGCTGGTCAGCGCCGGAACCAGCGAAGAGGGAGTCAGCGCCCGCCGCCGCGAACACAAGGCATACCGGAAATGAAACCGGCGGCAACTCCCGAACTGCTGGCCCCGGCCGGAAACCTCGAGACGGCGCTCGCCGCCTACGATGCCGGGGCCGACGCCGTTTATTGCGGGCTCGGCAAGTTCAACGCGCGCGAGCGGGCGCAGAATTTCACTCCGGATTCGCTCGCCCGGCTGCTTGATTACGCCCACGGCCGCGGACGGAAGCTCTACCTGACGCTGAATACGCTGGTGAAGGAGACGGAACTTTCCGAGGTTGCGGCGTATCTGGCCGAACTTGCGAAGCTGCGGCCGGATGCGCTGATCGTGCAGGATCTCGGTGTGCTCAACCTGGCGCGGGAGTATTTTCCGTCGCTCGTGCTTCACGCTTCGACGCAGATGGGAATTCACAACTCGGCCGGAGTCGCGGCGGCGGCCCGGCTCGGAATCCGCCGCGTGATCCTCGAGCGGCAGGTTACGCTCGACGAGCTGCGGAAAATCGCGGCGCGTTCCACGCTCGAACTTGAGGTGTTCATTCACGGGTCGCTCTGCTGTTCGCTTTCCGGGCAGTGTCTGCTCTCGTCGGCACTGGGGGGCTGGAGCGGCAACCGCGGCAAGTGCAAGCAGCCGTGCCGCAGAATATATGATGCGGCCGGCCGTTCCGGATTCCTGCTCTCCCCGCGCGATCTGTACGGTGTGCCGCTGCTGCCGGAGCTGAGACGGATCGGGGTCGCTTCGCTGAAGATCGAAGGGCGGCTCCGTTCGCCGGATTATGTCTGGAAAACCGTGAAGGCCTACCGGCTGCTGCTGGACGGGCCGGTCGACTCCCCGCCGGAACTGCTGCTGGAAGCGGAGAAGCTTCTGCGGTCGACGGCGACGCGGCGGCCGTCGAACGGTTTTTATTTTGCGAACGAATACAGCTCCCTGATCGATGCCGGGCGGCTCGGTTCCTTCGGTGTGGCGGCGGCGAAAGTCGGGAAGTACGCGCGTGCCGGGCTGTCTGTTACGGCGCTGGAACGGCTCCATCTCGGCGACCGGCTCCGGCTGGTGCCGCCCGAGGGCGGGGAAGGGGAGAGCTTTACGCTGATCGACCTGCGGTTTCAGGGAAAAAGCGCGGTGAAGGTCCGGGCCGGGGCGAACTGTTTCATCCCGGGGGAGTTCCGGGCGGAACCGGGCTGGCTGCTCTACAAGATCGGGGAGAACGGTTACGATTTCAGCCGCCAGGCCGCGGCGCTTCCTCCCGGGCGTCATTCGCTCGCCGTTTCGCTGCGCCTGACGGCGGCGGAGTGGACGGGAACGATTGCGGAGCTGCCCGGGGAATGCTGGCGTCGCGCCGTCGATTTCGCTCCGGCCGGAAAGCGGCCGTTCACTGCCGGAACCGCGGCGGCGGAATTCGCTTCGGCTGTCCCGGAGCCGTGGTCGGCGCCGGAGGTCGAAGCCGTAGTGGATGGCGCGTTCTTCGTCCCGGCGAGCCTCCTCAAGACGCTGCGGCGTGAATTCTGGGAGTGGGCGGCGCAGAGGCTGCGGCCGGAAAACCTGCGCCCCGAGCTGGCCGAAGCGCTGTACCGTTTTTACCGCGACAGCCGTGCGTTGCCGGGGGAGGTTCCACCTGCTCCGGAAGGGGAGCGGATGATCCTGCCCGGATTCACGCCGGAGGCGGAACTTCCGGCGCTGCGGAAAAGGCTCCGGGCGGCCTGCGATTCGGGTGTCCGCGTGTTTCAGATCGGAGCGCTGCACGGGCTGGAGCTTCTGCGGGAATTCCCCGATGTGCGGATTATCGCGGGTTTTCCGCTGCCGGTCTGCAATTCGGAGGCAGTGTGTGAGCTGAAATGCCGGGGCGTGTGTGCGGTCGAACCGTTTGCTGAGCTGGATGACGAAGCGCTTGCCGCCTTCCGGGAAAAGTCTCCGCTTCCGCTGGTCGAATCGGACCGTTCCGGCGCGGCGCTGCTCGTCACCCGGCTTGAGCTGCCGGGTTCTGCATGGACGAACGGGCGCGGCAGGCGCTTCCGGGTTGTGCGGGAAAACGGCCTTTCGAAGCTTTACGCCGCGGAGCCGGTCGATTTCAGGAAGAATGAGTGGAAATGATGCGTATGCCGGCGTGCCGCTCCGCGAAAAACAGTGCGGCAGGCGCCCCGCGGCGGATCGTTTCCATGCTTTGCGGGGCCTGAAGAACGCCATGCGTCCGTGCGGTTTCGGATTTCGACGCCGTCCGCGATGATGAGGCCGGTGCTGGAACCGGTGTTTCCTGTGAGGTCGACCGATTTGGCGGAGAGGACCTGGCCGATTACTTCCGATTGCCTGCGTTAAACAAGCCGGATAACAGGCTGCTGCCCGGCAGCATGAACGGTTGCCGTGAGAGCTGCGGCGGAATGATTCAGAGAGAGGAAAAACGTTGACGGCAGTGAAGAAAGCCGTATTTTTCAGTGCTGCATATGTTGACATTACGGGAAATTACGCTATAATATTAATCTGAAGAAAATTAACAGGGACAAGGGAACAGCGAAGTGATGATTTCTGCAGCGATGCCGGCTACGGTATTTTTGTGTTCCCGCTCCCGGAAAACAGTTGCGGAGGAGTCCGCAATGCTTGATGGCGCCGGTCATCGGATCGGATTTTCTGCAGGCAGGTTGCATGCCGGGATTCAGGCAGGGGCTTTGCCCTGTTCCGATTCCCGGAACGAATATAAAAAAATCCAGCTTTGTGCCGTTGAGAGTTTTTTTGTCTCCCCGGCGGCATTTTGCCATTCAGAAAAAGACAGCCGCGAATTCCAGTTCTGAACGGAATGCGGCTGTCTTTCGTATTTGCGATAGCTTTAGAATCCCTAAAAGCTATCGCTTCGCGCTGCCCGGATTACTTGTTTTGAGGTGACAATGGAAGAACACTTGGATGATGATATCTACAGCGATTTACTCAGGGTTCATGAAGGAAGCGCTTGGATGTATTTCAAATCCAAGTCTCTTTGCGAGATAAAGTTATACGAGGCATTAAAAGCACAGAACGTCATCTGCTATTTGCCGTTGATTAAAAAGACAACCGAATACCAGCATCGCATCTATACGAGAATGGTTCCCATGTTCGGGGGAGGATACGTTTTTGCTTCCATTGTTC
CP027227.1_gap91	4473109	4475745	2636	CGGCATTACCGCCTTGACGTCAAATACGCCGGGCCGATTATTGAAGCCCTGAAACGGGATGGAAGCTGGCCGGATGTGAAATTCGGTTACACCTCCATCGATCTGGCGGTTCCCGCGCTGGCGGAAGTTCACCGGGCCCTCGGGCTGAAGACCATTTCCGACTCCGGGCTGGAAAATTCCAGCTCAAAATGCCGGATGACCGCCCGCTGGCGGGAACTCGGATTGCTGAACCGGGAGGCGCGGCAGTATCGGCACTGTGAAGATTCCGTGTTTGAGCTTTCGAAGCGGATGGATATCATCATCAAGCCGGACAACTCCGCTTCTTCGCGCGGAATAACCATCATCACCCGGGGAACCGCCGGGGATGAGGTGCGCCGTGCCTTCGAAAAGGCGCAGGCGGAAGCCTCCGACCGGCTGGTGACGGTCGAGGAGTTTGTGGTCGGCCGGGAGTATACCGTGGAAATGCTTGGCGATGCCGACGGGCATGTCAGTGTATATGCCGTCTCCCGCAAAACGCACACGGAAAATGCGGTTCGCAATAAAATCGCGGTCAAGCTCCATTACAACTGCGAGCCTGATGATTTGCAGCGGAAGATTGCGGATTATGCCGTTCGCTGTTACAAGGCGCTCGGTTTTTCCTGTTCGCTGGGGCATCTGGAAATTCTGCTGAAACCGGACGGGACGCTCTCTCCGGTGGAAATCGGAGCGCGTTCCAGCGGCTGTATCGCTTCGGACCTGGTGGATATTGTTTCGGGCCGGGATTTTCTCAAGGATTGGTTCGATGTGTTGAACGGCGGGTCCGTGCCGGATGGGCTGAGGCCGCAGAGCACGCGAAGTTCCATGTTTTTCTTCTATGACCTGCCGGCCGGGGCCCGCATTGTACGGAGATGCAATCTGCTGGACTTTACCGATGAAGCTGTGTCCTCGCGGTTCTGGGATCGTTCCAGATTGACGGAAGGCTATCAGGTGCCGTTGATCGGCAGCGACAATGAGCGGATCGGCTATGAAATTCTGGAAGGTCCCAAGTCGCTGATGACGGTGGAATATATCAAAGAGGCCGAGCAGAAGATGCTTGAGGCGATGGTTGGCCGTCAATGATTTTTTACGATGCCCATCTGCATTGCCGGGGCAATGAGGCCGGCGGCTTTTTCGTCGGGCTGGAAGGCGTGCCTGTTGTCGCGGGAACGCTGGACAACCGGCAGGTTCTCGCGCTGCACCGTCCGGAGGAGCGGTATCTCGGTTTCCATTACGTTGCTGCGGGAGAGCTTCAGGAAAAATTTTCACACCGGCTGCTGAAGTACCACCCGCGGCGGGAGAAGTATTCTCCGGCGGAAGTGGAGGCGTCCATCCGGCTGAACCGTCCGGCTGCGGTCATGCTTGACACGCTGAACGAGCCGTACTGGCAGCCGGGCGACTACTGGAGAATCGCCCGGGCGTTTCCGGAAATCCTTTTCATCTTCGCCCATTCCGGAGGATATCTGATTCAGGATTTCATCAAGATTTGCCATTTTCAGCCGAATATCTATATCGATTTTGCACTGACCCATACCATGCTGGCGTGTTATGGCCGCAGGCCGGAGGGGCTGCCGTATATCGACGAGGCGATTGTCTACAGTCTGCATGCGCCGTTTCGCAGGCGGGTTCTGCTCTCTTCCGACACGCCGTTTTTCGATCAGGCCGGGGTGGTCGAATATTACCGTAATCTGGATGCGCTGGATTTGTTGAACGAGAATTTCATAACGTGTTTTACGCAAGTGATGGAGAAATTGCAAGAATGTCATTAGAGGAGTGCCGGATCATTGAAATTCCCAGTTTCAGCGACAGTCGAGGCGATCTTTGCGTGCTGGAAAAGGGCGATGTGCTTCCGTTTGAGATCAAGCGGATTTTTTATACTTACAATGTTCCGCCGTCGGAATCGCGGGGAGCGCATGCCCACAAAAAATGCCATCAGTTCCTGATTGCGGTTTCCGGTGCGGTACGGGTGATTGCCGAAGACGGGCGTTCGCGCAAAGAGTTCTGCCTGGATGAGCCGACCCGGGGCGTATTGCTTCCGGCCGGAGTCTGGGGCATTCAATACGGGCATACTCCGGGAGCGGTACTGCTCGTGCTGGCGTCGGAACGTTATGACGCCGCGGATTATATCCGGCGGTATGAAGATTATATGGAGTATGTGAACGCACAATGAAAGTCCCGTTTTTAGACTATCGCGTGGTCAATGAACCTCATTTTGCCGCGTATCAGGACGCCATCCGCAGGGTATTGGAATCCGGATGGTACATCCTGGGAAAAGAGGTGGAGGCATTCGAGGCAGAATATGCCGCCTATGTCGGAACTCCGTACTGTGTCGGAGTCGCCAACGGGCTTGACGCCCTGATTCTCATTCTGGAAGGCTACAAGGCAATGGGGCTCATGCGCGACGGCGATGAGGTGATCGTCCCGTCGAATACTTACATCGCATCGATTCTCGCCGTTTCGCGGGCCAGACTGACGCCGGTGCCCGTGGAGCCGGATCTCTCAACATATGAACTTGATCCGGCCCGGATCGAAGAGGCCGTTACTCCCAGAACCAGGGCGATTCTGCCGGTTCATCTCTACGGGCAGTGCGCCGACATGAGCGGCATCGTGCCGATTGCCCG
CP027227.1_gap92	4565630	4569333	3703	CCGAAGATATTTCTCAAAGAAGCTGTCCAGTTTCGGCAGCGTGACCTCCAGATAGTCCGGGCGGTCGTAGAGGTCGACATGCGTGGCTTTCGGGACGATGAACAGCTCCTTCGGCTCAGCCGCCTTGCCGTAAGCGTCCTCGTTGAAATATCTGGATACGGCGTTCTCACCGGCGATGAACAGCACCGGGCGCGGCGAAATCGTTTCGATCTGCGCGAACGGAAAGAAGTTCATCATCGGCGCCAGGCTGGTGAAAGAGTAATAGCCGGTCGAATTCGGATGGTTTCCGCGCGGCGTGTCGTAGTAGTCCAGAAAATCGATGGCGAACTTCGGTGTGCCGGCGTCCACTTTTTCCGGCAGCGCACGGATATCCTTCCGCGCTTCGCCGCGAAATTCCCGGGTGCGCTGTCTGCCGACTTCGTCGAGAATTTTCATGCGCTGTTCATAGGTCTGCGTGTCGCCGACACCCTGACGGCGTGCCCGTCCCATATCGTACATGCTGATCGTGGCGACCGCTTTGAGGCGATGATCGATCTGGGCGGCGCTGACGGAGTAACAGCCTCCTCCGCAGATGCCGAGAACGCCGATGCGTTCTTCATCCACCAGCGGATGGTTGCTCAGAAAGTCGGCGGCGGCGCTGAAATCCTCCACCCGCGTTTCGGGGCTTTCGATATAACGCGGTTCGCCGCCGCTTTCGCCGTAATGCGAAGCGTCGAAAGCGAGCGTCACATAACCGCGTTCCGCCAGTTTTTGCGCATAAAGTCCGGAAGTCTGCTCCTTTACGCCTCCGAACGGATGGCCGACGATGACCGCGGCATGCTTCCGGGAGCGGTCGATGTTTTTCGGGATATACAGGTCGCCGGCCACTTCAATCCGGAAACGGTTCCTGAAACGGACCTTCTCCACGATGACTTTTTCACTGGGCAAAAAGGTGTAGTGAGAGGTCGAGGCGCAGCCGGTTCCGCCCAGCGCGAGTGCCGTTCCCGTCAGAATCGCCAATGTGTTCTTTTTCATGATCGTTTCTCCTTCCGGTTAAATGCCGGTCCGTTTTTCCAACGCTTCGGGATAACGGTCGCCGACGACTTCGACTTCTTCGAGCGCCGCGTTGATCCGGGATAATTCTCCGGTGGAAAGTTCCAGCTCCGCCGAAGCCAGATTCTCCTCCAGCCGCGCGAGTTTCCGGGTGCCGGGAATCGGCACGATCCACGGTTTCTGCGCGAGCAGCCATGCCAGCGCCAGCTGGGCGGGAGTACATCCCTTTGCCGCCGCCAGTTCGTCCAGCAGCGCGACCAGCTTCTGATTCGCGGCCAGCATTTCCGGAGCAAAACGGGGAACGATGCTGCGGAAATCATCTTTTCCGAAAGTCGCGTCCGCTTTGATCGTTCCGGTCAGGAAGCCCTTGCCGAGCGGACTGAACGGTACGAGACCGATGCCGAGTTCCTCCAATACCGGCAGCAGTTCCGTTTCCGGTTTGCGCCACCACATCGAGTATTCGCTTTCGACGGCGGAAAGCGGCAGGACCGCATGAGCGCGCCGGATGCTGCCGATACCGGGCTCCGAAAGTCCCCAATGCAGGACCTTTCCGGCGTCAACCAATTCCTTGACTGCTCCGGCAACCTCCTCCGCCGGGACATCCGGATCGCCCCGGTGCTGATAATAAAGGTCGATCGCTTCGACTTTCAGTCGTTTCAGCGAACCCTCCACCGATTGGCGGATCACTTCGGGACGACTGTCCTGAAGTTGTTTGCCGTCAATGACCTGAATACCGAATTTGGTCGCGATCTTCACCTCGCCGCGAAACGGGGCCAACGCCTCGCCGACCAGTTCTTCGTTGAAATAAGGGCCGTAACATTCAGCGGTATCGAACATGGTGACGCCGAGTTCGACCGCCCGGCGGATCAGGGCGATCATCTCCTTCCGGTCCGCCGCCGGACCGAAGCCGTGACTCATGCCCATGCAGCCGAGTCCGATTGCCGATACTTCCAGATTGCCGAGTTTTCTTGTTTTCATTTGGAACCTCCTTTACAAAATATGTTTTTCCCAGAATTTGACCGCCTCGCCGATCCAGCCTTCCGCGCCAGTTCCCCTGCCGGAGCCGAAGCCGTGGCCCACATTGCGGTATAGGCGGAACTCAACATCGATTCCGGCGTGTTTCATTTCCTGCGCCCGGTGCTCCACGGTTGCAGGACTGGCGATCCGGTCCTCCGAACCGACTACGGAAAAAGTCGGCGGATCGTTCCGCGTGAATTCCGACTGTCCGGTGTAGGCCATCACGACCGCCGCCGGTTTCGGGAAAAGGCCGGAGGAACCGATGAAAGCCGCCATGCGCGCCCCCGCCGAACTTCCCCACAGCGAGTAATGTTTCGTTCCGACACCAAGCTCATCGGCATTCTGAAAGATGAATTTCAGCGCCGCCGCCAGATCTTCAACGGCATATTGTCCGCTGCCGGTGCGATATTTCAGCATAAAGGCGTTGTAACCTTTCCGGCTGATCTCGGCCGCGTATGGAAATCCTTCGTGAAAAGAACCGACGTAGGCGAACCCGCCGCCCGGATTCACCACCGCGAACGGCGCTCCCGGCTTTCCCCGGTAGAAAAAGAGTCCCGTATTGCGTTTTGCAGGAACCGCCGTCTTTTCCTGTTCCGTGTAGATGTCGTAAAAGACCGTCTTTCCGGCATTGGCGTCGCCGATCAGGCGGTTGAGCGAAGCGGCGGCTTCCGCCGGTTTCACATTGCTGTGATACGGCAGAAGCGTCGCAACCTGATCCAGCGGAACGTCATAATTCCGGTCGTCGTCCCACGGCAGCAGACGCCGCCCGAAATCCCGGAAAGCCGGGTGATTCACAATATCCTGAATGGAATCCGTGGTCCTGATCAGTGATGTCTGTTTATTTCCCGTCATCTGGCCGACTCCGATCTCTTTGAGCCATTTCGTTATCCTGGCATCCATTTCCTTCAGCGAATCCCGGTCCAGCTCGAATTCTCCGGCCAGTACCGCTCCCGGCGCGTATTTGCGGATGTCCTTCAGGCTGTGCCCGATGCCGTAGCCGCCGTGAGTGAAGAACGGCACGACGGTTTTTCCCGACAGATCGTGATCGTGCAGAAAGGATGCCACCGGCGGCGCAATCGTGTACCACCAGATCGGCGAGCCGACGAAGATCACATCGTAGTCGCGGATGTTTGCCGCTTTCGTTTTCAGCTTCGGCAGAAAGCCGGAATCGACCTCCTCCTTGCCCTGTTTCACCACTGCCTGATAGTCTTGGGAATACGGCGTTTCCGGTTCGATTTCGATCAGCGTCCCGCCTGTTTTCCGCTGGATCGCCTGCGCCGCCTGCCGCGTATTGCCGGTATAGGAAAACACGGCAATCAGGATTTTTTTCGAGCTGGGCGTAATGTTCACCGGCTCCTCCGCATTGCAGCCGGATATCGTGAACAGCGCCAGCGCAAGTGCGAGTCCCGAAAAGAATTTTCTTTTCATTGTCATGCCTCCGTTTTTCAGGGATCGGAACTGAAATCTGTTCCTTTGTCAATCAATGTAATCATTAGAGCAACTGTAATTCAACAGCAACTTCGCAAAAAAAGAAAAAAATAGCGATCTACGCTCAAGAAATGAAAAATGGTTTCAGTTGAAACAGGAAATCTGGATGAAAAAGAAACGGAAAATGAACGAATTCACCCTTCCGAAATCGTTGAAGAAATGATTG
CP027227.1_gap93	4587677	4588630	953	TGGATTGAGGAAATCACCGTGGATACCGCACGTCCCGGCGAAAAGCCTGCCGTACCGGAAAAGTCCGCGGAGGCCCTCAAAAACGAGCAGGCCGATCTGGGTTTTGTGGTGCTTTCCCGGTTTTCGCCGAACAGTTTTGAATTTCAGCAGATGCTCGACAGCTGGCGCAAGCGGCTCGGCAAGGCCGATGAATACCGTGACTTCCTGATGAATCTTTATCAGGGATTCGCCGGAAATGCGCTCAGCCCCAATTATTGCGGCTGGGACCGGAAGGGACGGATCGAGCGGCTTCCGAAAGAGCTTGCGGCGCGTTTCACCGACTGGCGCACCAACATGCAGGGACTTGCAAAATTCGGCTTGCACTCATCCGCCGACAGCGAGATCACGGCATTGCAGAAACTGCTGAAGCTGCATAAAACGGATACCGCGGTTTATCCGGTCGAAATCGAACGGGCGGTCGGTTATTATACGGCGCTTGCCGAGGAGCGCGCGCGGCTCGGTGCGTCGCTGCTGGAACTGGACCGGGAGTTTCAGGCGTTTCAGCGTCTCGCGGAATTCCGCAACTCGCAGGGGAGTTCCATCAGCACGGATGAACTGAAGGAACGCTGGACGCGCCTGAAAGAGACGTGGCGGAATGATTACAACGCCGGGAATTTCTATCAGTGCTATCTTCATTCCCTTGCAGGGACGAAACTGCGCGGGGAATTCGCGCGTGCCGTGTATATCCGCGACGGGCGTTCGCCTGTCGTCCGGCCCGGCGCGGGAACCTATGCGGTTGGAGTGTTCGGTTTTGAAGGCAGCTGGCACACGCTTCTTTGCACCAATACGACCGGGACCTCTCTTTATGCCGATTCCGGCAATGAATTCCAGCCATATACGGACAGTAAGGACGGCTGGAGTGTTTCGTTCGACATTCCGGGCATGACTCCCGCCGAAAGCAGTGTGGAGAGCGG
CP027227.1_gap94	4684613	4685691	1078	TGAAGAGGTTGTGATTCAGGATGCGCTCTGCCCGCCGCCCGGGCTCGAGGCGCTGGCGGACAAAGCCGTGTCGTATGGAATCCGGTCGCTCCTGATAGCGGGAATCTGGCGTGAAGGGCGTCTGATCGGCTTTGCCGGCATCGATTTCGTCAGCTCCGCTCACTGCTTCACGGCGGAGGAGTCCGGCAGCGTCGGCAATGCGTGCAGCCTCTTTCTGCTCGCGTATGAGCGCGAACGCCGCCTGCGGGAGATCGAGGACAGCGCGGCGATTCACCGCCAGATGATCGACAATATCCCGACCCCGGTGATTCTGTTCGATCCGGATTTCAACATCCTGAGCGTGAATCGGAACACCTGCGAATCCACCGGGCTGCGCGAGAGCGAGCTGGTAGGCTCCAAGTGCTATCATGTGCTCTGCAACAGCGATTCTCCGCCGGAGTGGTGCCCGATGAGGGAGACCGTAAAGACCCGCCGGAGCGCAAGGGTCGAATTCGCCGGGCACGGCCGCGAGTATATCGTCTACACCCAGCCGGTGTTCGACCGCGCCGGCGATATGATCCATGTGCTGGAGACCGCGCTGGATGTGTCGGAGCAGCAGGAGCAGGCCCGCCGGCTGTCGATGCAGAATCTGCTGCTCAACAACGCGGCGGCGGTTGCGAAGATCACTTATTTCACCGGCAATGCGGAAGGCGATGCCAGGATCATCGGCGGCAGTACCGGGACCGGGCTGCCGGTGGAACACAGCCGGTCGTTCCGTTTTGAGGACTGGCTGATTCCGGAGGACCGCGGGGAGTTTTCGCAGCTGCGGACCGGGATTGTCTCCGGGGAGCACGACACGCTTGAGATGGTCTGCCGTTCGGACGCGGCCGGCGACCGGCGCAGCTACCGGCTGGTGGTGACGCGCGACCGGAACGACCGGAAGCTGTTTATCGGCGTCCTGCTCGATATTTCCGCCGACATCGCCATGGCGGCGGAACGTCAGGAGCTGATCAAGTCGCTGAACAATTACGTCGAGAACGAGCGGATCGTGAATGCCGGGCTCTCCCAGATCGTGCTGGAGGAGGATTTCGACCGGAAC
CP027227.1_gap95	4715040	4719107	4067	GTATTCTGGGCGCATGATCACGACGTTTACTGTCCGCGGCGTTATTACTATACGCCGTTCGGCCGGAGGAACTGCGCGCGGGCGTGTTCGCGTTTCCGCTGCGCGGGCTGCGCGCTGCTGGCCTCGCCGCGCAACTGGCAGGGCGGCGGAATCGCCGGTCAGCTCGGGTTTCTGCTGCGGGATGCGCCGCGGCGGCTCGATATCCTGCGTGAAACCGGTACGGTGGTCATCTCCGATTTTATGCGGAACAATCTGCTGCGGAACGGATTCCGGGAGGAGAACATTCACCTGCTCTCCCCGTTCATCCGGGTGGAGCCGGAAGCGCGGCGGCCGGAACCGGCGCCGGAATTGCGGCTGCTGTTTCTCGGCCAGCTCCTGCGCGGCAAAGGGTGCGACCTCTTTCTGGAGATGCTGCGCGCTCTCGGCGGTCCGTTCCGGGCGGTTATCGCCGGGGACGGCAATGATCGGGCCGGACTCGAGGCGATGAGCCGGGCGTTCGGGTTCGGAGAGCGTGTCCGTTTCCTCGGCTGGTGCGGCCGGCCGGAGGAGCTGTTCGCCGAAGCGGACGCGGCGGTTTTTCCATTCCGCTGGCAGGAACCGTTCGGCCTCTGCGGGCTGGAGGCGGCCGCGCACGGGGTGCCGGTGGTCGCCTTCGACCTGGGCGGCGTGCGGGAGTGGCTGATCGACGGCGTGACCGGGATCGCGGTCAAGCCGTTCGACGGGAAGGCGATGGCCGCCGCCGTGGCGCGGCTGCGCGATTCCGCCGGCCTGCGGCGCGAAATGGGGGCAAACGGCCGCCGGCTGGCAGCCGAACGTTTTTCGGAGGAGCGGTTTCTGGCCGGATTCGGCCGTCTGTGCGGAGGTTCGGCATGAGAATTCTAATTTCGTGCATTCCGTTCGATCGCGGCAGGTCGGGCATTTCAACCTACATCCGGAACGTGGTCGGCGAGCTGGCGGCGCAGGGACATGACCTGACGCTGCTGGTCGAACCCGGAGACGCCGGATTCTTCCCCGGCTTCCGGACCATTCAGGCGCCCGGCTGGACGCGCCGCGCCGTCTGTTCGATGCTCTGGCACCTGCTGATCCTGCCGTTCCGGATTCGCCGGAAAGAGTACGATTTCTGCCTGATCGCGGCTGCGAACCGGCGCGCTTTCGCCTGTTATCCGCTCTTTACGGTTGCGGTGGTTCACGACCTCGCCCAGTACCATGTCGCCGGCAAATACGACCGCCTCCGCATGTTTTATCTGAAGCATGTGCTGCCGTTCTTCATCCGCCGCGCCCCGGCGGTGCTGGCGATCAGCCGTTCGACGGCGCGGGATCTCGAAACGTTCTGGCGCGTTGCGCCGCAGAAGATCCGGGTGGTCTGGAACGGCCTCTCTCTGCCGGAGGTGTCGAATCCGCTGCACGACTGGCCGGAACGGAACGGCCTCGCCGCGGAGCCGTATATCCTGTACATATCGCGCATCGAGTCGCCCGGGAAAAACCACCTGAACCTCATCCGCGCCTTCGAACTCCTGCCGGAGCGCCTGGCCTCCCGCTGCCGGCTCGTCTGCGCGGGGGCGGACTGGCACGGGGCGGAGGCCGTCCACGCCGCGGCGGCGAACTCGTCCCGGCGCGGCCGGATTCTCTTCACCGGCTTCCTGCCTGCCGGAGATCTCGAAGCCGCCTTCCGGAATGCGGCCTGCTATGTGTTCCCCTCCTTTTTCGAAGGGTTCGGCCTGTCGCTGATCGAGGCGATGCACTATCGGGTGCCGTGCTGCTGCTCGAACAACTCGTCGCTCGGCGAGATCGGGGAGGGAGCCGCGCTGCTTTTCGACCCCCGCAAACCGGAGGAGATCGCGGCGGCGCTGACCGCCATTCTCGAATCGGAAGAGACGCGCTCCCGGCTCATCGCCGCCGGAGAGGAACGGGCGCGCGCATTCCGCTGGAGCACGCACGCCGCGAAGATCGCCGGCTGGTGCCGCGAGGCGGCCGCTTCGCATTCCGCGGCGGTCCTGTTCGGCATTCCGGTCGCCCGGGTCGCCACGGCGGAGGCGCTCGACCGGATTGCGGAGCTGGCGGGGCGTCCGCCGGCCGGCCGCTGCCGGATTCTGGTGACGCTGAACGTCGATTTTCTCGTCAACGCGCTTCCGGTATGTTTCCATCGCGCCGTGCCGGGGCTTCTGCCGGTGCTGCGGGGGGCGGATTTCGTCTGTGCGGACGGCATGCCGGTCGTCCTTCTGAGCCGCCTGCTCGGCTGTCCGCTCCCGGAACGGGTGGCCGGGGCGGATCTCGTTCCGCTCCTGGCGGAGCGTGCGGCGCGGGACGGTCTCCGGCTCTATTTTCTCGGCGGGGCCCCCGACCAGACGCGGAAGGCGGAAGCGATTCTGCTCGAACGCTTTCCCGGTCTCCGGATCGTCGGAATCGACACTCCGTTCGTTTCGCCGGACGACACGGAGGAGAGCCGCCGGCAGGATGCGGAGATCTGCGCAAGGATCAATGCCGCGCGCCCGGATCTGCTGCTGGTCGCCTTCGGCAACCCGAAGCAGGAGCTGTGGCTCGGCCGGAACGCCGCGCAGCTGAAGGCCGCCGCCGCGATCGGGATCGGCGGCTCGTTCAATTTTCTCAGCGGCTCGGTCAGGCGCGCACCGCGCTGGATGCAGCGGTCGGGACTCGAATGGGTCTACCGGATCGTTCAGGAGCCCGCCCGGCTCTGGAAGCGTTACGGACTCGGACTGTTGAAGTTCGGCTGGCTCGCCGGATGGTCGGCGGCGGCTTCGTGGATTGGCGCGCTCCTGCCGAATTGCAGGGAACCCGTTTTCGCATTCCGGGAAAAGGAAAATGTCGTGGAGGCGGAGTGCTCCGGCGTTCACCGCCTCGGCAATCCGGAGCGGCGGACCATCCTCGCCGCCCGGCTGGAGGCGGACCGGAGACGGTGTCCGCTGCGCTTCCGCAATGCCGGGCCGCTGCTGCGTTTCCAGCTCCGGGCGCACCGTCTGCTGTGAGTTTCGTGCGTCGCGGAGCCGTCCCCGGGTTCCGCGGCCGGGCAAGCCGTATCGGCACCGGTCATTGATAGGCGGTGAGAAACTGCGCTTCGGGTCCGGCTTCGACGCGGCGGGTGAAGCGCGGCGCATTCAGCTCCACCTTCACCGGCTTTGCCGCCCGGATGCGGACGGCGGCGACCCGGCTGTTTTTCCAGGCCAGGTCGAGCGTCACGCCGTTCCGGGCGCGGACGCCGGTCAGTTTCCCTTCCTCCCAGCCCGGCGGCAGTGCCGGCAGCAGGTCGAGGATCATCGTGCCGTCGGCACTCCGGCGATGGCTCTGTACGAGCAGCTCCGCGATTGCGGCCGGAATGCCGAGATTCGCGTCGATCTGGAACGGCGGGTGCGCCGAGAGCAGATTCGGATAGATGCCGCCGGATTGATAAGAGGTTTCCGCCGCGGGGTCCACCGGGGTCAGGAACTCCTTCAGCACGGCATCCGCCCTGCCGCCGTCGCGGAAGCGGGCCCAGAGGGCGAGGCGCCAGCACATGGCCCAGCCGGTGCTGCGGTCGCCGCGGCGGATCAGCGAAATCCGCGCGGCTTCATAGCGCTCCGGATCGCGATCGGGCGTGAAGAGTTCTCCGGGGTAGACGCCGTACAGATGCGACAGATGGCGGTGGTGCGGCTCGGCTTCCTCATACGCTTCGTCGTATTCGAGCAGTTGTCCGGCTTCGCCGATTCCGGGCCGGCGGAGCCGGGCGAGCGCGGGTTCGCTCTCCGCGAGCAGCGGTTCGTCGAGCCCGAGTTCCGCGGCGGCTTCGGCCAGGTTCAGGAAGCATTCGCGAATCAGTTCGAGGTCCATGCTGCTGCCGCGGGCGCAGACGGTCGCGGTTCTGCCGCTTTCGGGATCGAGAAAACCGTTTTCGGGCGAGGTGGACGGCGAAGTCCCGAGTGCGCCGCTTTCATCCCCGGTCAGCAGGTCGAGCGCGAATGCGGCGCTGCCGCGCAGGAGCGGATAGGCTTCGCGCAGAAACTCGAGATTCCCGGTAAAGCGGTAATATTCGCAGATATGGCGGCAGAGCCAGAGCCCGGCGACCGGCCAGTACG
CP027227.1_gap96	4725580	4726167	587	GTGGCCAACAGCTATCTGCAATACTTCGAGACCTTCAACGATTCGCTGCAGCCGGATGTGTTCAAGGCTTACTTCCAGAATGCGGACGTCAAGCCGCACGGGCGGTTCTTCCTGAAGGAGCTGGTGTTCAACGTCGCGGCGGCCGACGCCTCCCGGATTCTCATCGGCGCGCAGCCGATCGGGACCTGGGGGCGCGACGCCGAAGCGCGCGAGTTCGCCCGGGCCTATACGGCGCTGCCGGCCGAACCGTTCACGCTCGCCGAAGGACCGCACGACCCGGTGACCGTCCGCTATTTCGAGGCGAAGGACGGCACCTATTTCTATGCGGCGAGTTTGCTCTGGGACGCCGGCGCAGTTACGCTTTCGCTCCCGGCGGACACCATTGTCACGGATCTTTCGACCGGAGAATCGCTGGCGGTTCCGCCCGACGGCAAATTGACGCTGCCGCTGAAGGCGTACGAACTGCGCAGCTTTTTCACTCCGGGCAAAGTTGCTCCGAAAGTTGAAGGCGCGCAGATTTCGGAGCGCCAGCGGCAGGCGGCCGCAAAGCGCCTGAAGGAGCTCGACAGGACCTTGGAGTTTCTGCG
CP027227.1_gap97	4745964	4747951	1987	GCGCTGCTTCCGCTCGACGATCTTCTCGACGGCTCGGATTTTCCCGTCCGCGACGGCTTTCCGCCGGAGCTGCTGCGGTCGTTGAGCTTCGGCGGAAAACTGTATGCGCTGCCGCTGGCGTTCAACCCGGTGTTTCTCTGCTACAACCGGCGCGTTTTCCGCCGCCGCGGCGTCGCGGAGCCGGACGGTTCCTGGAACTGGGATGATCTGTTGCGTCATGCCGAGCTGCTGACCGACGCGGGGCCGGAGGGCGTTTCCTGTTACGGACTTGCGATTCTGTTCACTCCGAACAGCTATGTTCCGTTCGTGTTCCAGAACGACGGGGAGTTCTTCGACCGGAACGGAAACTGCGTGATCGACAGCGAGCCGGCGTTCGAAGCGCTGTCGTTCTTCTCCGAGCTCTACCGGCTGCCGGGTGTGTGCAGCCACCGCCACGGCGATCCGCGCAGCGCGCTGGCCGACCTGATGAGCAACGACTTCGCGGCGATGCTCATCGGCGACGGCATCGATTATGCGATGCTGTGCGAGCGCATGCCGCCCGATGACTGGGGGATGGTGAAGCTTCCCGCCGGGAAACGCAGCGCCACGTCGCTCTCCGTGTGGGGAATCGGGCTCTCCGCCGGACCGCGCGCGCAGGAGCGTTTCGCGCTGCTGGAGCGCTGCTTCCGCCCGGGACACTGGGTTGACTGCTGCCGGAGCGTCAATACCCTGCCGGCGTATGAACCGGCTGCGAACCATGTCCCTCCGCTGATAACGGAGCTGCTGCGGGAGGCGTATCCGTCGATTCAGAGCACGAGCCGCCATGCGGTCAATGCGGTTTCCGAAACGATTCAACTGCTGCTTGCGCACAAGTTGCGGCTGACCCGCGAACAGTGCCGCGAGTTCTGCAGGAAGATCAACGCGCGGCTGTGACCGCGCCCCGGACCGGGGAGCCGGGCTGCCTTGCCGCTGTCTGCAGATGATCCGCCGGGCCGTCGAAATCCTGCGGGGCCAGCTGGACCAGGGTCCAGCCGGCATGGCCGATGCTGCTCCAGGAGACCCGCATCTTCTGCCCGTCCACCGTTGCGGTAAATTGCGGCACGTCGGCCTGCCTGATCCGTTTGAGCAGCTCTCCGCAGCGGAAGGCGGGCCATTCCGGCGCGGACGCCGGAGCGGAAAAGATGTCGGCGTGCTGCTGCTCGAAGTCCCGCCGTTCGGAGGTGAATATTTCTCTGCCCTCCGAATCCAGCAGGATATAGAGCGTCTGGAAATTTTCCCGCCGGCCCTGTTCGAAGATCGGGCGCAGCAATTCATGGTAGCAAACCTCGAATCCCATTGTTCCGATCTCTTTCCCCGCCCTGTCCAGAACCGGGCGCCAGCAGGAAACCACCATGTGTCCGGAGGTGTCCGGGTAAGGCGGGCTCCAGATCAGGCGGTGCGGCTGGGTTCGGTAGGCTCTCCTGATCCAGTCGCACTGGAAATCCCGGTTAGATGCGACCTCTTCATACATGCCGGGAAAGCGCAATGCGATCCCGTTGTCGAGAATATAGGTGATCCGCCTCAGGATTCCCCCCTGCAGGAAGAATTGCCGCATGTTCTCATCCTGCGCGTGCACAAACGAATCCTGCCTGATGAGATTGTCGAAAAAATGCGCCAGCCTCAGGGGATGGAGACCCCGGAGGCGATGCCCCCATTGTTTCAGCGTGTCGTCGGTTACATCGCCTTCTTTGAAGTATGCGGCGTGTTCCAGTGTGATCGGGTGTTTGTAAAACCGGGTCGCGATCAGGCCCGGCGGCGGAGTCTTCGAATCCGGGGCGAACTCGGAGACCATGTAAAAATGTTCTTTCCCGCTGTCGGCACTTGACCCGGCCATCCCGATTCCCAGACTCAGGCTGAGGGTCCTCAGCTGGTCCTGGAGCCGGAGCAGCCGGCTGTTGACCTCCGTCGCGAGTTTTTCGGTATTGCTCTGCAGCTGCAGGTTCCGGATCATTTCCCGGTTCACCTGCCG
CP027227.1_gap98	4772153	4776966	4813	GACCGCCAGACCTCGGGCGAATACCGGCTCGACGGCGAGGAGGTCGGCATGGCCTCCGGCGACCGGCGCGCCGTGGTGCGGAACAAGAAGATCGGCTTCGTGTTCCAGAGCTTCAATCTGCTGCCGCGGACGAGCGCGCTCGACAATGTGATCATGCCGCTCTCGTACACCGCCGGAAACCTGTCGCGCCGCGAGTGCCGCCGCCGCGGAATCGAAATGCTTGAGAAGGTCGGCCTGGCCGAACGGATGCACCACTACCCGTCGCAGCTTTCGGGCGGGCAGCAGCAGCGCGTGGCCATCGCGCGGGCGCTGATCAACCATCCGCCTGTGCTGTTCGCCGACGAGCCGACCGGCAACCTCGACTCGAAGACGAGCGAGGAGGTCATGCGGATGTTCGGCGAATTGAACGACGAGGGAATCACGGTGATTCTGGTCACGCACTCGGCCGAACTGGCCGGGTTCGCAAAGCGGCAGATCCATGTGCAGGACGGCCGGATCGTCACCGGGACCTATGAAGGAAAGGCGGTGATGGCATGAATGTCGCCAGTACGATTATCGTTGCGCTGAAGGCGCTGCTGCGGAATCCGACCCGGGCGCTGCTGACCACGCTCGGCATTGTGATCGGCATCGCGGCGGTGATCACGATGATGGAGATCGGCACGGGCTCCTCGCAGTCGATCCAGAGTTCGATCGAGAAGATGGGCGCGAACACGGTGCTGGTGCTGCCGGGTGCGTCGCGCCGCGGCGGCGTGAACCAGGGCTCCGGAAGCCGGATGTCCCTGACGCCGGAAGACTGCGACGCGATCCTCCGCGAATGCGTGGCGGTCGGAACCGCGGTTCCGGTCGTGAACGCGGGCGGCTATCAGGTCATCTCGGGCAACGTCAACTATGCGCCGAGCCGGATCACCGGAACCGCGCCGGATTTCCTGACCATCCGCAACTGGGAGATCGAGGAGGGGAGGAATTTCACGAGCCGCGAAGTCAATTCGCGCGCCACGGTCTGCCTGGTGGGGACGACCATCGTGCGCGAGGTGTTCGGCGGCAACTCCCCGATCGACAGCGAGCTGCGCATCAAGGACACGGCGTTCAAGGTCGTCGGCGTGCTGAAGAGCAAGGGCGCCAATATGATGGGGTCGGACGAGGACGACGTGATCATCCTGCCGTGGACCACGACCCGGCTGCGGCTGACCGGGCTCAAGACCGGCGAGGCTTCGGATACGACCAGCACGGCGGCGACCAGTCCGAGCGCGCTCTATCCGGGCGAGGGCATTGCGCTCTATCCGGAGCCGGACGAGAATCTTGCAACCGACACGCTCCTGATGCCGAAATTCATTCACATCGATATGATCCAGCTCATCGCAACCTCTCCGGAGAAGGTCGATGAAGCGATCGACGAAGTCACCACGCTGCTGCGGGAACGCCACCGGATCAAGCCGGGCGAGGATGACGACTTCCACATCCGCAATTCGGCGGAGTTCATGCAGATGCTGACCGGCACGACGACGGTCATGACGAACCTGCTGCTCGGCGTCGCCCTGATTTCGCTGGTCGTCGGCGGCGTCGGCATCATGAACATCATGCTGGTGTCGGTGACCGAGCGGACGCGCGAAATCGGTCTGCGCATGGCGGTCGGGGCGCGCTCGCGGGATATCCTCCAGCAGTTCCTCATCGAGTCGATGGTGCTCTGCCTGGTCGGCGGCATCGTCGGCATCCTGCTCGGGCACGGCGCGGCGCTGCTGGTGGAGCGCTATCTGAACTGGCCGATCGCGTCGAGTCCGGAGGCGGTTCTCGCGGCGGTTGCGGTTTCGGCGGCGGTCGGGCTGGTGTTCGGCTTCTATCCGGCCTGGAAGGCGTCGAAACTCGACCCGATCGAGGCGCTGCGCTACGAGTGAGTTCCGGTCCGGTTCCGTCGCTGGGAGCGGGCGGGAAGGGAGGCCCTTCCCGTTCCCCTGTTTTCATGGGCGGCCGCGTTTCGGGAGACGCTTCAGGTATCCGGCCACGGCGTCGCGTTCGAAGAGACCGGTCCGGCGGAAGGCGCCCGTTTCGAGCTTCTGCTTCAGGACCGGCGTGACGGTCAGCGTATAGGCGGTCACGGCGAGCGTGAGTTTTTCCGGAGGCGCCGGAACGTGCCGGCCGCCTTCGGCGCGGCATTCCGCATCGACTCCGGAAAAACGGAATACGCTGCGTCCCCGGCGCGATGCCGCGCCGATCTCCTTCACGAGCCGGGCGAACTCTTCGCCGGTCAGCTTCACCGTGCAGAGCTCGTTCTCATACGGCAGGAGCCGGAAGAGTTCCGCATTCGTGACTTCCGCCGGGATTCCGATCTCCGGCAGGGCCGACACCGAAAAGAGCGCGGCGTCGGCTCCGGTCGCATCGCGCATCGCTTCGGCGCCGAGGCGGCAGATCGGCGCCGTGTTGTCTCCTTTTTCCGGAAGGCGCAGCGGCTGTTCCGTCACGGCGAGCACCTTTTCCGCGACGGGACGGTATGCGCGCAGGAACGGTTCGAGCACCCGCGTCGTTCCGGCGTCGGGCGGTTGCGACGGATCGGGGCGCACGAGTTCCGAGCGGATGCGGAGCAGCCTGCCGTTCCGGTCGTCGAATTCCGCCGTAATCCGCGCGAAACAGCCGGCGTAACGCCCGGCCTGGACGAACCATGCGCCGGAGATTCCGCGGCCGGGCTCCTCCTCATGGCTGTGGCCGGCCAGCACGAGATCGATTTCGGGGAACTCCGCGAGGAAGCGGAACATCGTTCCGGGCGGAGTGTAGAGGCCGGAGTGCCAGGCCAGCACGATCAGGTCCGGTTCCGCGGCGAGGATTTCCGGCATGATGCGGCGCAGCGCGTCGCGGTTCGATTCGAAGCTCCAGCCGGAACCCGGCAGCAGCCGCGACGGCATTTTCGGGTCGGTCATGCCGGTCACGGCGATTCTGTACCCGTTCCGGGCCAGCAGCGTCCATGCGCCGGGGCGGAAACCGTCGCGGGCGAACTCCGCGCCGAGCGTCGCGCCGCGGAATTCCCGGGCCGCCGACACGAGCGGCTCCGGCCCGAACTCGAAGTCGTGGTTGCCGGGAACCCATACGTCGTATTCAAGTTCGTTCAGGAGGGAGATCATGATCCGGCCGCTGCTCAGCCGGGAGAGCAGGGTTCCCTGCAGCGTGTCGCCGCAGTCGATGCGGATTGCGGCCGGATTCTTCCGCAGCAGCGGCGCGAGCGCGGCGAACTCCTCCGCCCTGCCGTGGAGGTCGGTCGTGCAGAGAATTTCGACTTCTCCGCCCGGGCAGGGGAGGAGCAGGAGCGCGGCGAGGGCGGCAAGGAGAGATTTCACGGTGCGATGGTTCCGAAAATCCGGTCGCCGGCGTCGCCGAGCCCCGGAACGATATATTTGTTTTCGTCGAGCCGTTCGTCGAGGCTGCCGGTGTAGACTTCGATCTCCGGGTAGCGCGATTCGATGACCGCCTTGCCCTCCGGCGCGCTGAGGATCGTGATGACGAGGATGCGCCGGAATCCGTTGCTTTTCAGGAGTTCGATCGCTCCGGCCAGCGAGTTGCCGGTCGCCAGCATCGGGTCGATGAGCACGGCGAGCGAGTGCTCCCCCGGTTCCGGCAGCTTGCAGTAGTATTCGCGCGGCAGCTTGCCGGCGTGGTCGCGTTCGAGCCCGATGAAGCCGACCTTCGCTTCGGGTGCCAGCTCGAGCAGCGCGTCGAGCATGCCCATCCCGGCGCGCAGGATCGGCACGAGCACGAGTTCGTCGCGCAGTCTCCAGCCCGCGGTTTCGGCCAGCGGAGTCTCGACCCGGAACTCCTCGAGTTCGAGCTTCCGCAGCGCCTCGCAGGCGATGAAGCCGGTGATCTCCTGCACGCAGCGGCGGAACCGCGGACACGGTGTGCCGCGGTCGCGCAGAATCGTGAGTTTTGCTTTGATGCACGGGTGTTCGACGATATGAAGCATGGTCCGTTTTCCTGACGTGTTGTTGAATTGAGCCGTCCGGCTTCTAAAGTATAGTTCCGCATCCGGGGTTCTGCAAGTCGGAAAACACGTAAAAAAATGCAAAAATCCTGCCTGCCGGACTTGAAGAATCGGGTTTCGGAGGCATATTAATAAGCATTGCCGTTTGCGGCCGGACTCTGATGGTTGTTGCAGTTGCTTCCCTCTGCCGGTTTCAACGGTGGTTTTATACAGAATCTGATTTGTGTGAACAATTAAAAATATGAGGTGATGATATGTCCCAGCATCCGAGTCTCCGCGTCGGCGGAAAAATCCGCAAAGTCCGCAATGTCATGAAGCGTTACGAGCGCATCGACGTGCTCCGCGCCGACGGCCGCATCCCGGAGGAGAAGGTCCTCGGGCTGCCGAAGACCAAGCCGGTCGAACTCTGAGCGGACGAACCATCCGGAAGGACGCGGGGCGGAGCAATCCGGCCTCGCGTTTTTTCTTTTCCGTGGGGATACATTTTTTCCGGAAAGGCGCACCATGCCCGAATTCGGCAACTTCGAGACCCTGACGCCCGATGTGATCTTCTCCGCTGCGGAGAAGGCGTTTTCCTGCCGGTTTTCCGGTGTGCTGATGCCGCTGCCCTCTTACATCAACCGGGTTTACGAGATGGAGTCGGCGGAACGGGAACGGTATATCTTCAAGTTTTACCGGCCCGGCCGCTGGAGCCGCGCGGCGCTGCTCGAGGAGCATCTGTTCACGCTCGAAGCGCGCGAGGCCGAAATCCCGGTCATTGCGCCGCTGCGGCAGGCCGGCGGCTCCACCCTCGGCACGGCGGAGGACGGTACGTTTTTCGCCGCCTTCCCGAAGCGGTGGGGCAGGGGG
CP027227.1_gap99	4779333	4780327	994	GAATCAATGGCGCTGATGAACGCCTGCATGACGGTTGCCTACCTCTGCAGCATGAACAAGCTGAAATTCCTGCATTTCGGTTCGCAGATCAAGGCGCAGTTCGACAACGATTTCCCGCCGCTGATCGGTCCGGAGGGGCTCAAGGAGACGGTCATGATGTTCGAGGCGCTGAACCGGATCGGCTGGAAGGGCGCGGTCGAATTCGACTGCCATATGCTGCGCGCGGAGGGCAATCCGGAGGATGAGACCGGCTGCCGGAAGCAGTTCATCATCGACTGCGTGACGGCGCTTTCGATGGCGCTGAAGCTCGCGGAGCGGATCGAGACGCCGGCGGCGTATGCGTCCCAGTCTGCCGCCGACCTCGCGGGCATCCGGCAGATGTGCGCGCTCGGCGACATCGATCCGCGGAGGTAGGCATATGGCGCTCTATCTCGGCATCGACCTCAGCACGCAGGGCGTCAAGGCGGAGCTCATCGACCCGGAGAACCCGGCTGCCGGCTCCGGCGGCTTTGCGGTCGGATTCGGCGCCGATCTGCCGCAGTACGGCGCGCCGGAGGGATTTGTGCCGGACCCGGACCCGCTGGTCCGGGCGGCCGATCCGGCCATGTGGCTCGACGCGTTCGACCTCCTGTTCGCGCGGATGCGCGACGCCGGCGCTCCGCTCGGGGAGGTCGCCGGAATTTCGGGTTCCGCCCAGCAGCATGCGACGGTCTGTCTGCGGGAGTGTTTTCCGCGTGTGCTCGGGAACCTCGACCCCGGGAAGACGCTGGCGGAGCAGCTCGTTCCGTGTCTGTCGCGCCGCTTTTCCCCGATCTGGATGGACCGTTCGACGGCGCGGGAGTGCCGGGAACTTGAGGCGCGGTTCGGCGACCGGCTCCGGCGCGAGACCGGCAGCCCCGCCGTCGAACGGTTCGCCGGTCCGCAGATCCGTAAATTTGCGAAGGAGGCTCCCGAAGCTTACCGCGACACGGCGGCGATTCACCTGGCGAGTTCG
CP027227.1_gap100	4786823	4789690	2867	TTCTTCCCTGGTTTCCGACGGAGACGCGGGAGGAGGCCGCGGCATTTCTGCACGAGCGCTTTCTCGACACCTGTTCGCTCCCTTCCGCCTATCGTTATGCCGTCTGCCGGAAGACGGACGACCGGCCGATCGGCTATGTCCGGCTTGCTGCGGACGACAGCCGCGACTTCGGCTACGGATTGCGGAAGGAGTTCTGGCGGCAGGGGATTGTGACGGAGGCGGCCCGTGCGGTGGTCTTCCGGCTCCGGCAGGACGGAGTTCCGTACATCACCGCCACGCACGACGTCAACAACCCGGCCAGCGGAGAAGTGATGAAAAAGATCGGCATGACCTACCGTTACAGCTACGAAGAACTCTGGCAGCCGAAGAACATTCCGGTCGTCTTTCGGATGTATCAGCTGAATTTTTCCCGGGAGGACGGCTGGACTTACCGGAAGTATTGGGACCGGTGCGAACACCACTTCATCGAAGAGCTGCCGTCGCGCTGAGCGGGGCCGCGCGTTTCGGGGAGCTCCGCATCCGGCCTTCGGGGGAAGGGCGGTCGTGCAATGGAATTCAAGGGGATTGCGTTTCAGGGAACGAAGCTTTATCCGTTTGAATGAAGGAGCGGCAACCGTCAGCCTTCCGGTTCGGAGAATTTTTTCTTGATTCTTTCCAGAAAAAGCCCGGCGGCGGCGGAGAATACCTGATATTTTTTCCAGACGATATTCAAACCTGATTCCAGCCGGGGCTCGAACGGGCGGAAGCAGAGGTTGTGATGCCCGGTCACGCTCACGAGCTTGTCGAGCGAAATCGCGTAACCGATTCCCTCCTCCACCATCAGCGCGGCGTTGTAGATCAGATTGTAGGTCGCCACGATATTCCCCTTGTCGAATCCGTCGCCGAGCCAGTTCAGGACTTCGTTGTATCCGGAATTCTGCTGGAGAGGCTGTCTCGAACAGATCAGCGGCAGTCCGGCCAGGTCTCCGCGGGCAACCGTCTTTTGGGCGGCGAGCGGCGAATCTTTGCGCATGACCACGCCCCAGACGTCCTTCTCCGGCAAATTCACATAATCGTACTTCGCAATATTGACCGGCTGAATCAGGATGCCGAAATCCAGCATCCCTTTGTCGAGACGCTCCGTCACATCCTCGGCATTGCCGCTGTAGATATGGTAGCGGATATCCGGATAATCCTCATGCAGCTCGCCGATGATTCGGGCGATCTGCCGCATCGCGTCGGTCTCGCCGCCGCCGATGTGGATGTCTCCGGCGATATTGTCGCCCATCGAATCGAATTCGGCTTCGGTTTTATGGACCATCTCCATGATCTCTTCGGCGCGTTTGCGCAGCAGCATGCCTTCCGGAGTCAGCGAAACGCTGTGGCTGCCGCGAATGAAAAGCTGCTGCCCGAGTTCGTCTTCGAGATCCTTCAGCTGCCGGGAAAGCGTCGGCTGCGTGACGTGAAGCGCCTGCGCCGCACCGGTGATGCTGCCTTCGCGGGCCACGCCGAGAAAATACCGCAATACCCTGAGTTCCATCCCATGACTCCTTTCGGTTGACGCGACGACATGCCGCCCGGCGGTATCCGTTTCAGGCATGTCGGGATATCTGCTCGGTGAACTCTGCGCGGCTTCACCGGCCGCCCGCGCAGAAGCTTATGAAACGGGCCTGTCCTGCCCGTTCGAACCGGAGAAGCGGACGCGATATCGCCGCAGACCGGCGGGAAGGGAGCATTCCCGCTCCCGCCTGATCCGCGGCGCGGAACACCGGCATTACATCCAGTGCTTCAGGAGCTCCTCGCGGCTCAGCGTCGTGAAGTAGGCCGGCGGAATGTCGAGAATCGTGAAGGCGCCGGAGCGGTTCTCCCCGGCGAGGCGCGCCGCGGCGCGGGCGTGGGCGACCAGGACGTTTGCGGTCGCTTCGGGATTGCTGCCCCAGATGCAGCGGTATTCGACCCGGGCGGCATGGCGGCCGCCGGTTTCGCCGACCGCGATCGCGAGCCCGTCGTGCGGAAACCCCTTGTACTTTTCGTCGAGCTCCTGCTGGCTTACGAAGTTGACCGTGGTCTTGTACGGCGCGAAGTATCCGGGCATCGAAAGGATCGTCTTCGTGACCGCCTCCCGGTCGGCGCCTTCCTCGAGGACGACGAAACATTCGCGCGTATGCATGTCGCCGGGCTCGAAGGCCGGGTTTTCGCCGCGGCGGACCCGCTCGATCGCTTCGGGGATCGCGTGCGTGAACTGGCGCGCGTCCTTCACGCCCGGAATCGTCCGCAGCGCGTCGGAATGGCCCATGCTGAGCCCGCCCTTTTCGCCGAGGCCGTAAAAGCCGTAGGCCCTCGCTCCCGGAATGAAAGCGCCGCCGAGCACGCGCTCAAGCGAAAAAATACCGGGATCCCAGCCGGTTGAAATGACCGATACGTGCCCGGCCGCCTTTGCCGCCGCGTCGATATCCGCAAAATATTCCGGAATCCGGCTGTGATTGTCGAAGCTGTCGACCGTATTCACATATTTCGCAAATTCGGGCCCCTGCTGCGGCAGGTCGTTTTTCGAGCCGCCGCAGAGAATCGCGACATCGGGACGGAACGCCTTTTTCCAGCCCTCCACATCCGAAATCGCCATGACCGGAACATCCGGCAGCTCTTTTCCGACCCGCTCGGGCGAACGGCTGACGATGCCGACGAGCTCCATATCCGGGTTCTTCCCAAGCGACAGACGCACTCCGCGGCCGACGTTGCCGTAGCCGACGATCATAACGCGAATTTTTTTCATAGAAGCGGCACTCCTTTTCGTGTCCATTCTGATTTGAATTGCGATTAAAATAGTCCGAAAAACGGCTTTTTTCAATATTTTTACGTCCTTTTTTCAGGAAAACGCGTTTCCGCCG
CP027227.1_gap101	4822159	4827108	4949	AAAATCGCCTTTGTACCGGACGACCGCACCTGGTACGGGATCATCCCGTGCCTGTCGGGGGCGGCGAATCTGCTGCTGGCGGGCTACGTCCGTTTCGGCATGCGTTTTTTCGCTCCGCCGTGGCGGGAGCGGCGCATCGGTGAACGGTTCGGCCGCCGTTTCGGATTCGGCTGGCCCTCCGCGCGGACACGGGGAGCCGAGCTCGACGCGGGGACGCGACGGAAGATCCAGATCGCCCGCTGGATGATCTCCGGGGCGGAACTGCTGATTCTGGACGAACCGACCCGCGGCGTCGGCGTCGAAGTCCGGCGGCAGATTTATGAGATGATGCTGAAATTCGCGAAGCGGGGACGGACGATTCTGCTCATCTCGTCGAATCTGAATGAATTGTTCGGGGTGACCGACCGCATCCTCGTCATGCGCAACGGCCGAATGGCGGGGAATCTGAATACGAAAGAAAGTACGCCGGAGGAGGTTATGCACCTCGCCGCCGTAGACGACCTGTAAGGTCGGGGGAGTTGAAAAAATGAGTCGATACAGCCGGCAACTGTTTCCTTTCTGCACACTGGTCCTGATTTTCGCTCTCTGGAGCGTGCTTGCTCCGGAGCATTTTCTTTCCGTCCGGAATCTGCTGAACATCCTGCGCGGCGCTTCGGTGACCGGGATCGCGGCGGTCGGCATGACTTTCGTCGTCATCATCGCCGGGATCGACCTTTCGGTCGGGGCGATGCTCTCGCTGTGCGCGATCGTGTCGGCGGTTTCGATGCTGGTCTTTTCGGGGGCCGGGCTCGTCGCGATCGAAAACGGCATCTACGTTCCGCTCAACGGCTGGGCGATCGCGGCCGGCACCGTGCTCGGCGTCCTGACCGGGGGAGCCGCCGGGTTTCTGAATGGAGAACTCATTGCCCGGCTGAAGCTTATGCCGTTTCTTGCCACGCTCGGGACGATGGTGGTGTTCCGCAGCGCGTCGCTGCTGGTCAACGACGGGCGCCCGGCGGTCGTTTCGGATTACTTCTGGCTCGACGCCGGTACGATTTTCGGCGTTCCGGCCGCTGTGGTGTTGTTTTTCGGCGTGCTGGTCGTCGGTGGTTTCCTGTTGCAGTACACGACGTTCGGGCGTTATGTGCGGGCGCTCGGGTCAAGCCCGCTGACCGCGCTCCATGCCGGAATCGACGTGACCCGGCTCAAGGTCGGCGTTTATACGATCTGCGGAATTCTGGTCGGCGTGGCGGCTCTGGTCCGCATGAGCCGGGTCGGAGCGGCGAATCCGTCCTCCGCCGGCGTCGGGCTCGAACTCGACGTGATCGCTGCGGTCCTGATCGGCGGAGCTTCGCCGACCGGCGGCCGCGGCACGATGGTCGGCACATTGATCGGCGTGCTCTTCGTCGCGCTGCTCCGCAACGGGATGACGCTGCTCGACATTTCGTCTTACTGGCAATTGATGACGGTCGGGCTCCTCGTGCTCGCCGCGCTGGCGCAGGACCGCTTCGAAACGCTCCGCATCGACCCGTCCAAATAGGTTTGCGCGAAGCGGAGGCGTCACGGTTTTCCGGCGGGGAGAAAGCGCAGCAGCAGCGGTTTTTGCGGCGGCAGTTCGAATTCCGGTTCGAACGTCTCTTCCCGCAGCAGGTCGCGGAAAGTTCCGGGGCCGGAGAAGTTCAGCTTGCGTGCGTTTTTTCCGTAATTGACCAGATTGATCAGATAGGCGTCTCCGTCGGGGACGCAGCGGAGGTAGAGCCCTTCGCCGCCTGCGCCGTCGCGGACGGCGAGCCGGAACGGCAGCGGCGTTGTCGCGTCGAGTTCGGCGCCGAGGCGGGAGAGGGGAAGTTTCGGAAAATCAGGCGCTTCCGGCAGCGGATTGCCGAATTCGTCGTAACGCGGCGCTTTGCCGCAGACCATCACGCGCCCGCCGCGGCGGACGAATTCATTCAATCCGGCCAACGCTTTGCGGTCGAGGTATTCGGCTTCCGGCAGCAGAAGCAGGCGGACTGCGCCGAACTCCCGTCTGCCGAGCTGTTCCTCCGAAAGAAATCTGACCCGGTGTCCGGTCGGCAGCGTTGCGGCGTAGAGTGCGTCGAGTGAATTCTTGCAGCGTTCCGGCGCATGCAGCAGAGAGCTCGGCGCATGCAGAATCGCCGTTTCGGGTTCATAGCGGGAAAAGCGGACGAGTTCGCGGGCGACCCGGTTCGCGTCGAGCATGGCGCGTCCGTGGGCGATGATGTTGCCGGGGCGGTTGCGGATGTTCCCGCAGAACATCGGGGAGCTGCTCAGCGATTTCAGGTAATCGATGTCGGTCCAGACCCAGGTGATCAGGGCCGAGGTGCCGGTGGCGTACTGTTCGAACATAGCCGTATAGATGTGGCCGTTCGGCACCGGGCGGGTTTCGCCGTCGGCGATGATGTGGTTCTCCGAATTGCAGATTGACAGCTTTCGCGCCGACAGCTGCAGTTCGCTGCCGAGTTCGCTGCTGATATGGTGAGGCGCCAGTCCGGCGTTGTCGAAATCGTACATCCGGTAGTTGTCGTTGCCGTTGTAGTCGCTGAACGCAGCGAACATTCCGGCGTCGGTGGCCTGCGGCACGTACAGGCTCGAGAAGATCATCATTTTCGCATGCAGCGGAATCTCCGGCCAGATGCGGCGGACGCGTTCGGCCAGCCGGCGGTGCCAGGCCGCGAAGGTGTCGCGCCGGAACCGTTCGAATTCGCTCCTGAGCGCCGGATCGGTTTCGATTTGTCCGGTCATCGCGTCGAAATCCGGATAATCGCGCTGTGCTGTCGCGTTGAAGCCGGAAGGTGTTCCGTATTTCTGCTTCAGGTAATGGCGGAAATCCTTGAGCGATTGCGGGTTGTATGGTGTGCAGCCGATATAGACCGGTTCGTTCGAGAGGACGAGGCTGTGGAGGGCTGCGCTCCACGGCGACGCCTTGAGCTTCGGGATCAGTGCCGCGAGGTAGGCGTCGAGCATCTCCTCCGCCTTCGGGTGGGTGATCTCGTACTTCAGAAAATCCGAATCGGCGCGCATGTCCGGATATTTGTCGAGCAGCCAGGCCGGGTGGTAGTGCGGCGAGAGCAGCAGGCAGACCTTCACATTGTGCTCCGCCGCGCTCCGGAGGGCGGGCAGAATGCGGTTTTCGAGGTCGGAGAAATCCGGTTCGGAGAATTCACCGTTTTTCCCTTCCTTCGGAAAGATGCTCGAGGGGCCGATCTCGATCTGGATGAGGTTGGCGCCGATGCTGCTGAATTCCGGCAGGTCGCGGATCACATCGGTGAAGTGGCCGTATCCGGCGAAGAGCACCGGCCGGAGCTGCCGCCGTCCGCGCGAGCTCTCCAGTTCCGCATACGGGAAACCGCCGCGCAGCAGGACCGGGCCGGACCGGAAGAACCAGTATTCCGGCGGCGTGCGTCCGGCGCGGTATTCCGCAAGCTCCCGCTCGAGTTCGTCCAGCGCTTCGGCGACTTCCGGGGCGGTCATTTCGCCGCGCCGGTCGTAGAAGCGGCGTTCGGCGGGTGATTCCGCCGCTTCCATCTGACTGAGCAGCCGCGGGATATCGGAGTTCAGGACCCGGAGCGAAAGCGCCGCCGAGGGCGGGAGCCGTTCCGGGAATTGCCGGCGGTAGGCAGCGTCAATCCGGGAGAGACGGCTGCGGAACTCCTCCCAGATCTTGCGCTGGCGGACAAGCAGAGCCCGGCGCTCGAAGGCGAGTTTCCCGGCCGGCCGGCCGTTCCATAGAAATTCTGCGGTCCAGCGCCCTTCCGGCAGTTCGGAGACGGAGCGCCGGAAGGGGAGGCGGCCGGCTGTGCCGGGCGGAACCCGCGTGGCGCGGCACAGCGGAATCGTGCGGGGGGAACCGTGCTCCGGCGTCAGCCGCAGGACGAAGTCCGCCGTATCTCCGGTTGCGCCGGCCGTATAGAAGATTCCCGCCAGATGTTCCCTGAGGTCGTCATATCGGGCGCAGACCCGGGCGGTTTCAGCGCCCCCTTCCGGAAAGAGCAGCACATTGTCCGCCGAGGATTTCGAGTCGTGGATGCCGCGGGCGAAAGAGATGACCCGGCGGTCGTCTCCGCCGTCGCGGTCGTTGAAGATCAGATTGAAGCTGAACGGTTTCGGGTGGCGGAAGTCGATCCGGTCAAACAGCGCGTCTTTCAGCAGGACTGCCGCAGAGAATCCGTTTTCTCCGGAAGTCACGACGGATTCGACGAGCGTTTCGGGAATCGGCATATTCGTATTCCAGTTCCAGGTCGCTAATTTCCCCGCCGCATCGATTTGAAAACCGAGTTCGAGGTCGGAGGGTCTGGCCTGCGGTGCGAGTTCACCATCCTGGTCGATCCGGAGCTGGACGCTGTCCCCCAGGTACATGGCGCTGCCGGGGACCGGGCGGAGGACGTCGTCGCGGACACGGAAGAACAGCAGCAGGCCGTCTTGATTCCAGCCGAGTGCGAAGGAGGCGGAAAAATCCGCATCATCGGCCGGCGTCCAGACGGTGACGCCGTCGGGGAAACCGCCGTCGCGCGGAAATCCGTCGAGGCGAGGGAGCCGGAACACCTTGCCGGAAAGCGCTTTTTCGGGCGGAACGAATGTGACGGCACTTTCGGCCGGGAGCTCCTCTTCCGTGATTTCAATGTCGTCGAGATTCAGTTCCGGCGTCAGGTTTTCGCAGATCAGCCGGACCGGATAGAGTTTGCCGTCGAACTCATCCGGGTCGGCCCGGAAGCGGAGAGTGTGGCGGGCCGCCTCCGGCGTGACGGGCGGGAGGGCCGGGCGCAGTTTCCAGTGTTTCCCGAGCGTCCAGCAGATGTTCCGGGCGGGCTTTCCCCACATTTTCCAGCTCAGGCGATAGATGCGCCCCGGAGTCAGCGGCACGTTCTGCAGCAGTTGGCCGTAGCGGTTGGACTGCTGCTGCGACCGGTAGGCGATCCGCAGGTGGCGGTTGCCCCCGGAACGTATGACTG
CP027227.1_gap102	4829796	4834659	4863	GAGGCGCAGACGCCGAGAAAATAGTTGTTCGCCACCGCGACGCAGCCGGTGACGAGCTGCGCCCCGCCGGCGGCGGCCGGCTCCGGGACGTTTTTGAGGTCGGTCACCGCGATGTCCGCCAGCTCCGCTTCCATCTTCTTCAGGTACTCCTCGCGTTTCGTCTCGGTCAGGCGGAAGCAGAAGAAACCGGTTCCGAAACAGAGCGCGAAGACGGCGCCCATCAGGAAAATGCCGCTCATCGTTCAGCCCTCCGACGGCACCGCGACGACCGCCGTGCCGTACGCGTAGAGCTCGGCGGCTCCGGCCGTGATGCTGCTCGTCGCAAAACGGACGTTGACCACCGCATTGGCGCCGAGCTCTTCGGCCTGCGCGAGCATGCGGGCCACGGCTTCGCTGCGCGATTCGGTCAGGAGCTCGGTATAGCCCTTGAGTTCGCCGCCGACGAAGTTCTTGAAAGAGGCCGCGATGTCGCGCCCGACATGCTTGGCCCGCACGGTGTTGCCCTGTACGAGCCCTTTCTGCTCGACGATCTTCATGCCGGGAATCGTTTCGGTGTTGACGACAATCATGATATTCTCCCTGCGTTTTGTACCTGTTGTTAAGTATAACGTGGAAGCGGGGGAATGCCAAATGAAAACCGGGAAATTTCACCGGTTTTTTCGGCCGGGGGTTGCTTTTGAACGCCGAATCTGCTATAATTATAAGTGGTCAGGTAATGTAAGGTTATCAGGAAGGAAAGCCGATGAGACGTACTTGGGCGCTGGCGATGCTGCTCTTCGGGGCGGCACTGATCGGGGGCGGGACGGAGTTCCGGTCGCTGAACGGAAATTGGCGGGTTCTGCCGCCGGTGAAGAGCGCGGAGCGTCCGGCCTCCGCGCCGGGGCTGGCGGCGAAACTCCATCTGCCGGAGACTCCGACGACGGCCTGGAAGACGATCAAAGTTCCGCATTACAACTGGCACGAGGCGTTTCCGGACACCTATCCGGACGCCTCCCGCCGGAGCGCGAACTACCAGTTCACCGGGAAGCCGGTCTATGTGAGCGGCTGGTTCGACACCTCCTTCGACATTCCGGCGGAACTCGGAAACCGGAGGGTTTACCTCGATTTCGGCTCGGTTGCCTTCGAAACCGAGCTCTTCGTGAACGGCCGGCGCGCCGCCTCCCATAAAGGGAGCTTTACCGGATTCGAGGTCGATGTGACGCCGCTGGTGAAGCCCGGCTCCAATACGCTCCGGATGTGGGTCGCGAACGACTTCGGCGAACATCCGCCCCGCCATGTCTACGGAAAAATGTTCTCGGCCTCTTCGAATTCAGGCGGCATCACCGGCAATGTCACACTGAAAATCACATCTGCGCTGAACGTCCGGAGGATGCTGCTTACGCCGCTTGTGAAGGAGAGCGCGCTCGACGCGGTCCTGGAATTGCGCAACCATCTCGCTCCGGGCGAGTATGTCTTCCGGGCGACGGCCGTCGATGCGGCCGGAAACGCGCAGGCGGCCGAACTCGGCAGCTTCGCGCTGAAGCCGGGAGAGAACCGGATTCAGGTCCGTTTCCCGCTGCGCGACCCGAAGTTATGGAGTCCCGCCGATCCGCAGCTTTACCGCTTTGACGTTGAAATCCTCGACCGGGCCGGAAAGGTCGCGGCGAAGAGCTCCGGGCGGTTCGGCTTCCGCGACTTCCGGGCGGTCGGCGGCAAATTCTGCCTGAACGGAGAACGGATTCGGTTGTATGCCGGCAATATCCTGACCTCCGGCGGGTGGGAACGCACGGAACCGGGTTCCGACGCAAAGCTCCGCGCCGATCTGCGCCGCCAGAAGAGAGCCGGGGTCAATGCGATCCGCTATCACATGGGCGGTTCGGATTCGCACCGGCTGCTTGCGATCGCGGACGAGGAGGGGCTGCTGGTCATCGACGAATTCCCGATGTTCCACCGGGTGTTCAGCGATCTGGTCTTTCCGACCCCGGAGCAGCGGAAGGAGTTCATGGACACCACGCTTTACGAGTGGCGCGAACGGATTTTCCGCGACTACAACCATCCGTCCGCCGTGATCTGGACGCTCTCGAACGAGGTGTGGACCGATTCGACTGCCGACGAACTGACCGAACTTTACCGGGCTTTGAAACCGCTCGATCCGATGCGGCCGTTCAATACCGGCAGCGGGCTGCACTCGTTCGGCATCCCGGGCGTTCCGGTGGCGACCGACCTCTACGATTCGCACCTCTATAATGTGACGAGCCAGATGGCGCCGAATTTCGCGGAGCAGGATTTCGACCGCTACTTCCGGGGACTTGAGGAGTTATACGGCGGGGAGGCTTTCGCAAAGCCGGCAGCCGTGTTCGAGTCGGTTCACGTCGGCCACAACAAGCCGGAACAGCTTGTTCCGCTCAACCGGAAAATGGGCGTGGAAGAGTATCTGAAGGAGCTGAATCGCCGGAAGCGCATCGCGGATATCCGCTGGTACGGGCTGCGCGCCTTTCTCGCGCAGCAGCGCTATCTCCCGGCGGCGACGGAGCCGCCCGGCGCGGCGGCGTTCGTAAACGCGATCGTCGGGGACGCGTTCGACCGGTTCCGCGCCGACATCCGTTTTCAGGGCTATCACCTCTGGACCGGGCGGCGCGACATCATCTACCCCGCCTATTCGGAGCTGATCCGGCCGTATTATGTCGGCGTGGAGAACTGGGAGCCGAACGTATCCGGCGGTAAACTCAGGTTCGGCCTCATCGTCGTCAACGACTCGATGAAGGCGCGGAAAGCCCGGCTCGAACTGCAGGTTTTCCGTTACGGGGAACAGGCCGTCGATACCGGCGAACCGGTCGTGCGCGAGCTTGCGCTGCCGGAAGGGGTCGAGCGCAGCGTTTTTCCGATGGAGCTCGAAGCCGGATTTCCGGGATTCTGTGAGCTCCGGGCGACGCTGACCGCCGGCGACTGCAAAGTGGAGCGCTCATTCCCGTTCTTCCGCGGCGGTCCCCGCCCGGAAATCCGCCCCGAACGCCGCATGGCCAAGTGGGACAACGGCAGCGGGCGGCTCCGGGCGCTGAAACTGCCCGAACTCAGGACGCTTTCTCAGACCGGAGACTTTGAAGCGCTGGTCGTTTCGGCGGCCGATCCGGAATCCGCCGCGGCGCTGGCCGCCGCCGGCGGGCAGCTGGCCGGATTCGTGAAGAAGGGCGGCAAGCTGCTGCTGCTGAATCTGCCGCCCGGCGCGAATCTGAACTGGATTCTGCCCGGCTATTCGGTGAAGCAGCCGGAGAAGCGGGCAGAATCGGCATCGACGATCATGGAGCTTGCCGATCCGGACCATCCGGTATTTGCGGGTCTGAGCACCCGGCATTTTCAGGCCGGGCTGAATGGAGACGGCGGCATCGTCGGCCGCGCGCTGCTTTATCCGCTTTCGGTCAATCTGCTCGGAACCGGTTTCCCGTACAATCCGGACGGCCCCGGCATGCTGATCGCCGGTTTCGGGATCGGGGAGGGGAGCGTGACCGTTTCGCAGGTCGAACTGCTCGAGCGGCTGGACGGCGATCCGGCCGCCGCGGCGCTGTTCGCAAATCTTGTGAACGACACGGGGACAAAGAGGCGGAATATGCGGCCGATGGCGCAGGGCGAAGCGAATCCGCTGCTGGAGCACTTCGCCCGGATTCCGGCGGCCGACTGCTTCGTCCTTCCGTTCGAGAAGATCGCGAACCGGAGCTTCACCGACGACCCGTCCGGCGTGCGCGGCTGGACCGGCGCCGGACTGCCGGATTTCCGGCAGGGACCGCGCGGCGACCTGAAATTTCACGCGGTCCCGTACCGCATTCCCGCCGACGGCCGGGCCCTGATTCTGCGCGGGGTCAAAACGCCCGCTTTCCCCGAAAAGGCTGAGATCATATTCCACCGCCCGGAGGCTCTCCGGTCGCTGGTTCTCTTCCACACCGCCTGGTATCCGGCGCGCGGAAAAGAGTTGTACCGGGTGATTCTGCATTATGCCGACGGCGGCACGGCCGCGCTGCCGGTCGTGGAGGGGCGCGATATCGGCGACTGGTACGCGCCGTTCGACCGGGCCGGTGCGGCCGTGGCGTTTCAGGGAAAGCATCCGCTCGTGCAGGCGAGCTTCGGTTTCTATGCGTCGATTCTCGACAATCCGGAGCCGTTCCGCCGGGTGAAAGCGGTCGAGTTCGTTTCGGACAACACCGGCGTGCCGATCCTGCTGGCCGCCGCCGGCGTCCGGTTCCGCGACTGGGCGGAAGAGATCGCCGGCGACCGCTGGGATCACCGGGACGACGACTTCGAAAAGAGTTTCGGCGTCCGGCAGACGGCGAATAACCGCTTTATCCTGACCCGCGGCCACGGCTGGATCGCCCCGGCGCTGCGCGGCCGGGAGATCGACGGAACCGTGTGGAACCGCCTCCGCTTTGCGCTCAGAAGCACGAAGCCGCTCCGGGTCAAGCTGCTGTACCAATCCTCCAGCGGCGACAACGGCGTCTGCCGATGGCTGGAGCCGGTCGCGGAGAAGGATGGCTGGAGCGAGTTCGATGTGGAGCTTTCGAAGCTCGAATGGCCCCACTCCAGCAGCCCCGAAGCCAAGGCCTGGGGCGGCCGGACCGGAGCGGTTTCGATGTTCGCCGTGGACCTCTACGGCGATGCCGGGACGGAGTTTGAACTCTCTCCGCTGACGCTGACCGCATACTGACCGGCGGGCCGCGGAGGGAAGACGCGGGCCCGGTCGCGGATCAGTTGCTGCGCAGCCAGGTGGCCAGCTCGGATTTGCCGCGGTTCTGCCAGAGCGCGTACGGCACGGCGATGAAACCGGTCCGGGTGCGCGACGGCGTCCGGTTGCGGAAGTAGAGCCGTCCTTCCGACTCGTCTGATTCGCGCAGCGCT
CP027227.1_gap103	4932307	4936567	4260	ACCGCTTCCACGCAGGTCGCCGTGACCCATATCAGCCACCATGTCGGAGCGACCCATGAGGAGCTCGAGGCGTATTTCAGGCCATACGGCATGCTGGTCGGTTATGACGGCATGCTTCTCGGGAGGGCGTGAAAATGATGATGCCTTATCATGCCGCGCCGCTTCCGGAGCGGGAGCGGCCGGTTGTGCGGGAAGCCGCCGCGGAGCTGCGCCCGGCCGATTCCTGCTTCGCTTTTTCCCGCGGAGATTTCGGTTTCACCGCATATGAACTTTCCGGGAGCGGGCGTTATCTGCTGCGGGTCGATCTCTGCGGATCGGCGTCGGCGCTGATCGCGTTCTCCCAGTATCTGTACGATCACCCGGAGCGGAGCCGTGCGGCGCTCGTCGTGATCGGCGGCTGCCCGCTCACGGAAGAGACGGTGAACGGTTTCATCGAGCTGCTGCCGGATTTTCCGCTGCTGCTGCCGGGCGGAGTTCCGGACAAGCTTCGCGATTACGCCGTCTCGCGCGCCGCGCTGAAAGGCGTGACCCTGTTCGTCGCGGAAACCGGGGCAATTCCGCCCGGGGAAAGAAAAACGGAAAAAAATCGGAAAACCGGTTGATCTTTTCCGACAAGCGCATATCTTAAATGAAGAGCCGATTTCAATCCTTTGAAATTGGCTCGAACGTTAATTTGTGAAATACGTGACCGGGGAGGGGCTTCCGAGAGCTGAAACGTACCATGTCTACCAAAGACACGCATAAGTTCAAAGAACTGTACCGCTTCGTAAAACCGTATCAGACGATGCTCACCGTGGCCGCCGTGTTTCACGTGGTCTGCACGTGTCTCGGGCTGCTGATGCCGCTGGTGCTGAAGATCATCATCGACAAGGCGCTCGGCGGGTCGGACCTGAGTCTGCTCTATGTGCTGCTGGCCGGCGTGATCCTGCTCTACTGGGTCCGGGCGTTCTTCTTCTACACCTGCAACTACCTGACTTATTACCCGATCCACCGCATGCTGCTCGATTTGCGCGTGAAGCTCTTCAAGCACCTGCAGAGCCTGTCGCTGCGTTTTTACCAGGAGTACCGGACCGGCAAGCTGATTTCGAACATCCTGACTGACGTGGCCGCGCTGCAGTCGATGATTTCGACCGTGATCGTCGGCATCGCGTCGAACTTGTTCTCGCTGCTGTTCGTCGGCGTCATGCTCGTGGTGCTGAGCCCGACGCTGTCGCTGATCTGTCTGGTGGTGCTGCCGGTGGTCTATCTGGTGTTCTCGCGTTTCCGGAAGATCCTGCGGGAGCGTTCGATGATGCTGCGCGAGCATATGTCCGAGGTCTCCGCCAACCTCGCCGAAGTCATCAACGGCATCAAGGTCGTGAAGTCGTTCGGCAAGGAGCGTTCCGAGAACCGCAGCTTCATGGAGCGGCTCAAGCCGACCTTCGACATGTCGCTGAAGCTTTCGATGCGCGGTTTCATGCTGAACATCGTCATGGACCAGATTTCGATCTACACGTCGGTGGCCGTGCTCGGCTTCGGCGGCTACCTCGTGTCGCAGGGGAGGATGACGCTCGGAGAGCTCGTCGCGTTCTACACTTATATGCAGATGTTCTTCGGCCCGGTGGTCCAGCTGACCGGTTTTGCGCCGGCGATCAGCGAAGGCGCGGTCAGCGCCGAACGGCTGCTGACCCTCATGGCCTATGTTCCCGAGATCAAGGAGCGCGAGCACGCGATTCACATGTACCACGCGAAGGGGCATGTCCGCTTCGAGAACGTCTCGTTCGGCTACGCTCCGAACCGGATGGTGCTTCAGGAGTTCGATCTCGATGTCGAGCCCGGGCTCAAGGTCGCGCTGGTCGGGCCGTCCGGCTCCGGGAAGTCCACCATCGCGAGTCTGCTCATGCGCTTTTTCGATGTGACGAACGGGCGGATTCTGCTCGACGGCGAGGATATCCGCGACCTGTCGCTCGATTCGCTGCGCCGCAATGTCGGCATCGTGCTGCAGGAGTCGTTCCTGTTCTCCGGCACGATCGAGGAAAATATCCGCTACGGCAAGCAGGAGACGAGCTTTGAGGAGGTCGTCGAAGCCGCTAAAATGGCCAATGCATACGAGTTCATCCGCGAGCTGCCGCTCGGCTTCAGGACCGAGGTCGGGGAAAACGGCGTTTCGCTTTCCGGCGGGCAGAAGCAGCGGATCGCCATCGCGCGCACTGTGCTGCACAACCCGTCGGTGCTGATTCTCGACGAGGCGACGAGCGCGCTCGATACGATCTCGGAAGCGGTTGTGCAGCAGGCGCTCGACAAGCTCATGGCGAACCGGACCACGATCATCATCGCGCACCGGCTCTCGACCGTGCGCAACGCGGACCGCATCGTCGTCCTGAAGGACGGCCGCATCGCCCAGAGCGGCCGCCACGAGGAGCTGCTCTGCCAGGATGGGCCGTACCGCCGGCTCTACGCCATGCAGCTCAAGGAGCAGAAGGAGCAGGATTCACCCAACTATGCGGCGGGGCGTTTCGGCCTCGAGGATCCGGAGGAGTAGAAAATGACGCACAAGACGGCGGGATTGCGGGGAAAGCTCCGGCTGCTGACCATCATCGGTTTTTCGCTGGTGCTGCTGGTCTGCGGCGGCATCGTCGCGTTGTTTCTGTTCGATATCGAAGACGTGATTTACGCGCGCGGCAAGATCGCTTCGGAGATCGCCTACGACATCATCGGCCATATGGACGGCCGGGTCATCAGGCTGAATTTCGAGGAAGGAGACGATGTGGAGGCCGGTGAAGTCATCGCGCTGCTCGACACGATCCTGTACGACGAGCAGCGGGTCCGCATCGAGGCCGAGCTCCGGGAATACGAGGCCGAGCTCGAGGTGAAGAAGGCCGAACTCGAAGCGCTCAGGACCAATCCGCTGCCGAAGGAACTCTGGTATGCGGAGACGAACCTGAAGGAGAGCGAGGACAAGGCGAAGCGGACGCAGGCGAGGCTGAACCGTTCGCTGCAGCTGTCGAGCAGCAACGCGATTTCGAAGCGCGAATTCGAGGATGCCGAGATCGAAAACATCAAAGTGCAGGGGGAGCTGGCCCGCGCCCGGGAGAATCTGGCGAAGGTCAAGAGCGGGATCGGCGAACGCAACATTGAAAAGGCCGAACGCGACATCGACCTCGTGCGCGCCAAGATCGAGGGGCGCAAGGAGGAGCTGAAGCTGGTCGAACGCCGGATTCGGGAGTGCCGGATCGTTGCGCCGAACGACGGCCGGCTGGTCAGCATTCCGTGCAAATACACGCGGTATGTCCAGAAGGGCGACGTTGCCGTGAAAATGTCCTCCGGCGAAACGGTCAAGGGGCTTGCCTACGTCGACGAGAACGTCGTGCGCAAGGTGCGCCGCAACCAGAACGTCCGGATTTCGAGCGGCGTTTTCAACCGCCTCGAGTACGGTTCGTTCTACGGCAAGGTGGACCGCATCTACGATACGCCGGTTCAGGACCCCGCCACGAATGCGACGCGCTATCCGGTCGAGATCACGATCGACGCGCAGGGCCGCCCGCTCCGGCTCGGTTCGAGCGCTGAATTTGCAATCGTGACCGGCCGCGAGCCGGTCATCTACACGATCCTGAACCTGACCAAAGATCATGACGACTATCTCGAGCCGGAGCCGGAGGCGCGGCCCGAAGGAGCCCGGGCCGTCCGCTGAAAGCCGATGCCGGAAAAGTCCCGCTGCGCGTGCCGTTTTTCCGGTGCGCGCTTTTTTATGCTGACCGTGCGCTTACCTGATCCTGACCTTCTTCTAATCGGCCGGATCTTTCGTTTTTGCAATTCCGCGGTATGTTATCGGCAGGACCGCGGCGGGATTCAGTAAAATGGCACGCGGTTGTGTATATTATGCTTTCTATTGTACATTTTATGCCGGTTTTTATGTGGAAGTGTCGAAGGTGCGATGAAATGTAACTTGTTGGCGGATAATGTCGTATGTTGCTTTTCTTTATCTTGGCACGCCGATTGCTGTTAGGATTGTCAGAAAGCCACAACTCCAAAGGAAGGGAGCTCTATCATGATGACGACGATTATGGAAACGCTGCGTTCGGATAAGGTACGGGGGAATATCGGGCACTTGCTGCATCTGCCGGCAGGCCGGGAATCCTCGGTGCTGGCCGAGCAGGAGAATTTTCGTTTGAAACTGGCCGAAAGCCCGGCCGAGGTCGAGGCGGCGCTGCGCCTCCGCTACCGGGTGTTCAAGGAGGAGCAGGGACGGCTGGCGAACTGCTGCGGGGGAATCGACCGCGA
CP027227.1_gap104	4957005	4957767	762	GGAAGAGCGCAGTGTGATCGCCAATGCGAACACCTTGAATAAATGTGAGAAAAGCTCCATCATCCAGCCGGCGCTTTCTCCGCATGGCGGCCGCAGCGTGATCGGCTTTGCCGATGGCCATGTCGGCGCCCTCGTGCAGTCGAAAATCATGCAGGTCAACAATAACGACGAGCTGATCTTCTCGGAAAAGTGGGGCTGGTAAGCTCTGTTGCCGCGCCTCCGTCCGGTTTCCGGAAGGAGGGCGGGCCATCAATTGTCAAGGATTTTCAATGATGATACTCAAGCATATTGCAACCGGCGTCTCCTTCCTCGGCGCGGTTTGTGTCCTGGCTGCCGCGGACTTTCGGATTCCGGCGGAAACGCTCAGGGGAGGGGCCATTGCTCCGCCCGGCGTCGATCAGGTGGACGGGGAGCTCGGCAACCTCCCGCTCGAAAAATTCCGGGCGATCCGGGAACGGTTCACGCTGAACTTCGATTCGGATTCATTTCCGGAACACCCGGAAACGGTCGATATCGGAGTCAACCGCATGGTTTTCAGCGGATTCCGCCGCGCCTCGAAGGCCGGATACTTCATCTCCGCGCCGAATGCGCTCGTCGGTGCCGGGCGGGAGAAGACGGTCACGGCTTCGATCACTTTCGACCGGCCGGTCAAAGCGGCCGGCTTCGTGCTCCAGTTCATGACCGGGACCGCCAAGGTGCGGTTCGTCGACGCGGACGGAGAAACGCTCCGGGAAATCGAGCAGAACGGGCAGGGCGACCCCT
CP027227.1_gap105	4983721	4984412	691	GGCATTTGCCGGGATTGCGGACGCAGCTCTGGCACGGGACCGTACCCTGCCTGCCGCACTCTTCGCACGGCTCTTCGGTGCCGGCCCGGACCTTCTCCTTGTCGGCCGCCAGGGCGAGCGTGGAATCCGCGAGATCCTGCGCCTTCAGGGCGATCGCGGCGGCATAGACCGCGGCGATCCGGGTTTCCTCGGAACCGGCGAGCCCGACCGGGAGTCTGAAGTCGGCCACGGCGCCGATGTCGGCAGGCACGAGAGCCGGAGCATTCACGATCCGGGCGGCGACGGCTTTGAGCTCATTGAGCTGATCCTGATCCTTCTGCATGCGCCGGAGCGTTTCGGCCCATGCGTCGGCAAGTTTCTTCTGGTTTTCTTCGGTCGCATACGGCTTCCAGGCGGTGTTCTCCTTCAGCGCGGCGGTGAAGGCTTCGAGCGTGCGGTAGTCGGTCGCGGCGGTCGCTTCGTCGATGGCGACCTTGATCATCTCGTCGGCGAGCCGTCTGGCGTCGGCGAGGTTCGCGGCCTGCGGATGCTGTTCGATCGCGGCCGCGAGCGCGGTGACGCCGTCCGCGTTGATCGATGCCGCGGCGACGTCCATCTTCCGTTCGAGCTCCATCGTGTCCGGAATTCTCATGCCGATCATGGCGGCCGCCCCGAGCACGGCGAGGACGACAAGGACAATGATAATGGCGGA
CP027227.1_gap106	4985763	4986270	507	CAGCTTTTGCCGCCGTTCTTCGCCGGATCGATGATTTCGAACAGCACGCCGGCGGCCTTCTGCCGGCCGAGCGGCATGTTGCGGAAGTCGTTGCTGCCCTGATCGGTCCAGCCGCCCTTGCCGTCGTTGTCGGCTTCGTCGGTGAAGCTGCGGTTCGCATGTCCGGTCAGGTCGAGCGGAACGAGGTTCTTTTCGACTGCCGGAAAACTGCCGTCCTGATTGGCCGCGAGCGGCTCGATTTTGTCGAAACGTCCGGTTCCGAGCACGTATTCGAGCACGTTGCGCAGGTAGGTCGATGCCGAGCTCTCCTTGCCCCAGAGCGCGGTCGCGTTGAGCTGCGTCCAGAAGATGGCGCCCTTGCCGACGGCCGCTTCGAGGATCGCGGTCTCGATGCTGCGTCCGCCGAGCATCGGCCCCTTGACGGCCAGCGCATTGACCGAGAACGGCGCGATGCCGCCCGAGATCACGAAGCCGTCCTTCGCCCCGCTCCAGGTGTCGAAATTCTTC
CP027227.1_gap107	5038268	5039482	1214	CCCGGAGCTTTTTGTGCGGATCGACGCGGGCGATGAAGGAGTTTTCACCGGTGTTCAGATAGACGTAGGTCTCCGACCCCATCGGCTCGACGACTTCGATTTTCGCCTTGACCTTCGGCATGTCCGGGGCCTTTTCGGCCTCGTCGGAGCCGAGGTCTTCCGGGCGGATGCCGAAGGTGACTTTCTTGTCGACATACGGCTCAAGCCTGGACTTCCACTCATCCGGAATGGCGAACTCGAAACCGGGCTCGACGAAGGTGAGCTTGCCGTCCTTGTTCGTGATGACGCCATCGAAGAAGTTCATCGGCGGCGTGCCGATGAAGCCCGCCACGAATTTGTTGCACGGATTATCGTAGAGCTCGAGCGGCTCGGCGACCTGCTGGATGATGCCGTCCTTCATGACGCAGATGCGGTCGCCCATGGTCATGGCTTCGGTCTGGTCGTGGGTCACGTAGATCATCGTGCTTTCGAGGTGCTGGTGCAGCTTCGAGATTTCGGTGCGCATCTGGACGCGCATCTTGGCGTCGAGGTTCGACAGCGGCTCGTCGAAGAGGAACGCCTTCGGTTTGCGCACGATGGCGCGGCCGACGGCGACGCGCTGGCGCTGGCCGCCGGAGAGCTGCTTCGGACGGCGCTCGAGGTACTCCTCGAGGCCGAGGATCTTCGCGGCTTCCATCACGCGGTACTGGATGTCCTCCTTCGAGAAGTTGCGCAGCTTGAGCCCGAACGCCATGTTGTCGTAAACCGACATATGCGGATAAAGCGCGTAGTTCTGGAACACCATCGCGATGTCGCGGTCTTTCGGCGCGACATTGTTGACCACCCGGTCGCCGATCTTGACCGTCCCCTTGGAGATATCCTCAAGCCCGGCGATCATGCGCAGCGTGGTGGATTTGCCGCAGCCGGAGGGACCGACGAGGACCATGAATTCACGGTCGCGGATTTCGAGGTTGACGTCTTTCACGGCGGTCACGCTGCCGTCGTAAATCTTGTAGACGTGCTCCAGAATCACTTCTGCCATAATAAAGAACCCTTTTCTCTGCGGTCCGCGACGCCGGAGCAGCCTCTGACGACCTGCGGGGAATTCCGGCTCGCTCGAGCCGGCCCGTCTCCGGGCACATCCGGACCTGTTATCAGCTGGCAATATAGAACCGGAGACGGCCGATTTCAAGCCGCATCCGGATTTTTCCGCATAAAAAAACGCCGTGTCGCCC
CP027227.1_gap108	5045134	5047477	2343	TGCCGCTCGACGGCGATCTGCTGATCGAGCACAATGACCGGATCACGCTGGTGAAGCCGGGTTCATTCTGCATCCTGCCCGCCGGAGAGGACAACACGCTCCGGACCGGTCCCTCCGGCTCGTGCCGCAAGCTTTCGGTCGGCATCTGCGGCCAGCTGATCGCGCCGTTTCTGGCCGCCCTCGGTTTTTCCGGCGGCCGCTGCCGTTTCGACCTGACCGAGCCGGAGAGAGCGTACCGGCTGGTCGAAGCGATGTTTCCGCTGCTGCGCCGGAAGGACCCGGCCGATGTGGCGGAGCTCTCCGGCCTGGCGATCCGTTTCCTGACCGAGCTGAGGATGCAGCAGCCGCATTGCCGGGAGCCGCTGATCGCGGATGCGATTCGCATTTTCGAATTCAACCTCGGCAACCCGATCGCGCTCGGCACTGTCGCCGCGGAACTGAACCTTTCGGAGCTGAAGCTGATCCGATTGTTCAAGCTTCACCTCGGCGTGACGCCGAAAGCGTATCTGATCGCCCTGCGCATGCGCAGGGCGGAGTCGCTTCTGGCCGGCTCGGTGCGTCCGGTCAACGAGATCGCACTCTCCTGCGGATACGGCTCCGCCCGCTGCTTTTCGCGCGAATTCAGGAAAAAACATGGAATTTCCCCGCTTGAGTTTCGCCGCCGCAGCTTGACAAATCCGGTCAGGAGTGATCTTTTAAACGATGATGAATAGAACGGAACAAAACCTGCGCCGCCGGCTGCGGCGGCTCTGCCTGCTCTGCCTGGCGCCTCCCGCGGCGCTGGCCGGAATCGTGCTGTTCGCGGCGGGGTGCATGGCCGACCGGGTCATCTTTCAGCCGCCGGGAGGCACGCCTGCCGTTCCGGGGACAACGATGCTCGAAGTCGCCGCCGGCCTTTCCGTCGCCGTGCTGTATCTGCCGCCGCCGGAGGGAGGATATGTGCTGCTCTACAGCCACGGCAACGCCGAGGATCTCGGTTCGGTGCGCTACCGGATCAGGCAGTATGCGGAGCGCGGTTACGGCGTCGCCGCATACGATTACGAGGGGTACGGGCAGAGCGGCGGCGAACCCTCCGAGGCGGCGGCCTGCCGGGACATCGAGCGGGTCTGGCGCTATCTGGTCGAGGAGCGCGGCGTTCCGCCGGAGTCGATCGTGATTTACGGCCGTTCGGTCGGCAGCGGCCCCTCCTGCTTCCTCGCGGAAAAGGTTCCGGCCCGGGCGCTCGTGCTGGAGGCGCCGTTCAAAAGCACTTTTTCCGTGGTCGGCATGGGCTGGCTGCCGTTCGACCGGTTCCGCAACATCGACCGGGTGGCGAAGATCGACCTGCCGCTGCTCATCATCCACGGCACGCGGGACACAGTCGTGCCGTACTCCCACGGCGAGGCGCTTTTCGAGGCGGCTGCCGGGCCGAAGCGGCTTTACACCGTCGAGGGCGGCGGCCACAACAACCTGCTCTTCAAGGCGGGGGAACGCTACTGGGAGACGCTCCGGGAGTTCCTTGCTTCTCCGGAACGGAAGGAGTAAAGCGGGACAGGCGGCGCCCGGGAAGGGCCTCCCGTTCCGGCATGCGCTGCCGGACCAGTGATTTTGCGGGACCGGATGCGAAGCGTGGCCGGGGCTGCCGCTGTACCGTTCCCGGATCTTTCCGGATCAATGAACCGGAATGAGCCTTTTTGAGCGATAAAGCATAATTTTTTGATTGTTTTCTGGAAGTCGTGTTCTTTTCCGTCAGGTATAATATTGGTGCAGTCTCCCGGAAAACACAATCATGCCATTTGCTGGAGGGATTTCATGAGAAGCAGCTTTACACTGATCGAATTGCTCGTCGTTATCGCCATCATCGCAATCCTTGCTTCAATGCTGCTGCCGTCGCTGAATCAGGCGCGCGAGACCGCCCGCTCGTCCAACTGCAAAAACAATCTCAAGCAGCAGGGGCTCGCCATGCTGCAGTATGCGTCCGACAACAACGACTGCTTCGCGCGGCACAGCAGCGGGAGCGAGGACTCCGGGAACCGCTTCTGGACCTGGCTGCTGGTTGCGGACGGGAAGTATCTGGCGAAGAAATCATTCGTCTGCCCCTCCCGCAGCGGTTCGCCGGACTGGGTGAGGGAGCTCTGGAACGATCCCGGCAGGTTCCTGACCAGCTCGGACCATGCCGGCTGGTACATCTGCGACTACGGCATGAACCATCAATATGTCTCCGGGGTGAAGCTCAGCCGTTTTCCGGCGGCCTCCCGGACGCTGCTGATCACGGAGTCCGCCGACGCCGACCGCGCCGAAGGCGACCTCCAGCCGTTCGGTTTCCACCGGATCGATGCGAACTACGATGCGAATTACGCGGTC
CP027227.1_gap109	5205422	5210187	4765	CCATTCGCCGAACCGGACGAAGATGGTTTTCTCCGGCTGTTCCGGCACATGGATGCGGACGGGCAGGATTCCGCGCCCGCGGCGCAGTTCGAGCCGCTTTTCAGCTCCCGGCACTTCGAGAACCTGGGTGATCTCCCCCGTAGGCAGGACGACGAGGGAACCGCCGTTGTTGCCGCAGCGGACCATGGTCAGCCCGGTCTCGACCGCGCGGGTGACCGCGTTGGCGAGGTGCTGCTCGGGTTCGCTGCTGGTCGGGTACCAGGCGTCGTTCGAGAGGACCACGAGCACGTTTGCGCCGCGGAGCGCGAACGCCCGGGTCAGATAGCTGAAGATGCCCTCGTAGCAGATGGCGACTCCGGCGCGGACGTTTTCCCCGAGCGGGACCGGGTTGAAATTCGTGCCGGGCGCCAGGTCGCGGTTCATGTCGATTCGGTCGATGATGAAGCCGGGCAGCAGCTCGCGGAACGGAATGTACTCCCCGAACGGCACGCGGTGGATTTTATCGTATTTGTGGACGAGCCGACCCGACCGGTCGAAATGCAGCGCGCTGTTGGTGACCTGCGGCGTGCTGCCGTCGCGCGGAAGCGGGTCGCGGAAATCGATCGCTCCGACCAGCATCGGAACCCGGTAGGAGAGCCCGAGCGACTGGACGGTCCGGCGGAATTTTGCCGAGATCGGGTGGGCGGCGCGGAACGGAACCGGAACCGCCGACTCCGGCCAGATCACGATATCGGGCCGGACTTCCCCTTGCAGGGCTTCGCGGGCGAGCGCGGCATAGATATCGAGCGCTTCGTCCGCCTCGGCCGGCGTCGCGTTCCGCCGCTGGGAGATGTCGCCCTGCAGCAGGACCGGGAACCAGTTCGGCTCCTCCGTCTTCGCATGGTGCGTGTAAAGCAGCAGTCCGGCCGCGTGCAGCAGAGCGAAGAGCGCCGCCGCGAGCAGCAGCAGCTTGACTCCGGCGAGCCGGAAGCGCGTCAGCGCCGCTCCGGCCAGCGCAGCGCCGAAGAAGGCCGGGACGAACATGATTCCGTAGTGGCCGGTGACCGATGCGATCTGAAGAAGCGGAATATTCCGCCACATGGTGACCGACAGGTCGTTCCACGGGAAGAGGCGTGACCGGGTCCACTCGAAGAGCGTGTAGAGCGCCGCCGCGCCGAAGGCGAAGAGGACGAGCCGCCCGAATGCGGCCGGTTCGGTGAGAAACCGCTTCCGCGCCTCGTACCCGTCGAGTTCGATCGCGAGCGGAAAGAGCGTGTTCCGCCAGAGGAACGGCAGGCACGCCGCCCAGCAGGCCGGCCAGAGCGAGATGACCCACGGCATCAGGAACGGGATCACCGGGTCGATTTCGCGCAGGAAACGGAAGGCGAAGAGCGACCAGCCGACGCCCCACGCGTAACCGGCCAGCGCCGCGAACCTCCAGCGCGAACGGGCCGCGACGGCGATGACCGGCGTCAGCGCGACCAGCGCGAGGACGCTGAAGTTCAAAGGCGGCAGCGCAGCCGCGAAACAGCCGCCTCCCGCGAAGCAGAGGGCGAGCTCCGCGAGGCGGCGGCGGAACGAAACAAGACCGGCTTCATTCGGCTCTTTTTCAGCCGCCGGAACCGGTTTGCCGGAAAAAAACGAGCGTAAATTCAACATTTCAGAACGAATCCCATTGACAGAAAGCTGCTTTCGGTGTAATTTACATCGCTTTACAGATAAATTCAAAACGGTTTTGGAAGAATTGCGGTGAAAGAGAGGGGCCGGAGCGGCTCTTCTCTTTTTCGCACGATTGTGCCGGAGCCAAGCGATAGAGTATGCGCAAAATGAAAATCGGTGAAATTCAGGAATTCGACCATCTTGTGATCGGCAGCGGTCTGGCCGGATTGTCGAGCGCGCTGCATCTGGCCGAATCCGGCCGCAGCGTCGCGGTCGTGACCAAACGTGAAATCTTCGAGTGCAACAGCCGTCTTGCCCAGGGCGGCGTCGCCTGCGTGGTCGACAGCCTCGACTCGTTCGAGGAGCATGTGAAGGATACGCTTGAGGCCGGCGCCGGGCTCTGCGACGCCGGTGCGGTCCGCGCCATCGTCGAGGCCGGCCCCGAAGCGATCCGCGAACTCATCGACCTCGGCGCGAAGTTCACGACCCGCGGCGACCTCGGTTATACCGAGGATTCGAACGAGTATGACCTCGGCAGGGAGGGCGGCCACCACAAGCGCCGGATTCTGCACGCCGGGGACATCACCGGCGCCGAGCTTGAGCGCGTGATGATCGAAGCGGTCCGTTCGAAGCCGAACATCCGGATTTTCGAATACCATGTCGCCGTGGACCTCGTGGTCAGCCACCGGCTGAACCTCGGCGGTCCGAACCGCTGTTTCGGCGCGTATGTGCTCGATGTGAAGAACGGCACCATCGTGACCATGCTTTCGGCCACGACGACGATCGCCTGCGGCGGCGCCGGGAAGGTCTATCTGTACACGAGCAATCCGGATGTCGCCTGCGGCTCCGGCGTCGCCATGGCCTACCGGGCGGGCGCGAAGATCGCAAATATGGAATTCATCCAGTTCCATCCGACCATCCTCTACCATCCGACCATCCGTTCGTTCCTGATCAGCGAGGCGCTGCGCGGGGAGGGCGCGGTTCTGAAGTGCCGCGAGACGCGCGACTCTGAGCCGGTCGAATTCATGCAGAAATATCACCCGATGAAGAGTCTTGCGCCGCGCGACGTCGTGGCGCGCGCGATCGACTCCGAAATGAAGCGTACCGGCGAAGAGTGCGTATACCTGGATATCCGCCATCACGACGAGGAGACGCTGCGCCGCCGTTTCCCGAACATCTTTGCTAAGTGTCTCGAGGCCGGCATCAATATGGCGAAGGACCTGATTCCGGTGGTGCCGGCCGCCCACTTCGTCTGCGGCGGGATCAAGACCGACGTGAACGGCGAATCGAGCATCCAGGGGCTGTTCGCCGTCGGCGAATCCGGCTGCACCGGGCTGCACGGGGCGAACCGCCTTGCGAGCAACAGCCTGCTGGAGGCGCTGGTCGTGCCGAAGTTCGCCGCAAAGGAGATCGAGCGGAAATACCCGCTGTTCAACGCCGGGCGTCCTCCGGCCGAAGCGGCGCTGAACTGGACCACCGGCAATGCGACGGACTCCGACGAGCAGGTCGTCATCACCCACAACTGGGACGAGATCCGCCGCTTTATGTGGGACTATGTCGGAATTTACCGCACGAACAAGCGCCTTGAACGCGCGAAGAACCGGATCAAGATGATCCGCAAGGAGATCGAAAAGTATTACTGGGATTTTCTCGTCACCGCCGACCTTGTCGAACTGCGCAATATCGCGACGGTGGCGGAGCTCATCATCGATTGTTCGCTCCTGCGGCACGAGAGCCGCGGACTACACTACAACGCCGATTATCCGTACCGGGACCCCGAGCTCGAGTGCGTCGATACGGTCATTCAACGGAAGCTGTGATTTTTTGCCATGAAACATGATTTACCGGTCGCGCCCCATGTCGTCGATCTGATTTCCGAACTCCAGAACGCCGGATACGAAGCTTATATCGTCGGCGGGGCGATCCGCGATCTGCTGCTCGGGCGCAAGCCCAAGGATTTCGATATTTCAACCTCCGCCACGCCGGAGGAGGTCCGCGCCGTATTCGGGCGCCGCATCGCCCGGATTATCGGCAAGCGTTTCCGGCTGGTTCACGTCGAATACAGCGGGGAGCTGTTCGAGGTCAGCACGTTCCGCCGGGCGCCGACGCGCACGGCGGCGAATTCGAAGAAGGAGCTGCCGGAGAATCTGATTCTTTCGGACAACTCCTTCGGCACGGCGGAGGAGGACGCCTGGCGGCGGGACTTCACGGTCAACGCGCTCTTCTACGATCCGGTCAATTCCGAGCTGCTCGACTATACGGGGCAGGGGATCGACGACATCCGCAACCGGGTCGTCCGGGCGATCGGCGACCCGAAGCTGCGGTTCGAGGAGGACCCCGTCCGCATGCTGCGGGCGCTGAAGCTGATCGGCCAGTACGACTTCACGATGGATGCGGCGACCGAGAACGCGCTCTTTTCCGAACTTGAGCTGATCCGGGTGGCGGCGCCGTCGCGCCTGGCGCTCGAGCTTGAGAAAATTCTGTCGAGCGCCTATGGCGACAAGCATTTCCAGGCGTTCCACGACTACGGGCTGCTGCCGTATTTCCTGCCGGAACTGAACGCGGCGTGGGATACGCCGCACGGGGATTATGCGCTGAATCTCCTGAACGAACGCAATTGCCGGGTCAGGGAGGGGCTTTACCGCAACAGCGTCTCGCTCGCCATGGCGGCGCTTGCGCTGCCGTTCGTCGAGCTTGAGTGCGGCGGCAAGCCGGGCGACCTCTGGAATCCGGGACCGGATTCGACGGCCGCGATCCGCGGTGTGCTCGATCGGCTGTTCAAGCCGCAGACGATGATGAACCGCATGACCATGTCGGCCGAACGCGTGCTGATTCTGCAGTCGCTTTTCCGGGACGAAAAGGCGAAACCGCGTCTGATCGAGGCGAAGTCCTATCCGCATGCCCGGGAGCTGATGCTGCTCCGGCTGTCGGTTGCGGAGGATGATACGGCCGAGGCCGAGAAGCTGTGGCCGGCGGCGGTTCCGCGCCGCCGCATTTCCGCGGCGAAGCGCGAAGATGCCGAAAGATCCCCGCGCCGTCGCCGTCGCCGCGGCCCGCGGAAAGAGAAAGAGAAATCGCAGGAGGCATAGAGGGATGGGACGGAGCTCGAAGATTCTCCGGCTGCTGC
CP027227.1_gap110	5242181	5242681	500	ATAAAAAAAATCCGGCCCGGACTGAATACACGTGTGAATTGCGCCCGGGCTGAGGCGGCGCGCTTACGGAAGATCGGCGGCGGAAAAGTGGTATTCCGTATTGCAGAACTGACAGCGGAGCGCCGGATTCGGATTTTCCGCCAGAAGCTTTTCGATCTCCTCCCGCCCGAGAATCTGCAGCGCGGTTTTCCGGAGCGCTTCCGCCGAACAGCCGCAGTGAAAACGGGCCGCGGGCAGCGGCTGCAGCTGGAAGGCGGGGAGATCCATGCGTTCGAGCAGGAACGCCAGAAGGAGGCGAACGCCCTCTTCCGGGGCGCTTCCAAACCGGGTGCGGAGGATTTCGCCCGCTTCCGGCATCTGAAGTTTCCGGCGCATGTGGTCGAACCCGGACAGGTCGCAGCCCGGCATGGCCTGCAGGAGGACCCCGGGCGCGCTTTTCACCGGTTCGGCCGGGTCTGCCTGCAGCTCGATCTCGCAGCGGAGCTCGCTTTCGATCTCCT
