gap_id	start	end	length	sequence
CP030840.1_gap1	34028	37403	3375	TGCTGGTACTTCCTTGCTTCAGATTTTCACGTCCGTTGGCGCGCTGAATTCAGCATCAGTGACGTTGCCAGTGTTTAGCAGCCCCTTAGGTTCGAAACAGAGGATCTCTGCTTCTTCGTCGGCAGCCGTGCGATGGAGAACGCCAGCCGGCACGACAACCACGTCGCCGCGCCCAAGAGTGACAATGTGGTCTTTGAATTCGACGCGAAAGGTACCTTTCCAGACCAGAAAAAGCTCATCCGCATCGTGATGATGATGCCACGGAAATTCGCCGCGCACCTTAATCAACTTCAGTTCCTGGCCATTGGCTGCTGCGACTACCTTTGGGCGCCAATGGTCCGAGAACAAGGCAAATTTCTCCTCGAGGCGAACTGCTTCCATTAGAGTGCCCTCTATTACAGTAGAGCATTTCTCGAGAGCGAGAACCGCGAGATTACGCCCGACAGCATCTTGCTACAGGGTCCAGAATGATGGCTGAACCCCTTTCTATCCGAGCAGACGCAAAAACGCCGTCCCAGGATTCAGGACGGCGTTTTTTACCTCACTCCGAGATTGAAGCTTTACAGTGTCGACTCGATCTCAAAACCCCATGCTTCCAAAAGCGCTTCTGGAATATACTTAGAGTTCTTATTCCGGCGCGCCCACTCCCGCAAACGAGTGGAACGAATATATTGGTCAGGGGTGAGCTTAAACTCTTTCACAACCTGCTCGAAGGAAGTAACGGTAGGAACCACCGGGCCAATCGGCTCCGGCTTACCCCAATTGGGATTGCCACGACGCTTTGCCATCGTTTTCTTTCTCCTTGGCTTTTAGACTCTTGAAGAAGACGATCGTCTTCTGCCTGTGGGTTGCAGTGCACCGGAAAGTCACAAGCTATAGAATTATAAGATAGTTATGCGCTGAAAAGCAAGCACAAAAATGTGTGCTTGGCAAGCTGCATCTCGCGCTCCGAAGCCCGCTCGCGAGAAATCTTCAGTAATGCGTCACGAGTAGGCAATCCGGGAGATCCGGTTTTCTTAATCCATTTAAATCAGTTAGTTGCGCCGGAGATCATCTTTCCAGGCTACCCCCGGGCGGGCTACGGCATACATCTCTGTCGCGATCTGGTCGATCAGACCGTTGGCATCGTCGCCAAGAAGATAAACGTTGAAATGGGTTCGTCCAGGCAAATAACTGAAATGCGGATCGCCGCCGAGCTTATCTAGAACGGCTTCCAGGCGATGCGCCGGTCCATCCAGGTAGAAAGTGTCGGCGGTGCCTACAAACACATGGATGCGACCCTTGAGCAGCGGCCCCCGCTCGCTCCAGGTGTTCTCAATCAAGTGAGCGAGATCGTAGTGGTCCCGCCAGTAGGCGATCACCTGGGGATGGACATCACCGCTTCGTCGGTCGAACATCGGTTCGGGAGCGCCGTTTGGTCCTCTCGGCGAGAAGACCCAATCGAAGGAACCCAGCTGGCCTCCATACGGCCCCAGGACATTTTCAAGACGGGCAAGCTGCTCAAAGGTGGCCTCGACCTTGCCTTCTCCACGGATGATCGGCCATGGAGACCCATCCGGCTTCCGGTAGAGATTGGCATGAGCTGCATAGAGGTCCGGGCCATTGAAGTCGTGGAAGTCGCTGGAATCGGGAGACGTCGACCAGGTTCCGCCAAAGATGTAGGGATAATTGATTTGCAGCTGCAGCGTCGCCCATCCACCACTGGAGTGTCCATTCAAGAACCGGCCATTTGGCCGAGCGTCCATGCGGTACTTGGCTTCCAGATAAGGGATGAATTCGGTGGTCAGCGCGGCCCCCCACGGACCATTGTTTACGGAATCAGCGAACTCATGGGTCCCCTGAGGAATTGACTCATCCAGCATGACCCAGAACATGGGCGGCATGGTGCCGTCCTTCATGCGGTCGTAGAGTCGCAAGCCGTCGAGCAGTGCAGAGTCCAGCCCAGCGCCGAAACCTTGCGTCCAGTAGGCGGTAGGGTAGGTTTCGCGGCTCTGCCCGGAGTAGCCAGGGGGAGAGATAACCCATGATCTGATCTTGACCTCATGCCCCCAGAAACGGCTCAGCAGCGGACTCACGAACTCTTCTTCATGCGCCCCGTCGAACTTGGCCTTGGCGGTCAAGGCAAGACGGCCGGCGGATCGTTTCATGTCTCCTGGCGGGTGGTGATCCAGAACCAGCAACGGTTCGGAGACGGAGCCAGGTTGCCAGTTTCCTAAAGAGGTCGCCGGGCTTATCCAATCCTGTGGTCCTCGTCCCTTGTAGTTATAGCTGTGATCTGTATCGAGAACGGCCTGAGCTTCATATTTTCCGGGCGGCAGCTGCATGAACGGCCTCGGGAAGGCCAATTCATCGGCATTGATCTCGAGCATCTCGCCGGGAGCCGCACTTATCACTTCCTTGGCCGCGACCCACGTGTTTTCTTGACTGAACTCGCTGGTAGTAATCTCGCTGTCTCCGGAGCCCTGGCGGACGAAGATCAACAGCCGGCCGGCAACGGGAGCGCCGGCCGAGGACGGAGCCTGAACTCGAAAGAAGACGTGGCCATGAGGTTGTGGGGGTGCAACCTGCTCGCCGCTTTGCCCCTGGATCAGACCGCAACCGAGCGGTCCGAGCGCGGGGATAAACACTGCTGCACCAACAACGACCATGCGCAGCCGCGCAAAGGCCATGTACTCATCCTCCGATGTGAAATGCAGCCATCATAGCAGTCGTCTTCACGCCTCCTTTGGCCTCAACGTCTCAGCCGCGGATGGATCCTGGGAAAGCGGTCCAGCCGCCGACAGCCGGTTGTACTACCGAACTGCCACCGCGAGCGAACTGCCACTGCGAGAATGGCCGGCCCCCAGCCGGGAGTTCATTTTCTAGATTTTCGAGAACTTGATTTTGCGGCTACTTTCCCCTTGGCGGGAGCGTTCTTCCGATCAGCTCGCCTTGCCGTTCCGGCTTTTTGGTTCTTTTCCAGCCGCGACTTCCAGGCCGTATGTAGAGCGCCAGCCAGCACATCCTCCGTCGCCAGGGCGAGACGAATGTGGGTCATGCCCATTCTTCCCCACCCTCCAGCCACCGGGAGAAAAATGTCAGGCTGCTCTCCGATAAAGTCAGCTTGTTGTTCGGGGGTAAGCTGCAGATTGCCGTAGCCTTTGCTCTGCGAGGCTAGAGTGGCAAAGATCCTGCCCCCGACGCGAAAGTCGGCCGCGCCCATATGAGAACCTTCCTCGCTGCCCTCGAGGCTCAGTGCGATTCGACGGAAATCCGATGCATCCACGTCTTCGATCCTTTTCCCGCTTGGGCTACTCCGAGCTTGAAGCCCTGGAGGTCCCAAGTGGCTTTTGGCCCAGGGTAATTCACAAGCAAAGCCAGGTTGCATACAATGGG
CP030840.1_gap2	60456	64583	4127	ATACAGAACTCGGCGATCAGCAGGGTCGCCCAGATCATCTCCGCCAGAAACAGCGGCTCGGTCATGGCCGTGGACTGCATGTACAACAAGCCTGGGTTCAGGCCATAAAAAATCGCCGCCACCGAAGCCGGAGCGGCGCTCAACCAGATGCGCGCCAGGCGGTAAATGCCGGCGCAGCCTAATACGTAACAGCCGATGGAAGGAATGGCCCCCGACAAGCCGCTCTGCCACCAGCTCATCCGCAGGACGAAAGGGACCAGCAGTAAATGCGGAAGTGGAAGCCACACTGAGCCCAGTTGCCGAAAACCCGGGTTCAGTGAATCGGTCACCCGCCTGGCGATATGAAGATGTGCGACCGCATCCCCATAAAGCAATAGCAGGTCATGGCGGGCGCAATAGGCAAATGCAAGGATTCCGAGTATCGCGGCAACCAGCCCGACAAAGCGGGTCTCACCACCCAGCTGCCTCTCCGGCAGTAAGGCCCGCGTTCCCAGAGCTTCAGTCAAGGTGCGATATCTCGCGAATGCGAGCGAACCGCTGATCGATCTCTTCCCGGCTCAATTGCTGCAGCCGTTCGGTGCCGAATTTCTCCACTGCAAAGGAACCCATCACCCCGCCATAGAACATGGCGCGCTTAAAGACCGCCGGAGTCACCTCAGGCTGCGAAGCGAGATAGCCAAAGAATCCTCCGGCAAACGAATCTCCCGCACCGGTTGGATCGACCACTGCATCAAGCGGCAGCGCCGGGGCGCGGAATGGAACGGACGTGTAACCAGGTTTGCCGCTTCCGTTCTGGCTCCCAAACGAATGCTCGCTGAAGAAGGCGGTCGCTCCGTATTCGCCATGTTTAATGATCAACGTCTTCGGCCCCGTACTTAGGATCTTGTTGGCCGCGCGCATTAAGTTGTCCTCGCCGGCGAGCATCTTCGCCTCGCCGTCATTGATCAGCAGAGCATCAAGTCCTATCAGCACCTTGTTCAGGTTCTCGCGGTGGTCGTGGATCCAGTAATTCATCGTGTCCCCGCAGACCATCTTCACCTTGGGCATCTGACGGCGCACGCCTGCCTGCAAGACTGGATCGATGTTGGCCAGAAACAAATAGTCGCTATCTGCATACTCCGCCGGAATCTTGGGCGCAAACGTCTCGAAGACGTTCAACTCCGTCTTCAGAGTTTGGGCTTCATTCAGATTCTTCAAATAGGAGCCGGTCCAATGAAAGCTCTTTCCTTCGACATGTTCCAGGCCGCGCGTGTCCACCCCGCGGCGTGTGAGCACGGCTTCATTCTCGTCAGTGAAATCCTCTCCCACTACCCCTATAACGCGAACATCGGTAAAGTAGCTCGCCGCCAAGGAAAAGAAGGTCGCCGCCCCGCCAAGGACGTGGTCCACGCGGCCATGCGGGGTTTCAATGCTATCGAATGCAACACTGCCTACCACTAATATCGACATCGATTAAGCCTCGCTCTTCACACGAAAGTATTTGCCCAACAATAAATCTAGCTTCTCATGAGCAGCTGGAGAGATCGCCGGCGGACTGGTGAGGATCGCATACTGGAGCGCGCTTCCACACGCACAATTCCGCTCGGCGGGGATGGCCGCCACGGCCGCCGCCACCACCTTGCTCGCATTGGCTGCATTCTGATTCAGGACGGCAATCACTTGCTCGACCGTCACCGCGTCGTGGCTTTCATGCCAGCAGTCATAATCGGTGACCATGGCCATCGTCGCGTAGCAGATTTCCGCCTCGCGCGCGAGTTTGGCTTCCTGCAGATTGGTCATGCCAATCACGTCCGCCCCCCAGCTGCGGTAGAGGTTTGACTCCGCTCGGGTAGAGAACTGCGGCCCCTCCATACAGACGTAGGTGCCGCCGCGCTTTCCAACCACGCCGACGCTCTCGCAGGCAGTGGCGATTGCCTGGCCAACTACCGCACATACCGGGTCGCCGAAAGCGATATGACCCACTATGCCATTGCCAAAGAAAGTCGACTCTCGATGAAATGTCCGGTCAATGAACTGGTCGGGAATCACAAAGTCCGTCGGCTTATGCTCTTCCTTCAACGAGCCCACCGCCGAGACCGACAGGATCCGCTCCACACCAAGCTTCTTCATCCCATAGACATTGGCGCGAAAGTTGAGCTCCGAGGGAAGCAGCAGGTGGCCACGTCCATGGCGGGAGAGGAAAGCTACTTTACGTCCGGCTAGACTGCCCAGAACAAAGGCGTCGGACGGATCGCCAAAAGGCGTTGTAATACGCTGTTCTCTAACGTTCGTCAGGCCAGGCATGGAATACAGCCCGCTGCCCCCGATAATGCCGATTTCTGCTTCTTGCAAACCACACTCCACCGCGCTCCCGACACCGGGACGCTCATTTCTTTAGAAATTAGGTGTACTCGGTGAGTATAAACGGTAGGCATCTTGGGAGCAGAGATACGGCCCCAGACCATAGCTTCCCGCGTGGCAGGATCTTCCTGCTAAGGCATAAGGATACCTGCTCAGGCATCGTGCTTTAAAGACATGCTCAGCGCGCTCCAACCGCTCTTGCTTCTGCTTTAGTGCGGCATCCCCACCCGCATGAGCCCGCAATTTGCGAAGACATGCACGATCGCGCCACTCAATTCCTTCGCACCAGGGGTCGTTTGCGCGGTCTGTAAATTGCCGTTCGATTGCGCGCCCTCCATCAGGAACTCGAGCTTATGCGCAAGACCTAACTCAAAACTCTCACTGGTGAATACCTGATTACCATTCAACGCGATCAGCACCGGACCCTCGTTCGTCTGGTAGATTTGTTCGCCATTCGACTCCAGCTCCTGCTGCCGCTTGACCCCGGAGTATTTCCGCCCCAATTCCTCAGCGTAAATCGCCGCAAACGTCTTCGCCGCATCGGGACTCTTCCACGCGGACAAATACATCAGCGCTACCGAACCGGTCTCAGCCTTCTGTTCCGGAGTCTTCGCCATCTTGCTCTGGGCAGCATAGTAAATGCCGCCATCCCACTGCGGTGTGAGCGCCACCGCGGCATCCTCCCCGGCAAAAAGTTCGGTCAGAATCCGCACGTCAAGCGCGCCCATCACCCCGATGTCGTACGGCGCATATTGATTGTCGAGCAATCCATGAACATCCGGCATCTGCAGCAGCGGCACCTTGGCCTGCCGCTCATAACTCTTGGGATTCAAAATCTCGAAGCTGGTTGATGGAGGTCGGTCCAACACCCCAGCGAAGGCTTCCGTCAGACCCTTATCTTTCATCAGCACCTGTTCGAAGTTCAAGCCCTCGCGGTAAGGAAAAAGCAGCGATTCCTGCAGCAACAGCGGAGCTCGCGCCATTACCGGCGAGTCTGAATTATCCGTCAGATCCTCGTTTAGACTTCCTGCAACGTTCGGCGAAGTCAGAAGCGTCTTTCCCGAGCCTTTCAAGGAATAATCCACGAAGACCGCCATCGCCTGGCCCTCAAGCACCGCCTCGCGCGCTGTGTCGACTTCATCGACAGCGAGGTGCTTGTTATCGTCCTCCACATTTTTCGATACATCGGACAGCGACTTATTCTCCCAGCTATCCAGGTCGACATGCTGATCCTGTAAGGCATGGGTAAGCTCATGCGCCAACACCGGCTTCTGCGAATCCGGCGCGATCCAATCCAACAGGTTCACCGTCTTTGTCTTGCTGTCGTAGTAGCCGGCAATTTGTTCGGTGAGCAAACTTACCAGAAAAGGCTTCAGCTGAAAGTCACGGTCAAGTAGCCCAAACTTCTTCAGCACAATCTCGGAACGCTGCATCCGCTTCGCATCTTCGTCGTCATTGAATTTGTCGACGACATATTTCTCGACCGAGGTCCGTGTCTGCAGCTTGCGTTTTACCTCATGCTTCACCGGCAGCTTCGAATCGCTCGAAGCAAAATGCAGAATATCGTCCACTGAGCGGAAGAGTTCTTTCGCCTGGGCGGGAGTTAAGTGTGTCTCTGGCGTTTTCTTCCCGTTATCGGGGTTGTCCTGCGGGACGCCCGACGCCGGACCTTCTCCCGGCTTCGGTGCCGTCGGGGCAGTCTGCGCACCACAGACAACTATTCCGACTGCCAGCCAAGCCAAACCGAACCATCTCAATGCCATCCGCTTCACGTCTATTCCGTCCCT
CP030840.1_gap3	74310	76381	2071	AATCCGAGCTGCTCTCAAGCATCCTGCAGCGCAAAGGGGTGAAGCACGTCGTGCTCAATGCAAAGTTCCACGAGCGGGAAGCAGAAATCGTCGCCCAGGCGGGACAGCACGGGAAGGTCACCATCGCCACCAATATGGCCGGCCGAGGTACCGATATTCTGCTCGGCGGCAACGCTGAATTTGTCGCTAAACGCGACCTGGTCAAGAAAGGACTTGCCCGCGCCATCAGCGTTGCTGAAGGAGCAATCAACCCGACCGCGGCAAGCGGCATGTTCCGCTTCTACTACGAGGGCCAGGAGTTTGAAACCACCCAAGAGAATTGGGATAAAACTTACGCCATCCACGCCGCTGCTTCTGCCAAAGATCACGACGCTGTGATTGAAGCCGGCGGCTTGCACATCCTCGGCACCGAACGACACGAGAGCCGCCGGATAGATAACCAGCTTCGCGGCCGTGCCGGCCGGCAAGGCGATCCCGGCTCGTCTCGTTTCTATCTCTCGCTCGAAGACGACCTAATGCGCATCTTCGCCAAGGAGTGGGTCTCAACCCTGCTCCAACGGCTTGGGATGGAAGAAGGCGTACCCATCGAGTCGAAGATGATCTCCAGCCGCATTGAGGCCGCGCAAAAGGCAGTCGAGGCCCAGAACTTCGAGTCTCGCAAGCACCTTCTTGAGTATGACGACGTTATGAACAAGCAGCGCGAAGCGGTTTATGGTCTGCGCAACTCGCTGCTTAAAGGGCTCGATCAGAAGGAACTCATCGTCGAAGATTACGTTGCGAACCTGCTCAGCATTATGCTCGACGAGTTCGCTCCGGAGAAACTTCATCCCGATCAGTGGAACCTCAACGGCATCAAGGAGCGGCTCGCTACGCAGTTTGGCCTCAATCTCGAAGCCGAAGAGATCGACATCGCCCAGATGAATCGCCATGAACTCGGCGAGACGCTCTTCGAGAAACTGAAGGAACACTATGCCGCCAAGGAACAGATCATTGGTGAGCCGGCGATGCGCTATCACGAACGTATGATCATGCTGAGCGTCCTCGATGGTCTGTGGAAAGACCATCTGTTGTCGATGGACCACCTGAAGGAAGGCATCGGACTTCGCGGCTACGCCCAGCAGGATCCGCTCGTCGCCTACAAGCGCGAGTCGTTCGATATGTTCGAATCGATGATGAACCGCTTCCAGGAAGACACTGTACGCTTCCTCTTCCTGATGCAGATCATCGGACCCGACGGCCAGCCGGTGCAGATTGGCAACCGTCCCCGCCCGGTCATCAACGTACCCGCGCCGGCTGCGAGTTCTGCTTCCCGTCCGGCGCTCGAGCCGCAGGGCGGTGCAGTCGCTGTGGCCGAGAGACCGGTAGGCGCACAGCCAGTCCAGCCAGCCCGGTCGGCTGTTTCCTCTCCAGTGCCGATCCCCACTCGCCAGCCGTCGACCACCATTGACCAGATCGAGGCCGAGTTCCAACGCAAAAAGAAGCGCGAACTCGACCAGGCAAGAATGGCCGGAACCAACGGCAACGGCTCCGAAGTAGCCCAGCGCCGGACCGGGGAAAAGGTCGGGAGGAACGATCTCTGCCCTTGCGGATCGGGAAAGAAATACAAGAAGTGCCATGGGGCGGAAGCGTAGAAAGACGGACCTTAGAGCTAAGACAGGGATTTTAACTTCTCAACCTCTAGCCGATTCAGAAAACCGCGTCCTGCTCCGTTAGCGAGTAACGTTGCGGGTGGCCTATGGCGACTGTCGTGATTAGCCCCAGAATACACAATTCAGGGCAATTTCGTTGCTGCTCACCGGTCGATGCCGTCATTCCATTAAGGCCTAGCTGCAAACGAGAGCGCTCTAGAAAGTCCAGGAGTCCCTTAGCAGCTAAGAGTTTCCGCATTTCATCAAAACTGATATTCCCGGAGCCCTCTGCCGCCCACTTCTTCAACTCGGCACGTAAATCTGCATTCTCTTTACTCAAACGCGCAATCTCATCCGCCAGCGCTCCTACATTTACGTTTTCTGGGCGCACCCAGCCCACCAGATCCTCTCGTCGAGCGAAGTCAGAGAGCTTTTCTGCGATC
CP030840.1_gap4	78666	81113	2447	TGCGCGGGGTGCGGGATCGCTCGCGATCGCCTCAATGAACTCACTACCGAACTGACCGCTGCCGGGAAGGCCGCTGACCCGGCGTGCCTGACAGCTGCCGGCCTCAGTTGAGGCCGCTACCGTCTGGCCATTCACCACCAGAGCAGCTATCGAGAGAAACAAAAGACTGGGAACAAACCGCTTGCGAATAACCCCAGCCGTCTGCGTCTTCGCGCGGAACCGTCCCACACCGTCTCTCGCGGACCTCACCTCAAATTTACCGCAAGGGCCAACCCATGTATGAGACCTGCAACGCGTTGATGGCGTCCCCTCTAGGAAAATCGGATTGGCTCCTGCTCTACCGGTCCCGCCCCAGGCTCTTCTCTACTGAAGCGCGCCGCGTCTGGCTTGACCCCGATCTCCAGGCCTTCCCTTTCTAAAGCCTGTGCTCGATTCATCGCACCCGGGGTTTCAGACTACGGAAGAGTTGCGTATCCTCGATTGGCTTATAGGCCTGCATACCAGTCGTAGCCGAGCTTGGTCCAATAATCGTCCGGCTTCTGGTCGGTATAGGCGATCAACCCAATGCGCTTGATCTGCTTGTACCCGTACTTGATCGGCATATGCAGCCGCAGCGGGGCACCATGCCACCGCGTGATCGGCCGTCCGCCCATCTGGTACACCAGCAGACTCTGCGGATGCATCGCCGCTTGCATATCGTAGCCGCAGTAATAATCGCCGTCCGGAGTCTCCATGTATACATACCGCGGCAAGCTGCCGTCGGGATGCTTCGCAGGTGGATACGCCGCGATCAAGTCCCGCAACCGCACCCCTCCCCAGCTCACAATCTCACTCCACCCCTCGATGCATTTGAACTCGGTCACGAACTCGACATGCGGCAGCTTCCAAAGGTCGTTCATCGCCAACAGCAGCCCCGGTGTGCCGGGCGCTAGATCGCTCGCCGACGGACCTGCCTCCTCTGATCCGCGCTGATGCACCTTCACCGTCATCATCATCTGCGGACGACCTTTAACATCGTTCGCAGCCGGCTGCGGCGCGGAATCTTCCTCCGCGAAATACTGGTACTGCCAACGGGTGACATCGTCGGCAAACTGCGGATACTTGTGCGCGTTCTCAACTCCCACCAGCTGTAATCGCCAACTCTCCGGCACCAGATCGCTCTTAAGTCCGTAATCGCCATTCAATCTCAGGTCGTAGGCCGCCCTTCCCTTCGGGTAGGTCGGAGCAAGAACGCCCTCGTGAAAGACTCCGCGCGCCACCGCAGCGTTGAACTGAAATGCTTTCCTGAAGGGCAGTGGTTGCCTTCCAATCTCGTCGCTCTTGTCAATCCAGCGGTAGAGTCCATAGCCGCCCGCCGCGGCAATGCCAGCGACCAGGAAGCTGCGCCGCGTCCGGTTCGCCGAAAGCCGCTTCACCTCGCGGTCGAGGTCTTCCTGTGTGGCCGGTTCAATGACCGGGCCGACTGGTTGGTCGGCCGCCGCTTCTGCGGCCGGCTGCGCGTCCTTCTTAATCTGTTCGTCAGCCATCTCTACCTCTCCGGCACATACGGTGGGTCACTTTCACGGACGATCTCATAGCCGCTCACCATTGAGCGAAAATTGTTCCAGCCAGCCTTCGCCACCTGCGCGATATGAATGACAAAGAAGACGCAATACCCCATCGTCAGCCAGAAATGAAACCACCGCGCCATCTCATAACCACCTAACGCCAGGGTAATCAGGTGCGCCTGGCTCGGCTTATAAATAGCCAAACCCGTCACCAACGAGCCAAACCCCATCAGGATCACCGCGGTATACGCAATCTGCTGCGCTCCATTGAACTTCCGGTGAGGCAACGGCTCTTTGCGGATTCCCAGATCATGCAACGTCACCTGAATCGCTTCCTTGAACGAATTCTTGGTCGGCACCAGGTAGCGCCATTCTCCAGAGATCCAGGTGTAAAGCACATAAGCGAGACCGTTCAGCATGAAAAACCACATGAAGAACAGGTGGTATCCCAGTCCGACGGTGATCTTGTAAGCCGCTCCATACCAGGTCCAGAACCACTCCGGGAAGAACCGGAACAGCGTCCACGATCCGATCCCGACCCGGTAAACCTGATGCGCATGCTTCGCCGGAATGTCAGAGTCGCCCCAATAGATCAGCAGGCCGCTCCAAATCATCGCCGCAAGTACCGGGAAGTTGATCCAATGCATCCAGCGAATCGCCAGCGGATGTTTCTTCTCTAGACGAATACTCGGTGACGGTTGAACCGCAGCAGCTGAGGCCACAGGCTCCTCTTCCATGACGGAACGACTAACCCTCCCCGCGGGCGGCTCATCGGCCGCGACAGCTGGCGCCAGAGGCAGCTCTTCTGTTCGCTCTGCAAACGTCGCGATCTGCGCCACTGCGGGAGCGGCCTCGGGAGCATTTTCCGTCTCAGGAGCTACCGGTTCCGGGGTAATGTTC
CP030840.1_gap5	265232	268902	3670	CTTAGGTAATCCTGCGAACCGCTCTACTAGAATGGTCGAATTGGGAAACATTACTCTCAATTCTCCCCGCGGGATTAGCCGAATTTCCGCCAACATGTCCTCAATCTTCTGGGGAGTTGGATGCTTGACCAACGCCCATACTGAAAACCGAAGAGCGTAGCGTCGGATAGGCTTGGGAAGCCAATGGACAAATGGCGTGCTGTAATGCGGCTCTACGGGAAAGCGCGGATCCGGTGTTTGAACCCAATATCGTTTAGCGACCCGGCGTATCTCTGATGCCATTGCACATTGCTGAGCGACTGTGCCCAAATGTTCAATGACGGAATTTGAAAACGCCAAGTCGAATTGACCATCTGCAAATGGCATGTTGGCTGCATCAGCGGTTATCCATGTGCATCCTTCTGGCGGATTGCCCCGCTTTTCAGTATTGTTCAAGATTACGACCCGCGCCGGGAACGGCAGGCCCAAATCTTTCACTAGTCTCCAAAAATACTCCCCTCCCCCGACGTCTAAGACGGTTGTGGACGAATTAATTCCCATTTTCTCGTAGCATAGGGCAATGCGCCTGCTTCTGAAGTACGAGGAACCTACTCGTTTAGCGTTGAAAATTTCTAGCATGGCATGTCTCTCCTTTTGTGCATGCAAGTGCTGTCATCAAAGTTAAGTTCTGGTGGGATACAAGTTAGTTCGATAAGTGACTGTACGTCAAGCACAAAGAGGCAAGAGCAGTATCTGAATAGTCGCCGGCTTAACAAGGGTAAATGTTACGTTGGAGAAGCATTACTGGGCGGTCAATGAGACAAGGGTATGTAGTCCAGTCAGATTCGGATAGAAACAGCGCATCTAAGAGGTAAGTTATTAGTTGTATCTTAGCTTGATCAGCCGTCTCATGGAACCGATAAGGGGTGCGTGCCGGAACCCTCTTGGAACTACAGGAGAACAACTAGACTATCTGTCTTTCAGCTTCGCATACTGCTCCGCACTCAAATTCAGCCAAATCACACCACGCCCGATCGATAGGCCGCGCTCGAAAGCCTGGCGATCCTCGAGCTTCATCACGGCACCGCCTCGTTCGGCGAACGCAAGCAACTCCTCGGGCGTGGCGAAGCAAACCTTCCGCGGTAAAGGCGTCTTGAGGTCCTCTTCAAGGAATCCACATCGCCATCCTTCGCGAAGCATGAAGGACAGATAAACCTTTCGCCGGCGAGGCGCACGCTCAGCTTCGCAGCGGACGCAGTAGCGCTCTCCCGGGAGATCGAAAACCGGCAGAACAGACTCGCAGCTACAACAAATCTTGCCAGCACGACGGCGTCGTCGTGGATGCTCTTTCACCGCCCATACCAGGATGGTATGGCGAAGAAAAGGAGAAAGTCATTGCCCAAGTTTGGTGCGCATGTGCGCGAATCGAAGAATTCGCCGGGCGACAAACCGTACGACTGAGACAAGCATCTCCAACAAACAAGAGTGGAGACGCAATGGCTCGAGTGCGCGAGTTTTGTGCTGCGAATATAGCCAGGCTGGTGCTCAGCATCGTCATCCTGGTAGGCTTACTGTTCGGCTTAGGAATTTGGATGTTCTACTCGGCCGGAAATGGCCGCCTAGTCGATCAACATCCTCAAGCAATTGTGCCCGCCAAATGAAGAGGACGTAGGCCCCGCAGCAAAATCTATGTGCCTCAAAAAGGAGGGGACGCAGAGGGCGCCCCCAGGATCCTGCTGTGTGTTGAGCGAGCCTCTAAGGGTATGGGCTCGCGCTACTGTAGAGATTCAAAATTCAGTGACTAGGGTTGTTCATACCGGTTCTGGTTCACTTCACTTGATGCTCGGCGGTCAGTAGGTGCTGGACTGACGACGTTGACACGGATCTTGCGATCCTTGAGGTCTGTCGTCCAAGTCCGCGCGAAAGAGCGGATAGCAGCTTTGGAAGCCGCGTACACCGAATTAGATGAGAAGCCCTTGCTCCCGACTACGGAACTGGTCAGGACGACCGTCGAGTCCTCTCGCATCAGCGGTAAAGCCTTCTGCACACTGAAAAGCAAACCCTTCACGTTTGCGCTAAAGATTCGTTCAAAATGCGCTTCGTCGATCTGGCCCATGGGTGCGTATTCCGCCGTTCCTGCGTTCGCGAAGACAATATCAAGTCTTCCGAACTCCTTTGTAATTTGATTGAAGAGACGATCGAGGTCGGCCATATCTGCGACGTTTCCCTGTACGCCGATACATCCTTTACCGATCTTCGTCACGGCTTCTTCAACCTTGTCTTTGCGGCGCCCGGTTACGTAGATCTGTGCCCCCTCGGCTACAAAGAGCCTTGCAGTAGCAAAGCCAATTTCGCTCGTGCCGCCGGTGATCAGAGCAACTTTTCCTTCGAGCTTTCCCATGCCACTCCCCTTTATGTTGTCGATCTGTCCGGCGATAGCCTTGACCCTCGCGGTCTGACTACTTCTAACCCTTGGGTTTTAATGTCGATACTTCTACCGTTTCGACCTTCTCTCGCATGCCTTTGCGAAAGGGGGTCTCATCAACTTTCACTTGAGGCTTGAGCTCTTCAGGTCTTGGTTGATGAACATGCTCTTCAATCAATTTTGTCTGCAGTGGCTCTTCAAGATCCGGGCGGTTCGTGATGTTTCCTTCATTGTTTTTCTCTCAAGGAGATCGAAAGAGCCTCCCGGGGTTGGCGTACCTTCGCAGCGAAAAGGAAGAAGTCGAACAATCAGCTTCCGAATAGAGGAGGGCAGGTGTGAGGCAGTTGGTGCATCAGCTCACTTGAACAACGCGCCAGCGCCTTCCAACCGGCAGTCTTTACTTGTCGAAAGATTGACTGGCCCGAACAATAACGTCTGTGACCTCGTCTGGTTTAGCCAGCATGATCACGTGGCACGAATCAGCGGTTATGGTGACGGCATTCATGCGTTTTGACATGAACTCTTCCAACTGTGGCTGAATGATGCGATCTCGCCCTGCAATGATGAACCAGGATGGCTTGGTCCGCCATGCTGCAGCCGTGACCGGTGTACCCAACACATCTTGGGCTGTTGGGCCTTGCGTCGCGATAAGCGTCGTCTTCTCTCTCAGAGGTAGATCTTCTGCAAAGTCGGTCAAGATTCCTTTTGGCAGCAGCTTCAGGTTTCCGAGAGAGTCTGACGTAATCAAATTGTCCGCAGCTATGGGGGCAGGTGGATACATGGAATTGAGCGTCACAGCAGACTCGCCCGCGTCTGGTGCGTACGCCGCCACGTATACCAAGCCAATAACTTTTGGATCATTTCCAGCTTGCGTGATGACAACTCCGGCATATGAATGACCTACGAGGAGTACCGGCGGAGGCGCAATCGCGATCGCACGCTCAACCGTGGCAACATCGTTGGCCAGAGACCTCAGCGGAAGCTGGACCGCCACCACGTTGAGACCCTTCTCCTCCAGACGCGGGATGACCTTTGTCCAGGATGAACCGTCCGCCCATGCCCCATGAACGAGCACTACTGTTCCTATCTTGCTGGGTTTGAACTCTTGAGCCGCTGATTGTCCTGTTGTACAAAGAAGTGCTGCGACCGCGATGCCAGCCGCTATGCCGATCCTGAGTATCTTGAAGCTTTTCATGTTATCTCCTGTTTCCGGGTTGACTTGTATTAGGGGGAGCAATCACTCGGTGAGGGTCAGTGGTTGCCGAA
CP030840.1_gap6	317029	321605	4576	AGGCGGCTGGCCAAAGCTATTCCAATTCCCGATCCTAGCGCCCAAGCAACTGACGCCAGCAGCCCATGCGCATCAGGTGTCTCTCGATAGAGGTATTTCACACCGGTAGTCGTAGCAGAAGCGAAAATTGTCGAGTACCACGCACCAAAAAGAAAGGCGGCTGCGAAGTGCATGTGCGCCGTCGGAAGAGGGGTAACGACGTACTCGCCCGCGTCCGCTTCATCGTATGTGGATTCGTACTCTTCAGATGGTTCATTTTCCATCGCGTCTTCTCACCCAAGTCCTTTCCTGTCTCGCATAATGGAAGCGATCACCCACAAGATAAAGATGGCTGCAACAATCATGTCTAACGTGCTCCAGTCCGAACGGTGCATCCGCATCGAAAGGATTGGATTGAACACGACGGCGACGACGCCGAATATCCAAACCCACACCGTTCTTCCAGCAAGGAACGAGGTCCGAGCTAGGTACAGCCCTATAGCGCAAACCGTCAACCGCAAGAGAACGTAAAAAACGTACGGCCAATGGGAGGGGATCGCAAGGAGCAGAAAGCCCGCAACCACTAGAGCGGGAACGAAGTCCGTTCTTCTTAGCGCCTTATAGCCGAGCAATTTGCGCCCACACTATCATTGAAGGCTACCAGGCACGTCGAAAATTATCGCCTCTGTCATAAATCATGGTTTGTTCGTGCAAACTCCACTCCATAGCTGCTCACCGAGCGTGTCTGGAGCCACGACGCTCCACTTTCCCCCTGAGCCGGAATCACTTTTGGGGTTGTTGTGAGAATCGTAAACGATACTCGACGCCCCTCGCAGTTTGTGCGCTACACAGTCTATGTCAAATGCCATGACCTCGGATTCTTTAGCACCCACTCGTTTTACCCATAATTGCGGCAACCGACCAGGCGTCACCTCGGAACTTTTTACATCGAGATAGTAGCTGTCTCCGTGCCCGAAGGTTCCAAGCGAGCGCCATCTCTCCGTGGAATCGACGTGCCCGGGAATACCGCCGAAGATACGTTGAAAATCGAGAATTCCCCGTCTGTAATCTCCACTTTTTAGATAAGCATCGCCACGCGACTCATACAATTCGCTGAGAATGAAGGTGATGGCCATTTTGCCGTTATCTTGGGTTAAAAGCTTATTGAAAGGCGCCGGTTCATAGTTGGGCGCAAACAGCCGGTTAAGTTTCTGAAGCAGAACAGCATCTGACATCGAGGCGTACTCGGGATATATACCCCGGAACTGGGAGAGGCTCAGAACCATTACTTGAATCGCCAATCGTTATCTCAGCGCAGTGCTGTAATCATCGATGGCGCGCTGATAGTCTCGCACCTTGACATAGGTATCGCCGCGGTTTGCATAGAGCGTGGAGATGTACGAATCCCCTTCATCTTTTGCTCGAATTGCATCACCAAAATCAGAAATCGCCGGATAGTATTGGCCTAGCTCCAGGTGGGCAATCCCGCGATCTGAGAGCGCTGTAGAAATGTCGGGCTTCAACGATAGAGCTTTGTCGAAATCTTTGATTGCCAGGGCGTCTTGTTTCAAGTTCAGGTAGACTTCGGCCCTAGCGGCGTAAGCCTTCGCAAATCCAGGGTCTAGCTGGATGGCTCTGGTAAATGACGGTATCGCAGCTCTGTAAAAAGCATCGCGTGCTGCATCGGAGGCCCATGCTTTCTTCGTCCAAAACGCAGTGGCCATGTGTAGCTCTCCCTGTAGATAAGGCACAACTGCCGTCCTGGGATTGAGGATAGATGCTTTCTGGAATGCCGCGGTCGCTTGTGGGAAAGTGCTTTCACCGAATGTAGTGAAAAACTGATAGTAAAGGCCCACTAATGCGAATGATCGCCAGTCCTTCGGAGCATTGGCAGAAAGCAGACTGAGGTCCGTCAAGTTCCAAGTACAGAAGTCCGATGTTTTCGAGGGCTCTGTGCCTTGGATATTGAAAATATTGTCCGCGGTATCGAGGTCTTCTTCCATCGCGCTATCGAGAAGATCCAAAGCAGTTCTATATTCGCCACTTGAACTCGCAATCTTAGCGAGGAGGGAGAGTGCCTGCTTCTTGTCGTAAATGGAAAGGTCACCACGTTCGGCAGAAATGGCGGCCTGAAGGTCCCCTTTGGCATTAACCAGGTTTGGTGGGTTAGTTTCACACGCTACGATCTGCGCCCGTGTGAACCGGGCATCTCCAAACTTCGGGTAGATCTCAATGAATCGGTCTAACAGCGAGAGGTCCGCCGCTGATGTATCTTTTCCCACTTGCTGCAAAACGTCCAAGAACGCTTTCTCAGCAGGCGACGCGCTTGGGTAAGTTTTAGGCGGTCCCATCATCTCAGGAGGATCAGAAACCGCAACGAATGGGCCGGACTGTGCAACCGTCGTCCGTGCGTAACCAAAGCCAAGGACAGCAATCAGGAAGTAACAAATCGTTCTACGAGCAGCCAACGTTCAACCCCCGTCTTACACTTTCACCAATCGTGCAGTTCCCTAGATTTGTGGTTAGACCGGTTCTTTCATCGTGTCGAGGAGCTGGCGCAAATAGATCTCCGGTCCAAGCTCACGGATGAGCCTCGCATTCGCTTCGATCCATTGACCCTCACTGATGACGGGCGGCGTTGACAAACAATACTTGGGGTTCAGCAGGATGTTCCGCACATCTTCAGATGTCCAGTCGTTCTTCGGCATAAGCACCTCAGTCTTCGACCTCAACCGGAAGCCTCAACTGCTCCATCGCTTTCGGCAATTCCAAGTCTAAGGGCAAACTGAGCTGTTCCTTGCCCTGTGGATGTTTTTCCCGCCACAAGATCAGCAGCAGCGGCGTCATTTCGCCAAGAACCATCTGCGTACGCTCCACAATTGCGTGGCAGCGTGTGCAGAGGGTAATCATCAACTCCAGCTTGGATACGCCAGGCTTTCGATGATGGACGCATAGTTTGCGCCTCTCCAGGTTGGGACAGGCGCGGCACCGCCGCTCGTCCGATCCAAAACCACTTCGCGCAGGCCGCCGTAGTTCTCCTCATCCTGACGCTTCATTGAATAGCACGAAGCACACAGCCCGAGCGCGAGGATTTCCGTCCGCCCACAGGGGCAGCAGATTCCGCGCTGCTTCACTGGCTGCTTACGCTTCATAGTTCCCGACCCGCCCGCTTCCGTGCCGGCTTCGCCGTCACCTTGCGGGGAGCCACAACAGCCAGATAACGATAGAGCGTGTCCCGGCTGATTCCAAAGTCTCGCGCAATTCCTGATTTGGATTCGCCGGCCGCCGCCCGCCTTCGCAGCTCCGCTGCTCGTTCGGCGGTCATGGTCGGCTTCCGGCCCCGATACTTCCCTGCCCGCTTTGCCAACGCGATCCCCTCCCGCTGGCGCTCGTGGAGCAGCTCGCGCTCAAACTCGGCGAAGGCTCCCATGACGCTCAACAGAAGATTCGCCATCGGCGACTCTTCCCCGGTGAACGTCAGGTTCTCCTTCACGAAGCACACATGAACACCACGTTTCGTCAGCCCAAGAACGATCTTCCGCAGATCATCGAGGTTTCGAGCCAGCCGATCCATCGAATGACAGTACAGCGTGTCGCCGTCACGGACGAAATCGAGCAAGGCCTCCAGCTGCGGGCGCTTCGCGTCTTTGCCGGAAGCCTTGTCAGTGAAAACCTTGTCCAGTTCCCTGCCCTCAAGCTGCCGGTTTTCGTTTTGGTCCAAGGTGCTCACACGCACATAACCGACGTGCTGCCCTTTTGACGACCGCCCCGCCCGCGAAGCTCGAGATTTTGTCCGAATAGGCTTTATAACTTTTGTCATTGGCTGTACGATAACACTGAAACGCGGTCTTATCGTACATCATTTTCAACCGGATCGTACGCCAGCTTAAGGTATACCCCAAAGCGCACTGAACAAACAGGTATGGAATTCGGAGCGACGCTAATGCAAGCACCCATTGTTGTACTTACTGGCGGTTCTGGTTCTGGCAAAACGACGATAGCGCACAAGATCGAAGCTGAGCATCCTGAGATCACTGTTCTCCGATTCGACTCCATCGGTATTCCCTCCCCAGAAGTCATGGCCACCTACGGAGACGGACACCAACCCGGGGGCGCATGGCAGAGAGCTATGACCCTAGAGTGGTTCGACAAAATCGCAGACGTTCTTGCGCTAGGACAACCGGTTCTATTCGAAGGACAAATGAGAATCGCGTTCGTGCGGGAAGCGCTTCAAACGAGCGGGATTACAGATGCACGGGTCATTTGTGTGGAGTGCGACGACACTACACGCAGCGCTCGCCTTACCGATGACCGCCTTCAGCCTGAACTCGCAAGCGAGGCGATGATGGGTTGGAGTCGCTACTTGCACCAGGAAGCAGTTGAGGAGGGCTACGAGGTCTTCGACACAAGGGGCCTCTCTCCCGCTGAGAGCACAGCACACGTCCTCGCGGCGTTCCGACTGGGTTGAAGAGGAAGAAACCGCCGCCAGTTGTTCGCTGCGTCGTCAGCCGCATTGCTCAGGAAGATCCGATACTAAGGGACGAACCGATATGCGGCTAAACGGATAAATTGATAAACCAATTAACTCGGAGCCGTG
CP030840.1_gap7	364017	367820	3803	CACGATTGCCCCAAGCAGGAGGCGCTTGCAGGCAGGCACGCGGACCAGGATTTTCATCTTAGGCCAGATTTTGAGCGGCCAGCGGATTGTGAGCGCGGAGCTCAGCAACGATCTCGGCAGCGGCCTCGCGCGCGCGCTGCTCCTGATCTGGCGGAAAGGAGATCGCTCCCACCCGCGCATGCCCGCCGCCGCCATAGCGTTCACAGATGGAAGCGAGATTCAACAGGTAGGCGGGATCAGCCTTCGTCCAGGGATTCGATCCGACCGAGACCTTGGTGCGAAAGCTCGACTTCGAGAGCCCAACGGAATAGGTCGCATGCGGGTGCAGGTAATAGGGGATGAACTTGTTGTATCCCTCTAAGGGCCGGTCTGCGATGTCAAAGAAGATGGTTCCGGCGTTCTCTTCCGAACGCTCGCGGATCAAGGCAATTGCCTCCCGATGGCGCTCGAGCAGGGGCGGAAGCTGACTTGCTACAAAAGGCTCCCTTAGGACCTGATCAAGCGATTCTGTGGTCAGCAAAGGAATCATTCGTGGAATGAATTCCGGATCCTGACTGGATTCGATGATCAAGGTCAGCTTCATAGCCGGCGAAGCCATTTCGACCGCCGCCTCCGCACTCTCATAGAGCGCGCCGTCGACGATGTCGGCCCAATAGATGAGATCGGCTACCGGAGCGACGTCGAAGCCGAAGCGCGTCTGCGCGATGTGCGCGATGAAGCTGGTGCAGGAGGTGTACTTGGGATCGTAAAATCGCCGATCGGTGAAGCTGCCGTCGGCCAGTCCGCGCAAATACTGGGCATGGTCCTCGGGAGTGAGAAATGCGCTCAGATGGTGGTCGAACCACCAGGTCAGCCGCGGCGATGTTGAGTATTTGAAATCGACGATGGCATTTTCCTGATCGCCGAAGTCATCATCCTGAAAGAGCGCGCCCGCGCGGTGCACCAGCCCGTGATATTCATACTGCGCCTCGGGCTGAATGCATTGCTGATGAAAACGGGTAAACAGCGAGGCCGAGCAGGCTCCGTCGAAGCAACGATCATGATATAAGACGCGAACCTTCAACCCCGAATCCCCATTCCCCGGCACACGGACGGACAAGCCCCCGACGCCAGAGTTCCTATAACGAATTCTCTAGGATTGCTGGGAAGCCGCCGCCTGTCAAGTGAGGCAGGGAGCTTCTATAGGAGACACATGGGAATTTTCGCTCATCGGCTCGTATGATTCTGTACGCGCTGGTCGGATTGGGGTCTCCGGCTTTCACCATCAGTCTCCTTCCATTCTCCCAGCAAGCTTCTAAAGAGGGTGCCAGTCATCGGAACGAGGTGCACGATGAAGTAGGCTGCACACATTGCTTCCACAAGCTTTAAAGGCCATGGTATGGAACAAACATAGGCCGAGATCAGCATCGACACCGAGGTGATCCAAAGCAGAAAGACGATGCTAGCGGCCCGACGCCGGCTGCTTGGTGTCTTGCACCAGATGGGGAGATCTCCCTTACGTTCGGTCATCATGCTCCTAGCGACTGACGGCACTTGAATGCCATTCACTCTAGCACGGAACCTATTATTTTTGGTTCCGGTCGGGGCATGAACGTGGGGGCATGAACGTGGCTGCTCTTGGGCGCGGGAAGGTCTTTGGCTCGGGAAAGCCCAGCAGCCGCCACATTGGCGGGTTCGTTGACTACAATCCTCTTGAGCCATAGTCTGCCGAATGAAAAAGTCTGCCGAATGAAAAATCAGATCTCGTCGCGTCGCCCTATCTCCCGCCGTGCCTTCGTCACCCGAGCCTCGCTCGCCGCGCTCGCTTTCCAGTCGAGACATGCACTGGCCCTTGACGCGCCGGTCTCGGCGACCGTGCGCGCTCCGAGCGGAACGTTCCGTGGCGAGATCGCCAACAACGTCCGCGTCTTTCGCGGCGTCCCGTTCGCAGAGCCGCCGGCCGGTGCGCTGCGCTTCCGGCCACCCGTTAAGGCGAAGCCGTCGTCGGGTGAACGCGACGCCACACACTTCCCGGCCTCCGCCATGCAGTGGCATGAGACCATCGCGCCCGGCGAGCCGCCCATCACACACAGCGAAGACTGCCTCTACCTGAACATCTGGGCGCCTGAGGGCAACGGGCCGTTTCCCGTCTTTGTCTGGATCCACGGCGGCGGTTTCGTCAGCGGCCACGCCTTCGAACCGATGTATGACGGGACCGAGTTCGCCCGAGCGGGCATCGTCTTGATCACCGTGGGTTACCGGCTCGGGGTCTTCGGTTTCCTCGATCTGGGTCCATTGCTCGATGAAAAGGCAGAGAGCGAATACGCCGGCTCTGCCAACAACGCGCTCCGTGACATCATCATGGCCTTAGAGTGGGTCCGCGAGAATGTGGCTTCTTTTGGCGGCGATCCCAACCGGGTCACCATCGGAGGCGAATCGGCAGGGGCCAAGCTGACCGACATTCTCATGGGCGTTCCCTCAGCCCAGCCGCTCTTCCACCAGATGATCTCCGAGAGTGGAGGCGCGGAGCGTATCTGGACGGCGGCCAACTCGGCCACTGTCGCGAATGGTTTCGGCGAAGAATGGCGCAAGTCCTCCGGAAAAGACCTTCCCAGCTTGAAAACTGCTCCGGCGAGCCTGATTATTGAAAGCCAACACTCGTTCCTCGAACAGTGGCCGCAGCATTTCCCTTTGCGCGCCGAGGTGGATGGCGACTTGATCCCGCGACTCCCCATTCAGACGATCGCTGCAGGATCAACGCGTGGCAAACGATTGCTCATTGGCACGAATCGCGACGAGAGCGCCCTCTTCATCGGTCCCCATCCGCAGAGCGATCCAGCGGCCAAGGACCTGGGCAATCTTTCGCTGGCGAAATTTGAAGAAGTCCTGGAACGTTACAAGCAGATCTATCCAGAGATGACCGAGGAGCAATTGCGCATTCGCGCCGTTACCGCCGAGGAATACTGGATTCCTACCGTTCGCGTGGCGGACGCGCATCTTCAAGGCGGCGGAAGCGCCTGGATGTATCAACTCGATTTCTCCGAAACCAACGGACGGCTGCGCGGCTACTCCTATCATTCGCTCGATGTGGGCCTGGTTTGGAACCGCCCGCATGCCGACGCGGAGAATGAGTCGGCCGAGGCGGCCCTCGCGAAACAGGTTCACCAGGCATGGGTCGCCTTTATCCGCGGCGACACTCCTGCCGCGCCTGGCCTGCCAGAGTGGCCGGCGTACTCTACGACGGCCCGGCCGACGATGATCTTCGACACCCAAAGCCGCATCGAGCGGAAGCCGCAAGACGCGGAGCGCAGGCTCTGGGACGGCGTGCTTTAAGCGGTGTCGTTCCGCCGTTCCTTTGCTCCCTTGAGTTGACGGGGAATCGGGCGGCTATTTGTCCGCATCGGATGAACCAAGCCCTCGGTGAGACAATGAGCTTTTGCGGAACGAAGTTCAGGAGTATCCATTTCCGTGTCTGGCTCGGTAAGAAGAAGTCCTTGGCTACGCCTGCTCGGCTGGCTGCTGCTTGCTCTCGTCATTATCGTGATTTCCGCAGTCGCTGGAGGCGCTCTCTGGCTCAAGCACGCGATGCGCGCTTCCCTGCCCCAGATTGACGGCACGACCAAATTGGCGGGCCTGACCGCTGAGGTCTCCGTACGGCGTGATGAACACGGCGTCCCGCATATCGAGGCTGCCAATTTAGACGATCTCTTTGCCGCCCAAGGCTACGTCACCGCGCAAGACCGTCTCTGGCAGATGGACATGACCCGCCGCTATGTGGCCGGGGAGATTGCCGAGGTTCTCGGCAAAAATCTGGTGGCGCACGA
CP030840.1_gap8	388845	390316	1471	GACGCGAGGTAGAGAATGGCCTATGGTCGACGCGCTAATGTTTAGGTGGCGCTTACGGCCTGCAGGAACTTCAGTAGCTGGTCACTGACGATGGCAGAGGCTTCGTGATGCACCCAGTGGCCCACATCGTCGATTTCGAAACTCCCCACGAGACCAGGAAGGTTGGCGCGAAGTTTTTCGAAGGGTGGATAGAGTTCCGCCAAGCCATCCGCCTTTCCCGCCACGTAAAAGGATGGTTGATTGATCTTCGAGGGTTGACTGATCTACGCGTCTTTCCAAGCGCCAAACAGATAGGAATGCGGCTGGGTCCCATAACGCCGGTCGGTCCTAGATGGCACGTGCGTTCTTCCACAAATTTGCTGGGCCGCTGGAAAGCACAAGCTCTTTCGGCGGGAACAGAATTCGGAGGCCACGTTCATCCCGCCACCGAACCAAAAGCGCGGCTCGATCGCGACTCCTCAATCGAGTTTTCATCCGCGTTCGAACATTTGGCCGTCAAGCTTACGCGCCTGGTTGAGACGGGTCGTAGCTACATGAACTTGCCGGACTCATCTCGCTCGGTCGGACATCGTCTCTCCGTCCGCCTCTACTGCAGAGCATAGATGCGCAGCGATTTTACGAACATGTCATGGCCCTCAGGATGGTCCGGAATGCCCGGATAGATCAGCGCGCTCGACAACATGACATCGGCGTGAGCTTTGATCGAGTTGTTCGTGACAGCCGCGGCAACGGGCTCTCCGTCGACTTCAAAGATCAGCTCTTTAGGGGTCCAAAGTACGCCGTAATCGTGGAAACCGGCCGATAGATCGTCGACGAATTTGGCTCCCCATCCCATCCCGGTATGCTTCACGCTGGAAGAGCGACATTGTTCAGTTTGGCCGGGTACTGTTGCAGCCCGATGTGATCATAGCTTGGGTACTGCACCTCGGAGACGTCGATCTCGAAATAGTCGCCAGTTGCCGGCTGGTTCTCCGTGTTCATCCAGAACGCGTCGTTCATTCCTTTGACGTCGGCTATTTTTATAGTAGCTTCGAAAAAGCCATAACCGTAGTCTGCTTTACTTTGAATAGAGCCAGTGGACCATTTCAAGCTCTGGTTGTGGCAGTCTGCCTTGGCGGCTAATGTTTTCAGTCTCAGGCCACTGCTCGTCGCTTCCACGTTCCCAGGTCGTCGACACATCCTGCCATCATCCGAAATCAGTGTCCAATCCGCTTGAAGTTCGGCAGCGTCGGCGAAATTGGTAGAAAAGACGGGCAGCTTGTGTCCGGAGCGATAGCTCTGGATGGCAGAGCGGTCGGCAGCAGTAACCGGGCGCCGCTTGGCGTAAGGCTGGTCCGGCGACCCCCAATTCACCGGTTTCGCGAGCGTGGCTGCTCGGTCTGCGGCGCTCGTGCCGCCAAGAGATAGGAATGCAAGCAGCGCCGAGCCGATGACAGCGGTAGTGTGAACTCGAAACGTCATAGTCACTTCC
CP030840.1_gap9	499400	503704	4304	CTCGAGCAGCCGCTCTATCCTCAAGGCGATCTTCCGCCGGCCCTGGGTCTCACTGTCCTCGACTTCAACAAGGACGGCTGGATGGATATTGCCGTGACTCATGATGGATCCCCCGGGATCACTCTCTGGAAGAACATCGATGGCAAAAGGTTCGAACGGGTGCCGCTGCCGTTGGCCGACGTCCAGCGCGGCTGGGGCGTCTCCCCCATTGATGTGGATAACGACGGCTGGATCGATCTGGCCGTGATCGTCGAGACGTCTTCGGGAAGCGCGCTGCGGGTCCTCAGGAACAAAGGGAACGGCAGCTTCGAGGATGTCACCGCCGCCTTAGGCCTCAACAAACCGCTGCCCACCTCCGCGCGCTCGGTCGAGGCGCTCGACGTAGACGGCGATGGCGACGCCGATTTGCTAATCTCTTCGCTGGACGGCCCGCCGGCGCTGCTGCGCAATGATGGCGGTAATCGCAATCATTCCGTGCTCATCCATCTTGAGGGCAATGCCGACAACAAGACCGCGCTGGGTACCAAGCTCGAGGTCTTCGCAGGCGGCCTTTGGCAGAAATGGGAAGTCCCGGGCGCCAGCGGGTTTCTCAGCCAGGGACCTACCAGCATTCTTGCCGGACTCGGCGACTGGGATCAGCCGGTCATTGTCCGTCTCCTATGGCCGACGGGCGTCCCTCAGGATGAGTTGAATGTCGCCGCCAAAGGCGTGGACAGCATCAAGGAACTCGATCGGCGCGGTAGCTCCTGTCCCGTTGTTTTCGCCTGGAATGGTGACCGGTACGAGTTCATCACTGACACGATCGGGGCGGCCGTCATCGGTCATTGGGTCTCTCCCTACTCACGAAACATTCCTGACCCCGATGAATGGATCAAGATCGATGGCTCCCAGCTCCAGTCGAAAAATGGCTATCTGAGCCTACGAATGGGGGAGCCGATGGAGGAGGTCAATTTCGTCGACCAGGCTAGGCTAGTGGCCGTCGATCATCCCGCTAACTCGAAAGTCTTCCCCAACGAGCGCTTCAAGAACGATCCTCCGTTCGCTGAGCGGAAGACCATCTTCACCGCGGAAAGTCATCCCGCCGCGGGAGCATGGGATAGCAATGGCAACGACGTTCTGGCGACCCTCACCAAGCTCGACCATCAGTATGTGCGCGACTTCACCAACCTTCCCTATGCTGGTTTCGCCAACCCTCACCAGTTGACCCTCGACCTCGGACCATGGTCGGCCGATAAGCCGCTTCGGCTGCTGATGCACGGCTTCATTGAATACTTCAGCGCGACTTCTCTCTACTCCGCATGGCAGGCAGGAATTGGACCTATCTCCCCTTACGTCGAGGCGCAAATGCCTGATGGCAGCTGGAAGCGGATCATCGAGGATATGGGCTTCCCTGCCGGCCTGCCGCGCACCATTGTCACGGATCTCACCGGCCATCTGCCCGCCGGAGCTACCCGCATTCGCATCACTACCAATCTTCAGATCTATTGGGACCAGGTGCTGATCTCGAATGAATCAGAGCCGGTCGGGTCGATGCGCGAAACAGAGATCCCGCTTGCCTCTGCATCTCTCGGTTTCCGCGGCTATCCCCGGCAGATCGACGGCGCGACCCCTGGCGATCTGACTTACCACTACGACGAAGCCAGCGCCACTGGTCCGTTCGTCCGGCAGCGCGGCCCCTACACTCACTACGGGGACGTCACGCCGCTGCTCACCGCCATCGATGACCGCTTCGTCATCTTCGGCAGCGGAGAAGACATGGATCTGGAATTCGACAGCGCATCGCTTCCGGCGCTTCCCGCCGGTTGGACGAGAGATTACTTCTTCTACGCCAACGGCTATGTGAAAGACATGGATTACTACGAGGCCATGCCCTTTACGGTCGCGGCGATGCCCTTCCACGCGATGAGCGGATATCCGTACTCTGCCAAAGAGCATTTTCCGGATGATGAACAATCAGTCGGCTATCGACTCGATTGGAACGACCGCTTCGAGACCGGGGCAAATTCACCGAGCTACCGCTTCGAATACCTGCCTCGCCATGAGCTTCCACTCACACCGCACTGGTCACCAGTAAGAGAAGAGCCGGCGCGTAGCGGCAGCCGTTAGCTCTAGAAGGTGGCTTCGAACACCCGAAACCTCCGCTCTAATTCAAACTGCTGCTGTGCCTTTTCACTGCCCTTCAGGAACTCCGCGCATTTACCGGCTGGCTCGTCTTTGCCCAACTGTCCGGCGCAGACGGCCACCGGGCGCGCGAAGTCATCGCCGATCTTGGCCGCTTGCCAGAGGCTTTCGCCGGGGAGGAAGTTGTGTTCGAGGCCGGTGCGAACCAAGTCCTTCAGTTCGGGATAGGTAAAGTGGTAGGTGTCGACGGCGCGGACATATTCGTGGGTGAGGTCAATGCGGGAGACGCCTTCGTCGTCGGTTGAGAGCGCGACGGGAACATGATACTTGCGGTAGATCGGTAACGGATGATCGCCACCCTTCACGTTGAGGATGACGTCGTTGCTAGTGAGATTGATCTCAACCATCACCTTCTTTGCGGCCATCTCCTGGAGCAGGTTGTAGGGCTTGTCCTCGTCCATCACATCGACGCCATGGCCGATGCGCTCGGCGCTGCCGATCTCGACGGCTTCGCGGATGTGGAACTTCAGACCCTCGGGCGGAACCAGCCCAAGCGCGATTTCTCCGGCGTGGAGAGTGATGTGAACCTTGGGATAGATCGCATGCAGAGCCTCGATCATCTGCATGTGCAGGTGGTAGTCGGTCATGGCGACGTAAGAGTCTTCCGGTTGAACCAGGTTCAGACCGACGATTCGCGGATCGGCCGAGGCTAGTTCAAAGCCAAGTAGAATCTGCGCGAAAACGCTGTCGGGGGTCATCGCGCGCAGCACCTGGTCGAGGTAGCGGATCTGGACCGTACAGGCTGGTCTGGCTTCGGCTGTGCCGCAGCCTTCGAGTTCCCTGCGCTCGGCCTCCGCCTTATCAAATTCGGCGCGAATCGCCGGGATTGCGTCGCGAAATCCGCCGTCGAGCAGCAGCTGGCGGTACTCCGCGAAGTCCGCATGGTAGCCGACCTTTTCGGCGAGGTCGGCCTCCTGCTTCCATTGCGAAGGGGTATGCATAATCTCGAGATACTGCTCATTCTGCGCGGCGGCGCGGGTAGCGACCTCATCAAGCCAAAGGCCGACGTGATGGCCAGCCGGATCAAAGCGTTCGAAGGTATCGAAAAACTGATCGTGGCCGGATTTCCCGGAGACGGGAATGAACGTCCGCATCGAGAATGAATCGATCAGCTCGTCGTAGAGGTGCTGGTCTTTGGTCACCGAATCAGCCCTCACCCTGCCCTCGCCGCAGACGGGCTGGGGTGGGATGCTGCGCGTCTGGGCCATCGCTTTCACGAAAGCTAGAGACGCGGAATCGACGCACAAGCCATCTTTGGCGGCGGCACTGATGAACGACTCGGCGTAGACTGCTCCGGTCAGATGCATGTGCAGATCGGCGCCTTTTGGCATCGCATAGAGGAAGCCGCGCAGCGCGGCCGGTCCGGTCTTGGCGGCTTCGTCAAGGGCGCGAGCGGCGCGAACCTCGGGATTGGCGGGCGGAGCGGCTTTTGCTGCATGGACAAAACCGGGATTGAGGATCGAAAAAAGTGCGGATATAGCCGAAACAACAGTTACCGTTCGGCCTCGCTGAAGCCAGGCAAATCCGAGCTGAGGCGCTCGCCCAGGATGGCGGGTTTGATGAATTCGCCGGAATTGATAATGATTCAGTAACATAATGCCCCGTGAGGTTTTGTTGAGAATGCAGTTTCTTCGCTTTGGGATAAGTGTATGGCATGGGATGAAATATGCAGCAATGTTGCTTGCCTTAACGACGTTGATCGTCAGTGCTGAGGCGTTAGCGCAACCGCAGCATGGTGAGCTGGACTGGTTGAAGCCGCTGCCGCAGTTCCCGCTCGCATCGAGCGGCCTGAACATCCATCAACATGCCGAATCTGGCAAGCCTTTCACAGTTGCCGGCCAGTGTGGCGCCTTCATGGGCGAGCAGAATGGCAGCTTCGAGGCGTGGATCTTTCCGGTGAAGCTGCTCAGCCATTTTACGATTGCGGCGTCGGTTGAAGGCTATCCGGTGCCCATCGACTTGAATGCCGATGCTGCCGAGATCGACGTCGCTCCCGACCACACGACGATCACCTATTCGCATATTGCATTTACAGTGCGGGAGATCCTCTTTGCCACCCGCTGCACCAGCGCCGCTGATGCGGGGGCGGGGGTGATTGCGCTCTTTCAGATCGATGCAGTGCG
CP030840.1_gap10	555233	555778	545	GACGCCAGCCGTTCTTTTTGATCAGAGTTGATCGAGATGTCGTCGCCCATGTCGCCGGTTTGCATTGCGAATTCCTCAACGAATAAATTGGATTTAACGGATGGACGGGGGAAAACCACGCGCCAATTCTAAGATCCGTATTTTTCGCTATTTCGGCAGAAGAGATGCCTCCGCCGAACCTCGATACAGGTCGGCGTTCCTCCATAGGAGTCGCCAGACGTCGTCATTCCGATTAATGAGGGCGTTGACCAACACTAGCGGCCGTAAGAACAACTGGCGTCAGCGCCTGCTAAGCTGATCCCTGTCAGCATTCAGAACCAGGAGAGGTGAGGCTTCGCGAGTGTCGAGCGTCCGAAAAGCCTATCTACCCCTGTGGCTCCATCTTCAGCTGCCTGACATGAGGTTCCGAAACGGTGTCTCGATCCGATCGCTTTCGGAAGCTGAGAAACCGGATGTAGGCAGTTGGGGTCAGTTCATGAGCCCCAATGAGATAGCGAGAGTTTCTCAGTTCAGCCGATGGATGTGTTTGGACTTCGAGGTCGAGC
CP030840.1_gap11	557718	562306	4588	GACGGGCCGATCACAATTTCGATTCTTCGACTGCCCAGTTGAGCGGAGGAAGTCGGCACCTTAGCAGAATTTGGGTTGCTGTTCCATGAAGAAGCTTCGAGTGACGTAGAATCGTTTCGCTGCGCCGCAGGCAATCTTCTATGAATAAAGCCTCACTGATTTCCATCCGAAATCTCGATCTCGCCTGGGCGCGCATAACCACGGCGACGAATATGCAGCACAAGCGGATGTTCCGGCACCTGTACCAGGCTTACGAGCCGGGTCGGAAGCCGAACCTTGGGTTGTTACATGAGAAGTTGCATGGCGCATGGAAACCGACGAGTCCCATTCGGCTCTATATGCCGAAGGCTTCAAAGCTTCTCCGCCCGCTTTCCCTCCTCTCCCTGGACGACCAGATCGTCCTTCAAGCGATTGCCAATGAGGTCGCCGAGCAGATGGCAGCGCGGCGTGCCGCTGTCGAACGAAATGTCGTCTTCAGCAACTGCCTGAACCCTGATCCGAGGTCGATCTTCTTCCTTCAGGACTGGCGCCGCACCTATGGCGGGTTCTCGACGCGCCTCGGTCGTCACCTCATGGCCGGGAACCACTGGATCGCACATTTTGACTTGGCTGCGTTCTATGAGACTATCTCTCACCGTGCGCTGCAAAGCATCGTGGCTCCATCTGGTGGGAGCAGCGAAGTTTGGAAACTCATCCGGGACTGGCTGTGCGTTTGGACCTCTGGCGCCGGCGGCATCCCCGTGGACCATGGCATCCCGCAAGGGCCAGTGGCTTCGGACTTCCTCGCGGAGGTATTTCTTCTTCCACTCGACGAAGCGATGGTGAAGGCTGGAATCCCGTATATCCGCTACGTCGACGACATCCGCGTTCTAGCTCGCACCGAGGAGCAAGTTCGCAAGGCCGCAATCATTCTCGAGATGGAGTGCCGGCGCTGGAGCCTTATACCGCAGAGTTCGAAGTTTAGTGTGATGTACGCGGCGACGCTTGCAGACGCGCTAGGCACGCTTCCCAGCATCGCCGAATCAACGGGCAAGACGGACGACGAGGCCGAGCTTGACGATGATTCGGCGGTCGCAGTGTTCAACGACGCGGTTGGGGGCCGGCCGCTGCGAGTGAAGGACAAGAGCCGTCTTCGTTTCGTCCTCTACCGAGCGGGTGCATCACGGAAAATACTCGCCACGACCTTGAAACTTCTTCCTTCGCACCCAGAGCATATCGATGCCTTCGCGGCGTATTTCCAGAACTATTCCAGGTCGCGGCCGATCATGACCAAGGTTCAAGCGATGCTGACCCAAGGAGTTCTGTACGACTATGTCGAAGGCGAACTCTGGCTCTTGGCTGCTCGCTTGGGGAAGCCCAGCGATCTTACAGCGTTGCTGCCGATCGCCCGTCGGCGCGCCAGAACCGGACACCTCTCGTTTCCCATCCAGCGTGCACTTCTTGCTTTCTTCCTGACGTGCAGGAATGCTGGCGTCGTTCCCGCGACCCGCGTCCTCAACAAGCTCCGTACCAGTACCGCATATGTTCAGTCGCTCGTTATACCGCACCTCGCGGATGACGACTACGAGCGCGGCGGTGTGGTCGCTGACCTTATTGAACAGCACGCACCGGCTGCGGGGATGGTGCTGGCTGAAGAGTTAGTGCAGCGCGATATTTCTACGCAGAATTTGAGGTTACGAGTTAATCGGATCCCACCCGAGACCAAGAACGTCTTCAAGGGACTGGGTTTGATCGGCGCCACTCGCAATACGAGATTTGACCAGATTGGCGACGTGATCCGCACAAGATTCGGGCTGCGCTATTGGCGAGGCTGGAAGCCACTTCTCGATGCGAATTTTCAGCACGCGCTCAACCTGCTCCTGAACGCCGACAGCAAGTTCTATTCGGATAGGTCCGGCTGGCTCGCATCCCAGAACTCGTTCAACGATGCCGTCTTTCGCGCCTTCCAGAAGTATCTGGCGGACAACAACCTGGCTGGTGCCATGCCGTTGGTGGATGGGAGCGGGCAAAAACTCAGGACGTTCGGTCAGCTCCTGGACGCTAACGCCGCCTTCGCGCGCGAGTTTATCGCGATCGCGACGGCGCTCAGAGCTGCAAACGATCGCCGTAATCGTATTCCTGACAGCCATCCATTCGAAACCAAGGGTGGCAAGCAGACGAAGCACCTTCAATCGCGGGAGCGGGACGCATTGAAGGCACAGTTGGCAACTGCGTACAACGGCATCATGGATTTTCTCGATGCGCAGCCATAATGCGGCCCGAGGTTCGGTAGACCTCTGATTACGGCGTGACTTTGTGGATGCCGCTGTTGCAGCGTCCTCTGTCCGGCCGTTTCTCCAACTCATAATTGTTCTTGCTGTACTGCAATGGTTTCTGGAGAAGAGAGGCATACAGGTCTCCTTCATTCAACTGGGATAGGGCTGGGACGCGCTCCTATTAGTTGCACTGATCGTAATCTTCACGTTCTGCTTGGTTTCCCTATCTGGCATGGAGGATAGAGGGATCAAGGAAGCCCCGCTGGTCGTGATTGCCTTCTACTTCGGCTCCGCGAAAAAGAAGTGATCCACAATTCAGCACCCTTCTGCACCCATAGCGATTGAACTGCGAGTGCCTTGATCATTCGTTTCTGTGGGTTGCGAAATGGCCTGTTACAGACCTCTGCCGAACCCCGGCAGAGGTCGTAGACAGGCACTTCCTGCTCCGATTTCGATTGACGAGAACAGGCCAAGTCGCTCCTTGAGCAGTTTGAAGCAAACCCTAGGAATAGATCGTTATTGTTCACGTGACTCGGACTGCTTGGCCCATCCTTCCAAAGGCCTTTCTGGCCTCTTCGACGGCCTCGGGCTCCTCGTACATGAAGATTCGCCATTCCTCTTCATGTCTGGCAAAGACCAGTCCGCACTGGGCCATCATCTCGCAGATCAGATCGTAGATAGGCGCAAACACTTCGATGGAGTCCCAAGCAAATTCCCGTAGCCAGAGTTCATGCAGGATACGTTCAAGCCGGGTCATTAGGTCTTTGACGGACGGTTTCTTTCGGAAGATCTCCTCGAGGTGCGGCGTGCGATCCTTTAGACTCCGTTCTATTCCGTGGACGTGGCCGAGCAGGTAACCGGCGCAGATAAAAACATCACCGAAGATTTGCTGAAGTTCGCGAAACACATCGCCGGCGCCGCGCCCTTCGCGATGTGCCTTGATCTGTTCCAATGCCGCTGCAAAGCTGTCTTCGATCGCCCGGCAGAGAATCCCTTCAAACTCCTCTACCGCTTCCGGGCGAAACATCGCCGAGGACCGGCACGCAGCATATTCGCTCCAGACATCCATCGCCTTTAAGAAGGTCTGGCGCGAACGGTTGCCGCACTCCAGCGGCTTTCCATAGCTGTCGGGAAACATCCGGTAGAGATGGCTCTCGTGTTCCACATGCGCGGCTTCGTGGGCGATGCAGCCCAGCGCCAACCGCTGCATCTCCGGCTCCGGAGAGAGTGTCGATAACGCGAGACCGCGGCGCAACACGATATGGAAACGCAGGTCTCCCTCGCGGCGGACCGCAGCCGTCCGTGCCATCTCCATGACCTCCGGCTGTGGGTTCATCTCTAACGGAACCTGCCCTTGGGGAAGGTCTTGCAGGGCACACGCAGCCGCACGGCAGTCCGAGGTGACCGTCACGCCGTCCAACGCCTGCAACTCAATCCCGGAAAACGTGACGACGTAGAGTATTTCTTCGATGGCGACGGCCAGCGCGTCTTGTACTTCGGGTTCTTCAAAGCAGGAGAGATCAAGGCTGCATCGCTCCGGCAGCGGTAGACGTCCTCCACCTTTGGGCGCGAAGTTCAGTTCGCGAATAGCGCTCATCGCGGATACCCCGTCGCTCTCGCACATGGAATTGTCATGCGCACAAAGCCGTGCCTCCATCGCTTTTCTAAGGGCAACACAAATCCCGGGCCCTTGGAGACCGGCACGAAGCATTTCGGGGAAATATTATGCGGAACCAGCATAACTCCTCAATCAAAGGGGAGGGGAAAACGTCTGCGGTGCGCCCCCGCAAACAGCCCTATAACCCGATGTCGGGGAGTTCGAAAGCCGATAGACAGGCTCCTGCGGCCTTTAGCTTTAGGGGCCTGGACATACGCCACAGGCTCCCCGACGCCAAAAGGTCTAGGGAGTTGCTCAGAGCGCCCGGCGGCGCTCACTTGTCTATCGGGGTTTCGACACCCCAGAACGGTGCGTACCCGTTCCACCTCCATCATCGGTCATCTCCAATGCCTATGGCAATCGCCATCCAAGGGAGGGGTCTCCTCCCGCGCTGCGACTGCTCCGCATTCTTCGCTTCCCACCACAGCAGCCTGTTCCTGCCGCAAGGCGACCCTGACAATCAGGTGCGCTGCGCGCACGAATAGAAAACCAAACCTCGCTGAGGGCCGAATGTACCGGGATATGCGTTACCTTGTGGGCCTGAGACATCCGTTACAAGCCCCTTGCGGTGACGATGGATTGACTTGAAGGGCATGAAAAGACATACGTCCAGTCGTCGAGGCCGTGGGGATGTGGGGATGTGGGAATTCCGAAGGGATTCCAAAGGGGGTGGGAA
CP030840.1_gap12	570476	571641	1165	TTAGATAAGTGTCGTTCGTGAAAGGGTCACGATCTCCGCTTGTTTCCCAATGCCTAATCCACTCATCTTACGACCGGATCACCGAAAACTTAGGCTTGACTGACAGGAGAGCTAGATTCGATGCCGATAAGAACAGCCAAAGCAACAGACGAAGCCGCCGTAGTCCGTTTGTGGAGCTCGTGTGAATTGGTGGTCAGCTACAACGATCCTGGACTGGATTTTATGAACGCAGTTTCCTCTTCGTGCTCTGACGTATTGGTTTACGAGAGTGAAGACGATGAGATCTCAGGGGCGGTGATGGTCGGCTATGACGGACACCGTGGGTGGCTTTACTATGTCGCTATCGCGCCCCACATTCGAGGGAATGGTATCGGACGAAAGATGGTGGAAGCTGCAGAACATTGGCTGCGTGCTAGAGACGTGTCTAAAGCACAGCTCCTCGTACGGGATACGAATCCAAATGCCGTTAGTTTCTACGAGCACCTGGGATTTGAGTCGGCTCCGCGTGTGGTCATGGGCAAGTGGCTGAATAAGCTGAATCCGTCTTAGTCAATGGGCTGCTTGCTCCCACTCGAGAAACTATCATCTTATTCGAGATGGATTAGCAGGAATTCGCCGCTGTTCAGAGCCAGGCCACTGATCGTGTCCATTCACGGCGATACCTGACGCGGCAAGGGGAACCAGATCGTGTCTGGCCCCCTTGAAGATCCGAAGATTGGACAAGGTAAAGGAACCGTCAACGCCCTTCAACGCCACTGAAGCAGCGTAGGACGCTGAGGCAGATCAAACGTCACACATAACGTTGCGTCGTTACTGACACCTGAGCCCAATGATGTCTGAAACGACTACGGAATACGCAGTCAAGTCGTTGTATGTACAGAGAGCGTAGGACGCGTTCCCCTGGAATGCCTCGACCGGGAAGGTGTCAGGTTGACCATCAATAACCGTAGGTTCGCAGGCCCTGTCAAGATCGCAGCCGGTTAGGTCTTGTGCCCACAGCGGGTTGGGGCCTCTGTAGAGCATCCGATCAGCACGAGATGCGAAGCGGAACACCAAAAGGAATACCCCGAACGTATTTTCGTCATCTCGTTCGGCCGAAGTGTTCTATACGCAAAAAGCTCTGGAACGACTGTCAGTTTTTTCGGGGACCGTTGTGAAACCGCGG
CP030840.1_gap13	573436	578184	4748	CGACTCTGATTGGCTCGGACGCGTTGAGCAAAAGCAAACGATGATTCTTCCGAGGCTATCGGCAAAGTATCTGGCATAGAAATTCCTTGACCTTGATATGCTGACTGGTTGGGGCAACGCGCTGGGAAAGGGGGAAAGCTCAAGATATTGATCGACGGCTTGGAGAGGTCAACCTTGCGGCGCTTCGTTGATAACGGTCACTTGGGTGAGTTCAGTCAGGCCTAATTGGCCCCATTCCACACCTATACCCGACTGCTTCGCGCCGCCAAAAGGGATATGTGGACCAAAGTTTACGTGCTGGTTGATCCAAACAGTGCCTGTTTGCATCTGCGATGCAAGTTTCCGCGCGCGACTCACATCCTTGGTCCAGATTGAGCCACATAGTCCATAATCGGACCGATTGGCTCGGACTAATCCGTCCTCGGCGCTTTTGATACGAACCACAGGAAGGATGGGCGAGAACTGTTCCTGATCGACTAACTCGCTTCCGTCTTCGATGTCACGGACCACTGTTGGCGCAACGAAATAGCCGGCACCGGCGCTAAATGTTCCTCCCGCGACAACCCTGCCATCGCGATGAGCGACATTCAGAAAGTGACGGGCCTTTTCAAACTGAGCGGTATTCTGAAGGGGGCCCATCTGTGTCCCCTCATCCAGCCCATTGCCAACAACGGCCTTGCGAGCAAGCTCCGCAAGACACTCACAAAGTTCATCGTAGATCTCACCTTCGGCATAGACGCGTTTGATCAACATGCATCCCTGGCCGGCGTTATAAAAGGCTGCGTTATAGATCTTCTGAGAAGCGTTAGGTACATCGACGTCCTTCAAAACGATTGCCGCATCATTTCCACCAAGCTCCAGGATGAGACGCTTCAACCGTGCCGCGCCATTCGCCATCACTTTGCGACCCGTCGCAGTGGACCCTGTGAAGGACACTACTGCTACGTCAGGGTGAGAGGTTAAAAACTCTCCGAGATCATTCGCATCCACAATGACGTTCACGACTCCAGCTGGAAAGATATGGAGCGCCAGTTCTCCCAGCATCAGTGCGCAGATGGGCGTCGTCGGGGCCGGTTTAAGTACGAATGTGTTTCCAGTCATGAGCGCGGCGGCCAGCTTGGCCGTTGGAGTCACTAGGGGAAAATTCCAGGGGCAAATTCCAACAACAACACCTAAGGCCTTCCGATAAACCTTGATGCTGCCTTCTCTGTCTTCCTTGATCGTTTCAATTGGAATGGTCAATCCTGCGAAATGCCGAATATACGCCTCGGTGTAGGCAACCTCGCCAATGGCTTCTTGCTTTGGCTTGCCCTGTTCGCGGACCATCACTTCTGCAAGTTCGTCCGCACGAGCCCGAAACGCATCCGCAAAAGCCAGAAGAAACTCTTTCCGTTTCTCCCAGCCCAGTGCCTCCCAGCCCGGCTGCGCTCTCTTGGCCGCCTGAATTGCGGCTTCAGCTTGGCCCTGCGAGGCTGCTCCAACATCGGCGATCGTCTCGCCTGTCGCAGGATCGCGCACTGGCATCGAGCGCTCTCCTTCCAACAGTTTGCCGTCTATCAGCATGCGAGTGGCGAAAGATGTTTTCTGGGACATAGTTTCCTCTTTGCTAAATAAATGTTTTCTTCCGCGTCTTTATACGGGGCTACGAAGCCTTCCTCAGGGGCGGCTGTCGGTTCGCATATGGAATCGGCACCCATTCGAAGTCCGTTCCGGCTCAACCAAAGTGCCCGACGTCCGAGAATGGAAGATGAGGCACAGCGAAAAGGCAACGGCGGTCCGCCAATATCGAGAGTGCCTGTTATCTCTCCGCTGCCGCCGTAGCCGGATCGACGTCATAGTGATGATCGTCTCTGGATCCGGGGCTTGTGCGGACGCCACATGGATGATCTCCCTGATGAAGACGACATTTTGCTCGAGGCTCTTTGACCTGTAGAAGACGCTTCCTGGTGTATGGCCCGGATGCCCTATTCTGCGGCTTAGACATGAATCCATCCTTTTCGAAAAGCTAAGGCATATCGCCCGCGGAGGTGCTAATAGTCCCGTCGCAACTAATCGACTCCTCGACTTCCTGAGTCCACGAGTCGTGGCGGTCGCGCTATACGCCATCCATCTAGCATTTCGATGCAAGAGAGATAGAGCTGATCCATACCTTCAATGTTCAGTTAGGTTCAGAAAGGGTATAGGTTGCATCTTGCTCTGCGCGCCTTGGACCGACTAAGAGCCTGATGCTCACCGGAAAGATCAGGGCCCTCGCCGCCGTCTGAGTGGTATAGCGAGATAAGGCCGCAGGCCGGCCCGCGGTTCTCCGCCGATCTGTCGGCGGCCACCGAACCGACGGCGTAAACTAGAAGTGATGGAAATCGCCAACATAGAGTTGCGGCACCTGCGGTATTTCGTCGCCGTCGCGGAACAAGAAAGCGTTAGTCGAGCGGCGAAGCGGCTGCATGTCTCGCAGCCTCCGCTGAGCCGCCAAATACGTGATCTTGAGGCCGAGTTGGGCGTAGCTCTCTTCGTAAGAGATTCAAGACGTCTGATCCTGACTGGACCAGGAGAGGTGTTCTTAAGCGAAGCTCGAGCCGTCTTGCAGCGATTTGATGATGCCTTGGTCCTCACAAGAGAGTTCGCCAAGCGTGACGGAATTCGGATCCGAGTGGGTCACTCGTCCGCTGCCTCGGTCGAGGCCCTACCGAGGATCCTGCGAGCATTCCAAAACTTGCATCCTGAAGCAAAGATCGAGCTTCGTACGATGACGACGAGTCAGATGATTAAGTTGACCAACCGCGGGGAACTCGACATCTGTCTGACCATAGGTGAAATTAATCCCGGTCTGAAGGACTTTGCTGTAGAGGAGATCGGTAGTTACGGAATGCTAGCCGGAGTTCCGCGCCAGCACCCATTAGCGCGGCTAGACAAAATTCCTTTGGGCGATTTAGCTCACGAACCGATCATTTCGGTCACGCTCTCCGACTTCCAGTGGTACAACGGCTATGTCTCTCGGCTGCTTACTCCGTACAACAACTCGTTCAAAGTGGCAGAGGAACACGACCGTGCCGAAGGCGTTATAGCATCCGTAGAAGCCGGACGGGGCGTCGCGCTCTTCTATGACGTTTTGGCCCGGACAATTGGGGAACGATTAGTCCTCCGGGAAGTGACGCCAACTCCGCCTCGCGCTCCCCTCGTGCTTTTCTTTCGGGATGATAGACGCACACCTCTCACTGCGAGTTTCGTCAAGGCGGCTCATGTCCTAAGAGCCATCTGAATCTATGCGAGACCGGTTAGGCATCGATATTGCTAGCTAGGTTCTTACTTCTTGATCACGTTATCCGTCACTGGTGGCGGCTGCAGAAGCTCCGGCCGCTGCAGCGATCGTCTCGGCTTGTTGCTCTTAGAATGAGACGCCGCTCCAGTCAGAAAAGCTTCCAAGAATCGGATTCCTCGGTAACCGAAATCTCGGAAACGACTCACATCTAGCTTACTGGCGCTAAATCAAAGCTGCGTTTAGCAGATCCTTGTCAATGCGGGACCTTTCACATGATCATCGTGATTCATGAGTTGCAGTGAGCTATCAGTTTGACCTCGTTCAAAGGCTAGACATCCCGGCACTAGCCCCTTAGGAACTCTTGAGAGCGTCGAAAGCTGGAGATGATGCATGGGCCGCAGCAGATTAGCAGCTCATCTGGAGTAACCTGCTATTCCCGAAAGGGGAAGTACTCAGCCCGAACCCTCTCTACAAACGAACGTTCGTGATGATCCTTCCGCCCTTCTTATCAATGAGCGTTTGCTAGGTCCGAATCGATTCTGAAGTGTTTACGGTTTCCTATAATCCGACTTCCAGCAAACAGCGCCAGCCGGGCGGAATGATCGGTGATCGATGAAACGTTTGTGAGGACTATTCCCGGCTGAGACAATACTTTTATGATCGAACGTACCCTTGATCGTGCGTGCAAATTCGCAGCCTCGCTCGATGCTGCAATACCAATCCTAATGGCACCGATGGCTGGTGCTTCGCCGGTATCTTTGGCAGCGGCAGTTTCCAACGCGGGTGGAATGGGGGCTTGCGGAGCGCTTTTGCTGTCTCCGGCATCGATAGCCTCCTGGGCTGAGGAGTTTCGAAGCGAGAGCGACGGGCCGTTTCAGATGAACCTCTGGGTGTCCGATCCGGCCCCGATCCGTGACGCAGCATCGGAACACCGTCAGCGCACCTTCCTCAGCACCTGGGGACCGGCTGTCCCTGCCGAATCAGCCGATGCCCAACTCGAGGATCCTCAGGCACAATTGCAGGCCCTTCTTCAGGCCAGGCCAAGGGTAATCTCTTCCATCATGGGCCTCTTCCCGCCCGCTTTTATATCAGAGATGAAGGCTCACGGTATTCTCTGGTTTGCGACCGCGACGACGGTCTCCGAGGCTCGCGCAGCCGCGGCCGCTGGAGCGGACGCGATTGTGGCTCAGGGGGCGGAAGCGGGCGGCCATCGTGGAACGTTTCATGCAGCCGAAGCTGAGGCTGAAAGTGTCGGACTGTTCGCTCTCCTGCCCCAGATTTGCGACGCTGTGTCTCTCCCAGTGATCGCTACCGGCGGCATAGCGGATGGCAGGGCCATTGCAGCAGCTCTTGTCTTGGGTGCAAGCGCGGTCCAGATCGGCACAGGCTTTCTGCGCTGTCCTGAAGCGAAGATCCATCAGGCGTACAGCGACCGACTGGCGAGAACGGAAGCGCATCACACCCGCCTGACAAGGGCATTTTCAGGCCG
CP030840.1_gap14	579852	583671	3819	AGAAACTGCGGCCGAAGCAAGCGGATGCTGCGTGCTACCGCCAGCACCGGCCAGCGCGAGTGATGCACACAATCCCACGAGACCGCCCGAGAAACCGACCAGAGCATAGCCTGTAGCACAGAGAATTGTCCCGAGCGCTAAGACAGTCCGCGCGTTAAGGCGCTTAGCAAGATGGGCGGAGGGGATTTGGAAAGCCGCTAGGATGCCTACATAGAGTGCGCGCAGAACCGCAAGCGCGACATAATTTAGCGAGAACTCCGCCTGCCACACCGGTAGGAGGACGTAGATCATATCCGTGTAACCGTCGTGCAGTGCGTGGACAAGACTGGTGAGCGCAAGTGTGCGCCGCGGCCCCTGTGTCTCAGTGACGCTAGAAACCATGCCGCGTTCCTCTCGATCAGGATTGATCAAATCAGTAGTGGTCACCGCGTTGTGTGCGCGGCCAAGAAAATTATCAGATGGCTCTGCAGAGGCTATCTAGAACAATCTTGCGGTCGCTTAAGTAAGCTCGACCGCCGTGCATCTCTGTGTCATCCGGCAGCGCATACCTGAAACCCCTGCACTCAGGGACTTCGGCGGACGCCTTTTGAAGTCTTCCTGATACTCAACTGGGTCATCCAGTAAACCTTCCTGAAGTGCCTTCAAGAATGGCTTTGGTTGGACAAGCTCAGAGAGAGTGAAGTATCGGCGAGTGACCAACTTTCCGAAATCGGCCTTCTTGCTCGCATAAGACGAGCGTTGAATCGGTTTACACACAACGAGGAGGTAAGAACGAGTTGCTGTTTCGTCATTGCAGATGTCGGCAGGGTCTACCGCATGACGATACTTATTCTTTGCGACCATTTGAAGTGACTTCACCCATCGCTGAGTACAGCTCCCGTGCAACGGTGTAGAAGCGTCATTCTTTCTAGTGCCACAGTGTTGGGTAAGTGTCGGATCGGACGTCTCCGCGACCATCGATACCTTGTGGGTATACCCGTCCACTAAAACAGTATGCGTTCGTATTCTTTACGGTGCATCAGAAGTATGCGTGACAGATAGTTCGGTCCGCCCCGCATAGATATGGGCTGCAACCGACTTCGGAAGTCCTACGGCTGACCGAATCTGTCCGGGAACTCTTCAATCAACAGAAAGGATAGACAACGATATGGCCGACCCAACGTTTGGAAGATATTCCGAAATTCCGCTCGACAGCATGACCCCGGAACAGCGTACAGGCTATGACTCGATCATCAAGGATCGCGGGATATGCCCAGGCCCATACAAAATTTGGGTAGAGAGTCCGGCCCTCATGAAATTGATGATTCCCATGGGGGTTTACTACAGGAGCGGATCGGGGCTTAGCGAAGCGGAACGAGAGATTGCTGTTCTTGTGCTCTTGGGAAAATGGGGCGCTGCGTTCCCACTTAGTGAGCACGAATGGATTGCTGAGGGCACCAGCGGGTACTCGAAGGCCGGGATTCCAGCCGAACAGGTCGAGCGCGTTATTTCTGGTTTACCGGTGTCTTTCGAAGACAACCGACAACAGGTCGTCTATGAGATAGCTTCAACTTTGGTGAATTCCCGTTACGTTCCAAAAGGGCTGTATGATCGCGCGCTCAAGGAACTCGGAACGAACGCCATATCAGACCTCGCCGTCATCATGGGCTACTTCACGATGGTCGCGTTTACGCTCATGTTCCACGACGTTCCTTCGTTTGCAGAGGGACTGAAACGTTGACCGCCGTGCGACCTAGCTCAGTAAATAAAGAGGAATCTATGAGTGATACGCAAACACACGGAAACTCGACCATAAGGCATCCATTGCCTTTACCGAATGACTCCGCTATCCAACCTCTCCTAACCGGGGCGGCAGCCGGACTTCCACCGATTAATGTATTTCGCGCACTTGCGAACGCACCCTCGCTTGCTCCAGCCTACATGCAGTACTTCGGACATCTGTTCAAGCCTTTGGAGCTCAATGCCCGGATTGAACGACTAGTTGTGCTTCTGACAGGCAAGCTTTCCGGTTGCGAGTACATCTGGCGGCAGAATGTCGTTGTAGCGAAGAGTCTAGAAATTTCCGACGAGAAGATCACTGAACTCCACGAAGGCAATTTGCAGGCGGCATGTTTTAACGCAGATGAAGTGGCTGCGTTCAAATTCGCAACCGAGACCATTGAATTAATTGAGGTCAAGGATTCGACGTACTCAGAAGCAGAAAAGCACTTTTCACCCAGGGCCCTTACCGAGATGCTCTACGTGATCGGCTCTTACATGTTCCTCGCTAGGCTCATTCGTACCGGTGGCATTCCTCTCGACGAGCAAGCGGCAAAAGTTCCGGACGGCTTCTTCCACTAGTTGGAAGTTCTTCCAGGAGTGCACGCTGACTGATGGGCACCCGTACGGCATTCTACATAGACGAAAAGGCCAACGAATTATGCGGGCTTTCTGCAACAAAGAAACGGAGGAAGGTGATAGTGGCCGAGACAAGACACACTTACCGCATTTCCGGCAAGGACGTCGCCCTAGAAGTTTATGCAGATGGCGCTGGTCCTGCGCTCGTCGTCCTCCCATCCTATGGACGCGGCGCAGCGGAGGACTTCGATTTCTTTGCCAACACGTTGAGTGCGGCCGGGTTCAAAGTTCTGCGCCCACAACCGCGCGGCATCGCTGGATCGAAAGGAAAGATGGAGGGCCTTTCACTGCATGACCAAGCAGATGATGTTGCTCTCGTCATCCGCGAACTCAGCGATGGAAAGGCAGTAGTGCTTGGCCACGCCTTCGGTCACGGGGTGGCAAAGACGGTTGCTGCAGACTACCCCTCACTTGTGACGGGAGTCATCGTTGCCGCAGCACAGTGCAGTTCAGTATCGCCAGAGATTGAGCGGACACCGCATCAAGCTTGCGATCTCAAGGCGCCTGTGGAAGAGCGATTGGCCGCGCTCAGGAAAGGTTTTTTCGCCCCCAACCATGATGCCACTATCTGGCTGAATGGCTGGTACCCGGAAACCATGCAGATGCAGGTGAGCAGTGTCGGTCGGACGGCCGCGGATGAGTTTTCTCGCGCCGGAAACGCCCCACTGCTCGAAATTATTCCTGATTCAGACCCGTTCAAACCTCGTCCGTATTGGGGAGAGCTACGCCAGCAGCTGGGCGATCGAGTTACGACCGAGATCATTGCCGACGCCAGCCACGCGCTTTTTCCTGAGCAACCTCAACGTGTAGCCGCCATGACCATTGAGTGGTACCGGCGTTTGATTTCCTAACGCAGCATTGTGGTGAATCCTATTCAAACGCGATGAACCGCGGCCCGCAGCTATTGATCAACTTCGAGTCACAGTAAACAGCCCTACATGGCGCAAAAAGGAGACCAACAAATGTCCCACAATAAAGCTCCGCAAGCGACACTTACCACTGTTGCGGAATTCCCCAAACAATACTTTCTCGAGAATTTAGTTGTCCGGGCGGATAACTCTGTATTAGTCCAAGTAGCCAACAAGAAGGAGCTATGGTACGTTCCCCCCGCTGACGGATATGAAACAGTCAAACCAGTCCGTATTCATACCTATCAGGAGAATGCGTGTGGGATCGTTGAGATGGAGCCAGACGTTTTTGTAGTGCTAAGCGGAAACGTGTACACCACTCATGAGTCGTTCTTGCATCGGTTGGATCTTCGTAATTGGAAGGCGGGAACAGCCATCAGTCCGGAGACCATTTGCCAGTTCCCGGAGCGCGCTCGTGGCGTCAATGGAGCCTGTCTCCTTGCTCCGGGCGTGTTACTCGTCGCGGATTGCTTCGCAGGTCTGATATGGCGTGTCGACTTTCCTGCTGACGGAA
CP030840.1_gap15	585130	589029	3899	AAACGTTTGCACGCGAATACAAAAGCATTTTTACGAATCAGTGAGTCGATTCAGGATCTTTCTTTATGAGGGTGATGACCTCAAAAAGGTGGCCGTTCCATTGATACAAAACAATTACCTTCAACTGAAGAGAAGCAAGAAGCTTCGGAGACTAACGTCATCAATTTCATCGGTGTTCCCTTCGTGCGGCAGAGGAGCATGGCATTTCGCGCATGTGGCAAAATGGGTTCAAGTTTATTTCGCTTGTTATGCCTATCGATTCTCTTCATCTCGGTGCTCGCGCATGCTCAGGTTGACACGCTTCGGACGGTTTCTCGTCATATGACCCTTTCGAACGGCAAGACACTCGCCTATACCGTACAGATGGGACGCGTCCCAATCCGGGCGGGCGGTTCGGATGAGGTGCTGGCAAACATGTTCTTCGTCGCCTACTGTGTCTCTTCGACTGAGCCGCGGCCAATCACCTTCCTTTGGAACGGTGGACCTGGGTCTCCTTCCTCTACGCTGCATCTGGAGTCGATTGGACCCAAACTGATCGCCGCGAACGGCAAAACTGTCGACTTCAGAGATACGGCTTTGGCATCGACTGACCTGGTGTTTGTCGATGCTGTGGGAACAGGTTTCAGTCGGGTCACGCGGTCCGAGTTTTCGGACCAGTTTTACCAGATGCGCGGCGATGTGAGTGCCTTCACAGATTTTGTGCGCGCCTGGAGGCTGCTTTTCGGCGTGGAGGAATACCCAATCTATCTTGCGGGCGAGAGTTGGGGTGCTTTCCGAGCTGCGGCAGTCGCACTGCGGTTAGAAAAGCAAGGAATCCAGGTAGCAGGTATCATCGCCATCTCAGGCCGTCCAGCGCTTCCCAATGCAAGACTTGACATAGTCTTGCGCGCACTACGTACCGTTCAGCAAGCTTTGGCCGCCCAATATCACGGTAAATCCTCAACGGATCTTCCAAAAGATCCTGTCGCGTTGCAGCAGCTGGTCCATGAATGGGTGATGTCGACATATGTACCAGCGCTTGAGCATATTGATGACCTGGATCATGCGCAACGTGATGCTATCGCGAATCGACTCTCCGAGTTCACAGGCATACCTGAGCGTGAGATCAACCGATCCAATCTGATGATCTATCCACATCAGTTTCTTACGGAACTTCTCCATGACCAACGCAAGGTACTTGATACCTATGACATGAGACAAACAACCGACATGTCTCCCAGAGAAAACATTCAAGTGGAGGAGCGCTATCTTCGGCATGATCTCGGCTATATCACCGATCTGGCGTACATCGATGTGGATCATGTGCTCAACGGCTTTTCACCAGATGATGGCGGGATTCAAGGTCCGAATGCAATGTGGGACTACAAAAAGGGCTTTTTCAGCACCTACGTAAGTGGCGATCAACTCGAAAGAGAGGACGATGAGAACCTCGCCAACGGCGAATCCCCTCGTGGGCAGGAAACCCCCGACACCGCTGAGGCAATGGCCCTCGACTCTCATTTGAGATTGCTCATTGCAGACGGCCTCTACGATTCTCGATCAACTTGCGCGATCAGCTCGGAGATCGTAGCGAGACAAGGACCGAGTCTTCAGTCTCGTATCATCACTCGGTGCTACAAAGGGGGGCACATGTTCTACCTCGATCCGGAAGTGCGTCGGCAGTTCAGCGAAGATCTTCAGCAGTTCACCTCGGATGCAACTTTACCGAGATTGCCTCTGACACGATAGGCGGTTTAACCTCAAGTCCATCGTAAGAACACGAGATTTTCCAGCCCCTCTGTGGAACCCGTACCGCATGCGTTACGTATCTCGGACAATGAGACTTCTCCTTACAATCATCTCCTCTCTACTGCTCTTCGCCTCGCCTAACCTTCATGCACAGCATTCATCGTCAGAGATACCGTTACAACCGCTGAGCGGAGGATTTCTAACCGTCCGTGCTTCGATCGCCGGTCACGAAGGAACCTTTCTTTTCGACAGCGGAAGTGGTGTCAGCAACATCACCCCGCAGTTTGCCAGCAAGATCGGGTGCAAACCTTGGGGCTTGATTTCCGGTGCCCAGATGACCGGCCAGCGCCTCGATATGCAGCGCTGCGACAACTTAGTGGTGCGCCTAGGCGCCTTTCAATCAGAGCCGGGTACCGTCGGTGTCTTCGATCTAGCCAAAGTTCTACCACCTTCTATGAGTGGTATCGATGGTACGATCGCACTTGACGTGCTTGCATCTTGTACGGTCCGCTTCTCGTACGTCCATCACACCCTTCAGATCCTCGATCCGGGCTCCGTAGCAAAGAGTATTGAGCTGAGTCGCTCCATGCCAATCCATATGGTCCGTGATGCGGAAGGAATGGCCCTAACAGTCAATCTGCCCGTACATACCACCGATGGCATCGCTTGGTTTGAGCTTGACTCAGGCAACACAAGCCCATGGGTGCTCGTCGGGAGACATCTCGCCTCCAATTTCGAGCTCGATCCTACCGTTAAGACTCCTCAGCGCATCAGTTTGAGTCTTACCAACGGGTCTTCTTTTGTTGGTTCGGCGCGTCTTATGGACCTCATTCTCGATGGCAATCTCGGTACGAGCTTCCTTATGCAGTACGACGTCACCGTTGACCTAGTACATGCCCGGGCTTGGGTTCATCCCATCGCCCAATAGACTGTCGGTTCCTTGCGAAGCCGATAGACCGATCCGACGTCTCCGGCCCCGCAGTCACACCTCAACTCAATGAGTCGTCGCAATACCATTGGCATCCTCGGTATCCGTGATAACTGTGAAGCTAAAGTTGGAAAGGTTCAAGCGGACAAGTCCGCCGGGGCGTTCCGGCGCCCCCGGTGGAAGCATAGAAGTGGGGACTTTGACGTTTGAAATCCAGGCATACGCCCCGTCGAAGATCGCTTGGAGGGGGCTTCCCGTTGCCAAACGCTGACAGACCCTCCCTGTTCTCGCATCCAATACGAGTAGCACTCCGTCGAGCACCGCCGGCACGAAGAACGTATTGCCCTCGGGGCTAGAAGCGGGATAGAACGTTTGTCCCACAGGGAGACCTATGAAAGTACGTGTGACACTGAGATCTTGAGGGTCCAATAACAATATCTGGCCTTGGGATCCAACGAGAAGATGTGAATGATCGCTGGTCCAGGCCAATCCTCTCACATGTGGGACAGTTGCTCGCGAGAGTACCCGACCATCATTTGGGTCTAACCGAATGACGCTATCGACAGTAGTGAAAGCATAGCAGTCTGCACCATCCGCGCTGAAGATGAAGTTGTGAACTCCGTGGGGCAGGGGAAATGTACGAATGACGTGTCCTGTGCTCAGGTCAAAGACTGTCATCTCTTCTATACCTTCTTCCGTGTTTGTGAAGAGCTCGGTCGCATGCTGCGGTCGTATCTTGAGACCGTGAGGCGCCGTGGCTCCCGAAGGAAGTATGAAACGAGTACGCTCTCTCTTCTGCTCCACATCGAGAACAGAAATCGTCGTTCCTGGCGTTCCCACTTTGTGATTCGCTTCGAGTAGCCCGAAATTTGAGACGTAGGCTGTCTTTCCGTCGAGGGACGTCTCGATCTCATGCGGCTTCTCGCCAACCTGCACAATTGCACGTTCGCTTGGATTGTCCTTGGAAAAGATCAGAACTCGATTCAAACTCTCCTGCACGACCAGCACTTGACCGTGCGAAGAGCTTCCACGTTTATTCATATGAAAAGACTCCGCCTGAATAACAGCAGGGAGGGTACATAGGTACGTTATCGTCCAAACAAGGAATGTCCATCGAGAAGCGTTCCAGCGCATGAGTATCGAAAGCAATTGCACATCCCGTCGTTTATTTCGAGCAAAGTACGGACTACCAATTCATTCTTGGCTGTTTGCTGAGCATGCGGGGAGGTCATGCACTTGCGCG
CP030840.1_gap16	640128	644325	4197	TGAGCTGCTGACCCACGAATCTATCCGACAGGTGTCCGAGTTTAGCATCTGCGATTTGAGCGCCCACTTGATCAGGGGCCACCCGCACACCAGAACGACCATTGAGACCCTCAGTAAGTTATCGATCGTCGGGAAAGCAAGTCATAGATAAGTCCATTCCAGCCACATTTGTTGTATCTCACGCCCGCACTTCCGCGGCGCAAAGCACGATTCAGAAAAGCCCCTCGGAAATGTCTTAGCGTGTTACTCCGCTCTCGCAGATCAGCGTCAAGTTGCTACAACCCATCTGCCACGGTAAGTTCTCGCGAATAATCGGCGGCGAAGTCGTTATAAACCAATCTGCCGGAACTCTTCATCGGGGTCGCAGGGTCGTAGTCCGTCAGGGTCCAGGGGTTAAGATTCTGCACGACAAACTTCGGTACATCGAATGCCCCCGTGCATAGCGGTATTGAATGCGCGTTCAGGTAGTTCAACAGGTCCACGGCTACTTGGGTGTCGGTCATCGATCCGAGCCCAAGCGACATCCCTTCCGGAGCCGACCATTCGTCCGCCCACACCGGCACGCTCTGGCTGGGTATACCAAACTCGGCATCCCATTGCGACTCCACAGTAAGTCCATGCTGATACGGATGCACGGCATACACCAGCCGATTGAGCGGATCGGTAGGCGCCTGCATACCGTCAAGGGTCGCCGCAGCTTCTTTAACCGTCATGCCTGTTACTGGATCTGTCACATTGTCCGCCAGCGCATCGAGCACAAACACGTTCTGCGCGCCGTTATTGCGTAGGTGACTGATAAGCGGCTGCATGCCAATGGCCGTGTAAGTTTGGCCCCCTGCGGCAACCGTACCGCCGTTCAGCCATAGTTGCCAGTTCGTTGCTGAACCGAGCAGAGTCGGCTCGTTGTAAAGCTCAAAGACCACTCCGCGGTCCGAGCCAAACACCGGCGTGAACAAATCCCAGTCGCCCTGCGTTTCGGCCGTAGGTAACGGATCTTCACTCGTGTCGCCGGTGATCGGTTCATCCTGCATCATGATCATCACGATAAAACCTTCCTGCCGCGCGGTCTTAATAGCAGACACCACGTCATTAAAATAATCCGGATCGTACATCGTGGTATTGCTCGGATTGAGCGCCGGTTGACTTATCTGAAACCGGATCGTGTCGGCGCCATACGCCCGGATGGCCGCGCGTTCGGCTGGAGTGTAATTGTTGCGCGCCTTGAGGAGCGTCACTGCGGTCGGATCTGATGAAGCCTCAATCTTCAATGTTGCCAACGGCCGCACGTAGCCCTGCAGCACCACGCCGCGAGACAGCCAGGGGCGGTCATTCAGGGTCATGTGTATCCCGGACACCCCAACCGCCTGCTGACTAACCGTGGGAGAAGTACCGTTTGTTGAGGTTTGACTCCCACACCCGCTGAGAATAAGCGATATGAGAAATAGGGGAGCGAAGTAAGAATGACGGAACACGGCATCTCTCCTTTGTGAGGTAAGCGGTTAAGTAAGATGAAGAGGTTGAGGAACGATCGCTGAGCCTAGAGTTCTAGCGTTGTTGGTGCTGGTACTCCATGTAATCCGCAAAGAATCCGTAGTTCTCGGGGAGACGAATTGCTCCGGGTACATCAGCCATTCCAGGAACGAGCAGTTGATTCAGAAACCAGGGAACAGTACCGACGGAGACCACAGCCCGGCCAGCAGCTTGATCGGGGTGAGGATTCCACGTGAGCGCGTACGTGGCAATCCTCGCGCCATTTGTCTGGAGCATCGGGATGAGGTCAGCAAGGTAGTGGGGCTCAAACCACTGCTGGGACGCAAGGAACTGCTGCCATTCCTCCTCAGGTACCGGGCGCTGAAAACAGTTGTTTAGAAATTCCGCGACGAGTGTGCCCGGCAGGATGGAATGCTGCTGGACGAACGCCCGCCCAGCTTCGCTATTATCAATTCGGTCTCCAAGATGCTGTTTCCACTTAAAAACGAGCGACATCTCTGTGACCATCAGAGGTTTTTTCGGAATGGCGCGATGCATGAACTGCAACGCGGTTTCTGTACTTCGCATATCCGGCTGATGCATATGAAAGTCCGCGCCTGCGATCTTGGGGTCTTCATTGACCCATCGGATCATTAATCGCGTGGGAAGAGACTGCTGTGTCTTCGGTAGGTCAAGCCGCGTCATTCCACCCGCATAAAGAGGCAGTTGAGTACCATCGGCCGCATTGCGATGCACTGCGTCGATGTGCGCGGCGAGACGACGGAGAAACGCAATCACGGGAAGCCGCCCATCCGCATCGGGCATTAGGTCCTCCGGAAGCGTATCAATCGTTAGTTCGTTGACCAGCACAAGAGCCGACAGTCGCCCCTTAGTTGCATCGAGCAAGTGATCCACAAAGGCGAAAGCTTCTTGTTCCTTTGGTGATCCTTCTTCCGGCATCCGGCCAAACCCGCCTTTGCCTGTGGAATCCCATTTGATGGATAGTACGATCTTGCGTCCTGATGCCGCGGCACGATTGAGTGCTTGAAGGCCGGGGTCGGTTTCGTATGAACGTCGGCCGCTCATGAACTCTGAGGCCGGAACAAAACCGCGAAGCCACGTTGTGTGCGTCTGATCCAGGACTTCCGGCGTTGCCCATTGGAAGCGCTCGTTGATATTGCCACCCAATGCCAGACTCCCTGCTGGAACCTGGGCTACACATGACCAAGAGCAAAGGCAAATAGCCGTTAGATACAAGCCGTAATTTCCAAACTCGGTGACTTTGGAACTAAGACGAGAATGCAATGCTTTTCGAGACACTATGCTGAAACTCCTTCATGAATCAGTTGCCGGCGAAGCCCCCTGCCCGACGTAAAACCGAGTCAAGGGTTGTAACATCGAACGCGTTACGCTTTCGGGACAGGTGGCCCATTTCATACCCGAAGATCTGAATCTCCGATTTTTGGCCTTCCGTTCGGTCTCTACTTTGATTGGTTGCCCGCGAAGCAGATTCCAGCGGCATTAGCGATCGCGGTCCATTGCTGCTCGACAGAGTCTGAGCAAATCCCGCAACTAAGCTGCGAGCCCACAGCCGACGGAAAGGAGTTCAGATCATGAGCCATTGAGCGATGTGTCGTCGTGTCGGGGAAGGCCTCATGGCGTTCACTCGCCTCCCGACGGCCTCCGATCTCCGTTGATCGATGTTAGGAAAAGCGACACTAAAGTTTCCGTACAAACCAGGCTGCACACCCAAAGGAAAGCGGTAGTGAGAACGCGATTACTGCAATAAGATCCTGCCATACTCAACGGCACATAACAGGTCGTATGTGAGATGCGTGGAGGTCTGGTTGGTAAGAGGATCCGAGAATGCTTTATGAGTGGATATCTATACCTCACAGGTATGGCACGTGCGACGCGGCGAGGCACACAGTTCTCATTATTCCCTTCTAGGGTTTAATGCCGCTTCACTTATAGCTGTGGCGGCAGGCGCACACCGATAGCGATGGTTCTAACGTCACAATCGTAGGCGGTATCAATTACTCGGATGGTCTTCCTTAGCTATACCTAGCAGGTATTTAGCTCTGCCCACAAGGTCTCACCCTTAGTAGGCAAAGAAGAATCCAATAGAAATAGTCGCGGCTAATGCTTCAAGCGCACTAGTAGGTAGGCCGCTGTCGAGCACTGAACCAGAGAAGACAGAGGAAAGACGCTATCATGCTCTATCACTACAACAAATACGGAGTACTTCCTGTGACAACCAATTCCCTCGCCAAACCATTTCTTGTGGTGCTTCTTTGCTGTCTAATTATCAGGAGCGCAGCGCTTGCGCAGGGCCCAATTCAGGCCGTTCCTGGCGCGTCAGGAAATTCGTTGGACCCTAACCCAAATCAACGGGCACCGTACCCTCGGCTGGTTCGTATACTCCACGGCGAGCAGCGCGATGGGATCGTGGCGAGTGTGTCTCCAGGGGTTTTCTATGAGAGCAGGGATGACGGTAGAACGTTCCAGGAGATTGGCGCGATCCCGTCGGTTGAAGGCATTACCCCAAAATGCTGCGGAACACTTTTCGAGGCCCCCCGCCAGGTGGGTTCCTTGAGCGAAGGGACGCTTCTCTATGCCGGATCCTACTGCGGAGGGAGCGACGGGAAGACCGCATCGATCGAGATCTTCGCTAGCATCGATGACGGGAGGACATGGACGCATCACTCCACTCCCGTTCAGCGTGGA
CP030840.1_gap17	648915	649818	903	CGCGTGAACTACCCCGAGATCGGCTGATTTCACTGAGACGGTTTCAACAAGAACTCCCGTCAGCAAAGTTCTCAACAACGACTTGACAGGGGTCTTCTGCCGGTAGACCGTCATCCGACCAAGCCTGCAGCCGCTTCGCGTCTTCCGTACGAAAGCCTAAGCGAGCCTGTTCCTGCCCGCAACGCCGACCGCGTAAAGTCCTGTGCGCTGACGCGCACGAATAAGGAACCCAAACATCCGTGAAGACTGCGTCCTGCGCCAGCCTCCCGGGATAGAGGTCGGCAAACGAAACGCAGAGTTAGGAGCAGGCGGTTTAGTCGTGATGATCTTTGTGCGTCCATGACGCACATATCTATACATCCATAAACGTATTCCTTCTTGTGGCAATCCGTTCCCCATTTCTTTGAACCGTCAAGAGAGTACCGTAGGTCGGATCAGCGCCACAGCGATAACTTAGCGTTTGATCATATCTTGGCATGGAGGAGTCAAGCCCAAAGGCAAGACATAGGAGCGGCGAATAGGCGGTCCCCGAAAGGGACGACCTTCGTTCCGTCATATATTACGATTCCAAGTTTCAGGTCATCACCACAAATGTCCAACAGCTTCCTGATCCTTTGAAGTCGCTCGCGTGGACGGTTGCGCTTGCTTTGACCTCAACACCGACTAGTGCGCCGTGTTCATCCTCTACGACGATGTCAATCTCATCCTGATCCTTATCCCGATAGTGATGGAGCGTGTAGCCTTCGTCGGACCATGTGATCAGCTTCATGACTTCGGCAAATACAAATGTTTCCAGCAACGCACCAAACGTTGAGCGGTCCTTTGCTATCTGCTCAGCAGTCAATGCCAGCAAGGTGGCGAGCAACCCCGAGTCGACGAAATGTAGTTTTGGGGTCTTGATCA
CP030840.1_gap18	787288	789270	1982	TTGATCGCAGCTGCGACCCCGTTCTGGCCGATGAGAGCGCTCGCTCTTGCCGGCTTAGCGACCGTCGTCATGCACTTAGCTGCGGCCATCGCCGTTACTGGAGGAGGCTGGCAGGACGTCGCTGCTCTTCTCGGCGCGCCGTTTTACATTGTATGGAAGATACTGCTGATTCCACGGCTGGCAAGGTCTGCCAATGCCAAGAGCGCATGGACGCGAACCGAGCGGACTGCAGAGAGGAAGATTCTGTGATCCCGGATATCTCCGTCGTCGTGGTTTCTTTCAATACCCGCGAGCTGCTGCGCGATTGTTTACTCACGCTGCGGAAGGAAGTCGAAGGGCTTGCCAATGAGGTGTTCGTCGTCGATAACGTCTCCCGGGACGGCTCGGCTGAGATGGTCGCGGCGGAGTTTCCCGAGGCCCGCTTGATTCGTAGCAACGTCAATCTAGGGTTCGCTGCCGCTAACAACAAGGCCTTCAGCTTGGCCACAGGACGCTACATCGTTCTGCTCAATTCGGATGCCTTTCTCCGGCCGATGGCGCTCCAAAGATCGATCGAATACATGGATGCGCAGCCGCGCATCGGTCTTGGCGGCGCTCGATTGGTTGGCGCGGATGGCTCGTGGCAGCCATCGAGACGCTTGTTCCCGTCGCCCTTGAACGATTTCCTCTCGCTCTCCGGACTGGCGGCCAAGTTCCCGCGCTCGCGTTTCTTCGGCCGCCAGGACCATACCTGGGCGGACCAGGACCAACCGGGAGACGCCGACTGGGTTCCAGGGGCCTATTCCATCATTCGGCGAACCGTTCTTGACCAGGTTGGTCACTTTGATGAACAGTTTTTCCTCTATTACGAAGAAGTGGACTTATGCCGCCGAATCAAGCAGGCCGGCTTTTTGATTCGCTACTGGCCGGATGTCGTCGTAGTTCATCTGGGCGGCGAGTCTTCAAAGACTTTGACGAATCTAAGTATGTCGAAATCAGGCGCCCAGCTTGAGCTTTGGCGAATGCGCAGTGCGTTTCTCTACTACCGGAAACACCATGGCCCGGTTGCATGGTTGTCAAAGACGATTGAAGCCCAATGGCACGGTCTTCGCTCCTGGAAAAATTCGCTGACTCCGGGTTCTGTGCACAAGACCAAGGCAGAAGAGTCAAGGCTTGTCATCCAGCTCCTACGCCGCGCCTGGCAAGAGACCGCCGGTGGCGCGGTATCTCCCACGAGGCCTTGGTAAACGGATATGCCACGAAAGCTCAGCCTCGCTGCCAAGATCGGATTGCTATCCATCGCCAGTTGCCGCATAACCATGTTAGCCATGGCACAAGAGGGGAGCGCCGGCTTTACCGTCCGCGCAGACCAAAAGATCGTCACTGCCGACGAGATCGTGCGGCAATTCGAAGCGCCGCTGCTAACCTCTTACATCCTCGGCGATGGTGATGAAATCTCCGTGGATGTCTGGAACCACCCGGAGCTTTCTGGAAAACATGTGATCGGTCCGGACGGCAAGATTACGGTACCGATCGCAGGAATAGTCAAGGTTTCAGAGCTTAGCCGGGAAGATGCGCAGGCGGCTATTGCAAACTCCCTCATCCACTACTACTCCGACCTTTCTATTACCTTGCGAGTGGACCGCTATACCTCCTATCGCATTTACATCCTGGGGCGGGCAGGTGTACCTGGAATCGTGCAGTTTGATTCTCAGCCGACGCTTCTGGATGTCGTCACCCGGGCGTCGGCGATCACCTCGGGAGGTGTAGGACCCGACAGCGCCGGGCTGGGACGATGCGCCATCTTGCGCGGCCGCGATCAGGTGATTTGGGTTGATCTGAAAAGCCTATTAAGCCAGGGTAGCTTGGCGTTGAACATCCGCCTGGCCCGAAATGACATGGTTTATCTTCCCGACGCCGGAGAGCGAGAGGTCTATGTTCTTGGCGAGGTCAAACATCCAGGCGCATTCCGCCTGACCCCGACTATGTCCTTCCTGGACGCC
CP030840.1_gap19	791337	795813	4476	GAGCGAGCTTGCCGAATATCAGACATCTTGAAGAGATGTTGCGTCGCTCGGTTCACGAATACGACTTCATCCTAATTGACGCGCCACCAGTTCTCGCCTCGGTCGATGCCGAAATAATGGCGAGCTCAGCCGATGTTCTCGTTCTCGTAATTGAGGCAGACTCGGTCACCAAGCAAGAACTGCAACGTGCCGCAAAGAGCCTGGAACGGCTGAATTTAAGGGCAATCTCAGCAGTGTTCAACAGGGTCAGGCGGGACGAGGCAACTGGCTTCGCAGCAACGGCGCTCGACGAATTCCTCAATGGCTCAGCTGCTCCTGCAAGACGCCTCTTTAGCCCTTGGTTGTGGAGATGATCAGTGAAGAATGATTCCGTCATCCCGATAGTCTCGGTTGTCGTAATCGGACGCAATGAAGGCCCGCGGTTGCAGCGCTGTCTCGAGTCGGTTCGAGATATGGAGAAACCGGGCGGCGATTTCGAGATCATCTACGTGGATTCATCTTCTACCGACAATAGCCCTGACCTCGCCCGGCGACTTGGGGCTCTCGTGATCTCTATCGACTCGTCACGTCCGACCGCCGCGCTGGGCCGGAACGTTGGGTGGCGGGCATCCTCTGGTTCCTTCGTCCTCTTTCTCGACGGCGATACCATCCTGCATCCGGAATTTGTCGTGCAATCGTTACAGCAGTTTGGGAGTGACACCGCGATTGTCTTTGGCAACAGGCGTGAGATTCATCCTGAGGCCTCGGTCTATAACCGTGTTCTCGATCTGGAATGGATTTCTGCTTCGGGATTTGTCGACTCGTGCGGCGGCGACGCGCTGATGAGACGGGCAGCACTCGAAGCGGTTCAGGGCTATGACGAAAACCTGATCGCCGGCGAGGAGCCGGAGATGTGCCGGAGGCTGCGTGAACTGGGCTGGAAGATTCTCCACGTCGATGGTCCGATGACCGGCCATGATTTAGCCATCTCCCAGTGGTCACAATACTGTCGGCGCGCGATGAGGACCGGCTATGCTTATGCGCAAGTCTCGGAGCGTTTCCGAGGGTCGTCCCTGCCTTTCTGGAAAGTGGAAGCGAGACACAATCGCAATGTCGCTTTCGCACACGCGTCGATCATCACCTTGTCCGTGCTGGCTTCATTGATATGGCGTACAGCCTGGCCCATAGGTTTGGTCCTTGCATTTTTCCTTCTACTCGCTCTCCGGACCGCAGGAAGAGTTACCTGGAAATCGAACAACTTGGCGACCCGGCTGCTCTATGGCATTCATTCACACTTACAACAGATTCCTATTTACCTGGGACAGCTCCAGTATTGGAGCGACCGCCGCAAGGGTCTGGCGCGCGGTCTGATCGAGTATAAAGGGACGTCCCAGTGAAGCCTCGTACACTGCGGGTATTGCTGTCGGCCTATCAATGCGGGCCGGGCATGGGGTCGGTCTCCCAGATCGGTTGGGAATGGTATTCCCGTTTATCTGAGTCAGCCTCTGTGACCCTGGTTACCCACATCCGCAATCGCGAGTGTTTACAAGCTGCGGGCGCGCCTTTGCCGGGCACAGAAATCATCTACATTGACACAGAATGGTTCGCCGGATTCCTCTATCGTCTGGCATCCCGCCTATTTCCTCGCAGCGAACATGCGGTCTTCCTCCTATCCTCGGCTGATTTCTACTTGTTCGATGCGGTGGCATTGAGGACCTTGCGCAAGCGAGATCTCAATTGGGACCTCATTCATGCGGTCACGCCTGTCTCTCCTGTTGCGGCCACCCGCCTCTACCGCCTTGGAATCCCTCTGATCGTCGGGCCGTGGAACGGCGGACTGGCATCGCCCAGCGCTTTCCCCGAATTAATGAGACAAGATTCCGCATGGATCTACCAAGCTAGACATATCGGCAAGTTAGTCGGCCGGCTCTTTGGGTGTACCCGCAAAGCCTCTCTGATTCTCAGCGCCACTAGATCGACGGACCGCAGTCTGCCAAAGAATGTCCCAACCGTTCGCATGCTCGAGAACGGCGTCGACCTGAAACGCTTCCATTCCTCCACCTGGGACGTGATTCCCTCAAAGACTACCCCGCTCAAAGTGCTTTTCGTTGGACGCTTACTCCCCTTCAAGGGCGTGTCGTTACTGCTGGAGGCAGTCTCTCGAGTCTGGCAGGAAATCCCTATTACCTTAACGATTGTCGGGGATGGCTCGATGAGAGAAGACCTTAAACGCCGGGCCCACGAACTCCACCTTGACGACCACGTGACGTTCCTCGGAAATCTGCCGTCAGGCCAAGTAGCCGAGCAGATGAGAAATGCTCATGTCTTCTGCCTCCCCTCCATTCGTGAGTCGGGTGGCGGCGTGCTACTCGAAGCCGCAGCCTCGGGTCTCCCGGTAGTGGCAGTCAACTATGGCGGCCCAGCAGAGATTGTCGACGAAGAGGTAGGACACCTGGTCTCGGCCGATGGTCCGGAACAATTGATTGCCGGGCTGGTAGAGACCTTCGGCGACATTTGGAAGAACCCCGCGCAGTGGCAGCAACGCGGGAAGAGGGGACGGCAGAAGGCTGAAAAGGAATATGGGTGGGAAGTCCGGATGAGAAACGCCATAGCCATCTACTGGCGGATCTTGGGAGAAGACACAGCTCATGCTTGACACTCTCTTGCCCGATCCCGAGGGACCAATTCTCGAAGACCACGCGGCCACGATCCGCGAATCGTTGTCTCGCAATGTGTCTGTCGACGTGGTCGCCCGCATTGGCTACCTGGTCTCGCGCTTCTTCATCCCTCCTTTTGTTCTGGCTCATGTGAGCTTGGAGGCTTATGGGCTCTGGTCCACTGCCTTCATCATGGTCTCTTATGTCGGTCTCTCAACCATGGGGATCTCTACCGTCTACATCAAATTCGTAGCCGAATACTGTGCGCGCCGAGATTATCTGAAAGCCAATCAACTGCTCTCGACCGGCTTGTGTCTGACCGTGCCTTTCTGTGGCGTGGTCTTCGCAATCTTCTATCTGCTCTGGCCGCGCCTGGTGGTTTGGCTCCATATCGCCCCATCCCTGCGCGGGGATGCGCGCGAGGTCGTCTTGTCGGTAGTCGCCATCTTCCTCGCTTCACTGAGTCTTGGCGCCTTTCACGATGCCGTGGTAGGCGCCCAAAAGACTGATATGGTGCAGCGCCGATGGATGGTTTGCTACATCGTAGAAACCATTTTGATCTTTATCCTGGTCGGCATGGGAAGGGGCATCCGTGGCTTGTCGGAGGCATTCCTGGTCAGGACGATCATCGACGTCGTGCTCTGTCTGATCATGGCGGTTCGCCTGCTTCCCTGGCTGCGCATATCACCGCGACTGATCACCCGCGAAGCCTTCAGAACCCTGTTCGCCTTTGGGGCTATCGTTCAGATTCAAGGCCTGCTCTCGATTACTTTGGATTCGATCGAGCGCGCCGTTGCCGCTCCGCTGGTCGGCCTCGCCGGCACTGGTCTTTTGGAGGTCGGCAAGAAACTTCCATCCATGGCAGGATCGGTCCCCATCGCTTTCACCTCCTCCTTCACGCCCGCGGCGTCGTATGTTCATGGGGGATTAGAATCCTCGCCACAGCAGCGAGACACAGTCCGCCGGCTCTATCTCCGTGGTGCTCGTTACATGAATCTCGCGGCTGCTTACTTCTGCGGCTTCCTCGTCGCGATTCCCGGGCCGATTCTGGATGTCTGGATGGGCAAGCACTTCGCGGGCGCAGCTTACTTGGTGGTGATTTTTTCTATCTCCACTCAGGTGCACTTGATGACTGGCCCCGGCACCTCGATCTTGCGAGGAATCGGCCAAGTGAGAGAAGAGTTTCATTATGCGCTTCCGAATGTTGCCGCCTTGCTCGTCGCCATTCCCATCTCGAGACTTGTGCTGGGTCGATGGACAGCCCTTGGCATAGCGACAGCCGTCGCCGTCTCCACGCTGATATCCGCTATCTACTTCCTGGCGCACGCCAACCACATCTTGAAGGTCTCCGCCCTTGAGTACTGGAAGAACGTGGCTGGACCCGGCCTGGTTCCCTACCTGGTGGCTGCCCCGTTTATCCTGCCTGCGCACTTTGTGGTGACTCACAATGGGCGCTGGATCGCTGCAGCGTGGCTCGCCGGCATGGGCCTGATATACACGCTGGTTTTGCTCGCGGTCGTGGACACCCTGGTTTGGAGCCCCTCCGAACGCCAATGGTTCCATGGCATGGCGTCCGCGAGGTTGACCAAGATCTTACCGTTCAAGAGTCGTTTCGCGGAAAGCCACAACATCTGAAGACAGGAGGCCGGTCATTCGAGCAAATAACTTGTCAGATTATTTCGCTTGCACTTACATCATTAACTTACCCGAGCGCAAGGACCGGAGGAAGGCCATCCTCGGCGAATTACACCGAGTGGGCATGCCATTATCGCCTGGTAGGGTCGAGTTGTTTCCGGCGGTCAAGCCGAAGGAGCGGTTGGGCTTTCCTAACATAGGGGCG
CP030840.1_gap20	807528	810774	3246	CTCAAGGCGATCGCCACGGTCGAGGAGGGCGGCAAGTGCTTCAGCTCATTGTCGAAGAGGTTGGCAATCATGCGATGCAGCAGGCCGGAGTCTGCCCATATTTCGACCCGCTCCGCGCTGCGAAGTTGAATCCGGAGTCCTCGTTCGGACATGGACGGCTCATACAGGTCAACCATCGATCGCAGCAATTGGTCTAGGTCGATCGCGACGCGGTCGAGCCGCAGCGCGTCCGCCTTGGCTTCGGCGACATCAAGCGACTTGTTCAGAAAATCGGTCACCCTATCGAGTTCCTCGATCGCCGTTACCACGCTTTCCGCTTCTTCGCCCGCTCCTCCGGTAAGGGCCATCTCCAGTTTGGCCCGCACCGCAGTCAACGGGCTGCGAAGGTCGTGGGCGAGCGAGTCGGTGATGGTATGCAGTTGATGGACGGAGTTCTCGATGCGGTCCAGCATGGTGTTGAGCGTGGAAGCCAACTGGGCGATCTCATCCTTTCTGCGCGAGGTGGGCACTCGGCTTCTCAGATCGGATTCGCCAATTCGCGACGCTGCTTCGGTGATCCCGCGCACATGCCCCAGCATCCGGCGAGTCGTGTAGAAGACAATGGCCGCGCCAATCAGCACGATCGCCAGCCAGAGAAGAAGGAAGCGGAACCGCAGGCTCCTCAACAGCCGGCGCTCGTCTCTTTCCGACAAGCCAAGATAGATGCGGGTGCCGTCGCCTACTGCGACCGACGCCACCCGAAAAGGGATATCGAAGGCGTCGACGCGCAAGTCGGTCGGCGTGTCGGTCACTCGTCGGCCGTGCCGGATCGCGTCGAGATACGCGACGCCGTTCCCGGCCCCCACCCATAATGCTAGAGAGCCGTCAGCGCCCGTTTGGAGGAAAAAGACCGAATCGTTCTGTCCCTGACTGGAAAGAAGCCGGTTCGGAACCTCGCGGCTGGCGAGCTCGGCGACTTCCCCAACGACGCGTCCGTAGAGCGCGTCTTTGCGGGTTCGTGCGGCGACATCGCCGAGCACCTCCACTTCGCCCGAAAGCCAAGCGTCGCTGCGTCGCTGGATGTCCTTCGATACGAATCGATGAAGAAAGACAAAAACCACCATCGTGCCGCAGGCGAAGGCCAGCGTCGCCCAGAGCGATATGCGCCAAGCCGCGCTGCGCATGGTCGTCTTACCGATCTTTGAGAACATAACCCACTCCTCGCAGCGTTCGGATCAGCGGTCGACGCCCCTCGGCGTCCACCTTGCCGCGCAGCCGGTAGATATGCACATCGACCACATTGGTGTCCGGCTGGATGCGCATGCCCCACACTTGATCGAGGATCATCGAACGGGTGACGACTCGTCCCGCATTTCGGCACAGATACTCCAGCAGAACGAACTCCTGCGGAGTGAGGCTCAGAGTTTCGCCGCCCCGCGTGGCCTCGCGGCGAAGCAGGTCTAGTTCGAGATCGAGCACCCGCAGGCGGGTCGCCTCGGGAGGCGCGGAGGCCTTGCGCCTGAGCAGATTGCGCAGCCGCGCCAGCAGCTCTGCCATGGCGAAGGGCTTGGTGAGATAGTCCCCGCCGCCCTGTTCTAGCCCGTGCACCCGGTCGTCTACCGTCCGCCGCGCGGAGAGAATGAGCACCGGGGCATTCACTCCGAGTTGACGAAGCCGCAGAATCAAACTAATGCCGTCCTCGTCGGGCAGGCCAAGATCGATGATGAAGATGTCGTGGTGGCTTTCCGCTGCGAGTCGCTCCCCGGCCTTGCCGTTGCCGGCGACATCGACCTGATATCCGGCCTCGGTCAGAGAGCGCTTCAGAAATCCCTGGATTTCGATCTCGTCTTCCACCAACAGCAGACGCATGCGTCGATGGTACTGCATCTAGGCAAACGTTTCGCTTCCCGCCACCAATCGCCCCCATGAACAAATCGTCATCCCGAGCTTCGTCCCGAAGTGCTATCAAAAGAGTGAGGGTCTCGTCTCAACGAGTAGCCGTTGTATTGAGAATGCCAAGCCTGTCCTCTCAAGTTGTCGACCGTCGTCGTCTCTTCGTGGTTCAGCTGCTCCCAAAACACACGCGCGACATTTCTGAACCTGCTGAGGCTAACTGTGCATGACTACGGCTTACCTGAATCGCATCGCCACCGCCATACCCGAGCACGATATACATGAAGCCTTCGTCAGCTTCGCCGAGAGGATGCTGGCAGACCGGCGGCTGCAAACCATATTCCGCCGCATGGCGAGCCGGGCCGATATCTCACATCGTTATTCATTTCTCAATCCGCGGAGAGATTCGGACCGTCTGTCGGCGCACGACGCACATGGATTTTATCAGTCAGGCGGCTTTCCCAACACGGCTCGGCGGATGGAGATGTTTGAGCAGTGCGCTCCGGTGCTGATGAGGAAGGTTTTGGATCGGCTAGCGCTCACTGAAGAAGAACGCTCCGGCATCACGCATGTGCTGGTTACCTGTTGTACTGGACTCTATGCGCCGGGGCTAGACTTTGAAGTCCTTGATCATCTTGGTCTCTCAGCCGGCGTGGAGCGCACGATGATTGGATTCATGGGATGCTATGCCGCAATCAATACGCTCAAGCTGGCGCGGCACATCGTGCGCTCTGAGCCGAAGGCGGGTGTGCTCATGGTGAATCTGGAACTATGTACTGTGCACTTACAGGAGACGCAGGATCTGGAGCAGGTGCTCTCCTTCCTGGTCTTTGCCGATGGCGCAGCGGCGAGCCTCATTACCGCTCGTGAGCAGGGCTTCTCGCTGGACAGCTTTAAGGCGGTGATGGTGCCAAACACAAGGGAGCTGATTACTTGGAAGATCCGTGGATTGGGTTTCGACATGCTGCTCTCCGGGCAGGTGCCGGGTGAGCTGGGACGTGCGCTGCATGACGGCGAACTAATGGCCGAGCGGGATGGCATTAATCTCTGGGCGGTGCATCCTGGCGGGCGGTCGGTTCTGGATGCGGTGGAAAAGGGGTTGGAACTGCCAACGGATGCGCTGGCTGCGTCGCGCGAAGTGCTATCGTCCTTCGGCAACATGTCGTCGGCGACGGTAATGTTTGTGCTGGAGCGGATGATGCAGCAGGCAAAGCCGGGGCAGCATGGTTGTGCGATGGCATTTGGGCCGGGCCTAGCAGCGGAGACGATGAGATTCCATGTCGTCTAGCGCACAGCTCGACTTCAGTAGGCGGGTTTCTCCGCGTGAGTTACCGGAGTGGCTGGATGGCGACTGTAGTTATGAGGATTTCCGCG
CP030840.1_gap21	812726	817181	4455	AGTCCGCGTCGAGCGCGGCCGCAGTGTGCAGTCGCTCAAGCGGACGACAGGCAATCTCTGGCAGGCTATGCTCAGCGACGGAGCCACATTCGAAGCTCCAACCGCCTTTCTCGCCACGGGCAAGCACGACCTGCGCGGCCGCGGTCGTCCGAAGGACCCTCACCAATGGGTCGCCTTCAAGATGTATTACCGAATGTCTGCAGCCCAGACCGCTGAACTGGCAGACGCCTCCGAGTTGACACTCTATGCGGGAGGCTACGGTGGTATCCAACCGGTGGAAGACGGCATTACGAATTTCTGCTGTGTGGTGCAACGGCGGTATTTCGCATGTTCGGGTCTTCGCTGGAAAGGCCTTCTCGCGAAGATGCAGCAGGACTGCCCCCACCTCGCGATGCGGCTTGACGGAGCGGAGCCGCTGCTCGACAAACCGATCACCGTCACTCATATTCCGTACGGTTATCTCCGCCGCACGACCGAGGATGGACTCTACTGCATCGGCGATCAGGCAGCCGTAATCCCCTCGTTCACCGGCGATGGCATATCCATCGCACTGCAGTGAGTGTGACCGCGAGAGCTACGACTGCGAGGGATTTCACTGCATTTCTCTCCTGTAAGGTTCTGACTATCGAGAGTTGGTTCACGGCGTAGCTCGCTTTCAGTTGGCGAACGCCTGCGGAGCAACAGAGGCGCCCTGGGTCACGCGTGTGAGCCTGGCCGTTATGCGCATCGCGCCGGGCCAGACCCTGAGACAGAACGGCAGTACAGCGCGCGCGAGTGCGTTGCTTAAGCCATTGGCGGCGAGCTCGGCAAGGCGCATCTGGGGCAGCAGTGCGGAGCGCAGTTTCGGCTGAAAGACCGGTGCCGGCTCTGCGGCAAGATAGGCAGAGGCAGCACTGCGGGCAGGAGACTCGACCATTCAGGTGAACGGAGTGTTCACTCTGGTGGGTACGCCCCACGAGCTGACGATTCCGATGCAGATTCATGTACATGGATCGAAGGTAACGGCAAAGGCGCAATTCGTCGTTCCCTATGTGCAGTGGGGTCTAAGGAACCCAAGCTTCTTGATCTGGAAGGCTGAGAACGACGTGGCGATAGACCTAAGCCTCGTCGGCAATATCGCCAGTTAAGACCTCCGTTTGACTGGCTGGTCTGTTGCAGGCATGGCGGAGACGCGGAAGTAAGAGCAGGTTTGACCCAAAACCCCAAAAACCTAGGGCTGATGAAGATTCGCTGACGGGCCTACATCTGTGTAGATATGGGCGAGTTTCCCGCCACCGCAGAGAAGGCTTCCGGTCACCCTTCTCTTCCAGGTCTAAAAGTCGACATAGAGCTGTTCGAGATTACCGTCATGCTGATCCAGCGTCACCGTGATTCCGAAGTTTTCGGCAGTTCTAATGAGCAGCCCCAGACTCCGTAGTTGATATAGGGCAACACTTCGAATTCCACAGTGTATTCGCTTTTTCTTCGCTATATACTGATCTCATGTTTCAAGGGCCGAGTTCGTCCTTCCACGATTTTGTGATCACGTGCAAGCGGTGCAGCGAGAACCTGGCGGCGCGCATCCAGACGATGCCCGACGACTGGATCATCGAGACTTGCCCGTTTTGCCTTGAAACCCGGCGCTACCTCCCGCAAGAAATCTTTCGAGGGAGGATTTCCCACAAATATGCTGCACTCCGAGTGCGCCGTGGGCCTTGAGGTGGGAGGCTACAACGAACGCCCCGACTGGCCGAAGCTCGGCCCATCACTCCTGGTTGCCGCTTCAATGATTCTCGCGATCCGGACAGCGAAATGGGCAGCCCGGCACGATGAACGCCTCAGCAATCTGGATCTGGCTGTCGAGATTGACTATGCCGTCAGCATGGCGGGTGCCGTACTTTCAAAGCTGATGGCGAAGAATGACGCAATATTCCCGCAGAGGAAGGAGCCTTGGTATCAGGCGACGGATGAGGATACCCCGAAGTAACGGTAAGCTCGCTGGATTTAGCTGACTTATCCAAGCCTAAAAAACACCGTTTAGTTGGCTTTTTTACAGGATGTATGTTGTCGACGATACGCCGCCCAACGATCCTACAACGGTTAAGTGAGTCACTGAGTGGAAGACGATTCAGTCTTTCAGGAAACGCTTTGAACACGAACAAACATCTAGCTATACCTCATGTTTGCTGGTAGCCTTCAAGGGGAAATAAGTTGGTATGCGAATGAGTAACCAGGCCGATTACCCAGGGAGAAGAAAGTACCTAAACGCTCAGCTGCTACACAGGTTCCTCGTCTGGATGGAGGAGCGAGCCGCAGAACGGGTGAGGATTCGCCGTGCCAATTGCCCCTGGTGACTGCCAAGTCCAGGCGCTCTCGAACCGCAAAGCCTGTTCGAGTCGCAGATCTTCGCGACCGCCGTCAGCCAGAGCCGGCGCCCACGTTCCTTGACCTCTCAAAAAGGCTCCTTAATTGAGAGAATTGATCAACATACACGATCGGATGCTTCAGCCGATCGCCGATCCTCGGGTGGGATGCATTCCAAGCTATAGAAGCAATGACGCCGCCAAATTGGAAATGATGACAAGTGGCGCGAACTAAGCTTGTCGATTGACTTTGTCTAAGCCGGTGACAGGTAATAGAGCGAGCGTTTATCGAGTGTATACACGCGCAAAGACCTTATTTCTATAACAGGTAGTCCGGCTTCGTGCGATCCACAACCTCCCCACGAAGGACTCGCATGCTGCTCGCGCAGTTTGGGCTTCGTCAATCTGCGGGTAATGTCTCGATAGACAATGCAACCGAACTTACAAAGGATCATGGTTTCGAATGGCGCGGCGATAGAGATGACGGATCCTCGAGAATATGCCCGTGCCGGGGTGCAGGAAGCTCACGCTGCCGGGTACGATCACGGAGATATCGGTACCGGATTCAGCGGAACTAAGAATTGTCAGTCTTCCCTGAATGCGGGCAGCGCGCTCGCGCATGCCTTGCAGGCCATGGTGCCCCTCTCTTCCGCTCATGGCATAGCTTGGATCGATGCCGACCCCGTTGTCCCGCACATGAAGTGTAAGATCATGGCCATAGGTGAGTCCGATTTCCAGGTAGCTCCCGTGGGAATGCGCTTTTGCATTCAGAATCGCTTCGTGTCCGATTCGATATAGTTCGTCGCGAACGATCGGATGCAGCTCTTGCGCATCGCCAATGACCGAAGCCGAGATGGTCATCCCCTCAGGGACCACTCCACTTTCCGCGACCTGCCGCAACGCCGGCCCAAGCTCGTTCTTCAATGTCGTCGAGGACCGCAGCGAGTTCAGTGCCGCACGGCCCTCCGTAATCGCCTGCTCCAGCCAACCGGAGACCTGCCTCAATGCACGGTGCATTTTCTCCGTGTTCAAGGGTTCCTCAAGGCCGTCGTCGACTACGAATTTGCTGCCTTGAATCGTCTGAAGGAAGGTGTCGTGCAACTCGCGCGCCATGCGTGTACGCTCCGCGAGCCGTTCATCGAAGCGCACGCCGATGGCCATAGAGACCTGCCACACGCGAATGCGGTGCAGAATCCACCCGATGAGCATGACGAAGGCGAAGCAGAAGATCCGAAACCACGCCATCTGATACCACATCGGCGCAATGCTGAAGTCCAGAATTGCGCCCTCTTCATTCCACACTCCATCGTTGTTGCAGGCAATTATGCGGAACTGGTAGGTGCCCGGAGGCAGATCACTGTAAAACGCTTGGCGCCTTGTCATAGGATCCTGCCAGTCCCTGTCGCGACCCTCCAGTTTGTAGCGGAAGCGGACCTTCCCCGGGACCACAAAGCTAAGCGCCGTGTAGTCGATTTCAAGATCGCGAGTGAGCGCGGGGAGGCGGACCTGATCGGTCGGCGAATAGTTCTTTCTGTCCGCTACGATCTGCTCGATATGGACTGGCGGCGGGAGACTGTTTGTCTCCAGATGACTGGGATCGATCATCTGCACGACATTTTCATTGGCAAACCACAAGCGTCCGTCGGGAGATCGAGAGCCATGGGGTTGAAAAGCTGCAGACCACGGCCTAGCGCCGTCGAACATGTCGAAGGTCTCTGCCTTTACACTCGCCTTGGCGCCATTCCACCATTCCCTCAGTTCCGTATCTGCAACCCTAACCAGGCCACACTGGGCGTAAAGCCAAAGAGCATTATTGTTATCCGCAACCAAGCCGTACAGACTGTTGCAAGGAAGACCATTCTGGTTGGTGAGCGTCCGCAGCCTTCCATCCTTCCACTCAATAAGTCCAGACGAGGTCGCGCCCAGCACGGATCCATCAGCCCGAATAAGCATCTCACGCACCTGGGATCCAGCTGCGCTCCCGGGGGAAAAGGTCTCAAGCCGCCCCTGGCGATATCGAGCCAAGTTGCCGTCAACGAGGCCTAGCCAGATACCACCTTTAGGATCGGCGGCGAGCGAAGTTGCGGCTGGCATTCCGGGCGCAGGAAGTTCT
CP030840.1_gap22	822076	825709	3633	CTAAGGCTAGAGGGGTTGTTGGGGTCATGGCGATAGGTTTTGACGAGACCCGATACCGGGTTAAGTGTGAAGAGGCCGTTAGTGGTAGCGAGCCAAAACGCACCGTCGCTGTCTTGGCTAATGTGCTTGATGGTGAGTTGCTCGTGCCTTGCCTGAGAACTCTGGATCTGGTAATGGGAAAACGTCTCAGTAAACGGATCATATTTATCAAGGAACTGATTGCACCCGACCCATATAGAGCCGGACTTGTCCTTGAACAAAGCAGTGATATACACCCCACTCAGGCTTTTCGGATCTGCTGAGTCATGGAGGAAGACCTTGACTTTGTAACCGTCGTACCGATTGAGTCCGTATTGTGTGCCGAACCACATGAATCCCTGGTTATCTTGCACTATTTGGGACACCCTGACCTGAGAAAGCGCGTCACCTGTTGCCGCACGGTAAAAGCGGATATCCGATCCAGTCATCACGGGTGGCCGAACAGGCAAAGTCTGAGTAATCTGCGTACCTGAAATCAGATGAGTAGCTTGAGCTCCTAGGTCGTGCGTCTCGGCAATTGCAGGCATGCCCAAGACCAGCCAAGCGCAGACACCCCAAAAGCTGTTCAAGCGAAAGCGCCAGCGTGACTGAGTCCTCAACTCTGACACCGATTTAGCGAATGAGTCTCCGCAACCAACCTGCTGGTCAGGGCAGGTGTTCATACCACCACACGGCATTCTCGCCAGAACGGCGTCCGAGAGCATTTGTGCCGGCATGGAAGCGTGTTTGGTCTGCAGAGTAGCTCTCCCTCACCGACGGTGTCCTGCCGGCACAATGACTTGACGTCTGCCGTACAACCGGGCATCCGCGGAATAAGCACCCAGACCTAACACCCCCAGTGCACTCATCACGGTTAGTACAAAACACCAGTTGATTGTGTCACAGACTCACAAAAGGCGAGCTCCACGTTACCCTGCCTCGACCGGGGCGGCGTACATCGAGGCAGTAGGCGTCCCTCAGCCGATCAACCGTCACATAGTGGAGCAAAGCGGTAAACCGTTCCTTCTTTCTCAGCTGCGCTGCTTCTCGTACACGATCAAGCCCCGGGACACGTTTTTCCGGCTCTGTGTCCGGCGCATGTGCGGCTCTCCCGTGTTTCCCTCGGCCCTCTCCCTTCGCTCCACCGTCTCCGCCACCGGTTGCCCGGATTTGTTCGCCAGCTTCATCGCTACTATGGAAAGGTCTGACTCCTCCGACCCGTGCCCTTGTCGGCTTCGACTCCTCGTCTTCCCGATGCGGACCGCTCGGCAAGGGGCTAAACGGTTTATAGGGTGGGAGAAGCCGGAGGTCATCAACACGGACAAGGCACGCCGACCTACGCGATCGCAATTTCTGAGTTGAAGGCCGAAGGCAAATGTGGAGGGAGAAACATGGCGCAGGCTCAAGGTCACCGTTCCTGACAATGTAAAGAGTCACACCCAAGAGCAGATCTCCTGCTTCGGCCCTGACGGATTGCTTCGGCGGCATGATTACACCGTTGACATTCTGGGTGGAGCAACCGGCCTCAACTATGCCTCCGAATACCGAGACATGGATGGCATTATCATTCCCACGAAGCGACGGATCTATGCATATGAGGGTGACTACAAGCCCGTGATGGATCCGCTTTTGGTGAAGATCGATATGGGCGAAATCAAGGTTTCGTAGTCCCTAATTGCTCCAACCCCAGCCCTTTGCTTGATTACGGCCTTAAGGAACGCAGACGGGAAAATCTGATGAATCACGACCCCCTATTCGCTCCATTGCAACTCGGTACCATCCAAATGCCAAATCGGATCATCATGGCGCCCTTGACTAGAATGAGGGGCGGCGCCGGGAACGTTCCGACGGCACTCAACGCAAAATGCTACGAACAGCCTGCGTCGGCCGGTCTCATAATCGCCGGGGGCACAGCTGTAAGTCATCAAGGACAGGGCTATCCAGGCGCACCTGGGATTTATACGGAGGATCAAATCAACGGATGGCGCCCGGGAACGGACGCGGTTCACTCCAAAGTCGGGGAGTGAAACCCTCAACTCCCTGAAGTCGGGCCTGCATCTGTTCCGCAGCGACAAAGATGAAGGTCTCGTCATCGTGCGGTTGGATGCGTGTCATTTGCTGTTGCTACTATCAAGACACCGGGCCGCTTGAGGTTCGCCATGCGGATTGCAACAGTTGCGGGCGCTGAACGGAGATAAAGAATTCGTCATTTCGCCCAGCGCCAAACTTTCACCGTAGATCTGCGGACAAGCGGCGTAAGCTTCGATCTAGGTGATTACGGCCACGCTGTCCACGGGGACTTCCGAGGTCGAAAAAGAAGCGATCGACTTCGGCCGCATTGCGCCCAAAATGAGCGGCTCCTTCATCATAGCGTCGGCCGCCGTAGACAACGCAGCTATCACACTTTCCAGGAAACATGCCTATGTACAACGCGTTCAGCAGGCCGAAACGGGCTATTATCCCCTCGCTGCTCTTGCTGGGCGCTTTTTCATTCACGCTGCGCGCCCAGCAGGCGGGCAGCGCTCCACCAGGAGATGAAGCTGGACTGCCCGACGCTCCAGGCATCGAAGACGGGCAGAACGGTTTCAGCGCCCAAGTGCCTCCGCGACAGGCCGCTGGCACCCTCTATGGCACAGTCTTAGACAAGACGGGGGCAGTCGTGCCAGGCGCGCATGTGTTGCTTGCGGGACCGGGCGGCGATCGCGAGGCCCTCTCTGGGAGCGACGGATCGTTCCTGTTCGCTGGCCTGCCTGAAGGCAAGTTTCGGGTCACGATAACTTCCAACGGCCTGGGTGCCTATGCGTCGCCCGAGATCACTCTCGCCACTGGGGAAAATCGGGAAGCCCCCGAGATCATCCTGCCTATCGCGCCAACGAACATTGACATCCGGGTGGTTTTGTGACGCAGCAGGAGTTGGCCACGGAACAGGTCGAGGCGGCCGAGCAGCAGCGGCTATTCGGCGTTTTGCCGAACTTCTATAGCAGCTATGTCTGGGACGCGGCACCGCTGACTACCAAACTGAAATTCAACCTTGCGCTTCGCTCGGCCACCGATCCTGTAACCATTCTTTCTAGCGGTTTTCTGGCAGGTGTGCAGCAAGCCGGCAACACCTTCCCGGGATACGGCCAGGAGTCTGGCGGCTACCTGCAGCGGTTTGGCGCGGCATATGGCGACGACGTGATCTCCAGAATGCTTGGCAGCGCCATCTTGCCATCGATGCTGCGGCAGGACCCCAGATATTTCTACAAAGGGTCGGGAACAAAGCGCTCTCGCATTCTCTATGCCATCGCGGCGACAGTGGTCTGCAAAGGCGACAACGGTCACTGGCAGCCGAACTACTCTTATCTCGGGGGAAGCCTTGCCGCTGGCGGCATCGCCAATCTCTACCACCCCGGCGGGGACCGAGGGACATCACTGACGTTCCGCAACTTCACCATTGACACCGGCGGTCACGCGCTCAACAATCTCATGCGCGAGTTCGTTTTTAAGAAACTCACTACGAAAGTGCCAGCTTACTCGCAGGGCAAGCCCTAGGGTCGACAGGCTAACCTCTCCAGGCTTCGTAGGAGGACAAACAGATGCAATCCACCCATCCAACGACGCTCTCGAACAGCA
CP030840.1_gap23	885329	886053	724	GTTCCGCAAGCCACTTTCCTTGTTCATCGCTTAGGCAGCGACCATGCCGAAGGGATTACCACCATCGATATGAACGGCGACGGCCGTCCAGATCTGCTTAGCGGTTCATACTGGTACGAAAACCCCGGACCCATTGGGGGCGAATGGAAGCGTCATCAATACCGCACCGTAGAGATCGTCGGCGAGTTCGTCTCCGACTGCGGCGAATGGACAGTCGACGTCAACAAAGACGGTGCGCCCGACGTCGTCACTACGGGATGGATGACCAACGGCGTCTACTGGTACGAGAATCCGAAGAAGCCCGATGTCATGTGGCAGCGCCACAAAATCGCCGATAGCATCGACACTGAGGGCGGCGCCTTCGCCGACATCAACGGTGACGGCAAGCCTGACCTCGCCCTTGGACACTACAACCACTCCGGCATCCTCTGGATCGACTTTTCCGGCCCCGAGCCCAGGGTCCATCACCTCGGCGACGAACATCAGGATGGCCACGGCATCGGCATCGCCGATATCGACGGCGACGGCAAGGCCGATGTTCTCACCCCCTTCGGATGGTTCAAAAACATTGACGCCAACCACGATAAGTGGGAGTGGCATAGCGACTGGGACCTTGCGGACGCTGGCTTTCCCATCATCGGCTACGACGTCAACAACGATGGCCGGCTCGATCTCATCTACGGCCAGGGCCATGGGTACGGTTTGTATTGGCTCGAGCAGCAGG
CP030840.1_gap24	966438	969710	3272	ATCACGCCGGAGATATCGTTCGAACTTGTCTCGGAAGCTGTTCTCTCGCAGCCTCACAGCCACAGTGGCGGCCATCCAGAAGGCGCAGCGAAGCCGTGCGTTGCCGTATTTCGACAGCTTGGTCGCTCCTCGAAACTGGCCCGACTGCTGAGTCGAGAGATCGAGGCCACAGAACTTGAGGAACTGACGATGGTGATTGAAGCGGCGCAGGTCGCCGGCTTCGGCCAGGATCGTGAGCGCCAGGATAGGGCCGATGCCTGGCATCTGCTGGAGACGCCTGAAGTCGACGTTTTCCTTCAGGTGAAGCGCAGCTCGTTGTTCCAGTTGATCGCGGAGCTGGCAGAGTCGGATCATCTCGCCGAGTACGACGCGGAACATCGCAACGGCCTCTGAGTCCTCAGCAACGGGGATCCCGATGGAGGACTGGGCCGTGCGGTAAATATCCTCTAGCAGCCGCTGTTTACTTACCTTGCGTCCGACGACCGTCCACGCTTGCTGAACGAAGTCTTCCATCGAGAGGCGTGCAATCAGGGCAGGCGTGGGGAAGACCTGAAGGAACGCGAGAAGCCACTCAGAACGCGTGGCATGATAATACCGCTCTATCTCCGGAAAGTAGAGCGGCAGGTAATGGGTCAAGAGCCGATGCTGGGTCCGGGTCTTCTCAAGAGAGATCTGCGCATAGGTGAGCGACAGCTCCTGAAAGTCATGGATCTGGTTCACGAGCGGGTCATGGTAGTGCTGAGTCACGCCGGTCTTGAGCAGATGGAGCAGGACCTGGGCGTCCTTCGGATCGTTCTTGTCCCAGGAGTTATGCATGGCTTCGCGGGTTCGCGCCACAGCGAGGGACGCGATCAGCTCCAGATGGAAACCCTCGGCCTGCAGAAAGTGCGCCAGCGGCCTATGGTAGTTCCCAGTGGCCTCGAAGACGATGCGCACCGGGTGCTTCAAGCCATGAAGAAAGTCGGCAAACAGTCGGAACTCGACTGCGGTGTTGGGCAGGATCAGGCGCTTGCGGCTCTTCCATCCCGGAGCTTCGATCAGGACATCGTGACGGAGCTTGGCAATATCGATCGCTACCAGAACGGTGGACGGTTGAGTAGGCTGGACAAGGGACATGGTTGGTTCTCTCCTAAAAGTGAAAGTAGGCATACGTTCAGCTTAGGAGACCTACGGCCAGCCATGGCCCAGGAAGTCGGATCTCGGTCGCTACGCTCCCCAAACCTGACTTCCTGCCTTCCTCAACCTCTTCCTTCCAAGTGCTTCGTGTGGTGCTACGGGCTTAACCTCGCGGTGGAAGCTGGAGCAAAGGTCATCGCCACAACTCGGAGTCGAGACCGCTTTAAGAAGCTGGAGGATCTTGGTGTCTATCGCGCAGAGTTGGAGGGTCCGGAACTCTCAACACGCATCGCCGAAGCTAAACACATTGACGCAGTTCTTGACCTGGTTGGTAACAGCGTCATTCTCGATTCGCTTCGCATTCTGCGTCGCGGAGGCCGAGCCTGTCTTGCCGGATGGCTCGGGGGCTGGCTCCCATCAAGGAATTCAACCCGCTGCTACAGATGGCCAGTGGTGTCTATCTGACGTTCTTCGGTTCGTTTGTCTTTGGGACGCCGGGATTTCCTCTCTCCGATGTTCCCCTACAGGAAATTGCGAAGAAGGTGGAGCAAGGCAAGTTTATGGAGCGAACTCCGGAGGATCTGAAGCTGGCTTTAGCCTGTGAACTGGGCGATGAAAGCACGTTTCAGGCTTACTTGGCCCGGAATCCGGACGCAGCCAAAACTCTCTCGGACGAGGAGCGGCGAAAGCTACAGGCAGCCGCACAGAGCAACAATACAACGGCGGTACGACTGATGTTGGAGGCTGGCGGGCCAGTCAATACCCCGGGCGAGATGGGAGCCACAGCGCTCCACTGGGCCGGCTTCAACGGCAATGCTGAAATGACCCGAAACATATTGCGCTTTCAGCCGGATCTTGAAACAAAATCGGGTGAGTATTCGGGGACTGCGCTGTCATGGGCTCTCTACGCTTCTGGAAATGGCTGGCATCGTAGCACAGGAGATTTTGTGGGAACAGTGTGCGCGCTTCTGGACGCCGGAGCTGCTCTACCGCCGGACCCCGAAGGCACTCGAACCCAGCGATGCCGTTCTGGAGGTGCTGCCATGAATTCAGCCAGGCGCCCGATCGGGGTTCTGTTCCTCTCCTGCCTCTACATTGCTGTGGGAGCCATTGGATTTGTCGTCAACGTTCCCAAACTGATAGCAATGCAACACGAGAGCATATGGATCGAACTCACCGAGTTGTTAACTCTTATTGCAGGAGCCTTCATGTTCCGTGGCCGGAACTGGGCACGCTGGCTTGCGCTCATCTGGATGGCATTTCACGTGGGAATCAGCTTTCCAGTAGTACGTCAGGTCGTCACCCACTCGGTCATCTTCGCCTTGATTGCCTGGGTTCTCTTTCGTCCTGACGCACGGCGATACTTCATACCCCTGAAACCTGACTACGAATAGCGGATGGTCGCCCCGGTTCGTTCTATTTGAAGCGTAATCGCCAAAGCGCGTGTCGAGGGAGGCCGGCGTGGAAACGTGCATAGGCCTGTTCTCGCGACTTGAGAAATCCTGGGCGGATTGCTTCCGAGAAGCCGACTCGAGTGCGGTGGCGATAACGCAACAATTGAGGAACCGAAACACGGATGAATACTTCATCCAATTAGCAGAGATTCTGCCTTTGCGACCGGGCAAGGCGCCTATATGCGGACGGCGATATTTGTCGGCAGTGCCGGAACACTTTGGCGAGGTGGGCCTGATCTGCGAAGCCGCAGCGCAATGCAACGTCTGTCAGAGCGATGTCCGTTTCCGACAAATGCCTTGCCGCGGTCTCAACCCTTAGCTCGCGCAGATAATCACCTGGTGTCACTTTGAAGAAGTTGCGAAACTCTCTTGAAAGTTGGGATGGATGCACGCCCACGTCGCGTGCAATCTGATTCATTTCGAGCGACTCGCATGCGCAATCGTGCAGCAAATCTCTTGCCCGGGCAAGCCAAAGAGGTGGCGTTCTGTGTTGAACGGTGCGCGTGCGGTAGGCAAAAGCTGAGGCGTTCAGAAGGATTCCCTCAAAAACTAGACCGGACATTTCGTCGATGTAACACAATTCGCACATCAGCCGTGCGCCCAGAGCCTGGGCATCTTGAGGCTCAGCAGGACGTGGTCATCCACCGCTAAATCAGTCCGAACCATCCGATGCAGAAAGGATGCACTGAATTCCACAGCAAG
CP030840.1_gap25	997692	998679	987	TGCCCTTAATCCCCAACAAATCGGCCAGGTGGTCGAGGTAGGCGGGATCGAGCGGATCTGGCCTGCCGGCTATCTCATAGCCGATTTCAATGTTTCCTCTGCCGGTTAAAGTGGGAAGCAAGTTGAATTTTTGAAAGACGAATCCGATGCGGGACTTCCTCATGCGGGTCCGTTCGGCATCACCGAGCGTCGCAAAATCAACGCCGTCAATAATCAGCTTACCCGCGGTTGCGCGTGCCAAACCACCGAGAATGTAAAACAGCGTCGACTTACCGCTTCCCGAGGGCCCAACCACGCTCACGAACTCCCCACGCTCGATTGAAAAAGTCGCATTGCGCAGCGCGGGGACCTCGATCTTGCCTGACCGATAGGTTTTGCTGAGGTGTTCGGCGATGATAATAGGCTGCACACTCAAGATTGTAAATGCCCCGGGTGAGGTTGCGGCTGTCGGCTTTTCAGGACCATGCATGCCTTCGCTCTAGTCGCGGGCTTTGGTCAAGAGGCGTACGCCGGCATCTCGTGCCTGGCCGATTGATCACGGTGGTCCGGTGAGTTCAAAGATCCGGCAGGCACGAAGTGCGACTTCTTGGGTCCCCGCTTTCTGGCCAGCATCAGTCGTACCCGGTCCAGCACCTCTAGAGGCGAGCAAGCTCCTTTAGGAAGAAAGCAATCGGCATAGGTCGAGCGCTCATATGCCTTCACGCAGCCACTCATGAGCATGATCGGAACCTGGGGAGAGATGTCTTTCATGCGGCGGGCAAGTTCATTCCCGTCCATCCGCGGCATATTCAAATCGCACAGAACGAGATCAATTCCCCCCAGGCGGAAGAGTTCCAGGGCCTCTTCAGGCACAAGCGACGCAAGTACACGATAGCCGCGGGTTTCTAGCATAAATTTTCTTACCGACAGGGCCTGTTCGTTGTCATCGACGCAAAGGATCACTTTCTTGGGGCGCATAACTTCCTGACTGCTCCGGCGGGGACGCGG
CP030840.1_gap26	1011501	1014225	2724	CCCGTTCTCTTCAAAGATCGGCGTATTCTGCACCGCATCTTCGTACGGTCCGGGAGTTCCATAGATATCGCGAGGATTCGCGTTCCAAGGCGTCGGAGGATAAGGATGATAGTTGGCGATCTTTCCGTCCCGAATCACCATGTGATGAGAAAGGACCCCTCTCACCGCTTCATGGAAGCCGCAGCCAATCGCCTCTTCGGGAACCTTGAAGTCTGTCCACGTTTTAGTGTGGCCGCCATGCAGCTCCGCGAGCGCCTTCTCGACGAAGTAGAGCGCCGTGGCCGCGGCGTAGGCCTGGAAGTAAGTGCGGGCCCGATCGCGTTCGATGGCATTGCTCCACTGGGGAATCTTCCACTCGAATTCCGTCTCCGGCTTCATCGCGGTCTTCGGAAGATTGATCTTCACGCTATGGCCGGTCGCCTTAACATATCCGATGTCGACAATCTCCGACAGCGCTGTCGACCAGAGGCGTGCAATCGGACCGCCTCCAGTGTCGAGCGCGAGATGGTCGCCGGTGCGCTTGTCGAGCCAGCGCGGCGACATGACCCAGGTGTAATTTCCCTTGAAATCACGCTTCTGAGGACGAGGTATAGTGGTCTGATTCCAAGGGTGGTTCTTGTCGATGGGATTGCCCAGCGGGTCTTTTGAAACGAAGGTCTCCGCGCCTTGCCAATCGTCATAAAACGAGCTGCCGAGCAGAATCCGCATATTCAGGTTGATGTCGATCAGGTCGTTGGTGACCAGCTGCCCGTCTACCACAACGCCCGGCGTGACGAACATCTTCCGGCCCCAGTCACCCATGTTCTTGTAGGTGTAGTCACAATACTCGGGATCGTTGTAAGAGCCCCAGCAGCCAAGCAGAATACGACGTTGTCCCACCTTCTCGTAACCGGGCAGCGCCTCGTAGAAGAAATTGAAAAGATCGTCATGCAACGGCACTACCTTCTTCATGAACTCGACATATTTCATTAACCGGACTAGATAGTCGGTAAACAGCTGGACAGTCGGAACCGTGCCGACGCCGCCCGGGTAGAGAGTTGATGGATGAACATGCCGTCCTTCCATCAGGCAGAACATCTCCCTCATCAGCCGGCTCATCTGCAGCGTCTCACGATAGAACTCGCCGGTGAACGGGTTCAACGCCGTCATGATTTCGGAAATCTTCCGGAATCCGTGCTTGTCCGCATTGGGTGCGTCGGTGTGCTGCGCCTTATCCCACACGCCGGGGTTAGTTTCCTTCACCATCGTCTCGCAGAAGTCCACGCCGACCAGGTTGTCTTGATAGATGTTGTGGTCGAACATATATTCGGCGGCTTCGCCTAGGTTGATGATCCATTCGGCAATCGGCGGAGGCTTGATGCCGAAGGCCATGTTCTGCGCGTACACTGCACACGTCGCGTGATTGTCGCCGCAAATACCGCAGATCCGGCTGGTGATGAAGTGGGCGTCACGCGGATCCTTTCCCTTCATGAAGATGCTGTAGCCGCGAAAGATCGAGGAGGTGCTGTAGCACTCCGCAACCTCGCGATTTTCAAAATCGATCTTCGTGAAGATGCCAAGACTCCCGACGATGCGAGTGATCGGGTCCCAATTCATTTCGACCAGGTTGCGCTTCTTGCTAGGATTTTCCGGAAGAGTCTCGAGTACGGTAGCCATTGCGTTAGCGTCCCTTCTATTTCGAAGCTTTGCGTGTGCTGTTGACCGAAGCGCAGTAGTTCAGAAAACTCGTGTTCGACAAGGTCGACCTTAGTACGTGTTAGGACGATAGCCGGTGGTGAGTTCCGTCCTTGGATGTCGCCACTTCGGTTCCTTGTTGACGGTCGCATTGGTGATGCTGCGCAGCGAACGAATCATATGCCCGTAGACGGCAATGGTTTTAGTCGAGAGTTTTGCGCCTGGTGGCTCATCCATGAACGGCATGAACTTATCCGGAAAGCCGGGCATGGTGCATCCAATACAGATACCTCCGACATTTGGACAGCCTCCAATGCCGCGCATCCATCCCCGCTTAGTGACATTGCAGTCGACCACCGGCCCCCAGCAACCCAGCTTGACCAGGCATTTCGAGCTGCCATACTCTTCAGCGAACTCGCCCTGCTCGTAGTACGACCCGCGGTCGCATCCTTCATGCACCGTCTTGCCAAACAGCCAGGTTGGCCGCAGCTGTTTGTCGAGCGGGATCATCGGGGCCATCCCTGCCACCTGGTAGAGCAGATAGAGGACCGTCTCCATGAAGTTATCCGGCTGGACCGGGCAGCCCGGCACATTCACAATAGGAAGCCCTGCCTTGGACCGCCAATTCCAGCCTAGATAATCGGCCAGCCCCATGCACCCTGTGGGATTGCCCTCCATGGCATGAATTCCGCCATAGGTCGCGCAGGTTCCAATCGCTACGACGGCCAATGCTTTCGGGGAAAGGCGATCGATCCATTCGCAGGTCGTGATCGGCTGGCCGGTATCCGGATTGGTACCGACGGCCGCCCAGTAGCCTTCCTTCTTAATCTTTTCGTTCGGAATCGAGCCCTCTACCACCAGCACGAATGGATCAAGCTCGCCCTTCTCCGCCTGGTAATAGAACTTCATGAACTCGTCGCCGTTTTCATAAGCCAGCACGGGATTATGCAGATGGACCTTGGGCAGCCCGGGAATTGCCCCAAGCAGCACGTCTTCGATGCTCGGCTGCTCGGCCGCGGTGATCGAAACGCTATCTCCGTCACAGCCTAG
CP030840.1_gap27	1031561	1035127	3566	CCGTGGCCATCGCGCAGGAGTTTGGCGCCCGCGTCTTTGTCGAGCCCTGGCGCGGCTATGGGCCGGGGGTGAATTCGGCGATCGATAAATGCACCGGCGACTGGATTTTCACGCTCGACGCGGACGAGGTCGCGACTCCGGAACTGAGCGCGGAGATCCAGACGCTGTTAAATCACTCCGGAAATGGAGTGGTGTCCCAGCCAATCAGGACGGCTGACCAGTCGTCGAGGCTTCGGCACTCAGAACCCCAGTACGACGCCTACTGGATTCCCCGGCTCAATCTCATCCTGGGACGATGGATGTGGCATGGCGGCGTCTATCCTGACCCCAAGCTGCGCCTCTTTCGCCGTGGGACGGCGCGGCTGCGGGAAGATACCGAGCCCCATGCGACTCCGAAATGGGATGGACCCGCAGGTCGGCTCAAGTCTCACATGCTGCACTACGCCTATCCGAACCTCGCCATGTATCTCGAGCATATGGATCGCTACAGCACGGCCAGCGTCCCGCTCATGCTTCGAAGAGGCAAGACCAGTCAGAGCCTTCCCGAGTTCGTGCTGAACATGTTCTTAAATCCGCTGGCAACGTTTCTCTACAACTACGTCTTTCGCCTCGGTTTCCTGGATGGACGTGAGGGATTTCTCTTCCACTTGAACCACTCGGTTTATGTGAACTGGAAATATGTAAAAGCGTGGCAAGCAGCGAAACAAATCGCCATAGATGCTGCTGAACCATCCAGCACAATTCAAGGTTGACTTGCTTGAAAGGACCTAGCTGGCTTGATGCTCGAGGCGAGCGCCTCGAGAGCGTCTGCTGCCGCATGGACGCCATTTTCCTTCTGCAATTGAAGACCGAGGGCGGCGGCGCGTTCACGGTACTTGGGTTCGGCGAGCATGTCGCGAATGAGATTCGCCGCTGCCTCGGCCTGGTACCGGTGACGCTGGATGACCTTGGCAACTCCGAGGCGGCGAACGCGGCGGGCATTGTCCGGTTGGTCGTGGCTGTAGGGCATAAGCAGCATCGGCTTGCCGGCGCGGAGGGCCTGGGCGGTGGTGCCGACCCCACCCTGGTGGATGATCAGCGAGGCGCGTGGAAAGAGCCGGGAATAGGGAGCATATTGCGTAACGCAGATGCTATCGGGAACTTTATGGTGTGGCAGATTGCGGGCATCGTTCCCCACCAGCAGGACCGCACGCTGATTGAGCTTTTCGGCGGCGAGAGCGCTTTGCTCGTAGAAATCTCCCGCGTCGAGCACCGCCGCCGATCCAAGGGTGAAAACCAGCGGTGGTGGACCGGCCTGGAGGAATGCTTCAAGTTCCGGAGCGAGGTCCACTTTGCCGGCGTCCCCATCGTAGTAGACAAATCCGCAGGTGCGAGTACAGGAGGGCCAATCAGGTTGAGGCTCTCCGAGTACCGATGAGAAGAGCGCGAGTACGAGCTGCGAGGAAAACTTGGCATCGAAGATGGGATCGCTGCCTGGAGACAGGCCAAGTTGCTCGCGCAGTTCATAGACCGGTTCTGACCACTCCCGTGTCACATATCGTGCAAACCGCGCGATGAGGTGGCCCATTCCAGGCACGAGCGCCTGCATCTTCGCAAGGGTAGGGTACGGCGGCAGCACTGGCGGGTCGTAGGCGGAGAAGAAAGAAAATGGAGCCAGCACATAACTGGCCCAGGGAATTCGGGTCATCTCGGCAACGATTGGGCCTGCGTAGGCAAGCTCGCCGCTAACCAGCAGGTCTGCGCCGCCATCGGCCATAACGGCAGCCATCAGGTCTTCATAGCTTTGCCGGATCGCCGGGAAGAGGAACTCACGCAGGCCGCGCTCGGTTCCCTTCTTGATGTCGTAGATCATAGCGACAAGGCGGCTATCGTGCGGATCCTGATCGGGACGGATTCGGTGGAAGCCGATGCCCAGCGGCTCGATCTTCGAGCGAAACATCTCGGGCACGGCCAGCACCGGATCATGCCCGCGGGAGCGCATCTCTAGGGCCAGCGCAATCAGCGGATTCACATCGCCGAAGGTGCCAAAAGTGGTGAAAACAATCCGCATCCGGGTGGTGGAGTCTCCACTATGACGGTAGCGTATGGCTCCATCGACGCAAAGCTTGTTGATCGAATGTTCACATTCGATCGTTGGTCGTTTCGGCTCACTTCCATGCGATCAGTTTAGGCATGGGAGCTTCTCCCGGGCGAGTCGCACCCGCCTCGAGATGCACGCAAGCGCTTGGCGATCTTCAATCGCCGCAGTTCTAGCGGGCAGAAACAAAGAAGTCAGCGATCTGTGACGTAGAGTCACGAGCCAGGCAGGACCTTCGTCGTTCGGAGCCTGCAACCACACGAGCGACGAATCACCAGTTGTACGGGAAGCATGATCTCCTTGCCGCGCTCCGGCGGTCTTGGCAGCAGGAGATTCTCGAAGAGAGCATTGGCCGCAACCCTGCCTACGTCATAGGAGGGCTGCCGGACGACGGTCAGTGTCGGATGCAGGATCTCTGCCAGTTCGAAATCGTCGAAGCCGGCAATCGCAACGTCGCCCGGAATCGAGATTCCAATTTCATTCAATGCCAGCAACGCCTGCCGCATCGTCAGATTGTTCGAGCAGAAAATTGCAGTCGGGGGGTTCGGCCGGCCAAGCAGCTTTGACAATGTCTGCGCGATCGATTCGTTACCGGAGCAGTCGATGTAGGGTTCAGCTTTGAGTTTTGCCCCGCTCAATGCCTGCCGGTAGCCTTCATAACGCATCTTCATCGTGTACAAGTCACGTCTCAATCCGAGACAGGCGATACGAGTATGGCCATGGCCGACCAGGTGATCGACCGCTAATTTGGCTCCCATTTGGTTCTGCACCAGGACTGAATCGAACCGCGCATCGGGGGCCGGCCGGTCGAGCGTCACGATCCGGCAGTTCTGAAATTCGCGCTTGTGGAGATACGACTCCTTCTGCATCGCTGGAATGATTACCATCCCCTCGACAAGACGCCGCAGCATCTGCGAAGCTTCGCGCTCCTCGATCGCCGGATCTTCTGTAGAGGTCGTGACCAGGACAGAATAGCCATGCTCTTTCGCCACCGTGGCAATGGCATGTGCGCAGGTCGCAAAAAAAGGATCGTAGAGATAAGGGACGATGACGCCGATGGTCCTGGTCTTGACGCCGCGGAGCGCTCGGGCTACTTCGTTCGGCTGGTAGTTCAGGCGTGCGATGGCCTTGTGGATTCGCTTCGCAGTGGATTCAGAGACAGTAACGGACCCGCTCAACAGACGAGATACGGTCATTGTGCCAACGCCCGCGAGCTTCGCCACGTCGGCCATCGTCGCATTCCGCTGCATAGAACTCCTAACGATTCTTGACTCTCATTCTGGACCGGTATGGAAGACAAACAGTGCGGCGCCTAGATAGTCCAATTGACATCGACATCATTGGTCTCTTATAAGCGTTGAGTGGTAGCGATATCATGCTCTTCTTCCGGCGCCATCAATCCCCAAGCCGCAGTCTGCCTGGCTAGAAGATAGAAGTAGACACACTATAAACAGTTTAGGAGACACCTTGGCACGTATTTTTTATCGCC
CP030840.1_gap28	1037406	1038805	1399	ACTCGCCGTCTCGGGGGGCAGCGCTTGCTCTTCCGGAGCCAGCGAAGCCTCTCATGTCCTTACCGCCATGGGTCTCCCACCGAAGCGTGCGCAGGCAAGCCTTCGTTTCAGCCTCACCAAGGACACCAGCCAGAACGATGTCGATTTTGCCCTCGACCTGATAGGTTCCGTGTTCAGCCGTCTCCACGAAGTGTCCTCCGTGCCGCTGATGAACCGCGGCTGAGTGGTCGGTCCCATTGCCGACGTTAGACTTTCTGATCGCCCGCTGCTCGGCTGGCTCCTTTTCACCTTGTTAGAATAAGAGCGGGAGCTTAAAAGCTTGCGTCGGATTCTTCCGCGACTCCGATCCAGTACCCGCCGCTCACTGAACTCATGACCCCACCAGTCAACAACACGGTAGCCGTAGCCATGTCGGGCGGAGTCGATTCGTCGACCGTTGCCGCCATGCTCAAGACCGAAGGGTATGAGTTAGTCGGCCTGACGATGCAGCTCTGGAACCAGCGCCGCTTGTTGGGGCGCGAAGGCATGCCCGAACAGGTGCGTGGCCGCTGCTGCTCGATCGACGATGTCTACGACGCCCGCCGAGTCGCCGACGACCTTGGCATTCCGTATTACGTCGTCAACCATCAAGAGCGCTTTGAGCGTGATGTGGTGAAGCCCTTTGTCAAAGAGTACCTTGCCGGGCGCACCCCGATTCCCTGCTCCCTGTGCAACGATCATCTGAAGTTCGACCAGCTGCTGATCACCGCCCGGCAGATCGGCGCCGACCGCATCGCGACTGGCCATTATGCCCGCAACGAATACGATCCTGCCAGAGACCGCTGGATCCTCAAGCGTCCTGCTGACACGAGCAAGGACCAGACCTATTTTCTTTTTGGCTTAACTCAGGATCAACTATCCCGGACTCTCTTTCCGCTTGGCGGCTACACCAAGCCGCGGGTTCGTGAGATCGCGCAGGAACTCGGCATCGCGTCGGCTAATAAGCCCGATTCGCAGGAGATTTGCTTCATTCCCGGCGGGGACTACAAGAAGTTCATCGACGCCTATCTCGATGAGCAGGGCGAAGAAATGCCGAACTCTTGCGGAGAACTGGTTGCGACGACGGGAGAAGTTGTGGGCCATCATGCCGGAATTCACAACTTCACTGTGGGCCAGCGGAAGGGTCTAGGCGTCGAGTCGCCGACCGCCTTATACGTAATCCAGATCGCCGGTAACGAAAAGAATCAGGTTCGAATTGGGATCGAAGAAGAGCTGTATCAGCGAACTCTCCGCGCCCATCGACTGAATTGGATTGCGATTCCCGATCTGCTTGGAGAGATGCGGGTTCAAGTCAAAATCCGCCACCGTCACGAGCCCGCATGGGCCACAATCCGCATGGAGACTGCGGATGTGCTCCTAG
CP030840.1_gap29	1039809	1044108	4299	ACAAAGTCCCGGCCTTGATATACCGCTTGTTCAACTTGGGCGCGTCCCTGATCCACATATTGGCGGCCCTGCTCCACGTAGTCGCTGACCTGACTCTTGCCTTTGTCCACCAGCGTCGAAACCTGCTCAGCAGTCTCGCGGGAGCGCTGCTTGAGGTATTCTGCGCCCTCACGGGCGGTGCTTGCTACATCCTCGCGAGTTTCGCGTCCCGGCTTGGGAGCATAAAGAACGCCGAGCAGGGCACCTAGCCCGAGCCCGGCTACGAACCAGCTGAATCCGCCACTCTGTTTTTCGTCTGACATTTGAACATCTCCTTGATTTCCGAAGCTTTCCGGCATTCCAACGGAATCTTCCGGCACCGAATCATTACGAGTATATATAGATGCCCCAAAGACTGCTCCCGCTGGCCGGAAACGAGAAATCTATCAATTATCGGGGAGGACCACCGGCAGCCATAGGATTTGCGCCGCTCCCCCGTGTCGCTCCTTTAGTCCTTTGTGGACCCGGGCGGCAGAGGATAATACCCGGTGCGATGGCGCAAGGCATACTCTGAACCGGGCGGCGTGCCGGTCAAGGTTACCGAGATGCTCCGGAAATCCGGAGAATCCGACCGGCGGGAGGGATAATAGCCCAGCAGATACTGAGTTCGCAGATCCTCGGACACCTGCTGAAAGGCCTTGGTCAGCTGGGTGGATTCAGCGTAATAATGCTTGCCACCGGTCTCCTGGGAAAGCGTGATGAGCGCGTGCTCCCCGCCAGTGTCTCGACCGGCATCGGCAGCAATCGGCACGTCGATGATGCTGTAGACCAGGACTTCGGAACGCAACGCCTGCTCAAGCGCGCGAGGGTAATCAACGCCTTTGACGGTATCGTCGCCATCTGAAATCAGTACCAGGACCTTACGCCCCTGATGGCTAGCCAGGCTCTGCGAAGCAAGATAGATGGTGTCGTACAAGGCCGTCGCTGGCCCCCCGCGCAACCGGTCGAGGCCGCTGTCGATCTGATGGAGATTGTTGGTAAACGGCACAACCTCGCGCACATCGGAAGAGAAATCCATCAGGTCGAGTTGGTCGACCGGGCGAATCAGGGCGTGCACGAACTCTCTCGCCGCGTGTTCCTCAATACTCATGTCCTTGTGGACGGTCCCACTGGTGTCGATGGCCAGGACGATCGAGAGAGGCACCGCGGATTCGCGGTCGAAGAGGGCTATCTTCTCAGGATGACCATCCTCGGCCAGGATGAAGTTATCTTTCGTCAACCCTGCCACCGGCGCCCCTTTGGAGTCCGTAACATTCACGAAGACATTCACCAAGTGGACATCGACTCGGATTGCCGGGGCAGAAATGGACGCTGTTTTCTGTTGCGCCTGACTATTCCCCAACGAGGTGACCACGGGACCGACGCCTATTCCTTGTGAGGAATCCTGCGCTATCGCCCGAAACGAAACCAAGGCGAGTGAAAACAATAAAACTGGAACAATCCCGATTTGCATTCAATACCCACTGCTTAGACTCCGCCGGAAAAGGATGCGTTTCAGCGGGAATGACCCCAAACGGCCCATCGTCACATCGTAGACGCGCGGCGACCTTCTTTGCTTGAGCTGCAATCGCTTCGTGCTACCATCGGCTTCGATCATGAACATATCCAGCCGCAAAACCCTCGCGCTCTTTTCGCCTCTGCTGCTTGCCGGGATATTGGTTCCCCGACTTTCCTCGCAGGCGACTAGCTCTTCTTCGACAACCGCTGCTCCAGCCAAGACTACCCATAAGCCCACGGCCGCAAGCGCCGCGACCGCAAACGCCACGACCGCCATGAAGCTGCCACCAAATATCCCGCCGGTGCGCGGGATCCCCAAGACGCTCATTGCTCTCAAGTACATCGATATATTGCCCGGGAATGGCGAATTGGCGAAGCCGGGATGGAAATACAGCGTCCACTACACCGGATGGCTGCATGACGGGACCAAGTTCGACTCCTCCGTCGATCGTGGTGCGCCGATCGACTTCATCCAGGGACAACATCGGGTCATCCCGGGGTGGGATGATGGCTTCGAGGGCATGCATGTCGGCGGCAAGCGCAGGCTTTTCATTCCCTATCAGCTCGCCTATGGCGATTCCGGGCGGGGCCCGATTCCAGCGAAGGCCGATCTGATCTTCGACATCGAGCTCGTGGCTCAGTCCGATCCTAATGCGCCTCCGCCGCCGGCTACCCCTCCCCCAACGACGCCAAGTGCACAACCGAGCTCGACAACACCGCCGGCATCAACCGCCCCGAAAGCTGCTTCCCCGCAGTAGCCCCGGCTTGGCAGCGCCTTCATTATCGACTTAGCAGGGGGTATCGCTACCCCTCTGGGGGCTTTCGCCGCCAGCGGGGTAGCTTGGAAAAGCTACTCTTGCCCGGGCGCTCCGCTCGGCATACTCTCGTGGTGAATCCTCTGCTGCCGGAAGCGTATGAAGCGCCACATACTGACTTATGGTGTCATCGGCGGAATTCTGATTACCGTGCTGCAGTGGACTGAGTATCGGTTCCTGGTAGTCGAGCATTCGCTCGAGATCTACGGCGGGCCTGATCGCGGTAACCTTTGCCGTCCTCGGTATCTGGCTGGGCCTCAAGCTGACCGGAAGTCGGCAAAAAATTGTTGTCAAGGAAGTTCAAGTTCCCGTTCCCGTTGCCGCTCCCTTCGTCCCTGACGAGAAGCGGCGGGAAAACCTCGGCATCACCCGACGCGAGTTCCAAATCCTCGAATTGATTGCGCAAGGCATGAGTAACCGCGAGATTGCGGAGAAACTCTTTGTCAGCGAAAACACGATCAAAACTCATTCCAGCCGAGTCTTCCACAAGCTAGGCGCCAGGCGCCGAACTGAGGCCGTCCAGTTCGGCAAAGAACTCGGCTTGCTCCCGTGAATGAACCGCTCATAGTGATGATTTTCTTGCTGCGCGGCCAAAATCACTCGAAAGGATGACGACAGAACGACCGCCCTCCCAGCTATGCTGCGTCAGGATTTCAAGCCTTCACACTGGAGTTACGCATGAGAAAAACAATATTGACCTTCGGACTGATCTCCGGCGCCATTTCCTCGCTCCTGATGGCACTCACCGTGCCTTTTGAACACCAGATCGGCTTTGACAATGGCTTAGTCGTCGGCTACACCATCATCGTCCTCTCATTCCTACTCGTGTACTTCGGCATCCGCTCGTACCGCGACAATCCCGGCAACGGGCAGATCACGTTCACCAAGGCGTTCACGGTGGGAATCTCGATTACACTGATCTCCTGCATTTGTTATGTCGTTACGTGGGAGATTATTTACTTCAACTTCCTCCCTGACTTCATGGACAAATACAACGCCCATATAATCGAGAACCTCAAGGCAGCGGGCACGAGCCCAGCAACCCTCCAGGCTAAGATTCAAGAGCTCCAGAAATCCAAGGAGATGTACAACAATCCTTTCATTAACGCAGCCATGACGTTCATCGAGCCCTTCCCAGTTGGACTGGTTATCACGCTCATCTCCGCGGGGATGTTAAGAAAAAGGCAAGCACCAGCCGAGCGGTCTCCACTACCAGCAGCGTATTGAACTTCTGAGGTGGGGTGGCGTGTGCGGGCGCTATGCGGAGAGCGTGCTAACGCGTTCGTCAGCGATCGCGACCTTGACTTCATCTCGCGGGAGAACGGGGCAACCGCAAACTTGCGCGATAAGAACTTAGGGCGAACGGTCATGCTATATTCGCCCTAAATGCCCTTTTCTTTTGATTTCCAAACTCGTTCGGCGCTAATCGCCTTTCTCTTGCTCCTGGCGGCAGCTTCCAGTCTCGCGCAACAACCGCAGGCCGCCTCGACGCTGCAGCAGATCACCAGTGAACTGGAGCCGTCGAACGGCGTTTGGACCGCGCAACAAATTGCGGCAATGGGCCGTCTTCGCGATGCTGCGCTCCGGGATGCTTACGCCACTACCGAGCTCCAGCACCTGACTGACAACATCGGTCCGCGATTGAGCGGGTCGCCGCAGGCCCAGCAGGCGGTCGAGTATGTAGCTGCCGAGATGCGCGCGCTTGGCGCGGAAGTTCAGATGGAAAAGACGACTGTTCCTCATTGGGTACGCGGCGTCGAGACCGGGCAGCTAGTCTCGTGGCCTGGCATGGGGCCGGACGCGACGCAGAAGATCGTTCTTACTGCGCTCGGCGGCAGCGTTGCCACGCCCGCGGAGGGCTTGACCGCTGAGGTGATTGTCGTTGATTCACTCAAGGATCTGAACGCGCTCAGCCCAGACGCTGTCAAAGGCAAGATCCTGCTGTTTA
CP030840.1_gap30	1050262	1052929	2667	GACATTGGGAGGAAGATCCGCGGAAGCCGTTCCATCACCTGGTGTAGGAATCTGGGGCATAGAGATGACGATTCTTGAGGCCAGCGGACACTGCTCCCCGCTCGACCACCCAATTTCGAATGTTCCTTGGGCCGCGGGAGGGAGGACAACATCTACTGGAACCTTTTTCGCAGCAGCGTCTTGAGTAGGCGCAGATATCGTCGCGCTGAGGCTGGATTCACCGGTTTGCCGGACGACAATTTGAGCGATTGAAGCTCCACTCTCGTCGACCAGCCCAATCGTCGGATAACCCTCTATCCGACAGGCAGTTGTCCCGGTATTCTTCACGGCCAGGATGACGATGCGTTGGTCGTCGTTCATCCGGGCTGCGGACTCGTACACTTGCAGAATCGAAGGCCGACATGGCGAAGCAGCAGCCTCGATCTCGGACGGGATTCCTCTGGCTTGAGACTTGGTCCGGTCGATGAGCGTAAATGGCGCGTTTGGGTCGGACACGCCACGAATATGGGCCTGCCCCTCACCACCCAGGGCGGGGGCGTTAGCGGCGGATCGTCCTCGTACGGCATTCTGTGCGCAGCCACCCACCAGCAGCGATGCTATCGCGACCGTCAAGGTACAGCGATAATGGCGGCGAATCCTGATACCGGCCAAGAAATCCACCTAAAGGCACATTGACTTGGATTCCTATGAGCGGTTTGAGGTTGCGCGCAGGAGGGCCATTCGCAGGAGAAATCCGCCTACTGGTCTGAAAGCGTCCAAGGCGACTGCCGGAACCGAAGAAACCCTCTATCTAGGGGTTCCATCCTCTACTCGAAAAGCTAACCTGAACTAGATTGCGTGATCTGTCCGCAGGGAGGCATAGAGTGCAAGGGCTCTTCTCCAGCTTCCTTGAAGGTTGGCCTGCTGTAGGCTTGATCCTTATGCGCTTAGCAGTCGCATTCGGCGCAATGATTCAGGGTTTTGGCTCGCTTACCGATCCCCGCTCCCAAATGGTGGGTTGGGCGATTGGAATAACGGAGATCATCACCGGTATGGGCCTCCTAGTCGGCTTCTTGACTCCGCTTGCAAGCGCCTCGGCAGCCATTGGCAACCTTGTACTGGGCGTCTCATGGATCTTCGCCTCCAACCCCTACGGCCGTGACAAGGCGATCCATGCCATCGATCTCGTGGCGATGTCCGTTGCCCTGATCTTGCTTGGACCAGGATCTTTCTCGCTTGACGCTCGTCTCTTCGGGCGTCGCGAAATCATAATCCCGGGCATCTCTCCACGGCGGACAAGATGACGGCTGGCGTCTGCCCATTTTCTCCGCCACCGCGCGGATTTGGCCTGTGCTCCCCTCGGCCTGTGCTCCCCTCGGCCTGTGCTCCCCTCAATAGTGGTATGCCATAGACCTCCTTCCGTATGAACTGAATTACCTCACTTTCGGGGAGGCGAAAGTCGTCCGATTCCTTCATAGTTTCTTCACTGCAAATGCGTGTGCAACCCACTTCCAGAACTCAGTGCAGGGGGAAAAATCTTATGTCGACAACAAAGGTCTCGATTTCAGGCAACGTTGTCAGTCATGCCGAGCGCGAATTAGCGGCATTCCTAGCGGCGGTGACGGAAGTTGTCGGCCCAACTGGTCTCGGTGCTGCGAGCAACGTCTGGATTCAGACAATGCAGGAACTCGATTGTTCGCAGGAGAGCCTGGGGAAGTTTTTCCGGCAAGTGACTATTCGGGCTTCCGCGCGTCTCGCTCGGAATTGTCAGCGTGAAACGAGGTTCGCTCTGGCAGGGGGCGAGAGAATGCAGCATCTGCCCCTAACCGCCAAGGCCGTGGAGCGATTCCTAGCAACCGAATCCGCCTGACAATTTGCATCTACCAATGCTGCGATTGCTGAATTCATTAGGTTTACCGAATGGTCACGCCCGCATGGCATCCATAGCCCCTCCATCCTTCGCCCCTCCCTAGACTCGCTCATAGATATCCCTTCTCCTCTTTCCCATTCATTACCCGTTCAGTTGGCGTGGCTTGTGATGTTGCGTTCCTTGCACACCTTGAGGGGAGAGCATGCGTCCCTTGCTGTAACCCATTGATCCAGAGCGGCTTGCCTGAAAGGCCTTCTATTTGCCAGGCGTAAAGAATGTCTATCCACTTCAGAAATCGGGCGCTATTGAACCATTACTGAATCCTGTCGACATCTATTGCATCAGATAAGTTGACAGCAAGTGACTCAAGTGCGAAGCTAGCAAAGAACGAAGCAGCGCCGGGCACTTAGTGATTTTGAGGAGCGGATCAGACATGGCAAAGGTAATAGGAATTGATTTGGGAACGACCAACTCAGTCGTGGCAGTAATGGAAGGCGGAGAGCCGAAAGTAATTCCGAATGAAGAAGGTGGCCGGACTACGCCGTCGGTTGTCGGGTTTACGAAGAGCGGCGAACGGCTGGTTGGCCAGGTTGCCAAGCGTCAGGCGATCACCAATCCGGAGAATACAATTTATTCGGTGAAGCGGTTCATGGGACGCCGGTTCAACGAGGTTTCCGATGAATTGAAGATGGTCCCGTATAAGGTCAAAGCGTCTGGTGACAACGTCGTGATCGTTGCCCAGGGCAAGGAGTACACCCCGCCCGAGATTTCAGCGATGATCCTGCAGAAGCTGAAAAAGGCTGCGGAGGACTATCTCG
CP030840.1_gap31	1081237	1083887	2650	TCCTGAAGTCCCGAGACGATCTGGATGGCCGTCAGGTTGTTCACGCCGACCTTGACCGGGACGCGGCGAAGCTTCTCCCCGTCCAGTACATAAACAAAGTCACGACCCTCGCCAGAATGCAAGGCCTCCCGAGGAATCTCAAGGACACCCGAAATACTGCCGGTAGTCACGGTGACGGTTACGTTTGTGTCCGGCAACAGCCTGCCATCAGCATTATCGACGGTCACGATGGCTGCCCCGACGTGCCGGGTCGTATAGGTAATCACCGTCGACGGAACGCGGGAGATATGGCCCTGCCAGGAGCGACCTGGTAGAGCATCCCAAACAATCTTGATCGGCAACCCGACGGCCAACTGGCCTATTTCGGGTTCATCGAAGTAGGCGCGCACCTGAACTTTCGTCAGATCGGCTACCTCGAGGAGCCGGTCGCCCTGCTGGACAAACTCAGTCGCGCTCACCGGCAGTGAATACACGGTGCCAGCGAAAGGAGCGCGCACAGTCGTCTGCGCTAGCGTCTGCTGAGCGGCATCATAGGCAGACTGGGCGTCGGCCAGAGCCGCTTTAGCGCGCTCCAGATCCAGCGGCGAGTAGGGTGCCTGACTGCGCTGGCTCAATATGTGGAGCGAGGCATTGGCCTGATCGAGACGCTGCTGAGCGGCGGCCACTTCGTTGGGGGAGGCCGAACCTTGCGCAACCAGCTTTTTGAGCGTGGCCAACTGTTTTTCCGCCTGGTCCCGGTCGGCTTGCGTTCGATTCAGGTCGCCAGCGAAGGTATACCGCTCCTGTTGAGTGCCACCCTTGCTCACGGCATCGTAACTTGCCTGGGCCGCGCGTAACCCGCTAAGTGCCGCCGCCACCCGCGTCCGTGCCTCGGAGTCGTTCATGGCAACCAGGAGCTCGCCTGCCTTAATCTTGTCACCCTCATGGACATACACGGCCTTCACCAAGCCTGGATAGGGAGCATGCGCCTCAAAGTTCACCTGCGGCTCAACGATGCCGTTGGTCGAACTGTTGCTCACAATGTCGCCCTTCTGCACCAGGGCGACGCGGATGGGCAGCCTGGAGCGGGTCAGCATCCGAATGGAATAAAACACGCCCGCCGCAAGAAGCACAGTAGCGACCCATATCCATCGGTTGTTCGTTCGTGCCGCGATAGTCGTCCTCAGGAGAGTGGTCGAATCAAGAGCCAGACGCCAGTATATAAGAGTCCCAATGAAAGGATTCGAGTCAGAAAGATCCACCCCCCACGGCCCGGAGCGATCCAGGCAGGAGCGATTCAGGAAGGAGCGATTCAGGAAGGATCTCTGCCCCGTCGCCATGCTCCTCCCCATCTGGGGTGGCCGGTATGTGCATCTATCCGAGTAGAGGAGGAAAACATGCTGGAAGCAGTCTTATGCGACATGGATGGCACGCTGGTCGACAGCAACGCGCTCCATGCGGAAGCCTGGAGCAGGACCTTTGCGCACTTCGGGATTGTGGTGGGCTTCGACGAAGCCTTGCATCAAATCGGCAAAGGCGGGGATCAAATTATTCCAACTTTTGTCTCTCGCGAAAGTCTGCCTAGACTTGAGAAGCCGATCAAGGAGTATCGCAGTAGCTTGTTTCACCGCGAGTACTTCAACAGAATTAAGGCATTTCCTGGTTCACGCGAGTTATTGTTGAAGATGCGCGCCGTTGGCTTGCGCATAGCCGTTGCAAGCTCATCGGAAAAGGATGACCTCGAAAAACTGAAGGAGATAGCTGGGATCGCTGATCTAGTCGAGAAGGAAACTTCGAGCGATGACGCGAATCAATCAAAGCCTGAGCCCGACATCTTTCAAGCGGCTCTCGATCGACTTGGCGTGCAACCTGCGGAGGCCATCGCCTTAGGGGATACACCATGGGATATCGAAGCGGCAAGCAAGGCCGGTGTCCCTACGATTGCAGTCACCAGCGGAGGGTGGACCGAGGAGGAACTTCTGCAAGCCGGAGCCATCGAAGTCTACAAAGATGTCCACGAGATCTCTGAGATGTTCACAAAATCCAGGCTGAACCGGCGAGAGGTTGCAGCCTAAAGCCCCCAACAGGTGCCGTGGTTCGAAGTCAAACCTTCATCGCTTCGCAGGGCAAAACGAGCGGCAATCTGATCACACTTTTCAGAGCAGCACACTCAGCGGATGCCTTTCTAGTTAACCGTATTTACTTAGAACGGACGGCTGTGATGGGTGGCTGCTAGAACCGTCGTCCCTCTTAATGCCCGATATAGTCAAAGAGACTTCCCTTCTCGAGCGTCGATATCACATCATAGAGGGCAGTCTGTTGAGTCTCCGCCGCACTCAGTTGGGTCGTCACCTTACCGAAATCCGCCTGCAGAAGGGTGGTTTGCTCTGCAAGCAAACCTGCCGACTCTGCCTGTGTATAGGTCGCCGCATTTTGAAGCGCGGTTATGTTGCCGTCGAGAATCACCCGCTGATCGCTTACGTGGTTGAGGGCTGTGCTCAGCGCCTCGGTGTCCGCCACGGCGGTCGCTGAGGGAGTTCCAGTCGCAAAGTCGGCCACTAAAGCATTTAGCGTTTGAAAGACATCGGTCCCGGCAACTCCAGTAGTGAAGACCTGACTGCCGGTCAGGTTGAGCTGGATGGCCTGCCCGGTTGGCGTCTGTATGGAGGTT
CP030840.1_gap32	1085125	1088840	3715	CACTCCAGCCGAAGGACCGGAGGTCAGCGCAAAGGCGGTCCCTTCCGAGACCAGCAAGGCGCCGCTCGTAGTAGTTACGGTCAGACCATTGTTTTCGGTTTTGATTTGGCTGATTCCTACCAACTGCGACAGCTGATTGAGGTCGTACTGCCGTTGGTCCTCAAGCCCGCCAGCGTCGCTTGTCGGGTCGAGCGTCTGGATCTGTTGATTCAGCCCGGCGATCGACTTCGACAATGCATTGACCTGGGTAACGACGCTCTGGCTCTCTGCATCGAGCGAAGCCTGTTGTTGCTGGAGCTCGGTGATAGAGCCGGAAAAGCTTTCTACGAGGCTAACCGCCGCGCTTAAAACCGTCTCTCGGAGCGAAGTGTCGCTAGGGTTACCCTCGAGCGGAGTGAGTGCGGCGAAGAATTGGCTCAGCGAGGAGTTTATCCCGCCATTCGCCGCTCCCGCAGTGGTTGAGGTTGCCGCCGCAAACACTGCTTGGACATTCTGCAGCGCAGCCAGCCGGGTGGCGGTGGCCTGCTGGGTCTGGGTCTGCTGATCGACACTCTGCTCAAGCACCCGGTCGCGCTGCGACTGAATATCGATGACGCTTGCACCCGTCCCATAAGTCAATCCCGCTATCGTGACTGGAATGTTTTCGTCAAAGATCGCTTCTTTACGGGTGTAGCCAGGGGTGTTGACATTCGCAGTGTTGTTCGCACTGGCGTTCAGCGCCGCTTGATCGGCATTGAGCGAGGAGACTGCGATGTTCCATGCGGAGTTGAGTGTAGCCATAGCTTTCCTGTCTTTCTAGATCGGATCTGCCTCGCCTTGGCGCAGCTGAGAATGAATCAGCGCAGCTGATAAGTGAGGCGATCGTGTTTGCGCTCAACTAACGCCGCTCTCGGCCAACAAATGCGCCAAACTCAATCGAGGCAGTCGAGATACCACGTAGGATCGTCAATCGTTGCGCCGTCAACCCTAGTAGATGGCCTAGCGTTGAATAACTATGAGCCGCTTGTTCCCACTCGGATGCGGACGCCGGTAGCACGACACAACGGCACGCGTCGACAAGCGTTTCGATTGAATCGGCGTCCAGAGCCGTAAATGCATCCAGGGTCCGTTCGAGCAAGACAGCTAAGGGCATCGCATCAAACGTTCGATCTTCCTCACGCATTGGAGCACTCTCCATCAACGATCAACCCCTACCTCTTTGATCCCTGTTTATCAAGGCTGCGCAGCGGCTTAGCTATGTAGCAGATGATCAATCAACTTGTCCGCCACATCGGTGGAGCTCACGGAGTAGCTCCCGTTAGCAAGTGCCTCTTGAATGGACGCCACCTTTTCAGAGCGCACATCGGGGAGGGACGAAGAGGCCGACGCCAGTAGGGCGGCCGGGCTCAAATGGGCTGCGTCTCCATCTAAGCTCGGATGCGAGTTACTCGGCTCAATCGTTTCAGTCGGTTTAAAGGAAGCGCCCGCTGTCCTGATGACTGTGGTATCTTTCGGAATCGATTGCGGTGAACTTGAATTCCATTGAATACTCATAACGCCATTTCTCCTTCCACTAGCTTATCGGCAGGAAGTCACGTCACTTTAGTAATAATTGCTTGTTCCATTTCGGAGTTTTGCACGTTCCTCTAAGGTTTGCGCTCTTCGAAATGGTCGAGGATCTTGCGCGCAATTCCTAGTCCGCCCTTTTCCGAGAGACCCTTCGCCAACGCCTCTGAGCCGAAACTCATTAATGCACTCCCGCTTCCCTCGGCTGAAGAAGTCAAGCCCCCCACCTCCGCATCGCCGTCCTGGTTCTCGCCGAAGGGTTGGGTCAAATCGAGAGGTTTCAGCAGCTCCTGCATCAAACTGGCCTCGAACTGGTGGGCGGCGGCAATCAGCTTCGGATCGAGCTGCGCATCGCGAACCGACTTCGGAGTGGATACCGACCGAAATGGAGCCGATGTCGCCCTCTCGGGCAGCAACTGAGCACCGTTCATCACAATACCTCCAATTCGGCTTCAAGAGCGCCCGCTTCCTTCATCGCCTGCAGAATCGAGATGATGTCCCGCGCTGTTGCCCCGATCTGTTGCAGGTTTTGGACGAGATCGTCCACCGTGGCTCCCTTTTTCAACTCGATATGACTCACTGGGCGGTCTTGCGTCTGAAGCTGCGTTTGCTGAACAACCTGGGTCGCTCCCTGACCAAAGGAATTTGGCTGCGATACCTGAAATTCGCTGACAACGTTGACAGTCAGGCCGCCGTGAAGGATCGACACCGGCTGGAGGCGGACGTCGCCCCCAATCACTACGGTTCCGGTCCGTTCATTGACCACCACCTTGGCCCGAGGATAGACCTCGACTTCAACCGCTTCGACCTCGGCCAGCAGCGCGGGCATATCTTCCGTCGCTGCTGGCTCGAGGTCGACCCGGCGGCTGTCTACGGCGATCGCCAGTGGCCGCTTCAACTCCTGGTTGATCGCTCCGGCCATACGCTCGGCAGTGCGAAAGTCGGCCTCATTGAGGAGCAGCGAAAAGCTGTGCATTTGCTTCAGCTCAAGCGGCACCTGCCGTTCGACGATCGCTCCATCCGGAATCCGGCCGGTGGTCGGATGGTTAAACTGCTTGCTGTTCCCATTGCTCGTGATTTCATAGCCCCCCAATACGAGAGGACCTTGACCCTGCGCATAGATCAGCCCGTCCGGCCCGTAGAGCGGAGTCATCAGCAGTACGCCGCCTTCAAGACTTCGGGCGTCACCCGCCGACGAGATCGTCAGATCGAGTCGATTTCCCGGACGCAAGAAAGGTCCCATCGTTGCGGTGACAAATACTGCTGCCATATTTTGGACGCGCAGCGTCGACGCTCCTCCGGTTTGGGGCAGTGTCACCCCCATCCGTTCGAGAGTAGAAATTAGAGTTTGAACAGGAAACACTGCTTGAGTGCTGTCTCCAGTACCATGCAATCCGACCACTAAGCCGTAACCCACCAATTGATTGTCGCGGATGCCTTCAACAGTGGCTACATCTTTCACCCTGGCGAGCTTTGCAGTTTTCGCAGCCGTCGGAGGCGCCGAGTTCCGGAGAAACGGGATTTCACTCCCCGATCCTCCCGGGGGCAAGGCCGCCTGGGCAGCCCCTCGACTTGATATACATGGCAGAGAGAAGAGCAGAAGCATGGAAAGAACTAGTCCCGAACTTGAAGATATTGATTGCCGTGACAAGGGAAACCTCCTAGAACACCAGCAACCGCTGGAAGAGCCGCACGATAAAATTTGGACGATACGTGTAATCGTTGATAATGCCCTTGCCGGCTACCTCGAGCTCGAGATTAGTGATCGCAGTCGACGGTACCTGATTGAGCGCACTCACATCCTCAGGCCGCACCACGCCCCGCAAGCGAATGGTCTGAGTCTGCTGGCTGAAGGTCACCTGACGCACCGCCTGAATAACCAGCATTCCGTTCGGCAACACTTCAACCACTTCGCCGCCTAGGGTGGTTGCCAGGTTGGAGTTTGAAACGCTTTGCCCTTGCGCATTGAGGCCGGAGCTGGAGGTCTGATTGAAGAGGTTCTGAAGGCGATTATTGACTGCCAGAGAACCGAAGAGTGAGGAGATTGCGGAACTCATATTCGAGGCTCGCGAGTTCTTCACCGTACCGTCGGTGGAGGCCGAGAGGCTCTCCGACACGACGACCGAGATGACATCATGGAGATTCCTGGCCTTGAGATCGGTCGACAAGT
CP030840.1_gap33	1090972	1093417	2445	AGACTGCCTACAGATGCGCCGCCGCTCGAGATTACGCCATCGGAACCGACGCTGATCTCACCCGACGGTACCAGGATCGGTTTGCCCGCTGCGTTCAAGACGGTTTCGCCAAGGCTGGTAATCAGCTGTCCGCTGCGGGAACGCTGAAAGGCCCCATCGCGGGTGTATCGAATGCCCTCCAGTCCAGGTCGGCTTTGCACCGCGAAGAAGCCGGACCCTTCAATGGCTATATCCAGCGGATTTCCGGTATGGGTGAGTGGCCCCTGACTCAAATTGATGCTGTTGCCGCCCAGAACCCCGAAGTTGTTGACCGTCTTATTCAATTGGGAGCCAAGCGCCTCCGGACCCATGATGGCGCCGCGAAAGTATTCCCTCTCGGCACGGAAGCCGGTCGTGTTGGCGTTGGCCAGATTGCTTGCCGCCGAATCCAAGGCCTCGGTCCGCGCAAGCAACCCGGAAAATGCCGCATAATAGCCGCTGTCCACTCTGACCTCCTTGTCGTCTCAGATACCCTTTTCTTTTGCAGCCCAAAACCGCGCCTTGAGGGGAGCGCTGGCTGGAAAAGCATTAAGAACGATTGACTGTGCCGCACGGGTAGAGAGCAAGTAAAGGCCCACCAAGAAGTGGGCTGGGATTAAAGTGAGTTCAGAATGGTCTGGCGGGCAGGACACCCAAGACTGAGGTAGGTAGATTTAGTGCTCGGCAAAACGGCATGAGTAGCTAGGAGGGGTAAACGCGAACTCCGACCCGTGCTCCCGCGGCCGCCGTTGCCAGTGCCGGTGCGGCCTTAAACGATGCTTCTGGAGGATCTACCGACGTCAGGGGCTTGTCCCCAGATATCGGGCGATCAGCAATCGGGACTAGCCCAGATTCGCGAAAAACTCCTTCATCCTGGCAATGCCTTCATCCACATCTCCGTGGGTGACGGCGTAAGAAAGCCGGATGTGCTCCCGAGTTCCAAAGGCCTCACCGGGGACCGTCACCACGTGCGCCTCATGCAGCAACCGGCTGGCGAGTTCGAGAGCAGTCTGCGAACCCGGCCTACCCAGGTACGCCGACACATTCGGGTATACGTAAAAGGCGCCTTCGGGGATGGTGCAAGTCAGCCCCGGAATGGTCGCCAGGCCGGCCAGCACCTGGTCACGCAGCTTCAAGTAATCGGCCCGCATCTCGGCTACGCATTCCTGGGGCCCCGTCAAAGCGGCGATTGCCGCCTTCTGCACAAACGCGGCAGTCGAGCTCGTCGACTGACTTTGAAGCTTGCTCATTGCGGCGATGATCGGCTTAGGGCCAAGCGCAAAGCCAGCGCGCCAGCCGGTCATTGCATAGCTTTTCGAGAGCGAACCGGCAACGATCACGTGCTCCTTTGTTTCAGTGAAGGACGCACCACTCACCAGCGCTCCGTTATATTGCAGGTAGATATAGCATTCATCGAGGATGAGATATACCGAACGCTGATGCGCCAGCCGCACAATCCGCTCGAGATCCGCTGGAGCAATGACCGAACCTGCAGGATTGGACGGCGAGTTCAGAATAATTGCCTTCGTCCGCGGAGTAATCAACCGCTCCACCGCCTCTGCAGAAATGCGGAAGTTCTCCGCCTCCTCAGTCCCCAGATAGACCGGCTTGCCTCCGCCATATTGAATGATGTCCTTATAGGAAACCCAGTAAGGCACCGGCAGGATTACCTCATCGCCGTGCTCGACCAGCACCTGCAATGCGTTGAAAAGCGCCAGCTTGCCGCCAGTCGTGAAGACCGCTTCATCAATGGCGAAACTCGACCCAAAATCCTGCTCGTGCCGGTCAACGATAGCTTTCCGTACTTCCGGTATTCCCGAGACCACTGTGTAGCGAGTGAAGTTGCCGTCAATTGCGGCAATAGCAGCGTCTTTGATGTGACGGGGGGTGGCGAAGTGAGGCTCTCCAGCGCCAAAGTCAACCAGTTTCGCGCCTTGAGCGCGCAGTTTGGCCGCCTCAGCGGTCACCGCCATCGTGGCCGAAACTTCAATCCGGCCGATCCGGTCGGTTAAGATCTTCTGAGCAGTCGGGGTGGTCATTGTGACTTTTATTTTTTCAGATTTCCTGTTCGAATGCGGAGTGGCGACCAGGAAATCTCAAGTTGCCGCCGGCCAGCACCAATTTGCTCTACGGAATCTGTTGATTGTCTCAGGAACTCGGTAGAATTGGCTGGTAAGTCTTGGCCGTCGATCGTTCATAATCGCGAGCCTCCCTGCAACCCTTCCTGCACGGCTCGGTTCCAAAAAAGAATTCTTCTCAGGAAAGGATCTTCCCATGACCCTCTTGCTTGTTCAGATGTCCATCGTGCTCTTGGTGGCAGTAGTCTGTGGCCGGTTAGCGCGAAAGCTTGGTCAGGCTCGCGTCGTTGGGGAGATCATCGGTGGCATCCTGATTGGGCCCTCGGTCTTTGGTCGCTTCGCGCCGCAT
CP030840.1_gap34	1160651	1162742	2091	TCTGATAGCCATTGCACCATGCCGTATTCAGTTGTGCCTGCCGCGCCGCCGTTAGCAGGACGCACTCTTCTCCCGATCTCGCGGAATCCCTCCGCGAGAACTTGGTCGATGATTCGCTGTGCCTCATAGTGGCTGGCCATCCGCTCTTCGCTCAGTACTGCTTCGAAGTGACTGACCAGGTCGGATGAACTTACGATCGTCTTGCCAAAGCCGCGGAGCAGTTCGATCGTACCGGCGTCCACCATGGAGACATACATGATGGCATTGCGCGGCGAATATTGCATGGCGAGCTTCTGGCACGGCTTGAGCATGATCTCCAGCTCTTGCTCAAGCTCCTGCCAGGACGAATAGACGGCTTTGGTGCCCGGCAATGAATCCAGCCTTCCTTGCTCGATGCGGTGGACCAGCTTCTTCGGCTCTCCCTGGGCCGGAATCAGGTAGTACCAGCGCCGCGTCACATGCAACGATTCACTCAGCCCAAGGATGCGGTAAGCGATCGGATCGCGATGATGATGATCGTAAAAGAGCCAGCCATCAAGCTGCGCTTGGCGAAGAGCGGATTGGATTGCTTCAAGGTCCATGCGGGTTAGTCTAAACCGGAGCGTTGCGATCTTCGAGGTAAGACAAGCTCGCGACCGCTGCTCGAGTCCTATTGTGAATCTGCGCCTTCTCAGTGCTAATCTAGCCACGCATTAGAAAATCCTTTTACCCTTGCGAGAGATTTGAATGTCATTTCTTGGAATCGATGTCGGCACTGGCGGCACAAGAGCCGTAATAGTGGATGAAAACGGTAAGGTACTCTCCTCGGCATCGAGCGATCACGACCCCTTCCGCGCAGCTCATCCAGGCTGGGCGGAACAGGATCCCGAAGACTGGTGGCGCGCCGCCCAGGAGGCGATCGCGGACGCGATCCGTTTCAGCGGGGCCGGCGGGGATGAGATTACCGCGGTCGGCCTCACTGGCCAGATGCATGGCGCGGTGGTCCTCGACGTTGCCGGAGAAGTGCTGCGCCCGGCGCTGATCTGGTGCGATCAACGCACTGGTCCGCAATGCGACTGGCTCCATGAGCATATCGGACGGGAGCGCCTCATCGAACTCACGTGCAATCCTGCATTGCCGAACTTCACTTTGACCAAGTTGCTCTGGATTAAGGAGCACGAGCCAGAAATCTTCGCCAAAATCGCCCATGTCATGTGCCCCAAAGATTATGTGCGCTACCGTCTCACCGGCACCTTCGCAATCGATGTGCATGAGGCATCGGGCACACTCTTGCTAGATGTGACCCATCGCAAATGGTCTTCGGAGGTAGCCAGTATTGCCGGCATCAATGAGGAATGGCTGCCGCCGCTCTACGAGTCTCAGGAGGTTTGCGCGGAGATTTCGGTTGCTGCCGCGGCCAATGTCGGCTTGGCGGTAGGGACGCCAGTCGTTGCCGGCGCGGGCGATCAAGGGGCGGGCGCGGTCGGCATGGGCATCCTCAAACCCGGGTCGGTGAGCGCAACGATCGGAACTTCGGGCGTGGTCTTCGCCGCCACCGACGCACCGACCAAGGACCCTCTGGGCCGCTTGCATACGTTCTGCCATGCCGTACCCGGCCGGTGGCACGTTATGGGAGTGACCCAGGCGGCCGGCCTTTCGCTGCGCTGGTTCCGCGATACCTTCGCCAAAGGCGCCACCTACGATGCCCTGGGTCGCAGCGCTGCCAACATCCGCGCAGGAAGCGACGGCCTGCTGTGGGCCCCTTACCTGCTGGGTGAGCGAACTCCCCATCTCGATTCTCACGCCAGGGCCGCTTTCGTCGGCATTACCGCCGACCATACGCCGCCTCATTTCACCCGCGCGATCCTCGAGGGGGTAGCCTTCTCGCTGCGCGACACTTTCACCTTGTTTGCAGAACTCGGCATTCCGGTAAACGGCGTCCGGCTAGGTGGCGGGGGAGCACGCGGACCACTATGGCGACGAATTCAGACCGATATCTATGGGTATCCGGCGGAGGTGCTGACAGCTGAAGAAGGCGGAGCTTATGGCGCCGCTCTGCTGGCAGGAGTCGGAGCCAAGGCCTGGCCCGATACCGACACCGCCTGTGAACAT
CP030840.1_gap35	1227809	1230844	3035	TCCGACGCCAGTCGCCACAAAGAGTCCGACGAGAACCGACCAAAGCTGAACCTCGGAGGGGAAACTTACCAGGAGGGTGATCACTTTGGCGACGGTGATGCCGCCGATGACCCCGATCATTCCTCCGAAGAGAGACATGGTGGCCGACTCCACGATGAACTGGACCATGATGTCGTGGCGTCGCGCTCCTAATGCTTTTCGGATGCCGATCTCGCGAGTGCGCTCGGTCACCGAGACCAGCATGATGTTCATGATGACGATGCCCCCTACGACCAGAGAAATGGCGGCAATCGCCACCACCACGGCACCGAAGCTGTTCAAGATCTGTCCAAGAAGATTCTGGAAGGTGGCACTCGTATCGATCGAAAAAGTATCAGGCGCCCCGGGCGCGAGATGGCGCCGTCCGCGCATGATGGTGCGAAGGTCATCGGAGACGCGGTCAATTACCGGGCCGCCGCCCCCCGCATTGACATAGATGACCAGGCTTTTATTGGAACCATAGGACTGGAGGAATGCGGTCAACGGTACGGCCACCCAGTTGTCCTGGCTGGCGCCGAGGGTTTTGCCTTGACGCTCCCCGACGCCTATGACCGTGTAGGGCTCGCCGTCGACCCGGATTTCCTTGCCGAGCGGATCTCCCTGCCCGAGGAGATTATCTGCGACATCGTAGCCGACGATGGCGACATGGGAGCTATGCACATCTTCCGCTTCGGTGAACGAACGGCCCTGGGCGATATTGAGATTCGACATGGGCGGCATCGTCCAGGTCCAGCCGCGAATATCCGTATCGGTGCTGGATTTCGTTCCGTAGACGACCTTGCCGGTTGTGTTCCGAAGAGCGCCTACGGAGAGGCAGGACTTGCACTCGTCGCGGATCGCTTCGTAGTCCTCCATCTTGACGTCCTTCCGCTTTTGGAAGGCGAGATATTCCTCAATCGTAATGAAGGTCTGAGGCATCTTGCTGACGGTGACGACTTCTGCTCCGTAGCTGTTCAGCTTGGTCGTAACGAATTGCTTGGCGCCATTCACGAGGGTCACAACGGTGATCACCGACGCGACCCCGATCACCACCCCGAGCAAGGTGAGGATCGAGCGAAGTTTGTTCGCCCAGAGCGACTGGAGCGCTATCTTGAAGCCCTCAATCAGTTCCATGGAAGAATCCCCGCCGCCGGACTGGCAAGTGAAGCTCGGGCTGCTTGGCCAGTCTACGAGGCTTGCCTTGCATCATTTTACGCATCCTATGAACAGATAGTTCCCTGCTCGCGTTAGTAGGAACAAAGGAGTTTCAGATGGCATCGAATCGTGGAGTCGTTTACCTCGGACCGCATAAGGTCGAGGTGCAGAATATTGATTACCCCAAGTTTGAAACCCCCCAAGGCAAGAAGATTGAGCATGGAGTCATCCTCAAGATTGTCTCCACCAATATATGCGGTTCGGACCAGCACATGGTTCGCGGCCGCACTACCGCCCCGAAAGGGATTGTTCTCGGCCATGAGATCACCGGCGAAATCGTTGAAAAAGGCAAGGACGTCGAGTTTCTCGACATTGGCGACTGGGTCACGGTTCCATTCAACATCGCCTGCGGGCGTTGCCGCTCCTGCCGGGAACGGAATACCGGCGTGTGTTTGAACGTCAACGACAAGCAGCCTGGCGGAGCCTACGGCTATGTGGACATGGGCGGCTGGGTGGGCGGTCAGGCGGAATATGTCCTGGTGCCCTATGCAGATTTTAACTTGATCAAGTTCCCGGACAAGGACCGCGCCAAGGAGAAGATCCTTGACCTTACTATGCTCTCGGACATCTTCCCGACCGGTTTTCACGGTGCTGTCACTGCGGGCGTGGGCGTGGGATCGGTCGTCTACATTGCCGGGGCCGGCCCGGTGGGACTGGCGGCTGCCGCCTCCGCACAACTGCTGGGCGCAGCGGTCATTATGGTGGGCGACTATAACCAGGACCGTCTGGCGCATGTGAAGAAGGTCGGTTTCGAGCCGGTCGATCTCAACAAGAGCGACAAGCTTGGCGATCTCATCGCTCAGATCGTTGGGATTCCCGAAGTCGACGCCGCGGTGGACGCGGTCGGCTTCGAGGCGAGCGGTCACGGAAACGAGCCCAAACCTGCTGGGGTGCTGAATTCTCTGATGGAAGTCACCCACGTCGCTGGAAGCATTGGAATACCCGGCCTCTATGTCGTGGCGGATCCGGGCGCTCAGGACGAAGACTCAAAGAAAGGCATGTTGAAGATGAGCTTCGGTCAGGGTTGGGCCCGTTCGCTAGGCTTCCACACGGGCCAGGCGCCGGTGCTTCGCTATAACCGCCAACTGATGCAGGCGATCCTCTATGACAAGATTGCCATCGGCAAGATCGTCAACGCGACCATCATCAAGCTTGACGATGCTCCGCAAGGCTACAAGGATTTTGACAGCGGTGTTGCCAAGAAGTTCGTTCTCGATCCGAATGGCTATCTGGGCAAAGCCGCTTAAGCCAGGCTTGCAGCTTAACTAAAAATGATGGCCTCGCCGCTCTTGTTCAGAGCGGCGAGGCCACGTTTGCAAGCTGCCGATAAGCCGAATTTTGTTCGAGTCCGGAGACTCGCGACGATCATTCCTCTAGGCGCGGCATTACTGACGCGCTCGAGCGACCTACCCGGAGGTTACGGCTCCACTTATTGGATAAATGGCGACCCGCCTTAGCGCACCGGACCGGCACGCAACCGCAGCCTGGGCCTGGCGGCGGATTTCCTCCCTATTTGGTCTTGCTCCGTGTGGGGTTTACCCTGCCCCCGACTTTACAGCCGGAGCGGTGCGCTCTTACCGCACCTTTTCACCCTTACCCCTGCGAACAAGGGCGGTATCTTCTCTGTGGCACTGGCCGTCTTCAGGCCTTGACGCCTGAATCCCGGACGTTATCCGGCACACTGTCCTGCGGAGTTCGGACTTTCCTCCCCCGGAATGCTAAGCGCATTCCAGCAGCGATCGTCTGGCACACCTGCTGATTCATTCTAACTGACGTTTGTCGCCCGGCGGCTACCGCCATGT
CP030840.1_gap36	1286378	1291250	4872	TGCCCGATTTTGTTGTGGCGCGGGATAAGTAGGCCCGATGCCCTACTGATTCTCACCTTTCTCGGGCTGAAAAGATCGTTTAGTCGCGACAGCGAGCGAAATCTCAACGGCTGGAGTATTTTGAAGAAGCCCAGTCATGGAACTACCCACCCCTATTCGCGTCCTTGTCGCCAAGCCCGGACTTGATGGCCATGACCGCGGCGCCAAGGTCATCGCCCGGGCTTTGCGCGATGCCGGCATGGAGGTCATCTATACCGGTTTGCGCCAGACTCCGGAGATGATCGTCAACGCAGCCATTCAGGAGGACGTCCAGTGCATTGGACTAAGCATCCTGTCGGGCGCCCACAATGTCATCGTTCCGCGGATCATGGCCCTGTTAAAAGAGAATGCCGCCGACGACATTCTTGTGGTACTCGGCGGCACTATACCCTCTCAGGATATTCCGTCCCTGAAAGCTCAGGGGGTTGCTGCGGTCTTTGGTCCCGGAACCTTGCTTGCGGCGACGGTTAACTTTATCCGCAGCCATGCCCGCCGCACAACGCTACACCCTTCCTGAGCCGATTGTCCTGAGTTCAGGCAACGTCTCGAATGGCCTGCCGCACATGCTGGACCGCTTCCTCTTTCAGTTCCAGGTGATGCACCTTCGCCGCATGGTCCTGGATGGTCGGCACCATCTCCTCCTCAGAGTTGCCTTCCAGCTTCCAACCGCACTCCGTGTAGCCGACATCGGCGCACCGGAATTCCTTCTTTGTCTGCTCCGCCATAAACTCCTCCTCGCCGAAAAACGCTCGGCTTACTCTCCTTTGGGATGCATTGACCTCAAGGGAGATTGCTCCATGACCCATGGCAACAATTCATGAGACGATGGTTTCACTAATATCCAACGCGTTGTTATTGGCCCGCATCAAAGTGGAGTGATTATCCGCTTTGGCATTGTAATCGGCTTCCTGCTGCTTAGGAAATACAACCAGCTATGAACGTAAATGGAACTGGTCAAACCGGTGCGCCGGCAAATGGTGCGCCCAAAAAGCATGTAGAGGTTCCTGGAAGCGCCTGGGGGGATCGGCTTCGTGCGCTCAAGAATGTGCCGCCCGTCCTCAAGATCCTTTGGGAGTCCGGTCCAGCGGTCGTCACCTGGGGCATCATCCTGCGGCTCATCACTGCCGGATTGCCTGCCCTGCTTGGTTACATATCTTCCTGGATCCTCGGCAATGTCAAGCTGGCGATCGATCACCAGCCACTGCCTCCGCGCTTCTGGTGGATGGTTGGGGCTGAAGTATTCTTTGCCGTTTTTGCGAACGCGATCAATCGCCTGATCGACTATCTTGATAGCCTGCTCTCCGACCGTTATACCTTTTTCGTCAGTGTCCGGGTGATGCGGCAGGCTGCCGACCTCGATCTCACCACCTATGAAGACCCGGTCTTTTATGACCGGCTCGAACGTGCCCGCGTCCAGGCGACTGATCGTCTCGGCATGATCCAGCAGATGGGCCGGCTCTTGCAGCAGGTAGTCACAACCGCCATCTTCACCGGCATTCTTATGTATCACTCGCCGTGGCTGGTGCTCCTGCTGACGCTGGGCGTACTGCCATCCTTCCTGGGCGAGACCCACTACGCTTTTCTTGGCTATGCCAAGAACTTCCGCCAGACTCCCGCCAAGCGGCAGATGGACTACTTGCGCCAGGCCGCGGGCAGCCGCGAAGGCGCGAAGGAACTGAAGCTCTACAACCTTGCCGATTACTTCACCGGCCGTTTTACCTCCCTCTCCAAGGAGATCTACGAAGAGAACATCGAGCTTTCCCGCCGCAAGCTTTTTTGGGGCGGCATCCTGACCATGATCGGAACGCTCGGCTACTACGGATCGTATGTTTTCGTGATCTGGCGCGCGGTCGAGGGACAGCTCGACATGACCACCCTGTTGTTCCTGACCACTTCGATTATCCAGGCGCAATCGAACTTGCAGCAGGTCTTTTCAACTGCCTCAGGCATCGCCGACCAGGCGCTCTTCCTGACCGACCTAATTGCGTTCTTCGATATGAAGCCGACCGTGATATCGAAGCCGAATGGCCAGCTCGTACCTCGCCCGATCCGCCGCGGCTTCGAGTTCCGCAACGTCTCTTTCGCTTATCCAGGGACAACTCGCCGGGTTCTCAAGGACTTCAACTTCACCCTTTCGCCCGGGGAGCGCATCGCTCTAATCGGCGAGAACGGCCAGGGGAAGACCACGGTCGTTAAGCTGATTACCAGGTTGTACGACCCCACTGAGGGTCAGATCCTGCTCGATGGCGTTGACCTGAGGGAATACAAGCTTGAAGATCTCCATCATGAAATCGGCGTCATCTTTCAGGACTTCATGCGCTACGAGATGACCGCTCGCGAAAACATTGCGGTGGGCCGGGTGGAGCGTCAACATACCGAAGAGGAAATCGAACATGCCGCCGAAAAGAGCCTCGCCGCCAGCGTGGTGGCAAAGCTCAGCGGCGGGTATGACCAGATGCTCGGCCGCCGCTTCGAAGGCGGAGTCGAACTCTCCGGGGGGGAATGGCAGCGGGTCGCCCTGGCGCGCGCTTACCTGCGCGATGCTCAGCTGCTGATTCTTGATGAGCCGACCGCAGCGCTGGACGCCAAGAGCGAGCTTGAAGTCTTCGAACGTTTCGCTGAACTCACCACCGACAAGATGGCGCTCCTCATCTCTCATCGCTTCTCGACGGTACGCATGGCCGATAGGATAGTTGTATTGGCGGGGGGCCGGCTGGTCGAGGAGGGCAATCATCAGCAGCTAATGGCGCTTGGCGGACGCTATGCCGAAATGTTCGAGATGCAGGCCGCCAGCTACCGGTAAGTGTTGATACTTGACGATCTACAGTTGGATCCGTATGGCTGGTTTGAACCACACTGCGGCGAACAGATTTAATGTTGAATGGGCTGCAATTGGAGTAGCGCTGAAAACCTTTTTCCTGGACAGAACAAACCTTGACATCAATGACTGAATTCATTCAGATAGCCGACGAAAGAAATCCTGACGCCGCTCCCCTCTCGGTCGACCATCTTCGTCAGCATGCACGTACCACGGCCCGCGGCTGGGGTGTGACCCGAAGGCCACAGGGACGAGGTGCATTTCCTGCCCGTGTGGAAGCTGCCCGCACCTTGCTCGATAAACTTTACGGTCAGCTCGACCGAATGCCGCCGCCTGACTACTCTAAAGTTACTTCCCCCGACCCTATCCTTGAACTGCGTGAAAACCCCCGCCTCATCCGGGCAGTCGTCTTGGAGGCGGCTTCCTTGCGCCGTAAGATCCCGGGGCTCCCTCGGGTGGTCACGCAATCCGCCCATGCTTCCGCCCATCCGGGCGAACAACAGGGAAGCTTGCCGCGGAATCTATACATCGCCGAAGCCTATTTCGATGCCACTCAGTCGGTCTGGAACCCGGACGCTTTTCGCATCTACCTTGAACAACTCCAGCTGGACGATCCGCTCGATCTCGAAGAGCTCTGGGCGATTCCAAGCTTCATGAAGTTCCATCTTCTGGAGCAGGTCCTCGATCAGGCACAGGGTATGCTTGACTCGCCCTCGACCGTAGACCTCGCCTCAAAGAAGCTACTCTCGACCCGCATCAGGACCCTTCGAGATGTGGGCTTCGCCGACTGGGTCCCGCTGCTGGAGTCGTTGATCATTTTCGATCCCACCTTGCGCCAGGATCCAGCACACTCCTACTCGCTGATGGATTTTGAGACTCGTGAGAGCTATCGCAAGCGCATAGCGAAGGTGGCCCGCTACTCCGAGTTCACCGAAGCTCAGGTAGCCTCTGCCGCCTTAGACCTCGCTCACGAGGCATGGAAGCTTCCCATCACCGACGCTCGTCTCTACCTGCGACGCAGCCACGTCGGCTATTATCTGATCGATAAAGGATTTCCGCAGCTCGCCAGCCGCATCGGTTATCGCCCCGCCTTCATCGATCGTTTGCGTACGCTTATCCGTAACAACGCCGATGATTTTTATATTGGCGGCATCGAGGTCATCACTATCCTGCTGATGGCAGCGGTAATCGCGCCCTTGGCTTCTCGCTATCCGGTGATCGGCGGTCTGACACTCGCCTTCTTTCTGCTCCTGTTACCCGCCGCCCAGGGCACCGTTGACCTCTTCAATAACATTGTCACCGCGCTCTTCAAAGCGCATCCTCTTCCGAAGCTCGACTTCAGCAGCGGAATTCCAGCCGAGTTCGCCACATTTGTGGCTGTGCCCACGTTGCTGATGAATGAGAAGCAGCTTCGCGAACTCGTGGAAGAACTTGAAGTCCGCTTCCTCGCGAATCCCGATCCCAACCTCCACTTCGGCCTGGTTACCGATCTGCCGGATTCTGTCACGCGGCCTCGTGAGAACGACACCGATCCGTTGGTCGACCTGGCATTGAGCCTCATTAACGAGCTGAATGCCCGCTATCGCGAGAGCAACTATGGATCCTTCTTTCTCCTGCATCGTCACCGCATTTTCAATGCCAGGCAAGGCGTGTGGATGGGCTGGGAACGCAAGCGCGGCAAGCTGCTTGATCTGAACAAGTATCTGCGCGGCGACTTCGACGCCTTCCCCGTCAAGGCGGGAAACCTCGAGGTACTGCGGCAAGTCAAATACATCATCACCCTGGATTCCGATACTCAACTGCCCCGCGGCACTGCGTCCCGCCTGGTCGGCGCGATCGCTCATCCGCTCAATCGCGCCATTATCGATCCGCGTTTGCGCATCGTCACAGAGGGCTACGGTTTGCTGCAGCCGCGAGTTGGGGTCAGCGTCAGCTCCGCTTCCCGTTCTCGCCTGGCAGCAATTTATTCGGGGCAAACCGGCTTCGACATTTACGCACGCGCGGTCTCCGACGCA
CP030840.1_gap37	1293424	1297862	4438	GTGGGGCATCTCCGAATCCGGATATGCCGAGCAGGACCCTGCCGGCCACTACCACTATCAAGCTTTCGGCATTCCCGACATGGCGCTGAAATGGGATGCGACCGCTGGCCCCGTCGTGTCGCCTTACTCCACCTTCCTGGCGCTCGGCACCGATGCGCCGGCGGCCATGAAGAACCTTCGCCGCATGGCCAAAGCCGGATGGGTTGGCGCCTATGGCTTCTATGAGTCCGCCGATTACTCCCAGACGAAAGGCCAGGCCAAGCTCGTTCGCGAGTGGATGGCCCATCATCAGGGAATGTGCCTGCTCGCCATCCTCAACCTGTTGCACGAAAACGTCGTCCAGACCTGGTTCCACTCCAATCCACAACTGCAAGCGACCGAGCTGTTGCTGCACGAGAGACCGATGCGCGAAGCGGCTTTGAGGGCGGAATACAAACAGTTCTCCCCTAAGACTCGCCGCACCGCCTGAACCGGGAGCAGAAACGAAAGATCGCGAAAATTAGCTGGGCTCAATCGCAGCTGCATTTGGCGACAATTAAGGTAATGTCGTCGTGTTGTTCCTCGGAACTGAATCGACGAAGGGCCTCAACGATCAATGCCAAAATCGCTTGTGCCGGTTGCGCCCGGTGGCGTCTCAATGCTTCGATCAGACGAGCTTCGCCGAACTCCTCTTCTGCTTCATTGAAGGATTCAGTAACGCCGTCGGTGTAAAGGGCCAGCATGTCTCCCGGATGCATCTGGCACTCTACCGTGGGGCCATCCCAATCTTTGAACAAGCCCAACACCGTGCCGGTTGAATGAAGCATCTCCAGGGTGTCATCCTGGCGCAGAAGGATAGCCGCCAAATGGCCGCAATTCGTATATCGCAATCGTTGTTTCGGGCCGTCATATTCGGCGTAGAAGAAGGTCGCGTAGGAGCTGTCCGCGGTGTTCTGATAGAACAGCTCATTCACTGAGCGCAATAGAAGGTGCGGCTGCTCGCGAGCCAGGGCAAATTGGCTGCGCAGGTTTGCTTGAAGATTGGCCATAAGCAGCGCCGCTGCCATTCCCTTGCCGGAGATATCGCCGATCAGCAACCCCAGCCGCTCTTGTCCCAAGGCCAGGAAATCATAATAATCCCCACCGACGTGACGGGCCTGGATGCACACGCCGGCATAATCGAGGCCCGCCACCGCAGGCAGGGTCTGCGGGAAAAGCCTGGCCTGCACCTGCTTGGCAATCTCCAGCTCCTGTGCGGTGCGCCTTTCCAGCTCCGCCTTCTCAGCGATCGCGCGGCGTTGCGCTTCAATGTCTCGGCTCATCTCGTCGGAAGCGATCAATTCAAATGCGTTTTTGTCTGGATCGCAAAAGCGGGCGAACGTTCCTCCCCAAAGCTGCGACTGCGGCGGTTGGGAAAAATGCACTCCCCGGCTAAGCCACAACTCATAGGTGGCATTGATGTCCTCGGTAATGAATCCGATGTTGGTCGGCCGCCCAATGAGCTTGTAGTTGTCAGAGTTCCGCTTCGGCGCGAGCAGCGCCAGGATCGTGCTTCCATCGGGAGGAGCGACGGCGATCCACCGGCCAAATTCGAAGCGGCCATCGGCCAGGACGCTGAACCCTAACTGATCCACATAAAAGGAGACGCTCCGGGCGAGATCCCGAACGTAGACATTGGATTTGAAGATACGAAGATACGGGCTGTCCGAGCTTCCGCGCCTTGTCCCTCGTTCCACCAGGTCCAGCGGAGCGGAGGTTTTCTTCTCAGGAGTTTTCACTCTGGCTCAGTGTTGATTCCCTTTCTGCAGCTATGGTAACGCCGCCGGTTCTCGCAGGCATTTCCTTTCTCTCGGTCTTGCGGAATTCCTCCATCCACAGAGCTCTTTCGTCATGAGAATGGAGAATTTGGATGAATGCTGAGATCCTACGGCAGCCGTCATTCATCGGTAGTCAACGGTCGTATCTCGGCAGTCGGCTCGCTGATAAACTCGAATTAAAGCAGCTCATCCAAAATTTGCAGGAGTGTCACACCGCATGTCCGATACCGCAGTCAAGATCACTACCCGGCCGAACGGCCCCTTCCGCGTCGAAGGTCCGATTACCCTCATCAATGTCGATGGTCAGGAAATCGATCTGACCGGCAAACCCGCCGTCTCCCTCTGTCGCTGCGGCGCCTCGGTCAACAAACCATTCTGCGACGGGACCCACTCCAAGATCGGCTTTCAGGCGGCTGAGGCCGCGGTTGCCGCCGAGCAGAAGTAGCGCGTTTCAGTGCTCTAGGCTCAATGGGCGGCGGAGCGGGAACGACTTACCGACGGCGAGTTTGACTGCCGCTGCCCGTAGTGCATCCGCTTATGATGGAACGGAGGGTAAGCAAGATGAGAACAGCAACTCTCGATTGATCGCGATGCCCTGCCGTGGAGAGCACCCCTGGTAAGCGTAGCGGCGCATGGGTGTTCAAAGGGACGCGGACGCCCGTTTCAACCGTGTTCGAGAACCTTCAAGACATGAGTGTCGACGAGTTGGTCGAGGGGTTCGGAGCGACTCGCGAACAGGTTCAAGCCGTCCTACAACTCGCGGCGCACAGTGCGGAAGCAGCGGCTTCTCGCCCATAGATACTGGTTCTTTTACAATGGAGCCCCGCGCACTCTCGCCCGCTACCTGATCGAACATCATGCGGTCACTGAAGCCCGCGCCCGTGGGCTGGCAGGATTGGAAAACGGCGACCTCTTAAACGAGGCCGAAGCCGCATGGCCTTGAAGTGCTGGTAACAACCGACAAAAACCTCAGTTATCAGCAGAATCTAGCAAGCCGGAAGACGGCCGTGGTTGTGCTCGGCCAAGGCCTCTGGACACTCATCAAGCCATATGTGGCGCAGGTCGTTGCGACGGCGAATGCGGCGACACCGGGCAGCTTTTCCGAGGTGGAAATTCCGTTTGATTCCAGTTAGATCCGAAGAGCGGGGAAGAAGCGGCAACCCGGCTACTGCGATCCCAATCCCAGCGGTTCTCGCAAGAACGTATAGGCGATTAGCAATCCTGTGAGCCCAAGACCAATAAACACAGAAGCAAGTAACGCCAGACGGTTCACCGGTCGAGCGCCGCTACCTTCGCCGATCTCGCCCAGGAAAGCGCAAGCGCCGATTATGGCTCCAACCAGCGCGACCATGACCCATCGTTGCCAAGCGGTTAAGGAGCGGTTGCGCGCCGGTATCTCTTCTGTGCGACGTTCATCGGATGCGTATGGCACGAGGGCGTTCAGCAACGGTCTCATCGGTGCGAAGAGAACGATGGCACCCGCAACCACCGTGAGCAGATGGGTAGCAGTGCCGTGAATTAACTGCTCTGGATAAGCGACCAATACCAATATTGCAAATACAGTAGCGACTGTGGCCGCTTTCCAGTCTTTGGCGGTGGGCTCTGTAGCGCTCTGCGAGGTGCGGATGGCCAGTTGCACGGCTGCCGTGACAAGTGCCATGCCGCCAAGTAACGCGATGAGCATGTTCTGCGACTTTGACCCAATCCACATCGAAGGGTGGCGGCCCATGGAGAGTGCATCCGACCCGAGGGTGATGAAGACTACCAGAACCACCGCCTCCTGTGACCGGATGAGATACACCTGTCGCTTTCCGGAAGGGGCTTCGCGGTAGGGGCGAAACGCGCGAAAGAGCGACAGCAATGCGACAAGAATTCCCACTATGACACCAAATGAACCAATAGCATCATACGGGTCTTCCCCAAAAGGGATGACGTCGAGCAGAGCGGGATCGTGTTTGGCAAACATGAACAACCAGTAGAACAGGCAAGCGAGTCCGAAGACGATCACGGCATTGCGCTGGAGAACCTTCGGCATGGATTAGCCCCACTCATTGCGATACCGGCAAAGGCGCTTTTCGTGACTGACCTCAGTGAATGGTCTTCATCTTTCGTTGCATATAATCCATCAGCAAATACTCGCCCAGCGTATCCGGCGTCGTGAAGTATGCCTTGCCGCGACACATCGATGTCACCTTCTGCACGAACTGCACCAGCCCAAAATCCGAAGCCAGCATGAAGGTGTTGATCATGATGTTGGACCGTTTGCAGCGGGCGACCTCATCGAGCGTCTCGCTTACCACGAGCGGATCAAGTCCGAAGGCATTCTTGTAGATCCGGCCGTCGGGCAGCGTTAACGCCGAGGGCTTGCCGTCGGTGATCATTACGATCTGCTTCATGTCCTTGCGTTGCCGGGAGAGAATCTGCTGGGCGACCCGCAGCCCTTCGCGAGTGTTGGTGTAATGCGGGCCGACCTGCACACGCGGCAGCTGCGAGATGGGCATCTCTTCCGCTGAATCGTGAAAGAGCACGAGGTTCAGCGAGTCCCCCGGATACTGAGTACGAATAAGATGCGAGAGCGCCATCGCCACTTTTTTCGCCGGGGTGAAGCGGTCCTCGCCATAAAGAATCATCGAGTGCGAACA
CP030840.1_gap38	1313610	1317049	3439	AGCAGTCGGCCGGTGACGTTCTCATCGAAAAAAGCAAAAGCCATGGCGACCGCATGCGGCACCTTCACCGTCGGAGAAGGGAGCCCAGTGATCGCCGAAAGCTTATCCAGGATCTGCTTCAAGGTGAGATTTTCGCCACCGAGAATGTACCGTTCGCCAAAACTGCCCACTTCGAGTGCATCCGCGTGCGTCCTTGCTACTTCGCATACATCGACCAGGTTCAGTCCGGTATCGACATACGCCGGGAACTTGCCGTTGAGAAAGTCAACAATGATTCCTCCGGTAGGTGTGGGTTTGAGATCGTGAGGACCGACCGGCGTGGTTGGATTGAGAATCACGACCGCCTGGCCAAGCCGGGCGGCGCGGACGGCCTCTTGCTCGGCAAGATATTTCGAACGTTTGTAATGTCCGATCATGTCGGCAAGAGAAACCGGCGTCGATTCATCGACAATCGTGCCGTCCCTCCGGAAACCCATCGTCGCCACGCTGGAGGTGTAAACGAAGCGGGGGATGCCTTGTTCGCGGGCCAGTCGAAGCAGATCTCGCGTACCGTCCACATTGGCGGCATACATCATTTTGGGGTCCCGTACCCACAGCCGATAGTCGGCGGCCACATGCATCACCGCATCGCAGCCGCGGATCCCGATCTCCAGGGTGCTTGGGTCGCACAGATCTCCGACGAAGCTATCTCCGGCGATTCCCTTCAGATTGTCCAGCCGACTTGTCTTCCGCGTCAGCAGACGGAGACCAGCTCCCCTGTTAGCAAGTTCTCGCGCCACATGACTACCAACAAAGCCCGTTGCGCCGGTAAGAAAAACTTTCATATAGAAGGAAGACGACACTCCGCGCCAGAAGTGGCGAGAGGATAAAGAAGCCCCATTCCAGTAAATTGGCCTCTAGTCCAAGGCCTCTGGCTGCAGGCCTATATTTTTTTCACCCGCAGCTTTTTTCTGCTGATATTGCGCAACCCAGTGCTCCCAATGCTTGCCCGCTGCCCGGTCTTTGCCAAACTCCAGCCGGGCAATGTCAGCGTAAGAAATAGAGAGCTTCTCATTCGAATTCACCGGAAAGAGTCTCACGAACGACTCACTCAGTGACTTGCCCGGTCGCCGGTCGAAGATGTAACCATCGAACTTGGTTCCGTCCTTGCCGGTGATCGTGATGTCACCGCGATAATCAAAAGCCTTGTCGAGAGCGGCGACGATCTCAGAATCAGACGCCAACTCAGGGATCCAGCCTTCGAGATTCTCGTGTTCGAAGCCGGCGGCGACCTCGATGCTATCGGGATCAGCTGCGGCCGGCGTTGTAACTCTTTCGCTCAAGCGCGCAACTCCTCGACTTCTCTTTCGACGGGTTCAGAGATCTGGACAAGGGTGCCGTGACCGCCCTGCGCTGGCTTGTTCAGCAGATCGAGCGCGCCGCGATCTTCATACTTGTTGAAGAGCGTCGCCTTGACCATGCCGAGGAACCCGTTGAGCGAACCAAAGCCATGATCGACAGCGGTCGGCTCGTATCCGCAGCTGACCATGCAGTTCGCGCACTTGGGATTTCCGCTTTCGGTCCCGTAACCGTCCCAATCGGTTAAATTCATCAACTCTTGAAAGGTGTCGACATAACCATCCTGCAGCAGGTAACACGGTTTCTGCCAACCGAAGATGTTATATGCTGGCGAGCCCCAGGGTGTGCATTTGTAGCTCCGCTTGCCCATGAGGAACTCAAGGAAGAGCGGCGACATATTGAATTTCCAGCTTTTCTTCCGGTTAGACAGAATCGCCCGAAAGAGCCTCCGCGAACGGGCGCGCCCGAGGAAGTGCTTTTGATCCGGCGCCTTATCATAGGTATAGCCCGGTGAGAGCACAATGCCTTCAACCCCCATCGACATGACCTCGTCGAAAAAGGCGCGCACGCTGTTGGCATCGGCGCCATCAAAAAGGGTCGTGTTAGTCGTCACCCGGAAGCCGCGTTTTACGGCCTCGCGAACGCCCTCGACAGCGATGTCATAGCCGCCTTCGCGGCAGACCGAGAAATCATGGTGTTCGCGTTGACCGTCAAGATGCACCGAGAACGTCAGGTATTTCGAAGGGGTAAACTCCGGCAGACGCTTCTTCAATTCGAGGGCGTTAGTGCACAGATAGACGTACTTCTTGCGTGCAACCAGGCCTTCGACAATCTCGACGATTTGCGGGTGCAGCAAAGGCTCGCCGCCAGGGATGCTCACCATTGGGGCGCCGCACTCCTCGACTGCCGCAAAGCATTCCGCGGGCGAGAGATTTTTCTTGAGAATATGCGGAGGATATTGCACCTTGCCACAACCTGCGCAAGCTAGGTTACAGCGGAAAAGCGGCTCAAGCATCAGAACCAGCGGATACCGCTCGCGTCCCTTCAGCTTTTGCCCCAGGACGTACGTCGCTACCGTCCACATCTGTGAAATCGGTACAGCCATGGATCCAATCTCCTTTACCTCAGCAACCGTATTCGCCGAAAGTCCCCGCTTCGGCCTTGCTTGATCTCCTAAGCCCTGTTGTTGATCTCCTAAGCCAGGAACTCAAGCCGCTGCGGAACTGCTTCGTGACTCCGTCCGTTTGCTGCTAAACACCGCGCTCCATCGACTTGCGGTAAGTGGTCAATGCCAGGAGCGGAAAATAATCGCGATAGTGGTGGTAAGCCAGATAGAACACCCGGGGAAAGCCGGTACCGGTATAGATCGCCTGTTTTTCGGCCCCTGATCCACGACTTTCATCCCAGGATCCATCCGTCCGCTGATGGCTCAGCAGCCAACGAATTCCCTTGGCCACTGAATCGCTTCGCGTATCGCCCGCCGCCAATAGCCCCAGCAACGCCCATGCGGTCTGCGACGGCGTGCTGACTCCAACCCCGCGGGTACCTGGATCGTCATAGCTCTCGCAGCTTTCGCCCCAGCCGCCATCGGAATTCTGCACCATACGGATCCACTCCGCTGCCTGTTGAATCTGCGGCTCGTGATTCCACACTCCGATCGCTTCCAGCCCCCGCAACACCAGGAAGGTCCCATAGATATAGTTCACGCCCCAGCGGCCAAACCAGCTTCCGTCCGGCTCCTGCTGGTCATAGATGAACTTGATCGCTCGTTCGACCCGTTTGTCTTTGCTCGTATAACCGTAGGTAGCGAGCATCTCCAAGATCCGCCCGGTAATGTCGACGGTCGGAGGATCCAGCATCGCGTTATGGTCAGCAAACGGAATGTACTGAAAGATCATCTTGGTGTTGTCTTTGTCGAAGCTTGCCCAGCCACCGTTCTGGCACTGCATGGCGAAGATCCAATCGATCGCCCGCTTCGAGACATCGTACTGGTAGCGCTCGCGTGGATTGTCGACCTTGTTCAGCGCAAGCAGAACCTGCGCGGAATCGTCGACATCCGGATAAAACTCATTATTGAACTCGAAATACCACCCGCCCGGCT
CP030840.1_gap39	1325674	1328132	2458	CCATGTCATCGGGCTTCCGGGCAAGGGAGACATGCCATTTTCCGCGGTAGGGTGTCTGGTAGCCGAGTTTTCGCAGGAGTTTGCCGTAGGTCGGGTAAGCGGAATTGAGCACCGGTTGCTTATACAACAACGGGTTGGTGATGATGGGTGGCGAGATGATCGTGGTGAGCAGCCAGTTCTGCTGCGAGTAGAGGCCGGTGATCATGACGCCCCGGGAAGGAGTGCAAGCATTTGCGGCAGTGTGGTAGTTGTCGAACTTCACTCCGCGCTGCCAAAGGTCGTAGACATGCGGCATGAACTGCTTGAAGAATCCTGCTGCATCGGTAATGCCCTTGGGAAACACCGAGGGGTAACGCAGTTCATCGACAAGAATAAAGAGGATATTAGGCTGGTTCGATTTGTTTGGCGCGTTTTGAGCGGACAGCTTACTCAAACCAAGACCACTCATTAGGCTCCCGCCTGTCACGGCGGCGGTGGATTTCAGGAAATCTCTACGCTTCATCTAAGCACTCCCTTTCGACCGTAACTCTCGCTGCACGCCCTTTCTTTGTCCATACAGAGTCTCTAAAGTGATCTAAATTTGGTCTAACGAATCAGAATTCGCATGACTAAGCCGCCTTCATTCGGCAAGAGTAGAAGGACGCAATGCCGGCTTAGGATCGCGTTAGAAAAGAGGAATTGAGTGGTGGGGCTCCAAGGAGGCGCAAACGCAGAGGGAGTAGAACCGGCAGACCGTACCTTCTAGTTACCAAGGAATTTTGCGAAGCAAATCTGACGGGATAAAGGAACGTGGCCTCTCGGTAAATCGAAGGACTTTGCCGATCGACTCGGAAACCGTGACAGGTCCCGGAGCGACCGGCGCCTGTCGCTTACAGGATGTAGCGTGCCAGATCGTGATCCTTCACAATTGAAGCGACCATATGCCGGACGTATTCCGGATCGATCACAACCACCGTCTCCAACCCTGAAGAGGTCTGACGCTCGATCACCGGCAGCGGGAAGCTCGCGCCGCTCTCTTGTGCGGAAGCTGCTACGTCGATCAGGTTCCCACTTTCGCCCTTGCGCGCCTTGGTGAGATCGGGAGCGAGGAAGCTAATCTCGTCGAGCACCTTTTCCATAATGGTATGCAGACGGCGAGCCCCGATGTTTTCCGTCGTTTCGTTGACGCGGAAGGCGAAGTGAGCCATCTCCTTCAATGATTCCGGGGTGAACTCCAGCTTGAGGCCTTCGGTATCGAGAAGAGCGGCATACTGCTTCGTGAGAGATGACTTCGGTTCAGTGAGGATGCGAACGAAATCCTCGACAGTGAGCGATTGCAGCTCGACTCGGATGGGGAAGCGCCCCTGCAGCTCCGGAATCAGGTCGCTGGGCTTCGAGACATGGAAGGCTCCGGCGGCAATGAATAAGATGTGATCGGTTCGCACCATGCCGTAGCGGGTATTGACGGTAGTGCCTTCGACGATCGGCAGGATGTCGCGCTGCACACCTTCGCGCGAAACATCCGGGCCGTGTCCGCCCTCACGCCCGGCAATCTTGTCGATCTCGTCCAGAAAGACGATTCCGGAGTTTTCTACTCGCTCGACGGCGACCCGAGTCACCTGATCCATATCGATCAAGCGGCCTTCTTCCTCTTGGACCAGATACTCAAAAGCCTCGGCCACCTTCATCTTGCGCTTTTTCGTGCGCTGGCCAAAGAGATTGGGCAGGATGTCCTTGAGGTTAATGTCCATCTCCTCAACACCTTGATTGGAAATAATTTCAAAAGAAGGGGAGTTCCGCTCCCGCACGTCGATTTCCACCGTACGCTCATCCAGCTTGCCTTCGCGGAACTGCTGCCGCAGCTTCTCCCGCGTCCGATTGTGAGATTCGTTGCTCGGGTTCGGAAAGCTCAGCGTTCCATCGGACTCATGACTGGGAGCGTCGGCCGATACCCCCCCAGGAGTCGATGGCGCTGGTGGATTCGCCGTTGACGCCGGCGATGGCGGCGGCAGCAACAAATCCAGCAGCCGCTCTTCGGCATTCATCTCGGCTTTGTCTTCGACCTCTTCCAGTTTTTCCTCGCGAACCATGTCAATGGCGATTTCAACCAGATCGCGGACGATCGACTCGACGTCCCGCCCCACATAGCCGACCTCCGTAAACTTCGAAGCTTCGACCTTGAGGAAGGGCGAGTTAGTCAGCTTTGCCAAACGGCGGGCGATCTCCGTCTTGCCGACCCCGGTTGGCCCGATCATGATGATGTTCTTGGGCATGATCTCATCGGCAAGCTCGGGCGAGAGCTTCTGACGGCGCATCCGGTTACGTAAAGCAATGGCAACTGCACGCTTGGCGGCGTGCTGGCCGACTACATATTTGTCGAGCTCCGCCACGATCTCTCGCGGAGTCAGATCATCGAGTGCAAGTTCCTGGTCCTCAGCGGCCCCAGGCAAATAGATCGCCATATATCCAATCCTTTGCT
CP030840.1_gap40	1515188	1516773	1585	TCTTCCAGTTGACCGCCGATGAAGATGAAGAAGCCGGCCATCACCAGCCACGGGGTACGCAGCGCGATGCCGGCAGCGAAGATTAACACTGCGAGCACCTGGCTGATACCAGCGGCCGAACGGCTGGCCTGGGCGGCTTCACGAGAACGCTTGAATTCACCCAGCAGAATTCTTCCGCCATCCAGCGGATAGGCAGGCACAAGATTGATCAGGCCGAGGAAAATGTTGACCCAAACCGCCGAGCGCATCAGGTGCGCGGTGGTGATCCAGGGGAATTCAAGGAGGCTCACCTGCGAGGTTGACCCGGCGATGAGGCCAGCCACAATTAACCCGAACGACAGGTTTGCGAGTGGTCCTAACATGGCCATCGGTGTCTGCACTTTGGGGCTGGAGGCGCGCTCGGTGCTCTCCGGATTGGCATAGGCGTAGAGGCCGCCGGTCGGGAGCAGCAGGATATTGCGAATCTGCAAGCCGAAGTAGGCGGCGCCGAGGACGCGAACTGCCTCGCGCACAGTGACCGCGGCAAGCAGCAGAATCCACAACATCATCCCCCGCCAGATGCTGAGATTGACCGCGGTCGCACCCAACATGCAGGGTCCGGTGAGCAGCAGGAAGAAAGCATGGATGCGGACATCAACCCCGAACCATCGTCCCATTGGGAATGACCAACCACGCATGGAGTGCTCCGTTCCTTGGCCGGCAGCGAGCAACCGGCTCTGGACATTGTAGAGGTTTGGGTCGGTTTGGACATACCGACAGCCCCGCTTTGCTAAGAACGGCTGCTAGCATGAAGCGGATGCGGGTGATTTCCGGGATTTATCGTTCCCGCCGGCTTGCCGCTCCGGATGGGCTGGCGACTCGCCCCACCGGGGACCGGGTCCGCGAGACTCTGTTTAATATTTTGGCTCCGCGGATCGCCGGCGCGACCTTCGCGGATCTCTTCGCCGGCTCGGGGGCGAACGGAATTGAGGCGATCAGCCGGGGCGCAGGCATGGTCTTTTTTGTGGAGAATGCGCCGCCAGCATTGGAGGCGCTTCGTCTCAATTTGAAGTCACTGGGGATCGTATCGGGCTTCGGCCTGGAACCGAGGAGCGTTTCCTCCTTTTTGCGCCGGCTGGCGCAACGGGAGCGCCGGCTGGACATCGTCTTTCTCGACCCGCCTTACGACGCGTTGCCAGAGTATGCCGTGACCCTCGATTTACTGGGAGGAGAGTGCAGCTCGCTGCTCGACCGCGAATCGATCGTTGTCGCCGAACACCGGCGAAAGCAGCCGCTTGCCGAGCAATATGGGGAGTTGGTTCGATACCGGGTGCGGGAGCAGGGCGACACCGCTCTCAGTTTCTTTCAACGGAAGAAGATGGATATTGAAGAGAGTTCTAGCCCGATTTGAGTGCTATCTGATTTGAATGCTACCCGGTCTGGGTATTATTAGGCCGGCTGGTGCTCGCCGGTGGCCAAGTCTACCTTGAACTCGAACTCGCGGTCGGTCATCATGTCCCAGCCCAGGCCTATGAGGGACTGATCATCAATCCTGAGGATCTTGAATCCCTCCCAGGAGAGTCGCCCGGTCTGCCATGCCTTCCCG
CP030840.1_gap41	1536475	1540382	3907	TCGCCGGAAGACAATCCGTTGGCGGCACTGCCGGCGATGCGCTCCGCAAGCAGGAAAAATCCTGCCGCGACCAAGAAGTAGAGGAGGGCTCGAACCCGGCCAGGAGCGACCTTCCCCGAGACATCGGCCGTACTCAAGAGCAGACCCCTAGGCGGGTTCCATTGAGAGCATTGTTGCTTCTAGTCTGTGCAGCCGAGAGTCGCGATAGGGTGGTCATTCGTAGTAAGAAGGCGTGTCTGGATGGTTGGATTCGTCAGGATGTATAGAATTGTCCGATATTCCGGAATTTTGCCTGCCGCGCGGCGAGAAGCTGCTCGATCGGCACGGATTTTACTTCTTCAAAGTGATGAACCAACGCTGCGTCCAGCATGGTTGCTGCCGCGTCAAGATTTGCCTGCGCCCCCTCTCCGGGTTCCGGAACGATGTCATCGATGCAGCCCAATGCCCGGATTTCGGAGGAGGTGATTTTCAGCGCCTTGGCCGCGTCAGCGCGCTTTCCGGCGTCCCGCCACATGATGGACGCGCAGCCTTCGGGGGAGATCACGGAGTAAATTGCGTTCTCGAGCATCAGCACCCGGTCAGCCACCGCGATCGCCAGCGCACCGCCGGAACCACCTTCGCCGGTTATGGTGGCGATCGTGGGAACACGCAGCCTGGACATCTCCAGCAGGTTCCTGGCGATGGCCTCGGCCTGGCCACGCTCTTCCGCGCCCATGCCATGCCAGGCTCCGGGAATGTCGATGAACGTAAATACCGGCCGATGAAATTTCTCGGCGATCTTCATCGCGCGCAATGCCTTGCGATAGCCTTCGGGATTGGGCATGCCGAAATTACGCTGCACCTTCTCTTTGGTGGTGCGCCCCTTCAGGTTTCCGATGATCATGACTTCTTCGCCATGGAATCGCGCCATGCCGCAAGAGATGACCGGATCGTCCCCGAAAGCCCGATCGCCGTGGATTTCGCTGAAATCGGTAAAAATGCGTCCTACAAAATCCATCGGAAAGGGCCGTTGGGGATGCCGTGCTAACTCCGTTTTGACCCATGCCGCGGGAGTCGATACCGCTGTTCGCCGCTGCTCTAAATTGCCTGCCTGCTCTGCCATAATGCTTCTAATCCGCTCGACCGCCAAGATTTTGGCTTAGTCGATGTTTCGATTGTATGGACACCCGGGGCAGGAGACAAACTCGGTGCTAGGCAAGCAGCCACTCGAGACGACGAGGCTTGAAGTTAAAGGTCTTCTTTGCCTTCGCGTTCGAAGCGCCGCTGAGCCTGTTGGCGTAGTAGACGGCGTCTTCGCCAGCAATCCGGAGAGCTTCCTCTTCTGCTAAATGAGGCGGGGGCGGAGCGCCGACCCATTGGGCAAATTCCGGCAGCCAGCGGCTGACGGGCGATGGGTCGTCGTCGACGATGTTGTAGATCCCGGGGGGCGCGGTGATCGCCGCCACCGTAGCCTGGGCAGCGTCGTCGATATGGATCCAGGACCAGACTCCTTGGCCGTCGCCAATCACTGGGGCCCCCTGACGTCGAACTTGGTCTGCCACCGCGCCATCGGGGTTGTACCAGGTGTTCGGACCATAAAAGAAGCCGTAGCGCAGAGCGACCCCTTCCATCGCTTTGGAGTTCAACACTCGCGCCTCGAGCTCAGCGTACGCTCTTGCGCTGGCTGCGACACCGGGGCTCGCATCGGTGGCAAGCCCATCGGTTTCGTCCGCCAGGCCGTTGCTCGCCTTCAAGAAGAAGCCGCTCGCCTGTTGAAGATAGCGGCGAACCCCGATCTTTTCGGCTGCCCGGTAAAGATTGCCACCGCCCTCAATGCGCAGTTTTCGGTCGCCAGCTGCCGATGTCGCCATCTGTGCTGGATCCTTGGGGAGGGAAGTCAGCTCGTCGATGACGATCTCGGCCTCCGAAGCGCGCAGCGCTTGCTCAACCGCTGCTTGGTCGAACGCGCTCACCTCAACCACGGCTGCTCCTAGATGGGTGAGGCTCTGCGCGCCGGCGGCGGACCGCGTCATGCCGGTGACCGTGTGGCCCTGACGGATCAATTCTGCTATCAATGGACGACCGATTGCACCGGTTGCGCCGGCGACAAAGATTCTCATGGAAGATGCTCCTCTCGGGACGAGTATTCGCAACAAGCCCCTTTAGGATGAAGACGCAAGCGGTATGGCTCCATCAAATTTCACTGAGATAATTTTCGGCCTCTACCCGCAATTGGAGTGGGATTCATCATCTTGAGCCTCTATCATCCGAGCGTCAGCTCACCTTGGAAGACTGCTTTGCGACCAACCTAGTAAGCTGTCTGCATGACGACGACTTATAAGAATCTGATTGGCGGCCAGTGGGTCGCTGCGCGCAGCGGCAAGACCTTTCAGAACATCAACCCCGCGAACCACGATGATATTGTTGGGACCTTTCAGTCCTCCGATGCCAGCGATGTAGCGGACGCGGTCGCCGCGGCCAGTGAAGCCTGGAAGACCTGGCGCCTTACCCCTGCGCCCAAGCGCGCCGAGGTCCTTTACCGGACTGGAGAGATCCTGCTTGAACGCAAAGAGCAATATGCCCGGGACATGACTCGTGAAATGGGCAAGGTGCTCGCCGAGACGCGCGGCGACGTGCAGGAAGCGGTCGATACCGCCTACTACATGGCCGGGGAGGGACGGCGCCTCTACGGCCAGACCACGCCTTCGGAGCTGCCCAACAAGTTCGCCATGTCGTTGAGAATGCCGGTCGGCGTCGTGGGCATGATCGCGCCGTGGAACTTCCCCATGGCGATCCCTTCCTGGAAGCTCTTCCCCGCCCTGGTTTGCGGCAACGCCTGCGTAATCAAGCCCGCGGAAGATACCCCGCTGTCGACTTATAACCTCGTCCAAACACTCATGGATGCCGGGTTACCGCCGGGAGTGGTGAACATCGTGACTGGGTTCGGTCCCGAGGCCGGCGCGCCGCTGGTGGAGCATCCCGGCGTGCGCGCAATTTCCTTTACTGGTTCGAGCGAAGTTGGCCGCATCGTTGGCCAGACCGCCGCTGGACTCTTCAAGCCTTGCTCGCTCGAAATGGGCGGGAAGAATGCCATGATCGTCCTCGAGGACGCGAACCTCGACCTGGCCCTCGAAGGCGCCCTGTGGGGGGCCTTTGGAACTACCGGACAGCGCTGCACGGCGACCAGCCGGATCATTCTGCATAAGAAGATCGCTGCTGAATTCGCTGAGAAGCTCGTCGCCCGCGCCGAGGCGCTCAAGGTCGGGGATGGACTCGATGAGCAGACTCAAGTCGGCCCGCAGATCAATCAGCAGCAGATTGAAACCTCCGAGCGTTACGTTGGCATTGCCACGAAAGAAGGCGCCAAGCTGCTCACTGGAGGCAAGCGCCTCCGCGAAGGCGCTCATGGCAAAGGCTGGTTCTTCGCGCCGACTATCTTCAGCGAAGTCACTCCCAACATGCGGATCGCCCAGGAAGAAGTCTTCGGCCCGGTGGTGAGCCTGCTTGAATGCGAAGGCCTTGAAGACGCGCTATCGATCGCGAATGGTATTCAGTATGGATTGTCGACCTCGCTCTACTCGAAGGATGTGAACCGCGCCTTCCAGGCGATTCGCGACTTAGAGGCGGGCATTACTTACATCAATGCGCCGACGATCGGCGCCGAGGTGCACTTACCTTTTGGAGGAGTGAAGCAGACTGGCAACGGCCATCGAGAAGGCGGGACAGGCGCGCTGGATTTCTATACCACCTGGAAGTCGGTGTATGTGGATTACTCCGATAAGCTGCAGCGGGCGCAAATTGATACGGGGGAGTGACGACAGATCCAAGTCCTTGCTATCGCCCATGCCAAACGCCGTCCCGCATATTGGCGGGAACGAACGTTCTGACCCTACTTCTGCACGACGCTCTTCGCCTTCGGGACGTCAAA
CP030840.1_gap42	1541438	1543035	1597	CTCCGCGCATATATGGCACTAAGACGTCGGGAATTCGTACGGTGCCGTCCGCCTGCTGATAGTTCTCGACAATGGCCACCCAGGTTCGTCCGACCGCCAGACCGCTGCCATTGAGCGTGTGGACAAATTCAGGCTTGTTCTTTCCTTTCGGCCGATAGCGGATATTGGCACGGCGCGCTTGAAATGCCTCGAAGTTTGAACAGGAAGAGATCTCACGATAAAGGCCCTGGCCGGGAAGCCACACTTCTATGTCGTAAGTCTTGGCCGCCGAAAATCCCATGTCGCCCGCGCACAGCAGCATCGTTCGATAGGGCAGACCCAGCTTCTGCAGAATTGACTCGGCGTTGGCGGTCAGCTTTTCGTGCTCAGCGTAACTGTCTTCCGGCCGAGTGAACTTCACCAGCTCCACCTTTTGAAATTGATGCTGGCGAATGATCCCTCGAACGTCCCGTCCGTAAGAGCCGGCCTCGGAGCGGAAGCAAGGCGTGTAGGCAGTCAGCAAGCGCGGAAGGTCGGCATCCTCGAGCACCTCGTCGCGATAAAGATTCGTGACTGGAACTTCTGACGTCGGGATCATCCAGTGATCGTTGTCGCGATACTCACCGGGTACATACTCCACCTCGCCGGCGCTCTGGCAGCGGAAGAGATCTTCGGCAAACTTCGGCAATTGTCCTGTGCCGAAGAGCGACTTGCTGTTCACCATGAACGGCGGCAGCACCTCGGTATAGCCATGTTCGCCGGTGTGTACGTCGAGCATGAAATTCGCGAGTGCCCGCTCGAGGCGAGCGCCCTGGTCCCAATAGACGGTAAAGCGGGCGCCAGACAGCTTGGCGCCGCGTTCGAAATCGAGGACGCCCAAAGATTCGCCGAGTTCCCAGTGCGGTTTGGGATGGAAATCGAACTCCGGCTTGGCTCCCCACTGGCGGATCTCGACATTGTCTTCCTCCGACTTGCCTGGGGGGACATCGCCGGCGGGAAGATTGGGAATGCTTTGGAGAATGGTCCGCAGCTCTATCTCGGCAGCCGACGATTCATCTTCCTGGCGATCGATCTGGTCTTTGAGCAACGGCATTTGATCCACGAGCGCCGTGGCATCCTCACCAGCCCGCTTGCGCCGGCCGACCTCTTCGCTCAGCTTGTTGCGCTCTGCCTTGAGGGTCTCTACCTGGGTAATTGCCTTCCGCCGGCGGGTATCCAGCTCGGCGAAGTTACCCAGCAGCGCGGACGGGTCAGCGCCCCGAGCCAGCAGTTTTTTCTCGACCAATTCGAGATTGGCCCGTACAAATCCCAGATCGTGCATAAGCACTTAGTTTACTAGAGCACGCAGCTCTCGCCCCGAAGATGCACCGCGGTAAGGCGAGTTAACATGAGGAGGGAGTTATCTTGCGACGCTTCATGCCGGTTAGAGTCTTGTTCCGTTATCTTCTCATCCCTATTCTGATTGGCCTCCTGGCCGTACCGCCGGCTTTGTCCGCGCAGGAGTCGCCTCGTTCTGGAAGGGCTCGAGCGAATGCCAAAAGCGAGCCGGTCGCCGCAACGCCGCCGAGCGCCTATAACGGCCATCCAAAGCTGGCAATCATCATCGTCATCGACCAGT
CP030840.1_gap43	1547660	1549688	2028	AGTCTGGCGACGAACCAAGGTACGCAAAGCAGCCGCCAGCCAGTTTCCTGCGCGCGCCGGTGGCCGGTATCCTTGCCGCGCCTACGATTCTAGAGCATTTTCGCCGCAGGTAGAGATCGAACAAATCCGCTTAGTTTCCGACACTCAAAAAGAAGCCTGATCCACGCCCGCTTGCTGCATACATGACGACGTTGATCGACTCGCATCTTCAAGTCACCTCGTTCTACATGGTTAATCATGGCTGAGCGAGTAGTTCTCGTTGTGAGGAAAACAGCGTCTGGATGCCGGCTTCTGCATAATCCATCATCTCGAGCATTTTCGACCGCGGAAATGAACCTCGCTCGGCAGTTGCTTGAACCTCAACCAGGCCGCCGTCTTCGGTCATCACCACGTTCATATCGACTTCGGCCTGCGAGTCCTCCTCATAAGCGAGGTCAAGCAGCACCCGCCCCTCGACGATACCGACGCTGGTGGCGGCAACCAGCTGGGTAAGCGGAGACTGCTTCAGCGTGCCGGCTGCCACCAGCCGGTTGAGGGCCAATGCCAAGGCTGCGCAGGCGCCGGTGATGGCAGCCGTCCGGGTTCCGCCGTCGGCCTGAAGCACATCACAATCGAGGACTACGGTCCGTTCCCCCAACATCGTCATGTCGACGACCGATCTCAGGGAACGCCCGATGAGTCGCTGAATCTCATGAGTACGCCCGGTCACCTTACCGCGCTCCGACTCCCGCGGGGTGCGGGTCAGTGTCGCCCGGGGCAGCATTCCATACTCGGCGGTGACCCACCCCCGTCCAGAGTTGCGCAACCAGGCCGGAACCCCTGGTTCAATGGTCGCGTTGCAGAGCACACGGGTTTGACCGGCCGCGATCAGCACCGAACCTTCAGCAACCGCCACATAATCACGAACCAGGGTCACCGGGCGAAGCTCACTCACGGCTCGATCACCGGCGCGAAAAAAATCGATAGTCGTCATCGGCCCATTGTAGTGAGTCTCGATCGCCTTAGTGAAAACACGATTCCCAAAATGACCCGAGCGGAAATGGTTCCAAGATGGAAACTGGATGGCAAGTCGTTCAAGGTGAAAGGCTTGGGTCGCGACGTGTCCCATTCCGGGACGGAATGGGATTTGCCGGGCGGTTGTCCAGGAAGCGATCTCAAGAACATAAACGCTGAAAGCAATCCACTTAGGGCGGAGTGAGGTCGTGCTCCGGCTTTGGCACTCCGCGTGTATCTAGGAGTACCAGACCGGCACCTTCCAAATCGGAAATGATTCGCTCCGGCCCGTCAAGCAGTCGGGTCAAAGTCGCGAGTCCGTGGTCTGAACGGGAGAATTCATGAGCGCCATTCAGCATTCGGAAGCAAAAAAAGATGGGGGGACGTCCCCTTCGATGTCGCTGGTCCAACACGGCACCGTCTCCTCCTCAAGGAATGCAGATGCCATCCAATATTTGCAACCCCCTGCCCGGCAGCTCGCGGCGCTCGCCCATGATGCGCGGAATCTACTTTCCGCTCTGGAGGTGTATTGCGATCTGCTCTCCGCCCCCGGAGTTCTTGCTCCATCTTTCCGTCACTATGCCGAGGATCTCCGGGTCGTCGGAACAACGGGAGCGCGGCTCATCGAAGCGCTCGCCGCTCCGGCCTCAGGTCCCAGGTCGCTCCTCGCCCGGCATGCCGCGCCGGCTGTTGTTGACCTCGCCTCTGAGGTATTTGGAATGGAGGCGCTGCTGGGGTCGCTGGCGGGCCCTGGGGTTCGCCTGGAAGTGGAGTGCGATTCGTGTCCTGGAGAACTTGGTTTGAATGCGGAAGACCTGCTCCGTATTCTTTTCAACTTAGTCACGAACGCAATCGAGGCCAGCCAGATGTCCGCTCCAGAAGACTATGCTGGTGCTTCCGGGAAGCGCCGGTACATCCGGATTACCGTTCAACGCGGCGGCGGGGCGAGCTTTCTTCCGCGCCGTAACAAGCCCAACGTTCGGCCTGAAACCGTGGTGCTCTCGGTACGTGATAACGGTCCGGGCATTGACGGTG
CP030840.1_gap44	1559611	1561848	2237	ACTTGCCCTCTACGGGGCCGTCAGCCGCGAGGTCGCGACGGCGTTGGCAGAAGGCATCCGCCAGCGCAGCAACGCGAGTATCGGCGTCGGCATCACCGGCATTGCCGGGCCTAATGGGGGCACTGAAGAAAAACCCGTGGGGCTGGTGTACATCGCCGTCGCGGACGATCAGCAGACCGAAGTCGTCGAGAAACGGTTTGGCGGCGATCGGGAACGGATTCGTCAGTGGTCCACTCAACAAGCTCTGGATCTGGTGCGGCGCCGACTGATGTAGCTGCTCTCGGATTCACCGCTTCGTGGGGGCCTCAGTTCAAAGGTGGTCTCGGAGGAGGGTCCTCCGGCGTCGACTAAGAACAGCGCCGGGATGGAGAAGTTGCGCGGCTAACCTTGAAGTCAGGACACAGGAGACCAAGGGCATCCCGATCAGGCAATGCGGAAGAGGAGTCAGCATCCATAGCCAGAAGCCAGCTAACAGGCTTGGCATGGATTCGGCCCTCGAACGCGACCAGATCTCAGCGCCCGACCACTTCGACAATACTGGGATCGGACCAGGCAGGTGCGCCTGTCTGGGTCAACCCCGCCTTGGTGTCATCCCAGTGCAAGTGAGTGACTTTGCTCTTCCCGTTTTCGTAGGCATACGTCTGGCCATCGTCATCGTAGAGAGTGAAATCGGCATCGGCGCCGGGATAGACCCGAACTTTGGCAATCGCCTGGGTTTCTTCCGTGCTCTCAACCGGTGCACCCAACGGCAGAATGGAGCCCGCACGGACAAACAGAGGAAGCTTGTCGATAGGGGCATCCACGGTAATCGTCTGGCCGCCCTTCAGCCGCTCATTGGTCCAGTAGTTATACCAGTCCGCTCCAGCCGGTAGATAGACCTTGCGAGTCGTTACACCCTGCTCGCTTACCGGGGCCACAAGGAATGAAGGTCCCAGCATGTACTCGTCACGCAGGTCGGTGACGTTGGGGTCTTCGGGAAAGTCCATGAAGAGGGCCCGCATGGACGGAGCTCCCGACTCGTAAGTGTGATAACTCAAGGAATAGATGTAAGGCAGTAACTCGTAGCGTAGCTTGAGATACTTTTCGAGGATAGGCTCGGCCTGGTGTCCGTACGACCATACTTCGTTGTAAGTCCGGCTGCCGTGCGTGCGGAAGATCGGCAAAAAGGTTGCATATTCGAACCACCGGGTATAGAGCTCCGGATAGTCGTCGTATCCTCCAACGGTGTCACGCGCATCGGAAGGATCGAGTAAGGGAGGATGTTCGGGATGATGTTCCGAGGGAAGATACTGCCATCCGCCAGTGTCGTTGCTCCAGTTGGCGATGCCGGAGGCGGTGAAGTCCAGGCCAGTCGGGATCTGGCGCTTGAACGTATCCCAGGTGGGATAGATATCCGACGACCACACGATCACTCCATTACGTTGGATGCCGAGGTACGCGTCGCGGGAGAGGGTCAGGGCACGATGCGGAGTATCGCGGCGGAAGCCGTCATAGAGCGCTCCGGTATGGAAGAGCGGATAGGTGTTGTAGTAGCGAGTTCCGGGTCCGATGTGAAAGTAGCTGCCTTGCGGGGGAAGGTCGGGCTCGGTCTCATCGGCCCAGATCGAATCGAAACCCTTGCTTAGAACATTGTCTCGAATGACGCCCCAGTACCACTTGGCTGCATCCGGGTTGGTTGTGTCGATATCGGAGCCGGCTCGGTCATAGGGCAATCCGTTGGTGGGAGTCCCATCCGCGAGCTGCTCGAACCAGCCGTTTTTTAAGACGAGATCGTAATAGCGAGAACCGGGAACAAACCTCGGCCAGACGCTGATCATGGTGTGGATACCCATCTTGTGCAACTCGGCGTTCATCGCCGATGGGTCAGGCCACTTCACTGGATCGAGGTCCATTTGCCCCATCTTCGTGTAATAGAACCAGTCGACGACGATCGTATCGAGCGGCAGATGACGTTCGCGATAGCCCTTCGCCACAGAGAGCACTTCGTCCTGAGTGGTGTACTTCTGCTTGCACTGGATGAATCCATAGGCTGACTTGGGCAGCAGCGGAGTCGCTCCTGTAAGTTGGCGGTATCCGGCATAGATCTCGTCCGTGGATTTGCCCGCGATCACAAAAAAGGAGACCCGATCGCCGACTTCAGAGGTCCATCGGGTCTGCTCATTGAAGCCGGGCTCGATGACCGTGCGAGAAGGATTATCCCAGATCAGTCCATAGCCTTTGTTGGTGACCAGGAACGG
CP030840.1_gap45	1579008	1581606	2598	ATACGGCTCCCGCGGCGATGGCCGCCTGTGCAAATTCGGCGGTGGCATTGCTGTGGCCTATGCTGACGCGAACTCCACGGGCCGTGGCATGGGCGATCACTTCGGCTGCGTTCGGCAGCTCGGGAGCGATGGTGATCAGCCGAATACGGCCCTCCGCTGCCTGCCAGAAGCGGTCGAACAGGGCAACAGTGGGGGTCAGCAGGAGTTCCGGCGAATGAACGCCCCGCTTCTCATGAGAGAGGAATGGTCCCTCGAGGTGAATACCAACCGGGAGCGCCGTGGCGGCTCCAGGATCGACGCGGTCTTGTGCTGCTTCAATCAATCGGGCTAATCCGCTCAGCGACTTTAGCGTCGCGTCCATCGAAGCGGTGACCGTTGTCGCAAGGTATCCGGCTACTCCGTGGCGGCCCAGAAAACGGCTGACTCCGACGAGCGCCTCTTCGGTCGCCTCCATGACATCGAAGCCGCCACTACCGTGAACATGCTGATCGAAGTAAGCAGGAGCGATGACTCCGTCTTGAAAGTCGATGATCTCAGCGTCCGCGGGAAGATCCCTCTCCGCTTGCGAGCTGAGTGAAGTAATCATGCCATCTTCGACAACCACAACCGCTTGCTCTAGCGTTTCGAGCGGACTGAACAACTTTCGGGCCTTAAAAACTGTTTTCACGCAAACTCTTTCGTAGTGTTTTTCGATGAGCAACCATCGCGAGTCTACCATCGAGAATATGTCTCTCCAGGAAGAAAAGCCGAAACGCATCGGCATGCATCTCTCGACCGCCGGAGGCGTCTTCACCGCTGCCGGACGCGCCCAGGCCATGGGGGCGAATACCTTTCAGATCTTCTCCTCCAGCCCGCGCATGTGGCGCCCGGCTAAGCTTTCCGCCGATCATTGCGATCAGATGAAAAAACTTCGGGTCGAATACGACTGCGAGCCGCTCGTCATTCACGCCAGCTACCTGATCAACCTTTGCAGCCAGTCTGAAGACGTTCGCCGCAACTCGATTGCAGCCTTTCGCGGTGAGGTCGAACGAGCCCTTGCTCTTGGCGCGGAATACCTCGTCCTCCATCCGGGTTCGTGGAAGGGTCTAAGCCGCGAGCAGGGACTCGAGCTGGCAGCCGAGTCCATCCAAGGCGCCATCGCGCGTGTGCCGTGGCAGAGCTGCAATTTTCGCATTTTGATCGAAAACACGGCTGGTGCTGAATTTTCTTTAGGAGGCTCCTTCGACCAGGTGGGCGAACTCATCCTCCGGCTTGAAAGCGTGGCGCCGGTCGGAGTGTGCCTGGACACATGCCACACTCATGTCGCCGGGTATGACCTGGTTTCGGCCGAAGGGTATGAACCGACGATCGCCCAGATTGCGGCGGTGATCGGCCTTGACAATATCAAGGTCTGGCACATGAATGACGCCAAAGCGCCGCGGGGTTCGAAACTCGACAGGCACGAACATATCGGCGAAGGCACGATCGGCCTGGAGCCGTTTCGACGGATCTTGAACGACGACCGTTTCAGCCACTGCGCCTTTATCGCCGAGACCCCGGTTGACGAAGAGGGCGATCAGGAACGCGACTTGCTTGCCCTGAAGTCGCTCGCCGCGCGAAAGGTTCCGGTTTAGCGGCTGCTGCAGAGGAGCGAGCTCGAGTGAAGGCGCTCTAATTGTCTGCCGGAGCAAAGCCGTCGCCGGCAAACTTCGGAATACCGAAATGCCCGCGCAAGTGGAGCAAATCCAGCGGGCTCAGGTCGCCGTTTATCGCCACTACGTTCAGATTGCGCGCACTTGTTTGCACTACGACCATGCCGGTCACGTCGGTCCCTTCAAACTTGATATACAAGTCGGTCTTTCCTTGCGCGTCAATCGCGTATGGAGCCGGCGCGGTGGGAGGGGGAGGAGGAGTGACTGCTCCCGGAGGCACACCTGCCGGCGGCGGAACGTGGCTCTGGGTACTGACCAGGTGTTTCCACCCTGCGTCTTTATACTGCTGCCGAATCGCATCCAACTGCCGCGGGTCGTACATGCCCGGTTGTGCGTAGCGATACAGGTGGACGGTTACGCCATTCAACTTGGCGATCGCCTTGCGAGTATCGGCATCGCCGCCGTCGAGCAGGCCACTGGCCATCTGCAACATCGTCCGGTCAAAGGTAAAGTCGGTGTGAAAAGCGGCTGTTCGGCCAAGCTGCTCAACGCCGGATGGGAGCCAATCGGGCTGCTGATCGGGCGTTGAGGCAGCGAACCCAAACGGGGATACCCATAATGCGAGGGCTACCATTCCGATCTGCAACGAACGGCATTTCCAGGTCCCTAGTTGAAGAAGCATAAAACTACCTCAATTCCCAAGATTAGACCCCGAGTGCCACAAAAAGACGTTCACCTGGGAAGGAAATAGCCAGCTCGGGGAACGGCGTAAAATCGGCGCATCGGATCGACAGAGATCCACTTGCGACATGCCCATCGCCTCGCTCACTCTCGAACTGCGCATCGAACACGCACAATCGCTCAAGGACCGACGGCAGGTGGTTCGCAGCCTCAAAGAAAAGCTGGCGCACGGCTTCAACATTTCCGTCGCCGAACTCGATGAATCGGTCACTTGGCAGTCCGCGAC
CP030840.1_gap46	1584099	1586717	2618	TCGCCGGTTTTGTTGTGTTTTGCCTTGTTGGGGGATTCCCTTTCCTGGACTGCGCCGCCGCTGCTGTTACGGGTAGACCGACGCGGCTCACCTGCGACTCGATGGAGCAGCCTCTGGGCATTGATACCCAACGGCCGCTCCTTTCGTGGCAGTTGCAGGATGCTGCCTTCGGCGCGAAGCAGACGGCTTACCGGATTCAGGTCGCTACCGCGCCACCCTTGTTGACGCAGGGAAAAGCGAACGTATGGGACAGCGGCAGAGTCGTCTCCGACCGCTCGGTGAACGTCGCGTACACGGGACCGGCTTTGGTCGCGGCGAAGCGCTACTACTGGCGTGTCCAGGTCTGGGACAAAGATGGCCGACCCTATCCAGAGAGCGCTGTGAGCTGGTGGGAAACCGGGCTGATGGACGCTCAGAACTGGCGAGCCAAATGGGTCGGCTTTGAGCAGGAGGAAGAGCGGAGAATCCGCGAATCCGGCGCGGCCTGGATCACCAATTCTGGGGCTGAAAACTACCATGGGAATGGCATCACCAAGCACGACTTCCGCTATGGCTTCAACCTCTCGAAGCCCGTTAAACGCGCAGTCCTTTATGTCACCGGCAGAGACACGGCAGCGGCATGGGTGAACGGAAAGCAAGTGGTCCAGCCAATGGCGATGCCCGCATGGAAGCAGTTTCCGTGGCAGACCTACACCACCCAAGACGTCACGAGTTCCCTGCACGCGGGACGCAACCTGCTTGCGGTCGAGGTCACCCTGTATGCCGCCAATCCGGATGGCATGGCTGCTCCGACCGACAGCCGCACCCCGATGAGCGCTTGCCTCTATATCGAAATGGAGGATGGTTCGGTCGACTTATTCAAGAGCGGAGAGGGTTGGAAAGGGGGGCTGAACGTCGAAGGCTCCTGGCAATCCGCTGATTATGACGACACAAAGTGGCAGGCGGCCGTCGCTTACGTTCCCCCCGCTTCGGCAAATGGAAATGCAGCGCCCGGTCCTCCGTGGCCGACGGAATCGGTCAAATTGCTGCGCAAAACATTCGATGTGAGTAGCCCCATTACTTCAGCGCGTCTTTATGTGACCGCCCTGGGCGCATACCAAATGCACATCAATGGCCGCCGTGTCGGCGACCAAGTGCTTGCGCCGGGTTGGATGGACTTTCGTGAGCATGTCCCATACCAGGCCTATGACGTGACCGCCTTGCTCAAGACGGGAGCGAACGTCCTGGGGGCCTACCTCGCTCCAGGATGGTATACGACGCCGCTGATGTGGTTCCGGCAGGGGTACAACTACGGCAGCACGCCGCCCGCCCTCAAGGCGCAAATGCGTCTCGAACACGCTGACGGAAGCGTCCAGTGGGTCGCCACCGATGAAAGCTGGAAGGCCGATTCCTCCCCCGTTCTCAAGGCGGAGATCTACGACGGCGAGACTTACGATGCTCGGCGTACTCAACCAGGGTGGGACACGGCCAGCTTTCCAGGCGATTCCTGGAAGCCCGTCGCGTTGATTGAGCCAGTTGAGCCGGCCATCGTGGCCCAATATTTTCCACCCGTGCGCGTCGAGAAAATACTGAAGGCGAAGGCTGTCACCAGTCCCAGCCCCAGCGTCTATATCTACGACTTCGCGCAGAACCTCGCCGGAGTCGCCAGCCTGCGCGCGCAGGGCCCTGCGGGAACCGATGTCCGGCTGCGCTTTGCCGAAGTCTTGAACCCGGACGGCACCATCTACACTGAGAATCTCCGCACCGCCAAAGCAACCGACCACTTCATTCTCAGCGGGAAAGGCGTCGAGAGCTATCAACCCACCTTTACGTTCCATGGATTTCGATATGTTGAGGTTTCGGGTTTGCCGGCCAAACCGGCAGCGGATGCGGTAGAGGCGGTGGTCTTCCATAGCGATGCGCCGTTCACTGCTCAGCTGCACACCGGCAGCGCGATGATCAATCAGCTCTGGGAGAACATTCTCTGGGGACAACGCTCGAACTTCATCAGTGTGCCGACCGACTGTCCGCAGCGGGATGAGCGGCTCGGATGGACGGCGGACGCGCAAGTCTTCTGGCGCACTGCCTCCTACAACATGGACCTAACCCAGTTTTCGAAGAAGTTCGCCGCGGATGTGCGCGGGACCCAGGTCGGCACAACGAAATACGGTATCTTCGCGCCAGGCACCATTACTCCGAATCCGGGATACGCCGCGGGTTGGAGCGATGCCGGCGTGATCATTCCCTGGACCGCGTGGCTGCAGTCGGGAGATACCCGGGTGATCGAAGAGAACTGGGAGGCCATGGAGAAATACCTGGACGCGATCCAGGCGGACAATCCCGATTTTCTGTGGTCGAAGAACTATGGAACGCCTTATGGCGACTGGCTTTCGCCGGAGGGTCCGACTCGCGAAACCTTGGTTGCCACCGCTTATTGGGCTTACGATGTGACGCTAATGCGGCAGATGGCGCATGCGCTCGGCAAGGCTGACGCGGAGGCCAAGTATGGGGACCTCTTCCATAACATCCAGGCCGCCTTTGTGAAGGAGTTTGTCAGTCAGGATGGCTTTGTGAAGAGCGCCGACAAGGGGCCCTCCCCCTTTGGACAGATCAACAATCCAAACGCTAAAGCTAAAGGT
CP030840.1_gap47	1685143	1686656	1513	GACGAACAGCGGTCGATCGGCTGTGGCCGATGGTGTCGGTAGGTCAACCTCGATCTGAGTCATTCGATCCCGTGAATCTATGAGCACTCCATCCCCCGCCGATGTGAAGCGGAGCGGCCAGTCGGGCGCGAAGGTCTTTCCAGCTAGAACCCGCCAGGTTCAGGGGTGTTACGAGTATAGGACGATTCAGGCAGTAGACGATTTCGCACACTTCCACTGGAAGCGTCGCTTTGCGCCATTTATACCTTAGAATCGGAGAGCTACGCAGGTGTTGTATCCGCGTTTGAGAGTGAACCGACCCGCAAGAGGTGATTATGCCGGAACAGTTGCAAATCGCTCAAGGTAAGATGCCGCTGTATCTTCTTTCGAATATGTCCAACCGGCATGGTTTAGTCGCCGGGGCGACTGGTACCGGTAAAACCGTGACGCTGCAAGTTATGGCGGAAAGTTTCAGCCGGATCGGCGTTCCAGTATTCGCTGCCGACATCAAGGGAGATCTCTCGGGAATTAGCCAGCCCGGTACCGACAACCCGAAAATTGCCGAGCGGATCAAGAGCCTGCAGCTGACGGACTTCGCTTTTGCTGGGTGTCCGGTCGCTTTTTGGGATGTCTTTGGGGAAGAAGGGCATCCGATCCGGGCGACTGTCTCGGAGATGGGACCGTTGCTCTTCAGCCGACTGCTTGGGTTGAACGATACCCAGGAAGGCGTGCTGGCGCTGGTCTTCAAGATCGCCGACGATAGCGGTCTGCTGCTGCTCGATCTGAAAGACCTGCAGGCGATGCTGCGTCACGTCGGCGAGAATGCTAAAGACTTTCAGACGCAATACGGCAATATTTCGGCCGCCAGCGTGGGAGCGATCCAGCGCGGGCTGGTCGCACTCGAACAACAGGGTGGTGCGAAATTCCTGGGGGAGCCGGCGCTCAACCTGGACGACTTGATGCAAGTCGACGCCAACGGACAAGGAGTAGTAAACATCCTTGCGGCCGATAAGCTGGTCAATTCTCCGAAGCTATACGCCACTTTCTTGTTGTGGATGCTGACGGAGTTGTTCGAGCGGCTGCCGGAGGTGGGTGATCCCGATAAGCCGAAACTGGTGTTCTTCTTTGACGAAGCCCATTTGCTCTTCAGCGATTTGCCCAAGGTCATTCAAGACAAGGTGCAACAGATCGTGCGGTTGATCCGGTCGAAAGGGGTTGGGGTGTACTTCGTGACGCAGAACCCGATCGACGTGCCCGAAGAAGTGCTTGGACAACTTGGGAATCGGGTACAGCATGCCTTGCGAGCTTTTACTCCGCGGGACCAGAAGGCGGTTCGAGCCGCGGCACAAACCTTTCGAACCAACCCGGAGATCAATATCGAAACCACGATCACCGAACTCGGTGTGGGGGAAGCGCTGGTCTCTTTTCTCGACGAGAAGGGCACGCCGAATATCGTGGAACGTGCTCTGGTTTGTCCACCGCGAAGCAAGATCGGTGCAATCACTGCTGAAGAGCGGCAGCAAATCATTGCCTC
CP030840.1_gap48	1688613	1689282	669	GCCAGCAGTCACTTCTGGAGAAGCGGCCTGCGCCACACACTCGGGATGCAAGCCGAGGGCAAGCAGCAGGACGAATGCTGCCATCCGACAATGCCCTATCGCGCTTGTGTTTTTCGGATTCACGGCTGGTCTATGCCCATCGCTGAATTCTATCTTTGGATCCAACTTGCCATCATCTTGCAGACCAAGTGCTCGCACATTGCAGACCAAGTGCTCGCACATTGAAGGTTCAGGGTTGGTTCTTTTCAATTTGCGCGATCTTGGCTCGCTCGGCTTCCGCTTCCGTGGTCCTTCCTGAGCGGGTGAGAGCATCTGCAAGCCCCCGGTGGCCATCAATGTAGGTCGGATCGCTCGAGACGGCGTCCTGGAAGCGTTCAATGGCATCGGTAATCTTTCCTTGCTGCAGGAGCAGGTTGCCGGAGTTAGCGGCGAAGGTCGCACGCTGGCGGTTGACGGCGCCGCGGGTCAGATCGGCCGCGATTTTGCGCTCGGCGGCGGCTTCGTCCTTCTGGCCTTGCTGGGCGAGAACGCCCGCCAGGGTGATATGCGCGCCGGGCTGGTTGGGCAGTAGCCGGACCGCTTCGCGCAGCGCTTTCGCGGCCTCGGGAAGATTGTTCTGCTGCTTATAAACGCTACCCAGAATGGCCCAGCCATCGCCATTGTCCGGTC
CP030840.1_gap49	1693574	1695862	2288	GACAGCGAGATAGCGCGCATTGACCCCGGACAGCAGAATTGCAGTGGCCGAGACCATGACCACCGGGGTGACGGCAGTGGTGACAATCCTTAGCGGATCCTCGATCTGGTCGAATGGGCTCATAGACGCAGTCTTCGATTTTCATCATAGCCGCGCACTATGAAGACTGATGCAAGAACCATGCCTGGTCCTTGCATTCAGCCGGATTGAAGACCCTCCCTCCCAATTGAGCGATTTTCACCGCTCAACGGGAGGGTCGCTCAAGCTGGCGCCGTGCCCTATTTGGGGTTCATCTGCTGGTTGACGATCGCCTGACTGTTCGCATCGCTCGCGCTGCCCGCATAAACAGCAGCGATCTGATGGGTACCTGCACTAAGCGCCGAGGTCTTGAAGGCGGCGGCGCCATCTGTGAGCGAGACGGTTCCAATTATCTTTCCATTATCTTTAAAGACAACGGGGCCGGTTGGGGTGGAGCCCGAAGCGCCGCTTACGACCGCTGTAAATGTCACCGTATCGCCCGCGACCGCCGGGTTCGCGGATGACATCAGCGTCGTCCTAGTTCGAATTGCACTCGGATCGATGGTGAACGTTGCCGTTGCGACCGCGCTGTCTTCACCGTTCAGGATGGCAATCGCCTTGATAGTCTGAGTCGTGTAGGCCACATAGGTACCGGTGTAGATCTTCGATTTGCTCGTAGGAGTCGGTCCATCAACGGTGTAGTAGATCGATGCGCCTGGCGTTTTGGTTTCCATGACAACGGGAACCGGTAGGAAATATGTACCTCCGATGCGGGGGAAGGTCGGAGTGGCGACCTTGCCGAGGGTGGTCTCGACGACGGTGTAATTGCTTGCCTGGTACTGCCCTGGCGCTCCTAAATAGGTAGCCATAACTATGTTGTCAATGCCAATCGGGAGGCTACTGGTCATATAAGAGGCTTTTCCTGTCTCGTCCAGCGCCACCTCAGCGGCGGTCACATTGTTAATGAGAAAACGAATTGTTCCCGTTGGCACCCCGCTGCCCTCGACAGGAGTAACGTCGGCGGTGAAGGTCACCGGAGAACCCACGTTCGCTGGATTTGCGCTCGCCATGAGCACCGTATTTGTGGCTGACGGCAAGTTCAACTTTGAGGTGAACTTAGCGGCAATGAGTCGCTTAATTCGGTCCCTGATGCGATGTTGGTCGTTCGATAAGCCCCTTTAGTCACCGGGAAGTTGGGAGACGAGACTTCGCCGAAGACAAAAGCATTGCCGCTTTTGTCAACCGCGATTGACGAACCGAAATCGCCATACTGCCCTCCCGCTCCACCTAGATAAGTTGAATATTCAAGCGCGGATCCGTCGAGGTTCAGTTCCGTGAAAAATGCGTTGTAACGACCGGGCACTGCGCCGTTGCTCTTCTGATAAGCATCAGAGGTCACCGGAAAGTTGGTTGCGGCGGTGCTTCCCGTTGCGTAGAGATGCCCTTCAGGGTCGACGGCGATTCCGTCGACGGCAGAATTAAAGTCGGACGGATTGCCGCCAAGAAAGGTGGAGTAAATCAGGCTCCTGCCTGTCGGAGAGAACTTGCTGACGAAACCTGTCCCGTCAGTGGTAGTAGTCTGAAATGCCCCGCTCGTAACGGGAAATGGTTCTTCGCCGTTGAACTCGCCCGCAAGGTAAGCATCACCGTAGCCATCCACCGCGAGAGCCAGGGGCCCGAAAGGACTTGCGCCTTCCAGACCACCATTGCCCAGAAATGTCGAATACACAAGGCCGGTCCCTCGAGGGTTGAGTTTGGCGACAAAGTAGTTCCCGCCAATTTGATGGTTTTTGTTGTTGGATGAAAACGCAAAAGGGGTAGTGGGAACGTCGTAAGACCCGGAGAAGCCCGCTATGTAAGCACAACCGATTCATCCACAACGATAGCCTCGGCAGTATCGGTGTCGCTTCCACCGAGAAATGTAGAGTACACCAGCGCTGAAGCAGTGGGATTGAGCTTGGAGACGAACCCGGTGTAAGGGGCAGGCAGCAAAGGTTGAAACGAGGCTGGCGTTGTCGGAAATGGAATATACCCATTGAAGAAACCTAAGAATGCTACAGAGCCTGTAATGTAAACATTTTTTGAAGCATCTAGAGCTATGCCTCTTGGCCGGGCAAAGCCATACTCCCCGAAGAAGGTAGACCAGACCAACCCGGATCCAGTTGGATTCAGTTTGGTAATAAACGCTTCGACGTTGTACCCCAAGCCGCCGCTCATGGGAAGGGTAGGTTGGATCACGCCGCTGGTCGTGGGAAAGTCGACTGAAGACG
CP030840.1_gap50	1800719	1803254	2535	GTCGGCATCGGACTGGTCATTGGCATCCCGGTGACCATCTTCGGCGGCCGCATCATGGCCAGCCAATTGTTCGGAGTGAAGTCTTACGACCCGCTGATCCTGTGCGTCACCATCATCGTCCTCGCGGCCGCCGCCTTCGTCGCCGCATTGGTGCCGGCGCGCCGGGCCGCTGGGTTAGAACCGATGCGTGCATTGCGAATGGAATGATTCCAAGCCGGCGGCTGGACGAGCCCTTCGATCCCTTGAATGCGCCTTGCCTTGAGGACAAGAGAGTTTTAAGCAACGCTCACGTCGAAAAGATGGCCTCATAAACAGCCCTCGCCAGGAGGGCGAGCGCCTTGGCTCCTGGGTCGGGATGACCTAAAACGCGATCCCCCAGGTAACTGGATCGGCCCAGTCGCGGCCTCATCTGGGCAGTCGCGGCGACTCCGCGCTCCGCAGCTTCTACGGCGTCCCCTAGCGCTTCACGCGGCGCTTTCGTGCTGGCTTCCGCCTTCAACGTCCTCACCAGCGGATCAAGCGCATCGAGCATCGTTCGATCGCCCGGCTTGGCGCCTCCGAGTTCGCTGATCGCTTGGCTGCCCTGAACGAGCGCTTCAGCCCACTGCGAAATTCCGATCGTTCCCAAGCCTTCAAGAACATTGCCGCAGCGCAGCAACAGAACCCCGTAGAGCGGCCCTGAAGAGCCACCCAGCTCCTGGCGAACCGTATGCCCGAGCGCCTTGAGCGTTGCAGGAAGATCGTTCAACGGATACAAGCTGAGTTGCTCCCGGACGCCTCTGGCGCCCCGCTCCATGCTGCTGCCCAGGTCTCCATCGCCGGTCAGCCGGTCGAGCTCCGTCAATTCCGCTTCGGCATCGATCAACGCCTGGCATGCGGCATCGATCGCGGCATGAAGTTTCCTCGCGGACTCCGTCTCCACCCCGGCCGTCACACGAGTGTCCTGAACGGCAACCGCATTCAGCTTGGCTGGCGCGGCTTCGATGTTGCGCTCTCTTCGTCCCGGCCTCTGCCTTGCTGCGTTCGGCCATGCCGGAGCACTGGTCGCCGCATCAAGCCAGCGCAGCCGCTCGTCATCCAGGCCCAGTAGTGAGAGCGACAATCCCGCCATATCGAGCGAAGAGAGAAAGGTCCCAGCATAGACTCGCTCCACCGTGAAGCCGCTTGCCTCCAAGAACGGCACAGCGTGACGAGCAACGATGGCCAACTCCATCTCCGTAGTGGCTCCCAGGTTGTTGACCATCATCGCGACCCGCTTCGCATCGCCGAACTCGCCATCTTGAAGAATCTCGTTGAGCAATGTCTCGGTAAGTTCGTCTGCTGGCTGCAACTCCGTCCGTTTCACTCCCGGCTCTCCGTGAATGCCCAGGCCGAGTTCCATCTCATGCTCGCCCAGCTCAAAGCTGGGTTTGCCTACGGCTGGCGAAGTCCCTGCCGAAAATGAAACGCCCATCGTTGCCAGTGACCCAATCGCTCCCTTGCCGATCTTCGCGATTTCAGCGAGGCTCTTGCCCTCAGCCGCAGCCGCGCCGACCAGCTTGTGAACGAAGATGGTCCCCGCCAGACCGCGCGCACCCGTCGCCTGCTGAGTCCCTTTCAAGGCGACATCATCGTTCACGATTACCATGTCCACCGGAATACCTTCGGCCCGCGCCATCTCGGCCGCCAGCCCGAAATTAAGTCGATCGCCGGTATAGTTCTTGACCACCAGGAGCGTCCCCGGCTTACCCGCGACCGCCTTGATCGCCGCGAAGACCGCGTCGCTGCTGGGCGACGTAAAGACCTCTCCTAACACCGCGGCGCTCAGCATGCCTGCGCCGACATACCCGGCATGCGCGGGTTCATGGCCACTGCCGCCGCCGGAGATCACCGCAACCTGGCGTTCGCTCGCCTGCTCCGCATCTGCGCGGATCATCACCTTGTGACCCGCCAAACGGGCGGAGCCTGGATCGAGCAGCACCAGGCCTTCCAGCATCTCTTCCACAACATCCTGCGGGCGATTGATGAACTTCTTCATAGCGAAACCCACTCACATCCCGATTCTAGTTCCAGACACGCATCACGGCGTTTCTAGACGGGAGAGCATCCGGAGGAGCCTACCGAGGCTAACCCTGGGAACCGCGGCTCATTCAAATTCGCCAGTGAACTGACGAGCCCGCGGTCGCGCAAAAGAAGTCAGCGCATACAGGATCGGTCCGGCAACAGCAATAATGGCGCCGAGCAGAATGGCCGGAAGGCCCGGGGTAAGATGATCGCCGCGCGCATTCCAGATGGCGAAGAGGATCAACGCCGTCGGCCCAAGGCCCGCGCCGATCGCCACCGGCAGGCCGCCCGGGATCGCAAACGGCCGCGCCATTTCAGGCTCCTTCAGGCGAAGCGCGATGAGTGCCGCAAACTCCAGAATCAGGGAAAATCCATACAGCATCAGGTCAAGCTCGAGCAGACGAGTCAGGTTCAAACCCAGAGCCAGTGCCCAGCCCAGTCCACAGATGAGCACCGAGACCCAGGGCACCCCATTGTCCATGTGTCGCGCCA
CP030840.1_gap51	1840394	1842133	1739	GCTCGGGCTGGTAGTCGTCGATGAACAGCACCGGTTCGGAGTTCTGCAACGCTTTCGCCTGATGAAGAAACCGACCGACGCCGAGCCCGATGTGCTGGTGATGACCGCGACTCCGATCCCCCGTACTCTGGCGCTTTCCCTTTACGGCGATCTCGACCTCAGTGTGCTTGACGAGCTTCCCCCGGGCCGAACGCCGATCCTTACCCGCCAAACCACCGATGAGCGCGCTCCCGAGGTATGGGATTTCGTCCGCAAGCAAGTCGCAAAAGGGCACCAGGCATATGTTGTCTATCCGGTGATCGAGGGGGCCAAAGACGATCAGCCGGAACTCGACTTTCCCGAGGATGGTCCGAAGGGCGATGAGGCGAAATCGAAGCCTGCTGCGAAGCCGGCGAAAAAAACGGTCAAGGCCCAGTCGCTCTTTGGTGAGAAACCAGCGCCTAAGCTCAAGCCGCGCAGTGCGCCAGATTTAAAATCCGCAGTCGAAATGTACGAGTTGCTGAGCAACTCGAGCCTTGCCGGGCTCCGACTTGGCTTGCTGCATGGCCGGTTGAGCGCCGATGAGAAAGAAGTCACGATGCGGCGTTTTCAGCGCGGCGAGATCGATGTCCTGGTCGCGACCACTGTGATCGAGGTCGGCGTTGATGTTCCCAATGCGACCGTGATGGTCATCGAACACGCAGAACGCTTCGGTCTGGCGCAGCTTCATCAACTCCGTGGCCGAGTGGGGCGCGGCGCCGCCAAATCCTACTGCATCCTGATGACCGGATCCACCCGGAGCGGCGCGAAAGTCTCGGCTCAGGGAGAGGAGCGCCTGGCCGCAATGGTCCGCACCCAAAATGGCTTTGAACTCGCCGAGCTCGACCTGCAGCAGCGGGGACCGGGAGAGTTCTTTGGCACCCGTCAAGCCGGTCTTCCCGATTTCCGGGTAGCCAATCTGCTTCGTGACCGGGCGCTGCTGGAACTTGCCAAGGAAGAGGCCTCCCAGTTCGTTCGTTGCGCCGACAATGAAGCCACGCCCGAAGAAAAATCTCGCGTCTGGGCGCGGCTAAAGGAAGCCTGGCAACGGCGCTATGGCCTGGTGGAAGCGGGCTGACGCTGTCCGTATTCAACGGGATCGCTCAGCCTGGTATCGTAAGCCTCGAGCCAGAGTATCCAGTCACTGTGTTTAGAATGGGATAGTTCCGGGGGAGCCTTGTGCCGAGCCAGCAAGAAGTTCAGTGGTCGCAACTTAAAGTCGGTGTGCTGGTTCTGGTCGCACTGGCCGTACTTATTGCCCTCGTCTTCCTGATGTCCGGCAGCACCGGTGGCCTGTTCACCGGCAAGCTGACGGTCCGCTCCTACTTTGAGAACTCCGCCGGGCTGAAAGTGGGCGCTCCGGTCAACCTCGAGGGCGTGACTATCGGGAATGTGAAGTCGATCCGCATCGTCCCCGACCGTAAGCTGACTCCCGTGGAAATCACAATGAAGCTGAGCAAGCAGTATCAGGTCGGTCTGCACACAGATTCAAAGGCCAGTCTCGAGACCGTGGGCGTGCTGGGTGACACGGTGATTGACATCAGCAGCAAGGTCGCTACCGGCCCTCAACTTCAAGACAACAGCGAACTTCAGACGACCGAAACCCCAAATCTCAGCGACGTCATCAAATCCAGCCAGGGGACCATCGAACAACTGAATACCATCCTCTCCAAGGTCGACAATCTCGCCGATTCCCTTAACAGCGGCAAAGGCTCGATCGG
CP030840.1_gap52	1890011	1893960	3949	GAGCCGGTATGGTGCTCAACAATCCTTCGGGATCACGCGTGTGTTCATACAAATGCGAGGGCGAGAAGATCTGCCGGTCGAGCCATGCTGTCAAGTTGCCGTCGCGATCGAGCAGCGGCACGTCGCGCCCCGGAAGACCATAGCCGGGGACCGGCACAAAGCGCATCAGCAGCCAGTAGCCGGCCAGGGCCGCCACGAGAAGCGCCAATTTGCTGCGCCAAGCAGGGCTGATGAGATAGAGCGACGCGACCACGAAGTAGCAAATCGCGATTCGCGGCAACACTCCATAAAACCGCATGGTGTGCAGGTTGAAGAACGGGAAGCTGTTCACCAGCAGCCCAAACAAATAAAGAATGACCGTACGCCGGATCACGTGCAGGAATAAGGAGCTCTTGGTGGCGCCCCTCGCCAAGCGCGATTCCGTGGAAAACACGGTCGATATCCCCACCAGGAAAAGAAATGTGGGGAAAACCAGGTCGGTTGGGGTAAACCCGTTCCACGCAGCATGTTTAAGCGCCCAATAAGCACGTTCGCCATCGCCGTTGTTGTTGACCAGGATCATAAAGGCGAGCGTGAGGCCGCGCAGCACATCGACCGACAACATTCGGGCCGGCTTGGTGGCGACTGGGGCTGAGGGGATAGTCGTTGTGGCCATCGTTGCAACTCCGTAAGAGAAATCTAATTTGAGAGCCCGCTACCTTCCCCCAATTCCGGGGTTTCGGTAAGTATAGCGGGGATTGGTACTTGCCACCGGACAACGGCAGCTGGTACCAGGCATCTAACGGTTGGAGAACAAGGCCGGTTGCCCATTGATTGGGAGACCGATGGAATCAAAGTTTTAAACAGGGTCCAAGGAGAAAGCATGAAAGCCAAACAACTATCCGTCGGAATTCTCGCGGGCGTCGTCGCACTTGCCTGCAGTCCAGCCGTACTCGTGGCGCAGGGACCACCGCCGCCACCGCCCGGCTATCAGGGACCGCCGCCAGGATATGCGCCACAGCCATGGGAAGCGCCTCCTTCCGAATATCAGGAGGTCCAGCAGCGCGGCTTTCACGACGGCGTTGAGGGCGCGAAGAAAGACTACCAAAACCACCGCCAGCCGGATGTGAACAACCGTGACGAGTACAGGCATCCAAACGGCGTTCCGAGGCGCGACCGCGAGGCATATCGCGAAGCATTTCAACGCGGATATCAGGTTGGAGTTCAACATATCTGGAGCGGCGGCGGGCGCTAGCCTCCGGGTTCCGTCGATCGCGTAACTTCCATTGCAGCGCTGGCAGCCATCTTTCCGCTACCAGCGCGGATCGTGTTTCTGGCCTTTTCCGCTCGAGAATCCGTGTCAGATCCGAAGCTTAAGCTCTCCGCGTAAGCTTTGTGCAGTTCGGCGCCCGAACCATCCCTCGCGCCCCACGCAACTTCATAATATGTCGCCGTCACCGGCGCATTCTATTCTCTAAGCTGTTGGCTAAAGGCAGGTCAGCTAAGCAAAGGTTGCTCGAACAAGGCAAGCGAAACGAAGGCAGTGACTGTCATATCAGCTGTTTAGCTATCGGCTCATTCGCTAGCCGCTGCTTAGCTGACCGGCTTTTAGCTCCCGAGACGATAAGCGCGCCTGCTCCCCGACGTGATCCCGAGCGGTTCCCAGAAGAGGAAGACTGGGCCAACAAGGGAATCCGGATCTTTGGGCACCTTCGTTACCCGAATAAGGGTTGCGGTTGTAACACTCGGCAGCTACCTTAGTCCAAGGAAGTAGTTCGACCGCTTCGAGCAATCTGTTTGACCTGGAATGCCTCCCTCCCGCCAACAATCCGCGATCCACCGCGCCACCAGTCTGTTGGCTCCATCGCTGCTGGCGATGGCGGGCTGCGCAGGCGTGGTTTCGAACTACGCGGCAAAGCCGATCAACGAATTATTCTCCCTGAGCGCTTCCACCCAGACGGTGGACACCAATGGACAGGTTCAGCTAAAGGCACTCTACGCCTCGGGTACGGCAGCCGCCGTCCATTGGACTTTGACCCGAGGAGAGAACGATGGTGCGATCGGGCAGGGGACGATCGATGCCCGGGGCGTCTATACTCCTCCGGCCTCACTGACTCGGGATGGGATTGATGTCGAGATCCAGGCCCAATTAAGGTCAGATCCAACCAAAACCGCGACGGAAGTAATTCACGTAAACCCGGGATTTCTGCAACCCTTGACCCCTGAAAATTCTGCTCTCCCGCCGGGAGGCTCTCTGCCGGTCAGCGCGCAACTGGCCGAGGTTGGCGGCGGTGACCTGGACTGGAGGCTCTCCACGGCAGCCAGCGGAGGCCGTCGGCTGGATGCGTCCTTTGGAAGCTTCAGCCAGGAGAGTTGTCAGCACAGCGCCCAGAACTATACCGTTTGCAGCGCAATTTACACTGCGCCACCTTCCCTGCCGGCAGGCAAGGAAGTGTACGTCGTCGCCACCGTCCACAACACCGACGGCACCGCTGGCTCGCGACAATCCGTCCACGTGCTGCTGAGTAACTCGGGCATTTCAAGCAGCCCCCTCACCAACCAGTCTGCCCAGACTTCTCTGGTGCAATTGGGATCATCAGGCGGCAACAATAATGATGCAGACGCCAGCCAGGACCGCTCCGGAGGCTCATTCATCAACGATTGCTGCGGCGGTACCCTAGGCGCTCTGGTTCGAGACCAGACGGGCAGTCAATATATTCTCAGCAACAACCACGTGCTCGCGGAGTCGGACCAGGCCAACCAGGGAGATAGCATCGTGCAACCTGGCCTCATCGATGCAAATTGCGATCAGAATGCCGGCCGGCCGGTGGCTTCTCTTCGGTACGTTGTCCCGCTGGCCTCGTCCCAAACCAATGTGGACGCTGCCCTGGCCGAGGTGAACGCTGGGTCGGTCGATCCCGGCGGAGCAATCCTGCAGTTCGGCACTCCCGGCAAAGGAACCAACAATAGTATCGATGCCGCGCCTCCTGCTGGCGGTGCCGGGGAGGCGATCACGCCCGCACTCCTGGACCCCGGATCCGCTCCGCTCCGGGTGGCCAAAAGCGGCCGTACGACTGGCTTAACCTGCTCCACCATCGAAGCCGTCAATCTCAGCCTGGAAGTCGACTATTACAAGGACTGCGCCGAAACCCAGCCGTACTACCGGAAGACGTTCGTCCACCAGATTGGCATCGGCGGCAATGGCTTCTCTGACAGCGGCGACTCCGGCGCACTGGTCGTCGATGCCGGCAACGCGGAGCCTCTCGGCCTCTATTTCGCTGGCGGAACCGATGACCACGGTGGCGGCTTCAGCGTCGTCAACCCCATCCAGGATGTCCTCTCCGAATTAGGCGCGCACGCCGACCGCCAGTTCAGCATCGTCGGCGGAGCAGAACACCCCATCTCCTGCTTGAACTACGACGGCCACCCCGTCGAGGAGCAGCCGGTTCCCGAACTCTCGCAAAAGAAAGCCCAGTTCGCAGCCCGCAAGAACGCTTCGACGCTCGTGAATCCGGCCACCGGAATACTCGACTTGGCTTCCGGCGCAAGCGCCGACTCCCCTGGAAGCGCTGCGCTGATCGTTTACGTGGATAAAGCCAGAGAGGGAGTCCAGGTCCCGGCGGTTCTCAATGGATTTCGGACGGTCGTAGTGCCGGCCGATCCAGCAAGCGTCGCAGACGGTACAGCGCCTAAGATCCCGAGCTTGTCTCCCGGTATTCAGCTCTCGGCCGCAGCACTTCAAGAAGCCTCCACCGTTCAGCAGGCTTACGCGAAACACCTCATGGTCGATCCCGCGATCTTCGGGGTCGGCGTTACCCAAAGCCGCGATAATCCCGCGGAAGCCGCCTTGCTGGTGCTCGTCGACATCTCCCGCACACCCAGGGCCATGCCGGCCATCATTGGCGGCCTACGCACTCGCTATGTCTTCCTTCACCGCTTCCATGTCACCCGCTCCAAATATGCAGGGGCT
CP030840.1_gap53	1935370	1937369	1999	CACGCAGGCCGAACTTTCCTACCTCCTGCGGCTTAGTTCCCGGGCGGGTCAATCGGAAGCCCATTCTTGAATACACGGCGGAAGACTACGGGCACTCATCTCCACCAACCTCGAAAGGGATCGAGATGCTTCCGGCACAATAGCGATTAGTAAAACGAATTCTTTCTCCGCATAGCTTTCGAGCGACAACACTTCATATTGCCACGTCCTCCGCCAAGACAGGCGACGGTCTCGGCACGTCAACATTTATCAATTGTGCGACCGCGCTGAACGGGGCTATCGCCTTGAGGAGCATCTCGTCGTACTCTTGTTGAGGATCTGAAAGGTAAGTTATAGCTCCGCCCACTCCGATCTCCGCATGGTCCTTGTCGATGACAATTGTACGGATAACTATGTTTAAGTCCGCGGTGCCGTTGATTGAGAGGTAACCAATCGCGCCAGAATAGACGCCCCGTGGTTCACCCTCAATGTCGTTGATGATCTCCAAAGTTCTTCTTTTGGGTGCGCCCGTCATCGACCCGCCCGGAAAGCAACGTGCTATACATTGCGATACACTCCCTTGCAGATCTCCGCGGATGGTGGAGACTAACTGGTGCACCGTAGCGTACGATTCAACCTTCATAATGTCAGGCACGGTAACAGTCCCCGGAACACAAGATCGACTCAAGTCACTGCGAAGGAGATCTACGATCATGAGATTTTCGCTGAAGAAGCGCTTATCACTTCTCAAGCGGTCCTTATTTTCGGCATCCCGCTCCGGATCGGGATCGCGTGGCATCGTGCCTTTGATCGGCCGCGCCTCAACCTGGCCTCGCCGATCTATTTTTAGGAAGCGCTCCGGCGAACTGCATAAGATGCTGCATTGTTCATCTTTGAGATAGCAGGCATATGGCGCAGGATTGATCTCACGCAGTGTCAGGTATGTCTCGAAGAGCTGGGCATTGTCTGTTGCCTGCGTCGGCACCCGCACGCGATTTGTAAGACAGATTTCGTACGAGTCTCCAGCCTCGATCTTTTCCTTGCATAATGCTATATTCTGCAGATAACACTCTCTATCACATAGCAAATAGGGCTCGATCGACTGTGGTTGGCACAGTTCGACACGACGGGGGATGCGCGTCGTCGTAGAGAGAGCTTCCAGCTGTTGACCAACACTGTGCAACCACGCAGTTGCGCTTGTTGCATCTCCGACATGCAAGGCACACACAATAAACAACACCATTCGCATGATCTATGGCAAGAAACCGATCTGAGAACATCAGCCGGGCGTCTGGAAGGCCCGCAGGTTTACCATAAACATGCTCGGTCACGGCCATTAGCTCGTAACCCAGATACCCGACGTAGCCGCCACAAAACTCGAACGGCAACGCGGGGGGAGCCAACAACGTAGACTCGCTTAATCTGGTTTCAAGGAACGTGAAAATGTCCTCGTCATGAATACTTGATTCCCCGGATGGATATCGTACCGTAGTTGCTTCGCTTACGCGATAACTCAACATGTGTGTCAGTGGCCCGCTATCATCTCCCATAAAGGAGAAGCGAGCGTATGTCTCATCAGCACGACTAGAATCCAACCAATAACTATGCTGGGACTCAAGAAAGAAGTGGCGAAAAATATTTGCCACCGTAGCATCGGTCCTGACTCTACTAACAACACAGTCATACTTCACTTTTCGCAATCCTTAAAAAGTTATTCATTAGTGTCTCTCCATGCTCGGAGCAGATGGATTCGGGATGAAACTGAACTCCAAACATCCTTCGCGTAGTGTGCTGAATTCCCATGACTAGGCCATCCTCAGTCCACGCGGTAACCTTTAGGCTTTCCGGAAGACTGTCCGTCACAATCAGAGAGTGATATCTCACCATCTTGACTCCCTGGGGAATCCCTTCAAACAGACATGTGCCGTGGTGATAAATAGACTCTGTGAGTCCGTGGACCGGAACCCTGGCTCGCGCCACATTACCGCCGAAGACCTCCGCTATTCCCTGATGCCCCAGA
CP030840.1_gap54	1939445	1944060	4615	TCGAACTCCGGCGATTCAATAATCTTGTTCCCCACGAATTCTGCCACCCCATACTGTCTAATCTCTGGATGCAGTTTACTGCGAAATCATGGCAGAACGATTGGAGCGATGCGGCACCAACCTTCTCCTCAGAACATGAGCATTGTGAAGACAGAACCCGGTGCCTTCGCGAATCATTCCTTGGTTCAGGAATAAACATCAGTGGTGTGGGTTTCACCAGAAGAGAACGCTCGCTCTGACCTCTCAGACGGTAAGGACGTCATCTGATCTGCCTAACGATTGTCGGGCGCTGCAAGCTTGGCATCTCTGACTAACGACAAATGTTCAAAAGGGAATGATTAAACATGAGCGAGACCAAGTGTCCGATACCATCAGGTATGAGTTTATCAGCGTTAGATCCGACGTTTCGCGATCAGCCCAACGAGTACATTGACCAGCTCCGATCCTTCGAGCCTGTGTATCGAGATCGAGAATTCGACAGGGTGGTGCTGACTCGTGCTGAGGATATCGACATGGTATTAAATCACCGCGCGCTCGCCAAAGATCCGCGCAAATCTCGTCCTGGTTCATACGCGCGCATGATAGATACGATCGATGAAAACTATCGGCCGAGTATGCTATTCGCGGACGATCCGGACCATAAGCGCCTACGCAGTCTAGTAGCCAAAGCATTCAACCTGCAATCCGCCGATGCTATGCGGCCGCGAATTCTCGAAGTAGCGAATCGCCTTTTGGATGGCATTCCCGATCCGCGGCATTTCGACGTTGTTGAGGTTTATTCAAACCCGCTCCCGACAATTGTCATTGCCGCTGCGCTGGGCATCGACGAGTGCGATCAACAAGACTTTAAACGCTGGTCAGACAGCCAGGGCCACGTTTTCAACCCTCGACGCACTAAGGAGGAGTCCGCTAACATGGCATCGGGGCGTGAAGCTCTGCAGCAGTATTTTGCCGAAATAATCAAAAAGCGTCGCAAAGACCGTGGAACGGACCTCATCAGCAACCTTATATCGGCCGAAGAAGACGGCCAGAAGCTAACCGAAGCCGAAATCATCAGTTTATGCTACTTGCTCCTTATCGCGGGAAACCTCACAACGACTGATCTTATAGGGAATGGCGTGCTGGCGCTCCTCAAAAATCCGGATGAGTTGGCCAAGCTGCGGGCACAGCCAGAACTGACCCGTAACGCAATCGAAGAAATTCTACGGTATGACTCGCCAGTCACCACTGCCAGTCGCATAGCTACCAGACCTATGAACATCGGTGGAGTGGATATAGAAGAGGGTCAACCTATTACGCTGCTCCTGTTTGGAGCAAACCATGATCCCTCGGCGCACCCTCATCCTGGCAAATTCGATATCGCGCGACCTGACGCATACCACTCATCTTTTGGCGGGGGCAGTCACTTCTGCATAGGAGCGCCGCTGGCACGCGCGGAGGCGCAGATTGCCATCCCATTGCTTTTCGCCAGGTTTCCGAAGCTTCGGCTCACGCAAGGTGAGTTTCCCGCTCGCAAATCTTTGGTAAGCCTCAATGGAATCAGGACGCTGTGGGTGGACACCGATTAGATCTGGATAAAATTGAAGACTAACGCCCCACCGAGTTCTCCACAGATACCTATGGCAACAGAACTTGTGAGGCGTAAGGCCATCAATCGCCGGGCACAAAAATACATCCGACTGGTCGTTTTTATGAATCTCGAAAGAAGCCAGTTTATCCAATGCAACTAGGAGGGCAATATGCCTAATGATAAGAAGGTGGCGCTCATTACGGGCGCGAACCGTGGAATTGGATTTGAGACAGCTCGCCAACTAGGACAGAAGCACGTGACGATTGTAGTCGGCGCAAGAAGTCTCCAATCGGCGAAGGAAACCGCCGATAAGCTTGCTGCTGAAGGCATTGATGCGTACCCAGTGGTTCTTGACGTCACTAAGGACGCGGATCGCAAGGCTGCCGCCTCGTTCGTTGCCGAAAAGTTCGGCAAACTGGATATTTTGATTAACAACGCAGGCATCGGAGGCGATGGCGGACTCCTAAACGCTCACACCATCTCGACGAGTGAAGATGAGCTCCAGAGAGTGTTCAATATCAACCTCTTCTCCGTCGTCGCTGTCACACGCGAGTTCCTTCCGTTGCTGGAGAAGAGCCCGGCAGGTCAAATTGTTAATCTCTCGAGCATCCTCGGCTCCTTAACGCTGCAGTCGATGCCCAACAGCCCGATTGGGCCAATGAAAGCTTTTGCCTATAATGCCTCCAAGACCGCCCTGAATCAGTTCACCGTTCACCTCGCGGCCGAGTTGAAGGACACGAACATCAAGGTAAACTCGGTTCATCCCGGATGGGTGAAGACCGAACTCGGCACCCAGCACGCTCAGTTGGAAGTGGCAGATGGTGCCAAGACCAGCGTCGAAGTTGCTCTGCTCGGACTGGATGGCCCCAACGGCAAATTCGTTCACAACGGTCAAGAACTCCCTTGGTAAGTTCTGCCTTATGCTGCGCGGGGCGACAAACGTTTCTGTTCTGCGCAGCATTCCTCCTTCGAGGAAGGGTTCTTACGATGGTCGCCCGGCCCATTTGGAGTCGGAGCCGCCAGTTGGCATTTGTCCATGTCACACTATCAAAGACTGGCAAATCGGGATCGATATGAGCAAAGGAACAGAAACCCGCAATCGGATTATCACCAAGGCAGCTCCCCTCTTCAATAAGAAGGGATTCGAGGGCTGTTCGATGCAGGACATCGTCCAAGTAGTTGGATTAGAGAAGGGCAGCCTTTATGGTCACTTCGCCACAAAGGAGGCTCTGGCTCTTGCCGCTTTTGAGTTCGCGTGGGACGAAACATGCGCCGCACGCCTAGTCAGAATGGACACAACGACTAATGCAATCGAGAAACTCAAGATTCATGTCGATAACGTTATGTCCTGTCCCTCGTTCCCTGGCGGTTGCCCGCTATTGAACACGATTATAGATAGCGACGACGGCAATGCTACCCTGAAAAAAGCTGCCCGAGAAGCTTTGAAGCAATGGCGGATGCTGCTGGTGACGATCATTGAAGAGGGCCAACGCCAAGCACAGGTGAGGCCAGAGATTGTTCCGGAAGAAGTGGCTGCGTTACTCATCTCTCTCCTCGAAGGTGCGATGGCTCTGGATCGCCTTGATAAGAAGACCGGCTTTCTTCAAAATGCCGGACGTCATTTGAATTTCTATCTCGATTCGATCAGTATGGCGCATTGAACTCTCGCCAGATTCCCACACCGAAAAATGTGAAAGCATTGCCCTGCCGAAGCAACCTGCATTTCTGAGGAGAGACGATTCCTCTGCCAGGTCGGTTCGTCAATATTCCCTTTCGATAGGCTCGAGTTCGACTGCACTTCCAATGTCGTTAGAATCCGCCCGAATCTCAGCAGTCGGTTGACTCGACTGGAAAGGGATCCCGTTGTTGAGAGACATCGAGACAGTTTTATTAGTGGCTCCGCGCCACACCTCGAGAAGGTTTCCATCATTTCTGGCTTCCGCGCGGTCGTTTCGGGTTGCAAGGCCGCCACCGCCCACCATTTCTAAAGTGTATTTACTGGACTCGCCATTCTGTCCGCTGGTGCAAACGCCGCCGGAGTCGCTCCAACGGTTACAACTGTCAATATCACAAACATCGCAAAGCGTGATTGCTTCAAGCTTTGGGACTTCCTACCCATTTATTACACATTTTTCTGAGGTCCTTTCTCTGCAGCCATATGATGATTGTTGTTGAAGCCGCCGACACCATTCGATGGCGGCGGCCTAGCCGTGTGTTTCGCCCTTAAACAGCTCGGGAGAGCTGCTTCTGAATGCCTCCAAGCAGGCCCGGGATTGGGTTTTGGCTGCTATGCACGAAATGGATCTGCCCATTGACAGTTGCAACACCAATGGTCTGCTCAGGCGCATGGCCACGGAGTATTACGGGGGCCCATAGAGATTTCAGCTTCAGGTTTCCAAAGTGGGGACTATACGGAAGAAGTCCAACGTTCGATACCATGACCTCCTCCGAAAAGGCTGCGCGGTTTAACTCTGCACCTTGTTCGACATCCAAATTGGCCGCCATGGCCTCGCTGATCGCTGCGAGCACTGGCGCATTCCCCACCTGTGTTTTAAAGGGACGCAGAGTCTCTTTAATGACCCGTGCCGTCCCCCAGAGATCCCCCATGGAGTTGGTTTCGAGAATCGTGTTGGCTTTCGAGAAAGCAACCATGCATTCATCCTGAAGTCCGACTAAGCGACGTATGTCCACAGGAGAGAAGATACGGAGCGGATTATCTCTCCAGACTGCATCAACCTCCCTGCCAGCAGCAGCGACCGCCGCACAAATGATCGCGTGAATCGTCACGCCTTCCCTATGAGTACGCTCCCGTAATTCTTCTGTAAGCTCTGCACCGACGACAGTGCTCCTGACGTAGACCGGAGCCTCGACAAAAGTCCTGGCCAGATCATAAGAAAAGGTGACACCTGGCTCCGTCGAAGTTCGGACGGGAACTCCCAGAATTTCGTCCAAAGAACGCGGAAATGGATATGTTGAAAGCGTACCGCCGCCCAACGCCGTCAGGAGATCCCGAAGCATAAAGACTGAGGACATCCCGTCCGCAAT
CP030840.1_gap55	2031924	2035237	3313	CTCTGTCGATTGCAGTGGATGCCAGGGTGGCCGTCGCTTTGTATCTCGGCTTTTCAGCCGCCCAATGGATGAGCTCTCCAGGCCTCTACAACTTGCTCATGAATAGAACCCCCGACAGTGGGCGTAGTAACGCTGCAGCGATGACACTCTTCTGCAATGCTCTCGCGGCGTCTGCTGCTACTGCGGGCGCGGGGATACTTTTCACGCGATTCGGATACCCGCGCGTGTTGCAGGCAATAGCGGCATTGGCGCTCGTAGTGGCAGCGATGTTTTGGATACTGATCGGATCCCGCAACGATGAAGTGCAGGTGCAAACATAGAGCCTCGTTGCGTTGCTCTTGAACTAGCGATTCGGAGATGAAAGAGATGAAGCAGTTCTTCGCCGTGCTGTTTATCGTCCTCGCAGCAACTGTCAGCCAAGCCGGAACCCTTTTACCCGGGAGCGTACAGTTGCGGTGCCATCGAACCGCGAACGAAGATGTTCCGGAGAATACGCTCGAATCTCTGGAGCAGGCGGCGCTTCTAGGCTGCAACGTCGTCGAGATCGATCTGCGGCGCACCCTTGGCGGAGAAATCGTGCTCAACCACGACGGCATCTTGGAAAGGCTCACGGACGGAGTTGGCGAAACGGAAAAGAGCTACTACGAGGATCTTGAACTGCGCGATGCAGGTTCCTGGATGGGTGAAAGATTTGCTGGAATGCATATCGTGCTCTTTGAGGACGCGCTGCGAATGGCACGAAGACTCGACGTCCGGCTCGTCTTAGATATAAAGACGAAAGGCATTGGGTTGAGCGTCTTGGAGGTGGTGCGACATGAGGGCATGTTGGAGCGGGTCCAGTTCGGCGGCCAGTGGAGCGATGTCAAGCAGATCTATCCGGACGCTAAAGACGTCGGTGACGGCACGGTCTGGGTGCAGCCAGGGATAACTGAGACTGAGGTCAGGCAGTACCACTTAAAGGGGAAGAGCGTCGTAGCGAACTTCTCTGCTAACGAGCATGAGATGGATTTGCCTGCAATGAAGGCAGCGGTGGTGGCCGGGGTAGACGCGATCAATGTGGACTACCCCAGGCTGGGGGCGGATGCAGTCGGTAGACCAGTAGAACACAAGCTGCAGGAACTTTCCGAACAAGCCGACAATTGCGCTAGTGACGGGCGCGTCAAAGCCATCCTGCAGCTCTCTCGATATCGTGGACTTCCGCTGCAGAATGATTTTGCGCGATGGCTTTCGGATGGGGACGACCACGTCTCCCGAGCAGCAGCAGTAGCGCTCGTTACGGCCCGTCCGCGAACGCCGATCTCCGCGTTCACTAAAGCCTTGCGATCTCAAGATGCTGATGCCCGTGCCAATGCGGCATGGGCGCTTGGGATGTTAGAGGCCCCCGCAAGCACACTACTTCCGCTGCTGCACGACCAAGATCCAGCGGTCTTGCAAGCGGCGCTGATGGCGCTGTCACGTGCGCCCGGTGACGCTCCCGCTGAAGCGCTGCTGCCGATGTTGTCCCATGGCGACCCCGCGGTTCGTGGAGCGGCTGCCATGGCGTTAGCTAAGCATCAGCCAGAGATCGCGATCAGGGACATCCCGCCGCGGCTTCGCGTAGAGATGTCCTCAGAACGCGTGATCTATGATGACCGAATCAAACGAGGCAAGGCCCCATTCACACCGTCTGAAACTGACGCGCTCACGGCTTCTTTTCGTTGTCAGATGAAGATGGTGCAGGCGATATCCATGCTTAAGGGCACCGACGCCATGCAGGTTTTAGAGGAATTGGCCTTTCGCTCCGATAAGGACTTCGCCCAAGTAAACGCAACCGTGGCGGCATTCGACATGTGGGACCGCATCGGAGGGGATCCACGGCCGGCGGTTGAAGCTCTCGGCTCAGCTGACAATGATGTTGCTGAGCGGGCAGAGTGGATGTTGGTGCAAGGCGGCCCAGCGGTGCTGCCGGAGGTGCGGAAGGCGCTTGCCAACGACAGCGCACAGGTTCGGGAGCGGGCCATCCAGGTCTTGGCCTGGCAAGGAGATCCCGAGGCGCTCGACGCTCTGAAGACCCTTAGCAAAAATCACCCTGCACAAGAACATTTAGCCTTATGGGCAATCGCCAAGATAGAGATGTTGCACCCCAAGGTCTAAATCTCTGGGCATGAGCTACATTCCCACAGCTGCTGTCCGCATTGCTTTTTATGGATCGTCAGTTTAACCAAGTGTATCCAAGAGAGAATGGTAAATATGCTGCAAAATGAGAGAACTAACAGCGACCAGGAGCAAAATAGTGGAGCTAAGAGCAACTCGGATATCGTCGAGACGACAGCGGACGTGCGCAGCAGAATTCTTGTCATCGAAGACGACGTGCGCATGCAAAAGGTGCTCCAACGAATGTTTATTGAGCAAGGATATTCAGTAACCGTATGTGGTGACGGGACGTCCGCGCTTGAGGCTTTCCGTTCACTCAAAGCATCTGCGATCGTACTGGATCTGGTTCTTCCGAACATGCTTGGACGCGATCTCTGCAAGACGATCAAAGCGGAACAGCCAGAAATACCGGTCATTGTCGTCAGTGCCATCAATGAGGTTGCGGATAAGGTTCTGCTTCTCGAGTTGGGCGCCGACGATTACGTGACCAAGCCATTTAGTCCGCGCGAGCTGATGGCCCGAGTGCAGGCGGCGATCCGCAGGCGCCAGAAAACGGCGCCCGGAGCCACCTATAGCTTTGGGGAATGCGAGATCGACTTCGCTAAGATGAGTGCGCGGCGCGGAAATCAGCCCGTGATATTGACGGCCCACGAGTTCAAGCTGCTGAAGTATTTCGTAGAACATGCTGAGCGGGTGCTTAGCCGGGAAGAATTGTTGAACGAGGTGTGGGGCTACAACTCGTATCCCACCACCCGCACTGTGGATAATCAGATCCTGAAGCTCAGGCAGAAGCTGGAACCAGAAGCATCAGAACCCCGGCACCTGCTTACAGTCTATGGCGCCGGATACAAGTTCATCCCTTAGCAGCGCCCGTCCCTTCATGCCATCCAGAACGCTAGAGGTGAGTGTCGCCTCCACTCGCAAGTTCTACGGGGACTCAGCGCCGATGGAAGCATCGACAGATTCATAGAGGTGTCGGAGCTCAATTTCTTTCGGCAACTACCTTCAAAAAGGAGCACCAAGGGCGCCATTGCATGCGCATCGATTTACGGATTCAAGAAGCGAAGCAGCTCCTGTTCATCATGCTGGCTAAGCGATGCGCGAACTCGCATGTGGCGCAGGATCGTACCGGAGATGCGCGGCGAAAAGCTGTCCGGCGCTGCGTGGCAGCGGGAACAAT
CP030840.1_gap56	2057721	2061154	3433	GGCGGCGAAGTTCACGGCTCGCCATCCCAATCTTGTAGCTCTCGAAGTCTCCAGCTTCAAGTGCGGACACGATGCTCCCATATACGGCGTGATTGAAGGCATCATTGAACAATCCGGCACACCTTACTTTTCGTTCAAGGATCTCGACGAAAACAAGCCATCCGGCTCGATTCGCATCCGCGTAGAAACCATTGATTACTTTCTGCGCCGCTACCGGGAAGACATCATCAAGCGGCGTCAGGTTGAAGGAGACATCGAAGCCCAACTTGCGGCCTTCGAGCAAGGACTACGCCGCCAAGCTGAGGAGACCTGCAAACTGGCAGTAGCTGGGGATTGATGGTCGGACCTGCATGCGATTGCGCCTGAATTCCATCGACAGATTTGTTCTGTCTAACGTGAGTTATCGCCCGGTGCGCACGTTTCTTAGCGTGTTCGCCATCGCCGTTGAAGTGACCATGATTCTGACGCTGGTTGGTGTCAGCTATGGAACTCTCGATTCAACGGCGCGTCGCGCCAGAGGAGTTGGCGCCGATATCATGGTCCGTCCTCCAGGATCTTCGATCATCGGACTTAGTTCGGCTCCGATGCCGGATCTGCTGATACCCATGTTGCTGAAGCAGCCGCATGTTACGCTGGCCACCGGCACCGTGGTGCAGCCGCTGGCCGGCTTCGATACGGTCACCGGACTTGATCTGAATTCGTTTACCAAGATGAGCGGAGGGTTTCATTTCCTGGAAGGGGGCCCATTCCAAAAGGATGACGATATCATCGTCGATGAATACTATGCCCGTGAAAAACATCTTCATGTCGGGGACACAGTTCCGCTCATCAACCACGTATGGCATCTGAGTGGAATCTTCGAGTCGGGCAAACTCACTCGCATTGCGGTAAAACTGCCGGTGCTTCAGGAGTTGACCGGAAACCCAAACCATCTCAGCCAGATCTATCTCAAGGTAGATAACCCGAAAAATGCACACAAAGTAGTTAGTGCCCTGCAGCAGAAAATGCCCGGCTATCCCATCTACACGATGGAGGAATTTACTTCACTGCTTACCGTCAGCAGCGTTGAATTGTTACGGAATTTTATCGGCGTAGTGATCGGCGTGGCTGTGATCGTCGGCTTCATCGTCGTGTATATGGCAATGTACACCGCCGTTTTGGAACGGACCCGAGAAATCGGGATCCTCAAAGCCATGGGTGCCTCAGCGGGACTCATCCTTACTCTGCTGCTCAAAGAAACTCTGGTCCTGGCATCCTCCGGTGCACTGGCGGGAATTATTCTGACATACGGGACCCAGTGGTGCATGCAGCATCTCGTGCCTTCAAGCCTGACTCAGGAAACTGTCTATGCATGGTGGCCGATTGCCGGCTGCATCGCGATTGCCGGCGCACTTCTGGGCGCCATCGTGCCAGCGATGAAGGCCATCAACCAGGACGTCACCCAGGCGCTTGCGTATGAATAGCGGCCCGGTCAGGATGAAGTAGCCCATCTCCCACGTCTACTCAAATGAGGTAGACACGCCTCTCTCCAACTCGAGAGGAAGCATCGCAGGATACTAATGGTTGTCTCTCCACTCTCGCCTCAGCATCGACCAGAGCACGTCGATCAGACCAGCGACGGGAAGAAGGAGGAACATGAGTAGCAGAATCCAGAACTCCATGGGTCACCTCCATAAACAACGCTATGCTGCTCAACGGCGGTTCGCAGTGTCCGCGCGCACTGCGGTGTGTGCTCTGGATCACTGAAATAGCTTCCCCATTTCAGGGAAATCCCTCGTCCGCTGCAAACTGTACTCCATGGATGTAGACTCCCCATGAGTAGGAAGTGAAAGACTCAGTCGGTGGCATGAGCAGAATTGGTTCTGATTGATCAGAAAGTCAGCTCTTAAGACCTCGTTCTGACGAATAGCCACCGGGAGGAATGTCGTTGAAATCCGCCGTGCTGTCTGGCAACAACCGGGATCGTCCGCTCAGTATCCAAGAAGCTGCCAAGCCCGCCGCCGAGGCTGGGCAGCTTCTTTTGCGCGTGCGGGCGTGCGGAGTTTGCCGGACCGACCTTCACATCGTCGACGGGGAACTCGCCCCTTTAAGGTCCAACTTGATCCCAGGTCATCAGATCGTGGGTGAAGTCGTCGAAGGATCGACCTCAGAGCATCCGCCGGGAACAAGGGTGGGCGTCTCCTGGATCGGCGGGACGGATGGCCAGTGCTGGTATTGCAGGCATCAACAGGAGAACCTCTGCGATTCACCGACCTTCACCGGCTATACCGTTAATGGAGGGTATGCAGAGTTTGTTGCCGTACGCTCAGATTTCGTCTTCCCGCTTCCCGATTCGCTGGACGATACCTCTGCGGCGCCGCTGCTATGCGCTGGCATCATCGGCTTTCGCAGTCTTCGGGTTGCTGGCGTTCAACCAGGAGAGCGCGTCGGCTTGTTCGGCTTCGGGGCCTCGGCACATCTCACCATTGATGTTCTGCGCGCTTGGCACTGTGAAGTGTATGTATCGACCCGTGGCACGTCACATCGGAAGTTAGCCGAGTCGCTTGGAGCGACCTGGGTTGGTACCGAAAACGAGAGGCCGCCGGTTGAGCTCGATCGTGCCGTTACCTTCGCTCCAAGCGGAGATGTCGTTGTTTCCGCCCTGTCCAGTCTCCGCAAAGGGGGCATCGTGGCCATCAACGCGATTCACCTCGATCGAATGCCCGAGTTCGACTACGACCGTCTACTCTGGGGTGAACGTCAGATACGAAGCGTCGCGAACATGACCCGGCAAGACGCCCGCGACTTCCTGAACATCGCAGCAGAGATTCGAATGCGACCTAAGGTGACGATTTTCTCGCTCGACCAGGCGAACGAAGCACTTGCCGCCATTCGAAGCGACTCGATTGATGGAGCAGTAGTGCTTGTGCCCTGACCGGAAAAGCCCCCAGACTAACCGCGAGACCGTTCTGCCACTCACTTTCTGCCTGGTCAGCCGCCCCGCCTCATGCCGCCGCCTTGAGGTCCCAGAGCGTTCAAATCATCCAGAACGGCTTGCCGGTCTTGCGGACGGAACGACCCGGCGTTCATCGTTTGCTCGATCTCCGACTTCGCCTGCTTGAGCGATCTGAATTGCTGCAGCTTCCCTTCGCCGCTGGCCTTCAGGGATTGCAACGAGTTCAGGCTTTGCTGCAACTGCTGCACCTGGGCTTCGGTCGGGTTGCCGCGCATCACCGCGAGGTAGACGTCCTTGCCGAGCTTCTTTCCTGGTGTCTCTGGCTCCGCGGAGGCAGTCGGCTGCTTGTTGGCGACCACCACCTGGAAGTCCTGCTCTAAAGTCTCGCGGTCCGGCTGCTTCACCGTAGCCATGACTGCTTTAATCTTTGAGACGGCGCCATAGGGCGTTACCAGATCGAGCGGAGCGCCTGGTTTTTGAGCAGCTTTGCTCTCCTTC
CP030840.1_gap57	2064045	2065703	1658	CCCGGAGTTTCGGGAGCCACCGCGATGACCGGACTGCCCCTGCAAGGGACATATTTCGGAATGCCCTTCACGATTGCCGGAAAACCTGCCTATACCGATCCCTCTCAGCGCCCGGGTGCAGGCTTCCAGATGGTGACGCCGGAATACTTCAAGACCTTCGGGATTCGCCTCACCGGCGGCCGGGAGTTCAACGAACAGGACACTGCCTCGAGCGTGAAAGTGGCCATGGTCAATGAGGACTTCGTCAACAAGTTCCTCAAAGGGACTGATCCGCTGCAGCAACGGGTCGTCGTCGAACAGCTGATACCGGGAGTGACGAAGCTGGGACCAGCAGTCGAATGGCAGATTGTGGGCGTCTATCGCACTGTTCGCAATCGCGGCTTCCGCGAAGAGACTCCGGAGATTACGATACCCTTCTGGCAGATTCCCTGGCCGCAAGCCTCCGTCGGCGTGCGAACTGCGGAAGAGCCCGGAACGATGACCCGGAGTATCGCCGCCGCCGTACATGCGATTGACCCGCAGATCGCGCTCGATGAACCGAAGACGCTCGATGCAGTGCGTGACGACGTGTTAGCCAACGACCGTTTTACGGTGATCCTATTCGTGAGCTTCGCCATTGTGGCGCTTCTGCTTGCTGCGCTTGGAATTTACGGAGTCATGTCGTTTTCGGTGGCGCAACGGTCTCATGAAATCGCCTTGCGGATGGCCCTCGGCGCCACCCGAAACCGCGTGGTCGCCCTGGTGGTGCAAGAAGGAGTGATCCTGGTGCTGGTAGGGCTGGGCTTTGGTCTGGTCGGCGCCTACTTCGTGGGCCGGGCTATGCGCAGCACCCTCTTCGGCGTTGGAGCCATGGACTTCTCCGCCTTTGGAGCGGTGGGATTGATTCTGGTGATCGCGGCGCTTCTGGCATGCTGGCTCCCCGCCCGGCGAGCCGCTTCGGTCGAGCCGATGCGCGTCCTCCGGACGGAGTAAGTGCGAGTGAGGAGCCAGTCTAGTTCATCCGTGCGTCGGCATCGAGGTATTCACCCCGGCGCGGATGCCGGTCGGCCACCGGCCCGTGACCGTCTTCACCCGCGTGTAAAATCGAACGCCTTCCATACCATGCACATTATGATCGCCAAAGAGCGAACGCTTCCACCCGCCGAAACTGTGAAATGCCATCGGCACGGGTATGGGGACATTGATGCCGACCATGCCCACTTGCACTTGGTTGGCAAAGGCGCGGGCCGTGTCTCCATCGCGGGTGAAAATCGCAGTCCCGTTGCCGAACTCATGATCGTTCACCAACTCCAGGGCCTCTTGAAATCCTGAGACACGCAGCAACGACAGCACGGGACCAAAGATCTCCTCACGGTAAATTCGCATATCGGGAGAGACCTGATCGAAAACGCAGGGTGCCACGAAGAAGCCTTCCCCGGGCGGGAGCGATTCTTGAGCATGGCCGTCGGAGATAAGCATTGCTCCCTCCTGAACGCCCAATTCGACATAACCTCTGACCTTGTCCCGATGCGTTCCGGTAATCAGCGGCCCCATCTCGGCGCCCGCAGTCGTTCCTTCCGCGATCTTCAGGCGCGCGATGCGATCTTTCAAGCGTGCGAGCAACGCATCGCCGGTCCCATCTCCCACGGCAATAGCGACCGAGATCGCCATGCAGCGCT
CP030840.1_gap58	2068274	2072214	3940	CCTTCGCGCGCAAATGGAGATGCATCGAGCGAAGTTTCCTTGACTCGTATATCGCGCACAGTTCGTTCACTCGCAGCAAGCGCGTAGTTCCATGGGGAACTGGGGAAAACCTGCCAATCGGCCGTCATGCCACGGTCGCGCAGCTTCACCCAGTCTTCGCCGATCGGATACGAAAAAACCAACGGACCGCGATTGACCGAGATCGATTCGTTGTACCCGCGAACTAAGGTCGGTTGCAATGGAAGCTGTAATTCAACGACATCCCCGCTCTTCCACTGCCGCTCCACTTGAACGAAAGTGCCCTTCTCAGCCGAAGGAAGAAGGCGCCCATTCACTTTGATGGTGGCGTCCTCAGCCCACCCGGGAACTCTCAAGCGGAGTGGAAAGGTAGACGCAGCAGCGGGATTGATCGCTATCCGAACGGCTCCGCGGAAAGGATAATCGGTATCTACAGAGACACGTACCGCGACCCCTCTCACGGTTGTGTTGACTTCACAGGGTGAATACACCGCAGCCACCAGTCCATCATCGTGCGATGCCATCCACAGGGCTGCCGTGAACTTAGGCCATCCCTGGTGATAGTTTGCCGTACAGCATCCGAAGTTCGGTTCCAGGCCGTAGAGGTTGGATTCTGGCCCGTCGGTAGTCCACGGCTTGCGATGCAGGCTTACCTCAACCTGATTCGGCTCCTGGTTATATTGATGGGCCCACATATCATCGGTGAACGTGCCGGGTAATGCGTTGAAAGCGATCTGCTCCAGACGATCGCCGATGCTTGCATCCCCCAGAATCGCGAGTGACTGCTCCAGCGAAAACATAGTCTCGACAACCGTGCATAGCTCACTTCCCTGAGAAGGATTGCGGCCAGCAAGATGCTCGTCGCAGGAGAACATGCCATTTGGCAGTCCATGATAGGTGTCGAGCGCCGCAAGCATTTGATGGAAGCCGCGCCGGTCGATCTCGGCGCCTGAGACCATCGCCCAAACCGGCGCGGCTTTAAGCGCCTGCCCGTTGTTGACTCCGTGGGTCGACAATGCCAGATCAGCCAAGCCCTGACCTTCATTCAGCTTGATCATCTCTGCCGTGACCGGCTGAGTGTATTTGAAGTCGGCGTATTGCGCCTGCCAATCGAACCCTTGCCGGTGCAAGAGCCGGACAAGATCGACCAGGCTTGGATCACCGGTGCGGTTGTACAGCCAGATCGCGACCAGCGCATTATCCTGCCAACGGAACTTCCCCCAGTCCCGCAGCGGTCTGTCGGGAAGAGTCTTCAATTGATAAGCGAAATAGCGCGAAAGCAATGGCAGTACTCGAGGATCGCCCGTCACCTCTGAATATTGGACCAGTGCTTTGAGCATGACCATACGCGGCCACCAATCGTTGTTGCTGGACGGACCGATCATGCCGTCAGCTGCCTGATGCGTCAAAGTCCATTCGACATATCTTTGCGCCTTGGCTTTGAGGCGATCATCGTCAAGCAGGTAAGCCAACGGAAGCAATCCGTCGAGGTAATACGGGCCTCGTTCCCAGGAGTCGCCGGTACCGCCCAGCCAGCCACTGTTGTTTCCTACATCCGCCCAGGTTTCGTCCAGATGGCCAGACAGGCCATGCGCTTGAATGCGCAGTTGATTCAGCAGCCATCCCTTCGGCCGAACTGAACCGAGAGGCAGTAGATAAAATGCATTGGGGGCCATCGGCGAGCGGTTCTTAAAAACTTGCGAAGGACGTGCGAGTACCCGGGCCGCGAACGTATCCGCAAGTGCGTGCCGGCTGCTTAGAGGCAAAGAAGCGATTGCCGCGCTTCCTGCCTGCTTCAGAAATCGCCTGCGGCTGTTTGCCTTTGCTTCAGGTTTTTTCATCTCAACCAAATCCGCCTTTTGTCTTGAAGTCCGCTCATGAGTGGTTTCTAGCTGATCGCCCCGTTTTAGCTAGTAGCCAACGTCAAAAGCTCGTCAAGGTTCTTAGCAGAGGTGGACTCCGCCCCTCGAGGCAGTCCAGGCGCTACCACCAGGGCCTGCTTATGAGCTTCGTACCACACCAGAAAAGAAGACTCCCCGGCTCCCGGCAATCGTTGCTGATTGATCCACTGATAGTAGGCGCCCATGTCGGCGTCAACCAAAGACCCGGCGAAGTCGAGGTTCGTCTCGCTGCGGCCGCTGGTCAGCAACTCGTTCATCGGCTTCTGCTCTTGCCGCGGAGCAAATCGAACCAGGAGCGTCAGCGGCTGTGCCCTGCGCAAGGTTTCGCGTGCGGCCCATTGTGCAAACGTGGTGCTGAATATCTGCGTTCCGGAGCCTTCCGTAAACAGCCTGACTTCAAACCGGCCGAGGACCTTATCTCCAGCCCGCTCCATACCAAGGTCCGCCGGGGACAACCTGGCAAGACGACTACGAAGTTCCTCCGGGCCCATCCCTGGCTGGCTGATCTCCGTCTGAACGTACTTCAGCAGCGCGGAGCGAACCGGCTCGAGCGCCCGATAGGACACGCATGTCAGCAATGGGCTATGGGCAGCTTCCTGCCCGCCATCGACATACCAGTGACCGTAAGTGGCGGGATAAGTCTTCGCGCGGGCAGCAGCAGCGGCCAGCAAAAGTTCCACTCCATCCTTCGGGTCGACATTTCTGAAATAAGTGCCGTGCGCACGCAAGTTACGGAATAGCGGTCCTTCATAAGAAGAAAGACCTTGCCCGATAATGGCGATCCCCAATCTGCGTACCGGCAGCTTTGGCTTTGGCAGGACCGCTTGCAGACGATCTCCATACGAAATAGCAGCCTGGCGAAATCCGTCCAGTTGATGCGTGGTCCAGAGATAGGCCGAAAGCTGTTCGACGAACTGTGCCGGCTGGTTGATCCAGTCGAACCGCTGCAGATTGGGCGAAAGCGAGAACGACGAAAAGGCCCCAAACCACTCCTGCATCTGTGCTCGCGACAAGGAACTCAGATTTGTAAGTTCGCCATCGATGGCCGCGCGCTCAGCCGGAAACTTGAAATCATACTCAACCAGCTCCCGCAATAAACTCGGCGCTATCGAGAGCGGCAGTTGACGAATCGCATCCAGGTGAGAGATCACCAGCATTCTTGCTTCTGGCGGGTACCCGGCGAACTGCTCGGCCTTGAGTTCCGACGGAAGCATAACGCTAGACCAGTTCCTTTACCGGCCGGCCCTGCGCCTGCGATGGGGAGAACCCCATCATCAATCCGAGCGTCGGCACCAGATCGATCGACTGCAACGGATTATCGTAGACCACGCCTTCTTTCACTCCAGCCCCCATCGCCATCATCCAGGTGGTTCGCGAGGCTGCATCGCCGGTGCGGTGATGCTGAAACCCATTTCCCCCGGCATCCTCGTCGCCATCCCGCCCGAAATCGGGAAGGATAAACAGAGTGGTGTTGCCCGCGTACTCCGGTTCGCCTTGAGCCGCATTCCATAGCTCCGCGCAGAGACGATCCGTTCGCCGGATTGCATCAATGTACAGCGAGTAGGCTCCCGAATGGGCAATATCGATATCGTGCATGGTGATCCAGAGCAGACTCGGCGCCTGCTGCCGCATCAATCGCCGAGCGATGTACATTGAGAGCTCGTCCGGACTGGACACCGTAAGCGCGTGCGCTTTGAAGTCTTCCACTGACAGCTTCAGGATCATCTCTAATTGCTGCAATTCAAATTCGCCGCCGGCCAGCTTTGGTGTGTAGAGCGGAGTCTCGTAGTTGTCATGCAGCAGATGTTCATAATCCGTCGAATTTCCCGACGTCGCCGCGTTCAACAAGTGTTTGGGCAGCACCACTCTCGCCCCCATCCCTGGTCCATACGAGCGATAGTCGCTCTCCCCGATACGGTTGAAGCCATTGCTGGGCGCCACCACCCAGGCGTCGGAAGAAGGCCGGTTCAGGTCCTTGCGAAAGTACTCGAAGACGGTTGGATGTTCCGGGGGGACCGCGG
CP030840.1_gap59	2094868	2096525	1657	ATGGCGTAGAGGTGTTGACCGGCATCGCGAGCTTTGAGGATCCGACTCACGTCCGAGTGACCAGTTCCCGGGGCGCCAGCGTCTACGCGGCAGAAAATATTTTGATCGCTGTCGGCACCAAGCCTGCCGCCTCCGCCAAGGTGCCAATCAACGGGCGGACGATCATTGACAGCGACCAGATCCTCGACCTTCCCGAACTGCCAAAGACCCTGATCGTGGTCGGCGGGGGCGTCATTGGCGTTGAATACACCTGTATGTTTTCGGCCCTCGGGGTGCGCGTAACGCTGATTGAGAAGCGCCCTAAACTGCTCGAATTCGCCGATCAGGAGATCGTTGAAGCGCTCAGTTATCACCTGCGGGATACGCGCGTCACCATGCGCACCGGCGAGGAGGTCGAGAGTGTTGAGGAGATGCCGGATGGCTCGGTCGTCGCCAATCTCGAGAGTAAGAAACGCATCAGCGGGAATGCTCTGCTCTATGCCGTCGGCCGCCAGGGAAATGTGTCGGAGCTGAATCTACCGGCCGCCGGCATCGAGGCCGACAGTCGGGGGCGCATTCCGGTCGACAAGGATTTCAGGACAAAGCAGGCTCATATTTATGCGGTAGGCGACGTGATCGGCTTTCCCAGCCTCGCATCGGTATCTATGGAGCAGGGGCGCATCGCGGTCGCCCGCATGTTTAACGACGAATCCGTCCACACCAACCCGAGCGTCTATCCATACGGCATCTACACCATCCCTGAGATATCTTTCATCGGGAAGACCGAAGAACAGCTTACCGACGAAGACGTCCCTTACGAAGTGGGAGTCGCTTACTACCGGGAGATCGCCCGCGGCCAGATTCGCGGAGACACGACCGGGCGCCTGAAGCTGATCTTCCATCGTCAGAATAAGCAATTGCTCGGGGTGCATATCATTGGAGAAGGCGCCGCGGAACTCGTGCATATCGGGCAAGCGGTCATGACCCTGGGCGGCACAGTGGATTACTTCATCGAAACTGTGTTTAACTACCCAACGCTGGCCGAATGTTACAAAGCAGCAGCATTCAACGGCATCAACCGTCTCTCTAGATTCGAATAGCCGACCTCGACTGTGGCGGTCGGTTCCCCGGCGCTCTCTCCGGTTTGGCTGAAGGAACTGAAAGCCGTTGGGCGGCGAAGAAAGGTTTCATTATGGCGAGAACCATCGGAGTAGTGATGGCTGAGCGCGTGGTCACAGCCCTCATTGAGGACCACAAGATCGTTGGACAGGTCCACGAGTACCCCGAAGATGCCGAACAGTTCGACGGTCTGGTCGAAGTCCCCTCCGAGGATTTATGCGACATCATCTGTGACCAGATCGTCAAGCTCGTTCCGGAGGGATCGCACATTGACGCCATTGGCGTCGCCTTACCCGGCATCGTTCGCAATGGCATTATCGAGGACTCCCCCAATCTCGCCCAGCTGAAAGGCGCAAAGATATGCGCATGGATTCAGGAGACGCTCCAGGAGCGTGGACGCGATTACCCGGTCAACATCTTTAATGACGCGGATGCGGTCGCAGCGGGGCTTGCCGCTACCAGGGGGCAGCTCGATCGCCTTATTCGCGTTTGGACGATTGGCAATGGCATAGGTTTCGGCAGGTTTCCCTATGCCGAGGGCCCATGGGAGGGGGGACAT
CP030840.1_gap60	2112719	2117693	4974	TCGGGCCTGCCGGCCGTGGCTCGACGCGGAGATTGATGCGATGCGCCCAAGCCTGATCGTCTGTCTCGGAGCGACTTCCGCTCAGGGTTTGTTGGGTTCAAACTTCAAAGTGACTGTTGACCATGGAGTTGTACAGCAACTGATCGGGCTCCCTCCGATCATTGCCACCCTTCATCCCTCGGCAATCTTGCGCGCGGCTACTGAAGAGGACGGCCAGAGGCAGACGGAAACGCTCGTGAATGATCTTCGTGAGGCGAAGCGCGTTCTCAGCTCGCTTCCAGCAGCTTCTTGACCCGGGTTTGCAATGCTTGCGCATCGACCGGTGCTCGCACCTTCATGTCGTTGTCAAAGTAGACGAAGACGTCCCTCTTCTTACGCTTCGGGGCATCGATATCACCCGCCCTCTTCCCATCGCGAACTTCGCCGCCGGCCGCCCACGACGCGATGCGGCGCGCCCAGCGATCGAGTGCTTCGTCTTCATAACCGCTCGCATAAAGCTGTTCGCTGCCGTGCAGGCGGCAATAAACAAAATCTGCCGTCACGTCCATCAGCAGCGGCCACTCGACCGTATCGGCTACGACCAGGCCCACATCGTGATGGCGAAGCATTTGTATGAATGCGTCGCAGGCGAAGCTGTCATGGCGGATCTCGACCGCGTGGCGAAGGCGAAAGGAGCGCTTTACCTCAAGCCAGCTCCGCTGATCGAGACGCTTGTCATGAAGACGGCCGAGTTCGGCTGCTTCCTTTTGGGTCCTCGGAAGAAGTCTGAAGAAAGCGTCTAACTTTTCTGCTTCGAACTTGAAATTCGGTGGAAATTGCCACAGCACAGGGCCCAATTTCGGACCAAGGCGCAGGACGCCCTGCGCGAAGAAGTTCGCAAGTGGAACTTCGATGTTGCGCAACTTGAGCATATGGGTGATGTAGCGAGAGCCTTTGACGGCAAAAACAAAATCGTCCGGCGTCTCGGCACACCAGGTCTCAAAGCTGCTTGGTCGTTGCAGCGAGTAAAAAGAGCCATTCAGCTCGATGGTGTTGAAGCGGCGCGAGGCAAATTCCAACTCTCGTCGCTGGGCCAGGTTTTTGGGATAGAAAACACCACGCCAGCCCTTGTAGCGCCAGCCTGATATTCCGATTCGCACGTCCCCCGGCGCTTGTTTCAAACTCAAGCCTCTATGGCGCAAAAGATGACGATGAGATTAGTTTAGGATGCCTTAGCGAGGCCAAAGTTGGTCGGGGAGAGAGGATTCGAACCTCCGGCCCCCTGCTCCCGAAGCAGGTGCGCTACCAGGCTGCGCCACTCCCCGAACGTGTGAAAGGATGCTCCGGCGCGGGGTTCCTGGAAGGTCCTTCGATCGCCACAAGCAGTCTTAAGTGTAGCAGAAAGACCGCGTTCAGCACGACCTTCGCTAGAGGCCATCCGGGAGCGGTTGGACCCCCCGTCTCTGCCTCCTTCTGTCACAATTGAGGAGCCGTTGTCGTGAAAGTGAGGCGGCAGAGGAACGAAATCAGCTTCGAGATGACCCCACTCGACCAACTCGACCTTTCCGGCGTGCGGGTGCTGGATGGTGGCATGGCGACCGAGCTTGAAAAGCTGGGGTGCGATCTATCCGGCGCACTCTGGTCGGCGCGCGTCCTGCGGGAAGCACCGGAGAAGATAGCTGCGGTCCACTCCGCATATCTCGCTGCTGGCGCTGATTGCATCCTCACTGCCAGCTACCAAGTCTCAGCCGAGGCCTACGCGGACGCCGGACTCTCCCCGAAAGATGCTGAAATCGCCGCTGCTGCCGACCTGGTAAAGTCTGTCCAGATCGCAGAAGACGCCCGCGCCGGCTTCTTTCCGTCTTCTCGCCGCGAAGTCCTGATAGCAGCCTCGCTCGGCCCCTATGGGGCGGCGCTGCACAACGGCGCCGAGTACCACGGCAACTACGAGATTTCCCTTGACGAACTCGTGGCGTTTCATGCGCGGCGGGTGGCCGTCCTGGCGGGGACGAGTGCCGACCTCATCGCCTTTGAGACCGTCCCATCCTTTCAAGAAGCCAAGGCGATCGTCAAGGCACTCGCGCCGTTCTCGGAGATTGGGGGTTGGGTGACCTTCACCTGCAAAGATGAATCACGTGTCGCCCATGGGGAACCCATCTCGGAATGTGCCGCCTTACTCGACGCCGCGCCCCAAGTCGTCGCCGTTGGGATCAACTGCACGCCGCCAAACTTGGTGGCCGCGCTGCTCCGCGAAGTCAGGAGAGCCACGGACAAGCCGATCGTGGTGTATCCCAATTCCGGGGAAAGCTGGAATGGGGCAACACGAACATGGTCGGGCACGGCCGATCCGGCCGGGTTCGGGGAGCTGGCCGCTCAATGGGTGGATGCTGGAGCTCAGATTGTCGGTGGGTGTTGTCGTACCGGGCCGGCGCATGTGCGCACCATCCGCGAGGTTCTCGCGTGATCACGGGCGCCTGTTTGCCGGACACGATTTTGCTGACAGGCTTCAGATGAGCCAGAAGTCGGGTTCAAGTGTTAGGACGACCGGTCTTTCCCATGCGACAATAAAAATACCGCTATGAATTCAGAGTCGCCTACCGTGACTTTACCTCATGTGATGAGGATGGCTGCTCCTCCCGCGCCCACGAACGTCACCCCCGAGCTGCTGGCGCAGCACGGCATCACCGCTGAAGAATATGCGCGGATAGAAGCGGCGCTAGGCCGGGTCCCGAGCCTCACAGAGCTGGGCATTTACTCGGTCATGTGGAGCGAACATTGCTCCTACAAATCCTCCAAAGTTCACCTGAAGCGGCTGCCAACCAAGAGCGACCGCGTAGTTCAGGGGCCGGGCGAAAACGCCGGAATCATCGATGTCGGCGACGGCTGGGGCTGCGCCTTCAAGATCGAGTCGCACAACCACCCGTCCTATATCGAGCCATTTCAGGGCGCGGCCACTGGAGTCGGCGGCATCCTGCGCGATATCTTCACTATGAACGCGCGACCACTGGCGGTAATGGATTCGCTGCGCTTCGGGCCGATTTCGCCCGGGGAGTCTCCCGAAACCGCGTCCGATGTCATTCGGAAAAATCACACCATCATGGAAGGCGTCGTCAGCGGCATCGCTGGATACGGCAACTGCTTCGGCGTGCCGAACCTCGGCGGCGAGACGCGCTTCGAGCCTTGTTATTCGGGTAATCCGCTGGTAAACGCCTTTGCGCTAGGACTGGTTCGGCTGGACGAAATTTTTTACGCGAAGGCCACAGGTGTCGGCAATCCCGTGATCTATGTTGGCGCCAAAACGGGACGCGACGGCATCCACGGCGCCACCATGGCGAGCGAAGAGTTCAAGGAAGGCTCGGAGCAGAAGCGCCCCAACGTGCAAATGGGCGACCCGTTCATGGAGAAGCTCCTGCTTGAGGCCTGCCTCGAGGCGATGAAGACCGGCGCGGTCCTCGGCATTCAGGACATGGGAGCTGCCGGTTTAACGTGTTCGACTTGCGAGATGGGCGCGCGGGGCGGGGTCGGCCTTGAGATTGAGCTCGACAACATTCCGCAGCGAGCGACTGGCATGACCTCCTACGAGATCATGCTGTCCGAGTCGCAGGAACGGATGTTGCTGGTCGCTGAAAAAGGCCGCGAGCAGGAAGTTCTCAGCGTTTTTGCCAAGTGGGGCCTCGACGCGACCATCGCCGGCGAGGTGGTAGCCGAGAACCGGATGCGCGTCCGCCATCACGGCGAACTGGTCGCCGATATACCGAATGAATCGCTGACCGACGACGCACCGCTCTACCATCGGCCAGTCGGCACGTGGAAGGCTCCGGTACCGCTCGATCCACCGGCTGAAGTTCTGGCGGAACTGCAAAAGCCCCGCGACTATACCGCGGATTTGAAGAAGCTTCTTGGCTCGTCGAACATCTGTTCCAAAAGATGGGTCTTCGAGCAGTACGACTCGATGGTTCAGACGAACACGGTGCAAGGGCCGGGTGGCGAAGCGGGCGTTATGCGGATTAAAGGAACAAATCGAGGCCTCGCGATGGCGCTGGCCGGAAACAGCCGCTGGTGTTACCTCGATCCCAAGCTCGGAGCCATGCACGCAGTCGCCGAAGCCGCCCGTAAAGTCGCCTGCACCGGCGCAACTCCCGTAGCCGCAACCAACTGTTTAAACTTCGGCAACCCCGAAAAGCCCGAGATCATGGCCCAGCTCTCCGCCGCCATCGACGGCATTGGCGAAGCTTGTAAGGCGCTCGGGACCCCGATCACAGGCGGGAATGTTTCGCTCTATAACGAAACTCGGGGCGAAGGAATCTATCCGACTCCAGTGATCGGGATCGTTGGGATTATCGACGATGTGACGAAGGCTGTTGGGTCAAGTTTTTCTAACCCAGGCGATGTACTGCTCCTCATCGATGCGGGAGGGTCCGCAGGCCACACAGCTATACAGGAATTCGGCTCCTCCGAGTATGCCAAGCTCATTGTAGGCGCGCTTTGGGGAAGGCCGCCGTATATGAACTCGTGGGCATTGTCGGTCGAAGCTGAATTGCACCGAAGACTGGCGGCGCTGGCGAAGGACGGCTTGATCACCGCCGCCATCGATATCTCAGACGGCCTGGCTGTAGCACTTGCAGAAGGTTGTTTTGCACAGAAAACCGGAGTGGACATAAACCTTATCGGTTATCCAACGGAAGTGCCTTCTGTGCGCTTATTTTCAGAGGAGTGTTCGGGGCGTGTGATCGTAGCCTGCTCGCCTCACAATGTCGAAAAAGTCGAATCCGCCTTTCGCTCGGGCGCTCCTAACATATGGAAGATGGGCACGGTGACAGACGGAACGTTCCGCATTGCAATTTCGGTCTACGAGGAAACAGATCGAAATCAATTTAGGAAGGTCGACAGTGTTACTTATATACACACCGATATATCGGAGCTAGAGGCTGCCCACTCTGGCACCCTCTCGTCCCTCCTAACCGAGGTACACGCGTGAAGACTCCGCGCCTCTTG
CP030840.1_gap61	2223176	2224420	1244	TCGGAAGTCTTACCGCCTCTTTCCAAAGGACCCCGCCCCAGGATGCTTTGATATCCTGATAACCCTCTTTCGGGCAAGCAGTTGGGTCGGCTTGTAGCTTTCTCTTTTTTGCAGAGAAATCGACGGTAAATTGCCGGATTTCACTGACTCTCATTCGCACATTCATTCTCTGTTCACACGCACAAACTAAGACGGAGAAGCGCGTCTAAAAACCGGCGCGAAGGAGTTGTAATGCAAAAATTTGTTGCATGTTCGCTGGCCACCGTGCTGGTTACTGGGCAGTTCCTGGCCCCAATCGCCGCACACGCGACGTCCACCGACTATCCGACCACCACCCCGATCAAGCACGTCGTTGTCATCTTCCAGGAGAATGTGTCGTTCGATCATTACTTCGGAACCTATCCCTATGCGACCAACCCTCCCGGAGAGCCGGTTTTCAACCCGCTTCCAAGCACGCCTACGGTGAATGGACTCAGCACCATTCTGAAGCTTCACAATCCGAACTTGAACCCGGTTAACGCCACAGGCGCCTCCAATCCCTTCCGTCTCGACCGGTCCCAGGCTGCGACTTCCGATCAGGACCACGACTACACCGCCGAACAGCAGGCCTTTGACCATGGCATGATGGACGCCTTCCCGGCCTTCACCGGAACTCCCGGACCGCCGCCCGCCGGTCTGACCACCAATGGGATCGTCATGGGCTATTACGACGGCAACACCGTCACTGCCCTATGGAACTATGCCAACCACTTCGCCATGAACGACAACTCCTATGGCACCAACTTCGGCCCCTCAACCGATGGCGCGCTGAACCTGATCTCCGGCCAGACCAACGGCGTAACTGAAGTCAACGGCGCAGAGTCTGCAGTCGTTGCCGACGGGTATGGCGGTCTTACCCTGGTGAGCGATGCCGATCCGACTGGCGACGTCTGCTCCAGCACCTCATCCAACCTGGCGATGGGCGGCAAGAACATCGGCGATCTGCTCAACGCCAAGGGCATCTCATGGGGATTCTTCGAGGGTGGCTTCGACCTCACCAAGACCAACAGCAACGGCACCACGGGATGCAACCGCAGCACAACCTCAGCGATCACCGGCGTCAAGAAGGCTGACTATATCCCCCATCACCAGCCCTTCCAGTACTACGCTTCGACTCAAAATCTCAAGCACACCCGCCCCAGCTCGGTGGCCACCATCGGCCAATCAGGTGACGCCGCAAACCACCAGTACGACACTCACGACTT
CP030840.1_gap62	2305193	2305917	724	TCCCGGGAATTGCGCCGTCGTAGATGACCTTGCCCGGTTTGTCGCCGGTGATCGGATCGGCGTAATTCTGCGCGACGATATCATAAACGCTGGTGAACGAGCGCAGATTGTCGCGCAAAGTGGACTCGTCGGTGCTGGACTGCGCACCCACTTTTTGGTCGATCATCATACCGATGAGACCGCATGTGGCAAAGAAGACAACGAGCGAAAAGAGAGTGCGGCGGGCGCGGGAAGGCATCGGGGCGGAACCTCAACTCGATCGGAAGCTACGGCTGGAGGTTAGACGCGCCGAGGATTCCTTTGGTGAAGTATACCAGTTCAGCTTTTCAGGGATTTTAGCCATGTTCGGCGTCTGCGGGTTCGGCGTCTGCGGGATGATCCACCCATGGACTGCCGACCCATGGCCTGCCAACGCCGGCCGCCCGATCAGTTTGCTATTGAAGTCGCAGTGCTCCGAAATCGACCCCCAGCTCCGTGCAGAGGCCCTCCACGGCAAGGTCATGATCGTCCCGTTGCGGCAGGCCCGAGACGGTGACCGATCCGATCATGCCGGCGCTCACCGAGCGGAGCGGAAAACAGCCCCCGTGACTGGCATAATCAGCTACCGCCAAGCCATAACGGTCGAAAAGATTCGAGCCCTTCTGTTCCAGCTCGAGGCCGATCGCATACGAGCTTCGATGAAAACGTGCAGTGACATTGCTTTTGCGCCGGACCCATTCCACGT
CP030840.1_gap63	2379162	2380115	953	GGGGGCGAGAGAAGAGAGGGATCATGCAGAGAAACCGATTTGTTAGAGAGTGGGCGGCTGCCAACGCTCTGATCATCGCTGTACTCGCCGCGGGGTCGATGCTGTCGCAAGCCGCATTCGCGCAGACGCTCGCAGGCAAATGGGCCGCTACTGACCGCGTCATGGATAACGGCGAGCCGCACAAGATGGTCCTCGATCTGCAGCAATCCGGCGACAAGATCAGCGGAACTCTGGCCACGAACAGCAACTCGATTGCCCTGAACGGCACGGCGACGGGAAAGCATTTCGAGTTATTCAGCGCGCGGGACCCTAAGAAGCCATTCCTGGTGGGCGACCTGAATGGCGGTGAGCTACACCTTGTCATTCGCGACCGGGATACGGTGGTGGCCAAGCCGGCGACCGCAGCCGATGAAATCCCCAAGGTTGAGTACATCGAGCCGCCAACATCGCTGCACACCGTTGCTTCGAATGGATTGGCTAAAACGCCGCCCATGGGTTGGAACAGCTGGAACAAGTTCGCGGGCAAGATCGATGACGCAACTGTACGGGCCATCGCGGATGCCATGGTGTCGAGCGGCATGCGGGACGCCGGCTACATCTATGTGAATATCGACGACACCTGGCAAGGAGTGCGTGACGCTCAGGGAGTCTTGCAGCCGAACCACAAATTTCCCGACATGAAGGCGCTGTCGGACTATGTGCATTCGAAGGGGCTGAAGCTGGGCATCTACTCCTCGCCCGGGCCGCGGACCTGCGCCGGCTACCCTGGCAGCTATGGACACGAAGAGCTCGATGCGAAGACCTGGGCCGGCTGGGGCATCGATTACGTGAAGTACGACTGGTGCAGCGCGAGGACCATCTACAAAGAGTCGGATCTGCATGCCGTCTATCAGAAGATGGGAGACGCGCTGGCGGCGAGCGGCCGTCCGATGGTCTTTAGCCTTTGCGAGTAC
CP030840.1_gap64	2382858	2385178	2320	GCTCGATATAGCGGCCATCGCCTACGCGGTACGCCAGTACGGATTGCCCGAAAATCTCAAACTGAGCGTGCATTCCGGCAGCGACAAGTTCTCGATTTATCCGGCGATACGCGCGAACATGCAGCGGTTCGATGCAGGCGTCCACCTGAAAACCGCCGGGACCACATGGCTAGAAGAGCTCATTGGCCTGGCCGAGTCGGGCGGCGATGGCCTGGCCCTGGCCAAGGAGATTTATGCGGAGGCTTTCGCACACCGCGAAGAGCTGTGCGCGCCGTACGCGACGGTGATCGACATCGATCCAGCGAAGCTGCCGTCGCCGCAGGAGGTTGCGGGATGGTCTTCGGAGCAGTACACGTCGGCGCTGCGCCATGTCCCGAACTCTGCGGCTTATAACAGCAGCTTCCGGCAACTGCTTCATGTCGGCTTCAAGGTAGCTGCCAAGCTAGGCCGCCGATATCTTGATCTGCTCGAAGCCAACGAGGCGATCATCGCTCGGAATGTGACGGAGAATCTCTACGACCGGCACATCGTTCCCGTCTTCCTGGGCAAGTAGCCCGGGACAATGTTTCTAGAGAATGCCGGCCGCCGGTAGTATCGCCTTAAACGTAATGGAGAAAGAATGACCGACATTTTTAGCCTTCACGGAAAAACCGCGGTAGTCCTCGGCGGCACCTCCGGTATTGGCCGCACGTTGAGTCTGGGCCTGGCCGATGCCGGGGCCGATGTCATCGCCTCGGCCAGGCGGCAGCAGCAGGTGGAGGAGACGGCCGACGAGATCGAGCAGCGCGGACGCAAGAGCCTGCGCCTGACTGCCGACATGAGCGATCGCGGCTCGCTCGAAAGGCTGCTCGCTGCTACTCTCGATGCTTTTGGAGACGTGCACATCCTCATCAACTGTGCCGGAAGGATCAAGCGCACGCCGACCCTTACGATGCCTGAAGACGAGTGGGCAAGCATTATCGACACCAACCTGACCGGGACGCTGCGTTCCTGCCAGATCTTTGGCGCACATATGCTGGAGCGCGGCTACGGGCGCATCGTCAACATCGCTTCGCTGAACAGCTTTGTCGCGCTCAACGAAGTCGCCGCTTATGCTGCCAGCAAGTCAGGGGTCGTCTCGCTGACGCGTTCGCTTGCGGTTGAGTGGTCCCGACAGGGGGTTACGGTGAACGCGATCGCTCCCGGCGTCTTCCGCACTGCGCTGAATGCCGACCTGCTGGATAACACTCCGCGCGGCAAGGAGCTGCTCATGCGGACCCCGATGGGCCGCTTCGGCAAGACGGAAGAGCTGGTCGGCGCAGCGGTGTATCTCGCCTCCGACGCCTCGTCCTTTGTAACCGGGCAGACCTTGGTCGTCGACGGAGGCTTCCTGGCCAGCGGAGTCAACCAGTAGAGCCGAGTCGCTTCGATGCTCAGGCTTGCTTCCCGTTGAGTTTCTCCCTGGTCAAGTCATTCCAAGCAACCATCGATGCGGAGACCGGCGGCGACTCGGCTCCTTTCTGGACGAGGTCGACGATCGACTGCGGGGCGATATTGCTGCCGCGTTCCTGAAAGAGTGCTTTGACCCAGGCGGTCGAGGCGAGTCCTTCGCGGGAGCGGATGATCTGCTCCGTGTAGAACCAGCGTTCGTCCCAACACAGCGTGCGGGTGCTAAGCGTGAAGCCGGCCCACAGCGGCAGCGAACGCCGGTAAACGATATCGATCGACCCGACGAGCGGCGTCCAGCGGCGGCGTATGGCGAGGTCGAGGATGCCGGCGGCGGCGAGCATGTGGATGCGGCCGTAATCCATGCAGGTGAGGAAGCGGGAGTTGTTGAGATGAAAATTGAAGTCGATGTCGTTCGGCCATACCCGCATGCGGACCTGGTCCTCGTCGAGTACGCCGATTCGCGGCAGGGGACGAAGACGCTGCCGCAGGGCGAGCAGGGGGATGCGGACAAAACTGTTGATGTGGGCCACGTTGCAGTGTAGTTCAGGGGTGTTCAGAGCGGTGGTCAGTCATGGGCGGATTCAGACCAGCTATGATGATCGGGTTGTGGAGACGAATTCGCGATTGACAGGACGGACAATTGAGGACAAGGAGACATTTTCTGGCAGGGGTGGCGGTCGCGCCCTGGCTGGCACATGACCTGGCATGGGCCAAGGCTAGCGGCGACGACACGCTTTTCGTAGGCACCGGCACCAACACCGGAAGCAAGGGAATTTACGCGTACCGCTTCGATGCCGCGAAGGGCTCACTGGAATCGCTGGGTGTCGCCGCGGAGGCGCCCTCGCCATCATTTCTCGCGCTCTCGCCGGATGGTAAGGTACTGTTCGCGGTG
CP030840.1_gap65	2386591	2390793	4202	CTTTGCGGCGGTTGTAGGGCGGTCCGTACCAGCTTGCCTTGCCGGTTTCTGAATAGATTGGCGTTCCGGCGGCGACCAATGCCGCGTCGCCCGGGCTGTCCGCCGGCGGACTCTTCTCTGGAGAGGTCGCTTTTGCCGTGGGAGGGAGTGCACCGGGTGCGGGCGCATTCGCGACGGGAGCTTCGGGGGGCGTAGGCGCGGGAAGGACTGGAGCAGCCGCGGAGGCGATGACGACGGGCGGTTGGTGACGAGCGCAGCCACTCGCGAGCAGCAGGAATATCAAAGATCCGAATACTGATCCGAACGCGGGGCCGGGCACAGAGTTGGGCACAGATCCGAGCGTTGATCCCAGCAGCGCGCCGCGCCGAGGGAGATCAGCGATCGCCGAGGGACCCAGCCTTGTCAACACGGTCTTCATTCAGGGACGGCGCTTGTCGAGGTGCTCGGCTAATCGCTGCAGGTGTTCGGCTGCGACCCGCAATGCCTGGGAGGAGTTCTGCCGTACCTGGGGCACGACTTCGTCATTCAGGTAGGCGATCACCTTCTTCACTTCTTCTTCAACGCGCGGAAGGGCGTCGCCGACGCGTTCGTCGATCTTGCGTCCGAATTCCTCGAAGCGAGTTTTGGCCGATTCCGAATCCTGTGCCATGCTAGACCTATCCTGGTGCTGCCGCGTACTCTCAGTATTCAGCCCGCGGATCGCCGGGTCAATCGCGCAACCGGAGAAATCCCAGGCAGGGTGCCTGAACGATCACTCTGCGGCTCGCCTTGGGCTTGGGGTTAATACATCCCCGATTGCGCTTTGCTTCTCCCATTGCTGTGCCTATGAAATCTTTGGTTGCCGATTCCAAGACGATGTTCCCTTCGAAGTATCGAAAGACGATTCCGCGGAAGAGCAGCCCGAAAGGGTGCTGGCTCCGTGTTCTGCCCGCCCGGACATCGCCGGCGGCGGCAGCCTTTCTTGTGACGTTGTCGATGCTTCAGCCGCCATGCCGCTCACTCGCGCAGACGGCGGCCCAAACGGAAGATGTCGCCCGCCTTCCCGAAGCGCCTACGCCCATGGCAAACCCCGGCCCTGCGCCGGCGCAGGACACGACCCAAACCGGGACGGTGAAAACAGCCTCTCCGCTGCCTATTTTTAAAATTGGCCCCTGGCGCGACCCGAAATCTCTGGACCTCTCGATGCCCGTGGCCCCGCTCTCTTCTGGTGAGAAGCTGAGGCTCTCGTTCCAGGAGCAGTTAACGCCCTTTGCTCTGGCGTCGATGCTCTTTGCTTCAGGCTGGGAGCAGTTGGTGAACAGCAATCCGAAATACGGAACCAACAGCACGGCCTACGCCGAACGCCTGGGGGCGGCTGCGGCGCGGCAGACCAGCCAGGCCGTCTTCTCCGACGGCATCTACGCCTCCGTCTTTCATCAGGACCCTCGCTATTACCGGCTCGCCAGCGGCTCGACGTTCAAACGCATCTTTTATGCGGCGGGACGGACCTTTCGGACGCGGAGTGACTCCGGGGATGCGGAGATCAACTACTCGCTGCTCTTCGGCCACGCCACTGCGCAGGGGTTGACCCTCGCCTACTATCCGGACCGCAGCCAGAACGGGCGGGTCGCGGCAACCGGCTTCGCCTGGTCGCTGTTTGGAAGCATGCTGGGCAATCAGTATCACGAGTTTTGGCCTGACGTGGTGCAGACAATTTTTCAGCGTCCGCCGAATGCCCCCAGGCGGGCAGCAGCTCCGGTCGAGCAGAAATCGATCGCGCCTCAGTGACAGACCGGCTTGCTACGGCAAACCAGCCAAGAATGCAGACTCCATTCAGAACGCCAGATAACCTCCCGGTATGCAAAATTCGCCATTCAGCAACGAGGCTTTCCGCTTTTGCGGAAGCATGATTACTCTTAGGAGTGGTAAAAGGCTGATGGGACGGCGCTTAGGAATCTTGACCGCGACCGTTTATCAAAGGAACACACAACGAATTTTGTCTGCTGGGCAATCTTACTTGCTGTCAAGATAGCCAATAACGGATAACCAGTTGGACTCAGGAGAACACGATACATGTCGAAGGCCGTCAAGTATGCGGAAAGAGCTGTAACTATAGCCGCCAAGGGCGCATGGGCGGTTTTTGAAAAGCTCAATAGCATCAACCCGAATCCTTCTTTTACCCCGAAGTGGTCCGACAAGCCCCTGCTCAAGTCTTACCAGAAGGAAAAGCCCCCACTGGGCTGGCCACGCACCACCGACTCGCTGTGTCCGAAGTGTGTGCCGGAGATTCGCCAGCAGATCATCGACGGCAAGCTGCCGCATGAAATTCTGCTTAACGAGAAGGTCGGCGAGATCAAGGCGCAGATCATCGAGCGTGACGGCCAGATCCTGATGGTCAAGGACTGCCCGAAGCACGGCCACTTTGAAGACGTAATGGCGATCGACACCGCCTTCTTCAAGCATTTGGAAGAGGTCTTCCCGGGCCGCGACATCCGCGCCCACAATGATGAAGGGCTGCACAACCACGGGACCTCGACGGTCACCCACGGCCGCGGCTCGGTGCTGACCATCGATCTGACCAACCGCTGCAACATGATGTGCGATCCCTGCTTCATGGACGCCAACCAGGTTGGCTTCGTCCACGAACTGACCTGGGACGAGATCAAGACCATGCTCGACAACGCGGTCTCGATTAAGCCGCGCCGCCAGATGTCGGTGCAGTTCTCGGGCGGCGAGCCGACGCTTTCGCCTTACTTCCTCGATGCCATCGCCTACTCCCGCAAGGTCGGTTACACCTCTGTGCAGGCGGCGACCAACGGTATTGAATTCGCCAAGAGCAAGGAACTCTGCCGGGCGGCTGCGGAAGCCGGTCTTCGCTACGCTTATCTTCAATTTGACGGAATTGGCAATGCCGCGAACTCCCACCGCAAGGTCGGCAACCTGTTCGACGTGAAGCTGCAGGCGATCCACAACCTCCATGAGGCTGGTGTCGACATCGTTCCGGTCACCACGATCATCAACGGCATCAACAACGAGCAGGTTGGCCGGATCATCGAGTTTGCGCTCGACAACCCGAAGAAGATCAACTTCCTTAGCTTCCAGCCGGTTTCGTTCACCGGCCGCGACGAAGCGGTTACGGACGAACGCCGTCAAGCGCAGCGCTACACGCTGAGCCACATGGCGCACGATGTCAAGAACCAGACCGGCCTGGGCGAACCCACCCGCGACTGGTTCCCGATCAGCTTCATGAGCACCTTCTCCGACTGGGCCGATCTGGTTCACGGACCGAATCGCGACTGGGGCCAGCTCTCCTGCGGATGCCACCCGAACTGCGGCATCGGCATGGCGCTGATGATCGATAAAGAAACTAAGGAAGCGGTTCCCGTCACTGCCTTTCTCAACGCCGATCGTCTCGCCAAGGACGTAGCCAAGATCAACGATGCTGCCCGCGGCAAGTTCCTGTCGATTGCCGGTGTGACTTTGGCGCTGCTGCGGAACTACGATCCGACCAAGTCGCCGACCCACTTCAAGATTCTCGATTTGCTGCAGAAGTTCGATAAGTGCTTCGGCGCGACCGGCCGCAACTACGGCAAGGTCACCGCCGACCGCACCATGGAAGACATCGAGAAGCGCCGTAAGGACCGCTGGAACTTCCTCTTCATCGCCGGCATGTGGTTCCAGGACCTCTTCAACTACGATTTCCGCCGCACCGAGCAGTGCATCATTCCCTATGCCACGCAAGAGGGAGAGATCAGCTTCTGCGCCTACAACACTGGCGTCGGCTGGCGGAACATCATCGAGAAGATGCACATGACCTCGACCTTGACCAAATGGTATGAGGAGCATGGCCGGCATGAGATCTTTGCCGGCGGCAAAAAGGTTGGCATGGGCGATGCGCAGAACGATTTGCTGCTGAACCAGGAGCATGTCGATTCGGCCGCCAACGACACCTTCGACAAGCTGGGCATCGCCAAGAACTCTCGCGAAGAGAAGCTCAAGGCGCGTGACGCCAAGCTCAAGCAGGATGCCGAAAATGCCCGCATGGCTAAGCTCTACCGCGAAGAGATCCTCGGCGAGAAGCCACCACAAGACGGATTCATTCCACTAGGCAACCTCATCCAGTCAGCCCCTAAGGCTGCTCAAGAAGAGTCCGCCGAACCCGTCATGGGGGACTAGGGACTCGCCCGCCAGGCAGGACTAGCCGTCCAGACGTACGCGGCTTT
CP030840.1_gap66	2495680	2497528	1848	CTGGCATACTGCCGGCCATTCGATTGTCTACCTTGCAGAATCGGCAGCCGGGGCGCTGCTTGAAGTGCTGGTTCATCTCGACCTCGAAGACGCCGAACTGCCAACTTCGTACAATCTCATGAGAGTGGTGGTCGCTGGAGATATCGAGATAGAACAGTTGCAAAGTCCAGCGGATTCTTCCTGGAGACACAACTGGAAGACGACTCAGTGGATCGGGGATGAATGGCTCAGATCGGCTCGAACTGCGCTCGCGGAGGTCCCGTCTGCAATCATGCCCAAGACCAGGAATTACCTCTTGAATCCAGAACATCCTGAAGCGGAGCGAACCCAAATAGCCGAGGTCATCCCGGCCGATTTCGACCTTCGCCTCATCAGAAAGGCCCGACCATGATCATCGTAGCCTGCGGAATCCTTCTCATTGCCGTCTTCACCTATGTTTTTTGGCCGGAGCGGAACAGTGCGCAGCAGCCGCAGAAGACGCGGCTGGAGTTCCTCGGCGAACGGAAGCAAGTCGTCTACGATAATCTTCGCGACTTGAATTTCGAATATCGAGCCGGGAAGTATCCCGAAGAAGACTATGCTGCCCAGCGCGCCTCGCTTGAGAATGAGGCGGCTGAAGTGATCGCCGAGATCGATTTGCTGGAAGCGCAGCCGCGCTGAAGGGGCACGTCTCCGGAAACAAATTAGAATCGCTGCTAGCGATCATGAACCCACACTTCCGCGTACGCCGCCTTGTCAGTCTTCTCCTACTCCTCACCCCTTTCCCTGCGTTGGCCGCCTCGATCACCGGGACGGTCACCAACAAGACGGTCAACAAGCCAGCGAGCGGCGATAAGGTCGTGCTGATCCAGCTCGCGGGCGGGATGAAGGAATCGAACACCACGACCACCGACGCCCATGGTGCGTTCACACTGGAGCTTCCCGATGCGGGTCCCCATTTGATCCGGGTCGACCACGAGAAGGCGGGATACTTCCATATCGCGCCGCCCGGTACGCAATCCGTGGATGTCGACGTGTACGACGTTGCCGAGAAGGTGCAGGGGGTGACGACCGAGGCGAACGTGATGCGGCTCGAGGCCGATCAGCAGGGGCTGCACGTCATTGAGAATTATTTCGTCAAGAATGCTTCTACGCCGCCTCGCACTCAGCTGAGCACTCACGCTTACGAGATCTACCTGCCGGATGGCGCTCAGTTGGAGGGTTCAGCGGCGATGGCGCCGGGTGGCATGCCGGTTTCTTCTTCTCCAGTGCCGCTCGGCGATAAGGGCCACTATGCCTTTGTCTTTCCGATTCGACCAGGCGAGACCCGTTTTCAGGTGAGCTATAAGCTTCCGTATACGGGCAGCTATAAGTTCGAGCAGCGGGTTGCGATCCCGGCTGAGAATTTCGCAGTGCTGATGCCGAAGAGCATGAAGTTCACGCCGTCAACGGCGACGCCCTTTCAACCAGTCAATGATGATGTGAACGCGCAGACGTTTCTGGCGAAGAATGTTGCTCCGTCGCAGCCGCTGGAGTTTACTGTCTCGGGATTGGGGGCGATGCCGCGAGAGGCGCAGGGACAGCCGACCGAGGGACAGGGTGGCCCCGCGGCCGGGGCTCCTGCGCAAGCTGGAGGCGCCGAGCAGCCGGCCTCCCCGGAAGCAGGCAGCGCGGCGGCGGCGAGCGATACGCGGCCTGGAGGCGGTCTGGGAAATCCCATCGACACTCCCGATCCGCTGACGAAATACCGGTGGTGGATCCTCGGCAGCTTGTCGCTGGTGCTTGCCGCGGCTGCGGCTTTCTTTCTGAGGAGCCAGCCAGCGGCTGTCGCTGTGGCTGCAAGTTCCGGGTCAACGGCTTCGCCGTTCA
CP030840.1_gap67	2500652	2504378	3726	GATCCGGTTCGAGCCGGAGCGGCTGATGACGTTCACCGATCCGGACGAGGTGATGGAGGTCGAGATGTCGAGGTTTGATTGCGCGACCTCAAATTCCTGGATGGCGTCTTCGGAGATGTTCTGGGTGGTCGTGCCGACGTTTTCGTCGGAGATGTCTAGTCCATCCAGCAGGATGCGAGCGGTGCGTCCGAAGCGGCCACCGAACGAGATCGACGAGAATCCATTCTTGGTCGGGTCGAAGTTGGTGCCGTCTTGAATCTGCACACCTGGCTGCAGTTGCGCGAGATCGAGAAAGTTGCGGCCGTTCACGGGCAAATTAGCAATCTGTTCCCGGCTAAGGACACCGGCAATCTGGGTCTGCGTCGTATCGACGGAGACTTCATCCGCTTCCACTTCAATCTGGGTTGTGGAGCTGCCTACGCCGAGCTTGAGATCTCCATTGGAGACGACACCGATTTGGACGGTGACCACCTCATCGGAGCCGGCAAAGCCGGGCGCGTCCACTTGGATCTTATACTGGCCCGGCGCCAACGATCCGGCGGAGTAGTATCCGCTGCCGGAGGTGGTGAACACCTTTTGCAATCCAGTTGAAGGCTCGGAGATAGTGACCTTTGCACTTGGAACCGCGGCGCCTGAAGGGTCTGTGACAGTGCCCTGGATGGTGCCTGCCGCGTTGCTGGCTTGCGCAAAGAGGGAAGACGGGGAAACCCCTGCAACGACAAGTGCACAGAAGAGAAGAGCCGTCTGTGCTACTCGGTCAGAGAACCGGAGGGAAGAAGTGACAGGCTTGAACATATCCAACACTTAGCAATCAGCATGCCGTTTACTATGTGAATAACGGGTCAGCAGGATTTATTTGATAACTGACACACTTACTTCTTTATTCAAGTTTTGGGGAACTTTTACATTCATACGAGAAAGCGCATAGGATTTAGCCTTTTTCTATGATTTCCCATAGCGCTTTACTGGGCTTCCGCGTCTGATGGCACCGCTTCGCTTATGATCGAGAAGAGGCGCATTCGATGGCTCGTATCACGATCTTGTTCGGCATTGTTCTGGTTCTGCTTGGAGGCTTCGGCTATGTGGCGACCGGCAGCCACTTTCCTACGGCCCTGATCCCCTCTTATGTGGGCATCGTGTTGGCTCTACTTGGCTTCTTCGCCTATACCCCGGACACCAAGCGGCGCATGTTATTCATGCATATTGCCGTAACCATCGGCCTGCTGGGGTTTCTAGGCACGGTGAAAGGCGGCATCATTGATTATGTAGCGATGCTGAACGGGCGCCAGTTTCCGCATCCCGCGGCAGTTGAAGAGAAGGCAGCCATGTCGGTGCTGCTGCTGGTATTTGTGGTGCTCTGTGTGCGCTCGTTCGTGGCGGCGCGGCGTGCTCGGGCGTAATCGTATAAGCGTCCCTCAACGTGCCCTCTGACGCTCTGCCAAAATTGAAACGCATACAATCGAGACATGCGCCCTGCTTCAATGATGTCCATGCGCGCCGAGCGGTCCCCTAGCGGTAAAGCGATGACGGCCGCTGCGGGGAGCGGAGAGAAGAAGAAGGCCGACCTGCGCAAGGTAATGCCTGAGGTCTGGAAGCTGATCCGGCCGCGGCGCTGGCTGTTGCTCGGCGGGTTGATGTTGATGGCGATCAACCGTGTTGCGGGGCTGGTTCTGCCGCTTTCGACAAAATATTTTTTTGACAATGTGCTTCATGCAAATGGGAGCAGACTGCCGCTGTTCGTGACCGCGGTATTTACGGCGACGGCGATCCAGGCGATCACTTCTTTTTCGCTGACGCAGCTGCTCTCAAAGGCGGCTCAGCGGCTGATCGCCGATATGCGCAAACAGGTGCAAGAACATATCGGGCGGCTCTCGGTCAGCTTTTATGACGCCAACCGCAGCGGGATGCTGGTGTCGCGCATCATGACTGACGTAGAAGGCGTCCGGAATCTGATTGGAACCGGACTGGTCGAGTTCGTCGGCGGGATGCTCACTGCGGCGATGGCCTTCGGCTTCCTGCTCTATGCGAGCCGGAAGATGACGTTGATTGTTTTCGCGGTCGTGCTCCTTTTCGTTTTCGTGCTGCAGAAGGCCTTCAAGACCATTCGCCCGATCTTCCGGGAACGGGCCAAGATCAATGCTGAGGTGACGGGCCGACTGACAGAATCGCTCGGCGGCATTCGCGTGATCAAGGGCTACCACGCCGAACAACGCGAAGCGTCGGTCTTCGCCGGCGGGGTGCAAAGGCTGCTCGAAAATGTGATGCGCACGTTAACGGCGACGAGCTTGCTTTCCTTTGCCGCGACTTCAGTCATGGGTGTGGTGGGCGGCATCGTGATGCTGCTCGGCGGCCATGCGGTTTTGAATCATCAACTGACTCCGGGAGGATATCTGCAATACACCATGCTGCTGGCCTTCATGGTGGCGCCGGTCTTCCAGGTCGTGAATGTTGGCACCCAACTGACCGAGGCCTTAGCCGGCCTGGATCGGACAGTGGAGATCCTTTCGGAGAAGGATGAATTTGCCGATCCGAATCGCACCGTGACGCTCGGAGAGATTCGCGGCGATATTCGTTTTGACGATGTGCGCTTCTCGTACGAGCCTGACAAGCCGGTGCTGCATGGAGTTTCTTTCCACTCGCGGCCGGGAACGGTGACTGCTTTAGTCGGGTCTTCCGGGTCGGGCAAGTCGACGATCATCTCGCTGGTATGCGCCTTCCATGTGCCGGACTCGGGCCAGGTCCTAGTTGATGGTATCGATCTCTCGACCGTGCGGCTAGATAGCTATCGCGGCCAACTGGGCGTGGTGTTGCAGGACTCGTTCTTATTCGATGGGACGATTCGGGAAAATGTTTTGTTTTCGCATCCGGAGGCGACGGAAGAGCAATTTTTGAATGCCTGCCGCACCGCGCGGGTGGATGAGTTCGCCGAGCGCTTTCCGGAGGCCTACGACACGATTGTGGGCGAGCGTGGCGTGAAGCTCTCTGGCGGCCAGCGGCAGAGATTGTCGATTGCGCGCGCGATTCTTGCGGATCCGCGCATCCTGATCCTGGACGAGGCGACTTCGTCGCTCGACTCGGAGTCGGAGGCAATGATCCAGGATGGATTGAGCTACTTGATGCAGGGGCGGACGACGTTTGTGATCGCGCACCGGTTGTCGACGATTCGCCGCGCCGACCAGATCCTGGTGGTTGAAGGGGGCGAAATCATTGAGCGCGGCACGCATGAGACGCTCTATGCGCTAGGCGGCCGCTACTACGATCTCTATACACGGCAGCATGGACTGGAGATGAATCTCTTCCTGGCGCCTGGCGAGGGCGATCCGGTTCCGCAGGAAAAGTAGGACTTTCCGGAAGCGAATTCAGGGCACATTTTTGGTGAGAAAAGCGCACCTTTTGTGCGCTTTTTGTCGTGCTGGAGAGGGTCTCTGTAGCCCTTGGGTAGGAGTCGACCTATGCCTATAAGGTTTGAAGCCAGCCCGATCCTGACTTGAACCATTTGCGGAAGTCCGAAGGACGGATGGGAGCTGGGTGAATCGAAGAGTCGAAGCAGTTGAGCTCGCCAAGCTTATGAGTTTGGTTCGTGAAAGAATGTTATTAGGTGGTTCTGGAAATGGAGGGCCCCTACGATGAATACCTTCAAGACTGCTTTGCTGCTGACGACGTTGACCATTGGTCTGATGTTGATTGGCGCGTACTTTGGCGGGCGGAATGGCGTGGTGATTGCCT
CP030840.1_gap68	2520013	2521324	1311	CAATGAGACCTCTCACGGAGCCCTCGAGACCCTCGAGGCCAAGGTGGATACGCGGACGAAGGCGGGTGTTCCGGTATTTGTCTTCAACTCATTAGCGTGGGAGCGATCGGGCGAGGTCGCGGTCGACGTGGAACTGCCTTCAAGTGCCGAGTCGCTTTCGGTGCTGGATAACCATGGCAAGGTGTTGCCCTCCAAAGTCATCTCGCACGAGCCTGGGACGAATCGCTATCACGTAATGGTCCAGGCAGGGATGGTCCCGTCGATCGGTTATAAGGTGCTGCAAGTAGTGCCTGGAACGCGCTCGTTCGACAGCGACCTGAAGGCGAACGGCACGACCATCGAGAACTCCGCGCTACGGGTGACGGTGGATCCGCAGACAGGCTGCATTACATCCATCTTCGACAAGAAAGCTAACTTCGAGACGCTTGCGGCCGGCGCTTGCGGCAACGAGTTACAAGCCTTCAAGGACACTCCGAAGGACTATGACGCCTGGAACATCGATCCAGGAACACTCGATCAGCCGCCGACACTGATCCATGCTGTCGATTCGGTGAAGGTGGTGGAGAGCGGCCCGATGCGCGCTTCGATCCAAGTAGCGCGGACCTGGCAGAGTTCGAAGTTCGTTCAGGAGATTTCTCTAGACGCCGGAGGTGATGAGGTCAAGGTCACAAACGACATCGACTGGCACGAGACGCACGTTCTGTTGAAGGCGGCGTTCCCAGTGGCGGCGACCAGCGACAACGCGACTTATGAGATACCTTATGGAACGATCAGCCGCCCGACGACTCGTAACAACAGCTGGGAGAAGGCGAAGTTCGAAGTGCCGGCGCTTCGCTGGGGGGACCTGGGGAATGCGCAGCAGGGGCTAAGTCTGATCAATGAAAGCAAGTACGGCTATGACGCGGTGGGGAATGTTCTACGGCTCTCGCTGTTGCGTTCGCCGGTCTGGCCGGATCCGGATGCGGACCGCGAGCATCACCACTTCGTGTACGCTCTCTATCCGCATAGCGGCGATTGGAAGCAGGCGTTCACGGAGCGGCGCGGTTATGAGCTGAACTATAAGCTGACTGCGATTCAAGTGCCCACGCACAGCGGCCAAATGCCGGCGGAGCATTCTTTCTTCGGCGTGCATGGCGACAATGTGGTGCTCACGGCAATCAAGAAGACCGAGGACGGTAATGGGCTGCTCTTCCGGTTCTTTGAGTGGGCCGGCAAGGACGGGCAGGTTACGCTTCATGTGCCTGATGGCGCGACGAGCGCCACGGTCACGAACCTGATGGAGACACCGGAGGGATCTCCGCTGACAGTAAG
CP030840.1_gap69	2531137	2533391	2254	TGCGCGTCCGATGAACAGCGCGTCGAATCCCGGGATGCTGGCCCCGGCGACGGAGCCTGGATAGGGATTATCGAGGTTGTAGTCGTCGATGAAGTAATAGGCGGAGATTTCACCCAGCCTGCTGCTCTTGTCGAGGCGAACCGAACCCTTGTCGTCACGAACCGTTTGCGCAAAAGCAGAACTCGAATACTGGCTGGCGCTGGTGTTGGGAGAAGGAATGTATTGCAACAGATTCTGTCCGGGCGCCGACCAGGCTGACTTGGGAACCACTCCGTTGGGAAAAACATTGGAGTACGGTTCTCCCGAGGTGACGGCGTAACCTAACTTCTGGGTGAGGATGGAGGCGAGATAGGGGCCGCTGACTGATCCGGTGAGGTTGTCGAATACCCCGGTGCGTTCGGCGACGGTGGGTACGGAGATGTTTCCGGTAGAAACGCCCTGGCTGGTGCGAGTGCCCTGATAGTCGCCGAAGAAGAAAAAGCCGTTGCCGCTTAATTGACTGCTGACGGGTCCGCCCAGGGTGCCACCGAACTGATTCTGCTTAAACGCCGACCGAGTTGGGTCAAAGTATCCGCGGGCGTCGAGGTTCGTATTGCGAAGGAACTCGAAGGCGTTCCCATGAAATGCGTTCGAACCCTGGCGGCTGACGACGGTGACCATGCCGCCGTTGTAGTTCCCGTATTCGGGATCGAAGTTGTTAGTGAGAACGCGGAACTCCTCGATCGAATCGAGGTTCGGGATGATTGAGGCGCCGCCATTCATGTGTTCCTGAACATCGATGCCGTTCACGATGAATCCGTTAGAGGATTCGCGCTGGCCGTTGATGGAGAGGTTGCCGGGATTCAGATCGCCTGACGGATCGAGGGCACCAGTGACACCGGCCATGATGACAGAGTTCGGCAATAAGGTGGAGATTGGCGAGACTCCGGGCTGAATCGCGAGCAGATCGGTATAACTTCTCCCATTGAGCGGGAGCGAGGTCAATTGCGCGCTGGAGACGACCTCGCCGAGATGGGTGGCGATGGTTTCGACGGCGACACTCGAGGCGCCGGTCACGACGACATCGTCCGATCGCTCGCCGAGCGTAAGCGATGCGTCTATGCGAAGAGCGGAGTCGGTGTCGACCGCCAGATCCATCCTCTGCTGGATGGTGAATCCTTTCGCGGAAATGGCGAGATCGTAGTGCCCAACCGGAAGGTTTGGGAAGGCAAAAGTCCCCTGACGATCGGTGACTGCATGATGGGTTGTCCGTTGAGCGTTGTTGACGAGGGTGAGGGCGGCACCTGGAATGACTGCGCCGCTGGGATCGGTGACGGTGCCGGAGATGCTGCCACCGGTCGCTGCCTGCAACTGCAGGGTCATGAGAAGAATGAAAACGAGGATTGTCGGAGTCAGGTAGGTCGTACGTAGGCAATGCGACTTCGAGGCGGACATCGTTTTTCTCAGACCGAATAAAGCCGTTGGTCCGCGCGAAGGCTGTTATTGCACAGACTCTTTAACAAGCCAGCCTTTTAGAGCGAGGGTGACGGCGTTTATGAATATCGTGTGACGGCGGGTCGAGAACTTCTTCTCTAATTCAGACGCCAGGCAAGGAGAATTTTGCCTCGCCATCCATATGCTACTCCATCCATTCCCAACCTATGCTCCGAGTACGCGGTAGCTTGCTCGAGCAGATTGCGCCGGACGGGAAAAGTTAAATGTTATTTCTTGCTTCCAAGGCAATCCGAAGGATAAGGTACTCCGTACTCAGGGAAACGAACGGTAAGCTCCTGAACCCCAAGACAATTCATTCATTCACATCCTGTGCAGGCTCTTCCCGTTCCCGAACGCACGATGAAGTTATGGGAGAGTCGTATGTCGAAAGTAAGATCCTTCGCCGGACTCGCTTTGAGTCTGCTTATCGCTGTGCCGCCCGGAGCCTTGGCATCAAGCCATCGGGAAGCACCTATTACTGCACTGGACCACGCCGCTGACATTACCGATTTTTATGCCTTTGTCAGCTACGATCATCCGGACCGCGTCACCTTCGTCCTGAATGTGGATCCGTTTCTGCAGCCGAGCAATGGACCCAACTACTTCCCCTTCGACCCCTCGATCGTTTACCAGATCAAAATCGACAACAATCATGACGCCGTGCCGGACGTCACTTTTCAGTTCCGGTTCCAGACCACGATCCGTGATCCTCAGCTCTTTACCGGCTTTGCCGGTGCGGGAGCCGGCATCGATGCGCCCGCAAATTCGCCTGCGCCGGTCC
CP030840.1_gap70	2534975	2535716	741	AAGGTTTGCAACTGGCGCCCGGGGACTTCCAGATGCAGCGGACGGAGGTGGCGCTGATGCTGGGGCGTCATGATTTTGCTCAGGCGAAGGAACGCGCACTCATTCTTCACCACCGCACGCCGGACGATGTAGCCACCTATGGAGATATCGCTGAAGCGGACATAGCGCTAGGCAACTATCCGGATGCGGAGACGAATGCGCAGTGGATGATGAATCTGCGGCCCAACAATATTCCGGCGCTGATTGCTGGAGCGGAACTGCGGGTGCTGTATGGAGATCCTGCAGGCGCCATCGATTTCCTGAACCGGGCATCGTCGGAGACCTCGCCGGCCGAGGTCGAGGAGCTCGCTTGGATTGCGAACCGCGTTGCGTCGATCCAGGTCGAATCAGGACAAGTCGACGCGGCCGAGCAGACGCTCGAACAGGCGGAGCGGATCTTTCCCGGATATGTCTCCACAATGGAGAACCTGGCTGCGGTTCGGATGGCGCAGAATCGCGCTAACGATGCGGTTGAACTCTTGACGAAGGCCGCCGAGGTCGATAGCGATCCGCACGTGATTTATCGATTGGCGGTGGCGGAGCAGAAGGCGGGGCTGTCTGATGAAGCCCAGGCAAAAGAAGCGCAGGCGAGCTTTGTGGAATTCGAGAAGATGACGAGCGAGCCGGGAAAAGCGACGCATGAGGCGAGGCTTGATCTTGTTCTGATGGAAGCGGGATTGCCGGCGAAGGCTCCGGATGCAT
CP030840.1_gap71	2575463	2576162	699	CGCTGCTGCGGGTTCAATTTGCTGAGCAGATGCTGCAAGGACTACTACCTGGCTTCTCGTGAGGGTTACGCCTGGAACGAAGGACGCTCTCTCTAGTGTAATCGCAGGAGGGAGGGCACCAATTCCCTGAGTGTCGGGTTGGTGTTCTTTGGACGCACCAGGCTGGCCAACATATGCAATCGAGCAGCAAAGCCCTGCCATTTGGGGTCTCCGCGTCCGGGATTCCCGGCGGATCGCCCTTTATCGGGACTGAAGGCAAATAGGAATGAGCCTTGCCGAGGCGGTTTCGGCCTAATCATAGAATGATGGCTGCGAATGATGGCAGCGAAAGATGGCTGCGGGCAATTGCAGCGATCATTCCTACGTGAGGGTGTATGTCGGAGCTACCTGGATGGAGAGAATTAGGCGCGATCTTCCATAACGACCGCAGCTTTGTGTTGCGCATTGTGCAGCCGGGCCTGGCTGGGTTGATGGACGGCTCGGTTTCGACCTTGGCGCCGATCTTTGCGACCGCGTTTGCCACGCATCGTTCGCACACAGTGTTTCTGATCGGCGCGGCGTCGGCGGTGGGCGCGGGAATCTCGATGGCCTTTTCGGAAGGTCTCTCCGATGATGGCGAATTGACCGGCCGCGGCAATCCGGTCTTTCGCGGCATTGTTACTGGTCTGATGACCTTTGTAGGCGGATTCCTGCACACGC
CP030840.1_gap72	2692701	2697223	4522	GAGGCTTGCATCAGCATCTTGCGCGGCTTGCCCTTGAAATCGCCATCCACGAGAACCGGGGTTTCGACTGCGTCCCAGTCGTGAGTATCGTGTGGAGATGCCTGGAATGCCCAGACGAGCTTACCGGTATCGGGATTGAGCGCAACGACGCTGCAGGTGTAGAGATCGTTACCAGGCCGGGTGGATCCATTGAGCACCGGAGTGGGATTGCCAGTTCCCCAGTAGAGCAGGTTGAGTTCGGGATCGTAGGTCCCCGGCATCCAGGTGGTTCCGCCGGTGGTGGCATCCTTCGTTCCTGGAGGGGGATCGACGTTCCACTGCCATTGCAGCTTCCCGTCTTCCGGGTCGATGGACTTGACGAAGGTAGGCAGATTGTCAAGGTCGCCGCCGATACCGACAATTACATGGTTGCCGACGATCAGCGGAGCTTCGGTGGTCCAGTATCCCTGCTCGACGTCGGCAATCTGGACGTTCCAGCGCACCGTGCCATCTTTCGCATTGAGCGAGATCATGTGCGCATCCGGGCTCATGAAATACAACCAGTCGTGATAAATGGCTACGCCCCGCTGGCCGATATGATCACCCTTGTTTGGCGGATAGTGATAGTGCCAGAGTTGATGGCCGGAGCGTGCATCTATGGCCCAGACGTTATCGGGCACGGTGAAATAGGCAATGCCGTCGACCACGATGGGGGTCGATTTGATGCTGGCGTTCTGTCCAGTCTGGAAGGCCCAGGCAAGACTGAGATCGTTTACATTTGACGCCGTAATCTGGGTCAGCTTGCTGTGACGCCGGCCAGAATAGTCACCATGATACCCCGGCCAGCTGTCAGATGGCGGATGAAGCAGCCACTTGTCGTCCACCTTCTGGGCTTTCACGGGAATGGTCACGGCCGCAGGTAGAGTGGCTGCGGCGACTGCAAGAATGGCTGCGATTCTACGAAACTTCATGCCTGATGTGACCCTATGACGGCGATGCTGGGCGGCATCGCCGAATGGGAGAAGTATTTCATATTCTCGGTCGTGCAGGCCATGGATACCTCGGCTGTTCCTCAATCGAACTCGATAGAGGAAAACGGCTGTCCTGGAATGGTGTTGCTGCTGAGAAAATCAGCAGCCGCGAATACCACGTATCGGATGGTGATCGAACGTCTACAAGTGTGGACGGCCGAATGATCAGAGATTTTTCTTCTCGACGCGATCCACAAAAGTGTCGGAGATCGGCCGGCTTCCGGCGATGCTGAAGCCCGTCACTTGGTTGAGGGCGAAGGTGGTCCCGCTCGCCGCTTCGGGCGCTTTGATGCGAAAGAAGTCGGCATTTTCGACGTCCTGCAGAACAAAAACCGGACGAGCGTCTGCCTTTTCTGAGGTGATTTTGATGTCGCTCGCTTCAAGACCCTTCACGTGGCGGAAGTAGATACCTTGAGAGGGAGTGTCGCCGAACATGGTGGGCTCGGGATAAGCGGATTCCTTTTCGGGGAGGACGATGTTGGCTTGTTCCGGCGTTCCCCCACCCTGATGGTGAATATGGATATTTGAGAGCTTGAGATCTTCGATGGGATGACCGGGAACGCCACTGATGAGCGACGAGATCCTTGGATGGGAGCCGGATGACACGACGTTTGAAATGGTGACCCGCTTGATGGTGCCAACCGGCACACCCACTGGACCGCGCATCCGGCTGCCGAGCCGCAAGAACAGGGGCGCATCGACAACATCCCGCATGGAGATATTGGTAATGGTTACATCTTCAAGAAGAGCGCCGTCTTCGGACTCGAGCGCAAATCCGTGGCAGTTGTAGAACACGCAATTGGCGACCGTGATATTGCGGAATCCACCATTCGATTCGGTGCCGAATTTGATGCGGCCGGTCCCTCCGAAAGGCTTGTAGGTACGATCGAGCAAGGTGCCCTCCACCATCCCACTGACTAAACAGTCGCTGATGGTTACAAACTCGGTGGGACGCGCATAGCCGAGGGCGAAGGAACTCTTTGGGCAGATACCGTCGTCGTAGGGGGAGTTGACGCTGCAGTTGGAGACCCGGACGTTGCGGCAGCAGTCGATGTCCATACCGTCTCGATTGGTGTCGATGGTGAGATTGTCGATGGTCAGGTTATCGACTCCAGTCGCGAGGATGCCGAAGTGACCGCCATGGAGGATCGAAAAGTCACGAAGGTTGACGTTGTAGCAATTCTTGAGGGCGATGGATTTGTTAGCGACACCGGGTGTTTCGGCGCGTGCTTCGGGTCCGCGGTCCCAGCCGCGAGTCAGACCCTTACCCCATATCAAACCTGGTCCCAAGATGGAGAAGTCATGGATGTCTTCGCCCCAAATCAGGGAATTGTGCCAGTGATTGTGACCATAGTCCTGGTAACTTTCATAGGCCGGATTCTGGGGCTCCGCGAGATCATAGCCCCCAGTTGTCCCGGGGGGCAGAGGAGGAGCGGCCAGGATGGTGGCTCCCTGATCGAGATAGAGAGCGACGTTGCTGCGAAGATGAATGGAGTAAGACAGGTAAGTGCCTGCGGGGAAGAAGACCGTGCCGCCACCGTGACTTGCGGCGGCATCGATGGCCTTATTGACTGATGGCGAATCGATGGTCTGACCGTCCCCTGTGGCGCCATAGGATTTAACGTTGTGGCTGCCCGCTGCTGGTGCGCTGTTTGTTGACGCCGTCTGAGCGCCGGCGCCAGCTGAGGGCAGTACACTGCCGGCAAGTCCCGCAGTGGCGATACGGAGAAAGTCACGGCGCGGGGTGAACTCCATTGTCATCTCTGATCGGCGCTCCTGAGGCCGGTTCAACTTTATTCGGCGAGTGTAGCAGTCCTTCTCCTCTTCGCAAAGATGTCGAAAGCGGGCAGGAACTTAAAGCATCGGAAGAGTTCGCGCGGACTATCATCTGCCCTGTAAACAACGCACATGGATATTTCTGAGCTGCGAACGGCTGTTGCTGAGCTTCCCGGCATCCTAGAAGGGATTGCAATTCCTCTTACATTCAGGCTTCTCAGCGAGTGCTGATCTTTCGGCAACCCTGATTGTCCTGGGAGATTGACTGCCGAATGGAGTCTCTGCGCCTATCTGATCTGGAAACTGGACGCCAAACCTCGCTTGGACGGCAGGTCGCGTCTCCTGCCGCAAGGAATGGAATGGGCATCCTCATTCAAGACCCGGTCAATCAGCGCCTCATCGAGGCTGCTTCCGTGCAGTTGGAACTAAATCCGGTCCTTCTGAGCGAAGACTTGTTGAGGCCGGAACTACTCTCGGATTTCGAATTAATCATTGCCGATGAGCCGGTGGCTCATCGGATTCGTTCGAAGTTTTCGTCGCGTGAAGAAAATGGCGAAGGGATCAACCCGGCCGTGATTGCGATCATGGTTCGAGAGCAAACAGGACTATCCAATGCTCTGGAGCCGGTCCCGGAGCAGGCCGCCTCTGTTAACGAACATCACTATTTCGATGGTCTGCTCCGGCTGCCGATGGGGCCAGCACCACTAGCAGCCCAGATGAGCCTGATCCTTTATGCGCACCGCGCCTTTGCACGGCGATATCAGTCCGCCCTCGAGGAACTCAATCTGAACCGGCGCATCTTTCGTTCGGTGACCAGCGGCATTTCAGTTTCGGATGCAAAATTGCCGGATTTGCCTTTGATCTATGTCAATCCAGCCTTTGAAGTGATGACGGGATATTGTCTCGAAGAGGTCCAGGGAAAGAACTGCCGGTTCCTGCAACGCGGCGATCGCGATCAACCAGCCTTGACGCTCGTTCGGGAGGCCCTGCGAGACCGCCGGGAGGCGATCACCATTTTAAAGAATACCGGAAAGACGGAACTCCATTCTGGAATGAGCTATCGCTCTCGCCCATCCGCAGCCGGCAGGGAGAGGTGACGCATTTCGTGGGGATCCAGACCGACGTGACCTCTCGAGTTGAGTTTGAAGCGGCACTTCGCGAGAGCGAAAAACTGGCAGCGGTTGGCCGGCTAGCCTCCTCAATCGCCCACGAAATCAACAATCCGTTGTCTTCGGTGATGAACCTGCTCTACATTGCACAGAATTCCGAGAACCTCGCCGAGATCAAGGAACACCTGGCGGTAGCGGACAAGGAGATGCAGCGCGTCAAGCTCATTGCATCGCAGTCTCTCCGTTTCTACAAGCAATCGACCAAGCCCAATGCCGTTAAATGCAGTGAGCTTATCAATTCGGTATTGGACATCCACAAGTCCCGGTTCTTGAACGCGCAGGTGATGGTGGAGCGCAGGGAACGTTCGGCGCAATCGATCGTTTGTATGGAGAGCGAAATACGGCAGGTGCTGAATAATCTGATCAGCAATGCAGTGGATGCAATGCACGGCAAGGGAGGGCGCTTGCTCATCCGGAGCCGCGAAGCGACAGACTGGCGAACCGGCGCGCGTGGAGTCATGATGACTATCGCTGACTCCGGCACCGGCATTAGTCCAGACATTATCAAGCACATCTACCAGGCATTTTTCACCACCAAAGGAATCGGGGGAACTGGCTTAGGCCTAT
CP030840.1_gap73	2745190	2749508	4318	CGGACCCGCTGCTTCGCGTGCTTATGCCGGAACGAAGTCGGTTTCCGTGACGATTCAACAGGGCGCCACGCAAATGTCTATTGATTCCACATTCAATGGCTTCAGCTGGGATAAAAACACAATGACAGGCCCACTCTTCTCCCCTGACGACGACGCGCTGGTGGCCCTTTTCCGGCAGTTGGGCCCAGGGGTCCTGCGTTCCGGCGGCAATAGCGGCGACCAGGTTGTCTGGGACCCAAACGGTCGTGGGATGACGCATATGGTGATGTCTCCTCCCGACATAGAACGCCTTGCCGCGTTCCTGAATAAGACCAATTGGAAGGTAATTTACGGCCTCAATTTCGCAATCGGAAATCCGCCCCTCAAAAACCTTCCCTCGGAGGGGGCCGTTGCGGCAGCAGCAGCCACGGCCGCGAACGAAGCAGCGACGGCAGCCTCAATCCTCGGCGATCGTCTTATTGGCTTCGAGATCGGGAATGAGCCCGGCGACTTCAGCAACAACGGCCTGAGACCGTCCAATTACTCGTTCGCCGAGTTCAAGACGGAGTGGCAGACCTTCGCGAATGCAATTCGCACTGAGGTGCCCAACGCGGTGTTTGTGGGTCCCGCCGACCTTACTTATACCCCGCCCTTTATAACCAACCTGGGGAAACAAGCGGGATTGATCACCCAGCATTACTACCGCAGCTCCGGAGAGGCGGGCAATAGCACCGACATTCAGCAGCTGCTGACGATCGACCCATATTTAGTAAATACGATTCTGCCGACCACTCGTTCGCTTTCGGCTGCCGTTCCCGTGAGGTTCAGAATGGGAGAGTGTAATGCCTTCAGCCAACCAATTGGAATGGGAAACATCTTTGCTGTGGCGCTCTGGGCGATAGACTTCGAGTTTCTCAATGCCATGAATAATTCCGCCGGGGTCAACTTCCAGCCTGTCCCCGGGATTGCCCCCCTCGATACCAGAGATGGCAAGGGAGTGGTAACCGGAGTTAACCCGCTTTTCTATGCGATGAAGCTGTTTTCAATGGCTGCCGACGGCACTCTGTTGAAGACGTCGGTTTCTGCGCAACAGGGTGTATTCTCGGCCTATGCAGTGTCCGGAAATAACGGGTCTACCTATGTTGTATTGAGCAATAAGGACTCGGCGAATGCTGTAGAAGCTTCCATCAACTTCATGCAGCCCATGGCATCGGCAACTTCCACGGTATTGACCGCGCCATCGCTGACCAGCACCAGCGGAACCACGCTCGGCGGGTCGCCCATCAACCCCGACGGAAGTTGGTCTCCAACCAAGATTGAGCCAGTAGCTGTCTCTAACCGAACGGCTACCGTCACTATTCCGGCTGGAAGTGCTGCTTTTATCGAGGCATTGCCTGCGACCACCTCACTCGGCGTTCCGAAGAGCAGTCTTTGTGTCCAGTCCACTCAGAATACGAGTGACGGTTCCTACGTTCTTCAACAAGCCGGCTGCAACTCCACTTCGCCTGGGCAGGCTTTCGCATTCGTTCCCACTCAGGACGGGTTTTACTATGTGCTCCCGCAGAATTCGAATCTCTGCTTAGACTGGCAGCAGCCGAGCGTGCTTCAGACCGCGTGCGCACGAACTCATACACAAAAGTGGCAGATTGAATCGAATACGAACGGAACCTACTCGCTCCTCAGCAGGGACGGCCACTATTGCCTGAACGTCAGTGGAGGCCTGGCGGAAGACGGGAAACCAATGACGGCGGGAAGTTGCACTGGCCAATCCAGCAGTCAACTCAACTTGAGTAATCCTCCGGATGCTCCTCTACAAACGTCATCGACTTCGATCATCCTCGGGTACGACAACCTTTGCATGGACATCAAAGAACAAAGTCTCTCGGTTGGGCCCTATGTTCAACAACATGCCTGCAACGGTAAGTCGAATCAATCCTTCGCGCTAGCATCCACGCCTGATGGCCACTACACGATCTCTTCGAACGAAAGTCTACTGTGTTTGGATGGGTCTGCCGGCAATACCACCGTGATCCAGAATGTGTGCACAGGAGGAAATGCGCAAGAGTGGCAACTGAATAGCAAACCGGGGGGCACCTACACTCTGCAAAACGCAGCGTCTCAAGGTTGCCTGGGAATTCCGAATGGCTCCAACTCGGCCGGCTCATTATTCGCGCTGGGTGCATGCAATGCCGGCGCCAACCAGATGTTGAAGTTGGCCACGCCACCATCGCCATAGTCGGTCTATGTTCACCCGGCTGTCAACGGCGGCTCCCTTCACCACGAACGACCTACTGTTCATGGTGAAGGGAGTCGCTACTCCTTTAGTCTTATCTACTGCGAGGCCATCATCTTGATCACCGCCAAGTCACCCAAAGCGTGGCAAGTCAAGCGATCCATGAAGATCAATTTCCTGGCTATGGGGTGTCTTGAGACTTCACCTCGCCTGATCCGAAGATCGCAGAGGTGACCTGGGAGGCTTTGGTCTGTTGGAGACGATATCCGTCCCTTGTCCGGACTCGGTAGGTCTGCATGTCTTTGCCGGCTAACTTCACGGTGATCGTGCGCCAACCCCGATTCGAGTTTGGCTGGGGGTAGTAACTAAGGAAGTAGAGGTGGGCAAGATCATCGCGAATCGAGGCAAACGCCTGGGTTTCATCCTTCCAGGTCTTCGCAAAATAGGCCTTGCCCCCGGTTGCCTTGCTCATCCGTTCAAAGACAGCAGTTGAAATCGGCTCAATCTGTGCTTGTGCAGTGCTGACCATATAGATGATTGTGCCGGTCGACTGGGCCAATTCGGCGACATCCTCCGGAGGCACCAGGCTGGCGTTGTCCGGGCCATTGGAAAAGACCACGATCACTTTTCTTCCGTTGATCCGCGCGGCGTCCTTCACCGTTAAGAGCAGGCTGTCGTACAGCGCGGCGTTGTCTCCGGCTACCGTGCTTCGAACGCTTCGCAGGACCTGGGAGCGGTCTGAAGTTAATGCCGCAGCCCGCGAAAGGTCCCGGCTGTAGGAATAGAAGGCGACCTTGCTGGCGCCCTGCAAGGAGCGTACGAAGTCAGCAATTGCATCCTGCGCGTACACAAAGGTTCGATACATGTAGTTGCTGGTATCGAAGAGGATGAAAACATTGGCATCAAAATATGGCGATGCCAGCATCTGGCTCGCGGTACTGTTGGATGGCTCGCTCGAGGGCTGCTCCGCATCGCTTTGTCCTGAAGATCCGTCGGCCGAACCGGCCGATTTAATTACAGAACGGCTAGATTCACCGCCTGCTTCGAAAGTAGCGATCTTTTCCGGGATGCGGTCTTCGGTGACCACGAAATCCTGAGGTCGAAGACCGGTGACATAGTTGCCTTTCCGGTCGGTGACTGCTACGCCCAGTTGCACCAGGTTGACATTCACCCGGATGGACGCCTCGTCGTTCTGGGCCCCCGTCCAAGCACCGGCATCCAGAAAGAGGCCCGCAAAGACCAAGCAGGATATGAGATGCTTCTTTGCCACGGTTCTCCTTTGATCCACCAAGCTACTCAGCAATCAACGCCGGGCAGTGGTTTCCGCTCCTGGAAATGAGGTCAGCTTGCCCTGCAAAAAATCCTCGCCGGCCCCGTGCATCGCTCGAACCACTGCAGGCCAGTCCTCGAAATGGCTGGCGAATATTTTCGAGATCATGAGGTGAGTCAGCAGTGGAGAGAGAACGTTCAACGTCTCTGGTGAAATACCCCTCTCATCTCCTAACCTGGCCCAATATAAGTTGGTTGAGTCCCACGATTCCGAAAACAGGCGGCTCGCATATCCAGAAACAGCTGGAAACGGCCGGACACTCAGCATTTCCCGGCCATAAGTCTGAGCAAGAGCCGGGTGGGGAATGCCGAAGTCCTTCGAGATGCGGTCAAGGCCGACTTCTGCTGGATACTGACGGGACAGGTTGTCCAATGCTTGACCAGATTCCCCCCAGGAGGAGGTTTCGTTGGGATACCGCTGACGAAATTGCACCGCCAAATAGAAGGTATCGGCGGGAAGAAGCCGGGCAATTTCGCTCGTCACCTCTCCCGATTGCATTGCTTGCTCCATCTGCGCCATTCGTAGAGGCGACATCCGCTCGGAAAGGATGGGGACAAGCCTTTCCCGTAGTTCCTTGTTGGCTGCCGCAGCATTCAATAGATCCTCCCCAGCCCGCTGATAGAGGGCGACGGCATGCAACTCATGCGGACTCACATTCCACCAGCGCGATAGCGTCGCTCCGGCCAGAAGATTGGGAACAATCTCCTGCCAGATGAGCGCCTGGACGTTTGCCGGCGCAATGAAGTCCTGTTCAGCGGCAGCTACTGCATACGGTA
CP030840.1_gap74	2751788	2754901	3113	ACCTCATGGCTGGACGCCTCTTTACAAGATTGGCCGTGCTATCACCGGATTAAACCGAACGACTGCCACCAGGGCTAAACGTTGGCCGGTGTGAGTTTGAACTCCGTTTAGTAGCGTCTGGATTCGGTCGACGGCTCACTCTCCGGTCAGGCCCTACCGGCGCCTTCGGAGTAGCTGTTTTGTGACGAAACCACGTTATACCAGTATCCGCGGAAAATCCAATACCATTTCGCCCTGTCGTCGACCGATCTCGAACGTTTCCTTTGTGGAATCAAATCATTGAAAAGCCGCTTTCAACCGCTTTCTCTTCAGTCGTGTTTGTCGGGCACAGGGGAAGAAATCCTCGTCGACCTGACGCAGGAGATCGTGAATGCGTCGTGAACGCTAAACTCTCGCTTTATCGCTGTGGGCGGGCAGTCACAACGTAGTAAGGAGCGGTTTTCAGCCACGATGCGCGTTGGAGGCATTTCAAGCCATAGAGTCGACGTTTCCACGAACCACTATTCAAGATGGTTCAAAACAACGCCGCCCGATTCGCTCGATTCGTAGAGCGCTTCCACCAGTGCCATGGTCTGGTAGGCATCTTCGAAATGGGTAGGCAAGGTGGAGGCTGATCCCTCGACAAACGCTTGAAGCGCACCCATGGTGCCCATGAATCCGTCGGGGAAGTTGTTGCCAGTGATCGGTATAGATTGCCATTGTTCTTGATTTGCTCCGCGCTTTGCGAACGATGCCGAGTCAGGCTTGCCAGTTGGGTAGTCCAGATTGAGGCCCATTGTCATACGAGCTGCTCCTTTCAGGCCTTCCCACTGCACAAAACTATGCTGATGCTCGGGACCAAAATTGTGATTGTGGTTGGTCGCGACAAAGACGCGCATCGCATCCCCATAGTCAAGGATGGCCACCGTCTTAGTAGGAGCCAAATGAGCGTGCTCCGGGCTCTTCACCGTCTTGGCGTAGACGGAGCGCGGATTCCCAAGCCAGGAACGGATTAAATCGAAGTAGTGGATGCTGTGGTAAAGGATCTCAAGCCGCGGGGCGTTGGCCAGAAAGCTCCACAGATGCCAAGGCGTGTAGGTGCTCGTCTGCACCTCGACATCGACGAGCTCGCCAAGCATTCCCTTCTCCGCCAGGGATCTGACCGCGAGGTTGTTGGGTGAATATCGAAGGGAAAAATTTACAGAGGCGATCAGGTTTTTGCGACGGCAGAGATCTCTGATCGCGCGGGCCTCTGCTAGCGTCTCCCCCATCGGCTTCTGCATCAGCACAGCCGAACCGTCTTTGAACTCAGGCAGGATTCGCAGCAGTTGCGAGGCGGGAACGGCAACGTCGAAGATAGCGTCGGAGGGGGCGAAGCGGATCGCCTCGGTGAGAGAGTTAAAGCTACGGGGAATGTGCCTTTCGGCCGCTAGGCCGGCCGCCCGTTCCGGCAACTCATCCATGATGCCGATGACCGGGAACTGCGCTTTCTCATAAGCGGGGAGATGCGCAGCCCGCACGATTCCTCCAGCTCCAATGATGACGATAGGGCGAGGCCGCTTTGGATAGACAAGGACCGCGGAGGAAAAGCTTTCCCTTGCTTGTGCGGGAGAGGACTGCATCGACAACTTCCTTTCTTCGATGCCTAGTTATGGTGAATAAGTTTTTCTCGCCATGCCTCGGCGATCAAAGTCATCTGACGAAAGGCTTCAGATCTCACCCGCCTGGTCGATGCTCAGGACATAGGCATACTTACCCGGCAGCGAAGCCGGTAAGGACACTTTGACGTCCTCTCCAACCTGTGTCCAGGTTAACGGTTTGTCGTATCCGAGTAGCTCGATCGTTGCGCCGGCTTTTGGCTTCAACGAGGCGATGGTCACACTGGGCCCTTGGATGCTGCCCATCATCGTCGCATAAAGAGTGCTATTTTTCTGCGTGAACCGGACATCCATGCCGCTGGTGGTCTTGCCCTCGGCACGCTTCCACGGGTGAGTGCCATAAATGGCGTCACCGTTTTGGGCTAGCCAGGCGCCAAGCTCCTTCAAACGCGCCATCTGCACTGCCGGGATTGTTCCATCGGCTTCCGGGCCGACGTCGAGGAGCAGATTGCCATTCTTGCTGACGATGTCCACCAGCAAGTAGATGAGCTTGTCTGGAGCAATTGTCTGGGCCTCACCCTCGGCGCGGTTGTAGCCAAAGGATTGGCCGAGGCCGCGACACTCTTCCCATTTCTTGGGGCTGATCTCTTTCAGGGTGGAGTATTCCGGCGAGGTATAGTCGGCATGCTTGATGCCAAACCTGTCATCAACGACGCCATCCGGTACCGCGTTGTAGTATTCCGCCTCGATGTCCATCGGGTGCCCGGTCTTCGGATAGTCGATGTCATTCCAGAGGACCGATGGCTGATAACGCTGGATCAGTTCGCGGTATTGTGCGTCCACATATTTCCCGTAAGCTTCGCTCTGTGGCTTGGTGGCTTCGAAGCTCTCACGGGAGCTGATCGGTCCGGGAACGAAGGTCCAATCGAAGCCTCCCGAGTAGTACAACCCCATCTTCAACCCCTGCTGGCGAACCGACTTGGTCAGATCGCCCACCAGGTCCCGGGTCGCATGTTGGCGATCGGCCGGCAGTGTCGGATTGGGCGTGACGCTGGGCCACAAGGTGAATCCCTCGTGATGCTTGGTGGTCAGCACAACATATTTGGCGCCAGCGTCCTTGAAGATCTGGGCCCAGGCATCGGGATTCCATGAGGCGCTCTGCTTGTCGAACTCGGCGGCAAAATCGTAGTAGTTGTGGTTAGGGCCGAAGTGTTCGCGATCATACTTTTGTGTTGGCGACCCATCAATTCGAACTGTGTTGTAGTACCACTCGGCGTAGGGATTATTTTTAAACTGGTTCGGATCGTTGAAATTCACCATAGTCAGTGGCGCCCAGCCGGGGACGGAGTAGAGGCCCCAGTGGATAAATATCCCCAGCTTTGCGTCGTCGTACCATTGAGGAACCGGGTGCTGGTCAAGCGACTGAATGCTTGCTTCGTAGTGTGGCGGCGCTTGCGCGAAGCCCGCGGTCGAAAGCGCCAAGGCCGCGAAAGCAGCCAGCTTCGCAGTCGTGCCTCTTTTCGAATACCCGTAAGA
CP030840.1_gap75	2786781	2788758	1977	CGTACCTAGCCGCCGATGTTGCGAGGTCGGAACCAGATATTCTAGTCACGAATGAGATGCCCTTCGGATCCTGGCTGGCGTCCTCCCCGAACTATAACGTTGAGCGCGCACAGGAAAGTGTCAGGATTCACGAAGAAGGCTTGGAAGCACTTCGCGCGCTCGAACTGCCACTCGTCATTTCGTCTCGCCCGGTGATTGCGTCTGACCGTCTGGCTAACGAGGCGTTTGTGCTGGAACGGGGCACTTATCGCTGCTTGCATCAGAAACACTTCTTTCCGGCGGAAGAGGGATGGTACGAAACACGTTGGTTTACCACGTCCACGCCTGGGTTTGATTCCATCGAGGCTGGCGGTCTGCGCATTGGTGCGCTGATTTGTACTGAGCTGATGTTCAACGAGAGAGCAAGGGGCTACGGCCGAGCCGGGGCGCATTTCATTGCCGTTCCCCGGGCAACCGGCCAGTCAATCGCCGAGTGGAAGACGGCTGGGGCAATGGCTGCCATTGTGTCGGGCTGCTACGTCGTTAGTTCAAATCGGGTTGGATCCGATTTTGGCGGTCCCATTTTCGGCGGCGGCGGTTATGCTTTTGCGCCGGACGGATCACTGCTGTGTGAGTCTACTGCGGGATCATCCATCGCCGTCTTCACTCTCGACAAGCAACCGGCCGAAGAGCAGAAGAGCCGCTATCCCATATACGTAGACGAACAACCGCCGATTTAGACGGCAGTTCCCGGGTGCGAGCCCTCAAGGGCGAAGGCTGGTGTTTTCAAGTGAAACGATGCGCCTCTACAATCATGATATTGAGGTCTCGGGATGGATAACCCGCCAATCAGCATCTTAAGCGTCGAAGACCACCCGGTTTTCCGGGAGGGCTTGAGCACGGTCATAGCTTCGCAGCCAGACATGGTCCTCGCGGCGCACGCGACCACTGCTGTTGAGGCACTGACGGAGTTCCGTCGTCTTCGCCCCGATGTGACTCTCATGGACCTCCGGCTTCCTGGCACAAATGGCATCGATGCACTGATTGCGATCCGGGGAGAATATCCCCAGGCGCGTATCGTCATGCTGACTACGTCGGACGGAGATGGAGAGATCCAGCGGGCAATGCGGGCCGGGGCGTGCGCCTACATCCTAAAGAGCATGCCGAAGAACGATTTGCTGGAGGTGATCCGTGCCGTGCACTCTGGCCGACGGTGTATGCCGCCTGAAGTCGCGGCGCGCCTCTCAGAGCACTACGGCGAAGACGATCTGACCGCCCGAGAGTTGCAGGTGCTCCGGCTGATTCGGGACGGCCAGCGCAACAAGCAGATTGCCGACCAACTCGCCATCGCTGAGACAACGGTCAACTTCCACATCAAGAATTTGGTGGACAAGCTGCAGGCAAATGATCGAACGCATGCTGTCACCATTGCCGTGCGACGGGGTCTACTCGAGATCTAACCATACTGTAGAAAACTACAGCATGCCAGCCACAGATTGAGACATTCCTTGAAATGCCTCCAGTGCGCTATCGTGAAACGCTGAAGCGAGTGTTTGTTGATGCGGATGCCTCCTAAATTTGGATGCTGGATGCTGCTGGTTGCCCAACAACGACGGGATTCGTCTATGGGAATCAGCTCGGTCCCCTTGTAGCTTGACTCAGGAATAGAGCGCTTAGAATCGCCAAGGTGGCCAAGTTGAAGACCTCGCGTTCGCTCCAACTATGCTTCTTACTCCTGTGGGCAAGTTACACCGCGTGGGCTGTCGATCCGAGCCGCTATATATCGCAATATGCACACTCCTCCTGGACTATCCAGGATGGGTCCTTCAGCGGCATACCGCATGCGATCACGCAGACCACAGATGGCTATCTGTGGATCGGAACCGAGGCCGGGCTGGTTCGCTTCGATGGGGTGCGGTTCGTCCCTTGGGTCGAGCCAGAAGGCGAGCACCTTCCGCAGGCCGCAATCTATTCTCTGCTAGGACCGGCTGACGGAGG
CP030840.1_gap76	2832844	2837188	4344	GGCGATCTCCGAGTCGCGGAGGGATTTGGGGAAGAGGTTATAACCGAGGATCTGATCCCAGACGAGGTTGTATTTCTGGCTCCAGGTGTTGGCGGAATCGTAGGCGAGCTTGTAGTGGTCGCCTTCCTGATCCATGGTGATCCACTTGCCGGCAAAGTCGTGGGCGGTCTTAGAGTAGTCGCGGGCAACGTCATCCTTGCCCAGGAGTCTGGCAAGATCGGCGTAGGCCTCGAGGGCGTCGATGGCCTTAAGGGCGAGATTGGCGTTGTGAGTGACGTGGCCGGCGAAGTCGTCGGTGGTGAGCTGGTTTTCGGGATCCAGGCCGTGGCCCCGAAGAAACTCGGCCCACTGGGTAATCTTGGTCCAGTGTTCGGCGGCAAGGGCGGTGTTTGGTTTGCCATTCACCTCTGCCCGCGCGACGGCGTCGAGCATGATAAGCATGTTGCCGGATTCTTCAACGGGCATCTGATCTGCTTCGGTCGCCTCGCCGCCGCCGTAGGTCTGGCCGTTGGCGAGCGGGTAGGTGCCGAGGTCATGCGGGGCGAAGGGAAAGCGCCAGCGATTGGGCAGCGCGGTGTACTGCATGAGGGGACGGAGCTCGGCCTCAAGCAAGGCGGGATTGAAGAAGAGGAAGAGCGGAGCGGCGGGGTAAAGGACGTCGACGGTACCTATGGAGCCGTTAGAGAAGTTCTCCTTGCCGAAGACGAGGGGCATGCCATCGAGATCAGCGACCAAGCCGTGAGCCGCCCATGCTTGGCGGTAGGCGAGGATGCAGAGGTTGGCGTAGTTAGCCCCGGCGGTGCGAGTGAGATCGGCGGTAAGGGAGGTGTCGAGGTCAGTGGCGCGACGATCAAGGGCGGGCATCTCGCGCTCGGCGGCGTCGAGCATGGCGGCGACGGATTGACCGTTGCGCTGCCACCATGGCCTGAGGTTTCGTTCGAGAAACTGTATGGCGTAGCCCTCAGTGTAGGAGACGAGGACGTGGCGGGTCATCGACTGGTCGGTCACGGTGTGGAAGAGGAGTTCCGTAGCGAGGTGGGCGTCGCCTCGGCCGACGACGGAGGAGGCGTCCATGTCGTCGGCGATAGGAAGCATGCCGGTGGTGACGAAGACACCACCGGGTTCGACGGAGGTGTCGCGGACGATGGCCGAAACGGACTCTTCGTCTTTGGGAACGGAGAGATGGAAGTATCCCCAGTCGATGCGGAGGTCGTCGCCGGAGCGATTAAGAATCCGCTGATCGCGGGAGCCAACGGAAAGAATGGTCTGGGTCTCGGTCTGATTCCGAGAGTAGGTGACGGGTTCGCCGGGCGCGTTGACGGCGATGACGGGGTCGACGTCGGTAAGGACGGCGACATCGGCGTGAGATCTGCCGTCGATCGATTTGAGGGTGTAGCTGATATAGGTGACGGGGCGGGAAAGGATGTCGAGATCAGAGAGGATGGTAGGAGTGAAGAAGGTAAGATCGAGCTGGACGCCGCCACCGGTGAAGCTGTAGCGGGTGTGGGTGGGGGTGACGAGATGGGCGATCTGCTGCATGGCGGGGAGCTCGTGCGGAGAGGCACCCATAAAACGCATGGTCTTGCCGTCGACTCGAAGGAGGCCGACGATGGGCTGCGGCTTGCCGGTCCAATGGACGGTGTTCGAGGCGGTGAGGTCATCGGTGTCGGACCATATGGAGAAATAGGGGTTGTGAGTGATCAGGGGAGTAGCGGGATACCGGACGGGCTGCGGCGAGGCGATTGGGGAGGACTGGGCCGCTGTCTGGACAGCGAAAGAGCCGGCACATAGGAAGCAGAGGATGATGGCATTCGTAAGCTGCAGCAACGTGTTTGACCTCTAAGGAGATTGTGCGAGATTGTAGACGCTTCCAAGAATACCGGCAAAGTCTCTAAAGACGTCTACGAGGGCATCAGGTCTGCGACTCCAAAATGCAGATGACTCCGACGAGGACCATCGAACTCGTGAAATATAGCGCCATTCCTAGTATTGATAAGCCGTCCAGTGGAGCTTTTCGAAATGAACCACTCGGTTATGGCTGAAATGTAGAAAAGGAGATGAGCGAGAGCAAGCCAAAACGAGTTGGCGTACTCGATCGCGCCGTCCTTCTTCAACCGTCTCTCGTGAACTAACGAGATCGCTAGAGTCGCGAGACGAAATGATAGAGCCGAAGCAAAGAAAATTAGCGGCAATATTGCCATAAGCCTGGAGCGTAAACCTAGATAATCCATGCCACCCACCCCTTTGCCCACGGCCAAGCACTCGCCTGAGCGGTCTATCTGCTTCTCGCAGATCCCTCCATGAAACACGCGTCGATGCACATGCGCGGATGCCTCGTTGGATTCAGCTTTTGGATTGCGTTGCTCCTGATCGCGACATCGAATCCACTGCTGCAAGCGAGCGCGATCAGCAGACCCGCCGATTGAACAAGGTCTGGTAGTTGCAGCTTGTTTTTAGAAGGCTGCCCGATTTATGTTTAAGGCCTACCAAGAATGGTACCGAAAGCCAATGTGAGCGCTTCCTCTACCGGTAAACCGCGGCATGTTTGAATCGACAAGCGACATGTCCGTCCGGACGGACAAGAAGGTCGCTCGCAGGAGCCCTGCCTTTCAGCGCGGTGACCACTGAGAAACCGAAGCTCGTGACAACTCGATCATTCAAAAAACGAAATCTCTCTTAGAACTGTTTGATCCGTGCTGCCAGGCCTACATTTTTCTTGTGCAACGAAATCAACCATGTCTTGGGGCAAGATCAAATTGAGAAAGAAAAAAGTCCTCTGGCGCTCGAGGGGAGCCGTACGGGACTTTCATGTCCCAGGGATGGAGGGTGCCCGGTCCTCGGAAGTACTGCTTCATTCCACGCCATCTCCCCTTGGAAAATGAATTTACCTTGACGCTCTCATTGAGAAGCAGGCATATCACCAGATCACGAAACGCCGGTTCTTTGAACGGCTCTCCACCCAGCAGCCGTTCTCTCGAATGCGCACGTTGGCGATCGCCATCTGCCGACTCGCTAGTCAGAAGATCCGTGTATGACCCTTCAGGAAATTTGCTATTCACGTTGTCGCTTCGGCTATTCAATTGGGCACCTCTTCCTCTTTTTGAACTGCCCGTGAGTAGATCTATATTCCAGTGGGCTTTGTGAGAATTGCCGGCGGAAGGCAGATGCAAAATGAGACGCGTTGCCGAATCCGCATGTCAAGCCAATCTCAAGAATGGCTTTGTCGGTATCGATGAGCATCGCTTTAGCCGCTTCCATTCGTATGTGCTGCACATGTCGGTGAGGTGTTGTTCCGACAGCTCTGCGGAAGAGCGTTGCGAAGTGAAATGGACTAATAGCCGCCACTTTGGAGAGGACGCCGAGGTCCAGGCGTTCAGCAAAGTGCGCTTCGATGTACTCGAGCACGCGCACGAGGCGGTAATCGGAAATGCGCTCTTTGGCGAGGGACTGACGCCATTCATCCCCCTTGGTTGCGCCAAGCAACAGATGTGCTGATATCCACTGCGCAGCGGTTTGAGCGTAAAAATCTGGAGCTCCACCGCGGAGGGCTGACATCGCGGAAAATGCAAGGTCACTGATGACCGGATCATCAAAGAAGGGACGATCGCTGATGGTGCTCGGTTTCTGCACTTCCCGGGCGACGAAATCCAGGGTCTCTTGAGGTAAAACCAGAAGCGAGCAATTAAGAACTTTCCCTACAGAGTCGTGACGTACGAGGCGGGGAAGCCCTGCAGGTGTGAGTATGCCCGTGCCTCGGGAGTAATCTATCTTGCGCCATCGTCCTTCCGAGAAATGGCTTACGCGGAAATGTCTTTCATGGATAAGGATGATTGAGGGATTAGTAAAAGCGCCGATGGGGTACGGATCGGGAGAGTACGCCCTCTCTATTGACTGCAGGTAGAGTGACTTCCAGTTAGCTGAATCGCTAGTCAGCAGCTCTTTGATGTGTCCGGCATCACTCTTGCCTCTTACGTCTTCGGCTAGGCTAGGCATTTCGTTTGCACCTCCTTGTCCCTCTGAAGCGATTCTGCTACTGCGCAATTCGAAACTCAGTTCAGCGCTTCGCCATCATCTTTTTAGCCTCGCCGATTCGTATCGAATCGCTTGAGCCCCCGTGGCCATTCGATTCAAAGCGGACGTAAATCACAAGATTTGGCCAGGCTCTCGCTGCTTTTCGCAACTCTTGGCGAATTTCAAGAATTTCATGACCTCGGCCCGACGGGGGGTAAATTAAGGTAAAACCTGGTTGTCAGTTCACTTCAAGCCCAGGGGAGTTTTCCTTGCTGCTCACACATCTATGTTGAACGAATGGGAGAGAACATAACGAAGGGCTTTGGGGTGCTC
CP030840.1_gap77	2843270	2847569	4299	GTCAGTATGAGCTTTCCGCCGTCGGCGATATCGGAGTGGCTGAACCAAGGTTTATTCCATGGCTTGCCATTCAGGGTTGCCGACTGGATATAGATGTTTCTGGCCGAGTTGCCGTGGGCCACAATGGTGAAATCCTTTCCGCTCCCCATGTGGATGACCGCCTGATCGAAGACTGGGCTGCCGAGGATGTAGTCCGGACTGGAGGGATCGACGGGATAGAATCCCAATGCGCTCATCACGTACCAGGAAGAAGTCGACCCTTGATCGTCCATGCCGGGAAAAGCGAGGCCATAGCGATCGCTGCCGTACATCGACGCGAGGATTTCTCGCGTGAGCTTCTGCGTCTTCCACGGCTGCCCGGCCCAATCATAGTAGTAGGCGGATTGCTGGTCCGGCTGGTTCCCCTGCACATATTGCCCGATGACGCCGGTGCAGTCGCGGCAGATGCCTTTGGCGGTATACGGCGTGTTGAAGAATTCATCCAATTTTGCAGCGAACTTCTCCCGGCCTCCGAGCAGATCTATCAAGCCCTGACCGTCGTGAGGCACCAGCCAGAGGGTCGACCACCCGGAAGCTTCCTTCATCATGAAGTTGTAGTACGGTTCTTTTGGGTCGAAGGGGGTGATCCACCTTCCATCCTCGGTTTTTCCGCGCATAAATCCTATCGACGGATCGAAGACATTCCGGTAGTTGTGAGCGCGCTGGAGAAACAACCGGTAATCGTCGTCGCGGCCAAGCTTTTTCGCATAGAGCGCGAGCGCGTAGTCGTCCCAGCTGTATTCGAGCGTGGTTGCCGCTCCGGCTTTGCCTCCCGCATACGGAGGACTCGGATTCCCGTCGGGGACGATGTCCGAGATCCAACCATTACGCATGTATTCGGCAAGATAGCCGCGTGGCCCGTGCGGATCTGTGGCATTCTTGCGTAAATACTCATAGACACCCGCATAATCGAACTTCAGCCCGCGCTCCCAGTCGCCCAGGTACATGAAAACGGCGTTGTCGCCGTGAAAGGATGTACCCATGTAACCTCTTTCGCGAGCCATGTCGAACTGCGAGCGTAGGATGTCTAATTTGGCATTGGGCTCGAGCAGGGTAAGCAGCACAATCTGGTTTCGTCCCGTATCCCAGAAGGGGACCTCGCCGTAGTGATCATAGGCGGCCTCTTCAATCTTGCCGCCGCGGACTACAAACTCGTCGCCTTTGCGCGCTACCAGGCGCGGGCTGGCGAAGGAATGATAGAGGCAGGAATAGAACAGCATCTTCTCCTTCTCTGTGCCGCCCTTCACTTCGATCCGGTTTAACTTCTCTGCCCAGGCGTGTTCCGCTTGCCGCTTCACCCGATCGAAGTCCCATTCGGGATCTTCTGCCTGCAATCTCTGCTCGGCCATCGCGTAGCTCAGCCCGGTCGCGACCTTCACCAATATCTGCTCGCCGCCGTTGGTGGCAAAACGCAGATAGGCGCCAGCGAAATTCCCAGAGATGGTGCGCGCCCCGGGATCGACTACGTTGTCTCCGAGCAGCGAGTCTCTTCGTCCCGTCGGCGGAATTTGTTTGAAAGCGCCACAGTCTCGAAAGGGCCGGGAAAATTCGGCTACGAAATACCTGTTGCCATGCGCAGACTTTCCCCGAAGGCTATGGTCGTTTACGATTTCGATGTCTCCGCCGCCGCCACCCCAATCGAGCAGGATGTGCGCCTTCTCCGTTTGCGGGAAGGTGAAGCGGAAGATTCCCGTCCATGCGGTCGCTGTCATCTCGGCTAGCGTGCGGTAATCGTCGAGATAGACGCTGTAGAATCCGGGCGAAGAGGTCTCGCGCATCTTGTCATATACGGAGGCGCTGCGCTCGGGAGGGACGGTCCAGTCGCCGACAATCGGCATGATCGTGGGGCTGTCTTCCGCCCCGGTCGAAAAGCCAAAGATCGTGCGATTAGGATAGAAATACGGGGCACGCACGCCGGCGGGAAAATTAAGGTCGAGGTTCGCGTTGATCGGGCCCAACTCGGTCGAGCTATGAGGCAGCATCGCGGCCGGCGAAGTAAAGCCCGAGTAAAGCTGCTCGCCCGGCGGCGGAGCGTTGCCGATCAGCTTTTGGTCGTCCAGCGGCGCTGTTCCGACCAGGCCGTTTGCGTATTCGAGCGGAGTCTTCGCGGAAGTCTTCTGCGCCAGGCCCGTTGAGTGAAGCAAGGTGGCGCAAAGCAGCGCGAGACTGGCAGCTTCGATCGATCTACCTACAACATACATCTTTGCGGCCCCTCAAATCCTCACTAGGATTACGATCGTTTCTTCTGGACTTCACCTGGCTGCCGGGACGAGAGTGACTGCGAACACCAGCACGTTTCGATTGCTGGGCAAAGTGAGGCTGCGCACTGTCTTTGCGGCGTCGAGAGCAAATGAATAGGCACAGAGATTGAACGGATTCCCGTCCTTCGAACCATCTCCCGCGAGCCGGTAAGGCATCCGCGCGGCGATCGATTCGCCGGGGAGATCGCCGCCGCCGGCCCAATCGCTCAGGCTCTGCGTGAACGAGGATGAGGAGCCATCGGTGTAGTTGACGGCGAAGGATTGCATTTCCTGGCTCCCTTCCACGCCGATGCCGAGTACCTTGAGGCTGGAGAAATTTCCGGGCGGCAACTCTATAGTCTTACCCGAGACAGCGTCGGGCGCGTTGGCTGGACCAAGCTTGAAGACGACCTCGTCTCCCACCGGATCCGCGCCGAGCGCCTCCGCCGAGAGAGAATATCCTCCTCCATCGAGGCTGGATGTGGCATCGAACTTCGAGCCGTCCTTATAGATGCCCGTCACGTTAAAAGCCGAAGAGAGATCCACCGGCACTGTTCCAGACAGGATGGGAGTTACGGCAACCTCGATCGCGACGCGATGCGACAAGTTCCCCGAGGTTCCTGCTATGGTGACCTCAGCTGTTGCTGGAGCGGCGGCACGGCTCGCGGTGAGCGTCATAACGTTGGCCCCCGTGGCGCTGTCCCGGTTGAAGGTTGCCGTAACTCCGTCGGGAACTCCCGAGGCGGAGAATTTCACCGTCCCGTTGAAGCTGCCTCTGGGCATGAGCAGCACGCCTGTTGTCGCGCTCCTGCCTTGGGAGACCGATATCCTTGGCGCGGCGGAGATGGTAAAGTCGGGAGCCCCGGCGTTGGGTGAGGGCAGGACGTCGTAGAGCGGCTGAGCGGGTTTCACTCCTGGGTTTTCATTGGCGACGGAGATGGCCATTAGGCGAATTTTCGGGTCGTTCGGCAGCTTTAGAGTCTTCGCTCCTGAGGGAAGATCCATCCCGTAGCCGTAAAGATAGGAGTAAGCGTAGGAGACATTCTTTCCTGAAGCATCATGGTGGTGGCTGCAATACCAAGCCAGGTCCGCGCGCTTGATGAAGCCGCGCTTGAGGCCGATCATCTCGCCGTAGTTGTCCTGCGAGGTGTCTCCTGAACTCCAGGAGCGATCGTCCCACTGCCCAATGAAGCCGCCCCAGTCTTCCACCTCGAATTGCTGCTTATTGCCGCCGGCTTCAAAGGTGGCCTTCCGGTCGCCATCGGCTGACGCGGCCAGGAAGTAAACCCGGTTGTAGTCGCCTGGCGGGAGATCGATCGTTTGTCCCTTGGCCGCGATTGCATCAGGCGTTCCTGTCTTAGCTTGGCCCAGGGCGAAGGTGACATCGTTGAAGGCGATTTTGGCGGGCAGCATCTCCGCCGGCAGGGCGTTGCCTTTGCCATCGAAGCCGGCCGTCGAGCGATCGCTGTCGTTGCTGGCGGCGGCGAGATCGTATTTCAGGGCCACAGGCGCGGAACGCACCGCTCCAGCTGCGCTTGCCGGAGAAGCCAACTTCAGCGCGAAGGCCCGCGGTTGATAGGCGGCAAAGGAAGTCACCAGCGTTCCGGAGTCCAACTGGGCCGGACCCAGGGGCTGCTCCTGGCCATTCACCTCGCGCGCGGTGGCGATGGGGGCAGCGAAGGAGACGCGAACATCGGACTGCGGTTTGCCGTCAAGCTCCACCAGCCGAACGACCACTTCGTCGCTTTTCTCCGCCTTCTTCACCGCCATGATGCGAATCCGGGGATTGCTCACCTTCACGAGCGAAAAGCTGCGGCCCAGCGGTCCGGCATGGTTCGCTGTCTGGAACGCGATCAGAGGCGCGTTCAGGCGTAGCGCCTGCCAGTCGGTCTGTCCTTCGCGCCATCCCGCGGCGTGGCCCGCGATGCCGTAGGTGAATTCGTGGTGGCCGATGTCCTGGGTGCTCTGGTCCGCGTATCCACCGGCAATGCCGGGGGTGCGAAGCAGAGTGAGCCGGATG
CP030840.1_gap78	2849966	2850870	904	ACTTCAGGTGTCTCCTTCTAGTTCCCGGCTGTAAGTCGCGGGAGATACTTGTACGACCGGCTCGATGAGAGAAACTATGTTTGCGCGAGGATGCACGCCAGGAGCACTGGGAGAATACGGGCGGCGGATGTGCGGCTGAACCAGTTCATGCGAGGCGTCTCCATTAGTGAAACAGGAACATAGCTGGGATCGGTGTGTGGAACTCCCGCGCGCCGGATCGGCCGGCGCGCGAAAGACTTTGCACTATGCGATTTTGTTAGAACGAGATCTTGCCGCCGATCTGTAGAACTCTCGGAAAGTTCTGCTGTTGCGCGCCGACCGCTCCGAAGCCGCTCCATCCAGAGGTTGGGCTGAAAGTGGCAGGCCCGTCGCCGGGATTGGTGTCAGGGCCGCCGAAGAGCACCGAGTTCAGCGAGTTGAATGCATCTAGCCGAAGACCGAAGGTCACCCTCTCGGTGATCGGCGTGTTCTTTTCCAGGGAGAGATCGAGGGTGGGGATGGTTGGATTGCGGACTTGCGCGGTCTTCCCCTCCAGGTTAGCCAGGCCGTAAGTCGGAATGCCTGTCCAGCAACTTGTGTTGCCGGAGAACCAGCGGCCGTTGCCGACAGACGTCCCGCCCGCCGGACGATAGCTGGTGCCGGGGCAGGTGTAGTAGTAGCCGGTGTTGACGCTCACCGGCGTTCCGCTCTGCGCATTGAAGACGCCGCTGAGCGTCCAGCCGTTGATGAGGTAGCCGACCGCCCTATCGGGATTGGCGACGAACATTCGGCCTTTTCCGAATGGCAGGTCATAGACGCTGGTGGCGGACAAGACATGGGTGCGGTCAGTTCCCGCGATCCAGTGCTGTTGGAAGGGGTCCTGGTAAGGCCAGCCATTCTGGTATCCGTCGCCATTGATGGTTTT
CP030840.1_gap79	3006379	3008886	2507	GGTGGATCGTATTCGTGCAATGCCAAAATGGGCAATTGATGCGACCGGATAGCCAGCTCTACATCGTTCCCTTCGGCGGCGGTGAGGCACGGCGTCTAGCTGCCAATACATCTCTGATGAATTCTTGGCACAGCTTTTCGCCGAACGGACGTTGGCTTGTGTTTTCCTCCAAAGCCCGATCGTTCTATACGCAAATGTATCTAACCCATATCGACGAGCAGGGGAACTCCAGTCCCGCAATTTTGATCGAAAACGCCACCGCAGCAAACCGGGCCGTGAATCTGCCTGAATTTGTAAACACATCTGGAGATGGGATTGAAGAAATCCAGGTGCCGGCGGTAAATCAATACAAGATGATTGACGAAGCTAGGCAACTGGAAGAAAAGGGAAAAGCCGACCAAGCGCTCGAGACATGGAAGAAAGCACTAGCGCTCGATCCCAGCAATGGAAGGGTTCAAAGCGGACTGGGCGCGTCGCTCTATTTTCATAGCAATGTTGAGGAGTCCTTTCAGCATCTGCGCGAAGCTATCCGCATTAACCCTCTATCGGCTCAGGACCACTTCTTGCTTGGCAAGTTCATGCTGGAACAAACTCACGCGGAGCAAGCCCTACCAGAGCTTGAGGCAGCTATCACGATCAGACCGCACTTCGAATTGTGCGAAGAGGCTCTGGGCAAAACTTTTGAGGCTTTGGGCAAAGATTCCGAAGCCCTGTCTCATTGGCGAAAAGCGCGGCTTATCGATCCGACTAGCGTTAGTGCGACGATCGGTACCGCCTGGCTCCTTGCTACCTCACCTGATGCTTCATTGCGCGACGGTGCTGAAGCCGTGCGCTTGGCTGAAAGCGCTGTAAATCTTCAGCCGGACAATGCTGAAGTGCTGGATACGCTGGCGGTTTCCTGCGCCGAAGAACGCTTGTTCTCTCGCGCCTCTTCTATAGAGACGCACGCTCTTGAACTGGCGGAAGCGCAAGCAAACAACTCCTTAACAGCGGCCATCCGTGTTCACGAAGCATTGTTTGCGAAGCAAAAGCCGTTCCATGAAGGCCGGGAATCTGTCGTCGCAGATCAAACCAGATGGAGCCCACGCTCCATGTGACCCATGAGCGGCATATTGGCTGTTCGATGGCGCATGTCATACAAAAAATCCTGAAACGAATGAATTGTGCGGTCTCGATCATGGCGAACGGGATAACTCATCAGCCGAATTCGCGAAGTGAAGTTCGCTTGCACACAGCAAAAGAAACATTGCCCGTAGTTGAGTTTGTCACGAAATTAGACCTTTATTTCCAATGAGGTATTTCATGCTTATCGGATTTACGCGCCGCGACTTTTTGAGCAGTGCGGCGAAGGCAGTGGTCGCTTCGAGGTTGCCTGTCAATGTCGATTCAGAAAGCGCTACAGAAATCATTCTGCCGCTCCGCCGAACTAACTTCGATGACAATTGGACATTCTTAAAGGGAGACGTACAAGGGGCCCACCTACCCGAGTTTAATGACGAGAACTGGAACAAGACCAATTTGCCTCACGACTGGAGCATCGAAGGTCCCTTCAGCAAAGATGCTCCAGGGGGCGCCACATGTGCTTATCTGCCGACGGGGATCGGCTGGTATCGGAAGCAATTCACACTGCCACGTGCCTCAGCCGGGCGAAAAATAGCCATTCAGTTCGATGGCGTTTACCAGCGAAGTGAGGTCTGGATCAACGGTCACTGGCTGGGAATGCGTCCTTATGGCTTCATCAGTTTCGTTTACGATCTCACGCCGTATCTGCGGGTGGGTCACCAGCCGAATGTTCTCGCTGTTCGCGTCGATAATTCTTTGCAGCCAAATGTGAGATGGTATTCCGGCTCAGGCATATACCGGCATACTTGGTTGATCAACACGACGCCCGTCCATATTGCGCACTGGGGAACCTGCGTCCGCACTCCTCAAATCGACGGCAAGAGCGCAATCGTAGAAGTCACAACCCGCGTGCAGAATGGTCTTCTGCAAGCGGCTCCATCTTCGCTTCGTACTTTCATTCAAGACAATGATGGTAAGACGATACAAGAGGCTACAACGAATGCTGAAATTGACGCAGATGGCGATTTTGTCTTTACCCAACGTATCGAGATACTGTCCCCGACACTTTGGTCGACAGATGTGCCTTATCTTTATTCCGTTGTTCAGGAGCTGGAGCACAACGGGCACGGTGTGGACACGACAACGACACCTTTCGGTGTACGCTCCATCTGTTTTGACGTTGATAAAGGATTTCTGCTGAACAATGAGCGCGTCAAGTTGAATGGAGTTTGTCTTCACGGAGACGCCGGCGCGGTGGGGACGGCCGTTCCCGAGCGGATGTGGCAACGGCGGCTTAGTCTGCTCAAAGAGATGGGATGCAATGCGATTCGCTGCAGCCATAATCCTCCGGCGCCAGAGTTTCTCGATCTATGCGACACGATGGGTTTCATGGTCATGTTTGATGCCTTTGACGAATGGCGTGTGGGTAAGTCACAAACACCGCT
CP030840.1_gap80	3160631	3163663	3032	CCTTCCGGCCCGATGCCTGCGGCGGCGATGACAATGACGCCGGATTCCGGTCGAACCAGTCGGGAAACGATTGCATAGTCATCGACGGAAGTCCCCTTCTCGTTCCGAGACCACGAGAGTTGTGGATTGGCGCGGTCTTTTATCTGGTTTCCTCCAATGAACTCAAATCGAAGCTGATTCGTTAGTTCAAGCGTCAGGTAATTGTTGAAGGCGCCAATCAGGATGACAGGGGCATGCCGAAGGTCCCCCGGGGAAATGTCGTGTCCCCAACGCACATCAAACGGTTTTCCGTGATGGTTCAGGAACGTGACGACTTCAGCTGCCGCCGCAAAATCATTAACCATGACACGATCGTTAGCGTGCACAAGGTCCTTGGCGTCGATCTTGGTACCGGGCGGAAGATCAACAAAAAACTCCCGGCCTTGCTGATCCACGTGATGCGAATCTAGGTAGGAATCAAGATACTCGTTGGAGAGGGAATAAACGGCGTCTGTTCCAAAGTAGATGAGTGCCGGCTCTGAACTCTTCAGAACCGGTTGCCAAAACGTATCCGCTGCGCTCCCTTGCATTCGATGCGCCAATCCTGCCACGGTAAGCGCTACTAGGCAGAGGGCAGCCGCAATCGCAATGACATGTTTGCGAGAGAGACCCTCAGGCTCCAGCGTCAACCCGATTTGCTGCATAGCCGAAGCCGAGGCGGACTGCTGACCGTGAGATGGCGCGCCATCAGAAGCGCTTGCTGGCGGCAGGATGTCCATGGCCTCGTCTGCCCGATCTACTGATTCGTGGCGCGAAGAAAACAAAAAACACGGATGGTACGAACCTGGGTGTAATTCGATCCTTACATGGTCCTCCATGCCGTCAGCGGCGTAGTACTGTGCCAACCGCTTTCTCAGGTCGGAGGCGCGAACACGCACAATTGGATCGTCGCCGGTGTTGTAGTCTGACTGCTTCCCAAAAACCTGAGCGCCGACAATCCGCTCCTTGAGCATTTCATCGTGGCCTTGAAGTGTTTGTTCGACCAAATATTGCAGGAGCCGCTGAGATTGTTTGCTCGTGCGAAAGATAGAACTGAGCAGAATGGAAGCTAGCGCCTGCTCAATCTGAAGGTGGCTCGGTCCTTGAGACGCAATCGGATGAGGCGACCGATCATCGAGAAGCTCAACTTGGCCCACTTCTTCCACTTCAGTTCCTCAGACTTGTCTGCGTGACCGCCAGGTGAAGACAAGGTGCATTTACCTAGTGGTAAACCATATCTGCCAAGCATAGCTCCCTGCAAGAGTGGAAGTCACAGTCGAATTCTAGAATGGAGCGGGCCTAATAGCATTTCCTTTGCCTAGATGCCGTTTGGGCCCGTAGGGTTCCTGCTGCACGCACTGTTCCCAAACCATCCCCGGCATCTTGCCTAATGCCCGCCTTATACGTAACCCTTTTGGCCAGTGAGACTTACGCTGCCGGAGGATCTTGCGATGGCTGCCTTGTTACCTCATACCACGCTCGATCTGGCTAGGCGTTGGGAGTTTGAAAAACACGGTAAAGCCACCCACCCCTTAACCGTAACGATACCGAATCGCGCCTACACCATACCGCACCGTACCTTGTTTGTCGTTGGTGAGCACCTGTTTCCTTAGGGGGCAGTTCGGGAGGGCGACTCAGCGACGCCAAGATGCGGTTCGAGACAGATCCATCGAATTTGCTGCGGAAGCTCAAGCGAATCGACCTTCACCCTTTTTCAGAATCGACAGTCAATACACGCCTTACAAATTCTCAGGAGCGATCTATGACGCATCAAGTTTGCAACTTCAGTTTTCGGACGGCCTTGGCGGGAATACTTCTCATCGCGCTGATAGCTGTGGGGATCTCGGCACGAGCATTTGGCCAGGGCGATCCAACCACAGCGAGCCTCAGAGGAACGATCACGGATCCAAGCGGTGCTCGCATCAACCAGGCGACGATAGTTATCAGCAGTTCCGAGAAGAGCATCACCAGAACGATGCAGGCTGATTCGCAGGGTGGCTTTTCGTTCGGGCTGCTTCCGCCGTCCACATATTCGCTGAGCATAGAGGCGAAAGGCTTCAAGGGGTATAAGCAGACTGGCATCACGCTCGACGCAGGACAGGCGGCGACACAAGACGTGTCGCTGACCGTCGGCGGGCAGCAGGAACAGATCGTGATTACCTCCGAAGCCCCCTTGTTGCAGACGTCCAACTCGAACATTTCTACCGATGTCGATGCGAAACAGATAGTAGAACTGCCCCTCAACCTGCGCAATATCATAGGTTTAACGACACTAAATTCCTCGGTCAACAACACCACTGAGAGTCAATCGCTCTTTGGCGGGAGCGCAGCCACGAACGGAAATGCTGACCAGGACATCTCGTTCTTGAACTTCTCAGGCGGGTTCTTTGGTACCTCGGCCTTCATGCTCGACGGCGTCTGGGATACGTCCGGCGACTGGGGCGCTTCGATCTATGTGCCGTCTGTCGACGCAGTTCAGGAATTCAAGGTTCAGAACAATTCATTTACTGCTCAATATGGTTGGAGCACCGGCAACGTCGTCGATGTTGTGACCAAGTCCGGAACGAGCCAGTTCCACGGGAGCGCATACGAGTTTTATCGCAACTCTGCCATGGACGCCAATTTGTGGTTCGCTAACCACAACGGTCAACCGAAGCCCGACTTCGACCGTAACCAGTATGGCGTGTCCGCGGGTGGCCCGCTCTACCTTCCCAAAATCTATAAACAGACTAACAAGACCTTCATTTTTGGTCTCTATGAGCGGCTCAAGAGCGCCACGCCTTCTTTGTCAACTGACACGGTTCCACCTGCCGCATTCCTCGCCGGGGACCTCTCCGCTTTGCTGGGCGCTCAGGTCGGGGTTGACGGCCTCGGGCGTCCAATCCTCTCTGGCCAAATTTATGATCCCAACAGCGCGCGGCAGATCACGGCAGGAACGGTCGATCCAAAAACCGGATTAGCCGCGACTCAGACTGGATATATCAGAGATCCAGTTCCCGGCAACAATGTTGCGG
CP030840.1_gap81	3193927	3196663	2736	CAAGAAAGGCCGTGCCCAACAGCACTGGATACCGATGAAAAGCGACGAAGGCCCAGCACCACGCCGCCAGATTGAAGGTTACTAGCAGGATGTATAAGCCGATCACTTTGAATTTGGTGTTAGCCGGTTCGTCATTGACGAGAGACCGTAGAAATGACGGCATTAGATTCCTTCAAGATGTTCGGGGAACGTGTTGATAGACGCACTTCTAAAAGGCGCCGATTAAAGAAACTCCGTTTGACCGGCTCGCATTCTCCTTACCACTGTGCCAGTACTTTCAGATAAGCCTGAACCATAGGTCCATGATTCAGTAATAATTCACATGCTCGCGGATAACGACCAGTTGCTTCTGCAGCCTTTACCGCCAGAGCTACCGACCGGTCCGTCTGACGATTGGCCAGATTCTGTTCCGCGAGAAGCCATGCTCTTTCCGGATCGTCCCCAGGCCCAAGATAGAACTCCGCGGCATGATCTGCGAATCCCAGAGGGTAGCGGACCAACAGGGATTCAAATCGCTGCCGCGCACGTGAGATTTCCTCGTTTCTCTCTGTCATATTCCCATTCCGAACTTCCAAAACGCCTAAGAGTGCAAGGGCCTCCGGTTGATTCGTCGAACTTGCCACCCGCGAAATCCGTTCTCTTGCAGCAGCATAGTGACCCCGCGTCATTTCAAGTTTGGCCAGAGCTATATTCGCACTTGTGAACTCCGGCACATATGCGAGCGCCTGTTTGTACATCGCCTCTGCGCGTGTCGGATTCTGACCCTGCTCAGCCCACATCAGATCTCGCCCAAAGTAGATCCATGCGTAGGGGAACGGTAGAGTGGTATGCAGACCAGCCAGCGCCGCAGCGTACAAACGATCCGCCTCTGCGACCCGCCCCATCGACGCATAGGCCGTGGCCAGCGCACTTCTCGATGCAAAACTTGGATGATCCTTATGATCTCGCCTGAGTTGTGCAACAACTTCACTTGCGTGTCCTGTTGCGATCAGTACAGAGGCACGCATGGCCAAAATCTGGTCAAGCGGAACACCCCGTTGTTTTGCCGCCTCAAGATCGGAGAGAGCCTCTGCAAAGCGATGCACAGCAGCACGCGTCTGTGCACGCTTCATTAAGTCCTGAGAAGTTGCGAATCGGCTTTCCGCAAGTGTGCTTGCACGTTCGAGGGCGTCGTAATCCGCCAGGAACTCTTCTCTCAGAATGAGCAAGTCTTCGACGCCCGGACTATCACCCAACTCGGCAATCTGTTGATCGAGATTGGCGATCGCAATAATACTCGCAGTGGTGTCCGGCGCGGCGCTAACACGAGTCGTGTCACCTGCTGAAGCACACACGCACGAAGACAGCAGTATGGATACACTGCACAACTGAATGATTTTCATGGCTCCGCCAAAAATGGAAACTCGCTGGTTGAATGATGTTTGTCGTCCTGTTGCAGCCCATCGTCAAATCCGCTGGATGTGCCATTGGTCAGCAAGGATCGAAAGATGTTACTCGCGTTATAGTTGGGCGTTCTGCCTCCGCAGTCTTCGGGAAGCGCTCCAGGCGTGTCGAACGCCGAAAATTCGACCGCAAACAATTGAGTGCAGCTTGACGAGGAAGTGTTCACCCAGATTCGATCGTCGGCAAACAGCTTCGCCAAAGTTCTATGACGCTTGGATGGCTCCGCGTTCTTGTCGGCTAGCCACTGGTTTCCGCACGTCCCATCGAATCCGTCATAAAGGCTCAGATTTCTCTCGATATCCTTCGAGAATCGGCCCCAGCCTGTTCGTGAGACTCGGTTATACGCCTCTCTCCGCGCATAGCTAATGGCCTCCTGGTCAAGCGGGCCTCCGACTAGCCCGTTTTTTATAAGAGGACGCGCCGTGCGTTCGATGGCTTCGCCAAGCGCCGGCACCGCGGGATGCCTATCCATTCCATGCGCAATCTGGGCTGTGTGTCCGTGCGGCACACGGTGCACAGTTCCCCACACAGCGGCAAGCTTTCCTCCAGTCGCCACGACATCAAGATCGATCGAGATCACGATTGCAGACGTCTTCCATCCAGCAAGAAAGTTCGTGGCCGGTCGACCGGAGGTGTGGCGCCACGTATCGAGTATTGCTTGCGCTGTGGCTGGAGTGAAGTTCGGACAGCCCGCGCTATCGGCCGATGTTCCATTCTTAAGAGCAGCACCCGCAACGTTATATGCCTCTCGTGGGCCCTTTACGTTGTTGAAGAATGGATCGTCACGAAGACCGGCGAAGATTCGAAATGTGCGCTTCTCGCTTTCGAGCCCGGCGGCACTGTGTGCATCGCCGCGCACGTAGTCCTTTTTGCCGGCCCAGCATTCAACGTTATTGGCGACATCGAAGCGACACACGATCGTGGTGCTTGCCGTGGTCTTCCCGAACTGTTGCCCACTATCTACATGGAAGACGTACTGAAGCCGATTGGAAAATTGATGCGCAACGATATCCATCACCAGGTTGAGTCGCTTGCCGTCGGACGATGTCCAAGCATAGAGGTCACCGATGTCCGCCGCAGGGTCCGCGATCACAGTGGGCGTATCCAGGTGATCCGACGCGTGCACCTTCTCAAAGCCAATCATGCTGACGATTCCGACAAAAACCAAACAGACGCACAATCGACTTTCGATTGCATGAAGCATACGCATACTTATTCCCTTTCGCGGCGTCGCGGATACGATTAATTCAAAGACTCCAAAGAAATCGGGCCTCTTCGACAATCAGTTCCGGT
CP030840.1_gap82	3197703	3200380	2677	GCCCAGAAGGCACCTCCGACAGGATCCTTCCACAGGTCTCCCACTTCAATCAGTCGATCCCCGCCCCGGACCACACCGAAAAGTCACTAAAGAATGTGACAGCGATATCTGCTGACATCATGGCCTACTGGATAACCGGATCTCGGGCATTGAAGGAGAAGATCATGATGGAACGAACGTGCGCAGCGTGCGACTGCACGCTCGAAGGCGAGCCTATCAAGGTAACAATAGGCGGCAAGACAGTTGAAGTTTGCTGCGATGAGTGTGCCCTGAAACTGAATGAAGCTGCAGCGTCCGTCTCCGCGCAGGGAAGAAGGTGATCCGTGGGGACAACTATATCTTCAACAGTTCGTCGCAACATTGAGTTTCCTTCCGGGCGGATCAGCTATTCGGAGCGCGGGATTGGACCAGTTGCCCTCTTCGTGCACGGCGTGCTGTTGAACAGCTACCTCTGGCGTCATCAGTTGGACGGCTTGTCCGACATTCGACGCTGCATTGCTGTGGATCTGTTGGCGCATGGCGACACGGAGATCATCGAGAGTCAGGATGTATCGGTCACAGCCAATGCCAACATGCTGAGAGAGTTCCTCGATGCTTTGAAGATCGATCGGGTCGACCTTGTGGGAAACGATAGCGGCGGGGGTATCGCGCAAATTTTTGCCGCATTGAATCCTGAACGCGTCCGCAGCATGACACTCACCAATTGCGATACACACGACAATTGGCCGCCTGAAGCATTTAAGCCATTTCTGGAGATGGCAGCCGCAGGTGGCTTGGCCGAAACGCTCGACGCGATGTTATCGGATAAAAACGTTTACCGCTCACAGCAGGCGTTGGGGCCCGCCTACGAAAATCCCGAGCAAGTGAGCGACGACATAATCGAAAAATACCTTCGTCCGCTTATTCAAAACGAACAAAGGATATTTGATTTGCAGCGTTTCCTCGCGGCTTTCGACAACTGCTACACGGTAGCCGTTCAAGATCGATTGAAGAAATTGAACGCGCCAACACTCATAGTCTGGGGAACGGACGATGTGTATTTCGATGTGAAATGGTCACATTGGCTCGCCGACAACATTCCAGGTACGACGCGGCGTGTCGAGTTCAAAGACGCCAGAATCTTCTTTCCCGAGGAACGTTGGCAGGAATTCAACCAGGAGCTGCGGACGCATTGGCAGGCACAACAGTAGAGCGTCAGTTACGTCGCGGGAGTTCCGTAACTTCGCCAGAAGATCGAGGAAACGAGATGAACGGACAAATCCAAAAAGCTGATCAATTTCGTGCACTTCACATCCCAGGGAAGCCTCTCGTGCTTTTTAACGTCTGGGACGCAGGAAGTGCCCGGGCAGTCGCCAAGGCTGGTGCGAAGGCGATCGCGACAGGCAGTTGGTCGGTGGCGCACGCGAATGGATTTGAAGACGGGGAACAGACGCCGCTTGACCTTGCAATCGACAATCTTCGGCGCATCGTCTCTGCGACACATCTGCCAGTGTCTATCGACTTGGAGGGAGGTTATGGCACTACAGCAGATAAGGTAGGCACCACTGTCCGCCTCGCAATCGACGGAGGAGCTGTAGGTTGCAATTTGGAAGACAGCCTTCCAGGGAGCGGCGAACTTCGGACCTCAGTCGACCAGGCGGATCGAATCCAAAGCGCGCGTCGTACAGCAGAAGATGCAGAGATTGACTTTTTCATCAATGCTCGAAGCGATATCTTTTTTCGACAACCGGCCGACCTGCATGACCAGGCAATGATCTTAGAGGCCGTTGAGCGAGCCCACGCTTATGCAGAAGCTGGCGCGGATGGGCTTTTCGTGCCCGGTCTTGCCGACCTCGCGCTGATTGCGCGGGCTTGTGGAAGCTTCGCCGCTTCCCATCAATATCATGTTGGGCGACTTCACGTCGCCTTTGAGCGCCTTGGCTGAGCAAGGTGTCGCAAGAATAAGCTTCGGACCGCACCCATACCTGCTCGCGATGAAAGTATTAGAAGGAGCGGCACGCGAGGCACACCTCGGATGTCGATCCAGCACATGAATCATAGTTTGCGGTTATTCGTCGATAGGCTCAATACTCCGATCGGCCAGATGCTGATCGTCACCGATCTCGAAGGTTACTTGCGAGCCGTCGATTGGGCAGATTACGAGACCCGTATGAATCGTCTTTTGCGTGTTCACTACGGCACAGACGGACTTAGCCTTGAATCGACGCGCGCGCCGAATGGTATGACGGACGCAATAAGCAAGTACTTCCAGGGAGATCTTGCCGCCATCGACACTTTGCCGGTGAAAACAGGCGGAACGCCTTTTCAGAGCGATGTATGGCGGGCCTTGCGAGACATTCCATGCGGAACAACAGTCTCTTACTCGAATCTCGCCAAAGAAATTGGCCGGCCCTCAGCTGTCAGGGCGGTTGGCTCGGCCAATGGTTCCAATCCAGTGGGAGTCGTCGTCCCGTGTCATCGCGTGATCGGGACCGACGGCTCGCTGACCGGGTATGGCGGTGGAATCGAACGCAAATTGTGGCTCCTGAATCACGAAGCCGGCGTTCGGCGATGAAACGACATAATGGAAATACGTGGTCACAAAGTTGATACGCGACTCAACGCGTCGATAGTGTCATCAGGACAAACGCGCTACTTCGCGGTTGACGTCTTCTGGCACAAGCATTGATCGATCCAA
CP030840.1_gap83	3236039	3240770	4731	CAAGCGGCTTGACACCGCTTCGGGTTGCTCCTCCATGACATAGTGGCCGCAATCCTCAATTGCGCCACCTTCAACGTGGACTGCGAGCGCCTCCATCGACTTGCGTAAACGATCTCCCATGGCAATTTGTCCCCCAAGCGCGAGCACTGGCATCCCCAGTTTTGTCTTGGCAAATTCGATATTTTGAAGCGCACTCTTAGCGGCTTCCCGGTAGTAGGCGAAGCCTCGAGTCATTGCCCCGGGTTTGGAGTAGCACTCCACGTAATGGTCGCGCTTGGCCTGCGTAATCCGTTCCGGGTGTTGAGCCTTGTGCTGGATGAGCCACTCGAACAGTTCCCGCTCGCGGCCCTGGGTGAGTACCTCTGGCAGCTCTGGCAACGTGTTGAAGCAGAGTTGCCAGAGTTTTATGTTGACCTCGGGCGGGAGAGGAAAGCTCTGCGGTGGGGTCAGACCTGGGAGAGCGGAATCGAGCAACGTCAGGCTGCGGATGCGCTCGGGAAATTGCGCTGCCCAGGCGTAAGCAATCCAGGCTCCGACATCATGGCTGACGAGGTGAATCGATTGCGGCATGAACGAGCGGACTGCATTTTCGAGCTGCCTGCTGATGCTGCCGGTGTCGTAGCCTTGGGTCGACTCGACAGAGTCACCCAGTCCGGGAGGGCCAACTGCGAGTACATGATGCCTCGCCGCGAGGAAAGGTAGGACTTCGTCATAGGCCCTGGCCGATTCAGGCCAGCCGGGCACCAGGACCACTGGAGTGCCCGAACCGGCAACAAGTGCATGAGATCCATTTCCAAGTGTCATTCGTTGTGAAGTCTGTGTCATATGGAGACCAGCTTTCTTTTGGTTGACTTGCGTCTTCGGTTTATTCCGCTCCGCCAATGCCGGGGTGCCGGCCGGATACCCTTGCGTTGCGCGGTTCTGAGCGACGCATTCGCTGCTCCCCCAGAACTTCGAATTTACAATTGTTCGGTTCGAACTACAGCATGCCGTTCTTGTTTTTCGATTCCTTTTCAGGCGGAATCTCTTCGAGGAATCCCCATCGCTCAGCGATCTTCCCCTCTTCAACTCGATATAGGTCGATGTAGACGCAAGGGGTGCTCTTATGCGATCCCCTGGCGGCTATGAAAACGAAGTCTCCCTGTCCAAGCAAGAACCTGATCTCGTCGATGCTTCTGTGTTTAACGAGTTCTTCCAGGTCACGTTTGAAGTTTTCGACTCCATCGCGAACGCCGGGCTCGTGGCGGATGCAATGATCTCCAGAAAAATACTGAGGAATTTTACTGTGATCGCCAGAGACGTGAATGGTCTCGTAGTATTCCCGGACAATCGACTTGCTCTTGTCGGTGTCCTCGGACAGTTTTACCTCAGTGGGCCCGTCGGTCTGAGTATGTCCGCTGCAGTTGGGTGGAGCGTCCATGGTGGAGAAAGCCCAGTGCTCGACAACCAAGCCGTCCTCAAACCTGAAAATGTCGAAGAAGACGTTCCGTCCGGATCGCTCCCCCTTAGCCTGGGTAACGACATAGGGGCCATCCTGGAATGCCCGCACCACGCTCAGTTGCAGTTGGTCACGCGGCGACTGACTGATGAATTGCACCAGTCCGTCCACACCGTCGGTCGCATACGGATTGTGTTGCACAAATCGCTTGTGGTCGATGCGCTGCGTCGCGAGGTTTACATCCCCGGCGCTGATGCCGCGAAATATCGTCAAAACTTTCTCGATGTCCGTTTCCGCCATTGTCTTATCTCCTTTAGCCAAGGACTGGGGACCCTCGGCGGTGATGGTTTATGTCCCCATGTTGGCAGTATCCGCATTGTGGCCGGACTTCCCCACTAATCCTGCGCTTGTCGGACAGTCAAAGTTGTGCAGTTTCGTACACATCTTGATGATGTTCCGCCTATACCGCACCTGCGGCTGGACCGTTTCGGCGTACATGAATCGAAATGCGTGAAGACCCACGCGAGCATGTGTGTGCAATGGAGCACAGTTTTCGAAATACGGACAGGGAAAGCTGTGCACTGTGCGGCGGAGGCGAGCGGAATGCCAACAAAATTGATGAAGGCGGTTCGGCAACACGAATCCGGCGGGCCTGAGGTACTGTGTTACGAGGACGCACCGATCCAGAGCTGAAGCCGGGTGAGTTGCTTGTCCACGTTCATGCGGTGGGCATGAACCCCCCGGACTGGTATCTGCGCGATGGATATAAGACGCTTCCTCCTGAGTGGCAGCCGAAGGTGTCCTTTCCGCTCATTGTTGGAACGGACGTGTCCGGTGTTGTCGAGGCGGTTGCTGGTAATGTGAACGGCTTCTCCATCAGTGACGAGGTTTACTCCATGGTCCGCTTTCCCAGCGGCTTTGCTGGGGACAGTAAGGCCTATGCCGAGTTCGTCACGGTGTCAGCGTCGGAAGTTGCGCTGAAGCCGGAAGGCATCGACCACGTACATGCTGCTGGAGCGCCGATGTCGTTGCTCACTGCGTGGCAGTACATGATCGAACTCGGGCACGATGTGAAGAACCCGCTTCAGCTGCACAAGCATGAGCCGGTACCACTTGAAGGCAAGACTGTTCTCGTCAACGGGGCCGCAGGCGGCGTGGGTCACTTCGCAGTGCAACTAGCGAAGTGGAAGGGCGCGAGAGTCATCGCAGTAGCGTCCGGCAAGAACGAGAAATTCCTGCCGCGAACTCGGCGCGGACAAATTCATCGACTACACCAAGATCAGGCCCGAAGATGTTGTCCGTGATGTCGATCTCGTGATCGACGCGGTGGGTGGCTCAACCTCAGGCCGTTTCCTGCGCACTCTTAAGCGTGGCGGCGCTCTCTTCCCAATCTTTCCGTTGGGTTTTTCTGGGGCGGAGGAAGCCGAAAGGCTGGGTGTCACGGTCTCAGCGACTCAAGTGAACTCGAGCGGGTCGCAGCTCACGGAACTCGCGCGCCTGCTTGATGCCGGGACGGTTCGCGTCGCGATCGACAGCACTTATCCACTTGCCGAAGCCCGCAAGGCGCACGAAAAGGCCGCGCGTGGGCACACCCAGGGGAAGATAATCCTCACTGTCGCATAAAGACGATCGAAATACCCGCTAGGTCGTGGAAGTTTTAGGCGTACCGAGTACAAACCGGAGGGAAGAATGAAAGTTGCATTCTCTTTTAGTCCGCTCCGCCGATACCTGGGTGCCGGCCGGGTATCCATTGCACGCGCACGACCAGCTTGTTTCCTTGAGGACGATTGAGCGCCCCGAACTCGTGATAACCGTTGACATAGAACATCGTTTGCCCATGATCCCAGACAAGGCCCGGACCGAGCGAACCGACCTGTTCGGGCGATCCGTGTAGTTTGGCACCGTCGAGCTTGGGATCAGTAAATTGTTTCAGGAAGTAACCATTGGCGCCAAGCCAAAGGCCATGAGCCAGCCCAAAGGCAACGGTCGCATTAAAGTGGGCGGCTTGTCCCGCCTGGGTCGAATGAGCCTTGGTTTGGATAGGTGGCGAGTTATTCACTCCGTTGTAGAGATAGTGCGTCCGCCAGCTCGTCTCGATCCTGCGCACGGGGAAATATGTGAAGGCATAATAAGGATGGACGGTAAAGGCATGACTGCTAAGGCTTGTGGGAAGCGTCTGACTGTATTCTCCGACGGGAACTTCGAAGTCTAGAACAAAGCGTTGGTTCAGCAGCGTGGGGCCGAACTTCTGCTGTTTCCATTGCAGAATGAGCGGTGAAAGGGTCAGGTCACCGAAGCCACCAATAGCGCCGGGTGCTCCCCCATTCACGTGAGCAGCGGTAACGATGACTTCGGTGCCATACCACGCACCGAGTAAATGGTGCTTCGTGAGTACAATTCCGTGGGTTAAGCTGCTGATGCTGTTTACAGCAGGTGCTGTGCCGAGAGCCTGGCCCATTCCGTTGGTAGTTAAACCGCTATGGTAGGCATCGCCGATTTGCTCAAGCAGGACACCCGGCCCTCCCAAGGCATCTAGAAAACTCGTGTCGCCAAGATTCACCGTTGGCTCCGGTGGATGCATTTGGGCGAGGCCTGTGCCCGATGAAAGCAGTAGTACCATGAAAACGTTCTTGAGCACAGACTTCAATGCAGACTCGCCTTTCTCTTCTACAGCTTCACCGGCCCTACCGGTCATTCGTTGCGCGTGCCATTCGAGTACTGGGGTTCAAGGACTTCCGGTCGGAGGTTATGGGGCAATCTGTTGCCCGATTCGCTCGTCGAAAGGGCTGGCAAGCGTTGGCAAAAGATCACTGCGAAACCGCTTGTACTGCGCACCATTTCTGAAAGCACTCAGCTCTTCGGCACTACGCCAGACCTCGACAAGCATGAGGTGGTTTGGTCGTCCTTCTTCCCTTACCAAAACCGATTCCATGCAGCCAGGTTCCCGTCTCGCAATCAAGGCTTCTTTGACAAGCAATGACGTCCCGCCAGCTGAGTTAGTTGGATCTAAATCGACGTAAATCACGACGTGAGACTCGACAGTAGATGCCCATGATTTCTGCGCCTGTGAGAAGAGAGGAACCAGCAAAACGACCGGCATGACAGCAGCGATGACGCGCTTCGTCCGCTCACCGCACAAAACCCGAACAAGCAGGAGAGCAGTCGCGGATGTCTTCACGCAACACCTGAGCTGAACCGTGGGATCATGACAGCGGCATTCCTGTTGATAGCCTGAAGCAGATCCGCTTTACCTGCTGCGGATTTGTCAAGGTTGGCGGTGAAGGTTTTACATA
CP030840.1_gap84	3248638	3250018	1380	CTACGTCCATCAGGAAGAGTTTGATCTTGCGAGCACGGTCAAGTATCTCTGCGGACGGGACTATTAGTGATTTTTCAGCCATCTCGGTTAGTGCTCCTTTTCGTGGATTTGGTGTGCGAAACGGCGTTGCTATGGTCAGTCTCGCCTGGTCGAGGTTTGAACAGAGATCACGGTACAATTCTCCCGTCTGTGCGCTCGTGCCGGACGTAGGCAACTCTGACCTTTTCGTAAGTGGCCTGTAGCGCATCCAATTCAAGATCGCTCAGGTTTTCGATATCGATCATCTTATTGCGAGCCTTGTCGATAGCGCGGATCAGCTCGTTGAGCTTGAGGTTGATCGCCTTCGCGTCACGGTTCTGCGTGTTCTGAATCAAGAACACCATCAGAAACGTAACGATGGTTGTGCCCGTATTGATGATGAGTTGCCAAGTGTCTGAGAAGTGGAACAGAGGACCAGTGGCACCCCAGATCACGATGATTGAGCCTGCTCCAGCAAAGGCCCATTTCGAGCCAAGGCAGCTCGAGGTGTGCGCTGCAAGGCGTCCGAACCAATCATTTGTGGTGCGCGACGTAACCTCACGTGGCGTTTCGCTCTTCATCGGTCGCTGAGAATCGCTCATAAGCCTCCTCTATCCGGCGTTACTGAAAGAGTCACGCGTGCGAGTCCGTTCCATCAGGGCTTGAGAGCCGTCCGGACTGCGTCAGCTTCCAATGGTTCAGACACGGCTGTCAGGGCGGAACAGCTTCCGGCCCCTCTTAAACTCGGTCGCGCCCCGGCGCAGATGAATATACCGACGAAGTCGTTGGCGTCGCCGTCTTCGGGGTTCCATGTTTCTTTGCGAAGAACAGAAAATACAACACGAAAAGCACTACCAAGATTAAGGCGGCGATACAAATACCAAAGAAGAACTTGTTGAAGTTTTTTGTTATGAAAGGACTTCCGGCGGCTGGCGGTAGCTTGTCTTTGGGCATTGAGCACTCCTTCGGTTCGCATTCTTCATGTTGTGGAGAAGCGCACAACGCGCTCCACTGCAGATCGCAGATGGGGTCCGAACTCAATGTGCACCACTCGACCTCGATACCGATCCTCGCCCCGCGTCTGCAATCGACCCAATTCATTATCGTACTTGACGTTACGATATGGTGAGCATATAACATACCCCGGAACACGTCTATGCGTGAATCGAGATGAGGTGACCCGTCTCAAAGTACGGGCCCAGTGAGGCGACGTCTAGAACGATCTTGCGCCGACCGCCGAAACTAGCCGATCTAACCGGAAGTTTGTTCAATTTGGGGTGACCACAGCAAACGTCGAAAATCGTACGCTAGCAACCTGTGACAATGCGGGGCGGATTGGCTAGAAGCGCGCTTAGCACCTAT
CP030840.1_gap85	3251095	3255571	4476	TCCGTAACAGTTTCGGTTTACCACCAATTGTGACTGGCGACGCACAAACTAGAGCGTGGGTCCGTGGTGCTGTTGCCGTATACCTGGACGGGTATCGGACAAAGCTGCCAACGAGGTCATCCAAGAAGCGTTCTGTCGATGGGCTTTCTTCGCGGAAAGGACTTTGAGAGACACATACCGGCACATCGTCAGGCCTCCGTCATTTCTCGAAGGTTCTTGAGTAGGTCCGTTGGGTGGACGGGCTTAGAAAGAAGACGGAATTGATGTCCTAATCCGCTCGCCTTGATCAGCAGTTCTGCTGCGGAGGCGGCGCCAGAGAAAAGCAGGATCTTGCAGGACGGATACCTCTGCTTGATCTGGACAGCCAAGTCAACGCCAGAAAGCCCCGGCATCATCACATCCGAGATCACGACGTGAGGCATCTCCTCGTCTAATTGTTCTAACAATTCCAAAGGATTCTTGAAAGAGGAGACCGCAAAGCCGTCCTGACGAAGAATGACCTGGAGTGTGCGTGCGATGATAGGCTCGTCATCCACAACGAAGATTCTAATCTCAGCAGTGTTCATCGCGCATCCTCACAGTTTGGTAAGGCGTATAAGCTAGATCGAGATGATATCGTACGTGGTATTACGATAACGTAGATACATAACATGTTCATGGACGCAGCCACGCGGTTTCTAGCGTCTATGGAAGAAAATCGGATTCTTAGGGCGGCGGCCTGCCCTCCCGTGAAGACAATGCGAACGCGTTGTCTTCGCTAACGACCTTCCCGTTACACGTGCATTGGCAGAGCTTAGCAAACGCGTTCGTCGCTTTCGATGAGTTGATCCGATAGATCAGACACTATTCGACGATGCTTCAGTATTAAGTCGAGACTGGGGAAACGTATAGAACGATTTTGCTGTAAACCGTGCCGCACAGACTCGCATGAGCAGAAGGTTTCCCGCGCGGATCAAAAGTCCGAGAGGTGGCGTAAGAAGCCGAGATCCTTCGGACGGAACCAACGATAGCCGTACGGCTCGAGCAGAATACAGTGGTTTGCATCTGCACCAGGGTGGCTATGGTCATCGGAGATCAGGTTGATCAATGGTTTTGGCTCCGCTTCCGGATTCGGATCTGGACGGAAGTTGATCTCGATGGGATCACCTGCCAGGTTGTGAATGGTTAGAAGGGTGCTGTTGCGCCATTTGTAGCGAAGGATCAGGATCTCATTTCGCCCACTGGGCAGAATGTCGAAGTCGCCCCATCCAACCTCAGGCGTTTCCTTCCGCATCCGGATCATGCGTTCCATCCAATTCATCAGGGCGTCCGGATCGCGGCGCTGAGCTGCGACATTTACATGCTCGTAGCCGTACGGGCCGCCGCCGATGACCGGGTTCTTGGGATGCGGATGGTCGGTGAAGCCGCCGTTTACCTCATCGGTCCACTGCATGGGAGTGCGGGCGCAGGTCCGCTCGGGAAGGGCCAGGTTGTCGCCCATTCCGATTTCGTCGCCGTAACGCAGCACGGGCGTGCCGGGCATCGAGAACATCAAGCTGTAGGCAAGTTCAATCCGACGACGATCGCCGTGCAACATCGGCACCAGGCGACGACGGATGCCCCGGCCATAAAGCTGCATGGTCGGGTCGGGCGCAAAAGCCTCGAAGACGGTGGCTCGCTGCTCGTCTGTCAAGCGGCCCAAGTCGAGTTCGTCGTGATTGCGGAGGAAATGGCTCCATTGTGCGCTGGAAGGACGCGGCTTCGTTTCGGTAAGCGCCTCCTGGAGCGGTCGGCTGTCACAACTGGCTAGAGCGTAAAACAGGCGCTGATTGACGGCGAAGTTGAACATCATTTGCAGACGCTCCCCCACATCGCCGAAGTAATTAAGATCGTCGCCGGGTAGCACGTTCGCCTCGGCCAGCACGATAGCATCTCCCTTGCGCCATGAGAGGAATTGGGAGAACACCCGAAGCATGTCGTACTGCTCAATCGGTGTTTCGATTTCAGCGCCCTTGGTTGAGATCACAAACGGAACTGCGTCCATGCGAAATCCTGCGACGCCGAGCTGCATCCAGAAGCCCATGATCTTTAGAATTTCCGCCTGCACCGCGGGGTTGGCGGTGTTCAAATCGGGCTGAAAATCATAGAAGCGATGGAAGAAGTATTCGCCGGATGTTTTGTCCAGGGTCCAGGTGGACTCTTGTACGCCGGGAAAAACCACACCGGACTCCGCGTTTTTCGGCTTGGTCTTCGACCAGACGTACCAGTCGCGATAGGACGAATCTTTGCTTTTGCAAGCTGCTTGAAACCAAGGGTGCTGGTCTGAGGTGTGATTGACGACCAGGTCAATGAGAACTCGAAGACCGTGCTGTTCGCAGGCGTTGGTGAACTCAACAAAATCGCCGAGTGTGCCATAACGGGGATCGACATTGTAGTAATCCGCAATATCATAACCGTCGTCCCTACCCGGCGAAGGTTGGAACGGCATGAGCCAGATGCAAGTGACGCCGAGCCCTTGGAGGTAACTCAACCGGCGCATTAGACCGCGGAAATCCCCGATACCGTCGGCGTTGGTGTCGAGGTAGCTGCCTACGGAGACGCAATAGATAAAGGCATCTTTGTACCAAAGATCAATAGTCATTAAGCGTTGCGGGCGACCCCTCTTGTGAATGTATAACGTCTGCTGAGAACCCAGCCTGGAAATGCATTGTCGAGTACCTTCTCCTGCGAAGTCAGACTCGCATGATGACGACGTGACATGTATGTCGGCATGTCACGTCTGCCGATTCTCAGGTCTTACCAGAGTGTCACGGCGGATATCGTCGGCGTCTGAAATTTCCTCCGCAGCCTTCGAGCATACGTCCCTGTCAAACACGGCCGTGTTTTTGAGGACCAGAGAATCTATGAAGGAAAACAGGGCTTCTTTGACTGCAAGTTCATCCCGGAACCTTTTTGCAGCATGGTCTACAGCAAAATCGTTCTATACGCCGTCGAGCGGGAGATTTGATACTGAAGCACCGTCGAGAACCGTGCGGAGTGAAGGTTCGGCAAGCCGCATGAAAATACAGCATACCTTTACGGGCGGGCTGTAGACCTGTTAAATCCGGAAGCTGTGGATTACAAAGCGAAGAAGTGGGCCCTCCGTTCCTTGGTAATTTCGCTTCCGCTTCCTGCATCAGCCAATCAGGCGGCCTTGGCGGTCGAAAGCACACACATATGCTATCGTAACCGTGAGTACGATAACGGAGACTATAGCACGTGGTGAGTAGGTAACCAGGCAACATAAGGAGCCGGGATGGAACAGGTACTAGTCATAGGCGCGGGGCCAGTGGGTCTTACATGCGCGGCCAAGCTTGCGAGATATGGGGTGCACGTGCGGATCATTGACAGAAGCCCGCACCAATCCACTGAATCTAAAGCTCTCGCCATCTGGAGCCGCACGCTTGAGTTGATGGACCGGATGGGCTGCACACCCGCTTTTCTCGAGAATGGTCTTCATTGTCACGGTGCCTCCTTCCATAACGGCAAGACTGTTCTGGGGCATCACAGGTTTGATAATGTCGCAAGTCCCTACAACTTCGGTCTTATGATCCCCCAAGTCGACACGGAACGACTTCTGATCGAGCACCTTCAGTCTTTTGGGGTCACGGTGGAGCGACAAGTAGAGCTGACCCTCTTCGGGGAGGCGCCGGACCACGTAGAAGCGCGGCTGAAGCATGCTGACGGTCATGAGGAGGCTGTGCAGACGTCATGGTTGATTGGCTGTGACGGTGCGCATAGCACGCTGCGGAATGGATTGGGTTTTTCATTCGAAGGCGTGACCGACCCTAGCGACTGGCTGCTTGCCGACATCCGCCTGGAGGGCGATCATCAAACGCCAAGCGATCAAATCGCAGCGTTCCTGCATCCCGATGGACCGTTTGCTTTGTTTCCAATGGCCAAAGGACGAACGCGGATCATTGCCGGTTTTTCCAAGTCATCGGGGGGCAAATCCAAGCCGAATCCGACATTGCAAGACGTACAAGACTTGACAGATAAGCGCGTAGGACGCGGCTGGCTCGTGACCGATCCCGTCTGGCTGGCCAACTTCTACATCAATGAACGCAAAGTGTCTGAATACTCGAAAGGGCGCATTTTTCTGGCCGGCGACGCCGCTCACATACACAGTCCTGCGGGCGGCCAGGGCATGAACACCGGTATGCAGGACTCAATCAATTTGGCCTGGAAGTTGGCGTTGGTTGTCCGGGAAGAGGCGTCTCCTCGATTGCTCGATACTTACACACCGGAACGGAGCGAGGTCGGCGCAAAGGTCCTGCATAATGCCACACTAATGACGGAACTGGGCACGCTCAAAAGCCCGATTGCACAGGCTACGCGTGATGCGGTCATGCGCTTCATGTTCGGCTTTCACAGCGTACAGGAGCGGGAGGCGACGTCCTTTACCGAAATTGAGCTCGATTACAGCCAAGGCCTCCTGACGGTCGGCGCTCGTGCGGG
CP030840.1_gap86	3284778	3289692	4914	GCGGCGCGCCTTTGTCCGGAAGCCGTATTTGTGCCTCCGGACTTTACGCGTTATAAGGCCGTGTCAGAAGCTGTGCACGAGATCTTTGGCAGGCACACTGACTCGATCGAACCCCTCTCCCTTGACGAAGCGTATCTCGACGTAACTAAGAACAAATTGGGTTTGCCGACCGCGACTCTCGTGGCAAAGGCGATACGGCAACAGATTCGAGAGGAGCTCAATCTCACAGCTTCGGCAGGCATCGCCCCGAACAAGTTCTTGGCAAAGATCGCCTCGGATTGGAGGAAACCGAATGGACAATTTGTCATTCAGCCACATGAAGTCCAAGCATTGCTTCTGCCTTTGCCGGTGGGTCGTGTTCCTGGGGTAGGAAAAGTGACGGAGGCTCGCATGGCGCAAGTTGGGATAAAGACCGTCGGCGATATCTTTGCGATGATGATGCCCACTCTCGAAGAGCACTTTGGCCGATATGGTCAACGGCTTTACGAATTGGCACGCGGAATCGATCATAATCCGGTGGTATCAGATCGTGTTCGCAAACAAGTCTCCGCGGAGGATACATTCCCGGATGATCTTCTTCTCGATCAATGCGAAACCCACATTCGTCGTCTCGTTGAGAAGGTTTGGAATGCCTCGCACCACAATGCGCGAGCAGCGAAAACCATCGGGTTAAAGCTGAAGACGAAAGAGTTTACTTCTCTTACTCGCAGCATCACTCCGCCTGTGGCGCCGGTTTCCCTTGAGGAGTTCACGAAGATCGCCCTCTCATTGCGCGAGCGAGTAGGTTGCGCCCCGGACCAACTGTTTCGCTTAGTCGGCGTAGGCCTGAGCAATTTTCAGATAGACGCCGAACCGGTGCCGCCGCTTTTCGAAGATGCTGCGCCGAATGACCAATCAGCCTTTCTGGCATCCAACGGATGACTCTATGCCCACAAAAACGACCACAAACTCCCACCGTCGCACAAAGCCCGTCTCCGCGCCACCATCTACCGCTTACCACAGGCTCGACGCACTGCTTCAAACGGTGCGCTGTATCGCGCAACACGAGGACGCCCTGTGCGAACTCTCCCATGAGCTGAAGCGAACAGGTCAGTTATCTCCGGAGTTACGCGACGAGGTCGGAGATCTCCTCGATAAGATTCCCTTTCACGATTTCCAACTGGATCTCGACGCTGCAAGAGGAGAGCTCAACGTATGGCGTGCGTCGACCTCCTCCCATGCCAAGAAGTCCGCCAAATCGCTCACAAAACGCAAGCGTCCCATGATTGCCAAGAAGAGATCCGGGAGGGCGTCATCGAAATAGCTAGCTGGAACGTAAATTCGATTCGCGCACGTGCGGAACACGTCAAAGCGTGGCTGGAGGCGAAGAAGCCCGACGTACTCCTGCTACAGGAACTGAAAGGCACGGAGTTTCCCTCTGCCCTGTTCAAGGAGCAGGGATACTATTCGGCGTCCGTCACACAGAAGACTTACAACGGTGTCGCGATCCTCTCGCGCAGCCCTATCGAGACTTTGAGCACCACATTGCTTGGAGATGAATCGGACAGTCATGCTCGCTTCCTCGAAGTGCTCATCGAGGGCGTACGGATCGTAAACATCTATCTGCCGAACGGAAACCCGATCGGAACAGCAAAGTTCGACTACAAGCTGTCCTGCATGGATCGTCTTACGCAGCAGATGAAGCACTGGTTGAAAAGCGATGTTCCGACAGTCATTGGCGGCGACTTCAACGTCATTCCAGAGGACATCGATTGCCATAAACCGTCATCCTGGATTCACGACGCCCTCTTTCAACCAGAACCGCGCGCCCGTTACCGAGCGATGCTTGAGCTTGGCTACATTGACACGTTCCGATCCTTGCATCCGGGCGAAGGAGGCCAGTTCACTTTTTGGGACTACTTCCGTCAAGCGTTCGAACATAATCGCGGTATTCGGATTGACCACTTCCTTGTCACCCCAGACCTGCTGAAGCGGCTCGAAGGTTGTGAAATCGATAAAGGACCTCGAGCTTTAGAGAAACCTTCAGACCATACTCCGATCGTGCTGCACCTGGAGTAACCGTCCTGTCCGCTCATTTAGTGAGGTTCGGGACAAGTGACTTCACTGTTTCCAATAATGGTATTTGTTCAGCGCGGATCGACTCCCGGGCACGATCTAAGCGGAACCATTCTCCACGATCAATCTCAGGAATCTCGATGCGTTTTCCTGAATGCGGCGGCCATTCGATCTCACAGGTGTTGCTAACGAGTCCCGCAGGGTCGCAGTCGCCCTCGAAGGCCCACGCTACGATAACCTTGCCGCTCTTCTGCCTCACTGAGCCAAGCTCTAAGAACGGGCCGGCTACTTCGAATCCGGTTTCCTCGCGGAATTCACGGATGGCTGCCTCGAGCGGCTCCTCAGAGGAATCGTACTCGCCTTTCGGGATGGTCCAGGAACCTTCGCTCTTCTTTGACCAGTATGGTCCGCCGGGATGAACGAGGAAGACATTCAAGTGCCCATCACGAATTCGATACATGAGGAGGCCCGCGCTCCGCTTCGACATCGACCTCATCTCTTAGGCAGCGACCTGATGCACGTAAAAGGGAGTTTCCTTGTCCGATAGAATCTGGTCCAATCGCTCTCTACTAAGGTGCGTCGGGGAAAGCCATTCGGACAAAAAGCGTTCTTGAAGAGTGATCACAGTGCGCTGATGTCCGGTAGCCGCGACTTCCGGCGTCGGTTCATCGGTGATTGCCGCGAAAGAGTACAAATCGGGAGAACCTGGTCTGCTCCATCTGTCCCACACACATGCAACAAGCATGTCTTGCGACGGATACGGATCGAATTCAAGCACAAGGTTCCTTTCCTTCTCGTCTGCCGAGAGTTCACGGTGCTCGTACAGGTGGAGCGGTACGTTCTCATAAAAGCCGCTACTGACCATGACAGCGTGGTTCCGACCGTACACCTTGCTCCAGTAATCATCGAGGCTGTCACGGCGGGCGTTGTAGGTCCCCGGGTAACGTCTGTCATATTCCGCTGGCTTGCCGGCGAGGCGGCACGTGTAGCGCATCGGACGAATGATTGTCTTTCCGTTTTCTGAAATAAGAACCGGCGCGTACATCATCGGAAAGATGCGCGCATCTTCGTTATTCGGCTCCGTCCTTCGAAGGTCAGCGAGCCGGTCCAGAAACATTTGGCTCTTGTTCGTGGCAATGCGGACGTCTTCTTTGGCCTTCTTGGTTTCCCTCTTGATAAGCGATTCCTGGGCGGTCGCTAGACGGCGTCTCTGGACGAAGACCTCATTTTCCCATTCCGATTTCTTGGTCTTTAGATATTGAGCGATATAGCCCGCCGTTTTTTTCTGCACATCGGTGGAGGGATTCTGGTAATTGCGCTGCAGGTCGCGGGCGACTTTGAGGTCCTCGCCCTCGGCGCGACGCTTGAATACGTCCTCAAACGACTCCCAGTCCACCTCCGCTCCGTGGTGACGAGAGAGTTCATCGAATCTTTGCTTTACTCGCGCAGAAAAGCACATACACACATTTTAGGACTTGAAGTCACTGGGCGGTGAATTTGACCCGAAAATGAGCTCATCATTGGTCATCGCCGCCGACAGCGAGCCCTTTACACCGGCACCAATCTTCCGACGGAGCCGTACCCGTTCGCGCGCGGAACTCGGGCCATTCAACCGGTTGATGAGAAGGTTGAACTATGGCTTCGCGTACCACAGCTGCAACTCAAGACGTCGAATCGAAGGGCAAGGAGGTGGCGACCCCGAAGGGGAAAGCAGTAATCGTCGGCTCCAGCTTGCTCTTCGGGATATTGCAAAGCATCTGCCCGGTCGTTGTCGCAATGAATGGATTGTGACTTGCCAGTGGAATAGGTTCACTGGCGATGTCTATTGGTCTTGGCGCCGCTCTGGAAAGCTTTCATCAGATTACCTGGCTCCGTGTCACGTTTCTTGTCGGTGCCCCGGCAGGATCAATCCTCATGCTCACTCTGGTGCTGCGTGACCGAAGACTTCGGGCACGCCCTGCTTCCCACTGGCGCATTCGGCCTCTTACAGTCGGTCAACGCCGAACTGAAATGTGGCGACTCACCCTGTCTGGGCTAACGCTGATCATGGTCGCTGTCGAGGACGATGTCGGTCGTATGCCCGGTTTGGCCAACGCTTGCGGCTCGTGTCTTTGTAGGCCATATGCAGAAACCATCGTGATGGCGCGTGGTCAGGCAGCCCCAGGTCATGTTTCCGGATTTCGCCGCTGCAGCCCACTGATCCGTATCCAGAGCCGTGGGATTGAAAAGGCTGGGTGAAGAAGTGGCATCACCTCACTCCAGGTGCTGAAAAGTAGCCATACTAAAGCGAAGAAACGTACCGAAGCGGACATCGACGAAGCGCTGTTGTAACTCATCATCGGTGTTATACGGACGGTGTTCAATCCGTTTGCGCGAGACGTGCTGTCTTCGGCGGAGACGCAATGAAATTTACTTAGAGCATGTTTTCATAAACACCTCCGGAGTGTGATCCAGAGGCAGGCGAGATAGAAGAAGGCTCTGGAGGTCAAGAGGAGGTGTTTATGAAACATGCTCTAGGACAAGTCGGTATCGCGACTGGTCTTCGTGCGTCAAGGGTTTCGATCCTACTCGCGGGGATTCATGAATAGTCCTTTGGCGTCAGCTCCACGTAGCCGTGGATCGCGAGGAGTGCCGATATACTCTCCCAGGAAGTCGAGCAAAACATGAACCTTTGGGGTAAGGCGTGATTGGCCTGAGAAGAGCGCACAAAGGGTGACCGGCTGGGCAGTCCAGCGTGGCAGAACAGGGACGAGTTTGTTGCCCATCTCCGGCCATCTAGCCATGTAAAGCGGCAACAGTGCGATACCGGAATGCTTCAATATGAGATCTAGCAGCACTGCTGGATCATTCAGAATTACG
CP030840.1_gap87	3315828	3320823	4995	AACATATAGCAATAGAGTCCATTTTCGAGACCAACTTCCACGACACGCGTTTGATCCATGGCTGGAGGAGCAAGAATCGTCGCGAACTTTTCAAGGCGTTGGCTCCTGATGATATTGTCTGGGGGATCGGCCCCAGTGCCGCTTGAACGCTGCGCTGAACGCGCTCTCTGACTGATAGCCCAGCGATGGTGCAACGGATGCGATCGACTCACGTTTGTCTTGAATACGGTTTGCAGCCAAGGTCATTCGCCACCGCCTGATGTACGCCATGGGCGATTCTCCTACACTCCCCCTGAAGTTCTGGGCGAACGCGGTTCGTGACATTCCTACAGAACGAGCGAGTTCTTCGAGCGTCCAGCCATGAGCGGGGCTCTGATGAATGAGTGTGAGCACTGTTCTCATGCGCGGGTCTGCGAGAGCGAAAAGCCAACCGGAGCCGCGTCGAGCATCATCCGCGCTGTGCAAACGAAGAGCCTCCACGAGCAGCGTATAGGCGACCTGTTGAGCAACCAAGGTACCTCCGGGCTGAAAGTCTCGCATTTCGCGGAGCATCCTTTCTACCGCCCACCGTACGGACTCTTGTTGCGCCTCATCCTTCAACATGACGATGGTAGGCAACACTTCCAGCAAAAAGCGAGCATCTCCCTCAAGTGCGAAGTGGCTTCCAAGCAGAAAGAAATCGTCTCCCGGAGTGACCGTGAGGACGCCTTGGTACCTTTCAATCGACGCGATAATCGTCCGCGCGTCCACCGGCGGCAGGGCGAGGTCGCTCGCGATCAAAAAAGGGCGGCCATGCGGCAGGAGTAGGCAATTTCCGGCGCGCAATCGGACTGGTTGCTCGACACCTGAAACTGAAAGCCAGCATTCGCCGGTAACCACCGCGTAGCACTTGATGCCTTCGTATGCAGGCAGTTGAAGCGACCACGGATTGCCTGCGGACAAACAGCCAGTAACGTATGCGCGAGGCTTCAGAAGAGACAGCACGTCCGACAGAGGATCCATAAGGGCGATTGTACGATCACGACGATATTGTGAACGTGGCAGCATTGAGCGTACGTCTTCTGAGAGCTATGCTCGACTCTGTGGCCGAAGTAATCCATTTCGGCAGCATTCCAGAGGTGAACAGTGAACGTTTCTGAGACCGGCCCAATCAAGACAAGAACAGTGCGTTTTCATAGTTACGGTGAACCCGCAGACGTCCTGCACATGGAGGAGACCATGCTTCCAGCTCCGACTTCGAATCGCATTCGCGTGCGTGTGATCGCCTGCGGACTGAATCCGGCCGATTGGGCCCTTTGTCGAGGACTCTTTGCGAAAGATCTTCCGCGTGGCATCGGGCTGGAGGTTTCTGGAACCGTGGATGCTGTCGGAGAAGGTGTCCAGGGGGTCACCGTTGGCGACGCGGTCTTTGGACCTGTAGACTTCGTCACGACTGCCAGCGCAGGAGCAGCGGATTTTGGGATTTTGGAGCACTGGGCGCATACCCCAGACACTCTCGATCCGATTCAAGCAGCGGCGCTACCTATGGCCGTCATGACAGCTTTCAGCACAATCGAACTGGTTGGAGTGAAGGCTGAGCATACCGTCTTGATCCATGGCGCGGGCTCTACAGTTGGGTTCGCTGCAGCTCAGATGGCGCTGATGCGTGGTGCTCGTGTAATTACTACTGCCGGCGAGACGTTTGCGGACCGATTGCGCGAACTCGGCGCCGTTGTAACCCCGTACGGCGAAGGCATGGTCGAGCGAGTTCTTCAGCTGGCTGGCAAGTCTCCGGATTTGGTCGTCGACACGGCACCCGTCAGCGGATCCCTGCCTGCGCTCGTCAAGATCGCGGGAGATCCCAAGCGGGTCATGACCATCAGCGATTTCGCTGCAGCCAAGGAATTAGGCGTTCGCAACAACATCGAAGAATCGGCGGGCAAGAAAGTTTCCTACGGTATGCTCGCCGAATTTGCACAGCTGGCAGCGGAAGGCAAGTTTACGGTTCCGCTCGCTCGTACCTTTCCTCTGAGTGAATGGCGCGCAGCACTCGAGGTCAGCCAAAGCAAACACGCTCACGGAAAGCTCGTGCTCCTGACTGAAAGCGCAGAGCGAGACGTATAGCCCGGTTCAGGAGCGCGTGAATGCGCGCTTCTACGAAGCGTAAATGCTTGTCGTCGTACTCCTGAGCTATAGGTCCCGCTATGGCGGCTACGGTCCATCGAACTTTCATCGCAGTTGCTCAACTGTTGCTTTCAGGCCAATGCGCGTTTCGACGTCGAGATTGGACTCGATGGGTGCATCGGCGATTTGCGTAAATCGAAAAACTCCTTGAACCCGCAAGTCCCAGCACTTCGGTCAAACTGCAACCCGATCTGGACGACGCCGTAGGCTCGCCTGAGTCACTGCCGGCGGAGTGTAGAGTGCGCCCATCGGCCCCGCATCGGTCCCCGGCGCAACGACCTCGTCGATCCTATCCAGGATTTCGTCGCTAAGCGCAACTTCGGCGCCGGCGAGCAGATCGTCCAACTGTTGCATCGTGCGTGGACCGAGAATCGCCGATGTTACACCGGGGTGAGCCATCACAAACGCCATCGCCAGGTGTGTCAACGAAATCCCGGCTTCCTCGGCGATGGGGATGAGGCGTTCGACCGCCTCCAGATTGCGCTCGTCGGACATCTGTTTGGGAAAGACCTTGACGCGCAGGCTCTCCGGCAGAGAGTGACCCTTGCGGTAGCGCCCAGTGAGCATACCCTTTGCCAGCGGGCTCCAGACCAGCGCGCCCATCCCATACTTCTCGCAGATGGGCAGAACCTCCTGTTCGATACTGCGGTTGAGGATCGAATAAGGTGGCTGCTCGGTTCGGAAGCGAGCCAGGCCACGGTGCTCCGCCACCCATTGCGCCTCCACGATCTCGGAAGCAGGAAACGTCGATGACCCGATGGCGCGCACCTTGCCAGCGCGCATCAGGTCCGTGAGCACCGACAACGTCTCCTCGATGTCGGTGTCGGGAGAGGGCCGGTGGATCTGGTAAAGATCGATGTGGTCGGTCTGAAGACGGCGCAACGACGCCTCGACGGCCTGTGTGATCCAACGGCGCGAATTGCCCTGCTGATTCGGATCCTCGCCCATTGCGCCGTTCACCTTGGTGGCCAGCACGATATTTTGGCGACGACCCTTGAGCGCCTTGCCGACGATCTCCTCCGACTCTCCGTTGCTGTATCGATCGGCGGTGTCGACGAAGTTGATGCCGAAGTCCAAGGCCTTGTGGATGATACGAATGCAGTCGTCGTGATCGGAGTTGGCGATGCCGCCGAACATCATCGCTCCTAAGCAATATGGGCTGACCTTGATGCCTGTCCGGCCTAGCGTGCGGTATTTCACGGCAGTTTCCTTTCTTCTCTCGGTGTGCGGCCGAAGCAGCCTTTGATGGTCCTATGGACGGAATTCCTACTTACCAGGGGATCGTTTTACCTTCCCAGCGCGTGAAGGTTCCGGTGGGACCATCTGGTCCGAGCAGGGCGACTCGCACAACCTCGCGAGAACCTTCCTCAAGCGACTCCGGCCCGGCATAGCCGTTGAGATTCGTTTTGGTGAAGCCTGGCGATACGAGGTTGACTTTGATCCCGCTGCCTTCCAGTTCGATCATCATGGCTAACGTGATGGCGTTCAGAGCTGTCTTCGAGGCCGCATAGCCCGGGCTGTACATCTTGCGATATTGCAAATCAGGATTTGCATTCGTAGTCAGCGAACCTACGCCGCTGGAGACATTGACGATATGTGCGTGCGCGGATTCCCGCAGGAGCGGCAACATGGCTTGATACACAGCAAGCGCACCGAAGACGTTCGTCTCCCAGATGGCGCGGACCTCGTCCAGAGAAATCTTGCTTGCACGGGTGAGTTTGGAAAACTCCTCGAGCGAGCGGTCGGCCCTGCTTGTGTTCGAGATAGCTGCGTTGTTGACAAGCAGATCAAGGCGGCCAAACTCCGTGCGGACCCGCTCAGCCGCAGCGCCGATCGAAGCCTGATCGGTGACATCGATCTGTAGCGCGATCGCACCGTTGCCGATCTCTTTCGCAGCAGCTTCGCCGCGCTCCAGATTGCGAGACCCGACGTAAACCATCACACCATTGGCGGCGAGTTCCTTCGCAACCTGGAATCCGACTCCCTGATTCGCTCCAGTCACGAGAGCTATACGTTGATTCGACATTTTGTATCCTCCTTGGGACTGTCCTGCTATTCTCAAAGAACAGCGGAACAATGTTCCGATATTACCGGAACATTGTTCCGCAAGCAAGGGAAGCATCGTGAAAACACCGTCTACCGGCGCGCCGAAGAAGAGCACAACAGCGAAGCTGCCGCCGGTGCGTGCGCATGCCAAGCAGAACCTCACAGCTCTTCTAAGTGCTGCCGCCGAGGTGTTCGCGACGTCCGGCGTGGATGCTCCTGTGCGCGAGATTGCGCAACGAGCCGGCGTTGGTCTGGGAACCGTGTATCGCCATTTTCCGCATCGCTCCGACCTCATCGTGGCGGCCATGCAGTCGCATGTGGAAGCATGCGCGGACGAAGCCGCTATCTTCGCAAGCGAATATGAGCCGGAGGAAGCGCTGGCCCGCTGGCTCCACCGCTTGATGGATTTTGTTGGGGCGAAGCGTGGCCTGGCGGCTGCCCTGCACTCGGGCGATCCCGCCTACGCAGCCCTGCCTGGGTACGTGATGGAACGTCTGGGCGGTGCACTTCGTGAGCTGCTCGACGGTGCCATCGCCGTTAAGGCTGTCCGCAGCGATATTGACGCAGAGGAACTCTTATGGACGGTGGCTACGATGTGCCGCGGACCCTATGGAGAAAAACCCGCTTATGCGGGCAAGATGGTGGATGTTCTGATCGACGGACTGCGTTACCGTGCGAATCCCTAGGAACAGCTCACTTCCACCGCGGCAGAGTTTTCGTTCCTTAATCGCCGCCTTGGTGGAGTACCGTGCTCCATATTCATTCAAATGATGAGAACAGGTCAAT
CP030840.1_gap88	3323250	3324319	1069	GGACGAACGGCGGAATGAATACCGTCTGCACCGATCAATACGTGTCCGTTCGCACTGGTGCCGTCGGCGAAGGTCGCTACCACACCATCTGCCTTGGACTCGTATCTGGTGAGCTGCTTGTTGAAGTGACAGCAGCTCTCAAGCCCGATCAGCGCAATTTCGCGTAGGGTTCCGCGATCCACGTTGCAGTGAATCTTTTCGTCCGAAATGAACTCCGGCCAGAACTGCGCATCCTGTCCGTCGTCGGTTGGAATGCGCTTGGCAACGCTCAGGTCAGTCTTGAGAATGGTGGTGAACGGCTCGGTGCGCATAGCCGTTGCTTCGAAGAGCTGGTGGAGACTCGAGGGGAGCACTTCGCGGAGCGCATTCAGCGCGTCTGCTTCCAAGTGCAAACGGTATCCTTGCGGACGATCCCACGGGCTCGCGTCCCGTTCGAAGATTTCTACGTCAATGTGGGCTTTGCGGAGCGTCTGGGCAAGGCATATACCGCCGAGTCCAGCTCCAACGATGAGTACTTTAATTTGAGCCATAAACGTCCCTTCTCCTCTCAGAGGAAGGGACGTACCGGTTACCGCACCCTTTTAGGGAACGGTACTTGTACGAACGCTCTCGCGTCGCCCGGACTACCTACCGGGCCGTGGCTTTCGCACGTCCAGCTTTATATTACGCCTACCTGCTGAAGCTCGCTTCTAAAGCGCGAGGTGCTCGTCGATAAATGCGATGGACATGCTGCCTGCCACACTCCGCTGGCCGCAATTCTCACCCGTCCGGCAGAAAGAGCGTGCGAGGACGCTTGTCCAGCTCTTGGCCTGCCGTGAGCGATCAGGGGAGCTAGATACCGTCTGCAGAGGGGTCATACGTTCCAGGAAGTGGTATCTCAGCGCTCGAATGTAGGTCCCGAGTCGTGCGCGATGATGAACAATCTGGTTGGTCCCTTGATTGCGAAAGTAAGTAGAGCGATCTCCGGAGAAAAGGACAATTGAACCTCGTTTGATTGTCCAGGACTGAAGGAAGCCCAAATCCGAGTCTGCTTAGAGGCTGCGAGAGCGTCAGTGACGTCATCTTCAAA
CP030840.1_gap89	3341869	3346850	4981	GCCTTCTCAGTGTTGATGGTCGCGCCCGTACTGCAAGTATTCGGACCGTTATCCGGATTGCAATTCAACCAGATTCCCTGAGGAACCGACGTAATCGCCGTTTCGGTCTTCGAAACTTCTCCCGTCGCCTCATCACGTGTCTCTGCCGCCACGTAAACTAGCTTCCGATCCTGGAAGAGGCTTTTACGCGAGCCGGATGCCAACTCAACGGCGTAATGTCCTTCAGCATTCGCAAGCACGGTATGCGTCTCACTCCACAAAGGTGTGCCGCGAAAAGAGGAATCCTCATAAATCGCGAAACTGATCTGGTGCATTCCATGCACTGGTTGACCGTCGGAGCTGTGAAGCTCTCCATGGAAATGGATGGGTTCTGCCGCGTATGCTCGAATCGCAATCAGAAGGACGGCGGTGAGTGGCAAAATCAAATACTGACGTATTCTCATTGTCATAGCTCCTCGAGAGAAATGCAGATGTTTGGTCGTCTGCGACGGACACGCAACCTAGGCTCTTTGAGCGCGTAGTGTTAAGGCTTCGCACCCCGTCGAACCTGTCCACCGGAGAACGCAACTGCGTTTTTGCGCCATGTCGTCGCCCAAAGCGTAGTGAGCTGAGATCACAGTTGATACAACATAAAGGAAGTTACCATATAGTGGCGAACTGACATGACGACTAATATGGGCACCATGGATCGACGGCCATGGGCGATGACTCGGAGGCTCACCCGAACTTCAGCATTCGGTATCTTGGCTCTGCTTTATGGATTTGGGGTCTTCGTTTCGACCAGGGCGTCAATTCTGCTTCTTAAGGGTAAGGAGTCTGGCCCGAACGGCCATCCTTACCCACCATGGACCATCATTCACTTTGCATCAGCGTTGCTGTTCGCCGTGCTCGCCATGATGCAGCTGGTCTCTGTGGTGAGACGTCGTTATCCCTTGCTTCACCGATATTCCGGCCGGATCGCGGTCGTCTCCGGTCTGATCGCCGCGATCACAGGGGTCTGCATTCCCTTCGCCGTCGTCCCGCCGCGGCCTTTGTTGGAACGCCTCTATATCGTTGTCTATTTCGGCGGTGTCGCTTCCTGCCTGCTGCTAGGACTTCGCGCGGCCAGGCGTCATGACTTCGCCATGCACCGTATCTGGATGATTCGTGCGGTTGCGGCTGCAGGGGCTGTAATGACTCAACGGATCACTTTCCCGATTTTTGTGCTCACCTTCGGCATTCATAGCGAGAGGGCTTTCTGGTCCGAATTTGTGGGTGCCTTCGCGCTTGGCTGGGCCATTAACCTCACGCTGGCGGAATGCTGGCTACGCTGGACGCCTTCGGCGGGACCGTATGTCGTCTGAACGCAATCTCCTCCTTCCTGCCGTCTCTGCTGCAGAGCGGCTGCCGTCGCTCTTCCAACCATGCCCGATGGCGGCCGGCGTATTTGGAAGTTTTTGAGGGGTTGGCGCAAAGCCGGGGAGAAGTGACTTTGCGGCGCACGCTGCGATGGCGCTATCGCTGGCTGTTAGGGGTTGGGACGGCGGCGGACGATGGGGTGACGGCGAAATGCGGTCAGTCTTCGATGAGCCATGTTAGAGGAACGGGCCGCGTCAACCACCTCGGTGTCATCGCGTAACTCGATGGTAGGGCGCTTGATTCCTAAGTCAATGCTCGTCGCGCGGGCACACTTTCCTTTGCCAATGCCGGTCTCCTTCGACCGCACGTGCCACGTGGCTCCCTTGCCAGAGAATGTCTCTTCGAATCGGGCGCTTATCTTGGTATACCGGGATCTCACCTCTACATTGAGTGCGTTAGCGGATTGGCACTCGTCCAGACGCATCCATCCGAGAGGTGCGTTAGATTCACCCGCCGAGAATCAGGGGCACATAGCTTCGGACGTCTTGCAGCAGTTGCTCGCGTGCAATACCAACCTTGGCGCGAAGCTGCAAACCCTGCAATAAGTCCACGAGCGCACGGCTTCGTACCTTGGCAGAGGGTGTGCGAGTCAGGCGGCCAGCCTTCATCTCCTTTTCGAAACGCTTCGCGAAAATATCAGCGGTCGCGGTCAGGCCCTTCGCGACATACGAACGGATCTCGGTTACTCGCTCCGACTGTCCCAGCGCAGCGGCGGCCATCATGCAACCGCCGCGAGCCTCATCCGAAGCGGCGTTGACGGTAGCCTCGCAAAAGCCGGTCACGGCCTTGTGGATGTCCGGCTCCGCTTCAAATGCCGCCATCCTGGGAGCTACATAGGTGATTGCATAGCGCTCGACCGCCTTGAGCAGCAGGGTGGATTTGTCTCCAAAGGTCCGGTATATCGCGGGTTTGGTGACGTTCACGGCCCGTGCGATCCGATCTACGTCAACTCCTTCATACCCATGCTCCCAAAACATCTCAACGGCACGGTCGAGTGCTTCGTCGGGGATAAATCCTTTTGGACGTCCAGGGGCGCGCTTCGCGATATTAGTTACCATTGCGTACGAAACTCCTTGCATTCCAGCAGCTCTTATCGTACTCTCGCGTATGTAATGATTCAAGGCAGATAAATACGGGAGACAGCATGGATAGGTTCAAAGGAAAAACAGCACTCATCACAGGCGGAACCACCGGCATAGGCTTGGCGACCGCCAAATTATTCATTAACGAAGGTGCCCGCGTGATCGTGACTGGCCGCGCCGCTGCAACGATCAAGGCAGCCCAGGCTGAGCTTGGCGATAACGCTATCGTAGCCCGCAGCGACGCGACCTCTCTTCCGGATATGGATGCCTTGGCGGCAAAGGTCAAGGAGACGTTCGGCAAGCTCGATGTGCTCTTCGCCAACGCGGGATATGGTCGATTTATCCCATTTGAGGCGGTGACTGAGGAGGTTTACGACGAGATGCTCAACCTGAACGCCAAGGGCCCGTATTTCATCGTCCAGAAACTGGCGCCGCTCATGCCGGAAGGAAGTTCGGTGGTCTTTACCACCTCGATTGCCAACGTGAAAGGAATGCCAACCTTGAGCGCCTATGGCGCCGCCAAAGCAGCGCTTCGCTCACTGACTCGGAGCCTTGCCGCTGAGTTGTTGCCCCGTGGAATACGTGTCAATGCGGTGAGTCCGGGTCCAGTCGTGACGCCCATACTCCAGAAGGTAGGAATGTCGAAGGAGGCGGAAGATCAGGTCTACCTTCAGATGACCCAAAGCGTTCCGATGAAGCGTATGGGCCAGCCAGAGGAAGTTGCCAAAGCCGTAGCATTCCTGGCGATAGACGCAACCTACACGACGGGAACAGAGCTTCCGGTAGACGGAGGATGGTCTCAACTCTAAGGCGTTCACCGTCCAGACGGGTAAGCTGACATGTAGAACGTTCTTCAATGACTCGCATACCAGTTGCGCACTGGATGCAATAGCGAACGCAGTGGCGGCAGCTCGATCGTCGTCACTTTGCGCTTCGCACAAGGGAAACATCCTTTTCGGCATTTTGACGTCATCGTCGCTTTCATATTGCGGAGCTCTCATCCTGATGGAATGCAAGCCATGGACATCTGCCGACTGATGAATGAGCCGCCTGAGATCTCCCCTATCTGGTGAGCACACCACCGATTTTGCGTTTAGCGAAAATCGCTTCCGGCGACGATAGATGGTCCGAATTGAACCGGTGGCAACTCTGCGCAAAGATCGATCACACGTCACCGCACGTCTCGACAAAACACAGTTTTCGCGCAAAGAAAGAGTATGTAGCGCTTGGTTCACATTCACAATATGAGACTATGACTATTCAGTCCGCCCTTAGATCTCTTAATTGTGCGCGGCGCCGCCTACTCTTCCCGCATCAGCCTAGCAGCGTCCACAGTCACGGCACGGCGGGCAGGAATTAGCGTCGCCGTCAATCCAAGTAAAGCCATCGTCGCAATTACACCGCTCACGACCAAAGGATCGCTTGGATCTGCCTGATATACGATTCGTCCAAGCAATCGGCTGGAAAAGAGTCCCGCGACGAGGCCGACTATCGAACCGGATATCAGCAGGGCCAAGGGCCGACCGATGGCCGAGGCGAGAATCTGCGATCGCTGGGCGCCCAGCGCTATGCGGATGCCCAATTCCTTCATCCGCTTGCTGACACTGTAGGCCGCCATGCCGAAGATGCCTGTGACCGCCAGCATCGCCGCCAGCATTCCCATGATGCCGAGAGCTGCCGCGGCTGTCCGCGCCGGGAACAGTACGTTGCTCAATGCATCATCCCAACTGCGGATTGTGATCGGCGCCGTGGGCGCAATGCCGCTCAACATCCGCTGCAACGAAGCCGCCATGTCGCGAGAAGTCAGGCTAGAGCGCACCACCAGGTTAGTGCTGCTCTGCTCCATCTGTGCTGTCGACACGTAGACTGCGCATATCGGGTCTTCGTTCAGATCTACATACTTTCCACTCTCTGCAACGCCAATGACCTCATAGGAGTCTTTCCATAACAAAAAATGGTTTCCCACGGCTGGACGATTCCCAAACATCTTGTGAGCAAAGGTCGCGTTTACAATGGCCACGCGAGGCGAATGGGCCTCGTCGCGCCACGTAAAATTGCGCCCGGTTAGCAGGCGAGTTCCTGCTGCTTTAAGGTAGTCCGGCGATATCGGATAAACGCGTGTATCAAGGACTTGATTCGATAGTGTCTGATCTACAGTTCCGGGCCAATAAACGGGAATGCCGCTCATCCCCGATCCGCTCAGCGGCAAAAAGTTCACAATGCCCGCGGCCTGCACACCAGGTATGCTTTCCGCTGCATCGATGATCTGCTTCTGTTTTTCAAGAGCATTATCTCCATCAATGCCGACCATGCCGAAATTTACTTTTGCCACCGTTGCTCCTGCGGGCTTGATACCGAGTGGGGCGTGGAGTGCCCGCACCATTCCGCGAATAGCGACCAGCGAAGCAGTAACCAGCAGGGTGCAAATTGCAATTTGAGCACCGAGTAACACGTCTCTTATTGCAAATGTGCGGAGACGCGCCGATTCTGCCGGAGCGCTC
CP030840.1_gap90	3350285	3352144	1859	AGGTAACCGCCGTCGACGGCCAAAATATGGCCGGTCACATAGGAGGCGGCTTCCGAAGCCAGGAAAATGGCTGCGCCGATCAGTTCATCCGGATGGGCGAATCTCTTCATCGGGGTCCTCATCTGCAACTCATTGCCTCGTGCCGTTCGATGGAGCAAGTCGCCATTCATCGCGGTGGGCACAATGCCGGGAGCAATGGCATTGACGCACACGCCATGCGGAGCAAGCTCGACTGCCAGCGACTTTGTGAGTGATCCTACAGCGGCCTTGCTGGCGCAGTAAGCCGCGACCTCATAGAAGGCCACGAATGTGCCAAGCGATGCAATGTTGATGATTCGCCCATTGCGCTGGGCCACCATTGACTGCCCGAATATCTGGCAAGCTCTAAGGGTTCCGGTTAAATTTGTCTCGACGATTCTGCTCCAGTCCTCTTCGGCGCATTCTAGCGTAGGAACACGTTGAGTGATGCCGGCACAGTTGACCAGGATGTTGATCTGCCCCAGGCTCGTGCGCACATCATCATGTAAGGTCTGCAGGGAATTGCGATCGCGTACATCGGCGGGCTTCACCAGAGTCCGGCGGTTGAGGGCGGTGATTTCGGCGGCGGTTCGTTCGACCTCATCGGGACGCCGGGAAGTCGCGACGACGTCGGCGCCTGCCCGTGCCAAGCCTAGAGCGATGGCATGACCGATCCCCGATGTCCCTCCGACGACGACAGCTAAGCTGCCGCTAAGATCAAATAAATTCTCAACCATCTAACCTCCCGAACAAGGAATTGCCAAAGACGAAATGAGCGGATTTTGCAGTGACTAGAATGAATATAGACGTCAAAATACATCGTCACGGCGGTTGCGCTTGGCGACGCGCAGGAATCCAGTTCTTCAGACGCCTGCAAAGCCTTGTTCTTCTACTAAGAGTTTCGAAGAGCTCGCGGTAAACTCGTGACATGACCATCCATATCGGAACATCAGGATGGGCGTACCCCAGTTGGAAGCCGGAGTTCTATCCGCCCAAGCTGGCCGCAAAAAAATTCCTGGAGTACTATGCGGCCCAGTTGAACTCGGTTGAGGTGAACTATACGTTCCGGCAGCTGCCTTCGGAGAAGATGCTTTCGGGTTGGATGGCAGCCACCGGGCCGGGCTTCACCTTTTCTTTCAAGGCTCCGCAGCGAATCACCCACTTTGCACGACTAAAGAACTGTAGGGAGGCGCTGGAGCAGTTCTACCTTGCACTTGCGCCGGTCATAGAGGCGAAGCGGCTGGGAATCGTGCTCTTTCAATTGCCGCCGAACTTCAAGGCCAATGCTGAACTGCTGGAGGAATTTTTGTCAGGGGCGCAGCGCGCTCCGCTCCGGCTGGCTTTTGAATTCCGCCACGAATCTTGGTTTCGCGACGAAATCTTCGACATCCTCAAACGGCATCAGGCCGCACTCAGCGGAGCGGAAAGCGACGAGTTAGAGTCTCCGGATGTCTTGACTGCCTCCTTTCGGTGTTATCGCCTGCGAAAATCCGACTACTCGGCAGCCGACCTGGACCGGCTGGTCACCGAAACGAAAGCGCGCGCGCGGGATGGCGATGTGTTCCTGTATTTCAAACACGAAGAGGCGCCGACCGGCGCGCTCAATGCCGTGCGTTTGCTTCGGCGAGTAGAGGAAGATTGAGAATGGCGGACCTACTGGCCTCTTCCCCGGGCATCCCCGTCGGCGCCTTTCAGCCCCGCCGGATTTTGCGCAATGGTCACGTAATGACTATTACCGGCAACTATATTCCACGACAGCACCAACTCCCGCCAGGGGAGCCATGGTTTGTTGAGGTCGAGCCTGCCTCTGAAGAAAGACGCTCGACGGTGGTGCGTTGTGA
CP030840.1_gap91	3383572	3386099	2527	TCAAGAGTTGCTCGATCGGGGACAATCGCTTCGAGGGCAGGATCTAGGCGTTCTACGGTCGGAGCGCTCATGCTGGATGATGAGGCATCGGGCTTTCCCTGGGAATCAGCAGTAGGGCTGGACTTGACTGGTGCCTTGGTGGAGCAACCGAGAGCCAGATACATCCCGACGCTGACAATTGTACTAAGACTGAGCATTTGAAAAGATCTGGATCGTATCACTCCACCTTCTCCTCTTTGCTGACGACAAACGTTTGCCACGCCGGTGTGACCGTCGGCTAGACAAACGACATTCAGAGACATCGGGAACTTTGAACAGCGCCGATTCTACATCAACGGCTGCTCAAGACCCGTTCCTAGTAGACAATCAGTTGCACGAGAATTGCGCACGGATCAAAAGGACTGCTCTACACTGGACAAGTCTGTCGCATCGCCACGGACGGCATCGGGTCGTTGAATCGAGCATGGCTCTTAACTCAAGGCCTGACAAGCCACGCCGCATCTCGAGAATCCAAATTGTCGCCGTCGCCATCTTGTCCCTCGCAGGGGTCGTCAACTACATCGATCGCGGCTCTCTCGCCATTGCGAATACCACCATTCGTGCGGATCTCGGGATCTCTGCTACTCGCATGGGTGCTTTGCTGTCGATCTTCTCGCTGGCTTATGCGATCTCTCAACTCCCAATGGGAGTAATTCTGGATCGTCTCAGCGAGCGCAAGGTGCTGGGCGCCGGCATTTTTCTTTGGTCTTTGACTCAGACGGCGACCGGCTTCGTCCGCGGGTTTAATTCTTTCGTGGCGGCGCGGATAGGCCTGGCGATTGGGGAGTCGCCATTCGTCGTCTCGGCGGTCAAGACGGTGAACGATTGGTTTGATGTCCGAGATCGTGCCACCCCGATGGGGATTGTTAACTCCGCTACCACGATTGGTCAGGCTATTGCTCCGCCGATTCTTACTTCGGCAATGCTGGCGTTTGGCTGGAGGGGTATGTTCATGCTGATTGGGATTCCGGGTCTGCTTCTCTCTGTGGTCTGGTACGTCTTTTACCGCGATCGCAAGGAGGTGGCCTTGAATGATGCCGAAAGAGCATACCTTGAAGCTTCTGGTACGCGGAGTCAGCTCTCTCGCCTCTCCTTGTCCCAATGGCTAGGCCTGTTTCGTTTGCGAACCATGTGGGGGATGATGCTTGGGTTTGGCGGGATCAACTATACAGTCTGGCTTTACATGTCCTGGATGCCAAACTACCTTGAAGCAGAACATCATGTAAGTGTTAAGGCCACCGGCTTCCTTGCAATTATTCCTTTCTCTTGCGGTGCGGTGGGGATGTTACTCAGCGGCATCCTCGCCGACGCGCTGGTGCGCCGGGGTGTCGCTCCCGTCAAGACCCACAAAATCCTGCTTATCTCAGGAATGACTTGCTCTGCGATGTGTACTTTACTTGTGCCCTACCTTGCCGGGGCAACCAGTGCGGCCTTCGGGATCGGGACCGCGCTTTTTTTCATTTATGTTGCAGGAAATTCAGGATGGGGCCTGATCCAGTCCATGGCGCCGGCCGGAATCATGGCTTCGGCAGCATCCATCCAAAATTTTGGTAGCTTCGTGTGCGCTTCCGCTGCACCCCTGCTGACTGGATGGCTGCTCGATCGGACACACTCGTTCCATTTAACACTGGCAATCTGTTCCCTGGTTTCGGTCCTAGGCGCGCTCTCCTACCTCTTCCTTGTCAAGGCTCCTATTGTGGTCTCTGGCCTCGAAGCGGCAGAGTAACATCAGCTTGTTTCATACCTTGGTTGAACTCGGCCATACCTCGTTGGCGTTAACGTCGGGGCATTGACTTACTTGCAATTGCTGTAAGTGGATCATCGACAAAACGCAACAACGGATTACTCCAACGTTGATACAATCAAGTATGCAAACAAACCGAATCATCGCCGAACTCGATGCTGAGATAGCCCGACTCCAGGAAATCAAGAGCGTACTATCTGGGACAACTCCAACCGCCGCGAAGCGCAAGCCAGGAAGGCCGCGCCTTGTGGCTGCACCTGCCGCGAAGACGCGTCAGCTCTCCACCGAGGCGCGCGCGCGAATTGCCGCAGCTCAGAAAGCGCGATGGGCCAAGGCGAGAAAGGCTGCAAAGGCCACGGCATAAAGAATGGCCGCTTGGGGCGGCCATGTCGTATACCAGTCGTTTATGGAAGACCTAGCGAGGGCTGACCTTGGGGCGGCTTTCGCGCGAGTTAAGACCACCGTCTACCTTGCTGCGAGGTGGCTCTCCTCTGGAGGATCAGCCGCGAAGGCTGACCGGCGTATGCGGAACGGACGACAATTCGTGATAGATCGAGTCTGGTAACTGGATCCCGGCAGCAGCAGTGTTTTCTTCCAAATGCTTGATTGATGAAGTGCCAGGGATTGGAAGAATGACCTTCGATCTTTTCAGCAGCCAGGCCAGCGCGACCTGAAGAGGAGTCGCGTTGAGTTCATTGGATGCTTTGCTGATGGCATCGTGAGCTTTCTTCGCCTGACCCAGAG
CP030840.1_gap92	3388036	3388858	822	AGGGGTGATGGGTCCATCGGCCGAATCGATTGAAGCGCCGCTTACTGTGCTGGTCGAGCTTAAGCGGCAGGGTCTGATCTCTCATCTCGGACTCAGCAACATCAGTCCTCAACAGTTAGCTGAGGCGCAGAAGATTACCGAGATTGTCTGCGTACAGAACCTGTATAACATCGCGCAGAGAAGCGACGACGCTTTTATCGATGACCTCGCAGGGCAGGGCATCGCTTACGTGCCGTTCTTCCCTCTGGGAGGCTTCAATCCCTTACAGTCTTTGGCTCTGGACAAGGCCGCGGCTTCGCTCGATATCACACCAATGCAGATCGCGCTCGCGTGGCTGCTTCATCGCTCGCCGAACATTCTCTTAATACCTGGGACCTCTTCTCCCGAACACCTTCGCGAAAATCTCAAAGCCGCAACGATACAGCTTGCCCCCGAGATTCTTGCCGATCTGGATTCGATTGGCAAGGACACCGCGGACGCCCACAATGCTTACGGCAGCCTGAGAACAGCGTAGTGCTCGGAGAGATGTCGGCGAAGATGTCGATCGCGCAGTATCAGAAGTTGGGGATTCTTCGCGATTTCCATAGGGTTGGATCGAGTGACGAGGCGCTTACCGGTTCCATGAGTTGGGAGCGCCTCACTATGCCTCGGCCGGGGGAGCTGACGCCGGCGATCGCGTTGCCGGTATAGTGAGAATCGAAGACGTATCGAGCACGGAAGATTCGGGGACGCTCCTATTGAAGATTGTTGCTGCGCGGTTGATCGTTTGCTCGCCGGGCCGGAACTTTGTCACGCTGCGCGTGGATACGGACGAGGGTGTAT
CP030840.1_gap93	3414543	3415543	1000	AGCAATGTGGATTATACCGAAGCGGGAGACCACTTTCTCATTCCTACGCTGCTCCGAAGAGTGCAGTAATGTCGGGCGTAAGAGGAGGTCTATCTGTGCATCTCCAGATCGCCACGAGGGTAAATCCATGTCGGAGCCCCGTTGAACTACGCGCAGGGAAAACTGTCGGCTGTAACGAAGCCCGCAAGCCTCGCACCGTCTGGGCAGTCGGTTTAGCGAGAATTTGTGATATGAACGGAATTGACTTTGAGCGAAAAGTCGGCAACTCGGACACTTGCCAACTGACGAATGCAGATATACGAGTAGCCGGCTTTAACGACACGTGAAACGAGGATTAGTAAACATATGCCGGCTTACCAGGACTGGATAATTGAGGAACTATAGCGGCGCCAGCGCCAATCTACCGTAGGCAATGAAGGCCATGATGATGCCGAGGACCAAGCTCATGATGATTGGCGTTTTCTCGGTGTACTTCATGTGAACCCATGATGAAGAGCAGGCTTTCGGGCAGGCGCTTAAGGAGTCCAACTGCGGAGCCAGAGCCCACCTCGAAAACCTGCAAAGACACCCAGGCTGCCGGTTCCCGGTTGGCACGTCCAGCGGAGTCGAATCGAAAGATCCCCTTGCGTTGAAATAACTCGAAACGCCACCGAGGTAGTGGCTGTAGGCGACTGCGCGAGCCACCCATATGGTCACCTTGAGAAAGGCTATGGGCGTTTACTAGGTCCTGATAAACGTGCTTAGCGTTCGCTTGGAAGAAAAGTCGACTTCTCGGACAAATGCCTTTCGCCCAATCCGCTGCGATCGTCGTAATCAAGCGCAATTGAGCTTAAAGAAAAGCTGCGGCTCTCAACTCTAATGAGTTGATCCCAACAAGGCCAGTAGAATTCACTTTGCTTAACTGGCGAATTATGAGCCTCTTAGCTGGTCTTTGGTGCCCGGAGGGGGACTTGAACCCCCACGGCCTTGCGGCCTGCGGATTTTAAGTCCGCTGCGTCTG
CP030840.1_gap94	3441664	3446187	4523	CGTCAGCGTAGTGGGAGGGGTAAGGGTGGTGGCGCTTCTTACTCCGGATATTTCCGGAGATACACCATCTTCGTCGGCCGCCTGCACCACGTAATAGTAGGTGGATGAAGGCGGCAAGCCGGTATGGAAGAAAGTGGCGACGGTCAATCCTCTCGCGATCTCGTTGCTCGAAGATGGAGTGAAGCCGCCGGCAGAGCTGCCGTATAGGTTATAGGTGATGTTTGAGCAGTTGGCAGGCGGGGTGATGGGCGCCCAGCTTACCTCTATCGCGGTCGAGGTCGATGGAGCCGCTAACAGGCCTCCAGGCGCCGCTGAAGGAATGGCGATGCAAGATGTGGCCGAATGTGTCTCTGCGCTTGCCGGCGCCGAGGGCGCCGATGCGCCTACTGCATCGACCGCCTCCACGATGTAATGGTAGGTCGTCGAGGGAGTGAGGCCGCTATTGGAGTAACTCAGTGTGGTTAAGCCGCTTGCGATCAAGTTTGCCGATGATGGGGTAAAGCCGCTGGTGGTGCTGCGGTAGAGGTTGTAAGTGACAGGGCAATTCGGCTGGGGAGTAACTCCCATCCAACTTAAGCCAATGATACTGGGCGAGGACGCCACGGCGGTGAGGGCGGTGGGTGGGCTAGATGGAAGCAGGGTGCAACCGCTGGGAGCGCCCCGCACCTCGATTCCCATGACGAGCGGTTGATTATCCGCGCCGACCGTGAAGGAGACGACGATATTGCCGCTGCTGTTGGCCGTGGCCGTGAAGATCTCGACCAGCGCTGCGTTTATGCCGACAGTGGCAAAGATGTCGAGGTTGGTCAGGACGGATGCCCCGTTGATGGAGACGTTGAATTGGCGGTCTCCCGTGGCAGTGAAATAGGTTTCTGCGAAGTGGAGCAGAACGGTGTACTGAGCGCCAGGCGCCAGCCCCGGTATGGTGTAGCTAGATGCTCCAACCCTGCCGTTTTGATATACGCCGGTCGGAGCCGCGTTCGCGCCGGGCTGCGTGAGATTGATGGCAGAGGACACGGTGCCGTTGTCGCCGCCACCACTGTAATATTCGTCGGCAACAAAGGGGTCGTCCCCGCCGCTGGCATTACTTTGCGCAGGGCCGCCGGCTGCGATCGCTACGATCTCCGATGTAGTAGAACCTCGGGTAGTAGCCGACGCTTGCGTCGAGGCGACGGATGCGCCAACCGCGTCGAGGGCTTCGACTACGAAGTAATAGGTTGTGGAGGCTGCGAGTCCGGTTGCAGTGTAAGTGGTGCCGGTAATTCCTTGTCCTACCAGATTAGCCGCTGACGGGGTAAATCCACCGACGGTGCTGGCGTAGACACGATATGAAGTTATGCTGCAACTGGATGGAGGAGTTACTGCCGTCCAACTCAAGGCGACGCTCGAAGAGGACGCGCTCGTCACCAGGCCGGCCGGCGCGGAGGGCACGCTAGTGCAGCCTCCGGAGGCACCCGTGTTACGGATTTCAATGCCGCTGACGAGGGGCTGGTTTGCGGCGCCATCGGTGAACGCGATCACGATATCACCGCTACTATTGGCAGTTGCGGTGAACTGCTCGACGAGCGCCGCATTCAAGCCAACGGCCGCATAGATATCAAAATTTGCGAGCACGGTCGTTCCGTTGATGGCGACATTGAAAACGCGGCTGCCAGCCGAGGTGAAATAGGTTTCAGCGAAGTGGAGCAGGACTGAGTATTGATCGCCTGCGGCTAGTCCCGGAATGGTGTAGGTGAAGATCCCAGCGCGCGCGTGCTGATAGACGGCCATTGGTGCTGCATTCGCGCCGGGCTGGGTCAAGTTAATGGCGGCCGCACTGACGGTGTTATCTCCGCCACCAGTGAAGTCTTCGTCGGCGACGAAAGAATCATCGCCGCCTGCCGAGTTGCTTTCGGATGGGCCGCCGGCTGCAATGGCCAGGACCTCGGCGCCGGACGCGGCTGCCTGCGTAGTCGCCGAGGCAGCAGTCGAGGCGGCCGAGTTGCCGTCCGCGTCCACGGCCTCGACGACGTAGTAATAGGTGGTCGAGGCGGATAGGCCGGTAGAGGAGTAAGTCGTCCCGTTGGTGACCCTGGCGATGAGGTTGCTCGCCGATGGTGTGAATCCGCTATTCACGCTGGCGTATAGGGAGTAGGAGCTGATGGCGCAGTTGGCGGGAGGAGTTACCGCGGCCCAGCTTACGCCTATGGTGCTTGCAGAGGAAGCGGTCGCTTTGAGGCCGGTTGGGGCCGAAGGCACGGCTGAGCAGGAGGCAGTAGACGTTTTAGCACTGGCCTGAGTTGAAGCGGTGGATGCGCCGTCAGCATCCAGGGCTTCGACGACGTAGTAGTAGGTTGTCGAAGCTGCTAGCCCGGTGTTGGAGTAACTCGCGGTGGTGATTCCCTTGGCAATCAGGTTGGCTGCCGATGGAGTAAAACCATTGATGGTGCTGCCGTAAAGGCTATAGGAGCCGATGGTGCAATTTGCCGGGGGAGTTACGGGTGTCCACGTTAAATTGATAACGGATAAGGACGATGCGTTCGCGACGAGTCCGGTTGGGGCGGAAGGCACTGCGCCACAGGTGCCGGAAGGGCTGCGGATTTCGATACCGCTGACTATGGGTTGATTTGCAGTACCGTCAGTAAAGGCGATTACGATTTCGCCGCTAGTGTTGGCGGTGGCGTGAAAGGATTTAACGAGAGCGGCATTGATTCCGACGGTCGCGTAGATGTCGAAGCTGCTCAGTACCACGGTCCCATTGATAGCGACGTTAAAGACGCGATCGCCGACAGAGGTAAAATAAGTCTCGGCGAAGTGGAGCAACACAGTATATTGCTTGCCCGCAGTCAGGCCGGGGACGGTATAGGTGAAGATCCCAGCGCGGGCGTGTTGGTAGACGGCCGCTGGCGCCGCATTAACTCCAGGTTGGGCTAAACTGATGGCGGCCACGCCCACTTGATTATCTCCTCCACCGGTAAAGTCTTCGTCGGCAACAAAGGAGTAATCTCCACCGGTTGAGTTACTTTCGGCGGGTCCCCCGGCAGCGATGGCCACGATCTCCTGCGCGATAGCTTTCGGTGTAGCGGTAACATTGAGGGCCCAGACAATGGTCAAGCCGAGGAGTGTCCGCCGGAAAGTCCATCCTAAGGATTTAGCGTGTTGCTTCGACATGATGTTTCTCCTATCGACTGCAGGTTGTGCGCTGATGTCGGGCATGCTGGTTCGTTTTCAGTCCAATCTCTAGACTTGAGTTCTACCGAGTCGTTCTATCGGACCTCAATGCCGCTGACGATTGGCTGGTTGGCGGCCCCGGCGGTGAAGGCGATCACGAGCTGTCCGCTGCTATTGGCGGTCGCCGTAATTTGCTTTACTAATGCCGCGTTTATGCCCACCGCGGCGTAGATGTCGAGGCCAGGCAGGACGGTGGTGCCGTTGATGGCGACGTTAAAGACCCGGTCTCCAGCGGCAGTGAAATAGGTCTCTGCGAAGTGGAGCAAGACGGTGTATTGAGCGCCCGCGGTCAAGCCGGGGATGGTGTAGGTGAAGACACCGGCGCGGGCGTGCTGATAGACCGCCATCGGTGCCGCATTGGCACCCGGCTGGGTCAAATTGATGGTCACGGTACTTACCTGATTGTCGCCACCTCCGCTGAAATCTTCGTCAGCGATGAAGGGATAGTCGCCCCCGCTCGTGTTGCTTTCTGCCGGACCACCAGCGGCGATCGCCAGGATTTCTGAAGTAGAGCCGCTCGACTGCGTTGTAGCTGAAGCTTGTGAAGATGCGGTCGAGTTACCGTCGGCATCGACCGCTTCCACGACGTAAAAGTAAGTGGTCGATGCGGGGAGCCCGGTGTTCGAGTAGCTGGTATTGGTACCAGTGTTGACAAGGAGGGTGCCGGCCGATGGGGTGAAGCCGCTGGTTGTGCCGCGGTAGACATTGTAGGAACTGATGGTGCAGTTCGCGGGAGGAGTTACTGCTCCCCATGTCAAGCTGATCGCGCTCGACGAAGATGCCGTAGCGGCGAAAGTCGATGGTGCTGCAGGAACGGCACTGCAAGCCGGGCTGCCGCCGGCCTTCCTTATCTCGATGCCATCTACCTTGGGTTGATCAGCAGCGCCTGCGGTGAAGGAGATGATTATCTGCCCGCTGGTGTTGGCGGTAGCGTTGAACTGCTCGACGACAGCCTGGTTCGGTCCTCCGGCAGCAGCGATGATATCGAAGTTCTTGAGGACAGATGCGCCATTGATGCTGACGTTAAAGACCCGCTGGCCAGTGGCGGTCCAATAGAACTCGGCGAAATGGAGCAGGATGGGATAACTCACTCCCGCAGTGAGACCGGGAATTATGTAACTGAAGACGCCGTTGCGCTCCGCTTGATAGACGGCTTCGGGGGCAGGGAAGGTGACGCCTGTTGTGCTGATGGTGTTTGTGGTTCCGGCCGTACTGCCGCCGGTATAGTCTTCATCTGCCGCGAAGGTCCCCTCGGTGGTGGTTGCTCCTGCGGCGATGGCGATAACATCGGACGGAGGAGCGGAGAGCGTCAG
CP030840.1_gap95	3448074	3448712	638	TGTTCCGGGAGTGAACTGGCTGCGGATCGTGATCCGGGTCATGCCCCCTTCAACCTGTAACTGAGGATCGCCAGGCGCGTGATAATTCAGCTCGGTATGGCCTGAAGACGTTGAGTATGCGTCGGAGGCTGTGGACACATACTGCTGGGAGCCGCCCATGTAGGTAGCAGGCCCGCTCACCGAAAACGTAATTGTGTCAGAGGCGGTCGGTTCCACATTGCCGTTGGTGTCGACGACACTGGCTGTGACGAAGGCAGCGTCGGATCCGTTGGCAGTGACGGCGAAGCTGCTGCCATCGGGTTTGGCCAACTCGGGTGTAACCGATAGGACGATTTTGCTCTCGGGTCCAGCCGTCACCCTGCTATCAGTGGCGACGACATTTCCAAACTGATCGAGGCACTCCGCCTCCACGGTACCGGAGACCCAGTTCACCATCCAGGAAGTTTGAAATGGCATCAGGGTGGTGGTTTGAGTCAGGTTCGACTGGGAGTTCGATTCCCAGCTATTAGGTGTCTCAACCGCACCTTGCTGAGCGCCATTGATCATCAACCGCACCGATGGGCAATTGCTGAAGACGTTCTCCTGTATGGGGCCGGAGTTCTGATAGGCGCGGTTCCAGTGATGAGCGACGTGGATAA
CP030840.1_gap96	3469768	3473004	3236	GTCCACGCAGGCAGAATCGCATCGATATTCTGAGAGACCCACGTGACCCGGTTGATGGTCTGGTAATATTCAGGCACCTGAGCGCGGCAGGTCCCCGTTAGAATGCACATTACCGTGAGACAGTGAAGAAGCTTCATCTGCTGCTCCTTTTAGAAGTTCACAAGCAAATCGGCCACCAGGAAAAATCGCGCCGTCGGTAAATCCTCGAGGTACATTAGAAGCAACATGCTAAACAACCGTTAGGAAGTAAGCAAGTGAAGGATGTAGATGTCCCATTACAGCGCGATCGAACTCATCCGTTGAACTGATGGGATTGAGTGGCAACTTCTATCCATGGAGGTTTATAGAGTCGATGAAGTCCAGAAAGATCCTGGGTATTTTCCTCTGTCTGCTGCTTTGTGCGGCCCTTTCTTCCGCTCAGGACATTTCGTCCAAGCAGGAAGTAAAGTTTCGGGTGGTGGCGATTGCAGAGCCCGGCAACAAAGACCATCAAGGATTTGTGGAGGCGGCAAAGGCTTATTTGAACAGGCTGGCTGTCGAAAACAATTTTGCCGTTGACTACATCGGCGACACAAAACCCATTAACGACGCCTTTCTAGCAAAGTACAAACTGTTCATCCAATTAAACTACCCACCCTATATGTGGTCGCCGACGGCGCAAGAGGCCATCGAAAGCTATCTCACCGAAGGCAAGGGGGGATGGATCGGCTTCCATCACGCGGCGCTGCTCGGTGATTTTGACGGCTACTCGATGTCGCCGTTCTTCTCGAAGTTTATGGGGGACATTCGCTACACGAGCTACATTCCTGATTTCGCAACAGCGACGGTGCGTGTCGAAGACCCGGCGCATCCGGTTTTGAAAGGCATTCCATCGTCTTTCGTTGTGCAGCATGAGGAGTGGTACACGTGGAACCAATCGCCTCGTCCGAATGTGCGCGTGCTGGCCAGCGTGGATGAATCCACTTACCAGCCCGACAGCCTCATCAAGATGGGAGGCGACCATCCGGCAATCTGGTCAAACGAGCATTACAAGGCCCGCAACGTTTACATCTTCATGGGACATCATGCTGACCTCTTCGAGAATCCCAACTTCGTTCAGATCTTTCACAACGCCATCTTCTGGGCAGCGGGACAATGAACGCCATCTGCGTGCCGATACATAGATTGGAGCCGCAAAGTAGGGGCCCGATCCAGGAACGGAACGGGCCACCGAATGGAGCAAGTGCTTATTGTTTGCGAGGAGGAGTCATTTCCATCGCCCAGATGGATGCGGGGCGCATATACATTCCGGCGCGGTAATTTCCGGTGATGTCCCATGCTTCAGGGGTGCGGAACCAATAGCCCTTGTCCTCGTAAATGACGTGGTAGAGGCCGTGGATGGTCTTCCATGACTGATCTTCCAATCCATCGCTTTTGGCGAGCGCGGCGTAGCCGATTGTGGTTCCTACCCAGACCTCCTTGGCTTCGGCGTTGGTCATGATGCTGCCGTCGGCTTCCATGCCGTTGGCTGCGCCCATGTCGCCGCCGCCGAACTTCATCACGTTGTAGTCGAAGATTTTCTTCAGCGTCTTTTGCTGCATGTCGTACGGAACGATGTCTCCCAGACCGGTGAGATTGGCGTACCACTGGCCGGCGAGCTGGTCGGCTTGAATGGCGTTCTTGGACTCACTACTTGTGTCGTAGAGGAAATACTCCCCATTCCATAACTTCGAGATGTAGGTCTTCTGCGCCTTCAAGAACAGATCGTGGTACTCCTTTTCTGCTTTGGTGTCGCCGAGGATCTTTGCTGTCTCTTCGGTAGCGCGAAGGGCGGCGAGCCACAGGTTGCCGGAGTAGGCGCTGACGCCGGTCACGACCCAGTCGTCGTAGGTCTGGTCGGGATAGCCGCTGTTTTCCGGCACTCCACCGCCGTGATCGAACTGGCGCAGGTACTCGATGGCCATCTTTACGGAGGGCCAGGTCTCCTGCAGGAAGGCTTTGTCGGTGCGCCCGGTCAGGACATAGTCGCGGTAGACCATCAACACGAATTTCGAGTTGAGGTCTTTCCAGTCGTTGGTGTCCTGAATGCCCGGCTCGTTGACAGAGATGAATGGATCGCCCTCCGGCACGCCAAGGTCATGCGGCACGGCGCCGATTTTTTTCGCTTGTGGGTGACGGGCTGGCCCTCGAGATCGCTCTTCCATACCCACATGCCCTGCTCGGGCCACTCTTTGGCGACGGTGTCGGAAAACTCCCGCAGCACTTGCTTATCAACATCCGGCCAGAATTTCAGAAGCGGTAGAGACGCGTAGAAGCGGACATCGAGTGTGCCGTAGTAGGCGTAGTCGAAACACTCCAGCAGGGCAAAGGTGGCAGGCGCCTTTGGATCAGAGCCTGGCTGGCGTCCCCAGAAGGTTCCGCCATCGGTGAGGACGTAGAGTTCGTTGAAAAGCATGCCGCGATACCAGAGAGGCTTGCTCTCGTCGTTGACGTAAGGAGCCTGCCATTTGTCGATCGCGTCGCTCCATTCGGAGGCGTGCAGCAGACCGTCTCTGGCGATGGTCCACGCGTTGGTGCCGGAGGTCCCGTAGAAGTCAGTGTAGCGGCGCTCCCATTTGCGGCCCTCGCCAAACTGGACGAGCGGGAAATCCCATGCAACCACCATGGGGATGATTCTGCTTTCGCCGGGCTTGAGGGTGAAGCGGACTGCGATGGCGCCGCCAAGCTTTTCCTTATCACTGACCCAGCTCTTGTCGTTGTTGTCGAGGCGACCGTCCTTGGAGAACGGCGTCCAGATGGCATGGCCGTCGCCTTCCGTCTGGTACGAGTTGTGATAGGTGATCTCGACTCCAGGCGAGTCGATGGAGGCTATGACGAACTGACCGTCCCACTCGTTGGGCGCAGTGCCAGCGCGCAGTCGGTCGAAGACGATGCCTTTCATCTTGCCGGCGCCGGCGACGTCTTCACTTTTGTAGGTATTGAAATTGCCTTGATTGGGAGCGCCTTTAAAGTCGCGGGTAAAGGTGCGGAACCAGCCGGACATATTTGTCCATGATAAAAGTACGGACACGGTTACAGTTTTGTTCGTCGGGTTGTCGGCATGCCAGCGATAGATGGCGACCGGATAGCTGGACTCCTTGTAGTTGCCGGGGAGGACGGGCGAGAACTGTTCGAGCGTCAGGTGGGCGGGGAACTTGTCGTACTTGTAGTCGAACCACGCCTTGGGATTGAGCGCATAGTAGTTGCCTGCGCCGACC
CP030840.1_gap97	3542816	3545600	2784	AGGTGGGCGGACCCAGTGTTATGTGTCTTGTGTCTTCAGGCGCCGTTCTTCGCGCTCATCCCGGCTGCGGAACAGGATGATCGACGATCTCTTCTGCCGTTGGGTCCCAGTAAAGCTTCTTTCCCGTCAAATACGATTGGGCCGCCATGATGATCACGATTGAGTGAGAGAATCCGTGATCGACTGTGGCGCTCGGCTGGCTGCGGTTGCGCATGGCGGCGAACCAATCGACTACATGACTTACATCGTCATCGTCGGGGCCGAGCGAGTTTGGCGCCGCTGCCCCCGGCACCTGGATCAACTCTTCGGCATCGTTGCCGGTTCCAACGATAGGCACTCCTTTGTAGACAGGGCCGCCACCGTAAGGATCATACTCATCTCTGCCGCCCTCTTTGCTCACCGTGAACAGCGAAGCCCCTTCTCCCCCATAGTTGGCGATCGTGCCGTCCCTGCCCTGGATGCGAGAGAAGCTCCGGTAGCTGTTGCTCATGATGGACTTATAGGTGTAAAGAAATCCCTTCGGATAGGTCACCGCCGCCACGCAGGCGTCAGGATTCTCGCGCCCATCGGTCCAGGTGAAGACCCCGCCATTCGCCACCACGCTGACCGGATAAGCTTCGTCGGTCCACAGGTGCACCAGGTCGCAGCCATGACTCATCCATTGATCGAAGAGTCCGGAAGAGAAGTCCTTGTACAGTCTGAACTCCAGATAGACATGCGGGTCAAACGGACGGTCCGGCTTGCCTAACAGCCAGCGCTTCCAGTCGGTGTCTTCTTCCTTGAGTTGCGAGGGGCGATTGAGCCATTCCTTCCACTCCATGTTGCGGTCCTCTAGCATCTCGCGCGAGACGCCGACGTCCCAGGGGACGAAGCGCCAGCGCTCCTCGTTGACATTCCATTCCTGTTCGACGTGCACCACCTTGCCGATGCGTCCTGAGCGAATAATGTCACGCACAGCGATCTGGTATGGCTGGCTGCGGTGCTGCGATCCCATCTGCACGACTTGCTTCGAGTCCTTGGTCACATCGCGCGCTTCCTTGGCCTCTGACAACACGTTGGCAAAAGGCTTTTCAACGTAACAATCCTTGCCCGCCTTCACCACTTCAGTACATAGCTTTGCGTGTTGAAAATCGCCGGTTGCGATCATCACGCCGTCGATGTCCTGGCGCGCCAGCATCTCTTCGGAGTACTTGTAGATCTGAGGTTCGAGATTGAATGCCGCCCGTACCTGGGCGGCCCGCCGATCGCGCGCCTTGTTCCAGATGTCGCAGACTGCAACCGTCTCGACGGGCGTCTGTTTTGAGGCCAGTTGGACCATATGTACATGGCCATGACTGCGGCCGCCGCAGCCCAGTTGTCCCAGACGTATCCGGTCATTGGAGCCGAGAATCCTTGCGTAGGAGCGGGCGCTCACGCTGGCTGCCAGCAAAGTACCGCCCGCCTGTTTGAGAAATGTCCGTCGATCGGTACCTGAATTCGTCTCTTGCGTCATAACGCCCCCATCGGTCCTGTGCACTTTCTTGTACAGTCCTTGCAGTGCCGGCCGCTTCGCTTCCTGGCGAGGTTTAGTTACCGCGCCAAAAGCTGTGAAGCTCTGCGGCTGAATCCTGATCGAGATAGACGGTCGCATCGGGATGCGTCCGTAGAATCGTGGACGGGCACTTCGTCGAGATATCCAAGGTCAAGGTTTGTTTCATGATCTGCGCCTTTCTTTTTCCCGGCACCGAAACAATCAATTTAGGCACTCGAAAGAGCGCGGGCATCGTGACTGTGATCGCACTCTCGGCCGTGTCTTGAAAAGTAGAGAACCAGCCCTCAGCGACCTGCTGGTTGCGCGAAACCGGATCGAGATGGACGACCTTGACGTCCACAACATCAGCAAAGTCCGCGATTCCTGGATCGTTGAACGCCAGGTGGCCATTCTCCCCGATTCCCAGGAAACACAGAGCGGGTGAGGCCGCAGCTAGATCTTCTGCATAAGTACGGCAGACAGCCTCCGTATCCGCGGAGCTCCCGTTGATTTCGTGAAACTGATGCAGGGAAACTTTCTCGGTCAGCCTTTGACGAAGATACTTCCGGAAGGAAGCTGGATGGTCTGCCGGGATACCGACATACTCATCAAGATGAAAGCCGCGGATATGCTTCCAGGGAACATCCTGGATGCGAGTGAGCGAATCGAGCGTCTCCAGTTGCGATGCTCCAGTGGCAAAAATGACGCCGATAGACCTGTTGTGCGCCAGATCGCGTAACGCTCGGGCAGCAGCTTGAGCGGCAGCTTCGCCCGCCGCCGCCCGAGTGGGATAAACCTCAACCTTCAATGTTCCGACTTCAAAACGCTCGATATCCGTGATCGGACTACCCATGACCCCTCGTCTTTTTTGAATGACCGGCGTCGTCTGGCTCTCGGACGATCTGGTGTGATCTGTAGGTGGTGAAGCGACAGCGAGCCTGCGGTACTGAACGATGTAGACAATCGTTAAATGAAGGCAACAAGCGTGTCAAGAAAATTTGCCCATTAAATGAGAATTATTTCTCAAAATAGCGTGCAAGAAACGCTTGGCTAATTGAGTGGATCAGAAAAATTTCTCGCTATGTATACTGTGTGCGAACAGAGCGCACAATGAAGCATTGCCGCCTGTCCCAACGTGCCATGAAAAAAGACGCACCCAAAAAGAAAACAGGACTTCGCGAAATAGCTGCTTTGGCCAAGGTCAGCGTCACCACCGCGTCGCGTGTACTGAATGGAAATAACCGGGTCGATCCAGCCATTCAGCAGAAAGTGCT
CP030840.1_gap98	3564343	3569026	4683	CAAGCGCAAACCTTACCACCGTCTTCGGGCCCACTCTCACCAATGAGTTATATGTAGCCGGAGCGTATTTTTCACAAGTCTTCAACGCGAGGGAGCCTGCGGCCTACTCAAAGCTTCCGGCCATTCAGGCTTCAGGAAATCCTTATCAAGGCTTGTACAACAACGGATCCGAAGCCCTGCCCTCGCTCACGGATTATGGTACGGACGGGCTGCCCTTTCTCAACCTTTTCGATCCCACCTTTGGCGGGATCTTTACCAAGAAGCAGATCCGGATGGCGGGAGACAATCTTTCGAAATTGATAGGAAGGCATACATTGCGGGCCGGAGTCTTCTATCAATATTCCAGCAACCCCCAGGCGTCGCAGCAGGGGACCAACGGCTCCATCACCATGTACTATCTTCCTGCTAACTGGGTGGATCCGATTTTAGGAACGGTCTACAACACCGATAGTAACTTCCCCGCCGGAAGCACTCAGGTTGGCACTCCCGGCAACTATGTGGCGGATTTCGCAGAGGGCCACGTTTCCGGCTACAGCCAGAGCAATATCCAAGTCGAATCCAACATGTATTTCTGGAATTTCTCCGGCTATATCCAGGACCACTGGCGAGTCACTCCACATCTTTCGGTCGATCTGGGCATTCGCCTAGAACACTTTACGCCCTGGAGCGATGCTCACGGGGTCGGCTTCTCGATCTTTGATCCTCAGGCGTATGCGGCCGGAACACCCTCGACCTCGCCGGGCATTCTTTACCATAAGATCGATCCCACCGTACCGCTCACGGGCGTGTCTGGCCGGGCCGTGTGGCCAGAACCGCGCGTGGGCTATTCGTGGGATCCGTTCGGGCGCGGCACGACCATGCTCCGGAGCGGTTTCGGGATTTACCGTCAGCACGATTCCTTCAATGATGTGAATAACGCCCTCTCAACCGGGCTCGGCCAGCGCAGTTTTAATTCCCCCACCTTTACCTCACTCGCAACCGTCCATGCTTACCAAAGTTTGGCATCCGCTCCCGGCGCGTTTACGCCGGACCAGAACATCAATGGGTCGCTCCTCAAAGGCGACACCCAACAGCCCGAGGTTATGACCTATAACGCCGCCGTCGACCAACAATTCAACCACGGCCTCACCTTTGAGATCGCTTACGCGGGAAATCGAAGCGAACATCTCTTAAATAGCGCGTTTGAGAACGTTAACGCGCTGCCCGCTGGAGCTCTCTTCAGTGCCCAGCCCAATAGCCGTTCTGACACGGCCGCGACCGCGGGCATGGTGTACCCCTTTTTTACGCCTTCCACCAACAGCCCCGCAAATACCAGCTTGCAGAACATCGACCAAGCGCACATCGATTCCTTCAAAAAATATCCGCTGTATAACTCGGTGAGTGCCCAGCAACACAACGCCTACGCCAACTACAACGGACTTCAGACGGTACTGAATATGCAGGGTGCCCATGGTCGTCTCGGAGTCAACTACACATGGTCCAAGGCTCTGGGTGTCGTGTTCGGTGGAGACCCGACCAATTACGCCAACGACTACAACCTCTTGAACCTCAGCCGGAAGCACATTTTCAATGTCACGTACGGTGTCTGGACAGGGGAGTTAGTCAAGGATCGTCGGCTCGGTATCCTCGCTAACGGCTGGGAACTCTCAGGCTATGCCGGCTTCCAGAGTGGCGCAAACATGCCTTCGCTTTATGGGAACAACTTCGGTCTTGGGGGAACGCTGACCGTTCCGACCGGTACCACTGCGACCCTGCCAGGGCGCAGTCCTTCTACCTGCGCTGCCAACCCGTGCGGAGTAGGTGTGAGTCCCACTCTGTGGATTGGAACGCCCGACGTCAACCTGCAGCCTGCCCTGCTGGGCGCGCCACAGGGTCATGGGCCACATCAATACGCCGACCCGAATTCCTTCGGCCTTCCCGCCTTGGGAAGCAATGGTAGCTTCCACTTCGGTTACATGCCAGCGCCGCCCTACTTCGACGCGGATACCTCCGCATCCAAACGGTTTCGGTTGACCGAAGGTAGCGGGATCGTATTCCGGTTTGCGTCTTTCAACGTCCTGAATCGGCCCAATACGAGCTTCTCCGGTTTGGCGAGCCAGGAATACACTCTTCTTTTCAACCAAACGCAGACTGGTGCAGACCTCGGCAACATCATTAGCGGTGCTAAGACCTCCAGTACAAACTTTGGAACGGCGACCTACAAAACAGGTCGTCGCATCATGGAGATGTCGTTACGTTACGAATTTTAATGACGCTTGTACTCCCACGGGACGGGATTAGCAGGCCCGTCCCATCCTTTTGGGTGTAGTACGCATCTGCAACGACCACAGATCGTCTTTCTAAACGAACTATTCCAAAATGGACTGTCCCCGATATGTCGCAATCGCCTTAGAGTTAGTTCTGCCGATCAACCCGCAAAAGACGTAATTCTTTTATACGGATGCGAGAATTACCGAGGAGCCTTAGAGTGCATGGAGCAGCGGTACGCACGGTGATCTTTCGGACCCTCTGCCTATCTGCGGCAATTATCGTCTTAGGCTGCAGCCTCAGGAGTGTCGTGCCGCAGAAGGCTCTTCCAACCAACTTGTCTCCGATGGGGAGATTTCAAAACCCGATCCTATGGGCAGACCTTCCCGATCTAGATACACTGCGCATCAATCGCGTATGGCAACACCAGGCTGAAGCGTAGTAGCTCCCGAACCCGGCGACGTGAAATACCAGTGTCTTTCAGGGGACGCTGGGGGGACTTCAGAGGTGATAAAGAGGTGGGAACCAATGCAAACCCAAGCAAGGTGGGATCCTCAATCATTACAACCGTTTGTGCCGGCAAACAGCGAAGCCTTACCTACTCATGCAAAGTGGTGCAAAGTGCATTAAAACGCCCTCTCACGGCGGAGAGTACGGGTTTGATCCGCGATGACGCTACAAATGAATCAACAACTTACATCGGTGTTAACTCACTTGACTGACTACGAATCTTAGTTCCGGCGCGGCTTCTGTTGGCTTTTGCAGCGGTGGCCATCGCCGTTTTCGCACTAATGGTCTGGTCCGTTCCCCGGATCTGCTGAATCACCACGGGAGGTGGACTTAAAAAGATGAATCTAACGTTGGAACACCGGCTCTTCGGAAAGTGGTACTTCGCGGCCAACCCGCTTCACTCGGTCTCTTTCTGGGTGATCACGGCGTTCGCCGGCATCCTCGTTCCGGTGGCGGCGGCAAGGGCGTATCCCGCCGGACCCGGCCACCTGTTCGCCCGGACCTTTACCATCGGAATCGCGCTCGGCATTTGGCTCATGCACACCCTCTTCTTGAGGAAGATGCGCGAGCTGAGAACCGGGGAACGCGATCCGCTTGCGGAGGGACTTCTCGTCAAGGCGACCGATTATGCCAGCCGGGTCGTCGTAGTCGCGCTGATGGCGATCGTTGTCATTACGCTCAACTCGCGATAGGCTCGCGCTCATTCGGTCCGTAAAGGAATGCCGCTGGAGGGAGGCTGACGGTTCTTCCTGCACGCGGTAAAGTGTTCTTACGCCTCCCACAGAGCTGGAATTCGCCAGCTGTTCCAACCTCAGCCCCCATGGAAATGAGTCTAGCTCCAACATTGGTCACGCTGTTCGATGAACTTGGAGCGCCTACTCAGGTTTCTCCGCGATCTGTCATTTGCGCGAGCTGATGGCGAAAAATCTCGATCTTGCTCATTAAATGGGTTGTTACTACCTAGCACTCAGTGTATCCGCAGTTGTATTGTCGCCACATCTCGAGTGACCAAAGCGGCATATCAACGCGCTCGCTCATAGCAATTCTCTCTTTCCGTTTGTTATCGACGGAACTTCGGCGTAATACCATCAAGCACTAGCTCAACTGCACGAGTCCTTCTGGAACTCAGATTGGACGAAGCGATTGTGCGTTGCTGATGAGCAATGTGAGCACCCTACACGCCAAGAAGTGCAGAATAGTACAGTCATCATCCCTATCCAGTTCTCGCGCCCCGAGCGTGATTCGGGCGATCCGACAAATTTAGATTTCTATTCGCCGGCTTCCGGCACTTACGTCGAGATCAAGCAAGTTCATACTGACCGGATAGCCGCGCAACTTAGCCTCGTTAAAAGGCCGAACGGCTGCGTTGTCTTGGTGGGTGAGGCTGCGCTAAATGCGTTGTTCGAGTTTGCACAGAGAAAGTTTTGAGATGGATCGTTTTCGTAACGACCTGAACGACCTATCCAAGATGTAGTCGCGGTCGCGCAAGCCGAAATGATGGTATTCCAAGCTGATGCAGCTTCCGGGCCAAGGTGCCGAAGAACCATTCAGTGAAACCGGGAACGCTCGCTTGCTGATCGTCTCAAAGCAAAGCGGATCAAGCGGGCCATCGAAGACAAGAATGCTGCGCACCCGGCGTACAAGGTGGCTTGTCGAGCGCACTGGACGGGCGAGCGGGATACGCATCCTTAAGGGTAGTCTCATCAGGAGCGCATATAGTGTAGATTTGATTGCTACATGAGCTGCCGCTTTTCTGCGATGCTGCACATTCCCGGTGATGTTCGTGACGCTATTGCTTTCTACGAGAAAGCGTTTGGCGCGACGACGGGCTGGAGCACGCCTCCGGGCGAGGATATGGTAGCGCAGCTCATGGTGCAAGGCGCTGAATTCTGGGTACATCCGGCTGGAGCGGACATCGGTAATCCG
CP030840.1_gap99	3583089	3583942	853	CCCGAGCAGCTGCGCAATCAGAATCATTCCGGCTTCGCCATCATCCGCCTCCCCGTGGCCTTCAATCTCGCCGAGACCGCTCAATCCTCCATTCGCCGTTACCTGCACGGTGTTGAGGTCAGGGGACTCCGATCTTGCCAGAGCCAAGGCACGAGAAGCGAGCGCCTGAAAACCATCAACGCCGACGGTTGCGCTGAGTTGCCGGCGCAGCCTCTCATAAACGCGCACGGTGGCGGGTTCAAATTGCAAAATGGATGCACCTGTATCGGCCTCGCAAGCAACGAGGCTGCGGGCCAAATCACGCGTTTTTTGTGGAGAAGGCATCGTTTCGGTTCTTTGTTTACAAGCTACGTTCGCCTTGAGCATAAAGCATTATCCCGACACGGTTCATCGTACTCAATTCAACGTGTTGCAATCCAAAGATAATTGAAACATTTCTGAAGGATGAGCAAACTTGAACGGGTTGTCCCGCTGCCGGGGAATCCGTAGGGTGCAAGGACTGCTCGTTTGAAGGGAGAAGGTCCAGCTTGACCCCGACTGCAACGGATGATTACCCACCTCCTCCTTTACTAAAATGCTTTTTATACCCCCCGCGCAACCCTCACCAATCACCCCTCACGGGCCGCAACAGTAAGTAGGCCTTCTAAGGTTGAACTTGAAAAGCCACGATTCGATGCCGCCGCTTTCCTTGCGAACGCCGGCGTGGGGAGAAGAATCATCCGATTGGGGCCGAAGAAAGCGCTCCTTTCGCAGGGAGAACCCGTGGACTCGCTCTTTTGTCTTCAGAATGGTCGCGCAAAGGTCACTGTAGTTTCTCCAGCGGAATGCTACTCCTCTTTGCCTCCCTCCCCTC
CP030840.1_gap100	3586882	3591834	4952	CGCCGATGTAGTGGCTTGGGACACTGACGTACAAGCTGCCGATTTGAATTGGCAAACTGCGCGTCGCGACAGCTTGCGCATTCTTCCCATCGTTGCCGACTTTGCTCGACCTACCCCAGCGGTTGGTTGGCAAAATCGCGAGTGTCCCAGCCTGCTCGACAGGGCCAAAGGTCGATTCGACTGTGTCCTAATGTTGGGCATACTGCATCATCTTCTACTTGCCGACCAGATTCCGCTTCATGCCATCCTTGAACAGCTCTCAGGTCTTACCAAGCGCTGGGCGATTCTCGAATGGATACCGAAAGAGGACTCGCAATTTGATGGGTTATGCCGTGGGCGCCAGGAACTCTATGCCCACTTGGATGAAGGGTTCTTCATTAAGACACTGTCCAGCAGATTCTCGTTGCGCGATCGTTGTCACCTCCCGAATGGCCGCACGCTGTGGCTGCTGGAGGCGACCGCTTGAACAAACGACGATATTGGAAGGAGTTGGCTTGGTGTTGTTCTTCGCACAGAACAGGACGAGCCATACACCCTGTGGCTCATCAAAAATGAACAAGAAAGTAGAAATACCTGCCGTCGCATTAGGCGCGACGACCATCTTTCTCACGTGGATTTTGGGTCCTCTGCTTTCGGGAGGGCATGACGCGATTTATCGTTGGAATGGTTCCGCTTCGACGCTCTTCGTTCCTGCCGCGCTGGACTTCTCCTTGTTTTGGCTTGTGTTGACTTGTTTTCTTCTGATTGCGTGCAAGCGCGGTCGATTGCGTGTGGCTATATGGTCGGGAATTCTGCTGTTTACGCCGTGGATTGAGATCAAGAATTGGAGTAGCCTCTCGGGGAACACACCTTCCCCAGCCTTGACTCGCACATTACTTGGCGCGGCGATCTTGGGCCTCGCACTTTTGGTATTGCTTTGGCGTCCGTCGTTCGAGATCTGGTTTGAGCGCATTGTGCACTTTGCGTCTGTGCTCCTTGTTTTCGCAGCGGTGCTTGGGGTCTTCTTCCTGGTTGAACTCGGCTGGTTTGGCTGGCAAGCGCGCGCCTTGGATGTCCGGCGGACCATCGATGATTCAGAAATCCGTCATTCTCACTCCGTCGCTCAGAGCGGAGCTGCAAGGCTGCCGAAGGTAGTTTGGATCATCTTCGATGAGCTCTCTTATCGCCAAGTATATGAGCATCGTTTTCCAGGAGTGAAGCTACCGGCATTCGATCGAATTGGCAAACAATCTTCAGTGTTTACCGATGTCATCCCTGCGGGCCTATCAACCGCCCAAGTTATTCCCACTCTTATGACGGGTGTACTTCTGGATAAGATTCGTTCGTCGCCCGACGGCCAATTATCGGTGCATCATCAAGCCTCAGGGGAGTGGAAGCGTTTCAACGAGCATGACACTGTTTTTCAAGATGCGATATACGACGGCTATGGCACTGCTGTAGCGGGCTGGTACAACCCTTACTGCCGCATTTTGCCGGAGGTTTTAGACCAATGCTTCTGGACCTATAACCGGGCGGCGCCCAATGGAATTCTACCGAATCGGACCGCATTCGCAAATTTGTTAGGCCCGTTGCATTATGCAACTGAAGCGGGCAGGACGAAGGAAGAGCTGACCGCCGGGTATGACATCTCGGACTACCGAGAGATTCTTAATGCGGCGGATCGGATGCTCGGCGATCCTTCGATGAGCCTCGTACTCATACACTTGCCTGTTCCGCACCCTCCGGGAAAGTACAATCGACATACGAACCAATTCACAACGACAAACTCAACCTACATCGATAATTTAGCGCTTGCCGACGAATGCCTCGACCACATTCAGTCCGAGCTTGAGCAATCCGGCCATTGGGATTCGTCTAGTGTACTCATTATGGGAGATCATTCCTGGCGTACGATTCTTGAGCATTCGTTGACAAAGGAGGAGCTGGAGGCCAGCGATGGTGGGCACTTTGATACGCGCCCGTTCTATTTAGTTAAATTGCCCTACCAAGTGACCGGAATCACGATTGATACACCTTTCGCCACCGTGAATACGCGCAGGCTTCTGGATCGCCTTCTCACACACAGCCTGTCATCTCCTGAGGACCTGCATAACTGGACGCAACATCTCCAGCCAGCCAAGATCGGGGAATACCAAGGGACAGTTCTTCCATAACGCGAAGTAAGACGGGTGATTGGCTATTTCGTCTGCTAAATGATTAGGTGTTCATCTGCGGAGTGCTCTTCAGAGTCTTTGGTAAACAGCGGATAGAATTCGGGCAAAGCCCGTTCACCTAGGTCGGAGTTACGTACCTACCAAACGTGAAGCTAGCCATAACTCAGACATTGTCTTATTCCCTTTGTCTGTGAAGACCCTTGTAGCTGATTGTCGCGGACACGCTGGCTATTTAGGTGGATTTAGCTCACTTACCCGAGACTAAGAACACCATTCAGTTGGCTTTCACGGGACGTATTTCGTTGACGATAGGCCGTCCAATCTCTTCAGGGAACGCGTTCAACACGAGCAAACATCTAGCTAAGCCTCATGTTTGCTGGTAAAATTCAAAGAGATATAAGTTTGTATGCGTATGAGTGACCAGCCGGATTTCCCACGGAGAAGAAAGTACCTAAACGGTCACTTGCTACACATGTTCCTCGGCTGGATGGAGGAGCGAGCCGCCGAACGGGTGAGGAGTCGCCGTGCCAATTGCCCCTGGTGACAATATCTGGAATGACCGCGCTCACGGAGGTGGTTGTTTCGGCCAAGTCCATGCGCGCTTTCCAGCCGCAAAGCCCGTTTGAGTCGCAGATCACGCTTTGAAGATGCTAGGCAACTCATGGGTTACAGCGGCATTGTGCCCAGTGAGGACTCCAGCGGCGAGCGAACGCAACGCGGGGGTATCACCAAGACGGGCAACGCACACTTGAGACGCATCGCAGTCGAAGCGGCCTGGAGCGACAGGCTCCGACCATGCGTCGGACCGGCGTTGCTCCAGCGGCAATAGGGAGTTGCGGAAGAGATCAAGGAGACAGCCTGGAAGGCACAACACCGGCGGCACAAGCGCTACTGCAAGCTGGCAGCGACCCGAAAGGATCAGAGAAGTCTCTATGCGACAGGCTTAGCCGGACTCGCGACACTAGTCAGAGGCAGCTCCCGACGGATCAAGATTATGCGGTTTCGACGCGCAAATATCAGACTGATCAATCGTCGCTCAAACACGCTTCGACTGCTGCTTGCCCTGTCCTCGAGAAACAGCAAAAGCAACCGCAACGACAAAAAACAACCCACCGATTCGCAGGGATGGACAGGGTCACTCCATATTGGTGATTTGTCACGCATTGAGAAAGGCTGATCGCGCGAAAGATCAAATGTCCGAGAAACCGGTGGTTCGGACATTTGATCTTTTAAGACCCGGCTACTTGCGAATAGCTTTTGGTGTATGCTCGCAGCTGCCATCGCAAGGTACTGTGGATTAGGCATAGACAGCGTAGATGCGATCCTGGAAGAGCTCATTCGTGCCGGTAAAGAGGAACTTGAAATCCGTCCACCCGCCGAAGCCAACGGTAGTCGGAGCCGAGACGTTGCCGGGGAGTCCATTATCGGTGTAGGAAAGCAGTTGACCCTGGTCGTTTACTGCGTAGATACGGTCTTGTCCAAGTTGGTTCTTGCCGGCGAAGAGGAACTTGAACTGCAACCATCCGTCAAAGCCAACGATGACTGGTGCCGAGACATTCCCGGTATTTCCGTTATCGGTGTAGCAAAGCAGTTGACCTTGGTCGTTCACCGCGTAAATGCGGCCTTGCCCGGTTGCGTTTCTGCCGCCGAAGAGAAACTTGAACTGCAACCATCCGCCAAAGCCAACAATCGCTGGAGATGACACATTGCCGATAGATGCGGCGTCCCCATAGGAGAGCAGTTGGCCCTGATCATTTACCGCGTAGATGCGGCCTTGCCCGTCTGTGTTCCAGCCTCCAAAGAGGAACTTGAACTGCAACCATCCGCCAAAGCCAACGACGACTGGAGACGACACATTGCCGATGGTTCCGGCATCTGCGTAGGCGAGCAGTTGACCCTGCCCGTCCACCGCGTAGATGCGGCTCTGGCCGTAGATGTTTTGACCGCCGAAGAGGAGCATGAAGGCCGACCATCCCGCAAAGCCGACGCCTACCGGGTTGGCTACAGCGCCGGGAAGATTGGGATCTCCATAGGAGAGCAACTGGGGGACGTAGACGCTCTGACTCACGGTTGCGCCTGAGGCGGGCGTGATCTCCCGATAGATGGTGTTGGAGGATTCCCCGGTAGGAGTCTGACGGACGCTGGAGCACTGTGTGCTCGCGGCCTGAACTGCAAGTGCACCCTGGGATATGGAGTAGGTCAGAGTTCCAGCGCCGGACGAAAAGGTGCACGGCAAGCCGGGCGCAGAGACGAGGTCGGCCTGAAAGCCGTAGATCGGAAAGAGGGCGTAATCTGCCGGTTCAGACTGGCCGGCGTAGTTCTTCCACGGCTGGGTGCTGGCTGATTGAACCTTACCGCCTGGATCGGTGATGCTGAAGGTCGCCCCGGTCACGTTTCCGTTGCTGTCGGTCGGGAGTTTGATTGTGATCACTGAGCCCGCAACCACCGTATTCGAAGCCGTGGAGCCAACAACAGTGCCGGTTATGGAGGAGTTGGGAAAGACTGGGAGCCATGGACTCGTATTCGCAGGGTTCGGCGTGTACCTTGGGGGCCACCGTATTTCGGGAGGGTTGTTATTCGGCCCCGCTGTTCGATAGGACTGTGCGCTGGCCCAGTATTGAATTTCAAAGGTGACCTGGTTGTTGGCCACGATGATGAGATATTGAAACCAGTTAAGCTGGCCAACGATTTTTCCCGGGAAGGTTGTGTCCTGGGTTGAATTCGGGGTTATCGCTGTAGGCTGCGGATAGGAATTCAACTGCAGTGAGAATCCCTTGTTGTTCACCTCGATCAAATCCT
CP030840.1_gap101	3648170	3651322	3152	GGCCAGAGCGCTTCCCCTTCGTTGCGACCGTCACCGTCGACTTCAGCGATCGCCGGCATGTTGAGGTAGTCCCAACCTTCGTCCGGATGCTCCCTGAGCAGCCAGCCAATGAGATCGTCATGCGACCAGCGCGTCTGGATGACCACTACGGCTCCATTGGGGGCCAGACGCGTGTACGCGACCGTGGAAAACCAATCGTGCAGCGTGCGCAGCATAACTTCGCTGCGGGCGTCCTCCATGTTGCGGATTGGATCGTCGATGAGGAGCAAGTTTGCTCCCCGGCCAGTGATAGCTGCCCCAACACCAACAGCGAAGTAATTCCCGCCCGCGGTCGTGGTGAATCTCTTCATGGAGTTCGAGTCTTCCGCGATTTTGAGCTCCGGGAAAGCGGCCTGCGTATAACCATCATTCACAAAGTTTCGGACCTGCCGGCCAAAATCGTCCGCAAGGTCCTGGCCGTAACTTGCCGTAATCACCGATTTGCCAGGATTGCGCCCCAGATACCACGCAGGGAAGATCGTAGTAGCCAGCAGTGACTTGCCATGCCGAGGCGGCATGGAGATGAGCAGGCGGCGAAGGCGGCCTGCTTCTACAGCTTCGAGTTTGCGAATGAGCTTTGAATGGTGCTGGGACAGCTGAAATGAAGGGAACATGAGCGGGGCGTAGGCTGCCAGGCTAAGTCGGGCAAGCGCGAAGACTTCCTCACTTTTGACAGACGTCGATGATTGCATGGCTAAGTGCCTCGTGTTTCAAGTAGCTGTTTGCGATCCGTGCCGCGGTCTCTTTGTCCAGAGTTGCAAAGAACGCCGATCTTGGCTTTGGAAGAATCTCGCCGCGGAGATTTGCGATCTCGAGGCCGATCTTGATTCGCTGGCTGAGCGCGGCCACGGCCGATTGCGTGTGCCCGCGAGTGATCGCCATGGTCTGAACAGACGCGAGGTCCCGATCGCGTTCCTCTAGAAATTCAATAGAAGACATCAGCGCAGCCGGGCGGTGCACCAACGAAGTCGCGGCGGCAGTGAGGTGGTCCTTTCGATGTCGATACAGGTTGCTTTCTGGTAGCCCCACCTCCCGTGCGATCGCCGGGATCGACCTCCCCGCAGTCAGTGCCGCGTCGATCTCGTCACGGCGCCGATCGGTACACACTCGACAGGCTCTCGGCATTGTTCCTCGTTTCTGAAGATCGTGGGGAGCTTTGTGAATACCCAGGGAGCACTTGATCATACAAGCCTTGCCAGGCTCCTCTAAGAAAGGAGTTATAAGGTTCTGACATCGAAGTGCATAATCACACCCTGATCGGTCACCGCCGAGACTGCCGCGCCTCGCCTGCACCCCATGGCGCTGAACACGATGCCCGCGTTTGCTTTCTGTTCCGAGGATAAGCTAACAGCTTCAGCAATGCGTCAAGTTCTTCGAGCCTGACGGGGTGCTGCGCAGCATGGATGGCAGCGACGTCCGGCGCCAAATAAATCAGCGATACATGATCGCTGCTATATCGCGAAGCACATGTTCGCGATGTGGGCACTCGAGCTTTTCTGCCCGAGAACAGATCATGCGGTGCTTCTCTCCTCGAAGATGAGGCGTTCGGAGTTATAAAATACGTTGATCGGACCCGTGACCCCGTGCCGCTGCTTAGCGATGATGATCTCGTCGGCGCCAGTAAAATCCTGCCGATCATCGACGGGCCGATGAAGCAGGAAAACGTTGTGGGCGTCCTGCTCAAGGTTTCCAGTTTCCTTCAAGTGAAAAAGCGTCGGTCGTTCATTGAGGTTACGTGAATTCGCACGACTCAACTGCGAAGCCGCCACGACGGGAATTCCTGCACTTTTCGAGAGACTACGAAGGGCAGCCGAGACCTTGTTCATCACATCGCGGGCATCACGGCCAGTCTCGCTCACGATCTGGATGAAGTCGACAAAGACAATTTTGACGCCGGCCTTACGGATCCAAAGGCGTGCCGTCGCTGTGATTTGACGAGGATTCAAGCTGTCCTGATCGCATACATAGATCGGCAGTTCCGCGAGCGCTCCGGCGCATTCCACCACATGGTTAAACTCAGAGGTATTCATCTCGCGAGGCTCGCGGAACTTGCGCGGCCTTAACCTTGATTCAAGAGACATAAGCCGGCGAAGCAGTTCGCCTTTGCGCATCTCGAGCGACAGGATCAGTACCGGGAAGCCCGCCTGCGCGGCTGCCCGCGCCGCCTGCACGATGAATGAGGTCTTGCCGCGACCAGGATAAGCGCCCACCAGCGAGAATTCACTCCTCCAGCCCGTCGTCACCTCGTCGAGTGATGCAATACCCGTTGGTATGCCGAGTACGGCCTTCTTTGTCTGGCGCTCACGGGCGATCGCATCCAGTTCAGGTTGGATTAAATCTTTCAAGGAGAGCACCTCAACCCCGCAACCCGACTGCACCTCCGCGACGTCGTGTTCGATCGAAGCGATTACGTCGTCCGCCGTTTCATTTCCATAAACTCTCGCGAGAGCCCGCTCGAGCGAGGCCGCAAGGGCTCGCTTTGCAGCCATCGCGCGGAGTGTTTCCAAGTGCTGCCTGACGTCGTAAGTCCGAACCGTGCCCGTCGTGAGGTCGGAAATGTATGTGGCGCCGCCTGCGCTCGATAGTTCATCCGACTGGATGAGTTCCGTCTGGACCGCCGTCAAATCGATTGAAGCTCCACGCCCGTTCAGGCGAACCATCGCCCGAAGGATCCGCCGGTTCCCGTCTGTGAAAAATAGGTCGTCGGTCGCGCCTTCGAAAAACTCAGGCTGCTTCACCTCGAAATTTAGGGCGTGCCCGAGGATTGCGCGCTCTTCGTACTCGAGATGCAATGGCTCAGGCACTCGCCGCCTCCAATCTTAGTTTCTCGAGGGCCCCTGGTCGGACCGCGTTGTCGAGCCGCATGAGGGACTCATCGTCATACCTCTCTTGACTAAACCAGGTTGCTGGGAGAGGGATAAATTGTTGATCGGTACCTTTCGCAGTTTCGCGATCACGGTACAGCTTCACGCGGATTAGGAGCCTCTGCAGAGCTGCTTCGAGGGAGATGTTTTCGGCCTTCGCCACCCTCTCCGCAGCGTGCCGGATTGCTTCCTTCGCCGGTCTTTGAGCTACCCGTTTTGGGTAATTGTTGTAAATCTCCGCGACTGCCG
CP030840.1_gap102	3742784	3745924	3140	TATTCTGTAGCTGACTTTGTTACTGATCAGGCATTGGTCGCAGGTGTAGGCCAGGTGACCGGCCGCACTGGACAGCGCCAATTCCGCGACGCCGGTTTCTTCCAGGATGACTGGAAGCTGACGCCAACACTAACCGTCAACCTGGGCCTCCGCTATGAATACGATCAACCCATCTATGAAGTGAACAACAAGCAGGCGAACGTCGACCTGGACACGGGAGCGGTGTACACCGCGGGCGAGCAGGGTGCAGGCAAGGTGTTTGGCGACAGCCGCGCTCTTTACAGCCCCACCTATACCAATTTCATGCCGCGTTTAGGATTTGCGTGGCAGATGAATCCACGGATCGTTTTTCGCGGCGGCTATGGGATCACCAACTACCTGGAAGGCACGGGAGCAGCACTGCGCCTGAATTACAATCCGCCGTTCCACGGGTCGTTCTCGGAGACAGCGCAGACGCCGACAACAAATTCTCCGGGGACGCCCATTACCGTCGAGTCCGGTCTGCCGGTCGGCGAATCGGCGCCACCCACCAGCTACAACGCCTGGGACAAAAACCTGAAGCCAGCGTTCATTCAGGAGTTCACCTTTGGCAATGAGATCCAACTCGACAATCAGACCTCGATCGCAATGACGTATCTCGGGCAAATTGGCGATCACCTGGTCGATCCGCGCGCAGCCAACCAGCTTGCCGCCCCGGGGGCTATCGCGCCCTATGCTACTCTCGTCGGGCAGCAAGGGTCGATCGTCGAGACCCAGTCGGAAAGCGTCATGAGCTATAACGCCCTGCAGATTCAGGCCCGCCATCGTCAGAGCAATGGACTTGAGTATCAGGTGAACTACACCTGGTCGCATTCCTTGACTAACAATGCCGGCTTCTTCGGGGTCTCCGATGTGAACGGCGCCAGCCCTTACTGGCAGGATGCCAATAACGGCCGTGCCGATTACGGCAACGCAGGCTTCGATGTTCGGCAGAATCTTTCCGCCACCGGGGTATACCAGCTTCCATTCGGTCGCGGGCGGCGATTTGGCAGCAGCATGAATCGCTGGGTGGATGAAGGACTTGGAGGCTGGAAGCTGGCCGGAGACGCGATCGTCTTCTCCGGTTTACCAGTGACGATCAATGGGCCGAACAACACCAACGTCTTCAATCGGGCGGAGCGAGCAAATCAATATAGGACGCTGCGGATTAGCAATCGCTCACTGAGCAATTGGTTTGGCACCGATCCTTCCGCGACGCCTTGCCTTGGGCTTGGGATCGACAACGGGCAATGCGCGTACGGTGCGGCTGGTCCTGGCCAATTTGGCACGGCGGCCAACAACACCGAACGGGCACCCGGCTATGAACAGGTCGATCTCGCGGCATCCAAGTCGTTTGCGATCTCAGAATCGCAGCACCTGGAGTTTCGCACCGATTTCTTCAACGCCTTCAACATCGCCAGCTATGACAACCCTGACAACAGCATCCAGGACAAGAGCTTCGGCAAGATCACGAACGTCCGCTCGCTGCCGCGTCAGATTCAGATGTCCCTGCACTACTCTTTCTAACCATCCGCCTCATGCGGCAGTCACGATTGCATTAACCTGAGTGATCTTCGAACCAAGTGTTGATTCTTAGAAGTTAATGCAATCGTGTTAGTTATTCTCTGGTGCCGACCAGCGAAAACATAGCGCCTTGAGGGTCCTGACCGTTAATAATCCAGCCGCCACCGGGAACCTGCATGGGACCGTTAACAACCTTGCCGCCGCCGGACTTGACTCGCTCGATGGCTCCGCCGATGGAATCGACGCAAAGGTAGAAGTTCCAGCATGAGACCGGGATATAGGGAGCTTTGGTCATCATTCCGCCGTCTCCCATTTCTTTGTGGTCGCCCTGGTCGAAGATGCGATAGACACCCATCTCCCCCATATCCATATCCATCATTTTGGTCCAGCCAAAGAGCTTGCTATAGAAGTCAAATGCGCCGTCGAGGTCAGTCGTGTAGAGTTCGTGCCAGCCGATCGTGCCCGGTGTAGGCGGTGCGGGACGTTCCGGCGAGGGCATGGCTGGGTTGGGGGTAAAGATCACAATGGCAGCGCCCTGAGGATCGGACATGACGGCGAAGCGAAGCATCCCGGGAACATCAGCGGCGGGCCTCAACAGCTTGCCTCCCGCTTCGACGACTTTTTCTATGTGGGCGTCCACATCGTCGACGGCGATGTAGCCGACCCAAGCGGTGTGCCCTGGTATGTTCAACATACCGGCGATGCCGACCTTGCCGAGATTGAAGATGGTGTACGGCATGCCCTCGCTGGGCATCTCCTGGGTCGTCCAGCCGACCACCTCAGAGTAAAACTTTCCTGCGGCCTGTGTGTCGCTGGTCATGAGTTCGTACCAGCCGAATTTTCCTTTGGGTGTAAACATGGCGGAAGTCTTCCTTGTCGAGTAGACGTGGTAGAACTGCGGGCATTTTGCTAACTGGCTACGGTGACATCCCAGCTTGACCTATGTCAACTTGGTTCAAGATTAATTTTGGTGCACGTTTGGCGGCAGAGGCCAGTCAGCGTGAGAGGGTGGCGGGATTGATCGCGCCCGTTGGCTCTCCGTTACTTCCGGCCAATTGTCCGTTTGGACTGATGGTCCGCGCTTCGTTATCAAGCGAACCGCTACATCAGGCTCAGAGCTTAATGCGTCTTCACGGCAACCAAAGTTTCGATCAATCACTTGATTGATCAATCGGATGATGATATTGTCTCCCCATGAAGTCTGAAACCGCCGAAAACATCATCCCCGCCATCACCGAGCAGATCGATCGGCGCAAAAGCTTGCTCCAGGCGGCGTTTGACGTGATTGCGGCGTCGGGGTTTGAAGGCCTCCGCACCCGCGCTGTCGCCGAGCGGGCCGGCGTCAATATCGCCACTCTCCACTACTACTTCCCCACCAAGCAGCTGCTGATCGAGGGTCTTGCGCAGTTTCTCACCGGCATCTTTATGACGCTGCACGCGCCCCCTCTCCCACTCACCGGTTACAAGGCCCTCGACCAACTCCGACAGGAGTTCCTCGACACCCGCTTCTACAACGACCGCTACCCCGAGCTGCAGATCGTTATGGAGGAGCTCTCGCTGCGGGCAAAGCGCGACCCAGGTGTTCAACAAGCCCTAGG
CP030840.1_gap103	3769944	3771650	1706	AGCTTCCATCCCGGCATTCATTCGCTTAGCGGGACCAGCGCAAAGCAGAGCAAGTGTCCTAGAAAGTCGCTACACTCGACGGTCGGTTAGAGGTCGATTGTCATACATCGCTTCACACGGCAGTTCATCGGAAGCCTGTGCGTTTTGGCCAGCGTGACCAATCAACCCTTGGTAACCGAATAGACGAAACGAAGAGCAAATCGGTAGCTCATGCAGAATACTTCAGTTCAAGTGTAGGTTTTCTGCACTCGTCCATGAGGAGACTGGGCCTATGATGGCGTCCACTTGCCGGTACACTGAAAGAAGGGTTGTTCTTTAAAGACGAGAGCCATTCGTTAATTCAGAGATGGCCCTTGGAGGAGAAAGGATGTAATGAAACACAGCCAATCGTCCATTTCTTGGGGAACGATGTTGTGGCTGGTTCTAGGGGCGATCATGGTTGCGGCGTTCTTCGCTTACCTGTTGGTCTATCCATTCTTCCATCAGCCACATCGCTGATCGACCTCATTCGCCACGCATGCGCTAAGCAATCATTGCTTGCCGCGGTCCATGAGCAAAATGGGAATTCCATCCACAATCGGATATTGAAGCCCGCATCCGGTGCATCGAAGCGATACAGGTACGTCTGCCGATGGAAGAGCAACGAGAGATTGGTGACAGCGCGGGCACACGACCATCTGTAACAGCTCAGTCGAATGTGAGAGCTTTCCCATAGTTGAAGTCTATCCCGGTCCGTACCATCACAAACAAACGGCAACCGCTTCCTTTACGATAATGTCGGGTCCTGCGAAACTATGCGACCCGCAAAATAAGAGTCAAGGAGTAAAGAGTGGAAGGGCGATGACAAAAGCACGGATTCTAGACGGAACCACAATTGCCAATGAGATCAAGGCCGAGATTGCCGCGGAAGTTAGCGCGCTGGCGCTTCAAGGAATCAAGCCGGGGCTGGCGGCGGTTCTCGTCGGCAGTGTCCCGGCTTCGCAGATTTATGTGCGCAGCAAGGTCAAGACCTGCGCCGAGCTTGGCCTCTTCAGCGAGCTGATCACTCCACCCGACACGGTGACCACCGAAGAGATGTTGGGGTTGGTGGCGACCCTCAACGCCCGTGAGGATATCGACGGCATCCTCATCCAACTCCCCCTGCCTGCCCAGGTGAACGCCAAGCTGCTGCTCGAGGCGGTCAGCCCGGCGAAGGATGTCGATGGCTTTCACCCGGTCAATGTAGGTAAAGTGCAATCCGGGCAGCCCGCTTTGGCGCCGTGTACCCCGGCGGGCATGATCCAGATCCTCAAGCGCAGTGGCCTGCCAATCTCCGGCCAGAATGCTGTCATTATCGGGCGCAGCGACATAGTCGGGAAGCCGGCGGCCATGCTGCTGCTCCAGGAAAATGCGACCATCACCATTTGTCACAGCAAGACGCACGATCTCGCGGCGCATTGCCGCAACGCGGATATCCTGATTGCTGCGATCGGCCGGCCCGGCTTTGTCACTCCGGACATGGTCAAGCCTGGCGCGACCATTCTCGATGTCGGCATCAACCGTATCAACGATCGGGAAGAGTTCGACCGCTTCTTCGCCGGCGATGTGCGGCGCGAAGAACTTTTTCTGCTTAAAGGATCGACCCTGATCGGTGACGTCCATCCCGCAGCTTATGAAGTGAGTGGCGCGTATACGCCCGTGCCCGGCGGCGTGGGTCCCTTGACGAT
CP030840.1_gap104	3809395	3813956	4561	GGAGCACCGGCCGGCATCCTCTACCCCGGCGATCCTGGCGTCCCCAGCACCCTCGCGCCGATCGGAAATCGCAGCTTCTCGCCCCGCGTCGGCTTCGCCTGGTCCCCGCAGGCCGATACCGGCAGCCTCCTCGGCAAACTCCTCGGCGCGCCTGGAAGCACCAGCATTCGCGGCAGCTTCGGCAACTTCTACACCGCCATTGACGCTCTCTCGATCGGCGTCCTGGCCGCCAACGCGCCCTACGGCACGACCTACACCAGCCCCGCGCCGCCGCTCTTTGCGACGCCGTTTATCAATGCCGCCGACGGGCAGAGCAACGGCCAGCCCTTCCCCTATACCTTCGCTCCTTTGAACTCGTCGCGCCGCAATCCCGACCCCAACATCAACTGGAGCACCTACGAACCGATCAGCGGCATCCCCGGCTACGACATCCATAACCGCACCCCGTATACCGAAGAGTGGATGCTCTCTCTCGAGCGCCAAGCCGGACCGAATACCGTCTTCAGCGCCAGCTATGTCGGCACCTCGAGCCACCGCCAGCGTGTCCTGATCGAACCCAACTCCGGTAATCCTGCCCTTTGCCTCAGTCTCAGCCAGCCCGGCGAAGTCCAGCCCGGCACCCTCACCTGTGGCCCCAACGGCGAAGACACCGTCTATTTCCCCATCGGCGGCGGGCAAGTCAACGGCACGCGCGGCCCCCTCGGCCCAAACTTCGGCAGCAATGCCTTGCAATCGACCATCGGCCATGCCAATTACAACGCCCTCGAGGTCAGCGCCCGCCATACCAGCGGACGGCTCGAGTTCGCCGCCTCCTACACCTACGGCAAGTCGCTCGATCAGTCTTCGAACATCGCCGAAGAGGTCAACCCCTTTAACCCCGCGCTCAGCTATGCCCTTTCGTCCTTCGACGTGAAACATAACTTCGTCGTCAGTTATGAATATCAGTTACCCATCGACCAGCTCTTTAGCCCCGACCGCCTCACCCGCGGCTGGTCGCTCTCCGGCATCACCCGTTTCTCGAGCGGTTTCCCCGTCACCATGGTGAATAATGGCGATAACTCCCTCATTGGCACCAACCCCAACGGCATCAACAACAGCAGCATCGACGAGCCCGACTATAACGGCGGCCCGCTGCGCCTCAGCCACAACCCGCGCATCAACGGCCACAACTACTTCGCTGCCGGCGCTTTCACCATGAACGCTCTCGGGACGCCGGGCACCGCCAAGCGCCGCTTCTTCTACGGGCCAGGCACGGACAACTTCGATATGGCCGTCGCCAAAAACCTGCCACTCACCGAATCGAAGTCCGTTCTCTTCCGCGTCGAGGCCTTCAACCTTTTCAACCACACCCAATTCAGCGGCCCCAACTCGGTCGATGGCGATATCGGCAGCACCACCTTCGGGCAGGCCATCAGCGCCGCCCCCGCCCGCGTCCTCCAGGGAGCGGTGAAGTTCAGCTTCTAACGGAGCGGCCGGCTTTAGCGGATGGGGATACTGGTTCGGAAGAGAAACCACCTGTGTCAGGTGTTTATGGTCTTTCGCGCACGGAGGGAGGCATGCGCGTCAAAAAGACCAGATGGAGCACCAAACGTTACTCGATCCCCAGCTGGTGCTGTAACTGCTCCAACGTCACGCCCTTCGTCTCCGGATAGGCGAACAGCACCACAAAGAACTGCAACACCATCATTGCCGAGAAGAAGACAAAAGGATAAGCCCCGGATGACTTTGCCAGCAGCGGGAAGGTGTACGCGATCGCCGCGTTCATGATCCAGTGCGAACTACTGCCCAGGCTCTGTCCCTTCGAGCGCACCTTCGTTGGAAAGACTTCGCTGATGTACACCCAGATGACCGCGCCCTGCGAAAAGGCGAAGAAAGCGATGAACCCGACCAGCAGCCAAACCAGCAGCTCGTGATGCGAATTCGTGAAGAAGACCGCCGAGACGCCAGCCAGACAGATCGCCGTTCCCACTGAGCCGACGAGCAGCAGCGTCCGTCTACCCAGCCGATCGATCACCGTCATCGCGATGAGCGTAGCGACCAGGTTCATCGCGCCAATCGCGACCGCCTGTAAGTCACCCGACATGCGGCTGAAACCGGCTGCCGCAAAGATGTCATTGAGGTAGTAAAGGATCGCATTGATGCCGGAGAGTTGATTGAACATGCCGATGCTCGCAGCCAGGAAGATCGGCTTGCGATACTTCCAGGAAAATAGCGGCTCGGACTTGTGCGCTCGTTCTAAGTGGATCGAATCCACGATCTCCTTGAGCTCGGCCTCGGAGTTCGGCGAGCCCATCAGCTCGAGCACCAGCCTGGCCTCGTCCACCCGGTCTTGGGTCACCAGCCACCGCGAACTGCGCGGAATCCCGAACAGCATGATGAGGAAGAGCACCGCCGGCAGCGCGGCGATTCCGAGCTGCCAACGCCACTGCGTCGCGCCCAGATGCAGCTGCGCAATGACGAAGTTCGAGAAGTAGGCCAGCAGAATGCCGATCACGATATTGACCTGGAACATGCCAACCAAGCGTCCGCGCCACTTCGCCGGCGCAAGCTCGGCAATGTACACCGGACCCAGCACCGACGATCCGCCGATCCCCAGGCCGCCAATGAAGCGTGCCGCTAACAGCGCATACCAGCTCCAGGCAAAGCCCGATCCCAGAGCGGAGATGACATACAACACCGCCATCACCCGCAGCGTGTCGCGGCCGCCGAACTTTTGCCCGATCGCCCCCGCGGACATCGCCCCGATGACTGTGCCGACCAGCGCGATCGCCACCGTCAGGCCTAACTGCGACGGGGTCAACGAATAGACCTCAGTCAACTGGTGGGTGGCCCCCGCAATTACCGCCGTGTCAAATCCAAATAACAGACCGCCCAGCGCTCCGACCGCAGTGCCTTTCAACAGGTATCGATTCATCTTCAGTATTCAGCCCCTTTACGCTACGACTGCATGAACGGCAACAAGCAAGCGCCAAGTATACCCGCATCCGAACCTAGCTCGGCGCGGACGACATGGGTCTTGCGCGGAGATCGCGCTCGGGATTCCTCCTCGGTGGGGGCCGTCAGCCGGTAGACGTAACTGCGCATTCGCAGCTCCTCCATCATGCGCGGCGCGAACAGCTCCCACGCCGCCGACATGCCGCCGCCAATCACATAGAGCGGCAGGTTAAGGGTGTTCACCAGCGCGCCGAGGCCGATGCCCAGCACCGTTCCTACCCGGTCGAATACCTTGAGGGCGCGCGAATCGCCGGCAAGCGCGCTATCTGCGACGTGCCGCGCGGTCAGCATCGGCGACTCTGCCTCGATCTCGGCATCGTCCTGGTCTAGGGCGCGGGCCTGTTCCGCCATCCGTCGCACCCCGGTCGCCGAGGCGTAGAGCTCCAGGCACCCCCGGCTGCCGCAGGGGCAGACTTCGCCATCCGGATCGACCGTATTATGGCCTGCCTCACCCCCCATGCCGTTGTTCCCGTTCCAGATTTTTCCATCCAGAATGATCCCATTCCCCACCCCGGTCCCGAGCGTCAGCATGCAAAGCGACCGGACCCCATAGCTCTTTCCCGAACCCAACACAAACTCCGCCAAAGCGGCAAGATTCGCGTCGGATTCAATCACCACCGGCGCTCCGACTCGCTGCTCAATCGCCTGTTTCAGATTGAACCGGTCAAAGCCGGGGAGGTTTGGCGGATTGCGCAGGATCCCCTCGGGCAGCTCAAGCGGTCCCGGGGTTCCCAGCCCAACGCCGGCGAGCTTTTCATTCCGTCCATACTTGTCCAACAAACCAACGATCGCTGCACTCATGTCGTCGGCCACGGTGTGCGGACCGTCTCCCACCCGAGTAGGCAGGCTGACGATTTCTGTAAGTTGGCCGCCGTCCGTGGAATGCTGGTGATAGGCAGCTACGCGAAGGTTGGTGCCTCCAAGGTCGACACCGATGGAGTACCGATGCAGGGTCAAGACAGAAGCTCCTCAAGTGGAATCGTTTCCAACAACATAGACTCCTTTATATCTGAATCCAGTCTCCGGATTGCCCAACATCTGCCCCTGAAAGCAACAGGAACTCTATCCACCCTACGACTTTGGTTGTATTTGCCCGGTTTTTTCTTGACACCGCCCGAAGCCGGACTCAATGATACCTTTGCCGCGGAGATGTACCCGGAATTGGAAGGATGTCTCAAGGCAGGACGAACTCATCGCCGGCAAGCGTGTCCGGTACGGCGTCGACCTTGATAGGGATTGCCCTTGCCGCGAATTGTCGTGGTCCGGCGGTCTTCCGAATCTCTGCAATAACGAACGGCCCCAACTCCCCCAGGGCGGACTTGACCAGGATGGAAATCAATGACAGCAAAGCTCGAAATTGTAAACCGATCGCTTCGTGCAGCCTTCATAGCAGCCTGTGTAGGCTTCCCCGCTCTCCTCGCCTCGGCACAAACCGCCATCACCGTTCTTCCTTCGGTCAACGTTAGATCTTCAAGCTCGGCGGCCAGCCCGTCCACACCTGTTACTTACGGATCCGCACCACTCGTTTTGAGCTGCCCGGCTTCCATTACTGCTGTCGTCTCTTCGA
CP030840.1_gap105	3817714	3819796	2082	TGAGTCCCCAGAGCCGTTGCTGGTCGATCAGCGAAATGGCGAAGCTAGAGCCCACCCCCATATTTTTCATGTATTGAATGTGAACCGGCGAGACACTCCGCAGCGTGCATCGGGTCATGTCGAGCGGCCGCCCTTTGGTAAGAAGAGGATCGCCAAGTATCGGCGAAGTCAGGGAGTCCACGTCGGCTATCGATCGGGTTTGCTGGAGGAGATACAAAGCCCTCGCCTGCGATGGGATATCCGAAGCCGGAAAATGAAGATGAAGGAAACTTGCAACATGCGGTTCCTTGTCTTCAGCCACGACCTCTCCATGGTCATCGGGGTGAAAGCGATAGATCATGACGTGGTCGTGTCCGGTCAACGCACGAATGCCCCGGACTGTCTGATTACAGAGCTCCTGTTGGGTTTTCGCCTCCCGAATTCCCTCTACTGCAACTTCCATCCGTTCGGTCAAGTTGTCCCAACCATCGGTCTGCCGCTCCTTTTCTATCTCCACACAGATCAGGTCATTGACGCGATGAGTGAACGCCAGGAGCTGCACTGCGCCCCCGCCCGGCAGATTGATGTTCAGCCGGTTGCCCGGCTTTCGCCCCTGCGCGTCATGGGACTTGAGGATCGCGGCGGCAGAGTCAGCCGTCAGAATCTCCGCTAAGGGCCGGCCTAAAACCGTTGCCGGCGCAATGCCCAAAAAGCTTTCGGCGTTCGCACTGACATAGGCTATGAGCAGGTCTCCACTGGTGACGGCGAGCAGCATCCCGTGGGACTGTATTGCTGATGGGATGTGAATCGGTTCCTGATGGCAGTTCGTCACGTCTACCGGCATCTCGGGGAGATCGCAATGGTTATCGGTGCTGATCATTTTTCATCCATTCCCCGATGGAGCGAAAAGTGGCGATCGCGCCTTCAATAACTTGCTGAGCTTCTCCTGGATGGGCAATTCCATAATCGTCGAGGCATTTCTTGAAGTATTTCCAGGAGTCCTCGGCATTCGGGATGCGACAGGCAAAGAATGCCGTCGCTCCGGTAAGCTGTGCTCCAAGCACTTGTTCGAGACGACGAAGAATGAACCGGGCCCCCAGTGTGGCGCCCTCCAATACATACAGTGCCCCAAGAGAGTGAGCAAAGCTCGGCATGACCGGTAAAGCGCGAACGGGTGCATCTCTCATCATGATTGGAACGACACCCAAGGCGCATAGGTCCGACGCTAACCGCACGGTGCGCAGTCTTTCTTGTATGGACAGACCCGCATCCGACCAGCCGTCACATCCGAGTAATGCGGCCTCGAGTGGACGGTAAAGCCGGTAGAACCGAATGAGACACTCGCGATATTCATCCAGGGTATGAATGGAATCGGGGAGCCTCAAATCTCGCTCAACCTGTTCATGCAGAGAGGAAGTTTCGTTTCGCAGACGCAAAGATAGCGCCGAGCTCGCAGACTGGACGGTTTGCTGCTGGTGGTCCGGCGATTCAGCCGCTGTTTCCAAGGTAGACCGCTGATCTCCTCGGCCCATTTCAGGAGCATGATTCTTAAGCACCTGTGTTCCTGGCCACATGCTTGATACTTCGGACAATTTTGGAGAACCGTGAGAGCATTCTAAGAATCCCGCGCACACCAATGTGCACGGCGTTTAGGTGAGTTAGTAATGAGAGTGTTAGGAGGGATGATCCAGGTCTTGGAGGCAAGCCGTGGTTGCAATGGGGCTTAGCCGCGGAAAGTCTCCACAGAGACCGAACTCCGCATCAGCTATCCCGGTCTGGCGAATGGAACGCCCTTCGCAATGAGCAGCGCACCCGCAGCCACACCAGGCTATGAGTTGGTCTTTGTGGCGGCAACGCCTACCCAGCGATTGCAATCATCAAAGATTGCTTTCAAATCGCTCCGTCTCAAGATATTCTCGGCGCCTGGTTCGCTGCGAACTGCATTCAGAAGGGTCATTGCCTCGCGATACTCATTCCAAGCTTCCTGTGAATTCCCGCTGAGGCGGGAGGCGGTCGCCTGGAGATAATAAATTCTTGCCAGACGCAAACGCATTCCTGACCTCTCTGTGGGCGCTGTGACGTCTTGCAGCGTCTGCCTGGCGT
CP030840.1_gap106	3841165	3843696	2531	ATGGGACAATCCTCACCGCCAACGACAATTTCTTGAAGGTCCTTGGCTACAGCCTTGACGAAATCAAAGGAAGGCACCACCGGATGTTCGTTGATGTGGCCGAACAGAATTCGCCGGCATACGCGGAATTCTGGGCAAGACTCAACCGTGGCGAGTACCAGGCAGCGGAATACAAGCGCATCGCCAAGGGCGGCCGCGAAGTTTGGATTCAGGCATCTTACAATCCGATCCTCGACTCGGCCGGGAAGCCCTTCAAGGTGGTGAAGTTCGCCACCGACGTCACCGCGCAGAAGCTGATCAACATCGACCTCTCCGGGCAGATAGCGGCGATCAGCAAGTCGCAGGCGGTGATTGAGTTTCAGATGGATGGCACAATCCTCACCGCCAACGAAAACTTCCTCCATGTGCTCGGATACTCACTTGAGGAAGTCAAGGGCCGGCACCATCGCATGTTTGTCGATCCGGCAGAGCAAAACAGCCCGGCCTATGCCGACTTCTGGGTGAGGCTGAATCGCGGGGAGTACCAGTCCGCCGAGTACAAGCGGATTGGCAAGGGCGGCAAAGAGGTTTTCATCCAGGCTTCCTACAACCCCATCCTTGATCTGAACGGCAAGCCGTTCAAGGTGGTCAAGTTCGCCACCGATGTCACCGAACAGGTCAAGATGCGCCGCGGCATGGCGGAACTGCTGGACACCATCGGCGGGACAGCCATCGCCATCGCCGCCTCGGCTGAAGAGTTGACCACCGTCAGTCAGCAGTTGACGACGAACGCGGGAGACACGGCGCAGCAGGCCAACGCGGCCTCGGCGACGAGTGAGCAGGTCTCGGCCAACGTGAATGTGGTGGCGGCCAGCTCAGAGGAGATGATGGCATCCATCCGCGAGATCTCGAAGAGTGCGACGGAAGCGGCGCGCGTCGCCAAGGCCGCAGTGACGATCGCCGAGACGACCAACCAGACGATTCATCAACTGGGTACATCGAGTTCTGAGATCGGCAAGGTGATCAAGGTCATCACCTCGATCGCGCAACAGACTAACTTGCTGGCACTCAACGCCACCATTGAGGCGGCCCGCGCCGGCGAAGCTGGCAAGGGCTTCGCAGTCGTGGCGAACGAGGTGAAGGAACTGGCCAAGGAGACCGCGCGAGCCACCGAAGAGATTGGGCAGAAGATCGAGGCGATCCAGACTGATACTCAGGCCGCGGTCAAAGCCATCGGTGAAGTCAGCCAAATCATCAACCAGGTGAACGATATCTCGAACGTCATCGCCTCTGCGGTCGAAGAGCAGACGGCGACGACTACCGAGATCGGGCGCAATGTGACTGAGGCGGCAATGGGGACAAACGAGATCGCCGGGAGCATCTCGGGCGTCGCCAAGTCAGCGCAGCTGACCATGGCAGGAGCATCGGACACGCAAACCGCAGCGCGTTCCTTGAGTGAAATGGCAGCGAGTCTCCAACTGCTGTCGAGCCGCGCGAAAGAGTCCTGAGGCTTCTTGAATGGAGCGCCCGCCGATCACCGTGCCGGGCGCTCTCGAGGTCGTCGCTTCGAGCAACGATATTGAACCTTCCGTCTCATCCGTTCGCCTGAGGAGTTCAAGCCGGAGCGCTCTCCCGAAACTCCGGGCAACTGCGCTGTGTTCCTCAGCGGTTTCGACGGGCTCAACTCTGCTGGCTGCAATGTCCGAACGAGAAGAACTCCTGGAGTTCCGTTCCCGGAGTTCGACTTGAGTTCCGCGGGGATCCGAATGCCGCACCAGAAAGGAGCGTCGAGACCGTTATGCCAAATAAAGTGCTGATAGTCGATGACTCGCGCGCGATGCGATGCATCTTGGCCAAAATTATTGCGGGGCTGGGCTTCGAGGTCTTGCAGGCAGGCGACGGTCTTCAGGCCCTCGCCATCCTGGGGCACGAGCACTCGCAGGTGAGGCTGGTGTTGTCGGATTGGAATATGCCCACTATGGATGGCCTGGCTTTCGTGAAGGCAGTGCGAGCCGACCAGCGGTTTGCTGCGCTGCCGATCGTTATGGTGACCACGGAGACCCATATCGAGCAAATGATTGTTGCCCTGAGCGCAGGGGCCAACGAGTACATCATGAAGCCGTTTACGACCGAGATGGTTGAAGACAAGCTCCGCATGCTTCAAGTGGTGAGGTAGGCTCCTATGAGTAACCAGATCCCATTTGAGACGCCCGGCAGCCGGCCTGGCGTGCGCGGGCCGGGTCGTCCAAAGATCCGCATCCTGGTGGTCGACGATTCGGTGGTGATCCGCCGCTTTCTCGCCCACGCGCTCAACGAAGAACCGGGCTTTGAGGTCGTCGGCTTCGCGGTGAATGGCGCCCAGGCGCTGACCAAAGCTGCCGAGCTAAAGCCGGATGTCATCACGCTCGACATCGAGATGCCGGAGATGGATGGACTGGAGACAGTCCGCCGCTTACGCCAGCAGGCCTCTAAAGCCTGCGTGATCATGTGCAGCACGCTTACTTCGCGGGGGGCTTCAGCGACCATCGACGCGTTGGTGATGGGCGCGAATG
CP030840.1_gap107	3857467	3861199	3732	TGACGCTTGGCTAGAACACCCAAATCGGAGTGAGTCGGAACTCAAAGCCGATTCTTTCTCGATGAGTGACTCTGCGGCTGTATTATCCCGCTTGCGGGACACCGACAGCGATGCGGCCAAAAGAGTGGCTGTATCCCGGTAGCCTTTGCGGTAAACTTTCGCTGACTCTTGCTTGCGGAGGCGCCTGTGCGAAGAGTTGTGATTCTTTCCAGTGTATTGTGGCTCGGTGCTTTGATGTCCGCGCCCGTTTCTTACGGGCAGGTGGCGCAGGGATCGATCGAGCATCCTTATCGAGGTGTTCAGACGAGAGTGCCGGGAGTCTTTGTGACGCCGGTTCCCAACGCACCGTTCTCGGCGGTCGTCGACATCCAGACGACGGTGGAACTGGACAACGGCCAGACTGCGATGCGCAAGACGACGAACCGGATCGCCCGCGACGCGCAGGGACGAATTTACAATGAGCGGCGGCAGTTGGTGCCGGTTACATTTGCAGGGGAGCCGTCCTTGTTGTCCGTTCATCTCTACGATCCGCAGACGCGGATGAGCGTCTTTCTCATTCCTTCTACCCATCTCGCCCATGAGATGGTGCTTCAACAGAGACCTCAAGAGCCGTCGCATCCATTGTCTCCAGAGATAAAGGAGGAAGATCTGGGCAGCAGCGTGATGGAAGCGGTCGCGGTCCACGGCATCCTGCAGACGAAGACGGTGACCGCCGCAGTGAGCACCACCGGCAAGCCGTTGATGATCAAGGACCAATACTGGTATTCCGAGGATCTGCACTTAAACATGCTCATGAAGCATGAAGACCCTCGCACCGGCGCGCAGATTATTTCGGTGACCCAAGTGAAGCGTGGCGAGCCGGATCCAAAGTTGTTCGAGGTGCCTGCGGGGTATAAGGCGGTCGATGAGACTCCGGTGCAGTGAGCGACCTTGCAGCAGACTAGACAACCACACTCTCCCGGTATTCGCCGAACACCTTCCGCATCGCCCCAGCGATCTCGCCAACGGTAGCGCAGCTTTCTACGGCTTCTAGAATCGCCGGCATCAGGTTGGCTCCATTGCGGGCGGCATCTGTCACAGCGTCGATTGCAGATTGACAACGCTGCTGGTTCCGGCGAAGCCGCAGGGCGCGAACTCTATCCACCTGCTGGCGTTCCAGGTTCTCGTCAATTGTTTGTGTGGGGATGTCCGGGTCTTCTTCTTGGGAGTAGCGATTGACTCCGACGACGACTACTTCTCCGGAGTCGACTTGTTGCTGGTGACGATAAGCGGCGTTCTGGATCTCCTGCTGCACCCAGCCTCGTTCGATCGCCTTTAACATGCCGCTCATGGCTTCTATCTGGGCAAAGTACTCCTGCACCTGGCGCTCAATGTCGTTAGTTAACGACTCGAGGAAATAAGAGCCGGCGAGGGGATCGATGCTTTGCGCGACTCCGGACTCGTGGGCGAGGATCTGCTGAGTGCGGAGGGCGATGCGGGCGGCCTCCTCGGTAGGGAGGGCCAGGGCTTCGTCGTAGCCATTGGTGTGCAGGGATTGCGTGCCTCCAAGCACCGCCGCAAGCGCTTGCAGCGTGGTGCGGACGATGTTGTTCTCAGGTTGCTGTGCGGTGAGTGTCGAACCGGCCGTCTGGGTGTGGAAGCGGAGCATCCAGGAGCGCGGATTCTTGGCGGCGAAGCGGTCGCGCATGATGTGCGCCCAGAGGCGGCGAGCGGCGCGGAACTTGGCTATCTCTTCGAAAAGATCGTTATGCGCATTAAAGAAGAAGGAGAGGCGCGGCGCAAAAGCGTCGATCTCCATGCCGGCATCGAGGGCGGTTTGGACGTAGGCGATCGCGTTGGCCAGGGTGAAGGCGAGTTCTTGCGCGGCGGTCGAGCCAGCTTCGCGCATGTGGTAGCCGGAGATGGAGATGGTGTTCCATTCAGGCACGTTTGTCGTGGTCCAGGCGAGCATGTCGGTGACGATGCGCAGCGCGTGATGTACCGGGTAGATGTAGGTGCCGCGAGCGATGTATTCCTTCAAGACGTCATTTTGTACAGTACCGGAGAGTTTTCCGAGGGGGATGTTGTGTCGTCTAGCAACAGCAACGTAGAGAGCAAGCAGGATGCTGGCCGTCGAGTTGATGGTCATCGAGGTGGAGATTTTGTCCAGGGGGATGCCGGCGAAGAGCCGCTCCATGTCTTCGATGGAGTCAATAGCGACGCCGACTTTGCCGACTTCGCCGAGCGCCATCGGATCATCGGAGTCGTACCCGATCTGGGTGGGGAGATCGAATGCCACGGAGAGCCCGGCGGTGCCGTTGGCGAGCAAAAACTTGTAGCGTAGGTTCGAGGCCTCGGCATCGCCCATTCCGGCATATTGGCGCATGGTCCACAGCCGGCCGCGGTACATGGTGGGCTGGATGCCACGTGTGTAGGGAAATTGACCCGGCTCCCCTAAATCCCGGTGTGGATCGAAATTAGCGTCGTCAAGATCTTGCTGGGTGAAGAAGGGCTGGTCACGCATCACCGCGCACCATAGCAGATTTATCTGCGACTTAAAACCGAGCTACCGCTCTGCTCGGCGTGCGCGATTCTTCTGCTCTTTGCGCCGGGCCTTGAAGAACTGGCTGAACGTGAAGGCGGCAAAGAGGACGGTCAAGACCGAATAGATGAGAAAGTGGGTGTGGTCGGGGCCGCTTTTGTAAGAAAAACGAAATTTGTAGACGTTCTGCGCGAAGAAAAGGAAAAACAAGGCGAAGAACAAGCCAGTGATCTCCAGCCAAAGGACGCCGCCGGTATGGGCCATTGGCCCCCAGACCGCCTCGCCGAACCGTTTGGCGCCGCGAGCTACTCCTTTTGCCTTGGCTGCAGCCTGGATTGTGGCTGGAGTTGAGATGGGTTGTTTTCTCGAGTATGACCCCTGACCGACTGATGCCGGGGCGTTCACCGCTGAAGGCGCAGGGGTTGCGGTAGCCCGCTGCTGGACTGCTTTTGCGGCAAGTCGAAGGCCAATCCCTAATTTTCGCCCAAAAGTTTCCGCAGCCATGTGGGAATTTTATCAGTGGGACAGGATTCTTTTCTGGTGAGGACGATTCGGATTGCGGTGCTGGATCATCAGAAGTAAGGTAGTGAAAATATATGTCTGTCCGGGGTCGCGCCCGGCAGGCGGAAATGGGGCTGGCCATTGAATAAGCGCCTGCGGGGTTTGATTCAAAAACTGGGGGAGGCGATCCATGAAACCGTTTCGGAATCAGAGGACATTGCCAGCGTCGTGCAGGATATCCGCAAGCAGGGATTTGACGTGCTCCTGATGTTAGAGGCGACCATCGGCCTGAACGAAGTGGAGCAGCAACCCGGCGCGATCCTGCCGCCATCCAAGCGTCTTGGCTCAGGCAATACCACGCCGGCTGAGGGCGAGGGCGCGGACGGAGAAGTAGTGAACGTGGGTGAGTTCACACTTCAGGATGTAAGCTTCCTGCGTTCCCTCCGGATCGCGGTTGAGGGTGAGAGTGCGGGAGACTCCCAGACCGAGGCATAGCGGTCCGGGTGAAAGAAATCTGGGGATGTGGTCCGATGCGTGAAGCCATGCATTGACCGTACATGATACGGGTTGCATTCGTGTGCTACACTCGCTCGTTCCGTAAGAGAACGAGAATGTCTGGCGGAAATCGAATTTTCGAATAGTGAGCAGATATGCAGGGGCGTGGCAACAGCATGAGGGATACGCTTGGAGTTCTATTAGCTGGCGGCGCT
CP030840.1_gap108	3891031	3894908	3877	GCCGGAGAGTCGACGGCCATCACCTTCACCGGTACCGGATTCGTCCCGAGCACGGTGGTCCTGGTGAACAATACGCCGGTGCCGACGACCTATCAGTCGGCGACATCGGTGGTTGCCGAGGTGACGGTATCGCCAAGCGACACCGGAAACCTCTCCATCACCGCCCAAAATCCCGCGCCTGGGGGTGGCACGAGCCTCTTCTATCTGGAGTCGATCTCGGCGTCGCTCGGCGTCAGAGCAGCGGCCCGGATCCTCGATCAGACGACGTTTGGACCTACCAGCGCATTGATCTCGCATGTTCAGCAAGAGGGGATCGATGCCTGGCTATCGGAGCAGTTCAACACCCCACAGACAGTATTGGCTCCGGTTTATTCAACCCACCCTTCTTATTGCAGCGCAGCTGAATACTGCACCGAGTCAGAGTGGTACCAGGCGGTGCTAACGGGCAACGATCAACTCCGCCAGAGAGTAGCCTTCGCACTGAGCGAGCTCTATGTCATCTCGGCGTTCCCGATCACCGGAGTCGGGGTCACTCCGTACATCAACATGCTGGCGGCCGACGCCTTCACCAACTGGCACCAGATCATGACCGACGTGACGTTGTCGCCGGCCATGGGCATTTACCTGGACATGCTGGACAGCCACTCGCCGACCGGAACTGAGATAGCCGACGAGAACTACGCGCGGGAGTTCATGCAGTTATTCAACATGGGAATCTACCTTCTGAACCAGGACGGCAGCTTGCAGCTGGATGGCAACGGAAATCCGATCCCTGCCTACACCGAAGCCCAGGTGGAGGCGTTCGCCCGGGCCTTTACCGGCTGGACCTACGCCAATGCGGATGGTTCTACGCCATCTTCTCTGATCGGCGTGCCCAACTACTTTCATCCCATGGTGGCCGTCGAGGCCGACCATGATACGAATCCCAAAACACTCTTGAACGATACGGATCCCACGTCGTACAAAGGGACGACCTTGCCGTCAGGCCAGACTGCGGAGCAAGACGTGCAGGATGCGATCACTAACGTCTTCAACCATCCCAACGTTCCTCCTTTCGTCTCCAAGCAGCTCATTCAACACCTGGTCACCAGTATGCCGAGCCCCGGCTATATCTCCCGCGTGGCCTCGGTCTTCACCAACGATGGCAATGGCGTCCGCGGGAATATGACCGCGGTGCTGAATGCGATCTTTACCGATCCTGAAGCCAGGGCAGGAGACACGGATGCTTCCGCCGACGTAGGGAAGCTGCGCGAGCCGATTCTCTGGCTGACGGCGGTGATGCGCGGCCTCGGCGTCACCAACACCGACCCCAACAACTATTACGATCAGTTGTCCACCTATCTGGTACCGCTTGGGGAACGGCCGTTTGCCGCGTCGAGCGTCTTCAATTTCTTCTCGCCCAGCTACGTGATTCCGGGAACGACCTTGAACGCGCCGGAGTTCGGGATCGAGAACACCGCCAGTGTCGCCACCCTGCTCACTCTGGCCGACAGGCTGATGATGAACAAGTTCGTCAGCTTCAATGTGGACCTGAGCGCCACCAGTTCTTGGGGACAGATGGCGTCCACCCCCTCGGTTCTGGTCGATGCTCTCGGCACCCTCTTCATGCATGCGGAGATGGATCCGAATATCCGCGCATCGATCATCAGCGAAGTCAGCTCGGTGACCGATTTAGGGCAACGCGTCAGGCTGGCTGTCTACCTGGTCATCACCGCGTCGCAGTACAAGGTCTCCCACTAACCCGCATCAGCCAGAACCTGCGTCCTGCTGCTCGTGCCTTCCACGGCCGGGCAGCAGCAGTCCGAATTGTGCTTCATCCAGAGAGGAATTACGACCATGAATCGTCGCAGCTTTATTCGCACCGCATCGTTAGCAGCCGCCGGACACGCCGCCGGCTTACGTCCCTTCGGCATGATGAACGCTTTCGCTCAAGGCTCCTCCGACTACAAGGCGCTCGTCTGCATCTTCCTGTTCGGGGGAAATGACGCCAACAATACCATCATCCCCTTCGACACCGCCGACTATGCCAGCTATGCGAAAATTCGCGGCCCCCTGGCGCTTGCCCAGAACACGCTGCTGCCGCTGACGCCCCTGCCGAACTACGCCCTCAATCCGAATTTGCCCGACATTCAGTCGCTCTTCAATAATGGAAAGGCCGCGATCGTGGCCAACGTCGGCACCCTGGTGCAGCCGCTGACCCGCACCCAATACCTGGCCTCGCAGTCGCTTGCGCCGAGCAGCCTGTTCTCGCATCCCGACCAGCAATTGCAGTGGCAGAACTATCCTCAGTCGGGGGCGACGCCCACCGGCTGGGCCGGCCGCATCGCCGACTACATGGCCCCCATCTACAATCCGAACGGGCAAGTTCCGATGGTCACCTCCTGTGACGGGGACACCTTGTTCTGCGACGGCGCGTCCACTTCGCCGGTTGCGGTGATTCCTGGAAGCGTACAAACGGGTAAGTGCTCCGAGACCGCCTCCATGTGCACTTCCAGACAGGCCACTGCCCAGCAGATCCTTAGTTTTGAGAGCGGCGTTTCGCTCGTCCAGGCCGACAACAACATCACCGCCAATGCCTATAAATACGATGGAATTCTGGCCACCGCCCTGCAGTCGGCCACTCTCCAAACTCAATTTCCGAACGACGGAGCGCTCGGATCGCAGCTTCAACAGATTGCGCAGATGATTAAGGTCGGACCCTCTTTGGGCATCAGCCGGCAGATCTTCTTTGCCGGTGTCGGGAACTTCGACACCCATGCCGCCCAGCTTTCGGTCCAGAGCAGCCTGCTCGCCATGATCAGCCCGGCCATCGGGGCTTTCTACGCGGCCACCCAGGAGCTGGGAGTCGCCAACCAGGTCACGACCTTCACCATGTCGGACTTCAACCGGGCCTATCAGCCCAACGGCAACAACGGGAGCGACCACGCCTGGGGAAGCAGCCTCTTCGTGCTTGGCGGCGCCGTGAAAGGCGGAAAGGTCTATGGAACCATGCCCACTCTCGCTCTCGGCGGACCGGACGACTCCGGCAGCAACGGCCGCTGGGTCCCCACCACAGCTTCCGTACAATACGCCGCCACCCTGGCTTCCTGGTTCGGCGTACCGGCCGCTGAGCTGGCGAGCATCTTTCCTAATATCAGCAATTTCCCCACCGCCAATCTCGGCTTCTTAGGGTAGCCGCGAAGCGCGCAGGGAGATTCGAACGCCCGGATTTGTCCCTGCGCGGCAAAGGCGCCCTTTTGACTGCAACCTATTCGATTTACAGTGGCTTTGTTGAACGATTGCCAGGCATAGTCTATGTTAAGGAGTGGATGACAGCTCACGGAACCCAATGGATTGGCGAAGATGCTGAACCACGCGGAAACCACCAAGAAGTCTCACCCGAGAGGCAGGCTCCTAGCGCGAAACCTGTGGTCTTCGTGCTTCCTGGACTTGGGGGGGAAGAAGATCCAGAGCTTGAAAAATTCTGGGCTCCTTCTCGAGACAAGCTGGAGATTTTATCGCTCCGGTACGTTGACTGGACGGACCTAGTCAGAGAGAACTGCGACTTCTCCTCGGTCGTCACCCATGTGAAGAGACAAATCGAGAACCGGCTGCCGGCCGGGCCAGTGAGGATGGCGGGGTATTCAATCGGAGGTCATCTCGCGTACGCGCTGGCCGTCAGTTTCCAGGCAGAAGGCAGACCGGTTGTGTGTGTCGTGCTTCTTGACTCTCCGGCAGAGCTCAGCAGCCTTACCCCTCCGTTTCGCAAAAGGATGAAGGCGCGCCTGGACGGACTTCTTGCCTTCAACCCAAGAGCGTCACTTGCATCGCTTTTCGCGAAAGTACTTATTCGAGAACAGATGCACCCTTTGTTGCGCCGCTTCTCCCACTACCGAAG
CP030840.1_gap109	3915495	3919402	3907	GCATCAGCAGAGAGCAGTGTTCCGGGAAGCGAGGGGCAGTGGTTTTCAAGCCTGGTGAGCTTTCTCGGGAATCAACCGCTTATCCACTGGAGCTATTGGGCACTCAACGGAGAAGATCATTACGGCCTGCTTGATGCTACTTACGATGCGATCCCGGCGAGTTCGCTCAAGCAGCAGCTTCTGTCTTCGATTCAATCGAAATTGTCGAGCGCTCCGCCGGGTTGTGGCGTCCTACCGGCAACTCCGCTTTCGCCTGTTGCGAAAGCGATCTCCTCGAGCAGCATCGGTCTCAGCTGGAGCGCTGTGGTTGTGCCGGCGAAGTGCTCGGTAACCTACTCCGTCTATCGCGGAGCTTCAGCTCAATTCGCTGTATCCTCAGCCACTCTGATTGCGAGCGGTGTCACCGCGCCGAACTACAGCGACGCTGCCCTACAGCCCAGCACGACTTACTATTATGCCGTTGAGGCGACAGATGCTGTGGGCGACTCGACGGCTTCTGCAAAGGCGAGTGCCTCAACCTTAGCCGCGTCTGTCTGCGGAGCGGTCCCCTCCAACCCGGGCGGTCTGGCTGCGCTGCCATTGTCTTCGACATCGATTGCTCTTAATTGGAAGACGGTGCCGGCGCCGGCAAATTGTTCGGTGAGTTACTCGGTCTTTCGCAGTAGTGCGAACGACTTTGCGCCGTCCTCGAGAAACCAGATCGTCGCTGGACTTTCAGGGTCGAGCTTTGCCGATACTGCATTGGCCGCATCCACCAACTACTTCTACGTCGTGAAGGCGGTCGACGGAAAAGGAGCTTCCGGAGCATCTCCAGAAGCGAGTGCTACTACCGCTAAGCCGTCGATAGGTGCGGAGTGCAGGGTCGTTTACACCATTGTTAGTCAATGGACGAACGGCTTTCAGGCCGCGATCGCAGTGACCAATACCAGCTCGACGGCGCTTCATGGATGGAAGCTCGCCTTTGCTTTTCCCGGGAGCCAGCAAGTCACCACTCTCTGGAATGCCAGCTACCTGCAGGTGGGCCAGGCAATCACGTTGACGGATGAGGGGTATAACTGGTCGATTGCTGCGGGAGCAACTTACAACGCTTTGGGATTGGTCGCAACTTATACTGGCATCAATTATTCTCCCGCTAACTTCTCACTCAATGGCAGTATCTGCACGGTACCCTGACCGGCTCGTCGTCATTGCCGCTTTCTACTGGAGAGGCTACGTGACCAACGTTACGTAGCCTCTTTAGCTTCGATGGCCGATGAAGGTATTGTTCGTGTGGCTTGCAAGAAGCTAGCGGCTTCTGGTTGGTTAAACAAATCTAACCATCGAGCACACAAAAGCCCAGAGATCAGCGCTTTCCTAGCGCTCTGCTTATGCTGCAGAAGCTTACTAACGATCGTGTTGCGGGTACTACAGCGATGGTTAACAGTAATTCACGTGCTTCTCAAATCTCTGGCCACGAGATTGCAAAGCCCTGGACATGGGCCATTTAGATCCTGAGCCAAGCTCTTGATACTAGCTTGAGCTGAGCTCATTCGCTCGGACGCCGCGGTTGAGAGGTGTCTGTAATCCGAAGGTTTTATTTGATTCGCTAAGGTAGAGCGTCATACAACTATGCCCTTCAAGAAGCGACCGTCTCCTACCGCCGACGTCCGGGAGAAAGACGTTGAGTCATTGTTTTCACGCGCGGGATTGATCGGCGCAAAATATCGGGTCTTCCCTCGGCGAGAAGCTGTGCTTGTATCCGTGCCGCCATGGGTGGGGCCGACTCTGCCGCGGCAAGCTTCGGCAGCCGTTTTCACGAAGCAGTCAGTACCGGTACCGGACGGGACGTCGCCGTCAGGAGCGCCCCAGCCGGCCACTTCCCCAGCGTTCAGATGGAGTTCGCTACGACGCATCTTTGACGGCAGATTACCGGAAAGTGATGGACATCGTATTGCGGGTTCAGGGCTCAAGTTGGCGATCCTTTCTCTTGCTGGAGGGGCTGGGAAGACTACACTGGCCGTAACGCTGGCGCGAACCCTAAGCGGACTTCAGCACCGGGTGCTCTTGGCCGAAGGCGGCCTATTTCCGGCAATCCCAATCCACTTTGGCTCATCTGGTGAGCGGTTCGGTCTCCTGCGTTTCTTTTATCCCCCATGCGGCATGAGCGGGTTCCCGGTAGGTCTGTTTCAACTGCCACTTGCCGAAGCAGACAAGACCGAATGGAGCCGCCTTCTGGAACAAGTCGAGGCGAGCGAGAGCGTTTTGTTGATGGATGTTCCCACCCTTCAGTGCGCCGGGCTGACGGAGCTTGTTACGTGCGCGACTCATATTCTGGTCCCGATCACCCCCGACGTGGGTTCGATTGCGAGCTTGGATTTGCTCAGGAATATGCTTATCGACCGGCCCAGCGCAGATGTTCAGGTCTACTTCTTGATCAACCGTTTCGACCCCACCCGGCCTCTGCATCATGAAATCAGGCACGGCTTGACGAAAAAGCTTGGAGATCGTCTGCTGCCCTTCGTTGTGCAGGAAGATCCCGAAATCGCCGAAGCTGCCGCCAACGGCATGACAATTGTTGATTATCGCTCCGGCTCTCCGGCAGTTCGGGATATGAACGCGCTCGCCGAATGGGCCGAGCAATTGCCACAGCCGATCGCACCGGCCGAAATGGTAGGCGCCGGATGATAGTGCGGGAACTTTCTTCTCCACGACCCAAGGAGTCCTCCCGGTCGCTTCTCGCTCGACTCGGGCAGACCGGCGGCCTGCTGGTGATTCTGCTGACGATTTTGCTGGCGGCGTCGCTCCCCATGTCCTGGCAGCAGCAGGCGGCATTTGCCGCAGTCTTGGTCGGCGCTGGGATGTTGCTCAGCCGGTTCTCCCGCGGCAGGCATGCGGTTTATCTTCTTGTCCTGCTTTCCGCCTCTGCGACGGCCCGATATGCCTGGTGGCGGATCGGCGCGCTGATCCATTACTTCGCCAGCCCGTGGACGCATATCGATCCCTGGAATGCGGCTGCCATGCTGCTGCTGATCGGCGCGGAGATGTACTCATTCGCGATCCTCTATCTGGGCTTTGTGCAGACGATTGCGCCTTTGCGACGTCCGCCAGTGCTGCTCCCCGAGGATCTTGCCGAGTGGCCGACAGTTGACATCATGGTGCCTACCTACAACGAACCACTTGATGTGGTCCGCTATACCGTACTCGCTGCCCAGGAGATTGATTGGCCACGGGAGAAGATCGAGGTCTACCTGCTCGATGATGGCAACCGGGAAGAATTTCGCGCCTTTGCCGAGGCAGCAGGGGTTCGCTACATCGCCCGCGTCGAACATAACCATGCGAAAGCAGGCAACATCAATCACGCACTGGCAAAAAGCTCTGGCGAGCTTATCGCTATCTTCGATTCCGATCACATTCCCACTCGTTCTTTTCTGCAAGTGACGGCTGGCTGGTTTCTGCGGGATCGGAAGCTTGGAATGCTGCAGACGCCGCACCATTTTTATTCTCCGGACCCGTTCGAGCGAAACCTCGGCCACTTTCGGCAGATTCCCAATGAAGGAGAGCTCTTTTACGGCATCATCCAGGACACGAACGATCTTTGGAATGCGACTTTTTTCTGCGGTTCCTGCGCGGTGCTTCGTCGTGCCGCGCTTGACGAAGTCCATGGAATCGCCCACGAAACGGTGACTGAAGACGCTCATACCTCTTTCCGCATGCATAAAGCGGGCTGGAATACCGCTTATATCAACCTCGTCCAGTCAGCCGGTCTGGCAACGGAGAGTATCGGCGACCACATCAAGCAGCGGGTCCGCTGGGCGCGCGGGATGGCGCAGATTTTGCGCATCGACAATCCGCTTTTCGCCAGAGGACTTAAGCTTCCTCAGCGCCTGTGCTATTTCAACGCAATGGCGCACTTCTTCTACGCGCTGCC
CP030840.1_gap110	3921150	3923942	2792	TGTCCAATCCGGTTGATCCCCTGGCCAAGCTCCTGGTTCTACACGCCGATTCGCCGGCAAGCCTGCTTGAACTGGTGCAGGCCCTCGTGCTCGGTCAAATTGCGCTTAGCGGTCAAAGCGCCTCCGTTGGAGGCGTGGTTCTTCCCGGTCGCAGGGCGCCGAACGACGCCCCCCGGTGGATCCATGCCGATAGAGTGATGTTGAGTCAACTCGCGGGGACCGAGCACATTCAGGTAGAAGGCTCGAATCCTCTGAACTTCTACCTGCACTTTGCCCCGGACTTCAACTTCGGAAACCGAAAGGACATGTACCTCCACCTTACTTATTCAACCGGCAGTCAGCGGTTGGATCGTCTCGGACCGCGCTCCAACATTGAGGTTCGCCTGAATGGCAATCCTGCCGACAGTGTCCCGCTGACTGAAGGAGCGGCCGGTGCCGTCAATATACCGTTGGGCGACCTACCTGCCGCGGTCTTTGCCAATACCATGCAAATCCAGTTCTACGCCGTACCACGTTCGAACAACGCCTGTGGCGACATCCATTTCTCCGCCACGGTCGCAGATAACTCGTTTCTTGACATGGGCGGCGCTGCCCATCTCGCCTTTCTGCCCGACCTGCTGCTGTTCGCGAATGCAGGGTTCCCATTTACCCGGTTCGCCGACCTTAGTGAAACGGCGGTCCTCCTTCCTGCGTCCCCGAGCGTGTCTGAAATTACTCTGTATCTGGACTTGATGGGTCACTTCGGTGCGCAGACAGGCCTTTCCGCCCTCCGGGTGCAGGTTGGCTCGATCGGCAATGAGATTGAGAGCTCGAACAAGGACTTGCTTGTACTCGGCACTTTTGAGGATCTTGCCGCGATGCATCAGTCTCTGTTGCACCCTCCCCTCCGCCTGTACGGAGGATCCTGGTCGCTCTCCATTCGGGCCCGAATCGCGCAAAAAGTCGAATCATGGCTGCATCCAGGAGCGGCGAGTCTCTTCAATCTCGAGGACAACGCCCATCCAGACGGTGTGATCGAAGGCATCCGCTCGCCTTACAGCGGAGAACGAAGCATAGTTTTCATCCTAGGGAAAGACGATGCCGCACTGGATCCCATGACTTCTGAGCTGATGGCGCAGCTTCCGCATGACAGCATTCACGGCAATGTAAGCATTTGGGAGGGCGCCAGCTTCGGGAGTTATCTCCTGGTAGCACCCGGCTATGCAGTTGGCGACTCCTCTCCGCTTGAACGGCTGCGGCTTCTTCTTCCCCAGTATCCGTTGACGGTCGCGCTTGCTTTGCTGTTGTTGTGTTCGCTCTTCGCCATCTGGATCCAGATCTGGATCGGGCATCGCGTCTGGTCGCGGCTTGTTTTTCAAGCCGACGAGAGTGGGCTTGGGGACTCGCGAGCTAGAGCCGACTAGGAAGAGTCTGGCCGCACACAGTGCACTTGAATGGTCAAGCGATGGTATCAGGGCGGCACATGACCCGATCAGCAAGACAGACACAGCCGTTCGGAAAGCAGGGATCTACAGTGACGAAAAAAATAAACTGGACGTCCGTCTTGGCGGCCCTCGGCTGTGGGCTTGCTTCGCCCGCTTGCTTGATTGAGTACGGTCTGGCGCAGACTACGATCCTGAAGGTGGACCCTTCAGTGAACACGCCCCAGCAAATCAGGACACGTCAGGAAATTGCCAAAGAGCCAACCGGGGCCCAGGAGCTGGTGGCTCGCGCGCGGGGTCTCGATGCCCAAGGCAGGCATGAACTCGCCGCCGCTAACTGGCGGCAGTTGCTGTTGATCGAACCTCGGCACGCGGAGGCACTGTCCGCTCTCGCGGCTTATTACAATTCGATCGGTGACAGCGTTCATGCCCGTACTTTGGAGCGAGAACTCGGTTCGACGGGAATCGGCGCTTCGGCCGGCACCATTAAAGACGCCGCGAGCGCCACTGACCCTCGCCTGCAACAAGCGTCTAGGCTAGCCGTCAGCCATCATTATGCGGAGTCGATCGCCCTCTACCGGCTCATCTTCGGCGTCGTTCCTCCAGCGGGCTCCTGGTCGATCGCCTACTATGAGACAGAAGCGGCACTGCCCGAGGAACTTGCTTCGGCAATCGCCGGCTTGCGCTCCTTAACCGTCAAGTATCCCCAGGATCCAGCGTATAAGTTGTCCCTCGGAAAATTGCTTACCTACCGGCCAGCCACACGCCTCGAGGGCGCTCGCATGCTGGCTGATCTGCACGGCTCAGCTAGCCAAAATGAGCAGGCCCGCAGTGCTTGGCGTCAGGCAATTCTTTGGGACCTTTCGGGGCCGGCTGCTGGTGAGACAGCTCAGCAATACCTCGCCCGCTTTGCTGACGCAGAGCTCGCTAGCAGCCTTCAATCGGCCGCAATCCATGTTCCCAAACCGGATCAAGAGGTCCATTCGCCGTTAGAAGGCGAGGCCTACAAGGCGCTTACGGCCGGGGATCTTTCCACGGCAAAGGGAAAGTTCTCCGCCTTGCTGGCCTCGCGCGGCCTGGCCGCGAAGGCTAGAGTGGGACTCGGCTATGTCGCCATGCAGGAGCAGGACTTTAGCACAGCAGTTGAGGACTTTAATCAAGCCCGGGCATTGGGCCTGAGAACGTCCGCACTCGAAAAAGCGCTCAAGAGCTCCCGCTTTTATGCTGCGATGGCAGAAGGCAACAAGGCGTCGACCGGGAAGGATTTCGAGGCGGCGGCAGCCGCTTTTGTCCGGGCCCGGCAGATCGATCCACAACGGCTCGATGCGGTGGAGGCCCTGGCTCGCTGCCTGGCCGCGGCGGGGAAGCCGA
CP030840.1_gap111	3971587	3974344	2757	GATAGTGATCTCTGGAGAGAGCTTGCCGTGCGGCGAGAATCGCTGCATTGCCTCTCGCCATATCCCCTCCAGTTCCTCTAGTTGAGCGGCTGATTCTATCTGTGTACTGCGCACGGTGAAGGACGGCGTATGGGTAATTCGCCATCCCTGATCGTCGAGGCCGATGCGGACCGCTGTGCCAGGGAAATAGAATCCGAGGATCTCTTTGGTACTTTTGTGCTCGCTGGCCATCTCTGCCGCGCCCGTTTGGCAAAGGCCGACGCCGTGTCCGTATCCGTGTCCATCGAAGACGAGTATTCCGCCGCGCAGCGCGAGCTCGTACTGGTCGCTGCGGATCCGGTTCCAACCCAGAGTGCGATCGATGCCCAGCCGCAAGGCGCTCGCCATGAGCCATGTCGAATGTGAGTGAGCGTCGGAGAACTCAGCCTGAAGCGCTCGACTAGATCCGCTGCGCTGAACCACCTTTGCGGCGACTAGTGGTTCGGGCAGCTGCCATCCTTGCGCGGACGCAATCGAGCTAAACTCTGCCGACGACACTTCGGTGTGCCAGGCTGCCGTACCGCGGCGAAGGCAATAAGGATCGGGATGCCTGCGGAGGTACGTTGCCCCGTGAAGACGAGGCCAGACCGTGGAGGCATCTTCGGTCATGCCTCCGCAGTGCTCGCTGAAGAAGACCTCTGCACGCCTGCCCTGAAACCACACGGTCTCACCCGCCGTGTCGCGGACCGCGTCGTCGATGGCGGCGGACACCTCTCCGAGACGCATCGCCTGACACCCGGTGCTGTCGCACAAGTCCGCGGGAAGATGTGCAGGCTGTGCGGAATAGTGTGGACCATTCAACGCATACGTACGTGCGACGATCGCCATTGCGCGCAGGGATTCGGGCGCCTCGTCGCCCGCTGTTTCCGCGTTCAGCACTGCCGCGACGTAGCGTTCGCTTGACAAAGTCAACACCACGTCGATTCCGTTGCGGTCCGATCTTAGATGCCATAGTCCGGCAGCGCTTTTTTGCTCGCCAGTGTCGTTGTCTATAACTTTGAGCGTGCCGCCGGCAGATAGCTCTCTCGGTCCGGTAAGTACCAGTGGCGCGGTCAACGGTTTGTGGACGCAAGAGGCGCAGGCGGAAATCCAGGTGTTCGAAGAGAGAGGCGTTAACGTGACGGCGGCGAGTCTGTGGGTCGAAAAGAGAAGTACGGAAACATCACGCCCACCGTCGTGTAGCGTGTCTGCAAGAGCTGGTGCACACGAGAGTGCCGAGACTAGAGCAAGAGTGGACAACCTTTTCAGTGCCGGTGGCCTCAGATTGGCGGATTTTACTCCGAATAAAGACGAGGGCCTCATCGAGGCGCCTCGTGACGCTGGAGTTCAAGAAAGAAGGTGTGGGCGAGCAGTGCCGCTGTTCCTCCATCGCCGTGAGGCACAAACACCACCAAGACCAGGCGGCCCGGCAAATATCCGGCAAACCATCCATGGGTCCATTGCTCGCCAGCGTTGCTGGCTGTACCCGTCTTTCCCAGGATTGTCACTCCCGGTAGCGCTGCCGCATTTGCCATGCCATACTTCACCGAATCGGCCAGTCCCAGCGCGACCGGACTATCGGCAGTCAAGCCGAGTGCCATCTGCCGATAGGCGCGAGCGAGTTGAAGCGGCGAGATCATCCCGCCCTTAAGACCCAGCACTACAAGCTCGCGGCCTTCAACGGTCGCAAGTTCGTGCGGGTCATGTGGGATGCCTGACTGACGCAGCGCGTCCTCCAGGTTTTCGGGCGAGAATCTCTTGGCTAGATCAGCGAAGTAAGTGTTGCAGGATTCGGCCAGTCCGGCTTCCGCGTCAAAGACAATTGCATCTCCGGGATGGGTACAAGGCAGATAGCGGCTCCCGACATGAAGGTCACGCTTGCAGAGCACCTCTGTATTCGAATTCACAATGTGATGCCGTAACGCGTAGTCGAGGACCAGAGGCTTCAATGAAGAACCGGGAGTTCCCCGGCGCGTATCCCGCACTTCACCGAGCAACCGCCCCGTCTTGAAGTCGAGAATCAAAGCCGAAGCCTGGCTTCCGCGAAGAGCCTCGGCCAAAGGAGCTTGCATTGACTGGGCACATACTGCATGTTCACTACAGATGAGCAGAAGAAGAATAAGCGCAGAAATCTTTATAGATCCCGAGCAATGTATACCTCTGGGAAAGTCGGGGGATGTTTTGGCAACGGGAATACAGGGTAACGTTAAGTGGTCGCTAACAAAATTCGCGACAGCCGAAAGTTTTTGTTCATCCAAGCCCAAAGTGACCTTTCCTCGCTAATCAAGCAGCCCGCCTGCCGAACATCTAAGCGATTGTAGTTAAGAGTACCCACAGATCTTCCATCCGAGTGTATCCAAAGCTGCTTGGAGCCTGAGCAATCTTGATCGTTGCGGCGGTACGCCCAGTCACGCTTACGCGGGCACCCTCGTTGATGAATAATTTGGCGGTCGCTAAGCCGATGCCGGTGGTTCCGCCTGTAATAAGCGCAGTTTTTCCTTTGAACCGATCCATGTTGTCTCCTGTGTTTATCTGTTCTGAAGCATTTAGGAACGCGTGAGTGCATTAATCGCAGTCGTGCATTGTTCTCCGGCAGCGCCTGGTCTGCGTGGACTCTTCATCATTTCTCCGCTACCTTGCGCGCAACCTCAAGCGCCGTCGCCCCGACCCTGGCGCCGAGTCGGTACGCCGTTTCATTCACCGCCGAGATAATGCCCTGTGTCAGCGTTGACTCGCCAT
CP030840.1_gap112	3999658	4000686	1028	GGCCGCTTGTGGTCGCGCATGGCGCGGGCGCGGAGATGCGGCAATCACTCGGGACCACAGTGTTCTTTGGAATGCTCGGTGTAACAGCCTTTGGCCTCCTCTTTACACCAGCCTTTTACGCACTTGTGCGCAAGGGTGAGGCGAAGAAGAAGAGGAAAGTTGGACTTCCCGAGTCGGCTCTTACCACTGCTGCAATCGTTAGCGTATTGGTACTGAGTGTGTTTCTCCAAGGCTGCTCAGTCGGCCCAAAATACAAGGCGCCATCGGGAGCGGCATTAGCCCCTTTTCATAACAGGCAAGAGAGTTCGAACTCCGGCAAAACGCCTGCTCCATCACTCGACGAATGGTGGACCGGCTTCAATGATCCCATGCTCGTCACGATCGAGCAGCGGGCTCTAAGCCAGAACCTCGACCTTGCCGCATCGCTTGAAAGAGTGAATCAAGCGAGAGCAGTTGCCGTTGGGGCTGGCGCCAGATTGTATCCGACCGGCGAACTGGACGCCTCAGCGACTGCTGAGCACCAGAGTTTAGAGGGAAACCTCGGGAATGTTTCTCGTAACGTTCCAAGCTTCCGGCGCAATATCCACGAATACACAATCGGTCCTGTCGCAAGCTGGGAGCTGGATGTGGCGGGCGGAATCCGCCACAACGCTGCGGCAGCACGTGATGAGGTACAAGTTGCCGAAGCGAGTCAGATCGGGACGCGTATCACGGTCGCAGCTGACGCCGCGGACGCATACATGCAAATTCGCGGATATCAAGCGAGGATCGCAATCGCGAATAACCAGGTGGAGACAGACAAACACCTGTTGAAGCTGGTGGAGAACCGACTCGATGCAGGTGCTGCCACGAAACGCGAAATCGCGCAGGCAGAGGCGCTCTTACGGCAAGCTCGTTCAACCCTTCCTCCGCTGCGATTAGCCCTTGAGAAGCAATTGAACCGCTTGGATATCTTGATGGTAGCGCAACCAGGCACGTACGCCCACGAACTCGATGCGGTAACACCTGTACCCTCTATTCCCAACATC
CP030840.1_gap113	4038144	4041062	2918	ACAGCGCCACAATTCCTGAAGATGCCGCCGCACAATACCCGGCGGTCAAGATCACCCGGGTGCAGGCAAAGCCGGATCCCTCCAAAGTGCGCGAGTTCGCTGACGACCTCCGAGATGGCAAGTTCGTTCTGCCGATAGGTCGCCGGCTGCCACTCCATCATGCGGCCGAAGCCCATGCGCTCGGGGAGAAAGGTGGGGGTGGGAAGATCATCCTGCTGGCGCCGGATGCACGTGACTAATTCTTCAAAGTGAATTCTCTACCACGTTCTTTTGACCATCTTTAGACAATCGCGGAGAGAGAGGCTCGGTGAGCAGATGGGCAATGCACTCAACGGGTCGATTTATCGCTCGACTGCCATGGCGACCGAGTTCCCTCCGCCGAGACAAAGAGCGGCGACTCCACGATGGACGTCGCGACGAATCATTTCATGCAAAAGAGTCACCAGCACGCGGGCGCCGCTCGCGCCGATGGGGTGACCGATCGCGACTGCGCCGCCATTGACATTGACCTTGTCGAGGCCTAGGCCAAGTTCATGCGTAACACCGAGAGCCTGCACCGCGAATGCCTCGTTCAACTCGAACAGGTCGACTTCATCGATCGACCAACCGGTCTTCGCGAGGAGTTTCTGGACCCCGGTTACGGGAGCCAGCATGATCCACTTTGGATCGACTCCGCTGCTGGCCTGAGCACGGATCCGCGCCATCGGCTTAAGCCCGAGAGACTCTGCTTTGCTCGCCGACATCACGATTACCGCTGCGGCTGCGTCGTTCAGACCTGGCGCATTGCCGGCAGTGACAGTACCATCTTTTTTGAACGCGGGGCGAAGGCCTGCCAGCGATTCAAGTGATACATCAGGGCGGATCGATTCGTCTTCTCGCAGCAGCGTCGGTGGCCCTTTTTTTACGGGAATCTCTATCGGAGTCACTTCATCGTTGAAGCGGCCTTCCTTCCACGCCGCCGCTGCCTTGCGGTGCGACTCCAAAGCAAATTGGTCTTGCCGCTCTCGGGAGATAGAGTGTTTTTCGGCGACGGCCTCCGCGCTGATGCCCATGTGGTGATCGTTATAGTGGTCCCACAGGCCGTCATTGATCACCGAATCGACGAGTGTGCCGTTGCCCAGCCTGTAGCCCTGACGGGCTTGTGGCAATAGGTAAGGGGAGTTGGTCATCGACTCCATCCCGCCGGCGACCACAATCTCCGCATTCCCGGTCTGCACGGCCTGGGCGGCCAATGCAACTGCTTTGAGACCAGATCCGCATACTTTATTGATGGTCAGTGCGGCAACCTCGTAGGGTAGACCGCCGAAGATTGCCGACTGGCGCGCGGGGTTCTGCCCTAAACCCGCTGAAAGCACGTTGCCCATAATGCACTCGTCGATTTGCGATGGTGCCAGGCCTGCGCGCCGGACCGCCTCGCGCACCGCAATCGCGCCAAGTTGAGGGGCGGTGAAAGAGCTCAGCGCCCCTTGAAACTTACCGACCGGCGTGCGGACAGCGGATACAATGACGACGTCTTCCATGACTACAAATCCCTTCGTGGTTCGCGCGGATCATCGGCGCATCGGTGGGCACGAGTCTTGCGGCGATGCCTGGAAAACTGCGAGGCTGCCGTCCCAGATACAGAATAGTCCTTGAAACTTGCGGCCGCCAAATCGCGGTTCTTTGCCGTTCAACATGACATCGAGCCAAACCCTCCCGCTTAATCTCGCCAACCCGACTCTTCCTCGCCGAGATCGCAGCGATGATCCGCGAGCCCTGATTGGCAAGATGTGTCCTCTTTCCTCCCAGTGCTTAAACTTGTTGTGACAGCGATTCAACAAATTTTCGGGAGGCATTCCTTTTGTCCGTATATTCGACTTTCAACAAAGGGAGATCCAGCGCGATTCGGGACATCATGTTACCCGGTCGCTTGGGATGGCAAGGCGGCCTATGGCGCTAGAGGTTCAAGAGGAGTTCGGACAGATCGACATCTATGTCTTCGATCAAATTCTTCGAGGGAACATTGGCCGTGGAATGCGGGTGCTTGATGCCGGCTGCGGATATGGACGGAATTTAGTCCATTTACTGAGACAAGGGTGTGAAGTATTTGCACTGGACGCCGATCCAAACGGCGTCGATCATGTTCGTCAGCTATCGAGGTCTCTGGGAACTCGACTTCCTGCCGAGAATTTCCAAGTCGGACTGATTGAGCGGATGCCTTTCCCGGAAGCGTTTGCCGACGTAGTGATGTGCAACTCCGTGCTTCACTTTGCCAGGGATGAAGATCACTTCAGGATGATGTTGTCCGAGTTGTGGCGTGTCCTAAGGCCCGGAGGCATGCTCTTTTGCCGCTTAGGTTCAAGGATCGGAATGGACTTCGAATGGGTGCGGGACAATATTTATGTCGTAGGAGATGGTTCAGAATGGTTTTTGGTGGATGAGGAGATGCTTTTAGAACTTGGCCGAGAGATGAATGCCGTTCTCGTCGATCCATTGAAAACCACGATTGTTCAAGACTATCGCTGCATGACCACCTGGGTACAACGAAAGAGATTCTAAGTCGAACTCTTAAAGAAGGCACGTGGTACCGCGCTACCAGGTGACACTGGGCGCCCGATCGATTGCCTGAGCGCCGGGCGCTCGGACAGGTGAATCTGTTGCCTTAGTTCGAAGGCGGCCGAGTTTCCAATCACCTCGGCACAATGAATTCTCTGGGCTGGGGCTGCGAATCCGGCGCGGTCTGCGTTCCCTATACTGGTGTGGGTGATCTATGAACCGTCGCAGATTTGTATCATCGTCGCTCGCCTCCGCAGCGGCTATCTCTATATCTCGAGCAGCCTTTTCTGCAGTTGGGAAACGGCAGGCTAGCGCAGCAAATTCAAGCGAGGACGCCTCCCTTCCGCCAGCCTTGCGCGAGAAGCTTATGCATGATCCACTGC
CP030840.1_gap114	4042134	4043420	1286	CTGTAGCCTCGCAATTCGAGATGCCGAACGAACAGATAACCCGCCCCTGCTGGCCATTAGATACGACCCTGCTGCAAAACCCTCAATTTCGGTAGCCGAGCGAAATATCCCCTTGTTCCCCGACCGTAAAGGAATCTCCAACCTCGATATCTGGATAGACGGTTCAGTCATTGAGATTTTTGTCGATCGTCGGCAGGTGATCACGTTACGTTGTTATGAACCTGGGATGAACCTGCACGCGGCCTGGTTGGGATCGGCAAATGCGCTGAAGGCTCTGCAGGTTTCCGCCGTGTCACCAATATCTGCTGACCGTCTCACCGGTTTTGGAGGGCGCCTTTGAGGGTCCCACAACCCACCAAGACACCTTCGAAAACAATAGTTTGGCTGAAATACCGACCGTTGTCGACGCGGTAGCGATCGGCTCAAATTGGAAGGGACCTAAAGCGACGACGGGGTACAGACTCTACAGTTGCGATGCCCTATCGCCGCGGGAGAGTGAAACTGGCGCCAGCTTCGTCCTCTGGACTCCTCGGAGAGATGGTGCGGAAACGCCGAAGCCGGGTGCGCCCCGAGATAAGAAAATTCAAAAATCCGACGGTTGTGCCGATGAGGCCAGCTACTAGAATTCCGTTCAGCAAGTTTCGCGTATCTTCCGAGGCTCGTAGGGGTTTTATATCCGGCCCTACGCCCGAATCTACCAGGCCGAATGGCTTCCCATGGAGCTGCCCAGGCCGTGATTTGGCCTTTGGATTCATAAGCGCTTCAACAACTTCATGGCCGAAGTAAGGAAACACTGGAGCCTCTTTCTCATTTGTGTGAAGGAGCAAGTAAAGGACGACACTGCATCCTTCCTGTCCTTCAAACACTCGAGCGCAGCATAAATTCCCCGGCTATAAACCTGGGCAGCTTAACGAAGCAGATCAGGGGGATTAAAGTCAAAGTCCGATGATGCCGGGCGCCTTCGGCGTGAAGGTAGACTTGAGAACTGGACTACTCTGTGAACTCACTGCCATGACCTCTGACGAGAAACCCGTTGCCCACTGAAGTTTTTCATTGTTTTAAGAGGGATACGGATTTTTGATCCACGTCAGGTGCTTTTGCTATGAGTCGCCTTACGCAGAGAGCATGCCATTTCCTCGGTCTAAGCAGCCTACTCTCCACGGACGACTGTGATGAGCGTCACAGTTGAAGGTGCCCGGGATCACTGCAGACCGGCAAAGCCAGCAATTAAGTTAGAAGTCAGCGTGAGCCTATCGAGGCGATAGGAATCTCCACAGAAATCGCCC
CP030840.1_gap115	4054450	4054951	501	ATGTTGAAGTATTCGCAGGCGCCGCCGCGGCCGAGCTTGGCGCCAGTTTTGACTTCGTCGAAGATCAGCAAGGCGCCTTCGCGGGTGCAAATATCGCGCAGCCCTTCAAGATAGCCTTCTTCGGGCATGCAGACCCCGATGTTCATCATGATCGGCTCGACGATGATGCAGGCGATCTGGCCTGGATTCTCGGCAAAGAGGCGCTGAACAGCGGCCAGATCGTTAAACTGGGCGATGAGCGTATTCTTGACCGTGTCCATTGGCACTCCGGAAGCAGCCGGCACCTGAGTAGGGCGGTCGTCCGGGCCAGCCAGTTCAGGTTTGGGCTTCATGCTGACCAGCACGGAGTCGTGGACGCCGTGATACGCGCCTTCCATCTTGATTATCTTGTCGCGGCCGGTGAATCCTCGTGCCAGGCGAATGGCATGCATCGTGACCTCGGTGCCGCTGGAGCCAAAGCGGACCTGGTCCATCGGAAAGCGCTGGCAGATCTCGTCCGCA
CP030840.1_gap116	4117996	4122979	4983	TCTTGCCGTCCGGCCGAAGATAGGAAAGCTGGCCGTTCTTACGGACCTCGCTCAAGCGGGCGGTGAGCTTGTGGGCGAGCGAAATGGGCGTCGGCATCAGTTCTGCCGTCTCGTTGGTGGCATAGCCGAACATCATGCCTTGATCGCCGGCGCCACCGGTATCCACACCCATGGCGATGTCCCCGGACTGCTTGTTGATCGAGGAGATGACGGCGCAGGTATTCGAATCGAAACCATAGAGGGCATTGTCGTAGCCGATCGAGGCAACTACGCCACGAACCAGGGCTTGGAAATCGACGTATGCCTTGGTGGTGATTTCGCCGGCTATGACTACCAGCCCGGTAGCGGTGAGAGTTTCGCAGGCCACGCGGCTATAAGCATCCTGCTCAAGGCAAGCATCAAGGATGGCATCGGAGATCTGATCGGCTATTTTGTCGGGATGACCCTCGGTCACCGACTCGGAGGTAAATAGGAATCTGTCACGTTGAGACAAGGAAACTTCCTCCTGCTGGATTGGCGCCCGACGCTCTCACCGAAAGAGCCAGGTATGCCGGATTCAGTACTGGATAATAATAATTCCATCGTACTAAACCAGGCTTGCCTTGGCAAAAGGAGAACACCAGGCGAGCAGCAGAAATCATCCAGAAATGGATTGGAGAATACTGCCCCGGCGAGGACTGACTAGTTGGTCCCTTGCGAAAAAGCTTGCGGATTCCCCCGAGGAAAAAGGCAGAAGATCAGGAGCGACAACTGTAGCCAATACCGTGAACCCGGCAGATGGATTTGTTGCCGATATCCTTTCGCGCACGAAGTGGTAAACAAACCAACCCAACCCGGCAATCAGCATCAGCAGAAGAAAAACTCCAGCCCAGCGGAGTCGCGCAGCCGGCCGGTCTCCCTCGGACTTCCGGCCCTTGACCACGTTTTCCGCGAACTCGACCCAGTCGCCGTCCTCTGCTTTGAGCAGCCCGCTTTCCTTGTAGGCGGACATAAAGCGTTGAATCCATGCCTCTTCATCGATGCCAACAGCGCGGGCATAGCCGCGCACGATACCTTTGTTGAAGACGCCGCCGGGAAGTTGCTCGAATTGCTCCCGCTCTAGCGCCGAAAGGTGCCGACCGCTAATCTTGGTCGAGTTGATGATGCACTCCAGGGAAACTCCGCGGGACTCCCGCTCTCTGCGTAGTTCTTCGCCAAACTGTCCCATACTCGTATCCTGTTCCGAATCTCGCGTCAGAATGTTGCTCTGCCGCTCCTTCGCCCGTCTCTAGCACCGCCTGACGATCCCGGCACCTTCCTTCCGGCACCACAATTTGTGCATAAGGTACGACTTTGCGGGCCGAAAGGCAAAATAAAATCCCGAATTTCGTTTGTTCAGCCTCCCATATCGGCTGGCGGCCCGGAATTGTTCATGGTTCTCGCCTCTGAATGTGTTCGTCTGCGGGCGCCGGTGTCGCAATGGAACGTCTTCCGCTTGCTACACTTCCTAGAGAGCCTGAAATGAAAGCGGGAAGCGTTGAATAGACTGGTCATCGGAAATTTGCTGCATCGTCCTCTGCGGACCTTTATCAGTGTCTTCGCCATCGCAATAGAGGTCGTTATGATCCTCTGCATCGTTGCGATCATGCTCGGGCAAGTCAACGGCGCGCGAAGCCTGGCCACCGGTATCGGGGCCGATATGATCGTCCAGCCGCCAAACTCAACCTTTCTTTCCGGCATCAGCGGAGCACCGGTTCCGGCGAAGATCGCCGACGTCCTGCGCAAGGTGCCTCATGTCGCGGTCGCGGCGCCAGTGATTGTCAACCTCACGGCCGGAGCTTCCTTGGAGACGATCTGGGGCATCGACTACGCCAGCTTCAACGCCCTGCGGCCTTTTGTCTTCATCTCCGGCACGCCGTTTCAGGGGCCGAACGATGTCATTGTCGACGACTATTTCGCTCGCTCCGACAAAGGCCATCACGTCGGCGAAATGATCACCATCCTGACCCACGAATTCAGGATCTGCGGCATCGTAGAACATGGCAAAGGCGGCCGGAAGTTTCTTCAAATCAGGACCCTCGGCGGCCTGATGGATAACCCGGACAACGCTTCGCTGTTCTATCTGCGCAGCGACGACCCCAACAATGAAGATCTCATTCGCAAAGAAATCGTGGCGACCCCCGGCCTTTCCGATTATCAGGTGAAGACCATGGCGGAACAGCTCTCCATGCTGACCCCGGAGCATCTTCCGGCTTTTACCATCGCGCTGGATGTGGTCATCGGGATAGCGGTAATTATCGGCTTTCTTGTCATTTTCCAGTCCATGTATACAGCGGTCATGGAGCGCACCCGAGAGATTGGCGTGCTCAAATCGCTCGGTGCCTCGAAGGGATACATCGTCAATGTGGTGCTGCGGGAAACAGCGCTGATCTCGATCTGCGGGATTGCTTTGGGCATGTTGCTGACCCAGCTGATCAAAACATGGATGTCCTATCGTTTTCCGACCTTGCCGTTCTTTGTGACTGCCGACTGGTGGCTGCGGGGGACGCTGATTGCATTTGCCGGGGGAATACTTGGCGCCATTTATCCGGCGCTTAAAGCGGCCAGCAAGGATCCGATCGACGCTTTGGCTTACGAGTAATCAAGGTTTGCCCACGAATAGCTAAAGACCGTGGAACCAAACCCGGGATTTTGGGTTCCTACGGATAGAAAGACCGCGGCAATCCGCCTGCGGAAGTTGTGTCTTCCAGGGATGAAGCAGAATCCAACAGCGGCGCGAGCCGCGTCGCTTGTTGCAATCGCCTTCGTGGCGATTCTCCTCGCGGTCCACTTCGTTCACCCGCGCGCGGATTTCCCGAACTTTTCGCCGTGGATGGACTACGCGAAGTATACCGACGAAGGCTGGTATGGCAATGCAGCAATCGCCTACTTTGTTCGCGGCGGCTGGTATGTTCCTGGAGACTTCAATCCGGCTGTAGCCCTGCCGGTATGGCCCTTCCTGGAGTGGATCCTCTTTCATTTCACGGGCGTCAGCCTGATGTCGGCGAGAATTCTCGCGGTCGCCATCTTCGTCGGCAGCGTTGCCCTAACTTACTTGCTCGTCAAGACCGAAGCGCCGCGCTGGGCGGCGTTGCTCGCGGCCGTGATCGCGGCAAGCAATGCTTTTCTCTATTGCTTTAGCCGGCTCGCGATCCTGGAACCGTTATTGATCTTCCTTGGCCTGCTTTCCTGGCTGCTTGCATTGCTCCTGCCGCGCACGCGGTCCTCGCGGCAGCGGATCACTGTCCTGGTCGCGATCGGGATCCTGCTCTGTCTGATGGTACTCACCAAGACGACGGCAATCTTTCTCTTTCCGGCCGTCGCTTATCTTCTATGGAGGTCTCAGCGGCATGACCGGCGAAGCCTGTTTTCAGCAGTGACCCTAGTCGGACTCGCGGCGGCAATTCCGTGGGGCTTGTATTATTTCTTCCTCGTCAGGCCACACTATCTCGACGACTATCATTACCTTTTCACCGCGAATGTCTATCCGCAACCAACCACGGCGAGTGGGTGGTTCATGGCACTCTGGTACGCCGTCCATGGAACATCATGGGTGGATCCAAAGCTGGTCACGGTGACCACTGGATTGGTAGTTCTCTCCGTGTTCCTCTTCAGGAGCGTATGGCGAAGCCCCTTGTTTGTTGCTTCATTCCTCGCCAGCGCGAGCTACCTGGGCTTCATCGGCTTTCACAACAATATGCAGCCGCGTTATTACCAGGTGGTCGCTTTCCCGCTGATCATCATGACGGTTTTGGCGTTGCATAGACTGGCGTCAGGCCTGGACTGGGCGCGACGGGCCTTGACGGCAATTGCGGCTCTCGGCATTGCGGTTAGCCTTTTCATCAATACCCATGAAACTCTGTGGTTTGCCTTTCACCCGCAATATACGTTCGTCAATGCTGCCGAAGGGTTGACTCGCTACGTCGATCAGCATCCGAACCGCAACCGGCTGCTGCTCTCGATCAGCGGTAGTGACATCGCCTTAATCACCGGCCTCCCGGCGATCTGCGACGACTTTGGGACGCTCGATCTTCCCGCCCGGATCCGTAAATACCAGCCCGGATGGTATGCCGCCTGGAATGAGCTCGACCCCGGGACGCTCGAAGATCTCCAAACCCAGTTCCGGCTAACCGAGGTCGCGAATTTCCCAGCCTATGACGATGAAGACCGTAATGACCTGATCCTCTATAAACTGACGCCGTTAAAAGACAGCGATGCAAAGAGGCGGTTTTGATTCCGACAACGCTGCCTGGATCGAACGTTAAGATTGTTTTTCGGGCGCTCCGCAAAGGAGCGTCGGTGTCGGCTACGCCGCTCCTTCCCGCGCGCTCTTCCAGAGGTCGATAGCTCCGTCTTTAGCGTAGTGATCAATCTCCTCCAGCTCTGCTTGATTGAATTCGAGTTTGTGAATTGCATCGAGAGAACTGTCAAGCTGCTTCACATGCCGTGCTCCGATCAGCGCAGAGGTCACGCGCCGGTCGCGCAGAACCCACGCGATCGCCATCTGCGCCAGTGTCTGTCCGCGTCGCTTTGCAATCTCGCTTAGTGCACGAACCCGGCCAAGATTGTCGTCGCTTAAGAACTCTTTCAGAAACGAACCCTGCGCCTGGGCTCGCGAGTTCTCGGGTACTCCGTGCAGGTATTTGTCGGTTAATAGGCCTTGAGCCAGAGGAGAAAACGCGATGCAACCGACCCCGAGTTCTCCCAGCGTGTCGAGCAGCCCCTCTTCCACCCAACGGTTCAGCATCGAATACGACGGTTGGTGAATCAGCAGAGGGACGCCGCCCTCTCTCAAAATCTGCGCGGCTTCGCGGGTCCGTTCGGGACTATAGGACGAAATGCCAACGTAAAGTGCCTTCCCCTGGCGCACCGCTTGAATAAGAGCTCCCATGGTTTCTTCGAGCGGTACATCCATGGTTGGGCGATGGGAATAGAAAATATCGACATACTCGAGCCCCATGCGCT
CP030840.1_gap117	4126689	4130272	3583	GTCTATGGAAGAGGCGGCCCGATCGTTAAGCCAAGAGCCATGCCTTTAGCCCAAAGTGAAAGACGCATCGACCTGGCCGGAGGTGCTTGGCGGTTGCAACGCGCAAGTCTTGTCACAGGTACTGGAGAATCTCTATCGCACCCCGAGTTCAAAAATGAGGATTGGGTGGTCGCGACTGTTCCCGGCACGGCACTCACCTCCTATTTCAATGCCCGCGCCATCCCGGATCCTAACTTCGGCGAGAACCAGCTTCACATCTCGGATTCCTTCTTCTGCTCGGATTTCTGGTACCGGACCGAGTTCAATATTGCCCCGATCCCTGCCGGAGAGATTGCGTGGCTCAACCTGGACGGCATCAACTGGAAGGCAGATGTCTTTCTCAATGGCGAGAAGTTGGGACGCATTGAAGGCGGCTTTCATCGCGGCCAGTTCGACATCACCGCCAAGCTGGCAGCCGGAAAACCGAACATCCTGGTATTGAAGGTTGAAAAGAACGCTACGCCGGGCAGCACCAAGCAGAAGACGCTCGAGAACGTCGGTAAAAACGGAGGCGCACTCGGCGCCGATAATCCGACCTATCACGCCTCGATAGGTTGGGATTGGATCCCGACCATTCGGGGAAGGAACAGTGGTATCTGGGGCAATGTTTATTTGACCTTAACCGGGCAGGTGACACTCGAGAACCCCTTCATCACCTGCAAACTGCCGCTTCCCGACACCTCAAGCGCCGAAGTAACGGTCAACGTGGATTTGGTCAACCACGGAACTAAGCCCATCTCCGGGACTTTGCGCGGACTTTTCGGCAGCGTACCGTTCGAACAGCATGTCGTTGTGGAAGCTTCGACACGAAAGAGCATCCAGCTCGATCCCACAACGCATCCAGAGCTGCGCCTGAAAAGTCCAGAGTTGTGGTGGCCTGCGGGCTATGGAGCCCCCCACCTCTATGACGTCGAGCTCAGATTCGAGATGAAGGACCGGAAGGTGCTCGACAAGAAAACGTTCAAGGCGGGTGTCCGTCAGTTTACCTACAGCGAAGAAAACAGCGCGCTCAAGATATGGATCAATGGACGCCGGTTCATCGCCCGGGGCGGGAATTGGGGCTTCGGGGAATCGATGCTCCGCTACCGCGCTCGCGAGTATGATGCTTCCGTTCGTTATCACCGTGAGATGAACTTCACCATGATCCGCAACTGGGTTGGCCAGATCGGAGACGATGCTTTTTACGAGGCTTGCGATCGACATGGAATCGTCGTATGGCAAGATTTTTGGCTCGCCAACCCGTGGGACGGTCCGATTCCCGAAGATAACGACCTCTTCATGAGCAACGCAAAAGATTTTGTGTTGCGAATTCGCAATCACGCCAGCATCGGACTCTACTGCGGCAGAAACGAAGGCATTCCTCCGAAGCCGTTAGAAGACGCTATCCGCAAGATGCTGCCCCAGCTCCATCCAGGACTGCACTACATTCCAAGCTCCGCCGACCTCGTTGTCAGCGGTCACGGTCCTTATCAGGCGCTGCCGCCGGTGAATTACTTCCGCATCGTGGATGCCAAGCTGCATAGCGAGATCGGTATGCCGAACATCCCCTCGCTTGAAAGTGTGAAAGCAATGATGCCTGAAACCGCTCTGTGGCCCCAGGGGCTCAGTTGGGGACTGCACGACTTTTGCCTCGACGGGGCGCAGGGTGGCAGCGGTTTCCGATCCATCATCGATCATGGCTATGGGGGCGCTACCAGCGCCGAAGAGTGGATCTCGCTCGCGCAATTCGTGAACTACGAGGGCTATCGGGCGATGTTCGAGGCGCAGAGCAAATATCGCATGGGCCTGCTGTTATGGATGAGCCATCCCTGCTGGCCGTCGTTTGTATGGCAAACCTACGATTATTTTCTCGAACCCACCTCCGCTTACTTCGGCTGCAAAAAAGCGTCCGAACCGCTGCACATCCAATGGAACCGCCTGACCGACACCGTGGAAGTGGTGAACTACAACGGCGGGAATGCCACTGGACTTACCGCCAAGGTCGACATCTTGAACATGAACGGGTCGACCATGTGGTCGAAGACCGCTACTCTCGATAGCGCTGAAGACAGTACCTCTCAATGCATTCCGATGGAGTATCCAACCGGCCTCGATCCGGTGCATTTCCTGCGACTATCCCTGACACGCGGAGCAACCGTCCTCTCCAAAAATATCTACATGCGCGGGCGAGACGAGAATGACTACCGGGCAATCCGCCAACTGGCAAAAGCCAAGGTGAGGACTGTCACCAGCGCGGAGCGGCAAGGCGACCTCTGGTGGCTGACCACCAATATCGAAAACACCTCGGCCTACCCGGCTTTGATGGTGCGACTGCAGGCCGTCCGGGAAAGCACCGGGGACCGCATTCTTCCCGCTATCTACGAAGACAATTACCTTACGCTTATGCCCGGCGATCGCCAGACGATCAAAACCGAGCTGCGTCACGCTGATACTCGCGGAGAAAGACCCCGCATGGTGATTGGAGGATTCAACGTAGAGCCGATCTCCTAAGCGCGCGAGTGCCGGAGGAGTGAAGGCGTTCTGAAGCGAGAGGATGTTCGGCAAATCGACGCGACTCAGAGCGCCGTCGAGGGCTTTCAGCGATAATTGACGCAGTTTGATGGAGGTACCATGTCAGCGACTGCTGGATCACTTCATCCTGTTGGGAGTCCGGCTGCTACGGATGCTCTCGCTCAATCGTCAATTCAGAGAGTTTCCGTTCCCTGGTATGTCTGGTGCGGTGTCCTGGCGGTGACGTCGGCGGCAATTGGCGGGGCGTGGGATGTTTCCTGGCACCGCTCGATCGGCCGAGACAGTTTCTGGACGCCAGCGCATATGGCGATTTATGCATGTGGGGTGCTGGCCGCCGTAGTCTGCGGCTACTTGATCTTTGCGACCACCTTCGGCAAGTCGCAACAACTGAAAAAAATCTCGGTTAGTGTGCTCGGCTTTCGTGCACCCTTAGGTGCATTCATCGCAGCCTGGGGCGGCATTGCGATGTTGACCTCTGCTCCCTTCGACAATTGGTGGCACTCGGCTTATGGTCTCGACGTCAAGATTGTCAGTCCGCCGCATACGCTGCTGATTCTCGGAATCAGGGCGGTGGGCGTCGGCGTGCTCTTCCTAATTCTGAGCGCCATGAACCGGGCGATCACCGATGGCCATACGGAAGACCAGGGTTACCACAAACTTCAGCTCCTTTTTCTCTTTCTGGGTGGCTTGATCGTCTCCGGACAAATGTTTTTCCTGCTGGAATATACCTGGGATGTCATGCTCCACGGCTCGACTGCCTACGTGGCAATGGCGATTGCCGTACCAGTAGCGCTGGCTATGCTCTCTCGTGCTTCACAGCATCGTTGGGCAGCGACGCTTGCGGCCGCTGTTTACACGATTTTTGCGATCGCGGAAATCCTCATTCTGCCGCTCTTTCCCGCACAGCCGAAGCTCGGGCCGGTCTTCTATCCGGTGACGCACCTGGTGCCAGCCAAGTTCCCGATCTTGATCATTGTTCCGGCCCTGGCTCTCGATCTGTTATGGAAGCGGACCAGAGCGTGGAAGACCTGGC
CP030840.1_gap118	4195292	4196226	934	CTTGCTTCTAGCAGGAGTAGCCGTTGGTCCTGTAACTATTCTCGCCATGGCTTTTATCGCGCTGGCGCGTGGAACAGATGCCCGGTCCGTGTGGCAAGGCGACCCGTTAGGCGGTATTGGTGCGATTTCAGCGACAGTCTTTGCCGCAGTTGTAGGAGTTCTCACGGCCGCGTTCTATGTAGCCGGTCTCAAGTATTTTTTTCCTCCCGGAGACCGGGCCTCCGCAGAAAAGCGAGATTCTTCAGGTCAGCCCTAAAATAGGACTCATGCCAAGAACCCCAACCCTGATCGTCCACGGCGGAGCCTGGGCCATTCCCGACGACATGCTCGACACACATCGCAATGGCGTCTCGAACGCGCTCGCCATCGGATATGCGCTGCTTCAGGACGGCGCCTCGGCTGTCGATGCGGTTGAAGCCGCGGTCACCATCCTCGAAGATGATGAGACCTTCGATGCGGGGCGAGGCAGCTTTCTTGCCAGCTCTGGCCGCGTCCAGCTTGATGCTCTGTTGATGGACGGCTCCAATCTTCGCGCCGGCGGGGTCGCTTGTGTTGAACGCCTCCGCAATCCCATACAGGCGGCAAGGCTGGTCCTCGACAAGAGCCCGCACGTCTACTTTGTAGGCTCCGGCGCAGAAGACTTCGCTCGGCAGCACGGCATGGCGCTGATCGACAACGCCGAACTCGTTCTCGAACGGGAGCGAAACCGCCTCGCCGAAGCCCAGGCGAACGCTCGTGCCGGTCTGCCCGACCTCACCTTCGCCGGCGACGACAAGTCTCCAGAAACGGCGGTGGATCCCTCTGGCTCCAATCGTCCAGGATTCGATTCTCACGACACCGTCGGCGCCGTGGCTCTGGATAGCCGAGGGAACCTGGCCGCTGGCACCTCGACCGGCGGCACTTTGAACAAAGCGCCGGGCCGGGTCGGCGATTC
CP030840.1_gap119	4201468	4206370	4902	AAGCGCCGGTGCACGTCCTCATCGCGCCGCGAGAACACTTTTCTTCCCTCACGCATATGGGCGCGTTAGCAGCACACAAGGACCTGCTTGGTCATCTAGTTCAGGTCGCTATCCAGATAGCCGCAACGGAGAAACTCACGCACGGTTACCGGGCAGTGATTAATACTGGCCCCGATGGGGGACAGACGGTAGACCATCTGCACCTGCATCTGCTCGGAGGGCGCGCCATGGGATGGCCGCCAGGTTGAGATCTGCAATGGCGCAGAAGCTCGTGAGCGATACAAATGTCTATCCGCTTGGCGAGGAGACTTAAGTGAATGACCTAAGCCTCGGCGGCTTCTAATTCTTCTTCTAGACCGTGACGGCGGAGCAGATTCGGAAGATTCTGGGAAAACGCCGAGCGGGGCATGACCATATCGCAGCCTGCTTCTGTCGCTTTGACTTTGAGGTCGCCCTGCAGATGTGACAGGAAACCGATCACCGAAGTTCCACGCTTCAACTTGGCCTTGATTTTGGGAATCAGGGTCAGAGGTTTTGCTCCCGCGTTGTTCAAGTCGAAGACGATCAGGGATGGCTTTTCATCCTCGGGAACGCCGCTGAGGCGGGCGACTATATCCTTGTCCGCCTTAAGAAATCCTACCTTGACGCCCAGTTTGCGGGCGGTTTCCTGAATCTTTGCCAGGAAGAAAAGGTCTTCAATGAAGAAGAAAATCCGCGTCGGAGCGTCGGGCCGGATGGGCGCTGGCGCCGGATCGGGAAGGATTGTCTCGTGGTGATAGCCGTTACCGTTCCCATTGCGAAATTCGATAGTTGAGGGGGGACCGTCGGCCAGATTGCCGTTCGCGACCCGGTAGCTGTGATCCATGGGGCCTACGAAAACCTGCTGACGCCGGGGCTTGCTCTTGCGCCGCGAACCGCTGCCCTGACCATTGCCGCCGTTATTTCCGCCACCATTGTTGTTCTTGCCGCTAAAGCGGCCCTGGTTTGAGGATTTCTGCTTCTGGGTGGGGGCTCCCTGGCCATTTGACTGGCCATTGGCTGGCGCGGTCGCTTGCCCATTGGGCTGCGGGGAAGGTTGACCCTTGATGGCATTGCTACCACTCTGGGCCTTACGTCTGCGTCTGCGGCGACGATGTCCCTGGGACGGTCCCTGCGGCGCTTGCCCCTCTTGCTGCGGCCCTGAGGCCGCCTGGGGCTGGTCTTGTTCTGTTGTCATGCGTGCACTTCCTGGTGCGTTGCGATTGTTGCAGCTTTCATCCGGCTTGAGTGCTGCTGGTTCTCGTTGAAAAACTACCGGCAAACTTAAACAGCCTATCTAGGCTCGGCCGTAGCCAAAGCTTCTGGAGAGGAAGCGAAATCGACATGCTTTGGGCGGTACCTTCAACCAAAAGGTTCAACTCGAAGGAATCTGTGGCCTTACCACAAGCGTTCGCCAGCAATCGTAAACGGGCGATAGGAGCTAAGGGTGAAGACGCTGTCGTTGAAGCGTTTCATTTTAGGTAGTGGCAGCGGGTAATCAAACTCAAGGATTTTCGGCCTGGGATACCGCTGGCTACATTCGCTCGACGAGCAAATCCAATATTACTCATAACCCGCAAATGTTGCAAGTGGACTTTCGGCCGGGAGATCCGGCCATTCTGAAATCGGGCTGGGGAAGTCTCCGTTAGGAAGACTTTAAGGTCCTCAGGCAGATGTAATGGCCAATCACTGGCCTCCCATGAACTACTACCTTGATCGAACTTCCGGGTGACGAGACTGGCTCGTTCTAGGGCGGAGTTCGTACCCGGCGGGCGGCTTGTCCTCTTAGGAACTTGCTCTTCCCGCACCGGGCTATATTTTGAGAGCGATCTTAAACTCGATCACTCCGGTGCATCGCTGGCAATCTCTTAGTAGCAATCGAAGCACCGCGAGACACGATCAATGGAATGAGCGGTTTACCTCCGCCAATTCCTCTGCACTCTTCATTTTCTGGAAAAGGAACCTGCCAAGTCTTCGTAAAACCATAGCTTTCCGTTGTGAAAGTCATTTCATGGTCGCTCGAGATTCACCTTTGGCAATGGGGGCAATAATGAGTACTTCTTCCTCCCAGCACTATTTTGCGAATCGGAGTGCCGCACACCAGGCAAGGTTGCCCCGTTCTCATGTAGACGCGGTGCTGCAGTTGGAAGAAACCACGCACCCCGTCCGCGTCGACATAGTCCGAAACTGAGGAACCGCCGAGCTTAATCGCTTCGCGCAGAACCGTTTGAATACTGACGTGTAGTCGCTCCAACTCGGCCTTACGAAGTCGGCCAGCGATCCGTTTCGGCCGAATTCCTGCACGGAATAGACTTTCGTCGGCATAGATGTTGCCCACGCCATGGAGCAGCTTCTGGTTCAGGAGTGCGGATTTAATTGGCAGATGGCGGCCCCGAAATAGCTTCTGGAAGTCGGCTAGCGCGATGCTCAGCGGCTCCTGACCGGGACCCTGGAAGCCTTGCGCGGTACTCTGATGCGAGGGTTCGACCGACTCGTTTTCCATCCGGAAGATGGCCAATCGGCCAAATCGACGCGGATCGACGAAGCGTAACTCCCGGCCCGACGACAGACCCAACACAGCATGGGTGTGAGCGGGAAGTGGAACCTCCGGCGAGCAGACCAGCAGCCGTCCAGTCATACCGAGGTGCACGATCCACTGCAGCAGGACGCCGCTTCTGGCATCGCCGTTTTCCAGGTCAAAGACGATGTGTTTGCCCACCCGTCGCACCTGAATAATCCGGCAGCCGGCAAGGTCCTGCTCCATCTCAGCAGCGGGCGTCTTGAAGGTTTGCGGTTTTGAACTCAACCAGACCGACTCAATCCGCTGACCGCGGACTCGGTCGTTCACGCCATTGGCGACGGTTTCTACTTCGGGCAGTTCCGGCATGAAATCCTATTTTCTCAAATGGGGCTCCGACCTTCTTATCTGCCCCAAAAAGAGCCACGCGCGCTTTGTCGTTGCCCGGCAGCCGTTATATCATCAGGCGGGCAACGGTCGGATTTTCGAGGATTGATCTGGAAGTTCATGCGAGCTAAAACAGCAGTGGTAGTCGGCGCTCAATGGGGCGACGAAGGTAAGGGAAAGATCGTCGACGTGCTCTCGGAGCGCTTTTCCGTTGTTGCCCGGTATGCGGGCGGCCACAACGCTGGACACACGGTCATCATTGGCGGGCAGAAATTTATCTTGCAGTTGGTGCCCTGCGGCGTGCTGCGCCCCAACTGCCGTGGCGTCATCGGCAACGGCGTTGTTCTGGATCCGGCGGCTTTCCTCAAGGAGATTGGCAAGCTGCGCGAGCTCGGGATTGACGTTGACCGGCAACTGTTCATCTCAAATCGCGCTCAGGTGATTCTGCCATACCACCGCATGATCGAACTCGCGGCGGAAAGCGCTCCAGGACGTCAAAAGATCGGCACCACCAGCCGGGGAATCGGACCGGCATATGAGGACAAGATGGCGCGCAGTGGCCTGCGCGTCGTGGACCTGCTGAATTCCTCGCTGCTCCGGACTCATATTCACAATGCCTGTCACGAGAAGAATGCCATCGCTCATGCGCTTTTTGGCACCGACCCTCTTGATCCGGCAAAAATGTACGAGGAGTATGCCCGCCTGGCCGGGCAGATCGCTCCGTTTGTCACGGACACGGAAGTGCTGCTCAATGCGGCCATTCGTGAAGGCCAAAGCGTCATGTTTGAGGGCGCGCAAGGAACCCTGCTCGACATCGATCATGGAACCTATCCTTTCGTCACCTCATCCTCCGCGACCGCCGGCGGCGCGGTGACCGGCACCGGAGTCGGCCCTACCAAGATCGGCACGGTAATCGGCGTGACCAAGGCCTATGTCACCCGCGTGGGGGAAGGCCCGTTCCCGACCGAGATCCACGACGAGGCTGGTGATTCCTTGCGGGCGCGCGGCCATGAATATGGCGCCGTCACTGGCCGCCCTCGACGCTGCGGCTGGCTCGATCTTCCTTTGCTACGCTACTCAAATCAAGTGAATGGAAGCGAGTGGCTGGTGGTGACGAAGCTCGACGTTTTGGATGAACTTGCGGAAATTCCGGTCTGCACTGGCTACAAGATCGGCGGCAAGCTCATTGATTCCATTCCTGCTGATGTCCGCGGCCTGGAGTCCATTGAGCCGGTCTATCGGACTCTGCCCGGCTGGCGTCAACCGACAGAAGGCATCACAGATTTCGATCGGCTGCCCGTGGCCGCCAAGGAATACCTTCGCTTTCTCGAGAGTGAATCCGGAGCAAGGATCGGGATGGTCTCTACTGGGCCCGATCGCGACCAGACGCTTACTTTACCCGAGTTCTTTGCGGCGTTTGAAGAGCTCCATGCGGCGGTGACAAGCTGATGCGTCGCGAAGATATCAGAAATGTAGTCGCCGGCCTCAGCAACGGAAGATTTATTGACGCCAAGCCGGCGGGGCAGGGAGCAGCATTGTTTCTATGGTGACCTTTACAGTTCGCATGCGTTTCTCTCATGATGATCGCGACAAAGTCGCCGAGATTCTTCGCAACCTCGCACACGCCTCCCGGCAGGAACCTGGCTGCGTAGCCTATGTCCCTCATCAGGTGGATGGCGACGCAGAGACCATCCTGATCTATGAGCAATACCGGGACCAGGCAGCTGTCGATGCTCACCGGGCGACTCCTCACTTCCAGCAATATGCGGTTGGGGGCCTTTATCAGCTCATGAAAGATCGAGCGATCGAGACGCTTGACGCGCTCGTTTGAGCAGAATGACAAAAGATCGCGGACTGGACCTGTCTGCGAAATCTCGAGGGCGGAGACCAAATTTTTTGATGCTTGAGCGCTTCAGGCAGAGAGTCTGTTCGACTTCGCCCGCGCTACCGGATTCCGGGGTCGGAGCAGGTTTTCTCAT
CP030840.1_gap120	4222374	4226446	4072	TGTCTGCGAGCTTCGCTTCTCCAGGGCACGCTCAGACGCTCCAGCCTCGGCCGCAAACTCCACCAGTCTCCGCTTCACAGAGCGATAAAGCCTCCCAGATCAAAGTCCAGGCGCCCGTGCTCTCGGCAGGCACGAGCCTCCAGGTTGAACTGCCTCGCTCCCTGCCTATGAAGAAGGGAGAACCGGTCGCAGCCACACTCCTCTACCCGCTCTATGTCGACGGAAGAATGGTGTTGCCCAAGGGCACGCCCGTTCACGGGGAAGTGACCTACCTGAATCCGGACCGGTCGATGCGCAACCACGCGCGTCTGCACGGGGATTTCACCCCATTTCATCAGCCGGAGGTGCGTTTTGACGACCTGGTTCTTTCCAATGGATCCAAGCTAACCATCGACGCCCCTGTAATCAGTAACGGTGCTCCCGTACTTGAGCTGTCAACTCCCGGAGTGCAGCCGCACCGATCGATCTTCGCTCGCGGATGGAGCGAGGCCAAGACACGTGCGAGGCAGCCGATCGACTTTTTTATTCAGCCGGGATTCGGTGACCGCGCAAAGCAGGTACTCTACCACCAACTGCCGTATCACCCAGAACAGATCCCCGCTCATACCGCGTGGACCTTCGAGCTGGCCCATCCGTTGACGCTCCCGGATGAGAACCTGGCGGCCTCAAATCAGCCGAACCCAGCCTGGCCGGCGGCAAGCAGTGCTGCCTCCGAAGTATGGTCCGTTCACGCGCTGCTCAAAGATCCAATCAGTTCAGCGACTTCGAAGGTCGGCGAGCCAGTGAAGGCGCTCGTCGTAGAACCGGTAGTCGATCGCAATCGGCAGATCGTTGTGCCTCAAGGTTCTATGTTGATCGGCAGAGTGAGCGTTGCGAAACCTGCGCAATCTTTAGGACGCAACGGCAAGCTTCGTTTCACCTTCCAGCAGATTCAATTCCCTCAAGGAGCGAATCGTTCCGTCGAAAGCTCGCTTGCCGGCGCGACCACCGACCAGCGTCAGGACCTTTCGATTGACGCCGAAGGGACCATCACCCCAAAGAGCAAAGCAAGTGTCGTGGTGCCGCTGGCGTTGACGTTCCTCGCAGGCCGGGCGCTTGATGACGACGGCAACCAGACTTTTCAGGCTGGTGTCGCCTCGAACGGATTCGGCATCATTGGCAGAATCGTAGGAACAGCAGCAGGCTCCCGCGAGCTTGCTGCTGGCATTGGGTATTATGCGGCCGCGCTGTCCATTTATGAAAACTGGCTGACTCCCGGGCGAGATGTCACCTTCCCGCTCGATACTCGAATTGAGATCCAGACCTCTCCCCTCCGAGCGCCCGTGCTGAAGAGCGCAAATACTTCGAACTAAACTTCAGCAACCGAGTCAGCGGTGGTTCAGCGGAATCGCGACCTCAAGTCGTGAGCAGACGGTTGCACAAGGATCCCGCACGCTGTTGTGTATCGGAATAGTTTTACTAGCGGAATTGCTTGATGTACGATCGACGTTGCTTGCGCGCAAAATGCCTTCCATCGAAGAGCTTCTTGGTCGGGCCGCGAGCCTATTCTGTGCCCCTGCGAGGAGCCTAGTCCTGATGAGAGAAGTCAGTTGGTGTTTGCATCAGGTTTTCAGACTGTTCACTGCGGTTTGCCTCACCGCCTTGATCGCCTCTTCCGCTGCCATGGCCGACGACCAGCCATGGAAAGCCAGCTGGATCACGCATCCGACCGCTCCATTGCGCGAGCCGCTCGTGCTCCACTTTCGTCGCGCTCTACAACTTGATAGAAAGCCTTCGCAATATGTTGTGCATGTCAGCGCGGACAATCGTTTCATCCTTTACGTGAATGGGCATCGAGTTGGGGATGGTCCCGCACGCGGGGATCTCGCCCATTGGCGCTATGAAACGTTCGATCTTGCACCCTATTTGAATGCTGGAATGAATTCTGTAACCGCCACGATATGGAACTTTGGGATCTACGCGCCGGTCGCTCAAATTACCGATCGCGCTGCCTTCCTCGTACACGGGGGCGGCCCTCTCGAAGCGGCGATTGATACCCCCAACGAATGGATGGTCGAGGTCGAACCCGGGCAGATCGCCGTTCCGCGAAGGCCGGAGGGTTTCGATGCTTATATGGCAAATGGACCGGGGGAAGAACTCGATGCAGAAAAGTACGACTGGCATTGGAATGATCCCAAGGTCACTGGCGGCGCATGGGTCGCTGCCGTCTCGCCTATGCGGGAAAACATCTACTCCTCCGCAGCGCGTGCAGGGCTATCCGGCGAAACCTTCGATAACTACTGGCAACTTATCCCCGATGCTCTTCCACATATGGCCTATGAGCCGACCGAGGCAGGGAAGGTGGTACGTTCGGACGATGCCGGGGCCAATAAATTCCCTGCACATGCCGTCAGCATCGCGGCCCACCGTCATGTCCATCTACTTCTCGATAGAAAGACGCTGACTACCGGCTACCCGGAACTTACAGTGTCTGGCGGGAAGGGAGCTAGCATTCAGCTTACTTACTCCGAAGCCCTCTATGACGAGAAGCAGCAGAAGGGAGACCGAGATGAAGTCGCGAACCGCAAGGCGGAAGGATTTCACGATCGCTTTCTTCCCGATGGAGGAGACCATCGAACCTTTGAACCGCTATGGTGGAGGACTTGGAGATATCTCGACCTTGACATCCAGACTGGCGATACAGCATTGACACTGGATGCTCTCAAGGCCGAATTTACCGCGTATCCATTCGAAGAGCGGGCCTCCTTTGAAGGAAAGAATGCGGAGGGGAAAGATCCCGACCTGGCGCCTATATGGGAGATCAGCTGGAGGACGGCCCGGCTCGACGCGCACGAAACCTACATGGATACTCCTTACTATGAGCAGCTTCAATACATAGGAGATACTCGCATCCAGGCACTTATCTCGTATGCTGTAGCCGGCGACGATCGTCTTGCCAGGCAGGCGCTGGCGGCCTTCGATAACTCGCGAATACCAGCGGGTATAACTCAGAGCCGCTATCCTACTTCGCAGCCGCAGATGATCCCGACCTTCTCGCTTCTATGGATCGGCATGTTACATGACTACTGGATGTATCGTCCTGATCCCGCTCCAGTGAAAGAACATTTGCCGGGTACGCGCACAGTACTCGATTGGTTCTCAGGCTATGAGCAGCCAGACGGACTATTGAAGGAACTTCCCTGGTGGAGCTTCGTCGATTGGGTCGTCGGTGGCAAGCTGCCCAATTACAGCGCCAATGGTGAATCCTGCACCACCACCCTCGAATACCTCGGAGCGCTGCGGGATGCCGCCGACCTCGAACGCGCAATAGGCGACCCAGACAGGGCAGAGCGTGATGCTAGCCGCGCCCAGCATGTGCGCACCGGCCTCTATGAAAAATGCTGGGACACTCATCGCAAGCTACTAGCGGACAATCCGGATCGAAAGAACTTTAGTCAGCAGACTAATGTCCTTGGCGTGCTCTTCGATGTCATTCCCCGAGAGGAGCAGCAGAGTGTTTTAAGGCAGATGATGAACATTGAGCCCGGCACTTCGCCGGCCGGCGTGCTCGGCTCTTCTTACTACTTTCGCTTCTATCTTGCCCGGGCGCTCGATCACGCTGGCATGGCAGATGACTATCTGGCGAGTCTGAAGCCATGGCGGGACTTGCTGCCGCTGCATTTCAGCACCTGGCCGGAGACGCCGGGCGATAGCCGATCGGATTCCCATGCATGGAGTGCGCATCCAGCGTATGACATGCTCACGCTCGTAGCAGGAATCCAACCGTCTTCTCCTGGTTTTGCATCGGTGAGGATTTCGCCAACCTTCGGGGAACTCACCACGATCTCGGCGAAGTTCCCCCATCCGCAAGGGATGATCAGCGTTCATTATGAGCGCAACGGGCAGGCGTTAACCGGGACCGTCACTCTGCCGCCAAATCTGAATGGATCCTTCGTCTGGCACGGCAGAGAACAGGCCCTGCATGCGGGTGCGAACCAGATCAAGGCCGATTAAGAGATATGCAACTTGCGCTCAGGGGTTTTGCCTGGAGACCCCTGCAGATCGGTCAGAACAGGGTGCCCTCCCAAGACAC
CP030840.1_gap121	4230198	4231021	823	TCGGTGCTGCTTGAGCCGCTTCCGTACCCGCAACAGGACCGCATCGTGCAGCTCAAGGCCGACGCTGCTTCCAGCAACTACCCAAAGGGGTGGATTCGCGAATATCAACGCCGTTCCCGAGCCCTTTCCAGCGTCTCCGCTTACACCTCGAATGCCGAGTACAACGTTACTGCGGCTGGCTCTGCGGCACGCGCCTTCGGGAGTGCGGTGAGTACGAATCTGTTTGAGACGCTGGAGGTCCGGCCAGCTTTGGGCCGTTTCTTCTCTTCCTCCGAGGCGTCTTTTGGGCAGGATGACGTGATCGTGTTATCGAACGGCTTCTGGCGGCAGCAGTTTGGAGCCGACCCCAACGTGATAGGCCATACGATCCTTCTGGACGGCGTTGATCGCCAGATCATTGGCGTCGCTCCGCCTCAGGTTTACTTCCCCAACTCTGAAACCCAGTTTTGGATCCCAATCGCATTTAAAGTCAATGACATCGACGATGCGTGGGCCGAGTTCAACTACCAGGCAATCGGCCGCCTGCGCGACGGGACGACGGCCAACCAGGCCCAGGCTGAGTTGCGCTCGCTGCATCGCTCAATGTTGACTCTCTTTCCCTGGATCATGCCCGATGACTGGGCGGCCAACATGACGGTGACGCCGCTACTTAATTCTGTCGTGGGCGACATTCGTCCTCGCCTCTTGCTTCTGTCTGGCGCCGTCGGTCTCGTCCTGCTGATCGCCTGCGCCAATGTCGCCAATCTGATGCTCGCCCGCGCCGCGACTCGACAGCGGGAGATGGCTCTCCGTTCCGCTCTTGGCGCGGATGCGGGGAGGCTTA
CP030840.1_gap122	4341140	4344929	3789	AGCCCGTTGCGTTCGCATGCGTTTCGAACACCGCCAACCGGCAGCGTTCCGGGATCGAACATGGGAACTTCCACGCCCTGAAGACCCAACTCCCTGAGTCCCGGCAGCAGTTCAAGGTGCGGGGCCCCAAAATCCGAGGTCCATGCGAAGGCGCTTACGCCTATCTTCATCCGACTCCTCCAGAACGAACGCTTGCCACATCGACGGCGAGCCAGAACACTAAACCGCATGGCGCGGAGCCGGCGCTCTCTTGCCATCCGCAAACGCCTACCGTTTGGATTGGACTACTTTGTCCCAAGATTCCGGTCGAAGAAGCTGATCATCACGTTGAAGGCGTCCTGCGACTCCGGAACATCGGCGTTATAAAAGAACCCGTGAAACAGCCCGTCCCACACATGAAGCTCCGCCTTGACGCCCCTCTTGGTGAGCTCCGCATCCGTGTGGATCGTGCCGCTCATCGCGAAGTCCCGGGTCCCCGTAATCAGCAGAGTCGGGGGGAACTTCGCCAGGATCTCGGGTGAATTCATTGGCGAGACGAGTGGATCCTTCATGTCTGTCCCGCCGAAATACCCAAGCTGAGATTGAGCGGGAGGGTGCGCGGGGGGCATTCTCCCCTCTCCGAAGGGAAACGCTATATAGGTAGCATCTCCGCCGAACGCGCCGGCGGAGGCGCAGTAGATGCCAACCGCTCCCGGCGTCGGCAGTCCATGGGTTTGAAACCAAGCCAGAGACATCGCCGTCAACATGCCGCCGGCAGAGCATCCATATATGCCGATGTCTTGCGGCTTGTAAGTCTTCAGCAACTCGCGGTAGACGCTTGCCACATCTTCGCTGGCGGCCGGGAACTTGTTGTCCGGTCCCTCGCGGTAATCCACGGTAACAACTTTGATCTTCATGAGCGCGGAGATCGGCATTGACTCGAGTTCGGCGCAGCCGGGCCAGCAGCCGGAAAATCCGCCGCCGTGCAGGTTGATCAAGACTCGCGCCTTGTTCTTGTCCGATATTCCCGCTCGCGGCGAGTAAGTGTAGGTATGCACACCTCCCAGAGAAACGTCCTTGCGTTCGAGGGCGAACAGCGCCTCGTCGCGCTCCAGGTAGCGTTTCATGAAACGAGGCACACCCTGATCCTGCTTCACAAGCTCGGGGTCCTGCATCTCTCTCATGTGATCCGTGACGTAGGTTTTGGCGTCGGGGCTCAGGAAGCTGGAAAGCGGCACGGCGTAGCTGGGAATCTGCACCGTGCCGTCCGAGTTGACGACGACGTTCGGGGCCGGCTGCGCCGCGTCCTGCGCGTAAAGCTTTGTCGAAGTCGCGATCAAGCCACAGAGCAGAATGACGACGAGAGCGAGCTTGGTTCGAAGGGGCATTGAACTTTTTCACCTTTCTCTATGGGGGGCAGCGTCGCTCGACGGCCTCCGCATTGGATCGTCGGCCGCTTTGCGTCTCCGCAGGCCGAGCAGCCTATGATCGCTGGACTGTTCTTAATAGGTGAACCGCAAAGCGAGCTGGACGGTGCGGGGAAGGTTGCTTTGATGGTTCACAACGCCGAAACTGGGCCCCAGGCCGACGCCGGGCTCGGCGAATTGAGGATGATTAAACAGGTCGAATATTTCGGCGCTGAACTTCAGCTTCGCCCTCTCGGTCAAGTCGAAGGATTTGTTCGCCGAGAAATCGAAGTTCACTAGTTTATCGGCCCTCAAGCCGGTGTCAACTCTGGATTCATTGCCATATTCAAAAGGACCCGGCTCCGAGAAGCAGCTGGTGTTGAACCACTCCAAAGCTTTGGCCGACCGATTGCCGGATACGCTCTTGCTGCATCCAGGAGCATAGTTCGGCCGAATGATGCCGCTCCCTAAACCAAAGCCCGGAGTGCCACCTCCAAAGTCTTGCGCCAGCGTATTCGGATTCGCGGTCAGCGCGATGGGAACGCCGCTCCTGAGAGTTGTGATCCCGTTGACGCGCCAACCGCCGACGAGCGCGTTCGCCACCGAGTTGATGTTGGCGAGGTACATCTGGCCGTGCCCAAAGGGCAGATCGAGCCCGTAGTTCGCGACGAAGTTCTGCCGAATGTCTTGCTGGCTCACCGATTTCTCAGCTTTAAGGTTGTACCGATCCTGGACGAGCCCGGTGCCTCCCTGGCCGTCGAGGAAGGAGCTTGTGTTGTCGGTGTCGCTAATCAGCTTCGCCCATGTGTATGCGGCCTGAACGATGCCGGCATGGCCGAAACGCTTGGTGAAGTACATTTGGAGCGCGTTGTAATTGGAGCCCGCGATGCGCGCGTCCTGCTGCAGAACGCCCAGCGGATATTGAGGATAGGGCATCAGGAGCCTACCCTTCAGGATAGTAGGACCCCCGGCGGCGGAACCGGCCGGCAGCGCGCCATAGAACGGGTTCGCGACCGGAGTCAGCAGATCATCCCCCATTGACAGATATTGATCGGGAATTTGGTTCAGCTGCAGCCCGGAGCCGGTGTACGGGGACGCGATAATCAGGTGTGTTCCTTTGGATCCGGCGTAGGCCAGACTCGCCGTGGCGCTCCCTCCGATCGTGCGCTCGACCGCAAGATTCCATTGTTGAGAATAACCAAGCGGCTGGTCCGGCACGCGCGCCCATACCCCGCTTCCCAGAAGGTTGTCAACGCCTTGTTGAGAATGGCCGAGGGCCGGCGTGATTCCGGTTGGGAACGGATCTGCGATCGTGGCGCCGACCGGTTGCCCTACACTGTTCACGTTGTTCGTCGCCGACCGGGTCAGCGAGCTTAGTTGGGGACCGTCCTGATCTAAAACAGCCGGGAAGTAGGAGATGCCGTAGCCCGCCCGGATCACGCTCTCAGGGTCGAAGCGCCACGCGAAGCCGACGCGCGGGGAGAAGGTCTTCCAATGGAGCGATTCTTCCCTTCGAGAAGGATACAGCGGCGAAGCCACCAACGCGGCCGTCCCCTTGAGCTGCACCGTGTTGCCGAGCGGGTCGACGTACGAGCTGACCCCGCCGACGCTCAGAGGTGCGTTGGGAAGAAAAACCGCGTCAATGTTGTTCTCTTCCGAGAATGCGCCGGGCTGCTCCCAGCGAAGGCCGGCCGTGACTGTCAACTTAGGCGTGGCTTGATAGGTGTCCTCCACGAAGAAGCCGTAGTTGTGCAGGAAGGCATAGGTGGGGCTTGTCACCGTCACGTTTGTCTGCGACGGAATGCCAAGCAGAAACGAGGCGAGAGCGTTGCCTGTTCCGGCTATGCTCGGATCAGCGGTGAAACCAGGGAGCGAGGTCAAATTGACTCCTCCGCTGCCTGGATACGCTTCCCACAGGACCTGGCGCCAATTGCCGCCGGACTTGATGCTGTGTTTTCCTACGATCTTAGTGAAGCTTCCGTTGACCGCCCAGATGTTGTTGTTCCAGTGCAATTGGGAGAGGTTCGGTCCTACGCTATACCCCTGAATCGCGAGCGCGGGAAGAGAGAAGGTGCCAAGTCCGGATTGACCGGGAATCGCCCCCCATTCGCCGCCGATGGTCGCCATGTCGAAGCCGTTGCTCAACGGATCCTGAAAGTTATAGTTCTCCAGATACGAAAGGCGCAGTTCGGCGATCGATGTGGGGGAAAACACGTGATTGTCTCCCAGTACGCCTTCCTGGGTGTAGTTGCCGGTAGGCCCCGCGCCGGTTTTGTTTCCGAAAGGATCGACCGCTTCATTGTGCGGGTTCCAGAACGTGTAGCGCGCGAAGGCTGTGTCCTTGCCCAGGCTGGCGTCGACACGCGCGTTGTATTGCGTCTGAACTCCGATCGCGGGCACCGAC
CP030840.1_gap123	4352884	4354492	1608	CAGTACGTCTCCTCGGTCGCGCAGCCGACGACGGTTCGCGAAGATGTTGTTCGTATCGACCACACCATCAACAGCAAGCTCGCGTTGATGGGCCATTACCTCCACGATCAGACCAGCCAGGCATACTATCCGCCGCTTTGGAGCGATGGTAGCTATCCCACCGTCGGTTCCACGCTGCTTAACCCATCCTGGGCCGCGACGGTTAAGCTGACCCAGACCCTCTCGCCCAACCTGCTCAACGAAACTGCGTTCCTCTATAGCGGTAACACCATCCACCTTGACCCAGTTGCCGGCGCGGGTTCTTCTTATACCCAGCCCACCGGCTGGGACCAGACCACGTTCTTTACCGGAAACAATGACGGGAACCGTCTGCCTGAGATCGATCTTGGCGCACCCTATAGCACCAATTGGACCTCGTCATACTTCCCCTGGAAGAACTCCTACGAGGGCTACAATACCCGCGACGATCTCTCCTGGACGCGCGGCAAGCACCAGATGAAATTCGGTTTTGCTTGGCTGCATGACCCGAAGAACCAGCAGCTGCAGGCCAACACCCAGGGCACTGCTGTTTTCAACAACAACACCTACACCAAAGACTCCTACGTAAACTTTGTGCTCGGTGACACCGCCAGCTTTACCCAGTTAAATTTTTTAGCCGGCAAGCACTGGGTCAACAACAACTACAGCTTCTATGTGAACGATAACTTTCATGTTTCGTCAGAGCTCACGTTGAACGTGGGTATCCGCTTCGACGGCATGCCTCACGCCTTTGAGCGGTTCAATCAGTTTGCGAATTTTTATCCCGCCAGCTTCAACGCGACAACCGCCAGCACTGCGCTTGTTAACGATGGAAGCGGAACTCTCAACCCGGCCGCCTTAACGCCTTTCGCCGGCGGTTCGTTCTATCTGAACGGCATTCGCGAGGCCGGGGTTAACGGCTTCCCACGCGGCGTCGTCAAGAACAGTTACAACAGCTGGCAGCCGAGGATCGGCTTTGCCTTCAATCCTGGCGGCGATGGCAAGATGGTGATCCGCGGCGGATTTGGGATGTTCTTCGAGCGCGTCCAGGGCAACGATGTATACAACGCTGCATTAAACCCGCCCTTTGCATATCAGCCGTCTGCCAACAACGTCTATTTCTCCAACCCCAACATCAGCACGGCGACCGGGACCGTCCCAGCCGTGTTGCCGTCGTTCCCCTCGACTCTCACCAGCCTCTCGTATAACTATCCCAACCCTGGAACGGCAGAGTTCAGCTTCGGCGTTCAACGCCAGCTTGCCCCCTCCATTGTTGCCGTAGTGCAATACGTAGGAACAACAGGCTGGCACCAGAGCGACGATCGGCACATTAACACTTTGCCTCTGTTCGATCCGGCGAATGGCTCGTACGACAATCGCCAGGCCGTTGCCGGGGGTGCCAATGCCAACCTGTATAGGCAGTTTCTCGGTTTCAGCGACGTCAACCAGGAAGAGACCGAGACCAACGCCAACTACAACGGGCTCCAGGCCGGCCTTCGGATCGAAAACAAGCACGGTGTCACTGTGACCTTTGCTTACACATACTCGCACGAGACCGATCAGGTGAGCAGCGATCTGGGCGGCATTTCG
CP030840.1_gap124	4369556	4372081	2525	GCAACGTCTGAAGGCTCTTGAAGACGAGAACCGCCGTCTGAAGCTGCTGGTGGCGGAGTTGAGTCTTCACGGCGAGGCGCTGAAGGGCGTGATCCGAAAAAACGGCTGGAGCTTGCCGGCCTGAGAGAAGCGGTGGCGTACGCTCAGGCCGAGCATGGCTTGAGCGAGCGCACGGCCTGCAAGCTGCTAGGCATGAAGAGGTCAAGCTACCGGTACGAGCCGCGGCCGGACCGCAACGCGGCGTTGCGCGAGGCGTTGGTGAAGCTGGCCCGGCAGAAGCCGCGCTATGGCTACCGGCGGCTGCACGCGGTGTTGAGCCGGTGCGGCCACGAGGTGAACGTGAAGCGGGTCTATCGACTGTATGTGGAAGAGCGACTGATGGTGCGGCGCAAGAGGCGCAAGCGTCTGGTGCGCGATCGCGCGGCCGAGCCGCGGCTGACGGGAGCGAACCAGGAGTGGGCGATGGACTTCATCGTCGATGGGTTGACGACGGGGCGGATGGTGCGCATCCTGAGCGTGGTCGACGTGTACACGCGCGAGTGCCTGGCGCTGGAGGCCGACACCAGCCTCGGCTCAGGGCGCGTGACGCGGGTGCTGGAGCGGCTGATCGAAGAGCGTGGCCGGCCAGAAAATGTGCGCTCGGACAACGTACTAACACAGGAAGGAAAAGCTGGAGAGAAGAGAAGGTCCCTTAGCATCCCGTATGGGATGTGCTTGACGACGACTGTACCTCCAAGTGGCTTCCACGAGCAAGGGCTGAGCGTTCGACCATAGCGACACGAGATCTGCCGAAGAGCGCAGTCTCCACTGTACTCAAAATGAAGTCTCAACCAAGTGAAAGGCCGAATCATTATCTACGAGGTCCTTACGGCCTCGACGGCCCAGGTGAAGCGGCTCTTCCACTTGGTGCCGCTGCCTCATAGAAGCAGCGGAAGTCGGTACCGGTCTTGATGATCCCATGAGCCACGCGAGCCATCTTGGCGGCGACGGCGACATACGCCATACGCTTGCGGTCGGCACTGGCAGGATCACGCCGGAGATATCGTTCGAACTTGTCTCGGAAGCTGTTCTCTCGCAGCCTCACAGCCACAGTGGCGGCCATCCAGAAGGCGCAGCGAAGCCGTGCGTTGCCGTATTTCGACAGCTTGGTCGCTCCTCGAAACTGGCCCGACTGCTGAGTCGAGAGATCGAGGCCACAGAACTTGAGGAACTGACGATGGTGATTGAAGCGGCGCAGGTCGCCGGCTTCGGCCAGGATCGTGAGCGCCAGGATAGGGCCGATGCCTGGCATCTGCTGGAGACGCCTGAAGTCGACGTTTTCCTTCAGGTGAAGCGCAGCTCGTTGTTCCAGTTGATCGCGGAGCTGGCAGAGTCGGATCATCTCGCCGAGTACGACGCGGAACATCGCAACGGCCTCTGAGTCCTCAGCAACGGGGATCCCGATGGAGGACTGGGCCGTGCGGTAAATATCCTCTAGCAGCCGCTGTTTACTTACCTTGCGTCCGACGACCGTCCACGCTTGCTGAACGAAGTCTTCCATCGAGAGGCGTGCAATCAGGGCAGGCGTGGGGAAGACCTGAAGGAACGCGAGAAGCCACTCAGAACGCGTGGCATGATAATACCGCTCTATCTCCGGAAAGTAGAGCGGCAGGTAATGGGTCAAGAGCCGATGCTGGGTCCGGGTCTTCTCAAGAGAGATCTGCGCATAGGTGAGCGACAGCTCCTGAAAGTCATGGATCTGGTTCACGAGCGGGTCATGGTAGTGCTGAGTCACGCCGGTCTTGAGCAGATGGAGCAGGACCTGGGCGTCCTTCGGATCGTTCTTGTCCCAGGAGTTATGCATGGCTTCGCGGGTTCGCGCCACAGCGAGGGACGCGATCAGCTCCAGATGGAAACCCTCGGCCTGCAGAAAGTGCGCCAGCGGCCTATGGTAGTTCCCAGTGGCCTCGAAGACGATGCGCACCGGGTGCTTCAAGCCATGAAGAAAGTCGGCAAACAGTCGGAACTCGACTGCGGTGTTGGGCAGGATCAGGCGCTTGCGGCTCTTCCATCCCGGAGCTTCGATCAGGACATCGTGACGGAGCTTGGCAATATCGATCGCTACCAGAACGGTGGACGGTTGAGTAGGCTGGACAAGGGACATGGTTGGTTCTCTCCTAAAAGTGAAAGTAGGCATACGTTCAGCTTAGGAGACCTACGGCCAGCCATGGCCCAGGAAGTCGGATCTCGGTCGCTACGCTCCCCAAACCTGACTTCCTGCCTTCCTCAACCTCTTCCTTCCAAGTGCTTCGTGTGGTGCTACGGGCCGGAGTTTACCTCGCGGCGCATGCTGGCCTGGTCAGAGGACTGGAAGATCGGGCTGGTGCATATCCAGCCAGGCCGCCCGATGCAAAACGGCCACGTCGAGAGCTTCCACGGACGGTTGCGCGACGAGTGCCTCAACGCAAGCTGGTTCCGGACCTTGAACGATGTGCGCAACACTCTGGCGAGTTGGCGCCAGGAGTATAACTGGGAACGTCCGCACA
CP030840.1_gap125	4373632	4374691	1059	GGTTACGCTCATGGCCATGGCGTCGTGCATCGGGATGTGAAGCCCGCGAACGTGCTGGTACAGCCCGATGGACGAGTGACCATCGTCGATTTCGGGATCGCCCGGCTTGCGGACCAGACCCGGCAACTGACGAAGACGGATGCTTTGCTGGGGACATTTCATTACATCGCGCCGGAGCGCCTAAAAGGGGAGGCAAGTGACGGGCGAGCCGATGTGTGGTCGGTCGGGGTCATGCTGTACGAGATGCTGACCGGCGAGTTGCCATTCAAGGGTAAGGATGTTTCTTCTCTCTATCGGGTCATTTACGAGCCCTACGTTCCCATCGGGGATTACGTGCAGGACCTCCCCGAGGGGCTGAGCAACGTGCTCGACAAAGCCCTCGCCAAAGATATTGAGGATCGGTATTCGACCGCAGAGGAGATGGCCTTTGACCTGCAGGTGATTGCCGATGCGCTGAAGCACGACCGAGTGGGCACATTGTTGGAGACCGCGCGCCGGCTGGCCGAAGAGCTCCAGTTTGCAAGCGCACGGACGGTGCTCTTGCAGGCACAGCGTATCGACCCGGGAAATATCGACACCAAGGCGCTGATGAACGATGTGCAGGATCGGCTGAACCATCTGCAGCGTGGCGAGCAGTTGCGGCAAATTCTGGAACAGGCGCAGACCGCTCTCGGGGAGCGGCAATGGGAAGATGCGATCACATTCTTTCAACAGGCGCAGAAGCTGGATACGGAAAACGCGTTTGGCTTGGAAGAGCGGCTGCAAGAAGCGCAGGAACGAAAGCTGCAGCAACTAAAGATTGCCAGACTGTGGGAGCAGGCAAGCGAAGCGCGAAGTCAGGGAGATCTCACCAAGGCCCAGGATTATCTCAGCCAGGCACTACGGATCGATGAGCGCAGCACCGACCTGCGCAACGCATATTCGGTCATCTTGCGCGAGATCAAGCGCAAGCAGCAGGCGCTTCAGGTAGAGGAACTCTTACGTAGCGCTCGAGAGAGCTACAGCGCTCGCAACTATACGGAGACGATTGCACGCTTGCGAGAGGCGGCGCAGATCGAT
CP030840.1_gap126	4387226	4390752	3526	GGAGAGTAATGATGGCGAACCAGACGACGGCAGTTGCCACTGTGACTGCGGAGGCGCAGCCAATTGAAACGCCTCTGCTTGACCAGATTGTAAGTGAAGGGCGCTTCACTCGAGACGCCTCCGCAACCCAGCGAGGACGAGACCTGGTAAAAGAGTTCGTGTCCCAGGTTCTTGAGGGTCATCTGACGGTCACGCGGGACACGGAGTCTTCAATTCAGGCTCGCATCGCCCAGATCGATCAACTTATTTCCAAACAGTTGAACAAGATCCTTCACCATCCATCTTTCCAGAAGCTTGAAGGAACCTGGAGGGGCATACGCTTCCTGCTGGATCAGAGTGAAACCAGCGTTATGCTGAAGTTGAAGGTGCTCAACGTCTCCAAGCGCGAGCTGCTTAGGGACTTGCAGCGAGCACCAGAATTCGACCAAAGCGCACTCTTTAAGAAAGTCTACGAAGAAGAGTTCGGCGTCTTTGGGGGAGCGCCATTCGCGGCAGTGATTGGCGACTATGAATTCGGTCGCGGGCCTGAAGACCTCGACTTGTTGCGGCGAGTGGCGCAGGTAGCCGCCTCCGCGCATGCACCCTTTTTATCCGCTGCCGCACCCGAACTACTGAACCTCTCCGATTTCACTCAGCTCGGATTACCGCGAGACATCGCTAAAATCTTTGACTCCACTGAATACGCGAAATGGAAATCGTTCCGGCAGTCGGAAGACTCTCGCTATGTGGGTTTGACACTTCCCCGGGTCTTGGCGCGGTTGCCCTATGGCAAGGAGACAAACCAGGTAGATGGATTTGAGTTTGAGGAAGATGTCGATGGCTCTGACCATTCGAAATATCTATGGAGTAATGCCGCCTACGCGCTTGGAGCCCGCCTGACCAATGCATTTGCACAGTATGGGTGGTGCGCCGCAATCCGAGGAGTAGAGGGTGGCGGGCTGGTGGAAGATCTGCCTGCCCATAACTTCGAGACGGATGAAGGCGACGTCGCGTTGAAGTGCCCAACCGAAGTGCAGATCACTGACCGTCGGGAAAAGGAACTGGCCGATCAAGGCCTGGTGCCGCTAGTGCATTGCAAGGGCACCGATTATGCAGCATTTTTTAGTGTGCAATCAGCTAACAAGCCTGCCCTCTACGACAAGGACGCGGCGAACGCCAATGCAAGGCTCTCGGCCCAGCTCCCGTATATCTTCGCAATGTCCCGTTTCGCGCACTACCTGAAAGCTATGATGCGAGACAAGATCGGCAGCTTTACCACGCGGGAGGAATGCCAGTTATTCCTGAATCGGTGGATCAGCCAATATGTTCTATCGGATGACTCTGCCTCGCAGGCAGCGAAAGCAAAGCTGCCGCTCCGAGAAGCATCCATCGAAGTTTCGGAAATTCCAGGAAAGCCCGGTGCATATCGCGCAGTGGCGTTCCTGAAGCCGCATTTCCAGCTCGACGAATTAACGATCTCTTTGCGCCTGGTTGCCGACCTACCTGAATCTGCGCGCAACTGAGGCTAACCATAACCAAAAACATGTGAGGTTGGAAAGGAGCAACTAGCGATGAGCGATCAGGGCGTAGATTACTTTCTGAAGCTGGACGGCGCACAGGGCGAGTCTCAGCATATAAGCCATACAAACGAAATCCGGGTGCTGAACTGGAGCTGGGGCGGCTACTCGGAAAGCACTGTCGGTAGAACCCAAGGTTCTGGTGCCGGCAAGGTAACGATGGAGCCTATCACCATCGTTGCGGAACTAGACTCCGCCTATACAAAGCTCGCAGGCTTTTTGACCCAGGGCAAACACATTAGCAGCGGTACGCTATCTGCCGTAAAGCAAGGGTCAAACAACCAGGATTTCATCACCATTCAGTTGACGGAGGTCTTTGTGGCCTCGATGAATGTAACCGCGTCAGGACAGGTTCCAGTCGTAAACCTGACACTCACCTACAAGTCGATCAACACGCAGTACAAGATGCAGAACGCACAGGGTAATCTGACGACTGCCGGAACACACACGTACGACGCTTCAACGAACCAGACGTCCTAATAAGAAAGCTGGGCGCCAGACTTGGTCCGCGAGCTGCTCTCAATACATCGCAGAGCGGCTGCGCGGCCAGGCTAGGGTAGTCCTGTGTTAGTCATCTTGCTTGGGTAACGAGCTGTTTCCTTTGTTAACAGAGGAGTTCTGACCGTGCTGCGGCTAGAAGAATTGCTTCAACCGATTGATGCCGTTGCTTTGGCCGGTAAAGACCTTCGTTACGATCCCCTCATCGATCAAATTCGCGATGCGCGCTCGCAAGACGATGACTCGCTTCCTGTGGGTGAATGGTCACGACAAACAAAGCGCGCCGACTACTCTCTGGTCGCCTCGCTGGCAGCCGACGCGCTACTAAACCGGAGTAAGGACCTCTGGCTGGCAGTATGGCTGGGCGAAGCATGTATTCAGCTCGAAGGATATGTGGCGTTGGAGCCGGTGCTCCGGTTGCTACTTGAACTACAGCGAAGGTTCTGGGCAGAGATGTATCCGGAGATCGAAGCGGGTGACTTGTCCCTGAGGTCGGCCCCGGTTCACTGGGGCATGGAACGCTTTGCTTCGATGATCTACGAGCTGCCTATCACTCAGAGCAAGCTCAGTTATGCAGCGTACAAGCATGTACGTTCTGGAGTTACAGCTGCAAATCTGGAGGCATTGACAGCAGAGACGCTGGAACTTCATATACAGGCTACCAGCGCAGAATTCTATTCCGAACTGAAAGAGCAGCTAGGTCGTGCGCTCATAGCTCTTGATGAGCTCTATCTATTCTGCGATGAAAAATATGGTACGGACGCTCCATCGTTCGTAAGAATACGATCCGCGTTGGAGGAAGTCCAGAATGTCGTCGCGCAACTCCTGAGGATGAAGCCCGGGGCTCCTCCTCCGGAGGAAGTCACGGCGACCTTCCCAGTGCAATTAGCATCAAGCCCCAGGGCAGAAATCTCGTTGGAGCCTGCAATAGAGGCGAATAAAGAGCTGAACTTCACAGCGCCAGCTTCATGGCAGAATGCCTTAGGTCTGATAAGAAGCTGTGCTAATTATTTCCTCGAGCAGCGGCCGGACAATCCGGCTGCCTACTTGCTGGCTCTCGCCGTTCAGTATGGCGACACCGAATCGAGTAGCGGGTCGGGATCCTCTCCTTCATCGGAGACTAGGCTTGGCCTAAAACGCGCGAGTGAGCTTGGCGACTGGAGGGCCCTCTTCGATCAGGCGATTCGCGCTGTGATGGAGAGCAGCGGGAGACAATGGCTTGATCTCTATCGCTATATATGGCAAGGTGCTCAAGCGACCGGGGCAACGTCGTTAGAGGCCCTGGTTCTGGCGCATAGTCGCGCACTGCTTGATCGCGATGCGGGCATAACCGGGGCAGCTTTCGAAGATGATACCCCGGTTGCGAATACCGAAACACAGCGATGGTTTAAGAGCGTTGTGGATCCGCCTGTAGAGCCGCCTCCCGTGGTGCGTGAGTTCTTGCCGGCCCCCCTACCGGCATCGCCGATCGT
CP030840.1_gap127	4392089	4396308	4219	GGCCGCTGTGCTGCGAGTCGTTCTCAAGGCTCGACGTGAAGTCTTGTTTTCAAAGTTAGAGATGGACACGCTAGCGTTCTATCTCGCGGGCGAGCGTGGGGTCGCACTGCCGCTTTATGAGTTGTTGTCCCACAATCTGCGCAGGATTGTGGTCCGTAGTCCAGAGCGACCGACGGGCAAGACGGTTTCACTCGACCGCAGCGGGCTGCGCGCTATGGGCTTTGCCGCCGACGAAAGCTTGCTGCCATATCCGCAGCGATCGTTCCATGGCTACAGGCTCTTGCAGGAATATTTCAGCTTCCATGAGAAATTTCTTTTCTTCCAATTATGCAATCTGCGACCGGCGATAGAGGCCGTTGATGCAGGAGAAGATCTCGAGATCCTCTTTTATGTCTCCCAGTTCGAGCAACCAGAGCGCATGCAAATGCTCGAAGTTGGTGTCTCTTCTGAGACGATCCGTCTAGGATGTACGCCGATAATTAACTTGTTCAGTCATGCCGCGGAGCCGGTTCTGCTTTCGCAGGCGCGCCATCAATATCCTGTCTCGGTGAGTGCTCGAAGTCGTACCGGTATTGAGATCTTTTCTATCGACTCAATACTCGCAACAAATCCGTCGCGACGTACATCGGTCACTCTGCCTCCACTTTTTGAGCACCGCTTTCGTGCGATACCGGCCCGGGCGCCAGTGTATTGGAGGTCAACTAGGAAGTACTCCGAAATAGATAATCGAAGGCCGAGCGATGTCTACGTATCGATAGTCGATGCGGAGGGTGCAATGACCGAGCCGAATGCGGAGGTCCTTACTGTGCAGTGCACCTGCACCAATCACGACCTTCCGGCAAGGCTGCCGTTCGGCGACCCCGACGGCGATTTCTACTGGGAAGGTGGCGCGGGAATCGGAAAGATCCGTGCTTTGCACCGGCCAACGCCGACGTATCCTTCGCCTTCCGGCGCGGGACAAACCTGGAGCCTGATCTCGCAGCTTTCCTTGAACCACCTATCCTTGGGCGAAGCTGGTCTAGCTGCATTTCAGGAGATTCTGAAGTTACACAACTTCACCGCAGCCACGCACTTCGAAAAGCAGATTGCCGGCATAGTGTCCATGACCACCAAGAAGCATATCGCGCTGATGCAAACTGAGTTCGGCAGTACAGCAGCCAGGGGAACGCGGGTGGAGATCGAACTAGACGAGTCGCACTTCCCAGGCGGAGGTGCCTATCTGTTTAGCGCGATATTGGACCGCTTCTTCGGCTTGTACGTTTCAATGAACAGCTTTTCACAACTTGCCGTCCGCACGAACATGAGAAAGGAGGCCTTGGAGGAATGGTCACCGAGAGCGGGCAGCCAGTCATTGATATAGGGGAACAAAGGGAAGTTGGGGAACGAAGATTGCGGGAAATGATGCAAGCGGAACCGCGAAGCTTTCGATTCTTCCAGATGGTGCGACTTCTCGAGAGGATGCATCCGGAACGCAAACCAATGGGGATTTTCGTAACACCGGCAGACGAGGTCGTGCGCTTCACAGCGCCTCCAGCACTCGCGTTTCCAGCCAGCGAGCTTGGCTGGTACAAGCCGCAGGAAGACAAACCCGCATCTCTCGAGGTGAATTTCCTGGGGCTGAATGTCATAAACGGACCAATGCCGCGCAGCTACACGGAGACCTTGCTGGAACGGCAACGCGGGAAGGACCGGGCGACGCTGGAGTTCTTCGATCTCTTCAACCATCGCATCGTGTCGCTCTTCTATCGCGCCTGGACACGGTATCGTTTTTTCATTGCGTATGAAAAGGCACAAGGTGGGGAAGACGAGATAACTCAACGGCTCTACGATCTTGTAGGCTTGGGCACGCCCGGTTTGCGAGGCCGTATGACAATGCCGGAAGAAAGCTCTATCTACTACTCCGGTCTGCTAAGTAATCAGATCCGGTCGGTAGACGGACTCAAGCAAATCCTGGAGGACTATTTTGGGGTGCGCGTCGAGATAAGGCAATTCACCGGCTCCTGGGTACCGCTTCCTGAAGAGCAACAAACCGTATTGCGTGATGGCGAATCCATGGCCGAGTGTTTGGGAATTGCGACGGTCGTAGGCAATGAGGTCTGGGATCAAGAAGGGACAATGACGGTGCGGCTCGGTCCCATGCCACTGGCTCGATATCGTGAATTTCTGCCCGGATCGCGCGGGCAGGCCGAACTGCAAGACTGGCTGAAGTTCTATTCGCGCCGGGCTTTCCAGTTTGTCGTTCAGTTGATACTCGAGCGCGACGAAGTGCCGCAGATCCCCTTGAAAGCTGGTCCAGTCACCAGCAGCCGGCTCGGCTACGAAAGCTGGCTGAAAATAAAACCGATGGGCAGAGATCCTGACGAGACTACATACCTGATCGTATAAAGAGGAAATAAATATGATTGCGAGCGTGAAGCCGCTGGTAGCGAAGTTCAATGACACAACCAGGCAGGTTATGGAAGGCGCCGCAGGCCTGTGCCTTTCGCGGACGAACTATGAAGTGGAGATCGAACACTTTCTGGCCAAGGCATTGGAGCTGGAGAAAACCGATCTGGCTCTGATCGTTGACCATTATGGAGTCAGCCGCTCTCGATTGGCTGTTGAACTTCGGGCCAGCCTGGACCGGCTTAAAACCGGAAATGCCCGAGGACCTGCCTTCAGCCCAGCCCTCATAAAAATGTTTGGGGAAGCGTGGGCAATCGGATCGCTGACTTTCGATTCTGCCCTAATCCGCACCGGTCATACACTGCTCGGCCTGTTGAATGAAGATGGCCTTGCACGCATGTTGCGCGATATTAGCAAAGAACTGGCGAGGATCCCATTTGCCACATTGCTGCAGGAGTTTCACGAGTTGACGGAGAGATCCATTGAGGCAGATTCGGAGATGCAGCAGCCATCAACTGCCAATAAAGCATCGCAACGCACGTCAGCAGCAAAGACGCCGTTTCTCGATCAATACACGATTGACTTGACGGGTGAGGCGCGTGCAGGCCGAATCGAGGCGGTGGTTGGCCGTGACGGAGAGATCCGCCAGATGATCGATATCCTCATGCGACGGCGACAGAACAATCCGATTCTGACCGGTGAAGCCGGTGTCGGTAAAACGGCTGTTGTCGAGGGTCTCGCCCGCAGAATCGCAGATGGTGATGTGCCTGCAGTGCTTGAAAGAGTACGCCTACATAGTCTCGATCTGACTTTGCTGCAGGCCGGGGCCGGTGTGAAGGGTGAGTTCGAAAATCGGCTGAAGGGCCTGATCCAGGAGGTGAAAGCCTCTCCCCAACCAGTGATTCTGTTTATCGACGAAGCGCACACCATGATTGGAGCGGGCGGCCAGCAAGGCCAGGGAGATGCAGCCAACATCCTGAAGCCGGCGTTGGCGAGAGGAGAGCTGCGGACAATCGCCGCGACGACCTGGGTAGAATACAAGCGTTACTTCGAGAAGGACGCCGCCTTGACCAGGCGCTTTCAGGTAGTCCAAGTGGATGAGCCGTCAGAGCCATTGTGCGAGTCGATGCTGCGTAGCATCGCGCCGTCCTTGGAGAAACATCATTCCACGCGCATTCTCGACGAGGCGATTAGTGCGGCGGTTCGCTTGTCGCACCGCTATCTGCCAGGCAGACAGCTGCCCGACAAGGCTGTAAGTGTTCTCGATACCGCATGCGCCCGGGTCGCACTCAGCGAGCAAACTGATCCCGCAGCGGTCGAGGCTCTAGTGCGCCGCATCACTGCTTTTGAGTCCCAGAAGCGCCTCTTACTGCGGGAACAAGCGACCGGCTCCCAGCACGCGGAACGAATTGCCGCTTGCGACGAGCAGATCCGCATCGCGACTGCCGACCTTCAGCAGCTTCGCGGACGGTGGGCACAAGAAACTGAGCTTGTGCAAAGGATGAAGGCGCTCCATGCAGGGCTGGAGTCGAGTGACAGTCTCGACGCCGAAGAGCGCTCCGCGGCTTTGAACGAGTTGGAGGGGTTGCGCTCTCAGCTGAGAGCGTTACAATCGCAGGCGCCACTGACCTATCTGGCAGTGGACGCCCAGATAGTGGCTTCGGTCATCTCCGAGTGGACCGGCATTCCGCTCGGCAAGATGATGGACGATGAGATCGTTAAAGTCCTCAGTCTCGAGACGGAGCTTAAGCGACGAGTCGTCGGTCAGGACCACGCGCTGGCGGCCATTGCACAACGCATCTGGACTTCTCGCGCCAACCTGGACGATCCCGGA
CP030840.1_gap128	4493672	4496744	3072	GACAAACGCGGTTTTCTTATCCGTCTTAAGCAGGCTATTTCTCACTGCTTGGCGGTACTTGCCCCTTAAGTCGCATATAGATGGCCAAGGTTGCATATTGTTCATTGTCGTGTGCCACGTTACCCCATAGAAGTCCCAGGCGGGAGCGCTTAAAGGGACCAGCGTCAATGACTTCCCTCATGTTGGCATCGGTGAGCGATGCGTACGCCTTGTCACACTCGGCAAAGGAGGACTTGAGAGCGTCGACGATAGCTGCCTTGTCGGCCGTTTCCGCCGGAACTGTAGAAGCGCTTTGCTTCGTCTGGTTAATGGCTCCGCAGATCCGATCCTGTGCCTCCGTAACGTGGTTAACCACGCGCGCGAAGGTGCGGATGTCGGCAGTAGGCTTGAAGCTGTAGTCCTCGGCCGGCATCTTGTCGGCTGCCTTGATGACATTGGCCTTTATGCGCTCATAGTTGGTCTGCACTTCCTTCGAGAGCGAGTCCGCAGCGCTTGGGCTTGCAGAATTTGCCGGCTGCTGTGCGCCTGCCATTACGGAGAGAGTCACACCCGTCACCACATACGCCATCCAAATCCGCCGCATTCTTCCTCCTTGCAATTGCTTCAACAGCGTACCACCTGGATTTTCTTTCCGCTTGTCCAGAAAAAAGGACGTAGATGAGGCCAACTTTGTTTCCAGTAAGAGTGACTTTGGCTTGCTGAGAGTTGTCGAATACAAAGGCGAAGATGGTTTCTACAAAACTCCAAATTGAGAAGGCTTTTTCTCGAGAAAGGCCCTCATAACAGTCGCGAAAAGCTTCCCGCGGACTTCGTTTTTGCTCTAATAGCCAAATGAAGAACCTTCGACTCGTTTCGATGTCTCTGCTCTTGGTTTGCTGTTCATGGATGGCTTCGGCACAGGCCTCAAACCAGCGCTTGATATTGAAGGACGGTTCCTACCAAATTGTTCACAAGTATGAGGTGGTTGGCGATCGAGTCCGGTACATCAGCGCTGAGCGTGGCGGAGATTGGGAGGAGCTCCCTGCAAGCCTTGTGGATTGGAGCGCGACGAACGCCTGGGCGAAGGCGCATGCTCCTGGAGCCCCCGGGCCAGTCGTCACGAGTCCGATTGCCGTTCCCGCAGGAAGCCAGGATGCGGCTCAGATCGACAAGGAGGCCAAAGCTGAGCACGATGAAGAGGTGGCGAGAATGCCGACTGTGGCGCCCGGTCTACGGCTTCCGGATGCGGACGGGGTTTTCATTCTCGATACCTTTCACGATCAGCCGGAACTGATCGAAGTGCCGCAGAACAGCGGCGGCCTGAATACCAGCACACCCCACAACGTTCTGCGAGCAGCGATTCCCGGCGGAGGCACCAAGCAACTCATCCAATTGGAAGGCTATAAGGCTAAAGTCCAGCTGCACGTGAGCCAGCCAGTGATCTATGTGAGCCTCGATGATCCGAAGGAGCGCACCGAGGCCGATGATTCGGCACTCACCGTCGACACCCGTGGAGCAAGTTCAGTGAAGGACAAGTCGCATAGCTCAGCGACCAGTCGCTACGCGATCATCCGGGTACAGGTGAAACGTGAGACGCGCGTGATTGGCGCACTCAAAATCAGCCTGTTAGGAAAGGCAGAGCAGTCGGTGGATATCGTTGAGACCACATCGGAGATTTTGCCGGGAAATCATTGGATGAAATTGACTCCGAAGCAGCCATTGGACATCGACGAATATGCCCTCATGGAGGTCCTCGCACCAGGCCAGATCAATCTGGCGGTTTGGGATTTTGGAGTAAGTCCGCGAGACCCAGAAGCGAAGAATGCGATTACGCCGGTTGAAGGAGTGAAGTAAAGGAAGTGATTTAAGAGGAAAAGTTAAGTCAGGGAGCAAGTGAGTCGTCCCAGGCTAAGGTTCGGCAAGCCTGGGACGCTCATCTTCTAACTGGGCTAGGCCGCGCGGACAGGATCTTCCAGTTCGCCGTTTTCGATCTTTTCCTGACAATTTATGCAATAAGGAGTCCATGGCAGGGCTTCAAGGCGCTTGATACCGATGGTCTCGCCACATTGCAGACACTCACCGAAAGTCCCATCGGAAAGGCGATCCAGCGCTGCCCGCACCAGCGTCAGTTGCACGTGCCCGTTCGTTCCTTGGCTAAACAGCAATTCCTTCTGATAGGAGGCGACCGCCTGATCGGCGACATCCTGGGTGTCATCGGTGCTGGTTTCACGGCCCTGCTCGACGGCGGAGAGCATGGCGCGCTGGAGGTCCGCCTGTTGGCGCAACAGTTTGTCTTCAAACTGGCGGACGGTTTCTGGCGAATGGGTCACTTCGAGTGCTCCTTCAAAGTATCGAGAATCGTTTGTCCTCATGTTGGACGCGAGATTTCAGAAATAGATGTTTCCGCATCCAGCAGGGCGAAAGTATTTCTGTCTTCAACAGACGGTCGAGGGGCTTGCCACGATGCACTCATGTCAATAGGCTAGGAACATATGTACGAAGATTTCCAGGTAAGAGACCGCTGGACAGGTGAAGATCTCCACTGCCAGTGGAAAGCCAACATTGTCGCGATCGCCACCCGGCATGCCGATGCTGTTGATGTGAGATTCGAAGTCAATGAGCGGCCAGTGTGGATCGCGATGCCGGCCGTGGCATGGGTTGCCCAGAAGAAGCGGAGCGGGGGCGTCATCACGGATGCACTAGCCGCTCAAATAGCCGGTCATTACCTGAAAGAAGCGGTTGAATCCGGGTATGACAACGGTCGAGAGATGTACACCATGACCGTGACCGAGGTGTTGGAGCACCTCGACGCAGTGATGTCCGAAGCGAAGCATACCGCCAAGCTACCAGTGCTCCCGATTTTGTCAGAGGAGACGGGCTCGGTCGATTATGTCCCTAGTCGGAATACGGAAATTTCTGAATGAGCTTCTGGGGTGGTGACAGACCCTTCAAAGCAACCTAATCGCCCAAGGCGTCGACAAACATGGATGCATCGCAATCCACTTGCGCAAGGCGGCTGACTTCTCTCCTACATCAAGGTATTTGCCCAAATTGAGCTGTGAACGCGCTTACACGAAGTCTGCCGGTGTTCAT
CP030840.1_gap129	4590291	4592790	2499	ACTCGAGGATGCCGAACATACGACGGGCTTGCCTCTAGAAAGGTCGATGTTGTTCCCGACGGAAGCGACGGCTACTTCAAGAAGAGACGCCCGTCTACTTGCAATGTGACCCGATAGAAGTGTTCAGCTTTGCGGGGTACTGCAGCAATCATGACCCTGTCATCAGCCCAAAGCGCTCTATATCCTCGCGGGCCGTAAGTTGGGGACCGGCTTCGGCCGCCGCGACAGGGTCTTTTAGGCGCGAGCCACCGCTGATGACACTCTGCTATTTGCAGAATTGCCCTGGCTCCTTAAGAATTTATGTGCAAAATTAGCGTCTGGCGCCTGAGGCTTCCTTTAGGATCCGCTATGGTTATTAGGGATCCGCTATGGTTATCGCGGGATCACGCGCTGCTGCCATCCATGTTGAAGGTGAGTGGCGACAGATTCGTCGCCGTTACTTGCCCAGCATTCCCGTGCGAGCGGCCCCCGTGCGTGATGCGGCCTCGCGGTTCGACCGCCGTGGCCTCCACCATGACGAGGGCCCCAGCCTCCCAGAGCAAACCTGCCACGGTGTACGAGGTGAAAGTCGTTCGCTAAGCCATCCTTTGCCAAGTGCATGCACATCGGCGAAATCATGGTGCGGTTGGAAACTGTGACGCTAAGAAGAGTGATTGGTTCAAAGAGCCTTGCCAGATTTTCCTCTCAGCCTGCAGAGGGCTGCCTCGCGCGCAGTGGATGCCTCGTCGATGATTGTTTCTGAAGTCACATCCCTGAGATATATATTCGGACGGATTGAAAAAAATAGTTGCTTCTTATCTCCGTAGGCGGTGTAGAGACGTGAGGCAGGTCTGTCAGGAGGGGTACGACAAGAGGAAGCCGTGTCGAGGCAAGAACAAGGACAGGTATGGATTGCCGCCGTCTGATCCGGAGGCGTTCATCTTCCTTGCCGGTTCGGATCGTTCATGGATCCGAGCAACTATCGGAAGCGGGTTCTGCACAAGCTGGCGGAGGACCTCGCCTTACCGAAGCTCAATTTCCAGGTGATCCGCCGCACCATCGCGACGCTGGCCCAGAGGAAGGGCACGGTTAAGGATGTTCAGGGAGTCATGCGGCACACCCGTGTCGCAACCACGACCGACATCTATATGCAGGAGATTGCGGAGGAGTACGCGCAACTGTCGACTCCATCCACGACGAGCTCGACGGCACGATGAAGAAGCTGGCCGGCAAGGTCGGCCCACAGACAGCAACGACAGCATCCGCGCTGGTGAATTAGCGGGCGAAAATTGTTGGCGGTGAACTCGAAGCGAGGGGCTTCAGGAGGGAGGCGAACGATTACTGGCACGTTTGAGCAACGAGGCAAATAGAAATTTGCTACCAAGTTGCTACCAAACTGTTTTGGAAGTGTCCGCTATGTTGTTGAAAGGATTGGTGGACCTGATCGGGATCGAACCGATGACCTCTTCCATGCCATGGAAGCGCGCTCCCAGCTGCGCCACAGGCCCACATTGCTCAACTTCTTCATTCTCGTTGAGTCTGGGCGGTTCGTCAATGATGGAGGGGCCGGCAGATACCAATCAGCGGCTTCCACAGTCCTATTGCGGCTTAGGCTCCAAGGGTGGACGAAAAAACGTAAGATTTAAGGATGGCTATTTCGATTCTCCTTCGCGACAAAGCTGCACGATTTCTCTCTCGATCCGCCTGGAGAGAAATCCCGGATTTTGGAGACCTTGCGGTCTCGAGCCATCTAGCTCGCCTTGTCGGTGTGCTTTTCTTTTGTTGGAGTGCCTTCGCGGTTGCTCAGAGTGCACATCCTGCACCTATGCCGTCAGCGACTGAGGCCCTGAGGCCAACGCTGAACCAGATCAGCGAAGTTATTGCCTCCCTCAATGTGGGTCGCTGGAAGGCCCCTGGTGAAGTGAGGAGCGTGATGCAGCGAGACGTTGATTCCATACAACGCGACCTTAGCTCCACACTGCCCCCGCTTCTGGATCAGGCGAACAAGCCACCCACTTCGATGGCATCCTACTTTGCGGTTTATCGCAACATCGATGCCCTTTACGACGTTCTGCTTCGGGTCTCGGAGACAGCGACGTTGGCCGGGTCCCAGACAGACGGCAGTAATCTACAGGGCGCCCTGTCCAGCCTGGAGGGCGCCCGGAGGGACCTTGGCGACGCAATTTCTCAGCTGGCTGTAACGCATGAGCAGGAGCTTGCCAACCTGAGAAGTGCTGCTGAGGCTGCAGCCGCTGCGGCGGTGGCAAAGCCAGCAGCCCCTACCAAGACAGTGGTGGACGATGGCCCAACTGCATCCGCGAAGAGCGCCCCGTCTGCGAAGAAGAAGAAAAAGCTCGCGAGTGAGCCACCGCCGAATGCAGCTCCCGCTCCGCAATAGAAGGCAAAACGTCTGAGGGACCGAATTGAGTGCTCCCGGTGTCTAAAAGAGCAGAGTGAGCGAGACACTCGGCCGCCGGCGGCGAATATCTTCGGCAATCGATCTGTTGGCGGTCGGATGGC
CP030840.1_gap130	4594525	4599472	4947	GCATCAACTTCATTGATACAGCCGATGCCTACGGGCCCGAAGTCAGTGAGCAACTGATTGCCGAGGCGCTTTACCCTTATCCCAAGGAACTGGTCATTGCGACCAAGGGTGGACTTACACGCCAGGGAGCGAACCAGTGGGCGCCAGTAGGTCGACCTGAATATCTGATCCAGTGTGTGGAGATGTCGCTGCGACGTTTGAAGGTGGAGCGCATTGACCTTTGGCAACTACACCGCATAGATCCCAAGGTCCCCGTGGAGGAGTCATTAGGTGCGATTAGGCAACTTCAGCAGCAGGGGAAGATCCGGCATGTGGGGCTCTCTGAAGTGAAGCCGAATGAGATTGACAGAGCGCGCAAGACGGTCGAAATCGTCAGCGTTCAGAATCAATTCAACATCGGCGATCGCAAGCACGATGACACCGTGAACTATTGCACCGAACACAAGCTGGGATTTATTCCATGGTTTCCAATCGCCGCAGGGAAGTTGGTCCGTCCTGGGGGTCCTCTCGAAAAAGCCGCCACCAAGCATGGGGCGACGATCTCACAGTTGGCGCTTGCGTGGCTTTTGCACCATTCACCGGTGATTTTGCCGATACCGGGAACCTCTACTGTGAAACATCTCGACGAGAATACGGCTGCTGCCGGTGTTCATTTGGATGAGGGTGAGTGGAAAGAACTGGAAGCAGCCGTAGCTGAAGCAAGCCAAACCGATTAGACGGTAGGGCAGTGAACTGTTTCGCTTACTCGGGTTTCGAACTGGGAGTGGGATGCTCGTCGAAATACTTGATGAGCAAAACGTCGTTTCCCTGTTCGTTGTAGATAAGATCATCAACCAGTTTTTTCGAGAGCATAACTCCGAATCCTCCCGGACGAATGCCCAGTGCGTCCCTGACATCAAGGTGTCGCACGGGCTCTTCGGGGGGGTTGGAGATGGCTGCATGAGACAGCTCGCTCAACGAAAAGCCCTCCCCGGGATCGCGTACCCGGTACAACGCCATGCGCTTGCCGCAAACGTATGAGACTTCGACGAGTCTGTCCCAGTTAAATTTGCCGCCATATTCCATGGCATTCATTAGGATTTCCTTGAGCGCAAATCCCATGGACTCGCGGTCTTTCGCCTCCAAATGTGAAATTTCACTCATGAATTGAATGACACGATCGGCAGTCATGAGTTCGCAACGAGCAATCAGTCTGAGCCAGGCCGGGGTTGCCGAGTCGACTCGGATACCATCCCGCCAAGGAGCGTCTGAGGCAGCGTGGCGTAGCATCTCGTCAAAGGCTGCTTCAAAATACGTCTTGGAAAAATAGCTAAAGGCGCCAGCCCGCATGGCAGCAATGACATCTTCGGGACTGCCCTCAAGTGGCCGGAGTATCACTTTCGTCTCCGGCTGAACGTCCAGGACACTCCTCAGAAGCTCCACGGCCTCCTGACTTGAGGTCTCCTCGCCGGTCAAGATGAGGTCCAGAGTCTCTGTTGTCAGGAGGGTTTTTAATGCTTTGTCTGAGCCAATGCGCAAGATTCGCCAATCATTGAGAATGCGCGTGACTCGGGCAGTGATCGCGTCTTCGCAGCAACAAACAACTGCCACTTTTTGCCGAATCTGAGTTTCAAGGCTCATGGCTCGTCAATAGCTTAGTGCAATTGCACCTGCAAGCTCTCAGCTATTTCGTTTGCGTCGTTGTGGGCGTATCCAAATTGAGAGGGAGAGGGCTGCAAACGAGGCCATCGAGGTATCGCGGCACCCGCTCGGCGCTTTCTGTGTCAACTCAGCGCCGGATCAGCCACATGAGCCACCCAGCGCCGACCACGGCCACAACAAACATTGCAAAGCAGTAAAGCCCATATTTGACCATCGCCTGCGTGGTTGAGCGCTGGGTGATTCCAAAAACAACCGAGGCAAGGGCGGCGAACAGCAACACCGCCGCGAAATGCGAGGGAGCAAAGGTCATGACTTTCTACCAATTCCAATGTTGTGAGCATCAATGGCGGCAATAAAGTTCAACAAGCCAGCCACCACAGCGAATTTCGTGCCGTAGTCGGCTGTTGCAATCTGCACTGCGCCGTGCCCATAGTCGAGAGCACGAGCGACGATGTACAAGAGGCCCGCGCCCAGATCTCCAACAAAGCCAAGAATGTTAAGGATTTCTCCCGCATTGGGGGAATACAGCTTGCCCTGCATCGCCACGCCGAGCACGAACATGCAGGTGATTGAAAGGAATAGAAAAAGGCCCCGAAAAGGACGCTTCACCAGCACATGACCGGCGCCAGGGATCAACCACCCCAAAATCAGCGCGAAGTAGGCGTAGGAGGAAGAATGGGAAACCGGGTCGGTGCCCCGATGAGCGGCGCCCTTAGCGGGCAGATGAACATTCGAAGCCATTCTTCCTGAATATACAGGAACTTGGTGCCCCTCCGCCCTCCGAACGACTAACCATAAAGGCTGCCGGTAGTATTGTTCTATGGAATTTCCTGTCACCCGGCTACGGCGTCTGCGGCGGACGGCGGCGCTTCGTTCCTTAGTGCGCGAAACCCGGCTCGAACCCGAATCGCTGATCTACCCGCTTTTTTTGTGTCCAGGTGAGGCGGTCCGTAAGGAAATCAGCTCCATGCCCGGTGTCTTTAACCTCTCTATCGATGAGGCAATAAAAGAGGCCGCTGAGGCGGCGTCCCTGGGCATAGGCGGGCTGCTGCTATTTGGGCTACCCGAAGAGAAGGACGAAAATGCCAGCGGAGCCTGGGCAGAGGACGGCATCGTTCAGAAGGGGATTCGCGCCTTGAAGGCCACACGCGGCCTGGACGATTTAGTCGTCATCAGCGACGTCTGTCTTTGCGAATACACCTCCCACGGTCACTGCGGGGTGGTCAAGCGGGAGGGCGATCTCTACGAGATAGAAAATGACTCCAGCCTGAAGCTGATCGCCCGAACCGCAGCCTCGCTCGCCGCGGCTGGGGCTGACATTGTTGCGCCATCCGACATGATGGACGGGAGGGTGTCGGCGATACGCAAGGAACTGGACGAAAAAGGGTGCTCTCAGACCCCGATTCTCTCTTATGCCGCGAAGTTTGCCTCGGCCTTCTACGGTCCGTTCCGGGAAGCAGCAGATTCCGCCCCGCAGTTCGGCGACCGGCGCAGCTATCAAATGGATGGCGCCAACCTGCGAGAGGCCATGCGCGAGATCGAGCAAGATCTGGTCGAAGGCGCCGACATGATTCTGATGAAGCCAGCCATGCCTTACCTGGATGTGATTCACGCTGCACGGGACCGCTTCGACGTCCCAATCGGAGCGTATCAGGTCTCTGGGGAATATTCGATGCTACAGGCAGCATTCGCTCGAGGCTGGCTCGATCCCGAGCGAACTATGCTCGAAACACTACTATCCATTCAGCGGGCGGGCGCCGGGTTCCTTGTGACCTATTTTGCGAAGCAAGCCGCGCGCGCGCTCGCTTAAAGCAGTTCGCTGCAAGGATTTCGACAAAAGCAGACAAATTGCTGGGCGCGTCCAACTCGTCCCGGGCTGTCGTCGAAGCGCGTGAATCCGACCGGTCTGCCCAAACATCTCGTACAACGGGTATGTGAAGAGCCATCGTCGAATATTCCTGCTTCGCGTAAACTAAAGTGTTTGCCGGGAGTGGACTCCGCGGCACGACCTTATCGCCTATCCAGAACGGGAGCACTACTTGGCAGAGACAATTTTTGATGTAGCAATTATCGGTGGCGGCCCCGCCGGATACACCGCAGCCATTCGCGCCGGCCAGTACGGTCTCAAGACTGCCCTTATCAACGACAACGAGAAGCTCGGGGGCACCTGTCTGCTTTGGGGTTGCATCCCGACCAAGTCGCTGCTCTTTGACGCCGAAGTTTATGACCATTTCAAGCACGCCAAGGAATACGGCATCGACGTCCAAGGCGAGGTCAAGGTCAACTGGCCGGTTGTGCTTCAGCGAAAGAACGACATCATCGCCAAGCACGTCAAGGGCCTCAACTTCCTCATGCGGAAGAACAAGGTGACGACGATCACCGGCTACGGAAAGCTCACCGGCCCAGCGAAAGAGGGTATCCACACCGTTGACGTCGAAAGCGGAGGTCAACATCAGTCGATCCAGGCGAAGAACATCCTGCTCGCGACCGGTTCCGATGCCAAGATGCTGCCCGGTCTCAGCCCCGACGATCGCGTCTTGACCAACATAGAAATCCTTGCCATTCCGGAGATACCAAAATCCATGGTCGTAATCGGCGCCGGCGCGGTGGGTGTCGAGTTTGGGTCAATTTTTAATAGCTTTGGCAGTGAAATCACCATCGTCGAGTACTTGCCCCGGCTAGTGCCGGTCGAGGACGAAGAGATCAGTAAGGAACTTGCGCGGAGCTTTCGCAAACGAGGCATCGATTGCAACACCGGCGCCAAGTTCGAGACGGCGGAGAAGACCGAGACCGGCGTCAAGGTGACCTACACCACCTCCGACGGCAAGCAGGTGGTGAAGGAAGCGGAGAAGGTTCTAGTCGCTGTCGGCCGTGGGCCGCGCACCGAGGGTGTCGGCATCGAGAAGACGAAGATCAAGACGGAGCGTGGGTTCGTGCACGTCGACGAATGGCAGCAGACCGACGAGTCCGGGATCTACGCCATCGGTGACATCGTCGCCGGATTGCCCCAGTTGGCGCATGTAGGAGGTATGGCCGGCATGGTCGCCGTCGCCCGGATCGCCGGCAAGTACGCGCGGCCGATTAAGCGCAACCGCATTCCCGGCTGCACCTACACGGAGCCGCAAATCGGCAGTGTCGGTTTGACCGAGGCAGCCGCCAAGGAGAAGGGTCACGAGGTCAAGGTCGGCAAGTTTCCGTTTACAGCGAACTCCAAAGCCTCGATCGTTGGTTCGCATGAAGGCTTCATCAAAGTAGTCGCGGACAAGAAATATGGCGAGATCCTCGGCGTCCACATCATCGGCCCTC
CP030840.1_gap131	4604004	4605144	1140	CCAGTGTGCCTACCGGAACGCCTTTTGGCATTTGCACAATCGAGAGCAGGGAATCAATGCCATTCAGAAGCGTAGCCGGGACCGGTACGCCGAGCACAGGCACTAGGGTTTTAGCCGCCAGCATTCCCGGTAGGTGGGCTGCTCCGCCAGCTCCGGCAATGATCACCTGCAAGCCTCGATCTTCGGCTTGCTCCGCATAACGGAAGAGCCAATCCGGAGTGCGATGGGCTGAGACCACTCGTACCTCATGCGCAATAGAAAATTCAATAAAGATATCGATGGCAGGCTTGAGCACCTCATAGTCGCTCTTGCTGCCCATCACGACGCCGACGAGCGGGTGCGATTCCATCCTGTGATTATATGGGCTCGCGCCATGCTCGCGGCGCCTTACCGTGGCAGGTTCTCCGACGATAACTTTAAAGCTTGATCTTCAGGGAATCGGCCTTTGAGGCCATTGTCTTCTCGATCGAAGACTCTTTTTTCGAAAGCCATGCATGGGTCAGCCTGAGGATGGCTCCCGAATTTGCCGCCGCCAACCCCGCCAACACTCCGCCCGCCACAAATCCAATCCCAAACTCCATAGCGCCTCCTAGTTGCTGTTCTGTCCCGATTGCGTTTTATGGTCCAATATGGATGCCCCGCGGTTGATTGCATAGAGCGAGCCGCACACCAGAGTTACATAGCCGCCGACCGCTCCTAGATCTGGCAACTGTTTGTTCCGTAAGACCAAACCAGTCACCCATCCGAGCGAAAAGATCACAACCAGCACCATACAAAACCTGGCGCTGGAGACGTTTCCGTCGGACTCGGACAGCATGGAACGAAAGAACGGTTTATTCCAGTTATCCATCGTGGCTCCTTGTTGAACCTGATCTATTTATGGTGTGCGAGTGCGTACACGACGACACCTGTGCCCGTGCCTATCGCGAACCATTTTGCTGCACCTACGGCGCGATGCCAAACAGATCCACCCTTTGCCGCAGTCTTCCACTCGTCGCGTTCGGCTTGGGTCAGTTTCAGTTGCTCCCCATTGTTTTGCTGAGTTGCAACGCAGGCATTCAATTTTACGTCGTTCTCCTGACAAGTAAGTTCAGCATCACGAATGACCTTGAAATCTACCTCCGGGATAACGACCGTTTG
CP030840.1_gap132	4621466	4624283	2817	TGAAAGACCGGATTCCCGTACCCCGAGCCTCGATCAGCGCTCCCGCCGGCCACGCTATTGCGGTCGTCCCGCTCGCGCCCCGTCCATTTGTCCCCAGGTACAATTTGCCATCTCCCGCGAACCCTGCCACTTCGACCACTTCATAAGTGCCCCGGGTGATCCCGTTTCCTAGGACAGATCCCGATGTGCTTCCAAACAAGAAGTCGGGAGGAAGAATCGTATAGGCAAGATAAGCCGGAAGTGTGCTCGGCACGTCGCTCGGCGACGTATAGAACTGCGGCATCCACGCCGTACTCTGCACCGGGAATGAAAGTGCCGTCGCACTCATCGATGCAGTCGTAGCAGTCCAATCTCCGATGCCGCCCGCAATGACTCCCGGGTTGACAAACCCGAGTTCAAAGTAGAAATGGTCGACGCTCGTCTCTTCCGAATTGAACGTCTTGAATCCACTCATCATCTGCAGCGATTTGATCGAGCCGCCATAGAAGCCGACATTTACGCCTTGATAGTTGTAAATCGCTGCATGTGGGTCAGGTGCAATAGCTCCCGCGGCCGGATACACGCCATTTACGCAATTCACGTTGTAACAGTAGCCGTCTGCCGACTGGCCGGGATAAAGCACTTTCGTGTTATAGAAGTAACTCTCATTGCTAGTGTTGGAGATAACCAGCGGCCATCGCGTCAGCATGATCGTCAAGTCGTGGCTCTCCAGGCGCTCCGTGCCGCCATTCAGCTGGAGTCCCCGTCCGCCGCCGTTGTACAGGCGCAAATTCTGCAGCCGGTAACTCACGACGTTATCGATCTCAACCAGCGTGCCCGTACTGGTATGCCCGTTGCCTTCAATCGTCAGATCGAAGATTCCGCCCTCGCAGTCGACGAATGGGCCGCCCACGCCACCGATGCCATTCGTGCACCGCGTCACCGTGATCGCATTCGCGGTGGCGCTGGTTTGTTGTAGGATCGAGCCTTCCTTGGAGATGCCTTTTAGCGTTACATTCGACGGAATGCGCAACTCACCACTGACCTTGCAAGTTCCGGTTGGCACTAGCACGGTCTGCGTGCCCTGCTGAAAGGTCTTTGCCGTCGCTGCATTCGTGGCAGCTGCTATCGCTCCCTGGAATGCCGCCGTGTCGTCCGCGCCGGTAGTGCCGTTCCAGTTGCACAAGGCTCCAAATTGAGGGCTGCCTGCGTAAATCTCTGTATTGACGCTCGCCGCAAACGCCGTCGGCATGTTGGTCGCTCCCACGCGTGCGGTTCCATCAAGAGCAGCTACCCCGCCCGCAACACCCACCTTGTTCAGAGGCAGCGCGGCATTCGCTGTAGCTTGTGCGGCATTCGCTGCAGCCTGTGCTGCGTTCGCCGCTGTCAAGGCCCCGCCTGCGCTCCCTGAACTCGTATCCACATACTCCTTCGTCGCTGCCTGCAGAGCGCCGGTCGGATCCGCCGCAAGCGTTAGCGGCCCAGTCAGGCTCCCTCCCGAAAGTGGAAGCAACGATCCGACTGAATCATCCACATAGTGTTTGTCCGCCGCCTGTTGGGCCGAAGTAGGATCACTGCTCAACAACAGTGGCCCCAACATCGTTCCACCGGTCGCAGATAAGTAGCTGCCCGTAATTGCCGAGACCGCCGCGTCGACGTATTGTTTGCTGACTGCCTGGATCGCCACGGTAGCCGGCACCAGTTGCGATCGAATCTCGCTAAGCGTCACGCTCGTCGCTGCCGGAACCACCCAGTATTCCTTGTTCACCGTGCCATCGCTCAGGTGATACACAGCAGTGTAGTAAGTGCCTCCCGGCAGCGCCAAGGCGTTGGCCGCGAGACTGAAAGACACGGCTCCATTCGCACCGATCGGCACCGTGATGCTCCCCGCGCCAATTGCTACATTCGTCGCAGTGGTAAACCCCGGCCAGCTTACGATTAGGGTTCCAGCCGCCGGCGACCCATCGGCGCGATAGATGACGTCGTGTATAGCGGTCGTCGCCGGCGCTTGGGCCGTCGCCACCAGACCCATGGCGAGCGGCAGTATCGCGGTCAAGCTTATCTGAAGGATGGAGCCCGCAAGGTTCTGGAGTCCTCGCCGGCTCGCATGCAAGCGCGTCGCGATTTGATGGAAAGCCTTGCTCATGGTCATTGTTCCTTCGCTCCGCAATTGACGCCTCTTTCCTTCATGTCGCCATTAGACACTGCCTCGGAGTCAACCTTGATATCTCCGCCACTCTTGCTAGCCTCGTCCGCGTGCTGCTTTCTGATTTCTGCTAACAACAGATCGGCCAGACTAGGCTCCGCTTTCCCTCGCTTTTGACGGTGAATATCTTCCTTCACCCCGCCGATATCAAAGAGGTATTTGGTGTGCGGCAGGCTGCCTTTCTCCGATGCTTCCGCCATCCTCACCATGATCTTGGCAAACCTTCCAGAGATAACTCCCTTTGTATGCCGCCGGTAATTTCGCACCGGCTTTTCTTTCTCACCTTCATCGAGAGCCGGCAGCGAAATCGATGGAACGGCTTCAGCCTTCTTCAGGGTCGCCTTGCTGCCGGCCGCCTTGTTCCGCGGTTTTGCGTTGACGCGCAACGCAGCCTTTTTCGCGGGGGTCTTCCAGCTGCTTTTCTCTTTCACGGATCGCCGCCTTACCTGGAGCCAAAGCAAAGTAGTCATCGTACGAAACCATCAAGTCGAACAAAACTTACCCTGGAGAAACCTTGCTGATCATGATCAGACAGCTTCCGGTAACTCTGCTTTGCTCAAATCTCGCCCAAAAAGAAAAGGAGGCGCAGGCAGCGCCCCCTTCACTCACTTCTTTCTTGATCTCTATTATTA
CP030840.1_gap133	4758440	4763305	4865	CAGGTGGGAGATTAAATCTAAGGCCCAGCCCTCAACCATTCTCATGGAGTTGGGAAGTCCAGGCGATGGTGAGGGAAGTGCCCCCCCAAAGCCCTCTTTACAGGCTCCGCGGAAGTGGCGGCAAAGGAAGGCTTGTGTGCGAGTTTGTGGATTCATGGCCAAGGCTTTCTAAAGCGATAATCCATGCCTTCGGAGTTGTTCCCAAGGTCCGGCGGAACATTTCTACAAAAGCACTCGGCTGACAATAGCCGACCGTGTAGGCTACCTCCTTGATGGAGGAACCCGAAACCAGCAGCTCCACGGCTTTGGTCAACCGAACCTGTCGTCGCCAAGATTCAAAGCCGATGCCGAGCTCCTTGAGAAAGACCCTCTCAATCGTCCTGACGCTGACGCCCACTTCGGCGCATAGAGCCGCCATCGCCTTCGACTCAGCCGGATCCCGCAAGATTCTCTGAGCTATAGCAAGCGCCCTCGCTTCTCGTGGCATCGTCACAAACGTTGGTAGCGGGGAGGCGCGCTGAAGCTGGGAAATCAGCAGGTCGCGAAGAGCATACTCGTAGCGATTCCGTACACGAAGTTGACCCAGGCGCACGGTCTCGACGATGAGTTCTCGCAGCAGAGGTGTGACGTGCAGCACGGCGCAACAACGCGGCTCTAATCGCGCAGTCAGGCCCGCTCTTAGATAAAGCGTGCGCATCGAAACTGGGCCCGCCATGTGAATCCGGTGACGGGTCCGTGCTGGGATCCAAAGCGCAAAATGCGGCGGAATCACCCAGATGCTCTGACCGGAAGAGACTTCCATGAGGCCGCTGATCGCATAGATCAGTTGATCCGACCCATGTGCGTGTTCTGGCACCTGAAACCTGGAAGGGTACTCGTAAGCGAGCGTTGCAACAGACACGCCCCGCTTCGGATCGTATTTCGTCAAAACATTGCTGTGTCGCAATTGAGGTACATTATGGCGTAACAGCACTCTTGCGACAACCGGCGATTGAGTTCATGATGGCCGCATGTCACAACGCTCCGGACTTGGCAAGTACAACATCATCGGATTCGTTTCTATCGTTGACGTAAACCGCGCGAAGGTCTTCTATCGCGATACGCTGGGACTGCAGCTGGTAATGGAAGAACCGCCGTTCGCACTGGTCTTTGACGCCAATGGCATCATGCTTCGACTGGGAATGGCCAAAGAAATCCCGCCGGCCCATGGCACGGTTCTGGGTTGGCAAGTCCCGGAGATTACCGAAGCCGTTAAGGATTTGGCACAAGCCGGAGTTCGCTTTGAGCGCTATCCGGGTATGGATCAGGATGAGCTGAACGTCTGGACTTCACCCACTGGCGCAAAGGTCGCCTGGTTTAAAGACCCGGACGGGAATATTCTGAGCATCTCAGAACATCCTGAGCTGAAGAACTGAAGCTCACGAGATTTCTGATTGGATTTACCCCCAGCGCTAAGCATTTGCAGTATATAAGTACGGGTGATGCATATTCGCTCAGGTTTGTGGGCTGGGTTAGTCTTGGCGGTCATTGCCGGAGTCAGCGGGCAAGCATGTCTTGCGGGCACTCCGACAGCGCAGATGACTCCGCTGATCCTCTCCGTACAGGATGCGCCGGTGCCCTTCCTGGGGTCAGATGGCCGGGTTCATCTGGTGTATGAGCTTTGGCTGGAGAACTTCAGCAGCGGCGATGTCGCGTTAAAGAGCGTGGAAGTGCTGGGCGACGGAGCTGCCCTTCAGCGGCTGGATGCCGGCGCGATCGCAAGCCGGCTGCAACCTGCGGGGACGCGGGCGCCGACCGGGACACTGGCAAAGAGTGCGCAAGGGCTCCTCTTTCTCCACGTTGCATTAGACACGGGCGCGCCGATTCCGAAACAGCTCTCCCATCGGATAACGATGCGGGTCGCGGCGGCTCCGCCGGGCAGCGAAGAAATGACTGAGAGCGGTGGAGTGAGCGAAGTCGATCATCGTAAGGTCGCCGTCATCGGCCCGCCGCTGCGTGGGGAACGGTACATCTCGGCTGACTCCTGCTGCGATGCAAGCCGTCATACCCGGGCCGCTCTGCCAATTAATGGTCGAGTCTGGCTGGGGCAGCGCTTCGCCGTCGATTGGGAACAGATGGATTCGCAGGATCGCATCTACTCGGGCCCCAAAGAAGACCCGAAGAGCTATACGATTTTTGGCCAAGAGGCGTTGGCGGTTGCCGATGGAAGTGTTAGTTCTATTACCGAGGGGCAGGCGGAACAGGTTCCGGGAAAATATCCAACTCGTATTTCGCTCGATGAGGCTGACGGGAACTCGGTGATTCTCGATCTCGGAAACCAGCAGTACGCGCTTTACGCGCATATGCAGCCGGGGAGCATCAAGGTCCATCCGGGTGAACGAGTCAAACGCGGTCAGGTGCTTGGGCTGGTTGGGAATACCGGTAACTCGCTCGCTCCGCATCTTCATTTCCAGGTCATGGACGGGCCGTCATCGCTCACTGCAAATGGTCTTCCCTATGAAATCGATCAATTCGAGGTGACGGGGAAGACTCCCGGGACCGAGGCCTTCGATGAAGCGGAAGAAAAGGGAGTTCCCGTGCCGATTACGGCGATCCCCCCGCCCCACACGGTCAAGGAAGCACTCCCGCTCGATCAACTAGTGGTGTCGTTTGCTGCTTCGAGGTGACGGCTGCGATCGCCTGGAGCGGTCAAGGGTGCCGAGAGCTAAGGACCCTGGGGCGAAGCGTGGACCGTCAGGACCCTTCAGGAAATGCTCCAGGCATCGTTGAACTTGGGCTTCGCGGCCGGGCCACATTCACCGGCGGATTGAAGTCGGTCTCATCCGCGGCGATCGGTGTCCCCTCCTGCTGCTGGTCTACCAAGACACTTCGCCATGCCTCCTGACTTCGTCCTGACGTCTCTCGATCCAGACCCTCCTGCCAAATCTTCCGAAAACGATCGAGTTCATCCCTTGTCAACTTGTCCTTCAATAAGCTGTCATTCATCTTCGCCAAGGCCGCCCCGCTGGTCGAGTTGGATCCGGTGAAGTGTTCCGAGCGGGAACGCGCCCAGCTGCTTGAGACGTCCGCGAGCTTCTGTGCAAAAGGCCTCGTTTGGCCGGGCTGCTTCGTGCCTTCGTCCAAGGAAGCGAGTTCCTTCAATTGGCTTAGAAAGGCAGCCTGCTCCTCGCTCGGGTAGGCTCCTGGCATCCGCGAGCCCAGCCACTCCCGGACTTCCTCAAAAAGCACGTTTTTGCGCCCCCACAATTCCGTGGCAGCGGTCGTGGATAGGCGATCAATATTTGTCATTTCCAGTTTCTTCTGCCAACGAAGACCTTTGCGGTCATGGTCATGCTTATTTTCCAGGTAGATCGTACGCATGCCCATCAGATGGGGAAGCTCCAGAATCCCGCTGTTTGTGCCGACACTTACGGTCTCGGGATGATGACTTTGGATCAGGGCCAGGAAGAACATCTGCGACGCCATGTCCTTGCCTCCGGGCCAGTCTTTCGAACGCCAGTATTGAAACAAATTCATGTCCGCATGAGGGACAGATGTGCCTCCAACAGCGCCGGGGATATTTACCGGGTCGCCAATCAAGACAAGCTTGCGATCCGGCTCCATCTCCCGTATCGACACCATCATCTGCGCGAGCATGGTTGGGTTGGTGTCAAGGTGCGGTCCGGCGGCATTTGTCCGTCCGGAGCTTCTACCCCAGAGCAACACGTACTTCTCGTCCTGAGAAAAACCCTGCTTGAGGTAAAAGTCGCGGAGTTCGCCTCGTGATCGACTCTCTGGCACGCTGGCAGCGATTGCTGCGTGCAGGCGCCGTTGAGCACGCACGGGATCCTCCAGAAACGGCGCAACTGCCGCATCCGTTGAACCGCGCACCTTCCCGCCTCGCTCGGTATCAGCCACCACCGATACGCGATCGCGCTTGTAGTGATTGGTGGGAATCCCGGATTGCAGAAAGTTCGCCATCTGCGCTGCCTGGTTCTGAAGTATCGGCCGGAGGTGGGTCTTGACCTCGGCCTCGCTACCGAATTGCCGATTGAATCTGGACGCAAAGAGATCGAGAGTGCTCATCTTACGGGCTGCGGCTGCTTCTTCATACATGGCGTACATGCTTTCTGTTCCCGGGCTGATCTCAACCTCCATGCTGCGATCTGCGATGAGCGCTGCTTTCGTGATGTATTGTTCACCGGTCTGGTAGGCAAAAAGCGTGAGTTTTGGCATAAAGACGGTCCTTCCCCTCGAACTTGTTGCGGCAGCATTCTGAGCCACGAAGAGACCGCGCTGCTCTCCTGCCTGCAGGTATATCCCCATCGAGTTAACACCGGGATGTCGTCGAAAATTCCGCAAAGGAGCGGTATTCTTGTGGGCCGAGAGTTGGCTAATCCTGAATGAGCCAGGAGTTGGAAGCAGAATCTGGTTGGCCGCTAAGCAACTTTCAGGCGGGGATTTCGCTCCGGTTCCGGTCTTTGGTCAACCGGTGTAGCGAAGTTGCGTGGGGGGCAGATTGCGGAAAGGTGGTCGGCAGCATGAGGGAGCTTTCACTCCCTCATTGAGAAGAGAGTGATCCCCTGACTGAGGATCACTCTGATCGACCGGGTTACGATTTCGGTCTGGTGAATGGTTTGACCGTAGAGGGAATGGGCCAGCCATTTGTGCGCTCGCTCACCAGCAGATCGTAGAAGTCATAACTCTCGTTGTCTTTCCCCGCCAGTTCACGCTGTGTGCTGGTAAGGGGGGCCGCCTCTGCGGTAAGCGGAAGGATGCTCTCCAGTCCGCAAGGCGTCGGTGCAGGGGCGCTCGGCTCGGGCAGCGATGGTGGATGGAAGTTGGGATTTTGAAAATCCAGGGCGTAAGCCAGATTGGCGACATCG
CP030840.1_gap134	4775297	4778742	3445	GGCTCCTTCGAGCCAGGAGTCCAGTGCCGCCCAATATGGGCCGAAGCTCCTCGGGCCTGTACCGGGACCGAAGGCGCGTGCCATCATCGAGGCCGATGACCGGCTGATGTCGCCGAGTTACACGCGCTCATACCCGATGGTTGCTAAACAAGGGCGCGGTCTTCGCGTAGAGGACGTCGATGGCAACGAGTTCCTCGATTTTGCCGCCGGCATTGCCGTTACCTCTACCGGCCATTGCCACCCGGAAGTCGTTGCGGCGATCCAGAAGCAGGCTGCGGAGCTGATTCACATCTCCGGCACCGATTTCTATTACGAGAGCCTGGTCACCTTCGCCGAGCGCCTGTCTGCAGTAGCACCGATGCCGGGACCGCATCGCTTCTATTATGGCAACTCCGGCGCGGAGGCGGTTGAGTGCGCGCTCAAGCTGGCGCGATACCACACCCAGCGGCAACAGGTCATTGCGTTCTTTGGCGCATTCCATGGCCGTACCATGGGCGCGCTCTCGCTGACTGCCTCCAAGCCTCAGCAGAAGCGGCGTTTTTCGCCCCTGGTCCCCGGCGTCACTCACGTTCGTTATCCCTACGCCTATCGCGGCTGTAGCGGCGGACCGCAAGCTGAAGAAGCATTTGCGCTCGGCTGCGCCCGCTACATCGAAGAAAAGCTTTTTCGGACCACGATTGCTCCCGAAGAGGTTGCCGCGATTTTTGTGGAGCCTATTCAAGGGGAAGGCGGCTACGTGGTGGCGCCCACGATCTTCATGCAGGAATTACGCAGGATTTGTGACAAGTACGACATCCTGCTGGTTGCCGACGAGGTCCAGTCGGGCGCCGGGCGGACGGGGAAGTGGTGGGCCATAGAACATACCGGCGTCGAACCCGATATCGTGTGCATTGCCAAAGGGATCGCTTCTGGAATGCCGCTCGGCATCTGTATGGCCCGCGCCGGCATCATGGACTGGGTTCCGGGTTCGCACGCTTCTACCTTCGGGGGAAATCCCGTCTCGATCGCAGCTGCGCTCGCAACCATGGACATCCTGGAACGGGAAGGCATCTCCAACGCCGCTCGGATGGGCGAGGAGATGTTAGACCGGCTGCGCGAATGGCCGAAAAAACATGCGATTGTGGGCGACGTGCGGGGTCGCGGATTGATGATTGGCATCGAAATTGTCAAGGATCAGGCATCCCGTTCCGTCGCTGGTTTGTGGCGCGACCGAATTGTCGAGCTCGCCTTCGAGCGCGGCCTGCTTATCCTCGGCTGCGGAGAAACCTCGATCCGCCTCGCGCCGCCGCTCATCGTGAACACCCAGGAAGCAACCATCGCATTGGAAATTCTCGAAGAATGCATCTCCCTGGTTGAAGACGAGTTTTTGCCGAACAAAACCACTTCCCGGTCAGGCCAGGAACTCGCGACTTCGAACCATGGAGGAACCATGGAGCTTGAAGGCGCCGGAAGATGAACCAGGCAGTCCTTGGGCCAACGGCAGCCGCCGCGGGATAAAGTATTCGCATGGAACTACCTTGCATCCAACGGCGTACTTGACTGCAGCACCTGATCGCGTCCCCCGGAGGCCGTGCTTGGCGAAGTTTTTGTCCCGCTCTTTAAACACGGAACTCGTTCAACTCCGTCGCCTGTTCGTTGGCTTCGCCTTCCTGCTCTGCCTGCTTGCGCCCGGCATTGCTCGTGCCCAAAGCCGCGATGTCGTTCAATTCGGAAACGACATTGTCATTCGTGATGGAGAAGAAGCGCACGACACGGTCTGCTTTCTCTGCTCGATCCAAATCGACGGCACGGTGAATGGCGACGTCGTCGCTTTTTTTGGCAACATTCACGTGCGCGGACATGCCGAGCACGATGCCGTCGCCTTCCTAGGCAACGTCTCGCTGGGTGACAATGCCAGCATTGCTCAGGATGTCGTTGTCTTTGCCGGCAGTCTCCGCGTCGGGAGCAATGCCACGATCGGAAATGATCGGGTCGTCTTCCCCATCTTCGTACTCCTCCTGCCATTGCTGTTGTTGGGCGGAGTTGTCGCTCTGATTATCTGGGCGATCCGTGCTTTGTTGTTCCGTCCTCGAGCTGTCTACCCTATGCCTCCGCCTCGATAGCGGTTGGAGTAAAGCTGAATCTCTTGGGACGCTTATAGCACCTTAAGAGCACCTATCGCAGCAGATGGCTACTACCCGGTATCAATGTGATTCCGCTTTACTAGAAAACGACGCCGATACATCATCCTTTTGCGCCTGATCTGTATCCTAGACGCGGATGCGTCGTGTTCTCCTGTTTGTTAATCCGATCTTCGATCAGCGTGCGGGTCATCGCAATGCCATCGGACGCATTGCAAATTTGTTGCGCTCCGCCGGTTTGTCGGTCGAAGTCCATGAGACGCTCTCGGCACAATCCGCGGGCGATCAGGCCCGCCAGGGCATTGAAGACGGCTTCGACACAATCCTGGTCTGCGGAGGCGACGGCACCGTCTTTAATGTGATCCAAGGGGTCGCCGGCACGGAAATTCCGGTTGGGATACTGCCGTTCGGTACCGGCAATGTATTGGCGCAAAACATGGATTTACCGCGCAATCCTGTCGAGGCTGCCCGAAGGCTGCTCCAGTCGACGCCCCGTCGAACTCCGCTAGGGAGGATCACGCTGGAAGTGCCCGACCTGCCTTCCGATTTATCACCCAGCGGACTTCCCCGGCGGATGAGGGAGAAGAGCTGGTACTTCACGATGGCGGCCGGTATGGGATTGCATGCGGCCTTGATGAGCGCTTCCGATGGGTGGGGTAAACGCGCGATCGGACGTACATCCTACTATCTCGCCGGAATGAGCCTGCTGCTGCGGCACCGCATTCAGCCCTTCGAAGTGGAAGTCACGACCACGGCAGGGGAGGTCTTCTGCCAGCGGGTTTGCGAGGCGATCGCCGTGCGCGTGCCAGAACTGAATCGCTGGCGTCCGGGCGGACGGCTCGAAGAGCCCTCGCTCCGCCTCGCCACCGTCGACGCGACTGGACGGTGGGGATTGGCCTCCGCCAGTTTCCAAGCCCTTGCTCGCACTGCTTCGAAAAACGGAAGCTCGGCCAGCCGGGGAGGCGCTCCTGAGGTCCGCTATACGGACGCGCTTCGCGTCGTCTGCCGTCCTGTTGCAGATTACAACTACCTGGCGGCGGTGCTTGCCGAAGCCGATGGTGAGGTGCTTGGAGCCTCTCATGCCGTTCTTGATATAGCCAAAGAGTCGTTCTATCTGCTGTGGCCTTCGTGAGGCCGCCAGGGAGCCAGTAGCGCCCTAGGATGCCTGGTTTCCCCATATGTCAGCCGGAGCTTACGGGGTGACCTCCCGGATGATGATCAACGGCGACCGCGTGACCCGTCGCCGCAAAGTTGGGGCCACCACTTCCTCCGATGTAGGTCGAGTAAGCTAATACTGGGTCAATGACTAACTCGCGGATATGGTC
CP030840.1_gap135	4786617	4789317	2700	TCTCGTATTGTTGGCGGAATGTGTATTGGTTGTTTTCGTAGAGCAGGCGGCCATCGCGGTCATTCACGTGGACGCTGGCAGTGATGGTGATTAGAAAGCTGGAGGACTGGCCGGTTTGCAGGTTGTAGATAAGGGGAACGATCTGGAAGGTGAGGATTCTGCCATGGATCGTGGCATCGGCGTCGGCGTTGGTGGGTCCGTCGGAGTTGACGATCGCGTATTTCGTCCGGCTGGTGAGCTCGCGAACGACGGCCTGGGTGAAGGCCAGCTCCGTGTGATAGGACTGGGTGGCATTTTCGAAGATAGGGACTGCGATGGAGTGGGTGGTGTCGGGCAGATGGGCAGCCGACGTCGCGGTGTGATACCCGCAACCGGCGAGGGCAGAACAAACAATCGACAGAATGAGAAGACGCATGGAATCCGACATCAGTATTGTCGCAGGAATGCTGCCCGATTAGAGTGCCGCAACGGATACTGAATGAGCCGCATGAAGAGGCGGCAGAGTGTCCGCGAATCCTCGCGATTGCAAATCTTCCTGCAGTTGCTGCACGTTGCGGAAGAGGATCCCCTGAAGACCGACCGCCTCGGCGGAGAGGATATTCTCCTGCCGGTCGTCGAGAAAAAGCACTTCTGCGGCAGGAACCTGGATCGCGTCCAGGACATGGTGATAGATGGCGGGATCCGGCTTAGCCAGGCGCAGCTCGCAGGACCAGGTGTTGTGGGTGAAGCCCTTCACCCAGTCGTGCTGCTTGAATTCGTCAGCGAGCTCAAAACCGATGTTGGAGAGGATGCCCGTCTTGAATCCAGATTTGCTGATGGTCACTGCCCAGTCGACCATATTACGGTTGAGGCTGCTCCACATGCGGATGTCGTTCGCAATCAGCTGGCGAATTTGATGGTCGCTTAGGGCTACACCGGCACCGGCGGCGCAACGCTGCCAATAGCCCTCGCCATCAAATTGCCCCTCGTCGTAGGCATGGCGATAAGCCCAGTATTCGCGCTCGAAGTCCTCGGCGGTCGCTCCAAATATTTTCATGAGTTCATGGTGGGCAGCCGGGTCAGCGGGGTTGCTGAGGACCATTCCGTAATCGAAGATGACTGCGTTTAGGGCCATGGGAAAGCGCACTCCTATCACTCAATTAGTTTTTCGGATGACCTTTTATTGTCGCAGGTTCTGATGGCGGCTTGAGTATCGGCTTTGAATCTCGACGACTAATGAATTTGCGGGGGTACGACAGACCGGGCTCACCTGGGCGAGCCCCAGAGCTGCCGTGATTCGTGTTTTCGGTAGGAAAGACTGGAAAATGCGGAGAAAGAAAAGGCAGCCGGTTTGGCTGCCTTTTGGTCAAGGTTCGGTTTGTAAGTCGATCGTCCGACTAGTTAGGCCGGTGACGGACTGCCCTCGGGGAAGCCGGTACCACGATTGCCTTCGGGGCGCAGAACCTGCTGGACGTCGGCTGCGAGGCCAGTGGGTCCGCCGGGTCCTCCGAGCGACTTCATCGGCGGCAGGTCTTGTCCGTCGATGATCTTGCGAATGTCGTCCGCGTCGAGGGTTTCGCGTTCGAGCAGAGCAGCCGCCATGCGATGCATGATGTCGTGGTTCTGGTTGAGGATGTCGTAGGCCGATTTATAGGCTTCATCAATCATCCGGCGAACTTCGGCGTCGATCTGGCGAGCGGTTTCTTCGGAGAAGTCGCGGTGCTGCGAGATTTCGCGGCCGAGGAAGATCTGCTCTTCCTTCTTGCCGAAGGTGAGCGGACCCATGGTGCTCATGCCGTATTCGCAGACCATCTTCCGGGCTAGATCGGTGGAGCGTTCGATATCGTTTCCGGCACCGGTGGTCTTGCGATTCATGAAGATTTCCTCGGCGCAGCGGCCGCCCATCAAGATGGCAAGCTGGGTCTCCAAATAATCCTTGGTGACGGTGTGCTTGTCTTCCTCGGGCAACTGCATGGTGACGCCGAGAGCCATGCCGCGGGGGATGATGGTGACCTTGTGCAGTGGGTCGGCGTGGTCGCGCTTGGCAGCAACGAGCACGTGCCCGGCCTCGTGATACGCAGTGTCCCGCTTATCGTCTTCCGAGAGCAGCATGGATTTGCGTTCGGCGCCCATCATAACCTTGTCTTTGGCAGTCTCGAAGTCTTCCATGAAGACCGCTTTTCGGTTCATGCGGGCGGCGCTCAGGGCGGCTTCGTTGACCATGTTGGCCAAATCGGCGCCGGAGAAGCCCGGTGTCCCACGAGCCAGCACGTTCAGATTGACGTCCTCAGAGAGCGGTACCTTCTTAGCGTGAACGCGCAGAACCTCTTCGCGGCCGCGGACATCAGGACGGCCAACTACAACCCGGCGGTCGAAACGGCCAGGGCGGAGCAGGGCGGGATCAAGAACGTCGGGCCGATTGGTCGCGGCGACCAGGATCACGCCGTCGTTCGATTCAAAGCCATCCATCTCGACCAGCAGCTGGTTCAGGGTTTGCTCGCGCTCATCGTGACCGCCGCCGAGACCGGCGCCACGGTGACGTCCCACGGCATCGATTTCGTCGATGAAAATAATGCAGGGAGCATTCTTCTTGCCCTGTTCGAAGAGATCGCGAACCCGGCTTGCGCCGACGCCGACAAACATCTCAACGAAGTCAGAGCCGGAGATAGAGAAGAAGGGAACATTAGCTTCCCCAGCGACGGCGCGGGCGAGTAAAGTCTT
CP030840.1_gap136	4797727	4800018	2291	CTGGTGCTGCAGGGGCTTACCCTTCCAGCTATCATTCGCAGGTTGCAAATAGCAGGTGGCAAGCGGGCGGATACGGAGATGAACCGCGCCCGCCAGACGATGCTCGAGGCGGCCCTGGCGCATCTCGATGGAATCGAAGATGACCAGAAGCCGCAGGACGACTGGATTTTAGAGGACTTGATCCATCACTACCGACAGCGTCTCAATCTGGTGAAGGATGATGTGGCAGATCTGCCGAACCAGGGAGACTACCTCGAATACCGGTCGCTCGCGAGACAGTTGCGAAGCATCGAGCGCGTCGCTCTCACCGAATTATGGGCGCAGAATAAAATCAATGACGAGGTGCTCCGAGAACTGGAGCGAGAACTGGATCTTGAAGACGCCAGGTTTTCATCGCTCCCTCATTGAGTAACAAAGTCAACGCTACGAAATTCGAACATCGAGCGAGCGAATCGCTCTCTGTTTACCTGACATGACTGGCCAAAGGCAGCCTGCAAACCGCGGATCACTGCGGCGTCTGTGCCTTGTCCTCGGCTTTATCAGCCTTGTCCTGGGCCTTGTCCGCCTTCTTCTGTTGCTTTGTACTGAGCGCCTTACGTTCAGCCTTATCGGCCTTGGCCTGCTTCTTCTCGGCCTTCTGCTCCTGCTTCAAATCTTTTTTGGTGTCCTTGGTTTCCTGGGTCGCGGATTGATCCTGAGTTGCCGGCGCATCCTGAAAGCCGGACCGCGCGAATGCAGTACCACCAAAGGCAGTTGAGATCGCAAGAGCTGCAACTAGAAAGCTGTGTCTCATGTAGGGTTTCTCCTCATAATTCGGATGAGGAGATTGTGGTAAGGGTGGCCTCGTTTTCTTCAACGGATCGCGCGGTTTCGTTACCAGGAAATCCGAACCAGCGCCAACGCATTCGCCGGAAGACTCAAGGGGAGGTGCAGTCCGTCTGGATCGACTGTCATCCAGAATGGCGAGCTCTCCAGCTGCAACTGACCGGCCGCCTCGAGCGATCTATATTGTTCGGGAGTGGGTTGCTGGGGACTGCCCAGCCTCTGCCAGGCGTTAAAGCTGTTGCTGTGGCTGGAATCCACGCGAAAGACTTCAACCAGTACGCGCCGCGCATCTTCCGGGAGGCGGTCGACGCTGAGGCGGACGTTTGCGTCCGATCCGGGAAGATCATCGTCGTGGTAGTTCAGCAGCAGAACCTCCACTTCCCGATCCTTGCCCGTGGCGAGCGCGTCGATGTCTGGTAGCGAACGGACGCCGGACGCCTCGATTTGCCGCGCCGGAATGGCGGCATCGCTATTCACCGCATATCGGGACTCGGATAATAATCCGAGCATACGAAAGGAATTCAGTACCGGCTTGTCGAGGCCGTTCGTGGCGAGTTCTCGAAGCCCTTCGAAATATGGCTGGTTGTCGAACTGAAAAGCCCAGGTGACCGCACCGGCAAAATTCACGCCATCCTCTCGCGCCAGTTCCATGGTGCTCTTATAGGCCAAGGCCGTATAAGTCGCATAGAGAGGTCCATTGCGGTAGCCGTTTTGGGGATTGCCTTTGGCGGAGCACGCGGCGCAACCCTCTGGGTCCCATTCCCCCATGATGATGGGGGTCTTCCGCCATTCGGGGAAGTCGGCGACTATCTTGAAGCCGCGGTCGACTGCCGCGAGCTGATTGCTCAGCCCCATCTGCACGTGGTCGCCTAGCCACTTTGGAGAACCCTTTGGATGGAAGCTGATGAAGGCAAGCGGCGCTCCAGTTTTGCCGGTGGCGGAGTTGGTCCCGTGCGAGCAATGCTCTAAGAAGGCGCGCAGAAAGGCCGCGGCCTTGTCATTGGCGGGACCGGTCGATTCGGGTCCGCCCACCCGCGCAAAGGGCACTGCACGAAGCACCGCGGCCGCCGAGTAGTCATACAGCTTAAAGTATTCTTCGGGCGTACCATGCCAATAGCCGATGTCCGGTTCGTTCCATACCTCCCATAGCCAGGTTTTCACCGCCGCGTCCCCGTAGCGTTGCCGGAGGTGTTGGGCGAAGCGGAAGACCAACTCGCCCCATTTCTCATAGTCTTTTGGAGGGTAGCTCCAGCCGGTAAAAACGCTGCCCTGAGGGAAGCTATGCCGGTACGGCGGCGGCCCGGTGGTCATCGCCTCGGGCATAAATCCGATCTCGACGAGCGGCCGCACCCCGGCGTCACGGTAATCGTCGAAGATGCGATCGACAATCTTCCAATCGTAGACCGGCTTGCCGTTGGCATCTTCGCTATAGGCATTGGTCGAGCCCCACTTCAGCGAGCCCTTTC
CP030840.1_gap137	4810416	4813033	2617	CCGCTACTACTCATTGTTTATCGATGGACAGGAGAACCCTGATGCAGCCTGGTATTACCCAGATCCAAAGCCAGCTGCACGGAACATTAAAAATTATGTTGCTTTTTGGCGTGGAGTCGAAGTAGAGAAATAGAGGGCGCCTGAATCCTCTTCGCCGGGCGCATCCTCCTGTCAGTCTTTGGGTTTCCAGGAGCAGAGGTCGCATATGGCGCTTGTTGGAGAATTTTGCGGTTCGAACGTAGTCCGTCTTTTGCTTGGAATTTTCATCGTAGTGGGTCTCCTTCTGGCCGCGGGAGTCTGGATTTTCTATTCGCCCGGCCAGGGACGCTCGATCGAGCAACCTATTCAGCGCCCCGCCACCAATCCGTAAAACCACCAAACGCTTGAGATGGGTTCGAGGTCTTTTAGGAGCATCGAATTACCCGTATAGTTTCGCCTAAGGATGCTCCTGCTTCCTTCTAGCGCGAAGCGGTGAACTGGATAGCGTCGAGGCTTACAGGTCGCCCTTTATTCAACTGCTAAACTCAGAGAGTCTATGTTTGATACTCTCTCCGAAAAACTTCAGCGAGCCTTCAAGAACCTTCGCGGTCAGGGAACGATTACCGAGGAAAACATCGGCGAAGCCCTGCGCGAGATCCGCGTCGCATTGCTTGAGGCAGACGTGAACCTTGGCGTTGTCAAGGAACTGATTGAGCACATTCGCGAAAAGGCGGTTGGTCAGCAAGTGATGACCGCGCTTTCACCCACGGAACAGGTCGTTAAGATTGTCAATGATGAGCTCATCGCCATTCTGGGTAAGGATACGGCTCGCTTCAACTTTGCGTCTCGTCCGCCAACCGTAATCCTGATGGCCGGTCTGCAAGGTTCAGGTAAGACAACGACTTCTGGCAAGTTGGCCGCCTGGCTGCAAAAGGGCGGTCATCGCCCTATGCTGGTTTCGGTGGACGTGTACCGGCCGGCTGCTCGTGAGCAGCTCAAGATCGTAGCCGGCTCGATCAAGGCAAATCTCTATGAAGGCGACCTTAAGGGCGAAAATCCCGGGCCCGACCTGGTCGAGCGCCTGGCCAGAGAGGCTCGGCGCGACGCAGTGAACTCGGGCTGCGACACCCTGATCGTCGACACCGCTGGACGCCTCGCGCTGGACGACGATCTGATGAAAGAAATGGAGCGGCTCAAGAAATTGCTTGCTCCGCAAGAAATTCTGTTCGTCGCTGATGCGATGACCGGCCAGGACGCAGTGAATTCGGCAGATGCTTTCCATAAGCGGCTGGCGCTCACCGGAGTCGTTCTCACCAAGATGGACGGAGATGCACGCGGCGGCGCAGCCCTCTCCATCCGCCACGTCACCGGACAGCCAATTAAGTTCATAGGAACGGGCGAAAGGCCTGACGCCTTCGAAGCCTTTCACCCTGACCGCATTGTGAGCCGAATCCTCGGCATGGGCGACATCATGTCGCTGATCGAGAGAGCGGAAGAAAAGCTCGATAAGAAAAAGTCGGAAGAGTTCGCAAAGAAAGCTCTCTCCGGTGACGGGTTTTCGCTTGAAGACTTCCGAGATCAACTCCGTCAAATCCGCAAACTCGGTTCGCTGCAAAGCATTATGAAGATGCTGCCGTCGATTGGGCCATTTCAGGGAATCCAGCAGATGGCGGACCAAGTCGATGAGAACCAGTTCGTTCGTGTAGAAGCTATCATCAACTCGATGACCAAAAAAGAGCGCAACAATCACGAGATTATCTCCGGAAGCCGCCGCAAACGTATCGCCCGTGGCTCCGGCACTTCGGTTCAGGAGGTGAATCAGCTGCTTAAGCAGTATGTGCAGATGAGAAAAATGTTTAAGACGGTTGGGGCAGGAGGAGGCAAACTGCAGCGAAGTTTAATGGGCCAACTCGCGGGTCGGCAAAAGTTCGGCCGCTAGACGGTGCATTCTCCAATGAAAGTTATCAACGCATTGCCTCTTCAAGACATACTCGACGAGATCACCGCCAACACTCGGCAATTGGTGCAGCCGGAGCGCCTTGCGATCAGTGAACGCGCGGTGCAAGAGCTGTTGTTGTCCGGGGTCGAATCGAGGATCCTGCCAGTTGACGCGAAGGCGCCAGCGTTCGAGCTGCAAGATTACACCGGCAAACTCGTCCGCTCCTCTGACTTGCTGGCACTGGGCCCACTAGTTCTAAAGTTCTTTCGCGGACGCTGGTGCCCTTACTGCGCGACCGAACTGGAAGCATGGCGTGACTTGCAGGGCAAGGTGCGCGAACGAGGAGCGATCTTCGTCGCCATCTCTCCGCAAACAATCCGTCATAATGACTTCACAGCGGACCAGCATTCCTTGCCATTTCCCGTGCTCTCCGATCCCGGCTGCGCGGTGGCCGCCAGCTTCGGACTCGTCTACTCCGTGCCTCCCTACCTGCAGAGACACTACCGTAGCATCCTGGTAAATATTCCGTTTGTGAATGGCGATGACAAATGGATCTTGCCGCTTCCCGCGACTTACGTGATCGCGCAGAACGGCGTCATCCTCCGCGCCGAAGCATATGCGGACTTCCGCGTCCGCCCCGAACCGCGAACGATACTCGACATGCTGCCGAATCAGCGCTAGAGCGATCACCAGCCTAAT
CP030840.1_gap138	4986510	4988869	2359	AGCGGTGTTTCTCAAGTGGTGTACCGGCCCGGCGATAGCGAGAAGGGAACCATTTACATCGCTGGCGGCGCTCCCAGCGCGGGCGCGTTCGACCAGATCACCAGGGTTGACAACTGGAGCAGCGGTAACCGCACACCTACCTGGACCAACAACATTGTGTGGAATCCGGGTACGGCCTCCGGTTCTACCCTGATCAATCCCGTGTCCTTCAGCATAGCCGGCAATTACATCTTTGTCGACTACAACGCGGTCCACTATGTTTTGGTCTATAGCACTGTAGATGGATCCTATGTGGGCGAGATCGATGCAGGAAGCGACGTTGGCGGCGACAGCAATATCGGCAACGACGACATGTGGCTGTCCACAACTGCCTTTGAGCGCTCCAATGGTCAGTATGTCATCACGAAGGAAGAGGACTACCAGGCCAAGAACCTTCTGTATGTCTGGACTCCTGCAGGCACTGAAAGCCAAACAGCAACCCCGGCCCTCTCTCCGGGCGGTGGAACGTACACGTCATCGCAATCAGTGACGATTTCTGATTCGACCACTGGCGCGATAATCTACTACACCACCAACGGGACTGCACCAACCACTTCGTCCACGAAGTACACTGGCTCAATTAGTGTCACCTCCACTGAAACCGTTCAGGCGATCGCGACAGCCAGCGGTTACTCCACCAGCAACGTGGGAAATGCCACTTACACTATCTCCAGCTGCTCACCCGCGGCGATCACTCCCTATATCTGGACATCAGCCGGTGGCTGGCAGCAGATTACCAGTATTTCCGTCGCCTCCGGCACTGCGGTCGACTTAGGGCCTCAACCCACCAGTGGAGGAAGCTGGAGTTGGACCGGGCCGGGCGGATTCACGTCAACCTCGCGAGAGATCGACAGTATTCCGCTAAGTGCCGGCACCAACACATTTGTGGCCACCTATACGAACAGTTGCGGAGCCAATAGCACCGAGACGTTTACGATTACCGTCACCGGCTCGGAAGGACCGTATGGTGGTACCGCAGCGGCAATCCCCGGTACAGTGCAGGCGTCGAATTACGACACCGGCGGCTCGGGTGTAGCCTACAACCAGACCACGAGCGGCGGCCAAACCGGCTATCGCACGGACAACAGCGGGGCCGTTGAAGCCGACTCTGGCGACAATAACTCTCCTGCCAACGGTTATGATCTGGGTTGGACTGGATCCGGGCAGTGGTACAAATACACAGTCAATGTGGCCACGGCGGGAACCTACACGGTGTCCTTCAGCGTAGCCTCGCCTAGTGGTCAAACCGATGGTTTCCATATGCAAAACTCATCGGGCACCAACCTCAGCGGCAATGTCAATGTGCCGAACACGGGCAGTTGGTATACCTGGCAGACTGTAACCGCATCTGTCACGCTTCCCGCCGGAACCCAGACGCTGGAGCTTGCCGAGGACAACTCCGGTTGGAATCTGGAGTACATGACGTTCGCGTCCAACTCCAGTGGTACCGAGGTATCTTTGAACTCGGCATTCAACATCACCGGCATTTACTCCAATGGCACAACCTTTAGCAGCAGCGGTGGCCTTGACGACGGTGGAGCAGCGTATTCCTCCAATCTTCTCGGCACGTCGTTGACCTACTCCGGAATTGTCTATGCCTTCGGAACGGCCAATCAGAATAATGCTGTACAGGGAACCGGCGCGCCGGTCGTGACCTTGACTTCAGGTAGCTACTCCACATTGAACTTCCTGGGAACCGCCAGTAGCGGAAATCAGGCTTCGCAGTTGTTCACTGTGACTTACACAGACGGCACGACAACGAACTTCACCCAGAGCATGAGCGACTGGTTTACACCGCAGAGTTATAGTGGAGAAACGACCGCTGTGGCCTGCTCTTATCGCAATCTCAGCAACGGTACCGAAGACAGCCGCACCTTCAATCTCTATCACTATTCATTTGCGCTGAACAGCGCAAAGACCGTGAAGAGCCTGACTCTGCCCAATAACAGCGATATCTCCGTGGCGGCGGTTACGTTGAAATAACTCCTCGCTCATTAACCCGGGTCAGAAGGGCCGCGGTTGACCAAGCAGAAGCCGAGATCGGCCTATACAAACTGACCGCACAGGCCCATCTCTTTATAGGCCGCATTTGGTCGCAGCCGGAGACTACCCAGATATGATCCATCCGGTGGGTGCATGAGGACTATGCAATTTTCTGACTAGATATTCCAGGAAAGAAAGATATCCGGAGGCAAAGGCGTCCTCATATCAACACATCGCCTGTCTTACCACCTCAGAAGGCTATGGTTGGACTTCGAAAGTGAGGGCCGTCAGCCGTGGTGGCCACATACAAGTATAGAGGTCTTGGCGGCGGTTAGAG
CP030840.1_gap139	5003931	5007038	3107	CGCTAAGCCTCGTCGGGATTAGCAAGCAACCATCAGCTCGCTCTCGTGAAGATGTCATGGCACAGATTGCATTGACGCCTTGTGCGATAAAACTTCATACCCCACACAACCCGAAAGGAATGATCCTCATGACACGTTTCCATAAACTGATAAGCACCGCATCCTTACTACTAGCCGCAACTCTCACCTCAGCACATGCTCAAGACGCCACACCTCTCCAAACAGGCGTTTTTCACGGTCAGGTCCACGCGACCAGCGGACGCGCATCGGTCTACAAGGGGACGGACGGTAAGTTGACCCTACGGCTCACGAACTTTAAGACTTCGAATGGGCCTGATGTGCATGTGCTGCTCATCGCGGCCGATGATGCGCAAGACAATGACAATTTCCTGAAAGGTAACGTCGAGCGTATCGAACTCGGCAAGCTCAAAGGTAACGAAGGCGACCAGAACTACGACATCCCTGCCGGAACTGACCTCGCGAAGTTTCATCGCATTGCGATCTATTGCGTGCGCTTCAATGCGAACTTCGGCACAGCGCCTCTTGAAAAATAAGAGATCGTCGGCAAGGACTGCTGTTAGAGGCTATGGCCGGTCACGCAGCCCTTTGTGACCGGGTTCTTCTTCACCCGCAATTGTGCATTAGGTAAATCAAATGGTTGGCTTTCTACGCAAGCACAAAGCGCTCTCTGGAATGGTATCCGCGATCATCTTGACCGCGCTATGGTATCTCTTCCGTCCCGAGAAGCTGTTCATCAATGAGCGCGTGAACGAAGCAGCTCCGGTTGCCGCAGTTGGCCAAGCACACCCAATCTACACCGGCCGACTCCATGGAGAATTGCATGAAGTCAGTGGGCGCGCCACGATCTTACGTCAAACCGACGGAACACTGATTCTGAGGTTAAGCGATTTTCATACAACGATTGATCCGGACCTACATGTAGTCCTTGCCCTTGCCGACGATCCGGCTCTAAAAAGCACCTCGCCAGGGAAGGGTTTAGCCTCGGTTGACGTGGGTGCCCTGAAAGGCAACGTAGACGATCAGAGCTATAGTATTCCCGCAAATACAGACCCCGCGCGGTACAACACCGTCGCCATTTACAGCGAACGATCACAGGCAGTGTTTGGAGCGGCAAGCTTGCAGCCGTTTTGAACTAGGTCGTGCTTACGTCAGTTTCCGGTGGAAGCAGGCTTAGCGATTGTTCCAACGAGAAGCCGGCCACCGCGCATACATAAAGAGAGATCGAAGGAGAAGAGAGATGAATGTCAACGATAAGACGCTACTCAAGGTTCCGGGTCTCAACCCTGAAGCGATCCGCGATTTCTTTCACAAAGCGGTTCCGCTTCGCACGATTGTGGTCATGTGCCCAGATCCGCGCGCAACCAGTATTCCAGAGGCGATTGCGAAGGAGTTCGGCCAGACATGGCCTGGCGAAGTAGTCCATGACGACAAAGGGGCAGCAGTAGGATCGACCACGAACATCCTGTTGAATGTCACAACCGGTGCACGTGCAGTTGACGCGCTGCGTTCGATCACCTCACTCAACTATCTGATCGGTGTCGAGAATGTCGTCCTTGTGCAGCACACGTTCTGCGGCACGACAGGGTGGACACCTGATGTGCTGATCGAGACCTACAAGCGCGAATTCGGGGCCGACATCTCTCGCCAGCACGTACTTGAAGACATCAGCATCCTGGACTTCGAGCAAACGCTTCGTTACGACGCCGCGCTCATCCGTAACTCCCCCGGCACGCCGAAGACCATAAACATCTTCGGCTATATCTTCGACATCGACACCAAAGAACTCAGCAAAGTCCTAGAGGATCGCGGCATCCCGATAAGATCGGCGGCGTCCCTCTCTGGGCAAGCCGCATGATACGTCAATACGCCTCGTGTCGTTAGTAAATGAGCTTCACTCGTTGTTCACAGCAGTTCTAACCCCTGCCGGTGAAGGTCGTTTCGGCCTGCCGACGATTCAGGAAGGAAATTATGCAAGAGTCATCAGCAGAAACGATCTCATCAGGCTTTGGGAAACCATTGGTACTCAACATCGAGGGGAGGCTACCGGCAGTCGGCACCGCAATCCTTCGATATGGAACCGTCTTCTTGCTGCTCCTTTGGGGATCGGCGAAGTGGACTCCTGATGAGGCCGCGGCGATTCAGCCGTGGATGTCGCATAGCCCATTGACCTCTTGGCTCTACCTTCTATTCAGTGTGCAGAGAGGAGCCATCGCCGTCGGCGTTGTGGAGATAACGATCGCAGTAATGATTGCGACCCGCCATTTTTTACCAAGAGTTTCTGCGCTGGGCAGCTTGATCTCCGTCTTCATGTTTCTTACTACGCTCAGCTTCCTCGTCACCACTCCACACCTCGACGCCGGCTCGCAAGGCTTCCTTATGAAAGATCTTATGTTTCTTGGCGCAGCAGTGTATACGGCAGGCGAAGCCTTCCAAGCGAGCCGTTCGCGGAGTCGCTGACGCAGGACGTATTCGATACCCGTTGCATTTCTCGGGCCCAGTGGCTTGGCTGCCGAATTCCTGCCGCAAGCGCGTATGAGTCCTCTAACCAAACCGCAAGATTATTGGAGAGTTTACATGTTTGAAACAACCGGGTACGCCCTTGAGAGCGCCACTGCGCCGCTTACGCCTCTCACCTTTAACCGTCGCGACCCTCGACCCGTAGATGTGGCCATGAAAATACTCTTCTGCGGAGTCTGTCATGCTGATGTCGGTCTTGCACATGGCGAGTGGGGTTTCGGCAATTATCCGTGCGTACCCGGTCACGAGATCGTCGGGCGAGTCACCGCCGTGGGCTCGAAAGTGTCGAAATATAAGGTAGGCGATCTGGTGGGCGTCGGCCCGCTGGTTGATAGCTGTCGCACCTGTGCTGCGTGCAAGGAAGGCCACGAGCAGCTTTGCGACACGGGCTTCACGCCAACGTACATGGGGCCAGATAAGGATTTCGGTCATACCTATGGCGGGTATTCGCACGACATCGTAGTGGATGAGAACTATGTGGTGCGCGTTCCGGGAACGATCAACGCCGCTGCCGCTGCTCCTTTGCTTTGCGCCGGCATCACTTCATACTCACCCTTGAAGCGCGCGAA
CP030840.1_gap140	5011026	5014352	3326	CAGGTGACACTGGTGGACATGCACCTGCGTAGGGGCCTGCCCCCACAGACCAAGTACAACGGTGCTCAAAGGATCGCATACACCTCTGTGATCCTTATGGGCGCTGGGATGCTCATTACCGGTTTGGCGATCTTCAAGCCAACGTCAGCGCATTGGCTGACCAGCTTGCTCGGGGGGTACGAAATGGCGCGTTGGTTGCACTTTTGGATCACATGGGCATTGCTCGGGTTCTTCGGTGTCCATGTAGCCCAGGTCATTGTGGCTGGATGGAATAACTTCCGCTCTATGGTGAGCGGACTCGAAGTGCAGGGAGAGGACTCACCTTCAATCGAGGCGGAAAGGAAGATGTGGCGATGAGGGACGACGAACATCAACATCAAGAGATTGCGCCATCGGACCAGCCGGCCACTGCAACTGAATCTACGCGAGTTGAAGCGCAGTCGACCGAATCGCGCCCAATAGCAGAGCAGCCAGTCGTCACCACAGCATTTGACTCAGCCACAGATCGAACGTCCCTACGCTTAGGCGAACCGGCCCCAGACAAAGCCATGGCGGTCGACTCAGTTAAGGACCAATTGGCGTTACCGGCTGAAGCGGAGGATATACAACTCCACAGGACTGCAGAGGAAGAGGCTCGCGCAGAAATTGAAACAGACACAACGAACATTGCCGCGGCCGCGAAAGTGCTCACTATGTCCAGACAGCATACGCGCCGCTCATTTCTGGTCGCAGGAGTGGGTACAGCTGCTGCGTACGGCCTTTATCGTTATCTGGACACAGACCTCAGCGCAGGGAGGCAACCGCCTCTGTTGCGGAGCGCGTACCAGTTCAATCAGTCACTGTCACGCAATCTCTTCCGAAATAGGGAGCTCGCACCGACTTATCCGGTTCACCTTGCGGAGAATCTCCGCGTGAATGGCGTCTTCGGATTGCGAATGGATCTTGAGCTCGAAAGCTGGCGCTTACAGTTGGTTGGAATGAACGGCGCATCGCAGCATCCGCTCTATGTAGAGGATGTTACTGCCTGGGATTATAGGTATAAGACTCCGTCAGAGCATGAAGACAAAGACCACGATACGAAGGTCGACCCGAAACTTTCGACCGCTAACAAGATGGCTCCGGAAGCGATGCAGGCCCAGGCGGAAGAGGACGAGAACCATACCGGCCGCATGGCGCGCGGGACGGAAGAGGCCGGCGAAAGCGGCTCGACACTACCCCCCAAGACCGCAGGACTGCTTCTGCCGATTGCGGAAGTTACCAAGCTGCCACGGCATGAACTGGTGACACAGTTCAAGTGTATCGAGGGCTGGAGCCAGATCGTGCATTGGGCCGGTGTTCGTATGGCGGACTTTCTGGAGACGTATCCGCCGGCGAAGATCAACGGCAAAGATCCGTTCTATGTCTACATGGAGACCCCGGACGGGAACTACTACACGGGCTACGATCTGGACGTGATGCGGCATCCTCAAACGATGCTGGTGACCGAGATGATGGAAGCTCCACTGACGCAGCTTCACGGGGCTCCGTTGCGGCTCCACATGCCCACGAAATACGGATATAAGCAAATCAAGCGCATCGGGCTCATTGCCTACACGAACGACAAGCCGGATGATTACTGGACGAAGTTGGGTTACGACTGGTACGCCGGTTTGTAGTTCATGGCCGCAAGACAGAGAAGCCAAAAGATCGTACTGTTTACGTTTGGGAGTACCCGTGAAAGCTTCACAAGGCGCAAAGAAACTGACCCTCCCGCTCTGTATCGGAATAACCCTCGTTCTGTGGGCATCATCCTTTCCCGCTATCCGCGCAGGTTTGTCAGGATACGCTCCGCAGCATCTTGTCTTATTGCGGCTGCTGACAGCATCAGGCGCTTTCATTCTCATCGCTCCATTCGCCAGGATCAGAGTTCCAAAGCCAAGGCATTTGCCCTCTCTCCTTCTCCTTGGCCTTATTGGAATTGGAGGTTACAACCTTGCTCTCAGCTATGGAGAAACCCATGTTCCCTCCGGAACAGCTAGCCTGCTGGTAAACTGCGCACCGGTGATAACGGCATTGCTCGCAATGTTCTTTCTGAAGGAGCGCATACGGCCAAGGGCGTGGCTCGGACTGATCGTTAGCCTGGGCGGGGTCGCCGTGGTCGTCACTACACTCAATAGTCGCGTAGCTCTCGACCCATGGGCGCTTTTGGTTGTGCTTGCTGCTGCGCTGCAAGCAGTTTTTTTCGTTCTGCAAAAGAGGCTCTTAGCTTCGTATCGGCCTCTGGAGCTAACTTGTTACTCCATGTGGAGTGGAACTCTCGCCAGCTTGTTCTTTCTACCTGGATTCGTGAACGCGTGCAGAACTTCTCCGCTTCACGCTACACTCTCAGTGGTGTATCTTGGCGTCTTTCCGGCGGCGTTCGCATACCTCACTTGGGCCGTTGTGCTGTCCCGTTTACCAGCTTCGAAAGCAGGTAGCCTTCTCTATATCGTGCCCCTACTGGCGTTTGTCATTGCTTGGTTCTGGCTCGGTGAACGTCCGCAGATTTCAACCCTCTGTGGAGGTGTTCTGGCTCTCGCCGGGGTCGTGCTTGTGACCACCGCGCGGGCGCTTCCCGTGGGCCCAGCTATGTCGAAGATCGTATAACTGGCGGCGTATCGAATTCAGTCGTGCAAGATCACGTTCAGGAGCGATTTGTGGACGCGAATTCGACCGTTGTACTCTATAAAACCAAGCTGACGAAACCGGTTCATGAAGAACGTCACTCTGGGTCGCGTCGTTCCAACAATTTCAGCCAAAGACTCATGCGTTATCTCGGGGATCAAGAGCTCAGGTTCGCCGGGCTGACCGTACTCCGCCATCAACAGCAGGATGCGTGCTAAACGTTTTTCGCTCGAATTGAAGAGTTGATCGACCAGATCCGCCTGTACCCTCATTCCACGCGCGATCAGGAACTTCAAGAAGAGGTCCGAGAAGGCGTGTTGCTCATGCAACGCTCGAACCATCTCCGTCCGTGAGATCTTCATAGCGACACAGGGAGTTAGCGCGGTTGCAGTCGCGAGACGCAAGCCAGGAATCTGCGCCAGAGATTCCTCCCCGACGAAATCTCCATCCGACGCTAGCGAAACCGTAGCTTCCTTACCTCGCTTCGAAATGACAGATACTTTCGCTCGACCGGACTTGAGATAGAAGACGCAGTCTGCAGGATCACCTTGCGCGAAGAAAGTCTTCTTTGGCTTCACACGAACGATTCGTCTCCCAAGCCCCACGTCTGAGAGGAAGGATTCCAAATCGAAGACCGGCGGTTTGCTATCGGCCATAAAGCTCTCTTCATCTACTCCGGCTGG
CP030840.1_gap141	5019633	5021261	1628	GCCAAGCAGAAAAGCCAAAAACATTGGAGCAAGCAATCGCTTGGAGGCGGCAGGGGCATCTGCAAATTCTCTCCAAACAAATACTCCCCACATAGCAGATATCAGTGTCGCGCCTTGACCGATTGCATAGGAAACCGCCGGTCCGACGATGCGGGCTTGCGACGCAATAAAGTTGGCTTCAGCGCCAACGGCCCAAATCACGCCGCCGAGCAGACCGGCGAGGTGCCATCTCGACGGAGCACCAGTATAAGCAGACCACGGCACCGGCACAGAATCCGTCAGGGGGCGTCGCATTAGAAGGGCGTTCAAGGGCAACGCGCAAAGAAGTACACCGAGCGCGAAGAAGGTACTTACTGTATACGCGTCCAGAGGATGTGCACCACGAAGAGACCGAGCGACAAAAGGATAGAACAGTCCCATTAATAGGCCGGCGACGACACTGATCGCGATTCCCCGAGCAGAACTTTCAATAATGGTACTTCTCAGTCGATAGGCTTGCGCGCTGAGAAGAATCGCGGCGAGTACGAGACCGATCCCCAAGACCAGCAGAATAGGGTTACCCGAAGGCTCCTGAATGTAGTTCAGGATCACTCCAGTAACGAGCGCTAAGCCTATGCCAATTGGAAAGGCGACAGCCATACCAGCCATTTCGATTGCCGCTACAAGAAGGGAGTTCGCGATATTAAAAACGATGCCACCCGCTAGGGCGAGCGCGATGGACGGCGTTGCAGCTTGCATCAGCCGAAGGAAAAAGCCTCTTCCGCCACCAAGAAGTGTGCCGATGAGCAGGGTACTCGCAAGAATGCCTGCCACGTAGTCCCAGTAGAAGGCCTGGAATGACCAGCCTTTGGCTAGTTTAAGAGTATTTGCCCACGACCCCCAGCACAACATGCTCAGGAGCATCAGCATCATGGCGGCTACATAGAGTTGCGGTTGAAACATGACGGCTCCATTGGATATGCCCTGACTCGCCATAAGCGCGGACAGCAAAGTTGATCGCCACTTCACCTTGAAGAACTGAAGTGCTCCTGTAAATGGGGCGTTTGCCCCATTGTTAGGCGTGATGGCGGAAGGCTTTACTTAGCGGGGCTGATTCAACTGGAATGCCTCTGCCGATGGGGTTCAACGATGAAATTAACTAGGCGAGATTTTGCTCAGCTTCTGGCGATGAGCGGGCTGAATCTGGTCTCGTCCGGGGCTCGTGCTTCGGATCAGACCAGTGGCTCGAAGAGAAGCTACAATCCGCGCAGGATTGAGAACGTGTACGCCCTTCTGTCGGAGCAGGAAGCGAAGCTGTTGGCTGAAAAGGTGGGTGTCGCTCATGTTTCCGGCCAATCGTTGACGCTTCTCCTAGCCGGAAACTCACAAGTTTTACAGGTTGGCGAAAGCTTTAAAGGCTGGCTTCTGCTCGCTATTCTTGATGACCAAACAGCGGTTCTTGAATATCGCGTACGGCATCGCGGTATCCTCGTCTACCTGAACGAGTCTGGTGGCGAAGTACTCCGGCTCGACGAGTATCTGGGGACCATTCGAGAGATCAAGCCACGGCAAATTAACGCTGAGCCGGGTGTCGCCCTGGATCGAGAGGGGCAATTCCACGTCGGTCCTGATCGAGCATCGCAATACGT
CP030840.1_gap142	5036698	5037643	945	CGGACGGACGATGTCACTGTTCCTTGCCGGAAAGGAGCCACATTCCGTCGGGCCGCAATATCGGCCGATCTCAGTGACCCCTGTGCAACACCTTAAAGCCGATCCATTTCTCACTATTTCAGGCACGAAAGAACTCTCGGTTGGCATTGGCCTTTTCGGTATCTGTGTCCTCGGCGCAGGCTGGACGGCAGAGGGACCTGCGGCCGGGACAGTCCGGCCTGGTGCGTTTCAAGTCCGGACAGGTACAACGGTTCTTCAAGTGTTTTTTGCTGCGAGTGCGCAAAGCGCCGAGCAACTCGTTGGCAACAGCTTGGTCGGTCTCACAGACGAGGCCATCGTTATCCATAGCCATGCAATACCCTCGCCGATGGCCCGCGCGGCCCGGCGGGCGCCGGGAAGGACGGGACTACCTGGTCTGCAGGAAGTGAGCATCGCCAAAGTATGTGAAGGCATCACCAATGCCGACGACTTGGTTCGAAGGTTTCGGGAAGAGGTAGCGCTATGACCGCCACAACTCCGGTAGAACGGGTCGCCGAGATCCTCGAAAACGTGAACTACAGACGAATACCAGTTCCTGTCACCATCGGCGGTATTGAATTTACATTTCCTGCTCTCTTCGTCGGGACTGGACTATCCCAGGACCTCATCGTGGTGGTCGACGGAACGGTCGAAAAAGAAGAACGGATACTGCAAAAGATCGAAGGCCTCGCTCGTGTATTGGATCGGTTGCGATCACGTCGTCCTTTGACAACGGTCGTTGTCGGTCGACGTCCTTCGAGTGCAACGATCGATGGAATGTTTCGGGTCAGCAGGGTCCTTCCGGTAGGAACAGCCAGCGATACTGCAAACCTTAGAGACTGGCTTTCTGTGTTGCTTCCACTGACCCTTCCCGATCCGAAAGACGCAGGCATAGCTATCAACCAGATGGATCGAGACGGCCAACCG
CP030840.1_gap143	5095815	5100440	4625	CCTTTTATATCCGGGCGCTCCTTGTCCTCACCTGCACGGGCGTGTCCTTCGCTCACGGTTCCAACGACGGACAAAAGGGCATGGGACTGATCATGCTTGTACTGGTTGGCACTGTTCCCACTGCCTACGCGCTGAATCACACCATAGACAAAGGATCAGTAGAGACCTTTGCCGCAGTGTCAACGCAGGTAGCTGGTGCAATTGGCAACTACACAGATAAGAACGCGAAAGCGCAGAACGCTCAACAGGAGCTTGAAAAATTTGTCTCCTCCCACGATTTTCAGCCTACGACGATGGTCGCACTCCAGAAAATGGTCACCGATATTCGGGACGAGGCCGTCAGCTATGGCTCTCTCGGAAGCGTTCCCTCCAATATGCAAGCCAACGTTCGCAACCAGATGTACCTCACGAGCGAGACAATGCGCTTGCTTCCAAAGTACGGGCCGAAAATGTCTGAAGACGATATCAAGCCGCTTACCAATTACAAAGGGTTCCTTGACAAGTCGACGAAATACATTCCGTCCTGGGTAAAGGTTGCCGTAGCTCTTGCACTGGGTTTGGGAACCATGGTTGGCTGGAAGCGCATCGTCGTCACCGTGGGAGAAAAAATCGGTAAGACTCACCTGACCTACGCGCAGGGCGCGTCCGCTGAGCTGGTGGCCATGGTGACCATTCTTGGTGCCGACAGCTTCGGCATGCCCGTTTCAACCACCCATGTCCTCTCGTCCGGCGTGGCCGGCACGATGGCGGCGAATGGAAGTGGCCTTCAAATGTCTACTCTCCGAAATATCGCTATTGCATGGGTTTTCACCCTTCCTGCGGCAGCGGTCCTTTCGGGGATTTTGTTTTGGATCTTTAATACCGTTGCTTGATAAATCAATCGGAGCCAAACGTCCATATCCGCTGAGATGGCTTCTACATATATTCCTCACTTCTGCTTGTGTTGAATTAAAGCGCTAGGACATTGAAATCATCCTATCCAGTCACTCCGGATGGCCGATACTTGGGGGTTGCGATTCGCCGATCGCAAGATCGAGATGCTCACGAGGCTGAAATAGCCGAGCCGGGCGCAGAATTTCGGATGGGTTGGCGACAGCGACATTGCGCCCGATGGATCGCCGATATTCACTCGCAACATCGGCACCCAGGAAGTCTAATGCGTTGACTGTACGCTGGCCAAAGTGATTCACAAGCGAGGTTCAATTCCATCACCATCTACTTAAAGAGCTCCAACGGCTTGCTGACGATTCGAAGATGCATCCCACTGTTGAGGAGAATTCATCATGAAAGCACTTCCTTGGCTCATTGCCGGTGTCGGCCTCGGTTTGGCCGCCTATTTTGTTTTGAACCAACCTGGTCCGCAGTATGCGACTGGCAACGACGATATCGAAGATGCAGCAGGGAAGACCGCGTTCTGGGGTTCAAAACAGCGAGTCAAGGGAACCGGCGGAGATTTGGTCGGAAAGCTGAAAGAGGGTGTGGGTCGTGCCACCGGCGATGACCAACTCGAAACGGAGGGCGTTGTGGATCAAGTCGCGGGCACCGTCCAGGACGCAGCCGGTCAGGCTGCCCATGCTGTCGCCGACACCATTCACGAACTTAATCGCTGAATACGCGGGATGGTGTCGAAGGCAAACATTCCCGTAATTTCAGCGTGGGTCTCGTTCGGCGACCATCCCATGTTCTTCAAGTAAATCTCTAACGCTGGGTGTACCGATACACCATTCTTCCGTCTATGGGCCTCGTTAGTGAAAGGCATATTGTACTTGCGGAGGTTTAGCTGAGGCGTCTGCGATCACGCTCCTGTTCCCGCGCAATCTGGTCGCATGAATTCAACGGAGATCGAGTTCTCGCGGCGTCACCAAAGATCCGAAATCCACCAGTGTTGTGAAGTCTTGCGAACTGCTCGGGAAGGACGGGTGGGCTGAAGTAGTACCCTTGGCCTTCGTCGCAATTTAGATCTTGAAGAAATTTCAGTTCTTCGGCAGTTTCAATTCCCTCAGCTATGAGTTTCAGGTTAAGACTCTTGCCCATAAGGATGATGGCGCTTACGATACCGATCTGATTGGGAGCCATGCTGATCTGTCGGACAAACGATTGGTCGATCTTGAGGGCATCAAGAGGAAGATTATGTAGGTAGCTCAAGCTGGAGTAGCCTGTCCCCAAATCGTCCATGGCAATCCGTACTCCAGTTTCGCGCAGGGTTCGGAGAATGGATGCCGTTAGCTCGGGGCGTCTTATGAGAAGAGTTTCGGTAACCTCGATCTCAACAGATTTTTTATCGAGGCCGGTTTCGTTGAGAATTGCGAACAGGCCTTCAAGAAAGCCCTCGCTCTCAAACCGGACCGGGGAGACATTTACGGCCATGGTTATGGGCGGCAGGCCTTTGCCTATCCAGGACTGGGCTTGAATACACGCTTGCCGGAGTACCCAGGCCCCAATCGGAATAATAAGACCGGACGCTTCGGCAATAGGAATGAAGTTCCCTGGATATAACAAGCCTCGAGTAGGATGCATCCAGCGTATCAGAGCTTCCGCTCCAGTAATAGCACCAGTTCTGAGGTCGATCTTTGGCTGGTAGTGCAGCACAAATTCCGCGCGTTCAAGAGCCTGACGCATACCTTCTTCAAGAAATTGCCGTTCCACCGCTCGAAGATTCATGGCTGGCTGAAAAAACTCGTACCCACGAGTACCATTGTCCTTTGCATTGTACATAGCAGTATCGGCATTCTTGATGAGCGTTTCGGCATCCAGGCCGTCATCCGGATAGATGCTGATCCCAATGCACGCTGTAATTTGCAGTTCGTGCTCGTCAACGGAATGCACCGCGGCTACGGCCTCAAGCATTCTTCTCGCCGCAATCGCGGTATCCTCCGGGTGGTTTACTTCTGGAAGCAAAACAATAAATTCATCTCCTCCTTGCCGGCTTACCGTGTCTGAGGAACGCACACAATCCAGCAGGCGTTTGGATATCGACTGAATGAGCTTGTCCCCAGCAGGATGGCCTAGAGAGTCGTTGATGTGCTTGAAGCCGTCCATATCTAGAAAGAGCAGTGCAACAGTTCTTCCGGTACGGCTTCCGAGTTCGATGGCTTGACCAATTCGGTCGTTCAGGATCCTTTGATTGGGCAGGCCGGTTAGAAAATCATGTTCGGCCAAGTATTTCATCTGCTCTTGGCTCTTCCGCAACGCCGCCTCGACCGCTCTGCGTTCGGTGACGTCTACATTGACGCCGACCACTCGTACAACATTCGCAGCCCCGTCGAGAACTGCTCGCTCTGTAAAAGAGATAATTTTCACACCGCCGTCAGCCGACACAATCCGAAACTCCCCAGAACCGTCAAGGTTTTGCTCTACTACCCTGCGTAGGGACGCTTCGCGTCCGGGCAGGTCCTCAGAATGAACGCAGGCGGCCCAATTCTCGTAAGTGATCCGATCGGTTGGCTCGAAACCATACATTGCCAACATCGTGGCATCCCAAGTGAGTTGATCCGTCGACAACTCCCATTCCCAAACGCCTATCCTGGCAACCGCCGTCGCAAGCGCGAGGCGTTCGACATGCAACGATAGTTGGTGTTCAGCTCGTCTCCGATCGCTATTGTCCCGCGCAATCGTCAACGCCCCGATGAGCTCACCCCGTCGGCTAAAGAGTGGTGAGATCGTTAGGGACACGTCGATGCGTTTACCGGATTTCGCAACCAGCACGGTCTCAAAATGCTTGATGCGTTCGCCATGCTCCAAGCGTCGCATGATGGCATTGAACTCTCTCGGGAGGCCGGCGGGAAATAGAAGCGAGATGTGTCTTCCGACCATCTCGGATGCTGAATATCCGTACAAAACCTCGGCTCCGGGGTTCCAGTATGTGATGATCCCTGCGAAAGTCTTGGCCAGGACAGCGTCCTCTATTGACTCCACGATCGCGGTCAGGTACGGAACCATAGACTGGTCGATCACAGTTATGCCTCTTTTTCTGGCAGGACGCCGTCCCGATTCACCAAACGTCGAATTGCTACTAGATGACTGCTGTTGAAGCTTGGGGATGCCCGATGGCGTAGATTGCGTCGAGAATGTCTTCGATGTTTGTCGTGTCTCACTGTGGCTACAATTGCGTAATGAAGACTTAGGCTCGAGCTATGTTCAAGCATTCGGCAAGGCATCGGGATCGAGGTAAGAAACTGACTGTCCGGTTGCCATGGTCTCCGCCGAGATAGTGAAACTCGACATGGCCTGAGCTAACTGTGAGTCGACCTCATCAGTTATCGCCATCACATCCAACATCAACACGTCGGAGTCTATTCCTGACACGTTCATCTGCAGCGTTTCAAAGATCGAGACCTGTAGTATCCGAGATTCCTCTATCATCATGGCACCGGTATAGCCTTGCGCATGTCGTAGGATCCCGTGTTCATACGCGGAGTCGGAAGTCAAAGAGCGTGTGCCTAGCGTAAGTGAGGCACGAAGGCGGGTAATTACGTCGCGGAACATCGCCGGGAGGTGAGCTCCCCGGTCTTCCTCGGACAGCGAAATCGTGATTATGTCCGGCTCCGCGTTCACCCGTTCGAGCCACAAGGGAATCGTACTATCGGTTTCCCTCTCGAGGATATCGGCGACACTTGGATGACTTT
CP030840.1_gap144	5146779	5151592	4813	CAGCTCCAGAATCCAATACCAGCAAATCATCAAGGGCATCTGAGTGTCGCTTAACTGCGACTTGAACTCTGCCTCATCGAGGCGTACCTGGTTGTATGAGGAGAAGCTCGTAGTCTCGCCCTGCATAGTAGCGATGAAGTGTTGTTGGCTCCATATGATGTCTAAGATATTGTTGTACTTGGCTTCTCGGACAAATTGCACCGCAGCTTCCGACTCTTGCCAAACCTCGTCGAGAGGATTATTTTGCAAGAGAAGAGCCGTTACGATTTGGTGCTTGCCATAGCTGGCGAAGGCCAGATCGCCCGCCTCGATTCCCGCCCGCACCGTCATTCGGAAGCGATCTATTGCAGTTGTGACAGGATGCGCAAAGATGGCGATATTCGCCGTCGCATAATAAACGTGTGCCCGATGCGCGACAAATCCGTATTTCTCGATAAGTTCACAGGCAAGTTTGCCGAAGCTATCGGCTTCGCTATAACGCTGTAAGACATGCCCGAGCACACATCCCCAATCGCCGTAGGCATGTGCGGCAGCGCCGCACGTCCCATGCTGGATGCCGATTCTCACCATGCGGCTCACCAGAATGCACCACAACCGAGAATCGGTAATAAAGGCTGCAGGAACAACTGTCGACAACACCTGTATTGCAGCCTCTATCTCGTGATCGATCATCAGCGGTTGATCAACTAAACTCTCGGGAGGACGTCCCGCGAGGCTTTGCGAAATTGAATCGTACTCAGCCTGGACGGTCTCCCAGCCTGGATCCACCGGCAGGTCGATATCGAACAGGCGCAGGCATGCTCTGGCGCTAGCAACAGCCTGATCGTTTTCCGACTTCTGGGTGCAGGACTCGATACTAAGACAGTAGACAGCCGCCTGGTCGACCTTTGATGTTGCGCGCGGCAACAACTCCTCAATGAGTTGCTCACATTGCTCGACGTTACCGCTCAAGAATTCGGCCCGCGCGCATTCGAGCCGCAGGTCGAACATCAATGCGTAGTGAGTTGCCCAATCCTGCTCTTGAAGCATCGTCATGCCAGCCGAGAAATACGTGCGCGCTGACGCATAGGCGGCTGCTGCGCTGGCCTTCCGCCCCACACGCAGGTTGATCGATGCCACTCGTGTCCTCTCGTCGAGTTCCATCAGTCCTGTGGCGGCGCGATTGAGTTGGTTGGCGACATCGAACAGGTGCTCGGCGAGTTGGTCCTCTTTTAATCCCGACAACAGAGCACGGCCAATGCGAAGGTGAACTTGTGCACGTTGCTCTTCGGGAACCAGACTGTAAGCCGTCTGTTGAATGCGGTCATGCAGAAACCTGAAGCTGCGTTCTTCGTGAAAAACGAGCCCGGCGCGAACAGCTTCATTGAGGGCGGTATCAATCTCCTCTTCAGTTTCGCCGCGCGCCAATGCCAGGATCGGAAGGTTGACGACACTGCCCAGGCATGCAAATTCCTTCAGAACATCCTGGGTGCGGGCCGAGAGCCGCAATATCTTCCCGGCCATAAGGTCGACCACGTTGTCGCTACAATCTTTGGCTCGAATACGCTCTATGTTCCATTGCCAGGTCTGCGTCACTTGATCCAGTGCGATCAACCCTTCATTGGACAATGAGATGAAGAATTGAATAGCAAAAAACGGATTGCCGCTCGTCTTTTCCTGTATCAGCTGCGCCAAAGGATAAGCGTGGTCTGACGTGCAATGCAGCGTATCGGAGACAAGCCTGCTGACATCGTCGATTTCTAGCGGAGATGAGGTCAATGATGAGTTGACCGTTGGTCCCCAGCGCCTCTAACAGGACGCTTCGCAGACGGTCCACCTCCTCTTTCCCCTTGACGAGGCTTTGACGAATCAGCGCATGGAAGGCCTGGACCACCGTTGCATAGGGTATGTCACGCTTATACTGTTCGAATTTTCCTGCAGCAAAAAGTGCTCGCGCCGTAACGAGGATGTTTTGCAACTCATTTACCACTGCGGATTTGCCGACACCTGCATGCCCGGAGACGAGAACGAGTTCCGGCGCACCGGACGTGGAGACGCGGCCTAAAGCTTCCAGGAGAGTGCTTACCTCGCTCTCTCGCCCGTACAGCTTTTCCGGAATCAGCAGCCGGTCCGCGATGTCACGTGTCCTCAACGGAAATGAATTAATGCGGCCATGCATCGTCCACTCGGTGAGGCAATGCAAAAGATCCGCCTCCAGGCCGGCTGCCGTTTGATAGCGCTCCTCTGCAGTCTTAGCCAGAAGGCGCATGACAATGTCTGAGAGCGGCCTTGGAAGATCGCAAATGCTGTTTGGTGGAGCGGGCTCGCGAGCGATGTGGCAGTGCACCCATTCCATGGTGTCAGTGGCAGCGAAGGGCAGACGTCCGGTAAACATCCGGTAGAGGGTGACACCCAGAGAGTAAAGATCGCTGCGCGCATCGATGGAACGATTCATGCGTCCGGTCTGTTCGGGAGCCATGTAGGCTAGCGTGCCGGCGATCATCTCCGGTGGTGAGGGAGGTTGCCGTTCGCGCGGAAGTTGCGAAGCAATTCCGAATCCGGTGAGCCACACATTTCCGGCGTCGTTGACGAGGATACTCTTAGGGGTAATGTCTTTGTGTATGAGGCCATGCCGATGAACTTGGCTCACGGCTCTGGCTAAGCCGACCGCGATGCGCAGTGACTGGCTAAGATTGAGTTCTTCGCCCTGTCCCCTTTCCAAAATCAAATCCAGGGGCTCGCCTCCAGGGTCTACCAAGACCAAGGCTGGCCGCCCCTCTCGACGAATGAATTCAAGAGGCCGTGCCGACCATGCGACATCCAGTTTCGATGAAAGTGAGTATTCGTTTTCCAATCGGCGGATCGCTGCAGTCGAGGGCTGTTCCGCAACGAGCGCAACCACCAGAACCGGCGACGAATTGTCATGTCGGCGACCACGATAAAGCGTCAGGGTCGCATCTTCTCGCAACGGCGTCAGCAAGTATCCTGCAAGTTCGGTGATGGAGGGGTTTATCCTCAACATGGTAGACACTCAATACGATTATTAATGATGAGACTCGAATGGAACGTCAAGCGTGGACGATGCCTTTCAATGCCTGCGCCTGCTTGAAGGTAAGCCAGAACGGGGAGCTATATTCACTCGACCAAAGCAACAGAACATCTATGCCTGGATCGAGGCGTGGCCAAGTAGCAGCTGGATCTGCTCCAGCTCCCGGCCTTTCTGCGTAATTTCGCGCACGTCCGGCGAGGGTCGTGGGGCGCGAGCTTGCCCAGACCGCTTGCCCTGGCATAGCGCATGACCAGGCGCCAGACCGCCTTCTCGTCCCGGATCTCCTCGCCGGCCAGCACCCCGGCCTTGGTGACCGGCCGGAATAGCCGGCCTTCGACGATGCCGGCTGCGAGAACCCAGGCGGCGATGCGGCTCTTCACCCCGGCTGGGATCGTCACGGTTCGGGTCCGCCCGCCCTTTCCTGCCATGTCGGGCAGCACCCAGCGAGCCTCCCGCTGCTGGAGGTCTTCTATATCGGTCCGCGGATTACTGGGTGGGATACTTGCCGATAGGTAGCATTCTTTGGGAATGGTGTCAGTATACAGACAGGACACGCGGATACCGGCCCGAACGGACAATTTGGCGATGACTATTGGGTCTGCAGTACTTTTGCCCTGCATCATCCGGCCAAACACAGGCGGCACAACAGCCCGTAGATACGTTGCCAGACACAACGACGGCTTGCGATGCAGCGGCATGACTGTAAATGGGAAGTAGCAGGCTAATATGCAAAAGCAGGTGTATCTCAAGATCACTCAGGTAATTCTATTCATGTGCTTGAGTTGCTATGCTCAGGAGCAAGCACCATCTACAAGCCTTGTAACTTTCGTACGCTCGGATGCCAGGCCAATTGATGCGATCATCGCGACGGCACTCCAGACTCATAGACCGATAGGCATAGCTGTGGGCGAGCACCAGCAAACTCTGTGTGAGTCAGTTCATACGTTCGAAATCCGAGCCGAAACCGCGGGAGACTCGCTAGTAAAGTCACTTACGGGGACTGGTTATACAGTTCGGGATGAGCAAGGTGTGCTTGTGGTCATTGCATCTGATTTAACTGCCTTGCAGCAGGATTTATTAAGACACCATTTTGATAGCTTTTCTGTGCAGAGAGGAACGACCATGGCAGGTCTCGGCGCTCAGCTGACCGGGGCGCTCTGGCTTGGCAGTGGACTTGTATCGGGCGTTGGCGGCTCCTCACTTTATTCCCTTTCGGCTAGTAAATATAAGTTGGATGACATCGGAGCATCTACGACGGAAGGGATAGCGAATAGGATCGTGTCATTGCCACCCAAAGGAGTGTGGATGTTCAAAGCAATATACACCGGTGGATCAAGTAAACCGATGCCGGCCATCCAGACGTGGTCGTATTCCGATGATCGAGAGGATATTCAGAAGATTTCGTGCGAGATGTAGCGTGCGACGTGTGGCGTGTGGTGCAACAACTCTCCTAGGCCTGGCAGAACAAGAACGGTTAATTTCAAGAACGTCTTCATGGTTTCCCTGTGAAGCAGATTAAATCCTTGCCTCAGCCCTGCACGGACAGAGCAACTCCCGCAAAGTCGTTGGCGGCAATGACTTCTTCGCGGTCTGCGGCTTGGGGTAGAGGGAAGGGAAGTAACGTTGGATTGGGTGCTCATGGTGTCTCTGTTTTGAGGGTTTTGGCTCTTGCACTTGCGCGTTGAAACGCGGCATGTGAATGCCGAACGCCCACTGGCGAAGGCGGGTGTAGCAAACGGAAAGGTCTTCAAGCGCAGCTTTTTGGGGGACCGCGCTTGCGAACTC
CP030840.1_gap145	5158655	5161182	2527	TTCCTCACCGAAACGGAAAACTTCATTGCGTCTTGTCTGCGAATTGGTAATATTTCACACAGTATTCCCGGGTCCAACCCCGGATTAGAAAAGCCCAGCCCCTTCGAGGCATGCCAAATGTACTCTCTCGACGGGAATTGATTTGGAGTGATCCGCGCGATGACTGGTGTGAATTACTTTCTTCGTCAGCGGGATGAGTTCCTGGTTTCGACCGATCCGGCCCTGCTCGACCGCAGCGCGGTTTATGCTTTTCTGGCCGAGGCCCGCTGGTGGACCGAGCTGACGCCAGAGTCGCTTGCCCGGGCGCTCGAACACTCGCTCTGCTTCTCGCTCGTCGAGGGCGGTCGGCAGATCGGATTTGCCCGCGTGATCACCGATCGCGTCACCTTCGCCTATCTCTGCGATGTCTTCATCACGGAGCCGTGGCGAGGTCGCGGCCTGGGTTCGTGGCTCATCCGCAGCGTGCTCGAGCACCCCGACCTGATCTGCCTCAAGCGCATCTCGCTGATCACCCACGACGCCCAGCAGTTCTATCTCGGTCTCAACTTTCGCTTTTCTCCCGATTGCGCGAGCTATATGGAGCGGCTGCGTTAACTGCGCGGCTCACTGTTAGGGGTCCCTTCAGAATTCGGACCACACCGCACGCTAGCAGTTTGTGACGTTGAAATGAGACTTACAAGGTTGATCCTGTCGCATCGCATAGGGTGAACTGTCGCTTTGTAAGTGCCTGATCGAAGATTCGTGTTCTCACTAACGTGCTTTCATGTCCCAATTCTAGGGTGGCCCCTATTGGGAAAAGCTGATTGAGTTTGAAGCGGTGGCTTTCGAAGAGTGGGAGCGCCCGGATGACCATCAGTAAATCCGAAAAACGGAATGGCTGTGTAGACGCAAATCGCAAGTAGAGCAGAAGGTGTCCCAGTCAAATATGCGTCCGCGTTTCCAGAACCACTTTGCGCGTTCAAATGGCAGCGAACAGAGCACCCAGACAGCAACGTAAGCTAAGGCGACATTCACGGCGTCTGCCAAAGGGGTCTCCACACTAAACGTCCAAAATCGTACGATAAACCCTCGTGCGCAAACCTATCGCCACCCGAAAAGCATGCGCCATCGATCGTTATTTGCAATCTACAGAAAAAAACTTCCACATCTTCCTTGAAGCTGAACGTGCACGGTCGTCGATCACATCCTCCGTTACGGTCAGCAGACCGTGAAGTGCCTCTTCGAAGATCCCCGTGCGCAGCAAGGCTTCATAAAGTGCCGCATCCTTTATCGGATCTCGCCTCGTCCACTTCCGTTTTTGGGCGACACCTTTGAGATAGGCAACCAGGATAGCGGTTCTACCCTTCGCGAAGTTCTTTTGATACTGACGTCCCAGCTCAGGGAAGCGGGCGCTATCCTGCGTCACCACACGGTAGAGGGCCAGCTGTTCTGCTGAAAGCAGATGACCGAGATATGTTCGACCGGCTTCCGTCAAGCCGCTCTGCGTCGCCTGGGCGAACCATGGAAACCGATCTGCAAGTGCCTCGTCGGATGGAAGTTTTTCCGAGAGCAAGTGATCAGTGCAAGCTGAAACCATCACGTGGCTGAAGAGAACTTCCTTATCTTCGAAATGGCTGTAGATCGTCTTGACGGACACTCCTGCCGAGGTTGCGATAGCATCCATCGAAGCGCCAGCGAACCCATGACTGAGAAAATGTTTGTGCGCAGCCCGAACAATCGCACGGTCTTTCTCTGCAACCATGGTTGCTTTAGGCGTACGTTCGACCAAAGTCTCCGTGGATGATCCCATCTCAAGTAGAGAATACAAGATGCTTTCTGAATCTACAACGACCGTTTCCGCATCTCTCTTGCGTAGAGGAAAACGACCGTTGTACGTAGGCCGCAGTCCGACAGGAGAAGGCATGAAGATCGGGGTCATCGGAGCCGGCCACATTGGATCGGTGCTGGCAAAGCAGTTTCGCAGCGCGGGACATACCGTCGTTATCGCAAACTCAAGAGGGCCAGAAACGCTCTCCGATCTGGCCAGGGCGACTGGTGCCACCGCTGTCTATATTCAAGAAGCAGCGGACGGAGTGGATTGCATGGTGGTCACCATCCCGATGAAGAATGTGCCCTCTCTTCCCAGAAATCTGCTGGCTCGCCTGCCCGCAGGCTCGCCGGTGATCGACACGGGTAACTACTACCCACTGCGGGATGGAAGCATCACAGAAATTGATGACGGAATGGTCGAGAGTGAATGGACCAGCCGCATCCTGCGGCATCCAGTGATAAAAGCGTTCAATAACATCACGGCCTATAGCCTCGCGAACAACAAGCGTTTAAAGGGATCATACGACCGCATCGCGCTTCCGGTATCAGGAGACGACGTCCGCTCGAAGCAGGTGGTACTCAACTTAGTGGATCAAATCGGCTTTGATCCCTATGATGCAGGCACACTCGCTGAGTCCTGGCGCTACCAACCTGGCACTCCCGCATACTGCCCCGACCCGACACTCAAACAGCTGCCAAAGCTATTGCAGAAAGCAAA
CP030840.1_gap146	5164286	5166694	2408	TCCGGTGAGAGGGTCGGTAATGGTTGGGTATTTAACCCCAACGCGTTCGCCAGTCGCAGCGCTGAAATCGCCGAGGCGTTCGTTGTCGAGCGGCACGCTTGAAATCCGAGATACGCCCTGCTTGATGCGCGTTCCTTCGTAGTTGAAGAAGTAGAAGAGCTTGTCGGTCTTGATAGGGCCGCCCAGGCTGCCTCCGAACTGGTTCTGATTGTTCTCAGGCTTGCGTAGGCCCTGGCGATCGGAGAAGAAGTCATTCGCGTCGAAGTAGTTGTTGCGCAGATACTCGAAAGCGAGGCCATGCATCTTGTTGGCACCGCTCTTGGTGTTTACTGAGACAACGGCACCCGGGCTGCGGCCGTATTCTGCCGAGTATGGATTGGTGATGACATTGAATTCCTGGATGACGTCGACAGAAGGATGCGAAGCTTCCGAACTCAGTTCCTGCACATTTTCTGAGAAGGTGTTGTTGTCGATGCCGTCGAGCAGAAAGTTGTTCTGTAAGGAATGTATACCGTTCACGTTAAAGTCGCCGGTCCGGCCAGCTGACGTGTTGCCACTCTGCTGCGTGTAGCGGCTAATCTGAACCCCCGGGACGGTGCGTAGCAAATCATCCCAATTGCGAAGATAGAGCGGCGTTTGCTCAATCGTTTGTGCGCTCACGACCGTACCGATCGAGGCATCATCCGGTGAGAGCGCGGTGTCTGTGCTCTTAACCTCTACTGTCTGTTCCGCGGTTCCTACAGGCAGGGTCACATCGCGGCGCCCCTTTTCCCCAACGCTCAGCTCAACATCCTCATTCACCTGGTCGAAGCCTGGAGCGTTCACTGCGAAGCGGTAATGCCCAATGGGAAGGTTCTGCAGGGAAAAAGAACCGCTGCTGTCGGTATCGATGTCTCGTGCATAGCCGTTCTCGGCGTTCTCTACGTGAACGTGGGCCCCTGATACTGCAGATCCCGACGGGTCTGTGATAAGGCCTGATAGGTTTGCGGTGTTTACCTGCCCTGATGCAGAGAGGGCTGCGACGAAGAAGAGGGCGAGGAGTAGGCGGCCGACATGGGACCTAGAAAGTGGTTTGCTAGAACAAGCACAGACGGCAGCAAGGCTGGCTGGGGGCACTGGAACTCCTGAGAAGTATTGGTTTGTTTCTACTTACAGGCTGTCTCAGGTGGGCTAGAGGATCAAGGCTTACATCGTCCTGATTGTGAAAGGTCACGCTGGTAATCTGGTCATCTTGTTCATTATGGAGGCTTTGTCAGCGTTGTTAAATTATAGTAAACGTGCTGAACCGGAAGCGGGCGGGCCTGAGAACGCCGGAGCAAGGAAGCAGCGGACAAAAAAGACACGGCGCCGGTGAGATTGCCTTCTATTTTTCTCGTTTCCGGCGGACTTCGCTACAGATGCAGCCCTCCGATGAACTCCGTTCGTGCCTCACGGGGTACGATAATCCTCCGCGCTTCACCACCCAACCGGCAAGCTCCGGGTCGAATTTTACCCCCAAAAGTGGTGACTCGTTGCACCTTCCACGATGATCTCAAACAGATCGATATTCCAGTGCTGGTGATGCATGGGGAGGACGATCAGATTTGCCCGTTCCCGATGACAGGGGCCCGGTCGGTCAAGCTGCACAAGCAGGGAAGTCTTAAATCCTGCCCGGGCCTCCCATCCCCGGCTTGATCTGTTGTGGTCAATACGTGCTTCGGAATCCCTCCGATGGGGAGGTCGCAAAGTGTGTAGGAATGAACAGCGTTGTTGACCAGACTGTCGCCCCTCTGGGAGAATGCGGCACGATTAGCGGTGGGGCCGGGCTTCCGAATCCTCGAACCCAGGGCTGCTGCGGGTCGCTCCGCCGGGCGCCGGAGGCATCCCCATGCAGTAAGCTCATCAAATTAGGGCGCAAGAAACGGATATCCCAATCGGTTCGTCTGCCGCAGACTCAATACATGAACATTCCCGTTGAACCATCCATTCTTTACTTCGGCGCTCCGGTAGTGCTTATCAGCACCCTGAACGAGGACGCGACTCTCAATGTTGCTCCCATGTCCTCGGCTTGGTGGCTGGGCTGGAATTGCATGCTAGGTCTCGGGGCCACGGGGCACACCGCTCACAATCTCCAGAGAGAGAAAGAGTGTGTCCTTAATCTTCCGTCGGTCGCGCAGGTCGAAGCTGTGAACAGGCTTGCGAGAACCACCGGCTCTAAGCCGGTCCCGCCGCACAAAGTGGCAATGGGTTACAGACACGAAAAAGACAAGATCGGTATTGCTAATCTGTCGACGGAGCCCTCGGCACTGGTTCGACCAGACCGGCTGGCCGAGTGTCCCGTACAACTGGAAGCCGTCCTTGAAACGTCACGGCCCTTCGGGAGTCGGCCCGATAAAGACACCACCGCCATCGCGTTCGAGGTCAGAGTA
CP030840.1_gap147	5168817	5169430	613	GGTTCAGCTCCGCTTGTGACAGCGAACGAAAGACATCACAATTGCTCGTCACGCGTGCGGAAAGCATCGCGCCATGCAGCACAGCAATTAGCATTTGGGCCTCCGCTGCAATAGTACCCTGAAGAGATATGGTCCTTGCTTTTACTCCGGCTTTCAGGGTTCGCTCAAACCATTGGGTGAGCATCGAGAAATGCAGACGAACCTCGACTTGAACTTCCTCCGGAAGGGAGGGCATCTCGGCACCCAGCAGTGCGCCGATACAGAACGAGAGAGTTCGGCCCGCGATGCATCCCTCCCAAAATTTGAAATAGTTCTTGATGCGCGCCAAAGGGTTCTCGATCTGATCATCGATCGTTTTCATCCCCTCTGAAATCCTCGCACGATGGCGCCTTAGGACAGCGACAACGAGCCCGGCCTTCGTTGGGAAATGATGGTGAATGCTAGCCTTTCGGATTTTAACGGTCTCAGCAATATCGGCGTAGCTGAAGGCCGAATACCCTCGATCGACGAGGAGGGCGTTAGCTGCGTCGAGAATCCGTTCTGCTGTTTCACCGTGCATGCATACTAAGACTACTAACTAGTAGGGTTGGTTGCAAGTTTTTTCGCTGGCGAA
CP030840.1_gap148	5170585	5172774	2189	AGTATCAAGTGTGACCATGGTGGCTTCGTTGTCTGATCCTACAATTCGCTGCTGCTCGGCAAGAGTTTGCCGTAGTAGCTTTTCAGATTCAGGATACCTATCCAGACCTCCATAGGCGGCGCCAAGCATGCTCATTGTTTGCAGAGTCTCTGGATCCGCGTTGCCAAGCAATTTTGTCTGAACACCAACAGCACGTTCGAGGAGAGCGACGCTCTGGGGATAGAGCCCTAAATTCTTGTAGCTCGATCCCATCGTTCGCATAAGTCTCGCTTGTACCTGCGGATCCTTACTGAGCCCTGCTTCAATGCCCGACGAAGCTTTGTCCAGCAGCTCGCGAGCAGTGATGGTATCGCCGTGAGACACGCTGGGATCGGATATTTTAAACATATCGGTCATGAATTCAGTCACATGTCGCGAAGTTTCCGCTTCCCGGTTCGCACGGTTTCGCTCAAGTGTCATCGCTATCGTGAATCCGCTTAGCGCCAGAAGCATGGCAGCTCCTGCGGAGGCAGCCGCCTTGTTTCGTTGAATAAATTTGGCGACCCGATAACTCCAGGAGGGCGCTATGGCCTTGACCGGATAACCGTGAAAATAAGCATCGATATCCGCGGCAAATGAAGCAACCGAGGCATATCGGCGAGAGGGCTCCTTGCTTAATGCCGCGAGAACGATGTTGTCCAGATCGCCCCGAAGTGTATGATGTGCGTCTGCAGCCGCACCATGTGGCGGTGCCGCTTTGCTCCGGCGGACAATCTCGCTTGGCGGCGCTGGCGCCTGCTCGCAGATCACCATTGCCGCTTCAAGCGGCGACGTTGTAATGAGTTGCAAGGGTAGACATCCAGTCAGCAACTTGTACAAGAGCACACCGAGCGCATAGACGTCCGTAGCTGTGGTCACCGGCTCACAACGCATTTGTTCCGGGCTCGCGTATTCCGGTGTCATCATCCGGTCCACCGTTTGCGCTTGCATCCCTAAATTCGGCTCAAGCAGTTTTGCGATGCCAAAGTCGAGAAGCTTTGGGAGACCTTCTGCATTGACGAGGATATTGGCAGGCTTGATGTCGCGATGCACCACCAGATGCTTATGCGCATACTCTACCGCCGAGCAAACTGAGCAGAAGATCCTTAATCGCCCTGCCGTGTCCAACTGCTTATGCTGGCAAAATATATCAATTGGGATCCCTTCAACATACTCCATGACCAGGAATGGGATGCCAGTTGTAGTAATGCCGCCGTCCAGAAGTTTCCCGATGTTGGGATGATTGAGGTTGGCGAGTATCTGCCGCTCACTGCGAAAGCGTGAGAGCATGCCAGGGTCGCCTGCAAGAGGGATTCTTGCCAGCTTGATCGCGACGTTCTGTTCATAGAGATCATCGGCGCGCGATGCAAGATAAACCGTGCCCATCCCGCCTGTGCCTATCAGCCGCAGTATTTCATAAGCACCAAAGCGTTGGCCTATGACAACATTCGGCATCTCAAGAGACTCTGCAGTATTAGCAATCGATCTTTCCAAGAACCCATCTGTCTTAGTAATTGCCGCCAGAAGAGACTCGGCCTGCCGCTTGAGCTCAGAATTGGAGCCACAGGCTTGATCTATAAACCCTTGCCGATCTTGCGGATCCAATTCGAGGACCGCATAGAAGAGATTCTCAAGCTGTTGCCAAGCGATTTGTAGCGTGTCAGGAGTCAATCATCTGCCTCCGCTGACCCTCTATTTCTCGACAAGTCTTGATAGAGCCAAGCCTTCGCCATCTTCAGTTCGCAATGGATGGTCGATTCTGATGTTTTCAGCGCCAACGCCGTTTCTTCATAGGTGAGACCTCCAAAATAGATCATTTCGACAATGTCGCTCTTACGTTGGTCTCGGATGGCCAACAGATTCAGCGAATCATCCAGCGCGACCAAGCCCGCATCAACCTGCGGACCTACAAAAAGCCCATCATCGAAAACTAACTTGTCGGGCCGCTTGCCTCGTTTCTCGCAGTTTAACGAACGGGCATGATCGACGAGAATGCGCCGCATCAATCTGGCTGCCATCGCATAAAACTGAATGCGGTCCCGCAACTCCAAGTCCGAATCTACGAGGCGTAGATAGGCCTCGTGTACCAGAGCTGTAGCCCTGAGAGTATGATCTGGGCGCTCGCCGCGCATGCAGCCCGAAGCAAGTCTGTGGAGGTGGACGTAGACGAC
CP030840.1_gap149	5182370	5186411	4041	CTCCACGAATCCCTCACCCAGGAGGTGAAGGCGTTCGGGCTGAAGGTGACACTTGTGGAACCCGGAGCCTACGCAACCGACTTCGGCAAGTCCTCACAGATCGCAGATGTTCTCGAACCATACGCGGAGTTCCGCAAACAGTTTCTTTCCCGCTTGGCCGATGTTGAACGAGGCGATCCGGAGGCGACCGCAGAAGCCATCCTGAAGCTTGTGGACGCGGAAAATCCGCCGCTGAGACTTGGCCTGGGCACTTCTATTCTTCCCAGGGCCCGCGCCGCGTATGCGGAGCGGCTACAGACGTGGGAAGCGTGGGAGGACGTGTCGAATGCGGCGATGGGCGAGCCGAAGAAATCGATGGCAGCATGGATTGAGCAACTGACCCATGGAGCTCCGGATCAGGATTAAGGATAGGATCTATACCTTCCATCAGCAAAGTTGGAGAAAGGATGCCGGCAGGAGAAGTTCCCGTCAAATGACAATCGCGAAGAAGATTGCAATTGGTAATCGGCAACTACATCGACAAAAAGAACGAGGAACATATTCCAGGATCATGCTGTCTAAAAAGGCTGTTCAGTTCCGAACGGATCAATCTCGCCAGTGAACGCGATCCGCGAGGGCAGGCTGACTAACTCACGCTTAGGTCAGTGGGGCTTCGCTGGCGAAGCCCCACCGCGCCTAGATCTGACCCATTCCGCCATCTACGAACAATTCAGCTCCGGCGACATAACTGCTGTCCTCTGAAGCCAGGAACAACACCGCTCTAGCGATCTCGTCAGGATTCCCAACGCGCCCGAGCGGGACGATCTGACCGAAGCTGTCTTTCCGCTTCCTGCCTTCTGGAGTGTCGCCAAGAAGTTCGCGCAGGCCTTCGGTGTCAATGGGGCCTGGGCTTACCGCATTGACGCGGATTCCGCGCTCTTTCAAATCGGTCGTCCAGGTGCGGGCGAAAGATCGAATGGCGGCCTTTGTAGCCGCGTAAACAGTGTTAGCCGGAAGTCCCTTACTCCCGACGACTGAGGACATGAGAACGATCGAACCTCCAGCGGTCATCAGGGGCAATGCCTTCTGCGCGCTGAACAGCAGACTCTTCACGTTGCCATCGAACATGCGGTCGAAGTGGGCTTCCTCGACACTCCCAAATGGGGCGAACTCAGCCGCGCCCGCGTTCGCGAATACGATATCGAGCTTGCCCTTTTCCTCTCCGATCTGCTTGAAAAGCCTGTCGAGATCAGCCATGTTGGCAACGTCGCCCTGAACGCCGGTGCTACTCGTTCCCAGCGTTCTTACTGCTTCCTCTACTTTCTCCCGGCGGCGACCTGTGACGTATACGTGTGCCCCTTCGGCTACGAAAAGCTTGGCTGTTGCTATACCAATTCCGCTTGTGCCGCCCGTTATCAACGCTACCTTACCGTCAAGCTTTGCCATTTGATCTCCTGCTGTTGGATGTGCTTTAACTTCAATTAGTCCGAAAAATCAACCGCGCAGAAACAATGTCGTGTGCTCCACGAAGAGCTCTGGATATTGAAAGAGCGAGCCGTGCGCGGAATCCGGGTAAAGGATCAACTGCGCTTTAGGTAGGTTCTGTTGAAGATAGAACGAGTTGATGGTGTAGAAGATGATGTCGGATTTCCCGCCGACAATTAACACAGGCATCTTGATGTCCTTCAAGTACGCGAACCGTTCGCCGACAGGCTTTCCCCACTCTTGAAGAGCCGCAAATTGCGCGGGCTGCACCTTCTCACTTATGGCGGCATCGCGATTCTCCACACGAGCGTCCCTGCGCTTGAAAAATGCACGGCCTGCGGCCTGGCTTGCCGGCGAAGCGGTAAAGAAACCGTCGATCCAGAAATCATCGGGATTGCCATATTTGTTTGTAAAGATCTTCTCCGACTCCGCAGTCAGCGGGATGCCGTCACCGTTGCGGGGACCGCTGCCAACGATCACGAGCTTGCGCACCAACTCCGATCGTTGCAGGGCAAGGTTCTGCGCGATCATGGAACCGATGGAGAAGCCGAGGACATCGACCTTAGTTAGCCCGAGTGCGCCGATGAAGACACCGGCACTCGTTGCCATTTCGGCAAAAGTCGTGGGGACTTCTCCTGTGGAACTAGCGACGCCCGCATTGTTGAAGAGGATCACTTCGCCATGCTGCGCGAAGCCGTCTGTCACAGATGGGTCCCAGCTATCCATGTTGCCAAGAATATGCGGGATGAAGACGGCAGGTGTGCCTTCTTGCTTACCAAAGCGACGATAAGCAAAGCGGACGCCGTTGGCTTCGACGAACTGAGTTGGCGCGGTGTTGTGCGTGTAGGTGCTCATATGAATTGTCCTGGGACCTCGTGGTTCGGTGATCTAAGAGGAGGCGGCTTGAGAGCCCGCCACCGGATAATAGAAGTGAAAGTCGAAGCTTGGAAATAGAGTGGGTGTACTGCTACTGGCGATCGCTGTCCAGGGCATGGCTGGCGCGAACGATGACATTTGCGACGAGCTCAGGTTGCGACAGCATCACCACATGGCAGGAATCCGCCGTCGTGGTCACCGCGTTCATCCGTTTCGCCTCCAACTCCTCGAGTTGAGGTTCGATCGTGCGGTCACGGCTGGCAATGATGAACCATGAGGGCTTTGTTCGCCACGCCGATGTGCTCACGGATGCACCCAGGGCGGAAGCAGAGATAGGACCTTGAGTCGCGAGCAGCGTAGTCCTCTCCCGCAGAGGCAAATCCTGTGCGAAGTCTGCAAGGATTCCCTCGGTATTAAGTTTCAGAAATCCTTCCGCGCCTTTCGTGATCTGATTAGAGGCGGGAGAGGCTGGGGCCAAGGTATTCAGCGTGAAGGCCGATTCTCCGGCATCCGGAGCGTAGGCGGAAATATATACGAGTCCGCTGACCTTCGGGTCGTTCCCAGCTTCGGTGATAACCACCCCGCCACAAGAGTGCGCGACGAGGAGCACCGGCCCTGTCTCCAACGCAATCGCCCGTCGAACTGTCGCCACATCGTTTGCCAATGAAGTGAGGGGAAGTTGGACCGCCACTACATGAAAACCTCTCTGCTCCAGAAGTGGAATGACTTTAGACCAACTAGAGCCGTCTGCCCAAGCTCCATGAACGAGGATGGCTTCCTTTGTCGTGCCAGGTTCCACTTCCTGAGTGAATGCCGCGGTGCTACAGATGAGCAACGCCGCAGCTGCGAAGATGAGAGAGGTGTTTCGTAATCTCTTGAGGGCGTTCATTGAATCTCCTAAACGAAGCCGCATTGATCGGAGTCCGGTCAAGCGGGTAGACAGTATGTGGGGGCAACTTGATAACGAATATCAGGCGTGAAGCGAACTGAGATATCCAATATTCCGGCAATATCTGTTTAAAGATACGCAACCTAGCGTATCGATACGTTGCAGATAAGATACAGTGGGTAGCGTTGGCGATGCATAATAAACGATGTACTCCAGTTATTCAGAGGGGCGAAATGAGGAAAGCAGCCAAGCAACAAACTAAGGGAGGCCGGCCCCGAAACGAACGACTTCATCAGGCCATGTTGGACGCCGCCCTCGATTTGGTTCTAGAAGTAGGGTTTCGGGGCGTCACCATTGAGGGAATCGCCGCGAAGACTGGCGTTGGCAAGACAACTCTCTATCGAAGATGGCCCAACAAAGCAGCGGTGGTGATGGAGGCGTTTTGCGGGTTGCGAGGCCCTGCGTCTCGCTTTCCTGAAAATGCGCTTGCCATGGAACGCCTGAGATTGCAGATGCAGGTAACGGCTAAGGCCTTTCGTGGCAAACTGGGAGCATTGTTGAAGGCTCTTATGGCCGAAGCCCAGTTCGATCCCGAGCTTGCGAAAGCCATCAGGGAGAAATGGACTCTCCCAAGACGGAAGCTTGTTCATGAGATTCTGCAGGAAGCGATAAGGAACGGTGAAGTGAGGGCCGACATCGACATCGATGCAGCTATAGACGCGTTTTATGCTCCGATCTACTATCGGCTGCAAACGGGAATCGCGCCGATCTCGGAGACTTATGTGAATAGTGTCTTCCAACAGGCGATGGAG
CP030840.1_gap150	5263571	5267682	4111	CCGCGACACTCGCAAGACGGTTGTGACCGGCGTCGAGATGTTCAAGAAGCAGCTCGATGAGGGTCTGGCGGGCGACAATGCCGGACTGCTGTTGCGCGGCATTGCCAAGGAAGATGTCGAGCGCGGCATGGTGCTGGCGAAGCCCGGATCGATCAAGCCGCACACCCAGTTCAAGGGCGAGATTTATGTCTTGTCGAAGGAAGAAGGCGGTCGGCATACTCCGTTCTTTAACGGCTATCGTCCGCAGTTCTACTTCCGCACCACCGACGTGACCGGAACGGCGAAGCTGCCGGAGGGCACGGAGATGGTGATGCCGGGGGACAATGTGCAGCTTGAGATTACGCTGCATACGCCGGTGGCGATGGAGAAGGGCCTGCGCTTCGCAATTCGCGAAGGCGGCCGCACGGTCGGCGCCGGGACGATCTCGGAAATTATCAAGTAACAGCGCCACACTGCGTGTGGCAAGCGGTTCAGCGAATGCATAGCAGCAAGTCAGCGGAGGAAGCAAAGTTCGCTGGCTTGCTGGGCGAACCAAGTGAGCCGCTGACTCGCTAAGAAGATCGCGAAGCGAGCTTCGCTTAAAGGAAGATTGACATGGTAGGACAAAGAATCAGGATCCGGCTCAAGGCTTACGACTATCGTGTGCTCGATACTTCGACGGGCGAGATCGTAGACACCGCCAAGCGGACCGGGGCGCAGGTGGCGGGGCCGATTCCGTTGCCGACGATCAAGAATAAGTATTGCGTGCTCCGTTCGCCGCATGTCGATAAAAAGTCGCGGGAACAGTTCGAGATTCGTACCCACAAACGGCTCATCGACATTCTCGAGCCCACTCAGCAAACCGTGGACGCGCTGATGAAGCTCGATCTGCCGGCTGGCGTGGACGTCGAGATTAAGGCATTCGAGAAGTAGGATTGCGGTCCAGGCGAACGTGCCTATGGTACGGACGCTGACCTGGGAAGTTGATAGCACTTAGACCCCGGCAGTGCCTGCAACCGCGGGCATGATGAGGAGGAGAGACGATGGCAGTTACAGGAATTCTAGGCAAGAAGATCGGGATGACGCAGGTATTTGACGAACGGGGAGAAGTGCACCCCATCACCGTCCTGCAGGCCGGCCCTTGCGTGATCACGCAGTTGAAGACCCTGGCCAAGGATGGTTACGATTCGGCGCAGATCGGCCTGGTCGAGTTCGTCAAGGGCTCCAAGGTGAATAAGGCGCAGGCAGGGCACTTCGCGAAGAACAACGTTCCTCCTGTCAAGCTGCTCAAGGAAGTTCCGGTAGAGGTTCTAGCCACTACGGGCGAGGTCGTTCAGGACGCTGAGGATGGCAATGGCGCAGGCAACGGCAAGATGAAAGCCGGAGACAAGGTCCTGGTCGACATCTTCTCCGATGACAAATATGTCGACGTGAGCGGCACCAGCAAGGGACGCGGATTTGCGGGCGTCATTCGCCGGCATGGTTTCGGCGGCGGCCCGAAGTCCCATGGGCACATGTTCCAGGTGCAAGGTTCAATCGGCGCTTCGTCCTTTCCGTCGCGTGTCTTCCCCGGTCAGAGAATGCCGGGGCATATGGGTGCGGCCAGCGTGACCGTCCGCAACCTGCGCATACGCGGCATTGACCTGGACGAGAACTTGTTGATGGTTGAGGGCGCGGTTCCCGGTCCTCGCGATGGCTATGTGCTGATCTCAAAGTCGAAGGCTCCTCCTCGCGAGCGCCGTGGCTTCGGCGGTTCGGGCACAGTCGATCCATTGAAGGCATCGAAGAAGGCTTCAGGCGGCAAGGCCCCGGCCAAGGGCGGCGCCAAGAAGAAGTAGGGCTGGCCGTCCAGGCACAAGCACATCGTTGCAACGGAATGATTTTCAGCTAATGGCGAGAGGCCGATTTTGGCCTTCGAAAGAGAAGAAGATGGCGAACTTAGACGTAATAGATCTCGGCGGACAAAAGGTAGGCTCGATAGAGCTGGCCGAAGAGGTCTTTGGTCCGAGCCAGGCGAACGAGGCACTCCTTTGGGAGGCGGTCAAGCACTATCGTGCCGCTCTTCGCCAGGGGACAGCCGCGACCAAGAACAAGAAGTTGGTCTCCGGCGCTGGCAAGAAGCTTTGGAAGCAAAAGGGTACTGGGCGCGCGCGAGTCGGCTCAATCCGCTCCCCGCTCTGGCGGCACGGCGGAACGGTGCACGGACCGCAGCCGCGTTCTTACGACTACGCTTTTCCGCGCAAGAAGGTGCTTGGCGCGTTGCGCGCCGCGCTGGCCGCCAAGCTGGCCGATGGCAAGCTGACCGTCGTCGAGAGCCTGGAGCTGAATGAGCCGAAGTCAAAACTTTACCGCGCGGCGCTCGACAAGCTCGAAGCCAAGCGTACGACGTTGCTGGTAGAGAGCGGACAGGCGCTCAGCGAGAAGCTCTACCTGGGTTCGCGCAACTTAAAGAATGTTGAACTGGTGCTGACAACGGAAGTTCATCCCTACGATCTTCTTCGCTATGAGCGCGCGATCTTCTCCCGCTCGGCGATAGAGAAGCTCCAGGAATCTTTGAAGAAGACGGTCTCCAAGCGTCGCCTCGCGGCCGCGCAGACCCAACCGGAGGTAGCGTAAATGGCTACGACCTATACGACGATTCGCCGCCCGTTGATTACCGAGAAGGGGCTGGGCGTCAAAGAAACTGAAGGCACGCTGGTCTTTGAGGTCGCCGCGGATGCCACCAAGACCTCGGTGAAACAGGCAGTCGAGGTGCTCTTTAAGGTGAAGGTCGCGGCGGTGCGTACCGCCAATTATGCCGGTAAGGAACGGCGGCGGGGTAAGTTTTCCGGCTTTCGTCCAGACTGGAAAAAGGCCTATGTTCGCCTGAGGGCCGGCGAGAAAATGCCGGAATACGTGAACAGTCTCTAGGTCGAAGATTTAGAGATCGGACGAAGCAGTAAGGCAGTGGGAGGAACGCTCTCCCGTTCTGCGAACAGGATTACGGGCGGTTGAGTTCGAACCGCCAACTAAGTTGGGCAAGGAATTTAGCGATGCCAATCAAGACATACCGACCGACAACACCGACGCTTCGTTTTAAGACGACGCTGGTCAATGACGACTTGACGACAGACAAGCCGTACAAGCCGCTGTTGGCAGTCAAGCAGCGCACCGGCGGCCGTGCCAATACCGGCCGGATCGCGGTTCGCCATCATGGCGGCGGCCATAAGCAGAAGTTGCGGTTAATCGACTTCAAACGGGACAAGTACGGGATCCCCGGGAAGGTCGCGACGATCGAGTACGATCCGAACCGTTCCTCCCGCATCGCTTTGATCAGTTATGCGGACGGAGAGAAGCGCTACATCCTGCAGCCGGTCGGCCTGAAGGTCGGACAAGTGATTACCAGCGGGCCTGAGGCGGATATCCTCATCGGCAACGCGTTGCCACTCAAGAATATTCCCGCCGGTACGACGGTGCATAACGTCGAGCTGCGGCCCGGGAAGGGCGCCCAGATGGTGCGCTCGGCTGGATCTTCCGCGCAGCTGGTTGCCAAAGAAGGCGATTACGCGCTCTTGAAGCTGCCTTCCGGGGAGACTCGCAAGGTGTTGGTTGAATGCATGGCGACGATCGGCCAAGTGGGCAATACCGATCACGAGAATGTCTCGATCGGCAAGGCGGGACGTAATCGCTGGAAGGGCATTCGTCCGGCAAACCGCGGCGTTTCGATGAATCCGGTCGACCATCCGCACGGTGGTGGTGAGGGCAAGACTTCGGGCGGCCGGCATCCGGTCACCCCATGGGGTCAGCCGACGCGTGGTTACAAGACTCGAAACAACAAGCGGACGGACGCGTTCATCGTGAGCCGGGCCAAGAAGTAGGAGCGATTAGCAGATGGCACGTTCGACAAAGAAGGGTCCATTCATCGATACCCACCTCACGGTAAAGATCGAGGCGTTGAATCAGGCGAATGACAAGAAAGTAGTGCGCACCTGGTCACGGCGTTCGACGATCCACCCGGACTTCGTGGGCCACACGATTGCTGTTCATAACGGCAAGAAGTTTATTCCGGTCTATGTGACTGAGAATATGGTCGGTCACAAGCTCGGCGAGTTTTCAGCCACGCGCACGTTCAAGGGCCACTCAGCCAAGGCTT
CP030840.1_gap151	5307434	5311214	3780	GGAATCCATCGTTTGCGTCAGGTCGGAGTTCTGAGCTTTCAGCGTAAGTTGAGCGCCCTGCACGGGGCGGTGTTGAGGATCGTGGACGATCCCTCTCACCGAACCGAAGATCGTGGCGAACGCGGCAGTATTCAGAAGGGAAACGACCGCTAATAAACTGACAATTTGCCTCATACAAATGTTTCCTCGCTGCGAATTTGTCGCTCGCGCTATGGTCCCGCGTGTGAACATACGAACGGGCCGAGCCCATGAAGGGCCTTGAATCAAATTGAATCGGGTGATGAAGAGCGAACTAGTGGTCGGCCCAAGGAGTTGGCTGGAAGAAGCGACTGGCCTTCCTGAGCCGAGATCTGAGCGTAGATAGGCGGCATTTTGCCAATCGTCGACAAGGATCTGCTTTCAGCCTCTGCTTATTCCATGAACTTCAGGGACACCACACTAGCTGGCTACGCAGCGGCGGGAGGACCACGTTTTTGGCGGGAACGAGCGAACGCTAAGCGATATCGCGCCTCGGTCTGGGGCGTCGCGGAGGGATGCGCAAAGAGCAGGGTCTCCGCGCTCCGCAGGATCTGCGAGGTAAAGCCATGCGCCGCCGGGGCGGCGATCGCTTTCGGAAATGCCGGGCATTTCGATTGAATGCTGGAAAAGGACCTGTCGCCGCCAGTGGCCATTGTGCTTGCACAGCGATGAAGCCCGTTGCGCCGACAGCACTCCGGAAGACTACTGGATGCATCAACCGCAAGCAGCGGCGCAGCTAGAGTCAAGCCGAGCAACAGTGTGATTGTGATGGCTATCAGTCGCCGCATCGCCCCATCCGCGTCATCCAGCTTCGAGGATACGCGAAGACTGCGCGGAAGACCATCGTGTCCGGTCGAACCGGACTATGCGCGCTAAAGCCCCCAGTCTTAACTCAGGCACGGCGGTTCAGGCACGGCGGTCGTACCTACCAGGCCAGCTTCTCCGGCAGGAACTCGGCAAAGAGGTCGTCGTAATAAGGCTTCAATTCGGCCAGGTTTGGTTTAGCGCTCCCCTTGGAGTAGAGGTCGTAGGGATTGAAGTCGTTCACCGCCGCAAACATCTCCTCGTCGTGTTTAGACATGAGATGACGATAGGCGCCATGTTTGTGGGCAGGATAAAACGAGTGATACCGGAGCATGTACAGTGCCGGCTCGGGTAGATAATCCTTCACCACATGGTAAATGTACTCGTCATGGCCCCAGGACAGGTGGACATTGTCGAGCCCCACATTCGGCGAGTAAATGCCGTACTTCGTCTGGTACTCCGGAACGGCCGAGTCGGGGTTGGCAGCGAAGTACTCCGGAAACACAATCTGATCAGACCAGGCGCAACCAACCGGGAAGGTGTCCCCCACGACCGCCCATTGCGGCTCGCCATAGAGGCAAAGCACCTTGCCAAGGTCGTGGATGAAGCCGGTAAGCACAAACCAGCGGGGATGTCCGTCCCGGCGAATCGCCTCTGAGGTCTGTAGCAGGTGCTCGACCTGCGAGAGATCGGTGTCAGGATCGCTATCGTCCACCAGCGTGTTTAAGAATTCCGCTGCTTCCCACACCGTTTTTTTGCCGATATTCAGCCCAAGGTATTCTTTCTTCTTGGCCAGGACGAAATCGAGCGTCTGGTTCGCATGGTTCTGACGATAGAATTCAGCGACCCCGGGAGTGGCCTTCTCGTCGTACTGACGGAATTCCGACTGCGCCTTCCCTTCCTGGTAGCGGCTGGCAACATAGTCATCCCAATCCTCAAGGTTGGCTAGCGGGTTTTCAGCAGTGGCAACGCGCATGACGGAATTCCTCCCCAGGGTAGGAGTCTATAGCACGGAGAAACGTCTTTCCAGTCAAAACCCGGCACATCTGGCCGTAAACGTAAACGTCTGTCACTCATCCGGGCGCTCCAGCAGCTTTGCTCGAGTGGAGGAACCCCTGAGCATCCAACCACTGAAGGAGGAGTGTTGTCCAGCCAGAGACGGGTGCCGTGTTCGTCTGCCGGACGCCAAAGCCATGTCCGATGCCGGCGTAGATGTGGAGCTCGGCAGGGACATGAAGCCTGGTGAGAGCCAGATACAGCTCCGGAAGGCCTTGTGAGATATCAGGCCGGTCGTTCCCTCCGCAAGCAAGGAAGGCGGGTGGTGTCTCCCCCGTAAGGCGAGCGTCGCGCACCAGCGCAGGATAGAGCAGCGCCTGGAAATTAGGCTTGGAACTAACACGATCAATCGGGTCTGCAGCAGATGGCATCCCCTCGTCATAGCGGGTGCTGGCTAGCTCCGCCAGTTCGCCGCCAGCCGAGAAGCCCATCACGCCGATATGCTCCGCATTGATCCCCCACTCCTTGGAACGGCCTCTGACGATCCGGATAGCGCGTTCAATGTCGGCTAGCTCGGTGCCTTCAATCGTGTAAGTCGAGTTCTTGTCTTTGGCGAGACGGTATTTCAAAACGAATGCCGCAACGCCATGGTCACTCAGCCATTTGGAGACTGCATAGCCTTCATGGTCCACCCACAGCTCGCTGTGGCCGCCTCCAGGAGCCACAATGATCGCCGCTCCCGTAGCAGTGTTGGCGGGAGGGAAGTACGGCGTAATCGACGGCTCATGCACATTCGAGACGACATGGTCGCCTTGTGGAGTGGTCCTCACGATCCCCGGCGTTGGCGTTTGCGGAGAGCCGGGAGCGCCTTGTGGCCAAAGCTTGATCGGAGCCTGCTGTGCGCTTCCCAAGCTGACGAAAAAGGCGAGGCTCAGAAACGCAACCGGCTGACGGACGCTGTAAATCGTCTTCATTCCTGTCCTTCCGAATAGCTTCGGGATCATCTGACCCCTACCACAGTCGCTGAGAGGCAGCGGCAAAGATGGCCCGGTCGGCATCGCCCGCTACCCGCGCAATCGAACGACGAACGGGGAACCATATGCTAGCATCCTAAGCCGTAAGAAGCCGGGCCTGAGGAAGCTAGGTCCTTAAGAAGCCGGTCCTTTAAGAAGCAAGGTCCTTAAGAAGCTAGGTCTTTTAAGAAGCTAGGTCCTTAAGAAGCCGGGTCCTAAAGAAGCTGGGCCTTTGAAAAGCTGGGTCCTTACCTCCCAGTGATATCGTTTCCAAACGCATGTCGACTCCGTATAATACGCGTGACTTTAAAAGCATGAACTACAACGAGTGAAAATGACCGTCAGGATATCGTGGAAGCACGTCTCTCGCTTCACATTTTGCTTGCTCATCGCAGTCTCAACTGCATTCGCACAACAGAGCAGGCCGGCAATCACCGGAATTTCACACATGTGCGTGTATGCTAGCGATCTTGCCGCTTCTGATCACTTCTATGCGCACTCGCTGGGAGCCATGAAAGGGCCGGATCCTCAGGACCCTAGCGGTGTGCGCTATTACTTCAGCCCCACGCAATTTGTAGAAGTGTTGCCGCTGCCCGCTCAGCACACTCTCAGCCGAATGGCTTGCGTCGCCTATAACACCGTCGATGCCAATGGGCTTCGAGATTACCTCCGCGCGCACGGCGTCGATAGTGCGTCCGAGGTTCGCTCCGGCAGCGACGGCAGCCGGTGGTTTAACACCAAAGACCCGGAAGGGAACCAGGTCCAGTTCATTCAACCAGGACGGCCGGTGACGATGACAGCGGATGCGAAGCCCATCGGCACTCGCGTCATTCATGTCGGATATCTAGTGCACAGCCGCGCTGATGAGGACCGGTTCTACAAGGAGATTCTCGGCTTCCGGGCCTACTGGTATGGCGCCATGCAATCCGACCATTTGGACTGGGTCTCG
CP030840.1_gap152	5312584	5315507	2923	CGATGGCAGAACCCTGGCCTTCACCGGGGAGCGGAATGGTGACTTTGACATTTACACAATCCCCGTAAGTGGTGGAACCGAGACTCGCCTCACTACAGCCAAAGGTCTTGACGACGGCCCCGAATATTCCCCGGATGGACTTTATATTTACTTCAACTCGGTGCGCACCGGGTCGATGCAGATATGGCGCATGAAGGCCGACGGGAGCGCCCAGGAGCAAGTACTGTCCGACGACACCAACGACTGGTTTCCTCATATCTCGCCAGACGGAAAGTGGATGGTCTTCCTTTCCTACGAAAAAGGCGTTACGGGCCATCCAGCGCAAAAAGACGTGATGCCGCAGCTCATGTCGATGGAAGACAAGAAGGTGCATGTGCTCGCCACGCTCTTTGGCGGCCAGGGCACGATCAACGTTCCTTCATGGTCGCCGGATAGTAAGAAATTGGCTTTTGTCAGTTATTCGATCTTGCAGGATGATCCAGCGGAGATGAAATAGTCCCCTCGAAGCACGATTCTTGGTGTCGTCGTCCAGGCTTATGCCATACCGGCTTCGATCCGCAATCATGCATCTTTTCCTATATGCGTACGCAGAATGGAGCGGCAGCTCTTGTATAGACTCTCTTCTGAATTCGATCGCTTGCGGCGGGAATTCAACGAAGCGCTGATCGCCTGCCGGGCGGCCACCGAAAAGAAGCAAGTGCATTCGCTGCGGACCGGCACCCGGCGGCTCGAGGCCTTACTTAAGAAGGCTGCTGAAGATCATCCAGGCTCGAAGCCACTCCAGGTCCAGGCAAACAAAGTGCTCCGCAGGTTAAAGCGGGTCCGCAAAGCAGCGGGAGTCGCCCGCGATCTCGATGTTCTTCGAAATCTCGCAGGCCCGGTGAGAGATCGGGCATTGACCTCAACCAAGCCATCCGAGCACGAAAACCTCATCGCCAGCTACAAGCAGCTGGAGGACGATCTCCGCAGTAGGCGAAAACACGCGGCAAGCGAGCTCGCCACCGCACTCGAGGAGCATGAGCCCGGATTGGAACGCGCCCTCGAAGCCATGTCCAAAGCGATGTCCAACTTTACTGCGAAAGAGCCATCGCCCATGCGCACCGCGAATATCTGGATGAAGCGTATTCGCATGCCCGGCAGTGACCCCGGCAAAGAGGCTCTGCATAGTTTCCGGAAACAAACCAAAACCATGCGTTACCTCGCCGAGCTGGAGCCGCGATCGATCACCGCTCAGCGCTTTGCGGCGCACCTTAAAGCGATCCAGGGCTCGATCGGGCAGTGGCACGACCTCCTTCTGTTTGTGGAGGAAGCCAAAGAAATTCTTGGTAAGGATTCGCTGCTGACGCAAGTCGTCAAGACCGAGCGTAATCAAGCGCGGCGTGCGGCAATGCGCTCGATCCGATAAGAGCAGGGGATCAAAGCCAAAGCCGCAGGTGGAGTAGTCACGAGGGAAACGCCGAACTGGGCCGACTATCTGCAAGCCAAGGGTCTCGGAAAACAACTGAGCACCGACGATTTCGCCGGACATCCCGCTCACCATGCCAACTCGTCGATCAAGGCGATCGAAGGTATCGCGGCCTGCCCAGATGGCGAAGCGCCTCAGGGAAAACTGGCGGGCGCGATCCGGATCGGTGGAAAACACCGGCTTGACCGAAAACCCGCTTGCTTTTAGTCTGTGGTTACACGGGAAAGGAGGATGATCCAGCCTATGACAAGTTCTGACGGTAGTAGTTGTGGCAGTTCAATACGTGAGGTGACTGAGGCTTAGAGCGTCCTCGCTCTAGACCTGGCGATACCGCAACCGAACTCGCCGAGGCCCACTTCGAAGTTTTTTGAAGCGAGGATGCCTCAGGTCAATCTCAACAGCTCACCGAAGATGAGGCCCGCTGCGTAATCTTGTAGCGGGCCTCATCTTTTGCTCGACCATTTCGCCTTATGAAATTGTGCTGCCATGAGGATCGAGGCCAATGGAGCTGGCCGGTCCCTAGAACCGAACGTTGCAACCAGACCAAAACGCTTCAGCCGGATCGGACTTACAATAACCGCATGGAACCACTAGTCATCGCGGGCAAGGCATTTCAGTCACGGCTTATCGTCGGCACCGGCAAATATAAAGACGGGCGCGAAACCCAGGCAGCTATCGAGGCCTCGGGCGCGGAGATGGTCACCGTCGCAGTGCGCCGAGTCAACCTCGATCGCTCCAAGGAATCGCTGCTCGACTTCATCGATCCACAGCGCTATTTCCTGCTCCCGAATACCGCCGGCTGCTATACCGCCGAGGAGGCGATCCGTGCGGCCCGGCTGGGGCGCGAAGTTGGGATCTCCGACTGGGTCAAAATCGAAGTGATTGGCGATCAGGCAACCCTCTATCCTGACGTTCAGGCGACCCTCGAAGCCACCCGGGTGCTGGTCAAGGAAGGCTTCACGGTGCTTCCCTATACCTCCGACGACATCGTCTTTGCGCGGCGGTTGATCGATGCAGGCGCGGCTGCCGTCATGCCTCTAGGCGCGCCCATTGGCAGCGGACTCGGCATTCAAAACATCGCAAATCTGCAGATCCTGCGTGAGCGGATCACCGAAGTTCCGCTGATCGTCGACGCCGGGGTCGGCACCGCCTCCGATGCCGCGATCGCCATGGAGCTCGGCGCCGACGCGGTCTTGATGAATACCGGCATCGCGGCCGCTCGCGAACCCGTGCTCATGGCCGAAGCCATGATGCACGCCGTGCTGGCCGGAAGGCAGGCGTATCTGAGCGGGCGAATGCCGAGAAAGCTCTACGCAACCGCAAGTTCGCCGCTCGAAGGCATCTCCAGATAGCCCTGCGGGAGCTTTCGTACCCAGCCGTGCCCCGCATTTGTAAATTGATCCTTGGAGACGCTCGGCGATTGCTTTAGACTCGTATTCGCATGCGAGTCTTCGGCAT
