gap_id	start	end	length	sequence
CP039998.1_gap1	27627	28504	877	GCCTTTTCAACGTAAGTTGGATTATCCAGCCGTGCTTGAAGGTTTGACAGGGTTCGTCGCGCTTCGTTTAGCCGTACTTCCAGATCGGTCTGGTGCTGATAGAGCGTCTTCTCGTCAATATCCAGCCATGCTTCCCTGTTTGCTGCCGCTAACCTAAGGCCCCGTGGCTGGTCGGTGTGCGCAATTGACTCCAGACGTATGAGGTGTTTGATGGTGTCTTGATTATCAGCGATGAGGCTGTCATTGCCGTATAACAAGCGGTATTTTTTATTACCCGGCAACTCAGCGATTACCCAGCGACCTTCGGCGACCAGCGTCTTCAGCTGTTCAAACTGCTCAGCAGCGATAGGGTCGAACTTCTCTGGGGTTGGCCAGTGGTCGCGCATCAAAATGCCATCGGTGTAATTAAGCGTCTGCCAAATTGTCTCGGTGACGAATGGCGCGAATGGATGAGCGATTTTCAAGCTGGTTGCCAGCGCCCATGACAGTAATGGGCGGTTGATAGCGGTTTTTGACGATTCGATGTACCAATCAGCTAAGTCGTCCCAGATGGCGTGATAGACCGTGTCTGCGGCTTCAGAAAAGCGGTACTGCTCCAGGCGGACGGCGACGTTATTGGCGGCGTCATTCAGCTGGCGGATAATCCAGTGGTCGGCCGGCGTCTGCGGCTCTAGGCCAACGATTTGGTGTTCATCGCCGATTTGTGCCTCGACGAAACGAGCGATATTCCACAGCTTATTACAGAAGTTGCGAGCAGCGATGACCGCGCCCTTGTTGAAGGCTTGATGTTGGGCCGGCGCGCGGCCAGCGATGATGCCCATGCGGGTGGCGTCCGAGCCAAATTCTGAGACTAGCTCCATTGGGTTGATGACATTGC
CP039998.1_gap2	45724	48221	2497	TGGCGTCACCTTGGTGAATTTGGCTGGCGGCCTGAAAGTGAGCGGTGCAGACAGTATCGCGGCTGGCCGGCAGATTCTGAAGGACGCCCTGAAGCAGCCGTTCCTGCAGATTATGCGTAACGCTGGCTTGAACGCCGACGCACTCCTGGCGCAAGTCGAGGCGGGTAAAGCAGGCTTTGGCGTTAATGTGATGAAGCCTGAGAACGAATTGGTGGATGTCAAAAAAGCTGGCGTCATCGACCCAGCGCGCGTCACCAAGGAAGCGGTGCAGAACGCGGTATCCATCGCCTCAACTGCAGCAACCATGGGTGCACTGGTCGTCGACGTACCAGAGCCAGAAGCTCCAGCTGCGCCTGGCGGCATGCCGGGCATGGGGATGATGTAAGCCTCTTACTTCTACCAGTAAAATGTCCCGTTTGGTGCGGGACATTTTATATTACTTGTGTGAGTATTTAATGACTTTGAGTTCGTTGCTAGATTGTCCTTACGGCTGCAGTTCTCAGCCCTGCGACAAGAAATCAATTTCCTTGATAATATCAAGCAGCGCCTGGGCTTTGCGGGTTTCGTCGGGGATGGCGATGGCAGCTTCGTGTGCTGGGGCGATTAGCGAGGTGTCGTCAGTCGAGCGCAGTAGCAGGAGGTAGGTGTCGAACTTTTCCTCGGGCGAGACGTTGAGTTTGCCGACCAGTGGCCGAAGCTCGCTAAGGGCATTTTGCTTGATATCATCAAGCGACATATCGGTCGGCGTGGTATATGACCGACTAGTGCTGTCGGTGGTTGGTCGTGATGTTGGTGCGGCGCCGGTCTGTGGCTTGGTTGGGCGGCTGGTCGTGTCAGCGTCTTGGGTGCCGGTCTCTTCAAAACGTAGATTGTCATCACTGCCACCAGAGACACCCGCCAGCACGTTGGCTAGATCTTGATCGCTGTTGACTTGTCCGCTGTCTTGAATTGTCATACCCCACCTCTTTTCACATTACGATTATGCTTGCTTTCTATGCTATACTGTAACACAGGAAAAGGAGGAATTTCAAGATGCTTGACGATAAAAATCTTTTAGCGCAGCGTGATCCGGGTAGTACACGAACGAGCGCAGTGGCAGTGACGACGCAGACGGACTTTGCGGCCGAAGTAGAGTTACCGGCGATCCCTGGTGAAGTAACCAGTGTGGTGCTGGCGGGTATGGGCGGCTCGGCGCTGGCGGCGGATATGGTCAAGGTGCTGACAGCTGATCAGGTCACGGTGCCACTTGAAGTGACAAAGGGTTATCAGTTGCCGAATTTTGTGAATGAAAAAACACTGGTTATTGCTATCAGCCACTCGGGCAACACCGAGGAGACGATGAGCTGTTATCAGCAGGCTCGTGAGCGTGGCTGTCAGTTGGCGGTGATGGCGACGGGTGGGAAATTGTTTGCGGCGGCCGAGGCGGACAACGTGCCGCGGGTGCGTGTCCCGTCGGGTGGCCAGCCGCGGATGTCAACGATTTATCATTTGCGCGGGCTGCTAAAGCTGCTCAGCCAGTTTGAAGTGATCGACGATAGCCTGTACCACGCGGTCGCAGCCAGTGGTGTGTGGCTGAAAGACCAACTGAGCCAGTGGGCCGAGGAGGTACCGACGGCAGATAATTATGCTAAGCAACTGGCGCTCAAACTGATTGGCTCGACTCAGGTGTTTTATGCGGGCGAATTGACATGGCCGTTAGCGTATAAGTGGAAGATTAGCTTTAACGAGTCGGCGAAAAACGTGGCGTTTTGGAACCAATATCCGGAGTTCAGCCACAATGAGTTCATCGGCTGGTCATCACATCCAGTCGATAAGCCGTATAAGGTCGTGGATTTTCGGAGCAGCCTTGAGCGTTCGCGAATTCGGGAGCGGATGGAGCTGACCGATCGGTTGCTATCGGGTATGCGCCCGAAGGCCGAAGTAGTCGAGCTACAGGGCGAGACGCTGCTTGAGCAGCTGCTGTGGGGGCTGGCGCTGGGTGAGATTGTCAGTATTTACGCGGGCATTCTCAACGGGGTCAATCCAGAGCCAGTGGCGCTGGTTGAGCAGTTAAAGAAAGAATTGTCGTAAGTCAGTTTGATCTAGAACATGAAAAGCGGCGCCCGGGGAGCGGGGCGTCGCTTTTATTTTAGAGCCCATTGAAGGTCGTGGCGGATTTGTGTGAATTAGTGGCGCAGGCTTTCGATTGGGTCTTTACCAGCAGCGCGGCTGGCTGGATAGATGCCAAAGAGCATACCGATGATGAGCGCTCCGCCGATGGTTAGGGCGGCTGCTTGCCATTCAAGAACCGGAGTGAAAGGTAGGTACATACCGAGGAGGAATGACGCGCCGAGACCGATAACGTAGCCGAGAATGCCGCCAAATAGACCGATGATGGCTGATTCGATGAGGAATTGGGCGACGATAGTGCGGTTGGTGGCGCCAACGGCTTTACGGATACCGACCTCGCGCTGGCGTTCGGCAACCGAAACCAGCATGATGTTAGTGATGCCGATGC
CP039998.1_gap3	57811	59128	1317	ACCGTCGGCCTGGTGGCTAAATACATTGATAATTCTGATACCTACCTATCGGTGACCGAGGCGCTAAAGTCTGCCGCTTGGGCGAACAAAAGCGAGATTTCTATCAAGTGGATTAATGCCGAGACGGCGAGCGAAGCTGATTTTGCCAGCGTTGACGCTATCGTGGTGCCGGGTGGTTTCGGTACACGCGGCGTGGAGGGTAAGATCAAGGCGGCTGAATATTGTATAAAAAACAACAAGCCGTATCTAGGAATTTGTCTCGGTTTGCAGGCGGCGGTTATTGCGGCGGCGCGTTTGGGCGGCGTAGCGAATGCTAACAGTGAAGAGTTTGGCGCTGAGACTGGCGCGAATGTGGTGTACATCATGGATGGCCAGCAGGGCAAGCAGTCGACCGGCGGTACGATGCGCCTCGGCGATTATCCGGCGGTGCTGAAATCTGGTTCGCTTGCGGCTAAAATGTATGGTAAAATAGAGGTAATTGAGCGGCACCGCCATCGCTACGAGGTGAATCAAGATTTTGTTCAAGCGATTGAGCGGGGCGGCCTCGTGATTTCTGGCACGTCGCCGAACGGTCAGCTGGTGGAATTTGTCGAAGCGCCCCGTTATCGGTATTTCGTAGCTACGCAAGCTCACCCTGAATTTAAGTCGCGTCCGTTCCGCCCGCATCCGCTATTTGACGGGCTGATTCGAGCTAGCTTGACAAAGTAAAAAACTTATGCTAACATACAGCCAGATAGTACCTAAAATAAAAAGGAATAAAAATGGCTGAAGAAACAATTGAAATGCAGGATCCGCTTGATAAGACGACGCTGAGTCATGACGATGCCTCGGCGCTTGGGTATGTTTTGCGTCACGTCAAGGGCTCGAGTCCGAGTTCGGTGACGCTGCTGCAGCTGGAAGAAATGGGTCAGGAGTAAAACTGCTTGCCGTCTGCTATACTGGAAGGTATGGAACAGATTATTTCTCAGGCGGTGAAGCAACTTTTTGATCAAGATGTATCGGTGCAGTTGACGCGTCCCGATCCAAAGTTTGGTGACTTTGCGACGAACGTGGCGCTGCAGTTGGCGAAACCACTGGGCAAAAATCCGCGTGAGATTGCCGAGGCGATTGCTGAAGAGCTGCGCGGCCACCAGGAGTTGAGTGAGGTTAGCGTGGCTGGGCCGGGCTTTATCAACGTGACGTTAAGTGACCAAGTGGTGCTTGAGTCATTGAAAGTGCGACCGGCGACTAATCGTGCAGGAAAAACAGTGGTCATTGAAACCAATTGCCCAAATCCGTTTAAGGCCATGCACATTGGCCATGCGCTGAATGCGATTT
CP039998.1_gap4	62247	66854	4607	TTAACAGCGTCTGGAAATCTCACCGGATCCTTATCATATACGCCGTCGACTTTCGTTGTTTTGATCACAATGTCGCACTGCATCTCTAGGGCGAGGTTGAGAGCGGCGGTATCGGTAGTCAGGAAGGGCCGGCCAGTGCCGCAGGCAACGATGACGATACGGCCCTTTTTGATATGACTAAGAGCACGGCGGAAGGTGTATTGGTCGATGAATTGATTGACCTCAACAGTAGAGAGCGCGCGGGTCGGTAGGTCGGCGTCATTAAAAACGTCGGCTAGAGCGATGGCGTTCATTAGAGTAGAGAGCATGCCGATATTGTGGGCTGAGACGGGCTGGATACCGTGGCCGATGATTTGGTTGCCGCGGACGTAATTACCGCCGCCAACCATGATGACGATTTCAGCGCCAGTTTTTAGTGCTGGTTTGATTTGTTCGGCGATCCAACGAGCCCGCTTGGGATCAAAGCCGCTGGCGAACTCGCCCTGGAGCTGCTCGCCGGATAATTTGAGAAGGATACGTTTGGTCATGACTTTAGTGTAGCACGCTGCCAAAAAGTGGTAAAATAGAAACATGAAAGCGAAATTCAAGCCACAACTAATTTTATGGCTGGATATGGAGATGACGGGGCTAGATCCGGTGGACGATTTTCCGATTGAGGTGGCGATGATTGTGACCGACTGGGAATTCACCGAGATTGCTCGTTTTGAGGGTGCGGCGCATTGGTGCAGCAAGAAAATGCAAGCACGATTTGATAAGAATAAGTCGTTTTGGTACGGTGACGGTGCGGCTGCGCGTGAGCAGTTGATGGCGCAAAACAAGACTACCAAGACAGCCAAGGCGCAGCTCGAGCGCGATATCCTAGCATTTTTGGATGAGCATTTCGATGACACACCAATTTTATTGGCGGGCAATTCGATCCATCAAGACCGGCGCTTTATTGACCATTGGTTCAAGAAATTTTCGAAACGCCTCCACTACCGGATGCTGGATGTCAGTGCTTGGAAAGTGGTGTTTGAGGGCAAGTACGGCAAAAAGTTTGCTAAACCAGAGGATCATCGGGCGCTGGAGGATATTCGCGGTAGTATTCAAGAATTACAATATTATTTGAAGAAAGTGAAGAACTAGGTCTACCAGCTGGCATATTCATGGTCGCTGAGTTATTTGACAAGAGTGTACTTATCTGATAATCTCCTGATAAAAGGAGTTGACGAAAATGTGTGCAATGAGTTCTGAGCTACAGCAATATATGACCGGGCTAACGAATGAGATTTCGCGCGGTCATTTTGATGAGGCTGTGCGGCTTGGCGAGAATGCGCTGGCAACGGAGGAGTTGCATGGCGGGGGTAACGAGCCGCTGCTAGGGGAGGTATATCGCAATATGGCCGCCGCGAGCGATCGCTTGGGTCAAACTGACGCGGCGCTCAACTATATTGATCAGGCATATGATATTCACGATACAGCGGTCAATGAGAATTCTGGAGTTGAGACGCTACGCGAGCGGTCGGCCACGGCATCGTATGTTGGTGTGTTTGCTTTAAGGGCGTATCTGTTAGCGGAGGGTCGGGATGAAGCGTTGGCAGATAAGGCGCGGCTCATGACGCGGCAGGCCGAGCAGGACATGGCACAAGTAAATCAGCTTTCTAAAGAAGAGGACGCTGACCAGTATGAAATAAATATGGTATCTCGCTGGAGTATGATTGAAAGTCTAGTGGGTGACAAGCAGCGAGGCTTGGCGCTGGCGGGCCGGGCAATCCGATTAGCGCGGCAATCAGAGCGGGATCAACAAAAGGGTTTGACAAGGCGAGATATTCTCAGGGCGCGAACACGAGCGGCGCTTCGCGGTATGGCGGCTGTGGCGGTGAATGCCGCGAGTCGATTTGGCGCGACGCGGGACATTGCTGAGAAAATTGCTCTTAAGACGCTGTGATTGTATACTGAGAGTATGACCCATAAACAATTTGAAGAGTTTATCCTCAGTTTGCCCGGTGTGTGGCTGGATTATCCGTTTGGCGAGGATGTTGCGGTGTATAAGTTTGGCAAGAGTAATGACGGTGCGGGGAAAATGGTAGCATTAGTGGCGGAAGGCTCAAAGCCGCTCAGGGTCAGTCTGAAATGTGATCCGTTATTGGCTGAGAATTTGCGGGAAAAATACGAAACAGTGCTACCGGGCTATCACCTCAATAAGAAGCATTGGAATACCATCATTTGTTCGGGACAATTGAGTGATGAAGAAATTTTTGATTTGGCGCGGCTAAGTTATCAGCTGGTGGCGGAGTAAGTAAGGCAGCAGGGGTTAATCGCTGAGAAAAGTAGCGCTGATTTGTTCCAGCTGGTGACAGAGTGAATAAAACTTATGATTTTTCCGAATCACCGGTGATCGCCATGAGCTGTTTACGCACGTTGGTGAGGTCGGAAATAGTTTTTTCGAGAAATTCAATTGTACTCTTGCTGCGCGAGCCCTCCTTGATGCGATTCATCATCAACAGCGTATCAGCCAGCTCGGTATTCATGGTGTAGGCATAGGTGTTGTCGAGGTCGGCGTTGAGATAGGCCTCCTCAAATTTTTCCTCGAGTTTTGTTGGTGGGTCGAGCGCGGTGATGTTTTTGAGGTCTTTTTTGACGTCGATATTCTGGGCGGCGGCCAGTGTTTCGATGGACTTATTGGCAGTGGTGAGTACGGCCGTGAGCGAGCTATTGGCGTCTTGGAGTTGGCTGGATTTGAGGCGGGAAGTAAATTTCTCGGAGACGGTTTGGAGTTTTTGTAGACGAGCAATGAGATTATTTAATGAGGGGCCGCGGGAGGCGTTTTGGGCGGCGTTGATGATAAAGACCAGACCGAGCAGTCCGATGATACCGAGAACGAGCAAGATAATCTTTGACTTTTTATCAAAGCCTTGCGGCGCTGGCGGTGCAGAAATTTGATTGAGATAATCGATACCGGTTGGCACGTCATAGTCATTGTGTGGCTGCATATACCCATTAAAGCATAAACAACAACAGAGGTAAAGAGTGATATAATAAAAATCATGAATGATGCCAAGGAAGAAGTGCGGGCGCGGCTGAATATTGAGGATGTGATCGGTGAATATGTTCAGCTGAAGCGGGCGGGCCGTAACCTGAAGGGGCTGAGTCCGTTTACCGATGAGCGGACTCCAAGTTTTATGGTGAGTCCGGAAAAACAGATTTGGCATGATTTTTCTTCGGGTAAGGGTGGCGATATTTTTACGTTCGTGATGCTGGTGGAGGGGATGGATTTTCGCCAGTCACTGGAGCATTTGGCGCGCAAGGCGGGCGTAGATTTGAGTTTGTTTTCTCATGGTGATGGACGGACGGCCAAACGGCGGGCGCGGGCGCGGGAAGCGCTGAAATTGGCGGCGAATTTTTATCAGCAAAATTTGGTGAAAAATTCGGCGGCACTGGAATACGCGGTGAAAAAACGGCGGCTGAATCGGCAGACGATCGGTGATTTTGTCATTGGCTATGCGCCGGATCAGGGCGATGCGCTGACCAAAGCGCTGGAGAAGCGGGGGTTTTCGCGCCGAGAACTGGCTGATGCGGGGCTGGTGAATCGGTTTGGCGGCGACTTGTTTCGGGGGCGGATGATGGTGGCCTTGAGCGACGGCAGCGGCGAGGTGGTTGGCTTTACGGGGCGAATTATTCGTGATGACCCCAGGGCGCCAAAGTATCTGAATACGCCGCAGACACTGCTATTTGATAAATCGCGCCATATTTTTGGGCTGTATCAGGCGAAAGAGGCGATTCGTAAAAGCGACGCGGCGGTGATTGTCGAGGGGAATTTGGATGTGGTTAGTAGCCATCAAGCTGGCATTAAAAACGTAGTGGCGACGGCGGGGACAGCGATGACACTGCAACATCTGAAGGCGCTGAGCCGGTTGGCGGGGCGGATTCGTTTGGCGTTTGATGGCGACCGGGCGGGCGTGAGCGCAACGGAGCGGGCGATCAATTTGGCGCAGGAAATTAGTGTGGAATTAGAGGTGGTGAGCCTGCCGGATGACGTAAAAGATCCAGACGAATTGATCCAAAAAGACGTAGCGTTATGGCAAGCGGCGGTTGAGCGGGCGCAGCCGGCGGTGGACTGGGTGATCGCTCGGCACGCCGAGATGGAAGATTTGGCGACGGCCGAAGGCAAGCGGCGGTTTTCGACAACTGCACTGAGAATCGTGCGCGGCCTAAAAGATCCGGTGGAACAAGAGCATTATTTGACGGTGATTTCTAAAGAAACTGGCGCTAGCCTCGCGGCCTTGCGGGCAAAGCTTGGCGCTGAGAGATCAACGCCGCCTGCTCAGCTCAAAAAACCAAAGGTTGAAAAGGTGACTCCAGGTAAACCTCGTGATGAATTAGCGGACATCATCGTTGGTCTAGCGCTCAGTCAGCCGTCGACCCGGCGCTGGGTTGGGGCGCTTGAGGCGGCAAGCTTGGATGAGCCAGCTCGAGCAGTGGTGACGGCGCTGCAAGCTGAGCCGCTACTTGATCGAGAAAAGTTGCCACGCCCCTTGCAAAAATTTGAGCAGTATGTGAAAATAGTACAGTTAAAAAGTGAACGCCGCTACATGGACTGGGAACCAGAAGCTCTGGACAGTGAAATG
CP039998.1_gap5	77832	78783	951	AAATAGTCCATGGATGAGGTGCTGCTCATTGATAAGCCAGCTGGCATGACGAGTTTTGGAGTAGTAGCGCGGTTGCGGCGGGTGCTCAGTCAGGCGGCGGGCAAAAAAGTGAAAGTTGGCCATACTGGTACGCTTGATCCGTTCGCTACGGGACTGATGATTATCGTGACGGGCAAGAAGTGCCGTGAGGCTGATACCTTTACGAAGCTTGATAAGTGGTATGAAGCGGAGCTGATACTTGGCGAGATATCGACGACCGGTGATCCTGAGGGTGAACTGACTCGCGTGTCGGAGCGGCAGCCGCCTCGCAGTGAGGTTGAAGCGGTACTCGGTACGTTTGAGGGTGAAATTAAACAGCGCCCACCGATATTTAGCGCTATCAAGATCAATGGCCGTCGGGCCTATCAGCTGGCACGTCAGGGTCAGCCGGTCGATATGCCAGAGCGCATCGTGTTGATCTATGCCCTGGAGCTTGTCGCCTATGAGTATCCTCGTTTGGTGATTCGAGCGTATGTTTCGAGTGGTACGTATATTCGGAGCTTAGCGGTTGATATTGGTCAGAAGCTAGGAACAGGGGCCTACTGCCGCCAGCTACGCCGCCAGGCTATCGCTGAATATGACGTCGCTCAGGCAAAACCATTAGCGGATTTTGGGATTTCGTCTTGAAGTGCTATTATCAGAGCATGGGTAGGCAGACAGGTTTTACAATCGTTGAACTATTAATTGTGATGGTCGTAATTGCAATTTTAGCGGCCATCGGTATTGTGGCGTATTCGGGCGTGCGCCAGGACGCTACTGATACCAAGATCCGTTCCATCGTCAAGATCGCTGGGGACGCGTTGCAGATATATGACACACAGAAACGAACGCTGCCGTCAGGACAGGGGACGTTCAACAACGCTAATAGCGTTGACTCACTTGTACCACAGTATATCCAGCCGGGGTATCGCG
CP039998.1_gap6	83120	87131	4011	GAGGATTTTGCCGGCGATATGGATTTCAAGGTGACTGGTACAGCCAAGGGCATCACCGCGCTGCAGATGGATATGAAAGTGCATGGTTTGTCGGTGACAGTGCTGCGCCAAGCGATTGAACAGAGTAAGGCTGGTCGGGCGCATATTTTGCAGCATATGTTGAGTGTGCTGCCAGCGCCGCGGGAGACACTTAGCCCGTACGCGCCGCGGATTGAAAAGCTAAAAATTGATCCAGATAAAATCGGCGCGGTCATCGGCAAGGGCGGCGAGGTGATTAATAAAATTACCAGCGAGACTGGCGCTGAGGTTGATATCAAGGAAGACGGCTTGATTACTATCGCCAGTCCAGACGGTGCATCGATCGAGAAAGCACTTGCCTGGATTAAAAGCCTGGTCGAAGAGCCAGAGGTTAGCAAAATTTACGAAGGCAAGGTGGTCAGTATCAAAGATTTCGGAGCGTTCGTGAATATTCTGCCGGGAGTTGACGGGATGGTGCATATCTCGAAGCTGGCCGATCACCGCGTGGCTAAGGTGACTGATGTGGTCAAGGAAGGACAAACCGTTCGCGTGAAAATCACCGGTATCGATGAACGCGGTAAAATTAACTTGACGATGATCGGGTTATAACTTTTGCTTTTTAGCAAAATACGATACAATGAGAATGTAAGAGTAATTGAGGGGGATTATGGACGACAAAAATAATAAGAACGTACCACAACCGACAGCAACATCGCCCGTGGCGACCGAGCAGACTGCTCCGGCGCCCTCGCAGCCAGTACCACCGGTGCCGCAACCACAGCAGCCACTGCAGCAAGGTGTACCGATGCAGCCCAAGAAAGGGTTGAGCAAGGGCGCGCTATGGGGTATCATTGGCGGTTCAATAGGTTTGATAGTTATCGTGGTTGGCATTGTGCTGGCTGTTATATTCCTTGGTGGGCCATCAAAAGCCGACTACCAAGAAGCTGCTAAGACACTGAAGGAGTTTGACGGTAACAGCCTCAACTCGGCACTCAAGTCGTCGAATGCTGATAACGCAAAGAAGCTGATTGAAGAGGCGGTGGGACGTGCTGATTCGATGATGAAGAAGCTTGATTCATCGAAGATTATGCGCGACGAGGAGACCAAAAAATCCTTTGGCGAGTACAAGACTGCCTATGAGAAGGTGCGCCCAAATATGCTTGCCATCGCCAATCTGATAGGAGATATGAAAGACTTCTCCAAGAAGTGTTCACCGAGCTATTTTAGCTATATCGGTAAGCCAGCAGATGAAGTTAGGAAGCTCTACGATGAAAAAATGAGCGGCTGCTATCAGTTACTCGATAACATTACCAAATCAGAGCAAAAAGAAGTGCAGGACTTTGGTAAGCAGATGAAGGAGTATTACAAGGCGTTAGGTGATTTCTTTGTAGCACGCGCCAATAAAGATTACAGTGTTCAGGCACCGCGCCTGTCGTCAGGCAGATCAAACCCGCTATCCAGTTTTGCCAAGAAAATCCAAGAATCAAATTTGCAGAAGCACGAAAAAGACTTCATCAATCTAGTGAAAGAAAAAGCTGAAAAGTAATTTTCGCCTCGGCAGCAAGCAAAACACCTCGCATAGTGACGAGGTGTTTTGTATAATAGAAATATGGATGAGGCGGCGCAACTGGAGGTTTTGGCGGCAGAGATTATCGCTGGTGATATTTGTCATGACTTGGCGCTGCAGGCGACGCAGCTGGTGATGGGTGATGGCCGAGCTGACGCAGACATTATATTTATCGGTGAAGCGCCGGGAAAAAACGAAGACCTTCAGGGCAAACCATTCGTTGGGGCAGCTGGTACATTTCTTGACGAGATGTTAGCCGCAGCCCAGTTACGTCGTCAAGATGTCTATATCACCAATATCGTTAAATATCGGCCGCCAAACAATCGTGACCCGCTGCCGGAGGAGAAGCGCGCTTTTTGGCCGTATTTGATGCGCCAATTGCAAATTATTCAGCCAAAGGTAGTCATCACATTGGGTCGGCATAGCGGCATGGCATTCATTCCCGACTTGGCGATTTCGCGTGATCATGGTAATCCGCGCTGGGCACAATTCAACGGTTTGAAGTTCTTGGTGATTCCGCTGTATCATCCGGCAGCAGCGCTGTATAATGGAGCATTACGGCAGACGTTAATTGATGATTTTGTGCGGGCGGCGCAATTGGCCGCCCAGGCGAGCGCCTGAGCTATTTTTGACAAGAGTTAGCGCCCCGTGCTATAATGGACGCAATTGTTAGGGGATAGATTTGTCGTACGTTGCTCCGTGTCTATCGCCTGTCATTCTAATTTTGCAAGGTATATTTTTATAAAAGGAGAACAATACGCATGGGCCAAAGACGACTCGCAACGCCGAAGGGTGATGATCAGTCAAAACGACCAGCTACAAAAAAAAGTAATACGGCGGTGATGAATAGCACCACCACTCGCAAGGGCGAGGTGTTTCGGGCGCAGCGGCGGACGAGCGAGAATGTTAACCTCAGGGCGTCGCAGCACGTGATTGATATTCCGGTCAACAAATCAGTTTACAACGGCTATGGCGGTGAGCAATTTAGCGCCAAAATGCAGCCAAAACGGGTCCGCGGCGGCAAGCCAAAGTTGAGGATTATCCCAATCGGTGGTGTCGGCGAAATGGGCATCGGTAAAAATATGAACGCCATTGAGTATGACGATGAGATTATCATTGTGGACATGGGTTTCCTGTTTCCGGGCAGCGATTATCCAGGTATCAACTACATTACGCCAGACATCACCTGGCTCGAGGAAAATAAGCACAAGATCAAGGCGCACGTGTTCACTCACGGACACCTCGATCACATCGGTTCCTTCCGGCACTTTATCCACCGAATTCCAGCGCCGGTCTATGCGTCGAAATTTACTATCGGCATGCTGGATAAGTCGATGGCTGATGCGGACACCGATTTTCAGCCAGACTTTCGAGTGATGGATCCATTGAGTCATGAAATTGTTCAAGTGTCTAAGCACTTTTCGGTTGAATTGGTGCGGGTGAACCACTCCATCCCTGATTCGACGGCGGTGATCATTCGGACGCCGCTGGGCGTAGTGATTGACTCTGGTGACTGGCGATTTGAGGAAAGTCCAGTTGACGGCCAGAAGTTTGATCTTGAGCGTATGACAGAGATTGCCGCCAAAGAGGGCGTGTTGATGTTTATGAATGAATCGACCAACTGTGAATCAGAGGGGACGCACACGCACACGGAGTTTGATATTCAATATTCCATCGGTCAGGTGATGGATAAATTTAGTAACAGCCGGGTGATTTTAAGCTGTTTTTCATCACAGGTGCACCGCTTGCAATTGATTTTGGAAGAAGCACACAAGCACGGCCGCAAGGTGGCATTTGCCGGCTTTTCAATGATTCAGAACTTGGAAGTGGCGCTGCGCTCGGGAACTATCAAGATCCCGAAAGACACTGTCATGAAGATGGAGGATATCATCAAGCTGCCGGATAACCAAATCACCGTGGTCTGTACTGGTTCGCAGGGTGAATTTAATGCCGTGTTGAGCCGCATGGCGACTGGCGCGCATAAATACATGAAGATTAAAGGCTCTGACGTGGTGGTGTTTAGCTCTAACCCAATTCCGGGCAACGAGAAAAACGTGGTGCGAACAGTTGATGGCTTGATGCGCGAAGGTTCTGATGTGATTCAGAACGGCAAGACACACTTGACGGGGATTGGACCGCTGCATTTGTCGGGTCATGGTTACTACGACGATCACGTTAAGTTGATTAACGCCCTGAACCCAACGTACTATATGCCAATTCACGGCGAATTTCACATGTTGGTTTACAATGCTCGGCTGGCAGAAAAAGAGTGCGGTATTCCTAGGAAGAATATCTTTGTGTGTGACGCTGGTGACATTATTGAAATTGATATTGAACGGCAGGCTAAGAAAGCCGGTCGAATTCAAGTTGGCGGTGTGATGTATGACGATACGGGCGCTATCGTTTCTGAGGTGGTGTTAAAAGAC
CP039998.1_gap7	287053	291766	4713	TTATGATCATAGATAACTTTTTATAGAAAATAGTAGCCGGTGTTTTCTGTGAGTGACTACCCCGCTCTCCCCGCGCTATGCTGGGTCGCTAATTATGACTCGCCTAGATGTTTCGCAGCGGAGATGGTCACCGTTATCGCTCTCAAAATCGTCTGCAAATTTGCAGCGGTGACAGCCTTCGCTAGCTCATGCTTTGTTAGCGGCGTGGCGGTTTTCTGGTAAAAATAAATTGGCGCGGGGTTGTAGAACGGGTCAGTTTTGAAGGCTTTGGCGAGGTTGTTTAGGTGGTCGACATGCGGGGTGGGGTCAAACGCTCGTAAATAATTCTGCGCTGTTTTGCCTGCATTTTGCCAATCGAAAGATTTTTTCACGGTGTAGGTTTGGCTGACCGAATTGCCGTCATGGTAGGCGGTGAATTCGCCATGGCTGGATGGATAGACCGGCGCTCGGTCGAGGCATGCATTGCGCGCTAGGTCGAGTAGTATCGGATACATGCAGAAAAAGGCGGCGGTTGCCTGTTCGCTGGCGTCGGGAACCTCAATCGTCAGCGTGATGTCTATGAAATTATCCGGCTGATAATCAATCTCTAGCGGCGGGCTTTTGACTGGTTCGGTAATTTTGTCAGGTCTGGTGGAACGGCGACCAGCGAAAGCTTTTTGGCAGCGCGCCAGTTGTTTGTATAGTTCCGCTTTATCCCAGATGACGACGCTTGCTTTCATCTCCGCTTCAATGTGAGCGACAGATTCGTTAATCATGGATAAGTCAAACGGCTTTACGTCAGCGATGACTTTTTCAAATAGCGTAATTGATTCGCGAGTAAAGAACGCAATGTCAAAAAAGACGCTCGATTCGGATGTTGTGCCATGTAATTCGCCAATAAAGGCGCGCTCATTGCCAGATTTTTCTGCCGCTCGTAAGAACCGCCGAATAACCAAATGCTCAAACAAATGGCAGACATCATGGTCGGCTGGCAAGTTGTAAGCAGAATATAGTTTGTGGATCATGGGTTTATTGTAGCAGGGTGAGTACCCCGCTCCAACAGATTGCACTGCCAGGGCGGAGTCTTCTCGAACTCAGAAGCTCTTGAACGGAGCCTTGTCGTTCGAGGTTCCTGAGTCGCTACGGTTGGTCAGCGACCTAGGAGCGTCGGCCTTCGGGGTCGACGACTTGGGGGTGAGCACGCTGCTGATAGTGGTCTTCGGCAACGTGCTGGGAGAACCACCGAAGCCGAACCGCTGGCTACCGCTCTGGCTCAGGCTGTCGTGATGGTTCTTGTTGCTGTTCAATCCCTTTTGGGGACGTCCAGTTGCCATAGTAAACTCCTTTTGGAGTCGGGCGAGAATGGACCTTCTCGCAAACGGCACATTTGACACATGGCACGAGTCAAATGCGAACCCAGTGCGAAACTGCACGAAAGGCTGATATATATATATCAATACGAGAACAAAATGTCAATGGATTTTGTCAAAAATGTGATAAGATTATGAAATTTTGTCAAGAACAACTAAGTGTTCAATATGCGGTGTACGCGGGAAAAAGTTGTAGCCACGGTGCCAAGCGATGCGGTAGCGTTGCTGGAGCAAGGCGATGTCGCGGGTTTGGGTGACGGGATTGCAGCTGAGATAGAGGATGCGCGGCGGCAGCTGTTGCAACAATGTCGCAATAACGTCGGAATGCAAGCCGGCGCGCGGCGGGTCGACGATGACGATTTCCTTGCCTGTAATGTAATCGAGGGCTTGTTCGCTGGGGGCGAGGACAGCGCGGGCGTCGGTGCGACCAAGTTCGGTGATGTTGCGCTGCATTTCGCGGACGGCATCGGCGTTGCTTTCCACCAGCGTGATGTTGTCGCCGCCAATGGTCAGGCCGATGGTGCCGACGCCAGCGTAGAGGTCGATGGTTGATAATTTGACAGCTCGAATATCATCAGAAAATAATCCGGGACCCACGTGAAGTTGCCCAGATTTTTTCTGAGATATTGCTCGCTGTTGACTATCGGTGTCGTCATGTGCCGCTAACTGAGCCGGCTGGCGCTCTTGGCGCGCCTTATTGTACGGTACCCATTCCCGCATATCGCGCAGCGCCTGCTCGTAAACCGGGATGTTGACTTGGAAAAAGCCTTCGCAGGCGTAGCGGAATGGTATGCCAAGGATAGCATCAGTCAAGGTGGTGTTACCGAAACGCGCCAAGCGCTCGGTGATGCGGCTGGCTGGCGAGCGCGGATCGGAATAGATAATTTCCCCGCCCTGAGCCGGTAGCTTGGCGGCTTCATCAGCGGTAATTATTTCGGGCAAGCGATCCCTGACATACAACTGCCATACACAACTTCCCGACTGATCGCAGCGGACGAGCAAGGTCTTGAGCTGGCGAGCCGCGACGCGCTTATGGCGCAGTAAATCGCGGATCGCACGCGCTAAGCTGTTGATTTCTGGGCGTGCCAAACTTGTGCCATCAACAACAATCTTACCTTTGCTGCCGCGGCGAAAAAATGCTAAATCAAGCGTGTCAATAGACGACTCTTCACGGTCGCTATCCGCGTCTATCTCTTGGTTATTATCAGAAAATAATTCGGGACCCGAGACAAGCCCAGATTTTTTCTGAGATACCGCTTGGGATACCACCGATTCGCTATACCAGCTAAATTCAACTTTGTTGCGATAACCATATGCAACATTGTCGCAATAAATGTCAATCGCCGCCGGTAATGTAACATTATGCAGCGCGAACGCGTCGTCGATCAACTTTGCTTTGTATGTTTGTTCAACTTCTAGTGGCATGATTTGCCAAGGACTGGTCGAAAGATAACTATCATGATCGCGCGGCTGGATACGGTCGGAGCTTGGCGAGACCACTTCCTCGACGACCGCTTCGACGAAGTGTGATTTCTTTTTGGTAATGCGAACGGCGACGGTCTCGCCAGGCAGTCCGCCCCATACAAAACATTTACGCCCGTCAGCCAGCGTCCCTAGTGCTTGCCCGCCGCCAACAATTTTCTCTAGTGTCAGCGTCTCGAAACTCTGTCGCTTCATCAAGAGTTATTATAACAGATTAGAAGTTGCACTCTGGCACACCGCCAAACCAGCCGTTCTGCATATTGCGGCCAGTGCGGCAGGTGGTGCCATCCGAGAGCGGTACCTTTATGGCGTAGCGGGTCGGCACGACGCTGGAAGCGTGGGTCGTGTCAGTGGCTGCGAGATACCAATAATCGCGGCCTTCGTGGTCTTTCGGTAGCTGCTTGATGTAGCGTGGAATGAGGAGTGCGCCGAGCTCACCACCATTACAAATTTTCATATTAGCGGTGTTATAAATGGCACAGGCGCCCGTTGGCCACGGGTATTCGCCATTATCCGAGCGATATTTCTCGATTGCCTCTTTGAGCATCGAGATATTTGACTTGGTCTCATTGTCGCGAGCGGTGTTATAGGCATTGCGCCACACGAGGCCACCCAGCGTGGCGAGAATCGCGATGACCACGATGATGATAATAACTTCGACGATAGTAAAGCCATGCTGCTTATGCATATGATGATTGTAGCGCGTTTTGGGCCCGATCGCAAGGCTGGTAATTGCGTGATTATTATGCTACACTAATCCTTGGTATTGGGCCGTCGCCAAGTGGTAAGGCACCAGGTTTTGGTCCTGGCATTCGGGGGTTCGAATCCCTCCGGCCCAGCCATTTACGAGTGAAATCGTAAAAATGATTCAAGCAAAGACACGTAATTATTCTAATTATTCTAAATTCCCTCTTGTTTCCGGTTCAATCGACGTCGTGTATTGTTATGCCGGCTACCACGTCGTTTCTATATATAAAACTGATCTATATTGGCCGACAATGTCGAGTCAAGTTCAACCTGCTCTAGCTCATTGGCCCCAATATACCGCAGCTCGCTGACATCTGTCGTGGTTGTGGGTGGCGACACGAGGCGAACCTGGTAGGCGATGATAAGCACCGGGGTGTCGAACTTTTTGCTCCATGTTGGGATGATGATTGGCGCTGCGCTTGTAATTTCTATCTCAGCTCCCAGCTCTTCTCGGCACTCACGCCGCAAGGCCTCGGCTATGCCCTCGCCGTGCTCCAGCCCGCCACCGGGTAAATCCCACGTATCGCTCCTCTCGCGGACGAATAGTAACTTTCCGTCATCATAAATCAGTCCCTTGACTGACACGCGGTAGGCGGCTCGGATATGTTTGAGTTTAGGCATGGTCATTCCTCCTACTTCGCCACTTGTGTATTTCGCAGGTGGTGATCGGGATGATGAATGAGGCCAGGCCGATGAGTGCGCCGTGCCAGAAGTTGATCGGCGTGATGTGAAGGATTGTGCCAAGTGGGCCGAAGAAGACGAGCAGCTGTAACATGATCGACAAGCTGATACCGGCGTAAAAACTGGCGTTCATGACCTTGAGGCGGGTGAAGATCGATTCACTGTCGGAGCGGGCGTTGAAGGCGTTGGCCCACTGGCTGACCACCAGCGAGATAAAGGCCAGTGTTTGCGCGTAATCGTGTCCGTAATGCTTCTCGAAAAAGATATAGACAGCCAGTGCGATGACTGACATGGTGGCAGCGACGATGACCATACGCCAGATCATTTGGTGGCTGAGAATCGGTGCGTCGGGGCGCTCTGGCGGGCGGTTCATGGCCTGCTTTTCGCCTGGCTCCAGGCCAAGCGGAATGACCATCGAGGTGTCGGTCACCAGATTAACCCAGAGGATTTGCAC
CP039998.1_gap8	312191	314636	2445	ACGCATTGAAATAGACACTAAAACATTTGTGCGGTTTTGGCTGGTGGTTATCGGATTCGGGCTGGCGGGGTTGATGATTTATTCGGCGCGGGATGCGCTGATGGTACTTGGGACGGCGTTGTTTCTGGCACTGGCACTGAACGCGCCGGTGCGTAAGTTGGCGTCGTGGCTGCCCGGCAAGAGTCGGCTGGGCGGGACGGCGTTGGCTTTTATGCTGCTGATCATCATCTTGACTAGTGTGATTTGGTTCGTGGTGCCACCGCTGGTGCAGCAATCGGCCAAGTTTGCCGAGACGCTGCCGGGGCTGGTTAACGGCGTTAACGAGCAGTGGCACGGGCTGAAGGGTTTCGTTGAGCAGAATGGCTTGCAGCCGCAGATTGATTCGCTGATGAATAATATCCGCGGTCAGGCATCCAGTTGGGCGGCGAGTTTCGGCGCGAATATTCTCGGTAGTATTGGCTCGCTGGCATCATTTTTGGCATCGGCCTTTCTGGTGCTGGTGCTGACGTTCTTGATGCTGCTGGAGGGTCAGGAATGGATGGAGCGGCTGTGGCGGCTGTATCGGGATGAGCAGCGGCGTGATCATCACAAGATGCTAGTCGGCAAGATTTATAATGTGGTGACTGGCTACATCGTCGGGCAGCTGACGGTGTCGGGGATCGGCTCGCTGTGTGCCGGGGCGTTCGTGTTTGGCATGAGCTGGTTTATTCCGGAGATCGCAGCCAACTTGGCGATGCCGACGATTCTGCTGGTGTTCCTACTCAGCCTGATCCCGATGTTTGGGGCAACGATCGCTGGTGTGGTGGTGGGCCTGATGCTGATGCTCAATAGCGTGTCGGCGGGCGTTATTTATCTCATCTATTTTGTGATCTACCAGCAGATTGAGAATAATTTTATCGCGCCAGTCATTCAGGGCAAGAAAGTCGAGCTGTCGGCGCTGGCGATCTTGGTGGCGGTGACGGTGGGGCTGTATGTTGGCGGCTTGGTCGGTGGTGTGGTGGCCATTCCGATCGCTGGATCGCTCAAGGTGCTGATGGATGATTATCTGGCGCATAATCGCGAGCCGCAGGCGCCGCCTCGCCGCTCGCCGCTAAAAAAGGCGCTCAAAAAAGTTGCTGAGACGAAGCCAGCTGAGTAAGCGGCCGAGAGATTATCGGTACGACCAAACTTGACCAGATGGGGTGTCGCGTAGCGCGATGCCCTTTTCGTCGAGTTGAGCGCGAATATCGTCGGCAGCCTGCCAATCTTTGGCGCGGCGAGCCTGCTGGCGCTCGAGGATAAGCCGTTTGGCTTCATCGTCAATGTCTGGCGCGGTGTCCATTAGCTCTAGACCCAAAACCTCGTCAATTACTTCGAGTAGCTGCAGCAGACCGCCGCGATGGATTTTTTCTAACGGCGCATGATCCAGCTGTGAGAACGCCTCATCGATCAGCGCCAAGACCCCTGGCGTATCCAAATCATCATTCAGCTTTTCAATTAGCGCCTGCCGCGCTGCTAATAGCGACACCGTGCCCTCTTGCTCGTCTTTATCATCGTCATCGTCCAGCGTGTCGTGCGTCTGGTGTCGCAGCGCCGCATAGCCGCGCCAATGATCCAGCCGCGCCTGGGCTGCTTCCAAAATCTCCCAGGTGAAATTTCCCTCGGTCTGGTAATGCTTACTGAGAATCGCCAGCTTGAAAGCCATTGGGCTAAAGCCGCGGGCGGTGATATCGCTAAGGGTGATGATGTTGCCCAGGGATTTACTCATCTTGCGGCCGTCGACTTTTATGTGGTTATTGTGTAGCCACACTTGAGAAAACTGCTGTCCGGTCAAGCTCTCGCTCTGAGCGATTTCGTTGGTATGGTGTACCGGAATGTGGTCAATGCCGCCGGTGTGAATGTCAATTGCATCGCCCAGCGTTTCCCGGGCAATTGTCGAGCATTCGAGGTGCCAGCCCGGAAAACCGACGCCCCATGGACTGTCCCATTCCATATCGCGCTTGGCGCTTGTTGGTGAAAACTTCCAGACGGCGAAGTCGGTGATGCTGCGCTTGCCTGCCACGCTGACCCGCGCGCCGGCCTCTAGACCCGCCACGTCCAGTCGCGCCAATTTGCCATAATCCGGCAGCCGCGACGTATCAAAATACATGCCGTCGCCGTCAATCTTGTATAGAAATCCTTTCTCGTCTAGTCCCTTGGCAAATTCAATCTGCTGCTGGATATAATCTGTTGCCCGCACTAAATGGTCGGGCCGCACTAGCTTCAATACCTCGTAGGCTTCGTGCTCGGCGATGGTGATATACTGCTCGGCCACGTCCCAAGCGGTCGTGCCCTCGCGGCGAGCGCCCTTCTCCATCTTGTCCTCGCCATTATCATCATCGCTAGTCAAATGCCCAACGTCGGTGATATTCTGCGTGCGAATCACTGGAATGTCTTGCCAGCGCAGCAACCGCACCAATACATCCC
CP039998.1_gap9	452494	454675	2181	GAACAACATATTGAGTCGTGGTATCCCCTGGTGTTACGCCAAGACCACCAAGTGCGATTTCTGGATTAGATTTGTTCGCGACAATCAGACAACCGGCACACTGGAGTTTATGGTCTTCAATATATACGTATTCTGCTCCATTTTTAGTGTATTGTTGTACCCATCCGCTTACCGTCATCAGCTGGCCTATAAACCCAGCAAATAGTTCTTGGTTAATCTGCACAGTGGCTTCTGGATACTGATGAGGACTGAGCTTTCGGATGTCGGACGTTCGTTCTCGAGCTAAGCGGAGAATAGTGGCAACTTGCTGATTGAAAACAGCCTTATCAAGTAACGCAAGGTTCTCGGGCAGCGGGGCGGCAGGTGGGCTAGACTCAGTCGTCATCCCTTAATCATACGGCGTAAAAACCAACTGACGCAACCATAACCGTAAAGCTCTTAGCGATAATTCACGCACTGCAGCGGCGTGTCATAATCATTTTTACGCACCAGGCTAATGACTTTCTGCAACTCATCTTTCGAGGCGGAAGTAACGCGGACAAGGTCGCCTTGGATTTGTGGCTTGGCTTTGGGTACGTTAGTACGAATATCGGCAGCAATGCGCTTGGCGGTCGGCTGGTCGAGGCCCTGTTTGAAGGGAATTTCCCACGTGGTTTTGAGGTTTGAGGTGACTTTTTCTTTGGTGAGGTCGAGGACTTTGCTCGACTGACCCCGGGCCGCCAGTTTCTTGCGCACGATATCCAGCACCGCATCAACCTGCCAGTCGTTATCGCCGGTGAGCTTGAATCCTTTTTTATCGTCCAGCCAGTCAATCCCGGCACTCGTCCCCTTAAAATCGTACCGCCCTTGGATTTCTTTTTCTGCCTGCATGAATACGTTGTTCAGCTCGGCTTTGTCAATTTCTGACACAATATCAAATGAAAAACTTGCCATTTACCCCTCCTCGTTTTCCTCATTATAACAAAAATCGCCCGTTTTTCAGAGCGATTTTTGAGTGTACATTTTCCCGACAATTAGCCGCGAGCAAAGTGCGCAAAGGCGCGGTTGGCTTCGGCCATCTTGTGGGTGTCTTCTTTCTTCTTGAAGGCAGCACCAGCTTCGTTGTAGGCGTCAACGATTTCCAATGCCAAACGCTGCGAGTACGGCATACCCTGCCGAGCGCGGGCTGATTGCACCAGCCAGCTAAATGCATAATGCAGCTGACGGTGTCCCTGAACTGGGAACGGAATCTGGTAGTTAGCACCACCGACACGGCGGCTCTTCACTTCAAAGTTTGGGCTAACGTTTTTCAATGCTTTCTCAAATACTGCTAGTGGATCTTCTGAATCCAATTTTTTAGCAGCAGTTTCCAGTGCGGTATAAACAGCACGCTCAGCCGCCAGCTTCTTGCCGTCCAGCATTGACTTATTGATCAAACGCTGCACCAGCACGCTTTGGTAGCGGCGGTCAGGCTTAAGTTCACGTTGTAGTTTTTTGGTAACTTTACGAGGCATGATTACTTATCCCCTTTCTTGGTACCGTACTTCGAGCGGCCCCGCTTGCGGTTGTTAACACCTTGAAGGTCCAACGCACCACGCACGACATGATAACGCACACCTGGGAGGTCAGGCACACGACCACCGCGAATCAAGACCACAGCGTGTTCCTGCAAGTTGTGACCCTCACCACCGATGTAGGCCCAGACTTCGTAGCCGTTGTTTAGTTTCACGCGGGCAACTTTACGCAGCGCTGAGTTTGGTTTCTTTGGCGTCTTGGTCGTCACACGCACACAAACACCACGCTTGAGCGGTGCATTTTGGTCGTAGTAACGCGTTTTCAGGGCGTTGTGAATACGACCCAGTGCTGGCGACTTGGACTTTTTCTTGGCCGTTTGGCGCGGTTTGCGCACCAATTGGTTGATTGTTGGCATCCAATTTCTCCTTGGTTGATTTACTAATGATGGCGATTTCGCCTGATGGCTCTAAGTGAACTGGCGCGCGATTTTACACGCAAAAAACAGCTTCTCTTAGCGCCTACGGCTTGGATTCAGCAACTCCGCCCCGTGTCTATACCTTTTCTGCCGAGCCCCGCAGCCTGTACACATTCAAACCACCGCGCACTCCGAAAAGAGGAAACTCTGAGGGTCATTATAACACAGGTTCAGCCGATACTTCAAGTGGCGGTCCTCTTTAGATCTCTTAC
CP039998.1_gap10	458853	462335	3482	TGACAAACGGCTTGAATAGCTCAAGCGCCATTTGTTTTGGCAGACCGCACTGATTGATCTTTAGCTTCGGGCCGACGACAATGACCGAGCGACCAGAGTAATCGACGCGTTTACCGAGCAGGTTCTGGCGGAAGCGGCCTTGCTTACCTTTGAGCATATCGCTGATTGACTTGAGGCGACGACGGCTGCCAGTCGAGCTGACTGCCCGACCACCGCGCGCTGCTGCGTTGTCGATCAAGGCGTCGACGGCTTCCTGCAACATGCGCTTTTCATTGCGCTGAATCACTTCTGGCGCATTGAGCTCGACCAGTTTTTTCAGGCGATTATTGCGGTTGATAATGCGGCGATACAGATCATTCAAATCAGACGTTGCAAACCGACCACCACTGAGGGCGACCATTGGACGGAGGTCCGGTGGGATGACTGGCAGTACCGTCAGGCAGAGGCTGGATGGCTTAATACCGGCAGCCTGCATGCTCTCGAGCATCTTCAGGCGCTTGAGCAGTTTCTTCTCGCGCTGACCCTTGGCGTGTTCGGCTTCCTCGCTCAGCTGGGCGATCAGTTCTGACAGATCAATTTCATCCAGCAGCGCCTTGAGCGCACTGGCACCCATGCCGACCTCGATCAGCTCATCGTACTCCTCTGGCAAGTTGCGGTAATCCGTCTCTGAGATCAGCGCACCCTTGGTGAGGCTCTCGAGCTGTGATTTCTTTGTGGTGTACTTGTCGTTAAGTTCCTCAACCTCGCGGCTTTGTTCCTTCGCTAGCTGCTTGATGTCAGCGCCGTCAGCTTCCGCGAGCTGCTCGTAGCGCATCTTGATCGCCATCCGACCAGCTTCAGTCTCGGCCTCCAGATCCGCCAGGTATTGGTCGCGGGTGATCTCATCAACCTTGAGAATGACATAGATCGCAAAGTAGGCGATCCGCTCCAAGCTACGAACCGTCATGCCGAGCAATTGACTCATGGCGCTCGGCGTGCCGCGCATAAACCAGATGTGCGCCACTGGCGCGGCCAGTTGAATGTGGCCCATGCGCTCGCGGCGAACGATCGATTTGGTGACGAGCTCGCCGTTTTTATCGACGGCGGCCTCGCGTGAACGCACGCCCTTGAGCTTGGAATCGTGTGGATTGATGTCCTTAACTGGACCGAAAATTCGCTCGCAGAACAAGCCGTCGCGCTCTGGCTTTTGGGTGCGATAATTGATCGTCTCTGGCTTGAGAACCTCGCCGTGACTCCACTTTAGGATGTCCTCGGCGCTGGCCACCGCTAGGCGCACCGCATCAAAATCGCTAATTCCGGTCGCGTTAAATGAATATTGCGCCATCTTACGCCTCCTCCTTTATTTCTTCTACTTCGTCAATATCTTGTACGCTCATGCCGGCCTCGATGTCGCCGATGTCGTCTGATTCGTCTAAGTAAACTTGGTCGTCGTCATCGTCGTCGCTTACGGCTTGTGGCACAGTCTTATCAGCTGGGCCGCTTGAAGCAATGACATGCTCAGCGTCAACCACGCCACCCTCATCAAGCAGGTCAACCCGAAGGCCCAAGCCCTGCAGTTCCTTGACGAGCACGTTGAAGGATTCTGGCAGTTTCGGCCCGACGATTGGTTCGTCCTTGATGATAGACTCGTAGGCCTTGGCACGGCCATAGACGTCGTCAGACTTGATGGTTAGCATTTCCTGCAAGGTTGCAGCGGCACCGTAGGCCTCCAATGCCCAGACCTCCATCTCGCCGAAGCGCTGACCACCGTTTTGCGCTTTACCACCGAGTGGCTGCTGGGTGACCATGGTGTACGGGCCAGTTGAACGAGCGTGAATCTTGTCAGACACCATGTGGTGCAATTTGATCATGTGCATGACACCAACTGTGGTACGTTCCTCGAACGCCTCACCGGTGCGACCATCAAAGAGTTGTGATTTACCATCGCGGGCAAATCCTGCTTTTTCTAATTCATCAGAAATCGTCGCTGACGGCACACCATCAAACGATGGGGTTGCCACGCGGTAGCCCAAGGCCTTTGCTGCCATACCGAGGTGCGTTTCAAACAGCTGACCGAGGTTCATGCGGCTCGGCACACCCAGCGGGTTTAAGATCACGTCAACTGGTGTACCATCCTCCATGAATGGCATATCCTCGACCGGCAGTACCCGTGCGACCACACCCTTGTTACCGAAGCGGCCGGCCATCTTGTCACCGACGCCAATTTTGCGCATCTGTGCCACAAAGATTTGGATTTGCATCAACACGCCGGCCTTGAGCTCGTGGCCATTCTCGCGGCTAAAGATCTTGACACCGACGACCTTGCCGCCACCAGCATTGTTCATGCGCTGCGAGGTATCGCGCACGTCCTTGGCTTTTTCACCAAAGATGGCGCGCAGCAGACGCTCCTCAGAGCTGAGTTCCTGCTCGCCCTTTGGTGTAATCTTACCGACCAGCACGTCACCGGCCTTGACCTCAGAACCGATTTGCACGATACCGTTTTCATCAAGGTGGCGCAGACTATCCTCCGACACATTCGGAATGTCGCGGGTGACGATCTCTGGGCCGAGCTTGGTCTCGCGAACCTCCACGTTATAATCCTTGATGTTAATACTGGTCAAGCGATCGTCCTCCACCAAGCGGCGGCTGAGGATAATCGCGTCCTCCATGTTGTAGCCGCCCCACGGCATAAAGGCCACCGTCAGGTTCCGTCCCAGCGCGATCTCGCCCTCGGCAATCGACGCACCCTCGACGAGGATGTCGCCTTGCTTGACCGTATCGCCACGGGCTACGCGAACCTTTTGGTTGTAGCAGCGATCGTCATTATTCTTGACAAAGTGCCGTAGCGTATAGACCTTGACGCCATCAGCGTACTTGACATGAATTTCGTCAGCGTCAGCCCGCACCACTTCGCCATCAGCCTCGGCCTGGATCAGGTGGCCACTATTCTCGGCCACCGCCTGCTCAATGCCAGTACCAACAACCGCTGGCTCTGGCGTGAGCAGCGGCACTGCTTGGCGCTGCATGTTCGAGCCGGTCAAGGCGCGGTCAACACGGGTTTTCTCAATAAATGGCACCAGCGCCGCCGTCGAGCCGAGGATCTGCTTGTGAGCAGCGTCCATAAAGGTAACTTCTTCGACGTCAACCTGACCTGGCTGGAGGAATTTGCGGGCGCTGACGCGGCTGTCGGTGAACGACTTGTCATCATTCAAGCGCGCCCCGGCATCAGCGATAACTTCGCTGGCTTCCTGAGCGGCATCCAGATAGACCACTTCGTCTGTCACCCGACCATCAGTGACGCGCAGGTACGGCGTCTCGATAAAGCCATACTCATTGACCCGCGCGTAGGTAGCCAAGTTCAGCACCAGACCAACGTTGGCACCCTCTGGCGTCTCCACCGAACAGATGCGGCCGTAGTGCGTTGGGTGAGCGTCGCGCACGTCAAATCCAGCGCGCTCACGACTCAGACCACCAGGGCCCATCGAGCTCAATCGGCGCTTGTG
CP039998.1_gap11	474812	478242	3430	ATACAGGTCACGTTCCTCCGGTGTGAGCGTTGGCTGGACAAACGCCGCCTTGAGCCGACCCTCGCCGCCAAAGCCTGCGAACGACCCTTCGTGGCTAGTCACGATTCGCACCATGTCCGAGCAGAGTTTGAGGATACGCTGGCGGTCACTGACCTTTTTGCTCGAGAATACCGGATAGCTATTGATCATACCAGTCGTCGCGTCGATAAATAGCGGCATGGCCACGCCATATTCTTTCTCGAGTGCGCGCATCGACTTGATAAAGCCGTCCAGCTGCACGCCCGGCAGCCACATCCCCGAGAATACCTGCGGCATGACACCGTGCTCATCCGTTGGATGCTCCGCCAAGGTCAGCACTGAATGCAGCGTAAACGCCTCTTTCATTTCCATGTCGCGTAGCTCAACCTGCACGGCTGTACCACCACGAAGCGCGCGCAGTAACTTCTTGGCGGCCTTGCTACGCGCTCGGTCTGAAAATGCGTGAAAGAGCGCCACTACCACGCCACCGCGATAGCATTCTTTTGGCGCCCACGCTAGTTTTTTACCCTGCGCCGCCGCCCGCGAGAAAAGCCGCCCGTCGATCAGCTCGACCGTCGAGGCACCCGCTTGGAGCGCTGTGTCAACCGCCGCCTGCGCTGCATTCATTGAACTATACGCCGCGCTCACCACGGTCAGTTCTGGGTGGATGAAGTCAGCTTTCATGATTAGCTCGCCGATGATACCGAGGCTGCCTTGAGCGCCGACAAACAGCGGCGTGAGGTCAAACGAGCCGTCGCGCTGCCGCACCTGAGCGATACTCGAAAAGCCGGCCATCTCTGGCGCGCTAGCATCAATCCGAGCGATCAGCGCTTCATTATCGGTTATCAAATTATCCAGCTGACGGTATAATTCGCCCTCAAATGTTGCCAGGCCCTTTTTCTTGCTCAGCTCGCGCTTTGACAGCCGGCCGGTCTGCACGATATCGCCACTTGACAAGACAACTTCCATCTGGTGAATCGACTGGCTCAATAGACCATACGCCGAGGACAGCATGCCAGCCGCTTCAGTACTAATCGCACCACCAATCGTGCCGTCCTCGCCCGTCAATGAAATTTCCGGCAGGCCCAAACCCTTATGCGTTGACAGCACCGCTTGCGCCGCTCTGTGAGAAATACCCGACTGGAGGTGGACCAGCTGCTGCTTGGCATCAATCCCGACAACGTTATGCATATGTGCCGACATGTCGATGGCAATGCCACGCCCAATCGCCGCGCCCGTACCGTCCGTGCCGTGTCCGCGCGCATACACCGGCAAGACGTGGCCCTTCTCCGCCAGCTGCGAACAAAACCGCAAAATCTTGCGCACATCACTCGTATCTGCTACTCGTGCGATCAGCTCCGGCCGGCGCGCAAGCACGCTCCCGTCCCGCTGCGCATCCGCCAAAGCACCGTCATGCGTCACCACTTCACCCGTCAGATGTTCATTCAAATACGTCGCAACCTTATTCATAGTCCCCCTTTTTCTGTTAATTTCATGATAGCACGGTCGAGGTGGAGCGTAAAGTGTATTGCCTGGGCGCGGCGGGTCATGTATAATTGAGGGGTAGATGCGCCTGAACGTACGGTTGCGCGTCTTTAACGAATAACCATGCGGATGTGGTGGAATTGGTAGACACGCATGCCTTAGGAGCATGTGCCTCACGGCGTGAAGGTTCAAGTCCTTTCATCCGCACCAAGGTTTTATTTTATGGGAGATTAGCTCAGTTGGCTAGAGCGCACGATTCACATTCGTGAGGTCACAGGTTCGAGCCCTGTATTTCCCACCATCTGGTATTATGCAAAAATTCAACAGTTTAGATGGCCGCCTCAACGAGATAACCAAGCGTCTTGATAGCATAGACCGACGGCTCGGCAGTCTCGAGAAAAGTCAGGCTGAGTCTAAGTCAGCAACACGACACACCGTTCACCGCCTCAACCGCCACCCAGCGCCATGGACATTCGGTCAGCATCCAGACGACTACAAGGGCCCGGTTTGGATTCGAATTACTCCTGCTACTGGCAACGCCAACAAACCGCACACTATTCGCATCCTCTGGGGCCAGTACTTATTTGAGCGAGAGCTATATATTCCTGACGGGCCGCTCAGCCTGACTCATCACAAAACTAATCTCGGCTCAATCCCACTGCAAATCAACGTCGAGCCAGCAGCTACCGTCACTGTCGGACAAGGCCCACCGCCTGATGAAGAATGGATAAACATCGATGAAGGCTGGACACGGCTGGCTGGGGCGCCAATTTGGGCGTGAGTGTTCTTTCACGTATTGAGGTCTATTAACTACACCCTTGATCAGCCTAGTGCGAGCTTTGCCATAAACACCCGAGTCCGTTCAGCACGTGTGCTCTCCGTGGGTCGGCTTATCTGATAGAGTAGTTCGCCCTTCGGATTTCTGTCTACTTCGACAAACCCTAATTGTCTCAAGACACTGAGGTCACGTCGAATCTCGGGGATATCCCCTCTTGCCAATGAGGCAATCTCAAGAAGAGTCATCGGTATGCCATGAACAAGCACCCCCAGTACGGTCTGCTTTGCGCTGATGGATCCCGGGGAGTATACCAAATCTTGAACCTGACGCCTTAGCAGATCCAAGAGATGCCGTTCCTCTACTTCTATTGAAGATGGATCCGAATCAAGCACATTGCCTTCATCCATAGATCGTGATCGATCTGACCTCTGAAGAACCACAAGCTCTTCGTAGGGCTTATTTGGTTGAGGGTTAAGACATGCCGCCGCATGATCTTTTTCTATTTGTGATATTTTCATACGACCTCCTTACAATATAACCGTTTTATCAATCAGGGTCTTCGAAATTACACACTCCCAGAGAGTATCCCCCGCATAGTCATATGATACCATCTCTGTGGAGTGGGTCAAATCCAGCCCATCCTACTAATTTTTGAATACCTGTGCTATATTAAAAAGCAGTATGAAGGAACAATGGCATTCATCACCAGAGCAAGAATGGCTGGAAGATCAGCAGTCGCAGAGTAAGGCGGGTACGGATGGAGCTCCAAGGAAGTGGCGTGAAGTGGTAGTGCAGGATTTAGAAACGGCAAAGCATGGCTCACCTGGTCGAAAGCCCCCTGTTAAGGCGGTATATTCAAAGGGCGACATGAAAGTAACAGTCTTTGGTACAACGCCAGATCGCGACGTCTACATGAGAATTTCCTGCAGAGGAGTAGCCAGAAACATCAGGCTTCAACGATCAGACCCAGAGGGTGCTTTGCTAGCTCGGTTTGGTCCAGAGCTTGGCGCAGACATGATTCGCGTTATTCAACGTCGACCTGGGGTGAATCGACGTAAGGTGAGTCGTAAGTTTTTTGAAGCCATCAGGATCGACCCGCCAGAAACTGAGTGATCGAGCAGACCCTAGTAGTTGATTAATAGGAGTTAC
CP039998.1_gap12	486099	490143	4044	TTCACAGCAGATCAAGGAAATTGTTGATGCCGAAACTGACAAATGGGGTATCGATGTCGAGAACGTTAAGATTCAGAACATTGAACTGCCTGGCGACATGAAGCGTGCCATGGCCAAGCAAGCCGAAGCTGAGCGTGAGCGCCGCGCTAACATCATCAACGCCGACGGTGAAAAAGCCGCTGCTGAAACGCTGGCACAAGCCGCCGAGATTCTGGCAAAAACCCAAGGCGCCATTAATCTGCGTACGCTGAACACGCTGGAGCGTATCTCGACCGAACCGTCACAAAAGACGATGATGCTGTTCCCTGTTGAATTGATTGATGCGATTCGTGGCGGTAAGAAATAGCACGCCTCGCACGGTTGATTGCACATGATGGAGCTGCTTCAAACGTCCCGCGGTACGATCGAATATCGACATGACATGCACGGCTCGTTAACGGTTCTCATTTTGAACGGCGGTCACACGACTGCCGCCATGCGTACGGGTGAGGATTACTTCGTTAGTCGCGGCTATTCAATCCTCAGCGTCAGCCGACCCGGCTATGGTGGGACAGATACGGCGCTTAGCGAAACCTATGGCGAGTTCGAACAGGCGACAAACGAGTTGCTAGAGCAGCTCGGGATTGAGCGTGTCATCCTGGTCGGCATATCGGCTGGCGGCAGAGCGGCGATGCGGTTCGCCGAGCTTCACCCCGACAGCGTTGATAAACTCGTCCTGATGAGCGCGGTGAGTTTCAAGAAATGGCCTAGTCAAAGTACTCGTATGGCAGCCCGTATCGCGTTTAATCCTGTGCTCGAACATATAACGTGGGCAGTGATGCGCTGGCTGCTCCGCAGATGGTCGCGAAAAATAGTCAGTTATTTGTTTCAACAACTCACGACATTGGACGCGCGTGACGTGCTTGCTAGCTACCCGCCGTCGTCTATCGATGCAATCGCGTCGATGTTTATGCAATTTCGCTCTGGCAGTGGGTTCATGAATGACATTAGTCGGCGTTTGATGAAGGGTAATCCCGAAACTATCACACAACCGACGCTTATACTGCATAGTAAGTATGATGGTTCGGTTCCGCTCGACCATCCGCTTCACACCGCGAAGCAGATCAAGCACGCCGTGCTTTCCATCAATAATACCGAATCGCACGTGATGTGGCTGAGTCCTAAGTGGATGGAAGTCGAAAATACGCTCGATGAGTTTCTCGCTTCAAAGTGATAAGGGCGCCGCTTAAATCATTATTCTGCCAAGTTCAGCGATTGCCTGGCTTCTTCGTTGCACGAGGCGGTCGCGACATTTCGGGGGCTGGTCGAACAACGAAAGGATACACTTAGGCATACAGCTGCGGACGCCTGTTGAGATGTTGCAGAGGTGGTGAGGTGGTACGATAGATATACACGATCAGCAGACTATGTATTCAAAGTGGCTATCGCTACTTGAAAATAATGGCTTGGCAGTGTCATAATATTACAAATATGTTAGAGTTTGGTTCGACCGAAGATAAGACCGCATTACAAGCAAGTCTTAATAAATCACGAAAGTTGTGGCGCAAGATACTAGATATAGCCCAAAAAAGCTAAGTCATCATAAATAAACTATCTAAGAGCAGTAAAAAGTAAGGAGCAATTATGAGTAGACAAAACTATACCGAAGAATTCAGCGTCAACGGCGATCAAGTTGTCGAGAAAGTCAAGCAACTTATCAAAGAAGGCAACGTCCGCCGCGTTATCATCAAGAACGAAAAAGGCGAAAGCATCATGGAATTCCCGGTCACTGCTGGCGTGGTAGGTGCATTATTACTACCGACACTTGCAGCACTTGGCGCAGCGGTGGCATTGATGGCACAGTGTACGATTGCGGTAGAGCGACGAGACTGACTTGATTATTTATCAACTTGGTGCGGATGGGGAGAGTCGAACTCCCGTCTCAACCTTGGGAAGGTCACATAATAGCCGTTATACGACACCCGCAATGAAGTTATTATACATGATTTCTAGTCAAACCACTAGGATATTGCAGCATTTTCTTGACGCTTACGCTAAAAGTTTGACATATAATTTTAGTGCGCTACAATAGACATATGACGAAGCGAAAACTGGTTACAACTAGCATAGCAACTCTAATCGTCATCGGCGGCTTGTCGCTTGGTGCACTGCACTTCTTGTCGCAGGTAAATAACGCCCCGCCCCAAGCGACAAAATACGCTGACCGAACTACGTCGCCGACTGGCTCATCTGGCTCATTGAGTACCGATAGTCGCTCTCACTCTGATACCAACTCCACGAACGATAATCAGCAACCAAGCAAGCCCAACCAAAACACTGACAATAAGCCGACGCCAGCTGAGCACAATTGGGTAACGCAGACGATGCGCCAGAATCAAGCCCAGACCACAAATCAACAGCCCGAACGTCGCGACCCTCATGGCTCAACTGAGCAGACTAATCAACTGCCGCACAACAACTCATCAAACAATAACTCTAGCAATAAGAGGCGCAAGCGTAGCGTTCCAAGCCAGCCTCAGCCATCAAAGCCCAGCGGCCCGGCGAACCACGACCGAAACCAGGCGGCAATTGATGGCTGGCAGATTGATTATTTTGAAGGCTTTGACTCGTCGATCAAGCAAACTAAATGGGTGCAGTACGGCTGGGGCGATCCAGCGGTTGGCCACGGCTGTATGGGCGTGATGTCACAACGCAATTCGTTCACTCGAGACGGCAAACTGGTAATTCGTACTCAGTACGAGAACGGCCAGTGGAGTACTGGTGGCGCCAGCTCAGGTGATGTATTCACCGCCTCACGCAGTCGCTGGGAAGTTCGTGCCAAGTTCCCGAAAGCCAAAGGTGTCGGCTACGCATTCCTTCTCTGGCCAAAGGACGAAGGCTGGCCGCCAGAGATTGATTTCGCTGAGGGGCGCGTCAATGGTCCTCGTGTTGAGGCAACGTACCACTGGGATCCGGACAACAAGCAAAAGCAAGTATCCCTTGATAATCATGATATGAGCGGCTGGCACACATACGGCGTTATTGTCGAGAAGGATCATATCATTTTTACGCTAGACGGCAAAGAATGGGGTCGTATCAATCATCCGAATGTCACTGATAAGCAGATGTTCCTCGGTGTGCAGGCTGGAGCAATGAACCCAAATGGTATTAATAAGCATACCGAGACCGTTGACGGCGGCGTACCTAATCCACTCACGCCAGCCGTATCCGATATTGAAATTGACTATGTAGCGCATTACGTGCGGAAATAGCGGCTTGCCAGATAACGGCAACTTTAGTACAATGAGATAGCAAGTTTGTGGCTCTTTAGCTCAGTTGGTAGAGCAGAGGCCTGAAGAGCCTTGTGTCCCCAGTTCGAGTCTGGGAGGAGCCACCAAACATTGCATTTTATTCGCGGCTTTGTTACAATAAACCGTGAACCACATGCGGGTATAGCTCAGTTGTTAGAGCGCTTCCTTGCCATGGAAGAGGCCAGGAGTTAGAGTCTCCTTACCCGCACCATGAAAGACTTTTCAAGCTCTGAAAGGTCTTTTTTGTTTATAGCCAATCTGTAAAGTACGCTGCAGCCCTCTCCAGGGCAAACTCCATGAATCGAGCCTTGTCTTGCTTATTTATATCTTCTAATTATATATTTATACCCAGAGGATATTCTTTTTAGTCTGGCAAACTAGAAGTCTCTAGTGGAGAAATATACTTAACGCTCATTCAATAGCGAACGAAATCCATTGGCTATCGTATTGGCATGCGTATTATAAAGGAAGTGGCTGCCACCTAAAACCGTAACGAACGATTCGTTGGGGCGTGGTAATTGTGCGATATGTATTTCTTTCCATTTGGGAAACAGCTCTTGTGACTGGTTCGACAAGTAAAATCTAACGGGTATATCAGAGGGGAATTTGGAGGTTGCACTTAAGCCACCACTATCGCTATCAGACCGCACTGTCTCATCAAGTACCGCGCTACTCGTAAAGTTGCGGTTCATAAGTTTGTTAGCTAATAATCGCTCCTCGTCAGTATAAGTTCGTCCCGTCATCTCGGAAATAG
CP039998.1_gap13	501012	504722	3710	AGAGATGAAAGCCTTCTTTGAATCGGGCCGTCCGGGTCGAGTGCGCATTAGTAACGGTGCGGCAACGGTTGAGGACGCACAGACTGGACAGATTGTCGCCCTCGTTGGTAGTCGTGATTTCAATTATGCTGGCTTTGGGCAGGATAACGCCGCCACCGCCTTTATCCAGCCGGGCTCGACCATCAAGGCTTTCGACTACGCCAAACTGTTTGAGAATCGCGGCAGTAATCAGCAAAATTACGGCTCAGGCTCAATCCTCAGCGACGAGAACATAGACAAGATTTATGGCGCCAAGCTGAACAACTGGGACCGACGATTTATGGGAAGTATTTCTATTCGCCGCTCGCTAGCGCTTTCCCGTAATATCCCAGCGGTCAAGGCAATGTATATCGCAGGCAACGGCTCGCCAAAACCAACCGTTGACTATATTCACAACATGGGTAATACCAATTATTGCCAACAAGAAGAAGCGGCCGGCGGCTACGGACTGTCAGCAGCCATTGGCGCCTGCGGTACGAAGCAGACCGAGTTAGTGAATGCTTATGGCACCTTTGCCCGCATGGGCGTCGCCAAACCAAGCACCAACGTCCTCGAGGTAACCAACAGCCAGGGCGATACGCTAAAGAAATGGAAAGACGAGAGCAAACAGGCAACCGACCCGCAAGTCGCCTACATCATCAATGATATCTTGGGTGACGCGGACGCGGCGCGTGACTTGCACGGTTACGGTGCAATGAATGTGCCTGGCGTTAGAACCGCCGCCAAGACTGGTACTACCGACAAAAACGGCCACGCCAAGGATGTCTGGATCGTTAACTATAGCCCGGCGCTGGTCATGGGTATGTGGCTCGGCAATTCCGACACCAGCACCATCAACACCCCGAACTCAGCCTTTGGTATGCCGGTGGTGCGCAGCGTCATGTCGTTTGCTCACAACGAGGTTTATGCCAAACAGGGCAAATGGAAGCCAAATGATTGGTTCAAGCGGCCAAATGGCATCCAGCAGCAAGGCAAAGAGCTCTATCCATCGTGGTGGAATAAAAAACAGGGCGAGACTACTGAAAAGATTAAGTTTGACCGTGTCTCCAAGAAAAAGGCGACAAATTGTACGCCAGCTGACGCCATCGAGGAAATTGAGGTCACCAAGACCATTGACCCGCTCACCAAGAAACCATCATACTCAGCGCCTGAAGGTTACGACGCCAACGCTGATGACGATAAGCACAAATGTGACGACGCCAAGCCAAGTGTCAGCCTATCGCTTTCTGGCTCTGGCTCCAGCCGCACCATCACCGCCCGCGCCACCAACGGCACATTCCCGCTCACTTCAATTGACATCCTCGTCGATGGTCGTAGCGTCAAAAGTGAGTCAATCTCCGGTAGTGGTGGCAGCGTTTCGGTCGGTGTCCAAGTTGATAAACCAGGTCGGCACATTATCCAAGCAATCGCCCGCGACGAAGGCTACTATACTGCATCAGACAGCGGCAGCTTCTCGGTAGGCAGCAGCTCAAGCTCCGACTAATCCGCCTCTCTTTCCCCCTGTGACACATAAAAACCAGACCGCTTCAGTCTGGTTTTTACTTCTTCTTAGTCTTAGCGACTATTGCTCATTAACCATCCGGATCAAGTCAGCCTCGCGCTGCGCCTGGGTCTTGGGGCGAGCCGAACGGTGACCTTGAGCTGCGGCGCGCGAGGCATCGGGTTTCGCCGCCTTGCTGGTCTGCGGCCGACGACCGGTGGAGCGCTGCTTGGATTGTTTGGGAGCGGCTTGAACTGGTGACTGTTGCGCCGCTTCTTTTGCTTCTTTTGGCTCAGCGCAAATCTTGGCAAACATCATTTTACCAGCATCAGTTTGCAGGCTTCGGATGATTTCAATGCGTTTTTTCTGACCCAGGAATTTTTTAGCCTGCTCAACTACCACCATTGTACCGTCGTGCAGATAGCCGACGGCCTGATGAGAATCCTGACCTTTTTGCGTCAATTCAAGCACCAGCTCATCGCCAGGCAAATAGCTCATCCGCAAACTCTTGGCCAGCTCATTGATGTTGAGGATCTGGATACCTTCGACTTGCGCCACCTTGTTTAGGTTGTAGTCCAGCGTCAAAATAGCAGCGTTCATTTCCTTGGCGAGTTGCAGCAAGCGGTTATCAACGCCCTCAGGAATGCGCGTTGCATCATCAAGTAGCGTGAACGAGCCGCCCAACACATCTTTGAGTTCCTTCATGGCGTCCATGCCGAAACGGGCGCGCTCACGCTTGGCATGATCAGCACCGTCGGCCAGTAGTTGCAATTCTATCAGCACACTACGCGGCACGATGATCTGCCCTAGTAAGAACCCAGTCTTTGCCAGATCAACCACCCGGCCGTCCATCAACACCGAGGTGTCAACCAGAATCGGCAGCTGCGTACCGCTACCTGTGTGCCGCCGCGGCTTGACCAGTAGATATATTTCCGCCATGATAGCCAGCAGCATGATAATGATGATAAGTTCAATTGTTTTTTCCATAATAATTTCCTTTTATCTAATAATGTTATTGTAAATAGTCAATCAGTGCCTGGCGTAAATCGCCGACGCCGCGCACAAATGCGTCCTTGTGGGTTTTTGGCGCAATGGCATAGGTAAAGCCAAGCTTCTTCGCCTCTTTGACACGGGTGTGCCAGCCTTGAGCCGAGCGCACTTCGCCGCCTAAGCCCACTTCGCCAAACACCACCGCTTCATCACTGAGCTTGCGGCCAGCTGAGGCCGAGGCGATGGCCATGGCGACTGCCAAGTCCGCCGCTGGGTCGCTGAGTTTCAAACCGCCGACCACATTGATGTAAATATCCTTGTCGGAGAGATTGAGCTTGGTGCGCTTTTCCAGCACTGCCACCAACAAGTTCAACCGGTTGAGGTCAAAACCGCTGGCCGCCCGCTTGGGATAGCCAAAATTCGTCGGATTGACCAGCGCCTGGATTTCCACCAATAGCGGTCGCGCCCCCTCCATGGTCGCCAGGACGATGGAGCCGTCGAGGTTTTGCCGCTCCGCCAGCAAGCTAGCCGACGGATTAGCTACAATCCGTAAGCCATCCTCACGCATCTCGAAAATTGCCGCCTCATTCGTCGAGCCATAGCGGTTCTTCTGCGCCCGCACCACCCGAAAGCCGCCATAGCGATCACCCTCAAAGTTCAGCACCACATCAACCAAATGCTCCAGAACTTTCGGCCCGGCAATTGAGCCTTCTTTAGTGACGTGACCGACCAAAATCACCGCGGTGTTCGCGGCCTTGGCAGCGCGAATGATGACGTTGGATGAGTTGGTGATTTGGCTGACCGAGCCTGGCGCTGAACTAATCTCCGCCAACGACAGCGTTTGGATGGAATCGACAATCACCAGGTTGTACTGGCCAGTCTGGATAGAGGCGGCGATGTCTTCAGCGCTGTTACTGGACGCCAATTGCAAGTTCTCTGAGTCGACCGCGCCCAGCCGCTCAGCCCGCAATTTGACCTGCGATACCGACTCCTCGCCACTGACGTAGAGTACTTGTTTCTGCCGAGCGATGAATGCCGCCACCTGCGCCAGCAGGGTACTTTTACCAATCCCTGGCTGGCCCGCCACCAGCACTACGCCGCCTGGCAGAAAGCCGCCGCCGAGTACCACATCAAGATCGGCGATGCCGGTTGCCAGCCGCGCTTGCTTGGCCTCGGTAGCCGTCTCGCTGAGTTTGAGCGT
CP039998.1_gap14	506668	508698	2030	AGATGAACGACCCAAGCGGCCCTGACCGCCGACTCAGCCCAGCTCGCGCCCGGCGAATGGTTCGCGCCAGTGTCGCCACGGCCTTCTCTTGACCGAGCACTGACCGACCCAGCCGCTGTTCCAGCGCCGCCAGGTCTTTGCGCTCATTCACCGTCACTTTTTCCGCTGGCACGCCAGCCATCGCCGCCACCGCTCGCCGCACGTCATCCTCGGTTAGCTCCGGCAATGCTGGATTGTCAGCCGGTAGCTGCTTGGCCTGTTGCTCCAGCTGTTTGATGCGAACCTTTAGCTCAGCCGCGCGTTGATATTGCTCAGCCTCGACCGCCGCATCGAGCTTGCCCGCTAGCTGTTTGATCCGCCGCGCTAATTGTTGTTGCTTGGTCAGTTTAGCCGGCCGCCGCGTACTAACCAGCGCCGCCGCCTCATCGAGTACGTCAATCGCCTTGTCCGGCAAATGACGCTCTGTCACGTAGCGCTGGCTGAGGGCCACGCTCAACTCGATCATCTCATCAGAAATCCGCAGTCGATGATGGGTCGCCAGCCGGCCGGCTAGCGCCCGCACCATGGCCACCGCTGCCTGCTCATCTGGCTCCGCCACCGTCACGGCCTGAAACCGCCGACTGAGGGCCGCATCTTTTTCGATGTGCTTGCGATATTCATCAAATGTCGTTGCACCGATCACCCGCACCTCGCCACGCGCCAACGCTGGCTTTAGAACATTCGCCGCATCCATCGACCCCTCGGCCGAGCCGGCGCCGACCAGCAAATGCAGCTCATCAATGAACAGCATGATCTCCTGATGATTACGCGCTGCAGTCACGACTTTTTGTAAGCGCTCTTCAAACTGACCACGAAACTTTGTACCGGCGACCATGGCCGTCAGATCAAGCTGAATCAGCCGCTTACCGACCAAAAACTCCGGCACTGTCCCCGTGGCAATCCGCTGTGCCAAGCCCTCGACCACCGCGGTTTTACCGACGCCCGGCTCACCGATCAGCGCTGGATTGTTTTTACCGCGCCGCCCGAGCACCGTGATCAGCCGCTCCGTCTCGGCCTCCCGACCGACCACTGGATCAAGCAGTCCGCTCCGCGCTCGCTCCGTCATATCAACTCCATACTGATCAAGGATCTTGAGATCGGCCGACCGACGAGCATGCGGCGCCGCACCTTCCTTCGACTCGTCCTGTATGGCCTCCAGCTGCTGCCGATCAAACACGTCCTCTAGCGTACCGCGCAGCTCCTCCAGATCCACATTCATATCACTGAGCAACTTCGTCGCCCGAGCCTTGTGCTGCAGTAGCATGCTATAAACAATGTGCTCAGTGCCGATGCGCTCCTGCCCAAACTCCGTCGCTAGCTGCCAAGCCGTCCGTATCGTCTCCAGTACCTCGGCGTTCATGCCTTTGTGAACAACCACCACCACGAACGACTGCGCGGTTAAGCCTAGCGCCAACTCCGCTCGATCCAGCGTCACACCACTCTCCGCCAAAATCTTCGCACCCAGCGACGAATTTTGCGCCAGCACGCCGAGCAGCACATGCTCGGTACCGACATACGGACTGCCGCTATTATGCGCCAGCAGCCCGGCACGCTCTAAGCTGGCCTTGGCGGTATCAGTCAGCCGAGATTCTAACTCAGAAAAATCTTCCGGCATATCGCCCTCCTTTCGTTTTCGGCGATTCTCACGAGGCAGCCTATTCCGCCACCTCCTCAACCACGCTCATCAAGCTGTCCTCAATATTTTTGCGAGGTTTCGTTTCAGGCTTAGCAGCCGCCTTTGCCTCAATGTCCAGTTCATAGCCAGTCAGCCGACTTGCCAAACGAACATTCTGCCCAGCCCGGCCAATAGCCACTGATTGCTGATCCTCGCTAACATACACTGTTGCCCGCTTTTCATCTTCATTGACCGTTACGCTCAGTACTTCCGCTGGACTCATGGCATTGGCGATAAAGCCAGCCGCATCTTCCTCAAACGGAATGATATCAATTTTTTCCTGCTCGCCAATTTCGTTCATCACCGCCTGAACGCG
CP039998.1_gap15	513353	515464	2111	TTGCTTAATCAGCTGCGCCGGCAAATCCTCCAGCGACTGAATGGCGTTGCCATTATGGCGATCGTCGCTTGGCACCGCGATAATTTTATCATCAACCTCATCGTCATCGACAAACTTCATCACGCCAAGGATTCGCGCCTCGACCACCAGCCCGGTCGTCAGCGGCGTATCCGTCACCAATAGCACATCCAACTCATCGCCGTCCTCATCCAGCGTCTGCGGGATGAAACCATAATTAGTCGGCTTGGCAAAAATCGCCGGATCAACCCGGTCCAGCCGCATGACGCCGACTTTCCGATCCCATTCAATTTTATGATTTGACCCAGCCGGAATCTCTACAACAACGGTGATTTCGCCGTCCTGATAATTCCCTGGGGTTAATACTTGATTAAAATCTGCCATCTCCTACTCCTCTCTGGCTTTTTCTTGTAAATATTCACGAATCTGCAATGCCGCCACCGCACCCTCGCCAACCGCCGAAGCAATTTGCATAGTTGCGCCCGAACGGACGTCGCCTGAGGCAAAGACGCCTGGGATGTTAGTGTGCAAATGTTCGTCGGTGACGATGTGTCCGCCGAGGTCCAGTTCAACACCTGAGTCTGCCAAAAACTGTGTGTTTGGAATCAAGCCGATGAAAACGAATAAGCCGTCTGCGGTAAATTCTCTCTGCTCGCCGTTTTGGGTCGATTTGACACCGTAGAATTTGTCGTCTTTGACGATAATTTCATCAGTGGTCGCACCAATGTGGACGGTTATGTTGCCTGCATCGACATACTTTTGCAGCTCTTTTTGCAGGACGTCGCTGGCGCGTAATTCGCTGCGCACCAATAGGTCAACGTGGCTGGCGTAACGAGTTAGAAAGATCGCTTCCTGCACCGCCGAGTTGCCGCCGCCAACGACGATCAAGCGTTTGTCGCGGTAAAATGCGCCGTCGCACGTCGCGCAATAATGCACGCCGCGGCCATACAATTCGTCTTCGCCTGGCACGCCCAGCTTGCGGTGATTTGAGCCGGTCGCCAGTAGCACTGCTTTGGCGCGCACCGGCTGGCCATCAACCATCAATTCCAATTCGCCGTCAACTTGCTTCAGGGCCGTCACGTCACCATACTCAATATTCGCGCCGAACCTCTCAGCCTGCTGCTGCAATTCTGACGCCAATTTCATGCCGGTCACGCCCTCAGCAAAGCCTGGGTAATTGTCAATTTGATCGGTGATGGCCGCCATACCGCCGACCACGCCGCGTTCGTATAGCGTCGTCGGCACATCTTCGCGCGACAGGTAAATTGCTGCAGTGAGTGCGCTTGGACCGGCACCGACAATGATAATCTCTTTAGACATTCAACCCCCTTGACCTATAATATCGCTTGATAATTTCTGGCATCTCCGGCCGTGGAATCTCCGCTGGTCTTTCAATAGCCATAACCACGAATTTCAGTGGTGAATTAGCAGGAATCTTATCGCCCTGGGATTGCTTACCGTAAGCCTTGTCCGCTGGAATTGTCAATTCACGCACACCGCCAATTTTCATACCAATCAGTCCCTCTTTCCAGCCCTGAATCACCGACGTATGTGCTGGGCCGTTTACCGCAAACGGCGCTTTCAATTTACCGCTGTTGATTGACTGATCAAAAATCTCACCCTTGGCGTTCCAACCGATGTAGTAAACCGCAAATTTGGTGTCATCTTTGACCTCCGCGCCGTCACCCACGATCAAATCTTCTTTGCCTAGCTCCTTCACACCAGCAGCCTCAAAGGCGCCGACTCGCGTACTAAACCCCGAAAACTTGCCGTGATATTTACTGTTCAATTCCGCAGTCTGAGCGTCAACTTTCTTTTGCCACTCCGTGGTTGCTTTTTTATAATCTTCTTGCGCCTGCTTCAGCTCAGCCTGATCTTTGGCGTCATTGCCTGGCTGCACCATCATGGCAATGAACCCACCAATTGTCCCAATCGCTAATGTCCCCGTGATGATCCATATACCGAGTCGCTGTCCCCTCGTCGCCATAATCCTCCTTTATCTTACCTTGAAATTATATCAATGTTTCCTCTCGGCCGCAATGTCATAACGTGCCAGCTCATCATCAATCCCCACGCCGGCTGTCCGCTGTAGC
CP039998.1_gap16	543434	545090	1656	GCACTACCACGCACCGCCGCTTCGGATAGACGCGGCGCCACTCGCTGTGATCGCTCTGGGTGTGCTTGCGTCGCCAAATCCAGCGCTTCGGCCCGCGCCTTTTGAATCGACATCATTTCTGTGACTGGTCTTGGCTGCTGATTCATTATCTCTCCACTGTTACAAGCCAAAAAGTTTTACCGTGTTATCGGTCGCTACCTTTTCGAGGTCACGAAGCACCAGCTTGCGCTCCGCCGCCCAATACTTTGCCACCAACTCCACATATTCTGGCTTATTCAGCTTACCACGAAATGGCTTTGGTGTCAAGAACGGCGCGTCGGTTTCTAATAATAATCGCTCCAACGGAATCGAGGCGAACAATTCCTGCTGCGCTTGGTCTTTGGTGAACGTGCTAATGCCATTCAAACCAACGTAGAGTCCGCGGACAAAACCCTTCTCCAAATTGAGGCGCGTATCAGTAAAACTGTGCAGCACGCCGCGGAGGCCATGAAAATTATCAAAAATTGGCCAAAAATCATCCCACACCGACGGCTGGTCGGGCGCACCATCACGCACATGAAAACTAACCGGTAGATTATAATCCACCGCCAGCTGCAGTTGCGCCTCCAGCGCCTGAATTTGCACCTCGCGCGGGCTGTGATTGTAATAATAATCAAGTCCAATCTCGCCAATCGCCACAATTGGTGAATCCTCTGCCCTGGCTTTCAGTAGTCGCTCCACCTCGCCCCAGCCATCTTTGCTGTCGTGCGGATGAACGCCAACCGCCGCCCAAGTATAGTCGCGACTCGCGACAAACTCCACTGCTTGTCGGCTGCTGCGCTCGTCAGTGCCAACGCAAATCATGCCGATACCCGCTGCAACTGACTGCTGGTATAATTCCTCGCGATTGTCCGCGAAAAACTCGGTATCATGCAGATGACAGTGCGAATCAATCAAACGCAAACTTGTCGCTGTATTATTCTCAGTTACTGGACTTGCCATTACTTACCTTGAGTTTCTGCTTTTGGTGCGCGCGGATCAGGCGTATGGAGATAGAGACGCGGGAATAGTGGCGTTAGCTGTGATGGCACAACACCGCTAGCAAACATGTTGTGAATTTTCTCGGCAGTTTGCGGCATGAACGGACGCAGCATGTTGGATACTTGAAGCAACGTACCGCTGGCATGCGCCAAAATCTCGCCCAAATGGGCTTCCGCCTCTGGGTCTTTATCGCGTTTTTTAGCAACTTGCCACGGCTGGACACGCTCAATGTATTGATTTAGCGCACGGATAATCTGCCAAATTTCATCCATGGCCTGGTTGAAGGCAAAGCTCTCCATGAAGTGGCGGTATGGGCCCATGTCATGTTCAGCTTGCGGCGCATCGCCAATGACGCCGGCTTGGTATGACTGTACCATCTTGGCCACTCGCTGCACCAAATTACCCAGGTCATTGCCCAGTTCGCCGTTATAAGCCGCTTCAAATTTCTCCCAGGTAAAGTCACCGTCATCTTGTGTCGGCACGTGGCGCAGGAAATAATAGCGAAAGGCCTCGACACCATAATGCGGGATGATGTCAGCGGGACCAACGCCATTACCGAGACTCTTACTCATTTTGGTACCACCAACATTGATAAAGCCATGGACCAACAGTACCTTTGGCAGCGGCAAATCCAGC
CP039998.1_gap17	547084	551339	4255	ACCAAAATCCAAAATTTTTAAACCTTTCAGGTGTTTCAGCTGTGCAAACGTTATTTCATACTGAATCTTACCCCACGGTTGCTTGAGCATATCTCTGTAGCTCTCTAAATTGACCACCATAAATATCCTCCGTTCTCTAACTTATTTTATACCATCACTACTAACACCGCAAATCTGCCATCTGTATCACCGATGGTATGTGAAAAGTAATGCGGATCATCTGCTGTATCAATTGGTGAGATGAAAATATTATTACCAGAAACGCCCGCCTGGACGGCTAATGAACGATTGAACCCTTGCATGTCCAGATAAATTCCGTCAGCCGTTTGACGGCAGAAATTGCGCCAATTCGTATCATTTGTATGATCAAAATAATCCATACGATAATTTTTCTGCGTGATGCTTGGCGACATCCAAATTTGTAAATCTTTTGCCTGGCTGCCGCGCTCGACAAAATGCTGAACTGCCCGAGACATTAACTGCGCAACCGTTGAATGCCGACCCAAATGCGCCAGCATAAGCGCCCGACGCTTTGGATCATAAATGACGGTAGCGATACAGTCCGCCACTGGCAAAAATAAGCCGATGCCAGCCGTTTCGGTATATAGCGCGTCAGCAAAAATCCCCTCGTTGTTATATTTAACCGTGTCAGTTTCAGTGACTTCGGCAATATTATCAAAAGTTTGTGCTTGGTTGTATGAAATCACGTGATAAATAACGTCGTCATACTTAACACCAGTTTGATCGCAAAACCGCCACCGATTGTCCAGCACCTCAGCTACGTGGCGACCGCGAATACGGTTGAGCATAGTGCCGTCGTCTTTCGACGAAACCGCAATGAGCAGATCAGACGGAAAGCAGACGGGCTGATCTGCCGCAATCATCGCGCCCGCCATTCTTTGAGCAGCCGCTGCCAATCGTCAATCGCCAAATCCTCAGCACGGACATCAGGCGAAATGTTAGCCTTTTTCAGCAACTGTTCGGCGCTAGCTTTACTAACGCCCAGTCCGCCGCTCAAGCTAGAACGCAGTTTTTTACGCTTGGCTGAAAAACCGGCTTTAACAACACGAAAAAAATCTTTTTGGTCTTCAGGGGCGACTAGTGGTTCGGTGCGAGTCCTCAATACCACCACCTGCGAATCGACTTTTGGCGGCGGCGTGAAGAACTGCCGCGGCACTTCGATGTTTAGTTCTGCCTCGGCAAATAGCTGCGCGCTAACCGCTAAAACGCTCATTTCGCCAGGCTCCGCTGCGATGCGCTCAGCCACTTCTTTCTGCACCAACAGCACCGCCAAGCTCGGTTTATTTTCCGCCGTCATCAACTTCTCGACAATTTTGCTAGTGATATAGTACGGCACGTTGGCGACCACTTTGTAGCCAGCCGGCAACTGATTCAAATCAAATTGCAAAATATCTTCGTTGATCACTTCCAGGTTTTTGCCAGGAAATTGCCCCGGTAACTTGCGCGCCAAATCCCTGTCAAATTCTACCGCCACCACCCGCCCAGCTCGTGCCAACAACCGACTAGTTAACATACCAAGTCCTGGCCCAATTTCCAAAACTACATCATCTTCACCAAGTTCCGCCGCCTCGGCAATCTCTGCCAAGATTTCTGGGTCGCGCAGCCAATGCTGGCCTAATTCTTTTTTTGGCCCGCGAGTTGATGCCATCTAGCGACCGTCTCCGTTTGTCCAGTCAGTCGCTAGGTCAAACCCATGCGGATGCCGAGCCGCAAAACCGCCGGTATCATACACTTTACCAGGACCCATGCTGGTTTCTACTACTGAGCAGCGCGGATAATTACCATAATTTGCCGCCACCAAAATATAGCCGTCCTTATCCACCTTGGCGCCGTCCGCCCGCACCGTGTAGCCACCGCCGCCGCAGGCATTGATGACGATATTCATTGGTAGGTCATAGTAAGTTTCGCGGTGCGCCACGCCGCGTGAATCAGTAAAGATATGCGCACCCTTCGACTTCGTCAGTGGATTTTTTGGCTTGGTGCCGATCACTTCGATTTGCTTTTTAGGCTGTTTGCTGATACGGCTACTTATTTCCTTACGGCTGATCTCAACACCGCGCTCGGCCTGGGCCTGGTAAGTCACGGTACGAATACCCTTTTCACCCAGCTGCTTAATTTCCTTGAAACCAATCGGCTGATTCGCATTCTTAAGCTGCTCCACAGGAAAGTCAATGTCAACCTCCTCGGTCACGGTTCGCAGCGGTGCACGAGTAATGTTCATCAGCACGTTTGTCCCATCCAGCAGCATATTATCGCTCGTCATAAATTCAACCCTATCCTCGACATATAGCGTGATCCCCGCCGCTTTGGCGATTCGCTGCGGCGTCTGCTCCGCTGTGGTAATATGTGAGCGCCGCGAACCATCAATGACCGTTACCGGCCGAGCCCGAAAAATTGTCACCGTAAATGTTGTTCCTGTCAGCTCCATATCAATGTCTGGCTTAACAACGTCACGCCGCTCATCAACTGTTACCCGCGCCAGCTGTAACGCCTGGCGTACGGTGCGTGCTCGGGTCATGATCGTCTGCTCGCGGCCGCGGTCACGAATCGTCACCAGCCGCTCCGCTGACGACTGGGCATGATTATCTTGTGCTTGGACAGGCTGAGATAGCAGTAAGCCAACCGCACCAGCCACGAAAGTCATGAAGCAGCCCAATAGAACAACCGGCCGCCGGTCTTTCTCTATGTGCCATTTCCACCAGTTCATCATTCTGCTCTAATACCTAATTAACGGACGTATTATACCATATTTATCTAATAATTACTAGTACCACCCTCTGGCCTTGCTGTGCGCCACCGCTTTTTCCCACGAGCCATATCGTCTCATCACGTAGCCATGCATCCAATTCAGCGAATCGACTGGGTTGAGCGGATTTCCTGGTACTTTACTACATGGCAGTGCCTGTGCGAGACCGCAGGCGCCACTCCGGCTGCGAGCATTTGGATTCCAGCCGCTTTCTTTCTGCACCAGCCACTCGGCATAACCCCATTGGTCACGCGGGACGTTTGACGAAGATAGCCACTGATCTTTGTTGCCGCCACCAGTATATGGCATAGCGGCATTCTTTGTGCCGATAATTTCAATTTGTTTTTTAGGCTGTTTTGTTACCTGACTAGCAAGCTCCCGACGACTCACCTCCTTACCATTTTGCACCTCAATCTCATAAGTCACCATCCGCCGGCCCTTTTCGCCCGCCTCTTTCACCTCCTTGTGGCCCGTCTCGCGATTGGCATCCCGTACTGTCTCAATCGGAAAAGCGACATCTTCATCAGTTGTAATCGTCTGCTTACCGTTGCGCCAAACATCCAGCCGCATCCCACTAGTAATCGGCGCCTCGAGCGGCATTGATACGGTATCGTTACTGGCTAGTTGGACATGCTTTTCCCTGAGCAGTGCGCCAACGGTTTTCGCGTGAGTGCGCACTTCAGCCAGAGACCCATAGAGATTGAGCTGGAGTGGCGTCGCGCGCTTGATAGTCAAGACTGCATTCATGCCGCTGGCAACCACGTTTTCGGCGGCATGAATATCGACGATATCCTCGCTATAGAGTTTGATCCCCGCCGCTTTGGCAATCGCCGCCGGGGTTTGCTCGGCCGTGGTTAGCCGAATACGTGCCCGGCCATCGACTACCGTTACCGGCCGAGCCCGAAAGATATTAACGTTATATGAGCTAGCAACCAACTGCTCGTTAAGTGCTGGCTCTACCACATCTCTTCTCTCGTCGATGTCAATCCGCGCCGCCTTCAACACCTCGCGCACCGTTTTTGCCCGAGTGATAATTGTTTTCTCGACTCCCTTGTCATAAACACTCATCAGACGCTGGCCGTCGCTCCGTGATGGACGCTCGGTACTCTGCGCCAAGGCAGCATCCGCTACGTGGATCAGTGTCACTCCAAGCACAAACAAACCGATTAGCAGAAAAATCTTCTTTGAATGGTAGCGAATAGATAAACTCTTTTCCATAATCTCGCTCGTGGGCAGTGCCACAAACTGCTATATATTATATCAAATTTTCTCTAATCTGGCGAATTCTACATTAAGCTTCTTCGTATTACCATTATCAAATTGCACCGTCACCGCCATTCCATCAACATCCACCACCTCGCCCACGCCAAATTGTGGGCTTCGCACCCGATCACCGACCTCTATCCCGATATCATCAGTATAAAATGCGTCATCAGCTGGCGGCGCAGCAGGTGCATCCAGACCACCACTCATCAGCCCCATTTCATC
CP039998.1_gap18	600464	604239	3775	CTGCGCTGCCAAAGTCTTATTGTGTGCCAGCACCAGCGTCGGCACATTGGCTCGGGCGATAATATTTGCCATGGTAAACGTTTTACCCGAACCGGTCACGCCCAGCAGTGTTTGCTCGCGCTCGCCCCGCTCCAAACCGCCCACCAGCTGAGCAATCGCCGTTGGCTGGTCGCCAGTCGGCTGATACCTGGAAACGAGATTAAATTGATTCACATTTCCTATTGTAGCATTATTGACAAATGGTAAATTTTCATGATATAGTTGACCAGTTATTAGCGATAAAACAAAAAGGGCACTTCAATGACTCCACAAAATACATGTATTCCGCGTGACGTACAGCTACAAGCTGCGATGTTCCGTCTTGGCAAGATGGAAGACGAAATCCAGAGCGGCTACGAAATTCTCCGAAAATATCAGAAAACAATAACCATCTTTGGCTCGGCGCGCACCGACCCGAATAGCGCCTATTACCATGCCGCGAAAGAAACAGCCGAGCGGCTAGCCAAGCTCGGTTACGCTATTGTTTCTGGTGGTGGACACGGCATCATGGGCGCCGCCAACGAAGGCGCTAATAAGGCCGTCCAAGAGGGAGCGCGAGCTGCTGGCGGCGAGTCGATCGCGTTCAATATCCGCCTGCCGCATGAACAGGAAGTCAATAAGTATGCTACCGAGGTGTTTGAGTTTCAGCACTTTGCCCCGCGAAAGATCGTCATGACCATGTTTGCTAATGCCTATATTTATTTCCCAGGCGGCTTCGGTACATTGGATGAACTGGCGGAGATATTGACGCTAATCCAGACTGAAAAAGCTAACCGCGCGCCAGTGATCTTGTTTGACACAGCATTTTGGAGCGATTTGGATGCCTTTTTCCGCAATCATATGCTGGCTGAGGGAGCTATCGTTGAGAAAGACCTGGATATTTATACTATCACCGATAGCGTTGACGAGATCATTGAGCTGGTACAAGCAAATAAGACCTATTGCTGATCACCTATCGTGTCAATTCAGACTTTTTGGGATTTCTTCAGGGTATTTGTATTTTGCTGGGACTTTTTATGAGGTTTTTTGCTAGCAGATTTTTTAGATTTTACGGGCACGGCAGCTGACTTGCGGCGTTTTGGTTTAGCGTTGGCTACCGGTAGCTGGAACGGCGACGCTGACTTGACTGGCTCACCGACGGCCGAGGCAACATAGCAAATCCCGCCCTCGCAGACAACGCGCTCAACAGTCGGCGTGTGCGTGCGCGGATGGGCTGAAAAACGACGGGTTATTTCATAGCCAAGCCCGCGCTTACCAGATTCGATACGATGCTGACCGTATGGTAATTGATGATGATAATTTTCAACGATATCCACCGGATGAAACGAGATAACCTGCCCGTCAAAATCCATCATCACCCAGTCGCTAGCTCTCGCCCAGGCTGCCTGATCAATCCGCGGCGCAGCAGCCATTAGCGCCTGATACACTTCTCTACCCGTCGTGTCCGCCGGATCAAGCCCCAGTGCACGGATAATTGAATGAGCCCGAGCTAAAATCTCAGTAATCAACCTCACATCGCTATCGTCACCGGCCATTCGTCTGAGCTCGCTCACGGCAACTCGTGTCCGCACTGAATCACCCAATAATTTTGTTAAGTTTCTTGACATTAAAACTCCTTTTCGCTTAGTGGCATGGCATGTAGTCGCGCACCTTGATATAAGATACCAGTTTTAGCACCAATATGATTGACGACCGAGCTTGAATTTGCGCTGGCAAATACTACTGCGTCCTTCAGCTGGGCGCCATGAGCCCACTGACTCAAAAAGCCACTGGCAAATGCATCACCTGCGCCAGTCCGATCAATTGCTGGCACATCCTCGTACATCGCTGCTCTGACAATCGTTACACCATCAGACGCCATCGAGCCATTCACGCCGTCTGTCAGCAACACCACCGGCACGAGCTCTTTTGCTCGCCGCACCAGCTGTTCCAGATCATCACCCGGCACTAACTGTTGCATCTCTTCTTTGTTCAGTGCCAATACCTCCACATCATCCAGCAGTCCCATTAACTTCTCGCGCTGTGCTAGCTCTCGCTTGCCTGGATTAAAGCAAATTTTCATACCAGCTGCTCGCGCCTCACGAAATACCTTATCCAAGACCGTCATCTGACCTGCTAATGTTGATACATACAACCAATCAGCCTCAATATCCGCCACGGTAAAATCAGCCGCGTGATAATGCGTTGATGCGCCGCGATACGTCAAAATTGTCCGTTCACCATTTGGCGCCAATAACAATACCGAGTAGCCCGTATTGTATTTTTGGGAAAATCGAACATATCGCGTATCAACATTCTCGGCGTCCAGATCATCCAGCACTGCTTGGCCAGCCGGATCACGGCCGACAACGCCCAAAAACATCACTTCGTGGCCCTGCCTGGCAAAGGTTACCGCGGCATTCGTCGCACCCCCACCCGTCGAAAAATGGATCTGGTTGACGTCGGCCTTGGCACCAAGTTCTAACTTAGCAAAACAACGTTCTGGACTGTCGCACACCGGAGCCAAGGCGTCTGACTGGCTTAAAAAAACATCCTGCACACCAGCACCAACAGTAATAATTCTTGCCATTACACCACCGCCTTTCCGGCTGAACCGAAGGCCTGAATTTTCGTCTCAACTACTTCCTGAACGGCTGCGTACACCGGTGGCATCAGCTTAACGATGGCATATTCATTTGGATTTTCACGCAAGGTTTTTTCCAGTGTGGTGCGGAAAGCGTAGCGCATGTCGGAGTTGATGTTGATTTTAGAGACGCCAATTTTTGCTGCGTCCTCAAAATAATGCAGCGGCGTGCCTGATCCGCCATGAAGCGAAATCTGGCAGTGCAGCGCTTCGCGGATGCGTCCTAATAATTCCAAATCCAAAACTTTCGGCACCGGATACAACCCGTGCAAATTACCAATCGCCGCCGCAAAAGTGTCAATTCCCGTCGCCTCTACGAAATCACGCGCGCCTTCTGGCGTGGAAAAGGTTTTCTTAATTTCTTCATAGTCAATCGCCTCGGTGTGGACATTTGACGAACCCCAAAAATAATGCGGCTCGGCTTCCACCAACGCGCCGGTGAACTTGGCGTACTCGACAACCTCACGAGTTTTGGCAATGATTTCCTCGTCCGAGGCATCGTGATTTGCCTGGGAAATATCGATATGCACAAACTCATAACCCGCGTCAATCGCCCGCTTGCATCCCTCCACCGTTGGCCCGTGATCCAAGTTCAAATACATCTCGATGCCATATTCAGCCTTATAATTATCCACCAGATCGCGCACGTTTTCTAGACCCATAGCCTTCACCTCGGCGTCGGACACTTCGACCAGCACCGGCGATTGGAGTTTCTGCGCCGCGCGCGCTACCGCGATCAGCGTTTCTTGATTATCAATATTAAACGCCCCGACCGCAAAATGTTGCGCCCGTGTCCGCTGCATCAAATGGCGCGCATGCGTGGTATTGCGCCGAATGTCAGAAATTGTCAGTCCCATAACCTCGCTTTATCCCTTATACTACTTATGGTTAGTATAGCAGCGGCGGCGGAAAATGAAAAGAGGCGAAGGGGTTTTACGATTTATTTTTGTACGGTTTTCGTCAAAATGCTGGCCTTATCTTTTGGCTCATCATAGGGTCAATCCCGATGAGGGAACTTGGTATTTTTACTTATGCAGCAGCATGGGAGATCGCGACACTCGTGACAATTCCCTGTATAGCTGTGGACGCTCGAGAAATTCCCTGGCGTCTGCG
CP039998.1_gap19	606139	610856	4717	TTTTTGGATTGTCCCACCAACGTTCAGGACGTTCACGCCGCCCTGAACAAGGCTATAAGCATTGTCAACCATCACACCACCATCCCAACCAATTTCAACATTCGGATTAATCATCTTGACGAGCCGAATTTTTTCCAGCTGCATCAGGCTGGCTGTTCCGCCAAACTTACCTAGCTCACCGCTGAAAATCAGGACATGCTCTGCCTCTTTGATAAGCTCTTCGACGGTTTGCGGCACTGTTGGCTTGAGCAGTGCTAGCCCGGCCATAATACCCGAGCGCTTAATTTCTTTGAGTGCCCCCAACACGTCGCCTTCGGCCTCGGCATGAATGATAATCAAGTGCGGCCTCAGTGCAATTAACTTTGGTACATACTCATCTAGTTTGTTCACCATAGCGTGAATATCAATCGTCCAACCTTCTGGTGCCCATAATTCTGGGATGCTGACCGTAAAGGTTGGCGCAAATTCACCATCAGTCAAATCGATATGCACCCGCTCAGCAAAGCCGGTAATTCTATCGACTTGCTCTTTGTATTGCTGGGCATTTTCTGCCAAAATTGCCGGGGCGATAACACTACTCATACGATTTCATCCAGTTGCGCATTGCGCCGATTATACCGCGGGGCATCCGCGTATGCAGTATTGAGCCACGTTTCAACAATGCCCTTCCAGGCAGCTTCGTTATCCTCGAGGACCCTAGCCGGCAGGCATAATACATTCGAATTATTGTCACGCCGCGTCATCCTCGCCTCATGTGCATCCCAAATAACACTGGCGCGGATCCCCTTAAAACGATTCGCCGCCATACACATACCCTGACCGCCGCCGCAAATTAAAATTGCCCGTGGATCATCCTCGCCATCACCAATCACTCGCAGCGCTGCCGCTGCCGCAAACTGTGGAAAGTCGTCATCAGGATTAAGCTCACGACCACCGACATCCTCGACTGCGTAGCCACTTTTCGCCAAATACGCAAATACTTTTTCTTTCAGCGCAAACCCGCAATGATCTGAACCAAGATAAATCTTCATGGGTTTAGTATAAGCGGTTTGGGCGATATTTGCAACCAATCAAGTCCTTGGAAGCTCAACTCATTACGTCGAGCCGCAGCCAGCCAACACCTTACCCATCGCCTCTTTTTCTGCATTTGTTACCCACAGACGATATTTACGCTTGATCGCCACCTGCCGTTCAATGTACTGACAGCGAAACGGTTTGTTAGGAGGCAGCCAGGTTGCCGCGTCGCCATCGCCTTTGGCTTGGTTGGCCGGACCGTCAGCAGCCAACAAATTCAGCGGGTCGTTTGCCAATTTTTCTCGTTCCTCACGTGGTAGTTGCTGTGCACCTTTCTGCCACGCATCACTTAACGCCACCACGTGATCAATTTGTACTTTCGACGAAGTCTCTGGCCCGCGCTGAAACTTGATCGTCCGGCCGGTATACGGGTCACGTAGTGTCCCGGCCAACACGCGACATTTATCATCAATTTTTGTTTCCGTTAGATCCCGCGCCAGGATCACCTCGCGCACCGAACAGCCGCTCATTTTGCCCCAACCATCACTAAATTGTTTGCGGCTATAGCCCGTTTTGGATGCGCGACCTTTAACCTCTAGTTTAGCTAACTCCGCCTGAGCGTTTGAATCACCAAATAATTGCCGCTGCATAGACGGCGAAGTCGGCGCAACCCGCGGCTGCTGTAGCTGCACCGCCCACACTACTGCACCCACTACCGCCGTGACAAGCAGTACCGTTATCTGCCGCCGTCTAATTTTCCTCGTTGCCATATTTATATTATAATAAAAGTATGAAAACAGTTCCACGCCTACTCGACACCTTTATGCCACATCATTACGCATTAACTCTTGATCTGACGCACGCCGAAGAAAAATCTTTTTCTGGCTCGGTAATTATTTCTGGCGAGTCAACTAGTGAATTGATTTCGCTGCACACCAAAGACTTGACCATTCATTCAGCGTTGATTGACGATCAGCCAGCCGAGTTTTCTCACGGTGAATTTGATGAATTACGCCTGTCGTACCCAGAGTTGTCCAATGGTGAGCACACGGTTTGCATCAAATTTTCTGGCGCTATCACCGACGCCATGCACGGGCTGTATCCGTGTTACTTTACGCATGACGGCGTCAAAAAGCAATTGTTTGCCACCCAATTTGAATCACACCACGCCCGCGAGGTATTCCCATGCGTTGATGAGCCAGCTGCCAAAGCAACCTATGACGTAACGCTCGTCACTGCTCCGAAGCTAACCGTCCTTGGCAATATGCCCGTCACTGAATCATCCGAAAAGGACGGCACGCTGATAACAACTTTTGCCACCACGCCACGAATGAGCAGCTACCTACTTGCTTTTGTTGTCGGTGAGCTACACAAAAAGACCACTCATACCGCCTCTGATGTTGAGGTAAACGTCTGGGCAACACCGGCTCAGAGCGAGGATACTCTTGATTTTGCGCTAGACATTGCTACTCGCTCAATTGATTTTTATGATGAGTATTTCGGCGTGCCATATCCGCTGCCAAAATCAGACCACGTGGCACTGCCAGATTTCTCGTCAGGCGCCATGGAAAACTGGGGGCTAATCACCTACCGCGAAAGCTGCTTGCTGGCTGACCCAAAATTAACACCGGAGTCGTCCAAGCGCTTCATCGCCACCGTCATCGCCCACGAACTCAGCCACCAGTGGTTCGGTAACCTGGTAACGATGCAATGGTGGAACGACCTGTGGCTGAATGAGAGTTTCGCCAATATGATGGAATACGTAGCAGTCGACGCGCTACATCCTGAATGGCGGATGTGGGAGGATTTTGCAACGAGTGAAGTCACTGCGGCACTGCGGCGCGATAGCCTGGACGGCGTACAGCCCGTGCAGGCCGATGTTAATCACCCAGATGAGATTAGCACCCTGTTCGACCCGGCGATTGTCTATGCCAAAGGCGGACGGCTATTAGTGATGGTACGGCGGCTGATCGGCGAGGAAGCGTTCCGTTCTGGGCTAAAATCGTATTTTGAAAAATTTGCATATAAAAACACTATTGGCAACGATTTATGGCAAGAATTGGAAACTGCCAGCGGACAGCCGATTGTTAAATTGATGAATGCCTGGATTTCTCAGCCAGGGTTGCCGATTGTACAGGTCGAGCAGGATAGTTCTGGCGAGCAGTCCACTGTCACCTTACGCCAAGAACGATTTTTCATCGGCGATCACCAGCCGTCCGATGCCCTGTGGCCGATTCCGCTGTTCGCCAATCAGCCGCTTGATGATATTCTGACCGAGCGCGAGAAAACATTTACGGCAAATGGCGATGTTCGGCTAAACTGCGGACTGAACGGACATTTCGTAACGCACTACGACTCAGCAACGCGAGACCGATTGATCGAAAAGGCGGCAGAATTATCGACGTTAGATAAAATTTGCTTACTGCAAGACATGACGTTGTTAGCGCGGTCTGGACGAGAAAGTTCGGCGGCGCTGCTGCCGCTGGCACGCGTTTTTCAGCACGAGACCAATGAAAGAGTCTTTAATAAAGCCGGGACAAATTTGGTGGAATTACGCAAATTCGTCGATGACAGTGAAGCAGGACGCGCTCGGCTAAAGCAGATTTCTGTTGAATTTGCCCGCGATACATTCATGGAACTTGGCTGGGATGAGCAGGACGGCGAGTCTGATGACGATCGCGAGCGGCGCACGGCAGCGCTAGGTTTGATGTTATACGGCGAGGACTCAGCAGCACTCGCGGAGGCCAAGCAACGCTTTAATGAGACTAACCTAGGTGATTTACCAGCTGAAATTCGGCCGCTGATCATCAATGCCAATGTCAGACATTTTGAGACGCCAGAAATGATTGACAAGCTTTTTACGATATATCAGAATACGCCGTCAGCCGACCTGCAGGTTGACATCGCGCTAAGCTTGACCTCGACGAAGAATCCAGCAACCGCCGAACGAATTTTAGTAGCAATAAAAGATGCTAATATTATCCGCCCGCAAGACGCCAGCCGTTGGTTTATTTATCTGATCCGCACGCGGGAAAACCGGCAAATTGCCTGGAACTGGCTGAAAGAAAATTGGTCGTGGGTGAAAGACACCTTTGGCGGCGATAAAAGCTACGATAATTTTATCCGCTACGCCGCCAGCGCTCTGTTGACCCGCGATGAGCTAAACGACTTCACCAAATTCACTAAGCCGCTGCGCGCCGAACCGGCCCTAACCCGCACCATTGATCTGGGCATCCGCGAGATTGCCGGCAGAGTAGCACTGATTGAGCGAGATCAGGCGGCGGTTATTGATGCGCTTAATTAAGTAATATGAGTTATACACTTTTACAGTTGACTTATTTAATATCGAGTGGTATAATCGCCAACAAACATTAACCACACTGAGTGGAGTTGGTGCGTGTTTGAGGTAATAAATTAACTCAATTTAAGGAGATCTTATGGGAAATCACAACACTATTGGTAGCCAGGGAGACCGGAGAGATACACCGCACCAGATAGCTGACACCGTGCGTGAGCTGGGGCAAAAGGCCGTGGCTTGGGCCTTAATGGCTGGCACGGCCGCATTTGGACTCGTAGGCTGCTCGTCGGGGAAGAAAACCACCGAACACAAGACTGTCTCCGTGGCTTGCGGCCACGATTCGTTAGCAGTACCGCAGATTGAACGTGCTGAAACTTACAAATATAATATAACTGGAGAGCCAAG
CP039998.1_gap20	613872	616558	2686	TGATTCGTTGGCCGGAGTCTGCGGGCGAAGTAGTAACACAGCCGCCACTACACCACCGACAACCGCAGCAGTGATGATGCTTGTGATGATGATATACTTCTTATTCATACCTCTAGTATAGCAACGGTTCCACTGCTTTGGAAGCTCATATTAACCCCGCCTTCCATCACATCGATACCGCAGGATTGATGGAGAAAAAATACCAGATAGAGTACAATAGTAATATGGATTACAATAAATTAGCACTTGAATTACACAAAAAATATAAGGGCAAAATCACCACCAGTTTACGCGACCAGGAGGAGTTGGATCGCGATAAATTAAGCGCCTATTACAGCCCAGGCGTGGGTGCGATCAGCCAAGCGATTGCCGAAAATCCAGTAGACCTGCCAAAGTATACCTGGACGAACAATTTGGTCGGTGTGATTTCTGATGGCTCAGCGATTCTGGGCTTGGGCGATTTGGGGCCAAAAGCCGCCATGCCAGTGATGGAAGGTAAGGCACTGCTGTTCAAGCATTTTGCTGATGTTGACGCTGTGCCAGTTGTACTGGATGTTCACCAGCCAGAAGAAATTATTGCCACGGTTAAGGCAATCGCGCCGAGCTTTGGCGCAATTAACCTCGAAGACATCGCCGCACCAAAATGTTTTGAGATTGAAGAGCGCCTGAAAGCTGAGCTGGACATTCCCGTATTTCACGACGACCAGCACGGTACCGCGGTCGTGGTGTTAGCAGGACTAATCAATGCCGCGAAATTAACCGGACGAAACCTGGCAGACTGTAAATTTGTGGTCATTGGCGCTGGTGCAGCTGGCACGGCCATCATCAAGCTGCTACATCTATACGGCACAAGGAACATCGTGGCGGTAGATAGCCGCGGCATTGTTGGCTCGTCTCGCACGGATTTGAATGCTGAAAAAACTGCGCTATTAGAATACGTCGACGCTTCGCAAGCTGGCTCAATTGAAGACGCCATCACTGATGCTGACGTGTTCATTGGTGTGTCGCGCGCTGGGCTACTTACGCCTGAATTGGTACAAAAAATGGCCAACAATCCAATCATCTTTGCCCTAGCCAATCCAGTTCCAGAAATCATGCCAGACGTCGCTCGAGAGGCGGGTGTAGCAGTCATCGCCACTGGCCGCAGCGATTTTCCAAACCAGATCAATAATTCCTTGGCCTTCCCAGGCATCTTCCGCGGCGCCCTGGATCATGGTGTGAAAAAAATCACCGACCAGCATAAATTAGCAGCCGCCGAAGCGCTAGCTGGACTAGTCGAAAACCCAACTGCTGAGGAAGTCATTCCTTCGCCGTTTGACGAGCGAGTAGCGCCAACCGTCGCTCGTGTTATCACATAACCCTATTCGCCACATGCTAACGATCACAATAGAAGCTGTCGGAGAGCTGGCTTTAGCGTGGCTTTCTGATATCCACTAGATAACTCGATTGACTTCCTCAAGTGTCGTCTCGCCGCGCAAAGCCGCCAGCACGCCCGCCTGCAATAATGTCACCATGCCATGTTTCTTGGCTGTAGCCTCAATTGCTTCAGTGTGAACGTCGGCAATATCGCCACGTAGGAATTTCTGAATTTCCTCAGTCACCACCAGCTGTTCCATCACCGGGATACGCCCCTTGTAACCAAACGGTACCTCGTCGGTCGCCACGGGTCGCCACAGTTTAAACGTATCAAGATCAGGACAATCAACATGTGACGGTAGATCCCGCAAGACTTCCTTTACCCAATTGCGTGTCGCCTCATCTGGCTCATATTCTTCCTTGCTCTCATCGTGTAGCCGCCGCACCAGCCGCTGAGCGATCAATAGTCGCACCGCTGAGCTAAAGATTGGATTCTGCCCGATCATATCAATAATTCGACTAAATGCCGCTGACGTCGAGTTAGCATGAAAGCTTGACAGCACTAGATGCCCGGTAATCGACGCCTGAATTGCTGTCTTGGCAGTTTCCTGATCACGAATCTCACCAACCATCACCACGTCCGGGTCGAGGCGCAGCACGCTACGCAACCCATCATCAAACCGCTGGCCAGCCGTCGTATCAATCGGGATCTGCGTAATGCCGGGAATGGTATTTTCTACTGGGTCTTCCAGTGTAATCACTTTACGATCCGGCGTATTGAGCGCATTGAGAATGCTGTACAAAGTCGTTGACTTACCCGAACCGGTTGGCCCAACTAACAGCACCAGGCCACGCGGATGAGAAATAATCTCATCAATTTGCGCCCGTTCAGCTGCACCGATACTGAGCAAGTCTAGGTTCAGCATCGAGGTGTCAAAATTAAATAAGCGCAGCACTACGTCTTGACCATACATGGTTGGCACTGCTTCGACACGGAGGTTAAGGAGGTGTGATACCCCGTCACGATGGATTTCTTGCTGCATGTGCCCCGACTGCGGCTCATTGGACGCCGTCGAAATATTTGCTCGCGAAGCCAGTGCCGCCATGATAACTCGATAACGATCACGGCCCAGCTCCGCCACCGAGTGCAGCGCGCCATCAACGCGCATCCGCACCCGAATGGTGTCGCGCTGATTCTCAATATGAATATCCGAAGCATTCAGCCGATCCGCCTGATCAATCAAGTAGTTAAACACGTCGTTTGTGCCGACGGTCGCCAATGTTTGGCTGACCTGCTGGAGGGTGTCACTGTCGCCCTCTTTGGCGATTT
CP039998.1_gap21	618932	621243	2311	GTGGTAAATTCTACTGTAGGATTAGCAACCAATTACATCCGAATCTCGGCGTCAACACCAGCCGGTAAGCTCAGATTCTGCAGGCTATCAATCGTTTTTGGCGTGGCATTGGTAATGTCAATGAGGCGCTTATGGGTGCGCATCTCATAACTCTCGCCGCCCATTTTATAGACGTGCGGGCTTTTTACCACCGTGTAGGTACTGCGACGAGTCGGCAGCGGCACAGGGCCGGCCACGCTCGCGCCGGTGCGAATTGCCGTATCAATAATTTGTTTTGCTGACTGGTCGATGACTTTATGGTCGTACGCTTTCAGGCGAATACGAATCTTGATACCAGTGTCTTGAGCCATAGCTCCTCCTTTATGTGCGACTCCGTAACCTCTGCTCACGTCCGTGCCTCGCGGATGGCCGAGTTCTCGGAGTAAATTAATACTGTTTGGCGATTATATCACAATACCTGAAGTATGGCTAGTCAAGAACTACCGGATTTGCTGCCACCCACTGACGCCACTGCGCGACATCTTCAATCGGCGGTCGATAACCCATAGCTTCACCCAACCGGCTCGCCGCCAAAATACAGGCTGCAATATAGTCGGCACTAGCTTCGTGGTCAGACCGGACATATTCTTGGTATTGCTCACTAGTATAGTCCACCGGCAGAGGTACGATGGTATTATCTATCTCACCAAAAACCTGCATTATCTTTTCGTCAAGCTGGATTACGTGCCCTAACTCATGACAAAACGCTATCAACCCGACGATTTGACGACCTATTTCTGCATCCTCAAGTCGCTCACGCGGCACACCCAGTCGAGACGACATCCGTGCTATAAGATTCGGACTAGACAGCGTCTCCCTTGTACCGATGACAATCATTGGAATTTTCTCACCATTCCGTGTTTCACCCTCACCACCCCTGAAGTCACCACTGTTCTCATCAATAACAATTTGCATCTCCTCTAGTGTCCGAGCCGGAAACAAATTCAAGGCGGTCTCGTAAATATCACCTGCTAGCGAATTAATATACTCACCAAGTGTTTCAACTTTTAATTTTTGCGCTTTTTTGTGCAACAACTCTTCCATAATAATCTAACTGTAACATATAATATTTATTCCGTCAAACATCACTCTAAACTACGAATTGCTTCTGCCACCACTTTGGCCGAATGACGCAGTGCCGCCTGTTCGCGCTCATTAAGCGGATACCCAGTCAAGATCTTCACACCATCCGCACAAATCGTTGATGGCAGGCCGAGCACTACATCGTGCAGCCCATACTCGCCCTCAACCAGTGAGCAGACTGGATAGACCGAGCGTGACGACGAGCGTAGTGCCGAGACAATCTTGGAGATAACGAAACCAATTGCATAATACGTCGACCGCTTGGTCTCGATTACCCGATACGCTCGCTGGCGAATTTGCTCCTCAATACCGTCGACCATCGCTGGCTTAAATCCCGGATAATCAGCGAGCGGCACCTCACCGACTTGCGCCGATTCGATTGTCGCAAATGATGAATCACCATGCTCCCCTAAAATATAGGCGTCAACCTCCCGACTATGCACATCTAGCTGATCCGCGATATATGATTTAAGCCGCGACGTGTCAAGCGTTGTCCCCGTGCCAAACACCCGACTCTTTGGCAGGCCCGATTCTTTCAGCGCCACATACGTTAGTGCATCAACCGGATTTGACACCACAATGATATACGGGCGAGCACCGTTTCTCATAATATTTCTAACTGTCCCACGCATAATCTCAGCGTTCACACCGAGCAGCTCCAGTCGCGTCTGCCCCGGTTGTTGCGGCGCACCGGCAGTAACGACCACGATATCATCAGTCTTGATATCATCATAATCGCCTGGCCGCACCACAACACACCGATCAATCCCCATCGCATCATTGATATCCGCCGCCTGCCCCCACGCCAAGTCAGGGTTGCGGTCGATCAGCACAATTTCCTCAACCACGCTCCGTAGTGCGCAGGCGTATGCCGCTGTCGCACCGACCATACCGCCCGCACCGACGACCACCAACTTCTGTTTATTCATGTTTGTCTCCTAATTTTTATTGCGATAACTTCTCTACTGTAACGCTATCTTGTTGTTTTGTCAAGATACTCATAGTAATATATCATTAAAAATCCCCCGGAAACCGGGGGATTTTTGGGTTGCAGTGTAAAGACTATTTGTTAATCTTTGTTACCACACCAGCACCAACGGTACGGCCGCCTTCGCGGATAGCAAAGTTCAAACCTTGCTCCATAGCGATTGGCGCGAGCAACTTAACCTTGAAGGTTACGGTGTCGCCT
CP039998.1_gap22	697134	700616	3482	AATCATACCCGGCGTGTCATCCACCAAAATATCGACACCAGTTTCGCGCTGCAACGCCTGAATGTTGCGACCTTCTTTGCCAATGATTCGACCTTTCATCTCATCATCAGTCAGCTTGACAGCCGTGACTGTTCGCTCAGCCGTTACCTCGCTGCTCATCCGCTCCATCGCCGTGAGCAAGATCATCTGCGCCCGTTCTTCGGCATCATCCATAGCCTCATGTTGTAATTTCGACACCAAGCTAACCAGGTCGTTCTTGATATCGCGCTCGGTCATTTGCATGAGCTTGTCGGCAGCATCCTTTTTCTTTAGGCCCGCAATCTTCTCGAGCTTCTCCTGCTGACGCGTGCGAATAGTGCGAATCTCTTCCTTGAGATTGTCAACCTCATCTTCGTGCGTGCGCAGCTTCTCCGCCCGCTTATCTAGTTCGTCCAATTTCCGATCCAGCGTCTGCTCGCGATCCGCCAACCGGCTCTCGGTCTTTTGCCATTCGCGCCGGCGCTCATTTTCGATTTTTAAGGCTTCGTCCTTAGCTTTCAGGACAATGTCGCTGGCCTTACTTTTTGCCTCGGCGATGTCACGCTCAATTTGTGACTTGCCGTTAGCTTGCCTTGTTCGCTGATAGGCGTAAAAACCGCCCACGCCAAGTGCCGCGCCAACCAAGCCGCCAATAACTATTCCTACCATATGATTTCCTTTCTTTTCTGACCAATCGCCCCGGGTATACACCCCGAGAAATGTATCAACGACTAGCCATATTCAACTGATGCAATAAAACGGCCCAAGCCACTAATCTAAAGCCGCCTTACTTTTATTGTACGATATTGCGGATGAAAATACCACTATTTGCGCGGAGCCGTGATGTGAGCTTCGCCGCCATATTCGGGGAGAATAATCGTGTCGTTTTCGCCGCGCTTCAGCCGCTCCAGGCAGTCATCTCGCCAGTGATCGCCACTACTGCCAACGATCGGAACACCGAGTCCCTCCGCCAACGTGTTTGCCACCGCACAGCCAATCCTCAATCCTGTAAAACTACCCGGCCCCCGCATGATGCCGATACCACTGATGTGATGAATATCGCCGGTCTGTTCATCCAAAAATCGTAGCAGCCCTCGGGCCAAACCACGACCCGCTTCCCAAGCCACCTCTCGCCAGGTATCACCCTGAATAATCGTTAAACGGCACGTCATCGTCGATGTATCGAGCAGAATAATCACCCCAACTCCTCGTCCGCCGCGCTGATTGCCGCGAGGAGCGTCTGGCTCGTCGGCCCGCCAGCACTCAGTGTGACACGCCGCGATTGCTCGTCAATTGCTAGAATCCTCGCCGTCAGTCGATCGGCCGGCAGCACCTGCTCGACGGCACCCGCCCACTCAACCACTGTCACGGTCTGTGGTTGCATGGTTACCTCGCGAATTTCCTCCGCCATAATGCCCGCCTCACCCAATCGATAAAAATCATAATGAGCCAGCGTCAAGTCGCCCGGTGACTGGTACACACGGGAAATAGTAAACGTCGGGCTCTGCACCGGTTCAATAATGTCGAGCCCCTTGGCAACACCTTTCGTTAGCGTCGTCTTGCCAGCGCCGATGTCCCCGACCAGCTCAATCACCTCACCACCCTTCAGGTTGCGCCCAATCACTTGACCCAGCCGCTGCATCGCTGCGGTGCTGGTAATAATTTGGTTCATTTGCTGTCGCTGCCGTCAGCTTCGGCCGCAGGGTGCGCCTTTCGGAATGGATTTTCGAACGTTGCTTGTGGCTGCACGACCGGCTCCTTGTGGCGGATCTCTGGCGTCTTGACAACGATATGTTCGTCGGTCACACGAACAATTTGCGAACGATGAATCAGCAGTTCAGTATCGCCAAAACTCTTGAGCAGCGGTCGCCGCACCCGGAGCTGCTGAATGACAAAATTACCGGCCTCCAACGTATAGCCGATGACCTTACCGACCTTATGCTTTTTTTCATCAATGACCTGCTTACCAACTAGTGCGAACTGAAACTCATACACTTCCTTGATCTTCAGGACGTCGCTCGGCATAATCAGCTCGTCCGCCGAATCAATGATCAGACCCAGTGGCCCAATTTCCCGTACATCGGCGATCCGTAGTAAACTCGGCGATTGATCAAGCGTCGGTCCCTCCAGCTCATACGCCACGATCGATAAACTACGCGGGTCGATCACCGCCCGCGATGTCCGTGCCAGTTCCGAGCCAGTCTGCAGGCTCATCACCGGTGCGTTATCAAATCGTTCAGCAGAAATTAGCATACTTCTCACATTATAGCGATATCCACGCTATTCGGCAAACAGGTTCGTCCGCCCCGCCGGCAGACTAAAATTGGTGTTGGCGGTATCGCGTGTGCGGAAACTGTTGATCTGGTCAATTGTCTTCTGGTCAAATCGCGTCGTCTGTTGCTGAATGGTATCTTCTTTTGGATTTGACGAGGCGAGTAGGCTATAGAGCAGGAAAATTGCCACCGATACACCAACCACCACCGTCAATGTATAGAGGATAACGTGGTAGCGATGGAAAAACCGCGATACTAGCGTACCGATTTGTGAAATATCAGGTGAGTTTTTCATCGAACATATACCTCCACTTCCAAGGTTTGTGTATTCACTTGACCTGTCCCCTCGGTCTTGGACATACTGACACTAGCGATCTGCATCCGCATCAAGTTCTGCTCAATCAAATGCATAAACCGAAGCAGCGCCATATAGTCTGTTTTTTCGTTGAGGCGGACTGACACTTTCATGCTTTTTGGCCCGGCAGCGCTGTTTGAACTGGAGCTATTATTCGTACCCGAAGTGCCTGATGAACCCGAGTTTGACTTGGCTCCAGCCGAGCCTGATGTGAAGGTGAACCCAGCGATACCAACACCAGATTTATTGGCGTAGGCCGTGAGGTCATTGATAATTTGGTTCTGGTACTGATACTGCTGCGTTTCTGCTACTAGCTGTTGTGCCTTGGCGACACTATCCTTATATTTCTCCATCTCTTTTTCTAGCCGCGCTAGATTCTGCACTTTAGCATCAACCGCTTTTGCCTCAGTCTGAATTTTAGAAACTTCCTCGGCAGTACCTTGCAGCATAGTGTAGCCAAAATAGACGACCCCTCCCATGCCGACCAAGATCAGTACCAGCGACAGCGCAAAGACGATCCGCATGGTCACCGCCGGTGTCATTTTTTCTCGTTTTCTCTCACTCATTGCTTCGCAACCTCCGGCACCATCGTCACATTAATTGTAATATTGATCGGGTAACCGTCCTTGTTTTCTTTTTCGGCCACCGCCGAGGCGAGATTAACATCCTTAAAGAGGCTTGACTGCTGAAAACTGTCCTTGAGCCGCAGCGCATCGCCATACGTTTTACCGCGTGCGTTGATAGTCATCGGCGTGCCGAGCTTCTTGCTATCTAGCGTCAACGTTTGCAAAATTGTCCCCGACGGCATCGCCTGAGCGATCTTGAGTGCTACCTTT
CP039998.1_gap23	778492	780401	1909	GGTATGCAACCCGGGAGGACTAGCCAAGCCGACACGATACCGTTATACTAACCATATGCCGAAGAAGCCCCACCTCTCCATCACGCGGCCGCGCAGTCGCCTCAAGAAACGGTACGTATTTGCACTGGTGCTGATACCATTAATCGCTGTTTGTATCAGTCTCGGTGCGCTGTATTGGCCAAAAATTACTCATAAACTTCACTCGCTGAGGGTGGCCGGCAGCATTGATCCATCGCGCGGCGAGGCGACATTCCCGCAGATTGATACCACAAATTTACATCCGACCCGGCAAAAAATTATCAGCCTAGCCAAAACCGAATTCGAAGCACAATCCGCCGGCACCAAGTTCAGCCAAGGCGTCCGTGAAGCGTGGTGCGCCGATTTTGTGAGCTGGATCATGCAGCAGGCGGGCGCGCCGCTAAAGAATCCGCACACTGGCGGCTGACGCATCCCAGGAACGTTTACCTTGCGCGAATATTACGAAGCGGTCGGTCGATTCAAGCCCGCAGGCTCTGGCTATCAACCGCGTCCCGGCGACGTGGCAATTTACCGCAATTCACCGGTGTTTGGCGACCATACGAATATCGTCCTCAAAAATAACGACGGCGTTCTAACCACTGTTGGCGGTAACGAGATGAACCGCATCCGCGTGTTCGTCAACCGCGATAAGCGCTACGATGGACTGTTGGGGTATGGCGTACTGGCAGAATAAGGCAGAATAAGCCTGGCCCGTCTGGTGCGGGATCGCCCACGCCTAACCGAGTCGCCGCATTACGCCGCGTGACTTGCCGCTAGCAGAAACACCACCAATGCATCGGGCTGCTGCTCAGCCAGCCACGTCACCGCATCAATGATGGCGTCCTTGTTCTTGCCACCATTTTTGAGCTCCTCGAGGAGGCGCTTGACCGTCCGCTGCGTCTGGCCATCATACCGATCGAGGCGCATTGCCTGAGTGACTTGCTTGACCTGCTCGTCGCTGAGAGCAACGTAAGGCGAGACCACTTCGTGAGCATGCTTGGGACTACGCTTGGCGGCTTCGGCTTTGCGTTGGAGGTTTTCGAGGCCTTCAATCGTTGCCCGCATCAAGGCCTCCGCTTCGTCCATGCCGCGCTGATAGGCCTGAGCAAATTCCTCAGAATTATCCCCACCCTCGGAAACGATCGCCGGCAAAAACTCGATCCGCATCACTCGGTGCATATAGGCGTCGCCCATTTCCTCGCCAGTCGCCATCACCTCACTCCACCAAGCAACAAACCGCGAATTCTCAGGATCGTGCAGCTCGCGCATAGCCGGCAGCTGCGCTAATTTATCCTTAAAAAAGTGAATTAGTTTCTTGATGTCCATGTTGCTTTATTATACCTAAAAACAATGGTAAGCACAAGCGCCATCCCGCCGAGGATCTCAGCGCCGCTTCAAAAAATAATAGCCAATCGCCAGTGCTGCCAGCGCACTGCCGCCGATAACCACCCAAAAGGTCACCGGACTCTCCGCGGCCGGCAAGGGCACATTCATGCCATACAGCCCGGCCACCATGGTTGGAATAGTCAGCGCCACCGTGATCACCGTCAGCAGCCGAATCGTCTCATTCAGGCGGGTGTCCATCACCGCCCGGTAGCTATCACGCACATTGGTGATGGTTCGCAGCAGCGATTTACAACGGCTAATTACCTGTTCAAGGTCGATGGAAATATCTTCGACGTCATCCTTGTCGTCATCCTTGAGTCGCAAACTGCGATTGGCAATCAGCCGCTCAATCGCCCAGTTCATCGGCAGCAAGGCATCCAGGTAGTCATTTAACTTGCGCTCATATTCAGTCAAGGTGACGATATCACGCGCCCGCAAGGTATGAATATCGTCAGTCGCCGCCCGCATCTGACGATTGATCGTCGCCACCCGCCGCTGGTACTGA
CP039998.1_gap24	788892	792784	3892	ATATACCAGTTTGGTCATTAAGTAAACCAAACCTGTCACCAGCAAATATCTCATCTAGAGTTTCGGGGGCTGGCACTGGCTTTAATAGCCCATGGATATCTAGACCCTCTAGTATCTTAGTTTTATCATCGTCCAAAATTAAAGCACGAAGCCGAACACCAAGTTTGCGCTCATATACGTCAGTGGTACTCACTTCTGGGATACGACCATATTCAGCATAGAAGTCGTTGATCTCTAGAAATGCATCAGCCAATCTATCATCAGGAGTGGACGCCTGTGTTTGCGGACTGATTTTAAGTAAATCGTGTTCGTCACTATCAAAAATCCTTCTAAGCCTATCAGACATTACTACCTCCTGAAGCTATATCTTCACGTTTTTTGCGCTGTAAATAGGACAATACTTCGGCCATGCGCTTTTCTTGCTCATTTCGCGAATTAATATCTGGTTTACGGCCATGCAATTCATAGAATAAGTTGATTTTTGGCCAAAGCAATTCTGCTTCTTCTTCAGTTACATCAATTCGTGTTGCAGCGATAGCTTCTTGAATAACACGCAATACCTGAGTGGTTACAGATTTAGACAGAATCTCAAATGCTTTCTGGAACGGATTTACCGAGTCAATAAGATCAATGTTGATTTCATCAATATTGACGAACTTATCAGCCATCTTGATAAAACGCCGATCGCCCACCTCTTTTGTCTCACCATTCTTAATTACTGAATCGACCACAACTTGCTGGCGAAGCTCTTCTATCTGTGTTTCGGTTAAATCCGGGTATCGTTCACGGATGATCTTTGGGATTAACACCTTGTTGGTAACCTGTGGATCAAGATTAGTAGCAGAGGCCTTAATGATGATTTCATCCTGTAATATATTAGCCTTTAAGTCGTTAAGGTCGGTTTCGATAATTTGTTTTACTCGATCGCTGCTTGGCTCCTTGAATCCACGAATACTGATAATCCCCTTAGGACGGGTTGAAGCATCATCGCCAGTCGTCTTTGTCTTGAACTTAAAATTTGGTGCGAGTACCTGCTCCATGAGTAATGATCCCGTGATAGCCTTTAGCATATTATTAACAGATAGCTTCACTTCATCAGTAGTAGCCTCGGGTTCAGTAATTAGGTTAGTAAACTGAGCCTGCGTTTTATTGGAACTATCACGTGTACAACGACCAATAATTTGGATAATCTCTGTCAGTGATGCACGATAACCAATAGTTAGAGCATGTTCACAGAAAGGCCAATCAAAACCTTCTTTAGCCATACCTAGAGCAATAATAATGTCGACAGCGCCTATATCCTCCTTAGCGACTTGACTCAGGTAAGTTAAGGTTTTCGCACGCTTTATTTGGTCAGTATCATCCACAAGATCAGCAGCCTTGATGATCTTACCATCCTCATGTCGCTTAACGTGGATAATGCCCGTATCATCGTCTTGATAAACCACCTCGCCAATAACACTAAGGATCTGACCAACTTCCTCTATTTTATCCTTAGTCGATTCACCGCTATTAACATTTGGTATGTGTATAATAGTTTTTTTATCAGTGTTAAGCACTTCATGAATAGCTGAAGTGTATTGGCCTTGATAAAAATGGTAACCAATACCTAGTGATTTCAAATACTCATAACCATTTAGTTGATCATAATAATTAAATGTCACTGGTGAGAACTTAGCTTCGTCTTCTGGCAGTAGAATAGGTACGGCATCACCGCGGAAATATGAACCAGTCATGGCGATAATATGTATATCACTACCACTCATAACATCTCGGAGTAGACTACCAAGCCGGCTAGAGCCAACATCTGATGATACATGATGAAACTCATCAATTGCTAATACACAACCATTGAATGCGTCTGGCGACAAAGCTTCAAAAGCAAGCCTCAGCGTAGCGTGCGTACAGATAAGGATAGGATCATTACTATTCATAAATGCCACAAATGCTTCAACTTTGCTTTTTTCAGCACCAGGAGTGCACAGATTATTCTTATCGTCAACTTCCCAATTAGCAAAAAAGCCATGTGACTTCAGATCAGTTGTCTCAAAAGAAGCACCTATAGAGCGTTCTGGTACTGATACGATGATCTTGCGACGATTTTGATTGAATAGCTTATCTAGACCAACAAACATCAAGGCACGAGATTTACCAGATGCTGGAGGCGCCTTTATGAGTAGATATTTAGAGTGACGTTGCTCATACACACGCCGTTGCATTTCGCGCATACCCATGCTGTTAGTGCAGACACTATTGCCAGTCTGATTATATTCAATACTAATAACATTTACTGGCCGTTTTTTGGTGTTCATGCAGACCTCTCTTTTGATGTTATAGTTTCATATAAGTTAAATATGTATGCAAGGCGTTCCTCGTCACTTTCGAATGGTTTCTTGCGGTAGATTTTATCCACGACGCCATCAAGCGCCTGATGTGCAAGACGCAAATCATCGGGCATTTTATCTGGGTCGTACATTTCGGCAATAGTCTTTTCTGGATGATTCTCGCGAGCATCCAGAACAGCAAATGATTTTTCTTCGATATTAGCCTTTTCTATATCGGTCAATACTGGAACTGGAAAGTTGTTGTATACGATAGCAGAAGAATATCGAAAATCTGTTTTAAGTCGACCAGCTACTGCGCGTACCCACATCATATGCATGCGACTTGAGAGCAGCCCAAAAATGTATGGCTCAGCATCATAAACAGCGTTAGCGGCATCAGATATGACAGTGTCTTTGCTTAGATAGCCTATCGGCAAATACTCACGACGCTCTGAAGAAACACGAGGGACGATTATTGAGCTGGTCGGTTTATAACTAATTTGTACAAAACGGTATGGTCGATTGGCGTAGTCACGGGTGCTTTTAGCATTACTTCCAGCTCTGTTGTTAGCTACTTTCTCTAACCTTTGTTTGATGCCAGGTATCATACTTGCTGAGTCGTACTGATCACTCGTAATCCATAGACAGTATCGGTCTATGCCGCGAATATACTCTGCAGCTCCAAGATATTTCTTGATATATTTTGCGGACTCCTTTGACTCTGATAGTAGTATTCTGCGGTCGGCTGGCGACAATACTAAGAATCCACCGTCTCTTGGCATAGAACCAAACACCATATCTGGTAGATTAGATATGGAGTGATTTCGCCGATTGATAAACAAATCTGATCGACCAGCAGCAAGATATCCGTTGATATTATCTACCTGAGTCTGGACCCCTTCAGTAAATATATACTTAGGTTTTGTACTTGGATTGCGTAAACTCACAACGCATACTGTTACCCCCGCGTTATGCTTGGCATTATTTTCCCATTTGAATGAAGTGTACGCAAAACCAATTTCTACACCATACTCAAAAATCTTTGGAAACATGAGCCCTACATGTTCACCTTGTGTCACAGAGTTAGTGGCGACAAATGCTAATTGAGCATTTGAGCCAGCAATATATCGAGCACCCTTAATAAACCATAACGCAATGTAATCAAGATTTTTGGAGTATGGCTCGTCATAAAACACATATTCATAATCTCGTTTTTGGGTAGAATTTTGTAATTTTGCACCAACATAAGGTGGATTGCCAATAATATACACTTCATCATTGGCACTATTTGGACACACGTCTTGCCAATCAATTCGGGCCGCATTACCGTGTATGATACTTCCAGTTTCTTTCAGGGGTATGAGAGGCAAGTCGATGCCAAACTTTTCAGTAAACTCCATATTCATCTGGTGCTTAGCAAGCCAAAGTGAAAGGATTGCAACCTCGTGAGCGAAATCGTCAATCTCAATACCATAAAAATTTTCAATATCTACACGAGAGCCAAGCAGAGCCTGCTGCATCATACCTGTTAGCTCACCCTTCCGTTCAAGAATAGCATGCTCAAGTTT
CP039998.1_gap25	808779	811517	2738	TAATTTGACTCTTCCGCTAAAAAACCTAACAGTGTATATTGAACGCTCATACTCTTACTATACACCCAGTGTTTAGTTATTGTAAGAGTTTTATATACTCGGTGTATAGTTGCTATTACAACGTCCATTCACTCTATTGACACGGCACCCGCCCCATCACAGATAGCTCACCCCACCAAACCGCCACGACCAGTAGCCCACCTCGCCAGAATACAGACTATTATTCAATTTTGGCGTATAATAGGTTCATGACACAATTTTGCCGGGTATACCGTAAACAGCGATCGGTTAAGTCAGCTCTGTTGGGAATTGGCAAAATTCTCAGCTTGCCACAATACTTACTACTAGCAGTTGTTTTATCGTTGCTTTTTGCGCTCATTATTTTCTTTGCCATCAACGCTAATTTTTACGGCCCGCTGATGATGTCGCGGCTGCCAATACTGGATAAGGTTGCCCTTTTGGGAACCATGTTTATTGACATATTCAAACAAGGTTTCACCTCGCCAAACGGTGCACTATTGCTCATGGTGTCAATCCTCCAGGGTCTGTCGATTACCGTCGTCATTTTCACTGCCAAGAAAAATAAGCGTAGTGAACAGTCGGTCACTAGACAGGTCGGGCTTAGTGGCTTGGCCTCCGTGGCTGCCGCTATCGGTTTGGGCTGCGTTCCCTGCGGCACGTCACTCATCCTGCCGCTCGTTGCCGTATTCTTCTCAGGCGCCGCCGCAGCCACTGCCGCCACTGTCGCCAGCACTCTCGTTCTGATCTTAGCGCTACTTCTGAGCCTCTTTTCACTCTACAAATCTGGACAAATCGCCTTTATGCATACCGAATTAGCAAAACAGGAGGAATTATGAATCGACAAAAAACAGCCGGCATAGCACTTATTTGGGTCATCCTGGGGATTATGATTACGGGAATTGTAGCACTATTTATTTATGGTATTGTCAATCGCCCACCAAATCGCCACATTGGTGACGGCAAGCCGTGGAATGAAAAAATGTCGCAAGGCTCCGCGAGCGCCAAGCACGTGTTCGTCGATTACACTGATTATTTTTGTTCGTTTTGCGCCGAAGTCGAAGCGGCCACCAACACCAATTTTTTCAAGAATGACTATATCAAATCAGGCAAAGTTCGTTATGAACACCGCGTAGTCACGCTGCTCAAGGAGGTCACTAACAACACCGAATCTGGCGCCCACGCTGCGTTCTGTGCCGCCGACCAAGACAAATATTGGCAATATACCCACGACATCGTGCCGCGCATCAAACGTGATTATTTTGATAAGGGAATTGGCGTAAAGAACGTCGCCACACCGCAAAAAATTCCGCCTCTGCCATTGGCATATTTCCTGACTTCTGCCAAAAATGTCGGTATGGACGAGGCAAAATTTACTGATTGTATGACTAAGAAACCGCACCAAAACGAGATTGAGAATAATACCAAGAAAGCCCTCTCGCTTGGCGTGAGTGGTCTACCATACATGGTAGTCAATGACTATGTCGCCAGTGGATTTATGGGCGGCGAAAATGGACTGAAGGCAATTTTGAAAGCCGGCGGAGCGGACTGATGCCCACCAAAAAAATACAAAGTAAGCCTCAAAAATCATCGGCAAAACGACAATCAGCTCGGCCCAGTCGCGGGTCAAAAACCAATACAGCTCCTGCGAACCGACCCGGGCTGAGCAGTATTTTATTCACCACACTGCTTTTACTGGTGGTAACCGCGATAGGTGTATTGTTCTACTTCCACTCCAAACAACCACCAGCGCAGCGCCCGACGGTCCTGGAAGATGAAAAATATTACTTCGCCGATTCACGCTATGCTGGCATCCGCTCCAAGTTCGTAACGCGCGACACCAAACACGAAAAAGTCTCGATCGAATACCCAATCACCAGCAATTCCAAAATCAACAAACTCATCGCCCGAGTAATCGACCGTGCTGACGGCGATTTTCGCCACACCGCCACTAACGCTCCGACATTCGACCGACCAATGACAGAGACGATCAGTTATCAAGTTACGCATAATAATTCCGTCGCCCTGTCGATCATCGTCAATATTAAACAAGACATGCACGGCGCGCATCCGGTGTCACTAACGCATTTTTGGACGTTTGACAAGAAGTCTGGTGAGGTGATTGACTTGGATAATTTGACTGAAAAATCAGAGGAAGCCATCAAGGCAATCGTGACAGCTGCCCGGCACGACGTCGCGCAAACCATCAGGCAGCGCCAGCAACCAGAAGCGAATCTTGATGAGATGATCACCAAGGAGGCGTTATCGAACTTCACCATCACTGATGATGGTAACACCTTGGCTTGGCCAATTGGACAGGCGTCGCTCTTGCCGTCAGCCTACGGTGAATTGACCATCAAAGTGCCGACTGCTGCCGTTGCCAAATATCTGCAAAATCCGACAGCCCGGAAGCTGGCTAACATTCCCAAGCCGCCCGAGCCAAAACCAAAGCCAGCGCCCGCCGCGCCGCCAGCCGCGAATTCTGGGGGTAAAGTGATAGCCTTGACGTTTGACGACGGGCCAGGACCGTACACCGCGCAGCTGCTAGATATTTTAGACCAGCATAGCGCTAAGGCCACCTTTTTCTTGATCGGCAGCAAAGTTTCCGCGCAAGCTGATGTACTGCGGCGCATGCATGCGCGCGGCCATCAACTAGGCAATCATTCGTGGTCGCACCCGGAACTGCCTAAGCTACCGGTTGACCAAATTGCCGGCGAAAT
CP039998.1_gap26	841306	842582	1276	TACAGCGCGATGTCGCCCGCTAGATACCCAACCTGATCATGAAGGGCCGTTCGCTCCTCAACGCTCTGTCCGCCCAGCAACTCTACCCAGCCATCCGTCGGCCTCAAGAAATCCATCACCGACCGAATCGTCGTGCTTTTACCCGCACCATTCGGCCCAAGAAAACCAAATACCTCGCCTTCGCGTAGCTCCAGCGACACATTGTCGACTGCCAGTTTATGACCAAAGCGCTTGGTCAGCCCGTGTAACATCAGCGGTGAAGTATCATCCATAACGACTCCTTTTATAGTCATTATTTTCTATGGTTTCAGTATATTATAGTCATACTGAAAGATTAAAGCAATGAGCGAACTTCCACTGCTAGCACGCCATAATGTTTTTGGTCAGCAGCGGAATAATATTTGTTGTATTCGGCAGCGGCAGCTTCGGCACTGGTGGCGTGCGGAATAACACGGTGGTAACCCTCGGCCTGCACCATTTCTAAAAAGGAATTGTAGTGGCGGATAGCGATAATCTCCACGCGTGCTTGATCTGGTTCGCCGTCGTGTAGTATTCCTTCGGCATCGCGAACATCGCGGCGCAGGTGAATCTTATCACCGACTCGGTACTCGGCAAACTTTCCGCGATTCAATCGACCTTCAACCGTCTTCCGCCCGGCGATAATATCGTCGAGTAATTTTGATTCTCGTCCTGAGTGCCAGATTTTCATAATTCCTACAGTGTTGTATCTTTTTATAGTTTTTCTTAACTTCTAGCCAGCAACGGTGTCATAGTAAAATTATAGCACAGCCTATAAACGTGTTTCTGCTAGGCATGCCTACCAAACTACAATAAAATCTTTAGATTAGGCAAACCTTAAACGGCCATTGCCTGCACCTCCTGCCAAATTCGCTACACCAGTCGTTTGCCACGCGTAGTTAGTCGTACCCAGGCGTCGCCATAAGACTGGTCGATTGCCATTAATCCCTTATGCCGCAAGTCCGCCAGCCAATCGTCCAGTTCATCTGCATCACCGTCACTGGCCTGTGGATTTTACAACCAGTCGTCATATGGCTGCTCATCCAACTGCTCGGGACAAGCAGCACACTCAGCCAATAGCCAACCAGTAACATCATGCTATTGAGTGCCTCCAGCGACACGATCACCGACCCGCGCGTCTCGCGGTTGCGCCGCTCCAGGCGGCGACTAAACTGACGTTCGATAAGCTCTGGCAGTTGCTGAGCGTGTTCGCTCGGCGGCAACGGCCGACTTAATTGTACAGAAGTGATAGCATAAA
CP039998.1_gap27	864405	868589	4184	ATAGCGATATTTCCTACGAAATAATTGTATCAATCGACCGCGGTGATGAAGAAACTATTCGCTACTTCAGTAATTATACCGCCCTGCCGATCGCTATATACCAATGGAATCATGGTGACCTCGCTCAATCTCGCAATAGTGCCATCACCAAGGCGCATGGCCGTTTTATTGCGTTTATCGATGCCGACGATTTGATGAGTGCCAACTGGCTACGAGATGGTGTGCAATTTTTAACAAACCACTCCTACGGTAAATATGTTGCCCATAGTGCCTATACTATTGAGTTTGAGGGGGCAAATGCCATTGTTGAAAAAGTTGGCTACACTAATAAAGACCGCGACACTCTATTGAGCGTACTTTCGGGACGATGGAACTCGGTCATTATTGCACCAAGTACTTTACTTCGCCAGTTTCCATACACACCAAACAGCCCCGGATATGGCTATGAAGATTGGTTTATGAGCTGCCAGTTCATCCAGCATGGTATCAAAAATGTCCTCATTCCGGAAACCGCTATCTTTGTTCGCCGTAAGGCCACTGGCTCGGAATGGGCACGCCAAAAAACTAGCCGCTCAGTGCTCCACGCCCACCCCCTCTTTAGTCCATCGCACTTTCGTACCATCAAGCTTGACTCGGTTGCCACGCCTGCCTCAGAGCGGCGGCGCCAAACGAAAAATACCATTAAGGAATTGATGGTTCGTTCTCGCATCCCACTGGGGTTAGTCAAGCGACCGCTCGCAATTATCCGACGCGGACGCAATGTGCTCAAAAAAAAGAAGTCGACACCGGCGACCGAGGTGCTGCCAGCGTGGCTTGATGCTGAATGGCGAGCATTACATCATATTGAGAAACTAATTTTTCCACCACATCCATTGCCGACAGTATACCACACAATTACTGATGATCATTATCGTGTTGGCTTGGCGTATTGGCAAATATGTCGTGATTTACGAAACGACACCTATGATTATGTGCTGTTCGTACCGTGGCTCAAGCGTGGTGGTGCTGATCTATTTGCTCTTAACTACGCCAACACCGCTGCGTCACTCGGCAAGAAAGTTTTGGTTATTGCCACAAATGAAGTTGACGCTAATTACTCAGAGTGGCGACCACGACTTAACATCGACGTAGATTTCGTGCCGTTTGGGACAATTACCCGATTCTTCCCGATAGAGCAAAAATATAGACTGCTAGAGCAACTGATCGAAAATATCCACGTGCCGGTGCTCCATATCCTCAATTCAGAGCTAGCCTATGATTTTGTGCGAGATCACGCAGTATATATCAAGGCCACTGGTAAAAAAGTTATTGCTACGTCCTATAGCCAAAGCACCGATGAAACTGGACGAATATTTGGTTTTTCACACAGTCATCTGCCACAGATTTATCACCTGCTCTCTGAGATAACCACCGATAATGAAGCCGTCAAGTCGATGTGGGTTAATGAATATGCTTATGACGCGGATGCAATTACCGTTCACCATCAACCACTTGATAGCAGCACGTACACACCGATAGCAAAGTTGGCTGGTCAAAGGCGTATTCTTTGGGCGTCCCGCCTATCACCAGAGAAATTACCTCAACTAGTTGCAGCTATCGCTGATCTATTACCTGATGATGTCCACATTGATATGTACGGTGACGCATCGAGCGAGTTTCCCACCCATAAACTACCGTCACATCCACGGGTTCATTACCGCGGCGGCTTTAATGGTGTACCGTCACTGCCTGTTGACAACTATGACGCCTTTCTCTACACATCGCTCTTTGACGGCATGCCAAATACGCCAATTGAGATAGCTCTGCGCGGATTGCCGCTCGTAGCAGCGCGAGTTGGTGGAGTGGCAGACTTTGTTGGTACATATGGACAGATTGTTGATGATATCACCAATCCAAAAGCCTACGCTGAAGCGTTAACTGTTGTTCTGGACAATCCTAAGACAGCGTTTGCTAACGCCCAATCTCTACGAAAGCAGGCGCTACGTGATTTTTCACAAAAAAGGTTTTTGACAGAAGTTAGGCGTATGCTTAAGCGATAATTGTCCGCTCTACTCGCGCACTCTCATCTCCCCCTTCACCGCCTCATTACCAGTCTCAAGCGGTGGAGCAGCATATTCGTGCCACGTGCGGCCGTCAAAGGTGGAGAAGTAGGCGCGGTAGACACCAACTGGAAAGGGACGAGTGGTCTTGAATTCTTGTTCTTGACCAGGTTGAATGGTGGTTGGTTGGAGGCAGCCGAGATCATAGTTTGCTCCATGTTGGTTGCGCATAATGAGACAGGTGCGGTTAGTGGTAGTGATGGGTTGGCTGGCAAAGTTCTTGATCTTAAAGGTGGTAGTGACTGGCTCACCGGCACGTGGAGAGGGATTAGAGAAAGTGATACCCTGGGTGAGTGTGGGGTTGGGGAGAATGGTGAACGATAAGCTGGTCACCTCCTTACCGTTCACTCCTGGCAGCGCCACCCCTTCGTGCCAGCGGCTACCATCGTATAACGCAAAGAAGGCTCTATACGTGCCCAGTTTGTTAAAAGGACGACCGAGCGAAAACTGTACACTACTTTGTGGGGCAATTCCTTTTGTTGATTGACAGCCAAGGTCATGATTCTCACCACGTGGACCCCGAATAATGTAGCACAAGCGCTGATCAGTCTGCGACACCGCCGAACTAAGATTACGCAAAGTGAATGAGCCAGTCAGCTTGTCACCAGCACGCGCTGGCGCTGGTGTTATCGATAACCCCTGTGACATGACAACATCCTGCAGCACTCTCATCTCCCCCTTCACCGCCTCATTACCAGTCTCAAGCGGTGGAGCAGCATATTCGTGCCACGTGCGGCCGTCAAAGGTGGAGAAGTAGGCGCGGTAGACACCAACTGGAAAGGGACGAGTGGTCTTGAATTCTTGTTCTTGACCAGGTTGAATGGTGGTTGGTTGGAGGCAGCCGAGATCATAGTTTGCTCCATGTTGGTTGCGCATAATGAGACAGGTGCGGTTAGTGGTAGTGATGGGTTGGCTGGCAAAGTTCTTGATCTTAAAGGTGGTAGTGACTGGCTCACCGGCACGTGGAGAGGGATTAGAGAAAGTGATACCCTGGGTGAGTGTGGGGTTGGGGAGAATGGTGAACTGCGCCCGATTACCAGCACTAGCTGGTGTCGGCACCGGATACTGCGCCTCGGTCCAAGTTATCCCCTTATCGAGAGTGCCACTGATGCGCGCCTTGTATAGACCACTTTCTCGTGGAATAAACTCTTGGTCATAGGCATAGGTTGCACCCGGCGCAAGGCTGTTGACTGTATCAAAACTGGCATCAGCATTTCGTCCGCTCGGACTAGTAATTGCCGCGCCAAAATAACCGAGGTCGATTGGCTTCGGACTATTATTTTTAACCGTGAAGCGAATCCGTGTTGATTGCCCAACGTGTGTCCGTTGATTTTGAATAGTTACTGGGGAAGTTACTGTTGGCGCCGTCTGCACAAACGTCGACACTTCGCGGCTATGGCCCGGAGCTGATTCTGGATAATTATTACTCCAACCGTTGCCCTCACGGTAATTTGTGATCCAGAATTTATAATTCTCCTCTTTGGTTAACTTAGTTGTCACTCGGTAGGTATATGTCTGCCATGGCTCAAGAATAACCCGTTGGCTACCAAAGTCATAGTTATTCCACTTGCTATCACGGGCAGCTATCGCCATGGTCCCCAAGTCGCGGCGCTGATTTGTGGCGTTACGGATAGTAAACGATGCGGTTATTGTCATGTCCGTAAATAGTTTTGACCCGGTCCCCTCCGTTCTCACTGACAGCGGCGATTCAATTCGCACAGATTTCAGCGGCGAACCAAACCATTCATTAAAGAAGCGCCAAAAATTACGATTACCATATGCTCCACAGTGGGCCGTCCCTGGATAGGCGTCAAGGGCACCTTGATTTGGCTGATATGGGGTGTAGTTGTACAAGTTGGCTGTTGCTTGATTCTCGATATATACCCATGAGCCGCCACAGGCCGCGTTTGGACTATACTGGATGTAATTTGACCGACCAGCCTTATAGCGATATTCGCCCGGACGATTAGTATATAGCCGGAATTGGCGCGCCGCCATCCGTAGCTGATTATACATACCGGCATACTCGTTTGAACAATTCGCTGTATTACCCGGCCCGCTGTCCGGACAAGCAAAGCCCATAGC
CP039998.1_gap28	877355	877855	500	TGGTGAGTTGTGACGAGCGAATCGCTCGCCCACGTGTATAGACATAGCGCAAACTACCGTGACCATGAAATCGGTTAATGTGACGTAACATAGATCCAGTATAGCAAAATCCCGCCCTATTAGGCGAGGCGGGAGTTTACAGTTAGATAGCGATCTTGGCGCGACCCTTGAGGCGACGGCGCTTTAAAACAGCGCGACCAGCCTTGGTCGAAACACGAGCTCGAAAACCGTGCGTCTTGGCGCGATGTCGCTTGTGTGGTTGAAATGTTCGCTTTGGCATATCGTCATTTAGTGTAGCCTTTTTTGACATTTTTTGCAAGCCATGGATAAGCTTTCCACTGTTTCTACTGTTTTTTCCACATATTTATCAGAGGTGGCTCATCGCTGTGGAAAAACCACCTCGAGAGATCATGAATGTTATGATGGCGCCTGTGCTTGTGGAAAAGTCTGATTTTTTGCTATAGTAAAGTCATCAAGCTAGTTCCGAGGGGGAAGGTATT
