gap_id	start	end	length	sequence
CP038470.1_gap1	57513	58726	1213	CTCTTCGTTATCTGGGCGAGCAGATAGATATACACGGCGGCGGGCAGGATCTTATATTCCCCCATCATGAAAATGAAATAGCCCAGTCCGAGTGCTTCAGCGGGGTCAAACCCTTTGTTAAGTACTGGCTGCACAACGGACTTTTAAAACTCGGCGAAGAGAAAATGAGCAAATCACTGGGCAATCTGGTTACTATAAAAGAAGCCCTCAGCCGTTACTCGGCAGATGCTCTGCGGATTTTTGTGCTCAGTTCCAGCTACCGTAATCCGCTTACTTACTCTGAAGAAGCTCTGGAAGCGGCTGAAAAAGGGGCGGAACGTCTGCGTCAGACAGCTGCCCGTAAGGATAATCCCCAGTTTAAAGAAACCGCGGTGGATACCAAGGCATATCGTGAGCGTTTTACCCAGTATATGGACAATGACTTTAATACTTCGGCTGCTCTGGCTACTATCTTTGACCTTAGCCGCGAATTAAACCGTATAGAGGGCGAGGCTGGTAAAAGCACTGACGGCCAAAAGCTATTTAAAGAACTGGCGGATATACTTGGACTTAGTCTGATAGTAGCAGAGTCCAAAACCGGTACAGACGTTGCTCCTTTTATAGAGCTGCTGATAGAACTCAGAAAAGACCTGCGGGTGGCAAAGCAGTACCAGCTGGCAGACAAAATCCGTACCAGTCTGGATACAGCCGGGATACTTCTGGAAGACTCTGCTGGTGGCACTGTTTGGAAAGTAAAAAAATAAAATAACCGGGAAATTCAGGGTTAAATACTCGCCCTGTATTTTTATTATAAAGCTAAAAAAAGTTGCACTTAGTGACCATTTATGATAGATTATCTATCTGTTGCTGGGGCCGTAGTTCACTTGGGAGAACGTTTGACTGGCAGTCAAAAGGTAGAGGGTTCGAATCCCTCCGGCTCCACCATAAAGCTAAAATCAGTCCGGTAGCCAAAAAAGAAGTATGAGCTACCGTTTGTCTACTCAAAAATCCCACGATTGCTCCAATATAGCGAGCTACCTGTTAACTGCCGAAAATAATCTTGAAAAGAGCCTTGCTTCATTCCTTTTGGTCTGCAAGGTGGTGCAGTTAAGCCCGGCAACAATCCACAATTATAGCTACATGGTGGGCAAGTTTATTGCCTTTTGCTCACGAAATGGCGTTATTAAACCCCCTCAGATAACCCAGTTGGTAGTCTGCTTATTTATTCAGGAAC
CP038470.1_gap2	83731	88128	4397	AATACCGGCTGTTACTATTACGGCAGTAAATCCCACTAGGATAAGCAGGTTGCCGCCTACCACACTAAGGTCTGCCCCGTAGTTAACCACCCGGTTTACGGTATCTGTCAGGTAGTACGAGGGTATTACCTTAGCCCAGCTGCTGATAAGGCCGGGGAACATTATGCCCATGCCGGGTATGGCCAAGATTATAAAGAGCAACATGCCCCAGGCGGTTACTGACATAAGGCTTTTGGTAAGTGAGGCCAGCAGGAAGCCCAGACCCGTTACCATAAGGCTGCCCAGCAGGAGTACGCCAAGGGTAATAAGCGGCTGGGAGTTGAATCCGCCAACCAGCAGCATAAAGAGAACCACCTGCCCCAGTGCCATGCCTACCCCTATTATGCCTTTGGCGGCAAAGAGTTCAGGTACGGTCATGGGGGTTACCAGCAATGCTCTGGCTGTGCCCTGTTCGTTCTCTTCGGCAATCAGGCTGGCCAGACTGAGTATTTCCATCATTAAAATAAATATTGCCAGCAGGGGCACCATACGGTTACGCATGGGTATTTGTTCACCCAGCATATCCTGTCCCATTACCTGCTCATTGGTATCAAAGGTAAGTGACTGCCCGGTCTGGATATAGGAAAGCTCTTTTACCAGACTGATAACTGCATCACGCAGTTCAAGAGGGGCGGACGAGGCATAATATATTTCTATTTCAGGTTTACCGCCGGAAGCCCATGTCTGCATGATATCTGCCGGCAGGACAATGGCTACCTGTGAATCACCGTTCTCAACCGCTGCCTTGGCCTCCTCCAGCGAGGCGTAACTGGTCAGGCTGCTTGCCGGGTCAGCTACCAGAATCGAAAAAGCCGGGGGCATGACCGGTGCATATATACCCGCTTTAAGCTGTTCGTCTACCTTGTTGGGCATTATAAAGAAGATAATGATATAAAATACCAGCCCGACAATAGTCATCAGCATATAAAAGCGGTTTTGAAGGAAAAGGGAAAAATCCTTTTTCAGCAGGGCTTTTATAACGCTAAAGTTCATTCAGTCAACCTCCGTCCGGTTATCTTTATAAAGATATCCTCCAGAGTGGCTTCTTCACTGTGCAGGGTCAGCACCCGCTCACTGCTGAGTAGTTTGCTAACCTCCTCGGCTGTCTTGCCGGTATCCAAGGCTATTTCCCTGTTTTCCAGCTGGCCGTTTGCACTTTTTACTTTGGCTATAAGAGAGCGTTTGCCGTACTGCTGTTTTAAGTTAACCGGGGCATCAAGTGCGGCAATAGAGCCTTCGTTGATAAAGGCCACCCGGTCACACAGCTTGTCGGCTTCCCACATGTCATGGGTGGTCAAAAATATGGTAGCCCCCCGCTTGCGTTCTTCCAGTATGATGTCACGGATAGACTCTGAAGATACAGGGTCAAGCCCGGAGGTTGGTTCGTCCATAAAGAGTATACTGGGGGTATTTACCAGTGAGCGGGCTACCATAAGGCGTTGCTTCATACCCTTGGAGTAACCGGCTACTTTGTCTTTTTCCCGTCCGGCCAGCCCCACTCTTTTTAAAAGGGCATAACCGTTAAAACTATTCACCCCGAAAAGGTCAGCAAAAAGCTGGAGGTTTTCCAGAGCGGTCATTTGTTCGTACAGATTGGTCTGTTCAAAACAGATACCTATCCGTCGGTGGATTTCTTCGGTATCTTTAGCCACATCAAATCCCAGCAGGGTAGCCCGGCCGTCCTTTGGCCTGAGCTGTCCGGTCAGCATTTTCTGGGTGGTGGTTTTGCCTGCCCCGTTCGGGCCCAGAAAACCCAGAATTTCACCTTGGGTAACCTCAAAGCTTATCTGGTTTACCGCTTTTAGGTCTCCATACCAGTAACTAAGCTTTTCCACTGAAATTGATATTTGACTCATCAGTTACTCCTTCAGCCAGTTTTTGCGTGCCCGCTCTTGATATCCGGGATAAGGCAAGCGTCTTTTTTAAAAAATCCGTACATCATTATTCGGGAAAGTTCCATCATAAGGTTTATTTTTTCTTTGGCGGGTTCAAATAAGGCGGCATTGGCGTTGAAGCCGTCACGCACCACTTTCAGGTAAATGAATACCGCTTCCTCCGAAAGGGACGGGTCTACGTATCCTTCGGCTTTGCCGTCTGCTATCAGTTTCTGCCACATAGGCTGGATTTCTTGTTGGTAGATTTCCTGTATCAGGGCGGTTACGTCATCATCCATGTGTACCAGTTTTTTCAGTATCTCTTCCGGCATTTTGCCAGCCATATCGTTCTTGTTGGATAGTATGAGCTGTATTTTAGCGGGAAAGGGCAGGGGACGGGCCATGATATCTTTTGCTTGAATAAGGCTGGTGTCTATTATTTTTTCCACTACTCCATGCACCAGAGCTTTCCTGCCGCCGAAATTATTGTAAATGGTGGTGGGGGAAACTTTGGCCTTAACGGCTATATCTTCAATACTCACCTTGCCGGCATCATGCGAGTTTAAAAAAAGGTGAGTGGCGGCGGAGAGTATTTTGTCACGGCTGGTATTGCTCTGTTTGGCTTTAGCCAAGTGAATATTCCCCCTCTCCAATGTGTATCAATTGTAGTAATACTATAACTTTACTACAATTAAGTCAATATCTTTTTCGGGGAAATATTTTCCGAAATCTGCAATAAATATTTCTATGCCTGCTGCAAATAGAAAAGGGGGGTTAAAACCCCCTTTTTACGTTCAGATATTGCAGAATGGTTAAACCAGCATTTCATCCCGCACTACTTTGGCTGATTGTGGTTTGGCAAACATATCCATCAGGGTCAGGGCAAAATCCATGGCGGCCTGAGGGCTTCGCCCGGTAATCAGCCTGCCCTCTACCTTTACCCGCAGGTCACAGGCGGTGCAATTTTTCAAAAGGTGCTTAACCCCCGGATATATGGCAACCTCTTTGCCGTCTATCACTCCGGCTCTGGAGAGTACTGCCGGTCCGGCACAAATAGCCGCCATGTATTTGTTTTCGGCATGGGCGGTGCGGATAAGTTCAAGTACCCTCTGGTCTTTGCCCATATTTATAAAGCCCGGATTGCCGCCGGGCAGAACCAGCACTTCGTAATCAGTGGTCTTCAGGTCATCTATATGCATATCCGGCATTATACGGATTCCTCTTGAGCCGCCGGTAAGGTCGTTTTTAAGTCCTACTATCTTGACCTCAAGGTCTGCGCGCCGGAGAATATCCGTAATAGTGCAGAATTCTATTTCTTCAAAACCCTCGGCTAACAAAACGGCAAAACGGCTCATAGTTTCCTCCGGAAATAAATAAAAATAGTGATACCCGCACGCGGGCAGTTAGCACCTTTGGAGGGTTAACATTATATGCCAGAAATTTGCCGAAGTGAAATGTGCCTTTTTTCAGCTATAAAGACACAGGTTTTCAGAGTTTCGGGGTGAACGGCTAATGCTTGCCGTTTCTTGACAGTGCAAGGAGGCTAAGATAGAATAAACTTCACTTTCTATCTTTTTGCCTCAGTATTTTCTTTTATCCTTTCTGAGCAGCAACCGGAATTATTAATATAGACGGTAGGGTTAATAATATGGGTATAAAGATTACAGATACCACTCTGCGGGATGCGCACCAATCACTGATAGCTACCCGAATGCGTACCCGTGACATGATTGATATTGCTGCCCGGCTGGATAAGGCCGGCTTTCACTCGCTGGAGGTCTGGGGCGGTGCTACATTTGACTCCTGTATCCGCTTTCTGAACGAAGACCCGTGGGAACGCCTCCGCCTGATACGCCAAAAAGCTCCCAACACCCCTCTCCAGATGCTCCTCAGAGGGCAGAATCTGGTGGGATACCGCCATTATGCAGACGACGTGGTACGTGAATTTGTCCGTTTGTCAGTTAAAAACGGGATAGATATTTTCCGGGTTTTCGATGCGCTGAATGATATCCGCAATATGGAAGTTTCCATTCAAACTGCCAAAGAGCTTAAAGCCCATGTTCAGGGGACTATCTGCTATACCACCAGTCCCATTCACACCGTGGAGAAGCTGGCCGAAATGGCAGTGGAGCTGGAAAAGATGGGTTGTGATTCCATATGTATTAAAGACATGGCCGGGCTTATTACTCCCACCGCCGCCGCCCAGCTGGTCAAGTCCATAAAATCCAAGGTCAAACTGCCGGTAGACCTGCATTCACATTGTACCAGCGGAATGGCACCCTTAGCTTATTATGCAGCGGCTGAGGCCGGGGTGGATATAATAGATACCGCCTTCTCCGCTTTTGCCTGGGGTACTTCCCAGCCCACCACCGAAAGTTTTGTGGCCGCTTTTAAGGGTACGAAACTGGATACCGGGCTTGATCTGGAACTTATGAGTGAAATAGGTGAGGAATTTAACAAAATAAGTGCCTCTTATCGTTGCCT
CP038470.1_gap3	91762	95540	3778	TGCCGGTATGGCGGCTGCAAACCAGATTCACCTCGGAGACACCCAGATTTTTAGCGGCAAAGGCACTATTGTAGGCTTCACTGCCGCCGCCTATTACGATTACCTTGTCGCCAAGGGTTTCTTTAGTGGTTGATTTTATGCCCTTCAGGAAATCATTGCCCTTAATCAGGTCTGATTTGGCAGTTTCATCACAGGGAAGCAACAGCCCTTCGTCTACGCCAAGTACCCCGGTGGAGAGCAAAACCGAGTCGTAGCCCTGTTTAAACAGGGTCTGTACGGATTGTACCTGGCAGGAGGTATGAATGGTCACACCCAGGTCGGTGATAGTCTTAATTTCTTTGTTGAGTATCTCTTTGGGCAGCTGATGTTCCGGTATGCTGTAAAACATCTTGCCGCCGGCATATTCCATGGATTCAAATATAGTAGCCTCATGCCCCAGCAGGGTCAGGAAGTAGGCAGAGGTAAGGCCGGCCGGGCCTGAACCGATAATAGCCACTTTTTTGCCGGTGGGCGGGGCAATTTTGAGGTTGTTTTTCCAACTGCCGTCATCATTTTCAGCGGCATATCTCTTGAGTGCCCGAATAGCAATGGGCTCATCAAACTTCTGGCGTTGGCACTCCAGTTCACAGGGGTGGAAACAAACATAGCCGCACACTGAAGGGAAGGGTATTTTTTCTCTCATAACGGCGGTAGCGGCTGGAGCATTGCCATCAGCTACGAAACGCACGTAGCGGGGGATATCCAGTCCGGCAGGGCAGGCACGGGTGCAGGGAGAAGTGCCAACCCGCTTGGTGGGCATTTTATCCCGCTCCAGTTTGATAGCATCTACCGGGCAGACGCTGGCACAACGGTTACACCCGGTACAGCGGCTTTGTGTCCAAAAAAACTCACTGCCCTTGGTGCGCTTGGTAGAAACTACCTTACCGTCCTTTTTGGTTTCCTCGGCTGGTTCCAGTTTTTCTACAGGCTTTTTTGTTTTGGCCATATATGTCTCTTTTTTAAAATATTTACGCCTATATTTAAAAGACCTAGTTCCTGATATTATACTTGCAACATATAGTACATTGTCAATCCGCCGGGTTCACAGGCGGATAAGCAGATTTATTCTACCACCCCTTCGGCTCTTTGGCCAACTTACATCCGTGTCATTGGTTTTAGGGGATAATATTGTTTTAAACAGGGGATTGACAAAACAGTAATAACTAATTAAAATCAAGTCTAATTGAATAAGGTCTGCCGGTGCTTTGTAACAAAAGCTTAAAAGGGAAGCCTGTTAAAATCAGGTGCGGTCCCGCCGCTGTATACGGGGACGAAAACTGGAATTTGCCACTGTTTTATTAGAATGAAACGGGAAGGCCCGGTGAGTAGGTTGAGCCGTAAGCCAGAATATCTGCCGGCATAGAGTTTCGCGGAAAATGGCCGTGGGAAATGGTAAATCCCTGAGCCGAAAGGTTTGGGGTTTTATTTTTTGTTTGAATCCTCAAACCTTGGTGGTTTGGGGATTTTTTTATTGGGCGGGGTGAAATATGAAAGCAGTCTTATTGGAAAAACCGGGTGAACTAAGGCTTGCAGAGGTGGTTACTCCATACTGCCCGAAAGGCGGGGTACTGCTAAAGGTACTTTGCTGCGCAATCTGCGGGACAGACGTAAAGATGTTTCGGCGGGGGCATCGTGACCTTGAGTACCCCCGGATACTGGGGCATGAAATAGCCGCCGAGGTAGTCTGCTCTGGACACCCTGATTTTGAGGCAGGTTGCCGGGTACAGGTTTACCCCGGTATTGCCTGCGGGGTTTGCCCTCTCTGCTTGCAGGGCAGGGAGAACCTGTGCCGGAAGGTAAAAATAATCGGTTTTAACTATGACGGGGGCTTGGCCGAATATATGGCACTCCCCCCTGAAAGCCTTCCGGTTGGGCTTAACATAATACCTGAACATGTTTCAGACGAGGAAGCCTCTCTGGCCGAGCCGCTTGCCAGCTGTATCCACGCCCAGTCTGTTTGCCGGGTGGGAGACGGGGACAGGGTGCTGGTGCTTGGGGCGGGTCCTTTGGGCCTTTTGCAAGCCATGCTGGCCAGACACAACGGAGCGGAACAGGTGCTCGTGGCCGAAGTCCTGCCCGAAAGGGTGAATGGGGCAGAACTGGCCAGCCCTGACGGGGTAATAGATTTGGGTAAAACCAGCCTTAAGCAGGGGGTTTTTGACCAGACCGGTGGGGCAGGGGTAGACGTAATCTTGATTGCCAGTTCGGGGGTGGAAGTGGGAGAGCTTCCCTTTATTTTAAGCCCAGGCGGGCGGATAAATTTCTTTTCCGGCCTGCCCAAAGACCGCTCTGAGCTTATCATTGATGCAAATGCCGTGCATTATCAGGAACTGGTTATTAATGGCTCTTACGGCTCTACCGCGGCGGATAATGCCGAAGCCCTCCGCCTGATAGGGAAGGGAATTATACCTGTAAAAAGGCTTATCAGCCGGATAACAGGTATTTCAGATATAGAGGCAGCTTTTCTGGGAGTAGAAAGGCTGGATGGTCTTAAAACCATAATAAAATTTCATAAATGAAGAAGGAAACAAAAATGGACGAAAACAGAGTAAAAAATTTCGGGGCTGTTATCAGCCGCCTTATCTCAAAGGAAAATCTGAGCCGTGAGGAGGTTAAAGACTGTTTTTCCCAGATAATGCGGAATGAACAGCCTGACCTTCAGCAGGGTGCGTTTATGGCCGCCCTTACCGCCAAGGGCGAAACGGCATCTGAGATTGCTGGTGTCTGGGAAGCTATATATGAGCAGGATACTGTTCGGGTTAAGCTGCAGGTAAACAAACCGGTGGTGGATAACTGCGGGACAGGCATGGACAGCCTGAAAACCTTCAATATCAGTACAGCTGCTTCAATTGTGGCGGCGGCGGGCGGGGTGGTACTGGCCAAACATGGTGCCAGAGCCCTCAGCGGGAGCTGCGGCACTATTGATATGCTTGAATCACTGGGCGTTGACGTGGAAACAGATGTGGAGACGGTCAAGCGGAGTATTGAAACAGTGGGCATAGGTATTTTTAACGGTATGAGTGCCAAGGTTCACCCGCAGGCTCTTTTCCGCATTCTTTCCCAGATACGTTTCGGCACTACCCTTAATATTGCCGGTTCACTGGCAAACCCGGCTTTGCCCCATTATGCGGTAAGGGGTGTATACTCATCCGAACTTTTACAGCCTGTAGCTGAGGTAATGCGTGAAATAGGTTATAAAAAAGCTTTGGTTATCTTCGGGTCTGCACCCGGCGGACGCGGGATGGACGAGCTTTCAAATCTGGGTGAAAGCCGCATTGCCGAACTTGGGGAAGACGGGCAGATTACTGAATACAGCCTGTCCCCGGTGGATTTCGGTTTGAAGGTTCGCCAGGCGGAGGACATTCTTACCTCAGGTGACAAACAGGGTGAAACCCTGAGACTGCTAAGGATTCTTTCGGGTAAGGAAAATGGGGCTGCTTTTGAAGTGGTTTGTTTGAATACGGCACCTGTTTTCTATGTAGCCGGTGCGGTTAGTAGCCTTAGAGAAGGTTATGCTAAAGCGGCCGAAATAATCCGTTCGGGTGTGGCCATTGCCAAGCTTCGGCAGTGGATACAGGCCCAAAACGCCAACCCTGAAGCGGGCATTGCCCGGCTGGAAAGTCTGCTGGGTGAGCTGGATGGGGCAAAAATCAGCTAGACCTGAAAATATATATGTTGGTCAGTCCGGTTGACACGAGTACACTTTCGGCGTGCTTTTGGCAATCGGACTCTATATACA
CP038470.1_gap4	129671	133615	3944	GTCCAGATATAAAGAATAAACCAGTAATAACCACTTTAGCTTTGGTGGTTGAAAAGGAGGAAATGTGGATGACCAGTTTTTAGAAGAAGTCAAGAAACGCAAAGAGCAGGGACAATCGGAAAGACAGATGGCAACCGATCTCGGGGTGAGCCGCAGTAAGGTCCACAATGCTTTGCAGGATCTCAAGCTATCGGATACCGGGACTTCCCTGGTGCCGGAAGACAAGCTACGAGTAATTATCCGGGAAGAGCTGGAGCGGGTCCGTAACGGGGAGGAAGAAGGGGCCAAAACCAGCAGCGAGTTTCCCATCATACGCAAGATGGGCGGCGGCATGGAGATGATTGCTCCGGAAGCCGTGCTCAAGCACTACATGGGAGGGACTCCCGAAGGTGAGGTTGAGCTCAGAGCCATAATGAAATTCCGGGCGGCCATGCTGATGGTGATGGACCTGGTCAATATTCAGAAGGGTTCGGCTGAGGCTGACGCCAGGCGTATGGAGCCTATTCTAAGGCTGATGAAAGAGACCCGCGAAGAGCAGGATGCAGCCGCGGCCAGGGCTAAGGCTTCCAGTGAGGAGATTGCCGACCGTACCGCCCAGGCGACAGCTGGTCAACTCTTTGGGGCGATATCCCAGAGCAATAGCCAGGTAAACAGCACGCTTGCCCAGATCAAGCAAATGGTTGGTGGACAGGCGAATGACCCCTTCAGCCAGGTGGTGAGCATGCTCCAGTCCATGCAGCAGATGTCCCAGATGTTCGGGATGCCTTTACCCGGCATGATGCCGGGAGCGATGCCGGCAGGAGGACAGCCCGGCAGTCAACCACCTTCGGACCCACCTCCGATTGAAAAACACACAGCAAAAGAATGGGAGGATAGAAATGTTTGATTTCATGCAAATGGCTAATTCACCCCAAGCAAGGGAGATGCTCTTCAAAATGATGAGCCGGCAAATGGGACAGTCTCCGCCGGATGTAAAAGAGGCGATTTCAAAAGTAGAGATTGCCATTAAAAGAAATGAGCGGGGCTTTGAGCTGCGTCTCGGGAAGAGCGAGCATCAGCAGGTCGAGAAGATGCTCCAGGAATCAACCGATAGCTGGATTGAAATGCTCAGCCGCGGCTTTCAGGCTGTAGGCTATAAGGTAAAAATCTATGAATAGCTGGTTTGCGCCTCTCCAGTGGCTGGTATTTCTGTCACTCTGGAGAATGTCCTACGAGACTGCCAACATCAACAGAACCAATGCGGTAGAAAAGAGCTTCCTGATTGAGAGGACTATTCCGGAAGAAGCAGTCAATCAGCGGGAAAAGGAATGGACAGAGAAGGCCGTCAAAAACTATACCGATGCCCAGGAAAAGAAATGGCAGCGATGGAATGAAGCAATGTTTGAGAGGTCTGATTAATGCCACTCCTGGTGGAACGGAAGCTTTTCAAGATTGGCGAGGGTGGCTTTGCAGTTACCTTGCCTAAAGCCTGGATAAACTATCACCGGCTTAAACCCGGTGATATGGTCGAGGTCGTGGTAGACGGAGATCTTATTATCCGAGTCAAGGTTAAGCCGGAAGAAAAGCTTATATAAGCGTTTATAGACTTGTCAGGTGAGCCAGGACGCGGTACGCTCTTAATGAAGCCCTGCGAGCTTGCCGGTGAAAGTTGGCTCGCAGGGCTTGCTTTTTACCGGTAGCTTTAGGGCTTTAGAAAAGGGGTTAGCAACCTGGACCGGAAGGGTTCAAGGCTAACCCCTTTTTCCTTTTCGGACAGGTTGCACCCCGCCATTACCCGGCCGCGACCGGGTACGAATGAAAGAGGAGGTGCCCACATGGGTAAATACGCAAGCTGGAACGAATTCGAGAAGAACGTCCCCATCACCTACAAGGAGAAAGCCACTCCCGAGGCTTTCCGCACCGGAATGAACGGCATTGCTCCGTCCGGGCTGAAGGTGAAAGAGGGGCGGGTAAATCACTACCGCGATGGGGTGGATGGTAAGGGTGAGGTCATGGTCTCCGGCTACAAACGGGCCATGTTCGAATAGCAATCTGGCCGCTTGATGTCTATCCAGACGAGGGCACAGCCCCAATTGGTTTAACCGCTGTCGCGGCAGCGGTAAACCTGATAAAGCGGACCGACATCAGGCTCCAACTAATAAGTTGAGGAGGAAAAGATGTTCAAAACACAGCAACTGACCGGGCCGGTGGCACCAGGACAATTCAACCCAGCGCAGGTGAGCGGTCCTTCTAGCTATTATCCCACCCAGACGACTGGGACCGACTGGACGAGTATGTTCTCGGCGATGATGCCAATGATCATGATGATCATGATGATGGCCATCCTTATGCCCATGTTGAAGGGAGTCACCGCGTCTGCCAAAGACTAAAAATCTGACTTATCGTAAAAGACTTTGAGGAGGTAATCGAAAAATGTTCACAGCACAGCAATTCGCCGGCCAGCAAATCAGGCCGCAGCAATATCAATATGGCACCGTCTCGGGTTATTACCCGATGCAGACCACCGACATGACCAGCATGTTCTCGGCTATGATGCCGATGATCATGATGATCATGATGATGGCTATCCTTATGCCCATGATGAAGGGCATGACCAGCTCCAGCAAATAGTAGGCACTTGAAATCTAATAAGGGGGTTTTATTATGACCGAAAAAATTGTAACACAACAATACCCGGGGTATCCCGGCACGCGGCCTCCGAAAGGATGGGTGCCTCCCCTGGGACAATCGCTGACCCTGCTCGGCGTCTATGACAATGAGTCGGGCTACTGGATGGGCTTGCCTCTCCAGGTGCTCAGGGAAGCTTTGCTTAATGCTGAGGCTCTTCAAACCGAGGACCGCATCGACGAACGGGATAAAATCGAAGTCACCGTGCCGAATGTTTCTGCACAGGATGTGGTAAAAACCACCGAATTTGAGGTACCTTCCGGTGAGGTGTGGTTCCTTAACCGACTCAACCTGGTGACAGAGGCCGAGGTATCCGGCAATATCCGTATATCAAAGTTCCCGAAGGTCAGCGATATCGACAAGAAATACTTGGGCACTGATCAGGCGGCTGGATCCAACAATGATTACGATCTTGCTGCACCGGGAGAACTCGGAGCCGACCTAAGGCTCGTAGGTGGGGATAAAATCACGGTGGTGGCCACAGTAACTGCTGTCGGCGGCACGACAGCAGATCGCAAAGTCACCCTGAATCCTTACGGTCGAAAAGCGAATCGGCTGGTATAAGCCATGGGAGGTGCGGGATGCCCTATACCATGGCACCGGAGGGATACCGGGCATTACTGATTGGCTCAGCCACAAGCATTGAAGACCTGGGCACCTTCGCTCCGCTTGAAGAAAGTTCGGCTGAAGGTGCTCTTTTTTTAATGCGACTCGATTTTAGCGAATTTCCCTCCGCGGAAGCGCTAAACCAGCTTGAACAAGCGTGCTTTGATGCCGGAGTCGAATTGTGGCCGGGTTATAACCACGTTGTCTATGCTGATGTAAATCAGCCTGCAGTTTACCTTGCCTGGCAAAAAGGACTTGCCTGGCTGCCGATTATTATCGGTCTCCTGGTTACCACCGTTTTGCCGCCGCTGTTGGGTTCACTGGTCTGGTGGCTCATGCCGGAAGACTTGAAGAACTTGATTAGCGGCATTGTCAATTTGGGAATCATGCTGGTTGTCATGCTCCTCATGACCAAGCTCATGCCTTCTTTCACCTCGGAGAAAGAAAAGGTGAAGAAAGTGAAACCAGCAGAACCTGAGAAATTAGAAGAGGCAAAGGCATGAACCAGTACCCGCAAGACTATTACTACACTCCGGCTGAATACCAGGCAGCCCAATGGCAGGGTGTTCTGGGTACTTTAATGGGAGTCGCTGTGCTGGTAGCCATGGCTGCCTGGGCTTTTTCACTGGTGAAGAAAGCTATCAAGGGTGAGGAGGTGAAGTATCCCCTAT
CP038470.1_gap5	149368	153609	4241	TTCTTACCTACATTAAGTCATTAGGCGGGAGTAACGTTGTAAAAGTCGTTCCCTCGTCTAACGGCGATGCCAGCGGGTTGCGGGTCGCCGATAAAAGGCTGAAGGTGGTTTGCGGAGCTAATACCAGTTACCTTGACGATATGGCTTGGGTAGGTGAGAAAACACCTCTAACACTCTGCGATGTCAGGGTAAGTCCTTCCAATTCCGTCAAGCCTAACCTCGGAGCACTGGAGCTATCGGAAGCACTGTCAAGGGTCGTGCCGTTCACCGCTAAAGAGGATAACAGACCTGTTTTACAGTGTGTCCTCTTCAAGGTGGCAGACGGCAAGCTCACGATGGTAAGCGCCGATGGTTACAGACTTGCGATGGTGAAGCTGGATTTTGACGGTGATGAAGGGCAAGTCCTGATAAATCGGGATGAGCTAAGGGGTGTAATCAGTGCTCTGCGAAGGGCATACAGGGTAAGGGTGGGCTTTGAGAAAAGCGGGGAAAGCCTTGACGGAATCAGCCTTGTTCTGGACACAGAGCTAATCCGCTATAAATGGCGGGGGGCTGATGGGAACTTTCCCGAATATGAGAAGCTCATACCCGCCGACTTCAATACCTTTGTTAGCTTTGACACTAACGAGGCAATCAGGGCGGTAAGCTCACTCAAAGTCCTGTCTGACAGCAAGGCATACCCGATAGACCTCACAATCGGCAACGGCAAGCTCACAATGTCCAGTCCCGATGATAAGGGACAAGCGGACATACCCGCCGATACACAGGGCGATGGCAAGATACGACTGGATGGTAGTTACCTTGCTGACGCCTTAAGAGCTTGTGGCGGGATGGTAGAGCTTAAGATGGTCAACAGCCAATCGCCAATGCTCTTTACCAGTCCCGATTATGAGCTGGTGGTAATGCCGATGTTTGCTGGTGAAAGCCAGACACCGAAAGGTGAGACACAGACCGCCGAGCCAGTCAAGGTAGAAACCGAACCCGCCGAGGATACCGAGCCAACCGAGCCAGAAGCCGAGATGGTAAGCGAAGCCGAGAAAGCCAATGCGGTAGCCGAAGCCGAAGCAATCACCAAAGCCGATAAGCATAAGCGGAAGCGAAGCAAGGCAAAAGAACCAGTCGCCGTAGCATAAGCCTGAACTGAACGCTTGAACTCAGAAAACAGCCAACGCAGGAAAGCGGGGGAGACCCCGCTTTTTTGCTTTTTTAGGGGTATTCGTTTCCCCAATGCGTGGGAACGGATACCCCTTTTTTTATGGCAAAAAGGGCAGGGAGCACCGATGCCCGATGGCAGAGGCAGACCTCGATAGACGTAAGTCCTCGATGGCAGGGACAGCACCGGCGGTTGCGTACTTTTTGGAAGTCCCCAGGGACAGTTGCACAGTACGAGCCACAACCAAAGAGAGTAGGTACTCCCAGTATTCACAAGTAATTCATACGGAAAGGAGGAAGCCGACTATGGCGGATACGGACACTATCTTTGTTCTCAGTAAGGTAGATGTCATTGATTGCGCCAGGGAGATGGGTATCCCTGAAGAAGCGATAACCGATGACATACTCGCCCAGGTGAAGAAGGGCGTGGAATGGGGACTGGAGTGCTGGTCTGATGTCGTCAAGGAAGCCATCAATATGGCTCTCAAGAGCTAGACCATCCTACCTTTGCCCAGTTTTGCAGGGGTAACTATGCCCAAAAATCTGAGAGAAAGGAGGTAAAACTATGCCTATAAAATGGAATGCGCTAATGGTAAACGAAGCAATGGATATGGTCGAGGAATACGTCAATCAGGCTATAGAACCACTGGAGCAGGCGAAACTCGTCGCTACAGAAGCAAGGAAAATCCCCAACCTGCCAGGGTACATCGACCAGCACTTGTCTCGTCTCATTGGCGAAATCGAGCGGGTTACTGGCGGGGTATTGTCCTGGAACCAGCAACCTCATCCGGGGAATGTCCGTGCAGCGATTAGCTCTGTCCGTGAGTCTATCCCAGAAGGAACGGTAGAGACAGAGCGGCGGAAGGTAACCAGCGGCAAACAGCTCAGTTTGGTGAGCTAATAAAGCCAGCGATACCGGTAATCGAAGGGGTTACTATGCTCGAAATCTGAATAGAAAGGAGTAAGCAATATGGCAACAGGTCAGATGGACTTGTTTGATGGGGTCAAGCTTGCCGAACCTGAACCAACTACCACTGTGAAACTGGGACGGCAGGCTGTCCAGATACCACTTCGTAAAAAACGGCGGGAAGCCGTAAAACGCCTGATGGAGATACTGGAAGAGCTGGAAGGTAAGGACATCTACATCGGCTCTTATGACGCTGGCGGACGCCACTTCTGGCTCGATAACCTGAAACTCCAACGGCTTCAACTGGAATGGCATCCTATCAGGCTAAAGAGTGAACAGAACTATATCCCCAGTGTCATTGTGCTCTGGGGGAGTAAATCAGCAGCCGTCAGGATATTCACTGACTACCTCGTGGCCGTTCGGGAACAGGAATACCAGGGTTACTGGCATTACCTGTTGGACTTCCGTAATGGCTTCTGGGAAAACCCAATAGACAACTTCAGGTCACACTACGCTTGCCTGCATATAACCAGATTCAAGGACTAAAAGTCCAATTCACAATTATTGAAGGGGTAACTATACCTAAAAAGGAGAAAACAATGAATGTACTGTTCGTAATCAATGCTGCTTTCAACACTGGTCAGATTGTCGCCACAAGGGGAGTCTACGATCTCGCGTGTGAGAACCCAGAGTTTGCCCAGTTCATCCAGAAGTCCCTTAATCGTCACGTTAAGGGAGATTGGGGAGATGTGGATGACGAGGATAAACAGACCAACGACCAGGCACTTAAACAGGGCACTCGTCTGCTATCGGCCTATAACGATGACCGCTTCCCCCAAAACGGAGTGGCTACCATATGGGTAATTACGGAAGCCGACCGTAGTGCCACCACTATCCTATTCCCCGATGAGTATTAGCTAATCACCACAATGAATATTCGAGTAAAAGGAGGGTTACTATGTCTAAAAAAGCTGATTCGGTGATAGATGACCTTGTCGGCACCTTAACTGATCCTATCATCGTCTACCCGGGTGGCTGGGGAGATAGTCTCCCCGAATGGTTAAAAAATGCCATAACTCTGGAGAGGTTGACCGAAAACATGAATGGAACCAAAGGGGAGCAACCTACAGGAACGGATGCCGAAGCCTGTGCCTATCTCAATACGGCTTCGCTGACGGTGCCGATGGACAGTGACTGGAGCCAGATTTACCTCTATGTTGCCGGTAAAACTTATACACGATGGAGTAAGAGTGAAATGCCTGAAGACATTCGGGTGAATTCACTCACTAACCAGCAAACGTCCGACCTATCTAGTCTGAAAGAATGGCTCTATCGCCGGCGCACAACGGCCAGGCAGGAAGCGGAACGGAATGAGAGGCGGCAACAGAAGGAAGAGGAGGTAGACAAGAGAAAAGCAGAGCAACCAGCACTTTTTGAGTTCTAAAACACTCGGCTCCATTTTAGGGACCTGGGAATTTTCCCAGGTCCCTTTTTTTGTCCTTAAACAATCAGATACAATACTTGACAACAACTATCAATAATTGTAAATTACAGCCATGATGAAAATACTCGGAGAATGGAATGTCTGAGAATAAACCCGGGGCTATTTTAACCGTTGTCGAAATATCCGAATATCTTAAAATTCCGAGATCCACTATTTACAAGCTCGTACGTGAAGGGAAAATTCCAGCTCAGAAAATAGGTCGCCATTGGCGATTTAGAAAAGAAGCGATCGACCACTGGCTGGAGAACAAAAAGAGCTGAAGCAGGCATAATATCAGAATAATAATCGGGGGTTGAGGGGAGGGGTTGTATTATGATGGGAGATTAGTGAATGAGTACAGATACGACCTTTATAACCAATGAAGGCGAGAACAACCTTAGAGCGCGCTTCAAAGTATTGCTCTCCGATACGAGGTTCTTCGATGTCTTAGTTGGTTATTTTTATACTAGCGGATTCTATACCTTGCTTAAATCTTTGCAGAGCACCGAGAAAACCCGAATCCTCATCGGGATAGGTACGAATCGAAACACCCTTGATGTAATCCAAGAAGCTCATCAACAGTTAGACCTTTTCGAGTTCTCTCATGCAGAAGCCAGGCAGCGGCTTAGTGAAACAGTCGCTCGTGAAATGGAGCTTTCTGAAGATAATTCCAACGTAGAAGAGGGTGCGAATACTCTT
CP038470.1_gap6	157749	161136	3387	CAATACCGGCGAGATGCCTATGGCTAAGGAAAAACCCACTAATCTTAAGCTGTTCGGAGCGCCCGCTGTTCAGCAACAGGCATTGAAGACCCCGGGTAATGTCAGCATGGTGCCGCGTGAAGATATCGAGGCTTTTATCCGTATGGGGGAGCTAGCGATTGAGCATGATACCCGGGTTGAGAACTACGGTAAGGAAACCGAGCGTTATTCCTATAAACTGCCGGAGAGTATCCGGCGGAATGCTAGGCTGATAGATGATAAGCTGGCTGAAATAAGGGTGTGCGATCCTGCCATCGGCTCCGGGGCGTTCCCGGTAGGCTTGATGACGGAAATTGTCCGCGCCAGGAATACTCTTACAACCTACATGCCGGATAAAACAGGCAGAACCAATTATAATTTCAAGCGGCACGCTATCCAGAACTGCCTTTACGGTGTGGATATTGATCCTGGCGCCGTGGAGATTGCCAAACTTAGGCTTTGGCTTTCACTGGTGGTTGATGAAGAAGACATTAAGCAGATTCAACCGCTACCCAACTTGGACTATAAAGTTGTCTGCGGGAACTCCCTGCTGGGCGTTGAGCGGAATATGTTCAACAATGAACTATTCCAGAAGCTGGAGGAGTTGAAGCCGCTTTACTTCAATGAGACGAACGCCAAAAAGAAACAAGAGTTCCGGAAGCAAATAGAGAATTTAATCAAGGAATTAACAAATAACAACCAGACCTTTGATTTCGAAGTCTATTTCTCGGAGGTTTTCCACGAAAAGAACGGGTTTGATATAGCAATTGCGAATCCACCATATGGAGCTGAACTGTCTGGAGAAGAAAGGGATTATCTAGAGTCTAAGTTTTTCAAGAATAAATCTCAAGTGAAAAACTCGGCTATATATTTTGTTTATAGAGCATCCGAATTACTTCATGATGGCGGAGTACATACTTTCATTATTCCCAAATCCATTTGCTACTCATTAGGGTGGAATAAGTGTGCAAACGTTGTACTTCAAGGACTATGTAAACTCATAGACACTGGAAAAGCCTTTGAAGAAGTAAAACTTGAGCAAGTTATTTTCGTTAAAGTTCTTGGAAATCAAGCAACAACGTATATTAACGGACTTTATGATGGATATGAAATAAAAGAATTTGCGGGAGTTGATAAAAATGTTTTTAAGGAAAGCAGTGTTCTTTTAACTGGACAGACTCGCGAGGAGATGGACTTAATAAAGAAAATTATAGGCAGATACAAGAATAAATGGGTTGATTACGTTTCCATAGTAAGAGGACTGAATTGGCAGAGCCAAGTCAGTAAAAAACGTGGAACCACACCAATTCATAGGGGTGCTCAGCTTTCCCCGTATTTTCTCGATGAAGCGACAGATTTCATAGACTTAAAAAAGTTCAATAGAAGTGAGTATCAATATCAGCTTAAACCCAAGATACTAAATCAACTGGCCCCAGCACACGTTCAGAATCCTTATCCACATTTTTTCTTACAAGCAGCACTTGATTTATCGGATAGCCTGGTGTTTGAAACCATATCTTGCACGTTCGTAAGAGATGACTCTGTCGATATCAAGTTTTTACTGGCGATAAACAACTCCAAACTTTTCGCTTGGTTATTGTATAAATTCGTTTATAGTAACGCTATAAGAAGCACCAGGTATGATGAGCAATATATAGGCAAAGTGCCCTGCCCAAATTTCCGAGAGATCAATCAAAAACCCATTATTGCCCTAGTTGATCAAATCCTTGTTATAACAAAAGATTGCAATTATATCCGTGATCCAGATAAACAAATAAAAGTCAAGGATTTCCAACAAAAAATTGACGGGATGATTTATGAGTTATATCAGCTGACGCCGCAGGAGATTGCATTAGTCGAAGGTAAACATTTTAAAAAGGATCAATAAGTCTGATAGTTAATAATCCATCATCCCAAAAGCCAAGCGGGAGCTTGCGCTGATACTGAAACGGAGGGAATAATATGAAGTTAGTTTATGGTACAACTGGTCAGGTACATTTTTCCGATGCACACGAATACTACTATGTACTCGGACTTCTCGCCAGGGCAAAGAGGACCTCAATAGTTTGGGAGCATAATGAAGACCAAGGGGCGTGGGCGAGCGAAGGGCGAATCCATGTACAAGCAGACATTGGTCTCTTCTCTACGAACTTCAGCATAACAGCGGGAACGGGAAGCATGTTGGGGAGGGTAAACTGCAACGACTACGTTTCGTCACTACAGACCCAACATAACTTCGCGTTAGGAACAACCCAAAGCATCCCACTAATCATGGCTACTGTCCCTCAAAAATATATTGATGACTTCATTCGTGGCCTGGCTGCATGAAGATTCGATCAATTGCTCTATTCAAATGCAGAATCGCAATATACTGGTCCCAATTATTAAAATCTGGAGACTGAACGATATTCAAATAAATGCCCATAAATAAAAATTAAGACAGGAGGTTGACCATGACTAATCTTAATTGTCCGGTATGCGGCAAACCAGCCTCAAAAGCTCCTTTCAAGTCTTGGAAATTTGGAAAATACAATGTCAAGCGTTATGAGTGCTCAAGCTGTAAATCAAAATTCAACTTATACCAAAGCCCTGAGCGCACTTACACTATTCCTAAAGCAAAATAGACACTCATACCTGCGGATGAAAACCTCGTGGCGTAAAGAGTAGAGAATTAAAAGTTGCCGATGAGAATGATGACTATGGGAGGGATTAATGGCCAATATACCCGGACCACAACCTGAAGTAAAATATTGTCCATCCTGCAAAGCAAACCTTAATAACGTGCCGCGCAGTCAGATGACATCAAAGGGTTATGTGCGGGTGGATGGTAGTGTATCTCCCGATACCCATACATATATTTGTACCGAATGCGGAAAAAAGTTCGAGATTAATCAGCAACGATGATTGAACGGCTTTATTGTTTAATTCCGGAAGATATTTCGGTGGCGGAGGTAAAAAGTAATTGGCACGAAAAGTGAATCCGGCTGAAGATTGGCGATTGAATAATTTCCTGGCTAAATTTCAAGCGGCCGCGGTGGAGCTCAATGCCATTTCTCATCGGGATGTCGAATCGCTGAAGTTCAGGGATTCGTCCAGTTCTCATGACTACCGAGATCTGATAACAGAGCTTGGTCCGATGGGAATAGTGGAGATTCAAGGTAATTATCAAGGTAAAGCATGGAAGATTACCGATACCGATGGTAACTCCGTTATCATTGTGGAGCACGAAACAGGTCTTGAAATACTGTATATTGTCGGCTCTGTGGCCTCTATTGTGAGTTTGGTCCCAGTAGTCGTCAATGTTTGGAATAGAATGCGAGACCATTGGCCGCCGCACGGAGGGCGCTTTGGCACAGGCGGATTGGAGAG
CP038470.1_gap7	183254	183970	716	TATGACGTAATACTGGCAGATCCGCCGTACCGTAACCAGCAGATTGGCGAGGTACTGGAGAAACTGGGGAATTCCGGGCTTATCGGTGAAAACACAGTCATGGCAGTTACCCATTCCGCCCATCTCACTCTTGCCGAATGTTACGGGCGGTTAAAGATGCTAAAAGAGCATCGCCATGGGGATAGCCTTATCGCTATATACAGAAAGGATAGCAGTTTTGATAGCCATTTACCCGGGCCGGTTTGACCCGGTAACCCTGGGCCATCTGAGCGTTGCCAGACGCGCTTCAGGCTTTTGTGACCGGCTGATTATTGCTGTCTTTGATAATCCTGCCAAACCGGGCCTTTTTACGGCCGCCGAGAGGGTAGACTTCATCAAACAATCCATTAAAGACCTTCCCAATGTAGAGGTGCGTTCTTTCAGCGGGCTTATGGTCAATTTTGCCCGTAAAATGGGTGCTTCGCTTATAATTCGCGGCCTCAGGGTGGGGGCTGATTTTGAGCGTGAAATGGAAATGTACGTTATGAACCGCCGTCTGGATGAGGGGCTTGAGCTTTGTTGCCTCTTCTCCGAGCCTCAGTACCAGTACCTCAGTGCTTCGCTTATCAAAGAAATAGTGATACTGGGCGGGGACTCAAGCGGATTAATATCGGAACATGTGGCAGTAGCTTTAAAAAACAAGTTAGCGTCTGTCTAGTGTGGTATAATCAATTAAT
CP038470.1_gap8	204951	207557	2606	GACTATACAGGACACTATGATAAATATAGTCAAGCAAGAAGTCAATATGGTAATCCTTGCGGCATAGCTACAAATTGCAAATTTTAACTTAAACCGGCTACGTAGCCGGAAGCCCAGGCAAATCCAAGGTTATAGCCGCCGCGTTTGCCGTTTACGTCCAGCACCTCGCCTGCCAGATACAACCCTTTGACCAGCTTTGACTCCAGGGTTTGGGGGTCTACTTCTTTGGTGTCTATACCGCCGGCGGTAAATTCGGCCTCATTCCAGCCGCGGGTTCCCGAAACCTCAAACCGCCAGTTTTTAAGTTTAACAGCCGCTTTGGAGGGGTTTTCTTTTTCAAATAGCTGTTTAAATGCCAGGCAGAGTTTACCGGGCAATATACCGGTCAGCATATCCTCCGGAGTTAAGCCCATTTTATGGCGGTTAGTCAGCTCTGTTTCCAGCTGTTTTTGCTCCATAAAGGGTATCAGGTCTGTTTCAAGGGAGACATCTTTTATATTTAAGCGGTTTATAGCCAGAGAAATTTCCTGGCTTATATCCAGTATAAGGCTGCCTGACAAACCGTATTTGGTAAAAAGCAGTTCTCCGTCAACGGGGTTGCCTATTTTGCCTTGGATACGGCTTTGGGCGCGGGCAATAATGCGTTGCCCCTGAAGCAGGTGACAGAGAGGGTCTTTGACCACCAGAGGTACAGTACTGGGTACAGGTTTGATGATGCGGTGACCCAGTGAAGAAGCCAGTTTGTAGCCGCTTCCGTCCGAACCGAAAGAAGGGTAAGTAGAGCCTCCGCCTGTCAGGATAAGGCTGTGGCCGGTTTGCTGTTTACCGTCTGCTGCGCCCAAGCTGAAACCGGTTTGAGTTTTTTGGATGGACACGCAGTCAAAGCCGTATTCCACCTGCACACCCAGCCGTTTTATTTCCAGTGCAAGCACCTTCTGGACAGACGCAGCTTGGTTGGTAAACGGGAAAATGCGGCCGTCCTGTGAGTAATAGTGAAGCCCCAGTTCCGAAAAGAAAGTTAGTATATCATCCCGTCCGAAGCGGCTGAAGACAGAATTTACCAGGGGTCTGGCTTCGGGGTTATAAGAGCTGGAATCCAGCGCTTCATTAAGCAGGTTGCAGCGCCCGTTGCCGCTGGCCAGTATTTTCTTGCCCAGCTGGGCAGTTTTTTCAAGAATCATTACCGGTTCACCCCGGCGGGCTTTGCTGATTGAGGCTACCATACCGGCAGCGCCTCCGCCAATAATCAGGGTTGTTTTCCGGGGCATTTTCAAATGGCCTCCCTAAATTTGTCACGCCGGGTAGTGAAGAATAGGCTTATTATACACTAAAGGCAGGGATAAGCTGACGGCCGGGGTGTTTGGGTATCTTCAACATGTCCAGTTGAGGTAAGAAATCGGTGTATTTTAGGGCAAAGGCAGGAAAGGGACAAAACTCAGATGAGATATAACTGCACTTAGGCTGATAGGCAAAAAATTAAGGGGTTATTTTCTGTCCGCAGTTTGGGCAGAACACAACATCTGCTGCCAATCCGATACCGCATTTGGTGCAGTATTGACCACTTGTGTTTTGACTGTCTGGGGTGGATAGACGGGATTGCACTGGATGAGCAGGTTTGGACGGGTTTTTCAGATAGCTTCTTATCAGAAGGAATGCTCCTAGCAACATAACTAATGCCGGAAGCCCGGTGACAAAGAAAAACATTCCGGCAACCTGTGGCTCAGTTTCGCTCAGGGAGCCAATGAGGTTTTGGATGGAAAAAACAAGTACCGGCAATCCCCAAAGGCCCAGCAGTATACCTATAATCAGCCTGACCATAATACCGGCTTCCTAGGGTATTTTAGGGGCATGCAGTTTCTCTGTGCCGCAAACAGGACAAAACTGGATATTGGCTTCCAGTTTCTGCCCGCATCTGGTGCAGTACTGTACCCCTTTGTTGATTTCAATTATATCCAGAGGCATATTTCTTCCGGTGATTTTCTTTTTATTCAGCTTGTTAAACAAATATATCAGCCCCCAGATAAGACCTACAGGGATCATTATCAGTATGATGATTATTATTATTTCTATGGGACCAATTTTGGGCATGTCATCTCCTCCATGTGTTAATTCGGGCTGTCCGCTGGGTGGAGAGATTATTCAGATTGGCATATGCCATTAAAGCTTGCGGCTATATTAATCCCGCAGGGGTATGCCTTTGGCGTCATACTGGAATGAGCCGGTAAGTATAAGTATGCCTTCAATAAGGCCCCAGATATAGCCGCCTATGCCCAGAGTAACAAAAGATACAATAATTTGGGCTATTCCAATACCCACGTAACCCAGATAAAATCTGTGTACGCCTATACTTCCCAGAAATATACCCAGCAAACCGGCCGCAATCCTGGATTTTCGTTCGGGGTATTCCGTAGCGGTTGTTCCGCTCGTATGGAGCTGATTACCGCAGGCAGGGCAGAAGGATACGCTATCATCTACTTGTTTACCGCATTTGGAACAATACATGCTATTTCCGCCTCTATATTTTTGTTGAAAACATTATAGTCTTGAGTATATGTATTAACAAGTACATAAAAGATAATACATTGCACAGGCATTTGGCTGTTACT
CP038470.1_gap9	270498	272313	1815	TATTTTATCATCTCCGGGCTGAAACTGTGGCTTGCTTAATATTTTAAACCAGGAAAGGTTCGCTTATGGCTGTGGGGCTGGTTTATAACCATATATATTTAAATCATGATACAGGTACCCATGTGGAAAATCCTGACCGTTTATTGGCGATTATGGAATATCTGGAGACGCATGGCCTAAAAGACCGTTTGGTGCATATTGAGCCAAAGCGGGTGGGTATGCGTGAACTGGAGAGTTTTCATAAACGCAGTTATATAAGCCGGGTTGAGGAAGTGGGTTTCAGCGGAGGCGGCTGGCTGGATCAGGATACGGTTATTTCGTTGGATAGCTACGAAGCCGCTCTGTATGCCGTGGGCGGGGTGATTGAGGGAGTGGATAAGGTACTTTCAAGAGAACTTGATAGCGCCTTTGTGCTGTGTCGCCCGCCGGGTCACCATGCCTTGCCTGAGGCTTCCATGGGTTTCTGCGTTTTTAACAATGTGGCTTTAGGAGCCTTGCATGCCCTGAACAAGCATAAACTTAAGCGGGTAGCGGTGGTGGATTTTGATGTTCACCATGGCAATGGCATCCAGCATGTCTGTCTGAATGACCCCCGTCTAATTTATCTTTCTCTCCATCAGATTCATCATTTTCCTTTTACGGGAGACAGCCGGGAAAATGGTCCGTTTCAAAATATTTTAAATATCCCCTTGCCTGCGGGCTGCGGAGATAGCCATTATCAAAAGGCATTTGACGAGGTGATTGGTCCGTACCTTCGGAAATTTGCACCCGAACTGATACTGGTATGCGCCGGATATGATGCCCATTTTGCCGATGATATGGGCGAGATGTGTCTTTCCCAGCAGGGCTTTGCCGGTATAACCCGTGCCATAAAGCACGCGGCGGAGGAAGTTTGCGGGGGGAAACTGGTATTCAGTTTGGAGGGGGGTTACCACTACCTTGGTCTGGCCGAAGGAGTGGGGGCTACTCTGGCGGTTTTGTTAAATGAAGCATTGCCTCCCCCAAATACCAAAGCCCCCGAAGGGGCTGTGGGTAATCCTGATATTGACCTGATGATTAATGATTTACGGCATATTAACGGTATCAGGTAGCTCTGAATGGCGTTTTTTGCAGCTCATCTGGCACTCAGGGCAGTTTTCCTCGGTACAGGGTTCTACGTGGATAGTTACATAGTCTACCTTTAGTTTATCCTTCAGGTCCTGTTCCAGATGGTCACATATAGCATGAGATTTTTCCACCGAAAGTGTTTTAGGCATAACCAGATGCAGGTCTACATAACGGTAACTGCCGGCTTTGCGGGTGCGCAAGTTGTGAAATTCCACCAACTTTGACGTATGTTCGTTTATCAGGCTGGTAATAGCCTCTACCTCTTCTTTGGGCAGACGGGCATCTACCAGCGCCCCGAAAGATTTGTTGAGTATGTCCCAAGCGGCTTTGATGATGAGCAGTGCAACCAGCAAGGCTACAATGGGGTCAAGTATTACCCAGCCGGTTATTTTTACCAGAACAAGACCTACCAGCACTCCGGCTGAAGTGATTACATCAGTGGTAAGGTGTGAGGCATCTGCCTCCAGAGCAACTGAATCAGTCTCGTGGGCTATCTTTTTAAGATAACGCGAGACCAGAGTGTTGGCAACCACGGATATACCCATGATTACTACACCCCATTCCAGCATTTCCGGGGCAGAGCCTCCTATAAGTCTATTTACTGCTTCGTAGATTATCCATATAGCCGCTACGAATATAAGTACAGCTTCTACTGTACCGCTTACATTTTCCCACTTGCCATGCCCGTAAGGATGGTCAATATCTGCC
CP038470.1_gap10	274831	277273	2442	TAAAGGCCTCCCGGCGGGTTTTTATTTCACCGGCCGCCTGGGCCTCGGCAATTTCACCAAGCAGGATTTTTATTCGGGGACCCGGCCTGAGGGCAAAGCGCTCTATCAGGTCGGTACCGGTTATTAAACGTTTTGGAGTCAGTCTGGTTAGCTGTCTTTTCTGCTCTGATAAAATGTGCGCTACTATATTAACATGTTCTTGCCAATTTGCCACCATCAAATTTGGCCCATCTGTTGCCAAATGGTCTGCCAGACTTAGGTAAAGGGTGGCAGTGGCGGCTTCCGAAAGGTCACGGAAATAGCGGTAAATAGCTTTTGAAGACGGCAACTGGCCGTCAGGATTCATCTGTACCGGACGCAGATGGTAGCAGACCATTTTCTCTACCAGTGAGATTTCTTTTTTTGAAAAACGCAGACGGGTGAGTATTTCAGATGTAATTCGGCTACCTTCCAGCGGGTGACCGGTAAAACGTACCCGTCCGTCAGGGTCTGTGCTGCGGGTTTGGGGTTTGGCAATATCATGCAGCAGGGCGGCCAGTTTGGCCAGAGTGCGGATACGGGAAGTACCGCTTATTTGCTGGATGAAATATTTTTCAAAATTACTGTCACGGTAAATTTCACTGGTTATTTCAGGTTTTTGGTATGGCCAGACAGATTTGCCCAGTATGGCGTCCAATGCGTAAATGGTTTTTATAGAGTGTTCAAGCACATCCCATGTGTGTTCGTAGGGCTGTGGGTGCCGGTAGCAGGGATCAAGCTCCGTGAATATGCTTAGTAAAAGCCCCAGTTCGAGGCACTTTTCCCAGATGCCTGTCTGGCTGGTTTCAAGGAGTTTTAGGAGTTCTTCCCGAATTCTTTCGCCGGCAACAGTTGATATCAGGCCGGCGTGGGTTGTAATAAGACTTTGAGTTTGTTCGTCCAGCTCAAAGCCAAGTTCGGCTGACAAACGTATAGCCCGTATCAACCGGATGGGGTCAGCTCTAAAAACTTCGGATGAGGTTACCCGTATGACCCTGTTTTTAATATCCCTAAGCCCCTGCATGGGGTCAACAATAGCGTGTATTTGCAGATTGCCGTGATTTAGGGCAGACAAGGGTGCGGCCATGGCGTTAAGGTTGAAATCACGCCGGGCAAGGTTTGCCGAAATATCTGGCGTGCCGGAAATATCCAGCTGAAAACCGGGCAGCATGACTCTGGTTACGTCATTATCTGCATCAAGTACTATCTGAGTGGCTTTGAAATGACGGGATATCTTGGAGGCAGCAGAAAAGCCGTTACCTATTACGCACAGGTCAATATCTGCAGTCGGTTTTTTAAGCACAAGGTTACGCAAAAAACCGCCCACCAAATAGGTTTCAGTGCCTTCCGCTGAAAGCAAACGGTGGAGGTCTTCAAGCAAGGCAGCGGTTTTTTTATCTGTATGGAGCAGCTGGTTTTTATTCGTCACGGTTTTCACCCAAAAATCTACTAAACTATACTCCGAACGTATCTTCAATATCAAGAAAATTACGTTTGATTAGCTTTGGGTGGCAGCCGCTGAAAAACACACCCCGGTACCTTCCGCAGACGCGGCGGCATTTTTGAAAAGCCTGAAGTACTTATTTTGCTAGGTCATAGACTTGGAGATACTTTTCAGCATAGCTAGAATAGCAATGACCGCTCTCTGCAGTTCAATAGGCTCTTGTGCCAGCACTTTGGCTACATAAGGGTCAAGCTGTCTGGGGATAGAAGTATATTCCGCTTCCATCTCCGAGATACTGTCCTTCTGGGGAGTAAGATATCCGGCCAGAGTGAATAACTCATCTTCTTCAAAACCCAAAGGATGAGCAATTCGTTTGAGTATTCTGGCAGACGGAAAACGCTCGCCGCGCTCAATGCGCCCCAGATGCGAGGGTGAGACGCTGGTCTTGGCGGCCAGCTCTTGCAAGGTAAGCGGTATTTTTACCCTTTGCTGACGGATTATCTCTCCAAGGTCTGCCCAGCCATTTGATGATGTGGCTTTACTCATGATCTTCCTGCCTTAGATATAATTCGGGTAAGGACTGAATATGATAAAGGTATAATAATATTATACGATAACAGCAAAGCATATGCCAGATGTCAATGTCTGAGCTTTTTACAATGTATACCACTGAACAACAGGTGTCAAAATTAGTATTTTTTGTATACTCATATTTTACAAATGGTATATAGGTAATATTGCCATTTTGGTCCAGCACAGGACAAAAGGCACTTTTTTAAAACGAAAATTTGAGTATTAAAAGGATCTAGCATAAGCCGTATGGATCAATATCAATACTCCAGCCTTGCCCCAGGTTGATATCCCGGAGGAAATTGGCCGGGTTTGGTGAGCGCAGGATTATCTGGTATCGGTAACGTCCCCGCAGGCGCTGGATAAAGGCGGGAGCCGGCCCCAGAATCTCCAGCGTGCCTGAACCGGTC
CP038470.1_gap11	322722	325769	3047	GAGCCGCAATAATGCCATCTGGGTGGATGATGTACTTTCCCGTTACGGCGTGGACACATTGCGTTATCTGCTTTCGGCCAATATGCCCGAAAGTTCGGATACGGATTTCTCGTGGAGGGAATTTGTCCGCCGCAACAATGATGAGCTGGTAGCCACTTACGGCAATCTGGCTCAGCGTGTTTTGACCATGGTCTGCCGCAATTATGACAATAAAGTGCCGGAATACGGCGAGCTGGATGAACGTTCCCTTACGCTTATTGAAAAAACTGCCGCTATGCTTTGTGAAACTGATAAAGCCCTGTATAACTGTAATTTCCGCGAGGCAATAAGGCTGGCTATGGCACTGGCTCAGGAGGCAAACCGCTATCTGGATGAAAAGGCCCCCTGGAAAGAAATAAAGGTGGACAAAGCCGCCGCTGCCCGCAGTTTATACGTGGCCATGGTGGCACTTTCCGGCCTTCGGGTGGCTTTCTACCCGTTCTTGCCGGAGAGTTCGGGACGCCTAAGCACTTATCTTGGTTTCGGGTCTGAATTGGAAAAAGAAGGCTGGATACTTAAAATGCCGGTGGTCGGGCAGGAACTGACCCCGCCGGAGCCGCTTTTCAAGAAGCTGGAAGATTCGGTTGTGGAAGAAGAGACTGCCCGTATGGGGCTTTAGTATTTACCAGGAGGCATGGTTTTGTTGAAACTTAGCTCTATCTACGCACCTATAAACGAAGGCCTCAAAGGGGTTGAGGACGAATTTAAACTGGTATCCGAAAGCCGCAAGAAGTCTTTTCCCGAAATGGCGGAAATGCTGGACTATATTCTAGTAGGGGGCAAGGTGCTCAGACCGGCGCTTTCCATGCTGTCTGCCATGTGCTTCGGTGCCGGCATAAAAAAAGTATTGCCGTTGGCTACATCTTCCGAAATGCTTCACATAGCAACACTGGTGCATGATGACGCTATTGACAAGGCTGATACCCGCCGCGGACGCCGGACAGTTAACGCTGTCTGGGGGCTGGAGAAGGCTATACTTTTAGGAGATTTCCTGTTTGCCCATGCCGCCGAAACAGCGGCTGAAACCGGCAATATGGGTATAGTCACCCTGTTTTCCCAAACCCTGCAGATAATTGCCTCCGGAGAGCTTAAACAGGCTTATGCCAGTTTTAACCCTGACCAGAGCTATGAAAACTATCTGGAAAGAATATCCGGCAAGACGGCTGCCCTTTTTGTAATGGCTACTAAGGGCGGGGCTATACTGGCGGATGCCTCACCGTCTGACGAAGAGATAATGCGTTCTTACGGCTATAATCTGGGCTTAAGTTTCCAGATAGTAGATGATATACTGGATTTTGTGGGTAATGCCAAGGATATGGGCAAACCGATAGGTTCAGACCTGAATAACGGCACAGTTACTTTGCCGGCCCTGCTCCTGATGGATCGTTATCCGGATAATAACCCCATCAAGGATATGCTTAATGCTACTGACCGTATCCCTCATGTTGCCAAAGCAGTTGAGATGATAAATTCATCAGATATCATAGACCTTAGTTATAAAGAGGCTAAACGCTATGCTGATTTGGCCTGCCGAAATTTGTCACAGCTGCCTAAAACGGCTGCCCGCGAATCTCTCTACCAGCTGGCCGAATTTATAGTTGAACGTAAAAACTGACGAGGAGACTCAAGATGAAATTGCTTGTAAATATTCTAGCCCTTATTCTGGTTGTCTTTGTCCTTACCCATTTGCGTGAAATCTGGAATTGGCTGAAGGTATTTTTAAACGTAAAAACTGACAAGGAGACTCAAGATGAAATTAATGGGTTGTCTGGGAAGTATTCTAGCCCTTATTGTGATTATCTTTGTCCTAACCCACCTGGGTGAAATCTGGGATTGGCTGGAAGGCATTTTTGCCTGACGGGCGGGTATTCTTTTATAGACGTAATTTTATAGATGCAAACAAAAAAGCCACCTTTTCAGGGGTGGCTTTTTGATTAGGGCAATATTGATTTAAGTAGATTCAGCTATTGGAAGTTCACCTGTAAACAGGCTTTCCAGCTCAACCCCTTCCAGAGTTTCTTTTTCTACCAGTTTTTCGGCAATGAACTTCAGACGGTTTTTATTTTCGGTCAGTATTTTCCTAGCTTTCTGGTGGGCTTCTTCAATCAACCCATGAACCTCATCGTCAATCATGTCAGCTATTTTCTCGCCGTAATCTTTTTGCTCGGATATTTCGCGTCCCAAAAAGACCATTTCTTCTTTGTTGCCAAAGGTGCGCGGCCCCAGTTTGTCACTCATACCGTAGCTGGTGACCATTTTGTGGGCAATATCGGTAGCCCGTCGCAGGTCATCTGAAGCACCGGTGGAGAGTTCTTTAAAGGTCAGTTCTTCTGCAACATAGCCGGCTAGAAGCCCGGCCATCATGCCCTTGAACTGGGAACGGGTCATCAGGTAGCGGTCTTCAGTGGGCAACTGGCGGGTATGCCCCAGCGTCATGCCTCTGGCCACAATTGATATCTTGTGGACGGGGTCAGCACCCTGCACCAACCGAAGTACCAGCCCGTGTCCGGTTTCGTGGTAAGCGGTTACTTCTTTTTCCTGGGTGCTTATGCGGCGGCTCTTGCGTTCAGGCCCTGCAATAACCCGGTCAATAGATTCCTCAAGGTCTTCGGTTTCAATTACCTTGCGGTTTTTACGGGCGGCCAGTATGGCGGCTTCGTTAAGAAGGTTTGCCAAATCTGCACCTGAAAAACCGACTGTCTGCTTGCCCAAATTTTCCAGGTTAACCGTATCTGCCAGAGGTTTGCCCTTGGCATGGATTTTTAGTATGGCTTCACGTCCGGTTATATCCGGCTTGTCCAGCACTACTCTGCGGTCAAAACGGCCGGGACGGAGCAGGGCCGGGTCAAGTATATCAGGACGGTTGGTTGCCGCCACTACTATTACACTGGTATCGGTATCAAACCCGTCCATCTCCACCAGTATCTGGTTAAGGGTCTGTTCCCGTTCGTCATGTCCGCCGCCCAAGCCTGCGCCGCGCTGGCGTCCGACAGCATCTATTTCGTCTA
CP038470.1_gap12	345502	349034	3532	AGACTGCGTACCTGTTTCAAACTCAAATCAAACCCGTTTGGCTGAAGCTGGTTTTCCAGATCAGGGTAATCTTCCAGCAGGGGTTTAGCTGACTTTATGAGGCGGAGTATTTCTTCTTTGGCTAGAGCCGACATAGGCGTTTCTCCCACATATTATTTAAGTGAATTTAACACAATACAGTCACTTCGGCAAATTTATTTTGGCGTTAACATAAAAAAGCACTTGACACTGTGCTACTATTTATTGTATACGTATTAAAGCTAGCTTGGTTCCGAGGCGGTTAATTGGGAGTCTGTGTCCATAAACTGCGCTGGAAACAAAGCAATTTATATCAAGGAGGTGCAGTCATGGCACAGGACAAAACTTTGGTCTGTCGTGATTGCGGCAATGAGTTCATTTTTACCGCCGGTGAGCAGGAATTTTATGCTTCCCGCGGTCTGAAAAATGAACCCAAACGCTGTCCTACATGTCGTTCCGCTCGCCGCTCTGAAAACAGGGCAGAAGGTGGCGAAAGAAGGACATATGAAGTAGTGTGTGCCGCGTGTGGCGTTCAGACAACCGTTCCCTTTGAGCCTACTGAGGGCCGCCCGGTTTATTGCAAGGACTGTTACGCTAAAACAAAAGAAAGCGAATAGAGCCTCTTTTTTAACCCGGTAAAATCAAATACAGACTCATACTTTAAGAATTTTCTGGTGAGTACGGGTCTGTATTATTTTTCGGGGCTAGGAGTTATGCAGGATTTTAGACAGAAAGAGCTTGGTTCTTTCATGTTTGGGGTTAGTGAAAAATTCATTCGGGGGGGCACTTTCCACTATCAGGCCTTCGTCCATGAAAATTACCCTGTCAGCCGCTGCTCGGGCAAAACCCATTTCGTGAGATACCACTACCATAGTCATACCCTCTTTGGCCAGAGTGGTCATTACGTCCAGAACCTCTTTTATCATTTCAGGGTCAAGGGCGGAAGTCGGCTCGTCAAAAAGCATTATCTGGGGATTCATGGCCAGAGCTCTGGCTATGGCTACCCGCTGCTGCTGGCCGCCTGATAGCTGAAGGGGAAAGGCATGAGCCTTGTCCGGTATGCCCACCTTCTTTAACAGGTCTGCCGCATTCTCCGCGGCTTCCTCTTTGGTACGTTTCCTCACCTGGCACTGAGCTAAAGTTATGTTGTCAATAACCTTCAGGTGGGAAAACAGGTTGAAGGACTGAAAAACCATGCCTACCTCACGGCGGACATGATTGATATTTTCGGTGGTGTCAAGGGTAATGCCGTCTACGGTTATTTTGCCTGAATCATATTCTTCCAAGCGGTTTATACAGCGTAACAGGGTAGATTTACCCGAACCCGAAGGGCCGATAATGACCACTACTTCGCCTTTTTTTACTTCAAGGCTTACCCCGCGCAAGGCCTGAACCCGCCCAAAATGTTTTTGGATGTTTTCAATCTTGATAATGGGTTGTTCTGCAGAAGTTTGTTTTTTGTTCATTATCTTGAAAACGCAGTTTTCTTTTCTATGTAGTTTATCAGACGGCTGGACAGGAGCGTAAGTATCAGGTAGAGCAGGGCAATCATACTCCAAACCTCAATGGGGTTGAAATTGGTAGCGGTAAATTCACGCCCCAGCCTTACCATATCAGCTACGGCTACGGTAGATACCAGTGAAGTGTCCTTTAGGAGTGAGATAAATTCGTTACCCATGGGGGGCAAGATCACCCTGAGTGCCTGCGGCAGTATTATAAACCGCATTGCCTGAGTATGACTCATGCCAAGGCTGCGGGCCGCTTCCATTTGCCCTTTGGGAATACTCTGGATGCCTGCCCGGTAAATTTCGCTCATATAGGCGCCGTAGCAGAAGGTCATACCCCAGATAGCCATCACAATGGGGTTGGCCTGATAGTTCAGCATCGGTCCGAAATTCAGGGCTTGCCCTATGGTCTGGATTATTACCGGGAAGGCAAAATACCACCAGATAAGCTGAACCAGCAAGGGAATTCCGCGTACAATTTCAACATAAAATGTGGCTATGCCGCGGATTAAAGTATTCTGAGATAAACGCCCCAGACCGCCGAATAACCCCAAAATAAGCATCAGGAAATAAGATACAACGGCAACCAGCACCGTAATCCCGATACCTACCCATACGTACTTGAAAATATCCAGAAAAGGGTCAGGCTGAAACAGCATCAGACCGCCCGCCAGAGCAAAAACCCCGGCTACCAACCACCACCATGGATCCATCCGGTTAGATGGTTCAGCCCCTGGTATGAGGGCTATTTTTTCAGGCGGCTTAATCTTGTTTTCTGCCATTTCTCCATACAAGAGAGGGGGCTTTTGAAGCCCCCTCTGTAGTTCTTAACGATTATGGATTCAAGTTCCACTTGGCTATAAGCTGGTCAAGCGTACCGTCTGCAATGACGGCTGCCAGACCCAGATTAATCCTGGCCAGGATTTCTGTTTGGCCTTTAGCTACGGAAATGCCGTAGTATTCGTCAGTGAAAGCAGTACCCACCTTCTTGAGTTTGTCGGGGTTAGCATTTACATAATCTATGGCTACCGGGTTGTCGCAAATAACGGCGTCAATCTGGCCGTTGATAAGGTCCTGGAAAGCCAAACCAATTTCATCGTATGATTTTACAGTAGCGTTAGCTATTTTTTGGGCCTCAAAAAATCCGGTAGTGCCGGTTTGGGCCGCAACCCTTTTACCGGTCAGGTCATCATGGCTCAGGATAGTGGTATTGGTTTTCTGTACGCAGACCATCTGGCCGGCGTTAAAATAGGGTTCAGAGAAGAGCCATTTTTCGAGACGGTCGGGGAGAATGGTGATTGAGGAAATGGCTACTTTATACTGACCGGTAGCCATACCTGCCAGTAAGGCATCCCAAGCCACATTCTGGAAGGTGACTTCCAGGTTGGCCTTTTCGGCAATAGCTTTCATCAGGTCTATATCAAAACCCTCTATAGCATGAGTTTGTTCATTAACATACTCAAAGGGCGCCCAGGTGGCATCGGTTACTACGGTAATCTGTAGTGTGGCAGTGCTGTCGTCAGTGTCATCAGTAGAGCTTTGGCAGCCAGAGAACAGCAATGCGCTGGACAGGAGCAGAGTCATAAGGATAGTACTTAAGCGCTTCATCTTTCCTCCTAGATTTATTAAGCTAATTCAAAGCCTTCTAAAGAGATGCAGATTAAAAAGATTACGAGGAAAGTCTACAATATTTACGGCCATGTGTCCATGTTTTTTTAGGGTTTGCTTTGAAAAATAATGCCCGACCGGGAGGTATCTGTAGCTGAAAACCACCCGGCAGGGCATATATTATTATATTTAACGGCTGCTAATTTGAGCGGGTGGCTACGAAAAGAGTGCCCGGACCTGCATGTACGCCCAGAGCAGCTCCTAGTCTGGATATTACTATCTGTTTACGCGGGAAAAACTCTGCCAGTCGGTCTGCCAAGGCCACTGCTTCATCAGGGGTGGTGGTGTAAATAACTGATAAACCGGCAATATTTTTTACCCCGGCCGTAAATTCGGTAAGC
CP038470.1_gap13	384968	389925	4957	ATCTGACTGAGCTGGACGAGGCTGATACCGAACTGGCAGGTAAAATGATTTTGCTGGCAGGTAAACTTGCCCGTGAGATGGATATTGCCGAAAGCGGTTACAGGCTGGTGATTAATAGCGGGCGTGAGGGCGGACAAGTAGTCCAGCACCTGCATTTGCACCTTTTAGGTGGCCGCCAGCTTGGCGGACAGCTGGGTTAACCGGGAGTCTGGCTGAAATACAGCATTAATCCGGCCAGTGTCTTGGAGTCTGTTATCTGCTGATTGGCAATCATGGCTTTTACCTCTGCCGGGGTATAGCGGAAGACTTCTATATCTTCGGTATCTTCGGCGGTTAAAGGTGCATATTCAAGGTCTGTTGCTACCAGCACATACAAGTATTCGGTAAGAAAACCGGGTGATGAATAAAATCCGCCCAGCCTTCTAAGGGTATTGGGTTTATACCCGGCTTCCTCCCGCAGTTCACGGCGGGTGCTTTCCTCAGGGGTTTCCCCGCTATCCATACTGCCTGCCACCAGCTCCAACATGTCTTGGGCAGCTGCCAGGCGGTATTGTTTTATCATCAGCAGTTTGCCGTCTGTGTCAAGCGCCACTACCACTACGCAGGGGTTATGCTCCACCAGTTCACGCGGGGCAGTTTTACCCGAAGGCAATTCCACGGTAACCTTGCGGAGTTTAACCAGATTTCCGCAGTATATATAGTGGCTTGAAAGAATCTTTTCAACCATTATCGGATCTCCTAGTTTATACGGAGTTTACTTCGGCTAGTGATAACATCATGGCAGTTTCATCGCAATTGGGGAATTTAGGGCAGCGGTAGCATTCCCCCCATATTTTATGGGGCAGTGCATTTTTCTCCACCTCATGGAAACCGCATTTCAAAAAGAAAGCCGGTTTATAGGTCAGGCAGAAAACGGTGGGTATCCGAAGGGCTTTGGCATCTTCCAGACAAGCCTTGACTACCATTTCTCCAAGCCCCTGACGATGCCGTTCCTCGGAAACCGCCAGAGATTTTACTTCTGCCAAATCTGCCCAGCTGATATGCAGGGCGGCACAGGCAATTACCTCGCCGTTATCACCGCGGATTACATAAAAGTCCCGCAGGTTCTCATATATTTCAGCCAGAGAGCGGGCCAGCATCTGCCCGTGGTCAGCAAAATTGTTTACCAGCTTGTGAATAGTAGTGGCGTCTTTAATGGTGGCTTTATCTATCGTATACACTTTCGTTATTACCTTTCAGTTTGGTATCAAGCTCTTTGTAAAAATAATTATTCGGCCGTAGCCTCATGAATTTTACTTTCTTTGAGCTTCGCCTGAGACGCAGAGTGTCTCCGCTTGATACCTGCATATTGATAAAGCCATCTATACTCAGCGTGGCTTCATGCCAGGTATTTACCTTCAAATCTACGATGCTGTCAGACGGGAGCACCAGGCTGTAACCCCGTCCCAAATGGGGCAGAATAGGTGTCAGGATAATATCTGCCGAGTTTGGCTGGAGAACAGGCCCGCCGGCGGCATAAGAATAACCGGTACTGCCGGTGGCGGTGGATACAATAGCTCCATCAGCTTTGTAAGTGGTAAAAGGCTGTGAATTTATATCTACCGAAACGCAGATAACCCGGGCAACTTGCCCGCGGGCTACTACGGCGTCATTCATGACGAAAAACTGCCGGCTTTGAGCGGAGTCATGGGGTAAATATTCGGCTTCCAGCAGGCTGCGTTCATCTATCCATCCGTCACCTGCCAGTACTTTTTCCAGCCCTGAAATGGCATCTTCAGGCGAAAGCTCGGTCATAAAGCCCACTTTACCCAGATTTACACTTAGAATGGGTATTTCAAGGGGCAATATGGCATGGGCGGTACGTAAAATAGTGCCGTCACCGCCGGTAGTAAAAATAAGCTGGGTATTTTGCATTTTGGAAGTCAGCTTATCCGCCTGCCAGGCAGAATCAGACCAGTTTTCAATTCCCAGTGAATCCAGCTTGGCGGTCAGCTTAATAGCCAGGTCACAGGCAGCCGGATTTAATGGGTGATATATAATGCCAATCTTTTTATACATAACAGAATATCCTTAAATAAAGACAAAATGAGTGTAACAACCCGAAGTGCGGGTGTCAAACAGAGGAAAGTTTACTTGCGCCTGGAGAAAAACAGCAGCAAAAGGCCGATACCGGCAATGGCCACACCCCAGACAATCCCGTATGCCAGTTGTTTAACCAGCAGGAAACTGATGCCGCCCAGAAGGAGGCCGCCGAACAGGACGATAATACCCAGATATTGCAATCGGTATGATGTATGGCTGCGGGGAGGCGCTTTGGGGGCAACCCGAGCCGGTTTAGATTTGGCATCTTCAGTGGTATCTGATTTTTTACCCAGCTTGCCGAATTTGCTGACTGCCCAGACTATGGCTATCAGGCCGCCTATCAAGAGTATTTCTATAGGACCAATTTTCATAATGCTCCCGCAGGTTCAAAATCAAATACTAAGTATATAGAATACCACAAAATACCGAAAGTTCAAACCATATTCTAACCAAAATGTATTCATCTGGGCTGGTTCAGGTGATACATGGCCTGATAGGCTTTTTCAAATCCCGGTTCTGTACGGGCAAGGTTATCTTTAAGGGTTTGCATCCGGCGGGCAAATTCGGCCTTGTCGCCATTTTTTACCAACTCAGCCCATTCGGTTGCTCTTTTTATAAAATCGGCTTCCAGTTTGGGCAGCTTGGGCATATTTACCTGCAAAGAAGCATACAGGCCGGGGTCTTCGGTTAAAACGCTTTTGGTCAGGGTATCCAGCAGGCGGAACGTAGTACCGCCGGCACTACTTATGCCGGGCAGGTTTTGCCCCAGCAGGGTATCTGCCGATACTATGGCTATAAAGTGAGCCAGCCCCAGTACTACGGACATCAGCCGGTCATGCTCTTCCGGGCTGATCAGCCTAACATTACCGCCTTGTTTTTCCAGCCATGTTTTTACCCCTTGGGCAAGGTCAGTTTCCGGGGCGGTGGTGGGTGTCAATATAAAGTTATACCCTTTAAGTGATTCAGCTCCCGGCCCGAATACAGGGTGAGTGCCTAGTGTGCGGCAGTGAGGCAGGTACTGGTGCATCAGTTCCACCGGGCGTTCCTTAACTGAACACAGGTCAAAAACCAGTTGGTCTGGTTTGGTAAACGGGGCAAGTTCCCTAAGGGTATCTTCAAAAGCGTCAATAGGTACTGATATTATCAGACAGTCCATGTCTCCCAGCATATCAGGCCGGGTTGCCGCCTGAACGCCCAAGCGGGTGGCTATGGGTGCAAGTTTGGACGGGTTTCGCCCCCAAAGCCAAACCTGATGGCCATTTTCTGTCAGGAAACGGCCGAACCATTGACCCATTTTGCCGCTGCCGCCCAAGATGCCTATTTTCATATGCGTTTTTTCATTTTCGGGTAAGAACCGAGTACTTTCATAAATATTACATGGTCATCGGCTTTTGCCAGTGCCTGTTTCACATTTTCGTCCTGACGGTGGCCTTCTATATCAAGGTAAAAATTGTACTCCCAGGGTTTAAGACGGGTGGGACGGGATTCCAGCTTGGTCATGTTTATTCCGCGGGAGGCCAGTTCCTTTATAAAATCATACAGCGCCCCGGCCTGATGTTTGACGGCAAAAACTACAGATGTTTTATCACTCCCGGTAGGAGCGGAATCCTGCTTGGCAAGGACAAAGAAACGGGTGTAGTTGTTTATATTGTCCTCTATTTCCCGTTCCAGTACCTTCATATTATATATTACGGCCGCTCTTTCGGAAGCGATAGCCGCCCCGTTTAAAAGACCTTTTTCTTTAATCATTTTGACACTGCCGGCGGTATCGTAGGTAGGTATCAGCTCTGCCCGCAGATGCTTCAGAAATGACTGGCATTGACCCAGTGCCTGCGGGTGGGAATAAATGGTTTTTACCGCTTCAAGGTTGGTTTCAGGGTTGGCTATCAGGCAGTGTGAAACCCTGAGCTCATGTTCGGCGGCAACCATAAGGTTGGAATCCAGCAACAGGTCATAGGTGCGGGATATAGAGCCCTCAAGCGAGTTTTCCACCGGCACTACTGCAAAACGGGCCATACCCTTTTCCACAGCTTCAAAAGTAGCATCCAGCTGTTCACAGGGCAGGGTAAGAGTGTTAGGGCCGAATATCTTCAGGGCGGTTTCTTCACTGTATGCGCCGGCCGCTCCCTGAAAGGATACAGTGAAGCGTTGCTGTTTTTTAGATATGAAAAGGATTTCCTGATACAGGGATTCAATATCCTGCGGGTCAAGACCCAGAGACTGGGCAAGTGACTGAACTCTGTTCAGTACCTCTGATTCGCGGGAAAGGTCCTGAACAGGCGAATTGGTTTCTTCTTTGATTTTGCCTATCTGGTCTGACACTTCAAGCCGCTTTGCCATCAGCTTTACAAGCTCGGTATCCAGGTTATCAATCTGTTTGCGCAGGTCAGAAAGGTTCATTGTTTTATTACCCTTGGTATTATTCCGGCTCTCAGTGCCAAATCAGCCAGCACTATGCAGGTCATGGCTTCCACTACTGAAACTGCTCTGGGTACAATGCAGGTATCATGGCGGCCGCGTATTTCCAGACTGGTATTGGTCATGGTATCAAGGTTTACGGTGGGCTGAGACAGGGAGATAGAGGGAGTGGGTTTTACGGCTACCCTGATATGGAGCGGCATGCCGTCTGAAATTCCTCCCAGTATCCCGCCGCAGTTGTTGCTTGTGGTGCGTATTTGGTCTGACTGGATATTAAAAGGGTCATTATTTTTTGAGCCACGCAGACGTGATGCGCCAAAACCCGCCCCAAATTCCACCCCTTTTACCGCCGGTATGGCAAATATGGCTTTGGCCAGTTCGCCTTCAAGGGTATCAAACACCGGTTCACCCAGACCAACCGGCAGGTTAAGCCCTATACACTCCACAACCCCGCCCA
CP038470.1_gap14	394354	398744	4390	GGGCAGGGTTTTCAAGCAGCCGGTATCGGCAATGACTAACCTTGGCTGGTAAAAACTGCCTACAATATTCTTGACCCCGCCATGGTTTACCGCCACTTTGCCGCCGATGCTGGAATCTACTTGTGACAGCAGGCTGGTAGGCAGGTGGATAAGCGGGACACCCCGCTGGTAGGTGGCGGCTACAAACCCGCTCAGGTCGCCAATTACCCCGCCGCCCAAAGCCAGTATCGGGGTATTCCTTTCGGCAAAGTGGTTTATTAGCTGGGGATAGATATGGGCGGCCATATCCAGAGTCTTGTGTATTTCGCCCTCAGGAAGTTCCAGAAACAAGCTTTCAATGCCCTTTGATTCAAGGTGTTTTTTCAGCTTTTTACCGTAAATCCTGTTTATATCTATATTGGTGATGACTACCACTCTGTCACAAGGGATAGCTTCCCTTAGGAGAGTGGCTGTTTCAGATAGTAAATCACTTCCTATCAATATCTTGTATTCACGCCCACTTAGATTAAGCCCAATACTTTTCAAGGTTCTTTCCTTATATATATATTAGTGTTTTTTCACCAGTTTGTTTATCTGACGGCAGGTGTCAATGAGTTCTTTCAGTTCCGGCGGAGTTATCATTTGGGATGCATCCACCAGAGCTTCTGCCGGGTTGGTATGCACTTCCACCATCAGTCCGTTAGCCCCGGCGGCCATGGCGGCACAGCTCATGCTGTATATCAGATCACGCCGTCCGGTGGCATGGCTGGGGTCAACCATGATGGGCAGGTAGGTTTCCTTTAAGGCTATGGGTACTGCCGCCAAATCCAGATTGTAGCGGGTGAAGCTTTTACCCTTGCCCACCGGCACTATGCCTCTTTCGCACAATATTATATCCTTATTTCCTTCTGCGGCTATATATTCGGCAAAGGAAAGGAATTCTTCCATACTGGCACCGAAGTGGCGTTTGTACATAACGGGTTTGCCTTTTCTGGCCACTGTTGCCAACAGATCCTGATCATACATATTGCGCGAGCCTACCTGTAGTATGTCTACAAATTCGGCTACCAAATCTGCCTGTGATTCGCCCCGCACCTCGGTCATTACTGCCATCTCAAAGCGTTCTCCGGCCTCTTTCAGCCAGGAAAGGGCTTCGGTGGCCTCATCCTTGCCGGCAGAACCCAGCCCCTGGAAAGAATGGACAGATGAGCGGGGTTTGTAAACGCCGCCTCTGAGTATCTGGGCACCGGCCATCTTTGCCCCTTCGGCTATTTTCATCAGGGCTTCTTTGCTTTCCACTGCGCAAGGCCCGGCAATGAAGACCGGCTCGTCTCCGCCGATAATTATATCTTTTACTTTTATCTCACGGGTCATTCCTTCAGCCTGCCACAGGTTTGAGTATTCGCGGCTGATAAGCTTGTACGGGGTTTCCACCATACGGGCTTCCTTGACGCCGGGCAAGCTGGAAAAGTAAGCAAACGGGATAGATTTTTCATCTCCTATAAGGCCGATAATGGTTCTGAATGCCCCCTTTGATACATCGGTCTTGAGACCGCAGCGGCGAACCTCGGCAATTACGTTTTCTAGTTCTTCCTGACTGGCATCTTTTTTCATGATAATCATGGTTTGCTTTCTCCTTTGCTTTTTATACCCGTATAAATCAAAAATCCCCCCGTTGCCTGGGAGGATTTCTAACTTACTAATTGGTGGTTATTGGTTTTTTAGTAAAACGTTATCTCCCAAGCGATCCTATCTTGGTAAAGTAGTAATAGTTTCTAAAGGATTTAACGTTTAACATAGTTGAATGACAATAGCATAGCTGAAAAGGGTTTGTCAAGAGAACTATTTAGTGCTATTATATGTAGTCTTTTTTCCTGGTGGTTGTTATCGGTCGGGCAGCGGATAAGTGCCCTGAGGCAGACGGGGGTGTTCTCCAGCTTCAAACCAGCGGGTTGTCAGTGATGGGTGGAGTTGACATCCATATATTGCTGTGCTAGACTAACTTTCTGTTTGTGGTTAACTTTCAGGTTTGACCATATCCATTATGGTCGCCTTATAGATTTTAAGGATGGGCCTGGCTCATCCTTATTGATTGAAAACGGGAAAATTATTAAAACAGCAATTGTTAACAGGAAGGTACAGTATGCCAACGGTTAATCAGCTAGTAAGAAAAGGGCGCACAAGTGCGGCCAAGAAGTACAAGGCACCTGCGCTGCATTACAGTTTCAATTCTCTGCGCAACAAGGTAGCCTTCGGTGATGGCTCTCCCCAGAAAAGGGGCGTCTGCACCCAGGTAAAAACCACTACTCCTAAAAAGCCGAATTCGGCTTTGCGCAAGATTGCCAGAGTAAGGCTGAGCAACCATATGGAAGTTACTGCTTATATCCCCGGTGAAGGCCATAATCTTCAGGAACACTCTGTGGTTCTGATACGTGGCGGCCGTGTGCCTGACCTACCGGGTGTTCGTTATCACATCATTCGCGGTACTCTTGATACCGCTGGTGTGGCAAATCGGCAGCAGGGTCGCAGCAGATACGGCGCCAAAAAAGGCAAAGCCGCTCCTGCCAAGAAGAAATAACCGGAGATAAAATATGCCTAGAAGAGCACGAAAATTTAAAAGAGCAGTTGCCCCGGATTCCAGGTATAACAGCCTGATGCTTTCCAATTTCATAAACAAGCTTATGATGCACGGCCAGAAGGCCACCGCCCAGAGGATTGTTTATGATGCAATTGATATAATGGGTAAACAGGAAAATAAAGAGGGTTTGGCGGTATTTGAGCAGGGTCTTAAAAATGCCACTCCTTTTATTGAGGTTAAACCCCGCCGTGTAGGCGGTGCTACTTACCAGGTACCTATTGAGGTGCGTCCTGACCGCGCCCAGACCATGGCCATGCGCTGGATTATTAAGGCCGCCCGCAAGCGGACCGGCAAGTCTATGGCTGAAAGGTTGGCTTCTGAAATGCTGGAAGCCTCCCGTGAGCAGGGTGCTGCTGTTAAGAAAAGAGAAGAGACCCACAAGATGGCCGAGGCCAACCGCGCTTTCGCCCATTACAGGTGGTAGAGAGAAAATAGGGGGAATTGGATAACCCTGACGGGTTACCCAGAGTTTAGATAATATGAGCGACAGGAAATACCCTCTGGAGAGGGTTCGTAATATAGGTATCATTGCCCACATAGACGCCGGAAAGACGACTACGACTGAGCGTATCCTTTACCTTACCAAACGTACCCATAAAATCGGCAATATTGACGAGGGTACCACCGTAATGGACTGGATGGAGCAGGAAAAAGCCAGAGGTATAACTATTACTTCTGCCGCTACTTCTGCTTACTGGAATGGGCATCACCTTAACATTATAGATACTCCCGGACATGTGGATTTTACCGCTGAGGTTGAGCGCAGTCTGCGTGTACTTGATGGCGGGGTGGTGGTATTTGACGGAGTGGCCGGTGTTGAAGCCCAGTCTGAAACTGTATGGCGTCAGGCCAGCCGCTATGGTGTACCCCGTATCTGCTTTATTAACAAGATGGACCGCACCGGTGCTAATTACGAACGTACTCTGGGTATGATTGCAGAACGCCTTAAGGCCAAATATCTGCCTCTTCAGATACCCATTGGTTGTGCTGAAACTTTCCGCGGCAACTGTGACTTGCTTGATTTCAAGTGTTACGGTATGGATAACAGCCCGGAAGAACCTGTTGAAACATTTGATTTGCCCGCTGCTGAAAAAGAACGGGCTGTGAAATTCCGCAATATGATGATAGAGCGTCTGGCTGAAGAAGATGACGAGGTTATGGAAGCCTATCTGGCCGGTGAAGAACTGCCGATAGAAAAGCTGAAAGCCGCTATCCGCCGGGTATGTTTGGCCAATAAAGCCATTCCCATATTCTGCGGCACTTCTCTTCGCAACAAGGGCGTAAAAAGACTGCTGGATGCGGTCTGTGACTATCTGCCTTCACCTTTGGACATTCCGGCTATGAAAGGGACTGATCCTAAAACTGGTGAATCGATAGAGCGTCATACCAGTGACACCGAGCCTTTCTCCGCTCTGGCTTTTAAGATTGTATCCGACCCGTTTGTAGGTCGTCTGGTATACTTCCGGATTTACTCCGGTAGCATTTCAGCCGGCTCCGGTGCTTATAACAGCACCCGCGGTGAGCGTGAACGCATAGGCCGTCTTATCCGTATGCATGCCAATGACCGTGAAGAGATTGAGTATGCTGATGCGGGTGAAATCGTGGCCAGTCTGGGTCTTCGCAATACCTTTACCGGTGACACCCTGTGCGACCAGAATGCTCCGATTTTACTTGAAAACATCAAGTTCCCTGAACCGGTCATCAATTTGGCCATAGAGCCTAAGACCCGTTCGGACCAGGACAAGATGACTGAAGGTCTGCAGAAACTGGCTG
CP038470.1_gap15	437498	439029	1531	GGAGAGTAAAATATGAAACAGGCAGTTATACTGGCGGCTGGTGAGGGACAACGCCTGCGGCCTTTTACCGCCAGCAAATCAAAGGTGATGCTGTCTATTGCGGGCAAGCCCCTGCTTGAGTATGTTATTGAATCCCTTGCCCAAAACGGCATTCGGGATATTATTCTGGTAGTGGGCTACAAACGGGAACGTATATTTGACTATTTAGGGCAGGGCGGGCGTTTTGGAGTACAGATAAGCTATGTCCAGCAGCCAAACCAGCTGGGTACAGCCCATGCCCTCAGACAGGTAAAAGATAAAATAAAAGGGGATTTTCTGGTTCTGAATGGAGATCAGCTTATCAAGCCGTCAACTATAAGGGAGTTTGTAAAACAGCCGCCGCAGGCAGTTATGGTAAAAGCCATAAACGGCGAAGACCCCAGCCGTTACGGGGTAGTAACTTCTTCGGGCGGACTTCTAACCTCCATAGAGGAAAAACCCAGCATAGCCAAAAGCAATTTTATAAATACCGGCATTTACTCTTTTTCAAGGGCAGTGTTTGACTATATTGGTGAGCATCTGGATATGCCGGTGGTGCTGCAGTCCATGCTCAAAGACGGGCTGGATATACATGTAGCAGAAAGCCAAGGAGCCTGGCTGGATATAGTCTACCCTTGGGATATGCTAAAACTTAATGCGGTGGTATCAGCCGAACTTAAACCCGGAGTAGCCGGCACTATTGAAAGCGGCGTGGTTATGAAGGGGCCGGTGCGGATTGGCAAGAATACGGTTATCCGTTCAAATTCGTATATCGTGGGGCCGGTAATAATAGGTGAAGGCTGTGATATAGGCCCGAGTGTCTGTATTTACCCTTCCACCAGTATTGCAGATAATGTAACAGTAGCTCCCTTCAGCCAGATAAAGAATAGCTTGATTTACAGCGGCAACAGTATCGGAGTGGCTTCGGTTATTGAAGATTCGGTCATAGACCGGGGTTGTGTGATTTGCGGCCAGTTCAGTGCTCCCTCCGCCGAGATAGAAACCCGGATAAATGATGGATTACATAAAATAAAAGTCGGGACTATGATGGGTGAAGGCTGCACCGTAGGGAATGCCGTAGTCCTTCAGAGCGGTACAGTAGTGGGCAATTCAACCCGTATAGCTCCTTTGAGAACCCTGTCAGGCAATATTCCTGACGGCAGTCTGGTGGTATAGATGTGCGGTATTGTGGGGTACACCGGTAAACGGCAGGCACAGGGTGTTCTGTACGATTGTTTGTGCCGGCTGGAATACAGGGGTTATGATTCCTGCGGCATAGCCGTAAACACCCCTGAGGTACAGGTTTTTAAAGATGCAGGTAAAGTCCATGACATACTCCAAAATGCCCCCCTGTTTAAGGGTACAGCCGGTTTGGGGCATACCCGCTGGGCTACCTGCGGTGAACCCACCCAAATAAATGCCCATCCCCATACAGACTGCACCGGTAAAATCTGTCTGGTGCATAATGGGGTAATAAACAATTATTCACAACTGCTGAAACGGCTTGAAGGTA
CP038470.1_gap16	540054	542873	2819	GGCAGATGGGTATGGTTGAGTGTCTTGCTATTTGAAAACGCTGAAGCTATAATTGAGAAAAGGTATCAATTAGAAGGATTTACGTGACAACTATCCAAAGCCGTATACGCCAGAATAAATACAAGATAACTCCCCAACGGCAGGCCGTTTTGAAGGTGCTTTCGGCTGCCATTCAGCCGCTTAGCCCTGCAGAAGTGCATAAACTGGTACAGGCAGACAAACCGGCAACCGGTATGGCTACTGTGTATCGGTCACTTCAGCTTCTGGCTGAACTGGGGCTTATTTGCGAACTTCATACCGCCGGAAACTGCCACCGCTACTTGCTAAAACGTATAGATTCCCATCACCACCATCTGATATGTTCCGGGTGCGGTCAAGTTGTTCATGTGGAGGGGTGCGGGCTTAAAGAGATTACGGAAAATCTGTCCAGACAAACAGGATTTGCCATTGATACCCATTTGCTGGAGTTTATTGGGCGGTGCCGGAATTGTCAGAAGGGGACTGGTAAAGTATGAAATTTAGGACATTATTTTTGAGTTTGATTCTAGGGGTTACACTTCTGAGCAGTTTACTGCTGGCAGGCTGTCAGGAAGAAACACCCTCTACTGCTAAACTGAAAATTGCAGTCAGTATAGTGCCACTAAAGGAGTTTACTCAGCAAATTGCAGGGGATAAGGCTGAGGTAGTTCTTATGGTTCCTCCCGGAGCAGAGCCGCATACTTATCAGCCGCTTCCTTCGCAGATGGTAGATGTAAGCCAGGCAGATATGTATGTGAAACTGGGATCTGATTTTGGTTTTGAGCAAAACTGGCTTTCAAAAATATTGTCATTAAACCATTCTATGCTGGTTGTAGACAGTTCGGTAAATATTACTCTTGAAAGTAGCCTAGAGGATAGCGGGGCAGATCCGCATATTTGGCTTTCCCCGCGTAATGCTATCCAAATGGTTAAAAATATCACTTTGGGGCTGATGAGTCTGGATCCCGAAAACCAAAGTTATTATGCCGCCAACAGAGATGCTTATCTGGCAAAGCTGGAGCAGCTGGATAACGAAATAACATTGGCCTTCAGTAATCTTTATAACCGCACTTTTCTGGTCTTTCACCCTGCTTGGGTTTACTTCGCCAGAGACTATAATCTGAAGGAACTTTCTATTGAGATAGAGGGCAAAGAGCCCACCCCCCAACAAATGATAGAAATTATAAATATGGCAATACAAAATAATATCAGCATTGTTTTCGCTTCGCCCCAATTTTCCAGCCGAAGTGCGGAGGCTATTGCTTCTGAAATAGACGGCAGGGTAGTGATGATAGACCCACTGGCAGAAGATTACATAACGAATATGGAGTTTGTTTACAAACAAATGCAAGAGGTTATGAGCTGAGCATGCCTGTCGTACCTGCCCTGGTGTTTAAGGGAGTGACAGCCAGTTTTGATGGGCTGGCAGTACTGGAAGATATTACTTTTTCCCAGCCCACAGGACGGATGCTGGGAATTATCGGTCCAAATGGGGGAGGGAAAACTACTCTTCTCAAGCTGATTTTGGGGCTCATTCAGCCTGATTGCGGCACTATAAAGGTGCTTGGCAAAAGCCCTGAGGATGCCCGGCCGGAGATTGGTTACGTTTCCCAGTACCACCTTTTTGACCGTGATTTCCCTATAAGTGTTTTGGAAGTGGTGTTGATGGGCAGATATTCCAAGCGCGGGTTGGCACATAGTTACCGTAAGGAAGATGTGGCTCTGGCTGAAGAATATCTGGATAAAGTGGGCATGTTGCCGTTTATTAACCGCCAGATAGGCCAGCTTTCAGGCGGACAGCAGAAGCGGGTATTTATAGCTAGGGCTTTGGTTAATCAGCCAAAACTGCTTATTCTGGATGAACCTACTGCCGGGGTAGATGCGGCCATGCAAACCGGGCTGTACGAACTTTTAGAATCCTTGAAAAAAGATATGACTATTATTATGGTGACCCATGATATCAGTGCAGTGGCAGTATGCATAGATGATATTGCCTGTTTGAACAAGCATTTGTCATACCACCATGCCGAAGAGGGTTTGACTGCTGAAGATTTGGCTGAAACTTATAATTGCCCAATCCAGCTTATTGCACATGGGCAGGTACCTCACCGGGTGCTAAAGGAACACGAATGATAGAGGCTTTGGGTTATGGCTTTATCCAGAATGCTATTTGGGCAGGGCTGCTGGCGGCAATAGGCTGCGGTATTATTGGCAGCTACGTCGTGGTAAAAAAACTGGCATCCATCAGCGGCGGTATTGCCCACGCTTCCTTTGGCGGAATCGGTCTGGGGTATCTGCTGGGCATTAATCCGGTGCTGGGTGCGCTGGCATTCAGTTTGCTGGCTGCTGCCAGCATGGGTACTCTTACTCGCCGAAGCCGCATAAGTGAAGATACTATTATCGGTATGCTTTGGGCTTTAGGTATGGCTCTGGGCATTATCTTTATTGGTTTAACTCCCGGTTATGCACCGGATTTATTCAGTTATCTTTTCGGCAATATCCTGACAGTGCCGTCTTCAGATCTGGTGCTTATGCTGGTGCTGGACGCACTGATAATAGGGGTGGTCTGGTTTTTCTATAAGGAATTTTTGGGGGTATCTTTTGACGAGGAATTTTGCCGGGTAAGCGGTATGCCCACCGGGCTGTTATATGTAATAATGCTGGGGCTTATAGCGCTGACAGTGGTAATGCTGATACGAGTAGTAGGTATAATACTGGTAATAGCTTTACTGACCATACCGGCAGCAGTAGCCCGCCGTTTTACGGATAGCCTTTTAAAGATGATGGGGCTTTCAATAGGA
CP038470.1_gap17	560727	563977	3250	ACTGTTGGAGTAGTACTCTGATGGGAAGGGTGAAACCGGGGGATAATCCGGAAGCCAGAAGACGTGTTACCACCAAACCGGATACCTGATGGTAAAGGGGCCGGCTCATCTTGAAGATATTTTGAGATGTGCCAGCCCCTTTTTTATTTGGGCAGGCGCCAGAGGAGGACAAACTGAGCATAGCCTGAAGTGCAAAACCGGATATATATTAACCCAATTTATTTATAAAGGAGTTTTAAAAATATGGAACTATTAAACGCAACACTTGCAAAGATATACGGGCTGGATAAAGAAGCCATGGTCAAGGCTCAGGCACATCAGGATATCCTGATCAAACCACAGGGTTCTCTGGGCAAACTGGAAGCTATTGTGGTGCAATTGGCAGGTATTCAGGGTGATGCCAAACCAAAAACCGCCAAAAAAGCCATTATAACCATGGCTGGTGACCACGGCATTATTGACGAAAAGTTTCACAACTGGCCGAAAGAAGTAACTGTCCAGATGCTGCAAAATTTTGCTCATGGCGGTGCAGCCATAAACGTCCTTTCCCGGCAGGTAGGGGCGCGTAACGTGGTAGTTGCGTTAGGCGTGGCTACTCCCATGGCTGCAGACCCGAATATAATTAACCGGAATATTGCACCCGGTACCAACAATATGGTTCATGGCCCGGCTATGACCCGTGAACAGGCTGTAAAGGCTATTGAGGTGGGCATAGAGATTGTAAACGCCGAGGTTAAGAAGGGGCTGGATCTGGTAGGTACCGGTGATATGGGTATTGGCAATACTTCTCCGTCTGCTGCTATCTGCTCTATTATTACCGGGCGGTCACTTGAAGATGTAACCGGGCGCGGCACAGGTGCTTCTGATGAGCAGATGAAGCTGAAACGCAACGCTATTGCCAAAGCTATTTCCCTGAATAACCCTGATGCTAAAGATGCGATTGATGTATTATCTAAAGTGGGCGGCTATGAAATTGGCGGTCTGGCAGGAGTAATACTGGGTGCGGCGGCTAATAGAGTGGCGGTGGTTGTAGACGGCTTTATCTCCGGTGCGGCGGCTCTTATTGCTTATACCATCTGCCCGCAGGTAAAAGACTTCATGTTTGCCGCTCACCAGTCAGTAGAGCCCGGACACCGTATCTTACTTGAGCATATGGGGCTGGATGCTATTTTGAAAATGGATATGCGTCTGGGTGAAGGAACGGGTGCGGCTCTTGCCATGAATATTATAGAAGCAGCTAACCGTATCCAGCACGAGATGGCCTCCTTTGCAGATGCAGGGGTTTCCGAAAAGCAAAGTTAGGTGTATTCTGGTATAATCCCGGGTTAAGGAAATGTATATATGGGTTCATTTTTAGCGGCTTTCCGCTTTCTTACCAACATACCTGTACCCTGGCTGAAAGAAGACTGGCAGGGGGAGAAGTCACGGCTGGATTTTGCCCGCTCACTCGGCTTCTACCCCCTGGTGGGTTTGATTATCGGGCTGATACTGGTCGGTTTGGGCTGGGTTTTCAGCCTTTTTTTACCTGATGTATTGACCGCCGCTTTGCTGACAATAAGCTTGGTGATAATTACAGGCGGTTTACATCTGGATGGTTTGACAGATACCTTTGACGGAATAGCCGCCGGTCATAAGTCATTTGAACGCGCCCAGGAGGTAATGCACCTGCCGGGAGTGGGGGCTATAGGTGTGCTGGCGGCAATATGCCTTTTGCTTTTAAAATTTTCTGCTGTCCTAAGCCTGCCTTCGGAAAGTTTTATCACAGGTCTTATTTTGTTCCCGTTAATCAGCCGCTGGGCTATGGTCTATGCGGTGGTTAAGTATCCCTATGTCAGGTCACAGGGTTTGGGCAAAGAGCTTAAAGGCGAAACTGCCAAAGCCAGTTTGTGGTGTGCTACTATTTTCTGCCTGACAGTTTGCGTAGTTTTAGGCGGCTGGGCAGGGTTTCTGGCTATGTTTGGGAGCTGGTTGCTGGTTATGTATCTGGCATCTTTCTTCAAACGCAGACTGGGTGGTCTGAACGGGGATACTTACGGTTCAATTAACGAATTTACCGAGGTAGCAGCACTGGTGTTTATAGTGGCCTTATCCGGGTATTTCAGCTAGGTCAGAGGAGCGTTTGATATGAAGCTGATAATGGTACGTCACGGTGAGACAGAAACAGATAATTGCCGCCGTTACTGGGGGCACAGTGATATCGGGCTCTCAGACTGCGGGCATGCTCAGGCAAACTCCCTTCGCGAATATCTGGCTTCGGTAAAGATAGATGCCATTTATTCCAGCCCACTTAAACGCTGTATGGAAACTGCCGAAACCATCGCCTACGGACGGCCTCTTTTGGTCAATAAAAATAATGATCTGAAAGAGATAGATTTTGGACGGGTGGAAGGCCTTACCTACGATGATGTAGTGGAACGCTACCCTGATATAGCCCAAAAATGGGCTGAAGGCAGCTTTGACGTGCACTTTCCTGACGGGGAAAGTATGGCACATTTTGCCCAGAGAGTAATCAAATTTGTAAAAATGCTTTCCAAGCACAAAAGTGACGATACTCTACTGGTAGTGGGGCATGGGGGTGTTTTCCGTATCCTGATATGCCATTTTCTGGGTATTGAGTATAAACACTGGTGGCAGTTTATACTGGGGGTGGGTTCGGTAACTGTTTTGGATATTTACCCGGAGGGGTCTATACTGGAAAAACTGAACGATAACTCCCATCTGGACTGATTTCAGGTATATGCTCAGGCAGGGCGTTTTTATAATACCGGAGGGGTAGCAAAATGAATTATTTACTTATTGGCGGTGCCCGAAGCGGCAAGAGCAGTTATGCTGAAGAATTGGCCAAGTCCATAGGCGGCAAGGTCGTATTTGTAGCTACCGCCGAAGCCGGTGATGAAGAAATGAAAACCCGTATCCTGCGGCATCAGCAGGCCCGTCCGGCCGAATGGGGTCTTATAGAGGCCAGTTTGCAGGTGGGTGAAAAAATAAGCGCCCATGGAGGTAGTGCCGGCGTGGTCATACTGGATTGCATTACCCTGCTGGTAAATAACATAATGTGCAAGTATATGCTTGAACACGGTGATGAACTTACGGGTGAGGCGGCAGATTATCTGGATGCCGAGGTTAAAAAAGAAATAAATGGCATAATAAATGCTATGAAAAAAACGGGTGCATCATTTATTGTAGTAACCAATGATGTAGGTGCTGGTCTTATTCCGCCCAATGCCATGGCCAGAATTTACCGTGATTT
CP038470.1_gap18	577396	579525	2129	GCCCTTTTACGGCAAACGTCAGAAGTCATTTCTGAAGAACTATATGCGTCTAGCTTCCCTTGGCCGCTGGCCGCTTATCGGTGCGCTGGTAAAGAAATATGCCAACCATTATGCTCGAAAACAGCACGGCGGGTATTTACTTAATTTGGCTGAAGCTAAAGATATACTGGATATGTCTGAAAATATTTATCTCGGGCCTTGCAGCTGCCGGGAGGTTTTTAAAAACTGTGATGCCCCGATTATGGCGGAGATAATAATAGGGGCGGGGAGACACGTCTACCGTGACACACTTGAAAATTTCAAACCGGTCAGCCGTGTTGAGGCAATGGCGGTTATTACCACCTGCCAGCAGGCAGGGCTGATGACTACCCTAGTACATTGCAAGGAGCATTTTTATTCCATATGCAATTGTTGCCGCTGTTGCTGTGTGCCTTACCGTTTGAAGCATCAGTACGGCATAGAGTTTGCTCTGGTACGGGATAAAAATATCGTTACCCGTTTTGCCGAGTTTTTAAAGGAGGAAGGGCTACATGGAGTACCGCAAGACATACAGCCGGATAAAACCTGAGCTTCTTTTTGATACCTTGAAAGACCTGATAACCAAACAGGGCGGGCATTTGGTCAGTTCCAACAGTGACAATTACTCCGTAATGGATTCTTCGTCTGATTTTATTTTCAAAGGGACTATGGCTTTCAGCCAGTCAAAAAACGGTTCCCCCGCCTGTGCCAGTGTGTACGTGATGGGGTCTGAACGCAAGGATAGCCGGGTAATACTGGATATAGAGGCAGGTGCTTTCGGTGAATCGGCTATAAAGTGCCTGCTGGATGAGGTAAATTTTTTGCTGGGCGAATATGAAAAAATATAGCTTTCAGCGTTTGAACAAACACCATGTATAGGATATAATCTTCTCTAATTGTCTTGACTAAATTTAGAAGGTGCGCATGCTTAAAACTCATAGCTGTGCCTTAACTCAGGAAAATGTTGGCACTGAAGTTACTCTGGCCGGTTGGGTACACCGCCGCCGTGACCATGGCGGGGTTATATTTATTGACCTGCGTGACAGGGAAGGCATTGTTCAGGTGGTATTTAACCCGGAACAGTCCGCCGCCTGTCTGGATATTGGCAAAGAGCTGCGGAGTGAATATGTTCTGCAGGTAAAAGGCGTTGTCAGTCACCGCCCGGCCGGTACAGAAAATAACCGCATGCCTTCCGGTATGGTGGAAGTGGTAGCCGTCAATGCCAAAATCTTAAATGCCGCCAAAACTCCTCCTTTTTATATTAATGAAGAAGTAGAAGTGGATGAGAGCCTGAGGCTCAAATACCGCTATTTGGATATTCGCCGTCAGGGCATGAAAAATAATCTTATTATCCGCCACAAAGCTGTCCGCTTCATGCGGGAGTTTTTAAACGATCAGGGTTTTATAGAAATTGAAACCCCCATCCTTATTAAAAGCACACCTGAGGGTGCGCGTGACTATCTGGTGCCCTCACGCCTGTTTCCCGGCAAGTTTTTTGCCCTGCCCCAGTCCCCCCAGCAGTTAAAGCAGCTGCTGATGGTGGCGGGTATGGAAAAATACTATCAAGTTGCCCGCTGTTTCCGTGACGAAGACCTGAGGGCTGACCGCCAGCCTGAGTTTACCCAGCTGGATATGGAGATGAGCTTCGTTGACGAAGAAGATATGATGAAGTTGATGGAAGACCTGTTTACCGGGTTGGTAGCCAGTGTCCGCCCTGATATGAAATACAATAAAAAGTTTCCCCGTATCAGCTTTGCTGATGCTATGGAGAAATACGGCTGTGACAAGCCTGACCTTCGCTTTGGTATGGAACTGGCAGATATTACCGATATAGGTGCATCTTCGGCCTTTGGCGTCTTCAAAAATGTGGCTGCTCAGGGTGGGGCTATCAAAGCTATTTCCGCCCCCGGTTGTGGTGGTTATAACAAGAGCCAGCATGAAGAACTTATAAATCTGGCCAAGAAATACGGTGCGGCCGGGCTGGTACCTATTTCACTGGGTGTGGAAAACGGAGAGCTTAAAGACTTGACCATGGAAATGGTTAAATCCGTAGCCGCCAAGTATCTGGCGCTGGAAGAAATAAAGACCATCGCCGAACGTTCCGGTGCTAA
CP038470.1_gap19	698302	702703	4401	GCAAAGCATGGCTTGGTCCGGCTACGTAATCCCCCATTACTACACTGGCTTTTTCTCCGTAGAATATGCAACCGGCATGATTTATTTGGGTAAGGTATTTCTCCGAATCTTTTACCAGCAGGCACAGATGTTCGGCGGCATACATGTTGGCCAGTTTGATAGCCTCGTTTATATTATCCACCACCGCAATCAGTCCATTATCCCGTAGAGATTGCTTGATAATATCCCTGCGGGAACAGGTATCGGCTTTTGATTCCACAATATCATTTACCCTGTTAGCCAAATCTTCAGACGTGGTTATAAGTATTGATGAAGCCAGTGCATCATGTTCTGCCTGTGCTAAAATATCCGAGGCACAATATTCGGCGTTAGCATACTGGTCAGCTACTATCAACACTTCGCTGGGCCCCTGAAGTCCGTCAATATCTACTACCCCGAATACGGCTTTTTTAGCCAATGTAACAAATATATTACCCGGCCCGCATATCTTGTCTACTTTGGGTATGGACTTTGTACCAAAAGCCAAGGCTGCCACTGCTTGAGCGCCTCCACAAGCGAATATGCGGTCTACACCGGCTATCTGAGCTGCCGCCAAGGTTGGTGCCGGTATTTTGCCGTTTGCTCCCGGAGGAGTAACCAGTATAATTTCTTTAACCCCGGCTTCTCTGGCTGGAATAGCGGTCATAAGCACGGTTGAGGGGTAAAAAGCTTTGCCGCCGGGCACATATAAACCTACCCGTTCCAGCGGGCGGATAAGCTGTTTGCCTTGCATGATTTCAGCCGTTTTCCAGACGGCTTCTTTCTGAAAACGGTGATAAGCCCGTATTTGAGAGGCTGCCAATTGAAGGGCTTCAAATAGTTCAGCAGGAATTTCACTGGCGGCTTGCTGGATTTCCGGCTGTCCAACCTCCAGCTTTGACAGATTGGCGCGGTCAAACTTCAGGGTGTACCCTAACACAGCTTCATCGCCCTGCTTGCGTACATCTGCAATTATGCCGTTTACAGCCTTTTCAGGGTCAACCCCCAGCCGTCTGGCAAGTTCGGTTCTTTCAGTTTCATCCAGAAAGAACCCGGCCTTATCCCGGCGGGAAAGCCTTTTTTCTGCTTGGGCAAACCCGCGGATTATTTTCATTTTACTTTAGGCCTCCAATGCCTTCTTAAGCATATTTATCACTTTGTTTATCCGCTCACTCTTGGCTGCGGAAACTACACTCTGGTAGTTTGCTATAACACAGGCGGTAGATTCAAACAAGGTATCTATTATTTTCAGGTTATGGCGGGCAATAGTGCCGCCGGTCTCGGTATTTTCCACCAGCATATCGGCATCTTCAGGCAGAAAGGCCTCAGTTGCTCCCCATGTAGGAACAATGCGGTAATGCCCCAAATGGTTGCTTCTGGCATAAAAGTCAGAAATATTGGTATATTCGGAGGCTATCCGCATTTCACGGTTGCCGCAGTAGTTTTTCAGTTCCTCCAAATTGGCAACCGGTACATCATTGTGTACTACCGCTACCAGTTTCACCCAGCCGTATTTCAGGTCCAGCAGTTCTTTGACCGGGCTGGTCGGGAATTGGTAGAGATGGTCGGTCAGCCAGTCACGCCCGGTAATAGCCAGATCAAAATTGCCGTTGGCTACCTGTATAGGCATATCCTGCGGACGGATTACTTTTACCGCAATGCCGTTTATGCCGAAAGCAGGCCGATGGTTGCCGCTGGCGGAAGGGTAATCTTCAATAGATATCCCGGCGGCATCCAGTATCTTACGGACATGGGGTTGCTGGTGTCCGTCAGGCAGTGCCAAACGGACAGTGTCATCCGGCATATCCAGAAATGACGGCTGGCAGGCATTTAACGGCTCAATTTTAATATCTTCAGCCTTGGGTTCAATATACTGGCTGATATTTGCCATTACAGATGAAATAGCCCCGCTCAGGTCCTTTTTTTCAAGGCTTTGGCTGTTAGCTATAAGATAGGCTTTAAAATCCAGCACTTTGGCGATGGAACGCAGATTTTTCTTGGCCAAATCCGCCTCAGATTTGCGGGGCAGGATAACCACTTCAGCTGTATCCGGCGGATAAGCTTCTGCCGAACCCCAAAGGGGGAAAATACTAAAATTTTTAAGCCGCAACTGCATGGCAAACGCCTCGGCAATATTGGGGTATTCACTGGCAATGCGTATGCGGGTAGTGCAGGCAGACAGTGCTGCCAGACTGTCATACCGGCTATTAATAGCCGTAGCGGCATATAACGCGCCATGCCCGTAGCCCAGATTTTTCAGCTTGATTATATTGCTGGAGGGATAGCGTGAAGTCAGCTCGGTAAGCCAGTCTGCTCCGCATACACCCAAATCATAGTTGCCTATGGCCAGCTGAATGGGTATGTCTTTCTCGTGAAATATCTTGGCGGACATTTTAGGATTTGAGACAGATTTGAAGCAATAGATTTTAGCTTTATCCATGTATCCGTCAAGCCCCCACTGGCTTTTCTCCAGCAGGGTTTTGGTATCACCAAGCAATCTGCCCTTTGGCAGAGCCACTCTAAGCATCTTCTTCACCGTTTAACAAGTAAATAACCTCAGACTGTTCTTTAAGCTCTAAAGTTTTGTCTTCAATCAGGTCTGTTACCTCGTAGCAATCTTCAGCTTTGACGGTTACTGCCCAGCCATAGGCTGCCGTATCCACACCGGGGTAAAAAAGCTCGGCGCTTATACCGCACTCGCGGATAAGGTTAGCTATTTCATAGGCATTCTTAAGGTTATCACCCTGGTATTTAATAAGTATCTTTTCTTCAACCATATCGTACATATCTTCAGCATCTATCATGGGGATAAGACGGTTCAGATACAAAGCAAACCCGGCCGCCGGCTTATCAGGTCCGCCCAGCAGAGGTATCAGTTTATCATAGCGGCCGCCGCCGCCTACATGTTCGCCGTTTACAAACAGGTGGAAAATTACACCGGTATAGTATTCAAAACCCTTGCCGGATGCAAGGTCTATCTGATAGCTGACACCCAGTTTATCCAGCACGTCCACCCCGGCAATGAAATCATTAAGGGGTTCTTCCAGCTCGCCGCCTGCGGTACCGGCCATGGCCATCACATTTTTCAGGAAAGAGGCTGAAGTGCCTTTATTTTCCATAAGCAGTTTCAGGGTGCGGAAAAGTTCTGGCTTTTCGGTTTCAAGCCTGCTCATCAGGGCAATATCTCCGTCCAGCAGCTGGTCAAATATTTTATGCTGTTCATCAGCATTCGGCTCAAGCTGGGCCAGCACCGCTTTTATAAGCTGGGCATGTGAAAGCCTTAGCTCCACGTCTTCAAAACCCAGTCTGGCAAGGGTTTCCAGCGCCAGCGTAATCAGCTCGGCATTGGCTTCAGGGCTGGTAACCCCTATCAGTTCAGCTCCCAGTTGCCAGTTTTCGCGGGATTTTTTGCCCGTTTCATCAAAACGGAAAATACTGGAGGTGTAACAAAGACGGGCAACATCCATTTCCTGCAGGCTGTCAATATACAGTCTGGCAGCAGGTATAGTGCCATCCGGGCGTAAAACCACTCTTTCACCGCTCCAGCCGTCCCAATCCAAAAAGGAATACACCCTTTTTAACATCTGGGGGGTAAGTGTGCCGCTGGAAGTAAACAGACTCAGATATTCAAGCATGGGGGTACGCACTTCTTCGTATCCCCAGGTGATGCAACTGTCATGGAAAATGCTCTCTATATACCTGAACCGAAGCATATCTTCGGGCAATAAATCGCTGCAACCTTTACAACGCGCAATCATAGTCTTCTACTCCATTTTATGTTAGTGTGTAGATTTTACAATACCCGGCGTGACCAATCAAATAATAGTCAAACCATTGAAATATTATACCTTAAAGCAATATACTTTAGGCGTCTGGTGTGGCAGGTGAAGGAGAAAAAATGAGCTGGTATTGGATAGCCTCTTTAATCGTCATAGTTGTTCTGATAATTATTTTTGTGGTGAATCAAGTAGTCAGTGCCCACCTGAAACAGGCTGCTACAGGTAAAGAAGAACTATATGGCAAGAAAGCTTTGGTAAAAACCCCGCTTAACCCCGAAGGCAAGGTGCTGTATGATGGGGAAATATGGGCAGCACATATTGAAAACGGTTCTGCCGAAGTGGGGCAGGAAGTAGTTATAGTCCGGCTGGAAGGACTTAAGTTGTATGTCAAGATGGAAAGGAGTGAATAAATGGAGGAAACCTTAAACACCTTAATTACTGTTGGTGTGGTTCTGGTTGTACTGTTGCTTATACTCAGTATGGCCATCAAGGTAGTTACCGAGTATGAAAGGGGTGTCATATTCCGTCTGGGCCGTCTTATCGGCGGCAAAGGGCCGGGTTTATTCTTCCTTATACCCTTTGTAGACCGCATGGTAAAGGTTGA
CP038470.1_gap20	770549	774578	4029	TAGCAGTACTGATTATCGCCTGCCCGTGTGCTTTGGGGCTGGCCACACCTACAGCCCTGATTGTCGGCATGGGAAAAGGGGCTGAAAACGGGATACTTATTCGCAGTGCAGTAGCTCTTGAGAAAATGCATAAGCTGGATACTATTGTACTGGATAAAACAGGCACCCTTACCCGCGGCAAACCGGTACTGAGCAATCTGGTAAGCCACCGTCTGGATAAAGATGCCTTTTTAACTTTGACTGCTTCTGCCGAACAGTTTTCCGAGCACCCGCTGGCCAAAGCTATCTTGAAAGAAGCTGTACGCAAAAAACTTGAACTTTCAAACCCGTCGGAATTTTCCGCTTTGCCGGGCGCAGGGCTAAAAGCTACCATAAACGGCGCCCAAATACTCATTGGCAACGCCAACCTGATGCAGTCCAATAATATATCACTGGGTGCATATCAAGCTGAAGCTGATAAACTCTGGGAAGCGGGGGAAAGCCTTATTTTCGTAGCTGTAGATGGCAAACCTGAGGGTATTGTGGCCATCAGGGATATTTTGAAACGCGAATCTGCTGCGGTTATTGCCGAACTGAAAGCAAACAAACTTAATCCGATTATGCTCACAGGTGACAACCACCGGGCAGCCAAACGTATTGCAGATGAGTTGGGTATAGACCAATATATAGCTGAGGTCAAACCCGAAGACAAGTCTAATCTGATAAAAGACCTTCAGGCAAAAGGTCACTTTGTAGCGATGGTGGGGGACGGTATCAATGATGCCCCGGCACTGGCTAAGGCAGATGTAGGCATAGCCATTGGCACCGGCACTGATATAGCTATGGAAACTGGTGATATCACCCTTATTTCAGGTGATCTTTTCGGCATTACCAAAGCTATTCGTTTGAGCAAGGCAACTTTAAATACTATCCGCCAGAACCTTTTCTGGGCGTTCTTCTATAATATTATTCTGATTCCGGTAGCAGCCGGTGTACTCTACCTGTTTTTCAGCCAGAATGGCGTGCCTCAACCCCTGCGGTTCTTTCTGGGGGAATACGGCTTTTTAAACCCCATACTGGCGGCTCTGGCCATGGCTATCAGCTCTCTGACCGTAGTCGGCAACTCTCTCCGCTTGCGAAGTCTAAAACTAAGTAGCTATCCGAAGCAATAATACATACGTTATAAGTAGTGATACGTATTGAGACATTTTTGCCTGCGTGTCATACTTTTTATATGGATAATGAGCGGGCATAAAAGGAGGTATGATTATGACTCTGGAAAGATGGCAACCCGGTTGGTCACTTCGCCCCTGGCGTCCTTTCCGAGAAGTACTCAGTCCCGGCCTCTGGAACATGCTTACTAATGAACGTGACTGGCTGCCGGCAACCGAAATGGTAGAACTCAAAGACAAATATCTGATAAAAGCAGAAATGCCCGGAATAAACGAAGAGGATATTGAAGTCTCGGTATCTGATAACGTTCTCAGCATAAAAGGTGAAAAAAAGTGCGATTGCGAAATATCAGAAGAGAACTATTATTTCAGTGAGAGGAGTTACGGCAGTTTCTCACGCTCTATGACCCTGCCCAATAATACCGACCCTCAGAATATTGCTGCCACTCTGGATAATGGCATTCTGGAAATTACCATACCCAAGTCATCTGAGGCCAAACCCAAAAAAGTTTCGGTAATCAAGGCCGCCAAACCCAAAAAAACTGACCTTAATACCCAATCCATAAAACCTAAAGCCCAATCCTGACAATGGCTATACACTGCCCGCTCTAAATAATCCAAATAGAGAAAGGACTCCAATGGAAAAATCAAAAACCATAGAGCTACTCACAAAAGATATGGAAGATGAGCATGGAGCCATTATCCAATATCTGGGTCATGCATATGCTATCGGCGAAGGTGAGGTAGCTTGTGAAATAGAAGCCATTGCCCGTGAAGAAATGCGCCATCTGGACTGGCTTGCAGAAGCTATCACAACTTTGGGCGGCGAACTGAGTTTTAAACGCGGCATGATGGATATGACCGGTAAGACTGTATCTGAATGGATGCAGGCTAATGTGGGGCTTGAGAATGGGGCCATTACCCAATACCGCGAGCATATAAAACTCATTGATGACCCCAAGATTAAGCGCTTGTTAGAACGCATACTCGCAGATGAAGAATCCCATCAGGGTGATTTCAAGCATTTTGTTGAAAAAACCCTGCGCGAAAAAATGGTGGACCGCCGCGGAGATACATCTAATATTACCACTGAAAACCTGAGTTGGGGCATAAAACACGAATACACTGTTATCATCCAGTATCTGCTTCAATCTTACTCAGCTAAAAACGAAGAAACCCGAAAAGAACTTCAGGATCAGGCTATAAACGAAATGCAGCACATGGGCTGGCTGTCAGAAAAAATGATAGATAAAAAAGGCCACCCCCATCTGGAACATGATAAATTTGAAAAAACCCGTGATCATACCAAAATGCTCAAGGCAGACATAGAGTTAGAACACAAGGTAGCCGATAAATATGACCAATCTGCTGCCCAAACAAACGAAAGTGATGTCAAAGAACTTTTCCAGAAGCTGGCAACCCACGAACGTTACCACGCTGAAATATTCAAAGACCTTTTGGAATAAAAATATATTACACTTCGGAGGAACAGGCTATGTACACTGCACGTGACTATTCTGCCCTGACTGGTATTGAAGGGTTTTCTGATACCCTGCTTAAAAACCATTTTACTTTATACCAAGGTTATGTAAACAACACCAACAAACTTGCGGATACTTTAAAGGCCATGCTTGAGGAAGGTAAAACAGCTACGCCGGAATATGCTGAGCTCAAACGCCGTTTCGGGTTTGAATTTGACGGTATGCGTTTGCACGAATACTATTTTTCTAACCTTGGAAAATCTGTACCCCTATCAGAAACGGGCAAATTCTACCAGGCACTGGCAGCAGAATTCGGTAGTTACCAGCTCTGGGAAGCAGACTTTAAAGCTACCTCCGCTATGCGGGGCATAGGCTGGGTAATACTCTATAAAGACCCTCAGACCGGACGCCTGTTTAACCAGTGGATAAACGAGCATGAAGCCGGGCATCTGGCAGGTGCCACCCCGATACTGGTAATAGACGTATTTGAACATGCCTTCCTGACAGATTACGGGCTGAAACGAGCAGAATACATTGCTGCCTTTATAAAAAATATAAACTGGTCTGAGGTGGAAAAACGTTTCCTGATATAAACTTATTCTTAATATCCCAAAAAACCAAAGGGCAGTAGAAATACTGCCCTTTGGCATACACTTCTGGTATATTTTGAAACCCTAAAACGGTTATAAGTTAATCAACCGGTATATCAGTCATATAGGATTGCACGATACCGGTTTCAGGAAACCAATAATAGACTGTTGTCCCTACCATAGCTTCGCATAGTATATAAGAATATCCATCTGCATGCCCCCATGAAATACAGGCAGATACCAGATATCCGTCTTCCATAGCCGCTTTTTGTACTCTCAGAGCAGTAGCATATTGGTCATCAGCGTAACTATATTCAGTTTGTTTATGGCTGCTTGCCCACAGTTGTAGTTTATTAAGAGACTCAAAATTTCTAAGCGGATATTTTGCCTGAATGGCTGAAAGCTCATCTTCGGTAGTTGCTAATTGCGCTTCAGATAAACTAAGCTGGTTGTTTACATCCTGAATAGTACTCTGGGCAGCAGCAAGGTCTGACTGCAATCCGGTCTTATCTGCATTAAGCCCGCTAATAGTTTCTTGCTGGGTATCAATAGTATTACTGTCATCTATATACTTATAGCCTAAAAACCCAGTGCTTATGATAGCTAATGCCAAGAAAGCCGAAAGCAGTGTAACCGGCATGTTGGTTTTTTTCTTTTGGGGTGCAGGGCTCCATACGGAAGCACCATTTGAAAATGATGATACACCTGTTTCACCCATGGGTGTTTTTGGGGCAATTTGCTCAACTGCCGCCGGCTGGGTTATTACAGTTTTGTCTTCAGTCAGTTGCATTTTCTCCTGTTTTGCAC
CP038470.1_gap21	778032	782501	4469	AAGAGTGCGTTTATACATCTGGCCAAGTTTAAAGAGTGCATTTTAATGCGGAGGGAATATGGGCGGGCCAAGAGTTACACCAAAAGCCAGAGATCAAATAGTGCTTTGCTGGCTTCAGTTGAAAGAAAATGGGATTGAACCGAGTGCCAAAGAGGTTCTGAACTATGCGGAACACAAGCTTAAAAGTGAGATTGCCAGGGGTATGCAGTTGCCTGGTCTACGGAAAGTCCAGGAGATACTTCAGGAAGCCAGAGCTGCTAATTCGGATGACTCTGCCAATACCCTCTTGAATGAAGACTGGTCAATGGCTTCACTTAACAGGTTTAAGATTTCACCCGAATCTATACCCAGCGTGGTTGAAGCCTGGAAGTATGCCATAAACACACATCACAAGTTCAGCATACGTCAGGCTAAGTGGGCAGCCTGGTTAGCAAGGCTGGTTAATGGCGGTGCTTTACTCTGGTATTGGTCACGCAAATATACAATCCTGGAAGAGCTGGCTATTGCGACCAATCAGCCGATGGATTCATTTCCGGCTGATAGATCTCTGCTGCTGGGTATCTGGGAAATAAAAACGCTGATGATTACGGATTACCGGAAAGAAGATTTGACTATCTATGACGGAGACAGTCTGACAATAGCAGCTGATGGTAAAAATATTGAGGAACTCTGGCATGGCATAGATACTGGTCTTAAGCAGTTTGAGCAAGGCATATTTAAGGAACGGGATTGGAATCTGGATCTGGAAATGCAACAGCTACCGCCGATAGACACTATCGAATTAGAACCTGAAGCTAAGTTAGTCTATTTAAGATGGTTTACCTATCTGACTAAGGGACCAAAATGGGCAGAGTTAAGCGTTGAAGAAATACTTGAGCTGATAACAGAGCTTAGAGCCTGGGTATTAAAAGAACAGAAATGCTTAAAGCCAATATCTGAGAATCCTGAAGAAACAAGTGAATCTGGGTTTATATCTAGTACACCCTTTGCATTCTCTGGTATTCAGCCTATACCTGAAGATGTTCTTATTAAGGCAGGTTATTCCTGGGCAAGGAGATTTGAATGAGAGGCCATATAACTAAGCGAGGCAAGGATAGCTATTCAATTGTAGTCAGTATGGGTGAAAGAGACCCTGAGACTAAGAAGTATAAACAACACTGGGAGACTGTAAGAGGCACCAAGAAAGATGCCGAGAAGAGACTAGCAGAACTCCTGAATCAGATAGACAAGGGCCTTTATATAAAGCCGGAGAAGACTACTTTAGCGGAATACCTGGAAAGATGGCTAAAAGACTATGTCTGGCCAAATCTTGCACCAAGAACAGCTGAAGGGTATGAACATATAATCAGAAAGCATCTTATTCCGGGACTTGGCAAGATCCAACTATCTCAACTGAAACCTGAACATATCCAAAATTATTATGCTAAGCAATTATCAACAGGTGGGCAAGAAGAAAAAGGCTTGAGTGCAACAACAGTAAGACATCACCATATGTGTCTTCATAGTGCGTTAAAAACAGCCGTTAAATGGGAATTAATTGCACGCAATCCGATTGATGCGATAGACCCACCACACTGCCATAAACAGGAAATGCACACTCTCACAGAAACAGAAGTTCACAAAGTATTAGAAATAGCTAGAGAAACTCCTTACTTCGCTTTATTCTATCTGGCTTTATTTACAGGCTTAAGACGTTCAGAGATTTTAGCCTTAAAATGGAGTGACATTGACCTAAATATGGGGCAACTTTCAATAAGCCGTTCTCTCCATGTCCTAGCCGGAGGGAAAATAATCATAAGACAAACCAAGACTGCCAGAAGTACACGTACTGTTGCCTTATCTCCATCAACAGTGCAAGTTTTAAAAGGCCATAAAGGCAAGCAACAAGCATTCAAACTACTAGCTGGCTCATGCGTAAAGGAAGATGATTTTATCTTTACTAATATTGATGGCAAGCCACTACTTCCTAACACAATAACTCACAATTGGATTAAAATTATACGAAAAGCAGGCTTAAATGGTATAAGATTACACGATGCCAGACATACTCATGCCTCGCTCATGCTAAAGCAAGGTGTCCACCCAAAGATTGTGCAAGAGAGATTAGGTCATTCCAGCATACAGGTAACACTTGATACTTACAGCCATGTCACCCCTGGACTTCAACAAGCAGCTGCTAAAGGTTTTGATGAATTGATTCCAATCAACTAGTAAAAATATTGTATTAGCAAAAATGACGCCATCATATTAGATAATGTCATTTTTTCTCCATAGACAATAATGTATTTACAATGCATATCTTGGGTAGTATTATACACACATGCCAAATCATGAAGAATTATCACCTAACAGCACTCCTGGCGTAGGTTTATGTCCATTCTGTGGACAAGATAAAATATCTTACAATCACAGATTTAAATCTTGGGAATGCAATTATTGTGAAAGGACATTTCCAACTCCCAGCTACGGTCCAGGTGGTCCGATAAAAACCGAAAACAACCAGTTACCAGATAAACAAGGTTTGCGAATCTGTCCTAAATGTTGGCATAAATCTTTATATTACAATCCAAAAACTAATCTATACGAATGTCTTAACAATTCTTGCAAAAAACGACTGACAGAGAATGAACTACACAACATTCCTAAAACTGGGATATTGAAGCGGTTACATAATAGACTCAGAAAACCACTTCGAGTTTCTGCATGGAGAATACAGCACTGGTTGAAAAGTATTTTTTGGATGCTTGTACGACTTGTTTTATTTTTTACAGTTTGTTCTTTGATAACTCTGGTTCTAGTAGGAGTATCAGATACTATACATACACAACCTATAAATTTTATCGAGGTATTATTGTCCGTCATTGCATTTATTGGTATCCCGTATACTCTTTCACAAACTTTCAAAAAAAGAATAAACCTTATAACAAGTGTTATGACTGTTTTGGCCACAATAATCCTAATGGCATTTAGCTGGTCTTACCTTCAGATTCAATCTCCTACAGATGTTAAGGATCGAATCGAAAAATTATTCGCATCTAACCCTGAATTCCATCAGACAATCAATAGCCTTGTTAAAACAGCTGAGTTAAACCTATCGGAAATATCCAATAACATTGGGGATACTTTCAACGAAACTATCGACAATCTATTAAATACAAATTACGTTATGATTGGCAATGCATATGTAGTTGGCGGAGATGGAAATCCCATTATTTTAGATAACAACCCCGCTGCTAAAGATCCTACATGGGACGAATTGATATCATTTCTATTAAAAGATAATACAGATAAACAAACCTATATACCCAATTTATTTGTGTGTGCTGATTTCGCAGAAATGTTACACAACAATGCTGAACAAGCAGGCATTAAGGCTGCCTATGTTTGCATTGAACTTGGTTATCCATCTGTTGCAGGACATGCCCTAAATGCATTCCAAACAAAAGATAGAGGGCTAGTATATATTGATTGCACTGCTCCTATAGGTCCCGGTCCATTAAATGGAGATACCATTGTTATTTTAGAAGTTGGCAGAAATTACATTCCGTCAAGTATTTTCCCAGAAGATTATTGGGAAATAGATTGGGAAAATATGGGCATAGTTAAAGTAATTGATTGCGTACAGTGGTAGCCTCTATAGAATTATTTTCTTGCCCCAAAATAAGTATTAGCAATTTATTAGCAACAACAAAAAAGCCCTCGGCTTTTTACTGCCTAGGGCTTATATTCAGCTTCAAATATGGCGCGCCTAGAGGGATTCGAACCCACGACCCTCGGTTCCGAAGACCGATGCTCTATCCACTGAGCTATAGGCGCAGGCCGCTTTGAAAATGGGGTGAGTGATGGGACTTGAACCCACGATCTCCAGGGCCACAACCTGGTGCCTTAACCGCTAGGCCACACTCACCAAAACCACCCGTATTATAGCCAAAACTGGCCTATCATTTCAATTTATTCTTGAAACTGGCAAATTTAGCTTTAACGCCTTTCCAGATAAGCGATAGTTACGCCCGAACCGCCCTCTCCATACTCTCCTAAACGGTAAGACTGAACAAGCGAATGCCCTTTTAGTTCATCCCAAACCAGCCCGCGGATTACACCGCCGCTTTTTCCGTGTATAATTTTTATAACCATATGCCCTGCCATGAACGCATCATTTAAGTATTGTTTAAAGGCCGGCAAGGCCTCATCAACAGTCAGGTGACGCAGGCTTATTTCATTGGGAACGTTGTCAGGGCGGCTTCGCTTCAAATTATATGGCATAAGATATCTTAGCATCATGCCCATGTGCGGGCAATATTACGGTAATGTTGCCGTATATTATCAAGTAACCGCCTTTACTTTAAACCTTCAAATGACATACTATTCCCTTATGGGTTAATAAATATACCTGCATTGAAATACTTTGCCCTAAAATAATACATATTGGTGACAAGTTGAAACCGATAAAAATTATCCCCTGTTTAGAT
CP038470.1_gap22	785190	786142	952	AAGTTTATTTCGCTGATTATGTCATCCACCCCGCGGCAGTTTTTATACCGCCTTACAAAAGGTACTATGCAGTATGTACAAAAGTTATCACACCCGTCCTGTATCTTTATAAAACTGCGGGTTCTGCCTTTTTCATATAAAGCCGAAGCGCTGTTTTCAAGAGGGAAAAGCCTGATAATATTATTAACAATATCCGTTTTCTGCCGGTTATCCAGTATCAGATTAGCATCAGGGCAACTTATTTCATTTCCCCCATTTTCAGCATAACAGCCTGTCAGGCAAATAAAGCCGCTTGGATTGTGACGGCGGGCAATCCGCATCTGATAGCGGGCCTTTCGGTCTGCCACATGGGTGACTGTACAGGTATTCAAGATATAAATATCCCAATTATCCTGCGGGCTTACCAAATGGTAACCCGCCTGTGCGAATTCACGCCCCATAGCCTCTGTTTCGGCCTGATTAAGTTTACACCCCAGCGTATCTAAAGCTATATTAAACATCAAACCAGATTATACCAAAGCCTTTCTAAACTTGCAGTTAAAATATGCCTGTGTTATAAATAGCCAACTTAACAACCGAGGTGAACAGATGACTGATAACCAGCCCCAAAACAGGGTTGTCATAACCGGTATCGGTATTGTCAGCCCTCTTGGACTTGATACCCAAACCACCTGGGAAGGCCTGATAAACGGGCGTTCAGGTATAGACCATATCAGCCTTTTTGACGCATCAAATTTGGCTGTCCGCTTTGGCGGAGAGGTAAAGGATTTTGACCCGGCAAACTATATATCCCGCAAGGATATCCGCCGGATGGACCGTTTTGCTCAGCTGGCCGTAGCTGCCGGTAAACAGGCACTGGAAAATTCAGGCTTAACCGTAGACGAAAGCACCAGTCAGGATATTGGCGTAATTGTCGGCAGCGGCATAGGCGGGCTTTCGGTTCTCTTTGAAC
CP038470.1_gap23	827816	831834	4018	CCCCGTTTTAAATTATACAGAACAGAACACAGCCAATAACATCTTCTTTTTGCCTGTTTTTAGCCTTAAAATGCCTTTAAATTAACGTTAGCTTAACGGTCAAAGCAAATGAATATTTGTGGTTTCCCCGAATAAAAAACCGGCTCCTTTTGGGGAGCCGGGTAGCTTTCTATTTCAGCTTTGGTTAACCTTGTTATTTCTGGGGTTTGGTTTCATGGGTGGCAAGCTCTGTAGTAATGTCTTCCACCATCTTGTTAAAGACGTTGCGAATCTTCTTCATAACAGCTTCAGCTGCTTCTTCTCCAGCCCTGCGCGCTTCTTCAGCTGCCTGTCTGGCATCTGCGGCGGCCTGTTCTGCCCGAGTAATACTGCCGTCAATTTCGTCCAGTATTTGGGGCAGGGGCTTGCTTAAGATCTCGTGACTGCCTTTTGTTTGTTGGTTCACTGCTTTCCTCCTCCTCTAGCACATCCTGAGAGTATTATACAATTTATAAATATTTATTATTTAACCTACTCATAGCTGAGGCCAAAATAATTTTTTTTATGTAAATTAGCTTTCGGATATTATCATCCGCAAAATGAATATCCCGCCGGATGAAGGGCGGGATATATATGTGCTAATGCAATGTATATTTACGTATCAGCTTCAGGTTAAAATAATCTCTGCCTTTTCAGGGTTGCTTACCTTTAGTACAATCCTTGCTGTACCCGGAGTTGAATCCAAAAAGGCGTAAAAATAATCTATATTTATATCGGCCTTGCTCAGCGGTTCAACTACGGTTTTCAGCAGTCCGCTGGGGATATCCGGAATTTCAGCGGTAACCATCATATCAGTACGGCTGGTAAATCCGGCGGTTTTCAAGGCTTCAGCCCCGGCATCAGGGGCATCCAAAATCATACGTACAATCCCAAACTCATCTGTTTCGCTGACTGATAATGCCCGAATATTTATCTTTGATTTATCCATAGCTTTGAGTATTGCATATAACCGCCCGGGTTTATTTTCCACGAAAACGGATACTTGTTTTATCATCATTTTCCTCTTCCTCCTGGTTACTACCTGTTTTCAGGTAATTCGGAACGGTCAATAATCCTTTTTGCCTTGCCTTCAGTTCTGGCCAGAGTACGCGGTTCAACCAGCTTGATTTTGGCACGTATACCCAATACGCTATCCAGTTCGGCCTGAAGCTTCTTCTGAAGGGCATTCAACCGTGACATTTCATCCGAGAAAATGCCTTCAGAAACCTCTACCCATATTTCCAGTTCGTCAGAGGCAAAAGCATTGTGCCTGTCTACTATTATCTGGTAATGGGGTTCAATACCTTCTACGGTGAGAAGTACGCTTTCAATCTGCGAGGGGAACACTGAAACACCTCTAACCCGTATCATGTCATCACTGCGGCCGGTAATTTGGGACATACGTACCATGGTTCTCCCGCAGCCGCATTTTTCAGGCATCAGGCTGGTAATGTCTTTGGTCCGGAAACGGAGTACCGGCTGAGCCTGTTTGTTTATGGTGGTAATTACCAGTTCTCCTTTTTGGCCGTAAGGAAGCACTTCGCCTGTTTCAGGGTTTATTATTTCCACCATGAAATTATCTTCCCAGATGTGCAACCCGCATTTCTGGGGACATTCCATAGCTACACCCGGCCCGGTTATTTCAGTCAGGCCATATATATTGAGGGCAGTGATACCCAGTTTGGCTTCTATCTCCCGGCGCATATTTTCACTCCATGGTTCAGCGCCCATAATGCCCAGCTTGAGTGAAGAATTATGAAAATCAAGCCCCATTTCCTTGCCGGCTTCATACATTATCAGAGAGTAAGAAGGAGTACAGGTAATCACGGTAGTCCCCAAATCCTGCAGCAACATCAGCTGGCGTTTAGTATTGCCGGTAGAGGCTGGCACTACCGCCACCCCCATTTTCTCCGCCCCGTAATGAATCCCCAGCCCGCCGGTAAAAAGCCCGTATCCGTAGGCATTCTGGAGAATATCTTCGGGCACTACCCCGGCACAGCTTAGAGAACGGGCTACCAGTTCCGCCCATGTATCCACATCTTTGGCAGTATAGGGGGCAATTACAGGTTTACCGGTAGTACCGGAGGAAGACTGAATACGTGATATTTCTGTTTTAGGCACACAGCATAACCCGAAAGGGTAATTCTGGCGGAAATCTTCTTTACTGGTGAAAGGAAGCAGGACGAGGTCTTTCAACGTTTTTATATCTGCGGGTTTGATCCCTAGTTTATCCATGCTTTGATGGTAAAATGGATTTCTATTATAGACATAGGACACTGTTTCCTGAAGTCTTTTCAGCTGTAACTCTTCAAGCTGCGGTCTGGGAAGGGTTTCATATTCGGGGTTACGTATAACCACTTGCTCCTCCTAATATAACGGCAACTACTTCAGGGTAACCGGTAGTACCCAAATAAGTATTATTTTTACCAAATTAACAGGCAATATTGTACCCCTTTTTTATGAAATGCGGAAATATTTTATAAAATAACCCTGCAATTTTATTGGAATATTATTTGACTAAGCTTCAAATCCGAGAAACAACAGTAGGTTTAAACTAAACAAAAATACACAGGCAAACTCAGATATCAATTTGCCCGTGAGAGTATGCTATTTAACGTGTTTTTCAAGGTTGCAATATTGAAAGGCTTGTTAATACAGGGAATACCTTTGGCAACCATAAGGTTGCTAATAGATGCATCAGATGTATCACCTGTTATAAAAATCACCCGTTTAGCCATTTGAGGCCATTCGGCGGTTATCTCAGAATAAAGCTCAAGACCACTTACTCCGGGCATGCGTATATCCAGCAGGATAACATCATAATTATTATTTGAAATCATATCCATAGCTTTTTGAGGGACATCACACTCATCCACGCGATAGCCATCCTGCGTAAGCACAATCCGTATCAAGGCCCTGATTGCGGCCTCATCATCAATCACCAGTACTGATGCTTTTTTAGTCAGACCCTGCACCACCCCGGTCATATCGTTTGCTGCGGGTACTTTGTCAGAGGGTTTTATGGGCAACTCAATTGTAAATTCAGCCCCCTCACCGAGTATACTCTCTCCCCGAATTGTACCTTCATGCTCAAGTATAATGCCGTGAGACAGGCTCAGACCCAAACCGGTACCTTCACCGGGATCTTTGGTAGTGAAAAAAGGCTGGAACAGTTTACCCAATGTTTCAGCCGACATGCCCAGTCCATTGTCCCGAAAAGACATCCTCACCCATTCCCCTTCTTTTTTAACGCTGATAGTCAGGATACCTTTTTCATGGGCTTTTTTCATGGAATACTCGGCATTTAATATCAAGTTCAAAATCACCTGCTGTATTTGGCCGGAGTCAACTGTCAATAACGGTAAATCAGGTTCGTAATGCCTGACTACTTCTATATTTGCAGTTTTAAGTACATAACTGCGTAAATCCAAAGTATTATCAATAAGTTCGGTGATATTTACACTGCTTCTCACGGGCTTAGCCTGGCGGGCAAATGTAAGCATACGTTTTACAATTTCCACTACTCTTAGACTGCCGGAATTAATTATCTGAAGTTCCTCCATCACATCTGCCGGTAAATCCTCCCTCTCTATAAGTATGGAGGCAAAACCAATCACCCCCGTCAGCGGGTTGTTTATCTCATGGGCAATGCCGGCCGCCATTTCACCTACGGCCGCCAAACGGCTGGACATTTCTGACTGGTAACGCAGTTTCTTCTGCTCTTCCTCCAGTTTTTTGCGTTCACTTATATCTCTGGCAAGTGTAATAACGGTACGCTTGCCACCAAACTTAAACATACGTGAGTGCAATTCCACCGGAATGGTTTTGCCGGATTTTGTTTCCATGGCGAACTCAGATACTACTTCAGTATTTTTCTCTATATACCTAATGTTGTCAGCAAATGCACTAACTGGATATTTCCCTTTGGACATAAGATCCATGGGGGTTATTTGCAAGAGCTCTTTTCGGCTATATCCCAGCATTGCTAAAGCGGCGTCAT
CP038470.1_gap24	854400	857337	2937	GGTCGAAGAATCGGATAACTGACCAGCCGGAGTTGCAGCTTTTTTTTCAGTTTTATATATGCTACCTGACCGCACCTGGCGGCCACCGCGGAAATAGGATATAACCTTTTCAGCAATAGGCTCAAGCTGACCCCAGCCGGTAATAAAGTATTGCATAATAATACCCACTACCGCTGAAACAAACCAGTAGAAAGCCAAACCGCTCGGGAAAGACAAGGAGAAGAAGAAGAACATAAACGGCATCATAAAGCTCAGCATCTGGCTCTGGGCTGCCTGTTGCTGGTTAATAGCCTTGGGAGTAGACATCTTTTGCTGAACGAACATGCCCAAACCTACCAGCAAAGCCAATACAAAGTCAGAACGGGAAAGATCCATCCAGAGGAAGTTATTGCTCAAGGGCAAGGTTTCATAAACCACCGGCCAAGAATAAAGGTGATTGGAAAGATTCATAAAGTCTTCCGGGGTAACAGCCAACACCCTGACAATAGCCTGATACAAGGCTATCCAGATGGGAAACTGTATAAGCATGGGAACAAGACAACCGGTAGTGGAAACGCCGGATTCTTTGTAGAGCTTCATTTGCTCTTCGGCCAGTTTCTGGCGGTCATTACCGTGCTTTTTCTTCAGGGCGTCCATATGGACAGTAATTTCCTGCATCTTCTTGGTAGCAGTAAGTTGTTTACGGTTAAGCGGCCAGAGGGCCAGCCGTATAACAACAGTTAAAACTATAACTGTCAGCCCGAAACTTCCCCATAAATTGTGGGAAAGCCAGACCATGCCGTTTATCATCGGCGAAAGTATTATTAAATCCCAAATAGCACCAATATCCAACGACTACCTCGCTAACTTACTACAAAAGTCCAGATTATAGTCCGGCTCTCCGGATTTATAGCATAGACAGTTTCATTTTCCTGGGTATGTATATACACAACTTCACCCGAAACAGTAACCGGCGCAATCACTTTCAGGGCGAGGTCGGTAACGGCCTTCATCTCAAGTGAATATATATTGATGGAGAAAATCTTGCCCGTTTTGGTGGCCACAATTACATTATCACCCAGCAGGGCCGGCGAAGAAGCCACACCATCAGTCATATTAATTACTTTAAGCTGAGTGCCGGTCAAGGCGTCCAGAATATATGTATTGCCATCCAGATTGGGGGCGAATACTTTGCCGTCAGCAATAACAGGGCTTGCCCAGAACCAGTTTGGTGAAGCAAAAACCCATTTCTGGCTGCCGTCAGTAAGATCCAGTGCATACATATTGCGGTCAAAACAGCCCACATAAACAGTGCCGTTATCTACCACAGGGGCGCTTGCAAAGGGGCTCTTGGCTTCAAACGTCCACACGGGGTTACCGGTATTGATATCCAGAGCATATACCTTTTTATCAAAACCGGGCACAATTACCAAATCACCTGAAACAACCGGAGAAGCCCAAATTTTGGCACCTGTCGGGTATTCCCAGACCTTTTGTCCGTCAGCCTTGCTCAGGGCATAAACAACGCCATTGGTATCTGCAAAGAAAATTTTGTCTCCGTTGGGAGCAATACCGCTGACAATGGCAGGCAAGGCATCGGTTACAGGATAAACCCACTTCAGATCACCCTGATCCTGATTGTAAGCATAAATCTTGCCGCCATAGGTAGAAATATAGATGACACCGTCTGATATTACCGGTGTACCGTATATGCCAACGGTAGTAACGGCACCGGCACAACCGCCGCCACTTGTAGTAGTCTCAAGCGGTACCTGATAACGAGGAGTGCTGGCATCTTTGTTAAGGGCTATAAGTTTACCGGTCATAGAGCCGAATATAGCGTCATTATCAGAGACAACAACACCAGACCAGCCTAAAGGTTTCTGTCCAGTACCCATACAACCGCTTAAAACAGCTAAAACGCCAATAAGGCTAAGCAGCAAAATAAGTTTTTTAGATATGCGATTGGTTTTGAACAATTTTCCGTCCTATTCTGGCACTGGGTCGTAGCCACCCTTGTTCAAAGGGTGACAACGGCTAAGCCGTTTCACACCCAACCAAATTCCCTTAAAAATTCCAAATCTTTCAATAGCTTCGTAGGTGTACTGTGAGCAAGTGGGAATAAACCTGCATGAGGAGGGTGCAGTTTTAGAGTAGGTATTTTGGTATAATCTAATCAGTTTTAAAGCTAGTTTTTTCATCTGTTTTTGATAGTATCTGCGCCTTGCCAAGCAAGTGCTTAACTACCCTCTCCATTTCGGCACATTTTACTGTAGCCGCTTTTGCCCTAGCTATAAATACTATATCCCAGCCCTGTTTCAGACCGGTAGTCCGCAGGCTTTCCCTTAATATTCTCTTTGCCCGGTTACGCTCTACAGCCCCGCCTACTTTTTTACTGACTATGAAACCGACACGGCTCAGTTCAAGACTGTTAGGCAACGTCTTCATTATGGCCAGCGGCCCTATATAGGTACCGCCGCGGGCAAGCACCTGGGAATATTCTTCCCGTTTGGTTAGCCTGTTAGCCTGTTTCATTGTAAATAGTGTAACCATACTCCGGATGGATAATCAACCGGAGCACAGCCAAAACACTCTAGACTACAATCAGTCTCTTGCGGCCTTTAGCCCTGCGGGTACTGAGCACACCACGTCCACCCCGGGTACTCATCCGGGACAGGAAACCATGAACCCTCATACGGGGAATACGCTTCGGTTGATATGTCCTCTTAGGCACATTAACTCCTTAAATGGAAAGCAATAATTTACTATTTATGCAGATTCAGCAGGTTTAGAAGCCTCTGCCGCAGGTTTAACCTCTGCTTTTACTTCGGGTACCGCAACTTCGGCCTTGACTTCTACTTTAGGCTCAATCTTGGCTTCGGCAATTTTGGGTTCAGGCCTAAGCTCACGAATAGGCGAAAAAGTAGCCACATTGCCTTGGCGGCGAACATGTTCGGA
CP038470.1_gap25	860435	861682	1247	GTCCAATGCATTCCTACATACTTTCTATCGACAGCGTCTAGTGGTACATATTTCATCGGAAAAGAAAAGATGCTCAGGTTGTGCTGTTCATTGAGCTCTACATTAATGCGAAGCCTTCTATAGAAATCCTCCGGCGTATCCATATAATTGAATAAAATATAATTTGATAAATGTTTAATCCCAAATTTTTTAGCCAATAAGACAGCTTCTGTATAAATCTTTTCAAGTTTAATATCATCAAATGCTATTCTAAGCGGCTTAATCGCTAATGTAGATAGTAAAGCCATATTTTCTTCGTTCAACAGCCTTGCATCAACCCCTTGATTAAAATCTACATGCCGTTGACACTTCCCTATTCTGGCACCCTTACCAAAGTTGTTACTGACCAGATCCTGCACAATCCTGGGGAATTCCTCAGATGCAAGAACATTGTTATCAAATAGCACCAAGTCTTTTTTGTCTTTGCTTAATTGGTTATCTAACGATATATAGGGAATAAAACTAGGTTCAATCTTAGGTACAGCGCAAAATTTGCATTTGTTAACACAACCTCGCGTCATATAACCAATGCTTGCATCATGCAAAGAATACTGTCCGACATCATTTGTCAGGTTATAATCTGGTGTCAACCTATCAATTTCTTCATACAACCCAAAGTGAACCTCTACTCCCGTCAACTCCTCTATCTCATTTTTTAATAATGAGGCTAAGACACCCCCCACAATTATGGGGGCATTTGACTTGTTATTTTTATAGAACTGAATCGTCTCTAAAGATTTCTTCCACTGGAAAGTGAATAGTGTAGAAATATATATACGGTCCCAATGCTGGTCACGAACCCCAGATGAAGTCCCTTTTAAAAAATGGACTTCATCCCCAGCCTTTTTATGTAAAGTGGATAATTTCATTAAACCTAAAGGGGGATAGGTAGCCTTATAATCAGGTTCGATTAACAATATTCTTCTAGGTGAAAATGTATTCATCACTTCAATTCTCTCTGGCTAATTCTTCACCATATTTTAACTACTGTTTTATTCCTCAATCAATTTTACTTTAACTTAGTAAGTGATGGAAATATCAGGTGGAGTCATAAGACAAATATGATTATTAATAATATTATCCCAATTACATCCATTCTGAATATTATATAAGGCATCGGTAGAGAGTCCAAATTCCTTTGCATAGTGGCGAACAGCGTTTAGCAATGTTTTGAGGGTTTTGAACTGCACATTTAAATCTCCTGGAAG
CP038470.1_gap26	862757	863385	628	AAAGAGGACTATCCTTTTCCATGGCAAGCTGATAGACAATCTCTGTCGTGGCCAACGCATTAGGGTCATCTTCAGGCCGTACTAACCTTATCAAATCCCATCTTAATGAAGATGGAACACGTTTTTGATTATCATTAATTTCCAAAAATAATTTAGCCATATCAACTTCTGTTAAACCCATATGGATAACACATGGGTAGTGTCCAATATAATCTGAATATTTTTGTGCCCACAACCTATGTTGTCCATCAACAACGAAAAAACGTGTATCGGATGGAATTTCAAGTTGCAAATCTGTTTTATTAAAGCTCAACTTATCAGTAGCAAGCACTATCGCATTTGGGAATGTCCTATGAAGATCCAGTACTGCTACTGCAATACACTTAGCTCGCTCTTGATTAATTATTCTTTGAAATCCTGCGATAGGGTCATTCACACGCCATCTAGGATCAGCATGCTCTATCAACCAATCACCAGGAATAGTAGCTAAATACATTTTGGGTTCGTCTTGAATTTGAAATCCCTTGATAGTTATTTGACCGTTATCAGGCATAATATACCTCCATCACCTATCTGAGAAACTAGCTACATACACCGTGAGCTTAATACTATCAACCCTAAGTCTTCA
CP038470.1_gap27	1006121	1009270	3149	GGCGCTCAACTACTTGATAGTGGTATAATAGGTTTCAATCTAACGGTAAGAGGTATATATGCTGGAAATACGTACTCAAACCCCTGAAGATGCCAACATGGTGGCCACCCTGACTGAAGCTACCAAAAGCCCCATTCTGGGAGTGCTGTTTAAGAAACTGGAAGAAGAAGACCTGACCACTTTTAACGAAGTAGCCGTATGGGACGGAAAGATAGTGGGCAAGGCAGTAGCCGTAAAAGCCGAGATAGATTCAAAAGAAGCGCCTGCCCCGGTTGTTTACCTTATGCCGCTGGTAGTAATGCCGGAGTATGTAAGGCGGGGCATTGCTCTGGTACTGGTGCGCAAAATACTGGAAGAATGCAAAACTCTGGGAACAGGGGCTTTGCTGGCTCACGGCAACCCTGAGTTTTTTAAGCATCTGGACTTTCTGCCGGCTGAGCTTTTCGGTATTGGGGATACGACAGGCGAAGTCACTGACAAACTTATGGCCAAAGAAATAACCGAAGGTTATCTGGCAGAAAAAGGCGGAAACCTGAAACTGCCTTTCTAAACAGGTATTATTTAAATAAGAAACTTATTGAAAGCGGCTGCAAGGCCGCTTTCTTCTACGTCTAAGGTAACGTAATCCGCTATTTCTTTAAGTTCGGCTCTGGCGTTGCCCATAGCCACTCCGAAACCTGCCGCCCTGAATAAGGGCAAATCGTTGCTTCCGTCCCCGAACGCAATAACATTCCTTAGTGAGATACCCATCTGGGCAGCCATTTTTTCCAGTGCCCTGCCTTTGGAGATACCCGGACTGACAATATTTACAAACTCCACCTCAGGGTAAGCCGGAGCACGGGCAATAGAGAAATGGAAATCATCTTCAAAACGGGACATGAAGAGTTCCGCCCCCCTGCGTTCCGTCTGGTCATGCACCATCAGTTCTATTTTCTGCACGTCCTGCGTCAGGGCTACTTTTTTAAAATCAGTAACGGTAGGAGAAATACGAAAAAATTCGCGATGCATCTTGGCAGACCAGTTTTCGTACTCTACGTAGTAGTCCAGTATAGTATAAAGCTCCAGATAAATATTGTGTTCCCGCACAAACTCAATAGCCGAAAGAAGCGGCCCTTGGCAAAGAGGCTGGGAATAGCAGGTCTGGGCGGTAGCAGGGTTGTAAACCAAAGCCCCGTCACAGAATATATGAAAGCCGTCCAGACCCAGTTCTTCCAGTAGATACGTGCAGGCAGGTACAACCCTGCCGGTTGAAAGGGCAACCAAAATTCCTTTGTCTCTGGCTTTGCCAATAGCCTCTTTATCTGCCGCTGATATTTTGCCCTGTTTATTTATCAGGGTTCCGTCTACATCTATAACCGCTAACTGAAAGTCCGGCAATTTGAGCCCCCTGCATCTTGAAAGTTATTTAGAGCTATACCCGAAAACCAATTGTAACATCATGGCCTTGCAGATAACAAAAATATGCATGCGGAGCCGAGGGATAAACTTTTTCAAGTATCACTTTCCTTTACGCCATCAAGCAGTTAAAATGTAAGCTCATGGAAAATACAACACCCCTGCGTAAACAATATCTGGATATAAAAAAGAACTACCCCGAAGCGATAGTCTTTTTCCGTTTGGGAGATTTTTACGAAACCTTTGAAGAAGATGCCCGCATTGCCGCCCGCGAACTGGAAATAGTCCTTACCAGCCGCGAAATGGGCAAAGGGCTGAAAGTGCCGCTTGCCGGCATACCTTACCACGCACTGGACAACTATCTTTCCCGCCTTATAAACAAGGGTTACAAGGTAGCCATTTGCGAACAGGTAACCAAACCGGGTGAAACAAAAGGGCTGGTGCAAAGGCAGGTAACCCGTCTGGTCACTCCCGGAACTGTGGTTGAACCAAACCTGCTACAGACCAAACAGAACAATTTTCTGCTCAGCCTGTACCTGACAGAAGACAGTTGCGGGCTGGCCTTTGCGGATATATCCACTTCGGAGTTCGGCTGCACCCAGACGAATATCGGCGAACTGGAAGCTGAAATAAGCCGCCTCAGTCCGGCAGAAATTATACTACCCAAAAACCAGTCTTTAAACCTGCCGATACACCTGAAAGCTACCATAAGCAAACTGGACGGATACTATTTTGAAGCGGACATAGCGCGCGAACATTTGCTAAGGCATTTTGAGTGCCAAAACCTTTCTGCCTACGGCTGTGAAAATATGCCTCTGGCCATTTCAGCCGCCGGGGCGCTGCTAAACTATCTGGAGGAAACTCAAAAATCATCTTTAAAGCAGCTTGAAAGGCTTTCGGTTTACACCACTGCAGATTATATGCAGATGGACAGCCACACCCTGTCAAATCTGGAAATATTCCGCTCAAGCGGCGGCAACTCACTCAAGGGTTCACTGCTTGGGATACTTGACCAGACCAGAACAGCTATGGGTGGCAGGCTTCTCCGCAAGTTTCTGGGACAACCCCTGCTGAAGCAGTCAGATATTGAAAAACGGCTCTCGGCGGTAGACTACTTTTTTGAAGAAAGTCTGGCACGTACCAGCCTTGCCAAATCATTGGGGCAAATTGCCGATATGGAACGCATGGCAAACCGTATCCGCCAGAAAACCATACTGCCAAGGGAACTGATATCCCTTAAAAACAGTCTGGAAACCGTCTCCGCCATTCACCGCCAGTTCGGGCTGATGCCGCCGCCCCGCCTTGCATATTTCTTAAACGGGCTTAAACCCCTGCCTGAAATGCTGGACATTATAAACAAAACTATTACAGATGACCCCCCCTCCACTCTGGGTGACGGAAAGGTAATACGAGCAGGTTTTGACCCCGAAATGGATAAACTCTGCTCGCTGGCGGGAGATGCCAGAACCTTCCTCTCCCAAATGGAGACTAGGGAACGGGAACGCACAGGCATAAAATCACTTAAGCTGGGCTATAACCGGGTCTTTGGTTATTATATAGAAATATCAAACGCCAATCTTGGGGATATGCCGCCGGAATTTATCCGCAAGCAAACGCTGGTTAATGCCGAAAGATTTATAACCCCCGAACTGAAAGAATACGAGAATCTTATCTTAAATGCCAAAGAACGCCTGCTGGAAATGGAAACAGGGCTTTATGAACAGGTTTTAAACCAACTGGGGGGCTTTTACTCC
CP038470.1_gap28	1015062	1016815	1753	GGTAATCATACCTGCCCGCACTCTGGGCGAGCTTTCACGTCTGGCCAGCATGGACGAAGAAGAAGCCCTGGTGATAAATGTAGACACAGCCAAGAGCCAGATACTTTTCCGTCTGAAAAATATTGAACTGGTATCTCAGCTGGTACAGGGTAATTTCCCCCAGTACAACCAGATAATCCCTCAGAGCTTTACCACCAGAGTGGTGGTAGATGCCAACCAATTCCTTATGGCCACCAAAACCGCCACTATCTTTGCCCGTGACGGCGGCGGCATTGTCAGGCTGATGATGAACCCTGGTGGTGATACCACCCCCGGCAAGCTCACTATCTCAGCCCGCTCTGAAGAAGTGGGTGATAATACCGGTGAACTTGATGCTGTAATTCAGGGTGAAGAGGCTAAAATAGCCTTTAACGGCAAATATCTTCTAGACGTCCTGGGGGTGCTTAAGGCTCAGCAAGTAGCGTTGGAAGTCACCAGCCCCTCAAGCCCCGGTGTGATAAAACCGGTGGGCGCAGACAACTACATACACGTTATCATGCCCATGTTCGTGCAGTGGTGAGTACGTTCAAATCAAGGTAACCTTTGATGCTTACACCTTCCGGGGTAGCTGAAACTTTCAGATCCAGATAGGTGTAAGCATCTTTCTTTTCTGCATTTGAGCAACTATCTAAACAGGGTACTACTTTCGCACAAAGTTCTTTAATACTTTCCTGCATTTATTATCAGACCTCCTAAAACGAAACCAATTTAATGTTGACTTGAAAATGAGTGGAGATTTCTCCAATATTAGTTGGTACAGTTTTGGGATGAGGGCAGTGTAAATACCTTTACCATTACCCAAAATCGGATTGGTTTCAGGATTTATGCAGTATAATAGTGCTATGGAGAGAGTAAAATGAAAGCTAGAGTGGCTCTAATTGGATTATTAGGTATACTGACATTCTCTACACTAAGTCTTACCGGGTGCGGTAGCGACGAAGCATTGTGGGGAGCTTCTCCGGTTTCTTCAGAAATAACTTATCAAGGTCATTTATATCGTAACTCAGGTGAAATAGTAGCTAAACAGCAGATATTAACTAACATACATCTTATCGGTACATATGATGCGGCGACTAATACAGCTACTGACTATCCGGTTGGCAGCTTATCGTCTCCGGACGATAAGGGTAGTCCTAATCCTGTAATTTATTCGATAGATGGAGTAAAACCAGAAGAGGCAATTGCATTTAAAGTTCTCTTGGTTTCTCATTCAGGAACAGCGTGGTATTGCTATTTTAAATATGAAAGAGTATCTTAAAGTCAAAATAGTTAAGGAAAGTGCATATCACGAAAGCAAAATCCCTAGTCTATTTTATTCTTATCTGCTTGTTTATTCAGCCGCTAGCCGGTTACTTGGCTGAAAACTAAACCAGTTTCATGATTATTCTGGTAGACAACTCGGAAGCATTGCTGACTGACCAGGACATCTCCGCTTTCAATAATGCTGAAAATGCGCTGATACTCAACGAATCAGGGATTGAGAAGTGGAAGGCATATCTGGGATACGATGATATTCCCAAGCTTTCAGACGGGCTTTACTCCAAGGAGTTTATGATAAAGTTTGGTGGCGAAGAGATATGCCAAGGCAAATTCTGGTCATCTGTTTCTTCCTTCAGCACCATAGGGGTTATTATAACTGATGCTACACTGAAACTGGATAAGAGTTTTAATTGTATCTACTTCCAAAACAATTACCCTGTAAATAAACCGTTAG
CP038470.1_gap29	1018512	1020878	2366	ACCTCGCCAACCTGCAAATACAATCCCTGTTTTTAGACAGTGATAACATATTCAGACTAAGGCAATTTTCTTGCCTGCTCTTTCTTTTTGGTTTTATGTAAATGCCGTATAACAAATATAGTGAAGCGGGTATTTTGCAAATGGTATAATCTGATATGCCAAAACCAGTTTCGTCCCAAACTGATACGATAAAAGAAACGCCCCCGCTCAAACGCCTGTTTCCGGTTGAAACAGAGTATGCCCGATGTGTAAAAGCCCTAAATCAAGCCAATCTTTTGGCTGTCCTGCCTCAAAGCAGGAAACCCGGCATTATTGGCATAGACGGACAGGAATACCCGCTGCCAAGTTTGGAACAAGTTTTAGACCTTTTTAAGATTAACCATGAACTGATATCCATGAAAATTCCTCAGGGCTTTAACCACTTGGCACTCACACCGATATCTATGCCAATGTCCCTTCTAATAAACCGCTTGGAAACTTCCATTATCAAACATGCCGCCCAAAAAGAAATCTACCAGACCAGGCTATCTGACTCTGACCCCTTTATACCGGTACGGGTTAATAGCCAAAAACATGTCTGGGTATGGGAAACGCTACTTCAAGCGTTGGATACTGACGAACTTGTTTATTTCCCTGAAAAATATTCGAATAACCACCGGGGACAAACTAAGCAGGAAGCAGTAACTAACAAGAGTATTTGTGCCCTGCCCGGCTGGTCTGTGGGACTGGTTGAAAGTATTCCGGTAATACCCAATACAGGACAGGGCAAAATACTGGCAGGCCGAAAACAATTGGAGACAGGTTTATCCCCTCGTGAATACCTGCAAATACTGCATACCCAGCCTTACCTAGGGGAAACAGGCAAAACCCTTGAGGATTTTATCACTAAGTTCCTTGTCCACCTGGAAACAACCGGTGAGGTCAGCCATGACATAGCGGATATAAACGCCATGTGGTGTCTTGGTCAATACCTGAAAATCAGCTATGCGGAAGTAGTGCCGGCGGGGCGCTGGCACCGCAGTATTGGAAGGCTTAGATTGGATGCCCACCGTACCGGCAATAAACTTTGCACATGGAATTGCGGAGGGTCTTCGGAAGTGAGATTAGCCTCTCGCTAAAATATTTCGTTCGCAATATACCCTGTCAAATATGTACTCTAAACCACAAGATATATTGAACCTGCTTGAAATTAGCCTTACAATATATTTGCATACATCTGGCTGAAACTTGGCGAGACGGGGAAATAAACAGATGCTGAATACACCAGACCTAAGCATAGATAAATATATCAAAGGGTTCCCTGAAAACGTCCGGAATATTTTGCAGGATTTAAGGCAAGCTATACATGAACAGGCACCGAAGGCCACTGAGACTATAAGTTACGGCATACCCACATTTAAACAAAATGGCAATCTGGTGCATTTTGGCGCCTATAAAAACCATATAGGATTTTACCCTACTCCATCAGGAATAAAAGCCTTTGAAAAAGAGCTGTCAGCCTATGAAATATCCAAAGGCACCGTCAGGTTTCCGCTAAATGAGCCTATTCCTTATTCTTTGGTTAAAAAGATAGTGGCATTCAGGGTAAATGAAACTTCAGCTAAAAGAAAATAACCTGGATACAGGTGAGGTACTAATCCATTATCTGGCTGGACCGGATAATGGGCCTCCGCTTGTTCTCATACCCGGCCAGGGGCTTTCGCTGGAAAGTTACCAAAGAGTAATGACACCCTTGGCAAAGAACTTTCAGGTTTTTGCAGTAGACGTGCGCGGTCACGGAAAATCAGGCTGGACAACCGGCAAAAATCATTTCCCGAATATGGGAAATGATTTTAAGATTTTTCTGGAACAAGTTGTCAGACGGCCGGTAATAATCTCCGGCAATTCCTCAGGCGGCCTGATAGCCCTGTGGTTGGCGGCAAATGTCCCTGAACTGGTTAGCGGTATTATTCTGGAAGACACTCCTGTATTCAGTGCAGAATGGCCTCGGCTCAGAGATGATTGCTGGGTATACCGCATTTTCAAACGCAATGCCGAAACTATCGGTTCCGCTGAAGTCCGAAATCTGGCTGCATTTTTCAAGGGCATGGAAGTGCCAATTGAAGGCAAACAGAGAGTTATTCAGTTTCCTGTCTGGCTTACAGGAGCAATGGCCGGAATGGTAAGACTGCACCAGTGGCTGAAACCAGGTAAGCCGGTAGACCTAGCTCTGCTTCCAGCTGAAACACGCATGCTGATAAAGGGGCTTTCGCAATATGACCCTGATTTTACCAAAGCATTTGTTGACGGCCGGGCATGCGAAGCCTTTGACCATGCGGAAGCTTTAAAAAAAGTAAAATGCCCGGTGTTTGTTCTGCAGGCCAATT
CP038470.1_gap30	1035902	1040889	4987	CCGGCGGGTTAGATACCTCAGCCGCCGTCAAATGGCTTCAGGAAAAATACGGCATGGATGTGATTGCCGTTACTATAGACGTGGGTAATGAAAAAGATTTTACCCTGATAAAGGAAAAAGCCCTGAAGGTAGGCGCTAAAAAAGCCTATGTACGGGATGTGCGCAAGGAATTTGCCGAGGATTATATCTGGAAAGCTATCAAAGCCAATTCCATGTACGAAGGCGTCTATCCGCTGGCAACCGCCCTTGCCCGCCCCCTTATTGCCAAGGTTATGGTAGATATAGCCCTTGAGGAAGGGGCTACCGCCATTGCCCACGGTTGTACCGGCAAAGGCAATGACCAGGTACGCTTTGACGTGGGTATAAATACCCTTGCCCCCCATTTGAAAATTATTGCTCCGGCCCGCCAGTGGGGCATGACCCGCGAGCAGACCATGGAATACGCCCAGAAATGGGGCATTCCCGTACCTATTTCGGTTAAAAACCCCTTCTCTATAGATGAAAACCTGTGGGGACGGAGTATAGAGTGCGGTCTGCTGGAAGACCCTTGGAACGAGCCTATTCCCGAGGTATTTGCCTGGACCCGACCGGTGGAAGAAACCCCGGATGAGCCCGAATATCTGGAAGTAGAGTTTGAACAGGGTGTGCCTGTAGCTGTAAACGGAGAAAAACTGTCTCCTTTGGCGCTAATCCAGAAGGTGCATGATATTGCCAGTTTGCACGGGGTAGGCCGTATTGACCACGTGGAAAACCGTCTGGTAGGCATAAAATCCCGCGAGATTTACGAAGCCCCGGCCGCGGTTGTCCTTATTGCCGCCCATCAGGCTTTGGAGGCCATGACCCTTTCCAAGAGCCAATTACGCTTTAAGCAGATGGTGGAAGCTACCTATTCGGATATTATTTATAACGGTCTGTGGTTTTCTGCCCTGCGGCAGGATCTGGACGCTTTTATAGACTCCAGCCAGCGTTTTGTTAGCGGCACAGTCCGCCTGAAACTCTCCAAGGGAAGTTTCCGGGTAGTGGGACGCAAATCCCCCTATTCCCTGTACCACAAAGGTATGGCCACTTACGATAAGGGTGACCAGTTTGACCCGTCTTCGGCAGTGGGTTTTATAACCCTGTGGGGGCTTCAAGCCAAACTGCAAGCCCAGCTTCAACCTATTTTGGAAGAAGAAAAGGGGAATAAATCCTAAATGAGCCATATCCGAAGCCGCTTTTCAAAACCGGCAGATGAACTGGTGGTCAGATATACCACCTCTCTGCCCTTTGACTGGCGTTTATACAAAGAAGATATAAAATGCTCAACCGCCCATGCCCGCATGCTTTCAAAACAGGGCATTATTTCGACTGAAGACAGCCAGTCCATAATAAACGGGCTAAATGCTATCCTCACCGAAATAGAAACAGGCAGTTTCGTATTTAAACCCGAAATGGAAGATATCCACATGGCCATAGAGGGGCGTCTTTTTGAGCTTATTGGCGAAGCGGCCGGCAGACTGCACACCGCCCGCAGCCGAAACGATCAGGTAGCAACAGATGTACACCTTTTTGTCAAAAATGCCTGTGATAAAACTATTAATAAAATACGCACCCTTCAGGGAACTTTGCTGGAACAGGCGGAAGCACACCCGCAGACTGCCCTGCCTGGTTATACCCATATGCAAATAGCCCAGCCGGTGCTACTTCCCCACCACCTGCTGGCTTACTTTGAAATGCTGGAACGTGACTGCGGGCGTTTTACAGATGCCCGAAAACGGGCGGATGTAATACCGCTTGGCAGCGGTGCTCTGGCAGGTGTACCCTACCCGCTTGACCGCGAAATGGTGGCCAAAGAACTGGGTTTTTCGGCTATCAGTCAAAACTCGCTGGATGCGGTTTCAGAGCGGGACTTTATACTGGAATACCTTTCAGACGCCGCAATATGCCAGATGCACCTCTCCAGACTGAGTGAAGAGATGGTGATATGGTCTTCGGCTGAATATGCCTTTGTAGAGCTTGATGACGCCTATACCACCGGCTCAAGCATTATGCCCCAAAAGAAAAATCCGGACGTGGCCGAACTCTGCCGCGGCAAGACCGGGCGGGTATACGGCTCTCTGAATACCATGCTGACCGTCATGAAGGGGTTGCCTCTTTCCTATAACCGAGACCTGCAGGAAGATAAAGAACCCCTGTTTGACTGTGTGGACACTCTGGGGGACAGCCTTGAGGTATTTGCCGGTATGATAAAAACCGCCAAGTTCAAGCCTGAACGTATGCTTCGGGCTTTGGAAAAGGGCTATGTTCTGGCAACTGATATTGCCGATTATCTGGTGGGCAAAGGCGAAAGTTTCCGTAACTCACACGGCATTGTGGCACGGCTGGTGAGCTATGCTGTCGCTCAAAATAAAACCTTTGGTGAGCTCAGCCTTGCGGAATACCGCCAATTTTCAAACCTGTTTGAAAAAGATATTTATGCTGTAGATATAAAGTCAGCCCTAAATGCCCGCAACCTGCCCGGCGGAACTGCACCAAAACAAATAGCCCAGGCAATTGCCCGGGCTAAGAAAATACTTGCTGAAGCTGGAGTTAAAAACTAAATGGCTGTATTAGGCAGTTTTAGCAAGCTTGGCCTGAGTGCGGATACAACGGGTGCACAGTTTCATGCGAACTTCAGTGCCATTAACGGCAATCTTGGCGGAATGAATATTGGGCATCCACATCCGGTTAGTGCGCCTCTTGGAATGGCTTACATTATGCCCAAACGAAGGGGTCTTGCCACACATTTCACATTTCATAGTTTTAAAAGATTTACTCCTTTGACTGAACCACTAAATTCATATAAAATCCGACTAGTAAATATATCATAGCACTTTGCCCTTTACAAGTTTGACCACTTAGAATTGCTATAAGCAAAGGTGAAAAAATGACACAGAACGGAAACATCAGCGGTGCCCAATTTAGAGATATGGTGGCAGCTGCTACAAACTGGCTGGAAAAAAGCTCCCAAGATATTGACGCTTTAAACGTATTTCCTGTTCCTGACGGGGATACCGGTACAAATATGTTACTAACCATGCGCTCTGCAGTAGAAGAAACCTACAAATACCACGAGCCGGACGTCTCAACCGTAGCCTTGGCCATAGCCAAGGGTTCTTTAATGGGCGCCCGCGGCAACAGCGGCGTCATACTCTCCCAGATATGGCGGGGTGTTTCCATTGCCCTGAAGGATAAGACGGCTATATGCGCATCTGACTGGGCGGTAGCCATGAAACAGGCCTCGGAGACCGCTTATCAGGGGCTGAATAATCCGGTGGAAGGCACTATCCTGACCGTACTCAGAGACGTAGCCACTGCCAGCCAGCAAGAGGTTGAAAGCGGTATTACCAGCGTAAGTGAGCTGGTGGAAAAAGGCATGACCGCAGCCGGTGAATCCGTGGCCAATACCCCCAGCCTGCTCCCTGCCCTGCGTGAAGCCGGGGTGGTAGACGCCGGCGGACAGGGTTTTTATACTATTCTGGAGGGTTCACTCCATTTCCTGCGGGGTGAGATTGAGGACATGCAGTTCCGCAAATCCCGGGTTATTACCGGCAATATCCCCACCGGCAACCTGTCCGGACAATACGTAGTAGATGATGAAGAAGCCTTTGGCTATTGTACCGAGTTTTTGCTCAAGGGCGAAAATATGGATATTGACAAGATACGCGAACGCTTAAAGAAAAAAGGCGTCTCGCTTATAGTTGTCGGTGACCCCACTACTGTGAGGGTACATATACATACCCTGAAACCCGGCAGTGTTATGAACTATGTGGGCGAGCTGGGTACCATGCACAAGGTCAGCGTACGCAATATGGACGAACAGCACGAAGACTTTTTAGCCCTGCAAAAAGAACGCATGCCTTCGGTGGATACCGCCATTGTGGCCGTGGTAGCCGGAGACGGGCTGAAAGAAGTTTTCAAAAGTCTGGGTGCCCAGAGCATTATTTCCGGCGGGCAGACCATGAACCCGTCCACCAAGGATATACTACAAGCAGTGGAAGCCGCCCCTTCGGACAAGGTAATAATACTGCCTAACAATAAGAATATTATCCTGACTGCTATTCAGGTGGAAAACCTGACCAAGAAAAAGATAAAGGTCATTCCCAGCATCACCATACCCCAGGGCGTGGCAGCTTTGCTGGCTTTTGACTATGAAGCAGATTTTGATACCAACTTCAACCTGATGAAAGATGCCAAAGAGAGCGTTAAAACTATAGAGATAACCAGAGCTGTCCGTTCTACCAAACTGAACGGTCTCAATATAAAGAAAAAACAGGCTATCGGCCTGCTGGATGATGAGCTTTGTGCCGTAGGTGATGAACCCAAAGCTGTTCTTGATGAAATAATATCCAAACTGGATCTTTCCAAGTCAGAGGTCATAACCGTCTATTACGGGGCGGATACTACCGAAGAAGAAGCCAAAATACTGGAGACAGAACTTATAGAAAAGCACCCCTCACTTCAGGTTGAAATGGTGAATGGGGGACAGCCTCATTATAACTACACCGTTTCTATTGAATAGAAGGAAAATATGACGGTCAAAATAGTAACCGACAGCACTTCGGATATAAGCCAGAAGCTGGCCGCTGAACTGGGCATAACCGTAGTACCATTGACGGTTTCGTTTGGCAATGAACACTTTAAAGATGGTGTCAGCATAACACCTGAACAGTTTTTTACCCGCCTTACTTCCCAAAATATATATCCCACTACTACCCAACCCTCACCGGGATTATTTTTGGAAACTTTTGAGAAGTTGTGTGAAGAAACAGATGAGATACTGGTTATTACCGTTTCCTCAAAACTGTCAGGTACCCTTTCATCCGCTAAAAATGCCGCTGCCATTATACATGGCCGCTGCCAAGTGGAAGTGATAGATTCCCAAAGGGTTATCATGGGGACAGGGCTACTGGCTATATATGCCGCCGAACTGGCAAAAACCGGCCTTAACCTCAAGGAACTTAGCCAA
CP038470.1_gap31	1085562	1087370	1808	CCTGACCTATTTCCACTGCTTTTTCCAGTGTCTCAAAAGGCGTTGGAGGAACATCCAGCATATCCCGGCAGGGATAAAAACGGGTGACGTGCCAGGGAGTAAGCTCTCCCAGACGGGTTTTTATCCAGCGGGCTATCCCGGTAAGCTGTTCAGGGTCATCATTATAGGTGGGAATAATATTTGTTACCACTTCCACGTGCATGCCCCACTGGGACTTGGCCCTTTCGGTGGTAGCCAGTATCTTTTCCCAATGCTGGATTTTGGATAGCTTTTTATAGGTATCCGCCTTGAAACCCTTTATATCCACCCTGAAAGCGTCCATATACGGGCCAATAGTATCCAGCGCATCCGCGGTCATATAACCATTGGTTACATATACCGTATAAAGCCCGTTATTTTTGGCTAAACGGGCACAATCCAGCGTATATTCAAACCAAACCGTAGGTTCATTATAAGTAAAGGCGATACCCTGGCAGTGGTGTTCTCTGGCCATGCTTACAGCCTGTTCGGGCAGAAGGGTTCGGGAGCTGAACAGTCTTTCGTAAGTATCAGGACAGGCAATCTCCCAGTTTTGGCAACCGGTACAATGAAAGTTGCATCCCCAGCTGCCCAGTGAAAATACCTGACTGCCGGGATAGAAATGATAAAGCGGTTTTTTCTCTATGGGATCTACCGCCACCGAGGAGGTACGCCCGTAATTCAGACTAAAAAGAGAACCGTTTATATTTTGATAAACCTGACAAACACCCAAGTGATTGGGATTTATACGGCAATTCCACTGGCAGGTATGACAGCGGATTACTCCGTTTGGCATCTTTTGGTAGAGCAGAGCTTCGTGCATAATTGATCCTCGGGTAGATTATAACACCCCACCCTGAGAAAAAATACAGCTTTAAGGTTAGCCTGAACAAGAGTTAACTGAAAAGGTTCATGACCGCAATGCCGCTCACAGTTAAAATCACCCCGCCTATCTGAAGTATCCGCAGCCTTCTACCCGCAGGCCATTCCAGCAGAAAACCCGGTATCAGGCGTACCAATAGGAAGGCGTACACTAGCACAAACAAGGGGCGGGCACTGGAAATAGCCGACACCAACGAAATAGGGCCATGCTGGATAGACCAGAGCAGAAGCAGCATACCCCCAAACAGAACAAGCTCATCCAATATTATCAGTAAGTAACAGAGTATCGGCTTTGTAATCCCTTTAAGTTCGGTAAAAACACTCCTGCGGAAAGATACCGCCAGCAGAACAATGGCTAAACATATACTGCTCACCCAGTAACCGTTCCAGAAGGTAATCACATCCAGCACGTGTTTATTGATAATGTCAGACCCGGATATAAGCAACCCGGCCAATATGAGCAAACCCGTAGTTTTGCCAAGGAAGAACGACCCGCCACTGCCGTTTCTTCGGGCGGAAACCAGTATTATACCCCCCACTACCGCCAATATGGCCAGCCACCTAAGTAAACCTATGCTTTCTCCCAGCAAAGGCACTGCCATAAGGCTTACAAAAATGGGGTAAGAATAATATATGGGTATCACCCGCGAAACTTCTTCAGTCTTCAAAGCAAACAGCATTATGTAAACAGAACAAGCCCGCAGAGCACCGGCCGCAAAAGCCAGCGCGATAATATCAGGGGGAGTACCTTCGGCAAAAGGGAACATGAAAGACAGCGGGATGTTGTAGCTCATCATCAGAAGCCCTACCGGCAGGATAAAGGCTTTTAGACTGGGAAATCTTTTTTGGAGAAGATGCCCGTCCAGAATATTCACCATGCTCAAAAGAGCAGTGGCCAGTAGAGCTGC
CP038470.1_gap32	1126073	1129690	3617	TAACTGAAAACGGGGGGGCTATATTTATCCCCAAAGATTATTTCCGCCTGCCTTTCGCCTATGACAGGATAGCCGGTAATTATCTGGTAATTGAACTGGGGATGGCCTATAAAGATATCCGCCATATCCTTAAAAAGGCGCTGGCTGCCGCCTGCGCCGAAATAGAAAACTCTGAAAAGGCCGGTAATATATTCATTACCAGCTTCGGGGATATGTCTGTTGAAGATGTGAGCCGCCTTACTGACCTTAACCTAAAACAAGCTGAACTTGCCAAACAACGGGAGTACAGTGAAACCGTACATATAGAGGGTGACAAACGAAGCACCAATATGGTTCTGAACCATATACAACAAAGCGGACTGGAATATAGTTTCGGAGGGCGTTTTTACGAGGTCACCGGCGGCAATGACAAAGGCAAAGCTATCAAGATACTGAACGAGTTGTTCCGCCTGAATTTCGGCAATATCCATACCTTTGGTCTGGGTGACAGCGAAAATGACTACTCCATGCTGGAGACAGTGGACTCACCCATACTGGTGCAACGCCCCGGCAACAAGTGGCACAAGATGCGTTTGCGTAACCCCAGTTACGTCAAAGGGGTAGGGCCTGAAGGTTTCAGCCGGGCAGTCACTGACATAATAATACCCATGGAATAAAAGCCGAAACCATTACCAAAATAAACTTGTCAGTATTTTTCCCGAAGACAACCACGGGTAAAATCTGCTTCGGAGAACTTTCGCCAATCCCCAATAGCCTTAGCCCTGCCTTTGGGTTACTAGGATTAGACCTTGTTTAGATGTATAATACCCACAGCCAGGTCTGGCAGGAGTGTGTACCAATAATGATCCACTTGAAAAGCCCTTTGGCTCTGGAATTTGCCGGCTTCTGGCGGCGTTTCGGAGCATTTATCATAGATAATATAATCATCAGCATAATCTCTTCAGCCTTTGTACCTGTACACTGGTTTGAAATACCTGTTTTCTGGAACATAGACAGTCTGTCAGGTATTTGGTGGCTGGCAGCCCCGATTATAGCTTTTTCAAACGTACTTTCATTATTAGCCATGGTGGCTTACTTTGTATTTTTCTGGTACTGGCGCGGTCAAACCCCCGGCATGATGATTGCCCAGATAAAGGTTATCAGGGTAGATGCTTCAGGGGTTTCTTTAGGAAACTCCATTATCCGTTTTCTAGGGCTTATTGTATCAACCTTGCCTTTAGGTCTGGGGTTTTTCTGGATTGCCTGTGACCGCCGCAAACAGGGCTGGCATGATAAAATGGCTGATACAGTAGTAGTCAAACTACCCAAACCGCCTGAGGTTACCGCTCCTCAGGCTACTTGAAGTTCACTATCAAAACGCCTTTCCCGTTAGGGCAGGCTGTATTTATAAGGCAGGAACAAGATGACAAACGAAGTGAGAGTACGCTACGCCCCCAGCCCCACCGGCTACCCCCATCTGGGCAATATCCGCACTGCTATGTTCAACTGGCTGTTTGCCAGACACAATGGCGGCAAATTTATTGTCCGGATAGAAGACACTGACCGTGAACGCTATGTGGAAGGGGCGGTGGAATCCATACTGGAAAGCCTGAATTGGCTGGGATTGGACTGGGACGAAGGCCCGGACAAAGGCGGGGATTACGGCCCCTACTACCAATCAGAAAGACTCCCTCTTTACCGGAAGGCCGCTGAAAAACTGGTTGCCGAAGGCAAGGCCTATTACTGCCACTGTTCTTCCGAAAAGCTGGATAAAATGCGGGAAGACCAGATAGCCCGCAAAGAACCCCCGGGTTATGACCGCTGTTGCCGTGATATGGGTCTGGGACAAAAAGAAGGTGCGGTTATCCGCTTTAAAATACCGCTGGACGGGCAAACTGCCTTTACCGACCTTATACGGGGAGAGGTTACCTTTGATAATGCCAAACAGGACGACTTTGTCATATTAAAATCAGATGGCTTCCCCACCTATCACCTGGCCAGTGTGGTAGATGACCATGCCATGCAGATAAGCCATGTCCTGCGGGCGGAAGAATGGCTGCCCTCCACCCCCAAACACCTTATGTTATATAAGGCTTTGGGCTATACCCCGCCCCTGTACGCCCACTTACCCATGATACTTGGACCAGACCGTTCCAAACTTTCTAAACGGCATGGTGCTACTTCAACTATAGAATACAAACAGGCCGGCTATCTGCCTGAAACCATGGTGAATTTCCTGTCCCTGCTGGGATGGGCTTATGATGACAAAACCGAGCTATTCAGCCGTGAACAGCTGATAGAGTATTTCTGTCTGGAAAAGGTCAGCAAAACTGCCGCCATTTTCAACTATGAAAAGCTGGACTGGATGAACGGCATGTATATCCGCACACTTTCTGCCCAAGACCTTGCCTGCCGGGCTATGCCGTTCTTGGAAAAAGATGTACGCATTGCCGCATCCGGTCACTTAAACCTTGACTATACCGTAAAAGTTATGCCTCTGATACAAGAACGGGCCAAGAAACTGAATGAGCTTGCAGAACTTTGCTGGTTTATATATTCAGATGATATCAGCTATGACCCAGCTTTGCTTATCGACAAGAAACTGACCAAAGAAACCAGTTTGTCCGCCTTGAAAGCGGCAAATGCCCGTCTGGAAGCTTTGCCTAACTTTGATGCCGCCAGTATGGAAGAACATATCCGCCCGCTGGCTGCCGAACTGGAACTAAAGCCGGGACAGCTGTTTGGCATGCTCCGCACCGCTTCCACCGGCCAGCAGGTTGCCCCTCCCCTTTTCCAGACAATGGAAGTGCTGGGCAGGCAAAGATGCCTCTGGCGGATAGCCATGGCTATTGCCAGACTGTCTGAAATGCCTTTCCAGAGGAGCTAAACAGCTAATAGGGTAAAATGGGCAGGCTATGTTATTGCGGGCTCTATTGCGGAAACTGTTACCACTTAAAATAGATAGCAGTTAGCTGGCAATGCACTGACTATCCAGCTTGCCGGAAACTGGACTTTCTGAAGCAGGTTCATGGTGAGTTGCAACTGGCAAACCTGACAGCTATTGAAAAAACGGGTTTGGAGAAGTGGTTTAATGGCAAACCAGGGTTTTAATTTTCAAAAGGAACATCCCGGTATTGCCCTGTGCGGGCTGGACTGTTACGCCTGCCCGCGTTACCACACCATCGGTTCATCACGCTGTCCGGGCTGTGCCGGCAAGTATTTCTCTGAAAAACACCCCTCCTGCGGGTTTATCAGCTGTGCATTTAAACATGGAAGATTGGAGAGCTGCGGACTTTGCCCCGAAATAGATACCTGTAACCGCATCACCCGACTAAAAACAGTTATCAAAGACCAGCCCGGTTATCCTTCATACCAAAACCGCATAGCCAATCTAATAAAAATAAAAGGAACAGGATTTGAAGCCTTTGCAGATACCTGCATACACAAAGAAGCCCTTCTGAAAACCCTGATTGATAAATATAATGACGGCCGCAAGAAGGCATTTTACTGCCGTGCCGTCCAGTTATTGCCCTTGCCAGACCTTGAAAATTTACTTGATGAAAATGCCAAAAAGGGGTATAAATCAGTAGATGACGCCGCTTTGGCTGTAAGTAACAGCCTGAAAGAGCTGGCAAATA
CP038470.1_gap33	1282572	1283332	760	TTCAAGTGACCTGTATATTGTTCCTCGCTACAAAACTGCTTTTGTTAACCCGTTCTCGACTACACCGACACTCGAACTGTTATGTTCGTACTATACGAAAGACGGCACTCCTCTGCCGAGTTCCCCTGAGAATATTCTTAAAAAAGCCAACCAGTCGTTGCTGAAAAGCACCGGCCTGACTTTTCAAGCTATGGGTGAACTGGAATACTACGTGATAGCAAATAAACAAAACCAGTATCCCGCTACAACCCAAAAGGGCTACCAGGAATCAGCCCCTTTCTGCAAGTGGGAAACCTTAAGATACGAGGCAATGCAGGCAATAGCCAAGGCGGGAGGCCGTATAAAATACGGCCATTCTGAGGTTGGTCACATATTTAACGAAGAGCACGAGATGGAACAGAATGAGATAGAATTTCTGCCTGTGCCAGTTGAAGACGCCGCCGACCAGCTGGTTATTGCCAAGTGGATACTGCGGATGATGGGGCACAAACACGGGGTTGTGGTAACATTTGCACCAAAAATTCTGGTTGGCCACGCTGGAAGCGGCCTGCATGTACATACCAAATTGATGAATAATGGCACAAATGCACTGATTAACGGTGGTGGTCTCAGCGAAACAGCACGCAAGGCCATTGCCGGTTACCTAAGACTGGCTCCGTCACTAACTGCCCTTGGAAACACTGTCCCGCTCTCATTCCTCAGACTGGTACCCCACCAGGAATCTCCTACCAATATATGCTGGGGTGACCGCAACCGCTCT
CP038470.1_gap34	1287244	1290324	3080	ATGAAACTGAACTCATTCTTGGAAGGGGCAGGTCATCTCTGCCATCAGAAATTTTTTCGGTATGTTTGCATAATTTAACTCTATATAGCTTGCATTACCCCGTAGTTGCCGGTTTTCCCCACCTATTTTGCCCTAGTACCTAAGCCGCACTCTTTAAAACCGAGAGGTGACAAACGCATATGGGTATCCGGTTAAATTATTAAGGGCTATGGATAACGAACCGGGCAGGATATAGCAGTGGTAATGTATAGTAATGATAATATAGTATCAGTTATATTGACTTTGCATCTTTTGCAGGCCAATAATGGTATTGGAATCAGCAAAATTAAGGGGAAGCGTTGAGCCGCTACCCATATGTGGTTCACTCGGATAGCGGGGAGCTAATAGTGAAACCGGCCCTTTAGGGGTCGGTTTTGTTTTTGGTCAAATTATAGAGATGCTTATAAGGAGGTGCTCTGAATTAAGTGAGATTGCCGGTAGTACATAGATAGCAATTCAAAGGAGGGAGAGCTTATTATGAAAAGAGCACTATCAATATTGCTTTCACTTTCAATTCTGGTAAGCTTGGGATTGTTTTCCGCTGTGCCTGTAAGCGCGGCGATAGTAAATGTATCTATCAGCAGCGGCACTTCAACTGAGATTGTAGGCGTATACAATAAGGCTGGAGGGGGATCAGTATACGTTGACCTAAGCGGTTCACCTCTCAGTGCGGTGCTCGCTCAGGAACCTAAACCATATCCTACCGGTTATGTGACCGAACCGCCTGATATTTTGGGCTCGGTTTGGGATACCGGAACCAGTCTGTATTTTCAATCCACTAATCCCGGAGCTGACTGGATATGGGAAACCCAGAGAGCCGAAGGTACAAGCGGCTATGATGTCAGCAACCCCCTGTATGATGCAGCCGCCTATACCAACGGACGGGTAGTGGTATTTGAACAGCACTTTACCCTTGACGGCACACCTCAAGCAGGTACTTTGCATATAACGGCAGATAACTGCTGGGAAGTATTTATAAACGGCGTCTTTTTGGCACGTTCTTCTGCCGCCAAAGTAGCCGGATGGGAGCTTACGAACCTGCATGAAGCCTATGTGGCTACCACCGGGTGGCAAACTGTAGGGCATATTGCGGTGCCGGATACCATGCTGGTAAATGGTGAAAATACCATTACAATTCTGGCGGCCAATGAATACTTTTGGTCAGACGACGGCAACAGCCCGTCTCCCGCCTTCAGACTTAGCCCATATTATCAATATAATCCGGGTGGGTTAATCTTTAAACTGGATGTGGGCTATGAGGAATTTGTAGCTGACCCCGGTATTCAGGTAGAGAAAGAGGGTTTACCCGTTTCTACTACTGAAAATACAACTATAGATTACACCTATACCGTCACCAATACCGGCAATGTGCCGCTTTCATCTGTGGCTGTAGTGGATAATCTGGTTTCTCCGGTTACCTACCAGAGCGGTGATGACAATACCGACGGTCTGCTGGACTTGACTGAAGTATGGGTATTTACCGGCAGCTATCTGGTACCATGGTTCACTGCCGGGCCGGTAGATAATACTGCAACGGCCGAGGGATACTGGGATACCACCAAAGTCACTGACGAAGACACCTTTAGTGTTCCAATACTGCATACCCCGAACATAGAGGTGGACAAGACAGGACCGGCTAATACGGGTTACTTTGAGCAACTGGATGCCGACTATACCTATACTCTGACAAATATCGGCAACTGTTCGCTGGATGTTGACCTGACTGATGACCAGATTGCCGGGCTGGTATTTACCGGTGGCGATACTAACGGCAACGGGTATCTGGAGCCGGGTGAAATATGGACATTCACTGGTTCAGACCTGATTGTCTGTGAAGGTATTACGGAGCTATTCTTTACCAATATAGCTACCGCTGTAGGTACTGATGCCACCGGTGCCGCTGACAGGGATACCGACGATTGGACGGTAACTATCTTCCAGTGGCAACCGCGTACCATAGGCTACTGGGGAAACTGGGATAACCACTGGTCAACTGACTGTATTACAGATATTGTTAACAGGGTTAATGCTGATTCCGCCTATTTCAGCACCCTAACCGCAGAGCAGATAAATACCCTGTTATTGTCAGCTGACCAAAAAGGTAAAATGACTCAGGAAAAAGCCCGCATACTGGTGCAGAAGCAGCTTTTGGCTGCCTGGCTAAGTCTTGAGTCATACATAGGTGCAACTGACGGTGATTCAGAGACCTGTGGTGCACTTGATGCGGCCATGAGGCCGGGTGCAACAGTGTATCTAAGTAAGTTTGCCGGTGCCGAGACCTTGTTTGGGGCATCCAGGCTCACAGTGGCACAGCTACTGGCGTTGGTAGATACCGGAATGAGCACCTGGACTCAGAATCAGCTGCTTATTGCCAAGGATGTACTGGATATGATGAATAATGCCGAGAACAACGGCTACTTCATGTTCATGGCACCCTGACATAGATTTGCTGGTGCAACGAAATACCGGGTGGCTGGCAGCCGAAAGGGCTGAGAAAGCCTAATCCAAAATGTCTTGTATATCTGGAAGAGAGGGGGAGATATCTCCCCCTCTTTATATATGCCATTTTGCTTATAAACGAGATAAAGATTTATCAGATACCGCGAACTTCCCGTCCGAATATCGACATTCATATACCCTCGCTTATTAAGCCAGCCCATTTGTACGTAAATATCAGGATGGTGAGTTCAACTTGTTATAAACCCCCATTTCTGGCTTCGAATAAACTTTGGGACAATAAAACAAGGAGGGAGTAAACTCCCTCCTTGTAAAATGCCTGTTCCTACTCGTTAGCTTAGGATTGTTTAGCTCTTCTGGCTACCAGCTGCCAGGCAACCAGCATAAGTATCAAGGCTGGTACACCTATAATCGCAAGCCCCATCCAAGCTGCAAACGGGAAGATCTCTTCCATAGCTCCAAAAAAGTGCTGGATAGCCAGTAGAAGCAGAGCAAATCCTATGCCGCCTATCAGCCATTCGTACCAGCTTACCTTTAGATTCCGATTACGCAGCCAGTTGGTAATACCGAAAAGAGCCGCTGCA
CP038470.1_gap35	1328317	1330684	2367	TTTGGCTATTTCACTTATCTGGTAGGCGACTTCATTATCCATTTCGTAATGATATTAACACCATGTGACGTTACTGTCAAGACTTACATATACGTAACTTTTAATATCCCGAACAAAATTGAGACACATACTGCCGTACGGACTGAAAATGCTATAATAGATGTTCATGATACACAGCTATTATTCCCGTATAAATGGAAACTCCCCTGACGAGAAGCCCAAAATTACCCGGGGCTTGTTGAAAAGGGTATGGAGTTATGCCCGCCCTTACCGGTGGCTGGTTCTCTGGATGCTCCTCCTCACTCTGGCTACCACCGGACTGGGGTTATTGACCCCTCTGATACTGCGTGACTTGATAGACACTACTCTGCCGAACAAGGATTTGACCCGTTTAAGCTGGCTGATTGCGGCACTGCTGACAATACCTCTGCTGACCAGTTTCTTGAACGTGGTGCTGAGGAGATATAACTCACATGTGGGCGAAGGGGTTATATCCGACCTCCGACTGGCTATGTTTTCGCACCTTCAGCGTATGTCACTCAGCTTTTTTACCCACACCAAAAGCGGTGAACTGATGAGCCGCCTTAATAACGATGTTATCGGCGCCCAGACTGCTATCAGTAATACTTTTGTATCTATCGTAACCAGCCTGATTCAGGCAGTAGTGGTATTTTCGGTAATGGTTACCTTGGAATGGCGGCTGGCACTGGTAAGTGTAGCTATACTGCCCCTTTTCTTCTGGGCTGCCCATCATCTGGGAAACAGGCTGCGGGATATTGCCCGAAACCAGCTTGACCTGAACGCTAGAATGAATGCCGTTGCCCAGGAACTGCTTAACATAAGCGGGGCTTTGCTGGTCAAACTGTTTGGCCGTTCCTCTGAAGAAGACCGCCGTTTCAAGCAGCGTTCCGAAGAAGTAAGAAACATAGGTATAAAACGGGCGGTTACAGGCTCACTTTTTTTCGCCAGCATAGGTCTTTTAAGTGCTATCGGCATAGCTCTGGTTTACGGGGTAGGGGGCTATTTTGTAATCCAGGAAACACTGACTATAGGTACTATCGTAGCTTTGGGTGTATACCTGACTACCCTGTACGGGGCCTTGCAGACCCTGACTAACGCCCCGGTGGATTTTGCCACCTCTATGGTTAGTTTTGAACGCGTTTTTGAGGTACTGGATGTACCGCTTGATATAAAAGAAAAAGAAAACGCCCGTATTCTGGGAAAGGTACGCGGCGTTTTGGAATTTAAGGACGTTCTTTTCCACTATGAGCGGGAAGAAAAAGGACTCCTCAGGGAAGTGCGGCGTTTCGGCCAGATGGAGGATGTAGTTTCGGTATTGTCCGGTGCAGGTGGTGCGCCCCGAAACGGCGGTGAAAAAGATGCCGCCGGTGCGGAACGTACAAACGGCGAAGTTCTGGAGCATATCTCTTTCAGAGCCGAACCCGGCCAGCTGGTGGCGCTGGTTGGCCCCAGCGGGGCAGGCAAAACAACCCTTACCTATCTTATCCCCCGTCTGTATGACCCCGTTGCCGGGCAAATACTGATAGACGGGCATGACCTTATGGATGTTACCCTTGACTCACTTGCCGCCCAGATAGGCATGGTCACTCAGGAGACCTACCTTTTCCATGATACTGTGCGTACCAATCTGCTCTACGGCAGACCTGATGCTACCCAGACAGAAGTGGAAACGGCGGCCAAAGCAGCCAATATCCACAAGTTTGTAAAGGGTCTGCCCCAAGGATATGAAACTATTGTGGGAGAGCGCGGTTACCGGCTGAGCGGGGGCGAAAAACAGCGTCTGGCACTGGCACGGGTTATCCTTAAAAACCCGCGTATACTGGTGCTGGACGAAGCCACCAGCTCACTGGACAGCCAGTCTGAATACCTTATTCAGGAAGCCCTGAAACATGTAATGGTGGGGCGTACCAGCATTGTCATTGCCCATCGCCTGAGTACCATTCTGGCGGCGGATATTATATTGGTGCTGGACCATGGACATATAGTGGAGAGGGGTACCCATAGCGAACTGCTGGCTCTGGGAGGACTATATGCAAATCTCTATGAAACCCAGTTTCGCGGCAAGATGAATAACCTTTCTTCTGCAGAATAACAACCAAAGATTTTTTTAGGACAGTAATTACTTTCCGTTACCCCAATTTTATTATAATAACGTTGATTTTGGTTATTTATCCTCCTGAAAAAACCCTGAACCCAAATAATTTCCCCTTAATGTATAATAAAACCACCCTTAGGAGTGAGAGATTATGTTTTTACCTACAACCCCCCATGAGTTATTAAAACTGGGGTGGGATCAGCCGGATATCATACTGGTAACCGGTGACAGTTATATAGACAGCCCGTTTA
CP038470.1_gap36	1407858	1409014	1156	ACAGCAAAAAAAGCTCGTGGGAATGGGAAGCCACTCTCCCCAGCAAACGGGGGAAAACCCAGAAACCCAGTGCAAACATAGCCAGAATAAAGGCTGTGGCTTTGGCAAAGGCAATGCCCATGGTAAAGCCGATATCCCCGCCGTCACCCCCCAAAGCCGGTAAAATAATCATCAGGGGAATAAGGCAAATATCCTGCACCAGTAAAATACCCAGCATCACCCGCCCGTGAGGGGCTTCCATTTCGCCCCTGTCCATAAGTATCTTAAGGACTATCAGGGTAGAGGAAAGTGAGACCATAAACCCGAAGAAGATAGAGGCATTTATATCCCAGCCCAGACTTCTGCCCAGCAAAAAGCCAAATCCGGCAGTCACAATTATCTGGATAAGACCGCCCAGTACCGCCACCCGTCCTACCCGTTTGAGTTCATCCAGTGAAAAATCCAGCCCCAGTGTAAAAAGGAGCAGAATTACCCCGACTGTAGCCATAGATTCAATTACGCCCGGAGACTGTACCAGCCCGAAACCGTTTGGGCCTATGGCTATACCCGCCCCCAGATACCCCAATAAAAGGGGCAGTTTGAAGCGGCGTGCAAGTAACCCGGCCAGAACAGCCGCCACCAGAACAATGATTAAGTCCAACCCGAAGCTGGAGCCTAATTCTTCCAAAGCCCTCTCCTTATTCGGGGAAAATCAGGGATGCAATATTCTAACACATAGCCCCACACTTTCTACACAAGCTTTTATAACTAGTGCCCAAAGCAGGTCTAAATATTTTATAAATTGGCATTTGGATAAATAATGTCTATACTAAGTGTCTGATATGAACTACACCGAAGAAACAAACAGCCTAACTTTTCTGGGTACCGGCGGTGCCAGATTTATGGTCAGCCGCCAGATACTGGCTTCGGGCGGAATCTGGCTAAACCTTGACGGCAAGCGTTTCCTGATTGACCCCGGTCCGGGCAGTATTGTGCAGGTATGCCGCTTGGGCTTAGACCCGGAAAAACTGAGTGCTATTCTTTTGTCTCACCGCCACCTTGACCACTCCGGCGATGTGAACGTAATGATAGAAGCCATGACCCAGGGAGGGTTTAAGAAACACGGCCATTTTCTGGCCCCTAAAGACGCGTTTGATAATGAGCCGGTTATATACTC
CP038470.1_gap37	1414127	1415925	1798	TTCATCAGTTTTATAAGCCGCTTGGAAGTAGGTATATCCACCATCCCCAGCACTTCCCCGCCGCAGTTTTCCACCCACAGATTCATACCGTCTATCCGCAGACAAAGCTGGTCACCGGCTACAATTCTGGCCAGTACCCCTTTGGGAGCCAGGCGGGTCAGGTTTATCACCCCGGCTTTGCCTATTTCCTCCAGGAAATCCTGAGGCTGAACACGGTGAATAACCGGCCCGGCCGCGGTGCGTTCCTTGCTGAGCACTTCCAGCCGGTGCAGATTTTTTTCAGCTATTACATTATAAGGACCTATTTCTTTGGCACGGGTGTAGGCAGCAATAGCTTCCGGATAAATAGCCAGCTCCAGATAGGCACGCCCCAGACGGTTAAAGGCTTCTACATCATTCGGGAACTGGTCAACAATTTTTCTATTAACCTCCACCGCCTCTTGCCAGCGTCCTTCCATGGCTAAATCTACAGCCTGTTTACTGCTCTGGCGCTTGAGTCTTAGCTGTTCCTCTTCTTGATATGCCATAGATTCCTCATTTTTAGTTATTTGCTAAACGAGTAGTTATTTTACTGTATGCTAAACCCGTCTACAAGTATGAGAAACCATTTATTTGGTTATTATACTCCAATTAGCTTAAAAATTCGCTTAGCCCGGGGGCAAATTGACACCATTTCTAGGCTATGGTACTGTAATTTATAGGTGTTTTAATAATTTTTAACTACTGGAAGGAGCTACTGATGCTGGAAAAAGTAGAAGCCGTTCTGGATAAAATCAGACCGGCCCTGGAAGCCGACGGCGGCAATGTTGAACTGGTAGATGTTGTGGACGGAGTAGTAAAAGTAAAACTGGTTGGCGCTTGTGCCGGCTGCCCCATGTCTACAATGACCCTGAAAAATGGCATTGAGCGTATCCTGAAGCGCGAGATACCCGAAATCAAAGAAGTAGTGGCTGCCTAAAGCAGCCACTCTCTTTTTATATACAATTTAAACCAAACACTATACCGCTAAAAAACCCTAGTCTTTTTCCATCTCAAAGGCCTTGTGTATGGCTCTGACCGCATCTTTTACCTTGTCTTCTTCTATAATGCAGGTTATGCGTATTTCCGAAGTGGAAATGAGCAAAATATTTATGCCGACATCTGAAAGAGCCTTGAACATACGGGCGGCATAACCGGGGGCATTCAGCATGCCGGTGCCGATAATGCTGACTTTGCCTATTTTGGAATCACTCAGCACTTCTCTGGCCTGAAGTTCCTTGGCAATGGGGCCTATAACCTCCAGTGCCTTGCCCAAATCTGACTTGGTTACCGTAAAGGTCAGGTCTGTGATATGGTCCTGGCTGGAGTTCTGGACGATGGTATCCACGCTAACCCCGGCCTTTGCCAGCGGGGCAAAGAGACCTGCCGCTATGCCCGGCTTGTCAGGCACTCCTAAAATGGTTATCTTAGCTACCTCAAAATCATGGGCTATTCCGCTGACCCTGTTTCGTATTTCCATCTTTTCCCCTCCATGTATAAGTGTGCCGGGATTTTCATTAAAACTGGAAGCCACCAGAATGGGTATATTGTACACTTGGCCTATTTCCACCGCCCGCGGGTGCATTATCTTTGCCCCGTAAGACGAGAGTTCCAGCATTTCTTCATAACTTATTTCCGAAAGCCGCCGGGCGTCCGGTATCAGGCGGGGGTCAGCGGTATAAACGCCGTCCACGTCTGTATAACGTTCGCATATGGAAGCTCCCAAACTGGCCGCCAATGCAACCGCTGTGGTATCGGAACCGCCCCGCCCCAGAGTGGT
CP038470.1_gap38	1421858	1422358	500	TACCATAGAACGGGAATAAACCGGTCCGGTGTCCAGTCCAGCTTCCAGTTTCATCAGAGAAACGCCAGCCCATTCGTCACCCCCCAGCAGTGTGGCGGCAACCGGAGTTGCTCCCCGGTAACGGGGCAGCAGGGAGGGGTGAATATTGAGCACCCCGTAAACAGGTATATCCAATACTGCCTGAGGCAAAATAAGGCCGTAAGCAGCCACTACTATCACATCCGGTTTAAGCTCCTTTAAAAAAGCCTGCTCTTCAGGTTTCTTGAGACTCTGGGGCTGGTAAACCGCCAGCCCATGCTCCAGTGCTAGTGTCTTTACCGGGGGAGGACAAAGCTCACGCCCCCGCCCGGCCGGACGGTCAGGCTGGGTGTAAACGCCGCAGATATCGTATCCTTCGGCAAGAAGCATTTTAAGCGGGGTAAGGGCAAATTCGGGACTGCCCATAAAGACTATCTTGAGTTCATTCATCACCACCATTTTAACACCGCCTAATTACCATA
