gap_id	start	end	length	sequence
CP030356.1_gap1	7645	10078	2433	GCACCAGGTCGACGAAGGGCAGAATGCCTTCGAGGTGGCCGAGGGGGGTGGCCGGGTTGAGCGCAACCCCGACCTCACATCCCGCGGTCCGGATCGTCTGGGCGACCCGGTGCAGGTGGGGGCAGGCCTCTACGTGCACGGTAAGCATGTCCGCCCCGGCATCGGCGAATGTGTCGACGTACTGCTGAGGTTCCTCGATCATGAGATGCACGTCAAGCTGCGCGTCGTGCTCGTCGGCCACGGGCCGGAGGGTCCGCACCACGTCGGGACCGATGGTGATGTTCGGGACGAAGTGCCCGTCCATTACGTCGACGTGAAGCCAGTCGGGCCCGGCCCCGAGGACCTCATCGGCACAGGCGGCAAATCGTCCCGAGTCGGACGCAATGATCGAAGGCGCGAGTGTCGGCATCGTGGGGGAGGCAGGCATGAGGAAAAAACGCGATCAGGAGCAGAGGGCAAGCGACACACTTAGAATAAAAGGCGCACTCGGACGAACAAAAAGACGAACCGCAATCTTTCGGTGAAAGGCTCGATGGAGCCCTCCATTTTGATCCCGGCAGTCGCCCCACCGTACATCTTTTCCGATCCCCCCGTCGGAGAAACATCCTTTTCCACGGGGAAGTAGGGGGGGCAGGATGCTCCCCAACACGTACCCAGTGCCCGGGCCTCAGCTCGCTCATTCACTCGCCCCCACTCCCATGCCGGTTCGCGACGCCGACCGTGACGACATTACCGATCGCCTCAGCCGTATCGAGGGCCAGATTCGAGGCCTGAAGCGAATGGTCGAGGAGGACCGCTACTGCGGCGACATTCTCGACCAGATTCATTCAGTGCAGCAGGCCCTCAAGTCGGTGGGGCGTGCCATCACCCGAAATCACCTGGAGACGTGCGTGACCGACGCAATCCGGTCGGGCGACGAGCAGGCCGCCCAGGAGAGCTACGACGAGATCATCGGACTGCTCGAAAAGGAGTTGTAGCCAGTCGCCACCACGCCCGACGGCCTCGTACGTCCACCTGAGACACTCGGAATATGGAGGACCTCCTTGCCAACCGCTCATCCCCGGACGACGGGTCGCCCTCCAGTGACGGACGTAGAGGGGGACGAACGGTCCACGTCAAGTTTAAGCTCAGCAAGGACGCCATGGAGGCGAAAGAGGCCTTGGCCGCCCACTGGGACGTCTCGGAACAGGAGGGAGCCGAAATGGCGGCTCAACTCACCGTGTCCTTCCTGAAGGACGAGGACGAAGACACCCGACACCGGTTTGTGGAAAAGGCCCGCGACCAGCCTCGTCCACGCACGCGGACGACACACGCAGTGCGTCGTGCCACAAAGTCGCTTCTAGAAACGACAGCAAGCAATCTCGACCTGACCCGGGATCAGTGCCTCGGCGCGTGCCTCCGCCTCGCCCATACCATCATTCAGTTTCTCCGCGAGGACCAACTCGAACGCCATGAGGCACACCTCTCCGCGCTACGCACCCTCCTGGACCGGGCCCAAACGATTGAGGCGGACCTTCAGGAAGAAGCGACCGCCATCGATCCGCTGAAGCCGGCCATCACCGCCGTTCGGCGTCGCATCGAGGCGATCGTGGAGGACGTCGAAGACGAATTGTCGCGCGGCCGACCCCTCGATCGCACCCACGAGTTTACGTAGTGGGGCTGCGGGTGTGTTCTGTTTGCGACCGGACTGCCCCGCGAAGCATCACGGATCCCGGTCCGATTCTTCTCTTCCCGTTCTCTCGAGGAGGGGCGTGAGCCGCGGGTAGACGACGCTGCCTCCGACTCGACGTCGCGAGAATGCCTCCGTTCGCGTGGCAACAAAGAAGAGCAGTCGCCGCTCGGCGTCAGTGCTCACTCGTGCCTCGCCTTCCTCGACCGCGTCGCGAATTCGTCGGTTGATCGTGACCGCCCGCTCCCGTAGCGCCCGGAGGGTCCCCTTGGTGGCCTCGGGGGTCCACGTGCCGTCCACATGGTCGGCCACTGGCGATTCCCGATCAGCGTCGGCCCGCCAGAACACAGGCTTCAGGAAAATGCGCGGGTCAGGGTGGTGCCGAATGCGCTTCAGATGGTGATAGGGTGTCTTTCCCGCCCCCCGCAGAAGGAATGCGCCGGCCCGTCGGGCACGGGGCCCAGATAGGCTGTGGATGCCGATGGCGGTCGTACTGCCCTCCGAACGACCGGTGATCCAGAGAAACGACGACGCCGGGCGGGCAGGAACCGCAGCCGATCGGGGCGATTCCTCGCTCGAACCCGTCTGGGAGGGCCTCCGGCGCCGTACTCGCCTCGCGTAGAAGGCTCGACGGAACGCCAGCGCGAGGTCGTCGGGGGCATCGGCTCCCTCATCGGACTGGCGCGTTTCCTCCCCCACTGCTCCGCCGGACACGGACGTTCCCGCAGGCTCCCTCTCTGACTCCGACGAGGCGGGGGAGGGCC
CP030356.1_gap2	28065	32829	4764	GTCCAGTCGCGCCCACGGGTGTAGCTTGTACCTGCCGTCATTAACTTAGAAACTGACGAATTCGGGTGAGGGTTTCCTCGACCGCAGTGTCCAGGTCATCATTCACGACCACCGCATCGCAGTCGTCGGCCCGATCCATTTCCTGCTCGACCCGGTCGAGGCGGTCCTGAAGTGACTCACGGTCCTCGGTGCCGCGTCCTTCGAGCCGGCGCTGCAACTCGTCGAGGGACGGAGGGGCCACGAACAGTATGAGGGCGTCGTCCCCGAAACTGCGCTTGACGTTGAGCGCCCCTTTCACGTCAATGTCGAGCAGCACAGGCCCGTCGTCGGCCTGGTCTTCGACCTCCGAGCGGAGCGTCCCGTAAAACTGATCGGGGTACACCTCTTCGTATTCGAGCAGGTCGCCGGCATCGATCCGGGCGCGAAATTCCTCGGGGGAGAGAAAGTGGTAGTCCACCCCGTCCGTCTCATCGGGGCGGGCGGCACGCGTCGTGGCCGATACGGAAAACTGCATGTCCGGCATCGCCTCCAGTACCCGATGGGCAATGGTGGTCTTGCCGGCACCGCTCGGGGCCGTCAGTACGACGATGTTGCGGTCGGGCATGGCGGGAAGTGTTGAGGGGTAAGCGTTTTGGGTTGAGGGCGCGGGGGGACATACACGAAACCCTCCAACTCGCAACTCTCAACCAGTAGTCTATTCGACGTTGCGAATCTGCTCCTTGATCTTCTCGATCTCCTCCTTCATCTCCACCGCCTCCCGGGAGATGGTTTCGTCGTCGGCCTTGGCCCCGATCGTGTTCGCCTCCCGGTGGATTTCCTGGGTGATGAACTTCAGTTTGCGGCCGGACGGCTCGTCGGCGTCGAGGGCCTCCCGAAACATCTTGAGGTGGGAGTGGAGGCGGACGCATTCCTCGGTCACGTCGAGCTTATCGGCGAGGAGGGCCATCTCGGTTTCGAGGCGGTCGGCGTCGAGGTGTTCGTCGTCGAGCAGCGCCCCGAGGCGATCGCGGAGCTGGGCCTGCCGCTCCTCCACGCGGGCCGGAGCCCGTGCCTCGATCGCGTCGAGGTGCTCGTCGATGGCGCGGGTGCGCCGTTCCAGGTCGTCGCGCAGCGCGTCGCCCTCCTCGCGGCGCATTGCCTGCAGGTCGTCGATGGCGGCGTCGAGGGCCTGCGTCACGGCCGGCCACGCGCGCTGAATCTTGGCCGCCTCCCGCTCCTCCTCCCCCGCAAAGATGTCCTCAAACTCCAGCAGGTGATCGATCCGAATCGGCGCCTCGATCTGTGCGGCCGCGGCGAGCTGCTCCAGGCGCCGCTTGTGGTGCATCGCCGCGTCGGCGTCCACGTCGACCGGCAGGGTGTCCGCGCCCTTGAGCTCGGCGGAAACGTTGACGTCGAATTGGCCCCGCTCGAAGGCCTCCTTCATCTGCATCCGCACGTCCGACTCCGCCTCCGGGAGCGGGTCCGGAAGGTGGACGAAGATGTTGAGGTGGCGCTTGTTCGTCGACTGGATTTCTACGGTCGCCGAGGCGTCCTCGGTGCTGGCGTGGCCGCGCCCGAAGCCCGTCATGCTACGAATCATAAGGGGGAGGCGGAAGAACGAGTGGGAGCGCGAATGAGGGGCCCATTTTCGAAATCCCGCCTTCCGGGCGGAAGACGGGGACTGGGCGTGCGGGACGGAACGGGCTGCGGGACAGACGGCGGAGGGGGAGGGATTCGAACCCTCGGTACCGTGAAAACGGCACACTCGCTTTCCAGGCGAGCACCTTCGACCACTCGGTCACCCCTCCAACACACATCGGGCGGGAGCGGGGCGGACGGCGAGGCCGCCCCCCAGTTCCCCCGTCGAGTCTTGGTTAAACGTCCATAATCTGTTCGGTTTTCTGCTCCAGAAGCCCCTCCACCGTTTCGGTGTGGGCGTCGGTGATGTCCTGAAGGTCTTCCTCGGCGCCGTAGAGCACGTCCTCGGAGAAGTTTTCCGCCTCAACAACGTTCTGGATCTCGTTCTTGGCGTCGCGCCGGATGTTGCGGATCGAAATCTTCGTTTCTTCGGCCCGCTCGCGACTGGTCTCCACGAGCTCCTTGCGCCGCTCTTCGGAGAGGGGCGGGATCGGAATGCGGATCTTTTCGCCGTCGTTGTTCGGGTTCAGGCCGAGGTCGGCCTTCATGATGCCCCGTTCGATGTTTTCGATGGCGTTGCGGTCGAACGGCTGCACGACGATGAGGTCGGGCTGCGGCGCACTCACGCTGGCGACCTGCTCCAGGGGGGTCTGGGAGCCGTAGTATTCGACCGTCACGTTTTCGAGCATGGCCGGGGAGGCCCGTCCGGCGCGAATCGTGCGCAGCTCCGAACGCATGTACGACACCGACTCCTCCATCTCCTCGTCGGCCTCGTCCAGAATGTCCTGAATGGGGTCGTCGGGCATGGGCGACAGGGCGGTTGGTGAGCAAGAGAGGGGGCGCGGGGAATTCCGTCAGGCCGGCACCCGTTCGGTGGACGCCTTGGCCTCGTCCCAATGCACGTGGGTGCCCACGGTTTCTCCTTCGAGGAGGCGCCGCAGGTTGTTCGACGTGCCCATGTTGAACACGACGATGGGCATCTTCGACTCCTGACAGAGCGTGAGGGCGGTCATGTCCATGACGCGCAGGTCGCGATCGATGACCTCCTGTCCGTGGATCTGTTTGAAGCGCTCGGCGGAGGCGTCCTCCTCGGGGTCTGCGGTAAAGATGCCGTCCACGCGGGTGCCCTTCAGAATCACGTCGGCGTCGATCTCAAGCCCCCGGAGGGCGGCGGCGGTGTCGGTCGTGAAGTACGGGTTGCCGGTGCCGGCCCCAAAAATGACGACCCGTCCCTTCTCGAGGTGCCGGATGGCGCGGCGGCGGATAAACGGTTCGGCGATCTCCTCCATCTTGATACTCGACTGCAGGCGCGTGACGAGATCGACCTGCTCGAAGGCATCCTGGAGCGCCATGCCGTTGATCATGGTGGCCAGCATGCCCATGTAGTCCGCATGAGCCCGTGTCATGCCCTCCATGGCGTGCTCCACCCCCCGAAAGATGTTGCCGCCCCCGATGACGACGGCCACTTCGGCCCCGGCCTCGACGGCGGTCTTGACCTCGTTCGCGTAGGTGCGGAGAACGGCCTCGTCGATCCCAAACTCCCGGTCCCCCAACAGGGCCTGGCCGCTGAGCTTCAGCAGCACACGCTGGTGGTCGAGGGATGAAGTGGATTCGTCGTCGGGGGAAGCGCTCATAAGGGAGGCACCGTCAGGTGCGTGTTCGGGTTCGCTGTGCGGGCGTCGGAGACTCCCCGCTGGGGAAGGGGGACAGAGTTGAGGCGGCTTGGGCGGACGAGAGGGGTCGCGCGGCGGTCCGGTGCGAGCGCGGACCGATTGCGGCCCGATGCGGGGCCGACGAGGGGCAACACGCCCGCATCGTCAGTCGCCGAGGGCGTAGCGCGTGAATCGCGCCACCGACAGGTCGGCGTCGTCGAGCATGTCTTTTACCGACACCGACGAGTCCTTCACGAAGGCCTGCTCCATCAATACGTGGTCCTCGAAGAACCGCTCGAGCTTCCCCTCCACAATGTTATCGATCACATGCTCGGGCTTGCCCTCGTTGACGGCGGCCTCGCGGGCCACTTCGCGCTCTTCCTCCTTCACCTCGTCGGGCACCTCGTCCCGGGTGACGGCGATCGGTTCGAGGGCGGCGACCTGCATGGCGACGTCGCGGCCGGTCTCCTCCGCCTCGCCGTCGCCGTGCACCTCCACGAGCACGCCGAGCTTCGAGCCGGGGTGGACGTACGAGATGATCTGGCCCTCCTCGCTTTCGAGCACGTCGAAGCGGCGAATCGTGAGCTTCTCGCCGATGCGGCCGGTGAGGGCCACCAACTCCTCCTCGATTGTCACGTCGTCCTCGTAGGGAAGGCTCTCCAGCGCCTCCAGGTCGTCGGGGGTCTCTTCGAGCACCCGCTCCGCGGCCGTGTCGGCGAACGACTGGAAGTCCTCGTTGCGGGCGACGAAGTCGGTCTCGCAGTTGATCTCGACGATGGCGCCGGCGTGGCCGTCGTCGGACACGGCCGTCACGACGAGGCCCTCGTCGGCCTCCACGGCGGCACGGTCGTCCGCCACCTCCTGGCCTTTCTTGCGGAGCAGGCTGACGGCCTCGTCGAAGTCGCCGTCGGTCTCCTGCAGGGCCTCTTTGCAGTCCATCATGCCGACGCCGGTGGCGTCGCGCAGCTCTTTTACCTGTTTGGCAGAAACGCTCATGTCTCGTCGGTTGGGGAGGGATCGGGTGAAATGGGCAGCGCGGGAACGATGGAGGGGGATGTGGGCCCTACGCGGCCGCCTTCTTCTTCTCTTCCTTCTTCATGCGGCGCTCCTGCAGGCCTTCCTGGACGGCGTCCGTGAGGGTCGACGTCACCAGCTCGATCGAGCTCAGCGCGTCGTCGTTGACCGGAATCGGGTAGTCGATGTTCTTCGGGTTTCCGTTGGTGTCGACCATCGCGATGATCGGAATGCCGAGGTTGTTGGCTTCGCTCACCGCAATGTCTTCCCGCTGCACGTCGACGATGTAAATGGCGCTGGGCAGGTTGGCCATGTCGCGGATGCCGCCGAGCGTCTCCTCCAGCTTCTCGTGCTCGCGGAGCCGCATCAGCTTCTCCTTCTTCTTGAGCTTGTCGAGCGTGCCGTCCCGGTCCATCCGCTCGATCTCTTCCATGCGGCGAATCGACTTCCGGATCGTCTGGAAGTTGGTCATGGTACCGCC
CP030356.1_gap3	44905	46175	1270	CCCCTCACGGGGACCCGTCTCTGTCTGCGGCCCCTTCTTCGATGTACCCCAGGAATCTGAGAAGCGCCCCAAGCCCCACCAGAAGCCCCGCGCCGACGAGCCCCATCGCGCCCAGGGTCGTCTGGAGGTCATCGCCCGGCCCAGCCATTGCCAGCAGCACGAGGCCGCCCACGCTGATCAGCAGGGCGAGGCGGTAGGCGACGTTGTGCACGGAACGGGGGCTGAAGAACGAGAGGGGAGAAAAGGGAGCCCGCAATAAAAAAGCCCGCCCTGCGGGGCTGGCTCACTTTTCCTATTAGTATCTCACTACTCATGATAGCAAAATCGACCCCCGGGTTGTCAACCCTTTTCGTTTTGAATCCGTGAACACGTCGTTGAATGCGAGTGAATAAAACGGACGACCGCGCGGCGGGGCCTCCGAAACCCGGGCGAAACGGGTTCCGAACACGAGACCGGCCCGACCGTGAACCGCCGTGTGTCGTTCCTTTCGGCACCTCTCCCTCGCAGGCGCCCGACTGTCTTTCCCCGCATCGAATACGTGTTATGGACGAGCGCATTCAAGAGCACGCCCGCACTCTTCTCAACTGGTCGACGGACGTTCAGCGCGACGACGACGTCGTGATCGCGGCCGGTCCCGAGGCCCACGACCTTGTGGTGGCCCTGCACCGGGAGATCGGCGACCGCGGGGCGAATCCGATGACCCTGTACTCCTCGGGGGAGGCCTCCCGGGCGCACCTCAAGGCCCACGACGGGGACTTTTCGCTGCCCGAGCACACACTCGCCCTCTACGAGGCGTGCGACGTGGCCATCCACGTGCGGTCGTCCCCAAACCTGGCCGCCCTCAACGACGTCTCCGGCACGCGCCTCGCGGAGCGCTCCCGGGCGCACAAGCCCATCATCGAGGAGCGCCTGTCGAAGCGGTGGTGCCTCACCCAGCACCCCACGAACGCGCACGCCCAGGCCGCGGACCTGCCGCTCGGGGCGTACCGCGACTTCGTGTACGGGGCGATTCTGCGCGACTGGGCGGCGGTCGAGGAGTACCAGGAGGAGCTCCGCCGGCGGCTCGAAGCGGCGCGCACGGTGCGTGTGGTGGCCGGGGAGACCGACATCCAGATGAGTGTGGAGCACATGCACGCCATCAACTCGGCCGGCCGCCACAACATGCCGAGCGGGGAGGTCTTCACCGCGCCCGTGCCCGACAGTGTGGAGGGCACGGTGCACTTCGACAAGCCGCTCATTCACCAGGGGCGCGAGATGGAGGGCGTGCGCC
CP030356.1_gap4	229586	233138	3552	GGCGAGGTATGCTTTTCGGTGGCGTCCGGCTTCCGTGGGGGCTTTGGGGAGGTACATGGAGACAGGACAGCAGCACATGGACATGGGAGAGTCTGCTGGTGTTGGGAGAGCGATGTCGAGCATGTGGCCCTTTAGATACGCAGCCCGGGGCCGGAAGACCGGACATCGGTCCGTGCCACGCGGACATGTCCGCTCTTGAGGCACGGAAGCCGGCCTCCTACGCGCACCCTCTGTGGTGATGGGGGGCACCAGGGGGCCTGCCCCATTCCCGGGCCGAACTGGAGGGGGCACTGCCCTCCTGCGCCCTCCTGGTACTGCAACCCCAGGCGGGCTTGGCCCCCCGGTCCGGGCGGCCGACACGGTCTCACGAGGCACGCCTCATCCCAGGGAGCAAGGTCGGGCCGCTTGAGGACGGCCTTCCGGTGCCGTCCCGGACGGCGCGCACGCTGGGCCGGTTCTGTCCCCGCTCAGGCCGACACGGTGGCCGCTACAGTGAACCCTGCCTGCGTGCGCGCAGCGGCTCCGTTTCTCCCCTCCACTTCGAGAGTGGCGCTGTAATCCCCCGGCACCGAGAAGGACACTGAAAGCGTCTCGCCGGTGCCGCGTGCAGGTTCGGGCCCGTCGATTGTCCATTCGTATCCGGTGGCATCCCCCGCCGAGGCCCCTGCGTCGAAGGTCACGGGCGCCCCCGTGGGCACCGTGCCGCTGGGACTGATGTTTAGGTGGGGGCGCGGCGCGATGCAAACGGGCTTGCTCAAGATGGCGTCCACCGACTCCCCCGTCCCGCTCCCGTCATCGACGTAGGCCGTTACGTTGTAGGTGCCGTAGCTCGGGAAACGGGCCTCGATGCGGGATCCATCCGTGAGGGCCGGGTCCTGCGCCTCGTCGGAGAGCTCGTACTCGAGAATGGTGCCGCCGGAGACGGAGATGACGACCGTCTCTTCGGGCACCGTGGCGCCCCCAACGTGAAGGGTGGGGCGCCCGCGGCCAGGGGCTGCGGGGGCTCCAGGATCAGAAGGTGGGTCAGACATCATCGGAAGGGGGCTGGGTGAGCGTGCTTGTTGCGGCCTGTGCCGGTGGGGCGTCACGGGAGGGGCCCTTTTGCGTCGACCCGTCACAGATCCAGAATGCGCAGGGCCTCATCGAGTGTGCCGAGGGTGTAGTCCGGCTGCTCCGACGCCGCCTCTGGCGTTTCGCGGCCCCACAGGTCCCCCGGGCAGTACAGGGTCGTGCAGCCGGTGGCGTTTGCCGGCCGGATGTCCCGCTGCAGCGAATCGCCGATCACGACGACCTCAGCCGCCTGCGGCTCCGGGAGATCGACCGCGTTGCCGATGGCATGGCACACGTCTCGAAACGTGTCGGGCGTCTTCTCCCGAAGCACGATGTCGTCGAAATATTGGCCCCCTCCGATTCCGTGGGCGTCAAACGCCACCTCAAGGCGATCGGGCGCGCCCTCCGAAAAGAGGACGGACGTGCGGCGGTCGGGCCGGGCGGTCCGCCACGCCCGGACGCCCCGGAGGAGGGAAGCGGCCCCGTCCAGGAGGGGCGGTGGTGCGCTTAGCGCAGACCGGAACGCCTCGGCCGCCTTCCGCGCCCGGCTCCTGTCGCACCCTGGAGGCTGGCGGCCGGCCCGGACCTGCTCGGACGCCCAGCGAAGGCGAGACGTCTGGATGCCGGCCTCAGGCCCGCCCCGAAGCCCCGACATGTAGAACGCCGCCGCCCGGGCCAACTGCTCCAGGTCCGGCCCTTCGCCCCCGGAGGACGGGAGGTGCTGGCTCAGGCGATACAGGACATCGGTCGTTTCGAGGCGCTTCTCCCCGTCGGGACGCGCCTTCTCGCCGTCCGCCCCCTGCAGGACCTGAATCATGGCGCTTCGTGCCCGCCTGAAGGTCGCATTGGTATCCCAGAGGGTGTTGTCGGCGTCCAGGACCAGCGCGTGTGGGGAAACCGGCATCAGAAACCGCAGTCCGGAGAAACAGTGGGGGTCACGAGACGCAGCCCGTCCGTGCTCTTGCTGGCAGGGCGGCGGGCCCTCTGGGGGGAGTGCTCCTTGCCTGCCCGAGTCTTCCCGAGGGAGGCCAGGTCGGGGCGTTCTGGAGCGCGTACCGCCGCGCCGGAAAAGAAGTCATCAGGGCCGCAGCGGGACGTCGTCGACCGTTGGGTTTGGTGGGCGAATGAGGACCTTTCCGCTGGCCTCAGCAAAGCTTCCAAATATGCCGGTTCCGTTCTCGATGTCCTCGTCAATGTTCGGGATCTCGCCGGGGGCCAGGCTCATCTGTTGGGCCGACTGCGTGCGCAGAAAGTCGTAGAGGTTGTTGTCCACTACGCTCGCGCGGATCTGGTTCGGCCCGTAGAAGGCCACCGCAAGCCAGGGGAGCGTGATGCTGACGGTGCCGTCGTCGTTGGAGGTGAAGTTGGCCTCGTTCAGGAGGCCCGACGAGTTGACGCGGAACGACGCCAGGGTGTCGCTGTCGGCATCGTATTGGTCGAGATAGAACGGGGTCAGCAGGCGTCCGGCGACGCTGTCGGGCGGGCTGGCGGAAATGGACTGCAGGTCAAGCAGGGACCGCGACGTGAGAACGTAAACGTTTTGCCGCTCCAGGGCGGACGGCCCGGGCCGGACCGTCAGTTCGAACTGGGGCGGGTCGGAGTTCTCGTCGTCCGGGTCCGGGTATGTCGTCGTGTCGTTCTGGGTCCGCACGGCCTCGACGGGGGCCGGCACGGTGGTCTCCGCAGTGACGACAGGGCCTTCCGGCGGGGCGGCCCGCAGCCGGTACGTGGCCTGAGGCGTGACGGTGGCTGGTGTCTCGGGGATGTAGAGCCCGTCCGTGCTGTCCGTCTCCGTGTACGGCACGGTCGCCGCGACGCCGCCGCTGTCGTTCAGGCGCTGCACCTGCACGTCCGCGTCCTGAACGGCCGTCCGCTCGGGGGTGTACTCCGCACTCGCCCGTGCGGTGCGCGTGAGCCGGACGGAGTCCATCGGTGCACCGGCCTCCAGGTAGGCTTCGACGACGACCTGGGATTCGGTCTCCAGGGCGGCCGTATCGCAGCCGACGAGGGCAGCAAGGCCGAAAATGGCGAAAAGCAGAAGGCGTCGCATACAGGAGGGTGCGGTGTGCCGGGTGCGAGGGCCCACAGGTCAACGGCAATGCTCAACGGCAACTTTCCGTCTAAAACGTGAGCGTGAACGACAGGTTGGGGATCGGGACCGGAATTTGGGGGATCTCGGTGCGCTCGAGGCTCCCGTCGTCCTGGCGCTCGTACTGGTAAAACCAGACGTTCCGCCGGGCATACGCGTTGATGAGCTGTATCTTGAACTCGTAGTCCGCAATCCCGAAGAACCTTCCACTGCGGGTCGCCCCGACGTCGAGGCGATGGTAGGGGGGAAGCCGGGCGTTGTTGAAGGGGCTGATCAGCACCGTTCTCTCGTCGGTGGCGGACTGAAAGGGACTGTCCACGGTGCTAAACTGCCGTTCGGGGCGGGTGTAGGGCTGGCCCGTGCTGTAGCTGAACGTGCTGGTGAGGCGCCAGCCCCTGGCGAGCCGATAGTTC
CP030356.1_gap5	418636	419680	1044	AGGCCCGGTCCTCGGGATAGTCCTTCTTGACGAACGCGGGGCGCTCGTCTTTGGGGCCGTGGCACGCCAGGCAGGACGGCTGCACCGTAATTCGGCGGGCGTAGCGCCAGCCCTCGTGGCCGCTGCGGGTGGTTCGGATCCACCGCTCGGTGAGCTCGGGGGACGTGACAAACTCCTCGTGGAGGCGGCGTGCCTCCGCGTCGGGCTCGTGGGCGGGATTTCGATACTTCGTGGCGAGCTGCTGCACCTCCCATCCGCGGTCTGCGCCAAGCTGCCTGGCGCGCTTCCCCACGGGGGTGCACACGCGCTTGAACGTACGCTTGTCGACCGCGGACGTGTCGATGGTTGCGGCCAGGGACTCGCGCATCTCGTTCAGCGACGCGATGGACTGCTCCACGTCCCGACGGACGGAGTCGGGCGGCGTCTGGGAGCTGGTGGGGGCCGAATCGGAACCGCCGCATCCGACGATGAGAAGGGAGACGCTGAGGATCAAAAGCCGAAGAACCGAGGGCGAACGCATCGGTTAGGGAGAAAAATGATCTGGCCGTGAAGATCAGCAGGACGACCGCCATCGAGGATCCTTCCGGGGGCGTCCGCCTTCAACATACTAGTTCATACCTGTAAACACAAGCAGTAGGGCCGCTGTCTTGCATCCCATGTCCGATCCGCAGTTCGACGTTGAGCGGGCCACGGCCGGTCTCGTCCTGGCCCTTTTCCTTGCCGCTTCCCTGCTGGTGGGGGCGATGTACTACTTCGTCCTGCGCGACATGGAGGAGCGCGCCGGTGCGTCCAATGCGTCTCAGGCCGTGCGCGTCGAGCACCCGTCGGCAGGGCCCCCTGCCTCAGCGTCCATCCCTGCGTCTGAACACCACGCATGAGCTACACGCCTTTGTTGACCATTCTGCTCGTTCTGGTGGTCGGCGCCGCGATTACCCTGACGGTGCTGTTCTACGCCCAGCGGAAGGGGCACTTTGACAATCTGAAGTCGGAGGCCTACGTCATCTTCGACGACGATGAGCCGGTGGGGGAGCCACAGGATCAGGT
CP030356.1_gap6	425907	428990	3083	GCGCGGTGCCGCAGTCCACGCTCGGGTACGAGAAGCAGTTCAATCCGATGATCAACGCGGCCCGCGAGGGGGAAGATGCGTTCGTGGACGCGATCCTGGCCGACCAGCCGGAGCCGCAGATCTACTTCGCCCGCATGAAGCGGGACAACAAGAAGGGGATGCCGGTGCTCGGCTCGCTGCCCGCTCCGCGCGAGCTGACGGTGCGCGAACTCAAGGACGCCGCCGCGGACGAGGCGCCCCTCGTCATCGACACGCGGCTCGACCGGTCGGCCTACATGGCCAACCACATTCCCGGCAGCCTCTATGCGCCGATGAACGACACCTTCAACACGGTGGTCGGCTCGCTGGTGGAGGACGAGACCACCCCCATCGTGCTGATCGCGGACGAAGGGGACGTAGAGGAGGCCGTTCGCGACCTGGTGCGCATCGGCTACGACAACGTGACCGGCTTTGCGGAGGTCGACACGCTCCAGCGCTACTTCCAGGCGGGCGGCCCGAGCGAGACGATCGACGAGATCACGTTTGCGGACTTCGACGCCGAGCTGCAGGACGAAGCGACGGGCGTGCTCGACGTGCGCTACCGCTCGGAGTATGAGGAGGGACACGTGGAGGGGGCGTTGAACGCGTCCTACACCCGCATGCCGGAGTACGAGACGGACCTGCCCACCGACAAGACGCTGCTCGTGCACTGCGGCAGCGGGGCGCGGGCGGCGGCCGCCTCCTCGTACCTGGCGCGGACGGGGCACTCGGTCAAGTACGTGAACGACCACTTCGCAAACTACGAAGCGGCCTCCGAAGAGGCCGTGGCGGCGTAGCATCGCCGAAGCGCCGCGGTGGGGGCGTCCGGCGAACGTGTCGGGGCCGCCCCTCGCGTTTCTGCTCCTCTGTCTGGTCCCCCGGCCCCAATTCCATGTACACCGCCTGGCTCGGTGCTCTCCTCGTCGGCTTGGTGCTCGGCCTCCTGGGATCCGGGGGGTCGATTCTCACTGTGCCCGTGCTGGTGTATCTAGTGGGGGAGCCTAGCAAGCTCGCCATCGCCGAGTCGCTCGGCATCGTGGCCCTCATCAGCCTCGTCGGAGCCATTCCGCTGGCCCTTCGGGGACGGGTGAGCTGGCGGACGGTGGGCTGGTTCGGGGGGCCCGGCATCGTGGGGGCGTACGTCGGGGCCTCCCTGTCGCAGCTCATGTCGGGGGCCGTGCAGCTCGCCATCTTCGCCGTCGTGATGCTCGGGGCGGCGGTCCTGATGTTCCGCCGCACCCCCTCCGAGCTGGTGGATGAGCCGGACCGGGCCTTCTGGAAGGTGATGGTGGACGGACTGGGCGTGGGGGTGCTCACGGGCCTGGTGGGGGTCGGGGGCGGATTTTTGATCGTGCCGGCGCTGGTGGTGCTCGGGGGCCTGTCGATGCACCTTGCCGTTGGCACCAGCCTCGCCATCATTGCCCTCAAGAGCGTCAGCGGATTCGTGAAGTACCTCGACGTGATGGAGGCGGCCGGCCTCTCCATTCATTGGGATCTGGTGCTGGTCTTTTCGGGCATCGGCATCGTGGGGAGCTTCGTTGGGGGGCGCCTTGGGGCGTACGTGCCGCAGGCACGCCTCAAGCGGGGCTTCGCGATCTTTTTGGTCCTCATGGGCATCGTCATCCTGGGACAGAACGTCGTGGCGATGGTCGGCTGACGCCGCCTCCCCTCAAGATGGCGAGAGGACCGCGATCCGGACCGGTGTGGGGCGAGGCCCCGCTTCCCTCAGAGAGCCGACCGCAAAACATCAGACGGCAAAAGGCGACGAGGTCGCCCCGTCCGGCTCGGGTCTAGGGGGCTCCGCCTCGAACCCAATGTCACAGTTCGGAATGCGCCCGCGTCCCTGCCTCGACGTGGGGGGCGGTCCGTGCACGTACGATGGGGCCACTGAGGAGCGGCATCGGGGAGCGCCTCTGCAGTGCGGTCGGCACCTTGAACGTGCCCCCAGAGACCACCGCAACTGGGCGGTGCGACGGGTCGGGAGACGAAGGAGACGAGGCGACGTGGAGCCAGAAGCGTCCCAACCCATTCATTCCGAAAGCCTCTAGCCCGCTTCTTCTCCCCTACTGACTCGTCCACCCCTCACTGCCCGTGGTCATCGAAACCGGTGTCTGGATCGTCCTTCTCGGCGCCACCGTCACGGCCGTGGCCACCGGCCTGGGCGCACTTCCGTTTCTATTCGTGCGGGACATCGGCGACTGGTGGCTCGGCGTGTTCAACGCCGCCGCGGGCGGCCTCATGCTGGCGGCCAGTCACAGCCTCATCGCCGAGGGATCCGTGTTGAGCACGGGCCGCACCCTGGTCGGCATTCTGGTCGGTCTGGCCCTCATTCTGGGGGCCAACACCTTCATTAGCCGAGGCGAGGACCACGACGTGGCCGAGCTTGCGGGGGCCGACGCCCGGAAGGCCCTGCTCATTCTGGGGATCATGACGGCGCACTCGTTTGCCGAAGGGGTGGGGGTGGGTGTCTCGTACGGGGGCGGCGACGAGCTTGGGGCGTTCGTCACCGCGGCCATTGCCATTCACAACATTCCGGAGGGCCTGGCCATCAGCCTGGTGCTCGTGCCGCGCGGCACGCCCGTCTGGAAGGCGGCCGGGTGGAGCATCTTCACGAGCCTGCCGCAGCCCCTCATGGCGGTCCCCGCCTTTCTGTTCGTGCTCGTCTTCGAGCCGTTCTTGCCCATTGGCTTCGGGCTGGCGGCCGGCGCGATGATCTGGATGGTCTTCGCGGAGCTCATCCCGGATGCGCTGGAGGATGTGCCCGGTCCTACCGCGGGGGCGGCCGTCACGCTGGCGTTCGCCGGCCTCTTCGCATTCCAGCATTTCGTGCTGCACGTGTAGGGCGGATCGCGGCCGTCCCCCCGCCGCGATCGGGCAGACGTGCCAACGTGGGCTTCACACGGCCCGTCCCCTAAAAGGAACACATGTAAACACAAGTAGTTATAGAAAGTGCACGACACCGAGGGGGCCCGCAGGCCTCCGACGACGGCTGGTTCGCGGTATTCTCGCCACAAAACCCGATCCCCTGACCCTTATGTCCGCTCCCGACCCCAACACGACAACCG
CP030356.1_gap7	463831	465768	1937	TGTGATGAGCGGTGTGGTCGTGTCTCCGTGCCCGTGGCCCTGCGTGCCGCCCCGTCCATGGTACCGCTGGCGCGGGCGTGCACCCGGCCGTGCACCCTGCGGGGAAGGTGAGGGGTCAGAGCGGGACCGCACGTCCGGTCGTCTCGGCGTAGCGAACGAACGCGCCGAGCACGTCTGCAGCCGCCACGGTGCTGGCGTCGCCCACCACCACGGCCTTGCGCTCGGCGCGGGTGACGGCCACGTTGAAGCGGCGCGGCTCGTCGAGAAAGCCGATCGCCCCGCGGTCGTTGCTGCGGACGAGCGAGAGCAGGACGATCTCCTTTTCCCGCCCCTGAAAGCCGTCGACCGTGTCCGTCTCGGGCCCGTCCGGGGCGAGAGCACGGTCAATGCGGTCGACCTGGTCGTCGTACGGGGAGATCACCGCGATGGCGGACGGGGCCACGCCCGCCTCCAACAGGGCCGTCGTCAGTTGGGCGATGAGATCGGCCTCGCGGGGGTTCTCGCGGGAGTGGGAGCCGGAGCGCTGGTGCTCGGGGGCGTCGATCTCACTCGTGTCCACGAACACGAGGGGCGCCTCCGGGTCGAGAATGGCGCGGCGCTCGTCGGCGGGGAGGGCGTGCTCGGGCACGCCGAGGCCGGCGAGCGTCCGGTGGCGTGCCGTGTCGTCCGCCTCCAGCCGCCCGTCGTAGAAGGTGCGGTTGGGGAAGCCCATGATCGTCTCGTGCATGCGGTATTGCCGGCGCAGCAGGCTCCGGATCGAGCCGGGCGCCTCGGGGGCCGTTTCGTGGTGGTGGGCGAGGCGCTCGAAGAGGGTGTGTCGGAGCCCACGTCGGGCGGCCTCCTGGTTTTGGATGGTGGGCGGGAGCTGCTTGTGGTCGCCCACGAGGACGGCGCGGCGGGCGTGCGTCATCGGGATCCAGCAGGAGGGCGCCGTGGCCTGCGTGGCCTCGTCGATCACGAGCGTGTCGAACGTGTGGCCGTCCAGCAGGTCGCTCCCGGCGGTCGAGTTGGTGCTGCACACCACGTCGGCGGCCCCCAGGACCTCGTCGATGGCTTCCTGCTCCAGCGCCTCGGCCTCGTCGAAGAGGGCATCGGCACGCTCCTGCAGCGCCAGCCAGGCCGCCATTTCCTCGATCCGCTCCGGCGGTACGCCCCGCGAGCCGCGGCCCTGCTCGGCCCGTTCCTTGATCTTGCGGTCGGACATGCCCCGGCGCCAGCGGCCGGAGGGCGCGGTGAGGTCCTCCTGCCGGTCGAGCACGGCAAAGGCCTTCTCCCGTTTCTGCTGAGACCGCCGATGGGTGTCGGTGTCCTCAATTTGGGCGTCGAGCGTGTGCGTCCGGAGGCGGTCATTCACGCGGGCGGGGTGCCCCAGCCGCACGACATCCGTCCCCTGTTCGGCCAGGAACGCGACCACGTTGTCGACGGCGGTGTTGGAGGCGGCGGTGGCGAGCACCGACTCGCCGCGGTCCACGCACTGCTGCAGGACCTCGGTGGCGGTGGTCGTCTTGCCGGTGCCGGGCGGGCCGTGGATCAGATGCACGTCGTCGGTCGCCACGGCCTTGCGGACCGCCCGTCGCTGGGCGTCGTTGAGGGCCGAATTGTGCCAGTCGTCGATCGGGGCGGGCTCGGTTGCGGCGGGTGACGCCACGCCGGTACTCACGTCGCGGAGCTGCTTGAGAGCACCATCGGCGGTGGGGAGCTTCGCCAGCGCGTCCTGCATGCGCTGGTAGGGGATGTCGTTCACGTAGAGGTCTACGCGCAGCCCAGAGACTACTTCCTCTCTGCGGTCGGGGCGCAGCCCGGAGACTACTTCCTCCCTGCGGTCGGGGCGCAGCCCCTTCCCGAACACCCAGCCGTCGGGCTTCGGGTCGAAGGAGGCCGTGATCGAGTAATTGGTCACCTGGGTGACGGTCCCGGTGGGGTTGTCGTCGCGGAGC
CP030356.1_gap8	469317	472662	3345	GTGTGGCGATCAACTACCAGGGCGAGTACCTGGAGGGCATCGACGGCAGCTCGCCGCTTGAGGACGAATACGTCGGCGACCGCACGACCGTGGACATCAACGCCACGTATCAGTTCCAGTCGGTGCTGGGGGAGCCGGAGCTGTTGCTGCAGGTGCAGAACATCACCAACGAGCCGGAGGTCTTCCAGACGGGGCGGGCCAAGAACCTCGGGTTCCACTACCGGAGCGGCCGCACCGTGACGGTGGGCCTCTCGACGGAATTTTAGGTCGACACGGCGCCCCACACGTGTCGTTCCTCACACGTCCCCTTCCCCGCCGCCGGGGGAAGGGGATGCGTGTTTCTGCCCATCCTGCGGGGGGGCAATGCCACTGTCCCGTGCCCCGCCCCCCATTGTCCGCTTTGGCCGTCTCTCTTCCGGTGCCGCTGGGCCCGCTTCTCATCCCGTGCCCAATGCCCCTTGCGGGAGCGGCCGCCTCGACGTGAAGCCCTGCGGGGCGTCCAGTTGGTGCTCCCGACGACCCGTCCGGGGGCGTCGGGTACGGACCCGAGGGGCCACCGCCGAGAATCCAAGTCGTACCGAGGGGCTACGCTTCTCCGCCGTGAGGCCGCGTGGTATCACCGGTGTGCCCGTCCAGCAGGGTTGTTGCTTTGAAACTGCTGTCCGCATACGCTCGCCCCGATCCTACCGGTGCGTCCGCCGCAGCTCACGTCGGGCGAACCGTCGGTCGAAGGTGTCTGGTGGGGCCCTTCTTGCCAAAGACCCAAGGGGGCGTTTCGTACAGTCCCCGCACGCTTCTCTCAACGTCCGTCCGATTATTGAGTGATACATGCGTTCCGGCTCTGCATTGGAATTGCCGCCTGGATTAAACTTTTCGTGAACAGGCGTGTTGTAGAACCGGCAGCGCTTGTTCGCCACTCCAAAGCAAGTGAGCCATGAGCAACGCCTCGTCCCCGGGTTCAGAGCAAGATGCGGAGGCCCCCATCTTCAAGATAGATGAGATGGAGGAACAGCTGGATGTTCTCCGCCATCACGATGTGTTCGAGAACCGGTTGGAGGGGGCCTTCGATCGGATGACCCGGATCGCCGCCGATCTCTTCGACGCGGAGGCGGCGTTTGTGGTCTTCCTGAACAGCAGCCAGCAGTGGCTTGAGGACCACGTGGGCCTTGAGCGGTCGGGGTGCCGCGCCGTGGCGTCCTGGTGCACCCGGGTGGTCGAGGAGGGCGCCCCCCTCGTGGTTGACCGTGCCCAAGAAGACGCAGCCTCGGACGCGGAGGTTCAGGAGATGGGGCCGGAGTTCTACGCCGGGGTTCCGGTGGACGTCTCGGCGGGGACGTCCATCGGGGTGTGTGCGATCGTCGATTCCACCCCGCGGTCGTTTTCCGACCCCCAGAAACGTCGGCTCGGCGACGTGGGCCAGATGATCAGCGAGAAGCTGGAGCGATGTCGCCAGGCCCACAAACACGAGGATCTTGCCCAAGAACGGGCGGCCGTGTGTCGACGGTACGACGCCATTCGCCAAGACCCGGACATGATGCTGGGGGTGGTCGAGGCCGACGGGACGCTCTTGGAGACCAACGAGACGTCGCTTCAGTACATTGAGGCCGGGCGGGACGCGGTCGTAGGAAAGCCGTTTTGGGAGACGCCGTGGTGGGACGAGAAGGATCGAAAACGCGTTCGGGCGTGGATTGAACGGGCCGCCGAGGGGGAGTATGTGACGTACCAGGCGGGCTCGGATGATGCGAAGAGTCGGTCTTATCAGGTAGAGGGGAAGTTCCGGCCAGTGACTAGGGCGGGGAAGGAGGGAGAAGAGCAGGTTGAAGCACTCGTCGTTTCTGCCCGGGACGTAACCGAGCGGGAGCGTCGGCTGCGGCAGGCGGAGGTGCTCTTCCAAAACGCCCAGGATGCGTTCTTCCTCCTCGACGTACGAGAGGAAGAGGAGGAGAACACATTCGCGTACCGACGGGTCAACCCGGTTTACGAAAAAAAGTTTGGGCATTCCGAAGAGGAGATTCGGGGGCGTTCGCCTCGAGACGTTTTTGGCGAAGAGCTCGGACAATGTATGGAGGAACGGTGCCGGACGTGCGCTCGGCGGGGCGAACCAGTTGAGTACGAGGAGAAGATTCCGCTGGCGGGGAGGTCAACCTACTGGTTCACTCGTATCGCGCCGGTCTTCGTGGAGGGAGAGGTCCAACAGATCGTCGGGCACGCGACAGAGATTACCGAGCGGAAGCGTCGCAAAGAGAGGCTCGAGCGCCAGAATGACCTGTTCCAGAGGGCGCAGGAGATTGCCAATGTTGGGGCCTGGGAGTACGACGTGAAGACAGGGGATCTTCGCGCCACCCGTCAAACCTATCGCATTCACGGCTATCCGGTGGAGAAGGAGCTTACGGCCGAGGAGGCGTTTTCACATTACCACCCAGAGGACCAGGCGGTCATTGAGAACGCCCTTGAGCAGGCCGTGGAAGACGGGGCGTCGTACGATCTTGAGTTGCGACTCCAGACTGAGACGGGGACGGAGCGTTGGGTTCGGGACCGGGGGGAACCGCAATGGGAGGACGGAGAGGTGGCCCGCATTCGGGGAACGCTCCGAGACATCACCGACCGGAAGAAGCGAGAACGGCGTCTCCGACAGATCGAAACGCTCTTTCAAAACGCCCAGGAGCCGCTCTTTCTCCTTGACGTGCAGGAGGACGACGGCACATCCTTTCGCATCAAGCGCATTAATCCGGCATACGAAGAGAAGTTCGGGCGCACCACAAAAGGGGTCTTAGGGGCATCGCCTGAAGAGGTCTTCGGGGAGAAGTTTGGTAAATTTATGAAGGAAAAGTGTGCGGAGTGCGTCCGTCGGGGCGAGGCACTTCAGTACGAAGAAAAAATTCCCCTCGACGGGGCGATCACGTACTGGAAGACGCGCATCGCGCCGGTGATCGGGGCGGGAGACGTGCAGCAGATTGTGGGGCACGCGACCAACGTGACGGATCAAAAGCGGCGTGAACGGACCCTCCGCGAGCGGCAAGACAAGATCGAGGCCCTATACAAGACGGCCGATCGTCTCATCCGGGCCCCCAGCAAGGAGACGGTCGGCACGGTTCTCGTCCGGCTCATTCGGACGGCCCTCGGCTACCAGGCCGTCGCGGTGCGCTTCGTTCAAGACGAAAACCTGGTGGTGACCGAGGTCTCCGAGACAAACTTCGAGTTCATGCCCGAGCGCCCGGATTTCCGTGTAGACGGTGACAGCCCCATTGCCGAGGTGTATCGATCCGGCCAGACACTTGTGATCGGGGACGTGGAGGAAGACATCGACGACGAAGACGACCGGGTGTCTCCCCCAAACTACTACGG
CP030356.1_gap9	593818	596763	2945	TGGCCGCGGATCGTGTCGTGGGCCCCCACCTTGCCGTCCCCGCTACCGCCCTTGAGCCGGTGCAGGCCCTCGTAGAGCGTCTGGTTCGTGAGGGTGGACTTCCCGGAGCCCGAGACGCCCGTGACGCACACGATCTGGCCGAGCGGGATCTCCACGTCGACGTGCTTGAGGTTGTGCTGCCGGGCGTTCTCGATCACGAGCGTGTCGTCCGGGTCGGCCGGGCGGCGCTCGTCGGGGACCGGCACCTCCTTCCGGCCGCTCAGGTACTGGCCGGTGAGCGAGTCTTCGGCCTCCAGAATCTCGTCGTAGGGGCCCTGAAAGACGACCTCGCCCCCGAAGGCCCCGGAGGCGGGCCCGAGGTCGACGAGCTGGTCCGCCGCCTCCATGGTGACCGGGTCGTGCTCCACCACGAGCACCGTATTGCCGAGGTCGCGCAGGCGCTGCAGGATGTCGATGAGGCGCTCGTTGTCGCGGGGGTGCAGGCCCACCGTCGGCTCGTCGAGCACGTAGAGGGAGCCGACGAGCGAGGACCCGAGCGAGGTGGACAGGTTGATGCGCTGCGTCTCCCCGCCGCTGAGGGTTTGTGCGAGGCGGTCGAGCGTGAGGTAGTCGAGCCCCACGTCCACGAGGTAGCGGCTCCGCTCGCGCAGCTCCTCCATCACGCGCCCGGCCACCTCCTGCTCGTAGTCGGTCAGCTCCAGGGCCTCGAAGTAGTCGCGCGCCGCCCGCGTCGTCATCGCGCAGATCTCGCCGATGTGCTTTTGCTCCACGGCGTCGCCGCCCACCTTCACGTACAGGGCGTCGTCGCACAGGCGATGGCCGCTGCAGTCCGGGCACTCCGAGTAGCCGCGGAAGCGGGCGCGGAAGATGCGGTAGTGGCGCTTGTACGAGTTCTCCTCCAGAAACTCGAAGAAGCCGTGCAGGCCGATGTAGTCGTCCTTCCCCTCCCACACGATCTCTTCCTCCCAGTCCGCCAGCTCGTGGTAGGGGCAGTCGATGTCGAGCCCCACGTCGGCGGCCACGGCAATCAGGTCCTTGAAGTGCTTGCCCCACTTGTCGCCCCGGAACGGCGCGAGGGCGCCGTCCCGGATCGAGAGCTGCTTGTTCGGGACAATCAGGTCCTCGTCGAGCCCCGGCACGCGCCCGAAGCCCTGGCAGGTGGGGCAGGCGCCGACCGGGCTGTTGAAGCTAAAGAGCTGTGGCGTCGGCTCCTCGAAGCGCATCCCGTCGCGCTCGAAGTGCGCGCTGAACTCGAACAGGGGAATGGGGCCCTGATGCTGCGAGGCGCCCGGGTGGGCGGTCTCGTCGTAGCCGCCGCGGGGGGCGGGAATGACGGTGCAGTAGCCGTCGCCCTCGTCGAAGGCCTGCTCCACGGACTCGGCGATGCGGGAACGGGTGTCCGCGTCGCCCGCCTTCACCTTGAGGCGGTCGATGAGGACGCGCAGCCGAGCGCGGCCGTAGTGGTTGACGCTGCTGGGGGCCTCCTGGTTGAGGTCGAGAATCTCGGGCTCCTGTCCCTTTTCTGCCTGCCGCTCGGTGGGCAGCCGCAGGATGCGGTAGAAGCCCCGCTCCCGCAGGCTCGTGAGCTGGTCGCGCAGGGCCATGTCCGCGTGCTCCGGGATGGGGGCGCAGAGGTAGAACCGCGTGCCGTCGTCCAGCGCATCGTCGAGGCGGTCCGCCACGTCGTGCGGCGTGTCCCTGCTCACCGGCTCGCCGCTCACCGGCGAGTAGGTGGTGCCGATGCGGGCGAAGAGGAGGCGGAGGTGGTCGTAGATCTCCGTCTGCGTGGCGACCGTCGAGCGCGGGTTCTTGCCCGAGGTCTTCTGCTCGATGGCGATGGCCGGGGCGAGGCCCGTGATGAGGTCCGCCTCCGGCTTGTCCATCCGCTCCAGGAACTGGCGGGCGTAGGCGCTCAGGCTCTCCACGTAGCGGCGCTGGCCCTCCGCGTAGATCGTGTCGAAGCAGAGGCTCGACTTGCCGGAGCCGGACGGGCCGGTGAAGACGATGAGCTCGTTGCGCGGCAGGTCGAGGTCGATGTCCTTCAGGTTGTGCTGCCGCGCCCCGCGGATCACGATGTGGTCCTGCGCCGACTCGCGGGCGGTGACCGACGCGTTGGCGATGACGGGGTCCTGTGTGGGGAGGCGTTCGGTGGTGGGCATTGCGGGTGGGGCGTGTGGGCGTCTGTCGGGGAGGCCTGTGAGGCGAGATGCGGTCCAGTAGCGCGGTGCCTGGGGAGATTGGGGAACGGTTGAACGTAGTGGCAACGAGACTTGTATGCCACGCGGAAGCGATTGATGCCTGCTCGTCTGTCCAGAAATGATATCCGCGTAACCCATGTGCCCTTCACGTTACGGGCGGGAACGGCGGAAGGGGGGGAGCGTGAAGAATCCCTCACAACAAGTGCGTTCCTCACGGCCCCCCATGTCTAGCCCCCCTGCCATTCCGATGCGTACCCTCATCGGCCTCCTCGCGCTCGTTCTTTGCGCCTGTACCCCCGGGAACGGGTCGGAGGCGCCCGAAGCCCGTTCGTCATCTCCAGACAAGGAGGTCGTCCTGGAGCGCGTCGAGTCGGAGGAGGAGACGTTTCAAGTCGTAGAAATGGTTGAGGACCTGGAGCACGCGTGGGCGGTCGACTGGCTCCCCGACGGGCGGATGCTCGTCACCGAGCGGCCCGGCCGCATGCTTCTCGTCGACGGCGACGGCCCCACCCAACTCGCCAACGTCCCGGAGGTGTGGGCCAAAAACCAGGGCGGTCTGCTCGACGTGCGCGTCGCACCGAACTACGAGGAGAGCGGCTGGATCTACTTTACGCACTCCCTGAAAGACGGCGACACGGGGGGGACGGTGCTGTCGCGGGCCCGCCTCGACGGCACCGCGCTGACCGACGTCGAAGAGCTGTACCGGCAGACGCCCTTCCTGGCGCCGGACTACCACTTCGGCTCCCG
CP030356.1_gap10	640974	644750	3776	GCATCATGAACCCGACGAACGACGTCTTCGAGAAGCGGGTGGCCGCGCTCGAAGACGGCGTCGCGGCCGTCGCCACCGCCAGCGGGCAGTCCGCCCAGTTTTTGGCCCTCAACACCCTCTGTGAGCACGGCGACAACATCGTCTCCACGAGCTACCTCTACGGCGGGACCTACAATCAGTTCAAGAACTCCTTCCCTCGCCGCGGCCTCGACGTCCACATCGCCGACGGCGACGACCCCGACTCGATCGAACGCCTGATCGACGCGGACACGAAGGCGGTCTATCTGGAGACGATCGGCAATCCGCGCTTCAACATCCCGGACTTCGAGCGGATCGCCGACATCGCCCACGCCCACGGCGTGCCGCTGGTGGTGGACAACACGTTCGGGGCGGCGGGCTTCCTGTGCAGCCCGATCGAGCACGGGGCCGACATCGTGACGGCCAGCGCGACGAAGTGGATCGGCGGGCACGGCACCACCATCGGCGGCGTCATTGTGGACGCGGGCACGTTCCCGTGGGACAACGGCCGCTTCCCCGAGTTCACCGAGCCGAACCCCAACTACCACGGCCTGCAGTTCTGGGAGACGTTCGGCCCGGACGGCGTGCTCGACACGAACGTGGCCTTCGCGATGCGGGCCCGGGTGGAGGGGCTACGCGACTTCGGCCCGGCCCAGAATCCGTTCGGCTCGTTTCTCCTGCTGCAGGGCCTCGAAACGCTCTCCCTGCGCGTGCAGCGGAGCTGCGACAACGCCCTTGAGCTGGCGACGTGGCTCCGAGAGCAGGACGCGGTGTCGTGGGTCAGCTACCCGGGCCTGGAGGACCACCCCTACCACGAGCGGGCCAATCGGTACCTGGAGAACGGGTACGGGGCGGTGCTCACGTTTGGGGTGGAGGGCGGCGTCGACGGCGGCAAGCGCTTCGTCGAGAATGTGGAGCTGGCCAGTCACCTCGCCAACGTGGGGGACGCGAAGACGCTCGTTATCCACCCCGCTTCTACCACCCACCAGCAGCTGACCGAGGAGGAGCAGCAGGCCTCCGGCGTCGAGCCCGACATGGTGCGGGTCTCCGTCGGCATCGAGCACATCGAGGACATCAAGGCGGACTTTGATCAGGCGTTTGCGGAGCTGCCCTCGCCGGCGGCTTCGTGATGAGGGAGTATTACGCATTTCGTGTTGCGTATCCGTCCGAGGACGACTGCCAAGGACCTCTCACGCAATACGCACCACGCAATACGCTTTGCCCTCGCCTGCTCCGACGCGTTCAGCCAACTGATTCCCGATGTCGCAGACGCTCACGGTTCCAACCTTTACCCTCGAAAACGGCACGACGCTGCGGGACGTGCCCGTGGCGTACCAGACGTGGGGCACCCTCAACGCGACCGGCACCAACGCCGTCCTGGTGTGTCACGCCCTCACCGGCGACACGAACGTGGCCGACTGGTGGGGCGGGCTCCTCGGGCCCGGTCGCGCCCTCGATCCCACGGAGGACTTCGTGGTGTGTCTGAACGTACCGGGGTCCCCCTACGGCTCGGTGGCGCCGGTGACGGTGAATCCAGACACCGGCGAGCGCTACGGGGCCGGCTTCCCGCCGTTTACGACCCGCGACACGGTCCGCCTGCACCGGCGCGCGCTGGAGACCCTCGGCGTGCAACGGGTGGCGTGTGCCGTAGGCGGATCGATGGGGGGCATGCACGTGCTGGAGTGGGCCTTCGAGGCGACCGACGGCGGGGCGCCGTTCGTGCGGTCGCTCGTGCCCATTGCCGTGGGGGGGCGCCATACGGCCTGGCAGATCGGATGGGGGGCGGCACAGCGGCAGGCCATCTTCGCCGATCCGAAGTGGCGAGACGGAACATACCCGCCGGACGACCCCCCGACAAACGGCCTCGCGACGGCCCGCATGATGGCGATGGTGTCGTACCGCTCACGGCCGTCCCTCGACGGCCGGTTCGGGCGGGACGCAATGCCGGAACAGGACGGCACGCCCTACGCCGTGGAGAGCTACCTGCACCATCACGGCAATAAGCTCGTCGATCGCTTCGACGCAAACTGCTACGTGGCCTTGACCCGTCAGATGGACACCCACGACGTGGCGCGCGGCCGTGGCGACTACGCGGAGGTGCTGCGGGGCATCGAGCAGCCAAGCCTGGTCGTGGGCATCGACTCGGACGTGCTGTATCCGTTGTCCGAGCAGGAGGAGCTCGCGGAGCACCTGCCCAGCGCCACCCTCGAGGTGCTGTCGGCGCCGCACGGACACGACACGTTCCTCATCGAGCTCGATGCCCTCAACGATCTCGTGTCGACGTGGCGGGCCAATATCTGTTCGTCCGTGGCGGCCTGAGCCGTGATCCGGGCGTGGACAATGGCTGGAAGACAGCCTCCGCTCTCCCAGATGCCCCCGGTGGAGACATTCGCCACGGCACGTCACACCGCCCCACTACGCACCATCCCTCGCGACAGCACTGACTGATCATGCCTGATCGTTCCTTCTCTTCGACGGAATGCGCGTCCCGTCCCGTCCGCGTTCTCAAATTTGGCGGCACGTCGGTCGGCTCCGCCGACGGCATAAAAAACGCGGTCCGCCTCGTTCATGCGGCCACCGAGACCTGTCGGCCGGTCGTGGTGGTGTCTGCCGCGGCGGGCGTGACGGACGCCCTCGTGCAGGCCGCAGAGGAGTCCCGGGCCGACCGCGGCTCCGTCGAGGCCTGGACGCGGCGGGTGGGGCGGCGCTACCGCGCCCTGGCCGCGAACACCCTTGCCGACGAGGCGCTGCGGGCCCGCTACGACACCGCCTTGCGGACAGAACTGTCGGAGCTGCGCCGCGCGCTGCAGGAGATGGCGGGGCCGAATGCCGCAGCGGCTCGTGACGTCGTGCTGGCCGCCGGCGAACGGCTGATGGTGCCGCTACTGGCCGCCGCACTCGACGCCTCCGGGTGCACATCGCAGGCCGTCGACGCGGCGACACTCATCCGCACCGACGCCGCGCACGGCGACGCGACGGTGCAGTGGGCCCCCACCCGGCGGCAGGTGCGCGACTGGCATCGGACGCGGGCCGCCGGCCTGCCGGTCGTTACGGGCTTCGTGGGGGAGACGGCCGACGGCAAGACGACCACGCTCGGCCGCGGGGGAAGTGACTTGTCCGCTGCCGTCCTCGCCTGGGCGCTGGAGGCGGAACGGATGGAGCGCTGGACCGACGTGGAGGGCCTGTATACCCGCGACCCGGATGCGCACAGCGACGCCCAGCCCCTCCAACGCATCGACTTCGAGCAGGCCCGCGCCTGGACGAAAGCCGGACGGCTCGGCATGCATCCGTGCACCCTCGATCCGCTGATGGACGCCGGCATTCCGCTCCGCGTCCGGTGCACGCACCGCCCCGCGGCCCCGGGCACCCGCATCGTCCCCGCCCCAACTCTCGCTCAGGGGTAACTCTGCACTGATACACCCATATGATGGCTTCTCATTCGTTCTCGGCCTCTCCCCCGGTCGCCCCGTCGACGTCCTCGTGTCCGTCCCCGGTTCATGTATACGTGGCAGGCGTGGGGGACGTGGGGGCGGCCCTACTACGACAGATCGACGCCCGCGGGGACGCCGGGCGGGATCTTCGTGTGATCGGCGCCTGCACGTCGCGCCGCGCCGCGTGGGGCACCCCCAATCGCGATCCGGAGGCCCCGCTCGTCGGCGTGGACGAGGCCGCGCCGCCCGACTGGCCGGCCATCGTGGATCGTCTTGCGCAGGAGACGCCGCGCCCGCTCGTCTTCGTAGACGCGACCGGCAGCCCCG
CP030356.1_gap11	646952	648006	1054	GGAGGCGGGTTCGATCCCCGCGAATCACGGACGGGACCGCCGGGTCGATCAGATAGGTCAACTCGATGCCTTTCTCCGCTACCTTGGCGGCGAGTGGATCCAGCGCCTCCTCGATGCAGGTCTGTACGCGGATGGGCGCCTCCTCCAGCTCCGTCTCGCCGGCCTCCAGCTTCGAGAAGTTGAGGATGTCGTCGATGATGGAAAGGAGGGTGGTCCCACTGCTCTGGATCGCGTCCACGAACTGCTGCTGCTCGGGCGTCAGGTCGGTGTCGGAGAGCAGGTCGGCAAAGCCGATGACCCCGTTCATCGGCGTGCGGATCTCGTGGCTCATATTGGCGAGGAACTTGCTTTTGGCCTCCGCTGCCGCCAGCGCCTCTTCACGGGCCTCTTCGAGCTCTTCTGTACGCTCGGCCACCTTCGCCTCCAGAAGACGCTGCCGTCGTTGTAGGCTCCAGGTGCGCCACCGGATGAGCCCAGTCACCAGCCCGATGCCGCCGATCGCGCAGAGGAGGTAGAACCATGTCGTCCGCCAGAACGGCGGTGTGATGGTGAAGGAATAGGCCTCCACCGGGCTCCACACGTCATCACTGTTGGCGGCCTGGACCTGAAGGGTGTACGAACCGGGGGGCAGATTGGAGTAGGTGGCCCGCTGTCGTTTGGTGGCCGTTGACCATCTCTCGTCGAGCCCCTCCAGGCGGTACCTGTACGCGACCCGCTCCGGAACGGTGTAGTTGATGCCGATGAAGCGAAAAATGAGGTGGTCCTTGTCGTACGGAAGCGACAGATTGGTCGGAAGCTGTTCCCACGGGGTGGTGCCGTCCGCGTACCGGCTCCAGTCGGGGTCTTCGGGATAGAGCTGAATGTCCGTCAGGTGGGTTTGAGGCGGCGCAGGCCGTCCCCGGTCCTGTGCGGGATTATAGCGCACGAGGCCTGTGCTCGTCCCGAACCAGAGCACGCCGCCGTCGGCCTCGTAGGTCGCATGCTCGGTCGCCACGCCCCCTCGCAGATCGACGTCCTTGTCGTAGGAGCGAATCGACACCTGCCCCGTCCGGTG
CP030356.1_gap12	650465	653098	2633	GTTGCAGTTGAAGATGGTGTAGCACTTCCAGAGGCCATCGGGCGAGTCGACCACGTCGAGGCGCTCCTCGGCCCCGTCGTCGCGGCTGTCGAAGGTGTAGCGGTACGCCTTCAGCATGGCCGCGGGCCCGAGATAGTCGGGGTCGGCCCAGGTGGAGGGACAGGCGTGCGTGCAGGCGCCGCACATGATGCATTTCGTGGCGTCCTCGATCATGGCGTGTTCCTCGGGGCTCTGCTCCCGCTCCCGCTCCGGGGCGGGCCCGTCGGTGATGAGCCACGGCTTCACCTCCCGGTACTTCTCGAAGAAGCGGCTCTGGTCGATGATAAGGTCCTTCACCACCGGGGCGGAAGGGAGGGGGGCGTACGTGATCGTGTCCCCATCCTCGTCTACCAGATCCTGCACCAGCACCGAGCAGGCGAGCTTGTTCTCGCCGTTAATCTGCATGGCGTCGGACCCGCAGATGCCGTGCGCGCAGCTCTTGCGCAGCGAGAGGGTGCCGTCGATGTGCCACTTCACGTGGAGCAGGAGCGACAGGGCGCTGTCGAGCGGGTCGGCCGGCACCTCGTACGACTCCCAGTGCGGCTCGTCGTCCTCCTCGGGGTTGTACCGTTTGATTTCAAGATTGAGCTGCATCTCAGCCATAAGTCCAAAAACGCTGTGCGTGTGGAGACATCTGCGGAAACAGGGGGCGGGGCCGGATTGCCGGGCCCACGGTCGGGTCGAGTGCCCTAGTAGCTGCGCTCCTTCGGCTCGAACCGGGTGATGACGACCTCCTTGTCGTCGAACTCGTAGCTGCCGTTGGCGTCGCTGTGGAAGAGCGTGTGCTTGAGCCAGTCCTCGTCGTTGCGCTCCTCGTAGTCTTCGCGGGAGTGGGCCCCTCGGCTCTCCGTGCGGTGACGGGCCCCGGCGGCGATGGCCTCGGCGTAATCGACCATGAAGCCCACCTCCACCGCGTCCATCAGGTCGGTGTTAAACCGCTTGCTCTTGTCGTCCACGACCACGTTCTTCGCGCGCTTCCGGAGGCCCTGCAGGTCGTCGAGGGCCGTGGAGAGCGTGTCGTCGTTGCGGAAGACGGATACGTTCTCCATCATCGTCTCTTGCAGCTCGCTCCGCACGTTGACGATGGGCTCGCCCTCGTCGCGGGTGTTGGAGAGCAGGTCGTCGAGCATATCGCGCGTGTCCGCCTCCGGCTTCTCGGGCAGCGGGGCGTAGTCCTTGCCCTGGCGCACCTGCTTGGCCATCTCGATGCCGGTGCGGCGGCCCATCACCACGAGCTCCAGGAGGGCGTTGGTGCCGAGGCGATTGGCGCCGTGGATGCTCACGCAGGCGCACTCGCCCACCGCGTAGAGGCCCGGCACGTACTCGCCCCGTTCGCCCACCTCCACGTGGCCGTCCTCGTTGGCCGGAATGCCGCCCATCGCGTAGTGGCAGGTGGGCACCACCGGAATGGGCTCCTCCTTCGGGTCCACGCCCATGTAGGTCCGCGAGAACTCGGTGACCTCCGGCAGCTTGTTGTCGAGGATCGCGTTGTCGAGGTGGGTCAGGTCGAGGTGGACGTAGTTCTCGCCCTGCACGCCGCGGCCCTCTCGGATTTCCTGGTAGATGCACTGGCTCACGAGGTCGCGCGGGGCAAGGTCCTTCACGGTCGGCGCGTAGCGCTCCATGAAGCGCTCCCCCTCGCTGTTGCGCAGGATGCCGCCCTCCCCGCGCGCGCCCTCCGTGATGAGGATCCCGAGGCGGTAGAGGCCGGTCGGGTGGAACTGGACGAACTCCATGTCCTCCAGCGGGATGCCGTTGCGCAGCATGATGCCCATGCCGTCGCCCGTGCCGGCGTGCGCGTTGGAGGTGGTCTCGAAGGCACGGCCGTAGCCGCCGGTCGCGAAGCACACCTGCTTGGCGTGGAAGGTGTGGATTTCGCCGGTGAGGATCTCGTAGGCCACCACGCCGGCGCACTCTCCGTCCTCCGTCATGATGAGGTCCAGCACCTGGAACTCGTCGTAGAACCGGACGCCCTGCTTCGTGCACTGGTCGTAGAGCGTGTGCAGGATCGTGTGGCCGGTGCGGTCGGCGGCGTGGCAGGAGCGCTTGACGGGCGCCTCGCCGAAGTTGCGGGTGTGGCCCCCGAACCGTCGCTGCGAGATCTTGCCCGCCTCGTTGCGGCTGAAGGGCACGCCGTAGTGCTCCAGCTCCACAATCGTGCGGGGTGCGTCCTTGCAGAGCGCCTCGATGGCGTCCTGGTCCCCCACGTAGTCGCTGCCCTTCACCGTGTCGAAGGCGTGCCACAGCCAGTGGTCCTCCTCCTCGTTGCCGAGGGCCGCGGCGATGCCGCCCTGCGCCGCCCCGGTGTGGGAGCGGAGGGGGTGCAGTTTCGAGACCACCCCCACGTCGGCCCCGCCCTCGCGGGCATACAGGGCGGCCATCAGGCCAGACCCGCCCGCTCCAACAACGACGACATCGTGCTCAAAAGTCATGGTGCGTGTTGCGTATTTCGTATTGCGTATCTCGTGCTGCGTATTCCGTATTGCGTGGAGAATCTGACTGGTGCCGATTGCTCCGATACGCAATACGCACTACGCACTAGTTCTCGTCACCACCCGGCCGTAAGCACCGAGTAGGTTCCAATGATGAGCAGC
CP030356.1_gap13	697042	700587	3545	CGCTCCCGGAACGCGCCGCGGACTGAGCCGGCCCCGTTGTGCTGTACGGCGTCGTACCGACGTTCGAGGGCCCGGAGCAGCCGGGCCAGGAGGGGAGGGCGCGGCACGGGGCGGCCGCTGGCGAGGCGGAGCGACGTGGCCGTGTCGGCGAGGGCGTCGGGAAAGTCAGTTTGGTTGACGTTGAGGCCGACCCCCAGCACGACGACGGCGTCGGTGTTGGGTGGGGCCAGAGACGACTCTAGCAGGATGCCACAGGCCTTGCGGCCCTCCAGAAGAACGTCGTTGGGCCACTTGAGGGCGGCCGAGTGGGGCGAGACGAAGTCCTCAATCGCCTCGGCAACGGCCACGCCCGCGGCCACGGTGAGAAGCCCAAACCGGTCCGGCGGCAGCGTGGGACGGAGCACCACGGAGAAGAGAAGATTGCGGCCCTTGTCGGCGGTCCAGTCGCGCCCGTGGCGCCCCCGTCCGGTGGTCTGGTATTCGGTAAGCACCGTGGCGCCCTCCGGCGCGCCCGCTGCGGCCCACTGCGCCGTCCGTTCGTTCGTCGAGCCGACCGTCTCGAATCCGCGCATCGACCGGCCGAAGCGGTCGGTAGAGAGCCGATCCCGCGTGTCCGCGGCGAGGGGAAGGGGCATGAGACGAAAGCGTCGGTGCGGGGAAATCGAGACGGGGCGTGAACACTGCCCTGCGGCCCTCTGCTAACGGACGGCGTACCCGCGGTACGCCGACATCGTCCGGAACTGGCGCGGGGCGCGAAGGGGCACGTCCACGACGGCCCGGACGCGGGTCAGGTGGGGCACCCAGGTCTCGTCAGGGGCGCGGCGGAGGCGGAGCGTGATCTGGCTCCGCTCGCGGAACAGCAGAATCCGGCTGGCCCGGGTCGTGGTGAGGCCCACCAGTTCGTGCGACGCGCGATCGACCGTGAGGCGGGCGTACCGAATGCTCCGGTCGGCGCCCCGTTCGCCCGAGCGCACTTTCGCCTCCACCACGTGGGTCGGCGTGCCGTCCAGGAGCGAGTCGCGGCGCAGGGCGTAGCGATAGGCCTCCTGCGTGCGGGGGGCGAGGTATGCCGGCTGGTCGGCGAGGGCCTGCCCCGCCAGGTTGCCGGGACGGGCGCGGGGGGACTGCGAAGGGGTGAGGCGTGCCAAAAATCCGCCGGCCTGGAAGCGGCCGGCCGAGTCGGCCCGCTGAATCGTGCCGGGGCCGGTGCCGGGCGGGTACCGGAGCGTGCGCGTCCGGTAGGCGGTGGTGGCCCCGGTCGTGTCCAGCTGCTCGGTCCGCACGTCCCGGGTGACGGCGTACGCATCGAGACGGGCAAAGGCCGAGTCGAACGCCGTCCGGTCCAGTCGCGCAAGAACGGCGAGGGCCGAGTCCCGAGGCGTGTCTGTGGCCTCAATCGTGTCGAGGGCGCCGAACGCGGCGTACGTCCCGCCGTGCTCGGGGGGGGACGTACAGCCCAGGCCCCCGAGCGCCAGGAGCCACCCGCCCACAATGATATGTAAAAAACGGGCGCGTTTGGAGGGGGCGGGCTGCATCACTCATCGTCGGTTTATATGTTGGGACGCATTCCGGTACCGCTAGCCTAGAACCGGACAAAAGTTTCGGCCCGTGCAATGGGCTTCGTAAAGTCTTCGGGGCGTTCGGCCTCCGGCGCCCGCAATCAACCGTGCACAGATGGACGCCCCCACGCACGACTCGCCGTACGACCTGCTCCTCGACACGGCCGTGCAGGCGGCCCGCCGGGCCGCCGCCGTCATTCGGGAGCAGGCCGGCAGGCCCGGCGGCGTGCGCGACAAGAGCCGCAACGACTTCGTGACCGATGCCGACGAGCGGGCCCAGGCGGTCATCGTCGAGTCTCTCCGGGAGACCTTTCCCCGAGACGCCATCCTCGCCGAGGAAGGGGCGGCGGGCGACGGGGAGGCGCCGGTCGTGTCGGGGCGGCGCTGGATCGTGGACCCGATCGACGGCACGACAAACTTCATGCATCAGGTGCCGCCCTACGCCGTCAGCATCGCGCTGCAGGAGGAGGACGAGATTGTGGTCGGCGTGGTGCTCGACGTGCCGCGCGACGAACTCTTTACGGCGGTGGCGGGGCACGGGCTTCAGGTGAACGGGGAGGAAGAAGGGGTGAGCGCGACGGACGCGTTTGGGGAGGCGTTCCTGGCGACGGGGTTTCCCTACCGCCGGTTCGAGCACACGGACCGGTACCTGGATGTGCTGGCCGACATCCTCCGCGACACTCAAGGGGTGCGCCGGCACGGGTCCGCGGCGGTTGACCTGGCCTGGACGGCCTGCGGCCGGTTCGATGGCTTCTTTGAGACCGGGCTCAATCCCTGGGACATCGCGGCGGGCGTCCTGCTCGTGCGTGAGGGCGGCGGACGGGTCACAAACTATCACGACGACGCCGGGCTCACGCCCGTATTCGACCAACAGATGTGCGCCACCAACGGGCCGGTGCACGCCGCCCTGCTGGGCCACCTGGCCCCGATGGACGACGTGCGACTGTAGCCGGCCGTGCGGGGCCTCTCCTTGCTCATTTTCTTCCAACTACGACTTTGACTGTCATGGACGGTTACGACCTGCTCGACGGAAAGACGGGCGTCATCTTTGGGGCCCTCAATGAGGACAGCATCGCCTGGTCGGTTGCTCAGGCCTGTCACCGCGAGGGGGCGGACTTTGTCCTCTCCAACGCCCCGGTGGCCCGCCGCCTCGGCTCCCTCGACGCGCTGGCGGAGGAGACGGACAGCCCCATCATCTGGGCCGACGCCACCGATGACGAGGAGCTCGCCGCGCTCTTCGAAGAGGTCAAGGACGAGTACGGCTCGATCGACTTCATCGTCCACTCCATCGGGATGGGCGTCAACGTGCGCAAGGACGTGCCCTACGAGGACCTCAACTACAACTGGTACGAGCAGACGCTCGACGTGTCGGCCGTGAGCCTGCACCGCATCGTGAACCACGCCCTCGACACCGAGGCGATCGACGACGGCGGGTCGATCCTGGCGATGAGCTACATCGGCGCCGAGCGTATCTTCTCGAAGTACTCGGAGATGGGCGACGCCAAGGCGCTGCTGGAAAGCATCGTGCGCTCCTTCGGCTACCGACTGGGCGAGCGCAACATCCGCATCAACGCCATCTCCCAGAGCCCCACGAAGACGACCGCCGGCTCCGGGATCGACGGCTTCGACGCGATGTACGAGTTTGCCGAGCGCGTCGCCCCCCTCGGCAACGCCGACGCCGACAGCTGCGCCGACTACGCCGTGACGCTCCTCAGCGACCTCACGCGCATGGTGACCATGCAGACGCTCTACCACGACGGCGGCTTCTCCACCATGGGCATCTCCGACGAAATCGTGGAGGCGATGGAGGATGCCTTTGCGGAGGACGAGGAGGACGAGTAGTGTGTCAGGTTGGAACGTTGCACGTCGAACGTCCCATCGTCCAACGCACACCGCACCAACGCTGTGATTGAGCTGCTCATCACCGACATCGACGGGTGCCTGGCGTCGCCCTACGAGGCGTACGACCTAACGGGGCTCGACACG
CP030356.1_gap14	703560	707434	3874	ATACACCACCGGCGCGCCCACCCACTCGAACCCGGCGTTGATGGTGCCGATGAGGGCCAGAAAGGCGAGCAGCATGGCGCCCACGTTGAGGGCGAGGCGCAGGCCGTCGGAGGCGCCGTTGGCGGCGGCCTCGATGACATTGTCGGCCTCCTCCGTGTCCTGAATTTCGGCCCCGCCCTGGGTCTCGGGGGTTTCGGTCTCCGGCACCAGAATCTTCGCCATCACGATCGCCGCGGGCGCGCTCATCACCGACGCCGACAGGAGGTGCTTCGCGAACAGCTGCCGCGACTCGGGGGAGTCCCCGCCCAGAAACCCGATGTAGGCGGCCAGCACCCCACCCGCGATGGTCGCCATCCCGCCCGTCATGAGCGTCATGATCTCGCTGCGCGTCATGTCCTCCACGTAGGGCTTCACGGCCAGGGGCGCCTCCGTCTGCCCGATGAACACGTTCGCCGCGGCGGCCAGCGACTCCGCCCCGGAGATGCGCAGGGTCTTCTGCATGACCCACCCCATGCCGTTCACGAGCGGCTGCACGATGCGCAGGTGATAGAGCACGCCCATCAGGGAGGCAAAAAAGATGATCGTCGGCAGCACCTGAAAGGCAAAGTTGTTGCCCTCGTCCGGGTTGCCCAGGTCGCCGAAGATGAACTCCGACCCCTCGTACGTGAACGACAGCAGCGTGTCGAAGAAGGTCGCTAGGGTGTCGAACAGCATCTCCCCCGGGCCGGTCTTCAGCACCAGGAACGCGAAAACGAGCTGCAGCCCAATCCCCGCGCCCACGAGCCGCCAGTTGATGGCCTTGCGGTTGGTGGAGAACAGCACGGCGATGCCGACGAAGACGACAAGGCCGATGAGGCCACGAAGCAGGGCGACGGGAAACGACATGAAGGTGCGTATGGATGTAAGACGAGGGGAGTACGGCGGAGCCCTCCCTCCGAGCCGAGCGTAAGATAACCACCATGGACGCGAACACAAGTCGCCCCGGCCCGAGCGTTCGTCGCCCCCGCAAAACAGCAGGGGCACCCGGCGGACGGCCGAGTGCCCCTGTGGATGCGTCCCGGAATGGAACGTCGTTCGTCTAGCGACCCGAGTCCGAAGTGGACTCCATGGACGACCCCGTGGACGACGATTCCGTGGCGTCCGACGGCGTCCAAACGTTGTTGCCCCGGTTCATGTCCGGCAGGATCTGGTTCGGGTCGAGGGCGATGCGCTGCAGAGGCCCGTCCGTCACGCGCAGGGTGTTGGTGTCTCGCGTGTAGAAGGCCTCGGCGGGGATGCGGCGCTGCTCCGTGGAGCCGTCCTCGTAGGTGAGCTGCACCGTTACCGGCAGCATCAGCTGCTCATTCTGCGAGACCGTCACCATCGTCGTGTCGCCGCGGGCCACCGAGTCGACGGCCTGGTCCAGCGCGTCGGTCTCGTAGAACCAGCTCCGCCAGAACCAGTCCAGGTCCTCACCGCTCACGTCCTCCATGGTGCGGAAGAAGTCGGCGGGCTTCGGGTGCTTGTAGGCCCAGCGGTCGAAGTACTCCTTAAAGGCGGAGTCGAAGCGCTCGGGCCCCAGCACGTGTTCGCGAAGCACCATGAGGCCGTAGCCCGGCTTCAGGTAGGCAAGAAACCCGAGGGCGTCGTCCCGAATGCGGTCGGCGTACGTCATGATCGGCTGGTCCCCAAAGGGGGAGCCCATCTGCTTCGTCACGTACTTCGAGAGGCCGCCCATCACCTTCGCCGGCGGCACCCGGCCCTGGCCGTAGAAATCGAGCGCCGAGTACTGGTTCATGAAGGTGTTGAGGCCCTCGTCCATCCAGACCCAGCGGCGCTCGTCGGACCCGACGACCATCGGAAACCAGGTGTGCCCGAACTCGTGGTCGGTGACCTGGAAGAGGGAGCGCCCGCGCGAGTTGACGTCGCAGAACACGATCTGCGGGTACTCCATGCCCTGCACCCGCCCGGCCACGTTGATCGCGTTGGGGTAGGGGTAAGGCGCCACGAAGTCGGAGTAGAACTCGACGGAGTGCTGGGTGTACGCGGTCGACCGCTCCCAGCCGGGGTTCTGGTCGGTGCCGAGCCCCTCTCTCGGGTACAGCGACTGGGCAAGCACCGTGCGGTCCCCGGCGTTGGCCCGGGCCGCGTCCCAGATAAAGGCGCTGGAGGCCGCCCACGCAAAGTCGCGCACCCGGTCGGCCTCGTACCGCCAGGTCAGGCGGCCCGTCCCGTCGGGGCGGGTCGACGGGGCGCCCACCTCCGTGCTGTCGATGATCATGACCGGCTCGCGGCTCTGGCGCGCCTCGGCCAGCCGCTCGCGCTGCGTCTCCGTGAGCACGTCGTCGGGGTTTTGGAGGCGCCCGGTGCCACCCACGATCATGTTGCGCGGCACGGTGATGTTGACGTTGAAGGTGCCGTACTCCAGGTAGTACTCGCCCTGGCCCAGGTAGGGGAGCGGGTTCCAGCCGTGGACGTCGTCGTAGACGTACATCCGCGGGTACCACTGGGCGAACTGGTAGACGGTGCCGTCCTCCATCTCCATCCAGCCGTGGCGGTCGGCGCCGTCCTTCGGGAGCGTGTACGCGAAGTCGAACGAGAGCTGAAGGCTGTCGCCGGACGCGAGCGGCTCATCGAGCGACACGCGCATCCGGGTGCCGTCGACGAGCGTGTCCGGCGTCGTGGTCTCGCCCCCGCGCCGGAGCCGGAGGTTCGAAAGGTCGTACCCGGCCTCCTCGAAGAAGCCCCCGAAACGGGCATCGGCGGGCACGGCGGCGTTGCCGCGGCTGCCCGTCTTGAAGTAGTTCTGCTCCAGCTGCACCCAGAGCCGCTCCAGGGCCTCCGGGGCGTTGTTGGTGTAGGTGATGGTCTCGGTGCCGGTGACGCGCTTGCGCGCCGTGTCGAGCGCCACGTCGATCTGGTAGTCGGCCGCGTTCTGCCAGTACGCGCGGCCGGGACTGCCGTCGGCGTCGCGGTAGCGGTTCGGGTCGGGGAGGTCGACCGGCTCGAACGCCTCGAGGTTGTGCTCGGGCACCTGGTCGGGGGACTGCTGGGCGAAGGCCCCGCCCCACAGCATGGGGACGAGCGCCGCGACCAGGACGCTGGTAAGCAGGCGAGGACGGAGACGCATGGCGGGAGAGAGGGGGATTGATGAGAAAAAGCGCCGACACCCTCTAACGTAATCCTTCTGTGGGCGAATTAGAAGGACGAAAACGTTAAAGCATGGTTAGGGCCGGGCGCACCGTCCGGCCTGAGCCCCGGGGCCGGCGCCCGAACGCCACCGTGCCCCGGGCGTACAGAAACATGTCGATAGGCCTGCCTTACACTGATCCCTGCCCTGCCGCATGCGCCGCATCCCGATCCGCCGTTCCACGACCCACACCCAGGTTGACCCCGACCCGGAGGCCGAGCAGCGCATTCTCGACGGCCTCAACGACAAGCAGCGCGAGGCCGTCACGACCACCGAGGGGCCGGTCATGATTATCGCCGGGCCGGGGTCCGGCAAGACGCGCGCATTGACCCACCGCATCGCCTATCTGCTGGCCGCCGGCAAGGCCCAGCCGCGCGACATCCTGGCCCTCACCTTTACCAACAAGGCGGCCAACGAGATGCAGGAGCGTGTGGAGGCCCTCGTGGGCGACGACGCCCGGGGGATGTGGGTGGGCACCTTCCACTCCTCGTTCGCCCGGCTGCTGCGGATGGAGGGGGACAAGATCGGCTACTCGAAGGACTTTTCGATCTACGACACCGCCGACTCGAAGCGCCTCATCCGACAGCAGATGAAGGGGCGCAACCTCGACACCGACGTGGTGAAGCCGCGGTCGGTGCAGCGCATGATCTCCAGCGCCAAGAACGAAATGATCGACCCGCAGGAGTACGCGGAGCTGGCGCGCGG
CP030356.1_gap15	720034	722936	2902	CTCAATGGTCTCCCGCTTTTCCTCTGCGAGCCGGTCCACGTACGTTTCAACGGCTTCGTGCAGTTTCCGGGTCTCTCGAAGCGTCTGCGTGACTTTTTCGCCCCGTTCGGTGTTGGCCGTCAATTCGTCGAGCCGACGTCGCTTTTCCTCGATCTTCTTCGAGACGCGAGCGATATTTTCTTCCAGGTTTTCGACCTCTCGCTTGAGTTCTGCCTTGCGGTCGGCAAGCTCATCACGCTGGCGCATCTGTTGTTGTACGTCCACGTCGGGATGCTCCTTGAGCTCCCGTTCCAGGTTGCGGATCTCCGTTTTCATCTCGACAATTTCCTCGTCGAGCACCGCGCGTCGATCCATAAGCTCCTGCGGATCCACCTCCCGATCCCGTAGACTTTCCAGCCGACCCGCGAGCTGGTTGATCTCATTAAAGGTAAACAGATTGTCCGACGATTCCTGCGTCCGATCGGTGAGTTCGGTAAGACGATCAAGCTCCTCTTGGATCGATGAACGGGCATCCTCAGTCAGCGGGCGGTCGCATACGCAGGATTCGTCTTCCAAAAGCGATTCGAGAAACTCCTTCTGCCGTTTGTATTCACTGTGCCGGGACGGTCCACCGTTTTCGTGCTGGGCCTGTCCCTCCTGGACAATCTGCTCAAGGGGATCTTTAAGCATGTGGAGCGGGGCCTCGCTCAGAAACTGGTCGATTCGTTCTACGGTGTTCTCTCGCTGCTCTTCGAGATCGGCCAGTCGGCGCTCTTTTTCGTCTAGCTTCTCCTGTTTTGCCCGTCCGGCCTCCCGGTCCCGCATCTCCTCCTTCAATTGCTGTATTGATCGGCGGGCATTTTCAAGTTTGTCCGCCTTGTCCGCCTTTTGCGTTTCGTAGCTTGCACGCTCTTCTTCTAGCTCGTCGATTTCCTGAACCAGATTTTCACTCTCTGTCTTCAGGAGGCCGATTTCTTTTTGCTCGTCTTCGAGGTCCTCAGAGAGCTTATCAAGATCGTATTCCAGGTTGCGGACTTCGGGAATCCCGAGGACGCGCTCGATGGCATCGCGGACTCCTTCACGGTGTTGCTTCTGAGCGTACCGTTGGATCTCCGCCCCGTCAAAGAAGACGAACTGCCGGGATTCCGCCGGAATCATCAAATCGATCTTGTCCTGCGCCTGATTTTCCTCCTTTCCCGTTTCGACGTTGATGAGCGTAAGCGAGGACTCGGCGGCCGTTGTGGTCCCGTGCATGTGGGGGTAGAATTCCACACGGCGAATCACTTTGAACTGCTTCCCCCGGTAGGTAAATGTCATCGCCACCTCCATATCCCCCTCCTCCGCCTCACTGGCTTTGTCGTGCCAGTGCTCAAAGTATTCCTCGTTTCCGAGCGGATTGTGAAAGAGAAACTCGAGTGCACGGAGCAGTGACGTCTTTCCGTACCCGTTCTTTCCGTGGATTGTGACGAGATTCTCGTCCTGTCCCACGTCTGAGAAGCTGATCTCCTCCTCCCGGTACGCCATCCAGTCGTTGAGATGGAGCGTCTCGAAGTGAAAGCTCATTCTGTGGAGTCGCTGAGTTGTTGTTCGATCATGTTTTGGAGATCCGACTTCGCGCCGGGACGTCGTTCGAGGTGCACGCGTCCCTTTTCGTAGTCAATCATCTCATGGACAAGGTCGGGATCCACGTCGTGCTCCTCCGCAATCTCAGTCAACAGGCGGTCGTACTCACTCGCCTGTCTCTTGAATATCTCTTTCTGCATGTGGGGTAGAAGATTGGTCCGTATCGTCCGCGAGGAGTTCACTCAAGTACACGCCGTAGCGCTCGGCGTGGTCTTGCAGTTGCAGCAAGGCACCGTGCTGGTTGTCGGCCAGTTCGGCCATGGTTTGGGCGCGGGCCAGCTCGCCTTCGAGCATCCATTTGCCGTCGCGCCCCACCTCGGGCGGCGGCAGCGCGATGGCATCGACCAGCGTCGCCGTGTCTTTGCCGGGGGCCTGGCGGAGAATGCGACCACGGCGCTGTATAAACTGCCGTTCATTCCGCGAACTCGCAAGGAGGATGGCCGTGTCCGCCGCAGGCACGTCCACACCTTCGTCCAGGCACTTGATGGCGAGGATGGCGGGCACGTCGCCGGCGGCAAGGGCATCGAGCGCCGACTGTCGCTTTTCTTTCGGCGTCTCGCCCGTGTAGCGAAGATGCACCACGCCGAGGTCCCGGAGAATCTCGTGGACCGACTGGAGCTGCTCGCGGTCGGCACAGTAGATGAGACCGCGTTCCAAAGGATGGTCGTCGAGCATCTCCCGGACTAGGTCGACTTTCGCCGTCGCCTTCTTTAGGATGTTGGCGCGTCTGAAGAGGAGCATTTCAACGTCTTGTGAGTCGCCGTCGAGCCGATTGTTCGTGAACAGCGTGGCGTCTTCGCCGGCGTCGTTTCGGGCGGCGAGGATACGCTGGGTGAGGGACAGATACTCCTCATACTCGTCCGTCGTCAGTGGAGCGGGATACACGTGATAGGTATACGGACTCAGCTGCTCGTCGGCCAGGGCTTCTTCCATGGAGTAGTGGTAGACCTCTTCCTCGAAGAAGTCCACAATGGCGTCGGAGCCCTCTTTGTCGTACTGGCGCTTCGGGGTGGCCGAGAGGCCGAGTCGCAGGGAGTAAGAGGGATCGAGGATGCGGCGATAAGTCGGTGCGCCCACGTTGTGCACCTCATCAACGATGAGCATGGCACGCTCCGGAATGCCGGCGTCCGCCAGAACGGACTGGAAGCGGTCGCCACTCATGGACGCCATCGTGCCGATGAGGACGAGCGGCTTGGGCCATCCCCGCCGGTGCCCGGCGCGGAGCTTTCGAAAGACCCGGTCCTGCCATTCAGCAGAGCTGCCAAATATGAGAACGGGATCCGAAAAATCGGTCACGGAC
CP030356.1_gap16	731507	732548	1041	CTCCTGCTCCGCGACGAAGGCACGGGCGAGCTCGTCGTCGACCGCTTCTACCCCGAGAGGGGCGACGAAAACGAGAAATGCAGCGACACGCCCGATCTCAGCGACTGGATTGGGTTTTTGAAGCGCCTGAAGAACCCGGAAGAAACGATTCCCATCGCCCTGGTGGGAAAGTACGTAGAGCACCAGGACGCCTACAAGTCCATCACCGAGAGCTTCATCCTCGCCGGGGTGCCCGACGAGGTCCAGGTGGAGGTGAAGTACGTGCCCTCGGAGGACCTGTCGCCGGACACCGTCGAATCCCAGCTCGGAGACGTGGCGGGGGTGCTCGTGGCGCCCGGCTTTGGGGACCGGGGCGTGGAGGGCAAGATTTTGGCGGCCCAGTACGCCCGGGAGCACGACGTGCCCTTCTTCGGCATCTGCCTGGGGCTGCAGTGCGCCATCGTCGAGTTTGCGCGGCACGTGTGCGGGTGGGACGGGGCCCACTCCACCGAGTTCGACGAGGACACCGCCTACCCCGTCATCGACCTCATGGAGGAGCAGAAGGAGATCTCCGACAAGGGGGGGACGATGCGCCTCGGGCAGTACGACTGCCGCATTCAGGACGGCTCGCGCGCCCACGAGATCTACGAGGCCGACATGGTCCAGGAGCGGCACCGGCACCGGTACGAGGTGAACAACGTCCTCCGCTACAAGCTACTGGAGGAGGGCATGCGCTTCAGCGGCGTGAATCCCGATACGGACCTGGTCGAGATCATGGAGCTGCCCGACAAGCGCTGGTTCCTGGGCGTGCAGTTCCACCCGGAATACCGGACCACGGTGGGGGATCCGCACCCGCTGTTTCGGTCGTTTGTGCGGGCCTGTACGGCCTACGCCCACGAGGAGGACCTCGTCACCTCGCCCCAGCCGCCGGAGCGAAAGGCGGTCCCCCTCGCGTCGGTCGACATGTAGATCGCGTCGGGACGCCGGCGCGCTGTACGTCGGACCGTTGTGTGGGTTCGTTCTGGCGAGGGCGGGGGAACGTGGCCCTTCGCCTCGTGCGTG
CP030356.1_gap17	746300	748117	1817	GACATTCGGACGCCGTGCCCTCCGCGTCGCGGGGAGCGGGCTCCTCGTGGCGGGCGTCGTGGCGCTGGGCCTCCTGGGCTGGCAGTGGCGGGCGAACGTGACGGTGGACCGGGTGGCCGTGACCGGGGCGCAGCACGCCCCGCCCGACACGCTGCGCCGCCTGGCCCGGGTGGGCCGCGGCACGGCGATGCGGGCCGTGGCGCCGATGCTCGTGGCCGATCGGGTGGCCCGCCACCCGTGGGTGAAAGAGGCGACCGCCGAGACGCAGTGGATGCAGGGCGCCCTAACGATTGCGGTCACCGAGCGCACTCCCGCGGCCCTCGCGGTGGACGCGCAGGGCCGTCCGGCCTACTACCTCGACCGGAGCGGCCACGCGATGCCCCTGCCCGACAGTGCCGGGTACGACGTGCCGCTCGTGCGGGGCCTCGAGGCGGAGGCCCCCTGGACGCGGCCCGACACCGCACAGACCCCGTCGTCGCTGCGTCGGGTGCTTCGGGCCCTCCCCGAGGCGGGGGTGGCCGACCTCGTGGCCGAGATTGAGATGCAGCCCGACGATGCGATCCAACTTACGACGACCCCGATCGGCCCGCACGACGCCCTGCCGGTGCACCTCGGGAGCGGCAACGTGTCCCGAAAACTGCGCACGCTCCGCGCCTTTGCGCGCCAGGTGCTCGCATCGTCGCCGGACGGGCCGATCGAACGCATCGACCTCCGCTTCGATGGACAAGTGGTCACCCGAACGCGCCCGCTCGACGGATAATGCATGCGATCCGGTCTTCATAGTGCGCTGTGATCTGCTCAGTGAGGAGTGACGTGTGAGCCGCGGGACGGCACGCGCCATCGCGCATCACGAATCACGACTCAGCCTGACATTGATCCCCCAAACTGCCATGAATGAAAACATCGTCGTAGGAGTCGACATCGGCACGACCAAGGTCTGTGCCGTCGTCGCCGGCAAGGATGACCTCGACCGCGTGAACATTCTTGGGGTGGGCATGGCCCCCTCCGACGGCCTCAACCGCGGGGTGGTGGTCAACATCGACCGCACCGTGGCGGCCGTTCGGGAGGCGGTGGAGGAGGCCGAGCGGGCCGCCGGCGTGGAGGTGCAGAACGTAGTCGTGGGCATCGCGGGCGATCATGTGCAAAGCTTCCAGACGCGCGGGGTGGTGACGATCAACGCCAACGAGATTACGCAGAACGACGTGCAGCGCCTCCTCGAGGACACGACGCACGTGGCCCTGCCCGCCGACCGCGAGATCCTGCACGTCATCCCGCAGGAGTTCATCGTGGACGGGCAGGACGGCGTGGCCGACCCCGTGGGCATGAGTGGGGTGCGCCTGGAGGCGGATGTGCACATCATCACCGGGCTCGTCTCTGCCGCCAAGAACATCTACCGCTGCATCGAGAAGGCCGGCTTTCGGGTGTCCGACCTGGTGCTGGAGCCGCTCGCCTCCTCGTTCAGCGTGCTGCACGAGGACGAGAAGGAGGTGGGGGTGGCCCTCATCGACATCGGCGGCGGCACGACCGACATTGCCGTCTTCGAGGACCACACGATCCGCCATACGGCCGTCATCGCGGTGGCCGGCGACAAGGTGACCGACGACATCCGGAAGGGCCTCGGCGTGATGCGGGACCAGGCCGAGCAGCTGAAGCGCCAGTTCGGCGTGGCCCTCGCCGGGGAGGCGGACTCGGACGAGAAAATCGAGATTCCGGGCATCGGCGGGCGGGACGAGAAGACGATTGGGCGCGACGCCCTCGCCCAGATCATTCAGCCGCGCCTGGAAGAGATTCTGGAGATCGCGGCGATGGAAATCAAG
CP030356.1_gap18	874154	875901	1747	GGGGCCGGCCACACAGGCACGAACGAGCACGACCCTCTCGCTCACTGTGTCGCTGTTTGCCGTGCTGAGCTTCCTCGCCACCATTGCACTCATCATCCTCGCCGGGTAGTCCGGCGAGGGATTCTCGATTCGTCCCCACAACGCCCGCTTGTCCCATGATTCAGCGACGCACCGTCGGCATCGTCGGCACCGGCAACGTCGGCACCGCGGCCGCCTACGCCATGTTCAACCAGAGCCTCGCCAGTGAAATCCTGCTTCTCGACCAGGATACCCGCCGGGCCGAGGGGGAGGCCATGGACCTGATGCACGGCCAGCAACTGGTGGGGGGCATCACGTGCCGCGCGGTCGAGTACGCGGCCCTCAGCAACGCCCAAATCATCGTCCTCTCGGCGGGGGCAAGTCAGCAGTCGCCGGACGAGACGCGGCTCGGGCTGCTGCAACGCAACGCGGAAATCTTCCGCGAAATTATCATCCAACTCGACAAGCACGCGTCGAACGCCATCCTCGTGGTGGCGACGAACCCCGTCGATGTGCTCACCTACATCTGCCAGGAGCTGAGCAGCCGGCCGAACCGGCGCATCCTGGGCACCGGTACGCTGCTGGACACGGCCCGCTTCCGGGCGCTGCTCGGGCGGCACTACGGCGTGGACCCTCGCTCGGTGCATGCGTACATCCTCGGGGAGCACGGCGACTCCGAGGTGCCCATCTGGAGCAACGCCACGATCGGGGGTCAGAAGATCCGCGGGGAGACCGTGCTGGGGAAGGAGTGGGAGGAAGAGGCGATGCAGTCGATTTTTGAGCAGGCGCGCGATGCGGCCTACGAAATCATCGACCGGAAGGGCCACACGGACACGGCCATCGGCCTCGTCATTGCCCGCATCGTCCGTGCCGTGCTCGAGGATCAGCAGAACGTGCTGCCCGTCAGCACGCGGCCCGACGGCGCGTACGGCATCGACGACGTGTGCCTGAGCGTCCCGTGCGTCGTGGGGCTGGAGGGCATGGAGAAACGCGTGGATCCGGGGCTCAGCGACGAGGAGCGAGAGGCCCTCCGCGATTCCGCACGGGCCCTTCGCGACAGCCGCGCCGACTTAACGGTGGGGACGTAGGGGCATCTGGCGGGCGCGTCGGGGCGAGGAGCGACGACGCCCGGAATCTACGACGCCCGGAATCTACGACGTCGGAAGGTCCGGCTTGGTGACGCCGGTCGCCTCCGCGGCGTCTTCGTCGGCGGCCTCGTCGCCTGTCGGGGCGCCGTCTCCGGTGGCGCCCGCGGCGGGGTCCTCGTCGCCCGACTCGTCCTCCTCGTCCCAGTTCTCGATGGCCTCCAGGACGGTATCCACGATTTCGTCCTCCGGGACCGTGTCCACCACCTCGCCGTGCTTGAAGAAGTGCGCGCGGCCTCGTCCCAGAGAGACGCCGAGGTCGGCCCCTTCGGCCTCGCCGGGGCCGTTGACGGCGCAGCCCATGAGGGCCACGTCTAGGTTCTTGTCGAAGCTCTTCTCGGCCACGGCCTCTTCCACCTCTTCCACGACCGAGAAGAGATCGCCCACGAGCCGCCCGCAGGTGGGGCACGCGATGATGTTGACGCCGGGCCGCCCGATCCCCAGCGACTTGAGGATGCGGTGGCCCACCTTTACCTCCTCCACCGGGTCGGCGGCGAGGGAGACGCGAATCGTGTCGCCAATGCCGTCGGCCAGCAGCGAGCCGATGCCGATGGAGCTCTTGACCGTGCCGGTGTCGAGACTGC
CP030356.1_gap19	878952	881199	2247	GGTGACGTACCTGCTCGGCAACCACGATCCGTGGCACCAGGACCACTTCTCGGAGGAGTTGGGGGTCACGCTCATTCCCGACTCGATCGAGGCGACCCACTTCGGGCGACGCCTCCACCTCGCGCATGGCGACGGCCTGGCGGCGACCGACCCGCCGCGCTCCTGGGTGCGGGCCCTGCTCCGCCACCCGGTGCCGGTGCGGCTCTACCGGTCGCTGCTGCCCGCGGACATCGGGCTTGGCCTTGCGCGCTGGGTGAGCCGGCGGCTCCACGACCCGGACGAGACGGACGCGGCCACGCCGGCCCGCCTCCGAACGCAGGCCCACAGGCTCCTCCGGCACGAGGCGCTGGACGGGGTCGTGCTGGGGCACGGCCACGAACCGGCCCTGGACCGCGGCCCGGACGGGGTGTATCTCAACACCGGCAACTGGTACGAACGACGGACCTTTGCCCGTTTGGACGAGGCGGGGCTGCGCCTCCAGCACTGGAACGGCACGCGCGCTCAGGGCATTGAATCCGTTCCGCCGTAACGGGGCGCACCGGCCCCGTTCGCTTGTTCTTTTGTACCGGCCCGCTGGTCCATGTCTGAGTGGTCCTATTCCGACGAAGAGCTCGATCAGTACTTTCGTGACCGGTCCGCTCGGGAGGGCAATCGACCCGGGGAGGGCTCGTCGGGGGACGAAGAAGACGGACACGGGCGTCCCACCACCGGCTTCCGGGGGGTCTTTCACCGCCGGATCGCGGATCCGTGGGCGGCCCAGGCCGCCGCCGTGCTCTCCGTCCTCACGGGGCTATTGGCAATTGGGGTGCTGGCAGGCGGTACGTACGTCTGGACCCTGACCGACGACATCCCGTCGACCGAGCGCCTGGAAGACCCCACCATGCAGCTGGCCACCATCGCCTACACGGCCGACGGCAAAGAGCTGGCCCGGTACGCCCGCCAGAACCGCTCCTGGGCCCCCTACGACAGCATCTCGTCCCACGTCACCGACGCGCTCATCGCGACGGAGGACCAGCGGTTTTACCGGCACTGGGGCGTGGACCCGCAGGCCATCATGGCCGCGGTGGCCGACATCCTGACCGGCGACTTTCGGGGGGCGTCGACCATCACACAGCAGCTCGCGCGCAACCTGTACAACGAAGCGGTGGGGCGGGCCGTCACCATTCCGCGCAAGGTGCGGGAAATGGTGACGGCCGTGGAGCTAGAGCGGCGCTACACGAAGCGGGAGATCCTGGAGATGTACCTCAACACCGTGAGCTTCGGGGGAAACGTGTACGGCATCGAATCCGCAGCCCGGACGTACTTTGGCCAGCGCGCCGCGCAGCTCAATCCCCTCCAGGCCGCCACCCTGGTGGGCATGCTGCGGGCGACCACCTACTACAACCCGGTGCGAAACCCGCAAAACGCGAAGCAACGGCGCAACGTGGTCCTGCGGCTGATGCGGGATCAGGGGGCCATCAGCGCCGCCTACTACCGCGACCACGTTGACGACCCGGTACGGGCCGACTACCACTCCTCTCGCCTCTCTGCGAGCCTCGCCCCGTACTTTGCCGAGCACGTGCGCACCACCCTCTCGGACTGGGCCACGGACGAGAAATACAGCGACCATCCCCTCCACGGCCGCGACATCTACGGCGACGGGCTGCGGGTGTACACGACCCTCGACTCCAAGCTGCAAAAGCTGGCCCGAGCGTCGGTGGAGCACAACATGACCGCGCTCCAGAAGGTGGTGGGCTATCAGTGGAGCGAGCCCTCGCCCGGCCTCTACAGCAGCTCGCTGGAGGACTACCGGTCGCTGACGCCCGGGGAGGACTACGAGCCGTTCGCCCACTTCTGGGAGTCCAACCCCGAGGTCCTGAACGACTTCATCCGCCAGACGACCCGCTACGACACGCTTCGGGCCCGCGGGATGGGGCCGAAGGCGGCGGTGGACCGGCTCCGCGACGCCCCGTCGTTTCTCGACTCGCTGAAGGCGGCGAAGAGCCGCCTGGGGGCGGGGCTCGTCTCCCTCGATCCCCGGAACGGGCACGTAAAGGTGTGGGTGGGGGGGCGCGACTTCGAAACCGAGAAGTACGATAAGGTCGGGACCGCCCGGCGCCAGCCGGGGTCGACGTTCAAGCCGTTCACCTACACCGCCGCCATCGACAACGGCTACTCCCCCTACGACACGCTCCTCGACAGCACGTTTACCTGGAAAGACGCGGGGGCGGACACGACGTGGTCCCCCCAGAACTACGACGGAGAGTC
CP030356.1_gap20	972318	973580	1262	CCTGGAGGCGGCGCCGGATGGCGGCCCATCGGTCGTCGGTCACGTATGGGTCCTCCGTCCCGGCCACGAGGGTCAGGTCCAGAGCGCGTAGGGAGGCGGCGTGCTCGGCGAGGTCGAGGTCGTGGGCCGGGGCCCCGCCCCACAACACCAGCCGGTCGACGGCCGTGTCGCCCCACAGTGCCCACCGGCTGGCGGTGGCGGCCCCCTGCGAGAAGCCCAGCACGTGTAGGGAGGGGGGCGTGTCGTCGGCAAGGTGACGGACCGTCGCGTCGAGGGCGTCGACGTAGTCGGACACCTCAGCCTCGCGTGCCTCACGGGTCATCCAGGAGGCGCCCACCTGCTCGTGCTGGGCCATCCCGTCCACGTAAAACCGGGACAATCCCTCCGGCGCAACGACGCAGCGGTCGGGGGCCACGAGGGGGGCGAACGCCGACACGAAGTCGGCGGCGAGCTGGCCGTAGCCGTGTAGCACCACCCACCAGGACCCGGCCGTGGCGGGCGTCCCGAGGGTGGCCACGCGGGCCGTGCGGGCGACCTGGAGCGTGTGGAGGCGGGGCTCGGTGGACATGGACGGCTTGGCTTCGGTAAACGATGCGTTGAGGGCCGAAGCGGGCTCAGGCCATCCGGCCGTCGGCGGCCGTCATTCTTTCGATTCGGTCCAGCACCGCCTCGGCGGACGACACGACCTCGACCAGGTCGGTCACGGCGGCCCGCGCAAACCGGCCGTCTCGCAGCTCGTCGAAGAACGAGAGGAGCGTGTCGTAGAAGCCGTCCGCATTCAGAATGGCGATGGGACGGTCGTGGTAGCCGAGCTGCCTCAGGGTGAGCACCTCCATGAACTCCTCCAGGGTGCCGTAGCCGCCGGGCAACGCGGCGAACGCATCCGCGTTCTCGTACATGATCCGCTTGCGCTCGCGCATCGTCTCGGTTACGATCAGCTCGTCGGCGTCGTAGGCGATGCCCTCCCGGTCCTGCAGTTTCGACGGGATGACGCCCGTTACCGTGCCCCCGGCCTCGTGGGTTGCCTCGGCCAGCACGCCCATCAGGCCCACCGCGCCGCCGCCGTAGATCAGCTCGTGGCCCCGGCGTCCCATCTCCCGCCCGAGCGCCTCGGCCACCGGCGGGTAGGTCTCGGCGATGGCGTTGCTCGAGGAGCAATAGACGCAGATTGCGGACATAATCGGCAGGAGGGGAGGATGAGGGAAGAAAGACGTGTGCTCGGGCCGGGGCGGTGCGGCAGGCCCGTGGCGGGCCTGGAGCAA
CP030356.1_gap21	978696	982317	3621	TCGCGTTCGCCCGCCCTGTTCACTGGACGACCTGCGTGTGTCCCCATGCCGTCGATGGATCGCGGTACATTTAGCTCTTCCTCCCGGGCCGAACTCATCGAGATCGGCCGCAAGCTCTACGAAGAAGCCCTGGTGCGCCGGGAGGACGAGCTGATCACCGATCCGCGGGGCCAGCCGATCGGGTGGCTCCTGGACACACGCGTGCCCACACTCGACGGGGAACTGTTCACGGAAGTCGGGTCGGTGATTGCCGAGCGGCTCCGAGAGCGGGGCGCCCGCCAGGTGGTAGGGTACGGATTCGGGGCCCATCCCCTCGTCTGCAGCGTGTTGGCCGTGAGTGAGGGCGACGAGTTTAAGGGGGGGCTCATCCGAGAAGAGCGGAAGGAGCACGGGCGGCGCCGGCTCGTGGAGGGGCCCATCGACGCCGACCAGCCCGTCGTGATGGTGGACGACATCATCAACAGCGGCCGCAGTGCCTCCGAGGCCCTTCGCCTCGTGCGCAGTGCCGGGTTTGCGGTTGACGGGCTCCTGACGCTCTTCAACTTCACCTGGAGCAACGGCCAGGACCGCATCGAGGCGGAGGGCCTGTGGGTGGACTCCCTCCTCGACCTCAACCTGCAGGAGGGGACGGGCAGCGGGTCCGACAGCGCGTAGGGACGAAATCGAAACCGCTCAGGACGAACGCTTTCGCCGGATCGCAGTCACGGTCGTATGCCCGAGGTCCCATCTTCACAGACGGACACGCCCACCGGGGTGCAGGGAGACGGCGCCCCGGGCAACGAGGCGCCCCCGGACGAGAAGGGGGTCATGTCGTTTCTGGACCACCTTGAGGAGCTGCGTTGGACCCTCATCAAAGCCGGGGCCGGCGTGCTCGTCGCCATCGCGGTGTGCTCCTTCTTCAGCGAATGGATTGTCGACCAGGTCCTGATCGGGCCCACGCGGCCGGATTTCTTCATGTACGACGTGCTGGCCCTGGAGCCGGAGAGCCTGGAGCTGCTCAACCGGACGATCACCGGCCAGTTCTTCGCGGACATCGGAACCATCATCGTTGTGGGACTCATCGCCGGGTCGCCGGTCGTGGTCTTCTACCTCTGGCGGTTTATTGAGCCGGCCCTCTATCCCAGCGAGAAGAAGGGCATGCGCTTCTCGGCGGTCTCGGCCACCTTCTTCTTCCTGCTCGGCGCGGCCTTCGGGTACCTCATCCTGACCCCACTGGCCCTTCAGTTTTTCGCCCAGTACACCCTCTCCGAGCAGATCGTCAACCAGTTCGACATCATGACCTACTTCAGCATGGTGACGTTCTGGACGATGGGCACGGGGCTGCTCTTCGAGCTGCCGGTGGTCGTGTACTTCCTGGCGAAGGTGGGCATCCTGACCCCGGAGGCGATGCGGGCGTACCGGAAGTATGCGCTCATCGCGGTGCTCGGCGTGGCGGCGTTCCTGACACCGCCGGATCCGATCTCGCAGATCATCGTCGCCGTGCCCCTGCTGGGCCTGTACGAGCTGTCGATCTACGTGGCCAAATGGGTTGCGCGGCGCCGGGCCCAGGCGCTCGGCATGACGGACGAGTAGGCGCTGTCGCGTTCCCCCGCATCAGTCCCCACCGGGCCCATGCGTCGATCCCGTGCAAACGTGTCGCTACTGGGCATGGCCCTCGCCGTGTCGATGGGCATGGGGGTGCTCGTCGGATTTTGGGCGCCGGATGACGACCTGTTCGAGCTCCGCAAGGGCCTTCGGATCTTCGGGGCCGTCTACGAGGAGGTGGTGACTGGGTACGTGGAGCCGGTGGACCCGGGGCACCTCGTGCGCGTGGGGGTCGACGCCATGCTGGAGGAGCTGGACCCCTACACCACGTACGTCGACGAGTCGGAGAATGCGCGGATCGACATCATCACGGAAGGGCAGTACGGGGGCGTCGGGCTCGACATCGGGCGCCGAAACGGCGCCCTGACGGTGGTGGCGCCCGTTGCCGGGGGCGACGCGTACCAGCAAGGGGTGCGCACGGGGGACGTGATCACCGAGGTGGCGGACCAGCCTGCGGCCTCGCTGTCGGTGGAGGACGTGGAGGCCCTGCTCCGCGGGCAGCCCGGCACTACCGTCCCCGTGACGGTGGAGCGGGCGGGACGGCCCTCGCCCTTGACGTTGACCCTGACCCGCGAGCGCGTGGAGCTCCCGGACGTGACGTATCAGGGGCGCGTGGGCGCGGGGCGGGAGCTCGGGTACGTGAAGCTGGAGCGCTTTACCCGCGACGCACCGGGGGCGGTGGAGGCGGCGCTCGACGACCTTCGGGACACGGGGCCCCTTCAGGGGATCGTGCTCGACCTGCGGGACAACCCGGGGGGGCTCCTGCGGGCGGCCGTCCGGATCACGGCGCTCTTCGTGCCGCAGGGCACCGAAGTGGTCTCTACGCGGGGGCGCGACGACGATGAGACCGAGTCGTACACGACCGACCGTGTGTCCCTGCTGCCCGAGACGCCGGTCGTGGTCCTCGTGAACGGCCAGAGCGCCTCGGCGAGTGAGATTGTGGCGGGCGCCCTGCAGGACCACGACCGGGGCGTGGTGATGGGCACGACCACCTACGGAAAGGGCCTCGTGCAGAACGTCCGGTCCCTGCCCCACAACACCGCCCTCAAGCTCACGACGGCCCAGTACTACACCCCGAGTGGCCGCACCATTCAGCGCCTCGATGCGAACCCGACGGACACCACGGCCCCCCCGTCCCGGGTGCACGAGACGACGGGAGGCCGAACCGTGCGCGACGGACACGGCATCCGCCCGGACGTGCGGGTGGCGTCCCCGTCCCCGAGTGCACTGGAGCAGGCCCTGACGCGGCGGGGCGCGTTCTTCCGCTACGCCAACCACTACGCCGCCACCCACGACACACTCGCCGCTGACTTTTCGGTCGACGAGTCCGACCTGGGGGCCTTCCGGACGTGGCTTGACCGCGAGGACGTGGCGTATTCCCTCCGGGCGGAACGGACCCTCGACTCCCTCCGCGCACAGGCGGAGGCAAACAACTACGAGGGCCTCCGGGACGAGACGGCGGCGCTGGACGCGGCGTTGGACGAGGCGAAGGCAGCGGCGTTCGACCGACACGCCCCGGCCCTGATGCGCCACCTCAGGCGCGAAATCCTGGCCCGGTACGTCAGCGCGAGTCGCCGCATCGAGGCCCTGCTTCCGGCGGACGAGCAGGTGACGGCGGCGACGGATCTCCTCCAGACTCCGGACCGCTACGAGCGGCTCTTAACCCCGGAGGGGAGGCGCTGACGGACGAACATGAAGGTGAACGGAAAAGAGGACGACCGGCACGCACGGGCAACCATCGGTGACCATCTTTCAGGCCGTACTGCTGGGGGGCGTGGTGCTCGTCCCGGCCTGCCATTGCCGGCTGGGGCCTTCGATGCACCGGTCGGTGGGCACGTCCAGCGCGACCCTCGTCCTGATCTCGGGACGCGGTGCGATGGCGTACGTCGTCCTCGGGAGGGAAGAGGCCGGGCGGTTGGTGGGGGCGTCTAGAGATCGAAGCGCGCCTGGAGGGGGCAACCACGACGGCCTCCTGACCGTCCCGTTTGGAAAATTCCTCCGTGCCACGGATGGGAGGGCCGGATCCTGAATTTGTCA
CP030356.1_gap22	991561	994307	2746	CGCGATCTGGGCCTGCGGGTTTTTGCCGAAGACGTCCTCGCGGACCGAGCTGATCATCCCGGCCACCTCCTCGTCGCCGCCCCGCTTCGACTCGACCGTGTTGGCGAAGTCGAGGGCCTTTTGCAGGTCGTTGTTCTCGAGGTGCGACTGCAGCACCTGCTGAATGTAGTAGGGGTCCAGCTCCTTCGGGGCCATCTCAAAGGCCCGTCGGTAGTGGGCCGTCGGGGTCTCAAGCCCCTCCACACCGTCCGGGAGCGAGCCCTGATGCTTTTCGAGGAACCGGCCTTTGCGGCGCTCCCATTCGTACGGCGTGTACTCCAGGCCGTGCTTCTCAAGGTTTTCCGAGGCGGACGCCAGGTAGGTCGCCGCGGTGTCCAGGTATGCCTTCCGGACGTCCTCCTTCGTGGCCTGCTCGGCGAGCCCCTCGTAGAGACTGATCACGCGGCGGTAGTTGTCGTCGTCCCCGTCGGGGGTGCCGGGGGCATTTTCGAGTATCCAGAGCAGATCGCTCCGCGCACTTTCGAAGTTATCGTTCTTGTAATTCTCGTAGTAGAGGCTGTAGTGCATCAGCTTCTCCCGCTTGCTCGGCTCGCTGTCCTGAGCGGAGGCCGGCGGAACCGCCACGAGGAAGGCGAGCCCTGCGCAAAGGGCACCGACAACGAGAGATTGAAACCGGAGGAGGGGGGCAGATTGAGGCATATTGGGGGCAGTTCTGTCCGATATTTTGAACAGGCTAGGGCCTTAGACTGGACGCTCATCGTTGAGTTTCAGTCAAGAGGGCCCGTGGCGGGACCTGTTCGGCGAAGGGATAACCCGCGGATCCCTGAGAACGCTACCGGAGCTTGCGCCGCTGGAACCACCGTTCGCCGAAGTTCACGTGAAGGGAGACCCCGAAGAACCGGTCGCGGACGAGGGAGTTGGTGGTCGTCCCTCGCGTTCCGGCGGTTGTATTCAGGTCAATTCGCGTGCCAGAGAGAGAGGTGGGGAGGCTGATGCCGGCGGTGAGGGCAAATTCGTAGAGGGTCGTCTCCTGGTCCGGGCGCACGTACATCCGCTCTGCGTATCCCCCGAAGCGGTAGGCCGCCTGGGCAAAGTACCCGGCCAGCTGATCGTCGCCGGCGGGCACCACCTCGGCCCCGGTGGAGAGGCGCCATCGATCCGCGAGGGTGCCCGGGCCGCCGGCCGGGAAGCGGGACGGGACGGTTTCGGAGGCGCCGGTGGAGAAGTCGCTCGAAAAGGTGCTCCAGGGTGCGAAGGCCCCGTCGAGGACAACCGTCCAGCGGGCATTGGGCTGGTAGGACAGCCCCAGGCGGCCCTTCCAGGGCAGCGTGACGTCCCCCCGCTCGGTGGACAGGGTGTCGCGGGCAAGGTCCTCGTCGAGGGTTCGGTACTGTTCGCCCGACAAGTTTGCGGGAAGGGTCACGGAGGCCCCGATGGAAAAGGCATCGTCCTCGGCGAATACATCGGCGAGGGCGAGGTGGCCGCCGAGCGTGCTGGTCAGTCCGGAGAGCTGCACGCCATCGGAGACGATGGTGTTGCGGAGCTGGGGGGCTGCCCACGTCGTGCGCCGCCGACGCTCGAGGGTGCCGAACAGGAGGTCGGCGGTGGCCCCGACGCTCAGCATGTCGTTGACCCGGTATCCCAGCCCGCCCCGCAACCGATGAAGGCCGCCGGATCCGGAGAAGGTGGTCTCGTATCTCGCCTCTGCGTCCTGACGAGGGCCAACTGACTCCTGTCCCGTGCGGGTGGCGCTGTAGTTCGATCGGGAATATGGCTGAAAGGAGATGCCGACGCCCAGAGAGCGCTCGTAGAGCGGGAAGTTGAACTGGAGGGCCTGCACGTTGCCGGAACTGAGGCGCCCGGAGTTGCCCTGGCCGTCCTCCACGCTGGTGGAGCGGTAGGCGGCGCTTCCGGACAGGCGGGTGAACACCTGATCGCTCCAGAGGGCCGGATTGGCGTCGGGGTTGTAGTTGAGGGACCGAAGCGCGTAGCCGCCGCCCCCCATCGCGTCGCTCTGAGACGAGGAGAACTCAAGCAGACTCCCCATCCCGAACCGGGAGTAGATCGTGCCCTCGCCGTTGGACTGGGCCTGTGCGGGGGAGGGGGCGGCCAAGAGAATGACGGCGGCGCAAGTCCCCAGGAAGAGCAAGCGCGAAAAGCCTGGCATTCGCACGAGACCGTTGCGCAGTGTGCAGAGAAGGTGCCGAACGGCAATCATCGTCTAGAGCGGCGTTACGGTCAGAGTGGCGCGGGGCGGACCCGGCTCGGTCCCGTCGACCGGGACGAGAACGGGCAGTGTGGTGGGCAGGCCGGGCCGAACGGTGGCGGCTTCGTTGACGGCTGTGTTCTCCCGGTCGGCGATGTGGACCCGAAATGTCGTGAAGACCGGAGACTGGTCGTCGCGGACGCGCTGGAACGACTGCCGAAAGGTGGGGCGTGCTACATCGTCCGGAACGAGGGCCGACGCGGGGGCTGCCGACGGAACGAGCGGGAGGACGCAGGCCTCGTTCGCATCGGAAAGCGTCACGGACCCCACCACGGGGCAGGCGGGAGCCCCCGAAGATCGAGTGGCGATGATGCGGTAGCCCTGCGGCTGCGGCCGCTCAAAGCCGGACGGGGTCTCAAGCGCGCTCGTGTCGTTGGGAACGAAAATATTGGCCTGGTTCAGCGGGGCGCTTTCCAGGGTGTCGAGGGGGCTGTCGCGAAAGGCCCATTCCATGGCCAATCCCTTGCCGACGCCGCCCTG
CP030356.1_gap23	996782	1000973	4191	ATCTATGCTGGTCTGTCCAGTTTTCAGGACAAAGTGCATGCCAGACAGAAGTCCATCGACCCGTGGACCGAGAACGCGTCCAGTTGAGGGGCGTGAAGAAAGTGAAGCCCGCACAATGCATGTGCGACTGGGGAGCCCGAGTGCAGGGGAGGTAGAACGGTCGGGTGACGGGGAAACAGTGGGGGGCCCCGACGGGCGTACGGGAAAAGAGGCCTCGTTCGTCGATGCGCACAGCGGTATGGCGGTCCGGGCGACCGGCACGACGTCTCCGGATTGGCCGGCAATTTCTTTGGGGTTGGTCGGAGAAGGCTGTATTTTCCGTATTACGAATGACTCCTCGCGACGATCCGTTTTGCCGCCGCATGCCGACCCTTACGGCCGAGCACGTCGGGCACTACTTTGGACGACTGTTGCTCTTCCGAGAGCTGTCGGTCACCCTGCACGCGGGGGAGACGCTGGCAGTGACGGGGGCCAACGGGGCCGGCAAGTCGACCCTTCTCCGGATCCTGGCCGGCCTGCTCACGCCCCGCACCGGTCGCGTGGTGCTTACCGTAAGCGGGGCCCCCGTGCCGGACGAGGAGCATCCGCTCCGGGCCGGGCTCGTGGCCCCGGCCGTCGGCGTCTACGAAGAGCTTACGGCGCGAGAGACCCTTCGCTTTCTGGCCCGTGCACGGAGGGTGGCGGACCCCGCGGCCCGGATCGACGAGGTGCTCGCTCGGGTCGGGCTCGCCGGTCGGGCCAACGACCGGGTGGGGACGTACTCCTCAGGCATGCGGCAGCGGGTGAAGTATGCGGCCGCGCTGCTCGCCGCCCCACCGCTCCTGCTTCTCGACGAGCCCGCTGCGAACCTCGATGCGGCCGGGCGGGAGATGGTCGCGTCGATTACGGAAGCGTGGCGGGCCCAGGAGCGCCTCCTCGTCGTGGCGACGAACCGACCCGATGAGGCAGAGCGGCACGACCGACAGCTGCGCATCGAGAACCACCGGTAGCGCCTGAGGCGTCCGGTGGGGGCGTCCCTCCTCGATTTCTGTTTCCTCAAGTGTGCATTTCTTCCGCCCATGGCCCACGACACGACCGAAATATACGTACGGGACCTTTCCGAAGACGCCGCTGCCGACTGGTTGCAGGGCGTCTTTGAGGGCCTCGAACAGGTGCAAGAGGCCCCGATCGTGACCTACGAGGGGCGGTACGATGGAGAGACCGTTCCGGTACAGATTACCGAGCAGGTAAAAAACGGGCCGTACACCAGCATCTGGTTCAACGCGCCCCGGCTGCCGTGGGAGAGCATCCGGGAGTGTGCCCGGGCCGCGCACGACGCACTCGGGGCCGAGGTGCTCTGCTACCTGAATCAACCCAAGGAGCCGTGGCGCATGCTGCGGATGGAAGCGGGCGAGATGGAGCGGGTCGACGAACGCACCCTGGAAGACTTTTAATGCGGACCGGCGGCCTCGTGCGCCTCCAGGGGGCGTACCGTGACTGCACCGGGCGGAGCGTCGAGGGCAAGCGTGGGCCCGCCGCCGTTGAAGGCGCGGCCCTCGTCGTTGGTTGAAGGGGAGCCAAAGGCCTCGTCAACGACGAGGCCGGTGCTATCCAGGTCCGTCTGGAGCGTAAATCCGGCCTCTGCGGGCAGAAAGAAGCGCAGCGTGCCCGAATGGGTCTCCGCCGTGCTCGGCGCGGAAAGGGTCTCGAAGGCGACGGACGCGTCCCCGGAAAAGACATCGAGCGCGACCCCTCCCCGGATGCCGGTCGCCGTGATCCGTCCGGAGTGGGCGCCCAGGTCGAGCATCCCGTCGACCGAGTCGACGGCCACGGTGCCCGCGTGGGTGTCGATCTCCACGTCGCCCTCTACCCCAGAGACATTGATGGTGGAGGTGTAGTCCTCGATCTCGAGCGTTGCCGTCTCCGGCATCGTGACGTGGTAGTGGGCGGCCAGGTTGCCGCCCGCGCTCGGAGAAATGCGGAGGAGGCCCGGAATGCGAAGTGACCAGGAGGCTCCGTCCTGGTCGATCAAGAAGCCCTGATCGGTCCGGCGGACGATGGCGTTGGACGCCACCATGGAGTCTTTGGCGCTCACCGGGGCGATCCTGTAGGCAAGCCGGTCCCGCTCCCACGTCGTGACGGTGATGGTGCCCTCGTGGGTGTCGCTAAGGTCAACAGCCCCCTCGGGGGCGAGACGGACCGTGTCCTCCACGGTGTCGGGGGGAGCGGGCTGTCCAGCAGCCCCTGTAGCAACGCCAAGGCTGAGCACAAGCCCGATGGCAGCGTTCCACAAAGCGGTGGGGTCGGACATGGGAAGCCGAGAGGAATGGAGTGGCTTTTTCCCTACCTACCCAATGAGAAGCACCGATGCAACCGGCCCGGAACCGCCCGCCGTGGCCCCCGGACCAGCCTACCGAGTGCGGAGGGCGACGTCTCCGTCGTCAGCCTCGAGGTACAGTTCAGGGCCGCCCCCATTGATGTCGCCCCGGTAGTTGGGCTCGTCCTCGTCCCCAATCCGGATCGCGGAGAGGTCGAAGTCGGAGCGCAGGTCCACGTCGTCGTCGAAGTCGGTGTTGAGGTCGACCCCCGAGGTGGGGGGGAGGGTGAGGGTCGCATCGCCGTCGTGGGTACTGACGTGTACGTCGTCGGTCACCGTTGCAAACGACGCGGAGACCGTCCCGTCGTGCGCGTCGAACCGAAGGCTGCCCTCCAGTTCCTCGACGGAAAGGGTTCCCTCGTGAGTGTCCACCGACAGGCGGCCCGCGATGTTGCGGAGGTCCATGCGCCCCTCGTGGGTGTCGAGCGTCACGTCGCCGTCCTGGTTCGTGATGGAAATGGGGCCCTCGTGGCTGTCGATGGTGACCGCGCCGCGCTGGTCGGTGACGGTGACTGGTCCCTCGTGCGTGTCGATGCGGAGCGCCCCGGCCAGGCCGGTCACCTCGATGGCCGATTCGTGGTCGTCGAGGCGGAGGGCGGCGGACCGTGGCATTCTGATTGTGTAGTGGACGGCCGGGATGTCGATGCCGCCCCACCGGAACCCGTCTTCGTCGAAGCCGAAGACCGTCGATTCGTCGTCCCCGTCCTCGTGGTCCGTCGCGAGTCGGAGCCGCTCGTCGTTGGTGCGAGCTTGGATCGTCACCTTCTCGGCGTCGGGGTCCTCATCGGTCGGCATGATCTCGGCTTCGTACCGCACGCGGTTCCGCTCCCAGGTGGTGACGGTGATGGTGCCCTCGTGGGTGTCGACGGCAACCGCCCCGTCGGCGGCAAGGGGCACCGTATCCCCCACGGTGCGGGCCGGATCCTGCGCGGCGACGGAGGGGGCGACGCCCAGGCTGAGGACAGCGGCGGCGAGCAGGGCACAGAGCGAGGGGACGGATCGAGGCATGAGGGACGAAGTGACTGCGCAGCAGACGATGGAAGGGCCCGCGAAACCCCGCGGGGCATCCCATCAAACGAGAACACTCGCCAATCCGTTACACTCGTCGCCGAAATAAATCCGCAGAGGGCCGGAGCGCGGCCGTGTTTTCGGGTCCCGGCCGTCCCCACGAGAGGGAATAGCGTTCGCCCCGACCGCGCGTCTGCGCAAGCGATGCCCTGCCGGGCTGCCCACGGGCCCTTTCCGTGCGAGAGACCGGCCGCGTTCACCCGTCAATGCCCACCTGCCGCCCGAAAGGAGGGAGGCGGGGCATCTCGTTCCTGAAGCGACCGCGGACTGGGCCGCGAATTACACGTGCTCCTCGGCGTGGTAGGACGAACGCGTGAGCGGACTGCTCTCGACGTGGTCGATGCCCTTTTCCTCTCCGACCTCCTTGTACCAGTCGAACACCTCGGGTTCGACCCACTCCTCGACGGGGAGGTGGTGGTCGGTCGGTTGCATGTACTGGCCGATCGTCATCACGTCGAGCCCAATCTCGACGAAGTCCTCCATGATCTCCAGAACCTCTTCTTTCGACTCGCCGAGGCCCACCATGATGCCGCTCTTCGTGCGCAGGCCCTCCTCCTTCGCCCACCGGAGGACCTTGAGGGACCGCTCGTAATCGGCCTGGGGACGGACGCGACGGTAGAGGCTGGGCACCGTTTCCACGTTGTGATTAAAGATGTCCGGCTCCGCCTCAAAGACCGTCTCGCAGGGGTCCCGCATGCCCCGAAAGTCGGGCGTGAGCACCTCACAGGTCGCGCCCAGGTCGTGGATGCGTTCGATGACCTCCGCAA
CP030356.1_gap24	1108491	1111284	2793	ACAGCCTGGTCGTGGAGCGGGGCGACAGCCTTCGCGTTCGGGGAGTGGTGACCCACGCCTACGGGCTGACTCGACTGCGGGGGGCCGAGGGGCGGGTTGTGGAGGCCGGGGCCCGCACGCCGGCCCCGCTTCCACTCACCGTGAACACAGCGGCGGGGGAGCAGCACGAGGGCCGGCTCGCCCGCGTTCGAGGGCGCATCGCCGGAAAGGGGACCAACCGGGGGGGCGACTACCTGCGCCTTCAGGCCCAGGGGACCGCGTCGCCGGCGCAGATTGAAGTGTTCGTGGCGGAGCGGCACGGAGACCGGTTCGGGCTGGATCGCTTCGCAGAGGGCGACGCGATCGAGGTGACAGGGGTGGTGGGCCAATACGACTTCGAGGCGCCGTACGACGAGTACTACCAAATCGAGCCCCGAGGCCGGGACGACCTTGCCCAGGTTGGGTGGCCCTCAACCTATCTCCGAGCGGCACTCTTGATTCTTGCGGGCGGAGGGCTCGTGGGCGGGATTGTCGTGATTGGGCTTCGGGCGGCCGTCCAGCGCCGCACGCAGGAGCTGGAGGAAAGCCGGGCCCGCTTTCGTCGGCTGGCGGAGGCGACCCTGGAGGGCATCGCCCTTCACGAGCCCGACGGAACGATCGTCGACGCGAATGCATCCCTGGCCCAGATGATGGACACGGACCGGGAGGCCCTGATCGGGAAGGACATCACCGCCCTGCTCGCGTCGGCCCCGTCGGTTCATTGGGACCGGGCCGAGGGGAGGACCGACGCCCCGGTCGAGACCGAACTGGTCCATGCGGACGGCACGACGACCCCGGTCGAGGTCGAAACGCGGACCGTGACGACCGGCGACGAGCCCGTTCACGTGTGCGCCGTGCGGGACCTCTCCAAACGGAAGGAGTGGGAGGACGAGATGCTCCGTGCGAAACAGGAGGCTGAGCAGGCGGCTCGGCTCAAGTCAACCTTGATCCACAACATGAGCCACGAACTCCGCACGCCCATTACCACCATCACGGGCTACGCGGAAGTGATCATGGAGGAGGCCGAGGAGCCGCACCGGTCGTTTGCCCTTCAGATTCGGGAGAGCGGACGGCGCCTTTCGGACACGCTTCAGTCGGTGCTGGACATGGCGCAGATTGAGTCCGGCACGCTCGAGGTGACGGTGCAGGAGGTGTCGGTTCCGGGGGTGGTCCGCGACGTCGTCGACCGGCATGCGCAGGCGATCGAGGACAAGGCCCTCACCGCAGAGCTCGACGTGCCGGAGGACTGTGTCGTGGCGACGGATCGCGCGCTCCTGTACCGCATCCTCAACAACCTGGTCCAGAACGCCGTCAAGTTCACGGAGAAGGGGAGATGTCAAGTCCGGGTTGAGCCCGTCGCGTTTGGGGTTCGCATTCACGTGCGGGACACGGGTGTCGGCATCGACCCCGCGTTTCGGCCGCATCTCTTCGAGCCGTTTAAGCAGGAGTCCGAAGGGGTGGCGCGGGAGTACGAAGGGACCGGGTTGGGCCTCGCCCTCACGAAGCGCCTGGTGGACCTGCTCGGGGGCGCCATCGAGGTGGACAGCGCCAAGGGGGAGGGCAGTGCGTTCACGGTCGAACTGCCGTCGTTGACGGAGGCGGAGGCGTCCGCCCCGGCCGTCGCCGAGGGGCCGATGAACTGACTGGGGCGTCGATCCGGCGCAAAAGAGCTAGGGGGCGACAAACCGCCGCACAGGGGCGACGAGCGCCGGCCCCAACTCCTCCGGCACGTAGTGGCCGACCGAGGGGTAGCGGCGCACGGCGGTCCCCGAAACGACGCTCTGCCAGCGCCGCAGGCACGCCTCAGTGCCGAACGCCGGATCGGCCATGCCCCAGCACAGGAGGGCCGGGCAGCCCCGCAGCCGGTGTCGCCGCGTCCACACGGCCCGGAGCCAGTCGGCCTCGGTGCGGAGGGCCCGGGCGAAGGCCCAGCAGGCGTGTCGGCGCGGCCGGGAGTCCAGGGCGGCGGCGTAGTCCGCAATCCAGTCGTGTTGGGGGCCGCCGCCGGTGGTCATCGGCATGACGATGCGCGCGAACGCGTTGCCGTGCTCGACGGCGAGGCGGCCCGGCGGGGTGGCAAGCAGCCGGCTTGCCCCCTGCAGCAGTGGGCGGTGCGTGAGCGGCCACGCCCAGGTGTTCATCAGCACGAGGCGCCGGACGGTGTCGGGGTGGCGGAGGGCGTAGGCCATGCCGATCGGGCCGCCCCAGTCGTGCAGCACGAGGGTGAGATCCGAGAGCCCCAGCGAGCGGAGGAGCTGCTCGATCCGTGTTGCGTGCGCCGGGGGGCGGTACGAGAAGCCTGATGGGGCGGCCGAGCGGCCAAACCCGAGATAATCGGGCGCGATGCACCGGTGGTCCCGCGCCAGGTCGCGGAGGAGGTGGCGGTAGAGGCGGGCGCTCGTGGGGTTGCCGTGGAGGAAAACGACGGGCGGCCCGTTGCCCACGTCGGTGTAGGCGAGCGGGCCGGCCGGGGTCTGAACGGTCCGCGTGGCGTCCAGGGCGGTCGGGGCCGAGGGCATGGGACGAAGGAGATTGGGCCGGCGGCGGGCTTAGTCGAGCAGCGTGGGGGCCGACTCGTACTGGTCGGCCACGGCGCGGGCTTCCGTGGCCATCCGCTCCCGGAGCGCGCGCGGCTCCAGCACCTGGGCGTGGCGCCCCCAACTCAGGAGCCACGGCATCACCTCGAGCACGTGATCGACGTTCAGGGTCAGCAGCAGGCGGTCGTCGGACAGATGCTCGCGGGACTCCACAGCGACGGACGACGGGACCTGCACG
CP030356.1_gap25	1134916	1137067	2151	CGCGCGGTGCCGACCGCGCCGTCGATCTCCTCGCGCACCTCGTCCATCATGCCTGCGATCTCGTCGGTCGCGGCGTCGGCCTCCTCCGCCAGCTCCCGTACCTCCTCGGCGACGACGGCAAAGCCCTTGCCTTCTTCCCCGGCCCGGGCGGCCTCGATCGCCGCGTTGAGGGCCAGCAGGTTGGTCTGATCGGCAATCTCGTCGATGCGATCGACCACCTGGCCAATCTCGTCCCCGTAGGTGCCGAGCCGCTCGATGGTCTCGGTTGTGTTCTCGATGGCGGACGCGATGCCCTCCATCTGGCTGGTGGCCTCGCGGACCGTCTCTCCCCCCTGACGGGCGGTCTCGCCACCGGCCTGGGCAACCTCTGCGGTCTTCTGCACGCTGCGGGCGTTTCCGTTGATGGTCTGGTTGAGCTCTTCGACGGCGGCGGCCATCTCCTCGGCCTGGGCGGACTGCTCCTCCGCAGACGCGGCCATCTGCTCGGAAGAGGAACTGATCTGCTCGGTCGCCGAGGCGGTCGAGCCGGCCGCCTCCCGGACCCGCCCGACGATGGAGCGAAGGCCGGCCACTGCCTCGTTGAAGCCCTCAAACAAGCGCCCGACCGGCCGGTGGGGAGGCGGACGGTCAGGTCCCCGTCGGCAAAGCGGCCGATCGCCTCCAGCATCGTGTCGACGCTCTCCTGGAGGCGCTCCTTCTGCTGTTCGGACTCCCGGACGGCCTCCTCCACGCGGCGCTCCACGGAGGCCTTCTCGTCTTCGAGCGCCTCCTGGGTGGTGCGGATGTCGCGGATCATCTCGTTGAATCCGCCGGCCAGCTCCCCGATCTCGTCGTCGGTCTGGACCGGGACCTCCACGTCCAGATTTCCGTCGCTGACGGCCTGGGCCCCGTCCCGGACGCGCCGAATGCGCCCGGCGATGCGACCGGACAGCCAGAGGACGGCCCCGATGCCCATGCCCAGAATCAGGAGATTGATGAAGACCGTCAGCATCGTCTCCGACCAGATCTCCGACATGGCCTCCTCCAGGGAGTACGCCAGCACCACGTTTCCGTACCGCTCCCCGTCGTACTCAATCGGGTGGGAGGTGCGCAGCAGTCCCCCCTGGCGGACCGTCGAGCCGGCCTGAAGCAGGGCCCCCGTATCGACCTGGAGCTCGTCGGGGTTGTGGTCGAACAGGACCGCGTCGTCCTCGTCGAGAATCGCGACGTACCGCACCTTCGAGTCTTTGGTGGCCCAGTCGAAGGTCTTCTTGACCAGGTCGTAGTTCGAGTCGGCCAGGCCGGTGCCGACCGATAGTGCGATCATTTCGCTGAGCTCGTTGACCTGATTGCGGGCCGCGTCCAGACTATCCGACCGCTGATTGAGCGGATAGTAGATCGATACGAACAACACCAGAACGACGAACGGAACGGCAAACCCAACAATTAACTTGGCCCGAAGGGATTCGCTCAATCGGTCGATCATAACCTGAAAGACTCTGCTGCGTCAAAAAATATCGTATAGGCGGGCGGAGGGGCTACTCAATGGTGGCGATGACCTTGACGGCATCCGTCACCGCGTCCGCCGGTACGTACCCGATTGCCGCCGAGGTGCTGCTTACCTTGTCGATCATCTGGTCGGACGAAACCTTCTCGGGGGGCTGAGCCTCTCCCGATAGCTTCTTCCGCAGCCATACCTTTTTGACGTCGCTTACCGACTGGCCGATGTGGTCGTAGAAGGCCGTTTTGGTGCTGCCCTCGGAGTTTAGGTCGAAGCGCACAATCTCCGACCCGTCGTCCCATTTGCTCTGCTCAAGGAGATAGATGTCTTTGAGGGTCTCGGCGTTGGCCTCATCGACCGAGACGTCCTGGTGGGCGATGACGGCAACCTGGGCGTGGCTGACGCCGGCCGTGCTCAAGAACAGCAGGGCGGCGAAAAGGAAAAGTAGTCGTCTCATAAATTCCTCGGTTGGATGTGGGGGAAGGGAAATGGTGGAAGGTGGAGGCGAGACACGCGTCTCGACGTATCCTCGAATTGGCGACGGACGCACAGCCGGCTCGGGACTGTGCGCCGCCGGGCGGCGTCCGGCTAGAAGGTGACGCTGGCGGCGAGGCTGAAGAAGTTACCGGTGTAATCGCCGTCCCGAATTGTGGAGCGTCGATAGCCCGCCT
CP030356.1_gap26	1147279	1151435	4156	ATTGTGCCCGATGCTCACGTCCCCCAGCAGCTGCTTGTTGAACAGGGCCGGGTCGTCGAACACGTCCAGCACGAGGCCGAAGTCCTTGTAGGCCGGCATCGTGGGCTGCTCCTGCTGCTCGTCGTAGGTGGAGGTGACGATGCCGGCGGCCTCCTGGCCCCGATGCTGCAGGGCGTGCAGGCCGTAGTAGGTGTGCCGGGCGGCCTCGGGGTGATTGAAGATGCCAAAGATGCCGCAGTGCTCTTGAACGGCGTCGCTCATGGGGCAGCGGCGAGGGCGGGCCGCAGACTGGTGGGACGGGCGCTGAGCAGAAGTTTTTTCGGCGACCAAAGCAGGAACAACGGTCACGCGATTCAAAACTAGGCACGCGGCCGGATGATCCCAACCCGTTCGGGCCCGCGGCCGCCGTCCGCGGAAAATTCTTGCGCACGGGTCGGCGCCCCGGACGGTCCGTACGCGGGGACGTGGAGAACGGCGACCTGCTGGTGCCGGTGGGGGGAGGGCGACGCGGGAGGGCCGACGTGTCGAGGGCGACGCAGGATTAGAGGGCAATGAGCCCCACGGCAAGCCCAATGCCCACGGCGTTGGCCACGAGGTCCTTTCCGCTCGCCCGCCCGCCGATGCGGGACGCGTCGTAGAGCTCCTTGGCGAGGCCGACGGTGGCACTGCTGGCGACGGAGGCCGGCAGGGCATTGCCATCCGACCAGCCGGCCTTGTGCACGAGCACGTACTGGGTCGATAGCGTCCAGAGCCCGCTGAAGACGAGGTGCCGGGCCTTGTCGCGGGCCGACCAGCAGCGCCCCCCACGCCCAGACCCACAGCCGACCCGGAATGACGTGCACTGGTTGCATCCGTCGAACGAACGTGCTTACAGCGTGCCGGTCAGGTAGCCCATCACGATGCCGAAGACGACGACCGGAATGATGTACCGCATGCCGAAGATCCACACGCCCAGAAAGCCGTCGGCCAGGGTCGAGCTGCCCTGACGGAGCTCGTCGGCCGCCCGGTCGGCGCCCCATACCCACCCGATGAAGACGCTCAGAAAGAACGCCCCGACCGCCAGCCCGGCGCTTCCAATGAGATAATCGAGGACGCCGAGCACGTTGTTCTGGCCGAACAGGCCGCCCTCGCCGAAGAGATAGCTCAGGTCGCTGAACGCCCCGACCGCGCCGAAGGAGAGGGCGGAGGGAAGGGCCATGAGGAACGTGATGACCCCGATAATGAGCACCGACTTGCGGCGGGACCAGTTCTTCTCGTCGACGAAGTAGGACACCACGACCTCCAGCAGAGAGATGCTGGAGGTGAGCGCCGCAATCGACAGGAGGAGGAAGAACAGGAACTCGACGATGCCCCCGAGGGGCATCTGGGCAAACACCTCGGGCAGGACCACGAACACGAGCGCGGGCCCGGTGGCCGGATCGGCGCCCATCGCGAACAGGGCAGGGAAGATCATGAACCCGGCCATGAGGGCAATCATCGTGTTGAACAGGACCACATAGCCGCCCGACATGGCGATGTCTTCGCGCTTGGGCAGGTACGAGCCGTAGGTGATCATGGCCCCCATGCCGAGGCTGAGGGTAAAGAAGGCCTGCCCGAGGGCGGCGATGACGAGGTCGAAGGTGATCTCTGAGAAGTCGGGCACGAGATAGAAGCGCAGTCCCTCCGCGGCCCCGTCGAGCGTGACGGCCCGGACGATGACGAGGAGAATCAGCACGAACAGGACGGGGAGCAGGATCTTGGCCCACCGTTCGATGCCCTTCTCCACCCCGCCCACCACCACCAGAAGGGTGAGCAGCAGAAAGAAGGCCACCAGCCCGACGTTCAGCCACGGGGACGCCGCAAACGCCTCGAAGCCCATGGTGGGGGCGAGGACGTCTTTTACTGCGTACCCCACGGCCCAGCCGGCCACCACGCTGTAGTAGCTCAGAATCACGAACCCGGCGAGCACGCAGAAGCCCCCCACCACGATCCAGGCGGAGCCGCCGCCGGTGATGGACTTGATGGCGCCGACCGGGTTCTTTTGGCTGTTGCGCCCCAGCGACAGCTCGCCGAACAGGTAGGGCATCCCGATGAAGAGGATGCACAGCAAATAGATGAGGACAAAGGCCCCGCCCCCGCCCTCTCCGGCGAGGTAGGGAAAGCGCCAGATGTTGCCCAGCCCGATGGCGGACCCGGCGGCGGCGAGAACAAAACCGATCTGGGACGACCACTGCTCTCGGTCGGTCGAGGTCGTGCTCATGGGGAGTCGTCGGGTTGGCTCGTAGAAGGGGGAAGAGAAACAGCCCGCGAGAACGGACTCGGCGCGCTCATCACCGCCCGAAGTTAAAAGGTGACGAACGTGATCGCAATCGGGGGGCCGGATGAGGGCCGAGAAGCGGGGGGACGCCCCGCAATGCACGTCACAGCACGCCGTAGAGCAGGTCGACGACCAGCACGGTCAGGATCGTAACGGGGAAGGCGTATTTGATTGCCGCCCGCCAGACAGGGCCGACCCATCGCCCCATCGCGTGTCCGTCGCCGGTCCGCAATTCGTCCAGGGCGTCGTCGGCGTCCCACACCCACCCCACGAACACACTCAGGAGGGCGGCGCTGAGGACGAGCGCCACGCTTCCCCAAAGAAAGTCCACGACGTCCAGCACCCCAGGGGCGGGCCCGAGGAGGCGGTCCCCGACGAGCCACGACAGGTCGCTGAGGGCGGGCACGGCCCCCTGTGATAGGGCCGACGGCAGGCCAATTACAAACGCGACGCCCCCGGCGCCCCAGGCCGCTGTGCGGCGGGACCAGGCCGTTTCGTCAACGAGGTACGAGACGAACACCTCCAGCAGCGAAATGCCCGACGTAAAGGCGGCGATGGCGAGAAAGAGGAAAAACAGCGTCCCGACGAACGACCCGAGCGGCATTGCCCCGAACACGTCGGGCAGAACCACGAACACGAGCGAGGGGCCCTCCGCCGGGTTCTGGCCCATCGCGAACACGGCAGGGAAGATCATCAGGCCCGCCATGAGGGCAATGAGGGTGTCGAAGACCGCAACGTAGCCGCCGGCGACGACCAGGTTCTCGTCGTCGGGCAGGTACGAGCCGTACGTGATCATCGTCCCCATGCCGAGGCTCAGGGAAAAGAAGGCCTGGCCGAGCGCCTCGACGACCATCAGGCCCGACACCTGCGAAAAATCGGGCGTCAGGTAAAATTCGAGCCCGGCACCCGCACCGGGCAGGGTGACGGCCCGAAAGGCGATGAGGCAGAGGAGGACGAACAGCACCGGCATCAAAATTTTTGCCCACCGCTCGATGCCCCGACGCACCCCCTGGGCGACCACCCCGGCCGTGGCGACAAGAAAGCCGCCAAACAGCGGAACGACCCACAGCGGATCGGCGATGAATTGGGCAAAGGCGGCGCCTGACGCCCCCGCGGCAGTGAGGTCCCGAAATACGTACCCCACGGCCCAGCCGGCCACCACCGCGTAGTAGCTGAAAATCGCGAGCCCCGTCACCACGCAGAGCCCCCCGACGAGCGACCACAGCGAGTGCCCCCGAATGGCCCGGATGGCCCCGACCGGATTCCGTTTGCTGTTGCGCCCGAGGGCCAGCTCCGCAAAGAGATACGGAACGCAGAGCAACAGGAGGCAGGCGAGGTAGATCAGCACGAAGGCGCCGCCCCCATTGTCGCCGGCCTTGAAGGGAAACCGCCAGATGTTGCCCAGGCCGATGGCCGACCCCGCCGCGGCGAGGACGAAGCCGAGCCGAGAGCTCCACTGCTCCCGTTCCGGAGAAGGAAATGCCATTTCGGGACAGGCGGTTGAGCAAAGGGACTCGCCGCGCCGAGCGCGACCGTCCGGGTCGGAACGACCCGGTGGGACGAGGACAGTCAGACCGCGAAGATAACGGGTACTTCCCCTGAACACAACGACGAACGACGGGGGGAGGCGCCTGCCCACGGAAAATCATGGAAAACAGAAACCCGCCGGAGGGGGCTACGCGGTCCACGTGTCCTCGTCCGGGTACCGATCCCGCTCACAGTACGTCCGGAGTCGAGGAACGCCCTGCGCGAGGTAGAAGGGCGGGCCGGCCGGCACGCCCTCGCCCGAGAGGCGCACCACCTCCACGTCGCCGGAGGCCTTGTATAGCTTCACGCGGCCGGCCACCGTGTCCTCGGCCC
CP030356.1_gap27	1156176	1157269	1093	CAGGATCAGCGCGAGCGGTTTGAGCGGCAGGCGCGCCAACGCGCCGTGGAGGTGGACGATGACGTGGATCCGGAAGACTTGATCGATGAGGATTACCTCCGGGCCCTGGAGTACGGCATGCCGCCTGCGGCCGGGCTGGGCGTCGGCATTGACCGCCTTACCATGATCCTTACCGGGCAGGAGTCGATCCGCGACGTCATTCTCTTCCCCCTGCTCCGCCCCGAGCAGTAGTCGGCCCCCTGGGCGACGCGGCGCCGTGTTCACCAATCGCCGGTGGGCGCCGCGCATCGCCCGGGACACGGACGCCCTTCGCCAAAAGGCCAGGCGCTCGTCTGTCGGGGGACGTGTGGTGGTGGTAACAGCACCGCCCGTCCGTCGAGGCGGCCGGTTCCACGAGCCGCACCGGGACCGGGGCGAGCCCGCTCCTGGACGGGCCCCATCAAAAAACGGGCGGACCCCCGCGAAGGGATCCGCCCGCAGAGGCGGCTCAAATGGGCGTGGAAGGGACGCCTACTACATGCCGTCGTCTTCACGCTGTGGCAGCGAGTCGGCGCGGCGGTACTGCCGCGTGCCGCCCTTCTTCGAGGTGATGCCTTCAACCTGGCCCTGACCGCTGGTCATGATGCGGGAGCCGGGCACGCCGTTGTTCTGGTAGAAGCTGGACACGGCCTCGGCGCGGTCCTCCGAGAGCGACTGCACGTTGCGCTCGCCCGGCGCGGCGAAGCCTTCAACCTGCACGCTCAGGTTCGGGCAGTCGGAGAGGATGTCGGCGTTTTCCTGAAGACTTTCCTCTCCTTCCTCGGTCAGCGTGCTGGAGTTGCGATCGAAGAAGGCCGAGTTCATCTCGCTCACGGTGGTGCAGATCTCCGGGAGCACGCGGTTGACGCGGACGGTCACCGTTCGGGTGTCCTCCCCCACATCGTTGGACGCCTCCAGGCGCGCGGTGTACTGTCCCGGCTCCTCGTAGGTGTGGGTGGGCGACTGGCTCATCGACGAGGAGCCGTCCCCGAAGCTCCAGCTCCGTGACACGGGCGTGTCCCCCTGCACGTTGCTGCTGAAGCGCACCGTCTCGCCTTCGTCAACGGGGTTGGGC
CP030356.1_gap28	1293631	1298147	4516	TGCTAAGTTCATTCAACAGTGGGGCCGCCAGAAAGGCGATGTCCTCAAAACGGAGAATGGGAAGGGCTTGGGGGCACCGCAGCCCAGTCCAACGGCTGTTGGGGCCCCCGTCTCGATCTGTCGGGGGAAGACGCGTGTCGTCCCCGATCCGGAGGTCGCAGTGTCCCATGATCCGCTTGTCCGCGCCCGTTGCGTTGGCTATCGAATCGGTAGAGCAGAGGCATGTCCGATCGCGTGGTTGCCCAAGTGAGTCTCCGGTCCGCCGAGGGGTCGTCTGTGTTGGACGCCGACGAGCCCATCACGTCGGACAATGTAGACGACTACCGGGCCGGAACGAATGCGATTGAGGGCGCGAAGGAGGCGCTCCGCGGCCTCGGGTTTGACGTTGTTCAGGCCAGTGAGGTGGGGCTTTCCATCTCGGGGGACAAGGACCGATTCGAAGAGGTGTTTGACACCACGCTGAAGGCGCGCTCCGAGTCCGCCGACGCGGAGCCGGGCGATCGCCAAGCGTACGAGGCAACGGAACCGGTTCAGGTGCCGGACGCGCTTGTGGCCTTCGTGGACGAGATCACCTTCCCCGTTCCCCCTGAGTTTCACTAGCTCGCTCGATGCACACCCGACGTTCACCCTCGATGAGCTCTTTCATCACACACCAGAAAGATCATGTCTGACGCCGAAGCAGACCAGGAAATCGTCACCATCATCTCAACCACATCTAAGGGAGGACGCTCTCTTTTCGAAACCGAAGAGCCCGTCACGGGAGCGAATGTTGACGAGTACAACTCGGATCCGGACGTTACGGAGGAGGCCGAGCGTGAACTCCGAGAATTGGGATTTCGCATTTTGGACGTGGGCCCAGCAACCATTTCGGTCGGGGGCTCGGCCGAGCAGTTTCAGGATGTTTTTGGGGTGGCCCTCGAAGGCAAAAAAAAGGAAGTGTTTGACGGAGAAGAAGCGGAGTACTTCGATGTCGAGGAGGATGGCGAAGAAATGGCCGGGGCGCTGGGAGACTGGGCAGAGGGCGTCACCCCGGTCGTTCCCCCCGAGTTTCACACGGAGAGTCCCCTCTCGCCCATCGCGGAACCGCACTCGGACGCGTACCACTACTTCACGGTGCCCGACGAGGTTGCCACGATTCTCCGCGCCACGCGGGTGCACCGCAACGGCATCACCGGGTCGAAGGTGGAGGTGGCGATGCCGGACACCGGATTCTACGAGCACGAATTTTACGAGCGGCGGGGCTACCGCACGCGCTCGACGATACTCGGGCCCGGCGCCAGCAACCCGTCGCAGGACAACTACGGGCACGGCACCGGAGAGGCGGCCAACATCTTCGCGGCCGCCCCAGACGCCCAGCTCATCCCGGTAAAGATGGGGAACGACGCGGTCGGGGCGTTCAACAAGGCCTGCAATCAGAGTCCAGACATCATCACGAACAGCTGGGGCTGGTCCGTTGACAGCCCAGGCACGTCGTGGAGCGACATCCGAAACCGCAGCCGTTCCCTGTACAACACGCTGAAGGCGATGGAGGCCGCGATCGCCAACGCCGTAAACAACGGCATTGTCGTGTGCTTCTCCGCGGGAAATGGCCCAGGTGGGTACGGGTTTCCGGCGAGCCACCCCGACGTCATTGCCGTGGGGGGCGTCCACGTGAACTACCCGGACCTGGACCTTGAGGCCTCCAGCTACGCCGCCAGCTTCGACAGCAGCTTGTACTCGGGGCGACAGGTGCCGGACCTCTGCGGGATGGTCGGGGACGACGTATCGTCTCTGCCCGCCCCGCTCCTCATGCTTCCCGTGCCGCCGGGAAGCCGGCTCGATACCTCGTCGACCGGGGCCGCAGACGACAGTTGGGGCCTCTTCAGCGGAACGTCGGCCGCGGCCCCGCAGGTGGCGGGGGTGGTGGCCCTGATGCTGGAGAAGAACAACTCCCTCAGCCCCTCCGACGTGAAGAAGAAACTCGTCAACCAGGCCGCCAAGGACGTGACCAAGGGCCAGAGCGCAATGGGCGACTCGGCGGGGCCGGGCGACGACGCGGCAACCGGCGCGGGCATGGTGGACGCCAAGTGGGCCTGGGTCGTGTCCATGGGCGACACGATGGCCCGCTTCTTCGAGGCGACCCCGGAGCGGCGCGAACGGCTCATCGAGGAAGACGCCGTTCCGGAAATTGACGGGGAGTTTGTGGAGGACATGATGCAGACCCTCCGTTCGCGGTCGTAGCGGTCTGCCGCCGCTCGACACCGGCACTGCCGAATGTGGGGGCCGATCCTGTGGCTCCGCTGCTCGCAGTGCATCTGTACCGGCCGAGGGGGCCCGTGCCGCACAATGGGGAGCCAACCGACGGAAGTAGAAACCAGAACGGTCGGTTGGCTGCGTTGCCTGTGTGGGCAAGGGCCCCCTCCGGCATGTCCAACCCTCATTTCCCGCGCTTCTAGGCTCGTTTCCCGACTCGCCGACGGCGTCTCAGCATACCGGAGGGGGGAGGGAATCCACGTCCGTGGAGAAATTGGGGGCCGTTCTGCCGTACGAGTGTGGGGGACTCGTCTCGAACGGTGCTCCCTACGCCTCGTCCGAGAAGTCGCGGTGCCCGAAGTAGTGCAGGACGTACTTGATCTTCGACGCCTTCGCCGGGCCGAAGCCGGGCAGGTCCTGCAGGCGCTTCTCGATTGTGTCCAGGTCGGCGCCGTCGCTCCACAGGTTTGCCGCGTTGCCGTCGTACTCGTCCGCGATGTGGGCGGCCACCTTCTGGGTGTTCTCCGCCATCTTGTTGACGAACCGGTGGACGGCGGGGGATTCGGAAAAGTGCTCCTGGAACGGCTCGAAGTCCATCTCGGCGATCGTCGCCATGTCGAGGTGGCCGAGGCGGTCTTTGAGGCGGAGCGGGCCGGTAAAGGCCGACTCGGCGCGGACGCGCTGGTCGTAGAGCAGGCCGAGGAGGGCGGCGTTCGGGTCGTCGCGCAGACGGTCGTCGTCCTCGATCTCGCCGGTGAGGGTGCCTTCCTCCTTAAACCGGTCCATCATGCGGACGAGTCCGCCGGAGAGGTCGCTGTAGTCGATGTGGGTAATCTCAACTGCCATTTTCAGGGTGTAGGGGTCGAGGATGGGGGAATGCGGGTGTAGGGGGAACGTACACAGGGGAACGGCGAATTCGAAGCGTGTCCCCTGAAATTCGTCATTCTTCCAGCCAGCGGGCCGCGTCCTCCGCGAAGTAGGTCAGAATGACGTCGGCCCCGGCGCGGCGAATGCCGGTGAGGGCCTCCAGTGCACAGGCCTTCTCGTCGAGCCAGCCGTTCTGGGCGGCGGCCTTGATCATGGCGTACTCGCCGCTCACGTTGTACGCGGCGACGGGCACGTCGCTGTGCTGCTGCACGCGGTGGATGACATCGAGGTAGGGAAGCGCCGGCTTCACCATTGCCATGTCGGCGCCCTCGTCCAGGTCGAGCATGAGCTCGCGGATGGCCTCCTCGCCGTTGGCCGGGTCCATCTGGTAGGTGTCCTTGTTCGCGGGGATGTCCTTCTCAGGGGCCTCCGCCTTGTCCTCGGGCGCCGAGTCGAGGGCGTCGCGGAACGGGCCGTAGTAGTTTGACGAGTACTTGGCGGTGTAAGACAGGATTGCGGCGTCGGTGTGCCCGGCGTCGTCGAGGGCAGCGCGGAGGGCGCCCACGCGCCCGTCCATCATGTCGGATGGGGCGATGATGTCGGCCCCGGCCTCGGCGTGGAGCACCGCCATTTCGCACATCACCTGAATGGTCGCGTCGTTGTCGATCTGGCCGTCGCGCACGATTCCGTCGTGCCCGTCGCTGTTGTAGGGATCGAGGGCCGTGTCGGTGATGATCATCAGTTCCGGCACGGCGTTCTTGAGGGCCCGGATCGCGTTAGGATAGAGGTGATCGGGGTCGAGGGCGTGCTCCGCGTCCGGCGTCTTCAAGTGATCGGGGAGGGCCGGGAACAGGGCCACCGCCGGAATGCCAAGGGCATGCAGCGTCTCTGCGTGGTCGACGAGCCGGTCGATCGTGTGACGGTACGTGTCCGGCATCGACGGGACTTCTTCCCGCTGATTGTCCCCCGCCATCACGAACAGGGGCGCAATGAGGTTGTCCGTCGACAGCCGTGTCTCCCGCGCCATGCGTCGGATGTTGCGGGTCTTGCGCAGTCGACGGGGGCGGAGGGGAAGGTCGTAGTCGGAAGAAGCCATAGAGACCTCAGTGGATGGATTGACAATCGGAAAATCTGATGCGGGAGGGGACGCCCACGACATCCCGCCGTGTGTCACGAATTACGCACCATTCACCCCACCTGCTCCCGCCGCTCCCATTCGGTGCCGTCGGGGGTATCCATGACCTCGATGCCCAGCGCCTCCAGCGTGTCGCGGATGGCGTCGGCGCGGGCGTATTCCCCGTCGGCGCGTGCGGCCTCCCGGTCCTCCAGAAGGGTATCGATGGAGTCGGAGAGGTGAGCGGGGGCCAATCCATTCTCGGAGCCCGCGTCGGTGCGCTGGTCCGCCTCGTGCTCGGGC
CP030356.1_gap29	1309353	1309953	600	CCCGAAGGCGTACCCGCCCGCTCAACTTCCTTTGTTGATTCGGGCATTGGACTTCGGGGCGGCCGACACGCTTTCCTTTTCTGTTCCCGTCGCGGACAGCAGTGCGTACGTCTCGGCCCGGGCGGTTCGTGCGGGAACGGAGACGGTGGAGACCGAGGCGGGCGCCCACGACACCGAGCGCATTGTCGTCCACTACGAGACGCCGGTGCCCTCCCCGATCGGGGAGACCAGCGATACGACCGAGACCTACTGGCGCGGGACCGGGGTGGAGCGGCGTCTCGTTCGCATGGAGGCGGAGGGCGGACGATACCAGATGACGCTCGTCGAGCACCTCCGCACCCCGTATTGGCGGGAGAACCTGTGGCCGAAGCTGGACCGCATCGACGACCGTCCCTGAGGCGTCGGCCGTTCGTCTGAACCGTGCGGGAGGCCGTTGGTGGGGTTAGTCTGCATCCCCGGTCCCGCGTCTGATGGCCGAACGGGGGCGGGCACCCCTCGTCAGCGGTCGAGGCCGGGGGAACCATGGCCCAGCGCGTCGCCGTTGGCACAGGCCAAGCTCAAGGAGCAATTCACACAGGTGCATGAAGCGTTCACTCCGTG
CP030356.1_gap30	1324545	1328455	3910	GTCGGGGCGGAGGACGGGCCCATGGGGCGCGGCCTCGCGACTACGCCCACGACCTCAACCAGAAGGAGAAGCGCCTGGCCCGGCGATCCGCCCTTTCGTACAAGGCCGCGAACGAGAACATCCAGGTGATCGAGAACTTCTCGCTGGACCGGCCCGACACCCGAGGGCTCACGGACCTCTTCGAGCTCCTGGGCGTGGAGGGGCAGGACATCCTGCTCGCAACCGCCGAGGTGGAGCGTGAGGTCTACCTGAGCGCTCAAAACCTCCCGGACGTGAACGTGCAGGAGGTCCAAAGCATCAACACGGTCGACATCCTGGACGCCGACGTCGTTCTGCTCCAGGAGGGCGCGCTCGACTGGCTCACGGACGTCCTTTCAACCGACGAGGCCGTGCCGGCGTAGCGCCCGTCCCCGGCTCCGATCTGCCTGTTGCACTCCCCAACGAGCACCGTTGACCCATGAGCAAACGCGTACTGATTCGCCCCTACGTGACCGAAAAGACCACCCAGCAGATGCAGGAGGGCAAGTACTCCTTCATGTGCGGGCTCGACGCCACGAAGACCGAAATTCGGAGGGCGGTGGAACACCGCTACGATGGCGTTGAGGTCGAGGACGTCCGGACCCAGGTCGTCCCGGGGAAGCGTCGTCGCCAGTTCCGTGACGGAAACATGATTGAGGGCCGGACCTCCGGCTTCAAGAAGGCCATCGTGGACCTGGACCCGGACGGGGAACAGATTGACTTCTTCGAGGGCATTTAGGTGCCCTTTCCTGAGCCTATACGACCCTTTGAACCGCTGACAACCCAGCGCCATGTCGATTAAAAAGCGAAAGCCGACCATAAACAGCCAGCGCCAGTACTCGGTGGACGACAAGGAGGACATCACCACCACCGATCCGGAGCGCAGTCTGCTGGAGCCCCTCCCGAACAGTGGGGGCCGCAACAACCAGGGCCGCATGACGATGCGCTACCGGGGGGGCGGCCACAAGCGCCGCTACCGCAAGATTGACTTCAAGCGGCGCGACAAAGACGGCATCCCGGCCACGGTGAAGACGATTGAGTACGACCCGAACCGTTCGGCCCGCATTTCGCTGCTCGCCTACGCCGACGGGGAGAAGCGGTACATCATCACGCCCGACGGGCTGGAGGTGGGGGATACGGTGATGAACGGCCCTCAGGCACAGGCCGAGGTGGGCAATTGCCTTCCGCTGACCGGCATTCCGCTGGGAACGAAGGTTCACTGCGTCGAGATGACGCCGGAGAAGGGGGCTCAGATGGTCCGCGCCGCGGGCACGCACGCTCAGCTTACCGCCCGCGAAGGCGACTACGCGACGCTTGAGCTTCCGAGTGGAGAGACGCGCCTCGTGCCCTCGAAGTGCCGGGCGACCGTCGGCACGACCAGCAACGTCGAGCACGAGAACGTGGTGCTCGGCAAGGCCGGACGGAAGCGATGGCTCGGTCGCCGGCCCCGCACCCGCGGCGTGGCGATGAACCCGATCGACCACCCCATGGGTGGCGGTGAGGGCCTGAAGTCCGGCGGCCATCCCCGGTCCCGAGAGGGCGTGCCGGCGAAGGGGTACAAGACCCGCAAGCGCAACAAGGAATCAAACAAGTACATCATCCGGCGCCGCACGGAGTCGAAACAAGGAACCGGGGGCCAGTAATCGTCCCGATCAGCCGGGGCCCTCGACCCCACCCGCGAGCCGCCTACACTTTCGGATTCAAACTTCCCCGACGACATGCCTCGCTCTCTACGCAAAGGCCCGTACGTATACTACAAGCTGCAGCGCAAGGTCGACGCGCTCAACGAGTCCGACGAAAAGAAGGTCATCAAGACCTGGAGCCGCGACTCGATTATTACGCCGGACTTCGTCGGCCACACGTTTGCCGTTCACAACGGACACCAGTTCATCCCGGTGTACGTGACGGAGAACATGGTGGGGCACAAGCTCGGCGAGTTCGCCCCGACGCGCACATTCACGGAGCACTCGCAGGCAAAGGTGGACCAACGGATCCGCAAGCCGGGCCAGTAGTGCCCGGTTGACGGCGCTGGCTGGACCCCAGTGAGCGCCCATCCCTGCTCCGCGACCCTGATTTTCCCCGCAAACCGCACGACGAGACATGCAAGCACGAGCCGTCCGCAGGCACATTCGGAGCTCTCCCCTCAAGATGCGTCGCGTCATCAATCTGGTGCGCGATCGGAGTGTGCCCGAGGCCGTTGCGATTCTGGACTACATGCCGCAGAAGGTGACCGGCGTCGTGGAGAAGACGATCCGCTCCGCCGTCTACAACCTGATGGACCAGCACGACGAGCGCTTCGACGAAGGGGCCTTGAAGCTGAAGGAGATTCGGGCCGACGAGGGCCCGACGTTCCAGCGCCACCAGGCGCGTGCCCGAGGCCGTGCGGCGCCCATTCGCAAGCGCACGACCCACCTGAAGGTGGTCGTGGCGGTCGAGGAGGAGGCCCCCGAAGAGGCGGCCGCGTAGCCTGCACGCCGTTTTCGACATCACACGTTGCTCTCTGAACTAATACACGAGGTACACACCCGTGGGCCAGAAAACACACCCCATAGGCTTTCGCCTCGGCGCCATCCGTGGTTGGGACTCCAACTGGTACTCCGAGACCAACTTCCAGGACAAACTCGTCGAGGACGAGGAACTGCGCCGCTACCTGCACACGCGCCTCAAGCGCGCCGGCCTGAGCCGGGCCGTGATTGAGCGCACGCCGGAACGGGTCATCCTGACCCTCCACACGAGTCGTCCGGGCGTTGTGATTGGCCGGGGCGGGTCCGAGGTTGAGAAGCTGAAGGGGGAGCTCGAGACCCTTACGGGCAAGGACATTCAGATCAACATCAGCGAGATCAAGCGTCCGGAGCTCGACGCTACGCTCGTGGCGAAAAACATCGTGCAGCAGCTGGAGGGACGAATCTCCTTCCGGCGGGCTATGAAGCAGGCCATGCAGGCCGCCATGCGCATGGGGGCCGAAGGGGTGCGCATCCGTGCCGCCGGGCGTCTGGGCGGGGCCGAGATGGGACGCACCGAGGAGTACATGGAGGGCCGGGTGCCGCTCCACACGATTCGTGCGGACATTGACTTCGCCCAGGAGACCGCCCTTACAATTTACGGCACAATCGGCGTCAAGGTCTGGATCCACCGCGGTGAGATCCTCGGCAAGCCGGACCTGAGCCCGAACGTGCAGGCGCAACAGCGCAAGATGAAGGAGTCGCCCCAGCAGCGTCGCCAGCGCCGCGGGGGTTGACCCCCTGCATCGGCGGCCCACCCTCTTTGAACCGATCACACGCACCTGCTTTTACGACCCATGCTTGAGCCCAAAAACACAAAACACCGCAAGGTCCAGCGCAATCAGGGCCTGAAGCGGAACAAGTACGCCGTGAAAGGCACCCGTCTCAGCTTTGGCGACTACGGCCTGAAGTCCCTCGAGGAGGGCGAGGTCAACAGCCGCCAACTTGAGGCGGCCCGGGTGGCGATCAACCGCTACCTGAAGCGGGACGGAAAAGTGTGGATCCGCGTGTTTCCGGACAAGCCCAAGACCAAGACCCCGGCGGAGACGCGGATGGGGAAGGGCAAGGGGGAGCCTGAGCACTTCGTCGCGCCGGTGCAGCCGGGCAACGTCATCTTTGAGGTGGGCGGCGGTGCCGACGAGGAATCGGCACGAGAGGCCCTGCGCCTGGGCAAGCACAAGCTGCCGCTCAAAACAAAATTTGTGGTCCGTCCGGGCTCACGGGCCGAAGAGTAGGTTCGTGCGTGCGTGTTCGGGACCGTTCACCCAAGCCATTTATACTGATGGATGCCGACCAGATTCGAGACCTCAGCATCGCGGAAATTGAGACGCGGATTGACGAGGAGGAGGAAGAGCTGGAAGAGCTTCAATTCCAGCACGCCATTCGGGGAC
CP030356.1_gap31	1433205	1438021	4816	CGTGTCCTCGGACTTGCTCTTCCAGTTCCCACTTTGTCCGCCGGTCTTGGCGCGCAGGTGCACGTCGCCGATGCGGATGTCCTTGGTGACCGACTTGCACATGTCGTAGATCGTAAGGGAGGCGACCGAGACCGCCGTCAGCGCCTCCATCTCGACCCCCGTTACGCCGAAGGACTTCGTAAAGGCCCGAACATCGATGGCCTGCTCGTCCTCGTTGAACGTAAAGTCGACCTCCACGCCGTTGATGGTGGCATCGTGGCAGAGGGGAATGAGCTTGTCGGTCTGTTTAGCCCCCATGATGCCGGCGATCTGGGCGGTCGTGAGGACGTCGCCCTTCTCGATGTCGTGCTCCCGGACGCGCCGGAACGCCTCCTCGCCCAGGTGAACCCGTCCGGCGGCGACGGCCGTCCGGGCGGAGTCCGACTTCTGGGACGCGTCCATCATGCGGACGCCTCCTTCGGGATCGGGGTGGGTAAGTGTAGAAGGATCGGCCATAGGTCAGTCAGCAAAAGCGAAATGAATGCGTACACACGGAGCAGGGCTCAGGGAGGATGCTCCGTCCGTTCGAATCGGGAGGGGGCCCGTTGGTTTCAAAACGCGAGAGGGGGAGTGATTAGTGTGCGTCCGGCCAGTCGGGGGTTGTGTGCACCGGAGTGCCCCCCAGATACGTCGCCACGACCTCCGTGTCCAGAAGGCGGTCGGACGGCACCGTCATGAGGTCCTGAGAGAGTACCACGAAGTCGGCGCGTTTGCCTACGGATATGGATCCGATCTCGTCCTCCTGAAACGCAGCGTACGCGGCGCCCTGGGTGTGGGCGTAGAGGGCCGTGGCGCGGGGCAGCCGCTCGTCGGGCTGCCAGCCCCCGTTGGGCGCTCCGCCGGCGTCCCGGCGCGTGACGGCGGCATGAAAGCCCCGGATCGGGGCGGGGGGCTCGACCGGCGCATCGGACCCGAAGGCGAGGCGGGCGCCCGCCTCCTGCAGGCTTCGCCACGCGTAGGCGTCTGTGAGTCGGTCCGGGCCGAGCCGCGCCGGGGCCCAGTCGTGATCGCTCGGCGCAAATGCCGGTTGGACGGAGGCAATCACGCCGAGGCGGCCGAAGCGGGGGCGGTCGTCGGGGGCCACGATCTGGGCGTGTTCGATCCGGGGCCGGCGGAGCGGACGGGTGCTCTCTCGGGCGACGTGTTCGTACGCGTCCAGCACCTGTCGGTTGGCCCGGTCGCCGATGGCGTGGGTGTTGACCTGAAACCCACACTCGTGCGCCACCCGCACGTGCTCCCGGAACGCGTCGCTGTCGTGGAGGAGGAAGCCGCGGGTGCCCGGCGCATCGGCGTAGTCCTCAAGGAGGGCGGCGCCGCGGCTGCCGAGCGCGCCGTCGGCGAAGAACTTGACCGACTCCACGTCGAGGCGGCCGGACGGGTGGTGCAGCGGGCCCCGATCACAAAAATGCTCGAGCGTCTCCCCGCGCCCGTCGATCATGGCGTACAGCCGGAGCGGGAAGCGATCCTTCTCAAGGAAGTCCCGAACCCGTCGGAGGGCCGAGAGCCCCACCCCGGCGTCGTGCAGGCTCGTAATGCCGCGCCGGGCGGTGTGGCGGAGGGCTGTGGAAAGGGCACGGTCCTGGTGTGCCGCACTGGGGGGCGGAATGTGGTCCTCAACGAGGGCCATCGCGGCATCGATCAGCACCCCCGTAGGGATGCCGGTGCGGTCGCGGTGGATGTGCCCGCCGTCGGGGTCGCTCATCTCGTGGAGGCGGTCGAGGCCCACGGTGGCCTCCAGGGCAGCCGTGTTGGCCCACCCGGCATGCACATCCGTGCGCGTGAGCCAGACGGGACGCTCCGGAAACGCGGCATCCAGGGCGCTACGGGAGGGGAGGCGGGCGGGCGTCCACTCGGTCTGGTCCCACCCGTGGCCCCGCAGCCACGCGCCGGAGGGAGGGGCGTGGTCGGCGACGAATGCCCGGAGTTGTTCCACGACCGCGTCGGGGGACGAGGCGTCCGTGAGGTCGGCCCGTCGAAGGGCGAGCCCCAACTCGTGCAGGTGGGCGTGGGCGTCGACGAAGCCGGGCACGAGGGTCCGTCCCTCGGCGTCAATGCGCCGGGCCTCCGGAACGGCCGTCGAGGCCTCTGCGGGCGAGCCAACCGCCGCAATCCGGCCGTCGCGGACGGCCAGGGCCGAGGCGGGGACGGGCCGGTCAGTCCCGCCATTGACGGGGTACACGCGGGCATTCGTAATCAGGAACTCGGAGGGGGGCATCGGAGGAAAAGCAAGCAGCAGGAGGTATGAAAAGACGATAGGTCCAAATCAGGTGATTTCATGGAAGCGCTTTTCGTAAAGAACGGGTGACTGAAAGCGCTTTGCACAAAACCACAATTTGATACTCACAGGGCTTTCACTCATATAACGAGTCCCTTTACACGGATTACGAAAAATAGGCCATTCCGGGCGGCTGCCCGGTTTGAATCGGCAGTTTCCATTGCGGCACGACCCGCGACACGATCATGGGCTCCTCCCTCCCACCCCCATCCCTCGTGCCATCCCCAGCCCGTCCGTCACTAGGCCCCCGGCGCGAGCGATCCAACTGTGGCGTCGGGGTCCTCATGGACCTCAACGGCACGAAGAGCCACGCAATGGTCGACGAGGCGCTCGGCCTGCTTCGCCGGTTGGACCACCGTGGGGCGCGTGGCGCCGAAGAAAACACGGGCGACGGGGCGGGGGTCCTGATTCAGAAGCCCCACGCGTTCTACCAAGACGTCGTGCCGAGCCTGGGTGCTGTGGACTCCTACGGGGTCGGCCAGTTTTTTCTCCCGACCGACGAGCACGTCCAATCGGCGCTCCGCGACTTCGTCGATCAGCGGGTACGGGCCGAAGGCTTTGAATCGGTTGCGTGGCGCTCTGTGCCGACCGACGCCTCCGGCCTCGGCCCCACGGCCCGCGCCACGGAGCCCGACGTGTGGCAGCTCTTCGTCCGGCCCGCCGAGTCGCTTTCGCCCGAGGCGCTCGACGCCCGGCTGTACGTCCTGCGTCGTCTCCTCGAATCGGCGGTGGCGAACAGCGGCCTTGACGATAGCGAGACGTTCTACGTCTGTTCGTTGGATCGGCGCAGGGTGGTCTATAAGGGACTCCTGACCAACGCGCAGGTTGCCAGCTACTACCCGGAGCTGACCGACGATCGGGTACAATCGACCCTGGCCCTCGTCCACTCGCGCTTCTCCACGAACACGTTGGGCGCATGGCGCCTCGCCCACCCCTACCGCACCGTCGTCCACAATGGAGAGGTCAACACGCTCCGTGGCAACCTCAACTGGATGCGGGCCAGGGCGGCAGACCTGCACACCGATGCCTTCGGGGAGGACCTAGAGCGAATCCGGCCCATCACCACGGCGGCGCAGAGCGATACGGCGGTGCTCGACAATGTCCTGGAGCTGCTCGTGGAGAGCGGCCGCTCCCTGTCACACGCCCTGCGGATGCTCATCCCGGAGGCCTGGACCAAGGACGCCCGCATGAGCGCGCCCCGCCGGGCCTGGTACGAGTACCATTCGACCCTCATCGAGCCCTGGGACGGGCCGCTCCTCGTGGCCTTTACCGACGGGGACAGGGTGGGGGCGGTGCTCGATCGCAACGGCCTGCGGCCGTGCCGCTACTGGGTCACCCACGACGACCGGGTCGTCATGGCCAGCGAAGCGGGCATCGTGGACCTGCCGCCCGACCGGGTGGCCCGGAAGGACCGCCTTCAGCCCGGCCAGCTTTTCCTCGCGGACGCGGCGGTGGGGCGCATTGTGCCGGAGGACGAGGTGTTCGGGCGACTGACCGACGAGAAATATCAGCGGTGGCTCGACACGACGCGGGTGCGGCTTCGCACGCTGGTGTCCGCCGATACGTCCAATGGCGGGGCGTCAGCGCCCGAGGCCGCATCGTCTCTGAATGGAGCGTCGGATGCCATGCCCCGGCGACAGCGGGCCTTCGGCTACACGCGGGAGCACGTCCGGCGCCTCGTGCAGCCGATGGTGGACGACGGAAAGGATCCGGTGGGCGCGATGGGCAACGACACCCCGCCCGCCGTGCTTTCGGACCAGAGCAAGACGCTCTTCACCTACTTCAAGCAGCTGTTTGCGCAGGTCTCCAATCCGCCCCTCGACTACATCCGCGAGGAGCTGGTCACCTCGCTCGAAAGCCACATCGGGCGCAAGGGCAATCTGCTGACGGAGCGCCCCGAGCACTGCCGACAGGTGCACCTCGACTCGCCCCTCCTGAGCGACGCGGAGCGGGACGCCCTCCACGACATCGACACGAACGGCATCCGGTCGACGACAATCGACACGACGTTCGGGGACGAGATGGGCCTGGAGGCCGCCGTCGAGCAGATGTGTCGGGACGCGCGGGAGGCCGTGGCGGCGGGTGCCGAAATTCTCCTCCTGTCGGACCGCGGCACGGGGCCGGATCGCCTTCCCATCCCGAGTCTGCTCGCCGTGGGGGCCGTGCACCACGACCTGATCCGGGCGGGCCGCCGGACGCACGCGGCGCTCGTGGTCGAAAGCGGGCAGCCCTGTGCGGTGCACCACGTCTGTACGCTCCTGGGCTACGGGGCCGACGCCATACATCCTTATCTGGCCTACGCCACTGTGCGCGACTGGGCAGGGCGCAGCGATGCGGTCCCCGACGGCGAGACGGCCATCGAGCGATACGTCGGCGCCCTCGAACAGGGCCTGCTCAAAGTAATGGCCAAGATGGGCATCTCCACCCTCGAAAGCTACAAGGGGGCGCAGGTCTTCGAGGCGGTTGGCCTCGACTCGGAATTTGTAGAAACGTACTTCTTCG
CP030356.1_gap32	1449289	1452831	3542	ACACTTCAAACCCGTCCTTCTGCGGCAGCCGCACGTCGAGGAGCACGAGATCGTAGGGGGGGAGGGTCGTCATCTCTTGGAGGGCATCCTCGCCCTCCATGGCGTGATGCACCTCGTAGCCGTGCTGGGCAAAGAACGACTCCAGGCTGCTTCCCAGGTCCGGATCGTCCTCCGCAATGAGGAGCCGGGCCTCAGAGGCCCCTGTCGCACTACTGGGGAAAGGCATGACTGTGCCTGTGGCTTACGAGAATTGCAAGTGGAGTGAGGCACTCCAAAAAATTACCCCTCCGGTGTTCAAAGTGCAAGATGCGGGAGGGCACACCGGACGGCGGGGATGCAGAACGGCCAAGCAGATTGCACGTACATGGGAGCCCATAGAATTTCCTCGGTACGCGCCTTCACGCATGGACGCATCGCCGCTCTTCGATCCCGAATACCTTCCTATCATCGCCGGAACGCTCATCGGATTCGCGTTGCTAGCCGCGCTGCTCCTCGTGCCGATTTGGCGGTTTCTCGATCGGGAGGAGGAAGTGGCGGAGGAATGGACCCCGGAGGCCGTTGCGGAACGGATGCGTGAGCACGAAGCCTCGACAAACGCCCCGGAGAGTGTGGAGGAGACCGATCCGTCCCCCGAGCAGGGCGAAGCGGCCCCGCGCCCCCCCGGGTCGTAAGCGTACAGGAGGGCGCGCCCGGTTCGCTATTTGGAGGCGCTGTCGGGGGCGGTGACGCGGACCATTGGACGGAGGGTTGAAAGGGTCTTTGGGCCAATGCCACTGACGCGCTCCAGCTCGTCGACGCGTTGGAACGGGCGCTGGGTCGACCGATACGTCACGATCCGCTCTGACAGGGCCGGTCCAATTCCCGGAAGGGCATCCAAGGCCTTCGGCGGTGCCGTATTCACATTGAGGGGCTGCTCCGCGGAGGGGGACCGTGGCCCCGAAGACGCCAACGACGGGGGGATCGAGTCTGTTGGGGACGGGGCGACGAGCGAGTCGGCGGCCACGGGGGGAATCTGTTGCTGCTGTAGGTGGCGCACCGCGAGGCCGAGCAGAAACAGCACCGCTAGGGTGAGAATCGCAAGCCCCTCCTGACGAGTAATGGAGAGCCGCTGTTGCAGTCGGTAGAGCCAACCCATGGCGGCGACGAACCTGTGGAGACATGCACCACGCCGTGCCCTTTCGGGGAGGAAGACACATGCGGAGGCGGAACGTAACGTGTGTGGCTCGGGAGGGGCGGGCCGCCAGCCCGGATTCTGCCGCCGACGCGCGGTCGTCTCCCGAACAGGGATCGTGCCCCCGAACCTGTCAGCATCTCGTGACCATGGCACAGCGTTCAATCGTCCGGACGAAGGCCGTCGTCCTCCGGAGCATCGACTACGGCGAGACGAGTCAGATTGTGACCCTCTTCACGCAGGAGAAGGGCAAGCTCGGCGTGATGGCGAAGGGGGCCCGGCGCCCCAAAAGTTCGTTCGGGGCGACCCTGCAGCCGATGGCCTACACGCAGGTGGTGTTCTACCACAAACCCTCCCGCACGCTACAGACCCTCAGCGAGAGCAGTCACGTGCAGTCGTTCCACCGTCTCCGTGAGAAGCTGCCGACCATCACGGTGGGGCTGCGCATCGTCGAGCTGGTCGACGCCCTGATGGAGGAGGAGGACCCGCAGCCCGCCGCCTTTGCGCTGGTCGTCCGGGCCCTTCATCGACTCAATATCGCAGAGGCGCGGGTGAGCAACCTCTGGCCGTACGTGCAGCTCCAACTGGCTCAGATCCTGGGGGTGGCACCGGCCGTCGACCGGACACGGGTGGAGGCCGTGACCGGGGACGAGGGCCTCCTTTCCCTTGCGGACGGAGGGGTGTACCCGGCGGACGGGACGCCGGACCAGCCGAAGCGAGCCTCCCGGGCCGCCCTCCGGGCCTACGCCGTCTGCGCCCGTGCCGATCTCGACACCGTGATGCGCCTGACCATGTCCCCCGCCGTCCGGCGCGAGGTGGAGGCCCTCGTGCGTGACTTTCTGCGGTATCAGTTCGACGACGCCTATCCGGATCGGAGCCGCTCGGTCATTGCGCAGATTGAGGGGGCGAAGCCGACCGACCGGGCCACTTGACCTTTTCCGGCGTTCTGGATACCCTACTGTGTGGAATATGTGGCCGTCTCTGCTCCCGTAGAGTACGCCGGCACTTCATTCATCAGCTGAGCGCCACCGCCTCTCCGCTATGGGTCGGAAGAAGCTCACTGCCAAGCAGCACGAATTTCTGCAATTCCTGATCGATCACACCCGGGAGACGGGGGTGTGGCCGACCTACCGGGAGATCATCGATCACTTCGGCTACAACTCCCCCAACAGCGTCACCCAGAACCTGAAGGCGCTTCACCGCAAGGGGCACCTTACACGGGACGACCAGGGCTACCACCTCGCCACGCGCTACCAGGAGCAGGAGGAACCGGGGATCCCGGTCAAGGGCATCATCTCGGCCGGTACGCTCCAGGAAGCCGTGGAGGCGGATCTGGGAACCATCACGCTCGACATGCTCTTCCCGAACCTGGACCAAATCTTCGCGATTCGGGTGTCGGGGCAGTCCATGCGGGGGGCGAACATCCGTGATGGCGACTACGTGCTGCTCATTGACGAGGACATCCCGGAGGGGGGGATCGGTGCGGTGCTGTACGACGGAGAGACCTCCCTAAAACGCGTGCACCACGACGACGAGGGCCTCCGCCTAGAGCCCTGCAATCCGGAGTACGACGACATCCACATCCAGCCCGATGTGTTCGAGGAAGTGACCATCCTCGGGCGCTATGTGGGCCACATCAACGACGAGGGCATTCATAAGAAGAGCGGCCAAGGGACTCCGGCGGTCCGCTAGCGCCCCGCGAGTGCCTGTGCACACCTCCGATTGCTTCGATCTCACACCTTTGCGTTCATGAGCGACCTGCCGAACTGGAGAGACAATCTGCGCCGCGAGGGGGGGCACTGGGACGACGGCCGCTGGTACGACATCCATCTTGAGCGGCGGCTTCCGCAGGCCGTTCCGATGCTCGAAGAGTTGGCCATGGCCCTTCCGCCCCTGCCGCCCGGCGCCACCGTCTGCGACCTTGCGTGCGGCACCGGCAATGCGGCCGCGACTGTGCTCGATGCGTATCCGCAGGTGGAGCTCGTGCTGCTGGACGAAGACCCGGACCTGCTCTCCATCGCACACGAGAAGGTGGGGCAACTCACGCGCAACGCCGAGCCGCTGCAGGTGGCCGTGCCCTCCGACGGGGCGCCGCTCCCGGGCGGGCCCTACGACCTCGTCGTGGCCTCGCTGGCCCTCCACGCCATCGTGGGGCACGAGGTGGATCCGGCAGAGGCGGAGTCGCGCTACGAGCTGCTCTTCCGCAGCGTCCTTGAGCCCCTACGCCCCGGCGGGCACTGCCTCATCGGCGACCATGTTGGTACCCTGCCGCTCTATCCGCAGCTCAAGGCCATGGAGCGCGCCGGCTTTACGGAGGTCGACTGCGCGTGGCGCCAGGACGACTTCTTCGTAGCGGGCGGCCGAAAGAGCC
CP030356.1_gap33	1465545	1468167	2622	ACCAAAAGCTCCGGCTCGCGCCGACGTACTACAACGACCAGTCCGATCTTCGTGCCGTGCTACGGGCCCTGGATGCCTTCGAGACCCCGTAGGTGCTTGCAGGTGTCCACAGCCTACTTCTGCCGGAGATTGGTTCGGAGTTGGATTAGTTTCTGATTGGCCGTCCGAATCTCCGAGTGAACGTCCGGAATGTGTCGTTCGACGCCCTCCGGATTTACGCTGTAGGCCCGACGGGATGCTTCTAAAGTGGTATCAATCGCCGCGAGCATGCGCTCGTCGGGCCAGTGCCCCGACAGGAGATCCAGCGCAGGGTGGATCAGCCAACTCTCCGGCGATCGGTTGTCGACCAGAAGCGTCGTGTAGTATCCCAGCGCATCAAGCTCTTTCTCTGAGGGCGCCTTGTTCTTCATGGCACCAAAGTGGTTGTGGAGTATGGCATGAGCGGCCTTCTGCTCACGAAGCGGCTGAGGCACGGAGGAAGATTCGGAAAGCCGGCTCCGAATAATTTGGTCGGCTTCGGACCACGTCGGGGCTGCATGCACAAGACTATCGATGTCGCGTGAAAATTTGGCCAGCGCCGAGACACCCTCAGAATCGAGCGAGGCCGAACCGTATTCGGCAGGGGCCCCGTATTCGGAGGCGGTGGAGAAGCGCATGGATGTGTTATCAAGCGTGTCGGACACTAACGACACCGACTCTCCGGCTGGCTCTGGGGCGTTCTCTTGTGCTGATTCTTCCCGGGCGCATCCCAGTCCCACGAGGAGCAGAATCAGAACTCCCAGTACGGCGGCGTGTGAGAACCGAATAGGCATTTTGGCGTGTGGAAACGTCCAAAAAGACATGTCATATTTTGGGGTATAAAAACGATGTGAGCGTGTTTCTTCGTCCCAACCGGGCATTGCCTGTACACCAGTCCCTTATCTCTGATGAGCAACGCCGCCGAGATCTCCGACTCATTCGATCCCGATCGGTACGACGCCGAGGTCTGTCGGGAGGAGAACGTTGTTGAGGTGGTTGTGCCGGAGACCGAAACCGGTGGGCCGCGGATCGACAAGTACCTCACGCGCTTTTATCCCGAGGCGTCCCGCACCAAGATCCAGCGCGCGATCAAGAAGGGCCACCTGAAGGTGAACGGGGCGGATGTCAAGAAGTCGTACGGGGTGGAGCCGGGTGACGAGATCGTCTTCCGGCTCATCCGCAAGCCGCCGATGCAGGCCGAGCCGGAGGCGATTCCGCTCGACGTGGTCCACGAGGACGACGACCTGCTCGTGGTGAACAAGCCGGCGGGCATGGTGGTGCATCCGGCGCCGGGCCACCGGTCGGGCACGCTCGTGCACGCCCTGCTGCACCACGTAGACGGGGGCGAGGTGGCCGCGGACGACGAGCGGGATGAGGTGTCGGAGGACGAGGTCGGCCTTTCCCTGGTCAATGCGCTCCCGCAGTCGCCGGACCACCCGGTCGTGCGCCCCGGCATTGTGCACCGGCTCGACAAGGGCACGTCCGGCCTGCTGGTCGTGGCGAAGCGGGGCCGGGCCCACCAGCCGTTGGCCGAGCAGTTCAAAGCCCATACGGTGGACCGGCGGTACCGGGCGATCGTCTGGGGGCATTTCGCCCCGTCGGACGGGACGATCGAGGGTGCCATCGGGCGGGATCCGCACCACCGGCAGCGGATGGCCGTGGTGCCCGAGGACGAGGGCAAGTGGGCCCGGACGCACTACGAGACCGTCGAAACCCACGCGCACACGTCGGTCGTCGAGTTCGAACTGGAAACGGGGCGGACCCATCAGATTCGCGTCCACGCCCGCGCCCAGGGGCACCCGCTCCTCGGCGACCCGAAGTACGGCGGGCAGCGGGTCCGGTACGGGACGCAGAGTGGGACCCGTCGGACCTTTTACGACCAGCTCTTCGAGACCCTGCCTCATCCCGCGCTTCATGCGTATCGTTTGGGCTTCGACCATCCCACCACGGAAGAGCGCCTTCGCTTTGAGGCCGATCCCCCGCCGGCGTGGCGCCGCGTCCTGCGCGAGTTGAGACAGGAGGAGGGAGCAGGGACGACGGACCCGTGACCCAGGCTTTACGAAAAGAGAAACGTTACAGGCCTGCGGACTTACGGGGCATCTCGCGGGGAAACAAAGGGCCCCACCCTTTGATACGGCATCGTGAACTTTTGGCTCTGCTTGCAGCGTTGACATCCCGAATAATCACCGGGCATGCCGGTGGAGGCTCTCCTCTTCCGTACTGATTCTACACAGGTCGTGCCACAGGTCCGTCCCGTCCCCACCGAAGTGGGGAGTGAACGACAGTCCTGCACTGCACGGGAGGCTCGTTGCCGATGAACGGGCATGTTCTCGTGCTAAACCAGGACTACAGCGCCCTCACCGTCTGTAGCGTGCAGCGGGCCGTCGTGCTCATGCACCTGCAGAAGGTACACCTCGTGGAATCGGCGGACGATCAGTACGTGCGTTCGCCGAGCGTGGAGCTGCCGTGGCCGAGCATCGTGCGCCTGAAGCAGTACGCCAACGTCCCGTACAAGCGCGTCATGCTCTCCCGCAAGAACGTCCTCAAGCGGGACCGCAACACGTGTCAGTACTGCGGGGCCCAGAGCAACCTGACCATCGACCA
CP030356.1_gap34	1490107	1493640	3533	TGCCCGCACCCGGTGGCCGCCGCCGAGACGTACATCGGCCTCGTGGAGCTGGGCGTGGGGCTCATTCCCGCCGGGACCGGCACCATGCGCCTCGCCGCCAGGGCCGCGCAGGACGCCCCGAACGACAACCACAACGCGATCCAGGATCACCTGCGCCCCTACTTCGAGACGGTGGCGATGGCCGAGGTGGCCGAGAGTGCCGCGCAGGGCATCGAGATGGGCTTCCTGCCCGAGAACACGCGCGTCGTGATGCACGAGGACCGACGCCTCTACGCCGCGAAGCAGGAGGTGCTGCGCCTCAGCGAGCAGGGCTACGCCCCGCCGCCTGTGATGAACAAGATCAAAGTGCTCGGGGCGAAAACGCTCTCCACCTTCAAGGTGGCCCTGATGCAGTACCGCGAGGGGAACTACATCACCGAGTACGACGAACACCTCGCCACGCAGCTCGGCAAGGTGATGTGCGGCGGGGAGTTGAGCAGCCCGCAGGAGGTGCACGAGGACTACCTGATCGAGTTGGAGCGGGAGGTCTTCCTAAGCCTTCTGGGCGAGGAGAAGACCCAGGCCCGCATCCAGCACATGCTGGAGCACAACAAGCCCCTCCGGAATTAGGTGTTTGGCGTTGGTGGGTTGTGCGTTAAGTGTTTTCGTCTACGGTTCCTGTCCCACCGCTCACCCCCAACCCAAAACACTCAGAACTTGTTTTGCGAGCAGATGCTCAGCCGAGACACAGTGGGCAAAGCTGTAAAATGGCGCCCAAATGAACCTTGTAGTGGAGCTACCAGGTGAATGCAGAAGCCATTTTGCACGAGATCCACGCAGTCGCAGGCCGCAGATGTCTCGCCAAACAGGTTCTCAACGCCCAAACTCTCCAACCGTCAACCCAGACCCATGAAAGCAACAAACGACGCCTACATTGTCAGTAGCGTCCGCACGCCCGTCGGCAAGGCCGAGAAGGGCACCCTCGCACACTACCGGCCGGAGGACCTCGGCGCCGAGGCCGTGACAGGGGCGCTGGGCCGCGTCGACGGCCTGGAGCCCGAGATGGTGGACGACGTGCTGATGGGTTGCGCCTTTCCGGAGGGCCCGCAGGGAATGAACGTGGGCCGCCTGATCGCGCAGAAGGCCGGATTGCCGGACCACGTGCCGGGCGCGACGGTCAACCGCTTCTGCTCGTCGGGCCTGCAGACGATCGCCCAGGCCTCGCAGCGAATCGCTACGGGAACGGCCGACGTGATCGTGGCGGGCGGGGCGGAGTCGATGAGCCAGGTGCCGATGAGTGGCTTCTTCTTTCAGCCGGACCCGGAGCTGACGGAGGAAAAGGTGGGCACGTACGTCTCTATGGGCATTACCGCCGAAAACGTGGCCGACGAATACGGGGTGTCGCGGGAGGACCAGGACCGCTTCGCGCTGCGCTCCCACGAGCGAGCGGTGGACGCCATCGACCAGGGGCGGTTCGAGGACGAGCTGGTGCCGCTGACCCTGGAGGAGACGCACTACCAGTCGGCAAACGGGCACGCGGGGGAGGCCACGACCGAAACCGTGACGTTGGAGGTCGACGAGGGGCCGCGTCGCGACACGAACCTGGACGTGCTCGCCAAGCTGCCCGCCGCGTTTCGGGAGGGCGGCAGCGTCACGCCGGGCAATTCCTCCCAGCGGTCCGACGGGGGGGCCGCGACGGTCGTGATGAGCGGCGACCGGGTCGCAGACCTCGGCGTGGATCCGCTCGGGGCGCTGAGGGGGTTCGCCGTGGCGGGTGTCGACCCGGAGCTCATGGGCATCGGGCCGGCGGAGGCGATCCCGCAGGCACTGGCGCAAACCGGGCTCTCGGTCGACGACATTGGGCTCGTGGAGCTGAACGAGGCCTTTGCCTCGCAGTCGCTGGCCGTGATTCGAGAGGTAGGGCTCGATCCAAACATCGTCAACGTGAATGGGGGGGCGATTGCGCTGGGACATCCGCTCGGTTGCACCGGGGCGAAGCTCACCGCCACGCTGCTGCACGAAATGATCCGCCGCGAGGTGCGATACGGCCTCTGCACGATGTGCGTGGGGGGCGGGATGGGCGCCGCGGGCGTGATCGAAAACCTTCGGCTTTGACGGGCCGGGCGCGCCTCTGTATCAGACACGGCAGGTCTTTTTGTACGACCCGTTTTGTATATGAGCGCAAGAATTGAAGGGAAGGTCGTCGTGATTACGGGGGCCAGCAGCGGGCTCGGCGAGGCGGCCGCGCGGCATCTGTCCGACCACGGCGCCCGTGTCGTGCTGGGGGCGCGGCGTACCCAGCGCCTCAACACGATCGCCGACGAAATCGTCGAGGGCGGCGGGGAGGCACGTGCCGTCTCCACCGATGTCACCGAGCGCCAGCAGGTCCAGGCCCTGGTCGACGCCGCGGTCGACGCGTTCGGCCGCATCGACGTGATGCTCAACAACGCCGGCGTCATGCCGCTCTCCCCGCTCGATCGGCTCAACGTCGACGAGTGGGACCAGATGATCGACGTCAACGTGAAGGGCGTCCTGTACGGCATTGCGGCGGCCCTGCCCTACATGAAAGAGCAGGCGTCCGGCCACATCATCAACGTCGCCTCCGACGCGGGCCACGAGGTACACGAGGGTAGTGCCGTGTACGCGGCCACGAAGCACGCCGTGCGGGCCCTCTCCGACGGGCTGCGCCAGGAGGCAACGCCCTACGGCCTCCGCACGACCATCATCTCCCCCGGGGCCGTCGAATCGGAACTGCCGGATACGATCTCCGAAGGGGACGTGGCCGAGGAGACTGAGTCGCTCTACGACGGGCACGCCGTGTCGGCCGATTCGTTTGCGCGGGCCGTCGCGTTTGCGATCGAGCAGCCGGAGGACGTTGACGTGAACGAGATCCTCTACCGGCCCACCACTCAGAATCTCTGACGTCGATCAGCTTCGGCGCCCGGGAATTCGCCGGCATATGCTTTGGAGACGAGGAGCGTTGCTGCGGTCTGCGCCCATGCGCACCGCGGAGCGCGCCGAGCAGAACGCTTCTGAGAGCCGTGGTTCATTTCTGGGGCCGCACGGACGTTCCGCTACAGCAGTAGGCGATGAGAAGGGCCGTGGGACGCCACAAGTATTCGGATGGGATCCGAACAGGGCCTGTCGGTGAACTTGCAGAGGATAACACCGTTAATTATAATGATAACGTAAATTAACGGTGTTAACCAGCGCTCTACAGCGGTTTGCACCCGGTTCGACGATCGGGCCGGGACGCACGAATCTGTTCACCAGTTCAAAGGGCCCGCCATGACTCTTCCGTTGTTTGACTTCTTTGCCGGCATGCCGACGGTCGGTATTGTCGGGGGAATGCTCCTCGTGCTCGCTGTACTCGGCTACACCGGGGCGCCGCTCTGGGCGTGGGCCTTGGCCGGAGCCGTCGGACTCTACGGGGGCGGCGCGCCGCTCTGGGTCTGGATCCCGTACGGGGGCCTCGTGGCCGTCTTCAACATTGGGCCGATCCGGCGCCAGGTGTCCGCGGGCGTGATGGGATTGATGGAAGCGCTTCAGTTCCT
CP030356.1_gap35	1496932	1500961	4029	AGCCGGAATGGTTTTTGGGCGGTTGACGACCCCGTGCATGATTTCTATGCACAACGTTGTCCGCCGCTTCACATTCACGCGTTCAGCCCCAGTCCCATGGACCCCCTCAGCCTGAATCTGTTTACCAGTGCCGTCGAGGACATTGAGCGCACTCAGTACGAGGTGCTTGCGGGCCTGGAAACGGCCCGCTCCGCGTTTGAGGAGCAACGCGTCTACCCCCACCTTGGCCGGCTCGCGAAGCTCCACGGCGCGCTTTCCACTATCCTGGACCGGACGGAAAATTTTCGCACCCCCGACACCGGCCGCATCGCGGGCATCGACTGGGAGGACAAAACCCTCACCTACGAGTGGCCGGACCTCGACGGGGGCGAGATGGCCGAGGTGGAGGACCTGATCCGGTGGGCGCTGCCACACATCCGAGAAGTCATCGACGAAGGGACGGCCGTCTACGAGGAGGTGGAAGACAACCTGGAGCTTGAGACGGTAGGCATCGTGCCGTCCTACGTGCAGGAAGGTTATCTCATGGTGCCCCACCGGGACGACGAGGAGCTTCACGTCCTGCGCTATACACTGTCGCTCATCGAGGGGGACGGAGAGACCCACCGCGCCCTGAAAACGGTCCACTGCAAGACCGTCCCGGAAGAAGAGGTGGACGCGAATCCATCGTCCGTCAAGCTCCAGCTCATCGAAGAACGCCGCGACCTGCCCACCCCGGCCACGTACTTCTCAAAAACCGACCTTGACGTCCCGTACCAGGAAACGCTCCTGCCGGTCGTGAAGCGCCGGCTGGTGCGGCAACTGGCCGCCGAGACGGGGACGGCCGATGCGCGGCGTCAGTGAGGCTGCGCGGCCCGCTCGTCCGTCTCGAGCAGGCGGTCGGCCGCCTCCAGGCCGGACGTAAGCGCATCGCCCACCGACACGCCCGCCCGGTAGTTGCCGGCAAAGGCAAGTTGAGGGTGGGCCGCCTCCAGGGCGTCAAATGTGTCTTTGACCGTTCCGTACCCGAGCTCGTACTGCGGAATGGCGTGGGGCCAGTGGACGAGGCGCCGAAACACCGGCGACGCATCCACACCGAGGAGTGAATCCAGGTCGCGGGCCACGCGGGCCTGAAGGGCCGCCGCGTCGGACGTGGCGTGATGGGGGGCGCGTGCGCCGCCGACGAAGGTGGTGAGAAGCACGTGCCCCTCCGGGGCGCGGCCGGGGAAGAGCGTGGAGGAAAAGATGGTCCCGAGGACGTCCAACGTGTCCTCCACCGGCGGCACGAGCATCCCGAATCCATCGAGGGCGTGGTCGATGGCGTCTCGCTCGTAGCCGAGGGCAAGCACACTCAGCGGGGGATAGGTCACCTCCCCAAGGGGCGCAAGATCGACGGGGGTGTCGATCTCCATCGCGGCGAGCCGATGGAGCGGCACGGTGCAGACGAGGGCGTCGAAGGAGCGGGTGTGTGCTGGGGCATCCGGGGGCGAGACCGTCACCCGCCACGCAGTGCCGTCGTGCGCGAGGGCGTGGACGGGGGCGTTCAGGCGGATGCGGTCGCCGAGCGTGTCGGCCAGTGCGTTGGGGAGCGTCTGCAGGCCGTTGCGGAAGGAGAAGAGGCCCGACGGGGTGTCCGGGGGGTCACCGTCGTCGCTGGTCAAGGCCCGTCGGATTGCGCCGAGGAGGAGGGAGCCGGACTCTTCTTCGAGCGCGGCGAGGCGACGGAAGGCATGCTGGACCGACAGGTCGTCGGGCCTCCCCGCGAACACGCCCCCCACGAAGGGGGCGACGGCATAGTTGAGCACCTCGGGGCCCAGGCGCCGCTCCGTGAACCGGGCCACGCTCTCGTCCTCCGCCGCGGCCCGTCCGATGAAGGGCTCCGCCAGGAGGCGCAACTTCGCCCGGGTCGAGAACAAATCGGTCGTGAGGAAAGAGCCGACGGAGCGGGGCAGGGGTGTAGGCCGGCCGTCGCGCACCACGTACCGGGTATCGGCCGCGTCGTTGGCCCAGACGCGGTCCTCGTGGAGGTCGAGGGCGTCGATCAGCGTCTCCAGACCGGCGGCCCCGGCCCGGATCGAGTTGGGGCCGTGCTCTACCAGAAAGCCCTCCGACGACTCCGAGCGGATCACGCCCCCCGTGTGCCCGGAGGCTTCCAGAACGCGAACCGAATGGCCGTGCTCTTGAAGTCGGTGCGCGGCCGCGAGGCCGCTGATGCCGGCTCCGATGATCCCGACGTTGGGCATGTGGAGGGGACCGCTTCTCTACAGTCAAGTGCGTGTTTGATACTCAATGGCAGGCCTGCCGTTCGGGGCGGCAGGGGGAAGCGATCTGTGATTGCGTTCAATTTCCCGAGGCCTGGGCGAGCCGTGAAGGAGGCCCCCCCTGTACGCCCCCTCGAAACTGAGGAAACCCCGATGCTGGGAATGCGGTATTACTTGTCTTGCAGGCCGCAATTCTGTTCACGAACCTACAAAGTTGGTCATGGCGACGGAAAAAATGAATGAGGACTGGCGTCGGATTCGGGATCAGATTAAAGACATCTGGGACGACGCCGACTTCGACAACAAACAAATGAAGCGGGCGCGGGGCGACTTCACGAAAATTGTGGGTCTGATCCACGACAAAACAGAGGAGCCCATCGAGGAGATTCGCCGCAAAATGAGCGCCATCCTGTAGCTTGTTTGGGGCTGGGGGCCCAGCGACGCGCACGTCAATTGGGCGCCTTGGTCAACATGCCCTCCAAGTCCCATCCACAAGGGCTCGTCCCCAAACCGGGGACGGGCTTTTTGTATTTTTTGAGCGGGCGAGGGGGGATCAATCGGCGGTGTTCTGCCAAATCCGCTTGAGCTCAGCCTCGGACCACACGGGCGCCTTCGCGTCTGTGTCTCGGCGCGCTCGACGGGCCCTCCGGAGCTGCTCCAGTGGGTCCGTTGGGGGGAGAGACGACGATCTGCCGTCCGGCGGCGGCGAAGATCTCTGGGGATTGGGGGGCATGTCGGTCGTCCTCTCCTGCGCGAGGCAGGCGTTGAATGGAGGGCGGTTTGGGGACAACGATAAAACTGCTCGTCGCGTGTGCCCGGTTGTGCGCGTCCGGCGACAAAGCGGAGTCACCTCTCGGGGCGCCCGGCCTGCTGGAGGGCCTTTCGGGTCTGCTTTGCCCGTCGCTTTTTCCGGGTCCGGAGTCCATCCAGCCGGGTCCGCCGGCGGGACCGATGCACGCGACGAAATGGGCTAGAAAAGAGCGTCTTCTGTTTGTTCATGCGTCTTCGTCTCTTTGTCACCAATAAGTGTAGATCGAGCCCCCCTTGGACGCTTTGCGCCCGATAGGTTCCCGGTCGGAGTCATTTTTTAGTCGCCCCGGGCCCCGCGCGACGCCGTGAGGCGGGCAGCATCCCGGGCGCGGCGACGCGTTTTGGATTGGGGACCGCGTCGGTTAGTTTGGGAGCAGCATCACACTCATTTTGTCGTCCGCAACGTTTCTTGCTGCATGTCTGACTCCGGTACACTCGGCACCGAATCCCCCGTTGAAAGCGCTTCGTTTCAGGAGCAGGCGGCCCACTACCAGGCCCTCGTCGAAACGATGAAGGACCGCGCCGCGGAGGTGCGGATGGGGGGCGGGGCGGAAAAGATTGAACGCGAGCACGAGCGGGGCAAGCTCACGGCCCGCGAGCGGATCGAGTACCTGGTCGACGACCCGGCGGCGTTTGGGGAGCTGGGCCTGTTTGCCGGGTACGAGATGTACGAGGACGAAGGGGGATGCCCGGCAGGGGGGACGGTCATGGGGCTGGGGCCCGTTAGCGGCCAGGAGTGCATGATCGTGGCGAACGACGCCACCGTGAAGGCGGGGGCCTGGTTTCCGATTACGGCCAAGAAAAACCTCCGTGCGCAGACGATCGCGCTGGAGAACCATGTGCCCATCATCTACCTCGTCGACTCGGCGGGCGTGTACCTGCCGATGCAGGACGAAATTTTCCCGGACGAGGACGACTTCGGCCGCATCTTCCGCAACAACGCGAAGCTGTCGAGCAAGGGCATTCCGCAGATTGCGGCCAT
CP030356.1_gap36	1502319	1506483	4164	GTCCCGTCAATCTCGGCGTGGAAGTCGTCGACGGTCTGTTTCTGCTTCTCCAGAATCGTCAGGAGGTCGATGCTGCTACAGCCGACGACACTCAGGGCGGCCATCTCCATTGGGCTCAGGCCCTCCTGGTCGCCCGTCGAGGCAATCGTCACGTCGTGGTCGCCGTTCGTGCCGCGAAACTGGACGGCATCGTTGATCTGCTCTATGCTCAGGTGCATGCGTACGGAAAGGGGGTGGTGAAAAGACCTCGGGGCTCAGTATAGAAAACGGAAGGGAAAGAGTCAGTGGGCGTAAGCTGCCGTTATTGCAAACTGGGTTTGGCGTTGATCGGAAAAACGATCGGGAAGCAGGGAGGGAGCATTCGTTCACGCATCCCGTAAACTCTCCCCGTGTTTCTCACATCGCTCCGCCCGACATGGCCGACGGTCAGCCCACTCCTTCGCCTGCCCCGCAGGGCGATCCGTCGGAGAATTCCCCTTCCGCGTCCGTCTTTGCCCGACTCCGAGAGCGAATTCAGGGCGTCCGGGACACGCGTCTCGCCGACCGGCTGGCCCAAATCGATGCCGAGTTCGTCCGGGAGAATGCGCGGCGAATTACCGAGGCGGACCTGGACACGGTGGTCGATCGCGCCGAAGCGATCGAGGCACGTTTTCGGAACGACGGCGGAATCCGACGGCTGCTGGACGAGGGCCGTTTGCTTCTAGGGCTGGTTCGGGATGTCCGGGCGGGGCGGTACCGTTGCCTTCCGGTCTGGACGCTCAGTGCGGTGGGCTTCGCGCTCCTCTACGTCCTCAACCCGTTCGATCTGGTGCCGGACGCCCTTCCCGTCGTGGGGCTTCTCGACGACGCCGCCGTCGTCTCGGTCTGCCTTTCCCTGGTGGAGCAAGATTTGCAGGACTACCAAGCATGGCGACGCGCCAGCCGAAACGAGGAAGATCCCACCGATCGGGGCGCGTCCGGTCCGGGCCTAATTCCCTCGTAACAGTAGGCTCCGTGACGCGTCGTATCTTGCGCGTGAGATGCTTCCGTTTCCTTCTGACTGGTCGCCGGTAGGCGATGCCCGCCATGCTTCCATGGAACTTTGAGGGCGAGGCCTCCGAGCCCGCACAGGACCCGACAATGGCGCCGCACAAGCGGCAGTCCTACGAAGAGGAACTGGCAAACGCCATCACGCACGGGGTTGGGCTCGTGCTAAGTCTGATTGGCTGGGTCGGGCTGCTCGTCCTGTCGGGGCTGGCGGGCGGCGGGTGGGACCTGGCCGCCTCGGCGGTGTTCGGGGGCACGCTGGTCTTCCTCTACGCCACCTCCACCCTCTACCACAGTGTCGGCACCGCCCGCCTGAAGCGGACGCTCCGCATCCTCGACCATGTCGCCATCTTCCTGCTCATCGCGGGCACCTACACGCCCTTTGCCGGGGTGCTCATGCGGGAGGGCTGGGGCTGGTCCGTGCTTGCGCTGGTGTGGGGGATTGCCCTCGCGGGACTCCTGTTCAAGCTGTTCTCGACGCACCGCTTCCACCCGGCGGCCACGACGCTGTACCTGCTCATGGGCTGGCTGGGGGTGCTCTTCGCGGACCCGATGAGCGCCGCCCTGCCGCTGGGGGGGCTGCTCCTCATCGTGGCCGGCGGGCTGGCCTACACGATCGGGGTGCTCTTCTACGGGTGGCACTCCCTGCGCTACAGCCATGCGATCTGGCACGTCTTCGTGCTGGTGGGGAGCGCGTGCCACTACGCCGCGGTCGTGCTGTACGTCCTGTAGCCCCGCGCTACCACGCGTACGTTCCGAGTTCCGCGCCGAGATCGGTGTGGGGAAAGACCTGTCGCGCCTCCCGGAGGGCGTCGCGTTTGTCTCCGGGAGGGAGGTGGACCAGGAGGAGCCGGTCCACCTCGGCCTCGGCGGCCACCTCCGCCGCTCCCGCCGCGGTCGAGTGCCCGTCCCCGACGCCGTTGGCCTCGTGCACCAGCACGTCGGCCCCCTGTGCCAGGTCCACGACGCTGGAGGTGGGGGCCGTGTCGCAGGAGTACGCCAGCACGCCGTCGCCGCCGGCGTGCTCGAAGCGGAGCCCCACGTTCGCCGTGTCGCCGTGATCCACGGGCGCCGCGGTCACGGTCCACGGGGCCTGGGTCCAGACGGGCGCGCCGTGCTCGTGCGGCACCGTGCGCCAGTCGATGGGCGGGATGCCGTCCCAGCCCTCGTGCACCGGCGCAAACGCATCCCACAGGCGCTGGGCCTGGGCCCGGGCGGGCTCGATGCCGCAGACGGGGATGGGGCGGTCGCGCCCGTCCAGCCAGATCTTCTCCATGAAGAGCGGAAAGCCGCTCGCGTGGTCCATGTGGGCGTGGGTCACGATGAGGCTGTCGACCTCGTCGATGGACCGGCCGCAGGCCTGTAGGCGCTGAAGCACGTCGCCGCCACAGTCTACCACGAGCGTATTTGCGGGGGAGGCGTCGTCCGACACCGCGAGCATGGTGGTGGTGCGGTGCGGGTCGCTGAGGGCGGCGCCGGTGCCAAGGAGGTGAAGGGCAGGCATGGCGGGCAGGGTTGAATGGCGAGTGTCGAGTGGCAACGTGCAGGGGCCGCAACCAGACCTGCTCGCCCTCCGACCCCCCCAATCTGCCGCGGCCCTACCGGGAGCGCTGGATGGCAAACTCTGTGAGGCCGGCGAGCGAGGCGCGGGCCTCGGACGGCGGAAGGGCGCTTAGCAGCGAGCGGGCGTCCGCGGCCAGGGATTCCATCTTCCGGCGGGCGTGCTCGATCCCGCCGTACTCGTCCACGAAGTCCGCGATGGTGCGGAGGTCGTTGCGGTCCTTCTCGTCCTGGTCGACGATGGCGAGAATGCGCTTCTTCTCGCGTCGCCCCGCCTCGCGCAGGGCCACGATGAGGGGCAGCGTCATCTTCTTTTCCTGCAGGTCGATGCCGATCGGCTTCCCGGCGTCCTCCGCGCTGAAGTCAAAGAGGTCGTCCCGAATCTGGAAGGCCAGGCCCAGGGTTTCGCCAAACTCGTCCATGCGTTCGATGAGCGCCTCGTCGTCGGTGACGCTGACGGCACCGCTCTTGGTGCAGGCGGAGATGAGAGAGGCGGTCTTGTCGGAGATGATGCGGAAGTAGGTCTCCTCGTCGATGTCGAGCAGGCGGGACTTCTCGATTTGGAGCAGCTCGCCCTCGCTCATCCGGCGCACCGCGTCGGAGAGGGTGTGGAGCACCGAGTAGTCGTCGTGGTCGAGCGAGAGGAGAAGCCCGCGGCTCAGCAGAAAGTCGCCGAGCAGGACCGCGATCTTGTTTTTCCAAAGGGCGTTGATCGAAAACACGCCCCGCCGCTCCTCCGCGTCGTCCACCACGTCGTCGTGCACGAGCGTCGCGGTGTGCAGGAGTTCGACGAGGGCGGCGGCTCGGTGGGTCTGGTCCGTCGCGGCCCCCCCGCACGCCTGGGCCGACAGGAGCACGAGGATCGGGCGGATGCGCTTTCCCTTCTGCCACAGGACGTACTGCGTGACCTTGTCCAGCAGCATGTGGTCCGAGCGCATCGCCTCCCGAAAGTACGAGCGGAAGGCGTCGAGGTCGTCCTCCACCGGCACGCGGATGTCGTCGAGCGTGGTGGGGACGGGGCGGTCCAGGGGGAACGACTCTCCGTCGGCGCTGGAGGCATCGGCGGAGGCGCGGCCGTTCGTGGCGGCGGACGAGGCGTCGGGCATTTGGGGTTTCAGTTTGGATTGAAACTTCTACCTGCGGTACGTCCGGGCCCGGGAAAAGGTTTGCTGGAGGGCTGCGGGGCCCGTGAGGGGACGAGCGCGGCCCGGCCTACGCTGGACGGTCCGATTACCCAAAGTGGTAGGCGCGGCGGCGGAGCAGCACCAGGAAAAAGGGCACCCCACAGAGGGCGGTGAGGATGCCCACGGGCAACTCCTGTCCCGGCAGGACCGTGCGGGCGGCGAGGTCGGCCCAGCAGAGGAAGATGGCCCCGGCGACGAAGCTCAGGGGGACCAGGCGCCGATGCGGCACGCCCACGAGCAGGCGGACGGCATGCGGCACGATGAGGCCGACGAATCCGATGGCCCCGGAGACGGCCACCAGCGTGCCCGTCACCAGCGTCGCCAGCACAATGAGGCCCCGCTTGAGGGCCTCGACCGGCATCCCGAGGCTCCGTGCCGGCTCCTCGCCGACGAG
CP030356.1_gap37	1508769	1511920	3151	GCTCAAGCAGATCAAAACCGAAAAGCAGAAGCAGTATCCCATCGAGGGCATCCTCGGCGAGAGCGATCCGGTCGTGGAGGTGCGGGAAACCCTCGAGACGCTCTGCAATGCGTCCAACACGACGGTGCTCTTTACCGGCGAGACGGGGACCGGAAAAAACCTGGCGGCCCAAACCCTCCACTACAACTCCCCACGGGCCGAGGAGGCGTTTACCGACATCGACTGCGCGTCCCTTCCCGACAACTTGCTGGAGGCCGAGCTGTTTGGCTACGAAGAGGGGGCCTTTACCGACGCCCGGGACTCGAAGGAGGGGCTAATCGAGGTGGCCGACGGGGGGACCCTGTTCCTTGACGAGATCGACTCGATGAGCCTCGCCCTGCAGGCGAAGCTGCTCTCCTTCCTGGAAAGCCGCGAGTTTCGGCGCCTCGGCGGGGTGGAGGACAAGAGTGCGGACGTGCGGATTCTGTGCGCCACCAATTCGGACCTCGAAAAGAGCGTGCAGGAAGATGAATTCCGCAAGGACCTGTTCTTCCGCATCAACGTCGTGAACGTCAAGATGCCGCCGCTACGGTCCATGGGCGACGACGTGCTGCTGATCGGGAGGCACATCGTCTCCGAGTTCAACCGGGAGTTCGGCAGCGACGTGAGCGGCTTCACGAACGCCGCCCGGGAAAAGCTTTTGAACCACACCTGGCCCGGCAACGTCCGCGAACTGCGGAACGTCATTGAGCGGGCCATGATTTTCGTGGACGGCGACCAGATTGAGGCCGAGGACCTGACGCTCGCCCCGCCCAGCCGGCTCGACGAGCGGGAGCAGCCGGTGGGCAACAACGGGTTTCAGTTTGCCCTGGGCCAGACGCTCAAGGACGTGGAGAAGGCCTACATTCGCCGCACGCTCGAGACGCGGGCGGACGACAGCTACGCCGACATTGCGGACGACCTCGGCATCTCCAAGAAGACGCTGTGGGACAAGCGCAAACGCTACGACCTCGACGAAGTGGTGGACCGGTAGCCCCGGTTCCGCCGCGTCGGGATCGGTCTGTGATCCCACTCGTTTTGGGCAGTCCCTCGATGTCCGTTCGCCAGCACCACTTTGGCCCAACCCGGCCCGCTCTATGCCACAGTCCCCCCCCGCCACGTACCGCCCTCCGCAGGTGCCCACCGTCGACGAGGTGGCCGCCCGGGAGCGCGCCTCCCGCCTCGCCAGTCGCAGCATCAAAACAGAGGCGAAGGTAGAGGGCCTAAAGCGCCTCATCGCCATGCTCGACCTCACGACGCTGGAGGGGGCGGACACGCCGGGCAAGGTGAAATCCCTCTGCCAGAAGGCCCGCACGCCGGACCCCGGCAGCGACCCGGCCCATCCGTCCGTCGGGGCCGTCTGCGTCTACCCGCCCATGGTGCCCGTGGCCCGCGAGCAGGTGGCGGATGCCGACATCAACGTGGCGTCGGTGGCGAGCTACTTCCCGAGCGGGCAGGCGGCCCTTGAGGAGCGCGTGGCCGAGGTGGAGCGGGTTCGGGACGCCGGGGCCGATGAGATCGACGTCGTGATCAACCGCAACGCGTTCCTCGCCGGCGAGTACGAGCGGGTGCACCGTGAGATCAGCGCGCTGGCCGACGCGTCCGGCGAGAAGCACCTGAAAGTGATTCTGGAGACGGGCGAGCTGGAAACCTACGACGCCGTCCGTTTGGCCAGCCGCATTGCGATGGACGCCGGGGCCGACTTCATCAAGACCTCCACCGGCAAGGTGACACCCGCCGCGACGATGCCGGTGACGCTCGTGATGCTGGAGGCGATCCGCGATTACTACCGGGAGACGGGCCGCCCGGTGGGCATGAAGCCGGCGGGGGGCATCCGGAAGGCGAAGCCGGCCCTCCGGTATCTCGTCATGGTCAAAGAGGTGCTCGGCGACGCGTGGCTCACGCCCGAGCGGTTCCGGATCGGGGCCTCGTCGCTCCTCAACGACCTGCTCCTGCAGCTGGAGAAGGAGCGGCACGGGCGCTACCACTCGAAGCGATACTTGTCGCTCGGGTGATCGCCCGGCGCTGATCGTTCTGCATCTTTGTTGATTAGGTCTTTACCGACATGGCTGAACTAGAGGCCGCCCCCAACACCGCTCGCGAGTTGCTCTTCGGCGACGAATGGGAGTACGCCCCCGCCCCGCAGTCCGCCGACCACGTGCGCCTGGACGACCGCTACGGGCCCTTCATCGATGGGGAATTCCGGGAAGTGGACGAGTACTTCCCGTCGATCAACCCGGCCACGGAGGAGCCGCTCGCGGAGGTCGGGCTCGCCGACGAGGCCGTCGTCGACGAGGCCGTCGGGGCCGCCCGGACGGCGTACGAGTCGCACTGGCGCGACCTGCCCGGAAAAGAGCGGGCGAAATACATCTATCGGATCGGGCGGATGATCAAGGAAAAGTCCCGCGAGTTCGCGGTGCTGGAGTCGATGGACGGGGGCAAGCCGATCCGCGAGTCGCGCGACATGGACATCCCCCTGGTGGCGGCCCACTTCTTCCACTACGCCGGCTGGGCCGACAAGCTGGAGTACGCCCTGCCGGGCCCGGGCCGGCCCCGCTCGCTGGGCGTGTGCGGCCAGATCATCCCCTGGAACTTTCCGCTCCTGATGGCGGCGTGGAAGCTGGCCCCGGCCCTCGCTACGGGCAACACCGTCGTGCTGAAGCCTGCCGAGACGACGCCCCTCACGGCCCTCAAGCTCGCCGAGGTAATGCAGGAGGCGGGCCTGCCGCCCGGCGTCGTCAACATCGTGCAGGGGGCCGGCGAGGTGGGCTCCGCCCTCGTGGAGCACCCGGACGTCGACAAGATTGCGTTTACCGGCTCCACCGGGGTGGGGAAACACATCCAGAGGCAGCTTGCCGGGACGAAGAAGCGCCTCACGCTGGAGCTGGGGGGGAAGGGGGCCAACATCGTCTTCGAGGACGCGCCCATCGACCAGGCCGTGGAGGGGATCGTGGACGGCATCTACTTCAACCAGGGGCACGTCTGCTGTGCGGGGTCGCGGCTGCTGGTCCAGGAGAGCGTGGCGGAGGAGGTGACCCGGAAGCTGCGGGACCGCATCGCGACGCTCCGGGTGGGCGACCCGCTCGACAAGAACACCGACATCGGGGCGATCAACTCGAAGCCACAGCTGGAG
CP030356.1_gap38	1676533	1677890	1357	TCGTCGGAGGGGGGCCCATCCCGTCCGGACTCCTGCGCCGGGGCTCCGATCGGGGATGGCCCCTGCACACCAGCTACGGCTCCACCGAGATGGCATCGCAGATCACCACGACGTCCCCTGGGGCCTCGCGTGCGGACTTGCAGACGGCCGGGCGCCGGCTCCCGCACCGCCGCGTGCGGATTGCGGAGGACGGCCACATCCTCGTTGCGGGGCCGTCCTTGTGCGTGGGCGTAATCGAAGGGGACACCATCCGGGATCCGCGCGAAGACGGCTGGTACCCGACGGGCGACGTGGGGCACTTCGATGCACAGGGACGCCTCCACGTGCAGGGGCGTGTCGATCGGCAGTTCGTCTCGGGGGGGGAGAACATCCAGCCCGAAGAGATTGAGGCGGCGCTCGAACGGGTCGACGAGATCGAGCGGGCGGTGGTCGTGGCGTTTCCCCACGAGGCCTACGGGCATCGGCCCGTGGCCTTCGTCCGGACGCGCGGCCCGCTGCGGCCGGACGCCTGGCGCCAGACGCTGTCGACGTCCCTCCCCAAATTTAAGCTCCCGGATTCCATTCGCTCCCTTCCCGAGGCCGCCGTGGACGGGCAGTTGAAAGTGGACCATGAGGCCCTGCGTCAACGGGCCCGGAGGGGGTAGAAGAAACGGTGCCCGGTGCCCAGAAGATCGGGATTGCGTTCGGAAAACGATGCAGGACTGTTGCATTCGGCGGGCCTGCCCGTTTCCTTGGGGACACGTCAGCAGCCGATGAACCCCCCTCTTCGATACGTCCCGAAATTGGAAGCGCTTCCGAAATGGATACACCGCCCCCTGTTCCCGAGGTGACGCCGCTGCGCGGAGAGCGGGTCACGTTTACGCCGCTCCGAATGGAAAACATCCACACGCACTTCCGCTGGAACAACGACCCGGAATTGAATCGCCTCGACAGTGAGGTTCCGTACGAGGAGGAGTCGTTCGGGGCGTTTAAGGGGCGGTTCGAGCGCATGTGTGAAGAGTCGTCCCCCTCGACCCGGACGTTCGAAATTCATGCCCTCGAAGACGACACGCTCATCGGCGTGGCCTATGCGGCGCACATCAATCCGCACAGCCGCCACGCGAAGGTCGGCATCACAATTGGGGATCGGGACTACTGGGGCCGTGGCTACGGTCGCGCCTCGTTCGAGATGCTGCTCTCGTACTGCTTCGATCAGGGAAACCTGCACCGCGTGAGCGCGGAGACCTTCGAGTACCACACGGCGTGGCGGGACCTGATCGAAGGAATGGGATTCACGAGGGAAGGAACGGCGCGAGACTACCTGCGCCGAGACGGGCGCTACTGGGACAAGGGCCTGTACGCCCTCTTGGCACCAGCG
CP030356.1_gap39	1680483	1681726	1243	ACGACCGCGGGCCGTCCTCCGGGCTCGTCGGATGGAGCAGTACCAGACCGACGACAGTACCTACTCGGTCTGGCGCTCGATGGACGACACGACGAAGGTGCGGGTGTACCTTTTCGACGAAGAAGGTGATTCTTCGGCCACCGTCACGGCCGACAGTTTGGTGTTTCAGGACCAGAAGGGCGTGCTGCATGCGTACCGAAACGTGGTCGTGACCACCGAAGACAACAAACGGCTCGAAAGCGAACACCTTACGTGGCACCAGGCCGACCGGACGATCCGCACCCACCGGTTTGTGCGCATCCGCACGCCCTCGGAAGTGGTTCAGGGGGACGGGCTCGTCGCGGACGAGGATCTCGAAACGTACCAGCTCGGACGGTTTTCGGCGGAGGTGGACGTCGACGAGGACGACGACACGGATGAACAGCAGTGAAGCGCGACGCCCCGGCCCTGCGCAGCATTCCTGCTTTTCGCGGGAATGCCGGTCCGGGCGCCTTGGTGCAGAGCAACTCGTCTTGATAAACCCGATTTTCCGGTGCGGACACTGCCGTCATCTGCATGACTGATCCCTTCGACCATCGGATGTGGCACCTCCTGGGACGCGCCCTGTTGGTGGCGACGGTTGGAATTGCGTGGATGGGAGGTGGAACCGAGGCGTGGGCCCAGGCCGAAGACGACACGTCCCGTGCGGCCCCGACTGGGGTAGAGCCGGCGGGCTTGGACTCGCTGCCGACAGGGGAGACCGTGCCGCCGCCCACGCCGGTACAGCCAGCATCCGACACAAGCGACCCCCCGCGGGCCTTCGTCAACGCCGACTCGCTGATCCGGAGGGAAAAGCGTGTGCAGGACCTGTACGGGGATGTCTTCGTCCGCCAAGACTCGACGCGATTGCGGTCGGACTACGCCCGGCGGTACCTCTCTCGCAGCGAGCTCCTCTTTACCGACAACGTGGTCATCTACGAACGGGGCGACACCCTCCGGGCCGATACGGTGCGGTACGACCGCGCGACCGAAGTCGGGTACGCCCGCGGCAACGTGCGGTTGACGAACGGCGAGGTAAACGTCCGGGCGGACAGCGCGCGATACTTCGCCTCGGAGAAGCGCTCGGTTTTTCCCGACAGCGTCGTGCTCGTTGACGGCGACCGAGTGCTGCGGGCCCAGCGGGGCACGTACTGGTCCGACGAGGGCCGGGCGGAGTTTGGGGGGCGCGTGCGGCTCACCGAGCCGGGAACGACGCTTCTCTCGG
CP030356.1_gap40	1705324	1708431	3107	TGAGTCTTATGTTTTCGGCACTTGTGCTCGACGACACAGAGGGCGAGATTCAAGCCCAGGTCCGGGAGCTCCAGACCGACGATCTTCCGAGGGCTGAATCGGAGGAGGTGCACCTGGAGGTTCTGTACTCGAGTCTCAATTACAAAGACGGGCTGGCCGTCACGGGCAGTGGGCAGGTCATTCGTGGGGATTATCCCATCGTGCCGGGCATCGACTTGGTTGGGCGTGTCCTCAACACCGATCACGACGCCTTCGAAGAGGGGGATCGCGTTATCGGAACCGGCTGGCAGCTGGGCGAGGTGGCCTGGGGCGGGTACCGCCAGGAAGCCCGCGTGGCCGGTCGCAAACTCGTCCCGCTTCCCGATGGGCTGTCCCCGGCCCAGGCCATGATTATTGGCACGGCCGGTTTCACCGCGATGCTTTCGGTGATGGCCCTCGGCGAACACGATGTCTCCCCAGGGGCCGGTGAGGTGGTTGTCACGGGGGCGTCGGGGGGAGCGGGGAGCATTGCCGTCGCGCTGCTGGACGCCCTCGGGCACGAGGTGGTCGCCTCCACCGGGAGCGAGACCGCGCACGCGTACCTTCGCGCTTTGGGGGCCGACCGGATTGTGCACCGTCGCACGTTGGGGGAGGGCCCGGACCGCCCCATGGAGTCGGGCCGGTGGGCGGGCGCGATCGATGCGGTGGGGGGCGATACCCTCGCGACGCTCATCGCGCAGTTAAAACGGCACGGCAGCGTGGCCTCATTCGGAAACGCGGGGGGGCACGAACTGCGCACGACGGTCCTCCCGTTTATCCTGCGGGGGGTGAACCTCCTCGGCATTGACTCGAACACCTGCCCGAACGACCGTCGTCGCACGGCCTGGGGCCGGCTCGCGCAGTTGCTCACCGAAGCGCATTTTGACCGCATCCACGCCCGGACGATTTCGCTTGCCGACATTCCGGAGGCCAGCCGGGCCCTCCTGGCGGGCGAGGTGCAGGGGCGCATTCTCGTCGACGTGCAGGGGAACGGGGCGGCATGAGGGACGGTCTGAATCGAGTGGGCGTTTTTCCCGTACGTAAAAGCGAGTCCCAAAAAGGTACGGCGTCGTAGATTCTCCTCTTCGGTAGCAGCCCAATACCAATCTGCATGACGGTCTCCATCTGGCAGCAGGCGCACCAGAAGCGGGAAGCGGCCTACGACGTCATCGTGGTGGGCGGGGGCATCGTCGGGTGTTCGACGGCCTATTGGCTCGGCCGCCGCGCCCCATCGCTGGACGTCGCCCTGCTGGAGGCCCGGACGCTCGGGGCCGAGGCGAGCGGCCGGAACGCTGGCTTCGTCCTGCAGGGCACGCACGCCGACTACCGCACCGATGTGGAGCGCTACGGCAAGCGGACGGCCCGTCGCCTGTGGCAGTTCACGCGGGAGAACCGCGACCTTCTCGCGGCGGAGTTGCGGGGAAGCGCGTTTTCGTGGCGGGCCGACGGCGCCCTCGTCGCGGCCGGTACTGCGGAGGAGGACGAGCGGTTGCGGACCAGCCTGCCCCACCTCCGCGCCGCGGGCGCCCCGGCCGTCCACCTCGACGCGGAGGAGACCAACGACCGGATTGGGGCCTCGGGCTTCCACGGCAGCCTCTTCGTCACCACGGGCGCCGCCGTGAACCCGCTTCACCTCGTCCAGCACGTGGCCGCGAAGAGCAGCGCCGACGTGCACACGCAGCACCCGGTCGAGCACGTGCGCTGGGGGGAAACCGGAGCCGTGCTGGGGACCCCCGATCGGCACTTTCGGGCGCCCAGGGTCGTCTTCGCCCTCGGCCCTGCGCTGCCAGAGCTGGTTCCCGCCGTGTCGTCCGTCGTCCGGTCGGTGCGGGCGCAGATGCTGGCGACGGCCCCCGCCGATGCGGTGCGCATCCCGGTGCCGGTCTACTCCCACCGCGGCGGGTTTTATGTGCGACAGCGAGAGGATCGGCGCCTGCTCGTCGGGGGCGGCCGGCACGCGCATCGTGCGGCCGAGGAGACGAGCCGCGACGCGACGACCCCGGCGGTGCAGGCCACGATTGAGCGGTACCTCCACACCCATTTCCCGTGGAGCCCGTCGCTCGGCATCGAGCAGCGCTGGAGCGGGACGATGGGCTTCTCGCCGGACGGGCGGCCCGTGGTGGGGCGGGTGCCAGAGCACCCGGAAGGTGTCTTTGCCACCGGGTTTACGGGGCACGGCATGGGGTACGGCTTCCGGATGGGGCGCCTGCTGGCAGACTTGGTGTCGGCGAACGAGACGCCGGAGGCCCTTGATCTATTTGCCGCCTCCCGCTTTGAGGACCCGGACGCAAAGCAGGCAGGAGCGGCCCCGGACCGATCCCGTCCTACTGATTCCTGACCGGCCCCTCTCATGCCTCCATGCCGACGTTCGGGCCGTGGGACGAGAGGAAGTAGCGCCTCCCAACGACGGCCCCTTCGACCCATGCGAACCCTCCTCGTCGCCTGCATCGTCCTAGCGCTGCCCCTCACGATCATGGGCACCCCTACCGACACGATCAATGTTCGGCTCGAAGACCATCAGTGGGAGCACCGGCTGCTGTTCGTGTTTGCGCCGACCGATTCTAATAAGATGCGGGCCGGGCAGGAAGCCGCGTTTGAGGGCCGCGACCCGGGATTTCGGGAGCGGGACCTTCTGGTGCTGACTGTGACGGGCCAGAACCGAGGCACGCAGCGGGCCGCCCCCGGAGCCGAGCCGCAGCCCCTCACGGCGGCAGCGGCCCGACGGCTGCGCGCCCGGTTCGACGTGCCGGACGACGCGTTCCGGGTCGTGCTCGTCGGCAAAGACGGCACCGAGAAGCGCCGCGAGGCCGAGCCGGTCTCCGCCCGCTCCGTCTTCGACACCATCGACGCGATGCCGATGCGCCAGCGCGAGATGCGGGAGCAGGACGGCGGCGGTGAGTAGCGCTACAACTCAATGCCAATCCGCCAGCGGAAGTCGAATTCGTCGGTGCTGCCCTCGATGCGGCCCGGGTCGCTGGCCCAGAGCGGAAACTTGGCGACCACGTCGAGCCCCTGCAGGAAATCCGACTGGGCCGTCCAGCGCTCGAGGTGGGGAATCTCGGAGATGCTGTAGCGGGCGCCGATGCCGG
CP030356.1_gap41	1748304	1749269	965	AGTGCCGCCAGGGGGGAGGGAAGACCCCACACGTTGTTGCGTGCCTCGTGAACAACATCGATCAGTTGGGGCACGGCCGAGGGGGCCGTGCGTTAGACCGGAAGGCGAGAAGGGCGTAAGGGGGAGGGGCTCCGTGCAGGGGAAGACGCTCCTAGCGGCCACACCGTGGCGCACGAACTAGATGGGCGTGGCTCCGTAGCCCCGTGCGGCATCTGTTTGCAGTCTCGTACATCGATCCGACGCGCCCGCCGATGGAACTGCTTCGCACCGTTGACGCCATGCAGGCCCAGGCCGACGCGGCCCGGGCCGAGGGACAAACGCTCGCCCTCGTGCCGACCTTGGGAGCCCTGCACGAGGGACACCTGGCGCTCGTGCGCCGGGCCCTGAACGAGGCCGACCATGTGACCGTCTCTGTCTTTGTGAATCCCACTCAGTTTGGGCCGGGCGAAGACTACGACGACTACCCGCGCGATCTGGAGGGCGACCGGGAGACGCTGGAGGCGCTCGACGTGGACGCAATGTTTGCGCCGTCGGTTGAAGAGATGTATCCCTATGCCGACGACGAGGCCCTGCCCGGCCCTCTCGCGTGGGTCGACGTGGAGCGGCTCGACGAGCATCTCTGTGGCGCGTACCGCGAGGGGCACTTTCGGGGGGTCACCACCGTCGTGACCAAGCTCTTCCACGCCTGCAAGCCCGACGTGGCGGTCTTCGGCCGCAAGGACGCCCAGCAGTACGTCATCCTCCAGCGCCTCGTGGAAGACCTGCTCTTCGACATTGAAATTGTGGGCGTGCCGACCGTGCGGGAGCCCGACGGCCTCGCGCAGTCGTCCCGGAACGAGTACCTCGACCCCGAAGAGCGGGAGCAGGCGACGGTGCTGTACGCGGCCGTCACCGCCGCCGAAGAGGCGATCGAAGGGGGGGAACAGGCGGCGGAAGGTGTTGTTGGAGCGATGGAAAATGAATTC
CP030356.1_gap42	1781827	1785828	4001	ACGCCGTCAACAACGGCGTGTTTACGACCGACTGGTACACGCTGCTGGAGTACAACATTCCGCTGGCGGTGCAGGGCTGGCTCTTCGCCGTCTTCGCCTTCTCGTTCGCGATCAAGGTGCCGCTCTTTCCGCTGCACACCTGGCTGCCGGACGCCCACGTGCAGGCCCCCACAGGGGGCTCGGTGATCCTGGCCGGGGTGCTGCTGAAGATGGGAACGTACGGCCTGCTGCGCTTCTGCCTGCCGCTTTTCCCGAACGTGGCGCAGAGCTACGCCGGCCTCTTCGCGGTGATCGCCATCATCGGCATCATCTACGGCGCGCTGGTGGCCCGCGTCCAGGACGACGCGAAGAGCCTCGTGGCGTACTCGTCCATCAGCCACCTCGGGTTCGTCGTGCTCGGGCTGTTCGCCTTCACGACGGAGGCGATGCAGGGGGCCATGATTCAGATGGTCAACCACGGCCTCTCGACCGGGGCCCTCTTCCTGCTGGTGGGCATGCTCTACGAGCGGCGCCACACCCGCCTGATGGACGACTACGGGGGGCTGGCGACGTCCGTCCCGGTGCTCACCACCCTCATGGTGATTAGCGTGCTCGCCTCGGCCGGGCTGCCGGGCCTGAACGGATTCGTGGGCGAGTTTCTGATCCTACTCGGGTCCTTCAAAAGCACCGTGATCGACAGTCCGGTGCTCATCGCCTTCGCGACGACCGGCGTCATCCTGGCGGCGATGTACCTGCTCCACATGGTCTACCGCACCTTCTTCGGCGAGCTCACCGACGCGGCGAACGCGCAGATGGCGGACCTGAACGCCCGCGAGTTCGGGCTGATGGTGCCGCTCATTGTGCTCATGTTCGTCCTGGGCTTCTACCCGGGCCCGTTCCTGCGACAGACGGCCCCGACCACCGAATTTCTTCTGGAGACGGTCGAGGAAAAACGGGCCGCGGTGGAGCGGATGGAGAACGAGGCCGCCGCCACGGCGGACGAGCCCACCCCGGTGCCGACCGCCCCGCCCGAAGCCGAAGACGTGTCCATCGACGTCCCGTCGATTTCCCCTTGAACCGGTCGCGGCGGTCGTCCCGTTTACGACCCAACGCGCCCATTTTGGAATCCGGCTTTTCTAATTTCCTTTCGGAGCATCAGCCTGAACGTATGCCTTCACGCGAGCCCCTTTCCGACGACGCAATCGACGACGCCCTGGCGGACCTGGACGGATGGTCCCACGCCGACGACAAACTCCACAAGACGTACGAGTTCTCCGACTTTCGGGAGGCCATCAGTTTCGTCGTGCGCCTCTCGTTCTACGCCGAGGAGATGATGCACCACCCCGAGCTGGAAAACGTCTACAACACCGTCTCCATCGCCCTCACGACCCACGATGCGGGGGGCAAAGTGACGGAGATGGACGTGGAGCTCGCCTCGCAGATCGAGGAGCTCGCGTAGACGGAGCGGCATCGGCGCGGGGCGAAAAGATCGCCGCGTGGGGGCGGCGGGCTATTTTTGCGTAACCAACGATTCGATTTGGGTTATGGATTTGTCGACTGCATTCCCGACGCTCGTGACCGACCTGCCGGCCGCCTTTTCGATGTCGGTCGTGGGGGGGGTCGGGCTTGCGATGATTGTCCTCGATGCGTTCCGCAACGACCACCCGGCCATTCCCTGGCTCGGCGTGGCGGCGCTCGGCGTGTCTGCGGTCTGGGAGATCACGCATCTCGGGGCCCCTCCAAGCACGGTGTTCTTCGAAACCCTCCGAACCGGGGGCTTCGTGGCCTTCATTAACCTGATCATCCTGCTGACGGGCCTGGCCACGATCCTCCTGTCGGTGCCCTACCTGAACCAGCTGCGGTACGACTATGGGGAGGTGTACGCGCTGATCATGTTCTGCACGGTCGGCATGATCATGCTCGGCTCGGCCAACAACATGGTCAGCATTTTCCTCGGGCTCGAAACGATGTCGGTGTGCCTCTACGTCCTGACCGGGTTCATCCGGGAGGATGAAGGGGCGGTGGAGAGCGCGCTCAAGTATTTTCTGCTCGGGGCGTTCTCGACCGGCTTCTTCCTGTATGGCATCGCGCTCATGTACGGCGCCACGGGGACGATGGCCCTGCCGGCGATGGCGGCGGCGGAGCTTGGAACGCTCTCGACGCGGCTCCTCTTCTGGGGCGGGTTCGCGCTCTTCCTGGTGGGCTTCTTCTTCAAGGTGAGCGCGGCGCCCTTCCACATGTGGACTCCGGACGTGTATCAGGGGGCGCCCACGCCCCTCACCGGGTACATGTCGACGGCGACGAAGGCCGCCGCGTTCGCCGCCCTCATCCTGGTCCTCGTCCACGCGGTGCCGGGCGGGGAGTGGCAGCTGTCCGTGGCCGCGGTGGCGGTCCTGACGATGGTGATTGGAAACGTGATGGCGCTGGCCCAGACCAACGTCAAGCGCCTGCTCGCGTACTCGTCCATCGCGCACGCCGGGTACCTGCTCGTCGGGCTCTCGGCGGGAACGTCGGCCGGATACGCCGGCGCCCTCTTCTACCTGCTGGTCTACGCGGTGATGAACATCGGGGCCTTCGGCGTGATGTCGATGCTGGAGTGGGACGGCAAGGAGGGGCGCGAACAGACGCTGTCCTCCCTGGCGGGCATCGCCAATGACCGCCCCGTCCTCGGCAGCACGATGGGCGTCTTCATGCTGAGCCTGATCGGGTTTCCGCCGCTCGGGGGCTTCATCGGCAAGTACCTCGTGTTCGCCCCGGCCGTCGACGCCGGGCTCACCTGGCTCGTGGTGATCGGCGTGCTCATGAGCGCCCTGAGTGCCTACTACTACCTGCGCGTCGTGTACGTCTTCTGGATGCAGTCGGCCGACGAGGTGGCGGCGACCGATCCGGTGCGGGCGGCCGCGTTCCCCCGCGCCACGGTGGCGGCGACGGGCACGCTCGTGGTGTGTGCGGTGGCGCTTGTCGTGCTCGGGGTCTTCTTCGGCGGCGTCCTCGAGACCACGCTGGGCTTCTTCGAGACCACCGCGATGGCGACGGCGCCCTGAACGACCGCGTCCCTCGGCCCGACCCGCTCGCACTTCCCCAATCCATGTGCCTTGCGGATGGAAGCGCTGCTCCGCGACCGGCTCCCTCATGCCCCGCAGATGGGGCTCTTCGTGACGCCGAACCTGCCGTCGGGGCGCCTCGACAACGCGCTCTCCGACTACGCGACCGAGGTGGGGCGGGGTGAGGTGCTGGCGCTGTACGACGCGACCCTGAGCGGGACGGGGGGCGACGGGGCCGTCTTTGCCCCCGACCGGTTTGTCTTTCAGAACAACGACCTGCAGGCCACCCAGACGGTGCGCTACCCGGACCTCGTGGGGGTTGAGGCGCACAGCCGCTGGTTCGGCCTGGGCGGCAAGGAAGTGGCCCTCACGGTCAACCGCGGGCGGGCCACCTTCGAGCTGACGATGGACTTTTCGGGCACGCCGAAGGCGGCGTCCTACGTCGCCGATTTTCTGGACGCGGCGATGGTCCGGGACATCGACTTCGCGCCGGCGGCGGAGCCGGACACGACGGACGTCGCGGCCGTGCGGGACGCCTTGGAGCGCCTGCGGGCCGAGCAGAAGCTGACGGAGGCGGACTTCGAGCGCCTCCTGGAGACGCTCAAGGACTAACCTGGGCGGGACGCCCTGCTCGGTCTCGACTACTCGATGTTGTACTCGTCGAGGCGGCGGTACAGGGTGGCCCGACTGATGCCGAGCAGCTCGGCGGCCTCGGTGCGGTTGCCGTCGGTCTGTTCGAGGGCCGCCCGGATGCGCTCGGCCTCGTCGGGGCCCGACGATGCGGAGGCGGACGCCTCCCGAATCTCGGGCGGAAGGTCGTCTGCCCGGAGCACATCGCCGGACGCGCGGATGAGGGCCGCCTCCAGTGCATTTTTCAGCTCGCGCACGTTGCCCGGCCAGTCGTAGTTGAGCAGGCGGCGGAGGGCCTCGTCGCCGACGCGGTCGACGTCCGCCCCGGTGCGGGCCCGGATTTCGCGA
CP030356.1_gap43	1925270	1928385	3115	GTAGTGCTCGCTGCCGTCGAGGGCGGCAATGCAGGCGTCCAGCACCAGCGTGCCGTCGTCGATGTGGGCCCACGCCCCGAGCGGCACCTGACACCCGCCGCCCACCTTTTTCAAAAAGGCCCGCTCCGCATTCGCGGCATGCCCACTGGGGGCGTGGTGGAGGGTCTCCCGAAGCAGGTCGCGGAGCGCATCCTGATCCTCCCGGCACGCGATGCCGAGCGCCCCCTGCCCCACCGCCGGCACAATGAGCGACGGATCGATCCGGTCGCGAATGTGAAGCGACAGCCCGAGCCGCACGAGGCCCGCCACCGCCAGCACCATTCCCGTCCAGTCGCTCTCGCCCAGTTTCTCGAGGCGGGTGTCCACATTGCCCCGAACCGGCACGACCTCAAGGTCGGACCGCCAGGTGAGCAGCTGGGCCGTGCGGCGGAGCGAGGCGGTCGCCACCGTGGCCCCCTCCGGCAGGTCGTGGAGGTGCCCGTCGAAAGACGGGTGCGCGACGAACGCATCCCGCGGGTCTTCGCGCTCCCCGATCGCGGCCAGTGCGAGCCCCGACGGGACCGTCGACGGGATGTCTTTGAGGGAGTGGACGGCCAGATCCACACCTCCCTGGAGCAGGGCACGGTCCAGCTCCTTGGTGAAGACCGCCTCGTCCCCGATCTCCGAGATGGGCGTGTCCGTCGCCTCGTCGCCGCGCGTCGTGATGGTCTCCAGCTCGACGCGGTGCCCAGCCGCTTCGAGTCTCGACCGCACGACGTTGGCCTGCCGAAGGGCAAGTTCACTGCCTCGGGTGCCGAGAACAAGCGGGTCGGAAATCGACATGCCCGGTCCAGGGAAACTCAAAGAGAATGCGATCGGCACTCCGCACGTCTACGGCACAGTCCCCCTCCGGCCGTGCGGGGCACGGTTGAGACAACGGCCAACGGGCCCTCCTACCCGCCGCGGACCTCTTCGGAATGAGACGCAGCCTGATGCGCGGCCGACAGGCGAAGGGCCTTTTGCACCTCCTCCGTTTCCGTTCCGTCGCCTCTAGGGTCGTGGGTCATGTAGGGACAGCGGGACGGGGCCTCGCCCAAATCGGGCGTATCGGCGTCGGGCGCCTCCGCCAGGGACCGCCCGGCATCGCTCTCGTCGGACGGTGCAAACAGTGCGTGGAGCAGCTCAATGCCCTGGACGAAGTCGATGCTCTCCGGGTCGACGTTTTTGAGCCGCACGATGGGGACCGCCAGCAGCTTCTGCATGATCGACTCCGTGAGGCGGTCGACCTCTTCGCGGTCCATGCCCGTGCGGTGGGCGTGGCGGTCGACCTCCTGTTCCCGAATCGTGTCGAACGTGCTGCGGATGGCCTGGATGGCGGGCTGGAGGGCCTGCTGGTGGAACACCCAGGTCACGAAGTCCTCAAGGAGCTCCTCACAGATGGACTCCGCCTCGGGAACGGCGTCGGCCCGCCGCTCGCGGACCTCCGCGGTCCAGGCCTCCAGGTCGTCCAGGTCGTAGAGGCGGTACCCGGGGCGCTCGTCCACCGCCGGATCCACGTTGCGGGGCATCGCCACGTCCACGACGAGGGTCGCCTCGTCGGGGGCCGGCAGCGCGGGGGCGTGCAGGACGGGGTCGGACGCGCCCGTGGCGACCAGCGCGAGATCCGCGGTGGCCACGGCCCGGTGGCGGTCGGCCCACGGCTCGGTGTCGCCCCCGAACGGCGAAGCCACTTCACGGGCCCGGTCGGGCGACCGGTTCACGACGGTCAGCGACGCAAGGGATTCGTCCGCGAGGGCCTCCAGGGCGAGACGTCCCATCTTGCCTGCCCCCACGAGCACAATCTCCGTGTCTCGAAGCCCTTCGCCGCCGGCCTCCGAAAGGTCTTGGCGTGCCATCTCCACGGCCGCGGTCGAGACCGACGCGGCCCCGCGGCCCAGTCCCGTCTCCGAGGAGACGCGCTTGGCGGCCCGGAATGCGGTGTGGAAGAGCCGGTGCATCACCGAGTGAATCCCGCCGGCGTCCACGGCCCGCTCGTAGGCCGCCTTGACCTGGGCGAAGATTTGGCGCTCGCCGAGCACCACGGAGCGGAGGCCACTCGTTACCTGCAGCAGGTGCCGGACCGCGGCCTCGTCCCGCTCCTGGAAGGCCGTTTCTTCGGGCCACCGGGTGCCGCCCCCCTGCCCGATCAGGGCCTTCACCTGGCGCAAGTCCGCCTCGGTGCCGTAGAGGTAGGCCTCCGTGCGGTTGCAGGTCGACAGGACCACGACCTCCGCGTCGGCACTCAGGCTCAGGTTTGCGTACAGGGCCTCTTGTTCTTCTGCACTAAGCGCGAACGTTTCGGTCTGCTCCAGCGAGGTGCACTCGTGATTAAGCCCGACTGCGTAGAACCTCATAGAGCCCGTTGAAAGACACAAGCGTTCGATGCAAACCTGTTACACGAGGCACGGGGCGCTGTTCGCAACCAGGGTTGAATAAGGCGTCAACGCCCGGGTGCGGACAGGGGGCCGTCCCCATCCGGGGCGGTGAGGAGGGACAAGACGATTTCGGAGGAGGACCGGGCGGCCTCCTGCATGAACGCCTCGAAGTCGACGTCGGACGTGCCGTCCGCGTGGTCCGAGATGGCCCGCACCACGAGGTACGGCACGTCGTTCATCGCGCAGACCTGCCCCACGGCGGCGCCCTCCATCTCCACACAGTCCCCTTCAAGCTCCTCGCGGAGCTGGTGACGGTCGGCTTCGTCCTCAATGAAACGATCCCCCGTCAGTACGCGCCCAGGGGTAATCCGGTGATCGGGCAGATCAACCGCCAGTGCACGGCGACGCAATGCGGCGTCCGTCTTAAAGAAGCGAAAGTCGGTGAACGGAATCTGTCCGCGCGGCAGCCCGAGGAACTTGACCACCACGTCGTGCTGCACACAGTCGGTCGCCACGACGACGTCACCGATATCGAGCGCCGGATTCACCGCCCCGGCCGAGCCGGTACAGATCACAGCCTCGGCGTCGAACGTATCGATCAGAATTTGTGTGCAGAGGGCGGCATTCACCTTCCCAACGCCCGCCCGGACGAGGACAAGATCGTGCCCGTGCCACGACGCCTCATGAAAGGCAAGTCCCGCCCGCTGCGTCGAGCGCAGGAT
CP030356.1_gap44	1936080	1936661	581	GGACCGCGACATCATGCACGACGTGGTGCGGCGCACCGCCGATCAGGTGTTCATTCCCCTGACCGTGGGCGGCGGACTCCGCTCGGTCGACGACATGCGGGCGATGCTCCAGGCCGGGGCCGACAAGGTGGCCATCAACTCCGCGGCCGTGAAGGACCCGGACCTGATCGCCCGTGGCGCCGACGCGTTCGGGGACCAGTGCATCGTGGTGGCCATCGACGCGAAGCGGCGGGACGGCGACGGGCCCGCATGGGAGGTGGTCGTCCACGGCGGCCGCAAGCCGACCGGGCGGGACGCCGTGGAGTGGGCCGCCGAGGCGGAGGCCCGCGGGGCCGGCGAGATTCTGCTCACCTCGATGGACCGGGACGGCACGAAGGACGGGTACGACCTGGACCTCCTCCGCGCCGTCACGGAGCGGACCCAGATTCCGGTCATCGCCTCCGGCGGGGCCGGCACCCTCGAGCACCTGCGGGAGGGCCTCGTCGACGGCGGGGCCAGCGCGGTGCTGGCCGCCTCGATCTTTCACTTTCGCGAGCACACCGTGGAGGAGGCCAAAGACCATCTCCGCGACGCCGGCCTGC
CP030356.1_gap45	1989927	1991571	1644	ATCGGCCGCCTCGGCTTTCTCGCCGACATTGAGATCGGCCAAATCCACGACGCGATCGATGCCCTGGAGGCCGGGGACTACCGGACCGAGGAACGGCTCGTCCTTCAGGCCGACCTGGAATCCGGCTCGGGACTGGACACGGAATGGGCCCTCAACGAATTCGTGCTGGACCGCAGTGGGGCCGCCGGCCTTATCGAAATTGAGGTGGCCGTGGACGGCACGCCATTGAACACCTACTGGGCCGACGGCCTCATCATCAGCACCCCGACCGGCTCCACCGCGTACTCGCTCTCCACCGGCGGTCCCATCATCACCCCTGGGGTGGACGCCATCATCCTGACCCCCATCGCCCCCCACACCCTCACGGTCCGCCCGATTGTCCTTCCGGCCGACGCCACGATTACCTGCCAGGTCCGTGAGAACGATCAGCCCTACGTCTTTGCCGCGGACGGGCAGAGCACGATGTTCGACGAGCACAACCTGGAGTTCAGTGTGGAGCGGGCCGACCACGCGGTCAACCTCGTCAAACTCCCCGGCCAACACTTTTTCCACACGCTGCGGTCGAAACTGATGTGGGGGGCGCGCCGTTCGGAGGAGCCGACTGAACGCGGACAGTCCATCTCTGCCCCGCGCGACCAATCCCCGTTGAAGGGGGAATGAAACAACCGGAACGGTCGTTGACAAGCGCGGCCGGATCCGGTACATTCGTGTGTGTTTTGAGGTCAGGTAGCTCAGGTGGTAGAGCAACGGCCTGAAAAGCCGTGTGTCGGCGGTTCGAATCCGCCCCTGACCACAAATATTCCGTCAATATCGACTCTCAGCCTCGCTGAGGGGCTTTTTATTTTGTGTGGGTGTGATTTTGGGTGCGACTATCCCCTTCTACTCCGTCCGAAGAGGGTCAATACCTCAACGCGCAGATCCCGCCCTTGAAGATCCGTTATGTGAGTAGCAGCCGTTTCCGCCCGTTCCTCTTGAGACTTTCGGACCAGAAGAGGTTGCCCTGATCACCGACGACGTATAGACAGAGCTTCTCCTTCACGCACAACCTTCCCGACACTTCGGTGTAAATCTAATGACCGATTATTCCTAAGAATTTAGGCAGGCCCGATCGGCGATCATGTAATAGGCTAACGCGGTTTTGAACCCGCCTGACCGGACCGAGGATCGTGGAAACCTGTCCCTTCAAGCATTGAGGCTGACTCATACACCGTACTACCATGCCGGAAAGAACCACCAGAATCGAGCTTACTCCCGATGAGTTGCGTCAGGAACGAGAAGCCGCGGCGGCGAAAGGGGCGCGCATGGTCATAGATGAACTTAGAGACGAGCTTGACGAGATCCGTGCTGATCTAAAGCGAGTTGCAATCACGCGGGATCTCGTTCCTGAACATGTACTAACCGACTGGCTGAGCGTCTCAGAATCGACGTTGAAGCGATGGGAAGTCCCTGTCGATTCGACTCAAGGCAATACTCGGTTTTATCACATGCCCACGGTGATTGACTATTTTCGGGATGAAGAGACTGACGCGAAGTTCCATTTTCGAGTTACTGAGTGAGGTGACTTAATGGCTACGTTTCGAACGTCTACTTCTGCACTCACTGGGTCCCCCGGTTGTGCGGTCTACTCTCCCTGACTCAGACTAC
CP030356.1_gap46	1996176	1999981	3805	ACAACGTCCGCTCCGCCATGGCTCCACCGGCATCCGACACTCCGACCCGACGTGACCAGCTTCTGAATCAGGAAGCCTACGCCGACCGAATTGGCGTTTCCCCCTCGTGGGTCTCTAAAGCCACCAGGAATCAAAAGGTCGTTGCCGAGAAGTACATCCCGGCTCGCGACGCCGTCGTCGATGAGGAAGGGAGTCTCATCGGATACGAGGAGCCGACGCCGAGACCTCATGGCCGGGGTGGGACCACTTCTGGCCGCTCGCCGTCGGGCGGGTCTCCTGAGGGAGGTCCTACGCCCGGCGATACGTCGGCGCCACAGGGACAATCAGACCCGTCTCCACCTCAAGACCGAACCGGCGGGGGTAAAAGCACTTCCGGTCGCTCGCAAGACAGCAGTCGACAGAACCGCAGACGGAATCCATCCACGCCACGAGGTATGCGTGGGGGAAAGGGCCAACCCGCTGGGCAGCGCCCTGCGGCGGACGACAACTCTCCAGAAGGGATCGACAGTTTTTTGGAGGCCCTTGGGGGAGTGGTCGCGCAGCGGCCCGACGTGACGTATTCCCTTTTTCGCTTGCTGGGAGTCGCAGGCGGCACCTTCCTTTCTGTGCAACTCGCTGGGAGAAATGTTGGGGCCGCGCTCACCGGAGGTGCAGCGGGGCTTCTGCTCACAGAGTACTGTTTGCACGCGCCATTGCCCGAGCGACGCTCTCAACTTGGTCGACCCCCCCGCCTTCGCCTGCCATTAAGCGGCCATGGGAAACTGGCTTAATGAGGAGATCGGGACTTCGGTCCTCCCGACGAGGGAACGCACTCCGCTATCTACCGGTCGGGCAGAGTCGTTGATCAGCGTGCCCGCTACGGCTGCATCGCTTCCTCGTACGCGTCTTTGACGTGTCGTCGCTTCGGCTCGTAGTACCTTTGAGTCGTTTCGGGCGCCTCGTGACCGAGGAACTGCTGGAGAAGCTCTTCCCGCATTCCCTCATCGGCCAGCCGCTGGGCAACGGTATGTCGAAGGAGGTGCGGATACACTCGCTTCTGAATCCCCGCGTCCTCCGCCACGTCCTTCACGATTTGCTGAACGCGGCGCTTCGAGTAGTGGCCACCCTGCCGAGACCGAAAAAGCCAGCCGGTTTCTCGCTCACCGATGTGCAGGCGTAGCTCGTTGGCGAGAGAGGAGATAATAGGTACGTCTCGTGGCTTGTCGCCCTTCGTCTCGCGGAGCCGGATCTCCAGGTCACGAAAGGAAATATCCTCTACGCGAATCTTGACGAACGCAGAGACCCGCGCTCCGGTCTCTAAAAGCGTCCGCATCATGAGGCCCGTGCGCCCGTCACGGTCGTACGCCGCGTTTAGGAACGCCTCCTGCTCCTCCGACGAGAGGCGTTCGGGAGAGCCTTGCCCGGAGCGGTCCGGCGGAGAAAGTCCCACCTCCCTCCTGGCTTTTTTTATGAGGTCGGCGGATTGGTCGTACGAGTAGTTGCCGTCGCGGAGGATCTTCGCCACCTTGCGAATGTCGTCCTGCCGGTCGTGGTCGGGCATATCGAGCCGAAAGTCTGGTTAGAACGGGCTTCGTTATTGATTTCTTAGTACGAAAGAATAGCGGGTACAGCCCCGAAAATCAATCTCTACGGCTCGATTCACCCCGCTGAGCTTCGGTCTATCGGCGAAAGACGCAACTGAGAATGAGTTGATGACTGAATACTTGGACCTACCCGTCTACTTGGATTCTAAACATCGGGATTATAGAACCGGTAGATTCCGAGGAGGGATACCGGAGAGTCAATGCGAGGCTTGGAGATTGGAGCGACATAGATACATGAGCACTTCTCAGCTTTCATGATGGAATACCTCAAGGCGTTTATCGCTTTCCTGCGACTCTTCGTGCCACTGGGTACTGAGGACTCCGACAAAACAAGTTGGACCTATCCAGGTCTCGATAGCAGAGCCCAGCACCTCTACAATGACTACCTCCGACAAATCTACACATCGCACGAGGACGAGGCTTCCCTACCAAGCCTGGACATTGCCTATCCATCAGAGAAAACAAGTCCTCGACCTGGAGAGGTGACGGATGAGACGAGAACTGAACGCCTTCCCCTACTCGACGCCGTCGAGGATAATCAAGCATTACTGCTCACTGGTCCACCCGGGGCAGGCAAGACTGTCGCTCTTCGTCAAGTTGTTCGACAAGCGGCTCGTCAAGCAGCGGATGGTCCCTTAGCATTTAGCGGGGCGGAAGGCGTATTTCAGAAATTCTCCCGTCTGGTTGGAGATGCAGATCCGACCGGCAACCAGCCTCCTTTCCCTGTCTACGTCAGTCCAGGTGATCGTAGTGTCTATTACAGAATAGCCATTGAGCTTCACTCGAAAGGGGTGGGAGATTCTTCGCCCTCCAAAGAGTGGGTATTCGAAGCATTAAAGGAAGGCCTGCTTTTCGTAGCCGTTGACGACGCGCATCGGTTTGACACGGATGAATTGAAAGATCTCCTCCGATATAGTGACAGATCTCCTATCTTACTCGTTGGCCGCGATACGAAGCAACTCCGCTCGCTCAGCCTGCAACGGGTAACGATGGCACCGCTCACCGATGACCAGCAGGAATCAATTCTATCGGAGTACCTCGACGATCGAGTCAGCGTAGCTCATCACGCCCTCAAGAATGATGAGCTTCAAGCGCTTGCATCACGTCCTCAAACTCTTTGCCTTCTTGCTCAGACGTATGCCGAAAACGAACATTTTTACTCTGATAAACGGACTCTTTTTGATGAAGCACTCAAGCAACGATATAAGGAATTAGGCGGTGAGAGCGAAATTGACGAGCTTTGGTGCGTCAGGCGCTTCCTGAATAGCTTAGCATTCCGGATGGCTTCGGGTACGACTCCTTACTTCATGTCAATCCCCAAAGCAAGAGGCAATATAGCAGATACGCTATCAGTTTTGAAAAAGGATTTTGGGGTTTCTGGTCTTACAGTAAATTCGGTTATTGATACCCTTGACGAAAGAGGTCATCTGCGCGTAGGCACCAGCAATATCCGCTTCGAACACGACCAGTGGGAAGAGTTCTTCGCAGCGGAAGAACTTGTCGACCAGGGTGCCCGGCTCGATGATCTGGGCACAGAAGAAATGATGCGAGAAGTCTCTCTCTTCGCTGCATCGAAGCAAACGCTCGAAGATCGTATCTGGAAGAATCGAGCTTTCTGGAAGGGGTTCTGGAGTATGGTCAGTCACCTCGATCCATTCTGGGCCTTAAAGTGCGAACGTCAAATAGACTTCCGCGAACGTCGCGAGAATGATATTTCGACAGTGGTCGATGTTGAGAAGATAGTAGAAGATATTGATGAGCCTTCTGACGAAGATATCAGATCTTCTTTTCGGGAATATCTTGATGAATACAAGAGTATCTGCAATAAACATTTTCCTCGCCTCCAAGAGATTTTTCCACCGCACGGAGAAGAACAAATTTCTATCGCTGTTGAGAGGAGATCGGAGCATTATGGTCGTATGAAGTGCTTTACCAAAAAAGAAGGTCTTGATCAGGACGTTTGTGTTATCGATGATGTTACAGACGAAACACGGTGGGATGAAATAGTGGAATGGCGGTCGTCCCACGCTGCCCTAAGAAGTATACCTATACTTGAGGTGATGTCAGATATAAAGCGAAATCTCAAAAGAGGCCTCAAGGATGAAAAGCTATGGGAATCAGATGCACTTTTACGCGAGCGTGCTTACTACGAGGGGGTTTCTCTTTTCCAAGTGGTTTCCGGCGAAGAAATTCCATCTCAATTCCATGCTGAGCCTCTATTT
CP030356.1_gap47	2107064	2110235	3171	CGCCTGTGGTCGACCGCGGGCCCGCCTCCATCCTCGTCGGTCGGTCCGGCTGGGCCGCCCACCAGGCCGACGTGCTCCGGGCGCAGGCCCGGTCTGGCCCCGTTGCTCCGGCCCAGTGGAGCGCGAGCGACTCGAGCGCCTGGGCGGCCGCCCTCCTTCCGACCCTCCTTCCCGACCTGGCGTCGCTCAACGCTCCCGACTCCACGACCGTCGACGCCCGCTCCTACCTGCGCAACTGGGACGCCGTCTACGATCCGGCCAGCATCGGGGCGGTCGTCTTTGCGGAGTGGATGCGCGCCTACCGACGCGAGATTGGCCGTCGCCCAACCCCGACCGATTCGGTCTTCTTTGCGGGGCCGCGCCGGCGCCGAACATTTCGCGCGGCCGTCGACTCGCTCACGCGTCGCTACGGCACCGACGTGCGACAGTGGCGGTGGGAGCGCGCTGCCTCCGAGCGCCGCTTCTTTCCCGTATGGGCGGCCGACAGTCTCGTCGCGGAGGACGTGTCCGCACTCAGCAGCACCCGATTCGCGCCGCTGGACCGTCCCGGCCGGGGCCACGCCTCCAGCCTTTCCGGGGGGCCGGCCCGCATCGACCCGCTTCCCCTCGGGCCCGCCCCAACGCACTGGGACGGATGGATGCAGGGCCCCCGCGGCGGCCTCACGGTGCGGCGCCTGCGGTTCGAGCCCTCACGGTTCTTTGCCCGCTCCCTCCTGTCCCGCACCCGTCCCCCGCCCGTCTCGGTTGGGCAGGCCCCGATCCCAAACACGACCCGTCTCGTTCCCCCATCCCCGTAATCCTCGGGGCCAGGAGGGACGGGGCTACGCCTCCTGAACCTGCCGCCGTATTTCTTCGGGGACGCTCGGGTCGCGGAGGGTGGTGGTGTCGCCGAGGTCCTTCCCGTTGGAGATGTTTTCGAGGAGGCGACGCATAATCTTGCCGGAGCGCGTCTTGGGGAGATCCCCGACGAAGATGACGTTTCCCGGGCGGGCAAAGGCCCCGATCTCTTTCTCAACGGCGGCGACGATGTCCTGCCGGAGCTCGTCGGACGCCGCCACCCCGTCGCGGGGCGTGACGTACACGTCGGGCACGTTTCCCTTCTGGTCGTCCTGCCGCGCGGCCACTGCGGCCTCGGCCACCTCGGACACCTGGGCCACAGCCGACTCCAGCTCCATGGTGCCGAGCCGGTGCCCGGCCACGTTCATCACGTCGTCGAGGCGCCCCAGGACGCGGAAGTAGCCGTCCTGGGCGTGCACGGCCCCGTCCCCGGCTTCGTAGACCCAGTCGCGCCAGTCGTCGGAGTCGACGTCCGAGAAGCGGCGCCAGTACTCGTTGATGAAGCGCTGGTCGTCGCCGTACACGGTCTGCAGCATGCCCGGCCAGGGGCGCTCGATCACCAAGTTGCCGGCCTGCCCGCTCGCGGCCTCCACGGGCGTGCCATTGTTGTCGTAGATGGCCGGCTGGATGCCGGGGCACGGACGCCCGGCCGAGCCGGGCTTCATGTCCTGCAGGGCCGGCAGGTTGGTGATGAGGTGCCCCCCCGTCTCCGTCTGCCACCAGGTGTCGACGATGACGGCGTCCTCGTTTCCGATGTGCGTGTAGTACCAGAGCCACGCCTCCGGCTGAATGGGCTCCCCGACCGTCGTCATGTGGCGGAAGTTGAAGTCGTACGACGCCGGGTGCTCCTTCCCCCACTTCATGTACATCCGCACCGCCGTGGGCGAGGTGTGGAAGATGTCGACGTCGTGCCGCTCGGCAATTTCCCAGGTGACGCCCTTGTGCGGATGGTCGGGCGCGCCCTCCCGCATCACGCTCGTCGTGCCCAGGGCGAGCGGGCCGTAGACGATGTAGGAGTGGCCGGTAATCCATCCGATGTCGGCGGCACACCAGTAGGTGTCATTGGGCTTGATGTCGAGGACGTACTTCGACGTGCCCGCCACGTAGCTGAGGTAGCCGCCGGTCCGGTGCTGGGCCCCCTTCGGCTTGCCGGTGGTGCCGGACGTGTACATCAGGAAGAGAGTGTCTTCGGCGTCGCGCGACACCGGCTCGACTCGCGCCCGTTCGTTGTTGGCGAGGAGCTCGGACACGAGGATGTCGCGTCCCTCCTCCAGGTCGGCCTCGGGGTGAAGGGTTCCCTCGTGGCGCTCCCACACTAGCACCGTGTCGATGTCGGTGTCCGCCTCCTCCACGGCGGTGTCGGCCTTCTCCTTGTGGTGCAAGAACTCGCCCCGCCGGTAGTAGCCGTCGATCGTGACGATGACGTCGGAGTCGGCATCGGTGGCGCGCTGGGCGAGGGCGCTGGCCGAGAAGCCGCCAAAGACGACCGAGTGCGGCGCGCCGATGCGGGCACAGGCGAGCATGGTGATGGGCAGCGCGGGCACCATCGGAAGGTGGAGCGTAACCACGTCGTCCTCCTGGACCCCCACGTCGCGGAGCGAGGCCGCCATCTTGTTGACTTCCCGGTAGAGATCCCGGTACGTCAGCGTGCGCCGGGTGCCGTCCTCGCCCTCCCAGATGAAGGCCGCCTGGTTGGGCCGCTCGTGGAGGTGACGGTCCACGCAGTTGTAGCAGGCGTTGAGCTCCCCGCCCGTAAACCACTCGAAGAAGGGCGGGTCGGACCCGTCGAAGACCTCGTCCCAGCGGGTGTCCCAGTCCAGAAGGTCGGCGTACTCCTCAAATCCTTCCGGAAAGTCGTCGAACCGATTGTAGATCGCCGGGTCCGACACGTTGGCCTGCCCCACGAATGCGGAGGGAGGGCGGAGATACTCCTGGTCGGACAGTCGGGCTTCGAGGGCAGCGTCGGCGTCGGCCATGACGGGCAGAGGGGTCGTGTGCGGAGCAGCGAAGTGCGGGGGCGCCCCACCCGGAAGGGCTTCGATTTTTCGGAGGGTCGCCCACTCCCACTGGGGCTACCTTAGGAATTTGGGGGCCCAATTTCAACTCGGAGCGGGGACCTCGGCCGCCACCACAAGCTCCGCCTCGCACCAGCCCCGGACCGCGTTGCAGCAGTACAGGGCGTCCGCCTCTCGAAGATCTTGAAGGCGCAGGGGGCGCTCCGTAGCCTCCGGACGCGTCTCCAATACGTAGTCCCGATACACGCCCGCCAGGAGGCCGGCCTCCGCCGGCGGGGTCCACAGCGCATCGCCCCGCCGAACGAACACGTTGCTGTAG
CP030356.1_gap48	2154886	2158266	3380	CCTCGGCGTCCAACTGGAGGCCCCCTTCCCCCTCCGTCACGAAGAACGGCTGTTCGAAGAGAACCGAGTCCCGGCGCCCCCGCTCAGTCACCCGCAGAACGTAGTTGCCACTGATCCGGAACCGAATGTCGTCGTTGGGGAAGCGGTACCGGTAGTGCACGTACGGCACTTTCGTACCCCGAGACGGGCGGTAGTCGACGAGGCGATCGTCCTGGAACGATTCCAGGGTCTGTCCCGGCGAGAGGTCTCGGCGCCACGTCCGGTCGGCGTGCTGAAAATAGACGGAAAGCGGGCGCCCCTCCGCCGCCAAGAGATCGAACTCTAGGGTCAGGCCGTCTCCCCCCGTCATCGACGTGACCGGCAGGCTCTGCTCGTCGTCCCCCTGATACAACTGAACGGTACGGACCGAGGCGGACGGCGGCGCCAATTCGGGCTGAACCGTTGCCGAAGCCGGAGCGGACGAGTCGGCCTGTTCCGCCTCCTCCGTCGACTTGCACCCCATCGTCAGAGCGACCGCCACGACACAAACGAGGAGCCCAAACGCCCAACGGGAGACGACGCGCATATTACCGATTGCGTGGCTCATTGTGGTTGGCGAAAGGGGCACTGTTACACCGAGAAGTCTCCGTTGGGGATTTGCTTGACCCAACCAGCAGTCGAGAGGCGTGGTTCGGGACCGGACGGCCAGGCCGACCGGCCCGGTTCGGGGTCCCCGAATCAACTGCCCGCCTCTCCCACCACGCAAAGACGGAGGCTCGTTCCTCGTCCCCAAGCGCCCGGGCCCGGCGTGCCCCCCCGGCGGCCCATCGCCGCGCCGTCGCCGTCGAGTCCGCCCGCAGGGCCGCCTTGGCCCCCCACGCCGCACGCTGCAGTTCCCATGCCCGGTGCCAGGCCCGCGGCCGACCGGCACGTACCGGCACGCCCAGCCCCTCCCACAGGGGCAGTGCCCGGCGGTACCGCCGCGCGTCCATCCACCGGACCGCCCGCCAAGCCCGTACCTCGGCGTCCTGGGCCCCCGTGTCCGCCAGGCGGCGGGCCTGCGCGGCTGCGGAGCCTGCACCCGTGAGCACCCGAACGACGGAGGGACGGTCGGCGATCGCGTCCCGGAGGGCGAGGCGGGCCCGAAGGTCGTGGGCGTAGTCCGGCGCCTGTGCCCGGGCTTGGGCGTACAGCGCCCGGGCCGTGTCCGGGGCCCGTCGCAGCACAGCCGCGTCGGCCCCTGCAACCTGGAGCGGAACCGTCCGGGCCGCTGCCGAGAGCGTGTCGATCTGGCGCCACACGGCGTCCGGCCGTCCCTGGGCGAGCCGGTGGTGGGCCAACGCCGCGTGGGCCGCCGCGTACCGCGGCTGTGCGTCGAGGGCTCTTGCCAGGTGTTGCACCATCTCGGTGGTGTCGCGGCGCCGCGCGGCCCGCTGCGCCGTCTGGTAGTGCCGCCGCGCCGGGGGCACATAGTGAGGACAGTCGGTCTCGAAGAGGGACGGGCGCGTAAACTGCCGGGTGACCACATCGTGGGCCGCCCGCGACACGGCGGGCGCCCGACGAAGATGGGCCGCCCACTCGTTTGCAAGCGTGCCCAGCGACCGTCCGTACACGGTTTCAAAATTCCCCCACGCGTAGACGCGCCTGAGCCGCGCCGCGCCGTACTGGTCGAGCAGGTACCGGACGAACGATCCCATCGTGGCGTACGAGACGGGCCCCCGGCTCGTCCAGAAGCCCCAGGGCGACAGCCGCTGTGCCACCGCTCCCGCCTCGGCGGCGAGCGTGGTCGTCGTGTCGGACTGGGCCGCGGTGCGGACGAGGTCATCGGGGGGCGGCCCCGGCGACGGCGGCTCCAGGGCCACCGCCCATCCTTCGATGAGTCCCGGTGCCCAGGAGGCCTTTAGCCCGGGCAAGCCGTAAGGACGACTGACGACGTGTGCCAGCTCGTGGCCCAGGCTCTGCGACACCCGATCGCGGAGCAAGTGCACCTGCGGGGTGTCGAGCCACACCGGCGTCACGCTCGTCGTGCGGGCGCCGGTGAGACGCCCTTTCGTGTCCGGATTCGGGTAGATATAGCTCCGGATTCGAGGGCGTTCCGCGTCGGCTTCCAGGCCCAGCCGGCGCCGCACCCAGTCGTACTCTGCCTCGTGGGCGGCGGCGAGGTCCGCGGCGGCGGCCGCGTCGACCTGCGTCGAATCGTAGTAGAGGTCAAAGTGGGGCGTCCGCGTGTGCCCGCCGAGGCGCTCCTGCAGGGAGGCCGCCGTCGTGTTGATTCCGAGGGCAGCGGAGAACGCATACCCTGTCCCGAGGACAAGGGCACACGCAAGAACGGCCCCCCAAGACCCGCGCCCCCGCACCCGGTGCCCGATGAGCACAGCCAGCAGGGCCCAGAGCAGCGTCAGGCCCCGAAAGGCAAAGAGCCCCGGGCGAACGGCCAGTTGCTCGTCGTAAATGGGCCCCAGCACGCCCCCGAAGACATGATTGTAGGTGTAGAACTGCGGATGCAGGCCCAGGTCGTAGAGCGGCCCGGCCACGACGAGAAGCCCCCCGAGGCCGCTCAGCACCCACCCCGGTCGCGACACCGGCAGTCCCCGAAGCAGATACGCCACCGCCACCGCGAACACGACCGTGATCCCCGGGAACAGGACGTAGAAGAGAAGTCCCTGTCCCAGGGTGCAATTCGGCGCCCAGGCCTGCGCAAGCAGGAGTACCGCGAGCGGGACGAGAAGGGCCGCCGCCTGGCGCCCCATCACCTGCCACACCGACATCGACGTGGCGTCGAACGCCCGAACGGCCGCCCCCCCGCTGATGAAATAGGCCGCCAGGGCCACCACCGCGGCGGACTCGGCCTGCAACACGTTGGGGAGAGGGATCGGGGCCAACAACAGGCCCAGCACAAGATACGCGGCGGCGGCGCGACGCATTGACGCATCAACGGCAGACGAAACGACAACGCTGGGAGCCTACAGGAGCGTAACCGACACCCCGACCGATATGGCCTCCCTGATCTGGATTGCGCTGGAGGTGTCCTCGTCGAAGAGTGCCACGAACTCCAGGTCCGTGGTAATCCAGTCGTTCACCTGGAGGTTGATGACATTGTCCCAGACGGCATCGGGGGGATTGTCGAGCTGGTTCACGGCAAAGAAGACGTCGAGTTGCGACCGGTACCGGATGCTTTCGGAAAGCTGCTGGTCCAGGTTTGCAGAAAACTGTCCTCCGGCCTCCGACCGCACCAGATTGTCCGGATCTACCCCGTAGAGGACCCGAAAGTCCGGTTCAGCCACGACCGTCTGCTTCGCGGCAACGCCCAACCGGAGCGAGAGCGGATCGAGTGGATCGTAGGTAAGACCGATCGACTCCGTGACGGTCCCCGGGGCAAAAAACGAGGAGGTTCGAACGGG
CP030356.1_gap49	2165345	2169587	4242	GGCGTCCGAGAAGTCCACGGGCACGAGGATGTTGCGCACGGCCCAGGCCGGGGCCCTGTCCGCCGCCCCCCGCACCGTGAGAACCGGACAGGGGGCCGTGCGGAGTACCTCCTCGGCCACGCTGCCAATGAGCAGGCGTTGGAGGCCGCGGCGCCCGCGCGTCCCCGCCACGACGAGGTCAATCTCCTGCTCCTCGACGTATCCCACGATCGCCTCGGGCGGCGACCGATGCTCCCGCTGCTCCTGCACGAGTGTGAGGGCGTCCAGGTCAACGTGCGGCGGAGGGTCCCCGTCCCCCGACAGAAGCGCGGACAGGGTGGACTTGGGAATCGGGATGTCGGCGTCCGGTGCGTTTCCCGATCGGCCCTCCGTCACGTGGAGCACGTGTAGCTCCGCTTCGTGCCAGGACGCGAGGGCCGCGGCATGTGGGAACGCCCGGTCGGCCCCTTTCGAAAAGTCAGTGGGCCAGAGAATTCGGCGGATGGAGAGCATCACGGCCTGCTGTGTCTGGGAAGGGTGACTCTCCAGAATGTAAAGAAGCGCCCTCAGAATGTGAAGTCCACGTCTGGTAGCGGACCGCCATTAGCGGCGCACTCCGCACAGCCGGCCGATGCCCTGCCGAAAAGAGAAACTTTTTATCGGACAATCAATTGATCTCCAAAACAAACGGTTCACCATGACGACCACCAACCCAGACCGCCTTCATGCGTGGAGTTAGCTTCAAGCCGCAGGACGCCGAAGACTTTTCGACGGGCGAGATCAAGTCGTATGGCGGCATTTACGCCGCCACGGCCGAGGACTTTGCCGGGGCCTTCGAAATCGAACCCGAGGACTTCATTGAGGTGGTCCAGTCGTCGGACGTAGAGCCGCTCACCGAAGTGGGGGAGGACAAGGAGCCCGGGAAGTACAGCCTCTCGTTCGAACGAGACGAGTTTGAGAAGCTGAAGAACCTTCTTCTGGAGCGGACGGAGGAGTGACCCCTCCCCCGCTTGCGCCTGAATGGCCCCCGCTCGGAGCCGTCCCCCGGCTCGGGGCGGGCTTCTTTATTGGGTTTTAGTGAGCTGGACCAGCGCAGGTCCAGAGACTGCTCTTTTTCATTCACATAGAGCGCGCGCTGACGTGTGCAGCGCGACCGCCCTACGGGCCGAAGCAGCACGTAATAGGACGTGCTGTGAGGAATCCGGCCCAGGAAGGGGGAGACGGGGCTAGTAGCAAGCCCTAAGCAGCTCCCCTTGGCGATGGTGAGGCACGGTCATTCCAAAAGAACCGCCTTAGTTCCATCGGGAAAGTAAACCCCGGACTGAAGCTGCCTCAGAGATTGAAGCCCTTGGCGGAAACATGTCCCGTGAGGATGGAATGCGCAACTGCTACCAAACAGCAACGTTTTATCTGTCCATGCCGGGACGCCGAGGGAGGTCCGCGCGAGTACTGGAGGATTCATAAAACGTCCAACAGATGGCCTCCTTTCGCCTTGGAGGCACGGAGCCTACACCACGCTTTACGGCTCCGCTCGCGATAGCCCGGTTGTCCTACCGGGTACAAGGGACACCAGAGAAGGCGGGGCCTACGCCTCACGGATGTGAATGGGCCTGCGAATCCAGGATACACCCCGCAGAATGAAAAGGTACCTAGATCTACCGATGTCTGTTGGGTGTCAGCGGAGCCTACATAGTAGTCTGAGCGGCTGAGATGCCGACCTTGACGAAGGTAGGCAGGTAGGACAAGCTTTTAAGCAGACAGTATTGAACCCTCTATCAAAGCAGTGAATGCTGCCGACATGGAAGTAGAGAAAATGCAGACAAAGCTAGCTCGCTGGTCGCAAGACCAGAGCTTCGAGGCAGACGATATATTTAATATCGTCTACGACGGAGCGTTTTTGTTTGAAGCATGGCTCAGTGTTGAAGCTAATCTCGGGTCGGAGACAGCAGGTGTCGACGGCCTCACGGCTGAGGATTACCGGAAGCAAGGACTGAAGGAGAATCTCTTCAGTCTGAGCGACCGCCTCGAAAGTGGGACCTACGAGCCTGATCCGGTACGACGAACGTATATACCGAAGGGCCCCGATGAGGTACGCCCGCTAGGGATACCGACCATCGAGGACCGGATTGTACAGGAGTCGCTCAGGATGATACTGGAACCGATCTACGAGACGGACTTCAGCGACGATTCCTTCGGATTCCGTCCAAATCGTAGCTGCCACGACGCGATTAAGCGTGCGAACTCTGAGCTTAATCCAGCCACTGGCAGGTACAAGCGATGGATTCTGGACCTGGATATCAAAGGTTACTTTGATAACGTCGACCACACGGAGCTGATGTGGACCCTCCAGGACAGGATTACTGACCCTGAAGTGCTTGACCTTATATATGGTACCCTGAAGGCAGGGGTGAAGGAGAATGGTCAGGTTCAAGTCACGGGCAAAGGCACGCCGCAGGGAGGCATCGTGTCCCCGCTGCTGGCAAATGTCTACCTGAATGAACTTGACTGGTGGATCAAGGGGTGGACGGAAGGACCGAAAGGTGGACCAGAGGACTGGACTTATGTGCGATACGCTGATGACTTCATGATCCTGACGAATGGCGATAAGGAAACTGCGGAAGCCATGAAAGGGAGAGTGGAGGAGTTCCTCGATGAGGAACTTAATTTAAAGCTATCGCAGAAAAAGTCCAGCATTAGACACGCAGAGGATGGCCTGAGCCTTCTGGGGTACGATATGGTTGCGGATTCCACTTCTGGAGGCTGCAAGTCATATGTTCCGCAGGAGGCGAAGGAATACATCCGCAGCCGGATCAATGGAGCGACGGATGGAGGCACTGATATCTCTGTCCGGCGCAAGATTCGGTCGCTGAACAGCGTTGTCCGAGGGTGGGCAAACTACTACAAGTACTGCACTGACGCAGCCAAGGTGTTCAACGATGTAGGGCATCTGCTCTGGCATCGCATGACACACTGGCTTGCCGAAAAGTACAAATGTAGTAGGAAACAGCTTATCCAACGGAAGTTGGAAAGCAAGAGCCCAATTAGGATCAACGAGATAACACTCTTTGATCCGACTGGGATGTCCACTAGTCGGACGGAAAGTCCACGAAGGCACGGACACCCGTACTTGTGTGAGGACGGAGACGGCAAACCGGAGCCCCAATGGAAGAGGCGGTACCGTGAGGGGCATCCAGGGCCGGACCCATACCTTGCAAATGAGGAAGATCGCCCAGGCTCAGGAGACCAGAGCCAGTGGGCTCGCGTGCGGGACGAGAATACGTGCCAGTCTACCGGATGCGACACCAGTGGGCGCGAGTCCACGGTTGTACACCACATCCGGCACAGGCGGTCGGCGGACGACGACCGGATCGACAACCTTGTGGTGCTATGCCACAGGTGTCACCGGAAAGTCCACCATACCGACCAAGTGGTGACGGTCCAGCACGAGGGAATGGATGAGCCAAAAGAGCTAACGTAGTCCTACTGGAGAGCCGACCTACGGAGAAATCTGTACGGGCGGTTCGGGAAGGAGAGGTTGGAGACGGCCTGTTAGGTATCTGAAGAGATTAAACGCGCCAACCTCTTACTTTCACTGGGGATGGCCCCACCGTGGCCCGCCCAAAACGCCCCGCTTACGCCGCGGACGGGGCCAGCTCGGCCTCGTCGACCTGTGTGCCCACCAACACCGCGGCGCCCACTGCGAGCAGGCTGCCAATCCCAAACGGCACGATGAACCCGAACGATACGAAGAAGCCCGCCATCAGCTGGCCGGATGAGATGCCGAGCCCAAACGCCACGGTCAGGACGGCCAGCTGTGCCCCGGACTGTCCCTGCTCGGTGTGGTCGCCCGCCAGGGCCAGCGCCGGGGCAAACACCAGTGCGCCCGCCCCGCCCTGTAGCATCCGCACCATGATCATCTGCCAGGGCGCCCCGACGACGCCCTGTAGCAGCGTGGTGGGGACGAGTCCCATCAGCCCGAGCACGATGAACCACTTGCGCCCCATCCGGTCGCTGGCCCGTCCCACCACGGGCTGCAGGGCCGCAAGGGCCGCAATGAGGGCCACGAACTCGACCGCAAAGAGGAACGGCCCCTGCCCCAGCCGGGCATTCACCTCCGGCTCGATGGCGGACAGCAGCGCCATGCAGCTCGCCATGATGAGGGTCGCGACCCCCAACGCGAAGATGGTGTCGAGCCGCCACCCCGATCCCGACCGGTCCCAGACCCGGAGGGCCAGGCGCCGCTCCGTGGGGGCCGTGCCCTCG
CP030356.1_gap50	2215983	2219103	3120	CGTCCGCCTCGCGCTTGTCCATCTTGTTGATGGCCACCACGATGGGCACGTCGGCGGCCTGAGCGTGGTTAATCGCCTCCTTCGTCCGCGGCATGACGGAATCGTCCGCGGCGACGACCAGGATCACGATGTCGGTGGCCTTGGCCCCACGGGCACGCATAGCGGTGAAGGCCTCGTGGCCCGGCGTGTCAAGGAAGGCAATCGCCTCGTTGTCGTGGTCGGTGAGCTCTACGTAGTGGGCCCCCACGTGCTGCGTGATGCCCCCCTCTTCCCCGGCCACCACGTTGGCGTTTCGGACGTAGTCGAGCAGGGAGGTTTTGCCGTGGTCGACGTGCCCCATCACCGTCACGACCGGGGCGCGCGGCTCGAGGTCTTCCGGGTCGTCCTCCTCAACCTCGACGGCCTGCGTGTCCCGCTCCGCGACAAACTCAACCTCGTAGCCGTACTCGTCGGCGACGAACTCGATCGTCTCCGTGTCGAGACGCTGGTTAATGGACACCATCATGCCCGCGTCGAACAACGTGTCGATCACGTCGCTCACCGGCTCCCCAATCAGGTTTGCGAGCTCGCCGGTTGTGACAAACTCGGTCACCTCGAGAATATTCTCCTGCTCGCGCTTGCGTTCCCGGCGGCGCTGTCGCTCCTCCTCGTGTCGCTTGCGCCGACGGCGCCGGCGGCGTTGGCGTTCGCGACTGGCGCCCTGTTCCAGCTCCTGGAGCGTCTCCTGAAGCGTCTGCTCGATGTCTTCTTCGTCGGGGCCCCCACCACCGCCGCCCTTCTGCTTCTTCCCTTTGTTCTTGCTCTTCTTTTTCTTCTTGTCCTTCTTACTCTTTTTATTACTCTTGTCTTTATCCTTGTCTTTATCTTTCCGCTTGCGCTTGCGATCCGGACGCTGAAGTTGATCGCTGTCCATCTTGCCGACCACGCTGGGCCCCTTGAGACGGTAGCGCCCGGCCTTAAGCGTCTCCCCCTCTTCGTCCGCCTCGTCGTCCGCCGTATCGTCAGCACCTTCAGCCGGGGTCTCTTCCTCCGTCGTGTCGTCGGCCTCGCCTTCGGCCTCCGTGGGCTCTTCCGGCGCCTCCGCGTCTTCATCGGGAGCGTGTTCGTCGGAGGCGTGATCGTCCGCCTCCTCGGCCGACGCTGTCTCCTTATCAGCAGCCGACACGTCTTCCGCCTCCGTCTCGTCGGCGGGCGTCTCGGGCTCCGCCTCGGTCGATTCGGGCGCGGCGGATTCGGCCTCGGCGTCGTCTGTAGCGTCCGCCTCCGTGGCCGCGTCCGTGTCGGAGGCCTCCTCGCCCGTGTCTTGGTCCGAAGCGTCCGCCTCGGCGTCTGGTTCTTGCGCGGCCTGCTCCTGCTCGTCCGCAATCGCCGCGGCGTCCTCGTCGGCCGCGTCGACAGGAGCCGTCTCGGCTTCGTCCGTGGGCGCTTCGTCCGCCGGTGCGTCGTCGGCGGACGCCTCGGCCGAGGCCTCGTCCCCGGAAGGCTCTGCCTCTGCGTCCGCGGGGTCCGTTGCATCCGAGGTGTCCTCTTCTGCCGGGGCCGCTTCCGGCGCTGCGTCGCCTGAGGCACGTGGCTCCTCCTCGTCGTCCGCGACAGCGGGCTCCGCCGCCTCTTCTGCCGTCTCGGTGGCAGACTCCGGCTCGGCCGCCTGTTCCTCATCAAGGGTGGCCACCTCGTCCCGCTCCGGGCCGCCGTCGTCCTCCTCTGAGCGGAGCTCCCGAATGCGGGCCGCCACTTCTGCGTCGTCGGCGTACTCCTCCCGCAGGACGAGGTACGCCTCCTCGTCGACAATCTTCGCGTTGAGACCAGAACCGGAGAGGGCCTCTTCGTAGCCCTCCTCTTCCAGAAACTCTACCACGCGGTCCTCGGAAACATTCAGCTCCCGAACGACCTGAAAGAGCTTCTTCTCTTGAAAGTCTTTCGTCTTGGTTGCCATATGGCAATCGGTTGTTGCTCAGACTCACTACAAAAGCGACCGCCGAAGTCGTTTTCGGCGGCATGCGCAGCTAGGATCGAACCTCGGGCTCTTCGGGGGTCGACTCCGCTTCCTGCTGCTCTTCGGAGGGGCTTTGGGGAATCTCGTCCTGTTCTTCGACCTCTTCGTCACCGCCTTCTTCTGTTGCCTCGCTGTCTCCGTCGGCCTGCTCGGGCTCGTTCGGGGCCGGCCCGTCGACGACCGTCTCCTCCCCGTCCGCGTCGGGGGCCGGTGCGCCGGCCTCGGGCGTCTCCTCGTCCGCATCGCCCGGGCCCTTCGAATCGGCGGACTCGGTCGCGCCGGCGGAAGACGCGGAGGACTCGGTCGATGCCTCGCTGGGGGTAGTGCCGTCCGTGTCGGCCGCCTCCGCCGTCTGCACAGACTCCACCGTGAATCGCCCCTGTCGGATCGACTCGATGATGCCCGGCCCCTTCTCGAATTCAGTCTCAATGATCTCCAGCACCTGCTTGGCGGTGTCGCGGTCGAGGTCGGCACGCCGGGCCAGGGCGTCCGCCGACAGTTCGAGCACGGCCTTTCCGGTGTCGCACCCGATCCGCTTCAGCTTCCCGATGGTTTCTTCCGTAAGTTCATCGCCAAACTGCTCGATGTCAATGTCTTCCTCGTCCGCCGGGATTTCGCGGTAGACATCGATTTCGTATCCGGTCAACTGCGAGGCAAGCTTAATGTTGACGCCGCGCTTGCCGATGGCCTGGCTGACCTCGTCGGCCGGCACCTCCACGCGGGCCCGTGGCGGGTCCTCGTCCTGATTCAACGAAACGTTCGTCGGCTCGGCCGGCGACAGTGCCCGAGCAATCAGCTCCTGGGGGTCGTCGGACCACTGCATCACGTCGATGTTCTCGTCGGAGAGCTCCCGGACGACGGCGTTGATCCGGACGCCCTTGACGCCCACGCATGCCCCTACCGGATCCACCTTTTCGTCGTGACTCTCGACCGCCACCTTGGCGCGGTCGCCAGGAATCCGGGCCACCTTCTTAATCTCGACGATGCCGTCGTGCACCTCCGGCACCTCGACTTCGAAGAGGCGCTCCATGAACACTGGGGAGGTGCGGCTGACCACCACCTGTGGGTCGCTCCCCGCATCGCGCCGCACTTCTTTGACGACGGTCCGAAGCATGTTGCCCTTC
CP030356.1_gap51	2242732	2243839	1107	ATGTGGAGGCGACCGGTCGGGCTTGGTGCGAAGCGAACACGAACAGGGGCGTCGGAAGCCATCGTGGACGAGATCGGTGCGTCAGAGAAAGAAGTCGAGACAGGGCACGGGCCCACCCGCCCCGGCGTGTCTGATCGAACAGCGCCGATCAAACAACATGCGGTGCGGAGTTATCAGACGGCACTTTGTAAAGTGGGGTCGCCCCCCGGTTCCCCCACGCACTGGAATTGGCGGGGGATTTGCGAAGCACAATTCCCACTGTCGCCGAGACCAGTCGAGCATGGCGACACGGCGTCGTATCAATCCCTGGTGCAGACGAGGGCTTTCGGTTGGAATCTGCGAGTCCGGGTCGGTAGCATGTAAATGTTTCTCCGGGCCTCTCGTCAAACCGGTGCCCCACTTGTGCGGCCTCCTCCCTCCATGATTCGTCTCGGACGCACGGTCGGCGTTTTCTTCCTCGCCGTCCTCGGCATGGCCTGCAGTAGCGGCCCAGAGGCCACCGAAGTCCCCTCCAGCGCTCCGCCCCCCGACGACGCGATCGTCGCCCGCTACGCCGATACGACCCTCACGCTGGCTGAGTTGGACTCGGCCTTCGTCGACGCCGCGGGTGGCCCCCAAGCTGCGGCCGATAGCTCCCTCCGGGCCTACCGGGACTTCCTCGATCGGTACCTCCACTTTCGCCTGAAGGTGCGCGCCGCCCGTGACGCCGGGCTGGACACCCTCCCACGCATCCGCCGGGAGGTCCACGACTACCGGCAGGAACGGGCCCGGCCCCAGCTCCTGCGGGAAGAGGTGTACGAGCCCCTCGCGCGCACCCTGTACGAGCGCCGGACGCAGGCCGTGGATGTGAGCCACATTCTGATCCGCCCCGCCTCATCCTCGGATACCCTCGCGGCCTACCGCACGGCACAGGCGATTGCCGACTCGGTCGGACGGGGCGTGCCGTTCGGCGACCTGGCCCGCCGAAACTCCGACGCCCCCGCAGCCCGAAAGGAGGGCCGTCGCGGCTACCGGGGTCGGCTCGGGTATCTTCAGGCCGGAGAGGTTGTGGAGCCGTTCGAGGACCGCATGTACGCGCTGTCTCCCGGCGAGACGAGCACCGTCTTT
CP030356.1_gap52	2246874	2249961	3087	CCGAATTTGCCGCGGTCGCGTCCCGAACCCCTGTCGGCCAGATCTCGCAGCCCTTCTACAACGAGAGTCAGAACGGCTTTCACATTCTCCGGATCGACGCCAAGGACGGAAGCACCGTGGACCTTCACCACGTGCTCATCAAGCCCAACGCCCCCACCGGCAAGCGTGCGAAGGAGTACCTGAGCGCCGTGCGCGACACCCTCGTCAACAACGAGGATGTCTCCTTCGAGCGCATGGCGCGGCGGCACTCCGAGGAGGACCGTACGGCCCAAAATGGCGGCCGCGTGACCGACCCGGAGTCTGGGGCGCGCGACCTGGTTCTGGATGCCCTCGGGCCCTCCTGGACCCGGACGATTCGGCCCCTGGAGACCGGCGACATCAGCGAGCCCTCGCGCGTGCAGCTCCTGAACGACGACGAGGCCTACCACATCGTCCGTCTTGACCGCCGCGTGCCCGCCCACCGTGCCAGCCTCGAAACCGACTACGAGCAAATTCGCCAGCGGGCCCTTCAGGACAAGCGCAGTCGAAAGATGCGGGAATGGACCGATCAGCTCCGAGAGAAAATCTACGTGGACATTCGCATCACGGAGTCGGAGCTGACGGCCATGCGCCGTCGCTAAACGGCCCCCGTCTGTCGCCGCTGTTCGTCCGGTCCGGTTGATGGGCCTTGCTCTGCTTCCGAGTCGATTTTCCTATGCCTCCTTCCTCGTCCTCCCCTCCGCAGGACCCCGAGACGCTCGACGACCTCAGCACGGCCTACGACCGCCTTCGGCAGGAGATCGGAAAGGTGATCGTGGGGCAGGAAGACATCATCGAGATGGTGGTGGTCTGCCTCATGGCCCGCGGGCACACCCTCCTGATCGGGGTGCCCGGCCTCGCCAAGACCCTCCTCGTGCGCACCCTCGCCGGGGCACTCGACCTGGACTTTAGCCGGATCCAGTTCACGCCCGACCTCATGCCCAGTGACATCACGGGCACGGAGATCATTCAGGACACCCAGGACGGGCGTCACTTCGAGTTTGCGGCCGGGCCCGTCTTTGCAAACGTGATCCTCGCGGACGAGATCAACCGCACCCCCCCCAAAACCCAGGCGGCCCTCCTGGAGGCCATGCAGGAGCAGCACGTCACCGCCGCGGGCGAGACGCACACGCTGGACGATCCGTTCTTCGTTCTCGCCACGCAAAACCCCATCGAGCAGGAGGGCACCTATCCCCTGCCCGAGGCTCAGCTGGACCGGTTCATGCTCAACCTCTGGCTCGACTATCCCTCGTTCGACGAGGAGACCGAGGTGGTTCGGAGCACCACCGCCGGCCCCCAATCGGAGGTATCCCCCGTCATGAGCGCCGACGAGCTGCAGTCCTACCAGGAGTTTGTCCGGCAGATTCCGGTCGCCGACAACGTCATCGAGTACGCCGTACAGCTCGTGACCCGCACCCGCCCCGACTCCGGAGAGGCCCCCGGGTTCATTCAGGACTACCTGAGCTACGGCGCCGGGCCCCGGGCCTCCCAGTACCTCGTCCTGGGGGCGAAGACCCTCTCCGCCCTGGACGGGCGAATGACGCCGGTGGAGGACGATGTGCGCCGGATGGCCGTGCCCGTTCTGCGGCACCGCATCGTTCCGAGCTTCAACGCGGAGGCGGACGACGTGTCGTCGGTCGACCTGATCGACCAGCTCCTCGACGAGATGTAACGGCATCTTGAGGACGCGGGTCGGGCGGACGAAAACTCGACTCTCAACCGGCAGTAGCACTCCTACGGGGAAGACAAGAAGGGATACTCTCTTTCGAACGAGCGGGCCCGTCCCCGCCCGCTCCCGATGGTTTCTTCACGACGCTGCCGAACGCAGAATGGATGCTTCCCGGTACAGCCGGTTGACCTTTGTGGAACGGGTCGACTTTTCCGAAGAGCTTGCGGTGTTTCGTCTTCGTGCAGACACGCCCGTTGACTTCACGCCGGGCCAGTACGCCACCCTCGGGCTGATGAACGACGACCGCGACCGCCCACTGCTTCGCCCCTACTCGGTCGCCTCGGCCCCCGGAGAGACGGAGCTCGAGTTCTTCATCGAGCGGGTGGACGACGGGGCGCTCACGCCGAAGCTCTGGGACCTCGACCGGGGGGCAGACGTGTGGATGCGGAACAAAATCGTCGGCCGGTTCACCCTGGATCCGGATCGCACCCACCACCTCATGGCGGCGACGGTGACCGGCGTGGGGCCGTACGTCAGCATCATTCGGGATCAGCTCCAGAAACTTCGGGCCGGGGCCCTGGACACGCCGGACCCGATGCTCGTCCTGCACGGGGCGAGTCGATCTTGGGAATTGGGCACGTATCTCGACGAACTTCAGGCGCTCTCCGATCAGGTGGAGTGGTTCGAGTACGTTCCCACCGTCAGTCGTCCCTGGGAGGATCCGGAGTGGGACGGCGAGTACGGGCGGGTTGAGGATGTCCTGCGGAAGCACCTGGACGCCACCTCGTTCGTCCCGTCCGACAGCGCCGCCTACACCTGTGGGCACCCAAAAATGATCGACAAGGCCCAGGGCATTCTCCAGCGGGCCGGCTTTGAGGAAGACGCAATCCACGAAGAGAAATACTTCGTGGAGCGTAACGGGGACGGATAGTCCCCGCAACCGCGAGCAGAGGGCCCCGGCAGGGAACCGTACACCAGACGGTAGATTTGCCTGTGGTCCACCGAGGACGAAGGAAGAGTCCCTGCCTGCCCCTCACCAGCCCCCTCACGGGATTGCCCCATGCTTGGTCGCCTGATTCTGCTCTTCTTGCTCACGCCCGCAGTGGAGTTGGCCCTCCTCATCCAGGTAGACCAGCTGATCGGATTCTGGGCCACAATCGCGCTGATCATCGTGACCGGCGTCGTGGGGAGTCACCTCGCCCGCCGAGAGGGGCTGTCGACCTGGGGCCGCCTCAACCGCCGACTGCAGGCCGGAGACCTGCCCGGGAAAGAACTCGCCGACGGCGTCATCATCCTGGTAGCGGGCGCCCTGCTCATCACACCCGGCATCCTGACCGACGTGATTGGGTTCTCCGGCCTGATTCCCGTCACCCGCACCCGCTTCCGCAACGTGCTGATGC
CP030356.1_gap53	2256157	2257840	1683	CTGGAGGTAGTCCTTCCAGGCGCGGTCACGGAGCTCCCGTTCCTCGCGGTCCTCCAGGCCTGCGACGAAGCCGGGCGGCAGGTCTGCGGCGATCGGCCGCTCCCGCAGGAGGCGCGCGCAGAAGGCGTGGATGGTGCCGATGAAGGCCTGCTGCGCATCCCGGAGGGCGGCCGTGACCCGTCGTCGCTGCGGGCTTTCCGCCGGCAGTGCGGTCTGGGCGCGCCGGAGCTCCTCGTAGAACCGTTTGCTCATCTCCCCGGCCGCCTTCCGGGTAAAGGTGATGGCCGTAAGGTCCTCCACCGGCACCCCCGAGCGCACGAGGGCCACCATGCGGGCCACGAGGGCTGTTGTTTTGCCGGAGCCGGCCGCCGCCCGGACGAAGAAGTTCGTGTCCGGTTCGAAGGCCGAAAGGGCCGGCACGTCGTCTTCCTGCCACGGACCAATCCGCCGGCGGACGGCGGCGTCGTCGTACGTTGAGGAGGCCGAGTGGGGGGCGGACATGGGCGCGGTTCAGTGTGGGTGGGAAGCGACAGGTGAAACGGCCGGCGACTACCCGAAGGACGGTGGGGTGGGGCGCTCGTCGGGATACGCCTTCGCCTGAAGGGCCGTGCTCCGGGCCGCTAGATCGCGGAAGAGGCGGTCGTAGCCCCGGTACCGCCACGCGTTGAGGTACCGGGCGCGAGGGTGCATCGGGAAGCTTCCCGAGGCGGCGAGGGAGCTCAGCCGGTCGAGAAGCCGCTCCACCTCAGTCCGGTACCGGCCCGGGTCGAAGGCGAGCCGCGTGCCCCGTTCTCGGGTCGTTGGGAAGTAGTAGCCGGACGTCCCCACCGTCTCGTCCGTCAGTGTGGAGAGCGCATAGGCGTAGAGCGCCCACTGCAGTTGGGCGCCGTCGGCAACGGGGTCGCCCTCCTCGAATGAAGACGCACGCCCTGTCTTGTAATCCCAGACCGCCAGGGTCCCATCCGGCCGGCGGTCCACCCGGTCGATCCGTCCTCGGAGCGACATCTCGCGCCCCTCGACCGGGATTGTAACCGCCCCGAAGTCTTCCTCCTGGCGTCGATACGGGCCGTAGCCGAACCCGACCTCGTGGTACAGCGGCGCGTGGGTGCGACAGTGCGCCGTCTCGGCCCGCAAAAACACGAGCGCATCCGCCCGGAGCCGACGAAACGCCGCCTCTTCGACGACGTCGCTCGGGGGCGCGACCTTTTCGGTTTCCGCTTCAAACGCGTCCTGGAGCGTGTCTTCGAGAAGCGGTTCGTGCTCGGCCGCGGGCCGCTCGTCCCGCTCCCGGAGGGTCGTCATGAACGCCTCAAAGGTGGCGTGGAGAATGCTGCCGCGGCGAAGGGCGTTGAGCCAGGGCTCATCGTCCAGCGCGGGCTCGTCCAGGGGCTCGACGCCCAGGACGTATTTCAGAAAGTACAGATACGGGGTCTCGGCGAAGGTCTCCAGTCGACCCGCCGACATCGGCCCGCCGTTTTCACGGTCCCGAAGAAAATCGAGCTCCGGATACGTGCCCGCCTCCAGCAGTCCATCGTGTGCCGTGTACGCGTCGCTCTGGCGGGCCTGTCGCGCGTCCTCTCCACGCCAGAGCCAGGGATAGCAGTCGGAGAGCGCGTCGCGGGCGGTGCCCGTCCCCCTGCCCTCACCGCCCTGGTTCCGAAAAGCCGTCAGCCACGCCTCCAT
CP030356.1_gap54	2258881	2260526	1645	CAGGCCCACACGCGCGGCCCGGTCGGCGATCAGGGAGACGTAGGGCTGCTCCCCCGCCACGGCAATCTCCACCTCGTCGAACGGCACGTCGGCGTCGAGGAGATCGCGGACGAGCGCGTCCACCTCCTTGGCACTCCCGACCGCCCGCCGCACATGAACCTCCTGCACCGTCCCATTTGCCGTTTCACCGGGCGGCGGCGGGGCGTCCACAAAGCGCGCAGCGGCCGTCTGCGGAGGCGGGGCCTCCGGCTGCGGGCGGCCGATCCGGTAGAATGCCTCGGCCCCGGCCCGGACGGCCCGCACAAACTGATGGGCCTCTTCCGGCAGGTCTACGGCGTCGCACACCGCCACCACGGAGGCCTCTACGGCTGGGGGCGTTGCCTCTCGCACAGATTCGGCGGCCCACCGGAGGACCTGCGCGTCGTCGTAGAGGCCGTGTGCATCCAGCGCGTCCAGGTATCCCTCGTAGCAGTCCGCCACCACCCGAAACGTCGCCGACGCATCTTCCGTTTGGGCGCGCGCCTGCACGTCTGCTAGCGGGGCGCCATTCCGCCGGAGTGTCTCGATGGCCTCGGCCACCGTGTCGGCCAGTTGACGGGGGCCCGGCAACCCGTCGAGCCGCCCTTGACGCTGCAGCTGCTTCAACAGGCGCGCCGCCAGGAACGACCGCCCACCGACCGGCAGCTCGCGCCGCCCCGACGCCAGAATTCGGGGCTGGGCCACCTGTTCGGCGTGGTGACGCACGATGCGGGTCGAGACCCCGGCCCATCCGTCTGCGTCCCGCGCAAGCGCATCCTCAAGGGCACGCCCGATCTGCGTCCGGGGCACGAGAACGACCTTCGGCGCGTGGGGGTGGGCGCGGCAGAGGGCCCGGAGCTGGGCGCCCGGCGAGGCAGAAGAGGCAGACACAGAAGGCATGGACGGGGGAGACGAACGCAGAAAATGGTGGGGGCGTCCGGCGAATGCGATGCCACGTACAACCTGCCGGTTGCACAGCACAAAGCAAAGCGGACGGACGGGCAATTCGTGAAACGTGTGGACTCGCATCCAGCACTACCGGGAATCCCGTCCCCGCCACGTCCACGGCGGCACCGGGTCGGGCTGCGCCCAGAGCCCCCGCTCGCTCGCCCGGGCCCCCTGCTCCAGGCGGCGATACTGATCATTTTGAGGGGCCTGCCGACGGTCCCACCACGCGAGTCCGCGTCGAAGCAGGTGCTCGTTCAGCACGCGATCATCCACGCGCACCACGAAAAGGGAGCGGCCGTCGGGGCCGTCCGTCTCCGCCCGGGCCCGCACGTCCGTCCGGAAAACGACCCGCCGCACCGCCCGGGCCGCCGCGTCGGCGAAGGGCTGCCCCCGCTCCGGCGCATCAATTCCGTACAGCTCAACCCGCACGATCTGTCCCGTCTCGCGGAGGAGGTAAATGGTGTCTCCGTCCAGCACCCTGTGCCCTGTGCCCACGTACGACTGCCCCCGAGCGAGGAGGGGGCCCCACAGAAGCAATGCGAGGCCCGCGAGCACGCCTCGCCACGCCCACGCGGACATGAACCGGCGGCCTCCAGAACCTACAGCGACAGGAATACGGGTGTGCACGGCCATCGAGCGGCGGGCCTTATCAAAACAGCAGTCCTACGAGTCCGCCCAG
CP030356.1_gap55	2434722	2435665	943	AGGTACGTGTCGATCTGCACGCCAAGCACCGCCCCGAAGGCGATGAGAAGAACGGCCGGGAGAATGTGGTACTTGCTGAGACGCTTCATAGAATCGGCGGAGAGATCCGTGTCAAACGACAGCGCGCGAACGGTGTGGAGTGCCGAAAGGATCCTTCGACCTCATCCCCCACGAGCAGCCTCTGGGGAGGCCCCTGGTGATGACATCAACCTTTTTCTCATATTTAAGCCAGACGGCTTTGTTGCGGACTTGGCCGTGGTGTTACCGACCAGAGAACGTTTTCCGGGAATCCGCTTATCAAATGATGCTTATTCGTACGAAAAGTACGACCCATCCTTCCTAAGACCAGGAGCGGGGCCCTGTCCCCCGCAACCAGAATGACGGACGCAAAGGCGGACCAGTACTATTATATTTTCGACAGCCGCACGCACCGTCCGCTCGTGCTGGACCGGGCGACGGGGGAGCACTACGCCTCCGGATCCGACCCGCGAGGGCCGCTCATCGAGCACGTTTCGGCCCGGCGGGGCCCCGAGGTCCTGCGCCGGTTCGCACGCTGGTGTGCCCGGCAGGTGGACCCCAGTACGGCGTCCGCCCACACCGCCGCCGGTCGGCTCTGGGCCGCCGCCCAGCGCGACGCCCCGGAGGCGTGGCAGCGCGTGCGGCACGAGACCGCCGACGCGGCCCTGCTGGCCATGTCACTCGGCCTGCCCCAGCGCGAGCCCCCGGCCGCCCGGCTTCTCACGCTGCAGGCCTGCACGCATCCGGAGGCGCAGCAGGCGGCCCGCGATGCCGCACACATGAGCGAACGGTGGGCCGAGTTCAGCGCCTCTTCCGCCTCGGCGGAGGAGGCAGAAGCGATGCGGGCGCGTCACGTCGATTGGCTTCTCGACCGGGTGTCCACTCCGTAGATTGAGGAACCGCGTCGGTTTCTCCAACCGGGCCG
CP030356.1_gap56	2437508	2438530	1022	CGGGCGCGGGGTCGTCGGGCGTGCCCAGCGTGGCCCCGATCGTGCTCTTGCGGGAGACGCCCACGAGCACGGGGCAGTTGAGGGTGAGAAGCTCGTCGATCTCGTTGAGCAGGCGGAAGTTTTCGGCGTCGGATTTCCCGAAGCCGAAGCCCGGGTCGATGATCACCTGCTCCACGCCGGCCTGCTCGGCGGTCTCCACCGTCCGGGCCAGTGCGTCGCGCACCTGGGCCGTCACGTCGTCGTATTCGCGGGGCCGCGTGAGGTCGCCGGGCTCGCCCATCGAGTGCATGACCATGAGGGGCGCCTTCCAGTCGGCCGCGGCCGCGGCCATCTCGGGATCGTGCCGCAGGCCGGTGACGTCGTTCACGATGTCCGCCCCCGCGGCGAGGGACGCCCGGGCCACGTCGGGCTTGTAGGTGTCGACCGACACCACCGCTTCGGGGAACCGATCCGTGAGGGCGTCGATGACGGGCACCACCCGGTCGCGCTCGTCTTCTTTCGAGACGGGATCCGCCCCGGGCCGGGTCGACTCGCCCCCGACGTCGATGATGGAGGCCCCCTCACTCAACATCTCGGCGGCCCGCGACAGTGCCTTCTCGACGGTCACGTACTGGCCGCCGTCGGAAAAGGAGTCGGGAGTCACGTTCAGGACCCCCATCACGTGAGCCCCCGCAGCCTCCGGGCTCCCGGGCCGGCAGTCGAGCGTGTAGTCGTCCCCACCGAGCACGAACCGGTCGGTGGGAAAATCGTCAGGATTCAGCGACGGGGTTGAGCGCGACATGCGGGGCATCGGAGGAGCAGGGGGACACGTTTCAAGAAGCGGAGAGCCACGAACACTTGTTGGGACAAGGTATACACAGAGCGCTGTCGGAACGAGATCCATCGTCTATTTTTGTGGAAACTTTCCGGCCGGCCCGTGTATCCTGCGGGGAGTCTCACGAAGCGGCTTTCACGACCTGCTTTTTCGTTGATGGACGACATCGTACGCTCGGCCCTGCAGTGGATGGGTCCCCTTCGGCGGG
CP030356.1_gap57	2447388	2452097	4709	ACGTCGAGATAAAATCGGTAGCGGCCCGGCTGCCCCACCAGGGGCCGGCTTTCGATCTTGGCCAGGTCCAGCTCGCGGAGCGCGAACACGGCGAGGCTCTTGAAGAGGGCCCCCGGCACATTGTCCTGCAGGACGAACGTGACGGAGGTCTTCGGCTCGCCGGCGCCCACCGGGGGCGCGTCCGTGTCCGCCGGGGCAAGCACGAGAAAGCGGGTAAAGTTCTGTTCGTTGTCCTGGAGCCCTTCGGCGAGGACCTCAAGGCCGTAGCGCTCGGCGGCTCGTCGGGAGGCCACCGCCGCCGTTGTCGGGGCGCCGGTCTCCGCCACAACCCGGGCCGCCCCAGCCGTGTCCGGCGTGGCCTCCGGCGTCGCGCCCGGAACCTGGGCCCGGAGCCAGTCTCGGCACTGCCCGAGTGCCTGCTGATGGGACCGCACGACCTCCAGCCCGTCGATCGTCGCCCCCTCCGGCGCCATGAGACAGTGGTGGATGCGCAGCTGGAGCTCCCCGATGATCGTCACTGCGTGCGTGCGAAGGTGGTCGTAGTTGACGCGCACGCTGCCAAACACCGCGTTTTCGATGGGCACCACCGCACGGCCCACCGCGTCCTCCTCGACGGCCTCGAAGACATCCTCGAACGTAGCGGACGGATGCACCTCGGCGGCATCGAAGACGCACCGGACGGCTTCCTCGCTGAAGGCACCGGGCTCTCCCTGAAAGGCAACGTGAGGGGCCATCGTCGTGTGTAGACCGCTGCGGGCAAAGACGTGAGACCGGAAAGAAATGAATCGGCAGTCCCACGCCCGCAATGGCCCTGCGTTCCGTTCCGCACCGGAAAAAGGAAACGCCTGACCGGACCGGTGGCCCGACCAGGCGTCACGATGCGCTTACAGGTCTCGTCCGGCGGCGCGGGCCGTCTCGTCACGGCCCCACCCCGGACGCTCCCTAGCAGGGGAGAACAGAAAGCGCCGGAGACGTGCCGCTACTGGATCTCAATCTGACGGCGCGTGCTCTTCTCCGTCTTCGGGACGTTGATTGTCAGCACGCCCTCGTCGTAGGTGGCCTCCACGCGGTCCGGATCCACCGCGTCCGGCAGGGTGAACGTGCGGTGGAAGGTGCCAAAGGCGCGCTCCACGCGCACGTACTCTTCGCCGTCCTCCTGCCGCTCACTGGAGCGCTCCCCGCTCACAGTCAGCGTGTTGTTCTGGAGGTTGATGGCGATGTCGTCTTTTGTCATCCCGGGCACGTCCAGGCGAATGCGGAACGCGTCGTCCGTCTCCGACAGGTCCGTCCGGGGGGCCCAGACGGTCGACGTGTCGTCGTCGCCTCCTCGACCGAAGAACCGGTCGAAGATGCTGTCCACCTCACGCTGGAGGTCGCGAACCGTGCGGTTCGGGGTGCGGCGTGTGAGCTGCGTCATGGTTGATCACCTCTGTACAGGTTGTTCGAGAGTCTCACGAACGTGTCAACCAGGGCGTCACACAACGCCCCGTCGTTTGTCGGTGCATCCACATTCAGCATCAAGAGGTGTACCAGCCGGTGTCTCCCCTGTCGCCGACCGAAATTTCGGCACGCCCCCCCTGCCGTCGTGACAGCGACCTGTAGATGTGACGGTCCCGCAACGCGTGTGCTCTCCTACCGCGGCGTCACGTCAATCACGACGGGAAGGTGATCGGACGCCGTCGGCGTGTCGTCCGCCCGGAGCCCGTGGGCCGAACGCACGTCGGCCGGCAGCGCCGGGGTGTGCAGCACAAACTCGTGGACGACCTCCAGTACGCTGTCGGTGACGAACGCGTAGTCGAGCCGCCCCGGCGGAAACGAACTGCCGGGCGCGATCCAGGTGGTGTGCAGGGGCGACGCCACCTGGCGCGGCCTGGTGTCCAGCAGGGGCGATCCGTCCCAGTCCGGCGCCGCTGGCGGTCCGTACCGGTCGGTGTGTACGATTTCCCCGGTCCGCAGCGTCCGCGGCTGCTGGGCGTCCCCGACAAAGTTCATGTCCCCGAGCACCACGATCGGGGTCTTCGGCGGGACGTCGAACGGCCCGTCCCCCTGTTTCACCTCTCGAAGAAAGGCCACCACGCCGTCCACCACCCGCTGCCGCTGTGCGTTGCGGGAGGGCTCGCCGTCATCGGGGCCGTAGTTGCAGCAGGGCGGGTGCATGTTCACCACCAGGAGGTCCGTCCCCAGCGCATCGTCCGCGTCGAGCAGGAAGGCGCCGCTCACGTTGTTCTCGTACCCTGGAATGGTGTGGGTGTCGAGGATGGGGTATCGGCTGCCGAGGACGAGATCCTGCCCCTGCTTGGCCCAGTCCCACTCGTCCGGCAGCCCGAGCGCCTCGTCGGCGACCGCCGCCACCTGGTCGGCGGTCTGGTCGTAGACCTCCTGAAACGCAATGACGCCCGGATTGGTGGCGTCGAAGATGCGCCGGAAGCTCGGCTGGCGGGTTTCGAAAAAGATTGCACTCTGTTCGCGGTCAAAGTCGTTGACCGAGTTGTACGAGAGCATCCGCAGGGCCGAGGCGGTCGGCGCGTCAAGGGCCGGCGCGTCGAGGGGCGGGTCGGCGTCCGAAAGCACGTACCCGAGCCCACCGTCGGCGTCCGGCAGCCGGTCCCCGTCGGTCGACAGGCCCACTCGGAGGCTGTCTCCCTCAAACAGGGACCCGTCGTCGGTAGGAGCCGCCGACCGGTCGAAGGCCACCTCGAACGTCTCGGAGGTCACCGTGGGCAGGGACGTGAACCCGAGGGCCGCGTGCGTCACCTCTTCCGCGTCCCCGTTACGAACCACTCGGCCGGACCGCTCGCCAAACGTCCAGGCCAGCTCCGCCCCCAGTCCCAGTGCCTGCTGCCCCGTCCCGGGATTGTCGTCCGTATCGAGGTAGAGCGTCAGGTCGTTGCCTTCCTGGAGATTGACGGCCTCGCCGAGCTCGAGCCGGAGGAAGAGGGATTCGTCATCGTGGGCGATCCACACGCGTTCGAGGTCGACGCCCTCCCCGTCGTTGGGCGCGTCGGTGTGACGGACCGGGAGCTCCGCCCAATCGCCCCGTTCGCCATCCACGTAGATGCGCGCCGGGTGCGAGGCGTACCCGTCCACCGGCGCGGCCGTCGGGGACCCGTCCCCCGACGACGCGTCGTCACGCTCGTCGGCGGTGTCCGCCAGTCCCCCACACCCTCCGGCGACGAAAAGAAACAACAGCGCAACAGAGAGCAGGAGACGCCGAGACATAGACAACGAGGGCGTTTGGGATGAACCACGCGGGAGACAGAGGCGCTATATTGCGTGTCCTGGGGGATGTTCGGGAAACGGGGAGCACGCAGAACCGCGGCCGCCCCAATCGTCGTGCTTTTCATATCCGTCGTCACGAAACGAATGCAGACCCTCTGGCTCGCCCGCCACGCCAACCGTCAGGACTTCGCGGACCCGAACTGGGCGGCGACGGCCGACTGGCCCGACGACCCCGGCCTCTCTCCCGACGGCGTCGAGCAGGCCCGGCAACTGGGCCGCCGCGTCGATGCCCTCGACGTCGACCGGATCGTCGCGTCTCCGTACCTCCGCACCGTCCAGACGGCCCACCACGTCGCCACGACGACCGGCCACGGCGTCCTCCTGGAGCCGGGATTGGGGGAATGGCTCAACGACGACTGGTTCGACGACGTCCCGAACACACGCGCCCTCACGGCGCTTGCCGACCGGTTCGGGTCGGTGCTGCCGTCGTCGGCGCCGCCCTGCCGGGAGCCCGCCTACCCAGAGTCAAGGCACCGGGCCCTCGCCCGCCTCGGGGCCACCGGCACGTGCCTCGCCGACCGGTACGCCGACGAGACGCTGCTGCTCGTGGGCCACGGCATCACGGTGCAGGGCGTCCTGCACGGCCTCGTGGGCAGCGACGTGCCCGACCCCGGGTGCCCGCTCGCCAGCCTCACGAAAGTTGCGCGGCGGGACGGAGACTGGACCGTTTCCCTCCGGAACGACACGAGCCACCTCGAAAACGGCACCCGTGCTCCCGACCGACTCGCCTGACTCGGGAAGGGGGCAGCCTCCGTCCCCACATGCCCCCGAAGCACGAGGCACCCAGCTTTTCAGGAGCCACCGGACCCGGCAATGCGCGTCCAGAGATCCAGCGTCGGCCGGTCGGGGGTCGGGGCCGAAGGCTGCTGCCTCTGCTGACCCCGGCGTCCCCGCCGCCGCCCCCGCGGGGACCGGCGCCGCCCTCCGCGCCCCGTCACCGACGGGATGCCCCGCGAGGACGGGGTCACGAGATCGGTATCCTCCGGGTCGGGGGTCTGGAGCCCGATCGCGACGGTATTGCCCAGTTCTCCACGCAGGCCGTGCTCCCAGCGGTCGCCGGTCGTTGCCGACCGGGACGGGGACACGGGCACGGCCATTTCGTAAATGAGCGATCCGGTGTCGAGCGTGGCCTGTGCCTTCAGGGCCGAAGACAGCCCTGCGGGCATCCGGTAGTGGACCGTGTCGTTCCGGATGACCGCGAGGTCCGACGGAAACAGATCGTCGAGGGGCGCCCCCCCTCGCGGCGCGTCGGCCCCGGACGCCACGCCCCCCTGACCCGCTCCGGCCTGCTGGGCCCGGCGCCCGAGCGGGTACCGGACCCCATAGGTGTGCCGCTCTTCGCCGGCCGGGTCGATCCACACGATGAGCCCGTTCTCGGCCACGGACCGGATGAGGTCGCGGTCCGGAATCACGACGGCCAGATACAGCAG
CP030356.1_gap58	2454474	2458596	4122	GGACGTCTCGTAGCTCGGAAGGGCGAGCCCCTCGGCGTGGGGCAGGCGCGTGATGGAAACGTCGATCATCGAAGCGTTCGGGGTCGGAGTGAGAGTTTGAGAAGGGACGTGCGGCCCGCCCGCCGGTCCGTTATTCGATGTCGCCCATGAGCCGCTTCACGGGCGGCGCGGCAAGCATCGCGACCAGGCCGCCCCCGCCAATGATGAGGGCCACCGTCGTAAACAGCCCGGACGGGTCGAGCGTCTCCAGCTGCCCGGCAATGAGCCCGGCGAACAGGTTGCCGAGGGCCGTAGAGACGAACCAGACGCCCATCATCTGGCCCACGCGGTTCTCCGGCGCGAGCTTCGTCATTGACGACAGGCCCACCGGGGAGAGGGCCAGCTCGCCGCAGGTGTGCAGGAAGTAGGTGACCACCAGCCAGTGGGCGCCCACCGGATTCTCGGCGGTCGCCTGCGACGCGCCCCAGGCGATCACGAAGAAGCCCGCGGCCAGGCCCAGGAGGCCGAGCCCAAACTTGACGGGAATGGAGGGGTTGGCGTTGCGGTTGGCGAGCCACGTCCAGAACGACCCGAAGACCGGCGCGAGGAGGACGATGAACGTCGGGTTGATGTTTTGCAGCATGCTGGCCGGCATGGTCCATCCCCCCGCAATCTGGTAGGCCAGATAGCCGAGGAAGCCGACCACGAGGGCGCCGAGCAGGCTCACGCCCGCCCGTCCCACCCACCAGAGGTTCTCGCGCCGAAACATGCGGTAGCCGATGTACGCCGCCGGCAGGCCGATCAGGACGAGGGCCCCCATCAGGGCCGAGGTCTGCGAAAGCGCAAACGGCCCGAAGTCGCGGGCCGTGAGGTCCCGGGCGAACAGGTTGAGCGAGGAGCCCGCCTGTTCGAAGCCGGACCAGAAGAGGGCCGACAGGAGAAACAGCCAGTAGATGACGAGGTACCGCCGCCGCTTCAGCGACACGTCGTATTGCGGGGCTGCGAGGCGGGCAATGCTCACCAGCACGAAGAACACGACCGTTGCGCCCACCCCAATCTGGGACGCCAGCGCCGCCCCGTCCACGAACTGATTCGTGACGAGGCTGGCCACGACGAAGAAGGCGGTCATCGTCCCCACGCCCGCCCACTCGAGCGTGAGGTAGGCGAAGAAGAGGAGCGTGACGAGAATGATGCCAATTCCCACCGCCTCGGCCACCTGGGTGAGCGTGATGCTGATGACCCCGGACGTGGCCAGGAACCCAAACGCCACGATCAGGGCCGTCACAAGCGCCGTAAGGAGGTAGAAGGTGCGGCTCTTTTGTTGGACGGCCTCCTCGTCGTCGGCGTCGAGCAGCCCGGCCTCCCCCAGGTTGGGCGCGCCCAGCTTGTAGGAAATGAGCCCCACAAGCATGCCGAAGCCCGCCAGCGAGAAGCCCCAGTGCCAGCTGTAATTCTCGGCCAGCCACCCGCAGAGCGTAGGCCCTAGGATGGCCCCGAAGTTGATCCCCATGTAGAAGACCGAGAAGCCCGCGTCACGCCGGGCCCCGCCCTCCGGGTAGAGGTCCCCGACCATCGTGCTGATGTTGGGCTTCAGGAGGCCCGTGCCCACGACGATCAGAAACAGCCCGAGGTAGAAGAAGGACACGTCCGGGAGGCCAAAGGCCGGCATCGCCAGGCTGAAGTGCCCCGCGGCGATGATGCAGCCGCCAACGAAGACCGACCGCCGCTGGCCCCAGATGTTGTCCGCCACCCAGCCGCCGGGCAGGGCCAGCAGGTAGACGAACGCCGTGTACAGGCCGTAGACCGCCGTCGCCTTTTCGGTGCCAAAGCCGAGCCCCGGGTTCGTCGCCGCCGCGCCGGCCGGGGCCGTCATGAACAGGACGAGGAGCGCCCGCAGTCCGTAGTAGCTGAACCGCTCCCACAGCTCCGTAAAGAAGAGCGTGGCGAGGCCGCGCGGGTGCCCGAAGAAATCCCGCCGACCGGCCACGGCCGTGGCCTCTCCCCCCGACGGCGCCCGGGCACCTCCATTCTGCATCGACTCGTCGGACGAGGGACCGCTGGCTGCCATTTGTGGCCTAGAAATCAATCGGAAAAACGCGTCGGGGGGCGAAAGGGGGTGTTCAACTGGACCGTTACAGGATCCGTACGAACGCTGGGAATATAGGAGACACCCGCTGCTCTGTCTAATTCTATGTCTAAATTCACGGTGAGGACGAACTGGGAATTGACTCTGCCGTTCGGGGTGGTAGTTTTAATGCACCCGCTCTTCCCTCCGTCCTTCACACCCGAACACCCGCGTCCACCATGGAACGCTCCTCCCGCGCCGATCTCATTTCGGAGGATTCCCATCCCGCCCGCACCCACACCTGCGGCGACCTCCGCGCCGAGGACAACGGCGAGGCGGTCGTCCTCAAAGGATGGGTCGACACCCGGCGCGACCACGGCGGGCTCGTGTTCGTGGACCTGCGCGACCGCTACGGGCTCACCCAGGTCGTCTTTTCGCCGCAGGACAACCAGACGGCCTACGAGATGGCCGGACAGCTGCGCCGGGAGGACGTGATCAGCGTACAGGGAACCGTCCGCCCGCGGGGTGAGGAGGCCGTGAACCCCGACCTGCCGACCGGGGCCATCGAGGTCAGTGCCGACGACCTGGCGGTGCTCAACACGTCCGAGACGCCGCCCTTCGTCGTGAGTGCCCACGAGGAGCGGCAGATGAATACGAACGAGGACCTGCGGCTGGCGCACCGCTACCTGGACCTCCGCCGGCCGGACCTGCAGGAGAACATCGAACTGCGCCACCGGCTCTACCAGACGACCCACCGCTACTTCGACGCCCACGACTTTCTGGAGGTGGAGACCCCGGTGCTCATGAAGTCCACCCCGGAGGGCGCGCGCGACTTCCTCGTCCCCAGCCGCCTCCATCCGGGCCGCTTCTACGCGCTGCCGCAGTCGCCGCAGACCTACAAGCAACTGCTCATGGTGGGCGGGCTCGACCGCTACGTCCAGATCGTAAAGTGCTTCCGCGACGAGGACCTGCGGGCCGACCGGCAGCCGGAGTTTACGCAGATCGACGTGGAGATGACGTTCGCCACCGAGGAGCAGGTCTACGAGCTTACGGAGGGGCTCATGGCCGACCTCTGGGAGACCCTGGAGGACACCACGCTGGAGACGCCCTTCCCACGCATGACCTACGACGAGGCGCTGCGCACCTACGGCACCGACAAGCCGGACCTGCGCTTCGACCTGAAGTTGCACGACGTGAGCGACTGCTTCGCCGGCAGCGGCTTCCGCGTCTTCGACTCGATCGTGGACGACGGCGGGCACATCGTGGCCCTTCGGGTGCCCGGCGAGGGCGACCGGGGGCGTGCCGCGATGGACCGGCTGGAGGCCCACGTGACCGACGAGATCGGCGCCGCCGGCCTCATCTACTTCCAGCTGCCGTCCGACGGCTCCGGGATCGAGCAGAATCTGAGCAGCGACGCCCTGCCCCACGAATACGGACGGGCCGCCGCCGAGCAGGTGGGCGCCGAGGCGGGCGACCTGGTTCTCACGCTGGCCGGCCACTCGCCCACCGTGTTCGAACAGGCCGGCGCCCTCCGCCTCCACATGGGCGAGGAGCTTGGCCTGCGCCCGCCCGCCGACGAGGGCGACGACGCATTCCTCTGGGTCACCGACTTCCCGCTGATGGAGTACGACGAGGAGGCCGGTCGCCCCGTCTCGATGCACCACCCCTTCACCGCCCCCCACCCGGACGATGTCGACCAACTCGACGCGGATCCCACGCAGGTGCAGGCACGCGCCTACGACCTCGTCCTCAACGGCAACGAGATCGGCGGCGGCTCCATCCGCATCCACAACCACGAGACGCAGATGAAGGTCTTCGACGTCCTCGGGATCGACGAGGAGGAGGCCCAGGACCGATTCGGGTTCCTGCTCGACGCCCTCCGCTATGGCGCGCCGCCGCACGGGGGCATCGCACTCGGGCTCGACCGCCTCGTCATGCTGCTGGCCGGGGCCGATTCGCTCCGCGACGTCATCGCCTTCCCCAAGACCCAGAGCGGCAAGGAGCCGATGGTGAAGTCCCCCGACTGGGTGGATCCCGAGCAATTGGAGACCCTGGCCCTCCGCCTCGACCTGCCCCCC
CP030356.1_gap59	2519314	2519951	637	GTATGCAGGCCCCGCAAAACTGCGCGGGGCAATGATTCGGGCACCGCTAACGTAAGAAAACCTGCGCCCTTCCCCAACCCGCCTATACACATCGTAACGGTCGTCGTCCCCAGAACAACGGGACTGTGCATTGGTGGCGACCTGAGTGTACCCGTGGCAGAGACGCCCCAAAACAATTTTCGGGTCTTGCCCACGTAGCTGTGGGCGCCCCACGTCGGTAGTCCCTTCCAGAGACCAATCCGGCGTGGGGCTTCTGTATGTCGACCGTGTGCTGGTGTATGTCGACCGTGTGCTGGGCGACTGGGCCGATGTAGGGGCCCTGCGGGCCGCCCTCACGTGTGCCCCGCATGTCGTTCTCGTCCCCGAGTCTCGCGTGTGTCCCGTTGCGCCAGGGCAGAGCGGGACGCCGCCTCATCCCTCCGGATGGCCCCAAGCCCCGACGCCTCGATTCCACGAATCGGGCACCGCTTTTGTAATCATTCGCATACACTCGGCGCGTTGAATCGGCCTCGCTCTAACATCTGACGGCGGGGCTTTTTGAAGACATCCGTAACTCTTATGCTTACTGGTGCCGCCTGGGCGGTGCGCTTGCGCCCGCGCTCTCCACTCCCTCCGCCCATCGCCACGGGCGTCGCGG
CP030356.1_gap60	2521960	2522616	656	GTGGCGACGGACATCACCGAGCGCAAGGAGGCCGAGCAACGGCTCCGCCTCCAGCTGGACACCCTCCGTCAGGTGGCCACGGGCACGCCCCTCCGAACCACCCTTCGGGACCTCATCGCGGCCATCGAGGCACAGTGTCCCGGCATGATCGGGTCGGTCCTGTTTTGCGATCGCGCACAGGAGCGCATTCAGCACGGCGTCGCCCCCCACCTGCCCGACGCCTACAATGCGGCCATCGATGGCGTGGAAATCGGCCCGGCGGCCGGGTCCTGCGGGACGGCCATGCACGAACGCGCCCCCGTCATCGCCGAGGACATCGAGAGCGACCCGCGCTGGGCCGACTACCGCGACCTCGCCCGTTCGCACGGCCTCCGTGCCTGCTGGTCGGTGCCCATTTTTGACTCCAACGACGAGGTCCTGGGGACCTTTGCGCTCTACCACGAGCAGCCCACCGCCCCCACCGAGAAGGAACGGACGCTCATCGATCAGGCCCGCTCGCTGGCCGGCGTCGCCATCGAGCGCCACCGCACCGCCGAGACGCTGCGCGACCGGGAGCAACGTGTGGAGGCGCTCTACGACGCCATGAGCATCCTCACCCAGTCCGAGACGCCGCACGAGCTGGCCGAGGTGCTCCTCGATCTCGTCACCGACACGCT
CP030356.1_gap61	2523891	2524519	628	CCCTGCCCACGCGAAGAAAGCAGGCCTCCGGGGTCGTCCCAATTCAGCCTCAGAGGCGGCCATTTCGAGCCGGTGCCGGACGGCATTGTTTGAGCTACTCCGTGCCGCAGCCCGTGATGGGTTTCCCGGGGATGCCGGCGAAGGCATTGCCCTGCGCCGCAAGGTCGATGCCCGCGTCGTTGCAGGCGATGCCGTGCTTCCCGCTGTCCTCGATTCTGCTGTTCTCGACTGTCAGCGAGCCCTGCGCGCCTATATCCGGAAGAATTTGCTCTGCCGTGATGTTGGCCGGGGACGAGGCGCCGCCTCCATGACGAATGATGACGTTGCTGAGGGTACCTCCAAAGTCGTCGCGCAGGTAGATGCCCTGCCACCACCCCGGCATCTCGTTGCCCTCGGTGGCGGTCATCCGGATTGGATTGCCAGCAGTGCCTTGAGCCTCGATGGCCGCCGGCAGAATTGCAAACACCTCAAGCTGCACGTTTTCGGCGAAGGTCATATGGACGCCGGCTTTGATTACGAGGGTATCCGATGATACAGTCACATCTTCAGTGACTCGGTACGGAATGTCTTCGTCGAGCGAGCGCATTCGCGTTTTCTCCTCGATTCCGCTTTCGATGGGTGCCTCAAA
CP030356.1_gap62	2632173	2636977	4804	ACGGAGGACCGTGCGTATACGGTGTTCGCTGAATCTCTCGATCGAAGTAGTTACGCCCGCGGCACGCTGGCCCCACGCGAAGGCATGGAGGCACCGGTCCCCGAGCAGCGGGAGCGCCCCACCCTCACGATGGCCGCGATGGGCATGGGCGGTATGGGCGACGGGAGCATGGACGGGATGGATCACGGGAATATGCAGGACATGGACGGCATGGACCATAGCAACATGGACCATGGCGACATGTCGGGAGACATGAACGGCGGTATGGAGTCCGGGAATGGCGAGGGCCTCCGCCCGCCCGGGACGCTCCCCGCCCCCGTCATGCACGATCCGGACGACACCCACGGCCCCGCCGAGGCGGGCCTGCCGATGATGACGCAGTCGCGGCTGCACGAGCCGGGCATCGGGCTGGGGAACGACGGGTGGCGTGTGCTCACCTACGATCAGCTCAAGGCGGCAGACGAGAAGGATACGTTCCGGGCGCCGGACCGTGAGATTGAGCTGCACCTCACCGGCAACATGGAGCGCTTCATGTGGGGCATCAACGGCGTGGAGTTCTCCGACGCCGATCCGATCCGCGTCGGGCACAATGAGCGCGTGCGGCTCACCATGGTCAACGACACCATGATGAACCACCCGATGCACCTGCACGGGCAGTTCATGGAGCTGGAGAACGGGCACGGGGAGCGCGCGCCGCTCCTCGACACGATCACCGTGAAGCCCGCCGAGCGGGTGTCGCTCCTCATCGACGGCCACGAGAAGGGCCCCTGGTTCTTTCACTGCCACATCCTCTACCACATGGACGCCGGCATGGCCCGGGTCTTCTACGTCGAACCGGCGCCCAAGAGCGACGAGGAGTTTTACTACGACCTCCCGGCTTGACTCCAAGTATGGAGTTGGGAGTTTGGATTGTGGAATGGATCCGCGATGAGGCCACGTGCCGACGTGGAGCCAGAACCCATATCCGTTTGCCCACTCCTGCCCATCTCGCGCGAAGCTCCCGTATTCTTTGAATTCCACAGAATCATGATGATGCGTATCGTTCAGTACACCTTTGGATTTCTCATTGCAGCCACACTCCTGGTCGGCGTCCCGACGGAAACGGCCCACGCCCAGACCATGGACGACAAGCCGCGCGCCTTTTTGCTCTTCCACAAGCTCGAATACGTCCCCCAGCCTGCCGAGCAGCCGGTGGAGGGAGAGGTCACCGGCTGGGCCGGTGGTGATGTCAATCGCCTCTGGCTTCGCGCCCATGGGGAGCAGTCTACCCTTCACCGAGAAGGGGAGATGGAGGCCGAGGCCCTCTATGGCCGACTCATCAGCCCCTTCTTCGACGCGGTGGCGGGCGTGCGCGTGGACCGGACCTGGGGCGCGGGCGGCAAGACCCGCGCTCACCTCGCGGTGGGACTGCAGGGGCTGGCGCCCTATCAATTTGAGGTTGAGCCCACCCTGTACGTGAGCCAGGCAGGCGATGTCTCGGCCGGGTTTGCGGCGAGCTACCACGTCCTCTTCACGCAGCGATTGAAGCTGGAGTCGGAACTGGAGACGAGCGCCGCCCTCCAGGACGTGCCGGAGTGGGGCGTCGGGACGGGCGTCAACGACCTCGGCCTCGGCTTTCGGTTGCGCTACGAGTTCCACCGTAAGTTCGCCCCGTACGTGGGCTACGACCACAGCTGGACGTTTGGCGAAACCGCAGATCTTGCCGGGGGAGACACCAGCAGCGGGGCCTTCGTCTTCGGCGTCCGCATCTGGCGCTGACGTTACACTGCGCGCGAAGGCATCCTGGATACTTCTTTACACGACAAACGGAGCCATTCACATGAATACGCTAATATCGAGATTCCTAGACATACGAATAGTACTTGTTGTCGGCGTAATTCTTTTGGCGGGTACAGCGTGGTATGCAGGCCCCCTCGGCGGTTCGAACGTCGGAAACCACATGGGAATGATGGAAGGTCAGATGGTCGAGAGTGGCGCCACGATGAGCCCAGGTCAGCATGAGAGAGGAGAGGGGGGGACGGCTTGCTGCACTGGGATGATGGAATCCATGTCGAATATGCACCGGTCTATGCACGCGATGATGCACGGAGAAGCCTCTCGGCAGACGGGTGGGACGACCGACGACGGTGTGTCCGACGATGTGGACCTCGAGGCCCAGACGGAGCAGTGGCTCGGACGCACCGCTGGTTTTGAAACGATCGACGACCGGACCGGGGAGTCGGAGGTCGTGGTCGAGGTTGGCGGGGGAAGTGGACTGACGTATGCCCCCGCGGCAGTTCGTGTCGATCCGGGGACGACGATTCGGTGGGTGTGGACCGGCAGGGGAGGGCTCCATGATGTCGCGTTCGTCAGCGCGGAGATTAGCACATCCCTTCACGGCGAGCAGGGCGCCGAGTACACATATACCTTCGCTGAGCCCGGAGAATACCGCTACGAGTGCACACCTCATGCGCCGGTTGGGATGCGAGGCGTGGTGATTGTGGAGGAGAACGGACGCTGATATTCTCGTCGTACCCCTCGGTTGGAACTTGGATGTCACAGGCTCGGACTGCCGGCGCACGTGCACGTTGCGGAGGCACCGTTGTCGAAAAGACGCGTCAGCTTATGATGATAGACGGACTTCTCGAAGCTCTTCGAATCGGGTTTGGCTTTCTCTGGACGGCCGCCTGGGCCATCATCATGGGGCTCACGATTACGAGCCTCGTACAGGTCTATGTCTCGAAGGAGCGCATGGCGCAGGTCCTCGGCGACGGCAGCGTCGGGAGCCTGGTCAAGGCCACACTCTTCGGCGCGGCCAGCAGTGGGTGCAGCTTTGGGGCCGTAGCGATCGGGAAGGGGCTCTTCAAAAAGGGGGCCCATGTAGTCAATTTCCTGGCCTTCATGTTCGCCTCGACAAACTTGATCGTCGAGCTGGGCCTCATGATCGTCATTCTGCTCGGGTGGGAGTTTCTCGCTGCCGAGTTGCTCGGTGGGCTCATCCTCATCGCGGTAACGGCCGTTCTCGTTCACGTCACGCTTCCCAAAAATCTGTTCGAGGAGGTCCGGGAGGCCCTCGCCGCGCGAGATGCTGAGATGGGCGTAGACGAAGATCCCACCTGCGGCATGGAGGGGAAAGACGAGTATGCTCTGACGACTGAGGACGGAGAGACCCTGAAGTTTTGTTCTGAGGGCTGCATGGAGACCTACCGCCAGCAGGCGGCGGGCACCGGCGACTGGCAGGACGACCTCCGTTCTTGGGGCGGCTGGTACAAGATTGCCAATCAGTTTCGAAAGGAGTGGTCGATGATTTGGAAGGACGTTGTCGGGGGATTTCTCATCTCCGGGTTCGTCATCGTTTTTGTGCCACAATGGGTGTGGAGCGCTCTTTTTCTTCAGGGAGAAAGCCTTCTGGTGACCGCAGAGAATGCCCTGATGGGGACCGCGATCGCCGTGATTAGCTTCGTGGGCAGTATGGGAAACGTCCCCTTCGCCGTCGCGCTATGGGGCGGCGGAATCGGCTTCGCTGGCGTCATCGCTTTCGTCTACGCCGACCTCATCACGATCCCGGTTCTCAACGTCTACCGGAAGTACTACGGCTGGAAAGTGATGGCGTACATCCTGGCGGTCTTTTTCGTGACGATGGCGTTTACGGGCTTCGTTATGGAAATTCTCTTCGATGCATTCGGGATCGTTCCGGACCTGGCGGGAGGCCAGACGGCCACCGAGCAGACCTACTTTGCGCTCGACTACACCTTCTACCTCAACCTCATCGCATTCGGACTGACCGGATTTTTGACCTACGTGTACCAGCGAGGCCTCGGGGCTCCGGGTCGGTATAGGGATCCCGTGTGCGGGATGCGCACGGGCGAAGATAGCCCAAGCACGACCTACGACGGCAACACGTACCGCTTCTGCTCGAAGAGATGCAAGCGCACCTTTGAAGGGGGGCCGGACCGATTTGCCGACGAGTCACCGACCGTCGAGGAGGCTATGTCCGAGCACTCGCATCACTGATGATCCCCAATCAGCGATAACGCGCCTTTTATTGTCGACTCATGCCCAGCCTCACCCGCCATTTGATCTTCTTCGGAATCGGGGCCGGGCTGGCGGCCCTCGTGCTGTTTGTGTACACGCAGTACCGACGGCTCGAGCAAGGAAACACACGCCCGACGGCAAAAGCCCCAACGACGCAGCAGCGCCAGCGGACGTCTTCCCAGAGCCCGATTCTCGGTCGTCTTCGCCGGGACGGGTTGCGCCTCCAGCCCAGCGGGCGTTCTGACTCTTCCGATGTGCTCTCCCCCGGACAGTTTACCCGACCGGAGGTGAAGCGCGCGTACCAGATCGCGCGCAAAATTCCCGCGACGCTCAATAAGCTTTACTGCTGGTGCAAGTGCGAAAACCGCGGGATCCACCGCTCCAACCTCGCTTGTTTTGAGGACCAAATGGCCGCGCGCTGCGCTGTCTGCCTGGGCACGGCGAAGATTGCCTACGAGATGAAACAAAAGGGAGTGACCGACCCCGCGAAGATTCAGGCCGCCGTCGATAAGGAATGGGGCCCGAAGTGGGCACGCAACCAGCAACAGAATCAACCGGGATGAGGCATGCATGAACACCTTCTCCAAGTGGCATCTTGGCGCCTTTCTCGTGGGCATCGGCGGGGGATTGGCGCTGATCTTCTTCCTTGTTGGGGGAACGGGGCTCGGAGGAAGTCTCGACGGGACTGGCGTTTTTGACTCTTCGGGCCGAACGGGAGTGCAGGAAATCCCCGATCCACCGAAAGCCCCGGACTTTGCCCTGAAGCGACTCAACGGGGAGACGTTTCGGC
CP030356.1_gap63	2639234	2641688	2454	CCTCTCCGGACTGGTCGTGGGTGTCTTTGCTGCGCCCTGTATCGGGCCGCCGACCGTGGCGCTCTTGGCCTTTGTCGGGTCGCAGGGCGACCCGATTTTCGGCCTTTCAGCGTTTACGGTGATGGGGCTCGGGCTGGGCGCGCCGTACTTGGTCCTGGGAACGTTCGGCGGACTCTTGAACCGGCTGCCGAGCTCTGGAGTCTGGATGATGTGGGTCAAGAAGCTCTTCGGCGTCGTCATGGTCGGAGCGGCGCTCTTCTACCTGGGCCTGGCCGTCGTGCCGGATTACGCAATCTACGCCGTCCCGGCAACTCTCGCCGGTGGGGGACTTTACCTCGGCTTCCTGGAGCGTTCCGGCCGCTCGGGAGGCTGGTTCCGGCGCGTCAAGTGGGCCGTCGGGGCGGCGGCCCTCGTCGGCAGCATTGCTATCGTCCAGATCTTGCAAGAGCCGTCGATCGAGTGGCAGCCCTATTCCGACGATGCGCTAACCCAGGCTCAGCAGGCGAGTCGACCGGCGCTTCTCTACTTTTCTGCCGATTGGTGCGTCCCCTGTATCGAACTCGACCGCACGACCTTTACCGACGATGAAGTAATCGGGGCCACGAGTAATTTCGTCCGGCTGAAGGCCGACCTTACGCGCTACGGATCGCCGGAGGCCAAAGCTTTGCGCGAGCGCTTCAATGTAGCCGGCGTTCCAACACTGGTGTTTTTGGATGGAAGCGGAAAAGAAATTACTCAATCCCGGACCGTCGGATACGTCGGGTCCAACTCGTTCTTGAAGCGAGTACACGCCGCCGAGAGCACCCTTTCGGATTCTACTCAATTCTCAAACTAAAACGTTCACGCTATGCTCGGTGTGATCGGCCAATTGCTGCTTTTAAGCGCGTTTGCGGCCAGCGCGTTGTCCGTGGCGGCCTACTTTGCGGCGGCGCGGGCAAAGAACACGGAACCGCTGTGGAACGCGCTGGGGCGGGTCGGCTGGGGCGCGGTGACGCTGACGACGACCGCCGCGTTTGGGCTTCTCCTCTACCTGCTCTTTACCAAGCAGTACCAGTACGCATACGTCTACAAGCACGTCTCGAACGACCTGGGCTGGTACTACACGTTCTCCGCGCTGTGGGAGGGGCAGGAAGGATCGTTCCTGCTGTGGATCGTGTACACGAGCTTCGTCGGCGGGGCGCTCCTCATCTGGTCCTCCCGCGAGTACGAGGCCCCGTTGATGACGGTGTTCGGGCTCTGCCAGGCGTTTCTCGTCTCGATGATCGTGGGGCTCCCGGTCGGGCCCATCGAGCTCGGAACCACGCCCTTCTCGGGCCTCGCGGAGGCCTTTCCCGAGGCTCCTGTCTTCCAGTCGAATCCCGGGTACGTGCCTCCCGATGGACAGGGCCTTAATGAGCTCCTCAAGAACTACTGGATGGCCATCCATCCCCCCGTCCTCTTTCTCGGGTTTGCGGCCATGACCGTCCCGTTTGCCTACGCCGTCAGTGCCCTTTGGAAGCGGCGCTACACCGACTGGGTGCGCCGTGCCCTCCCCTGGACCCTCTTTGCCATTGCCGTCTTGGGGCTGGCGATTGCCATGGGGGGCTACTGGGCCTACGAGACGCTCTCCTTTGGGGGCTACTGGGCGTGGGACCCCGTCGAGAACGCCTCGCTGGTGCCTTGGATCGTGGGAGTTGCCGCGCTGCACGCCATGCTCATTCAGAAAAAGAGCGGCCGCGGCCACAAGGCGGCGCTCCTGCTGAGCGTACTGGCCTACATGTTTGTCGTCTACGAGAGCTTCCTCACCCGCAGCGGCATCCTGGGCGACGTGTCGGTCCACTCGTTTGTAAACCTTGGCTTGTACAACCAGCTTCTTATCTGGATGGCCGTGATCGCGCTGGTGGGCTTCGGCCTCTTCGCCTGGCGTTACCGCGAGCTGCCGACGCCGGAACGCGAGTCCTTCGCCCTCTCACGGGAGTTTCTCATGTTCTGCGGCGTCGTGTTGCTTACGGCGACGGCCACGGTCATTATCGTGGGCACGAGCGCCCCGATCCTGGGGCAGATCTTCCGCGACCAGCCCTCCGCCGTCCCCGCCCAGTTCTACGACCGGTGGACCTTGCCCCTGGCAATCGGCATCGCGTTTCTGGCGGGACTCGGGCAGCTCTTTTGGTGGGAAAAGATGACGGTCGAGCGCATCAATCGCGCACTTCGCGTACCCCTCGCGCTGGCGACAACCTCTACGGCGCTCGTCCTGCTCGCAGCGCCGTTTGTAGCCCGCACGATTCGTCCCGGTGCCGGAAGCCCCTCTTCCCCAACAGCCGACGCCGGGCTCCTGAGCGGGCTGGGCGGCACCTGGAGCGTGTACGGACAAAGCTTGCTTCTGCTTCTGCTGACGTTCATGGCCTTTTTTGCCCTCTATGCCAACGGGGCCGTGCTCTGGCGCGTCGTTCGGGGAAATCCGCGTATGGCGGGCGG
CP030356.1_gap64	2790453	2793214	2761	CCGCGGCTGCTCGACACGCTCGATTCCCTGAAGACGGAGCGAGACGCGCGGTACCAAACCCTCTACGAGCGGACGCAGGACGAACTGTCTCCGTCGGTCGCCGACTCGGCCGCCGCGGACACGTCGGCCCCGGCCCCCGTCGCCCCGGCGCACCCGTCGCCCTACCTGGCCCTCGCCGATCTTGACGCCGACGCGCGCCGGTCGGTGGTGTCGCCGGCGGTTCAACGCGCACGGTCGGCACAGTCCGCCATTCAAAACATCCGGCGGGACACGGAGTGGCAGACCCGGCGCATTCGGAGCTACCAGGTGGAGTTCTACAAAAAGTTCTCGATCGCGCTCGCCTGTCTCATCTTTATGGTTGTGGGGGCGCCGCTGGGCCTTGCGCTGCGCCGGGGCGGGCTCGCCACGATCGGGGCCGTCGCGCTTGGCATCTTCATGTTGTACTGGATTACGCTCGTGCAGGGGGAGAAGCTGTCGGAACGGGGCTTCTTCCCGCCGTGGCTGGGCATGTGGATCGCCAACCTCCTCATGTCCGGCGCGGGCCTTTGGCTGATCCTGTACGTCGTCCTCGACCTGGGCGCCACCCCGCCGCTGCGCCGGCGCCTCTGGGAGTGGCTGCGCTCGCTTCGGTCGTAGGCCCTCTCGGGACGCGATGCCCATCTCCTCTCTGCTCCCTCCCCCCGCCCATGCTCTACCTGGTGCCCACCCCCATCGGCAACCTGGACGACATTACGCTGCGCGCCCTCCGGGTCCTTCGGGAGGCGGACCTGATTGCCTGCGAGGACACCCGGACCTCCGGCCACCTTCTGGACCACCACGACGTAGACACCCCCACTACGAGCTACCACGAACACAACGAGCGCGAAAAGACGCCCGAACTGCTCACTCGCATGCGCGTGGGACGCGACGTTGCCCTCATCAGCGACGCCGGCTCGCCCGGCATCTCGGATCCAGGTTTCTACATCGCCCGCGCTTGCTGGGAAGAGGACATCGAGGTGCAGGCCCTCCCCGGCCCGACGGCCCTTATCCCGGCGCTCACCGCCAGCGCCCTCCCCAGCGACCGCTTCGTCTTCGAGGGCTTCCTGCCCAAAAAGCAGGGGCGCCAGACCCGCCTGACGACGCTGGCGGACGAGCCGCGCACCGTGGTTCTCTACGAGTCCCCCCACCGGCTGCTACGCACCCTCGAGGACCTCATCGAGCACTTCGGCGCCGACCGCAGGGCCGCCGTGGCCCGGGAGCTCACGAAAAAATACGAAGAAGTCGAACGAGGAACGCTCAAAGAGGTGCGGTCGTATTTCGGGGGGTATAAGAAAGTACGGGGCGAGTGCGTTGTGGTCGTTGACGGGGCATCCTGACCCCTTGCGCCGCTCGCCCTGAGCGCCCCCGAGGACGCCCCCTTCCCAAAGCCTCCGTGCACCCGCACCGATCGTGCCCGTGAGATCGTCTCTCCTTGCTCTTCTGAGTCTCGCCCTCATGGCAGTCGCCCCCGCCCACGCCCAGGAGGCGTCGGAAGAGTGTACGGTCGGCCAACTGGAAATGACGAGCTCGTCCTCGTCCTCAGCGTCCCCGGGCAGGCGCCCCGACTCGTCCGCCACGCTGGCCAAGCGGTCCACCGTCACCGACCCACGCCCTGCCGTGTCGGTAGCCCCCACGACGGAGGCGGAGTCCTTCGTGCAGGATCGCATTGAGGAGGACGGGCTCCACGTGGTCCACTTCTGGGCCCCCTGGTGTGCCAATTCACGGAACGAGCTGGACAACGGCTGGGCTGGCCTCGTCGCCGACAACCCGGACGTCACGTTTACGTTCGTCACCGTATGGAACGACGACGAGAGCGGGGCCGCGATGCTGAACGACTACAACCTTCCGGACCGGGTCGTGGAGGTGACCCAGCCGGACCTCGGCCCGAGCGACACAGAGGCAAATCGGCGGTACTCCTTCCTCGGGCTCCCCGTCACCTGGATTCCGTCGACCTGGATTTTTCACAGCAACGGGGAACTCGCCTTCGCCATGAACTACGGCGAGATGGAGATGGAGACCGTTCAGAGGCTCCTCGACGCGACGAGCGCAGACTGGTAGCCTTCGTCCTCGGGGCGGCCGTGCCCCGCCCCGTACCTCCCGATATTCTCGCGCTTCTCGACACCAATGCCGTTCCGTTAGGATGAATCGGAAGAGGATTGACCGTCTTACCGCTGGGCTCGTCTTTCTCTGGGCGCTCGGCCTGTACGTGGCGACCGTTGCACCGACCGTCTCGTTCTGGGACCCCGGGGAGCGCATCGCAAGTGCCTACACCCTCCAGGTGATGCACCCGCCGGGGGCACCGTTCTACCTGCTGTTGGGCCGGCTCTTCGCCATGCTGGCCCCGTCGCAGGAAACGGTTGCCCTGGCGGTCAACCTGCTCTCGGTCCTGGCCAGCGCCGGAACGGTCCTGCTCGCACACCTGGTCATCGTCCGCCTCGTGCGGCGATGGCAGGGCGATCGGAGTGAGCTCGACACGGGGCCCTACGTCATTTCCCTCGCGAGCGGGGTGGTCGGGGCCGTGGCCTTTTCGGTGAGCGACTCCTTCTGGTTCAACGCGGGCATTGCCGAGGTCTACGCCCTCTCCACCTTCTTTACCGCGCTGGTCGTGTGGCTCGTGTTGCGGTGGAGCGACGCGGCCCGTGCGGAGGAGGCGCAGCGGGGCGGCAGCCGACAGCCGTTCCAACTCAACGCCAACCGCTACCTCGTCCTCATTGCCTTTCTCTTCGGCATGGCCACCGGGGTC
CP030356.1_gap65	2804748	2806345	1597	CCCTGGAGCCGGTGTTGGAACCACACCGTCTCTTCCGGAATCCCCCCGTACCAGTACAGCATGTACTGGCTAAACGCAATGTACGCCCAGAAGACGACGAAGCCGAAGAGGTACTTGCCCAGGTCGTGGTCGTGCTCCGGCGTGATGACCCCCTCCAGCACCCCGCCGGTTCGTCGGAGCAGGAGCGAAACGAGTGCAATCGTGGCGACGGCCCCCAGGATGCCCCCCGAGAAGAAGTAGATCCCGAAGATGGTCGAGAACCAGTGCGGGTCGGTGGACATCAGGATGTCGTAGCTCGCGAAAGCGGTGGTCACCGCCAGGAGGGGGAGTCCCCAAGCACTGGTGCTCCGCAACGCCGCCGGAATCTCGGGGTCCGCATCCACGTCCTGCCGGAGGGAGAGGGTGTAGAGGCGGTACGAGATAACCGTCCACACCGCAAAGTACACCACCATCCGGACCGACCAGAACGGCGTGTTCAGGTACGCACGCTTCCCCGCCAGGATCTCGTCGTATTGGGGGCTGCTCGGGTCGTAGAGCCCGGCGTGCGTCCAATGGTACAGGTCATGCATCCCGAACAGCAGCGGCAGCCCCAGCACGAACAGCAGCGGAAACGCCCACACCAGGGCCTCATTGATGCGGTTTACGACCACGCTCCAGTTCGCCCGCGTGAGGTGGTTGAACACGAGGAAAAAGAGCCCCCCCAGGGCTGTGGTCAAAAGAAACGACCATCCCACCAGGTAGGCGAAGAAGAAGTCGTCCGGGCTCTCCCAGAGGCCCAGGAGGCTAATGGTCAGGAGCGCGATCCCCAGCGCCATCGGCACGAGCCAGGCGCGCCGGTCCCCCACGAACCGGTAGGCTCGTTTCGCAACGTCGCTCGTCGGCTGGACCGGATCGACCAGCCACTTCAGAAAGGAACTGCGATTGATGGAGTCGGGCATGGCGTTGAGACGTCGGTTCGGAGCCGCAAGGGCCCTGCGAGAAGTTGGTTCAGAGGTCCGCAGCAGTGAGGGGGCCGTGGAGACGGTGAAGACGGGACTACTCCGTACCGGCCTGCGCCGTCGCGCCGCCCTCGGGCGCCGCGCCCAGCTCGGCCCGCTCTCCCGGCGGCAGGTCGCCAGGCGTGGCGTTCTGGCTGCGCTGCAGGGCGCGGATGTACGCGACGATGGCCCAGCGGTCCATCACGGACACCTTCTGTCCGTAGGCCGGCATGCTGCGCACGCCGTTCGCGATCACGTCGTAGAGGTACCCGTCCGGCGACTCCCGGAGCCGCCCAACATGATAGCTCGGGGCCGGGGTGTATCCGTAGTCGCCCCGCATGATGACCCCATTCCCGTCTCCGGTTTTCCCGTGGCAGACCGAGCACTGGATCTCGTATCGCTCCCGGCCTCGCTCCAGGACCTCCCGGTTGACCGCGATGGGAATCTGGTCTACGTAATCGCCGTTCGCCGTCCGCCCCTGGTAGAGGGCGGAGCTGTCTCGGAGCTCGCCCCGCGGCACCGTGCCCGAGACCGGCGCCCGCATGGCGGCGCCGTCTTCGAAGTACGGATTCGCCTCCTGCGGCCCGAACTTGGGCTGGAAGTCCATGTCCAGGTTCATG
CP030356.1_gap66	2952267	2956723	4456	GCACAATGGGTCGGCGACAGGGCCCCCTACCGCCCCGAGGCAACGCAAAGTGGCAACGCACACAATGCAGCGGCGCCGCGCAATAAAGCATCTCCCGCACAGGTTGTGTCGGGCCTTTCCATATCACCCACTTAAGATAGGAACGTGCGCGCGGGAAAGACACCTGCGCCCTCCCCACCCCGCTTGCCGTTACACGAACATTGCGCCGGCCTCACGCTGCCTGTCCGGCTGCCTCCCACAGCAATGCCCCTGCACAGATCGACCATGCAGGGGCACGGAAAATCCGAAAATGGGACGATGTCCGCGGCGTCCGGACGGTCCGTCCGCACTACGGCGTGACGATGTTTCCGCCTTCGCCGCCGCCTCCGCCGTCGGGCGAGCCACTGCCTTCGGCAACGTCGATCACTTCGATGTCGAAGATCAGCGTGCGTCCCGCCAGCGGGTGGTTCGCGTCGATGGTCACCGAGTCTTCCCCAAGGGCCGTGATGAGCACCGGGACGGTCTGGCCGTTCTCCAGTCGCAGCTGAAGCTGCTGACCAACCTCCGGCTCCACCTCGTCGGGAATCTGGTCGTGGTCCATCTCCATGACCATGTCTTCGCGGTGCTCCCCGTAGGCCTGCTCCGGCTCCACCTCTACGGTCTTCTCGTCGCCCGGCTCCATGCCCGTTACGGCCTCCTCAAACCCCGGAATGACACGATTCTCTCCGATGGTAAAGCTCAGGGGCTCCTCCTCGGACTCGTCGAACTTCGTGCCGTCTTCCAGTTTTCCGGTGTAGTGGACCTGGACCTCGTCTCCTGTATTCGCTTGTGCCACGACGCTATATCGGTCTGTTGCGATGGGTATGAGTAGCAGTAATCACGACGGTGTAACGCGTCGTGCAAACCAGTGTTCGGGAATCCCGGCAGATCGCGCGTTCTTTACCTGCCCATCCCTGCGCGACGGCGCCCGCAATTCGGCCCGCCTCCGAGGTGCGACGAACTCGTAAGGGATGGCGGCGGCCCGTCGGTCCGGGGAATATTCCCACGGGTTAGGGATTGAGGCTGGTCCGTAAGTCTTTTCAACTACTCCAAATAGCCAATGACTACCTACGCATCGCGCTTTGTCTTTCTTCTCGGCCTCGGCCTCGCCCTCCTTGCCGGCCCGGCCGTCGCCCAGCAGGACGACATGGGCGCCGACCAGCCGGACGTCGTTGATACGGCCGTCCAGGCCGATGGCTTCAACACCCTGGCCCAGGCCCTGAAGGCGGCAGACCTCGTAGAGGACCTGAAGGGCGAGGGGCCGTTCACCGTCTTCGCCCCGACCGACGCCGCGTTTGAGGCGCTGCCCGACGGGCAGCTCGAGTCCCTCCTGCAGCCCGAAAACAAGGAGCAGCTCCAGGCCATCCTGCGATACCACGTCGTGAGTGGCGCGGTCATGGCGTCGGACGTCACCGGCGCGGACGCCGTCCCGACCTTTGAAGGGCGCTCCATTCAGGTGCAGGTCGACGACGGCACCGTCCGCCTGATGGGCCAGAACACCGCCACTGTTGTGCAGACCGACCTCGAAGCGTCAAACGGGGTCATCCACGTCATCGATAGCGTTCTGCTTCCCCCGGAGGCCAACGACGGAGGCATGTAGTCCCCTCCTTCTTCTCTCGTCCCCAAGGGCGTGGCCGGGTGCCACGCCCTTTTTTTGTTTGTCGGGATCGGGTGTCGGTGATCGGAATCAGGAGACGGCCTGGGGGGCGCCCTTCTCCCGCTCCCGATACATCTTCTCGACGACCACCATGTGGGGAAGGGTCATGATGGCGATCAGGATGAAGAGAAGCGCGACCATCTGGTCCTCCAGCCCGAACGACTGCGTGGCGGCGTAGAGGCCTGCCAGTCCGACGAAGGGAATCGCCGTAAACAGGAACGCCTCCCGGTAGAATTGGGCCATCGACATGGCGTCCCCCTGCCGCCGGAAGAAGCGGAGGAGCTCCAGGATGTGCCCCAGCGCGTGCCACCCCCCGAAGAAGACCGCAAAGGCCACGAGCGGGTGGACGAGCCCAAACAGCGCCGCGAGCACCGCGACGTTGGTCGCCTCCCGCCCGAGGGCCCAGTCTACACTCGGATCCGCCCCCAGCCTGCCGATTCCGAGCGCCCCCAGGTGTTGCGCGACGAGGCCCGCGAACAGGGCGCCCGGCGCCGTCGTCACCCCCGGCCACTCGAGCAGTTGAACGCCCCCCATCGCCTCGAAGATGGGCGCGACGACCTCCGGAAAGGCCACGATGGGCAGGCCGAGGAGAAAGAGGCCGCGCGACAGGTAGAGGAGACGGGCGGACAGGGGCGGGAGCCGCCAGTAGGCCAGGTCGGCCTGCCCGAAGTGGTACATGGTCATGACCAGAAAGAGACCGAGGCTCCAGGCCGGGGCCACAATCCAGAGCGCCCCGTAGAGCGCCATCAGGACGAGGTAGCCGCCGTAGAACTTCGCCTGGTCGGCCCACGTCGGGTCGAGGCCCCACAGCCGGGCCGCCACGAGGTGATCGATGGCCCCGTGCGGCATCCCCGTCAGCACGACGGCCACGAACAGGACCCCCAGCGCCCAGGGCCCAAGGGAGACGCTGCCCCACGCCCCCACCGCGACGGCCAGCAGCGTCAGGGCCAGCACGCTCCCGTAGATGCGCGGCGAGCGAAGGGTAACCGGGTCGTGCATGGTGGAAACAGGACGGCTTCGTAGAAAAACTTGACTGCATACAGTATAAGCGAAGAGACGGGGGAGGTCCACGGCCGCCTCCGTGGGCCCTGGGAGTTCCCAACAATTTTGTTACACCCGGACGCTCGCCCTCCGCGCTCCGTGACGCGACGCCCCTGCCCCATGGGACCGAGGGGGGTGAGACGAAGGAAACGCCCCGTTCTGTCCCCTTCTTGGGGAGATTCTTGGGGAGACGCGGTGTATGGAAGAATCAATCCCTCATATGGAAGGATCGCCCCTCGTCCCTGCGGCGGCACGCCGGCCGGCCGTTTCTGCCCCCTGCCGGGTGTGACGATGCTGAGAAACTTACGCTGGGCGGCGATATTACGGAAAGGCGACGACCGCGTGGCGTCTAATTTGTTCAGCGTTGTTACGCACAAGCACCTCATTCCACGCCTCCTCCCCTCCCCATGCCGTTTGACACACCGTCGTCCACGTCCGACCGCCCCCACGTCGTCATCGTCGGGGCCGGGTTTGCGGGCCTGGAGGCCGCCAAAACGCTGCGCGACGCCCCGGTCCGCGTCACGCTCGTCGACCGCAACAACTACCACAAGTTTCAGCCGCTGCTCTATGAGGTGGCCATGGCGGGGCTGGAGCCGGACGACATCGCGCACAACGTGCGCAACATCTTCCAGGGCAACGAGACGGTGAACTTTCGCCTCGGCACCGTGGTCGACATCGACCCTGCCCGCCAGCAGGTGCACCTGCACGGCAGTCAGTCGCTCTCCTACGACCACCTCATCCTAGCGGCGGGTGCCGTCTCGACCGACTTCGGGATTCCCGGCGTGGAGGAGCACGCCTACCCCCTCAAGAACGTGCCCGACGCCGTCAACCTGCGCAACCGCGTGCTGCGGCAGTTCGAGCGGTACGACCGGCAGCGGGCGGGCGCCGGAGAGGGCGCCCTTACCTTCGTCGTGGTGGGCGGAGGGCCAACGGGCGTCGAGATGGCGGGCGCGTTCGTGGAGCTCTTCGACACGCTCAACGACGACTTTGCCCAGTTTGATACGCGCGAGGAGGCCCGCTGCCTTCTTCTGGAGATGGAAGACGACCTTCTGCCCCCCTACAAGGCGCCGCAGCGGGCCTACACCCGACAGGTTCTCGAGGCGCGCGGCGTGGACGTCCAGACCAACACGGCCGTCGAGCGCGTCGCCCCCGACCGGGTCCACCTCGCCGATGGGCGGGTCCTCCCGACGCAGACGCTGGTCTGGGCGGCCGGCGTGAAGGCGAGCCCGGTGGCCAACCTGCTCGACGCCGAGCAGGACCGGGCCGATCGGGTCGTCGTGAGCCCGGACCTGACGGTGCCCGAGCACCCGGACGTGTACGTGGTGGGTGACATGGCCGCCATCGAGGGCGAGGACGGATACGAGCCCCAGCTCGCGCAGGTGGCCATCCAGAGCGGCCGGCACGCCGCGGACCAGATTCAGCGCCGCCTCCGCGACGCCACCACGGAGCGGTTCGAGTACTGGGACCTCGGCCAGATGGCCACGATCGGCCGGAATGCCGCGGTGGCCGAGTTTGCCGGGGGCATCGCGTTTCGGGGCTTCATGGCCTGGTTCCTCTGGGTCGTCATCCACATTGCCAAGCTGGTGGGCTTCCGCAACCGCCTCAGCGCCCTCGTCAACTGGGCCTACAACTACTTCACATACAACCGCAGCGCGCGCCTCATCCTCGACGCGGTGCCCCTCTCCGACGACGGGCCCATGGAGGGGGAAGCGGAGGGCGAGCCGGTCACGGAACGCCCCC
CP030356.1_gap67	3042385	3043339	954	CGAACGGGTTGCGTTTTAACGTCTGCGAGGGGCTGGACCGGTCGCTCGGCCGACGGGCCCCATTTGCGGGCGCGCGAACCGGTGCCCTTGGGAGAGACTCGTCAAGTTTTGGGGAGGCGGGGAACCGTGCCCCCCGCCTTGGTCCTTTACGTCCACTCCTTTTTCTCCCTGATTTGCCCGCTACAAATATGGCTTCGGGCTCCTCGGACCTTCAGAAAACCCTCACCCTCTACGACGTCTACTCGATCAGTACGGGGGCGATGTTCAGCTCCGGGTTCTTTCTGCTGCCCGGCATCGCGGCGGCGGAGACAGGGCCCTCGGTCATCCTCGCGTACCTGGTGGCGGGCCTGCTCATCCTGCCGTCCATGTACAGCATGGCGGAGCTGTCGACGGCCATGCCCAAGGCGGGGGGCACGTATTACTTTCTCGACCGGGCCCTCGGCCCGCTCGCGGGCACGGTGGGCGGCCTGGGCACCTGGCTCGCGCTCGTCTTCAAGAGCGCGTTCGCCCTGATTGGGATGGGCGCCTACCTCGCCATCTACGCCGACGTGCCCATCAAGCCCTTGGCGGCGGCCCTCACGCTGGCCTTCGGGGTGCTCAACGTCGTCGGGGCCAAGGAGAGCAGCCTGCTGCAGCGCGTGCTGGTGACGATCCTGGTGGGCGTGCTCGGGTTCTACGCCGCACAGGGTGTCCTGTCGGTCTGGGGCGGGCAGAGCGCGGTCGGCGGGGCGGCCGGCGAGTTCACGCCCTTCTTTACGGAGGGGGCGCGCGGCTTTCTCGCCACCATCGGGATCGTCTTCGTCTCGTACGCCGGCCTCACGAAGGTGGCCAGCGTGGCCGAAGAGGTCAAGAATCCGGACCGCAACATTCCCTTGGGCATGGGCCTGTCGCTGCTCACGGCCACGGGCATCTACGTCGTGGGCGTGGCCATCATGGTGGCCATCCTGCCGGCCA
CP030356.1_gap68	3045032	3048766	3734	TACTCGTCAATGCCCCTCGGCACAGCGCCTCGGGGCCGTCGGGAGGCCCTGGACGCCAAAGCCCCAACGCAAAAAGCCGTTTTCGGGAACAGACTGACCTTGCGACTTCACTCCTTCCCCCGTGGATGACCTCTGGCAGCAGATCGTTTCTCCCTTTCGTCTTGAGGACGACGCTCTTTCCCAGGAAGAGCGATCACGGGTTCAGGATTTTCGGCTGCTGACCCTCTTGGGGGCTGTTCTCATTCTCCTCTTCGGCCCCCTCTACGCGGCGACCAACCCGGACGCCGTGGATCCGCTGTGGGCTCGGCTCGGGGTGGCCGGCCTGCTCGGGGCCCTGGTCCCGGCCTCGTATCTGTTCCGCCACGTGCGCCACCGCTTCGTCTCGTGGCTGCGCGGCGCCCTTTTCATCGTGCTGGTCTGGTTGGTCGCCACCACCACGTTGAACCACTTTGCCGGGGAGTTTGCCGTCGGCCTTCTGCTGGGCTACACGATCATCGTCGCGTTCGTGGGGGTGAGCGCGCAGTCCGGGCGGCCGGTCACCTGGTTTCCGGCACTCAGTCTCGCCCTGGTAGGGGGCGGGCTTGGCGTCTCCTACGTCACGGGCCCCGGCCCCCAGATCAACCCGCTCATCCTGCTGGCCGGCGTAGCGGGCATCTCCCTCGCGGAGGGGGTCGCCATCCGTCGGCTGCTCTCAACGCGGCGGGCCCTGCGCAACCGGGAGGAGCAGCTCCACGTCATTACCGGCAACGTCTCGGACGGCATCTACCGGTCCACCCCCGAGGACGGGCTCGTCTACGCCAATCAGGCATTCGCCGAGCTGTTCGGGTACGAGAGTCCCGAGGCCATCCTGCAGGCGGACTCCGCCTCGTTCTACGCCAACCCGTCCGACCGGCAGCGCCTGCTCAAGGAAGAGCACGAGGCCGACGGGCTCGATCAAATGGAGGTCCGCTTCCGCCGAAAGGACGGGACCCCGTTCATCGGGCTCGTCAGCAGCACCGTGGTGCGGGACGCGGACGGGAAGCCGCAGTACTACGACGGGGCCGTCACGGACATCACCGAGCGCAAACAGCGGCAGCGGCGGCTCCGCGTGCTGTCGGAGGTCGTGGAGCAGGCCGACGACGGCATTTTGGTAACGGCCCTGCCCCGAAATGGAACCCCGACGTTTGGGGACCTCGCCTTCGCCAACGGCGAGCCCGACGCCCTCGTCTCGAAGAACGGGGCGTCGGGGGACGGCACGAACCCGCCCATCGTGTACGCCAACCGGGCGTTCGAAGAGATGACGGGCTACCGGGAGGAGGAGCTGCTCGGGCGCACCGTTGAGGTGTTGGAGGGCCCCGAGACCGATCCGTCGGTCATCAATGCCCTTCAGGACGCCGACCGGGACACACGGGGGTGGGAGGGGGAGACGATCAACTATCAGAAAGACGGCACCCCGTACGTCGCCCACTGGAACACCACCTCCGTGCAGGCCGAGGAGGCGGAGGTGGAGTACCGTGCCTCCATCCAGCGGGACGTCACAGACCGGCGCGAGATGGAAGAGCGCCTCCGCGATCAGCGGAGTCGGCTGCGGGGCATGGCCAATAGCATTCCCGGCGTCACCTACCAGTTCTACGCCCGTCCGGATGGGACACGCGGGTGCCACTTCGTCAGCGAACACGCCGGGGAGGTCCTCGGGCTTTCCACCGACCCGGACGCATTCTACGAACAGTTCGACGACTGCGTCCCCGCGCCCCACCGGGCCCGCTCGCAGAACGAAATTGAGGATGCCATCGAGCAGGAGATGCCCTGGCGGATCGAGCTGCCGTTCGACCGGCCCTCCGGCGACCGCCTCTGGCTCCTCGACACCGCCACCCCCGAACGGCGAAACGGGGAGCTCGTGTTCAACGGGGTCATGATCGACATCACCGAGCGCAAGACGGCCGAGCGCGCCCTCCGGGACGAGCGCGACCGGTTCGAGAGCCTCTTTGAGAGCCTGCCCACGCCGGTTATGCGCTGCACGGTGAAGGACGGCACGAGCTACGTGTCGACCGTCAACGAGGCCTTTGCGCACACCTTTGGGGTCGACCCCGAGGCGGTCGAGGGCGAGAACATCGACGCGACCATCGTGCCGGACGACGCCGAGCAGGAAGGCAGTGCCCTTAACCGCCGCGCGGTGCAGGAGGGGGCCCTGAAGACCGAGGTGCGTCGCCGCACCAAGGAGGGGCCCCGCGACTTTCAGCTCCAGGCGACCGGACGAACCCGGGGGGACGCCCCGCCGGAGATCCACGCCATCTACACCGACATCACCGAACGGACCCGGCTGGAGGAGACGCTCACGTACCGCTCCGAACTCGAAAGCAAGATCGTCGACATCTCCACCCGCTTCATCAACACGCCCGTCGACGACCTGGACCGGGAGATTGAGGCCGCCCTCCAGGCCATCGGCGCCTTCGTGGACGCCGACCGGAGCTACGTCTTCCTGTTCGACGACGAGGCGGCCACCATGAGCAACACCCACGAGTGGCGGACCGAAGCGACGGCCTCCACGCAGTCGCGCCTCCAAAACATTCCGTACGCGGAGACGCCCTGGTTTATGGCCCGCATGCGCCGTCGGGAGGGGCCGCTGCGCGTGCCGCGTCTCGAGGACCTTCCCCCCGAAGCCGCCGGCCTGCGGCAGCGCCTGGAGGCCGGGAACGTGCAGTCCCTGCTCGTGCTGCCGATGCTGAACGACCAGGACCTGATCGGCTTCGTCGGGTTCGACGCCGTGCGGCAGCAGCGCGACTGGGATGCGGACACGGTGATGCTGCTCCGCGTGCTCAGCGACGCCATCTCCAACGCCCTCCAGCGAAAGACGGCGGAAAAGGAGATGCTGGCGGCCAAGGAGGAGGCCGAAGACGCAAACCGAATGAAGTCCGTCTTTCTGGCCAACATGAGTCACGAGATCCGGACGCCCCTCACCTCGATCATCGGCTTCGCGGAGGCCATCGGGGACGAACTCGGAGACGAGACGGCGGGGCCGGTCCTGCGGTTCGCGCAGCTCATCGAGAAGAGCGGGAATCGGTTGCTCGAAACCCTCGACGGGGTCCTCAACCTCTCGAAGCTCGAGGCGGGCGAAATGGATCTCACGATCGAGTCCGTCAACCTTGCCGCGCAGGCCGCAGAGACGGCCGACCAGTTTGCCCCGCAGGCCCAGGCGTCCGGAATTTCCCTCCACACGGACCTCGACGACGCCCCGGTGTGGGCACGGGCCGACGAGGGCGCGGTGCACATCGTGCTGCGCAACCTCATCTCCAACGCCATCAAGTACACCAACGAAGGGGGCGAGGTGGAGGTGCGGGTGCGCGACGCCGGAACGGCGGCCGTGATGACGATAGAGGACACCGGCATCGGCATGAATCCCGAGCAGGTCACCGACCTGTTCGAGGCGTTCCGACAGGCCTCTGAGGGACTCGGCCGCGAATACGAGGGCACGGGCCTGGGACTGGCCGTCACCAAACAGGCGGTCGATCACATGAACGGCTCCATCGACGTGGAGACGGAGAAGGGCGTCGGCACGCGTTTCGTCGTCCGCCTGCCGACGGCAGCGTCCCCTTCCGATCTGTCTCCGTGATCCAATCGGGGGCGCGGCCCGTTCCCGGAAGGGTGCCCGCGGCCCCCGCAACGACCGGACGGCCGCCGGATTGACTTTGCCGCCCAGATGCCCATTCTTCAGACCCTGCCGCGTGCTCTCGTCGCGGCTTCCTCTCCTGCGCCCT
CP030356.1_gap69	3190476	3194011	3535	TCACGAGACCGGCCAGCCACCAGGCCAGTCCCATCTCGAGGCCGCCGATCAGAAACCAGAGGATGTTGCCGAGGGTGCGCATTGCGTCGTCACATTTTTTCCCAAGTGGTAGGAGTCGTCTCCTTCCCGACTGCTGTTCTTCCGGGGAAGTGCCCCTTTCCACCGGACCCTACGTTGGACGGTGGAACGTTACGGCTCGAAGCGAGAGATCATCTCGTGATCCGGACACTCTCCACGAAGGCGCGTCCGGAACGTCGAGACGGATGGCGCGGCCTCAAAACGGACGAGGTGGGCCGGACAGGTACAATCCGACGCCCCAAAGCCGTCGACCGGGACCGAGGCGCCGGGGAGCGCCCGGAACACCGCGGCCCACGTGCACTCGCGGCGCTCGGGGTCGTGGGTGTACCAGACCGCCTCCAGCGCCGTGGCCGCACGCAGGTAGTCGACGTGCCAGTGCAGCGCGCCATCGCCCCGAGCGTGCCGCCCCACCCGGGCGCGGAGCCCGCCGGGGCCGAAGGCGCTCCCGACGTAGACGTACACGCCGGGCCGGACCGTCATGGCGCCGAGGGCGCCCACCTCAATCTCCTGTCTCTCTTCATTCTGGAGCAGCAACGCGTAGGTACCGGGCGCGTCCGTCATCGGGCCGAGGTGGTCGTCGCATCCGTCTTCCAGAACGCGATGCCGCCCGCCTGCGGCCCCACCTCGACGGACGCAACCCGCTCGTTCGACCGCAGGTCAAACACGTCGACGGCGCCCGGGTCGTCGCCCCGCCCCTCCGCCGAGACGAACGCGTAGCGGCTGTCGGGCGAGATCACGACGCCGTGCGTGACGGCCTGTGTGTTCGACAAGCGGGCCGCCCGCTCGCCCGTCTCCAGGTTCCAGATGCCCGTCTCGCCGGTCCCCTTGTAGGAGACCACGAGCGTCGTGCCGTCCGGCGACACCTCCAGGTTGTACGGCGCGGTCCCCTCGCCCGTCGGCAGCCGCTGCGTCACCGCCCAGTCGTCCCGGTCCACCACGACCACCTCGTCGGCCCCATTGTGGGCCACGTACGCCAGCGGCCGCGAGGGGTGCGGGTCCACCCATGTCGGCTTCGGCGTGCCCTCGCCGGTCGTGAGGGTGCGCGTGACCCGGCCCGTCAGCGCGTCAACTTCATGGAGCGTCCCGTCCATCATGCTCACCGAGTAGTGCGTGCGCCCGTCCGGCGCGAAGCGGGAGCCGTGCGGCATGATGCCCGTCTCGATCCGGTCCACCTCCGTCATGGCTTCCGGATCGACGACCGACACGGTGCTTGGCTCCGGCTCGCCGTGCAGGTTGAAGTTCGCAACGTAAAGCAGGCCCGTCACGGAGGAGACCTCCATCGTGGCCGGAAACATGCCGACGTGGGCGGTGTCGACCTTCGCGTTCGTCCCCGTCTCGTACTTGGCAACGCGGCCGTAGGGCTTGCCGTGGGCGATGGACACGAACCAGTGCTCCCCGTCCGGCGCCACCGTCATGCCGTGGGCCCCCTCCGTCTCGGGCGCGATGTAGCCGACAGGAACGGTTTCCTCCACGGTCGCCGATTCGGTGTCGGCATCAAACCGCACCAGGGCCACCTCGTCGGCCGACTCGGACGCGACGTAGGCGTAGTAATTCTGGGCGAGGGCCGGCGCTGCTGCCAGGCCGAACAGGCAGATGACAAGGAGGAGCGTTCGGAGCAGGCGCATGGGGGTTGGTTGATGGGTTCGTCGGTTAGTGGGTTGGTGAGTTGGGGCCATCGGTCCCTCCTCACTCGTCAGGCCTCACGCATCACGTCCTCACGCATCACTCTTCCCTCGTCACCTCCACCGCCCAGAGGCCGGAGTTCCAGTCGGAGAAGAAGACGTGCCCCTTGTACGGCTGCGGCCCCCAGGCCATCGCGGCGTTGGGGATGCGGCCCTCGGGGTCGTGGGATTTGAAGTGCGCAATCTCGCGGCCCTGCTCGTAGAGGTTGCCCTTCAGGTCACCGGACAGGTCCACCACGCGCAGCCCGGCGTTGTAGTAGGCGACGTAGAGCGTGTCGCCGTCCAACCAGAAGTTATGCGAGCCGGCTTCGGGCACGCGGTACCGCGCCTCCTCGGACGGGGTCTCGGGGTCGGTGACGTCGACGAAGTGGAGCCAGCCGGCGGGAATGGTCGGCTCATTCTCGGTGTTCAGGCCGTTGGGGAAGGCCTCGTCGCCCGCGACGACCCAGTTTTTGCCCGTTTCCGCGTCGTCGTACGGAAACGCGGCGTGGTTCCAGCCGCTCGGGTAGGCGTAGCGCCCGATCTCGACCGGATTTGAGGGCGAGCCCCCCTTCACGCCGTTGCCCACGTCCACCATCACGACCCCGTCGTCCCAGTTCGACGAGTAGGCGATGCCGTCGTCCACCCACACGTCGTGGATCGAGTGGCCGGGCGTCTCGAGCTCGAAGTCGGTGACCCGGGTCGGATTGGCGCGGTCCTCGATGCTGATGATTTCGTAGCGGCGGCCGTTGCTGAGGGCGTAGACGTGGTCCTCGTAGATGAACAGGTTGTGGACGCCGCCGGTGAGGCGGTTCGTGTACTCGGTGACGATCGACACGTCGGTCGGGTCCGAACAGTCGAGAATCACCATGCCGTTCTTCCGGTCGGACGCCCCCTCGCGGCTGATGATACAGGTGCGCCCATCGTCGCTCACCTTCACGTCGTTGACCGTGCGCGCGTCGACGGTGACCGTGTCGACGGGCGTGATGTCGAACGGGTCGGTCACGTCCCAGAAGTAGGCCTCGCCGTCGCCGCCCCAGGTGCCGGTGATGGCGTAGTCGCGGCCGTCCGGCGCCTCCCACACCCAGAGGTCGGAGGTATGCACGTTGGAGACGCGCCCCCGGCCCACGACCTCGATCGCCCCCTCCAGGCCGCGCGGCGTGACGGAGACGGTGTGCGTGGCGGTGTGCCCCCCACTCGTGGCCACGACAGTGTACTGCCCGGCGTCCTCCGCGACGAAGCGGCCGTCGGCTCCAATCTCGGCGGTGGCGCCCGGCGCGATCTCTTCGGTGTGATCGGTGCGCACCGCGTACCGGATCGGGGCGTCGCCCACGGCGGTGCCGGCCTCGGTGCGAGCCGTGGCGTCAAAGTCGAGCACGTCCCCCGTGCGGGCCGAGTCGGCCCCGCCGCTCAGGGCGAGGGACGCGACCGGGTTCTCAATAACCTCCACGGTCGTGGTGGCTGTCTGCCCCTCGGCGCGGGCCGTCAGCGTGACGGTGCCAGGCGCGGCGCCGTGGACGCGGTGCAGGCGGTCGACCGTGGCCACCTCCGGATTCTGGCTCTGCACCTCGACCGTCACGTCGTCGCGGACGCGCCCATCTGTCGCCCGTGCCTCCACGGAAAGGGGCATCTGCGTGCCCGCGTACATCCGCGCCGGGGCCTCGGCGAACGCCACCTCGCCGACCGGGGCCTGAGCAACCGTCACCGACACGCGCTGCACGATGCGATCCTGAGACCCGGTGCCGGGCCGCAGCGCGATGATCTCGTGGGTGCCGGGCGCCTCGGCCGTCACCTCG
CP030356.1_gap70	3236542	3240607	4065	CGACGTCGTGGCCCCCACCGTGGCCGACCGCGGCGGCACGCTACACGTGTGCCTCAACGCCGTGCGCGGCAAGCAGCTCGACGAGACGGCCCGGCTGCTCGCCGCCCACGACGCCGTCGTCACCCCCATCCCCATCGACACGAAGCGCGCCCTCCCGCCCGACGAGATTGCCGAGCGCCTCCGGGCCCAGGGCGTGACCGTCAACGCCCCGCAGCCCCTCGCCGACGCGCTCGACGCGTTTGAGCGCAGCGCGGCCCCCGCGGACGGGCTGCTGCTCACCGGCTCGCACAAGCTCGTGGACGTGCTGCCGCCCCGGTTTCGCGACTGATCGTCGCTTTCCGCCCTCCCTTGCCGCTTGCCCCGCCCATGCTCTTCCCCGCCAGCGACGACGACGTGCCCTTCGACGACGCCCCCCGCATCCTCCTGTTTACGGGAAAGGGGGGCACCGGCAAGACCACCTGCGCCGCCGCCACGGCCCAGCACGCGGCCCGGCAGGGCCACAAGACACTCGTCCTCTCTTCGGACCCCGCCCACAGCCTCGCCGACGCCCTCGACCAGGAGCTCGGCCCCGAGGCGCGAGAAGTGCGCGACCGCCTCTTCGCCCAAGAGGTGGACCTCTACTACTCGATGAAGAAGCACTGGGGCCACATGCGGGAGCTGATGCTCACCGTCTTCCGCTGGCAGGGGGTCGACCAGATTGCCGCCGAGGAGCTCGCCGCGCTGCCGGGCATGAACGAGGGATCGGTGCTGCTGTGGCTCGAAGAGGCCCTCCGCGAGGCCGACTACGACCTCATCGTCGTGGACAGCGCGCCCACCGGCGAGACGCTCACCCTGCTCACCCTGCCGCAGGTGACCCAATGGTGGCTCGCCAAGGCGTTTCCCTTCCAGAAGATGGCGGTCAAGTCGCTCGGCTTCGGCGTCCGCAAGGCCACCGGCATTCCGCTGGACAAGGGCTACGAGGAACTGGAGGTGATCTTCGAGAAGCTGGAGCGCGTCCAGCAGGTGCTCGCCACCCCATCGACCACCTCGATCCGGCTCGTGACGAACCCCGAGAAGATGGTGATTGAGGAGGCGCGGCGGGCCTTCACGTACCTGCAGCTGTACGGCTACGGCGTGGACAGCGTCGTCGTGAACCGCGTGCTGCCGGAAGACGAGGTGCCGGCCGACTCGTTCTTCGAGGGCTACGTGGAGAGCCAGCGCGAATACCTTGAGGAGATTGAGCAGAGCTTCCGCCCCCTTCCCATCCTGCAGGTGCCGCACCTGGGCGAAGAGGTGTTCGGGGCCGAGCGCCTGGGCCGCATCGGGGACGCGATGTATGCGGAGCGGAACCCGACGGACGTGTTCTACGACGAGCCCACGTTCACAGTGGAGGAGGACGGGGACGCCTACGTTTTGAACCTGCGCCTCGCGTTCGCCACGGAGGCCGACGTCGACGTGCGCCAGCTCGGGGATCAGCTCGTCGTGCAGGTCGCCAACCAGCGGTCCAACGTGATCCTCCCCAACTTTCTCAACTACTACCACATGACGAGTGCCGCCCTGGAGGAGGGATGGCTCCGGGTCCGCTTCACCCCAGATGGCGAAGCCTCTTCGAATTGAACACGATCGAAGAGTGCCCGCTCACGTCCCTCTTCCCCTACTCCCCCCTCCACACTTTCCACCCACACTCTCCACCCCACACTCTCCACCCCCACGCTCTCTACCCCCACGCTCTCTACCCCCACGCCCTCCCCACGAACCCGTTCGGGCCCTCTCCGTTGAGGGCGATGTCTCGTTCGTCCGAGCCGCTTCCGTCCGAACTCTCGACCTCTCATGTCCGTGCCCGACGCCCTTCTGAAGCAGCTCTACACGTTTGGCAGCCTCGAGAATACCGACCGGGGCGTCGAGTTTGCGCTCAAGAACCGCCTGCAGGACGCCACGCTCACCGGCCTCCTCGACGTAAAAATCGACGGCGACACGGTGCCGCCGGAGCGGGTGCATCTTTTTATGGGTGAGGGCGAGACCCACGCGGCCGACGAGATTTCCGACGAGGATGCGCTCGACTTTCCCCTCCGTCGCACCCTTCACCTGCGGGCCGACCGCCCGGCGCTGGAGAGCGGCACGCACAACCTCGAGCTGACCTTTCGGGCCGACCCGTTCGGCACGCTCACCTTTTCCGTCGAGGACTCGATCTCCGAGCAGGACGAGGCCTTGGAGCGCATTCCCCGCGACCCGGACGACAACTGCAGCCAGGCCATCATCGACGAGCGGCAGCAGTTCGTCGAGGACTACGGCGACACCTCGCTCGACCACGTGCCCCACTATTCGTTCGACCCGGCGGTCACGGAGGGCAACATCGAAAACTTCACCGGCGTCGCCCAGATTCCGCTCGGTTTTGCCGGGCCGCTCACGGTGCACGGCGAGCACGCGCAGGACGACGTGCTGATCCCCCTCGCCACGTCCGAGGGCACGCTCGTGGCCTCCTACAACCGCGGAATTAAGGTGTGCAACCTGAGCGGCGGCATCGAGGCGACCGTGTCCCGCGACTGCATGCAGCGCGCCCCGGTCTTCATCTTCGACAACGCCCGGGCGGCCCGCGACTTCACCCACTGGGTGGACGACCACATGGACGCGATCCGGGCGGAGGCGGAGTCGACCTCCAGCGTCGCGGAGCTGCTCTACGTCGACCACTACCTGTCGAACCACTTCGCGTACCTGCGCTTCAACTACCGCACCGGCGACGCGGCGGGGCAGAACATGGTGGGGCGCGCCACCTTCGCCGCCTGCGGCTGGATCATGGACCAGTACCCGGGCCCAATCGAACACTTTTACCTAGAGTCCAACTTCGCGACGGACAAGAAGGCCTCCCAGGTCAACGTGATGCGGACGCGGGGCAAGCGCGTGACGGCCGAGGCCACCATCGAACGGGACACGCTCGCCCAGCACATGCGGGTGGAGCCCGAGGCCCTGCACCACCACTGGAGCGTGTCGACCGTCGGGGCCTTCCTCTCCGGCGCCAACAACAACGGCGCCCACTCGCCCAACGCCATCACGGCCCTCTTCATCGCCACCGGGCAGGACGTGGCCAACGTCTCCGAATCGTCGGCGGGCGTCCTCTACACCGACATTACCGACGACGGCGATCTCGACATCTCGCTCACGATTCCGTCCCTCATCGTGGCCACGTACGGCGGGGGCACGGGCCTCCCCACCCAGCGCGAGTGCCTGGAGGTGATGGGGTGCTACGGCAAAGGCAAGGTCCACAAGTTTGCCGAGATCGTGGCGGCGGCCACCCTCGCCGGCGAGCTGTCGCTGGGCGCCGCCATCTCGTCCTCCGACTGGGTCTCCAGCCACGAGACCTACGGCCGCAACCGGTAATCGGGCACGAGAGCATAGGGGCACAGCAGTGAGCGAGTGGATTCCCCGCCTCCGCGGCCAGCAGCCCCCGTTCCCCCTTCAACGGTCCAACGTTCAACCCGAATGCTTGCAGCCCTTGAGGTCGCCATTCCCGTCTTCTACGCCGTGGCGATCGTGGTCCTTACGGCCTACGGCGGCAACCTGCTGTGGATGGCCCTCGTCCACGCCACCAGCGAAAGGCTTCGCGACGGCCCCGTGCCGGACCCCGACGACCTGCCGGTGCCGGACGACGACTGGCCCGTCGTGACCGTGCAGCTACCCCTCTACAACGAGGCCGAAGTGGCCCACCGCCTCATCGACGCCTGCGTCCAGCTCGACTACCCCCGCTCCCGGCTCGACATCCAGGTCCTCGACGACTCGACCGACGCGACGACCGAGCGGGTGGCCCGGCGCGTCGCCCACTGGCAGGCCGAGGGCGTCAACATCACGCACGTCCGCCGCGACGACCGGACCGGCTACAAGGCCGGCGCCCTCGCCAACGGGCTGCAGCGTGCCCGCGGGGACCTGATCGCGATTTTCGACGCGGACTTCGTGCCGCGCCCGTCGTTCCTCCGCCGCCTCGTGCCGCGCTTCTTCGACGCCCCCGACCTGGGCATGGTGCAGGCCCGCTGGGGCCACCTCAACCGGGACGACTCGCTGCTGACGAAGGTGCAGGCCTTCGGCCTCGACGCC
CP030356.1_gap71	3241706	3243295	1589	CCTGCTCGAACAGGAGGACTACGACGCCGCCATCGCGACGCTTCACGACACGGTCAGGGCCCTGCCGGCGCATCTGGGGGCGCACGTGCTGCTGGCCCACGCCTACGAGTCCCAGGAACGCTGGGCGGAGGCCCTGCAGTCCTGGGCGGAGGCACGCTTCCTGATGCCGAACAGCCCCATCGCGGAGGCGGGCACCCAGCGGGTCCTTCGCCGCCTGGAGGATCACGACGGCGCCTCGTTCACCTTTGCCTTTCCCCCGTCCCTCAAGACCTCGTCCCCCTCCGACGCCGACCCGGACGCCGCACCCAACGCCGCTGCCTCCCCGGCCGAGGGGGCGGAGGACCCGCCCGACGCCGCGGACTCCGGCCTGGCCCAGCTGCGGCGCCAGGCCGAACGGGAGGCCCGGCAGGGCGGCGCCCGCCCGGGGCTGTCCGACGCGCCCCCCTCGTCCGACCGTCCGTCCTCGCCCGACGAGGCCCCGCCCACACCGGAAGAGCAGGTCGAACAGCTCGAAGACGAGGGCGACACCGACGACCTTGACCACCTCATCAACGAGCTGCAGTCGGCCCGCATCGAGCCGGAGGCCGACGCCGACGCCCCGCCCCCAGACGTGGACGACGAGGCGGGGAGGGCGGCGGACGACGACACGGAGGACATCGTCTCGGAAACGCTGGCCCGCATTCACGAGGGACAGGACGACTACCAGGAGGCCGCCCGGATCTACGCCGCACTGGCCGAGCAGGAGCCCGAACGGGCCGACGAGTTTCAGGAAAAGGCCGACGAGATGCGCAGGAAGGCCGACGAGACCGGGGAAGATGCCTAGCGTCGGAGCGTTCATCGTGGCGCGTGGAGGCCCGATGCCCGCGCCCCGCTTTCTCATCACCCATCGCCGTCCCGAATGGACGCCCTTCTCGCCCTCCACCGCCGGTCGCGCCGCACGGTCGTCGGCCTCATGTCTGGCACCTCGCTCGACGGCGTGGACGCCGCCCTCGTGCAGCTGGACGGCAGCGGCCCGGACCTGACGATGGACCCCGAGGCGTTCGTACACATCCCCTATCCCACCGCCCTCCGGGACCTTATTCGCACGAACACAGATCCGGCCTCGTCGTCGATCCAGGACGTGACGCGCCTCGATGCCCGCCTCGCGGAGGCGTACGCGGCGGCCGTCGATCGCGTGCTGGCGGAGGCCGACGTGGACCGCGGGGCCGTCGACCTTGTGGGGGCCCACGGCCAGACCGTGTGCCACCTCCCTGAGCCGGCGGACTGCGCCGGCAAGGACGTCCGGGCCACGCTCCAGCTCGGCAACCCGTCGACCCTCGCGACGCGGCTGGGCGTGCCGGTCGTCGGCAATTTCCGCGCGGCGGACCTGGCGCTGGGTGGACAGGGCGCCCCGCTCGTGCCGTACTTCGACCGGGTCGCCTTCACCGCCCCCGACGAGGCCCGCGGGCTGCTCAACCTCGGCGGCATCGTCAACCTGACGGTGCTGCCCGCCGGCGCGGCCCCCGACGACGTGCGGGCCTTCGACACGGGCCCGGCCAACATGGTGATCGACGCGCTCGCCGCCCGCCTCTTCGACGCGCCCCACGACC
CP030356.1_gap72	3244364	3246438	2074	CGTCCCACGGCCTCTCGCTCTCGATCTCGGTCGTGGGGGCGGCGGCGGAGGAGGACGTGGTCTACCGCACGGGGGCCCAGGTCGGCGACAAGATCTGCGTCACGGGCGACCTCGGCTCCTCGTACGCGGGCCTGAAGGTGCTGCTGCGCAATCGGGAGCGCCTCCAGGAGCAGGAGGAGGACTTTGAGCCGGATCTCGACCCGTACTCCTACGTCATCCGGCGGCACCTGGCCCCGCCGGCCCAGCTCAAGACGGTTCGCGACTGGGGGGACGCCGGGGTGCAGCCCCACGCCCTCATCGACATCTCGGACGGCCTCTCCGCCGAGGTGCACCACATCTGCGAGGCCGGCGACCTCGGCGCGCAACTCTACGAACCGGCCCTCCCCATCGACCCGGAGACCCGCAACACGGCCACCGACTTCGGGGAGGACGTGACGATTTATGCCCTGTTCGGCGGGGAGGACTACGAGCTGGTGTTCACGATTCCGGAAGACGAGCTCGACGCCCTCGACCCACAGACGTACACGGTGGTGGGCGAGATTGTGGAGCCCGACGACCCGGAGCACCCGATCAAGATTCAGCGCGCCCACGGCGAGAATGTCCCGCTTCAGCTGGGGGGCTTCGACCACTTCGACGGCCCGTCCGCGACCGCCCCGCCGGCGTAGCCGTTCAGTCCACCCGTCCGGCGGCTTCCTGACACGCCGTCCTGAGGGCACGGAGCTCGTCTTTGAGGCGGTCAATTTCGGCCTCCAGCGTCTCCAGGGCCGCCTCGGCGTCCGCAAAGTCCCCCGCGTGGGCCATCTCCTCGAGCGTCTGGGCCGCCTCGCTGGACGGGGAGGCCCGAAGGCTGCCCGTCGCCCCCTTCAGGCCGTGGGCCTCCCGTTCCAGTGCCTCGGCGTCTTCGCTCTCAACCGCGTTCCGGATGGCGTCCATGTAGTCCGAGCAATCGTCCAGGAACGAGTCGATAAGGGTTGCGATGACGTCCGGGTTCCCGTCCAGGAGTTCGACGAGGGCATCTCGGTCAACAGCAGGGGTGGCCATGGGCCTCCGATCCTCTAGAGCAATTCAGTGGGTGCCTCCATCAGCGCCCGGTGGGAAAGAGACGGGGTCGTCCCGTCCACGGCCCGTCGGGACGGGCGTATTTTCCCGACGGCGAGGATCAAAGCGGAGTATATTCCCTTCCTCCGCCAATTCGCCGCGCACACAGGGCCTCTGAGGGGAGACGTTCGGGGACCTTCATGTGCGCAAAAAACATGCAAGAAATGAGGAGCCCGCCCCTACGGCCTCTGCCGCGAGCAGACGGGCGGGGTCCACCGATCGAGCCAGGCCTGCCGCTGGGCGTGGCGCCGGTGGTACCCTGGGGCCTGTCCGATGGGGGATCCGGGCGGGGCCGCCACGGAGGCCGGGGGAGACGCCGCGTTGTGGGACCGGTCGAAGTACCGGTCGATCGACGCCCGGACGGCGGTCCGATGGGCCTCTGCCTCCGTGCTCGCCCCCGGATGGGCCGCGAGCCAGTCTCGAAGCGTGCGCAGGTGCTGTTCGAGACGGGCCCGTACGGCCGGCGCCCCGGCCCCCGCGTCGGCGCGGTCGAGCAGCACGTCCGTCCACACCTGCTGTACCGTCCGCTGCACTTCGGCCCGGTACCCGTCGGCGGGCGGATCGGCCTTCCAGACGGCCTCGGTAATGGTTGTGAGGGTGCCCTGTAGGCCCGGCAGGTCGGGGGTGGCGTCCCGCTGCTCGATGAGGCGCAGGGCCCGTTCCGGCGCCGTGAGGGCGTCGAGCACCATAGTGGCCGCCACCTCGACCGGGGCGTAGGGGTCGAACGTCGGGTCCGTCCGGCCCTCGAACACCTCGCGGGTGTCCGGATGGCCCGGCGGACGCGGCGGGATGCGGGTCCGGGCGGCCTCCGGCAGGGCCAGCGCCGCGGGCGTGATCGTGGACAGCAGGGCGTCGAGGGCGGCCGCCTGGCGTTGGGCCGGCACGCGCTCGGACACCTGCGCCTCCGACTCGCCACGCACGGCGTACTCGTACACCTCGCCCCCAATCAGCTTCGCCGTGGCGCCGACCTGGTACC
CP030356.1_gap73	3255045	3259771	4726	CCAGGTCGACGATGAGCAGTACGTCGTCGGGGACCTTGCCCTCCGCGAGGGGACGGCCCCCCACAAGGGCATCAACAACGCCCCCTCCGACCTCGACTACCGCCTGTTGCTGCGGGCCGGGCTTCTGGTCGCCCAGGCCGGCGGGGCCGACACGCCACTGACGCTGACGACGGGCTTCCCCTACTCCTCGTACCGGGTCCACCGCCGGAGCGCGGGCAACCTGATTGAAGGCGAGCAGGAAATTGAGTTCGACGGGCGCCCCTTCGGCCAGGGCGAGCACTCGGTCGTGGGCGTGGACATTGCGGACGTGGAGGTCCTTCCGGAGATCGAGGGCCACGTGACGGCGACCCGCGAGGGGGAGATCGAGGAAGACGACCCCTTCTTCGCCGTCTCGTTGGGGTACGGAACGTTCGAGTCCGTCTTGAGCCTTCCCTCCGGCCCCGTCCAGCGAACGGCGACGAGCGGACACGGGCTCCGCTACGCCACGTCGATGATGGCCGAGCGGCTCCGGGAGAAGCACTACCTGGACATGCCCACCGAGCACCAGATCGACATGGCGATGCGCCGGGGCACCGTCGTGGCCGGGCGCCAGCGGTACGACCTCTCGGAGCTTCGGCAGAAGGTGCTCCGCATCTACTACAACGACGTCGTGTCCCCGTCCCTCAAAAAGGCCTTCGACGACAGCGACTTCGGGCAGACCCGCAAGATGTACCTCGCTGGGGGCGGCGCCCTCTATACAGAACTCGTGGACGCCTTCGACGACGAGTTTGGGGAGGTGCTCTCCCTGGAGGTGGTGCCGGATCCGGCCGCACACGTGAGCCGAGGGTTTGCGCTCCACGCCGCCGGCGTAAACGGCAAGAGCCCGGACCACGCCGTCGGGCTCGACCTGGGCAACGCCAACACCTCCGTCACGCTGTTCGACCGAGAGCGCGCGTAGCCCGGAGGCCCTTCGCCTGTTCCGTTCGAACAATTTCCGGCTGCCATGTTCAACTTTTTTCGACGCTCGACCGACGACGATGACGCCGCCGCCCCCTCGTCGGCCCTCTCGGTGCTCGGGGAGGACACGACCGCCCAGGGGACGTTTGACCTGAAGGAGGACGACCTCCGGGTCGATGGGGTCCTCGACGGGGACGTGACGACCGAAGGGCACGTGCACGTGTCCCGCGGGGGCGCCATTCACGGGGAAATTCGGGCCGGGTCGATCCGAATCGCCGGCGACGCGACAGGGATCCTGCACGCGCAGGCGGACCTCGTCGTGCTGCAAACCGCGTCGGTGCACGGCATTCTGTGTGCCGAGGCCCTGACGATTGAGGACGAGGCCGACTTTGAGGGGGGCCTGTGCGACACCGCGGACCAGATTCCGGCCCTGAAGGACGCCTTCTTCTCCGCCGAGGCATACACAATCCCTGCCCTTTCGTCGTCCCCCGACGAGCCCCCGGCCGACTCGTCGGGGCAACAGCCGTCCGAGGCCGCCGAGCGGTCCGTTACGCTCGACATTGAGCCGTCGTCGCCCCCCGAGTCCACCGATACCGGGGAGGAGACCGCCTCCTTTCGCCCCCTCCACGAAGGGGACGGCCTTCCGGAATCCCCGTCCTCCTCGCCGGCCGCCCCGTCGACGGACCCGTCCGGCGCCGAGCCCGAGACGCCGGATGCCGAAAACACTGACGACACGGAAGACACCCTCTCCACGATTGAGTGGTGATGCCGCCGCCCTCACCACGCGGTCTCCCAAATTGCCGGCGAAAAGCCCCGCCCCCGCCGAACGAACCGGGGGCCCATGCCGTCCATACACACCGCGAAACTGGTGTTCAAGACGTCCCGACGGCATGACGGAGGCCCCTTCCTACACTGACATCGACACCCTGGCCGACCGGCTGCGGGACGTTCCCTACGAGTCGATCCTGCGCACGATCGGGCGCGTGGCCGAGCGGAAGGGCATCGAGGCGTACGCCGTGGGCGGCATGGTGCGCGACGTGCTCCTGGGCCGCTCCACCACGGACCTCGACTTCGTCACCGTCGGGCCCGAGACCGGCATCGCACTGGCCGAGGCGGTGGGCGAGGCCCTCGGCGGCCGCACCGCACACGTCTACCCCAAGTTCGGCACCGCCGCGATCCGCATCCCCGCCGCGGACGCGCTCCCCGACGACCACCCGGACGACGCGCTCGTGCTGGAGTTCGTGGCCGCCCGCAAGGAAAGCTACCGCTCCGACTCCCGAAAGCCGGAGGTGGAGGCCGGCACGCTGGAGGACGACCAGTACCGCCGCGACTTTACGGTCAACGCGATGGCGATCCACCTCACGCCGGACCGCTTCGGCGCCCTCCTCGACCCGTTCGACGGCCGGCGCGACCTGGAGCGGCAGACCATCGACACGCCCCTCGACCCGGCGGACACGTTCGAGGACGACCCCCTCCGCATGATCCGGGCCGCCCGCTTTGCCACGCAGCTCGAGTTTCGGGTGTCCGACCGCGTGTTCGACGCAATGGGGACGCAGGCCCACCGCGTCGAGATCCTGAGCCAGGAGCGCATCACCGAAGAGCTCCACAAGATGCTGGAGGCCGACACGCCGTCCATCGGCTTCAAGATCCTGGAGGCCTCCGGCGTGCTGGCGCACGTCATGCCTGAAATTCAGCGGCTGAAGGGGGTGGACGTGGTCAACGGGCGCGACCACAAGGACAATTTCTACCACACGCTCGAGGTGCTCGACAACGTCGCGGAACGGACGTCGGACCGGCCCGGGGCGGAGACGCGCTGGCTCCGGTGGGCCGCCCTCCTCCACGACATCGCCAAGCCCAAGACCAAGCGATTCGATCCGGAGGACGGCTGGACCTTCCACGGCCACGAGGACGTGGGCGCCCGCATGATTCCGGACCTCTTCCGCAAGTGGCGCCTGCCGACCGACGAGCGGCTGGACTACGTGCAGAAACTGGTCCGCCTCCATCTCCGCCCCATCGCCCTGGCGGACGAGAAGGTGACCGACTCGGCGGTGCGCCGCCTGCTCTACGAGGCCGGGGACGACATCGACGACCTCATGACCCTGGTGCGGTCGGACGTCACCTCGAACAACCCGGACCGGCGCCGCCGCTACCAGCGCGCCTTCGACCGCGTGGAGGAAAAGATGCGGGCCGTGGAGGAGAAGGACCGCCTCCGCAACTTCGAGCCGCCGGTGGACGGGTACGAGATCATGGAGACGCTCGGCATCGAAGAGGGGGTGGCCGTGGGCATCGCCAAGACGTGGATCCGCGAGGCCATTCTCGACGGCGAGATTCCCAACGAGCACGACGCGGCCTACGACCACCTCATGGCGATCAAGGACGAGGCCCTCCGCCGCGGCGCCCTCTTCGAGGCGATGCAGGACCGGCTCGACGGGCCGGAGAACCGGGCGCTGGGCGCGATCAAGGAGGTCGTCTTCGAGGACCCGGACCTGCCGGACGACCGCGAGGCGGCACTGGACTACCTGAACGCCGTGAAGGAGGAGGCGCTGGCGGACGGGCCCTCCACCGACGAAGCGGATCCGTAGCCCCCCTGCTGCACGGATCGATCCGCTCTGTGCAACAGCGGAGTGGACTGGCAGGAGCCTCCTGTTTCTGGCGGGCCTTTCCCTCGTCTCAACCCCATCGACAGGCCGGATCGCATGGGCAGAAACATTATCCCCGTCCGGACACGTCCGCGTCGGTCGGCCCCTGTCCGTCGTAGGCGGCGACGAATTCGTCGAGCCGGTCGGGATCGTCGGCGCCGGGCAGCGGCCGGGTCGCCGTCTCGCACGCGGCGTCCACGCCGAGCTCGCCGCAGACGTGATCGGACACGGCCTCCGCCATCTGTCGGTAGGTCGTCAGCTTGCCGCCGACGATGCTGGCAAAGTTGCCCACCCCGTCGGCGGCGTGGTCCACGGTGGTAAAGCCCCGCGAGATGCCGCGCCGATTGCTCGCCTGCTCGTCGGGGGCGTACAGCGGCCGCACGCCCCACCACGTGCGGACCGTCGGGGCGTCGGCCAGAGGGGGCAGCATGGTGGCGCACTCCCGGACGGACGTCTCGACCTCCCAGTCGGCCTCCTCGTAGTCGTCCGGGTCCGACACCGGCACGCTCGTGGTTCCCAGCACCACCTCGTCGTCGTGGGGCACGACGATGTCCCCGTCGTCCGGGTCGCGACACCGGTTCAGCGCCGGGCCGAGGCCCTCGTACTCCACCGAGATCATGACGCCCCGGGAGGGGGCCATTCCCAGGTCGACATCGGCCATCGACGCGACCGTGCCCGCCCAGGCCCCCGTCGCGTTCACGACGTATGTCGGCTCGACCGCCGCGTCGACCGTCCCACCGATCAGTGCCTTCACGACCTGTCCCCTCTCAACCACCAGGTCCTCAAGGGGCGCGTGGGGACGCACGAACCCGCCATGGGCCTCGGCATCGGCGGCATTGGCGGCACTGAGGCGCGACGGGTACACCACCCCGTCGGGCACCCACATCGCCCGCTCCACCTCGTCCGACAGGCCCGGCACGCGGGCGCGGGCCTCCGCCGCGCTGAGCAGGGTCGTCTCGATCCCAATCGCGTCGCAGGCCGCCCGTTTCTCCTCGAAGTAGTCCGGGTCGTCGTCGGCCAGCTGGACGAACAGGCCGCCGGTGTCCCGGATGCACGCCCCGGCGATGGACCGGAGGATGCGGTTTTCTGCGATGCACTCCTCCGCCCCCACCCGGTTGGCCTCGGCGTAGCGGGCCCCGCTGTGTAGCAGT
CP030356.1_gap74	3264612	3266606	1994	GTACTGGAGCCGGACCCGCTGATGGCGGTCCCGCGCGCTCTCCCAGTAGTTCGACGGGGGGCAGTTGTCGAACCAGTAGAGGGTGCAGTTCCGGGAGTGCTCCACGATCTCGTCGGTTCCGTCCCAGTCGGTAAAGTAGAGGACCACGCGTCCCTCCAGGTCCCACGCAGCCCCCCGATCGTCGTTGACGAACCGCATCGGGCCCGGGTCAAACTGGGCATCGATGCGCCCGTTGGGACACAGGAAGATGTCGATGTCGTCGCGGAGAAGGGCGCCGGTGGCAACTTTCGAGTAGAATACCGCCTCGTCGCGGCAGGAGGGCGAGGTGTCGACCAGCAGGGCCAGCCGGCGCTTCGTGTAGTCCATCTTGCAGTGCTGGAGGGGCCGGCGGTCGATCTGCCGTCGCATGATCTTGCGCGGGTCCCAGAACTCGTCTCCGGGCACCTGTTGGTAGCTCATGTCCTCGGCCACCTTGCTTACGAGGCGGGCGAACATCGACGCGATCCGGTGGTCCTCCCGGTCCGAAGGCGTCCACTCGGTGTCGGCGGTGCCCTCGTTGATCTCGTAGGCGAACTCTTGGAGCTCCTCCTCCACCTGCTCGGCGCCGTGCGCGCGACGGTGCTCGTCGGTAAAGAATTCCTCCTCGTTCGGTTGCTCCTCATCGAGGGGAGGGGCCTCGGGCGGATCCTGGACCTGCTCGATCCACGACCCGTCGTCGGGGTCGTCCGTGAGGGCCTCGTCGTTGACCTCGCGGGCGGCCGCTCTCTCCTCGTCGGAGGGCGCCTGCGGCGGAAGCGTGTCCGCCGCCTCGTCTGGATCAGCGGGATCGGGCTGGGACTCGGCCGGGTTGCGCCCCGGGTCCCCGCTGTCGGACGGCCTCGCGTCGGGCACACCGGTGCTGGGCGGGCCGGTCTGTTCGGGGGGGCCGCTCCCGGACTCGGAGGCGCCGTCCGGCACGGCGCTGGCCCCGGCGGACTCATCGGCCGCCCCCGATTCCTCCGCCCTCCCGCGCTCCGGAGGGACCGACCCATCCTGGTTCGGGTCGGGCTCAGGGGGGTGCTCCGCGGACGGGTCGGGAGCGCCCTGGTCGTGGTCGCCCTGCCCCGGCCCCTCGTCGCCCGGGGGCGCGTCGGGGGGCGACTCCGGGGCGTCGGTCGGCACCTCCGCCTCCGACGACGTGGGCGTACGGAACGGCGCGTCGGCCACGGGCCGCCAACGGCGCTCTACCGCAGGGGACGGTTCTTCGTCCGCCGTCGCTTCGGAATTCGGAGACGCATTGTCGGGGGCCGAGTCGGGCATGGCAGGCTGGCGGGTGTGGCACAGTGCGGGACGCTACCCGGTAAACTCGTCGAGCGTCTGGTCGATGTTGCCGATGAGGAGCTCTGCGCGATGGGCCGTAATCTGCCGGCCCGACATCTGAGTCCCCACCGTGAGGTGCCCGTCGCGGTAGATGCTCTTGACTCCGTCCTCGATGCGCACGAGCTTCTTGCCCGGACTCGGGCGGTCGTCGGAGGGGCGGACCACGCCAAATCCGTGGTCCTGCACGAGCGTCTTGGCGGGGACCTGCACGGCCGCCTTCCGGCGCAGGGAGAGCTTGGCGTTGGGGAGCCAGTGCTGGAGGTACGATTCGAGTGCGGGGTCGAACGGCCCGGTGACCGACACGACGAGGTAGTCGTTCTCGTCCCCGACGAGGCCCATTAGCAGTCCGTCGAAGAGGGCATAAACGGCGTCGCCCTCCAGAATCAACGGGTCGGCGTGCGCCTCCGCATGGTCCATGAACGCGTCGTACCCCGAGACCTCGGCGGTCTCGACGGTGTCCTGCTCGCTTTGGGTCCAGTAGTCGAAGACGCCGGCGAAGTACGGATCCGCCACGGGCTCGTCGGCGTGACGGGCCTCTACAACCCCGGCCTGCTGCGTCCCGAGGCGGGCGAGCACGGGCGTCGGCAGGTCCGCAGGCCCCGCGATGTCGGCCTCGTTCAGCCAGGTGCCCCGGA
CP030356.1_gap75	3268478	3269602	1124	CGTCGAGGTGCGCCCCGGTGGCGGACCCGATGCTCTTGAAAAAGAACCCAGGGCTCAGGACGTCGCTCCGGAGCGCCGCCCAGCGTGCATCGGCCTCTCGCCGGTCGGGGCCAGCCGTCTGGGCGATGGCCGCCGGGGGCAGCGCCACGGCACTGCCCAGCAGCAGGAGTCCCAGCGCGACGATGAGCAGGCCCGTCCGGGAACGAGGCATCAGAGGGTTACTCCAGGTGGTGATAGTCGAGCTCGTGGTCTTCGTCGACGGCCTGCTGGACGCGGCGAGAGGGCCGGCCGGCCGCCTCCATGCCAATTTCCATTCCGCCGTCGCCCGTGGGGAGGCTCCGAATGTTCTTCCGCAGGTCGGGGTCTTTCGCCTCGTAGTCGGTGCGGGCGTGGGCCCCCCGCGACTCTTTGCGCTCCAGTGCCCCCCGCAGGATCGTCTCCGCCGCGGTGAACATGAAGCGCAGGTTCTGCGCCCGCTCGTAGCGGAAGCTCGTACGGTCGGCCTGGACCTGCAGGTCCTCGGCGTCGGCGCGGAGCCGCTGCAGCTTCCCGAGGCCGTTCAGGAGACCGTCCTCGTCACGGAGGATGCCCGCGTGCTGCCACATCAGATCGCGGAGCCGATCCATGATCTCGGCGGGCGTGTGGCCCCCCTCAGCCGCTGCGAGCGTGTCCTGGGTGGCGACGTGGTCCCGCACCGCCGCGTCGGAGAGTGACGGGCTCGTGCGGCTGCCCAGCGTCTCGGCGATGTGGTTTCCGGCCACCTGACCGAAGACGACGGTCTCGATGAGCGAGTTGCCGCCCAGGCGGTTGGCCCCGTGCACGCCGGCCGTGCATTCGCCGACGGCGTAGAGGCCGTCGACCTGCGTCTGGGCCGTCTCGAAGTCGACCTCGATGCCGCCCATCGCGTAGTGGGCCGTCGGCGCCACCTCCATCGGCTCCTCGGTAATGTCGATCCCGTGCTCGGCAAACTCCTCCACCATGCGGGGGAGCCGGTCGTGAATGTAGTCGTCGTCGCGGTGGGAAATGTCCAGCAGCACGGCGTCATCCTCCGTGCCCCGCCCCTCGCGGATCTCTTGCTCGTTGGCACGGGCCACAACGTCGCGGGCGTCCAGCTCCATCTGCGT
CP030356.1_gap76	3279525	3281287	1762	GAATGAGCAGTCCGCAGACAACCTCCGTCCCGCCCACGAGGCTTGCGAGAAGCTCCGGCACCGGCCAGCCCATGTCGGCGAACCGGCCGGGGCCGCGCAGGGTCGGATACAGAAACTTCTGGAGTCCTTCCGACAGGAAGACGGCCCCCACCATGAGGCGGACGAGGGGGAGCGTCCACCACGCGGCCCTCGACGGCGAACGGGATTGGGAGGGTGCCATGGCGTGGATCAGATAAGAAACGGGTGCGGGGAAGGGGCCGAGTCGCCCTAACTCTCAGTCCCAGCGAGACCATGCGCAATGAGACTATGCGTCGAACGCAGCAACGGGTTCCCCCAGCAGAAAAAGGGCACATCCGGCGCCAATCGCCACCAGGACGAGGCCGAGCACATTGCTCACCAGCACGTTGCCCAGCCCGGCCCACACCCGTCCCTCCCGAAGCAGCAGGAGGCTCTCAAGGCTGTAGGTGGAAAACGTCGTCAGCGACCCGATTCCTCCCGTAAAAATGAACACCCGCAGTTCTTCCGAAAACGAGTACTGGGCAGCAAGGACCCACAACCCCCCGATCAGGAAGCAGCCCACGAGGTTGGCCGCAAGCGTGCCCCACGGAACCGTCGGCGGCAGGCCCCATCGCGCGAGTACAGAGAGGCCGTACCGACACAGCGCGCCGAGGCTTCCGCCAAGGGCAATCCAGAGAAGCTTGAGCATACGAGGAGAAGTGGACGTCTCAGAACTTTGTTTAAACAGGTTCTCACGTCGAAACGAAGCCGACAATCGCCATTCCGCAGCACTCACTCCGCCGCACCGGACGGGCAGGGCCGAGCGTCTTCGGGAGGTCGTCGTGCGGCAGGTCGCCCCTCTGGAGCAGGGTCCGAGCGGGTTCGAAATCGTGGAAGAGGCCGGCTGAATCGTCATCGGTCTGTCGGGAATGTCTCGTCGATCCAGTCAGCCAGTTCGTCGCGGATGCGACGAAAGGCCGCCCGCTTCTCCTCCTCGGCGCCCTTCACAGCCGAGGGGTCCTCGAAGCCCCGGTGCAGATTTTTCTTTCGGGCGGGGATGTACGGGCAGTTCTCCGCCGCGTCGTCGCAGACGGTCACGACGATGTCGATCGGCGTGTCGTCGTATGCCTCGATGGGGTCCGACGTATGGTCCGAGACATCGATCCCGATCTCGTCCATCACGGCCACGGCGAACGGGTTTACCCCCTCGGGGTTCGTGCCGGCGCTGTGCACCTCGTAGCGGTCGCCGTAGCGACTGCGCAGCAGGCCCTCCGCCATCTGCGAGCGGGACGAGTTGTGGGTACAGACGAACAAGACGGTGTCCATGGAAAAACGGGTGTGACGGAGAGAATCGGCGGATCACATCTGCGACGCCGCCTCCACGTAGAGCGACCGCCAGATCCACAGCCGGTCGAGGCCGATGTGCATCGGCTCGTCGCCGAGGGCAACGAGGCTCTGGTGCACGTACACCGTGAGCCCGCCCCGCTCGGTCTGCTCGTAGGCCTCCGGATCGTCGGGCCGCTCGACGTTCACCGTCGCGAGGTCGACCCGCCCGCCACAACACCCGTGCTGGGGCCGCGTGCGGATGGCGAGCACACCCCCCTGCTCACGGGCGTAGGCGGCCGCCTCGTCGTCGATGGTGAGATCCAGCTGCATTTCTGCAATGGGCGTGGCAGAACGTTGGGCAAGTGAGAATCAGGCCGTGGCCATTCGGGACTCGAACTGCGGCCGCGTAGCATTGGCGATGCGGACCAGGGCCAGCATG
CP030356.1_gap77	3313567	3314090	523	GGCGCCGGGCGCAATGGTGCCCACCGGCCATTTCGACACGGCCACAATGCCTACCGGCGCCCCCTGCCCGCTGTAGACATCGGGCATCACCACGAGATGCCCCACCAGTCCGGACAGCATCGAGGTGCGAATCGCCTGACCGATGGCCTTTCGTTCGAGAATCTCGTCGATGAGATTCTCACTCGCGAGGATGCGCACGGGCACCCGCATCGCGTCCTGGAACGACTTGGGGATTTCCCATGTGAATTCGTCGATCCGCGTCAGGTCCGTGCGTTTCATACGCTAGAGGCTCGCGCACGCCCCAGGGCTGAACGCCGTCTGGAACGCCGCGTCTTGTTATTTTTGAGACGTAATTGAGCGAAAATTGAACCATGGGAAGAAATTCAGTGTTCCACTTCCATCTTCCTCATGGGGACTTCCCGGTAGGCTTTTTTTCGAGCGACGTGCGTTGCACAGTCGCTGTGTCCCCTCTCCAGCGAGGACGGTGCTCCGGTGTCGGTGGGGTTACGCTGGGGCTTCGGCC
CP030356.1_gap78	3316740	3320308	3568	CTGATTCTGAACGATCGACGCGAACTCTTCGCTGAACTGCATGCTCGCGCTGAGGAAGAGTTCGCCCTTGACGAAGGCCTCCGCGTCGTACTCGTCGTAGCGGTCCGGATTCTCCTCGTACTCCCGCACAACGCTGTTCTCCTGCTTCATGACGCGCCGCGCCGCGTCCGTCTTGGAGCGCCCCAGGAAGTACGTCTCGGTGCCCTGGACGGACGCGGATTGAAACGCATTGGCGTGAAGCGAGATGAAGAGGTCGCCGCCCCTCCGGTTGGCCAGGTGCCCACGCTCCTCCAGGGCAATGAAGCGGTCGTCCGTTCGGGTGTAGACCACCTCAAGGTTCAGGCGGTTCTCGACGTACTCCCCCAGCTTGTGCGCCACGTCCAGCACAATGTCCTTCTCGTACAGCCCGTGGGCCACCGCTCCCGGGTCTTTGCCCCCGTGCCCGGGATCGATCACCACCGTGTCGAGGCGTGATCGCTCGCGGGAGAGGGTCGCCATCGGGTCCCGCCGGCGTTGTTCTGTCCGGGCGGCCGTCGGGGCGTCCGCGGCAGATGGAGACGAGGCGGACGCGGTCGACGAGGCGGCCCCCGAGGCCACCGGCGGGGCGTCGTCGTACGCGAGGTTCAGTAGCACGTCGTCGGACGCCCCGTCGCGGTAGGCCGTGGGCGAGATCGAGCGGTCCGACGTTAGGGTCACCCGAAGGATCAAGTGTCCGTTTTGCTGCGTCACCGTGTAGTCTTCAACCGGCCCTGCCGGCGCCCGCTTGTCGTAGTCCGCGTGGAGGGTCGTGTTGTAGAGCACCCACTTCAGTTCGCGCGCCTGCTCCGGCTGCAGCATGTACGCCTCGGGGGAGCCCGTCGTCCGGACGCGCACGACGTAGCCCTGCCCGTCGGACCGGGGAGAGAAGATCACGTCGGTCACGAGCACATCGGCCTGGGCCGGCCCCGCCGCCACGAGCAGAAGCCCGACCAGGAGCCACGACGGGCCCCAACGCGATCGATGCCCGGCGTCGACACAACGAGCGATGTGGGCCCGGAACCAATCCATAGACAGATGCGACACCCCTGACGAAAAGCGACGTGCGGACGGTGGCTGCGTGCCCCGCCGCCCCACAAGATGCGGCGCAGCCCACTTAAAGTAAAGGATAAGGTGACAACGAGGACGATGCGGGCGGCGGACGGCCCTGCGCGGCGTCGCTATCGGCCGCGCGTGGAGTCGATGAGTTGGCGGAGGTGGCGGTCAATCATGCGGTCCCGCATCTGGGCCCGTCGCTGAAGGTTTTCCTGCAGCTCACGGATCTGCCGCTGTAGGCGCTCGATCTCGCGGCGCCGGTTTTCCTGCTTCACCGCAAAAATGTCTTCGAGCATGGCGCGAAGCGTGTCGATCTGGGCCCGGCGCTCCGCGCCCTCCGGCAACAGCCGAATGGTGCGCGCGAGGTTCCGCGCGTTCTGCTCCATTTGGCGCTCGCGCTGAAGCCGCTCGTAGAGCTCCCGGCTGGAGCGTTGCACGGCGTCGAGGTACTGCCGGTGCGACGCCTCGGGGGCACTCGCGGCCTCGACCCCGTCAGGGGACGAAGAGGCTCGCGCCTGCCCCCCGCCACTTCCCAACACGACGGAAGCCCGCTGCCGCCGCACCTCCTCTTCGGTGATGGGCCTCAGTCCATCCCGCACCACGAACAGGCGTCCCTTGAGCTCCACGACGGGGCGCTGGACGCCGACGAACCGGTAGTTGGCCCGCACCCCTCGCAGGTCCAAGCTGTCCGGGAGCTGGTCCGCCGACAGAGGCTGCCCGTCGACGTAGACGGTGCCGTCCCGGATGTTCAGGGTGTGGGTCTGCTGGGCCGACGCGGCGGGCAGAAGCAGGCCCCACAGGAGGAGCCCGACGGCGAGCCCGGCGACGACTCGACGACACGTAGAACCCAGGCGGTGCAGAGCGGTCATGGGGAAGCGAGACGTGAACAATGGGACGCGAGGCGAGGCGGAAACGGATGTTAGGGGCGGCTGACCCGCTGGAGGGAGCCCCACCGGTCCGGCGCGCTCCGTGCCTGCAGCCGGTCGATGCGGCGCTGTATGCGGATCAACTCCTCCCCGTCGTCCCACGCCGGGATGGCGTCCGCGCCGCTCGACCGGGTTTGGGCGGTCGTGGGGGCCTGCCGGGGCGCCCCGTCGATCGCGCCGGGCGCCGCGGCGTCCGCGGCCGGGCCGTCGGACGTTCCGTCGCCCTGCCACCACCCCAGGCCAATCACCAGCAGGAGGGCAAGCGCGGCACCGGCGGGCTGCAGGCGGCGGGCCCAGGCGTGGGAGGGGGCCCGCGCCGGGCGATCCTCGCTCGGGGGCGCGGCCGTGCGGGCCTGGTCCACCACCTGGTCCACGACCGCCGCGTCCGGCCGGCGCGCGGGCCGGTCGTCCAGCGCCCGCTTCGTCGCGGCCAGCTCCTCGTACTCGCGGTAGAGGTCCGGATCGTCGGACAACCGCCGCGCGAGCGCCGACTCGTCCACCTCCTCGTCGTACAGATACCGAATGAGACGTAGCCGATCGTCCATAGGGGCAAAAGGTCACTCTGTGAAGCAGGCCGGACCGCGCCGCGACCCTCACGTGTCGATCGTGCCGACCAGCGCGGTCTCGTCGGAGGCCTCCATCATCTTGCGAAGGTTCTTGAGGGCGTACCGCATGCGGCCGAGGGCGGTGTTGATGGACACGTCTTGGAGCTCGGCGATCTCCCGAAAGGTGAGGTCCGTTTCCTGGCGCAGGAGCAGGACCTCTTTCTGCTCGGGGGCGAGCTGCTCGATGTGCTCGTCGAGCCACTCGCGCTGCTCCGCGCGGTGGAGCTGCTCGTCGGCGTAGGGCGAGTCGTCCTCCAGGGTGTCCCAGAAGGACCGCCCGTCGTCCTCGTCCTGCGGCACGTCCGTCCACTTCTTCTGCTTCCGCGTGTGGTCGATTGCCGCGTTGCGCGCGATGCTCATCACCCAGCTCAGCCACTGGCCCTGCCGGTCGTACGACCCGCGCTCGCCGTGCATGGCCTTGATCACGCGCTCGAAGGTTTCCTGGAAGAGATCGTTGGCCACCGCCCGGTCTTTCACCATGCCCATCAGGTAGCCAAAAATACGGTCCTGGTGCCGTTCGACGAGCTGCCGAAAGGCCTGCTCGTCGCTCTCGTCCAGGTACGCCGATACCAGTTCCTCATCCGTAGGCTGCATGCGGAAACCCAATCAGTGGCAGGTGCCGGGACGTGGGGACATGGTGCCGATTCAAACGAGTGTCCCAGCGCAATTATTGTGTGTCCCCTTGTGCTCGGCCCTCTACGTTCACAAGGACCGTTCCGGAGCGGCGATCCGCCGTCACAACACCACGTCCACGACCTCCTTCAGTTGCTGGGCCCCGGTCACGTCGATGTCGTAGTCGCCCGCAATGCGGTCGAGGTTGTTCTCCGGCACCACCGCCCGGTCGAAGCCCAGCTTGGCGGCCTCCTTGAGGCGCGGCTCCACGCGGCTCACGGTGCGAATCTCGCCGCCGAGCCCCACCTCGCCGATGAGGGCCGAGCCGGTGTCGGCGGGAATGTCGCGGAACGA
CP030356.1_gap79	3324128	3326347	2219	CGGCACGGCCGGCCGCCTCCTCAACGACCCGAGCCTCTACCTGCGGCTGGACTCGGCCGCGGCCCGCACCAACACGCTTCTCCAGGACTTCCAGCGCGACCCGGGGCGCTACCTGAACGACATGACGCTCGTGAAGGTGTTTTAGACACGGAGCACCCCGACGGGCCCCTCAGCACGCAACCGATCGCTGCGCATGGCGGCTCCTGATTCCGACACCAACGACGGCCAGGAAGACACAGGGCCGGCGGCAGCGGTGCAATCCCGCTCACACGACGGGGCGACCGGACGCGACGCGTCGTGGCCCCGCCTGCAGCGGCAGATTTTCCGCACGGCGAGCCGCCACCTGCCCGATTCCTCTACCGACACGGACGGGCCCAGCGTGGAGCCGCCCCCCAAGCGCACGGGCCGCTACGCCCGCTGGCTGCCGGTCCTGAAGGCCCTGCCCTGGGTGCTGGGCGCGCTCTTCGCCCTCTCGTTCGTGTGGGACTTTCCGGGCGTGACCCTGACCGTGGCCGGGTATACCGTCGTGCTGGAGGACCTGCTGCGCTTCACCGCCGTCAGCGGCCTCGTCGGCTTCGGGACGAACTGGCTCGCCATCACGATGCTCTTTCGCCCCCGCGAGCCGCGGCCCCTCGTGGGCCAGGGCCTCGTGCCCGCCCAGCGGGAGCGGGTGGCCTACCGTCTCGCCCAGGCGGTGAGCGACGAGCTCATCAACAAGGCCCTCATCAAGGAGAAAATTCGGGAGAGCGGCCTCGTGGCCCAGTACCGGGATCTGCTCGTGGCGGCGGCCAGCGACGTGGCGACCGACGACGCGGTGCGCGCGGAGGGGAAGGCCCTGCTCCGCCGCGCGCTGCGGGACGTGCTCTCCACCCCGTCGGTGCAGACACGGATCGTCGCCCTCACCGCCGAGCAGGTGGAGGCGCAGGCCGGCGAGGGCCTCTCGGGCCTGATGCTGCGGGCCTACCGGTACTTCGGGGAGGACGACTTCCGGGCCCGCCTGCGCGAGACCGTCCGGCGCCTGCCCGACGCGGTCGACCCGCTGGTGGAGGAGCTCGATCCGGTGCTCGACCGCCTCCCCGCCGAACTGGAACGCCGCAGCGACGAGATCGAATCGCTACTGACGCGCGTGGTGCTCCGCCTCGTGGACACGCTCGACCTGGAGCGCATGATCTACGAGAACGTGCGCGCCTACGACGAGCGGCAGCTCGAAATGCTGCTGCGCCGCACCACCAACGAGCAGCTCAACTACATCAAGTACCTCGGGGCGGCGCTCGGCATCGTCGGCGGCTTCATCATCTGGGCCCCAGCGGCCGCACTCGTCGCGGTCACGACCCTCGGCCTCGCCGTCTACGGCGTGGACGAGGCGCTCTTTCGCGCCCGGACAGATGATACGTCGTCCTCGTAAAACCGGCCGCGCACACATTGATCGGTCGTCCCTTCTTTTCCTTCACCACCTGCACTGCCGCCAATGCCCCCCCACGAGCCCCTCTCCGGCGTCGACGCGGCGTGGCTGCGGATGGACGAGCCGACCAACCTGATGACCATCACCGGCGTGCTCGTGCTCGACGACCCGATGGACGTCGACACGCTCAAGGCGCTTCTGGAGGAGCGCTTCCTCGGCTTCGACCGGTTTCGGCAGCGGGTGCGCGACCCCGAGGGCTCCCCGTACTGGGAGCTGGATCCGTACTTTGACCTCGACCGGCACGTGCACCGCACGGCCCTGCCGGGGGCGGCCGGCCGCGACGAGCTCAAGGAGCGGGTGAGCACGCTCATGAGCGTGCCGCTCGACCGGGACAAGCCACTCTGGGAGATGGAGCTGGTGGAGGACTATCTCGGCGGCAGTGCCCTCATCATACGGCTGCACCACTGCATCGCCGACGGCATGGCGCTGCTGCAGGTGCTGCTGTCGCTCACCGACGAGTATTTCGACCCGGCCCGCTTCCCCACGACGGAGGACCGCGGGCTGCTCTCCGGCGTGATGCAGGGCGCCCTCGACACCGTCCGCGGCACCGTCCGGACCGGGCGGCGCCTGCTGAGCGAAGGCGCGAAGTCGCTCCTTCGGCCCTCCCGCGCCCTGCGGCGCGCCAAACAGGGCCTGAGCTTCGGGGCGGCGCTGTCGAAGTTTCTCTCGCTGCCCCACGATGACGACACGCCCCTCAAGGGCGAGCTGGGCGTGAAGCAGCGGGCTACGTGGTCTGCCCCCCTCGACCTGGCGCGCG
CP030356.1_gap80	3328299	3332249	3950	ATTTCTCGGCCGGGGGCGGGTGGGACGGGCTGTGGTCCCTTCCGGGGACGATCGCCGCCGTTTCTTTTCCCCACCACCACGCGGTTCCCTCTGCCCCTGCGCATGCAATCGCATCCGGCCTTACGGGTCGATCGGGCCAGGGCTCCCCCCGGAGGAGGACACAAGAAGGGCCACGCCCCGGCTGAACAGTTGCCCAGCAAGGCCCAGGGCAACCCCGAGCCCCATGCCAAAGATGGCGAGCTCCTTCACGCCCAGGTATTTGCTGACGCTGATGAAGCCCATCCAGGAGAGCGCGCGCTGAACGATGCCGGTCTGGTCGGAGACCACGAAGAGAACGGCCCCGAACACGAACCCGAAGAAGGCGGATCGAACCAGGTCCTCGACCAGCAGGCCGCCAACCAATGGGGAAGAAATCGTCTCGTCTTCGCTCTGGCTCATAAGGATGAACGCTCAAACACAGAAAGGGCCCGCCCTGAAAAGCGAGGCGGGACCGGCTCGTGGGGCTGTTTCCGGCCGCTTTGCAGTCGCGTGAGTGCGCAGCCGTTGCTCCGCGATCCCTCCTCCGTCCCGCGGTGGGGACAGAAGGGCCGTTCGCGGACGAGAACGCCGCACAGGCTCGTAGGACGCGGTAAGTCGTTTTTTAGAGAACCAACAGAGAACGTGGGAGGTCCGGAGAGTGGGCCCTGATGCCTCCCCTGAAGGTCAAAATAAAATCGAAATCCAATGGGTCGTCCCCAGATGGCCCGGGGCCGTACGGCGGAGAACCAGGGTCCGTGTCGCCCGGAGTGTCGTGCGGGACCTGTCCGGGCGGGCGAACGGCCTCGCCATTTTTTGGGATCCGGGCCGGGCGTACGACGACCGGACGTTCTCGGGGGAGTCTCTTCGCTTTCGTGAGAAGGCCGGCCCCGTCCCCCGATCACTGAACCACTTCGTGCCGGTGGGGACCTAGCCTCGGTGGGCCCGAGCACCAGTCTTCCGTCCGTCCGGGAGGCCTTCGCGCGAAGGGGGCCCGCCCCACGACTGCGGAAGGGTGTCGCGATCGCGTTACAATGCAGAGGAAGCGGGAACGACCCGGGTGGGCAAGGAGAACCAGCACTCGTGGTTTAGCCCAATTCTTACACTTCTTCAAACGCTTTGCCTGCTATGGACGAACGCGAACTTGTTGAGACACGGGTCCGGGACGTGCTGCGAACGAAGGGCACCCTCCAGCAGAACGGGGATGTCCTCACGGCCACCCCCACCGATACCGTTTACGACTGTATCGACGCCATGGTGGACCGCGGCATCGGGTCCATCGTCATCACGGAGGACGACGAGATGGTCGGCATCTTCACCGAGCGGGACTACATGCGCGACATTGCCCTGAAGGGACGCTCCTCCCCGGAGACCGAGGTGCAGGAAGTCATGACGGAAGACGTCGTCACCGCCGAGGCGGAGGACCAGCTCCGCGATTGCCTGGATCGGATGAACGACCTGCAGTGCCGCCACCTTCCCGTGGTCGACGACGAGGGCAACCTCGCCGACATCATCTCGATGCGGGACTGCGCGAAGCAAGTCGCCGAGTCGGCGGAGTCGGGCGCGACGCAGCTCGTGAACTACGTGACGGGCCAGTATTCCACCCGGTAGGAGAGCGGATGCTCGCCGAGGCCAGGCGCCGGTTGTGGGATTCGACGGGCCGGAATGCGCCGCGCCGGACGGACCGTACGCTTCAGCTGAGGGCACGGCTTCTGGAGCCGCTCGCGCAGGCGGCTGTCCCCGAAAGAGCGGAGACGGCGCCTCAATCGTCCGCGAGAACCCGCGGACCCGCTGCGCCCCAGATCGATCGGGGCGAGTACATCCCGTAGTGCCCCCTGCTCGGAGCGGCATGGAGTTCGGCCAATCCATCCTCTCCCCGGCACGGACGCAACACGATGCGACGTGGAGGCGAGAAACGTCCCTTCCGGGCGTCCTCGCCTCGGAACCCTCGTCCACCTCCCGTGATGCAATGTGTAACGTTGTAGTCTGAAGACGGCCCCGACACCTCTTTTCAATCTTACGGCCGTCGGTTTCCGCCGCTCTCGGGATCTGCCATGCCTTCTCCCGCCCGCAACATCACCGCCCTTCTCTGGCCGAGCGACGACATGCTCTCCACCAATGCTAAGTCTCGGCTGCAGGTGGTTCGTCTGCTCTGCCTCCTCGGGAGCCTCCTGATCCCACTTTACGGCCTCCTGTACGAGGCCGCGCGCCCCGAGGCAACCGATCCGATGTGGATCCGGCTCGTCATTGCGGGCGTCTTGGGGGCGTTCGTGGCGGGCACATACGTTCTGCGAACGCTTCGCACCCACTGCGTCGGCGTCGCGTGGGGACTGCTTTACCTTTTGATGGCCTGGAGTGTGGCCCTGGCGGCGGTCAATCAGTTTTCGGGCGCGTACGTGGTAGGCATGCTCGTCGTGTACGCTGTCTCCGCCACCCTGGTGTTGGTCAGCAGTCAATTGCTGCGGTCCGTGCTGTCGTTTTTGTCGGCGGGCCTGCTCCTCACGGGGGCTGCACTGCTGTGGGCCCCTGCCGTTCAGCTGAGCCCCCTGGTGCTGTGCGGGGGCATGGCCATGGTGGCCTTCGTCGTCGGGGTGGTCGCGCGGTGGGTCTTGCGCGTGCGGAGGCACCTCGCGGACCAGGCACGGGAGCTCGAGGAGCAGCGCGACCGGCTGGAGGGCCATCGGGCGTACACCAACCGCCTCCTCAACGCGACCGACGACCTGTTCTTTGCCCTCGACCCGACAGGCCAGTTTCAATGGTGGAACGACCGCGTGTTGGAGACGACCGGCCTGTCCGACGAGGACGTCGGAAGCGTGGACGCGCTGGACCATTTTGTGCCGGCCGAGCGGGAGAAGCAGGCCAAGCAAGCCATCCGCAGGGTGCTTCAAACCGGCAGCGGCCAGGTGGAAGTGCCCCTCGTGGCCGACGACGGAGTGGCGGTGCCCTACGAGTTCGTGGGCAACCCCGTCGAAAACTTAGAGGGGGAGCGCCAGATCGTGTGTGTCGGCCGGAACGTTGCCGAGCGGAAGCGTCGGGAGCGGGAGCTGCGGGAGAGCGAACGGCGCTTCCAGGCGATGCTGAACGACCCGAACATCCTCGCCGGGGTGCTCTCGCCGGACGGGACGTTCCAGAAGGTCAACGACACGGCCCTCGGGTACATCGAGGCGACCCGGGCGGACGTTCTCGGCCGGCCGTTCTGGGAGACCCCCTGGTGGGAAACGGAAAACAGGTCGGCGGTCCGGAAAAAGGTTGAGCGCGTGGCCGAGGGGGAATACGTGCGGTTCGAGGCCGAGCACGTGAGGCCAGACGGGGAGGCCCGGACCGTGACCGGCATCATGCGTCCGGTGACCGGTGAGGAGGGGGAGGTCGTCTCGATTTTTGTCACGGCCCGGGACATCACCGAGCGGAAACGGCGGGAGGAGGCCCTTCAGGTGGCGGAGGGGCGGTACCGAGCGCTTATCGAGAACTTTCCCGGGGGCGTTTTTCTCTTCGACGAGGATTTGCAGTATACACTGGCAGGGGGACGCGAACTCCGGGACGCGGGCCTCTCCCCGTCGGACGTGGAAGGGGGAGGTCCGCACGACATATTTCCGGCCGCCCTGGCCGAGGAGCTCGACATGTACTTCCGGCGCGCACTCAACGGCGAGAAGAATGCGTTCGAGCAGACGATGGACGGGCGCCGGTACTTCAACCGAACGCTCCCGGTTCGGGACGAGGCCGGAACGGTTATCGCCGGCATGGCGGTCGCCCAGGACATCACCGAGGAGCGCCGCCGCAAGGAAAAGCTCGAGCGGAAGAACGATCTCTTCCAACGGGCCCAGGAGATTGCCAATGTCGGCGGGTGGGAGTACGACCTAGACACGGGCGGCCTCACCCTCACCGACCAGGCCTACCGCATCCACGGCGTTTCTCCGGACGCGAAGATGACGCTGGAG
CP030356.1_gap81	3334555	3337142	2587	GCGACCGCGTCGGTCTTCTCGACCGCTTCAGACAAGCGGTGAAAGACCTGCTGAATGTTCTGGACGGACTGATTGAACTTGCCCTGCAGACGCCCGATTTCTTCGGCCTGCGAGGCATCCATCTTGGACGCGAGGTCCCGGCCCTCCGTCTCGGCGTCAACTTGGACCGTCAGGTCTCCCCTGACGAAGCGGTCCATGGCCCCGACCATCCGGTCCACTTCTTCGGAGAGGGCCTCCTTCTCTTTCTCCCGCTTGTTGGCGAGGGACTTCGCCTCGCGCTTCGTCTCTTCGGCCTCGGCCTTTCGCTCTTGGGCCTCCTCGATCCGGGCACGGAGGGACTGGCGAAGGTCGTCGACGGCCCGGTACACGTCGCCGAACTCGTCGCTGCGCCCAGTACGGATGGACTTGTCGAGGTTGCCCTCCGCGAGCTTCGAGGTGACGTAGCGCAGGTCCGTGAGGGCCGTAATGGTGATCGTTCCCGTGATGGACCCGATCGTGAGGAACCCGACGAACGTCGCCAGCCCGCTGGCGAGAGGGCTCTCTGTGACTAAGACCGTTGTCACGATCATGACGCCAGTCAGCAAATACCAGAAGACGTATTTCGTCAGAAAGCTCTTCATTAGAATCTGAGGTGTTGGGAGCCGAACAGTGAGGAGGCAAGAAGCAGGGGCGGCGCTTAGGCGGCAGACGTGACTGTCGCTGCCCCTCCCTGCGCGGAGGTAGCTTCAGGCACTTCGTCTTGTACCTTGACGAAGTTCTTGCGCGCCCGGTAGATGAAGTAGACAAACGGCACCTTCGCGGTCACGTCCAGGTAGCTGATGATCACCGCAATGCCCGCCGCGTCGACCCACTGCAGCCCCGGCCCGAAGAGCCACACCAGCGGGTAGGCGAGCCAGAGCAGCCCGACGTAGTTCAGCAGGAGCCGCGCGAGACGCCGGTGGGAGGGCGGCTCTCCGAACGCCGAGTTGCGCACCGGCCCGTAGAGGAGCGCGAGGAGGGTCAGGTGGCAGGCCGAGGACAGCCCGAAGAACACCCACTGGGCCGTGGACGAAAACACGACGGCCCCCAGGCCGAACACGATCATCATGAAGTCGGCCAGGGCGGTGCCCGTGATCATGCCCCGGCTGGCCCCGGCAATGTACGCGGTGTACCCCACGAGAAGGGGCGTGGTGAGGGCCCAATCAATATACCGGGGGATGGGCACATGGTACCCCTGAAACTGCACCGACCCGACGTCGAACGTCATGAGCAGGTACATGAGCGCGGCAATTCCGGGAATGGCCCAGAGGTAATCGAAGTCGAGTCCCACTTCGTCGCCGACCAGCGACAGGGCAGGGGGAATCCCAACGAGCATTCCAAGGGTTCCGATGATGTAGACGATCGTAATCGGGTCCATGGGGGTGTGTATCTCTGAATCCAGACAGAACGTTTGGGGCTCCCTTCCGAGAGAGAAGCTTCTCTCCGGAGAGCGTTTTTCAGCAAGGCATTCCTCCAGCAGGGTTGAGGAGAGGCCCGCAGACCGCTCTTCTCTTCCGTGGGACTGTCGCTGGCCTCCCCAATAAATCCTTGCATCCTTCCTTCTTATTTTATCGGTCCTGATGTCTGACTTTTAAGCCAGATGTGTTCTATTTATTTCTTTGTATTGATCACAAGAAAGCGGGGTACTCTGCGTACCGGGCCGGTGCTGAATTCGGTTTTCCGGGCAGACATGCCGGGCGGGCCCCGCACGGGACGACGACCAGGGGGATGATTCCGAAGGACACCACGGGCGGCCCTTCGGAACGCACCGCTCATCCACCGACTCGGTCGGACCGGCCCGTTTTCTTCTCGTTCGGGTCCGTTGCTGAACGCTTGGCCTTCCGGTCCGCCGCCGGAAGCCGGGCGGTGAACGTGCTTCCCTCCCCCTTTTCCGTCTCCACGTCGATGGATCCCCCCATCTGCTCGGTCGCCTTCTTCGTCACCGCCAGCCCGATGCCAGTGCCCTCGTACTCACGAGACAGCCCCTCGGACCCCTGCCGGAACGGCTCGAAGAGCGACTCGGCCACCGCCGGGTCCATCCCAATGCCGGTGTCCTCGATTTGCAGCACCGCCTCCCCGTCTTCTCGGTACGTCCGCACCTGCACCGTCCCTTCCTCCGTGTACTTAATCGCGTTGGACAGGAGGTTCTGGAGTACGATCTGGAGCCCCCCCTCGTCGGCCCGGGCGCCGGCCTCTTCGGCCTCGACCTCAAGCGCAAGGCCGCTTTCGTCCGCCTCCGCCGCAAACTCCCGGGCGACCTGCCGGGCCTGATCCGCCAAATCGATGGGGCGGGACGCCAAGGTCATCTGTCCGGCCTCCAGCTTCGAAAGGTTGAGCACCGCATCCAGGGTGTCCAGCAGCCGCCGGCCACTGTCTTCGATCAGGTCCGCGAAATGAGCGACGCCGCCGTCCCCGTCGATCTCGTCCCCGATCGCCTCGGCGAACCCAATGATTCCGGTCAGCGGCGTGCGAATCTCGTGACTCATGTTCGCGAGCATGGCGGACTTCATGCGGCTGGCCTCTTCAGCCTCCAGCTTTGAGAGCTCGGCCTGCTCCTTCGCCTCTTTGA
CP030356.1_gap82	3351824	3353084	1260	CCCGGATCGGCCCTCGTGCCAGGCCTGCGACCGGGCCCCAAGGGTGGCAAAGTGGACGAAGCTGTCCAGCGCGGTGCCCCCAATTAGGAGGAGCCCCTGCCCCAGGGCGACGGTCTTCACGCCGAGGTGCTGGAGGGGGCTGCCGGAATCCCCGTACGCCACCAGAACGGCCGGCACCACCGCCAGCAGCACGAGCGGCCCCAGGCGGCGCGCCTGGTAGCGCAGGAGCCGCGGGGGCGACCAGTTCAGGCGCTGTAGCATCGAGACGTTCGGGTCCGGGAACAGCACGTTCGGCGGCGCCACGGCAAACACCCCTGCCCCCGCCAGCGCCCACAGCCGGAGCCCGGCGGCCCGCGCCCCGGGATCGGCCCCGGCGGCGAGCAGCAGGGCCGCCGCACTCAGCACCCCCAGGAGCAGTCCGTAGGCGAGCCGGGACGCCCCCCCGCGGACGTGACGAATCGGGGCCGGCAGGGAATGAGACAACACGAGGGGCGGGACGATTTCGACAATTGGCGGTGAAAGCAACGTATTGCCGAGCGGGCCTTCCTGTCCATCCGCCCCCGGGAAAATCAGACCAAATGTCGTGTCTCGCGCCTCGGGGACGCCCTGTCCAAAGAATATGGCACGGGTTCTTTCTTCCCGAAAACCTCTCCTCCGACACGCGTGTACACGCCACGGCACGTCACATTTTCCCGCACTGCCCGCTGCGCCCCTCATGTCTACGCGTTCGCTCGCCGACGCCCTTTCGGAGCGCCTGCTCGACACGTTTCCGGCCGACCAGGCCTACACGAAGGCCGACTGGGCGACGGACGCGATGCCGGGGCCCCTCCGTCACTACCTGACCCACCTCCTGCGGCACCACCATCGGCGCGAGGCGCGCCAGCTGCGCCGGGCGCGGACCGACTGGGTGGACTACGACCACCCGGAGATGGAACAGGCCACCCATTCGTTTCTCGACGCGACGGAGCAGCACATGCAGGTGCCCCGCGACCAGTGGACCGATACGCTCCGCACCGCCGCCCGCCGCACGACGAACTACCTCGTGCGTCCCGTCCCGACACTGCGCGCCTTTGTCTTCGAGGACGCCGCCGGGGCGGTGCCGGTGCCCCAGGTGCAGTGGCGCATGCGCTTCTTCGGGCCGTACGCCTACCTTCGAAACGCCGTGCAGGCCTTCGCCGACAAGCAAGACCGGGACGCCTTCACCCCGGATGCCTTTGAGCGTGTCCTCCGGCGCGTCGACGAGCGCATGACGGCGGACTT
CP030356.1_gap83	3409641	3412554	2913	GGAGGCCCGCGTCGACGGCCGCGCTCACGTCGGTGCCCGGCGTCGAGACCTGGTCGGGGGCCGCCGCGTCGAGGAAGAGGCGGAAGGCGCCGTAGTCGGTCGTAAGGGGCGACTGCACGAACCCGCTTCCGGCGAAGAGGACGAGCCCCACCCGGTCGCCCGACAGATCCTCTACCAGCGTGCGGACCTCGTTCTTCGCCCGCCGGAGGCGGCTCGGGGGCACATCCTGGGCCCGCATCGACGCCGAGACGTCCAGCGCCACGACGAGGTCGAGCCCCCGGCGCTCCACCGTGCGCACCTCCGTGCCCCACCGCGGCCCCATCAGGGCCACGGCCCCGAGAAGAAGCGCCCCCACCACGAGGCCCGCCTCCCACATTCGACGGCGCGGGCGACGGGTCGTCGCGAGCCGCCGCACGGCCCCTGGGTGCCCGAACTGCTCCCGGGCCGCCCGACGCCGACGCACCGCCCACCCGTAGATCCCCAGGGCCACCGGGCCAAGGAGAAGCGTCCACACGTATGTGGGGTGAAGCCAATCCATGTCTGGGCTGTGATTGCAGGGATGAGCACGGGCTTTCGGGGGTCCCGCGGATCCCTCGCTGCGTGCTACGGGAAGCGCCGGAACAGGGTGGCGGAGAGGCCGACCTCCAGGAGCGCGAGCCCCAGGGCCGGCAGCAAGAACCACGAATACCGCTCCGTCCGGTCCGTGTAGACGCGCTCGTCAACCGGCGTGGCCTCCATGGTGTCGATCTCGGCGTAGATGCGCTCCAGTGCGCCCCGGTTCGTCGCGGAAAAGTACTGTCCCCCGGTGGACACGGAGACGGACCGGAGCATCTCCGCGTCCACGCCGGCCGACTCGTCCCGCTGGCCCTGCGGCAGGGGCTCCTCCCAGGTGTCCCTGTCCTCCGACGACCCGACCCCGATCGCGTAGACCCGCACGCCCATCGTCTGGGCCACCTCGGCCGCCGTGCGGGGATCAATTTGGCCCCGGTTGTTGCGGCCGTCGGTAAGCAGAATGGCCACCTTGCTCTCCGCCTCGCTGTCCTTCAGCCGGTTGACGGCCGTCGCCAGGGCCGTCCCCACGGCGGTGCCGTCCTCCACCGCCCCAACCTCCACGTCCTCGAGCATGCGCTGAAGGAACGAATAGTCGAGCGTGAGGGGGGCCTGCGTGTATGCCTCGGCGGCAAAAACGATGAGGCCCACCCGGTCGGACACGCGCCCCTCCACGAACGCCCCCGCCGCCTCGCGCGCAGCCTCGAAGCGGGTCGGCTGGAAGTCCTCCGCCTGCATCGACGTGGAGGCGTCGAGGACCATCATGATGTCGATGCCCTCGGCCGTCCGGGTCCGCGTGGTCTCTTCGGTCTGGGGGCGGGCCAGGGCTAGGACGCCGAGCGCGAGCGCCCCCATGCGGAGGGCGGCGGGCAGCCATCGCAGGCGCACAGTCCACGCGATCGGTGCCTCCCGCACCGGCCCCACGTCACTGTACCGGAGGCCCGTCGTCCGCCGTCGGCGCCACCACGTCCAGGCCCCCACCGCCGGCACGGCGAGGAGCAGCCACAACAGTTGGGGATTGACGAAACTCACGGTGGAGTGGATCGCGCAGACCCAGCGGATTCAGCACAAAGGGAAGAGCAAAGGGCACGCCACGAGCAGGTATTACGGCCTCTGGCGAGCGGCCACGGCGTCGACGAGGGCGGGCAGCACATCCCCGGCGGGGCCCTGGATCGTCTCGTGGACGTCGTCGGTGACGCCGGTCGTGTCCGGATTGACCTCGGCCACGTAGGCGCCCTGCTCCCGCGCCGCGACGGGCAGGCGCGCCGCCGGGTGCACGACGGCGCTCGTCCCCACGCTCAGGAACACGTCGGCCTGCTCGGTGGTCGCGTCCGCCTGCTCCATCGCGTCGGGCGGTAGCATCTCCCCGAACCAGACCACGTCGGGGCGGACGAGCCCCCCGCAGTCCGGACAGCGGGCCGGCTCGCCGTCCTGGATGGCAGCGTCGACGGCCGCCGCCCCAACCGCCTGCTCACAGTCCATGCAGTAGTTGTCCGTAATGTTGCCGTGCAGCTCGATGACGGTGCTGGTCTCGGCGCGGTTGTGCAGGTCGTCGACATTTTGGGTCACGACGGCCATCGACGGCACGTGTGCCTCCAGGTCCGCCAGGGCGTGGTGGCCCGCGTTGGGCGCGGCGTCCTCCACCACCTCGCGCCGGTGCCGGTACCAGCCCTGCACCAACTCGGGGTTGTCGAGAAACGCCTCCACGTTCGCGAGCTCCTGCGGGTCGAACTCCTCCCAGAGCCCACCGGGGTCGCGGAAGGTCGGAATGCCGCTCTCGGCACTGATGCCCGCCCCCGTCAGCACGGCCACATGGCCGGCCTCGACGAGTCGGTCGACGAGCGTATCACTGAAGTCGGGCATGGGCGACGAAAGGGAGGGATGCAGAAAAGCAGCTTGCGGGGCCCTACACGAACAAAGCGTGGGGACCAGACAGAAACACCGGACCGGGCTTTCACGCAGAAGGGGGCGTGTCGTCCGTTGCCTGCGCGTCGTCCCGGCGCCGGGTGGCTTCGAGGGCGTCGAGCACGGCCTGCGCCTCGTCCAGCACGGACCGGCTCTCCGCCGGGGAGGGCTGGGCGTCGGCGAACTTGACGAGGTCGGCCTGTTCCAGCACGGCCTGGAGGCGCCGGATGGTTGCGTCTCGCACCTCGGGCCGGCGGCGGAGCGCCGCCACCACCTCGGCGGTCGTTTGCTCCAGGGCCCGGACGCCGACGCGTCGCACCAAGTAGACGCGCAGGGCCTCGGTGAGGTCCACGTAGAAGGCCTTGGCGGCCTCGTCTCCGGACGGATGGCGCCGTTCCAAACGCCGGAGCCGCGCCGACGCCGCCTCGTAGGGATGTTTGGATTCGGTCTCGTCGGGGG
