gap_id	start	end	length	sequence
CP035108.1_gap1	46644	49388	2744	TAATAAGCTCCGCTGTCGCCTGCTTTTTCTCCGCAAGGAGGTCAGCGAGTGCTTTTTCTTCCACTTTCTCAAAAAGGGCGGGATTAACGGCGTCCGTGTTCCATTCCTGCTTTTTCAATATGTTGTTGATACGTTTATACCCCTGTGAGATCACGCCGAACTCTGCGCTGTTTCTGTACTTGGCGAGAGCACGGGCAGCCTTTTCAAGGGTGATCACGTCAGAAGAAAGTCCTGATGCCGCATCGAAACATTCCCCGTCAACCCCTTCCGTGACGAGAAGCTGCTTAAGTCTCTGGAGGATGAACTCCTTAACTGCGGCTGCGGTTTTCTCCGCATCAAATTTGACTGCGCCCGCAAGGACAGAAAGGCTCTTCTCTATGAGACTGCCGAGGTCAAGTCTGTATCCCTTGGTTCTTATAATCTGTAAAATGCCTATTGTGCTGCGGCGCAGTGCGTAGGGGTCGTTGCTTCCGCTGGGAATGAGCCCCACAGCGAAGCAGCCGCACACGGTATCCAGCTTGTCCGCCATGGAAACAAATGAGCCTGCGGCGGTTTCCGGCAGCCTGTCTCCTGCGAAGCGAGGCAGATAATGCTCAAATATTGCCTTAACAACACTCTCCTCTTCCTTCTGGAGAGCGGCGTATTCTCTTCCCATTATACCCTGAAGCTCGGGGAACTCGTACACCATTTCACTGAGCAGGTCTGCCTTGCAGAGATAGGCGGCTCTGTCGGTGTTTGCTTTGGCGGTATTGTCCAGAGTTTCCGCAAGATACGCGGCAACGGTCCTGAAGCGCTCCATCTTGGCGTAGGATGTGCCAAGCTTTTCCTGATAAACAACCTTTCTAAGTTCTTCCGTCCTCTGAGAAAGGGGAACGTTTATGTCGTTCTCATAGAAGAACTTGGCATCCGTAAGTCTCGCCCTCAGAACCCTTGCGTACCCCTTGCGGATAAGCTCGGTGTTCTCCGGCTCAGTGTTTGATATGCCGATGAAGTAGTTAAGCAGTTTGCCGTTTTTATCGTTTACATAGAAGTATTTCTGATGGTTTTTCATGGAAGTGATAAGCACTTCGGGGGGAAGCTTGAGGAAGTCCTCTGAAAAGCTGCCGAGAACAGCCACCGGAGCCTCAACAAGATTGCTCACAGTGTCAAGAAGATCGGGATCCACATCCACACGGAAACCGTGTTTCTCCTCAAGGGCTTTTATCTGTATCATTATCTGTTCTTTGCGGCTCTCGGTGTTTACTGTCACACGGGCGTCCGCAAGGGTTTTCACATAGCTGTCATAGTCCTTAATCTCAAATCGGGAAGGACACATTATTCTGTGACCGTAGGTGAAGCGGTCTGCCTGAATGCCGTCAATCTCGAAAGGGAGAACCTCTCCGCCGAAGAGGGAGATAAACCAGTGAACAGGGCGGGCGAAACGGAAGTCTGTGCTGCCCCAGCGCATTGATTTCTGAAATGGTATTGACTTTATAATGCGGGGAACAAGATCCTTAAGCACCTCAGCGGTTTCAACGCCGACGGATTTTTTAACCCCTGAGATATATTCGCCTTTGTCTGTCTTGGTGCGTTTCAGGTCTTCGGGCTTGATTCCCTTGGAGGCGGCGAACCCCTGTCCGGCTTTGGTGAGATTTCCGTCAGCATCGTAAGCTATGGAAGCGGGAGGACCCATAATGAACTCCTCGGAGTCCGCCTGCTTTTCAGCTATGCCGGTCACATAAACATACATCCTGCGGGGCGTTCCGTCAGCCGTAACGCTGCCGAAGGCTATATTATTCTCTTTAAGCTGTTTTTCAAACTCGCCTCTAAGAAAATCACAGGACTTTCCTATAAACCCTGCGGGGATTTCCTCACTGCCTATTTCGAGAAAATAGTAAGACATTCTTCACCCTTTCCAGTACCGATTTATTTTAATATCCAATTTATCATTTTTCAGACAATCCAACCTTTATATAACTTAGGAAAGGGCTTTTCAAGCAAATAATCCGCTTTTTTTGGCGTATGTGAAGCTGTTTGAAGAATAAAACATGGAATGAGTGTTTTCAGGAAGAATTAATTTACGGGAAAGTATTTAAGCAGATTGACACGGAAGAGCAGGCGGGCTCACATCTGCCCTGCGGCAAAGGCAATGACAAAATCCGGAGATACGCGATTAATATTACAAATCTCCCCCCTGCCCCTCTTTAAGAAAGAGGGGTGTTTTGCCTTTGTATGCGGAGCGAAGACGAACGAAGTTCGGCGCGAGCGTGTACGCTGAGCGGACAGGATGTAACGCCGATATTGTCCACAAGCCCATGGACGGGCTTGCGCCGTGCGGAGCGGAGACGAACGAAGTTCGACGCGAGCGTGTACGCTGAGCGGACAGGATGTAACGCCGATATTGTCCACAAGCCCATGGACGGGCTTGCGCCGTGCGGAGCGAAGACGAACGAAGTTCGACGCGAGCGTGTACGCTGAGCGGGCAGGATGTAACGCCGATATTGTCCACAAGCCCATGGACGGGCTTGCGCCGTGCGGAGCGAAGACGAACGAAGTTCGGCGCGAGCGTGTACGCTGAGCGGACAGGATGTAACGCCGATATTGTCCACAAGCCCATGGACGGGCTTGCGCCGTGCGGAGCGAAGACGAACGAAGTTCGGCGCGAGCGTGTACGCTGAGCGGACAGGATGTAACGCCGATATTGTCCACAAGCCCATGGACGGGCTTGCGCCGTGCGGAGCGAAGACGAACGAAGTTCGGCGCGA
CP035108.1_gap2	98588	101880	3292	GCGAACAGGCTTTTCAGCGCTCCGGTGAGCATGTTTTCCGCCTTGGCGTGCGCCTCCACACTGCCTGCCCCCATAGCCATATTGCGGGCTTTTGTCACATTCTCCAGAGTGTCCTTCTCGTGGCTTGCGTATCCCTTCACCGTCTCCACCAGATTGGGAATGAGATCCCACCTTTTCTTGAGCTGGACGTCAATATCACTCCATGAAGCCTCGCTGAGGTTTCTGAGGGAAACAAGCTTATTATAATAGTAGATGAAAAGAGCTATAATGAGCGCCACAACGCCTACGAACACCAGTCCTGCCATACGATCCTCCACGGCTAAAACACCTATATAATTTCACGCAAAATAATTATAATCCTAAATTGAAGGCACTTCAACATCATTGATAATATTCTGAAATCATCACAGGTTCAGGTCAGCACAAAATTCTAGACATAGTATTATAATTGTGTTATACGAAATTGTATACAGTATACGATTGCCCATTTATAATTTCGCCGTGGAGAGTGTAATGCCACAAGTTTGCTACGGATTCTGGAAAAACGCCAAATTCGATAACAGAGGCAAACCCGCATCAGAGTGGAGCGAATCACCGTTCAAAACCTCTGAAGCATATGAAGGAAAGCCTCTGAAAGCCCTTGTTAACTGGGACGGGTTCCTTGTTTTTGATGAAACAGCAGATATTCTTGCCATTCTTGCTAACTATATGAACGAGATAAGCTCGCAGGGCTGTTGCGGACGATGTTTCCCCGGCAGGGTGGGCACAAGACTGCTTGCCGAACAGCTGATGAAGATCCGCTCCGGCTGCACAGACAAGTTCGAGCTGGACAAGGCTTACGAAATTGCGCAGTCTATCCACCTTTCCGCAAAATGCACTGTAGCACCAACGGCTTCTATCCCCGTTATGCGTTTCATAGAAAACTTCGCAGATCAGGTTAAGGCAAGTGTTGTCCCCGCCGAAACAGCGTATTATAAACACATAACCGCACCCTGCACCGCAGGCTGCCCCGCTAATGTTCAGATTCCCGAATTTATCGAGCAGATAAAAGATCACCGTTTCCTTGACGCGCTCTCCATAATACGTGAGACAATGCCCCTCGCCGGAGTATGCGGAAGGGTCTGCCCTCATCCCTGTGAGCTTAACTGCCGCAGAGGGCTTGTGGATAAAGACCCCGTGAGCATAATGGTGCTTAAACGCGCTCCGTGGGATTACGAATATTATCAGGAAAAAGCGCCTATTCTTCCCCCTAAGGCTCCCGCCAAGGACAAGAAGATCGGCATAGTCGGCGCGGGTCCCGCGGGGCTCACGGCGGCTTATTACCTCGCCCTAATGGGGTACGAGTGCAAAATATACGAATGGATGCAGGAACCGGGCGGAATGGTTGCCCTCGGAATCCCCGATTACAGAGAGCCCAGACACCTTCTCCGCAGAGAGGTTGACATTATAAAATCCCTAGGTGTTGAGATAGAATACGGGCGAAAGCTCGGTGATGACCTCAGCCTTCAGTATCTTAAGAAGAATTACGACGCGGTTCTGCTCACCATCGGCGCATGGAAAAGCAGAGACATGGGAATAGAGGGCGAAAAGGAAGGCTTCACAGGCATCCACGAATCGGGCATACTTTTCCTTCGTGAACAGGCAACAGGCAAGGATACGGGCGTTAAGGGCAAGAAGATTGTGGTTGTCGGCGGCGGAAACACCGCTATAGACTGCGTGCGTGTTGCCCTGCGTGAAGGCGCCGCGGATGTAAACCTTGTTTACCGACGCTCCAGAGACGAAATGCCCGCTGAAGACTACGAAATAGTTGACGCCATGGAGGAGGGAATTAACTTCCACTTCCTCTGCAACCCCACAAAAATAATCGCTGAAGACAATGTGGTCACAGGCGTTGAGTGTGTGCGCATGGAGCTCGGAGAACCCGATGAATCCGGCAGACGCAGACCCCAGCCAGTCAAGGACTCCGAATTTATAATAGACTGCGATGTGATAATCCCCGCCATAGGTCAGTTCACAGACCTCACCTTCCTCAAAGAGGAGGACGGACTTGAGGTGACAAAGTGGAGCACCTTCAAAGTTGCGGACGACCTTTACGTAACCAGCGATCCGCAGATTTTCTCCGCAGGGGACTGCGAGTGGGGACCCATGACCGTGGTCAAGGCAATAGGCGCGGCACGCTGGTCAAGCATCATGATCGACCGCTACCTCACCGAAGGCAAGCCCTATCTTAAGCCGGAGGAGATACTCCAGCTTGATCTCCAGAAGAACAAAGTCTTCGACAAAAAGGAAGACGTGAAGGAACAGGAATGCCCCACTATCAAGCGTGTGCATCAGCATAAGCTCACAGGTGAGGAAAGAAAAAGCAACTACGAAGAGGTTGAAAAACCCTATACCGATAAACAGGCATACGACGAGGCGACCCGCTGTCTGAGATGCGTGCGCATGGCTATGGTAGCCCTTGAAAATAAAGGGGAAGGGGAGTAACCGATGGCAGAAATAATCATAAACGGAAATACATACAGCTTTGAAAAAGGCGAATCAGTTCTTGACGTCGCTAACAGGAACGGTGTGCACATACCCACCCTCTGCTACCTCAAGGAAATTACCCCGATCGGAGCGTGCAGGCTCTGCCTTGTTCAGGTGGACGGAGCGAAAAGGCTTCAGGCGGCATGCGTAACCTACGCCATGGACGGAATGAAAGTTGAGACCGACAATGAATACATCTGGACTCACAGAAAGCAGATGCTCGACTTCATCCTGATCAAGCACCCCCTTGACTGCCCCGTGTGCGACAAGGCGGGCGAGTGCATGCTTCAGGATACGGCATACGAATTCGGAATGATGACCGAGAAGGTCTCATCCGAAAAGCCGAAGGATCCTAAAGCGCACTGGAATAAGATTGTTTATAACTCGAACCTCTGCGTTCTCTGCGAGAGATGTATAAAATCCTGCCACGAAATGACAGGATGCAGTGCATTGAAAATGGAGGACAGAGGCTTCTATAACCATGTGGTTCCCGCTAAAGGCGATACTCTCAACTGTGATTTCTGCGGAACCTGTATTGACCGCTGTCCGGTGGGCGCACTGCTCGATACTCAGTTCCACAATCAGGCACGGGTGTGGGATCTCAGTGAAACCGTAACCGCCTCCCCTTTCTCCGCAAGCGAAAGCGATGTTGTGTACGGAGTGCTGGACGGCAAAATCGAAAGAGGCAAATCCGTTGAGGGAGCCCAGATCTCAAGCCAGAGCCGCTTCGGCTTCAACTACATAGAAAATCCCTCAAGGGTGAAAA
CP035108.1_gap3	104107	105920	1813	GCCGCCAATATCGAAAAAAAGGCGAAGACAATAGCCAGCGACTATATAACCAGCATCCCTTTCCTCATAGACAGCTCGCTGGACAACTACATGATGATGGAGAACAAGGGCGCCATAAAAGAGCTTATCCTCAACCTTCAGAAAGACGCCAATATCCTCGGAATCCACATCCTTAACAGGAACGGACAGATCTCGTGCATTTTGCAGGATCTCAGCAAATATTACAGCAAGGACTACCTTGATCTGATAAGGCACAACTTCAACAGCACAGAAGGCTTCACAGAACTGACGTACGCAGGCAAAAAATACCTCTCTTTCAATAAACCACTGCTGAATGAGGAGAAATGCCAGTCCTGCCACAACCCCTCCGAAGGAGCCGTAATAGACACGCTGAACATAAACATAGACCTCTCCCGTCTTAAGGAGCTTCTGAGCCGTGAGGTGTTTGAGGTGCGTCTGTTCCTGTACACTGCGGATATTCTGCTGTTCATAGTGCTTTTCTTCCTGATCTACATTCTGGTGATCCGCCCTGTGCGCATACTTGAGAACGGCATGCAGGCTGTTGCGGGCAACAATCTGGACATAAGAACGCAGATCACCTCCAACGATGAGTTCGGACGTATGTCGATCCTCTTCAACTACATGGTGTACTCGCTGCGCAAGGCGTTCAGCACCATAAGCTCCATGCACAAAAACATGCTCCACAACGACAGACTGATGACTATGGGAACACTCACCGCCTCCATAAGCCATGAGATAAAAAACCCCCTGAACTCCATAATGATCAACGCCGACATAATGACGATGAAACACCCCGAAACCAAGGCTTACACCGAGAAAATTCTCAAGGATGCCGAACGCATAAGAGACATAATAGACCAGACCCTGAAATTCTCCCGGGTGGGGAACGACAAGCTGGAGTGCATAGACGTTGCCGAATTCATAGGGCGTATAGCGCTGTATGTTGAGCGCACGCTGCTGAAATGGGCCGATGTTCCGTTTGAGACCGTCACGGATAAAAATCTCGGCTGCATAAAGGCCACCCCAGTGCATATAGAGCAGATATTCATCAACATACTCCGCAACGCAGTGGAAGCTGTGGAACACAAGCCCGGGGGCAAGGTCACCCTCACAGCCAAGCTTGACGGTGAGTTTGTAGAGTTCGACTTCATAGACAACGGTGAGGGTATACCCCCGGAAGCCAAGCAGCATCTATTCACCGAGTATTTCACCACCAAGCACAACGGAACAGGCTTGGGGCTCACCATCGTGAAGCAGCTCATTGAAAACTACGGCGGAACCATATCCTTTGAATCGGTGCAGGGGCAGGGAACAATATTCCGTGTCCGCTTCCCCGTTGTGTCGGAATGCGAATGCGCCGCCGATCTGGAAAATGAAAAGAAAGCCTGATCAAAACATATAATTTGCCTGCACTACCGATATTTGCTATAAATGCAGATGGACTGCGCACTTGAACTCAAAACCCTTTTAAGCCGGTCAGAGAGAACGGTTTTCTTTTCCGGAGCAGGTATAAGCACGGAAAGCGGAATACCTGATTACCGCACGCCGGGAAAAGGGCTCTGGGCTAATCTCGCGTCCGAAGACTATCTCAACATAGACTCCTTCACCGCTAATCCCGAAAAATTTTACACACTCTTTGCGCCGCTGTTTGATGTATTTAAAAACGCGCTCCCCAACAATGCCCATGCCTTCATCGCTAAGCGGGAGGCAGAGGGAAAAACTATAAGCGTTATCACCCAGAACATAGACGGACTCCACCAAAAAGCGGGCTCAAACAAGGTGCATGAGCTGC
CP035108.1_gap4	108491	111218	2727	CGCCTCAAACAATTTCGTTGCCGTGCTCTGGACTGAGAAGGAACAGATTTTCGCCGCAGTTGCGGATATATCAACCGGACAGATTTTTCTTGAGAAATGCACTCCCGCAAATATTAACGATATAACAGGCAGGTGGAAGCCTGCCGAAGTGATAAGCCATAAGGAGATAGAAGGTCTGAACCGCCCCGTCTCCGTCATTGACGCATCGTTCGGAACAGACACCGCAAGGCGCAGAGTGCTTGAGCATTACAGCGCCGCCAGCGAGAAATCCCTCGGAATAGACGGCGAAGGCTACCTCAAAGCCATTGCCCTGCTCCTCACATATACCAAAAACCTGATGCTGGATGTTAAGCTGAAATATCCGGTCACGCTTGCGCCGGAGAACAGGCTTCACCTTGACTCCATAGCGGTGAAAACTCTGGAGCTTGTGGAAAACTCGCAGGACGGAAGCGAGCGGAATACCCTCTTCTCCGTGCTGAACTTCTGCCGCACTTCAATGGGCGCAAGGCTCCTGAAGAACTGGCTCCGCTATCCCCTGCGCAGTAAGGAGAGCATTCTCCGCCGCCTTGAGATTGTCGAATACCTCTCCACCCAAAGCGAGCTGCGGGGGGCTCTGTTTGATGCTCTCTCCACAGTGTACGATATGGAGCGCATAACAGCCCGCCTCCTCGCAGGAAGATGCAGCCCCAGAGATCTCGTGTGGCTGAAAAGCTCAGTGGTATCCTTCCCGAAGATAAAGGAGATGCTTCTCTCCGCCGCTAACCCGCACCTCAGCGAAACAGGGGAGACCTTCAACGCTCTTGAGGGCATATACAGCGTAATAGATGCCGCCATAGTCGATGAACCGCCCCTGAACATAAAGGAAGGCGGCATAATCCGTGAAGGATACGACAAGAACGTGGACGAGCTCAAAGCCCTCCGCAAGGACAGCCGGACACACCTTCTGCGCATAGAGACCGAAGAGAAGAAAAAGACAGGCATAAGCACTCTTAAAGTGAAATACAACAAAGTGTTCGGCTACTACATCGAGATCTCCAAATCGAACCTTGACCGTGTGCCGGAATACTATGACCGCAAGCAGACGCTGGTAAACGCGGAACGCTTCACCATCCCCGAGCTTAAGGAGCTTGAGACAAAGCTGGTGTACGCAGAAGAGCGTCTGGGCGAGCTGGAATACGCTCTCTTTACGCAGGTGCGGGACACTCTGGCGAATTACAGCGAGATGATAAGAGCCTCAGCGGAAACCGTATCCGAGATAGACTGCCTCTCCTCCCTTGCTGAAGCGGCGGTGAGAAACAGATACACCCGTCCGCAGATAGGCGCATTTGAGGAGATGGACATAAGAGAGGGGCGCCACCCCGTGGTGGAGAAGAACATCACGGATAACTATGTGCCCAATGATCTCTACCTCAACTCAGATGATTCACGCATGGCTGTGATCACAGGTCCCAACATGGCGGGCAAGAGCACATATCTCCGCATGACTGCCCTTGTGGCGCTCATGGCTCATACCGGTTCCTTCGTTCCCGCCGCCGAGGCGAAGATTCCCCTCCTTGACAGGATATTCACCCGTGTGGGCGCCAGCGACAATCTGGCTGGCGGCGAATCCACCTTCATGGTGGAGATGACGGAAACTGCCAACATTCTCCATAATGCTACGGATAAATCACTGATCATTCTTGATGAAATAGGCAGAGGAACATCCACTTTTGACGGGATCTCCATAGCGTGGTCAGTCGCCGAATACATACTTGAAAGGCTTAAGGCTAAAACCTTATTCGCCACACACTACCACGAACTCACAGACATACCCTCATCCATACGGGGCGCCGTGAACCTCACAACCGAGGTGCGGGAATGGAACGATGAAGTGATATTCATGCGCAGGGTAATCAGAGGCACGGCGGACAGAAGCTACGGAATACATGTCGCCAAGCTTGCGGGACTGCCTGATTATGTGATAAACCGTGGTTACGAAGTACTCTCCAAGCTGGAGAAAAACGAGTTCGGCACTGACGGAACGCCGAAACTGTCCCAGAGTAAGATAAGACAGGAAAAAGTAGTTCAGCAGATGCTTATATTTGAGGACAGCCCCGCGCTGGACGAATTAAGAAGCATGGATATAAACAATATGACTCCTGTTGAGGCGCTGAACACCCTTGCCAGACTGAAAAAGATCTCGGAGAAATAATGCGGAGCCTCTTTCTGTATTTTGCCCGCAATCCGCTGTTTGCGCTTGCTTTTATATTCTCACGCCTCCCCTTCTGGGCGCTCCTTATCTCTTTCTCCTTCGGCTACATCGATGCTCCGGGCACTGTTTTCACAGCTGTTCTTGTTTTTTTTTCAAGAGGTTATGTAGAGCAGGAGATCTCCTTCGGGCACCCTGTCTCCCGCTTTTTCTCAACGGCGCTTATCAAGCCGCTGCTGATAATCACAGGAATCTTCCTCTTCGTTGCTGCATATCCTTTCCTGCTGTATTTTCTCGCCTCGGAGGATATTTATATACAGACAGGCTTTATCATTCTGCTGATACTCGCAGCCTACCTGCTCCTTTTCGCGGGGCGGGAAACCTTCGGGCTGAACACCTTCGGCGTGCGGGGACTGAGAAAACCCTCGGGGAGCCTGTCTGTCAGACTGCTTATAACCTTTTTCTGGGTGTATATATTAGCAGGGAACGATCACCTCTGGCTCATCATCCCCGCTCTTCTCACAGTCTTCATCCTTGAA
CP035108.1_gap5	223621	225303	1682	GACAGTTTCTCTGATGTTTATTTTCGGCAGTCTGGCGGTCGCGGTAATCTATCTCCTCCAGAAAAAGCTTGAAAAGGCTGATTCCACGCTGGCTCAGAAGGTTGAGGAGCTTAATGTTGAAATCAAGAGAAGAGAGGAGAGCGAAGCCGCGGTAACGAAGCAGACGAGGCTGAACAACATGACGGAGATTCTTCGTTCCATAGCGCACCACTGGCGCCAGCCGATGAACTCGTTCTGCGCCACGGTTCAGCATCTTCAGGATTCATACCCGCTGAACAGGGAAGACAATGAACTGGTTGAGGAAACTCTGGCTTCGGTTGTGGCTCTTTCCGGAACGATAGACAACTTCACTAAGGTTTTCGCGCGGACAGAGCAGTCCGCAGTATTTGACCTCTGCGAGGCACTGGTGGACATCGCGAGGATTTATGAGCCTTATTTCAAGGAGAATAATATCCGTATGACGATAAAACGTGGGCTGGATACTGTGCCTGCCGAGAGCCTGAGCCTTGCGGGACCCGTGTACGAGTGCGGAATCTTTGCGGAGTGCAGTTTCGGCTGTCTGGACGGAAAGGCAATGCGCATAAAAGGAGATCTCGGGGAGTTCCGTCATCTGATTTCGTTTTTCATTACCAACGCCATCGAGTCGGTTCAGGAGAGAAAGCTTCGTGAAAAGAAGATTTTATCTCATGTGGATATTGAATATTTCCGCTCGGAGGGGTATTACTGTATAAGAATTGCCGACAACGGAACAGGCATAAGTAATGAAAACTTCGGCAGGCTTTTTGAACCCTATTTTTCAACCAAAGGGTGCGGATCCGGCAGAGGTTTGGGGCTGTACATGGCTTCCGATATAGCGGACAAATGCTTCGGCGGCTCGGTGCATGCCGAAAAGGTTTCCGACGGGGCTTCATTTATTATACAACTTCGGGGCTGAGAAGAGCTTGCACTCCGCCCCGCAGACGGGCGGTTTTATGGTTAAGTCCATCAGAAGTATAAGGAAAAACACAGCTATACTCCTTGCGTCGGTTCTGGCATTCTTTGCGCTTGTTTTTTCCTCTCTGCTTTATTTTGAACAGAGAAGTGTTCTTGAAACGAAGGTAACCGAAGCCGATAAAAAGATGGTAATGCTTTTCGAGAACCACCTGAAAAGGCTGGCAAGGGTTTATCTTACCCGTTTGTCCGAAATTTCCGATTCCGAAGAGTTCACTGCCGCCCTTGCCGCTGAGGACAGGGAAAAGGTCATCAGAATACTCACTCCCAAATACGAAGCGCTGAAAAGAAATAATCCCTATCTCAATATTATGCACGTTCATACGCAGGATTCCCGTTCATTCGTGAGAATGCACATGCCGGATAAATATGGTGACAGCCTGAGCGCCTACCGTGATTCAGTGAGCGAGGTGAACTCCGGTCTCCATCCGGTTTACGGTTTTGAAGTCGGTGCGGGGGGGCTGTATTACCGTGTGATACGTCCGGTGATAGACAGCAAAGGCAGGCATCTGGGCAGTATAGAGGTGGGCATAGAGCCTCAGTATTTTTATGAAACAGTCAGAGAGTTCATGCCGGAGCTCATTCCGTATATAAGTGTCGCCAAAAGCAGCCTCAGCCCCACTGACGCAGGAGCCGAAGGAAGGATATACCATTCCGGCGGGGAAAATGCCCTTCTTATCGAGGAATATGCC
CP035108.1_gap6	228796	231828	3032	TAAAAGGAAACACCGATGCCAAGACAAACTTCGGGTTTCTCTGCGTTAAGGGTTTTCTCGCTTTTAAATGTATGTACCACAAGGACAGGCTGAAAATGCCCCTTGTCCGCCAGAAGGACGGCAAATTCAAAGAGACTTCATGGAACGAGGCGCTTGATCTCGTGGCAAATAAATTCAAATACCTCCGTGACAAATACGGCAAGGACGCTGTGGCTTACTACGGCAGCGGTCAGTGCACCACGGAAGAAACATACACATTCAACAAACTCTGGAAAGGCGGCTTCCGCAGCAACATGGTGGAAGGAAACCCCAGACTCTGCATGGCGTCCGCTGTTGCGGGATATGTCTCAACCTTCGGTTCAGATGAGCCCATGGGCAGCTATTCAGACATAGAAAGCTCAAAATGTATCTTCATCACCGGTTCAAACATGAGCGAATGCCACCCTGTAATCTACAGAAGGGTAATGCGCCATAAAATGAAAAACCCCGATGTGAAGATAATCGTCTGCGAACCCAGAAGAACCAGCACATCAAAAATAGCCGATCTCTGGCTTCCGAATGACCCGGGCACAGACCTTGCTGTTTTCCACGCTATGGCGAATGTTATCATCACCAAAAACCTGCACGACAGGGACTTCATCGCCAAACACGCCCGCATCACTACAGGCAAGGATGTTGTGGATTTTGAGGAGTATAAAAAATTTCTCGCGCAGTTCACCCCCGAGGCGGTGGAAAAGCTCACCAGATGTCCGGCAGACCATATAGTGAAGGCTGCGGAATGGTTCGCCACAAGCGGCGCTACCATGTCCATGTGGTGTATGGGTCTTAACCAGCGTAAAAGAGGGATGTGGGCAAACAACCTTGTGCATAACCTTCACATCATCACGGGGAATATGGGCAAGCCCGGGGCGGATTCCTTCTCGCTTACAGGTCAGCCCAATGCCTGCGGCGGCGTGCGTGAAACAGGCGCCCTCTCCCACCTTCTGCCCGGTACTAAGCCGGTGGCAAATGATAAATGGCGTGCCCATGTGGAAAAAGCTTGGGACATTCCGGCAGGTACAATAGACCCCAAGCCCGGGTTCCACACCATGCTGATGTTTGAAAAACTCGGCGCTGAGAGCGATGCTGAGAAACCTGTAAAAGGCATGCTGGTCAGCACCACCAACCCAGCTCAGTCTCTGCCCAATCTCAATAAATATATCAGGGGTATGCAGGACAGCTTTTTGGTGGTTCTGGATATTTTCCCCACGAGAACAACCCAGCTCGCGGATGTGATACTTCCTGCCGCTTTCCTCTATGAAAAAGGCGGCGTATTCGGCTGCTCCGAACGCAGAAGCCAGCTTACGGAAAAAGCCGTGGAACCCATAGGGCAGGCTAAGCCCGACCTGTGGATAGTCGCGCAGATAGCCAAAAGAATGGGCTTTGAAAAGCTCATTCCATGGAACGGCAATGATTCCATGAAGGCAAACGAGCAGGCATGGACAGATTATATAACAGTGACAAAGGATACCGAACACACTCTCTGGGGCGCCACATACGACAGACTGAAAAAAGAGAAGGCGGGTCTCCAGTGGCCCTGCCCGTCCGTGGAGCACCCGGGAACGGAGAGACGCTATGTCAGAGGGCTTGACCCGATGTTTGAGCATCCGGCGGAAAAAGGCAATATTCCCGACAGCGCTCAGGTCTACTTTTATGCGGATGCGAAGAAGGAGGGCAAGCTGAATCTTTTCCTCCGCCCCTATGAAGGTCCCGGTGAAATGCCCGACAAGGATTTTCCCTTCTTCCTCACTACAGGAAGAGTCGTGGAGCAGTGGCACACGGGAACCATGACAATGCGTATTCCCGAAATAGCGAGAACTCACCCGAACGCATATATAGAACTGCATCCGGATGATGCAAAACAGCTCGGTATAACCGCAGGGGACATGGTGGAGATCGTGAGCAGAAGGGGCAGAAGTTCTATGCCCGCAAGAATAACAAAAGGGACTCTCCCGGGTGTTGCCTTTGTTCCTTGGCATGATCAGGCAATGGCAAGAATGATTAACTTTGTGTGCAATGACGTGGTTGACCCCGACTCAAAGGAACCTGAGTACAAGGTAGCCGCTGTGCGCATTAACAAAATAAGCGGACCGAAAGACGTTGCCGACAAATACATAATCAGTGACGTAAACGCTCCTTTCGCTTAAACCTCCATCTCTTCGGATCCGCCTCTTCGACCTGAGGCGGATCCTGCCTTGTAAGGAGAATTTATTATGATATTCACAGGCAGCATCATCAATTTTGAAGACGGAAAAAAGGAAGCGGCGCTTGAAGTGCTTAAAACCTGTCCGCAGATAGAAGTTCACACCTTTTCGGAGGATGGGCGCAGCGCCGTGGTCTCCATAGAGACCGAAGACAGCAAAGAGCTGGAAGCTATCACGGACAGGCTGAAAAAAGAAAGCAGCATAAAAGATATAGCTCACCATTACATGTACTTCGGAGAGGAGACGGAAAAGCTTCTTTCAGAGAGTGCGCAGTCCCCTGAGCTCGGTGAATTTTTTAAAAGCGCGAGGACAAAAAACGGCAAAGCTGTATGAGTCTTCGTGAAAAGGTAAAAAACTACCTCAGCAAAAACCCGTTCAAGGGTTACTTCAAACGAAACAGACTCCGTCCGCCCGGCGCGGTGACGGAAGAGAGGTTCATGGAGCTCTGCATCCGCTGTGCGAGGTGTATCGAGGTCTGTCCTTACGAATCCGTTAAAAGAGCGGATCTCTTCGACAGGCTCCAGATCGGAACCCCGTACATATACGCTGATGAGAGGGCATGCTATCTCTGCATGCTCTGCCCCTCCGTGTGCCCCACTGGAGCCCTTGATCCCAAGCTTAAGGAGCCTGAAAAGGTGCGCATGGGTCTTGCCTACATAGAGCAGGACAAGTGCCTGAACTACCTCTACGTAAAGGACGAAAACGCAGGCGGAACCCAAGGGTTCGCCACCATCTGCTCCACATGTTACAACACCTGCCCCTACACGGATGAGGCGATCAGGATGGAGC
CP035108.1_gap7	251257	252913	1656	TTGACAACGCAAACCCGAACATTGTGTCGGGTTTGCGTACACGCCTAAGTGCATAAAAAATGAAAGCCCGCAGTCGTTTTCAGGCTGCGGGCTTTTCGTTATTTTTCAAAGCTGATTTATTTTATACATTCCAGAATGTCGTACCCTGATCGTCAATTATCCCGAAGAGCGCTCTTTCCTCCGCAATAGTGAGCCCCGTCCGTTCGATGCAGCAGCTTTTTGAAACCACCTGCTCCTCTATAAACAGGGGGACGCTCATGTGAAGCGCCAGCGCAACTCCGTCGGACGGACGGCAGTCCACTGTTTTGGACTCGCCCTCCGTGTGAATGTTGAGTTTTGCGGTGAAAACGCCTTTTTCGACATTGTCTATTATCACGTTTTCCACATAAACTCCGTCCAGAACACCGAGTATTCCGCCGATGAACTGATGAGTCATGGGTCTGGGGCTGGGTATTCTGTTCAGTTCCTGATATATGGCTTCCGCTTCAAAGGTTCCGATTGTTATAGGAATGAGGTATTGACCGCATATTGTCTCGATCATCATCACATAGCGCGATGTTATCGGTTCCTTTATTACGCATTTAACTCCCGCTTCAAACATAAAGCGCTGACCTCCGGAATCTGCATGTGGCTGACAATTTAAAAATACACGCATACATTCAAACTTCAATAGGAAATGATCTTCAGGCTCAAGCCCGATCAGATAAACCGGAAAAGGCGGAACGCTTCACGGAGCCTTCCGCCTCATTTTATCAGTTGGCTGATAATTTATTGATTATGTTTTTAAGATCCTTTTCGGGAATGGAGCCTACAATTATATCAACCATCTTTCCGTCCGGAGCATAAATTATGCTGGTGGGGATAGTGCTTATGCCGAACTCCATGCTGAGGGACTGATCCGCCATGTAAACAGGGTAGTTTACGCCGAATTCGCTGATGTATTTGGCTATGTCTTTTTTATCAGCGTCTGTGGAGAGGGCAACGATTGAGAAGCGCTCCTTCTCCTCACCGTAGACTTTTACGAAGTCGGGTGTTTCTCCTCTGCACGGCGGACACCATGAGGCGAAGAAGTTTACCAGAAGCACCTTGCCCTGATGCTCCTCTTTAATACGCGCCATAGCGCCTGATTTAAGAGTTTCGATGGAATCCCCGGAGAGGGACACGTCAGCGTCTCCCGTGTCCTGCCTGCTGCATGCGGCAAATACCAGTAAAAGCGCCGCGAAAAGCAATACTTTGATTTTCATTAATTCTGCTCCCTTTGTGCCCCGAGGGGTCAAAGTTTAATAATATTCAAATAATACGATTTTTCAACTTCAAAAACGTTCACGGAATATACTTTTTAATTTCGTCCGCGAAGTTTCTCTGCTGTATCCCCAGTTCCGTGAATGCGAAAGTTTCGGCGCATGTGTTGCCCTCCTTAAGCATGATGAACTGATCCCTTGTCACGGGAAAGAACGTGAACCCGCCGAAAAGTGATATGGCGAGGCTGATAACAGCCTCAGGCACAGGAAGGAGGATTATTTTTTTGTCCATGGCTTTTGAGATCTCATAAAGAAGCTCTTTGTATGTGTAGACCCTGTTTCCGCAGAGCGGGTAGGTTTTGCCGATCGCCGTGTCCCTGAATACCGCCTCCGTGAACGCGTCCGCAGTTTCGTA
CP035108.1_gap8	255009	257865	2856	GCGTATTATTTCGTGTTCCCCTTCGGCTTCGCGTTTTTCCTTAAATACGCTCAGGGGTACGTGATAGCGAATCTTTCCATAGAGTGGTATCTGAGCTTTGTAACCAAGATGGTTCTCGGGTTCGGTATAGTTTTCGAGCTGCCTGTATTCACCTTTTTCCTTGCGAAGATGGGTATAATCACGGCAGAAATGATGCGCAAATACAGGAGATACGCTGTTCTCGGCATATTCATTGTGGCTGCGGTCATGACCCCGCCGGATGTTTTTTCACAGCTCATGATGGCAGGTCCTCTTCTGGTTCTGTACGAGCTGAGCATATTCATTGCGGTCATTTTCGGGCGCAAGAGAGAGATAACGGAAGACGAGATATATGAATAATACAGTTAAAGACAGGTTCGGAAGGGAGATACGCTATCTGCGCATCTCCGTTACGGACAGATGTAATTTCCGGTGCAAGTACTGTATGCCCAGCGGCGAATTCAAGCACCTTGAGCATTCGAGCATTCTGCGCTTTGAGGATATGCTTTTCGCCACGGAGGTTTTCGCCTCTCTCGGAGTGCATAAGGTGCGTGTCACAGGCGGCGAGCCTCTGGTTCGCAGGGGCGTGACCGATTTTCTGCGGGAGCTGAATAAAATCGACGGTATAGACGAGGTGACCCTAACTACGAACGGCGCTCTTCTCGGCAAATACGCCGAAGATATAGCCGCCGCAGGGGTAAAGCGCATCAATGTGAGTCTTGATTCCCTCAAGGCGGAAAAATACAGGGAAATCACCGGAGGCTTCGATATTCAGAAGCTTCTGGAGAGCATCTTCATAGCGAAAAAGGCAGGGCTGCGTCCTGTGAAGACAAACAGTGTCCTCATCAGAGGCTTTAACGACTGCGAAATATACGACTTCTGCGAGTTCGCCGCCCGCGCGGACATAGTGGTCAGGTTCATAGAGTTCATGCCCATAGGAAACTCCTGTGAGTGGAAAAAAGAGAACATAATGTACGGTTCGGAGATCATTGATCTCATTTCCAAAAGATACAGAATCGCTCCTATTGAGAAAGAGAAGACCGCCGGACCCGCCAAGAATTATAAGCTCTCCAACGGAGCCACCATAGGAATCATCACTCCTATCTCAAACCATTTCTGCTCCGAATGCGACAAGCTGAGGCTCACAGCGGACGGGAAAATCCGCCCATGCCTCCTTACGGATCAGGAAACGGATATAGTGGACGCAGTGAGAAGCAGGGACAGTGACGCTCTCAAGGCTGCTATTATGGACGCTCTGGGCAAGAAGGACGAGGAGCACCACATCGTGACGGACAACAGAAATGAAAGATTCAAACGCACCATGTCAAAAATCGGCGGATAAGCTGAATATCGCCTTCGGAGAGAAAACTCTTGAGATAGAAACGGGCTTTCCCGTTGATGTTCTCGGAGCGTTCGCAGATTATGCGCCCCTTTCCGATTACGGGATACAGGAGGCGCTGGATCAGTGCGTCTATTCCGAGTCTTACTCTGCCTGTGCGGAACGTGCGGAAAAGATACTGTTCATACTTCCCGACATTACCCGCAAAAGCGGCATGGAGCGTTTTTTCCCATCCATGCTCGCAGAAGCGGAGAAGCACGGAAAAGAGGTGAGCATAATCTTTGCCGTGGGAACTCACAGGGCGGTGACGGAGGATGAGAAGAAGAGGATTCTCGGCGGGGAAATCTATTCAAAATATAAGGACAGGCTTTTTGATCACGACTGCGAAAATCTGGAAGCCCACGCCTTCTACGGTATCACAAAATCAAAAACACCCATTTTTATCAATAAAATATATCTTGAGCACGACTTAATAGTTCCCATAGGCTCCGTGAGTCATCACTACTTCGCCGGTTACGGCGGCGGGCGGAAACTTATCTTCCCCGGAATAGCAGCGAAAAAATCCATACTGCGCAACCATATGCTTGCTCTGGACGTCTCCGGCGGCGGAAGGCATCCTCTCGCGAAGGCGGGGGAACTGAACCATAACCCCGTTCACCGTGACATAGTGGACGCGCTCATGATAAGCCGTTCGGGAAGAAACTTCTTCTCCGTGAACACTGTCCTTGATGAACAGGGAAGGATTCTGGATATGGTCTGCGGCGATTTGTTCATGGCGCATCATAAGGCTTGCGAGATTCTGGACAGCAGATTCCGAATCACTCTTGATAAAAAGTACAAATCCCTCATTGTTTCCTGCGGAGGATTTCCCAAGGACATCAACATGGTTCAGGCGCAGAAGTCGCTGGACAGGGCTGCTTCCGCTGCCGAGGAAGGGGCGGACATATTCCTTTTCGCTGAATGCGCCGACGGCTACGGAAACTCATATTTCCGTGATTTTTTCGATCTGCCGTCCTCAAAGGCTATGCTGGAAAGCCTCCTTGCGGATTACCAGATAAACAGGCAGACCGCTTTTAACCTGAGAACTCTTACGGAACGCTTCAATGTCCGTCTTTACGGCAGCCTCAGTGAAGAGGACTGCGCGCGTATGGGCTTTCAGAAGCTCAATGCTCCCGAAGACATGCTCCGTCTGCTCAAGCCGGAGACAGCTTTTATTCCCTCCGCCTACTCTTTTCTTTTCGGCTGATATTCCCCTGCTTGGTCAAAAATTTGTGTATTCGTGCGGTTTCCCTTTCTTTTTCGGGCAAAACTGCTGATTATATTACAGCAGAGCTATGTCTGTCTTTATTTCGGTGGAAAACCACCGGGTCATGAAATATAATTAATAACGGAAAGCTTTCTTTCCGCGCAGTTTCTGCTGGAGTTTTTTATGAAAAAATCCCTGATTGCGGCAATTGCCGTTCTTTTTATTAGCCTTAGCGCTTATGCTGCAAACCCTA
CP035108.1_gap9	307294	309343	2049	TGACGAGGAGACCAACAAAAAGATGCGTCTCCACAAGGACGCATTCGCCAAGTCAGTGGAGACAGTGCAGCGCCTCAGTAAAATCAAGGGTGTGGTGCTGAGGCTTCAGTTCACTATCTATAAAGAAAACTATCATCTCATTGAGTGGGTATACGGCTTCGCGAAAAAACTTGGTGTGGGGCTTTATATCGGTTACGGGCGCTACAATCCCGAACGCTACCGCAACGCCACGGATAACCTCACCAAGGAGGATCTCAGCCGTGAAAGCTTCATCTGGACTGATGAAGAGCTGGCTGAGATCGACCGCCAGCTTGTGGCAATAGGCTACGACACTGGGCGTTACGCCAGCAAATATTTCCTCCAGAAGGCATTTTTTGAGGGCAAAAAGGTGGAGTTCAACTGCTATATGGGTTCCAGAAATATCGACATAGATCCTTACGGAAACATTTACCCCTGTCTGCTCTGGCTGAAGAAACTTCATATGGGCAATCTCCGGGAGGCGGGCTCGATGGATGCGCTGCTTGAATCTTCAAAAGCTTTGGAGGTTCTGCATCTTATCAGAAACAAGGCCTGCCATTCAGACTGTTTATACACCTGCGCCAATAAAATGGAAGTGACCAAACCGCATATTCCCGCTGTGGGTATGATCAAATACTCGGGCAAATTCGGCTACATATTCAGCGAAAAGGATGTTCTCCCAATACGTCCGTGGTGGTACAGCGAATATGAGGAAAAGGGGATAATATGATCTGGTTTGACCTCATAACTCCGAAAAGCGTTCTCTTCTTCAAGCCTATCATCGACAGCATAAAGGCAAAGGGCAGGAATGTGCTGATTACCACCCGTCAGGGAGAGGGCTATTCCGAGATTGTGGATCTCCTTAAGCTTTATAAAATGGACTATGTTGACAGAGGCGTTTTCGGCGGCGAAAGGCTGGCGGACAAGCTTTCCGCATCCATAGAACGCCAAAAGGCGCTCATGGAGTATGTTTCCATCTACGGTGCGAGCAAACTTGTCTGTCTTTGCAGCGTGGATGCCAACAGGGTAGCATTCGGACTCGGCATACCGATCATAAATTTTTATGATATTCCCCTTTCCGATCATTCGGCGAACTTCAAAAAGGCGCTGCCGCAGGCAAGGCTCACACTTCCGCTCTCCGAGAAGGTGTTTAAGCCCTTCGTGGTGCCGGATGATATATTTGTGCGCTTCTCGCTGGAGCCGGAGCAGATATACGAATATAACTTCATTGACCCGCTTATCTGGCTGAAGGATTTTAAGGCAGACTTCGGTTATGTGCGCACGATCTTCTCCAAGTACGGCATAGACCCTGAAAAACCTTATATAGTAGTGCGTGAGGAAGAGTATAAGTCAAGCTACGTGAGCAGGAAATACCCCTTTCTCTACGAAGGTATTATGGAAGTTAAGAAGATCACGGGCGCAAACGTGATCTTTATCCCAAGATACGAGAGCGACCACCTTAAGAATGAATTTCCTGATGCGTACGTTATAGAAGAAAAAATAATAATCCAGCACCTTCTCGCATTTGCGGGGCTGTTCATCGGCGGTGGCGGCACGCTGAATACCGAAGCTTGCTACTTCGGCACACCGACAATATCCACCAGAAGCTTCATCAGTCATTATGATAAATATCAGATAGATCAGGGTTTAATGGTCTGGGCGAACAACAGGGAGGAGCTTATAAGGCTTTCCGGCGAGCTGTTCGGAAAAAGACAGGATGAGAAGGCGGCGGCGGTGTTCACGGAAATGAGTGTTAATCTTGATTATATGACGGATATTATCATCCACGGCAAGCACGCGCCGAACCATCCGATAAATATGTTTGAAAGCCCGGACTGATATATAGTTCAGGAACGGTATGTCTATCTTCCTGATAGTTCGCTGAAACCTGCATCCATGCAGTTCCCGCTCACACGCTCGCGGACGGGTAAACCGTCCTTCGCTTCGCACGGCGCGGTTCCGTCCATGGAACCGTACTGGTCACACTGATATATAGTTCAGGAACGGTATGTCTATCTTCCTGATAGTTCG
CP035108.1_gap10	345131	348806	3675	GACCCTTCTCCCCGGCGATGTGATCGCCACGGGTACACCCCCGGGCGTGGGAGCTGTCAGGATCGGCGACATTGTCGAGGTTGAGGTGGAAAACATAGGCATACTGCGTAATTATGTGCGGGAAGCCTGATAACAAAATAGAGTGCGTAATGTGCGGCGCATGCTGCATCGCCTTTGACATAAGCGTGCTGGGCAAAAAAGCGGGTGAGCCCTGTGCGCATCTCACGGCAGGCAGACAATGCGGCATATACGAAAACAGACCGTGGGGATGCAGGGGCTATAGGCCGGACGAACTCTGCGTTCTGTTCTCCTCCCTTTCGGAGGAGGACAAGGTGCGCCTTCTGCGGAAAATATACGGAGTTTAATTATGTATCTTGGACTTACAGGAAACATAGCCGGCGGGAAAACCACAGTCGCCAAGATGTTCGAGCGTCTGGGCTGTTACACTGTTGATACGGATATACTCAGCCGCAGGGTGATGGCGCCGGGCGGGCTGGCTTATCCTATGGTGGTGGACGCTTTCGGTGTGGACGTTGTGGATAACGAAGGGAACATCGACAGAACGGCGCTGCGGAAGATTGTTTTTAATGATGATGCCGCCCGTAAAAGGTTGGAAGGAATAGTTCATCCGGCTATTCTGAAAACGGAAGCCAAGCTTGTGGGCGAAATAAAAGGGAAGGATGACAGGGCGATCATCCTCACACAGGCGGCTCTCTGTGTGGAAACCGGGGCATACACCCGCTTTGACGGGCTGATTGTTGTTTACTGCGAGCCTGAGGAACAGCTCAGAAGGCTGATGAACCGTGATAATATCACAAGGGAAGAAGCGGAGAAAATTATCCGCACCCAGATGCCCATAGATGAAAAGCTGAAATACGCTGATTTTGTTGTGAATAATTCCGGTACTCAGGAAGAGACTGAAAAAGACGTTAAGCGGGTCTTTGATCTGATTATTTTAATGAAACAGGCAATGCGCCAGAAAAGCTGAACAGCCCCAAGGAAGGGGCTGCGCCGTGCAACCTAATCACATTCAACCGTAATTGCGTTGACTGGACAAACTGCAACACATTTTTCACAGCATAAACAGTCATTCTCTGGAAAAGCAAAAGGAGAACCGCTACTGTTCATCTTAATGATCTCTTGAGGACACACAGGAACACATTTGCCGCATCGCGTACATTTTACATAGTTAAAATTTACTCTTGGCATATCAGAACTTTAAATCAAGATTAGAGTTATCATCGGTTTCACTCACTACTGATGAGTAATCAACTTTTGTTCTGTCGTATCTTAATTTTCCTTCAAACATTTCCACATATTTTTCACTGCCCGGACCGAACGGCTCTTTCACAGAGACGCTGAATCTATAATGCAGATAATCACCGTAAATGTAGGAGCCGATGAAAAACCATGTTTTGTATTTTCCGTCAGCATCTTTCTGATGGTCATCGCCTATTTGTCCGCTGATGATTATTCGGGCATCCTCAGGATATTTCTTGGCAATTTCCATTATTATGTCGGCAAAAAGCATGTCCTGAATGAGCCTTTTGCTTGTGTTATTATCGATATTTTCAAGCATGTTAGTGCTGTTCGGCTTCATGCCCATTTTTTTTACGAAGCTCAAATCCTCGGCAGTAGCAGGGAGGGCGATGTATACAAATAAAAGTAAAGTAAAAAAGAATCTCATTTTAACCTCCGCTCAATATGCAATTGTAAATGATTATCTTTTCGGTGTCAATGGATGGAAGAGATATTGTTTTATGGTTCTAATAGAGTTTGTTTTTAATCCGTGATTATCAGCACCTTGCCCGGAAGGATCTGAGAGCCTGAGAGCTTGTTGGTTCTTTTGATGGCGTTTACGGTTGTCCCGTATTTCTGTGCTATCGCCCAGAGAGACTCGCCGCTTTTAACCACATGACGTTTTTTCTTGGCTGCTGCTGTGTTGTATTTCTTGTATGTGGTTTTCTGAGCCACATATCTTTTGTCGCTTCTTTTGTAGTCCACTGAAACTATGATGTTCTGCCCGGGGCGTATTTTGCTGGGCTTAATTCCTTTGTTCATAGCCACGACTTCGTTTAGTCCGAGACCGTACTTGCGGGCGATGGTTGAAAGGTTTTCACCCTTTCTGACCACATGCACCTTAGGGTTGTAAGGCTTGAGAACCTTCGCAAATTCCCTGTCAAGGGCAGGGTCGTGGTATTTTTTTACCGGTATGAATATAGGTGTGTCTGTGTAAAGCTTAGTGTGGAGCAGACCGTTGGATGATTTTATATCGTTTACGCTGACGCTGTATTTCTTGGCGATACTGTCGAGTTTTTCGCCTCTTTTGGCGTTGTAGATTTTATACATCAGAAGCTCATCCTGAGACATGGAAGCTATCTGTGTGCCTGCACTTTCCGCAGTTCCGTAGGGGATTCTGATGGTGTATGAACCCACAGGAGGAGTAACGGGAGTTTTGAGCTCGGGATTAAGTTCTTTCAGGGCGCTGTAGCTTGTGCCTGTGAGTTTGGCGATTACGTAGAGGTTCACCTGCCTGTCAACCGTGAGGCGGTCGAATATGAGAGGTGTCTCCACGGGGGTTTCAAAGCCGAACTCCTGATAGTTGCAGAATATATGACGCAGTGCCAGATATTTGGGAACATAGTCCTTGGTTTCCTGCTTGAGGTAGCTGTATTTCGCGAGAGTGTAGAAGTCTCTGGATTCGTACATCCTGATAGCGCGTATGATTTTACCCATTCCGGCGTTGTAGGCGGCAAGAGCCAGATGCCAGTCGCCGAGGTCTTCATAGAGATCACGAAGGTGTCTGGCGGCGGCGGTTGTCGCTTTCTCAAAGTCTCTGCGTTCGTCGACCCAGAAGTTGTCATTAAGATCGTAGCTTTTGCCTGTGCCCCTCATGAACTGCCACATGCCGCTTGCTCCCGCACGGGAGATAGCAGTGGCGTTGAAGCCGCTTTCAGTGAAGGGAAGATAAGCCAGTTCGTCCGGCACTCCTTCCCTGCGGAGGATGTCTTTAACTATGTAGAGATATTTATTTGAGCGGTTAAGCCAGTTCTGAAAAACGTTGGGGATGTCCTGCGTGAAGCGTTTGACGTAGTACTCGTACCTGTCCTCTTCCACCAGAGGGATAACATCGTAAACGTAGCGGGTTTCGCCTATGTCGTCAAAGTGGAACTGAGGCTTGGAGGGGAGCAGCCCGTAGTTAAGCTCTCTCTTCGATATTTCGTCCGTGAGGAATATCGGAGAGAAGGCTTCAAGCTGCACTGTGCCCTCAGTGTCCAGCTCTTCGGGCTCTTCCACAGCGGCAGGCTCCTGCACGAGGGAAGAGTACTTGGGACCTGCGGGCTTGCTGCCTGCGCATGATACAACAAAAAAAATTGCGGGTATAATTGCTAAATATTTTTTCATAAGATTTCAGTTTATATTTTGATGATAAAGTTATCGTCTTCTTTAGCTTTTTATACAGATTTAATTTAAAATAGCAAGAAATTACTTCAATGCCCGCTTATCTCTTTATTAAGCCTGATTTAACAATCTGTTCCTTTCTGTTTATCTCCGCCAGTGCGGCGCTCAGGTATTCTTTGGGTAAGTTATTGAAAGTACAGATGAAATTGCGGAGCGAATCCAGCCGTACCGATTCTATATGGCTTATTGCCGCGCTTAACTGATCGTTTGTCA
CP035108.1_gap11	349899	351397	1498	TCAAAAAGCCTGCAAGCGGAACAAAAGGGGGAAACCGGGCGGCAGATATATTTGCCGTAGGTCACCATCATTTCGTTCAGCTTGATCCAGTATTTCTGCGGGAGCCTCTTGCGGAGCTCTGTCTCTGTTTTGTCGGGGTCTTTGGTGCTCAGGTATCCCAGCCTGTTGAAAATGCGGTGAACATGTATGTCCACACAGACTGCGGGTATCTGAAAACCTTCTACCAATACTAGGTTTGCTGTCTTTCTTCCCACTCCTTTGAGTTTGACGAGTTCATCAATATCGGCGGGAACTTTTCCTGCGTACTTTTCTATGAGTATAGCACTTATGTCCTTAATTGTTTTGGTTTTGTTGCGGTAGAAGCCTGCGGGGAATATGAGTTTCTCCATGATTTCCGTATCAAGTTCAAGGGTTTTCTGCGGCGTGTCCGCAACTGCGAAAAGGCGTTCGGAGGCGGCGACTGTTACCTCATCCTTCGTGCGCAGGGATATAATTGTGCTGACCAGCACCCTGAAGGGATCTCGCTTCTTCTCCGCCAGAGCGGTTACGGAGGGTTTTTCCAGCCTTTCGTACTCGGCTTCCAGAACATCGTAGACAAAATCTATGTTGAGCTTTTTATTTCCCATTCTCTTCCTAGTCGGCGCTTTCTATTGCTTCCCGTGCCTTTGGGCTTATGTAAACATCCGCAAGGTCAAACTTTTTGACCGCCTCGGCTATGACGGCGGTTTTGTAATGGGGATCGGCGGATTTATCAATGATGATGAGAAACTGTTCCCCCTTTTTGCAGAGCCCGCCCCGAGCCTTGGTGCGTTCATAGCGCACCTTGATGTTCAGCTTGGCGGCTACTTCCTCAAGTTCCTTCAGCAGGGTGTTGGTTTTGCTCATCGCTTTTAAGTTCTCCTTAAAATCTCAGGACATTATATCCTATTCGGGATTTACTGCAACTCATCTGTCGGTTTTCATGATCAGAAGGGGGAGCATTGAGAATGCGCACAGCGCTGCGGTTACTGCGAAAACCCCGGTGCTGCCGCTGAGGTCGTAGGCAATGCCCGAAATGAACGAACCGCCCACGGAGCCCAGCCCGAAGCCAAGCCCTGAATAGATGCTCTGCGCTTTAAGCTGCCTGTCCGCCCCGAAAACACGTCGGAAGTAAGTGAGCGCCGCCACGTGAAACGAGCCGTATGTGAAGCCGTGGAGCATGTTGGCAAGGAAAAGCACTGCCAGAGAGCCGGTAAGCGCTGTCAGAGTGTAGCGGATCACCGCCATAAACACTGAGAAAAACATCACCTGCCTTGCGCTGAACCTCTTCAGCAGGCTGTCTGTGAAGTAAAGAAGCAGGATTTCGCAGAGCACTCCAGCCGCCCACATGTATCCCGCCAGTGTCTGAGAACCGCCCGCCTCGCTGACCTTTATGTTGAAAAAGTTGCCGTGAAACGCGTTTGAGGAGAGGTAAACAATGAGCATCACGGTCATAACCACCGTGTTTCGGTCAAAGAGT
CP035108.1_gap12	359868	362058	2190	CCCTTCGGGGCTGCAAACCATAAGACTTTCATGCCCGTGCTCTATCAACCCGTGGTGGAGGAAGAGAGCCTGTCGTTGCCCGCCTCTCCATTCCTTTCCTGTGTCTACATGAAGTATTCTCAAGCTTCTTCTTCCGGTTTATGAATGTATATGTCCATCTGCGGATAGGGGATGCTGATGCCGCCTTTTGTGAGGTTTATCTTAATATCTTCAAGCAGATCAGCCTTAACATTCCACCAGTCTCCTGTCTCCACCCATGAACGGGCAAACAGATTCACGGAGCTGTCCGCCAGTTCAAGAACCCCTGCTGAGGGCGCCGGATCTTTGAGAACTTTTTCATGGGCGCTCATTGTTTCAAGCATTATGTCCTTGGCTTTTTTGATGTCGTTGCCGTAGCTTATGCCTATAACAAGGGGTATCATTCTTGTGCCCTGAAGCGAGAAGTTTATTATTTCGCCGTTCATGACATTTGAGTTTGGGATCATTATCGTAAGGTTGTCGAAGGTTTTGAGTATGGTCTGAAAGACCTGAATCGTCAGCACAGAGCCTGTCTGTCCGGCTGTGGTCACTATATCGCCGACTTTGAAGGGGCGGAGCATCACGATGAGCACCCCCGCGCCGAAGTTAGCCACCTGATCTTTTAATGAGAGACCCACAGCGAGTCCGGCGGCGCCCATAACTGCGACGAGAGATGTCGTCTGCACTCCGAGGGAGTTGAGGGAGGCTATGATAACCACGGCGAAAAGCATGGCGTATATGACGTTTTTGAGGAAGCCGGCAAGGGTTTCGTCCATGTGGGTTTTCTTCATGCCTCTGTGAGCGACCCTTGAGAGAAACTTCGCTATGTATTTCCCGAAGTAGAATATAAGGATTGCGGCAACAATTCTCAGAGCGTAATCCGCGGCATGAGCGGTAATCTGCTCCAGTATTTTTTCGTAATTAGTCACAGTTTTTCCTCCATTGCTCTGCACATGGTTTCCAGTATCTTAAGGCGGGCGTATTTTTTATCGTTTCCCGCGATAAGATTCCACGGCGCATGCCCTGTGCTTGTGCGGGTTATCGTCTCATTCGCCGCCTGCTCATACATATCCCATTTTTCTCTGTTGCGCCAGTCCTCATCGGTGATTTTATACTGTTTCCACGGAAGATTCTCCCGTTCCTTGAAGCGCTTAAGCTGCTCTTCCATATCTATGTGCACCCAGAACTTGACGAGAATTATCCCGCTTTCCGTGAGATGCTCCTCAAAGTCGTTTATCTCCTCAAATGAGCGTGACCATTCGTTCTCGGCGGCGAATTTCTCAACACGCTCCACAAGCACCCGCCCGTACCATGAGCGGTCGTATACCGTGATGAAGCCTGCGGAGGGGATGTGCCGCCAGAACCGCCAGAGGTAATGATGCGCCTTTTCCTCATCCGTTGGCGCGGCAATGGAGATTACGCTGGCGAGGCGTATATCCGTGCCCTGCACAATCCTGCGGATGGCGCTCCCCTTCCCTGCCGCGTCCCAGCCTTCAAACACCGCTATGGTCGAACGCTTTTTTTCGTATGCCTTCCACGCCAGCGAGTTCAGCCGCTCCTGCATTTCAGGCAGACGTTTTTTATATTCCTCATACTCGGCTGTCAAAGATAAATCCACCTTGGAGAGAACAGGGGGCGCAAGGCTCACTGTTTTCTTGTCCGTCTTCTGCTTTGCGCCAATGGAGGCTACAGCGGCTTCGAGAGTTTCCACGATTATCCGGAGTGCCTTAAGCGTTCTGTGGCGTTTGTCGTCCGCTTCTATCAGGTGCCAGCGTGCCTTGGAATGGTCTGTGAGGCGTATTCCCCGTTCGGCTGCCTTCACTATGGCGTCATATTTTTCTCTGTGCCACATGGCACGTTCGAGTATTTCGCCCTTGCCGAATTTCTTTTTCAGATCGTCCGTCTTCTTCTTGGATGTTTTCCTGCTCAGGTGAAACCAGAATTTGACAAACACCGCGCCGTCGTCCGCCAGCATGGACTCAAAGGTCGCCGCCCGCTTCATACGCCTTTCATATTCTGCTGTCGATGTGTTCCCCTTGGCTGCCTCCAGCATCTCCCCCGCGTACCACGCGCCGAAGAAAAAGCCTATGTGTCCTCTGTAGGGGAGGCTCATCCAGTAGCGCCAGTAGAAAGGCTTGTTTTTTTCAGCCTCGTTCTCCTGCCAGAAGGTTT
CP035108.1_gap13	364997	367034	2037	GAGGGTGATCACCCCAGCCTGAATAAGTGAGGCAAGGGATTCAAACTTGGCGTGTCCGTAGCGGTGGTCGTTGTCCGGCGGCTGTTCGGACTGCCTGATGGCGAAGTAGTTTACCGTGGAGGAACCCACGTCCAGTATGGAGTCCACAGCGGAGGCGAGAACAGAGACCGAGCCGGTAGCCGCGCCGCCTATAAGCTTTACAACGGCGAGCATAACAGCGGTGTTTACAGAAATAAGCGTGGCGTATTTCTTCCCGGGGAGCATATCAGGATCCCGTTTCATCCTGTTTCGGTTTGCCGAAGAAGTTGAACCATATGCTGAACAGTCCCACTAGGGCAAGCGCCAGCATAAGGGGCGGCTCAGAGAATATGATGATGTAGATTACAGCCTTGAATATGCCAGCCAGCCTGAACCTGTGTACCCAGCGACGCAGAACCTCAAATCCCTGAATGAAGTACAGTCCGCCGAACACAAGCAGCGTATTGAACGCCACGGAGCGCATGTATACATCACCCATGAAGAAGAATGCAAGCCCCGCGAGCATAACCCACACAAGGTTGTCAGGCAGGCGGAAGACCTCATGCTCCTGCTTTTTTATCTTGTAAAAGAAGGTCTTGGTGAAATAAGCCACAAGCACGGAGGTGAGGAAGATTATCCCCGGGAAGATCAAAACGAGAGAAAGTGCCGCCAAGTCCATATTCTTCTCGACGACTGCGGCATAAGACGCCGCTCCGGTTTCGGGCGCTTTTTTAGCCGCCTCCACAAGGACTTTCAGAATCTCTGTCACATTCTCCGTGAGCGAGCTGCGCATGCTGTCCGTAAAGAAAACAAATACTGCGGAAAGAATGAACGCCGGAATGGGAGATGCGGCAACTGGCAGCCAGTTTGACTCCGGCTTGTTCTGCCAGCGGTAAATCATGAATGCGGTGAAGATAACGGTCATTGCGTAATAGGCGCTTATGAAAGGCTCAAAAGCGGCGCAAAGACCCACCAGCACCAGAAAAAGTATATCTGAAATTTTCTCTCTCGCCGGCTCCGCAAGATAAAGCAGCAGAAGCAGCGGCGAAAAAGGAATGAACAGCCCGCCGACTCTCGGGAAGAACAGAACTGCTGCGAAAAGGGCTATGCTGGCGACAGGAAGATAAAAAACTCTCATATATTTAATACTCTTTATGTTTATTATTGTCCGCCTAATGTTAGCCGTAAAAATGTTTAATGTCCATTAAATGATCCTTTTTATTACCCTGCCTTTGTATTTCGATGTGCTACGAATTATTAGTATCGTGCTACTTGCTGTTGACTTTAATTTTGATTTGGTGTTATGAATTTTATTAATCGTGCTATTGATGGATTTACAGTTACTTTTTAGGGAGGTAGTTTTGAAAAAATTTCTTTTAAGCATGTGCGCTGTGTTGTTAACACTCTGTCCTGTTATGGCGGATGAAAACCTTATGCGTACAACAATTTATCTGGATGAAGTCTCGGTCACGGCGGATTCTGCGGCAGATTCCAACCTGAATATTTCAGAACAGAAGGTCGCAGAGAAGAACAGAAGCGGCAACATAGCCGATTTTCTTGTGAAGGATCCCGAGATCTCCTTCAAGCGCAAGACCGCCTTCGGAGACAGCGGTGACATTATCTCCATAAGAGGCATGGAGAGCAAAAGAATCATGCTTAACCTTGATGGCAGAAGCATAAGCTCCACAGGAAATGTCGGAGGCAATTATATAGATTTTGGCACTATACCACTCGATAATATAGAAAGAATAGAGATTATTAAGGGCGGCAGCTCGGCGGAATACGGCAATAACGCCTTGGGCGGAGTGATCAACGCCTACACCAAGCGCCCGTCAAAGGATGCGTCAGCGTCCGTTTATGCAACTATGGGCGGCTGGGATGATGCCAGCGACTATCATAACGTACGGGGCAGCTTTGCCAAAAGGTTCGGCAGTCTGGGTGTGAGTCTGGGCGTGAGCCATCAGGAGGCGGAAGCTTATCTCAGAAACAACGATTATGAGTCCCTGCATATAAACCCTA
CP035108.1_gap14	376246	378743	2497	TCTGAGAAGAGTGCTTCTCCCCGACTTCTTTGAAGGTCACCCGCTCAGGAAGGACTTCCCGCTTAAAGAGAGGAAGTGGTTCAACAAGACGGACGAGCAGCGTCTCGGTATCAAGTTCACCAAATAAGGGGTTGGAGACGGTTATGCAGAACATCAACAATAACGTAGCCGAAGTAGTTACGGTCAACATGGGACCCCAGCACCCCAGCACACACGGGGTTCTGAGACTTGTTGTCGATCTTGACGGCGAAACAATAGTAAACGTGACCCCCGATGTGGGTTACCTTCACAGGGGAACTGAAAAGCTTGCGGAAAACAGGACTTATCATCAGTTTATCCCCCTCACGGACAGGCTGGATTATCTCTCGCCTCTGTCAAACAACCTTGCCTACTGCCTCGCCGTAGAGAAGTTCTTCGGAGTGAAAATCCCCGAAAGAGCAGACTACATGAGGGTTATATACGCCGAGCTTTCCCGTGTAGCCAGCCACCTTGTCTGGATCGCGACACACGCTCTGGATATAGGCGCCATGACTGTTTTCCTCTATGCCTTCCGTGAAAGGGAGCGTGTGCTTGACATGTTCGAGTGCGCCACAGGTCAGAGGATGACAAGCTCATGGATCAGAATAGGCGGCGTGCGTGATGACGCGCCGGAGGAGTTCTTCAGACTTGCCAAATCCTTCGTCGATGAGTTTGACGGATTCGTTGATCTTTACGAAAACCTTCTCACCAACAACAGGATATGGAAAATGAGAACTATCGGCATCGGTGTCCTCAACGCAGATGACGCTCAGGATTACGGTACAAGCGGTCCTCTTATGAGAGGCGCAGGCATCGATTTTGACCTGAGACGTGATGAACCGTACTGCTGTTATGACAAATTCAAATTCGAGGTTCCCACTCAGCCGGAGGGGGACACCTATGCACGTTATAAAGTGAGAATGAAGGAGCTTCGCGAGGCTAATAAAATAGTCGCTCAGGCTCTTGAAAATCTTCCCGAAGGTCCCGTTATGACTGACGACCCCAGAGTGGCTATGCCCTCTCATGAGGACGTTTACGAAAGAATGGAGTCCCTCATCAGAAGATTCTACCTTATCTCCAAAGGCTTCCGTCCTCCCAAGGGCGAAACCTATCAGGGGATTGAGGCTCCCAAGGGCGAACTCGGCTTCTACATAGTGAGTGAAGGCGAGGAAAGACCCTACAGGCTTAAAATCCGTGCTCCTTCCTATGTGAATCTCGGCGTTCTTAATCACATGGCTCAGGGACACATGCTTGCGGATCTTGTCGCGATCATCGGTACTAACGATGTTGTTCTCGGCGAGATAGACAGGTAAGGGGGCGCGATATGGCGGAAGTTAAAGCGGTTGTCGAAGAGGTTCAGGAAAGAACCCCCGAGGAGCTTGACTGGACGAAGTGCGATGCTATCTGCGCTCAGTACGCAGGTTTCAAAGGCGCTACCATCCCTGTGCTCCAGAAGGTTCAGGATGCCTACGGCTACCTTTATAAGGAACTGGTGGAGAGAGTCAGTGAAAATCTCAACCTCTCCTCCCACACCCTGTACGGCGTAATCACTTTTTACGCCCAGTTCTACACCAAGCCCAGAGGCAAGCATGTCATAAGGGTTTGCAGGGGTACGGCGTGCCACGTTAAGGGTTCAGGAAGGATCTCCGAAGTTGTTTTCGAGGAATTCGGAATCAGAAACGGAGAAACCGATGAAAACAAGCTCTTCACGCTTGAAGAGGTTTCCTGCATCGGAGCCTGCGGAATGGCGCCAGTTATTATGGTGGATGATAAAACTCACGGTAACCTCACACCCGAGGAATCCAGAAAGATATTCAGGGATTACGCCTCCGGTAAGATGGATGAGTAGGGACAGGCTATGAGCGAGTATAAAGTCGAACAGATAGAAGTGCACGTATGTATGGGAACCGCGGGAGTCGCCTCCGGCGGTGATGCCGTTATGGCAGCCCTTACCGGCGAGTTTGAGAAACGCGGCCTGACAAATACCGGCGTTAAAGAGCGCAACTGCAAAACCAAACAGACAGGCTGCAGGGGTCTCTGTGCCAGAGATGTTCTTATTGATGTGTATATCCCCGGTCAGGGACCCATCACTTATGAACATGTAACAGCGGAAATGGTTCCGACAATAGTTGAGGAGCACATAGTAGGCGGCGAAATCGTTGCTAAATGGGCTGCTAAAAAGGACTATTTTGAATTTTACGATAAACAGAAGCGTTATGTTCTCAATGACTGCGGAAAAGTCGACCCCGACAGCCTTGAGGACTACATAGCCCACGGCGGCTATGACGCTCTCAAAAAGTCTCTGAAAATGACCTCCGAAGAGGTCATTGACGAAGTCAAAAAATCCGGTCTCAGAGGCAGAGGGGGCGGCGGTTTCCCCACGGGACTTAAATGGACATTCTGCCGCAACTCCCCGGGAGATCTCAAATATCTTATCTGCAACGCGGATGAGGGTGACCCCGGCGCATTCATGGACAGA
CP035108.1_gap15	462496	464394	1898	TGCTGGCGGAGGATGATTCCACAATGTTCACCACGATGAGGTCGCCGACCTGACGTGCTTTGTAATCCAGAAACAGAGTTCCGCGCACGCCTGAATCCGCCCAGAGGGAGGCAGTCGGAACCTTTTCTCTCTGCTGCTTGGCGTAGAGTTCAAGGTCTTCTTTATAGCTCGGCGCATACGCTTCAGGTTCAAAGTCGTATTGCTTCGCGCAGCCTGAGAATATGAAAAGGGCAGTGAGAACCAAGACCGCCGTGAAAAATTTTCTCTTCTTTGTGCTCATAGGACACCTCTGTTAAGGATTCAGTGATGTAATAGAAAGAAACGTGCCAAAGATGTTAAATTCATGGTTATCAGGTGTTTAAGATATAAGGTGATTGGAAGGGGGAATATATTTCCCTGTTTTAATGAGACGCTGAGAGACCGCTTCACCCCCGAGGGTTCGCTGTGATGCTTTTCAGAGCATGCGGGTATATCAATAAATCCCCCTCAGTCCCCCTTTAATAAAGGGGGAAGCTGTTGTTAAAACTAAAGCCTCCGTGTGGGAGTTTACCGCGAACGTGTACATTAAGTCAGAACTCCCAAGGACGGGAGTTCGCCGTGCGGAGCGAAGGCGGGTTTATCCCGCCGTGAGCGTGTATCCAAAATTTCCAAGGATGGCAAATTTTGGATGTAAAGACAGGATGTGCGGTTTGATGTTATTAAGTCAGAACTCCCAAGGACGGGAGTTCGCCGTGCGGAGCGAAGGCGGGTTTATCCCGCCGTGAGCGTGTATCCAAAATTTCCAAGGATGGCAAATTTTGGATGTAAAGACAGGATGTGCGGTTTGATGTTATTAAGTCAGAAATTAACCAGCGCCGTTCTGCCGCCCTGATACTTTGCGGTGACTATTTTACCCGAGTCGGCGTTTTTGACTTTAACCACATTGCCGGAGAAGGCGTTTTCCTGAAGTATTCCTCTTGTCTCAAGCTGCATTCCGCTTCCCTTATAAACCAGTTTCACCGCTGCGCCTTCGGGCAGATCCGGCTGCTCTGAGACGAACTCACCGGTCAAAGGAACGCCCGCGCCGATGCCTCGTGTCGCGATCAGTCCCTCAGGATTTGTTATAGGCTCACCACGTAATCTTGAAAGCTCAACCTTTTCTGTTTTTATGTAGTTCTCCACAGTGTCGCCCTTTCTGATTCTGTCTGTGGTAACAAAGACTTCCATATAGCCCTTCACATAAACAGTGAAGCCTGTATCCTTGAACCCGTTGTTCAGTCTGCCGTACATGCCGCCGATTCTGGGGTTTGATATATCAATGCTGAATTTTCCGTCTTCTGCTGTGTATATGTCGCTCTGTATGCGGATTTTGTCTATCTGAAGCTCCGCATGGGGGTAAATCTGCGAGAGTCTTTCATATATTTTCGCCTCTATCTCTGTCTGCTCTATTTTTCTGCCCTTGCGGTTGAAGTATGCCTCACCCGGGGCTGCCTTGATGTTGTATTTATTGATGATATGCGTGGCGAGCTGAACGCTGAGCTTTCTTGTTTCACCATAATCAAGACCGCAGAAAACCTGATCCTTTATGCCTATGTTCGGGAAAATGTCCTCCACGGTTACGCATTCATTTTCAATAGAAATGACATTTGCCGCATGTGCGGAAAAAGATGCCGCCGCCGTAAGCACGGAAAAAAGGAAAAGGGTCATAATTGTCTTGGCTTTCATATCATACTCCGTTTACTAACGTTTTAGGTTGTTGACTATCTGGAGCATATCATCTCCGGTCTGAACCGCTTTTGAGTTGATTTCGTACGCTCTCTGTCCGGTAATCATCGCCACCATCTCTTCCACAAGGCTTACGTTGCTCATTTCCAGAATATTCTGCGCGAGAACACCGAAGCCGTCCTCTCCGGGCACAC
CP035108.1_gap16	466528	471503	4975	AACCTCGGTCAATGTATCGTCAATGCTTGAAGCCAGCTTGCCGGGGTTTGTCACCTTTGAGGAACAGCCGACAAATAAGGCAAGCGCAAGCAGCAGGGGAAATATTTTCTTCATCCGATCCTCCGTCATTGGGTTATAATCAAGAAGCGTGCCAATATCCTGTTAGTGAGGTGATTTATGCTAGAATTTGTCATTGACCGCAAAAAATGCAGACGATGTTCTCTCTGTGTGGAGGATTGCCCTGTTGGGATTATAGAGAAGGATCGCGATGGCTTCCCTGTCATATCTGAAGAAAAGGAGACTGTCTGCATCCGCTGTCAGCACTGTCTGGCTATCTGTCCTGACGCGGCTTTGTCGATACTCGGCAAAAAACCGGAGGACAGCATGCCCGCCTCAGACATGCCCACAGCGAGGCAGGTTGAGGCGCTTATCCGCAACAGACGCTCCGTGAGGCATTTCAAAAAGTACGACGTGGAATTTGAGACGATCCGTTCACTGCTCTGCGTTACGGCAAACTGCCCCACTGGGGAGAACAGGCGGGAGCTCACTTTTACCATAATAGACAACCGCGCGGACATGGATAAATTTGTCGAGAAGGCATACGCTCTCCTTGAGAAAAGGGTGGATGAAGGCACTCTGCCCGATGAGTTCAGATTTTACGCAACTCTTCTCAAAAGATACAAAAACGGCAGGGATATTATTTTCAGGGGCGCTCCGCACCTCATAGTCGCCTCCGCCCCCAAAGGAGAGGGAACGCCCGCAGCGGACTGTTATATCGCTCTCAGCTATTTTGAGCTTTACGCATACAGCCTCAAGGTGGGCACTGTGTGGCTGGGTTTTCTGGCGTTTATGTTTGAGTTCATGCCGGAGATAAAGGATGTTCTGGGAATCCCCGCTGACCACGAAGCGCCTTATGCCCTCCTTTTCGGCAAGGCGAAATATAAATATCCCCGAGGTGTTCAGAGGGACGATTTCAGGATAAGCAGACCGGAGTTTTGAGGCAGGTATAGCTGCCTCTGTCTTTATTTATACGGAACATTTTCCTCATAGTCTTTGAGAAATTCATCTATAAGATGCTTGTCGACATCGGAAATTTTTGTGAACTGGAAGGCGACGAAGCGTTTTTTAGCGCTGATTTCATCTTTGTTCGCCTCAATACGCCAGACCACGGCGTGGGCGTGGATAACATCCTTCACTCCGTGGTTGGGGAACTGTATCTTCGCTTCGTAATCGTCATATATTTCAAACGATATGCCCGTGTTGGAGAGAAAACCGCCGATGCTGATGTCTAATAGCTCAATAAAAGTGTATTCCCCGTCCTTTTTCAAATAAAGCTTGAGAGGCACACCGCTGTACCGTTTGTGCCTGCGGCGTTCCTGTTTCTTTTTATACATGGTTAATCCCCTGATAAAAATTGTGTAATAATAATTATGACATCTAAAGGATAAACTTTCCAGAACAATTGTATAGAGGATGGGAAATTAATTATGAACATCTATGAGGAGAGTGTGATTAATTCAATTCTGTTTATGGGTTTGATTTTTTAAGGCCATTGCTGCCTGCTATGAAGAATGCGCAGAATATCTATTATATTATCTTTTTCTGCATAAATTAATATGTAGCTGGGATGAATGATTAGTTCACGTGTATTTTTGACCCGTCCTTCTTTATACATTTGAGGATAAAGGAGCAATCCGTTTACTTTTTCATCTATCAACTCTTTCAGTGCCTGAGAGGCTTCTGTACTATCATCAGCAATATATGCAAGTATGGTCAGCAAATCCTCAACAGCCTTGTCTTTCCACTCAATACGCACATTTTTTCCGGTTTATTAAGATCTGGGCTTTATTCATTACTTCTTTATGCTCTTCTGACTTTGTACTTTCAAGAGCTTCCCTCACTTTTGCATGAAACCAGAGATCATACGCTTCCGGATCACTTGTCAATCCGATCGGCAGTGCTCCTTCTTTAACAATGCGTGTCAAGAGGATTCTTACGGCATCTGAAACAGTTAGCCCGAAATTGGCGAGCGTTTCAGCAGCCTCGGCTTTTAAATCTTCTTCAATTCTGACATGCAGCATGGATGTTTTAGGCATAAGAACCTCTTTATATTATCTTGTATCTCGTTTGAGATACTGTCAAGGGCTCTTTTATCGCATACTGTTATAAGTCATTTTTCAATTGCGGGTCTCAGTTTTTTTGAAGTATATTATTTCTGAGTTTTCAGGAAGGTGTTATGGCTTCAAATCGGAAAGTATTTGATTCTAAAATGTTTATGGATAATTTAAATATTTTTATTAATTCTCATTATGAATTTAAATGCAACAGCAAATATAAGGGTTTTTTCGGAAGGATTAAGGCTCAATTAGACAGAACAGAGGCAGAGGAAAAGGAATCAAGAAAATCAGGCGAGTCATGGATAGACGATCCTGTTATCTACTTTTCTGATCCTTTAAGTGAAGAAGAGTACCGGAGACACATTGAGCTCAGTCTTGCCAAAACACTTGAAAAGTCTTTCTCTGCAACACTTATGAAGATTATTGAAGCAAAAGATCAAAACCACATAGACATTTATAAAAAAGCAAATATTGACCGTAAGCTTTTTTCAAAAATTCGCAACGAAAAGCGATACATACCCAGTAAACGAACGGCTATAGCTTTGGCGGTGGCTCTAGAGCTTTCTCTCAGCGAAACGCAGGATCTTCTGAAACGAGCGGGTTTTACCCTTTCACGCAGTATTTTATTTGATGTAATTATCGAATACTTCATAACACAGGGCAATTATGACATCTACCAGATAAATGATGCGCTTCATTCCCATAAGCAACCCATTTTAGGCGGTTGACACAGCATGCTCTAAAATATCAAAAAAACTTTCTTTTGTCGCTTTCAGGGCGACCACTTATCCTTTTCTTGGTGGTATGTTCTTTTTCATCGGTATTTGTGCAGATGAGCAGCTATAGCTGTTCCTGCAGCAAACCCTTGATATAGGCTGTTACCTTGTCTTTTTGCGGCTGAGACAGGCGTGACCAGTTTTTCAGGAGTTCATTCTGCTCTTCTGTCAGCGTTGAGCTTGTGACATCTGAGAAAAATTGAGCAAGTGATATACCGAAGGCATCGCATAGGGCACTTAAAGTGGCAATAGTGGGAGAATTTTCACGGCTGTAAAGATTTGAAAGCGTGGATTGAGGGATATTAGCATTTTTTGCGAGTTTGTATGAGCTCCATCCCCGTTCATTTTTTAGCTGTGTGATTTTTTCCAATATGTCCATAGCATCTCATTCTTTTCAGTAATGTACTACACAAATGAGATGCGCATTACATCAATTAAGAGTTGTATTTAGTTCACAAAAGAGATATAAAGTTGTATAAAAAAACAATAGTTCAGGAGGGCTTTATGAAAAAGCTTTTAATAGTAATGCTTTTATTGATGTTTTCAGTGTCTGCTTTTGCAGCAGTTCTTATGTCGCAATGGACTGAAGGACTGAATAGGTACTGTAAATATAGTGACGGGATAATAATCACTATAAAGTCTTATTCTCTTTGTCCCTTGTCAAAATAAAATGCTGGAATTTGTCCTTATATTAGCAATTTTGCCTTTTGCGCTTTATGGGGCAGTTTTGCTTGTTATGGCAGCACTTGGTATCACAGGCGGCGTTTTAAGTCTGATTGCCAGCCTGTTCAAGTCTAAAGACAATTATTAATTTATTAAATTTAAGGGGTTAAACATGAAAAATTTTTTAGCAATATTGGCAGTAATATTTATTTTGTCTGCTTGCGGCGGGAGCAATGGCGGGGGAGAACTGCAGGGTGACGAATTTCCTCTCAGTAATCTTGAATGCAGCGGGACTATCGCTGGTGTTGACAGCGGCAGTTTTGAGCTGGACTATTTCTATGAAACAGAAACTATCGCTGTTTCAACTAATACAAAGAATCTTGGTGCAAGAACTTTTCAGGGAACAATAGACTACAATGGCGGTGTTTACATTTGGCAGACAAATCTCCATATAGGGAAAGTAGCATTTAATGAAGATAGTTACTCAATAACCGGAACTTGGAAAAACACTAATGACGGCGCAACAGGCACAATGAAAGGGACGTGCAGCGAAATCGAGTAACCTGCTGACAAAATAGAAGGAGATTTATATGAAGCTTAAATTGATTGCGGTTATGTTGCTTGCTTTAACCACTACGGGGTGTCTTGCATCAAAAAACAGGGCAGTCCTCAAAGCACAAACTGTTACAGACTTGAGAGGGTGCACAAAAATAGGAAGAATAGAGTATTCGGGAGGTCAGGTTTTTGCCGTTCTCATGCTCGGTCGTGTTGCCGCTGATGGTGCTGCAAGATCGACTTGCGAAGATATGGGAGGTAATGTCATACTCGGTGAGGATCTTTGTTACCATTGCTCTGATCTGGATACAGAGTATTGAAATCCGTAATAGTGTAGACGGCAGGACATCACACAGGCAAAGTATTTGATTTTATCAAATAAGGGAACAATATAATGTATAAAATTAACAAAGAACTGCATGATTACATCTATCGAGCTATTGGGGCAAAATATTATTATAATAGACAGGTGGGCGATAATTTTAAATTTATGAAAATAACAGATACTCATTTCTTATTTTTTGACTTGGATGGAACATTGGTTGATACCGATTACGCCAATTTTTTATCATATTCAGAAGCTATTAAACAAGTATTGGGAATAAATGTTGATTACAACCCCAATGTACGATTTACTCGTGAAATAGTTAAAAAGATAATACCAAATATTACTGATAAAACATATGAGAAAGTGGTTAAACAAAAAAACTCTTTTTATAAAAAAAATCTCTCAATGACAAAAATAAATGATTCTATTGTAAAGATACTGAAACAATATAGTGAGACGAACAAAACGGTCTTAATAACTAATTGTCATGCAGAAAGAGCTATAATAACACTGGATTATCACGGACTTAGCAATTT
CP035108.1_gap17	473453	475611	2158	TGTTATATGTGTTGCGTGATTTTACATAAAAAACTGCCTGTAAAATTAAATGATAAATCAATAGCATTTATTTGTTTTTAAAAACATTGACTTATAACCATGTAGGTTATAATTCATTAAATGATCAAGTCTTTCGGCGATAAAGAAACTGAGAATGTATTTTATGACGGGAAAAGCAAGAAGCTGCCGTCAGATATTTTGTCCAGAGCCGCAAAAATACTGGACAGGATAAATGCCGCCGACACGACAGATTTTCTCCGGCTGCCGCCAAGCCAGAGACCGCATAAGTTTTTTGGCTGTTTAGAAGGGTTTTGGAGTATCAGCATCAATATGCAATGGCGTATAATCTTCTGGTTTGAAGAGAGTGATGCCTTTGATGTTGAAATAGTCGATTACCACTGAAAGGAGGATATTATGGCTATTCGGAGAGATATATACAGAAAGACGGAACACCAGCCCGAGCATCCGGGAGAATATCTTTCTGAAATCATTGAAGAAACTCATGGGCTCACGCAGAGCAGTCTGGCTGTTTCCCTTGGTGTATCTTTCAGGACTATTAACCAGATATGCAATAAACGCAGAGGCATAAGCCCTGAAATAGCTCTGAAACTGAGTAAATTTTTCGGAACCACACCGCAGAGCTGGCTGAATATGCAGCAGGCTTATGATCTGTGGAAGGCTGAGCAAACCACTGATGTAAGCCATATTCAGACCTTATCCGCCTGACACCCATACACCTGAAAAAAGACAACACCAAATAAAAAAGGCTTCTCTGATCTCTCAAAGAAGCCTTTAGAACCCATATTAATGGCGGTACAGGGAATTGAACCCCGGACACTGCGGATATGAGCCGCATGCTCTAACCATCTGAGCTATACCGCCTTATATCGGGATTGATTTATTAAACTATTTTCTCTTCTTAGTCAACGTAATTTTGGTTTTGTCAGTAAATTTTTAAAGGAAATTTTCCGAAAGTGAGGCGTTGAGAATCCCTGAAAGCCTCTCCTCCAGCTTGAACATTCTTTCTGATACTGTTTTTGCCATTATCCACACAAACTTACTGAAAATAACAGGATGTGCCGTCTTCATCTCCGTGAGTCTGTCAGCCGTGATGGAAAGGATTGCCACCATTGTGGACGCGGTCGCGTTTGCCGAGCGGGGGTAACCGGTAAGGATAGCCATTTCCCCGAAAAAATCCCCGGCTTTGAGATTGTTGAGAAAAATGCACGTCTGATCATTCACGTCTTTAGATATGCCTACCTCGCCTTCGGCTATGATGCAGAATCTGTCACCCTTGTCCCCTTCCTTGAGGATAAGTCTTCCTGCGTTATACGATTCCTTTGTGAAATAGCTTAAAAACTCCTCCATCTCCGCTTCCGAAAAATCGGCGAATTTGGGATTCTTTTTCAGTATCGCTGCACTTGTTTTCAATTTCGCACCTTCAATGATATTTTATTCCCAGTCCGTCTGCTATCGCCGCCAGTGCTTCTTTGGCGCCTGTCTGTATGAATACGTCGGGCTTGCAGACCTTCAGGGACGATTCGTCGGGGTTTATTGTGATTATCCGGCTGCCCGATGCCTGAAGGCGCAGAGCGAGGTAATCGTTTGTGGGCACACTGCCGCTGGAACCTATGAGCAGGGTAACATCGGGTATGCCCGCCCGCTCAAGGAAGTCACGGAAGTTGTTGTACTGATAGGCATGCTCCACATAGTCAAAATCGCCGAACATCAGTACATTCGGGCGCAGAAGCCCGCCGCATTTGGGGCATACGGGCAGGTTTGAGGCGGTCATACTCTCGCAGTCCAGTCCGCAGAGGGGAACATCGTCATTTTCCTCATACGTATAACTGCACCCCAGCCCCGCCATACACTGGAGCCGCCAGATGCTGCCGTGGATTTCGTAAACATGGTCGGCGGATGTGCCTGAGATCATATGGAAGCCGTCAGTGTTGGTGGTGTGTATGAAAGAGTTTTCAAAGTGGTTGTCAATGAGGGAGTTTATTACGGAGTAACCTTCGTGGGGCTTGTTTTCGCGGGCATTGCGCCTGCGCCACTCGTAAAAAGCCCACGCATGGGCGGGGCGGGTCTTGAAGCTTCTGGGGTTGGCAAGCTCCACAGCCTCAAGGTTAAGGTTTTTGTAGGCGGGAAAGTTCCGCCA
CP035108.1_gap18	535016	539414	4398	CAATGAGTCCCGCAAGCTCGGTCACTTCCTTTACCGCATCGTAATGGATCTTTTTCTTATCCGGAGCGAAAAACAGCCTGAAGTCATCTATGGTGGAGGATATGTGCCTGATTATCCCCATGCTTGTGTCGGAGAAGGTATTCATATACTCCCCGTCAATGAGTCCCCGTTTCCAGCATTCGTGAGCGTCCTGCACATAAAGCCCGAGAGCGTTTATGGGCTGGCGCCACTGGTGGGCTATGGCATTTATCATCTGCCCCATGTCGGCGAGTTTTTTCTGTTCCTGTATTATCTGTTCCTGCCTGTGCCGTGCCTCGACTTCCGTTTTGACCTGCTCCTTGAGGCTCTCGTTCATTTTTTTCAGCTCGTTCTCAAGAGTAACAGTTGATGTGGCGTCCTGACAGAAACCAATGTATCTGTTTTCGGCTATTTTAACCACGGAAATTCTCATGAAGAATGTTTCCTTGTTTTTCCGCATAAATTTCAGCGTTTCGGAGACAATTCCCTCCTCAAAAAGAACCTCTTCCGCTTTACGGGCGTTTTCCACGGAATCGGGCGGCCAGAGGTCAACAACCATCATGGAAAGGAGCTCCTTTTCACTGTAGCCCGTTATGCGGCATGCCTCTTTGTTCACTTCCACTATGAGCCCATTGTGGTCGGATATGAATATGCTTATGGGAGCGTTGTTTACATAGGTGCGGTATTTGTTTTCGCTGTATTCCAGCGCTCTCTGCCTCTCCATCAGTTCCTTATGGAAAAATTTCGCGTCCAGCCAGCCTTTAAGGGCGGGAGCAAGGAGCATGACCGCTTTATTGAGTATTTTGACATCCAGTTCGTTGAATCCGCCCTCTTTTTCCGCCAGAACAATTTCGCCGAGAAGCAGATTCTTGTGAACAACGGGCACTGCTATGCAGTTGTTGAAGGGAGTGTGCCCTTGGGGGATATTAACGCAGTCGTTTTCGACAACGGTTTTTCTCTTATTCAGCGCCTCACCCCATGCGCCGCTCCATTTTTCTCTGGGAAAGGAGGCGGAAGTTTTTCCTTTTTCTGGAAAAACCAGCGAAGGGCACACCAGTGTGCCGTCAATATCAATATATCCCGCAAAACCGTGAAGGGAGCTTATCTCTTTCCTGATAACACCCAGAATGCTGCGGAATATATCGCTTTCATCATTCATGAGGAATGAGTTCATCAGCTCCGCGTGGAGACGGTTGTCAATTTCGGATAATGTTTTCTCGGTAATATCATGGAATATGTTGAAAACATAGGATCTGCCGTCCGCAGTGAATACAGAGGAGTGAAACTCAAGATGGTGCAGCCCGCCGGATGAGTCTCTGTGACAGGTTGTCACCGTATCAATCCTTTTCTCCAGCACACGTCCGATCAGCCCTAGTGTCTTCTCCGGCTTGGAGATGGTCAGATCAAGTATGCGTTTGGAGGTAAGCTCCTCAATGCTGTATCCGTAAAGCCTGCACGCGGCTTCGTTGGCATCGGTTATTCTGGTTGTTTCCGGCTCAAAGGTGAGCATGCAGGCGTTGGCGTGCCTGAAGATGTGAGCGTAATCCGGAGCGGATTCACCGCTCCTCTGTTCGTTCTCTGTGGAATTAAGCAATATCATTATTCAGTCCTTGAATTGTGTATATGTTAGATCATATATACGGCGTCGGTAAATGCAATAAAAATCAGGACTGAAATGGGATAAAATTAAAGATGCCGCTTGCTCAGCACCCTGCGAATTTATGCCAGATGTTCATAGTTTCCGTTCCGCCGCAGATGTTTGTGTTGTTGATAAGCCTGCCGCCGAAGCTGTAGTTCCGTTTTGCGAAGGTGATGTTCATTCCGAAGGAGAGGGAGCGGGCGATTGTAAAAAATGTGCTTATGCCGAGTTTGGGCACTTCCTGTTCCATTTTTGCCAGAAGAGCGTTCGCGTATCCTCTGCCTCTGGCTTCGGGCAGGGTGGCGAAATCGGTCATTTCCGCGGCATTGATGTGCGGATTCATTTCCGCGCTTGCCAGAGCGGTTATTCTGCAGTCCTCCCTTATGCCGAAATATGCCGCGGATTCCTTCATCGTCTGTCTTATATAGTCCGCGTCGTGTATGGGAAAAGGGTAAGACTCAAAAACCTGTTTGTAAACACCTGCCATTTCGTCCGCATCGGCGGGCGCCATCCGTTCGCAGAGGTTCGTCATTGGCGGTTCGGTCTCATCCGGTTTGTAGCTGAGGGCTTTGAGGAGTATTTCAGACTGAAGCTTTCTGTCCCTCTCCTCTCTGCGCGCGGGATCAATGAACTTGGAGAGGAAAACCGCCTTTTCGTAAGGAGCGTTCCTGAGGGGAAGCTCCGCCTCGGTGATGTAGCCTCTCTGTATGAAAATATCCGCCTTTTCAGCCGGAACCTTTGCTATTATTTTGGAGTAGCCGTTTCTCTCCGCCAGCTCCTCCGCCTTTGCGGCAGTCTCCTCTCCGCAGGTAGCGGGAAAGGAGAGTATGTAAAGCCTGTCGCTGAATTTTCCATGGTGGACAGCCGCTCCGTCCAGATTTATGATTTTATCCGTCATCGTTTCTTCTCCTGAGTCTTTCAGTGTCCTCCGGAACGAGGGTTATCTTGTCGTCATAGTCAGCCATAAGTCTCTCTATACCTATGGCGGCGGGGTTTTCCTCTCCCGTCACGTTAAGGACGAGGCTGCATGTCTCGCAGTTCCTGTCGCAGAAGACAGGTTCGTATGAATCAGGCTCCTTGTATGAGCATATTACCCCTTCGTAGTTGCGGAGTATAACCTTGTTGGTTGACCATGATACCACATAGTTCGGACTCACGGGGATCTTGCCCCCTCCGCCGGGTGCGTCGATCACATATACAGGCACGGCGAATCCGCTCGTGTGCCCTCTGAGCGCTTCGATAATCTCAATCCCTTTCCCCACGGGAGTACGGAAGTGGGACAGCCCTTCGGAGAGGTCGCACTGATAAAGGTAATAAGGGCGGACACGGTTGCTGACCAGTTTCTGAACCAGCTTTTTCATTATGTAAGGGCAATCGTTTACTCCGGCAAGAAGCACAGACTGATTGCCCAGAGGCACACCGGCTGAGGTGAGCCTGCGCAGGGCTGCGGCTGATGAATCCGTTATCTCTCTGGGATGGTTGAAATGCGTGTTCAGCCAGAGATTCGGGTAACTGCCGAGAAGCTCCGCCAGTTCTTCCGTTACACGATAGGGCAGGACTACGGGCATACGTGTTCCGATTCGGATTACCTCCACATGCTCTATGGCGCTGAGTTCGTCCAGAATCCACTCTATTGCGGAATCAGTAAGCATCAGCGGATCACCGCCGGATATGAGCACGTCTCTCACTTCGGGGGTCTTTCTGATGTAGGCAAGCCCTTTCTCAAGGGTATCTCTGTCGGGGATGAAGTCCCTGTCTCCGACTTTACGCTTTCTGGTACAGTGACGGCAGTACATAGCGCACATATTGCTTACATGAAAAAGAACCCTGTCGGGGTAGCGGTGGGTTATGCACTCCGCCGGGCTGTCAATATCCTCTGACAGCGGGTCGCTCATCTCCCAGTTTTCGGTTATAAGCTCGTTAACAGAGGGGAACGCCTGCCTGAACACGGGATCATCCCGCCAGTTTTCACGGTCTATAAGCGAGGCGTAGTAAGGGGTGATGGCGATGGGAAATTTCTCCGCCGTCATCTCAAGCTGCCTGCGCTCCTCCGGTGTGAAGCTTATTCCCAGCACCTCCTCAAAGGTTTTAATGTCCTTAATCGTTCTTCGGAGCTGCCAGTGCCAGTTTTTCCAGTCCTGCATGCCGGAATCGGGCTGGATGGATTCGGCGATGGACTTTTGGTTAGGTGTGTATATACTCACTGTTTCCTCCTTGGTTTTGATTAATTATACCTTATGTAGATATATTTTCAACATGAAATATAAATATATCTAAGAATAAATCATCTTAAATGGGCATAAAAGGCTGTTTATGGAGTTTTTAAGATTATTTAGATGTTAAAAGTTCCTGAAATGTGCCGTTCTTGGTTGACAAACAGAAATCCCTCTGATATTTCCGTTTAATTTATGAAACTGAAGATCGTGATGTCCTCACGGATACGTGACAAAGCTGTGGACGAACTCACAGCGGAATATGTGAAAAGGATGGGCGCCTACGCCGAGTGCTCCGTGGTTGAGGCTTTTTCTCCGAACAAGGCAAAACAGCTCCCCCTGCTTCTGAAGGCGGGCGAGGGTATGCTGGTGGGCATGGACCCTAAGGGCAAAAGATTCACCAGCGAAAAATTTGCGGCTTGGCTGGAAAAAAAGCTTGAAGAATACGGCGGAGTTACTTTTTTTATCGGCGAGGCAGACGGACTGCACGAAGAGCTTAAGGCCCGTTTAGACGATACAGTCTCTCTC
CP035108.1_gap19	545009	545892	883	TTGTCTCCATCGACTTTAACGGTAACCCCCACTCATCTATCTTTGATGCCGAGCTTACAACGCTCATAGACGGCAAGCTGCTCAAGGTGTTCAGCTGGTACGACAACGAATGGGGCTACTCCAACAGGGTTGCCGAACTCGTTACCAAAGTTCTTTAATCCGGCTGCGGGCAGAACGAGATGGCTAAGAGCATAAAGGATCTTGAGTTAAAAGGAAGAAGACTGTTCATGAGGGTGGATTTCAACATCCCCCTCAAAGACGGCGTGGTTCAGGACGATACCCGCATCCGTGAGGCACTTGAGTCAATAAGATATGCCAAGGACGCAGGGGCGAGAGTTGTTCTCGCCTCTCATCTGGGCAGACCGAAGGGTGAGAAAAATCCGGCGTATTCCCTTGAGCCCGTTGCGGAATATATAAGCAGAAATTACTTCCACGTTGACTTCATAGACGACTGCGTCGGTGAAAATGTGCAGCAGACTGTCAGCAGAATGCGTGACGGTGAAGTGCTGCTCCTTGAGAACCTCCGCTTCTACAAGGGTGAGGAGAAAAACCTTCCCGAGTTCACCGCGGAGCTGGCGAAGCTCGCGGACGCTTATGTGAACGATGCCTTCGGCACATGCCACAGAAAACACGCTTCCGTTTACGGGCTTCCCGAAATCATTCAGGACAAGGCCGCGGGTTTTCTCGTTGAGAGGGAGATAAAATATTTTGAAAAGCTCTTGAAAAACGCGGACAGACCCTTCGCCGCTATCCTTGGCGGGGCAAAAGTCTCGGATAAAATAGGCGTAATCGAATCGCTCATATCACTCACCGACAGAATCTTCATCGGCGGCGCAATGGCTTACACCTTCCTTAAGTTTAAGGGCGTAAAAACAGGCATCTC
CP035108.1_gap20	560465	563131	2666	ACAGGGATCGCCGGTTCCGGCAATAAACGCAGAATCGCCTTTGAATCAGGCGTCCAGATCTGCGAACTCGTCCGTCAGGACATCAAACCCAGAGACATAATGAACGAGAAAGCGTTCAACAACGCAGTGAAGATGGATCTCGCCCTCGGCGGTTCCACTAACACGACTCTTCACCTTCCCGCCATCGCTTACGAAGCGGGTGTTGCGCTCAATCTCGACACTTTTGATAAATTCAGCAAATCCACGCCGCACATCACAAGCATCAACCCCGGCGGCGAATTTTATATGGAAGATGTTGACGCCGCAGGCGGAATCCCCGCTTTCCAGAAACGCCTTAAGCCTCTGCTTGAGGACAATATAACGGTAAGCGGCAGCACGATATACGAAATTGCGGACAAAGCCCGCATTTTTGACGAAGACATAGTCCGCCCGCTGGATAACCCCTACCACAAGGAAGGGGGCATCGCCGTGCTGAAGGGGAATATCGCCCCTAGCGGCTGCGTTGTGAAGCAGTCAGCGGTTAATGACGATATGCTTGTTTTCAGCGGAAAGGCAAAGGTATTCGACAGTGAGGAAGCGGCAATGGCTGCCATCCACGCTGATAAAATAGCTAACGGTGACGTAGTTGTGATCCGTTACGAAGGTCCCAAGGGCGGGCCGGGCATGCGTGAAATGCTTGCCCCCACCGCCGCCATCATGGGAATGGGGCTTAACAAAGTCGCGCTTATTACAGACGGACGCTTCTCCGGCGGCACAAGGGGACCCTGCATAGGGCACATTTCCCCCGAGGCTGCGGAAGGCGGCATGATAGCGTTAGTAGAGGACGGGGATGTGATAAACATCAATATCCCGGAGAGAGGTATCGGTCTCGCCGTTTCCGAAGATGAACTTAGGAGACGGCAGGCCCGTTGGGTCAAACCCGAGCCTAAGGTTAAGCACGGCTACCTATTGAAATACGCCAAGGGTGTTTCAAGCGCGGCAGACGGCGCCATCTTCAAAAGGGACTGAACCGTTTATCTTACCTTTTTAGTAGTTTGTAATATTCAGGAGAGTTTAAAATGCCCATCACCGGAGCGGAAATATTAGTTAAAGCCCTGCATGAGGAAGGAGCCGATCTCATCTTCGGCTATCCCGGCGGAGTGCTTTTAGGGATATACGACACACTTTTTGACGCGGATTTGCTCCACGTTCTTCCCCGCCACGAGCAGGGGGGGATCCACGCAGCGGAAGGCTTCGCCAGAGCCACGGGAAAAGTCGGCGTATGCTTCGGGACATCTGGTCCCGGCGCCACGAACCTTGTTACCGGCATAGCCAACGCCTATATGGACTCCATCCCTCTGGTTGTTTTCACGGGGCAGGTGTCCACAAACCTCATCGGCGGAGACGCCTTTCAGGAAGCGGACATAGTGGGCATTACCAGACCGATCGTCAAGCACAGCTATCTGGTTAACGATGTCAGGGAAATGGCATCCACCATAAAAGAGGCGTTCTATATAGCCAGAACAGGCAGACCGGGTCCCGTTGTGGTTGACCTGCCTAAGGATGTTGTGAATACCAAGGCGGACTTCAACTGGGATAAGGAAATAACCCTTTCAGGTTACAGCCCCAACACCAAAGGGCACCCCGGGCAGATACGCAAAATGCTCAGGCTGCTTGAGGGCGCTAAAAAGCCTGTAATCCTTTCCGGCGGCGGCGTTACACTGGCGAATGCGTCCGAAGAACTTAAAAAGCTGGTGGAGATAACGGGCGTGCCTGTGATCACCACTTTTCTCGGACTCGGCTCATTCCCGGGAACAGATCCTAAATGCGTTGGCTGGCTGGGGATGCACGGAAACAAGGCATCAAACATGGCGATTACCGAGGCGGACTACATAATCGCTGTGGGCACGAGATTCTCCGACCGCTCAACAGGCAAGCTCAGCGGCTTCGCTCCCCATGCGAAGATAGCCCATATTGATGTTGATCCCGCTTCCATAAGCAAAAACGTTCCGGTTGAGATCCCCATAGTAGGGGACTGCAAAATCGTTCTTGAACAGGCTCTGGAAGAAGTGAAAAACTTCAGCTGGGACAAGCATCAGGCTGAAAGGGGCGAATGGCAGGCAAAAATCGACGAATGGAACAGGGAGCAGCCGTTTTCCTATACGTTCTCTGATAAAGTCATAAAGCCTCAATATGTTGTGGAGCAGATCTATAAGGTCACAGAAGGGGATGCGATCATCTGCACAGAGGTTGGACAGCACCAGATGTGGGCGGGTCAGTTCTATAAGTTCGACCGTCCCCGTCAGTTCATCTCCTCCGGAGGTCTCGGCACAATGGGCTTCGGTTTCCCCGCGGCAATAGGCGCCAAGATGGGCATGCCCCACAAAGAGGTTTTCGACATAGCCGGTGACGGCAGCTTCCTCATGAACATACAGGAGATGACCACCGCCGTTCAGTACAGAGTGGGTGTGAAAGTCGCTATCCTCAATAACTTCTTTCTCGGAATGGTGCGGCAGTGGCAGCAGATGTTCTTCAACAAGCGCTACAGCAGCACATGCCTTGAGTGCCAGCCGGATTTCGTGAAGCTGGCGGAAGCTTTCGGCTGCGTGGGTCTGCGTGCGGAAAAACCGTCGGAAGTTGAGGCGGTTCTCCGTGAATCCCTCAAGATCAAGAATCTCCCGGTTATA
CP035108.1_gap21	576342	578193	1851	ATGATATAGATATTAAGCAGCCGGAGGAACCTATGACGCTCAGCCCTAACGAACTTGCAGTGATGTTTCTTTCGCTGGGTATTCTGCTTTTCACCGCCAAGCTTTTCGGCGAGATAGCAAAGAAGTACGGGCAGCCCTCCGTTCTCGGCGAAATTCTGGCGGGGATAATTCTCGGTCCCACTGTGCTCGGTTTCTTTGCGCCTTCGGTTACTGATTTCCTTTTCCCCGCCGAAGGTCTCAGAAAAGTTGTCATGGACAGCATAGCCACTATCTCCATTGTTCTTTTCCTCCTTGTCGCCGGTATGGAAGCGGATATAGGCACGATCCGCAAACAGGGCAGACAGGTTTTCAGCATAGGTGTTTCAGGAATTGCCGCTCCCTTCATAATGGGCTTTGCCGCCGCATATTTTTTCCCGGGGCTTTTAGGCATGGAAGCGGGGGGAGAGGTGCTGTTCTTTGCCCTCTTCATAGCTACCGCTCTTGCCATATCCGCTCTGCCTGTTATCGCCAAAACTCTGATGGATCTTAATTATTACAAAAGCGAGCTGGGCATGCTCATAGTAGCCTCGGCAATTTTCAACGACATTGTCGGCTGGATGATGTTCGCCGCAGTGCTGAGTCTTGCGGGCAAGGGCGATGTGAGCCATATGCCGATTTACGCTACCATAGCTCTGACACTGCTTTTCACTCTTTTTATGATAACAGTGATGCGCAGACTGATTCATAAAATACTCCCGTGGGTTCAGGCGCATTTCAGCTGGCCGGAGGGGATTCTGGCGTTTTCGCTGGCGCTTACCATGGTCGGCGCCGCAGCCACCGAGATGATAGGGATCCATGCTATCTTCGGCGCTTTTCTGGTGGGGCTTGCGCTGGGCGACACTCACCATTTCAGGGAAAAAACCAGAACAATAATAGAACAGTTCGTATCGTCATTCTTCGCGCCGCTTTTCTTCGCCAGCATAGGTCTGAATGTCAACTTCATCACCAATTTTGATTTTACGGTAACGGCACTGTTTCTTGTGATAGGAACAATCGGCAAAGTCGCCGGATGCAGCGCCGCCGCCCGTTTCTCCGGACAGGGCAAAAGGGAGTCTTTCGCCATCGGCTTTGCCATGAACGCCCGGGGAGCCATGGAGATAATTCTCGGGCTTGTTGCGCTTAATTTCGGGCTGATAAGCGAGAAGGTTTTTGTGGCGCTGGTTGTGCTGGCGATAGTTACTTCGGTTATCAGCGGTCCCGCTATTAAGATGCTTCTGAAACTGAAGAAAAGCTTTAACTTCAGGGATTATCTGGAACCGAAGGCATTCGTTCTGATAAATAATCCTGTTGATAAATACAGGGCTATCGAGATGCTTTGCGCGCCTCTTTCGACAGTGACAGGAATCCGTTACGACACAATACGGGCGGCTGTTATGGACAGAGAGAGTATTATGCCTACCGGACTCAAAAACGGTGTTGCCATACCCCACGCGAGGCTGAGAGATTTGAAAAAACCTGTGATCGCAGCGGGAATCACCTCCCACGGAATAGACTTCGGCTCAACGGACGGACATCCCGCTCACTGTGTGTTTCTGATCCTCACCCCGACGGAGGACAACATGGCGCAGCTTGAAATTCTCTCCGGTATAGCAAGGACCTTCAAGGAGCAGGAGTTCGATTCCAAAACCGTGAGACCGAACAACTTCACGGAGTTCATCTCAATGATAAAAAGCAACGGCAGCGCATAAAAAAGGAGCCGGAAGGCTCCTTAGTTTGTTGGCAAACTCCTGTCGCTATGCGGCAGTCTCTGTTTTTTCTATCCGATCTCTTTTAAACTGTCATAATGAGCAGCGATTGTCTTAGCCAGATCCT
CP035108.1_gap22	739241	742073	2832	TAATAACCGATTTTGACAAAACCATACAGCCCAGAAAAGAAACTAATAAATAAAGGAGTTTACCATGCCTAACGTTGGTTCGGAGTTCAGGGGACTGCCCATTGAGGAGCTCATAGCCGCGCCTCTTAAGGCGGCGTGCGACGCGCAGAAGCATCTGGCGGTTTCAGCTTTTGCTTTTATGAAGGAGATAGGCTTTGACGGCGATAAGCCGAGGCTGCTTGAGTTTAATCTTCAGCGACCGCTGGGTGATCAGGGCGGAGTGTCAAATGTGAAGGTGCAGGCGCCTTTTATCGGACTCGTGCCGATTCCGTCGCTCCTTGTCGATGATGTTCAGATCGACTTTCAGATGGAGGTCACAGACACCGCAACGGCAAAGGAGACAGATTCAAAGAGCGTGGACGCTGATGTTAACGCTAATTTCAAGTTCGGTCTATTCGGCAGCGGCGGGATCAAGATTCACGGCAATGTCACCTCCACAAGAGAAAACACCAGAAGCACCAACCAGACAGCGAAATATCAGGTTCGTGTTTCCGCCAGACAGCAGCAGCCCACGGAAGGCTTAAGCCGCCTCATGGACATTATGGCATCCTGCGTTACGCCGATTCCTGTTTCCGGCAGCGGCGGCTGACGGAAACAGGAGAATACTCATGTCTTTCTCGGCGCTTTTCAGAAGGGAAATAGTTAACTGGATTGGTGAAAACGAGCGTAAAATAAACTATATCAGCAGGCTGCCCGGCGGTTTTGAAATATGGTTTCAATGCGAAATGGCATGCTTCTTTAATTCTAATAACGTGTTCTTTGAGCGTGAGGTGAATGTATACCGTAAAGCGGATTTAAAGGCTGACTTTTTACTTCATTTTGATGGCGAAAGTTATGTGGCTGAACTGAAATGCCAGTCATTCTATAACCGCGGGGCATTTTATCCGAGCATAATAAGAGATATAGAGAAGTTTTCGCAGATAAAGCGTGAATACAAGGACTATAGGAAACTTGTTTTCGGGCTTATTACAGACGGTTACAGAGGGGAACTGCTGGAGTATGAGCGGGGTGAGAAGGAGTGCGAGCTGTGTTCTATAGACACCAGAGGTGCTTTGGGCTACGCTCTTATCTCTTTCAGTCCTTAAGAAGGGCTGCCGTTTTAGCGATTATTTCCTCCGGAAAGCGCCCGTCCGTGAGGAGTTTTTGATTGAGTTCAAGTTCAATGCCGGAGTAATCCGCATCGGGTATGAGCTTGCGGAGCCATGCAGCCGTGCCGTCGGATTTGCCCTGATATGGGCTGTTTTTCATCACCTTATACGGCAGTGTCTTAAGTCCCCTAGCTAGGGCTGCTGCCGCCGCTTTTTCGCTCTCTCTTGCCGGATTGTAAAGAATGCCTATGTCCGCCTTCCGTATATCGCCGTTCAATACCGGAGTGAATGAATGAACGGAAATATGGAGCACAGGTCTTTTCGCTTTTTCCGCAGCCTCAAGAACTTTTTTTCTGAACGGCGTGTGGTATTCATCGAAAAGCCTCTGTTTTTCCGTTGTACTGAGGTTTTTGGAAAATTCCGAGAAGACCGCCCTGTTGTGCGGCGAGCGGTTGAGGTCGATGATCAGGCGTGTGATGCTGCCCGTGATCGGAGTTATGCCGAGCAGCTTTCCCAGAAGAAGTGCCGCCTCAGCCGCTCCCGCGTCATAGCCTCTGTGTGATCGGAGAATGTCTTCATTTCCCCTGAACATATACCCGAACTCCGCAGGTACAGTGTTTACGGCGTGCTCACAGATGACTATTACGCTCATGGCTGAAAGAATCTGTTTTCCGCCAGACACTCAGCCAGTTCTCCGTAAACTTCCCTGAGCCTGCCAACGGAAGGTCTGTTTCCAGTTTGGGACATTATTCTCTCCGCAAGGGAGTCAATGGAGCAGAGCTTCACCGCTTCGGCTTTATACGGCGCGTTTTCGGGCATCCTTTCAGCCAGCTCAAGGAGCAGCTCAGCCGCCGTCACCTTGCCTTCGATGTTCAGCAGGCTGAGATACGCAGGGTTTTCTATGTCCACATTGCGGGCGTCTTTCGCGCATTTATTCATGAGGTCAACCAAAAAAGCCTGATCCGCCTCCTTCTGTGAGGAATAGGTGCTCCACCCGCCGCTGATCAGCTTTTTCAATGTCTCTGTTATAAGAGAAACCGCCGCCATATCCGCCTTGGGGCATTCCTGTATATCCATAAGGCGTATCTCTATCGCCCTGCGGTCAAATCTCGCTATGGCTCCTCTTGAGTTCAGCCACTCCTCCTGAAGTATGCACTCCGGATCATAGGGTGCTATATCTCTGTACATGGGCTCCAGTATCCCCTTTTCGTAAGCTTCCCATGAAAAACACGGCTCGGGGATCACCTGTCCGGTGATGAAGGGGATCTTCTTCTGATTGTTTCTGTAAGTGATTATTCTTGTGTCCAGCCAGCCGGTGTGTTCCCCCTCACGGAACGGGGAGCTTGCGGCGAGAGCCGGAATCAGCGGCAGAAGAACTCTGATCGCCGCATGGAGTCTGCCGAATTCCTCGTCAGTGGCGAAGGGAAGGTTAATGTGGGTGCTCTGAAGATTTGACCAGCCGTGCCCCTTGCAGTTGAAAATCCTGTTGTATGTTTCGTATATTTCCTTATCGCCGTGGTTCCAGAGGTGCATGTCCGTATCGGGGTTCATGAACGGGTGCATGGCTGTGGGCATGAGCATCCCGCCAGACCCGCTGAGGATTGCGTTTATTTTTGCGATGTTTTCGGCAAACTGAGTGTCCAGCCCGCTGATTTCCTTCGCCGGACCGTTTGTCTTAAGCTCTATTACGTGCAGAACAAGCTCG
CP035108.1_gap23	743246	748206	4960	TTTCCTTGAGCTTCACAAAGTCCGCCCGCACCATGGGGGCAACGAACATTCCGAAAAGGCGTGAGCTGAGCTTGTCGTATCTCTTGGCGAGGTTGCGCCCGAAGTATATGCTTAAGGTAAAGCTTTCGGATGTGAGATGTCCGAGGCTCTTCTGTATAAGCTCGTCTATTTCATCGGAAATAAGCTTCGCGAACGCCTTTGACTTAAAGTCCTGAATGGTCATAACATTCGGATAGGGTATATGGTTTCTGGCTGCCGCCAGAAGCGAAACATAGTATCCGTAGCTCTGGTACTGGTATGAACGGCAGAGGTTGAAAACCTTAGCTTTTTTCATGGTGTTGAATTCAGGGTCTGTGAGGTAGTTCCATGCGGAAACCACTCTTGCGTCGGGAGTGTCGAACTTCCATTCTGAGGGTGTGTTAACTACTATAATATTTGTCATTTCTGCACATCACCGTCCGTTTCATTTTTTTCGATAACCAGCAGTTTGGCATCGTATGTGAGAACGCCCAGAAGGATGGCATTTATAAGATGCGTCATCCTTACGCTGTAGCGGCTTGTTTTCATAAACGGGTTGGGGAGCATGGGATCAGCCACGCTCACTTTTTTCGCCGGTTTATCGTATCCGGTTATGACAACAAAGTGACCGGAGGGTTCGCCTCTCAGGTCGTCATAGTCGGTGTTCTCAGGTATCTCTCTCGGGCTGCGGTAAAGGTATGTGGCGCTCAGCGCCGTTATTATGGGAGTCTGCCTGTCCAGATATTTCCGTATGAGGGCAGGGGAGAGATCCGCGAACTTCAGCTCACCGCCGAGTGTTAGGAACTCTATATACTTTTTGGAAGTATAGCGCAGTTTGCTGTCATTTTTCACTTCCATCTGCATTTTCAGCTTTTTAATCATACCGTCAGGGGGCAGCCTGAACCATGTAGGGTCGAAAACCATAAGGTTGTAAGAGTAAATCGTTGCTTTATAGCCCTTTTTCAGTGCGTGCAGACCGAGGATCACGGCGAGGGTTCCGCCTGTTTCCAGCTCGGTTATTTCATCTCTGAGGGTAGAAAGCTCTATGTCTTCGCCGTAGTAGGAATAAACGGCGTGAAGGCATGTCGGACCGCAGGAGGTATCATCCGGCTGCGGAAGAATGCTTATGTTCATGTCTCTGTTCATATGCGCTCATCCATAATTGTATATTTTACCTTTGAAGATAAATTATCAAGTATAAGTTAAGGTTTCTCCGCTTAAAGAGCCGCAGCGTCTCTGAATATGAAATACGCGGCACCCACCAGACACATAGAAGCGTAGAAAAAGTTCCGTGTCACAGGCACATTCATATACCACACTGCGAAAACTGCGAATACCCCCATGGTTATTATCTCCTGCATAACCTTGAGCTGAGGCAGGGTAAACATGCCGAAGCCGTGCCTGTTTGCCGGAACCTGAAGACAGTATTCAAAAAAAGCAACGCCCCACGAAACAAGAATAGCGATCATAAGCGGCTTGTCTCTGAGAGTCTTGAGATGACCGTACCATGCGTAGGTCATGAAAATGTTGGACAAAACGAGAAGAAAAACTGTGCGGAACAAAGCCTGTACCTCATTCCCGTACCTGAAAATATAGTGGACGGACGAGATCAGACTATAATCCTATTTATGAGCAAATCAATATTTATTTGACGTGTTGCTTTCTGTTTTTCCCGCCGTATGCGAACAGCATGGCGCATGCGACCATGAGCCCGCCTCCGGCAAGGTTTCCGAGGGTTACGGCGATTATGTTTCCGGTGAACATGCTCCCCCAGCCGAGAACAGAAAGGGACGCCGGCTCAAGCCCGCTTGCAGTGACTGCCGCGGGAAAGGATTTGGCGAATATACCGGCAGGGATGAAGTACATATTCGCCACTGAGTGCTCAAACCCGCTGGCGACAAAAGCCATTATGGGAAAAAAGATTCCGAGTATTTTCCCGCCAATGTCCTGCGCACTCATCGCTATGAGAATAGCTAGGCACACCAGCCAGTTGCATAAAAGCCCCCTGAAGAAGTAAGCGTATTGATGCTCTATCCCGTAGACAGGTTCAGCGGTTTTGGCATAGGCGATCTTTATCGCCGTAGCACCGAACTGCCCGTCAGTCAGTCCGGTTCCCTTCACCACAAGCAGGGCGAGAAGCACGGCGCCTATGAGATTGCCCGTGTAAACTATCATCCAGTTCCGCAGCATGTCAGCGGCGGTTATCCTTTTATCCGCAACCCCTGCGATCATCATCGTATTCCCTGTCCAAAGCTCAGACCCCGGGATGACAGCCAGCATGAGCCCGAAGGAGAACACCGCTCCGGTGAGGAACCGCTGAACACCGACCCACTCTGTGCTGCCTGTGGTTACCATGGTAGCCAGATGTGCGGCAAAGCCTATGTACGCTCCCGCCAGAAGCGCCAAAACAAATGCTCTGGAAGCAGGCAGAGCGCATTTTGCGGCGGCGGTTTCAAGCATGGCTTCGGTCATTTCGGGAGGGGTGAGGAATTTCCGCATCAGGCACCTGTAACAGAGTATGTTCGTTTTATTTTTTGTAAAAAAGAAGAAATTTTGATGATTAGTTTTCCGGAAAGTTCTATAATTCTATAATATCTGTACTTTTTATATCAGCAGGTGAAAAAATGCAACTTTTAATGACGGCAATGTCCGTCAGCGAGAAGATCAGAACAAAAGGAATCGAAATCGGCGAACGCACATCCCATCTCCCGCTGAGCTTCCGGCTGGGTGAGGATCAGTGGGTGGTTATCTTCCGTTTCGGCGTGGTTGTCACTGTCGGTCTGAGCGATAAGGAGAGGAATGACATTCTCTCAGAGCTTGAGCCGTTTATAGATGAGCCCGACACTTCTATTGAAACTGAGAGTCTGTTTATCCAGACCGGATCAAACGAAGATAAGTTTGAGGGCGATTATGTGCGGGTGACGGAGCTTACCCGCCAGCATGTTCTCACAATGGCGGATATTCTGGCGAAAAGCGTAATGCTCGGCAGGTATGAGGCTGCCATGTCTGAGGTTTTTCAGCAGATAGAGCCCCTAGCCCTGCGTCTGAGATCCGGTGTGGGCAAAACCCGCACTTACAGAGAGCTGGTGAGCACCATCGGCTCGGCGCTGCTCATTCAGCACACCATGGTCGGCGGGGTTGAGGTGAACGAAAAGCCGGAGATCCTGTGGGAACATCCGGAGCTTGAAAGGCTTTACCTCAAGCTTGAGGACGAGTTTGAGATAATAGAGCGCAGCAAGGCGCTGGAGAGGAAGCTCAAGCTAGTGACCGACACCACGGAAAAGCAGCTCGGTCTTCAGCACAACGCCCATTCGCTCAGAGTGGAGTGGTACATAGTTATTCTGATTATTGTGGAGATAATGCTTACTCTTTACGAAATGTTCATTAAACATGTATAAATAGTGTTAATGGTACCTCAGCCGTCTTGGTCGGGCGGCTGTTATTTATTGACGGGGGTGTATTTTGGCGGGGTTCCCGAGGGAAAACTCATATCTTCGCGCGGAGGATTCAGCGTCAGGTGATGCAGACGGCATCAGCTGGGGCTTTACAGCCAAAGCGGCGAGGCTGATAATGAAATCGGCGGTGAAATACTATCTCCGCTTTTCGGAGGACAGCGTAACTGTTCTGCCTCCGGCTGACAAAAACAAGAGCTATCTGCTCTATCTTCATGTGCCTTTCTGTCTCACTCTGTGCCCTTACTGCTCATTTCACAGATTTAAGTTTAATGAGGAAACTGCAAGACGCTATTTCAGCCTGCTGAGGGATGAGATGCGCATGACGGCACGGCTGGGCTACAGCTTCAGCTCGGCTTATTTCGGCGGCGGCACAACGTCTATTCTCCCTGATGAGCTGGCAAAGACAATTGACCTTGCCAGAGAGCTTTTCGGCATAACCGAAATCTCCTGCGAGAGCGATCCCAATCATATAGATCCCGAAAGCCTGAAATACACCGAAGGGCGGATAGACCGTCTTTCCGTGGGGATACAGACCTTTAACGATAAATATCTCGAAAATATAGGCAGAAAAACGAAGTTCGGCAGCGGAGCCGAGCAGTATGAGAAGGTGCAGGCTATACTGAAGCACTTTCCCATCGTGAATGTGGATTTGATGTACAACTTTCCCGGGCAGACTGAGGAAGAGCTTCTGGAGGACATACGCAAGGTGCGGGAGCTGAACCCCCAGCAGGTGACTTTTTATCCGCTTATGTACGCCCCTTTTGTGGGGAGAAAGCTCAGGGAAAAGATTGGTAAATCAACAAACGAAAATGAGGCAAGGCTCTTCGCCCTCATCATGAAAAACATGACCGAACCGTACATTCAGCGCACATCATGGGCTTACGCCCTGAAAAAGAAGGAATTTATAGACGAATACGTTGTGGATCACAGCGAATATGTGGGCTTGGGTTCGGGGGCATTCAGCTTTCTGAACGGCACTCTGTATGCCAATTCGTTTTCTCTTAAGGAATATGCGGACCGTGTGGCGGCGGGGATGGCTTCCGTGGTAAAAAGCACTGCCTTCGGCAGGCATTCGGTTAAGCAGTACCGCATGATGGTGGAGATGTTCGGTCTCCACGCCGAGCCTCCGTACAGACCTTTTTTTGAATATAATGCCCTTAAAGCTGTGGGCGCTGTGAGCAGACGGGATGGTAAGACCATTCTCACCCCCAAGGGACGTTTTCTTCTTTCCGTAATGATGAAAGGGTTCTATAACGGTATGGACTATATAAGAGAATCCATGAGAGCAGACCTTAAGGCGGAGGATGAGAGAATCTGCCTTGGTTGCAGGGAAGATGAATGACGGAAAATTTTTTTGACGTGGCTGTAATAGGCGGCGGTGCTGCGGGGCTTATGGCTTCGGGGTTTGCGGCTTCCGCAGGGGCAAAGACCGTGCTTCTGGAACGGGGTTCTTCCCTCGGGCGCAAGCTGCTGATAACCGGCGGCGG
CP035108.1_gap24	915634	916815	1181	GATGCAATTTTACATCAATGATGCAGTGTGGAATCATTTTCGTCAATATACTTCTTGCTTCCTCCGCTCCTTTTTTAATCTGCGGATACGCAAAACGCGCTGCCCGTTTTCCGCGCGGAAAATATTACGATAACGCAAAGCATGTTAAACAGACGGACAGAGCAGAGAAAACCCGTGTGAAACATGGTTAATTTCATTCTCCGGCAAACCGCCGTCCGAACATGGAAATAAGCATGCTTTCATTTTTACGGCTTTTTCTTTGTGGCATGCAATGTGCTTAAAACTAAGTGGCTGAACTCTGCCGTTGTCACACAGAAAGCACATAACGGATCGGCTGAATACCACTTATTATTTTTTTTCGTAGCGGGCAGACACTTACTCACGATTTTGCTAATTATAGCCTGATGACTTATATCATTCGGGCGGGGAAGTGCAGTCTTGAACAGGAATGCCAAAAATCTTCTGATATGCGCCGTTTATAAAGATTTCGGCGAAGTTGCAGCATTAAAAAGTGTAGATCTGGAAGTCCGTCAGGGTGAGTTTTTCACGCTGCTCGGACCTTCCGGCTGCGGAAAAACAACTCTCCTGCGTATTATCGCCGGTCTTGAAATACCCAGCGACGGTTCAATAATTCTTAATAATCAGAATATTACCTCGCTCCCCGCTTCCAAAAGACACGTCAACACGGTTTTTCAAAGCTATGCTCTTTTTCCTCATCTTTCTATTTTTGACAACGTTGCCTTCGGGCTCCGCTCAAGAAAGGTGCGTGAGGACGATGTACGCAAACGTGTGAGCGAGTCGCTTGAACTGGTGGAGATGGGAGCCTTGATAAACAGAATGCCCGATCAGCTTTCCGGCGGGCAGAGACAGCGTGTGGCAATCGCCCGCGCCATAGTCAACGAGCCTGAAATACTTCTTCTGGACGAGCCCATGTCCGCGCTTGACGCCAAGCTCCGCAATCAGGTCCAGGAGGAGCTGAGACGCCTCCAGCGCAAGCTGGGAACCACCTTCATCATGGTAACTCACGATCAGGCGGAAGCCCTTGTGTGCAGTGACCGTATAGCGGTTATGAGCGCAGGCGAGATTGTTCAGTGCGGAACCGCGGAAGAGGTTTATGACTATCCCCGCAACCGCTTTGTGGCGGAGTTTCTGGGAGCCGCAAACATTCTGAAATCCAAGCG
CP035108.1_gap25	920627	923668	3041	TTGACCATGAACACGACGAGCCTGTGACCATGGGGCTTCTGGCTGATTCCGTGCTGAAAGGCGCAAAGGATATAGAGTTCAAGTACGGCGGTCCTCAGATTGAGATGTCCGAATATCTGTACAAAGCAGGTATACTCAATAAAGATACTGTTCAGGTAAAAGGGGTGGAAGTCAGCCCGTTTGATGTGCTTATGAAGGTTATTCCCCGTGCTCCCCGTTATGAGCATGAGATTCAGGCTGTGATAGATAAGGGAATTATCAAGGACGAAGGCGCTTTCCTTGTGCGTGTCAAAGGCTCGGTCGGGGAAAAAGGTGTTCAGATAGACAGCTATACCAACTTCCCCGGGCTTGAGGAGGCGTTCCGCAAAGCGAAAATGACTCATGAATCATACTCCACAGGTCAGTGCGCCGCGGTTTTTGCGTCTCTCATGGTTGAGGATCTGTGTGAAGAGAACGGAGTGATAGTGCCGGAGCAGCTTGATGAAAAAGGCAGAAAATATGTTTTAAGAGAACTCGGGAAGCTCAGCATCACAGTTGATGAATATGTGAGCTGACGTGCAGTGTCCGCCGCACACGCTTGTGATGACACGGCAGTCCGGTTTTAAAAAACAAAGCCCCGAACCTTGAAGGTTCGGGGCTTTTCAGGTTTTATTTTTTCAGCACTTTACGCACGGAAGTTTCAAATATGTCCATAGCCTGCTTAAGCTGTCCGTCAGTCAGCACCAGAGGGGGCAGGAAGCGGATAACATTTCCGTAGATTCCAGCGCCGATTATCAGAAGCCCCTGTTTGACGCATTCGGCTATTACAGCCGCCGCAGAAGCCTTATCCGGCTCCTTGGCGGCGGGATCCTTCACAAGTTCGATGCCTATCATAGCGCCGAGACCACGGGTATCTCCTATCTGCGGGAACTCAGCCTGAAGCTTTTTAAGCCTTGCCATGATTTTTTCACCTATGGCAAGCGCCTTGGAAGCGAGATCATTTTCCTCCATAAAGCGGATGGTGGCAAGAGCCGCCTCGCACGCAAGGGGATTGCCGCCGTATGTTCCGCCTATTCTGCCTGCGCCGGCTGAGTCCATTATCTCTTTTTTGCCTACAACAGCGGAAAGGGGCATTCCTGAGGCGATGGACTTAGCCAGAGTCATAAGATCCGGAACCACATCAAAATGCTCGACGGCAAACATTTTTCCGGTGCGGCAGAAGCCTGTCTGCACTTCGTCCGCGATCAGAAGGATCCCGTGTTTATCGCAAATTTCTCTCAGACCTTTCCAGTATCCTTTGGGCGGGATATTGAAACCGCCTTCCCCCTGCACCGGTTCAAGTATTATTGCCGCTATATGGCTGGGATCAGCCTCGGCTACGAAGAAACGCTCAAAATAATCAAGGTAAGCCCTGCAGGCTTCATCCTCGGAGACGTGAAGCTGACCCCTGTAAACATTGGGGAAGGGGACTTTATATATTTCAGGCGCATAGGGACCGAAGCCGTGCTTGTACGGCTTAACCTTGCTGGTAAGGCTCATGGTGAGGAGCGTTCGCCCGTGAAATCCCGACTCAAAGGATATTATACCCTGACGCCCTGTGTATGCTCTGGCGATTTTGACAGCGTTTTCCACTGCCTCCGCTCCGCTGTTTACGAACATTGCCTTTTTGGGCATATCACCCGGAGTTATTTCCGCAAGCTTCTGCGCCAGTTTGACATAAGGCTCATACATTGAAACCATAAAGCATGAATGCAGAAGTGCTTCCGCCTGATTTCTTATAGCGTCCACAACTGAGTCCGGACAGTGTCCGGCAGTGGTTACGCCTATTCCGGAATAGAAATCAAGATAGCGGTTGCCGTCTATATCCTCTATCACCGCTCCCTTCGCCTGCTTTATGAAGATAGGCACAGAGCTTGAGATCCCCTCTGCAACATATTCCGATTTAGCTTTTATGAGAGCCGCTGTCCTGCCGCTTTGCTCTGAAACAACTGCTGCCAGTTCGGTACCTTTTAACATTGCTCCTCCTTTTAAAAGAACACTTATTCTTACCTTGATACTAAGCAAGCAGAGTGCCAGATGTTCCAGAGAGGGTGTTGTCCTTATTATTTATATCAGCCTTTCTCTATCATCTTTCAGTAACCGTATTGTCCGTCATTGACATGCTCCATCCATTGAACCGTCGAACCGTTGAGAGGTGCTGAGATTGCGACATGAGACATGGGGCTGTCCGGTGCGGCTCCGTGCCAATGGCGTTCATTCGCCGGAATCCAGACGACATCGCCCGGCAGAATTTCCTGAACAGCTTCTCCTTCAGACTGAACCAGACCATGCCCTGAAATGACAATCAGAGTCTGTCCTAAGGGATGGGTATGCCATGCTGTGCGTGCCCCAGCTTCAAAGTTTACGATTCCTCCCTGATAACCGTCCTGCTGTTCTGATGAGAATCTGGATTCAACCGTGACACTGCCTGTGAAATAATTTACTGAACCCTTCGCAGGTTTTTCATTTCTGATGACTTTTGCCGATTTCATCCTGTTCGCAGGAAGGTCTGCACCGAGCAGATCGTAGAGAGTCTCAGCGGCTCTTTCTGCACTTTCGGCACTGACTTCTTGTCTGAGCACAGCAAGAAAATCTTCGAGCTTAGTTTTATCCAGCCCCACATTCATTGAAATTCTGAGGTGCCCTTTAAGCTGCGCTTCCGTACCCGCCATTGCCGCCAGAATGCTTATGGTCACCAATTCCCGTTCCTGATGGCTGAGCACATCCCGATAAAATATGTCGGCAAAAAGGTGATCCACTAAAAACTGGTCAATGACAGGGGTAAAAGCCGAATAACCGGTTGTACGTTTTGACATATCAAAACCGGCGAGAGAGTTTCTGATATTATGACCGTACGTTGTTTTATCGAAACCGGAGGGCATAGGAGCTGCCTCTCTGCCTGTTTTGTCATTTACCCCTTGCTCTTTTCGTTTTTCCAAAACAGCCATGAAAGCATTAATACCGTTCAAGGCACGGGGAAAGCCTGCATAAGCATATGTATGCACCAGTATTTCCTTAACTTC
CP035108.1_gap26	998910	1002110	3200	CAAAAAGGTTTGAGTAAACCGTGTAGAGTCCGTTTATGTATGAGAGAATGGTGGCTATTCTTGCCCGATCCTCCGTGCTCGGAGACGGCGCAGCGCTTAATATGCGGCGGAAGGCGGAGGTGAGTGCCCACCAGCGGCAGTCGTTTGCGCGCTCGTAAAGGTTTCTGTCCATTATATCCACAGCCAAAGCCGCCCAGAACCACACATTGCCCAGAATGGAATCCACCACGGTTTCGTGAAGGTTGCCTATGGATTTCTCGAATACGCTTTTAGTGCGCGCGCCGGCGTCCGAAACGCTCCAGAGAAGTATCTTGGAGCGGGGATCGTTTCCCTTCACATTGCCGTTCCACACGGTGCGTTCAAGCTCGCCCTGTATTTTGTCCGCCTGAACGGGGATGCTGCGGAGCTCTTCGGAAAAAAGCCTTGGGTCGCTCATCACCGCTTCCATTATTCTGCGGTCTATGCTTTCACGTTTCCCGTTTGCGGAGGAAAAGGCGTTTTCTATGGGCATCATCACATGCCCGTACCAGCCGAGCCCGAAGAAGCCCTGATACCCTTTTGTCGGGCAGGTTTTGGCAATATATTTTCTTCCCGCGAATTTGATTATGCCGTAGGAATCCTCGCTTACCATCTCAACGGGAGCACCGATGGGAAGCTGGTAATGGTCTGAGCTGGCTATGACCTTCCCTTCGCTGTCAAGGATTGAGATAACAGACCACTCGTCGCCGGTTTTCAGCTTGCGGAAGATCTCCTTCATCTCGTCCTGAAACTTGAAACAGAGACAGAGAACACCCAAATAACGGAGATTCGCTCCGTCAGTCACTCGGTAGGCATATATGAGAGATTTTTCATGAGCCGGAAGAATGTCTGAGTGTCTGAAAACCTCCACAAATTCGTCCTTGGTGGTGAGCGCTTCTTTTATCAGAGGATCGGCGGATTTCGTGATCTTATTGTTTTTATCAAGCTGAACAATGACCTGTCCGTCGGTATCCAGAAGGACTATATTGAAATAAACGGAATATTTTGAAACATATTCGGCGAACCGCTCCTGAATGCGGGCGGTCATTTCTTCTTTTATGCGTGTGCGGTTTATCTGCTCCTCGTCTCCGGTGGGAAGTTTTCTGAGCTCTTCTGTTCTGATGATATATTCTCTTATGTCATCATCCGTGGCGAGGAAACCTATATCCGCCGTGCGCTCAAACAGGTTGCGTATGAGTATGTCAACGGCGACCTGCGCCTTTGAGCCTATCTCCTGCACAGTTTTATCAAGCAGCTCAAGCCCAAGCTGGCTGAGAAGCTCGCAGGTCAGATGCCTGAAGCCCTCACGGGTTCCCGTCATGTCTGTTCCTGTGCCGCTTATCTTGCCTAAAATACTCAGGAGATCCCACTGACCGCCCAGTGTGCGCAGCTCTTCCCTGTATTCCTCAACCCCTGCCATGTAGCTTATTAAGCCCATCAGCTCTTTCGGGATGACAACATCCTTATAGGTAACCGTATCTTGGACTGACATATTGATTTTCCCCGTTTTGGAACAGATTTAACTTCATGGGGATAAGCAAAAAATATGCCTTTATAAATAAATCCAATAAGGTGAAAATTTCGTTACCTGACAACCTTTAAGAATAATTATCGATTGTGCTTGTTGAAACTGATTAAAAATAAGGCAAGCGTTGTGGATTAATTAATCGCAGCTCCTGCTGCTTCCGCATGCTGAAAAAACCGCCGGAGCGCTGCTCTCTCTGGCATCCATCACCACTCTGCGGATAAACTCCAGCTTTCTGTAGACCATGTGTTTGATAACAAACGGATATGCGTCAAATTTGCCTACGCTCCTGTTTAGGGCGTTCATTGCCACTGTCAGCTCCATCCATTTGGCGAATATCTGGCGGAAGTTGTCTCTGCGGAATTCAAGCTTTATGATGTTGAAGGATACCGCAGTTTCAAGGGTGTCGTTCATGTGGAGGTAGTGCGCCCACGTTTCTGCCCAGTCCTCAAGGGGGTGCATGCCGGCATAGGCGCTTATATGATATTCCTGCCAATCGGTGCGGGGACCGTTTTCATAGTAGTTTTTGAGGGCGATGTCATAATCCCAGTAAGGGTTGCCGAAGATAGTGGTGAATTCCGGCTCCCAGCGGGTGTTCTGCACAAGGCGCATCCAGTAGTAGTGACCTATTTCATGACGGAAGTGACCGAGATTTGTACGGTAGCGCTCATTCATCTCCTCACGCACTGCGACCCTGTATTCAGGGTCGGCTTCCGCTGCATTTACGGTTATCACGCCGCTGCTGTGCCCTGTGTATATATGCTCCTCCGCCACGAGGGGGTTTGAGCGCCTGTCCTCCAGAAAGTCAAAAACAAGCCCTTTTTCGGGGTCTTCCTCTCTGGTTTCAAAGGTGAGCCTGTTGTTGAGAAGGTTGTAGATCATTCGTCTTTTGGCATCTTCCAGTATGCGCCAGCGTTTTACGTTTTTCGGTATGCTCTGGTGCGGAATAACTCTCGTAAGGCGGCAGCTTTGGCATTCTGCGTGCGGATCATCCTCTGTTATAAGCCAGTTGCAGGCAAGCACCTCTTCCGCCCTGTGCTTGCAGAGCCGGAAACGGGTGTCTGCTTCACCGGCTTCCGTGACCAGACCGCCTTTTACTTCCTGAAGGGTGAACATGCGCAGAGTAGCGGGGTCGAACCCCACATCCTGTCCGCAGTTAATACACTTTGTATTATCGAAAAAAATCTCCGAGCCGCAGGAGCAGTGAAATCTTTTCATCCGGCAAGCTCCGAGTTAAACCAAGTGGCGGATACCGCACTGTCTATGTCATAAACGGCAAGCTGTATTTCATCCATGAATTTGTGTATCTCCATTTCTCCCGCGTTATCCGGAGAAAAATCTTTTAATCTCTGAAGCAGCAGGCTTGTTTTTTCCTTTACCGCTCCGCTGTTGGGAAGCCTTGAGGCGAAAACCGCCGCAGCCTCCGCACAGAAAGCCACAGAGCGGGGAAACTTAGTATCCTTAAGCAGGAAGCGTATTACCTCCGTGCCCACAATCTGTCTCTTAACCGCCTGTCTGTACATCTGATAGGCGCTGAGGGTTTTCAGCAGATTCATCCACACTATCCCCTCAAGGCTGCGCATCTTTTTCAGACTGCTTTCGGACAGAAGCAGCGCTCCGGCGTCCATTATTCTTGATGTGGTGTCGGCTCTTTCAA
CP035108.1_gap27	1111820	1115687	3867	TGTCGGGATTGGGCGATTTTCTTATGAGGTAAGGCTTAACAGTGATGAATTTCGTGAAGAAATCATCAACGTCAACCACGAGGTCTCTCATAACGTTCATGCCGGGAAGCGGCTGAATCACTATGTGATCGCTGCCGAGGTCTTCAACCTTTGTCATGCACGAGAGCATGTTCACGCCGTTAACGTTGATACCGTCAGAACCGCAAACACCTTCACGGCATGATCTGCGGTATGTCAGCGTGGGATCAAGCTCCCATTTGATCTGGTTAAGAGCGTCAAGCATGAGGTAGCCGGGGCGTCTCAGTTCGACATCGTATGTTTTGTAGTACGCTTCCTTGTCCTTGTCGGGATCGTACCTGAATATTTCGAATGTAACCTTCTTCATTATCTCAGACCTCCCGATTAATATACTCTGGCTTTAGGCGGGAACGGTTCAACAGTAAGCGGCTGCATGCGCACTTTTCTGTAGTCCACTCTCGGGGTTTTGCCGTCTTCTTCAAGGTACACTTCTGTGTGTTTGAGGAAGTTCGCGTCGTCTCTGTCGGGGTAGTCGTCCCTATAGTGACCGCCTCTGGATTCTTTTCTTGCAAGAGCAGCCTTGGTAGCCGCTTTGGCAACGAGAATCATGTTGTTAAGCTCAAGAGCCTCTATGAGGTCGAGGTTGTAAACGGATGATTTGTCCACAACTCTGAAGTCGTCCATTTTTGCTTCAAGCTTGTCAAGAACCTCAAGCGCTTCAACCATGAGTTCTTCTGTTCTGAAAACACCCACGTTGGTCTGCATGATTCTTGTGAGTTCTTCCCATACGGGTCCGAAGGTGTTGGTTCCGTTGGCGTTGGCGAACTTGTTAAGAGTAGCGAGACCTTCTTTTCCTGCGTCTTCAACGAGTTCGACAAAGGGGTTTTCCTGAGCGAATTTTGCCGCCTGCTCGCCTGCCGTACGTCCGAAAACTACGAGGTCAAGCAGAGAGTTGGTTCCAAGCCTGTTTGCGCCGTGCACGGAAGCGGAAGCGCATTCGCCCGCGGCGAAGAAGCCGGGTACGTATTCTTCGCCGTCCATGTTGCCTTTAATAACCTGAGTGAGGTAGCCAGTGGGGATACCGCCGTTCTGGTAGTGGGCAGTGGGTACAACGGGGATGGGTTCTTTCGTACAGTCAGCGCCGGCGAAAACGAGTGAAAGCTCATGGATGCCGGGAAGCTTCTCAAGGATAGCTTCGATACCGATGTGGTCGATCTTGAGGAGGATATGATCGGCTTTGGGACCGACGCCGCGTCCGTCAAGGATCTCTTTCATCATGGAGCGTGAAACTATGTCTCTGGGAGCAAGGTCTTTAATGGTGGGCGCATAACGCTCCATGAAACGCTCGCCGTCTTTATTGAGGAGGATTCCGCCCTCACCGCGCACGCCTTCTGTGATGAGGTTGCCCGCACCGTAGATGCCTGTGGGGTGGAACTGGAAGAACTCAGCGTCAGACCAGCTGAAGCCTTTTCTCATGGCGAGAGCGAGACCGTCGCCCGTGTTTATGTGTGCGTTTGAGTTTGTCTGGTAGATACGGCAGTTACCGCCTGTGGCGAAGACAATCGCTTTGGCGTGGAAAATGTGGAACTCGCCGTTCTGAATGTCGTAGCAGAGAACGCCGTTTACAGTACCGTTGTTTACGAGAAGCTCAAGTGCATAGAACTCACTGTAGAAGTGTGTTCCCTGTTCAACAGATTTCTCATAGAGGTTCTGCAACATGGCGTGACCTGTTCTGTCTGCTGCGTAACATGCTCTTTTAACGGGTCTTTTACCGAACTCGGCAGTGTGTCCGCCGAAGGGTCTCTGTGCTATTTTTCCGTCCGGGGTACGGCTGAAAGGCAGACCGATGTGCTCAAGAGCGATGATCATTTCGGGTGCTCTTCTTGTCATATATTCGGCTGCGTCCTGATCGGCAAGATAGTCGCTGCCTTTAACAGTATCGAACATGTGCCAGTGCCAGTGGTCTTCCTCAAGGTTGCCGAGGGAAGCGGATATGCCGCCCTGAGCGGAGATCGTGTGGCTTCTTGTGGGGTAAACTTCCGAAACAACGGCAGTTTTTACATGCTGTGACGCAACCTGAGCTGCATTGAGCCCTGCGCCGCCGGCACCCACGACAACCACGTCGAACTTATGATATTCAACTTTAACAGACATAGGTAATACCTCTTGAAATTTTTAAATCAGATGACTTTGATCGCCAGAACCGCAAGAGTGATTCCGAATATCCAGTATGCGCCGAGGATTATCCCTCTCCAGCCCGCGCTTGAGACGTAATCATCGGTAATCATCTTAAATCCGTTGAAAGTGTGGAAAAGACCGAAGGCGATAACAGGTGCGAGAACGACCTGCATCATGCCGTATTCTCCGCCCTTCATCATGGAGAAGAAGTGCATAAGAACAACAAGGATGAGTATTACGCCGGAGATTCTCTGCATAAGCCACGCAAAGGTTCCGGTGTTGCTTGATCCCATAAATTTGTAATTGTTCATCAGTTTTCCTCCTTAGCTGAAGATCGGAATCGCGCCGATCACGGTTATGACGATGGTTATAAAAACCACTGCCATGAAGTATTTGGAGAAGTTTTCCCTGTGGGCGCCTGCTCCGAACTCCATAAGGACTATCCTCACTCCGTTAAAAGCGTGAAACGAGAAGCTCACGAGGAACAGAGCTTTCACAACTGCGGCGCCGGTAACTGATGAAAGAGCTGAAACAGTTCCGGAAACGCCGAGAATGTGCATAATAAGGTAAGCACCGATTATAACCCCAGTTATACGGTGCAGCAGCCATGCGACCATTCCGGTGTGCTTGCGGTACCCGGTTTTCTTCGGGTAGGTAACAAGGTCTTTCCTTGGCATTGTACACTCCTGTCGTAGTTATTAAAACAAACGATGTTAAATTATTCCAAAAAATAACTATCATAAATAGGGCACCATGTCAAACCATATTGTATATTGTATACATTCCGCGCCCGCAACGGACTGTGTGTTTGGAAAATTTAAAGGCGCTTTGTTTTAAAAAGATAAAAATAAACCGTGTTATAAAACTAGTTGTAAAGTATGATAACAGCGGGCTCCGGTTATGAACGTGGGACGCAAAAACCCTGTTTCAGAGGCTCGGCGCTTTTTGTCCGGTTTCTGATGTTAGCAGAATGAACAGGAAAATAAATATTAAGGAAATAACGGAAATAAAAATCATTAAGAAATTTTTCCATATCTGAGCCTAAAAAAATATACGGGGAAAGCATAACTTTCCCCGTATTGTTTATACGTTGAAAGCTTCCACCTGTGAATCCAGATCAGCTGCCTGCCTTTGCAGGTCGCTTACGGTGTTTGCGACTTCTGCAATCGCCAAGGCGCTTTCTTCAAGTCCCTTGGCGGCAACCTGTATATTATGGTTAATAGACTGAATGGTCATTGCCTGTTCATTTACCGCCGCTCCGATCAGGCTGTTGGCATGTCCGGCGTCGTTTACGCTGTCGATCACTTCCTCAAAAACGCTGCCCATTTCTTCAGCGGCATGAGTGCCTTTCTCAACGCTTTTTGCTGCAATTTGCATATTATTCGATGCTTCGTCCGTTTCCTTTGCCAGTCTTGATATGATCGAATCCACCTGATTTATCGCAAGCTGAGTTTTTTCGGCAAGTTTACGTACCTCGTCCGCAACCACCGCAAAGCCCCGACCGGCTTCTCCCGCTCTGGCTGCCTCAATTGCCGCATTGAGCGCAAGGAGGTTTGTCTGGTCTGCTATGTCATTAATTACATTCAGTATATTACTTATTTCACGTGAAGATTCAGTGAGACCTGTTATTGTGTCTGAAAGTTTAATTGTTTCCTTTTGAATGGATTCGTT
CP035108.1_gap28	1199237	1199795	558	GGCAGAGGCACGGCGTCTCCTCTGCCTGATTTTGCCAGCTTTTCGATAGCGGGACCGCCCGGATAGCCGAGGTCAAGCATTTTGGCTACCTTGTCAAAGCTTTCTCCCGCCGCGTCATCCACGGTTTTTGCCACAAGTCGGAAGTTCAGCGCCGCGTCCACATCATAAATATGAGTGTGTCCGCCGCTGATTATCAGGGCGAGGTATGGAGGCTTAAGCTCCTTATGCTCAAGCTCAGCGGCGAGAATATGCGCTGAGAGGTGGTTCACAGGCATGACGGGTATTTTAAGACCGTAGCCGAGCCCCTTCGCGAAGCCCACGCCGACAAAAAGCGCGCCTATAAGTCCGGGGGCGTTGGTTACGCCTATCACGTCAAGATCTGACGGACGTATCGAAGCGTCCGCAAGGCATTTTTCATAAAGCGGCTCCAGCTTGAGTATGTGGTTTCTGGAGGCGACCTCCGGCACTACCCCGCCGAAAAGGTTGTGTATGTCCGCCTGAGACGCCGTATGGGTGGAGAGAACCCCTTCGGCGGTATCAAGCACCGCCATTGAGGTT
CP035108.1_gap29	1200907	1204853	3946	GTTCACCTTTGCCTGCTGCCTTCATGCCGAGGAAAATTCCCAGAAGAAGAACTAAAACGGCGGCAAGAATGCCGCCCAGAATATATAGCTGTTTTGAAGAGGCGGTTTTACCCGCCCCTGTTGTTCTGCGCTTTCTCGGCGTCCCTGCCGGTTTTTTTCTTTCAGCCATTTTTAATCATTTCCCTCAGTTTTTCCACAGCGGCCTTAAGCTGCTCATCTCTCTGCATGTCGATCACGGGCTTGCTTATATCCGCCGCGAGTTTATCTATCTCATCCTGAGTGAGGGTAACGTTGTCCGAAACATCCTCAACAGCGAGATCCGGCTCTATACCCTTGTCATGGATCATTCTGCCTTTCGGCGTGTAGTATTTCGCCGTGGTAAGCTTAACCGCCGAACCGTCCCTGAGAGGTATTATCGACTGAACAGATGCTTTTCCGTAGGTTTTTTTACCGACAAGAATACCTCTTTTATAGTCCTGTATAGCCCCTGCGAGGATTTCCGACGCTGATGCCGAACCTTCGTTAACAAGGAGCACAAGGGGGGTTTTTTCCTCTCTGAGGGTAAACGTGGAGGATTTGAAGTGCTGATCCTTGCCTGTTCTGTCCTTGGTGTAGACAACCTCCTTGCCGGAGGGGAGGAATATGCTTGAGACATTGATGGCCTCTGTGAGAAGTCCGCCGGGATTGTTGCGCAGGTCGACTATTATGCCTTTATATTTGTTTTTTCTGAGCTGCTCAATGGCGGCTTTGATTTCGCCGGATACATCCTCTTTGAACTGTGTCACCCTGATGTAGGCAACGTCTTTTCCGATCATGTCGGATTTGACAGCCTTGACCTTGATTATTGCCCTTGTGAGGGTCACGTCAAAAGGCTTCGGCACATTGTCTCTGTGGATGGTTATCGCTATGTTTGTTCCGGGCTTGCCCCTGAGCTTGTTCACAGCGTCTTCAAGCGACAGACCTGTTGTGGAGTTGTCTTCAATCTTGATGATCCTGTCGCCGGATTTGAGTCCGGCTCTGAATGCGGGGGTGTCCTCAATGGGGGCTATTACGGTGAGGATGTTGTCCCTCATGCCGATGGTTATGCCCAGTCCGCCGAACTCGCCCTTGGTCTCCACCTGAAAGTCCTTGTACTCTTTTTCGGTGAAGTATGTGGAGTGGGGATCGAGCCCCTGAAGCATTCCCTTTATGGCGCCGTCCACAAGTGTTTTGTTCTCCACAGGCTCAACATAGTTTCTCTCTATCAGATACATAACTTCCGTAAACGAATCCAGATTCTCGTATCTGCTGGATTTTGCGGAAGCTGTGCCGCTTTCCCTGATGAAGATTCCCGAAGCTGCCAGAAAAATAAGAAGGGCTGACGCTGCGAGAACCGGTAAAAGTTTCTTTTTAAAGTTCATACTGTTTATCTCCTAACGGGTTTAAGCCACTCAGAAGGATTAAGGGCTTCGTTATGCTTACGTATTTCAAAGTAAAGATAGGGCGTTTCAGGCTGCTGGTCAACAGCTACGGAGCCTATTGCCTGTCCTGCGGCCACATTTCCGCCTGTCTGCACGCTGACTCTGCTCATATTGGCGTACAGAGTGTAGTAGGCGCCCGGGTGTCCGACAATGACCAGATTTCCGAACCCTCTTATGTTATCCACATATTTTACCGTTCCCTCGAAGACAGCCCGTACATCGCCGTGCTTTGACGGGCTTATTTTTATTCCTTTATTCTGGATTGTGCCCTGAAAGCCTTCAACCCTCTTGGGACCGAAAAATTCGACTATCTCTCCTTCCAGAGGCCAGTCCATTTTACCCTTGAGCCTTCCGAACAGGGTAGAATCTCCTTCTTCGGTCTTTTCTTTTTTTCTGTTTTCCTCAAGCTGAGTGCGGATTCTGTCCATCTTTTTTTCAAAATCCTGCTGTTTTCTGCTGAGAATTTTTATATATTCCCTTTTGCTTTCCTTGTCCTGTTCCATGACAGCGACAAGCTGGTTAAGTTTTGTCTTTTCTATGTTGTATTCATCTACAAGACGCTGCTTCATGCGGAGAAGATGCTGAATATCGCGGGATTTATCCTCTTTTTCAGTCTTAATCTCCTCCAGACGGGCGGATTTCGCCGCTATTTCATCCGCTTTTTTCATGAGGATCGTGTTTATTGTCTCCACAATCTCCATGTTTTTTATGGTGTCTCTTGATTCCTTGGTAAACAGCAGAAGCTTGATGTTCACGTACTCTATGTTGTCAATCAGGTAGATGTTGCTGGTCTCCACCGAGTCTTTTATCCTTGCTATTTCGCTGTTCAGCGAGCCTGTTTCCTTTTCGAGCGTCTGAACATCTCTTCTCAGCTTTGCCGATTCTCCGGTGAGCTCCGAAATCATTTTCCCCTGAACGTCAAGGGTTTCATTGAGGTTATCCACTTTGAGGGCAACGGTTTTTTTAGTATTGTCTATTTTGTCTATCTGCCTGCGTTCCTCATCCAGCCGTTTTTTTATGTCGGTCAGGTAGCTTCTGGTTTCCTTGAGCCTGTCTTCGTAGTAGTCCGCTGAGGCGTAAGCGGCAGACAGCAGCAGAAAGCAGGCGGCGGCAGCTTTAAGATTCATTTATGCTTTTCACCTTATTCAGGAAGGAGGCAACGCTTATCATGCTGGCAATTGTGCTTATAATCACAAGGTAGATATAAGTTTTCAGATAATAGAAAACATCGGGCAGAACAATGAAGTTCAGCCCCACGGGCGTAAGAAGCTTGACATTCATGAACAGCATGAACAGGTACACGAACGCCGAGGATATGAAGTAGGCAATGGTTATCTCCACGAATGAGCAGATAACGTAGGGTATTTCTATGAATGTTCTTGTCGCGCCCACGAGGTTGTAGATTTTTATATCTTCTCTGTATCGGAAAAGGCTGAGGCGTATGGTGTTGAAAATAATGATGCCGACGGAGACGGTTAGCAGGAGGGTGAGTATCACGAGGAATATTTTCACCGCCGAGCGTATGTCGCTGAAGTTCTGAACCCATTTTTCGCCGTAGCTTGCCACATCAACATTGGCGAGGCTTATAATTCTGCGCTCCATTTCCCTGAGACGGCTCACTTCCTGAAAGTCGTCCTTTACGGCTATTTCAATAAAAGCGGGGAAGAGCTCCGCCGGAATCTTGTCCAGATAGTTTATATTCACAGTTGAGTCTTTAAGGTAACTGTAAGCGTCTTCCTGCGAGTAATAGACGATGCTTCTTACTCCCTCTACTTCCTGAAGCTGTTTTATCAGCTCATCCACGGAGGTTTTGGAGGATGATTTCACATAAACCCTCATGGAGTCGACCTTGGTTATTTCTTTAAGGAAGGAATCGGACGAGCTGCCGATTATAACAAACATGCTGTAGATGAAAAGTACCGTGATGACAGTGATTACAGAGGCGAGGTTCAGGGATATGGTTTCCCTGAAAAGCCTGAATCCGTTGCGGAGAACGACACTAATTCTCATCGTTTTCCTCCCTGTCCGGCGCTGTGAAGCCTGTCTGGCTGTCGGTTCTTATTTTGCCGTATTTCAGTTCAACTATTCTGGAGGGAAAATGCTCCATGAGGCGCTGATCGTGGGTGGCGACTATTACAGTGGAGCCCTTGTCTCTGTTTTCAAGGAGCAGGCGCATTATGGAATCGGCGTTGTCGTTATCGAGGTTGCCCGTGGGCTCATCTGCCAGAATCACCTTCGGCTCGTTAATCAGCGCCCTTGCGATTGCCACCCTTTGTTTTTCGCCGCCGGAGAGCTTCCTTACCATGGTGTCACGCTTGACAAAAATGCCCAGCTTGCGCAGAAGAGGGAATATTTTATCCTCCATGACCTTCGGTTTGAGGTAATAGATCTCAAGCGCCATGCGGAGGTTATCGAAAACCGTCTTTTCCTCCAGCAGCTTAAAGTCCTGAAAGACAACGCCTATGCTGCGTCGGAGGTAGGGAATT
CP035108.1_gap30	1211396	1212635	1239	GTATGACCAGATCAAGGATACATTGGGTATAACAGCAAGACCGGTGCATTACAGGCATTTCCGCTGGGATAAAGCCATCCCGCAGTATTATCCGGGGCATGCCGAAAAGGTCAAGGCGGTTGAAGACATCTGCGGACGTATCGGCGGCGTGTACGTGGGCGGAAACGTTCTGAACGGCATAGCGCTCAACGACTGCACCCGCAGAAGCCTTGAAATAACCGAATCAATCACCCGTTCACTTGAAAAACAGGCTTAAGAGGGTTAAAATATAGAATTATTTGGAGGAGTTTCAATTTTTTCATACTGAGAGAACCTTTTTTAACGGAAAAGAAAGGTTTTCTCTGACTCCTTCCAAATAAAACGGTAAATTTTTACCGTAAAATCAGGGAGGTATTTCAATGCCGAAGATCGGAGTTGTTTTAAGCGGCTGCGGAGTTTTTGACGGAGCCGAGATACACGAGGCGGTTCTTACACTCTATTTTCTCCAGAAGAGCGGCGCGGAAACAATCTGCATGGCGCCTGACATTGAACAGCTTCATGTTGTGGATCACCTCAGGGGTGAGGTCGCCGCGGGAGAAAAAAGAAATGTTCTCACTGAGGCGGCGCGCATCGCAAGGGGCAATATAAAAAATCTTGCTGACGTGAAAGTGAGTGATTTTGACGCACTCATATTTCCCGGCGGGTTCGGAAATGCGAAGAATCTCACTGATTTTGCGGTAAAAGGCGCCGATTGCGGCATCAACCCTGATGTCCTGCGCATAGTCCGTGAGACTGTTATGGCAAAAAAGCCTCTGGGCGCTGTGTGCATAGCTCCAGTGGTGATTGCGAAAGCCCTTGAGGGAACAGGCATAAAAACTTCCGTGACGATCGGCAGCGATTCGGACACAGCGCATGCTGTTGAAGCCCTCGGAACAACTCATGTGAACTGCCCTGTGAAGGATTTCGTGGCGGATGAAAAGAATAAAATAGTGACCTCTCCGGCTTACATGCTGGGGCGAAGCATACCGGAAGTTGCCGAAGGAATTGAGAAAACAGTGCATAAGCTTCTGGCAATGATATAATCGGATTGCCGTTTTGCGGCTTAGCGGTTTGATGCAGTTATGAAATAAATTTTAATCCGGATATTCCGCTGTGTTCTCTTTTGTGCGGGGTATCCGGATAATTTTTTTAATATGACTGTAAAAAATCATTGAGCAGTGAACGGAGTATTGACACACAGGTATTTAGGGTATATAACGC
CP035108.1_gap31	1215993	1220708	4715	GGTTTCACTGGAGATTTACAATTCTGTTATGGATGCCGACTTTACCGGAGCGGCTTTTCTTTGTATACTGCTGGGAAGCATCTCTCTGGCGGTGTTTTTCTCGCTGAAAAAGCTCTCCGCTCTCTGAAGACGCTGCTTGAAGGAGGCGTATTTTGATTATTTACGATCAGCTTATTGAAAGAATTCTGTCCGAAGATGTTCCGTACGGTGATATAACAACAGAAGCGATGGGCATTTCCCATATAAAAGGCATAATGGAGTTCAGGGCTCGGTTTGACTGTGTTCTGGGCGGAGTGGCGGAAGCCTGCGCAGTGCTGAAAAAAGCCGGAGCCGAAGCGGAAGTCCTTTTTCAAAGCGGAAGCAGGGTGGAAGCGGGAACGCTGTTTATGACCGCTAAGGGCACGGCGGGAGAACTTCACGCAGGCTGGAAAGCTGCGCAGAACATCATGGAATATGCCTCGGGCATCGCAACCCGCACGAGAGAAGTTGTGGACAGCGCTAAAAAAGGGAACCCCGCCGTTGTGGTCGCCTGCACACGCAAGAGCCTCCCCGGGGCTAAGACTCTCTGTATGAACGCTGTTGAGGCGGGCGGAGCTGTTCCGCACAGGCTGGGGCTTTCGGAAACCTTCCTGCTGTTTGAGAACCACACTGTTTTTTTTAAATCCGAAGCTGAGGCTTATGCCGCTCTGGAAAAAGCCTGCGCCAAGCTTCCCGAAAAGAAGCCGGCAGTGGAGGCTGATTCACTTGATGCCGCTCTCAGAGCCGCAAGAGCCGGAGCGGGCAATATTCAGTTTGATAAGGTCAAGCCTGAAACACTGAAAGAATGGATAAAGCTGATAAAGGCTGAATATCCGGGCATAATCATAGCAGCAGCAGGCGGAGTAAACGCCTCGAACGCAGAGGAGTATGCCCGCACAGGGATAGACGTGGCTGTCACGTCATCAGTTTACTGGGGCAAGCCCGCCGATATTGAAGTGGTCATGCGTCCCCTTTGAACTTTGTTCATTTATAATTTTCCTAACAATTGACCCGCTTGAAAAAACTCCCCGCTTCATGTATGGTTTAATGGCGGCGTTTTGTGCGCCGCAAACTACGGGTGATTTATGAAAATTCTGCTTACAAACGATGACGGAATCTACTCCGACGGCATATACCAGCTTTATCTCAAGCTGTCTGAGTTTGCGGATGTCACCGTTGTCGCCCCGCTCACGGAGCAGTCCGCCGTGGGGCACGCAATCACTATTTACGATCCTCTCCGCACTGAGGAATTTTACAGATACGGAAAATTCTTCGGCACGGCGGTAAAGGGAACCCCTGCCGACTGTGTGAAGATAGCACTCTCCAATATACTCGCCGAAAAGCCTGACCTTGTGGTCTCAGGCATTAACCACGGGGCAAATGTCGCTACTAATGTCATATATTCCGGCACTGTTTCCGCCGCAACCGAAGGCGCCATGCTCGGCATAAAGTCTATCGCTGTGAGCCTTGCCTCCAAGAGATACCGGAACTTTGAGCCTGCGGCGAAAGTCGGCGCATTTTTTGCGAAAAAGCTGTACAATATGAACGCTGATAACGGAATGCTGCTCAATATTAATGTTCCATCACTCGAATATGAAGACCTGAAAGGCTGGAAATACGCCATTCAGGGAGATACTAAGTTTCTGGACAGCTTCGCTGTAAGGGAAGACCCGAAGGGGAACAGATACTTCTGGCTCACTGGCGAGGAGTACAAAAGAGACGAGCGTGAGGAATCGGACGATTATGTGATCTCTCGGGGATATGTGAGCGTCACTCCTCTTATGTTTGATATGACGCATCACGGGCTTTATAATAAATTAAAATCAACGGAGGACGGCGGTGAAATTAACTAGGCTTTTTATAGCTCTTATCGTGGCTGTTTCGCTTTTCAGCGGTATAGTGGGATGTGAGGGCGGGTGCTCAGACGCTACTTCGCCCGAAAAGAAGACTGAAACCGAATAATGAAAAAATTTATACTCTCCTGTCTGCTTTTTGTTTTTGCCGCTGTTCCGTCGTTCTCGGATGTGCTTATTCCTGAGTTTGCGTTCACGGGCGAGGATATTTCCAAGTTCAGTGTGGCTCCGTCCTATATGGATGTTTCGCTGTCGTTTAACGTGGCTTCCGGTTTTGACACGTACATCAGGCAGGAAAGCTTTAAGCTGGAAAGCACTCAGGAGAAGGAATACACCTCCTCCGAACCCGGGGGAATGTACTCCGGCAGTTTCGGCACAAGTCTCTCATCCGTTTTCGTGGGTGAAAGGGCGTACCGAAACAATATTGTGAAAAATTTCATCCGTAAGGAGTATATTCCGGTGATAGATTCCTACGGCAGATACAGGGAAAAGCTTGTCGGAACACCTTTCATACAGGAATGCTCACTGCTTTACGCACTCTCCCTCATGGAAACAGGCAACCTCACCGGCGGCACGGATATTCTTAAAACTGTTATAAAGTCCGGCGGTCCGGCTGGAGACATAGCCACGGACAGTCTTTTTTCATATTATTTCAATATTAAAAATTATCAGGCTGTTATAGCCGCCGGCAGGGAGCAGCCCAAGTTCACCGAGTATTCACTCTACACATACCTTTATTCACTTATGCAGAGGAAGGAATACGGGGAAACAGAGAAAACCGCCGCAGCTCAGAAAGAGCTTTTCGATAAATACCCCTATATGTACGACTTTGCCGTTGTTGCGGACTACCTTCTCGGCAAACCGGAAGAGGTGGCAAAGCTTGCTGACAAGGCAACTGCGAACACCGCGCCTATGATAGCGGACACCCTCATTTCAAAGGGCGATAAAACAGCCGCTGAAAAGCTTGTAAGCTCAATGTCTGAGGGCGAGGCAAAAAATGTTCTGAATGCCAAGCTCGCCATTCTGGACAGAAACATCAACAGGGCAGCGGAGCTCACCGGAAAACTGACAGCGGATGAAAACAGGCTGAACGTATTCTTCTTTTACGTAAATCAGATGTTTCCCGCCCTTGATCCCGCCTTTGGCGACCGGATCAAGTTCGACAAAAAAACCAACAACGATTATATCAACTACTATAACGGGCTTGCAGCCATGGCAGGGAAAGACTACCCGCAGGCAGTGCGCCGTCTGGACAGTATAATATTCAGCCGGGACCTGATTGAAAGCGCCTATTTCTACCGAGGTATATCCTATTTCCGCACGGATATATCCAAGACTGAGTTCCTTCTGCTGAAGTACATAGATTCCAGTGAAGAGGATGAAAAGGTCAAAATAGCCCGCTATGTTCTGGGGCAGATATATTATCTGCGGGGCAGAACGGCGGATGCGCTGATGCTTGTGGAGGACTGCTTCACGGACGACTGTAAGCTGCTTAAGGCGGAGATTGCCATTGGCGGTCATCAGTATGAGGCGGCGGAAGGTTTTCTCGGAAAGATTCAGGGTGAAAAGGCGTCCAAGCTCCGTGCGGCTATTCTTTATAATAAAAAGGATTTCAGCGGCGCATTGGCGGAGCTGAAAAAAGTTCCGCATACGGAAAAAGAGACGGACTATCTCCTGATGCTCACTTACCTTAAGCTTGATCGGCATGACGAAGCGGTGAGCATATACAAAAAGCACTTTGCCGATATGCAGTTTTTTGACACTCTGACGGAAAATCTTTTCCTTGCGGGGGATTACAGGCGGGTGCTTGACCTTCTGGATTCCACGGATAACGAGCCGAAAAACCTTCTGCTGAGAGCAAAGGTTTACACATCCATGAAGCGCTATGACGATGCGGAGCCTATCTACCGCACGCTGATTGCGAAGAATTATGCCATTTTCGACTCTGTTTACGGTCTGCTTTCAGGCTATGCAGCCAGAAACATGAAAACTGAATTTCTCAAAACAGGCGAAATGTCCCTCACAGGGCTGGGCAGGTTTGAAAGAAAGGATTTCCTGCTTATTCAGGCGGCTAGGCTTGCCATAGACCTTAAAGAGATAGATCTGGCGACTAAGATGGTGAACCGCTTCTTCGGCGAATTCCCCGATTCTCAGTATGTGCGTGAGGGTTATCTGCTGAGGGGCAGGCTGTTTAAAAACACTGGCAGGCTTGAGCAGTGCATAGCCGACGCGGACAGGCTTATGGCTCTGGGCGGGTCGAAAGAGGATGCGCTTTTCCTTAAAGCGGACTGCACAGAGGCGAAGGACTCAGCCGCCGCGGTCAAGATATACATACAGCTTACAGAAACATCCGACAGGTTCAGGGAGCTTGCCAACAGCAAAATTGCCGAGGTCTCCAAAAATCCGGCTGAGGTGCTGAAAGCGGCAGAATATTTTAAGGATAAAGACGCCGAGCTGTATTATGCGGGACTGGAGAGGTTTCTTTCACTCCTTGACGGGGCGGAGCTTGTGAAAAACGAGCAGACGGTTAAGGATATGCTGGCAGGAAAAAACGTTTCAGTTATGCCCGGCGGATATTTCCATCAGGGCAGAGTACTTGAGGCAAAAAAACAGCCGGAACAGGCGGCGGCAGCGTACATGAAAGGGTATTATCTTTTCCCCGAATCAAAATACGCAAAACAAAGCTTGAGGCAAACTGTCGATATATATAAAAAGCTGGGCAAGACTAAGGATGCTCAGGTGCTGGAGAAAAAGCTCAGCGGTAAATGATGGCGGATAACAGCGAACTGGAGAGGAGACTGCCGCGTCAGGCTTACGCCTTCCTCGCAGTGACTGTTGATATGT
CP035108.1_gap32	1224944	1228462	3518	TGAGATCGTCATTGAGCCGACTATGGTGAAGACCGTGGTAAAAGGCATGTACTTGTAAAGCCCGCCAAGCTCGGTGGCTTTTATTTTCCCCGTCTGATGGAGAACAGCGCCCATGCCCATGAACAGCAGTGATTTGAACATTATATGCACAAAAGCCTGCCCCACAGCGGCGTTTATCGCCATTTCGCTCCCCACGCCTATGCCCACAACCATGAAGCCGAGCTGGTTGATAAGGCTGTATGAGAGAACCTTGCGCAGGTCATTCTCAAGCACTGCGTAGAATATAGGGAAGGCTGTCATCACCGCTCCGATAACGATCAGCGTTTCTTCTCCGGAGAAGCCTCTGGCAAGGGTGTAAATCGCCGTTTTGGTGGTGAAGACACTGAGCATTACCGTTCCGAGGAAACTTGCCTTGGGGTACGAATCCACAAGCCATGTATGCACGAAGGGCCATGCTGCGTTAACGCCGAAGCCTATCATGATCAGCCCTGTGGCAAGGTCTGTCCAGCCCATGTGAACAAATGCGGCATTGCCCGTGGTGATGATATAGATCACTATGCCGATGAGGAGCGCAAGCCCGCCCACGAGGTGGAATATGAAGTAGCGGAAGCCTGCCCCCACTGCGTCTGTTGAGTCTTTACGCCAGATTATGAATGTGGAGGCGACTGTCATTATTTCCCAGAAGATGTAAAGGGTGATCAGGTCATAGGCGAAAACCGCACCCAGACCGCCGCCGGCGTATATCAGTCCGATTATGAACTCTTTATTGCTCTTAACGTGCATTCCGTAGACCAGAACGGCTATGGAAACTATGTGGAAGGCGTATCCGAAGACAAGAGAGAGCTTGTCCACCCTGAAAAGGGCAAGCTGATGACCCAGAAACTCATACTGGAGGTAGACCCCGTGAGGGATCATGGCGAGGTTAATGAGACTCAGCACCGGAACGGCTATAAGCAGCGCATTACGCAGGTTTCCTTTGAGAAAGCCCGCAATCACTCCGCCGAGCATGAAAAAAACAAAAGGAGGAATGAGAAGCCCGCTACTCATAGTAGTTCTCCTTTCTCATGATCAGCGGGCGTATTACGTATTTAGCGAAAAGCACCAGCCCCACGTATGAGATAAAGCCGTAAACGGCGTAAAAGCCTGTTTTTTCCTCAAAGAAGAAGTAGGCGTGCTTGTGGACGAACATATCAGCGAAAAAGATAACGGCGCACAGAACATAAAGAATAATAAGAATTATCTTTATATTCCGGGGGTTATCGAAAATGTATTTCTTTTCGGTATCCTTCATGAGTAATCCGCCCCCTAGTGAGATAAAAATATATAAGCGAGGTAAATAACCGCTGCCGCGAGCACGGCGCCGAAGACAGGCTTGTAGCCCTTTACCGCACCGTGTTTAAGCTCTTCCAGTTCCTTGTCATGTTTTGCAGCCATAAACCCCTCCTACTCTTTAAAGAGACCGCTGACTATTAAGTCTGCGAAGTTTGTGAGAACCTGCGGGAAGAAGAACAGAAGCACCGCTATGCCCGCAGTTATGCACATGGGAATGAGCATGGCTGAGGGGGCTTCGGTGATCTTGTCGTCCATGCCCGCGTCCAGAGGCTTCATGTACGCCGTGTAAATTATCGGCAGGAAGTACAGGGCATTGAGGAATGAGCTCACCGCGAAGACCACTGCCACGGGGAGCATTCCCGCCTCCACAGCTCCTGATACGAAGTAGTATTTGCTTATAAATCCGGAGAGGGGCGGTATGCCTATGAGACTCAGAGCGCCTATGGTGAACACAGCCATGGAGACGGGCATTTTTTTGGCGATGCCGCTTAGCTGACTGATGTATTTCTTATGCAGTGCCACATAAACGGCGCCAGCCCAGAAGAAGAGGCTTATCTTCGAGAAGGCGTGTATTGTTATATGGATTATGCTTGCCTTAATGCCGGAGGGTGAAAGCAGAGCCGCACCGACGACAATGTATGAAAGCTGGCTTATGGTGGAGTATGCGAGCCTTGCCTTGATATTGTCCTGCCTCATGGCGATGAGTGAGGAGACCACTATGGTGACGCAGGCAAAGGCAGCTAAAAACGCTCCTGCGCCTATCTCCCTGAGAAGGTCAACTCCGAAGACATAGAGTATTACCCTCAGTACCACAAAGACACCCATCTTCACCACTGCGACAGCGTGCAGAAGCGAGCTGACCGGAGTCGGCGCAACCATTGCGTTGGGCAGCCATGAGTGAAAGGGCATTATCCCCGCCTTGGCTATGCCCGCTATGTAGAAGGCGAATATAACACCGAAGAAGAGACTGTGTATTCCGCCTGTGTCGCCGAAGACGCCGCCGAGCCTGAAATTCATTGTTCCGGCGGTGAAATAGGTGAAGAGTATAGCCGGAAGAAGGAAAGCTATTGAGGTTCCCAGAAGGTAGATAAGGTAGATCTTGGCTCCTCTGAAAGCTTCTTCGTTTTCCTCATGGGCTATAAGCGGATATGTGAAGAGCGTGAGCGCTTCGTAGAATATGTACATTGTGAACAGGTTTGCAGCGAAGGCAGCGCCTATGGTAACTGAGAGCGAGCCTGCGAAGCATATGAAATATCTGGTTTGAGCGTGCTCCTTAAGCGCCCTGACATAGCCTATGGAGTAAAAGGAGGTGAGAATCCACAGGAAGGACGCCGTGAGCGCGAAGAAAAGCCCGAGGCTATCCACCTTGAAGGCTATGTCAATGCCCGGGTAGGCGGTGACTATCTTGAAGTATATCTCCTTTCCGCCGAGAACAGCGGGAACCATGCTGAGGACAATTAAAAACTTCGCCACAGCTGCGAGAATTGTCCAGCTTTCGCGCAGGTTCGGATTCCTGCGGGAGAAGTATATGGGGATTATGGCGACAAGCGAAACCAGCACGGCATAAAGAGGTGCGGAGGAATGTATTATTTCCATGTCACACCCCCGAGAACCGCCTCAGCGGCTTTGCCCGCCATCTCCACGGGGAAGGTGGCGAAAATGCCGAAATATATGCAGAGAAAGGCGACAAATGCCATGGGGATAACCATGCCCATGGGTTCACTGAGCTTCACCGCCGCAGTGTGTCCGGAATGATCGTGGCATTCATGCCCGCCTTTGAAGTACATAACAAAGATCACCTTGCCGAAATAGATTGCCGTAAGCAGTGAACTGAGCAGCACCACGCCGATTGCGTACCAGTGACCGGAGCCGATTGCGCCGATTATCAGATACCATTTGCTGACGAAGCCGACAGTAAGAGGCACGCCTATTATAGAGAGGGAGAAGATTGTAAACGCCGCCGCCGTGAAGGGCATCCTCCTTCCCAAGCCTTCAAAGTCGCATATCCTCTCAGAGCCTATGTTGAACACAATCAGACCCACAACAAAGAACAAACCGCCCTTCATAAGCGCATGGCTGAATATGTGAACCACGCCCCCTGTGAGCGCTTCTGCGTTGACCATCGCCGCCGCCAGAAGGATGTAGCCTATCTGCCCCACGCTGGAGTAGGCGAGCATTTTCTTTAT
CP035108.1_gap33	1229512	1233140	3628	GCCGTGAGTATCAGAACGTGGGGAAGAGGGTTGTCATACCTGACTGCTCCTTCCCAGATAATCGGCGCAGTACCGTCCTTGACCTTAGCCATTGATATATAAAAAAGGAAGACGGATGTCTGGAATATACTTAAGCCAATAATTTTTTTCATCAGGTTATGCTTGGCGATAACGGCGTAAAAGCCTATCATCATCAGACACACCACAATAAGGTAATTGTATTTGGCGGCAATAAAATCAATCATTTTCCTTCCCCGCGATCTCAAAGAATATCGTGACCATAACCGAAGCAACGGCTATACCCACGCCAAGCTCTATGCCTATCATGCCGAGGTGGTTCCCTTTTTCGGCGGAACCGAAGGGAAGCTTTCCGTATTCCAGAAACAAACCGCCGAAGAGAAGGGTGATAAACCCTATTCCGGCGTATATCATGAGCCCTATGGAGCAGGTGATGTCGCTTATTTTCTTCTTAAACTTTTCTCTCGCTTTTTCCTTGCCCACAGCAAGAGCTATGAGGATGAAGGCGGAGGCGAAGATAACTCCCGCCTGAAAGCCGCCGCCCGGGCTGATTTCACCGTGCGCCTGAACATAGAAGGCGAACAGGAGGATAAACGGAACCATACATCTGGCTACTGTGCGCAGGATTACATCATCTTTCATTTTCATCCCTCCTTCTCAAAAGCAGAATCACGGAAATAGCCGCAGTAAACACCACCGATGTTTCCCCGAGGGTGTCATACCCTCTGTAGCTGGCGAGAACGGATGTAACTATGTTGACGGAGCCAGTCTCATGCTCCGAATTTTCGATGTAGTAAGGCGCAACATGCTTGTTTATGGGTGCTTCGGGGTTATTGTAGGCGGGCATGTCGACTGTTGCGTAGAAAAGCATGACCGCTGTGACCGCTACGATGAAAACAGGCATGTATTTTGACGAGCCTGTTCTTTCTCTGGATGATTCAAAGCGGTTCATACGTGTGAGCGCGCCAATCATGAAAACTCCGGATACTCCCGCACCCACCGCCGCTTCGGTAAAGGCAACATCGACCGCGTTAAGCTCTGTCCACACAAGCGCCATGAACAGGCTGTAAACCCCAAGATACATTATGGAGTTGAGTATGTCCTTCGCCTGAATTGCCGCTATGGCAATTATCACAAGAAAGAGAAGCAGCATAAGGTTAATCATTTCTCTTCCTCCACGGTTTAAGCCCTTCCACCCATGCGGCTTTTGCGATTGCGTGCGCCGCCGTCGGGTTAGCGATGTAAATGAAGATTATCACGAACAGCATTTTGAGGCTCAGTATGTTGAAGCCCTCATAAATTATCAGCCCGATGATGACCAGTGTCTGCCCCAGAGAGTCGGCTTTGCTGCCAGCATGAAGTCTGAGGTAGAAGCCCGGAAGCCTCAGTATCCCTATTGAAGCGGTTATGACGAAAAAGCAGCCGACAAAAATAAAGATACCGCTTAATATGAGTTTAATTTCCATGATTTCTCCCCCTAGTCCAGCCTGCCTCTCTCCATGAAGCGGAGGAGGGCTATAGTGGCAATGAAGTTAATCAGCGCGTAGACAAGGGCGAGATCCGAGAAATGGGGTCTGCCGTAAATGTATCCTAGAAGCAGGATAAGGATGATGGCTTTAGTGCCTATCAGATTCGCCGCCAGAATCCTGTCAAAGACCGTAGGTCCTTTGAGCAGTCTGGCTCCGGAGATAAACACAGATAAAAGAATGATTACCGCTGCGGTTTCAAACATTTCCGTTCCCCTCGATTTTAAGCACTCTGCGTTCCATCTCTCTGCTTAAAAGACCGTTCGCGTGCTCCGGTGTGAGTGCGTGAACAACAAAAACATTATCATCCTTAATGTCCAGCGTGACGGTTCCCGGCGTGATAGTTATGGAGTTCGCCAGAATGGTCAGTCCCAGATCGCTCTTCAAGTCAGACTTGAATTCCACGATCTGCGGATCAATGGGCAGTGAGGGACTCAGGATAATTTTAACTACCTGAAGGTTGGCTATTACAGTCTCTTTCATGAGCCAAGGAAGATAGAGGAGAATCTCCTTAACGATCCTTATGTGATCCTTCCTCAGTCCGCGCAGAAAGAAATCATGGCTCAAATACGCGGCAATCAAGCTGAAAATGACAGCGAAAGCCACCAGAAGTCCGCCGAATTCTCCTGATAACATGAACCAGAAGATGAAAAGCACCAGAAATGTGAATATGAATGTCATCCCCGCTCCTTAAAACAAAACAGGTTTATAGTATCAGTTTTGAAGGCTTAGTCAATATTTTTCGGAAAAACCGTATACGCAGTTTTATTTTTTAAGATATTGTAAACAATGCAAATAGTCAGTCTTACCGAAAAGAACTAATCCCCCTTTATAGAGTTTATATATGAAATATATATCAAAATACTATAGCTGATACGGCTTAATGTATATTGTATACAGTGTACCACTGATTTGCGAAGTTAAGCATTATTTAATAAAAATTTTTATAAAAATTTATTGTTGCAGTATCCGAATATCCGGCGTATAAATTCAGCAAGTTAGATATTTCTAAGAAGGTGAATTATGACTGAAAAGCTTATTCTGCTCGCCATATTGGCAGGCGCCGTGTACGTTCTTTACTACAAATTTTTTAAAAGCAAGGGTTGCGGCTGCGGCGATGGTAAAAGCTGCTGCGGCGGAAGCAAGCACGAGCAGTAGTCAAACACCGTGGACAGATTTTCTCTTTGAGGTATATTATTAGTCACCCAAGGAGATATTCTTATGCACGAACATATAGGTATAGCCCTCAGAGGGGAAAAGGTTCTCTCTCTAAGGGCTGAGGCGGCGGAGGATCCTTCCGGACCGCTGATAAGGCAGCTCGCCAAAGATATGCTCATCGCTATGAAAACCCACGGAGGCGTCGGTATCGCAGCGCCTCAGATAAGGGTTTCCAAGCGTGTCCTCATAATCCACTCCAAACCGAACGAACGCTATCCCGATGCGCCTGAGATGGAGCCTGTTATAATGGTGAACCCTGAGATAATCTCATATTCCGAATGCTTTGACTCCATGTGGGAAGGATGCCTGAGTGTGCCCGGACTCAGAGGACTTGTACCACGACAGACCGGCGTCAGCGTGCGGTACCATGATCTCACGGGGAAAGAGCAGGAAGCCTGTCTTCAGGGTTTTCCCGCAAGAATTTTTCAGCACGAGTTTGACCATCTGGAAGGAATACTCTTCCCTCTGCGGGTGGCTGACTGCTCGGACATTTATTCCGAAAACGAGTACAGAAGAAGGATTCAGGGTCTGCATGATTGATGACAGAGTTTTCAGTGAGCTTTATCATCCGGTGCTTATTCCGCGTACTGTTCTGAAAGCTGCGCAGGGAAGGCTGAGCAAAACGTTTAAACACGCTGTCGGTGTGCCTTTTCAGAATTTCCTTCTGTATATGTGGCTCAAAAGTTATCCAGCCTCGGGTATTATCGAGCGTTTCGGTCTGCCGAGATACGGAGCGGAGAACAGGTACAAAGATAACCTGACAATAAAAGCATCACCTGAATCCCTTGAGCGGATGGCTGTTTTCAAATCAAGGCATCACCGCCGCAGAATGGCGAACCGTTTCATCTGGGACGGTGACTGGGATA
CP035108.1_gap34	1268890	1270413	1523	TCGACCATGCCGATTACAACATTCATCGGCGTGCGTATTTCATGGCTCATCACCGCCATGAAAGCTGTTTTTGCCTTGCTTGCCTCTTCCGCTGCCTGTTTTGCGCTTATGAGCTCAAGCTCGTCCTTCTTTCTCTCGCTTATGTCCCTGATTACTCCGGTGAAGAATACTTCACCGTCTATCATGGAAGCGCTTACCGCCATCTCAATTGGGAAGAGAGTACCGTCGGCGTGCACACCCTCTATGTCTCTTATTATGCCTATGACCGATGACCGTTTGTCGAAATCAAAGGAATCAAGCTTTTGCTGGTGTCCCAGCGCCGCCTGATGAGGCATGAGAATATTGATGCTTTTGCCCAGAAGCTCTTCTTCCGTGTATCCGAACATTTTTTCTGCGGCAGGGTTAAATACGGTAATACTTCCGTCCTGTTTGATAATAACTATCGCATCAACAACGGTTTCCAGAATTCCCCTAATCTTGGCGCTCTCTTCCTCAGCCAGTTTTTTGGCTTTTTCCAGATCATCCAGAAGAACTGTCAGCTCTGTGTGGCTGCTCTGCACCGAGAGCGACATGGCGTTGAATGTTTCGGAAACGGCGGCGAGTTCGTCACTGCCGTCTGCGGTTACGGTGACCCCAAGCTCTCCGGCGGTTATGCGGGCGGATGCTTCGGCTATTCGGTATATCTGTCTGGTGAGGATGTGAGCGAGAATATATGAAAAAATCAGCGTGGTGAAGACCTGTATGGCGGCGAGGATAAACATTTCTTTCAGCGTTTCGGATATGAAGCTGGTGTATGTTCCGGTGGCGATGCCGATTTCAACTCTGCCTATGTAGTATTCTCCGCTGTAGAGATCGGCCGATTTGTCGAAAGAGCCGTCATCAGCGCCGCCGACTTTTGTATCGTCCGTAAAAGGTGCGGAGATGAACTCCTCTTTTCCGTTCTGCGCTATGGTGGAGCCGATTTCATTCTTCACACGGGCGTAAGCTATCTCTTCATGGCTTGAGAGGCTTTTGGTGAGGCTGTCCAGCAGGGCGTAATCATTAACGAGTATAGCCTCCTGTGCTGAGGCGCCCAGAAGGTTTACAGCCGTTTCCGCCCGCAGAAGAATTTCCCTCTCTCCGTAGGCTTTAAGAAACCCGATGCTGACAGAAAGAGCCGCAGCGGTGGTAAGAAGCTGGATAAGGACGGCTCCGAGAGCTATTTTCAGTTTGAAGGACATGTTCAGTCTGCCGAAAATCATTTATCCTCCGGAATTATAAATAACGAGATGCCTAGTTTTTTCATTGCTGCCTTAGTTTCGGAGTGCCTGTGCATATCCGTGAATATTTTTCTGAGATATTCCGCAGTCTCCTCCCCTATGCGTTCGGATACCCCTATTACATAGGATTCGTATTCATCAGTTACGAAAACAGTCTTCAGACTTTCGTCATTCTCGTAAAATCCGCCGAGTACCGAACCCGCCGGATAGAGCTGTTTTTTTGTGCCTATCACCACAGAGGTTACAGAGTTGAGATAAACCGGT
CP035108.1_gap35	1304192	1305291	1099	CCAGACAGTATTCTTGGGATAATTCCGGACTGCAAATCTGCCTCAGTCCGGAGACGGAGACCCGAAGGGCAGCTCTGGCGCTGGATCCCAGCGAAGGGGCGATAAACAAAGCAATTGATGCGGGGTGTGAGTTACTTATTACTCATCACCCCCTTTTTTTTGACAAACTTAAAAGCATAAATTCCTCAAACGCACTGGGGCGCAAAATCATAAAAGCGGTTCAGGCAAACCTCAGCATCATTTCATACCACACTTCCGCAGACCTTGCGGACTTCAGTTTAAATGACTATCTGGCAGAAAAACTCGGCGCGTCAGTAAGAGGCGGTCTCGTGAAGGAAGGGAAGGAAAACTGGTATAAGTTCGCGGTTTTTGTTCCCAAAGGGCATGAGGAAGCGGTGCGTGACGCCATAGACAGAGCCGGAGCCGGAATCATCGGCAATTACTCAAAGGTGACATTCAATATTGAAGGTACGGGAACCTTCCTCCCTATGGAGGGCGCAAACCCGTTCATAGGTAAAAAGGACGAGCTGGAAAGGGTTGAGGAGTTCCGCATCGAAACTGTGGTTACGGCTCCTAATCTCAGCAGGCTCATAGAGGAAGTCAAAAAGGTTCATCCTTATGAAGAGGTCGCCTACGATGTTTATAAAATGGAAATAGGCACGGAATTTTCTCTCGGCAGGAGCTGCTCCTTCGGGCATGAATTTACTCTGGGCGAATTTCTGGAAATTGTCAGAACCAAGCTCGGCTGTGAATCGGTTCGCTATAACGGCTTCCCCCTTGACACGAAATTTACCGGTTTCGGCATAATAACAGGCAGCGGCGCCTCCATGTGGAAGCAGAGCGGCGTTAAGCTTCTCCTCACGGGGGATATGAAGCACCACGAAGCGCTGGACGCATACGAAGCAGGTGTGTGCCTTGTGGACGCGGGTCACTTTGAGACAGAGAGATGCTACATGGAGCATCTGGCGGAAAGGATAAACAAAGAATTAGGCATAGAAACAGTAATTATTGAAGAGAGTTCTCCAATAAAATATATGAGGTGATCAATGCTCCAAGAAGTGGAACAGCTTATTGAACTGCAAAAGCTGGACAACAGAAT
CP035108.1_gap36	1306466	1307046	580	AGTGACGCTTGCTTCTGCCTTTTTGTTTTTATGACCGGAAGCCGTTGATAAAAGTTCCTAGAAATTGTTTTGTTCTTTCTTCGTCGGGTTCCGCAAATATCTTTTCCGGCTTTCCCTGTTCGACTATTTTCCCTTCCGCTATGAACACCACTCTGTCCGCAACACGTCTGGCGAAGTCCATTTCATGGGTGACTACTATCATGGTCATGCCTTCTTTTGCCAAGTCCTCCATGGTCTTGAGAACTTCGCCGACAAGCTCCGGATCAAGGGCTGAGGTTGCTTCGTCAAAAAGCATTATATCAGGCTCCATGGCAAGGGCACGGGCTATTGCCACCCTCTGCTTCTGCCCGCCGGAGAGTGTTTTCGGATATGCGTCCCGTTTTTCCAGCATGCCGACCTTTTCCAGAATCTCTTCCGCTGCTTTTTCAGCCTGTTTTCTGGGCTTTTTCAGCACATGCACCGGAGCCTCAATCACGTTTTCAAGCACTGTCATATGCGGAAAAAGGTTGAACTGCTGAAAAACCATGCCCACCTTTGTGCGGATGCGGTTTAAATGCCTTTGAAATTCCTTGCGCCGCAT
CP035108.1_gap37	1360371	1361821	1450	TTCTGCTCAAACCGAATCTTCTCCTTGCGGCACCGCCTGAAAGAGGAATCACCACGCACCCGCTTTTTGCTGATGCCGTGATAACCGCTCTGCGTAAATACACAAGGGCGGATCTTTTTCTCGGTGACAGCCCGGGAGCGAACTTCGGCAAATATGAAACTGTCCTGAAAAAGACGGGCATGACTGAAATATGTGAAAAACACAGCATAAGGACAGTCCGCATGGAGGCTTCCGCTCCGAGGATGAAAAACGGGCGTGTTTATGCCACCGCTGCCGATGAGGCTGATATAATAATAAATATAGCCAAGCTCAAAACCCACTCCCTCACAGGGCTGACACTGTGCGTAAAGAACATGTTCGGGCTTGTTCCCGGCAGCGCCAAGGTCGGTTACCACAGGGAGCATCCGGATGATAAGGAACTGGCTTATAATATTTACGATTTCTTTTCGATGTTTGAAGGGAAGATTATGAATCTCCTTGACGGCATAACAGCCCATGAAGGCGACGGTCCCTCAAGGGGCAGACCTGTTCATCTGGGGCTTATGGCTGCATCAGACGATGCCGTGGCGCTGGACGCGGCTGTGACCCGTCTTCTGGGGTTTGATGAGGACTTCTGTCTTACCACCCTTGGCGCCAAGCGGGCAGGCTACGACACGTCAGATATTCAGGCGGATTTGCCGGAGGGTATATTCAGGGTGAAAATACCTGTTTCCAAGAAGGTTCCCGTGCTGCCTGAGTTTATTAAGTCGTGGGTATCTGACAGAGTGTTTGTTAAGCCTTTCATTATAACGGAAAAATGTATAAAATGCCGTCTGTGCGTAACAAGCTGTCCGGTGGAGGTGATTCGCACGGACGGGGAATTTTTCATAGAAACAGATAAATGTATAGAATGCTTCTGCTGTCACGAGGTCTGCGAATCGGACGCTGTGGGCATGAAGCGTTCACTTCTTCATAAGGTGTTTGTAAAATGAAATTTGTTTTACTTATTATTTGTTATCTCATCGGCTCCATCCCCACCGGCTATCTTTTGGTGAAGAAGGTGAAGGGTATAGACATCAGAACGGTCGGCAGCGGAAACGTGGGCGCTACTAACGCCGCCAGAATCCTTGGCAAATGGGGCTTTGCCGCTGTTTTTGCCGTAGATATGCTCAAGGGCTTCATCCCCGTGTGGATCACGGGCATGCTTTATCCGGATGTTGTGCTTATCGCCGCGGTGCTTGTGGTTCTGGGGCATACATACACCGTATTTCTCAACTTCAAGGGCGGAAAAGGCGTGGCGACAGCCGTGGGTGTTTTTCTCGCTCTGGCTCCGATTCCTCTGGGCGTGGCGGCGGTGGCTTTCGGCGTGGTGATTTACATTTCCCGCATGGTGTCCTTAAGCTCCATCACAGCTGCGGCAGTGCTCGCCGCTTCTGTTGTTCTCATGGACACGGAAGTATCTTTGAAAATA
CP035108.1_gap38	1369118	1370184	1066	TACCGCAACGTATGTGAGGAACGCAAACGGAGCGAGAGCAGCAAGCGGCTTTGCCGTGCAGGCTGCGAGTGAGAAAAAACTACATGGATGTAGGTTTTTACGAACTATAATAGGTCTAGACAAGTTTTATTTCCTGTCGTATGCTTTTTTATGAAAAAATTCAGAATATTTTTGCGCAACGCCTTCATAGCGGGTATTTTATCATGCTTACCCATAGTGGTAACCGTATGGTTTCTTCGCTTCGTATTTGAGAAGTTCTCAGGTTTTCTTCTGCCTTACTTCGATATGTTCGTGGTTAGGTATGATCTGATAATCCCAAGATACATAATGGAATCGTTCTCGTTTGTGGTCATTCTCCTTGCCATTTTGTGCATAGGGTTTGTGGCAAAGCATTATGTCGGTAAAAAGTTTTTTAACCTGCTTGAGGCTTTTGTATCCAAAATTCCTTTCGCAAAAAGCGTGTACGGAATTATGCGTCAGATTGTGGATACTTTCCAGAATGCGGGCGGGAACAACTTCAAGAAAGTCGTACTTGTGGAATATCCCCGTAAAGGGATATACAGCATGGGTTTTATCACCAAAGACGCTTCCGATTTTTTCACAAAGGCAACAGGGCAGGACTGTGTGAGCGTGTTCATCCCCACCACTCCGAACCCTACTTCCGGTTTTGTGCTTATTATTCCTAAATGTGAGCTTATCGAACTGAAAATTCCCGTTGAAGAAGGTGTAAAATATATTATTTCCGCCGGAATACTGGAACCCTTTGACAAAGATTACAGACCGGATTCTGAAAATGTATCTTAATCTGGGTTTGATCGGAAATCCTTTATCACACTCCCTTTCGCCCTCCCTCCACTCCCGATTTCTTGTATCCGCCGGAATAAACGGCGGATATGTCTGCCTTGAGACACCTTCGAGGGATAATCTTGCAGAGGTCTTTGAAACTCTGAAACAGTTCAAATTCAGGGGAGTCAATGTCACTGTTCCGTACAAAGAGGACGTCATAAGCTTTATGGATGAGCTTGATCCGCTTGCGGACGAACTCGGAGCCGTGAATACGATCCTT
CP035108.1_gap39	1371239	1373767	2528	GAGGAGAACAGCGTAGCCCTTGAGCAGCTCCGCAGAGATATAGAAGACACCCCCATAGTCAAGCTTGTAAACCACATCATGCACGAGGCTGTGAAAAAGGGCGCTTCGGATATTCACATAGAGCCTTACGAGAAGGAGTTCCGTGTCCGGCTCAGGGTGGACGGTGTTCTTCAGGAGCTGCTGAACCCGCCGAAGAGCATTAAGGACGCTGTGATTTCCCGTATCAAAATTCTCGCCGACCTTGACATAGCCGAACGCAGACTTCCGCAGGACGGACGTATCAAGCTGAAATTAGGTAAAGCCTCTATCGATATGAGGGTTTCGACCCTGCCTGTTCTCTTCGGTGAGAAGGTGGTTATACGTCTTCTGGATAAAAGCAATCTTCAGCTTGATATGGAGAAGCTCGGTTTTGAAAGGGAATCTCTGGACAGGCTGATAAAAGCCATAGAAAGCCCATACGGTATGGTTCTGGTGACAGGACCCACGGGCAGCGGCAAGTCAACCACGCTTTATTCGGCACTGAGCCGGCTTAACAAGGAAGATGTTAATATCATGACTGCGGAAGATCCGGTGGAATATAACCTTTTCGGCGTGAATCAGGTTCAGATGAAGGATGAGATAGGACTCAACTTCGCCGCGTCCCTGCGATCTTTCCTCCGTCAGGACCCCGACATAATCATGGTTGGTGAGATAAGGGACTATGAAACAGGTGAGATAGCTATCAAGGCGGCGCTCACCGGTCACCTCGTTCTCTCCACGCTCCACACGAATGATGCTCCCAGCACGATAAACAGACTGCTCAACATGGGTATAGAGCCCTTCCTTGTGGCTTCATCCACAAACCTTATACTTGCGCAGAGGCTTGCCAGAAGGATATGCCAGTCATGCTCAGAGGAGATCGATCTGCCTGCGGAAGCGCTCCTCAGCATAGGATTCAGAAAGGAAGAGATAGGAACCTTTAAACCGCACAAGGGCAAAGGCTGTGAAAAATGCGGCGGAACAGGCTACAAGGGCAGGGTGGCGTTTTACGAGGTCATGGAAATTACCGAGAATATCCGTGAATGTATTCTCCGCGGAGCAAATGCGGGCGAAATTAAACGGGCGGCGCTTAATGACGGTATGATATCATTAAGACGCAGCGGTCTTGAAAAGATAAAGAGCGGCATAACCACGGTGGAAGAGGTGGTGCGAGTCACCTTCACCGACTGATTCGGAGGATAGGAAATGTACAGCCTTCAGGAACTTCTTTCCAAAATGGTGGAGCTTGACGCCAGCGATATGCACATAACAGTGGGCACTCCGCCCACATACCGTGTCAGCGGTGACCTTGTCAGAATCGAAGGCGAGCCAATGAAGCCGAATGAGACAAAGCAGCTCTGCTACAGCATCCTCACCGAAGCGCAGAAGCAGAGACTTGAGGAAGACTGGGAGCTTGACTTATCCTTCGGGCTCAAGGGTGTCAGCCGCTTCAGAGCGAATTTTTTCATGCAGAGGGGCGCGATAGCCGCCGCTTTCCGCCGGATTCCATATAAAATACTCACATTTGAAGACCTTCATCTCCCCGCTGTGGTGAAATCTCTCTGCGATAAGCCCAGAGGGATGATTCTTGTTACAGGTCCCACGGGCAGCGGTAAATCAACCACTCTGGCATCAATGGTCGACAAGATAAACACGGAAGAGCCCGTGCATATAGTGACAGTGGAAGACCCTATAGAGTATGTGCATGTCCATAAAAAGGCAACTGTGAACCAGAGGGAGCTTCATGCGGATACGAAATCCTTCCGCAATGCCCTTAAGTATATTCTCCGTCAGGATCCGGACGTTGTTCTCATAGGTGAGATGAGAGACCTTGAAACCATCGAAGCCGCTCTCACCGTTTCGGAGACAGGTCACCTCACCTTCGGAACGCTCCACACCAACAGTGCCGTACAGACAATCAACCGTATTATAGATGTTTTCCCGCCGCATCAGCAGCCGCAGATAAGGGCGCAGCTCTCTTTCGTTCTTGAGGGGGTTATTTCCCAACAGCTTATTCAGAGGGCAGACGGCAAAGGGCGTGTCATGTGCTGCGAGGTTATGGTTCCCAACTCCGCCATACGCAACCTGATAAGGGAGGACAAGCTTCATCAGGTTTACTCCATGATGCAGTCCGGTCAGTCCGAACACGGCATGCAGACCATGAGTCAGTCGCTGTTTGACAACTACAGCAGAGGGCTTATCACATATGAAGACGCGGTTAACCGCGCCGTTTACCCTGATGAGGTAAGGCAGCTTATCGACAGGGCAGGCGGACCCAGAAAGAGAAGGTAGGGCTCATGGCTGTTTACAAATACAGAGGCACAGACCCCGGCGGTCAGCCCATTCAAAGTATAATAGAAGCTGATAACAAGCAGCAGGCTACAGAGATACTGAAAAACCGCAGAATAGCCGTGCGTGAGATCAAGCGTGATCTCAGCAAGGTTGAAATCGGTCTGCCGGAAAAGATAAATGACGAAGACGTGCTCATATCCACCAGACAGCTCAGCGTT
CP035108.1_gap40	1374881	1376042	1161	GTTCCACAACTCTTTCTATCTCAGCCATGGCTTTGTAAATATCGTACAGTGCCTTGTTGTAGTTGTTTCTCGCTCTGGTGAGCATCACACGGGCATCAAGAAGGTCTGTGGCGGTGGCTACACGCTGTTTGTACTGGTTTTCCGTGATGCGGTAGTTCTCTTCAGCGGATTCCACCTCTTTTTCGGCGACTGTGAGGCTGCCAGTGGCGAGGGAATACTGCTCAAGAGCGTTTTCAAGCTGATATTTCATCTGGGCTGTCGTTTTAAGCTCCTGATGCTTCAGTGACATTGCGTAAGCTTTTTCGGCTGCCGCGGTGCTTCTGCGGGCATTGCCGTCAAAAATGCTCCACGTGGCGGAAGCGCCGAAGATAACTTCGTCATCGTATGAGGTTTCCCTGTCTGCGGGTTTGGCATCATCACCGTATGAATTGTACGATGCCGACACGCTCACGGAGGGCAGTCCGCCCCGTCTTGTGGCATCTGCTGTATAATTCTGCGCTTTTACAAGCTCACGGACGTATTTCAGTTCGCTTCTGTTGGCTTTCAGGCTGTCAAACAGTGACAGGGAGTTCATCTCCTGATTGGCGGGAACCGCAAAATCCTGATAAGTTTCATCAGCGGGGATATTTTCGTTTACAAGCCTTTCAAGCTCGAAAACAGCAGTGTTTTCCGTGCTCTGAGCCTGCAAAAGCGCCTGCCTCTGTGAGGCAAGCTCCGCCTCAACCCTAAGCACTTCATTCTTCGGTGAAATACCGACTTCATAATTAAGCTGAGCGTCCTTAAGCTGGCTTTCAAGCAGGGCAACGCTCTCCTTTGCCGCTTCCACATCCTTCTTTGCCTGAAGAATATTGAAAAAAGCCTTTTTTACATCAAGAACCACATCGGACTTAATGCTTTCTTCCATAAACTTCTGAGCCTCAAGGGATGATTTCGCCGCTCTGAGGTTAAGGGTGTCCGCTCCTCCTCTGAAGAGGTTGTAGCCGACTGTAACATCAGCGCTCGAAGCCTGATTTTTATCCAGACCGTATTTATTATCCTCGTTAGAGCGCTGGTAGCCGTATGTGGCGTCAAGCTGAGGGAGGAAAGGTGAGCGCGCCGTGCCGACCTGATTCTCCTTCTGTTCGGTGAGGTATCTGTATTCTGTTATTTCATGGTTGTTCG
CP035108.1_gap41	1382349	1387077	4728	AAAGCTGGACAATATCGCTAAAGCGGTCTTACAGCTCGATTTTTAGGAGGAACAATGATAAGGGAACTTGCTAAGGTTGCCGATGAACTTGGTCGTGAAAAAGGGGTTTCCAGAGAAATTCTCGCCGAAGCCCTGAAAGAGGCGATAGTTGCGGCTGTTGGCAGAAAAATAGGAAAATACCTTGAGCCTGAAGTGGTTGTGGATCTTGATAAAGGCAACATAGAAATTCTTGTGCCCAAAGAGGTCAGCGAAGACGTGACCAACAAATGGTTTGAAATAGATATGGACGAAGCCTCAAGATACAAGGAAAACCCTCAGCTCGGTGACGTACTTATGGTTTCCGTCACTCTGGACGACCTCGGCAGGCAGGCGGCTCTTGTCGCCAAACAGAAGCTTTTTGAAAAGCTCCGTGATGCAGAGCGTCAGGTTGTTTTTGATCAGTTCAACAATAAAAAAGGCGAGATAGTCAACGGAACCCTCCTTAAAGCCGACAGAGACCTGCTTACCGTGAATATAGGCAAGACCGAAGCAATACTTCCCCGCAGAGAGATGATGGCGGGAGATTATTTCAACAGGGGCGACTATGTGCGCGCTCTTCTGCTTGATATTAAAACCCACAAGGGCTGGCCTCAGCTTGTGCTCTCCAGAACTCACCCCGAGTTTATGAAAAAGCTTTTTGAAACAGAAATTCCCGAAGTTTTTGAGGGGATAATAGATGTGAAATCTGTTGCGAGAGAACCCGGCGACAGAGCTAAAGTAGCCGTATACAGCCAGAACAGCAACATCGACCCCGTAGGTGCGTGCATCGGACTTAAGGGTTCAAGAATCAACTCCATCAGCCATGAACTCAGGGGCGAGAAGATCGATGTTGTGGAATGGTCTCCGGATCCCGTAAGGTTCGTGTGCAATGCCATTTCTCCCGCAGATGTGGTGCTCACCAACGTTTTTGAGGATGAGGGAACCATAGAAGTTGTCGTTCCCGATGATCAGCTCTCCCTTGCCATAGGTAAGAAGGGGCAGAACGTCAGGCTCGCCGCCAGACTTACAGATTGGAGAATAGATGTTCTGAAAGAGAGCGAATACGCGGAGATCAGAAAAGAACGTCTCGTCGCTCAGGAACAGGAGATGAAGGACTTCTACGAACTCTATAATCTTGAGAATCTTGAAGGTCTTGAGGATTCTGCTATCTCCCGGCTTCTTGAGGTCGGTATAGATGATATAGAAAAGCTCTCCAACACCACGCCGGATGAACTTACTGAGGATCTTGAAATAACAGAGGAAGAGGCGGTAGAGCTTATAAATAAGGCTATTGACTACCTCTCTTCAAAACTTGAAGAGGCAGGCGTTTTTGAAGAAGGCGAGTTTGAAGAACTTGAAGAAGAACCATCCGAAGAAGACAGAGAAGAAGAACCCTCCGAAAAAGACAGAGAAGAAGAACCCTCCGAAAAAGACGGAGAAGAAGAGCGTTAATAAACCCGAAGTTCCGGAAAGAAGCTGCGTTGCCTGCGGGAAAACAGCGGACAGACCGGATCTCCTCCGTTTTGTTACGGACGGTGAAGGGAAAGCCATATACGATCGCAAAGGCAAACTGCCCGGACGTGGGGTTTACCTCTGCTTTGACGAGGAATGCCTTAGGCTTGCAGCAAAAAAGAACCTTTTTGCGAAGGGCTTCAAGGAAAACATAAACAGAAAGGAATATGCACAGCTGCTTGAGGAAATTAAAACCGTAACTGCGGATTATTTCTTCGCTCTGCTCAAATCGGGCAGAGGAGCGGGACTCGTGTTCACAGGCAGCTCCAAATGTGAAAAGCTGCTTGAAACATCACAGGCAAAGCTGTTGCTTATTCCCGAAGACGCTTCTGAGGACACGGTAAAAAAAGCCTTTGCCCTCGCAGAAGCTCAGGGCGTAACCGTAATGAAATGTCCGGATAAGCTCACAATGGCGGAGGAACTTGATGTTCCCTTGATAGCCGCCCTTGCGGTAACGGACGAAAAACTTGCGGAAGCCGTATCCGTTCCGCTTAAAAGAGCGGGTGTAATAAAGAGTTGGCTTGACGGGGTGTAATTGATGTCAGACTTAAAAAATAACGACGAGGGGAAGAAATTGAATAGAAATGACGAACCAGAGAATACGGGACTGGATTTGACCGAAGGCGATTCCGACGAATCCGCAAAAGAGGATAAACATTCCAGACTGAACAGGCGTCAGGAACTGCTTCAAAAAGCCCTTGAACGACATAAGAGACATCCCCGAGCAAGAGAAGTGAAAATCAAAGGCAATGAGGAAGATCCTCAGCAGCCTAAAAAAATATCCCGTGAAGAGTTGCAGAACCGCAAGCGCGCTCTTGAAAAAAACATCCGGAAAGTGGATGAACAGAGAGAGCAGTACACAAAGGATACGGAAGGCAGAGCACCAGCCCGCGCTGAAAACGCGCAGGAATCTGCTGTGTCAAGACCTGCGGAAGCACCTGTAACGGCGAAGGAACATACTGTTTCGGCGGAAAAAACGGAAGCACCGGTTATAAAGACTTCCGCCTCAGCCGAAAAATCTCAGAACAATATATCTGCCGGCTCTGTTCAGGCTGAAAAAACAGCAGGAACTGATGACCGTCAACAAGGTGAGAGAGAAAAAATGCTTCAGCAGGAAAAGGAGTTGCCGTCGCAGGGTGATGAACGGGAGAAACCTGCGGCAAAACCCGATTCAAATGAAAGACCAAGATACGAGGAACGCCGTCCTCAGGGAGACAGACCCCAGTACGGCGACAGGCGTCCTCAAGGCGACCGTCCTCAGGGAGACAGACCCCAGTACGGCGACAGGCGTCCTCAAGGCGACCGTCCTCAGGGAGACAGACCTCAGTACGGCGACAGGCGCCCCCAAGGCGACCGCCCTCAGGGAGACAGACCTCAGTACGGCGACAGACGCCCCCAAGGCGACCGTCCTCAGGGCGACAGACCTCAGTACGGCGACAGGCGTCCCCAAGGTGACCGTCCTCAGGGAGACAGACCTCAGTACGGCGACAGGCGTCCCCAAGGTGACCGTCCTCAGGGAGACAGACCTCAGTACGGCGACAGGCGTCCCCAAGGTGACCGTCCTCAGGGAGACAGACCTCAGTATGAGCGTCGTCCTCAAGGTGACCGTCCTCAGGGAGACAGACCTCAGTACGAGCGTCGTCCCCAAGGTGACCGTCCTCAGGGAGACAGACCTCAGTACGAGCGTCGTCCCCAAGGTGACCGTCCTCAGGGAGACAGACCTCAGTATGACCGTCGTCCCCAAGGCGACCGTCCTCAGGGAGACAGACCTCAGTACGGCGACAGACGCCCCCAAGGCGACCGTCCTCAGGGAGACAGACCCCAGTACGGCGACAGACGTCCTCAGGGTGACAGACCGCAGTACGGAGACAGGCGTCCTCAGGGCGACAGACCTCAGTACGGCGACAGGCGTCCCATGGATAAGGACAGAGGCGACAGACCTCAGTACGGTGACAGACGCCCTCAGAGACCTGCTGCTTCCGGCGGTATGACCCCGAAAGATGAAATAAAGCTTGAGATCAAGAAGAAGATAAAGGACAAGCCTGAGCCTCAGAAGGTTGAGGTTAAGAAAAAGCCTGTCAAAAAAGCGGATAAGCCCAAAAGCTTCCATAAAACAGTAGCTGAAGGCTTTGACGAGCTTACTATAGAGCACGAGATAGCTGCCGTTGTTGCTGCTCCTGTGGCTGTTGTGGAAAAGGAAGAGGAAGTCGATGAGAGTGCAAAAAGAAAGCCTCAGACCTCAAGACCCAGACACGATAAGCGCAAGAAGCGTCACGAAGTAGAGCAGAAAGTCATAGTGCGTCCGTCCAGCGTTGAGATAGGCGAAAACATTATTGTTTCCGACCTTGCCAAGCTCATGGCTGTTAAGGCAACGGAGCTTGTTAAAAAGCTTCTTTCTCTTGGCATAATGGCTTCCGTGAATCAGGCTGTTGACGCAGATACAGCGGTGCTTCTTGCCAGTGATTACGGCATAGACATCAAAACCAAAGTGGTTACAGAGGAAGACCTTCTGCCCACTGTTGCGGATAAGCCTGAAGAACTTATTCCCCGTCCGCCTATAGTTACCGTCATGGGTCACGTTGACCACGGTAAAACCTCTCTTCTTGACGCAATAAGGAGAACATCCGTTGCGGAGAAGGAAGCAGGAGGCATCACTCAGCACATAGGCGCGTACGAGGTTGATCTTGAGCACGGAAAAATAGTTTTCCTTGACACCCCCGGTCACGAAGCGTTCACAACACTCCGTGCCAGAGGCGCGCAGGTTACGGATATAGTTATACTTGTCGTAGCGGCGGATGACGGCGTTATGCCCCAGACCAAGGAAGCGATTGACCATTCCAAGGCTGCGGGTGTTAAAATTGTCGTTGCTGTCAACAAGATCGATAAAGAAAACGCAAACCCCGATATGGTTAAGCGCCAGCTTGCGGATCTCGGCATTATTTCCGAGGAATGGGGCGGCAATCACCAGTTTCAGGAAATATCAGCTAAAAAGAACCTCAATATAGACACTCTGCTTGAAAGAGTTCTGCTTGAAGCCGAAATGCTTGACCTTAAAGGTAATCCTGAGAGACCCGCAGAAGGTATTATTATCGAGTCCAAACTTGATAAGCAGAAGGGTCCTGTTGCTACTGTGCTTATACGCAACGGCAGCCTGAAAAAGGGCGACTATTTCGTATGCGGAACTGAACACGGCAAAGT
CP035108.1_gap42	1388347	1390754	2407	ACGTGTTATCTCCGGACTCAAAGCAAGACTTAAAAACAAATTCAATATTGCGGTGAGCGAAATCGGTTCCCATGATATATGGAACAGGGCAGAGATAGCCGCTGTAACGGTTTCGGCGGAAAGGCAGCACGCAGAAAGCCAGCTTTCCGCCGTTATGGATTTTATGGAAGCATACGCAGAAGTGGAAGTTATCTCTATCAATGAAGAGATATTCTGATTTCTCATAGAAGGTTAGAAAATTGCACAGAATAGAGAGAGTTTCGGAACTCCTTAAAGAGGAGATTTCAAGAATAATACAGTTTGACGTGAAAGACCCGAAGGTGAAGGATGTTGTCATAACCTCCATAGAGGTGACAAGGGATATTTCTCAGGCGAAGGTATTTTTCACCAGCTACAACAGAGAAAATCTCAAATACATCCACCGGGGGCTGATGAGCTCTGCCGGATTCATAAGGCATCAGCTTCAGAAAGCTGTGCATCTTAAAAAAACACCTTCCAAAATAATGTTTTTCATTGATGAGTCATCGGAGTACGGAAGCCGTATTGATGAGGTTCTCCGTGAAGTAATCAAAGAAGAAGATGAACGGGATAGTTAATCTTTACAAGGAAAAGGGTATGACCTCCTTCAGGGCTGTAGACAGGCTGCGGAGGATTCTCGGTGTCAAGAAATGCGGACATCTGGGAACCCTTGACCCCCTTGCGGAGGGCGTTCTGCCCGTATGTGTTGGGAATGCCACAAAGTTTGTGGACTACCTTATGGATGTGGATAAGGAATATATCGCCGAATTTACCCTCGGGATGAAGACGGACTCCTTTGATACAGAGGGAACCGTTCTCGGGGAAAACGACAGCATACGCCCCAGTATAACCGAAGCTGAAAAAATATTTAAGTCATATATCGGTGAGCATGAGCTTACCGTTCCTGCTTTTTCCTCCAAAAAAATCAACGGAGAAAGAGCTTACAAGCTCGCCCGCAGAGGCGAAATCGAAGATGCCGGCAAACGCAGAATGCGTATACTTTCCGTTGAGCTGATTGAGTACGCCTATCCTAAGGGTGTTCTCAAGGTTCAGTGCGGGAAGGGGACGTATATCCGCAGTATAATTCACGAAGCCGGACTGAAAATGGGCTGCTTCGGTGTTATGAGCGGGCTTATACGCTCCGCAAACGGAGAATTCAGAGTGGCGCACGCCTTTACTTTAGGCGCGCTGGAAGAGATGGCTGCCAAGGGAACACTGACGGCTGCCGTTCATCCTGTTTACGCCATGCTGGACTGGAAGCACGCCATCCTCAAAGACGAGGCGGTGAAGCTTGTCTCCAACGGGGTTTCGGTAAAGGAGTGGAACTATGCCTGTCTGCCCTTTGAAGGGAGCAGTGACGGGGATATGTTTTTTATAACCGAAAAAAACGGGCGTGTGCTCGCTATAGCGGAAAAAACGAGAGGCGGAGACTGCCCTCTGAAAATAATTAAAGTGCTTATATAGTATAAAACCGTTTAATAGGGTAAGATAATGGTAGCGGCAGTAAAAAATGTGCCGCTGCGTTGAATATTGCCTTGTTTTTTGGCAGCATATTTGTTATAAATTCAGGCTTAGCTTGTGGAGGTATTAGCATAATGGTCATGACTAAAGAACAGAAAACATCACTGATCGAAAAATTTAAAACGCACGAAAAAGACACAGGATCGCCCGAAGTGCAGGTAGCTCTTCTTACAGAGAGAATTACTTACCTTACCGGTCACTTCAAATCAAATCCTAAGGATCACCACTCCAGAAGAGGTCTTCTCCTCCTTGTAGGACAGAGACGCCAGCTTCTTGACTATGTGAAAAAGAAAGATTTCAAAAGATACCGCACGATTATCGAGACTCTCGGAATCAGGAAATAACGCATGGATAAAAAACTCGATACCGTATCGGTAAGCTTGCGTGAAGATGCGGAACCCATAATATTCGAAACGGGCTGGAAAGCAAAGCAGGCAAACGGAAGTATCTGGATACGTCAGGGCGGTACAGTTATTCTTGTTACCGCAACCGGAAGAAAAGAAGCTTCAGACAGTGTGGACTTCTTTCCTCTTACTGTAAACTACGTGGAAAAATTCTACGCAGTAGGCAAGGTTCCCGGCGGCTTCCTCAAAAGGGAAAGCAGACCGTCCGACAAGGAAACCCTTATTTCAAGACTCATTGACAGACCTCTTCGTCCCATGTTTCCCGACGGATTCAGAAACGAGACTCAGGTCATTGCCACTGTTGTATCCTATGATGGTAAGCACTCTCCGGATGTTCTTGCCATAAACGCTTCAAGTGCCGCGCTGCTCATTTCGGACATTCCCTTCAGCATTCCTGTTGCGGGTGTCAGGGTCGGCAAACATAACGGACAGCTTATAATCAACCCCTCTTACGAAATATTCAA
CP035108.1_gap43	1416583	1419618	3035	AAATGAAGTGCGGCTGACCGCAGAAAAGGGGCTTGCCCTCAAAAAGATTGACTCTGCGGATCTCACTCTTTTCATAAACTGCGCCATTGAGACAGAAGCGGACAGCCAGCTTTACATAAAACATCTGCCCGGATACATAAAGTCAAACCCCGATAAGATTTCTTCCCTCACAGACATTATCGCCGAGCATCTGGAAAAGAACTTTGACAAAGCGTATTTTGCCGAAATAGTGAGCAGCGCCGAGCTCAGCTCCCTTGTGCCGCTTTTTGTGCGCCTGAAAAGGAAATACCCCAAGCCGGAGATTTATTCATATCTGCTTGAAAACGCAGTGGCGGAAGGGCACGGGGACAGCTTCGGGCAGATACTCACTGAAATAGCCTCAGTCTCCGATGCCGTGCTGGATTACTCATTCGCCAAAATGTGCTTTAAGTTCATCGGTGAGATGAACAGCACAGACACTCTTGAAAGTATGCGCACTATCGTTGAGAAGGCGCAGGCTATGGACATGAAGCATCAGGTGCTTGACCTTCTCCGTGAGGCATATGCCAGAGCGGGAGATAAGGAAAGCGCCCAAAGGATAGATGACGAACTCTACGGCAGAAAATCACCCGATCCTGTAGACAGCGGCAGGGAAGCGAACGTGCTTTCCATAGACTCCTTCGACCATACTGATGATCCCGAAGTGAACGACATTCTGGAATTTTCCCTTATGGATTCGATTCCCTCCGGTAAAAAGAAGCCGGTGCCTGAGCCCGTGGTTGAAATTCCTTCCGAGCCGGAAACGGATGACTTCTCCATAGTCACTTCCGAGTTTGATCTGGATTCGTTTGTGAGCGTGCCCTCCGCGTCAGAGGATCAAGGGCTTGATCTGGATAAATTCGCCTCTTCCGAAGGGGAGAGCAGTCAGAACGGTTTTATCGAAAGTGAAACAGGGATTGAAGAACCCGAGCATGAGGAGGAGCACAGCAAACCCGTGCATGGGATGATTCTGCATGTTGATGAAGATTTTGACGAGGCTGAAATATTCGGTGATATAGAGATTAAACCTCAGACTCAGGACATTCCGCAGGCTGTCAGCGAACAGTACGAGCCCAAGGGCGGCATTGACGATCTTTTTGATGATCTTGAGATAATCATCGAAAAAGAGGAACCGTCAGGCAGGGAAGAAGCGGTCGAAGCGGGCGCGTTGACCCTTGATGATCTCACATTCGACTTTGACAGCGAAAAGCCCAAGCCTGAGCCGCGGAAGAAGGAAGATTCACCTTCCATTACCTCCGGAGCTCTTGATGAGCTTTTAGAAAAATAGAGCAGGGATGTTCGGATTCTCAGAGCGTAAAACCAAGCTGATGCTGCTTAAAGGCAAGTTTACTCTCAAGCGGGTGGGGCTCTATGCTCTTTTGCTTGCCGCACTTGCGGCGGTGAATCTCGCTGCCGGCTCAAACATAGTCAACACCGGATTTCCGTGGTACTCCAACGTATCGATCTTTCTTCTTATCAACATAAACATAATTCTTCTTCTCGTTGTTTTCATACTTATATTCCGAAATCTCGGCAAGATGCTGGCGGAACGGAAAAAGAACATTTTCGGCGCACGGCTTCAAAGCAAGCTGGTAATGTTTTCCGTTTTACTCACCGTTATTCCGGTCTTCATAGTTTTCGCGTTTTCAAGCACTGTCATAAATAAAAGTATAGATAAATGGTTCGACGCGCAGATAGAGCAGGCGCTGAAAAGCTCCATAGATCTGATGCAGAAGTATCAGAACAGACTTGAGCAGGACATAATAGAGCAGAGCAGCACCCTTTCTCAGATCATATCAGATCGTGATTTCATGCAGACAAGGCATAAAAAGGAGCTGGACGCCTACATAAAGGAATACTCCGCAAAAAACCAGATAGACGGCATAGCCGTATACAACAATCAGCAGACGAAAATAAGCTCCGAGGAGAAGGGAGGGTTCTTCTTCTTCTCCTTCGTAAACGGTGATGTTGTGGATGAGATTCTCGGCAAGCAGAGGGTCGCCCGTTATGAGTTTTTCGGCTATGAGCAGATCTACTGGGTGGGACATCCGGTTGTTTCAAAAAACAATGAGAATATTGTTCTGGGCGCTGTCTTCATATACCGCAAGGTTCCGGCGAACGAGGCTGAAAAGGTTTCCAAAATACTCGATTCATACAACAACTACAGCCAGACACAGTTTTTCGCCGAGCCTGTGAAAAACTCATACAAGCTTCTTCTTGTGCTTATGACACTCCTTGTGGTGTTTGCGGGCATATGGGGAAGTCTCATCTTCTCAAAGGGGATCACGCAGCCTCTGGAAAAACTCGCCGAGGCGTCACTGAGTGTTTCCAAAGGGAATCTTGACGTCAAACTGGAATCAGTGGGGGATGATGAAGTCGGCGTACTCACCGGAGCCTTCAACGATATGGTGAAAAGGCTCAAGGAACATAACGAGGAACTGAATCTCAAAAACGAGAAACTCGCCGAAATGTTCATGCAGATCGCAAAGGACAACCAATATATAGACACGGTTTTCAAGAACGTTAAGTCAGCGATTGTTCTTTTTGACGAAACCCTGCATCCGCTGAAATACAATGACCCCGCCGAAGCTCTGAGGATAAACAATCCTGATTCGTTCGAGAATAATGTTATGAACGAGCTCAGGGAGTTCATGCTCAGCACAAGGGCTTCAAAACACTTCCAGACCGAGCTCTCGGTGGGGGATGATCTGCGCACCTTCGCAGTGACCATAACCAAGCTTTTCGGTGCCGACGCGGATGTGGAAAACGTGGTGATGGTGCTTGACGACCTCACGGACATCATTCAGAACCAGCGTATGAACATCTGGCGGGAGATAGCAACCAGAATCGCCCATGAAATAAAGAACCCGCTCACACCCATAAAGCTTACCGCAGAGAGAGTGAAGAAACGTCTCGGCAAAACCCTTGAGGGCTCTGAGGGCGAGCTTGTCAACAGCAGCATGGACACGATTATAACCGAGGTGAACGAGCTCCAGAATATGGTGAACGAGTTCAAC
CP035108.1_gap44	1429503	1430830	1327	CAGAAATATAAAAATTCCCCTTTATTTCAACATGTTGCAATGGTGAATAATACTGCACAGATATATAGTCGTGTCTAACAAATTTAAAATAGGCTGTCAATGATTTTAGAAGAGATTAAAACTGTTTTAAACATATGTTTATGTTTATCTGTCTCTGAGTAAAAGAGTTATGCTACATATTTTTTATTATGTGTTACCCGATAGTGTAATTTTTTTTGACTTTTCGGTTTTGAAGGTCTATTATTCATAAAGGCGAACACTTGTTTGCTCTTGTTGCTCCATGTGACGTATACAGACCCATGGAAGGGGGCTGCGCCGTGCGAAGCGAAGCCGCATTTACTGCGGCGCGAGCGTGTACATCAAACTGACAGGATGTGCAGTTTGATGTTATTGAATGAGAGGTTGCTTCACCCTTTCAGGGTTCGCAATGACGCATTACTGTGTCACTGCGAGGAGCTGAAGCGACGAAGCAGTCTCTGAATAAGCAGGGATATACAGACCCATGGAAGGGGGCTGCGCCGTGCGAAGCGAAGCCGCATTTACTGCGGCGCGAGCGTGTACATCAAACTGACAGGATGTGCAGTTTGATGTTATTGAATGAGAGGTTGCTTCACCCTTTCAGGGTTCGCAATGACGCATTACTGTGTCACTGCGAGGAGCTGAAGCGACGAAGCAGTCTCTGAATAAGCAGGGATATACAGACCCATGTAAGGGGGCTGCGCCGTGCGAAGCGAAGCCGCATTTACTGCGGCGCGAGCGTGTACATCAAACTGACAGGATGTGCAGTTTGATGTTATTAAATAGGAGGTTGTTTATATGTCAGAACCGACAAAAAGGCAGAAACAGTTTCTGGATTTTATCGAAAGCTTCATTGAAGAAAAAGGGTATTCGCCCTCCATGCGGGAGATAGGCGAAGGGCTGAAGCTCTCGTCCACTGCGAGCGTCAAAAAGATGCTGGACAGGCTTGCGGAAAGCGGCTTTATCCGCCGCGCGTCCTCCTCCGCCAGAGGTATAGAGCTTTCCAGAAGGCACTCCATACCCATAATAGGGCGAATCAAAGCGGGCATGCCTGTTATGTCAGAGGAGAACCTCGAAGGTTATATCTCCGTGAAAGACCTTGTCCGGTCTGATTCCTTTTTCCTCCGTGTGGAGGGAGACAGCATGAAGAACAAGGGGATTCTGGACGGTGATTTTGCTCTTCTTCGCCCTAGTCCGGTCATCGATAACGGCAAAATAGGCGCATTCCGCCTGAACGGAGAGATTACCCTGAAAACTTTCCGCAGAAACAGGGACGGCATGTTCCTTGTGCCGGAAAATGATGATTATC
CP035108.1_gap45	1448868	1453867	4999	GGTATCGAAAGAACTGTGGAGTTTAAGGATTACTTTATACTCAACCTCGGCAATGCCGCCGTGGCTGAGGTGCATGATAAAAACAACCGCTACAGAGGCTTCGGCGAGTACAGAAAGCCGGTCAAAAATCTGAAATTTTCATATGACGCCGCTGGAAAGCTTATTTATCAGAAGCAGAATTAATCCTTGCAATTTAGTATCCGCAAACTTATTCTAAAAGAGACATTTATGGTGCGAATAATATGAAAGGCATGAAAGCTGCCGTTTACGCTAACGATTCACTCCTGCTCGGCGAAGTTCTGGGCAGGATAGAAGAAGAACTTCCCCTGCTTGGGGTCAGCATCTACTCTTCTGAGGACTTTTTGCCCGCTATAGCAGCGGAAAAACCCGCTTACGAGGCGAAAAACATAAAAGACCTCGGGGATGAGGAAATAGCAGTAATACTCGGCGATCCGGGAATCCATGCTGACACCTTACGGAAGCTGGACGGCTCAATAATAGACTGTACTGGGATTTTCAGCGGTTATGATGATCTTTATGAAGTAGCTGAGCCCATTGAGTACATTGCCCGCCGTTTTCAGGGCGACAGATCTAAAGTGAGGGGCAGTCTGCTTATGCCTGCTGCTCTTTTCGGCAGAAATGCCATAGACGATCTGATCAGCCAGACGAGAAACCTATTCTCCTTCGGGCGGGACAATTCAAAAGTTTTTGAGGAGAGGGTAGCCTTTAATGTTCTTCTCGGCGGGGACGACAGCCGAAACATTATGAGCGGTTACAAAAAAAGGCTTGAAGAAACCACAGGGATGACCTTTAATTTCAGAATCATTCCGGTTTCCACCGTTTTCCTTGCGGATTTTTTCCTCGGGGATAATGTTGTTTTTGCGGAAGAAGGCGGCATGTTTTACGAGTTTACCGCCTCAAGTCTGGAAGAAGCCATGGAGAATGACGGCATCGGAGTTATAAAGCATCCGTCCGGAAGCATGATAAGCTTCACGGGCGATTATATAAAAGTTCTGACGGGTCAGATAGTATCACACCTGAAAGAACTGACAGGAGAATAGGATGGCTTTTTTAGATAATGTTGCCGGAACCAGACCCGACAGCAGAGTGGTTGATAAAATGCTCCCGTTTCTTACGGAGTATTACGGCAACCCCAGCGCCCACTTTTACCCCCTCGGCAGAGAATCCTTTGAGGCGGTGCAGGAGGCGAGAAGGCACGTTGCAGAGCTTATCGGAGCGGAGGAAGAGGAAGTGATCTTCACCTCCTGCGGCACAGAGTCCAACAACCTTGCGGTAAAAGGGGTGCTTAAGCGTCAGGACAGCAAAAAACACGTTATCATAAGCGAAATTGAGCATTTTTCCGTGCAGAACCCGCTTATATCCTTCATGAACGACGGCTATGAAATAACCAAGCTCAGAGTGGCGGAGAACGGTCTCATTAACCTTGAAGACCTCAAAAAAGCTATCCGCTCCGACACGGCTCTTGTTTCAGTGATGCTCGGCAACCCCGAGATCGGCACTGTTCAGCACAATGAGGAAATAGGCAGAATTTGTAAGGAAAAAGGCGTTCTTTATCATATAGACGCAATTGCCGGAGCAGGGCATATCGAAGTTGACGTTAATAAGCTTAACTGCGATCTTCTTTCTCTCTCCGCGCAGAATTTTTACGGACCCAGAGGAGCGGCGGCTCTTTACATAAGACAAGGGACAAAAGTCGCCTCTCTCATGCAGGGCGGACATCAGGAGTTCGGCTACAGAAGCGGCTCTGAAAATGTTGCGGCAATTGTGGGCATGGGCGAAGCGGCACGCATAGCCAAGGCGGAAATGCACCTATACTCCGCTGAAATGAAAAGGCTCTCAAAACGGCTCTGGGAAGGGCTTGCAAATATGTTTGACTTTTTGCATTTTACGGGGCATCCTGAACGCCGGCTCCCCGGACACGTCAGTTTCTGGATAGAGTTTATAGAGGGTGAATCGCTTCTTATGTGGCTTGCTCTTAAGGGAATATATGCGGCGAGCGGCTCAGCCTGCTCATCAAACATCCTTGCCGAAGACGAGGAAGACCTTCAGGCCTCTCCTGTTCTGACGGCGGTTGGGGTACCGAGCGATATTTGCGCCGGATCAATTACTTTCTCCCTTTCCCGTTATACAACTGACGCGGAAGTGGACAAGGTTCTTGAGGAGCTGCCCGGTATCGTTACAAGACTTTGCGAAATGTCTCCCGCTTACAACAAAGGAAACTAGGAGGTTACAATGGCAAAAGGACCATACAGCGAAAAAGTGATGGATCACTTTATGAATCCCCGCAACATGGGTGAAATAGAGGGCGCAAACGCTGTCGGAGAAGTGGGAAACCCCGCCTGCGGCGATGTTATGAAAATTTTCCTCGACATAGATGACGCAGGAATAGTTAAAGACGTTAAATTCAAGACATTCGGCTGCGGAGCGGCTATAGCTTCCAGCTCAATGGCTACTGAACTTATAAAAGGTAAAAAGGTTGAGGAAATCCTCGCCCTTACAAATCAGGCGATAGTTGACGCACTCGGCGGTCTTCCCCCTGCGAAAATCCACTGCTCGGTAATGGCGGAGGAAGCTATTGAAGAAGCTCTTAAGGACTTCTACATCAGAAAAGGCGAAGACCCCGCAATAGTTCAGAAAATGAAAGAAGAGATAAAAAGCGCTGCAACCGGAGGAAATTAATGAGCTTGAAAGAAAGAGTTGAAGCAGTCCTTGAGCAGGTAAGACCCGCTCTTCAGGCGGACGGAGGCGATATAGAGCTTCTCGGTGTTACTGAAGACGGAATAGTTAAAGTACAGCTTACCGGCGCGTGCGGAAGCTGCCCCTTCAGCACTATGACGCTGAAGCATGCAGTTGAAGGCAGACTCAAAGACCAGATTCCCGAAGTTAAAGAAGTTCAGTCATTTTAAAAGATGATACGGTGCGGGAAGCCTTTCCCGCACCTGTTAAATATCTGTTTTCCCGTATGTCGTCATTGAGCCCCGCCGTTTAAAATAATGCTTTTTTCCATGTCATAATTGTTTTATAATCTTATCTTTAATAATCGGTCGGGATAGTGGTGATGAACAAAAAAAACAAGAACCCTGAAACCCTTTTTCACTCTTTTATTCAGTCAGTGGACAGACATAAAAATAACACGGCATTCATATACAGATCAGCAGAGCAGGAACACAAAGTAACTTTTGAGAAGCTTTTTGAGGATGTTCTTCTCCTTTCCCGCTCTTTTGCGGAAAAAAAGATAGTCAAGGACACACGTGTTCTTCTCCTTTCCGATAACAGATATTCATGGATAGTGACCGACCTTGCCCTTGTTTCGCTGGGCGCAATCAGTGTTCCCCGAGGCAGCGAATGTCCGGAGCAGGAGCTTTCCTTCATCATGGAGCACTCGGGCTGTGAGTTCATTATCTTCGAGACGGAGAAGCTCTATGATGATCATAAAGCCTTTGTAAACACTCTGGAGAGAGTGAAGGGCGTATTCATCATGGAAGGAGAGCACAGACACAAAATTTTTTCCCGCATATATACGTACAACGATCTTCTCACTGACCGGACAATCTCAGATGAGGACATAGCCCGTTTCAGGGCGAGGAAGCACAAGCTTTTCAAGGAAGATGTCTTCACTCTTATCTATACATCAGGTACAACGGGTGTTCCCAAAGGGGTTATGCTCACCCATGACAATATTATGTACAATCTTGAGGTTATTCCGTGGCTGATAGCTCTCAGACCCGACGACACATGGCTTTCGATCCTTCCCACATGGCACATATTTGAACGCGCTGCGGAATATGCGGCACTTATGAGCGGCTGCTGTACGATATATTCATCCATTAAAACCTTCTCCGCTGACCTTGAGCATTACAAACCGACAATCGTTGCCACCGTTCCCCGCCTGTGGGAGTCCATGTACACCAAGGTTAACGCTGCTCTTGAGAAGCAGGGAAAGACGAAGCACAGAATTTTCACTTCGCTTGTGGCGGTCTCAGCCGCTTATAAAAGAAACAAGCGCCGACTGAAAGGGCATCTTCCCGTATTTGAGAAAGAACCGAAAATGACTAAACTAATAAATGATTTTAAGGCTTTTGCCGCGTGTTGCGCTCTTTACCCGCTGAATCTTCTGGCGGCGAAGAAGCTTAAGGCTGTTCAGGCAAAGTTCGGCGGCAGAATGAGGCTTGCCATCAGCGGCGGCGGCAGTCTGCCCCAGTATCTGGATGAATGGATCGACGCTCTGGGTATCAGAATCATCAACGCGTACGGTATGACCGAATGTGCCCCCGCCATAGCGGGCAGGGCACTTAACTGTGAAATCTTCGGAACCCTCGGACCTGCTGTGGGAAACACGCTGCTGAGAATAACCGACGACGAGAACAGACCTCTCCCCGCAGGGGTTGAGGGAGAGATTCAGGTTAAGGGCAGGCAGGTCATGCCCGGCTACTATGATAATGATGAAGAAAACGAAAAAACTTTCACAGCGGACGGTTATCTGAAAACAGGCGATCTCGGCAAGCTTACCCGCACCGGAGAGCTTGTGATAACCGGACGCATAAAGGAGATAATAGTTCTTGCCAACGGGGAAAATATTGACCCCAGCCGCATCGAATCCACCATCACCAAGCTGCCCTTCGTTAAGGATGCCGTTCTCGTCGGTCAGGACAGGAAGGGGCTCGGAGCGCTCATTGTCCCTGACCTTGAAAAGCTTAAGGAAGCGTTCCTGCCCAAGATTGAGAACATGGTGCACGATGCTCAGGACATGCTGAAGGACAGCAGAGTCATAGAACAGGCAAAACGGGAGATAAACAAGCTCCTGAATGCCAAAAAAGGTTTTAAGCCCCACGAAAAAGTGCATAACATTCACTTCATGGAGAATGATTTTGAACCGGGAAAAGACCTCACCAACACACTGAAAAAGAAGAGACATGCCATAGAGAAAAGGTATCAGAGCATCATACAGAAGCTTTTCGGCAAAGATTAAAACCTGAGA
CP035108.1_gap46	1474802	1478081	3279	TAGCTTTCGTTGAGGTGCCAGAAGGGGATACGTTTCATATGCCCTTTGACGCTCACGGTTTTGAGCTTTTCCTCAAACCTTTTGAAGCAGAGTCCGCTTGTGGTATAGGAATCCTGCGGGTACATGGTCATCACATATATATTGCCGAACTCGGAGCCGTCCAGCCTGTCCAGCTCGTCTTCAATATACGGATGGTAGTAGCACATGCCTGTTCTGACCTCAAGCTCTCTGCCTGTTTTGGCATAGTATACTGCGGCTGTTTTTTCCAGAACGGTTTTCATGTGTCTTAGCTGAGGTGAGGAGCCGCCCATTTTTTCATATAAGGGGGCGACTTTTTTGGAACGGGATTTCGCTATGACTCCCGCAAGAATATTCTGCGCCCATGTGCCGATCCTGAAATCTATTATGGTGCGGTCTGAAAAAAGATTCTTAAGAAAGGGGCGGATCGCCTCAATCGAGTCGGGTCCGCCCATGTACATAGCGAAGAGAAGGTCTTTCATTAAACGCCTTTAACTATATCCACAAGGTGCTTAACATTTTCAACCGGAGTCTGCGGCATTATACCGTGACCGAGGTTGAAGATGTGCCCCTTAAGTGATTTTCCTTCTTCAAGGATGATGTTTGCGTATTTTGTTATAGTGGCTTTATCCGCAAAAAGAAGCGCCGGATCCATGTTCCCCTGAAGGACAAACTTGTGCTCCAGTGCGGCATCCGCCTGTTTAAGACTGGTTTTCCAGTCTACGCCGAGGGCAGCGCAGTTCAGGTTTTTGATCAGCGGGTAGAAGGATGAACTGTCCTTAGCGAAGTAGATGAAGTGTGCGCCCTTTACGGATTCGGCGACTCTCTGTACATAGGGGAATATGAATTCTTCATATTCATAGGTGGAAACAAGCCCTGCCCATGTGTCAAACATCTGCACAACGGGGCAGCCGCTGTCGACCTGTGCCTGAAGATAGGAGATGGTGTTGTCCGTGAGTTTCTCCATCAGCACGGTATAGGCTTTTGTATTGTTGTGCATAAGCTTTTTAACTTCAAGGAAGCTTTTTGAGCCTTCACCCTCTATCATGTAGCAGGCGAGGGTGAACGGAGCGCCGGAGAAGCCTATAAGCGGTACATTCAGCTTGCTGATCATAAGCTTGATGGCGTCCATGACGAACTTAAGCTCTGTTTTGGGGTTGACAAGCCTCATCCTGTCGGCGTCCTCAAGGGTTCTTACAGGGTTTGATATATATGGAGCGGGTTTAAAATCCAGATTAACGCCCATAGGCTCAATCGGAACAAGAATATCGGAAAAAAGTATAGCGCAGTCCAGTCCGAAAGCGTCTATGGGCTGAAGTACAACTTCGCAAGCCAGTTCGGGTGTTTTGCAGAGCTCAAGGAAGCTGACCTTGCTTCTTACGTCTCTGTATTCCTTCATGTATCTGCCTGCCTGTCTCATAAGCCAGATGGGCGGTCTTTCTGTTTTTTCCCCGTTCAGCGTTCTTAATAAAAGGTCATTGAAAGCCATTTAGTTCTCCGTGAAATTTTTTTGATACCATTACGATTGCCATGAAACTATACCAACACATAAGCGGGTTGCCAAGTTAATTAGTAAAGCTCCGTATGTAAAAATTATGATTCGGATAAATTAAAGGTGTTTTCATTTGTTAATTCCGTTCTATTTCGGTTAATATTTAGTATCTTATTGCGATCCGGCAGGCGTTTTGTTAATCTGTACGCTCCCCCTGAAGCATACACGGCGGGACGTAAACTATAGCTATGAAGAGGGCAGCGAATGGCACAATTTGATGTAATAATTACGGATCATATCTCCGAGGAAGGGGTTAAGATACTTCAGAACGCAGGGGATATTAACGTTGACATCAGAGCCGGCATTAAAAATGACGACCTGAAAAAAATCATAGGCAACTACGACGCGGCAATCACCAGAAGCGGAACAACCGTTACCGCTGATTTAATCGAAAATCCCGGAAAACTCAAGCTTCTCGGACGCGCGGGTGTCGGTCTTGATAACGTGGACATCGAAGCTGCCAGCAAAAAAGGCATAATCGTTATGAACGCCCCCACAGGCAACACTCTTGCCGCGACGGAGCTTACCATGGGCATGATGCTTGCGGCTGTGAGGAAAATCCCCGCTGCGAACGACTCTGTAAAATCCATCAAATGGGACAGAAAGAAGTTTATGGGTATTCAGCTCCACGGCAAAACCCTCGGCATAGTCGGGCTCGGACGCATAGGCGGAAATGTTGCTATCAGAGCGAAAAGCTTTGGCATGAAGATTGTCTCCTTTGATCCTTATATAAAACAGGCTAAGGCTGATGCTTTGGGTGTTACTCTCTGTGAAAGCCTTGAGCAGGTTCTTAAGCAGGCGGATGTAATCACCTTCCACACTCCGCTCACTGATGAAACCAAAAACCTGATCACTAAGAAAGAAATAGATATGATGAAGGACAATGTCGTGATCATAAACTGCGCCAGAGGCGGCATAGTTAATGAGGACGATCTCTACGATGCCCTTGTCTCCGGCAAGGTGTTCTCTGCCGCTGTGGATGTTTTCACGAAAGAACCGCTCGGCGAAAACAGGCTCCTTACCCTTGACAATCTTTTTGTCACACCTCACATAGGCGCAAACACGGAGGAAGGGCAGAGGGATGTTGCGCTTCTTATCTGCCAGCAGGTGGTAAATGCTCTGCACGGCAAATCATATGAAAACGCTGTTAATATTCCCTTTATGAAGTCTCAGCTCAGCATCGAAATGCAGAAGTACTTTGAACTCATCGAAAGAATGGGGCATCTTCTCGCACAGCTCACAAAAGGTAGACCTGAAAGAGTGGAAGTGACAATGGTGGGTCACAAGTTTGACGAAGACTTCTTTGAGAGAACCTTTGACACTCCCTTCAATTTTCAGGCTTTCACTATCGCGGGTCTCAGAGGACTTCTTGAGTTCAACGTGAAGGAGACTGTTTCCTACATAAACGCTCCCTACATCGCAAAAGACAGAGGGATCGACATTCAGGAAAGCAAAACCCACGCATACGGTAAATTTAACGATCTGCTTGTTATGAAAGTGAAAACCGACAAGGAAGAGAAGGTGATAGGCGGAACCGTTTTTCCCGACGGCTACGGACGCATTACCATATTTGATCAGTTCTTTCTTGATATGATATGTCAGGGTACATACATCTATATCAGAAACAGCGACACCCCCGGCGTTGTGGGCAAGATAGGAACTCTTCTAGGCAACAACAACATCAACATAGCAGGCTTTGAACTCAGCCG
CP035108.1_gap47	1479127	1480052	925	CTCCGCCGTATCTGGCTGCTATGTCGGTTTCACGTATATTTTCGCCGATGATAACCGCAAAGGCTCTGAGAACCTCATCCCCTTTGGGGTGCCCGTAAGTGTCGTTGACTTTTTTGAAGAAGTCCAGATCAAGCAGGGTTACGGTGAATTTATTGCCGTATCGTTTTGATTTATCAAATTCGCTTTTAAGTTTGTCTTTAAAATAGGAGTGGTTGTACAGAAGTGTGAGACCGTCTTTCTTCGCCATCTGCTCAAGAAATTCGTTCTGCTCAAGAACGTTTGTGGATGCGAAAGCCAGTTCAAACACCGTGTTTTCGAGTTCTTCGGTTTTTTTCTGAAGCTCAACGGTCATGGCAAAGTATTTCACAAGGGTATTGTAATGGATTATGAGATCCTCCACAGGGTCATCCGTGTGAGTGAACTCAAAGAAAAAGTCCTTGGAAAGTGACAGAAACTGATGATCAAACTCCCTGTTTGCTATGAAAAGGAAGAAGTTTTCATTCACCATCATCGAAGCGAGCTTTTCAACTGTGTCCGTTTTGCGCACCTCATAAATGATAACCCTAGGACCGTCCTCAGACTGTGCGCAATCCCATTCGACGCTTTCCGGAAAAAGCTGTTTCAGTGTTTCTGTTGTTTCTTCACTTTGTGTGCAGCGGTAAACTGTAGGGTTAACCTGCATCCTCCGGTCTCATATGGGGGAAGAGAATGACTTCTCTTATGGACTGGCTGTCTGTGAGCAGCATCACCAGTCTGTCTATACCGAGTCCTGCGCCTGCCGTGGGCGGAAGTCCGTATTCAAGCGCACGGATGTAGTCACTGTCCATAGCGTGGGCTTCTTCATCGCCCGCTTCTTTTTCAGCAACCTGTTTTTCAAATCTTTCCTTTTGGTCTATGGGGTCGTTAAGCTCATTAAAACCGTTGG
CP035108.1_gap48	1569707	1570220	513	TGAATAAGCCTTCATGGGCTGCTTTTGACAATTCCACAGGCGTACTCACCGGAACTGCGGTTGCGGGTGTTTACGGCGGCATAGTTATAACCGTTTCAGATGGTAAAGGCGGCATGTCAGCGCTGCCTGCGTTCGGTATCACTGTTTATGCGGTTAACACTCCGCCGCAGATAAACGGAACGCCTCTTGCTTCACTTACATCCGGCACAGCGTATGCCTTTGTTCCCTCAGTCAGCGACGCAGACGGAGACACACTCACTTGCAATATACTGAACAAGCCTTCATGGGCCGCTTTTGACAATTCCACAGGCGTACTCACCGGAACTGCGGTTGCGGGTGTTTACGGCGGCATAGTTATAACCGTTTCAGATGGTAAAGGCGGCATGTCAGCGCTGCCTGCGTTCGGTATCACTGTTTATGCGGTTAACACTCCGCCGCAGATAAACGGAACGCCTCTTGCTTCACTTACATCCGGCACAGCGTATGCCTTTGTTCCCTCAGTCAGCGACGCAG
CP035108.1_gap49	1653768	1654918	1150	GTTCTCGGAAGCGGTTATCAGAAAGCTGTTTATATCCGCAACTCTTTTTTCGGCGGTCTCTATGGCTGTTTCTGTATCCTGCACCCTTTTCTCAAGCGGAGCAACGACCCTGCTCTTTTCGCTCAGCAGATCGGAGCGCTTTTTTCTCAACTCTTTTTTTGTCAGCTTACCCTGTGATGTGACTTTCTTTTTTGGCTTCGGAGTTTCTTCCTCTTCGTCCCAGCCTTCTTTCTCAAGAAATTCGGCATATGTGCCGTCAAAAACGCTTATCTTATTGTTTTTGAAGACTATAAGCCTGTCCGCCAGAGCATGGAGAAACATCTCGTTGTGGGTGATCAGAAGGAGTGTTCCCGGAAAATCATCCAGAGCCTCAAGGAGTGAATCGCAGGACTGCATATCAAGGTGGTTCGTCGGCTCATCCAGCATGAGGAAGTTCAGCGGTTTCGCAAGGAGTTTGCCCAGCATTACCCTGCTTTTCTCACCGCCGGAGAGAACGCCTATCTTCTTAAGCGCCGAATCCCCTTCAAACATCATTATTCCCGAGATGTTGCGCGCTCTCTGCCTGTCCACATCCGGTGCGGTATGGAGGAGCTCCTCCTCAATTGTGCGCCTGTCGTCCAGAGTTTTTATATTTGTCTGCTCGTAAAAGCCTTTCTCTATTCCCGGACCGTAATAGATTTCACCTGCGTCCGGTTTCATTTCTCCTGCAAGCAGCTTAAGCAGGGTAGTTTTGCCCTTGCCGTTTTTACCGATTATGCAGACACGTTCGCCGGTGGTAATATTTATGCTGAAATCTTTAATCAGCGGATCGTTTTTGTCATAGCCGAAGGTTACCCCTTTGGCATTCAGCCCTGTTTTACCTTCGTAGTGTTTGTAACGGAAGCCGAAGTCCAGATCTTTTATATCCTCCAGCTTTGCCCTTGAACCCATCTTCTCAAGCATCTTCACCCTTGATTGGGCACGGCTTGCCAGAGACGCTTTGGATTTGAAACGGGTGATGAACGCCTCAACCTCTTTGCGCTTCTGTTCCTCATTCTGGCGGGTTTTCTCGTAGATCTCTTCTTCGGTCGCTATCTGCTCATAGAGCTTGCCCGTATCCCCTTCTATTTTTCGGATCTTCCTGCGGTGGATGGCAACGGTATGGGTCACC
CP035108.1_gap50	1670837	1672091	1254	TCGACGGTTCTCAGAACACTGATTTCGGCGAGATATTCTCTATGGACAGTCTGCCCGGTAACATTCAGTTCTTCATCATTGCTGACGGCGCGTCCATCGTGGATGGAAGCACTGTCCTCAGCTTTGACGAAAACGGCAAGCTCCTCATCAACGGTGAAGAGTCTTCCAAACCGGTTTACTACAGCGAAGACGGTAAGAACCCCGAAGGTCTCCAGTATGTCAGCATTACTGACAATGGTGACGGTACAAGCACAATAGAATTTGAAGACCAGACCGACGAGGACTTCAATGACGTGGTGCTCACACTGACAGCGGCATCCTTCAGCGAAGGCACAGGCTATGAAACAACTTACGTTGAAAACGCTGAGCCTGTTTCTATCGCGAGCGAAACAGTTGAGATAACAGATGTGGACGATACCAATATCGAAAGCGCAGTTATCAGGCTTACCAACGCGTTTGAAGGCGATTTCCTTTCAGTGGGTACCCTCCCCTCAGGAATCGATTATGAAATCAGCTCCGACGGCACAACTGTCACTCTGACAGGCTCCGCCACACTGGCAGACTATCAGGAAGCGATCAAGGCAATCGGTTTCGCAAGCGAAAGCGAAAACCCCGCAACAGATGACCGTTATGTTGAAGTAACAGTAAATGACGGTGACGCGAACAGCAATACCGCTGTTACAGTTGTCAAAGTTGTTCCTGTTAACGATGCGCCCGTTGCAGTTGATGATTCTATCGAAGTAGAGGAAGACGGTTCTAAAACCTTCGGCGTTCTCGGCAACGACTATGATGTGGACGGCGATGATATATCCATCGATGAGTTTACTCAGCCCGCTCACGGTACGGTTACGCTCAATCAGGACGGAACATTCACTTATGTTCCCGATGACAACTACAACGGTGAAGACAGCTTCACTTACACAATTGCCGATCCGGACGGTGAAACAAGCACAGCTACGGTTAACATCAATGTTACACCTGTGAATGATGCTCCTGTAGCCACTGATGACGGCAGACCGAACTTCAGCTTCACAAGCCTTGCAGGTAACTACTATGCTGTGAGCACAGAGTTTAACGGTTTGAACGGCAGCACATACAACAATGACAATGGCTATCTGATAGATAACCTGAACGAATTTAAACACATAGTCGATACCACCGATCCAGTGGCATCATTTGACGCCACAAAAATCTGGTACGGCTACGGCACGGGAAGTGTTTCTCAGGGCAATAACCTTGCAGGATTCCTCAATC
CP035108.1_gap51	1673210	1674626	1416	AAAAATGGCTTACCGGAGATCAGGCTCAAACTGCTATAAACGGTCTGACAACGAAGAACTATACCGACTATGACCATGCTATAGAGGTTGTGAGAACCTCCTACACCGATGCTCCTGAGGCTGATAAAACTTATGTTTACTTCCTCTCAGACGGTGAGCCGATGGGAAGCGACGGAAGCAACCAGAACACTATAAGCAACGGTGAACGCGAAACATGGACTAACTTCCTCAACAGTTCAGACATTGATGAAGTTTTTGCAGTGGGAGTAGGTTCCGGCGTAAGCACAACAAATCTTGAAACTGTTGCATGGACAAGCGATCCGGATGGTGACCACAGCGGTAACGTGATACCGGTTACAAATGAAAATCAGCTCTCAGCTATACTTGAGGGCACTGTTGAACTCAACTCTGTTGAGGGCAATCTGCTTGATAACGATGACTTCGGTGATGACGGAGCAGGGACTCCCCAGCTTGTATCTGTTGAGTACAACGGAGTGACAGTGGAGTTCGATTCCTCAACAACCCAGCATACCTTTGACCTCGGCGAAGCAGGCAAGGTAACAATCTACAGTGACGGCAAGTATGAATATACTTCCGGAGCGGATGTCGCAGAAGACGCAACTGCCGAAATCAAATATGTTATTCAGGATGCTGACGGCGAAACATCCGAAGCTACGCTTACCCTCACAACTGAGGACAGAAGCGAAGTTTTCGCGGCTGACAACGCTAACCACGCAATAATAAACGAAGTGACAGTGGATGAGATTGTTAACGAAACCGATATAAAATTCGGCAGCAACTCAACCAAAGTCCTCACAGACGATGATGATGCCACAAGCGATAGGTTTGATGTTTCAGTAGGAAGCGGTCAGACTGCTGAAGTAAGCTTCAACTATCTGGTTGAGAACGTCAATAACCAGAATGATACTTTTGAGTGGACGCTTCAGAAATACGACGGTTCAGGTTCCTATGACTACAGCAGCAACTGGGACGATGTTGAAGACGGCACTGTCAAAGTTAACGGAAACGGAACTGTTACCATCGACAACCTCTCATCAGGAAAATACAGACTCGTATTCTACACTGATGACAGAGGCAGCGGAACAGACCTTAAAGTGACTGTAAGCAGTATAGTGCTTGCTGTTGTGACAGCAGGGTATACTTACCTTGAAGCTGTTGCGGCAGAAGGCAATGTTCTTACGGATGCCAACAACTACCTCGACAGTGACGACCAGTGGGGCGCTGTGGATGATATGGGCTCCGAAGGCGCTGCATTCACCGTATTTAACGGAACCGATTATGTCGCACCCGATGCGGCGGGAACCACAATTGCAGGAGATTACGGAACGCTGGTAATAAAGGCAGACGGTTCATACTCCTACACCCCTGCTGACGCAGACGGCGCCGGTCAGAGCG
CP035108.1_gap52	1676613	1680286	3673	TGCGCTTAACTCTGTCCTCAATAGCCACCTGAGTATTGGAAATCTGCTCAATCTCAGCTATAACCTTGTTAAGCTCTGTCTGCGCTTCGCTTTTCTGCCGCCCTTCGATTTCACTCACAGCGTTTTTCGCCTCAATAACCTGATGCCCGAGAGATTCGATGCTTTTACCTGTTTCATCAAGCTCCTTGCGGTTATCAAGCTCCTTCTGCCTGAGCTGTATAAATTCAAGCTCGGAAACCAGCCCTTTTTTAAAGAGAGGTTCCATCAGCTCAATTTCTCTTTGTGTCATCCCTTTGCTGGTATGAAGGTTTTTCAGCCTCAGACGGGCATTCGCCAAATCAACCTGACGCTGCTTGAACCTCTGGATAAACACTTCCTTTTCGCTGTTTTTTCTTGCTGTGTTTGTCTCATAAAGTCTTTGCTCTTCCATAATAAGCTGAGGATAGTTATTTTTAGCCTCTTCATCAATTACAAACGGCGCTATGCCTGCCTCGGCTCTGAGTCTTACAGCCCTCGCCTTCAGTTCGCCCAGTTTTGACAGCCCTTCCTGATATGAACTGCCTGCGCCTGTATCATCTATAACAACAAGCACCTGACCGGCTTTTACAAACTGACCTTCCTTCACAAGGAGCTCTTTTACGATACCGCCCTCAAGGTTCTGCACGATCTGAACCTGTCGGGAGGGGATAACCTTTCCTATCCCCCTTGTGAGTTCATCAAGCTCAGTGAAATATGCCCATGCAAAAAGCACTATCATGAGCGCCGCGATCACATAAAGTATCAGCGACATCTTTATTGGGCTTTTTTGAAGAACAGCGGCATTAAGGCTGTTCATAAACTCAATGTCGCTCTCCTGAACACTCTTTTTACCGTTTCCGTTTTTATGTCCGGAGGAATTTTTGCCGTTTATCATTTACGGTTACCTCCAAGCTTTGCAAGCACATCTTCCTTTTTGCCGTCCACGACTATGCTTCCGTTATCGAAAACTATTATGCGGTCGACAATTTCCAGAATACTGGGTTTATGGGTTATCACAATTGTGGTTTTATCCTTGGTAGCCCCTTTCAGACTGGCTATAACCTTCATCTCCGTTGAATAATCCATGGAGTTTGTGGGCTCATCCATGAGGATAATCGGGCTCTCCACAAGAAAAGCGCGCGCCACGGCGACAGACTGTCTCTGCCCGCCTGAGAGGTTTCCGCCCCTTTCACCTACATTGACATCAAGCCCCATGGGGTGACGGTCGGTGAAATTGGTAACGCACCCTATCTGAGCGGCACGGAGAATTTCCGGATCCTCCGCGTGCGGCGCCTTGAAGGTAATATTCTCTCTTACTGAGCCGGAAAGCAGTGAAACATCCTGCGGAATATAACTGAAATTATGCCTCAAATCAGCCGGATCAATCTGCTTTATATCTATCCCGTCCACAAAAACACTGCCTTCGTCAGGGTCATAAAATCCCATAAGTATTTTCGCCAGTGTAGATTTCCCTGAGCCCACCTGCCCTATTATACCCACCCTTTCCTTGGGGTTTATCTTAAAACTGACGCCAGTGAGAGCGTTTTTGGTTTCATCCGGATAACGGAAGGTAACACCTTTAAACTCTATTGCTCCCTTAAAAACAGGACGTCTGAGAAAAAGCTTCCTGTCCGGGCGTTCGATCTCTTTTTTCATCAAATCATTAAGAGCGCTTAAGCCTGTTTTCATCTGTTCATAGCCGGTGAGGAGGGACGCAACCTGAGACATAGGTGCGATACTGCGGGATGAGAGTATGACAGAGGCTATCAGCCCGCCCATGGTCAATTCCCCCTCTTTTATCAGGTAAACGCCCACTATGACCACCGCCACACTGCTTAACTGAGTGAGAAAAGCGGCAACGGAGCTCAGTGAGCTGGAAAGTATTCTGGACTTGAGCCCCTTTGCGGCTATATCGCCCGTGCTTTCTTCCCAGTGCCACTGTATGGAGCTGTTGGCATTGAATGCCTTTATTGTCTCAAGGTTTGAAAGAGCCTCCACCAGAATGCCGCTTTTGCGCGCTGACGCCTCATGGGTGCTGTCAGCAAGGCGTTTGATAGGCTTGCGCATAAAGAAGCTGTAAAGCAGGATAAGCAGAATCGTAGCAAGGGGTACAAGAACAAGCAGGTTGCTTATATAGTAAATTACAAGCAGGAAAATAACCACAAACGGAAGCTCGATAAAAGCCACCACAGCACCGGAGGTAAAAAATCCCCTTATTCCGTCAAACTCTCTGAGGTTGTTGGCGAAAGAGCCCACAGTCCTCGGCTTATTCTTCATTTTCAGGTTGAGTGACTGCTCAAAGAGTATGGATGAAAGAATAACATCACTTTTCTTTGCCGCAACCTCAAGAAACTGGGTTCTGAGGTACTTGAGGATGAGATCAAAGATATATATAGTCGATATTCCTATAGCCAGCACCCAGAGCGTATCCACTGCGTTGTGCGGGATGATCCTGTCGTACACGTTCATTGTGAACATGGGACCGGCTATCACAAAGATATTTATGAGAAGCGTTGCCAGCAGCACATTCCCGTAAATACCCTTAAATTTAAACAGAGTTCCGTAAAACCAGTTTTCACGGTCGCCCTCGGAAGCTGTGGAATCCTCAGGTCTGTAGCCTTCATAATTTCTTTTAATAAGAAAAGCAAAGCCGAGGTATTCCTCTTTGAGCTTGTCAAAGTCAGTTTCCATAGGCGTTTCATCAATGTCGGGAAGAATGATTTCCGCTTTTTTCTCTTTGTTGTCAATGGCGGTTATTACGCATGAGTTTCCGTTGGCGAGCAGTAATATTGCCGGAAGAACAACAGCGGGCAGATCCTCAATTTTTCTTTTCACAAGTGTTGATTTAAAGCCTGCGTTGGCAGCCGCGCGTGAGAAGTTAGCCTTTGACTTCTCAACGTCAAAGAGAGACTGCTTCTCCTTCTTAGGATCAAACGGCAGACCATAGGCAAGCGCTTCCATAGTCGCCGGTCTGTCGTTGAGTTTGGTCAGTAAAACCAAACAACTCATCAAAGAATCAGATGATATTTTCTCACTCATTTCTTATCACCCAACGGGGACACATCTGCAATTCCCCTGCCCTGAAAATATTTTATCTGTCTTGATTCAAGCACTGCTTTCTGTTCATCGTTTTCTATCTTGGTCGCGATGAGTTTTATGCCCAAGCTTTCCGTAATAGTCAGAAAAGCGTTGAGAGCCACACCCGCGTCGCCGTTGTTTTCTATATCAAGCAGATAGTCCTGCTCAATCTTGATGTAGTCGGGTTTAAGCAGGTGCAGGTATTTGACTGAGGTTTCGTTCATCACAAACCTGTCTATGCCGAACTTGAATCCCGTACCTTTCAGAAGACCAGAGAAGTCGAGGCATATGTCAAAGTTTTTGCCGATCGCTTCATCAGGTATTTCAAACACCAGTCTTTCGTTGAGGTGCCTGACTGCTGAGAGGAACTTACGGAACCATGTAAACGATTCCCTGTCCTTGAGAAAATCGTTGGACACATTGACAGCAAGGGTAATATTCTGATTTTTCTCAAGGAAATCAGTAGCATGCCGGAGCACATACTGATCAACATCATTGGCAAGCGAAAGCTTAATAACCATCGGCATGAAGTATCCTGCCCTCTGTATCTGCCCTTGGAGGTCTATCATATTAATGA
CP035108.1_gap53	1709309	1713355	4046	CCGCCACAGGTAAAATCCTTAAGCGAGAGCTCAAGCGTGAGGTTCTTTCCGGTCATTTCCATACGGGGCATCATCCGGAGGACTAAACATTTTGGCTTATTACGATATTCTTCTGCCCGTTCCCGCAGGCGGCGTTTACACTTACATTTCCCATACGCCGCTCTCACGGGGGCAAAGGGTCAGGGTTCCCCTCGCCTCCAGAATCCTCACAGGAGTTGTTCTCAATGAGGCTAAGGAGCTGAAGGATGGGGTTAAATATCGTGAGATAGCCGAAACCTTTGAAGATTCCACCCTGTTTACCGATCAATTTCTGAAACTTATAGACGCCATGGCGGATTACTACGTGAATCCGCCCGGTCTGACTCTTTCCGGTACAATCTCTAAATCTGTCGTGGAGTCAGAGCCCTGCCCTGTACCTGTTAAAAAGCTGGCAGCAGCTGAAAATCTCAGACTCAATCCCGATCAGCAGGCAGTCTATGAGAGTATAGCTGCGGATCACGGTAAATTCTCCGTACACCTCATTCACGGCGTAACAGGCAGCGGAAAAACCGAAATATACATCGAACTCGCTAAGGACGCCATAGCCGCAGGGCAGAAGGTAATTTATCTTGTGCCAGAAATATCCCTTACACCGCAGATGGTTGAGCGTATATCAAACAGACTTGGCTTTGAAGTTCCGTCCTACCACAGCAGACACACGCCTAAGAAGCGTAAAGAGGTCTTCTGGAGCTTCGCCAAGGGTGAGGCTCCGGTCTTGATCGGCGCAAGGAGCGCTCTGTTTGTTCCTGCTGAAAATATCGGACTGATCATCGTTGATGAAGAACATGAGCAGAGTTACAAGCAGGAGGAAGCGCCATCCTATCAGCTAAGGGATATGGCGGTGCTTTACGGAAGCATCTTGGGAACCACAGTTGTTCTGGGCAGCGCAACACCCTCGCTGGAGACAATGCACAACGCCAGAGCGGGAAAATACCGCCTTCACAGGCTTCTTACCCGTCATGCCGCATGTATGCCCGCCATGCAGACAGTGGATATGAAATCCTGCGACCCTATAGACCATATAATCTCAGAAAGGCTGTATGATGAACTTTCCGCCACTGTTCAACGTGGAGAACAGGCTATTCTGCTCATAAACCGCAAGGGGTATTCACACACGCTTTACTGCGAAAAATGCGGCAAAACCATACACTGCCCCAACTGCTCCGTGGCGCTGACGTGGTATAAATCAAGAAACGTAACCAAATGCCATTATTGCGCATCGGAATACAGAACACCCCACTGCACTCACTGCGGAAGCACCCTTACCAGAGACTACGGCGCAGGAACGGAGCGTGTGGCTGAAGTACTGGAGCAGCTTCTCGGGATCCCTGTACTTAAGCTCGATACCGACAATGTTACATCCCAGAGCAAGCTCAGCAAAATGCTGGATGATTTCCGTGACGGCAAATTTAAGGTTCTTGTGGGTACGCAGCTTGTGGCAAAGGGTCTACACTTCCCCAATGTAACCCTTTCCGCCGTGCTTAATCTGGATAATATGTTCTCACTGCCGGATTTCAGAGCGCACGAGCGGGCGTTTCAGCTTCTTGTGCAGCTTTCCGGACGCTCCGGCAGATGCGAGAAGGAGGGGAAGGTAATAATCCAGACCTATTCACCGGAGATGGAGATCTTCGATATGGCGATGAACCGTCCGGATGATTTCTATGAGTTTGAGATGCAGCGCAGGGAAGCCTTCGGCTACCCGCCTGTGGGAAAGCTGTGCAGGCTCGTTTTCAGCCATTCCAGAGAGGAAACCGTCCATGAGACCGCACAGGAAGTGAAGCGTGCCCTAGCCTCCATGCCTTCTGCTCTGAAGGTTATGGGACCGACTCAGGCGCCGGTTTATAAAATACGCAATAAATACAGATACTCCATCCTTCTGAAAAGCCCGGACGCCGCTCTGCTCAAACGGGCTATACATCTCGCCGTTACCTCGTTCAATAAACTAGGCAAAACAGCGGTAATCATGAAGGTTGACCGAGATCCCTACTTCTTCATGTAGGGGTTGACCGAATATTCAGAAGTATTATCCGCTAATTCTGCTCTGCTCGCTGGTTCCATCCGGCAGTTTTTCCACGAAGCTCTTTTGATACCGGCTTATAATCATCGCTGATAATCCTTTAACGCTATACATCCGATAATTCAAAATCCGCTTTATGATTTTTCCTCTCAAATACATTAACTATACTGATTAAGCATATAGAGGTTTTTCTCTGTTTTCTTTACGCAAACTAACTTGACACTCTACTTATATGGCTCTAATTTCATTTCAGGGGTGCAACATGATAAAAGAAATCAATCTCTCAAAACCGACAAGACGGAACCTGCTTAAAGCCGCTTTTGCAGCCGGAGTAGTATTGTTCAGCGGTATGGGATATGCCGAGGAAAACAGTAAAAAATATGATACTGCTGCAACAGATACCATATGTACGCCTGATAAAACTTGCATTTCCATGACTCTGGATCTGGTTGTAATCAGTAACAGGGAGCACAAGTTCATTACTGTTGCAAAAAACGGCAGAATATTCTTTGAGAAGCTTGAAAGTAAGATTTCAACACGAATTGAGCCTGCTGCTGAAAGCGGAAGAAAGGCTATAATTTTTGATGGAGCAAAGGTTATATATGATGATGCTGGAACTAGGACAGATGTATTTCTGTCTGTCAACGGCATATGGTCAAATCCGGTGACAGTGGAGTACTAACATCATTCTTAAAAGAGGTCGTGCAATGTTAAGCAGTAAAAGTTTCAGCAATGAAAACAGTATGTGCGGTGATGAAGTTTATATTTGTGAGGGTTTATCAGGAAATGATACCAGAACTATTCTTGCAATGTTTGGTCCTATGACCAAACTTGTTTATCTTGCTAACAAGTTTGGTCATTGTGAAGAATGTCAAAAATTTTGCGAAGCAGGTGTATTTGAGGGCGTAAATGATACTTTTACACGTTTATACGGCAGCAGATGCACCATGTGCTGTGAATGTCTGTTTGAATGTCCGGTTGGAGCTGTGGTGGAAGCAGAGCTTGTCTGCGGAATAATTGAATACACCTGACCTGCACGAACATGATAGAGCGCAGTGATCATGAAGATTTACCGCGATCCTTACTTTTCCATCTAGCTGTTGACCAACTATTCCCCTTCTGTTTATAATATGACATATCATTTCATGAGGCGTGACCGTGTTGAGTAGTATAGAAAAAAAAGTCAGAAAGATTCTTGTCGATGTCGCCTGTAAGAGCAGATCGGATAACCGTATGTTTAGTGATCGAATTACGTACAAAGAACTATGGAGTAAAATACACAAAACAAAAAAATGGGGGCGATACCACACAAGTGAAGTAGTGGAGTGGATTGTTAACATTTCAGAATATGACTACAAAACTAAAAAGCTACCTCCGTTAAATTGCCTTGTAGTACGAAGAGACACACGGAAGCCGGGCAAAAACTGGAATGAATGGAATATTGAGTTTGGAGAAAAATTTGGTAGTTTAGACGACTCTCAGGCTGCTTGCCGGAAAAAAACGCTCAAAGAATGGGGAAAAGTTTAAGCTCATTTTTTCCCTCTCAATTCCCTGAAAAAGCTTTTCAGCATTTCCCGAATTTCATCCTCGAAAATGCCGTGTTTATAATTGACCCTATGATTGAGTCTCTGAATATCGAAGGTATGGGCAAGGCTGATCACACCGCCGAATTTAGGCTCCGGCACGCCGAAAACAACATTTCGTATGCGCGAGTGAATGATTGTCCCCGCGCACATGAGGCAGGGCTCCACAGTGACATACAGGCTGCATTCATCAAGCCGCCAGTCGCCCGTGTTTCTTGACGCGTCCTCGATGGCGATTATCTCCGCATGGCTTGTGGCGGTTTTGGCAATGGCTTTGGCGTTTCTGCCCCTGCCTATAACCTCTCCGTCCCTGACCACTACGGCGCCTATGGGAACTTCGCCTTCCGCCCGTGCTTCCTGAGCCTGCTCTATGGCAAGGCGCATGAATCTTATATCATCTTCCGTGA
CP035108.1_gap54	1714741	1719283	4542	CCGAAAAGTCTTTCCAGAAGCGCGTCAAGGGTTCTGACGCAGCCGTGTATATCTCCAATTACTCCCAGCATCTTTTAAGACGCACTCCTTTCCACTCTTTAACTTCCGCTGATGCGTCTGTGACATAGCCGGATGTATCTATGCTGCTCATAAATTCTTCGTATTCTTCCAGAAGTATGCCGGAATAAACTATGTATTCAGGCTTGCGTGAAATTACATCATCATGGATGCTTTTAAGCACGCCTGTGATTATGTTAGCGACGACCACGTCCGCCTGTTCATTAAGGCTTTCTATGCCGCCTGTCCATGCCTGAATATTAGTGCAGCCGTTAAGCTCTATGTTATCACGGGCGTTGCCCATTGCCATGTCATCAATATCAAAGGCGTAAACCTTCTCAGCGCCGCAGACTGACGCGGTTATGGCGAGTATAGCACTTCCGCAGCCCACATCGGCAACTGTTCTGCCCGCTGCCACGCTTTCAAGAAGCCTTGCAGCAGCCTGAGTAGTGGCGTGTGTTCCGGTTCCGAACGCCAGAGCGGGAATGATGCGCACCGCCTTGCCGGAGGGAGCGGCGGTTTCAGAATCAAAGCAGCAGTAGACATTATCGGTCAGCCAGCCGGGCTGAAGAAATTCCTTCCACTTCTCCTCCCAGCCTGTTTCGCTGACATCCCTTACTGTGAACTCAACACTGAAACGGCTGAAAACACTGCTCAGATCAGTATCCGCATACACGATGTACACCACTTCTTCATTTTTAAAATCATCTTCTATGACAGTGAGTTCCATATCGAACAGAATATCTTCCAGTTCTTCATTTTTTGTAAAATATCTATATTCTTTCATTTTTGCTCCGTTATGATAAAATACAGCCGATGAGACTGTCAGCAAGATTAAGTGAGATATACGGTATTTCACGCAGAAACGCAAAGAAATATATAACAGGCGGCAGAGTGAGCCTGAACGGGAAAATCATACGCAAGGATATTGAAGATGCGGAGGATGAAAATCCGCTTCTTAAGCTCCGCCCCGCCGAACAGGTTACAGATGCCGATTCTTTTGTAATATCAATAAAAGACAATGTTATTTTTTATTACAAACCGCCTTTCATCCACAGTGAACGTCACACTCCGGAAGACTGTACAACGATAAGCGACCTTGTCCCTGAAACACACAGGCTCATATCAAGGCTTGATTATGAGACAGACGGAATACTTGCCGCTGTTGAGTCTGAGGCAGAAATACATGAACTTGGAAAAGTGTACATTGCTGTTGTTGAAGGCATGTTCCCTGATGCGCTCAACATGGACAATGCCATAGACGCCGCAAAGAGAAAAAAGGTTAAAGTCCTTGATCATAAAGGCGAAACACCTGTCGAGTTTTCAAGAAGGAGCATTTTGCACGGCTGCTCTGTTGTGCAGGCTGAACTTAAGCAGGCTAACAGACACCAGCTCAGGGCTTATCTGGCGCATTTGGGCTTTCCGATAATCGGCGATAAGCTTTACGGCGGAAGAGATTTTCCGCGCCTTATGCTTCACTGCGAATACACTTCTGTTAACAAAATTGAAGAAACTTCCAAAAGGTCAGACAATTTTCTTGATTATTTTTCAAACCATATTTAAAATCTGAACATCTTAAAACATCAAAACAGAATTGTATTCTAATTCCAACACAGCAGACAGGAGCCTTTTTATGTTTAAACCGAAGAGAATACTGGTGCCGACTGATTTTTCATCATCCGCCAGAGTTGCAATCCAGCAGGCTAAGGAAATTGCGGAGCAGTACAATTCAGAGCTGGTTATAATCCATGTCAAAGCGAAGGAAGCCGAAAATCTTCCCCTGTTTTTCCTTGATGATTCCAAAATTGAAGAAATTAACAAACATCTTGATGAACATATTGATCATGAAATAGAAAAAATCAGAAAAGAGATTTTCTCCGGAAGCATAGTTAAACCGACCGTCAGGGTATGCCACGGCAACCCCTATGATGAAATCATCAAAACGGCAGATTCCATGGCTTGTGACTTAATCGTAATTTCGTCCAAAGGCAAGAGTTCGTTGGACGGATTCTTCTTCGGCAGTATCACGGAAAAAGTTGCAAGAAGAGCGCACTGCTCAGTGCTTATTTCCCGCTGACACTGTTTTCTGAGTTAACATTTGTTTAACAATATCCGAAGCCGGCTGACAGTATACTTATATAAAAACATCAAAAAACGACTGCTGCTAAGATACTTACAAAAAGAAACTCTTTTATAAAAAGAACAAAACCATTGTAATCAGTACCTTTTAATGGTATTTTTTTATATTAAATGATGGAGGAAATTTTATGAAGTCAGGACTTTTCAAAACAGCTTTTGCTATTTTAGCGCTCTGCACAGCGCTTATAGCTCTCCCCTCCGCTGCGTCCGCCGCTATGTACAAATTCTCAGGCGGTCCCTCAGGCGGAACATTCATGTATTACGCAAACGGCATAGCTCAGCTTGTCAAAACCCCGGACATCAGAATCCTTGCCAGTGCTTCCAACGGTTCTGTTGAAAACGTAAGGCTTGTTGATTCAGGCAGAGCAAGCATGGGTGTTGCTTATGCGGGTGATGTTTTCCTCGCAAGAAAAGGCGAGCTTACCGGTGACACCAGAAAGTATGAAAACGTAATGGCAATAGGCTATTTCTACGGCGCACCCGCCCACATGATAGTCAGAGCCGATGCTAAAATCAATTCCACCGCTGACCTCGCAGGCAAAAGAGTTGGCGTGGGTGACGCAGGCTCGGGCGCTGCTTCCAACGCTGAGCGTTATTTCACTCAGCTTAAAGTATGGGATAAAATGAAGCCTCAGTTCATAGGCTACAGAAACGCTGCGGCAGCCTTCGGCAACAACCAGCTTGACGGCTTCTGGGTATTCGCAGGTTTCCCCAACTCATCGGTTATCGAAGCCGCGCTCCAGAATGATGTTAAAATAATGAGCCTCTGGAGCGACGCACAGAAAGGCGGACTCGTCGCAGAGTATCCTTTCTATTCCAAAGTCGTTATCCCCGCAAACACTTACAAAGGACAGACTCAGCCTGTGGAAACAATTCAGGACGGTGCTATATGGGTAGTTAACAAAGATGTACCCGCTGACGTTGTTTATGAAATGACTAAGGAAGTTTACAGCCCCGAAGGCTTCAAACACCTTATAGAAATCCATAAATCCGCTCAGGAAATGAGCATAGAAGGCGGTCTCACAGGTATAGCCACGCCCGTTCACCCCGGTGCCGCTAAATACTGGAAAGAAAAAGGCGTTCTTAAGTAAGAAGAAAAACCGCTGTCCGTGGACAAACTCCTCTGACGGCACCCTTATCACAACAAAACACAATATGCGGCAGGGATACTCCTGCCGCTTTTATTAGGGTTAATCTGGTTTTTTCGGAGGACTTAAGTGTACGATAACCTTACAAAAATTGAAAAATACCTTTACGATGGGATGGCGCTTTTTCTCGTTCTCTTCTATTCATACTCGGCGCTTGTAGTGCCCGCCGCCACCCAGTACCACAAAGGAGTGTATGTCTTTGTTACATATATTCTTGTCTTTCTGGTTTACAAATCAAAAAGCATATTCTTCCGCATAGTGGATTATATACTATTGATTCTGTCAGCGGTAACCGTCATCTACTTCATGATGAACTTTGAAGCCCTGAACTACAGAACAGGTGCGGAAACGCAGACAGACGGAATCATAGCCATAATAGGCGTGCTGATAGGCATTGAAGTCGCCCGCAGAGCAGTGGGAACTGTGTTTGTGGTACTCGGGGCGGTTCTTCTCCTGTACGGCGTCTACGGACCTTACGCACCGGAGCTTCTTATGCACCCGGGCGGCTCCTTCATGGAAATATGTGTAACCTGTTTCTATAAAAACGACGGAGTGTTCGGCATAATGGCGGATGTTCTTGCCACGTACGTGCTTCTGTTCGTTATATTCGGAGCCTTCCTTGAAAAGTCCGGTGCTCAGAAATTCTTCATTGATCTGCCCGTTGTTCTTGTGGGACACAAAACGGGCGGTCCTGCCAAGGTCGCGGTTATCGCCAGCGCGCTTTTCGGTTCAATATCGGGCAGCGCCATAGCGAATACAGTGTCAACCGGAGCCTTCACTATTCCTCTCATGAAAAAAGTCGGCTTCAAGCCCCACGTGGCAGGCGCCATTGAACCTGCGGCGTCCATAGGCGGAATGTTTATGCCTCCAATCATGGGCGCAGGCGGCTTCATCATGGCGGAGCTTACGGGCATCCCCTATTCCAAGATCATGCTTATAGCAATCTTCCCCGCGATGATGTACTTCTTCAGTGTTTTCGTAATGGTTCACTTTGAAGCGAAGATTCATAACATCAGAGGCGAAAAGTCCGAAGAATCCGCAATGAAAATCTTCAAAGAAGGCTGGTATTACATCCTTCCTCTGGGAGTTATCACCGTGCTCATGATCATCGGCTACGATGCTGGTCTCTCAGCAGTGGTGGGTATACTCACATGCCTTGTGATAAGCTGGTTTAAGAAGGAAACGAGAATAGACCTCG
CP035108.1_gap55	1769935	1774509	4574	CCATACATAAAAGCCGCGGTCAGGTGGCAGACCTGTTTAATGCCCTCCTCAGTGCGGGACTGGACAGAGAAAATATAGCCGCAATGGTGAAAACCGCCCGTCACGCCCTCAGAAACTCATACTTTGAAGCAGGCGCCGGACTCACAGGGGCGAATGTGGCAGTTGCCTCCACCGGAACCATAGGTCTCGTCACCAACGAAGGCAACGCAAGGCTTTCCGCCACGGTTCCTCCTGTTCATTTTGTGCTTCTCGGCTATGAAAAACTTGTGCCTGATTTCAAGACAGCGCTTAAAGTCATCCGAATGCTCCCCAAGAGCGCAACCGGACAGCGAATAAGCACATATACCACATGGATAAAGGGACAGGTTCCCTGCGAAGCGTCCGCAACCGGACAGAAAGAGGTTCATTATATTTTTCTCGACAACGGAAGGCTGGCGTTCCTTGACCACCCTCTCTTCGCTGAGGCGCTGAAATGTATGCGCTGCGGAAGCTGCGCCAATGTCTGTCCCGCTTATGAAATGGTCGGAGGGCATGTCTTCGGGCATGTTTATCTCGGCGCCATAGGTCTTATCATGACGGCGATGTTCCACGGCGAGGCAAAAGCACGCGACATTCTTAAGATGTGCATTGGCTGCCGTGCCTGTTCGACAAACTGTCCGTCAGGAATAGACCTTCAGAAGATAATAGCCGAGCTTAATGTTCATATGGGCAGCAAGTTCGGTCTGAATCCGCTTAAAAAATTCCTTTACAGCAATATATTAAGCAGTGGGAAACGCTTCCGTGTGATAATGAAGGCGGGCTCAATCCTCTCTGCCCCGCTTGCTGCTGGCGGCAGAATAAAGAAAATACCGTTCGCGGGAAGAGAGATTAACTTCCGTGAACTCCCATCCATCAAGCAGAAAACATTTACCGACCTTAACGGACAGAGAGCAAATCCGTCCGCCTCAAAGGGCAAAGTGTTCTTCTACCCGGGCTGTGCGGTGGAATATTTCTACCCTCAGATGGGAACGGCACTGGTAAGTTTCCTCGAAAAACAAGGCTATCAAGTGGATACACCGGACAAGGCAACCTGCTGCGGTCTGCCCGCAATCCACGGCGGCGACGGCGAAGGCGGGCGAAAAACCATCTCCGCCTGTCTGTCGCAGATGAAGAACCCCGAGGACTACAAGGCATACCTTGTCCTCTGTCCGAGCTGCGGCTTTGCGGTGAAGGAAGACTTCAAGCATTACACGGAAGACAAGCCGGAGGACTTCAAAAAGGCAGGGCTGATCTCCGAAAAGGTCAAGTCCCTTGCAATGTTCATAAAAGATGAAGGTCTGACCAATATTCCCTTCAACAGAGGGGCTAAAGTCACATACCATACCCCCTGCCACCAGAAACGGGGTCTGGGTTCCTCAGCGGACGAGCTTCTCGCCTCTCTTCTGGGGCAGAATTTTATCCCCATGACAGACAGCGACGTATGCTGCGGCTTCGGCGGCTCATGGTCTGTGGAATATCCGGGCATTTCAGCGGGAATACTCGATAAGAAAACGGAAAATATAGAAAATACAGGAGCCGACACAGTTCTGACCGACTGCCCGGGCTGCGTGATCCAGATTGCGGGCGGTCTCGGCAAAAAAGGCAGGAAAATAAAAGTCATGCACCTGTCAGAGTTTCTGAAATAGGCTTTCTACCCCTCTCCTAACTTATACTGTGTCCCCGCTTGATCTTCAGCGGGAAAAAGCGGGGACGCAGGACACCTTAAACCGCTGTTCCATTAATCCGCCCTTAACCTCCTGCCAAGCGGAGCCGTGTTAACAGCACTCAGGCTCATAACATAAAACAAATGTTTGAAAATAATGAAATTACATTGTATTATCTCACCTTACAACTTTATTGGGGGTAAACAGTGGAGCAATTTCAAAACCTTCTTAACACAGTGGGCAACATAGTATGGGGTCCGCCTCTTCTGGTCTTACTAGTGGGCACGGGAATCTGGCTTACAATCAATCTCAGGTTCCTTCAGTTCACCAAGCTTTTCTATTCACTCTGGCTCGCTCTTATCAAAAAGAAAGAGACAGACGATCATCCCGGCGACATCACACACTTTCAGGCGCTCATGACAGCTCTTTCCGCCACAGTGGGAACGGGCAACATAGCAGGCGTTGCCACAGCCATAGCAATAGGCGGTCCCGGCGCTATGTTCTGGATGTGGGTAACCGGTCTTGTGGGCATGGCAACCAAATACGCCGAAGCCGTACTCGCCGTTAAATACCGTGTTCAGAAAGCCGACGGCTCAATGAGCGGCGGACCTATGTATTATATTTCAAACGGTCTGGGCTGGAAAAAACTCGGTATGCTTTTCGCGATATTTGCAGTTGTGGCTTCATTCGGAATCGGCAATATGGTTCAGTCAAACTCTGTCGCTGACGCCATGAGAAGCACCTTCGGCATACCCGCGCACTACACGGGAATAACGCTGATGTTTATCACGGCGCTTGTCGTTCTCGGCGGAATCAAAAGCATAGGCAGGGTAACAAGCGTGCTTGTTCCCGTTATGATCGTCTTCTACGTAATAAGCTCGATAGCTATTCTTATTATGTATGCCGGTCATGTTCCCGGAGCTTTCGCCCTTATATTTGAGAAAGCCTTCACCCCCACAGCCGCCACAGGCGGGTTCGCAGGCGCAGGCGTTATGCTCGCTATCAGAATGGGTGTCGCAAGAGGCGTTTTCTCAAATGAATCAGGTCTCGGCAGCTCGCCGATAGCGGCAGCAGCGGCGCAGACAAAACACCCCGTTACTCAGGCTCTGGTCTCAATGACACAGACTTTTATCGACACAATAGTAGTCTGCACCATGACTGGTCTTGTCCTTATAGTGACAGATACATGGGCAAGCGGCAGAAACGGCGCTGACCTCACCACATTCGCTTTCTCCACAGGATTCTCCGGCGGTGCGGTGATAGTGGCTATTAGCCTTGCGCTTTTTGCTTACTCAACCATCCTCGGCTGGTGCTACTACGGCGAAAGGTCGATGGAATATCTCTTCGGGCTTAAGTCCATACCTGTTTACAGATACGTGTTTATAGTGTTTGTCGGCGTGGGCGCAATATCAAAGCTTGATGTTGTGTGGCTTCTTTCGGACGTTTTCAACGGACTGATGGCAGTTCCCAACCTTATCGGTCTTCTCGGGCTTACCCCTGTGGTGGTCAAGGAAACCAAGGACTACTTCGCGAAACTCGGCAGCGAATAACAAAAATCAGACAGGCGTGCTCAAACGGGCACGCCTTATTTTATTAAATCTTATTTAGCAAAACAAATTTTTTTAATTCAAATGCTGTCATCTTGTCATCATGTAAAATAAGTTTACATCTTCTCAGTCTCGTATTAATATCGAATATTATTAAAGAGGGTTACCTATGAGCATTTTCCTAAAAACCATACTCTCCATAATTACTTTCTCGTCTTTCGCTTTTGCAGATATTATCGGGGAAACTCAAGGAAACTTCACTGTTGGGCAAACCGGTTCAGCGTTGTATCATGTAGATCTAACAGTTCCAAAAGGTACAAACAATCTTCAACCATCTATCTCACTCGAATATAACTCACACTATAGCAATGGAATAATGGGGGCAGGCTGGACTATCAATGGATTCTCAACAATACAACGCTGCCCGTCAACCATTGAGCAAGACAATATAAGAGGAACTATTAATTATGATTTTAATGATCGCTTTTGTCTTGACGGAGTCAGACTCATTGCAGTAAGAGGAACTGACGGTCAAAGTGGGACAGAGTACAGAACAGAAATAGACACTTTTTCACAAATAACATCTTACGGTATATCCGGAAACGGACCTGATTGGTTTGAAGTTAAAACCAAAGACGGGAAAATAATTGAATATGGCAGAAATAATAATTCAAAAATCTTCACTGAATTTGATAATGGAGACAACCGTGAAGGCACTGTAAGAGTATGGGCTGTAAGCAAAGAGTCTGATCTAATCGGTAACAGTATTAATTATGAATATGGAGTCGATGAAAACAGATTATACAGAACATCTTCAACCTCAAGCTCAATGATTGGCTTTTATCCAATCAGAATAGATTATGGCAGAGCACTGGTGCATTCTCTGAAATGAAAGATGGGGCAGAAAAGTTGAAAGGATTCGGTTATGCTGGAATCAATAGAGGACTGAATAACCCCGCAATGGAACAAGTTCCTTTCGTTGGACCACTTCCAAAAGGAATATACGAAATTACTGGGCATAACTCTGATATAGCTACTTATAATATCCTTTTAGAAAAAATTAAAGTTGACTCAAAAAGGGATTCTTTTCGAATACATGGAGGAAAACCTGAGCCTGACAGGACTGCTTCCCAAGGATGCACCATACTCGATTTAACAACTCGGAAAAAAATTTTGGCTTCAAAAATACAGTATTTGGAGGTAGTTAAATAATGTTTAATAAAGTATTGTTAATTGTGCTATTGCTGTTTCAGACTCAAATATTACTTGGAGCCCCTATAAAAATCGGTACTACAGTTTTGGAGGGCAAAACAACCAAGGGTGATGAAATAAGGGTCGAAATAAC
CP035108.1_gap56	1859295	1864078	4783	TAAGCTGCCTGTGCGGCAGTGAACGACCGCCGCATGTGGGCTTATTTAGCACTTTGTTTCTAAGCTGCCTGTGCGGCAGTGAACAAGTGAATTTAATATCATCTACGGTTTTTAAATTTCTAAGCTGCCTGTGCGGCAGTGAACACATCAAGAAACTGGTGAACGGCTCCGTTATCTTTCTAAGCTGCCTGTGCGGCAGTGAACTTTACGCTTTTTACCGTGAATGCGTTGACGGTTTTCTAAGCTGCCTGTGCGGCAGTGAACTTACCCTTCCTGTTAGCGAGGGTGTCAATGAATTTCTAAGCTGCCTGTGCGGCAGTGAACCATCGAAAATCCCGGCGGCGATACATGGTACTTTTCTAAGCTGCCTGTGCGGCAGTGAACGATCTGCTAATATAATATCATATTTTTTATCTTTTCTAAGCTGCCTGTGCGGCAGTGAACTGTAGATAGAATAGCAAAAAATATTACACATAAACAACAAACAAATTTTTCATACAAAAAACCCTTTTATTCAGCTATTTTAAAAATGACTGATATAAAAGGGTTTCTAATTTTACTGAAAAAAAGGGTCAAAACCACGGAACGGCAGAAACAGCGCTCAGTCCATATGTGCTGAAGCCTTTTCCATTTCCGGAGTTGCTTGCCTCTTCATGGCGTATATAGAGACGGAATTTCTGTCCTGTGCTTTTACTGTTTAGCGTTATGAAAGGCAGTTCAAGCATCTTCGCTTTTGAGTCTGGAACTCGTAGCATTGCTTCTTCTTCACTCATACCAAACTTTTTAATACTGCGCCTGCGGAGACGTTCCGGGCTGCTTTTTGCCTGTACCCTGCTTACTATGCAGTAGGCAGCATTATCAGGAACCTGACGAATGCGCCCTATTTCCGCATAATCAGCAGTCCTTTCTATCGCCGGATGCAAAACGACGCTCTCCAGCGCTTCTTTTTCCCCATGAACTCTCAGAACTTTGCCAAGGTTTTTCTGTCCGTTCTTTACATCGGGAAAGCTTATGCCCACATCCCCTCTTACCTGTTCAGCGAGAACAAGATGCAGCTTTTCAAAGAGCATATTGAGTATAACCTGCGGGGTGATCTCAGGGTTTTCCCTCACGCGCAAGTCTGCATAAAAGCGCATAGGCTACTCCTTCTCCGCATCGCCGAATACGCCGCCACGGATGAACACAGCCATAACAAAATGCTGGTTTTCAGGAGACGGTTTTTTATCCTTAAGAATCCACCCGTCCAAAAGATTATAGAAGTCTGTCTTATCAACAGGCTGGCGATATGCGCAGCCCTGAGACGTTACTGAGCCGTAGGGCTCCACGGCAATTGGAAATTCAGGGAAATCCGCATACCACGTATCAATTGTTCTTAAAGCGTTGCCCACCTTCTGAGAGTGCATTCCCGCCACTCCGTCAACACTGTAAAGAGTCCTGCTCTTTTTACCTTTTGCATTGGATTTCTCAAGAATAAGCTCCTGTGAAGGGAAAACCTCCTGCCCGTCCCCTATGCGTGCATAAGCCACCACATCGAGCAGAACATAACCTTTCCCGCTGAGTCCATCAGTAATAATCGAACCGAGTTTAGCGGTTTCAGAATCCCCTGAAAAATCATCCAAACGATAGTTAAGAGCATCGAAAGTTAACTTTGCTGCTGAGTTTCCGTTTACCATATGGCTTACTATAACCTCAACCTTTTCAGCACCAATCCTGTTTCTCCATAGGAAACGACCATTTGCTATGTTAATAGCATATCTCTCAGCAAGTGCTTTAAATCCAAACTCCTGCACATAACCATCAACGGTTTCCATCAGTTTCTGTTTATAATCAGGTTTGTTGCATGCAGAAGGAGTGCCCACGCCGCCAATAACCCGAAGAGTGAAACGTACTTTAAGCGTATCTGCATCCGCAGGAAGCGTAACTACATCCACAGTCTGAAGGTTTGGGTTATCCACCATGGAATTAACCTTGTCCGCATTGTCTCCAGTTTTGGTACCGAGCCTGTTGGATATAGTTCCTCTTACTGATTTTGTTTTCACATCAAGAGCTTTCCACATGCCGCCATTTTTTATATTGTCCCATTTACCTGCATAAAAAAGAGCATCCGAAACATCAAGTTTACGCTCAAATGCCAGAACTGAAGCTGTCTCAAGTTTTTTTTCTTTTGCCATCTTATCATCTCCTATAATTATATTTTTTTGTGACCGCAGAGGTATAAACCTTTTTCCGGCTCTGCTTTGTGAAACCATATGAAGTCAGATGCTTTTCCCAGTTTGAGCGGATTAAGCCACTCACCCAGAGAATACGCCGCTTCAACAAAACGGAAGGGTACAGAAGCGTCCCTCACGTTTTTTACTTCCCCTGCCGGATAAAGCGGGGATATAGCGGAAAAACCCACAGGAATGGGAACAAGCCAGCCTTTCTTACTCACATGTTCCCAAGTGACTTTCCCCTCTTCATCCTGCTCCGGCTTATAAGTTACTCCTGCAAAGTGAAGCAGAGCATCAAGTGAGTTAACTTCCGAATCTGTTTTACGCATTTTATTAAGCTGCTCAGACAGATTATCGCTTCTGTCCACCAGAACAAAGCCCGGCAGAAGTTTACGACGAATCTCTGAGAATTTAACTGCATCATCTTCCGCTATGCCAGAATGTTCATAGAGTCCGGGCTTGTTCTTCACGGCATCAATAAAAATACTGCCTCCGGCAAGCCGCATTGAGCCTATTTTTTCCAAAACTTCTGCAAGAAAAGCTTCTTTATCCTCAATACTCCCGTATACGGCTGTAACTATGCTCACAGTGATGTGGGCACGTCCTTCCTCAATTATGCCGGAGGGCTTTGTAACATCCCTGTCGTAAAGCGGAGCACGGTAAAGACGAAAAATATTCGTATAACCTGACTTATGCACCTGAGGTTCAAATTTATGGCTGGAGATCCCTGCTCCGTCCAGCTTTATTCCGTTTTCCAAGCTTCGGCTGAGGGCATGTATGAACCCTGTAAAAGCAAAAACAGCAGGAAATCCCCATGTCAACGGGCCTGAAACGCAGTTGACATTCTGCACCTTCAGCCGGGGGATCAGCATTAAGTAATCCGGTTTACTGTTCATCACGATTCCCCCTCCTCACATCATCAAGAACGTATTCTGCTATTTCGCTCCACACATCCGGATCAGTAATTACGGCATCCTTGTTTTTATCCCTGATCTGCTTAGTCAGCCAGCGGGCAAAGCGTTTTGCCACTTCACCGCACCATTTGCCGCTGATATAAGCTTCTCTGCTCCCCTCAGCGTCTGAAAAAGGATCAAGCCAAAGCTTCTCATAATAATTCAGGCGGCATTCGGGGTTCTTGCTCCATCCGGCAGGCAGTTCCAGCATTTCATAGGATAAATCAGCAAGTTCATATGACATAGCCTTCACAAGGTTCTTAACACCTTCGCGGATATGGAAATTGTCGTAATTACTTTTTGCAAGCTCATGGATCTCATTCAGAAGCTCTTTAACAAATGTGCGGTAGGTAAACCTGCCATGGAATACTGATTCACTGTTAACAGGGGTTAGGGATTTACTTCTCCAGTTAGGCGGTACAGAAGCAAAGAGAACACCTGCCCCATTTCTACCACTATCGCTTCGCAGGCTATTTAGAAAACTGATATTAAGCGCCCTGACTCCACTATAATAATACATATACAAAAGCGCAGGAAAAGTTTTATAACCTGTTTCGTTAACGTCATTATTTTTATGAGCTTTTCTGGCTGCCACAGCAGTATCTGAAAAACGCTCATCCTTCACAATCTCATGTATCTCGTGCACAAGAGAAGTGGGGAAGACTGGGCTGATAAGATGATAACTACCATCACCCAAAGGAAAATAAACCTGCTTCATCAGTGTATGTGATGCAGGAGCTTTAGCTTTAAACATAGCATAAAAAGCATCAATCCATTCATAAGCTTCGTCAATATTGTCGCTCATAGCACCCGCAAGCACCGAAGACCTGCGTGATACCATGTTCAGAAGCTTCTCACCGTTGTGCTCTTTATTCAAAAAAGTAAAAACATCGTTAACCGCTGCATTTCCAGTTCCATCAACGTAAGCAACTTTTGTACAAGATGAGTTAACAAGGTTATTACAATCGGTTTTATCAGATTTAAAATAGATTGGTGATGCTTCTGCCATAGGGTGGGTAAATTTAGGAATGTGAGTGGCAAGTTTAATCTGCTGCGAACGTTTCGCAGCATCCCGCAGCCACTCCTCCCTTCTGTAGTTAATAATGAGAGAATGGATTTTTTCTTCAATCGCATCTCTCTCAAGCTGAGTCGAAGTTTTATCCAGCTTTTTCTTCTGTTCCTCAATCTTCGGCTTCAGCCTTTCCTGAATGAACTTCTCAATAAGTTCTCTCAGGAGTTTTGCCTGAAAATGGTCAGAGTCATTCATACTTTTGCACCTCCGCAAAATTAATTGAAATTATTCATTTTAGACATTAGCTATTTCTTCATTCCTCCTTGAATATCCCCAGATATTCATTATAGCTGTATGAATCCAAATCTTTATCACGCATTGTCAGTGAGAATGTCCCGAAACGTACAGAGCATTCCTCTTCGCTCATTCCTTTAACTTCCGCAAGCTCCTCTATCAGTTCTTCATAATCAAGGGGTATAAAGAAGTCCGCATCAGGTTTACCAACCCACTTGAAGAGTTCGCCATCAACCACTAGCTTACCTTCCTCCAGTCTGTGCATTATCACCGTATTGCTATTATAGACAGGCACGTACTCAATGCTTTTTCCA
CP035108.1_gap57	1889300	1892486	3186	GTCTCCTCTTCTGAGCCTGATATACTTCCGTAGCCCATCATAGGAAGAACAGAACCGGAAGGGGTTTGATTATAGCCGAACTCTTTTTTCTCGCTGTCGTATCTCAGTCCCGCGGTAACTTCCAGCCTGCTGCCGAACTCATACCCTGCTTCACCGAACACGGCTATACCGGTTGTTTCCGTCTCGCTGTTCTGCCTCAGGTTTTCTCCCGGAACACCCATGCCCATATTCATGAAGTTCATCCATGTGTTGTATCTGCGCTCATCCTTCTCAGAAAGGAGGAACAGTCCGGCTATCCAGTTCAGTTTCCCGTCCGCGTTATCGGACATCAGTCGAAACTCCTGTGAAAAGGAGTTTATATCTTTCTCAACGTCAATGGAGATCATGTCAATGGGCGTGAAGTCCGTATCATTCATAAACATAGACTCGCTTCTGCTGTAAGCCGTGACGGATACCAGCTTCACATCACCTGCCGAATATTCGCCGCGCAGGGAGAGCATATCGAAATCATTGTATGTTTCGCCGTCTTCGTTTACGTTTATATTTTTACGCATGCTGCCACCGTGTAAAGGAGCAAAGTTGGCATATTTATCACCGTCATAGCGCTGAAACCCGTAACTTAAATCCGCGGAGAACTCATTTCCTGATTTATATCCGAGGCTGAATTTACCGTCCTTTTTCTCTGTTTTGCCAAGGTCATCCTCACCGTTTACGCTTTCAAAGTAACCATCGGTTTCCGCATATCTCGCAGCGGCTTTTATGAACAGTCTGTCACTGACAACGGGTCCGCTGATTGACGCCTTGGTCTCATAAGTATTGAAGCTGCTTATGTCTATGCCCGCTCTGCCTGCCCATGTGTCGGACGGCTGCTTCGTAACTATGTTTATGACCCCTGCCTCGGAGTTTCTGCCGTAAAGCGTCCCCTGCGGTCCTTTGAGAATCTCGATGCGCTCAACATCATAAAAACTCACATCCAGATTGGGATGATAAACGTCATCAACATAAAAGCCGACAGACGGAATCTGATTCATGGAACCGGTAATCCCTCTCATAGTGGCAAATGTTGTGATTGATTCGCCCGTCTGAGTTACATAGAGATTCGGTGTCATGCTCATAACATCCGCAAGAGTGCGCAGCCCGTATTCATCAACCTCTTCCCCGCTTAAGGATGATACGGCAGATGGAACTTCCTTAATATCTCTTCCTCTTTTTTCCGCCGTGACGACCACTGTGTCCAGCTCGTATACATCTGCTGTCGCGTTATCCGCCGCATTTGCGGAAAATGTGAAAGCTGTGAGCATATAGGCGGCAAGTATCGCAAACCCCGTTCTCTTTGGAAGCATAGTCTTCCCTCCGTTTAAAATGACTTAGAGGGCTCAAACTTATCATCAACAGCGTATGAAAAAATAGAATATGAAGTGCTCAATATAGAAAAATCAGGAAATGGTTTTAAAGAATCTTCCGGGGGTAGTTCCGTAAAACTTCACAAACTCCCTGATGAAGTGTGAAGTGTCGCTGAAACCAAGATGGTGGCTTATTTCGGTTATGTTCATTCTGTCTTCCGCGAGCAGAGCCTCCGCATGGCGCATTCTTTCATTACGCAGAATGGAATACGGTGTGGAGTTGAACAGGCTTCTGAAGCCTTTTTTGAGCTTTGTGCTGTTTATGCCCACCCTTTTTGACAACTCATCAAGAGCCGGAGGGCTGTCCATCTCCGCAATCAGGATTTCCCGTGCCTCCCTGATCCGCTCCTCATCGCCGCGGCAGAGTTTCAGCGCCTTAGGCAGCGACAGGCTGTGCTGTACCTCTCTGAGTATGTGAACCATCAGTTCCATACTCTTGCTTTCAAGAAAAAGCCTGTTCAGAGCGCCCTTATATGGACTGTTGATTATCTGATCCAGCACCACGCGCACGGATGGAGACAGCAATGTGCTTATATTAATGGAGGCTGCGTCTTTGCGGAATATGCTCCTGAAAGATTCAGGCACATACTCCTCTTCACCCCCGAAATACTCAAGAAAACGCATGGGGGAAACATACAGATTCAGAATGCGGTAATGCTCACCGGCGAATGTCCGGACAGAGCATCTGCTCAGCGGGTTATAGGTAACAAGGCTTCTGCCTGAGCTTCCGTCAAGAACGGCTGTTTCTCTGCCGCCCCTGATTATGCTTCCGTAACCTTTACCGTTCATGTGAAAAGAAAATTCAAGCGGTGCGGAATCTATCTCGAAATCGGCTGTGGAAGTTTCCTTCGCCACATAGTCCATAAACGAAATCTCAACTCCGCATGAAAGCGACACATGACGGAACATACCTGTGACATTACCGAAGGTGTTAAGAAAATTCCATGATGTATCAATTAATTGAGAGCCGGCATCCTTTGTAAGCATATTTTACCCACTCATTTAATTTAGTTAGATATAACTAAATTAAATTTTCCACCAAGTCAAGCGGGAATGAGCCAACCGGAAATGATTCTGCGGCAAGACAGGCAAACAAAGGATAATTCCGAAAACTGTACAGAACTTAAAGTACCGCATAATTTTGCAGCCAATAAAAAAAGCCAATCATTAAGTGATTGGCTTTTAAGAAACTTTAAATCGGGATGACAGGATTTGAACCTGCGACCACACCCACCCCAAGGGTGTACGCTACCAAGCTGCGCTACATCCCGCTGCTCTTTCCTGTTGGGGAATCCGTTTATATCAAAGGGACTAATGCAAGTCAAGTGCTTTTTTTATCAAAATCTTACACTATGACAAAACACAGCTTTTTAACCTGCATCAGTATAACTCGCTTCCCTGTCATCTCTTCATATAGTGCGTAAAGCTCACCTGCTCCACAAGCGAGCGGGGCATATTGTAAAGGCTGCATACACAGTTAGCGTTTATGGTGTCTTCCGAAGGGCCGTCACCCATCACCTCTCCGTTTTTGATCAGGAGCGAGCGACCGCCGAGAAATACGGCATGCTCAGGGTGATGGGTAGTGAGGATAACGGTAAGTCCTTCCTGAGAAAGCTCCTTAATAACCTGAAGCAGCAGAAACTGGTTTCCGTAGTCCAACCCTGACACAGGCTCATCCATTATGAAATATTCCGCTTTCTGCGCAAGTGCCCTTGCTATCAGAACAAGCTGTCTTTCCCCGCCAGAAAGGTGAAGATACGGCCGTTCCGCATAATGGGAAAGA
CP035108.1_gap58	1899125	1903594	4469	CGGAAAGCTCATCGCCTGTCTTCGGCATTTTCCTGTACTGCATAAAACACCTTCTGTTTTTAACTGAATTGTACCTGCGCATTCAGCGCAGCGTTCTTTAAGCTTCTGACTAATTTTAATAAATATAAAAATGATTGCAATGTCCGTTTCTGCCTTAGTATTGCCTGTTCCTGCATCTGACTGCCGATTAAAACAGAATCAGCCCGTGTTTTTGCTTGTGTGCGAAACAGATTAAGACTAAAATTGTTTTATTCACCCGTTCAAGGCAACATTTGTTTTCTATCCGTCCTTTTTTGTGTATAATGCTTTATGTTGTTTCAGTAAAAAAGAAAATATAATCAGAAACAACTATAAAAGCTGTTCTTTTACGCACTGAGGGCAAAAAATGGTCAGAAATCTGCTCATACGAGTTTCAGATTTAAAACCGGGCATGATCGTTACTAAAACTGATAAGGAAGGGATCTACTTCCCGTATTACGGAACACCCATAGAAAATGACGAACCCATAAAGCTCCTTATAGAATCCGGCGTTGAAAGGGTTTTCATCCGCGTTGAAGTGAACGATATACCCGCCGAAAAAAGATCGGAACGGGAAAATGTAATTATTACAGAGCTTAAGAAGCAGACTGATCCCGATGCTGATTTCAGTATTATCAAAGAATTCGCCCCGACTATAGATGAAGTTGTAAAAGCGGAAGCCATACATAAAAGAACTAAGGAAGTCACAAAAAAGGTACTCACCGATGTGCGCATGGGCAAGACACTTGATGCCGAAGCCACTAAAGATGTTGTCAACGAGCTTGTGATGACATGCCTGAACAGCCCGAATGTTTTTCCGAATATGACAAGGCTCAAGGACTTTGACGACTACACCTTTACCCACTCCCTGAACGTCAGCATAATAAGTATAGCCATAGGGCGCAGGCTGGGCAAATCCCCATCTGAGCTTAACCTTATCGGTATGGCGGGGATTATGCACGACCTCGGCAAGATGAAGATCCCCGAGAAAATACTGAACAAGCCGGACAAGCTCACGGATGAGGAATTCCGCATAATGAAGCAGCATCCGGTACGGGGTTACGATCTGCTGAAATATTATACCAAACTGCCTGAGGATGTGCTGCTCTCCGTGCTCCAGCACCACGAAAAGGCAGACGGCTCCGGCTATCCGGGCGGAATAAACGAGAAGCAGATCAACCCTATGGCAAAAATAATCGCTATAGCAGATGTTTATGACGCTGTAACAAGCGACAGGGTCTACCATCAGGGAAAATCCCCCGCTGAGGCTCTTAAACTCATATTTGAAGGCTCCGGCAGGCACTTCAACGAGACACTGGTCAAATTCTTCATTAACATAATGGGGATATACCCTGTCGGTACTCTGACGATGCTTGATACTCACGAAATGGCGGTGGTATTCGACAGCAGACAGGAAGATATACTCAAGCCTGTGGTCATTGTCATAAGCAATGAAAAAGGAACGCGGATTGCCCCTTATCTGCTGGATCTGAAAAACCAGAACGGAGGCGCAGGTCAGAAAAAGATTATTTCATCAATCAAAAGCGACAGCTACGGTGTGGATACGAACGGAATAATTGAAGCCTTCGTAAAAGAGCACAAGCTTGCCCACCCCATGAACAGATAAGAGCGGGCACGAACAATAAAGCGATTATTTACAGCAGTCACTCTTCCTCTCGAAGCAGAGTTTTTTATCCCTGAATTTTTCAAAGAGAATCCTTTTCGCCACATAAACAGGAACCTTGGAAAGCAGAGCAAAACGCACAGCGTCCGACGGTCTGGCGTCCACTGCCCTTTCCTCACCGTTTACTATTATATAAACCTTTGATGTGAAAACCCCGTCCTCATAACCGTCTATCACCACCCTCTCAGGGAATGCGTTATCCAGTGAGGAAATAATACCCGCGGTTATTCCGAATATACCCAGATCATCCGTATTTTTTCCGCACAGAAATGAGTGAATCGTATTGGCGCTCTCCTCACCCACGGGAATGGGAAGAACCTCAAGCCCTGAAACTGATTCAAGCAGGATCATACATCTGCCTGTAAGCGGTTCCCTCATGACACATTTTAAGCCGACCTCTATCATTTAGTCCTCCGCTGCCTCTCCGAAAAAGCTGTTTGGTTTTGCCTCATGTATTATAACATCAGTTATATCACCGACTGATAAAACTTTTCTGCTTGTAAAATTTACCACTCTGTTCTGTCTGTTTCTGCCTGTGTATACTCCGCCGTCTCGTTTACTGAACCCTTCGGTCATTACTTCTGCCATTTTTCCTTTGTAGCCTGCGGATATTTCCGCGCTTATCCTCTTCTGGAGATCAAGCAGGCGGGCAAGGCGCATTTTCTTGTCTGAGGCTTTCACATCATCCGCAAGCCCCTCCGCCTTTGTCCCCGGACGCACCGAGTATGCGAAGGCGAAAAGAGACTCATAGCGGATCTCTTCCATCGCTGCGAGTGTCATCTCAAAATCTTCCGCTGTTTCACCCGGAAAACCGACAATAAAATCAGAAGAAAGAGCAAGCGAAGGCACGAGCTCCTTAGCTTTCAGCACCTTGTCCCTGTACTCCCCGTAGGTGTATTTTCTGTTCATGCGTTTCAGTACATCGCTGCTGCCTGCCTGCAAGGGAAGATGCAGACTTTCGCAGACCTTGTCCAGATCCCGCATGGCATATATAAGCTCATCAGAAAAATCTTTGGGATGTGAGGTGACAAACCTTATCCTCTCGATCCCGCTTATATTATTCACCCTATATAAAAGTTCCGTAAAATTGATGTTTTCGTCAAGGTTTTTTCCGAAGGAGTTCACATTCTGCCCCAAAAGGGTTATCTCTTTCACCCCTTTGTCCGCAAGAAAACGGATCTCATCCAGAATCTCCGCTGCATGTCTGCTTTTTTCCCTTCCCCGCACATAAGGCACTATGCAGTATGAGCAGAAATTGTCGCACCCTTTCATTATGGTTATAAAGGCGCTGCATCCGGTCTGCCTGCCGAAAACAGGCACTTTCAGCTCTCCGCCCTCGAACTCGGTGAAGCAAACCTTTTCGCCCTTCTCCACCAGCTCCACAGCTTCACCTATGCGGGCTATGGCGTCCGTTCCCAATACAAAATCCGTCTGCGGGTAACGCTTAAGAAGCGCTTCGCCGTCCTGCTGCGCCACACAGCCGCATACGCCTATCTTGAGTTCAGGGTTCTTTCTCCTTATTTTTTTAAGCCTGCCGAGTTCACTTGAAACCTTGTGGTGGGGTTTCTCCCTAACACTGCATGTATTTACAAGCGCGTAATCAGCCTCTTCGGGTGTTTCCGCCTGAGTAAAGCCCATAGCGGCGAAAAAGGAAGCCAGTCTTTCCGAATCGTACTCGTTCATCTGGCATCCGTATGTGTTTATGTAAAAACTTCTGCTCAAAGCTAATATGCTCCTTCTTTTTTTATCACTGCCTTCACTGTTTTTAAAATGATCATTATATCCAGCCATATGCTCCAGTTCATGACATACCAGCTGTCAAGTCCCACACGGAAGGTGTAATCAGTGTCGCTCCTCCCGCTGACCTGCCATATGCCGGTTATACCCGGACGCACCATGCAGTAGTATTCACCGTCTTTGCCGTAATATTCGTCCAGTTCGGTTCTGATTATGGGTCGGGGACCCACCACACTCATATCTCCCCTGAGAACATTTATAAACTGAGGCATTTCGTCTATGGATGTTTTTCTTATGAACCTGCCGACCTTTGTAACCCTAGGATCGTCTTTCAGCTTAAAGGATGTTTCCCACTCGGCACGTTTCACCGGATCGGAATCCAGAATATCCTTCAGGCGCACGTCAGCGTCCTTATACATTGAGCGCATCTTGAGAACGCCTATGACCTTACCGCCCCTGCCGACGCGTTTATGACTGTAGAACGGGGAGCCTCCGGACTCAAGGCGTATGGCGACCGCAGCGGTTATGATGATCAGACCGGCAAATGGAAGCACAAGGAGAGTGAAGACTATGTCAAAGGCTCTTTTCGCCGCTTTGTTGGCAACGGACGCGAGGTTGTTTTTTGATTTCAGGATAAACAGCTTATTATTAAAAAGATAATGGAACTCGCTGTTCATCATCGCCGCTCTGCCCGGCTCCGGCACTGTTATTATTTTGCCGACCTTGCGCCTCACGCAGGTGGTGAGAGAGGTTATTTCGTCAGGGTTCATCTCGTCCTCAACGAAAACAACCGCAGAGGCGTCATCAAGGAGTTTCTCAATATCCCCGCCAAGAACAGGGTATGAAGTTCCTCTGACCTTAATTGTTTCCGCATCGCAGGCGCTTACCGGATAAAAACCTTTCAGCTTATAGCCGTACCCCTTTTCGCCCAGCAGCGCCGCCGCTGCCTCAGCCGCCGATTCTCCTGTGCCCGCGATAATGATTTTTTCAGTACCGAGACCCAAGGAAAAAAGGAGCCTTTTGCCGATTC
CP035108.1_gap59	1919457	1920160	703	CACATTCAGATATGAGCAGATACCGGAGCTTGACCATTCCGCAATTCCTGAAAGAATAGAAGGTGACCTCATCGAGGGAACAAAAAGCTATACCTACTTCTTTAAAAACTACTTTGACGCAGATAAATGGAATCTGGACGCATCGCTTGAACAGAGTTATGACGCTATGCAGAGCGGCGACCGTCTGCGTCCGATAATCGCAAAAGCAAACTACACCTACGATAAGATGTTTAACGCTTATGTCAGACACGATTACGACCACAGCGATGCCAATACAGCCCTCCTTCACCAGAGGGTCTCCTTTTCCACAGGTCCGGTTACCTTCAGCGAGGAATATCTTTATGAAGATCCTGACTACACGGATGAAACCGAAAACACATCCCTTGAGTTCAGCGTGAGTCTCAGCTTCAAAAAGTTTGACTTCGCCTTCAAGACGCAGACATCAGGCATAAACAGCAATCTGTCGCTGGACAATCTGCGGACAATCAGCAACTCCTTCTACGGAACATACAAATCCGGCTGCTGGCACATGGGCATGTCCGTCACTCAGAAGGAATACAACCCGATTGATGACAAAGGCGGCTACTCCGGCAGAGAGCAGATTATATATTTCGTAATCGGGCTTCAGGGACTCGGAACTTTCAGAAGCCCTGTATCATCAACTAGATCTTCGGATAGAGTTGACAATTTCTATTAATACAGG
CP035108.1_gap60	1982330	1987014	4684	GGGACGAGGACAGCACAATGGAGTTTATCGCAAGAGAGATGAAAAACTATCCGGCGATAAACCTTAATCTGCTCAAATTCATAAACTCGTCCTCCTTCTTTCTCAGAGCAGATATAACATCCATAAAACACGCCGCGGCGCTGCTCGGCAGGAACAATCTGTCCAAATGGCTTACTCTCCTGCTTTACGCCTCAAAGGGCAGCATGGATCCTTGCGAAAACCCCCTTATGCAGACCGCACACGAGCGAGCTTCGACAATGGAAAAAATAGCCGACAAATCATGCAGGGATCTCAGGGAGAAAGCGTTCCTCACGGGGCTGATGTCGCTTCTGGATGTGATTCTGGAATCGCCGTTTGAAGCATTCCTTGACCAGTTCAACGTAAGCACGGATATAAAGGAAGCGGTTCTCGGTTCGGAAAACAGGCTCGGAAAACTGCTGAAACTGGCGATAATGCTTGAACGGAACGAAATTGACGAAGCCATGACACTCCTCAGGGAGTTTAACCTGACCCTTGCCGATGCTGCGGAGGTGCGCATGGAAAGCTTCGTTACGAAGGATAAGGGACTGCTGGGGTAAGTTTGCAGTTTTGCGCTGAGCCGAAATCAGCAGGCGCCTTCTGAAATCCTCCCCTGTCCTCCTTTGCAAAAGGAGGGTATTTTGATTTTTTGGCTGTCATGAACTATTCAAAATTATAACTTCCTATTGTTAGATAAAATGCTTTTCTCAAAATAGTGTTAATATGAATAATTAATGATAAAATCATACAATCATAAGTTAACATAAGGTGTACTAATGTCGGAATTGATTTCAACAACTTTTAATTATATTATCCACTCAACTTTAGGGGCTGCTATCGCCCTGCTAATTAATAAACACTTAGAAAACTCAAAAGCAAAAATTACTCAAAAAAAACAATGGGAAGAATGTTGGGCTGACAGGTTTATCCAAATCCTAATACTATATAGTTCAACTATCACAAATATTCTTAATGCCTTAGACAGCCTCGTTAATTTTTATAAACCTGATGAACAAGATGACATTAATAAACAAATCAATAGTATTAAAAATAATTTATATGAAGCCCGAAGACTTGAATGGGAGCTATCCATCATGGTCAATTATGCTCCAAAGAATCTTTCAAAAGTACATAAAATATCAAACAATATAAACTTACTAATAGGAAATATAATAAAGAACAAATATGGAGACTTAGAAGAACTTAGAAAACTTCAACAAGAACTTCATAAGTACGGTCGTTCGGCACATGCAGAAATATTGGGTTTAAAAATAAAAAAAATGGGCTCCTTCGATTAAAACGAAGGAGCCCATTTTTTTAATGCGCCCGAAGGGAGTCGAACCCCTAACCTACAGATTCGTAGTCTGCCACTCTATCCAATTGAGCTACGGGCGCAGCAAGGAAGATATACTTAATAAATTTTTATCCGTTTGGCAAGGAAAATTTAAAAAAATAAGACTTTCCGGTAAAAGAATATTTCACACTCTACCTGCCGGAAACCGTATTGTTCAAGATCTCCATATCCTCCCTGCGGTTAATATTGGAGAACATAGAGCTGTCAAAACCGAGACCACAGAAGAAGGAATCGTCCAGATAGCGGGTATTCAGAGATGAAAGAGCGTCTCTCAGGCGGAAATTGCCTGTTTCAAACTGCTTCATCAGCACATCCAGACATGAGGGCGAGTAAGCGGCGATAAGCGGGTGAATCTTGCCGAAAGCGTCCGGCACTGCGGCGTCATACCCTTCCAGCGCACTGAGAACAGCCTTCACAGCTCCTGCGGGAACAGCCGGAGCATCGGTGGAGATAACAAATACCGGAGAACGGAAATGGCGCAGCGCGGTGATTATACCCGCCAGCGGGCACTGCTGCTCGTAGATGTCCTCCACATGCTCAACTGAACCGCTGAGAACATTCAGGTACTTTGTAACGTCCTTTGATATGACGGAAACATTGAACCCTTCACGGACAAACTTTTCGGATATATACTCAATAAGAGGTTTTCCGCGGAAAAGAGCCAGAGCCTTGTCGGAACCGAAGCGCCTGCTCTGCCCGCCCGCAAGGAGAGCTACATTCAAAAGCATCAAAAAGAGATAGCACTTCTCTTTAAACATGGCAACTGATATATTGAGCACACTAACAACAAGGTGATTAATGGAACAGAACAAAAACGGATTCGCGGAAAAACTTAAGCTTGTGCTTATAGCGGTAATACTGCTCAACCTGATTCACGCTGTAATCCACATACAGTCCTATACCAGAAACATTGAGACTTATAAACACCATATAATCGACATGGGCATAAACTCCCTGAAATCGCTGGAAGGCGGCAGGCGGGCGTTCATGGGCTCCAGATTCGCAGGCACGGACAGGCTGAAACGCTTCGTGGAGGAACTGAGCAGACAGAACTCAGTCCTGAATATGGTAATCTTCGACGAAAACGGAAACATAGAGGTAAATCCGTCACCGGAATACACACCGCCTTATATGGGCGAAATCAGCGGATATTCCATTGTCGAAGGCAGAGACACCATTACGATATACACATCGCTCAAAACATTCAGCAGCCAGAATCATGAACATATGCAGAACCGCCCTCAGCAGGGACAGAGACTCATGCAGGAGCTGACCAACCCCGACAACTTTCAGGATATAACAGTTGCACTAGTCATGGATTCCTCCGCAGTGGCTCTGGCAAAACGGCAGATGTACACAGGGCTGGCGCAGATAGGAATTATACTGGTTTTTCTCATTATCGCCTATGTGCTTGTCATACGCTTCATAAAGCTGCATCTTATACAGATAGAACGCCTGAAAAAGGTTGAGCAGGAAGCTGAAATGGGTAAAATGTCCCACATTCTCGCCCATGAGATAAGAAATCCGCTCAGCTCAATCTCCGGACTGATAAGCTTCGCCGCCAAAAAGGAGCAGAGCCCCGACATAAAAGATATTTTATCCCACACCACGGACGAAATAAACAGGCTGAACACCATTGTGAACGACTTCCTCACCTTCGGCAAGGAGCTCAAGGCGGATATGCAGAATATCTCAGTCGGCGCTCTGGTGGACAAAACAGTGAACCTTCTCTCCGCAGATTTCAGAAGCAAATCAGTACGCCCCGTAATAGAAGGCGAGGACGCGCTGATAAAAGTTGATGCAGACAAGATGCTTCAGGTGCTGTTCAATCTCCTCCTCAACGCATTGCAGGCATCGCCGGAGCACGGAACTGTGGAAATACGTTACAGCGAAAAAGGCATAAGCGTTAAAAACGATGTGGCAGGAGAAGCGCCTGAAAAAAGCAGACTGTTTGAGCCCTTCTACACCACAAAGGCAAAAGGTTCCGGTCTGGGGCTTGCCGTGGTGAAAAGAATCTGCGCTCTCCACGGCTTTCAGGCGGAAGTGACAAATACCAACCCCTTTATTATAGAATTAAAATTCGGCAGGTAATTAACATGGCTGGCAGAATACTTATCGTTGATGATGAATCCAACCACAGACTGATGATGAAGCTCCACCTTGAGGACAGCGGATACAAAACGGAAGAGGCCTCAAACGGTGCGGAAGCGCTTATTAAGCTTGATGATTTTGAGCCGGATGTAATCCTGCTTGACATGAAGATGGATATAATGGACGGATTGACCTTTCTTACCCACGTGAGCAGGCGGGGACTGGCTGTGCCTGTCATAGTGATAACGGCATTCTCAAGCGTTAAAACCGCTGTGGAAGCTATGAAGCTCGGCGCCGCTGATTATCTCACCAAGCCTGTGGACATTGAGCACATGCTTGAGACAGTGGCAAAAACACTGACTGAAAAAACTGTTATACCCCCGCTTGAATACGCCGAGGAATACGGCTTTGAGGGAGTTTACTCCGCCGACGGACTGGGAAAAATTATAGAACAGCTTAAGATGGTGGCTCCATTAAACGCCACTGTTCTGGTACTGGGCGAATCCGGCACGGGAAAAGAGCTTATAGCCCGTTCCATCCACACAAACTCACCCCGCAAAAACAAGCCCTTCATCGCCGTTAACTGCGCCGCCCTGAACGAAAACCTCATAGAAAGCGAGCTTTTCGGTCATATGAAAGGCTCCTTCACAGGGGCATCCTCCAATAAGGAGGGGCGCTTTGAGCTGGCGGACGGCGGAACAATATTTCTGGACGAAATAGGCGAGCTTCCCCCGCAGGTGCAGGCGAAGCTGCTTCGTGTTTTGCAGGACAGAACATTTGAAAGAGTGGGTGGAATCCGCACCGTCACCACTGACGCACGCATTGTAGCCGCCACCAACAAAGACCTGAAAACACTTTCGGAAAAAGGCGAATTCAGGGAAGATCTGTATTTCAGACTGTCTGTTTTCCCTGTGAATCTGCCGCCTCTGCGGGAAAGAACACAGGAAATTGAGCCTCTGGTGAACTACTTCATATCAAAATACGCTCAGAGATTCGGCAAACTGATCAAAGGAGCGGAAAGGAATTATATTGATAAGCTGAAAAAATATTCTTTTCCCGGCAATATCAGAGAGCTTGAAAATATAGTCGAAAGAAGCGTGATTCTCTCAAAATCGGAAAGACTTACGCCTGACACACTGCCGCCGCTGGAGATAAAAAACGGCTGCGGCTCTCTGGATATGAGGGACAACGAAAAGGATCTGATAATAAAGGCGCTGGAAA
CP035108.1_gap61	2041439	2043331	1892	GTTATCCTTTCCGACAAACACTTCTTTGAAATGGTCGCTCAGGAAGATGTTCAACTGCTTCGGACTATGGTTTCCGAAGACACGATAGCACGGGGCAGCTTCGATGAATACATCCACATCAACAGGATAGACGGAGAACGACGGATCCTCAGAGTGCAGAGCCGTATAAGAACGGACGCTGCCGGCTATATAAATATACTCGGAACAGCACACGACATAACAGAGATCAAGCGCACGGAAACAGCGCTCCGCCAGAACGAGCAGCTTCTTTCATTCATATTCGACTTCGCCAGCTTCGGTATATGCCTTGTGGATCAGGAAGGCAGCTTCATCCGCTTCAACAGGAAGTTCAGTCAGCTGCTCTCCATTCCTGAAGCTGCGCTCAAGCAGCAGAACTTCTTCGGACTTTTCCCCGAAGCCGACAGAGAAAAAGCGCACCATACCACAGAGTGGAAGCACGAACTGGAAAACGGAAAAACCCTCGATTTACTTGTTACGGCTGGTGCGGTCAAGATGCTTGAGGAGGAGGACAAACTCCACTTCATATACTCAATAGCCGATATTACCGAGAAAAACAGGATAGAAAAGATACACCGTGAACAGGAGCAGATGCTTATACAGCAGTCCAAGCTGGCAGCTTTGGGAGAGATGATAGGAGCCATAGCCCACCAGTGGAAGCAGCCCCTGAACTCCGCCAGCCTGTATGTTCAGCTTATTGAGGACGACTACGACTTCAATGAGCTCACGAAGGAAAAACTCAGCGAATACGTAATAGAAATCATGAACCAGCTTAATTTCATGGCGCACACGGTTGAGGATTTCCGCACCTTCTTCACACCGTCAAAATCACTGGGTGAATTCTCCGTCAGGAGAGCGCTTGATGATGTTGTAGCGCTCATGAAGTCATCCCTTGAAAAGCACAAAATTAAAGTAAGTGTGGTTACCGAAGGCAATGAACCGGACAGCATTGTCCTTTTCGGATATGCCAGCGAGTTTAAGCAGGTTATGGTGAACCTGCTCAGCAACGCCCGGGATGCCATAGACGCTAAAAGGCTCTCCATGCCGCCCTTGGAAAGGAAAACAGTGGGAAATATAGATGTGATAATTACCGAAACCGACACCGAAGTAATAGTCGAAACCAAGGACGACGGCGGCGGCATACCGGAGGACGCTCTTAAGCGGATCTTTGAATCCTACTTCACCACCAAGGGTGACGAAGGCACGGGAATTGGTCTCTACATGTCCCGCATGATAATAGAAAACCGCATGAAGGGAACAATCGCGGCCTCAAACAGCGGAAAAGGCGCGGTGTTCACCATGCGCTTCCCGAGAGAATTTCTTTAAACAAGCCCCAGTTCAGCCGCCTTTTCGCAGGCTTTCTGGGTTTTTGTCTCACCTGCTCCTGCGAGCTCCTCAACAGAACTGAAACTGAATTTGTGGGCATTGCGGAGGGTATCGCAGCAGAGAATGAAGTCCTCGTGTATCACGAACGCCCTTCCGAATCCCTCATAGCCCAGATCCAAAGCGGCATAGCACATCTTCCCTATGTTCTGCTCAACAAGCATCGCCACAGCCTCGTAAAACATCCTTATCTGCCAGACCGTCTGTATGTCCACAACGCCGGAGGTGTCTATCTTCTTTTTTTCTTCCCTGCTTTTCACATAACGGCTCAGAACCTGAGTATCCTCAAGCTTTTTCCATGAGCCGTATGTGTCGAACGCCCTCATCTTTTTGACAAGGGTATCGGTAAAGTCTGAGACCTCCCAGCCGGTTCTCTGTGAAAGAGACATGCCCGCCATGTTATTTTACCTGTATCGCCTTTCTCAGCCATGGCGGCGGAGAATCGTTAAGCTTTTTCACAAGAGTATCCAGAAGCTCGTCTATGGACGCCT
