gap_id	start	end	length	sequence
CP036295.1_gap1	2465	5632	3167	ATCCTTATTTTTAATACCGAGAGCGACCGCTGCACCTACATGGATCTGACCGCAGGCGAGGCGCTGCTTTCCGCCCAGGGGCAGGATGTGGGCTCCGCCAACGAGAGCCTTGAAGTAACCTATAACGGTGATATAAAACGCATTGCCTTCCCCACGCGCAACCTGCTTGACGTGCTGGGACACTTTGTTTCGACAAAGATAGACATGATGCTTACCGGTTCTGAAGGCCCCTGCGGCATACGCGGCGCCGACGACACTGAGTACACGGTCATTATCATGCCCATGAAGGTTTCTGAAACGACCTATTATAGCGAGGAAGACGTTTAATGGCTCCTGAAACCGGCAACGGCGGGTACAACGCCTCTTCCATTACCATTTTGGAAGGCCTTTCGGCCGTGCGCAAGCGCCCGGCCATGTACATAGGCTCCACTGACGCGCGCGGCCTGCACCACCTGGTATACGAGGTAGTGGACAACTCCATCGACGAAGCCATGGCTGGCTTCTGTTCGCGGATAACGGTCATTTTGCACGCCGACAACAGCGTCACAGTACGTGACGACGGCCGCGGCATACCTGTCGACATTCACCCCAAGGAAGGCGTGCCCGCCGTGCAGGTGGTCATGACCAAGCTGCACGCCGGCGGCAAGTTTGATAACTCAAGCTACAAGGTTTCCGGCGGGTTGCACGGCGTTGGCGTGTCGTGCGTCAATGCCCTTTCAGAAGAGCTTACGGTTACCGTCCGCCGCAACGGCAAGCGCTACCGTCAGCATTACGCGCGCGGCGTGCCGCAGGACAAGCTGGTTGTCATCAGCGAAAGCTATGTGGAAGGTCACGGCACCACAGTGCGCTTCAAGCCCGACGAAGAAATTTTTGAGGTGCTTGAGTTTTCATATGAAACATTGAAAAAGCGCTTTGAAGAGCTGGCCTACCTCAACAAGGGCCTGACCATCGAGTGCATTGACGAGCGCATCGGCGAGACCCATGTTTTCCACGCCGATGGCGGCATACGTCAGTTTGTGGGCGACCTCAATTCGGGCGAGCAGGGCATTCACCCCATTATTTTTGGCGAAGGCGTGGTCGAAAACGTCACTGTTGACTTTGCCCTGCAGTACAACGCCGGGTACAAGGAAAACATTTTTACCTTTGCCAACAACATTCGCACCAAGGAAGGCGGCACCCACCTTGTGGGCTTTCGCACCGCGCTGACCCGCGCCATCAACGGCTACATCAAGGGCCAGCCGGACCTGGTCAAAAAGATGAAGAACACCTCGCTGTCGGGCGACGACGTACGCGAGGGTCTTACCGCCGTTATCAGCGTCAAGCTGCCTCAGCCGCAGTTTGAAGGGCAGACCAAGACCAAGCTTGGCAACAGCGAGATAGCCGGTCTGGTGGCTGGTGTTGTTTACGACCGCCTTAACGTCTATTTTGAAGAAAATCCCAAGGATATACGCCTCATTATAGACAAGGCCGTCGATGCCTCCCGTGCCCGCGACGCCGCCCGCCGCGCCAAGGAGCTTGTGCGCCGCAAGGGCGCGCTTTCTGACAACTCGTTGCCCGGCAAACTCGCCGACTGCCAGAGCAAGGACCCTATGGAGTCTGAGCTGTTCATCGTCGAAGGTGATTCGGCAGGTGGTTCGGCCAAGCAGGGGCGCAACCCCAAAAATCAGGCTATCCTGCCCCTGCGCGGCAAGATTCTGAACACGGAGCGCACCCGCTTTGACAAAATGCTGGCCAACAAGGAAGTAAAGGCCCTCATCACCGCCATGGGCGCGGGCATCGGCGAGGAAGACACCGACCTCGACAAGCTGCGCTACCACAAAATCATCATCATGACAGACGCCGACGTGGACGGAGCGCACATCCGCACCCTGCTGCTGACCTTTTTCTTCAGGCAGTATCAGGAGATGGTGGAGCGCGGCTTTGTCTACATCGCCCAGCCGCCTCTGTACCGCGTGCACAACTCGCGCATGGAAAAGTTCATCAAGGACGACCCGGCGCTCAACGAGTTTCTGCTTACCCGCGTCAGCGAGGATGTGACCGTGGTTGCCTCCAGCGGCAAGGAATATACGGGCAAAGAGCTGATCAACCTCATGGAGCACATTGAAAAGCTTGAAAACCGCGTCAACGATGCCGAAATGGCGGGCACCCCGCGTGATCTCTTTATGGCTCTTGTTACCTATGCAAAGCAGATTGACGCGCAGAGCCTCGAAAACCAGGACAACGAACTGACCGGGTGGCTCAACGGACACGGCTATATGCTGACCCTTGAGCGGGAAAAAAACGAGGACGAAGAGGAGCGCCTGTTTGCGGTATTTGAAAATACCGGTGGGCACCATACCCGCAGGGGCATGGAATTTTTTTCTTCGCGCCTGTACCGGCAGACCTGGCAGCTCTTTGACGAGCTGCGCTCGCAGTGCGGGTCGTTTGCCTTTACCCTGCGCCGCAAGGACGGCGATGTCCCCGCCGAGGACATGTTTACGCTCATGCGCATGGTGTTTGACGAAGCCCGCAAGGGCATCAACATCCAGCGTTACAAAGGTCTTGGTGAAATGAACCCCGACCAGCTGTGGGTAACGACCATGAACCCCGAAAACCGCGTGCTTCTGCAGGTTTCGGTGGAAGACGTCAACGAGGCCTCCGACGCCTTTGTTGAGCTGATGGGCGACCGCGTGGAGCCGCGCCGCGACTTTATCGAGCGCAACGCCCTGGCTGTTCAGGATCTGGATATCTAGGCTCCGGGCGTGCATAACCTGCCCGTCGGCGGGCAGATATGCGTGCGCCTGTGTATGTTTTTTACTTACCTGTGCGGGCAACTGACGGTTTGAACGTACTTTTGCCGCACAACATATAAAAAGGGGTTTCAGCGGGGCGTAGCCCCCTGAAAACCGGGGGCCTGCCCTCCGATCCCCAAAATAACAGCAGCGAGGCCCGCAGTGGCAGACATGCAGTCGCAGATAAGCATAGAAAAAGAACTCCGCAAATCGTATCTGGAGTATTCCCTTTCGGTCATCATCGGGCGCGCCATCCCTGACGCGCGCGACGGCCTTAAGCCGGTGCACAGGCGTATTCTTTTTGCGCAGTACGAGCTTGCCAACAACTATAACCGTCCGCACAAAAAATCCGCGCGTATCGTCGGTGATGTCATCGGTAAATATCACCCGCACGGC
CP036295.1_gap2	53904	58834	4930	GGCCATATCCTGCTCAGCTGCCTTGACCAGATCGGGCCCGATTTTTGCTGCCCAGTCATCGCGCACGGCCTTGGTGGCCTTATGGAACTGCGCAATCTGCTCGGGTGTAAGGCGCGAAACGGTCATGCCGTGCTGTTCAAGGCAGGCATAGGGGTCGTTGATTTCGGGGAGTTTGCCGATTTTTTCCAGATAGGCCTTCGAAGCGCCATCGTCCATGCCAAGGCGGGAGAGGGCCTTGCTGTAGGCTTCCATTTCTTTGGCGCAGGCAAGCAGAATCTGCTGGTCTTCGGGCGTAAACTGTGACCATACAGCGGGATTGATGCCGAGCATCAGCGGGTCAATGACGTAGTGCCAATCGCAGAGAAATTTGTGGAAATCCCATATTTTCAGGGGAATATTGATGCCATTGGTGGGGTTTTCCTGCCCGTCCACAACGCCCTGCTGAAAGCCCGTTGTGGCTTCTGCCCAGTTCATGTTGACGGGGTTTGCCCCAAGCGCACGAAAAGTATCAATAAAAATTGGGCTGCCAACCACGCGGATCTTGAGGCCCTGCATGTCTTCGGGTTTGGTGATGGGGCCTTTGCTTGTGGTCATTTCGCGGTAGCCGTTTTCGCCCCAGCCCAGAAATTTAACGCCCTTATGCTCAACAGCGGCGATCAGCATTGCGCCCGACTTGCCAGCGGTGACCGCATCGATTGCCTTGTAGCGGTCTGGCTGCACGGCCATGAAAAAGGGCAGCGCCGTGAGGTTCAGCTCCTTGATCTGGGGCGACCAGTTGATGGGCGAAGCCAGCGCAAAATCAATGGCGCCGTTGCGCAGCATAAGAAATTCAGAGGTCTGTTTGCCTGCCAGCAGCTGGCTGGAGGGATAGACCTTGATGTTTATGCGGCCATTGGTGCGCTCGTTGACCAGTTCGGCAAAACGGGCAGCTGTGAGGCCCCAGCCAGAGGTGGCGCCAGGAACAACGCTGAGTTTGTACTCTGCCTTGTAGGCCGCCTCAGCCTTCTGCGATAAAGCAAGCAATGCCCCGGCTGACAGCAGGCACACGAACACAACGCCCCATGTCCAACGCATAAAGCCTTTCATATTCACAATCTCCTCATCAAAAGGGTAACAAACAAGACCTTGCCATACATGCGCGGGCAACATGTATGAGCGCCAATCCTTCGCAGCATTGGCGGCTCTGCCGTAATAACGGGATCTTTGGCAGCCTTGTGGGCCGATGGACGCCAGCAGGTTTTGCAGCGGGGCTTGTGGCCGGGCGTTGCCGCTGAAAGGTACCCTCGGTATAAAGATCGCGAATGAGTATTTCTTTATTTATGCCAGACTTACGCAGAATGGTACAGATTTTTTTGGGGTGTTGCGTGGCAGGCTGTGGAGAAAATTGGTTTGACGCCACGTTGAAAGGGGTGGGCATGTGCTTTATCATGCACCATAAATATGCTCCCATCAAAATGGCTGGCAACAAGTTATGCAATCAAACATTATACGGCAGTGAGGCAAGATGAGCACGACACTACAGCCAGGTATGACAGGCACTCTGGAAACCACGGTCACGGAATCCATGCTGGCAAGCAGCGTGGGCAGCGGCAAGGTCGACGTGTTTTCAACCGCCATGATGGTGGCCTGGATGGAAGCGACAGCCGTGGATGTGGCCCAAGCCTGCCTTGAGCAGGGGCAAACTACTGTAGGGACCGGCATAAGCGTGACCCATGTGGCTGCAACACCGCTGGGCATGAAGGTGCGCTTTACCGCAGAGCTGACGGCTGTCTCCGCCAACGGCAAGGGTCTGAGCTTTAAGGTTGCCGCCCACGACGAGGCCGGGCTTATTGGCGAGGGCACGCACGAGCGCGTGGTGGTGAACAGGGAAAAGTTTGAGGCGCGCACCAGGGCCAAGGGGCAGCCCAAGGATTAGCCAACAGGATAAACAGTAGGGGCCAGAAGTCGAATCGTTACGGCGCGGGGGCCATCCTGCCGTTGGCTGTTGTTGTGGGCTTTTGCGTCAAAACGCAGTAATCTGCTAGGGTCTGTGCAATACAAGGAGTTTTTATATGCAGAATCTTACTTTTGTCGGCATATCGGGCAGCCTGCGCAAGGCCTCGCGCAATACCGGGCTTTTGCGCTGCTGCGCTGCGCATCTTCCACAGGGCGTAAGCCTGCGGATTGCAGATATTTCGTCCCTGCCGCTGTATAATGCGGATATGGAAAAACCCGAGGCAGCGCAGCAGCTGATTGATCTGGTCAGCGCTGCGGACGGTTTGGTGCTGGCCTGCCCGGAATACAACTATTCGTTGGCCCCGGCGCTCAAAAATGCGCTGGACTGGCTTTCGCGCGAGCCTGATCTTGCCCCGCTGGCGGGCAAGACGGCCTGCATTGTGGGCGCGGGCGGCGGTATGGGCACTTCGCGCGCGCAGTACCATCTGCGCCAGGTGTGCGTGTATCTGAACCTGCACCTGCTGAACAAGCCCGAGCTGTTCTCCAATGCCTTTACCCCTGCGTTTGCCGACAACGGCGACGTGCAGGACGAGGCCCTTGCCCAACAGGTGGCGGCGCTTATGCAGGCCATGGCCGACTGGACGCTGCGGCTTAAATAACCCGCTCTTGCGGCCCCGTGGCGTTGCCCATCCGCAATGCGCTGCGGGGCTGAAATGTGCAAAAGGAACTTCAATGGCTGGCTGTGCCGCAAAAGACGCCGTAAGCTGCAGGTACCACAACCGGCGTATGGAGCGCATGCTGCCCGGCATGGATCTGTTGCTGGACGCTTATGCTCCGGTTGATTGCGGCATGGCGAGGGCCATTGACCACAGGGGGCAAAAACCCGCTGCGGGGCTGGCGTCGACTATTGCGGCACGCAGTCTATCCCGATAACGCCGCTGGAAATTGAGGGTTTGCGTCTGTTTGTGCAGCAGGAGGCCTTGCCGCATGAATATGCGGCGCTGTCAGCGGCCTGCGCGATGTTTCGTGGCCAAAAGGCCGTGCTTGGAGCTACGTGCCCTATTTTGCGCGGCAGGTGCTGCGCCGTGTAGCCCGTGCGCCCCATGGACTTCGGTATATTGTGTACGGCCAACCCTGCGCCCATGGCGAGAACCGCACCCAAACGCGCCCGCAGGACGTGCTGTGACCGGGGCGGGATTTTTTGCAGGCTGACTTGCGGCATACACTGCCCTGGCACCGCGAGCGGCATTCGTTGCCTGAGCAGGTGTCCACGGCTGAGGCTCAGGCGTTTTTTCGTTCCGCTACAACCATCTTCAGTCCGTGCCTTGGGCAAGGTAGCTTACGCCGCAGGGCGTGGCCGCCAAAGTCAGCGATTTGCCAGGTCAAGCCTGACCAGCGCTCCGTTGTTTATCCCCACAAAAAGCCCCAGAGGCGTGCTGGCGGCCGGGCAGACCGGCACGGCCAGATACTGGCCGGTTTTCCAGGCGTCTGCGGCAAAGGGCAGGTATTCGCCAGCCAGGGCAACGGCAATCTGGGCAGGGTCTTCCGCCAGAGGCGCGGCGACGGACTTGACGGATGGCCGCGCAAGCAGCATCTCTGCTGCCTGCTGCTGTACAAACAGCGGCAACAGCCTGCGCCAGTCAGGCTTGCTGACGCGCAAAACCGCAATGCGTTCAATCCGGGTCATGTCCTGCCCGTGCAGTACCAGCCACAGATTGCTGAAGGTGGCAGAGGCGGAGAGGGCTTCTACGCCAGCGGGCGCGCCGTTGGCGCGCACCAGCCATGCGCCGTCGATGCCATGCGTGCCCAGGTCCTGCGTCAGCGTCAGCGCCAGCGGTTTTTGCGCCGCAAGCTCGGCCCGCGCCGTCAGCGCGCCAACGGCGGCACTGGCGAGGGGTTGGGCGCTGTGCACGCTGCCAAGCCCGAACATCCAGGCCACCCAAAGGTTGGGCCACGTTTCCGGCTGCGCGGGCAGGGCCTCGCCCGTCTGCACAGGAAAAATTTCATCCGGGATACTGCGCTGCACCGCAGGCTGGGGCTGGCTGGGGTCAATGGCCCGCTTGCGTGCTCCGGGACGGTAAATTTCGCCCAGCAGTCCAAAGCGCGGAGAGGTATTTTGTCCTTGCGCGGCCTGTCCAATGGCTTGCAGGGCGTCGTAGCGTTGCTGCAGCTGCAGGCCAAGCTGCAGCATGCTGCCGTTGACCGTGTTGACAGCCGTAGTGCGCCAGTTGGCGCTGCCAGCCAGCAATCCCAGCAGCAGAACAAGCAGGGCAGGCATCAGTGCCTGCCGGGGCAACCGCGCCAGCGCGCGCTCCAGAGCAGGCATGGCTTCAAGTATTCCCCACAGGGCAAAGCCAAAGGCGTAGGCAGAAAAAATGGCCAGCCCGGAGGGCAATTTGCTTGAAGAGCTGACGGTCACGTCGCTTAAGGCGTGCAGCACGGTGATAAGGCCCGAAAGGCCCATGTAGGCCGCTACGGCGAGCGCCGCCAGCAGCAGGCCCGAACGGGCCGCGCCGGCGGAAGGGCGCAACGGAGGCTGCCCCCGCAGGCCTCGCAGTACAAGCACAAGCAGCAGCACCGCCCACGGCCACAGCCCGTCAAAAAACCAGAAGGCCGCATGACGCCATTCGTCAAACGCCGCAGCCAGCTGCCGCAGTTGCGTGGCCGTATCAATATGGCGGGTGGCTCTGCGCATCTGGTTGCCCGGCGCAAGAAACGAAACAAGCAGCGCGCCAAAAATCCATAGCCATACAACGCACATATGGCGAAACCGCATGCGGGCCGTCTGCGCGGCGTCGGGCTCTGTTTCACGGGCGTCAAAGCGGTCGGCAAGGGCCAGCAAAACCGTAACAGTGCTGGCGGTCAGCGCCGCCAAGGCGGAATGCTCAAACACGCCCACGGTCAGCACGCCCACAATGACGGCGTGCCTGCGCGCCGAGCGCGCCTGTGCAGCGGGCGCGGTCCACAGGCGGCACAGCACCCACAGGTACACCAG
CP036295.1_gap3	70363	72820	2457	GGCAAACGAAGGCCGGAAGGGATAGGGTATGGCCCTGCGTCCGTATTCAACGGCGATAAGCGGGGTAGAGCCGCGAATAGCCGCCGCCACGGCTTCCTTGATGGAGTTGAAATAAAAATGTTCTTCAGCCACATAGTTTTCAAGCTTTGCGCCCATGGGGCCAAAGAGGCCATAGCAGGCAAGAATACCAAAAAACGTGCCTACAAGTGCTGCCGCGATGTAGTGGCCCAGAACTTCCGGCGGTTCGTTGATCTTGCCCATGGCAAGCACGACGCCCAGCACGCAGGCCACAATACCCATGCCCGGCAGCGATTCGGCCATGTGCGATACGGCATGCGCCGGCAAGATGCCTTCTTCGCGCATGGTCTCGATATCCACGTCCATAAGGCTGTCAATGTCGGCGGGGTCGCCGGTGGTCAGGTACACGCGCAACGTGTCGCCCACAAAGTTGACCACTGTGGCGTCTTTGGAAATGTTGGGATACTTGCTGAAAATGGGGCTGGATTCGGGCTTTTCCACATCGCTTTCAATACTGATGACGCCTTCGCGGTGCATCTTGGAAAAAAGCGCGTAAAGCAGGGCCAGCGTTTCGAGGTAGTGTCCCTTGCTGGAACCCGGGTCGGCAAAGAGGTGCTTGAGGCTTTTGACAACCAGGCCAAAGGTGTACTTGGTCTGCGAACCAAAAAAAGCCCCAAGACCGCAACCCAGAATGATGATGAACTCGGCGGGCTGAAAAAGAACGCCCCAGTCGCCGTGGGCCATGGTGTAGCCCGTGCCGACAGAAGCCGCAACAATGACCAGTCCTATAAGTAAGTACATACCGCCGCCTGTTCTCTCAATGCTGTCCGTGTCGTTCGGTCACCTGCCAGGGGCGTCGCCGCCCTGAAAAAACGCGTACTAGCCCGATGAACGGGATTTCGTACCCATAAATCACGTGCGCATGTCGTCGCACTGTCAGGCCTTCTTGTATGCTTAACGCCCGCAATGCTAATAGCTTTAGCCCAAGGCGCTGAAAAGGCAAGCCCTGGTTCAAATTCGCTGGCTCCGCGATGTTGCGGACAGCCTGTTCATGGGGCTGCCCGTTTGCCGGGCGTTACTTGCCCAAAATGCCGCGCAACAGGCCGCCCGCGCCCTTGGTCGCGTCCTTGGTGACGCCTCCGGCCTGTTTGCCCGTGTTTACCAGCGTGCCGGGCAGACTTTTGGCCATATCCAGGGCAAATTTGGGGTCAACGCCGTACGAAATGTCACTCAAAGGTCCCTTAGCCGTCACAGGTATGGTCAGCCCTAGGGTCTTGATGTCCATTGCGGCGTCGAGGTGCTGCCTGGGCAGGCTGATGCGGGCCTTGCCAAGGGCGTTGAGGCTGGGCGAGGTCACGGTTATGGGCGCTGCGTTTATTTCGCCGTCCTTGGCCGTAAAGGGCGCGCGGGCCAGATCAAACCGGTCGGGCAGGGGGCCGCCCTTGCCCGCGAGCATGGGCAGGCTTTTTGAAAGCTCGGCCATGGCGGGCACGTGCAGCTGGCGTATTTCAACCAGCCCTCGCCCGGCGAGGCTTTGCCGCATGTCTGCCGCTGAGCCGCAGCCCATGGTCAGGTCCGCGTCGAACAGGGCTGTACCGTCCACCATACGGCTCTTGCCAAGGGCCACCATAAGCGGGCCAAGTTCCACATCGGCGGCATGGGCCTTGACGGCGCAGGTCTGCGCGGCCATGTCCATGCTGCCCGTGGCCTTGACGGCTCCGCCGCTGCCAAGGCTGGCCGTCAGCGAGGTCAGGTTGTAGCGGCCTTTTTCGCCCTTGAGGGCCAGTATAATGTCCTTGACCTGCAGGCCGTCCTTGCTGATGCCGCCCACCTTGGCGCGGATGTCCAGGGCGGGCATCTTGCGCATTGCCGCAGCATCTGGTTTGGCGGTGCGTTTGGCGTGGGCCGGGCCGCCGTCGCTGGCTTGGGCCTTGGCCTCCGCACCCTTGGCGGGAGCCTCGGGGGCAGGCAGATAGGGGTCGAGATTGATCATGCCCGCCTGTACGTCCGCTGTTATGCCCATAGGGGCATCAGCAGGCAGGTCGAGGCGCAGCCCGCCGCGCAGGGCAATATCGTCCAGCTGCAGCTGCATCTGGCTGAAGTTGAGGGCATCGGACGTGTAACGCAGCATGGTTCTGAACCGCAACTCGTCCTTGCCTGCGACGGCCTTGATTTTTTGGCCCGCCAGCGCCGCCAGCTTGTGGGGCGAGCCTTCGATCTCCAGTGAGCCGTTAAACGACGGCGCGCCAAGGGCCGCCTCGCCGGAAATGTTCAGACGCGCCTGCGGCATGTTGAGCACGGCCTTGTTCAGCTGCAGGTGCAGGTCGCTGAGCCGTAGCGAACCCTCGCAGGTCAGCTGCAGAGGGCCTGCCTCCTTGGGCAGCAACCCTGTCAGTGGGGTGACGGTCAGCGCGGTCTGCCGAAAAAGCAGCTGCGGCG
CP036295.1_gap4	207225	211885	4660	CCCGCTCCCAAGGTTTACGGGCAGATGCTGCACCTTGCCCGGGATGCGCATCTTGCGGAGGAAATGCTGGCTGATCTGGAGGCCGAGCGTGCGGGGCGCGATTTGCCAGTGGCGAAAATTCGCGTGCAGCAGGCACGCCGCGCTGCGTACGCCCGCAACGATACCGGTCTGGCGCAGTTGCTGGGCGACTGGCTTGTGCGGTACGCGCGCTGAGCTGGTCGGTTGCGGCAATGCTAGCCGCTTGCGGCTGGCCGTAGGGTGCGAAAAGCAGGAGGCGAAAACAGGGTGCGACGGTCATCAACGCGCCAGCATGCCGACTGGCGGCCTGACGAGGTTTATCGCGGCGGATTGACGGACAAAATAAGAAACGCGGCCAGGCCGATAACGTACGGTATTTTTCGCACATTGAAAAAATAGAAGTAGCCCGCCAAGTCGGTTAGGTTTGGTTATCACCAAACAACCACCAAACCAACGTGGAGGGCTACAGATGGAAGCTATCAGGACGAACGGTAAAAATAAAGTTCCGGTGATTGCTGTCGATGAAGAAGAATTGCGGACACACGTTTCCGAGGTTGTGCGCCAAAGTGTCGAGGAGACCTTGAATGGCCTGCTTGATGCGGAAGCTGACACGCTCTGCCAGGCCCGACGCTATGAGCGTAATGCCGATCGAGCCAGTACCCGCGCTGGTCATTATGAGCGGAATTTGCAGACCAAGGCTGGCACGGTTCAGCTTAAGGTTCCCAAGCTGCGACACATGCCGTTTGAAACCGCGATAATCGAACGGTATCGTCGCCGGGAAAGTTCAGTGGAAGAAGCCTTGGTAGAGATGTACTTGGCAGGCGTGTCAGTGCGTCGGGTCGAGGACATTACCGAGGCTCTTTGGGGCAGTCGAGTCAGTCCAAGCACAATAAGCGACTTGAATCAAAAGATTTTTGAGCGGGTTGAGGAATGGCGCAATCGACCACTTGAGCCGAAATCCCCGTACTTTTTTGTGGATGGAATATGGCTGAAACGCTCTTGGGGCGGTGAAGTTCAAAACGTATCTGTGCTAGTAGCCATTGGCGTGAGTACCAGCGGCTTCCGTGAAATTCTCGGCGTGGCAGAAGGATCACGTGAGGATGCAGAAAGCTGGCGGCAATTTCTTCGGTATCTCCGAGAGCGTGGCCTTGAACAGATAGACCTCGTTGTATCTGATAAAAACCTTGGCTTTCTGGAGGCGCTAGGAGAATTTTACCCTGATGCCAAATGGCAGCGTTGCGTGGTGCATTTTTATCGCAACGTACTGCATGCGGTTCCTCGCGGTAAAGCCAAAGAAGTTGCTTTGATGCTCAAAGCTGTTCATGCCCAAGAGGATAAAGAAGCCGCACTCCGGAAATCGGTGGAAGTGATAAGCAAATTACGGGCGCAACGTCTTGAGAAGGCAGCCAGAATAGTGGAATCCGGTTGTGACGAAACGCTTTCGTACTATGATTTCCCCGTAGCCCATTGGCGGCACATAAGGACGAACAATCCGCTTGAGAGTTTGAACCGTGAAATTCGCCGCCGAACCAGAGTTGTGGGGAGCTTTCCGGATGGTCACGCCGCCCTGATGTTGGTGGCTGCCCGCCTGCGCTATATGGCAGGCCAAAAGTGGGGCACGCAACGGTATATGAACATGAACCAAGAAATATTGGCTTAAAATCTGAGCCTTCGCGGCTCGATACGAAACCATGCTTCACCGACTGGCTGCTGCAAAATATGCGAAAAATTCTGGACACTACCTCACGGGATAAAGGCGAAACCAGCACGGGAATTGAAGAGTACATACGTTTCTACAACACCGAACGATTCCAGAAAAGGCTCGGCCAGCTTTCCCCGGTTGAATACCGGAAAAAACTGGCCGCTTAATCAAGACTTGCGGGGCATTTATAACTGTCTACTTGACGGGGTGCAGACCAATCATTGAAAAATGGTCGGGGGTTTTGCATTGGGGTGTTGATGGAAAACTCGGAGATGATAGTCCTTATTAATGACTACTAAAGAAATAATTTATTAATTGGTAAAAAATTTGTGGTTAAGCCTTCATTCAACTTACTTAACTATAAGTATTTCTCCTCCGTTGACCACATGCTCGCGAAATTTATTCGAAACCTTATCATCAATAAACTGAATAGAAATTTTAAATGGAAAAAATGGGGTGGACCACTCTAGACTTTTACTGCTATGCGAATCTTTTCTTCTATTTGCCGTGCGATAATCATTTGTTGCTATCTTTCGTGCTAGATCATTAGAGAATTGTTCAAGAGCAAGTATTGCATTTTGCCCTGTATTTTCTATTACACCATTTTTTGAATTAACGTCTGGCCCTCCAAGAATACTAACAACATCATGATAATCCATGCCAATATCAATTTTTTTGAAAGAATCCCTCTGGCACCGCACAGAAAGTGCGCCATAGAGAATAGCAACAGAATAAAGTGGAACCATTATGATGGCAATAACAATCCATGCTTCCCGCGCGCTGCACCAAGTTTTAATTAATCCCTCTCTCCCCTTGGAAATAAAACTTTTGTAAATCGCTGTCACGGTCCATACTAATAGTGAAAGTACGGAGGTCATACTAAAAAATTTTGAAAAATAATCATTCTGCCACATGAAAGCCTTAAGCTCTCCCCAGAAATTTAAATACTCTGTATACATATCATCCTGCAATATTTGTGTCAGAATCTTTTAATTATCTTATGTAGAACTAATAATTTCAGTGCTCAGTTCCCTATGATAACATAGTCAGTTTTAGATACACTTGCTAAAGAGATATTTTCTTTAGCTATCAGACAATACCCCGTGTAATTCCCCTTATCGATAATTACTATCGAAAATTTTGCAATTCCCTTAAAAAAATAGCTATCTGGTCGTATGCTTATTCTATTAGCCAAATCTTGCATCCAACTTTCTGCACGTAAGATAAATATTTTTGCACGGTCATTTGAAATAAATCGGCAGTCAGTCATGACCTTAATTTTGTCATCTACGTTTAGTGTGTTAACCTTAACGAGACAATTCTTATCCGCATCAAATCTATACACTGGTGAATCGTTCGCTATCACGTATGCATCATTAGCAGAGTACATTTTACCTCGATAATTATATCCTTTCATTTCCACATAATTATTTTAATATTTTTTGTCAGAGATAATTACACTAGCAAGTTCTTTATCCCTTATTTTATCTAAAAAATTAGATGAACTATTATGTTTATTCTCATCGATTATTTTAAAGCCATGGCTCATAGCCGTATTTTTATCTACTAACTGGACATCTTTCGAAAGATACATAATTGAAATTGAAGATGACAATCCTAACATGAATATAATGAAAAATATTATTTTATTTTTTCCCATTTTATATAAAAAGAAAAAAATTATAAAAAGTAAAATTATTGCCACTGACAGAAATGCAATCGCTGACGTCCAGTTTGCAATAAAAAAGTGTGAAAGAGATGTGATCATCATTTTGTAGTGCACACGCTACTATGCTAAATTGTAAATTTTCCCGACAGCGAAATTTTCAGAACCAATATTTCCATACAATTGCAGCAATTCTATTTCCCTTGATTATGAAAATGCGGTATCAGTAGGTAGACGAAACATCTTTTTTTAATAAAAAATATCTTCTTTTTTCAAAAAAGCAACCTGAAAATTACTTCTCGCTACAGTCAACAACCTAAAATATTAACAAATAATCCTAAATCTGTTCATAATTATTTAAGCTACCCCCGACCATTTTTCAATGGTCGGGGGATTTTTGCGTTTGACTGATTCTTCATTTGGGGACGCCATGCCTCGTCCTTGTGGAGGCCTAGTTGAACGGCAGCCCAAGAACAGCCAGAATCAACCAGCAGAATATAAAGGCATGATACAGAGCGGCGATCATAAACATCAGGCAAAGGGGAACCTTGATTAACAGCCTGGCATTGCCTTGCAGCCTGAATACAAACAGATACAGCAACAATAAACAGATAAATGAGAATATAGCCCCTTGCATGGAAATGAGCAGTGTGCCGGCGGTCCATCGTGGCAGCCATCCAAGACCAGCCATATCGATGAGATACCGATCATCAACAACTGTATCGGCGCAACATAAAAGCAGGGTTACAACATACAGCCACAAGTTCTTTTCCATTTTAAACAGCGTCAGGCAAACAATCATTCCAACAGCGCCCACGGCCATGACAATAGCGGAGGTGCGCTCCTGCACAAAAAGCAACCAGCCCAGACATGCAAAAAGCAGCGTAATAACAACAGGCCAGTGTGCCTGCCAACAGGCTGAAATTTTGGCTTTTATACTTGCAGATGTTGGGCGTGTCATTATTTATCCTGAATTTAGGATGATTGCTGAGCGTGGCAGCAAACAGAAAGGGGGCCGAAATTTTAATTTGGGGGGAAAGCGGTATTTATGTCTTTATGCCGCCCATGTGCGCAACACTTAATAGACTGAAAAGTATACAATTTAAAATGGAAACGAGATCTATTCTTGGTCCACCAGGGCACAAAAGACTACTGAAGCCTTTCAGTCTTACATAATCATCAGCTTCTGCTATATTTCCGCCAAAACATCCAAGGAGGAAATATGCCAGGGAATAATTTCAGTTTCCAGCACAGGGGGCACGATGATTCAAACC
CP036295.1_gap5	226136	228142	2006	CTGGGGCATGAGGATGGCAATAAAGGCGGTGGGACGTTCGCCGGGGTGCGGGCCGCCCCAGTCTTTCAAAGCGCCAGCCCAACGGGTGAGCGCAAAAAGTTTTTGGCATGTTTCGCCGTTGCCCACGAGCGTAAAACGAAGTTCTTGCCCGTTTTTGCCGCTGGGGGCAAGGCGGGCGCAGTCCACAAGCCATTCCAGATCGCCCATGGCGAGGGGCTGATCTTCAAAAAAACGGCGGCACGTGCGGGCTGCTTCAGCTAGAGCTTTGAATTCCATAGCCAGCTCCTTGGTTTCTCCGGGCTGAACCCGGCTGTTTGCGTCAGGCAGCGCCACTTTACACTGTAAGCAGCAGAAAACACAACTGGCTCCACTGGATGCACGCGCCGAGAAAGTCGCCGGAAACACCGCCCTGCAGCCGGGCCTTGTCTATAAGGCTGTGCACCAGCGCAAACTGCCCAAGGGCAAGCAGCGGCAGCCGCCAGAAGGGGCAGCCGCCAAACAGAACCAGAACAGCCATGGCTGCCGTCAGCAGAACCTGCCAGCGTGCCAGTTGCGGCGTGCAGCCGGCGCAGGCCAGACCGCCCAGCGAGCGCTGCTGATATGGGGTTGTGTATGCGGCAAGCCAGATGCCTGCCGCGCGGCCCCAGGCAGGAGCAAGCACAAGGGCAATCCACTGCCCCTGGACCAGGTGCCCCACAAGGCTCAGCCACAGGCCGCTGAAGGCCACAAGCATATGCAGTGCGCCAAACGCGCCAAGCCTGCTGTCGCGCAGGATGGTCCAAAAACGTTCGCCCTCTGCGCCGCTCCCAACCGCATCGCCCAGATCAGACAGCCCGTCCCAGTGCAGGCCTCTGGTGGACCATATCTCGCAAACCATCCAGGCCCAAGCGGCCAGCGCGGCGGCGACGATGTTGCTCGCAACTCCGGATGTCGGCTTGTCAAAGGCCCACAGCGCTGCAAAGGCCGCTAAGGTGCACAATGCGCCAATTACAAGCCCGACAGGGGCAAAAAACGGCATGGCCGCACTGAGGGAGGCTGCGGTGCAAGATGGGCGCGGCGGCGCCAGACGGGTCAAAAAAGCCAGGGCGTCATGAAAACGTCCTGGCCATGTTGCTAAGGTGGTAATGGTCACAGCGTCAGCGGGTTTGGGGATGGTTGAAGGCCAGCGCGTACAGGTGGTGGAAAAAGTCCACGTATTCAACGTTGATTCTTTCAGGCACCTTGATGCGTGAGGGAGCAAAGTTGAGGATGGAGGTAATGCCCGCATCCATCAGGTGTTGCGCGGCCCTCTGCGCTCTTTCGGGCGGGGTGGTGATGATGCCGATTTCAATGTTGAGGTCGGTCACCATGTCCTTGAGGTCGCGTGTGCAGTGCACCTCGAGCCCGTGGACGATCTCGCCGATCTTGAAGGGGTCGCAGTCAAAAATACCCACGATGTTGAATCCGCGAGAGCGAAATTCGCCATGGTTTAGAATGGCCTTGCCCAGGTTGCCGACGCCGATAAGCGCCATGCGCCATTCGCGGTCGACGCCAAGCGACGAGGTGATTGCGGCAATAAGCGATTTGACATGATAACCGACGCCGCGGATGCCAAATTCACCGAAATACGCAAGGTCCTTGCGAACCTGAGAGCCGTTGACGCCGCATGCGTCCGCAAGGGGGTTCGAGGAGATTACCTCAACATTGTCGCGCGAAAAATTTTCAAGCACCTGCACATAGGTCGCAAGGCGCTGGATGGTCGCTCTGGGGATATGTTTGCTTTTCGGTGGGTTAACCATGGTGTACCTTCTGGATGCGCAGCGGGTCGTATTGTTGCAAGCTTTGTGAAATTGATTTTATAGCAGAAATATTGCTTGGCGCAAGCTTTGTGAATTTGGTGCTCTTTGACCAGATAACCAGGTAAAATTGCAGGAACTAATGCAGTTTTGCCGGGTTTTGCGCGATAGGCAAAACCCTTGGTTTTACCTGTTCCAAACAAATTTATGCCGCCTTTTATTGATAAAATT
CP036295.1_gap6	237702	240458	2756	CTGGTGGGCCACGTTGCGCCAGAACTTGAGGGGGATAAAGCGCGAGGCCAGCCAAAGGTACACATTGACGGTGATGATCTGCACGCACACGGTCTTGAGCGCAAGGCCCACCGCGCCCAGACCCAGGCCAAGATATTCCGGCGGGGCAAGCAGAAACCATGCGGTGCTGAACCCGTAGATGCATTCCAGCGCCGCCATGTTGCGCAAAACCTTGGTGCGCCCGGTTGCGTGAAAGACCGATCCCGCCAGCTGCCCGTAGGCCTGGTGCAGGGGGTAGAGCGCCATGATCTGCACGGGCAGAGTGGCTGCGGCAAACTGCGCGCCGCCAAAAAAATTCACCAGGGCGGAGCCCTCCGCCAGCGTAAAGCACGAAAAATAGGCCGCAACCACATACAGCAGGGGCGCAAAGCGCGTGAGCAGCCGCCCCATGGCCTCGCGGTCGTTGTTGCCCCAGGCGATGGAAAGCTCGCGCATGACCAGCGGCGTCATGGCCGAGACAAAAAGAAAGCAGGCCATGCTGACCTTTTGGGACAGGGCAAAAAATCCCTGTTCCACGCTGCCGTCAAACCACTGCAGCAGCCAGCGCTCGGCCGAGAGCAGCAAAAACGAGAGCAGCGCCTGCACAAACAGGGGGTGGCTGTAGTTGAAAAATTCCCGTCCGTAGGCGCGGGTCTGGTCCTGCGTAAGGTGAAAGTGCAGGGGAATGCCCGCCTGCCGCCAATAGGAGCGCGTCACCAGCCAGTAGCCCAGTGCCGTGGCCCCCAGCATAAGATACTGCTGGGCAAACAGGGTGTGTATGTTCAGCCAGTCTGCCCAGAACATGACGCCAAGCAGGCCAACCGTGCACAGCGAAACCGCTGTGCGCACCATCTCGGACGAAACCGTCGCGCCCACGGCGTCGTTCATGGAGCGCAGCACGCGCCCCCACCATGTCAAAAAGGCCCAGACGGCAGCCAGCGGCGCAAGCCACAGCGGCACGTCGGGCATGAGCAGCTCGCCCGCAAATGGAAACTGCAGCAGGGCGGCGGCCAGTAGAATAATGGCAAAAACCGCCGCGGTAACACGCATGTAAAAGCCAATGAGGCCGGTTTCCGACTGCCTGCGGGAGAGCGAATTGTAAAAGCAGGTGGAGGTTCCCATGTCCAGAAAGCCCGAGAGCTGCTGGAACAGGTTGGTGGCAAAGCTGTAGTTGCCGTACATCTGCGGTCCCAGCGCACGCGGCAAAATGGCCTCCATGGCCAGATACAGGGGGACAGAGGCGATATTGGCCACAAGCTTGAAAATATAGCGACGGGCCAGGGTGGGAGTTGAGCTTTGCATGCCGGGAAATTAGCTCACTTCGGCGGCGCGCTCAAGAGCGGAAGCCGTGCGTGCAAAAAATACCTGCACCGGGCAGGATTATCCCCGGCAGGGGGCCGCCGGGGCGTGTTTACGGGCGCAAAAATTTGCCGTAACATCCAACACCCCTTGCGGGCGCAAGGGGAATGTCTGTTGTTCATACCACAAGGATACCGCCATGGATGATGAAGCACGCAGCAAAAAAATGAAATCCGGGCTGGAAAAAGCCCCCCACCGCTCCCTGCTCTATGCCCTGGGCCTCACCCGGGAAGAGATGGATCGTCCTCTGGTAGGTGTTGTGAATGCCGCCAGCGAGGTCGTGCCCGGGCACATGCACCTGAACAGCCTTGCCGATGCGGTCAAGGCCGGTGTGCGCATGTCGGGCGGCACGCCGTTGCAGTTCCCGGCCATTGCCGTATGCGACGGCCTGGCCATGAACCATGAAGGCATGCGCTTTTCGTTGCCCTCGCGTGAATTCATTGCGGACTCCATTGAAATTATGGCCCGTGCCCACGCCTTTGACGCTCTGGTGTTCATACCCAACTGCGACAAGTGCGTACCCGGCATGCTCATGGCCATGATGCGCCTCAATATTCCCTCGGTGCTCGTTTCCGGCGGCCCCATGCTGCCCGGCGACATCGGTCCCGGCAAGCGCGGCGATCTCATCACCGTGTTTGAGGCCGTGGGCAAGGTGCGCAGCGGCGCCATGACCGAGGAAGAGCTGGAATACATGGCCGAACGCGCCTGCCCCGGCTGCGGCGCGTGTGCGGGCATGTTTACGGCCAATTCCATGAACTGCCTGTCCGAAACCATCGGCGTGGCCCTGCCCGGCAACGGCACCATCCCCGCCGTGAGCGGCGCGCGCATCCGTCTGGCCAAAACCGCCGGTATGCGCGTTATGGACCTGCTGCGCAAAAACATCCGCCCGCTGGACATCGTAACGCCCAAGTCTGTGGCCAACGCCGTGGCGGTTGATATGGCCCTTGGCTGCTCCACCAATACTGTGCTGCACCTGCCCGCCGTTTTTGGCGAGGCCGGGTTGAAGCTGGGCCTGGATATTTTTGACGAAGTCAGCAAAAAAAGCCCCAACCTGTGCAAGCTCTCCCCGGCGGGCAAGCATTACATGGTCGACCTTGACAACGCTGGCGGCATCCCGGCGGTCATGACCGAGCTGGACAAGCTTGGCCTGATCAACAAGGACTGCATGACCGCAACGGGCAAGACCGTGGGCGAAAACCTCAAGGACATGAACGCCCGCGTGCTGAACCCCGACGTGATCCACAGCGTTGAAAACCCCTATTCCAAACAGGGCGGCATCGCCATTCTGCGCGGCAGCCTGGCCCCCGGCGGCGCTGTGGTAAAGCAGTCCGCCGTGGCCCCCGAGATGATGTGCCGCGACGTCAAGGCCTGCGTGTTCG
CP036295.1_gap7	257508	260857	3349	AATGTCGCGGTCTATCTCGCAGACTACCTCCCGCAGGGGTTTGCGGGCGCGCGTATCGCCGGTTTCGTGCCCATTGTGTTGGCCGCGCGGGGCGCGTGGGCCCCGTCCTTCGCGCATATCACGTGGTGCGCGGGAATCGTTGGAGTTGTCGGTCATGCCTTGTCCTGTACTGATAATGAACTTTGGATAGGAGGGGTTCGCCCGTGGCGCAGCGCTGGAAAAACAACAGGTTGCCGACTCATGGTTCGATTTGCCCCAGGGGCTTCCCTTATCTGCCCAAGCGTGTTAGCTTGAAATGAGCTCTCTGGCAAGGGTTGCGCACGGTGCGTTCCCGTAAGGGCAGAGCTGCTGGCATTTGAAATGCTTGTGACACGCGAGGGCCAAAAATGCCAAAGGGTTTTTTTTTCACAAGACTCTCAATGCGTTGAAATTGTTGCGAATCTGCACAATGCCCCTGTGACGTTTCCACGAAATTTTGCAGAGGGGGGTTGACTCAAAGGCTAAGTGCTTGTTACTAATTGCGCAAGCCATACGCCCAACCTTCGTTGTGGAGGCGCTCGGCTAACCCCGGCGTGACGGATTTGCCGCGCGCCTCGCCGAACCCGGCGGGTTTTTCTGAAACACTTAAAGAGTTGGAGGATACGTATGCCGACGTTTGTCGATCCGTCCAAGTGCGACGGCTGCAAGGGTGGCGAAAAGACGGCCTGCATGTACATTTGCCCCAATGATCTCATGATTCTTGATCCTGAGGAAATGCGGGCTTACAATCAGGAACCCGATGCCTGCTGGGAATGCTATTCCTGCGTGAAGATCTGCCCCCAGGGCGCCATTACGGCCCGCCCCTATGCAGACTTTGCCCCCATGGGCGGGACCTGTATCCCCATGCGTTCGGCCGACTCCATCATGTGGACTGTTAAGTTCCGCAATGGCAACGTGAAACGCTTCAAGTTCCCCATCCGCACTACCCCTGAAGGTTCCATCAAGCCTTTCGAAGGCAAGCCCGAAGGCGCTAACATTGACGACGAACTGCTGTTCACCGAATCCGCTCTCGCCGCCCCCAAGGCAGTGCTGGGCAAGAAGTTCGACGTCGCTGAAGCCGACAAGTCCTTCACCTGCATGGAACACGGCCATTAGGCTATTGCAACCGCTAGTGCGATAAGGAGAAACAATTATGCCAATGATTCCCGTCAAGGAAGCGACGAAGGGTGTGGCCATTGCCGAGCCTGAAGTGAAAGAACATGCTGTTGACCTGCTGATCGTGGGCGGCGGCATGGGTTCCTGCGGCACCGCTTATGAAGCGGTGCGCTGGGGCGACAAGCACGGCCTGAAGATCATGCTGTGCGACAAGGCCACCCTCGAGCGCTCCGGCGCCGTGGCCCAGGGTCTTTCCGCCATCAACACCTACCTGGGTCAAAACGACGCTGACGATTACGTCCGCATGGTCCGCACCGACCTTATGGGCCTGGTTCGCGAAGACCTTATCTTCGACGTGGGCCGTCACGTTGACGACTCCGTGCATCTGTTTGAAGAATGGGGCCTGCCCTGCTGGATCAAGGGCGAAGACGGCCACAACCTGAACGGCGCCGCCGCCAAGGCCGCCGGCAAGAGCCTGCGCAATGGCGACGCCCCCGTGCGTTCCGGCCGCTGGCAGATCATGATCAACGGTGAATCCTACAAGTGCATCGTGGCCGAAGCCGCCAAGAATGCCCTGGGTGAAGACCGCATCATGGAACGTATCTTCATCGTGAAGCTGCTTCTCGATAAGAACACCCCCAACCGCATCGCCGGCGCCGTGGGCTTCAACCTGCGCGCTAACGAAGTGCACATCTTCAAAGCCAACGCCATCATGGTGGCCGCTGGCGGTGCCGTTAACGTGTACCGTCCCCGCTCCACCGGTGAAGGCATGGGCCGCGCCTGGTATCCCGTGTGGAACGCCGGTTCGACCTACACCATGTGCGCTCAGGTTGGCGCCGAAATGACCATGATGGAAAACCGCTTCGTGCCCGCCCGCTTCAAGGACGGTTACGGCCCCGTGGGCGCGTGGTTCCTCCTGTTCAAGGCCAAAGCCACCAACTCCAAGGGTGAAGATTACTGCGCCACCAACCGCGCCATGCTGAAGCCCTACGAAGATCGCGGCTACGCCAAGGGTAATGTCATTCCGACCTGCCTGCGTAACCACATGATGCTTCGTGAAATGCGCGAAGGCCGCGGCCCCATCTACATGGACACCAAGACCGCCCTGCTGAACACCTTCGCCACCCTGAACGAAGAACAGCAGAAGGATCTTGAATCCGAAGCTTGGGAAGACTTCCTCGACATGTGCGTGGGCCAGGCCAACCTGTGGGCCTCCACCAACACCGCGCCTGAAGAACGCGGCTCGGAAATCATGCCCACCGAACCTTACCTGCTCGGCTCCCACTCCGGCTGCTGCGGCATCTGGGTTTCCGGTCCCGACGAAGCTTGGGTGCCCGAAGACTACAAAGTGCACGCCAGCAACGGCAAGGTCTACAACCGCATGACCACCGTTGAAGGCCTCTTCACCTGCGCCGACGGCGTGGGCGCTTCCGGCCACAAGTTCTCCTCCGGTTCGCATGCTGAAGGCCGTATGGCCGGCAAGCAGATGGTTCGTTGGTGCCTTGATCACAAGGACTTCAAGCCTGAGTTCGCTGAAACCGCCGATGAACTGAAGAAGCTGGTTTACCGTCCCTTCTACAACTTCGAGCAGGGCAAGGCCGCTTCTACCGACCCCGTGGTGAACCCCAACTACATCACGCCCAAGAACTTCATGATGCGCCTTGTCAAGTGCACCGACGAATACGGCGGCGGCGTAGGTACCTACTACACCACCTCCAAGGCGCTGCTTGACACCGGCTTCAACCTGCTGGGCATGATGGAAGAAGACTCCTTCAAGCTGGCCGCTCGTGACCTTCACGAACTGCTGCGCTGCTGGGAAAACTACCATCGTCTGTGGACGGTGCGTCTGCACATGCAGCACATCTCCTTCCGTGAAGAATCCCGCTACCCCGGCTTCTACTACCGTGCGGACTTCATGGGCCTGGACGACGGCAAGTGGAAGTGCTTCGTGAACTCGAGGTACAACCCCGCTACCGGCGAAACCAAGATCTTCAAGAAGCCCTACTACCAGATCATCCCCGACTAGTCGGCGGCACTGATGCCATATGGGGGCGGCCGCAAGGCCGCCCCCTCTGCTGCAAGCCCTGGCCCGGCCAGAGCCTGCAGCGGCGAAAAACGCGTGCCGGCGGCGGCCCAGGCCCTGTCGGAAAAAGAGCGGTTTTCGTGCCAGCCTGTTGGCGCGGCGTGTGTTTTGGCATACGGTGCGCAGCACGAG
CP036295.1_gap8	356675	359013	2338	GCGCTGGCCCAGGGCGTTGAGGTACTTGACCGTTTCTTCGATGACTTCACAGGAGGAACCCATGGACACGATAACGCGGTCGGCTTCGGGGTGACCCACGTAGTCGAACAGGCGGTACTTGCGGCCGGTGATGGATTCGACCTTCTTCATGTTGTCAAGCACGATGCCGGGAACGGCGTCGTAATAAAGGTTGGAAGCTTCACGGTTCTGGAAGTAGATGTCGGGGTTCTGGGCGGTGCCGCGAATGTGCGGGTGCTCGGGGTTCATGGCGGTGGCGCGGAATTCGGCCACCTTTTCCCAGTTCACCAGGGGACGGATGTCTTCGTAATCAATGGTTTCGATCTTCTGCACTTCGTGCGAGGTGCGGAATCCGTCGAAAAAGTGGCAGAAGGGCAGGCTGGCGTCGATGGCCGAAAGATGCGCCACCAGGGCCAGGTCCATGCATTCCTGCACGGAGGAGGAAGCAAGAAAGCAGAAACCGGTCTGGCGGGCAGCCATCACGTCCTGATGGTCGCCAAAGATGGACAGTGCATGGGAGGCCAGGGCGCGAGCCGAAACATGAAAAACGCCGGGAAGAAGTTCGCCGGCGATTTTGTACATGTTGGGGATCATGAGCAGCAGACCCTGCGATGCCGTGTAGGTGGAGGTAAGCGTACCGGCGGAAAGCATGCCGTGCACTGCGCCAGCGGCGCCTGCTTCGGACTGCATTTCACGCACGTTAACGGTCTGGCCGAGCAGGTTTTTGGTGCCCTTGGTGGCCAGCTGGTCCATGACTTCGCCCATCACGGACGAGGGAGTAATGGGGTAAATGGCTGCCGTTTCCGACAGAGCGTAGGCAATGTGCGCAGTGGCGTTGTTGCCGTCCATAGTTTTCATATGAGCCATCTGTTCCTCCTTGGCGCCCATTGGCGCGCAATGTTTTTACAAAATCGGCTGGGCCGGCTGGGCCCCAAAGATAGTTCCCGCCTGCGGCGGGGACGGGCAACGGCCAATGCCGTGAGGTGAACACAAAATGGAGGCTTGAAGTGGAATCTGTGGTAGGGAAACAGTACCCAATCCGCCCCGGCGCGTCCACCAAAAAAGCTTGGTATCACTGGTTTTGAGGCCTAATGACGCGTTCCGGATTGCCCCGCGGAAGCACGCGTTTTTGCGCTTAACATATAATTGTTTGTTTGAACAGTTTAATAGAGGCTGGAACAAAAAAAAATATGACAATCGCAAGGCACGGAAAATAGTGACAATTTATAAACCAATGCAGGGCGGACAGCGGAGTGTTGATAGGAATGCTGTGTGATTATGAGTGATTATCAAATATGACAGGGGTCAAAAAAATGTTGCAATTTTGTGACCGGACGTTTGTCCGGCGCTGGCGCACATGTATACGCGCGGTATCCGGGCGCGTGCCTGCCGGGCATATCTTGCGCGTCCAAACCGCTGTTGGCGGCAGGGCGCTGCCCTGGCTCCAGGCATGGCGCATGCTGCGTGAGCCAGCCTTGTTGCAGGCGCGCATTGCAGGCAGAAAACGCGGGGGCGGCCAAGGCCGCCCCCGCGCCAGACTGTTGCCTGGGCGCTAAACGGAAAGCCCCATTTTGATGGCCGCCTGCATGCCGCCTGTGGAGTTTACCACATCTGTTATGCCGTTGCGGGCAAGAACCAGCAGGCCGTCATACGCCCGCAGACCCGTGTTGCAGATAATGGCCACGGGGCGGTCCCTGGGAACCTCGCCCACCCTGGCGGCTATTTCTTCAAGCGGCATGGCGTGCCAGTCGGGGTGCTTTTCCTGCACCGACTTGCCTGCCGCCGCCGGGCGGGCATCTATAAAGAACACGTGGTTTTCTTTACGATGCTGCCATAGCTGCATGAACTTGTCGGCGGTAACAGGGGTAAAGCGCCCGGCCAGGGCGTTGTCGGCCACGTTGGCGACCACGTTGACCACGTCCATGGCCGAGGCAAAGGGCGGGGCGTAGGCGACCTCAAGGTTGGAGATGTCCTCCACAGTGGGCTTGGAGTATTGCAGGGCTGCGGCCACAGCATCAATGCGGGCCTTGAGCGAATCGGGATCCACGCAGGCCCCCTGGATGCCAAGCACGCGCCTGGTGGCCTTGTCCACAACCAGCTCGAGGCTCATCATGGATTTTTCGGGGAAAAAGTGGGCGTGGTCCAGCTGCTCCACGCTGACGCTCATGGCGTCAAAGCCTTCCTTGCGGGCGCGGTCAATGGTAAGGCCCACGCCGCAGAAGGCGAGGTCGAAGAGTTTGACCGCCCACGATCCCACAAAGCCGGGGAAGCTGGCATTGCCGCCAGCCAGGTTGGTGCCGATGACGCGCCCCTGGCGGTT
CP036295.1_gap9	418303	422211	3908	CGGCAAACTGGTAGGGCGAGCAGCCCAAAAAGCTGGCCACGGGACCGGCAAAGGAGTTGGTGTCGTACAGCACCATGTACAGGCCGCCGGATTCAATATAGCGGCGCACGGCCACCGTGCAGCGGGGCATCTGGATAACGCCGTGCGTGCCCTCCTGAATGCGGATGCCCGCCGTGCCGTGCACGTAAGCCAGGAAGGGATAGCGCTTCTTGGCCGCCCGTTGGGCCGCCTCCACAAACTTGTAGCCTTCGGCCGCGCCCACGGAGCCGCCGCGGAAGGTGCCCATAAGCATGGCGACAACCATCTTGGTATTGTCGATGCGGGCTTCAAAGGTCATGCAGCCGCTCTTGGCCCCGGTCTTCTTTTGCGCGTCGAGGATCCGGTCGCTGAAGTTGGGGAAATCAAGGGGGTTGCCCGCTTCGATCTCGCTGTTGAATTCAAAGACGGAGCCGAGGTCAAAGACGTTTTTTACATACCATTCCGGCTCCATGGGAAAATGGTAGCCGCAGTGGCTGCACACGCCCGCAAATTCGGCAAACAGGTCGGGCCCCCACAAATCCAGGCAGCCATATGCGGCGCTGTTGGGGCAGGTAATGGCCCGGTCAACCTTGTAGCGCGGCGAAATGTAGTTCCACCGGCTGCGGCGGCCATCGTCCGACCATGTGGAAAGAGCTGTGAGTTCTTTGGCCTTGCTGTTTTCCGCCTTGGCGCTGGGCAGCTTGCGGGTGAGCTTGTGCCAGGGGGCCAGCAGGCGACCCTTGAACACTTCCCACTCGTTGTCGATTTCTTCCATAAAGGTGCGGATGCGCCTCTGGTGCTTGCGGTAAAAATCGTACTTGAAGCTGACCCACGGCTTGCTGATCCAGTCCCATGTGGCGACGGCCATCTTGGTAAACAGGGGCCGCTTGTCCCGGGCCGCCTGACGCGAGAGCCGCAAAAACTTTTGCTGGCGGCGTTCGCGCAGCCTGTCCTTGGCGGCGGAGCTGAGGCCCCAACGGGTGTACATTTCATCAAGGTTGGCGTCGGGCTTGCGCACGCGGGCCAGCGCCAGCCCCTTGAGGCCGGGCATGGTGCGGGTGGAGATGACCACCTCGTCGGTGGCGCGCAGCACTTCCTGCCGCAGGTTGCGGAAAAAGTCGAAGTGCCAGGGGCGCGCGCCCAGAGGCGGCTCCTGCACCACGCGGTCGATATAGCCAAACTTGAGGTTGTCCTGCGCCGTCATCTTGAGGTTGGTGGCGCAGCTCTCGATAAGCTCGGGCGTGGCGCGCTGACCGCCCTTGATGCGGCCCTCGATGGCTGCGGCGCCCTCGGGCGAAATAACCGAGTAGTAGCCGTGCGACAGCATCAGGCGCTTGTCGGCAAGACCGATGGCCTCGGCGCCGCCCGATCCGCCCTCGGAAATAACGGCGATAACGGGCACGCGCAGGCCTGCCATGCAATAGATGTTGCGGGCGATCTGCTGGGCCGCGCCGGGGTAGTCCTCAATGGGAAACGAGCCGGGCGTAAAAATATAGGTGTGTACTGGTATGCCTTCGGTCTCGGCCACGCGCATGTACTGCTGCGCCTTGGCGTTGCCCCAGGGCTTGACCGAGCCGCCGTTGCGGAATTCCGCCCCGTGGCCCTTTTCCTGCCCGATGACCATCACCGACTGCGTGTAGGTTTTTTTGCCCCGGCGGCGGGTGATGACCGCGCGGGCAATAAGCATGCTGGGGTCGAGGCTGTGCTCGTCCTGTCCGCCCACTTCGGTAAAGTTGTCGTAGACGTTTTCGAGAATATCGCGCAGGCAGATGCGCTGCGAGTGGCGCACAATGCGCACCTTGTCCATGGGCGTGATGCTGCCCTCAAGCCGCCGTTCCACGTAGTTGAAGAGGTCTTCAACCGTGGCCAGCTCGGCATAGGGGTCCTCCACCGTGCCCGAACGTACGCGGGCGGTGAAGGCGGCAAGCTTTTCTTCAAGCAGGTCGGCGTTGTCCTTGTGCTTGCCAGCGAATATGTCCACCAGATAGGTCAGCCTGTCGCGCAGGCTCTGGATGCGTTTTTCGATGTTGTTGTCCATAGTATATTGGGGCCAGCTAGACTGGTTTTTTTAGGTAGGCGAAATCCCCGAAGTTCAGGGCGGCCAATGGGTTGTCTGCCGGCAACCGTCCCCTGCGCGGGCGCGGACGCGCCGCCCTCGTCGCAACGCGTCGGTCTGCGACGGGTGCGCTCGCCTGCGGCGGCAAGTGGGTGGACGATGCCTTGTTCATGGGCTGGTTCCCTGTCAGAAACGCAGGATGCGTTCTGTGTTGGCCGCAAGGAAGTTGACGTTGGACTTCAGTTCCTCGCCGGAGGCGTTGTGCCCTTCGAGCCGCAGATCACGCAAAAATTCAAGGCCGCGCGCCTTGGCCTCCTCAAGGTCTTTGCCCCAGATGATGGCAAGCGCCAGGTTGGGGTCAAATTCCGTAGGGATTTCATACGGCTCGGTGGTGGGAACATGGGTGAGCATGGTCAGCCATGGCTGTTCTTTCCAGCCAAAACGCTCGATGCGCCCCACCCAGGGGGTGAAGTTGTTGTCGGGGTCTTCGGCGATGAGGCGGTATTCTATGCCCAGCCCCTCAAAGGTAATGTCCGCCTGCCCGTAGCCCAGCGGCTCGCCAAGGCCGATGCGTATCTGCTCGGCGATCAGGTCCACGTCGCCTTGGCCGCCCACCCGCGAGATGCGCGCCGAAACGCCGTTCTCGACCTGGATGCGCGTGTTCACCTCCATAAGGAAGGGTTCGCCCTTGCGGGTGACAATCCACTCCCATGTGCCCACGTTGTCATAGCCCACCTTGCGGGCCATGGTCAGGGAGTAGTCCACAATGTCGCGCAGCACCTTGCCCGCGTCAAAGGTGTACTTGAGTTCGTCGGGCGCAAAACCGGGCGCGATCTCGATGCGTTTTTGACGGCCGGTGGACTGTATGGAGCAGTTGCGCGTGCCAAAGTGCACGGGGTTCTGCCCTGAACGGTCGGAAACCACCTGTACTTCAAGGTGGTTAAAGTCGATGATGCGCTGCTCGATGAGCACGCCTTCGTCCTTGAACTGGCGCAGGGCGTAGCTGCGTATGCGGCGGTAGACCGAGCGGAACTGGTCCGGGTCGTACACTTCCTCAATGCCCATGCCGCCGCCGCCCGCCGATGCCTTGACCAGCACCAGGGGGCGCTTGATGCCCTGCTGGTCCTGAAATTCAAACACGCTCTTGGCGATGCGCTCGGCTTCCATCTCATCATAGATGGGGCGGTCCGAGCCGGGCACGGTGGGCACGCCCAGGCTGCGGGCCAGACGCTTGGTGTTGATTTTGTCGCCCAGCTCGCGGATGATTTTCCACGAGGGGCCGATAAAGATGAGTTTCCGGTCGCGTTTGGTCACGCGGCGTGCAAAACGAAAATCCTCGGCAAAAAAGCCGTAGCCGGGATGCACGGCGGTGCAGCCCGCCTCATCGGCCACAGCCATGAGTTCGTTGGCGTCGTGGTACGACGAAACGCGAAAAAGGCTTTTTTCTCCGCCTTGTTCGCGCGCCAGACGCACATGGCCCGAGGCCGCGTCTTCAGCTGTAAAAATGGCGGCAAAGGCCACTCCCAGCTTGCGGCAGGCGCGCATGATGCGCATGGCGATTTCGCCACGGTTGGCCACCAGAATTTTGTGCTTTTGCAGGGGAATGCTTTCCTGAGCTTTGTCCAAGCCTGTCTCCCTATTAACTTGCTCTTTTTTGTGTTGGTTTATGTCCGGCCCGGCCCCGGGTGCCTGTGGGGGCGGGCGGCGTATCCGAAGTTTGGATTTGCATCGCGGGATGTTACGGTTATGGGTCGCAGCCCGTTACCCCCTTGTGGGGGGACGATTGGCGGGCTATACAGACATTGCATCCGCACCTCATACCCGCTTTTGGCGC
CP036295.1_gap10	423326	426116	2790	CCGACGCTGATCTGCCGCAGCTTTGCTGCCAGTCGGAATCTCCCCTGGCGGGGAACAAAACCGCACTACCCAGTGTTTTTTAAGGGCAAAAAGCCATGCAACACAATGAATCCCTCCGCAACGTAGCCATCATCGCCCACGTCGACCACGGCAAGACCACCCTTGTTGATGGCTTGTTCAAGCAGGGCGGCGTGTTTCGCGCCGACCAGCAGGTTGACGACCGCGTCATGGACAAGATGGATCTGGAACGCGAGCGCGGCATCACCATTGCGGCCAAAAACTGCGCCGTCAACTGGAACGGAGTGAAGATCAATATCATCGACACCCCCGGCCACGCCGACTTTGGCGGTGAAGTGGAGCGCTCGCTCTCCATGGCTACCGGCGCCATTCTGCTGGTGGACGCCTCCGAAGGCCCGTTGCCGCAGACGCGTTTTGTTCTGCGCAAAACCCTTGAGGCAGGCCTGCCCGTGGTTGTGGTCATCAACAAGATTGACCGCAAGGACGCGCGCCCCCAGGAAGTGCTCAACGAAATTTACGACCTGTTCATCGACCTCGACGCCAACGAGCACCAGCTTGAGTTCCCCGTGCTCTACGCCATTGGCCGCGCCGGTGTGGCCATGAACAACCTGGATGACGAACAGAAGGACCTTTCGCCCCTTTTTGACGCCATTGTTAAGTATATTCCCGGCCCCAGCTACGACCCGGACGAACCCTTCCAGATGCTGGTGGCAGACCTTGACTACTCCGATTATCTGGGCCGCCTGGCCGTGGGCCGCATCATGCACGGCACCGTTTACTCCAAGGAGGCCCTGGCCTGCATCGGCGAGGACGGTCAGCCCAAGCCCCTGCGCGCCACCAAGCTTCAGGTGTATGATGGATTGCAGGTGGTGGAAGTGGAAAAGGCCGTGCCCGGCGACATCGTGGTTCTGGCCGGTATTGAAGACGTCACCATCGGCGACACCATCTGCACCCGCGACAACCCGCGCGCCATGCCGCGCATCCGCGTGGACGAACCCACCGTGTCCATGCGCTTTGGCATCAACACCTCGCCCCTTGCCGGGCGCGAGGGCAAGATTGTGCAGAGCCGAGCCATCTATGATCGCCTGGTCAAGGAAACCCTGCGCAACGTGGCCGTGCGCGTAGAAAACACCAACGACCGCGACGCCTTTCTCGTCAAGGGCCGTGGTGAATTTCAGATGGCCATTCTTATTGAAACCATGCGCCGTGAAGGCTTTGAGCTTTCTGTGGGCCGCCCCGAAGTCATCCTCAGGAAGGACGAAAACGGCAAGGTCATCGAACCCATCGAGCGCCTGTACGTGGACTGCGACGAAGTGTTCATGGGCGTGGTGACCGACAAGCTGGCCCAGCGCAAGGGCCGCATGCTCAACTGCGTCAACAACGGCACGGGCCGCGTGCGCCTTGAATTCAGCGTGCCTTCGCGCGGCCTGATCGGCTACCGCGACGAGTTTCTCACCGATACCAAGGGTACCGGCATCATGAACTCCTACGTCGAAGGCTACGAGGAATGGCGCGGCGACTTCCCCACCCGCTATACCGGCTCCATCGTGGCCGACCGAGCCGGCGCCGGCGTGGCGTATGCCCTGTTCAACCTTGAGCCGCGCGGCGTGCTCTTTGTGGAGCCCGGCGACCCGGTGTACGAAGGCATGATCGTGGGCGAGCACAACCGCGACAACGACATCGACGTCAACGCCACCAAGGAAAAGAAGCTCACCAACCTGCGCGCTTCGGGCAAGGATGAAAACGTCACCCTTACTCCGGTTAAAAAGATGACCCTTGAGCACGCCCTGCACTTTGTGCGCGAGGACGAACTGGTGGAAGTGACCCCGCTTTCCATCCGTCTGCGCAAGGTCGAGCTCTCGGCCATGAAGCGCTACCAGATCGCGGGCAAGCGCAAGACCAGCTAGATTGCACGGCAGACCGTACGCACTGCGCGTCTGCACCCCATATTGGTTTGACAAAGCCGCCGGACATTGCCCGGCGGCTTTGTTGTTGTATGCCGCACAGTGGGCCGCGCGTGCAGCCAACAAACCGTATTTTTTTTATTTTATCTATGTTGACTGACAGGTTGCAACCTGCGCTGCATGCGCCCAGCTCATATATAATGGGTGTTCTCTACTATTTTTGTAACTATGCAATATTATATTGTTTGAGTATTCAAATTCGCATGCTTGCAAAATATAAATTTACTATCATGTATCGGTTCGCTGAAAAAAGTTGCACTTATTTGCGTATTATTTTTAATAAGACATCTCCGGTATAGCTCTTAAAAACACATATAATAAAAAAATAAAGTATTATTGACTTTTTATTATTTTTTTTACAGGCTCGTCATCCCCCCAGACTTGGTAGTTGGTACACTAGTGTAATCTGTAATTGATTATCAACAGCTCTTTTCTGAGCAGCGTTGCGGCGCCAAGATATGCTTGAGAGAGGTGATTGTGCGCGACCACGATGCGTCCGGAAGAGAAGCCGCCGGGCAGCTGATTCCTTTTATGCCCGACATCAGGCGCTGCCACACGGTTTTTGCGCAGCTGGAGCGGCAGTGGACATGGATAGCCCTGACGGGAAAAATCAACTGCAATGCCATTGCCGCCACCCTGTTTGATTTCATCTTTAAAACCCGCGACACCTTTGGCCTGCTGCGTCAGGACATGACAACCATGCTGGCGGAAAAGCTGCTTGAAAAAGCCGTGCGCGAAATGTCGCCCGTGGCTCAGGTGGTCATGGACATCATCAAGCGCAATCTGTACGAGCGCACGGCTGATGTAA
CP036295.1_gap11	522202	526961	4759	GATGGAGAATATTTTGGCATTTTTGAGCATGCAGGGCGTAACCCTGAACCTCGGCGGCAAACCGCTGCTGGACGCGGCGGATCTATCGGTTGAAGTCGGCGACAGGCTCTGTCTGGTGGGCCGCAACGGCGCGGGAAAATCTTCGCTGCTGGCGTTGCTGGGCGGGCAAATGCCGCCCAATTCGGGTCTGATCATCCATCCGGGAACCCCCATCGGCCAGATGCCCCAGGATGTGCCCGAGCGCTGGCGCGGCACGGTATTTTCCCTTGTGGCCGAGGTGCTGGGCGAGGAGGGCAAAGCCCTTGCCGCCGCCCATGCAGGGTCGGAGCAGGGCATGGAGCTGACCAGCGGCTGGGAGCGTTACGGCGATGTGCTCGCCGTTATCAACCATCTGGGGCTGGACCCTGACGCCGATTTCACCTCGCTCTCGGGCGGCACCAAACGACGGGTGGCGCTGGCGCGGGCGCTCATATGCTCTGAAGACCTCATCCTTGACGAGCCCACCAACCATCTGGATATAGCCACCATCACCTGGCTGGAAGATTTTTTGCTGCGCAAGGCCCGTACGCTGATTTTTGTCAGCCATGACCGGGCCTTTGCCAGGCGTCTTGCCACTCGTGTGGTCGAGATCGACCGGGGCAAGCTGCACAATTATTCCTGCGGCTTTGACCGTTACCCCGAGCGGCGCGAGGAACGCCTTGCCGCCGAGGAGCGCGCCTTTGCCCTGCAGGATAAAAAGCTGGCGCAGGAAGAAATATGGATACGCCAGGGCATCAAGGCCCGGCGCACGCGCAACATGGGCCGGGTACGCGCCCTGGTGGCCCTGCGGGCAGAGCGCGCCGCGCGGCGCGACAAACAGGGCAATGTACGTATGGCCGCCCAGGAGGCCGGGCGCTCGGGCCAGCTGGTTATTGAGGCCGATGCCATTACAGTTGGGTATCCCGGCCAGCCGCCGCTTATCAGCAATTTTTCCACCATTATCCAGCGCGGCGACCGCGTGGGCCTCATAGGCGAAAACGGCACCGGCAAAACTTCGCTTCTGCGCGTGCTGCTGGGCGAGCAGCAGCCCATCGAAGGCACGGTGCGTCTGGGCACAAACCTCGAAGTCAGCTATTTTGACCAGCTGCGCCAAACCCTCGACCCTGAAGAAAGCGTCATGCACAGCGTAGCCGAGGGTAACGACGTGGTCACCGTTGGCGGCAACACCCGCCATGTTGCCGGGTATCTTCAGGATTTTCTCTTTACCCCGGACCGTCTCCGGTTGCCTACCAAGGTGCTGTCCGGCGGCGAGCGCAACAGGCTGCTGCTGGCCAAGCTTTTTACACGGCCCTCGAACGTGCTGGTGCTGGACGAACCCACCAACGATCTGGATGCGGAGACCCTCGAACTGCTGGAAGAACTGCTGTCAGACTATGCGGGTACGGTTATTGTGGTCAGCCACGACCGCAGTTTTTTGGACAACCTTGTGACCAGCGTGATAGCCCTTGAGGGCGACGGTATGGCGCACGAATACGTCGGAGCATACACAGACTGGCTGCGCCAGCGGGCCACGCCAGCACCAGAGCGCAAGGCGGAAGAAAAGCCCGTCAGGCAAAATCCGCGCCCCGTGGCAGACAAACCCCGCAGACGCAGCTTCAAGGAACAGCGGGAGTTTGAGCAGCTGGGCAAGGAACTGGAGGCCTTGCCGGAACGGCTGGACGCCCTGGAGCAGGAGCAGAAAAATCTTGAGGCCGCCCTTGCCGACCCGGAGCTTTTTGCCAGAGATCCTGAAGCCTTTAGCCGCACAACTGACCGTCTTGTGGCGCTCGAGGGCGAGCAAACCGAGCTGTTGCAGCGCTGGGAGAGTGTGGAGCAACGCCTGCAGGATCTGGGCGAGCTTGCCGGCTAGGGGCGAGAGCTTTTATTGCCGCTGCGGCGGCGTGATGAGGAGCGGCCCCCTATGGCGTCCGCTCCTCTTTTTTGGCAGGTTGATTTTGTTTGTCACGAAAAATATTTTTGCGGGTAATAATGGAAAATCCCAATCATCCGTTAAGTATTTGAGAGGTAGGGCTGCCAGCAGCGCGCGGCGTATCCGGGGGGCGGCAACGGGAGGTCGGTAACCATGCGGCGGCATGTGCAGTGTACGAAGTCGAGGGCCAGTTAGGGGTCACGCCCTCTGCCTCAAGGCCTGGGGCAACCAGCAGGCGTAGACCAGCAGATTTTATGCGTTCAAAGAAAGAATGATTTTTAGCCACTGCAACGCTGTTCGGAACGTGTCAGGCCTGGCGCGGCGCCGGGTATGAAAAGACGCAGATATGGAAGTGGCGCATCTGAGCACACTATGGGAGTGAGCATGTCCATCGAAGCAGGAACAAGCCTTAAAATCCGTTTGTTCGCCTCAGCTGCCGTACTGATGTGCGGGGGCGCGGCATCATTCACCTACGGCGTTATTTCAGATGCCTCCTTGCTGGTGCATGGCGCGCTGTTCTGCATTGCGGCATTGGCGGGCGTTTTTCTTTTGTGGACAGTCTACAGTCAGTTGCTGCTGCCCTTGCGCACCATCCGCAATTATGCGCGGGATGTGGCGGCGGGGGGCGCAGCGGCCTGCCCGCGCGACGCCATGCCCAAGGAATATTCCGACCTGCGCGACAGCATCTGCTCCATGGTCGCAACCCTGGCGCAGGCCCTTGCAGATGCCCGCCGCAAGGGCGACGAGGCCGAGCGGCTCGCCGCCGACAGCAATCAGGCGTTGCAGGAAAGCCGGGCGGCGGAATCCCAGATCAGGCAGCTGCTCAACGACATGAACGTTGCCTCGCAAAAAGCGGCGACGGCCTCGGCCAGCATCTTTGCGGGCATTCGCGAGCTTGGCCAGAACATGGAAAACGTGGACCACGACGTGGTGCTGCAGCGCGAGCGTATGCAGGAGGCCTCGCAGGCCGTTGAGCAGATCAATAACGCCATCCAGAACATTGCGCTCAATACGGGCAAGGCCGCTGAAGATGCGGAAATGGCCCGGAAGGGCGCTGTCGCCGGGGCGCAGGGCGTGCGGGGCGCAGTGACTTCCATCGAGCAGGTCAAGGGGCGTATTCTGTCGCTCAAAGAGACCATGGCCAGCCTGGGTCAGCAGGCCGAGGGCATCGGGGCGGTGCTGGGGGTCATTACTGATATTGCCGACCAGACCAACCTGCTGGCGCTTAATGCTGCCATTGAGGCCGCCCGTGCGGGCGAGGCCGGGCGGGGCTTTGCCGTAGTTGCCGACGAGGTGCGCAAACTGGCGGAAAAAACCATGAACGCCACTCGCGAGGTTGGCGAGTCGCTGCGCAGCATTCAGGCCAAGGCCCGCGAAAATGTGCAGGCTGTTGACGCCGCAGCGCAGGATATTGTCAGCAGTGCGGGCACGGCCGAACAGGCCGCCGAAGATGTTAACCGTATCGCTGAATTTGTGCAGCAGGCCGCCAACGAGGTCTCCGCTATCGCCGAAGCCAGCAATGCGCAAACCACCGCCAGCGAGCAGGTGCGACGCGGCGTCACAGAAGTCAACGCCGTTGCGGCGGAAACAGCCGATCACGTCAACCGCTCCATCCATGTGCTGGTGGAAATATCGGGCCAGGCGGAAGAGCTGGACGCCATTATCGGGGCCATGGGCAAGGGCAGGTTGGGCGGCGTGGTCGATTCCGACCAGCTCATAAGCTGGACGGATGAGCTCTCTGTGGGCGTTGCGGTCATTGACGAGCAGCACAAGGGGCTTGTGACGCTGATTAACGAACTTAATGCCGCCATGCGGCAGCGCCGGTCTGATACCGTGCTGGCAGGCGTGCTCGACAGGCTGAAGCAGTACACCGTAAAGCATTTTGCCACTGAAGAAGAATTTTTTGACCGCTTTGGCTACCCTGACGCCCCCGCCCACAAAAAAGCCCACCGCGAGCTGGTGGAAAAAGTGCTGGCCTTTGAAAAAGAACTCAAATCGGGCCGTGCCAAGGTCACCATGGAGATCATGCGCTTTCTGAAAGACTGGCTGGTGGGGCACATCATGGGCACGGACAAACGCTACGGTCCCTTCCTGAACAGCAAGGGCGTGCGTTAGGGGCGCTGTTGCCGGTCGTGCGACCAGAGGCCCCGCCTGCACCGCTGCAGCATGCAAAAGAGCTGGACGCCATTGGGGGTCCAGCTCTTTTGCATTGCCGCGCAACCTCGCTGGCAGGGCGGATCAGGCCGCGTCGTCGTTTTCGTCGTCCAGGATCAGATACCGGTCGTTGGGCTTGAGCACAACGGCACGGGCGCGGGCCTTGCGCTTTGCGTGGTACAGCGCCCTGTCGGCCCGTTCAAAAAGCTGCTCGATGGTGCGGATCTGCGGCGACAGGTTGTCGAGCACGGATATGCCCGCGCTTACCGTGATGTGGAGGTTGTTTTTTTCAACGTTGCCTTCAGTATCGCGGATCAGCAGATTGAAATTTTTGATGGCATTGCAAAAGCGGTTTATGACGCCCCCCAGCGCATGCGCGTTGGGCCCGGAAATGACCATGGCAAATTCGTCGCCGCCAAAGCGGGCGGCCATGACCTCGGTCTCCTGCCCCAGTTCTTCTCTGGCCCGCTTGAGGTGCACGCCCACAACCTTCAGCACCTGGTCGCCGATGAGGTGGCCGTAGGTGTCGTTAAATGACTTGAAGTGGTCAATGTCAAACAGGGCCAGCGCAATGGGATGTCCCTCGCTTTGCCAGCGCGCGTCGGCGTTCTTCATGAACATGTCAAGGCTCAGTCGGTTGGCAAGCTCTGTCAGCGG
CP036295.1_gap12	552139	556409	4270	CCGCGCGCCAGCTCGAACAGGGTGAAGTTTTCCACAATGTCGAGCAGCCGCCGTTTGTCGCAGAGACCGCGAATGGCGGTCTCAAGGCTGGTGGAACCGGCCTCTGTTTCATCGTCGATCCGCCGCCATTCAAAAAAATGTTCCCAGGGGCTGGTCAGGGTGCCCACACGGGTCTGCGAGCCGTTGGACAGCAGGATGAAGGCATTGGGGTGGAAGAGCTGCGGGATGCTCTGGCCCTTGTAGTCCTTCAGGTTGTCGTCGTAGGCAGACTTCAGGGGAACGTGCGGGCCCTTCAGTTCGATGAAGATCAGGGGTATGCCGTTGACAAAGCCGAGCAGGTCGCAGCGGCGCTTGTACATCTCGCCCGATACCCACATCTGCTGTGCAAGAAAAAAATCGTTGTTTTCAGGGTTGCTCCAGTCGATGACAGAAAGTTCAACCGTCTGCGGGTTGCCTTTGTCGTCGGTAAGCACAACCTTCACCCGGTCCCGCAGCAGCTTGTAGAAGGCCTGGTTGGCGTTGACGGGAATCTGCTTCGAGCGATCCTCCGTCAGTTGCTCGATGGCCTGATCATAGGCAGTGGCCGGGTAACCGGGATTGATGCGTTCCAGCGCCTTGCGAAGCCGGGGTACAAGGATGACCCCGGCGGCAGACGTGCGGCCTTCCGTGCCATCCGGCCCGAAGGTCTCGTTGTAGAGGTTGGCCGTCTCCCAGCCAAGGGATGCAAAACAGCTGATCGCGTGTAGCTCGACCAGGGGGAGTTCCCCGTAGGAGGCGGATACTTGCTTGGCTGTGAGAGCGCTAGTCATGCCGTGATGACCTCCTCAGGTTCGGGCAGGGTGGAAACGTCGATTTCGCCGGAGATGAGCTTTGGGAGCAGGAGGTCGCGGGTGGCGCGGAGGTTGGCGTTGGTTCGTTGAAGCACTGATGACAGTTCAAGGAGAGGGGTAACTGTCGCAGTGAAACGAGGGAGCAGCGAATGGTCGCTTGGAACCAACATTGGGAATTGCCTCACCACTATCTGGTTAATATTTTGTTGGGCGGCCCCTGCACGTAAATCAATGAGTTCCTGCCGACGAACTTGCAGCGTCAAGTATGCGTAAGTTGTTCCGAAGTTTTCTAACCTGGGGATAACTGCACAACAAGCTTGATTCGTTGCAGCTGCTACACCAAGGATACCTAGTTGGCCTATCGTTGCTCCATACATTGCCACTAGGACTGTCCCTGTAGGAAATATCTTGGCTGATGAGTTGGCTAATCCAATCTCCGTAATTTTTTCAGAGGTCTCAAAAATCCAGTTGTTTTGAAGCTCTTGTGTCTTCACCCAGTGGATATTGCCACCAAAATATTCGGCTCGCTGGCGACTTGGAGTGCCTCCTGATGCGGTCTTGTAGAGTTCATCAAGCCTACAAAGTGACCAACCCTCCGGGATCAACCCAAGCTCAGACTCCACCATCTTTACCTGTTCATGCCCCGGAAAACGGAAGCGGACAAACCACTCCTCATAGATTCGCCGGGCCATTTCCTCAAGTATGGCAATTCGCCGCGTGTTGTTCTCGATCAGCTCGTCGTAGGCGGACAGGATAGAGGCGATACGGCGCTGGGTCGGGATCGGAGGTACACCAATTTTGAATTGCTTAATCGTTGTTCCGTTGAGGTTTCTTTGTGCTCCTGCAATTGTAAGTTTGAGTATTGCTGGACGAAAATAGATCAACGAATACAGAAGGAATTTAGCATCGCATTTTGAAGAGTCTGCGAGCATTGCGCAGCAAGCTTGGTTGGTTGCGCAGGGTTTACGTAACAATCCCACGCTACCCATTGTCTTGCCGTCTCCATACATAGCAAATAAGACTGTGTCATTGGGAAACAATTTGGCAGATGATTCACGAAGTGCAACTTCGGTGATCTGCTCCTGGATGGAGTCGATATACCAATCCTTCAGCTCACCAGTCTTAATCCAAGGGATTGTGCCGTTTTTGTAGTAAGCTGGATTTGAGCGTGAGGGAGTGCCGCCACTCGTAACGCTAGTACAGAGCGAATCAATCGTGGCAAGGGGCCAACGAGTTTCCACTTTAGCTTGCCCCCATCAACTTTGTCAGATTACTAGAGAGCAACTTCTCCAACTCTCTCGCCTCATTATTAAGCCCTTCAAACTCCTCATTCAATTCTTCAAGGCGTTCTACGAAATCAAAATCTTCTATTGCCCGATTCGCCACCCCCACATACCGCCCCGGATTCAGGCTCCATCCTTGGCCTTCAATGTCGGCCAGCGTCGCCACCTTGCACATGCCGGCGATGTCTTGATAGGCCCCCTCGGGGAAATGCTGCTGGAGCATTTCCTGGCTCCCCGCGCACGTTTCGACCGCCTCTCCACGCCATAGACGCACGATGTTGGAGAGAAACTCGATCTGCTCGGGCAGAAACTCGCGGATTGCCTTGCTGACCTGCCGATAGATGCTCCGTGCGTCAATGAACAGCACCTGGTCCTTGCGCTCGCCCTTGGTCTTGCCCTTGTCGAAGAACCACAGGGTACACGGCAGGGTCACGGTGTAGAAGAAGTTGGGACCGACCGATACGATCACATCCACGCCGCCGCTCTGGATCAGCTTTTTGCGGATTTCCAGTTCCGCTCCCCGTGCGTCCCCCGCCGAGTTCGCCATGACAAAGCCGGCGCGGCCCGTCTTGTTCAGGGCGGTGTAGAAAAGCTGAATCCATAGGTAGTTGGCGTTGTCAGGGGTCGGGATGCCAAAGGGGAACCTTGGGTCATCCTTCACACGCTTCTTATCGACGCCCGAGACATTGAAGGGCGGGTTGGCCATGACGAAATCGGACCTGCCGAGGGCCTTGTGCGGGTCTTCGTAGTAGGAGTTGGATTCCCGGATGTCCCCCGAGAGGCCATGCACCGCAAGGTTCATTTTGGCGAGCTTCACCGTGTCGTTGGCCTTCTCGGCGCCAAAGACGGTGAGTTGTTCGCTGGCGCGTTTGTTGCGGCGCTGCACGAAGGCGGCGCTCTGAACAAACATACCCCCGGAACCGCAGGCCGGATCAAATATTTTGCCGTGGAAGGGCTCGATGATTTCGACGATCAGTTGAACAATACTGGTCGGGGTGTAGAACACGCCGCCCTTCTGGCCTTCAGCCATTGCGAACTTGCCGAGGAAGTACTCGTAAATTTTGCCAAAGGCGTCCCCTTCGATCTCCCCGAGGCTGTTCATCAGGCGCAGCAATTCGATCAGGACGGGGTTGGGGAGCTTGCCGTAGGAGCGGGGCAGCACGCCCTTCAGTTCTTCGTTTTCCTGCTCAACAGCCGCCATGGCCTCATTGATGGCTTTGCCTACGTCTTGCCCTTCGGCCAGGTTGAGCAGGTAGGAAAAGCGGGCATTGGCAGACAGGTAGAGTGCGCCCTCCGCCTGATAGTCGAACTTCTCGATCTCGGCAGCGTCCAGCCCTTTCGCGATTAACGCGGCCTCAGCTTCCAGAAATTTTCTTTCCGCGTAGCGCAGGAATATCAACCCCAAAACCGGATTGGAAAATTCGGAGGGCTTCAGCCCGGTGTTAGCCCACAACTGGTCGGCGGCAGCCCAGAGGCGGGATTCAATTTGATTAAAGTCGATAGTCATTTTGGGCAGATAACTTTTGTAAAGGTGTTTAGGTGAGTCAATGGGTTGCCGACGAAGTTAGCAGTGAGGAGGGGGCCGGGGCAAGCCAATACGTCGACAAAAATTGATCCGAAACTGGCTGGAGCGCGGCGTGATATGCCTGAATTGGTATATGGGCGCTATATCCGCCAGCGCTGCCGATGGGCGACAGGCTGCCACGTTTTGCCGCTTTGCACATTACCCCTGCTTACCCCTCCATAACCTGAAATAGCGGGGCAGGGGCGGGATAAAACGCATATAAACAGAAAAAGCCCTCGCGGCTATTAGCTGCAAGGGCTTGATTTCTTTGGCTCCCCGAGACGGACTTGAACCGCCAACCTAGTGATTAACAGTCGTGCGGTTTTATTTTCTTTGCTTTTCATCATGTTGCACTATTCTGATAATTCGGCTAGTTAGTATAGCATTGTGTCGTAGGAATTTTCCTTAGTTTTCTTTTCGCGTGGTAGCCCGGTGGTAGCCCAGAAAATCCAGTAGGAGGTGCCCGAAAATGAAGCTGACAAAAAAAAACATTGAGGCGCTGCAAGCCACAGGGAAGCGGTATGCCGTGTTTGATAAAGATGTAACAGGCTTTGCTGTACGGATTGGGGCCTCTGGCGATAAATCTTTTTATC
CP036295.1_gap13	566380	569664	3284	TTTCTACATCTTCCTCATCCCGTTCATCCCAGGGGCGAAGGGTCTCGAGCGCGAAGCTGGTGGTGTAGATCTCACGAGTGGCCCCCGGCAAAACGAAAGCTGGCAGGCGCGTGATGTCCGAGATCTCCCTCAGTGACTCGGCCAAACTCCCATACGAGGCTGCCACATGGGCTATTGAACTTTCCAGTCCAGAGATGACCGGCATCTCGATCTGGAAACGACCCCTTATCGCCTCGAAATTGATGCCAGCCATGAGCCGTTCCACGGCGGCAAGCCGCAGGGATGTGTCACACAGGACCAGTTTGGCGGATGCCTGAAGCTGTGAAAGATGCGAGAAGTCGTGCCGGATAGGTTTAATCGTATCAAGCCATGACTGATGCGCAGCCGAAAGACTCTCGGTAATACGACTTGTCGCGGTGGCCTGTTTTATTAAATCCTGCCAGTGTTGATTGACACTGACGATCTCCTGTATCCGGGCCGCTGCTCCAGACAGTTCAAGGGCGCGACTGATTTCCAACTGCTGACGACGGATCGGTTCCAGCGTGCGCTCCATCTGCTCGATCACACTCAGATAGGACGGCTTGGCCAGCTTGTTGATAGCCTCCATGTCGTGATGAGGCTTGGCGAGGGCGGTTTTTGCTGTTTTGAGATCGTCCGACATTTTCAAGTCAACCTGCTTCTACGGCCAGCTCTGTAGCCCCCAACCTGCCGCATCCAGGCCCGGCTATCTGGCTTCTGCCACCGGTTTGAGGCGTTACCTGGATCTGCGTGCTGATCCGCTCCTTCAAGGCGGGCACGTGCGAAATGACGCCAATCAGTTTACCGTCCTGCTGCAAGCCCGCGAGGGTTTCCAGGGCGGTGTCGAGGGCTTCCTCGTCCAGGGTGCCGAAGCCTTCATCCAGAAACAGAGAATCCACCCGGACATTCTTGCTGGCCATATGGGACAGCCCAAGCGCCAGGGACAGGCTGACGATGAAGCTCTCGCCGCCGGAAAGATTTTTCGTGGACCGAATCTCCCCGGCCTGATAGTTGTCGACGACGTTGAGCTCCAAGGGCTGAGCATCGTCACGGGCCAGCAAGTATCGGTCGGTCATTTTCTGCAATTGCCGGTTGGCGTGACCAATCATCATTTCGAAGGTCAGACCCTGAGCAAAATTGCGGTACTTTTTGCCGTCTGCCGAGCCGATCAATTCGTGCAGGTTTTCCCACCTGCGGCACTCTTTTTTCTGGGCTTCGATAGCTGTCTGCTTTTCCTTTATCCGCTCTTTTGCAGCCGCATTTTCACTCAACTTGTGCTTGAGACCGGCAATGATGTCACGCAGCTCTTTCAGGGTCTCCTCTTGCTCCTTGAATTGGGGCTCGAGTTCTTCCAGCGACTTGTCTGTAAGCTTGCGGGCCACCTCCGTGGCCAGGCGCGTTTCCCGATCCTTCTGTCTGGCTTTCAGATCTGTTTGACGCTCATCCAGATCCTTGGCCGTAGCCGCCAGCTCAGCCTTCCGTTCAGAGGAAAGCCTGGCCGCCAAAAATTGTTCTTCATCTGAAAAACCAACGGGCACGAGCGCTGCGGAGAATTCGGTTTCCAGCCTTCTCAGTTCAGGCTCTCGTATGTCGATGCGTTTCTTCAGAGATTCGACATGGGCCTTCGCGGTATTCCATTGTTGTTGGAGCTCATTGTGCCGTTCTCTGACCTGCTTTTCGGAACCTTCGGCATCCGAAATTGCCTTGTTGAAACGACGTTCTTCATCATCGGGATTCTTGTCGCCGTACAGTGCATTGCGCTCATCACTTCCGGTGGCGAGTTCCTTTTTTAAGGTTTCAAGACGCTCCAGCTTTTCGGCCAGGGCGGTGCTTTGAGTTTCGATAATCGCATCCAGCCGCTTCACCTCGCTGTCGATGTCGGCAATCTGTTTCTCGATGTCCGCCTTTTTCTTGACCTGGGCCTGCCACGCCTTCAACCGCGCCTTGAGAGTTTCGATCAGTGATGAAATGTCCGTTTCGGAGATGTCCGCAATACCTAGCGGCTGGAGTTTTGTAGTAACAGCCTGCCTGCGTTCGGCAAAATCGGCACGGAGTTTCACCAGGCCGTCCTTCACCTCGGCGAGGGCTTTCTCGGCAGCCTTCTTGTCATTAGCCGCTGCTGACTCCAGCTTTTCAGCCTCTGTCAGGTTTTTGCGGGCCAGGCTTTCAGCTTCTTCGAGTTTCTTGATGGCGACTTCCTGATCCTCGGCTTTGCTGATCAGCCTAGTCAGGGCGTCGATCTTCTTTTCGGTTTCATCGGGAACAGGGACATTCCCTTCCGCAAATGGGTGCTCGGTTGCACCGCAGAGCGGACAGGGCTTGCCGTCTTCCAGCTTTGCCCGGTGATCTTCAAGCTCCGCAATTTTGGTCAGGAAGGCGATTTCACGCAGCAGGGTTTCCTTCTCGGTGCGGTATTCCCGCAACAAGCGGTCTCCCAGCAACTGGCTCAAAGCATCCTTACCCTGCTGAAGCTGTTTTAAGGCGTCCTCCAGTTTCTGCTTCCGAATGCCGGATTGCTTCTGACAGTCATCGAGTGACTTCGTCGCCATTTCCAGAGTCGTATTGGCTGCTTCCTGCGCAGCGTCTTTTTGAACGATTTCATTTTGTTTGGAGAGCAGGCCGCCGATCTGTTCTTCAATGCCAGCCAGACCACTTATCAGCCATTCATCCTGTGCATGCTCCTTGAGATAGCCGTCCACAAGATCCAGCGTCGCATGAGCCTTGGATCGTTTGTCCTGCTCTTCGAGCCGGGCTTTTTTGTCTGCATCAATTTTTGCCATAGCCTTCTTGCAGCCCTGATCCTCTTCCGATACAGCTTTTTTCTGATCGGCAAGTTTCTGATCAAGTGAGCGAACCTTCTGCAATGTAGGCGCGGCCGCTTTCAGCTCTTCTTTGGCCCGAGCAGTTTGTTGCTCAGCTGATTTCAGTACCTCGGCCTGTTCCTTGGCGGAGGATTCCAGTCCAGGAAGCGCCTCTTCCTCGGCTTTCAAGCCTACACTGTCATCCGCCTGCTGTTTGCGGGTGGCGGTGAGCGTTGCGTATGCGCCGTCCAGCGAGGCGGCACTCAAAGCCCGGCCCAGCTTTTCACGATCCGGTTTGAACGCCTCGATATCGCCCTGCAGCTTGCTCGCTTCATCGGCCAGGTTGACGACTTCCTTCCTCAGCCCATAGATGGTGGTGAGCCAGGCTATGGCCTTCCCGATTTCAGCGGCCCTGGCGGCAAGGTCTGTCTCATCCTTCAGCTTTGCTTCGAGTGCCTGCCCAAT
CP036295.1_gap14	601521	606164	4643	TACGGGCTGCGGTACCGGCGGCCAGCGCTGCGAGCATCTGCCCCAGTCCGTAGCGAAAGACACCGGCCTCGTCGACCAGGGGGCGCACTTGCCCTATGGGCGCGGAGCAGCGCCCTTCAAGGATATTGAGGTGCAGGCATACGCGCGTGCGCGGCAAGCCTGCAAGAGCTTGCAGGCTTGCTTTGGTGTCTGAGCCGCCCATGACGACAGAAACGGAATTGAGCGGGCCGTGGGCGAGGCAGTCGAGGATGTCCGCGCTGATAGAGGGGGTCAGGCCGCAGTCGTCCGCATGGACGATAAAGCGCATGGCGTGTTGGTCTGCCGCGTTTTGTCCGCTCATGGCCCGGGGTGCGCCGTATTGTCGGCTTCCAGCGTTTCGGCCAGCAGGTAGCGGGGGCGGCCTTTCAACTCGATAAAGGCGTGGTGAATGTAGGCCGACATGATGCACAGGCCGGTGAGTATGGCGCTGCCGGTAAGCAGGATCAGCAGGATAACGGTGGTAAAGCCCGAATGCGCATGCCCTGCAAGGTAGCTCCAGAGCGCTTCGCAGCCCACAAAAAACGATAGCGCGTAAAACAGCAGGGTAATGACGCCTATGATCAGCAGGGGCTTGCCGCTGAACGACGTCATGGAGTCGACAGCCAGGGTCACCCTGCGGGCCATGCTCCATTTGCTTGCGCCGCCGCAGCGGGCGCAGGGCGTAAACAGTATCTGCTCGTGTCGAAAGCCCATCCACGAGGTCAGGCCGCGATAAAAAAGCTTGCGCTCGCCCAGGCTCTTCCAGGCTTCGACCACCTTGCGGTCAAGAAGTTTGAAGTCGCCTGAACCCTTGAGATCGTATGAGGTCAGCATCTGAAAAATGCGGTAGAACGACACGGCGCAACACCTGCTTAACAGTGATTCCTCCTGCCGTTCCTGCTTGCGCACATCAATCACGTCAACCCCGCCGGTACGCCACAGGGCGACCATCTCGGGGATGAGCGCGACAGGGTGCTGCATGTCGCTGTCCATGGTTATGACGGCATCGCCTCGGGCAGCCGCCAGCCCGGCGGAGAGCGCCGCATCCTTGCCAAAATTTCTGCTCAGGCGCAGGCAGCGCAGGCAGGCATGTTGCCCGGTCAGCGCGCGCATGACTTCCCATGTTTCGTCGGTGGAGCCGTCGTCAACCAGCACGATCTCGTAGCTTGCGCCGCAGTCGTCTTTAAGCCGGGCAAGCTCCGCCGCCAGCGCGTTTACAAATTCGGGCAGGTGGGCGCCTTCGCAATAGACAGGTGCAACAACAGAGAGTGTGGTTTGACGCATGTGATGGTCTCACGGGGTTGCAATTTCTGCCGCAATGCCGCGTTTGGCAATAAACCAGCGGTTACTGCTCCACACGATGGTACCCTGGCGCGCGATGTTCTCACGCTCGGACTTTTTGCCGCACAATATCCACTCGGTACCTGATGCCAGCCATGCCGCCGTTAACCCCTGTTTATCGCGTATGGTGACAAGGTCAAGCCAGCGTGCCGCCCCTTGTGCATCCTGGCTGTAAAGATATGAAGAGCCGTCCTTGAAGGCATAGGACAGGGGCCTGTACAGCCGGTAACGGACGGCCATGGCATCCGGCTCGGCAAACAGGGGGGCGCCTTGAGGCACAAATTTTTCTATCGCCTGCAGCGCCTCGGCATAGTCTGCCCCTCTGCTCAAAACGTGCTGCGCATGCTTCGGCAAGGGCAGGTTGAGCGAATGCGCAAAGGCAAACCGCACGCCTGAGGCCCAGCGTCCCTGGTCAAAAACAAGCACGCAGACGACAGCGGCAATTGCCGCCAGCCCTGCCCATCTGGGGGCGCGTTGCCATAGACAGGCAAAAGCGCCGACAATCATGAGCCAGCACAGAAAAATAATAAATCGTACGCCACGGGGCAACTCCGCGCCCATGGGCAGCCGGTGGAGCATCTCGGCAATGCTCGTCTCCACTACAGAAAGCAGCACGACAATGCCAACCCCCAATATGAGGGTGGGCACAATGGAGGCCAGACGCTTCATGATCGGCGAGCCGCAACGCCGTACAATAAAAAAACTGACAACGCCGGACACAAGCAGCGGAAAACAGTCGCTGCGGTGATGCAGGTGGCCGACCAGCCTGTTCCAGAGGCCGCCTTCGTCTTCAAGAAAGCGGCGGTCGAATACCTGCTGGAACACCGCAAGATCGTTGGCCGAAAACACCGTGGCTGATTTGATGGCGCTGCACAGGTACAGCAGCGTGGGGATGCACCATGCCGCAAGACTGAGCAGCAGCCAGCCCGCGTGACGCGGCAGGCTGTCGCCCTTGGCCCGGTGAAAGAAAAAAACGGTAAAAAGCATGCAGCTGACCACAAGCGAGCTGATGCTGTGCAGGTACATGCCGCAGCCTGAGGCAAAGAGTATGAGGGGCCGTAACTGGGGTTTGTCCAGCGCGGAAAGGGTAGCAGCCAGCAAAAGGGGAAAGAGGGCCGCATAAAAAACGCGCGGGGTGATGTCGCCAGAGCCGAAGCCCCAGTATGTGCCAAAGCTGACCCAGACCGTCACGCCCGTCAGCAGGGCAAACAGGGCGGCAAGCAGTGGGGAGCCCCATAGGCGGCGGCCAAGATAGTAGCAGGCTACATAGTGAAGGAAGGCCCCCGCTGCACCAGCGCGCAGCAGGCCCTGAACAATGTCGTCGCCTGGCTGCAGCAGGCGCGCCAGCGTCGATTCAAGGCTGATGATGGAGTTGGCCGTGGTTGGCGCAGCCAGCAGAGGATCCTGGCTGAAGAGCTCGCGGTGCAGTTCGCCCGCAATGTTTTGCACATAGCAGCACAGATCGCTGCTGATCTTGAGTCCGTCACAGGAAAGAAGGCTCACACCCCAAAGGCCAAACAGCACATACGCCGCAATAACGCCTACAAAGGCCGCATCCCATAATATGTAGCTTTGGTGAGTGTTGGAGGTCATGTTCCAGGCACCTACGTGGATAGGAATGCAAAAAAGCAGTCAGCCGTTGAATGCCAGAATAGGGTGTGCCACACAAATTCATTCATCGTAGCAGGATAGCGATAGGGTTTTGTCCGTCTTTTGACAAGCAGATTCCAGTCAAACGTCATTATTGTCTTGAAAATTAGTTGGCTTGTCGCCCTGACGGAAGACTGGCCGCGCAGAAAAAGAAAAAATCTGGCGTTGCCATTGTTGTAAAAAAGGGCTCTGTTCACGATGCGCGTTAGGTCAGGGCACTGCAGCACCCGCAATATGTGTATAAATACATCAGCCGTTGCCTGCGCGCCCGGCCTGCGATGAGCAAACCGCAGGCTGCAACGCTGCGCGCCAGACAAAAATATGGCTGCCCCTGTGTACGGTGCGCAGATGCCGCCGCAAATTAAAAGGCCGGGATTGTTCCCGGCCTTTAATCACAGGTTGATACCAGCGTGCGGAGCACAGGCTGTGTTCAAAAACGGTCAGCGGCTGACAGCATGCTGCGCCACCAGTTCATCCAACCATCCCAAACAGAGCCGAGGATCGAATCCTCAATGCGCCATCCGACGGACCCCAACAAAACGGCATTTTCCATAGTCTGCCTCCTTGCAATAGGTGGTTGCGAAATAAACTCCGTGGGAAAAAACTAGCACGTCAGTGGGGCGGGCGCAATGGTCTTGGGGGGGGCGGAAAAAAATATCTTGGAGGCCAGCAATGCCATGACCAAGTGCCTTTTGTAACTGATTGAAATATATTTGTTTTGTTGTATTTGTTGCTATTTTGGCGGCTCTACCTCAAAGGCGGGGGCATAGCGTCTCCAAGAAAAAATTGGCCTTCCCCCAGAAAAGCATGCCATTGAAAAGTTAGAATCCCTGCCATAGGAACACTAAAATGGAACATAGCAGATTCACCGAAGCGCAGGTTATTGTGGGATATTGTGGCAGCTGAGGCTGGTGTTCGTGTTGTCGATCTGTGCCGCCAGAATGGCATCTGGCTATGCCAGTACCCAGTGCCGGTGAGCAGCCCAACTCCTTGGGGCTGGTTACCAAACTGACGCATGCAGAGTCAGGGCAGGGCAAAGTTCCCTCGCGGTGGTTCCTTTGCCCGAGGCTGATCCGCAGGGCATGTTTACGGAAAATGACGATGGTGAATGTGCCAAATCCGGCAAGAAATCAACCACACTCCCCGAGTTGCCCATAATTTTCCTTGAATTGCAAAAAGCGCGTCAACGCGACCAAACCATCAAAAAAAACACTACCACGTTCAAATCGCGTGTCGGCTCGTCGTGGAAGCCAGTCTCCCCTGGAAGGCGTGACGGCGCAGGATGGACGGTCCCGCATCATTGCCACGGCAACACGCACAGGCCAAAAAGGAACTGCTCACGGGCGCGGGTTAACGCTGGAGTGTGCAACGCAAACTGAGATGGAAGTATGTTGATGCCGCATGGCAAACGAACCGCATCAAAACATGGAGTGAAAGGACTGACTCTTGATTTTATCGATGAGTTGGACAATGATATCAAGCGAACCCGAAGACTTGCTGTGCGTATGCAGGGTGGACAGGCGCAGAGACCGGCTATTGCAAGGGTGTTGTCCAGCGAGTCGGAGCTGATTATTTTTGATGAAGCCACAAGCTCCATTGATATGGAGAATAAAAGGTACATTCACCACGCCACC
CP036295.1_gap15	608921	609752	831	GAACATCCATTGGGAACTGTTATTGGGCGGGCTGCGTTGGGAGATTTTTTAACAGTATTTCAGGGCGTCACTATTGGCGGGAGTATTGATGCCGCAGAAGAACGGCAATACCCGACCATTGGGAAAAATGTTATCCTGTATGCGCACAGCGCGGTGATTGGCCAGTGCGTTGTTGGAAACAATGTCGTGCTTGGATCTGGGGCTCGGGTTATTAATTCTGATATTCCAGACAATTCGCTGGTATTTGGCGTCTCGCCCAATCTGGTGATAAAAAGATTACATCAAGAGCGGTATAGCCAGTTGTCACCATTCACTGCTTAGGGTGATGTACTGTTGGCAGACATGTTGCCCGGTGTAACCTACAACAATGCTCGCTGTTACTAAAACGCCATGGATAACATTATAAGTGAAATTTTCGCGCCCATCCTGCTTGTCGGTGGGGGAGGGCATTGCCGGGCGGTTATTGATGTGCTGGAGTCGGCCAATATGGAGATTGCGGGCATTGTACACGGGCTTGAATGTCCCCTCAATCCGGTGCTTGGGTATTCTGCCCTCGGGCGCGATGCAGATCTGCCAGAGTTGCGTTTGCGGTTTTCCCGCGCGGTTATCACTGTGGGCCAAATAAAAAGCTCAACCCCCAGGCAGAATCTTTTTTTCAAGCTACGCGGCATGGGTTTTGAACTGCCTTCAGTGGTTTCCCCTTCTGCACATGTGTCGAGGCACGCATCCATGGGCGCTGGTAATGTTGTCATGCACATGGCGCTTATCAACGCGGGAGCCTCTTTGGCTGATAATTGCATTATCAATTCAAAGAGCCTTGTTGAGCATGAC
CP036295.1_gap16	612299	616116	3817	CGCTCATGCAACCATCTCCCCACGTTGTGGATACCACCACATCCGCAGTGCAGGCCCTGTATTTGATGGAAACAGCATCCCTTACCCACCTGCCGGTACTGGGAGACGATGGCACTGTGCGCCATGTCTGGAGCCTGAAAAGCCTGAAGGGGGTAACCCCACTTCCCAATAGCGTGGTGCTTATGGCTGGAGGCTTGGGAACGCGGTTGGGCGAGCTGACCCAAAACTGCCCCAAGCCCATGCTTGACGTCGCGGGGAAGCCGATTCTGCAGATTGTTCTTGAAAATTTTATCAATGTGGGCTTTCGCAATTTTTTCCTGGCGGTGAACTATCTGTCGGAGATAATCATTGACTATTTTGGCGATGGTTCACGCTTCGGCTGCCAGATTCAATATCTGCGCGAACCCAAACGTATGGGTACGGCGGGCGCGCTCTCGCTGTTGCCGCCCCAGACAATGCCGTTTCTTGTCGCCAACGCCGATATTTTGACACACCTCAATATGCGCTGTTTGATACATGAGCATCAGGCCCACGACAATTCGGCAACCATGGTAGTCAGAAAACACTCCGTACAGATCGCTTATGGCGTTGTCGAAAACGATGGAAAGGGCAATCTCACAGGCATCAAAGAAAAACCTGTTTTCAATGTTCATATCAGTGCTGGCATTTATGCGCTGTCGCCTGCCGTCTTGCCCATGATTCCCTCCAATACGTTTTTTGATATGCCGGATTTGTTCCAGGAACTTTTGCGGGCGGGCCAGTGCCCCAGAATTATGGAAACAGACGACTACTGGCTGGATATAGGGCAGTTGCCCGACTACAAGCGCGCGCAAGACGAGTTTTGACCGGCATGACAAATCCAACTGTTCTTGTATGGGGGCACGGCTCTATTGGCGCGCGGCATGCCCGGCTTGCCGACGAGCTTGGGGCTTCCGTTATCTGCGTGAGCTCGCGTGACGGTCTGCCGTTTCCTTCTGTCAGGCGACTGTGCGACCTGCCGGGAGGCTTTGTTCCGGAAGTGGTCGTTGTGGCGACTCCCACCGCATTGCATGCGGAACACTTGCGTATGGCCTGCAGCCTTGGGGCTCGGCTGGTATTGGTTGAAAAACCCCTTGTGTCCACCACTGCGGAAATCGGTTCCTGGCTGACGCAGGAACAGCGGCAGAGAATTGCTGTTGCGTACAACCTGCGCTTTCACCCCGCAGTTCAGCGTTTGCGGGCGCTTTTAGAAGGGAAACGGCTCTTGGCCTTGCACCTGCATGTGGGGCAGTACCTGCCTTCCTGGCGTCCTGGTCAGGATTACCGCCAAAGCTATTCCTCCTCCCGGCAGCTTGGCGGCGGCGTGCTGCGCGACCTCTCCCACGAACTGGATCTGGCCTGCATGCTTGCCGGTCCATGGAACCGCGTTGCGGCCCTGAGCGGCCGCGTTTCTCATCTGCAAATCGAAAGTGAGGATTCGGTGACGGTTTTGGCTGAGCACGCGGGCTGCCCGCAGGTGAGCATTCACCTCGACTATCTGCAGACTCCCGCGAGGCGTGAAATTGTGGCCGTGCTGGAAGACGGCGGCGTAAGCTTGAACCTGCTGAATGGCAGGCTAGGTTATGACGGAAAGGAAGAGTTGTACCAATGTGAAAGGGACACTGCCTACCGTGGTCAGATGCAGGCTGCTCTTTCTGAAAAAACAGAGTTTTTGTGTTCATTTTCCCAAGGGCTTGACGTGGTGTCTTACATTGACGCCATTGAAGCGGCCGTAGCAAGGCAGGAGTGGGTATGGCGCGCCAACCAGTAGTTTATGCCTTTATTTTCGCACGGGGTGGCTCCAAGGGGGTGCCTCGTAAAAATATCCGTTTGCTCGGCGGCAAGCCGCTTATTGCCCACGCGATTGAGACCGCCAGTCAGATTGCCGCAGTACAGCGTATTATCGTGTCTACGGACGACGCGGAGATCGCGGAGGTGGCCCGGCAGTGGGGGGCGGAAACTCCCTTTATGCGCCCGCCGGAACTGGCCAGCGACACAAGCCCGGAATGGGAAGCCTGGCGGCACGCCCTGCGGCAGGTTGGCTGCACCGAGCAGGGCGGTCCGTGCGACGTCTTTTTATCATTGCCTGCCACAGCGCCCCTGCGCAGCGTGGCGGATGTGGAGCGCTGTCTTGCCGTGTTCCACGAAACCGGCTGCGATGCGGTTATCACCACCACGCTGGCTGCGCGGCACCCCATGTTCAACATGGTTCGGCAAGAGGAGACGGGGCTAGTTCGCCTTGCCATGGGCGCACCTGCAGGCTACAGTCGGCGCCAAGACGCCCCGCAACTTTTTGATATAACCACAGCAGCCTATGTGGTGCGTCCCCAGTTTATTTTGACGGGAAACAGGCTGATGGATGGGTGTGTGCGTCAGGTGGTTCTGCCGCGTGAACGCGCTGTGGATATTGATGATGAAACAGATTTAGCGTTTGCGGAGTTTTTGTTCGCACGCCAACAGGTACATAAATAATGGATATCCTACTGCATGGCAGGGTAGCGCTGGTTACCGGGGCGGCCGGGCATATTGGACGTGCCCTTTGCCAGGAATTGGCATCACATGGGGCTTCAGTGGCAGTGCTGGATGTGCGGGAACAAGATTGCAAGCTGGTATGTGAAGAAATCACCGCGCACTACGGTGTGCCAGCCTTGCCTGTGCCCTGCGATCTTGCCAATGACGAAAGCGTGCACGCAGCACCCCACCGAGTGGCCGAAATTTTGGGCGGTCTGGACATCCTGGTCAACAATGCTGGCTTTGTAGGTACAAGCGGCTTGTCCGGTTGGGTGACGGATATTGAACGGCAGACGACGCAAACCTGGCGTCAGGCGTTTGAAGTCAACCTCACAGCGCCGTTCACCCTGTGCAGGGAATCCATTCCTTATCTGAAAAAGAACGGGTACGGCAGCATTATCAATGTTGCTTCCATTTATGGTGTTCTTGGGCCGGACATGGGCCTGTATGAAGGCACAAGTATGGGTAATCCCATTGCGTACGCCGCGTCCAAGGGGGGGCTTATACAGATGTCGCGCTGGCTCTCCACCGTCCTCGCCCCTGACATTCGCGTCAACAGCATCTGCCCTGGCGGCGTGTGGCGCAACCAGCCAGAGGCTTTTGTGGAGCGCTACAAGGCGCGTACCCCCATGCGACGCATGGCCACGGAAGAAGACATGGTAGGAACTGTCCTCTACCTTGCCAGTGATTTGTCGCGCTATGTCACAGGGCAGAATATCATGATTGATGGCGGCTGGGCTGCGTGGTAATGCGCGCAGCCGCTGACTTGCAAGTCCGGCATACAAAAGCAGCAAAGAAACTATGGTAACGCGCAAAGTAGTTACTCTCGCCGCATGTCCCCTTAAAGAGAACATGATGAAGGTCGTGCATCTGGACGGCCTGTTGCGGGCCGGCATTGATTTTGCGGCCTGGAATGTCTGCGAGGCCATACATGGAAAATTTATTTCCCACGGGGATAGTTCCTGTCCAGACCGCGAGCATGACATCCCCTCCGTGGCGGCATTTGAAGAAGCACTGGATAAGGAAAATCTTGACCAGACCCTCTTCCTGGCGTTCATTGGCTACGAGTATGCCACTGCGGCACTATTTCAGGCCTTGCGACGCCGTGGAGCCGTTATAGGGTATCTCGAAAACATGAGCTGGCATGAGTACGGCGATTTGCCCCGTTGGCAACGTTTGTGGTTGCGAGCCAGAAATCCCTTGTCTTTTTTGACTTTTTTGCGAAAGAAAATGTCCCGCACACGGTTTGGAAACGCCAATGCCGGTTATGACGTGGTCTTTTATGAAT
CP036295.1_gap17	622676	624246	1570	TAGTATAAAGCGCAAACACCAGAAAAATCCGCGTCCAATTAAGAGATTCCCATCTCGGAAGATTAAATCAGGGCTGTGCGAGAACGATATGAAGATACTTATTGCTACTGAAAATTTTATGAAAGGTGGTATGGATACCATCATTGTTGAACTTTGCAACAACTGGCCGCACAGCGATGACGAGATTGCCATAGTGTGCAATAAATCGCATCCAGGTATTGAAACATACAAGAATAGAATAAAGCGCCATGTTAGTATTACGGAACATTCTTGGCCTTTTTTTGCTGAGGTGCAGGAGCGTATTCCCCGTAAATGGTGGCGCAAGATTCTCATTCCTTTCGTAAAGTACGGGCTGTTTCTGTACAATGTGCTGGCATTCAAAAAATATTTTATGGCTGGCGGCTTCGACAGGCTGCTTGTCGTTAACGGCGGATATCCAGCTGGCGACACCTGTCGCGCTGCTGCCATAGCTGGTTTGCTGTGCATGGGGGCGCGCAGTGTTGACTTCAACATACACAACCTCGCAAGCTCTGCACCCAAACTCCAGACTATCCCAGAATATCTGATAGACCGTCTCGTGGCAAAATCTTGTAAAAGTGTCATGGTGGTCTCCCGGTCGGTAAAAGAAAGCCTTAAGCTGCGGCCAGGGATGTTTGGCCACTGTCATATTTCAGTCGTGTACAACGGAGTTGCAGCCAAAGACCAGAAAGGTCCAGATGCGGGTGAGCTCTTTGCCCATGCAGCAGATGAACGCTACCTTCTTATGGTGGGTACGTATGAGAGTAGAAAAGGACACGATTTTTTGCTTAAGGTCTTTGAGGCTGTATGGGCGAAACATCCAAAGATTCACCTTGTCTTTTGTGGGCATGGCTCTGCTTCGCAGATTGAGGAAGTTGCTGCCCTAGTGCCAGTATCTTTGCGGAATAGAGTGCACTTGTTGCCTTTTCTGGCAGAGCCGGGCAATCTGTTGGCTGGTGCCTATCTGTTGCTTTCCGGCTCCCAAGAGTATGAATCCTTCGGGCTAACGGTGATTGAGGCCGGGAATGTAGGAGTTCCCGCCGTGGTCACAAATGTGGGTGGGCTGCCAGAGGTTGTGGAGAATGGCGTAACCGGCTTTGTTGCTGAGCGGGCGGATGTTGACGCATTCGCTGCTTGCGTCATGAATCTGCTGAATGACAGTGTATTGCGTTCGCAGATGGGGCTAGCTGCCAAACTGCACGCACAAAACTTTACCCCTGAGGTCATGGCGGAACAGTATGCCAGATTCGTCCGCTCAGATGCGGGGGAAGCTTAGCGTGCTCATCTGAGCGACAGGGCAGACGGCTGGTTGCAACCAGCAGTATCTGAGACGGCGCGCGGAGGATCAAACCTCCTCCATGCAGTTCTGGCCACAGGTATTAGGCTCCGACCCGGCTTCTGGCTGCCGTGGATGTTTATGCTGTGAGTTTGAGCTGTTAGCTATATTATACAGTGAGACGCAAAATTGGCCTTACCCCACTGCGTATACCACTTGCAAGTTAGTGGTTCCCAATGGGTTGCAGCTTGTATTCTTTTCGCGGAATTCTTTCGG
CP036295.1_gap18	626972	629806	2834	GCCTCTGGGCATCTTGAAGGGATAATGCACACCTGGAGCCCAATTTCATCTACCTTTGCGGGCAAATTTTCTACCCATCCGTGAAAAACAACATTGGCAGGGGATTCGGCACGCAGCCTGTCTTCATATGTTTTTTCAGAAAAAGCGGCATCTCCGAGCACGTGAAAGGTCAGGTCTGAAAACTGCCGTGCAAGGGCGGGCAGAACATCCTGGCCTTTTTCGGGAGAAATGCGGCCAACAATGCCAATGTGGCGGATGGGCCTGTCTGAAAAACGGTCTTTGAATGCCACCTGTGTAAAGCGCGAATCCAGACCATTTTCAACCAGTCGCAGCTTGGGGCTGTTGAAGTGTGGCGAAAACTGGCACAGCTGGTCACGTATAAACTCCGAAGGGGCTACAACCGCTGCCGTGTTTCTGAACATGATTACGCGAGAAAATATACTTTTTTCGAGGTTGGTGTGGTTGAGATGAATGTGGAACGCGGCCTTTTTGTTCAAAAAAATCATGCTCAGCAGCGCCACAGGCAGTAGTCTGTTGCCGTTGACATAAATCACATCTGCAGTTTTCAGAAGCTTGAGCTTTTGAAAAAAGACGCGCAACCCGTTGCCCACAAAGCGCAGAATATCAAAAAACGATTTGGTTCCACATGTCAGCCGGCACTCGTCGGTGTTCTCAACGTGCACGCCCATGGATGTAAGCCTATCGGCACAGCTCCCTTTGGGAATAATCACCGCCACATCGCAAAACAATGCCTGTGCTGCCAGAACCAACTCCAGCAACACCTGCTGCCCCCCACCAAGGGAGCCATATTGATCAAGGAATACGATTCTTTTATTGTATTTCATCTTAAATATGTACTAATATATCTTTGTTAGTGGGTGCGGTGTATTTAAATATTCTGCCAGAAAAAGTGCATCTATCTTGCATTGTATTTTATAAATATCATGTAACTGTGAAATTACGTACTATTTGCTGTAGGGTACAAACAAAAAAGTGAAAGTCTTAATTGCCCATTTTAGACGTTTCAGATTGCACAATAAAAAACCAATATCGTTCTGTTCAACAAGAATATCCTGAAGTTGCATGCCGTGCAAGCTAGAGCCATCCGCTAGAAGCATTGGACATAGGCCGTTTCACCAGCTGCCTTGATACGGATTATTAAAGCGATGTTGCCCTCAGTGCCGCCACGAGGGTGCAGCTTTGCGTAATACATGGTGGTCTTGTTGCCTTGGGGCATGGTTGTGTTGGGGCCGATGGCTATGCGCGTTCTGTCAAAAAGTTCAGAAGAAATTTTTTCAAAAGGCGAAGTAAGCAGGGCAGGCAACTGCTTTTGGGGTAGCAGGTGGGTGGCCGCTTTAGGAATCATGGAGCTGTCTTGTGCCACCGTAAAGAAAAAAATTTCGTCTATAGCTTTTTTGTCGTCCTGAAAAACAGCCGCTACCACGTTGCCCTTGTCGCGCGGCGTAACGTAAACGCCTTGCAGGCTTATGCCCTGCATCACGGGTAGGCTGCCAGTCCAGCGCTGGCTGGCCGTGTCTGTGAGCGTGCCGGGGGTGGCGTCCATGAGCAGGTAGGCGTTTTCAAGCCCGTACCAGCGCGAAAACTGGCTCGGCCAGGGCACAGGGTTGCCCCGCAGCGTGTCGAGGAAAAAGAAATTTTTGTGTCGAACTGCCGGGTATTCTGTAAGAAACACAATGTGTTCTCCGCGCTGCTGGGCGGCTTTGACATCGGCGTCGCGCGCGGCTTGGGCCTCTAAAAGCTGCACGTAATCAGTACGGGTTTGCAATGCGGAAACTGCGAGCAGCGGTATGCACAGGGCGGGCAGAATCCAGAGCCACGACCATTTTCTAAGCGCCGCATCAAAGGCCATGTTGGCCGCAACAAGCGCCATTACAAATGCCATGCTCAACGCCCGGTATGATGCAGAACCGCCGCCAAAGATGATGACCACCGACAGCGCGGATGCCGCAAAAAAGGCAAGCACCACAGCAAAAGGAAAACATTGGGTTTTACGTGATTTTTCATACAGCAAAGCTGCGACCAGCGCAGAAAACAGCGCCGGAACGGATATGGTGTACAGGTATTTGTAGATCAGTATAACCGCATTCGAGATGAATGTTCCCAGCTGGAAGGAGTTGGAAGCACTTGCCCTTGCAAAGTTGCCCGGTGCGCCAATGCTGAAGGCCGCACCAACTGCCAGGGCAATGAGGGCGGCTACGGCCCAAGCTGGCGGTCTGGTCTGGCCTCGTCTGCGGTAGAGCATAAACGCGCCCAGAAAAAGTGCGGGAAGAATGACGACCTCAACCCAGAATGGAATGCAAAACGCCAACAGCACGAATGGCAAGGCCAGCCAGCCTGGCAGCCATTTGCCGGAATCCATGTAATAGCGGTAGGGCACAAGAAAAAAGCACGTGCACGTAACCGCAAGCAGGTAAAGGGATCCTGTTCGCCACAGTAAAATTTCCCACGCTTCAGGCAGGCAGAACCAGAATATGGCAAAGGGAAATACCCAGCGCCACAGGCTGAAATTGCTTTTCCATGCCTGACCGTAGGTCAGCAGGTGCACTCCCGCGAGCAGCAGGCACACCGCTGCGGCAGATATGATGCCAAAAAGCTGGGGGCTGATGTGCTGCACGGAGATCATCCATGCGTGCCCCAGCAGGCGGCCGCCCCATGTAAAATACTTTTCCCAGATTGTTTGCAGCAGGTCGTCGTGGCTGCCCAAAAAAAAGGAATAGTCGTCCGCAAACATGGGCGTATGCGTAGAAAGGGAGTAAAAGAGCAGAAAAATGGCCAGCAAAAAAATAAAAACTGTATTTTTGCGCATAGGTGTT
CP036295.1_gap19	641761	643175	1414	GACATGAATTATTCCTCGTGCTGAGCTGGCTTCAGGCTGCGTACAGTGGTTGGGCTGCCGCCGCAGATTGCCCCTAAAGGCTTGAAGTCCCTACCTGCCGGTGCTTTTCAGCAATGTATCCGGCAGCCAGGTTGAAGGCCAAGGTCAGGAAAAAGAGCACAATGCCGATGGCGAACAGGGCGTGGTAGTGCTCGCTGCGAAAGGCCGCCTCGGCCATTTCGGCCGCAATGCTGGCGGGCATGGGGCGTATGGGGTCGAGCAGCGATGTGGGTATGATGCCCGCGCCGCCCGCAACCATCAGTACGACCATGGTTTCGCCGATGGCACGGGACATGCCGAGCATCACCGCAGTGCCGATGCCCGAAAGCGCGGCGGGTATGACCACGCGCACCGTGGTTTGCCAACGGGTCGCGCCCAGCGCCAGCGAGGCCTCGCGCAGGTCGCGCGGTACGCCAAAAAGGGCGTCTTCCGATACCGAGCAGATGGTGGGCACGCTCATAAGCGCCAGCACAAGCGAGGCGTTAAGCAGGTTAAGCCCGGTGGCCGCGTCAAGATAATCCTGCAAAAAGGGCGCAAGCACCACCATGCCCAAAAATCCCAGCACCACCGAAGGCAAGGCGGCCAGCAGCTCCACAAAGGGTTTGATGATGCGCCTAACAGTTGGGTGGGCTATTTCCGTCAGGTAAACCGCCGTCAGCACCCCCATGGGTACCGCCAGCATGGAGGAAAGCACCGTCACTGCCAGCGAGGCCACCAGCAGAGGAAATATGCCGAAAAGGCCCGGTTCCTCAGTGGGGTACCAAAGGTTGCCGAACAGAAAATTGAAGAAAGAATACTCGCTGAACAGCGGCAGACCTTCCATGAACAGAAAAATAACAATACCAGCCAGGGCCAGCAGCGAGCTGCCTGCCATGGCGGTAAGGGTGACCCGCACCGTTTTTTCCTTGATGTCTCTGGAGCGCATTGCGCTTTCTCCCCGGCGGTCGCGGGCGGCCCGTGGCCGTCCCGCTCCGCCGATGCTGTGGGTGTATCGCGGGTAGCCAGCTACCTACTTGCCCAGGGGCACATAACCCACTTCAAGCACGTCCTTCTGGCCCTTGCCGGGATCCAGCAGATATTCCACAAAAGCCTTGGCGGCGCCTGCGGGGGTGCCGTTGGTGAAGACAAAGAGTTCGCGGGCGATGGGCCACTGCTTGGACAGGGCGGTCTGGGGGTTAGCGGTCACGTCGTTGACCTTGAGGCCCTTGGTGGATTTGTCCAGGTAGCCCAGGCCCACATAGCCGATGGCGTTCTTGTTTTTGGAGACGGCCTGCACAACAGCGCCGTTGGAAGCCTGCATGAGGGCTGCGGGGTTAACGCGCTCTTCCTTCATGATCAGTTCCTGCCAGCATTCAAACGTGCCGGAAGACGTATC
CP036295.1_gap20	657001	657901	900	CCTTTCAGCGCGTGCACCATGTCCAGCTGCACATCGAGCGGCAGGCTGGTGGGTATGCCGTTGGCGTAGACCTCCGCGCTGTTGAGGCCTTCGGGCTCCAGAAAAATCTGATGACGCTCGCGGTGCGGAAAGCGGGCCACCTTGTCTTCGATGGAGGGGCAGTAGCGTGCCCCGGTGCCCTTGATAACGCCCGTAAACATGGGCGAACGGTCAAAACCGCTGCGGATGATCGCGTGCGCCCGTTCGTTTGTCCAGGTGATATGGCACGAGACCTGCTCCAGCACGGGGCCGGGGCCGTGAAAGCTGAAGCCGGGGGGCGGTGTGTCGCCGGGCTGTTCCTCAAGCTGCGAATAATCAATGGACGATTTGAGGATGCGCGGGGTGGTGCCTGTCTTGAGCCTGCCCAGGGTCAGGCCGAGCTTGCGCAGGCTGTCCGACAGCCCCAGCGCCGGGGCGTCGCCCAGACGGCCTCCGGGCAGGTTGGTAAGGCCCATGTGGATGCGCCCGTCCAAAAACGTGCCCGTGGTCAGCAGCACGTTACGCGCGGCAAAGGCAAGCCCCTGCGCGGTGCGTACGCCGGTGACGCGGCCATCGCCGGTGGTTACCTCAATGACGGAATCCTGCCAGATGCGCAGGCCGGGCGTATTGTAGAGCGTTTTTTTGAGCACGCGCTGATAGGCCTCGCGGTCAATCTGGGCGCGGGTGGCGCGCACGGCGGGGCCCTTGCTCATGTTCAGCACGCGAAACTGTATGCCCGCAGCGTCGGCCCACAGGCCCATCATGCCGCCAAGGGCGTCAATTTCGCGCACCATATGGCCCTTGGCCAGTCCGCCGATGGCGGGGTTGCACGAAAGGTAGCCCAAACGGTCAAGGTTGCCGCTGACAAGCAGCACCTTGTGT
CP036295.1_gap21	658996	660547	1551	CTGGCCGTCCGTTACGCGGGGGTCGGGGGCGTCAACGCGCGAAAGGGCCGTAACGCCGCACGACTTGAGCCAGTTGGTGATGCAGCGGACCTTTTCCATTTCGCCCTGGCCGCCGTTGTCCGGGCCAAGAGCATGGCATGCCGTAAGCACCGCCTGCAGTTCGGCCACGCGGTCTTCGCGACCTGCCAGCCCCCGCAGCAGCGTGTCGAGTGTCTTGAACATGGTGATTTCCGTATGGCGTTACAACGCGCAAGAGGCTGCTTGCGCAGCCCCTTGAAAAAGTCGTCAGCCCCGGCACAGCCGCATAACGACAGCCCCTGCGGAAAATCCGCTTGCGAACCGCCCACGGCGTGTCGGAACCGATGTAAGCCTGGTCGACCTAACGGCCACCCTTGGCGGCGCGCTTGGACGCCTTCAACGGGTTGACCTTGGCGGCGGCGGCAACAGTGGCCTTTACGTGGGTAGCAAAGTTGCAGCGACCAGCGGCCCACTTTTTGGCGGGGACAGGGTAGCTGGAGCAGAACTGTTCGCCTTCGAACTCGCGCAGGCGGTCACAGCCAGAGCACTGTTCCACCACCGGGGAAAGAACAAAACCGTTGACCACCACGCCTTCAGCGGTTTTGGTGGCTTTTTCCAGAGGGGTCATAGCAAAACCTCCATGCGCAGCAGCGCCGTATTGCTAAAATAACGGCGGAAGGGCCGCCGCGTTGGAATGGAAAAATATAGTTGAAAGCAATTTTCTGTCAAGTAAAACGCGCAGAAAATTTTTTGCCCCGGCCAGCTCAATGTGCGCTGCGCCGTTACCGCCCGGCATTGCTGCAATTGTTGCCAGGCTGGTTAGCCGCCAAGATACGCCTCGCGTACGCTGGCGTTGGCCAAAAGGTTTTGGGCCTTGTCTTCCATGACCACGCTGCCCACTTCAAGCACATAGCCGCGTGCAGCCAGTTTGAGGGCGGCGCGGGCGTTTTGCTCCACCAGCAGCACAGTGACCCCGCGTTTGTTGATGGCCCGCACTGTTTCAAATATGGAGCGTACCAAAAGCGGCGCAAGACCCAGCGAGGGTTCGTCCAGCAGCAGCAGGCGCGGCTCGGCCATAAGCGCACGGCCAATGGCCAGCATCTGCTGCTCGCCGCCCGACAGCGTGCCCGCGAGCTGGTCCTTGCGTTCCTGCAGGCGCGGAAACAGGTCAAAAATCCATTCCAGCGTACGTTCCCTGCGGGCTTTGTCCTCGATGCAAAAAGCGCCCAGGCGCAGGTTTTCGAGCACGCTCATGATGCCGAAGACGCGCCGTCCCTCGGGCGACTGGGCAATGCCGAGCCCCACAACCTTGTGGCTGGGCAGGCGCAGCAGGTTTTGCCCGTCGAACAGTATTTCGCCTTCAAAGGGGCGCACCAGCCCGCTGATGGACAGCAGGGTGGTGCTTTTGCCCGCACCGTTGGCACCGAGAATGGTGACGATTTCGCCTTCTTCCACCCTCAGGTCGATGCCGTGCAGCACTTCAACGCTGCCGTAGCGCACGCGCACATTAGACAATTGCAACAGGGACATGGC
CP036295.1_gap22	701916	702911	995	CGCTGGTAGAGCGCTACGGCCTGTCGGTAACGCCGTATTTTGTTGTGCCGGGCATTATTGTAACGGCATTGCTGGCCGTTAAGGCGCAAAAAACTTCGCCGAGAGAGCCGCAGGCGCAGGCCGTGCCGCTGCTGGAAGCCCTGCGGCCAGCCAGCCGGGAGCTGACCAAGCTTGTGCTGATTATCGCCGTCCGCACCCTGACCTATTCCGGCCTTGTGGCTTTTTTGCCTCTGTATTTGCAGCAGCGCGGCGTAAGCCTGGGCACCAGCGCGCATCTGCTGTTTATTTTGCTTTGCGCCGGAGCCGCAGGGGGCATCGCCGGAGGGTATCTGTCCGACAGATTTGGCAAAAATATCGTCATTTTCCTTTCTCTGGCCCTGTCGCCCCTGTTCTTTTATCTCTTTATGCATGTGGGCGCGGGCCTGCAGCCTGTGGTCTTCGCCCTGGCGGGCGCAACGCTGCTTTCGTCCTTTTCGCCCATTGTGGTGCTGGCGCAGGAGCTGCTTTGCCGGCAGGCCGCCATGGCGTCGGGTTTTACTCTGGGGTTTGGCATCGGCATCGGCGGTCTTGGGGTGGGCCTTGTGGGGCTTGTCATCCAGTACGCCGGACTTGGCTTTGCCATCAATATGCTGATCTGCCTGCCTTTTGCCGCCGCCGTGGTCGCCCTGACCCTCAAGGGCCGCAAAGCTGCGCAGCCAGTGCCCCAGACGCTTTAGAGCGCGTGCCCGGAGCCTGAACGACAGCAGCGGCGCGCCCCCAAAAACGCAGTCCAAAAAGCGCAGCTGAAAGCCAGAGATATCTGGCTTTCAGCTGCGCTTTGGGTTGAGCCGGTTCGTTTTCTGCCGCAAAAACGAACCGGAGGAGGGGCCGTATGCTTGCAGAACTATTTTTTGGGTTCAAATTTGAGCCGTCTGCTTTCAAGCCGTTGCGCTTCGGCATCGTTGGGCGTGCAGCCGCACGAGCTTTTTTTTGCACTGTCGCAACCGCCGTCGCAA
CP036295.1_gap23	707975	711496	3521	CTACGGCAGTGCGAACTGCGTCAGGTTCATAGGGTCTGGGTTTTTCCCACTCTCAGCTGCCAGACCATATGGCCCGCAGCTCCCCTAGCACTGTTTGCATAAATAGCTCTTTAGCCAGCGGCTGTAAAGCCCGCGCGGCGGTATATTGCATTTGCGTGCACTGGCTGGCATAGATAACTCATGGCAAGAAAAAGATTTTTGAGCCCGTTTACCTGGCCAGTGTTGTCGTTTCTTGCGGTTATTGCCGCAGGGTCCATCCTGCTCGGCCTGCCCGCCAGCTGGCCCCAGGGGCAGAGCATAAGCCCCATCGACGCCTGCTTTCTGGCCACGTCCGCCGTTTGCGTTACCGGGCTGTCGCCGGTGGATATCAGCGCCGTGCTCAGCCCCTTTGGCAAGGGAGTGCTGCTGTGCCTCATCCAGACCGGCGGCCTTGGCGTGATGACCTATACCAGCATCATTTTTTTGCTCTGGCGCAACAACGTGCCCTTCAACAGCCGCGAGGCGGTGAGCCAGGCCCTGCTGTGGGGCGACTTTAGCCTGGCGGCCTTTTTACGGCAGGTACTGGGGCTGGTGTTTGGCATTGAGGCCCTGGCCGCCCTGCTGCTGTGGCTGCACGACCCGGTTTTTTTCTACCCGTTCAGCGCCGTGTTTCATGCGGTTTCCGCTTTTTGCAACGCGGGGTTTGCGCTCAGCACGACCAATCTTGCCCTGTTCAGGGACGATATCGCCGTCAACGCCATTATTGCGGGCAGCGTCATACTGGGGGGTATTGGTTTTGGCGTGCTGCGCGAGTTTCTGGGCATCTGCACCGGCGGGCGTCTTGGAGCGCCCGTGCGCCGGCTGAGCCGTTTTAGCCGTATGGTGGTAAAAACCAGCCTATTGCTCATTGTGGTGGGCTGGGCAGTCATGTTTGCCATCGAATTTTGCCGGGGCAGCGTGCCCAGAACGCCGGAGGGCTGCGCCGATCTGGCCATCACCATGTTTTTTCATTCTGTGGTGGCGCGCACTGCGGGCTTCAGCACCATTGATTTTGCGCTGCTGAGCGACGCGGCCCTGCTGGTGCTGATAGCCCTGATGTTTATAGGCGGCGCGCCGGGATCATGCGCGGGCGGCATAAAGGTGGTAACCTTCAGGGTGCTTGCGGGGTACATTGCGGCCCAGTTTCGGGGCGACTCCCAGATAGAACTGGAAGGGCGGGGCGTACCGACGGAAAATGTGCGCCGCGCGCTGACCCTGTTTTTTGCCTACACCCTGCTTGTAGTTTTTTCGCTGTTTTTGCTTACAGTTACCGAAAGCGACATCCTTGGCGCAAAGGATTCGCCCGGGCCATCGTTGCTGCGCCTGCTGTTTGAAGAGGTGTCGGCCCTGGGTACTGTGGGGCTTTCCGTCAATCTGACGCAAGACCTGAGCACAGCGGGCAAGGCCATTATCATTTTCAGTATGTTTGCGGGTCGGGTCGGCATTTTGAGCCTGTTGATGGCGGCGCAGAGCCTGCGGACCAAAAAGGCGTATAGCGTGGCAGAGGCCCAGCTACCCATTGGCTAGCGGCCTGTCGGGCAACGAGGTGCTACATGGCGGAAAAGAAAATGGAAATCGGCGTGATAGGTCTTGGCAAGTTTGGGCTGCGCATGGCCTCGACCCTGGTGTCGCTGGGGCATACCGTGCTTGGCATCGATATGTCGGAGGCCCGCGTGCAAAGGGCGGAGGAAGCCCTGGATACGGTGTACAAGGCCGACGCCACCAATATTGCCGTGCTGCGGTCGCTGCATGTGCAGGACCTGGACTGGGTGGTTATCAGCGTAGGGCAAAGCGTGGAGCAGTCGCTGAGCATAACCCTCAACGTGCAGGAACTGGGCGGCCCCAAGATATGGGTCAAGGCCTCCAACGAGGAACACAAAAAAATTCTGCAACGCCTGCACGTCACCCGCGCCATGGTGCCGGAAACCGAGGCGGCCGTCATGGCCGCCCACCAGCTGACCCACCCCGGCATGCTCGACCTCATCCCCAAGTACGGCGGCATCGCCATTCAGGAGCTGCGCGTGGAGCAGTGGGACGGCAAAACCCTGGTGGAGCTTAACCTCATGCAGAAATACGGCGTTATGGTCATGGGCATTCGCCCCGCCGGTAAAAACGAATTTGTGTTTGTGCCGCCTGCCATGACCGAGCTGCGCAAGGGCGATGCCCTTGTGGTGGCCGGAAAGGCCGATTCCATGAGCCAGCTCAACCCCTGACAACCGCCGCTGGTTTGCCCCAGTCCGGCGCCGTTTGGCGTAGGTCCGGCACCGTTTGGCGACGCCCTGCGGCTTTGACCCGAGCCTGATTTTACCCGTGCGGCCTTCTCCTCAATAGCAGGAGATGGCCGCACGGGTTTTTTGCGTCATGGGCGTCTGGTCTCTTTTATCTGGCTGCGGATCAGCCCTGGCCGCTGGCGTCGTCGCCGGGCAGGGCCCACCAGGGCAGCCCCCGCCATGCGGCATTGAGGGCTTTTTCCTGCTCGGGCCAGCGGGGAGAAAAGCGCGCAAGCTCCGCCCGGTAGGCAACGGAGTGGTTCATGTGGCGCAGATGGCACAGCTCGTGCCAGCACAAATGCTCCAACAGGGGGACCGGCAGCAGCAGGGCGCGCCAGTTGAGGCTGATGCGACCTTCCGGGCCGTTCGGGGCAGGGCCGGGCCTCTGGGCCACCATGTCGGCATCCTCCCTCCCTCCCATGCCAAGGGGCAGCGGGGCGGAAAAAAGATTGCGGATGCGTGCGGATATCTGGTGGAGCACCTTTGTGCGGTGGCCTCCCGGCCATTGCGTTGTCTGCGCGGGATGTTTTTGAAGACGTTGGCGCGAGCAGCTTCCCCAACGTGCGCGCTGGTCGCGCACGCTTACCCCGGCAAGGGCAAAGCCGCCGCTGACGGCCATATGCTCAAGAAAGGGCGGCAGCATGAGCGCCGCTTTTTTGCGGCTCCACTGGCGCAGGGCCTGCGCGCACAACGACAGGTCGTCCACGCTGCCAAAAAGGCTCAGCTGGTTTGCGTTCTCCACCAGCAACACCCGGCGCGCTCCCCTGGTCAGCTGCAGCGTGCCGGTCGCCGGGCTGGCTGTGGCTACCTTGCGGCCTGCGGCCATATCGCCCCCGGCAACCACCATGTAGCTTTCGCCCGTCAGGGGCAGGTCAACGCGCGCAGGCAGTTGCGGGGGCGGCAGCTTGCGCAGCTGGTTGCTTTTTGCCCGTTCGAGCCAGGGCACAAAGAGCTGCAGGCTTGCCTTGAGCTGTTGCGGCCCCATGCCCAGAGGTATGGCAAGCACAAGATCGCCTCGGGGAGAGAGCGAGAGCCTGGCTCGCCGGGCGCGTGGCGAAATGCGCACAGCCGCCGTCAGGCGCGTGCCGTCGGTCAGGGTAAATTCCACTGTTGAGGGAATGTCGTGCAGCGCGGCGGCAGGGACTTTTGAGGCTGGCATTGCGCAAGGCTGCCACAGCGGCCGGGGGCTGTAAAGACTGCCGTCGGCATGCTTGTTGCTTAACCTCCTGCGGA
CP036295.1_gap24	790260	792687	2427	GCATGCAGTTTGCGCTTGGCGGCGGCCTGCGTCAAGCAGCCGCGCAGGGCCTGGGCCTCAAGATGGTGCGAGCAGGAGGATGTGGCAAGTATGCCCCCCGGTGCAAGCAGCTGCACGGCCAGATCGTTGGCCTGACGATAGGCGGCCAGCCCCAGTGCGGCGTCTTTGCGGCGTTTGATAAAGGCTGGCGGGTCGAGACTGATCACCTCAAAGCGGCGGCCCTCGTCGCGCAGCTGGCGCAGCAGGTCAAAGGCGTCGCCGCACAGTATCTGGGCCTCGCAGCCGGGGGCGTTGGCCCTGGCGTTTTCTTCCGCAAAGGCAAGGGCCTGGGCCGAGGCGTCCACAAAGGTGACGGAGCGGGCGCCTGCCGCAGCCGCGCTGACGCCAAAACCGCCAACATAGCTGAAAATATCCAGCACGTCGGCGTCGGCGGCGTAGCGGGCAAGCTCCGTCCGGTTGGCCCGCTGGTCGTAAAACCAGCCTGTTTTTTGCCCTGTGGCGCACGGGGCGTAAAAGCGGCAGGTGTTTTCGGGCACTTCAAGCCTTTCGGGCAGCGGGCCTTCGCTCTGCTGCTCGCGCGAGAGGTTTTCGAGCCCGCGCGCTGCAAGGTCGTTGGCCCAGAGTATGGACGTTGGCTGCACAAGCGTGCGCAGGGCCTCCGTCAGCGCCTCTCGGCGTTGTTCCATACCTGCCGTGGTGACCTGCACGGTGAGGTGATCGCCGTAACGGTCAATGACCAGGCCGGGCAAAAAATCGCCCTCGCCGTGGCACAGCCGGTACCAGGGGCCGGGGTAGAGGCGCTGGCGCAGATTCAGGGCGGACTGGAGCCTCTGGGCAAGCAGGGGTTCGTCCAGCTCGGTATCGGGCCTGCGGCTGTGCAGGCGGGCGCAGATAAGCGAGGCCGGGTTGACGCACACGCTGCCAAGCGGTGCGCCGCGCCAGTCGCACAGGGTTGCGGCCTCGCCGGGGGTAAAGTCGGTAAGCGGGCTTTGCTTGACGTCCACCTCGTTGGCAAAAATCCACAGGTGTCCAGCGCGCACGCGCCGGTCTTCATTTTTTTTGAGCCAGAGTTTGCGCATAGGTTACTTTCCCGCTGCTTCGGCGGGGGCAGATGTTTGGGCGGCCTGGGCCGCAAGGGCGTTGATCTGTTCTTCAAGCGTCTGCTTGCCGGGAACGGCGCTGCATGAAAAGAGGGTGCCGGGGTCGTTGAGGGCGGCCAGCAGCTGCAAAATGCCGATGCGCTGGCCGCGCGCGCTTGTAACCTCGAGCTGGCCGGGGCGCTGCGCAAAGGTCAGCAGGGCCTCGCGGATGGCCTTGTTTTGCGGGGTAGGGTTCAACTCCAGCCCAGTGTCGAGGCTGTGGTGCAGGCTTGCCGCAGCCGCGCGCCCGTTGGGCGAAAGGTTGAGACCCAGCCAGGCAAGCGCGCCCCGGTCTTTCACCGTAAGCTGCAGATCGCTGAAGCTCTGCAGCAGCAGGGCCTGCTCGCTGCCGCTCATGGCGCCTGCGTCGTACAGCGTGAGCGAGCAGTTCACGTCGGTAAGGCTGTCGGCCTTGATGGAAATGGTCTTTTTGTGCGAGGCCGTGCTCAGGGCCAGACTTTCAAAGGACATGTCGGCCTTGAGGTCGGGCATGACAAGGCCAGACAGCTCCTGCAGCAGCTGACGGGGGGCCGCCAGATCGCGGATATAGCTTGTGGTGTGGCGCGGCGTGTTGGAAAGCCAGTCAAACCCCGCGCCGCTCACTGTCGCGACGCCGTTTTCCACGGCAAAGGCCATGCCCTCGGCACGTACCTGCCTGACAAGGGGCGGCTCGGCAGCAAGGATTTCTTCCACAATAGGGCCAAGGGTTTTGACGGCTGCGTCCATGTCGTCCTCGCCCATGGCGGCGGCGTCCATGAGGCGGTGCAGCAGGCCAATATCGGGCAGGGTAAGACCGTTTGCCTCAAAACTTGCCATGCGCATGCTTTCGCGGCCATTGAGGCGGCTCTGCATGTCGTCGATGCGCATCTGCTCGATGGCGGGGCCGTTCCATCCCGCAACCAGCGATTCCTTGACGGTCAGCTGGGCCAGACCGTCCTTGCCGGGCATGTTTACGCTCAGAAAATAGCTCTGCGCCCTGTCCGCGCCCATGAGGTACGAGGCAGCCAGCGCGTCGATGGGCGCGCCGTCAAGAAAACGGCCCACCAGCTCGCTCTCGCTGCGCAGCTCGTTTATTTCCTCCCGCTGCACCGAGGCGCGAACCTCGGGCGTACGCAGGGCGAGGTTGCGCAGCACGATGTTTTCGGCCACGGGCATCATGCCTGCATCCTTGAGGGCCACGGGCCGCAGCGGCGTGTAGGCTATCAGCATACGCAGCGGAATGCGCAGGGAGACCTCGGCCACTTCGTACGAAATGGGCCCCTGGGGCGTTTCGCCGCGCAGGCGCAGG
CP036295.1_gap25	812958	814320	1362	GGCTCCGAGAAAAAAGCACAGGCAGGCGGTAAAGCGACGCTCCGGCGCATTGGTGAAGCGTCCGTGGTCGAGAATATTGGTATGCACGCCGATGCGTTCTTCTTCGCGCAGGTAGTGCATGGCATAAAAGGACGCGGCCAGAAACAGCAGGCTGGCCAGCAGCAAAAAAAGCACCCCCAGCGCGTCCGGGGCCAGCAAACCGTCAAGTTCCGACGGGGTTTCGCCTCTGGCGACCCGCGCGGCGGTCATGACGGCAATGACGGTGTGCGCCAGCGCCGTCAGGGGCAGGCCCACGCGGCAGATCACGGCGCGGCCCCACAGCAGCATCATGCAGCCGGCGCAGAGGGGGATAAAAAGAAGAGCTGTCAGCATGCGCGCGTCCTAATCTCTGAGGCTGCGGAACCGGGCCACGTCAATGGAAGCAAAAGAGTCGCTGATGTGGTTGATGGCTATGCCCATGACAAACACCGCCACAAAAACGTCCAGCAGCAGGGCCAGTTCAAACCACACCGTACCAGTAGTCATCAGCGGCACGCCCAGCAAAAAGATGCCGTTTTCCGCCACCAGATAGCCAATGACCTGAGTGATGGCCTTGATGCGGCCCACAATGAGGATCAGCCCGCAAAACAGCGTGGCCAGCCCCGTGGGCAGCAGCAACGGCGGAAACAGCCCCAGCGGCATGACCAGTTTGCCGTCCAGCCAGATGGAAAACACCAGCCCGGCCATACCGGCCAGCACGCCCAGACCCACGCGGCGGGCGGGGCAGACGAGAGCGTCGGCGGGCAGCCTTTTTTGCGTGCGCCACAGCATGCCGGGCAGCAGAGCGCCCTTGATCAGCAACACCGCGCCTGCCAGCAGGGCATGCTCAAGACTCACCAGCAGGGCCGCCAGCAGCAGCCCCTGCAGGGCCGTGAGCCTGGTCATGCCGGGTACGCGGCGCGTGCCCAGCAGAAAAAAATTGCTCAGCACAAGCAAAAAAAGGCAGGATTGCAAGAGCGTGGTCATGGCTACCTCGCCTGGGTAAGAATAAGCGCCAGCGTGCCCATGGCCCCCGCCGCGCCAAGCAGATACGGAACCCGCTCCATGCGCAGCCGCGCCATGACCGATTCCACAATGCCCACAACAACTGCCAGCAGCAGCACAATGCCCACGCGCAAGCCCATCTGCTGCCACAGGGGCAGGGCGGGCGTAAGCAGGCCCGCAATCAGCGCCGCGAAAAACCAGAGTTTGAGGGCCCCGCCATACAGTATCATGGCCAGATTGGGGCCGGAGTGGTCAAGCACCATGACTTCATGTATCATGGTCAGTTCAAGGTGCGTGTTGGGGTCGTCCACCGGGATGCGGCAGTTTTCCACCAGCAGC
CP036295.1_gap26	818666	820318	1652	CAACGGCTGGCATATTTCCATTCCCGGCCCGGTTACCTACAAGGCCAACGACGCCCTGCGCGAGGCTGTAGCGCTGATACCCGCCGACCGCCTGCTGCTTGAAACAGACGCTCCCTACCTTGCGCCGCTGCCCTGGCGCGGCAAGCGCAACGAGCCAGCCTTTACCGTGTTTACCGTGCGGGCCATGGCCGAAGCGCGGGGAGAAAACGCCGCAGACCTCTGGCGCGCCTGCGGCGACAACGCCCGCCGGTTTTTCGGGCTGACAGCGGCTGTCTGAGCGGGTTTACGGCGATTGGCAGGCTGTCTGGGCAGGGTCTGTTCTTGTGTCCACATGCCGGAAGTGATACCATGCTCAAAGCCACTCGGAACGGTGGCCGAGAGTTGTTTTTACAGATATTCCCCCTGGCGGTCCGTGTCCGTCCGCTTTGCCGCAGCGCCTTGCAGCGGCGGGGCCGTCCCGGTGCGTCCTCTATAGTGTCAGCGAAAGCTGTTTACCCAACTTCAAGGAGATTCCATGTCGGATCTGCGTACACCCCTCACGGCCTGGCACGAGGCGCACGGCGCAAAAATGGCCCCTTTTGCCGGGTGGCTCATGCCCATCCAGTATGAGGGCATCATTGTAGAACATCAGCACACCCGCCAGCATGCGGGGCTTTTTGACATCTGCCACATGGGCGAATTTCTTATCGCGGGTCCCGGCGCGGACGAAGCCCTGAGCAAGGCCGTCAGCCACAACCTGCAGACCCTCGCGCCCGGCAAGTGCCGCTACGGCTTTTTGCTTAACGAAAAGGGCGGCGTGCTGGACGACGGCATCATCTACCGCTTCGGCTCCGACTCCTTCATGGCCGTAGTCAACGCGGCCTGCGCCGCCAACGACTTTGCCGTGCTGCGCTCGCGCCTGCCCGAAAGCGTCAAGATGACCGACATCTCGGCCGATACGGGCAAGATTGACCTGCAAGGGCCGGAATCGCTGGATGTGCTTGAAAAACTGCTGGGCCAGAATTTTCACGATCTCGGCTACTTCGGCTTTCGCGAAACCACCTGGCAGGGCTCGCCCCTGCTTGTAAGCCGCACCGGCTACACCGGCGAGCTGGGTTACGAACTGTACATCGCCTCGTCTGAAACCGAGGCTTTCTGGAATGCCCTGCTGGCCGACGAACGCGTCAAGCCCGTGGGCCTGGGCGCGCGCGACACCCTGCGCCTTGAGGCCGGTCTGCCCCTGTACGGCCATGATCTGGACGAAAATCACAGCCCTGCCGAAGCCGGCATGGGACGCATGATGACCAGCACCGCCGAGTATGTGGGCCGCGAAGGCGCGCAGAAGATCGCCAGCGTGCTGGTGCCCCTGCGCATTGACGGCCGCCGCGCCGCCCGCCACGGCGACGTTGTGGCCGCCGCCGACGGCACGGAAGTAGGCCATGTTACCAGCGGTTCGTTTGCGCCCTCGCTGGGCTATGTCATTGCCTTTGCCTGGGTGGACGCCGCCCATGCCGGGGCGGAAAATTTTGTCGTACGCGCCGCCAGAACGGAGCTGCCCGCCGCGCGGGTTGAAGCGCCGTTTTATACCCAGGGCACTGCGCGCAAAAAGTTTGCCTGATACGGTCGTCGCTTTGTGCGGGTCACCATCCGCAGCTGGTCGGCGTAATTTTTAT
CP036295.1_gap27	910085	911708	1623	CGCCTCCGCCTCTGAAATCGTGGCGGGCGCTCTGCGCGACCAGAAGCGCGCCCTCACTGTGGGCGAGCGCTCGTTTGGCAAGGGCTCGGTGCAGAACATCATTCCGCTTTCCGACGGCTCGGGCCTCAAGCTTACGGTTGCCCTGTACTACACGCCCAGCGGCAGCTCCATTCAGGCCGAGGGGATCGTGCCCGATGTGGAAGTGCCTTTTGAGGCTCCGCGCACAGACGACAAGGACAACGCCCGTCTGATGGTGCGCGAGCAGGATCTGAACCGCCACCTTGAAAACGGCAAGGACAAAAAGTCTTCCAAGGCCAAAAGCGGCAAGGAAGAAACCGCCGAGCAGCTCGCGCGCGACAACCAGTTGCGCATGGCCCTGCAGATGGTCAAAAGCCTGCCCAAGATGCGGGAAATCAGAAACTAACCCCGCACCGCTTCAGGGCGGACGGGCAAAAAACACAGGGTGTTGCCGTTGCGCGACACAAAGTTATCAGACAGCCCTTCGGCCAGACCCTTGCGGCCCGCCGAAGGGCTGTCTGCGTCTGGGCAGCTGGCTATTGGCGGCGTGCTGTGGCTCGTGCTCAGCTTCGCATTGTCCTGCTGGGTGTACTGGCGGTCGCTGGGGGCAGACCCGCAGCCGCAGCCTTTGTCCGGCGTCGCGCAGCCCGTGTCCGTGCACGCGCCGGGGCTTGCGGCTTCGCATGCTGCCGGGCCGTTTTTTGACAGGGCCCTGGCGCTGCAAACCGTTGACGCCCTGGTGGCGCACCTTTTGCCTCTCGCATTGCCCGAGGCCCAATGGCAGCTGGCAGCGCCGCCGTACGGCAGCGGCGACAGGACGGGGCAAAACCCGTATGTCCAGGCTGCGGCGAGCCCGGCAGCAGAGACTTCTGCTCTCCCTCCGGCGACAGATACCCTTGCGGCAACAGGGCCTGCTGCTGCGCCCGGCGACGACAGCCTTCGGCAGTATGTCGTCAGCGGCCCCTGCGCGCCCTTGCGTCTGGGGCTGGCCCTGCTTGAAGGGCTGCGCGCCCGGCAGGATGCCCTGCAAAGCGCCGGTGCGCGGGCTTCAGTGCGCTGGTCGCCACAGGCAACCCTTGAAGTTTTATTGAATAACAGTGTATGTTGCGTGTTCGCCTTTCCGGGGCGTGAGGGGCAGCTGGCCGACCTTGCCCAGCCCTTGCCTGCGGCGGCCCTGGCCGTGATTATCGACGACATGGGGCAGAAAACTGCGGCTGCGGATGAAGCCGCAGCGCTGCTGTTTCCCGTGACGTTCGCCATCTGGCCCAAGGCGCCGCACGCTGCGGAAACAGCTGATATCGCGGCCTCGCGACGGCTTGACTGTCTTTTGCATCAACCCATGGAAGCCCTGCCAAGGGCTGACCACCGGCGGCCCGATCCCGGCCCCGGAGCGCTGCTCACAAGCATGAGCGCGCAGCAGATCAGGGCGGTTGTTGAGGACAACCTGCGGGCGGTGCCCACGGTTATAGGGCTGAACAACCACATGGGATCGGCATTTACGGGCGATATTTCACTGTGCGAGGTTCTGGCGGGCATGCTGGGCGAGCGCGGCCTTGCCGTGATCGACAGCGTTACGCGGCCTGATCCGCAGCTGGCCGTTGCCGC
CP036295.1_gap28	919218	922223	3005	AATTGATCAGGTAGCGGTCAATGGGATTCTTGATGAGCAGCTGGGTTTTGCCATCGTACATGGTCACAGACCAGAAAGCCTTGGCCGGAGGGTACTGCCCGGCAGGGATGGTCAGGCGGTACTTGTGCTTGCTGCCGTCCAGAGCCGTGCCGTCGGCCAGGGTTTTGGTCATGGGGTACACGGCTTCGCCCGCGTCGTTGCCGTAAATGCCCGCGCTGGCTCCGCCCGCCCGCATTATCCAGTTGCCGTTGAAAAATTCGCGGTTGCCAAAGGGCGAGCTCATCTTCCAGCCGTTTACGCGTATGCCCGGCCTGTTGACCGCCGCATCCACCATGGCCTCGCCCTTTTTTATGCCCCGCAGCAGTGCCGCCTGGCTGTCCTTGGGCAGAGCGTCAAAGGCAAAGTGTTTGCCCGCCACCACGCCGATGCTGGCAAGCTGCGCACGGATGGCGGTTTCCTCCGGTCCGGCGGGGGCAAACTGCAGGGCAAAGGCGAGATAGTCGAAAAATTCGGGCTTCTGAAAGTCCTGCCCGATGTTGGGAAAGGCCGGCATGGGCAGCGCCTTGGGCGGCTTTTGCCCCAAAAAGGCCGAGAGCGGCTGCACGGCGTAGCCTGCCTGAAATTTTTTGACGTTATCAATATCCGCAGGGTTGAAAAGCTGGGTGCGGAACAAGGCCAGCGCAAACTGCGCATCAGAGCGGAATACGCGCATGCCTGCAGGCGTTGCGCCCTTCCATCCCGGCCCGGCGACCAGGTAGCTGCCCCCGCCGTTGCCCGTGGTACGGCTGCCGATGTAGCCAAAGTTAAAGGTATTGGCATCCACCAGTTGCACGCTGAAATATCGCCCGTCCGTCGTCGCCGGTACGCTGATGACCACCGGCTCTGCCCGCAGGTCAAGGCAGGCAAAAGAGTAGGGCGTGTCGCTGTTGGGCGTGATTACCACCGTATCCTTGTAGGTAAAAACCTGCGCGACATTGTGGATGGCGTTGAACGGCGCTTTGTACTGCGGCGAATGCGTGTCCACGGAATACTCGTAGGTGACGGCGTAGTGCATCACTATGGGCAGGCCGTACACGTAGCCCTGCGCGGCAATGTTTTCTACGGTTGCGGCATCGGGAAACGGTTTCGCCTGTGGGGCGTCAGCCGCCATGGCTGGCGACTGGAGCGCCAGAGCCAGAAAAAACGCCGCCCAGAATCGCGCCGCAAACGCAGCAGAAAAAAATTTGTTCATACAGCCTCACCAACTGTTAAAAGCTCGCGGGCAAAGAGTTGCCTCAGGCTTTTGGCTTGCCCCACTTGCGCGGTAAAAGCAACCTCCGCACTGTTTGTGCGCCCCGGCATGGACAAGGTGCTCGCCACTGGCTATCCTTTGTGGGCCGGGTTTGCCCCTGGCCGGAAATTGTGTGAAACGGCAACCGCTTGCGGCGATTGCCTGTAGGGAGGAATATGACTGTCCCCCGTAAGATGGTAGGCGTTGGCGCGGTGTTGGCCGTGCTGCTGGCGGTTGTGTTGCTGTGGCAGTGGTGGCTTCGCCATGACGGCGACAGTCTGGTGCTGTACGGCAATGTGGATATCCGGCAGGTGGACCTGGGCTTTCGCGTCAACGGGCGCATTGCAAAGGTGCTGGTGGACGAGGGCGACGCTGTTGCCCCCGGTCAGCCCCTTGCCCTGCTGGATAACGACCTGCTGACGCAGCAGCGCGATCAGGCCGCGGCGGAACTCGAAAAACAGCAGGCCTCGCTGCTGCGGCTAGAACGCGGCTACAGGGTGGAAGAAATCGCCCAGGCCCGGGCGGCCGTGAGCGGGTCAGCCGCGCTGGCCGAAAACGCGCAGATCAATTTTAACCGCGTGTCCGCCATGCGGGTCTCCAACGCCATTTCGCAAAAAGATCTGGACAACGCCCGCGCCCAGTACCGCGAGGCCCGCGCCAAGCTGCGGTCCAATCAGGATCAGCTCGACATGTTGCTTGCCGGTTACCGCGAGGAAGAAGTGCTGGCGCAAAAAGCGGCTGTGGCCGCTGCCGCCGCCGCGCTCAACCATGCTGAGATACAGCTGCAGGACGCAACCCTTGTGGCCCCGCAAAAAGGCATAGTGCTTACCCGCGCCCGCGAGGCCGGGGCCATCGTGCAGGCCGGGCAGGCCGTGTACACGCTTACGCTTACCGATCCCCTGTGGCTGCGGGCCTATGTGGACGAACCCAATCTGGGGCGCGTCAAACCCGGCATGCCGGTCAATGTTCTGGTGGACGCAGCGCCGGGCAAAAAATTTCCCGGCACGGTGGGCTTTATCTCGCCTACGGCGGAATTTACCCCCAAGACGGTTGAAACGCGCGAAGTGCGCACGGCTCTGGTCTACCGTCTGCGCGTGCAGGCCGAGGACCCGGAAAACGTCATGCGGCAGGGCATGCCGGTAACCATCATCCTGCAGGATGCTCCCTAGCCATGACCGCTGTCGCCGCCGACGGGCAGGCCGTCCGCCTTGAAGGGCTGGTCATGCGCTTTGGCAAGGGGCGCGAAGCTGTGACGGCTCTGGACGGTGTAAGCGCACGCATCCCCGCCGGGCGCATTACAGGCCTGGTGGGGCCTGACGCTGCGGGCAAAACCACGCTTATGCGCATCATGGCCGGGCTCATGCCGCCCAGCGAGGGGCGGGCCGAGCTTTTTGGGCAAAGCCCGGAGGAGCTCATGCGCAGCCAGCCCAACAGCATCGGCTACATGCCGCAGCGCTTTGGCCTGTACGAGGATATTTCCGTCATGGCCAACATGCGCCTGCACGCCAGCCTGCGCGGGCTTGAAGGGGCGGAGCGCGACCGTGTTTTTGAAAAGCTGCTGGGGTTCACCAGCCTTGCTCCTTTTACCGACCGGCTTGCGGGCAGGCTTTCGGGCGGCATGAAGCAGAAACTGGGCATTGCCTGCGCCCTGCTGGGGTCGCCGCGTCTGCTGCTGCTTGACGAACCGGGCGTGGGCGTTGACCCGCAATCGCGCCGCGAGCTGTGGCGCATGGTG
CP036295.1_gap29	1012963	1014393	1430	GGCGGCCACCTCGGCGGCAGTGATGCGACGCTCGTCGTCTTGCCGTGCCTTGTGCATGAAGCGCACCCTGCCAATGGCTATGCCAGGCGAAACAGGTGTGCCGAAAAGTACCGCGCGGGCCATGTCAATCCTGCAAATTGGTTAAAAATTGAGCCAGGCCGCAAAGGGCCTCGCGGGCGTCGTCGCCCTGAGCCAGCAATGTAAGCTCCGCATTGGCGGGCGGCGCGAGCGAAAGTATGTCCAGCATGCTTTTGGCGTCCACCTCGCCGGTGTCGCTGACAAGCTGTATATCAGAGGAATAGCGTTGCGCTTCCTGCGCCAGGCGTGCGGCCGGTCTGGCGTGCAGCCCGTTGCGCAGGCCCAGGCATATCCGCACCGCCAGACCTCGCGGCGTTTGTTCTATGGCGTCTTCCATCATCCTACCTTTGAACGTCATTTCGGTTGGTGGGACAAAGCGCGTCCGTTACCGAAAAACATGTATATTCTACATGCCTATGAAGCCCAAGTCCACGAGAATAAGCGCTCCTGTGGTCACCGCCCAAAGCAGCAGGCGAGGCAGGCGCATGTATCCCACGAGCCATGCGGCGGTCAGTACCGCTGCGGCCCCCAGGGCATAGGCAGTCCAGGGAAAGGGCTTGATCCTGCTGAGGGGCAGGTGCCAGATGACCAGAGCTGCCAGCGCCGCATTGATCATCTTGAGCCTGTCCACCCAGTTGATGAGGTTGAGCCTGCGCAGCTGCACAAGGGTTGCCAGCCCGTAGCGCAGGCCCGAGATAAAACAGATGGCCCGGAACAGCAGCAGGGCGCAAAAAAGGCCAATCGCCAGCATTACCGCCAGGCTGGTGAACCCGGCCAGCAACAGACTGACGCTGAGCAGCGACCACAGCGGCAGCAGCGTGCCGCTGAAAAAGGAATCGCCAAGGGCCGAAAGGGTCGTGGCCAGGGTTTCGCGCACGGAATTGAGCGCGGCCTCCGGCAGCGACCCCTTGGCAATGGCCTGCTCAAGCGAAAGAAGAATGCCCACAAAAAGGGGAATCATAAACGGGTGGGTGTTGCTGTGCCCCGCGTAACGGCCCATGGCGCGGGCAAAGTCGGCGGGCTCCGGGTAGAGCTCGCGCAGGGCAGGCTCAAGCACAAAGGCCAGGCCTATCTGCTGCATACCCCTGGCTGTCGTGGCTGCATTGATGCAGCCAGTGCGTGCCAGACAGGCAAGTACGACGCGTTTGGGATACATGGCAACCCCGTGACATGCCGGTTGGGCTGTTAGGGCGCGGGCAAACGCCGGGTTGGGCACTGGCGCATACGCTGACGCTTGCGGGCCAGAATACCCTGCGCAGTGGGCCGGTCTGCCTGCCCGTTGTAAACCACCTGTTATGTGCCGCCAGTTGCGGGCCGCGTGCCCCGAGGTCTATTCCGGCTCCGCCTGTTCG
CP036295.1_gap30	1109222	1111729	2507	TGCAAAGATGTCAGGTGGAAACAATACAGTAAAGTTAATCCCGATTAAGCTAATTTTATTTAAATAAATCAGGTAGATTACACTGTTTAAAATTTTTTTTCAAGCCAAACAAAAAATTTTTTGAACAAGCGGCAAATAAATTTTTTATACTGATTTGGTAGGATAAAATTTATCTGTGATGTCGGCCCAATAAAAAAGGCCGGCTTGCGCCGACCTTTAGTGCTGAAAAAATGGTAAATTTTTTGATTTGGTATGATTACTTACATGGGTATCTACATGAGGATGCGATGGTCGTGCATCAGATCGCGCAGGGTGATTGAATCAAATACTCCGTCAAGGGTCGACTGCAGGTTTTCCCAGGCTTTTCTTACTTCGCAGCCATCAAAGCGCGCGCATTCACCGGGTTTTTCCATACAGTTGGTAAGTTCTATCCCGCCTTCCATGAGATTGACAATACATCCAAATGTGAGTTCCTCAGGCTTGCGCAAGAGTACATGACCGCCCTTGGCCCCTCGTATGCTGCCCGTTATGCCCGCCAATCGCAGCTGGCGTAATATCTGCTCGCTAAATTGCGAGCTGATGCCCGTTTGCGCTGCCAGATGGCTGGAAGAGACTGGTTTTTCCATGCCGTTTTGGGCCAGAAATAGAAGGATTCTGGCAGCATAGCGTGTTTTGGCCGAGAGCTTCATTTTGTATCCCTCTTGAGCAGATTAAATGTATATCTGCCATGCCTGCCGGCGACTCTGCGCCGTTAATGCGGCTGTTTTCTTACTTTTGACACGCAACCATAACACATAAATTTGTGCATGGGCAGTATTTTTTTTTTGCCGCGCAAGGGTTGCGAAACTATTCACATTGCTGAAAACGCGGAAAAATCGGGTATGTCATGCGGGTATTTTTGATCAGCTTCCCGCTTGACGGCATGAAAATGGTGCGCTAAAAACATGATCAAAACAGTCTAAATTAGACAGATATGGTTTCGAGCCAATTATTGTCTCCTGCAAAATAAGGAATGAATATGCGTATTTCGACAATGGCCTGCCATGCTTTGCACCTGCTCTTGTGCCTTTCTGAACAAAGTGAGGACATCCCGGCCTCTGCGTCCGAGCTTTCGGTCTGCACGGGCATCTCTGAAAAATTTGTTCAAAAGATCATGCGCCTGCTTCAGGCAGAGGGCATTGTCAAAAGCGTTCGCGGTATTGCCGGCGGTCATATGCTTGCGCGTACGCCTGACGAAATTACCCTGGCGGACATTATTTTTGCAGTTGAGGGCGGTATTTCCCTGCCTGGCGTGAACCAGGCCGCGCCCGTGGGCAAAGTGGCCTTTGACGCATGGGATAAGGTCGCCCGCTCCATGCACAGTTCGCTTGAAGCCGTGACTCTTGGTTCAGTTCGACAAAGCAGCGCTTCGACGCAGCGGCATGCCACCCGCCGCAGGGTGGCGCAACCTTCTTCTCCGCTTCTGCCGGAGACCGACTTTGGAGGCACCAATGCAAAAGCATATTCTCTTGGTAGACAGCGATGCCGAAAGCCAAAGCAGGCTGTCCCAAACCCTTCAGCAGTGTAATTACCGGGTAAGCACAGCAAAAACCTGCGCGGAAAGCCTGGCCATGGTCGAGAGCGACCGCCCCGACTGCATCGTGTTTGATGTGGAACTAGAGGGAACCTCTGGAACCATCATGTACAGTCGGCTGCGCCGCAATGCGGGCACGAGGTCGCTCCCTGCTGTGGTATGCACCTCTGTGGGGCCCAGACCGGTCTGCTTTGGTACGGGCATACCTGTACTTTCAAAGAACTGTTCGAGCGACGCGCTGCTGTCTACCGTCAGCGCCGCCATGGCATAGCAGCCTTGCTGCGTGCCTGACGGTCAGGCTGGGATGATGCCCGACCGTCAGGGCTTGTTTGTTCTGCTGGTGCGCCTTGCAAAAGGACAAACCTAAGCGCACCCTGCAGCGAGTCTCTCTACGCAGCCATGTGAGAAATCAATTACTTTGGGCCCGCCTGCCAACAGGCGGGCTCATGTTATTTGCTGATAGCCTGCCTACACCTCGTTGTGGGGTATGTGGTCGGGGATGATCAGCATATCAACCAGCAGAGGCTTGAGGAACGACCACTTGATGTTGTGCTCTTCGTACACTTCCATCATGTCGCGGATGGCGTCCCAACAGTTGTGGCAGGGCGTGATGACCATTTCCGCACCGGTGGCGTGTATCTGATCCAGTTTGTTTTTGAGGCCAATGTTGCGTTCTTTGCGGTAGATGCCGATGCCGTTCAAACCGCCGCCTCCGCCGCAGCAGAAGTTGTGGTCGCCCTTGGGGTCCATCTCGCGGAAGTCTTCGGCTATGTAGCCCATGATTTCGCGGGTGGCCATGCCGAGCCCGTGGTTGCGCACGTAGTTGCACGAATCCTGAAGTGTGCAGGGCATCTTGAGCTTTTTGGCAGGGTCAATCTTGAGCTTGCCCGTGCGCAGCATTTCCGCGACCCATTCCACGTAGTGCATAAAACGC
CP036295.1_gap31	1226523	1227216	693	CATGGTATTTTCTGTCGTGAGGAAAATTCACGATCGTCTCCTTTTTATTGCCTGGTTACGGAAGCGTCACGCCGGTTTTGGGAGCTGTAATGGCCATGGGTACGATTTCATCCAGCGTGGGGTGTGCAAACATCACCTCGTGCAGATTCTGCGCTGTATAGCCGTCCCTGATGAGCAGCAGGGCCACCATGACAAGGTGCGATACACCAGCCCCTACAGCGGCGATACCCGCGATGCGCCCTTCGCTCCAGACCACCTTGACGAATCCGGCGGTGCCTCCGCTGGCCTGGGCAATGGGGTTGAGCGACAGGGGAGCCTGCGAAACCTCAACGCTTTTGCCTTCGCGCAACAGGGCTTCTGCCGTCTGGCCCACGCGCATGACCTCGGTTGCGCCATAGACGCATGAGGGTACAGGGCCAGACTGGTACTCGTGCCGGCAATTGCCGAGGATGCGGTTGGCCACGTACACAGCCTGATGCTCCGCAGCGTGCGCCAGCAGTACAAGGCCGTTGACGTCGCCTATGGCGTAAACATTGGGGGCAGCCTGCAAGCACCCGTCAGTCTCCACATAACCGCGCCTGTTGAGGCTGCAGCCCAGCTGCTCGGCGCTGAGCCCGGCGGTGTTGGGCGTGCGGCCCACAGCCACCAGCGCCTTGGCGGCCGTAATGACCGTGCCGTCGTCCAGGGTGAGCT
CP036295.1_gap32	1228514	1230567	2053	AACGCAGGTCTCGAGCGTATGGCCCGAAAGCAGATAGGCGATGATTTCGCCCGAGCCCTGCTTGATGACCTGTCCGTCGGCAAACAGCGGAAACTCCACACCTTCCGGGTTGCGATAAATGGCCTTGCGGTTTGTGCGGTAGAAGGTGTTGAAATCCTGCGCGTCGGCCTTGAAATCTATGGTGTCGTACGCCAGCCCGCGTTCGGCAAGAAAGGCTTTGACAATCTTGCAGCGGATGCAGTCCGGCGCAGTGTAAAGGGTTATGCCCATGATAAATCCTCCTGATTCGACAAAGCTGCAAACGTCGATGTTGGTATTGTCTTGATATCCCAGCTGGCTAGGCAATGTCTTCGAGCGACTTGCCGCCAGTGCGGGCACCCCACACGCCAACGATAATGGCGGGGATGATGCACAGCAGGCTGAAAATATAAAACACTCCGTCAAAACTGTATGCTGCATAGACAACAGGAATGAGAGGTTGTGAAAAGGCAACGGCCAGACGCCCGACGGACGAGTGAAAGCCGGTGGCGGTGTTGCGCAGGTGCGTGGGGTACGACTCCGCAGTGTAGGAAAAAACGGTGAAACCCATGCCCATGACAAAGGCCGTAAGTATCGCGCCTATAAGGACCACAACCCAGTACTGGCTCACATTGCCAAAGATGGGGGCCAGTACCGCCATCATGGCCAGCATGACGACAATGGGAATCTTGCGCCCGCCCATGTCGGTAAACGAGCTGGAGGCAAACAGCCCGAGCGGCACGCCGATGGAAATAAGCGTGGTGGCCATGAGGGTATCTTCAAGAGGGAACCCGTGCGCCTTGAGCAGGGTGGCCGTCCAGTTGGTGACCACAAAGGTGGCGGGGTTGGTGCACACAACCAGCAAAAAAATGACAAGCGTGCGCCTGAGGTACTTGGGGCTGCACATGCCGAGCAGTACTTCCCTGATCGGGGGCTTGCCGGTCAGGCACTTGCTGGCGGCTGCGGCAAGGTCGATGTCTTTGCCGGTAATGTCCTTCATGACGGCTTCGGCCTCGGCGATGCGGCCGCGCGCAACCAGCCAGCGGGGGGATTCGTCCAGGTAGCGCCAGGCAACGATCAGGGCAATGTAGCCTATGCCGCCCATATAAAAAATGTAGCGCCAGGCTTCCTCATGCAGGGGAATGATCAGCCGGCAAAGCAGGCCTACGACCGGCACGGCGCAAAAACCAACGCCGGCGACCATGTTTTGCCATTTGCCGCGGCTCTCGGCCGGGGCCATCTCTGCAATATAGGCCTGCGAACATACCATGAGGCAAAACACGCCAAAGCCCGTCAGCGCGCGCGACGCTACAAATACGTGGAAGCTGTCAGTAAGGCCGTTGATGATGGACGCTGTGGAAAACAGGGTGATCGCAATAAGAAAGGTTTTGCGCCTGCCAATAATGTCTGAGATGAACCCGCCGACAAAACCGCCGCAGGTCATGGCCGTAAAGTACCAAAAGGTAACCGTGCCGAGGTCCTTCATGGTCAGGCCCCAGTTGTGCATCAACGCGGGGGCGATAAAGCCGAAGTTCCAGTTGTCCATCTGCTCGCAAAAGTATGCGATCATGATGATAAAGAACACAGCCTTATGACGTCCTGTAACAGCAAGGCCGTCAAAGTAGTTATTGCTGATGCGCGGCGAATCCTGCATTGCGCCTCTCCTTTTCATTGTCTGCCACTTCGCATGTTTTGTGAAAAAAATCATCCACTGCCGATCCTGGTTCAAAAACCTAGAGCAGCGGGATTATTGGCGACGTTGTTACGGCAACATTTTAGAGATATTTATTTCACATTTGTAATAAATATTAATTAAATTATGCAATTATATTAATTGTTGGAAAGCCTTACCTGGATTGTGAAAAAATAGACTTTTTTCAAAAAATGTTGTTCCGGCAACGGTGCAAGCCTGTGGAAAAAGCCACTACAGAGCATTGTTGGATAAAGGTTCTGTTTGGTTGCACCAACTTGCACAGGAGGAATGATGAAAGCTGTCCGTGACAACATGCTGGGATTGTTGCTTGCCGGAGGCTTG
CP036295.1_gap33	1241325	1243413	2088	CGTCTGGGCATTCTGGCCGTTATTGTGGAAGACATGGCAAAGGAAGGCGAGTGGTGGCAACTTGAAGTAAGCAAGGACCACGCCAGGCTGATTCCCGCTGAAGTGGCCGGGCTCAACAACTTTGACGCCGTTGCCAAACTTGTGGAAAAATACGGCAAAGACTGCAGCTATATCACCATTGGCCGTGCGGGCGAGTTCAAGCTCACTGCGGCCTCCATCGCCTGCACCGACCGCGAGCTGCGCCCCATGCGTCATGCCGGGCGCGGCGGCGTTGGCGCTGTCATGGGTTCCAAGGGCCTCAAGGCCATCATTGTGAACCCCGAGGGCGGCAAGAGCCAGCCCCTGATGGACGAAAAAGCCTTTCGCGAGGCTTCCAAACGCTTTGCAACGGCTCTTTCGGAGCATCCCATTACAAGCAAGGGCCTTGCCGAATACGGCACAGCCGTGCTGGTCAACATTCTGCACGAAGCGGGCGGCCTGCCCACGGCCAACTTTACCGTGGGCCAGTTTGACAAGCACGAGTCCATTTCGGGCGAGCTTATGAACAAGCTCACCAAGGAACGCGGCGGCGAGGGCATTGTGGCCCACGGCTGCATGAGCGGCTGCATGATCCGCTGCAGCGGTATTTTGCCGGACAAAAAGGGCAAGTTCCAGAGCAAGTGGCCTGAATACGAAACCCTGTGGTGCTTTGGCCCGCACTCCGGCATCAGCGACCTGGACGCCATCTCCAAGTACGACTACATGTGCGACGATATCGGCGTGGACACTATCGACGTCGGCGTTGCTGTGGGCGTTGCCATGGCTGGCGGGGGCATACCTTACGGCGATACCAAGGCCGTGCTTGAGGTCATGAACGGCATCAGCGAGGGCACGCCCATCGGTCGCGTCATCGGCTGCGGCGCGGCGACCGCGGGCCGGGTGTTTGGCGTACGGCGCGTGCCTACTGTCAAGGGCCAGAGCCTGCCCGCGTACGATCCCCGCGCGGTCAAGGGCCAGGGCGTTACCTACGCCACCACCCCCATGGGCGCCGACCACACGGCCGGTTACGCCGTTACGTCCAACATCCTCAACTGCGGCGGCACGGTTGATCCGCTCAAGAAGGAAGGCCAGATCGAGCTTTCGCGCAACCTGCAGGTCGCTACCGCGTCTGTGGATTCCGTGGGGCTGTGCCTGTTTACGGCCTTTGCCATCCTTGACGTGCCGGACGCGTTGCCCGCCATCGTGGACATGCTCAACGCCAAGTTTGGCTGGCAGCTCACCGGCGACGACGTGGTAACGCTGGGCCAGCGCATTCTGTCGACAGAAATCGACTTCAACCGCCGCGCGGGCATTACCCAGGCTGCGGACGTGCTGCCCGAGTTCTTTACTGACGAAAAGCTGCCCCCGCACAACACCACCTTTGACATCACCCACGAAGAACTCAAAACAGTGTTCAACTGGATTGAGGAAAAGAAGTAGGGTTCAGTATTGGCCGCCGCTCCGCCTGGAGCGGGGCGGCGGCCGCGAATTTCGTTTTACGGCGGCGCGAGGTGCGCGCCCCGGCTGGCTTGACTGCTTTTGGGCAGAGCGGGCATAATTGGACAAGACCTGGCAAGGTCAAGGAGAGTCCATGAAACTGACCGTTAAGTTGAGCACCACCCTGCGGGACTGTGTGCCAGGCTACGTGCCGGAAACAGGCTTGCAGGTGGAAATGCCGGAAGGAAGCACCGTGGCCCAGCTGGCGCAACGCCTGGGGTTGCCGCCGCAGGACATCAAAATTGTCATGGTCAACGGACGCCAGCATAAGGTGGACGATCCCATGCGCGACGGTGACCGTATTGCCTATTTTCCGGCGGTCGGAGGAGGCTAGGCCCGTTGACCATGACAACACCAGATCCGCACGATTTTTTCCATCCATACATCCGGGCGACCTATCTGACGGAGACCGCCGCTTGCGGCCAGCGCGAAACGCTGTTTGTAAGCCTTGAGGGCCAGCGGCTTTGGGCTGCCCGTAACGGCATGACCCTGCGTGCCGCCATGGTTCATCTGCTTGGCTGCAACATCTGGCCCGAACGCTTTCGCCGTAATTTCGGGCTTTTTTCTGCGCAG
CP036295.1_gap34	1289492	1292207	2715	CGCTGATGAGCGCGGTCAGGCGGCTGCCCAGATCGGCCATGTTCAGGCGGGCCTGACCCTCGTACTTGTGGTAGGGGATGCCAAAGCCGCCGCCAAAGTCGATGACTTCAAGCTTGGCCAGCATGCTGGCGGGCAGGCGGTCGGCAAGGTGCAGCAGCACTTCGGCGGCGTCGAGGTATCCGCCGGGCTCCATAAAGAGCGAGCCGATGTGCTGGTTGATGCCCGCAAGGGTGAGGTCGTGCTTTTCAAGCAGGGCAAACACGTCGTCCAGTTTGTCGGGGGTGACGCCAAACTTGGTTTCCTTGCCAGCCGTCACGACCTTGGCATGGTGGCCCGCGCCGATGCCGGGGTTAAAGCGCACCATGACCTTGCCGCCGTGGTTGATGCGGCCAAGGGTGTCGAGCTGCGAAAGGGAATCGACGCTCACAAGCAGGCCGCGCGAAACCGCGTTTTGCAGCTCGGCCTCGGAGTTGTTGTTGGAGATGTACAGTATCTCCGCCGGGGTAAAGCCAGACAGCTCGTCCATGTACAGCTCGCCGGGGCTCATGGCGTCCACCACCAGCCCCTCCTGGCGCACGATGCGCAGCAGGGCGGGGGTTGCATTGGCTTTGACGGAGTAGTTTACGCCGAACCCCGGGTGTTTTGAAAGACCCATAAGATCGCGGCAATGCTGCCGCAGCACGTTTTCGTTGTAGACGTAGAGGGGCGTGCCGTAGGTTTCAGCCAGCTCGCGGGGGGTGTGGCGGCCGTAAAAATTGCATTCGTCGGTGTACGTGGAGCGGATGTCGGACATAAATACCTCTGAGATGATACCTCTGAAAGATTGCATAAGCCGCCCTGACCAGAGCGGAGGCTTCCCGTTGAGAGCAATTGTTGATTATCCGTACGGTTTCGCGCTCTGTCAAGTGCGCTGACAGGTATTGCAGCCGCTTGCGCAGCGGCCGACAGCGTAAAAGCAGGCGGTGCAAAACATGCGGGCACAGGTCGGCAACGGTGCAGGCCCAATGCCCGCAAACCCGCGCAAATGCGGGACGAGGGGCACGTTGCCCAAGGTGCAACATTGACATAACCCCCCTGTCATGTTTTGCTTATATTTTACTGGGCGTTGTTCTTTTCGCGCGCGGGCCTGGCCTGCGCAGCGCCTGCCGCCAGTGTGGCCAGGAGTAGCCGCTGACCGCCCATACACACTGCATATGGAGTAGTTATGCCTATCAAAAAAGGCGATACGGTGCGTGCGCACTACACGGGCACCCTTGACGACGGCACGGTGTTCGACTCTTCGCGTGAGCGCGAACCCCTTGAATTTGTGCTGGGCAAGGGCATGTTGATTCCGGGTTTTGAGAGCGCCGTAGAGGGCCGCGAAGCGGGCGAAACCGTTACCGTGACCATTGCGCCTGACGATGCCTACGGCGATGCCGATCCCGAACTCGTGTTCACCGTTCCCCGCGCCCAGGTGCCCGACCATATTCCCCTCAACGTCGGCGTGCCGTTGCAGCTCTCCAACGAGCAGGGCCAGATGGACGTGACCATCACCGAAGTGGGTGCGGACGAGATCACCCTTGACGCCAACCACCCCCTGGCGGGCAAAACGTTGACGTTTGAAATTGAAATCGTGAGCGTTGGCTAGAAGCTGCCGACGTTGAGAGAGTATTTCTCAAGGTGCATCAGCCCTTGCCGCGACGCCTGACAGCCTCGCGGCGGGCATGCGTTAACGCAGCGCGAGCAGTTTTGCCTGAAATTGCACGACCTGCGGTTTTGCTTGCAGCTGTTGAAGAGGTGCGCCTGGCACAACCGCCTGCTGCCGTTTACGGGCAGCGGGCGCGGCGCACCTTTTTAACGGTATCGTTTAGGCTGTACTGGTCTGAGCTGTTGTCGCGCAGGCCTGGATGACATGGTTTTGGAGCGGGCGCTGCCCAAGCGTCCTGCGTGCTTTTGCGGCGGCTCCCCTTGTCCGCGTGCTTCAGGGCGGCACGGGCGCGGGCGTTACAGCGGCTGCTGCAAAGGCGCATGTCCAACCGCCGCAATCGGGATTATCGCACCCACAACACAGCGCACGCCCTGAGCGCGAGGTTCGTCCATGAGCAGTAAATCCGCCAGACAGAGCGCCATTGAGGCCATCACCACCTACAAACCCGAAGCGGCCCCCCTCAACTTCGTGGATACCAAACCCACAGATATTTTCGGGTGCAACGTGTTTAATGACCGCGTCATGCGCGAGCGCCTGCCCAAGAGCGTGTACAAGGAGCTGCGCAAGACCATTGAGTTTGGCGAACGCATGGACCCCGCCATCGCCGACACCGTTGCCGCAGTGATGAAAGACTGGGCCATCGAAAGAGGGGCAACCCATTTTACCCACATTTTTTATCCCCTCACCGGGCAGACCGCCGAAAAGCACGACAGCTTTCTGATGCCTGACGGCTCCGGCGGCGTTATTGCCGAATTTTCCGGCTCCATGCTTATTCGCGGCGAGCCCGACGCCTCGTCCTTCCCCTCCGGCGGCCTGCGCTCCACCTTTGAGGCGCGCGGCTACACCGCGTGGGACGTGACCAGCCCCGCCTATATCATGGAGAACCGCAACGGCACATTTTTGTGCATTCCCACCATGTTTCTGTCATGGACGGGCGTTGCCCTGGACAAAAAAACCCCCATGCTGCGTTCGGGTCAGGCCCTCAACCGTGAAGCGCACCGCGTGCTGGCCCTGTTTGGCGAAGACAC
CP036295.1_gap35	1314922	1315888	966	CCGGCGTGCGCGGGGGCTTACGGAAGGCGGCACGGGCGTCTGCCTGACCTGCATGGCCGTGGATGCTGGCTGCTGCGGCGGTATTGCCCAGTCGTCCGCGCCGTTGAGCCCGCACAGCGCCAACGTGCATGTCTACGGGTGCTCGGGCCTGCCGCAGGAGGTGGAATATTCCACCATGCCGGTGGACGCCATAAGCGTTTCGCGCGCGGCCCCGCATGCGGTGACAGACCGCCACCCCTTCAAGCCCAAGCGCCCGGTGCTGGATGATGCAACCGCCGTGCGGGCTGCTGAGCTGGCCCTTGCGGTGGAGGAAGCCGCAGGCAGGCCAGAGGTGCTCACCTGGGTATGCAACCCGGAGGGCCGCGTTTTTATGCTCATGGCCCGGCCCATGTCGCTGCCGCAGCAAGAAGAACAGCCGCTGCCCCAGCCCGGCAAGGCTCTGGACGACGCCCTGCTGCTCGAGGGAGGCTTTACGGTAAACCCAGGTCGGGTCTCCGGCCCTGCCTGGGTGGCCCGCCGTTGGGAGGATGCGCGGCGTTTCCCCACTGGGGGCATCCTGGTGGTGCCGGGCGATAATTATATCTGGGGGTCGCTGATCGACCGTGCTGCCGGCATTGTGACGGAGCGCGGCTTTCAGGGGTCGCGTCTGGCCTCGCTGGCGCGCGAATTTGGCAAACCGGCGGTTTTTGGCCTCAAGTGGGCCACTGAGGTCGTGGAAAGCGGCCAGCGCATTACGCTGTGCGCCGACCTGCGCACCGTGTACGAAAACCGTCAGGATTCGCTGCTGCCCAAGGTGCCGCCAGGCAAGGACTATATGCCCGGCAGCCCGGTGTACCAGATTTTGCAGACCGCCTCGCGCCGCATTCTGCCCCTCACGCTGGAGGTGGACAGCGTCGATTTTAAGGCCGCCAACTGCGCCACCTACCACGACATTGTGCGCTATTGCCACGAAAAGGCCGTGAGCGC
CP036295.1_gap36	1318204	1322003	3799	ATCTGCTACACCATACTTGAAAAGCTTGGCGGCCGCATAGACGTGCAGAGCGAGCTTGGGCACGGCACCACGTTCAACATCTTTTTGCCGGCGGAACCGCCGCAGCTTGCGCCTGAAGACAGCGCGGAAGCGTAATACCACCGGGCTGCCCCGTCGGGGCATGCTGCCATATAAAGGAGGCCCCCATGCGCGCACTGTTTGTGGACGACGAAGTGGAATTTTTGGAACTGATGCAAAAACGCCTCACCCGGCGCGGCATGGATGTCGTCACTGCTCCCGACGGGCAGTCGGCCCTGGACGCGCTCGACCAGGCCCTTGCCTCGGGCCAGACCTTTGAAATTGTGGTCATGGATGTTCGCATGCCGGGCATGGACGGTCTGGAAACCCTGCGGCATATGAAGGAAAAAGCCCCAAAGATCCCTGTTATCCTGCTTACGGGGCATGCCTGCATGGGCGTGGCCGTGCAGGGGCTCGACCTCGGCGCGTACGACTACATGCTCAAGCCCGTGGCCATCAGCGAGCTTATCATCAAGATGGAGGAAGCGGCTCGGTCCGCTATGTAAACATGGCGCTGCTCGACTGCCTGCGGAAACTGCTGGGGCGTGATGGCCCGGACGAGCCGGATGCGGAACAGCTTGCGCGCGAGGAGGCCTTTAAGGCCCGCCTGCGCGAGCGGTGCGCGCGCTTTCGCCGTTTGCTGTCGTCCAACAAGACCGCGCTTGAGGCCATGAGCGATGTGGAAGAGCATCTCTCCGGCTCGCGTCCGTTTGGCATGGATTACGTGCATGCCGCAAGCACCCGCGTTGTGACGGCTGTTTTTCAGATGGTGCGCGACCTCAACGCACTGTCCGACGACGAGTACCAGTCTTTGCAGCAGTCGTTTGACCGCATCCGCGGGCAGATGCAGAGCCTGCTTGAAGAACAGCCGCTGCAGGACGGCCCCAGCATCATGCCGCTTGGCGATATCCGCCTGCGCCACATTGCCTTGGTGGGCGGCAAAATGGCCAACCTGGGCGAGGTGGCGGCCCACGCCGGGCTGGATGTGCCCGAGGGCTTTGCCGTAACTGTGAGCGCCTATTACCGCTTTATGGAATACAACGGGCTGCGCAGCGAGCTGAACCGCCGTATTCAGGCCACAGACATGCACAGCCTTGAGGAAGTCTTCAGCCTTTCCGCTGCGCTGCAGCAGGCCGTACTCAGTGCGCCGCTGCCGCCCGATCTGGAGCGGGAAATTAGCGAATCCGTCGCGGAAATGCAGCGCCGGGCCGGGCCGGGCCTGCTGCTGGCCCTGCGCAGCAGCGCAGTGGGCGAAGATTCGCTTGGGGTGTCGTTTGCCGGGCAGTACCGCTCCGAGCTTAACGTGCCGCCAGAAGAAGCCTGTGAAGTCTGGAAAGAAATTGTCGCCAGCAAGTATGCCGTCACGGCCATGAGCTACCGCTACCAGCATGGTATCCCTGACGATACGGCCCCCATGTGCGTGGGCGTGCTTGCCATGGTTCCCGCCGCCGCAGGCGGCGTGGCCTACAGCCGCGACCCTGTGGCCGCGGCGCGCGGGCAGGAGCAGGTGCTGCTCAACGCTGTGCCGGGCTTGCCCCAGGGAGTGGTGGACGGCGCCGTTACCCCTGATGTCTTTATTTTTACCCACGCCAACCCGCCCAGACCCATCAGCAAGTCGCTGGCCGGCCTTGCGGGCGTGCCTGCCAGCCTTACGGATTTTCAGGCTGCGGAGCTTGCCCAGGTGGCGCTGGCGCTTGAAGAATATTACGCCGAACCGCAGGATGTGGAGTGGGCGCTCGACTCGCGCACCGGGCGTATTGTGGTGCTGCAGAGCCGCCCCCTGCGCGAGGCCGATGCCGCCACCGAAAACCGCGCCGTTGATGCGGATGCCCAGGGCGCAGCCGGGGCACCTGCCGGGGAGCTTGACGACGCTGGCGCTCGGCCCGGCGAGTGCAAATGCCTGTCGGAGCTGCCCGATGGGCTGAAAGTGCTTGCTGCGGGAGGCGTGGCCGTGAGCCCCGGCGTGGGCATGGGGCCGGTATTTGTGGCCCGCAAGGAAGCGGACATGCTCTCCTTTCCCAATGGCGGAATCCTGGTGGTAGAGCGGGCATTGCCCCGCTGGGCACCGCTGCTTTCGCGCGCGTCGGGCATGGTAAGCGAAACGGGCGGCATGGCCGGGCATCTGGCCTCTGTGGCCCGCGAGTACCGCCTGCCTGCGCTGTTCAGCCTGCCCAATGCCTGCGCCCTGCTTGAAAACGCAGGCGACGCCACCCTTGACGCCGGGCATTGCGCAGTGCTTGCAGGGCGTAATCCCCAGCTTGCCGCCCGTGTGGCCGAGCCGCCCAATCTTATGGAAGGCAGCCCCGTGCACCAGCGCCTTGAGGCCTTGGCCCGGCTGATGGTGCCGCTCAATCTTCTGGATCCGGAGTCGCCTCAGTTCGCGCCCGAGCATTGCCAGACCCTGCACGACATAACCCGTTTTTGCCACGAAAAATCCGTACAGCTCATGTTTGAAGACGGCTCGGGCGTCAACCAGCGCATGGGCAAACAGCTCAAGGCCGGGGTCAAGCTGCAGTATTGGATTGTGGACATGGGCGGGGGTTTTGCACGGCATGTGGGCGGCGCAGTGGTGGACATTGCCGATATCGCCAGTACGCCCATGCTGGCCCTGTGGGACGGCATGATTGCCGTGCCCTGGGCAGGGCCGCCAGCCGCCAGCGCGTCGGGTTTTATGAGCGTGATGATTGAAAGCACCATGAATCCCGACCTGGAAAGCACGGCGCCCAATGCCATGGCGAATAAAAACTTCTTTATAATTTCTGATAATTACATGATTTTGCAGGCCCGTTACGGTTACCACTTTTGTACGGTGGAAAGTCTGGCTGGCGCAAATAATCACGAAAACTTCGTGAGCTTCCAGTTCAAGGGCGGGGCAGCCGACAGGCAGCGTCGCCGCCTGCGCGCCCGCATGGTGGCAGATCTTCTTGAACAGCAAGGTTTTCGCGCCGACGTCAAGGACGACTCGCTGTTTGCGGTGGCGGAAAACTTCGCCGCTGACGACATCCTGCAAAAAACGCGCATGATAGGCTATCTGCTTATCCACACCCGGCAGGTGGACATGATCATGCTGGAGCAGGAGCGTGCCGCAGCCCTGAAGGAAAAACTGGGCGGCGATATGGCTTCGCTGCTCGACCGGCCCCTTGCACCGGGCAGGTAGCTGCCGTTGTAACTCTGCCGCCTGCCGCGAACAGCCGCAAGGCATTGCATGCCGTGGCAGCAGCGGCGTGCCGTGTTCTTTATTCTTGCTTTCAGCCCTTCATCTGATTACTTACAAAAGCATACCTGCTGTGTAGGGAAACCGCACCAGGCAGGGATGTTTCTATTTTTTTGCCTTTTGGGAGAGTTGCCATGCGCAAGCCAAGAATTTTTATACCCCGGGCGGTCGTCCCTGAAGCCCTTGAACTGCTGCGCACCCGCTGCCATGTGGATATGGGCCCAGTGGGAGGCCTGACCGACGATAAACTGATAGAGGCCGTGCGCGGCTGCGACGGCATCCTTTCTCCTGTGGTTGCCTTGCGGGCGGAAGTTATTGAAGCTATGGCCCCCACCTGCAAGATTATTTCATGCTTTGGCGTGGGTTTTGACCATGTGGATATTGCCGCCGCCACCCGTAACGGCATATGGGTGACCCATAACCCCGGCTTTGTGACCGACGATACTGCGGACATGGCCTTTGCGCTCATACTCGGCGTGGCCCGACGGCTGCACGAATGCGACGGTTACGTGCGCAGCGGTGTAAAGC
CP036295.1_gap37	1475739	1477361	1622	GTTTACGCCGGAGGCCTTTGAGGCCAACTTGGGCAAAAAGCCCATGCTGCTTGAATTTACTGCCAACTGGTGCCCCAACTGCAAATTTATGGAAGCCACCGTGCTGACAGATGAGCGCATGCGCAAACTGCAGGCACGCTATGGTATGGAACTGGTGCGCGTTGACCTTACCAATGCCAATGCATACGCAGTGCGTCTGCTCGATGCCCTGGGCAGCAAAAGCATCCCTCTCACAGCGCTTTTTTCCGCAGGTGAAGACGCCAACCAACCGCTCGTGTTGCGTGATGTGTACAGCGTCCGCACACTGGAGCAGGCCCTGAGCGAAGCGTATGAAAAATAATGCTCTTTTTTGCGGTATGCCCTATGGTTCTTTACTGCACTGCCGATATTGTCTAATGTGTGACCATACAGCAGTGCTTGAGAAGCAAATGAGAGTTTTGACCCTGCGGCGATACCCCGTTTGATTTTTGGCGCACGACTGCGGCCTACTTGCGACAAGGGAGCAGACATGGATCTGAGTCAGAAAAAACAGGAAGACGAACTTCTGCAACTGGTGACGTTCAGCATCGGTGAAGAAGAGTTCGGGGTGAATATCCTGAAGGTTCAGGAAATTATCCGCACCATGGAAATTACCAAGGTGCCCCGCGCTCCGGAATTTGTGGAAGGCGTCATCAATCTGCGCGGCAAGGTGATCCCGATCATTGATCTGCGTCGGCGCTTTGGTCTTGCCCCCAAGGGGCACGACAAAAACACGCGGATTATTGTCATTGAAATCAACAATATTATCGTGGGCTTTGTTGTGGATGCCGTTTCCGAGGTGCTGCGCATACCCGCGAGCACGGTCGAACCGCCGCCGCCAGTCGTGGCCGGGGTGGACTCGGACTACATCAGCGGCGTGGGCAAGTTGCAGGATCGCCTGCTTATCATGCTTGACCTTGATAAGCTGCTTTCTGGCGACGACATGGAGCTGTTGACGACCGTCTAGTCAGCAGTGCCTGCCTTGGCTTTGTCTGACCTGCTGCTTGATACGCAATGGCCAATGCCGGCATCGGGTATCTCTGATGTCGCGCGCAGAGCGCCGTTGCGGCAGCTTGAGCAGCAGGCGCGTCGCAAGACGGCTTGACAAGCAGACAGCTGAAGATGCCGTAAGATGCCAAAGGGTATTTACCAGACAGGCCGGGCTTTTGCCCGGCCTGTCTGCGTTTGAATCATGGCATGTCTTAAAAAGCCTGAATGCCCCCGGACAAGGTACGGTGAGCTGGAATACCAATGCAGTGTGCGCCGCTATCTGCTGGCAAACGCGTGCCAATGCGGATCTGACGGGCAGTATCGTCGGTCAGGACAGGGCAAGCGGCGCTGCCGCAGAGCTGGTATGAAGGCAGCACCGGGCGCCCGCCCGTCATGCTGGTTTTGGGCGCGCTACAGCTGCAGGGTAACGATTACGGCGGCAGCTGGGCATTTGCGGTACTGCAAAATATAAAAACAGGCGCGGCTTGTTGGCCACCTGGCCGTGCCGACTGCGCGCAAGCACATTTACGGCGAGCGGCCTTCAGGCATTGTCTATTTGTCCAGCGGGGCTTGCCGCACGCGGCGGCTGGAGCGCAAAAAAAGCTCTTCGACAA
CP036295.1_gap38	1483347	1484778	1431	TTTGACAGTATATCAGGGCATTCGAAGGCTTGCCCGACATCGGTTTTGTGCATAAGGAACGGCGCATCAGGCCACCGGCTGACTTGCAGTCGACAAATTGTTTCAGCGGCATGCGCGCCATGATTGATCTGCGGATGCCCTGCCTTTGCAACGCCGCAATGCCAAACAGGTAAACCCAGTCTGCGGGTGAGGAGCAGACAGAAAAAAACGTAAAAGCCCCGGCCATGTCTCTTCAAGCTGAGAGACATGGCCGGGGCTTTGGCTATATAAGAAGGAAGCTGTTAGTGCGGAATGATGTTGGCCAAAAAGTCTTTTGCACGCTGGGTGGCGGGGTTGTCGAAAAACTTGTCCTTGGGCGAGTCCTCAAGGATCGCGCCGGTCTCCATAAACAGAACCCTGTTGGCCACCTTGCGGGCAAAGCCCATCTCGTGGGTCACAACCATCATGGTCATGCCCTCGTAGGCGAGTTCAACCATAACGTCCAACACTTCATTGATCATTTCGGGGTCAAGGGCAGATGTTGGCTCGTCAAAAAGCATGGCCACAGGGTCCATGCACAGCGCACGTGCAATGGCCACGCGCTGCTGCTGCCCGCCGGAGAGCTGCGAGGGGTATTTGTCCGTTTGCGGCTCAAGCCCCACGCGTTTGAGCAGCATAAGGCCTTTCTCCATGGCTTCTTCGCGGTTGCGCTTGAGCACTTTTTCCTGAGCGAGCACAAGGTTGTGAATGATGCTCAAATGCGGAAAAAGCTCAAAGTGCTGAAAAACCATGCCCACATGGCTGCGCAGCCGGGCCAGATTGGTTTTTTTGCTGGTCACCTCTGTGCCGTTAACAATAATCTTGCCATCCTGCACAGGTTCCAGGCCGTTGACGGTCTTGATAAGCGTGGACTTTCCCGAACCGGAAGGCCCGCACACAACCACAACCTCGCCCTTGTGTATGCGCGTGCTGCAATGGCTCAGCACATTGAAGTCACCGTACCACTTGGATACGTTTTCCATAATAATCATGGCTTCATCGGTAGGGTTGATCATAGCTTGAGTCTCTTTTTTACCATGGTTACGGTGACTGATACACAGAAGCAAACAATAAAATAGCCCGCGCCTGCAAACAGCACCATATCAATTTCGTTGCCGGTCGTCTTGCCAATGTTGGAAGCGGTACGGAAAAAATCCGCCAGGCCGATGATGTAGACCAGGGCTGTATCCTGAAAAAGAATCATGCCCTGGGTCAGCAGCAGGGGAGTCATAACGCGAAAGGCCTGGGGCAGAATGACGTAGGTGAGCGTTTGCGACTTGGTCATGCCGAGCGCCAGCGCTGCGGAATACTGCCCGCTGGAAACGCTGCGCATGCCTGCGCGGATGATTTCGGCATAGTAGGCCGCCTCAAAGGCGGTAAATGCCACAATGGCGGAGACCAGTCGAATGTCTG
CP036295.1_gap39	1492689	1496021	3332	ACGGGAGCTTGAGGACGCCATAGGGCTTGAGCAGTTTGTGCTCCATTATCAGCCGCAGATTAATGCCGACAATCGGGTTATAGGCGCGGAGGCGCTGATACGTTGGCAACACCCTGTGCGGGGGCTGATGAGCCCCGCCGAGTTTATCCCCCTGGCGGAAGAAAACGGCATGATCGTGCGCATAGGCAACTGGGTGCTGCGCCAGGCCTGCGCCCAGCTTGCCATATGGGCTGATCTGCCGGAATTTGCCGGGCTTTCTGTGGCGGTCAACGTGAGCGTCAGGCAGTTCCGTGAAAGCGGCTTTGTCAGGGATGTGACTGCGGCGGTGCGGCAGTCGGGCATTGACCCAAGCCTGCTGAAACTGGAAATTACCGAAAGTCAGCTGGCGCTCAACATGCAGGAAATAATCTCCACCATGGTCGAGCTGGGCAATCTGGGCATACGGTTTTCACTGGACGACTTCGGCAAAGGGTATTCGTCCATGACCTATCTCAAGATGCTGCCGCTGGAGCAGCTCAAGATTGATGGCTCGTTTATCCGCGATCTGCTCACCGATTCCAACGACGCCGCCATCGCCGCAACCATTATTGCCCTTTCGCAAAGTCTTGGTTTTAGCGCGGTGGCAGAGTGCGTTGAAAACTCAGCGCAGCAAAACGCGTTGTTGCGCATGGGCTGCACGCTGTTTCAGGGGTATCTGTTCAGCAAGCCGCTTGCCGTGCAGGATTTTGAGCGGTATGTGGATGCGGCGGCAAAGGCCGCCAGCACGCTGCAGCAGGCATAAGATACGGCAGATAAAAAAGGCGAGCCGCAGCCCGCCCCATATGACATCCGTTAGCGTGCGCTATCCGTTGTTGCCGTCCAGTTGCTGCCATTTGCCAAGGCAGCTTTCAATGTGCCTGCATATGGCGGCCTGTTCCTCGCGTCCCTGACCGTTCACGCTGATAGGGTCGGCAAAGGTGTAGCGGATGGCCATGCCGGGCGTTACCGGGCCCAGCTCCTTAATTTTTTTGCCCTGACCCCAGGCGTCGGTTTTAAGCGCCAGCGGCACAATGGGCACCCCAGCCTTTTTTGCCAGCTTGACCCCGATGGAATTGAACATCTGCGGGTTAAACTCGCGCGAGCGCGTGTGCTGCGGAAACACAATAATGGAAATACCCTTCTTAAGGCGTTCGAGGCCGCCCTCAAGCACTGCGGCGAGGTCTTCGCGAGGGTTGGTGCGTCCAACTACGACGGGGTCGCGCGAGCACATCACCGGGCCAAAAAACGGCATGGTGGTAAGGCTGCGTTTGACCACAAAGGTAACGGGGCGGCGGGGGCGTATCAGGCCCGGCAGCATAAAGGTTTCAAGCGTGCTCATGTGGTTGGCCACAAACAGGCAGGGGCCGTCGGCGGCTTCAATGGCGCTCATGCCCTCAATTTCGATGGGGCAGCCCATGCGCTCAACAAGGTCGGCAACCCATACGCTGGCGTACACCCACGCGGCGTCGTCGCAAAGACCCTTGGACGCACGCGCGCACAGCCAGCGTACCGGCCCGAGAAACAGGCGGCTGTAAAAGCTGAGCGATGGCATCATGCGGCTGAAAAAGCCCGCACTGGCATGTTGGCTGCTGTATGTGTCGCCTGTAAGAAACTTGGCTTCAAATGCGCCGTCAACAAAGGGGTTCATGCCTATTCATCCGTTTTTTTGATTTTGTGCAATTTGCGCCACCACTGGCTGAGCCGGGGTTCTTCGCCGTTTTCGCGCGGCTGATAAAACCTTCTGCCCTCCAGCTCGGGCGGCAGGTATGATTGCTCTATCCATGATTCCGGGTAGTTGTGGGGATATTTGTATTCCTTGCCGTAGCCCCATTCCTTTTGCAGCTGGGTAGAGGGGTTGCGCAGGTGCAGCGGCACAGGCCGCGCTCCGTTGAGCTTAACCTCACGCGCCGCATTAAGGTAGGCGGCGTAGGAGGCATTGCTTTTTTTGGCCATGGCCAGATAGGTAACAGTTTCGGCCAGTGGAATGAAGCCCTCGGGCATGCCCACAAACTCGACGGCCTGCTGGCAGGCTACCGCCAGCCCCAGCGCGTCTGGATCGGCCAGGCCGATATCCTCCGAGGCGGAGAGTATCAACCTGCGGCAGACAAAACGCGGGTCTTCGCCCCCTTCAAGCAGACAGGCAAGATAGTAAAGCGCCGCGTCAACGTCGCTGCCCCGTATGGACTTGATGAGCGCCGAGGCCAGCTCGTAGTGGTTGTCGCCGTCCTTGTCGTGGCGAATGAGCACCTCGGGCAGGGCGGCCTTGATGTGCTCCAGGTCGCGCACGTCTTCGGGCAGGGCCGCAACGTACTCCACAAGGTTCAGCAGGGTGCGGGCGTCGCCGTGCGATACGCCTGCCAGCAGGTCGGCCACGTCGTCGGGCATCTGCATCTGCAGGTCGCCCGCGCCGCGCCGCGCAAGCTCCATAAGCTCGGGGCGGCCCAGGGGGCGCAGCCGGAGCACGTGCAGGCGCGAGAGCAGCTGGCGCGTAACGCTAAAAGACGGGTTTTCCGTAGTGGTGGCCAGCAGGGTCAGGTCGCCCGACTCCACCAGCGGCAAAAAAAAGTCCTGCTGCGCCTTTGAAAAACGGTGCAGCTCGTCCAGAACCAGAATTTCCACGCCGGTAAGCGAGCGGCGCAGGTGCTGCAGCCCAGCCTCGGGCGCGCTCAGGCGCAGATACGGTCTGCCGGTGGATTTTGCCAGCAGCAGGGCAAGGGTGGACTTGCCGCAGCCGGGCGGGCCAAAAAAAAGCAGGCTTGGCAGACGGCCCGACTTCATGATCGACCGCAAGCGGTCGCCAAGGTGGGTCTGCCCAAGAAAAAGGGCCAGATCGTCGGGGCGCATGCGCTCCGGTAGGGGCCTGTTTACGGTCACTGTTTGATCTCCGTGGCGGCGTCGGCCTTGCCCGCAAGTTGCGAGCCCCACCAGTGCAGGCCAAGGCAGAGCGTTGCCGCCGTTTCGCAGCGCAGTACGCGTGCTCCAAGGCTCACTGGGTCAAATGCCGCTTTTTGCAGGGCTGTGAGCTCCCGCTGTGAAAAACCGCCTTCCGGGCCGATCACATAGACGGTAAGGCCGGGTTGCCCTGCCATCTGGGGGGTGAGCATGTGCACGCCGTCCTGCAGCTCCCAGGGCAAAATGCGGTGGTCGGCCTTGCGCGAGGCTTCGATGAGCTGATCAACCCCGCCCGAAAGGGCGCAGACCTCGGGCAACCAGGGGTTGCCGCTCTGCTTGGCGCCGGCGATCATCTGACCGAGGCAGGCTTCTTGCGCAGCAGCGGAGAGCTTGCCCTGACTGTGGTCGCCCTGCCACAGCCA
CP036295.1_gap40	1498477	1499983	1506	CGGTGCTGCCCGGCAAGGGGCTAGTCGGCTGGATTATCCGCAACCGGCAGCCTCTGCTGGTGCCCAATTTTGACCAGCGCCAGAGCAACCTTGGTTATTACAGCAGCGGCGAAGAGGCCAATATCAAGGCCTTTATGGGCTGCCCTGTGCCCACGGGCGGCGCGCTGTGCGTGGACAGCAAGCGGCAGTATTCCTTTTCGGACAAAGACCACAAAATTTTGCAGATGTTTGCCGAGCTTATCTCGCGCCAGCAGGGTTCGGCCGGTCGGCAGGAGCTTGCGGGGGATATACCGCGTTATTTTGCCGAGCTGTCCGTCATTCAGGACCTGCGCTTTCGCTACAAGCGCTGGCCGCAGTTTTTGCAAAACTATCTGCGCATCATGGTCGAGGCCACGGGCTTTGACTACTGCGCTTTTGCCTCGGTGGACGAGCCGGGCGAGACCTATTGCGTGGAGAGCGAATCGGCCCGCCTGTTGCTGACAGGCGAGGATCCGCTTATCCTGCCCATGGGCAGCGGCATTACGGGTTGGGTGTTTCGCAACGACCAGCCGGTGATCGCCGAGGGTATCGAAGGCGCGCCCGCAGCCGTGCTGTTTGGCAAGCTGCCCGACATGCCCGACTTTCAGGCGGCCATCTGCATGCCGGTTATGGTCAACAAAAGCACGCGCGGCGTGCTGTGCCTTGCCCACACCACCCCCCGGCAGATAGACGAATCGCTGCGCAGTTTTGTGCGGCAGTCTGTGGATCATCTGGCTTTGTTTTTGGAAAATCTGTATCTTAAAATGCGGCTTAGGACCATGTTGCCCAGAGCGCGGGTACACAGCGACGGTCCTCAGGCTTACGATCCCGACACCGCGCCCATGCCGCCAACAAAAGAATACTAAGTATGCTGCTACGGCGTCTTTTCAGATTTTTGTCCAAAGACATTGCCATGGATCTTGGCACTGCCAACACCCTGCTCTACACGCGGGCGCATGGCATTGTGATCAACGAGCCGTCTGTGGTTGCCATTGACACGCACAAAAATTCTGTTCTCGCCGTAGGAGCTGCGGCCAAGGATTACCTTGGTCGCACGCCCCAGCGCATCAGGGCGGTGCGCCCCATGAAGGACGGCGTCATCGCCGACTTCGATATCACCCGCGAAATGATCGCCTACTTTGTGCGCAAGGCCATTACGGGCATGCGTCTGGTCAAGCCCTCCATGGTCATCTGCATCCCCACCGGCATTACGCAGGTGGAAAAACGCGCCGTCATCGACTCTGCCATCATGGCTGGCGCGGCGGACGTGGCAATGGTCGAGGAGCCAATGGCGGCGGCCATAGGGGCCGATTTGCCCATTCACGAGCCGCTGGGCAACCTCGTGCTCGATATTGGCGGCGGTACAAGCGAGGTGGCCGTTATCACCTTGGCGGGCATTGCCAACGCGCAGTCTGTGCGTGTGGCTGGCGACGCCATGAACATGGCCGTGCAGCGCTATATGCGCGATGTTTTTCGGATGGAAGTTGG
CP036295.1_gap41	1533242	1535241	1999	GACAAATGTATTCTACCACAGACTTTCGTAAGGGCCTGAAGATTGAAGTCGAGGGAACCCCTTTCGAAATCGTTGACTTTCAGCACTTCAAGCCCGGCAAGGGTGGCGCCATGGTGCGCACCAAACTGCGCAACATCCTTACCGGCCGCATGCAGGATATAACCTTCCGTTCCGGCGAAAAAGTTGGCAAGCCCGACCTGGAAACCCGCGACATGCAGTTTCTCTATCGCCAGGAAGACGACCTTATCTTCATGGATATGACTACCTACGAACAGCTGCAGATGCACATCACCACCACCGACGGCAAGGAAGGCTTCCTTAAAGACGGTCAGGAATGCCGCGTGCTGCTGTACAAGGGCAACCCCCTTGATATCGACATCCCGCTGAGCCTTGTGCTGACTGTTATTGAAACCGAGCCCGGCGCCAAGGGTGACACTGTAAGCAACGTCACCAAGGCCGCCAAGCTTGAAACCGGTATTTCGGTTCAGGTGCCCATTTTTGTCAACGAAGGTGACCGCATCAAGGTTGACACCCGCACCAAGGAATACCTGGGCCGGGAATGATAACCGGTTCGGGAGGGTAGCCCTACGGACGCCCATAAATTCAGCCGCGAGCTTCTTGGCCTTTTTCTTATCTTCTGGGCACTGCTGCTGTTGCTCAGCCTGCTCAGTTTTGACGCCAACGACCCTGGTCTCAACCATGTGGTCAGCGGCGTGGTCAAGGTCAGAAACAAGGCGGGCCTTTTCGGCGCGTACACTGCTGGTTTTCTTAACGATGTGTTTGGCGTGGCCGCCTATCTCTGCCCACTGATTTTCGGTGCGCTGGGGGCGGCCTACGTTTCTCCTGCGTACAGCCTGCACTGGTCGCGCTGGCTGGGCTTTTTTTTGCTGACCATCTGTCTGCTTGTTATCGGCTCGGCCGCTGACATCACCCTGGGCGACATGTGGGGCGGCGGCATGGTGGGCAACGCCCTGCATATCAATGCCAGCCGGTTTTTGAGCCCGGGCGGTTCAGCTCTGGTCTGGCTGTTTATTGCGCTTGTGGGCACGCAGCTTGCTTGCAACATCTCATGGTTCAATCTGGCGGCCCGTTTTGCGCAATGGGCGCAGGCGCGTCTTGCCGCGCGGCAGGGCGAATCTGCGCAGTCGCCCCCGGCGGCAGAGCGTCAGCCCTCGGCAAGCGAGGGCAAACGCTCATGGTCGCTGCGGCAGCTGCATCTGCCTTCCATGGAATTCTGGACGCGCTGGCGTGACCGCCTGGGCAACATTCAGCCTACCGCAGATTCGCTACCTGAGGTTTTTGAAGAAAAAAAGAACCGCGCCGCCCAGCAGCAGGCTGAAGAAGCCAGCCTGAGCCGCACGGACGCGGACGATCCTTTTGCCGTGGCCGAAGACTTTAACGGCGTGCCCATCTCGCCCGGGCTTGAAGCGCCGGAAGCGGACGAGCGGCAGCATGCGGCTCAGCGCGAGTCTTCTGCCGTGCAGGCCCCTCCGGCAACGGTTGTTCAGCCTGCTGTCGGCAAGGCAAACGCCCCTGCAGCTCCCGCTGCCGAAGCACCCAAAAAACAGGGCGCTCTGACCGGGCTGCTGTCGGGCATGACCGGCCGCAAGGTAGCCATACCCATGCCCGGCCTTGATCTGTTGGCCCCGCCGGTTAAAATTGCTGGCAACACCAGCAAGGAAGAACGCGAAGCCAGAGGCAAGGCCCTTATTGCCTGTCTGAAAGATTTTGACATCCAAAGCGAGCTTGTGCATGTGACCCCGGGGCCAGTGGTCACCATGTATGAGGTGCGACCAGCGCCGGGCATACGCGTGAGCCGTATCGCCAACCTCAGCGACGACCTTGCGCTGGCGCTCAAGGCTGTGGCTGTGCGCATTCAGGCTCCCATTCCCGGTACTGATACGGTGGGTATTGAAATACCCAACGACAACCGCGAAACAGTCAATTTTAGGGAACTGGCGGCCTCCGAGTCTTTCCGCAAGGGGTGCGGCCCCCTGAC
CP036295.1_gap42	1536880	1537584	704	CAGTTTAAGCCCGATACCTCGTTGAAGACATCGGACTTTACCTTTACCCCGCCCAAGGGCATTGAGGTTGAAGACCGCATTGACCGCAAGGTGCAGGAACGGGAACTCTTCAAGTAACATCTGCCCCATAAAGCAAAAGGCCGTGGCGTTCGCAAACACCACGGCCTTTTGCTTTATGTTGCGCATGGTTACACGCAGAGCTGTCTAAACACAGCTGCGGCGTCAGCCTCCACAATGGGAAAGGCCGCCTGCAGCTCGTCCGGTACGCTGACGGGTTTGCCGTTGGTCATATCGATAAAAACCCACTGGGTTTCCGCCTCGGCAAGCAGGGTTTTTGCCGTTGCATTCCAAAAGACATAGCGGCGCAGGCTGCGACGCGATGCATACGAAGCTATCCAGGTCGCGGCGGTTATCACATCGCCCAGAAAGGCCGGGCGTTTGTAGGTAATGGTATGCTGGCGCACCACCCAGCCCTGACCAATGCTCTCGTACCGCTCCATGGGCCAGCCGCAAACGGCGGAGTGCGCCACGGCCACGTCCTGCATCCATGCCACATAGCGCAGGTTGCTGACGCGGTGCTGCATGTCTATATCGTCCGGTTCTATGGTAATCTGCTGCGTGTATATGTTGATCTGAGCCATGTTGTCTCCTCATCAGTGATGGCGCAGAGCATATGCCTTGTGCGTAAAAAATAAAAGACACGC
CP036295.1_gap43	1544462	1545928	1466	AAAAAATATTGATATATTAAAATGTTATATTGCATAGTATGACAATATGATAATCATCGCAGTTTATGACAGTGTTTGAAATTTTGCGTAATACTCTGAATTAGCTAAAATAATATTTTTGCTAACAGATGGTTGCGGTTAAAAAAAAACCGTGAATAAGGTTACAGAAATATAGTAGCATTTATTTTTTTTTTGTATTACTCAGTCTGTGTTATGATTGTATAAATAGTAGCAAACAAGGGATAGCCTTGTATTTGGCGGCTTGAGTGCATGTGGTCTGGAGGTAGCCTTGCTGGAGCTAAAAAGTCCGCCCCCACGGAGCTGCAAACGTATTCTGGCAAGCGGGGTGGGGGTGTCCCTGATTCTGCACGGGCTGGTGCTTGCTTGCATGCTGGGCTTTGGCGCGCTGCTCGCCAGGCAGGGCGCTGTGCTGCCTGGCGGAGCCGTGGTGGTAAGCCTTGTTGACGTGGGCAGCACGGCTGTGGGGCAAACCGGCCTCTCCCAACAAGCGGCGTCGGCTGCGGCAGAGGGGGAGGACTCCCCCTCTGGACAAAATCCGGGGCAGCATGCCGCCCCGTCTGTGCGGTCAGAGCCTGACGCAGCCGTTGCTGTCAAAAGAACAGAGGTCAAGCCAGAACCAGCGGAAAAGGCGGAAAGGTACGCCGTCCGCAAAAGCGTCGTTATCCCCAGGCTCGAACACCAGCAGCAGGTGGGGCGGCAAGCGCCCATACAGCAAGACTTGCCAGCGCGGCAGGCAGATGCAGCAACTGCGGCGGGCGGAGACAGCGGCAAAAGTGCAGCAGGCAGCGGCGCGGGCGCTGCCGGGCAGGCCACGTCCAGCGCGCAGGGACAAGGAAATTCGCCGCCGCAGGTCATGCCCTGGAATGCGGCAGGCGGCCCGGCCTTTATGCGGCAGGGGCCCTTGCACTACCCAAGGGCTGCCCAGCGGCGCAACCTTGAGGGCAAGGCCGTGGTTGAGGCGTATCTTGATATGCAGGGAAAGCTGGTCCGCGCCCGAGTGCTGCAGGCCGATCATCAGGACTTTGCCGACGCGGCGCTGGCGTGCATTCAGGCTTCGTCGTTCAGGCCAGCCCAGCGCGAGGGCAGGGCCATCCCCTGCGTGGTGCGTATTCCCATGCTGTTTGTTCTTAAGGGAATGTAGCTGGCGAACTTGTGGGCTTACCTTCAGCGCGGCGTTTTTTTGGGCGAAACGGCCATAGCCGCCATAAGCATGGCGCACGAAACCAGCACAATGACCGCACCGGGCGGTACCGCCCAGTGGAACGAAAGCCACAGGCCGCTCACGCAGGCAATAATGCCAAACAGGGCCGAGAGTAAAAACATGCGGCTCAGCCGGTAGGTGAGCTGCAAGGCCGTGGCGGCAGGGGTGACAATAAGCGCGTAAATGAGCAACCCGCCGATGGCCTTTAAGGCAAAGGCCACCACCAACCCCATGAGTGCAAGGC
CP036295.1_gap44	1569815	1574123	4308	GTCTCAAGCTTTTTGCCGCCAACCTCAACCGTGGAGGGCGAGGTGATGACGCCCATGCCCGAAACCACGTCCACGCCGTTGTTGGCGAGCAGCGCTTCCATGCCCATGCGTATGTCGTTGGAGACGCCCTGCTTGCGTGCCAGAACAGCGGCAAAATCAAGCTTGCCCACGGTGAGCTCCAGGCCAAATTCGTCAGCCTTGCGCGCCTGCTCAAGCAACGTGGCGGCGCGCAGCCATATCTTGCTGGGAATGCAGCCGCGCATAACGCAGGTGCCGCCCATGTTGGCCCCCTCCACCAGGGCCACCTTGCCCTTGAGTTGCGAAGCGCGGATGGCGGCGGCATACCCGCCGGGGCCACCACCAATGACAACTACATCGTACATTGTGTTCTCCTGATCTGTGCTGGTTGTGCAGTATGGGCGCGGCATTGCCGCAGCCTTGCCGGGAGCGTGCTAAAAAAGCAGCAGGGCCGGTTCCGCCAGATATTCCACAAGCGTTTTCAAAAATTCGGCGGCGGCTGCGCCGTCTTCGACCTGATGGTCAAAGGTGAGGCTGAGGCCCATCATCGAACGGGCCACAATGGCTCCGCTGCGAATGACGGGTTTTTCCACCACGCGGCCCACGCCAAGGATGCCGGTTTCGCCGGGTTTGAGGATGGGGGTGAAAAAGTCGACCACAGAGTGCGCCATGTTGGTGATGGTAAACGTGCCGCCGCCCATGTCGTCGGGCGTCAGCTCGCCCGTGCGGGCGCGCCCGGCCAGCAGGCGGGCCTCTTTGGCGATGTCGAGCAGGCCCAGCCTGTCGGCATTGTGCAGCACAGGCACCATCAGCCCCTCGGGCAGGGCCACGGCCACGCCCATGTGCACCTCGGCGTGGCGGGTGATGGTCGCGCCGTCAAAGGTGGCGTTCATGCGCGGGTGCTTTTTCAACGCTTTGGAAACAGCCAGAATCAGCACGTCGTTCATGGAAAGACGGAAGTCTTTGTTTCTCTTGTTGCGCGACTTGAAGTCGTTGATGACGTCCACGCAGGCCGTAACGTCCGCCTCGCTCACGAGCGTAAGCTGGGCCGAGTTCTGCAGGCTGCCCATCATGTTGTCGGCAATGATCTTGCGCATGCCCTCCATGGGCACGGAGCAGGGCACGTCCGCGCTGGCGGGCTGGCCGGAACTCAGGCCGGAGCTTTGGGCCGCCGCGGCAAATTTTTCGGGGTGCAGGACGCGGTCAACGTCTTCGCGCACGATCTTGCCGCCCTCGCCGGTGCCGGTGAGGGTCGAAATATCCAACCCGGCCTTGGCTGCCACTGCGGCGGCCAGCGGCGTGATCCTGATTTTGCCCACCAGTTCGTGGCGCGCCCGCACGTCGCCCTCCACAATGCGGCCGTCGGGCCCGGTGCCGGTAACGCAGCCAAGGTCGATACCAAGTTCACGCGCCAGCCGACGCGCTGCGGGAGACGCTATCCCGCTAGTGCCAGAGGGTTGCCCGGCGGCTGGCGCGTTGGTTTTTTCGGGTTTTGGCGCGCCCGCTTCCGAACCAGAGGAAGCGGGGGAGTCAGACGCGCCATCCACCCGAGCAATGTTTTCACCAGGTTGGGCCAGAATGCCCAGCACTGCCCCCACAGAAACCTCCTGCTTGGGCTGGACGACAATTTGAAAGAGCACGCCGTCGGCGGGGCTTTCCACCTTGTTGGTGATTTTGTCGGTTTCCACTTCAAACAGATCATCGCCCTGCTTGACTGCGGCGCCTTCGGCCACAAACCATTTGGAAACCTTGCCGGTCTTCATGGTCAGACCAAGTTTCGGCATGGCAAGTTCTATGCTCACTGCTGTTCTCCTGCGATGTTAAGTGTTGCGGCGGAAGGCTGCCTGTTTGCCGTCTGCCCGAGCCGTTGCGCGTCAGCGGTAAACCATGCCGCCGTCGATGAGCACGGCCTGACCGGTCATGTAGTCCGAATCCGGGCCAGCCAGATAGGAGACAAAGGCGGCGACGTCGTCGGGGGTTTCCGGTCGGCCAAGAGCAATGCCCTCGCAGTACTTCTTGTAGGTTTCGCCCTTGGGCGCGCCGGTGATTTTGGAAAATCCCTCATCGATGGCCACCCACATGTCTGTGCCCACAACGCCGGGGCAGTATGCGTTTACGGTAATGCCGCGCGAGGCCAGCTCGCGCGCCGCCGCCTGGGTCAGGCCGCGTACGGCAAACTTGGTGGCGCTGTAAGCGCCGATAAGGGCAAAACCGTCGTGCCCGGCAATGGAAGATGCGCTGATGATCTTGCCCCTCTGCTTGCGGGCGATAAACTTTGTGGCGGCGGCCTGTATGCCCCACAGCACGCCGTTGACGTTGATCTTGAAGATGCGCTCGATCTCGTCGGGCGTGACGTCCAGCAGCGCCTTGACCTGGGCGATGCCCGCGTTGTTGACCATGACGTCAAACCCGCCAAGTTCCCTTTCCGCATGGTCCACGGCGGCAAAAACCTGCTCGCGGTCGCTTACGTTGGCCGTATAGGTGGCAGCCTTGCGGCCAAGGGCGCGCACTTCGTCCGCAGTGGCCGTCAACTTGTCACTGTTCATGTCTACAAGGCAGATATCCGCGCCGTCCCTGGCAAGCCGCAGGGCTATGCCGCGGCCTATTCCCTGAGCGGATCCGGTAACCAGAACAACCTTGCCGTTGAGAGTCATAGTCATATCCTCCAGTTGAGCACGGCCTTGCAAAGCCGTGCAGCGGGGGGTGAACGAAACAGGACGAAAAACCGTGCCAGCGTCAGGCAAAAATGCCGTCGCCGCTGGCGTTGCCGAGGCCTGGATGGATGTCGAAGCGCACCACGCCCACAGGCACCTTGACGGCCCTGGCGACCATGGCCGCACCCTCGTACCCGAAGCCGCCGCACAGCTCGATGGCGGCGCAGCCGTCGTCGGATACGGCCTTTTGGGCCGCCTCAACGGCTTCCTTGTAAGAGGTCACGCCAATGGTCAGCAGCTCTACGCCGGGGGTGCGCGTCCAGCTGCGGTGCTCGGCCTTCACGCCGTTGCCTTCTCCACGGGGACTCAGAAAAATGAATGCGGCCTTGAGTTTCATAAACAAGCTCCTTGTGTTCGGGTGATCAGGCTTGTTGAGCGGCCTGCGCCTAATTGGCGTAGCAGACCTGCGCGCCCCGCAAAAACAGCCCGCGCTGCCGGGCGTACTCCATGACGCGGGCCACATCCACCACGCGCATGGTGTCTTCGGACAACCGCACGCAGGCGTTTTGCCCGCGCCGCACCTCAACCTCTCGCTCGCCGTCCAGCGCCAGCACGCAGGGAGTAAGGGCCACGGGCACATCGTCGCCCGGCAAAAGCTGGCGCACGCGCGAGACGCCCACGTCGGCAAACAGGCCGGGGCCAATGGCGGCGCGCACGCGGCAGGCAAAATCCGGGTCGAGGTCAAGGGCAAGGCCGCGCGGCTCTTCGGGTGATATGCTCATGAGCTGGCCAGCCACCGTTGAAAGGCCGATGCTGTCGGGTCTGCAGCGCGAAACAATGATCTGGCTGACTCTGGTGATGTCCCAGATGGCGCGCGAACCAAGAAAAATGTCGTCGTACACGGCTACGTCCACCAGGGCGATATCCCTGAACTGACCCTCCACATGCACCTCAAGCAGGCTGGATTCGTAGCAGCCCTCGTCAAGGGTCACGCCGCCGCAGGCCAGCACGCCCGCGGCAAGCCCGGCCACCGTGGCCTCGGCCATAACGGGAAAAACATTGTTGGTGCCGGTGGAGAGCGGCAGAATGGGCGTTTTGCGCGCGCCCTTGCAGGCTGCGCGGCTTGTGCCGTCGCCGCCCATGACGATGATGACCGCAACGCCTTCTTTTTGCATAAGAGCGGCGGCGTTGACGGTGTCCTCCTGCGTGTTGTGCTGGTAGATATCCACCGGAGCCACGTTGACAGGCGTTTCAAGAGCTTCCAGATCGCCGAGCGCGCGCGGCACGATGTCGTAGCCCTCTGGCATGTACAGAACATCGCGAACCCCGGCGGCGGCCAGACCAACCAGAATGCGGCGCACCATGCGCACCTTTTCCTGATTGTCAAAAACACTGCCGTGCGCGACGATGCGGCGTATGTCCTTGCCTGATGCCGGGTTGGCGATAATGGCTGCTTTCACGTTGGCTCCGGTGGATGTATGGCGCAGGCTTGGCCCGCAGCTGTGCTTGCAGGGATACCGCAACGCCTGACCACTGCGGCTGGCCGTTGCGGCGACGGGGCAGGCATTGTGCCTGTGCCTGCCCCGCACATTATGTCATCGCAGCGACTTGACCGCGGCGATGATCTGATCCGCGC
CP036295.1_gap45	1645762	1648108	2346	CGAGGGCGAGTTCCGCATTGATTCCATTGTGGATTACCAGGACCGCAGCGTTGACAGGCGCGATCTCGAAATTCGCCTGCAGACCCTGAAACTGGATGAAGGTTACTGGCTGGATACGGGCATTGTCACCGACGCCGGATAATTGAGGATGGTTATGCAGCAGGATATGGATCTCGCGCGGCGATGCCGCGAACTGGCCGATACGTCGCGCTCCGCAGGGGCGTGGCTTCAGGACAATGCCGAGCTTGTCGGCAACGAGCGCGCAGCCCTGCAAAAGGATCTGCGCCACGCGGCCCGCTTTTTTGGCAAGTGCGAGCAGGCGGCCCGCCGCAAGATGTGCGTGGGCGTCTTTGGCCCCAGCCAGTCGGGCAAGTCCTATCTGATTTCGGCCCTTGCCAGCGATGCCAACAAGGTGCTTCTGGCCGATTTTTGCGGCCAGACATTCAATTTTATCAAGGATATCAATCCAGAAGGCGGCAAGGAATCCACGGGGCTTGTCACCCGCTTTACCACCACGCCGCCCGAGGGCGTCAGCGAAGCCTACCCCATCCGCCTGCGCCTGCTGTCCGAGACAGACGTGGCCCGCGTGCTTGCCAACACCTATTACGCGGACTGCGACCACAAGGACGCCCCCAACGCCGAGGCCCTTGCCAAAGAGCTTGAGCGTCTGGAAGGCCGCGCCCAGTCCGGGCCAGTCCCCGGCGGCCTGACTGTGGATGATGTGGAAGAACTGCGCGATTATGTTAATAAAAACTTTATCTCGCGCCCACGGGTGCAGATGCTTCAGAACGGCTACTGGGTGCGGGCCATGGAGCTTGCGCCCAGACTTGAGCTTGAGGACCGCGCGCACCTTGTGGGCCTGATCTGGGACAGCGTGCCCGAATTTACGGCTGTGTACGAGCAGCTTGGCTCCGCCCTGCGTCAGCTGGGCAACCCCGCAGAGGCCAGCTGCGCCATTGACGCCCTCATCCCGCGCAGCAACAGCATTATTGATGTGGCCCGGCTGCAGGGCCTCAACGAGCCGCCCTCCGACATGCTGACCATTGTGGGCGTTCAGGGCCGCAAGGCTGATCTGCCACGTGCGCTTGTTACGGCGCTTACGGCCGAAATAACCATTTATATGCGGGAAAAGCCGGACGATTTTTTTGACCACACCGACCTGCTCGATTTTCCCGGTTACCGCGCACGGTACAAGTTCAGTGATTTGCGCGCCGCCCTGGACAGCCGCAAGGACATGCTCAAGGAACTTTTTTTGCGCGGCAAGGTGGCCTATCTTTTTGAGCGCTACCGCGAGGAAAAAGAACTCACCAGCATGCTGCTGTGCATCGGCCCCAGCACGCAGGAGGTGCAGGACCTGCCGCAGGCCGTGTACGAATGGATATGCTCCACCCACGGCGAGACGCCCGAGATGCGCGCCAGCAAAGCGCCTGCGCTCTTTTTTGTGCTGACCAAGATGGATATGGAGTTTGAAAAAAAGGCCGGTTCGCCCTCTGTGGAAACGCGCTGGACAACGCGTCTTGAGTCCTCGCTGGTCAACTTTTTTGGCCAGGTGCACGACTGGCCGCAAAACTGGGACGGCGTGCATCCCTTCAACAACGTTTTTTTGCTGCGCAACCCCAACTTTTTGTGCGAAGCTATTTTTGACTACGACGGTAGAAGCGAAACCGGCGTTCGGCAGGAGCAGCAAACCTTTGTGGAAGAGGTGCACCAGTCGTTTTTGCATTCCCCCCTGGTGCAAAAGCACGTGGCCAATCCCGAACGGGCCTGGCAGGCTGCCATGACCCTCAACGACGGCGGCGTGAGCCTGCTGCGCCAATGCCTGCGCCCCCTCTGCAATCCAGAGCTCAAACGGCAGCAGATCAGCGGCAGCCTTACAGAAAAATGCGACCGCGTGCGCACAGGCCTTGCGCCCTTTTACCGCAGCGACGACAGGGAAGAACTGCGCAGGCAAAAGGAACAGCTCTCGCGCCTGCTGGTTTCGCAAATGGCCAGAGTTGCGGAAAAACAGCTGTTTGGCGAGTTTTTGCGCAGGCTGCAGGTGCGCGACTTTGACCTGTACGAAATCTGCCTCAATGCCCGCCAGACCCCGGACGACGGTCAGACGGCAGCGCCAGCGCAGGTTGTGGGCGCGCGCGTGTCGGCAAGCGACATTCTGGGCGATATTTTTGGCGACGACGCGCCAGCGGCTCCGGCCAGCAGCGACGCGCAGGATGATCAGGCCAGGGACAGCGCTCAGGTTTTTGCCGGGCTTGTCATGGACCACTGGACAGAACGCCTGCGCGACCTCTGCAACGACGCCGAAGTCAGAAACCTGATGGGCCTGCCCGCCAAAGATCTTGACCAGTT
CP036295.1_gap46	1653114	1657649	4535	GCAAAACCCGGCTACTGATGCGATTGGCATTACCCTGTCTGCCTCCGCTGCGGAAAAACTGCACGCCAAGCAGGGCGACAAACTTAATGGAAAGGTTGAAAGACGCTTTCAGGGCAAGGTGCAGACAGCGCGTGTAGCCCTGCGCGTTGCAGCCGTACTGCCGCTGGCCGCCCAGCAAAAGGATGTGGCCTATGTGCCGCTGCCGCTGATGGAAGCCACCGAGGACTACCGCGACGGCCGCGCCGTGCCGGAGCTTGGCGCGTCAAACGGCTGGCTGGGCGACCCCCGCCCGCAAGGCGAGCGCATCTACCCCGGATTTCGGCTGTATGCGCGCAGCCTCGACGACGTTACGCAGCTGCGGCAGGCCTTTGCCGCCCAAAAGCTCGACGTGTACACCCATGCGGAAGAAATCGAGCAGGTTACAGCGCTGGCGCGCGCCCTTAACCTGATATTTGCGCTTATATGCGCGGCGACGGGCATTGGCTTTCTGGCTTCCACTGTCAGCAGCGTCATGGCGGGCATCAAGCGCAAGGAGCGCATACTCGGGCTGCTGCGTCTCAACGGCTTTACCACGGGCAAGCTTTTGCTCTTCCCTCTTGCGCAGTCGCTGCTGACGGCCCTCATGGGCACGGCGCTGGCCGCCGGGGTGTACGCGGTGGCCGCCTTTGTCATCAACCGGCTGTTCAGCGCCAGCGTCACCGGCATGGAGCAGGTATGCCTGCTGCTGCCCCAGCATTTTTTGCTGGCCTTTGCCGCTGTTTCGGGGCTTGCCCTGCTGGCCGCCTTTGGCCCCGCGTTGCGGGCTGCCCGCATTGAACCTTCGGAGGTTATCCGTGAAATCTGATCTGCGCCCTTATTTTCATGCCCGCCCGCACTGGGCGTGCGCGGCTGCGGCCTGTCTGGCGCTGTTGCTGGCTCCCTGCCTCGCAGGCACGGCGCTGGCCGCTCTGGCCCGCAAGGCCGACGTAAGCGCTGCGGATGCATGCAACCCCAAGCCAGCGGATAACGACATCATACTGCCCATGCCCTGCGGGCTGAGTATGGCCTTCAAGCTTGTCGCCGTACCCGCCAAGGGCCTGCTGTGGGATATGCCCATGCGTCCCGGCGTTGACGACACGGCACATCAGGACCGCGCTTACTATGACCGTCGCTACAATACGGCGCTCTCCGGGGCGTTTACCCTTGAAGATCTGCCTGCGGCCTGGCGTAAACAGGCTCCCCAGGGTCAAAACTATTTTTATCTGGTGGCCAAGTACGAGGTCAGCAACCTGCAGTGGCACGCGGTTATGGACAATGCCTGCCCCGACACGGCCCAGCCCGGCGCGGAAGCCGCCCGCCCCGCAACCGACGTAAGCTGGTACGACGCTGTGGACTTTACCCGCCGCTACACCACGTGGCTGCTGCAAAACGCCCCCGACGCGCTGCCCCGCTTTGCCGGTGACCAGCGCAACGTGGGCTTTGTAAGGCTGCCTACCGAAACAGAGTGGGAATACGCCGCCCGCGGCGGCCAGACCGCAGGCAGCCAGCTGCTGTTGCAGGAAGACTTTTTTGCCCTGCCAGCAGGCGAAAGCAAGGCTGACTACGCCGTTTACCGGCCGGAGCAGGGCCCCCGAGCCGAGAGCATGGCCAACATAGGCTCGCGCAAGCCCAACCCTCTTGGGGTCTATGACACGGCGGGCAATGCGGCGGAGATGGTTCTGGACGCCTTTCGCTTTTCCATGGCCGGGCGTTTGCACGGCTCGGCGGGCGGCTTTGTGCGCAAGGGCGGCTCGTACCTCTCAAGCGATGCGGAGATTCTGCCTGGCCGCAGGGAAGAAGTGCCCTTCTTTCTCACCGACGGCCCGGCCCATGCCCGCGATCTGGGTTTCAGGCCCGTAATATCAGGTATCAATACCCCCGGCGGCCCCCGCCCGCAGGAGCTGACAGCGGAATGGAGCAAGGCGGGCGAAAAGCTTGCCCCGCTGGCGCAGGACGGCCAGACGGCCCGTAACCCTCTGGACGAGCTGGACCGACTGCTGGCAGCCGCACCCGACGAGGCGTCGAGAAAAAACCTGCAGGATCTGCGCAATACCATCAAAGACAACAACATCATGCTTGAACGCCAGAAGCAGCTTGAGGCGCAATCGCTGCTGCGTACCGGCGTGTATATGATTGAAACCATACGAAACTACTCAAGCAGACGTAACAGCCTAAAAACGCAAATAGAAAGCATGGGCCGTGAAAAGGCCTCCGCAAAAGGCGCTGACCTTGAAAAGCTCAAGCAGATATTAGATACTGCAAACCGGGGGCTGGTCATGCTGGATACCAGCCTGGAAAAATCCCTCACCTTCTACCGCAGCAAGGTAGAGGATGGCGCTCTGCTTGCTCCGGAAGTCTTGTCCGCCGCCTATGATTCACTGGTAAAAGATTTTAACGGCAATGATCCTTTCAATCAGAACATGCATAAAAACCTTGAGCTGTATCGGCTTCACATCGACATGCAGCGCAAAAACAAGGCTGTACCGCGTGATGCCATGCAGAAAGAAATTCTTGAACGCCGTTTTCAATAGGTAAAAGGAGAGAATCAATGTCTGACAAACTGCGCATTGGCTGGATTGGCACTGGTGTTATGGGCCTCTCCATGGCGGGGCATCTCCAGGCCGCAGGCTGGCCGCTGACCGTATATAACCGCACCAGGGCCAAAGCCGACCCCCTGATTGCCAAGGGCGCCAAGTGGGCCGATACCCCCCGCGCCGTGGCCGAAGCCTCTGACGTGGTCTTTACCATTGTGGGCTACCCCCACGACGTGGAAGAAGTAACCCTGGGCGAAAACGGCGTGCTGCGCGGCCTGGCCGCTGGCGGCATTGTGTGCGACATGAGCACCTCAAGCCCCATGCTGGCCGAGCGCATCGCCGCTGCCGCCAAAAAGCAGGGCTGCGAAGCGCTTGACGCCCCGGTTACCGGCGGCGACGTGGGCGCGCGCGATGCCAAGCTCTCCATCTTTGTGGGCGGCGACGAGGCCCCGTACAAGCGCATTCTGCCCTGCTTCAACAAGATGGGCGCCAACATACTGCACTGCGGCGGCGCTGGCTTTGGTCAAAAGGCCAAGCTTGCCAACCAGGCAGCCATTGCGGGCGTGATGATCAGCACGTGCGAGTCCTTCCTTTTTGCGCAGGAGGCAGGCCTTGACGTGGCAAAATGGATGGAGCTTGTGGTTGCCGGTTCTGGCGGCAGCTTTGCCATGAACACCCTTGGCCGCCGCATGCTCAAGGGCGACTTTGCCCCCGGCTTTTTCATCGACCACTTTATCAAGGACCTGGGCCTCTGCCTTGAGGAATGCCGCCGCATGAAGCTTGTGCTGCCCGGCATTACCCTGGCTGACCAGCTGTACCGCACCATGCAGGCCAGGGGCCAGGGCAGCAAGGGCACGCAAGCGCTGGTGGAATGCCTTGCCGAACTCTCGGCCAAAAAGTGGAAGACCTGCTGCAAATAGTTTGAAGTACGGCCCTGTGCGGCCATATGCCCGCCCGGCTGCAAAGCCGGGCGGGCAACACAGCATGACGAGCCTGAGCCCGCCTCTTTTGGGCAACCGTAAACAGGAGATCCGCCATGCCCCCCACCTGCTCCGGCAGTCCCTTAAATGACCCAGCCCTGGAGCCATACCGTCCTTTTCTGCAACGCCGCATCCGCACGTATATGGCAGAAGCAGAACGCATCCGTACCCACTACGGGTCGTTGCATGCGTATGCCGATCTGCATCTCAGCCTTGGCGCGCACCTTGTCCAGACCTCCGCAGGCTCAGTATGGCGCTGGCGCGAGTATATGCCCAATGCCGAAAGCCTGTGGCTGACCACCGACCGGCTCAATTTTCAGCGCCACGCCAAATACCGCTTTACGCGGTGCTCCGACAATATTTTTGAACTGGAGCTGCCCCACGATGCCCTCGAACACGGCACGTACGTGGAGCTGCGCCTGATTCCGTCGCAGAGCGCCGCCAAGCCCAACGGCAAGGCGCTCAAGCGCGTGCCTGCCTTTGCCGCCTGGGTGGAGCAGAACGCCGCTGTGCCGGAGCAATGGTGCGCCCGCCTGTGGTTGCCGCAGACCCCCTACCGCTTTAGGCATCCACGGCCCGCGCGTGCGCCCTTTCCGCGTATTTACGAGGCCCATGTGGGCATGGCCCAACCGGCGCAGCAACACCACGGCGACAGCATGGGCAGCTACGAGGCCTTCAGCCGCGACATCTTGCCCCGCATCAAGGCCAGCGGCTACACGGCGGTGCAGCTCATGGGCATACTGGAGCACCCCCTGTACCGGTCGTTTGGCTATCAGGTGAGCAGCTACTTTGCGCCGTCGTCGCGATACGGCACACCAGATGGCTTTAGAGCGCTTGTAGATGCCGCCCATGGTCTTGGTCTGGCCGTGCTGCTTGACGTGCCCCACGGGCACGCCAGCGCCAATACGGAGCAGGGTCTGGCACAGTACGACGGCAGCCGGTACTTTTTTACCGGGCAGCATAACCAGTGGGGTACGCCCTCCTTTGATTTCAGTCAGGAGAT
CP036295.1_gap47	1669327	1671640	2313	GCGCAAATGTCCGGCGCGCATGTCCGGCGCGCAACCCCCATGCTTGCTGTCGGCGTAACCCGTTGCCCCGCTACTGAAAAGCGGAGTCGGCAACAGTCTGCCGTATGTTTGGGCAAGCTCTGCGCCGCTAACGTACACTAAAAATTTTTCAACGACGCAAAGCCATCAAAAACTATTATTAAAAATTTCATACAAATTTAACATAATGTTTGATTTGTAGTTTTTTTTGAAGCGCAATCGCTATAACTGCAGTGCAATATTTCACTCAGGCGGTTGCAGCAGATGCAATCCATGAATAGCGCACGCTGATACACTACCAGATCATATTTTACTATGTTATGTTTTTGTATGAACAATCATGACAAATTTAATATTCCTTCAGTATGTCCGGCAGTATTCCCGAGGCTCAGCCGGGTAAACTGCTTTAAAGAGCTTAGCGGTTGCATGTCCACTTTATTCAGACAACCGATTTATATTTATGAACATTCATCAGCATATACAGCTGCGCGTTCAGGGCTTGAGTCAACCTGACTCATAAATTGTTTTAAGGAATTCAGCCAGTTGGCAATACGCATTCTACTTTTACGCAGCTTTGCACCTTGCAACGGCTGCACGCGCGCCAGTCGGTTAGCCAACACACCATTATCCATAATAAGAATCTGTTGAATTGTTTATGCCAGTCATGTAAAAAATGATCACAAAAGCACCCGCGTGCAACAAACTTATGGCAGCTAAAAACTGATGCAGCTGGTTGCGTTAGCCGTTTACCTGTTGCTATATAGCCTTGGAATAAGGGGGCGATGCATGTCATCATCAACGGAAAGCTTCTGCTATATACCTCAATCAAACAACTATGAAATTTTCAATGCTGCGCATAATGCAAAAAGCCTGGTTAAAATCACCTGCTGCGTCCCATACCAGGGCAAGCTCAAAGATATTACGTGCTATGGGCACATTAAAGGCGTTGTCGGACGCGAAGCGCAGATGGATATTGTTGAACGAGAGGTACTTAACCGCCCCTGTAAGATATATGCCAATGAGTTTGAATATTTTTTTTGCCTCGACAAAACATATCCTCAACGTATGCGCCTGGGCTACCTTGGCACCGGCAAAATACTTAATGTAAAAAAAGATACGGACAGCAACATTGCAGCAATGGACCTGCGCTTTGCCGCCAAGAGTGTTGAACGCCGCATGCGCCGCGACAGAAGAATAGACTGGAGACCAGAATATTCAAAAGTTGCGGGTGTAATCCGGCTTGATACTATCCCTGAATCCAAACTGGATCTCAAAAACCTGATCCAGCAGCACTACCGCCGGACAGGCGGCAGCGCTCAAATTATAAACATCTCTGCTGCGGGAGCCTGCGCATTGCTGCCCGACGAGGCGGAACTGAAGAGCCTGTCTACGGACACGTATCTTTTACTGTACATCATATCCGACAGGTTTGACATGATGAATGCCGCCTATGTCCTTTTGGGCAAAAAAATCGGCGTTACCAGCAGCGATGTCGGCAATATGCTGAAACTCAGGATGCAGTTCACTCACGAGCTTGACCTCACCACCAACATGTACCACCTTGATTGGGTAGATATAGCCCAGACAGGGTCTGACCATCTCGGCAGTTTTATTGAAGAATACTGCACTGGTGAAAACGGCGAGTGCGACTTTATCAACGGCTCATAGCTCGGGGCAGCAGCGCAATCTGCCTTGTATTGGTGCCAATATGCAAAGTTGCCGTTCCGCTTTATTGCCGACCGGCATTTTTTTTGCGTGCCAACCTTTTGCCTTCATTGCAGCCAATGTGTCCTTGCCCATCCCTTAAGCAAGGGGGAATCACGGTCATTTTGGCATCCAGTTAATAGAAGGCCGATTTTTCTCTGCATTATTTCTTTGCGGGCGTATGGACACATAACGCAAGGCACAGTAGGCTTTACAAACTGATTCACTCGTATTCGCCTTGAACAAATCTGAGGGCGAAACAGGTATGCGGCGGTTTTGCAATATCGGTTTTGAGCCCAGAGCATAAACATGCTCGAGTGTGCGGGCACTGCCCTGAACGCCTATGCTTTTTATTTTTTCTGCCCGGCATTTCACCCACATCCGCAAATGGGAGGAGCAGAATGCAGCTTAGAGTATCCACACGCCTGTGGCTGGTATTTGGCACCATTTTTTTTCTGATATTGCTCAGCGCCCTGTTTGTGCGGCATAGACTGAACCAGTCAAACTCCCTTGCCGACCAGACCAGCCAGCAAAGCATGCCCATGGCATTGCTGGCCGCGGATATGAAACTGCAGGCGGTGCAGGTGCAGC
CP036295.1_gap48	1715971	1719242	3271	TTGATATTGTCGTCCTGAAGGACGTGATCCAAAAAAACTTTTGAAGCCCGCAGCCTCTAGGGAGGCCGTGCATCATATTCAGGCTGCGATGGCTACTCAGAGCGGCGGGCTTGCCGAGTGATTCAGTTTAACAGCTGTTCAGCCAGGCGGGCACTATCTGAAGACCGAGATATTCTTTTACGGACGCGGATGCTGGAACTGGCAGGAAGATCGGCGGCGTTTCGGTTCTCCGCGCCTGCATGAGTTATTGCGCCGGGAAGGCTGGTGCAGAATCACAAGCGGACTGGAAGGATTTACCAGGAAGAAAACCTCTCACTGCGCACCCGCAAGCGACTGAAACGTCCAAGCCATGCCCGCATTGCCCATGCTGGGCCTGCTGGCCCGGATGAGCAATGGGCGATGGATTTTGTGAGTGATTCCCTTATGGGGGGGCTGGCGCATCCGGATTTTACAATTGCCGATCTGCGGGATCGCTCAAGCCCGGCACTCCAAGTGGATATGTCGTTGCCTGAAGTTCGATTTGAACGATTCCTTGAAAAGCTACGTCTTCAAGGAAGGTTGCCGCAACGTATCAAGGTTGATAACGGTCCAGAATTTAGCGATACGGCCTTGGATGCGTGGGCTTTTGAGCACGGTGTGCAGATAGATTTTACTCGTCCGGGGAAGCCCACGGCTAATGGACACATTGGAAGCTTTAACGGTAAATTCCGGGATGAGTGCTTAGCTCAGAACGTGTTTCTGTCCCTGCACGATGCCCGCAGAACAGTTGAAGCCTGGCGACAGGATTACAACCATCGGCGACCGCACAGCTCATTGGGCTGGCTGACTCCGGAAGAGTTCCGTGAAAAGAATAAACCAGTAACCCATTGGGAACCACTAACTTACAAGTGGTATACGCAGTGGGGTAAGGTCAATCCATAAAAGCCTTCCGTAATGATTCACATGAATTAAACCCTCGAATAAATTGCTACATCTTCTCTAAACTCCGCAATCATGGCTTCCGTCAAAGACGGTCTGAAAGAAGCGATTTTTTCAGCAATCATCTCTGTGGTCACAGGCGTGTTTACCCCGCTTTCACATTCTTCTTCAAAGGCATACTGGGCAACAATTTGGAATAGATACTCAATATCTGCAGGCGTAAATTTAGGCGTCAAGCTTACAATATGATCAACATCAACAACGCCGCAGTTCATCATCGACAAATAGTATTCCAGAATTGTTTTTCTTCCATCGTCATCCAGAGTTCCAACCGGAATGATGCAATCAAAGCGCCCCGGGCGTAGCAGCGCAGTATCCAATTGGCGGATGTAATTTGTTGCGCATACGAGCAGAACTTTGTTTGGTTGGCTCTTTATCAGTGGTACCTGTTTGAGAAATTCGTTGGTAATCGATCTGTCGATTCGGTTGGCGCTGTCCCGGCTGCCTGCGAACTCCTCAAATTCATCAATGAAAATAATGGCTTCATCCAAGCTTCGCGTTTTTTCCATGATTGCTCGCAAATGCGCCCCAATTTTATCCACACCGTCAACCATAAGCATGCTTGGTGCGATTTCTATGAACCACCACGCCAGTCGCCCGGCCATTGCCTTGACAAAGTGGGTCTTGCCCGTACCGGGAGGGCCAAAAAAAATGATAGTCTTAGGCGGGATGACGCCATATTTTTCTGAAAGTGCCCCCTCGACCAAGGGGAGTATAATCTTTTTGTGAATCAGCTGTTTGGGGGGTTGCGTGTCTGAGATAGTGTCCCAAATATCTCTGCTGATAGTGCGCGCGCCCATCTGCACCAAAAGCTTTTCCTGATTGTGCGTAGAAAGCTCCTCATCCGTCCCTATGTTCTCAAGAAAGTCGGTGCAGGCAATCTTGAATCCGACATCCCGATTCAGTCTTTCAGACAGAACCCACTTGTGTTGCATAATTTTTTGCCAAAGGTCCAACGCTACATCCGCATCGAATTTTGCGCCGCTGGCTTCAAAGATTTTGCTGGCGCAAATTTCTGGAGAGGGAGTGTCTAGTATGATTTTATCCAAAATGAACCCCTGGTTGTAATATTGTGTGGGGCAATTATTTTCTGAATTTATGAGTACGTTTGCATGTAAAAACGAAAATATTGCCATATAAACATATTTGAAGCGTCTATATTTTAGTTATATTTTAATCTTATAATTACCATTGTCACTAGCTTTTTCATGAATTATAATTTCTTTTTTTAAAATTATTATATGTTCATCAGAGATATAAAAGTACTATTTTGTGTGGAACAATTATATCTACTAAATATTCTTTTCTCAGGGCATAATTAATGCCAGCCCATGAGACAAAGCTCGCCACAAACCCTCACTTGTCATACACAAGCGGCTAATCGCAGATAGCCTTTTTAGGCTGGCATTGCAGGCCAACAAAATTTGTGCTGCCGATATTTCTGGCATGGGGATATTCTGTATCAAAATCAGCCAGCACGTGATGTAGCCGATTATCCTTGTTGCAGGGAGTGCGTAGCAAAGCCCTGCTCGCTCCCCTGAAAGATACCTGTCAGCCTCAGCTGACAATCGCCGCATCGAGCGATTTTCGTGATTTTTTACGTTGATATTTTAAACCGCATTTCATCTATTTTTGTGGATATATCCTAGAAATGGAATATATTGTCAAAAATATAGAAATGTAAAAAATAATAATACTCTGAAAAAATTATCAAATTAATATGTGTACTGTATTGCATAAGTTGATTATAAAAGAGAAAAAGTGTTTGTAAAATTTATTTTTACAATTAAGCAATATGCATTTTTATTGAATAATTATCTCCTATGTCTTCCCAGTTGTACGACTTTTCTTCAGATCGGACACGCCGGAAGGCTCAGGCTATGAGTCGCCAACGACAAACCAGGCGGCAAGGGCTGGGGCAATCCTGCTTGGAACATGCAGTCCTCATTACAACAAGCTATATTTAACATACTGGAAATATTCATAATGAATTTATTTAGCAAGACAGCTTACGGAATACTTTCCGCGTTGGGGGCTTTTTTTCAGGTAAAACAGATACCCTGGAAGTACGCCGGTGAGGTCGGGCAGTATCAGCTAGAGCTATTCAGCACCGAGCACCTTGGAGAGCATGGCAGGCTGCTGGCAGAAAGACACCACATTGCCACAGAAAAGCACCCGGAAGTTTTGCTTCCACGGCTTGTGGACAACGAAAAAATGTTTTTGTCCGTGCACAGCCTGCTGAATGAAGATGCGCTGTGCGGCGTGCAGATAGCGCCCGCTGGAGAATGCCTTC
CP036295.1_gap49	1722629	1726465	3836	AAACGGACGACTACGGCAGCATGCAAGAAATGTTTTTGCTCAAATTGCAGGATAAACTGGACGAGCTTGCGCTTTTTATGCCCTGGACATTGCTTCAGGATATGCCCCCTGCTGTTCTGCAAGATTTTCAGATGCTTGACGCACACCTCACCCTGTTTGAACTTGCCGGGCTTGAAGAGACCGTTTTGCCGCGTCTGGCATTGTGCGCCGCAGAGGAAAAAAATCCATCGAGGCAGCCTCTCTTTGCTGAGCTTGCGGTACTTGTTGGTGCAGGCAGCCGGCAAGCCAGGGCGCGGCTTGAACAGATAACGGAGATGATGGAGCAGTGCACCGGGCTAGTGTGCCTTGAGTACGATTTTCTTTACGACTCCACGCGAAAATTGCTGTCTATCGGCTACAACGTGGACGAAAACAGAAGAGATGCAAGCTATTATGACCTGCTGGCCTCAGAGGCCCGGCTGGCAGTATTTGTGGGCATTGCCCAGGGCCATCTGCCGCAGGAAAGCTGGTTTTCTCTTGGGCGGCTTTTAACCACCACCACGGATCAAAAGCCGGTGCTTCTTTCCTGGAGCGGCTCGATGTTTGAGTATCTGATGCCGCTTCTTGTGATGCCCTTCTATGAAAACAGCCTGCTTGACCAATCCTGCAAAGCTGCTGTTGCCGCACAGATCGAATATGGGGGGAAAAACGGGCTGCCGTGGGGGATATCTGAAAGCGGCTACTGCATGACCGACGCGCGCGCCGACTATATGTACAAGGCCTTTGGGGTGCCGGGGCTAGGCATCAAGCGCGACCTGACCGCAGATATGGTTGTGGCTCCATACGCTTCGGCCTTGGCCGCCATGATAGCTCCACGTGATGCCTGTCTTAACCTTGAACGTCTTTCACAGGAAGGCGCAGAAGGTGAGTACGGCATGTACGAGGCCGTTGACTATACCGAATCGCGATTGCCCAGAGGGGAAACATTCGAGATCGTGCGTTCCTACATGGCGCATCATCAGGGAATGAGCCTGCTTGCCCTCGAGGCCTTGCTGCTTGATTACCCCATGCAAAAACGGTTTGAAAGCGATCCCCAGTTTCAATCCGCCATACTGGTTTTGCAGGAACGGGCTCCGGAAGCAATTCCAGGTTATGTACGCACGGCAACACGGTCGGGTGTTCCCGCAATTCACAGGTCAGTAAAAGGTGCAACGCGCATCATCGGTTCGCCGCACACTGCAAGGCCAGAGGTTCAGCTGCTTTCAAACGGCAGGTATCATGTCATGGTAACCAATGCCGGTGGCGGGTACAGTCGCTGGAAAAACCTTTCTGTAACCAGGTGGAAAGAAGATACGACGTGTGACGACTGGGGTACGTTCTGTTACATCCGCGATCTTGCCACAGGAGAATACTGGTCTACCACCTTTCAGCCTACCCAGGTAAAAACTGAACATTTCAAGGTGATTTTTTCAGAAGGGCGGGCCGAATTTCATTGCCGTAACCTTAACTATGATGTGCATACGGATATTGCGGTTTCGCCAGAACACGATGTCGAACTGCGGCGAACAAAGATCACGAACAACTCTCTGGAACAGCGAACCATAGACATGACCAGTTTTGCCGAGGTGGTTCTTGCTTCTTGCGCCGCTGATGCCTTGCATCCGGCATTCAGCAACCTTTTTGTCCAGACCGAAATAGTTGAAGATCAGTTTGCGATTCTATGCACACGCCGCGCCCGCTCTGAAGAAGAAAATACCCCCTGCATGCTGCACATGATGACTGTGCACGGCGTGCCTGTTGACGCCATTTCTTACGAAACGAACAGACGGCAATTTATTGGCCGTGAGCGCACCATAAAAAATCCAAGGGCAATGGACAGGGAAGTTTTTGATCTTTCTGACAGTGCTGGAGCCGTGCTTGACCCGGTTGTTGCCGTGCGCACTCGCATCACGCTTGAGGCCGGGCAGTCTGCAATAATTGATGTTGTGTCTGGCGTGGGCGAGTCACGGCCAACAGCCATGGCCCTTATTGAAAAATACCGGGATAAGGGCATTGCCGACCGCGTTGCCCGTATGGCTTGGGTTCATGGCCAAATTCTGCTGCGTCAGATCCACGCCACCGAGGTGGAGGCGCAACTATATACCTGTCTGGCAGATTCCATCGTGTACGCCAATGCGCAACTGCGTGCAGAAAGCTCTGTGCTTGTGCAAAACAGCAAGGGGCAGTCCGGACTTTGGGGGTATACGCTGTCCGGCGATCTTCCCATACTGCTGTTGCGGATAGGAAGCGTTGACAATATCGAGCTTGTCCGCCAGCTTTTGCGGGCGCATACGTACTGGAATCTTAAAGGCTTATTGGTTGACCTGGTCATCTGGAATGAAGACAAGGCCGGGTACAGGCAGCTTCTGCATGACCAGATCATGGGGCTTATTGCAGAGGGAAACGGCAGTAGCCTTGGGAAACCTGGGGGGATTTTTGTCCTTTCTGCCGATCGCATAGTTGAAGAAGACCGAATCTTGATGCAGGCAGTTGCCCGGGTCATTATTGCCGACGACAAAGAGTCTTTGGCGCAACTGGTAAAAGGCCGCATAGCGCCTGTCAATACAATTCCCTATCTTGCTCTGTCGGAAGGGCCAAGAGTTTCCCGTGCCGAAAGCGCCCTGCCTGCCCCCCGCAATGACCTTGTTCTCTTTAACGGACTGGGAGGTTTTACTCCCGACGGGCGGGAATATGTTATAATTACCGCTCAGGGCCAGGCCACGCCCGCTCCCTGGGCCAATGTGCTCGCAAATTCACAGTTTGGAACCGTTGTTTCGGAAACAGGGCTAGCCTTTACCTGGAGCGAGAATGCCCACGAGCACCGCATTACCCCGTGGTCAAATGACCCCGTGGGTGATTCAAGGGGCGAGGCATTCTATCTTCGCGATAACGACACCGGCTACTTCTGGTCGCCATCTCCCCGCCCATGCCGGGGCAAAACGCCTTACACAACCCGGCACGGCTTTGGCTACAGCGTATTTGAACATACTGAACGCGGTATAAAATCAGAGCTTCTTGTGCATGTTGACGTGGACGCCCCGGTAAAATGCATGCGGCTGACAGTGAAAAATGAGTCGCCAATACCGCGCAGGCTGTCGGCAACGGGCTATGTGGCCTGGGTTTTGGGCGATTTGCCGGAGAAAACACGCATGCACATAGCCACAGAAGTTGACCAGATGAGCGGGACAGTTTTTGCCTGCAATTCCTACAATTCTGAGTTTTCTGGTCGAACAGCTTTTTTTGGCACAGACGACAGCATTAAATCTGTGAGCTGCGACCGCGCTGAATTTTTGGGTCGCAATGGTTCTCTGGACAATCCGGCGGCCATGGGGCGCAGCCGCCTTTCGGGCCGAAACGGTGTTGGCCTGGACCCGTGTGCCGTTATTCAGGTTCCGTTCACTCTCGCCGCTGGCGAGGAGAGGGTCATTGCATTTCGGCTTGGAGTCGGGAAATCCAAGGATGAATGCAGAGAACTTGCCATGCGGTTTAAAGGCGTGGAGGCAACGCAGGAATCCTTGAGCCGGGTCTGGCGGCAGTGGGACCGCCTGCTTGGCTCCGCCTATGTGGAAACACCGGATATGTCTTTCAACGTTATGGCCAACGGCTGGCTGCTGTATCAGGCCATAGCCTGCAGGATGTGGGGGCGCGGAGCCATATATCAGTCTGGCGGTGCATTCGGATTCCGCGACCAGTTGCAGGACGCAATGGCGCTTGTGCATACCGCACCCCATTTGCTGCGTGAACAGATACTGTTATGCGCATCGCGGCAGTTTGCAGAGGGGGATGTCATGCACTGGTGGCATCCGCCGTCAGGCCGA
CP036295.1_gap50	1728196	1732570	4374	GGCCACGCGGTTGTTCTTTTTCCGCTCGCATTTCACATGAACCGCGCCCCGGCCCGGTGGGCGGATCCGCAACGTATGGCGCACCTGAGCCGCGAGCGCAAACGTGCCCTGCCAGACCTCACCAGTTCCAGCTTTGTCAATGCGGCCATCAGCGCGCGGCTTTGCGAACAGCCCGAGCGCTTTATCCAGTCTGGTCTTGAAAGTTACTATGATCTCATCAATCTTGTTGAAATGATAAAGAATGGTCTTCATCCGGCCATTGATAAAGATGCCACAATTGATTTTTTTACCTACTCCATCGGAACCCTTCTCGGCGACCTTCTTATGATGGCAAACATGTCGGGGTATTTCTCGGCATCGCGGCATATTTCCTTTTGCGGCGGGCCTGTCGTAAGCGGTCTGCACCCGGAATCAAAATTTATTCTCGACAGCGAAGCTGTAGGCAAACTCAGGGAGTGCCTGCTCTCAACAGACCGGCTTGAAGTTTTGCTCTCGGACAACACCGAGTTTGAAAAGGCCTTTCGCTGCATGCTTGATTATGGGATAGGCAGCAGTGAGCGGGAGGAACGTCTGAGGTGTATGGGGGCACGGCGATATGTGATCGCCCTGGCCGATGACCATGTTGTAATGGTTAACGAAATTCGCAATACTTTTGGCGAAAAAGAAAAAAATGGCATCCATGTGGAAATTATGCAGTATACCTACAAATACAGACATGAAGACCCGTTCCCTGTGCTCACAAAAATGTACAGTAATATTGACAGGCAGTTTCAGCGTACATTTGACAGAATTTGCAATTTTTTGAAAAGATAGATGGGGTGAATTTTTATGACAGAGGAGGAATCTTTCAGCCAAATCACACTGGTTTGCCCGGGGTTCCCCCTCCGCTAAACCGGACGCCAGCGTTTTGTAATGGTATTTTAAAAAAGTTTTACAACGCAGCGCCAGCCTGCGCGTTGCGCATGCTGGCGCTGTATCCACCAGCGATGGCAGAAAAAGTCATCACCTCCCTGTCGCGAGCATCCAGAACAAAAGGATGCGCCCCTTCTCGCTCCTCTCGCCCTTCCCCCTCGTCGCTCAATCCCCAGTCCGGCAGAGCCACCAACGCTGATTTTATTGCGGTGCAAAACCATGCCAGTGTGCGCCTTGCATGGCTGGCTGTCGGTTAGCTGTGCCACAACGGCTGCTCTGGCGCATTATCCTGACATTCCGCATACGGTTAGCCGAGAAGCCCATCGGCAAACAGTCGCCGACCAGGCAACCACTGGATAGGCCAAAAGCCATACGCCGGAAGCCCACACCCAAGAGGTCTATGTACAGCGGCAGGGGCAGTGCCCCTTCAGTCTTGCCCGTCGTTCCGCAGGGCATGAGCTGCCGCCAGAATTCGCAGGCCAATGTAAAATGTGGCGTTATCATGCCATGCCCATGCTCAAGCTTGGTTACAGAAGCTCCGCGTTCTGCCTGCTTAAAAATCGCCAGAGCATGGCTGTGGGCCGTCGGGGCGATTTCACCGCAAGGACCTGCAAAATTATCAATCTCGCAAATGCTATCTCATTTTTTAAATCAACCAGACATTATGATTAATGAAATGATTGTTTATATTATTTTTATATTTTTGACTTTTATTAATTGTATAAAATAAAAAATTCCAAATGTGTTGTAGCGAACAGACGATGTATATTTTTTGTATGACTGTTAGCAAAGCTGGAAAAATCTTTAAATATGTAGTCATAAAAGTTCTATAAAAGCCACATTAACAATACATATTATAATAAAAGCATAATTAATGTAGTTAATTTAACTGCTTTTATGTAACACATTAATAAAATTAATTTAAAAAATTCAAGTTTTTTTACCGAAGCTCAGCCTTTGCCTAGTCAGCAAACAATAATCAGCAGCAATATATTTTGCATCAATATTGCCATGCTCATTGCCTGGCAAGCTAGCTTTCCGCCAATGCGCATGCAGGTGCAGTCAAACTATTACCGGGAGAGCAATATGTATTTCTTCAAGAAGATTATGATTTGTGCGCTTGTTGCATCCATCTCACTGGTTGCCGGGGCCTCGCTGGCGCAAGCTCAGACAATTGGAGCGACAAAAGAGCAGGCCACTACCGTCTCAAAGGGGTGGAGTATCACAAAGGACATCATGAAAAAGGATGTATTCACTGAGGACAAGGAAAAACTGGGCAGCATTGAAGACATCATTGTAACGCCCAGCGAAGGCCTTTCGTATGCAGTTGTGAGTACAGGCGGATTCCTTGGCATGGGCAAACACGACATCGTTGTTCCGCTCAACCAGTTCAAGGTGATGGATTCGCGCTTTATCTTGCCCGGCGCGACCAAAGAAACAATCAAGGCAATGCCCGAATTCAATTACGAAAAGTAAAAGGTGCTGATCGCAACGTGCCCGCTGCGGAGAGCATTTGAGTAAAAGATCGAGGGCATTTTTTGCCAGCTGCGCAGAAAATGCTCTCAAACACAAACATAACACTGTATTGCACGTTAACACGGAAAAATACCATGAAAAACAGCAAAGTCAGAAACAAGTTTAAAGAAATAAGCGGCCATGCAAAAGAAGTTGTTGGCAAAATAACAGGAGACAAACAACTTGAGCTGGAGGGAAATGTGCAGAAGAACGTCAGCAAGATCAGCGCTTCGTATAATGATATCAAGGACAGTATAAAAGAGTCACGCGATGATTAAAAGTTTTTCATGAGTCACTGCACGACTGCATAAACTGTAAACAAGGAATTTGCATTGTCATGAAGAATCTATGCGCTGATTTATTTGTTGCTCTCATCTTCACTCTTGGTTTGGCGTTTGCCATGTCAACAATGCAGGATGCGTCCGCAGCAAGCAATGACTTGCCTCAAACGGCAGGCGAATACTTTGATGACTCTGTTATTACAACGGCCGTAAAAAGCAACATATTGGGCGAAAAGGGTCTTTCTTCACTAAGCATCAATGTGGAGACAAAGGACGGAGTCGTTACACTCTCTGGAAAAATAGATACCGCAGCGCATTCAGACCTTGCAGTGCGCATGGCAAAAAAAGTCAATGGCGTTAATGGGGTTGTGAACAATTTGATTGTTGATGCCGCCGCACACCAGTCAGTTGGTGAGTATGTTGATGATGCTTCAATCACTGCGGCCGTTAAAGCAAATATTCTTAAAGAAAAGGGACTTTCAACGCTAAATATCAGTGTTGAAACAAAGGACAATGTTGTGACCCTTTCGGGAAAAACTGATTCGCCGGAGCACTCCAGGTTGGCCGCCCGTGTTGCAAAGCGTGTGAATGGGGTCAAAGCTGTTGTAAACAAGCTTAAAGAATAAATATGCAATGTTTTGCCAAAGCAAAAAGCAAGCATATTTATAAGTGTCAACACCGTTTCTGAGCAACGCCTTGCATAAACTCTTTTTGTAGATGAACGTTGCGTTATACGTGAAATTGTAAAGGCAGTTCGTAGTAATTATTATTGCAACAACAAGGGAATAGCTATGAACTGCCATATTAAAACTATTGTTTTAGCGATATTTATTTTTGCAAGCAATATATGTTTTGCATCAGAACCAGACAATGTTGACAATACAGAATCGCAAAAGAGCACTTTTGTACTCTATTACGAAAATGATTTATTTTACCATCACGATGGGTACTATACCAATGCAGTTAAATTTAGAGTGATATCAAAGCCGCTAAATACGCTTACAAAAAATGGAATTTTTCCGGATACGTTTGACTCAGTAATGGAAAAATTTGAAAAGTCACAAAATACACAATTTACACAGTACAATATTTCAGCAGGTGCTGGGCAGTCAATTTATACACCCAAAGATACCACGATCCGCGATCTTCAAGAAGATGATCGCCCATACGCCGGGTATCTTTACAGTTTTCTGGCCCTGCACGCCAAGCAGATTCAGATGATGGACACCTTTGAGATTACAGCGGGCGTGGTGGGGCCAAGCGCCCTGGCCGAATATGCGCAAAATGGAGTGCACCAGTTGCGCGGATTTGAAACCGCCAAAGGCTGGGACCACCAATTGCATGATGAACCTGCCATGACGCTCTCATGGGGCAGAAACTATCGCCTCAACAAACAAAGCATCTGGTCGGGATTAAGTTGGGATGTTTTGCCGTACCACACGCTCACAGTTGGCAACGTGCTGACGCAGGCAACTGCGGGCTCAGAACTGCGTCTGGGCTGGAACCTGCCTCCATCCTTCAACACTTCACAAATTCATCCAAGTTCAAGCATTGGTGCGCCAACCCCCGAAGATAAGGGGGGACGACAATCCAAAGATTGGGGTTTTTATGTTTTCGCTGGCGGTGAAGGTCGCGCCGTTGCCCACAATATTTTTCTAGACGGCAA
CP036295.1_gap51	1733849	1736540	2691	AATGACACCCAGGCGCTGCAACTTGCCTGCGGCTTCAGTAACGCCCTCGCGGCGAACCCCCAGCATGTTGGCGATCAGTTCCTGCGTCATGCTCAACTGATTGCTAGGCAGGCGATCGAGCGAGAGCAACAGCCAACGACAGAGCTGCTGGTCTATGGAATGATGTCGATTACATACTGCTGTCTGCGCCATCTGCGTAATTAAGGCCTGAACATAACGCAGCATCAGTTGCAGCATTGCAACGTGATGACTGACGGCAGCCTTAAAATGCTTGTCGCTCAGGCGGTATGCCTGACCAGCACTTTGTACCAAGGCTCTGCTGGAGGTACTTTCTCCCCCCATGAACAGTGAGATGCCAATGACGCCTTCATTGCCAACTACAGAAATTTCCGCTGAAGCGCCGTTTTCCATCACATATAATAGCGAGATAATGCAGTCTATTGGAAAGTAGACATGTCGCATGACATCGCCGGATTCGTATAAAACCTTGCCCAGCGGCATTGAAACCAACTCCAGCTGCGGCAGTAACATGGCATAAATGGGGGGGGGTAATGCAGCAAGAAGGCGGTTTTGGTCTGGGGTAGCATCTTTGAGCATCTTGGTATCCTCAATAGCTATAATTATATTATTATATATTTCATATTTTGTTCGATCAATCTTTTTAATGGTACAATAATAAGTTGCTAATGTATGTGCTCTACCGCACACGCGTATCTGGTTTGAAATAACGATTCTGCTCATGAAGCAATTAACATCAAACGCAGAGGTTCATATGCTTGAAATGATTGCTGTTGCCCTCGTTATGTTGTGGTTGTTGGGGATAATTACATCCTACTCATTGGGTGGCTTTATCCACATACTTTTGGTCATTGCGGTTGTCGTTATCGTAATCAGATTTTTGCAGGGCCGACGGCTCTAGAAGCGGGTTCAGTCAAAGACCTTGTGCGGGCGACGGTTGTTGCAGAAGTCAAACCACCAGATCATGGTGCGGCGAAGCTCACGCCCTGTCTCTATCTCCCGCAAATACACGCATTCAAACTTTAGAGAACGCCAGAGACGTTCGATCATCAAGTTATCCATCCAGCGCGGCCTCGGCCATCCATTGAGATGCGCGCTCCGGCCTCCCTGAGCGTCCGCGTAACCCCATAATTCATGAACTGCGAACCTTGTTAGCTAAGCTCGCCGCAATCTCTCCGCTGGTTTGCTGCTTCCACAGGAAAATCTGATTTTTTTTTGGGGGGGGGCACGCCGTACTTGCTGACGAGCTCGGGCAAGGCATGTTCCCCGTACAGGACACCACCTGGGCAACGCTGGCCCTGAACTAGGTGGTGAACTTTCCGCTTGATTTGCACATCAAAAGCCTCCGTTGGCTTCTTGAGTCCACCTTGGCTCAGGTCCCGTTTACCGACCCCACTTCACAAATAGCCGCCTCGCAAGGATCACCGCAACGTTTTGCCTGGGTGCTCACTGGTGCTTGGTCAGGCGTTAGCTGTTTTTCATGTCCGCAACAAGACGGCTGAGCGTTTTCGACTGACTGACCATGTCAGCCACCGCCTTGGCGGCCTCGTTCATGGCGGAGGCAGTTTGCCCGGCCATGGTGCTGACCTCAAGGATTGACTGGTTGATCTCTTCGCTGGCGGCGGATTGCTGCTCGCTGGCGGTGGCTATGGCCCGCACCTGATCGGCGGTGGCATCGGCATCGCTGACAATCTGGCGCAGCGCCTCGCCGGACATGTTGGCAAAGCCCGTGGCTGTTTCCACCTCCGCCAGGGCGTTATCCATACTTTTAACGCTCTTTGCCGTGCTTGCCTGAATGGCCGCAATGGCGTCGCCCACATCATGCGTCGAGGCCATGGTTTTTTCCGCCAGTTTGCGCACCTCGTCAGCCACCACCGCAAATCCACGTCCGGCATCTCCGGCGCGGGCAGCCTCGATGGCGGCATTGAGCGCCAGCAGATTGGTCTGGTCTGCGATATCGGAAATAACGCTCATGATGCGTGAAATGGCATACGCATGCTCGTTCAGCTGGGTCATGTCGCCCTTGAGCGCCAGCGAAACCATGTGCAGTGTGCCGATGCTCTGCAACGACTGCTGCATTATGCGCTGGCCGTTCTGGGCATTGCCCTTGGTCTGGTCCGACATGCCTGAGGCCGAGGAGGCGTTGCTGGCAACCTCCTGCACGGTGGCGTTCATTTCGGTCATGGCTGCGGCAGCTTCGCTGAGCCGCTGCGAAGAATTCGTTGCTATACGGTCCGACTGCTCAATCTGCAACGAAAGCTGATCCGATGCCGCAGAAATCACAGCCACAACTTCTTCCAGTTGCCCGGCGGCGACGAGCATTCCTTCTTTTTTGGCATTTTCGGCGGCAAGGCGGGCCAATTCGGCCTGTTGCGTGGCGGTGCGGGCAAGCCGTGTCTGTTCCTCAGCTTCGGCAGTTTTGCTGGTGGCTGTTTCTATCATGCCCCTGAGTTTGTCCACCATGGCGGACAAAGACTGCCCCAGCTTGCCCAGCTCGTCATTGCGGTTAACGTACAGTGTCTGACCAAGGTCGCCAGACGCCACTGTTCCGGCAAAATCCACGCACTTGCGCAGGGCGGCAAGGATGGGATTAACGACAAACAGCATGGCCACGCAGGCCAGCACAAGGCCCGCAGCGCCAAATATGAGGCTGGATCTGGTAACGGAATCAGT
CP036295.1_gap52	1862665	1864175	1510	GTCGGCAAACGCCCCCTGGGACAGCTCTGCCCATGCAGATGCAAAGGACGCAGCGTCATATACCTCGAACCATGGGCCTGTATAGCCCCCGCAGGTCAACCCCGCGCGGATATTTTCGCCATGGCCGCCTTTCCAGAATATTGCTGCAGGCTTGAGGTCGGCCAGGTGCCGTCCTAGCGCCTCGTGCTCTTCCGCAGCCTGAGAGCCAAGCTCCAGCATCTCGCCGAGCACCGGCACAAAAAGCCGCCCGGCGGCCCGCTCTGCCGCCGCGTCGAGCATGCGGCGCATGGAAAGCGGGTTGGCGTTGTACGTGTCGTCGATAAACAGCCACTTGCCCACGCGCGTCTGGTTAAAGCGCTGCACGGGCAAACTGCTTTGCGAAAGGCCCTGGGCAATCTCCGCTGCGCTCAGACCCAGCTTGTGGGCTACTGCTGCCACGGCAATGACGTTTTCCGCCCCGTACTCGCCCCTGAAGGGGGCCGTAACCACGCAGCGCGTGCCGTCAAGCCACAGGTGGTACAGACCGCGCCTGTCATCGGGCGCGTCACCCGCCGCCGCAGCGCTGGCGTCTGCCGCCGCGCTGGCTGCCGGGGCCGGTCCCGCGTACGACGCCCTGTACTCCACCGCCCTGCCTGAGGCGCTGAAAAAATGCAGCTCCGCCCCGGTTGCCCTGGCTTCGCGCACAAGCTCGGGATAGTCGGCGCAGACAAGGCCAATGCCGCCTGGCTTCAGATTGGTCAGCAAGCGCGATTTGTGCCAGGCAACGCCTTTTTTGCCCAGCCCCTCTGTGTGGCCGGCGCCCACGTTAAGGATAAGGCCAATGTCGGGGCGGAGTACGGACGACAGTTCTTCCATGTCGCCCTCGTGGCTGATGCCAGCCTCCATAACCCAAAAATCTTCGTCGCCGTCGGTGGCCAGCATGGCGCGGGGCATGCCGATCTGATTATTGTTGTTCAGGGCGTTTTTGGCGCTTTTGCCGCGCACGGCAAGCACCTGCGCCAGCACTTCCTTGAGCGTGGTCTTACCCGCCGTACCGGTCACGCCCACGACCTTTGCGCGGGTTTTGTCGCGCCACAGGGCGGCTATGCCGCCAAGGGCCTTGACCGTATCTTCCACAACCAGCACGGGAACCCCCGCGCCGGGCAGGGGCCGGGAGGCCAGCACTGCCGACGCGCCAAGCGCAACGGCCGCAGGTACAAAGTCGTGCCCATCCACCCGGCTGCCGGGTATGCAGACAAACAGCGCCCCGGGCGCGGCTTCGCGACTGTCCGTAATGGCGGCAGTCAGCGCAATGTCGCCGTCAAGGGCGCTCAGGCCCAGATGGGCCGCTATTTCATTATACGTCAGGCGCAATGCAAAAACTCCCTAACTACTTCCTGATCACTGTAATGGTGTTTGACACCCTGGATGATCTGATAATCCTCATGGCCCTTGCCTGCAATAAGCAAGGCATCGTCCTTGCCGAGCATTTTCAGCGCCTTGAGGGTGGCCTCGCGGCGGTCGACCTCAA
CP036295.1_gap53	1867497	1870362	2865	TTCCATCATCTGAAGATACCATGCCCGCGCCCACAGCCCGACCCACAGCATGCAGAAGATGCTCACAACCAGTTTGATGCGCGCGCGCGCCCAGTCTACATTGCCCATCCATGAAGGCGACGAGGCGATCTTGTCCGCCGATACGTTGCGGCTGGCCTGCGGTTTGGCGGGACGGGAGGGGGCAACACTGGATACGTTGCGCTTGGTAGAGCTGAGTTTGAACATGGCGTTTCCAAACTTGGCGTCGCCGTGATGACGCCGGGCTTTTTTCCGGGCCTGGTCATGCGGGCGGCCAGGCATTGGAGCGTTCCGAAGTTTTTACTGTATTTCCATACGTCTGATCTGGCCGGGCTTTGGTTCGCGCATGCCGAACTCATCCGCCTTGCGGCGCAGCTCGTAAGGAGAAAGCAACCGCTCGCGTTCCACTTCAAGCTTTGCCCTCAGGGCGCGGCGCTCGCGGACGGTGTTTTGCTGAATGTTAATAAAATATGTCGTGTCCATACGCTCGATGTTGCTCCACACGAGCACAAGGCCCATGACCATGCAGCTCAGCAGCCCCAGCACCAGCGCCAGCAGCCAGCCTCTGCCGCCCTGTTGGCCCGTGGCGGAGTTGCGCTTCATGATCCGGCAGCCTCGGCTATCTTTTCCACCGCGCGCAGCTTTGCGCTGCTGGAGCGGGGGTTGACCGCCTGCTCTTCGGGCGTGGCGGTTACGGGCTTTTTGAATAGGATGCGCACCTCGGGCTGATGGTGGCACACGCACACCGGCAAATGGCGCGGGCAGCGGCAGCCCTCGGCCCAGTGGCGCATGGCATGTTTGACTATGCGGTCTTCAAGCGAATGAAAGGTGATTACGGCAAGCCTGCCGCCAATGGGCAGATAGGCGAGGATGGCGTCCAAAAATCGCCGCAGCTCGCCCAGCTCGTCGTTAACGGCCATGCGCAGGGCCTGAAAAGTGCGCGTAGCTGGGTGACGGCGGGCCTTGGCCCGCCAGGCGGCGGGATAGGCCTTTTCGACCAGCGCCGCCAGCTCGGCGGTGGTGTCTATGCTGGCCTTTTGCCGAGCCTCGACAATAACGCGGGCAATGCGGCCAGCCTGAGGCTCTTCACCCAGCATGGCGATGCATTCCTTAAGCTTGGCAAAACTCTCGCGGTTTACCCAGTGCCACGCGGAGGGCTGGCCGGAATTCTGGTCCATGCGCATATCGAGCGGCCCGTCGCCATGAAAGCTGAAACCGCGCTCCGCCTCGTCGAGCTGCAGCGACGACACGCCTATGTCCAACAGCGCTCCGTCTATCTTGTCCCAGCCAAGCGTTGCCAGCGGATCGGCAAACTCGCTGTAATTGCAGTGAAAAAAGTGCGCCCTGTTGCCAAAGGGGGCCAAACGCTGCCGGGCCAGGGCCATGGCTTCCTCATCCCGGTCAAGGCCGCACAGCTCAATGTCGCTGGCCGTGCCAAGCACTGCCGAGGCGTGCCCGCCCAGCCCGAGGGTGCCGTCAAGATAGCGACCGCCCGCATGCGGGGCGAGGGCTTCGAGCGTTTCCGCAGGCAAGACCGGCACATGCCGCACAGGTTCAGTATTTTGATGTAAAATTTCCGTCATGGTGCGGCCTACAAACTGAGATTTATGCCAAGTGCGGTGAGTTCTTCGGACACATCCTCAAGCGGCAGTGCATTGAAGCTGTCCTGATCCCATATTTCAAATTTGTTCAGCATGCCCACCAGCATCACATCCTTGTGCAGGCCCGCCTCGCGCATGAGCACCTGAGGGATGCGCACGCGCCCCTGAGCGTCGGGTTCAAGCTCCTGGGCAAGGCCCATGACCTTTGTCTTGAAGTGCGAGAGCCGGGGCGAAGGCATGGGAATTTTGCTGAGCTGCTCCGTGACCAGATCCCAGTCGGCGGGCATATAGGCAACAAGCCGTCCGTAAAAAGCGGTAAGCCAAAACATGCCAGAGCCGCCGTCCGCGGTCAGTCCATCGCGGTATTCCGGCGGCAGCATGAGTCGCCCCTTGGGGTCTAGGCTGCGGGAAAGGCTTTTAGTGAACAGTTTTTTCACAATTTCCCACTTTTTACTACTTGTTACCACTTTTTCCCACTTATGCACCAACCCCCGCATGGTGTCAAGCAATGTCGTAAAATTGGCTTCATCTGCGGTTAAAAAGGTTATTAACCTCCTGTTTTCACCCCCGTGCGCATGGGCAACCGGGTGGTAAACGGTGGTAAACTACCTCCAGGTTTACCACCCACCACCCCTTGCTGCGGGCAAACACCCCCAAGGCGCAGTGCAAAACAAAATTCCGCGCTGCGACAAAACTGGTTCATTTACGGAGCATTTAGACTGAATGCCTTGACAATATGCGGGAAAACCAAGACTATTTGCTTCAAGCCGGAACTGTCGATTGTTTGCCTGCTGGCGCCCTTTGCGCCGTCGGTTTCAGCCAAAGGAACAGATATGAGAACAAAAATTGTCGCTACTATCGGTCCCGCTTCCAACAGCAAAGAAAAACTTCATGAACTGGCCGAGGCCGGGGTCAGCGTATTCCGCCTCAACTTTTCACACGGCGGCGCGGCAGATTTTGTCAATATCATCAAGAGTATCCGCGAGGTTGAAGCCGCACTGGGGCGGCCCATCACCATTATGCAGGACCTTTCCGGCCCCAAGATCCGCCTTGGCGTGCTGCCCGAAACCAGCATCACGGTGACCAAGGGCATGGAGCTGCTGCTCGGCCCCACCGACAAGCACACCGACGAATTTCCCTACCTGCCCTTTGACCACGACGTTATCCTTGAAAGCCTGGAACCGGGCGACCGCATGGTGCTGGCCGACGGCGGTCTGCAGTTTGTGGTAACCGAACGGCGCGCCGA
CP036295.1_gap54	1871464	1872856	1392	AAATTCCGGCCGCCTGTTGATCTGTTCAGCTTTCGTGAGGACATTGCCGTTCTTGCGCCTTACAGCGTCAAGGGCGCTCGCCTGAGCAACGAACAGGTGGAAGAGGTGGCCAATTTGTGCGCTGCGGGCGATTTGTTTGTATCGCGCTCTGACCATCCCATTTATTCGCGCCACATCGTCAAGCAGCTTGACCTTGTGCTGCAGGACAACAACCTCAAGGAAGCGGAAATTGCGGATATCTGCATCCGCGCCCTGCTCATGCGCTGCAGCGATTTTTTTGAACAGCCCGTCAAGGCGCTGTTTGAACCGCTGTATCGAGACCTGATGGTGATTACAGAATACCTGTGGAACGACAGGCACCACATCAACACATTTATGCGCCGGCTGTTTCGCAAAAACCATCTGGCACGGCATTCCATCAACAGCCTGATTGCGGGGCTGTGGTTGTGGCTGCAGAATTCGGGCGAATACCGGCGCAAAGACCTGGACCGCATGGCCCTGGCCCTATTGCTGCACGATGTGGGCATGTGCAAGGTTCCGCCTTTTTTGCTCAGCAAGCCGGGCCCCCTGAAGCAGGAAGAAAGGGACAAAATAGTTCTCCACCCCATCGTGGGCGTCAAACTGATGCAAAAGATGGATGTGGCCTTTGAAGAACTGCTGCGGGCCTGCTTTGAGCATCACGAACGGCTTGACGGCTCGGGCTACCCTCAGCGCACCAAGGGCAACCAGGCGACAAAGCCGGGCAGGCTGTGCGCGGTGGCTGACTCGTTTGCGGCCATGATCTGCGAGCGCCCTTTCCGAAAAGGCAAGGAGATCATGCAGGCGGCCAAAGAGCTGGCTAGCGACACGCGTTATGATCAGGAAATGACCAACTCGCTGTTGACGGGCTTTGCCGCAGGAACCATCGGCCAAATGGTGGACATGGATCAGGTGGTGGACGCCCCGCAGCCGGAATAACCGGCAGCACCGGCACCACAGGAGTCTGTCAGGATATTTGCCGCACGCCGCTGGCTGCGGCGCAGCTATCACAAAAAAATTCAGGCCGGGTCAGACGCAACCGCACGTTGCAGCTGAACCGGCCTTGTTTTTTTGTACAGAACAGCGAATTTTCCACAGCTCTATTTGCCGGTAGGTCTGCTCGACGGGCACGCGAGCCGGGCCTTTGCTGGTCGGGGCCGACATGCTGGCGCAGGCAAGGTTGCAGATGCGCACGCTTCAAGCCAGGCAGCCAAGCTCGGCCGACACTGCAAGCCAGTTGGGCTCAAAGTATCACAGCTGACGGTGGCAGCTATTCGCGCATGCCTCGCTAGCCCGCAAAAAACACTTCTGGTTCGCGCCGCGCCAGGCATGTGCCTTCAAGCATGCCGATAATCCTGTTTGTCTGCGGATCAT
CP036295.1_gap55	2030266	2032239	1973	CCAGCAGGGCCGCAAACAGCAACGCCAAAAAACCGATCTCGCCGTCGGTGATGGTGAGGATATCGCCGTAAAGAAAGCGCTGCATATCCCTGCCGATGCCCTCGGCTCGGCTCACCACGGCAAGGCCAAAGGCCACCACGGCGGAAAAAACAATGCCGATGACCGTGTCGGACGAAAGATCGCTTTTGCGGCGCACTGCCATGATGCCCAGCCCCACCAGAATGCCAAAAAGGGGCATGGACAGACGGGGCGGCACAGCCAGTATCAGGCCAAGGGCAACACCGGCAAAGGCCGAATGCCCGATGGCATCTGAAAAAAAGGCCATACGAAAATTGATGACCTCCACTCCGAGCACCGAGGCCATGGGGGCCAGCAGCAGCAAACCCAGCAAAGCCTGCTGCATAAAACGCATCTGCAGACAATCGAGCGGGATCATGGCAATCAGCGAGTAGACAGGGCTGAGATCAAGCACGGGGGGCTCCCTGACTTGGCGTCTTTGCACCGCTGCGGGCGGCCTGACGGGCGGCCTGGCGTCGCGCGATGGCCGAATAATTGGGCAGCAGCCCCTCGGCTTCGCTTACAGCGCCGCACTGCGGGCAGCCGGGGTCTTCGGGATCGCACTGGTCGGGGTACAGATGAATGGGCACGCCAAAAAGCTCCATCAGGGTTGACGAAATGAGCGTGGCGCGGGGTGCGCCCATGGCGCACACGGTCTTGTTGAGACAGATGACATGGGTGGCATAGTGCGCCACCAGCGGCAGATTGTGGCTGACCATAATCTGCGTAAAACCGCGCTCGCGGCGGGCTGCATCAAGCATTTCCCAAAACAGCCTTTCTCCGCGTATGTCAACGCCTGCCGCCGGTTCATCAAGCACCAGCAGCTCAGGATCACGCCCCAGCGCGGCCGCCAGCAGCACCCTGCGCAACTCGCCGCCCGAGAGGTCGCCCATGCGGCTCTGCTCGAGATGCTCGGCCTTGACCATTTGCAAAAGCCTGCGCCCTTCTGCCCGTGCAAAGGGGCGCAGGCCCAACCAGAGTGGCTGTTGCTGGCAGCTTAACGCCATAAATTCGCTCACGCGCAGGGGCAGGCTGCGGTCCATGCTCAAAAGCTGCGGCACATAGGCCATGCGCGGTTGCCGTCTCGCGCCAGCAAACTGGATGCCCCCCGTGTACGCAAGCTCGCCGATAAGACAAAGCAGCAGCGTGGTCTTGCCTGCCCCGTTGGGGCCCACAATAACCGTGCTGCCGCCCGCTGGCGCGGTGGCGCAGATGCCTTCAAGGATATGGTTGCCCCCCCGGCTGAGGCATACATTCTCAAAGCAGACCGAGGGGGCAAGCATTGTGTTGTTATTTGGCAAAAGACTTCTCAAGAATCGTGCAGTTTTTCGTCATTACCGTCTCATAATAATCAAGCGGGGCGTTGGTCGGCCCGGAAGCCAGAGGGTCAAGCTGCACGGCGGGCACGCCCGTCTCCGCGGCAAGGGCCCTCACGGGCTTGTCTGAATACTGCGGTTCGCCGATAAGCACAACAGGCTTTGATTCTTTGGTTTTTTTTACCAGTTCAAGCAGACGGGCCGCAGAGGGCTGGGCTTCTTCGTCTTCCTGAATAACGTCCACGAGGTTCAGCCCGGCATCACGCACGAGGTAGGCCATGCCGTCGTGCAGGGCCACCACGTTTTTGTTGGCGGCATTGGCGCCCACAGCTGCCATGCGCTGGGCAAGGGTCTCAAGCCTGGCGGCATAGGCCTCCGCCGCTTCGGGGCAGTTTTTGGCGGCGACAGGCTCGGCCGCAGCAAGGCCGCGTCCTATGTTGCGAACCATGGCAGCAGCCTGCAGCGGGCTGGAAAAAATGTGCGGATTCGCGCCGCCATGCTCGTGCCCATGCTCGTGCGCTGCTTCATGCCCCTTGTCGTGCGGCTCATGCCCCTTTGCCGCCGCTGCGGCATGGTCAGCCTCGTGGGCTTTGTCCGTAC
CP036295.1_gap56	2047618	2051851	4233	CGGAGGTACACTGTCTTCATTTATGCCAAAGGGCCGCAGCTGCCCGGCCAGATCGCGCAGCACGTCCTCGGCGCAAAACACGGCGTGCGCGCCCTGCCGCACAAGGTCCTGACACCCCAGACAGTGCGTATCCAGCGCAGGCCCCGGCACGGCGTAGACCTCGCGGTTTTGCTCCAGCGCCAGCCGCGCCGTGATCAGGCTGCCCGACCTTTGGGCGGCCTCCACCACGAGCACGCCCAGCGAAAGACCGCTGATGATGCGGTTGCGGATGGGAAAGTTTCCCGCGTGCGGCACAGTGCCGGGCGCAAATTCCGAAACAAGCAGCCCCCGGCGCTCCATGGCGTCAAATACCGCAAAATTTTCTGCAGGATACAGCACGTCGATACCGGTTCCCAGCACGCCGATGCTGCCCCCCACCCGCGCGAGGGCGGCCTCGTGGGCGACCCTGTCGATACCAAGAGCCATGCCCGAAACAATGGATATGCCGCAGGCCGAGAGGCAGCGCGCCATGTATTCCGCCACGGACCTGCCGTGCGGGGTCGCCTTACGCGAACCCACCACGGCAAAGCCAGGCGATTGCAGCAATGAAAGGTCGCCCCGGCAATACAGCAGCACGGGGGCGTCGATGACGGAGCGCAGCAGCGCGGGGTACTGGGGATCAGTCCAAAGGACAATGGAAGCGGAAAGGTCGCGGGCGCGGTCCCATTCATCCCGGGCGGTAACGCGCCACGAGCCTGTGGCCAGCTCGGTTGCCTGCCCCTTGTTGACGCCCGCCTCGTTCCACAGCTGGCGGCCCTGCACGGCGGCATAGGCAGAGCCAAAATGCCGCACCAGCCGGGCTGCCGTGCGTGCGCCAAGACCACGGCAGTGCCGCAGGGCAAGGCTGGCCCAATATTCCTTGCGGGCGGCTTCGTCCATACTTGCCCAGCTGTTGCCCTGCTGGGTCATGCCGCCTCCGCTGCAAAAATCCAGGCCCGCACGCCGCCCATGCTAACGGGCCAGCCCGCGCGAACGGGCAATGCCGGCGGCTTCCGAACCAGGAAACTGCGACAAAAGCTTTTTGTACGCCTGGGCGGCGCCTTCCTTGTCGCCCATCCGGCTCAGGGTCATGCCGGTTTTCAGCAGGGCATCGGCGTTTTTATGGTGGCTGGGCCACTGGCTGTTGACCTTTTGAAACTGCGCCAGCGCTTCCTTGTATTTGCCCTGAGCGTACAGGCCCTCACCTATCCAGTATTCCGCGTTAGCGGCATAGCGGCCCTGCGGATACTGCTGCAAAAAGGTCTGAAAGCGGCTGATGCTGTCTGCGGCCCGGCCCGCCATGGCGGGCTGCAAGGCGGCCTTGTAGGCGGCATCCTCGCCCTTGCCGCCCTTGGGCAGCGGGGAGGGCTGCGCCTGCGCTGCGGCGGGCGCGGGTTCGACAGCCGCGGGGGTTGCCGTTGCGGCGGGAGCCGCAGGCGCGGACGCAGGCGCGGACGCAGCGGCGTTTTTGGCAGCGGCCTTGCCCTTGGCGTTTTTGCCCGTTGCTGGCGCGGCAGCCTCGCCCGGCAGGGGCGGCAGGCCCAAACCTGGACGCTCCGGCGGCAGGGAAAGGTCTGCATGGGGCACTGCAGGCACAGGAACATCCGTATTGCCCCCTGCCGCAGCAACGGGCGGCAGCATGGGCTGCACAGCCGCAGCCTGTTTGTTGGCTGACGACGCAGCTTCGGGCGGCAGCGCAAACCCACCGGCGGCAGTGCTGGCCCCCTTGGCGGCGGCTTGCGACTTTTCTGAAGGGGTGCTCTGGGGTGCGGCCTTGGCAGTCGCCCCCATGGCCGGTTCGACCTCGGGTTTGGCGGCTTCACGTTGCGGGGCAGCGGGGATGGGCCTGATTGTGGCCGCAGGATCCGCCGGGTTGATGGGGGCTTGCGCGGCTCCTGCCCCGCCGGATTTGACGGCAGGCTGCGGCGCGGCCTGAGCTGCAGGTTGAACTGCCGGTTGTACTGTCGAGTGCATGGCCGGTTGGGCTGCGGTCTGGCCCGCCCCCTGAACCGGGGGCAACTGCGGGCTCGCGACGGGCACAGGGCCGTGCGCGGTAAGCTGGGCTTCCGGCTGGGCCTGCGTGGCCAGCACGCTTTTATGCGGCTGGGGCGGAATGATGGGCACCACGGTCATGCCGGTCTTTTGCCCGCCACGGGTGCGCACTTCGTAAACCCTGTTGTTGAGCTGGGCAACCTGGGTATCAAGCGTGGTTACGTTCTGTTCCAGCGTGCGCAACCGCTGATCGGTTTCGCGCAGCAGCTTCTGGTTGGTCTCGCTTGTAGACTCAACATGACGCACCTTGTCGGAAGAAGCGCACCCCGCAGCCAGCGCAAGGCAAGTCAGCGGCACAACGATCAGTGTTTTCATCCCTGTCTCCAGCACAAGAGTATTCTTGCGTTGAAATATCACATACTGCGTCAAAAATCCGCAACAGACGCCCATGATAAATTTTCGGCAACAGCGGTTTACCCCATTGCAACAAAAGCAGACGTCAAACCGCGTAAGCAGCCAAGCTTTCTTGTGCCTCAAGCCCGGCCATATTTCAAGAACTCTTGCAGCGGCTGCGTTTTTCAGGCAAGAACAGGCTTGCTCACGCTATTGCGGCACACTACGTATGAATGAACAGGGCATTGCGGCGCAAAAAAAGCTGCCGCGCCGCCCGTCGCGTGCGTCTTGCAGCTGCAGACAACCTGCAGAAAACATATGAACCGTTTTTATCCGGCATCAAGCCACACCGGAGGCGAAGCCTGATGAATTTTTTTCAGGAAATGACAGCGACCCTGACCACATGGATGAACGCGTTGCGGCATCTTGGACAATCCTTTCCGCTGGCGGGCATGGGGCTGGACATCCTGAGCGTGGCCCTGCCGCTGGCCGCCTTGCTGGCCTTTGCGGGTCTGGGTTTTATGTCGGCCACGGCGAGGACTCTGGCGGTGACGCGCAAGCGCGTCTCATACGAAAAATGCGCGCGCCAGCTGGCCCTGCTGGCTCTGCTGCTGGGCTGGACGCTGCTGATCTGCGGCCGGGTCTGGCTGTTTTTTACGCAAAGTTCCTACACGCCCGACTCGCTGTCCGACTTTATGGTCGAGATGAGCTGGGTCATGCTTGGGCTGGCGGTGCTTTTTAACAGCCTGTATTTTGCCCTGTGGAAATTTTTGATCAAAATGCCCATGCTGCATGCGGGGCTGGGCGTTGTAAGCGGCATCCAGGCCTGCATCGCCACGGCTGCTTCGCTGGCAGCGGCCCGCATGCTTGCGGCGCTGGCGCGCCCCGACGCGGATATGCTCACCCTTGGGCATATCTATGTGCCGGGCTTCGGAACCCCTTTCTGGTGCGCCCTTTTCTGGTCGCTGCCCCTCATGCTGGCGGTCGCAGGGGCCATGGGAACCTTCTGGCTGGCGCTGCGCCGCAAATACGACGACTATGGCCGCGACCACTATAATACCATGCTTCCGTGGTGCGCCACGTGGGCGCGCAATGCCTGGGCGGTATTTTGGGTGATCCTGCTGGCGTCCTCGGTATTTGACGTGCAGCGCGAATGGCAAAACGACACATTTACAGTTATGGACGCCTTGCTTGAAAGCGCCGAGCTGCTGCTCTGGCTCGCGCCCGCCCTACTCTGGACCCTTGTGGCGCGCAGCGCAACCCCCATGCGCCACAAGCTGACCCTGCTGGCCGCCCTGGTGCTGGCCGTGGGCGTCATGCTGCCCTTCTACCTCAACATGACGGAAATCAGCCTGCCGGTATCCCTGACCGACGGCATCGACTAGCCACAGCCCCCAGAGCTGACGACAAATGCAAAAAACCCCGCCTCACTGGCGGGGTTTTTTGCTGGCATGCGCCGCACAGACTATATCTGCGCGGTTATTTTTTACCGTACTGCCTGCGCCACTCGTCAAGAAACAGCAGCGAGGCCTCGGTTTCTGTCAAGGCGCCGCTGCGGGCGCGCAGGGCGTTTATGACATCGTCAAACCCTGCATTGGGGCCAAGCCCCAAGCCCTGAACCACATTAGCCAGCTCGCCCCTGAGCTCGGGCGTAAGCACTGCCTCCACATCCGGGGGCAAGGCCTCGCGGGCCGTCTCCGCCTGCGGCCACGGGCCAAGCCGCTGCTCCATAAATGAAAGCAGCGAGGCCATGCGCTGCTCGTAGGTGTGGTCGCGCAGCACTCGGGCGCGGGCACGTTGGGCAAAGGCCCTGCGCTCTTCGGGATGCGC
CP036295.1_gap57	2056874	2058270	1396	CGAGCGCATGGGGCAGGAGGAACTGGCCAAAACGCTCAAACGGCTCGGCCCTGTGAACGACGAAACCCGCGACGCCCTTGAGACGCTGGTGGGCGCGCTGGTGCGCAAACTCAACCATGACCCCATCATGTTTCTCAAGCGCGGCAGCATGTCCCAGGAGGGCAACGGCCCGCGCATCAGCATCACACGCCGTATTTTCAATCTGGACAAAACAGGCTGTCCCTACTCGTCGGAGGAAAACTGATGCGCTGGTACGGAATTGACGACCTTACGGAAGAAGACACCGCAAAACTGACCGCCACGCTCACCGAAATGGAGCTGACATCGGGCATGGAGGGCCTTTTTTGGCTGCCTGTCCCCGCCGACTTGCTTTCACCCGTGCAGCAGGAGCATGAGGAAAGCTGCGGCCCCCACGTTATGGGGCTGGAAATTGAAGAAAACTTTGCGCGGCTTGAGCTGCTGGTACGCGCGCGGGGCCGCATGCGCTGCGAATGCGTGCACTACGCCTCGCCCGAACTGCGCGACCGCATGATCATATGGCTTGAAACGCTGCTGAAAGATATGGGCATCAATCCCGCCTAGGTGTAATGTTCCAATAGGTTGTTCACCCTCCCCAAATCGGTAAAGCTGGAGTTACCACACACAGCAAACCGAGAGAGGGAAAGGGTGAACAGCCATAAGAATGCCAAACTGACGGTTCGTAGTCGAGAAGAAATGGTGCGGCGTATGCAGCATGAACCAGCGGCAAAAGTGGCGGCTGGTTATGGCGTAAGTTTGCGCACCGCGAGGAAGTGGAAAAGTCGGCATGCTCATGGTGGGCAAGACGCACTTGCAGACCGCAGTTCGCGCCCCAGACATTGTCGCAACATACTATCTGAGCTTGATTTTTGTCAGATATACACGCTGCGAAAAGAGAGAAAAACCGGGGATGAAATCGCCCTACGCCTGGGCATTTGCCGAAGCAGTGTTTTTCGTGTTCTGCGGCAACTTGCCTGTTCACGGTTATCATCACTGGAACACAAGGAACCAATTCAGCGCTATCAATGGGAAAATCCAGGGCAAATGCTGCACCTGGACATCAAAAAGCTGGGCAAGATTGATGGCGTTGGGCATAGAAAAGCGGGAACGCGGCAAGTTCATCGCAGACGGCCAGGATGGGAATACCTGCACGTGTGCGTGGATGATGCTTCCAGAGCTGCGTACACCGCCGTCCTTCCAGACGAAACAGCCAAATCGGCGGTAGAATTTTTATGGTTTGCCGTTTCATGGTACGCCTCACACGGCATCAAGATAGAACGAATTCTGACGGATAACGGATCTTGCTACAGGTCAAGGAAGTTTCGTGACGCCTGTCGTGAGTTCGGAATAACGCATAAGCGGACACGGCCTTATCGAC
CP036295.1_gap58	2232123	2234713	2590	ATAGGCATTAGCTGCTATTTTATAATTCAAAAGCAATTTGAGCAGCTTAACGATACAAACATACAGAACCTCGTGGAGGCCCGCGCCTCGCAGATGCAGCAGGCCATTGAGCTGTGCAGCGAGCAGGCCATGCGCATGGCTGCACTGGTGAGCAGATTGCCCGAGGTGGAAGCCGCTTACAAAACCGCTCTGGCGGGCAACATAGATGACGAAAACAGTGCGGCCTCGCAAAAGGGCCGCGAAATGTTGCGGACTTCGCTGGCCCCTATGATTGACGGCTTTACAGCTGTCATCGGCGAAAAACCCCAGATACACTACCATCTGCCCCCCGCGCGCAGTTTTGCGCGCCTGTGGCGCGACAAGCAGACAAAAAAGGGCGGCAAGTGGGTTGATATCTCGGACGATCTTACATCCTTTCGCCCCACGGTGCTCGACGTAAACAAAAACGGCAAGGCGCTGAGCGGGGTGGAGATAGGCAGCGGCGGTTTTGAAATCCGTGGTCTGGCCCCGGTTACCGGGCTGGCTGGCAACCGTCTGGGCTCGGTGGAAGTGCTGGTCAGTTTTACCCATGTGCTTGACGGCCTCAATTCCGGCGCGGGGCAGACCGCACTGCTCTACATGAACGCCGAACATCTGAAGTTTGCCACCGGCCTGCAGGATAAAGACAAATACCCCATTGTCGCCGAATCGTACGTACTTGTGAGCGGCACAAAAGAAGGCAAGGCCGAAAGGCTGACGACCAAGGCCTTTCTGGACGCCAGCCGCAAGGGCGTCACAACCCGGATTGTCGGCTCTTCGCTGCTTTCGGGCATGCCCGTTACCGATTATCAGGACAAGCAGATCGGCATCCTTGTTTTCAGTACCGACCTGACCGAGCAGCAGGGCATAATGAGCCGCGCGGGCATTATCATTGCCGCCGCCTTTCTTACCCTGCTGGTGGTGCCGCTTGTCATGACAGTTTTTGTGCTCAGCGTTACGGTATTGCGGCCTGTGCAGAGCATGCGCCAGACAATCCAGGAGATTGCCGAAGACCGCGCCGTGCTGGCCCACCGCCTGCAGTATGCCTCGAACGACGAAATCGGCACGCTGGCCGCCTGGTTTAACCGCCTGCTCGACAAGATAGAGAGCATGCTCTCAGAGGTGCAGGGCTACAAAAACCTGCTGGATGCCGTACCTGACCCCATTTTTGGCGTGGACGACGATTACCGCATCATCATCGCCAACACTGCCACAGAAAAGCTGCTCAAGCAGGACATCAGCAAGCTGAAGGGGCAGTTTTGCCACGACCAGTTCAACACGCCCGTGTGTCAGACAGACGACTGCCCCATTGCGCAGTCAAAGTGCAGTGGTTCGTCGGTGCTGGCGGGCATCATCGACATCGGTTCGGCGGAAAGCCCCCACTTTATCCAGCCGGTCAGCGATGTGCTGCGCGACGGTCAGGGCAACAAGGTAGGTTATGTGGAAATTGCCCGCGACGTTACCAGCCTGGTGCTCAAAGAGCGTGAAGTTGAAGTAGCCATGAGCCACATGCGCGAGGTCAACTCGGCCATTGCGCAGGCCTCCAGCCGTCTGGCCGACGCCTCGGCGCTCTTGACCGACCGCTTTGAAAAAGTCGCCGAGGGGGCTGATGCGCAAAACAGCCGGGCGCAAGAAACCGCCACCGCCATGGAGGAAATGACCTCCACTGTGCACGATGTGGCGCAAAACGCCGCAGCCGCAGCCGACCAGACCGAAGGGGCGCGGCAAAAGGCCCAGGCGGGCGCTGGGGTTGTCGATGAAGCCGTTGCCGCAATTTCGGAGGTAAATGCGCACGCCTCCGAGCTGCTCAGGGAGATGGAGTCGCTCGAAACGCGCACAGAGGGTATTGGCAGGATAATGGGCGTTATTTCAGACATTGCCGACCAGACCAACCTGCTGGCGCTCAATGCCGCCATTGAAGCGGCCCGCGCGGGCGATGCGGGCAGGGGCTTTGCCGTTGTGGCCGACGAGGTGCGCAAACTGGCCGAAAAGACCATGCTGGCCACCAAGGAGGTGGCCGAGGCCGTCACCGCCATCCAGTCAGTGGCGCGCAACAACATGCAAAAGATGCGCGAGACGGTCGACACCGTCAGCCGCGCCACCGACAGGGCCTACCAAAGCGGTTCGGCGCTTACCGAAATTGTGGAAATAGTCGGCAATGCAAGCAGCAGCGTGCACTCCATCGCTGCGGCGGCGGAGCAGCAATCGGCTACGAGCGAAGAAATCAATCAGGCCATTGTGGACGTGAAACATGTTGCGGAAAGCACCCACATGCTGACCAACGAACTGCACAACACCGTTGCAGAGCTCTCGCACCTGGCGGAACAGCTCAAGGATCTTTCGCAAAAATAGCGCTTGTTGCAGGCCCCAGACCAGCACGACCCGACGGCGATCAGCCAGAAACGGCTGGACTGGGGCCTTCTTGACCTTTTGGGCAAGATACCCTAGGCACTTTTTAGAGGGCAACGGCTCAGCCCAGGCCAAACATACACATTAGCGGCCCCTACCCTCGTGCAAAACCAGCCGCCCCCTGCATCACGGGGCAGCGCAAAAGTGGTTTGCAAACAGGCCC
CP036295.1_gap59	2373826	2378738	4912	ACAGAGTTCACAGTCTCCCACCTATCCTACACATGCAGTTCCAAATCCCAATGTCAAGCTATAGTAAAGGTGCACAGGGTCTTTCCGTCTTTCTGCGGGTACACGGCATTTTCACCGCGACTTCAATTTCACCGAGTCTCTGGCCGAGACAGTGTGGAGATCGTTACGCCATTCGTGCAGGTCGGAACTTACCCGACAAGGAATTTCGCTACCTTAGGACCGTTATAGTTACGGCCGCCGTTTACCGGGGCTTCAATTCGAAGCTTTGCTTGCGCTGACCTCTCCTTTTAACCTTCCGGCACCGGGCAGGCGTCAGTCCGTATACGTCGTCTTTAGGACTTCGCACAGACCTATGTTTTTAGTAAACAGTCGCCACCACCATTTCTCTGCGGCTCCCTCAGGCTCGTTAAGTGAATTAACTTCACCCGGAGGAGCACCCCTTCTTCCGAAGGTACGGGGTTATTTTGCCGAGTTCCTTGGCCAGAGTTCTCTCGAGCGCCTTGGATTATTCATCCCACCCACCTGAGTTGGTTTGCGGTACGGTTTGCACATCCTAAACTTAGAAGATTTTCTAGGCAGTATAGGCTCAACAGCTTCAGACCTTACGGTCACGGACTCGCGTCTCGACGTAGAGCGGTACGGATTTGCCTGTACCACACGTCTACCTGCTTGCACCGGGACAACCAACACCCGGCCTGTCTACCTTTCTGCGTCCCTCCATCGCACAGATGTACAAGTACGAGAATATTAACTCGTTTCCCATCAGCTACGCCTTTCAGCCTCACCTTAGGGACCGACTAACCCTGGGAAGATTACCTTTACCCAGGAAACCTTGGGTTTACGGCGAACGGGTTTTTCACCCGTTTTATCGTTACTCATGTCAGCATAATCACTTCTCCACAGTCCAGCATGCTTTACAACACACCTTCAGCCCATGAAGAACGCTCCCCTACCAGACCGCCTAAGCGGAATTCAAAGCTTCGGTACTATGCTTAGCCCCGTTACATTTTCGGCGCAGCGTCATTAGACCAGTGAGCTATTACGCTTTCTTTAAACGATGGCTGCTTCTAAGCCAACGTCCTGGGTGTCTCTACAACGTCACCACCTTAACCACTGAGCATAGATTTGGAGACCTTAGCTGTTGATCTGGGCTCTTACCCTCTCGACAATGGACCTTAGCACCCACTGTCTGACTCCCATGGTACATCTGACCGGCATTCTGAGTTTGAAAGAGTTTGGTAATCTGGTAGGACCCCTAGCTCTGTCAGTGCTTTACCTCCGGTAGACAATCCATGAGGCTATACCTCAATATATTTCGGGGAGAACCAGCTATCACCGGGTTTGATTGGCCTTTCACCCCTATCCACAAGTCATCCAAAACGTTTTCAGCCGTTAATGGTTCGGTCCTCCACAAGGTTTTACCCTTGCTTCAACCTGCTCATGGATAGATCACCCGGTTTCGGGTCTAATCCGCACTACTAAACGCCCTTATCAGACTCGCTTTCGCTACGGCTCCACTTACGCTTAACCTTGCAGTACAGATTAACTCGCTGACTCATTATGCAAAAGGCACGCGGTCACACCACAAGGGTGCTCCCACAGCTTGTAAGCATCAGGTTTCAGATTCTATTTCACTCCCCTGACAGGGGTTCTTTTCACCTTTCCCTCACGGTACTGGTGCACTATCGGTCGTCGGTTAGTACTTAGCCTTGGAAGATGGTCCTCCCAGATTCCCACGAGGTTTCACGTGCCTCGCAGTACTCAGGTACCGGCTGCGTCCTTTTCGGTTTCGGGTACGGGGCTATCACCCGCTCTGGCAAAGCTTTCCAGCTTCCTTCCCCTGCCTACTCCAGAATCACGTATGCCGGCCCTACAACCCCGCATGGACGGATCCACACGGTTTAGGCTCTTCCCCCTTCGCTCGCCGCTACTGAGGGAGTCTCGTTTGATTTCCTTTCCTTCAGGTACTGAGATGTTTCACTTCCCTGAGTTGGCACTTGGCAGACTATGTATTTGTCTACCAGTGACGGAACATGACTTCCGCCGGGTTTCCCCATTCAGAAATCCTCGGATCAAGGGATGTTTAGCTCCTCCCCGAGGCTTATCGCAGCTTACCGCGTCTTTCATCGCCTTCCGACGCCAAGGCATCCACCCGATGCTCTTATATCGCTTGTCTCTCGAAAAAAACTTCCTTCCATCCCTATTCAATTGTAAAAGAGCCGACCCGTTGGGGTCCGCCAAGCTCAACGCTTGGTTCACATTCGCGTGACCATATTGTCACTCGCCTGTTGCCAATCGCGGCTTGACTATGGAGTAATGTTTCGGTGGTGGAGCTGGACGGAATCGAACCGACGACCTTCTGCTTGCAAAGCAGATGCTCTCCCAATTGAGCTACAGCCCCAACCGCATGAACTGATCCAGCGGCGTTTGCTGCAAGGCCCGGCAACGCCCCTGATAAGGTGGTGGGCCTGGAAAGACTTGAACTTTCGACCTCACGCTTATCAGGCGTGCGCTCTAACCACCTGAGCTACAGGCCCGAAACATACTCTCTTATTTCTCAAAGAACGTAGTCGCTCATTGAAAGTGAGCAGCGAGTGGGAAGTTAATAATCCTATAAAGGAGGTGATCCAGCCGCAGGTTCCCCTACGGCTACCTTGTTACGACTTCACCCCAATCATCGGCCCTACCGTAGACGGCTGCCTCCATTGCTGGTTGGCTCACCGGCTTCGGGTAAAACCGACTTTCGTGGTGTGACGGGCGGTGTGTACAAGGCCCGGGAACGCATTCACCCGAGCATGCTGATCTCGAATTACTAGCGATTCCAACTTCATGCAGTCGAGTTGCAGACTGCAATCCGGACTGGGACACGTTTTTTGGGATTGGCTCCACCTCGCGGTCTCGCTCCCCTTTGTGCGTGCCATTGTAGTACGTGTGTAGCCCTAGGCGTAAGGGCCATGATGACTTGACGTCGTCCCCACCTTCCTCCCGGTTAACCCGGGCAGTCTGAATAGAGTGCCCAACATTACTTGCTGGCAACTATCCATAGGGGTTGCGCTCGTTGCGGGACTTAACCCAACATCTCACGACACGAGCTGACGACAGCCATGCAGCACCTGTCACACGGCTCCCCGAAGGGCACCCCTCCTTTTAGGGAGGGTTCCGTGGATGTCAAACCTAGGTAAGGTTCTTCGCGTTGCATCGAATTAAACCACATACTCCACCGCTTGTGCGGGCCCCCGTCAATTTCTTTGAGTTTCAGCCTTGCGACCGTACTCCCCAGGCGGGATGCTTAACGCGTTAACTACGACACCGAAGAATACTCCCCGACATCTAGCATCCATCGTTTACAGCGTGGACTACCAGGGTATCTAATCCTGTTTGCTCCCCACGCTTTCGCACCTCAGCGTCAATACCGGTCCAGGTGGCCGCCTTCGCCACTGATGTTCCTCCAGATATCTACGGATTTCACTCCTACACCTGGAATTCCGCCACCCTCTCCCGGATTCAAGTTGTGCAGTATCAAAGGCAGTTCCACGGTTGAGCCGTGGGATTTCACCCCTGACTTACACTACAGCCTACGTGCGCTTTACGCCCAGTAATTCCGATTAACGCTTGCACCCTCCGTATTACCGCGGCTGCTGGCACGGAGTTAGCCGGTGCTTCCTTTGAAGGTACCGTCAATACGCTGCTGATTAGCACAGCGTAGTTTCTTCCCTTCTGACAGAGGTTTACGATCCGAAAACCTTCATCCCTCACGCGGCGTCGCTGCGTCAGGCTTTCGCCCATTGCGCAATATTCCCCACTGCTGCCTCCCGTAGGAGTCTGGACCGTGTTTCAGTTCCAGTGTGGCCGATCATCCTCTCAAATCGGCTACCCATCGTTGCCTTGGTGGGCCGTTACCCCGCCAACAAGCTAATGGGACGCGGACTCATCCTTATGCGATAACTTGCAAGCAGAGGTCATCTTTCCTCAAAAAGTTCATTTTGAGCGTATCCGGTATTAGCAGCCGTTTCCAACTGTTGTTCCAATCATAAGGGCAGATTATCCACGCGTTACTCACCCGTGCGCCACTTTACTTAGGACCGAAGTCCCTTTCACGTTCGACTTGCATGTGTTAAGCACGCCGCCAGCGTTCAATCTGAGCCAGAATCAAACTCTCCAGTTCAAATCTGTACAAGATCTCTGCTTTCGCAGAAATCGGAATCTCAAAGACTTTCTTCCCACTCGCTATTCACTTGTCAATGAACCACTTTGGCCTCTTCGGCCCGCCGACCCGGCTCGTTGCCGCTCAGCGCGAGGAGCGATTATGCTCCGTTTCGTTTCTCAAGTCAACAACTTTTTTTCGTTTCGCGAAAGTTTTTCGCGGCGACCGTCAGTCGTTTTTCTCAAGGCGCGAGGAGCGTTTATGCTCCGCTTTGCTTTCGAAGTCAACAACTTTTTTCCGTCTTGCGAAACTTTTTGTTTCGCCGTGGGAGCCAGTCGTTTTTCTTCAATCGCGAGGAGCGGTTATGCTCCCCTTGGCTTTTGAAGTCAACAACTTTTTTCCGCTCCGTGAAACTTTGTTCACTGCGGGAGCCAGTCGTTTTTCTTCAATCGCGAGGAGCGATTATGCTCCCCCCTGCTCCACAAGTCAATCACTTTTTTTGCTTTTCGGCTCAACAGCCAGTCGCAATGTGACATCTCCGTGACGCGAGAAATGCACTTTAAGCAAACACTCTTTCCATGTCAACACAAAACTCAAAATTTGACGAATCTCTCACCACCGCTACGACCAGAGCGGTTTTGCGCCAACATCCATCACAAGTCTTATGCGACGCCCTGCCGCCAAGAGTGGTCAATGGCGGCTCCTCCAGCCGCGTCCGCCCTTCTATCGAAAGGTTGGGGCCTTACCGCCGCACATTTCGTTGCCTGA
CP036295.1_gap60	2574671	2579184	4513	GTGGGCCGAGGGCAGCAAAAACACTTCGGTCTTGCAGGCCTTGGGGTCCACGCCCGGACGCTTCCAGTTGTCTGTGGTCTCCGAGTTATGCAGCTCGGAGCACACGAGCCAGTCCAGCTTGTCCAGGGCGGCGCGCATCTTGTTGGTGTTGGGGAAGCTGTTCATGGGGTTCACGCCAAAGATGAAGCCGCCGCGCATCTTGCCCTGATAGACCTTGTCCATGGCAAACATGTACGAGCAGTCTTCGCCCGGCTCCAGCTTGGGCAGCAGGCCGTAGCAGAAGTCATTTTCAGGCGTGGCCTCGTCGCCAAACCAGCCCTTGAGCAGACTGGCGATATACTTGGGACGGTTGCCCCACCAGTTGGCGCTGTTGGGCAGCGTGGTTACGGGGGTATTGGCCTTGTTGTAATCGGCCAGGGTCTGCCACGGGGCCTGGGGCGTAGCGTGGTAGCCGGGCAGGTTGTTGTACAGCAGGGCGTGGTCTGTGGAGCCCTGCACATTGGGCTCGCCGCGCAGGGCGTTGATGCCGCCGCCCGCCACGCCGATATTGCCCAGCAACAGCTGGATCAGCGAAGACAGGCGGATGTTCTGCACGCCGACGGTGTGCTGCGTCCAGCCCAGGGCATACAGGATGGTGCCGGCCTTGTCGGGGCCGCCGGTAGCGCAAAAGGCCTTGTAGACCTTGAGCAGGTTTTCCTGCGAAACGCCGGTTACGTCAGAGACGTTTTTGAGCGTGTAGCGGGAATAGTGCTGGCGCATCAGGTTGATGACGCAGCGCTCGTTTTGGAAGGTGGGGTCGATGAGCGGCCCGCCGTCAGGGCCTTTTTCCAGAACCCAGGACGACTTGTCGTACTTGCGTGCGGCGGGATCATAGCCGCTGAAAAGACCGTCGTTGAAAGCGTAATTCTTGCCAACCACAAAGGCGGCGTTGGTGTACTTTTCAACGTAGTCCTTAAAGTACAGCTTGTTTTCCAGAATATAGTTGAGCATGCCGCCCAGGAAGGGAATATCCGTACCCGAGCGCAAAGGCACATGAAAGTCGCAACGGGCTGACGTGCGCGAGAACTTGGGGTCGACGTGCATGAGCACGGCCCCGTTGTCCTTGGCCCGCATAACCCACTTAAAGGCGACAGGATGATGTTCAGCGGCATTGCTGCCGATAATAAGCACTGCATCGCTATTCTTGATATCGATCCAGTGGTTCGTCATAGCACCGCGTCCGAACGACTCTGCCAGAGCCGCAACAGTGGGGCTGTGTCAGACCCGCGCCTGGTGGTCCATATGGACAACACCCAGGCCGCGCATTGCTTGGTGAATAACTGCGCATTCCTCGTTGGAGGCGTGCGAGGTTCCCATCCAGAAGATGGAATCGAGACGGTTGACCGTCTGCCCCTTGGCGTTTTTGATGATAAAGTCTTTGTCGCGGGTGTCTTTTACCCGGCGGGCAATCTGGGCGAGGGTCCAGTCCCAGTCTTTTTCGACCCAATGATCGCTGTTGGGCGCGCGGTAAAGCGGCTTTTTCAGGCGATGGTCATTTGTGTACATGCTGAAGAGAGCCGCGCCCTTGGCGCAAAGAGCGCCTTCGTTGACAGGAAAGTCGGGGTCGCCCTCTGTGGAAACCAGCTTGCCGTCACGCACATAGGCAATGACCTGGCAGCAGACCGAACAGAATGGACAGACGCTAATGACTTCCTTGGCGCCTTCTATCTTGAGTTTTACGGCGTAAGCCTGAGCTTCGCCCAGGTCGAAGCCCAGCTGCCCCAATGAGAGGCAGAGAACCCCTGCACCGACGCCCTTGAGGAAACTCCTCCGGGTGCTATTCATGATGCTACTCCTTTTTTAGGCCAATCACGCAACGCAAGGGCCGAAAATCCTGCGTTGAACAAGACGCCTCTGAACTGCGTCAACTAACGATAATGGAGATTTGTTTTCACCATAGTTTAAAAAACGTGATATCGCAAGATACTTAGCTTTTTTTGCATGAAAGCTCCCCTATTTGTGAGCTTTTTCCCAATTATAAAACTTTCTATATGATTCCATGGTGATGGAACAATCAAACATCATAATTTGTACACACAAACAGCATATATGAGCTTATATTGTCCCCCTCGCGCGCACTGATATCATTGCTCTTTTTTCTTCAAATTTTACGCTTACCTCCGGTTGCCGCAAACCCTATTGCATAAAAAAGCCACCCGCGCGCGGCAGGTGGCAGCAATCAGCAGAGGTCAACCAACTCGTATCCTTCAGGCGGAAACACACAATCCGCATCCTGACAAAACATCCCTGCACCAACGCAGCAGCATGGCATAGGCTTCTTTCTCAGTATGCGCGGTCAGCCAGTCAGGCAGGTCGCACCCGGCGGCAATGATCTCTTTTTCTGTTCCAGCAAGGCGCGACAGCAGTTCTCTTTTGCTGCGGCAAAAAACGCCGGAGGCAATATGGTGCTGCGAGCGCATGACAAAAAACGCGGTTTTGTAGGACTCCTGCAGCATCTGGAATCTGGTCTCCGCATCCGCATACAGGTACGAATGCGTAAGCATATGGATAAGTGCTGACGCGCCGACTCTGACAGATTCTGCCGCATCTCTTTCTGTAAGGACCGGCAGAAACGTGCTCAGCGTGCCGAAATAATCGACTGTATCCTGCTGAAAAGCAAAAAGTTCATGGCGAGGCCAGTGCAACAGCTCGGCAATGCCGCTGATGAATCCACAGGCCTTTTGCCCTTCCGGCATGGCGCGGACCATGACACGGTAGGTATCAAGATCTTCCAGGGCGACCCTGTCCAGCAGCACGACAACATCAATATCGCTGGTTTCACGGGCCTCCCCCCTTCTGTAGCTGCCCTGAAGCCCAAGATACTGCAACCGTGAGCCAAAGGCCTGCTGCAACCGAGGCAGAAGCACAGCCATCCATGCATCAGGGTTAATCACAAATTTCTCCATCTTTTTCAAATTTTTCATATAGATAGTTAAAATGACCCTTTTCCGCGCCCAGCGCTTTTTCCGCCATCCAGGCAAGGGCCTTGATCTTTTGCAGTCGCTGCGCGCCTTCCCACGCAAAGGCCCCTCCGTGCAGCATAAATTCAGAGGCGGCAAGCAGTATTTCCATGCATTCCCTAGGATATTCGGTTTGGAATATGCCTTCGCGCATCCCCTGCCGGACAATGCCCTCCAGAATGGGCGAGAGCCGCAGAACAATGGATGCCATGGTACGCTGATGCATATCCGCATTGCCCACAGCGCTGGACTCTTTTTCCAGGCGATCACCGCGCGCATTGTCTTGCCCCGAAGCCCTGAGTATGCGGAACATTTTTTCCTCGGCAGACATCTGCGGATTGTCTGCAATCGCCTGCGCCGCCTCCATTTCCGTATCAATATACCGCGCGATTACGGCGTCCATGAGTTCTTCTTTTGACGCGAAGTAATGGTAAAACGTCCCCTTGGCGATGTTCAGGGCTGCAAGAATATCGCTGACGGTGGTGCTGGCGTACCCCTTTGACGCAAACAGGGCTTCTGCGGCGTCAACAATTTCTGCTCTGCGCTTGCCATGTTCTTTAATGATGCGCATCGGCACCCCCACAAATTTTAATAGACCGACGGTCGGTCTATTAAATAGCGAGCAATTTCAGTTGCGTCAACAGGCTCGGGCATTGCTCCGCACTCTCTGCCGTGCAGCCGATGGCGACAAAAAAAGGCGGCCCCGAAAAATTTTCGGGGCCGCCGCTCAAGCTCATGTCCGCCTCTGCACAAGGCGCAGTATTATTTACCAAACCAGCACTTGGGATAGGTGCAGGTGTGGCACGCCAAACAATAGCCGCCTTCGCCCATGCGGGCGGCCTCTATGCGGGTCAGGCCGCGCCCCGCCAGCATGCGCGGCAAAACCAGATCAAGAAACGTCGTTTTAAAATACAGGGCGCAGGCGGGCACGCCGAGCACCTGCATGTCGCCCTGCGGGCCGGGTATGCGGCCCATAAGGCTCATGGTGCCGGGCAGCACGGGCACGCCGTGCAGCACGTCGGTAAGGCCCGCCTCAACCAGCGCCTGTCTGGTCACGTCGTCCGGGTCAACCGAAAGCCCGCCCGTGGTGATCAGCAGGTCAGCCCCGGCCTCGCGCATGGCGGCCACAGAGGCCCGCATCATGGCCTTGTCGTCAGGCACGATGTCGGTGCGCGCAACGGTGCAATCGAGCATGGTGACCTTGGCGGTGATGACGGGGATAAACTTGTCTTCAATAATACCCTGAAAAACCTCGGTGCCGGTCACCAGAATGCCCACACGGGCCTTGCGCAGGGGCAGCACGCGGAACAGCGGCCCGCCCTCCAGCGCCTCCAGCGCCTGACCAAGCCGCTCGCGGCTGATATAGAGCGGGATGGCGCGCGTACCGCAAAGGGGGTTGCCCTCCTTGACCAGGGTTGCATCCTGACGCGAGGCCACCATGACCTCGGGCACCAGATTAAACCTTGTCATGCGCTCCACATCCACGCAAAAAAGCCCGTTGCAGGCAGCCTTGA
CP036295.1_gap61	2734320	2736726	2406	GCGCCCATTTCGTGGGACAACGCTGGCGTGGCGCACCAAAAGCTCTTTTTGTTTGGCGTGTCGCCCACGGGCATGACTCCGGTGAATATAGAGACCTTCCAGCAGACCCGCGCACGCGTGCTGCAGCAGTCTGCCTTGCGCATGCAGGGCCTGCCGCCTGTGGACGCCACGGGCGCGCCAGTTGCGGCCCCTGCCGCCGGGGCGGAAGCCGCCCCCGCCGTGCAGCAGGGTCAGACGCCGCCGTCCGCGCCCATAATGAGCAACACGCCCCGCCCCTCGTATAAACTCAGCCTGCCCACAGCGCGCTAGCCGCGCCCGCAGGCATGCCTTTAAAGGATCGCACATGGCAGACAACAAAACCATCAGTCTGGATGAAGTAACCCACATGGCGACGCTTTCACGGTTGAGCGTCAGTAAAGAAGAACAGATCCTGTTTGCCCGTCAGATGGGTGATATTTTGGCCTACATGGATGTGCTTGCCCAGGTGGACACCAACGATGTTGAACCGCTGTACAGCCCGGCCCAGCACCCCGGCCACCTGCGCGAAGACGTCGCTGCCCGGCGGCGCGAGCGCACCGAGGTGCTGGCCAACGCTCCCGAAGCCGACGGCGAGTATTTTATGGTGCCGCGCATCGTCTAATCTGGCCATGGGTGGCCGCGCCGCAAGACAGCAGGGCCGCCCCCAACGAGTGTACAGCATTGTGCGGAATTTGCCGCCGTGCAGAACATATTTGAGAACGACATGACCGAAATCTGCTCCCTCTCGCTGACCCAGGCGGCCCAGTCCCTGCAAAAAAAGGAACTGGGAGCCGCAGAGGCAGTTACAGCCTGCCTTGCGCGCATGGATGCCACAGAACCCGGCATCTCCGCCATGCTTACCATTGACAGGGAAGGTGCGCTTGCCGCTGCCGCCGCAATGGACAGGCAAGGCCCCGACCCGTCCAAGCCCCTGTGGGGCGTGCCCGTGACCGTCAAGGACGCCCTCTCCACCAAGGGACTGCGCACCACCGCGGCCTCGCGCATCCTTGAAAACTATACGCCTTTCTATGACGCCTATGCCGTGCAGCTGCTGCGCGAGGCCGGGGCGATCATCCTCGGCAAGGCCAACATGGACGAGTTTGCCATGGGTTCCACCACGGAAAACTCCTCCTACCAGACCACCCGCAACCCCCGCGACACCAGCAGGGTGCCCGGCGGCTCCAGCGGCGGCTCTGCCGCTTCTGTCACGGCCGGTCAGTGTTTTGCCTCGCTTGGCACAGACACGGGCGGTTCCATCCGCCAGCCCGCCTCGCTGTGCGGCTGCGTGGGTCTCAAGGCCACCTACGGACGTGTTTCGCGCTATGGCGTCATTGCCTATGGTTCATCGCTGGACCAGGTGGGCCCCCTGACCCGCACGGTGGAAGACTGCGCCCGTGTGCTCGGCGTTATTGCCGGGCATGACCAACGCGACGGCACTTGCGCTCCCCGCCCCGTGGACGACTACGTTGCCGCCCTGGGCGGCAACGGCCTCAAGGGCGCACGGCTGGGTATTCCCAAGGAATTCTTTGGCGAGGGCCTGGCCCCCGAGGTGCGCGCCGTGTGCCAGAACGCCATGGGCATAGCGCAGGCGCAGGGCGCAGAACTGGTGGAAGTAAGCCTGCCGCACACCGATGCGGCCATTGCCACCTACTATATCATCGCCATGGCCGAAGCCAGCTCCAACCTCGCTCGCTTTGACGGCGTGCGCTATGGACGCCGCGCCAGCGACATTAAAAACCTTGAAGAGCTGTACGTGCACTCGCGCACCCAGGGCTTTGGGCAGGAAGTAAAACGCCGCATCATGCTGGGGGCCTATGTACTCTCCTCCGGCTATTACGACGCCTACTACCGCAAGGCCGCGCAGGTGCGCCGCCTTATCCGCGACGAATATCTGGCTGCCCTCGACAAGTGCGACGCCCTGTGGGCCCCGGTTTCGCCTGTTACGGCATGGACCGTAGGCAGCCTCACTGCGGATCCGCTGCAGATGTACCTCATGGATGCCTACACGCTTTCGCTCAACCTTGCGGGTCTGCCCGGGCTTTCCATGCCCGTGGGCCTTGGTGCGGAAAGCGGCATGCCGGTGGGCATGCAGCTGTTTGGCAAAGCCTTTGCCGAGGGCGAATTGCTCGCGCTGGGTTTTGCCTTGGAGCAGGCGCTACCGAAGATTGGCGCACCAAAGTTGTAGATTGTTTTTTTGTATGGATGCATGGGGAGCAGGCCGAGGGCTTGCTCCCTTTTTGTTGTTTTTGAGGGCGGCCCTGCGGTGCGGAATGGACTTTTTATGCTTGCGGGCGCGGAATTGCGCCCCCCGGCGCTGTTTGGGACGCCTCCCCGGTGTGGGGGGCATACTTTGTTTCGGGCTTGCTGCCCTGCGGGAATGGATTTCGC
CP036295.1_gap62	2740608	2742453	1845	GTTCAAGGAAGCCGCCGAGGCCTACGACGTGCTGCGCGACCCCGAAAAACGCGCACGCTATGATCGCTTTGGCCGCGCAGGCGTGCAGGGCGGAGCTGGTGGTTTTGGCAGCAACGACGATATTTTTGCGCACTTCAGCGACATTTTCGGTGATCTTTTTGGTTTTTCCACTGCCACGCGTGGGCCCCGGCCCATGGCTGGGGCAGACCTGCGTTACAACCTGACCGTCACCTTTGCCCAGGCGGCCAAGGGTGACGAAATCAGCATTTCGCTGCCCAAGCATGTGACATGTTCCGAGTGCAACGGCAGCGGAGCCGCGCCGGGCAGCAAGGCCGAGACCTGCCGCCAGTGCAATGGCACGGGGCAGGTTCGCCGCTCGCAGGGATTCTTTCAGATTTCCATGCCCTGCCCCTCGTGCCAGGGCACAGGCCGTGTGATCACCAAACCCTGCCCCAAATGCAAGGGCGAGGGCATAACCACAGATACCCGCGAGCTTGTGGTGCGCGTGCCTGCCGGTGTGGACAGCGGCACCCGCCTGCGCGTGCGCGGCGAGGGTGAACCCGGCGTGCACGGCGGCCCTGCGGGCGACCTGTACGTAGTGCTTACCGTTGAGCAGGACAAACGCTGGCAGCGTCAGGGTCAAGACCTCATCTACACCCTTGAGATCAACTTTGTGCAGGCGGCTCTTGGGCACCGGGCCGATGTGCCCGGTCTGGACGGCAACCTGCCCCTTGAAATTCCCAAGGGCATACAGAGCGGCACGCTGCTGCGCATGGCGGGCGAGGGTATGCCCTATCCCGGCCGCAGATCGCGCGGCGACCTGCTGGTGGAAGTACGGGTGCTTACCCCCACGCGCCTTTCTGCCAGGCAGGAAGAACTGCTGCGAGAGTTTGAAGCCGCAGTGGAAAAGAGCCCCCTGGAAAAAGTCAAAAAAGCAGCCAAAAAAATCAGCAAAGCCATGGGCATAGACTAGATTTTTCTGCCGCATATCAAGCAAAAAGCCGGGTTTCCCGGCTTTTTGCTTTTATGGACGAAAAAATATTTGACCCGGCGGCATCGTGGTATGCCGCCGGGTCAAATTTGTCCTGATTACCGCTCAGCCAGGCAAGGAGAAGCGGTACGGACGCAGAGGCTGGCAAACGGTTCCGCTTAAGGGGAAGCGGGGTTCACAGAAGGGGCTGTGCGCCTGCCGAGGGTTGCCATCTGCAATTTTATACAGGAGGGGTTGCACTCCCATAAAAATTCTTTTTATCTAGACAAATTACACACTGTTTGTGCGCTCAATCTAGCACTGGGTCTGACAACATGCAAGTTATTTTTTTCACCACCGCAAACAAATTTCAGACACCCCTCGCGCACAGCAGTACATACAATAACAGCATGTTGCTGGGAAATACGCACATATCTGCAGGCGCAAAAAACGTACCCCCTAAAAGCAACAAAAAGAACCCGCCTGCATAACCAGACGGGTTCTTTAAACAAATTGACAGAAAAAAATTATTCTTGCGGGGCATCCTTGTGGCTGCAGCCGCACGAAGGCGCGACCTCGCCAGCGGATTGAGCCGCCGCCTGTTCCTCGGCCTCTACCGGTTTGAGCGAATGCATGTTGACCTGTTGCGGCCCGTCGGCGCTTTGCGGAACCTGCAGCCCCATGCGCACCTCATAGTTGATGACGATGGGTCCGGTGAGGTTGAGCACAGCCTTTTCGGGCGCTCCCGCCGGGATGGATACCGTCACCAGCACGGCGGCCTGTTCCAGGCTTTCGATGCTCAGCAGCTGCTTTTCGGCATCGCCCACCTGCGGCGCATAAGATTTGTCAAAAAAGCTGTAGGGATCAGCCACCAG
CP036295.1_gap63	2836049	2836730	681	GAATTTGATCCCAACCCGGAGAACGTCTACAGCCTCAGCATCGACCTCACCCTTGAAATCTGCCGCATGATCATGCCCATCTTGCTGACGCTGGCTTTTCTGGCCTTTACGGCCCAGCGCCTGCAGGTCGGCAAACTCTGGTCAACCAAGATTATGCACCCCAAATTTGAGCGTTTCAACATCGTGCAGGGGCTCAAGCAGATGCTGCTCTCGCCCCAGACCGCCCTGCGCACCATCAAAAGCCTGCTGTTTTCGCTTGTCCTGGGGATCATCCCCGGTTGGATCATCTATAAGGAATACCAAAACTTTTTGCCCATGTACTATGCCAGTACCGAGGGCGTGGCCGCGTACATGCTGCACATGGCCTTCAAGCTGGTCTGCTATGCGCTCATGCCCATCATGGCCATTGCCGTTTTTGACGTCTGGCAGTCGCGCTTTGCCTACAACGAGGGCATGAAGATGACCAAGTCGGAAGTAAAGGACGAACAGAAGCAGGTCGACGGCGACCCTGTGATCAAGGGGCAACAGCGCAAAAAGATGATGGAAGTCATGAGCAGGCGCATGTTGGCCGACGTGCCCAAGGCCGACGTGGTGGTTACCAACCCTACCCACATCGCCGTGGCGCTCAGCTACAATTCGTCCGAGGCCCCCGCGCCGATAGTGCTGGCCAAGGGCGCGGAC
CP036295.1_gap64	2843101	2846571	3470	AGCGCCCCTGCAGGTGCCTGCCGAAGCCCCCGCGCCCAGCAAAAAGAAAAAGCTGCTCATTGCGGGCGCTGCTGCCCTGCTTGTGGTGCTGGTGGCGGCCGTGGCCGTATGGTGGTTTGTCTTGCGCACCCCGCCGCCCCCGCCGCAGGACCCCGTCAAGCCGGAGGTGATCGTGGTGCCCTCGGCCAAGTCGCCCACCGCCAAGCCCGACAGCGTCAAGGAACTGGCGCCCTTTGTCATACCCCGACAAACAGCCAAAGGCGCGCGCTTTTTGATCTGTAAATTTTCTACGGTGAGCCAGAGCCCCCGGGTGGGCATGGAAATAGACCAAAAGCTCATCCCCCTGCGCGATGCCCTGTACTATTACCTGAGCAGCAAATCCGACGCATTTCTGCTTGACCCTGCCAGTGTCCCCACTATCAAAAAAGACCTCGGCGGCGTGCTCAACGACTATCTTACTCAGGGCCGCATCGATGACATTTTGTTTGAAAGCTATTTAAATGAATAGGGTACATTAGCTAGCCGTTGCTCACGTGCATGGCGGCCCGGCATCTGCCGCAGCCGCACCACAGCCGCCACAACCCGCGAGACGTATCAACCCCACGGTACGCAAAGGGCGTTTGCAGGCGAGGCAGCACCGCGCACACGGCAGCAGGAGGCAGCCATGAGCGTTGACGCCACAATGGCCGTGCTGTATGCCCAGACTAACCTGGCAACCTCTGTAAGCAATGCCGCCGCCGTTGCCCCGCAGGCATCGACGGCCATGTCGCGCGTGCTTGCCGCCGCCATGGCAAAGCAGGAGCAACAGCAGGTAGCCCAGACCGACCCAAGCCATCAGGCCGCACTCACGCCGGATGCGGAAAAACGCGGCGCTCCCCAGTTTGGCAGCCGCAGAAAACGAAGACCACCACCGCCGGAGCCGGAACCTGCAACCGGCGAAATAACATCTCCTCTGGTGGGCAACCTTTTGAACATAAAAGTATGAACGACACCCTGCTGTTTGCGCTGGTTGCGCTTTTTTCTCTCTTTGAGCTGGCCATTCTGGGCGGCGTGCTTGTTTTTTATCTGCGTTTGCGGCGCTCCGAAGCCCTGCTCAACGCACTGCAGGGCAATCAGGAAAGCCTGCTCGCGCGCATAGAGATGAACGCACGGCTCGAAAAGGAAATTGTGGCCACATTTGCCCAGCGACAGGCTGAATTGCGGAATCTGGATGAAAAGCTGGAAGAACGCACGCATGAACTGCGCCGCTTGCTGGAACAGGCCGAGGGTATCAGCCGATCGCCCCAGTTTTTGCGCGAACTGATCCTGAACGGACGCCGCAAAGGACTCAACAGCCGTCAGATTGCCAAAAACGCCGGTCTTAGCGTGGATGAGGTTGATCTGATTCTGGCGCAGGAAGTGCAGTAAAAACCCAGGCCTGCCCACAAGCGGGCTCATGCCCAACACACGCCGCCAGGCTGAAAGCGCTGGCCTTCTTGCGCTAAAAGCCCAGCTTGAACTGCATGCCCATACCCAGGGCGGAGTCCGGCTGCTTGTTGGCCGCGGCCCGCTCGCGCTGTTCATCCTTAAGAATCAGCTCTGGCCCTACGCTGACGTTCAGGTCATCCCCGGCATCCACATCGGCATACGCCCGCACCACATGGCGGCTTTGCATGGGCACGTTTTCGTCAGCGGCTTCCGGCTCTAGCTGGCTTTTTTTGCGCCAGCCCGATTCCTCCTGCCCCACGCTCAGCGCCAGCCCGTTTTTGCGTTCGTTCTTGGCGTTTGCGCTTTTCAGGGCCGAGTTGATGCCCGAGGTGGTGTTGATCGAATTATCCTTGGCAGCCTCGTCGCCCACCGCTCTTTTTTGCAGATCAGAAGTGCTTACGCCTTCGCGCAAGGCCTCCCGGCTTTGCGAGGCGCTGCCAAAGGCCCATGCAGGCGCGTGGATGCCCTTGGAACTTTTTTCCTTGCCCTTTGCTTCGTTACGCTTTGCCTTGACGGCAACCTTTTTGTCCAGCCGGTGCTTGGCGGATGCGCCAGCCAGGTCGGCGCTCTTTGCGCCCGGGGGGCTGGCTTCCTGGGCGCGCACGTCCAGAGGCGCGCATAACACCTGCTGCGCGACAAAAAGAATAAGAAAAAATACGGGCAATTTTCTGTCCATGTTTTCCCTTTACGACAGGCAAGGCATGTATGTAAAGCCTGTCATTTTTCCCCTGGCCGCAGCCTGCCGCCGGGCCGCTGTAAATGCAAAAACGGGAAAGACGCCTTACGACGCCTTTCCCGCTGATAAACTGTCTGCGGCAAAGAGCATTGCCGCCAGCAGTCTGTTATTCTGTTTTGCCCGCAGGCGCGGCCATGCGCATGCTTGTCTGTTCCTGCAGCAGTTTTTCAGTGTTCACAACCGGAAAGCTTGGGCTTGTGCCCGCATCCTGCCAGCCGCCGCCAAGGGCCATGCACACGCTGACCACGCTGTCGAGCCGGTCGCGCAGGGCTGTAGCCAGTTGCAGCTCGGCTGCAAACAGCTGACGCTCCGCATCCAGCACCGTCAGGTAGTCGGTATAGCCGTTGTCGTACTGCAGACGGGCAATCTGCACAGCGCGCCGCAGGCTTTCAACCTGCACCTGCATGCTGCGCACGATGTGGTCAGCCTCGCGCTGCGAGGTAAGCGACGTACGAATATCCTCAAAGGCCGACTGCACGGTCTTGCGGTACACGGCAATGGCGGCCTTTTTCTGGGCCTCGGCATCTTTGAGGTTATACCAGTTGCGGCCAAAATCGAGCAACGGAACCGTACCCGTCGCGCCGTAGCTCCACGCCCCAGCTGGTCCGGTAAAGAGGTTGCCCACCGAGGCGCTCAAGGTTCCCAGCATGCCCGTGAGGGATATGGACGGGAAGAACTGCGCGCGGGCAACGCCGATGTTGGCGTTGTACGCCATGATGGAGAACTCTGCGGCGCGGATGTCGGGCCTGCGTTCCAGCAGGTCTGAAGGCAGACCGGCGGGCAGTACCGGCGGCGCGGGCAGCAAGTTGATGCCCTGTCCGCGCTTCATGGCGCGGTCCATGATTTCGCGCGGCGAGCGCCCTAGCAGCACGGCCAGACCGGCCTCGGCCTTGTCCACAGTCACGGTGCTCGTATGCACCTGGGCACGGGCGGTTTCCACCTCGGCACGGGCCCGCTGCCAGTCAAGCTCTGTAATGTCGCCCTGCTTGTAGCGGGCGGTATAAATCCGGAAGGAATCCTCGCGTGACTTCAGGGTGCGGCGCGAGGTTTCAAGCTGCATGTCCTGCGCAAGCAGGGCAAAGTAGCCCTGGGCCGTCTGCCCCGCCACCGAAAGCCTGAGGGCTTCGTGACCGATAACCGTGCTCATGAGCACATCGCTGAGCATGGTGTACTGGTTGCGCACCTTGCCCCAGAAATCCAGTTCCCACGACGCGCTGAGGGCGCCCTGATAGGAGGTGTTGGAACGTGCAAGCTTGCTCTGGTCAAA
CP036295.1_gap65	2848264	2853093	4829	ACGTACCGTAGTTGCTCTTGGCCGCCATGGACGTGATGTCCAGACCGGAGAGCGTACCCACGCTCAAGACCGCGGGGTTTTTGAGCAAGAAGTCGTTGAGCACCTTGTTTACCGCAGTGGTGCGGGGCTGGGCTGCGCCGTCGTCAAGGATGGCCATGCCCAGCAGGTAGCCCTGATCTTCGTTGGGCACAAGCCCGCCAGGCACAATGCGGAACAGCCATACTATGCACAGAAACATGAGCGCGCAGAGCGCCAGCGCCCGCAGGCCGGAGGCTTTGATAAAGCGCACGGCGTTCACATAGCGGCGGGTGATGCGGCCAAACATATAGTTGAACCACACAAAGCCCTTGGCCGGCGTATGATCATGGGCATGCGGCTTGAGCAGCAGGGCGCAGAGCGCCGGGGTGAGCGTCAGCGCAACAATACCCGAAAGCACAACCGACACCGAGATCGTTATGGCAAACTGCTTGTACATCTGCCCGGCAAGGCCGCCCATGAACGAAACAGGGATAAACACGGCGCACAGCACCAGCACAATGGCGACAACCGGGGCCGTAACTTCGTTCATGGCCTTGGCTGTCGCCTCTCTGGGCGGCAGATGCTCCGTACTCATGATACGTTCGACGTTTTCAAGCACAACGATGGCGTCGTCCACCACGATGCCGATGGCCAGCACCAGGGCGAACAGCGTAAGCGTGTTGATGGTGTAACCAAAGGCGAACAGGCCCGCAAACGTACCGATAATGGATACGGGCACGGCAATGCAGGGAATGAGCGTTGCACGCCAGTTTTGCAAAAACACATACACGACGATGAACACCAGGATCATGGCTTCGACCAGGGTGCTCACCACTTCCTTGATGGACTCCATAACAAAGTCGTTGGTGTCCACCAGCAGCGTGTAGGCCAGACCGTCGGGCATGCGGCTGGAGATTTCTTCCAGCCTTGCCTTGACGAGGTCGCCCGTGGATATGGCGTTGGCGCCCGGCAGCAGATACACGGCGCCCATGCGGCCCACCATGCCGTTGTATCGGGAAAGGACGCTGTAGTCCTTGCCGCCCAGTTCTATACGCGCCACGTCCTTGAGACGCAGCATGGCGCTGTCCTGTCCGGTGCGGATGATGATTTCGCCAAATTCCTCGGGCGTTACAAGGCGACCCTGAGTGTCGATCTGCCAGGTGAGCTCGGTGGAATCGGCCGTGGGCATGTCGCCCAGGCGGCCGGGCGCGTACTGCGAGTTTTGCTCCTGAATGGCCGCGCTTACCTGTTTGGCGGAGAGGCCGTACTTGGCCAGTTTGTCTGGCTGCAGCCAGATGCGCATGGAGTAGTCCATGCTGCCAAACAGCGAGCAGTCGCCGACGCCGGCCACGCGCTTGAGTTCGTCAACAACGTTGACCTGAGCCCAGTTGTGGATGAACACGCCGTCGTACTGGCCGTTTGGCGAGTAAAAGCAGAACACCTGCAGCATGGCGGGCGAACGCTTGACGACTGTAACACCCTGCCGGCGCACGTCTTCGGGCAGGGTGGTCTGGGCAAGGTTAACCTTGTTGTTGACGTTGACCAGGGCCATGTTGGGGTCGGTCCCCAACTTGAAGTACACGTTGATGCTGCCCGAACCGGAACCGGAGGCGGCAGTGGAAGTCATGTAAAGCATGCTTTCCACGCCGTTGATGTTCACTTCGAGGGGAGCCAGAACCGTAGAGGCGATGGTTTCCGCTGAAGCGCCGGGGTAAGACACGCTCACGTTGACCGTGGGCGGCACAAGGTCGGGGTATTGTGCGATGGGCAGGGCCTTCATGGCCAGCGCGCCCACCAGGGTTATGACGATAGAAATAACGGCCGACAGTACCGGCCTGCGCAAAAAGAAATTCGGCTTTGTAGAAACAGCCATATGCTACCTACTTCTTGGGCGCGGCATCCTGGGGCTGCTGCCCGCTGGCTTGCTGCACGCGCACTTGGGTCCCGGGGCGGGCCTTGATGATGCCTTCACTGATGATGCGTTCGCCGCCCTTGAGGCCCGAACCCACCAGGTATTTGTCTCCCACAGCCACAGTCACCGTAATGGGAATGGGGTAGACCTTGTCGTCCTTGTCCAGTCCCATGACCACGGCGCCCTTTTGGGTCATGACCACGCACTTTTGCGGAATAAGAATGGCGTTCTTGAGTACGTCGCCTTCAACAAACAGGCGTATGTACTGTCCGGGCATGATCTGTCCGTCGGCATTGGAAAACACCGCGCGGGCCTTGATAACGCCAGTGGTGGGCTGCACCTGGCTGTCGATAAAGGTAACCTCGCCCTCGGTGGCGTACATGGTGCCGTCGAGCAGGCGCAGCTTGGCCTTGTACCGGTTGCCCTGGGGGAACTGCAGCACCCCGGCGGCAGCAAGCTGCTGCCGCTGCATGCGCTCAGGCGCGGCAATGGAAAAATCAATATACATGGGGTCGGTCTGGTTTACCGTAGTAAGCAGCGAGTTGTTGCTCACCAGGTTGCCGGGGGTGTAATTTTCCTTGCTGCTGTAGCCGGAAACAGGCGACACCACCTGGCAGTAATCCAGATTGATCTTGGCCTGGCGCAGCGAGGCCTTGGCGCCGTCGTAAGCGGCAAGGGCCGAATCGCGGTCTTTTTGCGAAACGGCGTTCTTTTCGTACAACGGGCGGATACGCTTCCACTCGCGCTCGGCATTTACATATTGGGCCTGAGCCTGCTGCATCTGCGCCTCGTACTGGTCGCGCTCAAGCTGAAACAGCTGCTGCCCGGCCTTCACAAAATCGCCTTCGTTATAGAGCCGCTTTTCAATAATGCCCTGCACACGGGCGCGAACTTCAACGGCGCGCGAGCCTGTGGCCTGCGCCTGAAACTGGCTGGACCAAGGCGCGTCGCCCACTGTCACTTCAACAGCCGACACCGGCAACCGCATGTCCGGATGCCCTTTTTTATCGCTTTCGCAGGCGACCAGGGCAAGGCAGAGCCCCAATACAACTGAAATCTTTGCAATAGATCTGATACTCATGAATAACTCCATATGGGCGTGGCGCACGGCGCTCAAAACACGCACGGCGTAGCGGCGGTGGTTTGAGTTGCCACCGGGACGGGTCATCTCGCTAAGTTTTGTTCCTGGGGGGATCAGCATGAAGATTGGGCGCTCACAAGCGCCACATGACGCGCAAGGGGCGTCACACGGCCCCAGCCTGACAACACAACGGCGAAAGCAGTAAACCACCTCTCTAAAAAGCACAGTTCACGCCAAAAAGCAATGCGCGAAGCGATATAGGCGGCGGGAGATTAAAAAGAATATTGTCAATTATTTCAGCAAGTTGCCGATGCGGGGTGTTTTTATGTAACATGCTGAAATAATTGTATAAAATTTTCAGGAAAAAACTGTATCATTCTCGGTGGTTTCACTCTGCTCAAAGTACTCTTTTATGCGTCTGGCGTTGGCGCTGGCGCTGTCCAAAAAAACCGCCCACCACACCGTGTCCTTGAACAGTTCCATGCGTTTGAACTTGTGCCGTTCATCGTTCATGCGCAGCACGTTTATCTCCAGCTGTTTTTCCGCGCCGTCGTCGCCAGCGAAGGTCAGGCGCAGGCCCGCGCGCTGCATGAGGCGCAGATCAGCCGACGAATAGCGGGCAAAAATCCTGCCCGCCACATCCGTGGCCTTCAAAAAGCTGGTGGCCTGCGTGGAGGCAACCCCCACATCGCGCGGCTCGCCGTTGACAAGCAGATCAACCCGCCTGATGTTGGCCAGGTTGATGCGGCTGCGGTTGATGACCTTGCCGTTGCGCAGCACCCGGTAATAACAGGCCCCGACCTCTTCCGAAACACCCACAATGACCGTGGTGCTCACATCGGGGTAAAAAACGCCAATGCTGGCGGTCATGCCCGACGCCTTGGCGATGTCGCCCTTTTCTTCTGCAATGGAGCGCAAATGACGGGCAGCGCGCATACGGACATTCAGATAAATGCCCACGAGCAAAAGAAAAAGCAGGGCGACAATTGTAAGGATCATGCAAAGCGCCTTGAGTAGAGTTAAGGGTGACCCGTCGAAGGGGCCGCACGGAACCGGCAGAAAACAGGCCGCGAGCTGATACGGGCTGATCGGCAGATCCGCGCGCGTTGAAAAAACCGGAGCTGCGGCATATTCACCAGGTGCAAAAGCCCAGGCAAACCGTGCGGCAGAGCAGGCCCGAGGGGCCGCCTAATCGTCGAAGCGCAGCCGCATCAGGGTTCCGGCACGGACGGCCAGCAGCTCGGCCACGATGGAGACGGCGATCTGCTGGGGAGTCTCGGCCTCTATGGAAAGCCCGATAGGGCAGCACACGGCGGCCAGCTCCGAAGCGGGCACGCCCTTGGCGCGCAAAAGCCCGTACACCTGCTCCCGCTTGGTTTTGCTGCCGATCATGCCCACATACTGCGCGTGGCTCGACAGCGCCTGAGCCAGCGCCTCGCGGTCAAAGCTGTGCCCACGGGTCAGGATGGCCACAAAATGCCTGCGCCCGATATTGCAGGTCTGCACCAGATTTTCGTACTCCGGCAACACGAGGCACTGCCGGGCCATGGGAAAGCGCTCGGCATTGGAAAATTCTGTCCGGTCATCCACCACATCCACGACAAATCCGCAGGAGTGAGCCAGGCGGGCCACCTCAAGCGAAACATGGCCCCCGCCGCACAAAAGCAGCACCGGCGGCGCGTCCAGCGGCTCCACGTACAGTACCCGTCCGTCCCGCTCCACCAGGCCCGGCTTGTTCTTGCGCGCCTCAACCAGCGGCAGCACCGCATCAAGCCCAACGCTGACGCCATCGGGCAAGGGGGCATTTTCCTCCTGCCC
CP036295.1_gap66	2859796	2864331	4535	CAGCCATACTGGCTGCGGCTCCGCCCCAGACGCAGGGCTTTGTGGCCATGCAGCTGGGCGCCAGCGAGCAGCGGCGGCAGTGGCCCGCGCACTATTTTGCGGCGGTGGGCGACCGACTGTGGCGCGAGCGCAGGCTCTGCCCCGTGCTGCTGGGCTCGCCTGCCGAGCGGCCGCTGGCCGAGGCATACGCCCAGGCGGCGCAAGGCCCCATGCTGGACGCCGTGGGCAAAACAGACCTTACCCAGCTGGCCGCCCTGCTGCGCCGGTCACGCCTGCTGCTCACCAACGACACCGGCACCATGCACCTTGCCGCTGGCCTTGGGGTGAGTTGCCTTGCCATTTTTCTGGCCACGGCCCAGCCCAGCGACACCGGCCCCTACCTGCCCGGCTGCTGCTGCCTCGAGCCCGCACTGCCCTGCCACCCCTGCCCTTTTGGCCGCCCTTGCCCCAACGGTCTGGCTTGCGTGGAGCACATCCGCCCGCAAAGCGTGGCCGACCTTTCCCTGGCCTGGCTGGACACTGGACGCTGGGACACCGCAGCTCTTGAAAGCATCGGGCATGAGGCCCGCGTCTGGCTGACAGAGCTGGATGAACACGATTTTATCAGCGTGCGCTGCCTTTCGGCGCAGGCTGACGACGACCGCAGCCGCTGGCTCGCCTTGCAGAGGGTCTTTTGGCGTCAGATACTTGACGACCTGAATTCCCGATCTTCCAAGGCCGCGCAAGGGAGCCGTCAGGTTCAACCCCTGCCGCAGGCAGCCGCCGGGGTCAAGCGCACGCCCCTGCGGCAACCCGACATATGGGCCGCTGCAGGACGCGAATTTTCACCCGAATTTGCGCAGCGGCTGTTCAACACACTGGATCAGGCTGCGCAACTGTTTGACATGCTTACCCAACAGGGTTTGCTTCTGGGCAAAACACCCAAGGCCGGGCAGCTTTTTTTGCGCAACTGCGAGCGGCTGCAGGCCGTACTGGACGCCTGCCCCGAACTGCGCTCGCTGGGCGCGTTCTGGCGCGAGCTGCGGCAAGAGCGCGGAGACCGGCTGGACGACCTGCTGGCACTTACTACCCAGTTGGGGGCGCATCTTGTTTATTGGCGCGATAAATTTAAAAATGGCACGTCATTTGCTTAACCGGCAGCAGACTACATTACGGTAAAATCTTCCCTGTGGGGAGAGGAGGGGACTGGAATGATCATTATAGACGGTTCACAAAGCGAAAAAAGCATTTCTGCCTTTGCCAACCTTGAAGAACTTCTCAAGGACCTCATGCAGGAAGAAAAGATGGCCGACCGCGTCGTTACGGACGTTTTGGTAAACAACGAAGCGTTTTCCGAAATCTATCCGCACCAGGCCGAAGACATCGCCTGCTCCGAAATTTCATCCCTCGAGGTGCGCTCGGTGCCCGTGGGCGAAATGGCCGTGGACATCTCCGCCGAGATGGGCAAGGTGGCCCAGATGATGTCCCACGGGGCACGCGAAGTTGCGCGATTGTTCCGCGCCGCCTCCGACACGGACGCGCTGGAGCTGTTCCAGGACCTGCTGGATGTAACCCGCGACTTTATGGGCATGCTTGGCGAGCTGCGTTCGCGCCACACCGACGGCGCGCTGCCCGAATTTGCCCAGAAAACCGAAAAGTTCTCCAACATGCTCTCTGAAATGGGCGACGTGCTGGAAAACGAAGACTGGATCCTGCTGGCCGACCTGCTTGAATACGAATTTATTCCGCAGTGCGACGAATGGCGCAGCACAAGCGAAGTACTGCACCGGCAGGTGATCGAACACGTGGCCCAGTAGGGCCTCAGGAGCTCGCATGAGTCAGGGCGTATGCCTTTTGGATGAGGCGCTTAACCTTGCCCGTCAGGAAATGGCGGCCCTTGAGGACGGCGCGTACGACAAGGCTGTCGAGCTTGCCGAAAGGCGAGGCGAAGTGACCAGCATGGCCTGGCACATGCTGGACGACAGTCAGGCCGAGGAATACAGGGCGCACCTGATCGAGCTGGCCCGTGTGCAGGACCAGCTTACAGAGCTTGCCACAAAGGCTCACAGCGACATCAGGGCGCAGTTGCAGCGCTCACGTCTTGAAAGCCGACGCATGCGCGGCTACCACAGGGCGGTGGGACAAGCGCTGCAGTAATGCCTGTGCGTTTTAACGATCAGGGGCGGCGTACGCGACAGGCGTACGCCGCCCCAAATTGTTTGCGGCCGAGCAGCAACGTCGGGCAGGCTAACCTGCCAGCCCCTCGCGCATGGCCTTGCGCACCTCTTCCACTCTGGCGCGTATGTCGGGCGCGCCCACAAGCTCGCTCACCAGCGAGCAACAGCGTGCGCCGTGCCGCGCCACTTCCGCAATATTGTGCCGCTTGATGCCGCCAATGGCCACAAAGGGCAGATCGGCGTTGCGGCTTATCCAGTCCAGATATTCATAGCCCACGGGGTCCACCACGTCTTCCTTGGTATTGGTGGCAAATATGGGCCCCACGCCGATGTAGTCTGCCCCAAGACCTCGCGCCTCGCGGGCGTGCTCCGGCATGTGGGTCGAAAGGCCGACGATCATATCCGGCCCCACAAGGCGGCGCACTTCGGGCACGGGCAGATCCTCCTGCCCCACATGCACGCCGTCGGCCCCCACCAGCATGGCGATATCAATATGGTCGTTGACGATAAAGCAGGCCCCGGCCTCGCTGGTCAGCCGCCGCAGCAGGCGGCATTCTTCAAGCATGGCCCCGGCTTTCAGTTTTTTTTCGCGGTATTGCACAATACGCACGCCCGCGCCCAGCAGGGCGGAAACGACCTCTTCAAGAGGTCTGCCCAGCGACAGGCCAGCATCGGTGATGGCGTAAATATCGGTTTCTCCCGGGAGGATCTTGGCCATGACAGGCTCCTTGACAATTATTTTTTAAACGCCGCAAAAATACGGCGAAAGCAACTCTGAACAAATCTGGCCGGATGAAAAGACGTGTGCGAAAGTTCCGCAGGCAGCTCAAAACCAGCGGCGCTGAAATCCGTCGGGGCCTGCAGGGGAAACGCCGCCTGCGCGCCCGCCGCCGCACTGCCCCAGGCCTTGCGCCGACACAGGGCCGCCCCCAGCGGCACGTCCTGCGGCGCGAGGCCTAGCACCGCATACAGGGCTTCGTCCAGGGCCACGGCGGAGGCGCTGGCCCCAAGCAGACCCAGCGCAAAGGGCTTGCCGTTGCTCGGCCCTGTGACGTGCATGGCCGTGATGCCGTCGGCCACGGCGGCCACCGGCGGCAGCGCCGCCCACAGCGCGGCAAGGCAGTCGGCAAAAAACCGGGGGTCGCGCCCCTCGCGGGCGTGCGCCACCGCCTTGTGCAGGCCGCGCACGCAGCCAAAGCAGTTTTTTACCGAGAGCGTCGCCAACATCTGGGCGTGCGCCTTGACCCTGGGCACGGACACAATAACGTCGCTCTCCATGGCTAGGCGGGCCACATGAAAACGCGCGCCGCCCGCCTGCAGGCCCGCCTTGAGCGCAGCCTCCCCCTCAAGGGGCAGGGGCACGGGCAGGGCGGGGCCGACCTCTTCCACCGCAAGGCCCAGAGGGCGCAAGGCGGCCTCAAGCCCCACGGCGCGGGCCACGGAGCAGGCGCGCCCAAAACCCGGCGAATCAGCCACGCGCACCTTTGCGCCGTGGTCGAGCAACCACGCGCAGACAGCGGCCACAACCCCGGGCGAGGTGCAGGCAAGGGGCTTGGCCAGCAGCAGGTTGGGCTTGACCAGCACGCGCGCGCCTGGACGCAGCGGGCAGTATGCCGACAGCCCGGCAGCGTCCAGCACCTGTCCCACGGCCTGCCGCAGGTCTTGCCCCGGCGTCTGGTTCGAGGTCTGGCCACAAATCCGGGCGGCATCCGGCAACACATAGGCCGCCCGACGCAGCAGGGCCACCGGCAGCGTATCAGATTGAAGCCCCCGACTGCCTGCAGATTCCGGGGCCAGCATGTCCATGCCTGTTTTCATGCCCTAATTATGCAGTCCCGCCATGGCATTGTAAAGACCGCGCTCTTTTCAAACGGAGCGTCTTGACGTATGGAAGGGCATCTACCAATCCGATACAACAGATGTACTCTGAGGATTCCATGCACGCACCCAAACAGCTGCTCTTTGCCCTTTTATTGACCCTGTGCTGTGCCCTGGCCTCTCCCGCCGTGTATGCGGCGGAAACGACCCCCGCCGCCAAACAGGACGCGCCCAAGTCTGACGCGGGCAAGGCCGACGCCGCCAAGGCGGACACGGCAAAGTCCGATGCCCCCAAACCCGACGCGGCAAAACCGGATACGCCCAAGGCCGACGCCCCCAAGGCGGATACGGCCAAATCGGACGCCGGCAAAACAGACGCCAAAAAAGATTCGGCCAAAGCCGACAAACAGGATAAATCCTCCGCCAAGGCCGACGCCAAGGCTGATGCCAAAACCGACGAAAAGGCGGTCGAGCCCAAGGACGGCGAAGCGCCCATCCCCACCCTGCCCCTGCGCGACCCGTGGGAGATGGTCTGGAGCGGCCAGAAGACCCTGCTCGACG
CP036295.1_gap67	2901728	2906149	4421	AGCTCCCGCCAAGGAAAAAAACGCCAAAAGCCGCAAGGATAAAAAATCAAAAAAAGGCCGTAAGGTAGACGCCGAACAGCAGGAAAAAACCGCTCCCGCCAGTGAAGCGCCTGTGCCCATGCCCTCGGCTGCCGCCCCGCAAAAGCAGGTTCCGCCCACGCAGGCGGAGGAGGCCGCCATGGCCTACGCCAAGGGCGACTACGCCACGGCCGAGAGCATCTGGCGCAAGCATGCGGAGGCAGGCGACGGGCAGGCCATGAACAACCTTGGCGTGCTGTACGATCTGGGGCAGGGGGTGGAGCCAGACCTGGGCCGCGCCCTGCACTGGTTTGCGGAGTCGGCCAAAACCGGCCATCCTTCGGGCATGAGCAACTACGGGCGGATGCTCGAGCAGGGGCGCGGCATAGAGGCCAACCCCGAGGAGGCCGCCCGCTGGTTTGACCTGGCTGCCCGTCAGGGTCAGCCCGAGGCCCAGTACAACCTGGGCATGCTGTACGAGCTTGGCCGGGGCGTGCCGCAAGATTACAAGGCGGCAGCTGCATGGTACAGCCGTGCGGCGGCCCAGCAGCAGACCGAGGCCCTGTTTCGCCTTGGGCATTTTTACCGCATCGGGCAGGGCGTGACCAAAAACCCGGCGCGCGCGGTGCTGCTGCTCTATGCGGCGGCTATGAACGGCGACACCAACGCCATGAAGGATCTGGAAGACATGGCCCGCGCCGAACCCTCCCGCCCCGACGCGGTGCTCTTCGGCCAGCGGCTCGACAATACCGACAGAACTTCCATGCGCGCGGCCCTGCAGCAATACGGGGCCACCGCCACCCGCGAGGACAACGCCTACATCTGCGACCTCTACGACGCGTCCAAGGTCGCCCCCGGCGCGCGCCAGATGGCCATTTGCTACGGACCGGGCGACCCGGCCCCGCTGGGATTTCTTGAACTGGATTACGCCGCGCCCGACAACAGGGTCGAGGGCCTGATTCTCAAGATGGTCACAGACCGGTTTGGCACGCCTTCCGCCGGGGAGGGCGAGGACGCGCACCTGTGGAACCTCGGTTCGGTGGTGGTGGCCACACGCTATGAGCCAACGCGCGGGCAGCTCAGCCTCATGTACATGGTGCCCCGCGTGTACCACCTGACGCGCCAACGCTAGGCCGCGCCCGCAGACGCGCCGCTACTGGTTGGTCGGCGACCATTCGCGGCAAAAACGGATAAAACTGTCCATGCTGGCGGAATGGTATTTGGCTTTGTGCCAGCAGAGTGAAAACGTGCGCGAAAACGACTGCGTCAACCGGATAATGGAAAACCTGCTGCTGAAGCCCGGCAGCTCGGCTACGAGCCGCGAGGCAAAGGTAATGCCAAGCCCGCGCTCGACCGTGCCAAGCACCGCCTCGGTGGAGCTGAGGCTCAGGGCCACGCTGTAGGGCGCAATGAGCGCCCCCAGGGTATGCTCAAAATACGCCCGCGTGCCGGAATTGGGCTCGCGCAGTATCCAGCGCTGCCCGGCCAGCTCCGCAGGGGCATGTGCAACCCCGTCGGCCAGGGCATGCCCCCTGCATGCCACCACGGCCATCTCGTCCTGCAACCACTCCTCCGCCGCCATCTGGGGTCTGTGCTGCTCGCCCTCAAGCAACACCACGTCCAGTGCATACGCTTCCGCCAGTTCAAGCAGGCGGCCGGTATTGGCGATCTGCGCCCTGGGCAGCCAGCCGTACCGTCGCTCAAAATCGTGCAGCAGCTGGGGCAGCAGATAGTTGCCAATGGTCTTGCTGGCCCCCACGTTCAAAAAGCAGGCTCCGCCTGCCTGAAACAGGCGCTCGATGGCCTCTCCGCGCTGCAGCATTTCGTCCGCCAGCGGCCATAGCTGCGCGCCCTCGTGGTTCAGCCGCAAATGCGGGTGCACCCGGTCGAACAGCCGCACGCCAAGATGCCGCTCAAGCTCCTGCAATGCCTGCGAAACCGCCCCCTTGGTGAGAAACAGGGCCTCGGCGGCCTGCCCGAGATTCTGATACCGGGCCACGGCCAAAAAAACCTGCAGCTGTTTAAGCGTCATGATGTTGTTCAATTATTTTATACGTTGCGTTAAAATCATTTCGATTTTTTTAATGCCAGTTTCGTGGCAATCAGGCAAGCAGATCACCACGGGAGTATAATCATGTTGCAGAGTATTCGCAGTTTTTTCCGCGCGGTTCCCACGCCGCTTGCCGGTCTGGCCCTTGGCATCGCCAGCCTGGGCATGGGGCTTGAAAAAAGCCTGCCCCTGCACAACCTTGGCCAGGTGCTCGGAGCGCTTACCTCCATGACGCTGACCCTGCTGCTTGCGGGCAAATTTGCCTTCAACCCCGGCCTGCTGGTTGAGGAACTGCGCCACCCGGTGCTGGGCAGCATTTTGCCCACCACCGCCATGGCGCTTATGCTGCAATCCAAAAGCCTGAGCATTGTCGACGCGCGGGCGGCCCAGTACCTTTGGCTGTTTGCCGTAGCCCTGCATCTCTGCCTGCTGCTGGCTTTTGTACGCTTCAGGATCGGGCAGTTTCGCCTGCACCAGATGGTGCCCAGCTGGTTTGTGCCATTTGTGGGCATAAGCGTTGCGGCCATGACCGTTCCCGGCCCGGCATATTACAGCCTGGCTTACGGCCTGATGCTTTTTGGCATGGTCAGCTACGCCGCCCTGCTGCCCGTTATGTGGTACCGGCTCATTTTTGCCAGCCAAATCGACGACGCGTTCAAACCGACCATCGCCATCCTCGCCGCGCCCGCCAGCCTCTCGCTGGTGGCCTACCTGAGCCTCGAGCCTGCGCCTTCGCTGCTTTTGTGCAGCCTGCTGCTTGGCATTGCCGTGCTGATGACCAGCATTATCTACGTGGCTTTTTTCAAGCTGCTGCGGCTGCCTTTCAGCCCCGGGTTTGCGGCCTACACCTTTCCCATGGCCGTGGGGGCCAGCGCCCTGTACAAGGTATCGGATCTGCTGGCGGCCTACCCGGCTGCCCTCGAATACAGCCTGCAGCTCAAGTTTTTTGCCGTGCTTGAGATGATTGTGGCCACCCTCGTGGTTGCCTATGTGTGCTGCCGCTACCTGATTTTTTATGTGCGGGCGTGGGATACGCTTTCGCGCGCACAGAAGGCCGCGCGCATTCATGTTGCTTCAGCCCGCACCGCGAGGGCCGCGCACGTCTGAATTGCCCTCGGGCACGCCACGCAGCCGCGCAGATCTGAACTTGGTGGGGTTGCTTGCAAAAATCGGCTTGCGCCGTACGCCCAGCGGCGCTAGCGTGCACAAATGCATGCCGGGGGCTGTCCGCGACATGTTCGCAACTGTACCCCTTATGCCGCGACGAGCGGCCATGTCTTACAGTATTACAGGTGAGTTATGCTTGTTTTTGCCGCCATGCTTTTGTTGGGAACGCTGCTGGGCTTTGTGGGCGCGGGCGGCGCAGGGGTTATGATCACCATGCTCAGCGTGGGTTTTGACATTCCCATGCATGTGGCGCTGGGCACCTCGCTGGCGGCCATGGTTTTTACATCGCTTTCCGGCTCCATAAGCCACTTTCGCGAGGGCAACGTCAACCGCCGCCTGGGCCTGCTCATGGGCGCTTTTGGCGCTGTGGGGGCCTTTTGGGGCGCACACGTCTCGTCATCCCTGTCCTCCGCCACGCTCAAACCGCTCACCGGCGTTGTGCTGATGGTTTCGGCCCTGCTCATCTATCTGCGCGTTTTTCATCCCCAGCACCCGATGTTCAGCATGCGCTGCAGCAACACCAAGGGCGCACGCTTCTGGCTGCTCACGGTCATAGTGGGCATGTTCAACGGTCTTGTTTCCGGGGCCTGCGGCGTGGGGGCCACGCCCTTTATCCAGCTGACGCTGCTGATCATCTTTAATGTGCCGCTCTACCAGACGGTGGGAACCACCATGCTGGTCATCCTGCCCATAGCGGCGCTGGGCAGCCTGGGATTTCTGGCGGCTGGGCACCTTGACCTTACGCTGTTTGTGCAGGTGCTGGCCGGGCAGATCATCGGCGCGTACGTTGGGGCCAAGTTTACCCGCATGGCTCCGCAGCTGCTGCTCAAAAGCTGCATGGTGTTGCTGCCCGCGCTGGGCGGCATAATCCTGCTGCTGGCCCGATAAAAAAGCCCCCGCCGAATTTCGACGGAGGCTTGCTGCGCCCGTGGGCAACGCCGTGGCGTGCCGGGTTATTTAACAAAAGATTCAAGCATCTTGGCGACAAAGGGCGAAAGCAGCACAATGGCGTAGATGCGCACCAGATGGTAGACCATCACCATGGGAGCCTCCGCCCCTGTGCCGCCCGAAAGCGCGACCACCGCGTTAAAGCCGCCCGGGCTTGTGGCCAGATACGCCCCGCCCACCGAAAGCCCGCCCCAGCGCACCGCTATCCAGGTGCACAAAAGTCCCGCCATAAGGATGA
CP036295.1_gap68	2909843	2913524	3681	CTTTGCGGCAAAGACTGTGTAAACCAGTTCTTCTCCACCCACTACACCGCTGAAGGCGCCACCGGCAAGACCAAGGAATTCATCGACAAGTACAAGGCCAAGTACGGCTACGTGCCTGACGACGTTGCCGCCCTGACCTGGGACTCCATCAACATCGTGCTTCAGGCCATCCAGAAAAACGGCAAGATCGACCCCGACCTCAAAAAGGAACGCAAGATCATCCGCGACAACATGGCTGGCATGGAAAAGTTTGACGGCATCACCGGCAGCATGAAGTTTGACGAAAACCGCGACCCCATCAAGTGCGCCGTTATCGTGCGCGTGACGGAAACCGGCGCATTCGCCTTTGTTGAATCCGTCTGCCCCAAATAGCAGACTACAGGCTCTGCCGCGCGGCCCAACCCACAGGGGGCCGCGCGGCGGCATGCTGTTTTGACGTTTTGCAGCATGCGCTGCGTTGGCTGGCGTGTTTTGCCTCCGATCAGCCAGCCCCTGCAAATCAGTAATGGTTTTTTACGCGGCTTTGGCATATAAGCACGAGCTGCAATGTCTCGCCTGCCGCAAAGGCTGCCCGCCGGCAAGCTGCCGGGGGCATGAACAACGATTTTTTTTGCAGATCGCTTCGGCCCCGCTTGAGCCAAACATGCTCGCGACCGTACGTTTTTTGCTTTATCACCGCCCAATGGGCGGGAACGACGCCGACTGACACAGACTACGCACACTGTAACCGCCAGCTTTTGGGTAGCCCTATGGACTTTTTGCTGCAACAGACCCTCAACGCCTTGCAATGGGGCAGCTTTTACGCCCTCATCGCTCTGGGCTACACCTTGGTTTACGGGGTGTTGCGCCTCATCAACTTTGCCCACGGCGATATTTTTATGGTCGGGGCCTACATCTCCTTTTTTGTCGCCACGTACCTCTTATCTTCCGACGGGCTGGGCCTTTCGCCGCAAAACACGCTGTGGCTGACCATCGTGCTGACCATGGTGCTTACGGCGCTTGTAGGCGTGACGCTTGAGCGCATCGCCTACCGCCCCTTGCGCCGCAAGGGCGCGCACAGGCTGTACGTGGTTATTACCGCCCTGATGTGCGGCCTTATCCTCGAAAACGGCAACCTGGCGCTGCTGGGCGCAACCAAGCGCAAGTTGCCCGAGCTCATCGACAAAACGGTGTATTCCATCGGGCCGCTGGTGATAACCAACCTTAAGGTTTGGGTTATCGTGGCGGCCGTGCTGGTGTTTCTGTTCTTGCAGATCATGGTCACGCGCACCAAGGTCGGCATGGCCATGCGCGCCGTGTCGTGGGACCGCTTTGCCCTGCCGCTCATGGGCATTCCGCTTGACAGCGTCATTGTGGTCACCTTTGTGCTGGGGTCGGGCATCGCCGGTCTTGGCGGCATGCTGTTTGCCATGTGCTACCCCAACCTTGAGCCGTACATGGGCGCCATGATCGGCTGGAAGGCCTTTATCGCGGCGGTTGTGGGCGGCATCGGCGACATACGCGGCGCATTTGTGGGCGGCTTTTTGCTGGCCTTTGTCGAAATCATGGTGGTAGCCTTTTTGCCGTCCACCTACATGGATCTGTTTTCATTTACCATTCTGCTGCTCATCCTGTGGGTGCGGCCCACGGGCATTTTCGGCATGCCGCAAACGACCAAAATCTAGCCGGAGTGTCTGATGCTGCCTCTTTTTGTTCAAACGGTTCTTGTCATTCTGGGTGTGCTCTGCATCGGCTATGCCATTAAGCGCGTCATCAAGCAGAAAAAAATAGACTGTCTTGTGTTTCTGCTTGGCGGACTTGTGCTCATCTTTGCCGAATACTTTGCGTGGATCGACGGCTACTGGCTGTCGGTCATCAAGTTCATGGGCCTCAACATCATATTTGCCACCAGCCTGAACCTCGTGAACGGCTACATGGGCGAATTTTCATGTGGGCACGCGGGCTTTATGTGCGTGGGCGCATACGTGGGCGGGTTTATTTCCATCATTCTGTTTACCAAAAACAAAATGCTGGGCGCGCCTCTGCTGCCGCCCGAGCTTGCTCCGCTGCTGTTTCCCTTTGTCCTCGCTGTTGCGGGCGGGGTGGCGGCGCTGTTTGGTCTGCTGGTGGCCCTGCCCTCGTTCAAGACGCGCGACGACTACCTGGCCATCATTACCATCGCCGCCAACTACATTATTATTTCGCTCATTATTAACATCGACTTTGTGGGCGGCCCGCGCGGCCTCACGGGCATGCGCGGCGTTGTACGCGCCATGGAGGGCGTGGCAGACATACCCTGGATGATGATCTGGACACTGCTGGGCGTGATGGTCACAACCATGATGCTGTACCGGCTGGTCAACAGCACCCTGGGCAAGGGCATACCCGCCGTATGTCAGAACGAAGTGGCCGCGGAGATCATGAGCGTCAACACCAAGAAGGTAAAACTTGTGGCCTTTATGGTCTCGGCGGGCATTGCGGGCGTGGCGGGCGCGCTGTACGCGCACATGTTCAGCTCCATCTACGCCAACAGCTTTGGCATCATGAAGTCCACTGAAGCCATGGTCATGGTCTATCTGGGAGGCATGGGCTCGCTCTCCGGCTCGGTGCTCGCAGCGATCATGTTTACCCTGCTCATCGAACTTTTGCGCTTTGCTCTGCCTGCCATGAACGACCTGGCGCACATGCTGCCCTTTGTGCCCAATTCATTCAATATCAGCCAGGAATGGAAGTGGGTCATCATCCCGCTTATTCTTATCCTGCTCATGCAGTTCAGACCCGAGGGCCTGCTGGGCAACCGGGAACTGACCGACGCCTTTCCCAAACTGAAACGGCTGATAAGCTTCGGCAAGCGGCCCTAGAACGGCTGCCCCAGGACGGCGCGTCCCAAATGCGCCATTGATGCAGATACAACCAGAACGAGTGGGGGCTGACCTTGGCACTGCTTGAAATGAAAGAAGTCACGCAACGCTTCGGCGGGCTGATTGCGTTAACGGATTTTTCCATCGCTGTGGACGACCACACGCTGGTGGGGCTAATCGGCCCCAACGGCGCGGGCAAAACCACGGTTTTTAATCTGGCTTCGGGCTTTTACCATGCCACAGAAGGGCAGATTATCTTTAACGGGCAGACATACGACAAGAGTCTTGAACCGCACCAGGTCACGACCATGGGCATGGCCCGCACATTTCAGAACATCCGCCTGTGGAACGACATGACCGTGCTCGACAATATCTGCGTGTCGCAATACCACAGGCTGGGCTATGGCCTGATTGACGCGTGGCTTTGCAACGAGCGCTACAGCCGCGAAGAAAAGCGTGTACGCCAAAAGGCCGCAAAGATTCTTGAAATCATGGAACTGGGCGACGTGGCCAACGAGTTTCCCAAAAACCTGCCCTACGGCCTGCAACGCCGGGTAGAGCTGGCCCGCGCCCTGTCCACCGACCCCAAGCTGCTGCTGCTCGACGAGCCCGCCGCCGGTCTGAACTCTTCAGACGTGGACGGCCTGATCAAGCACATCCGCTGGATATTTGACGAATTTAAAATCGCCATCTGGATGATCGAGCACCAGATGAAGGTGGTCATGTCGCTGTGTCAGCACATTACCGTGGTTGAATTTGGCAAAACCATTGCCAAGGGCACACCGCAGGAAATTCAGTCCAACCCCGATGTCATCAAGGCCTACTTGGGCGACGAGAACGT
CP036295.1_gap69	2931264	2934943	3679	GGTTGTTTTGACGGAAAACGGCGTCTTGCGGATAAAATAGGCCAGCACAATAATCATCCATGTGCCGGTGAGCACCACTGGCCCTTTATTATATGACGCGGCCAGCGCAATACCCAACACAGAACCGGCTATGACCAGCGGCAGCATCATGGCCAGATCAAGAACATAGCCAGCCACCCCGCCTTTGCGCACCACCAGATAGCTTACGGCCAGACCAAATACCATACCGATAACCGTGGCCGTTGTGGATAGAAAGAACGAATTGAGAATAGGCCGCGGCGCCACCTGAAGGGCAATCAGCAGGTTATCGAGTGTAAACTGCCCGTAGTACATGACCGGCCCGTTTGTTTTCGTAACAGCAGCCACCATGACCACGGCAAACGGCGCCAACGAGATAAAGACAATACCGGCGCAGAACGCCCAGGCCAGCTTTTTGCCCAGGGGAGACAGGGTTTTTATTTCAGGGGGCCGCAGTGACGACATGGCATAGTTTTTTCGCTCTACCCACACTTTTTGCAGTACGGTCAGAATCAGCGTCACGACCACCAGCACCGTACTGAGCGTGCCCGCCATTGAGGGGTTGCCCCCCATTTCGCTGACAAACTCGCTATATGCCTGCTCAGCCAGCACCTTATAATCATTGCCGATAATAGTTGGCACACCAAAGTTTTCAATAGACATGCAAAAAACAATCAAGGCCCCGGATGCAATGGCGGGGGTAACCACCGGCAGCGTTACCGTACGAAAAACCCGCCATGGCGATGCCCCAAGATTGCGGGCAGCTTCTTCCAGCGACCTGTCCACAGAATTGATCGCTGCGGAAACCATCAGAAATACAAAGGGGAAAAACTGCAGGGTAAAAACCAGCACAACCCCCTGCCAGCCGTAAATACTGGGGATATGCAGGCCAAATTCCGCAAGCTGGCGGGTGACGATGCCATTGCGGCCAAGTAATAGCAGCCACGCTTCCGCCCCAATAAAGGTCGGCAGAATAAGGGGCAGCGTGGCCAGCGTGCGCAGCGTGGTAGCGCCGGGCAGCCTGTAGCGCGTGGTAAAAAAGGCAAACGGCACGCCGATAAGCACGCTAAATACCGTGGAAAGGCCACTCATGAACAGGCTATTGCCCAGACAGCGCCGATAAAAGGGGGTGCTGAAAACGCTGGCATAATTATTCCACGTAAACACGCCAGTGTCAGGGTCAAGCAAGCTGGCCTGAAAAATGGCGGACATGGGGTAAACTACGAGCAAAACAAGCGTCAGCAGGGCAAGCAGCAGAACCATGTTCCATGCGGAAAAAAGTTTTCGCAAGCACATCACACGCCCACCTTGACCGGACTGGTCGGCGAAAAGCAGAGCGTAATGGCATCGCCAACTTTTTTGAAATCTCCGCAGTGCAGCGCGGGAACATCCACCCGCAGCAGCGTGCCAAGAGCGGCAACCTGATACACCACCACTGTGCCCAAAAACATGACCTCATGAACATGCCCGGTAAAAACATTCTGCGCAGCAGAACCGGGCGTTACCTCGTGTATCCAGTCCGGGCGCAGCATTACGCTCATTGGCTCATGCAGCCGGGGTTGCACAGGGGCTTGGTCCTGCAACTCTCCATGGCTGACGCCATGGAAATTGCGCATGCCCACTTCAAACTCCTCCCCGCCGCAGAGCATACGGGCTAGGCCCTGAGCGGCATTCCAGGACAATGGCGTCATTTCCAGAATATTGCAGGAACCCATGAATTCTGCCGTAAACCTGTTGGCAGGCGAAAAATATATACCCTGCGGATCAGCCACCTGCTGCAGGCTACCGCCATAAAAAATGGCCACCCTGTCTGATACGGCCATGGCTTCTTCCTGGTCATGCGTCACATATATGGTCGTTATACCAAGGTGTTGCTGAATATGGCGTATTTCTTCACGCATGGTGACGCGCAGCTTGGCATCAAGGTTGGACAGGGGTTCGTCCATCAACAGCACGTCAGGGCGAATAACCAGGGCACGGGCCAGGGCCACGCGCTGCTGCTGCCCGCCGGAGAGCTGGCGGGGGTATCTGCCGCGTAGATCAAGCAGCTGTACAGAGTCAAGAATATCCATGACCCGCTTGTTGATAGTATCGCGCGGCAGTTTTCTGGCCTGCATGCCATAGGCCACATTGTCAAAAACCGTCATATGCGGAAACAGGGCATAGTTCTGAAAAACCATGCCCGTATTGCGACGGTGGGCAGGCAGCGAAAGAACGGACTTGCCCCCAAAAACGATATCCCCGCTGTCGGGGTCGTTAAACCCGGCAATCATGCGCAGCAACGTAGTTTTACCACAACCGCTGGGCCCCAGCAGGGTAAAAAACTCACCGTCGTCAATGGTCAGATTGACCTTGTCCACAACCGTGAGAGAGCCAAACTGCTTTACAATATCAATAAGTTCTATACGCACAAAAATATCCTTGTCTGCAAGGTCAACCTGCTTGCTGCCGCCAGCCATGGAGCAACCAGACCCAGGCGGGCAACAAAGCCTTACGGCAAGTCTCCGGCCATAAAAAAGGCGCGGAAGGGACCGCGCCTGAATGATCGCTACTGCTTTTGCAAAACCAGCTTTTTCCACTTGGCGAGCATGTCTTTTTCCAGAGCGTTGGCTTCAGCAGGATCAAAATCCTTGAGCATATTGAGCTCTTTCAGCGAGGGCATGCCCTCTACCGCTGTTGCGTCGGGCCGTGCAGGGCGACGAAAATACTTCTGGAATATGGCCTCCACCACAGGCCGGGAAAGCAAATAGTCCGTGAGGACCTTGGCTTCTTCGGGATGCTTGCAGCCGGCTACTATGGCGACTCCTTCAGGAGCGGCAATGACGCCGTCGGCGGGATAAATAACCCGCACGTTCTGCGCGCCGCCAGCCACATAGCGGTGAGCGGCGTATTCCATGGTTATGCCAAGGGCAAATTCGCCTTCGGCGGTTCCTTTGTAGACAAGGCTTGAGCTATCAAGGATTTTAACATTGTTAATGAGTTTTGTCAGACCTTCCCAGCCGTACAGCTTGTACAGGCCATACACCTGCGCATAGGCAGACCCGGATTTGAGCGGATTGGCCATGACCACCTTGTCCTTCCACTTGGGATCAAGCAGGTCGCTCCATGTTTTGGGCAACTCTGCAGCAGGCACAAGCTGGGTATTGGCCATGACGACCATCAGATGCATGTTGGCCGCCGTCCACTTGTGGTCCTTTTCGATGAATGAGACTGGCAGGCTGGCGGCTTCCGGCGAGGTGTAGGGCATGAAGTTGGCTTTGGCGTTGTCCAAAACGGCCACATCCCCACTCCAGAACACATCGCACAGGGGGTTGGCTTTTTCGGCTTCAATACGCTTCATGGCTTCGCCGGTGCCCATGCGGACCACGGTGAGCTTGATGCCCGTTTTGCTTTCAAAGTCCTGCGAAATGGCGTCCAGCATGTCCGGCTGGTTGGAAGAATACAACACCACTTCTTTTGCAGAGGCACGCATCGACGTGCCCAAAAATATGGCAAACAACACCAGTACAAAACACAGACGTTTGAGACAGGCCTTCATACTTCCCCCAACATGCAGCGATTCAACAAATAAACGTGCCGTCAACCACACCCTATCCTCAATCATGCCAGGACGGTATCCCCCCGCTGGCTGGTGGTCAAGGCAGGCAGACGGTTGCTTTGT
CP036295.1_gap70	2981800	2985606	3806	GCAGCAACGGCAGCAGTGGAGGCACGGGCGGCTACAGCGAAAGCACGGGCGGCGGAGGCATGAACACCACCCCAAAACCCGGTTTTACCGAAACCTGGGGGGGCGGCAACAAGGGCGGCCTGCAGGAGCGCAACCTATGAGTGAAGCAAAAAGTGGTCTGAACACCCCCTTTGACCAGAGCACCCACTTTGAACGCAAGCGCCTGCACCTTGGCGTGTGCGGTTCCATTGCCTGCTACAAGGCCGCCGACCTGCTGCGCGCCTGGACGGGAATGGGCATCCATGTTTCCGCCACGCTCACGCCCGGCGCACGCCGTTTTGTGACGCCCCTGCTGTTTGAGTCGCTGGGCGCCCTGCCCGTATACGAAGACATGTTTTCGCCGGGGCAGGATGTTTTTTCGCACCTTGAGCCGGGGCAGCACGCCGAGGCCATGGTAGTTGCCCCGGCCTCGGCCGACGCGCTTTTTCGTCTGGCGCACGGCGCTGCCAGCGACATGCTGGCGGCGCAGGCTCTGGCCTTTGACGGGCCGCTGATCATCGCCCCGGCCATGAACCCCCGCATGTGGAGCAACCCTGCAACCCAGGCCAACATAGACATTTTGCGCCAGCGCGGCGCACGCGTCGTGACCCCGGCCTGCGGCGGCACGGCCTGCGGCGAGCAGGGCGAGGGACGGCTGGCCCCCCTGCACGACATTTTTCTTGCCGCCTTGCGCGCGCTTGCCCCGCAGGACATGGCCGGCAAGCGCGTCATGGTCACGCTGGGCCCCACCCGCGAGGCCTGGGACGGCGTGCGCTTTTGGTCAAACCCCTCTACCGGCCTTATGGGCGCGGCGCTGGCGGTATGCGCGTGGCTGCGCGGCGCGGAGGCGACGGTTGTCAGCGGCCCCGGCGTGCGCGTGCGCCTGCCGCGCGAGATAGCGCGCGTGGACGTGGTAAGCGCACGCGACATGTTCGAGGCGGCCTCCGGCCTTTGGCCCAACATGGATATGGGCATGTTTACCGCTGCGGTGGCGGATTTTTCGCCCCAGCCCTTTGGCCCGCACAAATTCAAAAAAATCGATGCCCCCGACGGCCTCACTGTGGCCTTTACGCCCAACCCCGATATTTTGCGCACCCTCGCCCATGGCCGCAAACCCGGACAAAAAGTGCTGGGCTTCGCCGCCGAGACGGCCCCCGACATGAAGGCCCTGCTGCCGCTGGCCCATGCCAAGCTACAAGGCAAAAAGGCCGATGTGCTGGCCGCCAACCGCATTAATTCCACCGACAGCGGCTTTGGCACGCCCACCAACGCCATGGCCGTCGTGGACGCCGCAGGGCATGAAGAAATCTGGCCCACCCAAAGCAAGGCCGATGTGGCCTGGGAACTGTGCTCATGGCTTTTGCGTTCGTAAACCCTATCAGCGCACTGTGGCAGCGCCGGGGGCTTACCACCCTGCTCATGCCCGAAGGCTACAACGCCTTTGCCGCCCCACAGCAGGAACACGCCCGCGCCGTGCACGCCAACGGTCAGGCCGCGCCGCGCCCAGGGCAAGCGTATTCGGCGCAACCGCGCGCGGGCCAGCCCGTGCGCGAGCGTCAGCCGTGGCCGCAAAGCGCCCCGCAATCCGCAGCGGGAATGCACGGCGGAGCCAATCAGGACACGCCGCCCCGGCAGCGGCCCCAGACCGCAGGGCAACCCGCCCCGCAGGCGGCTGCGTCGCAACATGCCGCCCAAAAGCCGGACCAGCGGAGCGCCGTACAGCCCCAGAGCAATGAACCCCGTCAAAGCGCGGACCAGCCTGCTGGTTCTTCGTGGCTGCCGCTGCCGCCTCACGTGTGGCCAGCGCCCTGGCAGACGCGGCTCACGCAAACCCGCCCCGGCCCCGTGCTGTGGACATACTGGAACCTGGGCCCCGACCTGTGCGACCCGCAGACCCCCGGCAGGCTTGAACGCCGACTTTTTTTGCAGCGCCTGCTGCAGGATCTGGGGCACCCGGCGGGCACGCATACCTTTTGGCCTTCGTGCCTGCCGCCGGATCCCGCCGCTTTGCCCGCACCAGATGCGGCCGGAGTGGATCAGCCCTATGCGGCCAACCCCGATGTTTTCTGGTCCGGAGCCATGCAGCTCAAAGCCAGGGGCGTTGTGGTCATGGGTTCCGCAGCGGCCAACGCGGTGGCGCTGCCCGGCGGGCTTCGCCCCCCGCAGCAGATCCGTCACAGGGGCAAGCTTGTGTGGGTGCTGTGGGACGTGGACAACCTGCTGCGGTCTGACCAGCGCTACGCCTCCATGCTGGCCCTGTTGCGCGAAGCCCTGCGCCATATTTTGCGCTAGCTGACGCCTCACCTTTATGCGCCGCGCGCCAGCCGCAAACGCTGACGCCAGATTCCGCCGCGCCATGGACGCGGTGCTCAGGAGAATGTTCTCTCATGTTTATCGCGCTTGGACTGACCTTTCTTGGTATGGCCCTGGGCTTTTTGCTGCGCGGGCAGCCATGGATTACCTGGCTGATCCGTTGCGTCACCCCCGCCATCATGCTGCTGCTTTTTGCCCTGGGCATCTCTGTGGGCGGCAATGAAACGCTCATGCAGTCCCTGCCCCGCCTTGGCGGCGCCGCCCTTGCCCTCACGGCGGCGAGCATCCTGGGCTCCTTTGCCTGCATGGCGCTCGTAAACCGCTTTTTTCCCCAGTCTCCAGCCCCCGCGCCGCTGACGGGCAAGCCTGATGCCAGCAAGAGCACCAAACCGGAGCAGCAGGCATGAAGGGCAGCCTCATTATCCTGTTTTTTTTCTGCTCCGGCGCGGTGCTGTCCCGTCTGGGGCTGATACCGGCATATCTGCTGGAGCACGACTGCACGGTGTACGCCCTGTGGCTGCTCATGCTGCTTGTGGGCATTTCAATCGGTTCAGACCGCAGGCTGGGCGAGATTTTGCGCACCCTGCGCCCGCGTGTGCTGCTGCTGCCCCTGGCCACCACGGCAGGAACCTTTGCGGGCACGGCCCTGGCGAGCCTGTTTCTGACATACAGCGTGAGCGAATGCATGGCCGTTGGGGCCGGTTTTGCCTACTATTCGCTGTCGTCCATCTTCATCTCGCAGTACAAGGGCGCGGAGCTTGGCACCATCGCGCTTATCAGCAACATCGCCCGGGAGCTCGCCACCCTGCTGCTCACGCCGCTGCTGGCGCGTTACCTTGGCCCGCTCATGCCCATCGCCTGCGGCGGGGCGTCCACCATGGATACCACGCTGCCTGTCATTACCCGTTACTGCGGCAAGGAATGGATATTTGTTTCCATTGTCCATGCCATGATACTTGATTTCAGCGTGCCCTTCTGGGTGATTTTTTTCTGTACGCTTTAGGATGCCAGATCCGCGCTGCGGCAAAGCCGCACCTGCCCCTCCACCCGTGCCCATCCTGCTGCGCGCGGGCGGACGAGACCCCGCCCATCGGCGCAATACCTTGCCAGATCGGCCAAAAGCGCTCACTATGAACGCAAGCCTGAAAACAGACCGTTGGAGGAACTGCTCATGGCTCGCATGCGCTCAGCAAAACAAAAACTCAGAGAATGTCTTTTAAGCCAGCAATGGCGCGAACACCTTGACGAAATTTCCCAAGGCGGCCTTGAAAACGTGGGCCCGCTCTTCTCCTTTTTGCTGCTCGGCCCACTGACCATGCACCGCGCCGCCGTCGCCCTCGGGCAGATAACGGCGCTGTTGGCCAAGGATCAGCCGGAAACGGCCAAGAACATCGTCCGCCGCCTCATGTGGCACCTCAATGAAGAATCCGGCAACATAGGTTGGGGCATACCCGAGGCCTTTGCCGAAATTCTCG
CP036295.1_gap71	3004682	3009171	4489	CCCCGAACACGAATCCGAAGAGTGGGTTCGCGTGGACAGCAACGGCAAACCTCTGGCCGACCAGGCTCCTTCCGCCGAAGAGCTGGAGGCCCAGCTGGCTGGCGCCAACCGCGCCCACACCGAGACCCTCGGCGACGCTTGGGCTGTGCTTACGGGGCAGAACCCGGCCGCCATCATGGGGCAGATCGCCGCTACGGTCATGCACGAGGGCGGCACGCGTCCCGCGTGGCAGTGGAAGCGCGGCGGCAAGGACCACATCCTGCTGGCCTGGCCGCAGGAGCAGCCCGTGAGGGCTGGCGTGCTTGTGGCAGGCGTTGAGGGCGAAAAGCTCGCCCCCGTCACGGCCACCCCCCTGCTTGAGGGCCTGCCCAACGACCTTACGGTTGAAGAGGTGCACCCCTGGCAGACCGGCGTGGAAGCCAACGTGGCCGTCAGCATGCTTGAGGGCAAAAGGCCCATGTGGTTTTACGACCCGCTCTACAGCCGCGACAAGGACGACCTTACCCCCGGCATCACGCATACGTTTTTGCTGGCCGGTCTGGCCTTTGGCCTGCGCAAGGCCCTGCTTGACGAGATCACCATCACCCAGGGCGCGCGCTACGAGGCCTACGCGGAAGCCTGGCTTGCCGACAACCCCGGCACGACGCGCCTGGACGTCCCCCCCCTCAAGGTGAATGTGAGCAACCGCCACATGATCATGCCTGGCCGCAACTTTTGCGAATACCAGATGCGCGCCACCATTGAGGAAGTGCAGGACTGCCAGCTTGAAAAAATGCCGGTAAAAGTGCTGTACGTGAGTTTTCCGTTTGACGACCGCGAGCCATTGCGCCTGCCGGTGTACGTCTCCAAAATGGTTTTGGGCGATTATGAGCCTGAAGTCGGGCACGAGGTCGATGCCTATGTGTGGCTGCAAGGCCGCATCATTGACATGGACCAGGGTCCGCAGCAATAATATAAAGAAGGGCCGCGCCCCCCGCGCGGCCCTTCATCTTCTGCCGCCAGTCCGTCCTGCCGCCAGCATTTGCGGCGGCCTGCGGCAGAAAGCCCTACGGGGCAAACGGCACTGTTGTACAGGCAACAACCTTGCAGCTGCCACACAGGTTCAGGCCTGATCAATCTCTCCCCCCTCAGTCTGCACCCGCGCGTATCATCCGCCGTGATGTTTCAGCTTTGCCGCCTTGCCGGTCAGAGCGCGGCACTTAACGGCATTATCGTCCATATCAGGCAGCATCCGGCTGCATGCAGCTATGGACAAAGCCCGGCAACTTAGCAAAACTAGCGCCGTACCAACACCGCGTTGAGCAGAGGACATATGCAAGAAGCCCACTTTGCAGCGCCCTTCATGGGCACGGGGCAGTGCCTTGATACCCTTAACCGGGTCTTGGCCGCCCTATCGCCGGGCCATTCGTTTCACGATTCGTTGCGCGAACTGCTGGCGGCACTGGCTGAAGACATGCACTTTGACCGCCCCCACATCGTGGTGCAGGACCCGGAAAGCGGCGAACTCAAACTCTCGCTCTCTTATGGCCCGGCAGACGCGCCCGAGGCGGCCTACGAGCCGGGTTCGGGCATTACGGGGCAGGTTTTTGCCGAGGGCAGACCCATTATTGTTTCCTGTATGCAGGGACGCCCCGACTTCCAAAACCGCCTGTTTGGCCGCAGTCAGGAAGAAATGTCGCGGCTGGCGTTTATCAGCGTGCCCGTGCGCGTTGAAAACGCCGACCAGAGCGAGGTTATCGGCACGCTGAGCGCCGACACCCCCACAGCGCCCGATACGGAGCTCGACCTGCGCTGCCGGTTTCTTGAAACCGTGGCAACCCTTGTGGGGCGTCAGGTGGCGCGCCTGCAGGAAGAAATGGCCCGACAGCACTTTTGCATGCTGCCCGACGAACCCCTCGTCAGCGGCATGCCCGCCTCGGTTATCGCCACTTCCAAAAGCCTGCGTCACGTGCTGCGCCGCCTCACTCAGGCCGGGGCCAGCCGGGCCACAGTACTTTTGCGCGGCGAGTCGGGCGTAGGCAAAGAGCTGATGGCCCAGGCCCTGCATTCCGCAAGCCCACGGCGCTCGCAGCCTCTGGTCATGCTCAACTGCGCCGCCCTGCCCTCAGAACTCATCGAAAGCGAGCTTTTTGGCTGGCGCAAGGGCGCATTTACCGGCGCGGTACAAAACCGTGCAGGGCTCTTCCGCCAGGCGGACAAGGGCACGCTGTTTCTGGATGAAATCGGCGACCTCTCCACAACAGCGCAGGCAAAGGTGCTGCGCGCCCTGCAGGAAGGCGAAATACAGCCTCTGGGCGACGAACGGCGCTACAAGGTGGACGTGCGCCTGGTCTGCGCCACCAACCGCCCGCTCGAAGAACTGGTGGAGCAGGGGTTGTTTCGCGAGGACCTGTACTACCGTATCAACGTCTTCCCCGTGTTTATCCCGCCGCTGCGCGAGCGGCCGGAGGACATTCTGCCCCTCACCGAGCATTTTTTGGGCATGTTCAGCAAGGAATACGACCGCCCGGTGCGGCGCATCTCCACGCCCGCCATCGACCTTTTGCTGCAGTACCACTGGCCCGGCAACGTGCGCGAGCTTAAAAACGTCATGGAACGCGCCGTGCTCATCTGCGAGGATGCAGTGCTGCGGGCTCACCACCTGCCAAGCACCCTGCAAAGCGCCGAGAGCAGCAGCACAGGCCCCACCGGCGGCGGTCTGGGCTTTAACGAAACCATCGCCCGCGTGGAACAGGAATTTATCGTGGACGCCCTCAAAAACGCCCGGGGCAACATCCATCAGGCGGCGCGTGACCTTGGTATAACATACCGTATTATTTATTATAAAATGAAAAAATACGGTATTGACCATCGCCGTTTCGCGCCCTCCTCGCCAACCTAGCAATCCACGGCCCACGCCGGGCTATAGGCATTGTCCCCCAATATAAAGACCCCGGTCAGACAGCTGCAAACCTGTCTGGCCGGGGTCTTTTTTCTGTTGTTTTTAGCAGCAACGCCCGCAAATACCGCCTTCGGCAGAGCAATTATACAAAATTGTTTTAAAAATACGGCAATTTTACAAAATTGTTTTATAGACAACCGGGGCCTGCAATTTTTAATAAATAATTATAATGATTTATATACAAACGCCCTCTGGTACGGCTCTTGCTTATCTGTGAAGTGAAGCAAGTAGCGCGCGGCAACCATGGGGGTGCGCCGCGTGAAAGACAAATGACAGAACGGTCCAAGGAGGCTTTACATGTTCAAGAAAACATTGGCGGCGTTTGCTCTCATGCTCGTCACCCTGTGCGGCGCGGTACACGCCAAGGCAGCGGACGACACCATCAAGGTCGGCATTCTGCATTCGCTCTCCGGAACAATGGCCATCAGCGAAACCACGCTGAAAGACGTCATGCTCATGCTCATTGACGAGCAGAACAAAAAAGGCGGCCTGCTGGGCAAAAAGCTGGAGCCCGTGGTGGTGGATCCCGCCTCCAACTGGCCCCTGTTTGCCGAAAAAGCCCGCGAGCTGCTGAGCAAGGACAAGGTCGCCGCCGTTTTTGGCTGCTGGACCTCGGTTTCGCGTAAATCCGTGCTGCCTGTGTTTGAAGAACTCAACGGCCTCCTTTTTTACCCCGTGCAGTACGAGGGTGAGGAATCCTCGCGCAACGTCATCTACACCGGCGCGGCCCCGAACCAGCAGGCCATCCCCGCTGTGGACTACCTGATGAACGACCTCGGCGTTAAACGCTGGGTTCTGGCCGGTACGGACTACGTGTTCCCCCGCACCGCCAACAAGATCATCGAAGCCTACCTGATTTCCAAGGGCGTGAAAAAGGAAGACATCCTTATCAACTACACCCCCTTTGGCCATTCCGACTGGCAGTCCATCGTTGCTGAAATCAAAAAGTTCGGCAATGCGGGCAAAAAGACCGCCGTGGTCTCCACCCTCAACGGCGACGCCAACGTGCCTTTTTACAAGGAACTTGCCAACCAGGGCATCACTGCCGCCGACATCCCGGTCATGGCTTTCTCCGTGGGCGAAGAAGAACTCTCCGGCATAGACACCAAGCCTCTGGTGGGCCATCTGGCCGCCTGGAACTACTTTATGAGCGTGGACAACCCTGCCAACAAGGCCTTTATCAAAAAGTGGCACGACTTTACCAAAAACCCCAAGCGCACGACCAACGACCCCATGGAAGCCCACTACATTGGCTTTAACCTGTGGGTGAAGGCTGTGGAAAAGGCCCAGAGCACCGACGTGAACAAGGTTCTGAAGGCCATTGTGGGCCTTGAAACCCCCAACCTCACCGGCGGCATGGCCAAGGTTCTGCCCAACCACCACATCACCAAGCCCGTGCTGATTGGCGAAATCCAGGCCGACGGACAGTTCCAGGTTGTCTGGGAAACCCCCTCCGTGGTTCCCGGCGAGGCATGGTCGCACTACCTGCCCGAATCCAAGGACCTGATCGGCGACTGGACCGACCCCATCAACTGCGGCAACTACAAC
CP036295.1_gap72	3100695	3103851	3156	CGCTGGACGACTGCTCGCTGGTAACGCAAAAAGGCCTTGAGGGCAGCGTAAACATCATGACCCGCATACTTGAGGCGCTGGAAGAAAACGTCACCTACGAGCCGCGCGTGCTGTGCGAGCCGCAGCTGGGCAAACGGGGCCTGTACCCCACGCTGAGCACCAAGTCGTCCTGTACCGAGCAGGTTGATCTGATGATGGATCTGCTTGCCTACGCCGACGGCAACACCTCTCTGCTCGAAGAGGCCGACATCGTGGGGCGGGATATCTTTCGCTGTGCGGAAACCATGCGCAAGCTGGTTGAAAAGGACGTGCTGGCGGTCAAAAAATGCTGATCCGCTAAAGCGGCAAATACAGCGCGGCAGGGGTTTGGGCCTCTGCCGCGCTTTTGTTTTGGCGCATCTGCCATGTCGCGTCCATCTGGGCGCGCCCCGTGGCGTTTTCTACAGATCCCACCCCTGGGTCACTTCCCCGCCCTGCTTGTAGCGGAAGTCGCACACCTTGCCGCCGCTGGCCAGCGTGGTGGTGCGCGCAAGCCCCGTGCCCTCGGCCCGCGCGGTAGGAAAATCGATCTGACAGGGATAGGGGGCCAGCTCCGGCACGCCCTGGGCGGCAAAATACTTCATCAGCCCGCATTCGGTGTAGTCCACGCCAATATCAAACCCGATGCCGTCCCCCCTAAAGACAGTCTGCACCCAGTCAAGGGGATAGCGCCGCTGCTGGCTGCGCTGGGCCCAGGCCTGCAGCAGGGCAAAATACTGCGGCAAAAAAAATCGCTGCCCGTTGGCGCGGTACAGCTCCTTTTGCTCCGCGATGCTATACCCGGCCAGGTCATACACGAGCTTGCCCACATCCCTCGCGCTGAAGCCGTGGGGCCGCATGGCCGCATACAGCGCCACATACTGCGGCCCCACCAAAAAGCTGGGGTAGGTCAGGTTTTCCGGCCCGCCGATGTCAGGCAGGGGCAGCAGGCGCGCGTGAACTTTTTTTGCCTCGGCAAACATGGCGCTCAGGTCCTGCGCCGGGCGCTGACCGGCCAGCATCTGCTGCGCGCCGTCGCACATACCGGCAAACTCGGCGTTGAGGGCCTCGTCGCTCACAGGTTTGCCAATACCCTGAGCAATGGACGCCATGCAGGGGCAAGGCAGCAACAGGGCGGCGCACGCTCCCAATGCAAAAGAACAGAACTCGCGGCGGGTAAACCTGGCTGTGCGGTGCATGACGGCTCCTTTGGCGCAAGGCGGTGCGGTTGCGGCTTACGGTATGATCTGCTTATAGCGGCAGCCGCAACGGCTGTCCATGTGGGCTACTGCGGCGAGGCCGGGTTTGCGCCCGGGCAAAATATTTTTTAATTTTATTATATTATATATAAAACATAACTAGTGTTTGTTAATTCAGCAAGATAGCCTATACGGTTCTACTATCATACTAGCATACCATATTGACACTTTTGCATAACTGGTTCATGCAGTTCTGCTGAGATGCGAAAGACAGGCAATGCAGTGACCGTTGCAAGGCCATTATTACCTGTTGCCCTTATGATAAGCCCGCCGAGGAACAATCATGCCAGTGCCCTTTGCTGTCACGGTGCTGCAGTACCAACAAGTGCGCCTTGTTGGCGTGAGTATACACACGACCCTGCACAAAGCCCCCGTCGACTGCCCCCGTTTGTGGAGCGATGTTTTTGCCCACCGCATGCCGGAGTTGAGCGGCAAGGCCCAGAACGCATATCAGGGGCCATCGTACGGGGTTTCTGTCTTTACCGACCACAAGGGGCTGGCCTTCAACTATTGGGCGGCCATGGAAGCACCGGACATTGCCGAGCCGCCCATGGGCATGAGCGAAGTTATTCTGCCGGGGGGCTTGTACGCATGCTGCCGTATACCGGCTCCGGGCATGCTCCGCGAGGCCTACGACTATATGTATGATGTATGGCCGCAAACGGCCGAGGGCTTTCCCGTACAGGTCGACAAACCCTGCTTTGAACGCTACGACAGCCGCTTTTTCCAGTCTGGCACGCACGATGTGTACGTACCCATTCTGCCCCGCTGAGCTTGCCTCTGGTTTTCGCATAATCATTTTTCGACCCGCCGTCTGACCAGCACGGCGGACAGGCCTGCCGTGGCCAGCCAATCCGCGCCCTGCCTGCAGGAAAAACTGAGCCTGCGCTTCTGTGGCAGCGTGCTTTGCGGCAAAATAACGGCGCACAATAGCCCGGCATACAAAGGCGAAACCCTGGCCGCAGAGCGGGGCTGGGGCCATACGGAATAGCGGCTTTTTCGCCCCCGCCAGCCTTGCGCCATGCGCCCGCCCTTGCGCGGCACTTGGCCTCGCCGCCGATTGACGCTAGACTTGCAGTACGGTTGCGTATCAGCATAAGCGCAGCCGTCGCTACCCCACCAGCAAGCGAGGCGACCCATGATCATGCCCGCATTTTACATCCCCCACGGCGGCGGCCCCTGTTTTTTTATGGACTGGTCACCGCCGGACACATGGAAGGCCCTTGGCGACTGGATGCGTAGCATCCCCGCCGCGCTGCCCGCCCAGCCCAAGGCGCTGCTTGTTTTTTCCGCCCACTGGGAGCAACCGCAGTTTACGCTGCTCTCCACGCGCGATCCCGCGCTGTATTATGATTACTACGACTTTCCGCCGCATACCTATGAATTGCAGTGGCCAGCGCCGCCAGCGCCGGAGTTTTTTGACCGGGTGCGGCAGTGCGTGCGGGCAGCGGGCATGACGCTGGCAGAGGACAGCACCCGCGACTTTGACCACGGCGTATTTGTGCCCGGCCTGCTGATGTACCCGCAGGCGCAGATGCCCACGCTGCAGATCTCGCTGCGGCGCGGGCTCGACCCGCAGGAGCATCTGGCCCTTGGCCGCGCGCTGGCCCCACTGCGCAGCGAGGGGGTGCTGTTTGTGGGCAGCGGCATGAGCTTTCACAATATGGGGGCCTTCCACTACAGAGACAACACGTCCATTGAGGGCGCGACGATTTTTGACGACTGGCTGACAAAAACCGTGTGTAACCCGGACGCCGCCTTGCGCAACGCCGCCCTTGCGGAGTGGCAAAAAGCCCCCGGCGCACACTTTGCCCACCCGCGCGAGGAGCACCTTATCCCCCTGATGGTGATTGCCGGGGCCGCAGGTGCGGCGCAGGGC
CP036295.1_gap73	3138584	3139293	709	TACGTTCAGCCTGCAGATTGCCCGCTGCTTCGAGCTGGCGGGTTTTACCCCCGAAGACCGCATGCAGCTGGCCGTGGGTTACGGTCTGTGGACCGCCGGTGCGGGGTTTCAGGCTGGCAGCGAAAGGCTCGGCATGCTGACCGTGCCAGTGGGCCCCGGCAACCTTGAGATGCACCTGCAGCTTTTGGAAGATCTGGGTTCCACCGGCTTTACGGCCACGGCCTCCATGGCCCTGCTGCTGGCCGAAGAAGTGGAACGCGCGGGCCTGCGCAACAAGATCAAGCTCAGGCGCATGGTCTGCGGTTCTGAAACCCGCAGCGAAAAAATGCGTCTGGCCATCGAGAGCAAACTGGGGCTTGAAGGCTGTTACGACATCGGCGGCATGACCGAAATGTACGGCCCCGGCACAGCCATAGACTGCGACGCCCACGAGGGCCTGCACTACTGGGCCGACCTCTTCATCATCGAAGTGCTCGACCCGGCCACCATGCAGCCCGTTGCCGAGGGCGAAGTGGGCGAAATGGTGGTCACCAGCCTGTGCAAGGAGGCTGTGCCCCTGCTGCGCTACCGCACCCACGACCTTTCGCGTCTGCTGCCGGGCAAGTGCTCGTGCGGGCTCGACATGCCCCGGCATGACCGCATCCTTGGCCGCTCGGACGACATGATCATTTACCGCGGCGTCAACATTTACCCCGGCCAGATCATGGAA
CP036295.1_gap74	3248392	3251192	2800	TTAAGCCTGAAGTACAGATCCTGCCGAAACTTGCCCTGCTTGACCCAACCCTCAAGATCGCGGTTGGTGGTGGCAAGCACGCGCACGTCGACCTTGATGGTTTCCGTGCCGCCCACGCGGTCTATCTCACCTTCCTGCAGCACGCGCAGCAGTTTGGCCTGCAGGGCCATGTCCATTTCAGAAATTTCGTCCAGCAGCAGGGTGCCGCCGTCGGCCAGCTCAAACTTGCCGGGCTTGCGGGCTATGGCTCCGGTAAAAGCGCCTTTTTCGTGCCCAAAAAGTTCGCTCTCAAGCAGATGCTCGGGCAGGGCGGCGCAGTTGACGGCCACAAAGGGCTGGTCGGCGCGTTTGCTCATGGCGTGCAGATAGCGGGCAAACATTTCTTTGCCTGTGCCCGACTCGCCGGTAATCAGCACCGTAGCGCGCGAACCGGCAACCTGTCGCGCCAGCTGCAGCACGCGAGCTATGGCCGGGTGCTCGCCCACTATGCGCGGGCCCGTGCCTTCGCCAGGGCGGGGTTTGTGGCCCCCAAGGGTAGAAACCGCAGGTACAGCCGCAGCCTTGCGTTTTTGCCCGGCTACGGCGGCAATGCGCTCCACATCAAGGGGTTCAAGCCAGTAGTCGCGCGCCCCAAGGCTCAGCAACTTTTCTGCTTCTTCAGCGCTGCCTTTGTCTGTGATAACTATGACGGGAGGAAAATTGGGGTCTTCCGCGCCCACGGCAAGCAGGTCTTCAACCCGAAAACCGGGTAATGATGGACGCGAAAAAATAACATCAGGGCCGGATTTTTTTATAAATACGGACGCGCCCTTAAGATTTTCTGCAATGCCAAGCTCAAAACCCGCGTTGCGCAACGCAGGAAAGACGGCAGTAACAGCCGGAGCGGGGGTAAGAAAAAGCAAGCGGCGCGGTGACATAAGAATTTGTGTATCTTTTCGTGCTCCACAATGCAACCGCTTAAGCCCCAAAACAGGCTGTCTTCGGCCACTTGCGCTTTACATGAAACCCTGCGGCCTGCCTACGCCCAGCCGCTTGCAATGGCGCTCATGCCCAGCAGGTTTTCGGCCGAGAGCCGCCACTGGGTCTGCATGAACGACTTGGCGCTATCCTCCTGCAGCAGGGCGTCGGCGGAAGCCGTGCTGTCATCAAGAATGGAAGGATAATACGTAATAAAGCCGGGGTTATCGGGCATGCCGGGAATCACCACAAGAGTCAGACCGGACCCAGGCTCATAATAGGTCATGATACGCCTCCTGCACGAAAAATACTGCCATTATGCACTCTGCCTGGCGTTAAACCAGACAAAAAATACACCGCTCTGGTAACCACGTCAGTTTTTGTGCTTCCTTTTATGTTTTTCGGCTTTTTTTGCTGGCTCCGGGGTTTTTTCCTGCTGCGGTTGCTCCATCTGATCGGGCACGATGCTGTCCACAGTATATTCGGAAAACGCCTGCTCGCCCTTGAGCAGAGCCAGCTCCTGCGCCATAACCTTTTCAAAGGCGGGCATGGCGCCTCTGCTGACCGGCTCGCCCCGCGGGTTGATGGCCTTGGCCGGGTTGATAAACCTGCCGCCCTGACGCAACCTGAAATCCAGATGCGGCCCCGTGGCCAGGCCTGTCATGCCCACAAAACCAATGACCTGCCCCTGACGTACCTTCTGGCCGTTTTTAAGCCCTCTGGCGTAACCAGAGAGGTGCGAATACAACGATTCAAGACCCCCGCCATGGCGCACGATAATCTGGTTGCCGTACCCCCCGGACCAGCCGCGCTCCGTCACCACGCCCTCGCCTACGGCCTTGACCGGCGTACCTGTGGGGGCGGCGTAATCCACGCCTTCATGCGGCCTGCTATAGCCCAATATGGGGTGCAGCCTGCTGTTTGTAAAGCGCGAGGTCACGCGCGTAAACGCCAGGGGAGCCTGAAGCAGCGACTTGCGGACATTTTCGCCCTTGCGGTTGTAATAACTGGCGGCCCTGTTGCCCTCGCGGAACAGATAGGCCTCAAACATCTTGCCCTTGTTGGTAAAGTGCGCCGCTATGATGCGCCCATAGCCCTTGTATTCGCCATCGCGGTAGCGCTTTTCGACCAGTACCGAAAAAGAGTCGCCTTCCTGCAGATCGCGGATAAAGTTGATCTCCGAGCCAAACAGCTCCGCCAGCCGCAGGGCCAGCTGCGGATTTTCACCGGCGTCGGCCACAGCCTGAAACAGATTGTCGTCGATGGCGGCGCTCACGCTGCTGAGCAGGGTAATATACTCGATGGCCTCTACCCGGGCCACCGGCTGCTCCGTGCCCTCGACCACCAGCCTGCGGCGGCTGTCTATCTCGTATTCAAAACGTTTTACCTTGCCCGTGGCCGCCTCGGTAACCACCACATAGGGTTGACCGTCGCGAAAAGCGCGCATGGAAAAAACCCGGCGGGCAGCGGTTATGTAATCCTGCACTGTCTGGCTGTCCGCGCCAGCAAGAATTTTGGTGACGGTGTCGCCTTTTTCCACAGTGCCCCTGACCACTTCTTCGCCTGGGGCGGCGCCTTCCTCATCCTGGGCAGTTGCGCCGGAGGCTTCCGCTCCCTCCGCAGACGGGTTTGCAGAGGCTGACGGTGCGGCGCTGTCGCCATTTGCGCCCGACTGCGCGGCAGGGTTCGCGGAACCAGCAACCGTGCCGCTGGCGTCGCCTGCGGTCGAAGCTTCGGAGCTTGTCTGGGACGTTGCGTCGGTCTGCCGCTCTCCAAACGGCGGCAGCAGCCCCTTGTGCCAGGCAAACAAACCCGCAAAAAGCAAAACAAGGACCGCACCGAC
