gap_id	start	end	length	sequence
CP030361.1_gap1	14812	18329	3517	ATTGAGCGTCACAATTCCCGACACAGCCGCCATCGACAGCTGAAACCCGACGTCAAACAACATTGGGGGCCGGACCGCAAGCAGCACGAGGGCCGCAACACCGAGGGTGTTGAGCGAATGGGCCGACCGCTGGAAAAAGATGCCGCCGATGAACAACGTCGCCATGATTACGGCCCGCACGACCGACGGCCGCCCTCCCGTGAGCAACATGTAGAAGACCAGCACCGTGATCGTGAGTGCGGCCCGCACAACTTCCGCTGTGCGCCACCGCAGCCGCAGGCGCAGCAGAAACGGGCGAAGCAATGCGTACAGCACCATCCCGACCAGGAAGACATGCAGGCCCGATACTGCGAGAAGATGCATAAGGCCTGTCTTTGCAAAACGAGCCCGCTGGGCATCGGTGATGCGACTCCGATCCCCCAGCAACAGGGCCCGCAACACCGCCCGTCCCCCAGTGCTCGGTACGTACCGGTCCACCTGACGGCGGACGTGCGCCCGCAGGAAGACGAGTGCATTCTGCACCCGTCCCCGCCGATCCCCAAGTACGGCGACGCGGTCGGGGGCGTCGACGTACAGGGTGCAACAGATGCCTCGCCGGGATAGGTACGCGGCATAATCGAACCCTCCAGGGTTCCGGAGGCCCGGGGGACGCCGCAACGACACACGAAGCCGAGTGACGTCGCCCTGACGGAGTCTGGGAAACGAGGGGACGGTGTTGGCCCACGGGGACGGCTTTAGCGTAACGCGCACTCGTCCCTCCACCGCGGCCGTATCCCGGGCCCCAAAAAGAGTGTTCACCGCCAACACGAATCGGGTCGCCTCGTCGGTCCGCTCCGGCGCATTTTCGACAATGCCCTGCACGGCCACGGCATCGTCGCTCGCCTCGGCCGCCGGGGCGAGCCCTCGGGGCGACGGCCCCTGATGGATGCTATGACGGGCCCCGCCGGCACACCCCACCACCACGATAGCGGCCAGCACCCGCCCAAGGGGCGCAAGGGTAACGAGCCGAGTCCGATCCCACCACTGCATCCCTGCAAACAGCGCAAGTCCAGCCCCGGCGCCGCCCAGCCAAAAGGAAAAAGGGACCCCCTCGAACACCGAATTCCCGAAGACCCCGAGCGCGAAGGCGACCGCCACGTAAAGGGCCGGATAGGCGCCCCAGTGAACCGATGAGTCAGGATCCATGGCCCGACACGCCTCCATGCAGGGAACACGGACTGGACAGACACACCGTTTGGGGGCAGCGTAACGTTCGTCCGGGGCACGGACGGCCCGCCCCCAAATCCAAATTTGGGGGAATCCACGTCCGGGACCGAACTTGACTCCGCCTCAGAAAATAAAATACGTCTCCGCGCATTTGCGGGTCGTCCATTTTCCACTCCCCCAAACGGTTCGCCATGAGCTCCCGACGCGACGCCCGCGAGCAGGTCATGAAGACGCTCTACGCGAACGAGCAGACCGACGGGGACGCCGAGCAGGCCCTGCACGCCCTCGTCCGGGTTCCGCTTGACGAGGATCCCTCAACGCGCGATTTTGCGGAGCACCTCTTCCGAGAGACACTGAAGACGATGGAAGAGGCCGACGAGATTATCGAAAAGCACGCGGACAACTGGGAGATCCACCGCATCGCGGCCATCGACCGGTCCCTCCTCCGAATGGCAACCACGGAGCTGCTGAAATTCGAGGAGGTTCCGCCGAAGGTATCGGTCGACGAGGCGATTGAGATCGCCAAGCGGTACAGCACCCCTCGAAGCGGCACGTTCGTCAACGGCGTGATCGACGCCATTCTGCTCGATCTCCACGACCAGGGGCGACTCAACAAAACCGGCCGCGGCCTCATCGGAATGGATACAATTCAGGAGCGGGCCGGCTCGTCGTGAGTCACAAGCCCCGGGTCGCCTTTTCTTTCGCCCACACTGCAGGACACACGCGATGGGACTCATAGCCGTCGGCGACATCCACGGATGCCTCGAGTCGCTCAACGCCCTTCTGGATCGGCTGAACCCCTCGTCGGACGATCATCTCCTGTTCGTGGGCGACTACATCGACCGCGGCCCCGACTCGAGGGGCGTCATCGACCGGCTTTTGGACCTGCGCGAGAGCATCTCCTGCACGTTTTTGCGGGGCAACCACGAGGCGATGATGATCGACTACCTCGACTCGGGAGCCTTCAGCCTCTGGCGCATGAACGGAGGGGTCTCGACGCTCCAGAGCTACCTCAAGGGCGAGGGCTCGGAAGTCCACATCCCGGCCGCCCATGCCGAGTTTGTTCGGGACACGAAGCTGTACCACGAGACGGATGATTTCCTGTTCGTGCACGCCGGGCTGCGGCCCGATCTCACGGTGGAAGAGAATCTGGATCAGCCCGATGAGGAAGTGCTCTTGTGGGAGCGTGGGCACCTGGAGGCCTCGGGGCTGGCCTGGGAGAAAACCGTGGTCTGTGGCCACACCCCCCAGCCCGACCCCATCAGTCACGAGAAGCTGATTCTCATCGACACCGGCTGCGTCTACCACATGAAGCCGGGCATGGGGCGCCTCACGGCGGTGCACCTCCCGCAACGCGAATTTATCGATGTGCCGTACGCCGACGGATAGTCCTGCGTTAAACTCGGAGCAGGAACGCACCCGTTGGCCGAGCCATGCATCCCGGTCGTCTTTCCGTTCAGGTCTCAATCCTCCAATGTCTCTTCAGTGCGGCCTCGTCGGCCTCCCCAATGTCGGCAAGTCGACCATCTTCAATGCGCTGAGCAGTGCCGGGGCCGAGGCCGACAACTACCCCTTCTGTACGGTCGACCCGAACGTGGGGGTCGTGCCGGTTCCCGACGACCGGCTCCCCCGCGTTGCCGAACTGGCCGGGTCGCCGGAGACGATCCCCACCAGCATCGAGTTCGTCGACATCGCCGGACTCGTGGAGGGGGCGGCCGAGGGCGAAGGGCTCGGCAACCAGTTTCTCGCCCAAATCCGGGAGGTCGACGCCATTATTCACGTCGTGCGCTGCTTCGAGGACGAGGAGGTGGCCCACGTGGCCGGCTCCGTGGATCCGACGCGGGACGTGGAGGTCATCAACACAGAGCTCCTGCTGAAAGACCTGGAGACGGTCGAGAAGCGGCTGGACACGGTGAAGACGGCCGCGAAGAAGGGGGACCAGGAGGCCGTCGAGGAGCTGGAGGTGTTCGAGCGGCTCCACGATCACCTGAGTGAGGGCGCGTGGGCCCGCTCGTTCGAGGCGGGAGCGGCCGAGCGGCCCCTCGTTGACGAATTGTTTTTGGTGACCGACAAGCCGGTCCTGTACGTTGCGAACGTGGGCGAGAACGATCTGCCCGACGGGAACGCGTACGTCGATCAGCTCCGGCCCATCGCCCAGAATGAAGGGACCCGCGTCGTCGTCACGTCGGCGGAGCTGGAGGCCCAACTGACCGAGCTTGATCCCGAGGAGCGTCAGCTGTTCCTGGACGATTCGGGACTGCAACGTGCCGGCCTCGAACGGCTTATCCACGCCGCGTACGATGTGCTGGAT
CP030361.1_gap2	32111	33112	1001	CCGTTGATCATGGTGGCCAGCATGCCCATGTAGTCCGCATGAGCCCGTGTCATGCCCTCCATGGCGTGCTCCACCCCCCGAAAGATGTTGCCGCCCCCGATGACGACGGCCACTTCGGCCCCGGCCTCGACGGCGGTCTTGACCTCGTTCGCGTAGGTGCGGAGAACGGCCTCGTCGATCCCAAACTCCCGGTCCCCCAACAGGGCCTGGCCGCTGAGCTTCAGCAACACACGCTGGTGGTCGAGGGATGAAGTGGATTCGTCGTCGGGGGAAGCGCTCATAAGGGAGGCACCGTCAGGTGCGTGTTCGGGTTCGCTGTGCGGGCGTCGGACGACTCCCCGCTGGGAAAGGGGAACAGAGTTGAGGCGGCTTGGGCGGACGAGAGGGGCCGCGCGGCGGTCCGGTGCGGGCGCGGGCCGATTGCGGCCCGATGCGGGACCGACGAGGGGCAACACGCCCGCATCGTCAGTCGCCGAGGGCGTAGCGCGTGAATCGCGCCACCGACAGGTCGGCGTCGTCGAGCATGTCTTTTACCGACACCGACGAGTCCTTCACGAAGGCCTGCTCCATCAATACGTGGTCCTCGAAGAACCGCTCGAGCTTCCCCTCCACAATGTTATCGATCACATGCTCGGGCTTGCCCTCGTTGACGGCGGCCTCGCGGGCCACTTCGCGCTCTTCCTCCTTCACCTCGTCGGGTACCTCGTCCCGGGTGACGGCGATCGGTTCGAGGGCGGCGACCTGCATGGCGACGTCGCGGCCGGTCTCCTCCGCCTCGCCGTCGCCGTGCACCTCCACGAGCACGCCGAGCTTCGAGCCGGGGTGGACGTACGAGATGATCTGGCCCTCCTCACTCTCGAGCACGTCGAAGCGGCGAATCGTGAGCTTCTCGCCGATGCGGCCGGTGAGGGCCACCAACTCCTCCTCGATCGTCACGTCGTCCTCGTAGGGAAGGCTCTCCAGCGCCTCCAGGTCGTCGGGGGTCTCTTCGAGCACCCGCT
CP030361.1_gap3	38976	43458	4482	ACCAGGCCAACCAGCGCATCATCGACGCGACCGCGAAGCAGCTCGGGCTCTCCTCCGAGCAGGTCATGGTCAACATCGACCGCTACGGCAACACCACCGCCGCGACGATTCCGCTGTGCCTGTACGACTGGGAGGACGAGCTGGAGCGGGGGGACGACCTCATCGTGACGGCCTTCGGCGGCGGCTTGACCTGGGGCGCCGGGCACCTCACCTGGGCCTACGGCTGACGATGGAAAGGCGACCGGGGGCGCCGGTCGCCCGTCCTCATTGCGATCCTGAGCGCACCTCTCGAACCTTGCACTTTAATCGTGACATGGCAACTGCATTTCTTTTTCCCGGACAGGGCTCGCAGGCCGTGGGGATGGGGCACGAGCTCTACGAACAGCACGACGAAGCCCGTGCCTGCTTCGAGGCCGCCAACGACCTCCTCGATTCTGACCTGCTCTCGTTGATGTTCGGGCTGGGGGCGGAGGCGGACACGGCGACCGAAAAGCTGAAGCAGACGGAGATCACGCAGCCGGCCCTCTACACGCACAGCCTGGCGGCCATGGCGGTGCTCGACGCGGGCGGCCCGGAGCCCGACATGGTGGCAGGGCATAGCCTTGGGGAGTACAGCGCGCTGGCGGCCGCGGGGGCCCTGTCGTTCGAAGATGGCCTGCGGGTGGTGCGCCGGCGCGGAGAGCTCATGGGCGAGGCCGGCGAGCGGCGCCCGGGCCGCATGGCGGCCGTGCTGGGGGCCGATACGGCCCACGTCGAAGAGGTGTGCGAAGACATCTCCGCGAACGGGGACGGGGTGGTGCGGCCCGCGAACTACAACGCTCCGGGCCAGATCGTCATTTCCGGCGACGTGGAGGCGGTGGAGCAGGCGACGGAGGCGGTGGAGGGGCGCGCCATGCCGCTGCCGGTCAGCGGGGCCTTCCACTCGCCCCTCATGGAGTACGCCCGCGAAGGGCTCGCGGAGGTGCTCGACGCGGTCCCCGTCGAGGCGCCCCGCTGCCCCGTGTACCCGAACGTGACGGCCGAGCCGACGACGGACCCCGATGAGATTCGGCGCTGCCTGAGGGAGCAGCTCCTCTCGCCGGTGCAGTGGGCGCCCACGCTTCGCCGCATGCAGGAAGACGGCGCCGCCCGCTTCGTGGAGGTAGGAACAGGACAGGTGCTGCAGGGCCTCGTGGGCCGCACGCTGGACGAAGAGGCCGAGGCGATGGGGGCCGGCACCCCCGAAGAGATTGCGCGTCTGACGGAGGCGTAGCCACGGACCCGGGCGGGGAACGCGTGTCGGGGGGACGAGTGCTACACCCTGCACAGTGCAGATGCTGAATGCCGGTCTCCGTTCCAACCGCCGCAATCCCATGGGTGCATTCGCCCTGCCGCCTCCCCGCTCCTCGCTTCGCTGGCTCTTCGGGGCGTGCCTCGCCGCGATGGCCCTCGTGGGGTGCGGCGGGGGCAACACCTACTCGGTCGACGAGGGCAAAATCTCCCAGCGGTTCCTGCCCGCGGAACGAACCGTGGATCACCATCCCGACTCCGTGAAGGCCCTCACCATTGCGGCGGCCGACGGCAAGATTCAGTTCGAGGTCGAGCGCGACTTCGAGTCGCTCACCGAAAAGTGGTCCGCGAGCTTCCAAAACATCGGGACGGGGCCCAGCATCCGAGACCGCACCTACGCAACCTTCTGGAGCCTCGAGCTCTCGCTCATGTCCCTCCAGCCGGAGAGGGGGGTGCTGTCCCTGCGCGAGGAGCAGGCCCGAGACGTTCTTGACGAGCGGCGCAAGGAGTACGCCGAGACAATTCACATCGACGTGTACTGGTTCGTCGGGCGGGGCAGGGACGGCATCATCACAGGGCCCAGCGCCCGCACGGAGCTTCACGTGGGCGGGAATACGTACCGCCCCGTTCAGTCGGACCACGGCCCCCTCCGTGAGGCCTTCGTGGCGGGCGGCGAGACCGCGCTGTATCGCCGCAACTCGCTTTACTTCTCCCGGCGGGTGGAGGGAACCGACATTCTCGCCGACGCCTCCGGCATGAAGCTCCGCGTCCGCCGGACGGGCGGGGGTGGACGGCAGGAGTTTGCCTGGCGGTGGGGCGAGGGGAACACCGCCCGGGGCCTGAAAAAGGGCGTTCGTGACGACGACGCCGGGCGCTCCTCCCGGCGATGACGGGACCGGTTCTTCGCCAGCGACGTCCTCATCTGCCGGCGGACCCGGACGTCGATTCCCGACCGGCCCGACCGACTGTGTGGACCGCGTGCAGCCTTGCCTTTCTGGACGGGATTGCCAATCTTCCGAAATTGGCGGGGCTTCTCCTCACCACACTGCTCACAGCACGCAGTCCTCCGCACTATGCAGGTCGACCTTCACGGCTCCACGGTTCTCGTCACCGGCGGCACGCGCGGCATCGGCCGTGCCCTCGTCGAGGCCTTCGCCGAGGCCGGGGCCCACGTGGCGTTTACGTTCCGCTCGTCGACCGACGCGGCGGCGGCCCTCGTCGAGTCGCTCGAAGAACAGGGCACCGAGACGCTGTCGCTGCAGGGGGACGTGGCCGACCTCGACGCCGCCCAGGCCCACATCAACGCGGTGACGGAGCACTTTGGGTCGCTCGATGTGCTCGTCAACAACGCCGGCATCACGCGGGACGGGCTCCTGCTCCGCATGGGGGAGGACGACTGGGACGACGTGATCGACACGAACCTGAAGGGCACCTTCAACTTCTGCAAGGCGGCGTACATGCCCATGATGCGCCAGCAGAGCGGCTCGATCGTCAACATTTCCTCCGTCGTCGGCACCACGGGCAACGCGGGCCAGACGAACTACGCCGCCTCCAAGGCCGGCATCGTCGGCTTCTCGAAGAGCCTCGCCAAGGAGCTCGGGGGCCGCAACGTGACGGTCAACGTGGTGGCGCCGGGGTACGTGCAGACCGACATGACCGACGAGCTCGACGAGGAGACGCGGGACTCCATCCTCGACGCGGTGCCGCTCGATCGGCTCGCCACGACCGAAGAAATCGCCGAGGCGGTTTTGTTTCTGGCGGCCCCGGCCTCCGACTACATCACCGGGCACGTCCTGCAGGTGAACGGAGGGCTCTCGATGTAGGCACGACCCCGCCGCCGCCGTCCCCGCTTTTTGCATTCCGTTAAGGAATAAGAGGATCGATCACGGGAGGGCTCACGTTGTACTCGTGTTGCTTTAGTGTACCACTCTTCTCGTCTTTGACCGGTCGTGCGACGGAGCACGCTCGACGCCCGGCCGGAGGGTTTCATCCTGCCCCCTTTCGACGTCCCCGAAACCTGACCCCGAGTCGTTTGCCGCATGGCTGCCGATATTTCGCAGAGCAAGTACACGAACGTCATCGACCTGACTTCTGAGGCCCAACAGGAGCGGCGGCGCGACGAGGTTGGGTCGGAGCTGCGCGAGCCGGACCCGCCCCTGGACGAGGTCACGGTCGACGAGCTGTCCGGGCACATGGAGCAGGCGGTGCACGCCGCCGGCTGGACGGAGCTGATGGACGTGCAGCGCAAGGCCATCCCCTACACCCTCGACGGGCGCGACCTGATCGTGCAGTCGCAGACCGGCTCGGGCAAGACCGGCGCCTTCCTGCTGCCGCTGTTCGACCTGGTGAACCCGGACAAGGAGGAACAGCAGGTTCTCATCCTCACGCCCACCCGGGAGCTGGCGCGGCAGATCCACGAGGAGTTCGAGCAGATGAAAATCGCGACGCCGCGCACGAACCGCATGGAGGCGGTCCTCATTTACGGCGGCGTCGGGTACCAGCCGCAGATCGACGGCCTGAAGAACGGCGCGCAGGTCGTCATCGGCACGCCGGGCCGCATCCTCGACCACATCAAGAAGGACAACTTCGACGCCAGCACCCTCCGGATGCTGGTGCTCGACGAGGCCGACGAGATGCTGTCGATGGGCTTCTACCCGGACATGAAGGACATTGTCGAGCACGTGCCGGGGGACCGGGTCTCGTACATGTACAGCGCCACCATGCCGCCGAAGGTGCGGTCCGTGGCGCGCGAATTCCTGGACGACCCGGGCTTCCTCTCGCTCAGCACCGACAAGGTGAGCGTGGAGGAGAACGAGTACCGCTACTACCTGGTCAACCCGATGGACAAGGATCGGGTGATGGCGCAGCTCCTGGAGCTGGAGGAGCCGGAGTCGGCCCTCATCTTCGCCAACACGAAGCGGGAGGTGAGCTACCTCAACAAGTTCCTCTCGAACAAGGGCTACGACATCGACGAGATGTCCGGCGACCTCTCCCAGCGCGACCGGGAGGAGGCGCTCGATCGACTCCGAGAAGGGAAGCTCCGCCTGCTGGTGGCGACGGACGTGGCGGCCCGCGGCATCGACGTGTCTGACCTGAGCCACGTCTTCATCTACGACGTGCCCCAGGACCACGAGTACATCATCCACCGCTCCGGCCGCACGGCGCGGGCCGGCGAGGAGGGCACGACGATCGTCCTCTCGACCCACGAGGACG
CP030361.1_gap4	105768	109267	3499	CCCGGACGAGGCGGTGGAGAGCGCCCACGACGGGCCGGTCTACACTGTGTACCGGCGCCTGCTTCAGGGCGCGATCAACTACCGGTGGGTGACGGTGGCGGTCATCACGGTGCTCATGGGGCTGTCGATGTGGGGGAGCGGGTTCGTCAAGCAAAGCTTCTTTCCCGACTCCACGCGGCCGCAGTTTCTCGTGGACGTGTGGATGCCCCAGGGCACGCACATTCGGGACACTGAGGATGCCGTCAAGGAGGCGGAGCAGTATGTGCAGGGCCTCGACGCCGTCACCCACGTCAGTTCGGTGGTGGGGCAGGGGGCGCTCCGGTTCGTGCTGCCGTACAGCCCGGAGCGGCCCAACTCGTCCTACGCCCAGCTGATCGTGGACGTCGACGACTGGCGGACGATTTCCAGTCTCAAAGACTCGGTGGACGCCCGCCTCTCCGCGATGCTGCCGCGGGCCAACGTGTACGCGTTTCCGTTTGTCTTCGGGCCTGGGGGCGGCACCGGGCGCATTCAGGCGCGCATTAGCGGCCCCAACCCCGACTCGCTGCGGGCCATCGCCCAGCGCGTGGAGGGCATCTTTCGGGCGCACGACAACACCAAGGCCGTCCGCAACGACTGGCGCAACCGGGTGGAGGTCACCCGCCCCCAGGTCGCCGAGGACGCGGCGAGTGCCCTCGGGGTGACGCGCCCCGACGTGGCCCGCGCCGTTCAGCGGACCTTTGAGGGCACCCGCATGGGGGTGTACCGAAGAGGGGAGGACCTGCTGCCCATCATGATGCGGGCCCCGTCCGAGGAACGGGCCCGCGCCAGCAACATGAAAAACGCGCAGGTGTGGAGTCCCGTGGCGGGCGCGTACGTCCCAATCCGGCAGGTCGTCTCCGGGTTCGAGACCGGCTTCGAGGACGGCATTGTGTGGCGGTACAAGCGCGCCCCGACGGTGAGCGTGTACGCCGACCCCATCTCGGGGACGGCGACCTCGGTCTTCCAGCAGGTGCGCCCGACGGTGGAGAAGCTCTCGCTTCCGCGAGGGTACGACATCGAATGGGGCGGCCAGTACGAGAACTCGAACGAGGCCAATGCCTCGCTCTTCTCGGCGGTCCCGATTTTCTTCGTGCTGATGGTGCTGATCACGGTGGCACTCTTCAACGCGCTCCGCCAGCCGCTCATCATCTGGCTGACCGTGCCCCTGGCCCTGATCGGCGTGGTGGCGGGCCTGCTCGCCACGGGGGCGGCCTTCGGGTTTACGGCCCTGCTGGGCTTCCTGAGCCTGTCGGGCCTGCTCATCAAGAATGCCGTCGTCGTGATCGACGAGATCGAGATCTGGAAGCAGGACGAATCGCTCTACCAGGCCATCGTGGGCGCGAGCGTCGTCCGGCTGCGCCCGGTCATGATGGCGTCGATTACGACGGCCCTGGGCATGATTCCGCTCTTTACCGACGCGTTCTTCGTGGCCATGGCGGTGACCATCACGTCCGGGCTGCTCTTCGCCACGGTGCTCACAATGATCGTGGTACCGGTCCTCTACGCCATCCTCTTTGGCGTCGAGCGCCTCCCGTATTCGGAACGCTAGCCGGTCGTTCGCGGGGCGCCCGTCCGCGATCGCTCGGAAACCGGGCGTGCGGCGCCGAGGGGCGCCCGTCTGCCGGTCCCGATGCCGACGGACGGCGAGGTCTCGGCCTCGTTCGGAGGCCCTGAGCCCGAACGGGGGCGACCCGCCCCGCCCGACGCGAGTCCCTGGGCCGTTTGGGGTGTTTTCGGGCCGTGAGAATTGCACGGCGCCCCAGCCTGCATCGGTTCTTTTGACGGCCCGCACTGCCGAGCCGAGGGCGGCATGGGGATGGCACCCCCGGCAGCGAACTGTGGTGTGTGGAGTCGAGGCCACGTCGCACCCCGAAAGGAGGGGGACGTACGTGTTTCCTTCGTGAAATTTCACGGACTGTCGAGTCCTCGTGGACCTGCCCCAGGAATGGAGTGTTTTTTGCTCAATTTGTGTGCAGTAGGCGTCCACCTCCATCTCCGTCTGTCGCGTCGATCCCATGATACCCCGCCCGGTCCTTTGGGGACTGCTCGCCGTCGGCCTGCTGCCGCACTGGAGCGGTGTCTGTTCCGCGGACGCCGCCCCGACGGTCAGCCTTCAATACGGGGCGCCCGCCCCCATCGCGCAGGTCCGGCGGGACGTCGATGGGGACAGCATCCCGGACCGCGTGGGCGATACGGTGGTGGTGGCGGGGCGCGTGGCCGCCGCGCCCGGCGCCCTGCCGCTCCCAGAGGAGGGGGTTGGCAGTCTGCAGGACGGGACAGGAGGGATTCACGTGCGCCTCCCGGAGGCCCGGGCCCTCAGCCGTGGCGACAGTGCTCGGGTGTGGGGCGTGCTGAGACACGAGGCGGGACTGGCCCAGATTGCGGGAATCGGCTACGAGCGCGTGGAGGCCGCCCGGCGGACGCCCGATCCGGTGCCGCTCTCGGTGCCGTCGGCCGCGTCGGACCGCCACGAGGGACAACTCGCACGCGTAGACGGCACGATTACGGCACGCAGCGCGAACCGGGGGGGCGAATACTTCGTCCTCCGCGAGGACGAGTCGTCCGACGCTCAGCTCACCGTGTTCGTGTCGAACCAGCACACGGAGCGCATCCGTCTGGGGCGGTTCGACGAGGGCGACCGGGTGGAGGTGACGGGCATCATCAGTCAGTACGACCTCTCCTACCAGGTTCTTCCCCGCGGCGAAGACGATCTGGTCCACATCGGGCAGGCGTGGACCTACCTGCGATGGGCCCTGCTGGGCGTCGGGGGGCTCGGGCTGGTCTCCATTGCGGTGATCCTGTTCCTGCGGTCCGCCGTGCGGCGCCGAACCCAAGAGTTGACCCGGCGGGAGGCGGAGCTGAAGGACCGGCAGATGAAAGTCGAGGCCCTTTACTCGGCGACCGATCACCTGCTCCGGGCCGCCAGTCGCACGGAGGTCGCGGGGGCCCTCATTGACCTCGTCCGTGAGGTGCTGGGCTATCGGGGCGTGTCGGTGCGCTTCGCCGAGGACGGGGCCCTGAAGGCCTTCGACGTGTCAGAGACGACCCTTACGTTCATGCCCGAGCGGCCGGATTTTAACATTGAGGGGGACAGTGCCGTCGCGGAGGTATACCGGAGCGGCACTACGCTCGCGGTTGAGGACGTGGAGGAGATGGAGATGGACGACCCGGCTGCGCACGGCGACCTGCGATCGGTCGTGGTGGTCCCGATCGGCGAGCACGGCACCTTCGCGGTGGCGTCGCCGGAGCCCGGCGCGATCAGTGGGTTCGACACGCACCTGATTGAGGTGCTCGGAAGCTACGCCACGGCGACGCTCGACCGACTCGACCGGGAGAAGGCCCTGCGTGCGGCAAAGGAAGAGGCGGAGCGGGCCCGAACGGAGGCGGAGGTGGCGCGGGATCAGGCCGAGGAGGCCGCCCGGCTGAAGTCGGCCTTCCTGGCGAACATGAGCCACGAAATCCGCACGCCCCTCACCTC
CP030361.1_gap5	110733	115519	4786	GGCGTCGGAGGCCGCGAAGCACAGCGTGCCGTAAAGCGTCCCGTCGACCAGGATTTGCGAGCCGATGTAGGTTCTCAACCCGAATTTCTCGTGGGCCGGGTCGCCCGTCCAGCCCGCAGCCGCGGCGTCCTGGACGGCCAGCAGGGTCTCCTGCTCCACCGTCGTTCGGCAGTACGATTCGGAGAGGGGGCACGACTTGCCGGGTTGGAGCAACGGGTGGTCCCCCGTCGCCTGGAGGATGTGCTGCGTGCCGTCCGAGATGCGGGTCAAAAACCCGTACGGGAGGTCCAGGTACGTGCACCCGAGCTCGATGAGGCGGCGCACCTTGTCGTCGAAGGGAGCGTTTTGGTCGGCGGTGATGCGGTACATCGACCGCAGGGCGGCCTGCTCGTCGCGCAGCGTCTGCTCCCGTTCCTTCTGCTCGGTGATGTCGGTGTAGATTGCGTACCCTTCCGGCGTCTCGCTATCGGAAAACAGCACCGAGTTGAGCCGGAAGTGCCGGCGCCCTTCGTTCGTTTCGCGGATCACTTCGGCCTGCACACTGCCCTCCTCCACGGCCCGTCGGGTGAGCGTCTCGGCCTGGGAGAGCCGTTCGTCGGGGGCGAGAAGCGCATCGAGGTCGTGGCCGACCACCTCGCTCCGGGATACGCCGAAGGCCTCCTCGAACGCCACGTTGGCGCCGCGGGCGATGGCGACCCCGCCCTGTACCTCGTAGTGTACCACCGGGCTCGGCAGGCCCGTGTAGAGCGCCGCCAGCCGGTCGCGTTCGAGCCGAAGCGTTTCGTCCTGGGCCGTAGACAGAGGCGCCATCCGCGCAATGCCCACGACGCAGTTTGGCGGCCCCACGTCGCCGGACAGCGGCCGCGCGGTGAACGTGCACGGGCGGGGCGGGCCTTCGCGAGGAAGAAGCGCAACCTCCGCCGTTGCGGTGTCGCGCCCCGCCCGCACGGCATCGAGGGCCTGTTCGACGGCCGCGGCGTCGCCCTTCCCGAACAGTTCCGGCAGGCTTTTTCCACGGAGGGCAGCGGCCGAGTGCCCGACGGCCTGCCGAAGAGGAGGGTTGCCCCACGCGAGTGTGTTCTGCGGGCCGAACACGAACACCGGGTCGGGCATGGCCGCCAGCACGGCGTCCGCGAAGTCGGACTGTTCGGGCAGCGGCGGGGGGGGCTCCGCGTCTGTATGGTCGTCGGGCGGGGGGCCGCCCTGCGTCTCGCTTGCGGGCATTGCGGTGCGGGCTGGAGCAAAAGGGGGACGTGAAGCACGCCTTCCGGCAGGCGGTCGGCGAGCGCTTCACTTTCGGGCTTCACTTTCGTTTTGTATCGGTGTCCTAATACGACTCTCCCAGGCCAACGATTCGGCCAGCGCGAAGGCCCTGGGGGAAGTATAGAGATAAGCAAGATTGGTGCCAAGTTTGGAGCGCAACGGGGGCGTGGCGGACGGGCGGCCCACAACAGGCCGGGGCGACACTACGCCGCGGTGCCGTTTTCGTGCTCCTGAATGCGGGTGAGCGAGGCCTCCAGTGCGTCGCGGTGGATCACCTCGCCGGTGTTGGGCTGTACCTGTCCAAATTCGAGCACACCGGTCGGGCACGTCTCCACGCACGCCGAGCACCGGACGCACTCCGGATCGTCCATCGGCTCGCCCTTCTGGGCGTACGCCATCACGTCGATGCCCTGGTGGCAGACGCTCGTGCACTGGTTGCACGAGATGCACTTCTTCTTGTCGGCCAGGATGCGGAAGCGGCTAAACCGGTGGTAGATGTGCATAATCGCCGCCAGGGGACAGAAAAAGCGGCACCAGAAGCGCCCGCTGAGCCAGAAGTACACCCCGAAGCCCACCATGCCGGCCAGCAGAATGTCCACCACCCAGCTGTAGCCCAGGCCGAGGCTCCCGCCGTAGAGGACGGCCCGGTAGGCCTCCGCCGCCCAGCTGCCCGGCCAGATCCACCCGCCGATCCGCAGGATCAGCAGCGCAAACGCCACCCCCATAATCACCTGCCCCGCCAGGTTCAGCTTGTTCCAGCCGGGGCCGTGCGGCATCTTCTCGCGGTGCTGGTCGCCGAGGGTCTCGGCCAGGGCGCCGCAGGTGCAGATCCAGCCGCAGTAGGCCCCCTTCCCCCAGAAGTAGATCATCCCGGGGATGAGCACGAAGGTCTGCACGAAGCAGATGGCGAGCCACCACCAGAGCGGGTCGGTGGTGAACACGTTCCAGATGAAGAGGGGCCACGCCAGGATGAACCCGTAGGCCCGCCAGTACTGGCGCCCGTGGACCGCGTACTCGCTCGTGGGGAAGAGGGCGTCGAGGACGCCGGTGGGCAGGAGGCCGTTCGCCCCGAGGTAGGGAAGGACAAATTCCGGAAGGATGAAGAGCGGCAGCACCTGAATGCCCATCAGGGTGAGCGTCTGCACCTTGATGTAGGGCGTTTTGCGCCGCCGGATGCGTTTCACCCCAAAGACGACCACGAGCGCCGAGTAGGCGAACGTGTAGTAGAAGCCCGGCTTCTGCATCGAGGTCAGCAGAATGTCGAGCGCGCCCGTTCCGCTCGTGTCGGGGGACCAACCGAACGGGAAGAACCCGGTGGCCTGCGCCCACTGGCCTACCCAGCCGCCGTCCTTCCAGCTGTAGACGGCCACCATGAAGAAAAAGAAGGCCGCGAACGCCGTGATGCGGTCCCAGCGCAGGTCCGTCAGCCAGGAGAGGCCCGACACCGCCTCTTGGAGGGAGTCGGGCACCTCGCCCCAGTCGTTGCGGAGCTCGATGCCGGAGCGGCGGAAGAAGTCAAGCGGCGCCTCCCGCCCGATCGTCGCGAAGACGTGGTCCGCGTCGACCGTCTCCGTATCGCCGTTTTCGTCGGAGAGGACGACCTCGTCCTCGCGGATCTCCTCCACGTCGGTCGGCATCTTGAGGGTGAGGCTGCCCTCGCCCTCGTGGTACGTGGCCCGCTCGTAGAGGCGCTCCACGTTCTCCTCCTTCGGCCGCACGAACTCGTCGCGCCGGTACGAGAGGGTGACGTCCGCCCCCGCCTCCGTCAGTGCAGTGGCCGCTTCCGCCGCCGAGTCGCCCCCGCCGATGACCAGGGCCCGGTCGCCGCGGCACCGCGTGGGGTCGTGCAGGCGGTGTTGCACGTGGTCCTTGTCCTCGCCGGGCACGTCCAGGCTTCGGAAGTTGCCGCTCCGCCCGATGGCCACGATCACGCGCTGGCCCCGGATGCGATCCCCGTCGGTCGTGACCACCTCGTGGCCCTCGGGGGCCGGGTCGATCCGGTGGGCCGTCGCGTGCCGCACCGGAAGGTCCTTTGTCTGGGCCTCCAGCTCGTCAACGAGCGCCTCTTTCACCTGCGCGGTCACCTCAAGGTCGCTTGCCGGCGTCATCGCCTCCGGGTAGGTGTAGATCGGCTTTCCGGCCTGGAAGTCTTTGATCGTCGCAAACCGGCGCTGCGACTCCAGGACGCAGAAGGAGAGCCCGCTCTTTTGGGCCTCCCGGGCGGCGGCCATGCCGCTGGCCCCCGCGCCGATGATGACCACGTCGTACGGCCCGTCCGCGCCCGTCGGCTCCACGGGGTCGATGCCCCGCGTGAGGAGGTCCCGCACGGCTTGTGCTCCGCCCTCGACCGAGAATTTGAGGAGGGGCACCCCGGCCAGGTCGCCCACGACGTACACCCCGTCGACGTTGGTGCGAAAGTGGTCGTCGACCTTGGGAAGTTTTTCGGGCTTGCCGGCGGGCCACTGCAGGTGGAGCCAGTTGGCGTAGCGGGCGAGCGCGTCGAGCATGGGAGCTACAGAACGGTAGGGCGAAGGCCAGGGCGGGAGAAGCGTCCGTGGACCCCAAACGAGTGGACCCCAAACAAGTGGTCGGAGCCTACCGGCCGGCGTTACGGAACCGACCCGGTGTGCAAACACACGGACAAGTTTGTGCGAAGTGCCCTTGAGCCCCGTGCGCGCCCGACGCCGTGTGTTGGGGGGGGGCGCCACAGGGGGCTCATCCATAAAGGGCCGGAGGTCAAAACAGGGGAGACCGAGGACGTCGGCCCGCGTCCCTGCGCCCAACCGGATGAACCGCGGGGCGCGGGCGGCGCTAGGAGACAAACCACCGCCGGCTCACCTGGACGCCGACCGCGAGCACAGTGCCCCACAGAAGGTGCGCCAGCAGGCTGTTCGGATTGAGGTTCGGGACCGGGGTCGCGATGCCGACGAGGTTAAGCCAGATCGGCATCACGAGTCCCCCCGCCACGAGCCATAGCACGGCCCCCCACGCGGCCCCCACACCGGCCGTCCCGATCCAGGTTGTCCGCCACCACCGCGGCAGAAGGGTGAGGAGGCCGGCGTATATGAGGGCAAAGACGAGACTGTGAAACTCGTGGGTCAGGACGCCGACGAGAAGGCTCTTTGTGCCGTAGAGCGCACCGATGACCGGCACGACGCCGGTGGTGACGTGCATGTACGCCCCCATGACCACGCCCGCGATCAGCCCTGACAGGGCGGTGGCCCCGAGCCGGGCCGGCGCGACGCCCACGAGGGACGAATCTGCCGGGGCGGCGGATTCGCCTTCGGCGGACTCGGAGACGCGTTCAAGGGCGATCGACACGGTGGTTCCCGCGTCGGTCACCTCTGTGTGGACGGATCCCCGAAACGTGTGGACGAATAGCCGCACGAGATACAACCCGAGCCCCGCTGTGGGGTCCCCGCGTTCGGAGATGGTCGTGCCGTTCTCCAGTGCTTCCCGGTTCTTGTCCGGCAGCCCGGGCCCCTCGTCGGACACAGAGATCGTCGCGGTGTCGGGGGTCGTG
CP030361.1_gap6	123254	127152	3898	GTGGCGCTGACGAGGCCGGTGAACGTCGACCCGTCCTTGCGCCTAAATTCCGCCTCCGCGGCGTCGATGTGGTCCTGTTCTTTCGTGATGCGCCGGTTCTCGCTTCGGGCGTCGGGGTTTGCGTACAATTCGATGGGGTCGATCTGTAGAATCGCCTCGACGCTCTCGTACCCGAAGATGTCGGCGAAGGCCCGGTTGGCGTAGACAAGCCCCTTGTTGGGGGTGGACCGGTAGATGCCGTCCGAGACGTTCTCGGTGATCGAGCGGAGCCGCGCCTCCCGCTCACGGAGCGCCTGCTCCATCTCTTTCTGCTCCGTGATGTCCCGAAACACCGTCTGCCCGGCCTGTTCTCCGTCGAACTTGATGGGGACCGTGTAGCTTTCGATGACGCGACGGGCCCCATCCAGCCCGATGATCTCCAGTTCGCGTGGGGGAGTCGATGCCCGCTCCTGATAGACCGTCCGGAGGCGATCCTCGACGACGTCCTGTTGCGTTCGTTCCGAGACCACGAACTCCTGGAGCGAGCGGCCGACGACGTCTTCCGGGGTCTCCGCACCCACGATGGCGGCCCCCGCCGGGTTGATATACCGAATCTCCCCGTCGACGGAGATGTGGAGTCCGTCTTCGAGCTTCTCGACGAGGCGCCGCCACCGCTCGCGGCTTCGCCGGAGCTGCTGCTCTTGCCGTTTCTGCTCGGTGATCTCGGTCACGGCCCCGTCGTAGTACTGCACCGCCCCGTCGGGCCCCCGAACGGTCGTGGCGCTCAGCAGGCCCGTGAAGGTCGTCCCGTCCGTGCGCCGAAATTCTACTTCGACCCCGGTGATGCCGTCATTGCGGTTGGACTGCTGAATGACCTGCGCCCGCTGGTCGGGATCGGCGTAAAAGTGGACCGGATCGGCCTCCAGGAGGGCATCCACGCTCCGGTGCCCGAGCATGTCGGCGAGGGCCTCGTTGGCGTAGACGAGGCCGTCGTCGGGCGTCGAGCGGTAGATGCCTTCCGAGATGTTTTCGGTGATGGACCCGAGCAGGGCGTCGCGGGCCTGGAGGGCCTCCTCGGTCTTCTGCTTTTCCTTCCGGAGTTGGCGCTCTTGTCTCTTGCGGTCGGTAATGTCGCGGCCCTCGGGAATCAGCATTGTAACCGATCCGTCTCCGTCGGTAACCGGCCGGATCGAGAAGTCGATCGTCCGCGTCTCGTCCGTCCCCTGGACGTCCGCCTCGTACCGCACAAACTCGCCCTCGGCCGCCTGTTCGACGGCGGCCCGGAGTTTCTGCTGCGTCTCTGGGCCCGTCTGCCACCAGTGCGTGTCCCAGAACGGCGTTCCGACGACCTCCTCCCGCTCCAGCCCGCCAAACTCGAGGGCCGTGTCGTTGGCTTCAACGAGAATGCCGTCGGGCGTTAGCAGGCCGGTGAACTGATAGGTATGGTTGAAGATGGCCTCGTACTGCTGCCGGGCCCGGTCCCACGCGTCGGCCTGGCGGTGCAGCTCCAACTCGTTGACGATCATCTCGGCGAGGCCCTCGAGCCGGTCGACGTCCGCGGGCGGCGGAGATTGGGCCTCGGTGTCCAGGACGCACAGCGATCCAATCCGGTGGCCCTGCGGGCCCACCAATGGGGTGCCGGCGTAAAAGCGAATCCCGGGATCCCCCGCGACCCATGGGTGATCGGCGAGCCGGTCGTCGTCCGTGGCGTTCGTAACGACCGTCGCCCCCGGCGACCGCAGGGCCCGTGTGCAGAGGCGCGCCTTGATCCCGTCGCCCTCGTCCTGGAGGCCTGCATCGCGAAGCCCGTCGGCGGCCACGACCCGCGGCTGCCCGTTTGCGTGGAGGGTGCCGATCCCCATCGGGGCCTCGAAGAGACGGGTGGCGAGGTCCAGGACACGGCCAAAGGAGCGCTCGGGATCCACGTCGGCCCCCGGATCGGCGTAGACCGCCGCGGGCGCGTTCGTGTCTGGACCCCAGCCGGCAGGCTCCGAGAACGAGGAACGAGAAAACGGAGCGGAGAAGGGCTCGTCTGACTCCATACTGGAGCGTGTGGGAGGGCGCGTAAGAAAGAGCTGTGTCGGACGATGCGAACGCTGGCCTGCCGACCCGCTGGGGGCGCCGGAAGCAGTGCGAGTTCTAAAAGAAGGACGGGTTCTTTCCTTTCAGAAAAGCAAAAGTTGTTCCCCGAACGCGCTCCGGCCCGGTCGAGGCCCCTGCCCGAGGGGCATTCGAAAATCGGCCGGCCCGGACGAGACGCCCCGTCGTCGTGCGGGTCGGGGGGCGGCGGGTCGCTCCGCGTTGCTGCGCGCGGTACGCGGTTGGCCGTACAGGCAACGGTCGTTGGGGAGCAGGCGCGATTGACAACAGGGCCGATTGACAACAGGGAGTGCGGAAAACGAAGTCGCCCTTCTCAACCAGTTCCGGAGAGAAACAGGTCTTCTCCGTTCGAACGTCTTGTTGGGAACGGTCTCGTCCGCAGGCACGCCCGGCTCGTGATGGAAAGAGCCCCCGGACGCCTTTAATGCAGAATGTTGTCGGTCACGGACAGCAGAGAGCCGCCCATTCTACCCCGTCGGCGCCCATCCTTTCAGCTCGAAGGCGGTGGGTGAGGCCCCCCGGGCCGATTCTGATCAGCGTCCGTGGCCGAGGCGCTTCTCTGGTGGGCCCGGACACCCCACGAAGAATATTCTTTCAGCGTGGTGGGGAGGCGAACAGCGATGGCAGTTCCCTCCCCGCGCCCTTCTTAGAATCTTTGCGGCTCTTCTGAGACTCTTCGTTTGCGAGGCCGCCGTCGTCCTCTGTACAATAGTCCCAGATTGTTTGTAATAAGTCTAAATAAGAATCAACCCCACGCTCAGCTCCTTCCGATGCGCTTGCCCCTCCTTACGATGCTTCTCACTGTGGTTCTGTCCTCGGGGGCTGTTCTTGGTCAGGACACCGATGAGCTCATCCTCCACGGGATCGTTTCGAATGCAGACGGGGCTCCGCTACTCAACGCCACCGTGCGTGTCCAGGAGAATCACGTTGCCCTCACCGATACCACTGGCTACTACGAGCTTCGCGTACCGCGGAACGGCCTGCCGACCCGGATTGACGTAGAGGTGCGCTACGTGGGCAAGCGCACCCACCGGGCGACGCTGCAAGTTCCAGAGGATTCCAGTCGCCTGCGGCACGACGTCCGGCTTCCCGCCCTCGACCTATACATGGACGAGGTGACGGTGACGGCCGAGCGGGCACGGGAAAGCGTCTCGAACTCGACCTACATCATTGATCGTGCCGCCGTCGAGCAGTCCCAAGCGTTTACCCTTGCGGGTTTGTTGCAGCTCATCCCGGGGCAATCGATCACCAACCCCAGCCTGCAAGGGGCTCAGACGATCAACTTCCGCACCGATGCCTCCGGCCCCTACAGCCGCAACAACGCGTTCGGGGTCGGCATCTTCATGAACGGTCGGGAGATCAACAACAACGCGAATATGCAGGGGCTCAATCCGGTCGAGAACCCGAGAGTGCCCTTCCGGTCGTTGGAAGGCGGTCGATTTGGGGATCGGGAGTACGAGACCGGCGATACACCCGGCGGCGGCTTCGACCTTCGCGAAATTCCGGTCGGCAACATCGAAGAGGTCGAAGTCGTCCGGGGGGTTGCCTCGGCCGAGCACGGGGATATTCTTGAGGGGGGCGTTTTCATCGAGACGACGGCGGGCCAGTCTCCGTGGAACGCACACCTGCGCCGGTCGGGCGGCGAGTTCAACCTCGGTGTGAACAAGGGCTTTCAGATCAGTCCCCGTCACATCCTCAACGCCAGCCTCGACTATCTGCGCAGCAACGACGACCCACGAGATCAGATCAAGACTTTCAACCGGATCTCTTCGTCGCTACTGTGGACCTCCTACTACGGTTCTGATCGGGACATCCGCAA
CP030361.1_gap7	128170	133144	4974	ACCGGCGATACCGAGCGGGTCGTCTATCCACAGGGCTACGTCACCAATGCCCTCTACACCCGCAATTGGGGCGTGGAGCTGACCGCCTCCACGCCCAAGATTGAGGTGATTCAGACCTCCTTTTCCCTGAATCTCTCCTACAACCAGAGCTACTACTACAACCGGTCCAACAGCTTTAACGCCACCGATCCGGTGACGAAGCCGGAAAATGAGATTCGGTACGGCGTCTACCCGAATACCAAGCAAAAAAGCGGGCGGCTCCAGGGCACGTTAACCTCCACGCATCACATTTCGGATCTCGGACTGCTGCTGACGCTCCGCACCGAGGCGTTTCTGTACGACTACGAGCGGACGCTCGACAATTCAAATCGGGCCGTCGCCTACGTCAATGACGAAGCGGAAATCGTCCCGATTCCGGAAGGGGAGGTGGACGATGCGCGCTTCGACGTGCTGGACCGGGCCCCCTCGGAAGGCACCTTCCGACACTACCCCCCTTTTGCCTACTTCAATCTCCACGCCAATATTAGCAAAGACATTGGCAAGGCTGTACGACTCTCTTTCTTTGCAAACAATGTTCTCAATCTACGTCCCCGCGTGTGGAAGAATGGGCGTCCAAAAGAGCGGCTCAACCAACCGCCCTACGTGGGGATGGAACTCCGCCTTACTCTGTAACCGAGACAACACGTAGACCACGATGAACGCACTGCTTCGTACCCCCCTTCTGTACCTGTGTCTCCTGATCACCGGGGCCGTCTTCGCGAGCTGTGATTCCAATCCGTCCGGGGTAGAACCGGTCGACATCACCGTCAATCTGGCCTTCAGCGAGGTCTACGACAGCGCAGCGGCCGCCGGGACCCGGGTGACCCTGACCAACATCAGTTCGCAGGAAACCTTCGAGGCGGAGGTGACCGAGGAGGGACAAGCGTCCTTCCAAGACGTGCCGGCGGGAGACTATAACGTTTCCGCCGTGCTCACGCTCGATCGCCAAACGGTCTTCGAGTTGACCGGCAACTATCCCGACAAAGACGAGCTGTCGTTCAATGGCACCGTCAGCGACGTGCGAATTAACCAAAATACCGAGCCCCTCACGGTGGAACTCACGGCAGGCCGCCTGGTCGACTTGGTCATCAAGCAGATATACTACGCCGGTTCTGACATCATTGAGGGGGCCGGCTTCCGTGATCAGTATCTTTCGATCTACAACAACTCCAACCGCGACATCAACCTGGACGGGCTGTACGTGATGGGCGTGCACGGCAATAGGACCCCGGACGGTGAAAACAGCCAGTACTTGACCGAAGACGGGCAGTTCGACTGGAATCAGTCGGTTGGCATGCCGGACAGCGTCAACGCCAACGAGGACTTCCTCTACGCCAAGTACATCTATCAAATTCCGGAAGATGGAACGCCCGATATCTTGCCTCCGGGAGAGAGCGTGGTCATTGCACAGAACGCGCTCAATCACAAGCAGCCCTACGTCAACGCAGAGGGGGACACGGTTTCGGCCGGTGATCCGAGCCTGACGGTGGATCTCAGCGGGGCCGATTACGAGGTGTACCTGGCCGACCAAATCGATGACCCGCAGCCCTCGGACCTCGACAACCCCAACGTGCCGAATCTGCGCAGCATCTTCATCTTTGGGGACGACTTCATTCTCGATCCGCTTGGGCGAGATGCCTACGCCCTCTTCCGCACCGATACGCCCGCCAGTGACTTCGAGGCGTACGCCGAGCCGACGGAGCGGGACGTTACCGAAAATACGACCCTGTACCCACAGATCCCGACCGACTGGATTGTGGACGCCGTCGAGACACAGCCCGCCCCCACCGACGATCAGATTCCGCGGAAGCTGCAGAATAGATTGGATGCGGGCTACACGTTCGTGCCGGGAGACTTCTACTCCTCGCAATCCGTGATTCGTCTGCTCTCCAAAGACCAGGAAGACCGGTCCATCCTGGAAGATACGAACAACTCCGAGGAGAACTTCACCTTTCTAGAGAAGGCGACCCCACGGGCGATGCCGCCCCAGACGGCCAATACCCCAACCGGTACGCAACGACAGCGTCTGCGGACGAAACGGGAGCGCGCGATTTCCCTCGATACGTTTGAGTCCCGGTGGGCCCCACGCGTGAACCGATGATGGATCCTGTCCAACGGCTAAGCCTCCTCGTAGCACTCGTCCTCGGGCTCTTCTGTGCTGCAGCGGCCCCCCCCGCTGCAGCACAGGGCCTGTCCGGGATTCGTGGGGACGTGTCCACGTCCACGTGGCTTTCCCTGAGGCACGGAGCTGAACTGCCGATTCGGTCGTTACTCGCCGACACTACCTACAGCGCCAGCGTCCTACAGGCGACCAACACCCAGGGCCCGCTCCGCACGTATCAGGACCCGGAGTCTGCCCGTGTGGGCTCGTTGACGTCGTACGGGCTTACGTCGTACAAAGGGCTCCGATTGGAGGGACGCTTTCAGTACCGGAAGGAGCGTCAAAACGGAATTGGGTGGAAGCTCGGTCGCAACGTCTCCCGTCGGCCGTACTACTTCGCCAACATCAAGCCGGGGGACTGGGACAACGATCGCTATGAGGTGAACCTGACCGGAGGGACCACATTTTTTGGCGATCATTTGCTCGTGGCCGGTGGGGCAGACTATCAGGTCGAACGCCTAGCCCGCTACAACGACCCCCGTCCAAGTCTCAACTACTACAATCTGTTTGTAGAAGGACAGGTGGGGGGGCGCATAGGCGGCCACACCGTGGCGTTGTACTACGGAACCGGCGACGCCGAAGAAAACGGCGACGTTAGCAACTACAACCGCGCGCACGACAGCTTCGGCGAGCGGGAATACAATGTCATCACGACGACGGGGCTTGGGAGCTACAATTTCGCGCGGTTCGGCTCCTACGAGCGGCCGACGACGCGAACCGAGGTGGGGGTGACGTACGCAGTCGACGGGAACCACGTCCAATTTACTGGGGAACTGGTCGGGGGACGCAGTGAATCCGAGTTCATTCGGACGGTCAGTGATACCCGCGAGACACCGGGAACCTATCGGGAAGAGACCGTGCGGGGGACTGCTTTCCTGACCGTCTCCCAGCCGGGATACCGCCTGCAGGTGCGAAGCGAAACCCAGTACAAGGACGGGCACGACCGGAATGAGGTCTTTGCGGGGGCGAATTACTTCCGTACCGGATGGCGTCAGAACCTTGATCTGTTTGTCCACTCTCAGGCGGAGCCCCTGACGCTCCAGGCCACCCTGGACTACAACCGCCAATCCGTCACTGATCGCAACGCCTCCCATCACTACGAATACGCCTGGCTGGCGCCGGGCCTGTCGGCACAGTACTCGTGGACGACGGGCCCGCGGCGATACACCCTCATCCCCGGGGCGTCCTACCGGATGCCGCTCTCGCAGTCCGCCCGCGTACCACGGAAGAACCGAAATCTGTACACCAAGTATGTTCTCGCTCCGGATTACTACAGGCACACCGCTCGTGTTGTGCGGCTCCGCGGAGGCGTTCAGCTCCTGCAACAGTTTGAGAAGCTGTCGGTCGGGTTGCTGGTCGAGTACCGGCGCCGGATGGCCGTCGAGGACGGAGTGGTTCTGGGGATCCCCGAATTTCTGCCGGGAGAGACCCGAAACACTATTTCGATGACCCTGCAGTTCTTCCATTAGCGACGACGCACAATCAGTGTCCTCAACACAGCCACATTTCCCTGTATGAAAATACGCCGTTGTTGTCTGGCTGTACTCTCGCTCCTACTGCTCGCCTGCGGCGATACTCTTGAAGAGTCACAGGAACGCAGCCAGGCTGCTGCTGACTCAGCCCGTCAGACGTTGGACGCGGCCGATGACCAGGAACAAGATGTTGTCATCACGGCGGATTCGATGAGGGGCTTCTCGCAGGAGGTCTTCAATAAATGGAAAAAGGAAGAGGAGGCGGCGTTCTCTCATCTTGTTCGCGTCACGAGTCTAGATAGCCTCAAACAGTACGTTGAGGTTCAGTGGACGGGGGACAAAGAGCCGACTCCCAGTGCTGTGTTCGACGGGCGCAAGTATTACGTCGATCCGGACAAGAAGGGCTTTTTCGTACAGGTGCACACGGTCGAAGATACTCCTTGATGGGTCACTATCTACCGGAGGGCTTCGGCCGTACCCGATCGGGCACAGATGTCCCGGCGCGGAACGGCATTCCCTGTCACGGGCAATCGATGATGAACAAGTACAACTGATGCGCGACGGTCTACTTCTGGGGGGTACGCTACTGGTCCTGATCGCGGTTGTGATCTGGGACTTCCGTTCGTCTCCCGATCTCAGTGATCCCGAGTCGCTTCGGAAGGTGTACACCTCCGATCCGTCCGACTGGCCCGAGCCCACGGTCGAGGACTCCATCCAGTGGAAGGCGTTGGGGGTGCTTCCCGACTCCCCGTACCGGAACGTCGACAGCTTGGAGAGCCTGACGACCCTCGGGAAGAAGCTCTTTTTCGACCCGCGCCTCTCCTCGTCCAACCAGATCAGCTGTTCGTCGTGTCACGATCCGGCCCGGGGGTGGTCCAACGCGCGGCCCACGGCGGTGGGGCACGACCACCAAACTGGCAAGCGCAACGTCCCCAGTCTGCTTAACATCTGGGCGATGGATCCGCTTTTCTGGGACGGGCGCGAGGACAGCCTGGCTGCCCAATACATCCACGCCGTTTCGGATTCGATCGAGATGAACCAGGACCCGGACGCGCTCCCCGGCAAGCTGACGGCAATTCCGGGCTACAATGCACTGTTTGCCCGGGCGTTTGCGGACTCGTCGGTCACGCTCGGGCGCATCGGGCGGGCCCTCGCGCAGTTCCAGCGGACCATCGTGAGTCGGGAGAGCGACTTCGACCGGTTCGTTCAAGGAGAGGAGCAGGCGCTTTCGGACGAGGCCCTGCGAGGCCTGCACCTGTTCCGGACGAAGGCCCGTTGTATGAACTGTCATCACGGCCGCCG
CP030361.1_gap8	134243	136967	2724	CGTCCGCGTCGAGGCCGACGGGCGGCAGCGCCTCTGGCGGTATCGGGCCGACGGCACCCCGGACGCTCCCGTTCTGCCCGACGCCGACTCGGTGGGCTACCACGCCTGGCTCGACAGCAGCCGCGTGGCGCTGTTCGTCCTCGGCGCCCCGCCGACGCTCCACGTAGCCAACGTGAAGAGCGGCACCGATACGGTCGTGGCCCGCCGCATCGGCCGCTCGCTCCAGTCGGTGCCCGGGCGGGCGGACGTGAGCTTCGTCCAGGTGGGGCCCGACTCGTCGGTTGCGATCCACCGGCTCGACGGCGCCTCCCTCACCACGCGTCGGCTGACGGAGGCGCCCACGAATGCCCCGACCGGCGACCACGCCTGGACGCCGGGTGGACACCTCCTGATGACGACCGAAGACTCGCTCGTGGCGTGGCGCCGCGGCAGGGCAGACTGGCGCCCGGTGGCTGCGCTGGACACGATGGACGTCTCGCGTCTCGCCGTCTCGCCGTCCGGCGGCCGACTGGCGATGGTGGCCGCAGAGTAGGGAAGTGGGGCGCGGGGCCGACGGGAGGTTCGATCCGGGCCGAGTGTGCCCGACGCGGCCAACGGCGCTCCCGGAGCCCGGCGGCACTGGGGCTGGACGGCCCCCCTCACCGTCCACGTGCGCACTTCGCGGCAGACCCGGCCCAGAGGGCCGACAGGTTAGGGCGCAACTCCATCTGGAGTCAGCCGTAGAGGCGACCTGACACGCACGCCGCTTCCGTCACCAGAAGACCCCGCGCCCATGCGAAGCAAAGGCGCCATCACCCTCGTCGTCCTCGTGGTCGTCCTCGGCTTCGTCGGCTGCGGGGCCACGAGCTCGTACAACAGCCTCGTCCAGAGCGACGAGCAGGTGCGGGAGGCGTGGTCCAACCTGCAGGCGACCTACCAGCGGCGGGCCGACCTCATCCCCAACCTCGTGGAGACGGTGCAGGGCGCCGCCGATTTTGAGCAGGAGACGCTGCAGTCGGTGACGGAGGCGCGGGCGAAGGCCACCTCCGTCCAGGTCAGCGCCGAGGACCTCGACAACCCCCAGCGGCTCCGGCAATTCCAGGAGGCCCAGTCGGCCCTCGGCAAATCGCTCGGGCGGCTGCTGGCCGTCTCCGAGAACTACCCGAAGCTGCAGGCCACGCAGAGCTTTAGCGACCTGCAGGCCCAGCTGGAGGGCACGGCGAACCGCATCACGGTGGCGCGGCGCGACTACAACAGCACCGTGCGCCGGTACAACACGCAGGTGCGCTCCTTCCCGACCGTGGTGTTTGCGAGCCTCATGGGCTTTGAGCCGAAAACGCCGTTCGAGGCGGAGGCGGGGGCCGAGGAGGCGCCGGACGTGGACTTCGGCAGCGATTCGTAGCGCGTGAGGCCTGAAGGGCGCCCAATCGGCATGTGCACCCCGTCTCGATTCCAAACCGAATGCAGCGTTCCGCCGTGCTTTCGCGTTTCCGCTCCGTCCTGCTGCTCGGCGCCGCGCTGAGCCTCTTCGCGGCGGCCCTTGCGCCGACGGCCGCGGCCCAGCGCTACGACTTTCCGCCGAAGCCGAGCGGGCCGGTGCTGGACCAGGGCAACATGCTCTCCGGCGGGGAGGAGCGGGCGCTGGCCCGCAAGCTGGCGGCGTACGAGGACACCTCGTCGACCGCCGTGGTGGTGGTAACCCTCTCCTCCCTCGACGGCGCGCCCGTGGACGACTACGCCATCTCGCTGGGGCGCGACTGGGGCGTGGGGCAGGAGGGGAAGGACAACGGCGTGGTGGTGCTCGTCTCGAAGAACGACCGCAAGATGTTCATCGCCACGGGCTACGGCGTGGAGGGGGCCCTCCCGGACGCCATCGCCAACCGGATTGTGGAGCGCGTCATCACCCCCGCGTTCCGGAACGGGGACTTCTACGCCGGGCTCGATCGGGGCACCGACGCCATCATCCGGGCCACCGCGGGGGAGTACACCGCCACGGAGGAGGCCGTTGCGTCGTCCTCCGACGACGGCGGGGTCTCGACGACGCTCATCTACATCTTCCTGATCTTTGCCTACTTCATTGGCAGCTCGCTCTGGCGCGGGGGCGGGGGCAACAAGAAAGGAGCGAAGACGTCGACCCGCCGCCGCGGCGACCTGCCGATCTTCATCTGGGGCGGCGGGGGCTCGCACGGCGGAGGCGGCTTCGGCGGGGGCGGCGGCGTTGGCGGCGGGGGCGGCTTCGGGGGCGGGAGCTTTGGCGGGGGCGGCGCCGGGGGATCGTGGTGAGGCGTGAACCGTGATCCGTGACCTCTTTCCCTCACGCATCACTCTTCACGCCCCACTCTTCACGCATCACGCCGTCCCTCCACCTGCCCGTCCGGTTGGGAAACGCTACATTCGACACACGCCACCGCACAGCTTTGACCATGAGTGCCGACCGCCTGGAGCAACTGAAAACCTTCCACGAGGAAGACCCCGAGGACCCGTTTACGCGGTACGCCCTCGCGCAGGAGCACCTGAAACACGACAACGCCTCGCGGGCCCTCGCCCTGTTTGAGGAGCTCGTGGAGACGGACCCCGACTACGTGGGCACGTACTACCACCTCGGCAAGCTCTACGAGCGCCTCGACCGCACCGACGATGCGATCGACACGTACGCGCAGGGCATCGAGGTGGCCCGCGAGGAGGGCACCCAGAAAGACTTGTCGGAGCTCCAAGACGCGAAGCTGAAGGCCGAAGGCGTTGGCT
CP030361.1_gap9	147273	148139	866	GTCAACGGAACCGAGCTCTGCGAGCAGATCAAGAGCGCGGAGGCCCTCCGGCACACGCCGGTGCTTCTACTGACGGCGCGGGCGGGCACGGACGCCGAGGTTGAGGGCCTCAAGACGGGCGCCGACGACTACGTTACCAAGCCCTTCGACGCCGAGGAGCTTCGGCAGCGCATCGCCAATCACCTCGCCGCCCGCGATCACCTGCGCGAGCGGCACCGCTCGGAGGTGCGGGTCGAACCCATTGCGGCGGTCGTGGACGAGGAGGACCTCCCCTTCGTAGAGGAGGTGATCGAGGCGGTGCGGGAGCGCTTGAGTGACCCGGGCCTGACGGTTTCCCAGATTGCCGACGCCGTGGCCCTGAGCCGACGCCAGCTGACGCGCCGCCTGAAGGACGCGGTGGGGCAGACGCCCGCGGCCTTCTTGCGGGAGCGCCGGATCGAGCGGGCGAAGGAGCTGCTGGCGGAGGCCCCCGAGACGATCGCGGAGGTGGCCTACGCAGTGGGCTTCCGCTCGCCGTCGTCCTTCTCGAAGACCTTCCGCGAGCAGGTTGGGCACACGCCCAGTGAGTACGTCGACCAGGAGGAGGCGTAACGGCGCGTCGTCCGGCGAATGCCCCTGGGGCTGGGACGCATATCTTTCCGGCGACGTCGTTGCTCTCTTCACGTGTCGGCGTGATGGCGTATGGGCGTCCGGCAGAGAGAAATGCCCGCGCCCCTGTCTCTTCTCTTCCCTCCTTACCCCCACACCCTCTCCACTCCCACGCTCTCAACCTCCAGGCGCCCACGCCCTCGACGCCCTCCCCAGTCCGACAAATCCTGTCGCGTGCGGGACACGTCTCGTGAGCGCAAGGGATTGTCCTACAATCG
CP030361.1_gap10	156954	160936	3982	GCGCCCCGAGCACCGTGTCGACGATGCGCTGGGAGGTTTCCACGTTGCCGCCCGCCACCGCGTGCGGCGCCTCGGCATTCACGAGACATCCCTCCGGGGCGGTCACGGAGACGGGCGCGAGGCTCCCTGCATTTCCCGGAATGTCACCCCGGGTAAGGCCCTGCACCACGTAGTAGCAGGCCGATTTCGTGATGGGGAGCACGGCGTTCAGGTTGCCGTCCACCGCGTCGCCGGTGCCGTCGAAGTCGAACGTGATCGTGTCGCCCTGCACCGTCGCGGCCACGCGGATTGTGGCGGGGTCTGCGTCGCCCACCTCCACGTCGTCGGCAAAGGCGTACGTGCCCGCGGGCCAGTCGGACAGGGCCGCCCGCGTCCGGCGCTCGCTGTAGGCCTGCAGGTGGCGGGCGTAGGTCGTGACCTCGTCTGCCCCGTGCGCCTCGGCGAGGGCCTGCAGGCGCTCCGCGCCGACCGTGTGGGCGGCCCGCTGCGCCGAAAGGTCGCCCCGTCGCTCCTCGGGGGTGCGCACGTTGCGGAGGAGCGTGTGGAGCAGTGCGTCGTTGCGCGTGCCGCCGTCGACCAGCTTGACGGGCGGAATGATGGTGCCCTCCTGTACCAGCTCGGTGGCGAGGGGGAGCGAGCCGGGCGTCATGCCGCCGACGTCGGCGTGGTGGGCCCGGCTCGCCACGAAGAACGAGGGCGCGTCTGCGGTGCCGACGAACACGGGCGAGACCATGGTCACGTCCGGCAGGTGCGTGCCGCCCGCGTACGGGTCGTTCAGGATCACCACGTCGCCCTCGGCCCAGGCGTCCACGGCGGCCCGCGCCGCGTCGACGCTCGCGGGCATGGCGCCCAGGTGGACGGGGATGTGGGCGGCCTGCGCCACGAGGGCGCCGCCCCCGTCGAACACCGCGCAGGAGAAGTCGAGCCGCTCCTTGATGTTGGGCGAGTGGCTGGTGCGCCGGAGCGTCACACCCATCTCGTCGGCCACCCCCTCAAAGCGGTGGCGGTAGAGCTCCAGCAGGATGGGGTCGGCGTCGGGCATACAAATGGACCTGTAAGCGTGGAAAGCGCCGCGACGGGGCTGGGGCGCAGGGACGTGGTCTGCTTCTGCTCGTTCCATTACGTTCCGGAAGGGGCGTCTTGGCGCCCAGACACAGATTTTTGAAGAGCCCCCTTCGTCACGTGCACAACGCGCCGCTGCCGAAGGGCCGGAGAAATATTCCTGAGGGGCGTTCCAGCACCGTCAGCCCCGGGCGTCAGGCGAACGGGCGGCTCGGTGCTGTAAACTCATCGGATCTGCATCTCAGTCCCCACGACTCCCCCACTCCTCGTGGGCTAGCGTCTCCGCCTCGGGTTCCGCCTCACGGCTGGCGTTCGAGAGGGGTTGGCAAGGCGGGGTCGGACGCGTGAGGGCGCCCACTGCGCACACGACCCGGCCACGCTCCGACTCTTCCTGGCTTCGGCGTCGGGAGGAGGTCTCGTCGATCATCGAGCCGCGGGGCAGGGAGGAGAGCCAGTCGCAAATTGCTGTAAGTCGGTGAGCGTCAACGCGACGCGGAACGGAATAACGTCCGTTGAACGTGTTCAGCCTCGGTGGGCCACCGCGTCTCTGATCGGCGAATCCGCCCTCTCACCCTTTCGGGGCTGTCGGGCAGTACAGGGCGGATCCACTTCCGGCACCCCTCTGGAGTCCCTGAACAGGGGCCGCTTGGGCCCAGGGCGAGGAGACGTGGGGCTTAACGATTGACAAGAGCGGAGTGTTGGGCATCAGAGCATGCCCTGAGCGGCTCAGCGTGCGGAATGGAGCGTGCATTTCGGGGGCAGATACGAACCCTGGCACAGTTGTTGGGAACCTGGCATGTACGCTCGGCGGCGTGAGGCAAAAGGCGGCTGGGGCGTGCAGTAGGGCTCCCGTCCCCCTTTGCCCCCGGCCGAGCCCCGTGCGAATTGTGCATGCCCGTCTGCAGGGCCCCAGGGCAACGCCCATGGAGGCCACATGCGAAGCAGACGGCGCTCTCGCTTCAGTACCCCACCGACAACCGATTCGATCCCGATGCGTTGCTCCCCAGTGCTGAGCCGCCTTCGAACCGCCGCCGTGCTTCTGGTAGGCATGTTTCTGTGTGCGCCGTGGCTGGGGTACGGCCAAGAGACCCCAGAAATTGAAGGCACGATCACCGTGCGCACCGACGCCGGCGGATCGGAGACGCTCCCCCTCGGAATAGACCCCAATGCGACCGCCGGGGTGGACCCGGCGTTTGGAGAAGCCGAACTGCCGCCCCCACCCCCGTCCGGCGTGTTTGATGCCCGGTGGATTGACGACGATGTCCCGCCATCGACGTTCGGGGAGGGCCTGCCCGTCGACGTCCGGCAGGGGAGCGCGAGCGCCACCGGGACCCGGCAGCACGAGATCCAGTTCCGGGCCGAGGACGCGGCCACCGAAGTCGTCATCGAATGGGACCTGCCGGCGGGGGTGACCGGGACGATCGTGGACAAATTTGACGGCTCGGTCTACGGGCCCGTCGAGATGACGGGGAACGACTCCCTCACGGTGAGCCCGGGCGACCCGGATGCCCTCCTCACGATCGACTACAACAGCGCGCCGACGCTCGACACGAATGCAGGCACGACGCTGGACGAGGGCGGACAGGTGACCCTTTCGACCGATTCGCTCAGTGCCTCGGACCCGGACCACGACCCATCGGAGCTCACATTTACCGTGACGAGTGGGCCGACGGAGGGCGTCCTTCGGGTCTCGGGGACGGCGGCCATGGAGTTTACGCAGCAGGACCTGATTGATGGGGCCGTCACGTACGACCACACCGCCGACATCGCGCCCGGGGACACGCCGCCCGACGACGCCTTTGCGTTTAACCTGCAGGACGGCAAGGGCGAGGGCCCGACGGGCAACGTCTTCTCGGTGTCGGTGCTCGGGACGAACGACCCCCCAACGGCCGCCGCCGACGCCGACACAACGCAGCAGGGCACGCCGATTTCCATTGCTGCGCCAGGGGTGCTCGAAAACGACAGCGACCCCAACGGGGACCCGCTTTCGGTATCGGCGGTCAACGGAAGCCCGTCGGACGTCGGCCAACAGATCTCCTTGGCGTCCGGCGCGCTCCTGACGATCGAGACGAACGGGGCCTACAGCTACGCCCCAAACGGCGCATTCGACAACCTGAGCGACGGGGAGACCGCCTCGGACAGCTTCACCTACACGGCCAGTGACGGGAACGGAGGGACCAACCAGGCCAGTGTGTCCCTCACCATCGAGGGCCTCAACGGCGCGCCCGTCGCGGCGGATGACAGTTTTGCTACGTACGAGGACAGCACGCTGACCGTCGACGCGCCCGGAATTCTCGGAAATGACAACGATCCGGACGCAGATCCGCTAACTCCCTCAGTGGTATCGGACCCGAGCAATGGAACGGTCACGCTGAGCAACGATGGCTCTTTCGAGTACGTCCCGGCATCGGGATTCGCCGACACCGACAGCTTCACATACGAGGTCTCCGACGAAAGCGGCGCCACCGATCAGGCCACTGTGGCGCTCACCGTGAATGGAACGCGCACCCTGGCCCTGGACGACGGGTGGAACCTGGTGTCGCTGCCCTATCAGCTGGAGGACCCGACCTTCGGCTCGGTCCTGCCGTCGTGCACGAGCGGGTTCGGTTACGACCCGGATTCCGGCAATCAGTCCCTCTCGGGCGGGGACACGCTCACTGTCGGACAGGGGTATTGGGCAAACTGCCCGTCCGGAACGGCGCAGGTGACCGGCGTGAAGGCCGACGCGCAGACTGTCAGCGTCGCCGCGGGGTGGAACCTCGTCGGGCCGTTCGGCGACTCCACCGACACCGGAGCGATCTCGTCCGATCCGCAGGGCATCGTTGCCTCGTCCGTCTACGGCTTCGATCCGTCGGACGGCTACACGCCGGTCTCCACGCTTGCGCCGGGCGAGGGGTACTGGATCAACGCCAGCGCGTCG
CP030361.1_gap11	168415	170455	2040	GGAGAACAGTGTCCGGCACGCATCGACGGCAGGGCATTCGGGCAGTGGAACCGACGAAGAAGGGACTGCGACCCCGACGCAACGACCTGTTGCGCCGCGAGCGGGGGGGGTCCGGGGGCTCAATCCCGCTGATGGGCCACGACGGCCGTGAACAGTGACCGGCCCGCTGGGGCGTCCGGAACCGGGACCGGCAGCGTGGGAGGACCGTTCTGAATCTGTGCACGACGGATTGCGCCGGGCAACGCCACAACTGACAGAACAGACCGATGCTGAGGCAGGAAGTGGATATTGAGTTGGCCGACATGGCCGACCAGCTCGGCGTTACGCTCCGCCGGCTAATGGCAGGGCTCCGGGCGGGGCGGTTCGCCGAGCACGTCACCGAGGACGATCTCGTGTACAGCGACAAGGGGGACCCTCTCTTTTTCCGCATCGAACGATCCCGTGGATACGCAATCTGTGGAGAGGACCTGCCCGATGTGGAACAAGACATGAGCACGGTGGAGCGGATGAGCACGTCCGCGGAGACCGAGGAGGGCACGACAGAAGAACGCGGCGTGTCAGCGACGGCGGGATGGCCGGGCATTGGAACGGTCGCAGGGGCTGTGGCGCTCATCAAGACCGCATTCCGCGGCGGGGTTGCCCTTCTCGGCAGGCTCTTCAGCGGGCTTGGCAGGCTGCTTGAGAAATGGCCGTCCAGTGAGCGGCCGTCCAGACGTGAACTGCCGGGACGGCGGTTGGGCGCGATCTATCAGGAGGGCTGGAATGCCCGGCTGGAGGGGAATCGGTCCAACCCGTATCTCGACGACCCACCGGCGCGCAACGCCTATCGACAGGGATGGTGGGATGCAGACGAGGAGATGAAACGTCTCTTGGCGTCTCACTTCGAAGTGGAGTGCCGGACGTCCGCTCGCGGATAGGAAAATGGCCGTCCATTGGCCCGATCCTCAACGCGTAGGGGCCGGCCCTGAGGGGCAGTTTCATCCAAGGCACGAGTCGGCCCCGGGGACCGATCCTGTCAGATTTCATGCTCCCTTTGTTGATTCCCCCAGGGGGAATTTTGTTATACTAGTGGTGAACACATTTCGGAAAACATCAGGGTGCATTCAGAAACCACTCCGGTTTCTGCTTCGCAACCCAACAGGTTTTGGCCCGTCTCGGAGTTTCCTCCCCCGCCCACACTCTGAGTCGGGCCATTTCTGCGTCTCCGGCCGACATCGAAACGCCTCGGCCGGTGGGGGGCGCGGCACGGGCGTTGGCGTAACGCCCCTACCCGAGCTTCTCTCTGGCTCTCGCCCGGAGAATGTCCCGCTGACGCGACGGCGAGATTGGCTCCTCGATCGCCACGTCTACGAAAAACACCCTCGGAAGTGCGTGTAGCGGACCGGGAGCATCGTCCGGCACCCGTCTCAGTTCGGAGTCCAGGATCTGCCGGCCCGCAATGCGGCCGGTGCCCCGTCTCCGGAAGCGGCGTGCCAGATCAGCCCGGCTCTGTACCCCCCCGGGATGGATGCGGCCCTCCTTCAGACGACAATGGTCCCGAAGCCCGCGCGGCATCTTGTCTCGAGGAACATAATCGGTGCTCCTGCCCAGCGAACCGGTGCTTCCCGACGGACCCGCATTCTCCGAAGAACGTCCACGTGTCGGGCAGCGGCGGGCGTAGTGAACGACGACATCTTCCGTCTTCTCCTGACACAAGAGCCGCCAGCCGCAGCGGGCCGTCTCCGGAACGGAAAACTCCCCGATCGGATCGCGGCCGGTTTCGGCAACCCATTCCCAGTACTGTGCCCATCGCTTCCGTCTTTTCTCGGGGGAAAACCGCTCGCGGACGCTTCTGTGGCGGTCGCTTCCCCACTTTGGGGCGCGCCTCAAGGCCTGCGCCCCGTGCTCATCCACCGAGTAGAAGCGCTCGACGAGCGCCCCGTTCGTCACTGTGACACGACTTTCGATGGACCGGCGCTCCCAGGTGTCCGACGCCTCGTGGCGCAGCGGCACTGAGATGTTCGCGATCCGAGAGCCCTCCTCGGGCCGCTCCGTCTCCCA
CP030361.1_gap12	173730	176578	2848	GCTACTAAGCCCATTTCTCGTCCCTTTTTTCGAGACAACGGTTCAGAGTATTGCGACTGACCCCAAAGATGCGGCTGATTGCCCGTTTTGATCCGTGTTCGCGATAAGCCCGGAGGATTTTCTCTTTTTCCTCCTCGGAGTAGCCTCGTGGCTCGGGGGCGAGTACCTTGTGGGCTCCACAGTCTTTGCAGTGGTATTGCTGAGAGCCACTGGCGCTATGGCCGTTTTTGACGATGTTCGAGGAGCCGCACTCCCTCCCGCTCGTAGGTCTCTTGGACCATCGGACAGGCCAGGCTGGTGAGCCAGACGCGACACAGTTCAAACAGAGAATTTCACTATTTGTTGAGCCGCTACCCTACATAGAAACCAGTGACCTCGAAACCCACCTGCTCGAATGCTACCTGCTTGTCGACGATTACCTGCAGTCGAACCCGAAAGTGGCCGCTTGGCGTCGGTCGAACAATGACGATCCAGATTTCACCGATGCCGAGGTAATCGTGATCGCTCTGATGCGAGGGGACTTCCGAACCGACACGCTCAAACGCACCTATCAGCTCGCCATCGCCAACACCAAGGGGGCCTTTCCCGACCGTGCCGGGTACAAGCAGTGGATTCGTCGCTTGAGGCAGCTGCCCGACCGAGTCCGTCTGCTGGCCGAGGATGGCGCGAAGTTCGGCGCCCGCGGCCTCGGGCCGCTGGTTTTACAGGTTCAAGATCCATGCGCTCATCCATCAACCGACACAGATGATAATCACCGTTATGTTTCTTCCAGGTAACCGAAGCGACCAGGTCGCCGCTCCCCCCCTGGCGCGGTCGACGAGCGGAGGCGTCCTTCTGGCCGATGAGGGCTATCGGGGCAACGACCTCTTCGACTGGCTCTACGACCAGGCCCAAACTCTTCGCGCGGGCGCCATCGGACGATCTGAGCGAAGACCATTCGACCGTTAGTCGGGCCAGGCAGCAGGCCGAAAGCAGCTTTTGGCCTTTGGCGCCGGTTCTCGAACCGGGTGTACGCTCGGTCCTAGCACGGCCTATGGACAAACCTGCTGCTGAAGGTGCTCCACTTCAACCTGGAGCAGGCTGGTCTCGTATCTCGATCCGCCAACTCAACCCGCGACTGAGATTAACTTAGGTGGCCATCGGGCTGCTGGTTGTCGTTCAAGTGTGGGGGCTCACGCATCAGCCGTCTTCGGGGAAGCCGTCGCTTTTTCTCTGACCTGTGTACGTGGCTTGTGCGCCTGCCTTCTCCGATCCCGACTGTCGCCTCGGCATCTCTGAGGAACGCGGCCGCCACAAACGTAGTCCTGGCCGCTGTTCTCAACCTCTACAGGGACGGAAGCACCTGGGCTAGGTTTGAGCATGAGTGGTGAGGCCAAAGATAGAAAACTTCAGCCCACCCCAGATGCACATTCTCCCCGTAGATTCTGCAGAATTTACCAGTAGTATTCTTCCTGACGGAGAAACCGAAATGTCGACACCTTTTCGGCGGACTAGCCTAAAGCCCTCCTGAAGAGTACTCGGTCACTCCGCTCCAAGCGCCTGATCTTGTATAAAATAGCCTCTGCCTTCGCTCTCAGAAGCCCCAACACTTCACCGCGTGGGAAATCTGTAGCTAGGGTCAAGAATCACGGGTAAATTTGGCGCATACAGCTCGCACTGTTTTGGATCATTGATATAAAGGCATATTGCCAAAAGGCTCATGACTTGACAGGAAAATATATGGTTGAGTAATATCCATTCTCCCTGTTTTTGTGCGTCCGGTTCGGATATAATTACGTAGTCCAACAAACCTCGCAGTTTCAAGTCTGCCTTGTCAGTGGCAAGTGGTGGGGTGAATCAAGCCGTGTTCGAGTTCTTAGATCCGTTTATTTCCGGTTGGGCATCCCGGTTGGTACGGAAGTGAGGAATCGCACACCATACCAGGAAGAGGCCCATCCTCTCATCGGCACGTTTGCATCGCCGCAACTTCTGATGCCTGCTGTCCGCTTCTGGCCTGTACGTTATCTCTTCACCATGCTTTGTCTCACCTCTGTGGGACTGGTTGCCCTTCAATGCTCTGGAGAAGCAGAGCTCACCGCCGACCAGAAGAAGAAACTGGACGGGCGACTGCAGCGGGTTGTCCTGGACGGGACGGATGCAGATCTACAGACTACCACCCGCGAGGATGGATCGGTCGCATACCATTTGTTCGTGCGAACCGACGATGCAGAAGCGCTCAGGGACGCAGGGCTTCCCATCAATAGTGTTTCGGGGGGCGTTGTGACGGCGCGCTGGACGGCAGACGAAATTCGCGCGGCGGCGCGGCAAAAATCGGTTCGTATGATTGAGCCCGTGGGGGGAGGCGAGCCCCTGCGATAGTGGTTCTGAAATACTGAGGAGAGGGATACGCCGTTCTTCAGCGCGCGCGATCTCATTTTCTTTGGTTTATTCTCATCGCAGTCCACGCTCCAATGACGTTTTGCTCGGTGCTGTATCGGTCATGGACATGTGCGTTTACCGTTTTTGTCGCCCTCCTGCTCTTTCCGGTGGCGTCAGTTATGGGGCAGGCACTGACAGACGCTGAACGGTCGCGGCTGGATGCACGCTTCCAATCGGTCGTCGCGGAGGAGTATCCGGATTCGGGGCTTACGACATCAGGGGGGACCCCGGACCCGATTGAGAATGAGGGGCTTGCGAAAAGCGGCGAGGCCCGATACGGGGCAGCCATTTACACGAGCGATGTGCAGGCGCTGCGCGCAGCCGGAATTTCGATCAACTCCGTTCAGTCCAGATTTGTGACGGCACGGGTATCGGCCTCCGAGTTGCTCACGCTGGCTCAGTTGAGTGATGTGAAGTGGGTGGATTCCGG
CP030361.1_gap13	250118	254380	4262	TAGTACTGAGCCCCCCCTGCCTGGGTCTCATTGATGTTCGGGAACCGGCGTTCGGTGCGCCCCAGCGTGTAGCTGAGGAAGCCGGTGAAGTCCCCGGTCTCTCGGCGCAGCAGCGCCTCCAGCCCGTAGGCCCGCCCGTCGCCGATCTGGAACCGCTCGGCGTAGGGCACCCCTGCCGTGCCGGACGAAAACGGGTCCTCCCGGAACAGGCCGGGCATGGTGCGGCCGTAGCCCTCAACCTCCGCCTGCCAGCCGTCCCCGAATTGCGTGGTCAGCCCCAGCGCCAGCTGGTCGCCCGAAGACGGGGGCACGCCTTCATCGGACATCAGCCACGTGTCGAAGCCCGTAAAGAGCTGGCTGGTCTCCAGCGTGATGTACTGGTGGTAGCGCCCGTACGCCGCCTGCAGCTGCACGGAGGGGGACAGGGAGTATTCAGCCGAAAGGCGAGGGGAGAGGCGCCAAAAACTGCCCTTCTGGAAGTACGAGCCCCGAAGGCCCGCCTTCAGGGTCCAGTCGCCGGTTGGTTTGTACGTGTCCTGAACGTAGAGGGCCGCCTGCTGGCTGCGAAGGTCCTGGTCGAAGGTCACGGAGCCGTCGAAGGACTCCTGCAGCTGGAACGAGAGCAGGCTCCACTGGGCGCCGCCCTTCAGGGTGTGGTTCGAGCCGGGGGTGTACTCGATATCCGCATTCACCGACAGGTCGTCGACCCCGTTCGTCTGTTCGAACTCGGTGTTCGCGATGTTGGCCACCGGGGTGCTGCGGTACCGCGACCCGGTGACCTGCAGGGTCGAGAAGGCCTGGCTTCCGAAGAGGTGCGTCCAGTCCGCACTGATCGTCTGGTTTCCGTAGTCAATGTCGAAGCGCCCGGCGGTTTGAAACTGCAGGTCCAGGCGGTCCTGCCCCCCGTACAGGGACAGAGAGAGCTTGTCGTCGGGGCCCGCGTCGTAGTTGACCTTCGCGTTCACGTCGTAAAACGCGAAGGCGTCCGGGATGCCATCCGTATCGGTGCGCCGCAGCCCCGCCAGCACGGGCTCAAGGGTCGAGCGGCGCACCGCGACCATGTACGAGCCGTCCGCCGAGTCGCCGTTTCCCCCGTAGGGCCCCTCGATGTACGCCCGAGACGCGAGCAGCCCCACGCTCAGCCCCCCGCTGGTCTCGCGGCGGTTTCCGTCCTTGTTGCGGATGTCGACCACCCCTCCGAGGCGCCCGCCGTACTCCACCGGATACGCTCCCTTGTACAGCTCCACGTCCTTGATCGCATCGGGGTTGAACGTGGAGAAGAAGCCGAAGAAATGGGTCGGGTTGTACACCGTGGTGCCGTCGAGCAGGATTAGGTTCTGGCCCGGGCCCCCGCCGCGGATGTAGAGGTTGCTGGAGTAGTCCGAGGCGGTTTTGATGCCGGGAAGCAGCTTCAGCGTGCGGAAGACGTCCGGCTGGAACGCAGTGGGGAGCTCCTTAATCAGGGCCGTCTCCACCTGGTCCATGCTCACGGAGCCCTCCTCGTCGGCCGCTTCGCCGGTCACGACGACCTCCTCGCCCGCCACGCCTGCCGGCTGAAGCTCGACATCGAGACGGCGCGCCTCGCCGGCCGACAGGGTGATTTTCTCCACGCGGTTCTGGTAGCCGATGTAGGAGAACACAATCGTGTACGTGCCGGCGGAGAGGTCCTGAATCGTGTAGTAGCCCTCGCTGTTGGTGGCCGCCCCGCGGCTGGTCCCCTTGACGAGGGCGCTCGCCTGAATCAGCGTCTCGCCGGTCTCGGCGTCCCGCACGTAGCCGCTCAGGGACGCGCTCTCCTGGGCCCCGGCGGGGGTGGCCCCCAGGGTCAGGAGAAGGGCTGCGCACAAGCCGGCGAGGGTGAAGACGGAACGGGAGTGCTCAGTCATACAACTGGGAGGCACACTTGGAATGTATTCAGGCCACGCGGGCAGAGCAGGCGGCTGGACCGGCGGCGGTGCTCATCGGCGTGATTTCCTGTAGAACGGGCCCCTCATGCTCGATGCCCCCATGCTCGAGTCCGGCGGGGCCCTGTCGGTACGGGACTCTCTACCGGCACGGCGGGGGCTGCTGGTGAGAAGGCCCCTCCCGGCAACGATCCGCACACTGGCAACGGGGCCTTTGGCGTGGGGGCCCCCTCGGCGAACGTGGGGGCTTGGCAACCCAGGGCAGCGCTCCGGAAATCGGAGAGCACGCCCCCTCGCGCGCATTTCAGCGACTGGGCTCGGGGGCCCGGAGGCGCCTGCGGGTTCAAGGTCTCGAGCCGACGGTTGGGAACGTCCCCTGCTCACGTCTGCAACGCGTCGCCCCTGAAGGAATGATCTCGTCTCAGAAAAAGCGGCCCCGTTTCAGGAGGCGCCCCCCGACACTCCGATCTCCCGAAGAAGGTCTGAGAGCGGCTCGGTCGTGCCGTCGGTATACTCCACGATGACCTGCTCGGCAGACCCGTCGTACCGGAGCGTCGCCACCTGGTTGCCCTGCAGCAGCACATCGACACTCACGCGGTCACTGATCTCGTCCGCCGACGCGTCTTCGAGGGCAGAGAGCGCCCCAACGTCCGCTGCGTACTCGATCGCAAGGTCCTGCCCGACCTGCGTCGTGCCCTCGACGCGGACAGGCGTGCTTTCATCGCCTTCGGCATCGTCCGGGGAGAGGTCCACGGTTGCTGTGGTGGCGGTCACTGGTTGACCATCGTTTCGAAACCGGTCTTCGTACTGGAATGTCCCGTTCTGACCGGGCTCGAGACTGGTGGTGAAGGCAAGCGGATTCGCCGTCACGTCCAGCGAAAACGATTGCGGAATCCCAAGAAACGTGAACCCAACGTCCCTCAGGTCTACAGAGAAGATCTCTCCCTCATTTTCCAGTGCAAGCGAGGCTCCAATCTCGGTTGGTACCTGCTCTGTTGAACCTCCGACCGTGACCGACCGGGTCTCGTAGCGGCTCAGCGTAAAGGTTGCGTTGTTGCTCGGCGCGTCTGGGGACTCTGGAAACCGAAGAATGAGGCTGTCGGCCGGGCGCTCCTGGCGCCAGGCCTGCGTGTCCGAGGTCCAGACATAGACGCCCGTGCTGGCGTCGTAGTTGAAGTCCCCACCTGTCGTGTCGAGCACGGCCCCGAGGCCAGAGGTCAGCGCTTTGCCCCAGGGGGAAACGGTCTTCCCCTCGGACCCTGAGGTCATCATCGCCTCGGACAGGCGGGCAAGAGGGGTCTGATCGAACGTCGTGGCTGCTCCCTGCAGGCCACTCGCCGACTCGATGATCTGGGGTCGGGCCTCCTCCGCGGTCATGGGAGGAGAGGTTCCCCCTTGGTCGCAACCGAGAAGCCCGGCGCCGACCAGCGCGAACGCGAGCAAAAGTGCAGCACTGCGCAAACGGTTTCGCATGGCGCGATTCTCCTACTAGCAAAAGTATTTGGACCTGTGTTAACAACGGGCCGCCGGAAGAGTGCCACTCGGCCGCCAGACATCACCCATTCGGAAAAGTGTGAGGCCCGCTGGGCCGGACGAAACCCGGGCTGTACAAGCTTGAATGGGCCTGGCGCCGCATGTGGGGCCGTGAGCCAAGCCACAGCCTCGTTGGCCACCAGTTGCTCATGCCACGAGTCGGGTGTGATACATGGCTAGCGTTCTTTCTGTCCCTCACAAGGCCCTGAGAGGCTATGCGGACCCCAAGGGTCTCAAGGCTGGCGCGAATCCGATACCTGCAAATATGAATTAGGTGAAACCGAGGTGGAGAGAACGAAACTGGCCTCGGAAAAATGTTTTGTTTCAGCGGCGTTCATCGCGGCCGTATATAGAAACAAAATTGCGGTGGATCCCCCTTCGAGAAATGTGAGCACACCGGGCGGGTCCCACCCCGAACTATCCCCCAGTAGGGATCGTCCCTGAACAGAGGGATCGTTCTCAGACAGGGGAGCAGGCTTGCGGACGTGCCGTGGGCACGGGCGTAACGCTGCCCTTCCGTTCCCAAAGAGCCATTTTCTGCTGGGAGCCGTTCCGGTGCCAAAAGCTCTTCGGGCCGCACTCGCAAGTTCCCATGTTCGATTCGGCCACCGATGCCCTCTCCCGTCCTTCGGCACTGGGCCGGCGCAGTGCCTTTCAGCTGTTGCTCGTCGTCGGTCTGACGCTGACGGCCTCCCTTCTGTTTGATGTCTACGCGGACTGGGTCCGCCAGGGGGACCCGCTGTGGACGACGGTACTGGAAAATTTGGTGCCGATCCTCCTGGCCCTGGCGCTTCCCTACGTCGGGTGGAGGCTTCTTCAAAGCCC
CP030361.1_gap14	256477	259276	2799	CCCACCCCGGGTCGGGCAGCGCGAAGGCACAGGTCAGATACAGAAGCAGAAACGCGACAAGGTACGGGAGGAAAAACTCCGAGGTGGCTCCCTTCAGAAACGAAAACGAGTTCCACCAAAACTGAACGGCAAGGAGAAACGCGGTGGCGGCCCAGAGAAGGGGCAGCCAGTGCCAGTTGACCGTCCGCCGGGGGCGAACCAGTTCGCGGAGGCTTTGGGCCAGGTCGGTCAGGCCGAGGCCGACGATAATCGAAAGCAGAGCGGCAATGTATTCGGGCTGACTCATGGTCGGAGGGACGGTCTGGCCGAGATCGGTCTGTGCGAGACAGGTCTGTGCGAGACAGGTTTGGGGAGACGTTGGGCATCCGAAGTCGAACGCCGCATACGTGAGCTGCTAGGTACGTGAGCCGCTAGGGGAGAGGCGCGTTCCCTCGGAAGGGGCCACGTAGACGCCGGGGGCACGAACCGGTGAACACGAACCGGTGAACACGAAGACGAAAGGTCTTTTGGGCGCAGCGCCGTTGCGGTCGGTAGCGAGCGTGGCCGGTAGCGAGCGTGGACGGGGCCTGGGGGGCGGACGAGTTTTAGGGGGGCGCCTCCGTCTTAACCGAGACCTGCACGGGGGCATTTCCTCGTGGACCCTTCCCGTCGAGGCCTGGAGGTCCCCCTCACGGCCGGAAACAGTTCCTGTACCACGACGGGGGCCGGCACGGAGCCCAGCCGAACCGGGCAGGAGACCCTCTCCGGACCCGCCTGGCCTCGGACCGACGGGAGAACGGCCGCCGGGCCCGACAGGACGCCATCAGGCCCGATAGGATGCCATCAGGCCCAACAGGAACGAGAACCCACGCGGGGGAGGTAGCTCTCGGGACGGATGCCGTTCCCCGAACGACTCCTGTTGAAGAGTGGCCTTTCAGAACTGAAAAGCGGGCCTTCAGATTCCCCCGAGGGCAGGCCCCCGAAAAAGAAAAGAAAGGCCCCGAGACAAGCAGGTCATCGGGCGAAGAGGGCCCATCCGTCGCGCCAGCGGGCCCACTTGTCGCACGCACCGGACCGCCCAGGGGTGTTTTCAGTCCAAGCATGTGCGCAGACGCGGAGCCGCACATGCAGAAGGCATGCACATGCAGAAGGTACGCACATGTGAAAGGCACACGTAGAAGCGTGAGCGTCGAGGGAACGCTTTCCCTCGGGAAGCGCCCCTTCGTTTTCTTTGACAAGCATCTTCAGCCCGGACCCATGCAGACAGCACGCCGCTCTCAGACGACCGACCGACCTCGGAAACGCCACGACCGCAAGCGGGACGCGTCCAATTTCGACGACTACATGCTCGCCGTGGTCTCGGTGGCGCTGGTGGGCGTTCTCATCGCGCTCTAGTCCCGTCGTGCTTTAGCACCATTGCGCTCGGGGCGCGCTGCGACCGCGTTGCGCTGCGGCGCCCGGCCTGCCAGGCTGCACGCCAGGCCAGCAGGCGCGCTCCGGCCAGAGCCTCGGAGAGCGCTGCCGAGGCGGCGTTCCAGTGCCTCCCGCCCCCCGGCACAGCCGCGCCTGACGAAACGTGGCCACGCGCACCGCCGAATGCACCCGCATCTCCGAATACAGGTAGCGACACATGACCCTTACGATCGAGAACGTCTCGAAAACCTATCCGAACGGCACGCGCGCCCTGGACGACGTGTCCCTCACCATTCCGCCCGGCATGTTCGGCCTCCTCGGGCCCAACGGCGCCGGGAAGTCGACGCTCATGCGCACGGTGGCGGCCCTGCAGGAGCCGGACACCGGCTCGGTACACCTCGGGGACATCAACGCCCTGGAGGAGAAGCAGACCCTCCGCAAGCGCCTCGGCTACCTGCCCCAAGAGGTGGGGGTCTACGACAACGTCTCCGCCGAAACCCTGCTCGACCACTTCGCTACGCTGAAGGGCATCACCGATCGCTCCGAGCGGCGGCGCGTGGTCGACGCCCTGCTGAACCGCGTCAACCTAGACGGAGCCCGCGACCAGAACCTCGGGGGCTACTCCGGCGGGATGAAACGGCGGTTCGGCATCGCGGTGGCGCTGATCGGGGACCCGGACCTCATCATCGTCGACGAGCCGACCGCGGGCCTCGATCCTGCCGAGCGCGTTCGGTTTTTGAACTTGCTCAGCGAGATCGGCGAGGACAGCGTCGTGCTCCTCTCCACCCACATCGTGGCCGATGTGCGGGAGCTCTGCACGCAGATGGCCATCATCCGCGAGGGGGAGATTATCTTTGAGGGCGCGCCGGAAGCGGCCATCGCCGACCTGGAGGGACAGATCTGGCGCAAGACGGTCACCAAGGAGACCCTCCCGGAGCACGAGGAGACCCGCAACGTCGTCTCCACGAAGCTCGTCGCGGGCCGTCCGGTGATTCGGGTCCACGCCTCCGCCCGGCCCGGCCCGGATTTTGAAGCCGCCGATCCCGACCTGGAAGACGTCTACTTCACGCAGATGAGGACCGGTGCCCGCGAGGACGCACCTGTCGTTGCGTAGCCTCTCTCGCCTCGGCATCGCCCGCGCCCCTCGCGGCCTTCACTGCGGCGGAGCCTCTACTGGGGCGATGCCTCGACTAGGGCGGGGCCTCAACTGGGGCGGGGCCCTCACCCTGCCCCCCCCCCGGGGTTTGCTCCCACATGTCCGGACCGCCCCGTGCCCGGAGCACGACGTGCTCGTAGCGCCTGCACCCACGCAAGAGCTGCTTCTCAACCTGTCTGACAGTATGTTTGCAAGCCTTCTCGCTCAAGAGGTCCGGCACCGCCTGCGCCAGCTCTCGACCCACATCTACT
CP030361.1_gap15	369370	373097	3727	AGTGCGGTATCGTCCGCACATGCGAACCGAGCCGACAGGCTCTGATCCGCAACGGTGTAACCCGGCGAGTTCGCGTAAGACCTCTTCCGAGAGGCAGGAATGCAGACCCGTGGGATAAGGGCAGAGAAGCCCGTGAAGAATCCTCCGGCTTTAGCCGGGGGAGAAGTCAAGGGGCGCCGTTACGACGCGGTCGTGTCGCTTACGACCCCACCCCTCCTGCCGGTGGCCATGGCCGTGGCGCGCCTGCTCCGCGGCCAATCGTACGGCATCTGGTCGATGGACCTGCACCCGGAGGCCGAGACCGCTGTGGGGATGATCGACGGTGAGGGGCCGCTTGGACGCCTCCTCTACGCCCTTACCGACTGGAGCTATCGCCGGGCGGCCTTCACTGTCGACCTGGGGCCGCATATGAAAGAGCGCATTCGGGCGAAGGGCGTCCTCGACGAGCGGCTCCACACGATCCCCGTCTGGAACAAGAAGGAGGAGGTCTTCCCAATCTCGGACGACGAAAACCCGCTCGTGGAGGAGGTGGGAATCCACGACAAGTTTGTCGTCATGTACTCAGGCAATGCCGGGCTTGGGGTGTTGAAGAAGGGGAGAAACGCTGGTGATACAGCTTCGTCCATGAAATTTACGTCACCGAACATCGAGAAATACTGGTTATGCCGGAGACTCGCGTCCCCGTTGAGGAACTCCAGTCCCGGCTTGGGGACTGGCTCCGCCGCGTCGAGGAGGGAGAGCCCATAGTGATTACGCGAAAGGGACGGGACGTGGCTCAGATCAAGGCAGTCAAGGAGGTCGCGAGGGAGGACTCACTCCCGTCTTTAGAAGAGTCGCGCGCCTCCGTTACAGTGAGCGGGGAGGATCTCAGTGAAACAGTTCGACAACAGCGCTGGGAGCATCGCGACCGAGTGCTTTCAGAGTGCGCTGGGAGCATCGCGACCGAGTGCTTTCAGAGTGCGCTGGGAGCATCGCGACCGAGTGCTTTCAGAGTGCGCTGGGAACGCAGCGAAACCCTGTAGCCGGAGTACTCACGGGACGGCGCCGCACTGCCCCTGTGCAACCTGGCTCCGATGAGCGTTGTTAACATGCCCTCTCCACTGTCCCGAAAAATAGCCCTGTCGCCATGCCCACCCTTTCTCCCGACGTCGGTGCGCACCTGCTGAAGGCGACGCGCTCGCGGGACCTCGACGAGGCGTTCGAAAACGTCCTCTCGGAATACTTGGAGATGAAGATTGCCGCCCTCCAGGAGACCACAGACCGCCTGGAGGAAAAATGGGGAATGGAGTTCTCCACCTTCAAGCGGCGCCTGGCCGAGGACGACCTGCCAGACGATGGATATTCGCACGATGTCGAGCAGGACTTTTGGGAGTGGGAGGAGGCCGAAACCCTGAAGGCCCACTACCAAACGGTGCAGGCCGAATGGATGTAGCATCCGTTTCCCGCCGCAGCAAAGCTTCTCACCGACGCGGAAGCAACAATGTCGCTGCATCAACGAATTGAGCGGACTGACGGCATCTGTGGGGGAAAACCTCGCGTTGCCGGCCATCGCATCACCGTCCAGGACATTGCCGTCTGGCACGAGCGGATGGGGTGGAGCGTTGGTGAGATCGTAAGTGAGTACGACCTGTCCCTTGCCGCTGTGCACGCGGCCAGTGCCTACTACTTTGCGTATGGGGAGCGCATCGACCGGTCGATTGAGGAGGGTGGGGCACTCGTCGAGAAGATGAAAGAGCAGATGTCGTCGACAGGGGCCGAACCACTTGACAAACAACGTGAGTGACCCGATCTGCTTTTCCCTTGACGAGCATATTCCTTCAGCAGTGGCCGAAGGATTGCGTCATCGCGGGGTGGAGGTGATGATGCTCGACGAGGCAGAAATTCTGGGCGCAGCCCGGTGACTACTTCTTCCCTGCGGTCGGGGCGCACGCGACACAGAGCATCTCGAATTTGCACGCAAGGAGGGCTACGTTGTCGTTGCCCACGACGACGATTTTCTTCATTTTGTGGCCTAGAGGCACTCGCATTTGGGCCTTGTGTATGTGCCCCGTGAGGTGTATGTGCCCCGTGAGCGGGGCCATCGGAGAAATGGCCGCAGTCTCCGACGCCTTGCGGAGGTGTTCGCGGAGGAGAGGAAGCGGGGCCTACTTCGGGGAGGTCCGCTCCAAGAGCACTTCTTCACTTCGTTCAGGGCGCTTCGACGGTGCTCAGAACGACTTGCCAAAGGTGTTGAGATCGCGTGTTCAGCTAGCACATTCAGGCTTGACGCAGCGCTGGCGGCGCAGTGAGAAACCAGGCATTGCCCCAGTGGTACGTCAACATTGAGACATTGTGACGTACAACATGACACACAATTCCGGTTAACCCATGAAGTCCAAGTTGACCCTGCGCATGAACGAAGACGTCAAGGAACGGGCCAAAGAGGTCGCCCGGGAGCGGGGCACGTCCCTGTCGGCGCTCGTGGAGGACTACTTCCGGCTGCTGAGTGGCGAGGGGTCTTCCGACGAAGGTGACGGGTCGCCCGAAGATGGCGAGTCGCCCGAGGATGGCGAGTCAGCTCCCGCTCTCACCCCCCGGCTGAAGGAGGTCCACGAGCACATCGGGTCTCCGCCCCCGGAGGCCCCCTTCGACGAACCGAGAGGCGATCTCACCGAGGACGAACGGCAGTTGGTGAAGGCGGCCTCGGAAAAGCACGCGTAGACGCCGCTTCGTTCTTGTTCTCGACGATTCGCCTCCCCTACGGTGTCATGCGAATTCTCTTCGACACCAATATTCTGATCGACGCTGCGGTAAAACCCCGCGAGCATCACGACACGGCCAACCGGCTTCTGGCTTCCGCCGAGCGGGGAGGGGTGGAGGGCCTCGTGGCGCCTGCGTCCATCACGACCTGCTGGTACGTCTCGACGTCCACCCACGGCGTCGACCCGCGCCCCCTCTTCGAGTATCTGTCGACCGTACTTGACCTTGCCCGGATGAACTGGCCTGCGTTGTCGGAGGCCCTGGAAGCGCCAGTAGAGGCCGACTTTGAGGATGAGTACATCGCTGCTGCCGGGGCGCAGGCCGGGGCCGAGGTCGTCGTAACCCGGAATGCAGCTGATTTTCGGGACGGTCCGCTCACGGCCTACCGTCCAGAGGAAGTGATCGAGGCTCTCGGATGAGAAGCATCTCCACGTGAGTAGCTGCAGCATTGGGCAGAGCGCGGTGGGCTGAGCAAGCAGCCTGTGTGCAGCAGCCTGTGTGCAGCAGCCTGTGTGCAGCAGCCTGTGTGCAGCAGCCTGCTCGCAATGCGCGGGCCAAAGCCGACACATGCCCTGGAGGGCAAGCCTGGAGCTGCGTCGCCGCCTGGCGTGGCCCCTCGTCCGCGCCCAGTTTGCGTGGCATGGGGTTGACTGGGGCAGGCGTTGGAAGATCTTCGGACGGCCGATCATCCAGCGGCACTGCGGCCGCCGCATCGCCTTGGGCGACGGCCTCACGCTTCGCTCCTGGCCCCGCTCGACCCCCCTGCGCCCACCGCGCCGGCAGTGCCCTCCACCCGCCGCTCGGGTGTCGTTCCTGAGCTTGGAGAAGACTGTGGCTTCACGAGGACCACGCTCGTGGCGGCCGACCGCATTACGATCGGCGACCGCGTGCTCGTGGGCGGGAATGCCTCCATCGTCGACTTCGACTTTCACCCGCAGACGCCCGAGGGCCGGGCCGAGGCCATCAACGCTGGGGCCGCCGCGCCCAT
CP030361.1_gap16	376305	378990	2685	GTCCCTGGAGGCGCACCTGCGGGACGCACGCGACGGGGGGCGGCGGGACGGACGGAACGCCGTAGTCGGAGTTCTCGCAGAACGGCGCCGCTCTTGTCAGAAGAGAACGTGCGCTCCTCGTTCCACGTTCATGTGCATCCACGTTCATGCACATCCACGTTCTCCCCACAGTTCTCCGATGACAGTTCTCCGATGAATGCATGCACGCACAGGAATTGAGCGACGAAGAGTTTGCCCGGCGAGGAAATGAGATCTTCGAGAAGGACGTGTTACCACACATCGACGATCCGGAGGCAAAAGCACGCCACTTTGTCGTTATTGACATTGAAACCGGAAAGTACGAAGTGAGCGAGGGTCCGATCCGGGCACGGGACGCCACACAACGTCTGTTGGAGCGCTGTCCCGAGGCGAAGGGGCGGATCTGGACGCGACGTGTCGGCTCCCCGGTAGCCCACCGTCTTGGTGGCCGCTTTCTGCCCGCAGAAGAAGATACATCATGAAGATCGGGACGGTCGACGCAAACGGCAAAGCCCTCGTGCCACTCACCGTGGAAAGGCTTGGCTCAGAGGGAAAACGGCGCGAGGTCACAGCCCCTCTGGATACGGGGTTCAGTGGGTTTCTCGCGCTTCCTCCCGAATTGATCGACGTGTTGGGTTTAGAGCAACTTAGCCGGGAGCAGTATATGACGGCGAGCGGTGCACTGCATTTTACAGTATTGAGTAGAGCACGAGAAGAGCACTCTAAAAGCACTCGCTTTGCAGCGCAGTAAAGGTCTCGCTCCTGGGGACATATGAACCTGTCGGTTCTGAACCTGTCGGTTCGGGGACTCTTCTCGTTGAGCGTAGCGAAACACTCCCGACACTGATAATTGTCTGTAGGCTCATGTTAGCTCGGGGCTGAACAATTTCCTCCCTCCGCTCGATACGAACTTGCTCGGCATGTTCCAAGAAATAGCTCCCGATACGGTAGGATGATCGGCTTTTTCAGTTGACGAGTTGCTCAGCGAGGAGGAGTGCTACCAGTACTTGAAGCGGTCACTCCATCCGGAGGGCCTTTCCTGTCCAAACGGACACGAGTTGCCCGACGAGCAAGCTCCGCACGACCGCCGCCGGGCTCCGATCATGGACTACCGCTGCCGAGAATGTGGAGCGGTGTTCAACATCTTCACTGGTACGGTGTGGTCGAAGACTCACTACGATCCATCGACAATCGTGATGCTTCTGCGCGGATTCGCGAAGGGGGTTCCAACCAAGCATCTCACCGACGAGATGGACCTGGCCTACCCGACGGTGCTGAAGCGGCGTCATCGCATTCAGGAAGCGGTCCAGCAAGGAAAGCGGGTCGGGCTCCCCGGCGAGGCGCCGAAGGAGGGGCTGCCGGATCCAGAAGTCGAAGCCGATGAGATGTATCAGAACGCGGGGGAAAAAATCCGATCCGCACCGGAATCCGGATGATCCTCCCCGCCAGAGAGCTAACAAATCCCGAGGCCGAGGGACCTACGAAAACGACCGGCCTCCAGTCGTCGGGATGGTCGGTCGCGAAACCGGGTGGGCCTGCTTCCGGGTCTGTCTCGACACGAAGGAAGAGACTATTCGGGGGGTAGTTGCCGGTGAAACGGCAAAGGAGGCCTGCATTTTTACCGACGAAAACCGCTCGTACCTGTGGCTCGAAAGCGAGGAGGAAGCCAGAACCCGGCACGCCATCGACCATTCCGAAGGCTGGGCCGAAGACCGCGATGGAGACGGCAGCCGAGAAGTCCACGTCAACACAATCGAAGGAATCTGGACGAGTCTGCGCAACCGCCTGCGGCGCTTCCGTGGGGTTCATAAGGACAACCTATCCGGGTACGTAGCCATGTTTGAGCTTGCCTTCAATCACGATCGGATCACACCGGCCCTCCTACAACGCATGTGTGGCGTGTAATTACATTTCTGACCTAATAAGAGCCTTGTCTGTAATGTCCTGCGAGACAAGCGGCAATGCGGAGGCAACCCCTCCCGACCGCGCCCGAAGCCTCCAGACAGCGAACAAGAAGTATCTCGGGGCAACCCGAGTAGCTGGCATCATGGCACTGCCCGCAAAGTGAAAGCCGCTTTGTGTAATCCTCTGCCGGAGCGAAAGCTCCATTAAGTTGCTTCGTTGACCCGTGAGAGGGCGAGCAGAACCGCCCAAGAATCTCCCGGCTTTAGCCGGGGGAGTGTCAAATTCGATCCTGAGGTGATGGCTGGGCGGGCCTGCATCCGAGACACCCGCGTACCCGTATCGCTCCTCGTCAACCTAGTGGCGAATGGGATGACAGGATGACACCCGCCGAAATCGTAGAGGCCTATCTCTACCTTGAGCGGGAGGACGTGCAGCAGGCCCTTCAGTACGCCGCGTGGCTCATGGCAGAGAAGGTAGACGCCGACGCATGACGTTTTTGGCCGACATGAGCATCTCTCCCCAAACGGTGGGGTGACTGGGGGGGCACAGAATCAAGTGCAGGGACCAACGAGAGGGACCGACCGCCATGCCGAGTCTTTCTCCCGATGTCGGGGCGCATCTTCTGAAAGCGACGCGCTCGCAGGATCTCGACGAGGCGTTCGAAAAGTCCTGTAGGAATATCTCGAGCTGAAGATTGCCGCTCTGCAAGAGACCACAGACCGCCTGGAGGAAAAATGGGGAATGGAGTTCTCCATCATCAAG
CP030361.1_gap17	384703	389647	4944	TGCGGGCCGATGAACTGAGCCAGTAAAAACGCCCTGCACCTCTGAAAGACAATGCGGCAGTGAGGCTGTAGCATGTCCAGCGGGCCTCAGTGGGTACTCCTCAGCGGGTGTTCCTCAATGGGTGCTCCTCAATGGGTGCTCCTCAGCGGGGGCTCCTCAGTGCACCCGGAAGCACTTGCCCCCCCCCGGCGCTCATGGCGCCCGCCCACCAGCGAGCGCAGGAATGCCATCAATGACAGAAATGACACTCTCCACACCGGGCAGTCCCTCCGTTCTGAGGGAATCCTCCCGCTCCGGGCGCCGCTTAGCCCACATCCCGCGCTTCGGTTTCCGCAGCAGGCCGGCCTTCCGCCAAGACTTGAGCCACCGCTGTACGCCCCGCTTGCTCGCGCCGAAACCGGAGGCTAAATCCTTCGCTTCCGCCGTCGAAAACGGCTCTTCGGGGAGCGCCTCCAGGTATTCCCGCTGCCGCTCGGTGAGGTCCCGTTTCCTCTCGTTAAGTTTCGCCTGAGATCCAGCCTTTTCCTGAAGGGCCTTTTCCTGAAGGCATGTGTCCTGCGGGCCGTCGTCTCCTTGAAGGCGAGCCCCGACCTCGATGGCATGGAGAAGGTAGGTCAGAGACAGGCGAATACCCGCCTCCATGTCTTCAGCCCCCAGCTCAATGGACTGGGTTGAGGCCGGTGGAACCCCGCTATCCGCGAGCCGAACGCCCCGGAGGACTACAGCGATTTTCACCGCCTGAAGCCCCGCCCGAGTGAGGGAGGCCTGCATGGAGCGGGGCACGCTCCCGTCTTCACCCCACTTCTTGGTGAGGGAGCGGAACGCCCGGGTATGCGCTTCCTGCAGGGCACCTGGTACGCTCACCCAAAGCGGCGTCTCCCTCGCGCCGAGCTGGCGACGTGCCTCCCGAAACTTTTGCCCGGCGCCCCGGAGGCTCTCTTCCAGGCTTCCTCTTCTTTCTCCAGACTGTAGATCTTCAGGTAGCGGCTCAACACGTAGTGGCAGTGGCTGTTTGAATGGTATCGTGCTCGGTTCACCAGTCCGGCCTGTCCGATGATTCAAGAGACTTACGAGTGTACCCCCCCGGGGGTGGGTCCAAAAGGGGGCTCCCCAAAGGGGGCCCCCCAGGGGGGGCCCCCCGGGGCCCCCCGGAASCCCTCCCCCCCCCCCCCCCCCGGCGCTCATGGCGCCCGCCCACCAGCGAGCGCAGGAATGCCATCAATGACAGAAATGACACTCTCCACACCGGGCAGTCCCTCCGTTCTGAGGGAATCCTCCCGCTCCGGGCGCCGCTTAGCCCACATCCCGCGCTTCGGTTTCCGCAGCAGGCCGGCCTTCCGCCAAGACTTGAGCCACCGCTGTACGCCCCGCTTGCTCGCGCCGAAACCGGAGGCTAAATCCTTCGCTTCCGCCGTCGAAAACGGCTCTTCGGGGAGCGCCTCCAGGTATTCCCGCTGCCGCTCGGTGAGGTCCCGTTTCCTCTCGTTAAGTTTCGCCTGAGATCCAGCCTTTTCCTGAAGGGCCTTTTCCTGAAGGCATGTGTCCTGCGGGCCGTCGTCTCCTTGAAGGCGAGCCCCGACCTCGATGGCATGGAGAAGGTAGGTCAGAGACAGGCGAATACCCGCCTCCATGTCTTCAGCCCCCAGCTCAATGGACTGGGTTGAGGCCGGTGGAACCCCGCTATCCGCGAGCCGAACGCCCCGGAGGACTACAGCGATTTTCACCGCCTGAAGCCCCGCCCGAGTGAGGGAGGCCTGCATGGAGCGGGGCACGCTCCCGTCTTCACCCCACTTCTTGGTGAGGGAGCGGAACGCCCGGGTATGCGCTTCCTGCAGGGCACCTGGTACGCTCACCCAAAGCGGCGTCTCCCTCGCGCCGAGCTGGCGACGTGCCTCCCGAAACTTTTGCCCGGCGCCCCGGAGGCTCTCTTCCAGGCTTCCTCTTCTTTCTCCAGACTGTAGATCTTCAGGTAGCGGCTCAACACGTAGTGGCAGTGGCTGTTTGAATGGTATCGTGCTCGGTTCACCAGTCCGGCCTGTCCGATGATTCAAGAGACTTACGAGTGTAGAGAGTGCGGGTCCTCGAACATCATTAAGAACGGCCACAGCGCTAGCGGCTCTCAGCAATATCACTGCAAGGACTGCGGTGCGCATAAGGTGCTTGATCCCGAGCCTCGTGGCTACTCCGAAGAGGAGAAGGAAAAGATCCTCCGAGCCTACCGCGAACGCGGGTCAAAACGGGCAATCAGCCGCATCTTTGGAGTTAGTCGCAATACGTTGAACCGGTGGCTCGAAAAAAGGGACGTGAAGCCGAGCCAGTAGCCGATGGGCTCCAGCCAGCCAGGGACAGCGACACCCTTGAGCTCGATGAGTGCTGGACATATGTCCGAAGGCGGTCAAATAAACGGTGGCTCTGGGTAGCTCTCTGCCGTAGGACCCGTCAGATCGTCGCGTTTGTGATCGGAGACCGCTCGGCCAAGACCTGCGCACGGCTCTGGAGCCGGATACCGGAGAGCTACCGGAAAGGCCGAAGCTTCAGCGACTTCTGGAAATCATACCGCCCTGTGTTCAAGGAAGACCCAACTCACCAGCAGGTCGGAAAGTCCAGTGGCGAACTGGCCCACGTGGAACGGTTTTTTGGGCGACTGCGGCAGAAGCTGGCACGGTATGTCCGCCGGACGCGAGCGGCCTCCCAGTCAGAACGTATGCTCCATTTGACGACGAAACTGTTCGTGGAGTGGTATAACGAAGCCGCCACTTAACGTCTACCCGCTACCGATCTTCAGACTGTGGGCCCTCAGACTGTGGACCCTCAGACTGTGGACCCTCAGACTGTGTACTTTCAGACTGCGGGCTCCGGAACTGCGGGCTCCACTCAAACTCCCGGTCAAACCGGTAGAAGAGAAACCGGCTGAAGAGCCCATTTCCCGTGCCGGGCGTGCTGCCACTGCCGGACATGAATCCGCCAAGCGCGGCCGGCGTGCCGGCCAGTGCGATGGAGGGAGCCGGGTGGGGAATGGTCACCGCGCCCTTCGAGGACCGGCTCATCCTAATGGCCTCGTTCTGAAGCCCCTTCAAGAGCACGTCGGTGAACGATCCCCAGGAGCTTCCGAGGGCCCGGCTGAGCGCCTGGAATTCCGTTTCGAAGATGACCCCGTGCGGCACTTCCTCAAGACGCTGCTTGAGGGCAGCAGCGCTGCTGTCCGCGGCGAGGAAGAGTTTCCGTCTGCCGGCCCGAACGCCGGGCCGTTCCCGACCGGAAGGCTCTTCCTCAAGTCCTTCTTGACCAGTGGACGACCCCTGCGGAGAGGCCCTACCTTCTGGATAGGCCCCGCTTTCCGAAGAGGCCCCGCTTTCTGGAGAGGTCCCGCTTTCTAGGGCAGTCCTGTTTTCTGAGGAGGTCCCGATTTCTGGGGAGGTCCCGCCACTGGACATACTGCTGGACGGCCGGCCGTACTTTCGGGCGTGGCGGAGCGCGCTCTTTCCGGATGCCGGCGGGGCGACCACTGCACTGTAGAGATTGGGGCTTACCCCGGTCCCTCCGTAGCGGAACCGGACGTTTGGTAGTGCGCCGGCCCACACCGGAAGCGCGCCGGTGAGGAAGACGTCCCGTTTCCTGAGGTCGCCACGCTGGCCAATACGGAAGGCCGGCTCTGCGAGAAGCTCAGGCAGAAGCTCCAGGATGCGGCGGGAGAGGTATCCCTGGCGGAGACTCTCGAGTTCTCCGGAGCTGCTAGCGTCTCCGGAGCTGTCAGTCCCCCCGAAGCTACTGCTGTCCTCATCATAATCGGCGGCTGACTCAAGGGCTGGGGGCGGAATGAAGGTGTCCGGTGGGCCCTGAGGCTGCGAGGTGTCAGAGAAAAATGGGTTCTCGGAAGAGGTCGTCATAGGTAAACTCGGCTGCTTGAAAAAGACGAACGGGTTGGCGGTCTTGCCATCTGGATGGACCAGCCATCTGGGTGGACTAATCATCCAGGTGGACCGGCAATCCGGGTGGATTGGCGTTCCGAGTGGCGCATATTCGCCACCTACACCCAAGATCGGAGATGGCAAAGACATCGTTGTTGACCCCTGTTTTTGCTCCTTGAATGCCGGTCGCTCAGGCGCCAGCCGAACGTTTCTGCGGGCGGGTGCCGCCTGCACCTCTCATCGAAACTGGCGCGCCGACCGGCGTCCCGCAGTCCTGTACCTGCCGAGAGGCGGTCTTCAAGGATGTCAGATTCGGAAAGGATATCAGATTTGGACAAGTTCTCCCAAGCACCCAAGCGAGAATAAACCCAAGCGAGAACAAGGCGTCCGACAGTCGAAACCCGCGCCATCGGCAAGGACGTGTAGGCAAGAAGGAGGCGGGGCAGAGCCGCCGCTGAAGGTAGGGACGGGGTATCAGGCGCCGCAAAAAATGAATAATAAACAAATACGCGCACGCGCCTTGAGGAGAGTGCTTTTCGCTCTTCCTGGCGAATACCATGGCCTGAGGGTTGAGGAAGCGTGGTGTCCTCTCAAGCCCTCTGAGCTCCGCCTGAGGAGGGGCGTGTGACAAATTTTGCACCTCCCGATAGAAAATACGATTGTTCCGAAGGGCAAATTCGTCCCATCCGCTCCGCTCCCCACTTAAGCTTGTCTCTGAACGGTACGACTGGCCGCCGACACCGGCTCCATTCGGTATAGGCTCCATGGGATGGTTTCCATGACACGGTCTCCATTCTGCGCGAGCCACGACTGATCCGGCCCAATCCTGCGTGCCCCAAGCCTGCGTGCCCCAAGCCTGCGTGCCCCGAGCCTGGCCATCACCCCAGGCACCACCATGGTCGGATTGCCTCAGTCGGATTGCCTCAGTCGGATTGCCTCAGTCAGATTGCCTTGGTCGGGCTGCCTTGGTCGGGTCGTCTTGGTCGGACTGCGACGCCGTCCTCAAGCCTGATGCTACCGCTGCGGGTAGTCCCAC
CP030361.1_gap18	397957	401349	3392	GTCACAGTCGCAAAAGAAATTGAATTGGAGGAGCGCCTTCCCAACATCGGCGCCCAGGTGCTGAAGGAGGCCGCGTCGAAGACCAACGACGACGCCGGCGACGGCACGACGACGGCGACCGTGCTGGCCCAGTCCGTCATCAACGCTGGCATGAAGAGCGTCACGTCCGGCGCCAACCCGATGGACGTGAAGCGCGGCATCACCGCGGCGGCCGAGGAGGTCGTGACGCACCTTCGCAACCAGAGCGACCCGGTCGAGGGTAAGGACCGCATCTCGCAGGTCGCCACGATTTCGGCCAACAACGACGACGCGATTGGCGATCTCATCGCCGACGCGTTTGAGCGTGTTGGGCAGGACGGTGTGATCACCGTCGAGGAGGCCCGCGGCATCGAGACGTACCTCGACGTGGTCGAGGGCATGCAGTTCGACCGCGGCTACCTCTCCCCCTACTTCGTGACCGACTCCGAGGAGATGGAGGCGGTGCTCGAGGATGCCTACATYCTCATCTACGACGACGAGGTCGGCAACATGCAGGACCTGCTGCCGATCCTCGAGAAGGTCAGCCAGACCAGCAACCCGCTGCTGATYATCGCCGAGGACGTGGAGGGRGAGGCCCTCGCCACGCTCGTGGTGAACAAGATGCGCGGCACGCTGAAGGTCTCCGCCGTGAAGGCGCCYGGATTCGGCGACCGTCGCCAGTCGATGCTCGAGGACATCGCCGTCCTCACCGGCGGCACGGTCATCAGCGAGGAGAAGGGCTACCGCCTCGAGAACGCCACGCTCGACTACCTCGGGCAGGCCGACCGCGTCACCATCGACCAGGACAACACGACGATTGTTGGCGGCGAAGGCTCGGAGGAGGAGATTGAGGCCCGGGTCAACCAGATCCGGCAGCAGATCGCCAACTCCACCTCCGACTACGACCAGGAGAAGCTGCAGGAGCGCCTCGCGAAGCTTGCCGGCGGCGTGGCGGTGCTGAACGTGGGCGCCGCGACCGAGCCGGAGATGAAGGCCCAGAAGGCGCTGGTGGAGGATGCGCTCAGCGCGACCCGCGCGGCCGTCGACGAAGGCGTGCTTCCGGGCGGCGGCGTGGCCTACCTCCGCGCCCTTGAGTCCATCGAAGAGGTCGAGGTCGAGAACGAGGACCAGGAGATCGGCGTCTCGATCGTGCGGGAGGCCCTGGAGGCCCCGCTGCGCCAGATCGCCGAGAACACCGGCCACGAAGGCTCGATCGTCGTCCAGAAGGTGAAGGACGGCGAGGGCGACTTCGGCTTCAACGCCCGCACCGAGGAGTACGGAGATCTTCTCGATCAGGGCGTGCTCGACCCGACGAAGGTCACGCGCTCTGCGCTGGAGAACGCCGCGTCCGTGGGCGGCATGCTGCTGACCACCGAAGCTGTAATCGCCGACCTCGAAGACGAGGACGACGACGACGGCGGTGGCGGCGGTGGCGGCGGAATGCCTGCTGGCGGTGCCGGCGGCATGGGCGGCATGGGTGGCATGGGTGGCATGATGTAACGCCCATCCGCTCCGTGTGCCGCGACCGCCCCGCAATGGAGCACTCTCCTACGACGAAAGCTGCCCTTCCCGCTTCTTGGGAGGGGCAGCTTTTTTGTTTGTCCCATGCCGCTTCTGCCTCCCGGACGAAAAATGCCCTGACAGCCCGGTCTGGTCGCTGGGGATTGACTTCTCCCCTCGATGAATCGAGGGGATTCTTCCTCACGGAAAAGTGAAAGTAAGAGGTTGGCGCGTTTAATCTCTTCAGATACCTAAAAGGCCGTTTCCAACCTCTCCTTCCCGATCCGCTCGTACGGATTTCTCCGTAAGTCGGCTCTCTACGGAGTCTCTCTAGAGGCACATCGGCCTCACGTTTCCGTGATGCATCTACTACATTCCCATTCAGGAACGCACACTTCCGTCCCTTCTCATCTAGGGCAGGCTTCCAATTTCGGGGTGTTTCAATCCCCTACCAGTTCTCGGATACTTATCCGGTCCCTCCTGCCGTGGATTCCAACCACTTTGTCGGGGACTCGTCGATCATCCTTTGTACTTTGTATTTGAGACTCCGTTGTCCACCTTCGCCMATGGCAACCATTTTCGGGTTGCTCCAAGACTACTACGTAGGCTCCGCCAACACCCGGCAAACATCGGTAGATCTAGGTACCTTCACATCTTGCCGGGTGTATCCTGGATCCTCAGGTCCATTCACATTCGCTAAGCGTAGGCCCCGCCTTCCTTCTGTCCCTTGTACCCGGCAGGACAACCGGGCTATCGCGAGCGGAACCGCAAAAGCGTGGTGCAGGCTCCGTGCCTCCAAAGTCTTAGGAGGCCATCTGTTGGACAAATTCTTAATCCTCCAGTACTCGCGCAGACCTCTTTTGGCGTCCCGGCATGAACAGATAAAACGTTGCTGTCTGATAGCAGTAGCGCATTCCATCCTCACGGGACATGTCTTCGCCAAAAGATTCAATCTCTGAAGCAGCTTCAGTCTGGGGGAAACTTTCCCGATGGAACTAAGGCGGTTACCTGGGTATGACCTTACCTAGCCATCGCCAAGGGGAGCTGCTTAGGGCTTGCTACTAGCCCCGTCTCCCCCGTCCTGGGTCGGATTCTCCACGGCACGTCCTATTAAATGCCGCTTAGGCCCGTAGGGCGGTCGCGTTGCACACGTCAACACGCGCTCGATGTGAAAAGAGCAGTCTCTGAACCTGCGTTAGTCCAGCTCACGAATTCCTGTTTCACAGGGCCTGCCTGAGGTCCTTTCACTTCAGGTCTTACATGCCCTCCGCAGGCATTAGAGGCCGAAGCCTCTCCCGTCAGCCCGACGGTACAGATTCTCAAAAGCAAACTGTATCATACTTTGGTTATCGGTATGACATCGAGTGGTACCTCAAAGGAAGCTCATTGTTTTGCCAGGCTTGCGAGAGAGTCCGTGTATCACCCGCCTAAAGGCGGATGTTTTACTGCTCTCTCGCGCTCACTCAATACTATAACGGGCACCGGGGGCGGTCACGGTCAACACGGTCAACGCGAGAAGTCCAATTCGAGACATCAGGACTGGGAGGCTTCAGGATTGGCTCCGAGCGCCTCATGCCCGGCGACGATGCTGACTGGGGCCTGGCGGTGTCCATCTACTCACGTTCTGGCCCGAACGAACCGATTTTAGGGTGCCATCATGCCCTACAGAGATCCACCCCTGCCACCCGGGGCTTCGTGCCCGCCAGGGGCCGTTTGTGTGTGGGGCTTGTTTCTGGTAAATTTTGCGGGCCTTCCAGAATGCAAACTCGTTCGTCAACACGCCAATTTTCGATACATGCCGGTGCGCTCATCCACGTTCCACTTGCTCCCTGCATCCCGCCTGGTCTCCGCAGTCCGCCCGTTCTTCGCTGCCC
CP030361.1_gap19	544148	547158	3010	CGAGGCCCTCGTCCCGCAGGGTGTCGCCCACCACGATGAGGCCCTGCACCGCGCCGTCCCACCCCACGGCGACGGGCACCTGGGCGTTTTCCTGCGCGGCCTCGGCCCGCTCGGCCAGGGTGTCGTCCATGCGCAGGCCCTCCGTCCGGAGCCACTCGGGGTGGCCCACCCGCACCCGGTCGCCGTCCACGCGTCCCTCCACGCCCCGGGGGCGGCTGCGCACATCGGTGGCCCGGGCGGGCGCCCCGTCGCCGGCGGGGCCCGCCGCCCCGTCCTCGACGATGGCGCGGGCCACGGGGTGGGCGGCGTGCTGCTCCACCGCGCGGGCCCGCCGCCACGTCGCCGCGTCGGCCGCGGCGTCGACCACCTGCATGGCGCCGGTGGTGAGGGTCCCGGTCTTGTCCACCGCCAGCGTATCGACGTCCGGCGCCGTCTCGAAGAGCGACACGTCCCGGATGACGATGCCGCGCTCCAGGGCCGTGCGCAGCCCCGAGGCCACGGCGAGGGGCGTGGCGAGGCCGAGCGCGCAGGGGCACGAGACGATGAGGACGGACAGCCCCGTAAGCAGGGCCGTCGCGGCCGGCGCCCCGCTGACCCACTGCCAGCCGAACGCGACGGCCGCTAGGACCAGCACGAGCGGCACGAACACCGCCGCGATGCGGTCGGCCACGCGCTGGGCCCCGGGCTGACTCGACTGAATATTCCACATGAGGTTGACGAGGCGGTCGAGCGTGCTCTCGGCGGCCGCGCCCACCTCCACCGTGAGGGCGTTGTTCGTCACCACGGCGCCGCCAATGACGTCGTCGCCCTCGGCGCGGGTGACGGGAAGGGACTCGCCGGTCACCAGCGACTCGTCGACCGCGGCGCGCCCCTCCGTCACGGTGCCGTCCACCGGGACGCGCTCCCCGGCCCGCACCTGCACGCGGTCGCCCGGCGCCAGGTCGTCGACGGCGACCGTCTCCGTCGCCCCCTCCGAGACCCGCCGCGCCTCGTCCACCTGCTCGCGGGTGAGGGTGCTCAGCAGGTCGGTGGCGCGGCGCTTCACCCGGTCCTCGTAGTAGTGGCCCAGCGACACGGCCATGATGATGACGACCGTGACGTCGAAGTAGACGTCCGTCTGCCCCATGAGCACGGCCCCGCCGCTGTAGAGGTAGGCGCTCACGGCGGCCAGGCCCACGAGCAGGTCCATGTTGGGCTGGAGCACGCGCAGGCTCACCGCCGCCCCCCGCAGCGTGGGCCAGCCGGTGACGAGGAGGACGAAGGTGGTAAAGGCCCACACGTTTGCCAGGACGTAGGTGCCGCCCTCCGTACTCAGGTCGACGAGGCCCTCCCCGCCCAGGTGGACGGGGTAGAGGAGGACGATGTACACGACCATCACCATCATCCCGAAGAAGCCGCCGAAGACGAGGCGCGCGGCGGTGTTCTGGTCGGCCGTCTCGTCCTCGGGCGCCGTCAGGTGCGCCTCGTAGCCGGCCTGGCTGAGGAGGGCGGGCAGGTCCGATTCGTGGTGCCGGGACGGGTCGTACGCGACCTTCGCCATGTCGGAGGCGTAGCTCGCCTCCGCCTCGTGGATGCCGTCCGTCGACGCGGCGACCGTCTCGATGAAGTCCTCGCAGCTGGTGCAGTGCATCCCGCGGACGTGCAGGAAGGCCGTCTCGGTCTCGTCGTTGTCCCGGTCGGGGTCGTGTCCCGCGTGGCCGTGTCCGTCGCCGTGGTGGCAGCACGCGTCGTGCGCGTCGGGGTCGGCGACGCGGTGGGCCTCCAGGCAGCCGGAGCAGCAGAACACGCCGTCCACGTCCTCGGCCGTGACGGGGGCGTCGGTGGGCGCGTCGCAGTAGGTGCAAGTGGGCATGGTCGAGACAGGCGGTGAAGAATAAATTTGTCGATACAACGCTGACGGTCCGCTGTCGATTCGGGAGACATGAGCCGGTGCGGGCGACTGTCAGCGGGTTCGTTCACGTCGGGCGTGTCCGTCCGGGTCCCGGTTCAACATTCCCAGAGTGTCCTCGTAGGAGAGCGTGCGCGTCATCTTTTCTTCAAAGTGCGGCAAGTTGCGTCGCGGATTGCATGAGCTCCTCTTCGAAAGAGGCCATTCAGGCATCTCCTGTAGGTCCGGGGTCGGACGAGACGTCGGAGCAGAGCGTGCCGGTCGTGGCCATTGGGGCGTCGGCGGGGGGCGTGGGGGCGCTCCGTGCGTTCTTTGAGGCGTTGCCGAGCGACGGGGGGATGGCATTCGTCGTGGTGTTGCACCTCTCGCCCGACCACGAAAGCAGCCTCGCCGAGATTCTCCAGCACGACACCGACATGCCGGTGCAGACGGCGACGGACGACTGTGGTCTGCGGCCGGACCACGTCTACGTCATTCCGCCCCGGCACGAGATGTGGGTAGAGGGGACCCAGCTTCGCCTGTCGGCTCATTCCGACCGGCACCGTCCTCACACCATCGACGCGCTGTTCGACTCGTTGGCCGAGGAGCACGGGGCCCAGGCCGTCGGCATCGTGCTGTCGGGCACCGGCACGGACGGCACGCTGGGCCTCCGGGCCATCAAGACGCACGGGGGCATTGCCATGGTGCAGAAGCCCGCCGACGCGGGGCACGAGGAGATGCCGCGCAATGCGTTGGAGGCAGGGGTGATTGACCTCGTGCGCCCGGCCTCCGAGCTCGCGGAGCAGCTGGTGGCCTATCACCGGAACGCCCATGCCATCCAGCTGCCCGAGTCCGAAGAGGCGCTCCCTTCCGGCGAGCAGACGACGCTCCAGAAGATCTTCGCCGCGCTGCGGACCCACACCGGGCACGACTTTAGCCACTACAAGCGGTCGACCGTGCTGCGGCGGCTCGAACGGCGGCTTCAGGTGACCGACACCGAGACGCTGGAGGCCTACCTCCAGGTGCTCCAGGACCGGCCGGGAGAGACGCGGGCCCTCTACAAGGAACTGCTCATTAGCGTCACGCGCTTTTTCCGGACGCCGGAGGCATTCGCCGAGTTGGCGGACACGGTTCTCCCGAGGC
CP030361.1_gap20	554664	558785	4121	GGGCGTCGCGTGGCTCGGGCTGTTGCTGGCGCTGCTGCCCACCTTCCCGGAGCTGCCGGCATGGGGGGGCGACTGGGTCCTCGGGGTGTCGTTCGTGTACCCCGTGTTTTACTTCGGCCTGTCCGGCTGGCTGGACTGGACGAGCCGGCAGTCGTAGCGGCGTCGGAGGCGGGCACGCCCGCGAACGCTCGCCTGCACTGGGGCTACGGGCGGTGGAGCGCCTGAAGGTGCGTCCCCACGTCGTTTGCGAGCACGTGGAGGCCGCGGCTAAGGCGGGCAACGAGCCCCTCGTAGTCGGTTACACGCCAGTCTTCCGTTCGGTGATGGGTGGTTTCCTGCACCAAAACGGTGTCCGCCCCTGGCCGGCGAAGGGTCCACTGCACGGTCATCTGAGCGTGGCCGTCCGGTGGGGGGGCATCGCCGTCGGCGTCCGGCCCTGGGGGGCGCGGCCCGACGCCCTCGAAGCTGAGGACGTGCAGCCGCAGGAGGTAGTCGAAGGTCGCCCCGCGCGGCCACGGCACCCCCTCTACCGACCGGATCCCCGGACGGGCCTCCAGCGTGCGGGCCACGGTGCGACCGATGCCCCGGTCTAGGGTTTCGCCCCACCGGTGAAATTCGGAAAACGCGACCGCGTTGGGGCCGTGGCGCGTCACGAGGCGCGTCTCGTCGAGGTAGGGGGCCAGGCGCGGGCTTTGCAGGCCGATCCGCAGGCCGGTCGGGTCCGTGGATGGGGGCGGCGTCGCCGCGGTATCGGGGGGCGACGCGCCGTCGAGCAGGTAATAGGTGGCGTCGCTCGTGCGCGGCTCCAACAGGCGCACACACCCGGCCGTCGAGAGCGCGACCACGCCGACGACCACGGCGCACCATCCGAGCCGACGGAGAAGAACGGAGGGGACGGGCACAGTCATGGAACTACTGCTGGTTCGAGGGAGGGGGCTCTTCGCGGCCGCGGAGGAACATGCTGGGGTTGCGCTCCAGGGACTGCACGAGCACCCGCAGGGCCTCCGTGGCCTCCGAGAGGTTCGAGAGGGCCTCGTTCATCTGGTAGCCGATGCCGGAATTGGGGGAGAGGGTCTGATCCACCTCGTCCATCGTGCGGCGCATCCGTTTTAGGGTCGCGCGGAGCTGCCGGCTCGTCTTTTCGAGCTCGTCGGCCGTCGGCTCCACGCCCCGATCGAGCCGCTGGATCAGGGCCTGTGCGTCCTTGATGGTGGCCCGCAGCCGCTCGGTGGCCTTTGGCATGTCCTGCAACGCGGTGCGCACCTCCTTGGACTCCACCACCTCCCGCACCGACTCGATGGTCGACAGGGCCGAGCGGTTGATCGCCTCGGCGTCGAGCGCCTCCAGCTTGTCGTTGGCGTTGACGAGGAAGGTGACGAGGTTCTCGTTGATCTGCGTCACATCGAACTGGCGCAGGTTTGTCACCAGGCCGGACGCGCCCTCGCCGAGCTTGGCCAGGGGGGAGAGCTCGGTCGGAATGGAGAGGCGGGACGGCGGGCCCTGGGCGTAGACGGCCGAGTCCGGGTCGGAGATGTACGTGAGCTCGACGTACAGCTTGCCGGTGACGATGCTTTCGAGCTGCAGCTGCGCCCGCAGCCCATCCTCGATCTGGTCGCGGAGCAGGGTCGGGTCGTCGAGGTTGAGGCGCGCCCCGGTGGTGTCCGTCACGGGATCGAGGTTGATTGCGTACTGCACCGGCACCTGAAACGTCTCGTTTTCGAGGTCGACGCGCAGGTTGATGTCCGTCACCTCGCCGATGGGCACGCCCTTGAACTTGACCGGGGCGCCCACGTCGAGCCCGTTGACCGACTCGTCGAAGTAGCTGATGAACGTCGTTCGCTGCTCGAAAAACTGCCCGGAGCCGAAGGCCCCCACCCCCACGACGCCCAGCGCCAGGGCGCCGACGACGAAGAGGCCGATAAGGGTTGGGCTGACACGTTGGCTCATAGATCAGGGGGGCGAGCGGGCGGGGGCCCGGTGCTATTCGTTGTCGAGAGACCGAGTCAGAAACTGGTACACGCGCTCGTTGGGTGGGTTGCTTCGCAGGTCCTCAGGGGGGCCGAGGGCCGTCATCGTCTTGGTGTCGATGTCGAGGTAGAGCGCGCGGTCGGCGATGGTAAAGATGCTTTCCAGGTCGTGGCTCACCACCACGACGGTCGTGTCGAGGCTGTCGCGCAGTTGTAGGATGAGGTCGTCGAGGCGACGGGCGCTGATCGGGTCGAGGCCGGAGGTCGGCTCGTCGAAGAACAGCAGGTCGGGATCGAGGGCGACGGCCCGGGCGAGGGCGGCCCGCTTCCGCATGCCCCCACTGATTTCGTGGGGACGGAAGTCCTCGAAGCCCCGCAGGCCGACGAGGGCGAGCTTGAGCGACACGATCCGGGCAATGTCCGGGGCCGCGAGGGCCGTGTGTTCTTCGAGGGGCAGGGCCACGTTCTCGGCGAGCGTCATGGTGCTCCAGAGCGCGTCCGCCTGGTAGAGGATGCCCACCTCGCGGAGCATTGCGGCGCGTTCATCCGCGCTCATCGCCCACAGGTCGCGCCCGCCGATCCGAATTGTGCCCGCGGACGGGTGCATCTGGCCGAACAGGTGCTTGAGCAGGGTGCTCTTGCCCGACCCGCTCCCGCCCATGATGGCAAAAATCTCGCCCGACTCCACGTCAAACGTGAGGTCCTCCATCACCACGAAGGACCCGAAGGCGAGCACGAGATCCTCGGCCGAAATGGCAGGGGCGGATTCGGGGGGGGGCATGGGCGAGAAACCGGGATGCCGAGCGGTACGGGAGGACGATCCGGAATGATGCGTGGCTCACGGTGCGGGACGCGTAACACGGGACGCGTGATTCGGGGCAATTCAAAATTGGAGCCCCGCCTCACACCTCACGGTCCACGGAGCACCATCCCACAATCTACGCCAAGCGGTCGAGGAGCATGATGCGCTGCGGATCCTACGGGCCGTCCCTACACCTGAAGCACGGCCGCGGCCCAGTCGATGACGGCGTTGGCGAAGACAATGAGGAGGATGCCGGTGACGACGGCGGATGTCGTGGCCTGGCCCACCGCCGAGGCGTCGTCGCCGGCCTGTAGCCCCCGCATGCACCCGGCGAGGCCGATGATGCCGCCGTACACGACGGCCTTGAAGATCCCCACGAGGGCGTCGGACAGCACGACCGGCTCCAGGAGGCCCGTGAGAAACTGCGTGGTCGTGAGGTCCAGCATGGTCACGGCCACCCCCATGCCGCCGACGATGCCCAACGCGTCCGCGTAGAGCGTGAGCATGGGCAGCGCCAGCACGACCGCCAGGATGCGGGGCGTCACCAGAAAGTCGATCGGCGAGATGCCGAACGTCTCCAGCGCGTCGATCTCCTCGTTCACCTGCATGCTCCCGAGCTCGGCGGCGAACGCGGCCCCGGTGCGGCCCGTCATGATGATGGCGGTCATGAGGGCCCCCAACTCCCGCAGCATGCCGTAGCTGACGAGGTAGGAGACGAAGTAGTCCGCCCCGAACCGCTGGAGCACCACGGCCCCCAGAAACGCGACGATAAGGCCCACGAGGAGGCTGATGACCGTGACGATGGGCAGGGCCGAGGCGGTGCTTTCCTGCAGGGCCACCCCGAACGTGCGCCAGCGCATCCGCCCCCGTCCGGTGAGGATGGCGCCCACGCTGCGGACGGCCTGCCCCAGGAAGGTAACCAGTGCGTGCGCCTCGTCGTACGCCGCCAGGCCCCAGTGGCCGAGGCGGGCGAGCAGAGCCGTGTCCTCCGCCTCCGGCGTCGTGTCCGCCTCCGGCACGGCCTGCGAGAGCGCGACGAGCCGCTCTAGGGACGTGGGGAGCGTGTCGATCCGCACGTCCAGGTCGTGGGCCCGGCCGTACTCGGCGGCCTCAAAGAGAAAGGTGACGAGGCTGCTGTCCCAGTCGCCCAGCCCGGAGGTGTCGAAGGCGACCGCCGCCACGGGGCTCGACGGGGCGGCGTTTACCATCACGGCCCGTGCGTCGGGCAGCGGCCGGTCAAGGGTCCAATCACCCACGGGCGCAAGGACCAGCGTGTCGTCGGTATGATGGGTCTCGACCTGCATCGCGGCAGATCCGGGTCACGAGGAAGGAAAGAGCACTGGGCACCTCCA
CP030361.1_gap21	681027	681992	965	GCGGAGAACAACGACAACGAGTGGCGAACGGCCTTTAATCTCAACATCGGGATTTACTTCTAACCGATCCCCGCCGACGGTTCGGCGACACGACCGTCTCCGTACAGGGACGCAGGCCACCGGGTCTCCGGTGCCGCCTGCGTCCCTTTTGTATTGGGGCCGTATTTTCTTGAGGCCGGACGCATCTACGGAAGCGCCCCGACCGGCCCGGCTGGATGGGCAGCGGCGTCGTGGTTATCCTCTAAGAACGGCTTGTGCTATGGTGTAAGATATGTGTGTTCTTGCGTGCAAGCCCAAATAGAAACAGCAGAAGCGCAATCTCGGTCTCGATAGGTGCCAAATAACCTGTCGAACCAGAAAACGCTCCTGCTGCTGTGGATGAGCCGACCCTTTCGACCGAAGAGTTGTTCCTCGTTCTCTACTGCACGATCGACGAACTTTACCAAGAAGCTGCTCCCGACTGTGTTCAGTCCCGACCTGGTTCCGACCGTCTGGAGATGAGCGACGCAGAAGTTATCACCCTCTCGGTCATGCAGGAAGGCCGTTCCAACGGTTCAGAGCTGAGTTTTCATCGAATGGTGGAGAAGGACTATCAGCACTTGTTTCCCGATCTCATTAGCCGTTCGCGCTACCACCGGAGGCGGAAGGACCTGATGGGCATTCAGCGGGAGATTTTGCGCCTACTGATGGACCGACTTCGGACAGAGGCTGCCTGGCTCATTGTCGACTCCGCCCCGATCACGATAGCGGAGTCTCCCCGGTGGAAGTCAGCCCGGATGTCGATGTGGGCAGCTGAGGCGGGATATTCTCCCTCAAATCGGCAGTTCTTCCTTGGTTTCCGTCTACACGCGCTTGTCTCGAATCAAGGAGCAATTTGCGACTTCGTCCTCAGCCCGGCCAACGTTGGGGAGCGCCGGGTGGCCGAGCACCTGTTGGCCGTCGAGGCCGGTCGGGAGAAGCTCCGA
CP030361.1_gap22	683185	687052	3867	CCTCCTGCTCGGGGCGGGGCATCCCGACCCGGCCCTCCGGGCGGGCCTGCTCACGGTGACCAACGTCGTCGCCCTCAACCTGGCGGCGGTGTGCACGTTTTTGCTGCTCGGCGTGCGGCCCCGCGATTGGCGCGACGTGGCGCAGGCGCGCACCTCCACCCGCATCGCCCTTGTGCTCTGGGGCAGTGCCCTGGCCGTGCTTGCGCTCCTCCTCTGGCAGTTTGCCTGATTGGGCACCCGGGTCTTTCCGGCCGCGGGCGGCCCGCTACGGCGTCTCCGCAACGCTCGGGGCGTCGGGCGCGGGCTCCTCCACCGAGGCGAGCGGCGGCTCCGGCAGGCCCCAGTGGACGAGGCCGGCCATCCCGATCATCGCGAGCGCGCCGCCGACGGCATTGCTGAAGAAGCCGTAGGGCCCGTACGTGATGCTGGCCACGAAGCTGCCGAACCCGAACCCGGCCTGGCCCACGCTCATCGCGAGCCCCATGAGGAGGCCGCGCTGGCGGTCCGGCACGAGCGCCGTAATGAGCGACTGCAGGGGCCCCACCCGAATCCCGATCAGCCCCATGGCCAGGAAGAAGAGCACGGCCGCGATGAGGAACCCCGTGATGTAGAGCGGGGCGAGCGCCATCAGCAGGCCGAGGACCAGCGACGCCCACACCACGATCGGCTTGCGCCCGATGCGGTCGGAGACCCGCCCCCCGAGCGGGGACGCGAGGATGTTGGCGGTCCCGCCGATGGCGAAGAGGAGGGCAATCTCGTAGCTCGACACGCCCACCGTGGATTCGAGCCAGCTGGGGAGGAACGACGTGAAGAGCCCGAAGCCGGAGAACATGAGGAGGTACGACGCGACGGCGTTGACGGCGTCGGAGCCCTGAAGAACCGCCCGGTATTTCTCGACGAGGCGGGCCGGCGTGAGCCGTTGGTCGTCGAGGTCGGCGTCCGGCTGCGGGACGTACAGCCAGATGAGCACGGCCGACACGGCCATGGGCACCGCAAACATGAGGAAGGGCCACCGGTAGCCGAAGCCGGTCGCGAGCACCTTGCCGATCGGGATGCCGGCCACCTGCCCGAAGGCGGTGCCGCTCATCACCCACCCGTTGGCCCAGCCGCGCTGCTCGTACGGAAAGTAGTCCCCCACGTAGGCCACCGAGCCGCTGGTGAGCATGCCGCCCCCGATGCCCGCCAGCAGGCGCATGGAGAACAGCAGGACGTAGCTCTCCGCCACCGTGTGGAGGGTGAGCGTGACGGCCATCAGGATGGTCCCGTACAGCAGAATGAGCCGGCGCCCGATGCGGTCGGACGCCGGCCCCGTGATGAGGGCCGACACTCCCAGCGAGAGTGCGTAGGCCGTCAGCAGCATGCCCTGCCAGAACGCGTTCACCCCGAGCGTCGCCGCGATCTCGGGGAGAATGGGCACCATGATGATCAACTGGCTGCTGGCCGAGAACATCATCAGCCAGAGCGCGAAGAGGATCAGGTACGGGTTCGAGGTTTTCGTGTCGGGCACGAAGGGAGGGGGGCGATGAGGGGGCAGACGAAGTGAGAATTCAAGCTTCTAAAATCAGGAGGACGCGGCCCACATGCAGGATGCACGCCCAAATATTTGACGAAGTTTGCCGCTCGCCCGCGACGGGAGGGGCCAGGTGGTCGGAAGGGGATGCATTCACAGGCCGGGTGGCGTTCCGTGCGGCCGGCTGCGTGCCGGGGCAGACGCCGAGACGCAGTCGAGTGAAGACGTCGAGAAACCGGCCCAGTTAATACAACGGTGATCTGTGCGTAATGGCGGCGCTATACTCGCCCGTTATTGTGTGGAACGAACAACAAATCGATTCGGGGAGTCCGCAAGAACCTAGCACACGGCCCGACCTGAACGTTTCCCGTATGAACCGCCGCGTCCAAAATGGTTAACGGTTGGTATCGAGACCTTCTGTTGGTTGCGTTTCTTTTTCTGGTGGGGGCGGGAACGAGCCCACTGGTCGTTGCGCAGGACGCGAGTCCGAAAGAGGTAGATACGAATGGGACAGTCACCGGGGTTGTTGTGGAGGACGGGCGTGGAGAGCCGCTGCCGGGCGCCAACGTCCGTGTGGCCGGGTTGTCGACGGGCACGACGACAGACCTCAATGGACGATACCGCATTGAGAATCTTGACCCTGGAACGTACGACTTGCGATTCTCCTTCGTCGGATTTCAGCAGAAGACTGTGACGGGGGTAGAGGTTACGGCGGGAGGGACCACGGAGATTGACATTACGCTGGCCGAAGAAACGGAGCGGCTCGACGAGGTGGTCGTGGAGGCCAAGGCCGCTCGCGACTCGGAGGCCGGTCTGATACTGAAGCGCGCCGAAGCGGCTGCCGTGAGCAATGCTGTTAGTGCCGAGACCATGAGCCGGGCCGGAGCCGGAACGGTAGCAGATGCGATGGGGCTGATGACTGGAGGCTCGGTCGTAGAGGGCAAACACGTAAACATTCGGGGCTTGCAGGGGCGATACGTCAACGTGCAGCTCAACGGTACGACACTCCCGAACGCAGACCCCGAGGGCAACAGTGTGGCGCTTGACATTTTCCCGTCGAGTTTGATCGATAACGTCGTCACCGAGAAGACATTCACGCCGGACAAGCCCGGTACCTTTACGGGAGGCTCGGTCGACATCACGACGAAGTCGTTTCCGAACGACTTTTTCCTAAACGCATCGGTCTCCACCTCTTCCAACAGCGAGGTGGGAGTCGGTGGCGGCATCCTGCTTCCCCCGGACGGACTGGAAGAGGTGCCGCCCGTGGCGAACAGCAGCAGTGTTCCACCGGGGCCTACGTCGGACCCCGAGCGGCGCGACGCGCTAAACCAAGTGACGCAGGCGTTTGCCACTGGTGTGTCCCCGCGGTCCAACGACGTGCTCGGAAACCGAAGCGCGGAGGTTTCCCTCGGTGACCGGTTCTCCGTCATGGGAGATCGTTCGCTCGGCGTCATCGCCTCCTTGACGTACGACCACTCTTTTTCCGGATACAACGGGGGGACGACGGCTCGCTTCTCTCAAACGGGCATCAACGCGGAGCAGCTCCGCCCTGAGGCCTCCTACACGACACGGCGCGGCGTGGAAGAGACACTGTTCGGGGGGCTCGCGGGGATCTCGTTTCAGCTTACGCCCACGGACGAATTGGGAGTGCGTCTTCTCTACAACCGCGACGACGAGCACATCGCCCGATACGAATCGGGAATCCTTCCCCGTGACAATATCTCTGGAGACCGGAGATTCGAGACGCGGGTGGCCCGTGTGATTGAGCGCACCGTACGGACGACGGAGCTTGACGGCACCCATCAGTTTGGCAGTGGGGCGGAGGGGGTGCGCCTTGAGTGGCAAACAGCCTACTCGAAAGTAAGGCGGGAGGAGCCGGACAATCGCTTTTTTCCGAACGAGTTTTCTCCCGGAGAGCGCGACACATCGTTTGCCATCTCCGGGCCGGTCACCGGGCTTCCCACCCGATATTTCCGGGACCTCACGGAGCAAGATTGGTCGGGCGAAGCCTCGGTTGAGGTACCGGTGGGACCGACCCTCTTCGAAGCGGGAGGCCGCTTCCGAACGAAAACGCGGGAGTTTCGCGAACGCGTGTTCAAACATGACGCCCCTATCGGACACGGGTTTAGCGGACGTCCGGGGGCGTACGTCGATGAGCGGTCGGGCCTTCTTTCGGACGGGACGTTCGGCACCTACGTGACTGAAGTCCCATCGCAGGGCGGGAACTACGACGGGGCCCTCGACACAGGGGCCGGCTACCTGATGACCGAGACCCCGGTGCCGGGCGTCCCGTCCCTCGAGTTCATCGGTGGGGTGCGGTTCGAGTACACGGACATGTCGCTAAATACGCTCGACAC
CP030361.1_gap23	689754	690344	590	ACGTTGCGTCACACGAAGCTTCCTTCGCCGGGCATCCCCGATTGACGGGGGTGCCCGGTGTTTTTGTGTTGGGGCCCCGAGGGCGGGCCCGGAAGGCCACTCGCCGACTGGGAACGGAGCACCCGCATCTCGTGTGCGTGTGATAGTCCAGTCGGAATGTCCCACCCACCACGCACCGGCGACGCAATGGCGCTGCGCTGTCTTTTTGTCGTCCAGGGCGAGGGCCGCGGGCACCTCACGCAGGCGATGGCCCTGCGGCGCATGCTCCGGGACGCCGGGCATCGGGTCGCCGGGGTCGTCGTGGGCAAGAGCGACGACCAGGCCGTGCCGGCCTTCTTCCGGGCGGCGTTCGAGGCCCCCGTCACGGACGTCGAGAGCCCTGGCTTCGTGTCGGACGACGCGGACCGTTCGGTGCGGCCGTGGGCCACGCTGCGCCGGGCGCTCGGGCGCACGCCGACCTACTGGCGCAGCCTGTCGGCCCTCGACGCCGCCATCAAGCGCCACGACCCGGACGTGGTGGTGAATTTCTTTGAGCCCCTGATGGGCCTCTACGCCGTGACGCATTCGCCGTCCGTGCCGGTCGTGGCGGT
CP030361.1_gap24	714198	716088	1890	ATCGTCGAGCTCCGCGACCGCCTCGCAGACCTGGACGTGCTCGAAGACACATCGCCCCTCAGCGGCGGGTCGGACGCCCGGGCGGAGGCGCGGGCCGACGCCCTGGAGGCCCTCACCGAATTGGGGCTCAGCAAGGCCGACGCCGAACGGTCTATCCGTCAGGTGCTGCGCGACAACGCCGGCATCCAGTCGGCCGACGAGCTGGTCCGGCGGGCCCTGAAGGCGGACCAAGAATAATACGTCTCACCGTACCCGACGCACTTCCACCTCCCCCATGCCCGACGACCTTCGCCTCTTTGCGCTCTCCGAGAGCCGGGGCTTCGGCGAGGCCATCGCCTCGGCGCTCGACACGGAGCTCGATGCCCACCACGAACGGACCTTCACGGACGGGGAGCACGAGGTGCGCCCGGAGGTGAACGTGCGAGGGCGCGACGTCTTCGTCGTCCAGTCCCTCTATGCGGACGACACGTGGAGCGTAAATGACAAGCTGTGCCGGCTTCTCTTCATGCTTGGGGCCCTGCGCGACGCCTCGGCCGAGCGCGTGACGGCAGTCATTCCGTATCTCTGCTACCAGCGCAAGGACCGCAAGACATGTCCCCGCGGGCCGGTCACCACCCGCTACGTGGCGGGCCTGTTCGAGGCCGTCGGGGTCGACCGCGTTCTGACGATGGACGTGCACAACCTGGCGGTTCTTCAGAACGCCTTTCAGGCCCGCACCGAGCATCTGTTAGGACATCCGCTGTTCGTGCACCGGCTGACCGACGTGGTTGGGGCCGAGGAGATGGCCGTGGTGTCCCCGGACGAGGGCGGCGTGAAGCGCGCCGGGAAATTTGCCGAGGGACTGGGGGCGGTGCTCAATTGCGAGGTGCCAACGGCGTTCGTCGAGAAGATGCGGAAGGACGACGGGGTGACGGGGGGAGCGTTGGTCGGGTCGGTGGAGGACCGCACGGCCATCGTGGTGGACGACATGGTCAGCACTGCGGGGACGATGACGCAGGCCATCCGGTCGTGTGCCGAGGAGGGGGCGGAGTCCGTCTACGCCGTGGCCACCCATGGCCTCTTCGTCGGCGAGGCAGATGAGCGGCTGGAAACGGCGCCCCTGGATGCCCTTTTCGTCACCAACACGGTAGCGCCGCGGCTCACGGGCGCGGCGGCCGAGCGCCTGCAGATCTGCAACGCGGCCCCTCGATTCGCGGCCGCCATCCAGGCGGTACACACCGAAACCTCCGTGAGCGCCCTGAACGAGGTGTAGCCGAGTGAGGAAGTGCTTGTGGAGTGCGCCCTGAACGAGGTGTAGCCGAGTGAGGAAGTGCTCGTGGGGGGCGCCCTGAACGAGGGGCAGTCGAACACGGAGGCCCCTGTCGGACACGTCCCGGCAAGGGGGCGAACGAACGGGAAGCCGGCCTTGGGCCGCGTCCCAGACGAAGGGGACAACGGGTGCCGGAGTCTCCATCCACGTCTGCGCGCAGGGGGCGTCGGGCCTACAGGGGCCGAAGCTGGACCCGAATGCGGGCGTTCGCGCGGTCGAGATGGTTGCGAGCCATGGCGCGGTACCAGCGCCAGCGCCCGTTTCCGGTGCGGAGGCGCAGGAGCCATCGGGTCCGCTGCGTCCGGTGACTCACCATGTGTGCCAGGTCCCGCATCACGCGGTGCAGGTTGCGGCCGTGGACGTGGGAGAAGAAGCAGGGCTCGAGCGTGTCGTCGATCCCGTATTCGAGGGCGCGGCGGGCCGACTCGTTCGCCCGCTGAATGGTGCCACTGCGGTCCAAATACAGCATCGGGGTGTGGGGCGACTCCTTCGTCTCGGAAGCGCTTCCACGATCGGGGCGGAATACAACGGGTACGGATTGCGTGGACATGGCGGACATCGGGGAACGTTGGCGGTGGCGA
CP030361.1_gap25	801306	804346	3040	GTGTCGGGGGTGTCGTAGTCGAGCGTGAAGGGGAGGGCCATTTCGGGGGCAACGATCGTCAAGGGGGCGTCCACGACGCCCCGGAGCCCGCGGGCCACGGCGTCGGTGCGGGCGGGGACGACGGACACGAGCCCTGCGTGCTCGACCGTTGCGTCGGCAAGGGCCGAGTCGAGTTCCGCTCGCCAGTAGGAGGCGTCCGTCGCGTCGGCGTCCGGAGGGTCGACGGAGAAGACGCGGACGAGCTCGTCGTCCGAGAAAAGGCCCGCCTTCACGGCACTGTTTCCGACGTCGAGGGCGAGGAGCATGTGTGGAAAGGAGGGGGAATGAAAGACTCAGCGCCGGGTCGTGACCTCACCCGCGTGCACCGTTTTCTCCACCCCGTCTGCCGTGCGCAGCCGCAGGGCCCCGGTCTCCGTGATGCCCTGCACGGTGCCCGAGAGGGTCTCGTCGGTGCCGGGGAGGCGCAGGGACAAGGAGGACCCGAGGGCGGCAAGGCGCTCCCGGAACGCGCCGCGGACTGAGCCGGCCCCGTTGTGCTGTACGGCGTCGTACCGACGTTCGAGGGCCCGGAGCAGCCGGGCCAGGAGGGGAGGGCGCGGCACGGGGCGGCCGCTGGCGAGGCGGAGCGACGTGGCCGTGTCGGCGAGGGCGTCGGGAAAGTCGGTTTGGTTGACGTTGAGGCCGACCCCCAGCACGACGACGGCGTCGGTGTTGGGCGGGGCCAGAGACGACTCCAGCAGGATGCCACAGGCCTTGCGGCCCTCTAGAAGAACGTCGTTGGGCCACTTGAGGGCGGCTGAGTGGGGCGAGACGAAGTCCTCAATCGCCTCGGCAACGGCCACGCCCGCGGCCACAGTGAGAAGCCCAAACCGGTCCGGCGGCAGCGTGGGACGGAGCACCACGGAGAAGAGAAGGTTGCGGCCCTTGTCGGCGGTCCAGTCGCGCCCGTGGCGCCCCCGTCCGGTGGTCTGGTATTCGGTAAGCACCGTGGCGCCCTCCGGCGCGCCCGCTGCGGCCCACTGCGCCGCCCGTTCGTTCGTCGAGCCAACCTCCTCGAATCCGCGCATCGACCGGCCGAAGCGGTCGGTGGAGAGCCGACCCTGCGTGTCCGCGGCGAGAGGGAGGGACATGAGACGAAAGCGTCGGTGCGGGGAAATCGAGACGGGACGTGAACACTGCCCTGCGGCCCTCTGCTAACGGACGGCGTACCCGCGGTACGCCGACACCGTCCGGAACTGGCGCGGGGCGCGAAGGGGCACGTCCACGACGGCCCGGACGCGGGTCAGGTGGGGCACCCAGGTCTCGTCGGGGGCGCGGCGGAGGCGGAGCGTGATCTGGCTCCGCTCGCGGAACAGCAGAATCCGGCTGGCCCGGGTCGTGGTGAGGCCCACCAGTTCGTGCGACGCACGATCGACCGTGAGGCGGGCGTACCGGATGCTCCGGTCGGCGCCCCGTTCGCCCGAGCGCACTTTCGCCTCCACCACGTGGGTCGGCGTGCCGTCCAGAAGCGAGTCGCGGCGCAGGGCGTAGCGATAGGCCTCCTGCGTGCGGGGGGCGAGGTATGCCGGCTGGTCGGCGAGGGCCTGCCCCGCCAGGTTGCCGGGACGGGCGCGAGGGGACTGCGAAGGGGTGAGGCGTGCCAAAAATCCGCCGGCCTGGAAGCGGCCGGCCGAGTCGGCCTGTTGAATCGTGCCGGGGCCGGTGCCGGGCGGGTACCGGAGCGTGCGCGTCCGGTAGGCGGTGGTGGCCCCGGTCGTGTCCAGCTGCTCGGTCCGCACGTCCCGGGTGACGGCGTACGCATCGAGACGGGCAAAGGCCGAGTCGAACGCCGTCCGGTCCAGTCGCGCAAGAACGGCGAGGGCCGAGTCCCGAGGCGTGTCTGTGGCCTCAATCGTGTCGAGGGCGCCGAACGCGGCGTACGTCCCGCCGTGCTCGGGGGGGGACGTACAGCCCAGGCCCCCGAGCGCCAGGAGCCACCCGCCCACAATGATATGTAAAAAACGGGCGCGTTTGGAGGGGGCGGGCTGCATCACTCATCGTCGGTTTATATGTTGGGACGCATTCCGGTACCGCTAGCCTAGAACCGGACAAAAGTTTCGGCCCGTGCAATGGGCTTCGTAAAGTCTTCGGGGCGTTCGGCCTCCGGCGCCCGCAATCAACCGTGCACAGATGGACGCCCCCACGCACGACTCGCCGTACGACCTGCTCCTCGACACGGCCGTGCAGGCGGCCCGCCGGGCCGCCGCCGTCATTCGGGAGCAGGCCGGCAGGCCCGGCGGCGTGCGCGACAAAAGCCGCAACGACTTCGTGACCGATGCCGACGAGCGGGCCCAGGCGGTCATCGTCGAGTCTCTCCGGGAGACCTTTCCCCGAGACGCCATCCTCGCCGAGGAAGGGGCGGCGGGCGACGGAGATGCGCCGGTCGTGTCGGGGCGGCGCTGGATCGTGGACCCGATCGACGGCACGACAAACTTCATGCATCAGGTGCCGCCCTACGCCGTCAGCATCGCGCTGCAGGAGGAGGACGAGATTGTGGTCGGCGTGGTGCTCGACGTGCCGCGCGACGAACTCTTCACGGCGGTGGCGGGGCACGGGCTTCAGGTGAACGGGGAGGAAGAAGGGGTGAGCGCGACGGACGCGTTTGGGGAGGCGTTCCTGGCGACGGGGTTTCCCTACTGCCGGTTCGAGCACACGGACCGGTACCTGGACGTGCTGGCCGACATCCTCCGCGACGCTCAAGGGGTGCGCCGGCACGGGTCCGCGGCGGTTGACCTGGCCTGGACGGCCTGCGGCCGGTTCGATGGCTTCTTTGAGACCGGGCTCAATCCCTGGGACATCGCGGCGGGCGTCCTGCTCGTGCGTGAGGGCGGCGGACGGGTCACAAACTATCACGACGACGCCGGGCTCACGCCCGTATTCGACCAACAGATGTGCGCCACCAACGGGCCGGTGCACGCCGCCCTGCTGGGCCACCTGGCCCCGATGGACGACGTGCGACTGTAGCCGGCCGTGCGGGGCCTCTCCTTGCTCATTTTCTTCC
CP030361.1_gap26	846324	847702	1378	CGTCGAGCCGCGCGTCGGCCCGCGTGTCGCCGGGGCCGACCTTAATGGAGACGGCGTCCCGGTCCATCTCCTGGAGCGCCGCGAATGCATCCTCGTCCGTCACGTCGTCGCCCAGGTAGACGGGCACATGATCGGGGTGCTGTGCCGCGATGCGGCGCACGGCGGTGCCTTTCGTCAACCCGTCCGGACGGAGCTCCACCACTTTCTTGCCCCAGATGGCGTCGAGAACCTCCGGGAGGTCGGCGAGCCAGTCCTTGAGCTGGTCCCGTGCGCCGGACTCGTCCGTGGCCTCGCGGTAGTGTACCGCGAAGGAGCGCGCCTTGTCCTCGACCCGGAGCCCGTCGACCGACGGCACGGAGGCGCGGAGGCGGCGGAGGGCCGCGGCGGCCTCGTCCGACATGAGGCTGTGGACGTCACGGCCCACGACGCCCTCCTGCGCCCCGTGCAGCCCGATCGCCGAGTACGGGCGATCGAGAAACGAGGAGAGGGCCTGCAGGTCGCGCCCCGTGACGATCCAGAGGGGAAACTGCGCGTCGAGGTCGCGGAGCAGGTCCGGGGCCTCGGGGTGGGGCACCGCCGCGGCCGGGTCGTCTACGATGGGGGCAAGGGTGCCGTCGTAGTCGAGGAAAAATAGGGGGGGCTCAACGACGGGGGTCATGAGCGGCCGTTCGTATCGCGTGTTTCGTATTCCGTATTTCGTATCCGTGGGGTGCCACGCATTGCGCACTACGCAACACGTGCCTCTACGCCGGAGCAGCCTCTGGCCTCCGGACGGCAAACCACAGATCACGAGGCTCCTACTCCTGGATCGAGTCTAGGAAATTCCCGGCCCAGTTGTGCACGTCGAGGGTCTCGATGGTGTCCTTGAGCCCGGCGAGCCGCTCCTCGCGCTCGCCCGTCGGCATCTCGAGGGCGGTGCGGATGGCGTCGGCCACGCCGCCGTGGTCGTAGGGGTTGACCTGCACGGCCTCCGGCAGCAGGTAGGCGGCCCCGGTCAGCTCCGAGAGGATGAGCACGCCGTCCTGCGAGGCGGTGACGAACTCCTGGGTGACCACGTTCATGCCGTCCCGGAGGGGCGTGATGAGCGCCGCGTCGGCCGCCCGGTAGAAGGCGCACAGCTCGTACTGCGTGTACGTCCGGTAGCGGTAGTTGACGGGCACCCAGTTTTCTTCGGCAAAGCGGCCGTTGATACGGCCCACCACCTCGTCCACCTCGCGTCGGATCTGCTGGTACGACTCCAGCTCCGTGCGGCTCGGGGTGGCGATCTGAAAGAAGCTCACATTGCCGTGGTACTCGGGGTTCTCCTCCAAGAACTTCTCGAAGGCCAGCATGCGCGACCGAATGCCTTTCGTGTAGTCGAGCCGGTCGATGCCGATGA
CP030361.1_gap27	856238	859884	3646	AGCCGGAGCCGGAAGCCGTTGAGGCGTAGCCCGACGTGTGGCCTGTGGCCGTCGTTGCTCGGTCGTCCTGCCTTCGCGACCGGCCGCCACAGGGGGCTTTTTGGAGTCCTGAGAATTTTGTATGCTTCAGGGAAAGAAGTCCCTGCCCCCTCTTCCCCAGAGAACGGACGCTCCGGAAGCGCTTTCAAGTGGGGGTGACGCAGTACGCACCCCCATGGCGGTCATGGCGCCCTGGAGAACGCATGGGCGGGAGGCAGGCGGGGACAAACGGCGGAAGGGGATCCTTTGGCGCTCGACGCCGTGTCGACTCATCCAGCTGGCTTCGACCAATGGCTACACCCGAGATGCAAGACACGAACGACTCGGACCGTGACACTCAGACGAATGCATCGTCCTCGCCGTCCGGCGCGGCGGGGGGCGTGAAGACGGCCGCGGAGGAGATTCCGGCCGAAAACCTCATGCACGGGGACGGCCATGCGGCCATCCCCCAGATTCCGTCCATCACGTCGGATGGATCGATCGAGGTCGACGAACTGTCCCCCGCCGATTTTGAGCCCGACGACCTGCGGCAGCGGCTCCGCACGATGATGCTCTCGCGGCGGCTCGACGAAAAGATGATGACGCTGCTCAAGCAGGGGGAGGGACACTTCCACATCGGGTGTGCCGGGCACGAAGCCGTGCAGTCGGCCCTCAGCCGCTACTCCCGGCCCGGCGAGGGCCCCGGCCACGACTGGTTCTGTTTCTACTACCGGGACCTGTGCATGGCGCTCTCCCTCGGGATGACGACAAAGGAGGCCCTGCTGGCCCACCTCGCCAAGGCCGACGACCCGAACTCGGGGGGGCGTCAGATGCCGGAGCACTTCGGCCTGAAGCACCTCAACGTCATGACGACGGCCTCGTCGGTCGGGGCGCAGTTCAACCCCGGGGTCGGGTTCGGGTTTGGGATTCAGCAGCGCGGGGAGGATAGCTACGTGTACATCTCGTGCGGCGACGGGGCCACCTCGCAGGGCGACTTCCACGAGGCCCTCAACTGGGCGGCCCGCGAGCAGGCGCCCGCCCTGTTTCTGGTGCAGGACAACAAGTACGCCATCAGCGTCCCCATCGAGGAGCAGACCGCGGGCGGCACCCCCTACAAGCTGGCCGCGGGCTACGAGGGGCTCAGCCGGATGCGCGTGGACGGGACCGACTTTTTCGCCAGTGCCGCCGCCGCGCAGGCCGCCATCCAACACATCCGCGACGGCAAGGGGCCGGTCTGTCTCGTGGCCGACGTGGTGCGCCTGCTGCCGCACTCCTCCTCGGACGACCACACCAAGTACCGCACGCCCGACGAGCTGGAGGCCGACCGCAAGATCGACCCCATTGACCGCCTGGAGGCGGCCCTCATCGGCGAAGGCATTCTGACGGAGGCGGATGCCGAGGCCCTGCAGGAGGAGGTCCACGAAGAGGTCGACGAGGCGACCGAATGGGCGAAACGGCAGGACGACCCCTCCCCCAAAACCGCCGGCGACCACGTCTTCTTCGAGGGCGACCTCGGTCTCGACTACAATTCCGAAGACGACCTCGACGAGGACGCCGAGCCGATGGTGATGGTCGACGCCATCAACCGCACGCTCAAAGAAGAGATGGCGCGTGACGAGTCGGTCATCGTATACGGCGAGGACGTGGCGGGCGACAAGGGCGGGGTCTTTACCGCGACCAAGGACCTCACCGACGAGTTTGGCGGGGACCGCTGCTTCAACTCGCCCCTGGCGGAAGGGTCCATCATTGGCACCGCGGTGGGGTACGCCGCGAGCGGCTTCACGCCGGTCGTCGAGATCCAGTTTGCCGACTACATCTGGCCGGCGATGCAGCAGCTGCGCAATCAGGTGGCGCCCTTCCGCTACCGCTCGGACGGGGAGTGGAGCTGCCCGATGGTCGTCCGCGTGCCCTGCGGGGGCTACATCCACGGCGGCCTGTGCCACTCGCAGAACATCGAGTCCATCTTCGGCCATACGCCGGGCCTGAAGGTGGCCCTCCCCTCCACGGCCGCCGACGCGAAGGGCCTCCTCGCCACTGCCATCCGCTCGGAGGACCCGGTGCTCTTCCTGGAGCACAAGGCGCTCTACCGCGCCGCGTCGGCCCGCACCCCCACGCCGCCGGAGGACTACACCCTGCCCTTCGGAAAGGCGCGCATCGCCCGCGAGGGGTCGGACATGACGATCGTGACCTACGGCATGATGACCCAAAAGTCGCTCAACGTGGCGGAGGAGCTGGAGCAGGAGGGCGTGGACGTGGAGGTCGTCGACCTGCGCACCATCGTGCCGCTCGACTCGGAGACGATTCTGGAGTCGGTGCGGAAGACGAACCGCGCGCTCGTCGTTTACGAGGATCACGAGTTCATCGGCTTCGGCGCCGAACTCAGCGCCCAGATCGCCGACGACGCGTTTACGTACCTCGACGCCCCCATCCGCCGCGTCGCCGGCGAGTTTACGCCCATCCCGTTCGCCCACTCGCTGGAGCGGAGCGTGCTCCCGAGCGACGAGGGCATTCTGGAGGCGGCGCGTGACCTCGCCGCGTTTTAAGACCTGCCCGGCGGGGCTACGGGGCCCCGGCGCCGGGGGAGGACGAGCCTGCCGCCGGGGCGGGACCCTGCACTGTGTCCCGTTGCACCGTGTCCTGTTGCACCGTGTCCTGTTGCACCGTGTCCCGACGTGTGGAGTCCGGGGCGGGAGAAGACGGGGCCGGTATCTCCTGCGTGCGCGTGACGCCGACGCCCCGCTTGTACACCATGGCCCCGCCGTTCTCCCCGGTCTCGTGCATCGGAACCAGGGTCCCCAGCCCGAGGAGGAACAGGACGAGATGGGCGGCGCGCCGGGTCCGGACCCAGTGAATAAAGAGCCCGGCGGCCCGAAGGAGGGCGTACCCGCTCGTCGAGACCATCGTGTACCACGCCCAGAACGAGTGCGCCGACAGGGTCTGGGCGGCGCCGGGCGTCACGATGGAAACCGTGTCGATCGCCCAGGTGCCGCTGTAGTAGCTCACGACCGCGCTCAGCCCCGTCGCCGCGTAGAGCCCCGTCGCCACCTCCTGGCCTGTCTCCCAGCGCTCCCCGAGCCATAGGGCGAGGGCGTCGGCGGCAATGGCCACGAAAATGAGAGCGATGGGGAAGTGCACGATGAGTGGATGTGCGTTGGGCACCCACTCGGGCAGTAGAAAGTCGGGGATCACAGTGAAGCATATAGATCTCAGAAGAGGAAGGATTTCCGTTACCTGCCATCGTAGAAGGGTGTTTCCGAAGGCCCCATCAATCCCTATAGTATTGGGTAGAGCATGAGAAGGGCCTGAACCTGTCGGTTCATGGACTCCCAGCTTATGGTCGTTGATTATCTAATTTGGTAACAATCCTACACACCGGAGCAGATGCTGGGATCCGTCCGCGAACTGATCCAGGAAGGCATCGACGTGATCGTGAAGCGGGGCGAAGTTCTCTCCTTGATGTAGATGAACCACTTCCTGTTTCAGATAGCGCCATAGCTTCTCAATCGGGTTGAGCCACGGAGCATACCACTTGAATCGGCAGCGGGTCTTCGGCTGTCGCTCCTGAGGGAACCTCCGGCCAGTTGCCCGGCACCTTGAAGGGCCAGGGCCACTGCTGGGGCTCCAGTTT
CP030361.1_gap28	886331	890172	3841	TTCCGGGGCGCAAGTCCGGGCAAACATCCGGGCCGGAAGGGACCACTCCCTGGAAGATCTTTCGTTGGAGGGCGGTCCTATACGGCGATCTTTCCTCAACCGGATCACGAAGGGAATCTCCCTCTTTTTCAGTCCCTTCAGGAAGCCTGCTCCCGTAAATTCCCGATCCGCAACAAGTGCTCGAATGTGCTCCGGATCTACAATCTGGAGAAACTGCTCCAACAGGTCGGTGTGTTCGTCGGCCCCGGACCCGCCGCCGTGGTCGAGCACGCTCCACGCGACTGGAAAGGCGATTCCATTCTGTGCAATCCCAATCATAAGTACGTTTACCGGCGTCTGACCGAAGTGCCACTCGGTTCGGTCCAGAACCGCCAGATAGGGCGGACTGGTCGGAACGAGATCCAGCAAAAACCGACCGAGCGCCTCGTAGCCGAAGGCAAACTCGGCGAAAAACCGTTGGAGGCGCCGGTAGGTCGAGTCGGTCTCGACCTGCGGCTTCCCCGCGTGGGCCAACTGGGCAAGGTTCGTGGTCGTCTGCATCGGAAGGGCCCGCATGAGCCGGGCCATTAGCTTCATCCGAGCTCGGTTCCAGCCGAGCCTCTCGGAGAGAACGCGCGTCAGCTGCTTCACGTAGGGGAGCATGGGGCTGGTTAGCGGCACTGATCGTGTTTGGATGCACGACCTTTACCGCCGCTGATCAGCCCCCGTTCATTTTTGTCGTGTAGTGTGGTGGTCATTAGAGATTCTAACCCGGAGAAGTACGACTTGGGGCCCCGGTTAAGAGGAAATTCTCTCGGAGATTGGTGATCTGTTTCACCCTGTGCGGAAGAAGTATCTTGGTCGTACCCACTGCTGTTTGGCAGATCACGATAGTTAAGTTCGGTGTCGTGGACACACCGAGTTTGTCGCGAAGGTGAAGGACGTTCTGGCCATTTCCGGAGGTCTTCATGTAATGTAAGACCGACCGGCGTACACGGACGAGAAGTCCGGGCAGATTCTGACGGCGGTTCGCGGCTAGTCATTTGTTTAGCGAATCAGTCTCTACGCAGCTGAGCGGGGGAGCCGGTTTGATCGAACTTCTCGGAAGTGGCGTTGAGCCCCACTTTCGGGGTAATCCCAGTTGTAGCCAATTCCTCTCGGATGCCCCAATGGATATCGAATAGGTTCGGCACACCGGGCTCCTCGTACCAGGGACGCAGCTGGTCGAACGATTCGGAGGGTCCGCCTTCTTGTCGGTCCGGATCCCGGGTCTCGGCCGCATGCTCGGCCACGTAGAGCACCTCGGTCGCCCCGATCAGAAGTCGGAAGTTATTGATCCCGGCAACCTTCCAGCAGTTGCGACAGAGGTCCTGGCCGAGCCCAAAGCTTTCCTTTGCCTCCCGGATCAGAATCTCAATCGATCAGCGTCCTCGATATTCTTCCAGGATCTGCTCGACCCCGAGCCGCAAATCGGTCGTTAAAAACACTTCCAGATAGCGCTCTCGCTTCTTCGGGGACGAGGCTTCTTTCAAGTGCGGGCGGCGCACGATCACGATCCGCAGAACCTCCCCCGGCAGCACGCTGTGCCAGATCGCCTCGAAACTTTAGCCCTCGGCGTCTTCTTCAATCGGATGTTTCTCCCATTCCAGCCCGTTTTCGACAAGTTCCTTCGGGGAGCCAATCTCCTCCCCTTTCTTTGGTTGAGGACCGTGCTTGCCCTCTGGCCTATCGAAGGCATCGCTCTGACTGGCGGGAAAAACGTGGTCGAGCCACAAGATACCCCACCGAGCTCGAACCTCTCGGCCAGAGGGGAGGGTCCCCACCGCGTGGTCGATGCCACAGTCCCAACAATTTCGTCCTCTGTTTCAGCCGAGAGTAAACTTACAAACTGCTCAGTTCGAGGTCAGAACGGGCCTCCGTAACCCGGTTTCAAACGAGCACTTTCAACTTACCAGTCAAGTTTATTGTGTAAAGCGCGTCGTCTGTTAGGCAAGTTGTAATGCGGAATTGCATGGTTCTGTTTGAAGTTCTGCAGGCTGTTCCTCAGTCAGCCCGTCACACCATTCGTAAAACTCGTCCATCTTCAGGTAGCGCCGGCCGGTGAACCATTCCTTGTGTTTTTCCGCCAGCAAGGCGCCGACGAGGCGCCAAGCCGAGGCGCGATTCGGGAAGATCCGAATGACCTTCTCGCGGCGGCGCACCTTCTGAATAAGCCGTTCCAGCATGTTGGTCGTCCGGAGCCTCTCGCGGTACTTCTCCGGCAAGGCCAGCACGGCAGTAGCGTCGAACAGGCCCTCCTCGAGGACCTCAAGAGCCGCTGGTGCCTCCTCCTCTGTCTCAGGACAGGCCTCCTCGAACTGCTGCTGTGCCTGCTGTTGGGAGTCGGCCTCGGGGATCTGATCCAGGAGCTGGTGCATTTGGTCTCTGTACGAGGAGGGCATCTTATCGAGCACGTTGCGTCGAAAGTGCGCCTGGCATCTGTTCCAGATGCACCCCGGGAACGTCTCCTGCAGAGCCGCCTCCAGGCCCTCATGAGCGTCGCTGGTAGTCAGTTCCACGGCCCCGGGGGCCTCGGTCTTTGAGCTCCTTGAGCAGCTCTCTCCAGCTCTCAGCCGTTTCTCGAAGGGCGATCTTGAATCCAAGAATCTCTCGGTAGCCGTCTTCACCGGTTCCGACGATGATGAGTGCCATGGCCGAGCGAACCGCTTCGTCGCGCCGAATCTTCAGCTGCATCGCGTCGGCCAGCAGGAACGGATACTCCTCATCGAAGGGCCGCTCGGCCCAAGCCCGGACCTGCTCGTCAAGTCTTTCGGTCAGGTTACTTACGGTTTGGTGGCTGAACTCTCGCCCGCAGAGCTGACGGATTTCTATCTTCTTGCTGGTAATCGGTCTATTAGACGGCACGCCTTCGTTCCCATCGGCCCGCCTCAGCGCGGTTGACCACGTTTTAACTCTCACATCGCTGGTGGTAATAGTGAAGGTTGATGCCGGAAAAGTTCGTCTTCCCAACACTCTCAAACCATGCACCATTATGGCGTAGACGAATTTAAACCGTAGTAAGGTATATACGTTTTTAACGATGAGTAACATGAATATGAAGCCGTCCTTTATTATTGGTGGGCAAGGAAGGGCCGGTACTTCCTCACTGTTTTATTATTTGAAACAACACCCAATGATATGCATGCCTAATAATAAAGAAATAAACTACTTCAAAACAGGGTTCTACGAAGATAAAGACATAAACTTCTACTTAAAGCAATTTTCGACCTGTCAAGATACCAGCGCCAAAGTAGTGGGAGAGGCAAGCCAATCATACATGAACGACCCCAATGCTGCGCACAGTATACACGAATTCAATCCAAATATGAAGTTTATATTTATGCTACGAGACCCAGCCGAGAGGGCATTTTCAGGTTACAAGCGACAGATACAGTCCAGGGGAGAGACTCGCGGATTTAAGCAACTTATAAAAGACGAAGAAGAAAAGTACGGAGTTTGTAAGCAAATTAGGGAAAGTATGTATTGTAAGGACATAAAGAAGTTTATAAACCTATTTGGGCGTGATAACTTGCATTTAATCTTTTTCGATAGATACTGTGACCCTAAGAAAAGAAAAGAAATACTATCTGAAACTTGCGAGTTCCTCTCAGTTGATAAAAAATTTAATTTCGACATGAGTGCACAAAACAAAAACGAGTCCAAGATGCCACTTAGTATTACGATGCAGAAATTTATAGCGTACACCACCGATAATTGGAGGGTAGACGACCCCTTTCTCGTGAGGCTATATAAGTATATCGTTAGAAACGGCGGTAATTATTTAAACCACCTGTACTCTTTTCGCGAGACACCTACTCTGCAA
CP030361.1_gap29	908805	913205	4400	CAGTGATTCTCGCTTTTCTCTCGGATCTTGGCCTATTTAGCGGTGCTCCCGGCCTATGATCTGATTCTGGAGACCTTCGATGCAAGCACCTACCGCACCGCCGACTTACGAGAGCGAGATCCTGGACCATCTGGGCTTGGTGGCCGGAATGTACGACGAGCTGGAGATTGGGGAGCGCATCGACTCCTGCATTGCTCAAGACCTCGATCAGCGAGAAGTCTCTGTTGGGCAAGCCGTGAAGGCAATGGTACTCAACGGCTTGGGGTTTGTCCAGCAATCTCTGTATCTGACGCCTCGGTTCTTCAAGAACAGGCCGACCGACCGGCTGATCGGAGAGGGAGTCGAGCCGGAGCATCTCAATGATGACGCCCTGGGAAGGGCTCTCGACTGTCTCTACGACTACGGCGTGACCGAACTTTTTCGCGATCTGTCGGCACACGCAGCAGCCCGGCTCGGGCTCACACCCCGGTTTGCTCACCTGGATGCGACGAGTTTTCTGGCTCATGGCGAATACGGAGGGGACGAGGGGCCTGAAAACGGAGTCATTCAGGTTCGGAAGGGATATTCTCGTGACCAACGTCCTGACCTCAATCAGGTCGTGCTCAATTTGATGGTCGAGCACAAGGCGGGACTGCCGGTGCTGATGGAGCCCCTCTCAGGGAACGCGAGCGATCAGGGCAGCTTCCGGGAGTTGATCGACCGGCACGTCGATCACCTTCAAAATGTGCACGGGTTCGATTATGTAACCCAAGTTGCGGGGTATAGCTGAACGGCAAGAAAAAGCGGTGCCCATGACCGATATTGAGAGACGAGTCTCTAATTTCGCTCTCTCAGATCCCCGGTCTTATGGACACCGCTATCATTACCGTGTACTGCCTTACCGACGATTGGCTCCGAGCCCGCCGCCATCAGGAAAGTTCTCAGCGAAGGGTTACCGATGCGGAGGTGATGACCGCCGCGATCGTGGCCGCTCGCTTCTTCAGCGGCAATTTCGAGACTGCCCAAGACCTGCTCGAAGGCCCTTCCTACTTTGGAGGACGACTCAGCCGAAGCCGCTTCAACCGGCGGCTCCATGCCCTCGACTCGATCCTGGAAGCGTTCTTCGAATGGCTCGGCCAAGTGCACCAGATGGCCAGTGCCGAAGATATTTTCCTCATTGATAGCTGCCCAGTCGAGGTCTGCGATAACATCCGAATTGACCGGTGCCAAATCTACCCCAAAACGGCCACTGACGACGCCTATCGGGGATATAACAGCAGTAAGCGCCGATATTTCTATGGACTGAAGGTCCACATGGTGACTACTGCTGAAGGCAATCCGGTCGAAGTTTCCCTTACGCCCGGCAGCTATAGTGACACCAAGCATCTGCGCACTTTCGAACTCGATTTTCCGGAAGGATCGGTCCTCTACGGTGACAAGGCGTACAACGAGTACTTCACCGAAGACCTCCTGTCTGATGCCTCTGGCATAGAGCTTCTTCCCCATCGGAAGAAGAACTCGAGGCGATCGGTCGAAGCCTATGTCGAATACGTTCAGCAGGTCTATCGCAAGAAAATCGAAACCGGATTCAGTGGCCTGAAACGGCTGCTACCAGCATCGATTCACGCGGTTACAGACCGCGGTTTCGAGCTCAAGGTGTTCCTTTTTGTGCTGGCATCCAGCATCGATGCTCTGCTGTAGGTCGCAACTTGAGTTATGTAGTGGCCGACAGTGCTCTCTACAGCGCCGGGCACATCCAGGATCTCGACGAGGCAGGGACAAAGTTCGTTACGCGAGTACCGGGAACGCTCAATGAAGCCCGGCAGGCCATTCAGAACACCGACCTGGCGGATCTGAAGCCGCTCTCGGATGTATACCGTGCTCGAGAGAAGATCTCCGAGTACGGGGACGTAAAACAGCGCTGGCTCATCGTCTATTCGGAGGCTGCCGCCGATCGGGCCAGCGAAAGCGCAGCAAACCGGCGAGACCGCGAGCATGAGGCAGAGAAGCGCGATCTCCGCGCACTGGAGATGCGGGAGTTCTCGTGCCGGGAAGACGCCGAAAAGGCCCTGAGCGCCTTTGAGGAGGAGCTTGCCGGAAGCGTATGGGCCGAAAAGCAGGTGCTTCAGGCCGCGCGCTTCACCATCGACGAGGAAGGCGTCCCTGTAGAGACAGGGGAGGCGGGTTACCTGCTACAAGGAACGCTCGTCCCTTCGGAGGACCGCCTGGCCCAACTCGTGAAGAAGAAAAGCTTCTTCATCGTAGCAACCAATGAGCTCGACAAGGAGCGGCTCTCCGGAAAAGAGCTTCTGGAGGGCTATAAAGGGCAAAGCAAAGTGGAACGCGGCTTCCGCTTTTTGAAGGACCCGCAGTTTGTGGCGTCCTCCCTTTTCCTGGAGAGCGAGCGGCGGATCATGGCCCTGCTGATGGCCTAGGCGCTCTGCCTCCTGGTCTACGCGGCTCTACAGTGGCGCATCCGGCAAGGCCTGAAAGAGACTGGCTGCTCCTACCCCGATCAAAAAGGGAATCCGACCCAGCGACCGACGGCGCGATGGGTCTTTCAGAGCTTCGAGGGTATCCACGTGCTCCACACCCGAAAGCAGCAGTTCATCTTGAACTTGGAGGAGTACCACAGGACCGTGGTGTCGATCCTCGGCCCCGAGTACGAGCGACTTTATGTATCCCACCCGACATAGGGGGTGCGGAGTGTCGGAAGTAGACAGGCTACTGTGTGCTCGACAATTTTTCACATACATGACATTGCCTCACTGTAATGCAAAATATAGTAATGAGTTTACAAAACATAGAAAACAAAATACATTCAGTGATATACTACACATTAGGAATAGCAGGATTAAGAAATAAAGATGTAGTATTAACATCTTTCCCTAAGTCAGGAAATACGTGGACTAGGTTTTTTCTCTGTAATCTAATTAGCCTTAATGAGTGGAACGGCAAGATGGTTACGTTTCCGAAGCTTGATCAGACGATGCCAGAACTCGGGGTTAGTAATTTGCTTAATGAGTGGTCATACGACACGATACCACGAATTGTCAAAACGCATAAGGAACGATGGCCGATCTTTCGCGGTAACCGGACCATTCTACTCGTACGAGACCCTCGAGACGTAATGGTATCGTACTATCACGCAGAGACTGGAAGAAAAAAAGGAACATTTGACAGCTCATTTGCTGATTTTATTCGGCATCCGACGTTTGGAGTCGAGGCATGGTGTGAGCATTACACATCATGGTGTTCTCAAGCCACCCATGTCATGACATATGAAGAGATGAAAGATGACGACATTCAGGCATTTGATCGAATGCTAAAGGCGATCGGGGTCTCTCTTGACCGGACCCTTATTGAGCAGGCCGCTCAGCGGTCGCGGTTCGAAAATATCCAAAAAGTTGAAGATGAAGAAGGAGTTAGGGAAAGTGAGGACTTTTTTGAAGATGGGAGCCGATTTACGCGCAACGGAAAAACGGGACAGTGGGAAGAGTACTTTAGTAACGGCGATCTGCGTCTTACGCGTTCGTTAGTTAATGAGTACGATATAAATATATACGAAATATAGCCTCTATTAAAAATGAAGCAGATTGTATTTGCAAAGCTGCCTCCTCCTAACAATGGAATGACAATTGCAACACAAGTGTTCTACCGCATGGCTGAGGAGGAAATTGAAGTTGAGACAATAGATACATCATATGGAGGAATGAGGCTCAGCCAGGAGGGGCTCAAGCGGGTCCAGTACGATTTATTCTTTTCAGTTCAATTTGCTCAACAGCTTCGAGAGCTCCGGAAACAGGTACAAGACCCCAGTGTGAGCTCATTATACCTTGTCGGATCACCCTCCGCCCTTGGTGTCGTCCGAAACATTCTAGCGGTTTCCGTAGGAAGATCCTATGTTAATCGGATTATTGTTCATGTACATAACGGAAATTATCACCAAATCTTCGAAAGAGGCATTGTGTCGATGGGAGCAAAGTATTTGGTGCGTAATGTTGATCGCTTCATTTTTCTAAGCGAGGGGCTCTCACAGCGTATGTCTGGTTACATCCCATCGCAGAAGCGAAGTGTAGTTCGGAATACAATCGATAAGTGTGTGCGATGTACGAAAGATGAAGTAGTGCAGAAAATCCATAGTCGGTCTCAAAGAACAAAACTCCGAATTTTATTTCTGAGCAATATGATATCGAGTAAGGGGTACAAGGATGTCGCTCGTGCGATCTCCCACATCAAATCACAATCGTCTGAATTGAGTCTGCATGCCAACCTCATTGGAGAGTGGCCGGATGAACATAGCAAAGATGAGTTTCATACATTCCTAAATCGTGAAGGTATCGCAGACGTTTGCATGGTCCATGGAGGCATAAGTAACCGCTCCCAGATCAAGGATGTATTGCTAAAGACAGACGTGTTTT
CP030361.1_gap30	914293	919044	4751	CTTTACATCATACCAGGACAGAAAGATCAATTACTGAGGTCCACCGTATCCTTCGTGATAATGGAAGGTTTGCGGCGACAGATCCATGGCGCGCACCTCTATACTCAGTTGGAACTGCGATTTTTGGGAAGCGAGAACCGAATGTGTACTGCAGGCCGCTGACCGAGGAAAGGGTGAAACCGGTGCGGAAAACGTTCTCTAGCTCCTCAGTAGAGCAACATGGGACACTGACACGCTATCCTTTGTTAGCTTTGAAAAAGCTGGGGTTGTCTTTTTCTCAAGACACTGTGTGGAAACTCAACAAGATGGATGATGCAGTGTGCTCCCTTATTCCGAGGTTCCGCGAGATGGGCAGTAGCGTGGCCTGCTTAGGTACTAAGTAGCCCGTGAGAAAGGCTGAGGCCTCCGGTCCTTCCACCAATCATCGCTTGAGGGCGTCCCTAGAGCCCATCTTGAACACCCCCTCCTCCGGGTGGCTGATTTTGGAAAACTACCTTCGAACTGTACCCAACATGATAGCATTAACGTACCTCTTAGGGGCTCAGCGCCCTTCTCTGCCGACTGGATTACTCGCAGGGAGCGCGATGAGTAGTTTTGGTCGGTGTCAACGCAGGTCGAAGTGGGAAAGCAGGACGCACACGGCCCGAATATATGTCTTTTTCCACAATGATTGTACAATGTTAACATCAAATATCCGAGTCCTGCTGGGCCGCCAGAGGGGGTGTTGAAGATGGGTAGTAAGCGCGGACTGTGTCTGTAGCCTAGCCACCGACGTGCACGCTCGATTCCCCATCTGAAGTCCAAAAGCACAACGTAGGAAACCTGATGGCCACCGGCTCCGATGGGAAAGACCTGGAACATTGGCTGAAGGAATTGAACCTGTACCACTTCTAAGTGTACGAGCTTGGATAAAAGATACGGTCCGCCGGATCAAAAATCTGCATCGGGATCTTCTCATAGCTCGATCGAATGGGGCGCGCTTCAAAATGGGCATCTCCACGGGCCAGTCGATCCAGAGCGGCAGTCCCACCTCCGATATTTAGTTCCCCAAACACTCATAATTGAGCTTGATATGTCCACTCCTTCCGCAAACAGGCGACCGTCTGTAAGCGAAACGCCCGGTCCTCGAACAGACCTCCTCTCACCGGACCCGACCGACCGAATTATGGCCGACCCCCTTTTTCAGGGCGACGTCGACACGGACAAGACCGTTGTCGTCTGCGGCGCAGGCGGCTTCATCGGGGGCCACCTCGTGGCCGACCTGCTCCGGCAGGGCTACGATCAGGTGCGTGCCGTCGACATCAAACCGCCGAACCAGTGGTTCCAGAAGTTCCCGCAGGCGGACAACCGGTCTTTAGACCTGCGGGAGAAGGAAAACTGCTACCAGGCCCTAGAAGGCGCGGATCAGGCATATAACCTCGCCGCCGACATGGGCGGGATGGGCTTCATTGAGAACAACAAGGCCTTGTGTATGCTCAGCGTGCGGATCAACACGCACCTGCTCATGGCCGCCCGGGACATGGACATCGGGCGGTACTTCTACTCCTCCAGCGCCTGCGTCTACAACCAGGAGCTACAAAGCACCTCTGACGTCGAGCCGCTTTCGGAGGAGGACGCGTATCCGGCGTTGGCCGAGGACGGCTACGGGTGGGAGAAATTGTTTAGCGAGCGGATGTGTCGCCATTTTCGGGAGGACTTCGGGGTCACCACGCGGGTGGCCCGCTACCACAACGTCTACGGCCCGTTTGGCACCTACGACGGCGGGCGGGAGAAGGCCCCGGCGGCGCTGACGCGGAAGGCGATCGAAGCCAAACTTAGCGGCGACCACTCAATCACGATCTGGGGCGATGGGACACAGACCCGCTCGTTCATGTACATCGACGACTGCGTCGACGGGACGCAGCGGATTATGCATTCTTCTGTTACAGAGCCGATCAACCTCGGCTCCGACGAGCTGGTGACGATCAACAAACTCGTGGATGTCATTGAGAAGGCAGTCGAGGTGGACCTCGACCGGGAGTACGACTTGACCAAGCCACAGGGGGTGGACGGAAGAAACTCGGACAACACCAAAATCTTAGAGGAACTTGGGTGGGAGCCGCCCACGGCACTCAGAGATGGGATGGAGGTCACCGCCGAGTGGATTGAGGAGCAGATCCGGCGGCACCGAGAGGCGGAGACGACGAGCCGATTCGCCGTTCCGCATTAGCAGCGCGATGCTTCGCTGTCGTCACAAATGGGCGTGCATTTGTTCGAAAAGGCCCCTGTACGCCTCGACCGCGTGGGTGCGGGTGTAGTTTGCCTCGAAGGAGGTCCGTGCGTGCTCGCCGAGGTCCTCGGAAAGAGTCGGATTGTCCGCCCACTCTGCGAGTGTCTCTGCTGCTGCCTCAACATCACCGGGGGGGATATGCGCGCCACAGCCATGGTCTCGGACGGCCCAGGCCACCTCGTCGTCCTCCCCCACGACGGCAAGAATGGGTCGCCCAGCTGCCAAGGCTGAGTATAGTTTTGAGGAGACACACATTCCCTCCACCTCCGGTATAATGCCAACTAGGGAGGCATCACAGGCCGTGAGCGTTTCGGGAAGCCTCTCCACCGGCTGAAACGGCAGAAACCGCACGTGTCGGATACCCTGCTGTTCAACGTACCGCTGGTGATTTGCCTTGCGGGCGCCCTCCCCAATGACGACCAACTCGATGTTGTCACGGCCCTGTTCCTCTAGAAGCCCAATTGCGTCGATGGACGTGCGGAGCTCGTGGAAGCGGCCGATATTTCCAGAATAGAGGAGCACGAAGGAGCCCATGAGATCTTCCTCGTGGGCGAAGGAATTCTCGGATTTGGGGATCGGCGTGATAAAATCGCCGTCCTCCCAGTTTGGGATCACCTCGACCTTGGCTGGAGAGAACGCCGGGTCGTCGTCCATTTTGGACGTGAGCCGTCGCTTCATCGAATTCCCGAGGACCACAATCTGATCGGCGTCCCGGTAAATCATCCGCATCACCCGCTCCCACCATCGGGCGACGATGCTCTCCTCCGAAATCATGCCCAGGGCTACGGGAAAGTCCGGGTACATGTCATAGATCAGGTAGCCGTACGAAATGCCACAGATACGTTTCGCAGCCCAGGCCGCAAGTGGTAAAAGCGGCGGATTCGAGAGAACCAGCGCAACATCGTCCGAGTCCCGCGTTCGGACAAGGCGCCAGAAGACCAGAAGAGTAAATGTAATCCAGTTGACCACCCGAAAGGGAAGCGTATCCTTGTCGAGCCGGGTGGCGGGCAGTCGCTCGATCGAAACCCCCTTGTGCTGTTCGCGTGTCAGGACCGATTCAGTTTCATCGCCCGGGTGATAGTTGGGCCGTCCGGTGAGGACCGACACGTCAAAATCGCCCTGCAGGCCAGTCGCCAGCGAGGTAAGGAGCTGCGCCGTCGAGGCCTCTTCCGGATAGAAATACTCCGTCACGAGTGTGATGCGCGGAGAGTCTTCGCCCATGATCGATAAGAATTGGTTGGTGGAACTGCTAAGGACAGGATTCGGTGCTGAGCGGAAATGACTGCTCGTTTCCGTAGGTCGAAAAGTGATATTCAGCTTTGCTTCTCACACGCTAAAACATACGAGCGATCAGTTGCTCCCAAAAGCGCATAAACCTCTCGCAACTTAAGACATCAATAATTCGGACACTCGGCCGTCCATTGAAGATCTGTGTCGATTCAGAAGGAGCACTTAGACGGACTCTACACGGACCGTTAATCAGTTTGTAGAATGTCGAGTGGTGAGAACCGGAATGGTTGCACGACGACCGCCATTATTCCGGCCTACAACGAAGCAGAACGCATTGGGAAGACGGTACAGTCCGTCGACGAGTACGTGAATGAGACGCTGGTTGTAGACGACGCCAGTACCGACGACACAGGGGCTCGGGCACAAGCGGCAGGGGCGACGGTTCTGACCCAGTCGCAGAATCAAGGATACATTGCCGCCATCAAGTGGGGATTTCGGGCCGCGGACACAGATGTCGTCGTCACGATCGACGCGGATGGGGAATGCCCCTCAGATCGGATTCCTCACCTCGTTCGGCCTGTCTGTAAGGGAGAGGCAGACATGGTCCAGGGGAACCGCGGCAAGATTGTTCGCCCCTCCGAACAATTTTTGACATGGCTCGCCGGTTGGGGCGGTCCCGTCGGGGATTCGGGAACAGGATTTCGGGCTTTGCGCACGGACCTCGCGCAGACGCTCGACCTCGATGGAAAGTGCATCTGCGGGATCTTTTCCCTGGAAGTCTTGGGGCGGGGAGGGAAAATTCAGGAAGTCCCTGTCCGTCTCAATGAAATCGACAAGCCCCGAGGGATTGCCTGGTACCACGGAACACAGGTGTTTTACGTGGTGCAGGCGCTCGTCCGAACTGCCTTCTCACTATGGACGGACGACGCCTGACCGTTAGACATTTTTAATTCGAGGTTTTCTTTCTGGTAGTATCGATTACTATGAAGTGGCTTATTACAGGTGGGTGTGGCTTTATCGGTCGGAATCTCATCCGCCATTTGCTGAAGGATGACGAACGGCACTCCATTTGCGTCCTCGACAATCTCTCCGTGGGCACACGAGCAGATCTGGAGCGGGTGGCCCCGTCGTACGAGGAGCTGTCACTGGAGGGCGAAGAAATAGAACAGTCCCCCCAGGGGGGAGGTGTCCAACTGGTCGAAGGGGATGTCTTGGACGCAGAAGGGGTGCAGAAAGCGGCGACAGGAATCGA
CP030361.1_gap31	920315	922071	1756	GTCAAGGCCACCGACCGGCTCGCCGAGCGATGTCCCGAGGCCGAGGGACGGATTTGGCTCCGACGCGTCGGCTACGAACATGCACACCGTCTCGGGACGCTCAGCAACCCGAAGGCGTGAACAATGGGATTGATCGGTAGGGTCACCGCTGACGGAGAAGCGAGGATTCCTCTCCGTGTGCGTTCGGGAGAAGGGACCGAGCGCGACGTTGACGCGGTGATCGACACTGGTTTCAACGGTGTTCTGGGATTGCCCACTCGTCTCATCGAGGAGCTTGGTCTCGCGCGTGTGGGGCGCGAGCGAATGTTGCTCGCAAATGGGGAATTTCACTTTGCTCGGATCTACCGGGCGATCGTGGATCTGGAGGACAGAGCCTATATTACTGGGTAGAGCGCGAGAAGGGCCTGAACCTATCGGTTCATAGACTCCCGGCTTTAGCCGGCCTGCTTGGCGATGTGACATCGCCAGTAGACCCTTCTCGTGGTCGAAGAGCGGGCCGGACACGCGCTCTTCGAAACCCTATCAGGTTATGGCGGTTGTTGATAGTGTAATGAAGCACGAAATCAAGCGCACATATCGGTATCGGATTTATCCGAACTCCGAGCAGCGACAGGAGCTTGCTCGCACGTTCGGGTGTAGCAGGTGGGTGTACAACTGGGCGCTTGAGACGAAGACGAAGGCGTACTACCAGGACGAAGAGTCACTTTCGTTCACGGACCTCTCTGGCCGTCTGACCGACAAGAAACGGAAGGAAGAAACCGAGTGGTTGTCGGAAGTCAGTGCCGTCACGCTCCAACAAAGCCTTCGGAATCTGAATCAGGCGTTTACCAATTTCTTTGAGGGACGGGCTGAGTATCCCTCCTTCAAGTCGAAAAAGGGCGACCAGACGGCTCGGTATGTCGGCACGGCCTTCGATATTCGAGAAGAGAATGGGAAACGGAAGCTCCGTCTTTCGAAGATGCCGGGACTTATAAACATCCGGTGGAGTCGAGAACTTCCGTCCGAGCCGAGTAGCTGATGCGGCCTGTGAAAAACGCCGCAGGACAGTACCACGTCTGCTTCGTCTGCACGGAGGAAGTCCGCCGGCTCCCGAGAGTCAACGGAGAGGGCGGCGACCTCGAATTTGTCGGAGTAGACTTGGGCATCGAGAGCCTTGTGACGCTTTCCACAGGCGAGAAGGTTGGGAATCCGCGTTGGTTTGAAAACGCATACGAGCGGCTTCGCCGCGAGCAGCAGAAGCTCTCCCGCAAGGAAAAAGGCTCGAACAACTGGGAGCGGCAGCGAAAACGCGTGGCGAAGGTCCACCAACGTATCCAAGACCGCCGCAAAGACTTCATCGAGAAGCTAACCACAAGGCTCATAGAAAACTTCGATGTGATTGTGGTCGAAGACCTCTCGGTGAAGAACATGCAGCAAAACGGGAATCTTGCTCGTCACATTGGCGGGGCCGGTTGGAATCAGATTGTCCGTCGTCTCCGAGACAAATGTAAGTGGTACGGGCGGAGGCTCGTGATTGCGGATAATCAGCGATGTTCTGAATGCGGCCATGTCGATGGGAAGAAATCCCTCGATGTAAGAGACTGGACGTGTGACGAATGCGGCACCTGTCACGACAGAGACATTAACGCAGCAAAGAATCTCAGTAGGGTCGGGCAGACCCGAATTCAAGCACCTGGAGACCTGGGTAAACCCGACGCGTTTGAAGTCGTCGGTTCCGGTCGATGAATGGTAGAATCCCCCGCCAAGCGACAGCTGG
CP030361.1_gap32	1043042	1044415	1373	ACTTTCGGGAAGAGTACGAGGCCGACGAGTACCTCATCCGCGACACGTTTCGGTCGCAGGCCCCGCACACGGTTCTCGCCAACGCGGTCATCGCCCACAACGACCACCGGCGCGAGAAGCACCTCAACCTGACCCGCGGCTTCGGCGGACGCACGCAGGTCCACGCCGCCGACGGGGCCGACGCCGAGGCGACCCATGTAGCCGGTGCCATCGAGTCTCAGCTCGACACGGGCCGCACCCTGCCCGAAATGGTGGTGCTCGTCCGCCAGTACGCGCAGACGCCGTCCCTCGAGCAGGTCTTCATCGACCGCGATCTGCCCTACCGGATCGTGGGAAACGTGCCCTTCTACCGCCGCCGCCCGGTCCAGGTGCTGCTCCGGCACCTGTTCTGGGGCACCCTCGAAGCGACGGTCCGCACGGCGGGTTGGTTCGACCACCGGCGCAACGCGCAGCGCTACGTCGACCGGTTCCAAAAGCTCATGCGGGAGCCGAACCGGTACGTCAGCACGGACCTCATCACGCGCCTCTGTCGGGAGGCGGTCGGCGACGAGACGTCGATCACGGACCTTCTCGCCGCCTCGATGGGGGCGATGCACGACCGGACCGCCGAGCGGGTGGAGCGCTTCCTGGACACGGCCGACCAGCTCGTGGACCGGCTCGACGAGCCGGCCCACAGGACCGTCGACTGGCTCATCAAGGCCCTCGACTACGAGGACTACCTCCGGCGCTACAGCGCCTTCGAGGAGCTGGCCGACCGGCGCATCCGGACGGCCCGGTCGCTCATCGACTTTGCGCGGGGGCACCCCGACGTCGCGTCGGTCCTCCGTCGAATCAAGGAGATTTCCGTGGACCGCCCCGATCGTGGGGCCCAGGCAGACGTACTGGAAATCCGGAGCATCCACCGGGCCAAGGGCCGCGAGTGGCCCGTCGTGTTTGTGCCGGGCTGCAACGACGGCACGATCCCCACGTCGCGCGACGACAGCACAATGCCCCCTCCCGACGAGGAGGATTCGCCAGGGGCGTCCGGCGACGCCGCGCCCGAGAATGCCGACCCGGACGACGCCCCGGCCGCCCGCCGGGAGGAGGAGCGTCGCCTGTTTTACGTCGCCCTCACGCGGGCGCAGGAGCAACTGCACCTGTCCTACGACCGCACCGAGCCGCCGTCGCCCTTCCTGGCGGAGGCCGACGCCGAGCACCGGCTTGCCCTGTGCGACCGGGTGCGACCGGTTTTCCACCGCCCGGCCGACGACTGGGCGGCCGCGGACGTGGCCTGGCTCTGCATCGGGGCCGGGGCGTTGCGGCTCCGCCGCTACCTAACGACGTGGTGGGATCCCACAGAGGCACAGCGGCGCGCCCTGGCGGCCCACCTCGGT
CP030361.1_gap33	1069298	1070381	1083	GGCGAGGTGACACGCCGCCGAGAGTCCGCCGATGCCGCCGCCCACGATGGATACAGAGTCCGGAACCGTCATGAATGCTGTGGCACTGGGTGCGTCAACGTAGCACTACCTCTATTCGTGCGCGGAGAAAGAAGATTCCCTATTTCAGATAAAAACATGTTCTTTTCTTTAAAGTAACGTTCTGCGCTGGGGAACGCCGGATCCCTTCCTTACCCTGGGCACTGTGGTGCCGGGGGCTGCTCCGGCCGACATTGCTTCTGAGTCTCGCACGTGACCGTCCTCACCAGTCTCCGTTCGCCCATGCCTGCTCTCTCCCCCGACACGCTTCTCGTCGACCTCATAGACGAACGGCCCACCCGTGCCCGCATTCTCGACCGACTCGGCATCGACTGGGGGCGGAGGGGCGACCGCTCCCTTGCGGAGGCCTGCGAGGCGCAGGGGCTCGATCCCGAGACGGTCGCCCGGATGCTCGACGTGGCGGTCGAGACCGTGCCCACCGAGGGCAATCCCGAATGGCTGTCCGTATCCCTGCCGGACCTGATGGACCACATCCAGTCCACGCACCACGACTACCTGCGACGGGCGCTGCCCCGCCTCTCGAAGCGCCTGAAGAGGGCAAGCCGGAACCCGGACGCGGAGACGTCCCGGTGGTTCGAGCGGGTCCGCGGGGCCTTTCAGGCCTTGAAGTCGGACCTGATGACGGACCTCCGGCGGGAGGAAGAGTACGTATTTCCCGCCCTCCGGACCGTCGCCGAGGGACGGGTGCTGCCCGACGGGTCGACGCCGAGCCGGGAGACGCTCCGGCACATGGCGGACCAGCACGACGATACGAAGACGAAGCTGGAGCGTCTCCGGTCGCTGACGGACGGGTACCAGGCGCCGGAGGGGGCGGATCGGGGGCTCCAGGACGTGATGAATCGACTGCACGAGCTGGAGGTGGACCTGCGCCGCCACCTCCACGAGGAGCTCCACATCCTCTTCCCCCGCGCGGAATCGCTCCTCTGATCGCCGCCGCCCGTGCGCCGTCTCCTCCTGTAGATTGTGTGCCCTGCCATGAACGTTGACCTTGACCTCCTCCGCCAG
CP030361.1_gap34	1075083	1078585	3502	AGCGGTGCCGCTCCAGGTCGAGGTACCGACGAGTAAAGGCAATTTCTTCCCGCAGCGGAACGAACTCCCGATCCGGGCCCTCCAGGGCGTATCGCATCATGTCGGACAGCTTCGCGATCATCTCCCGGGCCCGCTCCGGGTCCTGACGGAGCGTCGCGCTAATCGAATTCAGGGTGTTGAACAGAAAGTGCGGATTGACCTGGGCCTTGAGGGCGGCGAGCTGTTGCTCGCGGGCCATGGCCAAGAACTCGGTGGCCTGCCGCTCCTTCTGCCGGAGGCGCTGGACGTTCCGGACCAGGTGGTAGAGGGCAAACTGGATGATGTAGACCGTGAGGTTGGCGAACAGGATCCACTGGTACTGCGCCCCGATCTCCGCGGCGATGCTGGGGGCAAACACGGCCCGAACGACGAACAGGTACGACTCGAGCCCGCCCCAGGCGTAGAGGGGGCCGAGACACAGGTGCGCGCCGAGGGTCCACCCCCAGTGCGAGCGATCCATCTCGCGCACCGCGACCCACCAGACCGGCACGCTGTAGAGGCCGAGCACGAGAACGAAGATAAGCTGCCCGGCGAGGAGGCCGACGAAGGGGGCGTTGGGCTCCTGCTGGGCGATAAAAAACGCGTAGAGAAACGCGTAGAGCGTCCAGCCCGCCACGGCCAGCCCAACGCCTTTGGCCGTGATCGTCGGTTTCGGTGGGGCCTGGGTCTGGATGGCGTCCAGGGACGCGTCGAGGTCGGTTGAGGAGGGCACCGACGACATGTCTGCTCGGTTCGTTGCGCAGGAGTCGGTTTGCCGGGGCGGGTTACGACCACCGGAAGGCCCACGCCGCCACGACGGTGCTCACGACGCCCGTGCCTGCAAGGACGAGCGCCGCCGTTCCGTTCCACTGGCCGTGCAGCCAGGCGTCCTTCAGGAGGCGGGTGACGTGGGTAAGCGGCAGGGCGAGGCTCGCGGTCACCAGCCAGTCGGGAAAGAGAAACTGCGGAATGGCGGCGCCCGAGAGGAACAGCATGGGAAAGAAGAGCGCCATCCCGACCGACTGGGCCGCGCGGGCCGTGGGCATCAGGGCGCCGAGCAGGAAGCCGAGGCTCAGAAAGGCGATCCCGGCGAAGAGCAGCGCGCCGAGGGCCAGCAGGGAAGACGGGGGCAGGGGCACGGCGTACGCGATGGGGGCGGCGACGAGAAGCAGGGCCGTGCTCACGAGGAGCATCACGAGGTTTACGGCGGCCTGCGTGCCCAGCACGACTGTGGGGCGGAGCGGGGTTGCGCGAAACCGGCGCAGGATGCCCTGGTCGCGCTGCGTCGCCAGCGTGATGGGCAGGCTCAAGAGACCGAGGGATCCGATCGTGAGGGCGACGTAGCCGGGCACAGCGCGCGTGGTGTAGCCGACGTCACCGGGCGCAGAGGCCGGGCCGTTGCCGAAGATGGCACCAAAGGCGAAGAGGAGAAGGAGGGGAAAGCCCAGCGTAAAGAACGTGGCGGACGGCTCCCGCAGGAAGAGCTTCGACTCGGTCCAGGTGAGCGTGAGGAAGGCCTTCATCGGTCGGACGTGGCTTGGGCAGGGATGCTGAGCAAGGGAAAGGGGGCTGCGTCCAGCCTGACTGAGGGCATGAGTTGCTGCGTCACGAGTCATGGGGCACGAGTCATGAGGGCGCTTTGCTGGACTGTGGTTCTGTATTCGAGACGTGAGAAGACGAAGCGGGATCGTGGGATTCGTCCGTAAGGGCGAGGAACACATCCTCCAGGGTAGCCCGCTCGGCGTGCAGGTTGTTTGGCGTGACGCCTGCGTTGGCGAGGCGGTGCACGACGGTCGTGAGGAGGTCCTCCCCGCCTCGCGTCTGCACGTGACCGTCCACGATCGCGACATCCTGTATGCCGTCCGCCGTGCGCAGGGGACTGGGGTCAAAATCGGGCGGCGCGTCGAACCAGACCCGATACGAAGCGTCGAGCCGATCGATGAGGGCCTGAGGCGTATCGAGGGCCACACACTGCCCGTCGTCCATCATGGCGACCCGGTCGCAGAGCGCCTGGGCCTCGTCCATGAAGTGCGTGACGAGAAGGACGGTGGTGCCGGACGCCCGGACCTCGCGGAGCAGCTCCTGCGTGCCGCGACGGGCCTCCGGGTCGAGCCCCGTCGAGATCTCGTCGAGCACCACGAGGTCGGGATCGTGCACCAGCGCGAGGGCCACGAAGAGCCGTTGCTTCTGGCCGCCGGAGAGGGCGCCGAACGACGCATTCCGCTTGTCCGCCAGGCCCCACCGGTCGAGGAGCGCGTCGCGGTCGGTCGTCTCGGGATAAAAGGAGGCGAACAGGTCGAGGGCCTCGCGGACCGTGATGCGGTCGGGCAGGGCGGTCGCCTGCAACTGGGCGCCAACCCGACGGTAGAACGGGTCGCGTGCCGCCTGCTGCGGGTCCATGCCGAGCACGCGCACAGTGCCTTCGTCTGGCTTCCGGAGCCCAAGGGCACACTCGACGGCGGTCGTCTTGCCCGCGCCGTTGGGACCGATGAGCCCGAAGATCTCGCCCGTCTCTACCTCCAGAGACAGGTCGTCCACGGCGACCGTGGAGCCGTATGCTTTTCGAAGGCCATCGAGGGCGAGAGCAGTGTCCATGGTGGAGATAAGGCGAGACCGGAAGGGAGAGACGAGAGGCTACCCGGCTTGCTGTTCAAGCCGGGGTAGGAGAACGGATCGCACCCATCCGTAGTCGGGATTGAGGTCGAGGGCCGCCTCGAAGGCCGTGCGGGCCGGGTCGTACCGCTCGGCCTCCATGTGGGCGACGCCGACCCAGGCGTGCGCCTCGGCGTGGCCCCAACCGGGCATCAGCGGGTCGTCGGGCGAGCCCTGCTCCGCGAGGCGCGCGGCCTTCTCAAACTTCGTCAAGGCCTTCTCTTTGTCTCCGCCAAACATGCCGGGCGTGTAGAAGTCCGACGTGCCGTCGATGATCCACACCCGCGGGTTGTTGGGCCCGTGCTCCTTCGCCCGTTTCATGGCCTCGTTGGCCTTCGGGCCCAGCGACATGCCCTGCATCGGGTTCATGCCCATCATTTGCCCGTAGCACCCCGACAACAGAGCCCAGGCGTCCGCCATCGTTCCGTTGATCTCCGTGGCGCGCTTGAGGTGGCCGATGGCGTCTTCGATCACGCGCTCGCGCCGGGCCTCGTCCTCTTCGGGGAGCCGGTTCGACATGCGGTAGTCGGCGAGGGCGGCGTAGTAGTGGGCCAGCGCCGCGCGGTTGCCCCCGGTGGCCTGCTTGGCCCAGGCGCGGGCCTGCTTCAAGGAGTCGAGGGATCCCTTGTCGGTGGCCTCCCGAATCTGGGTTTTGACCTGCCGGAGAAGCGAGTCGGTCACTGCACTTTCTAGGGCGGACGACGCCGACGAGGCAGGGGCCATCGGCGTGCTCGACCCGCAGGCCACGAGTCCGACCAGAAGAACGCCGCCGAGGAGGAAAGCGAATGTCTTTCGAGGGAGCGTCGGGGTCGAGAGCATGGGGCGTTGGGGG
CP030361.1_gap35	1086887	1091873	4986	TCGCAAGGAGAAAGACGCCCAAATCCAGCGCCGCTTCCACATGCTCCTTCTGATGAAGACCGGAGAGGCAGAAAGCCGGAGCGCGGCGGCTCGCCACCTGGGCGTTCATCGCCATACGGTTGCCGATTGGATCGGGCTCTACGAAGAAGGGGGGCTTGAGAAGATCCAAGAGATCGAAGACCCAGGGCCGGAGCCCGGCCAAACCTCGATTCCACCGGAGGTAATGGAGGCTCTGAAAGACCGTCTCTCCGAGCCGGAGGGCTTTGGCAGCTACACCGAAATCCAGCAATGGCTTGCTGAAGAGCATGGCGTTGAGCTCCCTTACTCGACAGTGCATGGGATCGTGCGGTACGATCTTGGGGCGAAACCGAAGTCCCCGCGGCCCAGCCATCCAAAAAAAACGAGCAGGAGCAAATAGACTTTCAGGAGAGGCTTCCCGAGTGTCTTGCGAACCTGAAGGCAGGGGCAGACCGGCCTGTTCGGTTGTTTTGCCAAGACGAGTGCCGGATTGGGCTGATGCCGATCACGAGACGCAGGATCACACTTCCCGGCGTGAAACCGATCCAGACCGCCAAGCCTGGATACGAGTACTTCTACCTCTACGGGGCGGTGGAGCCGGAAACTGGGCAACGGTTTTTCACCGAGCACGAGCGGCTGAACAGCAACTGCTTTCAGGTCTTCTTAAACCGATTTACGGAGGCGTTTCCCCAGAGCCACAACGTTCTCGTTTTGGACAACGGTCAGTTTCACAAAGCGAAGAAGCTCTCGATTCCAAAAAACGTCGAGCTGATGTTTCTTCCCTCATACAGCCCCGAACTCAATCCGGTCGAGCGGCTCTGGCAAGACCTGAAAGATCAGCTGGCCTTCGATTTCTACAAGCACTTATCGGACCTGCGACAAGAGACCCGGTTGGTCCTTCGCAGCTACACCAATGAGGTTGTCAGGTCACTGACCGGGTACGAGTACTTGGTAGAGGCTACAAGCGTACTGTCATCCTAAGTAATTGGTATTACGCTGCGCACGGAGGCGAATGGGACGCCGGTCTGGACGCGGGCCGACCCCGAGGGGCTCCGGATTGCCCTGCAGAACCTGATCTCCAACGCGGTCAAATACACGGAGCCCGGCGGCGACGTGTGGATCCGCGTCCGAACGGGCGACGAGGCTGCGGTTCTGGAGGTTGAAGACACAGGGGTGGGCATGGACCCGGCGCAGACCGAAACGTTGTTTGAGCCCTTCCGACAAGAATCAGAGGGCATGGGCCGTGAATACGAGGGCACCGGGCTCGGGCTCGCGGTGACGAAGGAGGCCGTCGAGCAGATGGGCGGCGCCATCGAGGTAGAAACGGAGAAGGGAGCAGGCTCCCGCTTTACCGTGCGGCTTCCGGAGGCGGAGGCGCCCGAGAAGGTTGGCGACCCGAGCGCGTCCGCTCCGCTTGGGAACGCAGACACACCCTCCTGAACGTTCCGCCTCCCTCACACACGTGGAGGAACCCGTCCGGCACCACGTCGATGACAACGTCCGCCCCAGCCGATCAGGGCCCTTCGTCCCGGAGCATAGAGAACGGGCCGCCTTGTCATAGAATTCGCACGCGGGACGTGTCGAGTGTGCGCCCGCGTGGTTACATTTCGCCCTGTTCACAAGCCGCACAGAAGGAGCTTAACCGCCCGTGAGCATCCTTGCCGTAGGGACTGTTGCCTTTGATTCCATCGATACTCCGTTCGGATCCGCTGACCGAGTGCTGGGGGGCAGTGCGTCCTACCTGACGCTCGCCGCCCGCCACTTTTGCGAAGACGTCCGCCTCGTGGGCGTCGTCGGGGGCGACTTTCCCGATGAGTACCGCCGGACGCTGGCCGATGGGGGGGTCGACCTTGAGGGCCTTGAGGTCGAGGAGGACGGCGAGACGTTCTTCTGGCACGGCGAGTACCACTACGACATGAACGAGCGGGACACGCTCGACACGCAGCTCAACGTCCTCGCTTCGTTCGAGCCGGACCTCCCGGAGAGCTACCTCGACAGCGACATCGTGTGCCTCGGCAACCTGGAGCCGGGCATTCAGCGCGATGTGCTGGACCAGGTGGACGATCCCGAATTCGTGATGGCCGACACGATGAACTACTGGATCGAGAACACCCCAGACAGCCTCCGGACGACCCTCTCGCAGGTCGACTGCTTCGTCATCAACGACGCCGAGGCCCGCGAGCTGGCGGATGAGCCCAACCTGGTCCGCGCCGCGTCCCGGATCCGCGACATGGGCCCCGAGACGCTCATCATCAAGAAGGGCGAGCACGGCGCGCTTCTGTTCACCGACCACTCCGTCTTCAGCGCGCCCGCCTACCCGCTGGACGACATTCAGGACCCCACGGGGGCCGGCGACGCGTTTGCGGGCGGACTTGCCGGGCACCTGTACCAGTCGGGCGGCCTCGACCCGGAGGCCCTCCGCCGCGGGGTGATCTACGGAAGCGTGATGGCGTCCTTCGTCGTGCAGCGCTACGGCCCCGACAAGCTGCTCGACCTTACCCGGACCGACATCACCGAGCGGGCCCGCTCGTTCCGCGAGCTGGCCGCCATCCCCACGCTGGTGCCGCTCGACAAGCAACTGGCGTAGCGCGTGGCCGGACGAGACGGCCCGTCCTCTTCTCGTCACTCCGTCGCATTCTGCCTTCCATGTCTGAGTCTGTCCCCGACACCAAGCCCGAGGCGTCCTCCTCGACCGACTACACCACCACCGGGACGGTCCGTCTCGTCAACGCCGTCTTCTACGGCCACCACGGCGTCATGGAGGAGGAGCATCGCATCGGCGGCCGGTACGAGGTCGACGTGAGCGTGGGGCTTGATTTCGAGGACGCAGCCCTGCACGACGACCTAGACCGCACGGTCAACTACGAGCAGGTCTACGAGTTCGTCCGGCAGCTGGTGACGGAGAACAACTTCTACCTCATTGAAAAGCTGGCGTACCGCATCGCGCACAAGGTGCTGGATACCTATCCGGACCTGGAGGGGGTAGAGGTGACGGTCCGGAAGCCGGATCCCCCGGTCGGGGGGACGTGCGACCGGGCCGAGGCGACCTATACCATCGACGATCCCGGCACGTGACGCGGGGTCATGCCGGACGCGGGGACGACCGGCGCCGGTCGTCGGGGGAGGCAAGGCCGAGCGCCCCCGTCCTGTCCGCCGGATGAAGGGTGGCGGGGACGACCGACGGATGAGGACGGGCCACGAAGGTCACGAGAAAGTCGTAGAGCAGGTTGTCCACCTCCGTGGTGTCCGCCAGGGTGTCGAGCACGCGCTGCACGGTTTCCGCGTCGGGGAGTGCCGAGCGGTAGTACTCGCGGTACACGAGGATGCGCTCCCGCTCCCGCTTCGCGTCGAGCTCGCTGTGAAACTGCGTGCCGTAGACCGGCGCGCCGTTCAGGCGGAAGGCCTGGTGGGGCTGGTCGTTGCGGGCGAGCTCTGTGCTGTCGGGGGGAAGCTCGACCACCCGGTCGTGGTGGCCCATGTTCGCCTGAAAGCGGGACGAGAACTGGCAGAAGAGGGGGTCGGCGGCCCCCGCATCGGTCCGTTCCACCCACCCACAGCCCAGTTCGGAATGGTCGGGGTCGTGCACCACCTGCCCCCCGAGCGCGCGGGCCAGCACCTGGTGCCCCCAGCACGAGCCGAGCGTAGGCAGCGCCCGGTCGACGGCGCGACGAATGAGGTCGTGCAGCCCGTCGGTCCAGGGGTAGGTCTGGGTGGCGGAGTACTTGCCGGCGCCGCCGATGAGCAGAGCGTCGACCTCGTCGAGCGAGACGGAGGTGGGGTCGTCGCCGCGGGCGACGTTGACGGTCTGGAACTGATCGGGACGGAGGCGCGTCCGCTCCAGGAAACAGGTCTGCTCCTGCGCTTCCATCCGGGGGGCGCTTCGGCACTGGACGAGCAGGGCGCGAAGGGACGACGACGTGAGGGGCGAGTCCACCATAAATCAGGGAGGCCCCGTGCGGTGGGAGGGCCCTGGATGAGCAAGAATGCGAGGCGCCGTGGCGTCCGTCCTTACGCTGGTCCCCGGAAAAGGTTGACGACACGGGAACCGCTAGGCGGACGACGCCTCCAGGAGGTCGGCAAAAGACGCGCGCAGCGTGCGGTAGAGCCGGCGGAGGGGGAGGCCCACGACGTTGTAGTAATCGCCCTCGATCCGCTCGACGAAGAACGGGGCGGTATGGTCCTGAATCCCGTAGCCCCCGGCCTTGTCCAGCGGCGACCCGGAGGCGACGTAGGCCCGAATCTCTGCGTCCGAGAGGGGCCCGAGCACCACGGCGGTCGTCTCCACGGCGGTGGCCGTCCGATCCGACCCGGCATGCACGAGGGACACGCCGGTGTAGACGGCGTGGGATGTGTCCTGGAGACGGCGAAGCATGGCCCGAGCATGGGAGGAATCTTCGGGCTTATTGAGAATTTCCCCATCGTGGGCGACCACCGTGTCGGCGGCCAGGACGAGGGCCGAGGGGCGGTCGGCCGCCACTGGACGGGCCTTTCGGCGCGCAAGGGTGCGGACCGCCTCAGCGGGCGCCACCGAGGGCGCCAGCGTCTCGTCCGCGGGGCTCACCCGCGCCTCGAAGGGAACGTCGATGCGGTCGAGCAGGGCACGCCGCCGCGGCGACTGGGAGGCCAGAAGAAGTGGGCAGGAAAGTTGCAGAAGTGGGTTCATCGGATGTGTCGAGCCCGTGCCGGACATGTGCGCCGAGAGAAACGGGAGGGGGGCGCAAAAGTTACGCGTTGCTCTCACCACGTTGGGCGGGGCCCCGCGTCGGGGTTGACACCGGTCCGGAAAGCGCCTACCTTTTTCTCCTCTACCTCCACCGGCTGTCTACGCTATGACCGTCCTGTCTGTCTGCAACCACAAGGGGGGCACCGGAAAAACCACCACGACCATCCATGTCGCGGCGGCGCTGGGATTGTCGGGCTGGCGGACGCTCGTCATCGACCTCGACCCGCAGGGCTTCCTCACGCACA
CP030361.1_gap36	1211467	1215450	3983	TTCAATGGCCCCACACCGGCGTGCCTAGCGCGTGCGTTCCGCAGGACGCACGGTCGCGAGCATGGCGGGCTTGAGCTGGCCTCTCCGGACCGATCCTCGATGCACTGCCCGAGGGGGGCAGAATCTCCGACCGTGTGTCCGGGACGCAGTACTCGAGGTCCTCGGCCACGTCCGGGGCCGTGTCGGGGGCCGTTCGTGGATTCGGCAGCCGCCTCGGGCCACGCCATTGCGCCGGTAGTGGGGCCCCGACCTCACTCCCAGAATAGCTCTTTTAGGTCGTCCACGGCGTCGGGGCGGGTGGCGATCATGTATTGGCGACCGGCCTCGATCACCATGTCCCCATCGGCCAGGTCTTCGGTCCCGAGGTCCGTGATGACGGTGGCCTTCGTGGGCAGGTCGAGTTCCTCGAGCGACCTGCCGACGGCCGGAGCGCCGGGCTTCGCCTCAATCTCGACGAGTTCAAACCGGGTTGAGAGATCGGTAATGGGCTGAACCGGGGCCCCGAACACCCGGCCGACCGCGACGCGCGCCCCAGCACGCTCGGGAAAGACGAACGCCTCCACGCCGTCGGGATTGCCAGTGGCAGCGGGGGGGCGGTGGCTCCGGGCCACGCAGCGGGCATCCGGCGCAAAATTTGCCGCCTGCTGGCAGATGGCAACATTCGTCGTTTCGTCGTCGGTCAGGGCGAGGAAGACGTCCGCGTCCCGGATGTTGACAGAAGTGAGAGTCTCTGCCTCTGTCGCGTCCCCCTGTACGAACGTGACGTCCTCGCGCCGCCCCGAGTGCACCCGGGTGATGCGCGGGTCCTGTTCGATGATCGTGACCCGGTGGCCGTACGCGGTCATGAGCGTGGCCGTCTCCCGCCCCACTCGCCCCCCGCCTGCGATGATCACATTAAGGGTGTGCTCCCGGTAGTGCGATACGCCCATGGCAGGTCGGTATGTGGACGTGAGCGGCCAATGAGTTGTGTTTGCCCCGTCTCCATCCCCTTCTTTCCCTTGTGGGGCCTTTGTAGGGGCTGCTCTCGTTGCCGTCAGGCTTGACTGGACGAGATTGGGGACCCACTTCTAGCGCCTGGGGCGGTCGTGCGTCCAGTCCACGCTCGTCTCGAAAACACAGATAGACTTAGTCGAACGCAGACAAAAAGAAAAAGAATCGAGGCCGTCCGTTCCGCCCTGACGTAGACGTAACCCGCACCGCAAGATACGCGTCGCGTGTGGCTGGATCACGGCGGCACGCCGACCGGGGCAAAAAAGGACACACGGACTACTGGAAATGCGCGGACCACTGGAGACGCATGGACCGTCGAGAGGCCGCTTCCTTCGAGAGGGCGCTTTCCTCTGGGGGACCACAACCAGGTGTGGTCCTGCCTGCTCGGACCGCTAACGGTGCCGTCTCCCGCGAAGTCCGCTGTTGGATATGAGGAGGACGGGAAGAGACACAGCAGCCGTATGCAATTCGGGAAGGGAATCTCTGTCGATTCCAATGTCCCCGTGGGAATAGAAAAACCCGCCTCGGGAGCGACCAAGGCGGGGTTCGGAAGGGACAGTACCGGTAGCGTGGGAGGGATTTGAACCCTCGACCTCCGGGTTATGAATCCGACGCTCTAACCAACTGAGCTACCACGCCGCTAAGACCACTGGTTTGTATGCCCGACTGCGCGTCGGGTGTTTCCGGCGTGCGGTGAAAAAGAAGTGGACGGGACCGCGTCCCTGTTTAGTTGAGGTGGTCGACGTGGCGGAGCGTCGCCGGGTCCATGAGGCGGTTGATCTCGTGGCGCAGCACGTCGCGCAGGTGCCAGCCGCTGGGCAGCTCGCCGTCCGAGACCTCCACGAACAGCGTGATGCGTCCCCGCGTGGCCCGGAGGGCATGCTTGTCGGTGTGGGGGGCGTTGGGCCGGTACGCGTGAAATTGGAAACCACGATGAGAGTCCACGGGGCGGAGGGGGCGGGTGCACCATTGCGTGTGTGAGGATGCCGCTTCGTTCCACGGGGGCCATGCGGCTGTGTTCGGGGCCCTGTCCATGGGCGGGGGGCCGGTCTGGGGTTGTCCTCGTAGCCCCTGGGTCGTACGTTGTGTGTTCCAGTCATCCCCACACAGACGCCACACGCACGTCCGATGGCCTGGAGTTCTGTTCTCGACCAGGAGCGGGTTGTTCAAACGCTGCGCCGGGCCCTCACCCAGGAGCGGGTGGCCCACGCCTATCTGTTGCACGGGCCCGACGGGGTGGGCAAGCGGGCCGTCGCCTACGAGATGGCCCGGGCCCTGCAGTGTCCCGAACAGGCCGACGAGGCCTGCGACGCGTGCCCGACCTGCCGCAAGACCCGGCGCATGGTCCACCCGGACGTGCACGTCAACCTGCCGCACCCCTGGAGCCAGGAGAAGGACCGTGACGAAGAAGACATGGGAAAGCGGATCCGCCGCCTCGGCGACAACCCGTACGCGGCGATTGACTATGTGCGCCGCCCCTCGCTCGCCGACCCGTCCGAGACGTCGAACCAGCAGGTCTACTACCGCATCGACCAGGTGCGGCAGGACATCATCCAGCCCATGAGCCTGGCGCGGGGGGAAGGGGCGTACAAGGTCAACGTCCTCATCGACGCCGAGAAAATGCGGGAGGAGGCGGCCAACACGTTTCTGAAGCTGCTGGAGGAGCCGCCCCCGCAGACCGTCTTTTTGCTCACGACGAACCGACCCGAGCAGCTGCTGCCCACGATTTTGTCGCGGTGCCAGCAGCTGCGGTTCGACCCGCTCCTGCCGGAGACGATCGAGCAGGCCCTCGTCGACCGTGAGAACATGGCGCCGGACGAGGCCTCGATGCTTTCACGCATGGCGGACGGGTCCTACAGCCGGGCCCTTGAGCTGGCGGAGAACGACGCCCTGATGACCAGCCGCGAGCTGGTGCTCGACTACTTCCGGGCGGCCTACACGCAAAAGGTGGAGTCGCTCGACTCGTGCATTCAAGAACTGAAGAGCCAGGGCCGCGAGCGCGTGAAGAGTGTGCTTCGGCTTATGCTGCGCTGGATGCGCGATCTGCTCTTGTACCGCACGATGGGGGAGGAGGCCCCTCTGGTGAATGTGGACCAAAAGGAGGCCGTGGCCCGCTTCTGCAACAACCTGCCCGACGCCGACCTGGAGGGCATGGTAACGCTCGTGGAGGAGGCGATGGAACTGGCCGAGCGCAACGTGCGCGTCGCGCTGGTCCTCACGGCCCTTGCCCAGGGACTGGCCCGGGCGATGCGTGGGCAGGAGGTTGAGTCGTTGTACGTGCCGCTCTCCGAGGCCGAACGCCTAGCACCCGCCTAGAGTCCGAGTCCACCGACAGGGCGGGCCCGTTGATCCACTCGCCAATTGGCTTCTTGTTGTCATGGGCCGTTCGTTCCGTATTTCTGTGCCGGTGCACTGGGGGCCGGCGTTTGCGATGGCCCTGGCGGGGCTACTGCTGGGGAGCGCGCTTGCGTCGTCGGCGCGGGCGCAGCCTGCCGATGCAATCGACTCGGAGTTCGAGGACGCCCTCACAGCAGTTGACAGCCTCCGTAGAGCGGGCGCCTTCCCGGCCGCGCAGGAGCGCCTGCAGTCGCTGCGCGAGCAGCATCCCGAACGGGTGCCGGTGCTGTGGCGCCTCGTCTACACATACGCCGACCTCGGACAGTCCACCGACGAGGAGAACGTGCGGGCGCAGTACTACAACAATGCGCTCAACGTGGCGAAGGCCGGCCTGGCGGCGGACTCGACCAGCGCTCGGGCCCACCTCGCAATGGCGGTGGCCCAGGGGCGGGCGGCCCTGGATGCCGGCACCCGCGAGCGCATCGAACGGTCCCGCGCGGTCAAGCGCCACGCGGACCGGGCCCTCGCCATCGACTCGACGCTCGACGGGGCCTACCACACGCGGGGCCGCTGGCACCGCGAGGTGGAAGACATCGGGTTCTTCCAGCGGGCCATCGTCAAGACCGTGTACGGCGGGCTGCCCGAGTCCTCGATCG
CP030361.1_gap37	1258501	1263130	4629	CGCTGGCCCCACCTCACGCTGAGGAGGAGCTGGACGGCGAGCCGTCCCCGAAGCTGTGCCCGTCCAGTGCCGACCCGTCCCCACTAACGTCACCGGCAGAGGGCGCCTGCCCGGCCGGCTGCGTCGTCGGGGTCCGCCCCTCGCCGTCCGGACGCTCGATGTTGAACTGCTGGACCGTCTCCTCCAGCTCGGTGCTGAGCCGCTCCAGCCGGTCGGCGGTGTCGGACACCTCCGTCACCCCGGCCGCCGACTCCCGCGCCGCCGTCGAGATCGACTGGACGCTCCGGGCAATCTCCTCGCTGGTGGTGGACTGCTCTTCGGAGGCCGCCGCAATCTCCTCGGCCCGCTCCTCGACCTCCGAAATGGCCGTCACAATCTCTTCGATGGCCGCTCCGGCCTCCTCGGCCAACTCAAGCCCCTTCTCCGCCCGCTGGCTGCTCTGGCGCGCGGTGCCGACCGCGCCGTCGATCTCCTCGCGCACCTCGTCCATCATGCCTGCGATCTCGTCGGTCGCCGCGTCGGCCTCCTCCGCCAGCTCCCGCACCTCCTCGGCGACGACGGCAAAGCCCTTGCCTTCTTCCCCGGCCCGGGCGGCCTCGATCGCCGCGTTGAGGGCCAGCAGGTTGGTCTGATCGGCAATCTCGTCGATGCGATCGACCACCTGGCCAATCTTGTCCCCGTAGGTGCCGAGCCGCTCGATGGTCTCGGTTGTGTTCTCGATGGCGGACGCGATGCCCTCCATCTGGCTGGTGGCCTCGCGGACCGTCTCTCCCCCCTGACGGGCGGTCTCGCCACCGGCCTGGGCAACCTCTGCGGTCTTCTGCACGCTGCGGGCGTTTCCGTTGATGGTCTGGTTGAGCTGCTCGACGGCGGCGGCCACCTCCTCGGCCTGGGCGGACTGCTCCTCCGCAGACGCGGCCATCTGCTCGGAGGAGGAACTGATCTGCTCGGTCGCCGAGGCGGTCGAGCCGGCCGCCTCCCGGACCCGCCCGACGATGGAGCGAAGGCCGGCGACCGCCTCGTTGAAGCCCTCAAACAAGCGGCCGATCGCCCCGTCCCGGCCGGTGGGGAGGCGGACGGTCAGGTCCCCGCTCCAGCATCGTGTCGACGCTCTCCTGGAGGCGCTCCTTCTGCTGCTCGGACTCCCGGACGGCCTCCTCCACGCGGCGCTCGACGGAGGCCTTCTCGTCCTCGAGTGCCTCCTGGGTGGTGCGGATGTCGCGGATCATCTCGTTGAATCCGCCGGCCAGCTCCCCGATCTCGTCGTCGGTCTGGACCGGGACCTCCACGTCTAGATTTCCGTCGCTGACGGCCTGGGCCCCGTCCCGGACGCGCCGAATGCGCCCGGCGATGCGACCGGACAGCCAGAGGACGGCCCCGATGCCCATGCCCAGAATCAGGAGATTGATGAAGACCGTCAGCATCGTCTCCGACCAGATCTCCGACATGGCCTCCTCCAGGGAGTACGCCAGCACCACGTTTCCGTACCGCTCTCCGTCGTACTCGATCGGGTGGGAGGTGCGCAGCAGTCCCCCCTGGCGGACCGTCGAGCCGGCCTGAAGCAGCGCCCCCGTATCGACCTGGAGCTCGTCGGGGTTGTGGTCGAACAGGACCGCGTTGTCCTCGTCGAGAATCGCGACGTACCGCACCTTCGAGTCGTTGGTGGCCCAGTCGAAGGTCTTCTTGACCAGGTCGTAGTTCGAGTCGGCCAGGCCGGTGCCGACCGATAGGGCGATCATCTCGCTGAGCTCGTTGACCTGATTTCGGGCCGCGTCCAGACTATCCGACCGCTGATTGAGCGGATAGTAGATCGATACGAACAACACCAGAACGACGAACGGAACGGCAAACCCAACAATTAACTTGGCCCGAAGGGATTCGCTCAATCGGTCGATCATAACCTGAAAGACTCTGCTGCGTCAAAAAAGCGTATGGGCGGGCGGAGGGGCTACTCAATGGTGGCGATGACCTTGACGGCATCCGTCACCGCGTCCGCCGGTACGTACCCGATTGCCGCCGAGGTGCTGCTTACCTTGTCGATCATCTGGTCGGACGAAACCTTCTCGGGGGGCTGAGCTGCTCCCGACAGCTTCTTCCGCAGCCATACCTTTTTGACGTCGCTTACCGACTGGCCGACGTGGTCGTAAAAGGCGGTTTTGGTGTTACCTTCGGAGTTTAGGTCAAAGCGCACCACCCGCGCCCCATCGTCCCATTTGTTTTGCTCAAGGAGATAAATGTCTTTGAGGGTCTCGGCGTCGGCCTCGTCGACCGGGACATCTTGGTGGGCGATGACAGCAACTTGAGCGTAGCTTGTCCCAACGAACCCCAAAAGCAGAAGTGTAGTGGAGAGTAAAAGGCGTCTCATAACCTGTGATAGGTTTTTTAGGAGTGCTAAGTGGCACGAATTCAGCGGCTACCCCGGTCGTAGGGGGCAGTCGGGAAGGAAGAAGCCCTTCTGTAATGAAGAAAGCACGTCTTCAGGCTTCTCCATTTATCTTTATCAAAAAGTGACGCTGGCTGCGAAATTGAACCCGTTTTGGGAAAGAGACCCGCTGGCCGTTTCATTATATCGGTACTCTGCCTTCAGCCGCACGGGAAAGACCGGGCGGTACGAAACTCCAACACTGTAGATGCGGAAAATGGCACTTGCTCTGTTCGTCTCAAGTCCGTTGTACATGACATTAACGTCGATCTTGCTGGTAATATTGTAGCCCAACATACCGTAGTAGAAGAGCTGATCTACATTTTCTCCCAGAAGATCTTGTAGGCCGGGCTGCTGCCGAAGCGCGTCCCACTGGGTCTCCTGCTTGTCGGTAAGACTGTGTCTCACCGAAATAATCTCGCTTTCAACGAAAAAGTCGCCAAAGTCAAAAGAGAGGTCGCCGCCAATCCGATACCTGTCTACGTCTCCCAAACCAGCTGGAACAGTGGTTCCCAGATAACTGAACCGGCGTAGATTTGCTTCGTCGATGGTCCCGGAGACTCCAGCCTTCAGGCTTCTGTACTGTACTCCAACCCGCCCGCCGAAGAGCTTCGTGTAAGTCGTATCTGTCCCAGACAAGGTTTGGCTGTTTCCAGATGCAAGATACTGGGAGCTGCTGTTGCCTACGTAAGCGGCATAGTCAACTTTAACGTCTCCCGCAGGAAGACTGCCATGGGCCTGTAGGTAGGCGCGCTGAGGCACATAGCTACCGATCGCGACTATATTTCTAAAAGATTGCTCGTAAACAAGTGGGCGAGACGTGTATGGGAGCAGGGGTGTACGGTTTTTGATTTCGTTGAGGTTGTTGAACTCCGGAATGAGAAGCCCTCCCTTCACCTTTAGGCTTTTTCCCTGTTCGTACTGGGCCCATGCCTCACCGATGCGAGCGGCCCCAAAGTCTGCGCCTGTGTTAAAGCCGTTCAAAAGTTCTACATTCACGAAGGCATTGAAATCCGCCCCGATGTTCTTTGCCGCAAGTACGTTCAGCTGCGGGAGTCTGAATGTGCGGGTACCGATTTCCTCCGGTCCGAATTCCCCATAGTTATGACTGTACTGCGCCTGAAAGTATCCGTATATATTGAGGTCATCCGATTGTGCATTCGCTGGACTTGGAGTGAAGACGAATATTAGTGCGAATGCGACGAGGCCCGCACGTGAGGGGGAAATCCTACTGGTTGGCATGATACCTTCTTGATCTTGCTGGAAAAGTAAGAGACGAGTATACCGGAGTACTACTCTGCTTATCGGCAGGCGGCTCCCGTCTTTAATTTAAAACTTCCGTGTTATAAAAATTTCACACGAAAAATGCGACTAAATTTAATATATAAAAATAAAGAAAGTTGTCTTCGTTTTGCCACGTCCATACAAAAAAAGTGGAGTGGGGACCGGTCGGAGGTTTCCCTCTCTCCGTCCTTTTTGGTACGAATGCTTTTCCCGTACTTCGTCACTCGTGGGGTGGAGGAGGGGGGACGCCTGCCGTCGACTGCCGATGGTGGCGGACACGAGGGCCAGCGTCCATCCTGGGTGCAATCTGCTGGCAAATCCGTTTCCCGTGGGGGCTGTCCGTGAGAAGCGACTGGGGGGCTGCCCCGGACGGGGAACCGCCGGCCCTGTTTCTGGGCCCGACGAGTCGGACTGGCTCCGACGAGCATCGGCGCGGGCCGCTTGTCAGACGGATCCCCGTGAGGCGTGCCTGGGCAGCCTGAGCGTACGCTTCCGTGGCGAGGGGGGAGACGACGCCGGCTCGCTACGTCGGATGTGCCTTTCGGAGGAGAATGAGGAAGTCCGACGGGCGACGGGGCCGTAGGAGATGAGGACGCCCACGCCACGCGACCATTCGCTGGGGGAAATGGAGTCCGGAAAACACCGGGTGATTAGGCCGATGGATCGGATGCCTGAATCGTAAGTTTCACAAAATGTCCGTACAACTCTGGCACTTCCCTTCCGTCTGCGTCCAACGCTCTGTCTCGGTCGCTATGCCCGACGAAGCCCCTGCCGAAGCCTCCCGTTCCAACCCGGACCGCTCGCGTCGTCTGCTGAAGTGGGGTGGGGGGCTCCTCGGCGGACTCCTCGTTCTGGTTCTCGCCGCGGCCCTTCTCCTGCCCCGTCTCTTCACCTCCGAGCAGTTGAAGGGATACGTCGTCCCG
CP030361.1_gap38	1385841	1390081	4240	TTCTCGCCGGTCTGATTCTCATTGCGGTGCCTCCATCGGCGGTCGCTCAGCGTCCGGACGCGGACGAGGACGACGACGACGATGGACCAACGGCGCTATCTGTCGGCAATTTGTCATCGGACTTTACCTTCGGTGGGTCGGGGGGATACAATTATGACGGGAGTGCTCGGGCCCTCATGGTCTCCGGGCCAAACGGTTCGTTGATGGTCGACTATGCCTCTGGGCTGGGAACGGGGCAGTTTGACCGGGACACGCGGCGGACCATCGGTGCGGAGGCCCTCTTCGGCGGAAATGCAACGCTCTTCGACGAATTTCTCCGCCTGCCGATCAGCGTGTACATCCCGATTCGGATCAACCTCGACTACCGGTACCTCCAGCCCCGCAATCCGGATCAGTCGAACCTGCATCGCGGCGGCGCGGGTCTCGGGGCCGGTGGCGGCGCTCAACTCCAGCTTCCCGTCGGCCCGGACTTCATCAAGGACAATTTGTACGTCCGGGGATCGGCCCTTCTCGTTCCGGCGGTGGCCACGACCCTGAACGGCGGTGACGACGAGACCGCCCGAACCATTGGGGATGACACGCCCATCAGCGCGTCGCGAACACGGATGCGCCGGACCCTCGACCTTAATCTGGAGGCTCACTTCACTGAACTGATCGGGGAGGACACAGGGATCATGGCCGGATACACGTTTCGAGCGTACGGCCGGTCCCGGGAAGAGCCGTCGAGTGTCGGGGACGTGATCGATGCCGCGACCCTGAGCGGAAGCTACGTCCAGACGAACGTTCAGCACATGATCCGAGTGGGGCTCACGTGGTAGAAAACAGCCCTCTTCGGTTCTGGGGCGAAGGACCATGGAATGGGCTGCGGAGGCCGGGCGGTCACTGACAGTCCTGTAGGGCGCCCCGAAATTGTGACGGGGTCGACGCTGTGGAAAATGAGCGGCCGTGGCGGGCGGGACAGGCCGAACCGGAGTGCGAGGCCGTCCCACTACGGCAGGCCGGGGGTGCAACAATCTCCGGGGAGCCTGAATACCGTGTACGGCGAGCGTCGTACTCTCCGTTTTTCCACCCCTCCCCAGTCTCAAAATGACCGTTGCAGTCATCGGTGCCCACGGCGGCATCGGCCGTCGCCTCCTTCCGCGCCTCAACGAGGCGGGCCACGATCCCATCGGCGTCGTTCGCTCTGAGGACCAGTTTGCGGCGATCCGGGACCGTGGGGCCGAGCCGCGGCTTGGGGATCTGGAGGGAGAAGTTGCCTCAGCCCTCGACGGGGCGGATGCAGTCGTCTTTACGGCGGGGGCCGGGGGAAGCACAGGGTGGGACAAGACGATCCTGGTCGACCTCTGGGGGGCCGAGCGGGCGGTCCACGCCTGCGAAGAGAAGGAGATCGACCGGTTCGTCATGGTCAGCTCGCGCGGCGCCGGCGATCCGGAGTCGCGACAGGGGCCGATCAAGCCTTACATCGTGGCCAAGCATGTCGCCGACCGCACGCTCCAGCGCTCGTCGCTCGACGAGACGATCCTGCGGCCCACGCGCCTTACGGATGCGGAGGGCACCGGTCGCGTCGCGGCCTACGTCGACACGGATCCCGATGCGGGCGATCCCATTCCGCGCGCCGACGTCGCGCAGGCCGTCGTTCAGTGCCTCGCGGACGACAACACCGTTGGGCACGCCATCACGCTGTACGGGGGCGACACGCCGATCGGAGAGGCGCTCCGCCCCTCTGGTTAGGGACGGTCGTACACCTCCATCCCGAGGTCGTGTAGGTAGGCGTAGGTAGGGGCAAATTCGTCCAGAAGGCGTTCTTCGAGGCCGGGCGTGAGCATGTCCGCCTTCGCTCCCGCCGTGCCGAGCACCCGGAGGAGGGCACGTTTGGCCGTACGGGCCGCCGGGTGCCCGAGCAGCCAGCGATACGCGCCAGGAAGGGAACGGCGCAGGGGGCGCACGGTCGCTCGATAGACGGCCCGGAAAGCGGCGCTGCCGGTCGGGTTGGCGGGGCGGCCCTCGTCGGTCGGACGAGGGGCATCCGGGAGCGACAAGAAATCGAGGAGGGTTCTCCAGAAGCGGTCCGGGGCCTCTTTGCCGGCCTCCAGGCTTACGACCGTGAACTGCTCGGGCCCGAACCGCTCCGTGTAGGCCGGAAGGGTCTCCTCGTAGTGGCTGTCGCGGAGGAGCTCCGGATCGCGACCGTCAAGCGCCTCCGACAGGGATGTCGACTCGTCCAGGATTCCGAGTTGCTTGTGGTACTGAAACTGGGAGAGCAGGCGCTCAATGGGGTCCCGGACGATGGCGAGCAGTTTCGCGTCCGGGTTGTACGCCCGGATGGCGTCCGCGGTCGCGGCGTGCCGGTAGTACATCACGGTCGCGTCCCCGAAGTAGCGGTGGTCCTGGTCGAAGGGGAAATGGGCGTGGTAGTCCTCCAGGGTACACGGCGCTTCTTCGTCGCGGCCCGTGTCGCCGAAGTAGTAGAGCTCTTTTTCGTCGGCCATGAAGATGTCGGGGTGCCGGTTGAGCAGGGTGTACAGCCAGCTCGTTCCGGCCTTGTTGACGCCGATGAGAAAGAGGTTGACCCGGCTCATGGAGCAGTGGGGTCCCGAATGAGATACAGCTGGGCGGAGTGGCGGGGCGAGGACTGCGCGGCCCACAGGGCAGAACACAGGGCGACGAAGGGGGCGCGGAGCAGCCAGCCGCCTTGGTAGCGCTCGCTCAGCAGGGACACGTAGAACGCATCGAGGCGCATGGGGCGGACCTCGGCGACGTCCAGGTCGAACCGAGCGAACAAGCGCCGGACGTCGCGGGGGCGAAAGTGGGACAGGTGGCGCGGCACGTCGTACGCGGCCCAGTCTTCGCCGTAAAACTGTGCGTCGAGGGACAACCAGTTCGGAACGGCGACAACCAGCGTGCCCGAAGGAGCCAGCGTGCGTTTGAGGGCCTTGATCGTCCCGGTCAGGTCCGGCACATGCTCCAGCACGTGCCAGAGCGTGATGACGTCGAAGTGCCCGGACGGAACGTCTCGGAGGCGCCCGGGGGGCTCAACGGTGAGGCCGTGTTGTCGGGCCGCCACGGTTCGGGCCGTTTCGTCCGGATCGAGGCCACGGGCGTCCCATCCTTGCGACTGGCAATGGGCCAGAAATTCTCCTGTGCCGCACCCGAAATCGAGCAGCCGGCCGGGCGGATCATCGACGAGGGTGGTGATGAGACGACATTTTGACCGCAAGGTGTAGTGGCGCACCCACCGGTATAGGGTGTCGATGACGTTCTGACCGGTGTCCTGGTGGGGCGTGTAGTCCTCGCTCTCGTAGTATTGCCCGAGATCGTCCGGGTGGGGGCGCGGGTTGGTGAAGCGAAAGCCGCAGTGCTCACACTCGACGATAGGGAACGTCTTCCCCGAGACCGTGTGATCCTGGCAGGTGAGGACGTGCCGGGTCGATTCGTTGCGGCAGAGGGGACAGTGGTCGAGGTGAATCACCGGCTCGGTGGGAAGGAGCGTGAGGGAAGAGCCACCGGGCTTGCGTGTAGTGATTTTCCCATGGGGCCCAGTGGCGGAAGGTGCTCGCGCTGGAACAGCGAAAATACCCGACCGTTTCGAGAGGCTCGTGGAATCGAGTGGGCCGCTCGGCCCGCCCTTCTCCTGTCGAGTGCGTCAGCACGTCCCGTCTTCATGGCCTCTTCTGCCCGGTCTCCTGCCCCGCGAGCCGCCCACGCCGACACGATGTGGACGCGTCTTCCTCCGCTTGCGCGGCACGGGGTCTGTCTGGGCATCTTTCTGGTCCTTGCGCTGTCGTTCTACTCGCCCGTCGTCTTCGAAGGAAATACCTTCCAGGGGGGCGACAATACGACCTTTCGTGCCAACGCGCAGGTGACGATCGAGCACCACGAGCAGACAGGGGAATGGCCTCGCTGGGCGCCAAATGTATTCAGCGGGATGCCCTACATCAACTACAAGACGGCGGTCACGCAGCTCGACGATGTTGTGAGCATGGCTCGCAGTGTGGCCTGGCCGGTGGGGCATCTGTTTGTGCTAATGATGGGGGTGTACTTCCTGGTCTTCTATCTGACCCGAAATCAATTCTCGGGCTTGCTCTCGGGGGTGGCGTTTGGCTTTACGACCTACATCCCCATCATCATCGCAGTGGGGCACAACACGAAGTTTATCGCGCTGGCCTACGCCCCGTACGTCCTGCTCGCCTTCGCGTACACCCTGCGCAACCCGTCGGCATGGGGGAGCCTCCTGTTTGCG
CP030361.1_gap39	1391185	1395871	4686	GGCGGGACCGAGCAGACCATCCCCACCTACCAGTTTGATCAGTTCATCAAGCAGCGGCAGCAGGAGGCCGGGGGGCTGGGGCGCTTTCGCGTCCTTTCGTTGGCGGAGGGCAATCCCACGAGTACGGCCCGTCCGTCGTACCACTACGAGTCCGTCGGCGGGTACCATGGGGCCAAGCTGCAACGCTACCAGGACTACCTCGACCACATCCTGCGGCTGACGGAACGGGGCGGCCCGAACGAGAACGCCCTCGACCTCATGAATACGCGCTACATTGTGGCGCGGCAACAGCTGCCGGGCACCGAGGTAGCGTATCGCAGCGAACAGTCCGGCGTGCTGGTGCTCGAAAATCCGGATGCCGTTCCACGAGGATTTCTCGTCGGGGAGACGGAGGTCGTGGACGGGGCTGAGGCCACCTGGGAGCAGCTTCGTGATTCCTCGTTTGAGCCGCGCCGAACGGCCCTTCTTCCGGAGCCCCTTGATGCGCCGGTCGCGCCCATCGACAGCAACAGCACGGCGGACGTGACCCTGGAGCAGTACGAACCCGAGGAGATCCGGTGGACGGTCAGCACGGACGCGCCGCGCTTCTTCGTAGCGAGCGAGGTGCACTACCCGGCGGGCTGGAACGCGTACCTGGATGGGGAGAGAGTGCCGATTCATCGCACCAATTATCTGCTCCGGGGCGTGCACGTGCCGGAGGGCGAGCACACGCTGGAGATGCGATTTGAGCCGGCGGCCGACCGCTACGGCCGGTGGATTGCGTGGACCAGCACAATTCTGGTCTACGGCGGTGTCCTGACGCTTGCGGGCCTCCGCGTCCGTCGCCGCTGGTTTGAGGAAGAGGCCGCGGACGAGGCGGACGCCTCTTGAGGCCCCGTGCACTCTGCGACCCCTCGTATATCGTCCCCAACCGGATGGATCGACGCGTCCTGCTCCTGTCGTATTACTTTCCGCCGGCCGGAGGCCCCGGTGTGCAGCGGGCGCTCAAGTTTGTAAAGTACCTGCCGGAGTTCGGGTGGGCGCCGACAGTGCTTACGGTCCGTGAGGGGGCATTCCCGGCGCACGACCGCTCTCTGGCCGCCGACGTCCCGGCTGCGGCCTCGGTCCACCGCACGCCGTCCCTCGATCCGCACTGGTTCTATGCTCGCCTCGCGGGCCGCTCGGACGACGAGGTAGATGTGGGATCGGTGGAAGGGCAGCAAGAAACCGGGATGGAAAGGGTCGCGCGCTGGATTCGGGCCAATCTTTTTCTGCCCGATGCCCGCGTCGGGTGGGTCCCATTTTCCGTGTGGCGGGGACGCCAACTGGTTGCAGAGGGGGACGTCGATGCCATCCTGACGACGGGACCGCCGCACTCTACCCATCTCGCCGGCGCCGCGCTGCAGGCGCTCACGGGCGTGCCCTGGGTGGCGGACTTCCGCGACCCGTGGACCGACATCAACTACTACGACGAGCTGCCCCACACCCGGTGGGCGCGTCGCCTGGACGCGGCCCTCGAACGAACGGTGCTCCGGCAGGCCCGAGCGGTGACGACGGTCAGCCCGACCTGGCGCGACCTCCTGACGGGAAAAACGGGGCGGACGGCGGGCGAGGCCATCACGGTTGTGCAGAACGGCTTCGACGTGGACGATCTGTCTCCGGGGGAGGCGGTGCCGTCGACCGAGGCGTTTGAGGTGACGCACGTGGGCTCGCTCTACGCGTCCCGGAACCCCACGGGGCTCTGGCGTGCGCTCCGGCGGCTGCGCGACGAGGGTGTGATGCCCGCGCTCCGCATTCGACTGGTGGGCACGGTGGACGCGAACGTCCGAGACGCCCTCCGCGCACAGGGGCTGATGGACGTGACCGAATTGATTCCGTACGTGCCCCACGACGAGGCGGTGGCGTACATGCGACGGGCGGGACTGCTGCTGCTTTCCATCGAATCCTTTCCGCAGGACGAAGGGATGATGACGGGCAAAATATACGAATACCTGGCCGCAGGACGGCCCATTGTGGGAGTAGGGCCCCCGGGCGGCGACGCGGCGGCGCTGCTTCGCAAGACCGAAGGGGGCCGCCTGTTTGGTCGCGACGACGTATCCGGGCTCGCGCAATACATTCGGCACCACTACGAGGCCTGGGCGGCGGACACGCCTCAGCGCGGAGCCTCTCCCGAAGCGCTCGATCCCTACCGACGCCGCGCACAAACGAAACGAATGGGAGCGGTTCTGAGCGGCGTGTGCTCCGACGAGTAAGGCTCCCGGAGAGCGCGTCACGTCGTCCAATTCTTGCACTGAGGGCTAAAAACCGAAGGAACGCTGTGCGGCGGCCGGTGTGCCAACACCGCGAGTGTATCGGCGGGTTGAAGAGTCTCCGGCCGTAGAACATTTCTCACGACTGCCTTTGTCTCATGGACGTCCTCCGAAAGCTTTTTTCTCTCCTGACGCGGCGAGAACGGCGAAATTTGTATATTCTCTTCGTGGCCGTTCTGCTGATGGCGAGCCTGCAGGTGGCGAGCGTGGCCTCCATCATGCCCTTCCTCTCGGTGGCCTCCGATCCGTCGATCATTCAGGAAAATGAGTACCTTCGCTGGGCCTACGCCACGTTCGGGTTCGACGACGACCGATCGTTCCTCATCGCCTTGGGCCTGGGGGCGCTTCTCGCTCTCGTTGTCAGCAACGTCTTTATCATTCTCACCCGCTGGGCGATGGAGCGCTACTCGTGGGGGCGAAACCACAGCCTCTCGCGGCGGCTGCTCCGGAGCTACCTGTACCGGCCGTACGAGTATTTTTTGACCCGAAACAGCTCGGAGCTCGGGAAAAACATTCTCGAGGAGGTGAAGGAGGTGACCGATCAGATGCTGAAGCCCACACTCCGCGGGGTGGCAAAGGCCGTCGTGGCGCTCTTTATTGTCGGCTTCTTGGTGTACTTCGATCCGGTCGTAGCCCTGATGGTCACCGTTGTACTGGGCGCGGCGTATGGGGCCATCTACCTCGTTGTGCGGAGCCAACTGGACGAGCGGGGAGAGGCCCGCGTCGAGGCCAACACGAAGCGATACCAGTTCGTCGGGGAGGCCTTTGGGGGCATCAAAGAGGTCAAGATTCAGGGCAAAGAGGAGGCCTTTCTCAATCTCTACGACGATCCTTCGGAGCGCTACGCCCGAAATCAGGCGCTGTATCGCGTGATCAAGAAGGCACCGCGATACATCATTGAGATGGTGGCCTTCGGGGGCATCATTCTGATCGCGGTGTACCTCATCGCGGTTCGGGAAAGCCTGCAGCAGGTGATTCCGGTCCTCGGGCTGTATGCGTTTGCGGGATATCGCCTCTTGCCGGCGCTTCAAGAAGCGTTTCATGGGCTGGCCAGCGCCCGGTTCAACATCGCGGCGCTGAACAAGCTGCACCGGGACCTGAAGGGCCTGGCGGAGGCCCATTCCTCCGCGTCCGGAGGGGCGGACGGGACCGCCGCTCCGCCGCTCCTGCTGGAGGAAGAACTCGCGCTCCGCGAGGTGAGCTACACCTATCCAGATGCCGATCGACCCGCAATCAAAAACCTTTCACTCGCCATTCCGGCCCGTTCGATGGTTGGGTTTGTCGGCAAAACGGGCTCGGGAAAGACGACGGCCGTCGACCTTGCATTGGGACTGTTGCGTCCTCAAGAGGGAGAGATCACAATTGACGGCACCCCGTTGCGGGCGAACAACCTGCGGCGCTGGCAGCAAACCCTCGGCTACGTTCCCCAGCACATCTACCTGTCGGACGACACGGTGGCGCGCAACATCGCCTTCGGAGTGCCCCGAGACCAAATTGACATGGAGACGGTCCGGGAGGCGGCCCGCCGGGCCCACATCCTCGACTACGTAGAGCAGGACCTGCCGAACCGGTGGGAAACGGTCGTGGGGGAGCGGGGGGTCAAGCTGTCCGGCGGACAGCGGCAGCGCATCGGCATTGCGCGGGCCCTCTACCACGACCCCTCGGTCCTCGTCTTCGACGAGGCCACCAGTGCGTTGGACCAGTCCACGGAGGCGGGCGTGATGGAGGCCATCTACGACCTGGAGGGGGAGCAGACCATACTGATCATTTCCCACCGCTTGAGCACCGTTCAACGGGCCGACAACATCTTCATGCTGGAGGAGGGGCGAAAAGTAGGGGAGGGGAGCTACGACGAGCTCTTGGATCAGCACGCCAAATTCCGCTCGATGGCCCTCTCGTAGTGGCGGATGCAGTGCCGACAGTTTCACCCGGACCCTCGCCTCGTCATGAGCGACGGTACACTTCCCACGTTTATCCTCATTGGGGCCATGAAGTGCGGAACGACGAGCCTGCACCGGTACCTCGGCGCGCACCCGCAGGTCTGCGTGTCGGACCCGAAGGAGCCGGACTTTTTCCTACGGCGCAATGAAAAAGGCCTGGCCTGGTACAAACAGTGTTTTCGAGAGTCGGCCCAGGCGTTCGGGGAGGCCTCCACCAATTACACGAAGTACCCAGCGTTTCGGGGCGTGCCGGAGCGGATGCATCGGCTGCTCCCCGACGTGAAGCTCTTGTATCTCGTCCGCGACCCCATTGAGCGCGCCGTGTCCCACTACGCCCACAACCGGGTGGCCGGGCGCGAGTCGCAGTCTGTCGACGAGGCCTTCCGACCCGTCGATGGCAGCCACTACCTCCAGACGAGTCGCTATCACTTCCAACTCTCGCAGTACTTGGAGCACTA
CP030361.1_gap40	1398793	1402318	3525	TTCCAGACCTGGGCGCGAGAAGGATCGACCGGAGCATTCAGCTTTTCGTGGAGATGGGCGTGCTCGTCGGGGACGGACGCGTCGCCGCTCTCGTCGAAGGCGAAGAGGGCCTCGGTGAACTCCAGATCCAGCCAGTCGCACAGATCCCGTAGGACAGATTCGGGATTGCGAACCAGGTTTTCGTAGAAGAGCTCCCGGTAGCGACGGGCGGGGAGAGGGCGTCCGGCCTGGCGTCCTGTGTGCACCTCTTTTTTCCAGTGCCGAGCCGATCGTCGCATGCTCACTGTAAATCCAGCCTCGACGCGGCTTCGGGCGACATCCCGCCCGTCACGGATCATATGCACGAATTGGGACTCCGGGAACGCCTCGGACAGCCACTCGATGTGCCGCACGTAGTGAGGCGTTTTGTCGCCCCATCGCTGCTTGCCGTGCTTGTGGGCAGAAGCGTGAAAGAGTGCGTCCGCAGCGCCCGCGAAATCGGTGGGCGCACGGTCGGACAGAGCGGTCTCGGCCTCGTGGATGCTGAGGTCGAAGATGGGAAATGCGTAGGCGCCCATGGAGACCTCTGTCGTCTGGAGGTCGCGGATAAAGAACCACCGCTCATGAGGTTCGCTGAAGTCGCCGTAGCGGTCGGTGTTCTCATGAAGTGAGAGCAGAAATTCCGACTCGGGAGGAATGTGCATATGGGGATGCTGCGTGAGCATGAGTCGGAGCAGCGTGGTGCCGGAGCGGCTGCACCCAACGATGAAGACCGGCGGTTCAGACGGGGACATGGGGAAGTAGTGTGCAGACCAGGGCCGAGGAGATCTTTCGTCAGGCCGCTGTTTCAGCAGGCTCGTCGTGCTGTTTGCGGAGGAAGGGCCAATAGCTCGTGAGATCGACGCCGAGGAGGGTGCCCAGGTCTTGATTTTTGCGGGCGAAGATCTGTTCCAGGCACGCCCGGACCGAGTCGTTCATCGGGGGCGGACGACGGGGCGTCAGGTTGAGTTGTCGAAGGTGGTGGACGAGGCCTTGCAGGGCGTAGCTCGACTGGGGTTGTGCCGGATACGGAAGCTGGCCTTCGGAGCGCGTCTCGATCCCGGTGGTGCAGTAGTTGAGCAGGAGTTGGAGGCCCGGCCACCGGGGCACGGGCGATCGATTTTGGTGGGCGTCCACGCCTGCCACGTCCACAGCGGTTTCCAGTCCGAGAAACGAGCAGACCTCGTCGACGACGGCCTGTGTGTGATCCACGAAGCGCTCAAAGAGAATGACTTTTACTTGATCTTCAGGGAAAAAGTCAAAGTAGCGTTCCAGTTGGGGCTTGTAAAAGCTACGAAGGAGAAGGGTGCTGGGGCCGTGCTGAAGCTCGTATTCGAAGCCGTGAACGGCCCGGCCCGTCTTCACACGGTGCCAGTAGTGCGAGTACGTTCGGTCCACCGGATTTCGTAGCATGAAGAGGAGCTTGACGTCCGGGAGCAGGCGCTTGATGCGGAGGGGAGCGTCGGGGGCCGGCAGATAGGTGGACGAGTAGTCCCCGACGCACTGGTCGGGATGGGCCGGTTCAAAGAGTTGCCTGTACCAGTCGAGATTCGTCTCGCCGTGTCGGTCGTAGTCGGGCGCTCGTTGAGACGGAGCCCGAGCGGGGAAGAAGAAGCCCGAGTGCTGGACGGGGTCGTCCATGCAGAAGAAATGCGTTTCCCCGTCCGGGAGATATACCTGCTCGTGATTGGACAAGAGATGGTGCAGGGAAGAGGTGGCGCTTTTCATAGCCCCTCCGATGATGAAGTCCGGCAAGGAGGGAGGCGTCCGAGTGGCGGGGTCGAGCATTCCGGAGGCGGGATGCTTCAGAAGGAGGGAGTAGTTTGAGGGGACGGCTGGCCGCTTGCGTCGCGACGGGCGGAGCCAGAGGATGGGAACAGCTGTGGACCACCGCTTTTGTCCTACAGAGTTCCTCCAGAACGAGGTTTCGTCCTCTTGGCGGCCGCCTGCTCAACCATTCCTGGGCCCAATGGTGTGAAGTTGTTCTTGCAGAAGACGCTGTCCGTCACAGGTGCCGTCGACTTTCTCCTACTTCGACGCGGCGGCAAGGTCATGCTCAGGGGGCGGAGGCCTTCTGCGCCGGCGTATGTCCATTTTGGTGGCCCCAAAATGGACGCGACGAGCGAAGCGACTCACGAAGTAAAAAAGGCCTGGCTGGCAGAAGATGACCTGAGACCCACGTTCGCTCCACCGCGCGGGATGACCCTTCAGGCCCCTGAAATTTATCGAACTTCCCCTCCATTCGTCCGGCTCAGCCCAAGACTACTTCCTCGCTTCGCTCAGGGCGCGGGCATGATACATTTCGGGCGTTCCGCGAACCTGGGTCTCCAGGCGGTCATTTTCTGAAGGCCAGGGGGCGACCATCGGGGACTCTCTGAAGTTCTATCACGTGAGGCTCATTCGAGCAAACAACTTCACACTGTTGTCCCGGGCCCAATGGGACTGGTCAACCCCGTCCCACGCCGCACGGCGAGAGGGGCGCAGGGACCGCCGGGACGACGTGAACCGACTGTGTGGGCCCTCCCCGGAATGGAGTTTGCCCCGGAATGTGGTTTGCGCCGTGCTCCTCGTCGCGGACGCAAACGAGAACGTCCCCATGTGGCCTGAACCCTTCGTGGGGGCCCTCCGTTAGGTGTAGGCTATTTACGCCATCTCGCCCACGGGAGCCCTGGAGGCGCCGCATGCTCGACGACGTACTTGCGCTAATCCGAGAGCACGATCGGTTTTTCATCACCACTCATCTTGGTCCGGACGGGGACGCCGTTGGATCCCAGCTGGCCCTCGGGCGCTTTCTGGAGAAAATGGGGAAGTCCGTCGCGATGGTCAATGCCGACGAGGTGGACTACAACCTCGACTGGATGCCCGGCGCCGGGGACATCGCCGTCTTCGATGGATCGCTGGGGCAGCACGAGGCGCTGGCAGAGGCGGAGGTGGCCTTCGTGCTCGATACCAACGACGAAGAGCGCATCGGCAAGGTGGGGTCCCTCGTGCGGGACGCCACCGCGACGACGGTCCTCGTCGACCATCACCTGGAGCCGGAGCACTGGTTCGACGTGTTCTTCGTTCGGGAGGAGGCCGCTGCCACCGGCGAACTGGTCTACGAGATCATCGACGGCCTCGCGCCGGACCTGATCGACGAGGGGATTGCCACGGCCCTCTACACGGCCATCATGACGGACACCGGCTCCTTCCGCTACAGCAGCGTGACGCCGGCGCTGCACCGGAGCGTGGCGGACATTCTGGAGCGGGGGGGCATCGGCCCTGCGCCGATCCACGAAACCATCTACGACCGAAAATCGATGCCGGGCCTTCGTCTGCTCGGGCGCATGCTGAACCGCATCCGCCTCCGCTACAACGGCCAGCTTGGCTACTCGGTAGTCACGCAGCGAATGGTCGAGGACACGGGGGCGAGCTGGGACGACAAGCAGGGCTTCGTCAACTACGTCCTGTCGATCGAGGACGTGAAAACCGCACTGCTCTTCTCGGAAACGGACGACGGGGCCAAGA
CP030361.1_gap41	1408840	1411887	3047	TGGTGGACGCCAAGTGGGCCTGGGTGGTGTCCATGGGCGACACGATGGCCCGCTTCTTCGAGGCGACCCCGGAGCGGCGCGAACGGCTCATCGAGGAAGACGCCGTTCCGGAAATTGACGGGGAGTTTGTGGAGGACATGATGCAGACCCTCCGTTCGCGGTCGTAGCGGTCCGCCGCCGCTCGACACCGGCACTGCCGAGTGTGGGGGCCGATTCCGTGCCTCCGCTGCTCGCAGTGCATCTGTACCGGCCGAGGGGGCCCGTGCCGCACAACGGGCAGCCAACCGACGGAAGTAAGGACCAGAACGGTCGGTTGGCTGCGTTGCCTGTGTGGGCAAGGGCCCCCCTCCGGCGTGTCTGCCCCTCGCTTCCCGCGCTTCTACGCTCGGTTTCCGACTGGCCGACGGCGTGTCGGCATACCGGAGGCAGGAGGGAATCCACGTCCGCGGAGAAATTGGGGGCCGTTCTCCCGTACGAGTGTGGGGGACTCGTCTCGAACGGTGCTCCCTACGCCTCGTCCGAGAAGTCGCGGTGCCCGAAGTAGTGCAGGACGTACTTGATCTTCGACGCCTTCGCCGGGCCAAAGCCGGGCAGGTCCTGCAGGCGCTTCTCGATTGTGTCCAGGTCGGCGCCGTCGCTCCACAGGTTTGCCGCGTTGCCGTCGTACTCGTCCGCGATGTGCGCGGCCACCTTCTGGGTGTTCTCCGCCATCTTGTTGACGAACCGGTGGACGGCGGGGGATTCGGAAAAGTGCTCCTGGAACGGCTCGAAGTCCATCTCGGCGATCGTCGCCATGTCGAGGTGGCCGAGGCGGTCTTTGAGGCGGAGCGGGCCGGTAAAGGCCGACTCGGCGCGGACGCGCTGGTCGTAGAGCAGGCCGAGGAGGGCGGCGTTCGGGTCGTCGCGCAGACGGTCGTCGTCCTCGATCTCGCCGGTGAGGGTGCCTTTCTCCTTAAACCGGTCCATCATGCGGACGAGGCCGCCGGAGAGGTCGCTGTAGTCGATGTGGGTAATCTCAACTGCCATTTTCAGGGTGTAGGGGTCGAGGATGGGGGAATGCGGGTGTAGGGGGAACGTACACAGGGGAACGGCGAATTCGAAGCGTGTCCCCTGAAATTCGTCATTCTTCCAGCCAGCGGGCCGCGTCCTCCGCGAAGTAGGTCAGAATGACGTCGGCCCCGGCGCGGCGAATGCCGGTGAGGGCCTCCAGTGCACAGGCCTTCTCGTCGAGCCAGCCGTTTTGGGCGGCGGCCTTGATCATGGCGTACTCGCCGCTCACGTTGTACGCGGCGACGGGCACGTCGCTGTGCTGCTGCACGCGGTGGATGACATCGAGGTAGGGAAGCGCCGGCTTCACCATTGCCATGTCGGCGCCCTCGTCCAGGTCGAGCATGAGCTCGCGGATGGCCTCCTCGCCGTTGGCCGGGTCCATCTGGTAGGTGTCCTTGTTCGCGGGGATGTCCTTCTCAGGGGCCTCCGCCTTGTCCTCGGGCGCCGAGTCGAGGGCGTCGCGGAACGGGCCGTAGTAGTTTGACGAGTACTTGGCGGTGTAAGACAGGATTGCGGCGTCGGTGTGCCCGGCGTCGTCGAGGGCAGCGCGGAGGGCGCCCACGCGCCCGTCCATCATGTCGGATGGGGCGATGATGTCGGCCCCGGCCTCGGCGTGGAGCACCGCCATTTCGCACATCACCTGAATGGTCGCGTCGTTGTCGATGCGGCCGTCGCGCACGATTCCGTCGTGCCCGTCGCTGTTGTAGGGATCGAGGGCCGTGTCGGTGATGATCATCAGTTCCGGCACGGCGTCCTTGAGGACCCGGATCGCGTTTGGGTAGAGGTGATCAGGGTCGAGGGCGTGCTCGGCGTCCGGCGTCTTCAGGTGATCGGGGAGGGCCGGGAACAGGGCCACCGCCGGAATGCCAAGGGCATGCAGCGTCTCTGCGTGGTCGACGAGCCGGTCGATCGTGTGACGGTACGTGTCCGGCATCGACGGGACTTCTTCCCGCTGATTGTCCCCCGCCATCACGAACAGGGGCGCAATGAGGTCGTCCGTCGACAGCCGTGTCTCCCGCGCCATGCGTCGGATGTTGCGGGTCTTGCGCAGTCGACGGGGGCGGAGGGGAAGGTCGTAGTCGGAAGAAGCCATAGAGACCTCAGTGGATGGATTGACAATCGGAAAATCTGATGCGGGTGGGGACGCCCACGACATCCCGCCGTGTGTCACGAATTACGCACCATTCACCCCACCTGCTCCCGCCGCTCCCATTCGGTGCCGTCGGGGGTATCCATGACCTCGATGCCCAGCGCCTCTAGCGTGTCGCGGATGGCGTCGGCGCGGGCGTATTCCCCGTCGGCGCGTGCGGCCTCCCGGTCCTCCAGAAGGGTATCGATGGAGTCGGAGAGGTGAGCGGGGGCCAATCCGTTCTCGGAGCCCGCGTCGGTGCGCTGGTCCGCCTCGTGCTCGGGCTCGACGACGCCGAGGAGCGCATTCGTGCGGTCGAGCCAGTTGCGGGCGCTCCGGGCCGTCGCCCCATTTAGGCGGTCCGTCTGCTCGATGGCCTTCACGCCATCCAGGGCGGCGGCCGTGGCGGCGGGGGTGTTGAGGTCGTCGCACATCGCCTCGAGGGTGCGGTCGTAGATGGGGCGGAGCCGGCCGCCCAATTCGTCGGGGCCGTCGGCGTCCGCCGCCAGGGCCGCGTCGACGCGCTCCGCTGCGTCCTGGTACCGGCGAACGTGACGGGCCGCCGTGTGGAGGGTATCGAGCGTGAAGTTGAACGGCTTGCGGTACTGGCCCTGCATCAGGGCGTAGCGGAGGGCCAGTGGGTCGACGCCCCCCTGCTCCCGAACCGAATCCGGAACGTGGTCGTCGTCCGGGCCGGGGGCGATGAGGTCGCGAACGGTGTAGAAATTGCCCTTCGACTTCGACATCTTCTCGCCCTCTACCTGCAGGAAGCGGGTGTGCACCCAGTAGTTGACGACCTGGTGCCCGGCGAGGGATTGGTTCTGGGCAATCTCACACTCGTGGTGCGGAAAGATCAGGTCCTCGCCGC
CP030361.1_gap42	1587616	1591705	4089	TGGGATGGGCCGGGTCGTCCCGGACGCGCGTCAGGGCCTCAATCTCGTCCTCCATCAGGCGCCCCAGGGCCGCCACGTCCATGAACTCGGCCACCCCGGCGGTGGAGGCGTGCGCCCGGTGGGCCGCGCCGAAGGCATCGTTGACGTACACGTCGGCCAGGTTGGCCAGGGCCGTCGCGAAGGCCTCGTCGTTCGCCTTCTCGCCGGCGTCGAAGCGCGTGTTCTCCAGCAAGATCACGCTCCCCTCGCTCATGCCGTTGATCACCTCCTCGACGGTATCCCCCACCGTGTTGCTGGAGAACCGGACCCGTTCTTCGATGAGGGTGCCGAGGTGATCCGCCACGCAGGCGAGGCTCAGGTCCGGGTCGGGCTGACCGCCCGGACGCCCCAGGTGGCTCACGAGGATGGCCTTGCCGCCGTGGTCGAGGACGTGGCGAATGGTGGGAAGGGCCGCACGGATGCGGGTGTCGTCCCCCACGCAGGGGCTTCCGTCCTCGGAGGTGTCGAGCGGCACGTTGAAGTCGACCCGGATGAGGACGCGTTGGCCGCGTACGTCGACGTCGTCGAGGGTTAACTTATGCATGGAACGGGGAAGTTGGGCGACAGAACGGGCGATGGGTCATGCCGCCCCGCGCGGGCTGCAGCCGGGGCCGCGGGGCGGCACGAGGGCACAGCTACACGTTCATGAGCCGCTCCACGAGATCCACGGTCCGGTTCGCGTAGCCCCATTCGTTGTCGTACCAGCCGACCAATTTCACCTGCGAGCCGGCGACCTTCGTCCACGGCGCGTCGTAGATGCAGGAGTGCGGGTCGTGGATGATGTCACGCGAGACGATCGGGTCGTCGCTGTAGGCGAGGATCCCGTCGAGCGCGCCGTTGGCGGCTTCGTAGAAGGCCTCGTTGACGTCCTCGACCGTCACGTCCTGCTCCACGACCGCCGTAAGGTCGGTCACCGAGCCGTCCGGCGTCGGGACGCGCATGGCCATGCCGTCGAGCGCGCCATCGAGGTGGGGCAGCACCTTGCCGACGGCCTTGGCGCCGCCCGTGGTGGTGGGAATGATGGACTCGGCGGCGGTCCGGGCGCGGCGGAGGTCGCCGTGGGGGCCGTCGACGATGTTCTGGGAGGCGGTGTAGGCGTGTACGGTCGTCATGAGGCCGCTCTCCACGCCGAAGGCGTCGTCGAGCACCTTCACCAGCGGGGCGAGGCAGTTGGTGGTGCAACTGGCGTTGGAGACCACCTTCTCGTCGCCGGTGAGGATCTCGTCGTTGACGCCCAGCACCACCATGGCGTCCACCTCGCTCTTGGCGGGGGCGCTGATGACGACCTGGTCCGCGCCGGCCTCCAGGTGCTGGGAGGCCTTGTCGTAGGTCCGGAACACGCCCGTGGACTCGATCACCACGTCGGTGTCGTGGTCGCCCCACGGAAGGTTCGTCGGGTCTTTTTTGCTGAAGACGGGAAACTCCTGCTCGTCCACCACGAGGGTGCTGTCCTCCAGGTGCACGTCGCCGGGGAATTGCCCGTGGACCGAGTCGTACTTGAGCAGGGTGGCCAGCGTCTCGGCGTCTGTTAGGTCGTTGATGCCTACGATCTCGATCTCGTCCTCCTCCCGTTCCAGGAGGGCACGAAAGCACAGCCGCCCGATGCGACCAAATCCATTAATTCCAAGCTTGATTGACATAAGGGGGTAGAAGTCGTCTCAGTTCAACAGTGAGGCGAAGGCACGCCGCAGTGACGACGGCCCCAAGGAGGCAACGTATTCACAAACCCTCCCGTGCGGTGAGGCAAATGCGCTATGCGTATCGCGTCGTTAAGGTATAAAAGAGCCGGAAGTCTCTTCGGTAAAGATCACATGCAAAACCGGGCCCGCCCCGGGACGGCCTGGTCGCGGGGGAAACGAATGAACGACGGCACGTTAAACGGAATTCGATACCCAATGCGGATCAGTTCGTGTGGACGCCCTCCATCGACGATCCGTCCTCTCGCGTTATCTTGATTTCGGACCCTCTCGCTGGACATGGCTGCCCTCAAAACGCCCGAAAAGACATCGCGTCGCCAAGAGCTTCGGCAAAACATTTTTGTCGACCTCTACGCGCGGGCCCTTCTGTTCTACGATGAGTACAAGCAACTCGCGCAGGGGCTCGGGGTGGCGCTTCTGGTGTTGATCCTGGCCATTCCGGGATACATCTACTACCATCAACAGCAAGAACAGGCGGCCAACCAGCAGCTCGGTCAGATTCTCCCGGTGTACGAGCAGGGCAACTTTCAGCAGGCCCTCGACGGGACGGGCGACCGGGCGGGGCTTCTCGCGATTGCCGACGACTACGGCGGCACCGACGCGGGCAACCTTGCTACCTTCTACGCCGCAAACGCCCTCTACCAGCGGGACGAGTACGACCGGGCGCTCACCTACTATCAGCGGTTCGAGAAAGAGAAGGACTTTATTGGCGCCAGCGCGTACGCGGCCCAGGCGGCCATTCAGGAAACCCGGGGGTCCTTCGAGCGGGCGGGCGGCCTTTACGAGCAGGCCGCCTCACAGTACCAGAATAAGTTGACGGCCCCCCGATATCTGCTCAACGCGGGACAGGCCTACGAAGAGGCCGGCCAGTACGAGGCGGCCATTGGGGTCTACGAGCGGATTCAGGAGGAGTACCCGGACTCCGAGCAGGCCAGCAACGCCGAACGGTACCTGGCGCGGGCGAAGGTGCACCAGGGTAGCACATCCTCGTCGTAGTCGCCTCTTCGGTCCGGGGCCGGGCATTCCGAGAGTGGGGCGGCAGCATGTGAGGGGGCAGCGTTCGGGGCGCCGAGCGTCCCCGTGCCGCCGGCCGGCCCTCTGACCTCCCGCACGTTTTACCTGTGGACGAGTCTCCTTTGGCGGCATGCCCACGATTCTGGTCGTAGACGACGAGGCGAGCATCCGGCGGACGCTCCGCGAAATTTTGGAGTACGAGGACTTTGGCGTGGAGGAGGCGGTCGACGGGGAGGAGGCGCTGGTGGCCCTCCGCGAGAATGCCTACGACCTGGTGATCCTCGACGTGAAGATGCCGAAGATGGACGGCATGGAGGTTCTCGAAACGATCGCCGACGAGGGCTACGAGGTGCCGGTCCTCATGATCAGCGGCCACGGCACCATCGAGACCGCCGTGGAGTCGACCAAGCTGGGGGCGTTCGACTTTATCGAAAAGCCGCCGGACCTCAACCGCCTGCTGGTGACCGTCCGCAACGCCCTGGACCACGGGGAGCTGGAGGTCGAGAACCGTCGCATGCGACAGACGATCACCGAGCAGAACACCGGGGACCTGCCCCCGATCATTGGGGAGAGCGACGAGATCCAAGCGATCAAGGACACGATCGAGCGGGTGGCCCCCACGGAGGCGCGGGTGCTCGTCTCCGGCGAGAACGGCACCGGCAAGGAGCTCGTGGCCAAGTGGCTGCACCACAAATCGGGCCGGGCCGACGAACCGATGGTGGAGGTAAACTGTGCTGCGATCCCGAGTGAGTTGATCGAGAGTGAGCTGTTTGGGCACGAGAAGGGGGCCTTTACCGGGGCCACGGAGCAGCGCATCGGCAAGTTCGAGCAGGCCCACGAGGGCACGCTGTTTTTGGACGAGATCGGGGACATGAGCCTCTCGGCGCAGGCGAAGGTGCTTCGCGTGCTGGAGGAGCATGAAATTGAGCGGGTCGGGGGGGAGCACACCATTTCGGTCGATGTCCGGGTGGTGGCCGCCACCAACAAGGACCTGATGGAAGAGATCGAGGAGGGACGGTTCCGGGAGGACCTCTATCACCGCATCGGGGTCATCCTCATCGATGTGCCCCCGCTCCGGGACCGGCGGGAAGACATCCCCCCGCTGACCCGACACATTGCCGAGCGGGTGGCCCAGCGCGACGGCCTTCCGCCGAAGGACTTCGCGGAAGAGGCGATCCAGCGGCTGCAGCGGTACGACTGGCGGGGGAATGTCCGCGAGCTGCACAACGTCATCGAGCGCCTCCTCATTCTCGTTGAGGGCGATGTGATTGAGGGGGACGACATCGATCAATTTGTGCAGCCGGGCGGAAACGGGGACGGCCCGACCCAAGAGCTCATC
CP030361.1_gap43	1592776	1594204	1428	GGTTCGGGGGCTCGTTGAGCCCAATCGAATGATGAGGCCGGCACACACTCGCACACCGGGCCCGGTGCGAGACGAATCCCTTCAGGAGAGGCCTTCCGGGTGCAGTACGAGGAACGATTGTCGGCCTGTCCCCGAGATGACCCTGTCCAACCGGTCCGCTCGGGTGCTATCTCTACGACATTAGGTGTTGTATTTCCATGGACTCGATTGACTCCCTTCCCCTGTTTCCGCTGAGCCTCGTCCTGTACCCGGGTGAGCAGCTGACCCTCCACATCTTTGAGGACCGGTACAGGGCCCTCACCGCGTACTGCCTGGAGCATGAGGTGCCCTTCGGCATCGTCCGGACCGACGGGGAGTCGTGGGCGGACGTGGGCACGACGGCCCGCATCGAGGAGGTCGTGAAGCAGTACGACGATGGGCGTTCGGACATCGTGGTGCGCGGCGAAGAGCGATTCCAGATTGACACCGTCCGCGACGACCAGGCGAGCTACTACACCGCCGATGTCGCGCTGATCGAGGACGAGGACACGACCGTCGACCTCGACCTGAAAGAGCGGGCCATCACGCAACACATGAAGCTGCTGGAACTGGCCGGCCGCACCGTTCGCCCGGACCTGTACGAGGATGTGGACCGCTTGTCGTTCGTCCTGGCCCAAAACGGGGCCCTGGACGGGGAGCAGAAGCAAGAGGTGCTCGAAGGAAGAACCGAGAACGAACGAATCCGCTACCTCATTCACCACTTCGAGTCGATCATCCCCCGCATCGAAGAGCAGGAAGGAGTGCGGCGGCGCATTCGTTCTAACGGGCACTTCAAAGACTTTCCGCCCGAAGAGGTCTAGCCCCCATGGACATTGGGGCCTGTGTTCGAGAGGTTACCTGTTCCCCTCTCTCGTCACGAACGCGCTGGTCCCCCGATGCCCGAAATTGGTCCCTACACGCTTCACACCGTCGACACCGGTCGCTTTGGACTGGACGGCGGTGCCATGTTCGGAATCGTGCCGAAGCCCCTCTGGTCGCAGCGCATCGAGCCGGACGAGCAGAACCGCATCCCGCTGAGCATGCGGTGCCTCCTGCTGATTGGGGACGGTCGCGTCGTGTTGATCGACACCGGCATCGGCGATACGTTTGAGGATACGAAGTTTCAGGACATCTTCGCGGTGGACCACAGCGGGGCCACCCTCGAGGGCTCGCTCGCAGCACACGGGGTGGCGCCGGTGGACGTGACCGACGTCGTCCTCACGCATCTCCACTTCGATCACGCGGGCGGAAGCACACGGCGGATCGATGGCGAGCCCGCGGTTGCCTTTCCCAACGCGACCTATCACGTCCAGCGACGACACTGGAACTGGGCCGCCGACCCGAACCCGAAAGAGGAACAGTCCTTTCGTTCCGATACGTTCGCCCCCATCGAAGAGGCCGGTCAGCTCA
CP030361.1_gap44	1768278	1771978	3700	AGCGGTCCCAGGCGTCGCCGTCGACCCCATGGTCGGAGGCCCGGCTGCGCATCCACTGCGTGACGGCGTCCTGGAGGGCCTCATCGCCGTCGTCCCACCCGGGCAGCTTTCGGGCCGCCCAGTCGTCGGCGGTCTCGATGGCGGCCTCCAGCCGCTCGAAGTGGGCAGGGAGGTCGTCGTAGAGCCCGAAGTGCGTGGGGGCGAGATGGGTCAGGCCATGCCGGTCGGCCGCGGCCCGGAGGGCCGCTAGGCTCTCGCGCCAGGCGTCGAGGTCGATTTCGGGAGGGGCGAGGGGAAGCTCCACGTGGCGCTCCTCGGGCATGCGGACGCCCCCCACGTCGCCGGTGAAGCAGACGTCCCCGAGCACGTAGCTCATGTGGTGGGAGGCGTGGCCTGGCGTATCGAGCGCAGTCAGGGGCTCCCCGCCCAGGGGCACGGTGTCCCCGTCGTTCAAAGCAACGAGTTGGTCGTCGGGGACCGGGTGCATCTCCCCCCAGAGGGCGTCCATGTCGTCCCCGTAGATGCGCCGCGCACTTGCCAGTAGGCGGGCCGGGTCGGACAAGTGCGGGAGCCCGACGTGATGGGCGTAGATCGTGGCGCCGTGCCGGGCGAGATGGCCCGCCGCCCCGGCGTGGTCGAGGTGGATGTGCGTCAGAAAAACCTCCGAGACGTCCGCCGGAGTAAGGCCTCGCGCGGCCAACCGGGCCTGCAACATGGGAACGGTGGAGCCGGGGCCCGTTTCGATGAGGGCCACCCCGTCGGCGTGGGGGTAGAGGTAGGCTGCGATGATGTGCCGTCGGTCCTGAAAGTGGAGGTCGAGCGTGTCGAGTCGGTCCAGCATGGCAGGACGGAAGAAATGAAACGAAAGCGGCGATCTCTCGCCGCCACGGCGGTGCCGTTGAGGGGCAGGGAACGAATTGAGACGTCCGTCCCCCTCAGTCAGTGGGGATGCTCTGCCCCATCGGCGCTCGGTTGAAGCAGGCTGCGCACCTCGTGAAGCAACGACGTGCTGCCGGCCGTAACCAGACTGCCGGCAAACACGACGTCGTCGGCGTCGGGGGCGAGCGGTTGGGCAACGCCGCCGGCCTCCCGCACGCAGGGCACCAGGGCGGCCACGTCCCACGGGCGCATGAGGGTGTCCACCGCCGCGTGGGTCCGCCCCCGGGCCACGAGCGCGTGCTGAATGCAGTCGGTGACGAACCGAAACTTGCCGGCCCGCCGGACCAGATCGGTGAGACGGTAGGGCGTCTGGTCGGCCCCCGCCGTGACGTCGGAGCTGTGGAGGGCCGTGGTCGTGACGGTGGCGGCATCGAGCGACTCGACCGGGTCTGCGCTCACCGCGTGCTCGGCCTCGTCTGTTCGAAACCAGCAGCCCTCCCCCCGGGCGGCGTATACGGTCTCGCCGAGCGCAGGAAAGTGGATCACCCCCGCGACCGGCGTGCCGTTTTCCAGAAGCCCCACAAGCGTGCCGAAGAGGGGCACCCCAATCGTGAACCCGGCGGTCCCGTCCACGGGGTCGAGCACCCACCGGTACTGGGCGTCGTCGGGGCCGCTCGCGCCGAACTCCTCCCCGAGTACGGCGTGGTCGGGGCGCTCGTCGGCTAGGTGCTCGCGCATGACCCGTTCGGCTTCACGGTCGGCCTCCGTGACCTCCGTGCCGTCCGGCTTGTGGGTGACGCTGACGGTGCGGAAGCGGGGAAGGATTTCGTCTTCGGCGATGTGGGCCAGGTCGAGGGCCAGGTTGAGGTCGGAAGAAAGGGCGGACATCAGAACGGCGTTGCGTTGTGGAAAAGTGAGTTGTGGGGCCCGTCGAGCCCGACGGGGTTACGATGCGGGCGGGTCCGAGGCCATTTCGTCGAGCGTCCGGCGGGCGGCCTGTTGCTCGGCGTCCTGTTTGCTTCCGGCGGTGCCCCGTTCGTAGGCCGCGTCCCCAACCCGCACCTCCACCGTGAAGGTTTTGTCGTGGCTCGGGCCCTTCTCCTCGACGACGTGATAGGTGGGCTGAGGGCGCCCCAGGGCCTGAAGGTGTTCGAGCAACTGGCTCTTGTAGTTGTCGTCCCGGGTTGCCACGTCCTCTAGGTCAACGGGGGCGAGCACGCGGTCCTGTACGAACCCCCGCGCCGCCTCGTGGCCCAGATCTAGGTAGACCGCCCCCACGAAGGCCTCGAACGCGTCGGCGAGGATGCTAGGGTTGTCGCGCCCGTCTCCCTCGGCCGCGTTTTCGCTCATTAGGAGGTGGGGACCGAGGCCGAGGCCACGGGCGTAGGTGGCCAGGGGGCGCTCGCTCACGAGCCGGGCCCGGAGTCGGGTGAGCGCGCCCTCGTCCTTCTCCGGAAAGCGGTCGTAGAGCACCTCCCCCACAAAGACGTCGAGGAGGGCGTCCCCCAGAAACTCAAGCCGCTCGTTCGACCGGAACGTGCGCGCCGGATGGACGCGGAGCAGCGACCGGTGCGTGAGGGCCCGCCGGTAGTGGGACAGATCGTCGACCGGACGCCCCACGAGCTGCTCGATCGCGGCCGGGTCGACCTGTACGCCGGGGGGGAGAGACTCGCTCATGCGCCGTCGAGACAACGATTGCGGAGAATGACGAGGGTTGGGTCTACGCAGGCACCCCCGCTGGGATCTAGTGACTCGACGAAGACGGCCCGGAATTGGCGAGGAAGCAACGAGCGGCCGCCGGGATCACCGTTCGACGGACGGTCGTGAAACCCGGTGTCACGTCTTGTCGCATCAGATCCCCTCGGCCATGCCCCTCGTCTCTGTAAACCCCACGACCGAACAGGAGATTGAACGGCATCCGCTGCACACGGGCCGAGAGGTCGAGCACCGGCTCGACCGCGCGGCGTCGGCCTTCGAGGTGAACCGGAGCCGCTCGTTCGGCGAGCGGGCCGCGCGCCTGGAGCGGGCCGCCGACCTCCTCGAAGACAACGCCCCCGCGCTCGGGGCCCTCATGACCGAGGAGATGGGGAAGCCCCTCACCCAGGCACAGGCCGAGGCCGAAAAGTGCGCGTGGGTCTGTCGGTACTACGCGGAGCACGGCGCCGATTTCTTGGCCGACCGGGCGGTGGAGACGGCCGCCCGGAAGAGCTATGTGGCCCACGAGCCCCTCGGGCCCATCTTGGCGGTCATGCCCTGGAATTTTCCATTCTGGCAGGCGTTTCGGTTCGGCGCGCCAACCCTGATGGCCGGCAACGTGGTCCTCCTGAAGCACGCGCCGAACGTCACCGGGTGTGCCGAGGCGATCGCGGACCTCCTGCGGGAGGCCGGATTTGCGGACCACGAGCTGCAGGTGCTGCGCGTCGACGAGGAGACGGTCGGGACCGTTCTGGACGATCAACGGGTTCGGGGCGCTACGCTCACCGGAAGCGTGCCGGCCGGGGCGGCGGTTGCCCGGCAGGCGGCGGCCCAGATCAAGCCGACGGTGTTGGAGCTTGGCGGCTCCGATCCGTTCATCGTCTGTGCCGACGCCGACCTGGAGAAGGCCGCGTCCGTGGGGTGCACGGCACGCATGCAAAACAACGGCCAAAGCTGCATCGCCGCAAAACGCTTCATTGTCGAGCGGGCCGTGCTCGACGACTTCCAGGAGCGGCTGGTGGAAAACGTGGAGGCCCTTACGGTCGGCCCCCCCACGGATCGGGAGACGGACGTAGGGCCGATGGCGCGGGCGGATCTGCGCGACACGGTGCACGACCAGGTGGAG
CP030361.1_gap45	1786019	1788642	2623	AGGATCAGGTCGCTGTGCTCATGAATTGTGGCTCCGTCTGGACGTACCAGGACGGGGCGGCAGTGGCCCGCGTTCGCGTACGTGACGGTGTGGGCGTGAGGGTCCCAGTGGAGGAGCAGAAACGTTGCGAACGTGTCCTCCAGCACATCGTCGTTGAGGAGCATATCGTTCAGCTCGCCCATCAGGGCGGCCGGGGAGGTCGACTCCTCCAGCAAGGTGTGGAGGGTGCCCCGCACGTAGCTTAGGAAGCTGAAGGCGTAGAATTTGGCCCGGAGGCCCTTGCCCATCACGTCCCCAATCGTGAGGAAGTAGGTGCCCTCGTCGGTCTCCGTCCAGTCGAAGAGGTCGCCGCCGCCCTGCTCGCGGGACTCGCTGTAAAAGTCGAGCTCGTAGCCGCCAATTTCCGGCGTCTCGTCCGGCAGGAGGCGGTTGGAAAAGTCGCGCCCGATTTCCGCGTCGAGCTGGGTCTGGAACATGTCGATGCGTTCCAGGAGGCGCTCCACCCGGGAGAGCAACGTTTCCATGTCGAAGGGCTTGGTGATGTAGTCGTCCACGCCCTTCCGCTCGCCCTGCTGGCGCGCCTCTTCGTCGGCCCGGGCCGTGAGGAAGATGAACGGAATGACGCGCGTGTTCTTGTCGGTTTGTAGGGCCGACTGCAGCGCGAAGCCGTCCATCTTCGGCATCATGATGTCCGATATGATCAGGTCGGGGATGGTCTCCTCAATTTGATCCAGGGCCTCCTCGCCATTTGTGGCGGTGTAGACCTCGTAGTGCTTGCCGAGGCGGTACTTCAGAAGCTCCCGAACCGTGCTATCATCCTCGACAACTAAAATAGTGTGTTCAGCCATGGATCGTGGTCGGAGGGGATGATAAATTCGAAGCGGTGAAGGCCGTCCTCCGTCGGCGAATACGAAAGGTCATCGGTGCACGTCTTGATGATCCGGAGGCCCATGCCGCGCTCCGGGAAGGCCTCCGGGTCCTCGTCGTCGGCCGGGAGGTAGGAGGTGAGGTCGAAGCCGTCCGAGTTGTCGAGCACCGAGCAGGTCACCCGCTGGGCGTCACAGGTCAGCCGGATTTCAACCATCGGGGTGCCGTTCCGGAAGCGGGCGTGCTGGTGGAGGTTCGCAATCCACTCGTGGAGCACAAGGCACGTGCAGTGAAGCGTTTCGTCGTCGATTGCGCCGTCTTGTTGAGAGACGGGCCAATCATCAGAGAGGGTACGCACCTCGTCGATCGCCCGATCGAGGTCCGTGTACGTCTTCGTAAAGGGGTCCATGGAGCCGGATCTGTGTCCAACAAGGCAGGCCGCCGTTGATGCAGACGCCCAGGGTGGGGCGATCGGCTATCCCGAAAACGCCTCGCGGGCGGCGTCCACGGACGGGAATTGGCGAAAGACCTTGTACGTTCGGGTCAACTGGACGACCACCTGAACCGGCTCCGACACGTCCGCGAAGGCGACCTTTCCGTCGTCCGGCGAGATGGCCCGGTACAGCGAAAAGATGGACCCGAGGCCGGTGGAGTCGAGCACTTCTGTGTCGGAAAAGTCGAGAATAAACTGCCGAACGCCGTCGTCAACGTGCTCCTGGAATGTCTCCTTGAAGTCGTCTGCGTTCCGAAAGTCTAAGGCTTCCCCAACATGGATGATGACGGTTTCGGAGGAAGCGGTCTCGGCGTCAAAGCTCATGATGGTGAAACGAGTCGTCTAGACGGAGAGTGGTGAGGAGAAGGTGTGCCGCAGGAACGCAGCGTGGGGCGTAAGGCCCCTCCAAAGCAAAGGGGCCAAGTGCGTGTGGGAGAGCCCCGGGGGATGAGAGAACAAAATCAATGCCAATATAACGGATAGGGGCCGGACTGTGAAACGACGCCCCAGGCGCCGCCATTGCTGCCTTGAAGAAAGTAAAGCCTGCGGGGAATATTGGGGCGCCAGTTTGGATCAATGGATCCACACAAACACAAAGCTGGTGGAATTTGTGATCCGCGCTGCACAACAAAAAGGTTAAATTGAGAAAAATAGGAAATCGTGACTCAATTGCACTGGGGCCGGCGTTCTGTGTTGGGGCTGTTGGTCTACGTGGCCGTGGGGGGAGGGCTTCTGGCCGGCGGCTGCGAGCACCGAACGCGACCGGGAGGAACCGACCGGGACAAAACGACGAGGGGACCGACGCCCAAACACGTGAGTTGGGATGCCGCGTTCAACATGTCGGAGGACGGACGACCGCGGGCCGTTCTCCGGGCTCGTCGGATGGAGCAGTACCAGACCGACGACAGTACCTACTCGGTCTGGCGCTCGATGGACGACACGACGAAGGTGCGGGTGTACCTTTTCGACGAAGAAGGTGATTCTTCGGCCACCGTCACGGCCGACAGTTTGGTGTTTCAGGACCAGAAGGGCGTGCTGGATGCGTACCGAAACGTGGTCGTGACCACCGAAGATAACAAACGGCTCGAAAGCGAACACCTTACGTGGCACCAGGCCGACCGGACGATCCGCACCCGCCGGTTCGTGCGCATCCGCACGCCCTCGGAAGTGGTTCAGGGGGACGGGCTCGTCGCGGACGAGGATCTCGAAACGTACCAGCTCGGACGGTTTTCGGCGGAGGTGGACGTCGACGAGGACGACGAC
CP030361.1_gap46	1867516	1870619	3103	CAACCGGGACGGGGCGCCCGTGCGGGAGGTTGAAATTGAAACCGGCGGCCGGTGGCGCGAAAAACACTGGCGGTCATTCCTCTACAACTACCGCACGACGATGTACTTCGACTACTTTGAGGCATCGTTTCGTCCCTTCTTCGAGCGGGGCTGGGCGCGTCTCAGCCCGTGCGCCAGCCGGTCCGTCGAGCTACTGGCGGAGCTGTTTGGTCTGCAGACCACCCTCACGCGGGCGTCAGCCCTCGACGGCGCTCCCGGGACGGTTGCCGGCGTGGCCCGGGCGCTGGGCGCAGAAACGCTGCTCACGACGCCCGGGGGGGACCCCGAGTCTCTGCCCGAGGGTGTCACCCCGCACGTGGTTGAGTACGACCACCCCACCTACCGACAGAACTTCGAGGGCTTCGAGTCCGGGATGTCCGCGGCGGACCTCGTGTTCAATTACGGCCCGGAGGCCCGGCGCATTCTCGCGAAGGGCCGCACCGCGCATCCGGACGGCTCCCCGTCGGCGTAACGACAGCCCGCGTCCGCGTCCCGGTTGACCTTCGATGCCCGTTCCGAGTACCTTTGGCCTGTGTTCCTTTTCCATTCTTCTCACGACCCGTCGCGTCCATGATTCTCCCCGACCACCGCATTCGCACCCTGGCGACCGAGCACGACATGATCGACCCGTTCGTCGACGAGCAGGTTCGGGAGGACGTGGTGAGCTACGGGCTCAGCTCCTTCGGCTACGACATGCGGGTGGCCGGGGAATTTCGCGTCTTCACCCCGAACGTCCACAACAGCGTGGTGGACCCGAAGCGGATCGACGAGCGGGCCCTGGTCGAGCACGAGGCGGACGATCACATCCTGATCCCGCCCAACTCCTACGTTCTCGGCCGCTCAATAGAGTACTTCCGGATGCCGTCGGATACGCTCGGACTGGTGCTGGGGAAATCCACCTACGCGCGGTCCGGCATTATCGTCAACGTAACCCCGCTGGAGCCCGGCTGGGAGGGGCACGTGACCATCGAAATCGGAAACGGGACGCCCCTCCCCGCCAAGGTGTACGCGGAGGAAGGCATTGCGCAGGTGGTCTTCCTGCGAGGCGAGACCCCGGAAGTGTCGTATGAAGAAAAGCAAGGCAAATACCAAAGCCAACAGGGCATTACGCTCCCCCGACTCGAGTAGCACGTGAAGTGCCTCCCAGTGTCTACGAACGATTGTTCTCGACCCTCATGACCGACGATCCGTCCGACTCCGCATCGTCTTCGCGCTCCTGGCGCAGATGGGTGGCGGCAGGGCTCTTCCTCGTGTTCTTCGTGGTGGTCATGCGGGAGGTCGTCAACCCGTACCGGGGACAGCGTTTCGAAAAAATCCCGCACGGGGACCACGTGCATTACGTCCCGAGGGACCGAAACCCGGACGTATCGGTCAGCCGGTTTCCGACTCAAAAGCCGGACGCCGACGAGCGAATTACGCCGGACGGACAGGTCGTGTCTCGTAAGGAGGGGGACCGAGCGCCGTAGATCACGTGGGCTGTGCGTTCGGGCCCGGCAGGCGGACCTCCTCGTCTTCGAGCCGGTCGGCAATTTCCCCCACGGTTTCTTTCTCCGCGTCGGCGAGCGGGGCGAGCGGCGGTCGCACCGTGGCCCAGTCGGGCGCCTCGAGCCGCCGGGACAGCAGAAACTTGAGGGCCGGAATGGTGGGGAGCGGGGCAAACGCGCCCCGAAACGCGCTCAGCGTGTCCTGGATGGACTCGGGCGCCTCGTCCGCGCGCCATCGCTGGAGCACTTGAGCGGCCAGGGGGGCCGTCACGTTGGCCGTGGCGGAAATGCATCCGGCGCCGCCGGCCCCCAAGACCTGCAGCAGCAGGCGCTCGGTCCCGGAAAAGACCTGCAGGTCCGGGAAGTGGTGGCAGAGGGCCTCCGTGTGGTCCCACTCGCCGCTCGAATCCTTGATGCCGGCAATCTGGTCGGGGTAGGTGCCCCGCAGCTCTTCGATGACGGAGAACGGAATCGGGACGCCCGAGAGCGCCGGATAGTGGTAGAAGTAGAGCCGGAGGTCGGGATCGCCGACGGCTTGAATGAGACGGTCGTAGAACCGGAAAAGGCCTTCCGGCGACACCTGCCGAAAGTGGGCGGGCGGAAGCACGAGGACGCCCCCGACCCCGTCCTGTGTCGCTGTGCGGGTCAGCTCGACGGCGTCGGGGAGGGCCGAGGCCCCCGTCCCGACCAGCACGCGGCGGGCCGGAATGTCGGCGGACAAGACCGCGTCGAGGCCCGCCAGCCGCTCGGGGACCGACAGCGAGAGCCCCTCGCCCGTGGTGCCGAAGAGCAGCACCGCGTCGCAGCCGTGATTGAGAAGCCACTGCGTGTGGGCGGCACACGCATCGTGGGCGAGGGACAGGTCCGCATGAAAGGGAGTGAGGCCGGCGGCGAGAATGCCGGAGGGCAGGCGAGGCGACATGGAAAAATCGATCGCTGTGAAAAAACTGATCCTTTTGAAAAGCAGTGAAGCCGGTGGTCCGTGGGGGGATCCCGAATATTTCGCTAGCCGAGGGCCACGTCGAGCACCATCATGACCGCAAAGCCGCCCATGACCCCGAGTGTGGCGAGGTCGGTGTTGCCGTGGCGTTGTGATTCGGGAATGAGCTCCTCGACCACCACGTAGATCATGGCGCCGGCGGCGAAGGAGAGGGCGTAGGGCAGAAGCGGGCGCACACCTACGACCGCGAGGGCCCCCGCCACGGCGGAGAGCGGTTCGACGATGCCGGACAGCTGCCCGTACCAGAAGCTCCGGCCCCGCGAGAGGCCCTCTCCCCGCAGGGGCATGGCGACGGCGATGCCCTCGGGAAAATTCTGTAGCCCGATTCCGAGGGCCAGGGCGAGGGCCCCCGCGAGTGTTGCCCCGGTTGCCACCTCCAGTTCGATGGCGGCGGCCCCGAAGGTCACGCCCACGGCGAGCCCCTCGGGAATGTTGTGCAGGGTAATGGCGAGGACCAAGAGCGTGGCCCGACGCCAGGACGTAGTGGGGCCTTCGGCGTCGGCCCGCCGCGCTCCAGGGTGGAGGTGCGGGAGGAGGGCGTCAGACAGGCGGAGAAACACACCGCCCAGAAGAAATCCAA
CP030361.1_gap47	1893207	1894091	884	TGGTGCGCTCCCCCACCCGCAGCGTCAGGCGCTGCGGGGTATACCCGACCGTGTCGTCGTCCACCGTGACGGTGGCGTTGGGGAGCGGAGTGCCGTCCGGCGCGCGGGCCGTGACCGCGCTCTCGACGCGCTCGGTGAAGTCGATCGTGCGCTCGTACGTCTCTCCCGGGTCGAGCGTCATCTCCATTTCCCAGCGGCCAAGAGCGGACGTGAATACGACCGTGTGCGAGCCCGGGGACAGCGAGTCGACGACGAGCCCGTCCGCTGTGGGGGAGCGTGAGGCCCCATCGATGCGCACCTCGCCGTCGGGACGGGCACCCAGCCGCACCACGGCGGGCCGCGGCAGAAGCGTCGGCGAGACGACGGCGGTGTCGGCCCCCACCACGGACACGGTCGCCTCCCGGGCGCGGTGGTCGTCCCGGTCCAGAAGGAGCCGATACGTGCCGGGCTCCAGGTCCCCAATCGTCAGCGGCGTGCGCCCGATGGGCCGCTCGTTGAGGCGCACGGTCGCCCCGCTCGGGTCCGACCGGACCGTTACAGCCCCCGTCGCCGGTTCGGACGAAGGGGACGGCTCGTCGTCGGGGGCGGACGCTGCGGAAGATGCTGTTTTGGACGTGCGGTCGGACGAAGCGGCCGGGGGCGGGGAGTCCTCCGATGAAGCGTCCGCGCTGGGGGGCGGCTCATCCGACGGGGCTTCGTCCTCGGGCGATGCATCGGCGGGCGGTGACGCCTCTGCCGGGGACCCTTCCTCCTCGCGAGAAGAGAGCCCTGCGTCGTCCGCCACCGGCGGGCTCGTCTGCTCTTGTGCGGAAGGGCCCGCTGGGGCCGCCGCCGTCCGGGTCGTTTCTGGGGGCGCCGGGCCCGCGGCGGAGAGAACCGGCAGG
CP030361.1_gap48	1897272	1898802	1530	CGACGTGTACGTGATCGAGGACGCGACCCGCGGCATCGACCAGGACGGCTCGCTGGCGCAGGCCTGGGACGAGATGAACGAGGCGGGCGTCCAGGTCATCTCCTCGGAAGCCGCGCTCGACCTGGCCGCGGCGTAACTGCGGCCGAGTCCTTCGAGCAGCTGCGGATTGCCTCAGTCCGCCAGCTGAATTAGCGTCTTCAGGATGTCGAGCGTGGTCTGCTCGGGGGCGCCCTCGGTCCCGATTCGCACGTGGCGCGGGTCCTCCAGGGCGTTGGGCGCCTCGTAGCGGTCCGTGAGCATCTCGAAGTCGGTGGCCCGGGCATCAGAAGCCGTGGCGTCCTCGGCGGAGCGCTCGCGCAGCCGCTTCTTGAGGGCTGCGTCCCCGGCGGTCACCTCCACGAACACGTACGGCACGTCCGCCGCGCGGAGGGCGGCCCGGAGCCTATCGCGCTGCGCCTCGCGGCTGAACGTAGCGTCGAGCACCGTGCTTTGGTGGCGGCGGGCCCGCTCTAGGGCGCGGGTGCGGAGCGTGGCGTAGGTGGCCTCCGTCGTGCGGTCGGCGTAGAGGCGCTTGCGGGTGGCGGCGTCGGGCCGTTCGTGGAGCGGAATGCCCGCATGGGTCTTGCGGATGCGGTCGGAGGCGAGGTGGGGCCACCCGAGGGCGCGGGCCACCGCCTCGGCCTGCGTGCTCTTGCCGGTGCCGGGGCGCCCCATGACCACCACCACGAGCGGCCCGGCCCCCGCCACGGCGTAGTGGAGGGCCAGCTGGTAGTAGTGCCGGGCCTGGGCGCGGCTGCGATCCTGCTCGGCGGCGGAGATCTCTTCCGCAGCGGCCCGCAGCCCGTGCACCTTCCCCCGTACCTGAGCGCGCTGGCTCTTGTAGAAGGGAATCACCGCATGCAGGCCCGGATCGTCCAACCCCTCTGCCATCCGGTCCACGAAGCGGCGGGCCAGGCCCGGGCGCCCCTTCCGGTCGAGGTCCATGGCCAGGAAGGCCACGTCGTTCGCCACGTCGAGGTGCCGAAACTCGTCGTTGAACTCCACGCAGTCGAAGATGGCGACGCGGTCGTCGGTGAGGTGGACGTGCTCCAGCCGCAGGTCGCCGTGGCCCTCCACGATGCATCCCCCGGCCCGACGCCGGTGGAGACGGCCGGCGTGCTGATCGTAGAAGCGGTCGGCGTAGAAGCGGAGCGCCTCGTGCGCTGGGCGCGAGAGCAGGTGGCCGACGTGCCCCTCCGCCTCCGCGAAATTCCCCTCGGTCACCGCCCGCAAGCGGTCGATCCGCCCCGCCTCGGCTACCTCGGGCGTCGAGGGGCGTGACTCGTAGAAGGCGCAAAGCGTCCGCGCAACCCGGTCGATCTCGGCGGCCGAAGCCGCCCCGCGGGCCAATCGCACCTCGAGAAACTGATCCGGGTCCAGGTAGCGCATCGCCACGGCCACCTCCACGACGGGTCCTGCGTCCGGGGCGCCGTCCACGCGGAGGCCGTCGTCGGTATCGACGATGGGCACCACGCCCTCGTACGTGTCGGG
CP030361.1_gap49	1901702	1905674	3972	CCGCCATCAGAAGCGTCGCCGAAGCGCCGTCCGTGAGGGCCGACGAGCTGCCGGCGGTGATGGTCCCGAAGGGCTCGACGAACGCGGGCGGCAGGTCGCGGAGCTGCTCCAATGAAGTGTCGTCCCGGATCACGTTGTCGGTCGTGATCGGATCGAATGCCGGCGGAACGGTTGCGGGGGCGAGCTCCTCGTCGAGGCGCCCGTCGTCCCGGGCGGCGGCGGCCTTCTCGTGCGAGCGGAGGGCGTACCGGTCCTGGTCCTCGCGCGAGATGCCGAACATCGCGGCGAGCCGGTCGGCGCTCTCGCCCATCACCTCGCCGGTCGAGAACTCGGCGATGGCCGGCGTCTCGGGCAGGAGGTCGCCGGGGCTGAGGCCGTCCAGCAGGTCCAGGTAGTCGCCCGTGCTCTTGGCCTTGCGGGCCTGAAAGAGCCGCTTCCGGACGGGGCGCTTCAGCCGGACGGGCGGGTCGCTCAGGGTTTCGGTGCCGCCCGCGATCATGACGTCCGCCTGTCCGGTGCGCAGGAGGTCGACGCCACTGGTGACGGCCTGGTTGCTGGAGATGCAGGCCATCGTCACCGTGAAGGCGGGCACGTGGTTCGGAATGCCGGCGGCGAGGGCCGACTCCCGGGCCACGTTGCTCGTGTTGACGTCCTGCACCACCGTGCCCATCACGACGCGCTCTACCCGGTCGGGGGGCAGGCCGGTCCGGGTGAGAAGGTGCCGAAGGACCATACGGCCCATGTCGTAGGCCATCAGGTCGGCGTACCCGGTGCCGGCCCGTTGGAACGGAAGCCGACAGCCGTCGACGAAGACCGCGGTGCGGCCGGGGGAGGAGACAGGCATTGAGCTGAGGTGTTGGGAAGGAAGAGAATAGCCATACGTGCAGCCGGGAGACCCGTTCGCCCCGACGCGAAAACACCCCGAAGAGTCGAGCGGAGCCCGAACTACGTTCTGTGTCCGCTGTTGCGTGTCGGGGAGTGGGGCCTGGCGGGGGGCTCGTCTCTTTTCACCTGTCTTCCCGCACCAACCGTTCCCGACCCGAACATGAGCACGTCAGACACCTCTACCCTCATCGGCCGCGGCCCGGTCCTGGAAGCCCTGAAGCGGGACGACCTCGGCATCGAAAAGGTGATGCTGAAGCAGGACGTGAGCGGCGCCCAGATCGGGGCCATTCGGTCGATCGCCGACGACCGCGGGACCCCGGTCCAGTACGTCCCCGAGGCCCGGCTGCGGCACGAGTCCGACGGGGCCACGCATCAGGGCGTCGTGGCCATTACGGCCCCCATCCGGTACCGGGAGGTGGACGCAATGCTCTCCGACATCGCGCCCACCTGGGACGCGGTGCAGACCGCCCAGCCGATGCTCCTCGTCGTCGATCGGGTAACGGACCCCCGCAACTTTGGCGCGATGCTGCGGAGCGCGGTGGCGGCCGGGACCGACGGCGTCATTGTGCCGACCCGCGAGATGGCCCCGTTGAACGCCGCCGCGATCAAAGCGAGTGCCGGCACGGCGCCCCGGATCCCCATCGCACGGACCGACGACCTGTCCCGCGTGCTGACCCAGCTCAAGGAACGGGGCTACTTTGTCTATGGCGCGGAGGGCACCGCCGAGACTCCGCTCTGGGACGCCGACTGGGACCGGCCCGTGGCGGTGGTGCTCGGAAGCGAAGGACAGGGCCTGGCGCCCGAGGTGGCCGAGGCGTGCGACGAGCTCCTTTCCATTCCCATGCGCGGGCCGGCCGAGTCGCTCAATGTCTCCGTGGCGACGGGCCTGCTCGTCTTCGAGGCCGCCCGGTCGCGGACGTAGCGGGGGCAAGCCGTCCCCGAAGGGCAGTGCCCCCGGAGGGCAGTGCTCCCGGAGGGCACTCCCTCCGCTAACCTCGTGCAACCATGCGACGTGGACTTGGTCAACGCCCGTTCCATCTCCGGAGCGGGCGTTTTTTTGTTTTTGGCGGAGGCGGGAGAGAGAACCTGGGGGGCATTGACGGCGGCTCACGACGGGATCCGGCGCTGCCTTCCCGGGCTGTCTGTAGATGAGAGACATGATGGGGCCCTGTGCACCAGTGCGGCCGAAGACGCGCACATAGGCGGAAGTGACACTCTTGTAACGCGCGGCTTTGCCACAATAAATATGAGCTGAACTGCCGATAACGAACAGTGAACTCATAAAGGTCACTCTGTCGCACGCACTCCCCGCCAAGCAACAACGTCCCGGATTGTCCCGCCGAGTCTCTGAGGCTACAGGGGGTGGATGGACAGTGTCTAGGCGTCCCAACCGTTATGCAACGCCGAGCCGCACAGAAAGAAAAGAAAGAAACCGGCCCGACCATCGACGAGCAGGCCCTCCAGGAGCGAATGCTGCGGTACCTCCGCGCAGGCTGGAGGGCCACCAGCCGGAAATTTGCCGGGCTCTTGGGGGTCCAATGGGTCCTGTCGATTGTCCTGGCCAGTGTGGCCTCCGCGGAGGCGTGGGCCGGGGCGGAGAGTGCGGTTGGCGGGTATGTGCTCACCGCCGCCCTCGTAGGGGGAATCATTTCCATTCCGGCGGCGGCTGCCGCCTACGTCAAACCGGAGGCGACGCTTACCCGTCACAGCGTGGGCGTCGCGCAGCTTTTGATGTCGGGCCTGCTGATTTACCTGGTGGCGGGGCGCATCTCGATGCACTTCCACATCTTCGTGTCCCTGGCCTTTCTGGCGCTTTACTACGACTGGGGAGTGCTGGTGTCCGCGGCGGCCGTGACGGCCATCGACCACTTTGTCCGCGGCATTTTCTGGCCGATGTCGATGTTTGGGGTGACGTTCTCGGCCCCCTGGATGGCGGCGGAGCACAGCGCCTGGGTCATCTTCGAGGTCGGCTTCCTGACGCTCGGGTGCCTGCAGGCCATTCGGGCACAGCGAAACCGGGCCCGGACCGAGCTCGAAAACGAGGCGCAGAACGAGGAGCTCGAGACGCTCCTCGCCGATCTCGAGGAGGCGCAGGAGGAGGCCCAAGAGAAGAAAGAAGAGGCGACGCGTCTTGCGGAGTCTGCCGAAGAGGTGAACAGCTTCCTTCGCCTGGAGATTGAGGACCTGGACGGCCGCCTCGAACGGCTCCAAGACGGCGACCTGACCGTGTCGTTCGCCGGCGAGGCCCCGACGACCCCGAACGAGAACACGGAGCAGGCCGCCGAAATGACCGGCCAACTCCGCACGAAACTGGAGGGCGCGGTCGCGTCGATCCGGTCGACCCTGCAGGAGGTGATGAGCGCGACGAGCAGGGCCAACAGGTCCGCCGACGAAATTAGCACGTCGTCCGACCAGATGGCCGCCAGTGCCGAGGAGCAGTCCGCGCAGGCCGAGGAGGTGGCCGCGGCGGTGGAGGAGTTGAACCAGACGATCAACGAAAATGCGCGCAGCGTCCAGTCCGTGGCCCAGTCCGCCCAGGACGGGGGCCGGGAGGCGCGCGAGGGGCAGGAGGTGGTCTCGGAGGCGACCGGCAAGATGAAGGACATCGCCCGGGAAGTGCAGGGCACCGCCGACACCATCGACCGCCTTCAGGCCTCCAGTGAAGAAATCAGCCAGGTCGTCGAGACCATCGACGAGATTGCGAACCAGACCAATCTGTTGGCGCTCAACGCGGCGATTGAGGCGGCCCGAGCCGGCGGGGACAGCACCGGTTCCGAGACGGGCCAAGGGTTCGCCGTGGTGGCCGAGGAGGTGCGGGAGCTTGCCGACGAGACCGACCAGGCGACCTCCGAGATCGCCGACATCATCGGCGAGGTGCAGTCGGAGATCGACCAGGCCGTGGAGGCGGCCCAGCGGAGCAGTCGCAACGCCGAGGAGGGCATCGAGCTGTCGGAGAAGGCGAGCGAGGCGCTTCGCCAGATCGTCGCCTCGATCGAGGAGGTGGAGGCGAAGGCCGACGAGATTGCGGCAGCCTCCGAGGAGCAGTCCACCACCAGCCAAGAGATCGCCCGGAGCGTGCAGTCGATC
CP030361.1_gap50	1932786	1937240	4454	CCTCCACGGGGTGGGCGTGTCGGTCGTGAACGCCCTCTCGGAAGAGCTCGTCGCGACCGTCAAGCGCGATGGGCAGGAGTACCAGCAGCGCTTCCGGCAGGGCACCCCGGTGACGGGCCTGGATACCACGAAGGAGAGTGCACGCGGAACTGGGACGGACATTTACTTTCGGCCCGACCCGGACATCTTCGAGTCCGTCGAGTTCGACCCGTCCTGGATCCGGGAGCACCTGGAGGTGAAGACCTATCTGAACCGGGACCTAAAAATTATCTTCCGGGACGAGACGAGCGGCGAGCGGCACGAGTTGCACCACGAAGGGGGCATTCAGGAATACCTGGACTACCTGGTGGAAGACCTTCAGGTAAGCCCGATCCACGACGATGTCTTCATGATGGAGGACGACGACCTCGACGGGGACGGGCGCCTGGAGATTGCCCTTCAGTGGACCGACGCGCCGAAGGAGCAGCTCCATACGTTCGTCAACGGCATCCCGACGGAGGACGGCGGGACCCACGAGCAGGGCCTCAAGAGCGGCATCCGGGCCGTGATCCGGTCGTTCATGGACACGCACGACCTGGTGCCCCACCGCTTGGAGATTAAGGGCGACGACACCCGAGAGGGCCTCGTGGGCATCGTGAACCTGTTTCACGTGGACCCCCAGTTTCAGGGGCAGACGAAGGACAAGCTCAACAACCCTTCGGTCCGGTCCCAGGTCTCGGGGGCGCTCCGCACCGAGCTGGAGCAGTACCTGAACGACCACTCGTCGACGGGGGAGGCCATCGCGTCCCGGGTCGTGCAGGCGGCGAAGGCCCGCCGGGCCCGCCGCTCCGCGTCCGGCGGAAGCAGTGGCCGTTCGGGCTCAAAGTCGCGCCTGCAGCTGCCCGGCAAGCTGGCGGACTGCTCGTCGAGCACCCCGAGCGAGTGCGAGCTTTTCATCGTGGAGGGGGACTCGGCCGGTGGCTCGGCCAAGCAGGCCCGGGACCGGGAGACACAGGCGGTTCTGCCCCTTCGCGGGAAGGTGCTGAACGCCGAGCAGGCCACCCTCGATCGGGTCCAGAACAACAAGGAGCTGTCGAACATCGTGCAGGCGCTGGGCTGTGGCATCGGCGATGCGCTTGACCTATCCGACCTCCGCTACCGAAAGGTCATTCTCCTGATGGATGCGGACTCGGACGGGCACCACATCGCCACGCTCCTGCTTACGTTTTTCTACCGGTACATGCGGCCGCTCATTGAGGGCGGATTTGTGCACATTGCCCAGCCGCCGCTCTACCGCATCGAGGCGGGCAAGGAGACCCACTGGGCGCTCGACGAGCCCGATAAGGAGCAGATTCTGGACGAGATTCGGAGCGACGGGCGCAACCCCAACGTCGACATCCAGCGGTTCAAGGGACTGGGGGAGATGATGCCTGATACGCTAAACGAAACGACCCTTTCGCCCGAGGGGCGTCGCCTGCTTGAAGTCAGCATTCCCGACACCGAGCGGATGGTGACGGAGCAGACGATCACCGAATTGATGGGGCGCGACAGCTCGGCCCGGTTCAAGTTCATCATGCAGCACGCGGCCGAGGCGGACGAGCTGGACGTGTAGCGCCCCCGAGGCCCGCCGTGGGGCGGGCGCAGGGCGGACTGGTTGGCCGCTCCCGCGCGGACGGCGCGATGCTGTGAAGCCCAGTGGAAAGTTGCGTGTGGCGCCCCTGCACGGGACGATCCGCCGAACTTTCCGCGTGGCACGAAGTATCCACGCATCGGAAAATCCCGATAGGCTCGTAGCTCAACCTGGTAGAGCAACGGACTCTTAATCCGTGAGCTGGGGGTTCGAATCCCCCCGGGCCTACCACTCGCGCGAAGATCGAATCGGTCCCAGTATGGCGTCGTCGCCGTCTCGGAAGGCCCCGAGGCGGTTTTCGTGTTGACTGCTGGCGGTGAAGACCTGCCGGAGGGCGTCGTCGATCCATCGACGGCACGCGCCTTCGCGGGACAGGCCGAGGCCAGAGTGGTCCGTGGTCCACGATGAAAAGCCCCCGTTGATAACGCCTGGGCCGCGACTCTGTCCATCAATGTTACGGGCCCACGAGACCAATTTCGTCTCGGGCCCGTGAGATAGACACAGCGTTCTTGTCACAATCCCTAAGCCACATGCGAAACAGGTCTGCACGAGCGCATACCGACGAAAAATTCAGCAGCAGTAAGGACAAGTCCCTACGCGAATACGGAGGGTTCTACACCGGGATGGCGACCACCTTCGCCGGGGCGCTGGAGACCTCCCGCGACGCCATCGTCGAAGCCGTGGATGGCTCCGACCCCGTCGAGACGTTCATCTCGGTCAACGGCAACAGAGGGACCGATGCACCTGGGGGCAGCACGAACCGAATCAAGTCCGACGAGCACGACCTGACGGGCGTGGATCGGGTGTTCATCGCCGTTACCAAGGAGCAGTTCGAGGCCCTCGCGGAGCGGGTCGGGGCCGACGTGAACATCGAGTAGACCGGTGTCTCTGAGAATCGGGTGGCATTCCCCTGGGAGAGGATTCCCTGCATTCCCATGGTCGATGTCGAGAAGTCGACCCCGTTTCTCTTCACGAGAGACGATGGAGTTCCTACACGATTTCTCTGCGTTCAGAAGCAGATCGTGTCCGACGATCCTCGGGTGCACTGCAAGGGTGCGGTGATGTGTTTTGCCTCCGTCCCTGACCGGCGGATGATTCCATGAGCATGTGTTAGCGGTCACAGTACTGTCCGCCCTGTAGACGCTGAACGGATTGCTCACCGGGCGTGCTAGAAGGGCTTGTGCCGACTGGGAAATTGGTGCCTGAGGTCCTGTCATGCAGATCCTCCCTGCGCTACCAACCTCCCTGCGCTACTAGAGAGCGGAGAAGCGTGGGTGCGCGATTCGGGCGTCATTTCCCAAAACCCCTCTCTAATCCACCGCATTTTGCTTCGCCGATACCAAGCTCTAGTTTTGAGCAGGGGTATAGGGAAACGCTACCATGCGGTGGACCTCCTTGACGCCGCTTTTGCTGTTCCTGTAGGGGGAGATGACCGAAAAATGAACCCGGAGCGCTTCGATTTGATCTGTGTTAGCCCGGGGGGCGGAAATGGCCGCGGCCGTCCGATCCAGAAATTGAACATCAATGTAGCCGAGCATTTCCGGGGTTCGACCGGCGCTTGCCCCGCCCTTGGTCCGTGACAGTTGATACAAGGTGCGGTCTTTCCCTTCAACCCTGTCAGTTTTCACCGCCGACACGTCGTACTGGACGGTCTGGACGGCGCCGCCAGCATTCTCTTTGTACTGGAACGAGAGGCCCGTTAAGACCGAGTCCGTCGGGGACGCCTCGTTTTTTGTCCGCGACAGTCCCCCGAACACGGTGTCGGTCGTCATGATGTGACGCCCCATGCTCTCCAGATCCTCCTCCATCCAGGTCGCAATCTCCTCCGACTGGGTGAGGGCCGCTTCCTGGCCAGAGGCTGCTGTACTAAGCTCCATGGCTCGCAGTTGAAGACTTGCCAGGATGAGTAGCACCGTCGTCCCGACCACGACTGCCGTTAAGTTGTCGTAGAGAAACGCCATGGCAACACGCTATTTTCCGTAGATGCGGTGAGAGTGAGGTGTCAGTCTCCCTTTACGGGTAGGCAAGCACCTCTGAGTACCGGATGGGCTCAGGAAGGGCTGCGGATTGGCCGCTCGGAGCCACGTCTTGTACGAATACACTGACCTTTTTCCGACCGGTCGGCCCACTGCATGGCTGGAGATCTGCGCACACGTACTGTACCTTCACCTCCACCTCAAACTTTAGCGAATCGTCCGCCAGGGGAAAGGGCACCGTCCCGGTCGTCTCGTTAAACTCTCCGATCGCCTGACAATCCTGGACGGTTCCGTTGTCCTGGCTTGGATGGAGCCGGCAGTCCTTGCTCAAGCCAGTGGGAATGTCCGAGAAGGAAGAGGGATCGAGCACAACGTCCTCACCGGTTCCTATGACCGCACTGTCGAATGCCCGGGCCCGCACCACCTCGATTGTCTGCATTCCAACGCCCAGGGCCATCTGCTCGATTTCCCCCCGAACAGACTGGTCTTGAAACCGGAGGCTCGACTGCATCTGGCCAAAGGACAAGAACATGGACACCAAAAGCGCCAGAAGCGCAAGGAGCGTCTGTTGCATAATGGCCTAGTAGCGTCGAGTCAAAAGAGAGAACGATCGTGTGGCTTATTCCCCTTTCTGAAGCAGCCGGCTGGTCCGATCGGTGACTACAGTCGTCGTGGATTCGATGGAGGGGAGGGTATCGATGTACTTCAGCAGTTGGTCGGAATTGAATTTGACGGCATTTCCGCCATTCATGCTGAACTCGTCCTCTTTATTTTTCTGCTCGTACGTGGCCCAATCCTGCAGCACCAGCCCGCCGTTGATATTGCGCGAGTCTCCGCCTCCGTTAAATCGGATTGTCCCTCCGTTGGCC
CP030361.1_gap51	1959990	1962036	2046	GGCCCCGAAGCGATGGATCGATGGTACTGACCTGACTGGAAATGATCTCCATTCGAGAGCGGTGAAAGTGACGCCCGAGGTCGATGGGGGCAGATTTCGTGCCGTACCAGGATCCCACCACGACCCGTCCACTGAAAGCCGTACGCTGCACCGCGTCGTTGAGTACGGACGGCTTCCCCGTCAGCTCGAACACGAGATCGGCGCGTGAAGCGTCGGGCCCAGAGGCGTCATGCCCCGTGCCCAGCTCCAGGTCGGACGAAGAGGCCACGGCCGTTCCCCCCAGCGATTCCGACACGGCCCGCCGGTGGGGCGACGGCTCGACGGTCCAAAGCCCACGAAGCGGATGCCGAGACAAGAGCTGAGTCGTGAGCAGCCCCACAACGCCCTGCCCGAGCACAACGACCTGCTCCCCAACCATGGGGCGTCCGTCCATAACGAAGTTTACGGCCGTCTCTACGGACGGGATCAGGGCGGCGTCTACAGCAGACACGGCGGGGGGCACGCGAACAAGAGCGGACGGCGACGTCACAAACCGGGACACGTGAGGCTGAAACGAAAAGACGGTGCGTCCCTCCCACTCAGCGTCGACATTGCTGCCCGTCGTCTCGACCGTTCCCACGCATGCGTAGCCGTAAGAGATGGGGTAAGAAAAATCGTCGTCCTCGAGGGCCTCGATCGTGGTATCGGCCGCCAGGGTTTCGGGAACGTGCCCCTCGTACACGAGCCGCTCCGTGCCCGGACTTACGGCCGAGCATTCCGTCTGGACCACCACCTCGTCTGGGGCCGGGTCCGGCACCGGCTCGGTCACCACTTCCACTTCACCAGGCCCCGTAAACTGTACCCGCCGGCGAGACGCACTTGTCATGTGGGTTGGGTCTCGTTCGAACTGCGTGTGGAAAGCATCGAGGACGGCCTCACTCGGAGGCGACGGGCCATACAGGATCTCCTTCCAGGACCAGGTCTTCTCCGTACCACCGCTGCTGGATGTTGTCCAACCGGGGAAAGTCTGACCGAGCGTGCGTGTCCTGATCTTCAGGGGCGAGCGAAGAGAGCGCCGCCGTTCCGCCTACGAACATGGGGGCGACAGTGACGATCACACGCTGGGCACACTGACGTCGCAGGAAAGAGGTGAGAATGCTCGTTCCCCCCTCCACCATCACGCTGGAAAAGTCTCGCTCCCCGAGGGTGCGTAGGAGAGTCTTGACACAAATTCCCCCCTCCGGCCCGCAAGACAGTTCAATGACCGTGCCCCCGTGCGCTTCAAGTCGCTCTTTGCGGTCCGGGTCCGCGTTGGGGCTCGTGACGATGAGCGGATCCGGGCCGTCCCCCGCAAGAAGTTGTGCGTCGGAGGGGAACCGCAGCGACGAATCCAGCACGATTGGGACCGGGTGCGTTCCATCGTTGTGTCGGACCGTGAGACGCGGGTCGTCGGCCAACACGGTTCCGATGCCGACGAGAATGCCGTCATGGAGCGCACGGAGTTGGTGGGTGAACCGAAGGGCCTGTTCACTGCTGATGGGGAGTGGTGTGCCCGACGTCGAAGCGATCGAGCCGTCTAGGCTCTGGGCGTACGTCAGTGTTACGAACGGCCGTCCCTTCTCTGCAAAATAGCGGTCAATCCGCTGCTTCAGGTCACGGAGTGATGTCCCATGGGCGTTGCCCTGAGCGTGCCCGTTCGCGGGTCCCAGATCCAAGATGTGACGCATCCGGTTTACCTTCGTCCGGAGGTACTCCGCATTGTGCCGGTTCACGTGGGGCTCAAGCGAAATCCGCTCGGTAATTTCAACCCCATGTTCCGCGAGGCTCTCAATCTTCTGTGGGTTGTTGGTCAGGAGGCGAGCGGACGACACACCCAGGTCATCGAGGATTCGTGCAGCGATGGCGTAGTCTCGCTCGTCGGCTCCGTGTCCAAGAATCCGGTTGGCCTCGACGGTGTCGTACCCGTCGTCTTGGAGGTTGTAGGCACGGAGCTTACTGAGAAGGCCGATCCCACGTCCCTCCTGACGCAGATAAAGAAGGATCCCTCGGCCGTTTTTTGCAATCCGT
CP030361.1_gap52	1963299	1963940	641	GAGTGGCCTTTTGCTTCCCTTGCTCCATCACCTCCAGACCGGGATGGAACTCGAACCCGCGCTCCAAAAAGCCAAGGGCCGGGTCTCCGAAGCCCTCCGGGCCCTTCAACAGGACGAGGGAGACAATCCAGACGCCACCTTCTTCGAGACCCTCGAAGAGGAACCGACCATGGCTGAGGTTCAAGAGTAGCCGCGCCCAGCCTCTTCCCCCTCTCAAATACGTGTTGCCTCATGCCCAACGATGCGAAGGAGAACTCGAACCAGTCCAAGGCCACCATCTACGATGTGGCCGATCACGCAGGCGTTGCTATTTCGACCGTCTCGCGGGTGCTGAACGATTCGGAGGACGTGGCCGACCAAACCCGAGACAAGGTGGTGCGGGCCATTCAGGAACTCCAGTTCCGCCCGAACCGGACCGCAAAGTCGCTCGCTCAACGCTCCACGCGGACCATTGCCGTGGCGCTCCCCACGTTCACGACGCCCTTTCACAACGAACTGTTGAAGGGGGTGCGTGACCGGCTCGACGACGAGGACGTGGATCTGTTGCTCTGCGACCTGGAATGGGAAGCGCCGAAGCACTCCCTCCGCAGCTTTCTGGAGGGCGGCGCCATGGACGGGCTCCTGCTCGTGGGCGTGACCCC
CP030361.1_gap53	1981466	1985938	4472	ACGTGTGGCCGTCCGCCCCTCCCGTGCCCTCCGTCGATGGCACTCCGTTCAACCTCACTGGCTCGCTGCAGGGCACCACCGCCAACGCTCCGGCCGGCCCCCGCACGTTCGACCTCACGACCCGTCTCGTCATGGAAAGCCCGCACGGAGCGGTCCGGGGGTCGCTGGCAGTGGCCCGGTCGTCGGCTTCCGGCCTCTCGTACAACGGCACGCTCGAAGCGGACAGCCTCAACCTTGCGCCCCTGACCGGCCGGCCGGCCCTGACGAGTCAACTGTCGGGCCGAGTCGAGGGCAGCGGAACGGGCATCCAACTCGGCAGTCTGCAGGGCTCGGTCGAGGTGTCCCTCGCAGGCTCTCGGGTTGCCGGGCGCTCCTTTGCCTCCGCCGACGGCACGCTCTCGATCGACGGGGACAGCACGAATGGCACCCTCAGTGTTCGGCAGGACAACGGCGGACGGCTTTACGTGAACGGGGCGGCCCAGGACCTCGATCGCCGGCCGTCCTATACGGCCACCGTGACCGGCTCCGACCTCGATCTGGGATCCATCGTGGGCCCGACCGCCCCCTCTACCCAGTTGAATGCGCGCCTGACGGTCGGGGGGCGCGGGGTCCAGTGGCGTTCCCTCGCCGGGACGGCCGTACTACAGGTGGACAGTTCTCGGGTGAATCGGGGAGACAGCACGATGACCTTGCCCCCGCACTCCGTCGCCCTCCGGCTGGCCGACCGCACCGCCGGGCGCCCGCGTGTGGAGTTGAGTGGCTCCGTGCTTCGTCTCACCGCCGACGGCACCTCGCTCGGCCCGCCCCTCTGGACGGCCGCCCAAACCTGGGGCACGAAGCTCCGACATGCAGTTCGGCGCGAGCGCGACAAGCCTGTGCCCTCTCGCCAACAGTCCTCCGCCCAGCCCTCCCTCTACCTGCCAATAGATGCCTCATCGCGAGCCTCCCTCCAGTCTCGGGGTCCCCTTGAGGCTCGGGCTGAGATGCGGATTCTCCAGCCGAAAATCGTGAGTGCCTGGTGGCCCGCCTTTCCGGAGGGGACCGAAAACCTCACCGCCGAGGCTCGGCTCTCTGTCGGCTCCGATAGCCTCTACACTGCCGGGCACGTTTCGGCCGATTTGGTTCGGGCCGGCCCGAATACCGTAACGGACCTGCGGGCCGAGTACGACGTGTCCAGCCACGTCGATGCCCCTCTCGCGCAGTCGACCCTAGCGACGGCAACCGTCTCGGCCGGACGGGCGACGCTGGGGGGGCCCGCCCTCAAGAACACCGCTGTTTCGCTCGCCTACGGGGGCCGCACCGGACGAATTCAGGCACGGGCGGACAGCGTCGGGATCGCCGATTCGGTTCGTCTGTCCGGGGGGCTTCGCGTTACGCCACGGGCCAATGAGTTGCGCCTCCGGAAGGTATCGGCGAGCATCGGCGGCAATGAGTGGACCAATGCCGCACCTGCGTCTCTGCGGGCCTACTCGGATGCCTTCGTCGTCGCCCCGCTTACGATTCAACAGCCCCACCCCGACACCCCGTCCCTACAGACGATCCGGATTGGCGGCACCGTCTCGGCACGCCCCTCAGATACGTTGGCCGTGAAGGCCCGGAACGTCTACCTTCCTCCCCTCTCGCGAGCACTGGAGCTGCCGCAGCTCATCGGTGGCAACCTGGACGGCACGGTTCGTCTGCGGAGCGCGCTGAGCCAACCCGAGCTGGCCAGTGACCTGGCCGTGCAACGCCTGTCCTTCGACCGCCGCGTCCTGGGCTCTGCCCGCCTCCGTGTGGCCTACGCCGCCCGGTCCCCCGATCTCCGTGTGGAGGGGCGGCTCCGCTCGAAGGCCCAGACCATGAAACAGCTGACGGGCCCGGCGCTGGTTCCGTCGGGCGCACGAACCGTGGAGCCCAACGACATTTCCGTGTCGGGCCGGGTGCGCCTCCCGGAATGGGCACGCGCAGCACCCCCCGAACGGGCGTCGGCCCTGCCGCCGGGAGAAACCCTCGACCTTTCGGTGGATGTCGAGCGCGCGGACCTCTTTTTCTTTCGGTACATCTTCGAGGAGCGCGTGGCCGGGGTGCGTGGGTTCGTGAGCGGCCCGCTTCATATCGGGGGCCGGGTCCTAGATCCTCGGTTTGAGGCGGACTTCGACATCGTGAACGGGGCCGTCCGGCTGCCCGTCTTCGGCCTGGCCTACGAGGTGGAGGGCCCCGTGGAGGTGGACAAGCGCGGCATCCACGCCCGCACGCTCCGGGTTCAGGACGAGGAGGGGACGGCCACCGTGGAGGGAAGCATCCTGTTCAACGACTACCAGTACTTCTCTTTCGACCTATCGGCCTCGCTGGACGGCATCACGGTGATCGACGTATCGCAGGCCGAGGACCTTCCCTTCTACGGCCGCATTCGGGGGTCGGGCCCCCTCCACCTCAACGGCCCGCTTCCCGACGCCACCCTCGAATCAAACGCGGCCCGGACGACGCCGGACAGTGAACTGTACATCCCCGTCTCCGGACGGACGGTGGAGGAGGACGCGGGCTTCATCGTCTTTGCCGACTCCACGGGCCGGACGCCCTCCGTGTCGCAGTTGACGCGCCGGCCCAATATTCTGGCCGACCGCCCCGCCGGTGTGCCCTCCTTCGTTGAGGGCCTCAACCTGGACCTCAACGTCATCGCCCCGGACGAGTCGACGGTCAACCTCGTCTTCGATCCACTGGTGGGGGACGTGGTGACGGTCGTCGGCTCCGGCCGGGTCCAGTTGCAGCGCGAAGAGGGCGATTTTTCGGTCTACGGGAGCTTCGACGCGACCAGCGGCACCTATTTGTTCACGGCCGGAGAGGTCTTCGTGCGACGCTTCGCCATCAACCAGGGGACGATTACCTGGGACGGAAGCCCCACCAACGCACAGCTGGACCTGGATGCCGAGTACCGTACCCGGGCCTCCCCCTCCGGACTGCCGGGCTTTGACGGCTACAGCGGACGCATCCCCGTCACGGTTCAACTGGCCATCAGTGGCCGGGTGGCCTCGCCCCAGGTGGACCTGAGCCTGTCCATGACGCGGAGTGAAGAACGAAACCTGATTGGCTCCGAGACCCTCGACGCCGTTCTCAACCAGCCCGCCCGGACCACGGAGTACGCCACGAGCGTGCTGCTGACGAACACATTTCTCCTCACCACCGAGTCGATCACCCAAAGCAGTACGGCCCGATCCGACGGCGAAGGCAATCAGTTGACGACGGCGGGCAACCAGCTGGCGTTCAACAGCGTGTCCCAGCTCGTGTCGAGCCAGCTCAATCGGTATCTCGGGGAGGCCCTCCCGAACGTAGACCTCAACTTTGGCGTGCAGGGCGAAGACCCAAGCAACCTGGACCTGATCTATGGCGTGGCCCTGCGCCTGCTCAACGAACGCCTCATCATCCGGGGCGAAGGGGTCTATACCAACGACGACCCGGCCGACTCCGACGCCCAGCGCGCCGGCGGGCCGCAGGGGGAATTCGTGGTGGAGGTGCGGCTCAGCCCCAGCGTCAGTGCGAAGGTCTTCTACCGACGCACCGGGGACGAGCTGACCCCGAGCCGCGCCCTTACAAGCAGCCGCGGGGCCGGCGTCTCGTATCAGACCCAGTTCTCGACCTGGCGAACGCTCTTCCACAGCATCTTTGGCTGGATGTTGCCGACCGACCCTGCACCGGACGACGAGGACAACCCCGCCCCCGATCCGGTCGCGCAGAGCGCCCGTCCCCCGTCCGATTCGACGGCCGCCCCCGAGGCGCAGCCCCCCTCCGAACAGAACGACCCCGTATGACTTTTTCGTGCGGTTCGAACGCCGACGGGCAGGCGGTCGTTGCGACACACGAGATTCATACTGTTTCCTTTTTTCAGCACAGAACCCTACTGCCATTACGGAGACGCAAGTTGACAGCCTTCGACAGGACATCCTCGCCTTTCTGCAAGAACATCCTAACGACGCCCACCGCTCCCACGAGATCGCGAACGGGCTCGGCATTGAGGACAATGAAACCTACCTCCAGTTCTGCGACGTGCTCGCAGAGATGACCGCCCAGCAGCTCGTGGAGCGCGACGGCCGAAAATACAAGACCAAGGCCACCACGCGCCAGCACACCGGTGTCCTCCAGTGCCACGACAAGGGCTTTGGCTTCGTCCAGGCCACGGATCAGGACGAGGAGTTCTTCATCCGGGAGGCGAACATGGGAGAAGCCCTCCACGGGGATCTCGTTCGCGTGGCCGTGGCCGCCCGGGCGCCGGAAGACAAAAAGCGCGAGTGTGAAGTCCTTGAGGTGGTCGAGCGGCGCTGCACCGAGGTGGTCGGCACCTTTCACCACCGCAGCGACTTCGCCTTCGTGGAGCCGGACGACCAGCGCATCCTGCAGGACGTCTACGTCGCGCCGGATGCGTTCAGCGGCGCGAAGGACGGCGAAAAGGTCATGGTGTCCATCGACCGGTTCGACGACCGGAAGGCCTCCCCCGAAGG
CP030361.1_gap54	2000498	2002943	2445	TTCGGGGGCCCTCAAATTCGTCCGTGGCTCACGGGTCTGAGAACGCCTTCCATCGCAGCGTGACGCCCTCACGGTCTTCCATTTATCACGGTCTCCCCCCCTTTGAGAGTCCGTCTGTGCCCGACGGGAGTCGCGATTCTGACTACCGTTCCAGCTGTTCGAGCGTGCGTCCGGCGTCGTCCGTCCACTCGCTCCATCCATTGCTCGAGCGGCCGAGGACGACGCCAGAGGCGGCGCTCGGGGAGTTAAAGGCATGATTCTCCCGAAAGACGAGCCGGTCGTCCTGGCGTTGCAGAACCCCATCTGCCCGGAGGTTCTTTCGCCGTTGCTCGATCGCCTCCTGCGCCGACGGAGTCGTTTCCAAACGGGCCGCCGATCCTTCAAAGACCACGAGGCCGTCCTCGGTGTACTCCCCCGTGGCCTTCGCGCCGTTCCCTTGACAGTACAATTTGGGCTGTCCGCTACCGGTATCCTTCTCGGTCGGAAGCGGGTTGAGAATCGGAAAGCCAAGCATCGAAAGAAGCGTCTCGATGGTGCCGAAGTTGTCCCGAAGCTCTGCGAGCATCGCCTCGGGAATGTGCGGCTCCGCGGGCGTCTGGGTGTTTTGGAGCCGGAAGCGCTGGGCCTTCTGCGCCGTCCGGATGCAGTCGTATTCCAGGCGCCGGGCGTGGGCTTTTGTGAAACTGCGGGTCTTCGACGTGATGGTGACGGCCGTCGTCCAGAAGTCTTTGCGCCGGTGATGCCCAGCGACCCGCTGTAGGCAGTTCTCCGCCTCTCCAATGTACGCTGGGGGCTTGCTCGCATCGTCCCCCACCTCCCCAAATAGGAAGTACACCCCAACCCGATGCACCTCGTCGCGTCGTTCGGCCGCGTCGAGCTTCTGGCGGGGAATCTGCACCGCCTGGACGGTTCGACTGGTGATTTCGGCAACCCGGAGGCTTTGGGCATTCCCGTCGGGAAGAAAGATCTGTACAGTTTTTGGACGAGCGTCATCCATGGGAGGCGAGCAGATCAAGCGGTTAAATACAACGGTAGGCGAATGGCCCCGTCGAGAATCCGTCCCGTTCACTTCTCGTTCAGTCTCTTGATCCTCATCGGGGGAACGGGCAGGAAGCATTCCGTGGGCTGAAAGCGAAGGTCGATGGTTCAGCTGGGCACAGGTGCGTGCGCAGGCGACGACACAGTCGATTGGGCTTCACAGGCCCACCGGGGACGGCCACTCTCCTCGTGATCGGCTACACGGGAACGAACGTAGGGTTATCTGGCCCCCGGGTGCATTTAGAAAAAACCATAGTACCAAACTACATTTTGCAATAACGGCACTACGGTTCGGAAAACGTCGTCACACGCGTGCTGCCGTGAGCCGAATCGGGGGCACTCTCGTCATCGCCTGGTAGCGACGAGTCCAGTGCACGCCACACGATTGCCGCAATGGTGCCCCCCAGTGAACAGAATACACGTCAGAAGAAACACCCGGGATCACTCGCCTCGGGGCGTGCATGCCATCTACAGTCGGTCCATCTACAGTCGGTCGGTCAAGGCATCCGGAGCCCGTAGGCGCCGTGAATAAGCCCAACGCAAAGGTGTATCAGCAGCTTCTTGAGCTCGAACGGCAGGCCCGTCCCTGCCTTTTGACTCTCCCAGAGACTGTCATCGCCGCGAAGACGATTCAGCGCGTTGACGGCCGCTCCGCCTCCGTGCCGACGGTGCGTGTGATTGGTTCCACCGGCGAAAAGAGGGACATCCCACTCCGGCTCATCGAGAGCATCGAGCTCCCGGTATGATGGGTGGCCCTCAAGGAGGCGACACGACTGGTCAGTCGTCGTGTTGCTCACGGGCTTGCTGTTCCCTCGACCGGTCAGAAGAGGCACGTTGCTCACTGCCAAACCGTCTCTCGAGCAAAAGACCCGCCCATTTTTTCCTGTGCTGCTTCCTGCACTCTTCCCACTGAATGCCCCCCCGACGTGCGCACGCACCGCGGTCGTGGTGCTCACCGTGGCGCTCCTGCCACTGGCCGCCGAGGCGCAGGTGCTCGACACGCTGGCGACGGGGTCTGATTCAGTAGATTACGAGGTTGAGACGTACTTCGTGAAGGTGGACACCGCCTCGTTCTTCAAGCCGCATGACGACAAGAAGGCCGTCCGGGCCCTTCTCAACCGGACTGGAAGGGGACGATGCAGGGTGGTGACCGTAGTGCGCGCAGTTAACCAACGGAAGGCGAACGTACTTGCCAAACGCTACAGCGGGGGGGTCATTAACATGCGTCTCATCGTACGATGTGCACCGCTCCCCCCCACCCGATCTTCCGTTCCCACCCTCACACTAAGCCAAGGGCGAGGAGGGCCCCCTGAATCCAAACAACGAGCTGCATCGCTCCCGGCGTGGAGTACGAGAAGACCTAGTCTCTTCTCAGCAGCAATTCAAGAGCAGTGACAGTCTCTGTCT
CP030361.1_gap55	2007482	2012313	4831	AGTTCCGAGCACGGACCGCAGGGGCCAGTGTCGCCCATCATCCAGAAGTTTTCCTTAGACGGTTCGTAGAGGACCCGCTCTTCCGGGAGGGGCGTCTCCGAAAGCCACAGGTCGTACGCCTCCGCGTCGGCCGACAGGCCAAAGTCATCGTCGCCCTCGTGCACCGTGGCGTAGAGTCGGTCCGGCGCCAGCCCCCACCGCTCCACGAGGAGCTCCCACGCCCACCGGATGGCCTCGGCCTTGAAGTAGTCGCCGAAGCTCCAGTTGCCCAGCATCTCGAAGAAGGTGTGGTGGTACGTGTCGTGCCCCACCTCCTCCAGGTCGTTGTGCTTGCCGGAGACCCGCAGGCACTTCTGCGTGTCGACGGCCCGGGAGTACGGCCGCTGACCGGTCCCCAGAAAGACATCCTTGAATTGATTCATGCCGGCGTTCGTGAAGAGCAGGGTCCCGTCCCCGTCCGGTACGAGGGACGCACTGGGGACAACCTCGTGACCCTTCGCCTGAAAGAACTGCAGAAAGTCCTGACGGATCTCTTCGGAGGAGCGAGACGGGTCGGCGGACGACTGGAGGTGCGGATTCATCGGGTCGTGGGACATTCGGTCTTGGCTGAGTGGAAGAGTCGTACAGAAGTCGGGGTCACCGACGTATGCCCAAGCACTTCAAGTGATTGTCGAAGTTAAGGCCGGTGTTGAAATTCCCAACACTCGCGTGGAGCGACGGTCACACACCGTCACGGACGCCTGTGGGGGGCGAGTTTCGAGAGCGCGCATGAGTGTGGATCTTAGGGGCCCGTATGTACGGCTGAAGTCGCCGAGGATTCCCGATTGAGATCGTCCCTCTCGGACGCACAAGTGGGCTTATCCACTCGGGCTGGCCGGGGAGACAAACCGGTTCGCCGCCACGTACCACCGCCAGGAGCGCTCCACCCCCTTGGAGATGCCGATGCGTGAGGACCGGGCCACCTGTTCGTCGTCCACGGAGTCCTCGTCGGCAAAAAACAGCGGACGGGCCGTCAGGCGCGTCTGGTGAAACTCGCCGTCAATGCCGAACGCCTCGGCCAGCTTCCCGGGCCCGTTCGTCAAATCCACCCTGCGGTCGACGCCCCGCTCCGCCCGCATGTCCTGGAGGCCCTCCTCGGGCTCCACCGCCCGGACCAGCACCGCGCCCGCCGTCCCCTCCGGTTCCGTCACCACGTTGAGGAGCCAGTGGACGCCGTAGATGAGGTACACGTACGCGGTGCCCGGCGCGGCGAACAGGTCTTGGCCCCGCCCCTGACCGACCACCTCACCGGTCTCCGGATCACGCGAGAGGTGCGAGGCGTGGCAGGCCGGGTCGTCCTCCGTGTAGGCCTCCGTCTCCACGATCCGCCCGACGAGGCGGGTGCCCGTCGGGGCCTCGTGGACGAGACGGGCGCCCAACAGGTCCCGGGCAACGGAGACCGTAGGCCGGTTGAAGAAGGAGGCGGGAAGAGGCTCCATGTCAGGGTGAACAGTTGGCAGGGTGGTCGGTAGATCCGGGCGGCACAGGTATCTGCGCACTTGTTGCCCGATTGGTGTTATGCCCCCTCCCTCCTCGACGGCGACCGTCATGGACGCGGCGTTCAAAGCCGGCGCGTTGGAGACGCTCCTCCTCGACGTCCCCGAGGCGCACCTCCGCCTTCAGCCCCACGACGAGGCCGATCGCATCCAGGTCCGTGGCGCGGTGCCCGGCGCCGATGCGGACACCGCCCGCCGATTGTTCGACCGGAAGGAGATTTCCACACATCAGTCGGGCGACCGGTTGCACGTCTTCGGGCGTCGCGTCTCCGAGGGCATATCGGATTGGCGCAAGCGCCTAGGCCGCCCCACCGCCGTTCGGCTCGACGTCTTCCTCCCTCCCAGCCTGGACGTCACTGCCCAAGCCTTCGGTGGGACGGTCGAGTCCTCCGACCTGGCCGGCAGTGTCGACCTGACTGCCCCGGGCGGCTCGGTGTGCGCCACCGGGCTGACGGGGCCGCTCCGGGTTCGGGGGAGCGGCGGCGACCTCACGGTCCAGGACAGCACCGATGCCGCCCTTACCGCCCAGTGGGCGGCGGGCACCGTCCGCCTCGAACGCCTCCAGAACACGTCCGTCAGCCTGCAGGCACGGTCCAGTCCCACCACCGTTGAGGACCTGAACGGATCCGCCGACCTGTCCGTCCACGGCGCGGCGCTGACCCTCCGGCACCTGACCGGCCCCTGCAAGGCCCAGGTCCGAGGCGGGGCGCTCACCTACCGGGGCGCCCCCACTGAGAATACCATCCTTCGGGCGGTCGGCGGCGCCCTCCACACGCACCTTCCGCACGACCACGCCGCGGGCCTGCTTCTTACAGGCGCACAGGTGGCCCTCGACGACGACTTTGCGTTCGAGGGGGAACGAACGGCCCACCGCATCGAGGGCCGGCTCAACGGGGGCGGGGTCGCGTTCGAGGGGCGGGCCGTTCAGGGAGCGGCGCAGTGCCGCGCATTGTCCGGGGCGTAGTTGGGCGCGGGCCTTCTCCCTCAAGTGGTCCGCTCGATCGCCAGCGCCACGCCGCCGCCCGTCCCGTGGCAGATGGAGGCCATGCCCATCGTGCCGTCGTGCTGCCGGAGGGCGTGGAGGAGCGTCACCGTAATCCGCGTCCCCGACGCCCCGATGGGGTGGCCGAGCGCAATCGCGCCGCCGTGCACGTTCAACCGGTCGTACGGCACATCGAGTTCGCGGTGGAAGAGGATGTTGTTGATCGCAAAGGCCTCGTTGTTTTCAAAGAGGTCGTAGTCGTCCAGCGTCGTGTTGGTCGCGTCGAGCACGTTGTGGACCGCCGGGATGGGGGCCTCCGGAAAGCGCCACGACTCGCGCGCCGACCAGCCCCCGCGATGCACCTTCGCGAGCGGCGTGAGGCCGTGCGCGTCCACCGCGTCGGCGCTGGCGAGAAGCACCGCCGCGGCCCCGTCGGAGATTTGGCTGCTGTTGCCCGCCGTCAACACGCCGTCCTCCGCGAAGGCCGGCCCCAAGTTCGCGAGCCCCTCCGCCGTCGTGTCCGGGCGGATGCCCTCGTCCGTCTCCAGCGTCTCGGGCCCCGAGCGCGTGTCGTACTCCACCGGGGCAATCTCGTCGTCGAACCGGCCGGCGTCCGTCGCCTCGGCGGCCCGTTGCTGGGAGGCGGCCGCAATCTCGTCGAGCGCCGCCCGCCCGATGTCGTGCTCCGCACAGAGCCGTTCGGTCTGCTCGCCCATGGCGGTGCCGGTCTCCGGGTCACTCAGGCCGTCGCGATGCATGATGTCCTGCAACTGCTCGCCCCCGGGCGAGAACGTGTAGCCCCACCGCGCCCCGGAATCCAGGTAAAAGCCCGCGTCGGACATCGCCTCGGTGCCCCCCGCCAGAATGAGATCGGCCTCCCCAGCCTTGATCATCGTCGCTCCGTTCATGATCGACATCATGCTGGAGGCACACACCATGTCTACGGCGTACCCGTCGACGCTCTCGGGGATGCCCGCCTGGAGCGCCGCCTGACGCGGCACCAACTGCCCCTGCCCCGCCCGAAGCACATTGCCGAAGATGTACAGGTCGAGCCCGCCGCCATCGACCTCGGCACGGTCGAGCGCCGCCCGCATGACCGGCGCGGCGAGGTCGACAGGCGAGTGGGTTTTGAGGGCCCCGCCGAGGCGCCCCATCGGGGTTCGGGCGGCCGCGGCAATATAAACATCACGCATAGCGAAGCAGGGGAGTTGGTGAGAAAGCAGAAATGAGATAACAAAGAGGAGCGCGTCAGCCCTCCCGATCGGTCCGGAGCTGCTCCCGGAGCGCCTCCGGGTCCGTGACCGGCGCCTCACACCGGAACGCTTCGCAGACGTACGCGGCGGCCCGGCCGTCCACGGGCGTCTGCGATTCCGTAAACGGGGCGAGGGCCGTGATGTCCGCGTCGCCCGGAGGACGTTGCAGCGTAACCGTGGTCGGGGTGTAGTCGTCCCGAAGCACGTCGATCAGGGCATTGGTGTCGTCCGAATCGGGCTCGCCCGCCACCACGACCTCCCGCGGGGTGCCCAGCGCCCAGTGCAGCCCCGAGAGCATCGCCGTAAACCCGGTCGGGCGGCGCCGGGCGGTCGCCCCGGCCCACCGGCTCAACGCCGCCGCCCGCTCCTCAAACTCGGTGCGACCGGTGAAGCGGGCCAGCCGCAACAGGTTCATCAGCTGCACCGAGTTGCCGGACGGCAGGGCACCGTCGTTCGCCTCCTTCGGGCGCACGATGAGGGCCTCTCCATCCTCGGGGGTCATGTAGAAGCCGCCGCCCTCGGCGTCCCAGAAGCGATCCAGGGCCGCCTCCATGTGCTCGACCGCCGCCCGGAGCCAGTCGGCGTCGAACGTCGTCTCGTACAGTTCGAGGAGTCCCCAGATCAGAAACGCGTAGTCGTCGAGGGTGGCCTGGATGCCGGCCTCGCCCTCCCGGTACCGATGGAGCAGGCGCCCGTCCGCGTCGTGCATCGTGTCGAGCACAAACCGGCCAGTCTGGACGGCGGCCTCCTCGAACTGGGCATCGTCAAAAACGCGGGCGGCCTTCGCGAGCGCCGCCGTCATAAGGCCGTTCCAGTCCGTCAACACCTTGTCGTCGAGGCCGGGACGCGGACGCTCGGACCGCGCGTCGAGCAGGACGCGGCGGGCCGTTTCGAGATGGTCTCGGAGCACATCTACCTCCATTCCGCGCTGCTCGGCCGCCGCGGCGAGGGACTGGTCGCGGTGCAGCACGTTTTTGCCGGTCCGCTCGCCCGTGCGCTCCTCCTGATAGTTGCCCGCCGGCGACATGTTGTAGACGTCAATCACGAGGTCCGCCAGGGCG
CP030361.1_gap56	2021512	2026095	4583	CGACGAGCGTCTGGGTGCCCGCCCACCGCAGCGATCCCGGCACAGCCGGCTCAACCGTCAGGGCATTTTCCGGCGGGGGCGTCGCGTCCCCGAGCACCACCATCGGGCGGCTGAAGGTGACCGAGATCGGCTGCCGCTCCTGCAGCGTCTGGAGCTGTCCGCCCGGCGTCGCACTCAGGATGCGAAGCGGGCCCTCCAGCGTCGGCACGTAGTCCTGCGCTTGCTCGGGAGCATTGAGGTCCACTTGCTCGACGGCTACCTCGTCCCCGGACGGGGCGCCGCTTCCACACGCTGCGACGAGAGTGAGGACGACAATGAACGCGGCGGCCTGGAGGAGGCGGGTCAGCATTGGGAAGGCGAATCGTCAAGAAATGGGGGGGAGTGTAGAGGAGTGCGACCGCATCGGGACGTAGTGCGTAGCGCGTAAACGCTGCCGACGAGCGGTGTCTATGTACGCAATGCGAAATACGCAATACTCACTTTTCAGAGACGGTGGACCGATTGGGCGGACTCGTCGCCGCCACCACCCGAATCTGGACTGCCGGGCTCCGAACAGCCTGTCCCTCATGCCGCGCCCGCAGCTCGATGCGGTGCGTCCCCGGCTGCAACTGCCACATCGCCCGCCCGGCCCCGGAGGCGTGGCGTGTGCCGTCCACGACCCAGTGCACGTCCCGGAAGGCATCCGGCGCCATGCCCTTCAAAGAGAGCCGCTGATAGCGGTCGCGCAGGACCGGGTCGACGTAGAAGAGCGCCCCGTCCGCGGGGTCCCGGATGCGGAGGCGATCGGTGACCTGGAGGCTTCCCGCCGCGGCGGTCGGCGTCGGAGAGGCAGTGCGCGGGGCCGTCGGCGGCAGGGGGAGGTCGTGCTCGCGCATCCAGGCGTGGTAGCGTTCGGGGTACACCGCGTAGCGCTTCTGCTGCACGTGCCGCGACGCGGTGCCGGGAGCCGCGCGGCGGCCGGTGCGCTGATCGGTCGCAACGACGCGGTGGACGGTGCAGGTGTCCGTCGGCACTGTGCCGGACAAGAAGAGCTCACGGTGGGGGGCTGGACAATGAGCGCCGGGGCGTTTGCCGCTGGCCGGACACACCCTCGCGGGGGTAAGGCCGGACGGGCGCTCGAAGTCGCCCCCACTCCCCAGCGTCCGCATGATGCTATGGAAGAGGGGCGCGGCGCCCGCGATCCCGCTCATCCGGTCCATCGGCGCCCCGTCGAAGTTGCCCGCCCACACGGCCACCGTGTGCCGCGGCGTGTACCCCACCGTCCAGCTGTCGCGGTAGTCTTTGGAGGTGCCCGTCTTCACCGCCACCGGAAACGAAAATTCGAGCGGCCCGCCCCGCCCGAAGCCCGGCGTCCGGGCCGCCGGATCGTCGAGGATGTCTGTGATCAGGAACGCGACGGCGGGAGAGCGTCCGGTCTGTCGCGGCGCTGGGACATCGGGATGCAACGTATCGCCCTCCACGGTACGCGCCCAGCGCACGGCGTGCACCGGGGGCAGCGTGCCGCCCCGGGCCAGCCCCGCGTAGGCCCGTGCCAATTCGATCGGCTGCACCTCCCCGTTCCCGAGCGTGAGGCCGACGCCGTAGTACGACGGGGCGCGGTCGAGGGCGTCAAAACCAAACCGGTGGAGCGTCTCCAGGAGAGCGGCGGCCCCAAACTCGCGCGCCAGCCGCACGGCGGGCACGTTGAAGCTGGAGGCGAGGGCCTGCCGGAGGGGCGTGGGGCCGTGATAGGTCTCGTCGTAGTTTTCGGGCGTGAAGGCGCCGCTGGCCTCCGGCACGTTCAGCTCGATGTCGGCCAGCACCGAGGCGGGCGTATAGCGGCGCGACGCGAGGGCGTGGGCGTAGGTGAACGGCTTGAGCGCACTGCCCGGCTGCCGCAGCATGCGCACCCCATCGTTCCGGCCGCCGTGCCGCTTGTCCCAGAAGTCGGCGCTCCCCACGTAGGCCTGGATCGCCCCGGAACGGTTGTCCAGCACCACCGCCGCAGCGTTGGTCAGCGTCTCCTGCCGAAACGTCTGCACATGCGCCTCCACGAGGTTCGCCACCGTCTTCTGCAATGCCGGATCGATCGTGGTCCGGATCTCGGCCAGCGCCCGCGACTCGGGCCGGCGGTGCCGGAGCACCCAGCGCGTGAGGTGCGGCGCGCGGACGACGGGATGGGGGGCCTGCACGTCGATGGGCACCGCGGCGAGGCGCTTGCGCTCATCGGGGGGCAAAAAGCCCGCGTGCTCCATGGCCCGGAGGACGCGGTGCTGTCGTCGCTCGGCGCGTTCGGGGTGGCGGAACGGATCGTAGCGACTCGGGGCGCGGGGCAGGCCCACGAGAGTCGCGGCCTGAGCCGGCGTCAGGTCGCGGGCCGGCTTTCCAAAGTAGAGCTGCGCGGCGGCCTCAACGCCGTGGGCCCGATTGCCAAATGAGACCCGATTGAGCCAGAGCGAGAGGATCTCCTGCTTCGAGCGCCGCAGCTCCAGCCGCAGCGCGAGATGCATCTCGGCGAGCTTGTTGCCGACGGTCGGCGGCGGATTGCCACGCAGCTCCTCCGCCACCTGCATCGTGACGGTGGATCCGCCGCTCACGATGCGGCCCTGTCGCAGGTTGCTCCAGAGCGCCCGCGCCAGCGCCACAGGATCGACGCCGGGATGCGCGTAAAAGCGCCGGTCCTCGATTGCAAGCAGGGCGTCGACGACGCTCGACGGGAGACGTTCCACAGAGACCGGCTGGCTCCGCCCCTGCGGGTGTACGGAGCGGAGCAGAGCCTGGCTGCGAGCGGTGACGTCCAGGCTGGTCCGACGGGCGTCGGGCGCGATCGTGTCGGGAAGGGGCCAGAGCAGGGACAGGAGCCCAGCGAAGAGCAGAAGAGCGAACGCGCCCCAGAAAGGATGTTGGCGGAGCACAGACACGACTTCGGAGGCGAGGGTAGAAGTCTAGACGACGAGAAGAACGACTTGCAGCAAGTAACACCGACAGACATCCCAAATCAACTGCTCGGACATGATCGTGAAGGCTTTTCACTGCCCGGATGGGTCTGGACCGTGAGGGACGACAAGCCCCACGTGCACGTCCATCACATTTGTATGGGTCGGCCCCGGGCGCAGGAGGTGATCGATGGCGTCAAAGAACGGGTACGCATCGTTCTGCCGAAGGTGATCTTTGGGATCGCAATCGACGGCGCGGGCCTTTTCGGTCGTCATGGGGGTCGCCCAGGCCCCCGCCGCGTCCGTCGGGCCGTCGATGCCGTCGGTGCCCCCACTCAAGAGCACCGTCGGCCGGGACGCATCCTCCATCGCCAGGGCAGCGCCCAGGGCCACCTCCTGGTTGCGCCCTCCCTTGCCATCGCCCGTCACCGTGACCGTTGTCTCTCCCCCCCACAGCCAGCAGGTCGGGGAATCGGGGGCTGCCTGGAGCATGGCCTGAACGTGTGCCTTGCCCACCGACCGCGCCTCCCCTTCTACCTCTTCCGCCTCCTGTCGCACCGCATACCCACGCGCCTCGGCCGCCTCCCGGGCCGCCGCGAGGGCCGTCCGGTTGGTTCCCACCAGCGTGTTCGACGTGCGCTCGAAACAGTCCGCCTCCGGGCCGGGCGTCTCTGGATGACGCCCGCGTGCACCCGTGCTGAGACGCGTGCGCACCGGGCCCGACACCTCGGTCCACAGGTCCCGCGTGTAGAGCACGCGCATGGCATCCTCGTACGTGGTGGGATCGGGAACGGTAGGCCCGCTTGCAATAACAGACATATCGTTCCCGACGACATCGGAGACGATGAGGCTGCCCACATCCGCCGGGGCCGCCGCCCGGGCAAGCTGGCCCCCGCCCATCTGCGTCAGGTGCTTGCGCACCGCGTTCATCTGCTGGATGTTCACCCCGCTGCGCAGCAGAAGGTGGTAGGTGCGCTTCAGGTCCGCGAGGGCCATGCCGTCGGCCGGCAGCGTGCCGAGGGCCGTCCCGCCCCCCGACACCAGCACGAGAAGCAGCTCGTCGGCCCCCGCGGCTTCGGCCTGCTCCACGATGCGTCGGGCCCCACGCACCCCCGCCTCCGTCGGGAGGGGGTGGCCGCCTTCCACCACGGTCCCCATCGTGGGGGCCGGACACGACGCCGGAAGGTGCTCCGGGTACCCCTCCGGCACGATGGCGTACCCGTCGGTCATGGCATCGCCGAGCACCTGCTCGACGGTCCCCATCATCGCCATGGCGGCCTTTCCGAGCCCGACGACGCGGATTCCCTCGTAGTGGCCTAACGGTTGCGGCGCCCACGCGTCCGGGTCGGTCGAATTGAGCAGGCGGTCGGCCTGTACGCGGCGGACGGCCGCACGGAAAATGGCCTTCGCGTCCGCGGCGGTGGTGTCGAGAAGATCCGGGGTTGACACAGTCGACTGCTCGCTTTGAGGAGGAAGATCGCGATTTCGTACACGTCGTTGTCGCCGGGAAGTGTCCCGCACGAGTCCCGGCGGCGAAAGATCGGCCGTGGGTTGGGGCCCGTTCCACGGTTCGATCCGGACCACATCGCGCACAGGAATCTCAATCGCGGCTCTGGGGTACAGAGCATCAAGTCAGGCCTCACGCGCGGCGTTGGCGCAGCGTGCACT
CP030361.1_gap57	2038881	2040965	2084	GCCCGGGGGGAGGGGGAACACAACCGGGACGTGATCGGGAAGATGTGCGACGCGCTCGACATCCCGATCCAGCTCGGGGGCGGCATCCGCTCCATGGATCAGATTGAGGCCGCCCTGGACCGGGGCGTGTACCGCGTCATCCTGGGCACCGCGGCCGTCCGCAATCCCGACTTCGTGGAGCGGGCCGTGGAGCAGTTTTCGGCCCGGCGGGTGGTCGTGAGCATCGACGCCCGCGACGGGGAGGTTCGCGTGCAGGGCTGGACGGAGGGATCCGGGCTCGACGCCGTCGCGTTCGCGAAGGACATGGAGCAGCGGGGCGTGCGCCGTCTCGTCTACACCGACATCAGCCGGGACGGAACGATGGACGGCCCCAACATTCAGGCGTACCGCACGCTCGGCCGCCAGCTCGCCCACGCCAAGATTACGGCGTCCGGCGGCGTGGGCGAGCACGACGACCTGCTCGACATTCAAACGCTCCTGCCCTACGGCGTCGATTCGGTGATCGTGGGCACGGCGCTCTACGAAAACCGCTTTCCGTGTCAGCAATTTTGGGCCTGGCAGGACAAGGACGCGGTGGACCTGGACACGTTCTCGACGGCGTCCCTCCGATAAGCCCCTCTTCGTTTGTCCCCTCGTCTCCTTTCGCCCCTGTATGCCCCTCGCAAAACGCATCATTCCCTGCCTCGACGTGGACGAAGGCCGCGTCGTGAAGGGCATCAACTTCGTCGACATCCGTGACGCCGGCGACCCGGTGGAACAGGCCCGCACCTACGACGCCGCCGGGGCCGACGAGCTGGTGTTTCTCGACATCACCGCCACGCACGAGGACCGCGACATCATGCACGACGTGGTGCGGCGCACCGCCGATCAGGTGTTCATTCCCCTGACCGTGGGCGGCGGGCTCCGCTCGGTCGACGACATGCGGGCGATGCTCCAGGCCGGGGCCGACAAGGTGGCCATTAACTCCGCGGCCGTGAAGGACCCGGACCTGATCGCCCGCGGCGCCGACGCGTTCGGGGACCAGTGCATCGTGGTGGCCATCGACGCGAAGCGGCGGGACGGCGACGGGCCCGCATGGGAGGTGGTCGTCCACGGCGGCCGCAAGCCGACCGGGCGGGACGCCGTGGAGTGGGCCGCCGAGGCGGAGGCCCGCGGGGCCGGCGAGATTCTGCTCACCTCGATGGACCGGGACGGCACGAAGGACGGGTACGACCTGGACCTCCTCCGCGCCGTCACGGAGCGGACCCAGATTCCGGTCATCGCCTCCGGCGGGGCCGGCACCCTCGAGCACCTGCGGGAGGGCCTCGTCGACGGCGGGGCCAGCGCGGTGCTGGCCGCCTCGATCTTTCACTTTCGCGAGCACACCGTGGAGGAGGCCAAAGACCATCTCCGCGACGCCGGCCTGCCGGTTCGGCCTGCCCTGAACAACTGGACCGACCGATATGCCCCAACGGACTGATTCCTCCTCCCCCACCACGGCCGCTCGCCTGCTGAAAGGAGCGGCCCTTGTGTTTTCCATGCTCGGGGGCGGGATGGCGGCCTGGGGCGTCGACAAGTGGGTGCGCTACCCCGAGGCCCGCGCGAGCCAGTTCGGGTTCGAGGCCCCGCTCTGGCCCGCCTTTACCCTGTTCGTGCTCGCCGCCACGGCCGTGGGGGTCCGGCTTCTCTGGATCGCGGCCGGGCGCGTCGAGGACGGCGAGGACCTCTTCGCACAGCGCCACCGTCGCCGCCGCTCCGACCCGCCGCCCCCGCCGGAGTCGGAGTAGCCGCTACGCCGATGCCAGCAGGGCCTCGAGAATGGACCGGGCCTGGCGGTAGATGCCGTCCCCCTCGCTCGCCCGCGGCCCCGCCACGTTCAGGACCCGCATATCGTGTTCTGCCGCCCACGCATGGATCATTGGCACCGGCGCGGGATCCGTCAGGCGAACATGGAGAAGCGGTTTCTTGCGCGCCTCAGCCTCCCGTTGCGTGAGCGCCGTCCCGCCCTCCAAGGGGCCGGGCGCAACGATGAGGGTCCCGTCGCTGTCCCGCACGTTCCACGCCGTCCGCTCTGCATACGCGTCCGTCGGCGTCTCCCGGAGCGG
CP030361.1_gap58	2043877	2045390	1513	CCTCCCATGAAAGTGACAGTCATCGGTGCCGGCAATGTGGGCGCCACCGTCGCCGAGTGTGTAGCCCGACAGGACGTGGCGAAAGAGGTCGTCATGGTCGACATCAAAGACGGCATGCCGCAGGGCAAGGCCCTCGACATGCGCGAATCGAGCCCCATCCACGGCTTCGACACCCGCGTGACGGGCACCAACGACTACGGCCCTACGGAAGACTCGGACGTGTGCATCATCACGGCCGGCCTGCCCCGCAGCCCCGGCATGAGCCGCGACGACCTGCTGGCCAAAAACACGGAGATCGTGGGCGGGGTCACGGAGCAGTTCGTGGAGGGCAGCCCGGACAGCACGATCATCGTGGTGGCGAACCCGCTCGACGTGATGACCTACGTCGCCTACGAGGCGAGCGGCTTTCCCACGAACCGCGTGATGGGCATGGCCGGCGTGCTCGACACCGGCCGCTTCCGCTCGTTCATCGCCGAGGAGCTGGACGTGTCGGTCCGCGACGTGCAGGCGCTTCTGATGGGCGGCCACGGCGATACGATGGTGCCCCTGCCCCGCTACACGACGGTCGGCGGCATCCCGGTTCCGCAGCTGATCGACGACGCCCGCATTGAGGAAATCGTGGAGCGCACGAAGGGCGCCGGCGGCGAGATTGTGGACCTGATGGGCACCTCCGCCTGGTACGCCCCGGGCGCCGCGGCGGCCGAGATGACGGAGGCGATCCTCAAAGACAACAAGCGCATCCTCCCCTGCGCGGCCTACTGCGACGGCGAGTACGGCCTGGACGACCTCTTCATCGGCGTGCCCGTGAAGCTCGGGGCCGGCGGCGTGGAAGAGGTGATTGAGGTCGACCTCGACGCCGACGAAAAGGCCCAGCTTAAGACCTCGGCCGGGCACGTGCACAGCAACCTGGACGACCTCCAGCGCCTTCGCGACGAGGGCAAGATCGGGTAGACCGGCGCGGTATGGACGGGGGGGATGCCCGTCCTCCTCGTCCTATCTCCGCACCTCGCGGAGCGGATCCGTCGGCTCGCGGTGCTCGTCCGGGTGGGCCTCGTCGTGCTGACGCGGCTCGAGATGAGCGGTGACGTGCACGTCCTCGTCCGGAAAGAGGGCGTCGACCCGGTCCTCGACCTCGTGGGACCGGGCGTGCGCCTCGTGGATCGGCATATCGCCCGGAAACATGAGGTGGTATTCGATCCACACCTGGTCGCCGGACGTGCGGTGGCGCACCTGGTGGAAGCTGGCGATGAGCCCCTCTTCCACCGCGGTGCCCAGCTCGTCGAGCAGGGCGGAGGAGGCCTCCCAGTCCGCCTCGTCCATCAGGCCGTAGACGGATCGGCGAAGCAGCCCGGTGGCCGTCCACACGATGTTGGCCGCTACCAGCAGCCCCACCGCGGGGTCGAGCCAACGGATGCCGGTGATCCATACGAGCCCAACCCCGACGATGACGCCCAGGCTCGTCCACATGTCGGTCAACACGTGCTCCCCGTTCGACTTGAGGACGAGGCTGTTG
CP030361.1_gap59	2066301	2069964	3663	CACAGTCTATCGGACTAATTGGGCCGTTCTCTCATGCCTCGACGCCGTTATGAGCTCACTGATGAGCAATACGAACGTATCGAACCCCTTCTGCCGGAGGTTAAGGGCCGGGGCTGCCCGTACAACGACCACCGAGAGGTCACGGGCGGCATCTTCTGGGTCCTGCGCTCTGGAGCCCCCTGGCGGGATATGCCTGAGCGGTATGGAAACTGGAAAACGGCATACGACCGCTTCCGGCGCTGGGCCGAAGACGGGACCCTTGAGTCGATTGTGCGGCACCTGCAGGGCGAGCTCGACGCCGAAGGTCGCATTGACTGGAGTCAGTTCAACGTGGACAGCACCATCGTTCAGGCCGCTCGGGCCGCTGCGGGTGGGCCGAACGACAGTAAAAAGGGGATCGAACCGGGCGAGACGAGGGGGTAGGCTCGGCTCTCGGATATGGACGAGGTGGGTTCTCGACCAAGATCCACCTACTGACCGACCGTCGAGGTATCCCGCTAGCGACCGTTCTATCAGCCGGTCAGCGCCACGAGTCGGCCTTCTTCACCAATCTGATGGACGAGGTGTCGGTCCCTCGACCTCGAGGACGGCCTCGGAAACGCCCCGAGGCAGTCGCTGGCGACCGGGCCTACGATGCCGATTGGATCCGGCAGTGGTGCGCGGACAAAGGCATCGAGTCAGCGATCCCGGCACGTGAAAACATCCGAGACGGTCCGGGGCGTCCGCCGACCTGCGATGACCAGAGGTACCGCGACCGAAATACGGTCGAGCGCTGTGTCGGCCACCTGAAGGAGCGGCGGCGCCTGGTAGTCCGGTACGAGAAGAAAGCCAGCCATTACAGGGCCATGATCCTCTGGGCGTTCGTCGAGGAATACCTGAGCAGATAATTATCAGACAGTGCCTAGTGCGGAGATCGTGGTTCCCTTCCGGAGTCCCCCAACTTGCGACGGGCCCAGTAGGATTTGATCGAATCCCAATTTTACTCGTGGGGGGTCCAAGGTGCGGCACCATGACAGAAGCGCTCGTCCGGGCGTTCCCATACAGAGACTGACGGAGCAACCGGGTCTCGCCAAGCCATGGGTGGCGGGGCTCAACGCGTTGGCCGCCCAGCCGCCCATACAGGGGGGAATCGCGGTACATACTGCATGAACCAGAGGCGCCGTGGCACGGGGCGCGGGGATGCGCCCCGTGCCGGCGTCCTCAGAGGGGACATCGACAACTCCCCGGGAGAGTTGAATCTTCGAGGCAGGCCCGCATCCACGGACCTGCGGGGCCGGCCTTAGGTCACGATCATCGTGCCCTGCATGGTTGCCCAGTGGCCCGGGTAGGTGCATACGTAGCCGTACTTGCCCGACTCCGACGGCGTCGTGAACGTCACCGATACCGTTTCGCCCGGCTTCGAGATGTCCGTGGCCGCCAATACCGCAGGGTGGTCGGGGACATATTCGTTCGATGCGCCCGCCTGCACGCCGGCCTGTCCCACCTCCTTAAAGGTGCCCTGCTCCGGGGGCTTGTTCATCACGAGCACATTGTGCTGCATCGACGGGCTCGATGCAGTGTTCTCGAACACCAGCTCAATCTCCGTGTCCGCCGGCACCTCGAACTCCGTCTCCTTGTACTTCATCTGATTGCCCTGCGGGTGGATCGTCACCGTCTGGGCGCCGCCTCCGCTCGACTGCCCGGACGCCTGGCTCGCGGATTGGCTCGTGGACCCGGAGGAGGAGCCGCCTCCCTCTCCGCCCCCGCAGGCCGACACCAGCGATCCGGCGCCGAGGCCCGCAATGCCGACCACGCTCAGGCGCTGTAAGAAATCACGTCTCGAAACGTCCTGTTCATTTGCCATAGTGATGCAAAAACTTAGTTTGGGGTCTAGCCGAAGGATGTCAGGTCTCTGTGCTTTGAAAGCCCGCTGCAGTCACGGGGTCCTACCCGTGATTAAGACACCACGAAAAGTAGTTTACTCGACCACGAAGACCGATTGGAGCCAGACGCGCTTCGGCCCTTTTTCTTCACGACAGTAAGGTGAATTGGTAGATTAAGGTCCCACACGCGCAAGGGCATTGAGACAGGGACTCAACGTCGCCACCGTCTTTGTTCAACACTTCTCATTTGCGGGGGAAGTGCACGTGTGTCTAGTCGGATTAACATTGTGTGGTGGGTTTCCCCACACAGATAAATCGTCCACAGTCGTCCGCACCTCGCCCCCGCACCTGTGAGGTTGATGATCTCAGTCCTACGTTCGCCCGCTTGCTGGTCGCTCGTCCTCTGCGCAATTGGCCTCATGGTCGGCTTCGCCACGCACGTCCCCCCGCAGCGGTACATCGGGCGCTTTTCGACCGCCGAGGCCACCCCCGACGGGCACCCATCCGGGTGGCAGACTGTCCGCTTCGGGGACGTAGAGACGGAGACCCGGTACCGGCTCGTTGAACGACCGGTCGGGGGCGACTCCACCGCGGTCGTTCGTGCCGTCAGCGACGGCGGGGCCGCGGGGCTGGGGCGCGCACTGACCCTCGACCCGCAACGGTACCCGGTGTTGTCCTGGCGGTGGAAGGTGACCAATGTGCTCGACGAGGGCGACGCCCGAACCAAAGACGGGGACGACTATCCGGCTCGGCTTTACGTTACCTTCGACTACGACCCGAGCAACTTTGGCCTGGTCGATCGCGCCAAGTACGAAGCCCTCCAGGCCCTCGGGTACGACCAGATCCCGACTCGGGCCCTGAACTACGTCTGGGCAAGCCGGGTCGACCGGGACACCATTCTCCCGAACGCGTTCACGGACTGGGTGCAGATGATTCCCGTCGAGAGCGGCTCGACGAAGGTGGGGACGTGGGTTCGCGAACGGCGGGACATTCGTGCAGACTACCGCCGGGCGTTCGGGGGCGCCCCGCCGCCCATCGACGGCGTCGCCATCATGACCGACACCGACAACACCGGCGAGGCGGCCACCGCGTACTACGGCGACATCGTGGCCCGGCGTCCCCCCTCGGTCCAAGATTCGAACCTCGACTGGTCGGACCTGAACGATTGAAACCGCCCGGTCGGGTCGGTCAGCGGGGCCGGTTCTCAGAAGACCATCTGCCCCGGCACGGCCAGGGCGACCGCGGCGCTGTAGGCGTACGCGACGGCGATGGCAAAGGCCACGAGCATCATCATGCCAGGCGTTTGCCCTCGCCGGTCGTCGACGAGGCACCGTCGGCATCGGTGGAATGGGTGCGATCCCAGACCATGGCGTCGTTGGGGGCACGAGCACCTCAATGAGGGCGACGTCAAGTCTCTCTGGGACGGGCGACGGCCCCCATCATCCCCCACACGAAATCGAAGCGATAGCGGAACGCATCGGGCACATCGAAAGTGGCGTGCCTCAGCATCGTCGTCAGGGCCGGAAGGGTATAGCACGTCTCGTACGCCGGGTCGATATGCCGGAGCACCCGGTCCATGACGCGACACGTCCAGTAGTCCCGGCACCAGTCGAGGAGCACGAGGCGGCCGCCGGGCCGCAGGACACGGCGCACCTCCCCCAGCACGGCGACGGGATGGGTGAAGTAGTGGAACGTATTGGCGCAGGCCACGACGTCGAACGTGTCGCCGGCGAACGGCAACTCGTGGGCGTCGGCCCGCTCGATGCGCGCGTTCGGCACGTCGGCCAGTTTGTGACGCGCC
CP030361.1_gap60	2071318	2073239	1921	CGATGGCAATGCCGACGTCAGCCTGGGCCAGGGCGGGCGCATCGTTGATGCCGTCGCCCACGAACGCAACCGTCCGGCCCCCCGCCTGAAAGTCGTCCACCGCCGCGGCCTTCTCGTCGGGCAGCACCTCGGCCTGCACGCGGTCGATGCCGAGCTGGTCGGCAATGGCCCGGGCGGTGCGCTCGTCGTCACCCGTAACCATGGCAACCTCAATGCCCAGGGTGTGCAGGGCGTCGAGCGCCGCGGGCGTCGACTCCTTAATGGGGTCGGCCACCGCCACCACGGCGGCCAGCGTCCCGTCCACCGCCACGTACAGGGGCGTCTTGGCGGCGTCGGCCAGGCGGTCGGCCGTCTCTTCGGCCCCGGCGGGAATCGCAACGTCGTGCCGTTCCATGAGGCGGGCGGCCCCCACCGCGACATCGCGCTCCTCCACGGTGGCCCGCACGCCGTGTCCGGGGATCGCTTCAAAGTCCGTCGCGTCCGGCAGGGCGAGCTCCCTCTCTTCGGCCCGGGCCCCTAGCGCCGCCCCAATCGGGTGCTCGGACTGGGTCTCCACGGCGGCCGCCCAGCGGAGCACGTCCGTCTCCCCGAATCCATCTCGCGGGCGCACGTCCGTCACCTCGGGCCGGCCCTTCGTGAGCGTGCCGGTTTTGTCGAGCGCCACGAGGTCCGCCGCGTGGAGGGCCTGCAGCGCGTCGCCCTCCCGGACGTACACGCCCAGCTCCGCCGCGCGCCCCGTCCCCACCATCACCGAAATCGGCGTGGCGATGCCCATCGCACAGGGACACGCAATGATGAGGACGGATACGGCGGAGACCAGGGCGTATGTGAGCACCGGGTCCGGCCCCCACACCATCCAGACGCCAAAGGTGAGGGCGGCCGTCGCCAGGACGAACGGGACGAACACCCGGACCACCCGGTCGGCGAGCGACTGAATGGGCGGGGCCGATCCCTGCGCCTGCTCCACCATCTCTACGATCTGGGAGAGCACCGTTTCCTCCCCCACCCGCGTGGCGCGGAAGGTGAAGCTGCCCGTCTTGTTGATGGTACCCCCCACGACCTCGTCGCCCTCCCCCTTGCTCACCGGGTCGGGCTCGCCGGTCACCATCGACTCGTCGACATACGAGGAGCCATCCACCACTTCGCCGTCCACCGGCACCTTTTCGCCGGGCCGCACCCGAACCACGTCGCCCGGCCCCACGTCGCGCACGTCCACCTCGACCGCCTCCCCGTCGCGAATGATCCGCGCGGTGGTGGCCTGCAGGTCCAACAGCGAGCGGATCGCGTCGCTGGCGCGCCCCTTGGCGAGCGCCTCCATGTAATTGCCTGCCAGAATCAGAGTGATGATCGTCGCGGCGGCCTCGTAGTAGACGTGAACGGTTCCCTCCGGCAGCACGGTCGGGAGAAAGGTCGCCACCACCGAGTAGCCGTACGCCGCCGAGGTGCCCATCATCACGAGTGTGTTCATGTCGGGGGCGCCGCTCTTGAGCGCAGGCCAACCGTGCTTGTAAAAGTAGCGCCCCGGCCCAAACTGCACCACCGACGTCAGGGCAAACAGCACGTAGTACAGCGTCTGGGTGGACACCTGATCGGTGATCCAGGCCTCCATCGCCGGGATGTGCATGAAGCCCATCTCCAACACGAATACCGGAAGCGCGAAGGCCAGCGCCCAGAGGAACCGACGCCTCATCGACCGCTGCTCGTCTTCTCGGGCCTGGTTCTCCACGTCGGCACGGTCGCCCCCCTCTTCCGTCCCACCCCCCTCGTAGCCGGCGTCGCGAATGGCCTGCGTGAGGTCCGTGCGCTCGGTTGCACCCGGCACGTAGCGCACCGTGGCGCGGTCGGTGGCGAGATTCACAGTCACCTCCAGCACCCCCTCCACCGCGCCCAAGGCGTCTTCGACGCGGGAGACGCACGAGGC
CP030361.1_gap61	2086313	2091052	4739	TGGGAATACTGCTCATGTCCGGCGTCTCTCCGGGGGGCGGCAAGCTGCCGTGGTTTCTTGCCGGCTGTCGTCAGGGCCTGGGGGCCGTCTTGCTGCTTACCGGCACGCCGCCCTGGCACTCGGCCCGATGGCGGGCCTCCTGGCATCCACTGCGTCCTCCCAATTGATGCGCCCGTCGCATTTCCTCGTTCGTTGGCCCCATCCCTCACCCATGACGAACGCTCAAGAGCGTCTTATTGGTGCCCTCCTTCTCTTCGGGGGACTGGCCGTGCTCTTCCGAGCGGCCCTTCCCGATGCGGTCAGGGTCCTTCTCATCGGAGTGCTCTCGGCGGGCGTTGTCTTTGTAATTGCCCCCGCCTGGGTGCGGTGGCGGTGGACCACCCTGCAGGAGTGGCTCTCTCTTCGATAGCCCGGCGCTACTCTTGTCGGAGCACCCACCCCTTGGGATCCACCTGCACGTCCGCGCCCGCCGGAACCTGAACCTGCCCCTCCCCCCCAGTCATCGCCACCCGCCGGGTCGAATCTCGGACGCGGACCGGCACCGGCACCTCAAACGCGGCGTCGCCCGTGTTCGCCCACTGCAATCGGAGCGTTCCGTCCGCCCGACGCGTCTCCAGTACGGGAAGGTCGGATTGATAGAGGTAGACGTCAAAGAACGCGTCGAGCGACCGGCCCGAGACCGACTCCGCGAGCCGGACGAAGTCCGCTGTCGTGACGTGGCGAAAGGACGGCCCCTCGTCACGCGTGCGCCCCCCCGGATCGGCAAACCGGCGCAGGAGGGTGCGCAGGGCCTTCTCCCCGACGACGTACCGCAGCGTGTGGAGGGTGAGGGCCCCGCGGCTGTACACGTCGCCGTGATAGATCTCCTCGGCCGACGTCGGATCGCGGCGGGCAATCGGCGTGCCGCCGGTCATCGCCTGTCGAAAGTCGTCGATGCGCGCCCGGTAGGCGTCGTGCCCCCGACGGGCCTCCGCGTACAGGGCCTCCAGGTACGTGGCCGTGCCTTCGTGGAGCCAGAAGTCCTTCCAGTCGGCCACCGTCACGAGGTTGCCGTACCACTCGTGGGCCAGTTCGTGAAAGTGAAGGGCGTCGAAGGAGGCGCCATAGCCGAGCCCGCCGGGCGTAAAGTCATGCCCGTACGCAATCAGCGACTGATGCTCCATACCCAGAAAGGGCGACTGGGCAAGCCCGTACTTGTCCGCCCGCGGGGGGTAGGGCCCGAGCGTCTCCTCCAGGAAGCGCACCTGGTCCAGAAAGCCCGGCAGGGCGCGGGCGGCCCGGGCCGAGTCCGACGGGAGCACGTAGGCCGACACCGGCACGTCCTGGCCGCTGGTGCTGGCGTAGGTGGTGTCGAGGTGAACGTACGGCGCCGCGTTGAGGGTCACGTTGTACGTGTTGATCGGCGTAGACACGTGCCACCGGTAGGTCTCCGTCGAGTCCGACGCCCGCTCGACCGATCGGAGGCGCCCGTTGGAGGCGGCAACGAGCGAGTCGGGCACCGTGAACGCGAGGTCCATCGAGTCCGGCTCGTCGGAGGGATGGTCCTTCACCGGCCACCACAGGTCGGCCCCTTCCGTTTGGCACGACGTCGCGATCCAGGGCGCGCCCGCCGGGGTCTCCTCCCACGTCAGGCCGCCGTCCCAGGGCGGATTCGGGGCGACACGGGGACGTCCCTCGTACGCCACTCGCGCGTGGAGGGTGTCGCCGGCGGCATACGACCGGCCCAGGTCGATCCAGAGCTCGTTCCGGCCCTCCTTCCGCTCCACAGAACGACGTGTGTCCCGCTCTCCGATCTCCCAGGCCCGCCGCACGGACAGACGGCGGTCGAGATTGAGGACCAGGACCTCCAGCGGCTCCTCGACGACCGCCCGTACGTCGACCGTCCCTTCAATTCGCTCGCGGGCCGGGTCCACCGCAACGTCCAGGTCGTAGTGAAATACATCGTAGGCCGCCTGCTCAGGCGGGAGCGGCCCGCCCGAATCCTGCGCCGAGGTGGAAGAGCACCCCCCAAGCCCCGAGAAGAGCAGGAGCAGCACGAGGATCCGGACGGAACGGCGACAGACCATTGAGGCAGTGGATCGAAATGACAGAGCTTCCCCGCCGTCTGTCGTCAGGCCGCCGCTCATCGACCGGTCAAGAAGATTTCCGCGTACGCCCAGACGCTGCCCAGGGCGAACCCGCAGGCGCTCCCCACGAGCCCGACGAGGAGAACATCGAATAGAAAGAGGCCGGTTCCGTGCATCGTGAGCGGATCGTACAGAAACACGGACACAGTGAGCACCGCGCAGGCCGGGATCGTAATTTTATTTTTTTCGCGGATGAGCCGATATTCGCCGGACAGCCCCGACACGCGATCGACGACCTCTTTGCGCACTCGCACCTTCTCCGCACTGCGCCACCGCTCCGCGAACGACCGCCGTCGGCCGCGCCCGCTCGCCCCCTCGCCGTCCGAGGAGTCTCCGTTGCGGGCGCCCCGCGACCAACGCTCGTCCTCCGAATCGCTCAGGGTCTCGAAGGCCTCCCGGACCCGCAAAAACTCGCGCTGGGCCTCTTCTTTTTCCCCCTCGTCGGCCTGGTCGGGGTGGCACTCCAGCGCGCGTCGGCGGAACGCGTGCTTGATTTCCTCCTGGGACGCCCCCGGGTTGATCCCCAAAATGTCGTGGTACGTGCTCATGGCGCCACGCAACCGGCTGCAACGGACAGGACTCGTGCCCCTTCGTGGTTCGTTGAACCCGTCCGCGGACCGTCTGTTGCGGCGCGGTCAGTCCGCCAGCGTCTCCTTCATCTCCGCCAGCTTCATGAGCGCCTCGACCGGCGTGATTCGGTTCGGATCGATCTCGCCGAGCATCTCCTTGATCTCTTCCGCCGCCGGGTCCGGCTGCCCGAAGAGGTGCATCTGATTGGCCTGACTGTCCTCCAGGTCCGGCACCGCGTCGGCCTCGCCCTTCTTGGCACGCACCCCGTCCCCCGAGGGCGGGTCCTCCGAGGGCGGGTCCTCCGAGGGGGCCCCGTCCGCCTCGTCGGCCCCCACCTCCAGGTGCTGGCTCTCCAGGTTCTGGAGGACCTCCCGAGCCCGGGCGATCACCGCGTCCGGCAGGCCCGCCATCTTCGCCACCTCGATGCCGTAGGAGTGATCCGCGCCCCCCGGAATGAGCTTGCGGAGGAAGACGATCTCGCCCTCGTGCTCGCTCACCTGGATGCGGTAGTTGTGCACCCGCTCCAGGCGGTCGGCCATCGCGTTGAGCTCGTGGTAGTGCGTAGCGAAGAGGGTCCGCGCCGCCACCTCGGGCCGCTCGTGCAGGTACTCCACGATGGCCCAGGCGATCGAGAGGCCGTCGAACGTGGACGTGCCGCGCCCCACCTCGTCGAACAGGATGAGCGACCGGGCCGTGGCGTTGTTGAGAATGTTGGCCGCCTCGTTCATCTCGACGAGGAACGTGCTCTCCCCCGCCGCGAGGTTGTCCGACGCCCCGACGCGGGTGAAGATGCGGTCCACCACCCCAATCTGGGCCGCCTCGGCGGGCACGAACGATCCCACCTGCGCGAGCAACACGATGAGCCCAACCTGCCGCAGGGCGACGCTTTTCCCGGCCATGTTGGGCCCCGTGATGATGAGGACCTGCTCGTCGTCCGGGTCGAGGGCCATGTCGTTCGGAATGAACGGGTCGCCCGGGGGAAGCGTCTGTTCCACCACCGGGTGCCGCCCCTCCTCGATGTCGATCGTGAGCCCGTCGTCCACCGACGGCCGCGTGTAGTCGTGCTGCTCGGCCACCTCGGCCAGGCCCGCGAAGCAGTCGAGGTGCGCCAGGAGCTCGGCGTTCTCCTGCAGGATGCCCGTCTGCTGGGCGATTTGGGATCGGAGCTCGTTGAAGAGCTCCTGCTCCAGCGTCTCGATTTTCTCCTCCGCCGTCAGGATCTTCTCCTCCATCTCCTTCAGCTCCGGCGTCACGTAGCGCTCGGAGTCCACGAGCGTCTGCTTGCGGATGTAGTCCTCGGGCACCTTGTCGGCGTGGGTGTTCGTCACCTCGATGTAGTACCCGAAGACCTTGTTGAAGCCGACCTTGAGGGACGGAATGTCGGTGCGCTCGCTCTCTTCCGTCTCCAGGTTGGCCACCCAGTCCTTGCCCTCCTGCGCGATGGTGCGCAGTTCGTCGAGCTCCTCGGAGTAGCCGTCGCGGATGAGGCCGCCTTCGCTGATCTTTGCCGGCGGGTCGTCCACGAGGGCGCTCTGGATCCGATCGACCATCTCGGGACACGAACGCAGGTCGTCCTCGATGGCGCCGAGGGCGTCCGAGTCGGCGTCCGTCAGGAGGCCAAGGACATTCGGTAGGCGGCGGAGCGTATGCTTGATCGCAATCAGGTCGCCGGGGGCGGCGCGGCCCGTGGCCACCTTGCCGGCCAGCCGCTCCAGGTCGCCCATCTGGTTCAGCTCCTCGCGGAGGTCGTCGCGCAGGGTGCGGTCGTCGACGCAGGCCTCCACGGCGTCCAGGCGGTGCCGGATACGGCCCACGTCGCGGAGGGGGCGCACCAACCAGGCCCGGAGGCGGCGCCCGCCCATCGGGGTTTCCGTCTCGTCGAGGATGCTCACGAGCGTCCCCTCGTGCCCGTCGTCCTGGATGGACTGCACGAGCTCGAGGTTGCGCTTCGTCTCCGGGTCGAGCGCGATGTGCTCGTCCTTCGAGTAGCGCTTGATCTTGCGGACGTGGGGCAGCGCCCCCTTTTGCGTCTCGCCTAGGTAG
CP030361.1_gap62	2093478	2097710	4232	GGGGTTGCTCCGGACCGATCGAGGTACGTGTTGTCGCCCCTCCGCCCCGAGTCCGCAGTCAATCGGTCGAGGGACATGCTCCCCTCAATGGCCCCGAGGCGCCGCACCTGCTCTCCGCGTTGTATCTGAAGCGTCGGCCCCACCGACACCCGGAACGACTGATGCAGGGGGCCGTCCGACCGGAACGGCCGCCATGCCAGTGCTGGAGTAACGCTAAATCGGCGCTGGTCCGCCCACTCCGCGCGACTGCCGTACGCCCGTCGAATGTCCCGCTGCACCACGGCGTCCCGGCGGATCCCGACCCGCAGGTCCCACGCCGGCGTCAACGCCCAGCCGGCATGCGCCGCGATGCCCGTGGCGACCGGCGCCCGCTCCATGAACATCGCCTGGACCGACAGGCCTGCGTTCGAGAAACGAAGCGGCGACGAGTCGACCTGGGCCCGCGTCGGACCAACGGCCAAGAGACCACATAGGACGGCGATAATTCCCCCGAGACATCGCATGGCGGGACTCATCTTCGAGAGAAAACGATATTGCAGATGGAGGCGTCCAGAATCGGCCTCGCCTCGTGCGGAAGACGGAAGTGCCGAGACAAGTCAATTATTTGAGAACAAAAAAATTTGCTCCACACGGCGTCGCTCCCCAGTCGGAACGTTCTACTGACCGGAAGCTTTGAGACGGGTGTTGGCGCTGGGGCAAACCGCGTTGTTCGTCGCCTCTCCGAACCACCTCGGGCTACATGGTCTACGGCATCACTGGCAACCCGACCAAGGACGCGCTCTGGGCCCCGTTGGCAAAACTCATCGACCGGTTGACGGACGACGACCTTCCGTTTCGGATCCACGAGCCCATCGCCACCGGCCTCGTGGAGCAGGGCCTCGTCGACGAGGAGATGTGCCGCGCTCACGCCGTGGACGACGTGGCGGCGGCCGGCGATATCGTGCTGTCGTTTGGGGGGGACGGGACCCTTCTGCGCACCGCCCACCGCACGGGGCCGAACGGCACGCCGCTCCTGGGCGTCAACATCGGCCGCCTCGGCTTTCTCGCCGACATTGAGATCGGCCAAATCCACGACGCGATCGATGCCTTAGAGGCCGGGAACTACCGGACCGAGGAGCGGCTCGCCCTCCAGGCCGACCTGGAATCCGACTCGGGGCTCGACACGGAGTGGGCCCTCAACGAATTCGTGCTGGACCGCAGTGGGGCCGCCGGCCTCATCGAAATTGAGGTGGCCGTGGACGGCACTCCGCTAAACACCTACTGGGCCGACGGCCTCATCATCAGCACCCCGACCGGCTCCACGGCGTACTCGCTCTCCACCGGCGGCCCCATCATCACCCCCGGGGTGGACGCCATCATCCTGACCCCCATTGCCCCCCACACCCTCACGGTCCGCCCAATTGTCCTCCCGGCCGACGCGACGATCACCTGCCAGGTCCGTGAGAACGATCAGCCGTACGTCTTTGCCGCGGACGGGCAGAGCACGATGTTCGACGAGCACAACCTGGAATTCAGTGTGGAGCGGGCCAACCACGCGGTCAACCTCGTCAAACTCCCCGGCCAACACTTTTTCCACACCCTGCGCTCGAAACTGATGTGGGGCGCGCGCCGTTCGGAGGGGCCGACTGATCGCGGGCAGTCCATCTCTGCCCCACGCGACCAATCCCCGTTGAAGGGGGAGTGAAACAACCGGAACGGTCGTTGACAAGCGCAGCCGGAACCGGTACATTCGTGTGTGTTTTGAGGTCAGGTAGCTCAGGTGGTAGAGCAACGGCCTGAAAAGCCGTGTGTCGGCGGTTCGAATCCGCCCCTGACCACCCCGCCCCCGCTTTTCGCCGCCCAGCGGCGCAGAGCGGGGATTTTATTTGGGACGGGCGCTTCAACACGAAAACGCGGCCGCCGTCGATCGCATTCGGCAGGCCGAGAGCGGCGCGCTTCCGATTCCGGGTTGCCCGACCGCAGGCCGCCGCCGGCCCCTGACGGACGGTCCCGGGCCGGCCCGGGCCCACATCGCGAACAGCGTGCCGTCCCCAGAGCGCCCGCTTGTCCTGGAACCCGCTTGTCCTGGAAGACGCCCGGTCTGTTGATCCTCCCCCGCTCGACGCCGAGGTTGAGCAGTGCCCTTTCGCTTCCCACCTCACCCGCTTCCTACTCCGCAATGAGCTCCGACTACCGAACCGAAAGCGACTCCCTCGGGGACGTGCGCGTCCCCGCCGAGGCCCTCTACGGCGCCCAGACCCAGCGGGCCAAAGAAAACTTTCCGGTCAGCGACCTTCGGTTCTCCCGCCGCTTCATCGAGGCGCTCGGCCACGTCAAACGCGCCGCCGCCCGGGCCAATCAGGACCTCGACCGCCTGGGGGACGAGACCGCCGAGGCGATCGTCGACGCCGCCGAGGAGGTGATCGAAGGCCGGCACGACGAGGACTTCGTGCTCGACATTTTTCAGACCGGCAGCGGCACCTCCACGAACATGAACGCCAACGAGGTGATCGCCAACCGGGCGTCGGTGCTCTTGGGGGCCGACCGCGGCAGCAAGGCGGTTCACCCCAACGACGACGTCAACATGTCGCAGTCGTCGAACGACACCATCCCGACCACCCTCCACGTCGCCGCCCGGGTGGGCATTGAGCACGACCTGCTGCCGGCCCTGGAGGCCCTGCAGGGCGCGCTCGAGGAGAAGGCCGAAGCCTTCGACGACGTGCTCAAGAGCGGCCGGACGCACCTGATGGACGCCACCCCGGTGCGGCTGGGCCAGGAATTCGGCGGGTACGCGGCCCAGATCGAGCACGCCATCCAGCGGATTGAGCTGGCGTCAAACCGCCTCTCGGAGGTCACCCTCGGCGGCACCGCCACGGGCACGGGCCTCAATTGTCCGGAGGACTTCCCCGAAACGGCCCTCCAGCATCTCACCGACGCCACCGGGCTCTCGTTCTACAAGACGGGAAACCACTTTGCCCAGCAGGCCGGCAAGGAGCTCTACGTGGACGCCCACGGCGCCCTGAACACCCTCGCCACGGCCCTGCTCAAAATCGCAAACGACCTGCGCCTCCTCTCCAGCGGCCCCACGAGCGGCATCGGCGAGATCACCCTTCCGGTCATCCAGCCCGGCTCCTCCATCATGCCCGGGAAGGTGAACCCGGTACAGAGCGAGCAGGTGATGATGGTCGCCACGCAGGTCACAGGCAACCACCAGACCCTCACCGTCGCCAACACGCACGGCAACTTTGAGCTGAACGTGATGATGCCGGTGATGGCCCACGCCATGCTGCAAAGCATCGACCTGCTCGCAAACAGCGTGGACGCCTTTCGCGGCAAGTGCGTGGAGGGCATCGAGGCAGACCGGGAGCGCTGCCGGGAGCTTCTGGAATTGAACCCCTCCGTCGCGACGGCCCTCAACACGGCCATCGGCTACGACAAGGCCAGCGAGGTCGCGAAGACGGCCGCGAAGAACCGCGAGAGCGTCCGGACGGTCGTGAAGCGGATGGGGCTGCTCGACGAGGACGAGCTCGACGAGTACCTGGACATCCGGCGCATGACGCAGCCGGGCGTGCCCGGGGATGCGTAGTAGCTCCCCTCCTGTAGCGTGGGTGCCGCTGTAGCGTGGGTGCCGCGGCCGGCCGGGGCACTTCCCCCGGCAGCCCCGCGTTGTTACAATTCCCACACAGGGGGCGGTACGAAATTCCGGCAGCCGTCCGTTTAGGAGAGGTAGAAGGCCGGGTCGCGACGATCTGAGAGGCTCGACGCCGAGGCCTCGCCCCTTCATCGCGTTCTTTCCCTACGACTTTCCGCACGTTTAATGAGCACGCAAGGCAAAGTCTCTCTCGCCGTCGTTGTTGGTGGCGCCTTCTTGGCCGGCATCCTGTTTGCCACCGCGGGGGCCAACCTGTTTGGGGTGGGCGACGCCGTGGGCACCTCCAGTCAGGCCGCAAACCTCGATGGGTCTACGCAAATTGAGCAGCCTCCCCCCAACACGCCCAACGGGTTCGAGACGGCATTTTCGGAAGTCGCCCAGTCCGTCAACCCGGCCGTCGTCCAGATCCGCGCCGCCAAGGTGGTCGACCGCCGGATGCGCAACCCGTTCGAGGGTACCCCATTCGAGCGGTTCTTTGGGCAGCGCGGGCCGTCGGAGCCCGAGGTCCGGCAGGGGCTCGGCTCCGGGGTCGTCGTGCGCTCCGACGGACACATCGTCACCAACAACCACGTGATTCAGGACGCTGAGCGGTTGAGCGTCC
CP030361.1_gap63	2115779	2117087	1308	CGGCAAACAGCTCGTCGTCTTCCAGGCCCAGGGCCGCCTCGGTGGCAAACACGTCCATTTTGGCGACCGCCTCGGCGTCGTCCCGGTCCACGATGCCGTCAAGCCCCAGAATGACCGTGATGCCGCGCTTCGTCTTCTGGTAGCGGACCGATGCGATGTCGTGGCGTACGACGCGACGCGGATGCGGCCCCACAAACACCGTGGGCAGCACCTCAAAACGCGCCGGATCGTCGGTCGCGGACGGGTCGATTTTGAGCTCTCCGTCCAGCCCGTGGGGGCGGAAGATAAACCCCACCTTCACGAGGTCGGTCGGCGGGACGTCCGCGAAGTCCGGACCCGGATCCGCCGAATCGTCGGGCGTGGAGGCCGTCGGGGGAGGCATAGCACAGGGGCCGAAGGCCCCGCTCGGGACTACTCGTCTTCGGGCTCTTCGTTGTCGTCGGCGTCGGCCGACGCGTCGGTCTCGTCCGCCTCGTCCGCGGCGGCCTCCGGCTCGTCCGTCTCGGAAGCGGCGTCTGCGTCCTCGGCGTCCGCCGTCTCGACGTCTTCGGCCTCTTCGGCCTCCGTCTCTTCCTGAACGGCCGACAGCGGGGTGGCCTGGGCGCGCAACTGGGCTTCCTCGTCGATCTCCTCGGCCCGCTCGCGCTCCCGCTCCAGCGGGTCCTGGCCGCGTGTGCCGACGGCGATCTTCACCTCCTCGCCCTGCTCGGCCATGCGCTCTCGAAACTCTTCGACGGCCGACTCGATCTCGCCCGGCGACTCGCCCTTCTTCTTCAGGTGGTGATGGAGCAGGAGGCCCCGGCGGCGCAGGATGGACCGCACCGTGTCGCTCGGCTGCGCCCCGTTTTCGAGCCAGTAGAGGGCCCGGTCTTCCTCCAGGCGCACCTCGGCGGGTTCGCGGAGCGGAAAGTAGCGGCCGATGTCCTCGATGTAGCGGCCGTCCCGCGCGTTGCGCTGGTCGGCAGCGACGATCGAATAGACCGGAATCTTTTTGCGCCCAATGCGGCGCAGTCGAAGCTTAACAGACACGTGTTCGTTCGGGTGTGTTCAGTTCAACAATCGTGAAAGGTGCGCAAGCAGTTCTACCGGCGGCCCTCGTCCTAGCGTGGACTCCGACTCTGGCCCCCACCGCCCCCCGTAATCTTATCCATGAGACTCGAGATGTCTACGTCCTGCCCCTTGCTCGTCATCTTCTGCATCGTCTTCATCATGTCCTTCATCTCCTCGAACTGGCTGACCAGCTGGTTCACGTCGCGGACCTCGTTCCCACTCCCCCGGGCGATGCGGCGCCGACGGGTGCCGTTTAGA
CP030361.1_gap64	2119955	2123692	3737	GCGCGGGGCCGGGTCCCCGCAAGGGCCTCCTGCATCGACGCCGGATCGAGGTAGTCTTGAATCGCGGCGTTCACCTCGTCCAGCGTAAGCGCCCGAATTTCTTCGGGAAAGTCGTCGAGGTAGGCGACGTCGAAGCCCCGCTCGGCGTTGGTCAAGATGGACTGGGCCAGGCGGTCGGTGGTGGCCAGGCCGACGGAGTACGAGCCGGTGATCGTCGTCTTCTTCGCGTCGAGCTCCTCCGCCGTGGCCCCCTCCGCCACGAACTCGCGGATGACGTCCGTCGTCGCCGCGATGCCCTCGTCCACGGCGTCGTGGCTGAGGGTGACGCTCGTCTGCCACGACCCGACGTACCGGGTGCTCACCCCGGATAGGCTCGACCGGATGCTGTAGGTGAGCCCCATCTCGTCGCGGACGGTGGACATGAGGCGCGCCGCAAAGTTGCCGCCGAGGATGTAGTTGCCGACGTAGAACGCGGGGTAGTCGTCGTGGTCCCGTCGGATGGGGACCGCGTGGCCCAGGCGCACATCCACGTTCGACTTGTCCGGCATCGGGACGGTGGTGCGGCCGACCTCCGTAGAGACCGCATCGGTGTCGTGGGTGGCCGGGGCGTCGTGCGGTGCCCACCCGGCGAACGTCTCGTCCACGACCGAGGCCACCGCGTCGTGCTGAAGGTCCCCGACCACGGCGAGGGTCCACTCGTTGGCCCCGAAGTGGGCCTCGTGGTAGTCCCGCACGTCCTGCACCGTGAGGCCCTGCAGCCACTCCAGCACCGTTTCCGGGGCCGGAGAATAGTTCGGGTGCCCCTCGGGAAAAAGGCGCTGCGACAGGGCCGTGGAGGCCTGCGCCGACGTCTTCTCCATGCGGCGCTGCAGATCGGCGGCCACCTGCGCCCGGGCCTTCCGAAATTCTTCGGGGTCGAACGCCGGGGCCCGCAGCATCTCGGCCGCAACCTCCAGGACCCGCGGCAGGTCGTCCACCAGCGCCCGGCCGGACATCTCCACGAACAGGCCGTCGCTCGACAGGTCCAGCTTCGCGCCACACGCTTCCAGCACGCGGGCCAGCGCAAAGCGGTCGCGGTGCTCCGTGCCCTTGTCGAGCAGGGACACCGTGAGCTGCTGGCGGAGCGCATCCCCCGCGGCGAGGTCCGGATTCGTCACGAACGACCCCCGGAAGGAGACCACGTCGTTGACCGACGTGCGGAGCGTCAGAAGCCGCCCGGGACCGGCCGTGCGGTCCTGAATGCGGGGGGCGAGGGCTGGATCGGAGTGGGGGCGCGTGGCGGCGGAATCGGACATGAACGGAGCGGTCGGTGGAAGGCAGTGGGCACGGAGACAGGACGGCGTCCCGGATGGGGAGCCGGAATGGGGGGAGCGGGCGTCAGGAGGTGGGGACGTACCGGCCGATGGTGACGCCATCCCTGGTCAGGTACGTCTGGGCGACACGCTGGACATCCTCCGCGGTGACGTCGTCCAGGCGGTCGAGGTATTGGGTGTACAGCTTCCAGTCGCCCGCCGCAAGCGATTCGTTGAGCTGCGAGGCCACGCGCATCGGCCCGTCGCGGTCGAACGCAATTTGGGCACGGAGCTGGCTGCGCGCCCGGTCGAGCTCCTCCTGCGTGACGCCGTTCTCCTGCACGTCCGCGATCGTCTCGTGGATGGCGTCCTCGACCGTCTGGTGGTCCTGATCGGGGGCGAGGTACGCAAACACCGAGAAGAGCCCGGGGTCGCGGAGCCGGAAGTTGATGCCGAAGACGTCACTGGTGAGGCCCTGATCGGTGCACCGCTGAAAGAGGCGACTGCCCTTCCCCGACGCCAAAATGCGCGCCAGCACGTCGAGCACGTCGGAGTCGGCCTCCAGCGCCGGGGGCGACTTGAACCCCATCAGGACCGCCCCGAGCTGGCCGTCCTGTCGGACCGTCACGCGGCGGGGACCGGACTGCTCCGGCTCCTCGGTGGTGACCTGCGGAATGTCGCGCGGGGCCGGCCCGATGTCCCCGAAGTGCTCGGCCACCTCGGCCAGCGTCTCCCCGCGGTCAAACCGGCCGACGATCGAGAGCGTCGCGTTGTTGGGCCAGTAGAACGTGTCGTAGTACTCGCGCAGCCCGTCCGGCGTGATGCGCTCGATGTCGCTCTTCCACCCGATTGTGGGGTGGTGGTAAGGGTGCGCCACGAACGCCGCCCCCCACACCTCGTCGAACAGGCGCGATACCGGGTCATTCTGGTTCCGGTCCCGCTCGTTCAGAATGACGGTGCGCTCGTCCTCCACGTCCTCGGCGTCGATCAGCGCCCCCCGCATCCGGTCGGCCTCAATGTCGAGGGCGAGCGGCAGGTGCTCGGTGGGAAGCATTTCGTAGTAGTTGGTGCGGTCGAGCCAGGTGGACGCGTTCACCTTCGCCCCCACGGACTGGAGCGTCTCGAAGATCGAGGTGCCCTTGCGCTTGTGGTAGCGCTCGGTCCCCTTAAACATGAGGTGCTCCAGCATATGGGTCGCCCCGGTGTGGCCCGTGCGCTCGTTGCGGCTCCCCACGTGGTAGGTCACCATCGAGGTTGCCACCGGCGCCCCGTCCTGGGGCAGCAGCAGAATGCGGAGGTCGTTGTCGACGAGGCGGTAGCACTCGATCCCGTCCGACGCCTCCTGAAAGTCGACGGCGGCGGGGAGGTCGCGGGGCGGAGCGGGGACGGTCTCGGTCATACGGAAATACTGAGATCGAAAAAGGAATGCCGTTGATTGGGGAGAAGAGTGATGCGTGAGGCCGTGATGCGTGAATTGCACACCTTGGCCTGTACTCACGTATCCCCCTTCACGCATCACGCTCAGTGGGCTTCGAGCCAGTTGTCGCCGGTGTCCATGTCGACGGTTACGGGCACATCGTCGAGCGGCAGGGCGTCGCGCATCTCGTCGTCGATCATGGTCTGTGCGGCGTCCAGCTCGTCCGGGGGCACCTCAAACACGAGTTCATCGTGCACCTGCAGCAGCATCTGCGTCGCCCAGTCGTCGCCGGCGAGCCGGTCGTGGATGCGGTTCATCGCAATCTTAATCATGTCCGCCTGCGTGCCCTGAATGGGCATGTTGACGGCCACCCGCTCGGCAGCGCTGCGCGCGTTGCTGTTCGAGCTGTCGATGTCGGGGAGGTAGCGCCGGCGCCCCAGGAGCGTCTCCGCGTAGCCCTTGTCCTGGGCCTTCTCCACCAGCTCGTTCAGGAGCTGCGAGACCCCGGGGTACGACTTCCGGTACTGCTTGATGATGTCCTGCGCCTCGTCGACCGGCATCCGCATCCGCTGGGCGAGCCCCCACGGCGAGATGCCGTACGGAATGCCGTAGTTGACCTCCTTCGCCTTGCTGCGCTGCTCCGGCGTCACGTCTTCGGGGTCGATGCCGTAGACCCGCGCGGCGGCGTCGGTGTGGATGTCGCCCCCCTCCTGAAAGGTCGCCCGCATGGCGTCGTCCCCGCTCATGGCGGCGAGGATGCGCAGCTCGATCTGCGCGTAGTCGGCCGAGAGCAGGGCCCATCCGTCCTTCGGGACGAAGGCGCGCCGGATTTGCCGGCCCATCTCGGTGCGGATGGGAATGTTTTGGAGGTTCGGGTCGCTCGACGAGAGCCGCCCGGTGGCCGTGCGGGTCTGATTGAAGCTGGTGTGCAGGCGCCCCGTCTCGGGGTGGACGAGCTCGCCGAGGCTGTCGAGGTAGGTGCTCTTGAGCTTGTAGGTCGACCGCCAGTCCAGGACGAGCCCCGGAAT
CP030361.1_gap65	2225878	2229107	3229	AGCACCGTGAGCAGCTTCTTCTGGAGTTCCATCGGAATGTTGCCGATCTCGTCGAGAAAGAGGGTCCCGCCATCCGCCGTTTCGAAGCGCCCGGCGCGGTCCGCCTCGGCGCCGGTGAAGGCGCCCTCCACATGTCCGAAAAGCTCGCTCTCGAAGAGGGACTGGTTGAGCGCCCCGAGGTCGGCCGTTACGAACGGCTCGTCGGCCCGCTCCGAACGACGATGCACGGCGCGGGCGATAAGCTCTTTGCCCGTGCCGTTTTCGCCGAGGACGAGCACGTTGGCGTCAGTGCTGGCCACCTTCCGGACGAGGTCGAACACCTCCTGTATCGCCTCGCTCTCGCCGATGATGCCCTCAAAGCCTGATGCCTCGTTGGGCTCGGCCGCAACGCCGTCGGGTTGTTCCGCGGGTTCAGTGTCATCAGTATCTTCGGCGGCGGCGCGGGTTTGGTGAAGCTTAATGGCCGCCTGCACGCTGGCCACCAGCTCCGGGTCCGTCCACGGCTTCACGATAAAGTCGGCGGCGCCGGCCTTCATGGCGCGCACGGCCTTGTCCACGTCCCCGTACGCCGTAATCATGACGACGACCGCCCGTGGGTCGATCTCCTGGATCTTGTCAAGCCACTCGAACCCCTCCCGGCCGCTGGAGGCGTCCTGCCGGAAGTTCATGTCCAGCAGAATCGCGTCGTAGTCGTTTTCGTGGAGAAGCTGAGGAATGGACGACGGATCGGTGGCCGTGTGGACGGCGTCCACGTGCTCCTTCAGCAGGAGCCGCAGGGCGGTGAGGACGTCGCGGTTGTCGTCGACGACGAGCACCTGCCCGTCCGGTGGAGACGGTGAGTCGGAACCCATGGCAAAGGGGGCAGAACGGAAAAGTGGGCGTCTGCGCACATCCAAATGTGCGGATCCGCACACTTGATCCCGGTCGGTCGGCCCGGAGCGGCGCTCAGCGGCGTCGCGTCACGGTGGAATGCCGGTTGCACATTTCAATTACGCAGTCGAGCGCCAACTGACTGACATCAGTCGTCCATTCTTCCACCGATGAACCAGCAGGACTCACCCACGTCCCCGAATGGTGCGTCCGACGATGGGAGTGCCTCGCCCGACTCGCCGCTTTTGAGTGGGGACTCCACGACGCCGGGCGGCACGGGGGAGGGCGTCGATCGGGAGATCGAGACCTCGTTCTTTACCCCGAAGCGCATCGCCCTCGCGGTCGTTGTGGCACTGGCAGTGGTCGGCTTGGGTTATGGCGTGTGGTCGACGGCGACGGGGGGGCGGGTTCTAAACGTGGACCGCGAGAAGGTGACGGTGTCGACCGTGGAGCAGGGCCGCTTTCAGGAATTCATTGCCGTCACGGGCACGGCCGTCCCGAAGCAGACCGTGTACCTCGGGGCCGTGGAGGGGGGACGGGTTGAGGAGGTCTACCTCGAAGAAGGGGCAATGGTTGAGGACGGCGAGCCCATCCTGCGGCTTTCCAATAGCGACCTCCGCCTGCAGCTCGCCCGCACCGAGGCGCGGCTGGCCGAGCAGCGGAGCCGGATGCAGCAGATGCGGATGGACATGGAGCAGCGGCGGCTCCGCCTGCAACAAGACCTGGCGCAGATCCGGAATGAGCTGCGGCGCGTAGAACGGCAGTTTGAGCGCCAGAAGCGTCTCCACGAGCAAGATCTGATCGCCGAGCAGGAGTTTCAGGACACGCGCGACAACCTCCAGTACCAGCGCCGTCGGCTTGAGCTGACCCGATCGGCCTACCGCCAGGATTCCCTCACGTACCAGTCCCGCCTGGATCAGCAGCGAGAGCAGCGACAGCGCCTCGACCGACGGTACGAGACCATGCAGGAGACGGTTAAAAGCCTCACAGTACGGGCGCCCATCGACGGGCAGTTGACATCCCTGAACGCGGAGCTGGGGCAGATCATTAATCCCGGAACGCGGGTGGGGCAGGTCGACGCGGTGGGCCGCTACGAGCTACGGGCTCAGATCGATGAGTTTTACATCGAGCGCGTACGGCACGGCCAGACGGCCACGACCGACGCCCTTGGGAACACGACGCGCCCCCTCACCATCGATCGCGTCTACCCCGAGGTGGAAAGCGGCCAGTTCGAGGTCGACTTGGCGTTTGAAGGGGAGTCCCCGCCCGACCTGCGCCGGGGGCAGACCGTCCGATTGAAACTGGAGCTTGGCCGGCCGAAGGCGGCGACCCTCCTCACCCGCGGCGGGTTTTACCAAAGCACCGGCGGCAACTGGGCCTACGTGCTCACTGAGGGCGGGGACGCGGCGGTGCGGCGGTCCATTCGCCTCGGCCGTCAGAACCCGAACCACTTCGAGGTACTCGACGGGCTAAAGCCGGGCGATAGGGTCATCACGAGCAGCTACGATACCTTCGGCGACGCCGATCGCCTGTCTCTGGAGTAGCCTGTGCTTTTTGCTGGCTGTCCGACCGATTCAGAGAGCCCCCTGGCGTCTCATCCGGGGTACTTTTCCACCCACGCAGATTCGCACAGCCGATGATTACGAACTATCTCAAGGTCGCGTGGCGCACGCTCCGGAAGCGGCCCGTGTACGCGGTCGTGAATGTGCTCGGGCTGGGGATTGCCCTTGCTACCTGTTTGCTCATTGGACTCTACGTGCAGGATGAGTTGACCCACGACACTTTTCACCCGCACGCCGACCGGATCCTGTCGGTCGTCGTTGAGAACAAATTTTTCGATCGACCGCGGCGTAATGCGCCGGCCCCGTTCGCCAGTGTCTTGTCCACTAAGGTTCCAGGGGTCGCGCACGTCACCTCCACAAGCTCAAGGACCGAATTGGTGCCAGTGCGCCTCGCAGGGAACCGCAAAGCGACCCGAGAGCGACGGGTTTTGAAGGCCGACTCGTCGTTCTTTGATGTGTTTTCGGGCTTTCCCGTGCGGCGCACCAACCGCGAGGACGTGCTCGACGCACCGGGCGAAGCAGTCCTCACCGCATCGCTGGCGGAGGCGCTCTTTGGCGAGAAGTCGCCCATCGGCCGAGGACTCCAGGTTGAGGGAGATCGCTATACGGTCGTCGGTCTTACGGAAGTCCCTGATCGTTCCACCGTCCAATTTGATCTCGTGGTGTCGACCCCGAAGGTTCTGAATCGATCTGTGTCCTGGAAGGAGTTTGACGGTCGGGTCTATGCTCGGATGAGACAGGCTGCATCTCCCGATGCGGTCGCCGCCACCCTCGAGAAAGCGGTTCCCGAGGAGGCG
CP030361.1_gap66	2382241	2386476	4235	AAACAGCGTAGACGTCCCCTCCACGGCGTTCCCCGTCAGGATGGGCGCGTCGGTCTGGAGAAAGCCCCGCTCCTGGAAGAACTCGTGGATGGCCGTCTCGATGCGGTTGCGGATGCGCATGACCGCCCATTGGCTCTCGCTCCGGAGCCACAGGTGGCGGTGCTCCATCAGAAAGTCGATGCCGTGCTCCTTCGGCGTGACGGGATAGTCGCCGGACTCCCCGATCCGCTCGACGGCGTCGACCTGCAGCTCATACCCCCCTGGCGCCCGCTCGTCTGCACTCACGGAGCCGGTAATCTCGAGCGCGGCCTCCTGCCGCACGTCATCGGCCACGGCCCAGCTGTCCGCGTCCACCGCGTCCTGCGGCACCACGCACTGCACGAAGCCGGAGCCGTCGCGCAGGATCAAAAACTTGATGCCCCCGGAGCCGCGCTGGTTGTGCAGCCAGCCCTTCAGGGTGACCGTCTCGTCGACGTGATCGGCGAGGTCCTCGATGCGGGTAAAGTCCTCGATGGTCCCGTCCTCGCGGTCGGGACTGAGCATCGGGGCGGGGGAGTCGGCGTCGGACATGCGTCGGAGGGGACTGGGTGAGAACGAGTGACGGACGAAATAGGGGGCCGTGCGGACGTGCGCACCGTCCACGTGATACACCGGCGCGGGCTGAGGTTCCTCCCCGCGACGGCCTTCGTCAGACGATCATCCATGCCGCGAGCCCAGGGACCACGGGCCACGCCACGACCAGGTCGGCGAGGAAGGCGTCGCGGGGCCGCGTCGGGTCCATCCCCCAGACCGTCCCTCCCATGAGCAGGAGGCCCACGGCGTCGATCCCCACGAGCACCGGGGCCCTCGCAACAACGGCCCATCCCAAGGCCCCGAGGGCCGCAGCGGCGAGCCCCCCCGTCGCCGCCCATCGCACTCGTCGCAGCGTCCACCGCGGCGCCCAGGGCGCCAGGCCGGCCTTGATGTCGCCCCGGCGGTCGCCCCAGTCTGCAAGCAGCAGGTTGGGCAGGATGAACAGCGCGCGGGCCCCGAAGAACAGGAGCGCCCCGATCCCGACCGGGGCCCCCGCTTCCACAAAGGGAAGCAGTGCCCCTCCGGCGGCCCAGGTCGTGGCAATCGCCCCCGGCTTTGCGAGCCCCACGAGCACCGGTCGCCCCCCCGCCCCCCACCGAACATGGAGGACCGCGACACTCCCCAGCACCGCCGTCCACAGAAGGGTGGGCCACGCCAGGTACGGCAGCAGGGCCCCGCCCACCGCGAAGAGGCCCATCGTCTCGACCGCCAGCCATCCCTGATGCGCCCGAACCCACGCCACCCGATCCGGGCAGTTGACCCGATCTTCGGGGGCGGAGCCCCACACCCGATCCGCCGCGTAGATCAGCGTGACGCCGCAAAAGCCCACGACCAGCAGCGGAAGGTCCACGGGCAGGCCGAAGAGCCCGTACGTGCCCGTCAACAACGCCACGGCGACGCCGCCCACCGGCGCCGGGTCGTGGTATAGCGCGTCGACCAGTCGGAATTTCGACGGACCAACGGAACGTGGTGATGACATACAGCGGGGAGCGCGTCGTGGATGCCGCCCTGTGCCCGGCGTGGGATTTTCAACGAAAGCGTAAAGTCGTACTCCAATTTCCCCACACCCTTCCGCCCGGTCGGGGCCCCAACGAATTGTTCATGGCAATTCTCCGTCGAAACGATTAGAATAAATGCTGACCGATACGGAAGCGCTTCCAAAAGCCGCCTCGTCTCCTGCCGGCCCCTCCGGGGGGAGGCGCTTCTCGCATGGACTTCACGGACCAACTCGATGCCACGATGCCCCTCCCCAACCACGTGACGTCTCACCTCCGTTCTCTCCAGCTCGCCCCCGCCGCGGTGCACTACAACCTGAAGCGACCCCGCCTCTACGAAGAGGCCCTCGATCGCAACGAGGGGCAGCTCGCCGCGGGCGGCCCGCTCGTGACCCGCACGGCCCCGTACACGGGCCGGAGCCCGAAAGACCGGTTCATCGTCCGGGACGCGTCGGTGGCCGACCAGATCAACTGGGGCGAGGTGAACCAGCCCACGGACCGGGCCACGTTCGATCATCTTCACGAGCGGATGGCCGAGCACGCCGAGGGGCGCGACCTTTTCGTGCAGGACCTCCACGCCGGCTGGGATGAATCGTACCGCCTTCCCGTCCGCATCATCACCGAGAAGGCGTGGCACAGCCTGTTCGCGCGCAACATGTTCGTGCGGCCCGACGGCCCTGTGCCCAACTCGTTCGAGCCCGGCTTTACCGTGGTGGACCTCTGCGAGTTCGAGGCCGACCCGGAGCGAGACGGGACCCACTCCGAGGCCGCCGTCTTCGTCGACATCGCCCAGAACCTGATCCTGATCGGCGGCACCCACTACGGCGGCGAGATCAAGAAGTCCATCTTCTCGGTCCTCAACTACATGCTCCCCGAGGAGGGCGTACTGCCCATGCACTGCTCGGCGAACGAGGGCGAGGACGGGGACACGGCGGTCTTCTTTGGCCTGAGCGGCACCGGCAAGACGACCCTCTCGGCCGATGCGAGCCGCACGCTCATCGGGGACGACGAACACGGCTGGAGCGATCGGGGCGTCTACAACTTTGAGGGCGGCTGCTACGCAAAAATGATCGACATCACCCCCGAGAGTGAGCCCGAGATCCACGGCACGACGGAGGAGTTCGGGACCATCCTGGAGAACGTGATCGTGGACCCCGATACCCGCGAGCCGGACTTTTCGGACGATACGATTACCCAGAACACGCGCGGCTCCTACCCCCTCCACTACATTCCCAACACCTCCTCGGACGGCCGGGGCGGGCATCCGGACCACGTTCTCTTCCTAACGTACGACGCGTTCGGCGTACTGCCCCCGGTCTCGGAGCTCTCGCCCGCGCAGGCAATGTACCACTTTCTGAGCGGCTACACGGCCAAGGTCGCCGGCACCGAGGCAGGGGTAAACGAGCCCAAGGCCACCTTCAGCACCTGCTTTGGCGAGCCGTTCATGGTGCGCGACCCGTCGGTGTACGCTGAGCTTCTCGGCCAAAAGATCCGCCGCCACGACACCGACTGCTGGCTCGTGAACACGGGCATGACCGGTGGGCCCTACGGCGTGGGCCACCGGATCGAGCTCGACCACACCCGGGCGATGGTCGACGCCATTCTGGACGGCACCCTAGGAACCGTTGCCCGCACCCGTGATCCGGTGTTCGGCCTCTCCATCCCCGACCGGGTGCCCGGCGTGCCCGATTCCGTTCTCACGCCGCGTCAGACGTGGGACGACCCGCAGGCCTACGACCAGCACGCCCGCGACTTGGTGGACGCCTTCGCCGACAACTTCGAGACCTACGTGGAACAGGTTGGGACCGAGGTTCGCGCCGCCGGCCCGTCATTGGAAACCATCCGTGGCTGACGGCGCAGGGAGCATCCGCGGGGAAGGTGCGTATGCCCCGGGCCTACCAAAAGACCAAGGCTCTTGGGACTTCGATCACGCAATGAGTGGGTGCCCCATACATTCCAACGACGAGTCGCCCTCCGCCAACCGCCCCTCCTCCAACCGGCCCGCCTCCGTTCGGTGGGACCTCATCTTCCTGGGGCTGGCCGCGGGAATGTTGACGCTGGTTCTGGCCGTGGCCCTACAACTGCCCTAGTGGCGGACGCCCCTTACCGGCCTACGGCCCACACTGGGGGGACTTGCAGTCCCCGATGGATACAGGGACCGGCCTAGATGCCGCAATAAAAATAGAAAACGCCCCGCTCTCGGTGAGAGGGCGGGGCGTTGCGATTTGTCTGTATGCGGAGCGGGCGATGGGATTCGAACCCACGACCTTCTGCATGGCAAGCAGATGCTCTAGCCGCTGAGCTACGCCCGCATCATAATGCAATCTCTAAGACGAGGCTGTCTGGGGTGCGTTCCGCTAAAAGCCAATCTTTTTGGATCCTTCGTCGTCCGTCGCGTCCTCGGCGCCCTCGTGCTCGACCGCCAGCGTCACGGTGAGCGGACGCGCCTCCTGCGCGGCCCAGAAGGCACGGGCCTCCTCATTGGCGGCAAGGACATTGAGGCGGAGGCGCTGCGCCCCGATTCGGCCCGTCCAGTCGCGCACCGCCTGCACGAGTTGGCTCCCCAAGCCCTGCCGCCGGTCGTCCGGCCGAACGTACAGCTCGTCGATGAAAACCTCTGAGCTCTCCGCGTAGATGGGCGGCGGGCCCCACCGATGGGCCGTGGCG
CP030361.1_gap67	2393970	2396150	2180	TGCAGCTGCTGCGACTCGACCGCCTTCCACCGAAACTCGGAGGTGTACTTGTTCATCACCTGACCGCCCTGTGGCTGCAGGTTGCCCCCACGGGTGCGGTTGAGCGGACCGATCACGCCGCGCGGGTATCCGCGCATGAAGACCGGGTCCGTCCCGAACGTGCCGCCCTGGTAGTCGAACGGCGTCCCGCCCACCTCGAAGGTCTCGAACCGGACCGGATCGCCGGTGATGGAGCCAATGTAGCCGAAGTTGGTCCCGACGCCGAACGAGAAGTTCTCCCCAATCGGGACGTTCCAGCTCGAATTGAGCCGCCACTTGTGGTACTGAACCAGGTCGCCGATCGGCGGGGCCACCTCCACCGAGAGCGACACCTTCGACCCGGTGCGGGGGAACGTGGGGTTGTCGACGGAATTGCGGCTCAGCGACTGCCGGAACGTAATGGACTGGTTGGTGCCGTACGGGACGCTGCCGAAGAGGGGACGCCGATTTCCGGTACTCGCGTCGCGGCCCCGGTTGTCGTAAAGCTGAAATCCCACGCGCGACCCGACCATGAACTTGTCGTCGGGCCAGTTTAGCCGCTGGCGGACGAACAGGTTGGCCGAGATGTTCTGGAACCGGCCGTCGCGGATGCCACGAGAGGCGCTACGCCCCCCGAAGACCGAGCGGGTGTACTTCGAGTACGACACCGAGCCCCCGACCGGCGTCGGGCTGCCCCCGAACCAGGGCTCCGTGAAGGAGAGCGAATAGTTCTGGTAGTAGGTGCCGTTGGTCCGCACGTTCACGCTCAGCTTCTGGCCGTCGCCGGACGGAAGCGGGCGCCAGGCGTCGCCCTCGAACAGGTTCTGGGCCGAGAAATTGTTGAACTGAAATCCAAGCTGGAGGACGAGCCCGAACTGCCCGAACGTTCCGGAGAGCTGGAGCTGGTCGCTCCCCACCTCCTCGACGCTGTAGCTGACGTCCGCCTCTTTTTCCTCCTGATCGACACTGATGTCGGGCCCGCCGGACAGGGACTCCTGGCTGAAGTAGTCCAGCTGGTTGAGGCGGCGAATCGACTCCTGAATCGCGCTCCGGCTGAACCGATCGCCGGGCACCGTGTACAGCTCCCGACGAATGACGTAGTCTTTGGTCTTCGTGTTGCCGGTGATGTTGATGTCGCCGAAGTTGTAGATCTCTCCCTCCCGCACGTCCATCGTAATGTCGAGCGAGTCCCCCTCTTCGACCCGCACCGTTGGCTGCACGTCCGCCCGCATGTAGCCGCGGTCCATGTAGAGGCCCAGCACCCCGCTCTGCCGCCCGCTGCCGTATAGGTTCTCGTCGAGGGCCTTGCCGTTGTACACCTCGCCCTCCGTGAGCCCCAACTGCTCGGACAGGACCCGGTCCGGATAGACGCTGTTGCCCTCCCAGTCGACCTCGCGCACGTAGTACTGGTCGCCCTCCCGCACCTTCACGTCGATCCCGAGCCCGCCGTCTCCCATGTAGTATACCGAGTCCCGGACGATCTGGGCGTCGTAGTAGCCGTGCTCGCGGTACAGATCGATGACGAGATCAAGGTCGTCCTCGTAGGCATCCCGCTTGAACTGCTCGCCCTTCCAGATGCGCCACCAGCGGTTTTCGCGCGTCTCCTCCATCGCCCCCCGCAGGTCCCCATCGTCAAATCGTTCGTTGCCGAGGAAGCGGATGCGCTCGACCTCGATCTCCTCCTTCCGATCTACGTTGAAGACCAGTCGGACGCGGTTGTCCTGGGTGCTCGTGCGCTGCACGCTGACGTCCGTCCGCAGATAGCCCTCGTCCTTGTAGAAGTTTTTGATGATCTGCTTGGCCCGCTCCACGTCGGAGGGACGAGCGGGGCTTCCCTTCAGGAGGGGAATCTGCTTCTTCAGGTCCTCACGATCCCCATCATCGATGCCCTGTAGCTTGTAGGCGGTGAGGGTGGGCTCGGGCGTCACGTCGATGACGAGCGTCACGTTGCCCCCCGATTGGTCGGTCCGGTGGATGGAGACGTCCGAGAACGTTCGGAGGTCGTAGATGGCGCGGATGGCCTGGCTGATGGCCTGGCCGGACGGGAGCGTCACTTCCTGGCCCGCCGCCAAGCCGCTCGACTGGATGACGAACTGGCGCGTCTGCGCATCTTCCACCCCGCGCACCTGGATGTCTTCAACCACGAACGTGGGGCGTGGCGC
CP030361.1_gap68	2402347	2406659	4312	CCACGAGGACCCGCACGTCCGGCGCGTCCGCCGGCAGCGTTTTCTTGAACGCCTCGGCGCTCTCGGCGGACCCGACGGCCACGCACTCGGGACGGAACTCTTGAACCTGCGCGGCAAGGCGCTCTACATTCTGGCGACAGGTGAGCACCCGCACGTCGAACCGGTCCGGAAAGAGCCGGACGACCTCAAGTGTCTGGGTGCCAATCGATCCGGTCGCCCCGAGCAGGGCGAGCCGTCGCGGCTCCGAGACCGACGTTCCGTTCTGGGAGAATGCGTCCATGAGGATGTGCCACACTAAACGAGCAAAAAGTCGAACCTGCCGCGTCGCCGGTCGCCGCGTCGCGAGGTCAGCCCGGGCACGGAAACGTCCGTCTCGGGCGCGCCGTAGGGTACCACTGTCTACCAACGGGACACCCCCGTCCGCTGGATGTACCGGATTTCCCCGCACGCCTTCTCCCCCGCCGTGACCCGCCCCCTACTGCCACGGTCCCTTTCCGCCGAAGGCATGCGCTGCCTGCCGATCGTGCTCGCCCTCGGGCTCCTGCTCGGGCCCGTGGCCGTCCCCACCCACGCCCAGCGGTCCGACAGCACGCAACTGAGGAAATTCCAGCGGGCCAACGAGTTCCTCCGTGCCGACCGGCCCGAACGCGCCCTTCCCCTGCTGGAGTCACTTTACTCCAACGCCCCGGAGAACGCGGCGTTCTACCGAAAGCTGAAGCAGGCCTACGAGAGCCTCAAGCGCTACCGCGACGCCCTCCAGCTGGTGGAGGAGCGCATCGGCTCCCCCCCGACCGTTTCCCGCCTCGCCGAGAAAGCCCGTCTTCAATACCAGAAGGGCGAGGGGGAGGCCGCCGATGCCACGTGGGATCGGGCGCTCGCACTTGCCCCCAACGAGCCCCAGACGTACCGAACCGTCTACAACACCCTGGCCGAGCTTCGCCAGTTCCGCAAGGCCATCGCGGTCCTCCAGAAGGGGCGCGCCGCCCTCGACCAGCCCGACGCGTTCCGGACCGAGCTCGCCCACCTGTACGGCCTGGACGGCCAGTTTGAGGCCGCCATGCAGGAGTACGTCGCGTTTCTCGCCGAGGCCCCCAACCGCCTCAACTACGTTCGGAGCCGCCTTCGGACGTTTGTCGAACAGGGGCAGGGCATTGCGGCCAGCATCCAGGTGCTCCAGCAGACGGTTCAGGAGAATCCCCTGAACGAGGCCTACCGGACGCTCCTCGCGTGGCTGCACACGGAGCAGGACGACTACGCGGCGGCGTTCGACGAGTACCGGGCCCTGGACCGTCTCGGGGACCGCCAGGGGCAGATCCTCTTCGGGTTCGCCCGCCGGGCCGCCGACGCGCAACGCTACGGCGTGGCCACTCGGGCCTGCGAGGCCATCCAGGAGCAGTATCCGCGGTCGGGCGTCGCCCCGGAGGCGCAGAAGCTCCGCGGCGACCTCTACCGCCGCTGGGCCGACCAGGGGGCCGACTCCACCACGGCCGCCCAAGACTCTGTCCGGTACGCCCGAGCCCGGACGGCCTACAAAACGTTCCTTCGCGAGAACCCGGGGCACACGGACTATCCGGCAGCCCTTCTCCGGCTCGGGACGCTCCAGATCGACGCCTACCGCAACCTGGACGATGCCCAGGAGACCCTCAGCCAGCTCGTCTCGAATCACCCAGAAACCGCGGCCGCCGAGGAGGGCCAGTATCAACGGGGCCGCATTGCGGTCCTCCGGGACTCGCTCGACCGCGCCCGCCTTCTTTTTTCCCGCCTGGCCGCCAACGCGCAGTCGAGCGACCTCGCCGACCAGGCCCAGTACGAACTGGCGCTCCTGCACTTTTACCAGGGGGAGTTCGACGCTACGGCGGCTCGGGCCGCCTCCATCAGCGAAAACCCATCGGCGGACGTGGCCAACGACGCCATTGCGCTGAAAACCCTCTTGCAGGAGGCCCGCGGCCCCGACTCGCTCGACACGCCCCTTCGCACCTTCGCTCGCGTTCGGCTCTACGAGCGGCAACACGCCCACGGCCGCGCGCTCGACTCGCTCGACGCCCTCCTGCGGCGGCACCCGCGGCACCCGCTCGCCGACGACGCTCGGTTCCGGCGGGCCAACATCCACCTCGCCCGCCACGACACCTCGGCGGCCCTCGCGGCGTTTCGGGCCGTGCCGGAGCGGCACCCACGCAGTCCCTTCGCCGACCGCAGTCTGTTCCGGAGCGCGTCGCTCCTCGAGGCGAATGGCCGCCCCGCGGCGGCCGTCGAGACCTACGACCGCCTCTTGTCGGAATACCCCACGTCCCTCCTCGCGGGGGATGCCCGGAGCCGCCTTCGTGTCCTCCGCCGGTCCCAGGGCTGACGCCCCGCCCGTTGCTCCCGAAACGCCTTTGCCCAACCCGCTTCCTCTACGATGCGCCTCCGGTCCGTTTTTGCCCTTGCCGCTGCGTTCGTGGTCTGCGTCGTCACCACACCTCTGGCCGCGGCGCAGGACCTGCTCATCCCGATGGACGACCAGCAGGAGAACCACCTGAAGGCCTACGGGGCCGTCTACGCGGCGCTCCAGGACGGCCGGACGGTCGACTGGCTCCTCAATCACCGCGGCGGGGCGTTCCTCGCCGAGGCCAGCGATGCCGTTCGTCAGGAGCTGCAGGTCCGCGGCGTCACCTTCACGCCCGTGAGCGCCGGCCGGGCGTCGAAGATTATCGCGGAGGTGGAGGCCGACGGCAGCAACAAGTCCGTCGTGCCCCTCGAGAAGGCCCCCGAGATTGCCGTGTACGCGCCGGACGGGGCCGTGCCGTGGGACGACGCCGTGCGCCTGGCCTTGGAGTACGCCGAGGTGCCCCACGACGTGATCTACGACGAGGAGGTGCTCAACGGCGACCTTACGTCCTACGACTGGTTGCACCTCCACCACGAGGACTTCACCGGCCAGTTCGGCAAGTTCATCCGCTACCGCAACGAGCCCTGGTACATCCAAAAACAGAACAGGGCCGAAGCGGCGGCCGAGGAGTTTGGGTTCCGCAAGGTGAGCCAGCTGAAGCTGGCCGTGGCCGAGCGCCTCAAGCAGTACGTCGCGCAGGGCGGCTTCCTGTTCTCGATGTGCTCCGGCACCGAGACCTTCGACATCGCCCTCGCCGCCCACCAGACCGACATTGTGCCCGAGGAGTACGACGGGGACCCGGTGGACCCGAACGCGCTGGACCAGCTCGACTTCAGCAACACGCTCGCCTTCCGCGATTTCACCCCCAACCTTAACGCCCGCGAGTACGAGCACTCCACCATTGACGTGGGCCCGCCGCCCCCGGAGATGCGAGACCCCTCGCTGGACTACTTTACCCTCTTTGAGTTCAGCGCCAAGTGGGACCCGGTCCCCAGCATGCTCACGCAGAATCACGTGGCGACCGTCAAGGGGTTCGTGGGGCAGGCCACGGCCTTCAACGAGGACGTGTTGAAGGAGGACGTGGTGGTTCTCGGGGAGGCCCCCGACCGTCCACAGGTGCGGTACATTCACGGCACGCACGGGCAGGGCACGTTCACCTTCTACAGCGGCCACGACCCGGAAGACTACCAACACTTCGTGGGGGACCCGCCCACCGATTTGTCGCTGCACCCCAAGTCGCCCGGCTACCGGCTTATTCTGAACAACATCCTCTTCCCCGCCGCCAAGAAAAAGAAACAGAAGACCTGACGTCCGCGGCGCGTCGCCTCCGTTCGCCGTTTCTCCTTCGCCTCCCCCTCTATGAGCTCGCCCCGTTCCCCCAAACCGGTCTCGGCCTCCAAGTGCAAGATGACCGAGATCGTCCTCCCCAACGACACGAATGGCCTCGGCAACATGATGGGCGGCCGACTGCTGCACCTGATGGACAAGTGTGCGGCCATCTCCGCCCAGCGACACGCCAATCGCGTCTGCGTGACCGCCGCCGTGGATAGCGTCGAGTTTCAGTCGGCCATCCAGGAGGGCGAGGTGGTCGTGATTGAGAGCCACGTCAATCGGGCCTTCCGCACGTCGATGGAGGTGGAGCTCAACGTGTGGGCCGAAAACCCGCTCGAAGAGACGCACCGGACGTGCAACCGCGCCTTCTACACGTACGTAGCCCTGGACGAGGACGGCGGCACGGTGCCCGTCCCGGACGTGTCCCCCAGCACGGAGCAGGAGCAGGACCGCTACGAGGCCGCCGCCAAGCGCCGGGACATTCGCCTCGTGCTCGCCGGGCGCAAGGACCTCGAGGACGCGGCGAGCCTCAAGGAAGACATGCTGACGGCACTACAGCACTCGACGGATGCCCCTGCGTGAACCGACCGGCGCTGCGCCGGGGCCCCGTCC
CP030361.1_gap69	2568314	2570151	1837	CGGCGAACCGTCGCGCGAGATTCTCAACTACATCGACGAGAACGAGGTGGACCTCACCGTCATCGCCAGCCACGGGCGCACCGGCCTGGACCGCATGCTGATCGGGAGCGTGGCCGAGCGGGTGGTCCGCCAGTCCCCCACGCCGGTGTTTGTCGCCAAGCCGGACCGCGCGGCGCTCGTATCGTCAGATGCGGCAGAGGCCGCTTCGGCCCGCGACTAAGGCCGAGCGCGTCCCCTCGCGGGGGCGACGATGGAACCCGTCTCGCCCCGCCCCGGTCCCGCGTAACGGAGGCAGTAATCTTTTCAGGGACCAGGCACTGGTGTTGTGAAGCGGATTCTATTCGTCTTTCTGGATGGGATCGGGTTGGGCCCGGCCGGGCCGGACAACCCGCTCTCGAACGACGCCGGCGCGGCCTTTCGGCGGCTGGCCGGCGGGGCGCCCTGGGTTCGGGGGCTCCCCAAGCGGGCCGCCCCCAATCACGTCGTCCGCCCCCTCGACGCCACGCTGGGGATGGACGGACTGCCCCAGAGCGGCACCGGACAGGCCACCCTCTTCACCGGCGTGAACTGTGCCGAGCGGGTGGGGCGCCACTTCGGGCCGTACCCTCACTCCGCCACCCACGACGTGCTGGACCACGAAAACCTCTTCCATCGCGTGCAGGGCCTGCCAGCGGTCCCCGACGGGGGCGTCGCGTTCGCGAACGCGTTTCCGCCCCAGTTCTTCGAGGCCCCGTCGCGGCGGTGGACCGTCACGACGCGCTGCTGCGCGGGGGCCGGCGTGCCGCTTCGCGACCAGGAGGCCCTCCGAGCCCGCCGGGCCGTGCCCGCAGACCTGACGGCGGAGGGGTGGCGGGACGCCCTCCAGCTCGACGTGTCCCCCCGCACCCCCGCCGACACTGCCCAGGCATTGTTCGACACCCACCGCAGTCACGCGCTCACGCTGTTCGAGTTCTTCCACACGGACAAGGTGGGCCACGAACGGATCGACCTCGCCCCGGGCGTGCTCCTAGAGCGACTGAACCGCTTCCTGGGACGGTTGCTCGACCTCCTCGATCCCGTCCAGGACACCCTCGTCGTGACGAGTGACCACGGCAACCTGGAGGACACCCGCCACACCCAGCACACCCGCAACCCCGTGCCGCTTCTGGCCCACGGATGGGCCGCCCCGCACCTGGCCGATGCCCGCACGCTGGCCGACGTGACCCCCGGCATCGTCGAGGCGTTCCGGACCGGACTCGACGACCGGTGACGCGTCACCCCTCGGGCCCCTTCCCACTCGTGGTGATCTCCTCGACGAGGCGATCGGCCCCGTAGACCGTGCGGAGGGCCTCCAGGATGCCCCGCCCGTCGACCGCCACCGCCCGGGCGCCGTTCCGGCGGTACAGGTACTCGTTGGGGAGGGCCTCCATGTTGCTGTCGAAGACCACCCCGACGACTTCGAGGTCTTTGTTCAGCAGTGCCGACCCGGAGCTGCCGCCCGAAATGTCGACGGTCGAGACGAGGTTGAGGGGGGTGTCGAGGTCGATCGAGTCGACGGCCGTGGCCCACCGTGCAGGGAGCGACCACGCCTCCTCGTTGTGGGAAAAGTACCGGTCGTACAGCCCGTAGAAGGTCGTGAAGGGCGGGGCCGTCGTCCCGTTGTATTGGTACGCCCGCACGCGGCCGTCCGAGAGCCGCAGCGAGCGCGTGGCGTCCGGCGGAAACGTGGTCCCGTAGACCGAAAGCCGGGCCCGCGAGAGGCGCGCATTGAGGGTTCGCTCCGACGCCCGCACGTCCTGCATCTGGCGGTTCGTGTTCAGGAACATGGGCGCCAGCGCCTCGATGACCGGCACCGACG
CP030361.1_gap70	2572990	2575184	2194	ACGCCTCGGCGGTATCGAGACGGGCTCGCAGGGCCTGGGCCCGCGTCTCCAGGCGGTCGCGCCGCGCCGGCAGCACCAGGTCCCGCCGCGTGGCGAGCTGCGCCGCACTCTCTGCCCGGTGGGGGGCCGTGGGCAGTCCGGCCGAAAACACAACGTCTCCGGGGCGTGCCCCCTGCCCAGAGGGATCGAAAAAGTGGTTAGGGGCCAACGGCTGCCCCTCCGACGTGTAGATGCGAAGCAGGGCCACATCGAAGGCCGACCGCGGATACGTCAGCGCCGCGTCGGTGCCCCCGAATGCGCTGATTCGCCGGTCCGGCAGCAGGGCAACGCGCACGTCCTCGTGGCGCCGGTAGGTGTACGCCGTGTATGCGCCTTCCCCGTCGGCCGCCACCTCCACGTGCCGACCCGCCTCGACCTCCGCCTGGAGCCGCCCTTGGACCGCGGATATCGCGGCCGCCTTGGCGGTATCCTGTCGGGCCGTCCGCACCGCCGCCGTCACGTCGCTCGTCCGGACCAGGCGGTCTGCGTGCAGGGCCGGCACGGCGCGCTCATCGGCGGGCCGCGCGGCCACGACGGCGGTGTCGCCTTGAGAATTGAGGTGCCGTCGCACACAGCGGGCCGTCGTAAGGGCCAGCCCGTCCGCCGAGACCAGCGCCCCCGTGCATCCAGGGAGCCGCAGGACACTTCGGCGCAGGTGGGCCGCCCAGGCGCTGTCCACCTCCATCCCGTACCGACGCGCAAGCCGGTCGGCCGGCGGCACAACAAGGCTCCAGATTCGTCCCGCGTCCGACGCCTCCGCCACGACCGTGTCGCCCGGCGCGGCCGGGCCGAAGCGCGGCGCCCCCCGGTCCTGCGCCTGCGCCTCCGGCCCCATTCCGAGGCCGCCCCACAGCAGACTCGCCACGCCGATGATGAGTACGGAGCCTCGGAGCGTCATAAACCGGTGGGGGATCAGCAGCAAGCAGGGCAGGTGGATCGGGCACGGCATCCGTACAGCCCGACACCAACGCGGATCCATAGGAACCTCGATCCCATGTTACGATTCCTATTTCTGGTAGCACCGATGCCCGACGTTCCGCATGCGAAAGTGGCGGAATTGGTAGACGCGCGAGACTTAGGATCTCGTGGGGCCTAGCCCCGTGGGGGTTCGAGTCCCCCCTTTCGCACCGCTGCGCGGTGTTTCCCCCGTTCAAGAATCGCTTGAGCGGGGGCATCGCTGTGTTTGTGGAGATTCTGCAGACGTTACTGCTTACACCTCTGCAGACACTGCTTACAGCAGCCCTGTCGTTGCCGGATGTCAAAGAAAAAGAGCGATGGAAAGCACGTCGCCGGAGGCCATTCGTTCCACGGGTTCGTCCACCTCTTGGGCCGTTCGACGCTCGTAAAACGCGACCTCTCGACTCCGCCCCCACATGTGCGACACGACGCCGTCAGCCCGCCGCTGTCCGGATCGTTTTTGGCGTTCGAGGTGGTGGCAAGGCGTCCTCTTGCACCGGGATGGGGCCTTGTCATGAGATCATGAGCGGGTGGGGGGTGATGAGGCGTATACCCCCCATGCTAACTGTACGCAAAATTCCGCCAATTTGGTGTTCGGTGGCTCTCGCTTGGAAGTCGCCGAAGCAGCCGCTCGTGCTTCCGGTGCCGAGGGAGTCACCGGTCGTAGGAACGTTACATGAGCGTGGAAAATCCGCAGCATTCAGGTGTTAAAGGGGTACACTCCGTTCCTATCCCGCCAACATCATCATGGAACGCGGTCATGTCCTTAAGACCCGAAAGGCCGTAATAAACTTCATTGGGGAGGTGGCTGCGAGTCCCTGCGAAGTCGTCGACCTCCGCTACTCGGAGCAATCGGACAGGTGGAACGCGACAGTCGCTTGCGTACCGGATTGCACCGAGCACGTACCGCCAAATACCGTGCGAAATGAGGATTGCGGATTGGAGGTCAGCGACTCGCTTCTGTGCGGTTTTGGAGAGGTTGGCGACTCGGTGGTCAGTGGTTTCCTCGTGGCCCGTATCTGATTGCCGAGAGAGGGCACCTCGCAGCCGCTCGTGCCCTCGGTGCCGAGGGAGTCGTCGTGAGGGGAGAAGGAGTGCGCGTATGGCTGTCGTGGGTCCCCGCGTGCAGCCGTCGTGGCCGCTCCGGTGCCCAATCCCCTTCTCCACGCCGTACCACCCTTGAGACTGTTGGAATCTT
CP030361.1_gap71	2588910	2591209	2299	TGCTGCCCATCGTCACCGAGCCCCTCCAGGTGGAGCGCATCAGCCTCTACGACCCGGACGTGCACCCAACGCACCCGCTGCACGGGGCCCGGCTGACCAACACGACCGGCCAGCACCTCGCCGCCGGGCCGATGTCCGTCTTCGACGCGGGCAGCTACGCGGGGGACGCGCGGATGGGCGACACGCCGCCGGGGGACACCCGATTCGTGACCTACGCCCTCAACCAGGACGTGCAGGTGGATGCCGGCGGTGGGCGCACGGAGGAGACGGTCCAGACCGGCACGATCGTCGAGGGCGTCCTGACCATGACCCGCAAGCGCGTGGCGTCCCAGACCTACACGATCGAAAACGAGGGCGAGACCGCGGCCTCCCTCATCATCGAACACCCGCGGCGCAGCGGGTGGACGCTCGCGGCTCCTTCAGACGTCGAGGAACGCACTGCATCGGTGTACCGGTTGCGCACGACCGTCGGCGCGGGGGAGACCGGCAAACTCGCGGTCGAGGAGACGAAGATGCTGACCCGCAGGCACCAGCTCCTCGGAACGGATCGCGATCAGCTTCTCTCCTACGCCCGCACCGGTGCGCTCCCCAACGACGTGCAAGACGCCTTGGAGAAGGCCGCCGACCTGCAGCAGAAGGTGTCCCGGACGAAGAACCAACTGTCGCAGGCGCGCCGGGACCTCGACCGCCTCCGGAGCGAGCAGTCCCGCATCCGCGAGAACATGAAGGCCGTGGAGCAGTCGAGCGACTACTACCAGCGCCTGCTCGACAAGCTCTCGTCCACGGAAGACCGGATCGAGTCCTTGAATGAGCGCATTGCCACGCTCGAAGAGAAACGGGGCGAACGCAACGATCGGCTGGGACGGTATTTGCAGGACCTCACGATTGATTGACGCACCGTTCGTGTTTGCGACTGTGCCCCCGCCCGGAGAGCCGTCCCCCGCAGGAGACCCCCTCTGCGCAGACGACGACCCTGCAAATTGCCCGTCGGCCCTTGCCTCTCTGAAGAGCAATTGGGAGTTTACGTTGGTTCCTGCCTGGATGATACCGCGAAGACCCCGACACTGAACGTTTCGTCCTACAACCGAATGGTCCACCCATGAAGCGCACACTCGCCGCCGGGGCCTTTAGCCTCGCCATCGGTGCCGTCTCCCTTCTGCTCCTCGCCTCCGTCGTCTATTCCTGCCGGAGCGGGGGCGACCCGCACCACGAGCGGTCCGACGCGTCCCTCGACACGCCCCCCGTGGAGGACGCCCGCTCCGCCCCACCTGACCACCGGGCCTCTGCCTGACTCCCCCTCAACGGGGACGCCGTTGCTTCCAGCCGGCGCTGCCCCCCTGTCGCCCGCACTCACGGCCCCACCGATGCCCATGGACGATCAGGCCGACGACATTCCTCAGGGACTCGTGGTTCCCGGCCTCGGGGATGAGTCCCGGCGTGCCGCCCTGTGGGCGTTTCTCGTCGTGAGCGTGCTCTCGGGGCTGGCCCTCGTCTGGCCCGTCTACCCGCTGGCGGTAGACCTGACGCCCTACGTCTTCGGCCTGCCCTTCTCGTTCGCCTGGACGGTGGGCTGGCTCGTCGTTATGTTCGTCGCCCTGGTGCTTCTGTACCGCACCGACGCGCCCGACCCCGCAGACTGAGCCCCGTTCCCTCGCCCGCCTCTCTGGTTGTCGCCGTGTCCCCATGCCCGAGTGGGCCGTCATTCTATCCATCTGCGGCCTCTACCTCGTCCTGGTGCTGGGCCTCGGGGTCTGGTCGGGGCGCACGGTCTCCGCGAGCGTGGACGGGTACGTGGCCGGCGACCGGACGCTGGGCGTGATTGTGCTCTACTTTGTGCTCGGGGCCTCGGTCTTCTCGTCGTTTGCGTTCCTCGGTGCCCCCGGCTGGGCCTACTCGCGGGGCGCGGCCGCCTTCTACATCATCGCCTACGGCACGGTGGGGATGGTGCCCTTCTACTTCCTCGGCCCGCGCGCCCGGCAGGTCGGCGAGGCGTTCGGGTTCGTCACCCAGGCCGAGATGCTGGCCCACCGGTACGACAGCCGCACGCTCTCGGTGGTGCTGGCCGCGCTCAGCGTCGTCGCGTTCGTGCCCTACCTGACCCTCCAGATGAAGGGGGCGGGCCTGCTGCTGTCAACCATCTCCGACGGCGTCGTGCCCCAGTGGCTCGGGGCGCTCGCGGCCTACGGCGTGGTGCTGGTCTACGTCTTCGCCAGCGGCATGATGGCGATCGGGTGGACGAACACGGTGCAGGGCCTCTTCATGATGGCCGTCGCCTGGTTCCTGGGGCTCTACCTGCCGG
CP030361.1_gap72	2664188	2666935	2747	CAGGTCGGGCTGCTATCCGTCGAAATGACCAGACCACCCTCTTTCTTTGGGAAAGACATGGTCCGGAGAGTTGAGCCGGCACGTTTTTCCTCCCGGGATTTCGCCCCGATCCAGGGCCATCCCTCGTCGCCCTTCCGCGCACGCAGCCGCTGACGGCTACGGGCTGAGGATGCTTTGCACCTGCGCCTGCTGGATCGGCCGGTCCGAGTCGACGGTCTGGTTGAACGCGGCCGAGTCACCGGGGGGCACGTCCTGCACCTGAATCCGCATCGTCTCGATGCGGGAGCCCTGGCCGTCGTAGAGGGCCACCTCCACCTCCGCGATGCCGATGGTAGAGCTGCCCTGGTTCACGAGCGTGCCCGCAAAGATCCGCTCGCCGGTCTCGGTCTGCAAAAGACGGGGCTTGACCACGGTCGCGTCGGTGGTCTCGCCCTCGCCCCCCCCGCACGCCCCGAGGACGGCCATCCCCGCGACGGCGGCAACGAGCAGCATCAGCGAACGCACGGACGAGCCGGAAGCGAGAGGCATAGGAGCAGCGGGGCCGGTCGGAGAACGGCGGGGCGGAAATGGTGGAGTTCTGGCGCTGACCGTGGGGGAAAGCCACGCGGCCTCCCACGGATCCCCGCGCCGGTCCGTCGAGCGTGGGGTTTACGAAACAATCATGCGGCCGCTACACGGCCTCCAGGTCGGCGAGGTTGTCCTGCAGCCGCTCCAGCTCGGCGGTCGCGTCCTTCTTCTTCTGGCGCTCGCGCTCCACGACCTCGTCCGGCGCCTTGTTGACGAACTGGGGGTTGTTGAGCTTCTGCTCCACGCCCTCCAGGAAGGTCTCCTTCTCCTCAATCTCGCCCCGGAGCCGCTCGCGCTCCTGCTCCAGATCGATCATGCCGACCAGCGGCACGAACACCTCGCACCGCCCCACGACGACCGAGGCGCTCGCCGTCGGCTTCTCGGCCCCGGCCTCCACCGTCAGGTCCGTCACGCTCGCCAGCTTGTCGAAGTAGTCGGCGTACCGTCGCACGGTGTCCGCGAGGGCTTCGTCGCCGACGGGCACGCTGACCGTCGCCTCGATCTCCTGCCCCAGGCCCACGCCGTAGTCGCTCTTGATGCCGCGCACGCCGGAGATCATCTCCTGGATGAGTTCGAACGTCTCGGCGGCGGCCGCGTCCATCTGCTCGTCATCGGCCGACGGCCAGTCGGCGGCGATGCAGGCCTCCCCCGCCCCGCGCGGCCGCACCTTCCACCACAGCTCCTCGGTGATAAACGGCATCAGCGGGTGCAGGAGCTTCAGGAGCGTCTCGTAGATCTCGGCCGCCAGGGCGATCTTGTCCGCCTCCATCTCCTCCCCGTACGGCGGCTTGATCAACTCCAGGTACCAGTCGCAGTAGTCGCGCCAGAACACGTCGTAGACGCGCTCGGCGATCTCGTTGAGGCGGTAGCGGTCGAGCGAGTCTTCGACGTCCTGGATGGCCGTGTGGAGGCGGTGCAGCATCCACTGCTCCACCAGCTCCAGCTCTTCGAAGGAGCGCTCCCGCTGGTAGTCGCGGACGGGCACGCCGGCGTCGTCCCGGTCCATGAACTGGCCGAAGACGTTGAACGCGTTCCAGATCTTGTTGGCGAAGTTGCGGCCCATCTCAAACTTCGAGGGGGCGAGCTTGATGTCCTGCCCCTGCGCGCAGAGGAGCGTCAGGGTGAAGCGGGTGGCGTCGGCGCCGTACTGGTCCACCATCTCCAGCGGGTCGATGCCGTTGCCCAGGCTCTTCGACATCCAGCGGCCCTGCGCGTCCTTCACCATGCCGGTGATAAAGACGTTCTTGAACGGCGGCCGGCCGGTAAACTCGTACCCCGCCATGATCATGCGGGCAATCCAGAAGAAGAGGATGTCGTACCCGCTGACGAGCACGTCGGTCGGGTAGAATTTCTCCAGGTCGTCGGTCTCCTCCGGCCAGCCGAGCGTGGCGAACGGCCAGAGCCAGGACGAGAACCACGTGTCGAGCACGTCGGTCTCCTGCACCATGCCGTCCTCCGGCTGGTCGATGCTCACGACGTAGCCCTGCTCGGGGTCGGCCTCCCCGTGCTCGTCGGTGTAGTACCAGACCGGAATGCGGTGGCCCCACCAGAGCTGGCGGCTGATGCACCAGTCGCGGATGTTCTCCATCCAGCGGAAGTACTCGTTGGCCCAGCGGTCGGGGAAGAACTCGATCTCGCCCTCGCGCACCGCCTCGATCGCCGGCTCGGCCAGGGGCTCCATCTCCACGAACCACTGCCGCGAGATGAGCGGCTCGATCACCGCCTCCGAGCGCTCGGAGAGGGGGACGCTCATCATGTAGTCCTCCACCGCCACCAGCAGCCCCTCCTCCTCTAGGTCCTCCACGATCTGGTCGCGGGCGTCGAACCGGTCCATGCCCTCGTAGGGCCCGCCGTTCTCGTTGATGTCGCCCGTCGGGCTCATGATCGTGATTTTCTCAAGGCCGTGGTCCTCCCCAATTTCGAAGTCGGTCTCGTCGTGGGCCGGGGTGACCTTGAGCGCTCCCGTGCCGAAGTCGCTGTCGATCCGCTCGTCGGCGATGATGGGGATCTCGCGCCCCAGGAGCGGCAGGATCGCGGTTTCGCCCACGAGGTGCTCGTACCGCTCGTCGTCGGGATCCACGGCAATGGCCGTGTCGCCGAGCATCGTCTCGGGACGGGTCGTGGCGATCGTCAGGGACTCGTCCTCGGCGCCCGCGAGCGGGTACTGGACGTGCCACAGG
CP030361.1_gap73	2669065	2670925	1860	GCCGCATCGACGCGGCCGTCGAGCGCGTTGCGGCCGTGATGCGTCCGGGGAACGTCGCGGCCTCCAGCGTGGTCGCCGGGGGGCACGGCACGGCGACGGGGTCCCCGGAGGCGCCCCGCCCCGGGGATGCCGGCTCGGCGGCCGTTGCGCGGTCCAGTCCGGCCCGCCTCGACGGTGCGCTCTCGGCCCCAGACGCCGCCCCCGCCGGTACGGCCTCGTCCTGCCCGCCCCAGTCCGACGCCTCCGGCCCCCACGAATCGGCCGACGCCTCCGGCGCGACGAATGGGGCGTCCGGCGTATTGACCACCATTAGCCACGTCGTGCACCTCCTCTGGTGGGGCGTGGCAGCCGCAGGGCTCGTGGCGGGCGTGATGTACCTGGCCCGAGGGGCCCCGGAGGTGGCCGTCGAGGTCGCCCCGACCTTCTTCGGGCTCTTCACCGTCGCCGGGGTGACGGGCACGGTGCTCTCGTTCTACCTCTACTTCGTCGGCCGCCACTACATGGACGAAGCGGGGGCCGGCCGCCTCCGCGACCGCTTCGGGAGCGCATACGAGACATTTCAGCACGCCGCGATGGAGACGTCCATGGTGACGGTGTGGGTGCTCGCGGGCTATCTCCTCTACGAATACACCATGGGCCTTTTTGCCCTCGACCTCAGGGCCCTGTCCACGATGGCCGGCGTGTTTGCGCCGGCGGCGGGGGCGGCCCTCGGGCTCGTGCCCGGCTGCACCCCCCAGATCATCTTTGCGCAGCTCTACGCCGTCGAGGAGGTGATCCCGTTTTCCGCCCTCGCGGCCAACGCCATCAGCCAGGACGGCGACGCCCTGTTTCCGCTCATGGCCATCGACATGAAGGCGGCGCTCATTGCGACGATCTACACGACCATCCCGGCGCTGGTCGTCGGGGCCCTCGTGTACTACCTCTGGCCGTTCGCCCGCTTCGGCTTCGGCGTGCTCGGGTAGGGCGCCTCCGCATCACTCCGCCGGCTGCAGTTCACGGAGCCGGTCCCACCGGTAGATGCCGCCGCGGTGGCCGTCGTCCCAGGTGATGCGCAGCCCCACGCTGCCCGCCTTCTCGATCCGGACGTTTTTCCAGCGGTTCTTCTGGCGGAAGATGTGGAGAACGCCCGGCTTGGGGATGCGCTCGACCTTCTTCCCCTCACATTCCGCACACGGACATGCCTCCCGCAGCCCGTCGAGCGGAAAGACGGACGCGTGCCCATCGGCCCACTCAATGTTGAGCCGCTGCATCTTGACGTCGAGCGAGACGCGTTCGGGCGGCGGGATGTCCACGGCGAGACCACGGGCGAGAAGCAGGAACGCGCGACACGCCGGATCGGGCGCCGCGTCGGCAACGCGCCCATCGCGGACGCCCCCAATTCCGGACAAAACCCCACAGATGCCTGCCGGGGATGATCCCCGGGCCCGCACTACCCCTCCCCCAGCGAAGGCGCGTCATTCGTGGGCTCCATTCCCGGTAGGACCACCGTCACACACGTCCCCTCTCCCTCCTCCGTCGCCACGTCGACGGTTCCGCCCATTCGGTCGACCGCCCGCTGCACGACGGCCAGCCCCAGCCCGGTGCCCTCGTACTCGCGCCCAAAGCCCTCCGACGCCTGCCGAAACGGCTCGAACAGCGCCGGCACCTCGTCCGGGTCCATGCCGATGCCCGTGTCCTCGACCTCCACGACCACGTCGCCGGCGGCCCGACCGACGCGCAGCCACACGGTGCCGCCCGCTTCAGTGTACGTAATCGCATTGGAGAGGAGGTGACGCAGCACAATCGGGACCTGATCCGCGGGGGCCCGGGTCCGCATCGTCGCGCTCCCCACCTCCGTCCGGAGCGCAATGTCGTCCGCTT
CP030361.1_gap74	2865665	2867841	2176	GTGAGCGGGGAGACCACGGCCGGGGGCCTGCAGCGCATCGGGTGGGTGTTGCAGAGGCCGGTGGACGTGCTCGTGCTGGAGCTGGGGGGCAACGACGGCCTGCGGGGCATCGACCCGGGCGTCACCCGCAAGAACCTGCGCGGCATTATCGACACGACCCTGAGCACGTACCCGGAGGCCCGCGTCCTCCTGACGGGGATGCAGGTGCCTCCGAACCTCGGGCCGGAGTACGCCCGGCAGTTCCGCCAGGTCTACCCGGCGGTCGCCGAGGCATACGACCGCGTCACGCTGATTCCGTTCCTCCTCAATGACATCGCGGGGTCCGATTCCCTAATGCAGGACGACGGCATCCATCCCACCGCGGCCGGCCACCGCCTCATCGCAAACGAGATCTGGACCGACCTCCGGCCCCTCCTGGAAGAGAGGCGCCCTCAAGACCCAGCGTGAGAGGGGCCGTTGGAACGTTACACGTTGAATGTTCAACGCTTACGCCTCCTCCATCTCCTTCACCGCGTCGGTGATCTCGGCGACCGCCTCCTTCGCGTCGCTGAAGAGCATCTTCGTGTTGTCCGCGTAGAACAGCTCGTTGGGCACGCCGGAATAGCCGGGGCTGAGGCTGCGCTTGATCATGACGACCGTGTCCGCGTCGTCCACGTTTAGGATCGGCATGCCGTAGATCGGGCTGCCCTCGTCGTCCCGGGCCGCAGGGTTGACGACGTCGTTCGCCCCCACGACGATGGCGAGGTCCGTCGTCGAGAACTCGGGGTTGATGTCCTCCAGCTCGTAGAGCTTCTCGTAGGAGACGTCGGCCTCGGCGAGAAGCACGTTCATGTGCCCCGGCATGCGCCCCGCCACCGGGTGAATCGCGTAGCTCACCTCGATGCCCTGCGCCTCCAGCCGGTCGGCCAGCTCGCGCACCTCGTGCTGGGCCTGCGCCACGGCCAGCCCGTAGCCCGGCGCGATGACCACCCTGTCGGCGTAGCGGGCCAGGATGGCCGTGTCGTCCGGCGACGTCTCGTTAACCGTCTTGCCCTCCGGCACGTCGAGCCCCGCCGCGGGCCCGTCGCCCCCGCCGAAGCCGCCGAGCATGACGTTCGCCAGGGACCGGTTCATCGCCTCGCACATGAGGACGGTCAGGATCATGCCCGCCGCCCCAACGAGCGTCCCGCTCACGATGAGGGCCGTGTTGTCGAGCACGAATCCGGCCGCGGCGGCCGCGAGGCCGGAATACGAGTTCAGGAGCGACACGACCACCGGCATGTCGGCCCCCCCGATGGGAATGACCAGCAGGACGCCGAGCAGGAGGGCCGTCGCCCCGAGGCCGAGGGCCGCGAGGATCATCGGGCGAGCGAGCGTGGGAAAGGCCTCCGCGTACGCCACCATCACGCCGAACGCCACGCCCGCCCCCACGAGCAGAAGGCCCGTCAGCACCCGCAGGCCGGGAAAGGAGATGGGGCTGCCCGTAATCCAGCCGCTCAGCTTGCCGTTGGCGATGATGCTTCCCGAAAAGGTGACGGTCCCAATGAGGATCGAGAGCGCGATGGTCACCGCCGTGACGGCCCCGAACCCGTACACGTCCCCGCTCGCGTACTGGGCCAGCTCCGCCCCCGATACGAGCGCGGAGGCAAGCCCCCCAAACCCGTTGAACACAGCCACCAGCTCCGGCATGGCCGTCATCTCGACCGTCCGCGCCAGCGCCACGCCGACCAGCCCGCCCAGGGCGAGCCCGCCCAGAATCAGGGGCCACGACAGAATGTCCTGCAGGAAGAGGGTCGCGACGACGGCGACGAGCATGCCCAGGGAGGCCAGCGCGTTGCCGGTGCGGGCGGTCACGGGCGACTGCATGCGCTTGAGCCCGAACACGAAGAGCACCGCCGAGAGCAGGTACGCGAGGTCAATGATCGCAGTCTTCATAGGCAATACCGTACGAGGGAGAGTCTATCGGTAGCTGTGTCCTTTCTGTTGTATTTCGTGTTGCGTATTCCGTCGGTCCGACTCCCCGAACGCAATACGAACTACGCAACACGCAATACGCGCTCAGTCTGCTGAGCCGTTCGTCTGTCCGGCCCCAACCGACGCGGGGGCTGCCTCCTTCTTGCCAAACATCTTCAGCATGCGGTCGGTCACCAGGAAGCCGCCGACGACGTTGATGGTGGCCACCACGAGCGCCCCAAAG
CP030361.1_gap75	2869021	2872438	3417	CAGCGCCGTCACGCCCCGGTCCGCCAGCGCCTGTGCGGTCTCCGGGCGTTCGAGCGGGCTGAGAAACCCGACGAGGACCTGCCCCTCGCCGAGCCGGTCCACCTCGTCGTCGGACGGGGGAGCCACCTTCGCGATGATGTCGGCGTCGAATGTCGCGTCCCGCCCCACGACCGAACACCCCGCCGCGTCGTAGTCGGCATCGGTGTGGTACGCTCCCTGCCCGGCGCCCTCCTCGACGCGGATGTCTAGATCGTCCACCGTCGCCAACAGGCGATCGGCCACGTCGGGGACCAGGGCGACGCGGGTCTCGCCTGGTTCGGTTTCGCGTGGGACGCCAATCGTGAGAGCCATTGCGCCGTGGTCGTTGATTCAAAGACCGTCTCGTACCGTTCTCTCCCCAAGTCCCTGGGGCTCGTCCTGTTTCTCCCGCCCCGAACGTTCCGGCCCTATCCGTGCGTCCGTTCGAACTCTTCCATGAACGCCACGAGCCGCCGGACGCCCGCCTCGGGCATGGCGTTGTACATGGACGCGCGCACCCCGCCCACGGAGCGGTGCCCGGACAGGCCGAGCAGCCCCTCCTGCTCGGCCTTCTGAAGGAAGACCGGCTCCAGGTCCGGGTCGTGGAGCCGAAACGTGGCGTTCATCGTAGACCGGTCCCCCGGGTCGACGGTGCCCCGGTAGAAGTCGGTCGCGTCGATCGCGTCGTAGAGCATGCGCGCCTTCCGCCGGTTGATGGCGTGGATGGCGTCGATGCCCCCCTGGTTGCGGAGCCAACGGCAGACCTTTTCCACCATGTAGATGGCAAAGACCGGCGGCGTGTTGTAGCGACGCTCCGCGTGGGTGCCATAGTCGAGCATCGTTGGGAGCGGCTGCGTGCGGCGCTGCAGAAAGTCGTCGTGCACGAGGACGACGGTGACGCCCGCCGGCCCGACGTTCTTCTGGGCCCCGGCATAGATGAGCCCGTAGCCCTCCAGGTCCATCGGGCGGCTCAGAAACTCGCTCGACGCGTCGGTGACGACGGGCACGTCGAGCACCGGGTCGTCGGTCATCTGGTTGCCATTGACCGTTTCGTTGGTCGTGATGTGGACGTACGACGCGTCCGGGGTGAGGTCCCATTCCGCCACGTCCGGCACGTACGAAAAGTCCGCGTCTTCGCTGGAGGCGGCGACGTTCACGCCGCCCACCCGCTCGGCCTCGGCGACGGCCTTCACGCCCCACCGCCCCGACACGACGTAGTCGGCCACGCCGTCCTCGGGGAGAAAGTTGAGCGGCACCTGGTAAAACTGCATTCGGGCCCCGCCCTGCAGGAAGAGAATGTGCCAGTCGTCACCCAGGTTGAGCAGGGCGCGAAGATGCTCTCGGGCCGACGCTTCGATCTCGTCGTACGCCGGCGATCGGTGGCTAATCTCCATCACCGAGGCCCCAACGTGGTCGTACACGGGCAGCTCGTCCTTCACCTCCCGCAACGCCTCCACGGGAAGCGTGGCCGGCCCGGCCGAAAAGTTGTACTGGCGCTGGCTGCGGTCGGCGGGCCCCGCAGCGTCGGAAATAGACATGAGCGAACGGTTGATTCAGTAGGAGAGAAGCACAATGGGTCGGCGACAGGGCCCCCTACCGCCCCGAGGCAACGCAAAGTGGCAACGCACACAATGCGGCGGCGCCGCGCAACAAAGCATCTCCCGCACAGGTTGTGTCGGGCCTTTCTATATCATTTCTCTAAAATAGGGACATGCACGCGGGAAAGACACCTGCGCCCTCCCCACCCCGCTTGCCGTTACACGAACATTGCGCCGGTCTCACGCCGCCCGTCCGGCTGTTTCCCACAGCAATGCCCCTGCACAGATCGACCATGCAGGGGCACGGAAAATCCAAAAATGGGACGGTGTCCGCGGCGTCCGGACGGTCCGTCCGCACTACGGCGTGACGATGTTTCCGCCTTCGCCGCCGCCTCCGCCGTCGGGCGAGCCACTGCCTTCGGCAACGTCGATCACTTCGATGTCGAAGATCAGCGTGCGTCCCGCCAGCGGGTGGTTCGCGTCGATGGTCACCGAGTCTTCCCCGAGGGCCGTGATGAGCACCGGGACGGTCTGGCCGTTCTCCAGTCGCAGCTGAAGCTGCTGACCAACCTCCGGCTCCACCTCGTCGGGAATCTGGTCGTGGTCCATCTCCATGACCATGTCTTCGCGGTGCTCCCCGTAGGCCTGCTCCGGCTCCACCTCTACGGTCTTCTCGTCGCCCGGCTCCATGCCCGTTACGGCCTCCTCAAACCCCGGAATGACACGATTCTCCCCGATGATAAAGCTCAGGGGCTCCTCCTCGGACTCGTCGAACTTCGTGCCGTCTTCCAGTTTTCCGGTGTAATGGACCTGGACCTCGTCTCCTGTATTCGCTTGTGCCACGACGCTATATCGATCTGTTGCGATGGGTATGAGTAATAGTAATCACGACGGTGTAACGCGTCGTGCAAACCAGTGTTCGGGAATCCCGGCAGATCGCGCGTTCTTTACCTGCCTGTGCCTGCGCGGCGGCGCCCGCAATTCGGCCCGTCTCCGAGGTGCGACGAACTCGTAAGGGATGGCGGCGGTCCGTCGGTCCGGGGAATATTCCCACGGGTTAGGGATTGAGGCTGATCCGTAAGCCTTTTCAACTACTCCAAATAGCCAATGACTACCTACGCATCACGCTTTGTCTTTCTTCTCGGCCTCGGCCTCGCCCTCCTTGCCGGCCCGGCCGTCGCCCAGCAGGACGACATGGGCGCCGACCAGCCGGACGTCGTTGATACGGCCGTCCAGGCCGATGGCTTCAACACCCTGGCCCAGGCCCTGAAGGCGGCAGACCTCGTAGAGGACCTGAAGGGCGAGGGGCCGTTCACCGTCTTCGCCCCGACCGACGCCGCGTTTGAGGCGCTGCCCGACGGGCAGCTCGAGTCCCTCCTGCAGCCCGAGAACAAGGAGCAGCTCCAGGCCATCCTGCGATACCACGTCGTGAGTGGCGCGGTCATGGCGTCGGACGTCACCGGCGCGGACGCCGTCCCGACCTTTGAAGGACGCTCCATTCAGGTGCAGGTCGACGACGGCACCGTCCGCCTGATGGGCCAGAACACCGCTACTGTTGTGCAGACCGACCTCGAAGCGTCAAACGGGGTCATCCACGTCATCGATAGCGTTCTGCTTCCCCCGGAGGCCAACGACGGAGGCATGTAGTCTCCTCCTTCTTCTCTCGTCCCCAAGGGCGTGGCCGGGTGCCACGCCCTTTTTTTGTTTGTCGGGATCGGGTGTCGGTGATCGGAATCAGGAGACGGCCTGGGGGGCGCCCTTCTCCCGCTCCCGGTACATCTTCTCGACGACCACCATGTGGGGAAGGGTCATGATGGCGATCAGGATGAAGAGAAGCGCGACCATCTGGTCCTCCAGCCCG
CP030361.1_gap76	2873593	2878011	4418	GCCCCTGCCGGGTGTGACGATGCTGAGAAACTTACGCTGGGCGGCGATATTACGGAAAGGCGACGACCGCGTGGCGTCTAATTTGTTCAGCGTTGTTACGCACAAGCACCTCATTCCACGCCTCCTCCCCTCCACATGCCGTTTGACACACCGTCGTCCACGTCCGACCGCCCCCACGTCGTCATCGTCGGGGCCGGGTTTGCGGGCCTGGAGGCCGCCAAAACGCTGCGCGACGCCCCGGTCCGCGTCACGCTCGTTGACCGCAACAACTACCACAAGTTTCAGCCGCTGCTCTACGAGGTGGCCATGGCGGGGCTGGAGCCGGACGACATCGCGCACAATGTGCGCAACATCTTCCAGGGCAACGAGACGGTGAACTTTCGCCTCGGCACCGTGGTCGACATCGACCCTGCCCGCCAGCAGGTGCACCTGCACGGCAGTCAGTCGCTCTCCTACGACCACCTCATCCTGGCGGCGGGTGCCGTCTCGACCGACTTCGGGATTCCCGGCGTGGAGGAGCACGCCTACCCCCTCAAGAACGTGCCCGACGCCGTCAACCTGCGCAACCGCGTGCTGCGGCAGTTCGAGCGGTACGACCGACAGCGGGCGGGCGCCGGAGAGGGCGCCCTCACCTTCGTCGTGGTGGGCGGAGGGCCAACGGGCGTCGAGATGGCGGGCGCGTTCGTGGAGCTCTTCGACACGCTCAACGACGACTTTGCCCAGTTTGATACGCGCGAGGAGGCCCGCTGCCTCCTTCTGGAGATGGAAGACGACCTTCTGCCCCCCTACAAGGCGCCGCAGCGGGCCTACACCCGACAGGTTCTCGAGGCGCGCGGCGTGGACGTCCAGACCAACACGGCCGTCGAGCGCGTCGCCCCCGACCGGGTCCACCTCGCCGACGGGCGGGTCCTCCCGACGCAGACGCTGGTCTGGGCGGCCGGCGTAAAGGCGAGCCCGGTGGCCAACCTGCTCGACGCCGAGCAGGACCGGGCCGATCGGGTCGTCGTGAGCCCGGACCTGACGGTCCCCGAGCACCCGGACGTGTACGTGGTGGGTGACATGGCCGCCATCGAGGGCGAGGACGGATACGAGCCCCAGCTCGCGCAGGTGGCCATCCAGAGCGGCCGGCACGCCGCGGACCAGATTCAGCGCCGCCTCCGCGACGCCACCACGGAGCGATTCGAGTACTGGGACCTCGGCCAGATGGCTACGATCGGCCGGAATGCGGCGGTGGCCGAATTTGCCGGGGGCATCGCGTTTCGGGGCTTCATGGCCTGGTTCCTCTGGGTGGTCATCCACATTGCCAAGCTGGTGGGCTTCCGCAACCGCCTCAGCGCCCTCGTCAACTGGGCCTACAACTACTTCACGTACAACCGCAGCGCGCGTCTCATCCTCGACGCGGTGCCCCTCTCCGACGACGGGCCCATGGAGGGGGAAGCGGAGGGCGAGCAGGTCACGGAACGCCCCCAGACGGTGGGACCCCAGCCGTAGTCGTCCGTTTGCAGGGGGGTCGACGCTGGGGCGGAGGCGTCGCTCTTCGCCCCAGCCCCATTCCGCTGCCCGTACCGCCCCATGCCTCGCTGCCTCGCCCTGCCGCTCTCCCTTGCCGGTCTTTGCCTCGTCCTCCTGCTGTCCGGCTGCGGGGACGCCTCCGACCTTGGCGTGGCTGCGGGGCGGTACCGCCTCCAGATCCAGGGGGCCGTCACCGACACGCTCGCGGGCCCCGCCGTCCTCCGGTCGGCACGCGACGCCCGCGTCGGACTTGAGCTGGGCACCCGCGACGGGCCCGGCCTTTCGATGGAGTTCACGCCGCGCGGCACAGGCGGGGCCCCCGATGCAGCAACGGGCCGTTACGACGTGGTGCGGGCCGCCCTGCTCAATGCGCCCCGAACCGACAGCCTGCCGGGGCTCGTCGCGTTCCTGTCGCTGCCCGGTGCCCGCTTCGAGGCCACGGAGGGCCACGTTTCGATCACCCAGGCCGGGCGTGGGGCCGTGGGCGGGACATTCACCCTCGAAATGACCGAACAGGCCCCCGCCCTCCCGACTTCGCGGACGATACGGGTGACGGGGGCGCTCCGGGCCAGACGGCCCTGACCCAGTCTCCGGGGCCGCAAACACGCCACTGGACGGCTCGACCGACGCTGATGATTGCATTTCTCCGGACACTCTGTCGTCTTTTTCAAAAATACTCCCCTTGCCTGAAAAGATATTGCAGGGGTACCTCCGCACACGCGGGGATAGCCCCGGACGCACCGCGGCCTCACAGAATCGCATGACGTGGAGGAGCTACTGGAGCAGCCGGGGGAGGCTCCGACAATCGACAGGGACGATCTACTGCTTGTCGATCCGGAAGCGCTCGGAGACGAAACGGCCACAGCCTCCCGTCACGCCTCACTTTCGTCGCTCTCAGGCTCCGGCAGATCGCCGAGAATGTCGCGTACCGGAATGTCGCCGACCGATGTCGGGCGCTCCGGGGTCACCGTGCCGTCCAGGCCCGCGAGATGCCGAGTGCGGTACACATCGTCATCCGGCTCCCGATGCACTTCAATCTGCCGGGCGTCCAGGTCCACAATCCACACTTCCGGAATGCCGGCACGGGCATAGAGGGGTCGCTTCACGTCGCGATCGTATGTCAGTGTGGTATCGGACACCTCGACCAGAAACAGCACGTTGTCGGGACGCGGCACGCCATCGAGCGCCGTGGACAGCACGACATCCGGCTCCGGCTCGTTGTGCTCGTCGATCCGAACGGGATTCTGCACGCTCACCACTACGTCCGGGGTGGTCCGCTCCACAAATAGGCGGTTCAGGTGATTGACACAGACGATGTGCGGATCGTTGATCGGAGACATCACGACGAGCTGACCATCGATGAGTTCGAGCGGGTCGTCCTCGTGCAGAATGCCGGCGTGGAGCATAGCCTGCACTTCGTCGGACGTGAACCGACGCGGCTGAACGTCGGTCGCCGCGGGAGAAGCGAGTTCAGTCATGGGAGCGGTGTCCTGTAGGCACAGTTTGGAACAGGACGTGCTGCAACGAGGGGAAGCCGCGATCAGTTCAGCTCAACCCGCTGTGTTCAGGGAGGCACACGGCCCAGCTGGACGGGTTGCAATTGGAAAGACGTGTCCTCGAGTTGATGCACCATGACCTGCCCTGCAACAGACTGTCGCTCTTTCGGGGCGATATACGGAGCGACGGGCCCGTAGCGCCCGGCTCCTGACAAACTATACCAGGGGTGACCCCGCACCCGCGGGGATAGACCCTTTTTGCCAGTGTCCGTTCCACTCCCCATCTAGGTGACCCCGCACCCGCGGGGATAGACCCTCTCATGCCGGCACATGCGGGGAGGGATAACGGCTCCTCCAGGGACCAAGCCCCCGCCCCGGAGGCCCGGAAGCGCTTCCCTTCACACGTTCATCACCGAACCCCCCCCGCCAATCGACTTGATCGTTCCGGAGGCGCCCGCTATCGTGGAAACCACTATGACACGCCAGCCGACCCTCATTGCGCCGATGACCCGACGTCGAGCCCGACGCGTGCGACGACTGCACATCTCTTCTACGGCTCGACCGGCGTCCCAGGCGTCAGATGAGTAAGGCTTAGCCCCCCATTTGACGCGGCATCGCCGCCTTCTCTGCAGAGGCGCTGGTTCTCACGAGCCAGCGCCTTTTTTGTGTTTCCCCCCGATTTTTGTCTTCCCATGGCCATCGTTCTCGCCTTCAGTGGAGGCCTCGACACCTCCTTCTGCGTTCCGTACCTGCAAGCGACTCACGACACGCCGGTTCACACCGTGACGGTCGACACCGGCGGCCTCACCGACGCCGACCGCACAGCCATCGAGGCCCGAGCCCGGCACCTCGGCGCGGACCGGCACCACCTCATCGACGGGCGGGCCCCGCTCTACGAGGATCACCTGAGCTACCTGATCAAGGGGAATGTCCTGAAGGGCGGCGTCTACCCGCTGTGCGTGGGGCCGGAGCGCATCGTGCAGGCGCGGGCCGTGGCGGAGGTGGCACAGGCGGTCGGGGCCTCTACGGTCGCCCACGGCTCCACCGGGGCCGGCAACGACCAGGTGCGGTTCGACGTGGCCCTGCAGCTGGTGGGCGACGACCTCGACGTGATTGCCCCGATTCGCGAGCTCGGCCTAAGCCGGGATGCCTCGACGGCTTACCTCGAAGAGCGCGGCTTTTCGGTGCCGGACGACACGACCGACTACTCCATCAACCGGGGCCTCTGGGGCACCACGATCGGCGGCAAGGAGACGCTCACGGCGAAGGCCCCGCTGCCGGCGGACGCCTACCCGGACACGACGGCCCCCGCCGACGCGCCGGACGTGCCGCGCACCCTCACGATCACGTTTGCGAACGGGCTCCCCGTGGCCGTCGACGACGCGTCCCTCTCGGGGGTCGAGGTCGTCG
CP030361.1_gap77	2899529	2904422	4893	GAACGCCCGGGCGCGTGCTCCGCTGCAGGGCCTCCAGCCCCTCGGCCATCAGAACCCGGTTTTCGCCGTAGAGCGGAACGATGTCGCTCGCCGTAGAGAGGGCCAGAAGGTCGAGGTACTCGTAGGCCGCGTCGGGGGCCTCGTCGCGGTGTGCGAGGACCGCCTGGACGAGCTTGAAGGCCAGCCCGCACCCGGGCAGCTCCTCGAACGGGTAGTCGTCGTCCGGCCGCTTCGGATCAAGCACGGCCAATGCCTCCGGCAGCGTCTCCTTCGGCGTGTGGTGGTCCGCAATGATGAGGTCGAGCCCCAATTCCTGGGCGTAGGCCGCCTCCTCGTGGGCCGTGATGCCACAGTCGAGGGCCACGACCAGCGAGGCGCCGCGCTCGGCCGCCGCGTCGAGGCCCCGCCGGCAGAGCCCGTACCCGTCCTCGTAGCGGTCCGGGATAAAGAACGACACGTCCACGCCCCGGTCGCGAAGAAAGTCCGTGAAGAGCGCCGTGCCCGTCGTCCCGTCCACGTCATAGTCGCCGTACACCAGCACGGACGCCCCGTCGTCGATGGCCTCGGACAGGCGGGCCGCCGCCGCATCCATCCCCGCCATCCCAAGCGGGTCGTGCAGGGCCGACCGGTCGGCCCGGAAGAAGTGCTTCGCTTCCTCAAGGGTTGTGACCTCGCGCAGGGCTAGGGCACGGGCGAGGGGCGCGGGCAGGTCGTTGAGCTCGCGCTGCAGACGAGGCACCACGTCGGGCTCGTCGAGGGCACGCGGGGTCCATCGGTAGGTCATCAACAACAGGCTAAAGTGGCCAAACAAGACGCGTAACGGGGTTGGAATATATAAGACACACCAGAGCCCCCGTTGTAACGCGACGGACTGATTCCTCTTAAAAACAAGCGGACATGGAGAAATGGTGACATTTGGCGCCCGGTTCCGGACGGCGGTCAGCACGCGAACCCCCCTTCGCTCGTCCCAGACGGCTCGCGACGCGCTTCCCATTCTCCCGTTCCAGGCCTCATGCTCCCGTGAACCAACTGGGGAACCCGCCCGTAGCAGCGAGTCCGATTTGCCGTACGTACCGCCTTGAGTAGGCCTCTCCTGCCTTCCGGGGCCTCGGCCGCATCGCGTTGAACGGACAGGCGTCCCACTCCCTGTCCGAGCACTGACGGTCCGGATCGTCTGTTTCACGCCGGACCCAACTGATTTAGCTTCCTCGCCACCATGCCCCTCCGTTACGACGGCCCCTGCCATTGCCGCCCTTGCAAGCGCCCGACTCGTCGCGCTGTTCTCCCCCCCGGCAGGTCGTTTTCACCTCGGTCCCTTCGATAACCCATCGGGCCCGAGCGGCCCTTTTGACCCGTGAGCAACTCAATGAAAATCTCCACGCTGCAGGACAAGAAGCTCGATGAACTCCGCGAGATCGCGCGGGAGCTGGACCTCACCGGCTACTCCGACCTGCGAAAACAAGACCTCATTTACCGCATCCTCGAGGCGCAGGCCGAGGGGGCCGCGTCGGGGGAGGAGCCCGACCTCAACGAGACGGACCCCTCCTCCACGCCGGACAACGGCGCCGGGGAGACCGACCGCACGTCCTCCGATGCGTCCCAGACCCGGAGCTCCGGGAAGCCGGACTACATGCGCCGATACGACCCCAATCAGACGGAGCTCCGGGGGATGATCAAGAAGGCCGGTGTGCTCGAGATTCTCCCGGACGGCTACGGCTTTCTCCGCTCCGACGAGTACAGCTACCAGTCGAGCCCCGACGACATCTACGTCTCGCCGTCTCAGATCAAGCGCTTCGGCCTGCAGGAAGGCGACACGGTAGAGGGCCGCGTGCGTCCCCCAAAGGAAGGCGAAAAGTTCTTCGCCCTCATCCAGGTCGCGTCGATCAACGGCTGCGACCCGGGCGAGCTCGGCGAACGGGCCGACTTCGAGTTTCTGACCCCAATTTTCCCCGATGAGCGCTTTACGCTCGAGGTGGAGGCGGACAGCTATGGCCCGCGTATTCTCGACCTGTTCGCCCCGATCGGGAAGGGGCAGCGCGGCCTCATCGTCTCCCCCCCCAAGGCGGGCAAGACGGTGCTCCTGCAGAAGATCGCCCACGGCATTGCGACCAACCACCCCGACACCCACCTCCTGACCCTCCTCATCGACGAGCGTCCGGAGGAGGTCACCGACATGGACCGGACCGTGGAAGGGGAGGTCGTCGCCTCCACCTTCGACGAGGAGCCGGAGCGCCACGTGGAGGTGGCGGACACGGTGCTTCTGAAGGTGCGTCGCCTCGTGGAATCGGGACAGGACGTGTGCGTGCTGCTCGACTCGATTACACGCCTGGCGCGGGCCCACAACGCCGTGACGCCGGAGAAGGGACGCACGCTGTCCGGCGGCATCGAGGCCGGGGCGCTGCGCGGCCCGAAACGGTTCTTCGGCGCGGCCCGAAACGTTGAGGAGAGCGGGTCCCTCACCATCATCGGCACTGCCCTCATCGACACGGGCAGCCGCATGGACCAGGTCATCTTCGAGGAGTTCAAGGGCACCGGCAACATGGAGCTCGTTCTGGACCGCGAGATGGCCGACCGGCGCCTCTACCCGGCCATCGACCTCATTCTGTCCGGCACCCGTCGGGAGGAGGAACTGCTGCCCAAGCCGATGCTGAAGCGCGTCTGGGTCATGCGCAAAATTCTGGCCGACATGGAGCCGATCGAGGCCATGGAGTTCCTGCTCGACAAGATGAAGGACACAGCGGACAACGAGGAGTTCTTGGAGATGATGAATTAGAAATTCTGTTCGGCCGCCTCTTTCTTACCGGACGGAGTCCCCTCCGACTCTGCGTGTCGTTCCGTTTCCAGCTGCCCTTCCTCGCCCCCATGCGAACCGCCCTGCGCACCCTTGGACTCTCGCTTCTTTGGCTTCTCTTCGTCGTCGCGCCGACCTCGGCCCAGGACGCCGATCCGTTCGTGCGCCACCCAGCCGTGCACCCGGATGGCGACCGGATCGCCTTTTCCTATCAAGGGGACCTCTGGACCGTCCCCGTCGATGGCGGTGCGCCCGAGCGCCTCACGATCCACGAGGCCTACGAGGGGGAGCCCCGCTGGGGCCCCGACGGCGACCGGATCGCCTTCACGAGCGACCGCTTTGGCAACGACGACCTGTACGTGATGGACGCCGCCGGCAGCACGCCGACGCGCCTCACGCACCACTCCACAGGCGACGCCATCGGGGGGTGGACCCCGAACGGGAAGCTTCTCTTTACCACGCGACGCACCTACGCACAGGCCGAGTGGTCGGACGAAATCTACGCAGTGGACGGGGACGGCGGCACGCCCGACCGGCGACTCGACGCCGTGGGCAGCGCGCCCCGCATGTCGCCCGACGGCCGCTTCATCGCCTTCGAGCGCGGGTACAACGACATCACCAAGAAGGGCTACGAGGGCCCTGCCGACCGCAACGTGTGGGTCTACGACACCGAAAACGACACGTACACGCAGGTGACCACCTACGCGGGCAACGACCACACGCCGGTCTGGACCGGCCCGCGCACACTGCTGTACGTGAGCGAGCAGAGCGGCACCTACAACGTTCACCGGCTCGCCCTCACCGACCAGGGCGCGGCCGACGGGGCGCCCGAGGCCGTCACCACGTTCGACGACCACGACGTACGGAGCCTCAGCGCAAGCCAGGACGGGTCGGTCGTCGCCGTCCAGCGGCAAACCGACATCTACCTGATTGAAAACGGCGGCGAGCCGCGCCCGCTGGACGTTACCGTTCCGGCCGACTACCGGTTCGACCCCACCGAAAAGATGCAGATGACCGACGGCCTCCGCGACTACGCCGTCTCGCCCGACGGCGAACAGGTGGCCCTCGTGCTCCGCGGAGAGATCTTCCTCATGCAGAACGAACCGGAGGAGCCCCGCACCACGCGCCTCACCGACCACACCCACCGCGATCGGGGCGTGGCCTGGATGAGCGACTCCACCCTCGTCTTTTCCTCGGACCGGGGGGGGGATCAGTACGACCTGTACAGACTCGAGTCCGCCGACCCCGAGCACCCGGGCGACCTGTACGACGCCCTGCAGCACCGCGTGACCCAGCTTACGGACACGCCGGAGGATGAGCGGGTGCTGGCCATGGATCCCGACCGCTCGCACGTCGCCCTTCGCCGGGGCGCCATGACGTCCTACGGGGCCGGCCAGCTCCTAACGGCCGCCGTGGCGGACGGGACGATCAAGGACACGACCGTGCTCGCAGAGGGCTGGAACGCCCCCACCGACGTGGCCTGGAGCCCCGACGGCGACTGGCTCGCCTATAGCCAGAACAACCTCAACTTCAACGCCGACGTCTACGTCCACGCCGCCGACGGCTCCACCGGCCCGGTCAACGTAAGCCAGCATCCCAAGAGCGACGCCGAACCGGTGTGGAGCCCCGACGGCTCGAAGCTGGGCTTCGTCTCCGACCGCAGCGGCAACGACGCGGACATCTGGTTCGTGTGGCTGGAGGAGGAGGACTGGGAGCGGACACAGCGCGATTGGGAGGCACTTGAGGACGAGGACGAGTCCGGTGCGGAACGCCCCGAGGACGACGCGCCCCCCGAGGTAAACATCGACCTCGCAAACATCCACGACCGCCTCGAGCGCGTCACCGCCCTGCCCGGGGGCGAGGGCGATCCCGTCATCGCCGCGGACGGCGACACCTTCTACTTCGTGGGCGGCCGGGACGCCGGCCCGGCCGACTACGATTCCGAGGTCGACCTCTACCGCATCCAGTGGGACGGCTCCGAGCGGACGCGCGTCACGGAGCGCAACGTCGGCCCCTCCGACGTCCGCCTCTCGCCGGACGACTCCCAGATCCTCTTCACCCACTCCGGCGGCCGGCTGGCCCGCGTGCCCGTCGCGCAGAAC
CP030361.1_gap78	3026926	3031003	4077	TTGCCTCCTGGGCGCGCACCTCCCAGCTGAAGGACTGCAGGCGCGGGTTATTCGCGAGGGCCAGGGCGAGGCTCTCCTGAAGGGTGAGCGTATCGCCGGGGGCGTTTTGCCATTCGGGCGGACGCTGCACGTCGCTGCCCGCCGGTTGCTCCGGGCCGTCGCGCGGAACTTCGTACGCCGGGAGATCATTTCCTAATGGACGCGGCTCGGGGTCGGGCCGCGTCGAGCGGCAGCCGATCAAGAGAAGGGCGATGCAGACAGGGTAGACGTAGACAGGGGGCGTTCGCATACAGAGGAGGTTGAAAGGCTCAAAAAGCTGGTGAGGCACAGATCGACCCCATTCGCAGAGGGGTCCCGTAGGGGGATGCTGGCCCCAGACGAAGGGCCGATCCAAGAATTCCCCAAGAGAAGGGCGTGAGGAGATCCGGCGCTACGGGTCCCTCATTCGACCTCTCTAAAGGGATCGTCTCCTGCTCTGCCCGACCGGGCATGCAGGAGACAGGAAGACTAAATCAGCAGAACGACACTGCTGAGAGACGTGTCCTGACCAAGCTCGTTGCGGGACCGTCGAAATCGCGGAGGGGACGAAGAACTGGACTCGCCCGATTCGACGGGCCGAGATTGCAGACTCGTAGAAACAAGGGAGAGATGCTCGCCGGGATCCTCAAGACTGGTGGAAGGCGAAAATATGGCCGTCCCGCAGGGATCATCGGCCTTTGACACCCGAAGCGGCACGTCGGAGCAGTCGATGCAGTGCTCTTGCTCCGAGGCACCTACGACTTTGACTTTGCCCCCCTCTTTTTCGCGAATCCTCTCTGCGCACTCGCCCGCTTCGGCGCGCTCGACATTCACGTCCCCTGACTCCTCAAGACAGAGAACGACTTCAGCCGCGTGCGGGCTGGTGGGGAGCAGAAGCAACAGCCCCAGTGCCACCACGTTCAGCGTGGAGCCCAAACGCTTCCGTATGGAAACCATCGACGGCATGGAGGGACCGCTTCACTGTGGAAAACACTCGGCACATTGTTCGCGGGACAGATACGATTGGTCCCGGTGCCTGTTTGAAAATATTGTCATGTGCTCATAAGTGGTAGATGTTGACACACTGCTCGTGAGCAGCAACAGACTGTTTCGGGGCAGCAGCTCTTCCAACTCTCAAACTCTGACTCTAACGGATAGGAACCCGTACCTCAAAGGTGCTGCCCTTCTCCTGACCTGAGTTCCAGGCCGTCACCGTTCCGCCGTAACTTTCCGCAACCGCCTTCACGATGGGGAGCCCGAGTCCTCCTCCGTCGGCATGTTGCTCCGTCTCACCTGTGCGGTAGAAGCCTCAAGGAGCCGGTCGGTGTCTCTGGCGCCGAACCCAATCCCCGAGTCCGGCATGCAAAGAAGGACGACTTCGTCCTCTTAGCAGACCTGGACCGTTACGCTCTCCTCTTCGGGGCAGTGCGTGCCGGTAGAGTCTTCGGTGTAAGCAGGTGTGGGGCCTACACATAGCGAAATTCTCGCGCCATTCCGGCGTGGAGGTGGTAGAGGTTGTGGCAGTGGAAAAACCAGTCGCCGGGATTGTCGGCGTCAAACTCGAAGGAGGCCCGTCCCATGTGCGGCTCGACGATCACCGTGTCCTTGAGCGCATTCCCCACGCGGAAGAAGTGGCCGTGCAGGTGCATCGGGTGGAACATCATGCTCATGTTGAACATGTTGACCCGCACGCGTTCGCCCTCTCGAATGGCAAGCGGCTCGGCATCGGGGTATTGCTGCCCGTCGATGGTCCACTCGCCCCGCGACATCATCATTCCGCCGGAGAGCCGCAGGTCGAAGGTGCGGTCCGGCTCTCCAGTACGGCCGAGTGGCGTTTCTACCGACTGCAGGTCGTCGTAGCGAAGCCGACGGCCCTCCTCGCGAAGGCCCTCGGGGACCTGTCCCTCCGGTGGGCGCGCTCGCCGGCTTCCCTGGTAGCTCACCACGGCCCGGGCGGGCGGGGCGTCTCCCTCGACCGGCCGCGCCACGAGGGCGTGCGCTCCGGGCGTGTCCGCCTCCACGATCACGTCGTAGCGCTCTCCCATTCCGATGGCGAGAGAGTCGACCTCGACCGGCTCGACGGGCCGGCCGTCGGCGTGCGAGACCCACATCCGGTGCCCCGACAGGGCGAGGTGGTAGGTCGTGGCACTGCTGGGATTGACGAGCCGAAACCGCACGCGCTCCCCCTCCTTCACGTCGAAGACGGCCGGATCGGCCGGCAGCTTCCCATTGACGAGAAGGCCCTCGTACGGGGGTACGATGCCGCCCATCGCCCCACTCATCATGCCGCCCCCGGAGCTCTCGTCCCCATCCATCATCGGGCAGCCACCACCGCCCATCATTCCTCGACTGTCGTCACTGTCACGCCCCATCATGCCGCCTCCCATCATGCCCCCGCTGCCTTCGCGACCACGATCCGCGGCGAGCTCCTCCAGCGGCCGCGGCGCGCCGGGCAGAAAATCGTCCAGGATAACCGTGTGCTCGCGGTCGTACTTGACGTGCGGGGTGCGCTCCTCGATGATGAGCGGCCCGACGAGCCCGCGGTCGAGCTGGAGCCCCTGGTGGCTGTGGTACATGTAGGTCCCGGCCGGGCCCGCCTCGAACTCGTAGGTCATCGCCCCGCCGGGGGGAATAGGCTCCTGCGTGATGCCGGGCACCCCGTCCATCGCGTTGGGCACCGGCACGCCGTGCCAGTGAACCGTCGTGCCGGCCTCCGGCAACTCGTTCTGCACGGTCACGCGCAGCCGCTCGCCCTCCTTCACCCGCAGTTCCGGGCCGGGATACTGGCCGTCGTAAAACCAGGAGCGATACGTGTGCCCTGGACCGACCCGCACCTCGTCGGGGGTAGCCGTGAGGCGAACCTCGCGCACCTTGGCTCCTGGCGCCGAGTTAGTCGCTCCATCGGCTTTGCGCCCACAACTTATGAGCGAGAGGCCCGTGCCCCCGAGCCCGAGGCCTGCCGTTAGCGCTCCGCCGCGGCGGAGAAACGCGCGTCGGTTTAGGTTTGCAGTCGAGTCCTTCGAATTATCCTCCATGGTGTTGGCATCCTCCTTTTGTGAAAGCAATGATGCGATAGGCTCTGTTCACGAGACCCCATCCGACGATTCGTCGGAAAGTGTTGGGCGTGTCACTTCCCGCTCATCATCAGCCCGGCCGTTCGCCGCTGCCTGCAACTGATTGCGGTACCGAAACCTCTGGATTAGCATGTAGCTGGCCGGCAGAACCACGAGCGTCAAGAGCGCGGCGCTGAAGAGACCGCCCACCATCGGCGTGGCCAGCCGCTTCATGATCTGCGCGCCGGTGCCGGTTGCAAACATAAGGGGCAGCAGGCCTAGAAGCGTCGTGAAGACCGTCATAAGCAGCGGGCGCACCCGCATGCAAGACCCTTCGACCAGGGCCGCTCGGAGGGCCTGGACCGAAGTCAGACGCCCCTCACGATCATATCGTTCGAGGGCTTCGTCGAGATAGACCATCATGACCACGCCCGTCTCTGCCGCCAGCCCGGCCACGGCAATGAATCCAACGCCCACGGCAATGCTCATCTCGAACCCGAGGATCACCATGAGCCACGTGGCCCCCACGATACAGAACGGGAGGAGCCCCAGTAGCAGCGCCGATTTGTAGGCGCTCTTAAAGTGCAAAAAGAGCAGCAGGAAGATGATGGCGAGCGTAATGGGGACAAGGACTTGAAGCCGCTCATTGGCCCGCTCCATGTACTCGTACTGCCCGCTCCAGGTCAGCGAGTAGCCGCCCGGAAGGTCGACCTCCTCCCAAACCCGTTCCTTGGCATTCTGGACAAAGGTCCCGATGTCAACCCCATCTTGCAGATCAACAAACACCGTTGCAATCGGGCGAGCCTGCTCACTTTTGATCATCGGCGGCCCTTCGGTTGTTTGGAAGTCTGCGAGTTGGCCGAGCGGCACGTCGGCCCCACCAGGCGTGGACACGAGCACGTCCCGGAGAGCCGGCACGTTGTCCCGGTAGCCCCGCGGATAGCGGACGTTGACCGAATAGCGCTCTAGCCCCTCCACTGTCGTGGTCACTGGCATCCCGCCGATC
CP030361.1_gap79	3085040	3090030	4990	CCGTGAGGCGCCGAAGTTGAACCGTACCCGTCCCCTCCAGTCGCAACCCGACCATTCCAGGATCCGCCGCCTCACCGTGGGGGTGCGTCACGAGCTCACTGCCGAGATAGCCCCGGAAATGCGTCCCATCCCCAACGGCCCGAACCGTGACCCACCCGTTTTGGTCTACAGCGGCCTCATCCATGACAGTCTCTTCTCCCCCGGACACGCGCCCCTGCTGTACGGCCCGGTCACTTATGGCAAGAAAGTCGTAGTTCTCGGCGTCCTGGACGTGGTGAAGAAGCGACACGGTCCCGTCGAATTGATCCTGATTCAGCTCGGCGGTCACCTGCGCGGCCCCCAGCGTGTCGGGCATCGCGAACGTCACAGGCGATTGGGGCGTGAGGGCCAACGCCACGCTCCCGTCATCGAGCGTGTCGAGTCGGGCCTTCATTGCATCAGGCGTTCCCTCCAACCACTGCATCTGCCGAGTCCACGCCGTGTCAGACTGGGGCTGCCACTGCCAACCGCTCTCTCCCACGGTGAGACCGGGCTCGAAGGATGCCTGTTTGGATTCAGGCATTTGCACACCGACGCCGTAGCGGTACACCATCTCGGCGCCGTGGTCACCTGTTTCGTAGAGTAGATAGGACCCGCCCAGCGCCACCAGGAGAAGCAGTCCCTGCAGGGCCCGTACGCCCCGCGTCCTGGACCACACATGAGCACCGAGGCGGACCAGGGCGTAGACGCCGAAGAACCACATCGTCCACCAGGCCAGGTTCGAATGCTCAGTGAGAAGGGACTGGGCCTCGGCGGCGATCGAGACGCTGTCGGCGGCCCAAGTGCCCGTAAAGTACGTAAAAACGGCACTCGCCCCGCCAACTATGTAGAGCGCAACCGTGGCGGGGCGGAGCCACTCCCATCTGCGTAAAATCAGCGAAAGGAGGTCGGCCCCGAGTGCCCCGACGATGAGGGCAATGGGGAAGTGCACGATCATTGGGTGGATGTTGGGCGCCCAGTCGGGAATCAGTTCCATTGGTTGAGGAGGAGATTGGACAAGGAGGAAGACGGTTTGAATGCAGATTGGGGTCGGCCAGACTTCTCGGCAACCGACGGGGAAGAGGTTAACGGAAGGCGGTCCAGGACACAGGGTCTCCCCAGTAAGCGGTTACGGGCAGACGTACGCCGTCCCGGCCCGTTGCCCATAGGCGTAGTAGTCGCAAAGACTTGCTGCGACGGTCCGTTGCGCTGAGTTCAGGTCACGGAGCCTCCGTACGGCAGTACCCCCTTATGGCATGGTTCCCCGTAGCGCGAGGCTTGGCCGTGCCGCGGTGGTCGATGGAGTAGCGGCCCCCTTCGTTCTCCCTCGATTTGTAGAAAGACCCGGGACCTGGACGGCTCCTGCCCCGAACGTCGTCCCGGATGCTTGCCCCGCGCTTGAGGGAAGGGGGGGCGCTTGCCGTGGCTATGCCGGAGGCGCTAAGCTGGAGGGTAGATGTTGACCAGAAGGGCTGCCCTCCAGGTCCAGACTAGATCAGAAATCGCCTTGTCCAGAGACGGAGAGATGTTGACAAAAGAGATCCCACTTGCTCCCAACCGGCGTGCTTTTTTCCTAAATGAGTGAAGTGTAGTGGGGATAGCCACTCCGCCTCCCTGGCCGTCAAGAACCGGCCAGTCGGCTCAGGAAGAGAAGTGACAACCGTCGGCACGACGGCGGGCAAGGGGCCGCAGATTAGAAACAGTCTGCTCGGGCAGTGGCCTCGTGGGACGGGTAAGGACGACCGTTCGACCGGGAGGTAAATTGCATGGCTTGGCGCTGGACTGGAAGCATGCGCCGCTTCGGCGTGGTGGGGGCTTTTCGTATCCACTGCCGAGGTGCGCGAACCCGAGTGGGACGAATGGGCATGCGCCTCCCCCCATCCTGCGGCGAGAAGAAGGGCCGAGCCCAGGACTGTCAAAAGGCGATGTGTGTGGAACGTATCACGCATTGTTGGACGATCTGTCGCCCTGTACTGTAGACCGCAGTCCTACATAGGTTCACACTTCCCCGGGCTGAGACTGGGCCATCTGGTCAGCTTTGTTTGCGGAGGAGCATAAAAGCGCTGAGGTGGACTTAAATTCCTCCTTAGATCCTCTTCTTGAGCAAATCCATGAACTCGTCGTAGCTCTCTTGCCTGGCCTCGTCGTCGCCACTTTGGACTGCATTGGTCAGACAGGTTTCCAGATGGTTACGAAGGATTTTCCGCTCGACCGACTTGAGGGACTGCTGCACCGAGTGGATCTGGTCGAGAATGTCTCCACAGTAGCGGTCCTCTTCTACCATCCTCTTAACGCCTCGAACTTGCCCCTCAATACGGCTAAGACGGGAGCGGAAGTCGTCTCTTTTGTCGTCGCTAAGTTGCATGGTAGAACAGACAAATGAACAAAAAAATCCTCGGCACTGGCATTACGATCTAGTATCCGGCTTTGCCAATGGCTGTGGCCCGCTGACTTTTCGAGACGACCGGTAGATCGTATATAACCTTGGCAACACCAGTCTCTACGACATTTTTGTCCCGAACCTCTGCCCGCTGCTACCTCGCGACGTTCGCGGACATGTTCCGCCCAGAGCCTCCAGCGTCCTCGTTCGAGCGGTATTCTATTTTGCCCAGTTCATCTCAAGCGGATTGAGGGAAAAATCAAGCTATTCACTGGGGTACCCCCTACCTGTATTTAGAGCGGGCGTTTCTCGCTTGTTCACATTTTTAAGGAGGTATTACCAAGAGAAAATCGCGGAGATAAACAATCTTAGAGCGGTTCTATCGAGAATCTTAGCCGTGGCTGGCACTGCCAGGACGGCCTGAACTGGGCGTGGATACATGAGCCCGTAGGAAGGCTGGCGAGTTCATTGCATCCCCTTGATCCCACCGGTGTGGGCGGGTTTCAAAGCTGGACCGATTTGTGTCTCGACTGTGATGTCCCGACTGTTTTTCGGCCAGGGTTTTTCTCTCTCGTCGTTCCTCCGCAGCGGCTCTTCCGGACGAGACCTCACTGGTACTTTCATGTGGTCCGTCGAGGCTCGTTTTGGGAGCGGGCCTTGCCCCGGAGTCGGCCCAACCCCGGCCTCCCTTCAGTGTTGATCCTACACCGATTCCGATTCTTCGTCCGTTTCGGCTCTGGTCTGGCCTTGACTCTTGTTCCGTCTCGACTTTCGTCCAGTCTGGAGTTGACCCGCTACGACGGACAGTTCTTCACTTCAGAACATGCAGTTGCCAACCCCGGAAAGTGTTGTTGTCAACGGCTTCCGGGGATGCTTCAAAAAATAGGGTTTTTGAAGCAACCTCGCGGCCTTCTCCCTACCCCGACTGAGCGGCGCTGAAGAGGGGGCGGTTTGTTTCGATTGCGACTTCAATACCTGTTGCTTCAGTTCTTGTCGGTGGGGGTCGGGTTTTGAAGCAAGCAGTTTAGGTCGATATGGAGCGATCTGTATCTCGCCTCTCATTTTCGGACCCGCGAATGGTCCGGGTTCGCGCGGGCGCTCCCACGGGCGCGATCCCCCAGATAACCGTGATAACTGTGATAGTAGTCGCTACTACGGGGGCGGAGGGGCCCGTTCGCGACTGACCGGCCGATGCCTACTCCCCGTCGTCCGGTTGTGTCCTCTCCGCTACCGGGGGCCTATGCCGAGGCATGCTGCCCGCGCCGACGTGGGAGGTGCCGCCAAGAAGTCTCTACCGAACGGGCTCCCACCGCATGGAAGGTGGCGGGGCCGGAGGTGCCCCGGCCCTTGCCTGGCGAGGCTCAGCCTGTCAGTTTCACCCCGACGTAGCAGGGGACCTGGTCTCCGTTTGACTGGAGAGTGCGCCTTTTGGCCTCGACCCGAGGATCCTCGGTGAGCGTTTGGGTGAGCTGCGTTTTCATCTCCGCGAAGACCCTCTCTTTCCTGCAAAACTCTTTGTATGCCGTATAGAGGCGCTTTTTTGAGACCGTGTCTCGGGGATCGCCGGTGACCTCAAGGCGGTCGGCCTTGAAGCGACCGATCGTCCCGGAGAGGCTCTCCCACCGCCGACGGGTCTTCTCCGCAGGTCGAGCGGAGGGAAAGTCCTCGCCGTTGGCCTGGGCCCGGAGCACCCGCCGCAGGCCCTCGGCGGCCCACTGAAAGATTCCGTCCCGCTCCTCGAGAAGCTTCTGCTGGAGGTGAGGCTCGGTGCCGCTAGACCTACTGCCTGACGCCGAGAGCTTCTTGGGAAAGGAAACTAGCAGGACCCGCCGAAAAAACCGGTCTCCGGCGGCGAGCGGCGGAAGCTCGCCCGTGGTGTACACGTGCTTCGTCGTCCGGTGGGACCGGCCTCCCTGCTTTGCGCTCTCGATCTGACCGGGGTCGCCGTAGCTGGGGGCTCCCTCGCTGAAGCGCTTGAGGAGAGGCAGTTCAGGAAGCGCCTCGGTGGAAATGTCCGCCTTGGCGTTAACCCAGGGCCCCCGGAGTTTCGACGCTCCGGCCTTTCCCCGAGCGAGGCGCCCCGGAGCGACGGAGGCGGTCCACGGAACAGCCGTGGAGAGGGCCTGCAGGAGCGTTTCCCGGCCGCTTCCCTCCGGCCCCGCCAAAAGCAGGACCCGGCGGAAGGGCCGGTCCCAGTGAAGAAGACAGTAGCCTGTGTAAGCTTGGAGGACCTGCCGGTCGGTTCGGTCCAGGACCGCTTGGCGAAGAAAATCCCTGAACGCCGGACAGTCTGGCTCCGGATCCCATTTCGACTCGGACCGGACGAGAAAGTGGCCCTCGGGGCTTGGCTCGTGGAGCTCCATTGGCCGGACCGACAGGTCCCCGTTCGCGAGTGGAATTGCCTCTGCTTTCCGGAAGTCCTCCTCGTAGAGACGGGCCCGAATCTTGTTTGCGATCTCCCGGACCTCCCGGCGGGAGTGGTGCGCCTTCAGCCTCCGCAGGAGGAGTGAATTTAGGGCCTCTTCTCCGCCCGGGCCGTAGGTCATCGTAGACGGGTCCAGCACGTACAACTCGTCTAAGAAAGGAGGCGTT
CP030361.1_gap80	3164552	3166969	2417	CCCCTGAATGTCTCGGGCGCTCCAGTCGTTGACCAGCACCATGCCGAAGATCTGGTCGTCCGCCTCGTCGATCCAGAGGGGCGTGCCGAGCTCGTTGCCCTCCCCCACGAAAAAGCCCGTTTCGAGCTCGAAGTCGAGCAGCTGGGTCGGGCCGTAGACCGGCGGCGCGTCCGCGTCGGGCCGGGTCTGGCCGCAGGGCCGCCGCACGTCTTGGCCGCTCAGGAGGACGGAGCTGGCCCGCCCGTGGTAGCCCACCGGCAGGTGAACCCAGTTGTCCTTCAACGCATTCTCGGCGCCCCGAAACATCGTCCCGACGTTGGTGGCGTGCTGCTTCGAGGAGTAGAAGTCCGTATAGTCCCCGATGTCGACCGGCAGGCGAAGCGATACGTCGGCCCGGGGGTGAAGCACCCGGTTGCGGAGGGACGCGGCGTCGCGCAACTCGGCCGTGTCGGCCCGGAGGAGCGCCTGCAGGCGGCTCCGGACGGCCGACCAGGCCGAGGGGCCGAGGGCCATGAAGTCGTTCAGCGTGGGCTGCGCGAAGGGGCGTTCGTTCTGCAGCTCGGGGACGTCAAAGACGCCTTCGTTGTTGAGGGTGGCGAGGTCGAGCACCTGGTCCCCGATGGCTACTCCCACCCGGGGCACGGTCGTCTCGGGGGGCGTGAACACGCCGTACGGAAGGTTCTGGATGGGAAACGGATGGTCGGATGCCACCTCAAGAAAGGAGGTGAGGGACGAAGTGGGGGGGGAGTCGGTCATTCGACGAGGGCGTTGAGTTGGGAGAGGGGAGACGGAAGAGGGGCATGAGAGGCGCGCGGGCTCAGTCCTCGATCGCGGCGGCGAGCAGCCGAATCAGATCCATTCCAGGTCGCGCAGGTGATCGACGGGTTCTTCGAAGCTACAGCTGCCAAACGAGAGGGCCAAGTGTTCTCGGGCGTACTGAATGGCGTCGAGGGAGACGGTCAGGTCGCGCCACGCGAAGGCGTCCTTGAGGAACCGAAAGTTGTCTGCGTTTTTCTCGACGAGAATGGCCTGCACCTCAGGCGGATCGAGATCGTGCTCGGCGGCCAGAACCGCGGCGGCAAAGACGTTGAGGAAGCCGTGCATTTCCGTGTCCAACCCGTCGTCGTAGTGGCGCACCGGATGGTGCAGCCCCGCGGTGGCCTTGAACGGGACCCCGGCGTCGCGGCAGGCCACAATGAGGGCCGCCACGTCCTCTACCTCGGGCACGTCGGTCGGCTCTGCGCCTCCGCAGCGCATTTTCAGCCCGACGGTGGTGCGGGCCGGCACGGCCTGCTGGCTGTTGTGTTCGGCCGCCGCGGCGCACAGTGCCGAGAGGTTCGGGACGGTGTCGTTCCGCAGGGGCACCTCGAAGAAGAGGTCGAGCTTGGCCGTGCCGGTCGCGACGAGGGTACGGGTGATGGACTCCAGAAACTCAATTCCCTCCGCCTGCGAGCCCCCCACCAGGGCGTCGGGGAGGGGCACCTCCATCACGTCGACCTGGGCCTGCTCCGCGAGGCCGTCGCTGAAGTCTTCGATGGCCTGCAGGTCCCGCTCGAACGCCTGCAGGAACGTGTCGGCCGTACTGCCCCCCGTTCCTAACACCAAGAGGTCGTACCGCGTCCCCTCTTTTAACAGGGGGCGATGGGCCTTCAAGTCGGGGAGGCGCCCCACCGGAAGCACAAAGCGCGACAACATCCAGGCCTCCTCCTCGCGCCGGTACTCCGCATGGCTCTGGAACGCGCGGTGGAGGGACAGGTCCGCCGGCGGGAACAGGCCGGCGTAGTCGATCACGTCGTGGAGAAAGGCCCGGAGGCTCGGCGTAATGAGGGAGTCGGACGGGTCGGAGGCTTCCATGGGAACCGAAACGGACTGGGAAAGACGGCGAGAACCAGCATCGACGGGCGACCGCACAGCGCCGTGCCGGTGCGCCCCCGCCCCGACGACCGCCCCGCGAGGAACCGTCGCCGCAAACGCACCCCTAAGAAAGGAAAGCAGGCGAGCAGTTACAACGCGCCCACTCTGCTCGATGAATCGGAAGTTCACGGCTCGGGGACCGAAACGTATTGAATGGGCTCCACATTCCTGCTATCATAGAAAAGCATATGGATTCCGCCCCGGCACTCTGTCAGCTCGGCACCGGTCTGTCAGAACACCTCGTTCGATCGTCGGAATTCGAACGCCGCATCCTCACCCGAATCCCACTGACCACGACTTTGCCACCATGACGATCCGACAATCAGCGCTCTTTGCACTCGCCTTGGGGACCCTCGGCCTTCTGGCCCTTTCGGGGTGCTCGGCCGGAAACCCGAACATGAGCGCCGCCGAGGACGCCATGGAGCAGGAACGCTACGAGCGGGCCCTCGCCAATGTCGACTCGGCCATTGCCCAGGACTCGGCCAACGCTCAGGCCTACGCAA
CP030361.1_gap81	3168081	3170950	2869	ACCCAGGAGGAGGCGCAGATGATTGAGGACCTGGACGAACAGCGCCTCCAGTTCTTCCAAAACGCCATTCCGCCCCTGGAGCGGGCCCGGCAGCTGAGCGGTGCGAACGGACGGTACCGGCAGAATGCATGCTCGGCCCTCCTTCAGGCCTACGTGCAGACCGAGCAGACGGACAAGGCTGAAGACGTGAAACAGTGTGCCGGTGCGGGAGGCAATACGAGCGGCGGAAGCGGGGGACGATAGCCTGCCTTCCTGCACGAACCTCATCTTGGTTCGACGCTCGCCCCGGGCCTCTCACGAGAGGCCTGGGGCTTGCTGTTTGCGGGCCCCTCTCTGGGAGCCGCACCTGAGGTCCCGTCCCTCCGAGTGGCACACGTCTCGTTCTCTTTCGAATGTACCTTCTCCCTCATGCCCGACTCTTCCCTTCACGATGATGCCGTCCTTGAGGCCCCCAAGGCCGATGGATTCGGAACCCGGGCCGTGCACGCCGGGCAACAGCCCGACCCCTCCACCGGCGCGGTCATGACGCCCATCTACCAGACCTCCACGTACGCCCAGGCCGCCCCGGGCGAGCACAAAGGACACGAGTACTCGCGGGTCTCGAACCCCACCCGCACGGCTCTGGAGGGGAACCTGGCCTCCCTGGAGGGCGCCGAGCACGGCATCGCGTTCAGCTCCGGCGTGGCCGGCATCGACGCGATCGTCAAGAGCCTGCGCCCCGGCGACCACGTCGTGGCGACCGACGACCTGTACGGCGGCACCTACCGGCTGCTACGGGAGGTCTTCGAGCCGCTCAACATTCAGACCTCCTTCGTGGACATGAGCGACCCGGATGCGGTGACGGACGCGTTCACCGAGAACACGGCACTGCTCTGGGTCGAAACGCCCACCAATCCGCTCATGCGGCTGGTTGACATTGAGGCGCTCGCCGAGCGGGCCCACGCTCACGACATCACCGTAGCGGTCGACAACACCTTCGCCACCCCCTACCTCCAGCAGCCCCTCGCCCACGGCGCCGACCTCGTCCTCCACTCCGCCACGAAATATCTGGGCGGCCACTCCGACCTCATCCTCGGGGCCGTGTGTACGAACTCGGACGAGTGGGCGGAGAAGCTGCGCTTTCAGATCAAGAGCACCGGCGCCGCCCCCGGGCCCATGGACTGCTTCCTGACGCTGCGCGGGACCAAAACCCTTCACCTGCGCATGGAGCAGCACTGCTCCAGCGCCCGGCGGCTGGCCCAGATGCTCAACGCCCACGACAAGGTGGGGCACGTGCGGTACCCCGGCCTTCCCTCCCACCCCGGCCACGCGCTGGCCCAAAAGCAAATGTCGGACTACGGCGGCATGATCTCGTTCGAGCTGGCCGACGACGAGATGGACAAGGCCCTCGCCGTTCTGGACGCCGCCGAGGTCTTTACCCTCGCCGAGAGCCTCGGCGGGGTGGAGAGCCTCATCGAACACCCGGCCTCGATGACCCACGCCTCCATTCCCGCGGAGGAGCGCGAAAAGATCGGGCTTACGGACTCGCTGATCCGCCTGAGCGTCGGGGTGGAGTCGTTCGAGGACCTGCGCGATGACCTCGACCGCGCGCTGTCCCGCGTCTAGTCGCTGTACGAGGGGGACTACCACCCCATCGTGCCGGGCCCGCCCTTGAAGGGCCCTACGACATCGTCGGTAATCCAGCCGCCGTAGAAGTCGCCCTCCTGGGCGCGGGCCTTCTCCTCGCCCACGTAGCACTCGTCTACCTTGCTGGCGTAAAACGTAACGTAGTCCTGCAGGTCGGCAAACCGGGCCGTCGGGTCCGGATAGCCCCAGGCCGCGCTCCGCGCGGAGCGGTCGCCGACCGTGAGGGTGTAGTACACGGCACGCCCCTTGAACTCGCACATCGTGGTCTGCTGCTCGCGCTCCAGGTGCTCGGTGGCGATGTCGTCCGGGGGCAGGTAGTACACCGGCGGATGGCTTGTCTCGAGGACCCGCAGCGCCTCGGTCGTGTCGGCGATGGTCACGTCGTTGAAGACGACCCGGATGCGCCGATCTTCCGATTCGAGGGCCGGCGGGCGGGGATAGTCCCAAACGGATTCTTGATCGGGCCCGGGTGTGGTGGGGGTCGGCATGGCGAGAGCGTACAATGGAGGGAAATGAAGTGAGAAGGTTCGCGGCCTTGGGGCCGTCCTAGTCTGAGGAAGGGGACGCCCGGAGTCGACGGGTCATCTCGTCCCGATCGACCGTGCCCTTGCCCTCCTGGGCCCAGTCCCCGGGAGCAACCCGGACACATCCAGCGAGCCGGTGTCCCAGGGGGCCGAGCACATCCCGGATGGCCGCCTCAGAGGGCCCCTCCGAGGCCGACGGATCGACGCAGAGGGCGACCGACAGGTCCTCCCCGGCCGGCGTAAACAACAGGGCGTCGTGGAGACTCGGAAACTGGCCCTTGAGGCGTGCCTCCCACGCCCCTGCCCGGACGAAACGTCCGTTCGACAGCTTGAATGCCGTGTCTTTGCGTCCGTCGAAGTAGAGGGCATCGCCCTCCCGACGGACGAGGTCGCCCGTGCGGACGGTCCGATTCGGGGCCCGTCGATCAAGGCCCTCGTGCCGCCGCCACACGCCCACGCAGGCGTTCGGCCCCTCGAACAGAAGTTCGCCGTCTTCTGCCACCCGCACCTGGCATCCGAGAGGACGTCCCAGGTAGTGTGCGTCCCACTCGCCCGGCGCCCCCAGCGCAATGCCGGGCGCAGCCTCGGTCTGCCCGTACCCCGCACGGAGCCGCGTCTCCGACAGGCGATCCGCGAGCGGCCCGGCCACCGGGGCGCCCCCCACGATGCCCCCATGCAGGCGGCGAAGCAACGCGGGGCCGCGGTCGGTCGCCCACAGG
CP030361.1_gap82	3303520	3308132	4612	GCAAACACGAAGAAGGTCTGTACGACGAGCGGCACCGCAATCAGGGCGATGTGGAGCGGGTTCTGGAGGATCACCTCGCCCTGGAAGGAGAACAGGAGCACGAGCGTGAGCAGCAGGCCCACCATCGTCACCGGCCCGAGCCGCTCCAGGAAGACATCGTCGAACCACTCCTCTCCCTTTGCCCGGATGATCCAGATGCGGGACAGGGCGCCCGCCACCAGCGGAATTACGATGTAGAGGCCCACCGACAGCAGCAGCGTGTCCCACGGCACGATGACGTCCGAGAGCCCCAGCAAGAACGCGACGATCGGCGCGAAGGCCACCAGCATGATGAGGTCGTTGATCGACACCTGCACGAGCGTATAGGCCGGGTCCCCGTCCGTCAGGTAGCTCCACACGAACACCATCGCCGTGCAGGGGGCCGCCCCCAGCAGGATCGCCCCCGCCACGTACTCGCTCGCCACGCCCGGCTCGATGAACGGGGCGAAAATGCCCTTTAGGAAGAGCCACGCAACCCCGAACATCGTGAATGGTTTGATGAGCCAGTTCACCACGAGGGTCACGGTAATGCCCTTCGGGTGGCGCCGCACGCCGAGGATGCTCTTGAAGTCAACCTGCACCATCATCGGGTAGATCATCGCCCAGATGAGGACGGCGATCGGCAGGTTGACCTGCGCCACCTCCATCTCCCCCAGCACGTCGGGCACGGCCGGGATCAGTTGGCCAATCGCCACGCCGGCGGCGATGCACAGGGCCACCCACAGGCTCAGGTAGCGCTCGAACACCCCGAGCCCCTCCTGCGCCTTCTCGGCGGTGGCGTCCAACGTGTTTGGGGGATTCGTCTCGCTGTGGCCGTTGGTGGATGGATCGGGGGAGGCGTCCGTCGCGTCGGGAGCGGTCGTCGGGTCGGGCATCGAGTCGATGCGGTTCGGAACGGGCAGATCGGAAAAAGCGGGCCGTGTTACGCCGTGGCGTCCGGGTGGCGGCCGACCACCGTGACACTCTGCAGGGCGGCGTCGCCTGCCCGAAAGCGATCGAGTTCAGAGGCGTCTAGGTGCTCGGCCAGCAGCTCATCCGGCAGCGAGATGGGCTTTTCAGTGGCGATGCGCACGTCGGAGAACCCCGCCTCCCGGAGCCGGCCCAGGTACATATCTCGTTCCATCGCCCCGGCCACGCAGCCCACGTACAGTTCGGCGGCCTCACGCAGCCCGTCGGGCAAGGCCCCTGCGTGCACGACGTCGGACACCGAAAACCGGCCGCCGGGCCGCAGCGCCCGGTGCATCTGGGCGAACGCGGCCTCCTTGTCCGGCACGAGGTTGAGTACGCAGTTGCTCAGAACGACGTCGAACGCGCCGCTCTCGACCGGTAGGGCCTCGATGTCTCCGACCTCGAAGGTGACGTTGTCGTAGTCCAGTGTGTCGGCGTTCGCCCGGGCCTTCGCGACCATCTCCTCAGCGAAGTCGACGCCGTGGACGTGGCCGTCGGGCCCCACGGTGCGACGCGCCACGAAGGCGTCCATGCCCGCCCCCGAGCCGAGGTCGAGCACACGCTCGCCCGGCTGCAGACCCGCATGATCGGTGGGGCGCCCGCAGCCGAGTTCCAGGTCGGCGTCCGTGGCAATCGCGTCGGCGTAGTCCTCGCTCATGTCGACGTCCAGGCCTGCCTCCCCAGAGCCGGACGGTCCGCAACAGGAGTCGTCGGCGGTCGCAAGGGCCGCGTATTTGGCCCGGACGGTCGATTTGAGATCGTCGGCGGAAGCGTGAGGGCGGGTCATGGCCATTAGCAACAATGTTGAGGGGGCTGCGAGAGCGACAGGGCGTCGAAGAAGTCGCCCGTGTCTTCGCTGAGGGCCCGCATCGCCTCCGGGTTGAGGCAGTAGCAGGTCCGCCGTCCCTCGATGGTCCCCTGAATCAGCCCGACCTCCTTCAGCGCCTTCAGGTGCTGGGAAACGGTCGACTGGGCAAGCGGCAGGTCGTCCACGATTTCGCCGCAGACGCACTCGTCGCGCTCGGCCAGCAGCCGGACGATGGCCACACGGGCCGGGTGCCCCAGGGCTTTGAAGGCCTGGGCAAGGCGGCGATCCGCATCTGTGAAGGCGGCGTCGGCGGTCGCGGGCATGGGGGAGCGGGCATCTTGATCGTTTATCGTCGGTATACGATAAGTGCAGAAGTTGGGGATGTTTCGCACCGTCTCCCGATGCCACGCCGCCGAGGGGGAGGGTGGGGAACCGAACGATCCACGCTGTTTTTCGTCGCGAGTGAATGGTGCACCGCTCCGAATGCCCCGCCCAGCCATGCTTCCGCGCCCCATCCGCGTTTTGCTTCTCCTCGGAGGTCTCGGCCTGGGACTCTACCCCGCCCCGCTTCATGCCCAGCAGGTGCTGGTCGACGACCCGACGAGCGTTCCTCGCGGCGCGGCCCAGTTGGAGGCGTGGCACAGCGTGGAGGAGTCCTGGATGGTCCCGGCCCTGCGAGTGCATCCAACCCTGGAGCTGGCCGCGGGCGCCGCGTTTCTCGCGACCGGGATCGAGGACCGGCGGACCGTGGAGTACAGCGCGGAGGGAAAACTGCTTCTTCGCCCAGGGTCGGCACACCGGATTGGGGTCGCGGCCGTCGGCGGTGTGGGCGTCCGCCAGCTCGGCGTGCCCCGGGATCGACCGGCCAGTGTCTACGGGTACGGCGTCGTTAGTCAGGACCTCGGGGCCGGCCTCACCGCCTACCAGAACGTCGGGTGGGTGAACGAAGAGAATGGGCCCCACGAGCTCACATGGGGGGCCCGGCTCGACTGGTCTCCCCTCGACCGGGCCACCCTCATTGGTGAGGTGTACGGGGAGGGGCGCTCGGATCCCTCGCTGCAGGCCGTGCTGCGCACCGTGCTCCTGCCAGACCGCATCGAAATGGACGTGTCGGTCACGCGTGGCGGGTCGGTCGACGGGCGGAGCACGTGGGCCACCCTCGGGTTCACCTTTATGTCGGCGCCACTGTACCCGTAACCCCGGTCGCGTGCTCGGGGGCTGAATTCCTTCCGGCGCTTCAGGCCCGCCCCGCTGCGTCGCCACGGCCGCTGGGACGTGCCCTCCGGCGCCTGCGTTCGTAGATCTCATCGTCCAGTGCGGCCGCGCGGGCCTGGATCGGGATCACGAGCAATCATTGGGAGGACGAGAGGGGGCTGCACTGATCCGTCCACGTTCACGCCATCAGGGATTCTCCCGATACCCGTATGCCGGCCTCCTCTTCGTCCGACACCCGCAACGAAGGGCGGCTCATGCAGGCGGCCCGTGCCGCCGCGTCGCTGGCCGCCCGGCTCACCACGGCCGCCGGCGCCTTGGCGGGCACCTCGGCCGGGGCCGGGCTGCTGCTGTGGAGCCTCCTCTGGTGGCCTGTGGGCAGCCACTTGGCGTCCCTCGTGGGGGCCGGGGGCACATTCGTATTGCTGTTGGGCCCGTCGGCCGTCCTTGCTCTTTTCTACCTGGGCCTCCGCGACCTGCGGGCCCTCCCGGACCGGCTGGCCAACCGGACGGCCCGCACCGTCGAGCAGTCCGCCGACGCCGCCGAGGCAGTGGCCTCGGGCCCATCGGGGTCGGGCCTGTTCGGCCGCCTGTGGGGGATCGCAACGCAAATCTGGGCCCTCCGTGGCGTGCTTCTGGAAAACCGGGCGCTACTCGTCCGCTACGGCGCGCTGGTCCGGTTCGTCAATCCGGGCTTCCTGCTCCTGGTCGTGGGGGCTGCCGTCGCCACGGGGCTGCTCGTGCCGGGCGCCCTGCTCGCCGTTCTCGTGGTCGGGCTTGTGTAGGCACAACGTCTCTGTAGGTGCAACGTCCCCGGCCCGCCCCCGTACCGAGAACACAACGGCCCGTGCGCCGGGCCTTCACGGTTCGTTCCCCAACCGCCCATTCCCATGAGTTCCGCCGGCAGCTCGGCCGACCTGCTCCGCGTCCTGGTGTCCGTTTTCCTGCCGCCCCTGGGCGTCTTTCTTCAGGAGGGCATCGGCACCCAGTTCTGGATCAACCTCCTCCTCACCCTGATGGGGTACCTTCCCGGCCTCGTCCACGCCATCTGGATCATCGCCCGCCGGTAGTGGCGCCCGTCTCGTCAGGGCTGCAGAACCACGGCCGACCGGTTGACGACTCGTCGATCCGTAGTGCGACTCATCGAACGCCCCGGATCGACGCGCCGTCTGCGCGTACGATCTTGCGCGTGCTCATCCGGGCGCGGATGGTGCGCCGTTGTTCTTCCTCTCGACACGAACGCGCAGTGGGAACCAGGACACACAACCATGCGAACCTCACGACCGTCTCCCCTTCTTCGGCTCTTTCTCGCGAGTCTTCTGTTCTTGGGCCTGGGCGCCCTCACGACCGTCCACGCGCAGGCCACCAACGAGGACGCCCCCGGTGACGAACCGGTTGCGGAGGAACAGGGCGCCGGCTTCTTTGCCGTCGGCACCCAGTTCACCGACCTCGCCCCCCTCAACGACCGCCTCGGAGGCGCCGGCTACCCGACGTTCGCGTCGGAGATGGTGTCCCTCGGCGGCGGGGGCTATGGCGTCGTGGCCAACCGCCTCATGCTGGGGGGCGAGGGGCACGGCCTCCTCACCGCGGACGGCTCCTTTCAGG
CP030361.1_gap83	3448578	3451746	3168	TGAGATCGAGCACCTCCCCGATCTCCTGGAGGGTCAGGTCTTCCGTGTAGTACAGGCCCAGGATCGTCTGCTGACGCTCCGGAAGCGTCTGGATCAGGTCTTCGAGGTGCTTCTGCGTAGACGCCTTTTCGAACTGCTCGAACCCTTCGGTCCCGTCGTCGCTCGGGAGCACGTCGAGCATCGTGTGGTCGTCGTCCTCGCTGGGCCGCGAGAGGGAGAGGGAGAAGCGGCACTGCGCGTCCCGGAGAAGGTCGTGGTACTCCTCCACGGCCATTCCCATGTAGTCGGCCACGTCCTCGTCCGACGGCTCCTCCCCCAGCATCTGTCGGAGCGACGAGAGCGCCTCCTGCACCGCGCCCATCTTCTTGCGCTTCTCCCGCGAGAGCACGTCGATTGAGCGGAGGTAGTCGATGATGTTGCCCCGGATGCGCCGGTACGCGTGCGTCGCAAACTGGGCCTGCTCCGGATCGTAGTTGTCGAGGGCTTCAAGCAGCCCGACGATCCCGACGCTCTCCAGGTCCTCGTGCGCGGCAAGCAGGTGATCGGGCACGCTGATCTTGCCGATGATGGAGCGCACGAGGGGGAGCGCCGCCATCACGACGGCCTCTCGGTTCGACGGGGTTGGGTCGTCGAGGTACTGCTCGACGAGGGGCTGCAGGTCACGGGACATGGCACTACGGCGTTAGGACGTCGCAACGAGTCGCGGGGAGTTAGGCGGCCTGGGCTTCCGGAACGTTTTCGGACGGCTCAGGCTCCGACTCCGCAGACGCCCCCTCGTCCGAGGCGTCCTCCTCCGCGGTTGTCTCGAAGGGCATCCCGTGTTGGACGATGCTGCGGGCCGCCGCGTAGCCGACTGCCAGGATGAGATAGGTTGCCACCCCGCCCCCCGCCGCGGTGACGACGGTGTGCTCCAGGGGCGCCCCGCCCCACATCTGCGCCAAAAAGATGCCGGTCCCGAACAGCACGCTCACGTCGGCGATGATTGTGTGGTAGGACAGGGACACGGAGGCAGTCTCGGAAGACGGCATGGTACAGGGCGCGATTGGGAGGCGTAGTGAGACGTGCAGGGCGCAGTTCATGAGAGGGCGGGCGAGAGGGCGTACTGCCCCCGGGCGGTCGTGTCGGCCAGATCGGCGAAGGCGTCCCGGGCGGGCCCCTCGCTCCGCACCACCGGCGTCTGGTCCGACACCGAGCGGCGCACGGCGTGCGAGAACGGAATCCAGCCGAGGGTCTTCGGGGCCTGTCCCAGAAAGCGGGTCGTGACCGCTTTGAACCGTTCCCCGATGCTGCGGGCGTCGTCCTCGTCTTCGGCAAAATTGACGACGAGGCCCAGCGGGTAATCGGGGTCGGCGCTCCACAGCTGCTTGGCGAGCCGGTAGGCATCGGCCACGGCGGTGGGCTCGCCCACGACGACGAGCACCCCCAGGTCGGCCCGATCCAGGGCCCACTGCACGGGCCCGTCGGTTCCGGCCGACGCGTCGACGAGTACGTAATCGTGCGTCTCGCGGAGGCGCCCGAGCAGGGTGTCGAGCGCGGCGTACAGGGCGTCACGCGCGTCTGGGGCCTCGGGGGGCGGGCGGTTGGCGGCCTGCACCAGGGTCACCCCCCCTTCCGTCTCGTGCGGCACCGCACGCAGCGCGGCGTCCTCCTGCACGGCGCCCCACACCGTCGTGGCGGGGGCCTCGTTGAGGAGCACCGCCGCGTCGCTCTGGCCCAGGTCCGCGTCGAGGAGGGCCACACGGTGCCCCTCCCGCGCGAGCGTCTCGGCGAGGTTGGTCGTCACGACGCTCTTTCCGACGCCGCCCTTGCCGCTGGCAAATGTGAGAACGTTAGAGGTTACTTCCATCGGTCAAAAGTCAGGCAGGAGGAAGCAAGACGGTTAGAGGTCCATGATGTCTTCCACGAACCACCGCAGGGAGAAGGCCCGGGCCCCGTCCGGCACCTCGGGCCCCTCCGAGACAATCTGCACGGGCAGGTCGACGTGGATCAGCCACTCCGCCACCTGTCCCCAGTCGTGCACCTCGTCCAGGTGAGTGACGGCCGCCGCCGTGGGGCGGAGGGGCAGCCGGGCGAACGTCGCCTCGTCGATCCCCCCGAGCGCCCGGGTGGCGTCGACCACGAAGTGGACATCGGGCCGCGGCAGGGGCCGCAGGAGGCGCCGGTACCGCCGCAGCACCGGGCGGGCCTCCGACAGGGGCATGGGGAGCGGCGGCGTGTCGATGAGCACCTGCTCGAAGTCGCCGACGCACCGGAGCGCCTTCGCCATGTCTTCTTTCGTGCGGACGCTCCGCACCGGGAGGCCGAAGCGCCGGTACAGGGCGGTCGGGTTCTGATAGGACGCGTTGCGCCCCGCCTCCGGACACAGGTGAAGCACGGCGGTGTCCTGCCGGGCGAGCATGCGGTCGTGCACCGCGAGCTTGAGGGCGAGCGAGGTCTTCCCGGCGCCGCTGGGCCCCACCAGGGCGATCACGCCCGTGTCGTCGGTCAGGGGGTCGGTCTGGATGCGGCGACACACCACCTGTGCGAGGGCCCAGTGCAGCTCGTCCCGGGGGCTCTCCCTCGGGTCCACGCCCCGCTCCGTCAGGTCGCCGAAGAGGGCGGTCGCGGTTTTGGGGCGGAGGCCGTCCTCCAGCAGGCGCCCGTAGAGGGGGTGGGTCGCCCACTCGTCGGTCTCCGCTCCGGCGAGGCGGGCGGTCCGGTCGTGCCCGTCCCCGCCCCGGGCCCGGAGCTCCGCCAGGCGCGACTCGACCCAGGCCTCGTGGTCGCCGGTCGTCGAGGCACCGTCGCCCTCCGCATCCGAGGCCGGAAACACCCGTCCCCGCCCCGGGCCCTGCCCCGACGCATCCGCCTCCGGCCGGGATTGGGCCTCCAGCTCCGACTGAAAGCGCGACGCCCGTCCCGCCCCGGGCGGCCCCGCTGCCTCGTCCGCCTCGTACCCGAGGGCGGCCCCGTCGTCTTCGCCCTCAGGGTCCGGGGCGGGCGACGTGCTCGGGGGCGACGTGCTCGGGGCCGACGCAGGCGCCTCCGACGGCTTCGGCACGTGGCCCCAGGACGGCTCGCCCTGCGTGGCGGCCTGCTGGGCCGACTCGTCCACCATCACGGTGACCTGCGCGGGCGCCTCGTCGGTGGACGGCTCCGACTCGACCAGCACAACCTGGTCGCCCAGCT
CP030361.1_gap84	3461356	3463173	1817	GGGCATCGGTGGCGTCTTCGGTCGATTCCGCCCCCGCGTCTTCCGCTTCCCCTTCCACCTCGTCCTCCGCGAGAAAGCCGAGGCGCTGCTCGATCATGCGCGGGCTGTCCCCACGGGCGATGGCGAGGATGCCCTCCCGGGTGATGTAGTGCGCCTTTCCCCGGAGCTCGTTCTGCTTTCGCGCCCGGTCGCCCAGCGGCAGGAACGCCAGGTTGGCCAGCAGGGCCCCGTAGAAGGTGGTGACCAGGGCCGTCGCCATGCCCGAGCCAATCTTGCTCGGGTCGTCGAGGTTGTTCAGCATCTGAATGAGCCCGATGAGGGTGCCGATCATGCCGAACGCCGGGGCGTACGTGCCCGCCTGCGTGAAGAAGTCCGCCACGAGCTGGCGCTTGCCCTTCATCTCCGCGATCCGTTGGTCGAGCATGCCTGCAATCTCGTCCTCCCCCATCCCGTCGACGGCCATTTCGAGGCCGAACTCCAGGAGCTCGTCGTCAACGTCGTCGATGTGCCGGTCGAGGGCAAGCACCCCTTCCCGCCGCGCGGTGCGGGCCATGTTTGTAATCTGGTCGAGGCGGCGCTGGAGCGACGGCGGCTCGAACGCGAAGAGGTCCTGCGTCATCTCGATGACGCGCTTCAGGTCGTCGAAGGAGTAGTTAACCACGACGGCCGCCGCCGTGCCCCCCACCACCATCAGCAGCGAGGCCGGGTCGAAGAACTTCCCCCATGTGTTGCCCAGCAGGATGGCCCCGGTGATGAGGACAAATCCACTGATCAGGCCGATCGAGGTTGATTTCCGCATAGTACCTCCATTCAGAATGACACCGCAACGACACGACGAGCCGGAAAAAACCCAGGGCCCCTCTACGGAAAATCGTGCCGCCCACACGATTGCCGTTCCACCCCACCTCCCCCGAGCGCAGGGCCCCTAGTCGGGCGCCCCGTCCCCCAGGGACGACGAGGCCGCCGGCAGGCCCTCGGTTGGGGCTCGGGGCTGCGTCGATGAATCATCCGGCGCGTCGTTCGCGGCCGGCCTCGCTTCCCGAGGGTCCCCGACTGCCTGTTCCCCCCCGAGCGTGAAGTGGCCGACGAGCCGGCCGAGGCGATCGGTCCGCGCCTCCATGTCCGCCACGGTGTCTGCAATCTGTTGGATGCCCGTGACCGCCTCCCTGGACACCTCCGAGATTCCCTGCACGCTCTGTGTAATCTGCTCGCTGGTGGCCGACTGCTCCTCGGTGGCCGACGCAATTTCACTGACGGTGTCGGCCGCCTCCTGCGTCCCGTCGACGATCTTGTCGAGGGCCTCCCCGGCCTCGTCGGCGAGGGCCATGCCGTCCTGCACCTGCTCCTCTCCCTGCTGCATGGCCGACACCGCCTCGTCCGCCTTGTCGCGGATCTCGGCGACCATCTCGGCGATGTCGTCCGTCGCCTCGGCGGTGCGCTCCGCCAGCTCGCGGACCTCCTCGGCCACGACCGCGAAGCCGTGCCCCTCCTCGCCGGTTCGGGCCGCCTCGATGGCCGCGTTGAGGGCCAGCAGGTTCGTCTGGTCGGCAATGTCGTTGATGATGGACACGGCCTCCTCAATCTCTTCGCTCGACGCGCCCAGTTCCTTGACCGTCCGGGCCGAGTCCTGGACCGTATCGGCAATCTCGTGCATTTTCTCCACGGCCTCCCCGACCACCTCCGCGCCGGTCTCGGCCTGCTGCCCATTCTGCTGGGCCGCCTCGGCCGCCCGGGTGGCGCTGTCCGCGTTCGAGGAGATGGTCCGGCTCATCTCCTCCACCGCGGTGGCCACCTCGTCGGCCTGGGCGTGCTGCCGG
CP030361.1_gap85	3478027	3478991	964	TCGCCGATGGCCAGCTGATATTCCTCCTCCTGTACCCCGTTGGTGTAGTTGAGCTGCAGCTTGCCCTCCGGCGTGAACTGAACGCCGGACAGCTCGCCCGACGAGTTGCCGTTCTGGCCCTGGAATTTCGACGTGGTCGAGCCACTGAACTGCGTAATGTCGCGCAGGCTGATGCCCAAGCTCTTGCCCCCCTGAACCGCATCATTCGTCCAGTCGAGACTCACCCCGTCGTTGGTCCCGTTGCCGTCTGGGTCGTACGCGTTGGTCATGCCTGAAATCGAGTCTACGGAACCGTCGTCCTTGAACGTGATCGTTCCGTTGGCGTCACCCGGCCCCCCTCCATTGGCGTCTTGAAGGACGCCATCGGGGTCCTCTACGCTGAATGTCCACGTGTCTTCAGAGGTATTTTCGAAATTGACGACCACGTTGTGGGCCTTCCCCTGCTCGTCGTAGACGACACTTGAGATCTCGCTCGTGTCGCCCGCCTCGGCGTCCGCCGAGAGGTTGCCCCCAACCTGGGCCTCCGTGGTGGCTTTCGCCGCGGACTGGGCATTGGGGTCGAACTGAACGTTCTTGAGCTCGCCCGTATTGGCCGTCCCGTCCTCCCCGACCTCCCAGCCCTGTACGTTCAGGCCGTTGGCGGTCACGAGCTCGCCATTTTGGTTAAACGTGAAGTTGCCGGCCCGCGTGAGGCGGCGCTGGTCGCTCGCCGCCCCGCTTTTGGGACTCGCGACGAAGAACCCGTCCCCGTTCAGCGCAAGGTCGGTCTTGATGCCGGTGTCGTTGAGCGAGCCCTGCGAGAAGTTCCGGTCGATCGAGGCGACCGAGACGCCCCGGCCCACCTTCGAGGGATTGATGTTCGAGCCGCCCGCCGTGCGCCCCACGCCCAGAATCGCCTGGCCGAGCTCCTCGCTGAACGCGGCCCGCTGCCGCTTGAAGGCCGTCGTGCTCGAGTTTGCGATGT
CP030361.1_gap86	3481779	3485981	4202	CGCCCTCCGTGCCGCCCGCTCCTTTCACCACGGGGACCGTCTTCTGTCCCTGCTGCGCCGACCGTGCCGTTCCGTCCCCCGACGTGGATGCCACCAGTCCCCAGGACACCCGGACCTGCGTCCCGCCCTCGGTCTTTTGCCCCGACGACGAGGCGTTCCCCCCTTCCCCGCCGGCCTGACCGGCCGTTTGCTTGCCGGCCCGCACCGCCCGGACGACGAGCGATCCCACGTTCTCACCTCCTTGTGTATTCTCCCCTCCGGCCGCGTTCTTGCCTCCAGCCGCGTGCAAAATGGGCATCAGTTTCACCGTCTCCGCCGAGGCCGACGGGCCGGTTCCGCTCGCCGTGCCGCCCTCGCTCGCAAGCAGAATCCGCTTCTGTGCCTTGCCCTCCCCGTCCCCGGCCCGAAGAAGCGCCCCGCCAAACAACGCCGCGAGCCCCCCCTCTTCCCCGTTGGCCGCCGTTCCCTCAAGGCCGGCCGCCCCCTCGCCCCCCAACACAAGGCGCTGGGCCGCGCGCCTCCCGCCCTCCGCGGCGGTTCCGGACGCACGTTGCACGCCGGACAAGATCGACGGGAAGGCCGTGGCGCCCGTGCCCGCCTTCGCCTTGTTCGTGGCGGGGGACTGCTGGGCGGCCTCTTCGGTCGGTAGCGTGAGGCGAATCGCTTGCATGGTAGAGAGGACCCTCTGCGGGGCCGATTGAGGAAAAAGGTCAGCGGCCGGGCGACGCGCCCCGGCCTTCGTCTCTGTCGGTCTCCTGCGTGGCGGTCGTGTCGGCGGGCGCATCGTCGCCCCCGACAACCTGATTCACAAACTGTGCCGTCCGCTCCGCCGAGATGGCGGTGAGCAGTTGGGTGCGCGTCCGCCCCGAGGTGCGCTGGTACAGCTCCTTGAGGACCGCCATGTTCACGTTCGCCAGCACGGTCGCGAGCTCCCGCCGCCCCATGCCGAGCAGGGCATCCTTCAGCTCATCCACCTTCGCCTCCCGGCTCTCCAGCGACGTGAGCTGTGCCTGCAGGGTATCGGCCTCCGCCTCGGTCGTGCGGAGCTGCTCCTTGAGGGTGCGGAGCGAATCCTGAAGCTGCCCGACGACCGTGAGGGAGTCCCGAAGCCGCGAGACCAGCGAGGACGCCGCACGCATCGAGTCGCGGAGCGCCCCCCCTGTCGAGTCGCGGGACGCCTGCGTTGCGGTCGTGTCCGACGCCATCGCGGTCGTGTCCCCGGGCAGGGACGCCTGTCGCGTCGTGTCGCGCCCGGACGCGTCGAGGCTGTCGGCAGACACCCCCGCCGTCTCCGGCGCGATGGACGGCATCAGCAGGTACGCCCCCAGCAGGGCGACCGCGAAGGCCCCCAGCGCCGCGCCCGCAATGAGAAGTCCGTACTTGATCACGGTCGACTGCATGGCCGTCGTTAGAGTAGCGACAGCGCCTCGTCGGTGCGGTCGTGACGAAGCGTGGCCTGCTCGTCGAAGAAGGCCTCGCTCGCCTTCTTCTGCTCGCGGTCGTGCTGGTCCCGCTCCTGGCTTCGCAGCTCTTCGAGGGCCTCCTCGGCCCGCCGGCGTTCGCGAAGCTCGGCCCGGGCCTGCTCAACCCGCTCCCGGCAGGCCTCCACGGCGTTCCGGGTCTCCTCCACGGTCTGACGCGCCTCCTGGCGAAACGCATCGGCCTGTTGAATGCGGGCCGGGTCTTGCCGGCGCGCCTCGTCCACCCGCCGCCGACACTCCGCCAGGTGGCCTTCGGCCTGCTCGAGCGCGTCCTCCTTCTGCTCGAGCGCACGCTCGGCGTCGGCGAGGGCCTGGCGGGCCTTTTCGGTCTCGTGCTGGCGCAATTCCAGCACTTTCTGCAGCGAGAAGCGGAACTTCTTTCCGGGCATTTTCAGGGACGAATGGAGCGACAGAACGCAGTGTGAAGGCGGCCTCGGCGGCGTGCATCCGCCCGGGGACGGTCGGTCCGTCTCCGGCGGCATGCGAACGGGCCGGCAGCCCGCAGGCGCGAGCTCGGGCGCGAGGCCCTTCGCCTGTGTACCGTACACAACTCAAAGTTCCTGCCAGCTCCTACTCGGGAATGTCGTCCAGGAGCTGGCGGAGCTGGGTGGACGGGGCGGGATCCGGCGGCGGGGCGTCGACAGGCTGCTGCAGAAAGTCGGCCAGCGCCGGGTAGGCCTCCACGGCACGGTCGGTCTCCGGATCGCTCCCCTCCTCGTAGGCCCCCACGCTAATCAGGTCCTCCACCTCCTCGTAGGCGGAGAGCAGTTCGCGGGCCTCCTGCGCGGCGGCCTCGGCCTCCGGGCTCGCCACGCGGGGCATCACGCGGCTTACGCTCTGCAGCACGTCGACGGCGGGGTAGTGGCCCGCCTCCGCCAGCTCGCGGGACAGGACGATGTGGCCGTCCAGAATGCCGCGGGCCGCGTCGCTGATGGGCTCGCTCATGTCGTCCCCCTCCACGAGCACCGTAAAGATGCCCGTGATGGTGCCCGCCTCCGCGGGCCCGGCCCGCTCCAAGAGGCGGGGCAGGAGCGCAAACACGCTGGGCGGGTAGCCGCGTCGCGTCGGCGGCTCGCCCACCGCCAGCCCAATCTCGCGCTGTGCCTGCGCCACCCGTGTGATGGAGTCCATCATGAGAAGCACGTCCTGGCCCCGATCGCGGAAGTGCTCGGCGATGGCCATCGCCGCGCTGGCCGCCTTCACGCGGCTCATCGCCGCCTCGTCCCCCGTCACGGCCACCAGCACCGAGCGGCGCAGCCCCTCCTCGCCCAGGTTGTCCACGATAAACTCCCGGACCTCGCGCCCTCGCTCCCCGATGAGGGCAATCACGTTCACGTCGGCCTCGGCCCGGCGGGCGATCATGCCCAGCAGCGTGCTTTTTCCCACCCCCGACCCCGCAAAGATCCCGGTTCGCTGGCCCTTTCCCATCTTCAGAAACGCGTCGATGGACCGGATGCCCGTGGAGAGGGGCGTATCGATGAGGGGACGATCCAGGGGCGACGGCGGGTCGCGATGAATCGGCTCCCGGGCGTCCGTCCCGAGCGGCCCCTTGCCGTCGATGGGGCGCCCCCCCGCGTCGATGACGCGCCCCAGGAGGTCGGGCCCGACCGGCACGCTCATGCCCTCGTCGGCGGGCCGAATCAGGCAGCCGGCCTGCAGGCCGTGCGTCTGCTCCATCGGCATGAGGACCGTCGTGCTCTCCTTCACCCCGACCACCTCGGCGCGCACCGTGCGCGTCTCGCCGCCCTCCGCCACGTGGATGCGACACATCTCCCCCACCGCCGCGTCCAGCTCGCTGGCCTCCACGAGCAGCCCCACCACGGACGTGACGCGGCCGTAGCGGCGGGCCGGAACGGTCGTCTCCCGGATGCGGTCGAGCGAGCGGGCAAGGGCGGGCATGGGGCGCAAAGACGACAAACGAGACAGGTCGGGTGGGCACTACGCCGGGGCGGTGTCGGGGGCCGTATCGGGGGCGGCGTCCGAATCCGTCGTGGCGCGCCGGAGCTCGCCCCGGAGCGTCTCCAGCACCTCCGCCCGCAGCCGGCGCACGACGCCGGTCGGGGACGAGACGCTCCAGTCTCCCTCCTCGAAGTCGGGCTCCGGCTCCAGGGTGAGCCCCTCGTAGTTTTCCTGCAGGCGCGTCACGAGCCCCGACTCTCGCACCCGCTGGCAGTCGACCGGGTGCAGCCGAATCGTCACCGGCGGAGTGGCGGCCAGCTCGGTTACGGCCTCGATGACCGCCTCCTCCGAGGCCTGCCGCATCGTCTCCGTGAACGGCGCATCGACGATGGTTTCGGCCAGGTCGAGGGTCAGTTCGATGATCTCCGACTCGGCGTCGTCGATGTACGTCTCCCAGAGCTCCTCGAACCGGGCGATGTCCTCCGACAGCTGCCGGCGCGTGTCGTCGAACTCAGCCCGCAGGGTTGCCTCCGCCTCCGCGTAGCCGTCGTCGTACCCCGCCTCGTAGCCGTCGTCGTGGCCCTCCTCGTACCCCTCGGCCCGGGCCGCCTCTACCTTCTCTTCCAGATGTGCCCGCCACTCCGCGTCGGTCCGGGTCGGCTCCTGTTCGTCCGGGTCGTCGTCCGCCCCGTCGGCCGGCGGGGCGTCTGTCTCTGTGTCGTCCGGTCCCGAGGGCGCCGCCGGGTCGCTCCCCGATGCGTCCTGCGTCGCGATCTCGTCCGGGCGCACCGTTACCGGCTCGGGCGACCGCCCGGCCTCCCC
CP030361.1_gap87	3490868	3494847	3979	GGCATCTTCGGAGAAGGTGGGAAATATTTACACCAACCCGCGACCGGGATGGCCCCTGCCCCCCCGACAGACACGCCGTGCGGACCGGTGGCCCGTCTTGAGAAGATGCGGGGCCGGGGTCGGCGTACGGTTTGCGACACCAAGAACCACCGCGCTGCCTCCCTTCATCGTCCCCTTCCCGTCCATGCCTCCCGACACGTCCCCCGAGCGCCCCTCGGTTCCGACCCTGGAGGTCCCGTCCACCCCGAGCGGCGCGGAGTCTCCCGACGCCGCCGAGGGGGCGTCGTCTCCGGCGGACGGACACGACGAGGCCCTGAAGCACCTGACGTCGGTGCTCACCCGCCACCTCGCCCCCCTCGCGAACACGATTGCCCGCCACGCGGATCGGCTGGTGGATGCGCCCGACCCGAAGCGGCGACGCGAGAGTGCGATGGACGTGCTGGCGGCCTCCGCCCAGATCGACGACCTGCTGGCGGCCCTCCGTCACTACAGCCGCCCCGTCGACGCCTCCGCGCAGCGCGTGCCCGTGGCCGATGTGGTGGAGGACACGATCGGCCTGCTCGACGACACGGCGCAGACGCGGGTCCGGATGAAGGTGGAGCCCGAGGCCGACGCCCCCATCGACGCGGACCCGGCCCTGCTCCGACAGGCCCTGCTCAACCTGTTGCAGAACGGCCTGGAGGCCACGACCGCCCCCGAAACGGTGCTTCTGCGCGCCGCCCGCACCGATGCCGCCCCCCAGGTCGCGTTCGAGGTATGGAACGACGGGGAGATCGAGCTCGACGACCCGTCCGTGGTCTTCCAGCCGTTCTACTCCGCCCGCCCGCAGCACCTTGGGCTCGGGCTCCCCATCGCGGCCCACATCGCCGAGCAACACGACGGCTCCCTCCGCCTCACCACGAACAGCGTCGCGGACGGGGGGACCTGCTTCACCCTCCAGGTCTGAGGTTCGACCGTCCGTCCATAGGGGCGTGTCCGTCTCGCGTCCCTGCCCCCCGTGCAGCACACGTTCACCCCACCGACCCCGCCAAGCATGAACACAGCCTCGCCCACGTCTCCTGCGACCACCTCTCCTCACATTCTGGCCGTCGACGACGAGGTCATGCTCCATGACGTCTTCGAGCGCCTCTTTCCGCGCGAGGGGATCGAGGTGACGGCCTGCTCGAGCGGCACGGAGGCAATCGAGCTGCTGGAGGACGCCGCCTTCGACCTCGTCCTGGCCACCCACCAGATGCCGGGGCCCGACGGCATGGAGCTGCTGGACCACATCCAGGAGCACCACCCGACGGTGCGCGTGATCCTGCTCTCGGACCAGGACAACGCGCAAAACGCCGTGCGGGCGATGCAGAAGGGGGCCGCCGACTACATTCCGAAGCCGTTCTCGACCGACGAGCTCGTGGACCGCGTCAAGGGCCTCCTCGAAGAGCCGGCCCCGTCCGCGCAGCCGAGCAGCCTACCGGGCGGCGACTCCGCGCCCGGTGCCGCAAACGTGACCTCGGCCGATGGGGCCCCCACCGGCCGCCCCGACGACCCGGATCTCTCCACCAGCTCCTCGCTCTTTTCCCAGGATGGGGCGCCGGAGAGCGACGCCCAGTTCGTCGGGGAGCACGAGAGCATCCAGCACCTCAAAACGATGGTGCCGCGGGTCGCGCAGAGCGAGGCCCCGGTGTTCATCCACGGGGAGAGCGGGACGGGGAAGGAGATTCTGTCTCAGCTGATTCACGACCGGAGTGCCCGCGCCGACGCGCCCTACGTCCCCATCAACTGCGCCGCCCTGCCGAGCGACCTGGTGGAGAGCCACCTGTTCGGGCACATCGAAGGGGCGTTCACCGGCGCGGTGGACGACATGGAGGGGGCGTTCGAACGGGCCGACGGCGGGACGCTGCTCCTCGACGAGATCACGGAGATTGACTGCGGCGTCCAGGCAAAGCTCCTGCGCGTACTGCAGGAACAGCAATTTCAAAAGGTGGGCGCCTCGGAGAAGAAAGAGGTGGACGTGCGCGTCGTCGCCACGAGCAACCGGGACCTCAAAGAAGCGGTGGACGAGGGCGCCTTCCGGGAGGACCTGTACCACCGACTGGCGGTCTTTCCCCTCCACGTGCCGCCCCTGCGGGGCCGCCTCTCCGACATTCCCCTGCTGGCCGAACACTTCGTGGAGAAATACGCCGCCCAGTACGACCTTCCGGGCAAATCGCTGTCGAGCGGGCTGCTACAGCACTTTCAGACCCACAGCTGGCCCGGCAACGTGCGGGAGCTCGAAAACATGATCCACCGGGGCGTGGTGATGGCCGCCGACGCGGACACCATCACGAAGGAGCACGTTCTGAACGCATCGTTTACGCGGGACGGGACCGCCGCCGACGCGGACGGGGGCACGGGGAGCGTGACGCTCACCCAGCTGGCGGACGGAGACGGCCCGCCAACGATTGCCGAAATGGAGCGCAAGCTCATTCTGCGCACCCTGTCGCAGGAGGACGTAAGCCAGAAGCACGCCGCCGAGAAGCTCGGGGTCAGCGCGCGGACCATCCGCAACAAGCTGCAGGAGTACCGGGAGGACGGGTTCTCAATCTAGGGTCTCGGCCCCGTTAACCGAAGAGCTCGGTGAGGGAGGAGGCCACCTCTTCGGTCACGTCCGGCTCGGTGAACCGCCCATTTTCGACCTGCTCCTGGAGCTCCGTCCGCCGCTCCTCCGAGAGCGACGCCTCTTCGCTGAGGGCCTGACGGCCGCGCTCCACGAGCGCCACGTCCTCGCCACTCAGGCGCTCCTGGGCAGCCCGGGCGGCGTCGGAAATCTCAACCTGGTCGGTGCCGGCGGCGTCGGTCGTCTCGGACGACTGCTCCGACGACGCCTCCTCCGAGTTTGCGGCCTGCTGCGCCTCACCGATGTTTTCGTTGCGCGCCGAATCCGGCTGCAACGGCCCGGTGGACGGGTTCTGAATGTTCATGGGCTCAAGCGCTGTTTGTAAAGGATGGATGTTGGGGCCCCGTGCCACAAACGACTGCCGTCTCGCATGAGGTTATCGGGGCGGGGGCGGGCTTCTTAAGTGAAGACCACGTGAAGTAGGCGGCTATCCGCTCAGTTCGGGGGGGAGCACCCCGTCGTGGCCGCTCCGGTTCGAGGTTGAGGACGCGGTGTGGTCGTCGTACGAGTCGTTTGCGCGCTGCAGTCGCTGCAGCTGGTTGAGCTCCGCTTCAATCTCGTCTTCTCGCTCCTGGAGCTGATCCAGAAGCGCCTCGTGCTGGTCGACCAGGGCCTTCTGCTTTCGCCGGAGCGCGCCGTCGGCCCGGCTCGCGTCCGACGATGTGGACGGGGACGTGTCGGCCTCCGTTCCCGCGTCCCCCGCCAGGCGATCAATGAGCCGTGCGCGCCGGTCGAGCAGCGCCGCCGTACGGTCCCAGTCGTCGGCCTCCACCGCCTCGGCGATTCGCTCCCCAAGGTGGAGAAGGGCATCGAGACGTTCGGCGGACACGGCCATTTACTCGAAATGGCGCTGTGGCGATGGGCGCGGCCCAGCGACCCCGGCTAAAAGAGCCGCTGGCTGATGGACTGCTGCTGGCTGGCGAGCGAGCGGATCGTGCTCTCGACCTCGGCGTACTGCTCACGGAGCTGCTGCTCGCGGCGCTGGAGGCGCTTGTCGAGACCGTTGATCCGGTCGTCAATTCGGTCGATGCTACTGTCGATGCTGTCCTGTCGGCTGTCGAGAAGCCCCCCCGTGTCGGCGTACTGATCCACGCGTTCCTTCATCCGCGTGGCGACCCCGTCAGGACCGTCAAACAGATCCTTTAGGGCACCCTGGTTTTCACGGACAGCCGTACGAAGAGCATCTTCGTCGGTAAGTTTCAGCGTCCCGTCCCGGTTGGCCTCTATGCCAATGTCCGCGAGGGTGTTGAGCCCCTCCGGCTGGCCCTCTACCGGCCGGGTCGCGTCGGTGCGGAGCTGTCGACTCAACCGCCGGAAGGTACTGTCGTCCGCCAATTC
CP030361.1_gap88	3505384	3510373	4989	CTGCTCGTGCTGAACCGGGAAAAAAACCTGACGACCTCCCAGCGCCCGATTCTCATCAAGAGCCACCACATCCACGGGCAGGTCGACAACATTGACCTCTGGAATACGACGTGGGCCGACCACGTGGTGAACCCGGTCCGCGACCCCCGCGAGATCTGCTGCTCGTTCGCCGCCCACCGCGACATGGACTACGAAGAGACGGCCGAGCTCATGAACGACCCCATGGCGCGGATGGGCGAGGAGGACGAACGGGTGAACAGCCTGCTTACGACCTGGTCGACCCACGTCCGCAGCTGGCTCAACGCCGATGAGATTCCCGTCCACACGGTAAAGTACGAGGACCTGCAGGCCAACCCCGTCGATGAGTTCTACGACATCCTCGACTTTCTGGAGGTGCCGGACCTGACCGAGGAGCGCGTCGAGGACGCCGTGGAGCGGACGCGCTTCGAGCGGATGCAAGAGATGGAGGCGGAGCACGGCTTCCACGAGCGCACGGCGGACCAGGCCCAGTTCTTCCGCTCCGGGCAGACGGCCGGCTGGAAGGACGAGCTCCCCACCGACGTGGCCCGCAAGATCGAGGACGACCACGGGGCGGTCATGGAACGGCTTGGGTACCTGTAGCTAGCCCCCTTCATCAGTCGGGACCGGGATCGTAGCCGGTCGGCGAGGTCGGCAACGCCTCACGTCCTTGCGTCAACACAGCCCGGATTCCGAGGGGTGCCGCCCCGACTGGTTTTCGGCCCCACCATCCCTCACTTTTGCCCTCACGACCCACGCACGCCCTATGCACTTTGTCGCCAGCTATCCGAAGAGCGGAAATACCTGGATTCGCCTCGTCACCGCCGCGTATGCCCTGGAGGGCGTCTCCGCCGCCGACTTTATGAACTTCGACGAGGACGATGAGTCCAAAGTCAGCAACGTGATGCGGTTCGGGGACCGGACCAAGTACTATTACCAGGCGGTCAGCCCCTTTCCGATCGGGCCCCTCGACTTCTCGACGGAGGTGCGCCTGCGGCCGGCCGCGATGATGATCCTAGAGCGCGAGATGGCAGAGACGACGACCAAGCGCCCCATCCTCGCGAAGAGCCATCACTTGAACGGGGACGTGGACGGGATCGACCTGTGGAACCCGGCGTGGACCGACCGGGTCGTGAATCCGGTGCGCGATCCCCGAGAGGTCTGCTGTTCTTTTGCCGCCCACCTGGGACGCGGGTACGAACACACGGCGAAATTCATGAACAAGCCGAAGGCTACCCTCGGGGACCGGTCCCCGGACGGAGAGCCCCACCACCTACTTGGCACCTGGTCGCAGCACATCAAAGGCTGGCTCAGCGAAGACGAGGTGCCCGTACACACCGTGCGGTACGAGGACATGAAGGCCAACCCGGTCGGGGAGTTCTACGACATCTTCGACTTTCTCGATGCGCCCGACCTCACCGTGGAGCGCGTGGAGGAGGCCGTCCGGAAGACAAGCTTCGACCGGCTGCAGAAGGTCGAGGCCGAGCACGAGTTTCCCGAGTCGATGGACCACCAGGACAGCTTCTTCCGGTCCGGCAAGACGGACGGCTGGAAGGGGGAACTCCCGGTCCGGCTCGTCCGCAAGATCGAAAAAGATGCTGTGTTGCTGAACGTCAAGTTCCAGGGTGAAGCGACGGGTCGAACGAGGACTGGTTCTTCAGCACGCCGTAGCAAATATGAAGCAGTTTCCGCATCGCAGCGCCGATGATCACCATCTTTTCTTTACCCCGCTCGGCGAGCCGATCACCCAGGGCCTCGACGGCAGCGTTGCACCGAAGGGCTGCAATTGCTGGGAAGTACAGCGCTCTTCGAAGCCGAGAATTCCCGACTTTTGAAAGCCGAGGTTTTCGATGAACCGAGCTGCCCGATTCATGGTGGGAGGGCGTCAGTCCGGCATATGCAGCCGCCTGGCGGGCGCACTCAAAGCGCTCATGATCCCCGAGCTCCGCGAGCACGAGCGCAGCGGTCGTCGACCCAATCCCCGGGATTGTTTCCAGTAGGTCTCGGTTTCGGGCGAGGGTGTCGGTGCTCTCGACATGCTTGTCGACCTGATCTTCAAGCTGGTCGATCTGCTCGTTAATGCTTTCGAGTACTGACCCAAGCGAGCTGGTAACCGTCGGGTTTTCCGACTGGCGGATCTGGTTTTTCAGGCGGTCGCGCTCTTTTTTAAGCTGTTCAAGGCCGCGGGTCATCTCCTTCAGGCTTTTTTGCTCCGAAGGCGCTGGCTCCCATGGGCTTGGCTCTTCCCGCCGGCAAAATCGCGCGAGGAGACGAGCGTCCACCTTGTCGGTTTTCGACCGGCTGAGCTGACTCTCAGCGTATGCGCTTGTGCGTAGCGGGTTGACGATCGAGACAGTCAGCCCACGCTTCTGCAAAAAGCGTGCAGCCGGGCGCTGGTAGTCGCCGGAGGCTTCGAGGCAGACATGAACCTGCTCCGGATTTTCCTCCAGCCGGACATCGGCCTGTGTCTCGATCCAGTTGAGGAGCTCATCGAATCCGTCTTCGGTGTTCGACACAGTTTTGGAAGCAAAATCGTCCTCCTCAGATCTAATCAGGGCGATTTCAAGGGACGCCTTGCTCACGTCAATGCCCACGTGATGTGCTGCCGGAGGAACGGAATCAGACGAACTCGAACGATCAGGAGCGGTCATTGCGAGATCCAGACTAATAAATGCAGGCTCGACGATGAGAGCATCGCAGGCGCTCAGATGCTGTTCGGATTCGAACGCAATGAAGAGAGGGCAGGGACTGCTCTTTTTCTCGGGCTCATGGGAAAATTCCCAGGCCGGAACCATCGCACAGGTGGCCCTGCCCTCCAGCTCCGAGCGTCCTCGGAGCAAGTTACAAACCATCAATTTCAAACTACAGCAAACATATTAGACCACGGCGACATGATGAACGCGCTGGGCTACGGGTATCTGTAGCAGACCCGACGGGCCGGCCGGCTTTCCGGAGGCCGGCCACAGACAGGTGTTCCGCTCCGGAGAGACCGACGGGTGGAAGGAGGAGGTGCCGGTCGGGGTCGCCCGCACGATCGAACGAGACCACGGCGAGGTGATGGAGGCCCTCGGCTACCTGTGGTTCTGTCTGGGGGCCCCCAACGAGGGCGGCGCTCCCCACGGTCCCTCTTCGGCGCGGCCCCCTACGCCGCGAGGGGCTCGCCGAACGGCCGGTCCGGCTCCTCCGCGTCCGACGTGCCGACGAAGAAGTCGGTGAAGAGCATCACCATCTCCTTCTTCCCCCGCAGCCGGTCCATGAGGTCCGGGGGCGGGCCCTCGGCCTCGGGGGCGGGGTTCCAGTGCCGCCACACCGGCCGGTCGGCGCACGCCGCCCAGTCGATCGGCTCCGCCGTGGGCGCCACGCCGGCGAGGGGCCTCCCCATCGCCTTCGCGGCGAGGTTGGCCGCCCGGACGGCCCGCAGCGTGCGCCGCGGCGCGTCGCCCGTCTCGGAATGGGGCGGGTGGTGGTGGCGGATCACGTCGACGAGCGTCTGCGGAAAGTTCAGCTCCAGGGCCGCGTACGCCCCGGCCTGGCCGTGGTCGCACCCGAAGACGAACCGCTCCAGCTTGCGGTCGTCCGTCTCCTGGAGGTGCTTCGCAAACCGCTTCTCCTCGTAGAGCGCGGCGGCCTTTTCGGGGTAGTTGTAGAACAGGACCAGCTTGCCGAAGTCGTGGAGCAGGCCCTCCGCGAAGCCCTCCCCCTGGGTGACGTCCGACTCCGGGGCCGGGCCGTCGTCGGCCGGCGACAGCGGGCCCAGCAGGCTGCTGGCGAGGAAGCCCGTCGCCTCGCTGTGCCGGATAAACCGGTGGAAGCAGGCCTCCACGGGCCCGTCCGCCAGCTCGTCCATCCGCAGCATGCCGAGGCTGACGACCGACCCGGCGGCGGTGGTCGTCCCCATCATGCGGATCGCCCGCCCCACGTCCGAGATGGAGCGGCGGAGGCCGTAGTAGGCGGAGTTGATCTGTTTGAGCAGCCGCGCGGTGGCGGCCGGGTCGTGCTGCACGATCTCGGTCAGGTCCTCCGGGTCCGTAAAGCCCGGTTCGTGAAGGAGCTCCAGCACGCTGGGGAGCGTGCGCGGAAACGGCGGCACGCGCAGGTCGAGGTCGCGCAGGGCCGAGTCGGACGGGGGGGACGGGTCGGTGCTCATCGGGCTGGGGCGCCGGCGCGCGGGCCGCAGGAAGGGCGGGCCGCGGGGTCGGCTCGGGTTCAGGGGTGGTGCTAGAGGAAGTTCACGAGGGACGTTTGCTGCGACGAGGAGGTGGCCTGGAAGGCCGCCTGGAGCTGGGTCTGCCGCTGCTGGAGCTCGGAGATGGCGGTGGCGAGGTCTGTGTCTTCGGCGTCGGAGCGCCGCTCGTTGGCCTCCAGCGACGCCGCCTCGACCTGGTCCTGCGCCGCGGAGAGGCGCCGCCCAATCGCGCCCGCCTCCGAGCCCTTCGAAATCACGTGGTCGAGCGCGTCTTCGACCTCGCCGAGGGCCGTGCTGATGTCGGGGTCCGGCGGCCCGCTCGGGGGGGAATTGTCGGCCGGATCCACGGCCTTGATCAGGTTGTCGAGGGCGCCGGTGATGGTCTCCGGGTCCCCGCCGTCCGTGTCGTACTGGGCGAGCGCCTTGCCGTCGACGTTGATCGTCAGGTCCTGGTTTTTCCCGATCGGCCGGGTGCGGTCGCCGTCGAGGGCGTCGAGGGACCCGTTGATGGGGGCGGCGTCGTTGGCGCTCCCGTCCGCCCCGAACGGCTGCGTGTCGGTGCGATTGCCGGCGAAGATGTACTCCCCGTCCTGCGTGCTATTCATCCGGTCCACGACCTCCCCCTTGATGGACCGGAGTTCGTTGGCGATGGCCGCGCGGTCGTCTGCGCTCCGGGTGTCGTCGGCGGCCCGGACGCCGTCCTCGCGAGCCTTGGTGAAGAGGTCGGCCAGGCCGTCGAGCTCCTGCTGCGTGCGGTCGACGAACGTGCGGGCGCTGGCGATCGA
CP030361.1_gap89	3543567	3544981	1414	GTTCGCGGCGCCCGCCCTGTTCGGGTACCTCGCCGACCAGACCGACGAGCAGACCGTCGCCGTCGTGGACGAGACCGGCCGGCTTGCCGACTCGCTCACGGCCACGGGCGGGGAGGGCCTCACCTTCCGCCCCGTCGAGGCCCCAACCGACTCGGTGCGGCGGGCCGTGCGGGACGGCCGGTACGACGGGTACCTGCGGCTGCCCGCGTCGCTGCTGGACGGCACGGGAGAGGCCACCTACTACTCGGTGGAGGGCGGGGGGCTTACCCTCCGGTCGGATCTCGACGCGCGGGTCAACCGGGTGGTGCGGCGGCACCGCCTCGCGACGGCCGGCGCCTCCGCGGACGTGCTGTCCATCGTGGACTCGGACGTGGGGCTCGCCACGCGCAAGTTGAGCGAGGAGGAAGGCACCACGGACGACTCCACCCTCGCCTACACCGCCATCGGCTACGTGATGGCGTTCGCCATTTATTTTGCCGTCTTCTTCTACGGCCAGTACGTGATGCAGGGGGTCATCGAAGAAAAGAGCAGCCGGGTCGTCGAGGTCATCGTCTCGTCGGTCCGTCCGTTCGAGCTGCTGATGGGCAAGGTGCTCGGCATCGGGGCGATGGGACTGACCCAGATGGTAACGTGGGCTGCGCTCGCCACGGGCGGCATGGCGGCCATCGGGCCCGTGTTGGCCCTCTTCTTCGCCCCGTCCGACCTGGGGGCCTCTCCGGGGGCCTCTCCGGACGCGATGCGGGAGGCGGCCGGCATCTCCGTCCCCACCATTCCCCTCGATCTCGTCGTCTGGTTTATCCTGTTCTTCGTCGGCGGCTTCCTCCTGTACGCCTCCCTCTTCGCCGCCGTGGGCTCGGCCGTCGAGCAGCAGCAGGACGCGCAGAACCTGCTGCTGCCCGTCATGACGCCGCTCATCCTGCCCATTCTCTTCCTCATTTTCGTGATCGAGAGCCCGAACGCGACGGTGTCGATCGTCACGTCCATCATTCCGTTTTTCTCCCCCATCCTCATGGTGCTGCGCCTTGCCATTACTTCCGTTCCGCTGTGGGAGGTCGCCACGGCGTTCGTCCTGCTGGTGGGCACCTTCGTCGGGATGATCTGGGTCGCCGGGCGCATCTACCGGGTCGGCATTCTCTCGTACGGCAAGACCCCGGGGCTGCGCGAGATCGCGCGGTGGGCAACGTATCGGTAGCATCCGTGACACGTGATCCGTAAAGATAGCCCCCATTGAGGTCCCCCAAGGCACGCTTCACGCATCACTCCCCACGCATCCCGCACTCGCTTTTCATCCGGGATTTGTGGGGTTTTCGGCCCCCGAACGCCGATCACAGGCGTTCGCACCGATCTTTTCGCGGGATCGTGCATTCTAGAGACGTTCCCCTTAAAGGAACGAGCGCCCGCTCTCCGGAGCCCC
CP030361.1_gap90	3553942	3558667	4725	GACGCCCCCGGGATCAATTTGTAACGCACTGCGTCAAAACGGGCGAGCACGATTGATGCATCGCGTTACGAACGCCCTGTTGCTCTGGTTATGGCTCGACGGATCAAGCGCTACGACAACCGAAAGCTGTACGATACCGAAACGAGCGAGTACGTGTCGTTGAGCGACATCGCCGCGCTCGTACGGCAAGGCAACACCGTGGAGGTCGTGGACAAGGCGACCGGTGAAGACATTACGGCCCAGACGCTCACCCAGATCATCCTGGAAGAGGGGAGGAACGGCGCCCCCGTCATCCCGCCGGACCTGCTCCACACGTTGCTGCGTCGCAGTGGCGAGGCCCTCGACACGGGACTCGACCAGATCCGCTCGACGGTCGACGGCCTGATGGAACGCTCACTGGGACAACTGAAACGGCTCGTCCAGAGCCCCCGAAGGCGAGAACTCGACGACCTCCGACGACAGCTGCGCCACCTGGAGCAGCGACTATCCGCTCTGCTGGACGACCTCGACGCCCCGTCCCCCTCGGATTCAGACGCCCACCGACATCCACAGGAGGCTTCCGGGGAGACGCCCACCGCCGAGCCCGTTCAGCCGCCTTCTCGGGACTGACTCTCTTTTCCGTACGCTTCGTTCACAACCCATTTTCCCACGCCATGACGACTGAACACGACGCCCCCGACTCCGAAAACCTACAGGATGAACTTACCGAGCGCGGCCGCGAGGTGTGGCTGGCCGGCCTTGGGGCCCTAGCTACGGTCGAAGAGGAAGGCACGAAGCTCTTCAATCGCCTCGTGGACCGGGGACAAGACTTTGAGGAGGAGCGCCAGGCCAAGATTGAAGAGGCGACCGAGAAGGTCCGCGAGCAGAGCGACGAGGCCCTTGCCCAACTCGAAGAGGCCGGGGAGGAAACGCAGTCGATGCTCGCCGACTCTGTAAAGGCCGCCCTGGAGCGCTTCGGCGTTCCTACCCAGACGGAAGTCGACGACCTGGCAGAAAAAGTGGACCACCTGTCCAGACAGGTCGAGGAGCTTGCCGACCGCCTCGCGGAGGACGAGGCCCCTTCTTCGGACGAATCGTAGCCCTCTTCACCGCCTGGCCTCGAATTTGCGCCTTCGGGGACGAGGGGCCCTCCGTCTCGGAGGGCGCCTTTTCCCTCGCTGAGACACCCCCAGAACGTGTCCGGGGCGACACGCCCGGCACCGCTTTTGCGGACGACGAACACGGCGGACCGTACCGTTTCTCACTACTCGCCCTGCTCGATGCCCTCCCCTCCCACCGGCTCCAGCACGCTTGGCCTCGCCTGTGCGGGTGGGGTCGTCGAGGGGGCCCTCTACGAGATTGGGGCGCTGTGTGCCCTCGACGAGGCGATTGAGGGACGTCGCCTGCACGATTTAGACATCTACGTGGGCGTCAGCTCGGGCAGTTTGATTGGGAGCATGCTGGCCAGCAACGTCTCTGCACGCGAACTCAGTCGAGCCGTCGTTTCGGAGTCGTCCGACCCGAGCCTCAACCTGGAGCCGGAGGTGCTCTTCCGGCCGGCCGTGGGCGAATACGCGGGTCGACTGGGGCGCCTGCCCGGGGCCTTCTTTTCGTCTCTCCGGCACTACCTCCTCAATCCGGGCGACCTGTCTTTGCTCGGGCTTCTCGCGACGTTTGGGGCCCTAGTGCCCACGGGCCTCTTTACCAATGCCTCGCTGGAACGCTTTCTCGCCGAGGCCCTCACCACCGGGGGCCGCACCAACGACTTTCGCCGGCTGGAGCGGAAACTGTACGTCGTGGCCATGAATCTCGATTCCGCCGACGTCACGGTCTTCGGCGAGCCCGGGCACGACCACGTGCCCATCTCGTCCGCCATCCAGGCGTCCACCGCGCTTCCCGGCCTGTACACCCCCGTTGAGATCGACGGGCAGCACTACATTGATGGGGTGGCGCGCCGCACCGTGCACGCCAGCGTGGGACTCGATGCCGGCGCCGACCTCCTCTTTTGCATCAACCCCATCGTGCCGATCAACGTCCAGCTCAAGCAACACGCCGAGCGGTTGCTCGATCGTCGAACGAACGGCCACGGCCCGTCCCTCGCCGATCGGGGCCTGCCGACCGTGCTGTCCCAGACATTTCGCGCCATCGTCGACTCCCGCAAGCAGACCGGCTTCAAGAAGTACGCGCATACCCATCCCGACGCGGACCTCATTCTTATCGAGCCGGAGTGCGACGACACGCACCTGTTCTTCTCCAACATCTTCAGCTTCAAGAATCGGCACGACATCTGCGAGCACGCCTACCAGGCCACGCGCCGTCACCTGCGTTCTCGTGCGGAGGCACTCCAGCCCATCCTAGAGCGCCACGGCCTGTGGCTGCGACGGGACGTGCTCGACGCCCCACACTCCCTCTACGACACCTCTTCTTCCGCCCGGGACCATGAGTCAAAGCGCCCCGCATCTTCGATGTCGGAGGTACTCCGTGCGACCAGCGACACCCTCGACCGCCTCGACGTTCTGCTTGACCGTCTGCACGATCACGCGGAGCAGTCCAATCGGTCTGTCCCAGGCCAAACGTAAGCTCGACCTACCGCGCCCACACCGCCAGGCCCGCCCCGAGCACAAATAGGGGGATTGACAGCCACAGCGGCCCGCCCTGCACCACGGAAATCACCCCTCCGACGATGCAGGCACCGGCGATGACGCTGCTCCGAACCCCGGACAGGGGATCACTCGGGGGCTGATCGGTCAACGACTCTTCGAGCTGCGCCACCCCAGACGTCAGCAGCTGGGGGAGTTTCAGGGCCACATCCACCAGCTCGGGGGCGTTGCTCAGCAGTTCCGACCCTAGCGTCAAGGGATTGAACCGCTCGCGGAAGATCCGCTGCACGTGGCGCCGCGAGACCGCCACCACGTCGAGGTCTGGATCCAGGGTCCGGCCCACGCCCTCGAAAGTGACGAGGGCCTTCACCATCAGCGTCATCTCCACCGGGAAGAAGATTCGGTACCGCCCCCCCAGGCTCAGCGACTGCAGGATGACCTGTGCGAGGCTGATCGAGCCCTGCTTGCTCCGCATCAGAAAGTGGCGGGCCATGTCCGAGACGGCCCGCCGAAATCCCTGCGGGTCGCCGCCCTCTCCCACTCGCGCCATGTCGAGAAGGTAGCGGGCCGCATTTTCCACGTCCCCCCGCACGAGGGCGTAGTAGTAGTACAGCATGCGCCGCCGGATGTCGGCCCGGAAGCGCCCGACCATCCCGAGATCAATGAATCCAATTTGGAGGTCCTCGGGCCGATCGCCGGGCAGAATCTTCAGGTTGCCCGCGTGCAGATCGGCGTGGAAGAATCCGTCTTTGTACAGCATCCGGATGACCGCAGAGGCGCCGAGATCGATTACACGCTGCCGCTCGGCCTCACTCAGCTCGCGCACGGCCTGCGGACCGGGCCGCATGCCGCCCAGGTACTCCATCGTGAGCACATCACTCGTGCTCAGGGCACGATGAACGTCAGGGAAGACCACCCCTGGGACATCCTGAAAGTTCGCGGCGAAGATTTCAGCGTGGTCTGCTTCGTAGTCGAAGTCAATTTCGCGCTTCGTGTAGGCCCCGAACTCTTCGATGATCTGTGTCGGCTGGTAGCGCGGCAGCAGCCACTGCAGAAATACCCCGAAAAACTCCAGAAGCTTCAGGTCGGACGTCACAACGTCCCGGATGCCCGGCTTAATCACCTTCACGACAACGTCTTCCCCATCGTGTGTCGTGGCACGGTGCACCTGTGCGATGGACGCGGCGGCCAGCGGCTCCGGATCGATCGATCGGAAGAGGGACTCCACGGGATCCTCCAGTTCCCGTTCAATAATTGCCTTCACCTGCGCGAAGGGAATGGGCGGCAGGTGGTCCATTAGGCTATCGAGTTCCTCCGTAATCACCTCCGGAAGCAAATCCTCCCGGATGGCCATGATCTGCCCCAGCTTGGTGAACGTGGGGCCGAGGATTTCCAGTCGGCGCCGCAGTTGCTCCGGGAAGGGACGATTTCGGAGGTCGCTACGGACGAAGGGCTTCAGGATGCCCGCTAGCATGCGCTTTCCCAGCGACCGCATGCCCGTCTTCTGTACGCGCGGCAGGGACTCGACGTACGCGATGTGCCCCCCCATCATCAGGCCGGCTACGTGCCGCCACACCGTGAAGAATCGGCGGAACGCCCCTCGGTAGGGCGCCAGGGGATCAAAGTCTGTAAACGGTGAGGACTGAGGGGTGCCGTTTGACGATGGGGGGGAGCTTGGATCCTCGGAGCCAGGCGCCCTGCTTGCCGACGACTCCTCACGGTTCGGGCCCCCCGACTGGGCCACGGCAGGCGTTTCTTCTCCGCTCGGGGCTGTCGGTTGAGACGAAGGGCCCGAAGGGGAGCCGTTGGAACGGTCCATGCCGAAGATCTAACTCGTGAAGAGAGGAGCCCGCCTCAGAACGTGCAGGGTTTCTGCCACACAGCACGTAACGGGGACACTCGGAAATGGTTGGTGGCCGGACGTGACAGGACCGACAGTCTTCACTGACTGATAGCCCCAAATAAAAAAGGGACGCCGCTGCAGTTGCAACGGCGTCCCTAGAGGGGAATCCTGGCAACGTCCTACTCTACCGGCCAACGGCCAGTACCATCGGCGCTGCGGGACTTAACTTCTCTGTTCGAAATGAGAAGAGGTGTTGCCCCCGCGCTATAGCCACCAGGAAACTCGGTGCTGGTGCTTTCACCA
CP030361.1_gap91	3580626	3584611	3985	CTCACCCTCCGGGTCCATCAATATGGCCGTCATGTTGCCGTCGTGCTTCTTCTTCTGTTCGACCATCTCGTCGGGCGGATAGTAGCCCTGCTTGCCGGGCGCCGAGGAGACAATCGAGAGCCACACGACGCCCTCGTCGGTGTAGGTGTCCTGGAGCCGCTGCATGTTTCCGCTGCCGTAGTGCTTTCCGACGAACGGGCATCCGAAGTTGAGCCATTCGAGCACGACGTACTGGCCCTCAAAGTCAGCCAGGCTGTGCTCGTCACCGTCGGCGGCCTGCAGGGTAAAGTTGGGCGCGGACTCGCCGACTTCGGCCTGATTGGTCTGGGCCATGCTCGTGGCGGGAAGCGCAGCGGCCGTTAGCAGTCCGACGACGAGGGCCGCGCAGAGGACTCGGGGATGGCGTGTGATCATGGGCACACGGGTGGTTGTTTCAAGAAAGCGGAGGGTCCCAAATTGAGAACGGGGGCGGAGGTTGCAACCGTCGTGCTACAGTTCAGTCAGTGAGGCTCATGCGTGGCAGCAACCGTCGAGGAGAGGTCGTCCAGCGCATTGAGGACCGCATCTTCCGTAAGCACCTCCGGCAACAGTTCGGGCTCGGAGCCGTCGCCCGCGTAGAGCACGTAGACCGGGACCCCGCTCCGGCCATGCGATTCGAGGGCACGGGTGATCTCCGGATCGCGGCTCGTCCAGTCGGCCCGCACGAGCGCCACGTCCTTCTCATCGAACGCATTTTGCACTGATTCGGCCGTCAGTACACGGCGCTTGTTGACCTGGCAGGTAAGGCACCAGGCCGCGGTGAAGTCCACGAAAACAGGGCGTCCTTCAGCCCGGAGCGACTCGATGGTTTCTGGGGCGTAGGAGCGCCACGTCGTGTCCGTCCCCGACGCGTCCGTGGCTGTGGCCGTGGCCTGCTGCTCCGCGGGCGCCGAGCCGGCCCCGATGACCGCGACGGCGATGCCGCTCACCAGCGCGGCCCCCGCCAGCCCCCGCGTAACCAGCGTGGCCGTCTGCGAGAGCTGCGGCGCCGACCAGCGGTTCACGATCCAGGCCGCCACGCCCAGCAACAGGAGCCCGGCGAGCAGAAAGGCCACCCCACCGGTGCTCGTCTGCTGCCCGAAGACCCACACGAGCCAGATGGCAGTCGCAAACATGGGGAAGGCGAAGGCCTGTTTCAGCGTCTCCATCCAGGCACCCGGATCGGGCAGGCGGTCGAGTAGGGCCGGGGTCGTAGACAGAACAACGTACGGGGCAGCCATGCCGACGCCGAGGGCCGTGAAGATCAGCAGAGCCCCCACCGTCGAGAGCGTGAGGGCCACCCCGAGCGCCGCCCCCATGAATGGCGCCGTGCAGGGCGTCGCGACGACCGTGGCGAGCACGCCGGTGAGGAAGGCGCTCAGGTTGCCGCCCCCGGACGCCGCCGCCTCCATCCGCCCGCCCCAGCCCATGAGGGTCGTGCCGACCTCGAAGGCCCCGAGCAGGTTCAGCCCGATGCCGAAGAAGAGCATCGTCATGAGGGCAATGAAGATGGGCGACTGGAGCTGAAAGCCCCATCCAATCTGGCTGCCTGCGGCCCGCAGAGCCAGAAGCCCCCCGGCCAGGATCCACATCGACCCCAGGACGCCCGCGCCGAAGAGCAATCCGTGGCGCCGCATGGCGCCGGCCTCGCCCCCCGCCTCCTCGGCGAACCCGAGGATCTTCACCGACAAGACCGGAAACACGCAGGGCATCAGGTTCAGCAGAACCCCACCGACCAGGGCGAACGCGAGCGCCCACGGGAGCGAGAGTCCGCCCCCGGCCGACGAGGCCCCGGCCCCCATCGCGTCGGCCGCCGAAAGCGTCGAGTCGACCGGCACGTCCACCTGCATCGCGCGCACCCTGCCGTCCGGGTCCCAGCCTGTGCCCTCGGGCGCCACCAGCACGCCTCGCAGTCGGTCGGCCGGCGCCTGGGCGTACTCCGACTGCCGCAGTGCAATCGTGTAGGTGTCTCCGTTCCGCGTCACGGGCTGGGGCGCGCCCGGGTCGACGACGGACTTCTCCGCCGGAAAGAAATAGGCCTCTTCTAGGTCGGGCCGTGCCCCGTCCGGCGCCCCCAAGATCAGGGTGTAGCGGCCTTCACTGCGCCCCGCCCCTACCGACCAGTCGCTCACACGCTTCGGATGCTTCGCCCGTGCCGCCTCGAAGGCAGAGGCGCGCCCCGGTTTTGGGGAGGCCTCCTCCGCCACGGGGAGCGTCACCTCCACGTCCGAGTGCGCAGGCAGGCAAATTTCCTCGCAGATCAACCACTTGGCGCGCCCGCCGAGGGTCGCCGTCGTGCCCGGCGTCAGCGTGTCCGGCGGGGTGACGGTGGCAATCAGCAAGACCTCGTCGGAGTACCCATAGCTGATGAGGGACCCGAACTCAATTTGATGTGGATAGGGCCATTGGAATCCGCTCGTCTCGTAGCCTTCCGGCAGTGCCCAGTCGATGGACGTCGGCTCCCCGGACGCCCCGGGGTTCTTCCAGTAGCTGTGCCACCCCTCCTCCATGTTCAACCGAAGGCCCACCGTCAATGGCTCGCCCGGCACGATCGCGTCCTGCTCACTGACGAGTGTCGCCTCACTGTGCGGACTCGGGTCGTCGGAGGCCTGCGATTGGGCCTGTAGCGGCGTAGCGGCCCCGCTCCCCCACAGAACCACGAGGAGCCACACGCCAAGAACGAGGCACCGGCGTCCGCTGGACCGCTGAAAGGACGTCATGAGGGGCTGAGGGCGTCGTGCGGGCAGTCGTCGAGCGGACTGTGTGTACCCGAGCTTCCCCGAATGGTTCATTCCTCACCGTCCCTCCATCAGGCAGGCACGCCCGGCCGCCCCCCACTTCTGACTGGCTCACACAGCTTCCTCGCCGGCGAAAGACATCCCCGAAAAACGGTAGATTTTCCCCACCTTGCCACGAATTGCCCCGATTGGAGACCGGACACGCCACGATCGGCGGCCGATGCCCCGGGAGTGTGCCCGGGCACAATCGACGAATGCCCCCGGCCTGCTCTTTTCTCTGCGGAAACCCGCAAATCGCGCCCCTCCAGCCCCCTCGTTTTGCGAAAGAGGTGTATGCTTCTGAGGCTGTCATCGCCTTTTCTCAGCGTCTGGAACGGTTTTAGCGACACCACTTCACCGATTGACGTATGGATCTTTCTTGGGAGCACCGACCTCCACGATTGGGCAGAGAGACGGAGCTGGGCATCGTCACCGATCCCCCATTGCCATCGGGCGGGAAGCAGGGTCGGATGTCGTTGGCCTCCCGCGGGCCCCTGTCCACCTGCGCATTTAAGCTCTCCCCGCGGACCGTCGATACCTAAGAACGGAGGATCATCTGACAGACACATTCCGGACCGCTCGTTCTATCGACTGGCTTTCCGGAGCATCCCGAAACGCCATCTTTCGCCTATTGGACCGATCAGAATGTTCCTCAACAACTCCTTCCTTCCGTTCGGATCCGTCGCCGACTCCGACCCCGAGGAGTCGCTCGACGAAGACCTTCCTCCCGATCTGCGCCGGGCCGGTCGATATGCCTACCGCCGCGGATGGGAGGAGTACCGCGAGGCCGATTGTCCCTTCGGCCCGACGGACCAGGCGATGCTCATTTGGTTCTCGTTCAGCAACGAAACGGAGATGCCCCCCACCGTGGGTCGAAACTGACCGGCCCCCGCTCCCAGAACCCATCCACGAGGATCGACGAACTCGTCCCCGCACAGGGGCTCCCTCCACGAAAGACGGGACGCGAGGCGCCCCTACTCGGTGCTGCGGTCTCCTCCTCGCAAACCTTCCAGGTGTCATGAATGAACCTGCCTCCACTGTAAACATCACGTTTCAGAGTCCGACTCGGGCCTCACGCCCGAGCACGCCCTCGTTCCACCACCGCAACCTCGAAGGCGTACCGGAATCTACGGCCCGACAGATGGCCCAGGACTTCACGACCTACCAGCACGAACCGTCTACGATCAGCG
CP030361.1_gap92	3658761	3660836	2075	CTCGGTCCCCAGCACGAGCGCGTCGGCGTCCACCTCCGCGGCGAGGCGCGCGTAGAGCATGAGGAAGCGGCGGTAGTCGGCCTCCCACGCCGCCCAGTCGGCCTCGGTGTCGAAGCCGATGTCGCTCCGGTCCTGGGCCTCGTCGTACCCGCCCACCCACAGGTGCGGCTTCAGGATGACGCCCATCCCCAACGCGTCTGCCTGGCGGGCGAGGGCGCGGACGCCCCGGTGCGACTCGCTGTACCAGCCGTCGCCCGTGTCGGCCCGGACGGTCGGCACGTCGGGCGCCTTCTGCCACCCGAACGCGACCAGGGTGAGGTGCGTCACGCCGAGGTCGCGGAGCCGCACGAGCAGGCTGGAGTCGGGGCGGTTGCGGGCATCGAGCGTCACGGAGCGCACGTCGAAGATGGGCTCCGACGGCGCAAGCGTGTCGGCGGCCGCCGGCGGCGCCCCATCGGTCTTTCCGCACCCGGCCCCGGCGACGAAAAGCACGCCGAGGGCGAGCCCAGTCGCGAGACACAGACAGTGGAGCGGCTGGCGCACGGGACTGGGGACACTAGTGTAAGGACGCGTCGCCTAAACTCTGCGCGGGCTCGGGTGTTGCCTCTCTGGCGCCCTCCCGTCGCCCCTCCCGGCAGACCGGTGGGCACTCGACGTGGGCCACTACGCACTTTTCAGTGTGCGTCGTCTTTGTACCTTAAGGCCCACGTCCCTGGAGCCTTTCGGGACGCCTCGCGGTCTTTGCACTGGATCGATCATTGCTGTATGCCAACTTACGACGTTGCCATCATTGGGGGCGGAATTGTGGGCCTCGCTACGGCCTACCGCCTCACCGAGCAGTACCCCGACGCCGCCGTCGCCGTATTGGAGAAGGAGGACCGGGTGGGAGCCCACCAGACAAGCCACAACTCCGGGGTCATTCACTCGGGCATCTTCTATGAACCCGGCTCGCTGAAGGCGGAGAACTGCCGGACGGGCAAGCGCGCCCTCGTCGAGTTTTGCGAGCGTGAGGACGTCGACTACGAGATGTGCGGCAAGGTCATCGTGGCCGCCGACGAGAGCGAGGTCCCCGAGCTGGAGCGGATCGAGGCCAAAGGCCGCCAGAACCAGGTGGACTGTACCCGCATCGGCCCGGAGCGCCTGCACGAGTTGGAACCCCACGTGCAGGGCGTGGCGGGGCTCCACGTGCCGGCGGCCGGCATCGTCGACTACGAGGCGGCGGCCGAGGCCCTGGCCGATCGCGTGGAAGACCGCGGGCACCCGATCCGGACCGGGGCCGCCGTGCGCGACCTGCACGTCACCCCGAACCACGTGACGGTCGACACCACGGCCGGCGCCGTGCAGGCCCGCCATGCCGTCAACTGCGCCGGCCTCTACGCCGACCGCATCGCCGAGATGAGCGGCCAGGACCTGAACACGAAGATCGTGCCGTTTCGCGGCGAGTACTACGAGCTCGTGCCGGAGCGGCGGTCCCTCTGCGAGCACCTCGTCTATCCGGTGCCCGACCCGGCCTTTCCGTTCCTCGGGGTCCACTTTACCCCGACGGTGGACGGGCGCGTGGAGTGCGGGCCGACCGCCGTCCTCGCATTTGCCCGCGAAGGGTACGGCCTCACGGACATTGACTGGGGGGAGCTCCTGGAAATTCTCACGTATCCGGGCGTCCAGAAACTGTCTGCCCGCCACTGGCAAAAGGGCCTCCGCGAGCTGCTCCAGTCGATGAGCAAGCGGGTCTACCTGCGGGCCGCCCGCCAGCTGATCCCCGAGGTGCAACTGGACGATTTCACGAAGCCGTGGGCCGGGGTGCGGGCCCAGGCCCTCCGGCGCGACGGCACCCTGGTCGACGACTTCCTCATCCGCGAGACCGACCGGGTCGTAAACGTCATCAACGCGGCCTCGCCCGCCGCCACCTCGGCGCTCAACATCGGCTCGCTGATCGTAGAAAACCACCTGCGCGACCGGCTGGCTGACCTTCAGGTGTCGACTGGGGCCCTGGGGGAGGGATAGGCCTCGCTCCTCCCGCCCGGCGCCCCGGCACGGGGCGCCGTAACTGCAGAGCCGTAGCCGGCACACAGAGA
CP030361.1_gap93	3766056	3766556	500	GCCATTTCTACCATCCGGGTCGTGTCCGCCTCAAAGGTGTCTCGCGCCACGATGTGCCCGGTCACCATGTTTCCGCTGACCACCAGCGTAACCGGGCAGGCGGCCTGCTCTTCCGTTGCCTTCTTGCTGAGTGCTTTAATGCCTGGATCGCTCATCAAACCGTCGGGGTTGCTCGAAAACGTATGCGAACCCGGCACCGAGTGCCGGGGACTGTAGAACGCAATGTATGGATGGGCCGGGGACGAGGACAACTGCGTCCGGACAATCTCGTGTTGAATATTCTCCGTCGGCGGGGCCGCCGGCCCGGGAGTGCCCGCGCCGCCTCGGTTCTTGACGTTGCCGCAGGCGATGATTATCGTTCGTACTCCCGAACTGTCTCACGACCGTCTAGCGGTCCACAGCAGCGGTGTCGCAACGTCGCTGTGCGCGTTTCCAGCGGGGCCCGTGTCGGCCCGCAGTAGGCCCGTTCCGATGAGGGCAAAGCGAGACGTTCCCGGTTT
