gap_id	start	end	length	sequence
CP036425.1_gap1	175623	179172	3549	TGTCGTGGCGCAGGCGATCTTAATGCACGTGATCATAGCGACGCACTTGACATGCTTGGTGTTGAACGTTCGACCCATGTAGATACGCACCACACAAAATTAGCAGCAACCATGATCGGTTCAAAATTGTCGCAGGCTTTTCCGTTGCTAATGGATATGATACTCAAACCGCATTTTGAACTTGCAGTATTGGAGCCCACGAAACTTCTCGCTTTGCAAGCACTTGAGGCTTTAAAAGATGATCCGCAACAATATGTATTCAAAGAGCTTCGCAATAATCATAACCGGCTTCCATTCGGTCGTTCTTCGCTCGGTAATGCATCACATATCGAGTCTATCACAATAGAGAATGTGAGACAGTTTTGGGCGGCGCGATTTAAACCCAAAGGCACCATACTGGCGTTTGCCGGTTCTTTTGATTGGCATGAACTAGTCGCTTTAGTTGAGCAGAATTTAGAAGCTTGGAGCGGTTCTGCAGATACGGTAGATGCGATCTCCGAAGGCGATCGCGGCTATCAACACCTTCAAGCCGATACATCTCAAACACACATCGCATTGGCGTATGATACGATTGCGGATCGCGAACCTGATTCAATATTACAAAAAGCAGCGATACAAGTTCTTTCGGGCGGAATGTCTGGCCGTTTGTTTACTGAAGTGCGAGAAAAGCGTGGCCTATGTTATTCCGTTTACGCGACATATGGCTCGCAACGTGATCGGGGTATGGTGTTTGCATATGCAGGAACAACAACCGCACGTGCTCAAGAAACGATTGATGTGATGATTCAAGAACTCAATCGTCTGTCTCAGGGTATTGATGAAAGCGAATTTGCACGTGCAATCGTTGGTATGAAATCGCGCCTTGTTATGCAAGGAGAGTCAACAGCAGCCCGAGCCGCCGCGATAGCCAATGAATTATTTATACGTGGCCAATTTATGACGCTAGATGAGTGGGCTACATATACTGATCAAATTACGATTGATAATCTAAATCGTTTTTTAAAAGAAAATCCACCAAACAAAATGACTGTGGTAACGATGGGCGAGAATCAGTTAACTATTTAATCGATGGAAATGCTAGTTTTTTGATAACTTGTGGTCTTTGTTTTTGAACTGAACTGCATAAGCTGCACTTTTTAAGATTTGTAAATAATTGCCTCGCTCATAAGCTCGTTTATCTTCAGCGTGCGATAAATTCATGCAGCCTCGAATTTCGCCAAGTGTGTCAATCTGATGTGATTCACACCATTGTTCTAGCTGCTTTACCATTTGGCTTAATAGGCCGACGCCTTCAGAAATAAATGGCGTGACAACTTGGCATGTACTGGCACCGCACATAACAGCTTTAATAACGTCTTCAGATGACTTCACTCCACCAGTGATACCAATCGGCAATCTGCCATGGCTCGATAGAATTGCGGCCCATCGCAGTCTCAATCGCAGTTCATCTTCATGAGTAGCATTTAGTCGGTAGGTCATGGTGCGTGTTTCAATATCAATATCTGGCTGCATAAAACGATTGAAAATGACAAGCGCTTGAGCGCCAGCGTCACGTATTGCATCAGAATAATGCGATAAACTCGTGTAATTTTGAGAGATTTTAACTGCCAAAGGTACATTGATACGTTTTGTCAGTTCGCTGACAATTTGCACATCCTCAGCTTCAATATCCTCGCTGGATAAATCTCGTTCAGTTGCCACGCGATATAAATTCAATTCAATAGCATCCGCGCCTGCATTAATTGCCTGTATTGCATATTTAGTCCAGCCACCCGGGGTCGCACCATTGATAGACGCGACGATCGGCACATGGACTTCACGTTTCAAATGTTCGATTTGTTTTAAATAGGTGGAAGGATCAACAATCGGTTCTCTTGTTAATGAAGCTGAATCGTGATTCGATTCTTGTTGGCGCATTTGAATGAGCCTGATGTCTTCTTCGAACAGAGAACGCATGACAATCATCGGTGCGCCTGCATCGACTAATTCACGAACGAATTCAATGTCGTAACATAGCGGTGATGCCCCAGGAATGATGGGGTGATCAAGTTCGAAACCCAGATAGTTGGTTCTTAAGTCCATTTAGCATAGTGTAACCGATCATAAACCTCGAATCATCAGATTCTTTTCGATCACTGCTATCACAGTATGCATTGCAGAATTGCTAAATGAAGTGATATACGTATTTACATAATAGAGCACTGCCCGGGGTTCCCAGCCAGGCAGTGCTTGCACGCAACTTCATGCTCTAAAAATGAAATCGGTCGTTTATGATGCACTTAGTAGCGTGTATTCTTCAATATTAAAGCTAACCTCACGTGGATTGATATCAGCAACAGATCCAACGACTAAATCAGGTTGAAAAGCATAATCACCCAATTCATCGCATCGTGTTCCTCCTGAGAGAACCAAGATCGTTCGATACCCCATCTGCACGCCACCCATGATGTCAGTGCTCATCGTATCGCCGATCATCACGGTCTCATTGGAGGACAAGCCAAGCTCCTTTCTCGCAGCCCGCATCATAATCGGCGATGGCTTACCTAATGAAAACGCTTTTGTTCCGGTTGCTTCTTCCAAGAGCGCAACAATCGCGCCACATCCCGGTCGTGTACCGCTTTGTGTCGGACAGTTAGGGTCAAGGTTGGTTGCAATCAATTTCGCACCGTCTAATATCATGTTAGTTGCCGCTTCGAGCATCTCAAAACTAAAAGTACGCGTTTCGCCCACCACAACATAATCTGGCTTTTTATCAACGATCGAATACCCATTGCGATGTAGTGCTGTTGTTAAGCCTGAATCGCCAACCACATACGCGGTACCGCCAGCTTTCTGTTCTGCTAAAAATCTTGCCGTGGCCATCGCACAGGTGAAGATGTGTTTCTCGCCAACATTAATCCCCATTTGCCTCAGCTTCATCACAATATCTCGACGCGAGCGCTGTGAGTTATTAGTAAGAAACAAAAACGGAATGTCATGCTCCAGCAGCGTTTTGATAAAATTATCTGCGCCCTCGATTAGTTCCGTTCCCCGATAAATAACACCATCCATATCAATCAGATAACCATACATATTGCATCTCCTCTAATGTCCAGCCGTGTACCAGACCAATGATTGTTTGCCTGGTTGCTGCTCATTTAAGCAGCAACCATTCAGTTCACCTTTCATTAATGCAAACACCATGCCAACTCAGTTTTGTTTGCAATTGATTAGTACAAATGGGTCTTAGAACGCTAGGAATCGAGATCAACTCGTATTACTCGCTATGTCAGCCCGATCTCGCACTAAGGGTTCTGCCTAAATCTCGTGCAGACCACCTTTGTCTGCCTGATAATGCGTCATATCCAAGACGGTCAATAGATATCCGGGGCTTATAATTGTCCGTCGATTTCAAAAACCGGATTCCAGATTCCACTAAACGAACCCATTGATTGTTATCTTTGCTAAGAACCGTCCAGACTCCCCCAGAGGGGATTTTTCAATCATAATTTGCTACCATGTTGGCACTTGGATCTAGCTCAAAAACAGGATCCAGCCCCTCATAGGCCT
CP036425.1_gap2	296863	298931	2068	CTTCAAAATCAGTTAACACCATATGAAGATCCTGGCCTAAGCGAATCTTTCGCTCGTACGTCAAAGAATATAACTGCGAAGCCAGTTGGATTTCAGGACAGAACATAATCTGTGGACGCTTCATCTTCTCTAAAAACTCAGATGAAGCCTGCCAATACGCATGAGGTGTCGTCCCCTTAGCTCTGACCACCAAATTCGGAATCTTATTCAGGCCGTGTAATGCAGTATACGCACCAATCTCTCGCTCATACCAATACGGCAAATCAGGCACAAATGGCGGCAATAATAAACCCCAATCCAAATCCGGATAAATCGCATGGACCCGATCAATCGCACTTTTCACACCAACGATCTCGTCCGTATCGACAAAAGACGTGCGATGATGATGTCGGCTAATTAATATCTGAGGCACACTCGCATTCGCTAGCATATAGATAAAGTGAAACGAATTCTCATGCGGAATATACCAAACCACCCTCGATCCCGGCTTCGAAATCCGCGGCAGCTGAGCATTCACCTCACTCAACGACAATAACTCATATGGAATCCGATTTTGTAACTGCGAACACACGCGTTGCGCAAAATGCAACGAGGCATTTACAAAGAACAGCCGTGGCTCAGCCTTTTCCGGTATCGAGGCAAATGTACCCGATCCCTTCCTTGAATAAGCCCATGATTCAGATATCAGATCATTAATCGCCCTGTCTGCTGTCGCTCTCGCGACATTAAACTGAGCCATCAACTGATGGCGGGTTGGCAATGGTGTTCCCGGTGGAAACTTCCCATTACGAATTGATTGAATCAGCCAATTTTTAATATTCGCAGAAGGTGTATTCATATTTGCCTATCCTTCCCCTTAAAATACCCTTTAGAAGCAAAAAAACAAGGGTTTATAAAAATAATTATGTGCCTCTATGCCTAGTAAATTGTTGCTCAATGAGCGATATTGTATAAAAAATGAACACTCATTACACACCTCCCTTGTACAGTTCACTACCTCACCCCCTCTGCGTTACAATACCTCCAGATTGGGCTCGTGGCAGTGGTCTTCAGTGACTTCAACTACATAAGATACACCCCTGCAAGGGCGACAAGACCGATGACAACTGAGCAAATTGACCGCTTCAAACGCGAACTCAAACAAAATATCCAAGGCGATGTCACCTTCGATCAAATGACCCGTGGCATCTATGCCACCGATGCATCTCACTACCAAATGATGCCATCCTGCATCGTCGTCCCTAAAGACAATGCCGACACCATCCACGCCATCAAAATTGCCCATAAACACAACATCCCCCTCACTTCACGCGGCGGCGGCACCTCCCTCTCCGGTCAAACCTTCGGTCCCGGTATCGTCCTCGACTTCTCCAAATACATGGACAAAGTCCTCGAAGTCAACGAAGCCGAACAATGGGCTCGCGTTCAACCCGGCGCAGTCCGTGACCGCATCAACGCCCAATTCGCAAAACTAAACACCCCGACAGGGACAGGTCTGCACTTCTCACCCGACCCCGCCACCGGCTCACGCGCAACCATCGGCGGTATGATCGGCAACAACACTTCCGGCACACGCTCCATCGTCTACGGCAAAGCCATCGACAACGTCATCTCATGCACCTTCGCGCTCGATGACGGCACCATACTCGAATGCGAATCGCTTAACCAAACCGATTGGCAACACAAAGAAGAGCTCACAGATCGTGAGGGCGATGTCTATCGACAAGTTAGGCAAGTCATTGAACAAAACGCCGATGAAATCAAATCACGCTACCCCAAAGTCATGCGCCGTGTCTCAGGCTACAACCTCGACGAATTCGTCGACGGCGCTGGCTACACCGGCCCGATTGGCGGCCGCGACAACGCCGGTCATCGCCTCTGGAATCTCTCCAACCTCCTCGTCGGCTCCGAAGGAACCATCGGCATCCTCCTCGAAGCAAAAATCAAACTCACACCGCTCCCCAAAGCCACTGCCATCTGTGCCGTCCACTTCGATGACGATATCGAATCCCTTCGCGCTGTCCCAGAAATTAATAAGCACGATCCTTCTGCCGTCGAGCTTCTCGAT
CP036425.1_gap3	300605	303324	2719	ATCGACATCTTCCTCCAAGAAGAAGGCATCTCTCTCGAATCAACCGTCGGCGACATCCTTCTACACGGCCACTGCCACCAGAAAGCTATGTTTGGCACAACCGCCATCGAAACACTCTACGAAAATATGTCAGATGCTTCCTGCGAAGAAGCCGGCGCAGGTTGTTGCGGCATGGCCGGATCCTTCGGCTACGAACAATTCGACGTCTCCAAACTCGTCGGCGAAGAACGACTCTTCCCCGCCGTCCGCAAAGCCGTCTCCGAAGGCAAGACCATCGTCGCTTGCGGTATCTCCTGTCGCCATCAACTCCACGACTTCCTCGACGTCAAAGCCAAGCACTTCGTTGAAGTCGTCAAAGTCGCCGCTACCAATCACGCCCAGAAAGAATCTTTCGGGGGTGTGGGGGATGGTTGTTGCGGCAACTGCACCTGCGACAAAGACAAACCCACTTCCTAACCAATATAATTCCTGCAACTCAAAATAGCCGGCGACTTCCGGAGGCCACGTTCGCCGAGCTCATGCCTCAATCCCTCCACCACCCCACAACGACTTTCTGCCTCATCTCTGAGCGAGCATCTTTCCGCTCCTCAGCCATTTACCTCACTGCCACCTAACCATAAAATAGCCGCATGGCCCCTAAGCATCTCAAAACCAAACGTCTTTATCTTCGCGATATCGCTCAATCTGATGCCGATCAGATTGAGCAGTTGATGACAGACGGCTCCGTCGCCCACGCCGCACCCGGAACACCGCACCCATATACTTGCGATGAAATCCTTCAGCGAATCACCGACAACCTGAAAGACATCGAAAAGAAAACAGGCTCCCATCTCGCCATCTGCCTCCAATCCACTGACCAACTGATTGGGCTCGCCAATCTAACCGTCACAGCACATCACCGTCATGCCGAAATCGGTTTCTGGCTCGGCTCAGACTACCGTAACCAAGGCTACATGACCGAAGCGCTCAACGCCGCAATTGACCACTGGTTCAACGCATACAACCTCAACCGCATTACCGCTCATCATCTCGCCCTCAATACCGCCTCCAGCCATGTCATGCAAAAACTCGGTATGACTCAAGAAGGCATCTTTCGCAATCACATCTTTCACAACAACCAGTACCACGACATTGTCTGGTACGGCTTACTAAAATCCGAATGGGGTAAACATGGCCGCAATCAACCAAACCAACCAAACTAACACACAGTTAAAAACCGATCGTCTGATCCTCCGCCACTTCACTGCCGACGACGCGCCCCGCGTCTACGACCTGCTCAAAGACAACATCATCAGCAAATACATCAACTTTCTCCCCAGTCCGTATGAGCTGCAGCACGCAACTGACTGGATCGCCACACATGAAAAGATGCGAGAAAATCAGACCGGCATCAATTTCGCCATCATCATCAAAGACACCAACCAGCCCATCGGCGTCGTCTCACTCGGCATGATGAGTATGCATCATCGCCACGCCGAACTCGGCTACTGGATCGGGCAACCCTATTGGAGCAATGGTTACGTGACCGAGGCTGCAAAAGCGATACTCGATTATGGCTTTAACGTTTGCAACCTCAACCGTATTTACTCGTATCACGTTCCCGAAAACACAGCCTCCGGCCGCATCATGGAAAAACTCAACATGGCCCATGAAGGCACACTCCGCCAGCACCTCAACCACAACGGTAAACTAACCGACTCGATCGTCCGTGCCATCCTAAAACAAGATTTTTTGTCTTCACAATTCCCGTAACCCTAATAGCCGCTGTTTCAGAGAGCTGTTATGACCAGATGCATGTCTCGTCCTCTCAATTTTCAAGAGCGATAATCAGGAATAAGCTTTAATTAAACTTTTTGATTGTTATCCCAGAAGACTTTTGTTTGAATATCAAAACGGGTTGAGATAAGAACGGCTTTAAATCCTTCAATATATATTTCAATGAGTGACGACTGCGTGCAATATTAATACGCCTTCGCTTGCCGTTATCATCGTAAACAAGATTGATTTCGTTTGCCATAAAGCCCTTTGTATCCACCTCGTCTTCGCGAACACACTTTGTGTTTTTCACAATGTATGCCGTTGTGAGCGTGATGTATTGGATGTATGCAACATCCTGAATTGATATGGTTTTTTTATATTGAATGAGTTCAATAGTCTCGGATTGTGGATGGATAACCAATGTTTGACGGTTACTTCTCGTGTAATACGTGATAGCTAACGGAAAAGCAATCATCCACAGGATTGTGATACATGTCATGATGATAGCAGTAAGACGGAGAGAAACGACCATCGGCGTGATAAATGAAGGAGGAACAAAATAACCAATACCAATGTAGAACGCAATGAAAAGTATAAGGGTGATAAATGCGTTTCGTATGATTTGTATGACCGGAAATCGCATCGGTATAAGCGTGATTTTCTCCGATGTTATATCCAGGATTGGTTTGACAGAAATCGTATGACCAATTCGACCCATCGGTTTTTGTTCATCCGAAAAAATATCCGGCATGTCGGCGCAACGAATGTCTGTATCATCATGCATGATGGGTGTTTCCATGATCAATACATGATAAAGAAACCGTGACCCTAAGTCACGGTTTAGTATGCTGCTTCTATTTCAAGATCATTTAGCTGATCGATGTTTCCGCCGCTGCTTCCGGCAAATTATTCAATGCCGTGTCGATGTTTTCTTGTGGCAATGAATAATCTTCAAGATCAC
CP036425.1_gap4	419113	423261	4148	GGCATGAACGGCATCCTCGCCGACGACATGGGGCTCGGTAAAACCGTCCAAGTCCTCTCCATGCTCGAAGCCCGTTATCTCGGAATCGAAGATCACATCGACCAAACACTCAACGGTGAAAAACCAAAACACCGTCCAACACTCGTTGTCGTTCCCCGTTCCGTTGTTTTCAACTGGATCGACGAAGCCGAAAAGTTCACACCCGACCTCCGTGTCATGGCCTACGCCGGCGCTGATCGCATCGCACTCCGTAACGCCTTTGACGATCACGATGTTATCGTCACATCCTTCGGCCTCATGCGCCGCGATGTCGAAGAACTACAACACTACCACTTCGACTACATCGTCCTCGACGAAGCGCAAGCCATCAAAAACCCAGCCTCGCAATCAGCTAAATCCGCACGGCTTCTCCGGTCTAATCACCGATTAGCCCTGACCGGTACGCCGATCGAAAACCATCTCGGCGACCTATGGTCAATCTTCGAGTACCTCAACCCCGGCATGCTCGGGTCAAACGCACGCTTTGCCGACATCATCCGTCAAGGCTCACGCGTGACTCAAAAAGAAGAAGATTCCGAAGAAAACGAAGCAAAAACAACCATGCTTCAACAGATCGCCTCATCACTCCGCCCCTTCATCCTCCGACGTACCAAGGCGCAAGTCCTCACCGATCTACCACCGAAGACCGAACAAACCATCCTCTGCCACATGGAACCTGAGCAGCGCAAAGTCTACGACGACATGCGCAGCTACTACCGGCAAAACCTCATGAAGCAGCTCGACTCTTCCGCGCCAAGCCCTACAGGCTCCGCGATGGGCAAGTCAACCTTCATGGTGCTCGAAGCGCTGCTTAGACTCCGTCAGGCAGCCTGTCACCCCGGCCTCATCGACGAAGCCCGCGCAGACGAAGCCTCTGCAAAACTTGATGTCCTTCTCGAACGTGTCGCTGACATCATCGAGGAAGGCTCCAAAGCACTCGTCTTCTCGCAGTTCACTTCCATGCTCTCTCTCGTCCGGCGCAAGCTCGACGAACGCGGCATCCCCTACTGCTATCTCGACGGCCAAACCCGCAACCGACGTGAAGTTGTTGAGAAATTCCAGACCGACGAGAAGATCCCACTTTTCCTCATCTCCCTCAAGACCGGTGGTCTTGGCCTCAACCTCACCGCCGCCGAATACGTCTTCATTCTCGACCCTTGGTGGAACCCTGCCGTCGAAGCCCAGGCCATTGACCGTACTTACCGTATCGGTCAGACCAAGCCTGTCTTCGCTTACCGCATGATCTGTGAAGACACCGTCGAGCAGCGCATCGCAGAAATGCAGGACAAAAAGCGTAAGCTCGCAGACGCAATCGTCGGCGGCGAAGAAAACATCCTTCGCTCACTCACCCGCGACGACCTCGAAAAACTCCTCTCCTAATCCCCTCCCTCAATAACCGACAAACAAAAAAAGCTGTACTCCAAAAGAGTGCAGCTTTTTCTTTTAATCATATCATCGAACGCTTACTAAATTGATTGAACGATGGCGTTTCTTTCAAGCCTGCCACCGCCGGTGGCAGGGTGTTTGCAACATAAGCAATCAAAGTTTCCGTGCAGCCAAAGTTAAATACAAAATACCACCCAATAACCTAATTATTGGTTAGACCGTTGCTGATGTAATAACGTCATCCACGCTTTCCCATCATTCTGTTTTTCAATTTCACCAAGCATTTCCTTCACCCAGTCCCCTTCAAACATTTCAGCATGCCCATCTAAAAATACAACCACCATAAATTGCGAATCCCTCACAAGCGGATTGCTAAACATCACCACACGTTCGCTTGCATTCCCGCCTTCAACAATCGGCACGAACACAAAATCAGACTGCACACGAATCAACTCCCGTTTGTCTTCAAAAGTCATCTGCGCAAAATCTGCCCGAATGCTCCGACCCGATTGTGGCATGTAAAACGTCGCCTCATTCACGCCACTCTCCGCCAAATCCCCAATCGTTCCCGGCCACGCACCCTTGTCTTCGTGATACACATGCACCGCCAGCCCCAACTCCCTTCCTTGATCCATCACAACCATATCCTGCGCCTTCACTCGCATCGCCTCAAACGCAGGCACCACCGTAAACACCAGCACGACTGGGACAATCACACAACCAATCAGCCCAGCTAAGATACCAACCGTCATCATCCCTTTCCCAATAAGTTTCCCCCCAGATTTTTGAATCGCGCCTCGCGCCATCAATCCCAACACCACTGCCAAAAAAGCAATCGGTATCCCCACCACCACGAACGACAAGAACATTCCTCCAACCCCAAGCAACATTGCCCACAGCGCCAACTTCGATCCCTTTGAGATCGCAACACCAGCTTCGCCCTGAGCTTCCGCAGCATCAGCCACAACAGCTGCACCTTCAGTCTCTACCATCTTGTTTGCCCTTTATCTTGATATGTTGCCCGATTCCCACGCAGTTGGTTGCCAGCCAAATTACAAATTCACTTTAAGGAGAATACAAAGCTTATCATGAATCATTTTTATAAATGTGCCTTCACACGCCAGTATCGCGTAACTTGGGATAACCCGCAACCAAAAACCGGATCAAAACCCTTGCATCATTCACCCATCTTCAGGTATAGATAACATGATGATTGTGGTGTGAGCGGGTGCATGTCTTTTCGCCACCCGAGCCAGCCATGTGTTCTACGCGCTTTGTTGTTGTTGATTCATATTTGTTTTTGTTCCAATACGCCAACAAGCCGGCAAGTTTCGCTTCTTCAGACGATGTCGTTTTTCCGTTGCCATTTTTTCCCTGCGTCTGGTCGCTCAACCCAATCACTGTCGCCTGCTTGATGACCCGATCTCTCGCGGCTGCCTGTGTCTTCGGGATGACTGCTTCAGGACTCGTTTAATATGGTCAATATCTACGTCGGAAATCTCCCATACTCTGCCACCGCTGATGACCTCGGCAAGCTCTTTCAGACCTTCGGCAACGTCGACAAAACGATCATTATCGTCGACCCACAAACCGGCAAATCACGTGGCTTTGGCTTCGTCGAAATGACCACCCGTGAAGAAGGCCTATACGCCATCGAACAACTCGCCGGCAAAATCTACAACGGACGGCACTTAACCATCAACGAAGCACGTAAAACCAAAAAGAAAAGCGAAGAACCCACGCAAGCTTCCTAATCACCATTCTCCCGCGCCCAAAATTCAACACATTTCCCATCTAGTACAGGCCCCGTTCGCCTCATGTGCGACCGTAATACGCTGTTTTTCATGAAACATGAACCAGGGTGCGCGATTTATGTTTATCAGTTGCGCAAATCGAGTATAATTTTAACAATAATATATGTACTCTTGATGAAACAATCCGGGGCTCATGCGTACGTACCTACGCATGCTTTCGCTGCCATTCGTATCCCCTAGGAAGTCATCATCATGTCCCTCTCCGCCATTTCCGCTCAGCACACCCCCGATATCGCTTCGCTTCCTGCCTATGGCAACCCCGATGATATTTTCCAAATCTATCCCGTCCTCGAAATGGGCTCCGTCGCGCCACACATCCATAACAACTTCTACGAAGTCCAATACTTCGCCCGTGGCAACGCCATTCTCCGTCACCAAGGCGGCGACATCCCCCTCCGCACGCCTTGCCTCCACATCTGCCCTCCTGCCCCCGTTTGGCATGAAATCGTCTGTGACCGCTCTACCGTCTGGACCGCCTCTATCGCCATCTATCCCCGCTTGCTGAAGCGTGATGACATCGATGTCCCCGACCACCATGAAGCGGTCATGACCGACGTTTTCCAGACCCTCCTGCAGCTCGCTCAGCTTGATCCACCCATGACCGAGCTAAAACACCCCGCCGCCCGTCGTATCGAGCGCCTCATCACTGTTATGTCCGAGGAATTCCGCCTTCGTCTCCCCGGCTACCTCGTTCGGCTCCGCTCTTGCCTCGAAGAACTCATCATCATCGCCTACCGCGAGCAGCACGGCATACACGTCCACCCATCCATCATCAACACCTCCACCGAGAACGAATCCCAATCCTCGCACAAGCTCGGCGACGAAATCCAACTCGAACGCGACCGCCGTGTCGCCAATGCCATCAAATGGATGCGATCCAACCTCCATGATGTCGTTTCCAACAAAGAC
CP036425.1_gap5	429718	433274	3556	ATGAGCAGGAATATTTAAAAGATTTAAGACTATTCTGGTTGTGTTGATTCGCGTCATAAAACGTTCGATAGAACAGAGGACGACACGGTTTTGATGCGTTCGGTCTATCCTGCTGAAAGTTATCCATGCTGTGTGTTGTTTTGTTTTAAGGGTGGGGATTGAGGAGAGAATCGGGATGGTGGGTCATGCTGGGAAGAAGCGGGGGAGGAGCCGGGGTTTGTGCGAGACCGGCATGCCTGTGTTGTGAATGTGATAGAGATATAGGGCAAGTTTCTATGAAATAACAGGGCTTGCGAAGGCTATCGCATGGATAGAACGAAGTGAAGGCTGCGTAAAGTGTGGCCACAAAGCTTGGAGCCAGGTATGTCGATACGTTTGAGATTGATCGGGATTGTGTTTGTTTTAGTGTTGTTGCAAGTCGTGACGATCGGCGCGACGTGGGTTGTGCTGCGGGGTCAGAAAGCGGATGGTTTGCAGATTAATCTCGCGGGTCGTCAGCGGATGTTAAGTCAGCGGATGACGAAGGAAGTCTTGATGTTGGTGGAGGCGAAGGATGAGAAAGCATTGGGTGCGGGTCGTGAGATGTTGGGGGGCACGATCAGCTTGTTTGATCGGACGTTGAATGCGCTGCGTGATGGTGGGGAGACATTGAATGGAAAGATGGAAGTGGCGGTGATACCGGCGGCGGAAGATGCGGGTGTGATTGCGGCTTTGGATGAGGGTAAGGCGATGTGGGGGCCGGTGTATGCGGGGCTGAAGGATTTGAGTGTGGGCGCGTATGAGGTAGATAGTGAGCAGGGGCGTATAGCGATTGATAAGGTTTTGGCTGAAAATATTGGATTGCTGAAGGTGATGAATAAGGCAACGGGCGCGTTCCAGAAGGCGAGTGAAGCGAAACAGGCAAAGCTCAATTGGATACAAGGGATTGCATTTTTGAGTGCGATGGGTTTGATGTGGTTGGCGTATTGGGTGGTGATGTCAGGTGTTGTGAAGCCGATCGGGGAGGTTGTGGCGAAGATCAAGGATATTGCGACGGGAAGTGGGGATTTGGGACAGCGCGTTGAGGTTCATAGTAAGGATGAGCTGGGTGAGCTGGCGAGTGAGTTTAACGAGCTGGTGAGGAAGTTTGAAGAGGTGGTGTTGACGGTGAACGAGTCGTCGGATGAGGTGGCGATGGTGGCGAGTGAGATCGCGCATAGCAGTGAAGAAATGATTGATGGGATGGGAAGACAAGGCGAACAGATTGGCCAGATTAATCGTGCGATGGATGAGATGACCCAAGCGGTGGTTGAGGTGGCAAGGAAGTCAGCGGAGGCGGCGGAGAACGCGTCGGTGTCGGGTGATTATGCGGAGGAAGGTGAGCGGGTTGTGGGCGAAACGATTGAGGGGATGAAGCAGATTTTTGATGTGGTTGAATCGGGAGCGGCGGGCGTGACGCAGTTGGGTGAGAAGAGTGAGCAGATTGGTGAGATTGTGAAGGTGATTAATGAGATTGCGGATCAGACGAACTTGTTGGCGCTGAATGCTGCGATTGAAGCGGCGAGGGCAGGGGAGCATGGTCGTGGGTTTGCGGTGGTGGCGGATGAGGTGAGGAAGTTGGCGGATCGGACGACGGTTGCGACGGATGAGATCGCGGGTGCGATTGAGATGATCCAGGGGCAGACGGAGGATGCGGTTCGGCAGATGACGGCGGGGACGGGGCAGGTTGAGATGGGTGTTGAGAAGGCGGGGCAGGCAGGTGAGAACTTGCAGAAGATTGTGGGGAGTACGCATGAAGTGGCGGGCATGATTCAGTCGATCGCGGCGGCAGCGGAAGAGCAGAGTGCATCGAGTGAGGAGGTGGGGAGAAGTGTTGAATTGATCACAGAAGCGTCACGCGAAACAGCGGAGGGCGCGAACCTGACGGTGCAGAGTGTGAGACAGTTGTCTGAGAAGGCGGCGGGGCTACGCGCAACAATTGAGAATTTTGGGTTGCATGCGAAGAGGCATGAAGAAGCTGCATGATGAGATAACTAATGGTTGAATAGATGTAAGGCGGATACGAAAGTGTCCGCTTTTTATTTGTCAGCGATGTTGCAGTCCCATTCGTTGTGGAACTGCTTGAGGAAGGTGAGCAGGAAGTCGTGCCGTTGTTGGGCGATATGCTTTGCGGCAGGGGTGTTGATGCGGTTGATGAGCAGGAGAAGTTTTTCGTGGAAATGATTGATGGTTGATGAGCGTGAGGATTTGTAGTCTTCGAATGAGGTGTGTTGTGTGGGTGATTCGTCGGGGGTATGGATGGGGGAATCATGTGCGCCGCCATAGGCGAAGGTGCGAGCGATGCCGATGGCGCCGAGGGCGTCGATGCGGTCGGCGTCTTGGACGATGCGGGCTTCGAGAGAATCAGGAGCGGTGTTGACGTGTGCGCCTTTGAAGGAGACTTGGGAGATGATGTGGAAGATTTGTTCGATTGTGGGATGGTCGAGGTTGAAGTTGAGGAGGATTTGTTGAAGTTTTTGCAGGTCTTTTTCAGGGGTTTCTGTGAGTTTGAAATCCGCGTAGTCGTGGAGGAGTGCGGCGGATTGGATGAGGAAGAGGTTGCCGCCTTCGAGAGATTGAAGGTGAGTTGAGAGCTTGAAGACGCGGGTGATGTGATGGTGATCGTGGCCGGTGGTGTCGTGTGCGTGGTGATCGGCGACGAGTTGCTGGATTTGGGTGATGATGGTTTGATCTTGGGTAATCATGGGCTATTCGATGGTTAGGGTAATATGAGGATCGGTATATCGTAAAGATAGTGTCGAGGATGGGATGGGGGGATTAGTCGTCGAGTGCGAGGAGGCCGGCGAGGATGAAATCGGAGTAGAGGTTGCAGATTGAAGCGATTTGGTTGGGGGGGATTGGCTCGGTGTCGCATTCCCAGATGCGTGTGAAGATGCCGATGATTGCGCAATGGAGACAGTGGAAGAGGTCTTCGACGGGGCGTTTGGGGAAGTCGCCTTCATTGATGCCGCGTTGAAGGACGGAGATGACGAGTTGGTTGATATTGTCTTCGATTTGTTCGATTTGATTGCGTATGTCGGGTGTGAGTTTGGATTTGAAGTTGGGGGCAAAGGCGTGGTGATCGATGGTGCCGATGACGCGGTGGGATTGTTTGTAGGCGAAGGCTTTGGCGATCATGTCTTTGATGATGATGGGGGCGGGTTGATTGAAATTTACGGCTTCAAGTTCGCTAAGGAGCTGTAAGCGGAATCGGATGTAGAGCTTGGCGAGGAGATCTTCTTTGGTGTTGATGTGATTGTAGATGGTGCCCTTGGAGATGCCGGTTTGTTGGGCGATTTGATCGATGGTGATTTGATCGAAAGGTGTGCGATTGAGGCGATGGGTAAGCGCATCAAGGATTTCGCTTTCTCGGCGGACAAAATCACGTTGTTTGTAGGTGGCGAGTGACATGGCGTTCTCCGTGGGCGGGTTATACGAGAGGTCATATTGTGACTGATAGTCATTTGGTGTCAAGAATGGGGGTTTGGGGTAGCTTGTGGTGTTGAAATCGTGCTGAGATGGGGGTGGGAATACGGAT
CP036425.1_gap6	482621	485373	2752	AATGCGCTGAATCATGTGAATCAGTCGAACAAGGCGGGGATGAATCAGCAGGCGATGAAGGCGGCGCAGAAGCAGTTGCAATTGAGCCAGCGAGAAATGCAGCTCTTGCAGCAGCGGATGAATGATATGGCGGCGATGAAGATGGCGATGAAGACGGCGCAGGCGGCGCAGCAGCTCAATCAGCAGCAGGGCGGTTTGAATGCGCAGCAGATGAAACAGGGGGCGAAGGGTGGCCAGGGGCAGCAGCAAGGACAACAGGGTAGCAAGCAAGGGGGGCAGGGTCAGAAGCAAGGGCAGGGCCAAAAACAGGGGCAGCAAGGCGGGAAGCAGAGTGGGCAAGGACAAGGGCAAGGCCAACAGGCCGGTGCGGGTCAGGGACAGAATGGGCAGGGGAGTGGTCAAGGTGCGGGGCAGATGGGGAGTAGTCGAACGATTCGGCCTGATCAGAAAAATGGGGGTGAGGGTGGTGGGAGTGTGTTGGCGCTACAGGCGTATCAGCAGTGGTATCATCAACAGCTGAAGTTTTCGAACTGTAAGAGTTGTAGTGGGACGGGGTGTTCGGTGTGTCGCGGGCCGTTGAAGGCGGGGAATGGGGGGATGGGTGGGCCGGGGCGTGGGCGCGGAGGTTTGGCGCCGGAGAATAATGCGATGAAGACAGGGTGGAAGAAGGAGATGGATGTGTCGCAGTTTGTGAAGGGTCGGATTTTGCATAGTGAGAAGACGGATGAGGATGCACCGGTGGGTGAGGTGATCAAGGCGTACCGGCCGAAGGCGGGCGAGGTGATGCAGGATGTGAGTGAAGCGATTAAGCGGCAGGAGATTCCGCCGGGGTATGAGGAGGCGATCAAGGGGTATTTTGAAGATATGAAGGATGAGGGGGAAGAGTAATCGGTGTATGCAGGCGAGGGGGGAGTGGGGGGGAGAGATTGGATTATGGTGTGAGGTGTGTTTTCGTCTAACTGTTTGTTAGTGTTGGGTATCGTTCTGAGGGTTTTAATGCGAAGGAAGTTGATTGATGAAATTGTTAATAGTGATGCTGGGCTTGGTGATGGGTGTCGTGTGCGGGGCTGTGAGCGGTTGTGATGGGGGGAGCGTCAAGGGGAAGGGCGGGAAAGAGGTGGTGGTGTATTGCGCGCATGATTCTGTGTATGCGGATGCGGTGCTGCGGAAGTTTGAGGCAGAGACAGGGATTAAGGTGAAGGTGAAGTATGACACGGAGGCGACGAAGTCGTTGGGTTTGACGGAGTTGTTGATTGCGGAAAAGGATCGCCCAAAGGCCGATGTGTTTTGGAATAATCAGTTGTTGGGGACGGCAGATCTTGCATCTAACGGTGTATTAGAAGGTTATCAAGGTGAGGGTTGGGAACGGATGCCGGAGGGGCTGAAGGATAAGGACGGGTTGTATACGGGGTTTGCGGGGCGGTTGCGGGTTGTGATTTATAATACGGATCGGTTTCCAGAGGGGATACACGATAAGACGATGTGGGATTTGTCGATTGGGGATTGGCCAGAGCGCGGGGCGATTGCGAAGCCGCTGTATGGGACGACGTTGAGCCATTATGCGGTGATGTGGGACTTGATGGGGGAGGCAGGTGTGAGGTTGTGGCATGAAGATTGGCGGGAACGGGGGATTGTTGAGAAAGGTGGGAACTCGACGGTGAAGAATCTGGTGGCGAATGGTGTGTGCGACTGGGGTTACACGGATACGGATGATTTTTATGTGGGGAAGGATAATGGGAAGCCGGTGGGGATGAGTCCGGCTTGGGTGGTTAGTAACGAGACGGATTATCAGGATACGTATGCGAAGATGGTTAATGGGAAGGACAGATTTGATTCGCCGCAGCCTGCGGTTGGAGCGACGCGTTGGACGATTTGTATTCCGAATACGGTGGGCTTGATTAAAGGTGCGAAGAACGATGCGAATGCGAAGTTGTTGATTGATTATTTGTTGAGTGAAGAAGTGGAGTTGATGTTGGCGAATTCAAAAGCGAGGCAGATTCCTTTGGGGGATGTGGATGAATCGAAGCTGAGCGATGAGGTGAAGCAGTTGAAGGAATGGGCGAAGGATGCTTACCCGATTGCAGGGTTGTTGGAGGAAAGGAATGCGGCATTGAGATGGTTGAAGGGGAAGTATTTGGGTGAAGATTAATAATGAGTTTTATAGATTTATGATCAAATTGATGAATCGGAGATATTGAAGGCGTGAGTTTTTGGCAGGTGATGATGTTGAGTGCGGGGAGAGCGGTTGTGATTGGCCTGCTGGGTGTTTTAGTGGGTGTTGGTGTTGCGTATATGTTGGGATGGGTATTGTCTGCTCGTCAAAAGGGTGGGAAAAAAATTGGGTTTGTTCAGTGGTGTGTGATGGGGATTGGGTTGGTCGTTGTTGCTGGGCCGATGGGGCTGCCAAGCTTGGTGGTGGGGTATGCGTGGGGTGATAGTGGTGTGGCGAGTGAGTTGGGAAACGTGTTGGGGTTGCCTATGGGTAAGTGGTTTGTAAAACAGGCGTGGTTGGCGGAGTTGTTGTATGGGGTGTTGTTGTTGGGGAGGTATGGCGTGGTGAGCGGGTTTGTGATGCGGTATGGGCCAAGCGGTGGTCATGATGGCGAGGGGGTATGGTGGGCGAAGCGTGTGGGAGGAGTGAAAGGGTTTTGGATGGGGTGTCAGGGGTGGATTGGGAGCGCGTTGATTGCGTTTTGTGGTGTGTTTTTGCTGGTGTTTGGCGAGTTTGAAATTGCGAGTTTGATGGGGCGGC
CP036425.1_gap7	564461	568646	4185	TGTCCTCATCTTCTCCGATCCAGCCGACGTCGCACGCGTTGAAGACCGCACATTCATCTGCTGCGAAAAAGAAGAAAACGCTGGCCCAACCAACAACTGGAAAGATCCTAAGGAAATGAAGGACATCCTCATGCCACTCTTCAAGGGTTGCATGAAGGGCCGTACCATGTACGTCATCCCATTCTCCATGGGTCCTGTCGGTTCACCAATCGCCCACATCGGCGTTGAAATCACCGACTCACCATACGTTGTTGCAAACATGCACCTCATGACCCGCGTTGGCAAACCAGTCCTCGACGTTCTCGGCGAAGACGGCGAATACGTCCCATGTGTCCACACCGTTGGTGCACCTCTCGCCGAAGGCGAAAAATCAGCAGCATGGCCATGCAACGCTGAAAACAAGTACATCACACACTTCCCTGAAACCAACGAAATCTGGTCCTTCGGTTCAGGCTACGGCGGCAACGCACTCCTCGGTAAGAAGTGTTTCGCGCTCCGTATCGCTTCAACCATGGCTAAACGTGAAGGCTGGATGGCTGAGCACATGCTTATCCTCAAGCTCACAAGCCCTGAAGGCGTTGAGAAGTACGTCGCAGCTGCATTCCCATCAGCTTGTGGTAAGACTAACCTCGCAATGATGAACCCAACCATCCCTGGCTGGAAAGTCGAATGCGTCGGCGACGACATCGCTTGGATGAAGTTCAAAGAAGATGGCCGCCTCTACGCCATCAACCCTGAAGCCGGTTTCTTCGGCGTTGCACCTGGTACAAACTACCACTCCAACCCGAACGCCATGGAATCACTCAAGGCTAACTCCATCTTCACCAACGTCGCATTGACCGACGATGGCGACGTATGGTGGGAAGACATCGACGGCGACGTCCCAGCTCACCTCATCGACTGGAACGGCAACGACTGGACTCCAGACGGCGGCAAGAAAGCAGCTCACCCGAATGCTCGCTTCACCGCTCCTGCAGCACAGTGCCCCGTCATCGCTCCTAACTGGGCTGACCCAGAAGGCGTACCAATCGACGCGATCCTCTTCGGCGGCCGTCGTGCAACAACTCAGCCATTAGCTCTCGAAGCTTCTAACTGGGAACACGGTACATTCCTCGGTGCTGCAATGGCTTCTGAAAAGACCGCTGCTGCCGCAGGTGGCCTCGGCGAACTCCGCTTCGACCCAATGGCGATGCTCCCATTTATCGGCTACAACATGGCTGACTACTGGGGACACTGGCTTGAAATGGGCGATAAGGGCGGCGACAACATGCCTAAGGTCTTCTATGTCAACTGGTTCCGTAAGGACGAAGAAGGCAAGTGGCTCTGGCCTGGTTTCGGCGAAAACTCACGCGTCCTCAAGTGGGTCGTTGAGCGTTGTGACGGCAAAGCCGACGCAGTCGACAGCCCAATCGGTAAGCTCCCAACCAAGGAAGCTATGGACCTCGCAGGTCTCGATATGTCCGACAAGGACTGGGACAGCCTCATGAAGGTCGACGCCAGCGAATGGCTCGACGTTGCAGGCAAGATTGAAGAGTACTTCGCTAAGTTCGGCGATAAACTCCCAGCTCGCCTCACCAAGCAGCTCGAAGCGCTCAAGGCTCGCCTTGAAGCAGCTAAATAAGCTGACAAACTAACCAAAAGTTAGACGCAGCCCTCGGCTTCCCGCCGAGGGCTGTTTTTTTTATATCATTTATCTTCATGCCCTAACTCAACCTAGCAACCTCTAGAAACCTGCTTTATACTTGCGGTATTCAATCCTTTCCAGCACATCCGGAGACACGTCATGTCCGATCAAACACAATCCGCCCCGCAGCAGCCGCAAAGCCAAGGCCTCGCTATCGCCTCTCTTGTTCTCGGTATCGTCAGCTTCGTCCTGATCTGCGTCTGGTATCTTTCCATCCCTTGCGCCATCATGGGTCTTATTCTCGGTATTGTTGCCGTAATTCAAAAACAAGGCGGAATGGCTCTCGCTGGCCTTATCCTCTCCGCCGTCACCCTAATCATTGACCTGATACTTGTGATTCTTCTTGTCTTAGGTATTGCCGTCATCGGCATCGCCGCCAGTCAATCCGAAGATAGTTCCTTTGAATTCAATTTCGATTCCGATTCTGAGGAAATGGAGCAATTCCACGACGACATGCAGCAAAACATGAACAAAATACAAGAAGACATGGAAAATGAATTCGAAAGTATGAAACTCAAGATGGATAATCAATAATCCATCGCTCTCAAACACAACCTGACCCGTAAGCCCTCAGCAGAGGGCTTATTTTATAAACTGAGCGCATATCAGGGTTCCAACCTATCGCGTATTCACCTACCCACGCCCGATACCATCTTTAGACATAAACTGGAGCCATACTTGCCCGACCAGCCAACACAACCTCCCCCATCACCCCCTACCGATAACGGACGCACCTTTGCCTCCGGTTCACTCGCCCTCGGCTTCCTCGGCCTACTCTGTTCATGTATCCCCATCGGCGGCTTCCCCCTCTCGCTCATCGCTCTCGTATTTGGCATTATCGCCAAAGCACGCGGTCAAAACGGCATCGCCACCACCGGCATCATCCTCGCAATCCTCGGCCTCATCTTTTCTATCATGGCCATGTTCTCAACCACTCACATAACCACATCTTATTCATTCAGTATCTAATGGTTAGTTAGTCGATTCTTGATGCCCATCAATTCTTGCAGCATTTCTTAAACTTCATTCCCGATCCACACGGACACAGCTCATTCGGCTTCACCTTCTGCCCCGGACGAATCACCCCCGATTTCACCTGCTTCTGCCGCTCAATCTCCGCTTCAGTTGCCGGCAGCTCACCATAATGCCGATAGTGCGTCGCGATCTTTTCAAGCGTCGGCATCGCATGTTCAAAAAACAGTTTATATCCCTCACACAACACTGTTTTTTCCGTCACTTCTCCTCGGCGAGGCCGATGCTTTGGGCATCCCCCATAACAAAACCGTTGATACTCGCACCGTCCGCAATCTTTCTCTGGCAAGTCTAATTTGCGCTTAGCAAATGTCTCAAATACATCTCGATCTAACCCCTCATACCAATCTTCATCAGGCTCATCCCCCGCCGACACCGTTAACGCAACCATACCCGTATCATCCACCTTCTTATGCCGCCAATCTCGATCTGATACATGCCCCAACTGCCAGCGATGATTCACGTAATGATCGCAACCATACACCGACCCGTCATACTCAATCGTTAATTGGTTATGGCATGCATTGGAGTTAATGCATAAAGTCGACCTTGAAAACAAGTACTGATTCAACATCACATCAAAAAGTTGAATCGAAAGATGCGTTCGATGATGTGTGTTCCACATATCAAACGCCTTGCACAAAAACTGACCATATTCAACTGCACTTGGCGAGATCTTCTTTAATCCCACATCTGCCGCCGCATGCCCTTGAACATAATCTTCCTTCGTGTCCTCCCACTCAATAGCCGGAATAAATTGCACATACCTTGAACCCAACTTCGTCACGTAGTTATAAACCAGCTCCGGATGCTTCACATTCACATCATTCAGCACACATAAAATGTTGTACTCGACCCCATGCTTCTTCAGCACATCTAACCCGCGCAAAACCTTATCTGATGACGCATCGCCCTTCACTGTATAGCGATACTTGTCATGCAGATGTGGTGGCCCATCACACGACAATCCCACTAAAAATCGATTCTTTGATAAAAATGCCCCCCATTCATCATCCAGCAGCGTCCCATTCGTCTGCAGTAAATTCTCTATCACCTGTCCCGGCCGCTTATATTTCTCTTGCCAACCCATCGCTTTCTCATAAAACTCAATACCCGCCAATGTCGGCTCGCCACCCTGCCAACAAATACTCACATGATCTTCGTACTCAGGCAAGATCGTTCTGAATATCTCCTCCAAAATCACATCATGCATCCGGTGCGCACGATCACCATACACATCATGCGTTGGCAAATAATAGCAATACGTGCAATCAAGATTGCAAGCTGCGCCCACTGGCTTGATCATCAAACTCGCACCACTCGGATTGATTCGCCCGCTTTGATTGACCAATAATTTTCTGCTTTCGTATCCAAAATCTTAAAACTACAACCCAAGGTCCACAGCCTGAATTCTAGCAAATATCCACCAAACCTTAACCATCTTTTTACCAAGCATATTCATGAACGCC
CP036425.1_gap8	577221	577994	773	TCGGCTATCTATCTCTACATTAGATAGTTTTTTCCAGCGGATTGCATCAAGTTTTAGGTTAGAGATCGGGTTCCCAGGTGATGCAATCATGACTGATGAGCGGAGCGCGATTGCGACGAGGCTGCGATGGGATGCGATTGAGGCAATGCTGAGTAAGGCAACGGGGAGTGAAGATGATTTGCGAACGCTATTACGTCTGCTTAAAGAGTTGTATCACGATAGTGTGCGGCAGACGGTGACGGGGGCGATTGATGAGATTGTGATGGGGTTGTACGAGTTGTACCGCGAGGTGCCGGAGGGGACGAAGTGGTCGCGGATCGAGGCGGTGGGGAAGCTTGATGAGACGGGATTGCAGGCGGCTGTTGAGCGGTTAGTTGGGATGGAGGATGAGCTTGCGCAGACGAAGGCGGGTAAGGTGAATGCGAACTGGCTGAAGGCGTGGCGGAATGAGGTTGCGTGTGCGCAAGCTGGGGATTGGGGCGGGTTTGTTGAGAAAGGGATTGCGAAAGCGGTATTGAATGGGGATGAAAAATTTTCCCGTGCGGAGATTTGTGAGGTTGTTCGAGATGCGTATTGGGTGCTGATCAGTCACGCGCGTGGGGTGATGTTGGAGCGACATGGGAAACAGACGACGTCGACATGGCGGATGCTTCGTGATTTTGATGTGTGCTATCGGCGGTTGTGCGGGCAGCGGTCGGTTGTGATGTTTTCGGATGTGACGCATGAGTTGGCGGGGTATTTGGGGGAGCAGGAGAGCGGGGTGATGGAGGAGA
CP036425.1_gap9	606672	608698	2026	AGCACTCACCGAAGATCAGCAAGAAATCCTCGAGCAACGCGGCTACCTCTCACCCGAAGAAATCCACAAACTCGCCTCCAAAACCAAAGGCAAAGCTCACGCCCAAGACGAATCCGGCAAAGCTTCCTGCCACTCCGACTACGTCGATGATGACGAAGCCAAGAAGATGCTCGGCGCTGAAAAACTCGTTCAAGTAGACATCCGCCCAGCCCTCGGCCTCGGCAAGAACGACTAACTCCCCCCCCTGTTACGTTGTATGTAGTTTCCAATCGAAAGCCCATTGCAGCGCAGCAATAGACAACCTGGTCAATCCAAACAACCCGCATAACGCGGGTTGTTTTTATAGATAGTTGCAATAATTGTAAATGATCAGGTGCCTCCAATCTGATCTCTTTTGTTTCTCTTTTCATAAGTGTCACATCTTTTCAGCCTCTTCTGTTTCTTGTCTTAATGTGACATACCAGTCATTAATCACACGTGCTACGCCATATCTTCATTTCAACGAAATTACCCGATTGTAGCTCTCCTTTTTCTAATGCCTTCCCTACGCAATCTCTTGAAATGCCTAATGGAATCAATTCACTACCGATCTATTATTGGCGTTCGAAAAATGCATGGCTGTGTATATCAGAATGGCTAGCAAGTTTATCTAAGTATCAGTATCAAATTAATAATCAACAAAGTATGAGTATGCCATTACCTGTAGATCGTGTGGCACAAGGCGCGTAATAGACGCTTTATATTTGCCAACACTACATTTCGTTGTGTAGACGAATTGGCTTGGTCATGACTCTATTAGGTCTCAGTATCATTTTTTAACAAGGTAGTAGACTATATGAGAAAAGTTCTTTCAGTTGCCGTCGGCACGATCGCCTCATTTGGTTTAGTCGCAACATCTCAAGCGGCGCCCGTTCAACTTGATGTTCAAGGTGTAATTTCAAATATCAGCTTGGATACTGGCGAGCTCTTTGGACCTGTCAGTGTTGGAGACGCATATACCCTTTCTTATGTCTTTGATGTGACAGATGATAATTACACGCCCAATGCTTCTGGCGTCACAGGTCGAGTGGATAGCCCGTTTCTCTCAGCATCACTCACCATCAATGACGTAACTTATGACATTGGTATCACTGAACAATTTAGCACGATTTCAACTTCAGGTATCTTTGGTTCAGATGACCTTCTTCTTTCCTTCACACCTTCAGGAAGTGAACAGGCAAATGCTCGATTGGTTTTTCCCCCTGATGCATTCACGAACACGGAAACACTAGAAATCCCAGGCAGTGAACAGCTCGTCACGCGCCAAAGTGAAGCGGTTTTTGGTTTGGCTTCAGATTTTCTCGGCCGAGGCACCGTGACTTCATTTGATGTCACGCCAGTTGCAGCACCCGTGCCCACACCCGCCGCATTCGGCGCGAGCGCATTATTGCTCCCATTGCTACTTAGACGTCAACAACAACCAATCCGTATGATTGCTTAATGCTCTCAGGTCATGAAATGTGATCCACACAATTAATGTGATCGACAAAAATAATTTAGATATAAGCATCAGCCTTCTCTAACGAGCGGCTGATGTTTTCTTAATGTGTTTAATAGCGTGGAATGAATGGTCACGATCTGATCCAAAACCACGACTGATAATACAGTAGGAAACTAAAGATATTGATGCTTTAGCGTCGAACCATAGGTAAGGTGAAACTGGACAAAAAAAAACTGGCAGATGCTGCCGACCTCAAACTCGGTTTGCAGGAGATCATTGCCATTCTCCTTCTACCAGCCATAACCTATGGTATTACCTATACCTACGAAAACGCATACGCCGCCAGTATGGGCATCCCGCTCGGTTTCGTAGAACCCGATAAAGCTGCACTCATCAAAGTCGCCTCCTTCGCTTTCATCATCATCGCCGCCTTTAGTGTTACCGTCTTTCTCGCGGCTGGCCTCTCTTATCTCTTTACCAAATCACTTAAATGGGCCTTCATCTACGCCATGATCGTCTATTCAATTCTGGCAGCAGCAACAAGTT
CP036425.1_gap10	784938	786422	1484	CTGGCCATCACCTCAACCAGCAATTCTCCATTCTCATCCGCCATAAGATCCGCATACTCAGCGAAATCACTCAGGTTATCATTCGCATCGTACCAGGTCTTTTCGCCATTCACCGTGAACTCTGTCTCGTAATCATCCGTATACGAGTACCCGTGTTGCGAACCCGTCAGCAGCAGCCTGTAATGCCCGCCAGCTTCCAGCCCCGTGAGCTTAAACGACGCCGTCTTGTTCTTGTCAACATACCATGTGTCGCGCATCTTCAAGTCGCCAAACAATGATGAGCCTGCTTCGCCTTTGCTATCCCAGTAGCTAAACCCGTCCACAATCTCAAGCCCAACCTTCGTCAATTCGCCCGTCGTATTCGACGTCACGTTTAGCACGCTTCCAGCCGCGCCTACGCTATCTGCCACCGCATCATTCCAATGATTATCTGCCGCATCAAGCTTCCCAGACATCAGTACTTCCACAGAATCCTTGCCCGTTGAACTATCTTTCGTGTACTTCGATCTAGGCCCAAAATCAATGCGAATTTTTTCCCCTTCCAGTAACCCGCGAGGCTCATTATTCCGAACATCCAAATTCTGGTTAAACAACCATTCCCAGATCGTATCCTTACCCAGATCCCGTGCATGTCCGCCAACATACTGACTCGAATACGAGTCATTATAAATATCGCTCCAATTCGAGTGGCCAATATTATTCTTCAACGTATACCGGCTCGGTGACCCGTTCGCCTTCAACGTCGAATACATCTTGTCAATCTGGTTATAGTTGAATGTGCCATCATCCTCACCATGGAAAAGCCATAGCGGCACACCCGACGCGCCAAGCTCCGGAATGAAATCCTTGTACTGACTACCCAACGCTACGCCGCCCGCTATCAAGTTCGGGTTTTCATGACTCTGAATCAGTGTCCCAATACCCCCCGCGCTCAGCCCTGTCACATACACCCGCTTCGAATCAACATTCGGCAACGTCGCCAGCAAATGCTCCACAAATCCCGCATCCAGCTCCCCATTCCGCGAATCATGATTCGGCGCCACAACATACGAGTTAAACGCCGTTGTTCGCGATTTGTCGACAATCGGCGTCATGCTCCAATTGATATGTTTCTTATTGATCTGGCTACTTGGTATCCACGATCGCAGCTCGCCCGAACCGTGCATAAATATGATCAACGGCACCTTGTTGTCTGCACTCGCCTCTGTCGCATCAAATATCCGATACGGCATCGTGCTGTATTGCGCTTCTCGGCTTATCGCCAATGCCTCCGTTGGCGATATCGCTATCGCCTCTCCGCATACACCGAATCCACTAAAAATAGCAAAACACAACACCCCAGGCAGGCAACTAGTCAAATTGGTGCATTTTCTTTCTGTACCCACAGCCTCTCCTCTCAACTGTCACTCAAAATCAGGATAGTTAATCTTTTACACTGAACTGATGAACATAAGATATTTCTAAAATACCACGAATTAACCATC
CP036425.1_gap11	788311	791350	3039	CTTTTGCATGCAGCACCCAAACTATACGCATCAAACCCCCAGACTGTTCTGCATGATTTGCCCTTGCAATGCTTACTTTTGCAGCTTCGCAATTCTTCGTAAACAGCTTTGCATGCCCAATCCAGCCATACCCATAACCCACATCCCAGCAGCTTCTCGTTGGCACAAGATCACTGCATAAATATCTACTTGGAAAACAACAACTTAAGCCGTATTTATTCCCACCTCCCAAATCACCACTGCGCTTAACTCTCGTCCAGCATCGTATACGGCCCGCCATCTCTCAAATATCGGCCAGATTCAACCAACTCCACCCATTTTGCCCCAGCCTCCTGAATCTTCTCGCCCATATTGTAAATCGGCTTCGCAAACGGCGGCTGCCAATCCGATAACCCAAAAATGTCATGGAACACTACCACATGACCATGCGCCGCTGGCCCCGCACCGCAACCAATCACCGGCACAGGCCTTCCACTCCCCGGCTGCTTCGCTGCCGCAACGATCCGTTCCGTTACCTCATCAGGTACCGCCTCAACCAATAACGCTGCCGCGCCATGGGCAATCATCGTCTCCGCTGTCTCAATCAATATGTCTGCAACCCGTTTCGTTCGGCCGCTCGACAAAAACCCACCCATCGCACGCACCGTCTGAGGTCGCGATCCAATATGAGCCACCACCGGAATCCCCGCATGTGTCATCCGATGCACCAACGGAGCATGCGTCATATCCACCTCAAGCTTCACCAAATCCGCATTCCCATGCGACAAAAATCGGCAAGCATTCTTCATCGCATCATCATCACTGCACTGATAGGACCCAAACGGCATGTCCCCCATAATCAACGCTTTCGGCGCACCACGCCTCACCGCCGCCGTCAACTGAATCATAAACTCGCACGGGACAGGCAACGTCGAGTCATGCCCCAAAATCATCTGCGCCGCCGTATCCCCCACCAGCATCACACGGCAACCGCCCTCATACAAATGCCTCGCCGTCGTCGCGTCGTAACACGTAATCATCGGAAATTTATGATCATCACGAGCCCAATGACGGATATCGCGAAGGGTACAACGCTTGTCTGTTGGCTTATCACTCATCCCACGATTGTAGTTTCACCCGCCTCTTCAAGCGAATTAAACATTCTCGTCTCAATACCTTCGCCCAGAACGATTTTCGTACGATCAATGCACGAATACACCGTTTTACGTCAGAATCCCCGCCTTTCCTTATCTCCAACTACCCCTACCTCATTGCCATTCCCCATTTTCTCCGTCACAATACACCCCATGATCAGTTCTATCCGCCACGCCTCTTACCCTTTGTACGCCCTCCTCATCACCGCCATCTCTCTGCTTACCCCCACCACTTCCCTCGCCGCCGACATCCCCATCAACCTCACCGACACCCGCCAACTCGTCCTCAAAGCCTTACCTGATCCCTGCGTCATCCGCGTCGCCGACACCTACTACGCCTACGGCACCACCGACCCCGGACAAGGTTTCCAAGCCTACAAATCCCAAAACCTCACCGATTGGCAATCCCTCGGCTTCGTTTTCAAGAAAACCGAATCCAGTTGGGGCCAAAAACATTATTGGGCGCCCTGCGTCGTTCAAAAGAACAACAAGTTCTACCTCTTCTACAGCACCTTCGGCCCGATCAACGGCACATGGGGCAGGGCAGGTCACCGCATCGGTGTCGCCATCTCCGAGTCAGGCCCCCAAGGCCCGTTCATCGAACAAAAAATCCCCCTCTTTGGCGTTGGCAAATCCATCATCGACGCCGAAGTCTTCATCGACAACGACGGCTCCGCCTACCTCTACTACGTCCTCGATATCAGCGAAAACAAACGTTCTGAAATCTTTGTCGTCAAACTCAGTGACGATCTTCTTAGTATTGCCGACCAATGGGATCAAGACGACACCACCAGCAACGAACCCGTTTGGTGCGCCGAACCCATCGGCAAATGGGAAGGCAAACAATGGAATGAAGGCCCCAACGTCTTCCGTGTCGACAAATGGTACATCATGATGTACTCCGCCAACGGCTTCTTCACCCCCGACTATTCCGTCGGCTACGCCATCGCCCCATCACCCCGCGGCCCATGGTTCAAAAGCCCCAGCAACCCCATCATCAAAAAAGATCCATCCTCCGCACCAAACCCCATTGTCGGCACAGGCCACAGCGATGTCGTCCAAGACCCTACCGGCCAATACTACATCTTCTATCACGCGCATAGCCAAGACCGTGGCGTTAAACGTCGCGACCTTTACGCTCAAAAACTCTACATCCAACCCGACAAAGACCTCATCCTCAAACTCACCCTCACACCTCAACCCGCTCCTCATAACCAATCAACGTCAACTCCTCCAATCAAGGACTGATTGCAGTAGCGACAAGGGGAGAGCAGGGGAAAACGAAGTGGAATAGGGGGAAAATAGGAGGGGGATGGAGGGGGATTAATTCGTTGCATGAATAAACTGCTTATACAGATGCGCATACGTCCCACCTTCATGCAGAAGCTCCACATGTGTTCCTTCCTCAATCACGCGTCCTTGATCCAAAACCAAAATCCTATCTGCCTGCCTGATCGTCGATAGCCTGTGCGCAACAACAAACGATGTTCGCCCCGCCAGTAAAATCTCAAGCGCCTTTTGGATCCGTGATTCTGTGATCCCATCCACCGATGACGTTGCCTCATCCAAAATCAAGATCCGCGGGTCTGCCAGCATCGCCCTGCAGAAACACACCAACTGCCTCTGCCCTAATGACAAGTTAGACCCCGCTTCGCCTACTTCCGTATGTAAGCCATCCGACAACTGCTCCAAAATATCCAGACAGTTCAGCGCCTCCGCCGCAGCATACACCTCCGCATCGCTCGCCTGTGGCCGCCCCATCCTGATATTCTCAAGCACACTCCCCGTAAACAGAAAATTCTGCTGCAACACAATCCCAAGCTGCCTCACCAATGAACCCGTCTCAATTTTTTCAACCCGTATCCCATCAATCCGCACCTCTCCCTCCGTCGGCAAGTAGAACTTC
CP036425.1_gap12	793014	795515	2501	TTTCCAGCACAATAATCTGATCCGCACGCCGCAGCGTCGACAACCTATGAGCAATCACAAATGTCGTCCGCCCCTTCATTGCCGCATCCATCGCGCTCAAAATTTCATGCTCGGTTTCCGGGTCAATCGCCGCCGTCGGATCATCTAACAATAAAATAGGCGGCTCCAGCAATAACGCTCTCGCAATCGCCAGCCGCTGCTTCTGACCACCCGACAGATTGTTCCCTCCCTCTTTCAGCTTCGTGTCGTACCCGTTTTCTAACCCCACAATAAACTCATGCGCCTGCGCGATCTTCGCCGCCTGTTCGATCTGTTCCCGCGTTGCCTCCGGATGCCCAAACGCAATATTCTCCGCCACCGTATCCGAGAACAAAAACGACTCCTGAAACACAATCCCGATGTTTCGTCTCAGATCAAACAAATCCACATTCCGTACATCCGTATCATCGATCAGCACCGCCCCTTCCTGTGGGTCATAAAACCGCGGGATCAGTGACAGCATCGTACTCTTTCCCGATCCTGTTGCCCCCAACACCGCCACACATTCCCCCGGCTCAGCCGTAAAGTTTACCCCATTAAGTACCCGCGCATCTTCATCCCCCTCATTCTCTCCGTACCCAAAGGACGTATTGAAAAACGTCACCTTCCCCGCAACCCGATCAATTCTCTTCGCGCATTTTCCACTCTCAATCTCGATCGGCGTATCCATCACTTCAAACACACGCTGCGCTGAGGTCAGCGACCGCTGCATCCCATTCGCGATCTGCGCAATCGAATGAATTTTGTCCGAAAACTGTTGCAAAAGCCCCGCAAAAACCACCAGCCCCGTCCCAATATTGAACGACGCATCATGAATATACAACCACCCACCATACACCAGCAGTACCGCGATATTCACCGACGGTAAAAACGAGATCACCGGCACAAACCAAGATACAACCCGAAAAATATAACTCTTCTGCGCCGCAACCTCATCATTCGCCCGCCCAAACACTTTCCGCTGCTCCCCCTGCAACCCAAACCCCTTCACAACATGCACCCCCTGCACATTTTCCGACAACACCCTCACCGCCCCATCAAACAGCCGTCTATTCTCCCGATAGGCCGGACGCACCATTCTCGAAAACAACACCACCAATAAATACACCACCGGCGTACTCACCAGCGTCGCCAACGTCAGACCCACATGAATCTGAAACATAAACACCACATACGCCGCCAGCGACAACCCAATAATGATCACCTCCAGCAACACCGCATCCACAAACATCCGCAGACCTTGCACATCTGATGTCACGCGGTTGATGATCGACCCCGACTCGTTCGCATCGAAAAATCGAAACGATAGCCGCTGCAATTTGTCATACACCGCCGACCGCAAATCCACCACCATCGTTTGCACCAACAGCGACTTCCACACCGTCGCAAAACGCTCCAGTATAAACCGACCTACCGCCAGCAAAAATACAATACCTGCCAACACACAAACAATCTGCAGCGCCCCCCACTCCCCCGGCGGCGCAATACCAAACGGATACTGCGGATCTTTCGCCTCAGCATTAAACCCCTTCTGAATAATGTCCACACCCAACCCTGTCAGGCCTAGCGTCGAGATAATCACGCCCAACAACACCAGCTGCACCACAAGCAGCCGCACCGCGTGAAATTTATACTGCCACGCCAACTTCACCATCCGCCAAACCAATTCCCCAGTCGTGTAATCAATATCCATCCCTCCCGTGCTGCTCACCTCCCCACTTTGTTTCTCGCGCACGACATCCTTGCTCTCCCCATCTGTCTTCCGTTTCGTCTCTGTTGCCGTTGCCAAATGAACATCCTTAGCCTGCTAGGCCGAACGTTTTTTCTCATGCATCAAGTCACCGCAACCCACGCTACCAGACGTGAATCACAACCCACGAATCTAACAACCATTCACAAACTTACAAGCGCAATCCGCGCACAATCGCCACATCGGTCAACAATGTCTCATCAGCCCATATTCCATCTCTTTTTTTGCACAACCCCTGTCTCTCAGATAATGCCTCTCGCTCCAATCTATCTCTCAATCATCCTCACCGCCCCGGTAACGGCGGCAGCCTTTCATTCATCCGCTCCAGCGGCAAAATCTCCACGTACAGCGGCAAATGATCAGACCCAATCTGCGGCCCAAGCCGGCGGTCAACCGCCGACAACTTCGGCGACACCAGACAATGATCCAGTGGCAATCTCAACCAGCTTGGAAACTGCGCCGGCCAAGTCCCCGCATAGCCCCAACCTTGTTGTGAATACACCAGCACCGGCACCTCACCCTCAGGGTTCATCAACTCACTCAGCGGATGACTAAACGGAGTCGCATTTAAATCACCTATCAATACCGGCGGAAACGGCTGATTCCTTGCCCATTCAAACGCCCTCACCAATTGCTCATTCCTCACCGACGCATAGCTCCCAGCCCACGTCCGCACATCCATCGGCACAATCGGCGGCAACGTGTGCAACGA
CP036425.1_gap13	870887	873419	2532	ACCGCAATAATGTTGTGCTTTCCGCGGTTGCTTCTCAAAGATTAGGCCCCAACGTTTATCTTGGCCAAGGTGTTCAGCTAGATAGTATCGTTCGTCAGACTGACGAAGCGCTTGAAGCCCGGATTCGTGGTTCAATCTCAGATGGTTCGTATTCTCAGACACGTACTGATTTGCTCAAACAAATCGAATCAATCGAAGGTGAATTTACCACCGTTAATGTCTCCAGTAAGCTAGGCAAATTCTTTGATTCATGGAGTGGTCTTGCGTCCAAACCACAGGATGATGCAAAGCGCACAATCGTTATTTCCGAATCTGAAACGCTAGCTCGCCACATTCAACAGATTGATAGCGAAATCAAGGACCTGCGAGGGCAAACCGATAGCGCCATCAAGCAAAGTGTCGTTTCCGTCAATGATACGCTTGAGCAAATCGGTCAGCTCAATCAACAGATCGCACTCAGTGAACAGGGGACAGGCAATGCTTCTTCTCTCCGTGATCAACGTGACCAATTACTCGCTGAGCTTTCGAAGTACATGGATGTTTCAACCGTCGAAATGCCCAGTGGTAGTGTCGATGTTTATGTTGGCTCAATTCCGATTGTGATGAACGGGCAACCACAGCGCATTGAAGTTGCGTACGACACAATCAATGGTGTTTCAACACCTGTCATCAAAGCTGGCAAAGATAAAGATCCACTCGTGATGAATGGTGGCCAGCTCGGAGCTCTCATTGATTACCGCACCATTGATCTCGAAAAAACAATCGATTCTCTCGATTCACTTGCAAAACAGCTGATTTTTGAGGTCAACAAGCAACACTCCCAATCGCAAGGCCTTTCAGGCTTCACAGATATCACCGGCACTTACACAGTACAGGATTCCTCTGCCGCTCTTAATTCAGTCGCAGCAGGCATGGAATTCACGCCAGAACATGGCAGCTTCAAAATCCATGTCAAGGATAAAAGCACAGGTCAGATGACAACCTCCGTTATCAATATCGATCTTGATGGTATTGGTGGCGACGATACCTCACTTGATTCACTCGTTGCTCAGATCAACAGCGTAGCCGGCATATCCGCTTCAATCTCACCTTCTGGCCAGATCAAACTCAACGCTGATGGCTCAAATCTTGAAATGTCATTCAGTGAGGATTCGAGTGGTGTACTTGCTGCACTCGGGGTGAATACATTCTTCGATGGCTACAACGCCACAACAATCGCTGTAAACGATGTAATCAAAAGTGATTCTTCAAAAATCGCTTCAGGTCGCGGTCATCTTGCTGGTGATAATACAGCCGCTCTGGCGATTGACGCTTTACGCGACGAGCCTATTGATGGTTTTAATGGTACGTCAATCACAGATTTTTGGAACAAGCATGTCCAAGATCTCGCGGTCAATATTTCACAGTCAAACAGTCAAGCGACAGCTGACCAAACCGTTAAAAACAGTCTAGAAGCACAACAGCAATCTATCTCCGGTGTCAATGTTGATGAAGAAACCATCAACCTGATGAAATACCAACAAGCATACCAGGCTTCTGCCCGTTACCTCAGTACCGTTCAGCAGCTTATGGAAACACTGCTCTCACTTGCCTAAGCATGAGTTAGTGAGATTAGAACTTAGGAATACAATCATGAGTGGATACGGCTCAATCGTCGGACGCACAACCATGAATCTCAACTCAAATGCACTGCGATACAATCTCAATCGTACGCAGCTTGAGATGTTCAAAGTCCAGCAGCAACTTCAGACCAACCAAAAATATGCTGCGCCTTCCGATGGTGCAAGCGCAACCTCCGCTATCTTGCAGCTCACACAACAGCTGCAAGCTCGTGAGCAATGGAACCTTAACCTGAACGAAGCCAAAAGCTCGCTTGATACAATCGATAGCTCGCTGAGCGAGATCACAAAAACACTTCTTGAATCCATCAGCATTGGCTCCAGCCAAATCGGTACCGGTTCAACCGAAGATACACGTAAAGATCAGGCCAAAGTGATTGATGAGCAACTCAAGTCAATCCTCACACTTGTTAATCAGCAATATAGCGGCCTTTCACTTTTCGGTGGAAACAATGGCGCCAGCAACGGCGGCAAGGTCTTTGAAGATTTTATGGGTGGCATCCGCTATGTTGGCGGCTCAGATAATCTCCAAACAAACTTCGGTGGCATTAACAAACAAGATTTCACTTCGAATGGGCTTGATGCTTTCGGGGCTCTCTCCTCACGCATTGAATCAAATGTCGACCTCCAGATTAAAGCAACACCTGAGACCCGCCTCGAAGATATTGAAGGCGCTGATCAGCTTGGTATCCGAGACGGCGGCATCCGCGTAAACGTCAACGGTTCCGAAATCTACGTTAATCTTTCTTCTGCCGAAACCATGGGCGATGTCGTCACGCGTGTTAATGATGCGATCAACCTATCTGCTCCTGGTGCGGGTTCACTCGCTGTCACAGACGAAGGTTTCTCACTTTCCGCCACAGCGGGCAACAACATTACCATTTCCGAATCCGGCGGCGGTGCGACCGCTTCG
CP036425.1_gap14	919902	924606	4704	TTGAGCAGGCTAGAGTGGTCGTTATGCTGCGCGGTTTGGAGTTTTCGATTGAGGAGATCAAGGGGATTTTAAAGGAGTGTGAAGGAGAGGGGGATCTATTAGAGCGACTGGAGAAGAGAAAGTCGGCGGTGAAGGCGAAGATAAAATCGCAGCGTGATGTGTTGGCTGCATTGGATCAGGTGATCAATTTTGAGAAAGCGAGTTTGAAGATGAAAGCTGAAGGTCTGCATGAGATTGAAGAGCGTGTGGTGGATGGGATGTTGGTGGGAGGCGTGCGGATGAAGGGGCGGTATGAGGAGATGGGGAAAGTATTTGGGAAGTTGGGGCGCGGATTGAATCGGCATATTGGTGGGAATGCGATGTGTTTGTATTACGATGGTGTTTATAAGGAGGAGGGAGCGGATTTTGAGCCGATATTCCCTGTGAAGAAGGCGGTGAAGGTTGAGGGGATTGATGTACGTGAGTTATACGGGGGGCGAGCGATTTGTTTGAAGCATGTTGGGCCTTACGACAAGATTGGGGATGTGTATGGCTATCTGTTTGAGTATGCAAAAGAGAAGGGGTATGAGGTGGTATTGCCGACGCGTGAAGTTTATTTGAAAGGGCCGGGCATGATTTTTAAGGGGAATCCGGAGAAGTATGTTACAGAAGTTCAGATGTTGATTGCGTGATGCTTAGCCTAATCGAAAGATAGGTTTTAATAACCGAGGGAGTTGCCTGAAGAGGTTGGGGGTGGTGATGATCAACTGGGGTGCTGATTAAGCTGATAAATTGAGATGGAGTTGCGGCAGAATATTTTGTGATCAGCTTAAGTGATGGGAAATTCAAGATGCATATGTCAGTGGGGAACTATGTTGCGTTGGTTTGGGTTGTATTTTTGAGTTGGGGTGTTGTTGGCTGTGTGGCTGGCGGTGGCGGCGAGATGGATGATGAGGATGTGAAGAAGGATGAGCAGCGATCTGATGATGAGGTATCGCAACAGGATGAGGATGGCGATGATATTACGATGAGTGAGTTTGATGCGGAGGAGGAGCGTGGTGTGGGGCGTGATAATGCAGGCGAGGAAGCAGAGTCGGATTGGAATGCGCAGATGGCTGTGGATGACGGTGAGATGGAGGAAAGCGGTGAAGCTGTGATGGTCAGGGAGACAGATGAACAGCGAGCGAAGCGCGAGGCATGGGGGAATGAGAATACGAAGCAGATGAAGAAGATGAAGGGGTTTGGTCAGTTGGAGTATGGGAAATTGAGAGGCCAAATTCAGGGCGGTGAGTATGAGTCACCGGATCGTGTGTTTAAGGTGAGAGAGCCGATGCTGGTTGGGCCGAATGAGTCGGTGCTGGATTATTACAATGAAGATTTGGGGATGTGGGTTGTGAAGTTTTCGGATTATGATGGGCGTTTTTATACGGTGATGTGGGGGATGCCGGAGGGTCTGAATTTGGATGATCGGCTTAGCCATGAGGATCAGGCATGGGCGGTACATGCGTGGTTTGTGAAGCAAGCGGATGAGGAAGATGATGGGGAAGTGAAGGTATTGGATGCATATTATGATGCGATGATTGCGAATGGTGGCGTGGTGTCGTTGGATTATTGGGAGAAACGGAGTGCGGTGCTGCGATCTTGGGAAGAGGATCATCCGGATCGGGCAGGTGAGAAGGTTAAGAAGTATGAGCGTTTGGATCGGTATTTTGGAGCGTTTACGACGGTGTATCGAGGCAGAGTCGTGAGGTTAGAGGTGGATGATCGTGCGAATATGTTTGAAGAGGATCACGCGAAGCTCGGCGGCGAGCAGGGGCTGTGGACGAAAGAACGCCGGGTATATTTGATGAATGAGATTTTGGATTGGTCGAAATCTTTGAAGTTGAATCCGGGGGCGTTGGAGTTGGAAACGGTTGAATCGCAACCAAGGTAGCAATGAATAGAAATGCAGTGGTTCACGAAGCACGTCGTAGGGGGCGTGCTTTGTTATATAAAGATGTTATTGTTGCTCTTCATTATTATCTAACTGTTGCTTAGATTTATCAGCGGCGTCTTGTTCGTCATTACGCTGGCGGTGGGCTTGAAGTTTGCGCTCGATTTCATCGAGTTGAGCGTCCTGGTCTTCGGGGAGGAATTCCTCTTCATCCTCGCTGAGCCATCCTCCCTCTGTTTCATGGTCATCTTCTGGGGATTCATCGTCTTGGGTTGCATCGCCATTGGGATCGGCTGCAGGATTATGTCCTGTAGTTTGGGCGTTTTTAGCTGCGAAGGGGTTGGCGCGTTTTGATTCTTTGTAGACAGGAGGAGGGAAACCATAGCGGAGGTACTGCTCGCGTTCCCATTGGCGGAGATCGCGTTTCCATGCGGCTGCGTTGAATTTTTCGCCTGTTTCTTCGGCTTTTTGCTTGGCTTCTGCGGTGCGTCGCATTTTTTCACGGCGCATGTGATGTTGGAAACCAAGGAGGTCGGGCCAACCGTATTCGAGTTCGCCTGTTTCGGGGTTTTTCCATTTTTCTGAGGCATCGATGTCTTCGAGTGATTTGTTTTGATCCTCGACGGGGATGGGAACGAGTTCGATGTCGTCTTTAGCGGCGTTTTGTCGGATGGTAACGCGGTTGTTTCGTGCGAGTTCGAGTGTGGCGAGGAATAGGCCGATCATTTCGGAACGGTTGGTGCGGCCTGTGAAGATTTGTTGGAGGGACATGGGGCCGTCGGATGCGAGGAGGTCGTAGATGTCGTCGGCATGGACGGAGATGGGTGTGTCGTCGTAGGTGACTTCGTGGAAGTTTTTACGTCCGATGGAGTCGAGGAGGCGGCCGAAGGCGCGGCAGAGGTCGAGGACATTGATGTCGGCGAGGTCGATTTCAGGTTCTTCGGGCTGCGCGTCTGGGTCTTCCATGGCCTTTTTGGGGGCGGACTGGAAGCGGTTTTGCCATTCGTATTCGCGGTGTTCGAGTTCGATCGATGCGTCTTTGAATCGTTTGTAGGCGAGGAGTTGCTGGACGAGTTCGTAACGTGGGTCGGACTCGTCGAGGCGGTTTTGTTCTTCTTCGGTGAGCTCTTCTTCGCCGGAGCGCTCGCGGATGGCTTCGTCGATGCGTGGGACGAGGAGTTGAGATTTGATTTCGAGGAGGGTGGCGGCCATGACGAGGAACTCGCCGGCACGGTCGACATCGAAGGTTTGGATAACCTTGATGTGATCAAGATATTGTTCGGTGAGTTCGGAGACGGGGATGTCGTAGAGGTCGATTTCGTTGCGGCGGACGAGATAGAGGAGTAGGTCGAGCGGGCCTGAATAGGCGTCGAGGCGGACTTTGTAGGCTTGAGGTGAGGCGGGAGAGGGATCGGCCTGATTAGGCGCGGGTGATGAGGTGGGCTGAGGGGCTTGTTTGGGGGTGGGTGGATTGTCGGGGGCTTGCTCGATCATAGGGGAGTAATTTTAGCGGATTTTTGGGGGTGATGCTGGGCAGATTTGGGGGGATTATGGTGGAAAAGCGCGTTATGGCGATGAATGAGGGGTGGGGCGGTGAGTGAAGCGCGGCAGGGTGTATAATGGTGCTTTGAATCAACCTTGAGACTGGATGAACCATTCATGACTGAGATGCCAAAAGAAACGTGTGATGGTGTGGGGAATAAGTCGAACGATCAGCGTTTTGCTGAGGAAGTGTTGCGGGTCGAGCGGGAAACGATCGGGCGGTTAGTGTTGGGGGATGCGTTTCATGCAGCAGTGAAGTTGGTGCTTGAAAAAACGGGAGGCTGGATGTCGGGGGTCGGGGGTGCATCGAACGGTGGGTCGTTGGTGATCTCTGGGATGGGGAAATCAGGGCTGATTGGGCAGAAGCTTAGCGCGACATTTGCGTCGACGGGAACGGCATCTCATTTCCTGCATCCATCTGAGGCGATGCATGGTGATCTTGGGAAAGTGCAACGCGGTGATGTGGTGATGATCTTATCATATGGCGGAAACACGGAGGAAGTTGTGTCGTTGGCGTCACTGCTGAGGCAGGATGATGTGCCGGTGATCGCGATGGTGGGGACGGATGATTGTGAGTTGGCAAGATTGTCAGAGGTGGTGTTGGAAGTGGGTGATATTACAGAAGCATGTCCGTTGAATTTAGCGCCGACAGCTTCAACGACGGCGATGTTGGCGTTGGGGGATGCGCTGGCGTTAACGGTGTCGCGGCGTCGTGATTTTGGGGTAGATGATTTTAAGCGCGTGCATCCGGGAGGTGGCTTGGGCAGGCAGCTGATGCCGGTGGTCCAGGCGATGCGGTTTAAGGTGGGAGAGAATTTGCCGCTGGTGAATGAGGCGGCGAGTGTTCGAGAAGCATTTGAGGAGGCGGACGCATTCGCAGCGAAACGAAAGATCCGTCGGACAGGTGCGATTTTGGTGGTGAATGATATAGGAGAGCTGGCGGGGATATTTACGGATGCGGACTTCAGGCGGTTGGCGATGAAGGGGGCTAATCAAGCGTTAGGTACGATGATTAAGGATGCGATGACGAAAGAGCCGCGAAAGCTGGGAAGTGATTCGATTGTGCGTGATGCGGTGCATCTGGTGCGTGAATTACGGATTGATGAGATCCCGGTGGTAGACGGTGCGAATCGACCTGTTGGGCTGGTGGACGTGCAGGATTTGATTGCTTTGAAAGTAATCGAGGGTTAAGTGCTGATTAGTATTTTTGTTTACAGGCGGCGTTCATCATTGCGCGGACGACGAGATGG
CP036425.1_gap15	1066429	1067929	1500	ACAAAGAGCAGGTTTGGCCACATCCATCTGGTAATGAAGCAAAGAAATATGGCTCCAACGTGCTATACGTTACCGGCCATGTAGGTCAAAAGATAAAATAAAACAGGGTCGTGTAGACCCTGTTTTATTTTATCTAATAAGAATAAATTTATTGTGTGGGAATGTATTCGTATTCAATTGAAATTATCCCGACAATTTGAGTACGTAAATATGTGGTATGTATCATGGAGTTGCTAGGATCAGAATCAACAATATAGCTCATTGCAGATTCAATATAGGTAGGCAATTGAAAGTTTATTTGACCATAACCGATAAAATCAGCGATGTTTCCAAAAGTCTTGCTGCCTGACAACGTGGATCCTAGATTGGTACCACTCTCATACTTGTAAGTGACAAAAAAATCACCATCTTCTAAATCCCCTTCAATGGGAGGTAGATTTATCATTGATTGTTTTTTACGATAATTACCTAGATTTGAGGAAAACCCAATTTCTGGTGACTTTAACCTGAAAACTAAGTGCGTAAAGAGCGGGCCAGATAATTCTTGTATTTCGGTTTCATCAATCCATTCCGAGAATTCTTCACTAATTCCGATATAACTGTCTACAACAGGGTTAGTAACAGTAAGAGAATATGTTATTTTCACATCTTTAAGGTCACCCAGACTGGGATCAAATCTTGTAACTCCTACATCTAGTGTATTGAAGTCGTCTCTCAGATCAATAATTGGATAATTCCCTGTGTCTTTACTCCAGCCTTCAAAAAATATTGGTTCACCACCCCAAGTCCAATCTCCAACAATCGGTTGGCCGACCGTAGTTGAATATACAATAAATTCACTAGTTTCAGCATTGATATATGTATTCATGTTTAATAGTAATGATGCGAAAAAAGTGTACTTAAATTTAATAAAGTAATTAATCATATAATTAGAATCCCTTTCTATGTGAAAATAGTAGTGTTACGCATATTTATATACAATTAACTAAATATACTTGCAAGTGATAATCAGTTTCAATATCATATAGGCGGCAATATTTTTATTAATATTTTTAGATAAAGTATTGTTATTAAATAGAATACGATTTGTATATAAATTTAGTTATTTTTTTGTATTAAATTGTTGGGTAACCCAACTGCCTTTAATCAATTGTTAACGACCAAATCACTAAATATATGAATCCTAATATGTTCTCTTTTGATAAGAGAATATTTGGCCAATCTTATAGGATAGTTTTTATATAAATGAAAATACTAATAACTATGTAATACCATTAAATGCGTAAGTTGATTCAAAAATAATTTAATAAAAATTATGAATTGAATTTGCTTAATTTTTACACGTTTGTCGTGCTTTAATAGGCTTGTCGGGGTTTGTAAAAAAGTAATTGGTGTCATTGATACGGTGAAGCAGATATACGATGCGTGAGCTTCATCTCGTGGATATGAATTAATAATTAAGTGAGATTGTAGTTGCATCTGCAATTTCGGTATCACACA
CP036425.1_gap16	1099397	1100809	1412	GAGGCGGCGGCTTTATCGAAGACGTTTATGCAAGCGAGGCCGGAGCTGGCAGCGGCAACGATTGATCAGTTGCTGAAGCAGATCAATCGGCGATTTGATGTCGTGTTGAATCCATTGAATGAGTTGTTGCCACATGAGCGATTAAAGAAAGAAGCGCAGGCAGTTTTGACGTTGGCTGAAACGTTTCAGGTTGCGAATGAGGATGGTTTGATACAGCCGGGGTTGGATGATGAGTACTTGGCGAATATGGACATTATTAAATCGCGGGCGTATCGCGTTCTGGGGAGACCACAGGAGGCTGTGGATTTGCTTGGGCCTCAGACTGTGAAGTTTGGTGATGTGCTTGAATTGATTATGGCATATGGGGATGCTAATTATGATTTAGGCACAAGTGAATCATTGGAAAGAGCACGTGTGCAGTATCGTATGGTGATGGGTTCTTATACTGAGAAACCATATCCCGAGGTGTATTACCATGCATGGTTGAATTACTTGAAGGCGTGTATTGAGGGAGATGTGCAAGTTGAGGACGTGCCGTTGTATGTGGGGCAGCTGCGTATGCGTGATAGTGAGTTAGGTGGCGAGGTGTTTAAGAAAGCATTCGACGATTTGATTGAGCGGGTTAATCAATAGGGCGATGTGTTTGTGGTGGTAATTTAGAGAGTGATGGCCACTTTAACGTGGCCTGTACCGGAAATGGGGATCATGCCGAGATCAGCAGCTTCATCGTTGCCGGTAATGGTGATGCTAGGTTCGAGGGGAGTTGCGCGACGTATTGTTAAGTCGATTGTCCAGTTGTGCCATTTCAGATTAATTAAGCTCATTTCATCAATGCCTTTGGGGAGGTGTGGATGAAATCTCATGCCTGTATCACTTGCACGGATTCCAAGGATGCAGTGGAGGACCATATTCATGTAGGCTGTGGCTGACCATGTTTGATGGGTGCATGATTTTGTTAGGACAATACCGTCTTGCTCGCTGATCTCTTGGAGACCGCCATACATTTCGGTAGTATCTGGATGGTAGATTTCAGCGAATTGTTGATCGCGGATGGCGTGATTGAGTAAATTGTTGAATTCAAAATCGAAGAGATCATGTTGTTTATGTAAGCATGCTGCAAGTGCCCAGAAACCTTGTATGAAAGGCCAAACGGCGCAGTGGCGGCCGACGGCTCGCGCGTCTGGTTCGTCAATGTCTATGAGTTGATTAGGATGGTTGAATTTTTCAAGGTATTTTAGTGGCTTGGGATATGCTTGATAGCGTTTGTAGTCGGGGTAGATTGAGGGGATGCCAGCGTTGCTGATGGGTTGATTTTTGAAGACGAGATTACGCTGCCTATCGTCCGCGATTTTGAAGATGATCGCGTAGCTTTGCCCGAGTGCTTCGGATTCTTCTGTGTAGCCGATGGGGTC
CP036425.1_gap17	1101978	1103926	1948	CCGTATCAACGAACGCCATTGCAGGACGCGCGTGCATCCCGAGCGAATTCGTGATTGTTACGGTCGTTTTGGCCATCGTTGGCTCCATCGGCTCATTTCAAGGCTTGGTGGTCGTTGTGTGGGTATAGTTTTAGTCGCGAATGATGCGTTTCACTCGCTCCAAGTGATACCTTATTATAGGTAATTTACCACGTAACGTCAGATTACAGTGGATCCATTCTCAGTCCACATGGTTGCTTCCGGAGATGAATCAATGTTTGGGACGTTAACCTGGGAGTTGCTGAGTATCGGCTTCATTGAGCAGATCTTTGATTTCGTCGGCACTGGTTGATTGGCGAAGAAAACGTCGGAACTGATCTTTTTGGAGGTTAGAAAAGATGTTTTCCATTGCCTGGAGGTGTTCATCAGGGCTATCTTTGGGGCTAAGGAGCATGAAGATGGAGTAGACGGGTTGTTTATCAAGGGCGTTGAAATCGACACCTTTTTGACTGACACCGACTGCGGCCTGCATTTTTGTGATGCGTTCATGTTTGACGTGCGGTACGGCGACCCCTTTGCCAAAACCTGTTGAGCCATGATTTTCGCGTTCGATAATCATGCTGACCAGTTCGTCTTTCAGGTCTGCGGGGACGGTGCCTGTTTCAACAAGTTTGTCCAAAACTTCATTGATAGCGGCATCGCGTTCTGTGGCCTGGAGATCTGAAATCAGAGCGTTGGTGCAGACGAAGTCGAGTAGTTTCATTCTATAACCTCAAAAAAAGCAAATGATTACAGGTGTTATCTTGCCGTGTGTATGTTTACACTGCGGCTGATTGGTCTTGGGTTTCAAATCAGGTGGTCCGGTTCCAAGCTTGGAGACCATTGGACTGTTACAGCTTAGGCCGAGTTGGGTTCGGCATGCTGCATACCCTGAGGAGGGATCCCGCCCTGAACACACTCAGATGGGTCGCGTTTAACAGCGACACGATCGTAAACCAGGCGATAATGATGCATTATCATAACATAAAACGCACAAAAAGGGCTGACATGTCGTGCAGCCCTTTTATCACATTATTCGATTTACAGTGAAGCAGCCCCGCGAGGCGGCTTCCAATCCACGTTCCGGCGTACTCAGTGAGTTTGAGTCCGGACAGTGGTCATGATTATCAATCATATCGTACAGCACTTAGTGGTGCTTGTGATTCTTGATTTTTTCTTTGTGGTCGTGGATCTGGCGCTCGATTTTGGATGAAGTTTCATCGATGCAGGCATAGAGATCATCGTGTGCGCCGGTCGCGACGAAGTTGTCATGTCCGTTGATGTGGGCAATAAGCTCACAACCGTAGGTATGACTGTCTGTTTTGTCGATGATGACGTCCATCGAGGTTACGCCGTTGAAATATCTGGCGGCTCGTTTTGCCTTTTCACTGGCATACTCTCTGATCGCTTCAGTAACTTCGATGTGCTTGCCGCTGACAGTCACTTCCATATTCATCTCCTGTCATCTAGGTGAGAAATTGATGTCATGGATCCCGGCCCATTTGAAATTATATATGCATTGAGGGCAGGTATCATCAACTATTTTGTAGTGGATTTATCGTCGATTTCATCGTCGTTCGGTACATCAAGTTTGTTAGTATCAAAAGATTGCGTGTTTTTAAGTGAGTCTTGTGACGGTGGTACCAATACGCCGAGGGAGACGGCGAATTTGAGTGCGTCTTCGATCGTTATATCCAGATCAATCGTGTCATTTTCCGCAATCGTTATGACGTAACCTGTGAAAGGTGTTGGGGAAGATGGAATGAAGACGGTGAGGCATTTTTGGCCGGCACGTTGTTCGATTGTGAGCATGGTTGAGCCGGTGACGAGGCCGACGGACCATAGGCCTTTGCGTGGGTATTCGACTGCAACAACGCGGCTGAATCTGGATTTTGGGTCTTGATCTTCGCTAAAGAAGAAGTCGGTGACT
CP036425.1_gap18	1105006	1109101	4095	GGATTTCCATTGCTATCTTGAGTTTGGATCAGTAAATGGTCTGCGACACCTCGCGTGTGTGGTAGACGTGGCCCTCTCTCAATCTTGTCGTCATCACTGGTTTGCCCGACGTGGATGAGGTGGGTTTCTTTAACTGTTTCGCCGGTCTTGCCGTCTTGTCCACCGATAAGCCAAACTTTTCCATTGCCGATATACATGGCTTGGGCGTCATCGAGTGCGCGAGGTAGTCGAACGCCTAGCAATCTAGAACGTTTAGAATCCATATCGATGAGTTCCATTGTTCGTTTGCTCTCACCTCCGATGACAAGAATTTGCTTCGTGTTGAGTTGGACAGAAGTATGAGCGATGCGGTCTTCACAAAGTCGGATGAGCTCTTTTTCCCATGTGTTGGTTTTTGAGTTGTAGATGGCAGCGTAGTCGTTGCTGATTGCGAGGATATTGCCGTCATTTAATGCATGGGCAGTCGGGACAGCCATAGTGATTGGGAGGCTATCGCCAACAACGGTTTTGTTATAGTCATTTGAAATGATTTCACATGAGCGGAGTGGTTCGTATTGTCCTTTTCCGAATTGGCGGCCACCGATGATTAGTATGCGGCCATCGGGTAGTTCGATTTGTTGATGCATAAAACGGGGTATATGCAGTTTGCTGCCTTTATGCCATGTGTCGTCATTGGGTTTGTAGATAGAAATTTGTGTCGCTTCGTCACCGTTCGCTTTGATGCCGCCTGATACAACATAAGCATCATTTTTACTTGAGTAGCTTCCTGCCGCCGCGATGACTCCAACGGGCATGGATGTGTGCTGTTCCCAACCAATGTCGTCGTGGCTGATTGAAGCAAACGTAGGGTCATAAGCACAACCGGACAATCCGAGAAGAGCTGTTAACGCCAACATGATGATGATTGATACGCTTTTGAGCGTTCGTTGATTCATACTCAACCTCACTTTCAAGTTGCCAGTTTAGCAGTAGATGGGCGTGTCTAATATCGGGGATACACGTATAAAGCCGCAACTTTTGTTGCGGCTTGGATGATTATTCAGAATTAATCGAAGTCGATCGTTGGCAAAGCCAACACTTAGTTCGAGATATCAAATCGGTGCATACGTTTTTTGCCAGCACGAAGCAATATGTATCCGTCTTTCACGTGCTCATCAGTGACCTTCATCAGAAAATCACTGATCTTTTCATCATGCAAACGAACGCCGCCGTTTATGATAAGTTTTTTTGCTTCACCTTTTGATTTGGTGAAGCCTGCCTTGCAGAGCAGATCGCGGACATCCAGCCCGTTATCTAACTCGCTGTTAGGCAAGTCGGAATTTGGAATTGAGTCGCCTGTGACGTCGGCAGCGGCGCTGAATGCTTTTTGTGCGGATTCTTGTGCTGCTGTCGCTTCATCTTCGCCGTGGATGAGCTTTGTGACTTCGTAGGCAAGGCGTTCTTTTGCGGGGTTGAGGGCAGCCCCTTCGCAATCTGTAAGCTGATTGATTTCATCCATGGGTAGGAAGGTGAAGAAGCCGAAGAAGCGTTTGAGGTCGGCGTCTGCGACGTTACGCCAGAACTGGTAGAACTCGAAGGGTGAAGTGCGGTTTGCATCGAGCCAAACGTTGCCTGCTTCGGATTTACCGAACTTGCCGCCGTCGGATTTGGTGATCAGTGGGAAGGTCAAGCCGAAGAGTGAGGCGTCGTGCATTTTGCGGCCAAGCTCGATGCCCATAACGATATTGCCCCATTGATCCTGCCCGGCAATTTGAATGGTGCAGCCTTCTTTTTGGTTGAGGTACGCGAAGTCATAGGCTTGCATAATCATGTATGAAAATTCGAGGTAGGTGATACCGTCGCCTTCGCCGGACATGCGGCCTTTGACGGACTCCATTGAGAGCATACGGTTGACGGAGACGCGTGAGCCAACTTCACGGAGTAGATCAATCCATGTGAGGTTTTTGATCCAATCAGCGTTGTTGACGAGCTTCGCACCGGTGGGCGAATCGTCGAAACGGACGACACGGCCGATCTGCTTGGCGATGCAGTTAGCGTTGTGGTTGACTTCATCAATGGTGAGCATTTTGCGGGTTTCGGTTTTGCCGGAGGGGTCACCGACGAGGCCAGTTGCGCCGCCGACGAGGACGAGGGGGCGATGGCCGCAGCGTTGCATGTGGGCGAGACCCATGATGGGGACGAGTGAACCGATGTGCAGCGAATCAGCGGTCGGGTCGAAACCGCTATAGGCGGTGACGGGCTTCGCGAGGATATCACGAATATTCTCGTCAGTGGTTTGCGCGAAAAGGCCTCGCTCTTTGAGGACGTCAAAGAGGTTACGTGATTCGATTGCGGTGTCATTACTCATAGTCCGTGCATTTTAGCGTGAATAGCGATGCGGGTGAATTTGAGGGTTTGGGATCTGTGGTAAACCGAGTTGTATTGCTGTGTAATTGCCTAGCTTGTTTTGCTTGAGCCGATCTGTAATTTGATAATTTCGATCATGCGATTCACAGATATCAAAAATAATTCACGGGTATCTTGTAAAAATTGCCTATAAATGAAATGTCGGTGCATAATGTAGAGTTGTGAATGTCAATTGTTGTTTGACTAATTCGATCTTGATTCTCAGGCCAAGGTAAAACATGCAAACCACAAATCTCGCACAAACTGTTCGTACCATCATCTCTCAACAGCGGGTTACGGATCTGCACACCCATTGTTTTGCTCCCGCGTTTGGCTATAAATTGAGTATTGAAAAAACTCAGGGGGCAGGCCTATTGCTTTGGGGTGTTGATGAATTGGTGACGTATCACTATCTGATTGCAGAGTTATTTCGGGTCGTAGGAGCAGATCAGATTACGCCAGATCAGTTTTATGGTCTGTCGAAGATTGAGCAAGCGAATTTGATTTGGGATGAGCTTTTCATCAAACGAACACCACTTTCCGAGGCTTGTCGTGGTGTGATTACGACACTTACAAAACTCGGTTTAGACCCGAATACGCAATCGCTTGATCCCATTCGACAATGGTTTAGTGAGCAGGATGTTGATTCATATATCGATCGTGTTATGTCCGTGGCAGGTGTTGATCACATTGTTATGACGAACGAAGTGTTTGATGCGGCTGAACGTAAGTTGTGGCTGTCAGATGCTGAAGCGTTGAAGCGTGATTCACGATTTAGTCCGGTGTTGCGTATCGATAAGTTGCTGAATGATTGGCCGAGTGTATGTCAAGATTTAGTGGAACTCGAATACGCGGTATCTGAGCCAGTAACACCTGACACACTTGCTGAGATTAGGCGTTTCTTAAATGATTGGCTTGACCGTACAGAAGCGATATATGTGGCCACCTCGTTTGGACCGGAGTTTCGTTTCGTGCCAGATGGTTCGGAACCGACAGAGTGTGAGTTGATTATCGAGCATGCGCTCATGCCGGTGTTGGCTGAACGCAATCTCGCTTGGGCATTAATGATCGGGTCTGTTCGTGGGGTGAATCCAAGACTCGGTGATGCAGGCGATATGTGCGGTAAGGCGGATATTTCTTCACTGACGAATCTTGCGTTACGGTTCCCTGAGAATAAATTCATGGCTACACTCTTAAGCCGTGAAAGCCAACATGAACTATGCATCGCGGCGAGGAAATTTGGTAATCTCTTGCCATTTGGATGTTGGTGGTTCTTGAATAATCCATCGATTATTGAAGAGATGACGCGGGAGAGGATTGAACTGCTCGGTACTTCATTTAGCCCACAGCATTCCGATGCTCGTATTCTCGATCAACTTGTCTATAAATGGGATCATTCGAGGCAAGTTTTGTCGAAAGTTCTAACGGAAAAATATGAAGATCTAAGTCGAGCCGGTTGGATCGTTACGGAAGAGCACATCAGAAATGATGCAGAGCGTTTGCTCCGTAATAATTTCAGAACGTTTGTGGGGATGGATGAATCCGCTATGTTGCGAGTTCAAAAGACGGGTCAGTGATGCCGTCTTCTTGGCTGATGCGTTCGAGTCCAGCGTTTAAGAAGTCACGCATTTCGCTTGCTGTTTTAACGTATTGAATATCACGCTTGAGATTCGGCCACGGTTGAAGGTGAGGCGAGTAACGCGACATGCG
CP036425.1_gap19	1112788	1117100	4312	GACGTTATTGGGATTTTTAGAAGCGCTTGAGCTGGTGGATGCCGCGCGCGACGATTTATTCTTCGAGGCAGTAGTCGTTGGCATAGTCCAGCCAGTGTAGCAGAAGCCCGCCTTTACGTCAAATTGCTTGGCTTAAGTGTATATACTTAAATGGTTTACGTCGAATATAGCGTTTTGCGTAAGCCGTGCCGATATGGCAGATTTTGAATACTCAAACAAGACTAATTGTGGTTTATTATCTTCTGCGATAATAATGACTCGATTTCTAATTCGCTGTCGAAAATAGGTTTATGCCATATACGGACAATCAATGGACATATGTAGGTTGTGTTACAGCTACAAATCTTACAATTGCTATGACCGTGTTTCTGTCGCAAATAGTATGATTTGTCTGCTAAATGATTTGATGGGTATGACGCGGTGTGGTAGTTTTAATCCCATTAAGGGTCAATTGACGAAGTATGCTCCTAAGTTGACCTATCACGAGAGAGACGCGAGAACAACATCATTACAAAGAGAGAGATCATGCTAAAACAAGTATGCAGTGTTTGTAGCTGTGCTATTGCGATATCGATCGCGACACCAGTGCAAGCTGATATCGTGGAGGGTTCGTTTGCAGGTGGCTCATTCTGGGCGGATTCGCCCGGTAGCTGGTTTGGGATGGGCAATAGCACAGCCATCTCCGGCACAGTCCAGTTCAACAGCGATGAAATTTTCGACAACGTGGCAAGCAATAACAAGAGCGTCATCCTCATTGGCGACTACTTCACGCAGCCCGGCTTCAATTTTAATCTGAATATGGGCAATCTGGCGCTGACCGACAGCCATATCGCTTTCAAAGATCAGCAGAATTCCGCGACGCTCCAATTCGGTGTGACTGGCTCAACTTGGAAATTTGAGGGCCTGTTTGCACAACTCGACTTCAACTCTTCAGGTAAAGCGTATCGCCTTGAGCAATCTGGTTTCACATGGGAGGTCAAAGAACGTAACTCTGATGGCACCACGACCCTCAAGCCGGTTCTCGTTTCGGGCTTCTGGAACTACGGCCAGCTTAATATCACGAATCTCAACAAGCCGAAGCCAATCGCGGATGCAGGTGGCGATTACGTATGGACTGCTAGCGACTTTTTTCTCAGCCTAGATGGTTCTGGCTCAAACAGCCCCGATCCAGATCCAGTCCTTTATGTTGACGAATACCAGTGGACGATGGGTGGCAATGAGTACAGTGGCGTTAACCCGCAACTCGGCACGTTCGATGTTGATTTCCAAAGCACGACAGATTCCGTTGATATCACGCTCGACGTGAAGGATTCATTTGGTGTTTGGAGTGAGGCAAGTGATACTGCGACGATCTCGTATCAAAATGCGGACCCGATCATTGATGCGTTTACCGCGGTGAATACAGATGAAGGCTTGGCGCTTGGCGTTGAGTTTAGTGATGTGGATCTGAACGCGATGTTTAATTTCATGACGCCCGGCTTCGAGTCGCATGACGTGGAATTTACCTACGCAGGTCAATTGCTTGGTGAAGATGCTTCTGTAATCTTGGATCAAAAACAATTGCTCGCAATTTTTGGCGATAGCGATGACTACGAAATTACCGTGACGGTGACCGATCGGGCAGGCGTATCCGTCAGTGATTCGATGTTGGTGTCGGTGGTGGTTCCTGAGCCGGCCAGCCTTGCGTTGATGGGTTTGGCAGGATTAATGGTCATGCGGCGTAAGCGTGCGTGATGGTGTTGTAAATATTATCAATTAAAAAAACTGCCTATTATTAGGCAGTTTTTTTATGCTTAGTTTTTTTTCTATTTCGTGGTTAGTCGCTCTGGAGGCAGTCGATCAGCTTTTCTTTTCAATCTTGGTCATGCCGCCCATGTAAGGCCTCAAGCATTCGGGGACGGTGATCGATCCGTCTTCATTTTGGTACATCTCCATCACAGGGATCAAGATACGTGGCGAAGCGATCACGGTGTTGTTGAGGGTGTGGCAAATTTGAACTTTGCCCTCTTCATCGCGGTAACGAAGGTTGAGACGGCGGGCTTGAAAATCGTAGAAGCGTGATGCGGAGTGGGTTTCGCCGTAGGACTCGCGTGAAGGCATCCATGTTTCGATGTCGTACTTAGCAACTTGGCCCATGCCGAGGTCGCCTGAGCAGACGTAGACGACACGGTATGGGAGGCCGAGCCGTTGGAGGATTTCTTCAGAGTTCTGAAGGATTTCGTCGTGGAATTTTTTGGAGGTTTCCTCATCGTTTTCGCAGATGACGACTTGTTCGACTTTGTCGAATTGGTGGATACGGTAGAGGCCGTGGGTGTCCTTGCCGTAGGTACCGGCTTCGCGACGGAAACAGGTGGACATCGCAACGGTCTTGAGCGGCAAATCTTTACGATCCACCATCTCGTCCATGTGATAAGCGGTGAGCGAAACTTCGGACGTGCCTACGAGGAAAGCGGTTGGGTCTTCCTCTTTCATTTCGTATGCCTGATCGCGGCCCATCGGGAGGTAGCCGGTACCTTCCATTGCGTGTTCACGAACGAGCAGTGGCACGTTTTGCGGGGTGAAGCCTTTCTCGAAAACCATCATGTCGTAAGACATGCGAAGGATGGCTTGGTGAAGTAGAGCGCCTGCACCGGTGAGATAGTATGAACGTGAGCCCGCGATTTTGACGCCGCGTTCGACGTCGATCATGCCGAGGTCAGCGCCAAGAGCGACGTGATCTTTTGGCTCGAAGTCGAAGGTTGGGATCTCGCCAACTTTGCGGAGTTCAACGTTCTCAGCATCATCTTTGCCAAGCGGAACGTCGTCAGCTTGTGGCTGCGGTACACGGAGGAGCAAGTCTTTACGCTCAGGCTCGATGGCTTGGATGCGTTCGGTGAGTTGCTGCTCTTCTTTCTTAATTTCGGATGGACGAGCTTGGAGGTCCTTCATTTGTTTTTGAAGGTCTGCTTTTTCATCATCGGAGGCTTTTTTGAGGCGGCCTGCAATTTGGCCGATCTGCTTGCCGATCTGATTTTTCTCAGCGGTCAGCAACTGCTGCTTGGAGAAAAGCTCGCGATATTCATCGTCAAGTTTGATCAGCGCGTCAACATCCACGCCAATATGCTTATCAGCGGCGGCTTTGCGGAATTTGTCCGGATTACTGCGAAATTCTTTGATATCGATCATAGTGAGGGGATTTTAACCGGTATCGCGGCAATGGGCGAGTTCCCAGTATTTCGCCAATCTAGCCAGTTTCCCTGCGTTACAGGCCCTACATGACATTTTACACTCGTATTAAGTGCTGTGGGAGAGAGTGATGCGCAATAATGGGGTACTAACGTGTTAGGAATTGATGAAATTGCGATAACGTTGGTACCTGATTCAAGAACATGCACCAGTAAAAATATTGCCACTTAATCTGAATCCTCATAAAAAAGATGCAGCGATGTGCTCATTATCACAATAGCCATTAACAACTCATTACTAATGGCCTCTCTACCATACTCCTGAAAACGTGAAAGGCAGTTGTTGTTTGTATGAGCTGATTGGATATGTTCGCCTCATCCAAAATGTAGTGCTTCATTAAGTGTTGATCGTTTGTTTGATAATTTTTTACTTCAATGGTTGAATTATTTTGTTGTTATTCTATTTCTATCCTGTAGATTTATATAACAATTAATAAGCGCAACGTGATCTGCACACAATTTGCTCCTACAAACGCAGCCCGACAATCCAATTCCATCAGCCCAACGTTTTGCCTCGTTGTGTTATCCCATGTTCACTCACCATCATCATAGATATCAGGAGTATGTAAGATGAGATGCCAGCACTTATCAACTAGCCTTGTTGCTGTTGTTGCATTATTAGCGATCACTTCAACATCTTTTGCTTGGGAAACAAGCAACCCTTTCGAAGGCGTTACCTACAATAAGCTTCGTGAAAAAGATGTGCATCCCATACTCGGTTGGCACACCAGTCATCTATCTGTTGATGTCTTTGAAATTGATATGGACGCCAATGGTATCTCATTAACTTCTACGCCTTCCAACGGATCCGCGCTCGGCGAAACGAATCGGCAGACCACGCTCAACTTCATGAAAGCCTCTAACACTGAAATTGCATTCAATACCTCCTATTTCTATACACAAACAGACGGCGGCAATAATAATCACGGTATTCTTGCCTCCGATGGCGATCTCATCTCTCCATGGGGGACCGAATTCCCCTTCACCGTTTGGCCAGCCATCAATATCACCTCCGACAATAATGTTGAACTTGTGACGGAAAATGGCAAGAATATTTTCGACTACCATAATGCAGTTACAGGTTCCGC
CP036425.1_gap20	1153954	1156618	2664	CCACGTTGACCGTATTTCTTACGTTCAACCTTACGTGGGTCACGAGTCAAGTAGTTCAGATCACGCAATGCCTGCTCTAGAGCAGGGTCGTAACCTTTCAATGCACGGGCAACACCAAGTAGGATCGCTCCGGACTGGCCGGTGATACCACCGCCACCAACATTGACGAATATGTCCAGTTGGCCAAGAGTCTTGGTTGCGTCCAAAGCCTTGCGGCAATCTTCGCGGTGTTGTGGCTCGGAGAAGTAGTCATCGACTTCACGGTTGTTCACAAGGAACTTGCCTTCGCCTGGGCGAACGCGTACACGTGCGACTGAACTCTTACGGCGGCCTGTGCCCCATACGAATCCACCCTTGTCACGCTTTGCCGGCTCTGCGAGTGGGCGAGCGATTTCAACTGCTTCTGCTTCTGCGTTGATCTTTATTTCTTCCATAATGCTTCAGTCTCTACTGATCGATGGATTAGCCGCGATTAGGCGGATTTTAGTTCGTGCACTGTTGGCTGTTGAGCCTGATGTGGATGTTCTTCACCAGCATATACCTTCAACTTGCTCAGCATCTTAGTAGCGAGCTTGTTCTTAGGCAGCATGCGGCGAACTGCAAGCTTAATCAACAATTCTGGCTTCTTCTCTACCAACTCACGGTATGAGTAGAGTTTACGACCAGATGGATGACCCGAGTAAGTTTCGTAAAACTTCTGGTCAAACTTGTTGCCTGTCAGCTTGATCTTGGCAGCATTGGTAATCACAACAAAATCACCCACATCATGGTGTGGTGTGTAAGTTGGCTTGTTCTTACCCATCAGGATTACAGCAATCTCGGTAGCCATGCGACCCAGAACCTTGTCTGAGGCGTCAACCAGCAGCCAATCCTGCTTTACTTCATTATTTTTTGCGAGATAAGTCTGGCGATTCATCGTCTTAAATCCGTAATTAGTACCCCATATAGACGCGAATCGTCTATGGAAGGATTGTGAACGGAATAGTTTAGTGAGCACACCCGTCCTGTCAACCGACGCGCTCGGAACCATCTTCCGATCCTCAGCTACCAGGTCGGCATGAATTGGGTTCCATATTCTAGCGTAACCCGCCCTTCGATGCGAACTCACGCACTCCATCTGTTATTTTGCTCAGGCTTCATCCCCATATTCAGCCCAGCAGCTCTTGTTTTTAGTGGAAAACTACCCGTATTGCCCTACAAATCCACTTTTTTATCCCCCACACATTCCCCATTCTCATCACTTCATCTGCCTACCCACACCCTCTCCACCAGCTATACCCATACCCATCTCAATAAAAAAGAGCCCGTTAAGGGCTCTTGTGTTATTCATTATAGATTGTGGATTTCCTTCACCTCACTCATCCACCTCGGCTGAGCGGTGACCATGTCTCCGGTTTGTCGAGCATCTGAAGCTCCGGTGCCGCGTTAGACTCGAATATCCCCTTCGTCTTTGTCAGCCAGATCTTCATCAAGATGAACAGCACCAACCCAGCTCCCAGCATTCCACCCATAATCATCCCCGCCAGTCGCAGCGATTCATCTTTCACTGGCTCACTTCGCAGCGCCGCCGCGTCCGTAATCTCAGTCGAATCCGTCCTATTGAGAATCTGATCCTGAGCTAGCTGATACGCCATAAACGCTCGCGTCATCGCTTTCAGCAGCGGAACCGCACGATCCTTATCTGTCGTCTGGTATGACAACTTCATCATCGGCGCTGTGCCGCTTACTTTCAAACCTTCACCCAAGACTTCTTTAAGATTCGCCACATTGTATGACTTGATATTCATCTGTTGCAGCTGAGCCACCGCTTCCTTCAGCACAGGATCGCTCATCAGTACCTTACGCTGTTGCGGCAGCCATCCCTGATCTTTAATCGTATTATTCCCACTCACCGGCAAATCATCTGCCTTCGCCGTCGTCACACGCATGGGATCAAACGTTAGTCCCGCTGTGGCCTCATACGTCGGCTTTTCCAGCCTCATCGCCGCAGCATACGAAAACAGCGCCGAACCGATCACTGCAAAGATCAGCAGTAACACCTGCGTTGTCGCTTTCGCTGTCGCCCAGCGTTTGACCATCTCCGTCTCAGATTGCTCCAGAAACTTCTTCACATCCATCAGCATCTGACGTTCTTTCTCAACGCCCAACTGCTGCGCATTGGTTGATTCAACATTCACTTCCACCTGACGCAACTCAAAATCGCGTTTCTTCAGTAGCCGCTTCAATGTCTTCAGCCGCTCCATGCGCCGGTGCATGTGCTTCAGCTCCATGCCATCAATCTGTCCGTCCGCCCCGTTGCTTTCACCTCGCGCTTCAAGTTCTGCTTCTTTCTCTTTAAGCTTCGCTTTTTCTTGTTCCAGTTGTTCCTTGCCCTGAGCCAGAATCTGCTTGAATGATTTCTGTTTTTCTTCAAGCTGCTCACGTTTGCGCTCAAACTCAGCCGCCTGCTGCTTGTATAACTCCAACTCCTCGGTCAGTTGATGATTCTGCTCTTCAAGTTGATCCGAACGCTGCTGCAATTCTTCAACAAACTCACCTTCATGTGCCGCCGCGGATGATAACTGCTCTCGCTTCGCCTTCAGTTCACTTTCCATGACCTCAAGCGCAGCTTCCCGTTCGCCCAATGCATGCTCGCGTGTTTCAATTTCGCTCAGCAACTTATCT
CP036425.1_gap21	1158402	1160646	2244	CCGCATCACCGCCCTCATCGGCCCCAACGCCGCCGGCAAATCCACCCTCGTCAAGCTCATGCTCGGCCAACTCGCACCCACCACAGGCTCAATCCTCCTTCCACCACTCGGTTACAACACAACCGTCTCCTCACTACCCCCCATCCAACGTGCCAAGCACATCTGCTATGTTCCTCAACGCCCCACGCTCTCCTTTGCCTACACCGTTCGCCAAGTCGTCGAAATGGGGCGCTTCGCCCTCGGCCAATCCCCCCAAGCCGTCGATTGGGCACTCGAACGCTGCGATCTCCACCCACAAGCCAACAAAATCTTCTCCCAGCTCTCAGGCGGACAGCAGCAACGCGTCACCATCGCCCGCGCCCTCGCCCAAAGCTATACCGATCCCGAAATCGAAAAAACCGCCACTCAGCCTTCTCAAAACCTAAAAATATTCCTACTCGATGAGCCCGGCTCCAACCTCGACCTTTGGCACATCCAGCAAATGATGGCCGTCCTTCGTCAACGCGCCGACGCAGGCTTCGCCGTCCTCGTCGTCCTCCACGACATCAACCTCGCCGCCAGGCACGCCGACGACGTTCTCCTCCTCAATCAAGGCGCACTCGCTGCCGCAGGCCCTTGGCAAACCGTCCTCAATCCACAAATCCTTCAATCAGTCTACCGCGTTAAAATCCAACAACTCGCCATCCCCCACTCCAATCGCCCCTACTTCCTCATCGACTAACCCCCCCTGTTCATATCACCACACTTCCAACTCCGCCCTTGACCCAACGCGCAAAAAAACGTCTTATCTCTATCAATCTCGCTCCAGACCCTAGACCCATTTCTTCACTCCCGCATATCCCAATCCCATTCTTCCCACATTTGTGAGCGCCTTTTCATTCTTCCCCTGTTAGAATGCCTACAACTGGCAACCAACAGGAAACCTCATGATGATCCCACTAATCCCAAACATCCTCGCACAAAACCAGCCCAGCGGTGGCAGCGGCCAACTCATTTTCTGGATTATCATGCTCGTCATCATCTTTGGCTCGACGATCGCAAACGCCGTCAAAGAATATCTCAAATCTCAAAAAGCAAAGTCCAACCGCAATTCGCCTCAGCAAAGCAATCAACGTCAACAGGAAATGCAAGCCCGTTCAGGTAACCGTTCTTTCGACACCGAGCCCGCTAATCTCTCCATGGCTGAACGCATCGCCCGCGCCCGAGCCAAAGCCGAGTACGAAAAGAAACAGAAATCTCTCAATCAACGCCCACCCATCACACAGTCCTCACCAACGCCAACACAACAACCCGACTCCGACGTAACAGCTAGGCGGCAAGCCGCCGAACAAGCACGCATCCGGCAGCAGCGCGAACAAAAGCGCATGGCCGCAGAGCGTCAACGCCAACGCGAAAACGAACGCCGTCAACGTATCCGTCTCGAACAGCAAAAACGCGCCGAAGCAGCTCGGGCACATCGGCATCACGAACACAAAGATCCACCCCCTCAAACCGCTTCCTCTCCTCCTTCGCCACAATCCGAACAAACTCAGCAAGCAGAATCGTCACAATATCAGCGTCCATCTAGACGTGTCGCCTCATCACTCAATACAGCCAGTGATTTGGATTTCGACAAACTCACCACCAACGATCTCCGCACCGCCTTAATCCTCAAAGAAGTCCTCGACAAGCCCGTTGCCCTCCGTTCACCCGACGACAGCAACACCTTGTTTTAATAGACTGATTGCAGATCTCCAAGCAGGCAATCCAGCCTCTCCGTAACCAAGCTTTCACGTATTTTAAAACGTCCTTCAAGCCCACGACCGCCGGTCGTGGGGTGTTCTGCAATCCAACGATCAATGGCTGGCAAACTTTCGTTATCAACCAATAACCCAAAGTGTGAGTATTTTCTCAAAGCGCACTAAAATATACGCATGAGCGATATCCCCCTCCCGCAATCCGAAAACGATCCTGTCCTCTCGCGCATCGAGGTTCTCGTTGCCGACATCACCACGCTCAATGTTGATGTGATTGTCAATGCCGCCAACGAATCTCTCCTAGGCGGGTCAGGTGTCGACGGCGCCATTCACAACGCCGCCGGCCCAGAGCTACTCGAGCACAACAAAACGCTCGACGGCTGCAAAACCGGGCTCGCCGTCATCACTCCCTCGTTCAACCTCGCTTCTCGCAGTATCAAGCACATCATCCACACCGTCGGCCCCATCTGGCGTGAAGTGACTGACAACCCTCTTCCAGGTCAGCCCA
CP036425.1_gap22	1162086	1164943	2857	ATTCCGCAAGTACGGCTCATCCCGCTATGTCTGCTTCAACCGTCGCGCGATCGGCGAAACCGTCGATTTTGTACCCGAAGATTAATTCGACTGAACAAACAAAAAAACAAAACCTCGCAGCCATATGCCGCGAGGTTTTTTTATGTCAGCATCTGTCAAATACGACACCTCCCCCCTCCACTCAAGCCTGCCACCGCCGGTGGCAGGGTGTTTGAAATAGTCACGCACATCATCTGTACAGGTGTCTAACCACCAGTTATCCGTACCCTTAATCCAACCACTACTCAAGAATATGTTTGTCCAATAATCCCGCTTTCAAGGAAGCTTGCGTTAAAACGATCGCAGCCGTGTTTGATAAATTGTAAGAACGCACTGGCCCAGGGATCGGCACATAAATACACGTCTTCGCATACTTCTCTCGCCAGCTTTCTGGCAGCCCCGTGTTTTCATTCCCAAAAATCAAAACATCCCCATCCTGATACGCCGGCCCATCAAACCGCATCTCGCCAAACTTCGTAACTAAATATGGTTGCCGATCACCGAGCCATTCCAAGAACGCGTCATCATCCTCATGCAATGTGATGGTTAGATCATCCCAATAATCCAACCCAGCACGTTTTGCATTGGTGTCGGTGATTTCGAACTTGGTTGGGCCGATGATGTGCAGATGGGCATTCATGCCCACGCATTGGCGGGCAATGTTACCGGTGTTTGGCGGGATCGCAGGCTGATAGAGAGCAACATGAATCATGTCCAAATCTTAGAACCACGTAGCAGATCTGCAAGGCGGGCTTTGCTTAGGTCGATGTCATCACCTTCGTGCAGTGACAGCATGACCCAGTATCCGGGTGGCGCACAAAGGCAAAAATCCTGTACAACGGTTGCGCGTTGAGGAGGGGTTTAAAAGCCGAATATGCGGTTCTGGGAATCGTTGTTTGGCGCACAAAACCGTTGAATTTCCGGAGCAACAATAGAGCAAGTGATTGTTTGGTCAGAGCTTACGATGTGGGAATGGATGAAAAGCAAAAGTACTCACTTTCACTCGGAATCTTCAAAGAATGCCAAACTGTGGCTGAGAATCATGAGAAAACCACAAGGAATGGCCAGGAAATGGCTTTTTTTTGTGCGCACAAACCCGACTGTTAAGCAAAACGTGCGCACAGGATCGTATCAAATTAACGTCAACAAAAAGAAAGCATAATTCGCATCTGCTCCGTTAATTTGGGCGAGATATGAATATCAATTTGATTGAGACGGTTTTAGTGTGCTTTGCATTCGGCAGCTTCAATCTTTTTGTCCAAATCATTTGAATCGGAAATTTGCTGGCGCATACTTGCGGGTAGGAGAAAGATCGACTGATGCAATGTCAGTTGTTCCTGTGCTTAAACCCCCAAAAGTTTGTGTAGATCAGAGGAGATAGATAATGCGAGCTATTCTTGCAAAGTTGTGTGTTGTTGGTACATTGCTTGGTTTTGGTGCTGCGAATGTCGATGCTGGGATGTTGTGGATTGCCGATAAAGCTAATCGTTTGGTTTCGATTGATACCAATACATGGCAGACGAGCTATAAGGGTAAAATGTCGAAGCAGATGACGGACATCGCAATGGATGGTCAAGGCAATCTGTTTGGTATTGATTACGGAAAGCTTTATTCTATCAATAAGAACAATGCGAATACGTGGTCGATTACGAATGGGACCAGTGAGGTGGGGAATGCGCTAGGTTTTGTTGACGGCAAGCTATACAGCATGAAGGCTAACTACCTGTTAGAGATCAACAAATCTTCGGGTTATCCGGTGAAATCACGGTATACAGGGCGATTGACGAGTGGCGATCTCTCGGCTCATAACGGCAAAGCATATATGGTTTCGTACTACAATAAAAATAACTACACGAATGTGTTGGCTGAATTGGATGTGAAGACGGGCCGCGTGAGTGATGTGGGGAGTTTAGGCCGAAAGAATGTTTATGGGTTGGCTGAAGCGGACGGGAAGCTTTATGCGGCGAGCGAGAATGTGATCTATGAAGTGAATACGTCGAATGCGAAGATGACGAAGGTCAAGACGTTGAGCGGTGTGGGGCAGATTTGGGGGATGACGAGTTCGCCGTATACGCCTCCTATTCCGGAACCGGCAAGTGCAGCATTGATTGGTTTAGGTGCGATTGCAGTATTAGGTCGCCGCCGCGGCTAATCGAAGAATAGATTAAGTAGGATGTAGAGAAAGATAAAGCCGATCACGTTCGTGATCGGCTTGTTTTATGTTTGTCGTTTATGGTGTAAGGATTTAATCGTATTGGAGGAGGCGGCGATCGCCTTCGAGGGCGCGTTCGTGGGTGAGGTTTTGTGTGACTTCGAGTGTGCCTTGGTATTGGCCGTCTTCGTTGCGGAGGGCGTAGTAGCGGATATGGATGAATTCGCCTTTCATGTTGATCCAGAACTCCGCGAGCGATTGCTTGCCGGACTTAAAATCCTCGAGGATCTGATCGACGATGTGGACGGAGCCGGGCGGGTGGCAGTGCTGGACAAGGCGGCCGATGACGGCTTTGGGGCGATGGAATACGCGTTTTGGCCCTTCGGAAAAGAAGCGGACGCGATCGTCCGCGTCGACGTATGTGAGGTCAACGGGGAGGGTGGAGAAGATGAGTTTGAGTTGGTCGAGCGTGAGATGTCCGGTGGCGAACATGATGTGCTCATCCCCATCCCCCCTCTGTTTTTGATTGTTAGAAGAGGGGGTGTCAGTTGATTCACTGGAGGTGATATCGAGTGGCATGTTGCTGGGGATGTTTGAGGTTGCGGCGGTGGGGGTGTGTTTCGGTGGGATATAGCCTTCTTGTGGGTCGACGAGGCACCAGCCGAA
CP036425.1_gap23	1166120	1169711	3591	TTGGGGGACTGGGTTTTAAGACGCGATCGGCGTGTTTGAAACCGTTGTGGTATTTGGGTTGTCGAAGTATTTGGTCTTTAGTTTTAGAGCGACGTTGACGAGAGCAATGAGGACGGGGACTTCGACGAGTGGGCCGATGACGGCGGCAAAGGCGGCGCCGGAGGTGATGCCGAAGACGGCGATGGTGACAGCGATTGCGAGTTCAAAGTTGTTTGAGGCGGCGGTGAAGCTGAGGGCGGCAGTTTGTGGGTATGTTGCGCCGACTTTTTTGGATGAGTAGAAGCTGACGGCGAACATGATGAGGAAGTAGATGAGTAGCGGTACGGCGATGACGATAACGTCGAGGGGGCGGGCGATGATTTGCGAGCCTTGAAGTGAGAACATGAGGATGATGGTGAAGAGCAGGGCGATGAGCGTGATGGGTGAGATTTTAGGGATGAAGGTTTGTTCGTACCAATCTTTGGATTTGAGTTTGATGAGTGAGTAGCGGGTGATGATGCCTGCGAAGAACGGGATGCCGAGATAGATGAGAACACTTGTTGCGATGTCGATCATAGAGATATTGACAGTAGTTGATTCGAGGCCGAGGAGTGGTGGGATGAGTGTGATGAAGATGTATGCATAGAGGGAATAGAAGAGGATTTGGAAGATTGAATTGATGGCAACTAGTCCGGCGCAGTATTGGTTATCGCCTTTGGCGAGTTGGTTCCAGACGATGACCATGGCGATACATCGTGCGAGGCCGATCATGATGAGGCCGACCATGTAGGAAGTCCAGCGGGGGTCGGGAGTGAGGAAGAGTGGGAGGATGTAGCCGAAGGTTAGGATGGCGATGGTGGACATGATGATGGGGCCAAGGATCCAGTTTTGGATGAGGGAGAGCGTGAGTACTTTTGTGTTGCGGAAGACGTCGGAAAGTTCTTCGTAGCGTACTTTGGCGAGAGGCGGGAACATCATGAGGATGAGGCCGAGGGCGAGGGGGATGGAGGTTGTGCTGGTGGGTGAGAGTTTGAGTGAGTCGATGGATTGGGTGAGCTGAGGGGCGAGATGGCCGAGGAGGATGCCGATGGCCATGGCGAGGAAGATCCATAGTGTGAGGTAGCGATCGAGGAAAGACAGCGATTTGGAGAGAGGCTTGGCAGGCATGGTTGTTCTCCGAAGTAGGGGGTGTGGTGGTATTGGGCGGCGAAGCACACTTCGACATTTCGTCAATTAACGAATTGTATAGTTTGAATATGATATGTCAAGAGGGATTCGATGACGTTGTTGTTAGAGGTAGAAGGGCTTGGGAAGTGTGACCTATTGCTGGAGATGTAAGGTGATGGAATTGGATACTGGGGGTAAAATGACTATCTTGCGGCTTAAGAGGATATAGAAATGATGGAGATTTGCGATGGGTCTTGAAGATCTTGAGATAGCTTTGGATTTAGAAAAGGAATTTGGGATTCGCTTTGATAATCAAGATTGGCGTGGTGTTGTTACAGTGGGCGATCTATTTGACCGTACACAGTGTTTGGTCAAGCAACGAATTGTTGATGGTGTGATATGTAGTGTGGGTATCGCGTGTAAGAAGTGTCAATATGTATTGAAGGGGCTTGCGTGCAAGGGAGAATGTCCGGAATGTGGCGAGTTGTACGTGATTGAAAGAGAGATAGATGATCATGTGATACAGGAGAAAGTGATTGAAATTGTGGCTGATGTTTGTTGTGTGAAAAAAACAATGGTGCGGTTACAGAGTCGTTTGATTGAAGATTTGAATGTGGGATGAGTAAAAAGTATTGGGGTCATGGATTTGAGTATTTGAGTGAAAAAGATGAAGGCCCAAAACTACTTACGGTTACTACGGGGTCAGGTAGTTGATTTTGCGTCGCGAATTGGTCGGACGATGAGCTTGCGGAGGACGGCGAGGAGGGTGGCGGCAGGGGATAGGTAGTTTTGTGGGGGGCGGTAGTAGATGGTTGTGGGGTTGATGACGGAGACTCGGCCGGGAGCGGAGGTGAGGATGTTTTCGAGGTTTTTAACTTTGTGGGTGGTGAAGATGAGATCCTTGTCGGCTTCGAGTTTGAGTCGGTCTATCTCCAGAGTAGATGCGGCGATGCGGAGTTCGGTGAGGTCGATGAGTGTTTGGGCTTGTTGGGGAGGGGGGCCGTAGGCGTCGGTGAGGTTTTGGGTGACGGCTTCGAGTTGTTCGAGAGTAGAGGCGCGGCTAATCTGGCGATAGGCTTCCATGCGGTACTTATCAGAGGAGATGTAACGCTTGGGGAGCGAGCCGGTGATGGGGAGTTCGAGGTGTGTTTTTGCAGGTTCGATGATGGGTTCGTTTTTGAGTCGCTTGGTTTCGTGTTCGAGCAAGAGGCAGTACATTTCATAGCCGACGGCGGCGATGTGGCCTGATTGTTCGGAGCCGAGTAAGTTGCCAGCACCACGGATTTCGAGGTCACGCATCGCGATTTTGAAGCCTGCTCCGAGCATGGAGTATTGTTCGATGGCTTTGAGTCGTTTTGCGGCAGTTTCGTTGACGGTGCGTTCTTCGGGGAGGAGGAGGTAGCAGTAGGCGCGGTGTTTGTATCGGCCGACGCGGCCACGGAGCTGGTGGAGTTGTGCGAGGCCGAAGTAGTCGGCGTGGTTGACGAACATGGTGTTGGCGGTGGGGATGTCGATGCCAGATTCGATGATGGTTGTGGCGACGAGGATGTCGTATTCGTGACGCATGAAAGCGAGCATGATTTGTTCGAGTTGTCGGGGTGCCATTTGTCCGTGGCCGATGATGATGCGTGCATCGGGGACGAGTTCTTGTAGTTCGTCTTTCATGCGTTCGATGGATTGAACACGGTTGTGGACGAAATAGATCTGGCCGTCACGGTTGAGTTCACGGATGATGGCGCTTTTGACACGGTTGCGATCGAAGGGGATGACTTCGGTGACGATAGATCGGCGGTCGACGGGGGCGGTGGAGAGAGAGGAAATGTCGCGTAGGCCGATCATGGACATGTGGAGTGTTCGAGGGATGGGTGTTGCGGAGAGGGTGAGGACGTCGGCGGTGAGTCGGTATTGGAGGAGCTTGTTTTTGTGCTCGACGCCGAAGCGTTGTTCTTCGTCGATGATGACGAGGCCGAGATCGCCGAAGTGGATGTCTTTGGAGAGGAGACGGTGCGTGCCGATGAGGATGTCGACTTGGCCAAGTTGAAGGTCGGTGAGGATTCGCTTTGATTGTTTTGGTGTTTTGAATCGTGATAGTGATTCAATGCGGAATGGGTAGTCGGCCATGCGCTGTTTGAAAGTGATTTCGTGTTGCTCGGCAAGGACTGTTGTTGGGACGAGTACAGCGACTTGCTTGCCATATTCTGCGGCTTTGAATGCGGCGCGGATAGCGAGCTCTGTTTTGCCGAAGCCGACGTCGCCGCAGATGAGTCGATCCATTGGGCGATCTTGCGACATGTCGTGCTTGATGGCGTGCATGGCGGCGAGCTGGTCTTCGGTTTCGTCGTATGGGAATTCGGCTTCGAATTCGGACATCCATGCGGAGGCGTTTGGGTAGCGGATGCCGGGCATGGTTTCGCGTGCGGCTTGGACTTGGAGGAGTTGTTTGGC
CP036425.1_gap24	1351383	1356095	4712	TTGCTTCCGGTTGTTCATCGGCAGAGACAAGTTCGCCTGAAACGAGCTTTGTGATCTCAAGATTTACAGCATCATTTTTCATGTTCGTGAGTGCCAGTGTACCTTCCATTGTGACCACATCATAGACCATCTGATCAATTTTTTGAGCTCCACGTTGGCGAGAAATTTCTTGCTCTTGAATTTCAGCTTTGACCGAAAGTGCCTGTGTGATTTTAAGCCGTGTTTTGCTGTTAACGGGCGTGTACTTGATTGAATCCTGCCCAAGAATGCGACCATCCTTGATGGTCATGGCAGGTGCGGTTGTCCAAGGTTGATCTGTTTTGTTTGTTAACTCAAGTGAATGCCAAACGATTTGCGGCTCTTCAGGTGATGGCTGACGATAGTTATCGTATGCATCAATGAAATCGGGGATATTCCATGTGTAAATTGAGTTGGCTGGTATATCATTTGTAAAAAGTGGATAGTAGCCACGTTCGCCCTTTTTGAGATCAATCTTGTCGAGCTGATAGAAGTATAGATCTTCAATGGTTTCACCTTTAACCGGTGATTGAGGGGCCGCAGCCATTTCCATGTCCATTGCCATGCCCGCATAGCCACGAGCCTGATTCATCATTGCTGAGCGAGGTATACGTTTACGCATCTCGCGGTTAGACATGATGCTTTGAAGATATTGATTTAGTGGCTGCAGCGTCATTGCGGATTCGGAATCTTGAAATTGAATATGGGGATAGCCTGAAATTAATTCGGTTTCGACTTTTTCAAGATCAATCAAGTCATTCACAACAACAGCTTTGGCTGTAATCGAACCTTGTTGGTTTTCTTCTGTCATACCGGTGATATCAACAACATACGAAGGGCTCCAGGCAATGCCTTTTGCTAAGTAAGTCGTTTGGACTGTTGGTGAGACTCCAGCAATACGGCCCGGCAATATCGTATCAAATTGCAGAACCGGTTTATTTTCAACTTTTTCGATCATCGGCAACGTATCTGATTGCTTGATACGTACAGACTGGATCTGATGCATGTAAATAGCACTAACGCCATTGTCATTGTGTAAATAAACAATATTGGCGTACTGAGGAGGTGGCTGGATTAATGGACGAGGTTCATTTGGGTTTTCGTTTTTAACAACTGGAACGTCAAGAATCGTAGCTTCAATCCATTTTGTTTTATCATCATTACTTCTGAGTTCAATGGCGACCATATTGCCAATATTGGCCCGAATAACTTCATTAATATCTGTCGCGACTGATTGTGTTTTATTGGCTGCATAGGTCGATTTGATATTGCTTAATGCGAGGTTGTTCGTCCATGACATCCAGAACGAACCGAGTTTTGCATTGGGGAATAATGATGTCTGGAATGTGATTGGCTTGCCGTAGTGATCAGGTGTGATTTTTTCGGCTTGCAGCAGATCTGCTTGTGAAACCACAACACCAAAGCCATTTTTGAAAAGCATCACTTTGGTCGGTTTGGATTCTACCTGTATTTGCGGATTCGTCGCTGAATCAGATGTGTCAGGCTCAATCAATGAGTCTTGTGCTTGTAAAGCGGGTGTCGTAATTGTCATCATGCAGAAGGCTGCGAGTAAACAGCCAGTCTGGAATTGTCGTTTGTTACTCGTCAAAGGCATCGTCATCTCCTTGAATGCACTGGGTAACGATAATCAGGTTATATTCTTTGGACGACCCATACGCCCAGAAGTTCCGCCGAGCTTAAGGTTTTTTTAACCCTATCGTTGAACGCATAGTGTGATTCATTCACTGCGGTCTGTCCATGAAAAAAGCCCCACGTACATTGTGAGGCTTTGTGATTCAATAATTTATAGGGTAGCTCATCAGACAAGCAGTTCAGCGATCTGAACTGCATTGAGAGCAGCGCCTTTACGGATCTGGTCGCCACAGACGAAGAGGTCGAGCCCCTTGTTATCAGAACGTGATATATCGCGACGAACACGGCCAACATAGCAGTCATCTTTAAACGAAGCATCAAGCGGTGTTGGGAAGCGGTTCGCTTCACGATCGTTGATAAGCGAAACACCCGCAGCACCTTCGAGAGCCGCAATGGCTTCTTCTTCGGTGATGGATTTCTCGAATTCCAAGTTGATAGATTCGGCATGAGCACGCATGACTGGCACGCGGACGCAGGTTGTGGTGATGGCGGTCTGGTCTCCATTGACCTGATTCCAAATCTTGTGAGTTTCGTGAACCATCTTGAGTTCTTCTTGGTTATAACCATTCGGCTTCATATCCGAGTTGTGGCTAAACAGGTTGAATGCGTATTGGAATGGGAAGATATCCATGGTGACTGGTTTACCTTCGAGTACTTCGCGAGATTGCTGCTCAAGCTCAGCCATTGCAGCAGCACCAGCGCCGGAAGCGGCCTGGTAAGTCGAGACAACCATACGCTTCACACCAGCCACTTTGTGTAGTGGGTTGACAGCCATGAGCATGATGATGGTTGAGCAGTTGGGGTTGGCGATGATACCAACGCCGGGGTTGCCGATCTTGATACCCGCTTCCTTCACGGCTTCAGGATTGACTTCAGGCACGACCAGTGGGATACCGTCCGCCATGCGGAAGGCAGAGGAGTTGTCGACAACAACTGCGCCTGATTCGACAGCGATCGGTGCAAACTTTTTGCTGATAGATCCGCCTGCAGAGAAGAGCGCGAGATCGACGTTTTTAAAGCTATCCTTGGTCAGTTCCTCAACTGTATAGGTTTTGCCTTTGAAGGTGGTGGTTTTGCCTGCGCTGCGTGCTGAAGCTAGAAGCTTAAGCTCAGCAATAGGAAATTGACGTTCATCGAGAACTTGAAGAAATTCCTGACCGACGGCGCCAGTCGCACCAACGATCGCAACGTTAAGAGCTTGTGAACTCATGTTTTGATACCTTCAAAAAGGCTGATTAATAGAAAGTCAATAAAAACAACAGTTTGAGGAAATTGGGCGGGCATTATATCAAGGCTTACTTCGGGAAGCGATCAGCCCCTACCCGTCAATTGCGGAGAATACGGAGATTTACACATCTTGTGACTGACCGATCAATTTAGTTATGAGGCATATTGCTCCCAGATTGTCACGTTCTAAACGATGTAAGTCATTTATTAAAAGTGTTTTATGTTATTTTATGCGATTCCGGTATGAGAGGCGTCTGGTAACTGTGGTATGGATTCTGGGACTTAAGCCCCGCATTTTTTTTTCAATAATTATTCTGACTGCGATCTTAATTTATGCCCAATTTCTCAATGCGGCGCCAATTCGGCCTGTTTATGTCGAAGATTCTCCCGCAGCTATGGAGCTGGTTCAACAGTTTCAAGATGATCTCAATGCAGACCATTTCACTCGCGCTGCTCAATCATTGCAAAAATTGATTGAAGATTATCCAAGCAAGCTAATGACGACAGATACAGATGCGTATCGTGATAGTATTTTCTACGCTTACAAACAGCTGCGCCAAACACCTGAATTATATGAAACGTATATTCGTCTGTATGAACCTGACGCGCAAAAAGCATATGAGGAAGTGAATCGACAGCAGCAAATCAAAGCATACGAACAGCTTCTATCTCGTTTTGGATTTACGCAGGCGGGGCTGGAATCCGCGCTGGATGTTACCGCGATGCATCTTGAGCGAGCTGAGATACAAAGAGCTGTTCGAATTCTTGAGTTCGCCAAGTCGCATCCATTAGTTCAGCAATCTCAAAACCGAGTAATGCAGATGCAGGCTGCCGTGAGTGCGTTGCCCGAAATCTACTCATCAGACGGAAGTGAAATAGCTAAAACGATAGCTCCCGCAATGATCAAGCAGCTTATCGGTGATGGACAAACCCCGCTCTGGGAAACAAACATCAACGATAAGCAGCACGCACTCAGTAATCATGAAGTACAGCAATCACAATGGGCCGTGAACCGCATTGCATTACAACAAGCACTGCCACATCGTGGTGTTCTTGTCGGTAATCAAATTATCGTAAATTTCGGTCAAAGCATTGTCTCGCTTGATCGCTACTCTGGTCGGCGGCAATGGTCATTTCACTACACGCCAGAGCTTAGTGAAGCAACCAAATTTACACTTAAACGCGGTCGTGTCCTGCTCGATACACGAGATATTATTTATAACCAATCTCACATCTTTGGCGTGGTTGGTCGTGCACCAGCATGGGCGAGTAGACGGCAAGATGAAGGTCACGTTACCTCACTTGTTTCAATTAATATTGCTGATGGACAACTCGCTTGGCAGCTTAAACCGTCTGATTTGGCTGACATCGGTCTTGATCGTGCATATCTACACAGCACGCCAATCCTTCAGGACAATATTCTGTATCAGATTGCTGAACGGCGCCCTGCAACAGGATTTCAAGATACTTACGTTCTCGCAATCAATGCCACTACCGGCCAGCTGCTGTGGAAGCGACATATCGCAAGCACTGCTCGAATTAATCGTAATAGTATAGATCTTGTTTCACGCATGAGTTTATCCAATGGCTACCTATACGTTTCCGACTACGCTGGTGTCGTTGCATCACTCAATATTCGTAACGGCAGTGTTCAATGGTTACGCATACTAGATCGTAAAAATGCGATGACAAGAAGGCTCGGTGGAAACTCAGGGACGAGCATTATTAAAATGCCTCCCCCAATTGTAGTTGGCGATAAACTTTTTGTTTTGCCCGACCGCCGTGTTTCATCCGGCCTTATTCTTGATCGTAAA
CP036425.1_gap25	1358027	1360858	2831	ATCATTGTTTACCGGAACAGTATTGAGGTGCTTGAGCTTCAATCCAAACAACCGATCTGGACAGCAATGCATGATGAAATAGATCTTACGAAAAACGCATGGTATCTGGATGGCCACCTTATCGTGTTAGATGATGATGGTATAATGCATGTGTACAACACGGATAACGGCGAAACACTAAGCCGTATTAGCATCGATTCGCTTGGATTTAATCGTCGCGTTGATGTGCAGTATCTTGAGGGGCGTTGGTACATTATGGCAGGCAGCCGTGCACTCGCGATTGATTGGCGAGGTAATATTGTCTGGCGAGATACTGTTGTAATGCCCGGTCGAAAAATCTTTGCATCCCAAGCGATTACCAATCGTTACATCGTCTATCTTTCCGCTCAATTAAACGCCAATGACTTCTGGGAACGAGATCCTTCACGTATCGATCTTGATCAAGAGCAAGGCTACAAATACCGCCTGTATTTCTTGGATAATAAAACTGGTAAGCTTCAATATATCTATCGTCTTCCTGCTCTTAACAAGCCACTAATCACAGAACACTTCACACTCATAGGGAACCGGATTCTCTTACGTAATAAGAATGAAACACTGGTTCTAGGCCCAGATATCTCACAATAAAAATACCCCGAGAGATCAATCTCGGGGTATATGATGAACACAGGTCATACCTTCTGATTAAGCTACTTCAGCCAACTCATGTTTTTCCATTGCCACTTCAGTTACCTGTAAATCATCATCGTCATCGGTTCGATTTTGATCAATTTTGAAGTAACTAATCAATGACTGCAGCATCTCTGCTTTAGATGCAAGTTGTGCTGCGGCAGATGCCGCTTGTTCGGTTGCCGCGCCAGCTTGCTGGGTGACACTTGATATCGATTCGATACTTTGTGCAACTTCCTCGCTAGCGGAAGACTGTTGTTCAGCCGCTGCTGCAATCGTTTGAATCATACTCGCAACTTGACGTGTTTGCGTGACAATATCATCAAGATTCTTACCCGCACCTTCAATCCGATTCGCACCCTGTTCAACTTCGTCAGTACCCTTCTGCATACGTGTCACCGCTTCGCTGGTTTCACGCTGGATTGCTTCGATCGAGTCTGCAATTTCATCAGTTGCGTTCGTTGTTCTGTCTGCGAGTTTGCGAACTTCATCGGCGACCACTGCGAAGCCGCGACCATGTTCACCGGCACGAGCCGCTTCAATTGCCGCATTTAAGGCAAGCAAGTTCGTCTGATCTGCAATATCATTGATCACCTCAATAATCTTGCCAATTTCTTCGCCTCGTTGGCCTAGTTGTCTAACACTTTCAGCACTACTATTGACTGATTTGTGAATGTTATTCATGACATCAATCGTTTGCGAGACCACAGCACCACCCTCTTCAGCAGATTCGCCAGATCGTTCCGCTTCTTGCGCAGCTGATGTTGATTTTGACGCGACCTCATTGATAGATTGAGACATCTCTTCTACAGCAGTGGTAACCTGCATGATCTGCTGGCTTTGTTCATTCATACCTGTCGATAATTCTTCACTCGAAGATGCAATTTGGGTAGACGCGCTCGCTACTTCATGGGTCGCGTCAGTAACTTCAACAATCACCTTATGTAGCCGCTTAATGAGCAGATTAAACCCGCCAGCCAATTCGCCGATTTCGTCTTTACTTCGGATCTTAATCTCGCGACGCATATCGCCTGCTGAGATGAATTTAAATTCATTCAAGAACACACGAATCGGCCGCACAATACTCCGAGTAATTAATACGCAGATTGTAATAGCCATACCCACCGAAATACATGTCACAATAATGTTTGTAAGCCCCATCGTATTTAGGCTTGCATTTAATGCGACGCACGCGCTTTCAACTTCCTCGGTCAGTTTCTCTTTCATGCTGCGAATGGAGTCTTGTGTCGCTGACAATGCACCGTTTGTCTTGCTGTTCAGAATATTCACTGCTTGAGCCTGTGCGACCTCTATCGAGTCTTCATACGCGAGCGCTTTTTCAAAATCTTGTTCAATTCGCATCAATTTTGGCAGCGTAACTTCATTGTAAATAGAGTTAGCTTTTGCGTAATCGCCTTTACTTAAACAGTCATTAACAGTTTTAGCGGATTGATGTAGCTCGCGATGTGGTTCGGTCATGCTCTCAAAAATGACCATCAATTCCGGATTTGTCGCGATATTATCTCTGAAGTAATCACTCTTTTTGAATGTTCCTAAAGCGCAGTCATGTGGCGATATGCCAACGTGAATCGAATTGTTTTCTGCGAGTAAATCTTCAGCTAGACCTTGGGCCCAACGCATATGAGCTTGCTGGATGTCCCACAAATGCTCTCGCAGTTTCTCCGTGGATTGCACCCATACATCATTGATCTCGCCCGCGGAATCATGAACTTTAGCGTGCGACTGACGCAATTGATCCATCTCAGCTGCTAAGGTTGGATTAACCGCTGCGACACGCTTCGCATCCGCGCTATTCAACCATTTTCCAAGACCACATTTCGAGCCATCTAGTTGTACGGTCGTTTCTTCCTGATTTTCCAAGAATAGCTTGTGCAAGCTACTCAACCATTTGAAATGATCTGTTTCCTTTTCAGTCAACAGCTGATTCCAAGCCATATATTCTGTTGCATTGTCTTTGTAAAATTTGACTTGCGATTCTGTAAACAAGCTCACCGCCATTGTCAGAACGATCAAAACAATAATCGCGCTAAATCCCAATGCCAGCTTTCTACCGATAGTTAGTTTCATGTTGCCTCCCATGTTATGCACATGTAAAAATGTCAAATGTAGTATGCCAGTCTACGTATCGCCAGATGAGAGCC
CP036425.1_gap26	1361991	1366355	4364	CTTTTGGTGAAGCACTCAAACCAGAATTCAAAACCTATCAGCAGCAAGTCGTCAAAAACGCAGCCGCCCTAGCAGAAGCTCTCACCAAGCACGGCTACCGCCTCTGCTCAGGTGGTACTGACAATCACCTCATGCTTGTCGACCTTCGTCCTAAGGATGACAGCCTAACAGGTGCTGAAGCTGAAGTTTGGCTCGAAGATGCCGGTATCATCACCAATAAAAATGGTATCCCCAACGATCCACGCCCACCAAAAGTGACCTCAGGCCTCCGCCTCGGTACACCAGCCCTCACAACTCGTGGTCTGAAAGAGGATGATATCCGTCAAGTCGCGGAAATGATCGACCGTGTCCTTGCCACCAATGGCCAGGCAGCTTCAGAAGTAGCCAAAGACGTTCGCGCAATGTGTGAACGCTTCCCAATGCCGCACTAATCAAAGCATTAAGTAAACAGCGAAAAGGCAGAAGCATTCATGCTTCTGCCTTTTTTAATGCATATGCTACCAGTTTTATAGCGTATTTCGTTTTACAGTAATCCGATCTCCCAGCCCTACCTCGAATCGTTTAGCCGCACTTCCTTCTCTAACCGCAATCTCTAGCCGCATGCTCGATCCAATATAAACGATAGCCTCCCCAACCCACACATCCGAGAACGTCCGTTTGATACCGCGAATCATTTCGCCTCCACATACTACTGCGACTTTATCGTCTAATTTTCCAATAGACTGATGCAAATCGTCTTCAGTAATATCACAAAGCAGATTTCCAAAATGATCGATCAAAACCACATGCCCCTCAATGCCTTCATCTTCAATTTTCGGTTCTAATAGTTGAATAGTCTCGATATTGTCGAGTTTATCCCCCATCGCTTCCATCTTAACGCCATTAAGCAAATGTCCCGCAATAGATGCGAAAATATCACGCCCGTGAAACGTGTTGCTATGCCCGTACCAATACTTACTTTTGTTCAACTCAACAGCCCCCTCAAAACCGTAACGCTTGATCGCTGCCGTAAACAATCCATTGTCCGGCCCTATCAGAATTCCTTTTTCTGTCTTGACCGCAATCTCTTTTCTTTTGCTTCCAACACCCGGGTCAACGACAGCGATATGTACTGAAGTGTCGTTAAATACACCCATCGCATCGACCAGCAGATACCCCGCACTGTGGATATTCTGGGCTTCAATATCATGCGTCAGATCTATTATATTTGCATCCTCACATACCCCTGATATTACCCCCTTCATCTGCCCGACATAGGTGTCTTTCAATCCGAAATCTGTCAGCAGTGTTACAATTTTCCCCATTCAAAATACCCTCAGACTATTTGATGGTTAGCCTACTGCTGATCTGCCGACGTAGGCTCAATCCCTAATATTAACTCTCGTGGCTTCGTGTCCGCCATCTCGCGTATTCGTTGCTGTGAATACGTTGCCATTGCGATGTCGATCCCATCAATCCGTGAAAAAATCGAATCCGGCCGATGAGCATCCGTCGCTAAGAACGTATAGTAACCAGCCTCCATCCACCGCCTAATGTTCACATCTGCCGTATATCCCGCTTCGCCTGTAAAACACTGGAAATTACCTTGTAAAAGCACGCCTTCCGCCATAATCGTATCGAGATATTTATCGATTTTTCGCATCTCAGGTAGCCGCTCAGGATGTGCCAAAATCGGCACATACCCTTCTCCCAGCAAATACTCAAATGCCTTATTCACCCATCTCGACCATTTCCCTTCCCAGAAATCAACTAACACATACTTAGACCCCGCCAATGTCATCACCCCGTCCTGTTGCCATTCTTCAATTACTTTCTTATGCAACCGAATCTCACCCCCCGCCCAAAGCTCGTACTGCACCCCTCTCGACGACAGCTCGCCCTTTAATTGCTCCACCCAACGCTCAATATGTCCCGGTCCGTTCATCGGGAACATCTCTCGCCAAATATGTGGCGTACATATCGAACCCACATAACCATGCAGCTTTAATTCTTCAATGATCGCCACGCTCTCATCAACATCCATACAGCCATCATCAACACCCGGAATCAGATGGCAATGGATATCAATCCGACCACGTGGTACTTCCAAAGCTTCACCATTGTTTTGTTCTTCTGACATAGCTTATTCTCTCAAACCACGCGAATCTTCCATCCGTCCACCATGAACAACATTATATCCCCATCATCCTCCCTGCCGTTTTCTTTAACTATGTGCCACCGATAACCGCGACTTCTCTCACCCAGCTCATCTTTTCTATCGGCTCATCAAGCATCACAAAACGTAATGCCTGCAAACAACATTTTGCCGCCCGATCTCGGACCCGCGCCCGATCTCCCCATTGGTTCAATAACGCCGTATAACACCGTATTTCCCCATTTTTTGCTCTCGACGCAATACCGATCCATACCGTTCCCACCGGCTTCTCATCACTGCCACCTCCCGGCCCCGCAATCCCGGTCACGCCCACCCCATAATCCGAACCTGTCTGCTCGATCACACCTTTCGCCATCGCCCCCGCCACCTCTCGACTTACCGCCCCATAAGCTTCTAATACTTCCTTAGGCACTCCCAAACAGGTCATCTTCATCTCATTCGAGTACGTCACATATCCCCCTTTATAGACATCACTCGAACCCGACACATCCGTGATCATTTTCCCAATCAAGCCGCCCGTACAGCTTTCCGCTGTAGCAACAGTTCTATTCGTCCGCTGTAATGCTTGTACCACCGCATCTTGCAGCCGCTCATCATCACATCCAAATACAAACCGTCCCATTTTTTCTTCAATCAGACCAACCGTTTCAGCAATCGCTTTTTCCGCCCCATCCGCGTCCTCATATTCCGCACGGATCCGCACCCCACAAATCCCTTCGCTCACCGTTGTCCCAACGACAGGATTCCGATCTCGCCGCATCAGCTTACCCAATCGCTCGCCAACATCCGATTCACCAAGCCCAAACGTATTCACCTTCTTCGTCAGGATCACACGCCGTAGCGTCCCCATTCCTTCTACCTCATCCTTCTTGCCTATCTCTTGGATAGCCGGCTCGACACAATGCTCATACATCCCCCGCATCTCACTCGGAACCCCCGGCATTACAAACACCGTTGCCCCATCCAACTCCGCCCGAATCCCCGGAGCCGTCCCCCAATCATTCTTAATCATTTCTGTTCCCACCGGCTTCATCGCCTGTACCCGATTCCGTGCCGGCATTTCTCGCCCAATCTTATCTCGAAAATACCCCTCCACACTCGCCAGCATCTCCTCGCTCTGCACAACATCCACACCCATCGCTCTTGCCAATCCTGCTCGCGTCAAATCGTCCTCTGTTGGCCCAAGCCCGCCACTCACCAGAACCACGCACGACCGTTCGCACATCGCCTCAATCACCTCAGCCACAGCACCCAGCTCATCCTCAACCGTGATATGCATCCCGACCTTCACACCAATCGCCGCCAGCCGCTCGCTCAGCCAAGCACTATTCGTATCCACCGTCTGACCGAGAACCAGTTCATCACCAATCGAAATAATTGCAGCATTCATGACAAAAGTTTACCGCCCATCCTCCTTTCCCTCCAATCCCCGCCCCTCCTTCCCACCTGCACAAAACCCCATTTCGCCCTATAATCCACACCATGAGCGATCCAACAATCATTGACGGCAAGAAAGTTTCCAAGCAAGTCCAAGAGCAGGCCGCCCAGCGCGTTGAGAAAATCAAGCAAGCCACAGGCGTCACCCCCTGTCTCGTCACCGTACTTGTCGGTAGCGACCCCGCTTCCATCACCTACACGCAGATGAAGCGGAAACGTTGTGAGGCTGTCGGCATGAAGTCCATGAAAGTGGAACTCCCCACCGAAACCACCACCGATCAACTCCTCGCCAAGATCAAAGAGCTCGGCGACGACCCCGCCATCCACGGTATCCTCCTCCAGCACCCCGTCCCATCACAAATCGACGAGCGTGCTGCATTCGAAGCCATCCCAGCCTCCAAAGACGTTGACGGCGTCACCATCGCCTCATTCGGTGCAATGGCTTTCGACCTCCCAGGCTTCGGCTGTGCAACCCCCGCAGGCATCTGTGACCTTATCGACGCCTACGATATCGACTGCACCGGCAAGCACGCCGTTGTCATCGGCCGCTCACCAATCCTCGGCAAGCCCATGGCCATGATGCTCCTCGCTCGCCACGCCACCGTCACTATCTGCCACTCCCGCACCGTTGATCTCCCCTCCGTTGTGAAGCAAGGCGACATCGTCGTTGCAGCAGTCGGCATCCCCAACTTCGTTAAAGGTGATTGGCTCAAAGAAGGCGCCATCGTCCTCGACGCCGGTTACAACCCCGGCAACGTCGGTGACTGTGATT
CP036425.1_gap27	1369459	1371106	1647	CCGCATCCTCGCTTCAATCCTACGCCGACCACACCAGCCTCCAATGGGTCCTCCTCGCCCACCTCTCAGAAAACAACAACACCCCCGATGTTGCCGCCAACACTCACCTCGACCACCATACCCTCACCACCCACATCGCCTCCCGCCATCAGGTTTCCCCTGCCTATCACATCGACTAATCTCACACCTCATAAACCCCATCCTTCGACCCAAGCGTCTATACCTATACTTACTTCGCTGCCTCAGCCGATATACCCATACATAAAGCCTCCTCGTCATACGGAACATCAGCATGCAACGATCCAAACCCCACATCCTCCCACTCCTTCTCTTCTGCCTCCTCACCCTCTCCGCATGCCAACAAACCACCATCATTCCCCAGCAGGACAAGCTTCTCCCGCCACCCATTAACACCACCTCTTCCCTCTCCACCTTGGAACTCGTCAACAAGTACAACACCAACCTTCGAGAGCTCGATTACCTTCGTTCTAACGTCACTTTCGATCTCAAATACCTCGACGAGGACGGCGACGCCAATCACGAAAACGGCTCCGGTAACTTCTATTTTCAGCCTCCTCGCGACATAACCCTCGTCCTTAAAAAAGCAGGCATCGAAATCTTCTGGGCCGGTGCTAACCCCGAATACTATTGGCTTTTCGATCTCCACAGCGACAAACTCTTCTATGGCCAGCACAAGTTCGCATCCAACCCGCAAACCCTTCAACTCGCCATCCCCATTCAGCCCCAAGACGTCGCCCAACTCCTCGGCCTCCAGCCCCTCGAACCCACAAACGGCGCAAACGTCGACACTATCCGCGGCTACACCGTCCTGCAATTCGTCAACACCAACTTCCGCTACTTCATCAACCCCGACACTGGCCTCCCCGCACGCATCGACTACCTCGACCCTATCACCAGCACGCCCCTCATCACCACGCTCCTCACGCACGACAAAGCCTACACAGATCATTCCCCTTCACCCAACTTCCCCGCTGTCGCCGATATCTACGCCATCGATTCCGACGCCTACCTCAAGCTCCGTCTTCACGACTACACCCATCGCAAACCTAATCCACGTCTCTTTGATCTAAACGCCATGATCAAAGTCCATAAACCCAAAGAAATTCTTCAGCTCGATGCTGATGTCCCCGGCTCTGATCCTATAACTAACTAATAGTTAGTCCGACCACCTCCAAAAATAAAACCCCGCAGATTAAATCGACGGGGTTCTGTTTTTTATTGTCGGGCACGTCAACGATCACCCACAACCACACCCATTATTACCGTTACCTTTACCGCACGATTCCTGCAATACCCTCAAACTCCGCGGCAAGTTGAAATGCACATCCTCTTCCACAATATGCGATTCATCCACAAGCCCTTCATACTTTTCAATCAATTCTTTAACGATCTCTTCAACCAGATGCTCCGGTGCACTCGCACCCGCTGTGATTAACACACTCTCCACCCCATTAAACCACACATGATCAATCTCTGAAACATCATCCACCAGATAGGCTCGCGTCCCCGCATTCTCACTAATCTCCGTCAGTCGTACGCTATTCGACGAGTTTTTCGATCCCACCACCAACACCAAATCCGACTCCTCAGCCAGTGCTCTGACAGCTAACTGACGGTTAGTCGTTG
CP036425.1_gap28	1372656	1375210	2554	CGAACTCATCTCTGATACCCGCACACTCGCACCAGACCAACAACTCGCACTCAATGACGATCTGGACACAATCTCGCAGCTTCTCGAAGTCATCGACGATCGCGAAGCAACCATCCTCCGTCTCCGCTACGGCCTCGATGACCACGAGCCTATGACGCTCAAAGAAATCGGCCAGCACATCGGCCTCACCCGTGAACGCGTTCGTCAAATCGAAATCGAAGCTCTCAAAAAACTCAACGCCCGCATGTCCTCCAATCGCCCCCTCGCCGCCATCAAGGCTCGGCAACAATACCTCCAAAAACAAACCGCCTAATCCCCCCCCCTCATCCCCTCCTCATCAACCCCACACACCTCAGAAATACTATAAAAACGAATCGTACTCCGCAGCACGTCTAATCATGACATAGACGTGCTGTTTTTTTATCGCAACTATCCTCCTCCCACACATACCATTCTCTACAACATCCATCCACAAGCCCCGCACCGCCGGTGCGGGGGTGTCGCCCCAACCGCGTTTATAAAAACAATTCGCAACTAGCCGCCGCGACACTTCGCTGCGCGTTCTTCGCCCGCCACCCCTCGCATTCTTCCTAGCATCCCCACACTTTAAAACAGCAACATCTCGCTCCGCCTATCTGAGAAGGTACACCCATTCACTCATCAAGCCCCAAAAAATCCTCACGCATATCCCTTAGCGCCGGAAACCTCCCCCGATACTCATCCAAAACATCCAGATCAATATCCCACATCACTAACCCCTCATCTTCGCCGCCGTCCGCCCGGATTTCGCCCAGCGCATCAATCACGAGACTCCGCCCGTTGTACGCCAAAAACGGGTCATCACCCACCCGATTCACCGCCACCACAATCGCCTGATTCTCAATCGCCCGCGCCTGATTCAGTGTCACCCAATGCGCAATCCGCTTCTCAGGAAAATTCGCAATTACCGTGATCACCTCCGCACCCTTCGCCGCTCCATGCCTGAATATTTCCGGGAACCTGACGTCATAACAAACAAACGGAGCCACCGTCAGCTCACCCCATTTAAACGTCACCACCTCATCACCACTGTTATAAAAATCCGTCTCCTGCCCATACGAAAACGGATGGATCTTTGTATACCTGCAAACTTCTTCCCCCTCAGGATTCATTACCACACACAAATTAAGCCCCTTCCGATTACCATTCGGCCTAGGATCCCGCTCCACCAACCCACCCATCATGTAGACCTCATACTTCCTCGCCAGCCGTTTCATAAACTTTTCAGTCACGACCTCATCACCCTCTGCCGTCTTATTCACCTTCAGCGAAAACCCCGTACTAAACATCTCAGGCAAGCACACCATTGCACCCTTCTTGATCTCCCCACACCGTTCATCCAGCAGCGCCTCCACCCTCTCATAATTCATCTCACGATCTTCCCACGCGATATCAAACTGCACCCCAATAACCTGCTGCGTACGATGTTCTTTGGTCTTACTCATTCCCATATTCTACAGCCATCCCCCCCCATCCAGCCACCTTTCCACTGACTTCAATCAACCTCCCTATCCCTCAAGCCCGCCACCGCTGGTGGCGGGGTGTCTATCCAACTCACTTTCAAATCGCCAATTCGAGTCCCGCGCATACGTCCTCTACGCAAACCCCATACCAAACCACCAACAAAAAATTCTGTGCGCAAAATCGCAAAAATACCCTTTAAAACAACTCCAAAACAGATTCATTTCTCGCAATAGCTTCTCAGAATCGCACTGTTTCTAACCAGAACACACACAAATCAACACCAAACCGATAAGGGTAAATCACGAAAAATCAAAACCTGTGCGCACAAACGCGCCGCGCATTTCCCGGCAGTATTCATAACCTCATATTTTTCACTTCAATTTCACATTTTCAATCTCATTCGCCCCAATCCCGCTCATCTCAAATCCCATATTTCAAGCACACACAAAACCACTCATTCAACATTTCATGCGCACAAACAAAAAAAGCGGTAACTTACGTCACCGCTTTCTCAATCTTGATTTCAATTAAGCTTACTTTTTCACAGTTTTATAAAACGGCAAGCTCACAACTTCTGCTTCAATCTCCGCACTCCCCAAATCAACCGTCACCTTATCGCCCACATTCACACTTCCCGGCTTCACATACGCCATCGCGATCGGACAACCCAGCGTTGGCGACGAACAACCGCTCGTCACAATTCCCAAATCCCCAACACCATTCTTCACAACCATCCCCTGACGTGGTGTGCGTTTGCCATCAACCTTCAACCCGATCAACGTTTTCTGTAATCCCGCTTCCTTAACCTTTTTCAATGCATCCTGACCGATGAACTTTTCGCCCATCTCGTCTTCGTCTTTGTCCAAACTCACCGCGAAATCCAAACCCGCCTCAAACGGATTCGTGTCTTCATCCAATTCATGCCCATATAACGGCATGCCCGCTTCCATACGCAGTGTATCACGCGCACCCAAGCCGCAAGGTTTTACATCAGCATCTGCGCTCTTGTCTTTTAGCAACAGCTTCACCGCCATGCTGGCCATGTTTGCAC
CP036425.1_gap29	1442113	1443427	1314	ATCGCACTCAAATACGATTCCAACAACATGCGCGCCCCCACCGTCGTCGCCAAAGGCGCCGACTTCATGGCCATGCGCATCCGACAAATCGCCAACCTCCACGATATCCCCATCATCGAACGCAAACCTCTCGCCCGCGCCCTCTTCGCTACCTGCGAAATTGGCGACGAAATCCCCGCAGAACACTACGCCGCCGTCGCCGAAATCCTCGCCTACGTCTACCGCATCTCCTCAGGTTCAAAACAACCCGCCATGGCAACATAACCAAACCCACACGTTTCGCGTGTGAACGAACGCAATACTGAACCCTTAACACACAAACCTAAAACTAAAACCCCTAACGCACAATGCCCCCAGTTCAAATCACACTCAACAACTTCATCAACCAACTCAAGCAGCCCGAAAAGCTGCGCTCGATCATTGTGCCCATTCTCTTCGTCCTCATGCTCGGCGTCGTCATCGTCCCCATCCCGCCGGCGCTCATGGACGTCTTCATCTCAGCCAACATCGCACTCTCAGTCCTCATCCTCCTCACCACACTCTACGTCGAGCGCCCCCTCGACTTCTCCGTCATGCCCTCCCTCCTCCTCGGCACGACACTCTTCCGACTCGTCCTCAATATCGCAACTACGCGTATGATCCTTTCCGCCGATGCCGCAACACCCGATGAAGCCACCGCTGTCGCCGGTGACGTCATCGCTTCCTTCGCCGAATTCGTCGCAGGTGGCAACGCCGTTGTCGGCATCATCCTCTTCGTCATCCTCATCATCGTGCAGTTCGTCGTCATCACCAAAGGTGCAACACGCATCTCCGAAGTCGCCGCGCGTTTCACCCTCGACGGCATGCCCGGCAAGCAAATGGCCATCGACGCCGACCTCAACGCCGGCATCATCTCCGAAGAAGAAGCTAAGACACGACGCGAAAATATCTCACAAGAAGCCGACTTTTACGGAGCTATGGACGGTTCCGCCAAGTTCGTTCGCGGCGACGCCATCGCCGGCATCATCATCACCGTCATCAACATCCTCGGTGGCTTCGCCATCGGTATGGCCATCAAAAAATGGTCTTTCTCTGATTCCATCGAAGTCTTCACCATGCTCACCATCGGTGACGGCCTCGTCTCCCAAGTCCCCGCATTCATCATCTCCATCGCCTCAGGCCTCATCGTCACACGCTCTTCCTCACGCAACGATCTCGGCACCGAACTCACCACGCAGCTCACCGCTCGCAAAGCCGCACTCGGCATCACCGCCGGTTTCCTCGTTCTCCTCGCCTTCACCGGACTCCCCAAACTCCCGATGCTCACCCTCGCTT
CP036425.1_gap30	1448831	1452194	3363	TAGCTGGGCGCAAAACAATCGATCAGGCGATTATCAATGCACCGGGCGGCTTCGAGTTGATCCCAGGTGCATCGGGTTTGGCGCAGATCGCGAACTTATCTGACTTCGAACGAGCCCGTCTGATGCAGCAGATCAAGACGCTGGAAGACACGCGGGACGTGATCATTATTGATACGGGTGCTGGGGTTTCGCCTAATGTGCTGGGATTCTTGGCAGCGGCAGATGAGATCTTACTTGTGACGACACCTGAGCCGACGGCGATCACGGATGCGTATGCATTGGTTAAGACGCTATCCCGAAAAGTCGATATGACTGGCACAGGCCGAACTGGATCGCAGGTAGGCGGCGCAGCAACCGGTGAAACAGTGATCCCTACGGGGAGTGGCCTGAGAATCTTGGTGAACATGGTGCGAGACGAGGCTGAGGCCAAGATTATTTACGATCGCATCTCTGCAGTTTGCAAAAAGTTTCTAGGAATATCGCCAAGGTTTGCCGGGCACATTGTTTCGGATCCGAGGGTACAGCTCTCGATTCGTCGCAGGAAGCCGTTCACGCTGGAGTCACCGAATACGATGGCTTCGAATTGCATGAATCAGCTCGCCCACCGCATGGATCGGCACGCGACCGAGCCACCATCCGCAGGATTACTAAAACGGATGGCGGCATGGCTGGCAGGTTGATACATCTCACGTAAGCGCTTCCCGATAACGGGAAAACAAAGTCGTAATTTTTTGATTGATACCCACTTGGGTACTTCACAGCGCGCGCGCCAGGCTTTAAAATGAACTCTGTTCTATCTCCCTCCTCCCGGGGAAGATATTATCGGCGACGGAAGGAACCGTTGGTCGGTGAATGGTGTTTGTTAAGTTCCCGGATTGATTGCCGGGCTTTGTTGAACTTTCCGTTGAAAGTTTGACTGAACAGGGAGGGAATTGTTTGGATCATTCTGATCATCAGGCATACAAGGACAAAGGAGTGTCCACTATCCCAGCTAGAGTCATCGCAACTTCATTCTCACTTGTCGCGTTTGCATTGTGTCTGATCGCGGGCACCTATGCAGGTAATGATTATGCGACGGTGCTGTCTCGCTCGATTATGGTGATGATGTTGACATGGATTGTTGGCCGCATCATTGGAACGGTGATGCAGGCAACGGTTGAGGATTACATCAATCGGTATAAAGTGGCGAAACCCGTACCGGTCGTGGAATTGTTGTCGGATGACTCGGCGGATTCAGAGTATGCGAAGATGGGTGAAGAAGTCACGGTTGATGTTGATGAGGAAAATCAGCGTCTATCGAATGACGACATCGACATTGAAGAATTGCTCAATGCGGCGTAATGATTAGCAGGTTCGCGAGAATTCGTTTCGCAAAGCGCTTTTGACTTTTAAATTGAATCATCATCTTTGAATTTTTTCTGCGCCTTCTTATTTCTTTTTCTCTGACTCATGTCACATTAATAGCCGCACGGATGGGCAGCGGCCACAGCCAGGTCAAGGAGTAGACAATGGCAAGAATTCGATCAAGATCAATCACGAGAAAGCCTTCGCCAGAAGCAGAAAAACGCATCAAAGAGGTTTGGCAGATCTATAAGACCGAGGGTGCGACTGAGCCGCTGCGTAATGAGTTGATGGAGCATTATTTGCCGCTGGTGAAATATAATGCGGAGCGGATCCACACCAAGTTGCCAGACGAAGTGGACGTAGAAGATCTGATGTCGGCAGGCATCTTTGGACTCATGGATGCGATCGATGCGTTTGATCTTTCACGCGGTGTGAAGTTCGAAACGTACTGTGCTCCGCGTATCCGTGGGGCGATTTTGGATGAGTTGCGATCGATGGACTGGGTGCCGCGTTTGGTGCGGTCTAGGTCGTCGCAGGTGGATCAGGCGCGAAAGCGACTTGAGATGGCGAGCGGTCGCAAAGCCACGCATGACGAATTGCGTGAAGAATTGGGTGTGGATAAAGACGAATACGAAAAGATCAGACGTGATGCTGGTGCGGTCGGCGTTGTGTCGCTGTCACGTAAATGGTTTGAAACTGATTCGAATAAAGATGTGCGCGAGATTGATGTACTCAAAGATCAGAAGCAGATCAATCCATTGTCTGCTGTACAGAAGCGCGATCTGAAGGATATGATCACCAAGGGTTTGACCCGGGCTGAGCGATTGATCGTGGTGCTTTACTATTATGAAGAGATGACGATGAAGGAGATCGGCGTGACGCTTGACCTCTCCGAATCTCGCGTATCGCAGATGCACTCATCAATTTTGGCGAGGCTCAAAGCGCAGCTGCAGCATCGTTCAGTTGAATTACAAACCGAATCAGCATAATCCCCCTCCCGCTTGTGATGTGTTTTCTCTTGGCGGTTGGGTATGGAAAGAACAATTGTGAAATAAGACTGCGGCTGTGATGGCCGCAGCTTTTTCATCTGGTATGTCATGTTGGATCATAAAATATAAAGATAAAAGCATAAGGGGTTGGCGATGAAAATCAGTTTAAAATGGTTGCTTTGGTTTTTGATTTTTGGTGTTTGCTGTACGGCTTTGATTGTTGGTTTCGCATTGCGGATCGTCGATCACGGGGCTTTGGATGGTTGGGATCTCATTCAATTGGTGGTCTTTGGTGCGGTGCTTGTGGTTGTTTTTGTGAGATTGCTGCGAGTGACAAGGAGAGAATTTTTCGGGGCCAAGGCTTCGGATGGGGGGCAGGGTCGATCTGAATAGATGGGACAGCGGAAGCGATTGCGTGTGGTAAGATTGATGGATTGAATGCTTGCAGCGGAAGGCTGCGTCTTGTGGTCTGGTTTTCACTCAGCCCCCTGATTGCATTACAATATGCGATCTTGTACGCAAATACCGCGATTATTGCTTGTGATCGCTTTTCAAAGGATTTTGTCGCTGTGCCGAATATTCAGAAACGCATCGAATCGATTTTGTCTGACGCTGTGGTGGCCGCATTTGGGCCTGAGCATGCTGACGCAGATCCGCTGATCAATCCGACCAAGGACCCGAAATTTGGCGACTATCAGGCCAATCTTGCGATGGGGTTGGCTAAGAAATTGGGACAGAAGCCGCGTGATATTGCGACGGCGATTGTTGAGAAGATCGATGCAGATGATCTGTTCAGCAAAATTGATATTGCTGGGCCAGGCTTTATCAATTTGATGCTTACGCAAGAGACGGTCAATCAGTCGGCAGAAACGATCTTGGCAGATCTTGATCGGTTGGCGGTCGCTGAAGTGGATGAGAAGCAAACGGTCGTCGTCGACTTTTCCTCGCCTAACGTGGCGAAAGAAATGCACGTTGGGCATATTCGGTCTACGGTGATTGGCGATGCGCTGGCAAGGATTTTTAAGTTTTT
CP036425.1_gap31	1552356	1556239	3883	GAAACACTCGCCGAAATCTCACTCGAAGAAGTCCTCTCAGGCTGCGAAAAAGATATCGACTTCACCCGTCAGGATGAGTGTGATACCTGTCATGGCTCCGGTGCAAAGCCCGGCACAGATCCCACCACTTGCTCAACCTGTGGCGGCAACGGTCAAGTCATGCAATCCGGCCTCGGCGGCATGTTCCGCATGGTCGCAACCTGTCCCGACTGTAACGGCCAAGGTAAAGTTGTTAAAGAACACTGCCCCGATTGTCGTGGCAAAGGACGCATCCTCAAAGACCGCAAAATTTCAGTCAAAATCCCCGCGGGCGTTCACGATGGCCAAGCCGTCCGAGTCGGCGCAGAGGGCGAACCCGGACTCAATGGCGGCCCACGTGGTGACCTTCATGTCGTCATTCGTGTCGAGCAGCACAGCCTCTTTGTCCGTGATGGCGATGATATCATCCTCAAAATGCCTATCAGCTTCACGCAAGCCTCACTCGGCGCCAAGGTCGACATCCCGACCCTCGAAGGCGAAGATGAAATCACGATCGGCGCAGCTTCGCAGCATGGTGATGTGATCAAGATTTCTGGAAAAGGACTACCAAACTTACGCTCCGGCCGCCGAGGAAATCTCCTCGTCGTTCTCCTGATCGAGATTCCCAAGAAGCTCACCGATAAGCAGGAGCAACTTCTACGTGAGTTTGCTGAGACAGAGGATCATGATGTGCTTCCGCATACCAAAGGTTTCTGGGAGAAGATCAAAGAGCACCTTGGCGCCTAGCACGGTTTAATCACCAACATCACTCGGTAGCACACTGATAAACGCAACATGACCACAAACCCGCAAATTTCAACAAGAAACGCCGTTCAGAACCCAAAGCGCAGTACCGCATATAAGTAATACCTGACAATCAAAACAAAATCGCCTGATAAAGTAGCTCAATTATTTTGGCTATACTAATCAGGAGATAGACGGCAGATAATGCCATCAATAAACTTAAAACAGCAATGAGGCTGATATGAGTCACGAAGACATAAACAACATGGAAGAACCACAGGACGACAACTTCAAGTTTGAAGGTAATGATAATCCTGAGGAGCAGTTCGACACCGAGGCCGAAGGGGAAATCGAACTGACCGAAGAAGATAAGCTTCGTAAACAGTTGCAAGAGCTTAACGATAAGTACCTGCGTACGGCGGCGGATTATCAGAATTATGTTCGTCGCGCTGAGCAAAATGTTGGTGTGGTTAAGGAACAGCAGGTCATGAGTATTGCTCGTGAACTGGTTACTGTACTTGACCATTTCGATCGTGCGGTTGAAGTTGATAAAGAGAAGGTTACGGTCGACGATCTGCTTGGCGGCGTTAAGATCGTTAAGGATGAGCTTTTACGTTCAATTGGGAAATTTGGTGTTCAAAGAGTTGAAGCTCAAGTGGGTGAAGAATTTGATCCGAACAAGCATGAAGCGATGATGCGTCAACCAAGCGAGGAAGTTGAAACGAATCATATTGTTCAGCAGTTCCAGCCGGGATATGTGATCAACGATAAAACGATCCGTCCGGCGGGTGTGATTGTCGCGCAATAACGTGGTGTGTAAGTGTTGGATTAAAAGGTAGTTGTGAGTAAAGGATATTGCGATGCCGACGTATGATTATGTTTGTGATAACTGCGAGCATGCGTTTGAAGAATTTCAGATGATGAGTGCGAAGCCGCTGAAGAAATGCTCTGAATGTGGCAAGATGAAGTTGCGCCGGTTGATCGGGGCGGGGGCCGGGGTGATTTTTAAGGGCAGCGGTTTTTACGAAACTGATTACAGATCAGAAGGTTACAGCAAAGATCAGAAGGCGGCAAAAGACGCAAAAAAAGCGGATAAGAAAGAAGCTGCGACGCCGAAATCTGAGAGTAAGAGCAGTGATTCAGGCAAGGCGGATAAGCCTGCGGCGAAGAAAGAATCGACTCCGAAAAAATCATGAGTTGATCGAATAGATAGAACATATTGAAAGCCGCGACAGAAAATGTTGACGGCTTTTTTATTTGCGCATGTGCGCACGTTTTGGGTGCGAGACGTATTTCGTGTCTGTAAATCTATGGAATGATCGTAGTTACAATTCCAATACAGCCACAAGTGCGGATTTCGTTTTGATGCGTTTTGGGGCAATAATTATGTGTTTTTGAAAGAAATAGCCAAGGAATTGTAAAGTTTAGCAGGTAATCATTAATCCATGTATTGTGCAGTCGTTGATTAGACGGAAGTAGCTGGCCAAATTTGCGCACAAGTGTAAATCATGGCACATTTTAAATTGATCAATACGTGATTCGTTTTGATTCATCATGCTTTTTACTGTGAGTGTTTATTGGTAAATGCTGCGATCGGTTGGATATGTTCGTGTTCGCCGTGTTGTATTTGAAAAAAGCGCATGGTCTATCAGGTCAGTTGTTATCCGAGCTATGGTGGATTGTCGTGTGTGGATTTTCGATAGTGGGTATTAGATGTAAATCATAAATTTTCATTGACAGTGTAAGACGGTTTCGATAAAAATAGATAAAGATCATTGATTGAATAAATGTAAATTCGAGTTCCTTTCAAGTGAAAAACATCAATGATTTGAGATGTTGTGGGATTCATTGTCTACCGATTGATTGAATTGTTTTTAATAGAAGATTGAATATGAAAGCGTGACGCAATGTGTTTGCGCTCATGCATTCTAACCCTGTTTTGGGCTTAGCAGATGTTTCTGCTGAGTATGTCTGTGTTATAAATTGAACTATTCTATGAATAAGGATGCTTGAGATGAATAGAGCGAGGTTATTGTATGGATTAAAATACGGCTTTACATTGATCGAATTGTTAGTGGTTATATCAATCATAGCATTACTAATTGGTATTTTACTGCCCGCGCTTGGGGCGGCTAGAAAATCAGCCCAAGATGTGCAGTGCATGTCGAATGTCAGGCAGGTTGCGATTGCGGCGGCAGCGTATTCGGTGAATTATGATGATTTCATTGTTCACATGAGCAATTTTTACGAGGTCAGCGGCCAGTCATGGTGGAGTCATGGTGATTACTATTGGTCGAGTGCGTTGACGATTGGTGGCTACGGATCGACACGTGAGATGTATACATGTCCATCATTTGCGGAGCCGGACGATAATATATATTCAGTGCGCTATGCAAGCATGACGGATAAGAGTGATGATAAATGGCGTAACGTGGATTACGGTGTGAATTGGGTGACATTGTCCGGGCGGTTTATTTATACAGACGAATCGATGGAGGCTAGGTATTTGCAGTCCTCGCGGTATAGTGACGTTAAAAATCCGACGGAAACATTGTTATTTGCGGATAGTTGGTATGACATGGCGGATCCAAATTCACGATATCATTGGCCAACGATATCGCAGCGAGGATCGGGTGTGATCGGGAGCTTGCCAACGGAATGGGGCGGGGTGCATGGTCGACATAATGCGGGCTCGTGCAATATTGGTTGGGTGGATGGGCATGCTTCGTCGGTTAGTTTCCCCGATATCTACTTGGATAAGAGTGACCTGAGTAAAGGGCCTTGGGGAGAGGAACAATTGGGATATATGTGGTCATTAACGAGTAAGTCTGATGAAAATGTTTGGGATTTGGATTAAGCGGCATGGCGTGCGGATGATTGTGTCGCTATAGGCATTGGGTTATGAAATTGAATGGAAGGTGATCCGTACAAATAGCTAACAGAATAATTGTGGGGTTTATCTTTTGAATGTATAGTGATGCGTGAAGTCATTCTTGGATATTTATGAAAGGTCCATGATGGAGCGATTCAGGCATCATAGTGGTGAGTGTGTTGTCGTAGATGGTGCGAAAATATATTACGAGCAAACAGAAGAAAGAGATGGTTTGCCTGTTGTATTTTT
CP036425.1_gap32	1726108	1729194	3086	GATGCTAATTGTTTTGATAGCCAGGTGGTGAAGGCCTGGATATTTTTGTCGTGACGTTTGCAGTAAGACCACTTTTGGTGTTTGCGAACGGTGATGAATCCGGCTTGCTTGAGGATGTCGAGGTGGCGGCTGGCGGTTGGTTGGGCGATATCCAGTGCTTCGGCGATAAGTGTCATGCATACACCAAAGTTAACGGGGTCGGCGGACCATTGATGTTTGAAGTGCCTGCGTGGTTTGGCGAGCAGTTTAAGGATTTGCATGCGCGGTTTGCTGGCGATGGCTTTGATTTGTATTGACCGATCCATAGCGTTTATTATATAGTCATATCGCTAAATGACAATATGAAAGTATGGTGCTTATGCTTGAGTTACAGTATGAATCGGTGATTGATGGGAATGTCGTGCGGTGGGGGAAGATGGCGTGTCGTGATAAGAACAAGGGAAAAAAAGGGGGGGGTCAGGGGGGGATGGCGTTGATTGCGATACATGGGACGCCGTTTTCGTCACAGGTATGGCGGCGGATATTGCCACATCTGACGGGACGATTTACGGTTTATTATTATGATCTTGTGGGGTATGGGCAGTCAGAGATGCGGGAGGGTCAGGATGTGTCGTTGGGTGTTCAGAACGGGGTGTTGGCGGGGTTGATAGAGGAATGGGGGTTGGAGCGGCCGCATGTTTTGGCGCATGATTTTGGTGGTGCGACGGCGCTGCGGGGGTATTACTTGAATGGTTTGCGGTATGGTTCGTTGACGATTTTTGATGCGGTGGCGTTGCCGCCGTGGGGGTCGGCGCTTGTCCAGCATGTGCGGAAGCATGAAAAGGCGTTTAGTGAGATGCCAGGGTATATGCATGAGGCGATGTTGCGAGCGTATTTGCAGACGGCTGCACATCGAACATTGTCGGAGGAGGCGTTTGAGATCTATAGCGAGCCTTGGCTGGGGGAAGTGGGGCAGGCTGCTTTTTACAGGCAGATCACGCAGATGGATCAGACGTATACGGATGAGGTGCAGGGGTTGTATGGGAAGATGGATTGCCCGGTGAAGGTGTTGTGGGGGGAGCAGGATGAGTGGATTCCGTACGGGAAGGGGGAGGCGTTGGCGGCGATGATTTCGGAGTTGCCGTGTGAGGTTGTTCGGGATGCGGGGCATCTTGTGCAGGAGGATTGTCCGGAAGCGATTGTGGCGGCGGTGTTGGGAACGTGGCTGCGGAAGAAATAATTGATTGCAGGTTGATGATCGCTGAATTGTGCAAACACCCCATGACCAGAGGTCATGGGCTTGAAGAAATCTGATTGGATAAGACGCAATAGGCAAATGGGTATTGATGCATGAAAAAACAACCTCGCAATGCGAGGTTGTTTTGGTTTGTTTTTGGTTTTAGAGGGGAGAAGGTTTAGCCTTCGAGGGTGCGAAGCCCCATGCCCATTTCGGCGAGTTTTTCTTTGATCTCGAGGAGTGAGGTCATGCCGAAGTTTTTGACGCCCATGAGTTCGGCCTCTGTGCGGAGGACGACGTCGCCGATGCATGAGACGTTGAGGAGTGCGAGTGCTTTGCGAGCACGTACGGAGAGGTTGAGGTCAGCGATGGGGCGTGAGAGCATTTCGTTGTCGCCCTGTGAGTCTGCGAGTTGTTCGTAGACTTGTTCTTTGACGGCTTGCTGATGCTGCTCGACGGATTGGCCGAGACGGAGGCCTTTTTGTGCGAGCATGGCTTTGATCTCTTCGAGAGATGCGTCGCCGAAGTTTTTGAATGAGCGTAGTTCCGCTTCGGTGACTTTGAGGAGGTCGCCGAGGGTTCGGATGTTCATTTTGCGGAGCGCGTTGCGTGTGCGGACAGAGAGTTCGAAGTCGGTGACAGGCGTGTCGAGAAGCACCATGTGCTTTTCGTTGCGCTTTTCGGCTTCATCATCGATGATCATGGCTTTGGAAGCGATGATGTCTTTGATGTAGAGCGAAGCGCGTGGGTGATTGGGGCTTGTGGCGAGAACTTGGCGGATGCATCGTTCTGCTTTGGAAAGCTCGTTGCGGTCTTCGTAGAGAATGGCGAGGTTGATGAGTGCGTTGAGGTGAGGCTTGTCAGCTTTGATGCACTCTTCGTAGAGGTGTAGTGCTTCGTCTTCTTCGCCGGTGACGTCGAGGGCGTAAGCGAGACGGAAGCAAATGTTGGCATCATCAGGGTTCGCGGTGTAGGCGGCCTGGTATGCTTTGATAGCGGCAGGGCGGTCGCACTCGGTCTCGGCTGCAAGGCCTTGCTCGTAGTATTTGGTTGCGGTTGCGGAATCGATTGCCTGTGCGGCACCGAATGTTGCATCAGCGTCTGTCATAGTGATTTAACCCCTGAGGTTAAAAGTGTGTTTATATTTTGGTTTATAAGGATGTAAATGATAATCGTGTGCGGTTTTGGGGGCAAATATTGGGGGTTGGGGAGAAAGTGGTGGATGAAGAGATTATCGGCTTTCAGAGGTTTGGTAGATGAGTGAGAAGGGGTCTGAGGGGTGTGTCAGGTCGATACTGCGGCGGGTTTTGGGGTGAGTGGTGTGAGATCAGGTAGGGGAGGAAGATGGGGCTCAAGGGCTTGAATGGTGGATTCGGGGCGTGGGAGGTGGCACCAACGGAGGTATTGGTCTGTGGATAAAGGCTTGCGTTTTGGGAGGTTGGCGAGGCAGGCGAGAGCGGATTTGAGGAGAACGAGAGGGATGCGCCGGCGGTGGTTGATATTTTTGTAGCGGTTGTAGATGGTTTTTAATTGGTTGAGGAGGACAGGGGGGATGCGGGTGAAGGGGACGTAACGGGTGGTGAAGAGGAAATTGTTGCGGGTGTGGAGGTCGGCTCGCCAGAGGGGGGAGTAGGGGGTGGATGCGGATTGAGGTGTTGAGGAGGGGGTGACGGCTCGTGGGCCGGGGTCGTGGTTGATGGGGGCAGTGTTTGCGAGTGCGATGAGGAAGCCACGTTGGAAGAGACGTGTGGAGAGGTCGGCGGCTTCGGTGTACATGGCGAGGTCTTCACGGAAGCCTTGGGCATGGAGGTAGGCGTCGCGGCGGTAGAGGGAGGTGGACTCCATGTATGCATTGAGAAGTTTGGGTGAA
CP036425.1_gap33	1737026	1739595	2569	GAGTGATAATGATGGACGCGATTGGCGTGAGCAATCAGTCATCAAAACTGCGGACAAGGATGTCGATCTTGGTGATGGGCATCTTATTGAATTGCAGGACGGCGTCTTACTGTTTTCTTATCGATACAATTTGTACCGAGGTGTGTATCAGCATGAGCGATCGTATCGTATTGCTGTTTCTGCGAGTCGGGATGAGGGCAGAACCTGGAGCGATCATTCAATAGTAGCGGAATCGAATATTGGGGATAGCCAGGTGCAGGCAGGTTTATGGGCGAGCTTCTTATATGAAGATACCAAGGGTAATGTTTTTTGTTTATACGATGACGAGGAATGGCCAAATCGAATAGGATTTAAACGTCACCAGTGGGTGACGATGAAGAAACTGAATCGTTCAAAGAAGACATGGGGGAGGCCACGGATCGTTGGACGTGCCTCTAACAAAAAAGAACTTTCAAGAGATGGCATGCCTAGTGCTGTGTCATGGGAAAATGGCGAGGTGCTGGTCGTTTTTGAATCGGTTGATCCTAATCGGCCGCATGCGAATGTTATTAATGCGACGCGATCGTATAACGGCGGCGCTTCATGGAATTGGCGAAAAAACCGTGAGGTTGTTTATCGAACGAAGGTAAAAAACCATTTGGCGATATCGCCATGGATTACGCGCATCGGTGAGGATGGCGTTATCTGCGTTTTCGCGACGGATGAAGATGAATCGAAGGCAAATAGATCTGGAACACCTCCTCATAAAATGAGAATGAGCTTGAAATACATATTGAGTGCTGATCGGGGACGGACATGGAGTAAATCGTATCGTTTGAATAGTGAGGCCGGTAGTATTTATAAGCCGGGAGTTGGCGTTGTGGGTCGTACAAAAAAAAACAACGAAGCTGAAGTATTAGTTATGTATCAAGATTTCAAGAAGAATGGCTTTTTTTCATTTCATGGACGTATAAAAAGTGAGGCCATAGATAATGAGTAATCTTTTGATATGGTCAAAGCGTGTTTTACTGATCGCTGTTGTTTGCCTGTTTGTGGTTGTATTACTAGCACGGATTGGTGGTAATTCCATGGGTGGAGGCAAGGTACAGATTCGGTGGTGGAATATGTTTGCTGGACCAGATGGGAAGCATGCATTAGGGATGGTTCGAGCTTTTAATGAATCGCATCCCGAGGTACATGCCAGTATGCAGCGGCTGGAATTCAATACGTTTTATAGTAAAGTTTTTGTTGCTGGGCTTGGTGGCAGGTCGCCAGAAGTATTTATTGTCCACTCAGATTTATTGCCTCGTTTTGTGCAGGCAGGGCTTGTACGGCCGCTAGATGATTTGATTGCGGAGAGTGGGATCAGTAAGCAGGATTTTGATCCAAATATATTTGAAGCAGTCACTTTTGAGGACAGCGTTTATGCGATCCCGTTGGATATTCATCCGATGGGGATGTATTACAACGCAACGATGTTTGAGAAGGCGGGTGTTGTCGATGAGAATGGAACTGCTAAAGCGCCGGAAACGGGCTTAGAGTTTTTAGAAGCAATAAAAAAGATAACAAATATTGGGGGTAGGGCATTTGTTATTACATGGGCGCGAATCAACATGTATACGATCATGCAGCAGTTTAATGGACGCATGTTTAATGAAGATTTTTCAGTGTGTACTTTAAACAGTGCTGAGAATGTTCGAGCTCTGAAATATATCGTTGATTTGATTTATGAGGATGAATTGATACCTAGGCCACAAAATCTCGATCCCTATACGGGCTTTCGCCAGGGCAATGTAGGCATTGTTTTTGAGGGGCCGTGGATGATGCATGATTTTATGAAATCAGAGGATTTTGAGGTAAAAGTCGCGAGTATACCGCAGTTTGGTGAGCGTCCGGCGACTTGGGCGAACTCACATAGTTTGGTCATTAGTGCGGATATTCCGGATGAAAAGCTTGATGCAGCATGGTCGTTTATTGAGTACATATCTGATGAAAGTTTGACATGGGCGAAGGCAGGGCAGGTGCCTGCAAGACGATCAGTGCGTGAGAGTGAAGGATTTAAGTCAATGATTGCGCAGGGTGAATTTGCTCGTCAGATTGAGAATGTCGAGTATTTTCCACGCGTGCCTTATTTGTTTGAGTTTTTGGGTGAGTTTGATCTGGCAATTGAAAGGGCTTTGCGGGGTGAGATGAGTCCCCAGGAAGCTTTGGATCGTGCGACGGATCGGATTAATGATGTTATTGAGCGGAATCATGATATGAAAAGAAATGGTGCCTCATGAAAAAACATATCACAGGTTATTTATTCGTCTTGCCGTACATGTGTGTGTTTTTACCCTTTGTTGTGTTGCCTTTGATCATTGGTTTAGGGTTGGGTTTTGTGCGTTGGGAGATGTTATCTTCTGAGGGACCAAGCTTTATCGGTTTTGAACAGTTTGCAAGGGCGTTTAACGATCCATATTTTTGGTTTGCATTAAAAGCGACAAGCTTATTTGTGGTGTTTTGCGTTCCATTGACGGTGCTGCTGTCATTGACGATTGCGATGGGCTTACAGGCACTTAAAAAGCGTCAAGCGTTTTACCGAAGTCTA
CP036425.1_gap34	1766599	1770790	4191	GCTGGTACGCGGGAGATATTCCATTGAGAAAGAGGTAATGCTGCGATCACAGAGTGATTGAAGCAGTTCCTTTTCACCCACGGGGTTGAGCATGCCGACAAGGATAGCATTGTTTTTGAGTTTGCTGGCCTGATCGGTTGTGGGTGGATTGATGGTGATGACGATATCGCAATCAGCCCAGAGTTTTTCTGAAGCATCGCCAGGCGGGATGATCGTCGCGCCTGCGGCTTGGTAATCCGCATCAAGATGATGCGCATATTGACCAGCACCACTTTCGACTATGACATCGCAACCAAGTTTGACTAATTTTTTAACGACTGCTGGGATAATGGATATGCGTGATTCATGCTCACGCTGACGGGGCACACCTACTTTCATCAAGCTGCCTCACTCTCATTCATTAGAATCATCATTACGGATTACGGTATATATAACCGCGTTATCAATTAACTGATTTTTGTTCGGATCAACGTAAACACTGCGGTTTTAAGCCATCACTGACGGGTAGGCATTCACGATCGCAAGCAGGATTCTGTTAAGTTAATACGATGAGCCAAACATTTCATACAACACGACTTGAACTTCAATTTATTAGACAGGCAATACATACTGTTATATCAATACACTAACGTCTCTTCTGTATTGGTATATCGGACATAACATCCCCATCTCATCTGTTTTCCCTTATGATTAACCATATGCATAAGACAAATCTTGCAATCAAGACCGATAAGCGTGACCAAATGGTTGAGATTACGCATCAAGTACAGCGCGTCATTGATGCATCTGGCATACGTGATGGTTATGTCATTGTGTACTGTCCGCATACAACTGCTGGGATCACGATCAATGAAAACGCTGATCCTGATGTGGTGCATGACATGTTGCTGCAGTTGGATGAGATGGTGCCGTGGCGGCAGCCGTTTTACCAGCACGCTGAGGGGAATTCCACTTCACACGTCAAAGCGACGATGACGGGTCTCTCGCAGACGGTGATCGTCGAGAATGGGCGCATGATTTTGGGCACTTGGCAGGGCATCTATTTTTGTGAGTATGACGGCCCGCGCAATCGTACGGCAATTGTGTCTGTATTCGCTGCGTGAGAGCCAATCTGGTAACCTATCTGCCCGATTCCGCTTTTTCTTTTCTTTTGTGTAAAAGCGGCAGATATTTGAATTAAACCGTGTTTACTGTGTTGGACACGCAATAGGAGCAAGAATATGCCAGATTATAAACAGATTAAATTCGAAACTACTGAAGGCGATTTTATTGTCGAATTGTGGGACGATGTCGCCCCTGGGCATGCTGAAAACATGACCAAACTCGTCAATGAAGGCTTCTATGACGGTCTTGCCTTCCACCGCATCATCCCCGGCTTTGTCATTCAGGGTGGCTGCCCTCGTGGTGATGGTACAGGCGGTCCCGGCTGGAACATCAAGGCTGAATTCAATGATCGTGAGCATCACCCTGGCGTTCTCTCCATGGCTCGCTCAGCTGATCCAGATTCGGCAGGCTCACAGTTCTTTGTTTGCCTGACCCGCGAATACTGTCAGCATCTTGACGGCCAATACACGGGGTTTGGTAAGGTTGTCGAAGGCTTTGAGAATGTCGAAAAGATCGCAGCCACGCCGCTTAGCAATCCGCAGGCAGGCACACCTGAGAACGCCCCCAAGATTAACAAGGCAACCTGCCTCTAAAATCAGTATATTTTGATGTATTCAATAAACGTGACGGATTGATTCCGTTGCGTTTTTTTATTCGATTTGAATCTTTGATCGTGCTTCCGCCTCGCCTCCAACACGTTTCGTACGGTCTACTTCCGATAATCCAATCTCGGAACTAATGACTTTGCCTAAAAACAAACCCCGCTGTCACCGAAGCGACAACGGGGCGGAGGGGAGAAAGCAATGTTGATAGTCATGAATTCGACAACATCAGACGAATTTCTGCACTTTTTTTGATAAAAACTCACAATTAAATTCGTCTGCTTGCGATTTATAAGTCGTTCACTATTCAGACTTTTGGCTTAGGCGTTCGCAGGCGAGCAGCCCAGCTCCGATAATCCCTGCGTCGTCGCCAAGCTCGCTGGCAACCACCTTACAATCGTGGCCGTGCGGGAAGACGTATTTTTTGTATTGTTCATTCACCATCTTGATCCATGGTTTACCAAGTGCTTCAGTGAGTCCGCCGCCGACCACAACGTGCGGCAAGCTGAGCATGGTGACGGTGTTTGCGATCGCAATACCGACATACTTTGCTGCATCTTGTAAGACTAGCGTGGTGAGTTGATCGCCTTGTGCGAACGCTTCTGCGATCACGCGCGATTTGATCTTGCTTAAATTACCTTCGGTCAATTCAGTGATCACACTGGGGTGGTTTGCAGCGATGAGCTTACGCAAGATGTCCGCGATCGCGGTGCGGCTAGCCAAGTTTTCAAGTGTTCGTCTGCCCAAGCTGCCGTCGGCTTTGACAAGTGTGTGTCCAATTTCGCCAGCAGTCATGTGGTGGCCGTAGTAAAGCTTGTTGTGAATCGCCAGCCCGCCGCCGATCCCTGTGCCGATGAAAATGCCGAGCATGTCCTCAGTGTGACGACCGCCTCCGACACAAAATTCGCCCCATGTGCCCACGTTCACATCATTGTCAACGGTGACAGGCCAGTGTGTGTGCTTTGAGAGCGAATCCGCTAAGGGGAAGTTATTCCATCGGAGATTGGGGGCGACGATGACGCTCCCTTTTTTAACATCAATCGCACCAGGTGCGCCGATGCCGACGGCTTGGACTTCATCATGCGTAACGCCAGCTTGATCGCAAACTCGATCCATGATTTTGGCGATGCGTTCAATGACAGTATCGCTACCACCTTCGGCTTTGGTTTTTATTTTATCTCGCGAAAGAATCCCGCCTTCGGGTGTGACGACACCCGCACCGATATTTGTTCCGCCAAGATCGATACCAATAAAAAGCTTCTGCTTCTCTGACATGCTAAATTCTCACTCACTGCATTCAGGGTATGTGCAGCTTCATCCGTACTGCACGCATTTTCTCCACCCGCGATCATAAACACCATCGGCCTGATGATCGACCCTAATCTCGTTTTTCCGTATTAAAAAAGCTGGTAAATTGCATTACCAGCTTTTGCTTTGTCTTGTGTTTACATTTTCGGACGTTCAAGATTGTAATCGGTTGCCGCTTCGTAGATTCTTGCGATGCGAAGCAGGCTCGTTTCTTCAAACGCAGGCCCAAGTAGTTGCATTCCGATCGGCATCTGCTTGCCGTCAACCTCTGCTGTACCCGCCGGCATGCTGATGCCAGGGATGCCGGCGAGGTTTGCTGTGACGGTGTATATATCGTTTAAGTACATCGACAGCGGATCATCTTTCTTCTCACCAAGTTTAAATGCTGGCCCTGTTGTCGTCGGGCAGAGGATTGCGTCGCACGATTCAAACGCAGTCTTGAAGTCGTTGCTGATCAAGCGGCGAACCTTTAACGAACGATTGTAATAAGCGTCGTAGTAACCGCTGCTCAGTGCATAGGTGCCGAGCATAATGCGGCGTTTCACTTCATCGCCAAAACCCTCAGCACGGCTTCTCGCATACAAGTCCACTAGATCGTCCGGCGTCTGCGTCCGATGGCCATAATGCACACCGTCATAGCGAGCTAAGTTCGAGGATGCCTCGGCTGTCGCCACGATGTAGTACACAGGGATGCCATACTCGGTGTGGGGCAGGTCGACTTCAACAATCTCGGCTCCAGCAGCTTTGTAAATCTCGATAGCTTTGACCAATGCAGATGCAACCGCTGGATCATTCGCTTCATCGCTCATGTATTGTTTGGCAATACCAATGCGTAATTTTTTGGGCTTCGTATCAACATCATCCAAATCTTCGGGAATCGCGATGTTGGCACTGGTTGAATCCAGTTCGTCATGACCACCCATATATTTCAGTAGCGTTGCGCAGTCTTTCACACTGTGGCCGAAAGGACCGATCTGATCCAAGCTTGATGCAAACGCAACCAAGCCCCAACGTGACACACGACCATAGGTCGGCTTCAATCCTGTGACACCACATAAAGAAGCAGGTTGCCTGATCGAGCCGCCCGTATCACTGCCCAATGAACCCGCACAGAAGTCCGCAGCCATTGCCGCAGCCGCGCCGCCAGATGAGCCGCCCGGAACATAATCTGTATCCC
CP036425.1_gap35	1810082	1813644	3562	GTAGTCAAGCCATCAGGCAAAAAGCATGAGTATGACTACAACAGACTAGGCCAAAAGGTAACGTCTAAACACTATCAGCCAAACACGAGTACACCCGAGGAAACACGTACCTTTACTTATGATAAGGTTGGTAATCTGCTTGAAGTTACTGATATTTCAGGCACAGTCGAATATGAATATGATGCTGTATATAACTTGCGTAAAGAAGCAGTGTCAAGAACTGCGGATGCAGGGGGTGATAGTTATGACATCGAATATAGATATGATGCCGTAGGTAATAAAACAGGCGTCGCTTATCCATATAATGACGGTGTTTCATCCTTTGGCGGTTTTGATACAGTTCTTTATACTTACGATAATCGAAATTTAATGAAATCTGTTACTGGCTACCATTTGGCCTCCAGTATTCTGCGCACAACCGAATACCAATACGACCTGGCCGGTAACCAAAAAATCAGAACATTGCCCAATGGCAGTACGACCACATCCGTATTTGATAGCTTAAATCGCGTTACGTCTATGACTAACGCCAAAGCTAACGGCGACCTTATCCTTAAATTTGACTACACATACGATCTTGTAGGCAATAAACTTACAATTGATGAAACTGGCCTGAATAACTCAGAGGCGAAAAATTGGGTCTATGAAGTTGGCATGGAAGATATGCCTCAAAGGAAAATATACTACACTTACAATAAGCATTATTGGCTAACTAAAGAATCAATAAAACATAACAACGAAATCTCACAAGTTCATAATTATCAATACGATAAATCAGGCAATCGGGTCAGGTATCAGCATCCAACAAAATTTTACGAGGATATGGAAACTGGCTACACAGTTGAAGCAAATTATATTGACAGCTATGAATACGATGATCTGAATCAACTTAAGAATACTGTACGTACGGGTACTAGGGAGATTAATTCCAATATAGAATCCATTGACCCGATTACTACGACCTATCACCATGACCTTGATGGCAACATGCTCGTAGGCTGCAATTACGATGCGCATAATAGAATCACTTCCTTCAATAAAGAATACACAGAAACTATCGGCGGAGGTGAAACTGGCCCAGGGCCCGTTGTCGAACAACGCCGTGATGAATGGAATTACATCTATGATTATCGCACAAGGCGTGTAGCCAAAGATTACAAGAAGATCAATGTGACTGCCGATGAAGTCATGGATCATAAGATTACGAAGTTTAGATATGATGGCGGCGTTAGCGTCCAAGAAGTTGATATAGATAATCTGATCACCAACATACTCGTTCGAGGCACCGGTAAAGGTGGCGGCATTGGTTCCATTCTCTACCAGTTTAGCCCGAACATTAATTACAACAGTGGCGATGTCTTTAACACCAGATATTTCATCTATAACGCAGTCGGTACCACAACTGTTCTTCAGCAACAAGATGAAACCGCCGTCAAAGTCACGCTCTTCGATGCCTTCGGCAATGATGATATTAGCAGCAATTATTCAAACGACAATTTCTTTGGTTTTGGTGCAACTTCAATCACCAATCGACTTTTCACAACCAAGGAGCGCGACACTGAACTCGGCTTAGATAACCACGGCTTCCGATACTACAACCCAGTTCTTGGTCGTTACATTACCCGTGACCTCATCGGCTATGGCGATGGACTGAATGTATATCTCTATGTTCAAAACAATCCAATTAATCATATTGATCCATTAGGACTAGCGCGAAAAATACCTCGCATGAGCAGGCAGCAATGGGCAAAAGCAATGTCAAGGGTAAAATCGATTAATAAACTAACAATGAGGAACAAGCAGTATGCTGGAAAAACGATCAAAATGAGGACGCATTTGAATAATGCCAAGGATAGAGGTGCTAAACTTAAAAGTGATACACCTGCATTTCGTAAAGAATACGGTGATAGGGATTTAACATTTGATAAAGATGGTTTTCTAGATATGTCGAACCATCGCATTGGTAAACCTGCGAAATTCGAACCTGGTGAGCTTACAGGCAATTCGAGAATAGATAGTAAAAAATCATGGGACAAGTATGATGCTGATTCTAGTAATCCAGAGATTCCAGCATCTAAACGAAAAAATTATGCTTGGCATCACGAGGCGGATGGCTTGACAACATCGTTAGTTCCAAAGCCATTGCATCAGGCAATTGGTCATACAGGTGGTGCAAGTACAATTAGGGGAGCATTGGCTACAGGTGGTAAGCTAACAGTTACTGTTGCAATGACCCACTTCCTTACCAATAACGCGCAGGCCAGAAATTATGGGTCGAAGGAGCAGATGTTTTTGATGGAAGCGGCCAGAGTGTCGGATGCTATTGCGGATGGCCGAGTACAGCATGCAAGTGATTTGGCTGGTTATGAATTCAGATTAGAATACGATGACTCCATGGGATTAAATCATGGAGGAGAATTTCAAGCGGGTGCAATTATACATTATGTAGAATATGAGGCACTGAAGCAGAAACAGCGGTTGGATAAAATCGCGGAACAAGATAAAGATGATGATTAAAGCTATGGTTTATGGATAGATTTGATATATTTTCAATGTACTAGTACATAGATTCTTGTTATGGATATGATCCCACATAAAACAGTCGAATTTCATAGGATTTTGTCACAAAAATACGAGTTATTAAGTGCCAAAATCAATAATAATTATGCTACTGTAATGGCATGTTCATTTACCGACCAAAATGGTTATGAAGGTGTTTATCCAATCATACCGCTCGATCGAGATTTGATTGAAATAAGTAAACTGAATCCAAGTTGCTATGAAGTTGCGTTCGATGATCTGGGAAATAGATTCGGTATTACTTTGCATGATCAATCAATAATGTATTTAGATTACCTAAATTCGTGTTACGAAACGATAGCTTCCAGTACTAGAAGTTTTTATAAAATGCTATTCGCTCCAGATGATTTATGTGATCCAGTTGAGAAAGCAGTTATTCGAAAATATTCAAAAAAAGAAGTTCTAAGAATATTATTTGACAGTGGTTACACCCTAGATTCGTATTCATCACATAAAGGCCGTAGTTTTTTGCACACAGTGTCTACGTTCGGTCATTTAGAATTAGTAGAATACTTGATCGATGAATGCGAATTTTCTGTGAATGGCTTATTGCCTATTGCAGCAATTAATAATCAAATTGAGATTGTTCAATATTTATTGGGTAAGAAAGTAAATGCATTCGCGATGTACGAAGGTAGAGATTATTTAGATACTGTTAAATTATTGGGCTATAGTGACATAGTATCGTTGATAGAGGATACACGTAACAAGAAGTGATATTTTATATGGTGTACAATTGAAAATGAATATTATCGCAACAGATTTACAACGCATAAATACCTTGTATTTCCAGCAGTGACCTACGCGTGGTATGTAGATCTATACTATGTCCAACTAAGATTATATCAGTAATCAAATCCCCATTTGAATACTGAAAATCTTCTAGAATGCGCACAAATGCGCCGTTCATCCTTTTCGCACTTGCGCGGAATATTCGGTTAGCGCGCGGTTATCACGTAAAGTTCGTTATTCTTTGATCATT
CP036425.1_gap36	1840251	1842159	1908	CGCGATCATGAAGTGACAGTCATTGCAGGATCTGCGAAGGCAAGCACGTTACCAGACGGTGTGAAGTTGTTGGCAATGCGCGAGAAAAAATCCAGCGGAGCATTACAACTCAAACGTTTCTCTTTATGGGCTAATCATCAGATAGATAATGGTGGTTTTGACACCACTTTGTCAATCACGATGGCTGTCGGTGCTCATGTGCTTCAACCACGTGGCGGAACGGTTCGTGAGACGCTCGAACGTAATATTGCTTTGCGTAAAGGCGCGATGAAGCAGCAATGGAAAAGGTGGATGATCTCACTGAATCCCAAGCAGCGGGCATTGCTGAAACTTGAACGTCAGCACCTTGCGCCGGATAGCCGTGTGAAGAAAATAGTAGCGCTCAGCGAATATGTCGTTGAGCAATTACGAATTCATTACAACGTAGCAGATGATCGTATCGTCGTTATCCCGAATGCCGCGGCTATGCCTGAAGCTAGTCATCAATTGAAATCACAATGGCGGCAGGCGGTTCATCAACAATATGCAATCCCTGAAGACGCTACCGGCATCTATCTTTATGCTGCACAGAATCCTCGGTTGAAGGGCTTCGGTACTATTCTCGAAGCTGTGCGATTAATGGTAAAGGCTGGCCAGAGGCCAGTCGTTCTTTTAGCCGGCCGATTTGGATATAAAGACCAAGATGTAGCGGCAAGAATGGGCATACGCGATAATTTGCGTTTCATTGGTGAAACCAGCCAGATGGCCACGCTCTACGCCGCCGCAGATGTAACCGTGCTGCCTAGTTACTATGATCCTTCCAGCAAAGTCGTGATCGAGAGTTTGATGATGGGCCGGCCCGCGATCAGTTCCGGCTTTAATGGGGCGAGTGACTTTCTTTCACCCGTGATTGATGCAGATGGGAACTCAGCCGATCGGGGAATTGTCGTCAATGACCCTGGAGACGCGCCCGGCTGGGCTCAGGCCATGACTGCGATCGTTGAAAAATCGCAATACGATGCATTTGCCGCCGCCACCGATGGATTGCGTGAACAGCTCTCCATGAAACGTCATGTGGATCAGCTAGAAAAAGTACTATCCGACGCATGTGGTTGAAAGCTGTAAGTGTTTATTTTGAAATGAATTATGTGATTGTTTGGTGGGGCTGAGCTTTGCCAAATGTTTTTAAGTGTTAGTACCCTGAGGTCTGACCGGTCACGATTTGCAAAATTGCCCCTCTGACGGATATAATGCCCGACTCGACTTATAACTGGAAGACTTAGGAAAAGTTATGCCAACTATTAACCAACTCGTACGAAGCCCTCGCGTCACACCGAAGGCCAAGTCAAAGGTCAAAGACCTTGATGCATGCCCACAACGTCGTGGTGTGTGTCTGCAGGTGAAGACTGTCACCCCTAAGAAGCCAAACTCCGCTCTCCGTAAGGTCGCACGTGTGCGTCTCTCGAACGGTAAGGAAATCACGGCTTACATCGGTGGTGAAGGTCACAACCTTCAGGAACACAGTATCGTACTCGTCCGTGGCGGTCGTGTTCGCGACCTTCCCGGTGTACGTTACCACGTTGTTCGCGGTGCTCTCGACTGCCTCGGCGTCGAAAACCGCAAAAAGGGCCGCTCGAAGTACGGCGTCAAGAAGCCTAAGGGCTAATTGACCGAACGGATTCGTGATCGTTGATGTGTCTTCACGATAACAATCACGGCAAGTAATTGTCTTTCACAAGACAGTGAACATGATCCTGCTTCACCGCAGGATGGATGAGCCAAAAAGGAAACAAAATGGCAGGTAGAATTACCAAAGCAGAACAGCAATTAAAGCCAGATCCAAAATATAAGGATTTGGTTCTCTCACGCTTCATTAACTGCGTGATGCTCGACGGCAAAAAGTCCGTCGCCCAACGAGTCATCTATGAT
CP036425.1_gap37	1852832	1857128	4296	AGAACGGATCAATCGCCACCGTATGATTACTCGACAATATCGCCCCACCTTCGCGCGGCACGTGATGCCTTCCTTCCCATCTAAGCCGATACCACACCATCGTAAACAGCCTTAACACATGCAAACTCAAATTCGTAATCCCTGCCGGCATATCTCCACGCTTCATCAGCTTCAACCCAATCCACACCCCCATCACCACCAACAATCCCCCAAGTGGATACAAACTCCAAACAATCATCTCATCCGCATTCGGCGTCTGCCAGATCACCAAATTCACTAACACATTCGTGGTCGTGTTCAACATTGCATTCATCCCCATCACCCGACCCCGCATATAGTTCGGCGATAATGACTGCAACATCGTAGCAATACTCACGATCGCCATGTTTCCAAACACACCCACCCCGAACGCAAACACCAACGCCACCCAATAATTCCTACATGCGCCTAATAGTGCAATAGACAAACCCGTCATCACCAAACTCACCATCAGCGTTACATCCGACTCGCGCCGTGTCTGTATCCACGCCATGACCCCCGCACCGCCAAGCATCCCAAACCCAACGCCCGCCGACAACACCGTAAATCTAAACAGACGTTCTTGGTCCGTCATCCCAATTTCAAGAAACCCATAATTCAATTTCGTCAGCGACAGCACCGCGTTATACACCACCATCGCACCCGCCCAGATCATCATATTCAGCAAGATCAACCGAACAATGCGCCCATGCCCCCTGATATAACTCACCGCCTGCTTATAGCTCCGCGGCTTCCGCTTCGCATACTTAATATCAATCGCCGTCCCATGATCCTCCACCTCCAATGCCAACGCATGCTGCTTCACCCGCAAAAATGCGAAGAACGAACCCGAGATCAGATAAAAACCAGCACCCACTAATAAACCAAACCGCACCGTACTCGCCTGATCAGGATCAATGATCTTACCACCCGCCACTTGACCGATCATCGATGCAATCACCGTAATTGATAGCACCAATGCGTTCGCCGCCTGCAACTGCCTCAGCGGTACAACCTGCGGCACGATCGCGTTTCTTGTCGGATTAAACACCGCTGCAAACACACCCACCAAGAACAAAATCCCCAAAACCTGCCAATGATACGCCTCTGGTATCGCTCCCGTCCCCGTCACGTCATACACCAACCAGAAACCCAAAAACAGCAGCACACCCCGGAACTCATCGCACGCAAGCAACAACCACTTTCGAGGCAAGTGATCCGCTAGCCATCCGCCACCTACGCTCAATAACACGTATGGCAGAAAAAAGAAAAACTGAATTTGTGCCTGAATACTCACCTGTTGCGCATCCGCAACATACCCACCGAGCAGCACCAGCGCAGCCAGCATCATCATCCGGTCCCCAAAGCCGCTCGCCGCAACGCTCGTCCACATCAGCGTAAAGCTGCCATTTCGCCACAGTCGCCCGCCCTCACGCTTCTTAATATTTTCATCCTTCATCGACATGCCACAAAGTATACCGCCTCGACATTCACTTATCATTGAAAAAGGTCGGCGCCTGAGCACCGACCTTCATATTCCATTCAAGCCCACGACCGACGGTCGTGGGGTATCTTGCAATTTACTCAGATTGCCTGCGATTCACATGAAGTATCAATGCAGAATCGCAAACTACCGCCCACTTGCCGCCGCCGCACCCGCTGATCGCGTGGTATTCGCGCCAGTATCACCCATATGCATCAAAGGCAACGGCGTCGGGCTATCACCGTTAATAAAGTACATTTTCGCCGCCGGATCTTTCGCCATCGCTTGCAGCGTCTTGAGCGCCTCTAACTGCACATACGCCGGATTGTTCGACGCCGCCTCATTAATGCGTTCAATTTCATACGCCTGTGCGTCCGCGATCAGCTTACGCTTCTTCGCTTCACTTTCAGCCGCCTTCTCTTCTGCCTCAGCTTGAGCAACCTTTTGTTGCTGCTCCATGGTGTACCGTTCCAACTCAGCCTTCTGTTGCTCGACCGCTTGTTCGCGTTCCTTCTTACGCTCAATCGCCTGCGTAATAAACTTCGGCAACTTGATATCTCGCAATAACACCGCTTGAACTTCGATTCCCTTCAGCCCCAAGTATTCCTTCAATTGCATCTGCAATGAATTCTGGATTTGTTGCTGTGTCTCTTCTAGGAAAAAGTCTTCCGCTCGTTTAATCGATTTCCCTTGCTCACGCAGCAAACTGCGAAGCTTCGGCACCAAATGCACATTCGTCATCTGCACCGAATCACCGGTCTCTTTTAAAATCTTTGCCGCCATCTGTCCATTGATTCGGTACTGCACCGACACATCCAGAACCGTTGACAACTGATCTTGTGTTGGAACCGGCGCCGACTCGAGGTGTGACTTCTCACGCACATCATAAAGCGTCCACTTATACAGCGGGTTTACAAAAACATGTAGCCCTTCCTCATACGGCTCAGGCTGCACACTGCCAAACAAGGTCGCAACGCCAACATGACCCGCAGGTACCGTTTTCATGGCACACGACCCTGCCAGAAAAATAATCCCCAGCACCAGCAGTATGAGTATCACAGTCACGGCCTTGCCCGCATTCACAGGTGGCTCACGATGATCAAATTTTATTGGTTTATCCATGCCGCCCATTATACAGAAGTCCGCGTGATTATTGACATCGTATGTATACGTAGTTGGCAGCAAGCCAACTTAATTTGCATATTCTCCATATCAATCCACTGGGTAACGAGACTATTGATCTCAAAGCGCACTAAAAATGGCTGTCACATCACTGCAACAGCCACGTTTATTTCCGCATTTCCGCGTTTTTTACAATGAATCGATGATTACTAGCCCAAAAGACGCATTTTAGACAAGTTTGCGTCGTTATTTTTGTATAAGTCGAGCCATCATCAGCAGAAGATTCACTCAATTCAGCATTTAATATGCAACGGTCTATTGGTTAACGTGGCAAGTGTCTACGCAAACCGCTCTAAGAATCTTTCCATCGCTCCACAACAGCATACGCATTGTGATTATGGATCGACTCGAAATTCTCGCTGCTGACGCTGTACCACGCAATCCGATCATCAGCCTCCATCGCACGCGCTAAATCACGCACAATATCCTCGACAAACTTCGGATTGTCATACGCCGCCTCAGTGACCCATTTCTCATCAGGACGCTTCAGCACCGCAAACACCTGCGTGCTCGCGCATTGCTCGACGATCTCGAACAGATCCTCGATCCACATCCGCTCGCCCTTCTTCAGCCGCACGCTCGCAATCATATGGCAACGCTGATTGTGCGCCCCATACGCCGAGATTTCCTTCGAGCAAGGACATAAACTCGTTGCAGGCACCATCACCGTCATCACAAAATCGTCTTTATGATTGCTCGTACATTCCAACTTCACTTCAAGGTCAATTTTCCCAATCTGACCTGAAACCGGTGCTTTTTTATCGATGAAATACGGGAAACTCAATTCCAGATGTGCCGTCTCAGCGTTCAAACGCGTCTTGATCTCTTGGCATACATCCACAATCTCATCCGACCGCAAACTGTCGTGATGCTTGTTCAACACCTCCAAAAAGCGACTCATATGCGTCCCTTTTTGGTAGTGTGGTAAACCCACGTACATGTTCACATTCGCAACCGTACCCTGCGTACCACCCGTTGCCGGGCAATGCAGCGTAATCGGATACCGAATATCCTTAACCCCCACCTTGTTAATCGCAATCTGCCGGCTATCTTCGCTGCCCTGCACATCAGGCATCAACTCAGATACTTCCGCGCTTACATCGCTCGGCATGGTGCTTACCTTTTCTTTCCGTTATTCATCTCGCCAATCACCGCCTCATTGCAGCAATCAGCACTTTAGAAGCAAGCTAGCCCAAACATCTGGCCAGCCTTTGGAACACTATATTTTACGTCCTTTTACATACAAATTAAAGTTGACCACGGAATATTCCCCCCACCCATGACAGTTTCGCCATTAGTACCACCAGGCAACCTTTTAAACCCCGTTTTTAGCCTCAAAACCCCCATCTGACCGATTCTTACGATAGAGCAATTAATACGCCCCAAGATTCACAAGGCCACGCGATGAAGAAACCAAAATCTCCACAACCCCAACACGCTTCATTACGCAGTGTCGTCATCGATTCCGTCACACACATGACTCCCGATGAAGGTTGGCAACCCCCCGTCAACACCTACGAGACCCCGCACATGCTCTGCATCTGCTTCGAACTGCCCGGCCTCGACAAATCTCAAATTCACGTCACTGTCCAAGACAACCTCCTGCAAATCGC
CP036425.1_gap38	1940253	1941991	1738	TGGCCAGAAGTATCGACGGATGGTGGAGATTTTTGATGATGAATTGATTGGTGAAGTTGGTGGGCAGAAAGCAAAGGACGCGCTGCTTGCAGAGGACGGGTTTGTGATGGACGGCTGGGCGGAGATTGAGGCGGGGATGAAGTTGGGAGGCGGAAATGGGGATGTGATGAATACTGCGATGCGATGGGATTTTAGCCATTACCTTGTGAATGACATTTTAAGGAAGGTTGATCGGGCGAGTATGGGCGTTCCTCTGGAGGTGCGCTGCCCGATATTGGATCAGGATGTGTGTGAATTGGCAATGCGAATGAAGGGTAAGAAGTTGATGGTGGATGGGATGCAGAAGGGTGTATTGAGAAGGATTGCGGGGATGTACTTGCCGAAGGATCTGACGCAACGAGAAAAAATGGGGTTTGCTGTGCCGATTGGGAGATGGTTCCAGTGGGAGCTTCGGGATGAGCTGCGTGATCGATTGTTGGATGGGAATCTTGAGGCCATGGGCTTTGAGATGGAAGCTGTGAGGCGGCTGATGAACGAGCATCAGGTGGGTGAGAAGGATCACACGCATCGGTTGTTTGGTCTGCTGCAGCTGTCGATCTGGTGGAAGTGGCTCAATGGGTGATGTTGATGGTGGTTGTGGTGATAGAGAGGGGGTATGGAGGACGTGACAGATGTGACGAGGCAGGATTATATAGGTATTTAGGGGTGGATCGGTTAAGATGGGGGGCTGTAAGCAGATAATAATGATCGCGCATTGGAGCGAAACGATGAACAAGTTGATGAAGCGGATTGTGATGTTGGCGGTGGTGGGGATGATGGCCGCGGGAGGGATTGTTGGTCAGGTTCAAGCTGAGGAACTGAGGGTGGCGACATACAACGTTGAGAACATGTTTGATGTGTTCAATGATCCGTATACGCAGGATGAGGGAACGGATGTGAAATTCCGTGAAGAGCTTGAGCAGATTGCGGAGACGCTTCGGGTGATGAATGCGGATGTGGTGGTGTTCAGTGAAGTTGAAAATGAGTTTGTTCTCAAGGCGCTGGTGAAGGAATTTTTGCCTGACATGGGTTATGACTATGTTTCGGCGATGCGTGCGAATGATGGTCGTGGGATTCGAAACGGGGTGATTAGCCTCAAGCCGATTGTGAAGGCAACGAGCTATAAATGGCGGACGTTTACGTTGCCGGGGTATGATAAGGTGTATCGATTTAGCCGTGATTTGATGCACGTGACAATCCAGGCAACGGATGAAAAAGTGGTGGAAGTATTTGGTGTACACCTGAAGAGTAAGCGTGATAGCTCGGGCGATCCGAAGTCGGCTAAGCGCCGATTAGCTGAGGCGCTTGAAGCGAAGAAAATTATTGATGGGGTGATGAATCAATCAAGCGATTCTTGGGTCGTGATGGCGGGGGATTTTAATGACACGCTTGATAGCGCGGTGATGAAATCGCTTCTGAAGGATGGTAAGCTCAAGGATATGCACGAAGGGATGGGCAAAGAGGAGCGCGTGACGTATCTGCATGGGCCGTACCGCAGTACGATTGATTTTGTGTTGGCGAGTGATGCGCTTGCAAAGCGGAAGGTTAAAGGTTCAGAGCTGGTGTTGCATGACGAAGAGCTGAATAAAGCTTCTGATCACGCACCGGTGGCGGTGAGTTTTGATCTTGATTGATTGACCGGAACATAAGCAATAAGACGCGCACTTCGGTGGGCGTCTTTTTTTATTGATAGTGCAAA
CP036425.1_gap39	2034058	2036364	2306	ACGCATGGCCTCCCTGTCCAGGGTCCCTGAAATTGTAAAAACGGGACGACCGAGCCGCTGGAGAATATGAACGATGTCTGAAACAAACTACCTCTACGAAGGCCTTTTCTTGATGGGACAATCCGCTGGCGCAGATCTATCTGGCGCTATGGATCACATCAAGGGTTTGCTTGATCGTGCAAGCGCTGATGTTGTTGCGATGCACAAGTGGGACGAGCGTAAGCTTGCATACCCGATTGGCAATATGAAGCGTGGTCTTTACGTACAGGTGATCTTTAAGGCTGAAGGCCAACAGCTTGTTAAGCTCGAGCGTGACTGCAATCTTTCTGAGCAGGTTGTGCGTGTGATGTTTACACGTGGCGAACACCTTGGTGAAGTTGAATTGAAGAACTTCATTGAGTCTGGCAGCATTACGGCTATTGAAGCAGAGCTGACGTCTGATGACGCGGAAGCAGCACCAGTGCCAGTGAAGGAAGAAGTTGCTCCTGCGAAAGTAGAAGCTGCGCCTGCAAAAGAAGAAGCTGCTGAGTAATCTAAGCGGCGAATAGAAGCCTGATATATAGCATGCAATGAGAATTGTGTGTATGACATTGAACGCGAAACGAGATCTGAGTTTCACTGTAATCGTGGGAAAGAGAACGTACGTACTCAGGTCTAAACAATGATTTGGAGAATATCCCATGCCGAATTTGAATAAAGTCTTTCTGATGGGCAATCTGACGCGTGATCCTGAATTACGTTATTTGCCTAACAGCAATATGCCGGTTGTGAATTTTGGGCTGGCGATCAATCGTACTTGGTATAACAAGAATACGAATGAGAAGCAGGAAGAAACGACCTTTATTGATGTTGAGGGTTTTGGTAAACAGGCTGAGATCGTGAATCAGTACATAAGCAAGGGCCGCCCGATTTTTGTGGAAGGTCGCTTGAAGCTTGATCAATGGCAAGACCAGAACGGTAATAACCGTTCAAAGATCAAGATTATCATGGAGAAATTCGAGTTCTTGGGCAGCCGGGATAATAACGGCGGCGGCGGGAACCGAGGTGGCGGTGGTGGAGGTGGTGGGTATAACCGCGGCGGAAATGACGGCGGCGGTTATGGCCAGCAGGGTCAGCAGTATGAGAATCCTTCACAGGGTTACTCAGGCGGATCTAACGGTGGTGGTGGCGGAGGCGGTGGTGGTGCGGCTCCGGCTGTTGATGTCAATGATGATGATATTCCATTCTAGAGAATGGATGATGCTGGCTGCGATTAAATGTTGTGGCTGGCGTGATAACCATGTTGGTGTACCGCTGAGGCCGATGTCGGCTTAAGGCAGGCGCCTAACTCAAAGTTAGTGCGAGAGCACTGTAGAAAGTAAAGAGGACAACATGAAACAGATCGAACTATTGCTGCTCGATAATGTTGCAAACTGCGGGATTGTTGGAGACGTTGTGAAGGTGAAGGCTGGTTACGCTCGTAACTACCTGGTGCCTCGCGGTCTGGCGACGATTCCATCAGAAGGCGCGATCAAGCGTTTGTCTGCACGTCGGGCAGAAGTTGAAGCAGAGATGAAGGCGCTTCGTGAGAAACACGAAGGTATCATTGGTAAGCTTGATGGTCATGAAATCACGATGATGCGTTCTGCCAACGAGCAGGGTGTGTTGTATGGTGGTGTGACTCAGCATGAGATTGCTGAAGAGCTACGTGGTGCGGGCTTTGAGATTGAAGATCGTCACGTACGTATTGGCGACCAGATCAAGCGTTTGGATTCTTATGAAATCCCAGTTGTGATTGATAAGGATCTCAAGGTTGATATCAAGCTATGGGTTGTTTCAGACAAGCCAGCAGAAGAGCTTGAAGAAAAAGCTGAAGTTGAGGCTGAAGTTGAAGCAGATGCTGAGTAAAGCAAGCTGTTAGGCTAAGTCTCACTTTGAGATAGATAATAAAACCGCTCGGTGATTACCGAGCGGTTTTTGCATGGGTGCGTGGATTAGAGAGGTTTATCTTTTACGAGAAAGCGTGAGCAGACCGGCGAGGCTGAGCAGTGCGATTGAGGCAGGTTCTGGGATTTCGACTGCGGTGAAGGAGAAATCGTCGCCGAAGACAGAAAGGGCGCCGCCGGGTAGTTGCTCGCCAGGGTGCGTGAAAACAAAGCCGACATCAGCTTTATTGGCTGTATCGGGAGCCGCTGCTAAAAGTGAAGAGAGGCTATAGACGTTTGCGGCGGCCGGGAAATCGATAGCTGCTTCATCTGAAGAAAGAAGCGTGTCGTCGTTGAGCCAATTGATGATGAGCTTGCCCGACAGGCCAATGATATCTGCGG
CP036425.1_gap40	2046427	2050270	3843	ACAGCATGAATTGACGCAGTTTAAATTCACGGATGAGGAGATTGCAAAAGGGTTTGAGATTTTGAAGGCTGCTGCTGATACGGGGGATGTGATGGCGATGAGTCGTGTTGGGCGGATATCGTGGAGTAAGACGTATCGGCATTACAACATTGCCCGAAGTGTGCGGTATTTTAAGATGGCAGCTGAGCGGGGAGATATGAAATCAGCATTTGCTGTGGGCATCGTGTATGACCTGTATTTGAAGCCAGCCCAATATGAGAAAGCGAGACAATGGTACGAGATTGCAGCTAAGGGTGGTTCTCATGAAGCACTCAATCAGTTGGGGCGGATATATCAACATGGTTTGGGTGTGGAGAAGGATTTGCAACAGGCGTTGGGGATTTATCAGATGGCGATGAAGAAAGGTGTGCCGATTGCGATGGTGAATGTGGGGTGGTTCTATGAGAATGGCGTTGTGGTTGAGAAGGATGTACGACGTGCGATGACGTTGTACAAGAAGGCGGCGCATACTGGGAGTGCAGATGGGATGATGTCGCTGGGTAAGCTATATTACAAGGGTATTGGTGTGGCGCGTGATCAGAAAAAGGCGTATGAATATATCAGGCAGGCTGCCCGGTTGAAGTTGGCTGAGGCGCAGACATTTTTGACATCTAACGATGTGGCTTGGTGATATGTTTGGGTAGGATTTGACTTGCGTGGAATCTAAGGGACAATCTGCCAATCATTTAGGGGGCTGGGAGGGGGTTATCGTATATGGATTTTGTGGCATTGCGGCTACATAGAATGTTGTTTTAGATGTTAGTGCGGGCGTGAGAGCGGCTGCGTGTTAAGAATCCCTGGAAGGCAGTGATTATGGAAGCAGGCATTGTTGGCCTCCCGAATGTCGGTAAATCGACATTGTTTAACGCTTTAACGGCGGCAGGTATACCGAGTGAAAACTATCCGTTCTGCACAATTGAGCCCAATGTCGGTGCAGTTTCTGTGCCAGATCCGAGATTAGCAAGGATTCATAAACACATTGAAACAGATCGGATTTTGCCTGCAGTTCTGAAGCTGGTCGATATTGCGGGTATTGTGAAAGGGGCGAGTGAAGGCGAGGGACTTGGCAATAAATTTTTGTCGCATATTCGAGATGTCGATGCAATTCTGCACACAGTTCGTTGCTTTGAAGATGAAGATGTGACGCATGTCGATGGCTCAATTGATCCGATACGTGATATTGAGATTATTGATATGGAATTGATGCTGGCTGATATGGCAACTGTTGATACTGCTATCAGCAAGGCGCAGCGCTTAGTGAAATCGGGTGATAAAGAAACTAAGGCACGTCTGGCTTCACTTGAAAAATGTAAAGCTCATTTGGATCAGGAGAAGCCACTTCGTGGCTTGGATTTGGATGAAGAAGAGCAAAGGCTTCTGAAGAGTTATGGCTTGCTGACGGCGAAGCCAGTTCTATATATCGCAAATGTTGATGAAGATGCCATTTTAGAAGACAACGATCATGTTCAAGTGGTTAAAGCAAGAGCCAAAGATGAGGGTGGTGAGGTTGTTAAGGTTTGCGCGAAGCTTGAAAGCGAATTGGCAGAGCTTGATGCTGAAGATCGAAATGAACTTCTGGAATCGGTTGGTTTGGATGAACCGGCTTTAGATCTTCTGGCTAGAGCAGCGTATGAGTTGCTAGGGCTGCAAAGTTACTTCACCGCTGGTGAGATAGAAATTCGGGCATGGACAATCCCAGTTGGAGCGACAGGCCCGCAAGCTGCGGGTGTGATTCACAGCGATTTTGAAAGAGGTTTTATTCGGGTCGAAGTCTTTTCACTCGAAGATCTTGAAGCTCATAAAACTGAGAAAGCGATTCGTGAAGCTGGCAAGTTGCGGGTTGAAGGCAAAAACTACATTGTTCAGGATGGTGATATTTGTCACTTCCTTTTTAATGTTTAGTGAACCTGAAATAGTATGATTAAGAGCTTGGAAGAAATTCCAAGCTCTTTTCGTTTGTAGATTAATGCATGAACGAACGGAAATAAGATTCGGTTTGAGTGATCATTGAATACGATGAGTGATTATTGAATTTTGTAGAGTGTATAGATCGGTGTGTTGGTGACTATTGTCCATTTTGCTTGCTGAGCAACCTTAGTAATTGATTGTTCATTGACAGCGGGATCAAAGCCGTACGTCTCTTGTAGTCGTTTAATCTCAGGGTGGTGAACATATATATGGGTAATACCTTGAGATTTTAATGCGCTTGTTATTTGTATTGGATCATTGTTATATTTACGCATTAGCTCGCCAAGTGGGTTGATGTCGAATGCGGTGTTATATGTGATTTCAGGCTTGATAAATAGTAGTGAAGCGTTGTCAGCAATGAGAAGAACATGTGAATCAGAGGGAAGATTATTCAAAACATGATTTGGGTATAGTTCAGAATTTATTGAAGTAAAATCGTAATAACCTGTGATGTAATAAGGGGGAACTTTGACCATTCTCCCTGTTTCGTCTTTAACTTTTGTTGTTTGCGACCAAAGCGTCATTGCTTGTGTTGCAAAGAGCATGAGAATGACAATGGAAGCAGTTAGTGGGGCAATATATGCCATGCGGTGATATGTAATACGATGCAATCTAGAAAAACCTAATGCGATAATGAGTGAAATTGGGATAAGTGTTGGGATTAAAAATCTGGATTGAAGATGCGTGCCGAGGGACCAGAACAAAAACTGGCATAACAGGAGAAGCAGGAGTGTTATTGCCGGGCGGCGAGTTTGTGAAGACGAGAGGGAGAGAATACACGCTGCGAATAACAGAATTGTTAGAAGCGGTACGCCGTTTTCAACTGTAAAGCGTGCAATGTTGTTCTTTTCAGGCGGTGTGGGCGTTCCAGACCAAGAACCATAACCACGGTTGGTGATGAATTGGCGATTGAGTGCTGTTAGATAAGAATCTGATGACATAGCCAAGCTGTGGCCGCGTTCCCATCGTTCGTTTAAATCAGGAGAATTGTCTGAAACTGTTCCCCAATGAGCTTGACCAAATGTTGCTGTTGCAAAGGGAAAAACTGGATTGCCTGTCCAGATCGTATTACGGATCAGGTAGGGTGATAGCGTTAGGATTCCTGTGATTGCAACAATTGAAGCTGATTTGAGGCAGATTTTGGTTTGGCCATTATTCTTGGCAAAGCGTGGGTGAAGATACGGTATGAGGATGATTAAGCCAATCGGAATCGCAAAAAAGAAGCCTGCTGTCGGTTTAGCGAGCGTGGCGAGTCCAAGAAAAAAACCAATGGCTAGTAATGTAGACTTGTGATACTGATGGGAAAGTGGTTGACGTAATACTAACGCAAAAGCTGCTGAGCCGAATGCGGTCATGAACATTTCATTGTATGCAAGCGATGCTGTAATCAGTACCCAAGGTGTGGTTATAAAAATTGCAGTTGCGATTAGTGCATACATCCTGCCTGTGTATGGACGGATCGCAGTCGCAAGTAGTGCTGCGGTCAAGATCGCAAATGATGCATGGAAGAGTTGGATGGTATAGATCGATGTGATAACTGAATTGTTTAACGTGCCAACTAAGTAATAAAGTGATTCGCCAAGCGATGGTAAAAAAGAATATACATTGTGTGTGAGACCACTCATTTGGCCGTTCTGTAGCCATTCATTTGGTATTTGCAAATGGTATGACGTGACATCGTAACCAAAGGCTTCAATTTGCCATAGCGTACCCGGTGGGCAGGTAGCCGCGACTAGCAAAGCCCCGATCGCAGGTGCCGAAAGTAAGGCTAAATAATTGGGGATTTTGGGCTTAGCGGGTCGTTTAAAAAGTAGTGGTATTACGCCTACGATAAGA
CP036425.1_gap41	2091006	2092639	1633	ACATTTCGTGATGATTTGTTTGGAGAGTACAAGGCGAATCGCAAGTCGCCACCAGAGGATTTTGCGGAGCAGGTGCCGCGTATACTTGAGGTGACGGAAAAATTTGGAATCCAGGTGATCGGTGTTGAAGGTTTTGAAGCGGATGATGTGATTGCAACGATTGTTCAGAAGACACTTGATGATTCGTCGCTTGAGGATGTAGAGATCAAGATTGTGTCGCGGGATAAAGACCTTGAGCAGTTGCTTCATAAGCGTGTGAGTATGTATGACATCCATAAGGATGAGACGATTACGATTGATGATTTGATGGCTAAGAAGGGGATCAAGCCCGAGCAAGTGGTGGAGTTGCAAACATTGACCGGTGATAGTGTAGATAATATTCCGGGTGTTGAGGGGATTGGGCCTAAAACCGGGATTGCATTGGTACAGCAGTATGGAACGGTTGAAAATCTTGTGGCACATCTTGATGAATTGAAGGGTAAGCGGAAAGAGAAGATTGAGGCTGCAAAAGAAATGCTCCCTGTATATCGAGAGTTAGTGACATTGAAGCGTGATATGTCATTGGAAGAGTATGCATGGGAAGGAACAACACCGAAAGCGATCGAGACGGAAGAACTACGAAAAATATTCATGGATTTGGGATTTAAGCGGCATATAAACGACTTAAATAAGCTGAGTGGAAAAGAAATTGTGACGGAGCCGGTCAAAAAGAAAAAGCCAGTGAAATCAAGTGGCAGGTTTGGTGGCACATTATTTGATATGGTTGATGACGTAGAGGAGGTTCAGCAAGCAACACGGACGCCGGGGATGACGTACACAGAAGATTATGCCTATCGTGCTGTCGTGACGAGTGACGAATTAAATGAGGTGATCGAGGAACTGAAGAAGGCTGGCCGGTTTAGTATTGATACTGAAACGGTGGGGCTCGGGCATCGCACAAAAATATGTGGGATCTGCTTGAGTTGGAAGGTTGGTGAAGGGGTTTATGTTCCGATTCTATCGCCTGAATCCAATGGACATTTGAATGAAGCAACGGTACTGAATGCACTTCGAGATGTGTTAACGGATGAGAAAATTCTGAAGTTTGGACACAATATTAAGTATGACTATCTGGTGCTTAGATATGCGGGGGTAAAGATGGAAGGGGTGGCTTTTGATTCGATGATTGCGGCATGGTTGATGGAGCAGCCAGGATTAGGGATGGATGATTTGTCGTATGCGATCTTGAATCATGAGGCGATGCCGATCAGCGATTTGATTGATACGAAAGCAAGTCGGGGAAAGAAAAAGACGAGTGATAAGCCGAGTACGATGGATCTGGTGCCACTAGAGCAAATTACGCGCTATGCTGCAGAGGACGCTGATTTGACTTTGCGGTTGTGTGAGCATTTTGAGAACGAGCTGAAAGAGCATGATTTGATAGGGCTGGCAGATGACCTAGAGATGCCGTTGATTGAAGTGCTTGCAGAGATGGAATTTAATGGGATTCGTGTTGATCCAGAAGAACTTGATCGGCAGTGTGAGAAGTTACGTAAAAAAGTTGATGAGCTACGGATTACGATTTTAGATTTATGTGGGTGTGATTTTAATGTGGATTCGCCGAAACAGTTGGGGGATGTGTTGTTCAATCAAC
CP036425.1_gap42	2104946	2106166	1220	CTTGATCATTTTTACGACCATTCCAACCTGTCAACGTGCGTTTGTTTTGTTCTTCGGAACAATCAACATGATTAGAGAGATTATAGTAATACTCATTAACACAGAATTCACGATCATCACGTCGCGGATCCGCTTGCGCTTCTAGTAAATAAAAACCAGATGGATCGCAGTGCATACGATTTCGGGCTGGGAATTTTGACAGACCGTATTCATTCCACTGTCTCGCTGGCTTGTCATTTGTGTTGATGGACGTTTTAAGATTGATAATTTCAGATGTATCTGGGTCAGTGAATGGATTAAATGCAGCCGCATAATCACCGCTTGGCATACCGTCCTTTGTTATTGACTGCCGGAACCTGACGGCAACATGCTTGTTATCAATACGACCGTAGGATTCCCGGCCACAGTTACCGCGGCTATCACCCATGACATACGCGCCTGCAAGTCCAACCGAATGTTTAACATCGTAGTTAACATTGCTTGGTATAGCCTCAGCCGTAAAGTGTCGTCGATCATAAACATTGGTCATGGCTCAAACACCTCAAGATCGCCAGTGATGTTATTCTCGGCGAAGTAACGATGCGTCCTAGCCAGCGGATAATTCATACCGCGCAGCCAAAGATACTCACTGTCGTAGCCGTCTTCAGCGTGAGACACTGCTGCGATTATTGATACATCTGGCATGAGCAGAGAGACTTTATACTCAGCTTGAGAAACAAAACTTTGATCATCAGTCTTAAAAATTTTACTATCTAGCCGATTCTGAGTATTGATCACATGTATTTCTTCGTAGTGATCCTCACCGAAAGGGAATTTGATAAAATCAAACTGTTCATTCTCATCATCGTCTAAGACTGGTTCGCCATCTTCATCAACGCGCAATTCTTTGTACGACGATTGTCGCAACTGGGGATCTTTAAGGATGAGAATGTCGCCTTGTGAGTGTGCGGAAGCTGGAGGCGATCCAACCTCATAGCAGGTGATGTAATCACCAAGTGTACTGCGGAAGACGAAGAACGATATGCTTGAGGGTTCATCTGTTTGCGACTGTAATCGCGGAATTGTGTTTAGATATTCAGGTGATCGTGATAGCTGCTGTGTTGATCTTACTGCGGTGTTAAGCTTGTTGATACTATTCGTTGTGAATCTTGTTTTATTGATCATGACGGCACCCTATACCAGCATAGATGAGATCGTAGACCACGAAACATAAGGTTGCG
CP036425.1_gap43	2208065	2210412	2347	GAGAACGATACACTTGATGGTTTCGCCCTTCTTGAGCATTTCGTTTGGATGCGAAAGCTTCTTGGTCCATGAGAGGTCGGAAACGTGGAGCAAACCATCGATGCCTGGCTCGATTTCGATGAACGCACCGTATGATGCGAGATTGCGAACCTTGCCTTCGACGATCGTACCTGGAGGATATTTCTCGGCCACGAGTTCCCAAGGATTGACCTCGGTCTGCTTCATGCCCAAGCTGATTTCCTGCTTGTCCTTGTTGATGTCCAAGACAACGACTTCGACTTCTTCGCCGATCGAAACCATCTCTGATGGGTGGTTGATGCGACGCGTCCATGACATCTCGGAGATGTGTACGAGACCTTCGACACCTTCTTCGAGCTTGACGAATGCACCGTAGGACATGATGTTCGTGACTGTGCCGCGAATACGTGTGTTCTGTGGGTACTTCTGCTCGATGTCTTCCCAAGGTGAAGCATCTTTCTGCTTCAGGCCGAGAGCGATCTTTTCCTTGTCGTAGTCGATGGACAGAACCTTGACTTCGATCTTCTCGTCGAGCTTGACGATGTCCGAAGGATGGTTCACGCGGCCCCAAGACATATCGGTGATATGCAGGAGACCGTCGATGCCGCCGAGGTCGACGAATGCACCGAAGTCCGCAATGTTCTTGACCATACCGCTGACCAGATCGCCTTCTTTGATATCTGAAAGAAGCTTCTGACGCTGTTCGGTACGACGCTCTTCGATGAGCTTACGACGACTGATGACGATGTTACGACGTTGCTCGTCGATCTTAAGGATCTGAGCTTCGATCGTTTCGCCGATGAAGATGCCGATGTCAGCAGGACGACGGATATCAACCTGTGAAGCAGGCAGGAAGACTGGCACGCCGATGTCGACGAGCAAGCCACCCTTGATTTTCCGCATGACCTTACCGTCAACAGTATCGCCTTCGTCTTTTTCTGTGATGATGCGTTCCCAGCCACGGATGCGATCCGCTTTACGCTTGGATAGCTGCACCATGCCGTCATCGCCTTCGACTTCTTCGAGAAGCACTTCGACGGTGTCGCCAACTTCAACGTCAGCCGCGTCATCGAATTCGTTCTTGTCCAGAACGCCTTCAGACTTGAGGCCAACTTCAACGAGGAAGTCGTCGCCAGCGTAACCGATGATTTTGCCTTGAAGGATTGTGCCCGGCTTGAAATCGCCGATCTGACCTTCAATCAAACCTTCCATATCGCCGTCAGCAACCGCTGAGCCGAATTCGGCAGCCAGCAGGTCAAATGCTTCGGTTTCTTCGATAGAAAGTGAGGAGATGAGACTCTGATTAACCATGTAAAATTGTTCCCTTACATTTATAACTTACCCGGCAACGGCAACTTACCGCTGACAACATTCGGGTCGCCCGTCGGGTATGACGAGCCTTGCCTGCAGTCAGGTTGATACAACACGTATCAATAAATCCAGCTGCAAATCAGTTGAATCGGACATTATACACCCCTTCGTCCAGCTTGCCAGCCGATGAGGGGGGTTAATGAAATTTATATCGTCTTTATTTTCAACGAATTGTACGATTGTCTGTCGTTTGTATTAAACCGTTGCGCCGTTACGATCTTTGACATAACTCACTGCGTTAATAAAGAACTGTAAACCCGCTGGTGTATTGGATTTAACTTCTTCACTCTGGCGTGTCCACTGGGGGTGGTTCGTCGCATCGATATAGCGTTCGGGGTGAGGCATGAGCCCGAGGATGAGGCCGGTTGGATCACAGATACCCGCGATGTTGTCGACGGAGCCGTTGGGGTTATCGTTTTGCGGATAGCGGATTGCAACTTGTTTATTAGCCTTGAGTTGCGCGATAATGTTGTCGTTCTCCGTGACAAAGCGGCCTTCACCGTGAGCGATTGGAAGTTCAAAGCTGGTTAGGCCTTGCGTCCAGATGCATTTGGTTTGGGAATCAACTTCTTGGCCGACCCAACGGTCGAGGAAGCGTGGATTGGTATTGTCGGCGAGTGTGACGGTTTGGACGGCTGCGTGCGGGTCGGGAAGCAGGCCGAGCTTGACGAGAACCTGGAAGCCATTGCAGATACCGATCATGGGAACGCCGCGTTTGACGGCATCTTGAAGCGGCTCTAAAAGCTGATGCTTCAAACGGTTAGCGAGAATTCGTCCGGCTGCAACGTCGTCGCCGTAGCTGAATCCGCCGGGGAAGCCGATGATGTCGAAGCGGGCGATCTGATCGGGATTTTCGATGAGATCGTTGAGGTGGTGCGTCTCGGTTTCTGCACCAGCAAGCTGAAAAGCATGGGAGAGTTCGAGGTCACAATTGGTTCCCGCGGTACGAATAATCAGG
CP036425.1_gap44	2213031	2214685	1654	GATGAATTGAGCTAGAATGTGGGGCATGGGAAAAACGGAAAACAAGCGAGCGTTTGAGGTGTTGATGGACGAGCTGCGAAAGCTGCCGGGGATCGGTACGCGTTCGGCGGAGAGGATTGCGTTTTATCTGTTGAGGGAGCCTGCGGAGTCGAGTTTTGGGCTGGCGGATGCGATTCGGAAGTTTAAGACGGACTTGAAGGTATGTGGTGTGTGCGGGAATGTGAGTGAGGTTGACCCATGTCCGATATGCCGAGATGGAAGCCGGGAGAAGGGTGTGGTTTTGGTGGTGGAGCAACCGAGTGATATTGCGATGCTGGAACAGACGGGGAGTTACAAGGGGATGTATCACGTGTTGATGGGGAGGTTGGCGCCGCTGGATGGGATTGAGGCGGGTGATCTGAATATTGAGCCGCTATTAGAGCGGGTCAGAAGTGGGGGTGTGGAGGAGGTGATTTTGGGGATGAATCCGACATTGGAAGGGGATGGGACGGCGATGTATCTGGCTGAATCGCTGGAGACGATGGGGGTAAAGGTCACGAGGTTAGCAAGGGGGATGCCTGCGGGCTCGGTGCTTGCGGGGCTATCCAAGACGGTGTTGTCGGATGCGATCCAGTCAAGAAGCAGGGTTTAGCATGGATAGGTAGGGGCTTATGCTATTGCGGGGTACGAACGAGGGTTGAAAACGTTTTGTTTATGTGTGCGGTTTACGAAGTAGATATAATCAGATGACATAAGGGGATAGGCTTAGGGAGGATATAAAGGGGTGGTATTGGGATCGGCTGCTGACGGATTGGTGGCTGAATGGGATTTGAATCAGTAGTGCATCGGGTTGTCAGGTTGAGTGTCTGGCAGGCAGATGACGGGTTTGAGGAAATGCCTGAATATGCGAATTGATGCAGGACAACATATGCGGTTGAGTCAGCAGATGAAGCTGGCGCCGCGGATGATTCAGAGCATGGAAATCCTGCAGATGACGCAGCAGGCGCTTGAGGAGCGGATTGAGCAAGAGCTTGCGAATAATCCGACGTTAGAGCTGCAGGAGCCGGGGAGTGATGAGAAGCAGATTGCGTCTGAGTTGAAGCAAGAGGAGAGGGATTCGAGAGAGGGTGAGCGGGAGCTGTATGTTTCGGATGATGCGGAAGCGAAGAACACAGGGGATGATTTTGAGCGGCTGAATAATATCTCGGAAGAGTATGGGGATTCGTGGGCAGCGAATACAACGGGGACGGGTGAAAAGATTGATTTTCAGCAGCGGGCGGCGAAAGGAACAGGGGAACGTGATGCAAAGATTGATGCGATGGCGAACACGGCGGCGCGTGGCGCTTCGTTGTATGAGCAGTTGATTGATCAATGGCGGATGGTTGAGTTGCCTGAAGAAGAAATTCTGATGGGCGTGTACTTGATCGGGTTTGTGGATGGTGATGGATATCTGCGGACGGAAGATTCGGTGCTGCTGGATCAGGCGCCGGGGGATCTGAAGGATGAGAAGCTTCTGGAAGGAACGATTTATGCGCTGCAACGAACGCTTGAGCCAACAGGGTTGTGTGCGCGGGATATTCGGGAATGCTTTTTGTTGCAGATTGATGCGAAGATGCGGAATGAGGGTGTGGATCTGGCGGTAGAGCGATTGCTGGTGAATGAGTATTTGAAGGAG
CP036425.1_gap45	2331336	2335897	4561	GACTGCCCTGCACCAGCGCAAAGCCCGATCCGCTGGATATTCTTCTTCGCCATCGTCGAACCCTCAGCAGGTGCTACTTCGAGGTAATCGAGCTTTAATATTGCCTTGATCCGGGTCACGAGCGTTTTGAGCGAAATCGGCTTCGCCAACTCGACCACCCTCCCTTGACCTGTCATATCACCCGATTTTGATGTGGGGCCAGCGATCATTGGATACACATCAAACGCAGGTTCTTCGTAGGGGTGAATATCCCGGAGTGCAGTAACCACTGCTACCAGCTTGTTTTTGGGCAACACCATTTCAACGCGCATCTCAGCAACCGATTCGAATTCAGTCGCTTGTCCGATGGCTGGATTCGTGGATTCATTACCTTTGAACGTACCATGCCCACGTGAGGTGAAGGAACACTCGGAGTAGTTGCCAATATTTCCAGCCCCAGCTTCTGAAAGCGATTCGCGGATTGCATGAACACTTGCTTCAGGTGCAAACGTGACGAGTTTGTATTGCTCTGCTCGATTATCGTGCGGCCGAATGGGCCTGATAAACACAGCATCATCGCCTGCAATGCCTTCTGCTAGAAATTGATTCACGCCAGTCGAGGCCGCGTCAAGTGCGGTATGCGGCGAATAAATTGCGATATTGTTCCGTGCTGCCAGCAGGATGATGTTCTGTTTGTAATCACTGCGAGTAAGTGCGGTTAGCGGCGCAAAGATCGGTGGATGATACGCAACAATCAAGTTCACTTTCTTCTCGATCGCTTCCTGCATGACGGATTGCGTGAGGTCGATGCAGAGCATGGCGCGTTTGATGCGTGCGGTGGACTCGACATGCAGCCCAACCTTGTCCCATGATTCAGCCAGGGATTCGGGGGCGATTGAGCGGAGAACGGTAAGCAAATCGTTGAGCTTCATGGGATTAGGATATCAGGTGCTACCTAAAATTGCAGCCGCTAGTTGGGGAATGTCGATAGAACTATCGGACGTTTGTATGCCCGTACTTTGTTGATGTGAGTCATCCTTATGAATCAGCAAACTGAAGTCATGAAAAATAATGTTGTGAAGGTTGCCGCGCAGAGCGGCCAGCTCAGCGAGATGTTGCCGGGCAATCGCCTGCCTATGGATACTGGGGAGCAGAAAGCCGCCTTGAAAAAGGCTCAGCAGGCGGAGAAGCGGGTCAAATTGGGGATGGAGCTGCTTAAGGCATCGGAAAGCCGATTGTCAGCGCAAACGCAGATGCTCAATGCGGTGCGGCGAGAACAAAAACAACTCCGCGAGCAGGTGCATGGCGACATGGCCAAGAGCCTGCAAAGCTACGATCAGTGGCTCGGACAGATCGATGAGAGTTTTAGCAAAGCGATCCAAATGCTTGAAGAGAAGGTCGATACGGTGATGGGGTTGTGGGAGAAAAAAGAAAAACAGCTTGATGATATGACCCGCCGATTTGAGCGTTTGTTCGAGCAAAATCAGCGTACGCTGATGGATATCAAGATGCATCATGCTGCGGGAGCGAATGGCGGCGAGGCGATGGGATCAAGTGGAAGAGATCGCAGCATGGGCGATGAAGAGGAGATGACAGCAGAGGAAGAAGCAGAGATCGAGATGATTTTGAAAGGTGAGTTGGTCGTTGAAGCTGGGGCGAGCGATCCGGCTGAAGAGGTAACGGAACCGATTGAGGCGGAAGAGGTCGTTGCTATGAATGATGAGGTCGTGATCAAGAAAGACCCGGCAGCGGCGCTGGCTGAACTGGCCGAGAAACGAGAAGAAGAAGCGATCTTTTCGACGGTATTGCGAGACATGAAGAACGCTCGAGAGCAGGAATCTGACGACTAGATTTCTCTGATGTTCATTTCAGGTTTGTGCGTAAAAAGGGTTTTATTTAACAGTGATAAATTGAGATGAATGCGCGCACAAAGGCGCGTTTTTTTGTTGTTTGTGCCGGGTATGTGCGCACAAAATCTTCAAATTAGTGACTTACCCGTAATTAAAATGAGCGCGTTTTGATCAGAAATGATTGGAAAACGCAAAGTTTTCTGCGATAACCGCGCGCTAACTGATCTCAGGCAGATTGAGGACCACGGATCGAGTGTCGAGATGATCAAGAATCTGGATTTTCTGTATAGCGAGTTCCTCATGGAGTTCTCGCTTGAGTGCTTGATGATGTGTTTCGTCAGGTTCGAGTCCGCCGCCGGGTGTGATCCAGTAGTGATTGATGTGTGGCGTTTTTGGGTTGACGGGCTGTGTGTCTTTACATTCGAGTAAGAGGACGTTGTTATTTTCATTGAGGATGACGGCTCGGGCTGCGTATCGTTGCTTCATGGTTTTGCCTTTGATGGATAGAATTGACTGGATGGATTATATGAGAAAAATATGTTTTGAATTGAACGATAGGTGAGATGAGCGGATACAGGAGTTCCCGACAATCGGTGTTGCTGACTATTGGTGTTGGAAAATTTGTGTTGATGGCAAAACCCCACGTTGATTGGCGTGGGGGTTGCGGTCTATTCGATTGATAGGTTGTTGCATCAGTTATTGAGGACGCGGGTGAGTTGGCGGATGGCTTGGCGAATGCGCTGGTCGTTTTCGACGAGTGCCATGCGAACGTAACCTTCGCCGAGGTCGCCGAAGGCGGCACCGGGGGTGAGGGCGACTTCGGCTTGATCGACCATTGCTAAGCAAAAATCGTTGGTGGAGCCGTTGTATGGGATAAGGTGTTTGGGGTTGACCTTGGCCCAGACGAACATGGAAGCTTTGGGGGTATCCACTTGCCAACCGAGCTTACGGAGGCTTTTACATAGGAGCTCACGGCGTTGAGCATAAACACGATTTTGCTGTTCGATGTGCTTATCGCCTTCACGCATAGCAACAATGGCGGCGATCTGGACGGCTTGGAATATGCCGTAATCGTAGTAGCCTTTGACGGTGGAGAGGGCTTTGATCATTTGAGGGTGACCGCAGCAGAAGCCGATGCGCCAGCCGGCCATGTTGTAGGGTTTTGAGAGTGTGGTGAATTCGACGCCGTATTCTTTTGCGCCGGGAGCTTGGAGGTATGAGGGGGCTTTGTAGTTATCGAAGCAGGTCTCGCCGTAGGCGAAATCGTGAAGGATCATGACTTGATGCTTGGCTGCAAGATCGACGACTTTGGCGAAGAAGGTATCATCGACGGTCATGGTCGTTGGGTTGTTGGGGTAGCAGAGGATGATGACTTTGGGTTTGGGCTGGAGGTGTTTGAGGACGTCGTCGATGCGCGCGAGGAATGCTTCGTCGTTGCCAACGGGTACGAGGAAGACGGAGCCGCCGGCGAGGATAACGGCGGTGGTATGGATTTGGAAGGCGGGGTCGGTCACGACAGCGCAGTCGCCGGGGCCCATGATGGCGAGGCACATGTGTGAGAAGCCTTCTTTTGAGCCGATGGTTGCGATGACTTCGGTGTCGGGGTCGAGTTCGACGCCCCATTTGCGTTCGTACTTGCGGGCCATGTCGCGGCGGAGGTTGTAGACGCCGGCGGAAGCGGAGTAACGAGAGTTGCGGGGGTCGGTGACGGCTTCGCGGATCTTATCGACGACGGGATCGGGTGGGGCGTCGGAAGGATTGCCCATGTTCATGTCGATGATATCGGCGCCGGCTTTACGGCGTTCGTAGATCAGTTGTTTGAGTTGGCCTAATACATAGGTAGGCAGCCGCTCTATGCGAGAGGCAACGTTGATATCCATGTTGATGTCCACCTGTTCAATCTATGTCCCCTGCCCTACTCATCCCAATGAAACAATCCCAATCTGATTCACAAACCTTGGGGGTGATCTGTGAGGAATTATTATACCAATCATGTTTTTATGCGGTCACCCGAAGCGTTTGGACTCAAACACCCTGCCACCGGCGATGGCAGGTTTGAGGAGTATTTGTAGTTAAACGATGATGGATTTTATTGACCGGAAGGCGCGTCGGTGTACTCATTTTTCTTGCGTAGCCAACTGTCGTGGAGTTCGGGCTGGAGGACTGTGACTTGCGAGGAGGCGATGTATTCGGAGGCCTTTTGTCGCATGAGTGTGGCTTGTATGCGGAGACGGAGTGACTTGGCGATCTGGTCTTTTACCTGGTCATATTGTAGCTCGGATTGGGGTATGATGCGCTCAAGCTTGAGGAGTGCGTAGCTGTTGTCGAGGACGATGGCTTGGGAGATTTGGCCGGGCTGGAGCTTGATGAGTTCCTGAAGGATGACTTGGGGGTAGTTCGCATCGACAGGGGAGATCGGTGAGAGGAGGCCGCCTTGACGGTTGCTGATGTCGGTGGAATTGGCACCTGCAAGGTCGGAGAAGGATTCACCTTTATCAAGCTGGCTATGGATGCGTTTGATATCGCGGAGGTTGGGCATGACGATGATGCGGGGTTGGTATTTGGGGCCGAAACGGAGTTCGTATTCCTGCTGGAGGAGTTGGGGGTTGAGGTTGACCTTGGCAGCGATGATAGCGCGAAGGGCTGCGTTGCGGTGTAGCATTTTGTTGAAGTTGTACTCACCGAGACCACGATCAAGACGGAGTTGCGAGAGAAGACGGACGGCTTCGTCT
CP036425.1_gap46	2352602	2353477	875	AGTAGCGGCAAAGATGATTCCGCAGCACCAATCCCTCTTGCTGATTCACAAACCAACGACGCTGTCAGCCTTCATGACACAGCCATCCCACTGATGGGTGACACAAATGCTGGCACCGGCCTCGGCCTTGGTAGCAACGATTCAACCGGCATCTCCGTCTTTGACGCAGGTGAAGTTGACGCTGCTGACCCACTCGCACAAACCGTTGCGAATCAGGGTAGCCAAATCTCACTCGAATCAGTTGGTTCCGGCTCCGGTCTCCTCGACCTGACTCACGAATCAAATGATGCCTCACTCGGTGCTGACCTCTTGGAAGATATCTATCCAGGTTCAGGCGACACCGCAGCCGGCACAAACATTGACTCCGCCATCGGATCTTCCGGCATCTTCGATGCTGGTCTGTCCGCTACCGGCGCCACTTCAGGACTCGAAAACCTCGAAGGTTCAATGTCCGGCACCATGACCCCTCCATCCATGAACGCACCACTCGCGGGTGCTGACTCCGGCTCTGGCATGGTCGATCTCTCAGACAGTTTCGAAGCACCATCCGGTTTCTCAACCGGCATGCTCTTCGGCACGGTCATCTCACTCGCCATCGCACTCATCGTCATGGTCGGCGCTCACGCAGACGTCCTCACCATGATCACCGGCATGCTCCGCAACTCACGCGGTGCATACGAAATGGGTAACACCTTCTACATCCTCACTGGCGGACTCTTCGTCCTCACACTCATCTGTGGCGGCATCGGCGCTGTCCTCGGCAAAGCCACCTCATAAAATTGATTACATTGAGATATACGCTGGCAGGTCTTCGACCTGCCAGTTTTTTTATACAACTCAACACTCACGCAAACATATCTCAAACCATAGTTTTC
CP036425.1_gap47	2410249	2412913	2664	ACGAGGAAATACTGTTTTTTAAGAGGCAATTGGCGTGATGATGGTTTCTTCTACGAGCGATTGAACTTGGGATAGATCATACTCGGCAACGCCGATCTGGGCAGCGTTTGCAGTGGCGATCGCGAGAGCTGATCGCAGGAGTTGATCTGCGGGGAGGTTTCGCATCTGGGCATCGATAAGGCCTGCGAGCATCGTGTCGCCGCAACCGACGGTGTTGATAATCTGATCGGGATTGATATCGACGTGACCTTTATAGGCATTGCCTTGTGGGTCGATGAGGATGGCGCCATCTGAGCCGAGGGTGACAACAACCCACTCGACACGTGTGGCGAGAAGACGGGCAGCATTCAGTATTTCATCAAAGGTATTGAATGAGGGAAGATTAAGCAGGTCGGCGAGTTCCTGTTGGTTGGGCTTGGCCATGTAACAGATTTTTTGAGCGGGTTGGGATGGAGAAGATTGGGACGAATCGATATTCAGGATATGCCGAAGGGCGTGGCCGTCGATGTCGAGGATGACACGAGAGCCTGCGGAGAAGGCGATGTTGACGAGCGTATAGAAATCGGCGAGATCAATACCTTCTGGGAGGGAGCCAGAAAAAACGAGGATGGATTCGGGCCGCGCGAGAAGGCCGATTTTTGTGGTGATGCGCCCGAGATTGTGGGAATTAATGGTGTAGCCTTCGGTGCGGATGTGGGTGTCGGAATTATTGGCGGTATCGATGATGGTGATATTTTCGCGTGTGGAGCCGGGAACTGTGAGAAGTTGGTTCCTGATAGAGCCGGGCTCGGCATCCCGAAGCGACTGTTCAAATTCATCGGCATGCTGCTGGCCGACAAAGCCAGTTGCGACACTCATCCAGCCGAGCCGCGCAAGGGTTCGGGAGACGTTGATGCCCTTACCGGCGGGGTAACGTAGAAGTTGGGTCGCCCGCGTGTGCGAGCCGACGGTGAAATTGTCGGCTTGAAGAACACGATCGCTGGCTGTATTCAGCGTGACGGTGATAATGGAAAGGCTTTTGCTCATTGAAAGATGATTTTATCACACCTTGGCAAAATATGCGGGTTAAGTGGGATTAAGCAGGGTATCCCTGATAACCGATATAAGTGATAGCGTTTAACTTTGATCATGATCAGGGGTATGCCATGTATCACGTACCTGAAAGACGGAAAGATTTACGAATTCGCATTGCGAGGTCGGTGAAGATTTACAATCACCTGACAGGGAAGTATCTGGCTGGAAAAACGCTGGATGTTTCTGCTGGAGGAGCGATGATTGTGTTTGGTCAGCATGCGAAGCTGCATCCAGGCCAGAGGATACAGGTGGGTATCGCCCGAGATGCGAGACAAGCATTGCTTGCAGCGGAGGACATGTTGGATGCAACCGTTATAAGAAGCTTGTCGCAGTCTTTAGGTGTGAGGGTTGCAATAGAATTTGATGAAAGACGTTCTATGAGTAAGGCTGCGTGATATTGAAGCAAAACGAAGTGAATATGCATTAGATCAGATTTTCCTTGATTTATAATGGTATAGCGCTTATTTTGCTTTTAACGCAACGCTGCAAAAATCGCACTAAATGCGAATCCAACCTTAACGTCCTGCTGGACGAACCAAACGCATCAACCTAGGAAGAGGGCACGATTGCAAAGATCGTGCGGCGAGACTGCAGCCATGATAAGTCAGAAAATTTTCGAGACGACGATCCGTCATTACCTCGCACCCATCATTGAATATCTCGATGATCCGGGTGTTGCTGAGGTTATGGTCAATCGATTTGATGAGATTTACATTGAGAAGAACGGTGAGCTAATCAAGACACCGGCGCGGTTTGTAGATCTTGAGCATTACGAGGCGGCAACGAATAATATCCTTCAATTTACGAGACAATCGCTAAACAGTGACAAAACGTTGATGGATGCGAGGTTGCCGGATGGCTCTCGTGTGCATGTGGCTAAATCGCCATGCGCGAGACGCGGAACTGTGATGACGATTCGAAAATTCAGTAAGGAAATGCTGGATATCGATTGGTTAGTAGAACTAGGTACGTTAACGCCCGAAGCGAAGGATTTTATTCGCCTTGCAGTCGAAGGCGAGATGAACCTTCTGGTGACAGGCGGCACGTCATCAGGCAAAACATCTTTACTGAACGCGCTCTCTGTATTTATCCCATCGGAACAGCGGATTGTTGTGATTGAAGATTCTGCTGAGTTACAATTACAAAAAGAACACATTGTTTCGATGGAAACCAAAGCGCCGGATCGCTTCGGTCATGGGGGTGTGTCTATTCGTGATCTATTCCGTTCATCGCTTAGACTTCGACCTGACCGGATCATTATTGGCGAGGTGCGGGGCGGGGAAGCACTGGACATGATTCAGGCGATGACATCGGGCCATGGCGGATCGATGGGGACATTGCATGCCAACAATCCAATGGATGCGATGAACCGCCTTGAAACAATGGCGATGATGGCGAAAGTGGATTTGCCGTTGGTTGCGCTGCGAGGTCAAGTCGCATCGGCGATTGATTTGGTGATCCAGATGTCTCGGCAAGAGGGCGGGAAACGAATGGTTACACAGATCTCGGAAATTGGCTCATTGGGTGAGAATGGTAGACACGTTTTACGGGATATTTATAGGCTCGAATCGTCTAAAAGCGATGATCCTC
CP036425.1_gap48	2415260	2417685	2425	CGCTCTATCCGGTATAGCGACAGGAATCATACTGTACAACAAACAAAGTTACGCATTTAAGAAAAAAATTTCCACATCAACAGAATTAATTGAATCTGCACAACAACACTATAATTCAGGTAATTTTGATAGCGCACTAAACTTCTACCGAACTGTCTCAAATGATTGGGGCGTTGATTCTAAACTGGGACGTAAGGCAAAATCGGGTATCAACCTATCAAAGGGCCAAATAGCATTACGTGAGAAAAATTTCAATGATGCGATTGTTGCTTTTAAACAGGCACTTGTGCTTGAAGGTTTGGATAAACGTCAAATCAATCAACTGATAGAAGAAGCAAAGAAACGACGTGATTTTTACGATGCGGTGAATCGCATTGAGCGAGATATTACTGAACTTCGCTTGCCTCAGGCCCAGGCAACACTCGAACAATGGCGTGATCTTTCTCTAACGACTGAAGAAACGGATCTCATCAAAGAACTTGAGATCAGACTTGGTGATCAAAGATTACAAATCGAAGTGACAGCCATTATTAAAGAAGCCGAAAAATTAGTGGCTATTGGCAGACGAGATCAGGCTATTCGTGAATTAGAAATTGCTAAATCTCGTATTTCCAGCTCCCAATTACGCCAGCAATATGAAAATCTTTTGGCGAATGCTTCCTACGATTTAGCGATCATTGAGGCGCAACGAGCAGAAGCTGACAATCAATATGGTAAAGCCGTTGAGTCATATATGGGGGCGTACAACATCAAAAAATCTGATGATCTTCGAGACAAGATCAATCAACTACAAAGTCGATCTGAGCTTGAAAAAGGCTTGCTCTTAATGCAAGAGGGCGATTACAAGCGAGCTAAAACTGCACTACTCAGTTCGCTAGGTTATAAGAAAAATGCTGCTGCGAATGAAGCACTTAAGCGTATTGATGCTGAGGATCAGTACCAGCTCTTTATGCAAGCAGGCCAAAAAGCAATGAATGAAGTGGATTTTGAAGTAGCGATGAATCACTTCAAGCAAGCTGTTGATCTAAGACCAACAGAAGCCGCGAATGAACAATATACAGAAGCATCGATTTTCTATTGGGCTGATCTATGTAAAGAGGCCTTACGGAATCGTGATCTTGATAAAGCTCAATCAATCATTGCAAAAACTGAGGCAATTGATTCGCTTCATGAACAAATTGATCCACTTCGCGAACAATTCAGCATTACGAGCGAATATCTGAAATTTCTCAATACAGGTGACAAGCAACGACAAAACTCAAGATTCTCTGAAGCCAAAATAAACTACCGCAAAGCGGCAAAGATTATGAAAACGGTCGAAATCGATACTAGGCTTCAAGATATTGAATTCGAGCATCTTCTTGCAAAGGCTCGAGCTTTGATCTTAATCGGCGACCGTAAGAATAGCCTTGCTGTTCTGCAAACCGCAAGTGAGATCCAAACTACACCAGAACTACACGAACTCATGAGACAGGTTCTGATCGAAGATGAAAAGCAATAATCTGTGAACAGGCAAATAATATGAATTTCACACAAAACCAATCCGCAACAGCCAATGCACCGACACCGGTTATTCAACCGAAAAAACCACAGCAAGGCAGTACCAAGCTTGTCATCATAGCGATCATCATCGCATTATGTGTAACAGTATTGAATTTCCTTTACATACAATCTCAGCTTAGTAAATCTGAGAAAAATTCAGTCGTCTTTTATCGCTATAAACACAATATCAAAGCCGGTAAAATCATTCGTGAGAATGATATCGAAATATGCAAATTATCCGATACCTATCGTAATTCGCTGCCTGAAGCATATATTGATGAATTCAATAAAACCGATTCATTGGATGTTATAACGAACAAGCCGCTCATGCGAGATGTGTATGAGAACCGTATTGTTTTCTTTGCTGACTTTACTGAATCTTCTTATGACCGTATTGATAAGAAAATTTCAATGGGTAAACGCCTGATCGCATTACCTGTTAATTACAAAACACTGCCGGGGATTCTTCGTCCAGGAATGTTTGTTGATATTGAAGCGCCATTCATGCAACCCCGCTCTATGATGACCAAAGTGATGCCAGTTATGGAGCGCGTCAAAGTCATTGCTGTTGGCAAACAAAGCTTGTCTGATGAAATGGTCGCTAGCAGCCGTAATGCCAGAATTGGGAACTATTCCACCATTAGCATTGAGGTTACTCCGGAACAAGCAACGCAGCTCTCAAGCATCGCAAAAATCACAGCAGGTGATTTTGAAATTCATCTCCGATACCCCTCGGATAATGAACGCCCTAAATTGCTTGACATAGGCATCAATCCTGATGTCATGGAACTCATCGGGCGTACAACTAACGGGCAACGATAACCTCGTAACGTGAGATTCACCTATGATTTTCTGGGTTTACGACCACAGCACCAATACACGT
CP036425.1_gap49	2421540	2424991	3451	CTCACCGATCAAAGTTAAAGTTGGCCGCGATGTTCTTTTCGAACTTGAGCCGCTCTCTCATGCTGAACAAGCATCAACCGCCACCCAAAATGGTAGCGAGCCGGAAGTAGAAAAATCCTCTGCCAAACGCATCAAGCTCTTCAGTATTCTTGGCAGTGTGTACGCTGCTGCGCTCTTGGCACTCGTCCTAATCCTCAGTTCACTCTCTTCCTCAGATTCAACAATGGGCAACACAAAAGGCCTCAACATCACCGAGACCGCAATCCGCCAAGAACTCTTCAAAAATCACCCTAAAGAAACGCCCAACCCCAGACAAGTTGCCGAGTTCATCAATCATGCCAACGAGCGACTTGCCCTCAAAGATTCAGAGCCTGAAGCACTTTATGATGCGCTACGTGCACTCCGTAAAGCGCAAGCATACACCGACCAGCGAACCTTCTCCGATCCCATCTACAATCGGCTTCTAACCGAACTCCAGGAGAGCATGACCAAGCGACTTTCTGACGATATGCAGCAAGCCTATCTCCTGTTAACTTCACGTAAATATCAAGCCGCAATCGACCACTACAACGCCATCGAACGCTACTATCCAGCCAACAACCAAAGCTCCATCTACCGCACACTCCAAAAGAATCTCGCAACTGCTATCCGTGGCAGAGAACAACGCAAATAACACACACACCCGCCAGCTTGCATCTCACCTTCCTCATGGCATAAAGTATGCCTATGAACACGGAATCCGAGAAACCATCCAAGTTGTCACACCTGCCCTCTGAAACCGGCCATTACGGCGATTTTGGCGGTGTTTTTGTGCCTGAAACCCTACATAACGCTTTGGTACAACTCACCAAAGCATATGAGGACGCCAAGCATAATCCAGAATTTCAAGCCGAATTCCAACGTCACCTCAGCGAATATGTTGGCCGCCCAACACCACTCTATTATGCCGAACGACTCACCAAGCACGTCGGCGGCGCCAAGATCTACTTCAAACGAGAAGATCTATCCCATACCGGCGCTCACAAGATCAACAACTCAATTGGCCAAGCCATGCTCACAGTCTGCATGGGTAAAAAGCGCATCATCGCTGAAACCGGAGCCGGCCAACACGGCGTCGCCACCGCAACCGCCGCAGCTAAATTCGGCCTGCAATGCGACGTCTTCATGGGCACCGAAGACATGCGTCGCCAACAACCCAATGTCAAGCGCATGCAACTTCTCGGCGCCAATGTGGTACCCGTCGAATCAGGCTCATGCACACTTAAAGACGCGACCAATGCCGCCATGCGTGACTGGATGAGTACATCCGAAACCACGCACTACATCATCGGCTCTGTTGTTGGCCCGCACCCATTCCCACAAATGGTTCGAGATTTCCAGTCCGTCATCGGCATCGAATGCCGCGCACAATGCCTCGATCAAATAGAGCGTCTCCCCGACACCGTCATCGCCTGCGTCGGCGGCGGCTCCAATGCTGCTGGCATTTTCTACCCATTCATCGATGACAAAGACGTTCAACTCATTGGCATCGAAGCAGGTGGTCGCTCCAATCAGCTCGGTGATCACGCCGCCCCACTCTCCTTTGGTGGACCCGGCATCCTGCACGGCTCACGCAGCTTTATACTCCAAAACAAAGACGGCCAAACCTCACCGGTTCATTCAATCTCTGCGGGCCTTGATTACCCCGGCGTTGGTCCTGAACACGCCCACTGGCATAGCAGCGGCCGTGTATCATACGAATCTTGTACCGACACCGATGCCCTCAAAGCATTCACTACCATGTGTCGTATCGAAGGTATCATCCCCGCACTCGAATCATCACATGCCATCGCAAATGCAATCACACACGCCGCATCCATGCCATCAGATCAAATCCTTGTCGTTAACCTCTCAGGCCGAGGCGACAAAGATTTGGAAGAAGCAATCCGCCTGCTTGATGATATGACCTGAACCCAATTCCAAGCCAAACAAACAAAAACAGCGATGCTTCATGCATCGTTGTTTTTTTATCACTCGTCCTGATTTATTCATACGTGCCGTAAGTTATCTTCTGATTCAGAACCGCCGGCCCATCCACCTCACGCACACCCACACGTACCGAAAATTTCTTTAATGCCTCTTCAACATCCTCGAAATAAAACCTTCGCATCACCGTCTCACCCGGCATCAACTTCGGCACAGGAACCTCTTGCCGACGTTTGCCCTGTATACTCGCAAACGAATACAACGTCACTTCATCTAAGCTTCGATTAGATATCAAACAAACCAGCACCGCATCCGTCGCCCCCTCCTGCAATCCAGGCCGCAATGATAATGTTGCCGAGAAATCAATCCCCTCAAGCCCCAATTCCATCGGCGTCCCCATATCAATCTGATAATCCATATCTGCAGTAAATTTAAACCTCGCAACCAACTGTTTATCACCAGACGTCTCTGAAAGCGGGAACCGCAACTTGATCGACAAACTATTTTTCTGACCTGCAGGTATCGAGAAGAATTGACGTACAGGCTCCATCTTCCATCGCTCTGGCCCTTTGACTTGCAGATACCCAGAGATCGTACGATTCCAAGGATTCTTCAGCAAAATCTTCCGCTCATGCATCATCTGCTTTGATTCAATGAACGGCTCAGATAATTTAAAACTAGCCCTAAACATCGCCAACTTCGTATCAATCCCTTCAACAAAAACCGGCACCTTGCTCAGCTTAATATGATGCTTTCCACCCTTTAATTCCAGCGATGTTCTGTTCCCCCACACATCAACCAATACCGGCGATTCGCCCAAATACATCGACAACTCTCGTTCCCGACCATCTGCCAGATCATCCCATACCGCCAGCATCCCCCCTTGCCGACCATCCAAAACAAGCCCCTTCAGCCCCCTCTCCAATGGCAACTCTTCAACGACCTGTCGCTCTGCCAACAGCTGCCCCAACTGACTAAACGCGCCCAATATTGGGTCAGGCAATACCGCATTTCTACGCTCAGCCGCCCTCGTCCATGGCCGGCGTATCGCAAGTACATTTGGATCTTCACGCCATGCATAAAGCATACGCTTCACCAAATCACTAACGCGATCAACATGCCGATACCGTGACGCATCTAACGACGGGAAATACACCCAAAACGGCGGGCGATCCGTCTGCCATTCCTCTAAATACGCGCCCAATTCATTTGGCGCAATCCCCTCAGATGCGCGTAGCAAATACGTAACATCCTCTTTATCATCCACGTCCATCGGCCGAGCCTGATTCAACTCCCAGGGCAACATCAAATCCGGCGTAGGCACCATCGACCTCAACCGACTGCGTGCCCCGCTTACTTTCTCATCCAACTTATCAAAATAAAACGCATCTGGATCTTCACTGTAACCGATCTGCCAGTTAGAAATCCGCTGCCCCAATCGCATCATCATGGGTGCGATATGCTGCCGCCACAACGCCTCTTCACG
CP036425.1_gap50	2570934	2571886	952	TTTTGATAGCCGCGTAATTGAGTACTCGGCGGATGGTGGTAATCAATGGACACATGTCGAGACACAATCGGGAACGTTGAGCGGTACCTGGGCAGCATACAGTTTGGATTTAAGCAGCATTACGCAAGTAGACAATAATGCGGACTTCCAATTCCGCATTACTTATGACGGTGCTACTGCGGATACTGGAAGAAACCGCTGGGACAATTTCTTCGTGCAGGGCGCGGTTGCGGCGATTCCAGAACCTGCATCATTGATGCTGATGGGCCTTGGCTCGCTTGCGCTTGTGAGACGTAAAAAGAAGTAATAAAAACCAGTGAGATGTGCAGATTCAAAGCCACCTCTATGCAGGTGGCTTTTTCGTTGGCTGTATCTGGGAAGGGGCGTATGAATGAGGGAGGAAGTTTCCAGCGATCAGTCAGGTCGCGGCTATTGGAGTTGAAGGAATTGAATTGTGTGTTGTAGGTAACCCACACGCAGAGCGTATGGGCTTGAGATAACGTAGAAATTATCTTGTTGCAGGCAATTGAAAAGTTTAGGGGGTAACACCCCGCCACCGGCGGTGGCGGGCTTGAGGTTAATGAAATGGATGAATGAGGATGAGTAGGGACAGGGAGGGGGTGATGGGGGGGGTGATGGGGGGGATGGATCAAAAAAGCACACGATGGATCGTGTGCTTTTGAAAGTTTGTTCTGGTTTTTATTATTGGATGATAATCAGGACACTCGGCGGCGAAGGAGCAGCAAAGCGGGCAAGCTCATTAATAGCATTGATGCGGGCTCGGGTACTGAGGACACATTTAATGTGAGGCCATAGTTGCTTAGATTTGAAGCGGGGGTGTTGATGTTGCCTGAGATATCGGATGTCATGGTCATGTACAAACGGTAGGTGTGGCCTGCGGTTAAGGTTCCGGAGTAATCGAGTGTGCCGTCGTAGCTGGCCTGCTCGGTTA
CP036425.1_gap51	2573190	2576396	3206	CGGTTCGCAAGACCGTGAAGCGTATTGGTTACACGGATCCTCGCATGAAGTTTGACAGCGAGAGTTGTGCGGTGCTTCGCACGATCCACGGTCAGTCGGATGACATCAGCATGGGTGTGACTGAGGGCGAAGGTCTTCATAAAGAACAAGGTGCTGGCGACCAGGGTTTGATGTTTGGTTTTGCTTGTAAGGAAACTGAAGATCTGATGCCTTTGGCAATTGATCTTTCGCATAAATTGATGGAGAAACACGTTGCAGTTCGCGAAAGCAACAAGGTGAAGTTCTTGCGTCCAGATGCGAAAAGCCAGGTGACAGTTGAGTACAACAAATACAACAAGCCAGTGCGTGTTGATACGGTTGTGATCTCGACGCAACACGGCCCTGAGTGGAACGGCGATGACAAGCAGGCAGAGCTTCGGAAAGAAATTATTAAGCATGTGATTGAACCTTGCATGCCTAAGGATCTGTTCGATGCGAATGACGTAACGATTCACGTGAACCCAACGGGTCAGTTTGAAATTGGCGGGCCTCACGGTGATACCGGTTTGACAGGTCGTAAGATTATTGTTGATACGTACGGTGGTCGCGGTCGTCACGGCGGTGGCGCGTTCTCGGGTAAAGACCCGTCGAAGGTTGACCGTTCGGCAGCTTACATGGCGCGTTACATTGCAAAGAATCTGGTTGCTGCTGATTTGTGTGATGTTTGTGAAGTTCAGCTTTCATACGCGATCGGCGTACCTGAGCCCACATCGGTTTGTGTGGATACTTATAGCTCGAACAAGATTCCTGAAGATGTGATCGGTCAGATCGTTCGTGAAGTGTTCCCACTGACACCGGGCGGGATCATCAAGACTTTGGATCTGAAGAAGCCGATTTTCGAAGCGACGGCTGCTCATGGCCACTTTGGTCGCAAGCCAGGCAAGAACGGCGAATTCAGCTGGGAAAAACTGGATAAGGTTGCGGCTTTGAAAGAAGCAGCGGCAGCGAAAGCCTGATTTTGCCCCCCCGGAAGTTGGCCCACCCGGAAGTTGGGCTAGCGGAACACCCCACCACCGGCGGTGGTGGGCTTGAAAATTGGGGGTGAGGGGGGATCCAATGAGTTATTGGTCAATTTAGATATACACAATGCGTGAGGCTTAGGGCGGGCCCCTGAAAAGGACGATACAATAGTCGTATCTCCAATGGGGCTGAGTCCTGAGCCTCACGTTTTATATTTAGAATTCTCAGTACGTTTTTCAGTCAGACAAGACGTATTGCCATACAGATCGATAAATGTAAAGGTTTTCTGGGCATAAGCTTACTGGCTAGTGTAGAATGCCAAGAACAATCTATTTTTAGGAAGATTAAGTTACGAGACAGGCAAGAACTAGAGAGATGATGCAGATCAAGAGAGGCATACCAGTTTCGCCAGGCGTCGCGATTTTTACGGCGTTTGTTCTGGATGCTGAGGATCAGCCTGTTCCGAGGCGGTTGATTTCACTGGGTAAGGTTGATGACGAGATTGTGCGGTTACAGAAGGCGGTGGGAGATTCGATTAGTGAGATTGAGGGATTGCGAGAGCAGACGGCGAGCACGTTAGGTGAGGAGCTGTCGAAGATTTTCAGTTTTCATGTGGGTGTGCTGGCAGATCAGGCGCTGATCAAGCAGATTGAGCAGACGATCACGACGACGCGCGTATCGGCGGAATATGCGGTTTATGTGACGCTGCGGAAGCTGGCGAGCACGTTTGCGGCACATGATAGTCAATTGGTACGTAAGACGGTGACGGACGTTCGAGACTTGGAACGCCGAATCTTGAAGCACTTGATCGGGAGCAATCGGGAAGAGCTGAAGAATCTGCGTGGCGCTGCGATTGTGGTGGCGCATGACTTGACGCCAAGCCAGACGGTGACGTTGGACAAAAAAAAGATTAAGGCGCTGGTGACGGATGCTGGGGGGCGGACGAGTCACACGGCGATTTTGGCGCATGCATTGGGGATTCCAGCGATTGTGGGCTTAGAGGATATCACGGCGGATGTGTCGACGGGTGACACGATTGTGGTGGATGGTAATCGTGGCTTGGTGGTGATTGAGCCTGATGCGGCGAAGCTGATGGAGTATCGCGCTGAGGCGAAGAAAATGGCTCAGCAGGCGAAAATTCTGCGAGAGCTGCATGATAAACCGGCAGTAACGAAGGATGGGACGGAGATTGGATTACAGGCGAATATTGAGTTCCCGGAGGAAATTCATCATGCGCTGAGTAATGGTGCGGTGGGGATTGGGTTGTATCGAACGGAATTTTTGTATCTAGCGGCTGAGAGTGTTCCTACGGAGCAGCAGCAGTATGAGACGTATGTCCAGGCGATTCAGGGGCTGGAGGGAAGGCCGCTGACGATACGTACGCTGGATTTGGGTGCGGATAAGGTGGTGGAGGATTTGACGCCATCGAGTTTGTGGAATGAGCGGAACCCGTTTTTGGGTTGTCGGTCGATCAGGCTTTGCTTGCAGAATTTACCGCTGTTTAAGACGCAGTTAAGGGCGATTTTGAGGGCGAGCGTTGAGGGGCCGGTGAAGATTATGTTCCCGTTGATCAGTAATGTGATGGAGTTGCGTCAGGCGAAGATGATTTTGTCTGATGTGAAGGAGGATTTGGAAGATCAGGGGATAGGGTATCGGGAAGACATTCCGGTGGGTATGATGATAGAGGTGCCGAGCGCGGCCTTGCAGGCGTTGACGTTTGCTCATGAGGTCGATTTTTTCAGTATTGGCACGAATGACTTGATTCAATACACGGTCGCAGTAGACCGTGGAAATGAGCGGATCGCGAGTTTGTACTCGGCTGCACATCCGGCGGTAATCACATTAATTAAGGAAGTGATCCGTGCGGCGCAGCGAGCGAAGATTGATGTCAGTCTTTGCGGCGAGATGGCGAGTGATCCGGAGTTCACGATGTTGTTGATTGGCTTGGGATTGAGGAATTTCTCGATCACGCCGCCAGCACTGCCAGAGATCAAACAGTTGATTAGATCGGTGAGTGTAGATCAATGCAGACGGGTTGCCCGGAAAGTAAGCGGGTTTGACTCGAATCGTGAGGTACTCAACTACCTTAAAGGTGAAGCAGGAAAAATTATGCCTGAAGTCGTCGGTGGACGTTCCATCGGATATTAGCTTTGGGTGAAAAGTAAAACGTGAACGCGATGCTCGCTGAGATGATTGAGGAATTGTAC
CP036425.1_gap52	2578620	2583461	4841	GAAAGATCTTCTGAACGTGGGCGATCATCGGATCGCAGCAGGCGTAGAGGTGGTAAGGATGAGAAGCGTGAAGATGTGAAGGTTGAACCGCGGAAAGCTGAGGATGTTGCTGAACAGTATAAAGCGGCGAAATCGGATGAGAAGAAAAGTAGTACACGCAAGAAAACCGTGAGGAAGAAACGTGCGACGACTTCGAAGAAGAAGTCAGTACGAACATCGAGCGTTGATAAGCCGCGTAAGGTTTCACCGGAACAGGTTGGCAATGTTCTGGAAGAAGCTCGGGAAGTTAAAGCTGAAGTGAATGGCAATGTTGCGGATCATTTGGCTGAAGAGAAGAAGCCGATTCGCAAGAAACGTTATACCACACGTCGTGTAAGTAGTGACGATGTGGCGGGCCATCAAGCAGCACCGAAACCCAGGACGAAAGTTCGTAAGAAGCGTGCTTCGACAAGCCGCGCGGAAACGGGCAATCAGACTAGCAATGCTGATGCTGGGAATGAAAAGAAGGTTGAAGGACGTACGGGAAGTAAGGTTGTGCGTCGCAAGAAGCGTTCGAGTAAGAGCGTGAAGAAAGTCGAAACAAAAAGCGTTACGAGCAGCGGCTACAGTAACAGGATGCTGAAGAAGTAAATGATCGTGTTTCGTGTTGCAGTTTGTGTGTGACAGAACCGTCAGACAGAAGGGAACTTGTTTGAAGGCAAATCGTCAAGGGAATGCAGGGAAACGCAAGCTGATTGTGTTGGGCTCGTCGGGTTCGATCGGTGAGAACACGCTAAAGGTTGTGGAGCATTTGAATGCGCACGATCTAGCGGATATTGATGTGGTGGGACTGGCGGTGGGGAGGCGTGTTGATGTACTGATCGAACAAGCGAAGCGATTTGGCGTGAAGCATGTTGCGGTGGGGGATGAGTCCCAGGTTGAGGCGGTGAAGGATGCGCTGCCTGGGATACAGGTTTTTGGTGGGGAGTTTGCGACGAAGGATTTGGTGGAGGCGGTTGAAGCGACGGATCTTGCGGCGGCTGTTGTTGGGTCGGCGGGCTTGCCGGCAACGATGGCGGCGATTGAGCGCGGGATGCGGATCAGCCTAGCGAATAAGGAAACACTGGTTGCGGCAGGTGAGTTGGTTTCGCCGTTGGTGCGGGAGCATGGCGCGGAATTGTTGCCGGTGGATTCGGAACATAGCGCAATTTTTCAATGTTTGCACGATCATCCGAACCGGATGGTCAAACGGATTGTATTAACTGCATCGGGTGGGCCGTTCCGTACGTGGGAAAAGGAAACGATTGAGGCGGCGACGGTTGAGCAAGCGCTTAAGCATCCGACATGGGAGATGGGACAGAAGATCACGATAGATTCGGCGTCGATGATGAATAAGGCGTTAGAAATTATTGAGGCTCACTGGCTGTTTGACTTGCCGGGCGAGCAGATAGATGTGATTGTTCATCCGCAGAGTGTGATTCATAGCTTTGTGGAGTTTGTTGACAATTCGGTGCTGGCTCAATTGGGGCCTCCGGACATGAAGACGCCGATCCAGTATGCCTTGACGTATCCTGAGCGTGGATTGGGCGGTAGTGAGAAGATGGATTGGCGGACGTTGTCACAATTGACGTTTGAAGGGCCGGACGTTGAGCGATTTGGATCGCTGAAACTGGCGTACTCGGTAATCGAGGCTGGGGGAACGGCTGGAGCGATTTTTAACGCGGCGAATGAGGCGGCGGTGGCGGCGTTCTTGGGGAGACAGATCCCGTTTGGCCAGATTACGCGGCTGGTGACTGAGGCGCTGAGTGCGATTGAGTCGAAGCCTGTGGATAGTCTGGAGACGGTGATGGAGGCGGATCAGAAGGCGCGGGCGTATGTTGATCAGCAGATTGGTCAATATGACGCGAATGGGGTTTTGTGAGGAAATGAGTCGGGTTTGAATGTTGGTGGGAGGGATGAGCCGACGAAATAAGGGTGCGATAATTGGGGGATGGTAGAATTTGGAGCGCTGTAAGAGCGAAAGCTTGAGAAGGCGAAATGAGTGAGCATTGCGAGATGCTGGAAATGAAATGATGCGGCGAGAGCTGCTGAGATATATTTGGAGCGATTGAAGCCGATGGCTGTATTCTCTTTTATCAAGTTTCTGATTGGTTTTGGTTTTCTGATATTCGTCCATGAGTTAGGACACTTTCTGGTTGCGAAGTGGGTGGGTATCAAGTGCCCTCAGTTTGCGATTGGATTTGGTACGGCGATGGTGTCGTGGCGTAAAGGGATTGGTTTGAAATTTGGCTCGACTGAGCCGGAGTATGAGAAGCAGATCTTGGCGCGGCTGCTTTCCGAGGGGAAGGTTGAGCCGGGCACGAAATTTGAGGATATCGATAACCAGCTGAAGGATGATGCTGCGGAAGCGATTGGGTTGGGCGAAACCGAGTACAGGCTGAACTATCTGCCGTTAGGCGGGTATGTGAAGATGCTAGGGCAAGAGGATATGGATCCGAAGGCTCGGAGCGTTGACCCAAGGTCGTTTAATAACAAGCCGATCTGGGCGAGAGCTTGCGTGATTTCGGCGGGTGTTGTGATGAATGTTATTTTTGGATTTTTGTTCTTCATTCTGGCGTTCCAAATTGGCGTGAAGTTCCCACCAGCGATTGTTGGTGGTGTGTTGCCGGGGATGCCTGCGGCGACGACGTATGCTGAAGGACATGAGGACGCGGCGGGTTATCAAGGCTTGAAGGCTGGTGACAAGATTGTGTCGGTGGATGGGAAATCGATCAGCGAGATGTCGGATCTGAAGGTGGCAAGTGCGCTGAGTGATGGCGAGACGCCGCTGGTATTGAAGATTGATCGACCCGGTGAGAAAAATGAATTAACTTACAAGATTAAGCCCAAGCCAAACTTTGCGATGGAAGGCTTACTAGGAATCGGAGTGGAAGATCCACGTACGACGACGGTCGGTTCGATTTTGCAGACAAGCTCTGCGTATGAGCAGGGTGTGCGTGCGGATATGGATTTGGTGGCGGTGAATGGGAAGCCGATTGAGAATTATGGGCAGCTTGTTTTGGCGCTCAATGCGTTAAAGGGGCAGCCGGGCGAGTTTGGGTTTAAGAGTGAGGATGGGAAAGAAGTCGTTGCTAAACTGCAAGGATCGCCGCGGCTTGAGTATGGTGGCGACGGGCTGGATCAGAATTTGGCGGGATTGATGCCAGCACTGATGGTGGGTGGGTTTAGTGAGAAAAATAGTGCGTTGAAAGAAGCGAAGGCTGAGGAAGGCGATTTGATCGCGAATGTGGGTGGTGTGGAATGGCCAACGCTGATGATGCTGCAGGCGAAATTGAAAGAGGTGGGTGACAAGCCGGTACAAGTGACGGTGATGCGAGATGGTGATTTGGTGGATCTGGGTGCGATCACGCCTCGGAAGGGCCTATTGGGCTTCCTGCCTGACTTGTATTTAGAGAAACCACTTGTAGCGCAGACATTGCCAAACACACCTGCGGCTGATCTGCAGCTAAGCAGCGGGTCGTCGCTGGTTTCGATTGGGGGACAGAAGGTTGGGAGCTGGGGTGATATTCAAAGGCTCTTGTCTGAGGTGAAGGTTGGCGAGAATGGCGAAGCAAGTGTTGATGTGTCGTTCATGCTGAATGTTGCGGGGCAACCGATTGAGAATAAGCAAATGGTACTTGATACGGCTGCAGCTCGCGGATTAGCGAATGCTGGCTGGCGGATCACGAATCAGATGTTCTTTGACACGCTGATGTTGCCGGTGATTGCGAAGAATCCGATTGAGGCGGGCAAACTGGGGATGGTGAAGACGTGGCAGTTTACGGTGCAGACGTATCAGACGCTGGCTGGTCTGGCGCGAGGGACGGTTGGGATCAGTAATCTGCGTGGGCCGGTGGGGATTCTGGAAGTAGGCACGAAGACGGCATCAAGAGGCTACTCTTGGTTGTTCTTCTTCCTTGGGCTGATCAGTATCAACTTAGCAGTGCTGAACTTCTTGCCGATCCCGATTGTGGACGGCGGGCATATTGTGTTCCTGATTATTGAGAAGATCAAGGGATCACCGGCGAGTCCGGCGGTGCAGATGGCGGCGTTGTACGTTGGCTTGGCACTGATCGGGATGGTGTTTGTGATCGTGACTTATCAGGATATCGTGAGAATTGCCAGCAGCATCTTTTGATGCGTCATTCTGATACATCACCTATACCGATTTTCGGAAGATTTCGCATAACTTGCATATAGTTCGACACTTGGTTCTGAGTGGCTGCTCATGACGTAAAAATGGCGGATGTATGGTGAAATGACAAGTATTGGGCTTTGCAAACAGCACTGGCCATAATATTGATGAAACGAAGGGCTGATACGTATGTTCGCGAGAAAACGTATTGGCCTTTATACTAGACGTTTTAAAGCGTCTTTCGTAATGAAGCCTAGGCTTTGCTGTGGGTTGATTACTTGACATCAGATGATATGACGAGTCAGCGGTATCGAGCTTTTTAGTTCGAATTTTGTGAATCATTACACACCTGACTCTGAGTGTTTAATCCCGTTTAAGGATAGAGGGAATCGATGAGGATTTTGGTACCCATAATTGCAGTCCTGTTGGGCTTGCTGTTCGCGGCAGCGTTTCTTTTCCAAGGCGCTGAAGATGAAGCTTTGGTGCAGGAACAGACTACAGCAATTGAGCAGCGTGAACAGGCAGAGGCGAAGGCTGTTGAGCAAATAAAGCGTGAGGTGGATGAGGTTAAGGCCGAGCCGCAGGTTGAAACGCCAATCGTGACAGAAGTTGCACCGATCGAAGGGTTGAAAGTACGCCAAGCAGCGATCTCTGAATCACAGACACTGGGTTCTGATGACACTAAAAG
CP036425.1_gap53	2594822	2599672	4850	TGATCGCTTAAGATCATCGATTTCAAAACGACTATGCCAATATCCATGGGAAGCAATCTCACAATCTTTAGACATCGTCTTAACAAGACTTTTTTGATGGATAGCAAAGTTAGCTGTCGTAAAGCAAGTTGATTTTATTTGATGTGATTTTAGAAGCTGAAGAATTTTCTGCGTACCTGAAGCTGACACAGAAATTTGCTCTGCTTCGTCAATCGATTGCCCGTACTCGATCGGTATATCGAACTCTTCGACATCGAAACTCAGCATTATTTGCATGCAAATACTTCCCCAAAATACTATTAAGCCTAATCTGCAAAATGGCTTTGAGCATAATAAGAGGCTCTAACCATAAATTCATTTTAGACACTTTGTAAGAATGCGATTTTGAAACACTAGCAGGTATTTCTGCTATTTTATAACCTCTTCGCTTTGCTAGAAATAAAAGCTCAGCATCAAACGCGAATCCGCTCATACGTTGATACTGAAAAACATCAAGAGCAACATCTCGTTTAAAACCTTTCAACCCTGCTTGCGTATCTTTGTAAGGCAATCCCAACACAGCGCGCACAATCAGATTAAACACCTTGCCCATACACTTCCGTCCAAGACTTATATTTCGCTGCCGAAAAGGAATCAATTTCCTAGAACCTATAACGACATCAAAATCTAATAACTTTTTGCGAAGACGAATAATGTGATCCAAAGAATAAGCAAGATCACCATCTGTAAAACAGACATAAGGCGTTCTGCAAGCCAATATAGCACTTTTTACAGCTTCCCCTTTCCCCATGTTTATCGGCTGCTGCAATAATGTAATACGTTCATTAATACCTGCTCGACAGAGGCGGTCCGCAATGATTGATGCAGTCGCATCGTCAGAACCATCATCAACAAATATGAAATAATAGTTGTTGTGCTTCTCAACGAAATCAATAACGCGATTCATGACCGCATTAATTAACCCGGCTTCATTGAAGACCGGCAAGATTACTGAAATTTTTTCCAAAGCTACCTATTACTCCATGCCACATACCCAAGTTTACAAACCATATTATAACAAGATTTTGCATTCTTTTGTAAGTCCGCAAAAGGCATGAGATCTTAGACATATCCCTATATACACACAAATAAAAAGGCGTCTTTAGTTTTCTAAAGACGCCGCTCAAATCTGCTTATATTCTTCCTAGTAAGTATCTCGTAAATGCATTACCCTTAAATATTTCTGCATATCTGAGACACTCACTTTTTCACGCGTATTAAAGAAAACCAAACGCTTTCTATCCGGCAATAATGTAAAGCTGCTATCTTCAAATGAACCCTTCAAAGGCCCCGTATCAAGGTGAACAAAAAATGCAGGATGATCTGCTTTCAGCTCAATTCCAATCTCACCATTACAATCCTTAACGACCGCCTCAACCTTAACCTCTGGCAAATCACATTCCTTAAATTTCGAGAAGAAATGTGTATTCTCATGTATCAACGATCTCTCAACACCGCGGCCATTCTCCTCATATAGCCGCATGTGCAAAAAGCCATCTTGTGGATCATTCAACAATCGTTTGATACCCAAATCAGCAACTTGTAATGATCGATCATCACACTTAATGCCGCCAATCTGTATTTCTTTTGTGATTTGGCATTGCTCATTGCCTTCGAAATCATATACCGTCATCTCTGCAACACAATCAATCTTCCCTGGCGTATCTTTCATCACCCAGATTTCGACATGATCCTCATCTTTTTGGAATGCAGAAATCAGCACAGGTGCAAAAAATCGTTTTGCATGATAATGAAGCTGCTTCCATTTACCGCCATACTCAATACTAGACCATGAAGCCACAGGCCAATTATCGTTCAACTGCCAATATAAAGTCCCCATACATATCGGCTGCATATGTCGCCAGTACTCAACCGCTGTTTTGATTGCCATCGCCTGCTGGACCTGGCTTAAATATAATTGACTCTCGAATGAGATCGGCATCCTAAAATACCGCGTCATCATTTCAATGATCTTGCCATTACCCCCACCCGTTCCATTCCTCTGATGGTGTTCTAAAACTGGAGACGTAACATTCCATTGATCTTTATCAGCATATGTTTCGACCACACTCATCGAATTTAGAGACTGATATCCAAATTCGGAACAGAAACGTGGCACGACACGATAATATTCTTCAAACGACTTACCCTCATGCCATACATTCCAAAAGTGCATATCCCCGCAACTATCATCATGCCATGCATCTCCAAAATCATCTGGTCCATTGCATGGCGAACTTGGCCAAAACAACCTTGTATCATCACAAGCCTCAATTGTTCTACGAAGTACACGATTTAATCGATCATATTGAACAAGAAACAAATCACGTTTCCCTTCTTCAAGATCGAAAATACCATTGAGAAACCCGATGAGCTCATTGTCGCCGCACCATAGGACAATACTTGCATAATCACGAAGACGTTTGATCTGGTATTCAGCTTCTTCTTCAATTTCAGCTAAAAACTCATCACTTGCTGGATACAATGAGCACGAAAACATCATGTCTTGCCATACCAACAATCCTAATTCATCACATTTTTCGTAAAAAAGATCGTGTTCATATTGACCTCCACCCCAGACACGAATCATATTCATGTTCGCTGCAACAGCATCCTCAAGCAGATCCGTATAAACATTGTCTGTATGACGTCCCGGCATTGCATCAACAGGAATCCAGTTCGCCCCTTTGCAGAAAATATCACAATCATTGACTCGCAAAGTCATACTTCTGCCAATGTGATCCTTGCGTAAAGCCCAATCAACCTTCCGTAGCCCAATTTTTTTATCAACACGATCATCACCCGCGGATACAGATAATTCATACAACGGCTGATGACCATAGCCTGCAGGCCACCATAATTTTGGATTATCAATAACAATCGTGGTTTCGATCACATTCAGCCCCACCGATAGATCTGCTGCTACATTGATTTGCTTTTCATCCAACTCAAAACAAATAACACGACTAGCATCAATTTCACTTTCAATCTCTACCTGAACAGTTACGTGACATTGATTCGCTTGGTGTTCTTGCGAGGTATATACATGCTCAATACGGAAGCCGTCATTTGCGCGTAAACTGATATCACCATAGATACCCAATACCATCAAACAGATGCCCCAATCCCAACCCCCATGACATTGAACCTTACGAACCATATTCAAATGCGGAATCTTATTGTTCCCTTTTGCCCAAGGAATCTCGTACAGCATTTCTCCCGCTTTATCCAGCGCAACCTGTTCAGCAGAATCGATACGAATACGTATATCATTCTCGCCTAACACCAAAGCATCCTTAATATCGACACGATACCGCTTGAACATATTTGAAGTGCTCAGCACGTTCTTGCCATTGACATAAACCGTGGCAAAAGTATCAACCCAATCAATATTTAAATATACAGATTGGCGATTGAATAAATCTTTTTCAACCTTGAATTTGCGTTCAAAGAACCAAGCCCTTTTCCCGATCCATTGTGCTTCATTTTCCGCAAGTCCAAAATATGGGTCTTTGATTTCCCCAGCTTCTAACAGTGCTGAATGAAGATCACCAGGAAGCATTGCTTTCACATCAACGCTGCCTTGATCATCCCTTACCTGCCATGACCCAGACAAATCAACCATCGATAACTCATTCTCAACTACTGACATACCCGACTCCTAAATCATATCAACCAACGATAGCTTACATCCCGGTAAACTATTGCTCTAAATAAAATATCATACTATATTGATTTTTCTTCCATATATATGACGATTTATTAAAATTATTTGATATTATGCCGAAAAACGCCCCGCCTGTCCCTGTTTTGAACCGCAAAGATCACTTCCCAGTCCCTTGGGACACATATCTCGTGGATCGTCGTACAACACGTAAGCCATGGGCTTTCTTCGAGCATACGCACAAAGGGTTCTGTGAATTCCTTTACCCCGTCAGCGGCTTGATAACCAATACCATCAATGGGATCGCTGTAAACCAGAAACCGGGCGATCTAATCCTCATCCGAGAACAAGACACCCATCATCTCAAAGGCTCAAACTTCACTTACTTCAACATTAATTTTGATTTAGCTGACCTACTCGAATTTTGCTCATCGTTAAAAATCGATCCCTACAGCAACGTCAGACTCAGATCAATACTTGTGGGCACAAACGTCTGTCATTATAAAGTGACTGATGAGCAGCATATCAATCTAACACACTCATTGAATGCTCTATTTGAACATCAACAAACACCATTAGGCAATATGATGTTTCAGAAATTTCTACTCAGTATCATGGTCGATTTTATCATCGCACCAACTAAACAGTCTGTTGCAAGCAACAATGCACCACTTTGGCTTAATGATTTACTAAATCACATTGCAGATAATATTGATCTTAATCTTGTAGTAAATGATCTACCAGAAATTTGTGATCGAACACACGAACACATTTCGAGAGTTTTCAAAAAGCATCTTTCATGTACACCTTCACAATACCTAAATAACCTACGCTTAGAAAAAGCAGCCAGGCTACTCGTTCATTCGAATCAACCAATACTAGATATTGCATACACTGTTGGTTTTAATAACCTAAATTATTTCTACAAGTTATTCAGCGATAAATATCTTCTAACACCTATGAAATACCGCAAAAAGAACACTCATATTACCTAAAAATCAGCTAACCTAACCATTACCGATCTGTAGATTATCTACAAAATAGTACGGTTTATTTCTCATTGTTTCAGTTGCCAATTTCCACATCATTGATGCATCTATTAGCAACGACGGCGCGCCCATAATCTTTGATCGATTACACATACAAT
CP036425.1_gap54	2603591	2606114	2523	CAATTGGCTGCCCGGTCCCGACAGCTCCCAACATCTAATCTATGCGGATCACTTATACAACAACATCCCGCACCCATATTCAAACGAGATATTCTCCCCGCTATCTCCAGGCCTTGCATTTCTCATTAACCTTAACAAGCTACTATTCCAATCAAGTTTTATCGCAACATCATTATTCTCAATGCTTCTTGTAGCATTCGCTACACTTTATGTTTCATATCATTTCTTCAAAATCATTGCCAACCGTAATGTTGCCGTTCTACTAACATTGATGCTTGGCTGCTGTGAAACGTTTTATAGATATACATTTCAGCTCCTACCAGATCTCCCATTTTTCTTCGGCCTCATCACGACGCTTTATGCGTTTGAATGCATTCGCATACATAACCGCCCCCTGCCCTACAACCTTTCGCTCTTAATCCTTGGCCTTGCTGCCATGGCATTATTTAAATCGATTGCGATTGTGGTAATTGTAGCTCTATGCTTATCTTTTGTTTTCTCAGCAATAAAGAGCAAGCATTACCGCCAACTTTTCATTTTCATTGCGATTTCCTTTATCGCATTCATGAGTTTGCGATTCATAATTGGCGGCCCCACAACACTACACACACTACATATCGACGAGCGCATCATGCTCGATCGTTTAACAATCCTTCTCCCTCAAACACTTTACAATGCACTAACCAATAATTTGCCAAGATTACTCACAGAATCTTTAACCGAAGCTGTATTCGCATTGGATTTTGGCACTCTAATTAGTCCTCTATTCAGTATACCCATCCTGATTTACTTAATTTTTCTCACCAGAATACGCGTTTTTTGGGGCATACTTACCGCGCTTTTCATCACACAATGGCTCGCCGTCATAGTTGCCGATCGATACATCTTGACCATCATCCCACTGATTATTATTGCCTGGTACTTAGCTCCAATTTGGTACGAAAAGCACGTGTCTCGAAAACTTGGAACAATCACATTTACTTTTGCCATATTCATCTTCTTCACCCCCAATATCGTCTTTGACATCAGACAAATCATTCAGAACCATACCACCAACACCATACAAGACTACAAAGACGGTAAATACACAAACGAATATCATCTCTCAAACTGGCTTACTGCTAACACGCCCGAAAACGCAATCATCATTGCTCCCTACCACACCTTTCTCCTCATTGGTTATCTCAGCAACCGCTCTACATATTTCTCTCTCAACAATCTGCCCCAAACAACACAGCCTATTTACTTTATTGGCTCACCCACTGAGCAAATGCTGGATACCCTTCAAAATCAACAGGCATCACTCTCTCAATCTCAAGTTTTCCCAAACTCCTTACACAATTCCAATCTCTATTTAGTCATACGCGAACCAAATCGTCAATGAAATTGACTTCCAATCTCATCATGCCACTCGTCATACTCGAAAATTGAGCAACCGTTTAGAAAACATCTATAAATCAGCACTTTTTTTGTTGATTACTCATATATGTACTTGATCTTTTAGCCATTTAAAGATGTAATTATCCTTATATGATTTTTCGCGCCTAGATTATCGTTCGTCCATGTAAGCCTGTTACAGTCCGAATTATCAAAGTACATGTTGAAGTATTAACCACGCTTGTTTTAGTTATTCTTCCGCCGCCTGTTGCTACGCCTGCTCTTGTATTCATGCCTCTGTTGTATCGCCTGTGTCGTCGTACAAACGTACATTTATCAATTCGCGTTGATATCCGTGCGTCATGACTCTTATTACGCTTATCGCTTCACATTGGCGACACACAGCAAGACATCTGAATACTAATCGACTGTATTCTCATCGTTTCTTGCTCAACTTTTGCCGCCATCTCCATTGAAGCTTTGCAATCATTTTCAAGGAACCCACGATGTATAAAATGCAAGATACCCTGTGTACGCACTGTAACTTCTGCAGCGCGAAAGATGGCCCAAACCTCTGCTACGCAGCACGCACAGCCCGCTTCGGTCTTGAAGGCAACTTCCCAACAAAAGACGACAAAGCCAACACCAAATTCGGTAAAACACAATCCGCTGGCGAGCAATTCCACCCAGGCACACCTCGCTACAAAGCCTTCCGTGACATCATCTTCATGCCAGAACTGCTTGGCACTGACCGTGTAGCCAAGATGGCTGAAGTTGGCTACGAGCCACTGTACACCGACTGTAAATCAGCAAGCACACTCGGCGGTTTCGAAGTTGCCTCACCACTCGTCTGTGCAGCAATGGGTTCAACACCCGTAGCCAACGACATTGGCCCTGACACCTCCGCAGGTTGTGCCCTGGCTGGAATCTGCATTAGCATCGGCGAAAACATCGTCAACATGTGGGGCTACGACAAGCCATACGACGAAGGCCGTCCAACATTGGTCGACCGTATCGAAGGCTTCACCAAGAACTACACCGGCAAGGGTGGCGTGATCATCCAGCAAAACGTCGAGGACAACAAAGTTGACGTCTGGAAAACCATCTACAATGACCCACGTTTTGCCGAAGCATTCGACAAAGGCA
CP036425.1_gap55	2749000	2750380	1380	TGGAGTAGCCAAAGAAAGCGCCTGCGGCGAGTGAGTCGAGTACACGGTAGTCGAACCCAAACGTTACACCGGCGGTATTGAATTCGTAACCCGCTTGACTTGAGGTTGAATCAAAATCACCAAAGGTACCGAAGCCATTGATCCATGCGCCCCAGATATCTTTGCCTACACCAGAGAAACGATTGGTTTCCTGCTGCTGCTCCAATGTCTCCTGCGTCTGCATCGCAAAGAGTATGACGTACTCGGGATCGACTGATTCTTCAATACTAGCGCCCTGCGGTGTGTTGACGCTGAGGTTGTTAGACCAGAGCTTGGGTAGATCATAACGCAGCTCGTTGAGGCGCCCATTGAAGTTGTTATTTTGAACGTCAATGCCTTTAAATGTTGCTTCAGCCTGCGGCACAAGATAGTTCGGCACGATCTGCTCAAATGCAACAACCAAAGCTTGACCCGTCTGGTTTTCAAGCTGAGCAATCACTGTTGCAATGTCACCGGTTGGCGAGTTTTGCGAAATACGCTCGAATGCATCAGCGGCAGAGAAAAGATTACGCTGTGTGATTGAGGAAAAATCCGCTAACGCCTCATTCAACGTAATCACAATATCAGTCGCATTGTAAGTTGCCGAGACTTCAAAGCCAGCGATGTCGTCACTAATTGTTGCGAACGTACCACTCACGCCATCATCTGCTTCAAGAATCGTAAACGTATCACCATCCTCCGGCACGTAGCCGGGTAAACCAATCACATTCAATGTGCCGTCAATCGCAGCACTACCAGTCACATCAATCAAATCATTGCCCGTGCCAGCACCTGCTGTTGATTCGATCTCCATGTCATAGATGCTTGAACTATTCAATGTCAGAGTGCCGCCAACAACCATCGTCCCCGCACTGTTGCCCGGAGAGATCGTGCCGGAGCTGATGCAGTTACCAGCTATTGACATCGCACCACCAAGTGTTGCGCCATTGTAAACAAACATATTCGTATTGCCCATATTGGCGTTAACAATCAATGTCCCCGCTCTAACCGCTGTCTCACCGGTGTAAGTGTTGCTACCAGATAGCGTGAGTGTACCTGAACCTTCTTTAGTCAAGCTGCCATTACCACTGATAACACCAGCCAACTCAAGATCATTGCTACCACCTACTGTCAACATCAAACTAACGCTAAAATCATTATTCACAGTTCTCGCATCATCACTGGATTCAATTGTAGAACTACTTGCTACTGAGACACCGCCTGCCCCCAATGCATCATCATGACCAAGGATGACCGTCCCGCCGGATAATGTTGTTCCACCTGAATACGTATTCGCACCACCAAGCGTCAATGTGTTGGTAGCTGATTTTGTTAATGACCCCTCACCACTGATAATACCAG
CP036425.1_gap56	2753462	2755943	2481	AAAGTTTCGACTAATCGATCTTTATATCTTAAAAATGATGTACGCATAATCATTTATCATTAACAATGCTATTATCTATATTGTTAAATCCATCTGATGGTATCCAGCAGGATATTCAATATTTGGCACAGATTTGTCACTCAAAATGCATGTTTGCAATAAGTAGGCCTGCGGTTCGAGCCCGCTAGGCCCCATTAAATACAAACCTCTAAACCATTACGAATAAATTCAAGCACGTAACGGTAGTCTCAATAGCGATGCGTGCTAATGGGATATTTTGAAAAGTTTGACCGGTGAATGTTGTCAATCGCGACGGTTGCATGCGATCAGAATGTGAACAATTGGTCGATTTTGCTCATATGTAGTCCTATGATTAGTTCGTTAGCATTGGTTAATAAAGAGGTCAGTATCGATGAGGATGTGGTTCTTAAATCATGAGCGATCCGCTCTGATATTGGGAGTTTGTGTGATGTTGATGTTAGCATTCACTGGTTTTTCGTGTAGCCGTGGCGATGGCGGACCACTAAAGGAAGCCCCCGAGCCAAAGGTTGATGAAGTTCAAAACTCGCCGGTCGAAAGTGTGCAGATCTCAGATACGGACGAGCGAAGTGACGGGCTCAAGACAGCAGTACTAGCGGGCGGATGTTTTTGGTGTACAGAAGGTGTATTTGAACATCTAAATGGTGTTGAGAACGTTGTATCGGGTTATGCAGGCGGGGATAAGAGCACGGCTAACTACAAGTTAGTTGCGGCTGGGCGAACGAAGCATGCGGAAGCAATTCAAATTACCTATGACCCGAAGAAAATTACATATGGGCAGTTACTCAAAATTTTCTTTACAGTGGCACATGACCCGACGACACTAAACCGGCAGGGGAATGATGTTGGCCCACAATACCGGTCTGCAATCTTTTATGAAAATGAACAACAGAAAGAAATAGCTGAAAAATATATTAAGCAGTTAGAGGCAGACAAAGTGTATGGGGACAAGAGAATTGTAACAACACTTGAACCACTATCGAAAGATGGTTTTTATGTCGCAGAAAGTTATCATCAGGATTATGCAGAAAACAATCCTGATGTTCCATATATCAGATATATGGCGTTGCCGAAAATTGAAAAATTAAAAATGAAGTATCCACAGAAAATGAAATAACCTCAAATGAACCACAGATTCAAGCGTGAGTTTTACTCACGCTTTTTTTATAAACGGGTCCCAGCGTTACGGAGTTTGTGTATGAAATTTGCGAGGCCATGCTTGCCGAGGATGATGACAAGACCCAGGATGAATTGAAAGATGTAGGGGATGGCATACATCAGATCACTGCCACCTGATGGGAAAAAATAGCTGAGTTGAGCGGTGTCGTCACCAATACCGAAGGATTGATAGGCGATACCGTAGAAAAGATAGATGAGCTTGATGATGGCCGCGAATGTGATGTATGCGCCAATCAGAGTTAGACCAACAGTCATGAGTTTGGGAGCAGTAAGCCCGGGGCCAAGAATAAAACGGCCGCGGGGTTTAAAAATTTTATTGACAATCGCGGGGGCATAATAAAACAGCATGATAATAAAAACTGCGCTAGTAACGTGCATACCACCAAACATGATGAATTCTTGGAAGGAAACATCAATAGCTACTAACGCTGTGGATTGTTGAGGCAGAATAAAAGTGAGAAACGCAGCGAATATTTGCACAATCATTGGGAAAATATACACGATAAAGCAGTAAACCATGAGTAAACGAAAAAGTGCGGTAATGACTGCGTGCTGTGTCGTGTTGTGATACTCAGCAAGTGATTCATTGATCGCGAGGCCACATTCGGGGCAATTGCTGTCGGTACTAAGATTAAGCAGATTGTAGTCGCAACTGGCGCATTGAATCGGCTCATGAATCATGAGAGGTGTAATGGGCATATCGTTTTTAGGCATAATGCACCCCGGTGATAAGGTAATCGTGACATCATGCATTTTAGTAAATGCTCATTATTTTGGATAGATATTGTCCAACAATGTATTTGCCTATAAATCAGACGCGGAAGATGGCGCCGAGTTTTTTACCCATGAGGACCGAAGCACCTACGAGAGTGATCGTGAGCAGAGCCATTCCCCAAACACCCATAGCAGAGGCGATATACTGGCCGTCACCGAGTCGAGAGTAGAACTCCCAGATTGCCTTGGTAATTGGGAAATCTTTGTCCTGTTGAGCGAGGATGAGTGAGTCAGAGACTTCTAGCATCGCGAAAGAAAAGACGAGGATGGAACCTGCGATGATGTTAGCCATGATGAGCGGAACAACGATGCGGCGAACGGAAGTCATGGTTGAGGCGCCGAGATTGAGGGCTGCTTCCTCGAGGAGACCGGAGGTCTGCTGAAGGCCTGCGGAGGTTGAACGGACAATGTAGGGCAGACGCCGAATCGTGTATGCAATAATCAGAAGCGGCACGGGGTTTGGATTTTTACCGAGAACGGAGAAAAAAC
CP036425.1_gap57	2921165	2922926	1761	TGTGGTTAATGGCTTTGAGGATAATGTCGAGAGGGCCGTGTGTTGAAAAGCCGACGTGTTTGACGAGGCCTTTGGCTTGCAGGGTGCGAATTGCGTCGAGGCAACCACCGGGTCGGACGGATTGTTGTAGTGTTTGGTCGTCGTTGATGCCGTGGATTGAGAGAAGCTCGACGTGAGAGAGGTTGAGACGCTCGAGAGATTCGTCGAAGTGTTGTAAGAATTCAGCAGGGTCGTCGGTGGGGGCAAGTTTGGTTTGAACGATGAGTTCTTCTCGTGGGAGTTGTGGGAGGATGACGCCGAGTTGCCGTTCGGAGGGGCCGTATCCGCGTGCCGTTTCGATGTGGTTGATGCCGAGTTCGAGTGAACGAATGATGGTGTTGTTGAGGTTGGTCTGGCCTTCAGATGGTACATCAGAGAGCGGTTTGTCGGTCCATCCATCCTGGTAACGCATGCCTCCGGTTGAGAAGATGGGCATCATGATGTTTGTTTTGCCGAAGCGGCGGCGGATCATGCCTTTAGAATCGGTCAACTGATGGGATGCGGATGTGGGCATAGCGAACTCCGTGAATGTATAAGTTTGAGGTTGTATTGTAGCGTAGGTTGGCGTGCATGAGAAAAGCCGCTCATGGATAAAACGTGAGCGGCTTCAGAATTATTTCGAATGCTTTAATGCGTTCTATGGCACGATGACGAGCTTGCCGATGTGCTGGCCTTTGTGCATTTGGATGTGAGCGTTCTGAATATCTTCGAGTTTGTATTCTGCGTCAACGTGTTGCTTGTATGAACCGTCGGCGAAGCCATCGAGGATTTCATTACAGCCGCGTCTCCAGACGTCTTCGCCTGCGTACATGAGTTCGCCGAGCACCCAGCCGGTGATGGAGGCGAATTTACGGATGAGTGGTGTGACGTCGACGGTATCGGGAGCACCGAGGAGGCCGTAGACGTAGACGACACCGAACTGAGCGAGGCATTTAATTTCGGTGTTGAGGTATGAGCCTGATGCGACGGGGTCGAAGAAAACGTTGACGCCTTTACTTTCGGTGAGCTGGCGCATTTCTTTATGCCATGGGAGCATGGTGCGGTTGCCGTCAGTGTCCTTATCGTGTGTTAGAACGATGTGATCATAATGAGCGGTAGACATGTTTTTGAGTGTGTCGATTTTATCTTGTGAGGTGGTGAGGCCAATGGTTTTGCAGCCGAATTTTTTGGCGATTTGTGCGGCGGCGAGTGCGACGGATGATGAGGCAGCGGGGATGGCGATGATGTCGCCGGCTTTAATGCCATGCTTCCAAACAAGACAGCCCCAAGCGGTGAGGTATGGAAGCCAAAGTGCGCCGAGCTGGTTGTCGGGGATGGTATCGGGGGCCGGCAGGACTTTGGATTCTGGTACGCAGTAGTATTGCTTGTATGTGCCGCCGAAACCGCCAGCAGCTGCACGTGGGGCGTCGGGTGTGATGACAACGCGAGTACCTTCTGAGAGGGTGGTATTGGGGCCAGCCTTTTCGATGATGCCGCCGCCTTCGATGCCGGGGGTAAACGGAGGCTCGCCAGAGGCAATTTTGTAGAAGCCTTTACGAGCGAGGAGGTCGGCGTGGTTCATGCCGATGGAAGTGAGTTTCACGAGGACCTGGCCCTCGGCGGGTGTAGGGATTTCGGTGTCCTTGATGAGGAGGTTTTCAGGGCCACCGAACTGCTCGACAATGATTTGTTTTTGGGTACTCATGAAGGCATTTTAGCGGTGTGAGGGTGTGGTGTCATTTC
CP036425.1_gap58	2960330	2964358	4028	GGACTGAAGCGTATATCAAGAACCTGCAACGAGAAGCTGAAGATGATCAGATGCAGGATGATGCTGAGTAATTGCTATATACATATAGATAAAAGATTGAACGCTGGCTGAGAAGCTGGCGTTTTTGCTATTTAAGAGGATGTGGATTGGTCCGACTAATCGATCGGAAAATGGGATTGAATGGGCGAGATTATGGGTTAGAGCCGATAAGTGGGCGGCGAAGGGTGTTAATTTGTGCGGATTGTGCGGATTGTGCGAGATGTATGAGGGTCAAAGGCGGAAACTCCGAGTTGGATTAAATCAAGAGGTAATACTTAGATGGAAGGGTGTCGATGTCATGCACGTCACGACAGATGTATGTCGTGGAAGATAGAGCTGAGCCGACCAATCTCGACTCTATTCAAAAGTTAGATCCAGCTGACTTGAATCCCTGCCGAGTCAGCACTGCAAGAGTATGCAGTTTTGAAACGTCAGGGGTTTGGTCTCAAGAGGGTCCAGAACATTTCTAAAAACCGGCAACAGCAGCTTCGACAGCTCAAAAGTAACTACAGATAACTGTCACGAAGCAAAAAGCCGGCGAAAGAGAATGGAGGACAGTTAGCATGAGTCGAATTAATACCAACGTTAATGTGATGACGGCACAACGCGTCACCGGGATGAACACAAAGTCCCTGAACACTTCCTTGGAACGTCTGAGCACGGGTTTACGAATCAACCGTGGTAAAGATGATCCCGCGGGTCTGATCGCTTCTGAGAACTTGCGTTCTGAGAAAGCTGCGATTGAATCTGCTATCAGTAATGCGCAGCGTGCTGATCAGGTCGTGAACGTCGCTGAAGGCGGCTTGCAGGAAATCAACAGTGCTTTGGTCGAGCTTCAGTCACTGGTTACAGGTTCAGCAAACGAAGCTGGTCTGTCCAAGGAAGAAAAAGAAGCGAACCAGCAGCAGGTTGAATCCATCCTGCAGACGATTGACCGTATCTCAAACAATACTTCTTTCCAGGGTACAAAACTGCTTAATGGCGATTTTGATTTCCAAGTAGCAGGCAAAGATGCCAACGTACAGTCATTGGAAATCAATGCAGCCAAGATCGGTAGTGAACCACTTAAGGTTCAGGCAAACATCACGCAGTCTGCCCAGCAGGCTGGTGTCTACATGTCACTCGGCGGCACGCTTCAGCTCGACGACGATGCGGACAGCACCTTCTCCATCGAGATCGGCGGCTCACTCGGCTCACGTCAGCTCAGCTTCGCTTCCGGCACAACCACTTCCGATATGGCGGCACAGATCAACACCTTCACCGATGTCACCGGCATCAAGGCTGTCGCAGTCAACAGCGGCGACCAGGACGGCATCAAGTTGGTCTCGACCGACTACGGCTCAAATGAGTTCGTGTCTGTGGAAGTTCTCGATGACGGCAACGCATCTGCAGGCGACGGCATCTATAATCTTGACAGCAAGAACACCAACGCTCTCGGCAAGACCTTGGGGACGCCTACGACAACAACCAGTGATGACCAAGCTGATGCCGCCACTGCGACCGCATTTGGTATCGCGGTCGGCGATATTGGCACGCTCAATGTTGGTGATACCCGTACCGTGGTCGCAGCCAACGGCGATCAAACGGTCTACACTTATCAGGGTGCTGGTACCAACAGCGATCACAAGTTTGATGTGGCGGTGAGCGTCGCAAGCACCAGCGCATTGACAAGCTTTGCGAGTGCGAACGATGTGATCCGTGATGAAGGCCAGGATGTCACCGGCACGATCAATGGTTTGGCAGCCCGCGGTGATGGCCGCACGATGTCGGTGAAGAGTGATGCACTGGATATGTCGGTGACACTCAAGGACAACGGTGCCGCCACGACGGCAAGTGCAACCAAGACCGGTATCGTCGACCTAGTGAACATCACTGGCGGCGGTGCACAGTTCTCGATCGGCCCATCAGTCGATGCCACCAACTCCGTGCGTCTGGGCATCTCATCGGTCAGCTCACGTGAAATCGGTACGACCAGCTTCGGTGCTAAGACTTACAGCTTGTCTGACCTTGGCGGTGCTGGTGACCTGAACGTCATCGATGGCAACCTTGAAGAGGCACAGGATGTTGTGAATAAGGCGATTAAGTCGATCTCCGCACAACGCGGTCGCTTAGGTTCCTTCCAGAAGAACATCATTGGTTCAACCGTGAACTCGATGGGTGTTGCTCTCGAGAATATCGCGGCGGCTGAATCAGCCATCCGTGATACGGACTTCGCGAAAGAAACGGCTGAAATGACACGCTCCCAGATCTTGTCGCAGGCATCACAAACGGTGCTCGCTCAGGCAAAATCTCAGCCAATGAGTGTCCTTTCACTGCTCTAAAGTGAAACGTTCGGTTAAAGCTAACGTCCGAATAACTCGAGAAAGACGGCCTAACGGTCGTCTTTCTTCTTTTTTATATATGATTTTTTATACATACTTCACACCTTCTATCTCTCATTATCCTCTCATGAAATGTCTGATAATCTGCGGTGTATCCGATTGTAAATGGACGTTTTCCGATCCTACGGGTTATGACAGATGACCGACTGTGCGAAATACTCGGGTTATAACGATCAAGATATTTGAATCAAATGTAGCACTTAAGTAATGTCCCCCCTTCGAAGGGTCGATGGGTCTTGTGTCGCAGCAAGTTACGCGGCGATCGAAAGAGGATTTAAGAGTAACTCATTCGTATTTGTAGCTTCCTTCAACCGTTTCATGTCCATTGAATACAGTTGATTGAAACTGAAAAGAGAGTCCCATTCACCACTCCACGGTTTTGGGTCGCCGCTTATCGTGCGTCTGTATCCCTTACCGCTTAAAGAGCATGGAGGAAAATCATGAGTCGAATTAATACCAACGTCAATGTGATGACGGCACAACGTGTTTCGGGGATGCAAAACAAAGGATTGAACACTTCCTTGGAACGTCTGAGCACGGGTTTACGAATCAACCGTGGTAAAGATGATCCCGCGGGTCTGATCGCTTCTGAGAACTTGCGTTCTGAGAAGGCGGCGATTAGCGCAGCGATCACGAATGCCGAGCGTGCTGACCAGGTCGTGAACGTCGCTGAAGGCGGCTTGCAGGAAATCAATGCATCGCTTGTTGAGCTTCAGTCTTTGGTTACAGCATCAGCAAACGAAGCTGGTCTGTCCAAGGAAGAAAAAGAAGCGAACCAGCAGCAGGTTGAGTCTATCCTGCAGACGATTGACCGCATAGCAAACAATACTTCATTCCAAGGCACGAAATTGCTCAATGGAAATTTTGACTTCCAGTTGGCTGATAAAGACGCGAACGTACAGTCACTGGAAATTAATGCGGCCAAGATCGGCAGTGAACCACTCAAAGTTCAGGCAAACATCACACAGTCAGCTCAACAGGCAGGTACCTACCTATCACTCGGCGGTACACTTCAGCTGGATGACAACGCGGACAGCACGTTCTCCATCGAGATCGGTGGCGCACTCGGTTCACGTCAGCTCAGCTTCGCTTCTGGCACAACCACCGCAGATATGGCAGCACAGATCAATACTTTCACCGATGTCACAGGCATTAAAGCAATAACAGTCAATAGTGGCGATCAGGATGGTATTAAATTGCTATCTACAGAGTATGGTTCCAATGAATTTGTGTCGGTTGAAGTACTGGATGATGGCAACGTCTCAGCGGGCGACGGCATCTTCAATCTCGACAGCAAGAACACCAACGCTCTCGGCAAGACCTTGGGGACGCCTACGACAACAACCAGTGATGACCAAGCTGATGCCGCCACTGCGACCGCATTTGGTATCGCGGTCGGCGATATTGGCACGCTCAATGTTGGTGATACCCGTACCGTGGTCGCAGCCAACGGCGATCAAACGGTCTACACTTATCAGGGTGCTGGTACCAACAGCGATCACAAGTTTGATGTGGCGGTGAGCGTCGCAAGCACCAGCGCATTGACAAGCTTTGTGAGTGCAAACGATGTGATCCGTGATGGAGGCCAGGATGTGACCGGCACGATCA
CP036425.1_gap59	3014255	3016654	2399	CGCCCACGCCCAATACCCAAGCTCAAACCCAGTTGGCAAATTCCCTTCAACCTTCAACTTCAAATCACCAATCGCCCCTTTCGTCAAACTCATCAACTGCCCATCCTCAAAACTCACTATGGGCATTTCCACCACACCAGGCCCATTCGGATCAACTGGATCTGCCTCTCCTTTCTTAACCGTCACCCATTTTTCAGTATATGCCGTTGTTAAATCTTTCGCCGACATATAAAAGATGATTTTATTTCGTCCTTCAGGCAGCTCTGCTATTTCCTCAGCGGTCACCCCCCAAGAGCCTCCATCTTTTACTTCACCCCAATTCGAAACAGTCTTACCCAACTCGTTCGACCACGCCCAATACCCAAGTTTAAACTCGCTCGGCAAATCTCCATTGACTTCAATATCCAAACCCTTCCCATCCCCCTTCACATACTCAACACCATTTGCCAAACTCAACTGAGGCATCGCCACAGGCTCAAGCTCAACTACAACCACATCCCCACCACCAATGCTCGAGCCCACAACCTCATTCACCGTCATCCAACAAGAGATATACTTGGTCTTATCAACCGACGACGACATATACGCCATCACCTTATACTGGCCTGGCTCAAGCAAATTCAAATCTTCACGTTTAACCACAAAGTTCCCACCAACCATCTCCTTACCCCATCCCGCCACATTCCCATTCAAAGCCTGCGACCACGCCCAATACCCAAACTTCGTATCCTTTGGCAAACCACCCTTTATCATCAACATCAAATCAATCGCATCACCTTTATCAATTTCATATCGCTGCTGTGCAAATCGAAATTCGGGTAACTTCGTAACCGCAATCTTGCCGTCTTCATCCTCAGATGCAACACCCCCCTCAATCTTTGTTTCCTTCACCAACACCCACTGCGATAAATACTTTGTCCCAAGACCATCCGCACGATAAGCCACCTGTACCTTATTACGACCCAGTGGCAATTTCGCTAATTCCCTACCATCTATCTTCCAATTAGGCGGATCAATCGTCTGATCCCAATCTGAGACAGTCCCCTTCTCCACCTCCGACCACGCCCATGCGCTGGCTTTAAATCCGCGAGGTAATGCCCCACTCACATCCAACCGCACTTCACTTGCCGCACCACGATCAATCGTCACCGTCCCTGAATGCGCAAATCTAACCACAGGCATGACCGATGTCACAACCTCAGATTTTACAGTCTCAAACTGCTCTGCAACCTCAACAATTACCGATTGCTTCTTTTTACCGAATACCCTAACCCACTTTGACCCATATTGTGTTCGTTTGCCCGGTACACTCGCATAGATCACGATCTTATAATCGCCATCCGCCAACTCACTCAACTTCTCTCCATGAATCACCCACGGCTTCTTCTGCAGCTCTTCTCCCCACCCCTTCACATTCCCCCGCTCTTTCAATGACCACGCCCAATATCCAACTTTCATCCCATCCATCTCACCACCATAAAACGAGAGCGGCAAATCGTTTTCGATTCCGCGATCAAACCCACGCCCCACATGCATGCCAACATATGGACGCGGCAGCACACTTTCCGTTGCTCCCACTTCATCAGCTATAAACAACAAACACACAGCCATACAAATCACTGCGCTGATAGCTCGAGCAACCCGCCCTCTCATTTGGCTCATCATGCTTTAACCCTACTCAACGCAACAAAACACAGTTTATGAATCACGACCCAACCACTTAACTATCCATATTAGATTATCGCCAACCAATTAGACCCAGTTCGGTGCTTTTCTCTCTTCTCTAATTCCCATAAAACTTCCCGCCACAATAATTATCACAACCCATACAACCCAACCCAACCCCGTCAGATAACCGATACCACCCCCATTCTAACATGACAAATACGCGCATATAAAAAGCCGGTAAGCAGATCTACAATTTCCTGCTGCTCACCGGCCCCTGCAGTGGTCGATAAAGATCAATCCAAATTAAACTAGATCTAGTTACCCCAATATTGATGCACTATCTAAAATCTATAAACAAAAGTTGACTTTTTATAGACAGCATTTACATCACAGCAAACTATTAGGGTACATAACAGATCTTGAACAAAATGCTCTAAAACTTCCCGCTCCGAACCTCATACTTCGTTGGCTTACCCAACAGTTCTTGCTCACCCTTCACCCAATCCGCCACATGAATCATCAACTCATCTATCCCCATCGTTGGATATCCATATCGCCGATGCCCCATCTGCCCATTGCTTAAAATCGCCTCGGCTCCTTCTTCACCACCAAACTTTACTTCTTCCCCCATTAACTCGCCCAATCGTTGTGCCGCACGTCTCACCGATAACTGTTCCGGTCCCGCAATATTCAACGCATACGGCGGCGTCCCCGCATCCTGCAAACTCAAC
CP036425.1_gap60	3019269	3021660	2391	CCCTCCAACAAACTAACCAACCCACTCACTAGTCATCTCCGCCCATCTCAACACAAACATACTATATTTCCAAAGTAACCAATTAGTTACTTGATGTCAACAATCATTTATTTTACGATACACACTAACGATCAAGAAACAATAACCCCAACCCCGGATCCCCGGCTCACCGGAGCAGCATCATGGCCAAAATCGCTCGTATCCTCCACAACAACCAACCCACACACGCACTCGTTGAATCAGAAGGCTTCCGCCTCATCGAAGGCGACATCTTTTCCTCATACAAACCCACCGACACCATCATCCCAACTAATAACGCGAAGCTCCTCGCACCGGTCGACCCACCCCAGGTCATCTGCATCGGCGCCAATTACCGCAAGCACTGCATCGAATGCAACGCTCCCATACCCGAACTCCCTCTCGTTTTCTTCAAACTCGCCAACGCCGTTGCTGGCCCCAACGACCCCATCATCATTCCCAAAATCGCGCCCGACAACGTCGACTGGGAAGCCGAACTTGTCATCGTCATAGGCAAGAAATGCAAAAACATCTCCGAAGACCAAGTTGATGCCCACATCCTCGGCTACACCTGCGGCAACGACATCTCCGCCCGTGACGTACAACTAAAAATTGACAAACTCTGGGGCCGCGGCAAAAGCATGGACAACTTCGCACCCATCGGCCCATGGATCGCCACCGACCTTGACGGCGACAACCTCGATATCTCACTCACACTCAACGGCGAAACTCGACAAAACTCCAACTCATCCGATCTCATCTTCTCTTGCCGGCATATCGCCTCCTACCTCTCCCACTCCATGACACTCCTCCCAGGCACCATCATCATGACCGGTACGCCCTCCGGCGTCGGCATGTCTGCCAACCCACAACGATTCCTCAAAGAAGGCGACAAACTCACTGTCTCCATCCAAGGCATCGGCGAACTCCACAACCACGTCATCAACGAATAAAAAGCCTAAAGGCACTCACACAAACACAAAAAAGCAACGCATTTTGCGTTGCTTTTTACTTTCTATTATTTTTACAACCATTCAACTCAGTGGCCGCTCCCCAAGCATATCCAAAATCACCTCGCACAAATCTTCCCCTCGATGATTATGCCGATACTCACTTTCTTTCAAACACAAGTAAAACGAATCATCCCTAACCCCCCTTAATCGCGCAAACCTTGCCCTCGCTCGGTCCCAGAAACTCTCCAAACTATTCGCATCTCTCAAACGATAGATCGCATCACCCACACCATTCACACCACCCCCTGCCGGGTACACACGTCGGTAGACATCATACCATTCCCCATCCACATCACTTTCCGCAATCTCGCGCAATCGCTCCCGAATATCATCACCCTGTTCACCAAACCATCCGCACAAGTCTCCACCTTCATCAAATACATCACCCAACTCAAACACCCGTGTATACACACATGCCTCCACCCGCCCAACCACAAATGGTATCAGCCAATCACTCAACATATTTCGCCCTACCCCATCACTCTCAACAACACACGCACGCCTTTTCACCATCACCCACATCCGATCAAAACCTTGAATCCCCACTTCTCGTGGTTCTTCAAGAACAGCCACACCACTCTTTACCCCCAACACTTCCCCGCTAACATTCACAACCATCGCACCACCCATCACACGCCCAACACCCACCCGATCTGCATGAACTTCACACGCTTCTGCAATACGCAACCGTAATTTATGCAGCACCCGATTGACTGAATTACGATTCACGCCAACACACCGCGCAATCTCCTTCGCATGATGCTCTTCGACAAATAGTTGCACCAACAACCGAAACTGCGTTTCACTCATCCGAGATCTTTTAAAATAACTGTTCGCCATACGCCAAATCGCCTGTCAGAGATTGCTATTCACCCTACATCGCATTAACCAAGATCATATTAACATGATAATCTATATATACAAGCTGTATCATATGCACTCCTAAAAAATGCGTTATACGCCCATTAAAGAGCAATTAAACCCGACCAAACACAGTTAAACAGTATTTTCAATCATAAATGTATAAATAAGGCTAGACAGGACTCACAATTTATATACCATACGTATATACAAGATTAACAAACTGTAGAAACACACCTCCTCAGTAACGCAAACCACGCAAACCAATACCCATGCACACTTGACCGCAAAACCTCATTCTCAAACTAGGCATGAGTACCAAAACACCGCTAAAAACCAGTTGTATACAGCCATCTGAGATGTATGTTTTGATATCACAAATACAAGAATCATGACGGGCACCATTCCGCCCATTCGTTTTTTTCTTATTAATCATATTTTTCGAACAACATTGCAATTCAAAGTATGCAAAAGGAGAACTGGAGATGCACGCATTCAA
CP036425.1_gap61	3034510	3038001	3491	TTGCGTATGCCAACAAAAAGGGGCTGATTTGCGCCCCGTACCAGAACAGGCGATACGATCCACATTTTCTGAAAGTAATGGAAATCGTCAAGAGCGGCGTGCTTGGACGCGTCTTCCAGATCAATATGACAGTCCATGCTTTTACGCGACGATGGGACTGGCAAACACTGAAGGAATTTGGCGGTGGGATGTTGAACAATACGGGAGCCCATTTTGCAGACCAAGCCATTCAGTTTATCGACGGCGATAACCTTGATGTTTTCTGCCATTTTGATCGGGCTTTATCGATGGGTGACGCAGACGATCATGCGATGATTATGATGCGAAGCCCGGGCAACCCATTTGTTATGCTGGAACTTTCCAGCGCATGTGCCAAGGCATCGGATTTATGGCTGGTGATGGGCGATCGCGGCACACTGTGGGGAAATATGAACGAATTGCACTGGAAAACAACGAATTTCGACGAGCTCCCAGAGCATGAAGTACTAAGAACACCCACAGAGAATCGTTGGTATCAATTCGAGGAAGTGCCTTGGGAAGAACACCACTGGAAGCTTGAGGGTGATGAGGCGAAGCCAACGTGGACGCTTGAAAAATATTACGTTGATCTCTATGCAACGATTAGACAGGGAAGCCAACTATACGTTTCACCTGAAAGCGTCATCAGGCAGATGCGCGTTCTCGAGCAAGCAAGGGATTCTGCGGAAGCATTTTGGAGTAAGGCAAACCTCAAGCCAGTTCAACTCAACGCATAACACAAATCAGTGCTATCTAGTGGATTAATCACAAAAAGTGAGTCAGCATGAAGAAGATCGGAATGATCGGCCTGGACACTTCGCATGTCACTATTTTTGCGGAATTACTGTCAAATCAAGACCATGAGCATTATATAGGCGGCGGTGAAGTTATCGCTGGATGGCCGGGCGGATCAAAAGATTTCGCGATGAGTCACTCACGAGTCGATGAGTATACAAATGCGTTACGCGATCAATATGGAGCCACAATATTTGAGACTCCTGAAGAGGTAGCGGAAGTGAGTGATGCGATATTCATTCATGCGGTGGATGGGGCAACACATTTAGAGCTTTTCAAACAAGTGGTGAGCTATGGCAAACCTGTGTTTATTGATAAGCCGCTAGCTTGTTCAGTGCATGACGCAAAAGCGATCATTGAATTGGCAGAAGAACGCGAGGTTCTGATTGGCAGCGCATCATCACTAAGGTACTGGGATGAATTGGTGATAGCGATTGCTGACAAGGAAATGGGGGAGATTGAATCGATGGAGGCATGGGGCCCGCTGAGTTTCCAGGAAGGCATGCCTTGGTATTTTTGGTACGGGGTGCATAGCGTGGAGATGCTGGTCGCGGGGTTAGGTCCTGGATGCGAAGAGATGTCTTTACACATGAATGATAAAAGTGAAATCTTGAATATGCGATGGGCTGATGGGCGAAGTGGGATTTACCATGGGATCAAGGAAGGCCATGGTGGATTTGGGGCTGTGATTCATCGATCAGAGGGAGTGCAGGTATTAGACTGTGCGAAGTCGAGTCGGCCATACTATGTGAGCCTAGTCGAAAGACTGATGGATACGCTAGTACAGGGCAAGGAAATGGTCGCGTATGACGAAATGCTGGAAACGGTAAAGATATTGGAGTGGGGCTGCCGAATGAAGGACGAAAAAAACAGCCGCCTGACTGTGTGAATCATCGACAAAGATCACACGATCAGACGGCTGCATTTGTTGAATCTTAAACTAAACTAACCGATGATTAGTCGATATCATTCTTTTGAATCACGTCACGATACCAGTACGCTGACTGTTTAAGCGTTCGTTTTTGTGTTTCGTAGTCGACATGAACTAGGCCAAATCGCTGCGTATAGCCGTATGTCCATTCAAAATTGTCCAAAAGCGACCATTGAAAGTAGCCTCGCACATCAGCCCCATCAGCGACTGCTTTCTTAAGCTCTAAGAGATAGCGGCGAAGATAGTCGATTCGCTGGGTGTCTTGTACTTTGCCCTCACAATCAATCCAATCATGCGAAGACATGCCGTTTTCGGTGACATACATGGGGAGGCCGTATCGATCGTGAAGAAACTTTACGCCCCACCTAAGAGCCGGTGGCGTGATATCCCAGTTAAAAGCGGTACGGGGTGCGCCTTGAGGTTGATCGAGAAGCTTAGGGGTATCGTTTTCATCTAACGTGATCGCTTGCCCGTTATAGATGTTCACGCCATAAAAATCGATCGGCTGATTGATTTCTGCCATATCGCAAGGGTCATACCAATCCATATGTTGACAATAGGCTTGCATGCCATCTTCGGGGTATTGGCCGAGAATGACAGGATCGCTATACCACGTATTGGTCCAGAATGGGTTTTCCTTGAAGACGCCGCTCATTGTGAGGGCCCGTGCCGCTTCAATATGTTTTGGCTCTTCGCAAAGTGGATATTTGATAACACCTACGGGGGCCCAACCAATGAATGGCTTATTTTTTGCAGAATTGCGGATCACCTGAACGGATTTCCCATGCGAACGCAGGGCATTGTGACAAGCAAGGAGTCCCTCACTTAGAGGCAATTTCAGGCAAGGAGCATCGCTACCGAGGTAATGGCCGCTGCCTATAAAGCACTGCGGCTCGTTCAGGGTCATCCAATGCGACACGCGATCAGACAGCTTATCGACTATGACCTGTGTGTATTCGGCGAACCAGTCAGCGGAATCACGATTGAGCCACCCTCCTTTACGGAAAAGGGCAAGCGGATAATCCCAATGAAAGAGTGTCGCCCAAGGCGCAATATTACGGCTGAGAAGTTGGTCGACAAGTTTGTCATAGAAATCAAGACCTTGTGCGTTAACTTTGCCAATTCCATTAGGAATAACTCGCGGCCAACTGATTGAGAATCGATATGCACTAGCACCGATCTGGCTAATAATATCAGTATCATTTTGATAGAAATTATAATGATTACATGCGATATCACCGGTATGCATATTGACCACTTTGCCGGGCCAACGACAAGCCATATCCCACACACTTTGGCCTTTGCCATCTTGATCCCAAGCACCCTCTATTTGGTAGGCACTCGTCGCGACACCCCAGGTAAAATCTTTTGGAAAAGTCATCGTATCACCTTCACTCATTAAAAAGCTAAAGCCTCTGCTCTATAATTTTGGTTATTCAAACGCAACGATCACCCGATGCGTCATTTGATGTCTATTGGTTAGATTGATTACTCAAAGATCAGACTAATTCTTTAACACCGCCACATGTTTGCCTGATGATCAGCTCGGTTTTAACTAAATACTCCTTTTGCGTATGACCATCCGCTTCATTAATCGCGTTTACAGCGGCATCAACCGCAAGAGAACCGAGTTTGTCAAATGGTACGGCTACACTAGAAAGATTGAGATGTTTAGCGAGCGAAACATCATCAAAACCGATGACTGCAATATCGTCTGGAACACGCAAATCTGCTCCGCGCAGCCCAT
CP036425.1_gap62	3041650	3043664	2014	CCTGCCTGACCGTTGCGGTATAACACCATGCAGAAGGTAGGCTCAAAATAGGGTTGCCGATAATACAATTTCCAGTTGCTGATTCAAATCCCACCAATTCAAAATCATTCCTATCTTCTGAATTGGAATCTGGATTTAATATAAGCGTACGTAGCTTATTTCCACGGCTCACGACAAGCGAACAAGTAGATTCACCAATAAGAATTGCATGGAGTAGATCTTTCATGTGCTATCGTGATTCCATCGTCAAGGTTTGCTGTTGTTCGTCATATTCCAACACGATACGATCCTCTTCGATGATAGTAATTGTTACTCCGTCCACAATATCTCCGAGATCAACAAACACTGTTTCGCCATTTTTGTTGACAACAAAAGCTTGCTTGCTGTCACCATTGATACTGGTGCCAACCAGCTTGAGTTTTGGCGGTTGCCGCACCTTGGAGGATGGGTCGTAAAGCGGACGCTGAAGAGGCCTTTGTCCAAGCGAAGATATGTCATCAATGGTTAATAAACGTTCACGATCCGATTGATTACTTGATCTGGCAACAGCTACAAACGTACGACTTTCGGGCTTTTGCAGTGGCAATAGCACACCTACAGCCGATACGGTTATAGCTCCCAATATGCACATGCCTGTCAGCGTATGCAAACCTCGTCTAATCTGTCTTGGCATCAATCTCATGACGACTCAACTCCGTTACCAAATAAAACGCAAGGTATTAACGTGTTTGTCTTTACCCTCGTTAGTATCTTGCTGGCTACTCTTATCAATATTCTGTTGGACCATCCATGCAACATGAGTACGCTTACCGTCATCTAACAGCACGAGCATACCAAACGCATTAGGAGAACCAACACCCAAGACGCTTTCTACATACTCACGCTGCTCTCGTCCTATGTCTAGTGCACCGAACATACGAGTTAATTCAAGATTCGGCTCTTCATCACGTAACTCCACCAGCTTCCGAACGCGATCCTCACCAATTTCATGCGCTAACATTGCCATCAAAACACCCTTGGGTGCTATACGGTAATCGACCGGGCCGCCAGACCAGCACGTTAACAAAGGAGATTGCATGAGAGATAAGGGTTCAAAATCTTGAAAAATCTGCTCATAGCTAGCAACCGACACGGCAACGTTAGAAACATCCGTCTTCGTTAATACGAGATTCTTTCTGATGTAATCATTCGTATGCGCCGTTTGCGATTTTGTTAGCGGGCGTAATTGAACATCACCATGCTTATTGTTTGATTTTCTACTTAATGTCTTTCTAAGATAAAATTCTACTTTTTCAGTTGGATATTGCCTCAAAAGCTCGTTAACATCAGCCCGCGCATTCTCATTGCTCAAAATGATGAGCAATCGCTTGTCATTCAACTCTAATTCTATTTTGTGATTAGCTTTAGGTAGGCTGGTCTCCTCAGCATCATTGATCTTTTTTTCGAATTGCGATGGATCAAGCACAAACGCTGCTTGTGGGAGCATGTATCGCTCACTACTTTTGAGCAACCATTGACGTTGTAATCGCTGTTCTGCAGCGGCAACTTGAAGTAGCATACCGTGCGATCGCCGTGCCATCATTGCCAACGAGACGCCAGCAAGTGCCAATAGCATCAGAACGAGTATCAATACAAAACCTGTTCTAAAGGATCGTCTATTCACCACTTACACCCCCTTGATTTTTCATCGGAAAAACACATGGAACCAACAACACTTCCTCTTCTTGGGCTAACTTTAATTCGACGACAAAGCGTTCTCGTGTCATGTCATCATCTAAACTAACTGGCTTAACAATAAATTCTTCTATGCTGAGAGCCATAATTTGTTTCAACTTCTGTTTCGATTCACTGTCCAGTAGCAACTGCTGCTCTCTGATAAAAACACCTATATCATTTACAAACTCTGCATAATAAGTAACACGAGTCGGTAGATATTTCCATTTCATAGTTTCAGGATTGTAGCAACCGAGTGTTTCAAGGATTAGCTTATCCTGAACGTGTTGTATTGATGTTA
CP036425.1_gap63	3045457	3046980	1523	CATGATTGGTAGGATCGTCGCAAATGCAATCATGCCAATCATTACTGCCAGCAGCACGATCATTACCGGTTCTAGGACTGTCGTAAAACGCGCAGCAGCAGTTGCCACTTGACGGTCATAGTCACGACCAAGCCTCGTGAGCATTTGCTCCATCTTGCCACTTTGTTGCCCCAATGCAAAAACCTGTACTACTGTTGCTCCGAAAACACCTGTTTTTTCCAATGCTTCTGCAATATCACAACCCTCACGCACTGCGGCCTCGGTTTCCTCCAACGCATCGCGCAACAACATGTTGCGCATTGAACTTCGTGCAAGGCTAATCGCCTGCTCAAAGTGAATGCCGCTCCTCATCAGTGTTGCAATTACAAAGGACAGCTGCACCACCGCTTGCTTACAGATCAGATCGCCAAGTATCGGGATACGAAGCACCATCTGATGCACCCAGTACCGTCCTCGTGGCATGCGCATCAATGCCATCACAGCAGCAACAATTACGGCCAACACACCTAAGATGAGCCACCATTTATATACGAGGAAATCACTCACTGCCTTAACCACCTGAGTAACAGCAGGCAATTCTTGGCCTGCCTCATCCAATGCTTCAATCAACCCTGGCACCACGTAGGTCATCAGAAAGACACTAACCAAAATTCCAATACTGAACACGATCATTGGATACAGTAAAGCTGAGAGCACACGGTTTTTTAGTGCCGCAGAATGTTCTTTAAAGTTTGCTAACTCGTCCAATACTTCATCTAGATTCCCCGCGTCCTCTCCCACAGCAACCATGCTTATGGTAATTGAGTCGATTCCACGATTACCGCAATCTTTCGCTTCACGTAATGCCTCACTTAAGGATATACCAGAGGCAACTCGCTCACGTATCTGTAACAACATCAAATGTACGGCTCCACGCTGTTGCTTAATAACCGTATCAAGCGCCTCCAATAGCGGCGTCCCTACGCCAAGCAACGTTGAAAGTTCACGGACAAACTCGACCATCTGCATCGACCGGACACCACGTTTCATTCTCAGCCATACGAATCGCCCATTAGTTGACCCGCTGTTGGATGTAATTTCATGAACCCGTAAGCCGCGTTCACGCAACTGATCTCGCGCTGCACGTACGCTATCGGCGACTACCGACCCTTCCAGTAGTTTAGCGCCACCGTCACTCGCGATATAACCAAATACCGCCATTACACATTACCCCCACTGATCTCTCGCATCGTCACCCGTAGTATTTCATCTACCGTTGTTACGCCACTTAAGACCTTTTCGATACCTGATTCACGCAACGGTCGCATTCCCAGACTTTGAATTGCAGCCTGTTTGATTTGCGCTGCTGTTGACCTTGTCTGTACTAACTCTCGGATAGGCTCATTCACTGTCAGCAACTCATACAATCCCACACGGCCGCGATACCCCGTCTCACGACAGGTTTCGCATCCACTGCCAACACGCATCCGACCCACATCAACCAACTTTTCATCTAGATTCAGTCGGTGCAGCGGTGCGACTGC
CP036425.1_gap64	3103264	3107712	4448	GAGGATGTAATAGGGGTGCAAGAGAGTGGGTTGGACGAGAAGAACGTGAGTCAAGCAAGCCTGCGAGTGAATCGTGGGCTTTTTTTATGGTTTAGGGGGGAATGGATGGCTTAATGGGGTACTGGGCGGTGATATTTTTGGGCAAGTTCGATATACTGAGTGGTCATAATAAAGCGATTTTGGTCGTTGTGAACACGTTGGCCGTAAGGTCTATGAAGCAAATTCAGGAATTGATTATTTCTGACGATTACAGATTTGCGGCGTAACGAGTGATTCACACGTCGATTGCTGCTCAGGTCACAAGCCACAACTGCAACTGGAGATAGCTGTAGTGTTTAAGTTCTTTAGGATTTACAACAAGTTTATTTTGGCGGTCGGCGGCAGTTTGCTGATGATCGCGTTTTTGGTGGGTAGCTCACTCCAGTCGTTGGTCGGGCCGAGCATTCCTGTGCAAGGAACGCTGGATGGCGAAGATATCACGGTGATGGATACTCGTCATGCTTCTAATCAGCTTGAGATTCTGAAGCGTTACGTACCACAGTTGTACATTATGACGCAGACGATGCTGAAGGCTGAGAATGATTATGATCGCAGCTTGCTGTGGTACATGATTCAGTACGATGCTGGTCGGCTTGGCATTGGCGCGAGTAATGCTGAAGCGTTTACGGTGTTGAATGTCATCGGCATTGATGAGACAGGCGTGAAGCGGATCGCGAATCAGATGAAGCAGCAGGAAGGCGTTGTGCTGGATGCAGTGAAGAGCTGGGTCGTTGCTGAGATGTACTCCGAGCTGGTGCTGGGTAAAGGACATGAATCGGTTTACGCACGCTTGCAGAAATTTGTAGGCACAGCGAATGCGTATCAGCAAATGTTTGGGCAGCAAGTTGGGCCACAGTACGTGTATCAGTTGGCAGCGCTTTCAAGTGAAGATCCGTATCGTGTCAGCAAGCCGTTGATGGAGCATTTTCTGCAAGATCAGAATGCACGCGTTGGTGGCGAAGCGGTTGTGATACCGGCTGATCTTTACTTAGAAGATGTGGCTGCACCCAGTGAGACTGATCTGAATACATTGTTTGAAAAGTATAAGAATGATTTGCCGGGCAAGAGCGAGCCGTTTGGTTTTGGATACAAGATCGCAGATCGTGTGAAGCTTGAGTACATCAGCATTCCGATTGACGAGTGCTTGAAACAAGTGACGGTAGAAGAAGCGGAAGCGTATGAGTTCTATAAGAAAAACGAAGCGAATTTCGTGGAACGTGATGAGCAAGGGCAGCCTAAAGAAGGCGGCAGCATTCAGCCGTATAGCGCGGTTCGTGAGCAGCTGATCACCGAGATGAAACGTAACAAAGCTTTTGAGTTGGGCCAAACGATTGCCAAGACGGCGCTTGCTGAATTGCAGAAGCCGCTTGCGAGCGTGAAGAAGGTGAATGGCTACTACAACTTAGGTGATGATTATCAAGGCGAGCCGATGCGTGTTGTCGCTGATGATATTTTCCGTGAATTCAAGGTTCGCCCTCAACAATTCAATGCTCAACGAGAGAAATGGATTGAAGTTGATCGCGTACAGGAGTTGCCGGGGATCGGGATGAGCTTCGTGGGTGGTCAACAGAATGCTCCGTTTGCAACGTATGTTGCGAGTGCCAAGCAACTCGATCCGAGTGAAACGAATCCTTTGATTGCTTTGTATCTACAGGAGAATGTGCCGAGCGATATTATGATCGGGTTTGATGGTTCGATGTTTATCTTCCGTCTGACTGCGGCGGAAGCAGCTCATGCACCGGAGTCGATTGATTTGGTGAAAACCCAAGTTGAGACTGATGCGAAGTTACAGATGGCGTTTGAGAAGCTTAAAGATGAGCGAGCACAATGGCTTGATCTTGCCAAGCAATCTGGGCTAGAGGCTGTTGCAAAGCAGGCTAAAGTTGAAGTAAAGAAGACAGGACTCGTACCACGCGTTGAGATGCGTAGTGCTGCGGGTGGAGATCAGACACCTGAGATTGCTGGCATTGGCAAGAGTCAATTGCTTGTTGATGCAATGTACAAGACGGCTCGTGATACGGGCAAGAATGGTGACTTGAAAGATATTGCAGCAATGGATCGCATGGGCGAAGCTGATGTCGATTCCAAGTTGGCGCTTGTTGTGTTCCGTGTCGATGATTACAACTTGATGACGGAATCTGAGTATATTCAAAACGCGAGTAAGTTTATCGAAACTGCAGGGTCGATGAACTACACCTTGTTCTTGAGTGAAGAGCCAAATGTGATCAGTTTTGAGATGCTCTCAGAACGCTTGAAGTGGGTGCCAGAAAGAAGTGACGAAGAAGACATGGAATCTGCAGATCAAGTATCTGACGAGGCCGAAGCGGCGTAAGTCGTAACTGTATTGAAAGACAAAAAAGAAAAACCCGCTTTATGCGGGTTTTTTTGTGTCGTATTAGGGGTTCTACGGTCGTTTATTGTGATACATATGTCATGTTTACGGTTGAAGCGATCTAGTAGGATGCTTGGGCCGTAGATTAAGTTGAGTAGGTTGCGATTATCCGACGGATGAGCCTGGAGCGATCGGCTTGCCGGGAGTGAGAAGGATAACTGAACGGTCATCATCATCGCCTGCGGAAGCGGCGAGGAGCATGCCGTTGGATTCTTCACCGCGGATTTTACGTGGTGCGAGATTGGCAACGACGATGATTTGCTTGCCAACAAGTTCTTCTGGCTCGTAATGGCCTTTAATGCCAGCACAAATCTGGCGTTTTTCTTCACCAAGATCGATCTGAAGCTTGATCAGACGATCAGCATTGGGGTGGAGTTCAGCTTCAAGAATGGTTGCAACACGGAGGTCAATCTTCATGAAGTCGTCAAAAGTAATTTCTGGCTTGGTTTCCATCGTGTGGTCTCCGAGTCCCCAAAGGTAAGAACCTGGGGTGTTCAGGATAATAATTGGGTCTTGAGTGTGGATGATATCAAGGTTGGCAATGGATTGCAGCTTGCGGGTGAACTTGAAGAACTGAGGTGGTGAAAAAGCAGGTAAACCTGTCACGAGAAGGGGTTGTCGCCTAGAATGGCGGGCAACACTGAGACGGCCAGACGCAGGATGTGGTCGATAAATCTGCGGTAGACAGGGTATTAATTACAGGAAGCGAGATTGAGGGAATCATGGGGATTAATTCGTGATGAATGAGGCATTGGCTTGTCAAAACTAAGAAATCTAAAAGGTAGCTTGAGGCAACGAGGTGGATGGAAGCAGAAATTTCTGTGGGGTGTATTGCTGTGCATGGTGGTCTTGGGTTCCGCACTGTTTTATCTGACACGGCCAGAACGCTTAGGGCGGATCTGTACATTGTTTTTGGAGCAAGCAACAGGGGCGAGAGCAACGATCCGCGAAGCATCGATTACACAGGATTTGCGAATTGAATTGTCGGATGTAGATATCCGTGTACCGGGGCGTGAGGATGCGGTTGGTCGCTTGATGTCGGTGGAGGAAGTGGAGATTGACCCGAGTATTTGGTCAATTTTGACAGGAAGCTTTCAAGCGGAAGCTGTGCGTCTCGTGCAGCCAACCGTTTACGTTACTGAAGATCTTGATTCGGGATTAATGAATTTTCAGATCCTGGCTGACAATCAAGACCAAGGTGAGGGTCAACAACGCGAATTGCCAACAAGTATTCCAGTGCTTTCGATCCGAGATGCGAAGGTTGTTCTGGGTGTCTATGAAGGCGGTGAGTATGTTGTTAATGAAGAGATGGAGATCGAGGGGCGGATCAATCGAAAAAGAGGTTACGAAGATGGGTATTACTTTGTACTAAGAGAGATGGCGGGGCCAGAGACAAAAGCACCGAAGTTTGAGGGTGAATTCAATTTAGAGAAACAAACTTTTTTAGTGAATTTGTCGGGGTTTGAGTTCCAACATCGGCAACTCATGTACCTGCCGATGGATGTTCGAAATTGGTGGGAAAGATTAGGTTTAAGGGGCGATGTGCCGACAATGAAGATCGGATACGAGCCGATCAAGGGTGTGTTTGCGGATGTCGAGCTTACGGATGGTGAGGTGAAGATCCCGTTTGAAGAATTTCCTGCAAAGCTATCGCAGGTTGATTTGCGTATGCAGATCGAAAATGACCGCGTTCATATCTCACGGCTGACAGGCGAATTGCAGGCTGGCGAGATGACGCATGTACGCTACAGCATAACGGGGGATATGTATGGATTAGAAGCATCGGCTCCATTTGAATTGCGGTTGAATACGGACAAATTTGAGGTAGCAGACGACCCAGAATTTATTTTTGGCATGCCGCCTGAAGTGCAGAAGCAGTACAGCCTGTTTACCCCGCGTGGTTTGTTTAGAGCGAGTGCGCGAATCAGTAGAAAAGAAGCTGGTGGAGATATTGCTTATCGCGGGACTGTAGATTTGCTGGATGTAAGAGGTGAGTACAAGAAATTTAAATTCCCAC
CP036425.1_gap65	3110795	3112001	1206	AGAAGCAAGTGGCTTGAATGCTGCGATACGATCTTGAGGGGATTGACTGAGAAGTGCATGGGCAATTGCACAACTCACGATGGTTTTACCAACTGCTGTATCCGTTGCAGTCACGAACAAACCGGGTGTTTTTAGATTCAGTTTCAGATCGAGCATGGGGTAATGATAGCACGATCAGAGTTGAGATATGAATTTATCACATTAAAGCGCTTGTTTAAGATCAGCGAGCCTCGCTTTATTGCGGGTGTTCGACCAGATCGATGAAAGAAGATGGAAAATCACTTCAATACACTCTTGAAGAGGTGATCCTTGCGCCTCGTCCAACAACGTTGAGGCTCGCTGCATAACTGTCCAAACGCGACGTTCAGAAAGTGTGCCCGCGAGTTGCATGGAACGGAGCTCTTCCAATTGCGTTTGCAGATCCTTGATGTCGTTGTCGTGAACCATACATCTCCATTCGTTAATCGATCAGTATGTGTATTGAAGCAGAGTGGGGGCGATAATCAAGATGCGATGTGGTGAAATCGCGGTAAATGTGTAACTGGCAGGAATCTAGAAAGGTTTGTAGGGGTTATGAAAGTTTGCGAATGTAAGGATGGGCAAAATAGAGGATTTCGTGGTATTAGATGTAGATATGGTAAGCAATTATTGGTCTTTGCAAGAAAGTTGGAAGTTGCCCCTCGATATTGCCGAGAAGTTATTTAGCAGCAACCGATAAGCACGGATTCGGTTGATAAGTACAACTTCAAGCGTGAATACGGAGTATGAATCGTGGTAAAGCAGAAAGATGTTGATGCGTTGTTAGCGGAACTTGAGCATGCACGCCGGGTATTGAAACAAAGCCGTGAAGCTGTTTATCCGCAGATTGATACGCTTGTTGAACGTGCTGCAGATCTTCATAAAGAATCTATCGGCGGCAAATTCGAACCTGCATTAAGCAGTGTACATTATCTGCTTGATTCGATGCGCCGTGGCATACAAGCCAAAGAAGTGCTGAATCAAAGCATGGCTGCATAATGAGCAATAATCACTGAAAATCAGTGATGCCCAGATATCTCTGAGATTTCTCGGATAAAAGCCCATACAAGTGGGCTTTTTCTTGTATCGCAAGCGGCTGGATTCCTCATCACCACAAACCGATAACATCAGTATCAACTGCCCTTCTGAGGAGTGATTGTTTGTCTGTTTTGCATGACAATCCATGTC
CP036425.1_gap66	3130907	3132323	1416	CCGCAAACCTTGCCACCGGTCAAGCCGACTTCGACGGCAACGTCCTCCTCATCTCTGACACCAAACAAGCCTCCCTCACACCCACTAACCCAGCCAACAACCAACGCAAAGAAGATGTCGTCGAACTCAAAACCGACACCCTCAACGTCAAATTCAGCACCAAAAACAACACATCTAATACTGTATTAGATCAAGCCAAAGAATCCTCAACCAACACCGACACACCACTCAACAACGTCGTCGGCAACAACAAAATTCAGTTCGCACGAGCCACCGGCCCATCCACCAAATTCACCGCCACAACCTTCGGCCTCAACAACGCCAACAAACGAACCACACAATTCCGCTTCACCCTCGCCGGTAACCGCGATATCTCATTCAACGGCCAAAACGAACGCATCAACATCATCGGCCCCGGCAACATCCTCATCGAAGACTATCAACCCCGCTCGCCCTCATCCCCCCAATCCACATCCACAGCAACCAACCCCATCGCGGGCATGCAGGTCACCGGCGAAGGCAAAACCGTCTTCACCTGGCAAAAATCTCTCACACTCGACGCCGCTCGCAATGACATGCTCATGGTCGGCTCAGTCTTCATGATCCACGAACCCGCCTCCGGCTCAGACACCGTCCAAATGGACGCAAACCGCCTCTATGCCAAGCTCAACGACGCAGGTGGACTCGGCTCATGGATGTCCGATGAAGGCTCGCCACAGCCCGACCTCCAACTCATCCGCGCCGACGGCAACGTCAAACTCCAATCCTCAGGCTACACCATCTACTCAAACGACCTCCAATATACCGGCGCAGATCAACTCATCCTCCTCTCCTCAAACGAAGGCGAAGAAGTCCGCGTCGAAGGTGGCAAGTATCCCATCCCACCCGCCAAGGAAATGGAATACGACGTCGCCAAAGACCGTTTCACCGCCCGCGACGTCACCGGCGGCTTCGTCCCAATCCCCCAAAACTAATCATCCCTCCCTCAATCTCACAACCCTCAAACCATACCCGCTTAATGGGTACTTCATCACACCAACTCAAGCTCAAGCCCATGACCTCCGGTCATGGGGTGTCAACACAACCAACATCCAATCACCTACTCAATCCCACCCAGAATCTAACTTCCAGTTAGATGTAGAATCAATCAGCCGCGACTCTTTAATCCCCCAAGCAAACACACCGGATTTCCTCTCATGCCCACCATCTACAACGTCCACGACCTGCCCGCACCCTCATCGAACATCACACTCGATGACGCGATCAACTACATCCACACCAAATGGGGCGGCGAATCAAACTTCAATTTCTACCAAAACGCCATCCGCCATTCCTCCACCACCGCTCTGCCCCAGTTCTTCATCATGCTCGACGACGCTCCCCCCTCCAATCAAACCATCATCGGCTGCTCCGCCC
CP036425.1_gap67	3134661	3137610	2949	AGCAGTTGCTTGACGTATTTGGTGACTTTGATTTTATGGCGATCTTCGCTGGTGCGAATGAAATCATCGTTGGACATGCCAAGTCGATTAAAGGTTGCCTTGAACGCATCGGCGTTCTTGTCGGCCCATTGCTGTGTTGTAAATCCTTGCTCTGCAGCAGTATCGACGACTTTGGTTGCGTGTTCGTCGGTGCCGGTGAGGAAGAAGGTATCTTTCCCGAGTAGGCGGTTGTAACGGGCCATAACGTCGGCAATCAGCGTTGAGTAGACGTGCCCGATATGCGGCTCGCCATTGACGTAGTAGATGGGTGTGGTGACGTAATAGGTGTTCTTGTCCTGATTCATGGCCTAATTGTACGATCCAGCGGGTGAATGGGAAAATTGTTGCATGAGATGTGGTGAGCGTGGTTTGCTATCAGGAGGCGGCGGACTCGAGGCTAGCTTCTTGCTGCTTCCGGGCGAGTTTGAATTTGCGGCGGGATTGCCGCTTTTTGAGGTAGAGGTAGAGACCTGAGATGAAGAGGACGCTGGGAACGAAGCCGAGCAGGACGTAGAACGCTTGGGAGAACGGGCCGGCCCATGTGCCGAAGTGGAGCCAGGTTGACCAGTCCATGAGGACGGAGCCGAGGGGTTGATTGCTGCCGGTTCGGTCGGAGATGCGCATGATGACGCCGCCCTGCCGGGCGAGTGTGATGGTGTATCGGCCGGGGACGGATTCATCCGTGGGTCGGCCGACGAAATTGACACGCTGTGGTTTATCGACAGGTGCTTTCAGGAAGAGTGCGCCGTAGATTTCAATGTCATCACGTTGCTGTTGTGCAGTGGTGAGCATTTGGCCTAACGGTTGGATAGGCGCATTCAGATCGACCTCGGCTGCTACGGTTTGCGGTTGCGGGATGATGGCATCAACGATGGGTTTAAAGATGATGTATGAGCCTGTGATGGTGGTGACGATGAGGAAGATGAGTGATGTGGCGCCGAGGAGGCCGTGTATGTCCCAGGCTAATCGACGAATCGATTGGAGATTGATTTTAAATCGTTGTTTGAAAAGCTTGGGTTTGAGTCCGGGCCACCAAAGCCAGAGGCCTGAGGCGAGTAGGAGGATCGCGAAGATGGATGCAAAACCGTTGAAGAACCATCCAGGAATCTTGGCGAGCCAGTGCATGTGTACGGCGTAGATAAAATTGAAAAATGTACCGTAGTAGGGACGGTCACCGAGTACTTGGTAGGTGATTGGGTGGACGGCAACTTCACGTATCTGATCACCCCAGCCAAGGTTGTCGGTGTTGTCGGGGCGGTTGATATACATGACGTAAACATGGGCATCTTTGGAGAGATAGATGCGTGCGATGTCACGGTCGGGGTAGAGATCGGTGCCTATCTGGTGAACGCGTTCGATGCCTTGCGTGTTGTCGATTTGAGAGAGCTGTTGCGGGGTGAGGTCGAGCTCGTGAAATTGAGGGGTGAGGGTCTCGTTGATTTGCTCGTGGAATACGAGAATGGAGCCGGTGAGTCCCATGACGAGGAGGTAGAGGCCGACGGAAAGGCCAAGAAGCAGGTGTATGTAGTACACGCTGCTTCTGAGGAATCGTTTGATAGATCTTTTAGGTTTCATGGGGTGATCCGCTCGAAAATACGTGATCTTGGAATGATTTGGTAGCTGGGGATAGGCTGCGAGACACCGCATGGCCGACGGTCGTGGGCTTGAAAGAATCGGTGAAGCGTCACGAGCCTATTCAAGATCAAAGAGGTCGTCAGTGGTTGGATCGTCATCACCATCGATGTCGCCGAGATTCAAATCTTCCAGTTGATCTGCGGTCACGGAGATGCCGTTGTATGAGTAAGAACTACGTATGATTTTTGGTGTATAGGATTCGACGTGGCCATCAGCCCAACTCGTGTTACCGTTTTTTGAGTGGCGGCCGTGAAGCGCAGGTGCGCCTGAACCAAGATAGTTGGGAGACTGAAGGAAACCCGCGGTGGCTAATTGAAGATTACCACCCGAAACGTTCGGCTCTGCGGCATCACCAAAGAGGACGGTTTCTGTCGCATTTTTGATCATTGAAGCTTTAATCAATGGATAAACGATAGGTGGGTCACCTTCGTAGAAAGCTGCCGTGGGATGAAACGCACCCATGTAGTAGTGGTTGTAGCCGTAACCTGTTTTATTGGAGCCCGCGCGCGTGCCTTGGGTGGGGTCCTCATCGTTCCATGAAGGACAGGATTGAACGGTGCCATCTTGAAGATAGTCTTTGAAAAAACTGGAATTGGGTTCGGTGTCGTTTGAGCCGGGGATTTGTTCGCCCCACCAGTAACGCCAACCGCCGGGCGTGTTGAGATTGACGTAATCATAGCCAGGCATCACCCAGTCGTTATATTCGGCAACATAAACGGCCCATGAGATGCCCATCTGGCGGAGGTTGGAGCCACATGCGGCGGAGAGTGCGGTTTTTCGGGCAGCACCGAGAGCAGGCAGAAGAATGCCAATAAGCAATGCAATGATTGAAATAACAACTAGCAATTCGATTAGCGTGAAAGCATGATTCTTGCGGCACAAGCGATGGATCATGACGGATCTCCCATTAGGCGTTTGTGTGTGATGGTCGTTTATGTTGTGATCGTACGGAAGCCATACGGTTCGAAGGGGACAACACAGGCTGCTGCCACATTCAGAAAGAAGGCTCTGTAGGAATGAACGCACAGCGCCACAAATTATTGCACTTGCGATTCATTCTCAATTTAACAAACCTCAACGACAAGTCAATCGTATGACTTGCATACGATTTGACGTGGAAAACCAGAAAATATTGATGACTATTGGGGAATTGCGATAGACGCGTAAGAATCCGAATGCGGATTAGCTTGGATTGGGCTTGCAATCGGGGGAAAATTTGGCTGCTGTCTTAGACGGGATAAAACACGTAAAATGAGGTTTATGATGATTTTGCGT
CP036425.1_gap68	3191560	3194834	3274	GGTATCGGCGGACAAACCGATATGCCCATCGTCCTAATCGACGAACTCACCGTACCACTCGCAGACGGCGATGAAATGGTCTGGAACAATGTCGTCGTCGGCGTTCTCGATATCGATGGCGCCCCATTCGATGCAGTCTTCGGCATGAACATGCTCATCAGCGGCTACGATGCAGCAGACATCTTCGGCGGAACCGCCACACCAGAAACCGGCTTCTTCGACGGATTCAATCTCGATTTCACGACCGGTGACGAACAAGGTATCCTATCCCTCGACTGGAACGACAACCGCATCATCCCCGAACCCGCCAGCGCCGCCATCATCGGCATCGCACTCTTCGTCGCATACACAAGACGACCTAAAAACGCTTAAACAAAACCCATGCAACCAAACAAAAAAGCCGGCTTTCAGTCGGCTTTTTCTATTCACGATAATCATGCTGCGTTTCTGAAATGATCTTAAATACCTTCTCATGCTGCACCATGATCTCAACGATCCTCGGATCAAAATGCGAACCCGATTGCTCCACAATATATTTCACGACCACCTCATGCGGCATCTCATCCTTATACGGCCGCTTCGTCCGCAGCGCATCATAAACATCTGCTACCGCAACAATCCGCGCCGCCAACGGTATCTCTTCCTCCTTCAAACCAAACGGATAACCCGTCCCGTCCCATTTCTCATGATGAGCATACGCAATCTGTGAAGCCGTGATCAAAAACGGATCATCCCCCCACTTCCGCTTGATCATCATCAGCGTATCACCACCCGCCCCCGGATGATCCATTATCTGTTCGCGTTCCTTCTTCGATAGCTTGCCCGGTTTGAGCAAAATCTTATCAGGTACCGCAACCTTACCAATATCATGCAGAGCAGCCGTATTCGCAAATACTTCCAAATCCAAACCGCATATCTTCCCATCCGACTCCATTAAATCCGAAGCCAACACCTTTACGTAACTACATATCCGTTCAAGATGCTGCCCCGTCTCATCGTCCCGCGATTCCGCCAACTTCGCCAAACCAAAAATCACCGCATCACGTGACCTGATCAACGCCTTCGTACGCTCATTCACCTTCTTTTCAAGCGAACTGTTGATCACATCCAAATCATGCTCATACCTCGAAAAAATCAGCAATGTAAAGAACGCAGCCACCGACATAATCACGATCGTCACCACCATCCCAACATTCTTCACCGTACTGGTCAGCAAATCGATCCGCCCCTTCAAATACAACTCATCCTGAAACACAATCAGTAGTGCGTCATACACCGGCATGCGCCGAATCGCAACCACATAATCCGTCTGCATATACTGCATATCCAAACGCGTTGCATACTGCTCCGCCAACTCGCGTATCTCACGTTGTTGGTTACGCGTCATCCCCTCATGATTCAAACCAATCATCTCGCGGCTATCCAACAGATAGACCACCGTATATGTAACACCCGCAACATCCATCCCCTCAATCAGGTCCACTAACACCTCACGATCCTTCGCCCCCGCCGATAGATCCTTGAAATCCAACAACACCAACGCCTTGGACAACTCATCCGCCAGCTTATTTGAGTTCCGCTCAATCCGTTCCTGCACAGCAACAGTAACCTGCCTGGCCAACCAAAGATCCAGCAGGATCAATCCACTCAGCAGCCCAATCAGCTGTATCATCAACACTGAGCTGAGCAGCACACTTCGCCGACTGAATTTAAAACCTTCAAACATACAATATGCCCAACCAAATCTCACCGCAGCTACGCAAGATAACACCATACTATAGCCACCCCATGCGTTCCCATTCTCCATTCCAAATCAATCTAGCCGCCCGGTTATACCAGTGGTATGATGCGTGCGGATTGGTCTCGGTGTGCAAGCGGGTTATCGGATATCAACTACTACATATAGTCAGGGATCGACATGCTTTCACCCATCTATAAAAGCACAAGCTTCGTTCTGCTTTCACTTCTCCTATGCGCCCAACAGCTCATTAGCCAAACCATTACCCTTCAATCCGATCAATACACCTACACCATCGACCCCTCCTCGATGCAGGTCACACAATCTTCACCAACAATCAACCCAATCACACTCTCTAGCCCAAATAGCTTTTTTGACAGTCATCAAATAGAAAATCAGCAACCGCAATCCGCACAATGGCAATACACAGACCCTCAACTCTCAGCACATGCCGAAATCGTCGGCAATGACCTGCGCATCACTTTCTCAGCCAACATCACCAACAACGATCAACTCATCGTCCCCTTCCCCACCATTCAGGAGCATCCCACAGACACCGCCCTCACACTCCCACTTTTTGAAGGTGTCTACATCGACAAAAATGCCACCGCTTGGCGTACAAAATTACAAGAAATCGAGAATGAACGCCTCACCGCCGCATTCAGTTTTCCCGCCATGGGCATCCTCGGCCAAGACAACATGCGCATCATCATCTTCGAGCATCAATACAACAACAAACTCACCGTCACAACCAACCAGCAAAATCAAATCGCTTTCAATTTCGCACGCACCTTCAATCGCCTGCAAAAAGACAACCAAATATATTCAGTGCTTTTCCAAACGCGCCCCAACAACCTGCTCGGCTCCGCCATCGCCTATCGCCAATACATGAAGCAAAACGGACTCTTCGTTTCACTTAAACAAAAAATGGCCGCCAACCCCAACATCAAACGCATGATCGGCGCCATCCAAGCCTACGTCTGGGGCCCCGCCCTCGTCTACGGCAGCGACCTCACCCGCCCCCAAACCAAACAATTCATCAATAAACTCACCACAGCCACACCCGATCATAACCCCGAAGCTTTTTGGCTACGCAACCAACTCACCCCAGAAGAAGCTACGCAACTCAAATCCATGACCAATCAGGAATGGCTGTCTAACTACGACTTAGACCTCATCGCAGTCATGGTAAACCGTATCCTTCAACTCCCGGATTGGCAGAACGCGACTTTCATTTCAAACAAAACCACCGCGCAAACCGCTATCCCCACACGCCTACGCCTCCTCAAAAATCACATCGGAACCATCTTCAACGACCACCATCAATGGGGCAGCGGCATCTCCACACGCATGATCGATATGCTCCAATCCGCAGGTATCAAACGCGCCCACATCTCCACCGGCGGCATCAATAGCACCAACCTCAAACCACAAGTCGCGCTTGCCGCCGACACAGCCGGCTATCTTTTTGGCCCATACGACTCCTACCACTCCGTTCACAACCCCAAGGCTACCGGCGATCATACTTGGGACACC
CP036425.1_gap69	3278224	3281861	3637	GATTGAAAAAATGGATGCGAGTAAATCAAACGTCGAGCAAGGTGTTGACACCGCAACACAAGCCGGCAATTCACTTGGTGAAATTATGGACGGTGCAGATAAAATTGCTGGCATGATCCAAACCATTGCCGCAGCTTCGGAACAGCAATCCGCAGCCTCAGAGCAAATCTCATCCAACATACAGGCGATCTCAGCCGTCACCGCTCAATCACAGCAAGGCACAACACAAGCCGCTCAAGCATCCAATCATCTCTCTGAACGCGCCGAAGAGCTTAAGCAACTCGTTGGCCAGTTCAAAACCCGTGAAGCGGCATAATCCTTAAATCCTTACCTCCCCCCTCCACTCGACACAGGCTCTGATCCAAAGCCTGTGTCGTTTTCTTTGCGCATTTTAAAAACAAAAACACTTCACTCTGCCTTAAGGTTCCCTCAGCTAATCTATCACGCAACTCAAAGATCGAACTGCACCTCGATCTAACCTTTAGAAAGGAAAACATATGAAAACTAAGCTCTCTCTCGTTCTCGCTCTCGGCGCACTGACACTCGGCGGCACAAATCTCTTCGCAGAAACAGTAGCCCCAAGCAAAACCGCTCCACGTGTCGAAAAGAAGGAAGTCAAAGACGCCGACGGCGCTAAGAATCAGGAAGGTGCTACCGACAAGGAAAAAGCACCCGCCGACAAGAAAGAACAAAAAGATTCTAAAAAGCAAACGCCTAAAAAATAAGACCCTTTTGGTCATTTAACGACATTCAATCTTTCACAAGGTGTCATTACGAACTCTCTCACATTTCGTACATCACCCGATCAAACTGCACCTGGCTCCTGCCCGGTGCAGTTTTGATTTAAAAAATAAACCGTTAAAATTAAGCCCGTATCCATTACTTCGGAATCATAAATATGCGCATACTCGTCATCGAAGATGAAACCGATCTCCTGCACGTCATCGCCCAAGCCCTCCGCGAACAAGGCTATGCCATCGATGAAGCACAAGACGGCGAAGAAGGTCTTTACAAAGCACAATCACACACCTACAACGCCATCGTCCTCGACCTCATGCTCCCTCATATCCCCGGCCTCGAAATCCTCAAGCAACTCAGACAATCAGGCTCTAAAACCCCCGTCCTCATTCTCACCGCTCGCGGCTCCATCGAAGATCGTGTCACAGGTCTCGACGCTGGCGCCGACGATTACCTCATCAAACCATTTGAACTCGATGAGCTTTTCGCTCGCATCCGATCACTGATCCGCCGCAATCATGACACCTCACAAAACACCATACATGTCGATGACTTTACCATCGATATCAACAAACACCTTGTCTTACTGAACGACAACCCCATTGACCTCACACCCCGTGAATACGCCATCTTTGAATGCCTCACCCTCAATCGTGGCAAAGTCATCAGCAAAGAAAAACTCTACGACACCCTCGTCGATGAATTCGATGATTCACTTTCGAACGTTATCGAAGTACACATCTCAAATTTACGCAAAAAACTAGATAAAAATATCATCACAACCCGCCGAGGCATGGGATATATTATCGACTAATCCACGAACTTCCCAGCGATCATGAATCACAAAATCCGCATAAAATCTACACGCATCAAACTACTAGGCGGGTATGCCGCATTGCTGATCCTCCTCCTCAGCATCTTCGGCATCACCCTCTTTCAACTCGTCAATCGTACCTCATACAACCTAATCGATGAGGAACTTCTTTACGATGTTGGCAATGCGCTCATCACTTTCCGAAATCAAGAGTTACAAAGCCAGCCACCCTCACATACTGAACCTCTAAACCCAAACACAATACTTGACGACCAGTATTGGGAATCCAACACCAACCCGAACCTACTCAATGACAGGCGTGAGGACAACGAACGCTGGTGGCTCCAATACGAAAACCAAGCCAAATCACAAGCCCAACCACAAATCCCAAATTCATCTAACCCCAAATTAGATAAACCCAACCTTCAAAAACTCGCCACACCACCAAACCGAACGCCAACCCCTAACCCTTGGAAAAGCGAAACCCCGCAGCAACTCAAAAAACCTTACCTTACCATCTGGCAAGACCTCTCCAACGATCAACGCATCATCTACCGTGGCTACTCCGACATCTTCTCACTCCCTAACACAGCAACACTTGACACAAATAAAATCCACTACAGAAACAGAGATTCGTGGCGTGAAATCCTTCTCTTCGACAAGGATGTCTGGGTCCTCGCCGGCCGCCCACTTGATCTCAAACGCGCCGAAATCGTTATCATCAAAAACACATCCATCTTCCTCGGCACAATCATCCTCGCTGCTGGTCTCCTCGGCGGTTGGTGGCTCACAGGACGCGCCATCGAACCAATCAACAAAATTTCCAACACCGCTCGAACCATATCAGCCTCCAATCTTGATCAACGCATCGACCTTGAAAAAACCGAAGACGAACTCGGCCAACTCGCCCTCGTCCTTAACCAAATGTTTGATCGTCTCAAAGGCAGCTTCGATCAGCAAAATCAATTCATCGCTGACGCTTCCCATGAACTCCGCACACCGCTCGCCATCCTCGTTTCACAGATTGATCTCGCACTCCGCCGCGACCGCGACACTGCAGAATACAAAGATGCACTTCAGCGTTGCCAACGGTCTGCACATCGCATGAAACAACTCGTCGACGATCTGCTTATCCTCGCCGCCGCTGATCAGAATCGCCTCAAACTCAATCCTGAAACGTTTGATCTTGCAGACGCTGCGCATTTCTGCATTGAGATGACCACCCCACTCGCTCAACAAAACAACATCACCCTGCACCTCAACACACAACCCGCCACCATCACCGCAGACAAAGTCAAAATCACCCAGGTCATTACCAACCTTATTTCTAACGCGATCACCTACAATTCGCCTAACGGATCGGTCACCATCACGATCACTCAAACTGCGAGAAAAACCACATTAACCGTCTCCGACACGGGCATAGGCATTGCCCCTCAAGATGTAAAACACATCTTCGAGCGTTTTTACCGTGTCGACAAAGCCCGCTCCCGGCAACGCGGTGGTTCGGGCCTCGGCCTCGGTATCTGCAAAAGCATCATCGACGCCCATCAAGGCTTCATCTGGTGCGAAAGCACACCAAACCTTGGCAGCTCCTTCTCTTTCTCTATCTAAACCAATAAAAAAACGCCCCACATTGTAGGGCGTTCAATCATCCATTCATCTATTCGCCTTATCCCGGCAGCGAATCTCCCGGCTGCGGCTGACGGTGATCATAAAATACCTCCGCAACCTGCTTGCCAATCTGTTCAGCCAACTCACGTCGCAATTGAAGCTCAATACTAGGCCCATCAAAGTTCACACCCTGATACGGCAACTCCACTTTCAACATATAGCCCGGCGGCGTCATCGTACGATCCACAATCTTTTTCGCTTCTGGGAACAATCGCTTGCCCGTCTTCGAATCAATCACCTTCACTTCAACCGTCGCGTTCGGCCGGTACACATTCCCCGCATAATGAATCGTAAACGATTTAATGCTCACATACACCACCTGATCCGCATCCAATCGCTTACCTATCCGATTGATAGGCATCTTTGCAAAATCTTCCCCGACCTCATCCTCCAACCCATAAATCTTATCTG
CP036425.1_gap70	3468451	3472407	3956	AAGTGGATACATGTGGATGACGCGTTGCGTGTAAAGCAAGCTGATGTGGTTGGTGCGAAGGGATATCGTACGCCTCAGTTGCAACGGTAGGCTGAGGTTAACTGAACGAAGAACGAATACGGATGTGATTCCTATATCCGAAGGGCCTGCGTTGATTAACGCGGGCCTTTTTGATGCGCAGCGGTATGAAACTATTTCTGGATGTATCCGTCAATAAAGATGAAGATAGCATGGATATTGTGCGCACTTCACTGTATTTAAAAAAGCGATAGCGAGGCAATGATGCGAGCGAAACAACTTCTGATTGTGGTCTTGAGCGTGATTTTGGGTTTTGGTGGCGTGCAGATGTTTGAATTGGACAATGTGGCGGAGGGGCAATTCGTCTCAAAAACATACAAAACAAAAAAAACATCTGATCAATCGAAGAGCAAAAATGAATCCGAGAAGAAACCTGGGTATGACAAGGACACGATTGTTATGCCGATGGGGAAACGGAGCAGCGGCGATGATTACGATCGAAGACGTGCGGAGCGTTTAGAAGATGAGTTAGATGATCTAGAGGACGAGAACGATCGTTTAAAACGGCAGATGTTGGAAATGCAGGGGGAATTGCAGAAGCTGGGGAATGCGAATCAGTCGGCAAAAGAAGATTTGGCGCGACGGGAACGCGAGTTAGAAGAAGCAGGCAAAACGCAGGGGCGCGAGATTGCGTGGCTACGTGAAGAATTTGGGAAGATTAAAAATGAGCGTACCCAGAAGACGGATATCGTGCGTAAAGCGAATGAACTGGTGCTGCAATACGCGACGGAGAGCGAGTGGGAATGGAAGCCTGAGTTGATTTGGGATGAGCAACGGGGTGATATCTATTTCACACATGAAAATGGGGCGCAAGAAAAGCAATCGTTCTGGAGTATGAATCCGAAGAAGGTGGGTGTGCGGGCGATTTTTCTGAATACAAGCCAAAAGGCGGGCTCGTACTATTTGCGATTTCGTGTGCTGAAAAAGCCGTTTGATGAGAGCGGGGAAGTAAAAGATGGCAAGGCGATCGTGATGGGGTACGCGGTTTATACGACGCCGTTTTTGGCGGCAGGCGAGGCGTGTGAACTTGAGCGTTGGATTCCGGTACGTGAGGCAGAGATGGCAGGTGAGATCGAGATGATGGAAGTGATGCGGCGGGTGGAACGATAAACGCCAAGAGATGGGGAATATACTGAGACGGTGATGTGATGATGTGAAAATATGCTGAACGTCATGTGATGTATGTTGTTGCTATCAAGAGAGATGGAAGCCGATTTGTGTGTATGGTGATTGGGGCTGTGGTTCATGGTTGAAATAGTTGGCTGATGAGTGGTGTTATCGAGAGGTAGAAAAAATGAGGGAAGTGGGGAGGTGAAGGTGGATAATTACCCAAACCCGGACGGATTTGGCTACAATGTCGATCCAAAGGGAGGGTGAAGTAAAGGGGATGAGTGAGGGGATCGGGGATGAAGTCAGGCTGAGGCGTATTGGCCTGTCGCTCGAAAAACTCAAAGCGCAAGTAAGATGGTGGGTGAGAGGGTGTGGGAAGCGACTTGAGTGAGCGAAAAGACGAAACAGCGAAAAGCGCGGCGCGTTTGAAGCTGGTGACTATGATTGCAGAGAAATCGACGCTGAGATGGATCGGCGAAACAGGTGAGCTATGAGTAGACGCGTTGTCATAACAGGTCTTGGCCCGGTGAGTGGTTTGGGATTGGGGATTAAAGAAAACTGGGCGGCTGTCAGTGAAGGCCGAAGCGCGGTCAAGCGGATTGGCATGTTCGATCCGAGCGGTTTTGATTGTCATGTTGGCGGTGAGATCGCGGAGTTGAAAGTTAAGAAGTTCGTGCCCAAGAGTTACCGTAAGGCAACGAAAGTGATGGCGCGTGATATTGAGATGGCGGTGGTAGCAGCAGATTTTGCAGCCAAGGATGCGGCGTTGAATACGCCGGGGACAATGGATAATGGGGACCAGATCTCATACTCAGGCGAACGTATCAGCGCACAGATTGGTGCAGGGCTGATTGCTGCGGATATTAATGAATTGACGATGGCGTTGGCGGATTCGAAAGATGAGGCTGGCGAATTTGACATTCATAAATGGGGTCAAGAGGGGATGCAGAGTTTGACGCCGCTATGGTTATTGAAGTACTTGCCGAATATGTTGGCGAGTCATGTGGCGATCATTCATGACACACAGGGGCCAAGCAATACGATTACATGTGGCGATTCGTCGAGCGGTTTGAGCATCGGCGAGAGCCTGCGTGTGATTCAACGCGGGAGTGCGGATGCGGGGTTCTGTGGTGGGGCTGAGTCGAAGTTGAATTTGATGGCGTACATGCGTCAGGAATTGAATGGCCGACTGACGAAGGATTTGAATGGTGTGGGCGAAGCGGGCGGCGTGGTCAAGGTGTTTGATGAGGATTCAAGCGGAACGGTTTTGGGTGAAGGCGGCGGGATTGTGGTGCTTGAGGCGCTCGAGATGTATGAGGCGCGGGAAAAAAATGCAGGGCATGAGCCTTACGCGGAGGTTGTTGGTTTTGGTGCATCGCAGACGGTGCATAAGGAAAGCCGCAACTTAAAGACGGATCCAGAAGGTCGAGCGATCGCCAGTGCGATCCGAGCGGCTTTGAATGAAGGTGATGTCAGTGCGGATGAGATTGATGTGGTGTATGCATATGGGAGCGGGATTAAGGCATACGATGTAGGGGAAGCGGCGGCACTGAAAAAAGTGTTTGGCGAACGGCTGAGCGGGATGCCGATCGTGACGACCAAGGCATTGGTGGGTAATTGCGGCGCAGGTGGCGGCGGCTTTGACGTGTGTATCGCGGCAAAGAGCGTCAAAGAAGGACTAATACCAGCGGTCGTAGGCCGCGAGAAGCCAATCGAAGGTATGCAGGGTAACAGCGATAGTGAATCAAAAGAGATTCGTTATGCGCTAGTTCTCAGTACGGGCGTTGGCGGACAGAACACAGCAATTTTACTCAAAAACCACAGAGCCTAGTTAGGCTAACGAAAGGAGCTTTCCATTGGGCAGAGACCATCGCAAACTAAGAGCATTCGAGGCAGCAGACACACTCGCTCAGGTCGTGTACAAGGAAACAGCTGACTATCCGGAAGAAGGTATTAAAGATATCCTGCGTCACGCAGCGATTCGTGTTCCGACGAACATTGTTGACGGCTGTGCACGTTCAACAATGCGTGAATACATTAACTGTCTGACGGTCGCGTTTGGCGCGCTTCGTGAAGTTGGTTACTTGGTCGAGCTTTCCGAGAAATTGGAATATATCGATGAAGATCGTTTTGATGTGATGAATGATGCATATGATGAATCTGCGAAACTGCTGGCAGGTTTGATCCGTTCTTTGAAGGAACGCAAGAGTGAGTAGAAGAGAAGCGAGTGATCGCGTGGTCGTGACGGGGGTGGGATGGATCACGCCACTCGGTCATGATGTCGAAGAAGTTTGGGGGAACTTGCTTGCGGGCAAGTGCGGTATCGGTGAAACAGCTCACTTTGATGCGAGCACGTTCCCGACGAAGTTCTGCGCGCAAGTGAAGGACTATGATTATCGCAAGTACGTGAAGCAACCTGAGCTTCATGAAGGCATTGGCCTGAACACGGCATATGCACTTGGGGCAGCGTCCCAGGCGTGGTCACGTTCCGGGCTTGATGCTTATGACGCGTCAGGTGATCTGAATCACGAACGGCTTGGGATTTATCTCGGGTCGGGCGAGGGTTCGTTAGATTTTGACAACTATGTCGGAGCGAACCTGCACGCTTGGTCGGCGGATGATCGCGAGATCGAGTCGGTGAAGTGGGCGGAGATCGCGAAGCAGCGATTTGAAGCGACGCGAGAAGTTGAGCAGGAACCCAACATGCCACTGACCCATCTAGCGATGGAGTTTGAGGCTATGGGACCAGCCTACAACTGCTTGACGGC
CP036425.1_gap71	3536038	3538021	1983	CACGATCCCCTTCTCACCGTCTGCCGCATGATCTTCAACATCCGCCGTCGTTTCCGCAACATCCGAAACATCAGTTTCAGAGGCCTCAGCATTGATCGCCGCATGATTCTCTTGATCTTTCACCGCCTCAGCATCATCTGCTTCATGCTTGATCGATTCTGGCTCAGGCTGACGCATGATCTTAATCGGCAACTGGGTTGAAAACACCGCGCCGGTATCTGCTTGCCGCAATGTGACCCGCAGCGTTCCATCAAACGTGCCCATCGGCATATCCGATGGCAAATCGGCCCGCAATGTGTAATGCGTCCCAGTAAAATTCGAGCGATACGATTCGCGCCACTCTTTCGCATTAATACGCTTCTCAACGATCATCCGCGGCTCACCATCATCGGGAATCAGAACAACTTGCATCGTTCCAACACCCGCGACCGGCAACATCCGACCAAACTGATCTTCCGTCTGCACATACGCAACAACCTGCGTATCGCCGACCGCACCATCATCGCTGATCGAACCGCTGTACCTGCCAAGTTTAATACGGCTCAGAACCGGCGGCTCAGCGCCGGGAATCGGCTCCTTGCCCGCATTGATCTGCTGTCGAAGCGCTTTCGCTTCCGATATACGCAGTTCCAACTGCTCGTCCAGTTCCTTCACCTGCTTACGCAGTTCAAGGTTCTCTTCGATGACTTCGCTGACTTTCTTGTCACCGCCGCCGATCTTCACGCTACAGCCGGACAATATCACCGCGGCACACAACAGCATCAGCACACTCATCATCGATCGATGACTGAAAATCATACGTTGATCATGTTGCGTATTCACGCTGGTCATGCGTCGTCCCTTTATTCAGCTGCATCGCAACTGATGATCGCTTTATAGCCTAATGACGCCTATTCGCGTCTTTTGGCAATTAGTCGTTGTCAGTTGGCAAGTGCTTGAGAACATCGTCAGCACAACCATACTCAACAGCGGCTTGAGCGTCGAGCCATTTGTCGCGTTCACAATCACGCGCGATGGTGTCGAAGTCCTGGCCGGTGTGATCGCACATCACGTTGTACAGGCGTTCACGTGTCTTGAGCATTTCAGCGGCCTGAATCGACAGGTCGGTCGCTTGTCCTTCACTTACGCCGCCGAGTAGTGGCTGGTGAAGCAGCACGCGGCTGTTGGGGAGCATGTGCCGAGAACCCTTGGCGCCAGCCATGAATAGGACGGAGCCCATTGAGGCGGCGAGGCCGATGCAGTAGGTCTGGACTTTGGGTCGGATGAACTGCATGGTGTCATAGACACCCATACCAGCGGTCACAGACCCACCGGGACTGTTGACGTAGAAGTGGATGTCGCTGTTGGGGTCTTCGTTGGAAAGGAACAAAAGCTGGGCGACAACAAGGTTCGCGGTTTCATCGGTCACGGCGCCGCCGAGGAAAATAATTCGGTCTTTGAGCAGACGTGAATAGATGTCGTAAACCCGCTCGCCGCGGCCGGTCTTTTCGATAACTGTGGGTACCAGAGGCATTCTCGTTCCTTTTATGCGATTTTTGGTATCAGCTTCTTTGTGTATTTATCCATTTAAATTGGATGCGGCCCGATATTATTGGCCATTGATCCAAGACTGTCGTGATTATCGATTGCGTTCTTGCGGACTATCAACAAGTGATGCGGGCGCATGATCGCCGAAAATCTCCAAACAGATATTGATATATCGGCCAGTATGATACACCGTCCCAATATTATCTGCCGGATCAGGCAAGGTCCTGATAATTTAACAACATCCCTGTCTACTAATCTATTTCTTGCGGATGCGAAAGTGGCTTCAATCTAAATATGAAAAAACCTGCATATGGCAGGTTTTTGTGCTTTATTTTCCTCATTCAGCAGGAGAAGCGTTCATTGGATTCGCTGGTGAGTGATTGCATATTCTTTTGACGCTTATTCGCTTTAAGGTTTTGGGTTGCGATTGGCCTCGATGCAGTCCTGCCAAGTCAT
CP036425.1_gap72	3686224	3687307	1083	ACCCTCACCGTTTCGATTTCAACTTGCTCCATCATCTCTTATCCTCAGATTAAATCTATCTTTCAAACTAACAACACGCCAAATCTTACCATTCACCATCCAACATTTTGTGGATTGCGTAAGCAACCCCATCCTGCTCATTAGACAATGTTCTTCTATTGGCCACAATCGCAGCCTTTTCTACTGCATTCCCCATCGCAACACCTAATCCAGCATTACTCAACATCGACACGTCATTAATCTCATCCCCAATACACGCAATCCGCGACGTTTTAATACCATACTGATCTGCCAACCACCTCACCCCGCGCCACTTATCAATCCCAGCAGCAAACACCTCTAAGATATACACCGTATCCACCGGATCTGGCATCTGCACACCCATGAAATGCTGCACCAAAACTCGATCAGCAAACGCATCCCGAATCTTCTCTTCCATCTCAATCAGCCGAGGCCCACATGCAACCATACCAACACGCAACACCGCATGCAGATCTTCCACACCAACCCTCGGCATCGTTGCCGACCGAATACTCGATTTTTCAAACCACCAAGATGTATTTCCCACTAACTCGCAACTACCCGTCACCAAATAATCATGCCCAACAACATTCGCATCTCGAAAACACAAAACCGCCTCAGGCTCTGCTCCCAAAAAATCAATCAGCTCTTTCGCCAAATGCGGCTCAATCTCAGCAATCTCTACGCTCTCCCCACTATTAATCTGATTTACCATCGCCCCAGTTACGAAAATCCCCACTTCTATCACGTCCACTAACCCCTCAAGTGCAAACTTAGCCTCCCGCCAACCTCGCCCCGTGCAAGGCACAACCCTCACACCTGCATCAACCGCACGTCTTACCGCATCCTGATTCGCCTTACTCACCTCCCCATCACGCCCAAGCAGCGTTCCATCCATATCCACAGCAATCAAATCATATCTCATACAAATATCATACCCCTGCCGCCTTGCCCTCACCACCCGAGATCTACAGTAACGGCGAGCACAAAGAACACACCGCCTCACCAAACTGTCGCCAATTGCTACGATCCCGCCAATGATCCAAATGTATCAATGTTGAA
CP036425.1_gap73	3716316	3718934	2618	TTGCCCGGATCAGTCACTGTTGGCAGAGCTTCCATAGCAGCAAGCAATGCATATTGTGTCGCTAAAAACTGTCCCGGCGTGCCTTCATTCGCAGGATCACCTGGTGCCGCAGAAAAAGCTTTGATCGATTCAAGAATATTTCTCAAATACGCAGCTGCCTGCACATTACGCATGGCTGGATCACTGCTCTCAGAACCATTCGATGCATTAATATCATTTGCGTATGGGTTACCAATAGTCGCGAACGTTTCAGCCCCACCGATTTGCCAACCAGTATTCGCATCACCGTTCCAAATGATATTATTGAATGCAGCACCCTGACCGTCATTGGTCATCACAGGCCGCACATAAACCGTGCCGCCATCTGTATCATTCATAATATTCAGAACTTCGTACTGATTATCTGCAGATTCGCGAGCCGCCTTCGAACTACCGGCCAATCCTGTATAACCAACAGCCAAACGATGATTTCTCACCGTCTGTTCCATTCGGCTTGATGAGTTCTTATTCGTTGAAACAAACGAATCACCTAACTTATCGTTAGACTTGTCCGCATGTTTTTGACCAACATTATCACCGACACCCCATGAAGGATCGACGCCCAGCGAGTTCATTGCACCGTTCCGTGTACCCGATCCAGAATCACGCGACACCGCAACAAGGTTCTCACCATTCTTCATGCGGCCCGTAACATAAAGATGCTGCAACTCAGTCTTCTTAACATTACCATCTGCCGCACCATTGAAATCTGCATCAATCCCAGTGCCATGATTCGCAATAAATGCAATCGGCACCCATGCAATCGAATTGTCAAAAACCGTATTGCTATCAGGAGCACTCGTATTGGTATTCAAACCGCCAAGCGACTTGAGTAAATTAGCCTGGCCGCCCTCCTGATTACCAACACCACCGCCTGTTGCATTCGAAGTCGTCTGGTTTAAACCATAACCAGCCGTCGTAGGGGCCGCATTCCAACGCGCCTGAGACGCATTTCCCTGCGTAACAAACCACTTCGTCGGTACGTCCATCACCGCAACATCAATATAGACGCCGCTCGGATCGCTCAGGTATGGCATCCCACCAGGATTTGCCGCATTACCTTGGCCAACAGCACCACCGTCATAAAACTTCGTACGGTTAATCAAACCCGGATCAGGCCACTTCAATTCTCCATCGCCAGCAGCCGTTGCAGGCACCTGACCATAATTCACCAAATCCTTCAAACCATTACCAGAACCTACCGCGCGATATTGCACCGCCCAATAAGAACTCGCCGGATTCGTCCCCGCTAACTGTACAAATTGCAGCTGAGAAAAATCTGTAATTTGACCATCGCCGTCAGCATCAATGTAATCTGACGTGCTTGCCGGTGCCAGGAAAAACGGCTCAAACAACGTCGCACCACTGATATTAATCACATGCTGCGGCTGAGCCATCACAGGCCCTGATAACACTGCTCCCAACAGTGCTATCGTTGAGAATGAAATTGCTTTTTTCATGCTATCCATCTCTATCTCCGTGTTAGTGTGTTAGGTTTCCCATTCACACTCACCAGTGGCACGCAAGGTATCCGCCCGACGTACCTTCTTTCTCCTCCCCGCCTCGTTTTGTATATAAACCGGGCTTAAACGACGAAGCCCGGACTAATTTTCACACGACGTGCCATATCATCACGACATAACACGCCGCTGGTGAGTCAATCGAAATTCCACCCCTTTGTGAGAATCTTGTTTTCACCAGTCAGTGAGTAGAAGTACTCACCCCATTCTTTATTTTCAACGGTCTCCATCACGTGCTTATTTTCAACGTGACCATCCGCATAAGTAAAGTTCGCTGTACCACCATACTCACCCGTTCCTCCCGGATGATGCCGACCAATCCCATTGAGCGGAGTGGATGAGCCAATCAGAAACGACTGCCCGTCAAGCTGCTGCATCGTCATGAACGTATTCTTCTTTGGATACGTCCACCATTTTGATGATGCAGACACAGCAACCGCACCCCCTGAACTTAAATTCGGATTCCAAAACGGATTGATCGGCCTATGTGATTTTGATAAACCACCACTGCCACCACTACTACCTGTTGCAACCGCACTGTATTCATCTGAAAACTCAGCCATTAATATGGTCTGAGATGCGCTGCGAACCATACCCGCCCTGACAAACTGATAATTACGTGGTGTTGCACCCGCAAACTTGTTCCTCGGTATTAAAGCCTCGTTGGCTGTGAACGCCATCCACCTTGCCTGCCTATCAATCGTTCCTGACCCCGTGCCATTGCCCGGCACTTGATCAGCCACCATCGCATCAGGATGTGGATTCGTCGCCGGATGGCCACCCTCTGACATCTGCGGACATGTAAACGAATCTTCCGATGCACCCCCACCATTGAACAATGAATACGACCAGTGAACATAGCCATTAGCCGGATCTGTTCCGAACTGCTCACCCCAGTTCCAGCTACCACCCGTTGGGCTGTTCGCGTACACATATGACGCCGGATAAAACTCTTGATTGCTTACTAAATAAGCCTCGACTGCAATCGCAACCTGACGCTGATTTGAGCCGCACTGAATCTTTCTTGCCGACGCCTTTGCACTACCCAATGCAGGCAAC
CP036425.1_gap74	3728966	3731978	3012	TGAGGTTTTAGGTGTGCATGCGGCTCAACGATTGATGAAGCAGCAAACTTGGCAGAAGAAGAAGCCAGGGGCGGTGGTGATTACGGGTGCGCCGACGGATATTAAGCTGGATGACGGGGGGAATCCGGTGGTAGAGGATGAGAAGGAAGATGAAGGGAAGAAAGAATGATGAGGTGTATTGTCGTGCTATGAAGTGTCACGACGGCTATTGCATGTAACGAATAATGAATTGAAGCTTGGACGATTGTTCGAGCTTTTTTTATGATTGGATTCTTTATGTTGCAATTTGGGTTGGTGTATGATGAAAAAATGACAGATGAGTCAACTGAAATGATGGGGCCGATGGCGGATTACTTTTGGAGAAAGTGGTTGCTTGGAGGCGTTTTTACTGCGTTTCTGTTTTTCGTTGGGGCATACGCGATTGTATTTGCTGAAACAGCGCTCTATTTTCCAACGCGATACAGGTTTTATTACCGTGTTCCGCTAGAAGGAGTTGAAGCTGTACTGGTGGATGTTTGCGAGGTCATGCTGGGATTAATGTTTCACTTTGGCATGTTTTGGAAGTATCAAAAGAAATTGGAGCAGTATTATCAACCGCTGCTGTATTTAACGAGTGTTGCTTTTGGTGGATGCGTATTACTGACGGCGGGGTATTCGTTATGGACGCGATTTGTTGTGTTTATGTGATCTACAAAAGACTAACTCACGAATAGGTTATTTCAAATCCTTGAGGTTAGCAGTGACTTCGATGTTGGCGTTGAAGAGGCGGTGAAGGCCGAAGTCTTGCTCGGCTTCGTCGAGCATGGGGATAAGGCGGAATGTGATGGTTTGAGGTGGGGTTGGTGAGGTACGAGCGATGCCGATGGTCATTTCCCAAGGGCCGCGGCCTTGTACGGTGGCCACGGTTTTGGCGGGTTGATTATCGATTTGAACATTGAACTGATGAAGCATATCGATGGGGAGACGAGGACAATTGAAGTAGGTGTAGATCATATCGTCCTGGATCTTGAGAGAAAGCGGCGTATTCTTTTTGCGTAACGGAGCGGCGATGGCGCGGCGGAGTGTGATGAATTGATTGGAATCGTAATCGTGAGCGACGCGTCGAGAACGGATTTTAAAGGGTTTTTCAAGGGTTTTGGTCCAACGATGAACCACGACGGATTTGTTGCGATCGAATAGTTCGGCTGAAAAGATGACTGAGAGGGTATGTTCTTGATTGGGTTTGAGGTTATCACGTTCAATGTGCCGCATTGAGATGTCGAGTTGTTGATCGATGCTGAGGGTTTGATGGGCGGTGTGTTGTTTGCGATAACGGGCGAAGGATTGGTTTTGGTTGAATGCGTAGGTCAGGGTGTACCTGAGTGTGAGTGGGGAGACGGGGCGATCGATGCCGAGCAGAGGGCCAGAAGCGGTGAAGGTGATGGGGAGATTATTGCCTTCAAAGATTTCGGGTTTGATCTCAAATTCAAAATGAGGAAGGATGCGGTCTTGCAGTAAGGTGAGATGATTTCTGCTGAGTCTATTCTGTTGATAGGCTGCGAGCAAAAGCTGTGAGAAGGTGGGCTCATAGGTGATGAGCTCCGTGCGAGGAAAGGTTAGGAGCTCGGTGAGAAGTTCGGAGACTGTTTGCGGCTTGAGGTCGGAGTAGGCGGCGCGTTTGATGAGTTGATCCATTGCTTCAAGGTGTGAAGGTGAATCGGTTTGCGTGTATTCGAGTTGGTAATGAAGGATGTTGGAGGGGGTGAAAGCGGCGAGGGGCTGGCCGGTGGCGTCGGCGTAGAAGTCGATGGCGAGGTAGGTGAAGGCTGGGAGGATGAGGATGAGGCCAAGGATTTGGAGTTGGGGGCGTTTACGACGATTGCCGTGTGTGATGTAACGGATATCGTGGATGGGCCGACCACAATCGGGGCATTCGAGGAATGGGCGTGGGGAGCCGTAGAGATCGTATTTGCAGTATTTGCAGACGGGGTGGTTGTCGAGTTTTTTGCCAAGATGGGCGAGATAGATGAGGAGGAGGCCTGAGAAGATGGCGGCGCAGAGGATGAGGTAGAACAGCGCGTAGAGGATATCGTAGATGGTGTTACTCAATAACATGAGATGTTCCGGAAGGTATCTCAGGGCGGGGTCTGTATGTCTATGATAACACGGGTTTGGGATGATCGTAAGATAAAATCATGGGGACGACCAGCTTGTCAAGATAGGGAAGCGAAAGCCTATCTAATGATTAGGTGAGAGCGGGTTGGCGGGCGACTTTGTTGGTAGCGGTGATGGTGGTGGTGATAGCGTTGGGGTCGACATCGGTTTTTTTGATGCGTTGACGGGCTTTTTTGGCGTAATCTTTGGAGAGCTCTGTGCCAAGGTAGTCGCGGCCGAGTTGTTTTGCGGCAGCCAGTGTGGTGCCTGAGCCGGTGAAGGGGTCGAAGACGAGGTCGCCGGGATTTGAGGAGACTTTGATGATGCGATGAAGGAGCGCTTCGGGGAGTTGACAGGGGTGCCAGGTGGTGCGTTCGTGGAACGTGCCGCAGAGGCGGGACTGGTTCCATGTGTCGGAGTCGGGAGCGAAGTATTCGTCGGTGTTTTCGGTGGCGTCTTGAGGGCGAGTGTGCCAAAGGGCGGCATCGGGGAAATGGCGGAGGTACCAGGTGTCGTCGGGGAGTTTACCGGCGGGGTTAGCGCGTTTGTCGCCATAGGTTGTCATGCGGGCGGATGGGAGTGCGATGGCGTCACGGTTGAAAGCAAAAGGCGGCTTTTTGGTGAGATTCTTGGCGTTGAGTGCAGCGGTACCGACGCAATAGAAGAGGTGTGCGTGCGAACGATTGAACTTGATTTTGCAGCGCTGGCCGAAGGTGTAGTGCCAAATGATCCAGTTGCGGAACATGAGTTTGCCTTCATTTTCGAGTTTGCGAAGGTGGAGCCGGGTTTCGGCGGCGTACTCATCGCCGATGAGGATGTACATGGAGCCTGTGGGTTTGAGCAGGCGAGTGCATGCATCGATCCATGATTCTGTCCATG
CP036425.1_gap75	3735877	3737577	1700	TCGCGGGGATGGAGCAGATGATGAACAGGTTGAGTGTGGAGAGATGATCGAGATAGAGCCAAACGAATATCGCACCGACCCATGAGAATGTGAATGTGGCGAGCATGAACCAGAGGATAAAACGGTATGGCAGGCGGATGATATTGCGCATGCGGATGCAATTGAGTTCGCGGAGGTCGTCCTGCGTGAGCGAGCCTTCAACGGAGAAAGAGATTTCGGGGAGTTGAGGTTTGGTCATGCCCGTATTGTATTTGATGTTCTACTCGAAGGAATGGTGAAGGATTTGTCGCGCCAGATCGTCGCCGCATTCGGGACAAGTTGGGGAGGTTGAGCCGGTGAGATTGTAATCGCATTTCATACATTGGCCGAATTTTCGATAGACAATCATGGCAAAGGCTCGCCAATGGTCGGGGGATTCGAAATGTTCTTTTAACAAAAGCACTATGGTCTGTTCATTGGCAGCAAGACAAACGCCGGCTCGTACCCATTTAACATGCTTGACCGCGTACCAAGGCAGATAAGTGTGTGTGTATTGATCGGCCAAGCGGACATCAATGCCTTCCGGGTCGACGGTGAGGGTGTATTTGATTTTGTTTTTATAGCGTTTTCTTGCAGGTCGATTATCAATATAGCTGCTATTAACGTAACAGCTTTGCAACAATCTAAAGGTAAGAATGGAGAAGAGACCCATCAGGATTAGCATGATTTGGTATTGTTCTTGATCTATTACTTCTTCAGTAAAAAGGGCATGAAACATGAAACCAAAAAAGATAAGGGGCAGTATGGGGAAACTGGATTTATAACCACTACGAAGGCTGAAGGAACCTGGCTTTTCTTCGTACATGCTCTTTTTTGCACGAAGCAATCGTTTCCAATGAGTCAGATCATATTCACCCTGAACCCGGTAGCTGAACTCCGTCATGATTGGCTGTGTCATGTGAGATATGATCATGGAAAACGGGGCCGGCCGCAATATTGTTTTAGCGAGTTATTCAATTTATAGAAGGGGTTATCCACGGTGTGAAATGTGGGTTGGCAGTGACTTATAACGATGGCGGAAAAATCCACACAAGGGGGAGCTGGTGAACTAAAATGTGAGCACGATGTTGCGAGGCTGTGATGACTGGGAAATCATGGTTTTTTGCCAACAGCTAACCAGAGATTGCTGAAGATATGACAGATACTGCTAAGAAGACGATGCCTTTTGTTCACCTGCATTTGCACACGATGTATTCGCTGCTGGATGGTGGTAACAAGCCTGCGAAGTTGATGGAGAAGGTAAAGGAACTGGGGATGGATGCGGTGGCGATCACCGATCACGGCAATCTGTTTGGGGCGGCGGACTGTTATAAGAAAGCGAAAGCAGCGGGGATCAAACCAATTCTGGGGATTGAGGCTTATGTCGCACCGGATGTGACGGGGAAGAGTGACCGGACGAAGCGCGAGTTTACGGGCGTATCGGATGGTGGATTTCACTTGGTGCTGCTTGCGGAGAATCAAAAGGGGTGGAGCCATCTGCTAAAGCTGAGTTCGGATGCGTATATCAATGGGTTTTATTTTAAGCCACGTATGGATAAGGGGATTTTGGAGGAACATCAGGACGGGCTGATTGCGATCAATGGGCACTTGGGATCGTCGATTGCGTTTTATATGGTGAAGTATGAGCAGACCAAAGACGAGTCGATGTATGAACGGGCGAA
CP036425.1_gap76	3757037	3761737	4700	TGGGTACGTACCTCTGTCGAACTCCCCAGCCAACTCCAAAACAAACAACTTACACTCAACCTCGGCGTCATTGACGACTACGACTTGACCTACGTCAACGGCCAAATCGTCGGACAAATCGGCAAAGAAAATTCCAGAGCCTCCGGCACCAACCGCAAATACACCATCCCCGCCTCAGTCAACAACAAACCAACCCTCACCATCGCTGTCCGCGTCGTCGACACACTCCGCACCGGCGGTTTCAAATCAGGCGGCCACAACTTCTACCTCACCAACGACAGCGACAAAATCCGGATCGATAAAAACGATTGGAAATACAAATTCGCCTTCATCTACACCAAAGAAACACCCGGCCGTCTTGACCGCGACATCCGCCTCTCCATCTCAGGCCTCTACAACGGCATGATCCAACCTCTCATTCCATACGCCATCAAAGGCGTCCTCTGGTACCAAGGCGAATCAAACAACAACGGCCACACCACATACGAACCTCTCCTCACCTCACTCATCACATCATGGCGTGAAGCATGGGATCAACCCATCAACAAAGACTTCCCATTCCTCATCGTGCAGCTACCCAACTACCGCGAACCTTCTAAAAAAGTCGAACAACACAGCTGGGCTCATCTCCGCGAAGCTCAACGCCTCACACACGCCAAGCTCCCCAACACTGGCCTTGCCACCATCATCGACATCGGCGACACAAAGAACATCCACCCGCGCAACAAACAAGACGTCGGCCTACGCCTCGCCTACTGGGCACTTGCCGAAACCTACAACAAACCCATCACCCCCGCAGGCCCGCTCTTCACACACCAAACCATCAACAAAGACAACTCAATCACCCTTCACTTCAAGTACGCCGACGGCATCAAACCTCTCTCCGGCGACAAACTCTCCGGCTTCTTCATCTCATCCAACGGACGCAGCTTCGCACCCGCCACCGCAATCATTAACCCCGACAACACCATCACCGTCTCTCACCCCAGCATCCTCAACCCCAAAGTCGTCGCCTACGGCTTCGCCTCCAACCCCGAAAAAATGAACCTCAATCTCACAAACGATTCCAACATCCCAGCCTCGCCTTTCCTCTCAAGCAACTAACCCTCCCACATAAGCAACACACTGCAAATACTCACAACAACCTCATACGACAGCAAGCAGGCATTGAATTTCATGCCTGCTTGCTTCTTTTTTATGCGCGCGTCACTCCCCCTCATATTGACGATTCACATCTCACCGCCAACCCCCTATATTATCTCAAGCCCCCTTATGTACCCTTCCCTACCCAGGATCAGCCATGCGAACCGATTCATCCCCCCAATCCCCCCCACACCGCCTCCTCTCCATCGACATCCTTCGCGGCTTCGACATGCTCTGGATCACAGGCCTCAAATACTTCATCATCTACACCCTCGTCGCAACGCAATACATCCCCAACCGTGAAGCCGCTCGCTCACACACCTATCTCTCACAACTCGACCACGTCTCCTGGCAAGGCTTCCACTTCTACGACCTCATCTTCCCACTCTTCCTCTTCCTCACCGGCATCACCATCCCCCTCTCCATCACCTCCAAACTCCAATCAGGCTCCGCAACCAAAACACAACTAACCATCCGCTGCATCCGACGCCTCCTCCTCCTCATCATCCTCGGCATGATCCACCAAATCCACGGCCTACCCGAACGCTGGCCTTCCGTCCTCGGATTCATCGGCCTCTCCTACTTCATCGCCGCCATGCTCGCCATCTACACACCCCGCATCATCCAACTCGCATACATCCCCATCGCACTCATCACCTACTACCTCGCCATCCGCTTCATCCCCTTTAACGGCCACCCCGCCGGCACTCTCACCATCGACGCCAACCTACCCTCATACATCGACTCACTCATCATCCCCGCCAAGCACATGCTCATCCCCAAAACACCCTTCGACCCCGAAGGCCCATTCATGGCCATCGCCGGCGCCGCTCTCGCCATGCTCGGCGTCTACGCCGGTTACATCCTCACCAACCAAAACACCAAACCCATCAAGCGTGTCGGCCAACTCCTCATCCTTGGCCTCGCCGCCATCTTCATCGCATACCTCTGGTCGTTCGACCTCCCCATCATCAAACAAATCTGGTCCTCCTCCTTCATCCTCGCCGCCGCAGGCTGCTGCTTCCTACTCACAGCCATCTTTTACCTCGTCATCGATGTCATCAACTTCAAACCTTTCAACACCCTCCTCTTCCCACTCCAGCTCTACGGCCAGAACGCCCTCGCCGTCTACATGATCGGCCCCGCCATCGGCATCACCGCACTACTCACCTCCATCACCGCACCCATCCTCCATAACTTCTCCACCGCCACCCAACTCGCCACCATCCAAGCCCTCATCCTCATCACCCAAACCATCTACCTCTACATCTTCCACAAAAAACGCATCTTCCTTCGTGTCTAATCATCCGCTACACACATATCACACAACGCCGCCCCTTAACATTCAAACTACATCTTTTCACGTAACCGCTGCACCAGCGATCCATCATTTAGCCCCGCAACAGCCTCACGTGTAAAAGGCGTCTCGATCTTTGTACGCGCATTCAGCACCATCTGCTCCCCACCCGTCAATTCGATCAAATCTCTCACCTTAACCTGCAAACACCGCTCCTCTTTCGTCACATGCATCTGCATAAACATAGGCGAACTGAATATCGCAACCGACTGCCCACCCGATCCTTCAACCATATAAACGCCGATCTCATCCCCCGACGCAAACCCCCCGCCAGCAGCATCATTCCCCTCCATCTGAAGGATATAAACCTCTGAATCGTAAAAGGCCTCATAAAAATCAGCCCGTCTATTCGGATATTTAATCGCTGCCAACAATAGCTTCTCAAGCTCATTCGGCGCCCAATTGATTTCTTTTTGATTCATCATTTTGCCCTTTGATTTAGATTGTTACCACGGTACTGTCTCGCGACATCAATCACTATCCTCAAACACAGCGACCACCGGAAAATGATCCGATGGTAACCGATCCTTGCCACTCCGCTTATCCTTTACCACCGTCTGATCAATCTCCGCGTTCACCGCTTTCAACCCCTGATCATAAAACACAAAATCGATCCGCCGACCATCCTTCTTATTCTTAAACCCGTTAAACGTCCCCTCATCCGCCGACTTCTCATTCAACTCACGATATGAATCCACAAACTTCTCATTCATCACATCAATCGGCCCCTCTCCTTCCACACAATTCAAATCCCCCATCACCACAACCTTCTTCTCACCCCACTGCCCATCAACATGTTCATCCACCCATGCCGTGATCAACTTCGCACTTTCTAACCGCGCCTTCTTTCCACGATGATCCCAATGCGTGTTAATCACCCACAAAACCCCTTCCCCCTCCTTCTCAATCCGTTTCCCTTTCGCATTCCTCAAATCCTTCAACTTCACCCACGTAAACATCCGTGGCAAAGATGAATCCCAACTCTTGCTCCCCACCTTCTTCGGCGACTCACTCAACCAAACATGCCCTTTATCCAATAACTTAAATCGTTTCCGCGCATAAAAAATCCCGCAAGCCTCCCCCTTTCGCTTCCCATCATCTCGCCCTGCACCCACATACCCATACCCCCTAAGCGCTCGCTGCAAATACGACCATTGCTCCTGCTTCGCCTCTTGTACCCCAAGCACATCCACCTCTTGCTTCTTAATCCGATCAACAACCAACCCCTTACGATTCCCCCAATAATTCTCCCCATCCTTTTTTGTCGCGTAACGAATATTAAAACTCATCACCCGGATCGTTTCTCTATTTGGCAGCACCACATCCTGACTCCATACAAATCCATTGGCCGTCATACACACAATTAGAACAGTTAACGTGAATACCCATTGATCTTGCCAATGCTTCACAGCAATACGGGATCGGTTAAGTACCTTCGTTTCATGTAACCGACCCACTGGCCAACACATGAACAACCACTCAAAACGCTCTAAAACCATCAACCATGTTCGCATCTTCATCTCCAATCAAGTATTAAACGATCCGTTACACCTCACGAAACAATCACCCCAGACGCATCGCTATTCTTCCTGAATCCACTTCTCATAGGCAGCCTTCCCCCATAGCTGCCCAGATCGCCCCTCCAAATCCGTTCCAAATGTCATCCCATGAATCAATCCGTTCCGCTCAACAAGCACAGTATGCAAAATCTTCCTCTTCGAATTTTCAATCAGATTGATATCCACCTGCCCCTTCAAACCACGATACCGCAATACCGCATCTACCTTTTTCGGTTGCAGATAAATGTCTTTCTCAATTCGCCCAATCATCCGATGTGTCGCGCGATAAGTTCCCCCCGTCGGCCCAACAATCTTTTTCCCATTGATCTCAACATCTCGATCATCATACGCCACCACCCCCAAGTAATGCTCCCGCGATCTTTCCAACCAGCCCAACAACTTCTCGCCATGTCCTAACGCATCGCTGTAACCATAATTTGCATCCAACCACACCATCCGCCCCACCCAATCCGGGATCGCTTCATAAGCGTTGATAAACCCAAACATAAAACTTCCACCACCACTATGCGCCGCCAGATCCACCCTCACCTTTTCGCCAAACAACGCGCGTATCTCCTCGATCAATACTTTGATCCGCTGATCCGCATCCTTCTGAGTCCGCCGCCAGTGAGGCCAACTTT
CP036425.1_gap77	3798283	3801677	3394	TCACGGCTGATCGTGACGCCGCTGAAGGGATCATCACCTGCAGGGACATGTGATCCACGGTGGAAGGTGGCTGAGACGAAAGAGACGAAGTACTACGAATCAAGCTGGACGTTTCGGACATACAACCTTAAACAGCTCAAATCGTTGATTAGGTCGGTGCCTGCGTTCGATCATTTAGCGACGTATGATTTTAATCACGATATCACGTATCCGATCGAGTTTGGGTCTCAGTTAGATAATGTACTGGTTTTGCAAAAACGTCAACCTCCGAAAGCAGAATCTTGAATCCTGTCAATTTGGACGAGAAGACAAATAACATGTGGCTTACACGGATCACAGATCCCCAGCTAGGGAAGATGTAATAAGTGGCGAGTAGGCGGTGAGATCCGGTATCAAGTGTGATCTTGGCTAATTTTTGGTAGGCAATGTGGTTCGGAGCGTAATCGCGTGGAACACGGCTCTGCGGCTATTTCATCGGAATGAATGATGGATTATCGTATTAAAATAGTTTTATCTTAATTTGAGATTCAACTGAACGTATCAACCAAAAACCCTAAAAACAAGAAAGCCAATACTAAAAGTTGTATGCAAATAGCGACGTAAGTTGCTACCCGCTGCCAACCCTTTCTTTTACGGTTCATCACAAATGATGGGATGATCAGAACAATCGCAATGATCGGTAAGATGGAAACTAACAATGAACAAAACGCAAGGGCAGAAGCAGCAACTTTCCAAGGAGGCTCTACCATTTCACATAATTCATCCGGCGAATACCGATGAATATATTTTAGATCAATATCCACATACCGACGTTTACCACAGGACGTACATTTTAACTCTGTTCTCTTTTGGACAATGAGTGGCAGAACAACTAGTAAAGTAAGGGCAGTATCAACACTTCTAGTTTCAGCGACAATACCTTTTTCATTACATATAGGACAATCATACAGAACATCTTCACCTTGAATGGTTTCTTCTTTGACTCCAATCATGACAGATCCTTAAAGATTAGATGATTATTTTAAGATCCTAGTTGCCATTGCGTGATGCTATCGATTGGATAGATGAGCATAATAACGTTGAGGGTGAGGTTGTCGCGGATGAAGTAGAGCATTGTGAGTTCAATAATGATGAAGATAGCGAGTGTCTTTTTCCAGCCCAAAATATAGGCGATCCAAAAGCCGAGGGCGCAGCAGAGTAAATCGCCGAGGGAGTTGACGACGGTATCGCCGGTGTAGCCTTGTGCGACGGTTTGGCGGTAACGGTCGATGACAATGGGTGAGTTTTCTAGTACTTCCCAAGCGGCTTCAATGGTGAGGGCTGCGAGGAAGAGCCAGCGTTTGCCGATTTTTATGCCGGGGATTTTGTTGATGGGACTAAGCGCCCAATAGAAGATAAAACCGTGAAGGACGTGGGAGAGTGAGTACCAGTCGATGAGGTGTTGTGAATTGTGGGCGGAATCGACTTCACCTCCCCAAAGACGAGGTTGGCCACATGCACACCACCAGAGTCGTCCCATGTATTTCATAGCGCCGACCATGCCGCCGACGACGAGGAGGAAGGCAAAGGCGTAGATACCCCATAGCCACATTTTGATTGTTGTTTTGATCAAGCCCATGCGAATATTTTACAGGAAGTGATTGGTTGCGTAAGTCAGCGCGGCGAAAAGAGCAATATAAAGTAACGCGCCAAGGATGAAGAAGAGGATGGCGCGCCATTTGAATGACCATTTGCTGGTTTTATGTCGCCAAATGAGCATACCGAGCGCGCTGCCGAGGGGGGCGAAGAGCATATATTTGTGTAGCGTTTTTTCGTTGATGCGTTCTGAATGGGATTTGTTGGCGTCACGGATTGCGCGCCACTTGTCGTAGCCATAGGTGAGGAAAGCGATCGTGTTTAGGGCGAATAACACGGAAGCGATTGCGATGTCTATCCATGAGTGCGTTGACATGCGTTAATGATAGTTGAGCCTGTAAATGGAGGATAATTGATGTGGGCGTGGGGGCATGATTCTGCTGCGTCGTGGGTTATTTCAGCCCACAAAAAAACCCATCTCTGAGAACAGAAATAGGTTTCAAATTTGTGCCATGCTCCAGCGTTTGCTGGAAACTGGCCCTCAGGGACTCGAACCCCGACTAAGTGGACCAGAACCACTCGTGCTACCGATTACACCAAGGGCCAAAATATCTAAACTGCAGTGAGCGGTTTAGTTCTGATGAAACCTGCGCTAAGCAGCACATCCCGCATCAGAGTGAGATATCCTACATCTGGGCGATTACTCAGTCAAACAGAAGAAGGCATCCACAAGGTATACACCGGTGGCAAATCATGGTGCTTAAGTGTTTTGTTTGAAGCGAGTTAGCGAAGCGCGGCGGGCCAGTATTTTGCACCATCATGGAGGGCGGCGATAACGGCTTGGCGGTCGTCGGAGCCGAAGACTGCGGAGGCGCTAACGATCATGTCGCAGCCAGCTTGGGCACAGGCTTGAACGGTTTCGGGAGCGACGCCGCCATCCATCTCGACGCGCATGGTATCGGGGCCATTTTCACGAAGCCATTGCACTTTGGCGAGGACTTCGGGCATGAACTTTTGACCGCTGAACCCGGGCCAAACGCTCATGACAAGGGCAACTTGGATCTGATCGAGGTATTTTTCGAGTGCTTGTGCGGGAGTGTCGGGGTTAATGACCAGACCCGCATCCATGCCAAGGTCATGGATCTGCTTGATGAGGTCGGTGGCGTTAACGCCTTCAACGCGATTGTTGCGTTCGGGATTGTCGGTTGTGACTTCCCAGTGGAAAGAGAAGTTATTGCAGCCTGCTTTGGCGAATTGCTCAACGTAATCCTGGGGACGCTCGACCATGAGATGGGCGTCTAGGTAGGTATCGGGGAGGTGCTTGCGAACACCTTTGACCATATCAGCACCCATCGTGAGATTAGGGGCGAAGTGGCCGTCCATGACATCGAGGTGAAGTGCGTCGGCACCTTTATTGATGACGTCATGACAGTCCATGGCCATCTGACCGAAGTCGGCGGAGAGAATGGAGACGGCGATGATGGGCTGCGACGGCTTGTTCTTGATGTTGAGCATAGGGATATGATACATCGGTTGAAGGTTTGATGCAGATGGCGAGTGAAATGGGTATGCGGTATTTGGTTATGGCTATTGGTTGATTAGATAAGGGATTTGAGGGATTTGATATCGGTCGTGATACGCTCGATATCGTGATCACCGAGGACGAGTTCTCCGCCACGGGCGTTGGCTTCGGCTTGCTGGACGTTGCGGGCACCTGCCAAGACATGGGTGACACCGGGCTGTTCGATGGTCCAGGCGAGGACGAGTTGAGCGAGGGTGCAATCGTATTTGTGCGTGAGGTCTTGCCAAGAGTCGAGGA
CP036425.1_gap78	3814683	3819397	4714	ACACCTCGCCTACAACCACAAACACGTCATTACCGAAACGCACACCATCGATCAGATGCACGCACTCCTCGAAGCTGAGAATATCCCCTCGACCAAGGATCTCACGCTCTACACCCACGCTGACGATACGGATTGGCTCAACGATTTCCTTGTCGACAACAACCTCACCAACAACAACTACACCTGCCTCGCCCCCACCGCACGTTGGCTATGCAAGTGTTGGCCTATTGAAAAGTACGCCGAGATCGGCAAACGCCTCATCGAACAATCACTCACCGACAAACTTGTCATCCTCGCCGCACCCAATGAAAAAGATCAACTCACCACGCTTTTCAACCGCTTCAACCATTGGCATCTCTCAGACCGCATCATTATCTCCACCACCACTGTCGGTCAGATGGCCTCTCTAATCAGCCGCTGTAAATTACTCGTCTGCAACGATTCTGCCGCCCTTCACATCGGCGTTGGCTTCGACCGCGCCATCGCCACCATCTTCGGCCCAACCGATCCCGCATTCGTCGGCCCATACAATCGATCCGAAACCGTCATCCAACCCGATGCCGCCAAAGACTCTAACTTCAAATTCGATTACCGCGCCCACAAAAACGACCAATCCCTCATCGCACAAGTCCCCACCGACGCCGTCTGGCAAATCATCCAACATCAAATACAACGCAACAACAACTCGTAACACATCCTTCTCACCACGCCAACAAGCAACCTGGCAACCCAACACGGCCTATCTACAACATAGACCATCGAAATACATTTTAATTATTGACCCAAATATGCCTGCCCCCATTGTCTCAGGGATTCCAATGTTGGGCCCAATTTGCGCCCCAAAGGTGTTAGGCTATATTCCACCTTCGGCGGAATTTCCGGATAAACCTCGCGATGAACAACGCCTTCCTTCTCCAACTCCCGAAGCTGCTTCGTGAGCATTCGCTGAGTGACCCCAGGTATTGAGCGGCGCAACTCATTAAATCGTTTTGTCCCATCATATAAATAGAACAAAATCATCCCCTTCCACTTCCCACCAATAACCTCCAAAGCTGTCTCTGTAGGGCAAATGTCTTCGTCCACGGTTCAATCCTTCATTTTTAAGTATACTTTTTGATACTATATAACAAAAAAGTGCGTACTTATATTTTTTTAATATATCTCCTATTATACCTCCGAAATCATTAAAAGGAGATATACAATGACTCACATCGCTCTTAAAAACTTCCAAATGGGCCGCCAAAAGCTCAAAAACAGAGCTGTCCTCGCACCAATGTCCAGAGTAAGCACCCGTGGCGATGGCATACCGACCATCGCAATGGCCGACTATTACGAACGCTATGCCTCCGGCGACTTCGGCCTCATCATCACAGAAGGCACCTACACCGACCGATTTTTCTCTCAGGCATACCCCAACCAGCCCGGCATAACGAATGCGCAGCAATTAGACGGCTGGAAAAGAACTGTCGATCAAACAAAACAACACGACACAAAAATCATCCTGCAACTCATGCATGGCGGCGCATTATCGCAACACCTCAGTAACACACGCGCACCGTCACGCATCGAACCCATGCGCAACATGCTTCCCGGTTACAGCCGCAAGCAAGGCCGTTATCCAATCCCCCAAGCCATGAATCTAGCCGAAATTGATCAAGTCATTGAAGGCTTCATCAACTCATCCCAAAAAGCAAAAGAAGCCGGTTTTGATGGCGTCGAAATCCACTCTGCAAACGGCTACCTTCTCGATCAATTCATCACACCCTATACCAATACACGAGAAGACCAATATGGCGGATCCTTGGGAAACAGAATCCGATTAACAACTGAAATCACTGAATTGATCCGCCAATTTCATACTGATGATTTCATAGTCGGCGTACGACTATCACAGGGCAAAGTCAACGATTTTGACTACCTGTGGGAAGGCGGCCTCGAATATGGACGGATTCTTTTCAACGCAGTAGCCAACGCTGGTGCCACATACATCCATTTTGCAAGTGAAGGCAAAGGGTTTGATCATGGAAGCCTTACACGTAATGGCGAAAGTCTGCCCAAGCTCGCAAAAGAAATCACCAATCTTCCCGTTATTGCTAATGGCGGACTCCATCATCCAAACGAATCAGAACGTATTCTCAACGATGGCCACGCAGATCTAATTGCTCTGGGAACTGGCGCTATTGCAAATCCAGATTGGCCTAGGAAAATTGAGAGAAACGAAGAAATAAACGAGTTTACACCCGATGTATTCCAGTTCGGCGTCGACATTGATTCACAGATGAAGTTTGAACACTCACAATTAACCACACCACTTGACGCGCTTTAGGGAAATTTGCGTGATGATCCGCAGGACTTAAATCATAATGACTGACAATCAATCACTGTTCTTTCTACTCAAACGCTATCGACCTAATGGTCGGCAAGTGAGTATTTACGAAAGACGTGCTAATATTTTCTCGCTCTGTAACTCTCGGATTGCGCCCCTTGCAATCCAATCTGCTGTTCTATCACCCATCCCAAGCAGCTCCTCCGACAACCCAACCGCTTCTCTGTTCAGCATCAAGCTTCGCTTGCCTATTTGACGAATAGACCAGTTCACTGCCTTCTTTACAAAGTTTCTCTCATCCGTTGCATGCTGCTTAATCAACGGAAAAAATTCCAAGAACCGCTCATCATCCGCTTCCTTATCATGTACAGCCAACGTACACATCATCACAAACCCCGCTCTTCTCACAAACTCCTCTCGCCGCCCACACCACACCCGCGGCCTCCCCCATGCCTCCTTCGTCTTTCCAAACAAATCCACCACCACATCCACCATCGCCCATGAATCAAAATCTCCCGCCCATTGATTCATCAACCTCACTGTCATCCGTTCCGGGTCCGCGATCAAGCTCGCCACAATCCGCGCCTCATGCACCTCATACCCCCACAATCGCATCGCCACCTCGTGACGATCCGCCAACTCCTTCTTCAACTCTTTACCCATCGCTCGCAGCCGCGGCATGCTCACCCCTAAATACTCTAGCTCCGTCACAATCCCAAATCGCTGCACACCCATCACAACCGCTCGCTCATCCCGCATCCCCCGCAGCTTCTCAACAATGATTCGCTCATCCATTCCTTAATCATAACATTCCCCCAACCGATCCACATCACCCAATACCCACCGCAAATAGTTATCATGAGAACAGCTTGCCTGAATCTTCTTCAGTTACTCTGTTGAAGCGAAGCAGCTGATTGCGATAAAAACGCCAGCATGACATAACGACCAGCTGGTCAGCGCGATCGAAAATTCGAAAGACACACCCAAAAATGTACATCTTCGCAGGTATCGACGAAGCCGGTTATGGCCCACTCCTCGGCCCACTCCTCGTGGGCCGATCCATTTTCGCATTCTCAAACCTCCCCACCCCCAAACAACACGACCTCGACAATCTCCCCGACATCTGGGACATCCTCTCCGCCGCCATCGCCCCCAAACTCGTCGGCCGCAAGCACCGCATCACCATCGGCGATTCCAAAAAACTTATCACCAAATCCGCCGGCATAAAGCACCTTGAAACCGCGCTCCTATCCTTCATCAAACTCACCCCCCACTACTCCAAGCACGCCCCATCCCCTCCCCTCTCAGATTCATCATCCACCGATTTCACCATCACCCTCGACAACCTCCTCGACCTCTTCCATAACAATGCCCATCACGACCTCACCGCCCTCCCTTGGTACACACCCTCCGACACCCACCCCTGGCAGCAGCTCCCCATCGACACTACTCACGGCGAGATCGCCATCGCGTCTGCCATGCTCAAACGTGAACTCGACAAAACCCAAACCCAAATCCTCGACATTGCCGCCACCACGATCTTCGAAGATCACTTCAACCACCTCGCCCAAACTACCCGCAACAAAGCCTCCACCTCCTTTACCTTTGTCGCTCAACACCTCGCGCACGTTTGGCATCATCACGGCCAGCACCACCCCATCATCACCGTCGACCGTCAGGGCGGCCGCACTCGCTACCGCCACGTACTCCAAACCTACTTCCCCGATACCTCTATCCGCATATTAGACGAATCCGACCACCGATCAGCCTATCAACTCACTCAACAAAATCGTCAAATGACTATCACCTTTGAAACCAAGGGCGAAGACAAACACCTCCCTATTGCACTCGCTTCCATTGCCTGTAAATACACCCGCGAATTGCTCATGCACCGGCTCAACGCTTTCTTCCAAACCCATGCCCCCGACCTCAAGCCCACTAAAGGCTATACAACCGACGGCCGCCGCTTTCTCACAGACCTCGAACCACATCTTTCATCACTCAACATCTCCCCCGCCCAACTCACTCGCATCCTCTAACCATCCGCCCTTCCTCCACCCCACACACCATCTCTTCAGCCAAGATCTCACCTGAAGATTATTCCCCAAATCTGCTCAAATACATGACCCTTCTATAGGCTGGTCATGAGACGTTTTCCCAAACAACAACCTTTTACTTCCAATATCGATCGTCATGATCTTAATCGATCAATCCCATCTCATCCCCACAGCGCAATAAAAAGGGAGACGCCACCGGTACTGGCGTCTCCCATGGAGGTATCCTTGCTTTGAGCTTGCATGCGATCAAAGCATTATCTATCTAAATCAAATTACTTCTTAGGCAACTCAAGAACACTCTTCTCTGAAAGTGCTGCATTCTCACCTTGAA
CP036425.1_gap79	3820970	3824174	3204	ACCACGCCGCCTCAGCAGCATACCCATCACTCCACCAAACACCAACAAACTCGCAGGCTCTGGGATCGGTACAGCAACCGCACTCATGTCATAAAAGACATCATCCATATAAACCACCGTATCCGATTTTCCAAACAATTGGATCGAATCCAGCGAGAACCTCATACCAATCTCCCCATTACCACCACCCGTCCAAGCTTCCCAATAATCCGCATCCTCAAAGAACCACTCATATTTATGCCACTCACCGTCACCAATCACATCAAACTTCACACCACGATCGCCCGTTCCGACTGCCGCACTGTACCCATCCGCATTATCATCCACAGCAATCGACACCTTCATGTCGTCTGCTTCTGTCTTCAGCCATACCCCGACCGACCCCTCTGCCTCCAGTAATACGTTCGCTGTCTTCGACGCGATCATCGAATTCTGAACATTCTGAACCCCAGCGACGTGACGCAGAAAATATCCTGAATCGGACGTGTCTGTTGCCTCATCATAATCAATAACGATCTTCTGTGAGCCATCACCTGAGTGAGCCATTCCTGCGTCATCAAGCAATGAGGTCGTCGTCCCCGCTCCAATATGCTTATTGCTACCAGAATACAGCGGCGAATGCCCAAATATCCCTGATTTCGACTTGGATTGCTGCCATGTAGGCGATTCGAAATCCGCCAAGCTACGCTTCTCAAATTTCGCCTGATCCGTCCACGTCTTACGCATCACACTCTCAAGCTGAATATCACCACCGTAGTAATATTTTAGAATGTCCATATAGTTCCAACCCAGATCAGCTAAATAATCCGCCCCATTCTGCGACATACACCCACGATTGATCGGATTCGCCAACGATCCAAGCGTTGACCCCTGATTGTTATCGCCCCATTTGTCATTTGGATAGTTGTACGTCACATATTTTTCAGTTGGATAGTCCCACCAGAAATCCTTTGGCGTGTCATCACCAGGCTTCAGCGGCAACTCACTAACCTTACTCCCAGCAACATAAAACGACGCAATATACTTCCCATTAAACGTCAGTATCTCACCCGCCGTCGCTTTTACAGCATCCTTATGCTTCTGCCGTGGGTCTTGCTTCCCCGGCGTTCTGAAAACCTGATCCCCCTGCCCGTTTTGAATCTTGCCCCAGTTGTACATCTTGTAATAAGCAAACGTTCTCGCCGCCACCGCCTGCGCCTTCAACGCTTCCGTACCCGCTGCACCATTCTCACAATCCACAACGCCCGGCAAATACGTATCTTCTAAGTTGTATACACCATCAAACTGATTACCCCACTCACCTCCCTCGACTGTAATATCTTCCATCCGCCACATGTAATCTATCGCACCCGCTTCACCACTCATCATCAAACTCATCCCGCCCGCCAACAATGCCCCACATAAACAGTTCATACCAAAACGTACGGTGTCTCTCTTCGACTGCTGCATCTGCGACTCTCCCTTAATGATGTCTCTCTCAAATTGCCACGCATCACGCACTCAGTCTTACACAACCCACCGAGTGGATGCCCTCCATACATGACCGACTGGTCTCTCACATCTGCCTGCACGTATAGCTCAAATATTATTCTATAACTTTAACGCCCAATCACCAGACTTTTTTTTTCGACACGCTTCAATCAATCTCAGCCTATATGCACAAATAGCTTTTAAACATATACTTTATCCATCTTTACATCGATTTGTATCATATATAAAATAGACAAAAAAGTGTTGTCACTGACCTATTTGCCGGGTAAACTAGACCTTTGTTATAGAAGTATCACAAAAACTGATTACTCCGTATCTGCTGAATTTACAATCATTTATGCCTTTCCCCGCAGCAGTTCAATCATTTTTCTGTAATCAGAAATACCACAATTCCTCACATTCAGTTCACCGTACCCCAGCCCCAGATTCATACCAATCGCATGCCGGTTCTTTGCAGCTCCTACTCTGTTGCCAAAACCATGCATGACAATCTTCTGTACTGCCCACCCCCGTTTCATATCTTTACCGGGCAGCAAAATATGTTCTGTATCTTTCTGACATTTGAACATCAATCGTGTTCAGTCACATCTTTCATTTCACTAAGGAGGAAACTCGATGAGAGGGACCCTACTAACTTTGACCGGTGCTGCAGCGTTCTGCTTCGTAGCCCAAGCCAATGCCGCTGTCATCTTCGAAGATAACTTCGATAGCTACGCAACCATTGGCGATATAAGCCCTACATGGTCTGCAACCACCACTGCTTCCATTGTTACCGACGACAATGGCGGCAACGCCATCCTCATGGACGGCTCCGCTCCAAACGGTGCTAACAACACTGCAATTCACGCAATCACCGAACTCAAACCCACCGCGACTGAATCCATCAAACTCACTGGCCGCATCTACGATGATGGTGCCGGTAACAAGCGTAGCGCCATCGGCTTCCGCAACGGCGCAACCCCGCTCTTCGAAATGGGTCGCTACAACGGCCTACTCGATACTTCATACGCTGCTCGTGCAGTCAACTTCCCCGGTGCGAACCCAAGCTGGGTACAGCTCTCCACCGAAGGCGCAACCGAAGGCTGGCACCTCTTAGAAGCCATCTTCACACTCGATAACGTCAACGTCACCATTGACCTCGGCAGCGACGGCACAATCGACGGCACACTCGATATCGCTCTTGATGAAACCCTCTGGGCAGCATCACCCGGCTTCGTCGAAGTACGCATGGGTGGCCCATCAGGCCTATCATCTGCTGGTGGTGGCCTCGCATACGACAACATCAAACTCGAAACAATTGCTGTCCCCGAACCAGCCTCACTCGCATTGCTCGGCCTCGGCTCACTCGCATTCATGCGCCGCCGCAAATAAACCCACACAGCACACCTATCGTCGTGAAAAACCTCTGTTTTCCACGCTTTAGACAATCAAATACCGCAAAACGCTCACCCTTTGGTGAGCGTTTTGTTTTGCGCTTTTCCCATACATGCCCACTTATCCACATCCCACGCACGTTTCTTCGACCCCCATATCGACTCGTTCGCCCAATCTAAATCTCGCCCTAACCTCTCTCTAATTCAATCATTTACAACCTTCTCATTAATTCTTATACAAATCACCCTCTTTAAATGATTGAATGTTCATTGACGTGATATATACTTATACTTAATTATATAATTATTAGGCACTGATCTTATTTTCACCAGTACTAAC
CP036425.1_gap80	3830128	3833061	2933	TATTTGAATTATTGGAATGATGACAATGGGGATTCTCGCTTGATTGGAAGTATGCCTGGGTGGTTGTGTTACAGGGATTTTATTGGCTCGCCGCGAGGTGTCGCGGCGGCTATGGATAGGATGTCGGTATATAAAACACTCATGAGTGTGAGCGTTTTGACTAAACCTAATGCCTAATTAGATGTTTATGATTGCTGGAAAGTACACCCGGAAGTGATCCCAGCAGTTAGTAGACGTTTAATTTTCGTTCTCGTCTGTTGGGTGGTTAAAAGAAGTTGGGCATGATGCGGAGGAAAGCGATTGCAGGCGAATGGAAGTTTGATTGAAGAACATCCCACGACCGGCGGTCGTGGGCTTGAAATTGCGGCGATGAGGCCCAATACGTCACGCGGCGGCTATGGATGAGATGTCGGTATATAAAAAACGCTCACGGGATGTGAGCGTTTGAGGAATGTCTAATTCATCGTTAGATGTGTGTTTGTTTGGGAGACACCCCGACACCGGCGGTGTCGGGCTTGAGATTTAAATGTGTCAAAACAAGTGTGTGTGGGAGGGTTATTTCTTTTCGGCTTCTTTGTTTTTGTTGTAGGTGCCGAGTGGGTCGAAGAGGTAGGCGCAAGCTGCGTCTTGAGCGGCGTTGACTTCACGGGTTGGAACGGTGTAGTTGTTGCACATGAATGAGAAGATGAAGGGTTGTCCGGCTTCGGATTCGATGTAGCCGGAGAGTGTGCGTGCGTAGGAGATGTAGCCGGTTTTGGCCCGGACTTTACCGCGAGCGGGTGAGTTTTTAAGACGACGGCCGAGGGAACCATCGACGCCGGCGATGGGGAGTGATTGGATGAATGATTCTTTAGCTTTGGAATCGGTGGCCATGTATCGGAGGAGGTGCACCATCTGGCGAGGTTGGAAGTTATTGCGTGATGAGAGGCCGGAACCGTCGTAGATGTTGACGGCGTCGGGTTGCGGGCCGTCGATTGATTTGAACCATTCTTTGACGGCGATGGCGGCGGAGGCGAATGAGCCTGATTTGCCGGTGTTGATGGCGAGGGTGCGGCCGAAGAGATCGGCGAAGAGGTTGTGAGAAGGTTTGTTGACGACGGCTGCGAGGTCGTGAAGTGATGGTGAGACGTGGGTGATGACGGTTGTGCGTTTAGAGGCGCTGTCGATGCCTTCGATTTCGAAGGATTTGAGGTCACGGATATTGGAGGCTTTGCCTTGGACTTCGACACCGGCGTCGAGGAGCGCTTGTTTGAAAAGGTGTGCTGCGTATTTAGGTGAGTTCCAGATGGAGGCGCGTTCGCGGTATTCTTTTTTATCGAGTGCGACGTTGCCAGAGAAGATGACGGTGTTGGATTCTGGGTCACGCCAGACAACGTCGGCGTTGGTGGATTGGCCGGCGGAAACAGTTTTGGCTTTGTTGACGATGTTGATGTAGTCAGTGTCGGGGACGATGCGGAGGATGGGTTTGTCGCCGACTTTTTTGCCGGGGGCGATGTAGATGCGGACAGTGTTTTCTTCGATGTTGAGGCCTGAGGAGCCTGCGGCGTACCAGTAGGGGATGTCAGAGAGAGACCAGTCGCCGTTGTAGTATTCTACGGGGAGGATGCGGGGGTCGCCGATGATGCGGCCGTAGACTTTGTCGATGCCGGCTTCTTTGATCTGGCGTGCCCACTCGGCGAAGAGTGCGGTTGATTCAGTGTTACCGGCTGGATGCCAGGCACCGAGTGACGGGTCAGCGGAGCCGACGATGACGAGATCACCGTTGAGAGCACCATTGCGGATTGAGCCGACGGCGTCGACTTTGGTTTCATAGCGGAAGTCCGAGCCAAGGGTGTCGAGCGTGGCGGCGGAGGTGAAGATCTTCATGTTAGAAGCAGGGGTGAACTGCTTGTTGCGGTTTTGCTGGTAGATGATGTCGCCGTCGATGGTCTCGACGGTGATGCCCCAGAATGCGTTGGCGAATTTTTCCTGGTTGAAGATCGCGTCGAGCTTTTCTTTGACCTCGGAGGTGGAGAGGGTGGTTTGGGCAGAAAGCGCGGTTGAGAATGAGAGAAGCAGGAGCAGCGCGAAGAGGCTGGATGATTTGAAGAAGTTGCGTGTCATGTTGTTATCCCTGTGAATCGTGTTGTGATGGAAGGTGTGGCTGTGTGGTGTGTGCGGAGGTGTGATTAGATGTTCAGTTTAAAGGTTGTTGGTTTGAGCCGGAATGATTATTTGCCCGTAGTCGTGATTGTCGGGTCGTCGGGGAATGTGATGGCGGCGAGGATTGAGTCGATGTAGCGATCCCAGATGTCGATTGAGGGGATTGAGTTGGCGTCGCGGTGGAGTTCAAATGTGATGATGGGGATATTGAGGTCGTTGCCAGCCCATGAGCCGAGGGAGCCGGGACGAGAGCCGAGTTTTTTGACGGGGAGCGAGGTGAATTTGCCCATGTGTTCGGCGAGGGGTTGTGCTGGGCCGTCGTAGTCGATGCATTTGAGGGGTTGATGCATCATGATGATGCGATCGGGCTTCGCGTTGAGGATGAGGTCATGGAGGATCTGAGATTCGGGTTCTGAGAGGGCTTCCCTACCATAGCGATTCGAGTTTTTACGGTTATTTGCTCCAAAATTCCGGTTTAAATCGATGCCGTTGGCGTTGAAGCGCTGCTTGGCGGCGATGCCGTCGGGGTTGAGTGCTGGGACGATGATGACGGAGCGGTCTTTGAGGAGAGCGGGGTTTTGTTCGAGGAAGCCGATAAGACGCCAAAAAGCGGGGGTCGCGGCGGCTTCGTTGCCGTGGATACCGCAGACGAGGAGGACGGTATCGGGTGATGTGGCGGTGGTGTCGGTGAGGGTTGTGGCGGAAATGGGGCGATCTTGGATGGAGCGGCCAAGGATTTGGTCGGTGCGGTGGATGGTTGAAGAAACTAAGGGAGGAGATGGGGTAACGGC
CP036425.1_gap81	3840593	3842457	1864	TTGTAAGGATGTGAACGATTGAGCAAGGATAAAAAGGGAGCGGACTATCGGATCGCAGTAAAAACGTGGAATGCGTTTTACTGCGGTCCGATATTTATGCCGGATACGTAAGAATCAATGATTGAGTTGAAGGATGTCATTTCGATAGGTGTGGATATCGGCGGAAGCGCTACGAAGATGTCGCTCCTGCATGGGGAAGAGGAAGTTGTATTGCGCGGTGAGTTTCGCAGCAGGCCGGGATTGGCACAGTTGGGTGATGAACTGAGTGAGATGCTGGATGTGCTTTTGGGGATGAGTGGTGGGGGTTTGAATCGAGAAGATATTAATGCGGTGGGTGTATCGTTGGCTGGGCCAGTGAATGCGGATGGTGTGTTGGAGCATGCATCAAATATTCCTGCAATGAAGGGGTTGATGATTGGAGATTGGTTGCCGGGGGTTTTGGGTGTGGACTTAGAGGCATTGGCATTGACCGACGCACTCAGTGCGGCGTTGTGCGAGCATCAACGAAATCCTGTCGCAGGGCGAGCGATTTACTTATCGATGGGGACGGGTGTTGGGGGCGCAGTGCTGGATGATGGTATCCCGCTTGTGATAACACGCGGGACGCCGGGACATTTTGGTCATTTGGATGTATCAGGGGGTGAGGACGATGCGCCGATGATTGTGGGGAGTGGGCGGGGATCATTGGAGGCGTATGTCGGAGCGAATATGCTGCGTCAGGCAGGGGTGCCGCTGGAAGATCCAGAAGCATGTCTGGAGCATGACCGGATGCAGATGGCGTTGGGTGGATTGTCGCGGGGGATCAGGATATTGCTGGCGATTTACCGGCCGAACTATATTTATTTGATGGGCGGGATGTCGATGGTGTTCGAGCCAACATTGCCGCTATTGCGTACGATGATTGCGGATGGGTTGACACCGGCGGCGCCAGAGCAATGGGTTGTTGAGCGAGCGGAAAGTGGCCCGTTTGCGGCAAGTATTGGGGCGGCGAGTGTGGCACAAGCGAAGGTCTTGCGTAACTGTATGAAGCACGACGGGATGAGCGAGACAGAGATCAGGATTCAACAGGCTTCAAAACGTAAGGCGGTAGACGCGTAATGAGTGAGTTAGTCAATCAGGCCAAAACAACGGAAGACCGTGGACACCTGACAACAGAGAAGCGATTAGACGCTTCGAGCGAGTTGGATACGCTGTCGACGGAAGGAATGTTGCACGTGATGAATGGGGAGGACGCAAAGATAGCAGCGGCAGTCGAGAAAGCGGTGCCTGCGATCGCAGGATTAGTGGATTCGATCGTTGAGCGGATGAAACGGGGTGGACGCATTATGTATATCGGTGCGGGGACAAGTGGGCGTTTGGGCGTGTTGGATGCGAGTGAGATACCGCCTACGTTTCAGGCTGATCCGAGTATGGTGGTGGGTATTATTGCTGGAGGCGACGGGGCGCTGCGAAAAAGCAGTGAGAGTAAAGAAGATGTTTACGATGGATCATACGAGGCGTTGGATGAGCTGGGTGTGAATGGTGATGATGTAATGATCGGGATTGCGGCAGGTGGGACGACGCCGTATGTGTGGGGAGCGTTAGAATATGTGAAGAAGAAAGGGGGCGTGACGGGGTTTGTCAGTTGTGTTGAATTAGGCGAGATTGAAAAACGATTTGGTGTTGCTGTTGATCATAAGATTGAATTGATTGTTGGGCCGGAGGTTGTAACGGGGTCAACGAGAATGAAATCGGGAACCGTGACAAAGCTCGCACTGAACATGATTTCGACAATCACCATGGTGAAGCTTGGGAAGGTTTGGGGGAACTTGATGGTGGATGTGAAGGCAACAAACGCAAAACTTGTTGATCGTGCTGTGCGAAT
CP036425.1_gap82	3893752	3897277	3525	ATGGGGCTTCTGGGACATAGACCAGATGTGGCCCATCGTCGGTATTTTCGCGGCGGCCGAGAATGGAAGCAGCGGTGAGGAAGCCTGCGTGGCGACCCATGATGATGTTAATTTTGATGCCTGGGAGTGAGCGGTTGTCGAGGTTATCACCCATGAAGGCTTGTGCAACGAACTTGGCTGCTGAGCCAAAGCCTGGGGTGTGGTCGTTGAGGACGAGGTCATTGTCGACGGTTTTAGGGACGTGGAAGCAACGAAGCTCGTAACCTTCTTCTTTGGCGAGCTCGTTCACGATACGGCAAGTATCGGAAGAGTCATTGCCGCCAGCATAGAAGAAGTAACGGACGTTGTTCTTTTCGAATGCTTCAAAGATGCGTTTGCAGTATGCGGCATCTGGTTTATCGCGTGATGAGCCGAGTGCGGAAGATGGGCTATTGGCGATCTTGTTGAGGAAATCTTCGGTGCAATCTTGGAGCTCGATGAAATCGCCCTTGACGATGCCAGCGACAGCGTGATGAGCGCCGTAGATTTTTTCAACGCCGGGGTGACCTTTGAGGCCTTCGATTACGCCGACGAGAGATTGGTTGATGACCGCGGTTGGGCCGCCGGACTGACCGATGACCGCATTACCTTTCAGTAACTCACTCATAGGAGGGACTCCGAGTTTAAGTTTGGGGTTTTGATGTCAGGTACTCATGACAGAAGCAATGGTTGGACTGCAAAGGCATGGCAACCTGTTCTGGCTGTGGCCAGTTCCGGCAAGCCGAGGGCAACATCCGGTGGCTTGGTGATCCGGAGGTCAAAAAATTGACGCAAGTATTGTAGTGGTTTGAAGCTAATCCGACAAAATTGACCTGTGATTTGGTCAGAATATGGCCACTACCTAACGAAACATGATATGAGGTGTAAGTAACTATCTTAAATGATTTTACATAAAAACAACCCAACAACAAACACACGCGAACAATGGGGATTCAGCCAAGAATTGACCTTAAATTAGCCCGCGCGTTTAAGGATGGTGCAAAAAGGTGAAAGCATGGATCGTGATACAAAACCTTCATAAAAATATTCGCCTCACTGTGACGATTGTCTATTGTCTTGAACCCACGACCAATGATAGGGTAATCACTTAGCTTATATGAACCTTTATTGAAGCATTTCGCAATCATTTCAAATTCATCATATTTCATATTGAAAGGGTTCATGATGAAGAGTTTTGGATTTTTAAGGTATTCACTCATCACCGTATTCGCATTTGGGCTCGTATTCTCGTGTTCGAATGTCTATGCAGGCATCATGCTGGAATTTGACTACATCAGTCAAGGAAAGGACGCGGAAGAACAGGCTGTTGAGGGAGGGAAAGCATGGGGAGACGCACATTTCTATTTACTCGGAGGTGGTCCAAATCTGGAGCAATTGGCATTGACGCATAGCGTACGAGTGAGTGCGTGGCGAAGCGATCAATCCGGCAATGCTTCGAAGCATCTAGGAAGTATCGTGACAGATCTGCAGGATACGGCTGATAATTTCTTTTCAAATTCAGTTAGCCGAATCAATGTCATTGGCGATTCGTCGACATGGTCGCTGTATGCAAATGTAGATTTCCATGATGATGCTCAAGCACTTCAATCGATTGATGAATTTGCTGAAGGTCTATTTGAACGCGTTACAGGGCAGAAAGGTAAAGGAATCCTTGGCTGGGCGTTAACCAATGCGATCAAGGGCGTTTTAAAGTTAGCTGGTGTCGATCTGTTTAGTACATTGGACTGGGATGCATACCTGCCTGAAAACAATGTATATGAGGAATATGCTCTGGCATCGACAGGCAACTTAAATCTCACTTCAGTTCCAGAACCTGCGAGCTTTGCGTTATTAGGATTAGGCGGGTTAATGATGCTACGCAGACGCCATTAAATTTTCTAAATTATGTTGCGGCAGCTTACAGATCTGCAAATCCTACTGAATCTGAATACACAACCAATAAGGATATTGATATGTTTCAAATTTAGTCTAGCTGCCTAAATTAACATTGCTGCAACGCACCCTGATCATAGGGTGCGTTTTTATCAAACCGATGGAAGTACGTCTAAAAAAAGCAGCACCGTCTAAATCGGTGCTGCTTTATAGTCAAAATAATGTCTAAATCTAGAGCTTTGCGAGAATTCCTGAAAGACGCTTCATCTCTTTGAGGAGCTTCTTACCTTGAGCTGTAATTTCCCATTTGAAAACGGGTTCTTTTTTCGTCTTTTTCGCACGGATCAGACCACGATCGGCAAGACGACGAGTCACGATGTACTGATAGTTATAGGCGACTTCGATCTTAACGTGCTTCTGGTAGTACTGTGCAATCTCGGAAGAGGTCAATGGCTGGTATTTTTCAATGACAGCCAATATCAGAGCCTGATGAAAAGTGATTCCGTGTGAGTGTTTGTCGCTAGGCATTTCTTATTCTCCAGAGTAAGCCCCGTCAAATGGATTTGTCCGAAAATGGGTTCTAATACTTCAATCCGGGGGCAGCTATCTGCTGCATTGGCTATTGTACTGAGCTAAACAAAACTTTCTACTCCATCTAACGATTAGATGTTGAAATTTATAGCACTATAGATGTTCCCATGGCAAGAAATATCAGCAAGGTAGTCTGTGGTTTAGGCTCATTCTAGAAGTGAAAAGGGATTTTAATCAATCAAACACATCAATTGAATAGACACTATAGAGATTGCCCTAACATATGCATTGAATATGCGCCCATTTCCGTACTGGATCTTGATGCGCAAGCTAAGTATAGAATTGGAAAGATAGGCAGCAGCTTCCATAACATGCGAAGTAGCTATCAAGCTTATCGATCAAAGGGCATATCAATTGGATGTGAATATTATGAAATTTCTTTGAGAACGTTTTCAGCCAGTTCTTTTTCAGCACCATCCAGCGATTCCATCGCTTCATTCAGTAGCATCTTTGCCCGATTGTGATGTGAAAGATAGCGTCCGTAAATCAAGCCAAGAATAAGTCTTACATGATTCTTTTGCGGGTATGCTGCATAAGTTTTAAGAAATATTTCGTATGCTTGTGCTGCAGAGTCGTACCGCGCATCGGCCATGAGCTGGTTGGCGACGTCTAATTGATGCTGCATTGAGAGGACTTGATCAGGAGATGTTGCCAAGAGCTGCTCATAAAGTTTGGCTGCATGAGCCATGTTCTGTTGCGCGACTGCAGCTGTGATTTGTGCCCGTAGATCCACTAACTGCTGCTCTTCCGGTGAAAACGTGTGCGGCACATCGGATTCGGCTGAAATAGTTGAGATATTAGACTGCCAAGGTGATCCTTCAACCGCCACCATGCGTTTAAATTGCGAGCGTCTACGCCGTCGCTCGATGAGCGCGAGCAGATCGTAAGGTTCTCGCGGGAAAAGTCGTATGAGCAATAATGCCATGCACAAGCCAAATCCAAAAATGTAGCCTGAGATATGTGCAATATAAGCAACGTTACCGCTACCAAAGAAGTTAAACAGGATATCTTGAGCCACACGAA
CP036425.1_gap83	3913616	3917892	4276	AAAATCAATCCCCCAATCTTCTTGATCATCATCTTCACCGCCCCAATCTTCAACTTCAGGCGTAAACCGATGATGAACACGAATCACGCGTGATAGCGCTTCCGCCAACAGCGGCCCCACTGCCCCACTCATTTCAACACCACCATCTTCAAACGGCTCATTACAATCTCTAAACAACACCATCACCGCCAATGTTTCACCACCATGACGGCACGCCACCGCAACAACATGACTATCCGCCAAATAAGCCGCATCGTCACCAATCCAATACTTCAGTGTTTCATTATCTGTCACATGCAACAGATCTTCACGTGCCGCAACTTTCGGCGCCACCACATCCGCCAAGTGCTGCAACAACATATCCGCACTATCCGCAGCACAATCATAATTCACATACCCACCCAAACTATATTCATCCATCGCACTCGGCAAGAAGATCGCCGCATTCGTCGGCCCAACCTTCTCGATCATGTGCTCTAATGTCGTCCGTAACAAATTCTCTAAATCAAGCTCTTCACGTATCAGCGCACTGTACTCACTCGTCTGCACAACCTGCTGCATCTGACAAGCTAATTCCTGATACGCCATCACCAAATCATTGCACAACACATCGACCTGCTGCGATACATCCTGCCTTGCTTGATTCAATTTCTTACACAACCTTTTCAACCGATCCACTCGCCCTACATGATCATCATGCTTCAAGTGCTTCGCCACCATCCCATTCAAGCATCGCGTGACATCCCCAGTATCCACCGGCCTCTTCACAAAATCACAAACGCCGATCCGCATCCCCACAATCACCTCATCAGCATTCGGCTCATCACCCACCACCGAAGCATAAACATCCCCCTTACCCTGACTCAACTCTTCAACAAAATCCAGCCCATATCCATCGGGCAAACTCATCTCAACCATCACCATATCAAAACGCTCGCCCAACACGCATCCGCGCGCCTCAGCCAACGTCTTCACATGCTTCACATTGAGTTCAACTCGGCGATCCTGATACTCCCTCACCGACTTCAACACATCGTCCCCAGGATCCACGACCAGCAGACTTACCGCCTTCTTCGCTTCACCTAATCTCTTATTCCGGCTTTTCGCCGTCTTAGCCTGATGACTCACAGCTTTCTCCTGCTACCGCATCCTGCGTGAACATCTTCTATAATCGCAACCGTCTTTAAAGCTGAAAATCCATTTGATTCTCATTCTTGCCGCAACGATCACTTGGTCAACGAGGATGTTATTTCGCAAAACGCATTAAACGATCCCATGCACTCTACCGATCCACGTGTATCCCTAAACACATGGGCCTCCTCGGCAGAGTCTCCGCTTTTCACATCGTCAACCTATGCCGCACAATCCAGCGGCAACCTCAACGTTGCAACAGTTCCTTCACCCAACGCACTTGCCAATTCCAAACAACCGTTATGACCCTCAATAAACTGCTGCGCACGCGTTAAACCCATCCCAACCCGACGCCCCGCCGCCTTCGCGCTAAAGAACGGATCCTTCGCATGTCCCAACGTCCGATCATCCATCCCTTCACCATCATCCTTCACCTTCACCTCAACCCATCGCCCATCATTGGTCACACCAACCCGAATCTCCACCCCATCCCCCGGCTTCGATTGCACCGCATTATGCAACAGCTCACTCACCGCCGTCTGAATCTGATCCACATCCATACGCACACGCGGCACACCATCCTTCATCTTCAAGAAAATCGGCGTCTCACTCTGCCACTTCCCATAATGCGACTGCACCTTCTTCACCGTACTATTCAACAGAAGCGACATATCCGCCTCCACAAACTCCGGCTCAGGTGGATCCGCAAACAAGTGCAACGCCGTAATCAAATCACTCAACCGGTGACTCTCCATATAAATCCGCTGCGCCGCCTTCTGCTCCTTACTACCACTCGCAAGCGTCATCGAAAGCAACTGACTACGACCACTAATCACCGCAAGCGGGTTATTCATCTCATGCGCAGCCCCTGCCGCCATCTCACCCAATCTCGCCATCGATTCTTGCTGCAACAACTTATCTTGCGCCTCAGCTAATGCACTATTAGACTCAGCAAGCTCCTCACCTAATCTTCGCGCGCCGTCATGCTGCTCAGCCGCCGCAATCGCACTACCCCAAACACTGACCAACGTCTCCATCAACCCCCATTTTGGTAGCACACTACGATCATGCAGCAACACACCGACCGTTCCCCATCCACAACGAAGCGGGATCAATCGCACCCGTCTCAAATCTTCCGATCCAATCAAAAAATCCTGCACCCAAGGCAGCACGCCCATCATGCTCATCCCCACTGGCTCACTCAGATCTAATTCCCTCAGATCCGGCGCACCATACGGCACATCCACGCACTGTGAATCCACCACTTGCCCATCCGTCCGATATCGACTCACCAACCAACTCGTCCCACCATCATTTAAATCCTTAGATGGCCTAACGACTGAATAGAATCCCGCCCCCAATAATTCCTTCGCATTCATCACAACACTGTCAATTACATCCTGAACCCCTTGCCCCGGCATTGCCCGGCTATGGAAACGTGACACCGCCTCCAAAATCTGACTCTGCTGCTGTGCGACTCGCCCCTTATTTTCAAGCGCATAATTCACCCGGCCTAAAGCTTGATTCGCCTTCTGGATCGACTGTAACAGCAAATCTTTCGACGGCTGATCATGTACGCCAAGCGCCTTACCCCGACGCTCTAACTGATCATGCAGTTGATCCAAAGCCCAATCCACATGCTGCCGCTTCACCCCAACCTTTTCCATCAACACTTCAACTTGCTGCTTGAAATGATAGTTCCCCGAATAACCCAGGTGCTGTTGACGTGTCAATAAATCTGCCAAACTAACCAGCCCCACCATCCGACGGTGCGGCAACTCCGGCAACGTCTCATATGGCGAACCATGCAACCAAATACAATCCTGCAATCGGTGAGGCAACCCCCACTGCTCAGCCATCCGCTTACCCGCCGTATGATGATCAATCCCCACAATCCGCCGTTCATACGACGCGATATTCCCATGATTCATCTCCACCAACTCCACCACGCGCGCATAACTTTTCGGCAAAACATAATCCAGCGCCAACTTACCCACATCATGCAACAACCCACAAACAAACGCCTCATCAGCGCTTAGACTCCGCTCATTCCCCGCCGCCTTCGCAATCAATTCCGCGACAACACCTACCGCCAAACTGTGCACCCAGAACCCCGCATGATCAAAGCCCGCTTCTTCACGTGACTCCTGCTCCACAGCCACCCCGCCCCCTACTTTCGCAATCACAACACCATCCGTATCATCACCACACAACACCGCCGACGCATCACTCTCATCATGCACCGCAACCTGCCCCACATGCTTACCACCACCAACATCTTGCTTCTTCTCTTTACCTTTCTGAAAAAACTCCATCACCTTAATCGACAACACCGCATTGCGTATCGTATTGAAACCCAAAAGAACAACCGCTTTATCAACCGTCAATATATCCTCGCGCAATCCCTTGTCCGCAGCGCGGCACAACGACAAAACCTTCGCCGTTAGCGCCGGGTCAGCCTGCACCAATTCAATCACCTCACGCGCATGCGTCTCGTCTGATGCCGTCAACGACAGCAACCGCGTCGCAATCACCGGCAAAGTCGGCAACGAATCTATCTGCCTCAAGATCAGCTCAATCCTCTTCGGCCTGCTCACCTCTTGCGCTGTCATCCTCAAATCTCCTGAACCCTCTGACAAATTCTATTCACTCAATAGATATGCGCACTTCTCGCGCGCAATCCCCTTACCTAAACTTAATCGTCACCCTCAAACCCTAACTCAAGCACAATCCGCACAATCGCTACCTTTTATCACACTCACCAAAACCTCGCACCAACATAAACCAACGAAAAACCGCGACTCAAGCCGCGGCCTCATCATCCTCCTCCGCCATGCTTAGCGAAGGATTCAATCTTAAAACACTTCGCGCGTTTTAAGCTCCCTATTCTCATTCATTCAATTCATCAAGCCGCAACCGCAAGCAGCGTTTCTATTCGCTCTTGCAAGTTCTCAATATTAAACGGCTTCTTAATGAACTCATCCGCGCCCGACTGCAACAATTCATGAACCTCATCCTGGTTTACAACACCCGACACAATAATGATCTTCATATTCACAAGATCCGGATTCTTCCTCACCGTCTCGCAAACTTTGTTCCCATTAATATCTGGCAACATGTAATCCAAAATCATCAGGTCAGGCTT
CP036425.1_gap84	3934023	3938991	4968	ATGAAAGGTGATTTGTGATGATACATGAGAAAGCAATCCGCGAAGGCAAATTAACCAAAGGCATGAATTTCACTGAGAAATCTCTTGCAATATGTGCGCGCATCCCCAAAGGCAAGGTGGTGACGTATGGTGATATCGCATGCAAGCTCGGTAGTGATGGTGCGTCAAGAGCTGTGGGCAATGCGATGAATGGCAATCCGTTTTCCCCTGATGTGCCTTGCCATCGTGTTGTAGGATCAACCGGCAAGCTCACGGGATTCGCAAGAGGCTTGGATAAGAAACGCGCGATGCTGAAGAAGGAAGGCGTCCCGTTTAAGAATGATGACCAGGTTGATATGGCCGCCTGCCGACACAAGCTGTAACTCGATCATTGATGAATATAAAACAAAACCCCGTCTTCATGGCGGGGTTATTTATTGACGAGTGGTCATTTTTAATGTTTTCACTTCTTCGAAAGTGGGATGACGATCGCATCTTTAATGCCGAGACGGTGCTTGGCATAGTTGGCTGATTTAAAGGAAGTGAAGTTGCCGATCTGAACACGGTAAATGACTTGGTCGCTATCGTTTTTGATTTCAGCAATTTTGGGTTTATCGAGGTTCATCGTCATTGAACGGAGCGCGACATTCTGGGCTGCGGAGATAGCGTTTGACTTGGCGGTATAGGCACCGATTTGGATGGTATAACCCGCGACAAAGATGCGTGAGTCGATCTGTTGGAGAAGTTTGTGATCAGCATTGGAAGAACGGGCAAGAAAGAGCGATTTCTTGGCTTGATCGAGTTGGCCGATTTTCTGCTGAGAGATCGCGGCGTAGTAGTATGCATTCGCTCGATCGTTACCAACGGGATAGTTTTTAGCGGCGTGGATGTAGTACCCGGCAGCTTTGGCGTGTTCATCAAGCTTCGCGCTTTGGATGCCAAGCTCTGCGTAAGCGTCTGCAATGAGTGAGGGATCCTTGGCGGTCTGAGTAGCTTGTGTGAGGAAGGCGATTGCTTGCGAGCGATTGCCAAGTTGAAGATTGGATTTGGCTGCGGTGTAGTAAGCGAGTGCACGATAATCCGGATCAGGATCATTCATAAGAATCAGCGCGTGCTGATAGGCTTGCTGATGATTGTTCGCGTTGTAGGCATTGTTCATTTTCTGAACAGTTAGTGGTGCACCACGATTCGATTCGGGCATCGCGATACAACCCTGCAGCACGATCGCGAGAAGTGCGCAGAGCAGGATCGGTTTAGTATGACGGAAGAAAGAAAGCCGATGGAAGGTATGCATTGCGTATCTCTTCTTGCTTGGCAGCTATGTCTTAATAGTCATGGCAACCGGAGTGGTCCGCGTGAACAACATGATACGGGACGATCATTTTTCATGTGTGTAGCCAAGGATGAGTGTGTGTGGATGTGCGCCCCCGGTGGGTTTGTCTGTGGTCATCAGCATACCGAATGGGTGTGGGTAACGAGGCGTGGGGGGGGAGGGAGGTTGGTTGCTCGGGTGATGACCATGAGCGTGGCGTGTGTTGAGGCATTGCGCTCTCATTTGTTGTTTTCGGTGATTTGGCTGTGATTTATGCAGGTTTCGTGGGATTGAACCTGTGAAATATACGAAGCCGATCAAGACACACAAGCGTTTTACTGTTTTATCTGGACGTGGATGCGGTTATGAATGATTCCATCGAGCTTAAATGTGAGCAGATAAAGATCTGTTGATCAAATGATCTAGTGAAAATCCCGATTTCAAAGCAGGCCAACATGAACATCATGATGAGAAAGATATAAACGACAACCGGGCTGACAGGTGGGTAAAACAAGGTAAATCAGAGCAATTATCACACGTTTCGGGTATCATTTTACGGATCAAATGAACGCGAGAAGCCCAGTTTTTTATCAAGTAGAGGCATTAACGTGAGCTTACTTTGGCCTATCTTAAAGAAGGCAATTTTTAATTTTAAGAAAACAGCTGTTATCGATGACCAACGAGAGTGGAGTTATGGGAAGCTCTTGGGTGGTGCGCTTTTTGCTGCCCAGTTCATCGAAAAGATGACCCGTCGCAAGAACGTGGGCATCTTATTGCCGACTTGCGGCGCAACACCTGTTGCGATCCTGGGTTGCTGGCTAACGCGCAAAGCAGCGGTCCCATTTAACTTCCTGCTCTCACCCGATGAGCTTGAGTACATCATCAAAGATTCTGACATTGATCTGCTGATCACGGTCGATCAGATGCTCGACTATGTTGGCGGTGAAAAAGTCATCCCTAAGGGTGTGAAGCTGATGAAGCTCAACAAGATGAAGTTTAAAGGCATACCGAAATTGCGTCTTCCACCTCGCTTAAAAGACGATGAGTTGGCGGTACTGCTCTATACGTCAGGAACCAGCGGCAAGCCCAAGGGCGTCATGCTCACACATGGCAACCTTCAGTCAAACGTCACCGACTGCATCAACCATGCAGGACTGACCGAATGGGATATCTTCATCTCGGTATTGCCACAATTCCACTCGTTCGGCCTGACAGCCTGTACTTTGATCCCACTGAGTCTCGGAACCAAAGTCATCTACACCGCACGGTTTATGCCAACGAAAATTCTCGAACTGTTTCGAAAACACAAGCCCGGCATCTTCATGGCTGTGCCATCAATGTATGGCGCTCTCATGTCGATCAAAAGCGCAAAACCTGAAGATTTTAGCAGTATGACCCTCGCAATCAGTGGCGGTGAGCCGCTCTCTGATGCGATCTATGAATCGTTCAAAGAGCGTTTCAACATTGGCATCCTCGAAGGCTATGGTCTTACCGAAACATCACCTGCACTAAATTGGTCGACTCAAAAAAACAACCGCAAACACTCTGTCGGCAAGAAGCTTCCTCGCGTCAAACAATACATCGTTGACGAACACAACAATGTTCTTGGCCCGAACGAAGAAGGCGAGCTGCTCGTCAGCGGGCCGAATGTTATGAAGGGCTACTACAAGTTGCCGGAGATGAGCGCGGAGGTGATGACAGAATTGACGCTGCCCGACGGCTCAAAAGATTCTGTTTTCCGAACAGGCGATATCTGCAAAATTGATGAAGATGGGTATCTCTTCATCACAGGCCGCAAGAAGGAAATGATTATTGTTGGCGGCGAAAACATCTTCCCACGTGAGATCGAAGAAGTACTCAACTTCGCTGACGGCGTCATGGCCAGTGCAGTTATCGGTAAACTCGATGACATCCGCGGCGAGGTACCCATTGCTTTTGTGGAGATGGTTGAAGGCGCTGAGTTTGATGAAAAAACATTGCGGGCACATTGCCGCGACAATTTAGCTCAGTACAAAGTACCGCGTGAAATCCGTCTAATCGACGAATTGCCTCGTAATCCAACCGGCAAGATTATGAGACGCAAGCTAGAAGTCTAATCAATGAATATCGACTCAAAAATCTAACAAGGCCGCGATAATACCGCGGTTTTTTTATGCGCCATTCACGATAAGGGTAGGTACGGTATACATGACCCATTAAGTACGCATGATCAAACGTCGAATGTACGTCTAGGGACACGGTGCACACACCTATGCTCAATAAACGATGCACTGATTAGGTGGGCAGAGACGACTATGGCGAGAAAAGTAAGCAGACGCAATTTCTTCGCAACGACCGCCGCCGCTATCGCAGGCAGCGCCGCCGCCATCAAAGCGCACGCCGAAGATGTGACGGCCAAAAAAGCCATCAAAAATGCACTAACCAGTGAATCCGCTGAAATTCCTGAGCCAGTTCTGCCACTCTCACTCGACGGAAATTCTTACAAGTTAAAGATGGAAGATGCGCTCGAACCACTTCCCATGGATCCTGCCAGAGATTCGTTCCCGCGTGTTGATATGAATCGTTCATATTCAATGCCACCCGCAACGATGGGCAGGCAAATGGGCCGCGTACAAACCATCGGCCAACCCGCGCTCGGCTACGAGATGGACGGGAACGTCAAAGTCTTTCGTCTCATCGCTCAACCCATCGAAACCAACATCACCTATGGTTTTACGAAAGAAACTTACACATTATTAGACGAATCCGGACCCTATGAACAATTCCGTTATCGCCCTACAGCTAGTAAAAAACTACTCGGCTGGGGATTTAATGGTATCTGTCCAGGCCCGACCCTTGAAGCTTTCGAGGGCGATCGTGTCCGTATTATCGTCCGAAACGAACTCCCTCAACCCACCAGTATTCATTGGCATGGCTTTAAAATTCCATTCGCCCAAGACGGCGCCACCGGCTACTTCCCATGGAATGCCTCCCGACCCATCCTCCCCGGCGATGAACAAACATATGAATTTACGCTTCATCAAAGCGGAACACTCATGTACCACTCCGGCTTCAATGTTCTGGTTCAAGAAGGGATGGGCCTTGCAGGCATGTTCATTGTTCACCCTAAAAAGGAAGAACATCCGATCGACTGCGATATCGCGATCCTTCTTCAACAATGGAATTTTTTCCCGGGCAATGCAGCACCCAATCTCATGTCAATGGAAGCTAAAATCGCAACTTTCAATGGCAAGACACTACCCACACTACCCATGATTCACTGCAAGCAGGGCGATCGCGTCCGCATCCGATTCGGCAATCTCTCACTTCTCTCACACCCCATCCATCTCCACGGCTACGATTTCGAAGTCGTCGGCACCACCGGTGGGCCTATCCCAAAAACCGCACGCTACCGCGAATCAACGATCGACATCGCGCCCGGCCAAACACGAGACATCGAACTTGTCGCATGGAACCCCGGAACATGGCGTCTGCACTGCCATGTCCTTCACCACACCGTCAACATGATGGCCAACGCCCCCATGGGAATCATGCCCCCCGAAGGCATGTTTACCTATCTTCAAGTTGAACCCCGCAACCCAAACGACAATCCCAAATCCCCCGACGCGCCATGGAAATACGAAGGTGACTGGTCCAAAATCTAACTAACAAATGAATGGTTAGACATATATTGATTA
CP036425.1_gap85	4044304	4047491	3187	GGTCTTCTCAAATTTCCTGCTCACAGTATATCAACACAGCCCCCGACTGTGCCCCGATAAATCACCTCATCTTCCTCCAAAATCCCCCTTCCAAACCCCTTATCCACACTTTATTGCCCCTGTTCACACCGCATCACAGCCCATCGGCTAGCCCATACCCTCAATCTGTGAACAATTTCTGCACAACCAGGCCGATAACATTCCCATTTCTACACACTCCCCCCCAACTCAGCCGATACATAGGGTTATACCTGCTCTCAACAAGGGACATTTCCATCGAATGTTCCCCACTCATCGCCTCTAATCTTAACCCCAATCCCCTGCTCTAACCCGCACCCCCGCAACCCGCTTCACAGCCCCAAAAATCGCACTTTTGTGCCTCCTCCGCAGGATTTGGCAAAACGAACATATATAGTTACGCTTAACCACTCAGTGCAAGACGCTTGATCGCTCTTTCTGGTCTAAGTCTGTGTAAAACAAGGAATAATAAAATATGTCCACGGCTACAGCACAGGGTACGGTCTCTCAGGTCATCGGCTCCACCTTCGATGCCCAGTTCCCAGAAGACCAAATGCCCGAAATCTACAACGCACTCGAGATCGATCTCGAAGTTGAAGGCACAACCAAAAAACTCGTCGGCGAAGTGCAGCAGCACCTCGGCGGCGGACGCGTTCGTGCTGTCGCACTCGGCTCAACAGACGGCATGTCACGCGGTATGCCCGTCCTCGACACCGGCGCTCCCGTTTCCGTGCCCGTCGGTGAAGAAGTCCTTGGCCGCGTCTTTAACCTGCTCGGCGAACCTGTCGACAAAAAAGGCCCCGTCAACGCGACCCGTACCCGCGCCATCCACCAAGAACCACCTAAATTCACCTCACTTTCCGCAAAGACCGAAATCCTCGAGACCGGCATTAAGGTCATCGACCTGCTCTGCCCATTCGTCCGCGGCGGTAAGATCGGCCTCTTCGGCGGTGCAGGTGTCGGCAAAACCGTCATCATTCAGGAAATGATCGCTCGTGTTGCCCGTGAGTTCGGCGGCTACTCCGTCTTTGCTGGCGTCGGCGAACGTACCCGTGAAGGTAACGACCTCTGGCGTGAAATGGCTGAAGCGGAGTACACCGATTCAGAAGGCAACACCTCGCGCGTTCTCGATAAAGTCGCCATGGTCTTCGGCCAAATGAATGAGCCTCCCGGAGCACGTCTCCGCGTCGCACTCTCAGGCCTCTCCATGTGTGAGGACTTCCGTAACTCCGGCAAAGAAACACTACTCTTCGTCGATAACGTCTTCCGTTTCACGCAGGCGGGCTCTGAAGTCTCCGCACTTCTCGGCCGCATGCCTTCTGCTGTGGGCTATCAGCCAACACTGGCAACCGAAATGGGTGAACTCCAAGAGCGAATTACCTCGACCGAACAGGGCGCAATTACTTCGATTCAAGCGGTTTACGTCCCAGCCGACGACTACACCGACCCCGCTCCCGCAACGACCTTCTCTCACCTTGATGCATTCGTTGTTCTCGCACGTGGCATCGCTGAGAAAGGCATCTACCCTGCGGTTGACCCGCTGGCATCAACCTCACGTATCCTCGACCCAAGTGTTCTCGGCGAAGAACACTATGAGGTTTCTCGTCAGGTTCAAACGATCTTGCAGCGATATAAATCCTTGCAGGACATCATCGCAATTCTCGGTGTCGACGAGCTTTCCGAAGAAGATAAGTTAGTCGTTAGCCGTGCACGTAAGATTGAACGCTTCTTGAGCCAGCCGTTCTTCGTGGCTGAGCAGTTCACAGGCTTTGCAGGCAACTACACGCCGCTGAGTGAGACAATCGACAGCTTCAAGCGTATCTGTGCTGGTGAAGTGGACGAGCTGCCAGAAGCTGCGTTCATGTACGTCGGTAACTTGGACGAGGCGAAAGCCAAGGCCGAGAAGATGGCCGCCAACGTGTAAGCCCCCGCCTCCCCCCCGCTCCCGGAAGGTGGACAAGCTTCAAACTGAAACCTGTTCTAACTAACGGTTAGGAATAAAAAATTAGAAGCTGCGGATCATTGTTTGTCCGCAGCTTTTTTTGTGCGCATACGGACGTCTATTCACAAGTTATACGCTGGATTTTACACAAGCAATTTTGCGCGCGTTCTGCGCAGCAGTTGAACATGGGATTTACAAACAGTTTTAGGTCAACGGGTTACAGAATCCAACTTGTGCGCGAGGCGCGACTCGCAGAATTGCGAAAATGGGCTGTATTGGCCAAAAAACATCTGGTTTGGTTCGGTTTTGATGTGTTTTGGACAAAAAGCAGCTAGATATAGTAAGCAAAACGTGCGCACAAAACCGATCACTCAACATTCTGTGCGATCCCTCCATCCCCCCGGATTCTCCCCTCTTCTCCCCTTATTCTCCCCCCCCGTGGCCGCTCGGGGTTGTCTGAGAAATGTGTATCAAAACTCATGACATTGAACGAATGATCTTCATGAACAGGCCTGCGTTTGTTGACTTACTTTGTATGTATTGGCGCGCCGCGAAGTGTCGCGGCGGCTAACTAGTACAACTAGCAATCATGCAAACTGCACGTGAATTGATTTCGGTTCAGCAGTGATGATGCGTTTTTCGATGAGGTGGAAGGGGTGGATCGTTTTGGTTTCGGAAAGCTGAATGAAGTAGACGGGGTTGTTTTTTGAGTCGGGGACAAAATCCCATTTCAGGTGAAGGGTTGGGTTGGTTTTGATGAGTGTTTGGCCGAGGTAAGCGGCCCAGTAGGGGATGAGTGAGGCGAGCTCTTCGGCGGGGATGTTGCCTGCATGGAAGTGGGTGTGGATTTGCGTGAGGATATCGTCTAACCGTTCAATAGACTGCGGTGAATAGTCGAGGTTGATATCGAATTGCTTTTTGGCGGAACGGACTGCGTAGTAGGCATAATCGGGGAATTTACGGGTATAGCGTTTGGCGGAGGCGGGGCTGAATTTCTGAGGTGCGTTATCGGGGCCTAAGTTGCGAGAAGAGCTGAACGGCTTAGGAATAGGGTGGATATATTTCTTGTAGAGAAAGCGGACTGAGCGGTAAAGCGCGATGGCGATCACGAGGATCACCATGAGTTTGAGATCGAATGGGTTCATAGAGGGCATTATAAATAGTGCTAGTGCTAGAGACTAGTGCTAGAAGCGATGAGAATCGGAAGTGCAGAAGGTCGGCGATTTG
CP036425.1_gap86	4108992	4110104	1112	TCGCCTGACCCGACCGCGCCACCTCACCATCCTTGTCATACCCCTTCCCCATCAGCCGACTAATCACCCCGTCTATCAACAGATTAGATGGGCCACGATCCCCGCCGCTAATCCCCTTCATCACCTCTTCTGCATGATCCCCCTTTGGGATCGTCGTAAAGTTACAAATCCCGCCCTGATTAATCACATGCTTCCTCATTCCCAATTCACCGAACAAGAACCAGTCTGCCGCAGGCGTAATCGGCGCACCTTCACCACCCGCTATCAAATCCCCCTGCCGCAGGTCATAACACACCTTCACCCCACACAACCTCACCACCGGCCACGGATCAAATAACTGCCAACTCAATTTCCCAACCTCATCCTCCGGTGCATGCCAGATCGTCTGACCATGACACACCGCAAAATCCAACTTCTCACCCTTCGGTAAATACTGCTCACACACCTCACTCACCGCGCCCGCATACAACTCCCCTAACCGCCTCGCCGCACGCATATACTCAATCGCATCATGCGCCCGCCCCGTCGCCAACTCAGCCAGCACATCCGCCAGCTCTCCCAAATCTCGGCTCATCATCCCCATATACTCCGCCCGCATCCACATCCCTTCTCCTACCACGCGCACCAACGCCGCATCCAACCCGTCTAAACTCGTCCCTGTCATACAACCAACGATATATCTGACTTTATCACTCATCCCCGCAGGATACATCCCCCCCGCGCTCATGTCACCCCCCTTTTCGCATCGCTCCTCAAAACCGTATTTCCCACCCAACAACCGTACGAATTTCGCACCCCCTACATGCCACTCAGCTTTTTCAATGCTTCAACATCACCCCCACGAATCACCTCGACATTCGCTTCAATCTTCTCAATCGGCCAATCCCACCACTTCACCTCCCCCAACACCTCAATCACCTCATCCGAAAATCGTTTACGAATCACCTTCGCCGGATTCCCCCCCACAATCGTATACGGCTCGATATCCTTCACCACCAACGATCGCGTTCCAATGATCGCACCATCACCAATCTTAACACCAGGCATCACCACCGCATCCATCCCCAGCCAAACATCATGACCAATCACAGTATCACCCCGATCCACACCAC
CP036425.1_gap87	4236559	4237224	665	TTCAAGGCTCACCGATGAAACGGCTACAGGTGGCAGCGAGGGTGTTGTTGATGCAGCTGTTGAAGGTCAGTTTTTTGGCTTGGTTGATACATACAATCCAGAACACAAGGCTGATGTGAGTATCACTTTTGAAATTAATTTGGATCGTGCGGAGTATTATCAGGTCTCGATTGATATGGGTGCGTACGGGCTTTTTGAAGATACTGACTCTGATCACATCTTGTGGACATATCGGTTTGGTAATGGCGAAGAGAAAGTGATTTTTAATCTAAAGCCATCTACCGAACATACGGTTCAATATCAATTTGCTTCTGGAAGTGTTGTTGAGTCTGACAGGCCATTAGTTTTCAAGCAAGCTGATGTGTACCACAATACAAGTCTCAGCAATGGACTATCTACATACCGTTCTAACTTTGATGGTGAAGAAGGTACGCTATATATCACCATGAAGGGAAGAATTGATGGTTCAAAAGAAGCGTATGTTTTTGACAATCTTAAGGTCGCAAGTTTTATCCCTGAGCCTGGCAGTTTTCTGCTGATACTAGTGGGCCTACTTGGTGTATCAAAAAGAGACTAATCGATATTTGCGAAATAATTCATTTTCTTAAATGTATTGATATATATTTTTGATCCTTAAAATTAACTAAATTTAAGCATTGATGGGA
CP036425.1_gap88	4242718	4244147	1429	ATAAGTTCACTTAAGCGTGCTGATTTGATTGTGCTTACCAGATCTGATCAGGTACAAAATCAAGAGATTAAATATATCAATCAAACGCTCACCCAAATTACAGATCAACAATCATTCATAAAAACGAAGCACGCTTGGACTCATTTTTTGAACAATGATGATCAGATCGTACCACTTAATCAAGTTTCTACTTTGAATGTTTTAGCTATCACGGGCATTGGTAATCCCAATGCGTTTCGGTCGACTTTGGAGCGGCACGTAAAAAGTATCATTCATTTCAAAGCAATGCCTGATCACCATCAATATACCAACGACGATGTGTCTACAATACTCGCACAAGCAAAATCGAATTCATCTGATGCTTTAATAATGACTGAAAAAGATTACGTAAAATTTAAACCACTTATTGCAGATCATAATAACACGATGGTGAAAATTCTTCGTCCCAATCTAGCAATTCAATTTCTTGAAAATAAAAACATTTTCTATAATCATGTTGGTAATATTTTTCAGTAATATGTCATGCAGCATCACATTTCCTTACCTAATCTGAAAAACAACCTAAGGTATAGATTGAGAATGATTGTGTGTCTACAACATATGTTCGTCTGATATTAATTTCACTTTAAATTTACAATCTAAACCATCTTCAAAATATTCGATATGACATTCACCTTGAAGCTCGAATTCAATGATCCCCCTAACTAACTTAGTTCCAAAACCAGTATTTGGCACTTCATGAATCAATGGGCCACAGCTCTCTTTCCATTCAATTAACAACCATTGTTCATTTTCTATTCTGCACTCTATATTCAATCGCCCCTCAATTCTCGATAAAGAGCCGTATTTTACCGCATTCGTTGCTAACTCATGAATAACCATACTAAGCGGTGAACATGTTCTTGTTGGAACATTTATGCTATCACTATTAATATTGATTCGATCTGTATTTTCATGAACATACGGCATCAAAACCAATCTTATAAGCTGCGTAACACACATCGAACGCCATTGTGTGCTGGCAAGTACCTCGTGTGTTCTTGCCATTGTGTAGACACGATCGGCCAGTGACTTTTTATAGTTATGAATCCCTTTCTCTTCATTAGTACGATCTATTAATGATAGCACTTCTGAAAGATTGTTCTTAACGCGATGATCTAACTCACGTAACAGACTTTGTTGGGCTCGTAATTCATGTTTATGCTCTGATACATCTACTATTACACTTAAAAAACAATCTAGACTCCTTTGTTCAGTATGTTTTACCCAGATCGTTGTAAAAAATTCAGACAAATGGCCATCTTTACATATATAGGATTTATCGTGTTGAACAAATGGTACGTCGCCATTAATTAAATTGTTGACTTGCTCATTAACCTCAAACATATCTTCGGCGTTACCAAATATCTGCCACGGTAAGCCTCGCATG
CP036425.1_gap89	4250116	4254591	4475	CTACCTCCACCCCTCGATCCGCCAGAGCTTCTCGCTCCATCACCACCCAATCCCAAATAGGTACCGAAATCACCGCCTCCTCTGTCACCTGTCCCTGAACATCCCCATTTCCCATACTCAGCCCTGCCAGCAACCCCAACACACCGAAAACTGTTTTGTGATACATCGAAATCTCCAAATAGTATTATTTTGATATATCAACTTCTTTTATTTGATTTGTCAAATTTCTATCGCAAAATGTAAACCTATCACAGCTCAGAATGCCAGAATCCTTTGATTCTTCCCTTTAATTCAATCCACTCCTTAACCCCCAATCAATCAGTTCATGCTCTTGACGAGCATTCACTACCAAAGGTGTACACCTGGGCTGACGCCGACGACTCAATCAAAACAGAATTCATAAAATCCTAACTCGCTTATAAATGATGACTTATATTTTTAGTTAAGATTGTGCCTACTTAGCATAAAACTTTATATGAGACTGTCGACCGATCGATCGATCGAATCTATAATGCACGGAGACCGAATTTCAGGAGAATTGCCATGACTGACAGCAAAAGCAAAACCGTTGATACACAAACAAAGATCATTGAGGCCGCGCTCGACATCCTCACTACTCAAGGACATACCGCCCTCACTAGCGGCTCACTCACTAATGCTCTAAATATCAGCAAAGGCACCCTCTTCCATCACTTCCAAGACATGGACGCCATCCTACTTGGCGTACTCGAGCATCTCGTCAACGAGATCAATCAACAAGTCCAAGGCCGCGATCATAAAGACCTATGGGCATTCATTGATGCAAACATCCAAATCACATACGAAGCTCTCGAAAAATACCAAGGCGTCTTCGCCACACTCATGTACTTCATCGCTCAAGCACCACACAAACCTGATTTTCAATCACGTCTCAGAAACCACATGGATACCGAACTAAACAAATGGAAAGCGTCATTCTTCAAGCACATGCCCACCACCATCACTGAGAAAGAAAAAGATCACATTGTGCGCATGATCGACATGCACTTCGGCGGCGCATGCATCCATCATTTTATTTATAACGATCCCAAGCATTACCGCGAGATCTCAGAAGAATTCCTCGACATCATTGCTTCGTACCTTGATCACAACAAGCCGCAGAAACATAACTCTCAATAACTACACCGCAATCAAATCACAATACCAAAACCCCATTTTACTTGGCTCTTCATCCCTACCACCACACAAAGAATCATCATCTCCCTCTCCCTCTGGCTTGTGATACTCACGATAAACCTTCTCACCAATCTCGATCCGTACCCCTTTTTTCATATGCGGCCCGTCATAGACAAACGAATGAAATTCCCCATGCTCCCCGCACGCATCAACTCCCTCAGGTAGCTCTGCAAAAAACCCCGCGTCCATCTCCCGACCCACCCATGCCTCACCCATCGCCTCATCACTCACACAACTCGTCACACCCTTGAATCCCTGCTCAACAAATCGTCCTGCAAGCATCTTTGTATCAAGTTTCCAAAGTGGGAATAGTCCTTCAAAACCCGCACTTCTTAGCTTTTGCTCACGATACGCCCGCAAATCCTCCAGAAATATATCACCAAATATCGACACACCCACGCCCTGCGCCCTGAGTCCCATCATCGCCTCATTCATCCCGCGCTCATACGCCGCCATCGTCGGCTCGTCACTCAGCTTCACCTTCACTAAAGGCAAACCAATCGCCGCCGCCTGCTCATCAAGCAAAGCTTCCCTCACACCATGCATACTCACCCGCCCATGCGTCTCGTTCAACGTTGTTAATAGCGACACCACCTCAACCTCTCCCCGCCTCATCACGTCAAAAAGCGCCAGCGAACTATCCTTACCACCGCTCCAGTTCATCACCGCTTTCATCTTCATAAGCCGTCCCATCATCCAATCAATATAAAAAGGCGCCCATTTGGACGCCTTTCAATTTTATCAAGCTTTCGACAATGGTCTTAACTCTCTTCATCCGCAACCGGCACAGCTTCAAACGTCGTACGCCCTGCATCCGATGACTTCGTATCCGCAACCTGACCAAGCACCTTCGGCAAGTCAATCCCTGCCTGCTGAGCTAACTCATGCATCGGCGGCAACGCGCCCATCAAGCCCCGCAAAAATGAGCCCGTCGAGCCCGTTGGCACCGTCTCACCATCGCCCGATCCGCCACCACTACCAGAATCCCAAACCGTAATCTTATCGATCTTGAGATTCTGAATCGCCTTAACCTGTTCAGCAACAAGCTCTGGCAATTTCTCAATAATCAGCAGCGACGGCGCCAAATCTTTACGGTCACCACAAACTTCAATCAGCCTGTTATAACCCTCAGCCTTCGCTTCAAGTACCTTCTGCATACCCTCAGCCTCAGCCTGATACTTCGCCAAAATCGCGTCCGCCTCACCCTTCGCAATCCTGCGTTGACGTTCAGCTTCCGCCTCAGCCTGGATCTCAATCTTACGCTGTTCAATCATCTGCTGCGCAACTTCTTCCTTCTCAAGCCGCGCCAATTCCTGCTGCTTCTCTGCCTCAAGAACATCTTTCGCAGCATTCGCTGTCGCAACCTCACCGCGGCGTTTCGCCTCCGCTTTGCGCTCCTCAAGTGTTGCCTTGTAATCCGCAATTTCCGCCTGCGATTTATTCTCACCTTCAACCGCACTGGCTTCGAGTGTCGCAACCTCAATACGCTGCTTGGATTCCGCAGCTTTTTTACCTTGCACCGCCTTCGCGTTCTGCTCCGCAACAGCGATCTGTTTCGCACGCTCAGCATTCGCCTCGCCCGCAATACCATCCGCTTCAAGCGAAGCAACCTTAATACGCTGATCACGCTCCGCTTGTTTCTGCCCCATATTCGATTGCGCGACCTGCTCAGCAACTAACACCTGCTTCTCACGATTCGCACTCGCTTCACCAATCGCACCGCCCTTATCAGCTTCCGCAACCTCGACCTTCGCCGTATTGATCGCTTCAGCCGCAGCCCTGCGGCCAATCGCGTCGATATACCCCGATTCATCAGTAATATCGCGAATATTCACGTTGATCACTTCAAGACCAACCTTCATCAGCTCGCTGTTCACGTTCTGATTAACCAACCCTAAGAATTTTTCACGGTCTTGGTTAATCTCTTCAATCGTCAGCGTCGCAATCACCAAACGCATCTGCCCAAGAATAATATCCCGCGCCTGTGTCGCGATATCAATCTCTGTCAGCCCCAGCAAACGCTCAGCAGCATTATTCATAATGTCCGCTTCTGTCGAGATACCAATCGTAAACGTCGATGGCACATTCACGCGGATATTCTTCTTAGATAGCGCGTTCGTCAGATCAATTTCAATCGTCATTGGCTCAAGATTTAGATACGCATAATCCTGAATCAATGGCAAGATCAATGCGCCACCACCATGCAAACACTTCGCTGTTCGCTCTCCTCCCACACTACCATAAACCACTAACACTTTATTAGACGGACACCGTTTATACCTTGTCGCCGCATACATCGCGATAAACAAAAACACCGCAACCGCAACACCGATCACCGCAAAGACCAGCCCTTCGCCAGCCGCTAACATCATCATTCCCATCATACGCTCCTTTATAGTTTCTATTTCATCTGCGCAGCCATGCCGCGCGCCCGGATATTCTTACCAATTTCTTGGCTATTGACGTTCTAAAATTCTTCAACACACAAACTAACCTTGCCCAACGGCCTCATGACATGGCTTCACCCAAAACACCTCATCATCCCCCACCTCAATTACCTCAACCATATCAAATGCATTCAACTCCGTTTCCCCCTTCGTCATCGCCTTCATCACCTTGCGGCGTCCCGATATCGATATTTCAATCTGCCCCATCCCCTTCGCACCTCCCGGAATCGTCAAATACACCTTCGCTGTTCGCCCAATCCCCGTCTTCACATCATACTCATTCGTGCCCTCTAGCCGCTTCACATACATAATCCCCACCGTTGATAGCAGCATCATTGCCATACCAAACCCCACCGACACCAACAAACTCATTGGCCCAGACAATCCAAACGAGATTCTTGCAGCCAACCCCATCCAACCTGTCCCCATAAAAAACGCCGTTATCGACAGCAACGAAAACACATTAAATGACTCCCCTGTGTCCATCGCATCAATGTCGTGTGCATCTAGTGCATCACCACCAATTAAATCCGTGTCAGTATCCCCACCCAACATCATCATTGCCATGCGGATTCCAAACAGAATCGTTGCAAACATCGCAATCGAAAAATAGATCATCGCATCAGTACCTGTCCCCAATGCACCATCCCAGCCCACAAAATCCAAAATAAATTCTCGCATTGCCTGTCCTTCAATTAGCCTGTGATGCGTCTATATACAATCGCCTACAAAGCGAGTTACACAAAATACTTCGAAAGCTATCCGAAATTACCGCCCCCCATTATCCCCGTCAAGATCAATCTCTCCCCTGTT
CP036425.1_gap90	4263482	4267273	3791	ACACACATCACTCAACCCATCACCCTCCCAGATCTCCCTCTCCATATTCGTTTACTTACATAGTCAAGAACACGCGCACTCACAAATTAAAATCTATTTGTGCTAACCATCAATTAGTCACACTTTCCAATCAGCCCCGCGGCGCAAATCCCATGTCAATGTAGATCGAATTCAAAAAAATTCTGCGAGCGCGCACAAACACGAAAATCGCCAATTCGCGCTCGCGTGTTTCTCGTTATTTCTCACAATTTCTATATCCAAACTCACCCAAACGAATCTGTTTTGAACCAAAACCGACCCAAACGGCCTACAGGAAAATCATTAATTTCGGGATTCTGTGCGCCAAAACCCGCCGCGCCACTGCAATCCATTCTCATCCCCTGTCCCCCCTGTTCGTGTCATCCATTTTTCAAACCCACCCCTGACTTGCAGCGCATCGAAACCCAACAGTCATTTTCATATCACTCCCCTCTGTCCGCTTCGCTCAATTTCCAAACCCACCCCGCACACCGAAGCCAACCCCCACTACACATACCACCCATGAAATTCACCAACCTCACCTACCTGCTCACCCGCGCTAAACCCTTCAGGCGCAACACATAACCGAAATTATTCTCATATCTGTTCATCATTCGCACCAAACATATCCGATCCTTCACAACGTGACGACGCCATCCCCCCCGCCAACGCCCTCATCTGATCCATCCCCAGCAGATGCGACACCTCCCGACAGCTTTCGCTTCGACGAGGATCTCTGCCATGTAAACCGCTCTGCTCCAAAGGTTTGGAACGATGCATCACTGCGCAACAAGGTGACACTGATCATCATTGTCTCCGCCACCGCCGGGGCTGGCATCGGCATTCTTGAGATGAAATTCGGCCACCTAACCTGGCCTCTCTTTCTCGCATTAGCATTTGTCATTTCAGGACTTATCGCCTTTGCCCGTACATGGGTTGTCTCTCCAGCCGACCAACTCATCACCAATATCCTCGATATCTGTACCAACACCTCCCCCCGCACCATTAAACGTCTACCAACCGAACGCCGCGATGAGATCGGCCAAATAGCCCGTATCACCCAACGCCTTGCCGTGTCAGCAGTTAAAGATGCACAAGAGATCGCGCATCTCCGCCGCACACTCACCCAGCGCATTGAACACGCCACCCGACGCGCGTGTTCGCAGCTCGAAAACCTCGCCAGCCGCGATCCACTCACCGAGCTAGGCAACCGGCGCGCTCTCGATGAGCAACTCGACGCGTTATATGCCGCCGCCAAAGCAACCCGAACCGACCTGCTTGCGGTCATGATCGATATGGACAACTTCAAGCAGATAAACGACTTACTGGGTCATGATGCGGGTGATGAGTTGCTTGTTCTGCTTGCAAACATTCTCCGCGGCTCGATCCGACATGACGATTTGCCTGTCCGACTCGGCGGCGATGAGTTCCTGATCCTCCTCCCGGGTTGCCCGCTCTACCGTGCGCAACAACTCGCGGATAACACACGAAAATTATTCGTGCGGCAAGCGAAGATGTCGTTCAGTGATTCGAAGTTACGTGCGACGCCTAACTTATCGATAGGCATTGCTTCGATGAATCACGATAAGGCGGAGCATGGCGATGCGCTACTAAAAATCGCGGATGGACGGCTATACAAATCAAAACACTCGGGCAAAGGTGTAACGACTATGCCAACGAATACTCAGCCGCACATGACGGATGATCAAGTCAGTAATTCAAAACGTTTTGGAAATGATGATCAAGAAAACAATCGGCGCGTGGGTTAATGAGGTTGGCATTGATCGTAAACGCGCAAGTGAATTCGGTCTTATTGTAATTGTTTTGATTTAATTTGATCTGATGTGCAGATCAAGCGGGTGTGGTGCGCGTCATGGAAGAAGAAGTATTGTTTTTGAAGGCTTTTTGCCGATACATGTCTTTGATGAAAGTTTTGGATTGAGATGGGTGTGGGATACGCTTTATATAGATTGATATTGATACGGTTTTTTTACGTAACTGATTTTGCCTAGTTTAACTATTACAAAATTATGCTAAGCATTGTTTGTTTCATATCATAGTTGTGTATAATTGATCGTAAATAGATTGAGAGTGAATGTGTGAGAGGCGGGGATCGTCTGTTACAGATGTATATTAATTCGGAAATAGGCGTTGCATTTAATCGTGTGATTAATGCTTGTCGATGATTCGCGTAAAAACTATTTTTTTTCATTTCCTACCAATGATTGTTTTTACCGAGGGCATTGCACAACGGCGCTGAAGTGAGTTGAGAGACTTTTTTTTACGGGGTTTTAACATGAATATTGCAACTTTAAGCAAGCGGTGCTGTTATTTAGCCGCATTTTCTGTCGTTACAGGCGGGTTATCCATGGGCGCAGATCATATCGCGTTTGATGGTTTGGCGCCTTGGACAAAGACGATGACGGATGGGAATGTGTCGACGATAGGCACGCCGATCACGTTGACTTGGTCGATTGTTCCTGACAACACCACAACGGACGTCGATCAGGGCAACTTGTCTTATAGCAGTCAGTTGATTTCGACATTGGATGATGTTTATAAGGTTTCCTATGTCGACAAGCTGAAGCCGATCAGTGAGCGATCGTGGTTCTCGTTGTTCAGTAACGCGTTTGATCGTTGGGGTCAGGTATCGGGCTTATCGTTTGAATACCTGAATTACGATGATGGTGCGCGACATGGTGGTTGGGAGAGTGGCGGTCAGTTTAAAACGAACGATGGTAAATTAGGTGTTCGGGCTGACATGCGTATCGCGGGTGCACGGATTGACGGGCCATATAATACTTTGGCGTACAACTATTACCCTGAATACGGTGGTGATATGTTGATCGACCTTGATGATACGGATTGGGAAGATGACGCGTACTTTGAGAATGTGATTATTCACGAGATGGGTCATGGGTTTGGCTTGCCACACTTGCTCTCGGAAAGCTCGAACATGCTGATGGAGCCGTATTTGGACACATCGATCCACGGGCCACAGTTCGATGACATTCTGATGATGCAGCGTTTATATGGTGACCGTTACGAGAAGGGTCTCGGTAACGAGACGATGGCGAATGCGACGGATCTTGGCACGCTAACGGGCGACACGACTTACAAGTATGGTTCGGATGCTCGTAAATCTGAGATTGAATTTGGGGATATTGATTTCCTTTCAATTGATGATGATTCGGATGTAGATGTGTTCAAGTTCACGCTCGATGAGATGACGAAGATTACGTTTAAGCTTTCGGCTGTTGGAATGACTTATGATCGTAGTGCGCAACCAAAATTTGATGGTGATGTGGTTGCTGAATATGAATTTGACGCAAAGAAGCTGAGCGATTTAGCGCTTGAGATTATTGATGAAGAGGGCGATCGTGTAGCTTTGCTTGACCGTTATGGTTTGGGCGGCATTGAGCGTTTGTATAACAAGCGTTTGGCGGAAGGGGACTACTTCCTGCGTGTCATGGGAGCAAACGACAACGCTCAGTTCTATGAGTTGTCATTGCAAACAGTGTTCATTCCTGAGCCAAGTACATTAGTTGCGATGGGTGGGTTGATGTTGTTGGCGAGACGTCGCCGCGGTGCATGAACACGGTGATGTGAATGTTAGAGCTAGTTGTATCATGATTTGGAACATCCGAGTCGTCAAAACAAGCAGCTAACCTATGTAAAGATGATTTTTACGAAACGACCTATTGGATAACGCTCCAGGTCATTTCGCAAAACGCTTTGAAAATGAAGAAACGCTCTCTGTTGAGGGCGTTTTT
CP036425.1_gap91	4290668	4291168	500	TCGTGATCGCTCCCGTGCGCATCTCAAAGATTGCACGCCGATCCGCCAAAGGCCCAAATTCGCCTTTTCCATCATCAAATATATATAGTTTCTGACCCACTGTTCCTGTATCCTCAATCTGCGCAGCCCCACGCTGCTATCCTGTCATTCCCACATCACACGTCCCCCATCTCCCCACCCAGCCTTCATCTTACCCACGTAATCCTTATATCGTACCCCAACCCACCCTACTCAATCCAACCTTGCTCCTCATTCTCATTTCTAACCGACACCACTCAAAATCCGACCGATAACCGCCGCAATATCATGTCAACCCCTTTCTAAGATCAGCCCCACGTTGACAGACACCCCTGCTACCAATACCTTGAAACGTCTGGGAACGAATCCGACCGCTTTTTTGCCTGCTCTTAGACTCAGGTAAGCCCTTTCTAGCGGATACAATCAGTTCCCAAATACCAACCGAAGTACCTTAGTTTGACATAAACGAGAGCGACACGCCC
