gap_id	start	end	length	sequence
CP030759.1_gap1	9071	13983	4912	GGGGTCGCCGTACACCGCATAGGCGCGGGCGCGGCTACCGCCGCAAATGGCGCGGTACTCACAGAAGCCGCACTTTCCTCCCAAGCGGTTGGGGTCGCGCAGGGCAACAAACAACTCCTGTTCCTGATAAGTCTTCACGGCAGATTGTTGCGGGAAGCGACCGCACTCGATGGGAAGAAAACCACTCGGATAGATTTCCCCCACGTGGCTCACGAACATAACCCCTCGGCCGTCATTCGTCCCGACGGGGGCGTGACGACTCATGCCGTAGAGTCGCTCGGGGGGCGCATCGGGCGCCAGCCCAAGCCGCTGCATGACATACCGGCGATAATGGGGAGCCTCGGTGGTTTTTACCGCGTAAGGGCGCTCGCGCGAGGCGCGGTAAAGCTGCTCAAAGACCGTCTCGTATTCGTGGGGAGGGAGTCGGCGGGCGTGACGGCCTCGGCCCACGGGGACCAGGAAAAACACCGACCACATCTGGATGCCCAGCCCCGTAAGCATCTCGGCCATGGCCTCAAGTTCGGCCGCGGTCTCCGGGATCACCGTCGTATTGACTTGAACCGGCAGCCCCACGCTTACCGCCCACTCGATCATCTTTAGGCTAAAAGAGAAACTTCCATCGTAGCCACGGAAACGATCGTGGGTTTCGGCGCGCGCCCCATCGAGGCTGACCGCAAATCCACAGGCGCCGGCGGCTCGCATTCCCGCAATTGCCTCGCGGCTCATCAGCGGTGTGGGCGAAGGGGTGATCGCGATTCGTAGACCTTTTGACACGCCATAGGAGATGAGTTCCTCTAAATCTGGGCGCTTCATCGGGTCGCCACCGGTCAGGACCACCATTGGGCGTTTTGGGAACTGAGCAAGATCATCGAGTAGCGCTTTGCTCTCGGCCGTTGTAAGTTGCTGCGGGTGAGGGTTCACAAATGCACTGGCTCGGCAATGACGGCAGACCAAATCACATGCTCGCGTAACCTCATAGAACACGAGGAGTGGGCTGTGGCCGAAATCATCGCGTGAATACATGGGTGGCGCCATGAGGTCCCTGACCTATCGTCGTTCTTCGATGATCTGAAAAACCTAAGGAAGCGACTTCACGATTATTCACCACCGATGTCGGCCTCCTCGCTTAAACTTGACTTTCGACAAGGCGCCGCCTTCATTAAGGAAGAAAGGGCGTGGCTCTTTTCTTGCCGACGCGATGATTTTTCCAATCCGGGCGGTGCGACCGTGAGAGTTCGTCGAGTTTGCGCTCTCTTCTTAACAATCTTTCTTCTTGGGGCATCCATCACGCATGGAGCACCAGCATTCTTCGCGGTGAACGGCCAGCTCCTCAGGTTCGACGGCAACGTTGCCAAACGTGCCAGCGTGCGCAGCACTGCGCCGATGTCAGTACAGCGTGTGTGGGGCGCGTTCCGGGACGATACAGTGGTGGCAACGCTTGGTCCCTCGAGTGCCCAGAGTGCGTCAGAAGGCTTCCACGATGGGCAAGTTCCCGCAGGCGGCCAAGCGGTATTGCTCGATGCCGACGGGACGGTACGCAAGGTGCTCGCCGACGGTGTGCTTCGCGCTTTTCCTTCTCCCTCGACGGAATGTGTTGCGCTGGTCTTCGTGGATCGGTCACTTGCATTGTGGCGGGAGGAGGCCTTAACCACCCTATCTCTTCCCGGGAAGGTTAGCCACTTAGCGTGGTCTCCGGATTCCACGCGCATGGCTGTCGTTGTTTATCCGCCCGATTGGTCGGAAAACGCCGTCAACAATGCCCGCACGACAGCCGATTTCCTGCGACTCCAGCAGAGCAAAATTCTTTTGGTCGATGCGTTGTCGCATAATGTGGTTGCCACGCTTGTTGACGACGGAGGGACGAACTACAATCCGTTCTTCTCGCCTGATGGGTCCGCCCTTTATTACATCCACCTCGACGTGATGCGCGATGACGGGGGACTCTTCCGGTTACAGCTAAATGCTCCGGAACCAGCTTCCCCGGTCCAGCTCACGCAGGTCGGGGAAGGAGAAGGCGGAGTTCCCATCGGGCGCGTTGGAACCTACCGTTGGCTGAAAGGTGGGCAAATCCTCGTGTTTGAGGCCGGAAAGCCTGATGGCAGCGGCGTCATCTGGCAGATGTCATGGAATGGGACGCGTGCCGCGCCTCTGAGTGTCGGCCGATTCCCGCAACCCCTGGATGAGGCACGCATCGCTGTGCTGGGGGCGGACCAAACGCCAATGATTCTTTCGATTCGCGAGGACAACGGACGATGAGACATTGGACGCGTCGCATCGGGTTCTTGCTGATTTACTTCGGGGTGGCGGGGAGCGGATTCTCGGCCCCAGCCTCCTCGCCCCCACCCATCGGTTGGCCGATGAGCAGCCCGAATTCATTTCCTATGACAGCAGCCTTTGATCTCGATTCAGCGGTTGGTGGTCGCGCAGACTGGACGGGGTGGGTACTCGGTGAACCAACCGCCGGCTCGGGCCATGCTTACGATGAGCACTCTGGCACCGACTTTGGCATGGTAACTGGCACCAGCCTCTATGCCGTCGCCAACGGTACAGTCTACGCGTTGCGCGAATCTGTGCCCAATGATGACCACTCGGATACAGGCAATTACCTCATCCTCAACCACCCGGGCATCGCGGGGCGCGACTATCGAACGCGTTACTGGCACTTGGCCCAGAACGGCGTGATCCCAAGTAGTGGGGATTCTGTCACAAAAGGCCAACTTGTCGCCTATAGCGATAACACGGGGAACTCCACCGGCCCACATCTGCACTTTGGGATCTCGCTGCTTCCGTCGGACAAGTTGACGTGCCCGTTCTACCATGGATGGTGGGAGAACGACGAGTTCTATTATGGCGACGGCTATCCCTGCCTCATCTATCTCACTGTCAACACCGGCCCGGCGAATGTTCGCGAGGGAAACTCGACGTCGTATCCCATCATTACTCAAGTTCCGGCAGGGGCGCGTTTGGTGGCCACTCAGCGTAACTCATGGTATCGGGTGATGCTCCCAATGCCCCCGGCTGTGGCTCGCGAAAGCCGCACCCCCACGGGAGCTCTCGCGAGCGGATACACCGAAACTGGTACATGGGCCGACCTCGCCGATAAGTCCACCGTCGCTGATTCCGCGTCAGACGCAAATCGCGTCACGCTCTCAGGCCTCGGAAGCCGTGCATCAGGTTTCACGACCGTAGGGGATTCCGGCGACGTCGCAACCTTTGCGTTCAATGCGCCAAATCAGCGTGGATACTATGACATCTACGCGACGTGGCCAGCGTCCGCAAATGCCGCGAATGTGACCTATCGCGTCACGGATTCAAATGGTGTCACGAGCGTGGTGGTCCAGCAGGTAGGGTTCTTTGGGTCGAGTGGGAACGGAACAAAAACCAACCCTTATCGCATCACCACAAATCCTTATGTGGCAAACCACACCACCGTGGGTGCCCCCAGTGAATGGGCGAGCTACTCTCCCGCGGGCTCGGGAATTTCCGAAGGTGGGCCGGAGAATCTTTACCGCTTCGACCTCCTCACAACCTCCACGGTTTTTGTGCAGGTGCAGCACTCTGGCTACCCAACCTTGGATGTGGACATCCACCTGCTGAGCGCCCCTTCAAATACTGCATGCTTGCAACGGGCCGACTGGTCCTTCACATCCTCTGAACTCGCGCCGGGTACGTATTATATATCGGTGGACACCTATCAAAACGCGAGCCGTGCCACGGCATACACCCTTACCGTAAGATTCCAAGAAAGTACACCGTTCCCGAACTCTTGGGTGAAATTGGGGACGTTCTTCTACGATCGAAATGCGGCGGGGAGCGTCCAGATTCTTGAATCCACGGTAACCGGGAAACTGGAGCCATCCGCGCCGGGGACTGTGGTCGCCGACGCAATCAAGATAGTTCCGCGGGTCTACCGGCGCACCGGGTGGATTAGCAACACGTTGGTAAGCCGAATTGATACGGGCGCGACGCCGGTCGGTTCCGTAGGTATTCGCGTAGACGCAACGACAAACTACGATTCGGATGCTTTGTCGGACTATGTAGAGGTTCCCATTTATGCATCGCCCTCGGGCACTACCTCGAATAGCTCGGCAATTGTCGGTAAGGCGGTGACGGGGCAGCGTTTCGTCTGCACAGGCCGTAATGGGGATTGGTACCGTGTGGAGTTAAGCCTTGGGACGGATTCGGTGCAGGGCTGGATCTTGGGAGATCACCTCTTTGGCTACCACCTGGATGCGGTGAGCTCGGTCGAGGACTGGAGCCTCTATTGAATCGCCCCGCGTAGGAACGCGCTTCAAGTTGAAGGCGAAAGCCCCACCTTATTAGGTTTCGGGGAAGCGCGTTCTCGACGCACAAGACCAGATCAATTGTGCATATACGCACAAATAGTCGCTTTGTAGTTGCCTTTCGCACGCCTTTTCGCTCACAATTGTGGTTGTCGGGGTGTGTTTGGAGCCGAGGAAGAGTCTGAGGTTTCCCGCGATACATACACTATCAGGCGCGGGTAGATAGCTGCAAGGCCGAGTTGGTTTTTCGAAGAGCGGAGCATTTTGGGAGGCAGACCTCCCACGCGAGAAATCTCACCTTTATTCGTCTGTTCCGCACACGAATTGTGCGTGGAGGTCTGTGTCATCATGTCGCGGTTGGTCCCAAAACCACTCCAGGGGGAATGCGGGTGGAGAGCGATCGCAGGAGCGCTCCTCATTGTCGGTCTGGTAAGCGTAGCAAGAGTATTTGCTGTCGGGAACACGCCAGTCAAACCGACGCTCTTCGCGATGCCAATGTACTTCGTGCCAAATGTGGGGCTTGCACAAGCCAAGGTGGATTACGTGGCGGAGGGTGCCGGGTATTGGGTCGGTCTGAATCATCGAGGTTTCCTATTGGCGCTTCGGCAAAGCCAGAGTGGACGTGGAGT
CP030759.1_gap2	37856	41751	3895	AGCTTTGGCAAGGTAACGAGAAACCGCATCCTGTTCACCGGTCCGCCAGGCAGCCCAAGCCGCAAGCGCGTAACTGTACGCACATCCGTTGGAAATCTCCACGACGCGGCGAAGTTCCGTAAGGGCGGCCGCTTGTGTCTGTGGATCCTCAACGGCCTGTAAGAATTTTTGCAGTTGATATGGCGAGGCGTAGCGAATCTCTTGAGCGCGCTGCTCTTCACTCATCGCGCTCCGTTTCACGAAAATTGCACTATCGTCGTCGTAGAACATGAGCGCCCATTCAGGATGCTGGCTGAGTCGGTTGACCAAATGCACTGGATCTCCAAACGCATCGCGCGCCTCGATCGCAAACGTATTGATGCCGTAGCGGGCACAGACTTGCTCAATGGTTAAGCGGTTTTCCTCAGCAGCCAAGTAATCCAACCAAGTTTGCGGAGCATAGACGTCCAGCCGCCCATCAAGAAAGACCTTTAGGCGTGGGCCGAGGAAATACATGAAATATCCGCCGAACCCGTAGCTATTGAAAAGCTGTTCCGGGGGGCGAAAGCGCTCAAGAAACTCGGTGGCGGCGCACGGTAGCATGCGGGCGTTGAGCGCGGCCACGGGCCATCCTTCGCCCGCTTCCAGCACTCCTTTCACTTGGAGGGAGCAGATGAAAATCGTTGCGGCCACGACAAGCGCCGGCACTTTGGCGCCCCACGTTCGAAGCCGGGCCTCGAGGCTTGGCAAATAGGGAAGGAGGAGAACGGGCAGGGCCGCCGCGCATAATCCTGCTTGGCGTCGCTGCCAGAGAGCAAATAGCACCAGAAATAGCGCAGCAACCACGTGCCAGTCACGGGCAGATTGTTTGTCCGTTTGCCGTCCCCGCCACATGAGGTAGGTCCCCAATGCCACAAGCGCTCCAAATCCCACATAAGCAGCCATTGGGAGGTTGAATCCGGGGAGGTAGACCATGGGCATCCACTCGAAGATGAGCATACGCACGCCTGGGATGGCGCGAATTTTTGCAGCTAATGCGAGGACGCGGACACCGTATGGATTTGCGATCCATGCGAGAAAACTCAGGAAAATGCCGCTCAGCCAAACATATCGTGCTGGCGTTGAGTACGCCCACCAAGCCCGCCAGCGGAAGAGAGCTGCGATTGCAATCAGAATGAGCCCAGCCAGAAAGCCCGCGTGGAGATTCGCCCAGAGCAGCATGACGCACGGCAAGGCAAGTCCCGCGAGAACCGCGCGGCGTGGCGAGCTCGCTGCATAGTCCCCGACCAACAGGAGCAGAGCTACCGCCGGCGTAAAGAAGATGCTCCAGAGGTCGGGGCGCGGATTGAAGCGAAGGTAGGCAGCAAGCGCTGCGGCGATCAGCACTAAAATCATTGTGTGGCCACTTCGAGCGCGTCGAACCCCAAGAAGATAAATCCCGACCCAGCAAACCGCGAGCACCGTAAACACCATTCCCACTAAGCCAGCAGGGCCGAAGCGACTAAAGAGCAGGTGCATGAGCACTGAGGCCAGCCAACCCGAAGAAATCCACTCGCGCCCCACTGCGGTGTGCGAAAAAAGATCCGTTTTCGGTATCTGGCCGTGCTCAACAACGTAGCGTCCCAAAGCCATGTGAAACCAGCAGTCGGGGTCGGCGATAGGGCGGATGGTCAAGAACCACAGGATGGCCAGTAAAGCCACGGGATACAGCCCCCAAGAAACCCAACTGCTCAGCGTTTGTGCGGAGGCCCACCCCGCGCGACTTGGTGCTGGCGAATCCCCGCGCGCTGGTGAGGCGTTCCCCGACGATTTCGGCGTGTGCTGGCGTTGGCTACGCCGCATACTCGCCCACTTTCTTGACGGTGACTTTGTCCAGCGGACGAAGTTCCATTAAGCTTCGTGCGTTGCCAAGGTTGATGCCGATCTCCAAGGTTCCCATAGAACCCCAGTACGCCAGTGGTTCGCCGGGCTTGACGTCAGCAAAAGTCTTGTGAATGCGCGGGAGGGTATACTTTCCCACGTAGATTGCGACGGCGGGTTCGCTTTGGGTTGCTTTGCGGCTCTTTTCTTTCTTCGGCGAACAGAAACTTTCGTTAAAGAGTTCGCGCGTGATGTTGGTGATGGCGTTGCCGAAACGATCGAAGTAAATGATGTTTCCTTCGATAAAGCCCCGGTCGTAGGATGCGGCGACTTGGGCAAGTCGAAAGCATTCGGTTTTCTGTGGGGCAATTGTTTTCCAATCCACGCCGCAAGCGAGATGAGCCGCCACTGGCGCAAAAATGTCGCGCCCGTGGAAGGTGCTGCTGACTTCGGGCAGGAAGTACTTAGAATTAGAAATCAGCCTACACTCGAATTTCTTGGCCGATTGCATCACCAGTCCAAGCAGGCCGTTGTTGGGGGCGATGAAAAACTTTCCGTCCGCGCAGGCGATGATAGGCTCGCGCGTCGTTCCCACTCCAGGGTCCACCACCGAAACAAAAATGGTGCCCTCCGGGAAATATCGCTGAGACGTATTAAGAATTAGCGCTGCCTCCGCAACCGCATGCGGAGAAATGCCATGAGTGAGGTCAAGGATCTCGCACTCCGGGCAAATGGATTTCATGACGCCTTTCATTGCGGCGACATACCAACCATCCCATCCAAAATCCGTGAGAAGAGCGATCAAGGGATGTTGATGCGAGCGCACGCCTTGAGCACCTGTTTTTGAGCTTGTTGCTTTTTTTTGTGATTTCGCTGCCATAAGCCTTCCTCACACGTTTGATGTCAAACTACCCGCTGTCGTTTCGAAGGCGCAAGGACCACTCGACAGGGCTCCCGCATATCTACAACACAGGCTCACTCGTCGCCGTGTCGGTTGGGAAGGAACGATCCGTTCTCCTCGTTTCGGGTACAGTAGAGGGGATCTCTCGTAGTGCAGGGTCCCTTGCGACCGGAGGAGTCGTTCGCTTGTCGTCGGCGGTCGCTGCGGTTGTGGGTTCATCGCCCTTGACTGCGGGAGAGATTGCCAAGGTTTGAGTCGCGGTGGAACTCGTTCCATTCCCGAGAGTGTGTGTCGTTGTGTCGGTACGGGATTGGGAAGGCGCTGGGCTTGGAGTTTTTTCGGGGCGCCGCGGCGGTTTGGTGAGCGCGTCGCCCGCGAACACCTGAATGCGTGGCACACCTTGTGCGCTAAAAGTGCGGAGGGGCTCCGCCCCGTAGTGAAGCGCCCGTTCAAGATTTCCAAAAAACCCTTGGCGCACCTGCAGAATGTAATAATCAAACGGTTCCGTGGCCGCGGCATACACACCCTCCGAGGACAACAGCCCCCAGCCTTGCAAGTTCTGGAAAGCTAATTCATTGAGCGCCAGCGGCTTGAATTTGGTACCCGGCTTAGTCAGCGAGTTGAGGTATTCGATCACTTCCTCATTCACGGCCTCTCCCCAGTACGAGGTTTCGAAGCCACGCTCATACGCGCCTTTGGGGCCGCCAACCAGCAAGTTGAAGTAGTTGAGTTCATTGGGGTGAACCCACCGAATCGTTGCAACGCCAACACCCACACAAATGAAAAATAACAACGCAGCCAGTGGTCGAATCCAGCGCCGAAGCATGGCCGGAACCCAAGTCCTGCGAGCGATGCCTTCGACGAACCACTCGTAGCCACCGCCAGCCAAGAGTGCAAGAAAGGCGAAAGCCCCAAAAAAGAGTCGTTCGCCGTCGTACTTAGGCGCCTTCGGCATACTACACACGGCGATAAAAGCCCCCGCCATGAGAAAGAAAAACATTGGCACCGATCGGGATTTGCAATGAGCCCATGCGCTGGCGATTCCGAGGATCGCAAGGGCAAGTATCCACGGCGGAGTACCGATGGCGGTGATCACAAGAGGGTAATGCCAAGGAGCCGGCGGTCCGTAAATGTAGCCCCATTTTTGCCCCATGT
CP030759.1_gap3	113859	118681	4822	CTGCTATAATGATGCGGGAACGATTGCTTCGATGGTGATTCTGGCAAATCGCGTAGCTCGTGAATTCACGGAGGACTATGAAATCATAGTCGTCGATGACGGAAGTCGGGATGGAAGCCGAGAGGTCTTGGACGAGCTCCAAAGCATTTTGCCAGACCGCATCAAACTGGTGTTGCACGATAAGAATCGTGGATATGGTGGCGCTCTTCGCTCGGGATTTGCAACAGCTTCGAAAGAGTGGGTGTTCTATACGGACGGTGATGCCCAGTATGATCCACGCGAATTAAGAGAGTTAATCAAGAAAGTTTCAGAGGAGGTGGACGTCGTCCAAGGGTATAAAATTAAGCGCCATGACCCTTGGTACCGGATCTTAATTGGAGAACTGTACCGACTGTCGATGAAAGTATTATTCTCACTAAAAATCCGGGATGTGGATTGTGACTTCCGTCTTATTCGGCGTAGCGTATTGCAAAAATTTCATCTTACTCAAGATAGTGGGGTGATCTGTTTAGAGCTTGTGAAGAAGCTCCACATGGCTGGGGCGCGGTTTACTGAGGTGGGGGTAACACATCATTTTCGCGCCTACGGTCACTCGCAGTTTTTTAACTTTGGCAGAATAGCTCGTGTGGGAATTGGTGTTTTGAAGCTTTGGTGGGAACTGGTGATACGACGAGAAGGGGTGTAAGACAAATGGAAGAGCTGGTGTGTCGGTTGCAATCAGAAACACCGGAGAAATGGCAGGACTTGAAATCGTTCTATCAAGGGAAACGTGTCATAATTACTGGCGGAATGGGTTTCATCGGAAGTAATTTAGCTATTGCTCTTGTTGCATTAGGTGCAGAAGTACTAATCGTGGATTCCATGATACCGGATTATGGCGGAAATGAATTTAACATTCGTCCTGTTGCCGATAAAGTGCGGATTAACATCTCTGATGTACGTGACCGCACAAGCATGGACTTCTTGGTGCGACAGTGCGAGCTGTTATTTAACTTAGCAGGATCGTTAAGTCATGTGGATAGCATGAAGGATCCATTTACGGACTTGGAGATCAATGCAGTTAGTCAGCTTAGTATTTTGGAATCTTGTCGAAAGTATAATCCCGCGGTAAAAATACTGTTTGCTGGAACCCGGGGGCAGTACGGGCGAACTCATGGTAAGCCCGTTAATGAGGACTATCCAATGCGTCCCTGTGACGTGAACGGAATTAATAATGTCGCTGGCGAAGCCTACCATCTGTTGTACAACGATGTCTACGGCATTCGAGCTTGTTCGCTTAGGCTTACAAACACCTTTGGGCCACGGCACCAAATGAAGCACCCTCGGCAGGGAGTGTTAAACTGGTTCATCCGCCAGCTTATTGATGGACAAACTATCAAGCTTTATGGAACAGGTCAGCAAATCCGGGATACGAACTACGTAGCAGACGTGGTCGAAGCGATGTTGCTGGCAATGGCAAGTGAGGAAACGAACGGGAAAGCATTTAACATTGGTGGAGAACCCCTTAGCCTCCTTCAATTCGTTCAATTGGCGATCGAAGTGAACGGAAGCGGAAAGTACGAACTCGTGCCTTTTCCGGAGAATAGTTTGAAGATCGAAGTAGGCGACTATATCGCGGATTACACAAGGTTTAAGCAGGCGGTTGGTTGGGAGCCGCGCACGCCAGTTAGGGAAGGGATTCGACGCACCTTAGATTACTATCGGAGATTCAAAGAGTACTATTGGTAAGCGGGTGCAACACGGCTTCGTGCTGGTTTTAATAGGAGTGTGGATGTGAGTGAGATGAAGGTGGCTTTTGGGAATCTGCAACGGCATGTTGCTCAGCACCGCGCTGAATACGACGCAGCCGTGGCACGTGTTCTGGATGGGGGTTGGTTTATTCTGGGCTCTGAGGGGGAAGCATTCGAACAAGAATGGGCGACAGCGGTCGGGGCGCGCTATGGAGTGGGAGTGGGCTCCGGCACGGATGCAATCCATTTGGCTTTGCGGGCACACGGCGTAGGGCCGGGGGATGTCGTAGTAACGGTTCCCAACACTTGTGTGCCGACTGCGGCGGGGATTGAGATGGCAGGTGCGCGCGTCGTGCTTTGCGATGTTGATGAAACAACTGCTCTGATGGATCCTGCGGCCTTAGCGCGCGTGGTGGCAGAGGTACGTGTGAAGGCAGTTGTTCCTGTCCATCTATATGGAGCTCCTGCTCCAATCGACGAGATCCGCAACGTCTGCCAGAGCGTGGGAGCAGTACTTATCGAAGATGCGGCTCAGGCACACTTCGCCGAGTACCACGGAAAAAGAATTGGGGGAACAGGCGGAACCGTCTGTTGGAGCTTCTACCCGAGCAAGAATCTTGGAGCGTTTGGCGACGCAGGAGCCGTGACGACGGACGATCCAGAAATCGCTGAGCAGCTTCGGATGCTGCGCAATTATGGCCAAGAACGGCGCTATTATCACAAGCTGCGAGGAACGAACAGCCGCCTTGATGAAATTCAAGCTGCCTTGTTGCGGGCAAAGCTCTGTTATCTGAACGAATGGACATTCAAGCGGAGGAGCATTGCTGCTCGCTATCGGAGCGAAATTCGTAATCCGCTGGTGCGCGTGCTCGGTGTCCCGCCGAACTGTGACTCGAGCTGCCATCTATTTCCCGTTCAGGTAGCGCAACGGGATCATTTTATTCAGTGGATGCGATCGCAAGGTGTTGAATGCCTCATTCATTATCCGGTGCCGATTCACCTCCAGGAAGCGTATCGCCATTTGGGCTATCGTCTTGGCGATTTTCCCTGTGCAGAGCGGCTTTGCGCGGAAGTAGTATCACTGCCCCTGTACCCTGAACTGACCGACGACGAGGTGGAGTGGGTAATTGATTGTGTCAACCGCTACGTCGCTTCTGCCCCAGCCCCGTGAGCAGGGTCCCTCCCCAGCTTAGCGTTTCTTGCGCTGACGTTGGCGGCGGAGTTGTTGCTGGCGTTGGCGGCGCTCGAAGAGTTTCCGCTGCAAGCGTTTGGCCCGTTCGCGTGCCGAGAGGTTCCCCCCCGTAATACTTGCGGGCGCAGCTTGGCCGTCTGCTCCCGCTGCTTTCATGCGATCCTGCATCTTGAGCACGCCCTGCATCATCTTCTTGGTTGCTTCGAATTGCTGCAGCAGAGCGTTGACTTGTTGGGGGGTAGTGCCACTACCGCGAGCGATGCGCGCTTTGCGCGAGCCGTTCAAGATTTCGGGATGTTCGCGCTCCTCGGGGGTCATCGAAAGAATGATGGCTTCCGTGCGCTTGATCTCACTCTCTGGAATGTCCACGTCTTTTAGCGCACTACCGACACCGGGGAGGAGTTCAAGCAGGTTACGCAACGGCCCCATTTTTTTCACCTGCTGCATCTGGTCGAGGAAATCCTGCAGGGTGAAGCTGGCCGTGCGCATCTTGCGTGCGAGCTCCATCGCCTGTTTCTCGTCGAAATGTTCCTGCGCCTTCTCGACGAGAGAAATCACGTCTCCCATCCCGAGGATTCGGCTGGCCATGCGGTCCGGGAAGAATTCCTGTAGGTCTTCGAGCTTCTCACCCGTGCCGATGAATTTTACCGGTTTGCCTGTGATGGCGTGAATTGAAAGCGCAGCGCCACCGCGGGCGTCGCCGTCCATTTTCGTGAGGCACACGCCGTCGATCCCGACTTTCTCATGGAATGTGGAGGCGCTTGTGACCGCATCTTGACCCGTCATTGCATCTGCCACGAGGAACGTGAACGTCGGTTTGGTCACTTCCTTGATGGCTTGCAGTTCATCCATGCGCACTTCGTCGATGTGCAGGCGGCCCGCGGTGTCCACAATGACCACATTGTAGCCGTGCTGGCGCGCATGTTCTAACGCAGCTTTGGCAATCTCGGGAGCTGGTTTATCCGTCCCCATGCTGAAGACGTCCACGCCCGCCGCCTGCCCCACGACGTGCAGTTGCTGGACTGCGGCGGGGCGGTGGATATCGCAAGCCACGAGAAGCGGTTTCCAGCCCTCTTTTGCGAGCCGACGCGCAAGTTTACCGCAAAATGTGGTCTTTCCGCTCCCCTGAAGCCCCAGCATTAATATGGTGTGCAATTGTCCCGGCGTCAGCGAAAAGGGTGGATTATTTCCCCCCAGGACTTCCACCAATTCGTCGTAGATGATTTTCACCATCTGCTGACCCGGCGTGACGGAGGTCAGCACTTCCTGCCCGAGAGCTTTTTCCTGAACGCGCGCAAGGAAGTCTTTGACCACTTTGTAGTTCACGTCCGCTTCCAGCAGCGCCATTTTCACATCGCGCATGGCTTGGCGGACGTTTGCTTCAGTAATCTGACCTTGCCCGCGAAGGTTCTTAAAAACGCTCTCAAGTTTTTCCGTCAGATTTTCAAACATGACGTCCTCTTCGTCTCATTCGCCAAAAACTGGGATTATCTACAAAGCTCAAACCGGCGGGTTCATCTTTCATTTACAGACTTCGCGATTGCGCCGCGAGGCAAAGTGTGCGCGCAAGTGCAATTTCCGCGCGATTCTCTCGTTCAGGAAAACTGCCTTCAGGCAGCAACTTCTTCACCCACTACCTCAGGCGATCGCCTCCCGGTAATCTCCTTCCATGTGAGGAAGGCCTCGACGACCAGCCAGACGGCAAGCCCAATGAGCGAGACCACGATGATGCACTGCAGGTGCTGGATAAGGGCAATGGGTTTACCTTCTCGCCACAAGGCCAGATACGGGCCCAACAGAAGCAAAAGACTCCAGAGCGTGGCGAGCATCATGAACACCGCAGGAATAAGCGTCAGCCAGTAGGCCATACGCCGCCGGGCAAGCCACACCGTCACACCCA
CP030759.1_gap4	139257	139896	639	AGGAAAATCCCACCCAGAGTTTCGTCGTCCAGCGATTCGAGATGCTCGTGAATCTTCGCAAGGAGCACACGGTGACCTTTCGCCGCGCAGTGGGCGACCATCGCCTCATCGGCGTCGATGCCGTAAGCCCGAATATTATGGACTCGCAGCAGGTCGAGGAACTCGCCTCTTCCGCAGCCTGCATCAAGCACAGGCTCTGCCCCCTCAAACCAAGCCACATATTTGGATTGCTCCGCGGCAATTTGGACCTCGCCTCCGCGAAGGCTTTCCTCAAACTCGTAAAAACTGAAGGTTGGCGAAAGGGACTGTTTAGGAGACTGCGGCGAAGCTTGCTCCGGCGAAGGAAGAGCCGCAGTATCGGCTGCGTACGCGCGCGCGACATCGGTCTGGGTGGCCAAACTCCTTTCAAGATCCTGAAGTTTTTGTGAGATCTCGTTGAGATGCGCCTCAAGGATTCGGTCGGATGCGGTTCCCGCCTCTATGCGTCGCTGGAGTTCGTCGGCAAGCGCACCCACCTGACTCTCCAAATCGCGTATACGTGGCAGAAATTTTCGGATTGTCTCAAGCTCGATTGCATAAGGCTCCCACATTTTTTGCCAAGCCTCGCTTACCGCCTGTGCCTCAACCGTTTGGGGAGAG
CP030759.1_gap5	141145	145973	4828	CTGAGTGTGGACGAACTTAACCGTGCACTCAACGATCGTGGAGTTCCTTCCTTCGAGGCGATTGCAATTCAGTCGGTGGGGGTTGTCGAAACTTTCAAGGCGATCTGCGCAGCCGTGGTCACGAAACTCAATGAGGATCTTCACGCCAAGACCTGAGGTGTCGTGAGACCGTGATTTCCCGACCAAGCCAGCTCGTGTTTGTGGATCGCCCCACCCTTCAGCGCGTGGAGCGGGAGATGCGCCGTGTTGCGCGGGAGCACCGACTAACGGCTCTTGGTCTGATTGATCGGACAGGTCTCTTGCTGGCAGCGGTGGGGGATCTCCCCCTACCACCCGATCAAATGGGAGCCACGGCTGCGGGGGTTTTCTCCGCTGTGTCCGCGATTGTGCATCCCGCCGAAGGGTTTGAGTTCACCGTCCAGTTGGCTTCGGGAGGAATTCATTTGCACTTCCGTGAAGTGGATCCACGACTGTTTTTATGCGCATTTTACATGGATCCAGCAACGTCTCTGAGTTGCTCCTCGGTGCTCCGCGACCTTAGCGAGTTAGCGAGTCATCTCCTTGCTGATCAAACTGCGGACAAGCGCAAGCTGGGCAATCTTGAGCTCATCACCGAGAAACTTGATGAGCTTTTCTCGAAGCCTAATTAGGTGAGTCTTGTCGTTCCCCGCTTTTTTTTACCATGATTGACCTGAAGACGCCGTTAGGCACTTGTCGTCATTTCCCGCACTTCTGGAATCTCTGGCCCCCAAGGCTTGGAACGGCTCCGTGCTGTTAGTAGACTTACCTTGGCGTGGGGATGTATTCTCAACGACCGGTCCTTCCATTTGCTCTTGGCAACCCCTGGCAAGCTCCAACCTCGCATTTCTTGAGTTTAACTTAAGAACAGAGAGACTATCGCTGGTTCCTAACTCCTTACTGGACAAAGAGACGCGATTGGATCGGTCTAAGCGCAGCCATAAATATACGTAAAAATTTACTTGATAAATGGGGCGATGATTGGTTGAGTGAAAGGTCAGATTTGCGCGGTTTTGTTTCCACCGCGTAAGTAGTCGACGGTCAAGCGCCGTGAGGAGGGGTGAGCGGGCTCACCTCCCCGCAGCGATTGGCCGAAAATCACTTCACAAGGAGACTTCTGTATGGCGGGTATTTTCGGCCTCGCAAAACAATTCTGCCGACTTGCGTCGGTGCTTCTATTGGCGTCCAGCGCCTCCCTCAGCGCATTTGCTCAAGGAACAAGTGCTCGGGTGTTCATGTTCCACGAGACCAAGTTTTATGATGGGCAGGTCGCAGCAACTTCTGACGTCTACCCAGATAACTTCCGCGACATGCTTGAGTTCCTCGCTCGGGCCGGCTACAATGTGATTCCAGTCTCCCAGCTCGTGGAATGGCACAAGGGCAATGCAACCATCCCCACGAATGCGGTGGTTCTAACCTTCGACGATAACTACATAGGGAACCACCAATACGCCCATCCGATCATGCAGGAGCTGGTGATGCCCGGCACTTTCTTTGCCCATACGGGTTACGTGGGGGGTCCAACCAGTCGCGACCATGGCACGTGGGCACAGCTCGACTTTTGCGAAAAGTGGGGCCTCGTGACGTGTGAGTCGCATACCGTAACCCACCCCTACCTCACGCAAACCTCGAACCTGACGTATGAGCTTGTGAATTCCAAGCAGGCCATCGAATCGAATCTGGGGAAAACCTGCCGTTACCTCGCCTACCCCTTCGGCGATTACAACAGCACGGTTATCGCGGCTGCCCAAGCTGCGGGCTATGAAGCGGCGTTCACAACCAAAGGTGGGCTAAATTACCTCACCACGCCTCGTTACGAACTTAACCGCAACGGCATCGGGATTGATGTCACCCTCAAGGGCTTCAAGTCCATTCTTGGCTACACCGGCTCGGATAGCGGTGGGCCCATCATCATCGATAATGCCGACAGCGGCTTCACAGTGACGGGGACATGGTCCACTTTGGGGTCCGCGTCGAGCAATTATGGTCATTATGGGACCAATTACCGGCAAGCAAATGTTGCAGCGACGCAAAGCGCGACCGCCCGGTTCACACCCACTCTGCCGACAACAGGCTACTACGACGTATTCACGTGGTATCAAGCGCCTACCGACCCCTACTTGAATACCGATCGCGCGCTGTATCGCATTGCCCACAAAAACGGCACGACGACCGTGTACGTCAATCAGCGGATCAACAAGGCGTGCTGGTACTACTTGGGGCGTTACCAGTTTAACTCCGGCACGAGCGGTTACGTGGAAATTAGCAACCAAGCCTCGACTGGTTCGTATGTGTGTGCGGACGCTGTGAAGTTCCAGCCTGTCTCTTCCACCGCGCCGACGCCCCTTGCGAACCCCATCATTGTGGACAACTCAACCTCCGGGCAATTCTCCACGACTGGGACTTGGTCGGATAGCACGAGCGGCTACCCGTATGGGACGAACTGTAAGGTTGCATTGGGTTCAAGCGGCGCCGCCACAGCCACCGCTTCCTGGACGGCCACAATTCCACGCCATGGAGTTTATGAAATTGGCGTGTGGTTCACTACGTCCAACGCTACGTACCGCAGCAGCCAAGTGCCTTACACTGTGGCGGCAGTCGGCGGAAACAAGACCATTCTCGTGAACCAGCAGGATTCGGCAGGTGGGGCGAAGCGTTTCGTGAATTTGGGAACCTTCCGTCTGGCCGCTGGAACATATCCCGTGGTGACCGTGAGCAATGCCATTGGCAGCAGCACCCAGTACGTGAGTGCAGACGCGGTCCGTATCCGCTGGGTCGCGAATGCGCCGACGTTCACCTCGGATAACACGAGTGGTGCTGCGTACTTTGCGACAACTGGTACATGGACGGTGAGCGCAAATGCCGGTTACTACGGCACGAATTCGTTGATCGCTCAAGCGGCGGGTGGTCTGAAAACGGCAACGTGGAAGTTCAATCTTCCCGTCGCCGGAATTTATGAACCCTCTGTCTGGTGGGTTGCGGCAAGCGACGCCTACCGCTCAACAAGCGTACCTTACACCATTACGCATGCGAGCGGCACCGCCACAGTTTACAAGAATCAGACGACGGCAGGCAGTGTGTTCAACGCTCTGGGGCAGTGGACCTTCAATGCCGGACTATCCGTGCCTGCAGTTCAGGTTAGCACCAATATCGCAGATCCCAACGACTATGTGTCAGCCGACGCTGCACGGATGACGTATCTTGGGCCGCAGTAAGCGCGGCATTCCATTATCGCGTCAACAAACGTTGCGGTGTGGGAGCGAGCAAGCACCCACACCGCATTCTCTTTCCTGTCATCGGTGCGTGGAGATAAGACTGCTGCATACTGTATAGCGCAGCGGTCGATTCTGTCTCGTCCCACGATTCTGCCCTGAGGAGGGGGACGCCTGTGCACTCTGCGCAGAATCCTTGAGGTTCCAAACTCGTAACCACAGACCGACCCCTCAGGCAGAACCCACGTAAACGCGGATGATGCTGACAAAGCGTGGTGGCTTGCCAATAGAAATCCCCTCATCTGTCTTTTTCGCGTTAGATGAGGGGATTTCGTCTAAAACGAGGTCAAGCTGAGCCCATCCACCGTGCTGTTGTTAGCAAGCACTCCGAACAGCACTGCGGAGAAGCAGTCACACTTCTGCGTCAGTTACTTGTCGCCTTTGGACGCGCAGCAGCCACCTGCAGCGGGCGTGGTTGTTTGCTTGTCGGCGTGAGCACTCGACTTATGGGTGCTGGACTGCTCACGAACCGACGAAGACTTTGTTTTGATCACGACCTGCGACGGTTTTCCAGCCGAAGAAGCGTCATTTCCAGCTTTTGCGTCTCCCGCATAAGCTTGAAGCCCGACCAACCCCAAAATTGCGCCTAAAACGACTGCAAGACGAACAGCGTTCATAATAACCCGTCCTTTGCGGAATAATTTGGTACTGTTTTAACTATCGGTGGTCACCATCGAATATTCCAAACCAGCTCGAGCCAGAAGACCGACAAATGACAGAGCTGATTTTTAACGCATTCAGAAAGAACGCTTTCTGACTTCTCGCTTGAAACGACGAGTTTTTCGCCTAATTTTGACTTTAGAATCACCCATCACGAAAGGCGCATCGTTCATGAAAACCGTGTCGGACTTCTTAGCCGCATACTCACGGATCATCGCTGCACGCGAGGCCGAAGCTAAGGAGCAGAGGATCTGTAAGCCCCCGATTGTAATCTCGCGCGAACTTGGAAGCGGCGGATATGCAATTGCCGAAAAACTCGCTCAGCGACTTGGCTTTGCCCTTTGCGATAAGGCAATCTTGGATGAAATCGCGACCCGAGCTAAAGTCCCAGCGAATTTTCTGACGATGTTGGACGAACGGCCCGCCCATGCGCTCGAGCTGCTCGGCGCAAGCCTGCTCCATGGGGTGAGTTTGACTCCCGAAGACTATGCGCGTCTGCTCAAGACCAGCATTCGCGCGGTGCTCCGTTTGGGAAGCGCGGTTATCGTCGGACGGGGGGCCATTTTTCTTGCTGAGCCCGGCAAGGCATTTCGTCTTCGTATTGTGGCTCCACTACCTCTTCGAATCCGAAACATAGCGAGTCGCTATCAAATCTCCGAAGAGGAGGCTGCAAAACGAATCGAGAAACTCGAAAAGGAGCGGCGCCAGTTCCTCTTGCGCTACTTCGGGACCGAAGAAGCCACAGCGGATTGTTTCGATCTCGCCCTCAACACCGAATGTCTGGGGCACGACGATTGTGTGGAGCTCGCGTTGGCGGCCTACGAGCGAGTCTGCAAATGCAAGGTTCACTGAGACGGCCCCCTGAGTAAAAATTGTTT
CP030759.1_gap6	201512	202372	860	TATTACGCCGCGGTGATGGTCGAGCAAGGTGATTGCGATGTGATGATTTCGGGTATTGGCTACCACTATCCCGTCGGTTTGCGACCGCCCCTGCAGATCATTGGCACCTCACCCGAATTTGGGGTAGCTGCCGGCGTTTACCTTGTTGTCACGCGTCAACGCACGCTTTTCTTTGCTGATGCCACCGTCAACATCGACCTCGATGCGGAGCGTTTGGCAAAAGTGGCGGTTCTGACCGCGCGCTTGGCGCGCAGTTTCGACATTGAGCCTCGCGTGGCGATGTTAAGCTTCTCAAACTTTGGCAGCGTGCGTCATCCCCGAACCCGTGTCGTTCAGGAAGCCGTAAAAATAGCCAGGCAGCTTGATCCAACGCTGACCATTGACGGCGAGATGCAGGCGAACACCGCTCTCAATGCCCGGCATCTCTCCGAGACCTACCCATTCAGTTTGCTCAAAGATGAAGCGAATGTGCTGATTTTCCCGGATCTCGAATCTGGCAACATCGGCTACAAGCTCGTCGCCTGCCTTGCGAACGCAGAAGTGGTCGGCCCCATTCTGGTTGGCATGCGAAAGCCTGTGCACATCTTGCAACGGGGCGATGAGGTCAAGGATATTGTCAACCTCTGCGCCATTGCAGTGGTGGAAGCGCAAGAGATGCCGTTGCAGGAATCCTAACCGCTGCGTTGTGGCGAGAAATCTGCAGCATCGAAGGACTCTTGGGCGTTGGGATGATTGCTGGTGTGTGTGGCCCCACCGCAGGGTTCAAGGGAGGAGAGAATCCCACGAGCGGAATTCTTTTTGGCATGTCCACGCTTGAGGAAGCAGAATTTCTGTTTGCGGGGAGGCCGCCCGGTGGCGAG
CP030759.1_gap7	205203	209194	3991	TGGAGCGGAGAATCGCAAAGCAAAAATCTTTCCGGGCAACGGATTTTCCCATCCGTCATGCGGGAGACAGCTGCTCAAGGAACGCAATGGCGTCCTGAGGGTCTCTCCCGTACGCAACTTGGATCTCCTGCGCGAACGAATCCGTCACGGGGGCTCCGCCAATGATCACCGGTGTATTCAGGCCCGCCTGCCGCAAGGCCGCCACGGTCGCGCGCATCTGAAGCATGGTCGTGGTGAGCAGCGCCGATAATCCCACTGCCACAACTTTTTCCTCTTGTGCCGCTTTCACAAATTGCTCAGGAGGCACGTTGGTGCCTAAATCGATGACTTCCCAACCGGCCCCCTCCACAAGCATCCGCACAAGGTTCTTGCCGATGTCATGAATGTCGCCTTGAACACTTCCCAAAACAAAGCGTCCGCGGGGAGCCGTATTTGCGGCCGCAAGGTGCGGACGCAAAACTTCCATGCCAGCTTTCATCGCTTTTGCCGCCATGAGCACTTCGGGGACGAAAATGTGACCGCTGGCAAAGCGTTCCCCCACGGTCCGCATGCCCCGCGCGAGACCTTCATTCACAATGGTCATCGCCGGGACTCCCGCTCCCAGCGCCTCTGTAACCGCTTCCTGAACGCCGATTTGGCCTACCATCGTCGGTGGATATTTTGATCTGGCGTCAGCCCGACCACAAATGACCAGCTCTGCGATTTTGGATAGATAATCCACGTTCGCCCCATCCTTTCCTTCGTCAAATACGCCAAGGGGTACTCACGCAAACTGCAACAAGATTTTCTCCCATTCCGCGAGGCCGCTCTCGCGTGAGGTTACTTGACACGCTTGCCGGATCCGGGAGAAGAGATCCACGAGACCACGATGACCTCACATACGCGGAAACCAAGGACACGATCAGCTGGACGCGGGATCGCGGTGGCACGTGAACTCGCCTCGTGCGCTGTCCTATTGGGCCTCATTTGTGTGTTTTATTTCCCCCGATTTCTCCCCTCCTCCTCGCTTGTCATGGGCGACTCGCTGGAGCAAAATGTTCAGCACCGTGTGCACGCCACCCTTGCTTTGCAGGCCGGGCGCTTACCGCATTGGTGCGATGCTGTTTTCGGTGGCTATCCGTTCCTAAGCGATCCGCAAACTGCCGTGTTCTTCCCGCCATACCTTGCCCTGTCGCTCTTTGGAGTCGAAGCCGGATCTTCGCTGGTTTTCGATACGATTGCACTGAGTTTTGTTTTTGCGGCGGCGGTGGGGGCATATCTACTGGCACGCGCAATCGGGGTGGGGCGGATTGGGGCAATTGGGGCCGGCGTCTTTTTCGGTCTCAATGGTTACATGGTCAATCATCTCAGCCACACCGTGATTACGTCAGCCATTGCCTGCGGTGTGTTTGGGATGGCCGCTCTGGTGTGGGCACTTCGTCGCGAGGATCGGCGGTGGGCTGCGGTTGCCGCCATGTGCTTTGCTTCCGCGATCCTTTGTGGGCACTGGCAAACGGCGATGTTTGGATTCTACGCGGCGGGGGTGGGTGCTCTCTTCCTTATCCTGCGCAATGCGCTGGTTGCTCGGTCCTTTAAGCCACTCCGTCGTGGGGTCATTTTGATCGTTTTGGCCTTCGGACTCGGTGTCCTCGGCGCGACTTTGCAGGTTTTGCCGACACTTGAATTCCTCAAGCATTCCACCCGGGCGAAAGTGAGCCTCGATTTTGCGACAGCGTATAGCTTGCCCGCGAAGCAGCTTCCGGGGCTTCTGATGCCTTCGCTTTATCAACCGCTCGTGTGGAGGATCCCACCGGAAAACCGCTGGGAGCTGTGCTGGAGCACGTGGGGCATTGATGGGTCGTGGGAATTTCAGTTTTGGTGTGGCATTGTTGGGTTTACCTTGATTCTTTTCGGCTGGTTTGCCCGGGCCACGCGACCCTCTGCATGGCTCCTCTTGGGCTCGGTCGTTCTCACCGTGGTGGCTTCGCTCGGCAAGGATGTGAGGCTTTACGAATGGATGTACTACCATCTTCCGGGTTGGCAACAGATCCGCATTCCTCCGCGAATGTTGTGGGTAGGTTTTTTATCTGGAGCGCTGCTTGTCGGGATGGGCTTAGAGGTCGTTGCAACTCGCCCACGCTGGCCGGCACGGCGCATCGCAGCTCCTCTCACTGCCATTGTGCTCGTGGCATTGGCAATGGGCGGCATGTACATGATTCTCTGGGCACTTCAGCTCACGGGCACGTGGGCAAGTGCGCTGGAGATGCTCTTCGTGATCAACCCTCTCTATCGTATTGGGGTCCACCGCACTCAAACGGACTTCCTGCGCGACATGGCGGAGCAATTTGCCATCGGCGGCGGAACACTTGCGTTGGCCCTTGTGTGGCTTTTCTTGGTTGGCAAGCGACGCCACCCTGCGCCGCTTCTTGCCTTTACTGCCGTGCTGCTTATGTTTGGCGAGCTGGTCGTCTATGGAGTCCACAAGAACATTGGAGTCGGCAATCCCGGTTACAGCACGGCTATTACGCCTATGCATGCTGGGCTACCCGAGCGTCCCGCTGGGAGGTTGCACAGTTTCTATCCGGGGCCGTGGGAGAAGAACACTGGGGAGTCCTCTGGGATTCCCTACACGGGTGGCTACAATCCTCTCCAGCTTGCTTGGGTGAACCCCTTCGTTCCCCCTGAGGAATCAAGTCGTGGCCTCCGAACCCGCGAGAACGGGCTGGATGTTTGGAACGTGACGGACATCGCGGTTCCGGCTGGTGGTGTCGATGTGCAATTGGCTTCGGCCTCAGTCCACCTGTCTACGGGGACTCAGACTGTGTTGCTCAGCCAGAGCGATCCCCAAGCACCGGACGAATTAACCTTCGATTTTGGGGAAGGGAGGCCACTTAAGCGCGTGCACCTCGTGAGTGGGGCCATGGGATGTCTCGGTTTCGACGATGGAACGACAGTGGGAATCGTGGAGTTTCTCGGTCCGCAGCATGATACGGTAGCCAGTGCACCACTACGTTTGGGAATGGAAACCGCCGAGTGGACGTACGACCAGCACGCCACTCCTACTTTGGTCCGCCACCAGCGGCCGCGATCCGCATTTACTGAGTTTAACGCAGGATACACAACCGGAGGGCTCACGTTTTTCCTCGGATCCTTTGAGGTCCCCACGACCGAAGTCCGATCGGTGCGCATTCGCGCCGAACTTGAAGCGCCGCGCTGGCTCGCCGTGACCCATCTGATCGCGGAGGACGACAGCGGGCAGCTCGACGCTCGGGTGGCATTGGAAGGATTGGGCTACCGGCAGCTTGGCTCAAAACACCCTGCGTGGATCTATTTACGTCGCCCCGAGCCCCCTGGATGGGCGTGGCTTGTTCCCTCAGCTGTTCCAGTTAGCTACAAGAAGAACTTTCAGTGGGTGATCCAGCGGTACAATGATCCCGCGTGGGATCCGCGCAAGGTTGTGCTGGTGGATAAGCACCAATTGTTGCGGGTGGGAGAGGTGGCAGCGTTCAACGCAGCGGAGCCCGAGAGCTTTGCCGGCGAGGTGGAGATTGCGCACCCGGTCCCTGAATACTGGCGATTTCGTATCCGGACGAACGATCGAGGATGGCTTGGGATCTCTCAGGCGTGGTACCCCGGCTGGCGCGCGACTCTCGACGGCGCGGACGTGACACCGCAATTACTCCGCGCGAACGGAGGGCACACAGCTTTACCCGTGCCTGCGGGCGAGCACGTGCTCGAGTTGAACTACTCAACGCCATGGTTCTGGCTTGGGGCTTTGCTGTCAGCCTTCGCGTGGTTCTCGATAATACTCGTAGCGCTCGTACCTCCCCACAGAGCGCCTCCTAATTCCCGGCAGCTTGCTGCGAGCAATTGCTAAAAAGCCTTGCTACTTTCGGGACGTGTAGCTACTCGGTGCCGTGAAGTCTTGCAAATGGGCGAGTTGAAAAGCTGTGTATGGGCTCTTCCTTTAGCCCGAGCAGAAATAGGGATAACACCCCACTCGCTGCGATTC
CP030759.1_gap8	210656	212582	1926	TCGGTCGGGCCGCGTGCAGCTTACGGAGGATGTGTTCACCGATCCAAGATTTTCTCCATGGCGCAAACAAGCCATCGAAGCTGGTTTCTGTACGTCTGCAGCCTTTCCCCTCACAAGTCGAGGTCAAACCTTCGGAGCACTCAACGTATATTCCGATCAAGCGGGGTTCTTTTCTGCCCGACGTTTAGAGGTCTTTCAGACCTTTGCCCATTTGGCTGCAGCGGCGCTTCAGAACGCGTTCTTATATGAAACGGCCCAAGAGCGTCTGGCGCGCCTCGAGGCGCTGCATTCAATCGACATTGCGATGGCGGATCGCGTCTCACTCGCGACCCCTCTCGAGGAACTCCTCAAACAACTGCGCGATCGCTTGGGAGTCGATGTGGCCCTGCTTTTCACCTATGACCCTGAACGTCACGAGCTTTTATGTACTGCCTATTACGGGGCAAACAGCCCTCCGACTCAGCCGATCGTGAAGCTTGGGCATTATTTTGCCGGGACAGCTGCGGCGCAGCAGAGAAGAGTGGTCGTAGAAAATGTGCCAGAGGCGTTAGACCGCTTTTTTGACGCCAACTGGGTACGCGCTGAAAAGCTTCAGTGGGGGTGTGCTGTGCCCTTACTCAGGGGTACCGAGTTGCTCGGCGTGATGGAAATCTTTCAGCGGCGGCCTTTTCAGCCTGATCCCGAGTGGTTTGCTTTTTTGGAAATGTTGGCGGGCCAAGCAGCCATAGCAGTGGATCTCGCTAAACAAGCACACGAAGCTGAGGCAGCCGCCATTGCATTGCGTGACGCCTACGACGCAACAATAGAAGGTTGGTCACGAGCCATAGACTTAAGGGATCACGAGACTAAAGGACACTCCCAGCGCGTGGCGGACCTCACCGTGCGGTTAGCTTGGGCGGTAGGAGTCGAGCCGGAGCAGATTATCCATATTCGTCGCGGGGCACTGCTTCACGATGTGGGCAAACTCGGAGTGCCGGATGCAATTTTGCGAAAGCCGGGGCCCCTCACACCAGAAGAGTGGGAGATCATGCGTAAGCACCCGCAGTACGCGATGGACATGCTGGGAGAGATCGAATTTCTCCGGCCTGCTCTCGAAATCCCGTACTGTCACCACGAGAAGTGGGACGGAAGCGGCTATCCACGCGGCTTGAAAGGAGAAGAAATTCCGTTATCCGCGAGACTTTTTGCTGTGGTAGACGTGTGGGATGCCCTTGCCAGCGACCGGCCCTATCGGGCAGCATGGCCCCACGACTGGATCGTCGAGTATATTCGCGAGCAATCTGGGAAACACTTTGACCCCAAGGTGGTCGAGGTTTTCCTCGAGATGATTCAGAAGCTCTCGTTGCGGAATCATCGGTAATACTTCAACGTGGACGTCTCCGACATGCTATCCTTTGACAGCCGTAGTTGCGCACCGAGTGGCGCGAAATTTGGCAGATAAAGCCGCGTAGCTGGGGGAAAAGGCCCTACGGCTTTCGCCCTAATTTCCACGCAAGCGGAATCTCGATTTGGCAATATGCCATAGGATCAAGTGTGTGCCAACATCGAGGAAGGACAAAGGGAACGTCTCACTTCTTGGACCAGATCCCGCGGCGGGCATCTCGTGCCGCCCGCTCGGCCGCGTAGTATTCTGACAGGTCTTGGAACGGGAGGAAATCCGCGGGCTCGACATAGCCGTAGCCCTGCTCCAACATGTAGCGATTCAGTTCTGTTCCGTCAGCCAACGTCACTAACCCAAGCAGATTGCCGTCCGGATCTCGCAGCGGCTCATCAAAAACAATACGAACTTGCTGGGTGCGCGTCAGTTCGCGGAGTCGTCGCATGCCCTCACGAACATAATAACGGATCACATCGTCGGGGTCTCGCTCCGAAAACATCCGCACTCCCCGCAAACGCACTTCTTCACCGTTCTCGAGAAGGAGGATG
CP030759.1_gap9	254694	256715	2021	ACTCGTCTTTCCCACACCGCCCTTGCCGCTGGTGATTGCAATGACACGGGCATAATTGCTGCCTTTTATGGGAAGGGGATGTTTGGCACGGATTTCTTGGATGGACGACTTGAGCTCCCGCTTTACCTCCTCGATCGTAAAACCGCGCTTATAGATAAGCTCCTTGATGCGCGTCAGAATGGCGATGTGGTCTTCGGTAAACTCGTTTTTCCCGAGCTCCATTTCACTGAAGGTGAGGAATTCGCGAAAGGCATTTTCGTAGAAGCGGATTTCGCTTTCTTCGAGCCCGGTCTTTTCGACGACCTGTTTAATAGAGAATTTGCGTATCATTGGGTGCGCTACCCTCCGCTGGTGCCTTCCTCAGCGTTTGCGCCTCCGGCTCAAACGCTGCCGATCTGCATCGGTCACTGTCGCTGGTGCACGCTCCTTGCTGGCGATCGTCCATAGGACCTCGGACCACGATAGCCAGCACACTGTTCAACTTCTTCGCTCCTTAGACGAAAAGAGGCGTTTTTTGTCAATAAGTAATGTTGAAAAATTGTCCTCCGGGCATCGTCCGTCAATTTTGGGCTGATCGCTTGCGTGTCGGTATACGATGGGCCAGCGACAAAAAACGAAACGTGAATGCCCGGGGGCAGATAGCGATATTTTGCGACCAAGCCGAAGGCACCACGATGAAACTTACAGTAAATGGCAAAAACGAAACCGTAAGCGACGAAGTGCGGACCATCGTCGATCTTCTTGCTGCGTTGAACATTCCGCGCGAGCAGGTCGCGGTCATGCTCAACGGCGATGTGATTCGTCGAGCGGACCACGAGCAAACCGAGCTCCACGACGGTGACACAGTCGAGATCATCACCATCGTCGGCGGAGGGCAGTGAGCGCGGGCGTCAGTCCTTCCGCTCGAGAATCGCGTCGAACTGATCGCGGGTTAGACGGAATGGATACCATTCTTTCATATGTCGCGCGCCGTAGCGCTTGAAGAACTCCTGCGCACTGACGTTCCAATCCAACGTCACCCATTCCATCCGTCCGCATCCACGCTCTTTGGCGATCTCGACACATTTTCGGAAAAGCGCCGACCCAACTTTGTAGCCGCGATATTCTGGTAAGACAAAGATGTCTTCTAAATACAGCGTCGGTAAGGCAAGGAAGGTGGAGTACGTCTCGAACACGAATGCGTAGCCAACGGCTTTCCCGTCTACTTCAGCCAAATAGACCTCGAATCGGGGATGCGGGGCAAAAGCATCCCGGATGAGCCGCCGCTGAGCTTCTTCATCCGGCGGGGTGAGTTTTTCATAATCCGCCAGAGCGAGAATCAGCCGGATCATCGCGTCGGCATCTTCCGGCTGCGCACGGCGCACAATAACTGGCTTTGGCATTTGATTTTCCATGCTCCAAATCCTGCAGAGAAAGTGCGTTCGGGGGTCAAAGAAAAACGTGGCAGATTTCTGCCACGTCACCTTGCGAAGCCTTGCGCAGCGCGCCTACTTGTTCTCTGAAAGTTGCGCCGAGCTTCCCAAACCAACAGCGTAGCGTACTTTTCCCTTATGCTATTACGAAGCTTCGGAAGTTGGGGGCTGAGGGGCTTGTTTCTTGGGCGCGAATCCACCGCCCTCCATCCCGAAGGTTCGTAGCATTTCTAACGGGAAGGGGAAGACGATGGTTGAGCTCTTCTCAGCACTAATCTCAACCAGCGTCTGGAGATAACGCATCTGCATGGCCATTGGGTGGGCGGCCATCATGTCAGCGGCAGCCACGAGCTTCTCGGCAGCTTGGAATTCCCCCTCTGCGCCAATCACTTTTGCACGCCGCTCGCGCTCTGCCTCTGCCTGACGAGCCATGGCGCGCTGCATCTCTTGGGGCAGATCGACTTTCTTAATTTCAACAGCTGTAACCTTTACGCCCCAGGCATCTGTCTGCTTATCCAAAATCGATTGAAGCTCAATATTGAGCTTTTCGCGTTCGGCCAGCAGATCGTCCAATTCGACCTGCCCCAACACGCTTCGCAGGGTGGTCTG
CP030759.1_gap10	263456	266042	2586	GTAGGTGAAGGTTCCCAGTGCCGTTTGTTGGCCTTTGCGCTCGGGGGCCCCAATGAGCCGCCGCACAAGCCGATTGGTGTTGCCGGCACTCACGCGCACCCGAGCGATCTCCTCGCTCAAGGCCTCAGGCGGTGTCTTCCAAACTTTTTGAGTGTACGGGCGGATAATGAGTTCGTAGACGCCGCGACCAAATGCGTGAACCATGGCCTCGGCATAATTCGAAGGCTGCTTGATCAGCGCACGAAGGCGCCCTCCTACCGCACTAAGCGCCAAGAAGCCCATTCTGAGGAAACCCATTTCGCGAAGCAGTTCCGTAGCTCGCACGGGGTAAGTGTAGAAATGGTTCTGCAGGAGGAGTTCGCTCCTACGTTCGACGACCAATGCTTGGTCCGACTCGATGAGCTCAGGGAGCAGGCGTTCGATCTCGGGCAGCTCCGTATAAATTCGATGCGGGCCGAGATCAGCCGAAAACTGCCCGATCTGCCATTTGCGCGCCAAACCGCCTGCGGTCGCTTCTTGCTCGAAGACGTAGACCTCCCAGTGGGGCTGGAGCTCCAGCAATCGGTAGGCAGCAGCAAGCCCGGCAACTCCCGCTCCGAGAATGACTACACGAGTCACTGTTCTGCGGGCTCCTTGCCTTTCACCGCTGAGTGGACTGTGTTCACGCGTTCAGACGACTGCATTGAGCAGATGATTCTCATCGGAGTGTTCGCTTTTGTTACTGGAGCGAATCACCGCAAATTCACTGTTGGGTCGGGAATCCTCGTCCGTACAAGGATAGCTTCTCTCTGTGATAAGCGAAACATAAGTTTCGCTACTCTGGGCGTGGGGGCAGGATCCCCTGAACCATGGGAAGGGGGACTGGCTGAATAGAGGGGTTGGCTGCGGGCCCCGAAACGCGAAAAGCCATGATCCATCGACCCAAGGTTCGATCGGCAAATCTTGCGAGTTCGTCAACGATGGGAAGCCCTCCAAGAAGCGTGGATTCGAAAATGTTTAGCCGCACGATTGAATCGATGCTGTGGTTTTGGAGGAAATACTTCCCGTGCAGTTCAAGCAGCAGGCCTTCTGTTTCCAACGCAACGTGATCGCACGTCAGCACGCCGTCTTTGATTCGGAATTCGGTGTTTGGCTTGGAATTGTAGACCGATTTTTCAAAGAATCCTCGGCGCGTCTGCGTCAAATTCAGGAATTGAAAGAGACGGAGTATAAAGGGGAGGCGTCCTACTTCTACCTCGTAGAGCGTCGCCGAGCCGCTGCCCGACAGTCGCGAGGAATCGGCGCGGACTCCTTCAAGCGAAATTCGGGCGGTGATGGTGCCGTTGACAGTGCGCGGATCCGTAAAGACCCAGCGCATCACAGGAGGGATCTGCACATGCTCGAGATTCACTTGAGCTCCCCAGCGAGGAAAGTTGGCAGGCTCGTCTTTGCGTGAGATAATGTAACCTTCTCCTGCCATGATGCCGCCGAATCCCTCGATTCGTACACGGCGAAATTCGGTACGTCGTTCTGGCTCTCCTTGAGTGTAGAAATACGCCACCACCCCAGTTCCACGCCCAGCTTGGAGGCCTTTGTATGTGACGCGGTTCGCTGAAAACGTACCTTCCAATTCAAAGTGCCTGTGTCCCTGCGGGGGAGGACCACCCCGTGGGGCCTCCATGCCCCAGCCCGTCAACCAAGTGTCGAGCTTGGCTTCGCCCTCGGTTTCAGCACGAAAGATAATTTTCGGGAGGTTGCCCGGCACAAATGTAATTGTTCCGCTGACACGGCAATTCTTTGTGTCTGCCATGTCACATGTCGCCGGCTGCCCCTCCGGTACAAGCAAAGTGATGCCGTCCAAAATGCCCGTTCCTCGAAAGTTTGCGAGCTCAGCGCGTGGGACCGAAAGACCGTAGGGGAGTGTTCGAGCCGGAGGCATGGAACGATGGCGGATCGTTGCCCCGCGCTCGTTGTTGCCTACTGTTACAGTGCCTTTGAGTTGAAAGGTTCCATCTTGAAATGCGGAACTGATCCGACGGGGAAGTTCCGTGAGGCTCGCCACGGGTCGAAGCGAGTTGCTCGCTGTGGCCTGCCCCGCGCTCGGCGTCATAAGCTGAATTCGCACGTCTCCTTGCGCCGGACCTGCCAGCTCATACCACCGCGCGATTTTCGGAGAAATGCGCATCAACGTCTCTAAGTCAAAACTTGAGCGAGCTGCGATCGTCACCTGTTTCGCGTCGGCGCTAAAGTCCGCCGTAAGGGGAGTTCCGTTGACCTCGGCGGCTACTTTTGAAATCTCAAGATTGCCCGTAGTGCTCTGGTAACGTAGTTGCGCATTTGCTCGGCGGATATCCGCGTCCACAACATCGTTGCGGAGGCTAAATCCTGCGTTTGCCACTGTACCCTCGACACTAAACGATGATTTGGGAATATCCGTCAGGGGAATGGCAAACCGCAGACGAGCTTCTGCGGCTCCTGTTACATTGCTCGCCGGCAAAGGACGTTGGGAGTTGCGCGAGAGGTACCCGACCAGCTCCGCCAATTCAAGTTTCACAGTCGCTGTTCCAGTCGCCACGGCGTTCTCCCAAAAGCCACCCGTGCCGCTGA
CP030759.1_gap11	267862	270669	2807	TACCGCAGTTGGTCGGCCGATGTAGCTCTGCGACACAAAACCTCGGCATCATCCGTGGCTTGCATTCCTCCGCAGCGTTCCAAGAGAATACTTGTGTTATGGTCATCACCGGTTTCAAGGCTGGAAAACGCAAGAGCGATCCTTTCACCGTCGAACTCTCTACGGGAGACACCTTCCAATTAGACGCCGAATTAATCGTTCGGTTCCAGCTCAAAAAAGGAATGGAGCTGAATACCGATTTTCGGCAAAGACTTGAAGAAGAGCAGGCCACGCTGTTGGCGCGCCGTCGGTTGGTGCGGTATTTGTCAGGTCGGCGAAAAACCAAAAAAGAAGCCGAAGAGTATCTACGCAGATTGGGATTCAAGGACCGCGCAGTTGCCGCTGCAATCCAAGGGGCCACGGAGTTAGGGTTGCTCAACGATGAAAGCTATGCGATCGCATATCGGCGTACGCAGGAGCGCATTTCGGCAAAAGGCTACCGCGCCATTGAGCACGAACTCATCGCAAGAGGCGTTGCACCCAGCGTTGCCCGCAAGGCCATTGCGGATGCCACTTCGCGTGAATACCAGCTGCAACTCGCGAACCAACTTGCAGAAAAACGGAGGCGTGCACTGGCCGATCTTGACCCTATGAAAGGGCGTCAGCGGCTGAGCAACTTTCTTCTGCGTCGCGGGTTCGATGCTGAGGTCGTCTCAGAAGTTGTGCGAAAGTTTTACGGGGATTCAGAAAACGATTGAAAACCGTAGGTTGACGAAGGCGAACAAAACATCACACATTCGTTAGATTGTGCTGCGGGCACGGCTTGTAACAGCCCGCAACGGACAGCGGTGCCAAAATGCTAAATTGTTATCAGAGGGACAGACGCGATGCGAGCGGAAGATCTACGAGGTAAAACGATTGCTTTTGCGGCTTCAGGCGGATTGGACAGTTGCACTATCACCCGCTGGCTGGCTGATCAGGGGGTGAAGGTGGTGTGTGTGACTTTGGATCTTGGCCAGCCCGATGATCCGGATCTTGAAGCCGTACGTCAGCGAATGCTGGCGTCAGGGGCCGCCGAAGCGCACGTACTGGACGGCCGTGAAGCTCTGGCTCGCGAGGGCATGAAGGTCATCCATGCACAAGCAAAATATGAAGGTGACTATTGGAACACGACCGGCATTGCTCGCCACGTCACCACTCGCATCATTCTGGATTTCATGCGCCAGCGTGGGATTACCGTTCTTAGCCATGGTGCAACAGGTCGCGGCAACGACCAAGTCCGCTTTCAAATTGTCACCAACATGCTTGAGCCAGACTTTCAGGTCTATGCCCCATGGCGAGATGAGTCGTTCCTGCATGCCTTTGGTGGGCGAAAAGAGATGATTGATTTTTGCCTCGAGCGCGGCATCCCCATCAAGGCCTCTCACGATAAGCCCTATAGCACCGACGCAAATTTGCTTGGTTTGACTCATGAAGCGGGAAAACTCGAATCGCTGAAAGAAGGAGCCTTCAGCATCGATCCGGAATTTGGGGTGCTTCCCACGCAGGCGCCCGATACGCCGGAGCGCTTTGTCGTCCGGTTCGAACAGGGCATGCCCGTTGCGGTGAATGGAAAACCTGTCAGCATCCTTGAGGCATTCCAAGAGGCAAATGCCGCTGGCGGCCGGAATGGCGTGGGAATTGCCTTGCACCTTGTGGAAAACCGCTTTGTAGGGATCAAATCGCGCGGAGTTTATGAAACCCCTGCCATGGCAGTGTTGGGCCGTGCCTACGAGTATCTTCTCCAACTCATCTTGGACCGGCGTGCGCGGCGACTCTTCACAACGTTGTCGGAGTACCTCGCGGAGCAGATCTATCAAGGGTATTGGTTTGATACCGGCTCAGCGGCAGCAAAGGAAGCCGTAGCGGCGTTCACCCAATTTGCCACCGGAACCATCGCCCTCGACCTCTACAAAGGGAACGCGATTTTTGCTTATGCTGAAGATGTTCCGCATTGTGTTTACTCGGAGACCGCCGCATCCATGGAGAAGGTCGGGGAATTTAACCACGCCGACTCGGAAGGCTTCCTGAATGTGTTGGGTGTCTCGGCGCGAATTCTTGCTCGTGCGGGGCAGGTCAACCGTCAGTAGGCGCGGTTCAGACTTCTCTGCTGCCGCGTGAGCGCCCCACAGAGCTTGCACACGGGCTTGAGCTCGCAAGCGGCACATGCCCGCAGGCTTGGCTGTGTTGGGCATTCTTGCAGAATCCCAAGGTGACACAGCGCAAAATCATAGCGCGTGGGATCGTGCGGAGAAATCTGCCGGAACGCCTCGGTGACTTTTCGTGCTGCTTTCAATGAGGCGCTGGAACCTTCCAAAAGTCCGAGGTTGGCGGTAATCCGCCGGATGTGGCTATCGAGCGGCATGAGGAGCTTGCTTGGCGAAACGCTTGGCCATAGGCCAAGATCAATGCCGTCTCGTGGGCGCACAACCCACCGGAGAAAAAGAAACCAACGCTTGCATGCACTCCCGGCTGCCGGGCGTGGTACAAGATGCTTAAAGGAGTGTTTCGCAAGGATGCGCTCCTTGTTGTAACCTCGGGGCAGCGGTTCGTCCAACAGGCGTCCGACAAAGCGATCTAATGCTGGCGCCAAGTCCACGTCGCGCTCATCCACACACTCCCGAAACCTTGCTTCAAGGGAGGCCTTCCTGGTGAAGCGATGGAGCAAGGCGCACATGGCCGCAAGGTCCTCTCCCTCCGTGAAGCGATGCTTGAAATCCTCAAGCCGGCGGATTGCATCCCGTGGCTGAAAATCGCGGACAAACGCCGCCGGTTGCCAGTCCATGCGT
CP030759.1_gap12	377477	381847	4370	CTCATTTGTGTTTTCGACCTTTAGCTCGCCTCCGTGTTGTTTCACAATTTGGTAGGCAATTGAAAGGCCGAGCCCCGTCCCTTGTTCCTTTGTAGTGAAAAAGGGCTCAAACACGCGTTCGCGCACCGCTTCTGGTATCTGAGAGCCCGTATTTTCAACCGCGATGATTACGGGCAATTGTGTATCCGGCTGCATTTCTGTTCTGACGACAATCCGGCCTCCCGGCGGCGTTGCTTGAAACGCGTTCACAAGAATGTTCATCAATGCTTGAACGAATTTCTCTTCGGCAAGGGCGACAAGCGGAAGTGAGTGCTGATAATGTTCGACAAGCTCGACATTTTCAGCCAACTGAGCATTCGGATTGTTGCGTGCCATAAACACCGCTTTGCGAACCACGGAATGGACGTCCTGCGGGCGGAGGGAAGTGACAGTAGCCGCTGAAAAATCCTGAACTTCACGAACGAGTTTATCTAACCGTTCGGTTTCTTGAAGGATAACACGCAAGTATTCCCGTGCTTTTGCACTCAAACTTTCGTCCTCACTCAAAAGTTGAGCGAGGCCGCGGATCGCCCCCAACGGATTGCGTATCTCATGCGTCAATCCTGCAGCAAAAGTCCCAAGGGTCGCAAGTTGGTCCGTGCGCGCCATTTGTTTGTAGAATCGTTCCCATTCCTCTAAATCTCGCAGGTTGACCATCATTCCGAAGGCCTGGCCGGCGCGGTCGCGCAAGATCGAAGTGTGAACACACACGGCTAATTTTCGTCCTTCATCTTCCAGCCAAAGCTTACGCAGAACAACCGGCTCCCGTTTCCACAGGGACTCTTCGATAAGGCTAAGCAGCGGAGCAAATGCCCGCGAGCTCAGCATGGCTTTCAGTGGCTTCCCAATCGCAGCACCCGCTTCCAGCCCTAACATCTTCTCGGCGGCACTGTTCATGGCGGTGACGCTGCCATGAATATCCAACGTAATTAGCCCACCTGTGAAACTCTCGAGAATGAATTGATTGCGCGTGTGAATGAAACGGTTCAGCGATTCAACCATATCGTCGAAACTGTGGCCAAGGGCTCCAAAGTCATCGGGACGTTCGATCGCCGCTTTTTCAGAGAAATTCCCACGGGCTACTTTATGGCTAAGGTAAATGATTTTGCGGATTGGTTCAGTGATGGAATACGCCGCTGCAAAGCCAACGATTGCCCCCACCACGTCCATCAGAATCATTGCGATAATCCAGTTGCGCGCAAACGCGCTCATCCGTTCGGATGCGAATCGGTTTGTCAGGGTACCGATTAGGGCAGGATTCCCGAACTCCGTTTCTACCAGCTGATAAAATGCGCCCGCAACAATTGAGATGATAAGAACGATAAGGAGCGGAAAGGCAATCAGCAGGCGCACCCGAACTTTCTTCGTGATTGAGGGTGATACCAGCGATTGTTCTGACCCGCTCACGTCTATGGGTTCTTTTGCGTTCGCTTGGTCTTCAAAAGTCAGGTTCATGGAGTCCACCCATTCGCGGGGAATGATGAAAGGGAACACCTTGCAAGACAAGTTTTCTTTGCTTGCTCGGCATGTCAGATTTCATTGCGTCGTTTGTCGAGAATGCGCCACGATGCATCTGTATGAAGAGTGGGCGAAAAAGATTTATGGATAGAGGCGTGCGGGTTGTTGCATGGGGGGTGAGCGTCCTCCTGCTGACCTTACTGGTCTCCTGCGCCCAAAACGAGCGGCACTTCGAGAAGGCCAAAAAACTCGTTCGGGGACCAACTACCGCCCAGCCTACGCCCATGGCCTCTCGTGACGAAAACGCGCTGGATTTGCGCAGTGCCGACGTCGAATCGGAGCGATATCTTCCCGTTCAAGAACGTCTTGCACGTCGCCAACGGACTATCGGGCAGGTTCTTGCCCGATTCGGCCCCGCTCGCTCCCAGTGACCCATCCCTCGGCAGGCCCATTTGGCGCCGTGGGAGCCCAAAGCCTGTGTCGTGGCAAAAATAGAGGCCGCGTGGGGCAGCCCCACACGGCCAAACAGTTCGAAGCTCAGGCTTGTCAGTGACGTTAGGCTTAGTACTTGCGCGGAGGGGGCGCCTGCTGCGCGTCCATGTAGCCCTCTTCGTAGGCTTGCTTCTTCTCGAGCTCTTGGTTCTTTTGCCGCTCGCGATTCAGCTCCATCTGGCTTCCCACGAGAGCACCGCCGAGCGTTCCGACACCCGCGCCAATCAGCGCTCCCTTGCCTTTATTCTTGCTGGCAAGTGCCCCTACGGCTGCGCCGCCCAAGCCGCCAACTGCCGCAGAACCCAGCGTCGTATTTCCGGGTGCGTTTGCCGTTGTCGTGTCGCAGCCACTCAAACAGATTCCAAGTCCCGCGATAATCGCCACAGCAACCAACTTCTTCATGAATCCAAGCTCCTTCGAGAATTTGTCAGCTTAATCGCAAATGTATAACAACACTTGCTTCTCTACATTTCCAACAAAATATGCTTATTACCTACCTGCCCCAAGTCGCGTGGAAATAGCTCCATGGATAATTCTCATGACCAAGTTGTGCAATGTTTCAATGTCGAGAGTGGCATCAAGCTGAACCCACTGCGAGAACTGCATCTGCTCGAACATTTTTGCTACCCGTTCCTGATAGGCCTGTTGCTCAAACAGGTTCAAACCCGTGTCTCTGGACTGGCGAATTCTTTGGAGGCAAATTTCCACGGGTAGATGGAAATAGAGAATGAGATCCGGGACCGGGGCGATCTTCTCATTTTCCCGCTGAATCATCGCGGGATCGAGACCCAGTGCGCCTTGGTATGCCATGGAGGAAAGATAATAACGGTCAATGCAGACGATTGCGCCGCGCTCGAGGGCGGGGCGAATGTTGCGCTCCACGTCCTCTTTGCGGTCCAAAAGAAATAACTCGAATTCCTCGTGGGGCGAAATCTTCTCGCGTCCTGCCACCATGAGCTCCCGCAAGCGCTTTCCATAAGGGCCATCTGTGGGCTCGCGAAGGTAGACAGCATCAAAGCCTTCGTCTTGGAGCCGGGCAACCGCCATCTTTGCCTGAGTTGTCTTGCCGGCGCCATCAATCCCTTCAAAAGCAATCAATAACCCACCGCGCAAGCGTCGCGGAGTCAGTTTCTCATCCTCGTTTCTGACGGTTTCCATAACTTTAGGTTGCGATTTGCAACCCACATGAAAATGCAATCTCAAGTCCGAAAGCGAACCCAAGCTTTGCGAAATTCTGGCCGGTGCGTGTCGTGTGCTGCTTCCCGAAGGGGATGGCCTACTTGCGGCCTCAGTTGCCCTGTCGTATTTCCTCGGTGAATAAGCTCCGCTTAAGGGAGCTAAGACAGGACGCATGCGTGGGACATAGCGCTACGTTAGCGTTCCATGCCGTGCCATTACACACGCCGGTGCAACGGGTGCATGGGTGCGCTGTGGGGTGCGCGAGCAGCCTCATAAGCGTCGAGCCCCTGGGGATTGCACCGGCGGAGGATCACAACCCGAAAGGAGTCATTCTCATGGTTAATATAACCATGAAACAGCTTTTGGAAGCTGGGGTGCACTTCGGACACCAGAGTCGCCGCTGGAACCCGAAGATGAAGCCCTACATTTACACCGAGCGCAACGGCATCTACATTATTGACCTGAAGAAAACCCTCAAAATGTTGCGCGATGCCTGCCGGTTCGTGCGCGACGCCGTCGCAGACGGCAAGACCGTCCTTTTTGTCGGCACAAAAAAACAGGCAAAAGATTCCATTTACGAAGCTGCGCGCGACTGCAACATGTTCTACGTCAACAACCGCTGGCTCGGTGGCATGTTGACCAATTTCCGGACTGTTCGACGAAGCGTGATGCGCTTGCTTGAAATCGAGCGCATGGAGCAAGACGGCACGCTCCAACAGTACTCGAAAAAAGAACAGGCCATGATTCTTCGCGAAAAGGTGGGACTCGAGAAGAACCTCGCCGGCGTGAAAAAGATGGATCAATTGCCGGGGGTCCTCTTCGTTGTGGATCCACATAAAGAAGCCATTGCAGTCAAGGAGGCGCGTAAGCTCCACATTCCGGTGGTCGCAATCGTTGATACGAACTGTGATCCCGACATGGTGGACTGGGTCATCCCGGGAAATGACGACGCAATCCGCGCTGTAAAGCTCATTTCCCAGAAAATCGCCGAGAGTGTTCACGAAGGCTTATTGGCCCGCGCCGATACCGGCCAGCCTCTTCAGACCGAGTTGCCGGCTGCTCCGCCGACGGTTGACATTGAGAGCCTTGAGCGCCGCATGAAGTATGACACCGAAGAGGATGAAGAAGAGGGCGGCGAGATCGACTACGAAGCCGTCGCTTTGGCGGAGCCCGATGAGGAAATCCTCGCTGCTAAGCAGGAA
CP030759.1_gap13	404616	407742	3126	AGCGCGCAAGCCAGGACCGCTTTTTCTTATGCATCGAGAGCGCCGATCCGTTGTTCGACCCGCAACGGACTCGCGAATTCCTCCAGACATTAAACCCGGTCGAGGTGGCCGAAGTTGCACAGTAAAACAGGACATTTGATGAGAGCCTCCATCGTCGCACGGTTTGTGCGCCCGATCGCACTCGGCATTGCTGTGTGCATAGCGATGGCGGGTTGTGATCAGCGCATGCGATATCAACCGAAGTACAAACCCCTACAGGAATCGGACTTCTTCGCGGATGGACGCTCTGCGCGCCCACTCGTGGCGGGCACAGTGGCGCGAGGGGATCTGCGCGATGACCGGATGTTGTTCACTGGCATGGACGGGACGACGCTCACGCAAGTGCTGCCGGTGTCGCTCACGCGTGAGCTGCTCGAACGTGGCCAAGAGCGCTTCAATATTTATTGCGCCCCCTGTCATGGACGACTCGGCAATGGGGACGGGATGATTGTTCGCCGTGGAATGGTCAAGCCACCCTCTTACCACGAGGACCGACTTCTGAGTGCTCCCATCGGCCATTTCTACGACGTGATGACCAATGGATTTGGCCGCATGTACCCCCACAACCACATTCCAGTGCGTGACCGGTGGGCGATCGCTGCATACATTCGGGCGCTTCAGCTCAGCCAAAACGCGACCCTTGCGGATGTTCCCCCCGAGGAACGCGCAGCTCTAAATGGTGCGACTCAAGCTACTGCTCTCAGCACGACTCCTCAGGTGGAGGTGGCGAAATGAACGGGGAGTTGCTCGTGACGAACCCAGCAAAGATGCGCAATCTGTTCCTCGCCGCCGGGATCGCTGCTTTCGTCGCCCTTGGTATTGGAGCCACCTCCGACCACGGCCGACATCAGTTTTATCACTCGTATCTGGTGGCGTTCATTTACTGGTTTCACTTTGGGCTTGGGGCGCTTGCGTTCTTAATGATTCAGTATCTGACAGGGGGCGCGTGGGGACTGATGGGACGGCGCGTGTTTGAAGCTGCAAGCCGCACCCTGCCCCTCCTTGTGGTCCTGTTCCTCCCGATTGTTGTGGGAATGCACTCGCTCTACGAGTGGTCCCATGCAGAGGTCGTCGCCAAAGATCCGGTACTGCAACAGAAGGTTGCGTACCTCAATCCGAAGGGTTTTCTCATCCGAACCGCCATTTACTTCGCTCTGTGGGTACTAGTCGGTTTCCTTCTTGCGCGGTGGTCAGCGAAGCAGGACCGTGCATTGGAGCCCGGCGCAATGTCCCAGCGGTGTGCCACCCTCAGCGGGCCCGGCCTTGTAATCTACGGGCTGAGCGCTACGTTCGCTTCTGTGGATTGGCTCATGTCACTTGAACCCCATTGGTACTCGACGATCTACGGTGCCTTGTTTGTCGTGGGTGAACTTTGTGGTGCATTAGCCTTCACGATTGTTGTTCTGGTGTGGCTGGGCAAAGGCCCCCTGAGCTCTGTCCTTGGCAAACGTCACTACCATGATTTTGGCAAACTCCTACTGGCGTTTGTCATGCTATGGGCATACATCTCGTTCTCCCAATTTCTCATTATCTGGTCGGGGAACCTTGCAGAAGAAGTGACGTTTTACGTGAAGCGGCTCGAAGGTGCGTGGCAATACGTCGCTCTCGCACTGATTATCGCGCATTTCGCACTGCCGTTTCTCCTGCTGCTGTCACGGGATCTTAAACGCAATCCCAGCACTCTGGTCCTCGTTGCGCTGCTTGTTCTTGGGATGCGGTACGTTGACCTTTTCTATCTCATCCGTCCCGCGTCTCCGCATCGCGAATTTGCAGGCTTCTCGTGGATGGACCTCGCAGCTTTTGTTGCGGTGGGCGGGATTTGGTGCGCAGCGTTTCTCTTTAATCTCAGCAAGCGTTCGCTGCTGCCAGTGAATGATCTGCGGCTAAAGGAGGCGATCGAGCATGGGAAACACTGATCCCCGCCAACACTCCCAAAAAGAGGAACAACAGCACGCGGGTTTACCTCCTACGGGCTATGAGCCGCGTGACGCAAATACGCGCGCTATCTTTAAGGCGGTGGTCTACCTCACTCTTGGGACGGCCGCGATTGTGTACTTGCTGTGGATCCTTTTTGTCCAACTTCACGGCCCAGAAGAAAAACCTCGGCTGTTACCGCCTCCAGTTGCAAAACAACCCGACCAGTTGCCGCCGGAGCCAAGGCTACAGCTCTCCCCGCGCCAAGAAATGGAGGCCATGCGTGCAGCAGAAGATCGCATCCTGAACTCCTATGGATGGGTAGATCAGGCCCAAGGAAAGGTTCGTATTCCGATCGCGCGTGCGATGCAATTGACGTTGGAGCGCGGTCTTCCAACGCGCCCCATGCCTCCGACAGAGAACCGTGATCAAGCCACCAGTCGCGCAGCGGACTCGGCGTCTGGGCGCTTCGTGGAAAGGAAAGTATTCTAATGAAAGCGCAGCACCTAAAGCTTGCGGTAACATTTTGGACAGGTTGGGCAGCACTGTTTCTGACTAATGGATTGTGGGCGTTCGGACCGCAGTCCGAGCCGCAGTCGCTCACTCCGCCGACCATCTTGCGTGAGGTGGGGGTGGAGCAAAAAATCGGGCAAAGTATCCCTCTTAATCTGGAGTTCGTGGACGAAACGGGCACAACAGTCTCGCTCGCAAGGTATTTCGGAAAGCGCCCAGTGGTTATCACCCCTGTTTATTTCGAATGCCCCATGCTGTGCACCCAAGTGCTCAACGGGCTCTCGCGGACGCTGAAAGTTCTGACGTTGGATCCGACGAAAGACTTCACGATTGTCACCTATAGCTTTGATCCCCGCGATACACCCCAGCTCGCAGCCGCAAAAAAGGCCAACTATCTGCAGGAGCTCCAGCGTCCTGAGCTTGGCCAACATTGGGCATTTCTCACTGGGTCTCAGGAAGCTATCACCAGCCTTTCGCAAGCACTTGGTTTTCGCTATGTGTGGGATGAGAAGTTGGGGCAATATGCGCATGCCGCTGCTATCATGGTGCTGACGCCGGAAGGCAAGATTGCGCGGTACTTTTATGGCATCGAGTATCCACCACGCGATCTCCGCTTCGGGCTTGTTGAAGCGAGTGAGGGCCGAGTGGGCTCACCAGTGG
CP030759.1_gap14	410307	411796	1489	CCTCGGAATGCCACGCCACTATCACGAGTACGTCCCCGAGTTTCAGATCCTCCACATTCTTTCGTCGGCAGGTGCGATGTTACTGGGAGTTGGTTACCTAATTCCCGGTGTTTACCTAACGTACTCATTCTTTTATGGCAAGAAGGCGCCCGCCAATCCGTGGGGAGCAACCGGGTTGGAGTGGCAGACGTCGTCGCCTCCGCCAACGCACAACTTCGAAAAAACGCCAGTCGTGACAGGCGAGCCCTACGACTATTCCAGAGTGGAGAGTGTGCCGAATGTCGCAAGTTAGCAGTCCATACCTTGCCCATCACTTTGAGGACCTCGAGCAGCAGCAGGAATCTGCCTCGCTGGGAATGTGGCTGTTCCTTGTTACGGAGGTCATGTTCTTCGGAGGCCTGTTTGCGGCGTATGCTGTCTACCGCACGATCTATCCCGGTCCTTTTCACGCGGGCAGTCACTTACTTGATGTTCGTTTGGGTGGGCTCAATACGGCCGTGCTGATCACAAGCAGTCTCACGATGGCGTTGGCCGTCCACGCGGCACAGACAGGCCACCGCAAAGCTCTTCTGCGCTATCTCTTTCTCACCATTGCGTTAGGCACCGTGTTTTTCATCGTTAAGGGCTTTGAATGGCACCACAAATATGTGGAACACCACATTCCCGGCCCATCGTTTCACTACGAAGGCCCTTCCGATCCGCACCGTGTCCAGCTCTTCTTCGTGCTCTATTTTTGCATGACAGGGCTTCACGCTCTTCACGTGCTTCTTGGCATCGGCGCGATGCTCTGGCTGGTGCTACTGGCATATCGTGGAAAATTCTCAACCGAGTGGTACACACCGGTAGAGCTGGTTGGGCTCTACTGGCATTTCGTCGATATCGTCTGGATCTACTTGTTCCCGCTACTTTATCTCTTAGGGAGGCACTGAAAATGAACCATATTATGCCGGGCCATATTGTGCCGGTACGCGTCTACCTCGCGGTGTTTTGCGCCTTGGTGGTTCTCACTGTTCTTACTGTGAAGGTCGCCTACGTAGATCTTGGTCTCTTGAATACCCCGCTGGCTCTTGGAATCGCCTCGGTGAAGGCGATGTTGGTGGTGCTCTACTTTATGCACGCACGCTACTCGCCACGTTTGATTCTTCTCGTTGTGATTGTGAGTGCGTTCACCCTCATTCTTTTGTTTGCTTTCACGCTGAGTGACTATCTTACGCGCGGGCAAATCGTGCTACCCATCCAGTAACAGGTGAAGTAGGAACTTTCACACACTGTATAACTCATGCTCTCAAATTGGGAGCGAAAGGAAGCAAATCGTGAGAGTCCTGCTTACGAACGATGATGGAGTAGAGGCCCCGGGGTTGTGGGCGCTTTACCATGAATGCAGCCGGCAGGGAATCGAAGCTACCGTAGTCGCGCCTTCACGTGAGCGCAGTGCGATCGGTCACGCCATCACCATCTTCAATGAAATTACCCTTCGAGAGCATGTGCG
CP030759.1_gap15	414834	415629	795	ACCCGGCAATGTCCCTTCCGCAACAGGGGCCTCGCGGTCGGTTCTTTTGGGTTCAATTACCGAGCCGACAGTGTTGCGTGGTTGCCCATGGCGCTGAAGCTTCTTCAAGTCCAGAGTTGCATTTCGCGTTGCGGCGATGCAGGCAGGGTAGTGTAACCGGTGTGTCACCGCTGAGTTTTCTACAATTCGAGTGAAGGGCAGCGACACGATGTGCGCGGAAAAGAACAAGACCAAAGCCGCTCGGAAGCCTCACGTCCTTTTCTTAAATGGCCCAAATCTAAACTTGCTTGGACGCCGGGAAGTGGGGGTTTATGGCGCAACCACACTGGCAGAGATCGAGAAATTGGTGCGTGAGGAGGCCCAAAAGTTGGGCTGCACGGTGACCTTTTCTCAAAGCAATCACGAGGGCGAGCTCGTGGATGCCATTCAGCAAGCTCCAAGTGTGGTGGATGCCATTGTGATCAATCCGGCAGCCTATACGCATACAAGTGTGGCGCTGCGCGATGCAATTGCGGCGATTGCCCCACTGCCCGTGATCGAAATCCATCTTAGTAACGTCTATGCACGTGCGGAGGAATTCCGCCACAAGAGTCTGACTGCTCCAGTGTGCGTGGGTCAAATCGCCGGCTTCGGTCCCTACAGCTATGTTCTTGGGCTCCGCGCCGCATTACTTGTGTTGAACCGCCGCGTGAAATGAATGCCCCGGAGTCTCTTGCGCGCCGAGTTGGTTATGTGAGGCGCTCATAAATGAGGGGCGGAGCGGCCACGGGCTCGGATTGGATCACGAACGCTTTT
CP030759.1_gap16	416927	418707	1780	GAATCAACGGAAAAGCACAAATTCCGCGGGCGTAGCGGATTACTGCGATGCCGCACTACTCGCAAGGATCTGCGCGAGGCGCATACCTTCTTCGGCTCCAGTGTACAGGATTTCCGCGCGCTTTGCAGCAAGTGCTTTGCCTAGGTATCGAATGTCTTCGTCGGATGCTGCAATCGCACGTTCGAATGCTGAGCGGGAGCAGACTTGAACGTGATAGAGTCCGGGCAACCATAAGTACCCCATTCCCGGAAATCGAAATGAACCGGTTTCCTCCCCTTCTGGCCCACGATACCTTTCGTAAACTTCAAAGACGTAACAGTCCTCGACTGGTTCCACGATGTCGTACCACACAGCCAGAAGTAGGGCCCCGTACTCGGAGTTGTGCGAGCTCTGATATGCCAGCAGGCTCAGCAGATTGTTTCGAGCGGTTGCGCGATCAATTGGCATTCTGATTCATTCTACTAACACCAGCCTATTATGTTTTCCGGATCAAAGTAGCGTCGGCTTTTCACCCTGTATTCGAAGTGAAAGGGGTGCAGATTTGTTGGGAAATGAGCTCTTAAGGAGCGGTGAGTTGCTGCCGCGTTGTCACGGACACATATCGAACTGGGATCTGTGCGTAGACCGCAGTGGTCTTGCCGTCAGGAACAGAAAGCGCGACACTATGACCATCCGAGTAGAAACGCTGGCTCTCAGGTTTTCTTAACTGCCCTTGCGAATCGAGATCTTCCGGCTGAATCATCGCAACCCAGTACCATCCGGGAATTCGCATGGGAAGAGTGACAGTAGAAGTCGTGATGGGTTCAACACCACCCGCGACAAGCAGCGGAGACTTCGTTGGAGTCCCAGCAATCTTTAAGTAATGTCGCTCGATAAACGATAAGTCAGCAGCCGGCAGACTGCGAATTCGCGAATCCGCAACGACGAACCGAACGCGTTTCTGAACCAACGACTCCGTCACCTGAAAATCGATTTTGCCCTGCCGATACGCCTCCTGCAGATAATTGACGAAGGAGTTGGTCGAGATTGGACTACGCCGAAAAATGGGGACGCCAAGGCCAGAAAGCACATAGTCCGCTGGTCGGGTATGGGCCTGCAAGCGCTGAGCTTGTCCAAGTTGCCACGACAAAATGCCGTTCACGTAGTGGTTGTTATGCAACATGTGGTAAGCCTGCAGGAGAGCGCCCGCCAGCATGAAAAGGATGACGAGGCATTTTAGCACTGGTTTCCCCAGCCGTCCAACCCACCCATAAAACAATAGGAAAACATGAGCGCCAAGCACCGCAATCAGCGGATGAACAGGCAGGAGTGATTGTGAATGTTTACTGGGTAGGAGAAAGAAATACTGAAAGAGCAGAAACGCTAAAGGGGGCCAGAGCCAGCGCTCGCCCGGCAATGCCTTATGTGTCCACTCTCGATGAACAGAGCGAGCGAGAGCCACGCCCGCAAGACCCATCCAAATGGGATAGGATTTGACCGCACCCGACAAAGGCCCAATAGCGAGTGTGAAATCTCGATCCATGCTCGAATGAAAAGCCTGCGCAAGAAAGTCCTCAGAAATGCCCTGCAAAGCAATCCATCCTGCAGCGGCAATAATAGGCAATATCGTGCCAAGGCCGAACATTACTAACTCGCGTAAGTGAGCCCCCACGTTCCTTCGCCATGCCGATAACAGAATGATCCCAGCTGCAACTGCGACGATTGCAAACTTCACGCTGAACAACGCCGAAGCCCCCAGCGCAATGCCAGCTAACCAAAACACCCGAACAGAACTACGTCT
CP030759.1_gap17	421894	426465	4571	GTGTCGCAAGGAGTCGCCCTTCGTCTCCGCTTAAAAATGAGTTCGCCAGCAAATCGGCGAGTGTCCGCAGGTAGGGGTATGCGCGTTTCCCACCCACAGTAAGAATGGCCCGTCGCCAACTTTCTTCCGGATCAAACGAGTCGGGGGACTTGAAGAAATCTGCGATCGTCAGCAACGGGATTTTAGACGCTTCCGCCTCATTCATGGGGTTTGCCCAATAGCCACTGAGATTTAGCGACAAGACGGGGGTGCGGCCGCGGATGGGCCCGAGATAAAGATGTCCGGCATCGTAGTCGTTGACCGGGTAATTGTCCCACAGAAACGGCTTCCGTTTTATGCTCGATCGAATGCGTAACAAATCCTCCGGGGTGATGAATTGAGAGGTAACTCCCATTCCAGTCCAAACGATTGGGATTTCTGCATGAAGTGTTTCTCCAAGCTCGCGTAAGTAGGGCGTGCTGTCAGGGTGATAGTATTCGGTAGGGCACACAATGAGGGAGTTTTTCGGATCCCATTCCTTCAACTTAGCGTACATGCGATTGGCAAGGTCCGCATGCGCTGCTGCAAAGCTTGCATACCGTTTCAGGTCGGACGCGTGGGGAAAGCTCGATGGCACATCGTCGAAAAACAGAGCAAACGCGTGGACCCCAACCTCATGAACGCGGCGTAGCTTCTCCATGAGCAGGTCAAATTCTTTTGCACTCCCATACTCGATGTCGAGACCCGGACTGATCGCAAAGACGAACGTCACGCGATACTTTTGGCACGCGCGCACAAGCTCTGTTAGCTTTGCGAAATCGGCCGGCGGATACGGCTCACGCCACTTTCTCCGGTGATAGGGATCATCCTTTGGCGCATAACAGTATTGGTCAAAACCATGTTCGCCAAGAAAGCGGATCATGGATATGCGGTCTTCGTGTGACCACGGTCTTCCGTAAAAACCCTCCACTATACCGACAGGGATTCGGTTGAGTGACTCACTGGATTTTCGCACCGGTCTCGCCCCTACAGATGTTGTTAGAAGAATCGTTCCCAAAAGGGTTACAAGCAAGATCCTTGGCCCCATTGTCTGCACCTCGGTTTCAGTAGCTCACCATGACCCGTTGAGCTTACGGGCCGGAACGATTACGCTTGTCTCACACAGCTCTTGCAATCCTAAATACGTGCATGGGCACGCGTAAAGGTATAGTTTATCTCGTGGGGGCAGGGCCGGGGGACGCCGGACTGCTTACGCTGCGGGGGGCGGAGTGTCTCGCCCGTGCTGACGTCATCGTCTATGATCATCTGGTGAACGAAGCACTTCTCTGTCATGCATCCCAAAACGCTGAGCGCATCTACGTAGGGAAACGCGCCGGCAGCCACACGATGCCCCAAGATGAAATTAACAAACTCCTCGCGACGCACGCCACACAAGGCAAGACAGTGGTGCGCTTGAAAGGCGGCGACCCCTTCCTTTTCGGACGGGGAGGAGAAGAAGCTCTCTATTTAGCCGATCATTCCGTCCCATTTGAGGTCGTTCCGGGTGTGACTTCGGCGATCGCTGTTCCTGCGTATGCGGGGATTCCGGTCTCCCAACGCGGCTACAACGTGTCAGTACATATCATCACGGGCCACGAGGCGCCGGAAAAGTCCGAGTCAGATCTCGATTGGAAAGCATTAGCCCGATGCGAGGGGACATTGGTTTTTCTAATGGGAGTCGCGAATCTCGATCGAATTGCGAAGGAACTCATCCGCCATGGCCGTCCATCGTCTACCCCTTGCGCGGTGATCCGGTGGGGGACTTTGCCTGAGCAGACGACTGTCGTTGCGCCGTTGGGGGAGATTGCAGAGAGGGTGCGGGCTGCGCAGATTAGTCCACCCGCAATTACTGTTGTCGGAGAGGTCGTTCGATTGCGCGAGCAGCTGAAGTGGTTTGAGCGTAAGCCTCTCTTTGGGGTGCGCGTGGCAGTGACGCGCCCACCCGATCAAAGCCGTGAACTGATAGCTTCTCTTCGAGAAGCCGGAGCGGATGTGCTTCTTACGCCGACAATCGAAATTCATCCTCGACCGCTGACCGAGGAGGTGCGTAAGGAGCTCGAGCTGCTCCATTCCTATGACTGGGCAGTTTTTACGAGTGCGAACGGGGTCCACATCTTTTTTGAGTACCTTGGGCGAATGGGGCAAGATGCGCGATCGCTCGCCGACTTGCGGATTGCGGCGATCGGCGACAAGACGGCGGAAGCGTTGAGTCAGCACGGGATTCATGCGGATGTCACTCCTGATCGCTTTGTGCAAGAAGCTCTTGCCTCTGCGATTCCGGTCCTGTCCGGCGACCGTGTGCTCATTCCTCGCGCCGCTGCTGCACGCGATGCGCTGGAACGCGATCTTACCGCGCGAGGAGGAAAAGTCCGTGTCCTCCCCCTCTACGATACGAGGGTTTGTGAATCGGGAGTGACTCAACTATTGCGAGAACTCAGGGAAGGCCGTGTGCACGTCGTGACGTTCACCTCTGCTTCCACGTTCGAGAGTTTGGCAGAAAGCGCTCATGACGCCGACCTTCCACAACTCCTCCAAAACGTATTGCTCGCGAGCATAGGTCCAATCACATCGGCGGCAATCACCCGCAAAGGTTGCCGCGTTGCAATCGAGGCTTCCCACCACAACGCACAGGGGCTTGCCGAAGCGATCATTGAATTTTTCACAAATGAGCGGAGCCGCTCCGCGCTCGAAGAAACAAAGGAGGTTTCCTCATGAGTATTCGTCACATTGTCGGCATTCTGGCCGGTTTTTGCGCAGTGGTTTCATTCGCCGGCACGCCTCCGAAACTGGGAAAGCCCATCGAGCGGCCCAATGCTCCTATGAAGGAGCAAACATACGGATTGCTCCGCACAGATCCCGTGGCGCGAATTGTGGAACCCGGAGTAGTTGAGATTCAGTTTGAGACGGAACACCCGACCCCGCCCGCAGTGGGGTATTTTGGCCTCAATACGCTTGATGAAGATCTCGATTTTCCCCGTTACCGCGATAGTGTTCGCGAAGATGGGACAACGACAGAATTGCGGACGCGCCACCGTATTCGCTATGAGTTTGCGAAACTCGTCAAGCGGGCGCCCACGACGCCGATTGACGCGCGGCTGACATGGCGTGTGGAGGTTTATGTTCCCCAGAAAAATGCATCACGTTTTTTTCAGGGGCGCCTCAACTTCGCTCGCGGATCTTTGGCAGATACAGTAACTGTGTACGCGGGACCGTTTGTGGACCAGATAAGCGCGAGCTCCGCCCTCGTTTCATGGGAAACGGATCGGCCGAGTACAGGCGCTATTCAAGTGGCTGGCAAAGTTTATCATTCTGATTCAGAAACGACCGTCCATTCGGTGCGTGTTTCTGGGCTACAGCCAGCGACCGAATACGAATATCGAGTGGTTTCTGGCGACACGGTGCTGCGTCCATACCGTTTCAGAACGGCTCCCACGAGTGGCGAGTTTCGGTTTGCCGCGATGATTGATTGCCGGGAAGGTTTTGGCGGCGGCGAGATCAATGCCTATGGTGTCGAAGCTCGTGCGCTCAATGCGTTGCTCACCCATGCATACCGGGCGAAAGTCGAGTTTGTGCTGTTTGGTGGAGATCTTTCCAGCGGTTACGTCACAAAAGCCGACGAACTTCGTCGCATGCTGGATAGCTTCCGAACCGTGGTCCAACCTGTTCATGCCCGAATTCCAATTTACGAAAGCATGGGAAACCACGAAAGCTTGCTCGACATTTTTGAATTGGACGGAAAACGCCTCAGCGTGGATAAGGCTTCTCCCTCAAGTACCGAAGATTTGTTTGCGCAGCTATTTTGGAATCCTGAGAATGGGCCGAAGGATGAGGGACCCGGATCTCCGCCTTATTTAAGAAACGTCTACTTCTTTGATTACGCTGGTGCGAGGTTCATCGTCCTAAACAATGATTACTGGTACTGCAGCAATCCACACCGCTACGGCGGCTGTCTGGATGGCTATGTCTTACCTCAGCAAATGAATTGGCTGCGTGAGCGTGTTGCGGAAGCAAGCCGGAATGCAACGATCCACTCGATCTTTTATCTCATCCACAAGCCCCCTTTCCCAAACGGCGGCCACACGGCCGACGCGATGTGGTATAAGGGCGGCGATACCAATCGCGATGGCAAGGTGGACGACTCGGACATTCCGATCATTGAATGCCGCAACACGCTGTGGGAAATCGTTGCTTCGACGCCTAAGAGTGTTGCTCTGATCACAGGGGACGAACACGCCTACTGCCGCCTGCTTATCACGGACTCGACCCCTGTGGGGCCCAAGCGCAAACTCGACGGTGAGACCGCGGTTTTTCGGCATCCAGTTTGGCAAATTACGGCGGGCGGCGCCGGAGCACCGTGGTACGATCGGGAAACGCATTTGCCATGGAGCCGTGAAGTGCGAGCGCATTCCACACAACCGCACTACGCGTTGTTTGAAGTGAAGCCTGCAAATGTGAACTTAACCGTCGTCTCTCAAACGGGCCAAGTCATCGATCGGGTGCCCTTGAGGAGCGGCGGCAAAGTGACAGCCAAGCGCTAAGCTTGAGAATGATGC
CP030759.1_gap18	427870	432333	4463	GGAAGATCTGTCGAGGCTTCGCGCAAGCCGCACGCGTTTTCCTCACGCGTGGGCGAAAATGTTGGAGCAAGCGGATAAGGTTCTCACTGCGCCTCTCATGGAAGAACCTCGTCCGTGGACCGGAGGCAAATGGAACGCGGAGGAGTGGCTCAAGTATTACGGCCAAATTGTGGAGGCTGCGCGGTGCACCGAAACGCTTGCTTTTGCTTATCTGCTCACTGGCAGCAGACAGTACGGCGAGGCCGCAAAGCGTTGGTTGATCCAGTTCGCTTCTTGGGATCCCCACGGCACAACCAGTCTTAAAGTGAATGATGAACAGACGATGCACATCATGTTCAGTGGGGCGCGAGCGTACAGCTGGATTTATGATCTTCTCACAGACGAGGAGCGGGGTCGCGTGCGCCGGATGCTTGCCGAGCGTGCCGCCGACGCCTATCGCCACTTGCACGAAGGTCCAACTCCTTTTGAGCAGTGCCCATACGACAGCCACAACGGGCGACTCTGGCACTTTCTCGGTGAGACTGCACTTGCTCTCTACGGCGAGGTCCCAGAGGCCGAGAAATGGTTGGATTACGCTCTTACAATCTTTTGGGGGTGGTATCCCATTTGGGGAGATGAAGATGGCGGGTGGGCCGAAGGACTCCACTACTACACTTCCTACAATGAGTACGCTCTTACGTGGCTCCAGCATGCCCGCGCCGTGCTACAACTTCCCGTGGAGCGCAAACCGTTCTACGCGCATGCCGCAGACTTTCCTCTCTACGTCGGTCCCCCCGGAGCCGTAATGTCGGGATTTGGTGATTTTTCAGAAGCGCCTCCCTCCGCAGGGCGTGGACGGGTAGCAGCCGGTTTTGCTGCGTTACTGAGGAACCCCACATGGCAATGGCTGGCGGAGGGAGTCGGTGAGAGCAAGCGATTCTCCCCCCTCGATTTTCTCAACGCGATTGCTGAGAAGCCCAAGAGTGCGGCTCCTTCCGCATTTCCGCGCCTGCGTGTCTTTCGTGGGGCAGGATGGGCCGTCTATAACGGAGAGATCAGTTCGCCCCAAGCAAACCTGCAACTCATGATGCGCGCGAGTCCTATGGGAAACATTAGCCATAGCCACTGTGATCAGAATGCCATCGTTTTGGGTGCATTTGGGTCGCCCCTTTTGGTCAATACAGGTATGCGCGATTACTATGGAAGCCCCTTCTGCAAAGAGTGGTACTGGCATACTCGTAGCCACAACAGCGTGCTCATAGACGGTGAAGGTCAAGAGCGTGGAGCTCACACAACTGCTCAGCTGGTAGCGTGGGGAGAAGAGGGCAACTTCGCGTGGGTGACCGCAGATGCGACGAAAGCCTATGGCGCTCGTGTTCGCAACTATCGTCGTTATGTGAGTGTTCATCGCGAAAACGAAGACCGCTACTACCTTTTGGTCTTAGATGACATTGCCACCACCGCGAAGCACGTTCAGGTGTTGTACCACGCGCGTGTGCCGATCCTCCTCGAGCCGTCCACCCATTCGTTTGCGCTGGAAACCACAACGGCAAAGCTTCACGCCAAAGTGTTCGCAGATTCGAACCTCGAGTTCAGTGTCTCCGATCGTTATTCCGTTCCCTTTCAACCAGTGGATGCGCGTAAAACGATGCCGCCCCCGGAGTGGCATCTTTCTGTCGACGTGCCAGCCCAGCCGAACACGGCCCGAGTTCGTGTTCTCACGGCGATGGTGATCCAGCGCAAGGGGACGGCGTCGGCCCCTGAAGTCCAATGGCAAACTGAGCTTGGAAAAGAAAATGTTCAAGTAACGTGGTCAAGGACTGGTAACGGCCAGAAATTGCAGCAGCAAGTGGTATTTCATACAACCAATGGCTTTATAGAGTGCAAATAGAGCGGGCCCACGTTGTGATGTCATTTTGGATTTTCGATTGCGCCGGATTTTGGTCGAAGAGTCATGTAGGCAGAGGGAGAATCTTGGTCCGCTCAAAAAAATCTGAAAACCGTTGAATAGGCTTTATTTTACTTAGTATCAGTACGCCGGACTGAGAAGCTGCACGCGGGAGCAGTTTTTTGCGCCTGTTCGTGCACCTTCCCACCCACAAAAGCAATTCCAATTCCCACAAATGCGAAGGCATCTTGTGGGGCGGCGGTCGGCTCCCTCACCGACCTGCCGATCGAGTGAGATGAGTGCCTCCCGCAGATGAGGCGAGGCGGAAGACGAGGGCGACTTCGGAACGATACTCGGGCAACGAGTGTCAGTCGCAGGTGAATTCCTGCACATCATGACCTGCAGCAAACCCGAAGCGTTTGGCGAGTGCAAGGTGTGCACGTCGCGGATAACCGCGATGGCGCCGGGCACCACTAAGCGGAGGTTCCGCGACGAAATTTAGGTTTTGGGCGTACTCGGGTAGACGAAGCCTGGGAGCCCAGAAGGGCAGTCAACCGACCGCCTTGGGTAGTGCAAAATTACGGAGGAAAACATAGTATGGCGAAGGAAAAATTCGAACGGAAAAAGCCCCACGTAAACGTTGGTACGATCGGTCACATTGACCACGGAAAGACCACGTTGACGGCCGCCATCACGAAAGTTCAGGCTGAGAAGAAACTCGGCCAGTTCGTTCCATTTGACCAAATTGACAAGGCTCCTGAAGAAAAGGCCCGCGGTATTACAATCGCGACCGCGCACGTGGAATACGAAACTGAAAAGCGCCATTATGCTCACGTGGACTGCCCGGGGCACGCGGACTACATCAAGAACATGATCACGGGTGCAGCCCAGATGGACGGCGCCATTCTTGTGGTGGCCGCGACGGATGGTCCGATGCCCCAGACGCGCGAGCACATCCTGTTGGCCCGTCAGGTCGGCGTGCCGTACATCGTCGTCTATCTGAACAAGTGTGACATGGTGGATGATCCTGAGCTTCTCGACCTCGTCGAGCTTGAGGTGCGTGAGCTCCTCTCGAAGTACGAATTCCCCGGTGACACGGTTCCGATCATTCGCGGCTCGGCGTTGCAGGCTCTCAACGGTGAAAACACCGAGTACGGTGTGCAGTCCATTGAGAAACTCATGAACGCTCTCGACGAATACATCCCCGAGCCTCAGCGCGAAGTCGACAAGCCGTTCCTGATGCCGATCGAAGACGTCTTCTCGATCTCCGGACGTGGTACAGTGGCGACTGGGCGTATCGAGCGTGGCAAAATTAAAGTTGGCGACAACGTCGAAATCGTTGGTCTTCAGGATGAGATCAAGAAGTCGGTCGTCACGGGCGTCGAGATGTTCCGCAAGATTCTCGATGAAGGTCTCGCCGGTGACAACGTCGGTCTCCTCCTGCGCGGCATTGAGCGTGATGAGATTGAGCGCGGCATGGTCGTTGCGGCTCCCGGATCCATCACACCTCACCGGAAATTCAAGGCCAGCGCGTACATCCTGACCAAAGAAGAAGGTGGGCGTCACACGCCGTTCTTCAAAGGCTATCGTCCACAGTTCTACTTCCGCACGACGGACGTGACCGGCGTCGTGACCCTGCCAGAGGGTGTCGAGATGGTGATGCCTGGCGATAACGTGAGCTTCGAAGTCGAGCTTATCACACCGATCGCCATGGAGAAAGAGCTGCGCTTCGCAATCCGCGAAGGTGGCCGTACCGTCGGTGCCGGCGTGGTCACAGAGATTATCGAGTAGTGAACGCAAAAACCGAAAGGTAGCGGGGAGTGAGTGTTGGGCGGTGACACCGTCTACAACGGCCACCGCCCGACACAATCCCTCAAGTGACTGAGAGACAATGGCTGGACAACGAATCAGAATCTATCTCAATGCGTTTGACCACCGCCTGCTTGACGCAAGCGTGCAGGAAGTCGTGGATACGGCAAAGCGAACAGGCGCTAAGGTGGCTGGGCCAATCCCGCTGCCAACGCGCATTCGCAAGTACACAGTGAACCGGTCCCCTCACGTGGACAAGAAAAGCCGCGAGCAGTTTGAAATGCGCAAACATAAGCGCGTGGTGGATATCATCGATCCGAACCAGAAAACGCTCGACGCGCTTACGGAGCTGGATCTGCCGGCGGGCCTGCACGTTGAGATCAAAATTGTGTAAAGCAGGCGCGTAACTGAGCGTAACTCGCTACGCACACGGCGCTGGTACATCAAAGGGTGTACCGACATGCTGAATTAATAGGCGTCGGAGACGCGGAGACAACGAACTATGCCAATTGGACTATTAGGTAGAAAACTTGGAATGTCACAGATTTTCGACAAGGACGGCAAACTCGTCCCTGTGACATTTATTGAGGCCGGGCCGTGCTTCGTTCTTCAGAAGAAGACCAAGGAGACGGACGGCTACAATGCCATCCAGCTTGGATTCGGCATCAAAAAAGAAAAGAACACCACGAAGCCCCTACTTGGGCACTTCAAAAAAGCAGGGGTCCCACCGCTGCAATTTGTGCGCGAGTTCCGCCTCGAGGACAATGGTCAGGTAGAATCACTACCC
CP030759.1_gap19	506355	511274	4919	TAGTTCAGAGCTGTCGAAAGTGTTGCGTATGCGCCTGCCGTATCTGGGCGTGGTTTGCAACGCATTGATGGCCTTAATTGCGAAACAAAGCGTAGAAAGCTTTTCGCAACCGGGAGAACTCACGTTTTCCGGATATTTCTCCGCTTCTCTTAATCTTACTTCCACCCTCACGACGCCTCTGTTTGCTACGATTTTTGCAGCTATGTTAGTTGCGGGAGAGACTTCACGGGGTACCCTGCGGACGGTTTTGGTTCGGCCACTTAGTCGTTGGGATTTCCTCGTTGCGAAGTTTCTTGTTGCGGTTACCTATCTCATCGTATTGGTCGCCGCGAACGTTCTGCCTGCGCTGCTCGTAGGGAAGAATTATCCCTTACAAAGTGCATTCGATCGAAATATTGAGATTCCGCCAGCCAGCGAGCAGGCTGTGATTTATCTCACAGCCATTGGGTTGGCCCTTATCCCCCAGATCGCTGCACTCGCGTTTGGGTTTGTGATTAGCGTAATTGCGAAGAATGCTGGCACAGCCGTGGGTATGGCAGTTGGTCTGCTGTTAAGCGTTCAGGCTGCCAAGGAGTTCGTGCAGATTGGGGAGGTGGAAGTGCGGCGTTACGTCTTCTCGTCGTATTTTGATGAGCCATTTCGAATCGCCAGCACGAAAATTTCCGGTGTTTATGAGGTGTGGAGCCAAGAGCGCATCTATCTTCTACTTGCGACAAGTCTTGCTACGATCGTGATTTGCCTCGTCATTAGCTTTTGGACATTTCTGAGGCGAGATCTCAACGGGTAGCACTCTTGCAGCTTGGGGGGTGCTCCAGTCTGCAGTTTCTACCTTGCCGTCCTCAGATCAGTAGGGGCGTGCAGCGGTGGAATCCTATCCGAATTCCCCAGCAAGCATCGAGTGTGCCGCGTGGCCCTTTTTTGTGTCCTACCCCGTACTCTCAAAAGCCTCTGCACAGGTCGCATGATATGAGCTACTCGAGGGTTGGGCGAAAACTGTAGATGAACTTATCAATCAAATCTGCTTGCTGGTCGAACACACTTGCTGGCCCTTCCACGCACACAAGTTTGCCGACCCCATCCACAACAAAGGCTTGAATTCGCCCCCGATAAAGTTGCTCGGGCTTATCTCGTTGGGCGGCTCGAACATAGGAGTAGGTGTAATCGCGTCCTTCAATGTCCCCATCAAAGACTTTGAGTTTCTTTTCGACGTTTACGGGACCTTTTGCGAGCGTCCCCACGTAATTCAGGTAATCTTTGATCTGTACGTAAGCTGGCGGGTCCGTGGGGTCGGAGCTTTTGATCTCAGGTGCAGCCCAAACGCGTGCTTCAAGAGGCACATCCGCTGGCGGGACACCGACGGCGCCATCTCCGTTGCGGGCAATCTTGTAATCCCAATTCTTCGGCCAACGGATTCGAAAACCGTACTGTTGATTCACGTAAAGGGGATTTTTGGTCTGGACGCGCGTTGTTGCAATGTCAGCTTTGGCTGGCTGGGTTACCGCCAAGCCAAGGTCTGTAGCGTAGCGCTCAAGCTGTTTTGCGAAGGCTTCAAGGTCAAAATCCGGAACCTGACGGGCTCGGTCCTTCCGCACGACGAGTAATTGGTAAGGCCGACCTTCTTCCAACAGGTTGTCTGAGGACACAAACACCGGCAGGGTAACTTGCCGCTGCGAAAGGATTTCCTCCACAACGTCCGCAAGCTCCTCACGTTCTACAACCACAATCGCGTAAATCGGGACACTGGAACCGAGACGTTGTGTTGCCCAACTTTGCAACTCTTGAAGTCTCCCATAATTGTTAGGATCGTGCCTAAACACGAGGACGCCAGCAAGCGGACTTTCTAAAAGCATGGGGTCGGCGCTTCCAAGCGCTTGCAACTCGTTGTCCTCGAAAAAGCCAGAGGCGGGTTTGAACGCAAACGCGTGAGTAAGGCCCATCAAGCTTAGCGTTAGGCACAGGACAGTAACCAACAATCTTCCCGCCCACCAACTTCTGTTAAACGATTTCGAGCTCATTCGCACTTCTCCGATTTCTCACCTCTTGGCATGATTGTTACACCCGAGCCGAGGTCACTTGCGGGATAGTCCGTGGCTTTTGTCTCTGGGAAGATGAGCACGTTGCGGCCAAGTCGGCAACCCCGTGGGACGACAGCATTTTTACCAATTACGGTGATTCCGGTGTCCAAAAGATGCGGAAATTCGCGGTTTGGAGTGTTTTCTCCAACGCCAATGACGCAGTTCGGTTCAATAGTGCAGTTTTTATCCACGATAACACGTTCAAGCTGGCATTGGGGCCCCACGACGGAATTGTTCATGATTATGGAATCACGCACAACGCTATCCCGCGCCACGTGCACGCCGGCAAACAAGATCGAATTTGTGACTTCGCCCTCGACCACGCATCCTCGTGCTACGTAGCTATTCGTCACCTTGGCCGTGGAAGCGATGCGGGCAGGAAGATCGTTCGCAAGCCGCGGGTCGAAATAATTTGTCCGCAATCGCCACCCCGAAAGATCAAGTCCTGAGGAGGGATCAAGAGACTCCATGTTTGCGGCCCAATACGACTCGATGGTCCCGACGTCTCGCCAGTAATCACTGAATTCGTATGCGTAGACGCGATCTTGCGCCACCATGGCAGGGATGACATTCATCCCGAAATCGTGCTTGCTTCGGTCGTCCGCAGCATCTTCGCGCAACCGCCGTAGCAATACGTCTGTGGTGAAAACATAAATACCGAGCGAGGCAAGGTTCGACACGGGGTTGGACTTGGGCTTCTCCTGAAACCGCAGAATGCGCCCATCCTCCGTGAGCTCTGCAACACCGAATCGCGACGTTTCCTCCCACGGGACGCGTTGCATGGCAATTGTAAGGTCGGCTTTTGTCCGGGCATGTTGTTCGATCAATTCGAGGTAATTCATTCGGTAAATGTGGTCACCCGATAAGACAAGAACGTAATCCGGATCAAAGCGCGCCAAGAAGTTTCTATTTTGCCAAACCGCATCGGCGGTTCCTGCATACCAATCGCTGTCGGCTTCGCCTGTTGCAGGCGGCAGAATGCGCCCGTTGCGTCCCCGTCCCGTGAACCCCCACCATTCTCCGTTCCCGAAGTGCTCCATGAGCGAGTAGGGTTTATACTGGGTAAGAATGCCGATGTAGGGAATCTCAGCGTGCATCACATTGCTAAGGGTAAAGTCGATAATTCGATAGGCGCCCCCAAATGGCACGGCAGGCTTAGCTCGGTGTTGGGATAAGATCGAAAGGCGAGACCCTTGCCCGCCAGCCAACAACATTGCAACCACTCTCATGCGCTTGACCGTCCCTGTACGAGTTTCAGCAATAATGGAACAGCGCCAGCAAATGCCTGCAAGCAAGAACACGTAAATGCAGCCACCTCACTTCAGATCAGTGCTGGGATGGTGGGCTCACAGCGGTCAGTCGATCACTGCTCCCGTAACGAGAAAGGCGATGAACCAGATCGGCAAAGCGTTGCTTAAACAGACTCCGATCGAACTGTCTCGCATGTTCCCGGAGGTGCTCTGAATCAAATTCGTATTGGCTGAACCGGGTAACAGTTTCCGCCAAAGCCTCTGGTGTCTGCTCCTCGAAGAAAAGGCCGGTTTCGAACTCGACGACGGTCTCAAGTGCTCCACCTCGGCGCAGCGCAATCACAGGACATCCTGCCGCCATTGCTTCCAGTGGGACAATGCCGAAATCCTCTTCTGTGGGGAAAACAAGAGCTCGTGCACACGAGTAAAGGGCAGCAAGGTCGGAATCGCTCACCCATCCCAAAAACTCGATGTTCGCGCCAGCAAGTCTCTGGAGATGAGCCGCCTCGGTACCAGTGCCGACGATCTTTAAAGGTAGTCCCAAACGATTAAAGGCCTCGATCGCGACATCCACTCGCTTGTATGGCTCAAGCGCCGACACAACAAGGTAAAAGTCGGTGGGGGCCCGTTCGATGAGTGCGAACTTGGCCCAATCCACGGGTGGATGGAGCACCATAGCTTCGCGCAAATAGTACTCACGAATCCGCTGCCGCACAAACTCTGACACGGCGATAAAATGCGTTACACGTTTCGCGCTTTCTCGGTCCCATTGCTGAAGTCCACTTCTCACGATGGGCATGACCCAACTGGCAAGGCTCCGTCGCCTCGCAAAGTAATCGTCGTATTTATCCCACACGTAGCGCATGGGCGTGAAACAGTAGCAAATATGCGGGGTCGTTGGGGGATCGGGTGCGACTCCCTTCGCCACGCAGTGAGAAGTCGAGATCACCAGATCGTAATTCTCGATAGGAAGAGACTCGACCGCATGCGGCAAAATCGGGAGGAACCAGCGATAAAACCGCCGAGCTACGGGCATCAGGCGGGGCAGCCACCATTCCCGAACGTTCATTGTTCGGATGATGGGTGAGACTTTCTCGGGCTCAAAGAAAAGCGTGTAAACGTCGGCGTCAGGATAAAGTTCGCACAACACCTCGAAGACCTTTTCTCCGCCGCGCATTCCGTTCAGCCAGTCATGAATGAGCGCAACTCGCATGACTTTGTAACGGTGGGCAGGTTGCGCTCGAGGGTAAAGGGAAAACAGGCCTTTTTTCAGCAAGGGCAAAGGCCGATTGAGCAAAAAAATAGACCGGGCACCGGCAGATAGATTGCGATGCCGGTGCCCGCCCCCCTGCCCGCTGGGCGACCTCGCCTCCAGGCTGCGAGGTCTTTTCGCCCATCCCCTCTCCCGAAGGCTCACAGTGGAGGGACTGTGAAGAGGCTTTTCACTCTCTGCCCAAGATATACCATAGGGGTGTGACAAAGTAGGTCACACTTTTGTAGGTGGATGGAATTGTGGCCAAACAAGAGCTTTTCGCGAAAGGCGTGGCAACCGACCCACGAGGTGTTTGCGAACAAGCAGTCGGCTATTCAAACT
CP030759.1_gap20	512580	516680	4100	AAGAGTTCCATAATCTCGACGCTTGTCTTGGAGTCCAGATTTCCCGTTGGCTCGTCGGCAAGGACGATCGTTGGCTTGGTCACAAGCGCGCGAGCAATGGCCACACGCTGACGCTGTCCACCAGAAAGTTGATTGGGTTCATGGTGAGCGCGCGAGCCTAAACCGACTCGCTCGAGGGCAGCTAAGGCTTCCGCCTTGGCATGGCGGTATCCAGCATAGAGCAAGGGGACTTCAACGTTTTCGAGTGCCGACATTCGGGGTAACAGGTTGAAGTTTTGGAACACAAATCCGATCTTGCGATTGCGAATTCGCGCTAATGCATTTTCCGAAAGCTTGCTTACATCCTCGCCGTCTAAGAAGTACTGTCCCGAAGTCGGACGGTCGAGGCAGCCAATAATGTTCATTAGGGTGGTCTTGCCGCTTCCCGAAGCGCCCACAATGGCTACCATTTCGCCACGGTCGATCGTGAAGCTCACCCCATCCACGGCGCGTACGTCCTGATCCCCCATGCGATAGATTTTCACGATATCACGAAGCTCAATACAGGTGTTCACGTAATCAGCGTCCTCTTCCTGCGCCGCTCATCCTGAAGGTCGCCATGCGCATGCCGCGATCAAAATTCTGGCTACCTCGCTGCTGTCCCGCGCCAGCCATTCCTTGCGTCCAACGGCTTTGTGGGCGTGAAGGCACCAAAACCTCGTCACCTTCGTTCAGGCCGGAAACGATCTCGGTAACCAATCCGTCCGTGATTCCCGTTTCGATTTTTTGTCGGACGGTGGTTGTGGGATCGTCCTTCGATTTCATCTCCACGAAGTAGCCCTGTTTTCCAAACTGCACGGCTTCATTCGGCAACGTGAGCACGTTTTCTCGGCGATCCGCCTGGATCTCGACGTTTGCTGTCATCTCGGGCTTTAGTAGCTCTTTCCCCTCGCCCTCCACCTCGATTTTGACTTCAAACGTCACGACATTGTTATTGTTTGTTCCTTTGGTGGCAATGCGCACAACCTTCCCCCGGAAACGCTTTCCGGGATAGGCATCCGCCGTGATGATCGCCCGTTGGCCCAGTTTGACCTTTCCAATGTCGGACTCGTCTACGTTCGCATTAACAAAAATCCGTGAGAGGTCACTCAGTGTCATGAGCGTGGTACCGCCTCCCACGTTGGAGATACCTGAGGCAATGATCTGCCCGATTTGCACCTCTTTCGTGGTAATGACTCCATCCATGGGGGCAAAGATCTTGGTTTCTCGTAAGCGCTGCTGTGCGTTTTGCAGATCAACCTCCGCCTTTTTCACATCTGCTTCCGCCAACAGCACATCCTGACGTTTCATTTCCACTTGGCGTGGCAGATTTTTTGTCTGCTCCACCTTCACTTGAGCTTGGCGGAGAGCATTTGCAGCGCTCGCGGCTTCGCTCCGTGCTGCATCAAGAGACTCCTTCGTTGTCAAACCCTTTGCATAGAGTTCTTCCTCGCGTTCCAGCCGCGCACGGGCATCTCGCTCCTTGATCGTTGCAGCCGCAAGCTCGGCAAGGGCACTGGACGTGCCTGTCTCAAGTTGCACCAACGCCACCTGATATTCTTCCTTTGCTTGCGCAAGGCGAGCTCGAGCTGAGGATAATGCCGCTTCCTTTTGGGTCACGTTCCGGATCTCATCCACCGGATCCAGCTCGGCAAGAAGAGCGCCACTTGTCACACGGTCACTAATATCATAAGGCAGCTTAATGATCTGACCGCTGGCTTTGGATTTGATTGCAACGTCGAGGTTGGAAACCACCTTTCCCGTGGTCGCAACCTTTAACTCAATCGTGCCGCGTTCCACTTTCACGGTATTTTCTTTTTCAATGGGTTCGGGTGGAGCTGTTTTCCCGCGGCCCCAAACAACGTACCCGATCACTGCTGCTACCACAATTGCGATACCCAGTAGCTTGAACCCTTTGCTCACCGTTTCTTCGCTCCCATCTCTTTTGCAGGGGCAACCGAAGAAATTCCGTATCGTTGCAGTAGGCTACCCTCTGCCTTGAATAACGCCAAGTAGGCTTTGACGTTTGCTACTATTGCCGAAATCTCGTCCACCCGCGCGCTTGTGAGGTCGCGCTGCGCCTGAGCCACCAGTAGTTGCGTCGAGCGGCCAACACGAAACTTCTCAATCTCTGCTTCCAACTCTTGCTCGCGTAATTGCCGCGTGATGCGCGTGGACTCAATAAGCCGCTCCGTGCGCTCTATCTCAATAATGGCTTGGCGAACGTCCGTTTCGATAATCTGCTTGTAGTTCCGGATGGCCTCTTCTGCTTGCTGACGTGAAAAGACAGCGCGCCGATACGCAGCCTGCGCCGTACGATTCTGTAGGGGATAGGAAAATTGGAGGCCCACCCGCCAATTGGGAAAATCCCCTTGGCGCACTTCGGAGATCGCATCGCCGAAGGAGTCGCCTACCCCTGTTGCACCAACGACCGTGTAAAAGTCGAGAGCGGGAAGCAAGCCGTTGGCGGTGCGCACAACCTCAAGTTCTCCGTTTGCTAAATCCAATTCTGCCTGCTTGAGATCGGGCCGCAGTTTTAGCGCCACTGCCACGTGTTGCTCGGGGACAAGCGGTTCGGTGGGCACCTTCGGGTCTTCCTTCGGCCACAGCTTGAGGTTCCATTGCCTTGGGTCGGATTCTGGATTGAGCAGTCGCAAAAGCGTGAGCTGCCGACGTCGCACGTCGGCGGCCGCATTGATCACATCGCTAATCCGAGCACTCTCCTCCGCGTGAGCACTGAATAACCCCAACGGCGTTTCTCGCCCAACCCGCACGAGCTCCTCAGTTCGCTTTCGCTGCTCTTGGGCTACACGGTAGGATTCCAGCCGAATGTCCAGCACTTTGCGTGCGAGGTATAGGTCCCAGTAGCCATTGAGCACATCGGCGACCAGATTGATCACCACTTGCTGGAGTTGATGCAAGGAGATGAGGAACGTGTTCTCTGCCGTACGCACTCGCACGAGATTGACGGTCGGCCCAGCGCCTTTCAGCAGGTTCTGTGTAATGTTCAAGTTTGCGCTCGCATCGTAAAAGGGGTACGTGGTGTTCGTTGAGCTCCGTCCCGCGCTTATCCCCACGCTATAGTCCGTCCCCGTGGGGAGGCGACCACTGAGGGATATATCCATATCTTGTCCCCTGGAGACGCGTTCGCCTTCCTCTCGGTTGTCGGATGAAGAGTTTTTGGGACGTGGGCCCAAAGTAGACGAGTGTGCACTGGATGCTCCAATTTGGGCGTTCACGCGAGTGTCGAACTCGCCCCACGCGCTTTCGATACTTGTATTTGCAATCTCAGGTGCGAGTTTTTGCACTCGCAGGGCCTGATTGGCTTCCAAAGCCCAGCACACTGCGTCGAGCAGACGCAGCCAGCGTACGCCTTTCGACGGCGTAGTAAGAGCCTCGAGTTCTTCCAAGGGGAGAGGGTGAGAGGGCAACGCTAATAACGATGTTGTCGTTGCCGCAAAATTCTCATGTTCAGGTACGAGAGGAACCGGCGGCGTTGGCGAGGGAGCCTCGAGTAGCAAAGCGCCAGCGGATGTTTCGTCTAACTCAGCCGGCAGAGATAGTGGCTGTGAAGCGGGCGCGGATAGGTTCGTGTTTAGGGCCACAGCCACGCGCTCACTTCGGGTGACCGCTGGGGTTTGAAGGTCTTCCGCCGACAGGATCCCGTGGAGAAATGGGAGGCCCACGGCGAATGCAAAGGCCCAACTTCGGAACATCGTGTTTCTACTCATATCGGAGCGCCTCTATCGGATCGAGCTTGGCAGCTTTGCGTGCGGGATAGAACCCAAAAAACACCCCAACCAGCACGGAGAAGCCAAATGATATGATTATAGGAAGCAACTGGATTTTAGCGCCATAAGCCTGACCCGAGAAGTGTGCTGTGATTTGGTTGAAGGCAATGATCGCGCCAATGCCGAATGCTATCCCGATAAGGCCACCCGTTACACTAATGGTGACTGCTTCGATGAGAAACTGCGACAGCAGATCAATGCCGCGCGCACCAAGTGCCTTGCGTACGCCGATTTCCCGAGTCCGCTCGGTGACCGTCACCAGCATAATATTCATGATACCAATTCCACCAA
CP030759.1_gap21	518234	520813	2579	TATCAAGAAAGCGCATTTACGCTGTGCTGCGGGTGAGTGGGACCGAGGATCTTCAAGCGATCCAGCCGCAACTCACGGTTATCCCAGCACTATACTCAACCCTCAGGGACGTGCGGCTTGCGATCAGCCGATCTTTGATGGAGTTGCTGCCCGAACGTGAAGGAAGATTGGCAACTTCACTTCTATTTAACGACCGTCGGGTTCTCCGGGACGAAGAAATCCGTGTGCTTCGCGACAGTGGGACATTCCATATCTTCGCGGTCAGCGGCCTCCATGTCGGCATTCTCGCGATGATCCTCTTAGTGCTGGGGCGAGTGGCTGGCCTGAGGTGGCGCGCTGCATGGACCTTAGTTGCTGGGATTGTCTGGTTGTATGTTGCAATGATCGGTTTTCCCCCACCGGCTTGGCGCGCTGCGCTTATGGTCAGTGCGGTTGCCTTCAGTCGCTGGCTGAGGCGGGAGATTGACGGCGTCAGCACTTTTGCGTTCGCCTGCCTTGTGGTGGTCGTGACGGATCTACCAACTCTCTATGAGCCGGGATTTCAGCTCTCCGCCATGGGAGTCTTCGGGATTTTGGGGTTTTATCCGATCTTTCGGCAAATTCTTGGAGACCGATCATGGCTACCGGGAAGTGGATGGAAGAGAACACTTGTAGGATTTGCACTCGAGGGCATCTGTCTGACCTTTGCCGTCACCCTCCTGCTTCTGCCGCTTCAGCTCTATTACTTTCACCGCTTTAACCTCCTTTCGCCCCTTACAAACATATTTGCCTCCGCATTAGCTGCGCCGATACTCGGGGGCGCGCTGACTACTGTGACGCTTAACACATTTTCATCTACCTTGGGGGCATGGGCTGCTGCGGCTACTGCCGGGCTACTTCGCCTACTTTACGCTCTTGCTTCTCTGACTGCTGATTCATCATGGGCTCTTTTGCGCATACCGCATCCGCCACTTGCTGTGGTATTTGGCTACTACGCGATTATCCTGAGCGGATATTACTTCGTCCGACGAGATAGCCCGGAGTACGTTCCCAAAGCACGGGCCCGTTTGACGATCCACGGGGTTGCTGCCTGTCTACTCTTGGTCTTGTGCACGGCGTGGCAGCGTGCGGATCGAACTCTTCGAATATGGTTTTTCGACGTTGGCCAAGGTGACTCGATTCTGCTTCAGTTGCCCGATGGGCAGTCCCTTTTAGTAGACACCGGAAATACAATCCCCAACATTGGCAGGCTGGTGTTGGAGCCCCAATTGTCGGCTTTGGGGGTTTATCCGCTCGACAACCTCGTGCTGACCCACAACGACTCAGACCATTGCGGCAGCGCTCCTTATTTACTTGCGAACTGGAAAATCCGTCGTGTCGTCGTGCCCACGACTTTCCGCGATGTTGAGCAGCTCTTTCGGCAACCAGCCGGGCCGATTCCGGACAGTGTGCCGGTCACCCAGGTCGCGGCTGGTTACCATAGCGAGGTGGGACGACATTTGACACTTGAAGTCCTTAACCCGGAAGCGCTCACAGGTGAGCTCTCGAGCAGTAATGAAGGCTCCTTAGTGTTTCTTATCCGCTACAAGCAATTTAGCTTGCTCCTTACGGGCGATGCGGAAGAGGCCGCCGAAAACTATATGCGGCGGAATGGTTTGGCAAAAGCCGACGTTCTTAAGGTGGCCCACCACGGTAGTGCCTCAAGCACAAGCCAAGACTTTCTAAACGTGGTGCGGCCGAAAGTTGCTGTGATCTCCTGTGGTCAGCGCAACTCGTATGGTCATCCACACCCCGTAGTATTGAAGCGGCTTTGGGATGTGGGCGCACGGGTTTTTCGTACGGATGAGCATGGAGCGGTTCTGGTCTCGACGGACGGCGAGGAATTCAAAGTCGAAACCGCAACTGGCGGGAACTAAAGTAGCTACGAGTCCAACACTGGTGCGACGCGTAAGATTGAGCCCAGGAATCGAATGACGTCAGGCAGGCGACTCCCGCAGAATCCGGATGCATGGGAAGTTGCCTCTTGAAGAAAAACGTTCTGGTTGAACAATTCTGTGCGAATAGAACGCACAGCGACAGCATTCGTTGCGGTAGCCATCGGCTTTGCTGTGCACCCAGATACAGATAAAGAGAAAGAGGTAATCCATCTTTGAGTCGCTTAGACTACATGACAGCCGGCGAATCGCATGGTCCTCAGCTTACGGCTATTATCCGGGGAATCCCTTCTGGGCTCGCCTTGACAGCCGAGGATATAAACCGTGATCTTGCGCGGCGGCAACTTGGCTATGGCCGCGGCGGTCGAATGAAAATCGAAAAAGACACCGTCGCGATTCGCTCTGGAGTACGCAAAGGTTACACCCTCGGCTCGCCCATAACGCTTGTGATTGAGAATCGTGACTACCAAGCGTGGCGCGACCAAATGGCGCCAGAGCCGGGGGAGTTGGATAACCGCAAGGTAGTCACTCGCCCCCGGCCGGGGCATGCGGATTTGGTCGGCGCCCTGAAGTTTGCGCACCGGGATGCACGGAATGTTCTGGAGCGCGCCAGCGCGCGCGAAACAGCGGCGCGTGTTGCAGTTGGGGCCGTGTGTAAGACCTTGC
CP030759.1_gap22	526895	527970	1075	TCTACATCCCATAAACATTGGACGAAGCTTGCCAATCAATAACAAACTACGCCCCAACCGTTAAGATTCTTTACAAGCACTGAAACTCTCTTCCTGCCGCGGCGCGGCCTGTTCCCCGTGAAGCTGCCACAACCTCTCTTCCAGTAGCAATCGAAACTTCTCCATCTCCTCACGAGTGCAGTTCGTTGGTACGTACATTGGTGTGTCGTAAACCACTTCGATGGGCGCACGGAACTTGGGCAGCCACATTCGATCCCAAGATCGAAAGACATATCGTGCGCTTGGTTGCGTGATGGCAGCTGCAGGGATAATTGGGGCACCCGTGCGAGCCGCTAATAGCACGATCCCTGCTTTTACTTCGCCCCGTGGCCCGCGTGGTCCGTCCACTGCTATTAGGAGGCTTCCCTCCTTCCGCAACCACCGTTCCATCAGGCGGAGTGCCTCCACCTGCCCCCGTGAACTCCCACCTCGCAAAGGGGTAATGCCAACTGCTTTCGCCAGTCGGGCTGCAATCTCGCCGTCGCGGCTGCGACTGACTAATGTGGCGAAATCCTTGCGGCCCACATTCATCGCCTCAGCCGCTCCGACCAAGAGATCCCCATGCCAGAACGCAACAATTATGGGATTTGTACGAAACCGTTCCTCTCCCGTCCGGTGAATGCGCCATGTGCGTCTTAGCAGTTGCAATAGCCCAACAGTCAACCACACGCCCCCAGCCAATGCTACTTGTCGCCGGACCTTTCGCAATGTCACACGCCACGAACTCATCCGAGAACCCGACTGTTATTCGATGAGAGGGTCTTTACCAGAAAATAAAACCCACCCGAAATCGCTTCCGGGTGGGTACAGCGTAAAACCTCTCGGGAAAGCAGCGTTAGCGCTTGGAGAATTGGAAGCGCTTGCGTGCGCCCTTCTGCCCGTACTTCTTGCGCTCTTTCATTCGCGGATCACGCGTCAGTAGCCCGGCTTTTTTGAGGGCGGGACGGTATGCAGGATTTGCTTCCAGCAACGCACGAGCAATACCGTGCCGGATGGCACCAGCCTGCCCGATCTTCCCACCGCCGCGCACCGTCAC
CP030759.1_gap23	557058	557945	887	GGTAGATCTCCCAGACGGTCTGGAATACTTGCTTGATGACCTCCCACCCGAGGCCAAAGATGAGCGCGCCAATCACCATTGCCGCCACGTTTTCAAACTTCTGGTGGCCGTACGGGTGGTCTTCATCCGCGGGTCGCGTCGCCAGACGCATTGTGAAAATCCCCAGCACATTGTTGGCCGCGTCTACAAACCCGTGGAAGCCATCAGCCAAAACAGTCATACTACCGGTCGCGAGTCCGACGACCGTTTTGGTAATCGCAATGAAGCAATTCAGTACGAGCGTGATCTGAATGACACGCAGTACCTGCTGATTGCGGGAAGACGTATCAATGCTGCGTGAGCTCAACTTCTCTCGCTCGACCTCTCCCTCTGGACTTCCTTAGAGAAACTTTTGCGCGAGCGCGATTCTTGCTCACAATCCATAACGACTGGCGCGTCAACCCTAATTGTGCTCGTGATCAGCTCACGCTTGCATTTTTCACAAGATGGCCATTTCCTGTCTATAACGATTGAATCATACCCCCGCAAAGCCTCACCAGCTGGAGCGGGATTCAAGGAAGTAAATATGAAGCCAAAAGTGCTCTTACAAAACCTGGTTGTGTTTGGTGTCATCCTGCTAATGGTTGGTGGCAGCGTGCCATCCCTTAGGGCAGAGACAACAAGTCCTGCAGCACACTCATCAACTTCCCCAGCCACCACTAAGCCGCTGGACCTAAAATACACGATTCGCCCGACGCAGTGGAAAAAAGTAGCCAAGGCGGAGTGGTTGTCCCCGCGCGTTCGATCGGCCGAACCGTTTGACGAGTTGATCTACAACTGGAAAGTCCGTTTGCCGCGAGATATGGGATTTCGTCTCTACCTAAAGGTCTTCGGTGACGATGACGTTG
CP030759.1_gap24	634637	638931	4294	GCTCGATGTGCCGACATGTGGCTCGATCCTTTTCGAAGGCACATCCTTAGAGGGGATGAGCGACGAAGAGCGATCTCACTTTCGGAACCGACACGTCGGGTTTATTTTTCAGTCATTCATGCTTCTCCCACAACGAAGTGCTTGCGACAATGTGCTCTTGCCACTGGTGCTCGCAGGGGCCTCGCTGAGCAACGCAAGAAAGCGGGCTCTTGAGGCATTAGAGGAGGTCGGGCTGGCGCACTTTGCACATGCTCCGGCAGCAAAGCTCTCAGGTGGACAGCAGCAGAGGGTTGCGATCGCGCGCGCGATTGCAAATCGGCCCAAACTCATCCTTGCCGATGAACCAACTGGCAATCTCGATACGGACACGAGTTTGGAGATACTTGAGCTGCTCGCTGCCTACCGCGAAGCTCATGGTGTGACCATCGTGATTGTCACCCACGATCCCCTTATCGAGCGCTTTCCCATTATAAAGTGGACCATTCACGAGGGGAAAATCGTCCCTTTTGTGGGTAAGATTTAGCAATGTGAGCCAGTGTTGCTGGCCGGCCAGCCCGATTTGTTATCGACCACTAAGGATCTAAATTCCCACGCACGCAGAAGCGACTAGTACAGGGTGTGGCATCGCGCGTGTGCTTTTGGCTCGGCGTGCCGAATTGGGCGGGGGGCTACGCCGGAGCAGTATGGCGGTGGCGTTGAGCGTAACGGCGCACGCTGTTGCGAAGTTCTTGAATCGCATGCAATTGCTCGGCCATTAATTCGTGCTCGCCATAACGGTAGCCGTAGTACCATTGTGTGACTTGTGCAAAGCTCGCAAATTCCGGAATACTCTTCGCGATTCGTTCTGCGAATTCACGTGGTGTTTCGTGAACTGCCCGATGGTATCCCAATCGCTCAAACTCTTTTAGCAGTTGCCCGTAGAACTCAGGCGGAGGTGACCAACCGCGAGCGCTTCTTTTGGTTTTCCGGCCCTTTGCTTTGGCCCAGCGACCGCGAAAGCTCAGCAAGACTAAAACCAGCGCCCCACCGACAAGCACAACGCCCGCAATCGAAGGCGCCAGTTCGCGCATGCTGTCGTCGGCAGCGTAGTTTCCGCCGCCCCATTCTGCAACTTCCTCATGATGACTTGCGAACATCCGTAAAAACGTTCCCGCCACGAATCGCTGATCCTCGATGGAGAAGTCGATCATGACGCGATACCATCTCAGTTTCACCGAATCCCACAGCCGCATCGCGGTCAGCAAGTAGGGATTAAACTCGATAGCGCGCCCGATGGCATCGGGGGGCGTTGGGTCAAATGTCATCCATCCGTAGCCCGGGAAAAAGACCTCAACCCATGAATGAGCATCGCGTTGGCGAACTGTAAAAGACTTCGCAAAATTATTCCATTCGGCGCTGTAATAGCCGTTCACGATTCTCGCCGGGATATCTAAAGAGCGCAGCAACATCACCATGGCCGTGGCGAAATACTCGCAGTGGCCGCGCCTACTTTCGAAAAGGAAATCTTCGACCGGGTTTTTGGGGTTATCTGGGATTTGTTCGAGCGTGTATTGGTAGCGACTTCTGAGGTAGGATTCGATAGCAAGCGCCTTCTCATACGCAGTTTGACGGTTTCCGACGATCTGCATGGCGAAGGCTCGAAGTTTTTGAGTGTCAAGGCTGTTCGGAATCTGCAAACAGGCCTCCACATAACGTGGCGAGGCCATTCCAAGTTGTCCTCCAAATGCGCCGCGCATTCCCGGATTTCGACCAGCGCGTGGTCCTCGGCCTGTAAAAATGTCGTCCGGACTCAGGGGACGAGAATCTGTTCGCTCCCCGCTTGCTCTTAACGTTTCATCCGCAGCTCTCGCGAGGTGCTCAGCAAACCGGCGAGCAATTTCCAAAGGATGTGTCGTAGGGGACTCACTTCCAGAAGTTGACGTCTGGACACCCGGAATCGGGCGCTGGTAGCGTTCGGGCGGCTCTCGTTGTTCTAATGTTTCGACACGTGAAAAGACTCGGTAATGGATTTCTTTAGCCGGTACGTAGGGCAACCAAGCGCTCGCACTATATGGGTCGGAAAGTACTACTTGATCGAGCTCCAGCACAAGTCGCTGAGGGAATGTTTCGCCAAAGATAAACCGTGTCACGTTCGGGGGTTGCACAATCGTGTTCCATCGGGCCGGTAGGGGGCGGATGGTCAATTGCGGAAATGGGGCTTGATCGGTTGTCCAAGTACTGCGTCGCCAGCGACGTCCGTCGAAGTAATCCAGGGCGACCCCACGCAGCCGGATGGCGTTGGGGCGCAACTCCGGCTGATCTGGGCGTACGTACAGCGCGACGGAGTTGTCGAGTTGAATTTTCCGATAGGATCCAAACTCGACGCTTTCCTCGAAAGCTGACACCGCGGGTGGCTCGCCCCTCGCACCAAGGGTCGCAAGTAGCCGCCGCGTGGAGAATCTTGGAGTGATAACAAAAACGGCGATGGAAATGCAGAGGATAAGCAACGTGAGAAAGAGCACGACGAGGCGTAGAGAGGGGACCCGAAGTTTGCGGATAGATTCCGGAAGATATGGCGAGCTTGAGAAAATGCGAAACTTCTTCGGTGCAGGAGCCGCCGCAGGTGCAAACTGTTGCACAGACAGCGCACCCATCAGCATGATAGTAAGCATCAAGGACCAACTTAGCAGCCCCGCATAAACAAGAAACGCAAATCCGAACACAGGCGACGTGGTTAGCACCGCAGCGGCAAGGACCTGAAAGAAACTAATCACGTAAACTGAAAACGCGTCGCGCGGTCGCCGCATGGAAAGCACTTTCACCAGCTGAAGAAAGAGAAAGAAATATACGGTCGCGTTCAACAGGCTGGATCGGGCAATGGGCAAGATTGCAACGAATCCAATCAACGTCACGAGATCCCACAGGAATGTGGGAACGCGAGCCAACCACTTCCTGATGAAGAAAGCAGCTCCTAAGAGAGGAAAAGCAGGGAGGATGAGGTACGGCGGAAACTCCCCTGTCAGATAAAGCATGAGAAATCCGAGCAGCGCAACCAAGGTGACCGACAAGGCAAAGGCTCGTTCCAGAGTCATCGGCCCACACCTCGGACTTTGCAGAATTGCTTGCTCGCAATCAAGGGGAGCGCCACGGTCTCGCCGTCAGCGCGTGGACAGCGATCCTCTTCAACTAAGCGAATTTCCCAGTCCCTCACATCGAGAGTAGTTGTTCCAGGTGGCCACGCAAATAAGGTATCAATAAACTGGATAACCACCACGTCCGCTTCCACTGCCGGCAGCCGGATAGAATATCCCGAGAGATCGAGTTCGATAAGGGCAAGCGCTTGAAGGATGCGGTCGAGTTGTCCTTCCTCCTCAGCACATGGAATGAATCCACGGCTGGTTAAGAGGCCGACGGGGTGACGATGCTCCAAGAAGTAGTAAGCAAGAGAAGCAGTAAAGGCCACCGCTATCTCAAAAAGGTTTGTAAGCTCCTCACTGCGTGTTACTCCTTGAGGCAGGGAGTTCGGAAGAACTAAGAGAACCGCTCGACGTTCCTCTCGCTCAAATTCCATAACCATGAGCCGCTGAGCTTTCGCGGAGCTTCTCCAGTGAATTCTCCGCATGGGTTCCCCCTGCACGTACTCGCGCAACCCGTAAATATCTATGCCCTGTCCACGCTGACTTCGGGACTCCTGCCCCAGAGTCGAGAAGGAGTCTTTTAGCGAATCGTCGAAGGCGTAAATTGGAGGGTAGACGAGTACTTCAGCAGGCCGGTGGAAATGGACGGTGCGCTCAACGGTTCCAAATGGGAAACGCGACGAAATCGTGATCTTGTCCAATGCCACGAGACCACGCCGTTGAAAAATCGGGTGCACAGTCTCGTAGGCAACGGATCGGGGAGCGCCCGGATTTACCACTTCACAAAACGTTCCACCCACTGCCTTTCCTTGCGGAGTGTGATCTTTCACCATGAGCGCGAAGCTGCGCCACCAATTGCTTTTCCAAATACGAAAGTGGATCCGCGCAGGGTGTCCTGCTATGATTCGCCTTGGCAAAATGCGTTCGACATGGAGTCCACGTATGTTCTGGGGAGAAACGACCCCGTGCGCCACAAATATCGCGATCAGAAAACCAAAAAGAAAATACACAAGATTGGTGCCCGATTCCCAAGCGGCAAAACCGATAACAAAAATGAGTAGCAGCACCACAAAGCCAATAAGCGTGACGGAGTACGTTCGAAACTCACGGGGGTTCTGAAAGAAACCAATGCGAGACCAGTGCTTTACGCGATCCCACAAGCTGGTTGTGACGTTGAT
CP030759.1_gap25	644668	645806	1138	AGAAGGGCTCCATCACGGTAAAAGGGGAAAACGTGGACGAAGATAAGCTGCTTGAAGCTGCGCTTGAGGCTGGCGCCGAGGATGTAAAGTCCGACGATGGAAATTTCAGCGTGCTGACAGCCCCCAACGATGTGCAGTCTGTTCGTGAGCGACTGGAATCCGCGGGATTTGTGGTCGAACGCGCAGAAGTCCTGCAAATTCCCTCAACTACCAAACGCGTAGAGGGCCGGGATGCCGAAACGCTGTTGAAGCTTCTTGATGCCCTCGAAGACCATGATGACGTTCAGTCGGTAAGCAGTAATTTTGAAATGAGCGACGAGCTCATTGAGCAATTCCAAGGGCAATGACGGTAGCGGAAAGATAATAACATGAGGCTAAAGCCTGAAAAAGTGGAATACCTGGCTTCCCGGATTGCGAGAGAACTCCAATCGTTGCAGACGGTGACTTTTCTTGCGACCCCAGAGCAGGTCGCTGGGGCAATTCGGCGGGTTATCCTGCATGACTTGCAACGCGAAGACGAAATCGAGCGTGAAGCCGAACAAATCCTTCAGCAGTACCGACAAAAAATCAACATGCGCAATCTGAGCTACAACACCTTGCTTGCGAAGACCAAGCAAGAACTGGCGCGAAAGCGACATATCATCCTTTAGCGATGAGCGCCGGAACGAATCCGTCGGAGCGAGAAAAGAGAAGAGAAAATGCGGTTATCTGAAAACAGGATCAATTTCATAGCGCAACAGGTCGCGAAGGAACTTCTTGATCACCAGCTTATCAAATTTAGCGGATCACGGGTGATTCTGGAAGCCGAGATTGCCAAGGTCATTCTCGAGGACCTGCGTATCGAAGATGAAATTGACCGAGAAGTCACCGAAATGATTAGCAAGATGAAACGCAAGATTCCACCGGGAAGCGCCGAGTGGGATGCAATCTATCAGCAGAAGAAAGAAGAGATTGCCCGACGGAGAAATTACATTTACTAACCCAAGCTAAGTTGGTTTGCGTCAACAATCGAGCGACAAACAATCGACTCTCGTCGTGATCTCCAAATTTTCTTGTGGGGCAACCTTCACCAGAGGAGGAGCGCAAACTGGGTGTGCGACCTGATGGTCGTCGGCACTTACTTCAGCAAGCCCTTTTA
CP030759.1_gap26	737552	741704	4152	CACGAAACCATTCAAGCGCTTGTTCGCGAGATGGGGCAAAAAGCCCGGCAAGCCGCCGCTCAGTTAGCTATGTTGCGGCCGGAAGTGAAGAACCGCGCTCTTCTCGCGATGGCCGATCTGCTCCGCAAATCAATTGAAGTAATCCAATCGGAGAATGCCAAGGATATTGAGGCGGGCAAAGCGGCAGGCCTTAGCGCAGCAATGCTCGATCGTCTCTTGCTGAATGACAAACGTATCGAAGCAATGGCTCAGGCGCTCGAACAAGTCGCTTTGCTCGACGACCCAGTCGGTGAAATCTACGACATGAAAACTCGCCCGAATGGTCTGCGTGTGGGGCGCATGCGCATGCCGATTGGGGTGATCGGTATCATCTACGAGTCGCGCCCAAATGTGACGGTGGATGCGGCTGCTTTGTGTGTGAAAAGCGGAAACGCGGTGATTCTTCGAGGAGGGAGCGAAGCCATCCACTCAAACCGCTGTTTGGCTCGCTTGCTTGAAGAAGCTGGTAGCACCGCGGGTTTGCCTCAAGGAGCGGTTCAGCTCATTCCGGTCACGGACCGCTATGCCGTGGAATGTATGCTCAAGCTCAATGAGTCCATCGACCTCATTATCCCTCGGGGGGGAAAGTCTCTGATCGAGCGCGTCGTTCAGACCTCCACGATTCCAGTCATCAAGCACTATGACGGGAACTGCCACGTGTTTGTGGATGAGAGTGCAGATCTGGAGATGGCCGAGCGAATCGTCCTCAATGCCAAGTGCCAACGGCCCGGCGTCTGTAATGCGATGGAGTCACTGCTCGTTCACAAAGCGATCGCCTCGCATTTTCTACCGCGGATTTGTCAGCTCCTGACTGAAAAGGGGGTGGAAATCCGCGGCGACGAAGAAACATGTCGCTTGGTCCCAAACGCGAAGCGCGCGACCGAGGAAGACTACCGGACTGAATTTCTCGACCTCATCTTAAGCGTGGCGGTCGTGGATTCGGTGCAACACGCAATAGAGTGGATCAACACCTACGGGTCGCATCACACCGATGCCATCGTGACTCGTGATCACCAAAACGCGATGCTTTTCTTAAACGCCGTGGATTCTGCGTGTGTGCACGTCAACGCTTCTACGCGTTTCTCGGATGGTGGAGAGTTCGGGATGGGGTGTGAAATCGGTATCAGTACGGATAAGCTCCACGCAAGAGGTCCCATGGGGCTCCGAGAACTCACCACAAGCAAGTTTATCGTGTTTGGGGACGGCCAGGTGCGAACGTAAGTCGTAGCCAATATCCGAAAGGAGGGATTCTCATGCCAGATGGAGCGAATGGAAAAGAGGAGCAAGCCCAGTGGAAATTCGCGACGGTGGAGGAGTATTTGGAGGCCGGTGAGGCGCGCGCCACAGCGGAAGAATTGGAGCAGGCGGTTGAGATTCTCAGAGAAGCCGCTAACCGGTGGCCCGATAATCCGCAGGTGCATTATGAACTTGGGGTGTGCATTTTCATGCTGCTCGAGTCGCGTTTAGCCCACCTTGATCTTTGGGAGAATCTCGCGGAAGATGAAGCACTGGCTGAAGAGGCGGTGAGTGCCTTCGAAACAGCGATCGCATTAGATCCGCAGATGGCTGAAGCGTACACAAATCTGGGAAACCTGCTTGCTCTGCGGGGGCGCGTGCGAAAGGCGATTCAACTGTGGGAGAAGTCACTGGAACTTAATCCCGATCAGCCCGCAGTCCGGGACAATCTGACTCTTTACCGAGCCCAACTTACAGAAAAGGACTCTGGCGAAGGGGGGCAATAAATGGATAACTCAGTAAGGCCCCTTGAAGTGTGGAGAGATGGCAACCGAGTCCTGAATTGTTGTCGAAAAAAACTAAGCAAGAAGCACTTCCCTCGGCCGCTCTGAATGATGGCGCAATCGATTGAGATCATCTGCCTAAGTCATTTGGCATGGGAGCCGACTTTATTTCAACGCCCCCAGCAACTCATGAAAGAACTCGCGGCCAGAGGTCACCGAGTTGGCTATTGGGGATGCGTAGGACGCGAGCGTGCTCGGGAGTTAAGCACTCGGAATCTTTCTCGCGGAGAGGATCAGGGCGTCCATTTTGACAATCACCCATTTTCGGCTTTTACATTTCGTCCGCAGCCTATTCGAAAATGGTCGGTAACTCGCTCAATTGTTCAGTGGGCAGCGAGTGGGGAGTATTCTACTGCCCCCTACCCTCGGCGAAGGCTTTTGTGGATCTACCACCCGGCTTTACTGGCACTTGTCCCAGCCTTGGAATCCGCATTGGTCGTCTACGACGTAATGGACCGCTTTTTGAGTTTTCGGGCAAGCAAGGGGCAACTTGCTAAATGGGAGTCGGCCGTGTATCGGCGAGCCGACATTATTTTCGCAGGCGGGAGAAGTCTTACTGCTGCGGCGAGGCAGGATCTTGAGAAGTTAGGGATCTCGAAGCCAGTACACTGTTTCCCAAGTGGCATAGACATAGAGCATTTTTCGAGAGCACTCAGCAGCGACACGCCTGTGGCTGAGGATTTGCAGCAGATCCCAAGCCCAAGGATCGGCTACATTGGCGCGGTGGATGAACGGATCAACTTTGATTTACTTTCGCAAATGGCGCACGCCCATCCCGAATGGAATATCATTCTTCTTGGGCCAGTGATTGGCGAAGATACTCGTCGTAGCGTGGCAAAAAATATTCATTTTATTGGTGGCCGCCCGTATGCCTCGTTACCGACCTATCTCAAAGGTTTTGATGTTTGTATTCTCCCGTTTCGATCAACGGAGCTTGTGCAGTATGTGAGTCCAACAAAGACCCCAGAGTATTTGGCAGCCGGATGCCCCGTTGTGAGCACTTACATTCCCGACGTCGCCGCGGACTATGGGGATGTGGTAGCGGTTGCCAAGACTCCCGACGAGTTCATTGCACAGATAGAGAATTTTCTGCGATCGAAACCTGCCCCAGAGCAGTTAGCAGCCGTGGCCTGCAGTCGTGCTGCCACGTGGTCAGCTATTGCAGAACAAATGGAAGCAATCCTCGTGAACTCCCTGCAAGATTCGCGTGAGGATATTTGACAGCGCACATCTGCATCTCGCAGTAATGGGCTCCTGAGAGCAGACGATGCAAAAAACAGCTTTATACGATAAACACGTGGAGCTTGGGGCCACCATTACAGAATTTAATGGCTGGCTCATGCCCCTTTTCTATACGAGTATCACCGAGGAGCATCACGCGACACGGCGAGCAGTGGGGCTATTCGACCTGTGTCACATGGGGCGAATTCTTGTGCGCGGGACGAAAGCTTTCGAGTTCTTGAATTGGCTCACGCCGGCGCGCTTGCGCGAAGCGAGGGTTGGACAAGTTCTTTATTCATTCCTGCTCACCGACAAGGGAACCCCACTGGATGACATTACGATCTATGTGGGAAGCGACTGGTTTCTCCTCGTGGTGAATGCAGGCAATTGTGCCCGAGCGCTTGAGTGGCTTGCCTCCCATGCGCAAGAGTACGAGGGGGTGGAAGTTCGCGATCTTTCTGAGCAAATCGGAATGATGGCGGTGCAAGGGCCGCGAAGTGACGCGGTACTCCAAGCTTTTTGTGGGGAGAAGTGGGAGCCCTTGCGATACTATACGTTCTCGGGGGAGACCCATTGGGATTCCGCTGGCTCCACGCTGATTTCGGCAACCGGATACACGGGCGAATGGGGGTACGAGCTATTTCTCCCTGCCCACGAATTAGTCGCTGCATGGGACAAGGTCTTGGCCGCTGTGCGCGAACAAGGAGGACAACCAGCCGGGCTTGGGGCACGCGATTCCTTGCGTCTTGAGGCGGCAATGCCCTTGTATGGCCACGAACTTTCGGAGGAGATTACCCCCCTTGAGGCCGGATTAGGGAAATTCATTGATTGGGAAAAGGAATTTTTGGGCAAGCAGGCGCTCGTGGCTCAACGCGACGCGGGGATCGCACGCCGGTTGGTTGGTCTCGAGATGCAGCAACGTGGGCCAGTCCCGCGGCATGGGTATCGAGTTTTAGCTCGTGACCAGAGATCTATTGGGTTAATCACAAGTGGCCTGCATTCCCCAACACTGGGAAAGAATATTGCCATGGCTCTTGTGAAGGCTGAGGAGACGACCCTTGGCAACGAAGTGCTGGTTGAGATTCGAGGCAGC
CP030759.1_gap27	745684	746420	736	TTCTTGTGGGCCACGGGCACAATTTTACCCGTTATCACTACAATGGGACGACCTACGTTTTGGGCGGCTCCACTTCTTATGCCTACGTCCTGGGTGACCGGGCCTACCGCGCCTTTCAAGTCTCCCCTGACGGGATTCTTCCTTACAAAAGAGTGGTGAAGACGGATCGTTTGACGAGCGAATCCATGATTCCACGAACGCGAGCCCCCTCTTATTACGGGGAGATCACTCTTTCGGCCAGCCACAAAGACGGAAACGGGCGAATTCGTGGAAGAATTGCAACGACGGCTCCCCTGAGGGTCAAATCCGCTACCTACCAATTTGATCGCGGCCGACGCCTCCCATTAGAGGTGAGCCCTTCAGGCAAATTTGAAATTCTGGTTCCCGGTATGGCGCCCGGCTATCATCAGCTAAATGTCATGTTTGTGGATGACAAGAAGACAACCCATCTTCGGGTGGCGAACTTTCGAACAGATTTATTGGATAAAGATGGGCGTCCTCAGCCGCCAACGATTCGTCGAATCTTTACTCTGCCATCCGGGATCCAGAGCTCTCCTGTCGTGGACGGCCGACTTCTTTTCATCGGGTGCAATGACGGAGCATTTCGTGCGTTCGATCTGGTGAGTGGTGAACTTTTGTGGCAACAGCCGACGGGAGCGGAGATCATTTCGACGCCGGCGGTATCCGAAGGAAGAGTGGTGGTGGGTTCGAATGACGGCTATGTCTATTGCTTCGA
CP030759.1_gap28	750466	754476	4010	GTGGATCTCAGTGGCTGGGAACACTTCAAGAGCGGTTTCGTGAATCTGCTTTTCACCCACGTACTGTTGGGACTCTTGCATGGGAATGACAGAGCCCGCTCGCACGAACACGGCGGGTTGGCCCAGCGGCGCCTCCACGATTTGGTAATCAGGGCCCGTGAAGGTTGCACCTGTCCACCAATGCACCCACTTTCCCGCAGGGAAATACACCATGCGACGGTCTGCGCCCGAAAATAGAACTGGGGCGACAAGGATTGCATCACCGACCAAGAATTGATCAGCAATCGTTCGGCAATTCGTATCAGAGGGGAATTCATAAACCAACGGACGATTAATCGGCGCACCCGTTTCTGCTGCGGTCACAAACACCGTGTAAAGATAGGGGAGAAGCTGCATGCGTAGCTCAATCATCTTTCGTGCGATGTTTTCAACCTCTGAACCAAAACTCCACGGTTCTTGATCTCGTGTTCCTTTCGCCGAGTGGGTTCGGCAGAAGGGTTGAAAAACTCCCCACTCGATCCAACGCGCGTAAAGTTCCGGCGTACAATCAAAAGCAAAGCCGCCGATATCGCACCCCACGAACGCGATACCGCTAAGGCCCATGCTCAGATTTAGCTGAAGGTCGAGAATCATACTCGCCCACGTGGACTGATTGTCCCCTGTCCACATCAAAGCATACCTTTGTACGCCAGCCCAGCCCGAACGTGTGATTATGAAGGGGCGGTCGTCCGGCCGTGCTCGACGGAATCCCTCCCAAGAGGCTTGGGCCATGGTCAGGCCGTAGATTTGATGTATCTCGCTATGGGGGCGGTTCCTTCCGAAGTCGTATTGCAACACGTGACCCGGAAATTCCTTGGCGTCGAAAGTATGCGGCTCGTTCATGTCGTTCCAAATGCCGTCCACTCCCTTCGCGACGAGCGTTTGATCTTGGAGCTCTCCCCATCGTTCCCGCACATTCGGTCGCGTGAAGTCTGGGAAATGCGTTTCTCCGGGCCAAACGCGCCCAACAAACGGCTGGCTTGTCGCGGGGTCCATACAGAAGAAACCGGGTTGTTGGGCAAACTCCTTGTAGACCGGATAGTCGGGATCAATTTTCACGCCGGGGTCGACGATGGTCACCACCCGAAATCCATCGCGATGCAAATCACGCAACAATGCTTCTGGGTTAGGGAAATTCTGCGGATGCCAGGTAAAAACGCGGTAGCCATTCATGTAGTCAATGTCGAGGTAAAGAACATCGCATGGGATACGACGACGGCGAAACTCTGCCGCAATCTCCCGAACACGCTTCTCGGTGGGGTAGGACCAACGTGACTGTTGATTTCCCAGCCCCCACAGTGGCGGACGCTCCATGCGCCCTGTGAGTTCGACCCAGTCGCGTAGTGTCTCCCGAATGTCGCCGTTGAACCACAGCCACAAGTCGAGATCACCGGTTGCAAGATGGTAGGATGCCGTATCCGGGTTTGTGAAGCCGAGATCCCAAGTTTGGCGCCCCGGATTATCAATGAACATGCCCCATGCTCGTGTGCCGGCAGCGTTCAAATGGATGGCAAAAGGGATTTGGCAATAGAAGTTCTGTCGCACATTGCGGGAGAAGTCGTCGGTGTTATACAGCGTATATTTTCCGCCACGCCGATCGAAGAGTTCCCCGACCTCGCCCATTCCGTAAATGGACTCTTTTTGTTCCAGTTTGTGCGTTACTGTGATGCCAGAGCCAAAACTCAGCGCGCGCTTGCCACTTTGAAAGAGCACCCGACCCTTTCTATCGTGAACTCGAAGTGCAAATGGCTGGGAGCGGACAATGATTTCGAGCGCAGAGGTTTCAATCCGAACATGATCCGTTTCTTGGGTAAGTTTGTAGTCGGTCTTTGGCCAGCGTTTGCGTATAACGGCATAACTAACATCTTTTCCCAATTCGCCGTGTGCTCCGACCCGAAGTCGGAGAGTGTGGGCATCGGCTAAGGAAAGAGTCACTCGATGACCATCTTCGATCGCAGACCATATCTCCAGTGGCTTGTTTGGCATCGTCTCTTCAGGTTCCTCATTCTGTGTTAGTAACTGCGATTCACGAATGGAACTCGCTATTTTCGATGTAGTGGTCAGGGTAGAACCCATTCCAAGCGAAGTGCTCAGAATTGCCCACCCGCTCAGTAGAACAGCAACAGTAATTTGCAAACTTCGTCGCGCGCGAATCAGTTGAGTTGCGAATACATAGCACGTATTCATTTGATTGGTTCCGTAAAACCTTCCGGTGGTTTGCTCCCCCCAATTTCACACGCATCTTCGGGCGGCTGGGGCTGAAGCGGACGAACGGCGAATAGAAACTCGCGTACGAGTGTGCCGTGACGCAAATGTTCTTGGATGATTCGCTCTAAAACGGGAGGGGTGCACGAGTGATACCAAGCCCCTTCTGGATAGACGACGGCAATGGGACCGCCTGCACAAATCCGCAGGCAGAAAGACTTTGAACGAAGAATTGCCCCAGCTCCTACAAGGCCTAATTCGTCAAGGCGTGCCTTAAGATATTCCCATGCTTCGCGACTCGTCTCTGGGGAACAACATTTCGCCTTGCTCTCGTCACAACACAAAAAGATATGCCGTTGTGCTTTGGGGATTCCTACACTTTCGGCGATTTGCTTGAGTTCGTCGTTGGTCATTGTGCCACCCTTGCCAACTTCTCCAGTCCATTCTGAAGCGCTTCCACTGCAAGTAACGCCGCGTGCTTCTTCGTGGCAGGCAGGCCGCCCGCAAGCTGTTCGAGATCTTCAGCAGTGAGCTTTTGCAGCTCATCCGTTGTGCGCCCAACGATATATTCCGTCAAAATAGAGCCCAATGCTATGGAGGGCACACATCCTTCCACCTGATACTTTGCGACGGTTACTCGGCTGTTTTCTACTTTTAGAAACAGAGTCAGTTGGTCGAGACACGAGCTATTCTCGGCAAACCCGATAACGGTTGCATCAGGCAACGAGCCCACATTCTTTGGGGACTCAAAGTGTGCTTGGATAGTCTCGCTGTATTTCATTGCTGATCAGCAAGCGTTTCTCTATGTCGGAGGAGAATGTCAACCGCGCGATATTGGGAAGAAGTCCTCACTATGGAATGCGGAATGTTGGCTGAGACGTCACAGGAGTGTGGTTTTTCGCAAAGTGGAGATAAGATGGTTCTTCGCTTCTTACGGGCTTTGATCTGCTGTGTGGTGTGCATCTTGTCTTCGGCTGCCGTTCATGCCTGTTTTTATTCTTCCTATTCGTTTTCGGCAAAGAGCCCAAAGCGAACCAACCTCGACGATCTCCTGTATGACCGACTGCTGGCTGAAGAAAAGGAGCGTGGAGGTAGCCAGTTTTTCGTGCGGGAGGCGAAGGAGCTTTCCCGTGAATATCCCACAAAGCGCTCGGATCCAGCCTTTCTCAACGACTACGCCTACGTGACCTATATGAGTGGTAATCTTATGGAGGCGCTTCGTATATGGGAAGAAGCTCGAAAAATTGCGCCAGACGATTACCAAACCCTCTGCAATCTGGCAACGGCGTTTCATCTTCAGGGCAAATTCGACGAGGCCATCAGCCTCCTAACGCAGGCAACTAAGCTCCGCCCCAATTTTCGCTATGGAGCCGAAGAGTTGCACATTCGGCTTTTGGAGCATCTGAAGAAACAACGCGAGGATCCCCTGTACATTACCCGCGAACTTCTCTTACCGGAACTGACGCCCGCCTGGCAGAAGCGGCGGGACCCGCCGAACCGGTTTGAAGCGGAGAATTTGCCGAAAGATCTCAAGCAGGGACTTACCGAGCTCCTCAAGCAGTTTCCAAAATCGGGTGATACTTGGTTCGTTCTCGCGCTGCTTCTGGAAAGCTCAAAAGATTACCACCGAGCTCGGCTCGCTTATCAGAAGGCCTTGAAAACCGGCTGTGGGCAGAGTGAGGCGCTGCACTCCTATATGAAGAAATATGTGGCTTTTGAGGAGAGCCGGAATCCCATTCACTACGTGGGCCGAATGTTTCTTGGGG
CP030759.1_gap29	886915	889475	2560	AAGTGAACCGTTCGGCTTTCCGTTCTTGTAAAACATTGCTAGGATGGCTGGGTTCTCAAAATGCTCGTTCTCGGTTGTCGGAAGTCCATCAGACCCGATCCGAAAATTGGGAAAGAGAGCTGGGATCACGAGTGCGTAGCGGCTGTGGGAGAGGGTTCTTTCAATATCTTCTAATGTCATGGAGGCAGGATTTTGCTCCACTCTGCCTTCCTGCAAAACGTGGTTTCCTCTCAGGTCAAAAATCTTGTAGGCGATTTCACCCTCGATGGCGCTCGCTTGGAAAAACGTATTGTCCTCACCAGCCATAGGAATGCGCACTGGATCGTTCGGAGAGACGTCGAGTACGTACGTTTGGCCCGTTTCGCGGTCCGTAATAGAGAATTTGCCCCGGACTACCTGGGGATTTTCCGAAAAACTATTCTGGGTGATTTTGAATCCGCCATAGACGAGCGGATGGGCCATAGATATCTCAGCAATTTCAGAATTGCGACCGTCAGAAACCTCCACCAACGACGAGAAACTTTTTGCGACCGAACTGTTGGGATAGTACTCTGCGCGGAAGTCAAGCGCGCGAATGTTGAATGGCAAAGGGCGGGCTCGCAGATTTCCTTCAACAGGTTTCTTGAGGCGATCGATCCGAGAGTAGTACACGTCTGTGGTCTTGCCCTCAGGGAGGATAATTGTTGCGTCATAAACTCCCCACCCGAAGTCGTCCGCATAGATTCGAAACAAACCAGCGGCCATCACCCAGAGGAGCCCGATGTGAATGATAGTAGCTCCACAACGACTGAGTAACCCTTTTTGCGCGTACCACGCGTTCCCGTCCTGCCGGACCACAGTAAACTTCCGTTGTAAAGTTTCTGTGATGTCGGCGGTGGGTGGCGTACCTGTGATTTCGGCTGCGTAAGGCAATTTTTCAAAGAGCGAGGGACTACGAAGAAAGTGGCGCCGCCAATACAGGGTGAGCGCAATGACAGATTTTTCCCAAGAACACAGGATGAGATTAAGTGCCAACAAACCCAACAAGAACAAAAACCACGGCGTATGGAATACCTTTGCCATTGCATGATCCACCCCTGCATTGGGCGATGCCGCAAGTAGAGAACCGTAGACGCAGGCAAGGGTGACCAAAACAATGAGAACGATGCCAAGTCGAATCGATGACAGGTATCGAACGAGTGTTCTCACGAGTTTCTTCTGGCCCAGTCTTTCGAATGAATCGCAATCAACACCATCGTGGTCAGATGTGGATTAGTCTGCGAGTGCAGAGATATTCCCGAGAAAATAGGGCTAAATGAGTTCTCTTTTGCGTGTTGGGAGTTCTACTTCCCAAAAACCTCACTCAGAACATCCTCAAGCGAGCGAACGAGAACCCCCTTACCGGATCGGCCGACAAACAGAATCGCATCATACCTGCGCAGATTCTGCTCTGTGAAGATCTCTGTTTCGTAATAGGGAACAAGGAGAAAGCGGCGACCATCCTGCATTTTCAGGACGGCCGCAGCTCTCGGGTTTCCATGTAAGGCGACATGCGATTCTATTTCTTTCAGAAGGCCAGCAGTACGAAGTTGCTGAAGAACTGCTCGGCAGCTTTCCTCCACCGGAGGCGCAAGACTGATTTCATTGGTAACTTGCATAGTTGAGTGGGCGGTGTGGCCGCTTTGCAGCTCTGCGGGTACTTGGGGAACAGAAGGGGAAGGCGGGGGCTCACCCGTTCTGGTCTGGCCGGACGTATTGCCCAGCAGGGCCAACATACGCGCCTCAAACTCTGCTGCGGCGATTTCCTCCCGCAGCTTCTGTTCTTCCAGAGTCCGACGCACATGCCAGATCACGTAGAGGAGGAGAACGCTGGCTACGATAAGCACTCCCCACGTAGAGTATGAGAAGAGCTGCTCCACCCACCCCACCTCTGCAGCCTGATCAAACGTTTGAATGGGAAGCGATGGCGACGTCAAATGATGCTCAGGAAATGATGCAGTCACCAACCGGGGTGTTACACCCAACACTGTGGTGGCGATCGCTCGGCTTCTGATTAAAGGTAAAACACCCATAAAATGGAGACCAGCCACAGAATTACAGTTGCTATGAGGCCGGGATCTTTCAAGAGAAGAGCCTCCGGGGCACCGCCCTCATCGCGTCGGTAAACAAGGTATAGATAGCGGAAAATCCCATACAGGACAAAAGGAAGCGTCCATATCATGTGTTCATGGTGGTGCACGCTTTCTTTCTTCACGCCTGAAGTCACGTAGAGTGCGTAGCTCATAACAGTAGCCGTGGTGACAACGCTGACCATTTGATCAAGGAACGCAGGGGAGTAGTGTTCAAGCACAGGGCGATGCGAAGTGGCTTTGCCAGCAAGCAAAATAAGCTCGTGGCGCCGCTTGCAAATTGCCAGAAACAGGGCTAAGAAAAGCACACAGGTAATAAACCACGGTGTGATGGGGATGTGCTCGCCCGGGTTTTCAATTGCGTAGATTCCCGCGATAGAGCGAATCACAAATCCCATGGCCACCACCATGAGGTCGAGAATCACCAAGTGCTTCAAGAAGAACGAGTAAGC
CP030759.1_gap30	892470	894962	2492	ATTAAGTGATCTGCAGCAGAAGCTCGCCACAGAAGATAGAACATGCGACTTCTTCGTATGCGACGTTACCCAACCGCATTTAGTCAGGGAGCTTTTTGCACACTGCCGCACGCGCTACGGGCGTCTGGACGTACTTGTGAATAACGCTGGGGTGTTTCGGCATGCGTTACTGAGAGATACCAGCGACGAGGTATGGCGGTCCGTTTTAGATACGAATCTGAGTGGCCCCTTCTTGTGTTGCCGTGAAAGCTTGGATCTTCTGGCTGCGGCGCGTGGGCTCATCATTAATGTTGGTTCGATCGCAGCTGTTCACCCGGCTAAAGGTATGGCAGCTTACGCGGCGGCAAAGGCAGGCCTCAAGGCACTTTCAGATGTTTTGCGTACCGAGGTACGAGAATTCGGCGTACGCGTATGCACACTTCTGGCCGGTGCCATAGCGACAGAAATATGGCAAGATTCCGGACTTTCACGCATTCCACCAAGAAATTGCATGATCCCAGTTTCAGACGTGGCGCGTTTTATCTGCTTTCTCATTGGTCTCCCTCCAACCATGGTGGTGGAGGAAGTCGTCCTTATGCCGCCTAGCGGGTTGCTGGATCTTATCTGAAGGATCGAAGTAAGTCTGGTAAAATCTCCTGTGGTCGGCGAGGGGCAAAACCAAATGCGCCGACAGCTTTTTGAATGTTTAAAGAAACATCTTTGGGGCGTGGTGTGGCAAGCTGTGCGTCGGCAAGTGTTGCGGGGGTGATCGTTGATTTTGGCACACCAAGCGCATCAGCTACCATGAGCCCAAATTCATAGCGTGACGTGCGCTCGGGTCCCGCGGCATGCCAAATCCCTTTCGCATGAGCTAATAACATCGCCAACAGCAGTTCTGCGAGATCTTTCACGTAAACAGGCGTTCGAAACTCATCCTGAAAGAGCACCATGTTGCCATGGCGGAGACCTTCGACCAGCCAGCCCAGAAAGCTACTGCGTCCGGTCGCTGCTGGTGGGCCATACATCAGCGCACAACGTACGACAGCCGCGGCAAAGGGTGAGGCGAGGACCAGCGTCTCAGCGAGGCGCTTAGTTTGTCCGTACACCATGATTGGGTTGGGTAGATCATCTTCTTGGTAATTCCCCTTGGTTCCATCGAAGACGAGATCGGTGGAAATATAAACAAAGTGGGGAGGCTGGGGGAGGGCGCAAGCTGCGCTGATCAGGTAGTGGGTGGCAAATACGTTGGCCCAGCACGCACGGATTGGATTGCCTTGACACCGAGATGTATTGGCTTCCGCGGCAGCATGGATGATGTGGGTGGGGCAGAGTGCCTGCACAAGAGCGCGCACGGCGCTTTCATCTGTCAGGTTGCAACGCACCCATGAGCCACCTCGGATCCGAGGCGGAGACGTGAGCCAAGTTCCAGTTACTGGGACACATCGCTCTATGAAAAAATTACAAACATGGTAGCCCAAAAAGCCGGATGCTCCGGTCACGAGGACTTTCAAGATTGGTTCCCCCCTAATCCGCCAATGTCTACCAAGCGATCCACTGCACTCCGCAGTTTCTGGGTGTTTGTGTGAGTGTAGATTTGCGTTGAAGTGATAGACGCATGTCCCAAGAGCTTTTGAATCTCCAGAATATCCACCTCATTGAGGTGGAGTAAAGTGGCGAAAGTGTGTCGTAGTTTGTGTGGGCTAATTTTAGATTTACCAAGCCCAGCCTTACGGACGTATTTTCTTACGATGTCGAAGACGGACCGCCCCGTCAGCCTTCCTCCCTTGCGATTTACGAAAAGCGCATTGGGGTCGCCAGTTGCAGGCCGCACCTCTAACCATGCGTTCAGAGCGTTCATGACAATAGCATTGAGTGGAATGAGCCGCTCCTTCGCACCTTTTCCAAAGACCTTTGCGGTGCATCGCTCGAGGTCAATGGAGCTGAGATTGAGCCCAACCAGCTCTTGTCGGCGCATTCCCGTGAACCCGAGTGTGACCAGGATCGCGTAGTCGCGAATGCCCCAAACATCGGAGGGGTCAGGTGCCGCCAGAAGGCGCTGTAACTCGCTTTCGATCAAATAAATAGGCAGTTTCTTTGGCAATTTGGGATTGTGTATGTATGCTGCGGGGCTCACTTCGATGTGCTGCGCCTGCACACAATATTCGAAAAATACACGGAGGCTCGAGATGGTGCGTCCCAAAGTCGTGCTTTTATAGCCTTTTTTCTGCTGGAGGTGTGCAAGGTACTCCTTGATCTGAGCCGCAGTCACTTTTTTGACGGAAGGCTCCGCCCCCAAAATCCGGATGAGATATTCTTTAAATTTCTGAAGATCGTATTGATAAGCTTTGCGCGTGTTAGGGGAGAGGTTGCGTTCCACTTCCAGAAAACGATCAAACTCGAGCATCACTTGCGAGAACAGGTGAGAACTCGTCATTGTACCCATGCTCAGCAGCCACCACCGTCACAATTGATCAGCTTGATTGTCTTAGATACCATTTCGCATGGGTGTTGCA
CP030759.1_gap31	898366	900758	2392	GGGCTATTCATTCAAAGAGGATTTTTTGGAAGAGAACAGAACCGTCGCCCCCTTGCGCAGCGTCAGAGGTGTAAGTCACGACTACCCCACCATCGAACGGGGCGACCGCAGGCGCGTTATAAAAGCCACTGGTTCGGCCGTCGCTGACCTGAAGAACGTCCGGATGATCGGTCGGCAATTGAACGCCACGCGTATAGAACACTTGGGGCCGACTTGTCTGGTCATCCATTGAGCACCAGACAGCTATTAAATTGCCCGAAGAAAATGTTCCCACGACAGGATGGTTTAGCGCTCGCGGCCGGTGGTCAATAATTGTGCCGGCGCCCCGGGTCAGTGGATCTTGCAATCCCAAAAAGATCCGCTCGGTTTCTTGCACTTGGTCGTACCAAATACCTGCTAAGGCTTCTTGCCCTTTCGCAAATAGCCCGGGAAGGCGATTTGCTGGGAGTTGATCGAGGTTCTTCGGAACAAAGAGCTCCCAAGTTTTCTGCTCTCGGAGGAATCTGGCTGCGATCAGGGAGAAGGTGGCGTTTTCTGCAGCGTACCAATACACCACGGGTGTGTCATGTTCAAACTGGATACTTGGCATTAGGTTATAGTTAATGGCTTCAGGGGTAAGTCGGTGCACGACGAACTCTCCCCTATCGGCGCAAAGTTCGGCGCAGTAAATGTTTACGCGATTTGCAGTGCCCGACTGCCAAGCGATCCAGGGGCGGCCATCTGGTGCGACAGCAATCGTCACAGCATCGGCCGAGCCGCGCAGGTCATCTGCGGCGACAAGAGGAATGGGGGGTACCCATGCTTCGCTAATACGGGCTGTGTAGAAAACGACGTCGCGCTCCGACTGGCGCCCCAACCACACCACATGGACATTTCCCATGTGGTCAACGGCAACGTCAGGGGAATGGTTTGCAGCAGCAGGCTCGGCATCTAGCACAAACTCGTTCAGCCACTCCCCTTGTACACTCTCCCGGCCAACGATCCGGCGCTGTCCAGCAACGATTCCATCCCATACCACAAAAACGCGATCTCCACCCGGTGTGACGCTAATCGCAACATGCCGGTTCTCTCGCGATTGTTGATTGAGTACTTCCGCCGGGGTCACTCTATCTCCAAAACTTGCCGCAGCCATAAGCGATAGCCCGACGACCCACCCCCGCAGGGGCAGGTTCTGTCCCCAAATCAGCCGTTTTGTGAGTTGGGAAAATAGGTATATTCTCATCGGCGTCTCGGAGCAATTTATCTGCTAAGGCGGCGAATGTTTCAAGTAACTTTGCGAGGTATTTCTTCCTCTTTTTGAGCGCTCACTTGTGTTTGCTTTATGTGGCACGCATCCGCAGATTTGCAGCATTCAGATTTAACCCTGAGGAGCCCACTTTCTCCTTTTGCAATAGAGGGGGCTAAGGCGGCCCGGGGCTCGACTCTCCCCTCCAGCACTCAGTTCAACTAAGCGTGACAAAACTCTTTGGAAATCGCGTCAGGTTGCGGGGCCCGTTCTTCGTCACAATTACAAGGTCCTCGATGCGGACCCCACCTTTCCCCGGCAGGTAGATCCCCGGTTCTACTGTGACCACCATTCGTTCCTCAAGAACGTCCTCTGAGTTGGGGTTGAGCGTTGGCGCCTCATGGATTTCTAACCCAACGCCGTGTCCTAATCCGTGGCCAAAACATTCTCCGTATCCGTGCGCAGCAATGATCTGCCGCGCCGCAGCATCAACCTCGCGGGCAGAGATCCCGGGCCGGATTTTCTCAAATGCCGCACTTTGAGCTTCCAAGACGATTTCGTAAATATTTCGGATCTCGGGTGTGACGATTCTCCAACCTAACGTTCGCGTCATATCGCTGTGGTAAAATGCTTTTTTTACCCCCATGTCTATCAAAACTAGACCTGAATTTTCGATGCGTCGCCTTCCCGGTCTGGCGTGGGGCAAGGAACTGGTTGGTCCAAAGGCGACAATTGTCTCAAATGCCTCCTCCACGCCGAGAGCGATCATTTGGGTTCGGATGTAGCGCTGCAGGGCTTGCTCTGTGATCCCTCTTTCGATGTGCCGCACGGCAGAGCGGAGAATTCGTTCGTTAATACGTTGTGCTTGCTCAATCGCCCGTATCTCTTGAAGATCTTTTACGGCACGCAATCGGCGCAAGAGGCGACCTGACTCGACCAATTCACACGTGGAATTAAGACAGGCCTGTAACTTCTGAACCGACTGAAACTCCCAGCGTCCTTCGAACCCGAGTCGGTGAATGCGGTGTCGTTGGATTATCTCACCGATTTCGCTCATGCCATTTTGGGAAATCCGCACAACAGTAAGGTGCGATAGCGATCGCTCCGCGATTTCGATATAGCGAAAATCCGTAAAGAAGAATGCTTTATCCTGCAGTACGAGAATCA
CP030759.1_gap32	903547	907114	3567	CCAGAATCGAAAGCGAAATCACCATTTCCGCAATCGAGAATCCGCGCTTATGTCTGGCGAGCCTCTGCGTCATGTCGTTCCTGCCCTCACAAGTGTGGACATACTAATGGTTTGGACCCTGGAACTGCTGCCGGGCGGCTGCCACGACACCGTCACCCGGCAAAGGGTGAGGCGTCCGTAAATAGCAGCAGGTTGCGGATTATCCCAATCCACCGTCCCATCATCCCGCACGGGGTAGAAGGTGACTGTCACAGTCGCCTCAATTTCAAGGCCGGGTGCGTTGAAGGGAACCAAAGTTTTGACCCCTGCATCGATGGATGCATTTGTATGCGCTGCTTCGAGCGCTTGGCGGGCATAATTCAACGCTGCCAGCCGCTGCTTATCGAGTTCCATGGATTGTCGGGTGAAAACCATACCGCCAATCACCGATATTCCGACAATGAGCGTCAGCAGCATACTCACCGTCGCTTCTACAAGGGAGAACCCTTTATTTCGCTTTTGAGTTTTCATGTGTTCGCCCAGCAACTCTGGTCTGGTCCACTAACTATAACCGGTTATGTGCATTTTTTGTGCCATACCCCCTGACAAAAGCAACCGGAAAATTGGGATCAAAAACGTTCCAACTATCAATCGTCTGCCGCGGGAGTTGAGGGAATATTTAAACCTGATGCACAAAAGTTGTGCGCCAAGTGAGTGATTTTGCTCTCACTTGAGCTCAGGAGGTTTAGGTGGAATTGGGGGCATCTGCGCCGTTAGTCCGTGATTTTTCGCTTCAAGTCAGGCAAGGTACTCTTATCACCAGCTCTCATGTAACGCGACTCGTTGCCCGTGGCGGTCACATTCTCGTAGACACCATGGTCACGCTTAACAAGTTTTGTGAACCCAAGTTCCTTCAGTTTTGAGTCACCGATGGGAGTGCTAATCCCCGGCGCAAAAAGCAGTTTTTCGACTGGCGCGTCGGCTGGTGTGTCACCGAGTTCTATGCCCAATGCGGAGCACACTTCCCCCCACGTCTGGAGCCGGACATTCATCGGGTGCAAAACTTCGACCGAACGTCCGTTGTGTGGGCAAAAGTATTCGTACACAGGCATCGCGTCAGCCTCCCCTGCAACACCAAACTCAAGTTGTGTCGAGCCCGAAGATTTTATACGATTTCGTCTGGGGTAATCTTCACGCGTTGGTGGCGCGAAGAGTGTCGCTCGGCTGCGATGATCTTGCGAATGGTAGCAATGGTTTGGGGCAGATCGTCGTTGATCACGACGTAGTCATATTTCTCGGCAAAATTGATTTCATGGACTGCGTTGCGTAGCCGCTTTTGAATTTCAGCTTCTGAATCTGTAGCACGACTCCGCAATCGTTCTTCCAAAACTTTCATCGAAGGCGGCAGGATATAAATCAGTACTGCCCGATCATTCAATTTCTTGACGTTCAAACCGCCTACAACATCAAGGTCGAGCACAACGTCCTTTTTCTCAGCAAGCCTGGCTTCGATGAGATCGCGTCGGGTGCCGTAATAATTCCCGTGGACCTGAGCCCACTCGTAAAAGGCCCCCTCACTGACGAGACGGTGAAATTCTTCTTCTGAAACGAACCAATAGTCTCGTCCGTTAACCTCTCCCGGCCGAGGGGGGCGACTTGTCACCGACACTGAGTATTCAAGTTTAGGATCGGACTCAAGAAGAGCGCGGCAGACCGAGCTCTTCCCGCCACCACTCGGCGAAGACAAAACAATAAGCATTGCGAGTGATTCTAACTCAATTGGCATAGTTGAACCGCGTAAATTTGGGGTGAATGCGTGTCAAGACCCAATGGTTGTGAGTCGAACGAACCGGCGGTACACCATTCGCCATGCAACTATCCCCATTGCAGCGGCAACGCAGTCCACCGCCCAATCAGCTAACGAGAAAGTGCGCCGCGGAACAAAGAGCTGGTGAATTTCATCAAGCAAACCGTACGCAGCGCAAAGCACAAATGCACCGATCAGACGCGTCAAAAATCCCGGACTCGCGGAAAAAGGACTCCCCACAGAACAAGCTGCTGCCACTGATCTTGCAACGAGAAAGCCGAGCGGAAAAAAGAGAAGCGCATGCATACCTTTGTCGGCCTCTGGGATCGGAACCTTAGGAAATCGGTACCCCGGAATGGACGAAAGTAGAGAGATGAGGCTTGCCCAAGCTGCGGGGGGAAGCCACCGCAGCCACCTATTTCCGGCAGCAGTGACACACCACTCCCCCACTCGCTGCCCAAAGCTTCTTCGCCTTTCGCGCAGGGAAGTCATGCCAAAGATACGGCTTCGCGAGCTTTCTCGTAAATGAGTTTTCCCCCAATTTCCACAGAATCAACAATGCAGATGATGGCCGCATCCACCGGCTTGTTCTTGGTCTGCTCGGTAAGACGAGCGCTGCTACCTTGAACAACGATCACCACTTCCCCGATGCCAGCTCCAACGGCATCACACGCGACGACATACGAATTCGTCAGCTTCATATCAAGGCTGAGATTCTGAACCAGCAGGAGTTTAAACCCTGTCATGCCTTCGTCTTTGTGGGTGGAAACGACCGTGCCAACGACTCTTCCCATAATCATTGCGGCTCATCCCTTAATCGAGTAGGTTGTTGTGGATAAATTGTGAAAAACCGTGGAAATTCGCACAGTTGCCAGGTAGTTCCCTTGTCAAATGAAATGGATTGGTATTTAACTTTGCGTAAAACACTGACATGAAGCAACTTGTACGGCGCTTTCCCCGACCGAGAGCTTCTTATATCTTAACAAATCTGAACCGAGCAACTTCCGATTCCAATGGAATCTGAAACTTCTTGTGGATAAATGCGCAAAGTAAAGGACAAAATCCGCAACTATTTTGGGCTCAGCCCCAAATAGCGGTTTGCTCCTCCTCTACTACTAAGTGTGCCAGCTGTGCCTGTCGTCGCGTCCGCTGTTATGGCCCTGAGCTCTTAAATCTTGGCCAGAGTTGGTCTACCGTGAGTCTCTTCCCAGCACGCAATTATTTTTTCGGTTCAGCGAGGATGCACAGCTTTTTGGCGATTGCCTCGAATTCGTCACGATATTCAAGCTGGTTTAACCAGCGCTCCGGAATAGCATGCGCGCCGAACCGTGCCCCTAAAAATGCGCCCGCAATTGCACCAAGAGTTGCAGCATCTCCCCCCAAGTTAACAGTGCGGACCAGTCCTTCCTCAAAATCAATTGCGTTGAGAACAATCCAATAGGCGGCCTGAGCGGCATGGATAGCACGGCCGTCGGATTTCAAATCCTCGTATTGAAGCGAGTTCACAGCCCGCAACGCCTTGACCATGTCTTCGGACGGGGAGTCTGTCCCCACAAGCTCACGATACTCGCGTGATTCTCGTGCATCGGCGACAAAACGCCATGTCTTAAACAGAAGCTTGGACGGATCCTTACCTGAGGTGAGATACGAAATCCCAAAGTTGTAGGCGATGGCGGCGTCCACGCATCGTTGGTCAAAATGCGTTAGCCGGCACACCTGAATGGTGTCAGTGATCAGTTCCTTGAACAACACACGCCGTAGAAGGCCAACGGGCATCACAC
CP030759.1_gap33	910530	914749	4219	AGGCAGCCCATCCCAAGAGAACGAATGCGCGTGATTTACAACGGCATTAGTGTGAGCCGGTTTGATATTGTGTGCGATCGGGAACGAGTTCGAGAAGAACTCAACATCCCACAGGACGCATTTGTGATCGGCATGGTTGCAAACCTAATTCCATACAAAGGCCACCGGGAAGCGATTGAAGCCTTTGCTCAACTGCATGCTAAGCATGGGAATATCCGCCTTTTGCTTGTTGGTCGTGACGATGGGATCGGCGACGAGCTTCGCGCATTGGCGGAAGAACTTAGGGTGGGAGAGAAAGTGATATTTACTGGACCGCGGAGCGATATCCCACAAGTTATGATTGCAATGGACGTGCTTCTCAGTGCGTCACATGAGGAAGGCTTCTCAAATGTCCTGCTTGAGGCTATGGCCAGCCGCCTACCAATCGTTGCTACTCGCGTCGGCGGCAATCCAGAGGCTGTCGTGGATGGCGAAACGGGATTCCTTGTTGATGTGAAGGCTCCCGAACAAATTGCGAAGGCATTCTCCACCTTAATTGAGAATCCTAACCTCGCAAGGCGCATGGGCCAGGCGGGGCGAGAGCGAGTCGAACGAGAATTCTCGTATGAAGCGATGATGCAGGGACTCGAAAGGTTCTATGAGGAACTGCTTCAAGACATTGACTTGTCGCGTCACGCTCAAGCGTGATATCAAATGTTGCGACAGTGCAGTAGCGCTGCGGCATCTTCTATAGTGAGGAACGAGATGAAAGGCATTATTCTTGCGGGAGGATTGGGTACGCGACTCTATCCTCTAACCAAAATTACCAATAAGCACCTGCTTCCAGTTTACGATAAACCGATGGTGTATTACCCTCTCGAGCAGCTTGTAGGGGCCGGCATCCGTGATATCATGCTTGTGACGGGCGGAACCTACGCCGGCCACTTTCTCAACCTACTTGAGAATGGCGGCGAGTTCGGCCTGAGGCGCCTACACTATGCTTTCCAGCGTGGAGAAGGTGGCATCGCTGACGCGCTGAAGCTTGCCGAGGACTTTGTGGATAACGATCGCTGTGTGGTCATTTTAGGGGATAACATCTTTGAGAATCCTATAGCTCCGTCTGTTGAGCGGTTTCGTGCTCAAGCCGGCGGCGCAAGAATTCTGCTGAAAGAAGTACCAGATCCGCAACGATTCGGTGTGGCAGAGTTGCGAGACGGAAAAGTGGTTTCGATCGAGGAAAAGCCGCTTCAACCGAAAAGTCCGTACGCAGTCACCGGCGTCTATATGTACGACGCGTACGTTTGGGAAGTTCTCAAAACCCTCAAGCCCAGCAAGCGAGGTGAGCTTGAGATCACAGACGTTAACAATGCCTACATTGCGCGCAATGCGCTTGAGTATGACATTGTGGAAGGTTGGTGGACGGACGCGGGGACTTTTGAGAGCCTGCTTCGCGCAAATCTTCTTGTAGCTGAGCAGCGAAAAGCCTCTGCCCCATCCGCTTAGCTGGCCCGCAACGAACTGCCGTCGGCGTAATAAAAGTGGGGGGCAGCTGCTAAGCCGCTGGCTGCCCCTCCGAACCTTGTTCGCTCAGCAGTGCCATCATCTTTTCTCGCATTTCGTTTGGATAATGGCAACGCTGGAGCGCAACTTCACCCGTAATGATCCCACGCTTGTACAGATTGAGCAGATAGTCATCGAGAGTAATCATGCCCTGCTTCGCGCTCGTTTGGATCGTGGAAATAATACGGTTCACCTTCTTCTCGCGGATTAGGTTTGCCACTGCGGGAGTGTTGTGAAGGATTTCGTACGCAGCAACACGGCCCTTACCGCTCGCACGCGGAACAAGCGTCTGGGCGATGATTGTGCGAAGCGCCACAGAGAGCACGGCACGGATCTGCTCCTGTTGGTTCACCGGGAATGCGTCAATGATGCGGTTTACAGTTTCGGATGCACTCACGGTGTGCAACGTTGCAAACACCAAGTGACCTGTTTCCGCAGCCGTGATTGCGGCTTCCATCGTCTCAAGGTCGCGCATTTCACCGACCAGGATGACGTCTGGGTCCTGACGCAACGCGCCACGCAGCGCGTATGCAAAGCTTGGGGTATCGACGTGAAGCTCTCGGTGCGTGACAATAGCTTTCTTGTGGGGGTGAATGTACTCTAAGGGATCCTCGATTGTAATGATGTGCACGTAGCGCTCGGAATTGATGTAATCGATCATGGTCGCCAACGTTGTGGTTTTACCGGATCCAGTGGGACCAGTCACGAGCACCAAGCCACGGTGGGCGTGGAGCACCTCAATGATAGAATCTCGCGGCAACCCAAGTTGGTCAAATGTTAAAATTTTGGAAGGGATGAGACGCATCACGATCGAAATGTTGCCGCGCGCGCGAAAGACTGCGCACCGGAAACGCGCTAAATCGCTGTAGGCGTACGCGAAGTCAGCACTCCCGGTTTCTTGGATCATTTGCTGATACCGGGGCGGCGTGATTTCGCGCATAAGGCGGTCGGAGTCCTCGGGTGTGATGATGTTGGGGTCTACGATGTCGAGTGTTCCGTGCAAACGCATGACAGGTGGCTTACCCACCGAAATATGCAGGTCTGATGCGTCACGTTCCACCACAAGCTTGAGCATTTCGTTCATTTCAAGCATGGTGCTTTTCCTCTCCCTTCACTCCGATTCCTTTTATGGTGTGAGTATATAACGGTTCGACCACAACGCTGAGAACTCAATTTACGTTGATGGGACGCAATGGCTCAACGCGTCAATTATTTTCACACTACTTTTTCCACTCCGTAGGTGGGAGCAAGCGCGAGATGACGGTGTCTTTTGCACTCATTGCTCCTGGGAAATCCCCGAAGACTTCGCTTGCAAACCCAATACCAGTGGCCTCTTGGGTGCTCCAATAATGCATGCCCACTCGTTTCCCTGCTTCGTCAAACGCCCAACTAATAAAGATCACACTGTGCCCGGATTTGTTTGTCCGCCAAATCTGGACAAAATCTCCTGGGAGTGCCTCGTCGGGGTTCTCGATCCGCCGTCCAATTCCGAGAGAGGTCATGGCTTCGTCAGGCCCCGGCGCATTGATTGCGCGACAGAACCACAAGGAACGCATTGACGTTGGGCCCACCTCTTCCCACAGCGGTGGGGTTTGGGCTTCGCTTTCAAGCACACGGTAAAGCACCTCAAGGGTGAGTCCGCAACAATACGTTCTGCCCTTGGGTTCCCCTTTCATGACGAGTTGCCCCCGGTAGAGGATGTCTGTTGTACATCCATCATAGTTTGATTCGCCTTTGCGTGGCCACCAATAGGAATGCTGACCGTTACGGGGATATCCGAGAATGGTTTGAACCACGCGCTTATTCATTTGGGGGAGCTCGTCACACACGGCGTTCAGGTATTCAACTGGGCAAAAGGGTTGGATGGTGGTTCGCGCGACCTCTACTTTCTTGTTCTTCGTTACGATGCAAGTAGTCAACGATTCGCAGCTTGTGGAGGCTGTTGCTTTTTGAAGGCGAAAAGCTTTATCTTGAGGAAGCTGAGCAAAGGCCCCTGAAGCGCACATGAAGGCCCAAACGAATCCGTACCTGGAAAACAAGTTTCTCCACCTCATAGGTTAGCCCTTTCAATCCGTTGTAGAGCTTCTGCAATTCTTTCCTCAGGAGCAGTGACAGCCATGCGTATGAACCCTTCGCCGGCATCCCCGAACGCAGTGCCGGGTGTTACCATAACCGCGCAGCGACGCAGAAGCTCACGAGTCATTTCAAAAGAAGACCTCTTGCCGCGTGTTCGCAACCAAACGTAAAACGTCCCTTCCGGGCGTGTAAAATCTTCCCAGCCGATTTTTTCAAGGCCCCGAACCAGCACCTCAGCTCGTTTTTGGTAGGTCTCTAACAATGGGGGCACAATCTCGTCGTAATGGCGAAGCGCCACAATTCCAGCATGCTGAATTGCACCAAAAACTCCAGAATCCAGGTTCGACTTAATCGCCAGCAAAGCTTGAACAAGTTCCGCATTGCCGCACGCAAACCCTAAGCGCCAGCCGGTCATATTAAAGGTTTTCGAGAACGAGTGCATTTCAATGCCGACTTCTTTGGCGCCAGGAATTTGCAGGAAGCTCACCGCTCGCTTTCCGTAAAACGCCAAGTCAAGGTACGCGGCGTCGTGGACCACGATAAAGCCGTAGCGCTTCGCAAGGGCGACAACCCGCTCAAAAAACTCCTCCGTCGCAAATGCTGC
CP030759.1_gap34	929631	931925	2294	AGCTGAGGCAGCTCATCAATGGATGTCTTCCGGATGAACTTTCCGATCTTGGTCACGCGAGGATCGTCGCGCATTTTGAACACAGGACCGCCCATCACATTCTTGTCTCTCAAGCGGTCAAGTTCCTTATCAGCTCCAACTTTCATGGAGCGGAATTTCCAACAGGTGAATGGTTTGCCGTTGAGCCCACAACGCGTTTGGCCGTAGAAGATCGGGTCTTTCCATGACTCCGAGGTGATCTTGATCAAGATTGCGGTGATGACGAAAATGGGCGAGAATAGGATGAGCAGAATCGCAGCTGCAATCCGATCGAATGTGTACTTGAATAATAAAGCAGCGTTCATTTCTCGCGTTGGCGTATAAGTGACGACTGGGAACCCCTCGAAGAAATCCAGCACCGGCTTTGCAATGGTCGGCTCAAAGAAATTGAGGGACAAGCGGGTTCGAACCCCCATTACCTCGCATTGCTCCAACAAGGGGGTGAGCTCGTTCAGAGAAAGTTGTTCAGGGAGAAAAACGACTTCGTCCACGCAATGGGATTCAAGGAAAGGAATGAGATTTGAAAGCCCACCCACCACTGGAACTCCGTCCACGAATTTGGCTTCCCGTCCGACGTCATCGATAATTCCCTCAACGCGAAATCCCCAAACTGGATGATTTTTGATTAAAGTAAGAAAACGCCGTAAAGGCAGCCCACTACCCACAATGAGCAAGGTGCGGCAGAAGTGACCTCGCGCTCGTAGATACTGGAGAACTCTCGCCACAAGAACGGATTTGGCTAAAAGAAGCGCAGTGAGAATAGGAGCCGTGAGCAACAGGACTCCCCTGCTTACATTCTCACTTCCCAATAGTGCTCTCTGATTGAGGCCGTCTCTATCCTTACCTTGGAGAAAGAAACTGAGCAATGCAAGAACCGCTACTGTTTCGACCGCGCTGACGATCGCCGTTCTCCGCAACTCCCGGGGATTGCGCAAGCGATCCGATGCATAATATCGGTTCGCATACAGCACCGTGATCAGCACGACGGGCGTTACCCATGTCAGCCATACATAATCAGAAAAGCGCGAGGCAGATCGGAAGAAGTCTGGCAATAGGTAGGGAGCTATGATCTCGTTGCGCAGCACGTGGGCAAGCGCAACGGCCGCTGCTCCCAGTAGCCCGTCCAAGGCCATATTGACGCGTGTAAAAATGTATTCCTGCTCTTTAATCATCTGCCCTATATATCTTTACCCTCATGGGAGGAGTTACTGTCAACCCAGACGCCGTATCTTGGAATCCCCTACCGAAATAACGACCTCGCAGCCCATTTCCGTCTTCAGAGTCGGACGTTATCAATTAAACGCGTCGTTCCCAAGAACACAGCTGCAGCAATCATAGTGTTACCCAACTCAATCTCTTCCATGGGGCTCAAATCACTCATTCTCACGACTTCGACGTAATCCACTCGTGCCCCCATCTCGTTTTCGACTCGAGCGATCACATGGCTTCGTAGCTTGGCTGCAGTCTTTTGGCCCGAAAGCGCTTGCAGTTTTGCTTCTGTTAGAGCTTGTGCCAGAATCGGGGCGCGCTGGCGTTCGTCGGGGCTGAGATAAACGTTACGCGAGCTCATTGCCAAGCCGTCTGGCTCGCGCACGGTTTCAACGCCAATGATTTCGACTGGGAAGTTGAGATCCTGCACCATTTTGCGAATGATAAGCAGCTGCTGCGCATCCTTCCATCCAAAGATCGCAAAGTCGGGTTGAACGATATTGAAAAGTTTCGCTACGATGGTACACACCCCGCGAAAGTGCCCGGGACGCGACCGGCCGCAGAGGACCTCCGCCATGGGGCCCGGTTCGACCATCACTTGCAGATCCTTTGGCGTGAGCAACTCTACACTCGGATAGAAAACATGTGTCGCGCCGGCGCGCGATGCCACTTCAAGATCATGATCAAGGTCCCGCGGATAACGCTCGAAATCCTCGTTTGGTCCAAACTGCAACGGGTTGACAAAGATGGACACAACTACAATGGGCGCCATCTCTTCGGCTTTACGAATTAAGGTGGCATGCCCTTCATGCAGGTATCCCATTGTCGGAACAAAGCCAATGAGCTGTCCACTACTACGAGCCTTTGCGATAGCTTCCCGCACCTCTTCGGGTGACCTGAGAATTTGCAACGACATGGCCTTCCCTCCAGTCTCCGTTAGCCAATCCTACTCGCAAACATGGATTGTCCATGGAAACATACATGCAGTCGTTGACATTTGTCTGAAACGGATTGAGCCTTCGCATCCATGGAAATCCTGAGAGAAC
CP030759.1_gap35	1092481	1094893	2412	CTGCTGATGATCGTCGAGCCACGCCACCCGAAAAACAATGATGCGATCCGGGACAAGCAAGCGCTCCAGAACTGCGTATTTGCGGTAAGCGGGATCGCTTTCCACGACCAAGCGCAGACTCTCAAGCACTTCGCGAACTGCCTGCTCAAACTCAGGTTGCCCTTTTGTGAGCGTCGGAAGTTTATTGAGTACGTCCTCTAAATATCCCATTGCGGCTTCCTTTTCTGTATATGTGCTATTTTCGCTGATTGCAAAAGACGTGTGACTCGCTGTTTTGTGGCGACGAATGCAGTTTGAGGATAAGATCTCAACCGTGAAAAACGAATCACCTAAAACTCAGAAGTTTGGACCCACGTGGAAGCTGCTCGGAACCGTGGCGTTGGACGCTCTCCTCGTGACGCTGGCTCTGTACGGTGCCTTCGCCCTGCGCTTCAACTTTGATATCCGCAAACTCTACTTCCATCAATTTCTCGTTGCGATCCCATTTTTTGTGCTGGTGCGCATTGTCTTGTTTTGGCGTTTCAACGTCTATCGCACCATTCCTCGCTACGCAAGCACGACAGACGTCGTGAATATTTTCACCGCAACCACTCTGGGAACCCTCATTCTTACAGCTATTAACGGGATGTTGGTGCCGTTGATCCCGGCAGTTTCATGGCTTTATGCCCATGAAGAACGCGTCCAGCGAATCTCATTAGCCATTCTCATTATTGAGTGGGCACTCACCATGATTTTTGTAGGTGGGGTTCGCGTGGTCCAACGCATCCTCCATTCGGGGATTCTCAGACGACGGCAAAGTGATAACCTGCGGCGAGTACTCATTGTTGGGGCAGGCGATGCGGGCGAAGCCGTAGCTCGGCAGATGCGAACATCGCCAAACTACCTGCCGGTTGCATTTGTTGATGATGATCCCACTAAGCTGAATCGCCTCATCCACGGGCTTCCGGTTGCCGGAACGATCGAGCAGCTGCCTGAGCTGATTGAGCGTTTTGATATCGACGAGGTCTTGGTTGCAATCCCAGGAATTCGTCCAGGCCGCCTCAATGAAATTGTCACTTTATGCGAGCATGAGCACGTAAGCTTCAAAATTCTCCCCTCTGTCCACGACGTACTCGCTGGGCGTGTGTCACTTAGCCGCATCCGTCCGGTTGAAATTGAGGACCTTTTGGAACGAGAGGAAGTGGAGCTCGAACTCCCGCCGGAAAAGAACTACCTTGCGGACGAGACGGTACTGGTCACTGGCGCGGGAGGCTCTATCGGAAGCGAATTGTGTCGGCAAATTTTACGCCTTGGTGTCAAACGGCTTATCCTTTTCGGGCACGGCGAGAACTCAATTTACGAGATTCTCACCGAGCTCAACGGCCAATACGGCGATGGACGTGTGGAGGCTGTTATCGGAGATATTCGCGACGAGCGAAAAGTCTTTCTAACATTTGAACGCACTCGACCAAGCATCATCTTTCACGCGGCTGCACACAAGCATGTACCTCTCATGGAATACGATCCCGACGAAGCAGTGAAGAACAATATCTTCGGGACACTGAACGTTGCTCGAGCTGCTCACGAATTCGGGGCAAAGAAGTTCATCCTCATCTCTTCAGACAAGGCGGTCCGCCCTACGAATGTTATGGGAGCCACAAAGCGGGTCGCGGAAATGCTCATCTTTTGTCTGGCAAACGAATCCAAAACACAGTTTGTGGCTGTTCGGTTTGGCAATGTGTTAGGAAGTCGCGGCAGTGTGGTTCCACTTTTCAGGCGGCAAATCGCCCAAGGTGGCCCACTGACGCTCACGCATCCTGACGTAACTCGCTTCTTTATGACGATCCCTGAGGCGGTCGCGTTGGTCATCCAGGCAGGTGCTATGAATGAGCAGCGCCGGCTTTACCTGCTCGACATGGGAAAGCCAGTCAAGATTCTGGACCTTGCACGGCGCCTGATTAAGTTGAGTGGATTTGACCCCGAGGTCGAAATTCCTATCAAGTTTACGGGTTTGCGCCCCGGTGAGAAACTCCACGAAGAACTTCTCACCGCGGGCGAAAATGTGAAACGCACCGACATTGGGAAACTATTTATCACAGAGCCAGATGTTGTCGATTGTTCCACCCTGTGGGAAACGCTGAACCAACTCAGAAAAGCGGCTCACGAAGCGAACTCGGCGGAAATCCGAAAACTGCTCAAAAGCCTTGTGCCGGACTATGAGCCTACGAATGTGCCAGAGCAACGGTCCACGCCTGCAGGGTCATGAACTTAACAAACTTAGGAATTCGATGAGATCTGAGACACAATACGCCGAAAACCGGATTCAGCACTCTAACTAAAAGGTAAAGATGCGGTCGAGCACAATCACGCCTCATGTCGCTCAAGTGAATAACGGGCCTCCCTTTTTAGTATTGAGCAGTGCCCAGTAAGGTG
CP030759.1_gap36	1112529	1116328	3799	CTGGTGCATCCTCAAGTATTCCCGCGGCAGATACATTGACCATGGCAAAGTAACCCTTCGGCATCTCGAAGAATTTGAAACCTACGCCGAGTGGATCTATAAGCGCCTTCAGCCCTACGTTGGGGAGCGCATCGTCGAAATCGGGGCGGGAATTGGCAACAACGTGCGGTTCCTGACAGCGGCACCCAATCGGAAGGTGGTCCTCACTGATGCGAGGGATGAGTACGTTCAGCTGTTGCGAGAGAAGTTCGATGGGAATCCGAACATTGCGGTCGCTTACTACGACGCCTTACAGCCACCTTCTGAGGAACTGTTAGACTTCAATCCGGATACCATCGTCTGTTGGAATGTGCTTGAGCATATTTCTGACGACGGGGTGGCACTTCGGCACTTTTACGACATGCTCGCCTCCCAAGGCCGAGTACTCCTTTTAGTTCCTGCGTTCCAATCGCTTTACTGTGACATCGATAAGAACTTGGGGCACTATCGGCGCTACCGACTTGAAGAGCTGTGTTCGAAAGTGCGTGATGCCGGGTTCACGATTGAACATTCGAGTTACTTCAATCCCCTCGGAGCCATTGGGTGGTTCATCAGTGGCAAGCTGCTGCGCGCTTCACGAATTCGGCCGATACACGTGGCAGCCCAACGCCTTCTCATGCCGCTCGCGTACGTGTTGGATAAATTACCTCTGCCATTTGGACTCTCCGTGATCTGCGTGGGAAGGAAACCGAGTCGTCCAAGTGCGTCATCATGATGCGGGCTCTGGATGAGCAGCCCCTCGATTGGGGGACAGCCGCCCTTGGCGCCTAAAAAGCGGCCTGCAGCCGCGGAGGGCGCAGCTCAGTGAATGCGCACAACAGCGCGATAGTAACAGTACAGAGTGAGTCTGACTTCAACCTCAGTGAGGCACCAGTAGGATGCATCCCGACGATGCTGTCCAGTTAGACGAGTTAGATCGGCGAATCCTGAACATCATTCAAGCAGGCTTTCCAATCCATCATTCCCCCTACGCTGAAATGGCACGCCAGATTGGAGACGTCTCTGAGCAAGAGGTTCACCGCCGGGTGCTTGATCTGATTGATCGCGGGGTGATTCGCCGTTTGGGCGCGGTGTTCGATACCAAGCGACTTGGCTTCATGAGTACACTGATCGCCATGCGAGTGCCTGAGGAGCGTATTGACGAGGTTGGTGAGTTGGTGAGTTCCTACATTGGGGTAAGCCACAACTATAAGCGGGAGCACACCTATAACCTCTGGTTTACGTTGGCTGCTCCGTCCCGTCAGGAACTCATGGCCACAATTGAAGACATCAAGCGGCGAACTGGAATTGGGGATCTCCTCTACCTGCCCACGGTGCGAATGCATAAGATTTTCGTCAATTTTGAGCTGCCGGTTGGCGAATCTCCGACAGCAACGTCGGCATCTCCTCAACAGACGAAATCCCAGGAGGAGTAGACAGACATGCCGTTCACGGACCTCGAGAAAGCTATCATTCGAGAGCTTCAAGGCACCATTCCGCTCGATACGTTGCACCCCTACGAAGAGATTGCTCGCCGAGTAGGCATCACCGAGGAGGAACTCCACGACATCCTCCGGAAATGGAAAGAACGCGGAATTATCCGTCGGATGGGGGCAGTGCTCAAGCACCAAAAAGTGGGCAAAACCTACAACGCCATGAGTGTGTGGCGCGTGCCCGACAAGGACAAAGCGAAGGAAGTGGCAGCCGCTCTGATGTCCTATAAGGAGATCACCCACTGTTACGAACGCCCAACGTACCCAACGTGGCCGTACAACCTTTTTGGTATGATGCATTGCGATACGCGGGAACGTTGCGATGAAATTGCTCGTGAGGTAGCCGAGAAAACTGGTGTGACGGAATACGCACTGCTTCTGAGCACCAAAGAATACAAGAAAGAAAGTCTACAGTACTTTTGAGAGCGAGTCTCCTCTCACTTTTCCGGGGACATGCACGAGATGGAGGCCGTTGCTGCTGGGCGGTTGGGAGTCTTAGCAAGCTGGGGGCCTGTGCGGGTGCAACGGTCGGTTATGAAGCTTCGCGCGGAACCAGCGACGGGTAGCCACGAGTGACCGCTTTTGATAGAGTTGAGCGTTTGGCGCCGGTTGAGAATCACTTTCTACTCAGCTAAGCTCCCTTGGGATACTCCCCCGAGCAACTCAAAGAGTACAGGCGACTCAGTCGTCAAGCCTCCCTCCCAGAAAAGCGCTAAGCGCCGTGTGCTCCGTTCATGATGTACTGATGGATGCTGTGTGCAGCAGTTCGCCCCTGCCCCATTGCGGCGATAACAGTCGCTTCGCCCCCTGCGATGTCCCCCCCTGCAAACACACCCGGTCGGCTTGTCATCTGGGTTTTGGGATCAACGAGCAGGTAGCTCCCGCGTACTGCGGAAAGCCCTTGAGTCGTCTTCAGAATGAGATCATTCGTTTTTGCCCCAATAGCCACAATCACCGTATCCACGGGCACGACAAAATTGGATCCCTCGACCGGGACTGGGCGCCGTCGGCCGGAGGCGTCAGGCTCCCCCAACTCCATTCGCTGGCATTCCATCTCGCACACCCATCCGCGTGCGTCCCCGCGATAGGCAACCGGAGTGGTAAGGCACAGGAACTCAATGCCTTCCTCCTTTGCATGCTCTATTTCCTCCCGACGCGCAGGCATCTCAGCTTCCGTTCGGCGATAAACAATGTAAACCTTCTCGGGATTAAACCGGCGTGCGGTGCGCGCAGCATCCATCGCGGTGTTTCCGCCTCCAATCACCGCGACCCGCTTCCCGCAGTACACGGGTGTGTCGTACTCTGGGAAAAGGAAAGCTTTCATCAAATTCACGCGTGTTAGGAATTCATTCGCAGAACAGACCCCATTGAGCCCTTCGCCGGGGATATTCATAAACATTGGGGTGCCAGCACCGGGAGCTAAGAACACGGCCTTGTAGCCCATTGCAAACAACTCGTCGACCGTCAGCGTCCGCCCCACAAGCACATTGAGGGCAAATTCGACCCCAATGTTGCGCAGTGTACTGACCTCTTCGTGCACAATGGCCTTTGGGAGCCGGAACTCGGGAATACCGTAAACCAAGACCCCCCCGGGCTCGTGGAGAGCTTCGAAAATCGTCACCTCATGACCGAGTTGGGCTAATGTGCCGGCTGCAGTGAGACCTGCAGGCCCAGAGCCCACAACGGCCACTCGCTTGTGTGTCGGGGCGCTGCGGATTTCCAAAGGAGCCAAGTCATAGCGACGTGCGTAATCGGCGACAAAACGTTCAAGAGCTCCAATAGCGACCGAGTGTCCCTTCTTGGTCAACACGCATCGCGCTTCACATTGTTTCTCCTGAGGGCAGACGCGTCCGCAGATACTTGGCAAGCTATTCGTTTGCTTGATGATCTGAGCCGCGCGATCAAAGTTCCCCGCCACAACCTCGCGCAAGAATGCCGGAATGTCTATGGCGACTGGGCACCCTTCCACGCAGTATGGGCGTTTGCACTGCAGGCATCGCAATGCTTCCTCGCGGGCAATTTTCTCATCGAACCCCAACGCAACCTCATCGTAGCATGTCACCCGCTTCTCAGGTGGGAGCGACGGCATTTCGTGTCGGGGAATTTTTAGTTTCTCTTGAGGGTTCATTGCGCGACTCCTGCCTGAGATGCCTGTAAAGCGTTCGCAGCAACTTCGAGCTTACAAAGATGTTCTTTTTCAAAGTCGCGGTACATTTGGGAACGTTTTGTCAGCTCGTCAAAATCCACCAAGTGGGCATCAAACTCTGGCCCATCGACACAGGCAAAAC
CP030759.1_gap37	1157708	1160485	2777	CGTCCCTGCCGATGAGCGAACACGCGTTACCACCGGCGAACATTGGTCTCGGAGCAGAGGGCGGGGTGAGAAGATTTGTTGCCTTTCTTTCGATGAGTGCAACGGAGTAGGTGTCTAACTTTTTCTGCCGCCCACCCGCATTGCTTTTCTACGCTGAGATGATTTCTGACAAAGCCTGCATAACCCGATTCAACATGTGCGGTAGGCGACGTCAGCTACTCCCTACACTAATAGCACTTACCACTTGAGGCGCTGCTTGAGGTTGGCCTTCTTTCGATGCCAGTTCACGCAGATGCCTCGCTGCATCCTCGGGTGGCGTCGGGTTGATATAAAACCCACTACCCCACTCAAAACCCGCAACCCGTGTTAGTTTTGGCATAATCTCGATGTGCCAGTGATAGTAGGGAGCACTGCCAGACTCGTCATAAGGCGTCGTGTGGATCACAAAGTTGTAGGGCGGATCGTCAAGCGCCTGTTTGATTAAAGAGAACGTCTTCTTCATAATCCGCGCCAGATCCACGATTTCGTTTTTCGTAATGTCCGAAAAGAACGACGTGTGCTGCTTGGGGACGATGCACGTTTCGAAGGGGAAACGACTCGCAAAGGGCATGTAGCTCAAAAACGTGTCGTTCTCGGCCACAGTGCGGATATTGTCCTCGAGCTCCTGATGAATCATGTCGCAAAACACGCACCGTTCTTTGTAGTCAAAATAGCGGCCTGCCCCTTGGAGCTCCTCCTGAACACGTTTCGGTACGATTGGGAGCGCAATGATTTGAGAGTGAGGATGCTCGATTGAAGCGCCGGCTTCTCGCCCCCAATTTTTGAAAATCATGATGTAGCGCATGCGCGTATCTTTGCGCATTTCCACCATTCGGTCGCGGAACGCCCAAAGAATCTCTTGGATTTGCTCTTCCCCAAGATCCGCATAGGTTTGGGCGTGGCTTGGACTTTCCACCACGACCTCATGGCGCCCAATCCCGCTCATACGGTCGTACATTCCCTCGCCGGAACGGCGAAGTTCGCCCTCGGGTTGAAGCGCTGGGAATTTGTTGGGCACCACGCGGACCCACCAACCTTCACTATCGCGCGGCGTATTGGGATGACGGTAGCTCAGGACCTCGGGGGGCGTGCTGGACTCATTTCCGGGACAAAATGGGCAAAAGCCTCCCCGTTTCTCTTCCTCGATCTTAACGTACTGATTTGGCCGCTTGGCTCGCTCGGTGGCGATGATCACCCAGCGACCCGTAACCGGATCCTTACGAAGTTCTGGCACGATACTTCACCTTACGCTGTGTAGTCTGGCACTTCGCTTTGGCACAATAAAATATAGATCGATCCAATTCCATTGCCTACTCTACTTCCCGCATCTACATTCGCAAATAAAATGTGAAGCAAACCGTGACGACATTTTTGTGTAAAACATCTACATTAATTGTTCGATTTTAAGTATTCATGTTTCAATTGTCTGACTTGGGCACATTCTCTCCGATTTCCGGTCGCGATCCGGCCCGGACAAGATCAACACGGACACTTTCCACCCTCATCCTTCCACCATCCGCTCTGCTACTCGCTCGACCACCTCTTGCTCGTGCAGCAGTCGGAGGATTCACTACGCCGCTTAAGACCCCGGAGAATACGCTACCCACGAAGCTTCCTCGAGACCACTTTCATGGAGTCTACGCGTTAGCTCCTTTGGCGGCTAATCAGGTTTTCCTCGCAGATTTCGAATCAGCAATCCAAAATCTGAACGCCATCCACCCTAATTCACTGGCTGCTGGGAATCTGTTAACTCCTTTAGGTAATCCGTAATGAAATGTGAGTAGTCGGGGTGAGGAGGAATCGTCTGTTCAATGTCGACAAGTTTGTTGAGGGCTTGGGAAATCTTGCCGTTTTGCATTTGCAGGAGGAGATGTCCGACATGTCGCCCTTCGAACCCACCGCTCACCATGCGCACCCCATTCACGTTATCAATTTGATGAAAGACACCCAGGAACTCGCCGGCGATGGCCACATCAATGCCGGGATCGGGCCCGAGCTGTTCGAGGGTTTGCCGCAAAGTCTCACGATTCATGTAAGCGAGGAGAATAATGAAGTCGCAGTTGCCTTGGAGCTCTTTCACAACTTCCTTGATTGCAGGAAGTGGGTCCAGAACCTGAAAGGTGGGCGCCTGCGGCGACACGCCAATACGTTGGCGGGTAACGCCCGTGACCCCAATTCGAACTTGGGTTCCATCCCCCAGCTTAACTTCAATGATCCGGTATTTGCTGAACAGTGGAGCACTTGATGTGGGGTCAACGATGTTCGCACTAACCAAGCGGTCCGCATGCTTTCCGAGGTTTTCGGCCAAGAAACTTTTACCTGCCAGCGCATCTGGGGCACCAACATTCAAAACATCGTAATCAAGAGCAGCGAGCGCCTTTAAAAGATGCTTTGACGCTACGCGGAAATTCTCGGATGCAAGCGCGTTGTCCCGAATGTAGCCGCCTGCTTCGAGCTTCACTACGGGAAGCGACAGCTCCTTGAGTCGCTCGACAACCTGCGCCTCTCGGTTAATCCCACCCAATTTGTGGCTCACACAACCACACGGCTCTAACGAAGACCGTCGATAGCCGTTGTAAACTACGGAAAGCACACTACGTCGGTCCGGAGGTGCTCCCGCAGGCATAATATGGGTATCAAGCTCTTGGGGGGACATTGGAACAGGCGTGACCTTTACTGGGCCCGTCGTTGCGCCAACGTGGCTAACCGGAGCAGACGCACTTCCCTGCACATTTTTC
CP030759.1_gap38	1166336	1167644	1308	GCAAGTTGCTGCCGGGTTAGAACTTGATCGGGTCTATTTGACATCGCTCTCGTACCGTGGGTTATTCTCGCTTCGCGCAGGTTTCGGAGTGCGGGCTCGAAGCGAGGAAATCAAGCGGATTGCAGTGAGCTATCGCATGGATTTCGGAAAGGGAGACATTGCTCTTTCGTCAGCTGCCATGAAGAGAGTTCTGACCAATGTGATGGGAAAGATATGTGTATGCGGAAAGACTCATGATGCGCACGGCGCTAAAGAACAGAGGATACGCGGTGAGTAGATTCATTGGAGAGGCAAACTCGCGACTGTTAACAAAGGACCGCACTCAATGAACAAACTGCTTAATCTCGACGATACAATCGTTGCTCCGGCGACTGGCTCACCGCCTGCGGCAATTGCAATTGTTCGCCTCAGTGGGAAGAAGAGCTTCGAGATTCTAGAGAAAATTTTTCGTCCCCGTTCGAATCGCCCGGTCGCTGAACTGCCATCCCATAGGATGGTACTTGGGATGGTCCACCGTTTGTCCGGAGAACCGATCGACGAAGTCCTTGGAGTCCTTATGCGAGCCCCCCGAAGTTTTACGGGCGAAGACGTTGCAGAACTCCATACTCATGGAAGTGCAGCTGTGGTGCGCGCGGTGGTCGAGGCCTGTGTCGAAGCAGGGGCACGCGTTGCAGAACCCGGCGAATTTACGCGACGGGCTTTTCTCAATGGCAGAATGGATCTCGTCCAAGCAGAAGCCCTTGCTGACCTCATCCACGCGCAAACTCAACAAGCCCGAAGGCTCGCACTCCGCCAGCTTCAGGGTGGGCTCTCCAGCAAAGTTATGAAGCTACGTGAATGGTTGCTGGACGTTGCTGCGGAGCTGGAAGCGTGGATTGATTTCCCAGAGGAAGAAATCCCAATTCCGACGATCGCGAGACACTTAGAGATTTTTGCGGACGTCACCCGCGAACTCCAACGTCTGACGCAAGGCCTACGCGCAGGATTGTTGCTGAGTGAGGGAGCAAGGGTTGTAATCGCTGGCCGCCCCAATGCGGGAAAATCCAGCCTCTTCAATATGCTGGTTGGTCGAGAGCGAGCCATAGTCACCCCGCATCCGGGGACCACGCGCGACACCATCGAGTCAACGGTCGAGCTTGGAGGCATTGCTGTGACTCTTGTCGACACAGCTGGCCTTAGACATACAGCGGATGAAATTGAGGGAATAGGCATTGAGCGTGCGCGACAAGAAATCCGGCTGGCGGATCTTGTCCTTCTTGTCGTGGACGCTTCACACCCCACGAATATCCGAGGCGATCTCGAGCTGGT
CP030759.1_gap39	1174052	1178149	4097	CGCGGAGCGATCAAGCGCCATACGACAAGTGCGACAAGCGGCTGAATAACTGCCATGTTGAGGCAATTCGCGCCGATCGCTGTAATTCCCCCGTCGCCAAAAATCAAAGCTTGCACAATGAGGGCGCACGATATGGCAATGACAGCTGGCCAGAAACCCAGCGCCAAAGCTACCAAAGAGGCGCCAGTGACGTGCCCACTCGTCCCGCCCGGGATCGGAACATTGAACATCATCACTAGGAACACAAATGCGGCTGCAACGGAAAGATAAGGAACCTCCAAGGAGCCAAGTCGATCGCGCAGACGTCGCCACGCAACAATCCAGAACGGTGAGACCGCAGCAAAACAAGCCACGCAGGTTGTTGGTCCTAAGTATCCATCAGGAATGTGCATACTCTACATCCGTTGAATAACCATCATGTTGGTGATACGGAGCTAAAGTTTGCGACTCCGTGACAAGGTTCACTATTCACACGATCATTGAAAATTTATGACAAAAAGTGTTGAAAGGTTTTATCCCGGACTTCGAGGGATTGTCCGGCTTCGCCGATGAGGCGAACCGCAGGCGGGGGCTCTTTGATTTGTCCAATCTTGGTGATACTTACTGGCTTAGCGAGATCTTTGATACACGCATGGATCTCCTCGTCATCGGCTGTGCATGCAAATAGAAGTTCGTATTCTTCGCCACTGAATAGAGCGTATTCTAATGGATCTCGACCTAACGTAGTGCAAAACTTCCGGACCTCTTTCGCGATGGGGATTGCATCCGCCCAAACTTCGATACTCACCCCACTACACTTCGACAGAATCCCCAGCTCATTCCAAAGCGAGTCGCTGATATCGATCATCGCTAAATCGGCAAAGCGCACCGCGAGCGCTTGGCCAAGTGCAACGTGTGCAGTTGGATTGAGTTGCCTCTGAATAAGCCGCTCAGCCAATGAGGAAGGAATTTGCCCAGACAAATTCTTGTCCAGCAACAGCTCTAAACCTGCGCGTGAGGCGCCAAGGTGGCCCGACACGTAGAGCCATTGACCGGGGCGGCAATTCGATCTGAGCGCATTGCGAAAGCACGCTTGACGCTCGCCGAGCAGAGCGATCGAGATGATCACCACCGGGCTCGCAACGGTGTCCCCTCCCACCAAGCTAAAACCATGCTCCCCTGCTATTTCGGCCATGCCGGTGTAAAGCTCAAGAACCGCTCCTACATGAAGCTCGCGAGGGAGGCCAAGACTTATTAGGGCGTATCGAGGGTTTCCTGCCATCGCAGCGACGTCACTCACATTGGAGGTCATGGCTTTTCTGCCAATCAGTCTCCACGGCGCACTTGAGCGGTCGGGAAAGTGCACGCCCTCGACCAACATATCACAGGTAAGCACCGCAAACGCGTTATTGTTGGAACCGCATGTCACGACAGCCGCATCGTCTCCCGGCCCGACTATCACATTTTGAGAGAGCGTCCTTACCAGATAAGGCTCTATCAAAGCGATGAGCTCGAGTTCCCCGACATCCGCAATTGTGCGTTCGTACTCGCTCCCTGCCATTGTGTGAATTCCTGTGGTTAAGTGTTTTTCATTTAGCCGGCTCACTCATCTGCCAAGTATCCGCGAATCAACGTGCGCCGGGTTGCTGCTCAAACAGTGCTTTTGCATTTTCAAACGTTTGGACGAGACTTTCCATCTTCTCTCGGAGATGCGCTGCTCGCATGAGTTCGCCAATCATTGCCACGTTGTCCGCTCCGGCAGCAACCAGTTCTGGGATGCATTGCTCAGTGATGCCGCCGATCGCGACAATTGGGAGCGCAACACGCTTTTTGACCTTGCGAACGAGTTCAACTCCGACGACTGGCCACGGATTCTCTTTCGTGCTGGTTGCGTATACTGGTCCGACACCGATGTAATCCACAGGCAATTCCATCGCAGCGAGCGCTTGATCAAGGGTGTGTGTCGATAGCCCCACAATCTTGTCTCGCCCCACAAGTTGGCGTGCTTCATGAACTGCGCGGTCTTCTTGCCCCAGGTGGACGCCGTCGGCATCTACCTCCACGGCCACTTCGGGGTAATCATTTACAATAAAGGTAACTCCCGCAGCCCGCGTGAGCTGACGGAGTTCCCGCCCGATTTCGACCAATTCGCTGCGCGAGGCATGCTTGTCGCGAAGTTGGATCACACGCGCACCGCCCGCAATGACCTCCCGCGCAATCTCTAAGTGGGACTTTTTCGCCAAGTAGCGATCAAGAATGACGTAGATCCCCCAGCGGCACTTCTCTGCGTGGCGGTGAAGACTCACGATGCGTCTCCTCGTGTGTCATGATTCAGAAACCGCTCGGCGCTTGTTCCGAATTTCCCATGCGAATCGCGGAGGTTCACCACATAAGTGGGGAACGCCATCATGATGCCAGCCTCCGCAAAAGCCCGCGCAATCGCGGCATTAAGCTCATTGATGGTCTGCAGGCGGTGCTCGAGGGCTGCAACGTGCACGAACAGCTTGAAACGCAAATCCCACGATCCAAACCCATCGAACAAAACGGCGGGGGCTGGATCACTAAGTACCAGAGGATGGTTCTTCGCCACCTGAAGAAGCACGTCCTGAACCCTCTCGGGTTCGGTTCCGTACTCTACCCCGACGACAAAAGTCAGGCGGGTAATTTTGTCGGAAAGAGTCCAGTTCACGACTTCTCCTGTGATGAGCTGTTTATTGGGAATCACGAGGTCTTTTCCATCAAAGTCGCGAATAGTTGTCGCGCGAGTACGAATTTGCATCACGGTGCCGGTCGTCTGGCCGATCGTGACGAGATCGCCAACGCGTATCGGGCGTTCGAAAAGAAGAATCAGCCCCGAGACGAAATTTGCAAAAATCTCTTGGAGCCCGAACCCCAAACCCACTGTCACGGCCGCGGCAAGCCACTGAACGTTGTTCCAACTAACCCCAAGCTTTCGGGCAACAACGACGATACCGATAAGAAACAAGACATAACGCGCAAGCGCAGCAAATGCATAACGTACGCCGGAATCGACGCGCAGTCGTTGGAGTAAGACAAGCTCAATGACCGCAGGGATATTGCGCGAAGCAATAATCGTGAGGATTCCAATCAAGAGTGCGATCAGAAGATCAGCTGCCGTGACCGATTGCATCACCAGTGTCGTGACAGTCTGCTCCGATGATTTGTCTCCAGAAGGAACAGGTTGAGTTGCGTGTTGCCACAGCACGATGCGATCCAGAAACGACAAGGCGGGTGCGACATCGCGCCAGATTTCCCAGAGCCCCCATGCCACGATCACAATCGCACCAGCGAGGACAAGGCGGTGAACACGTTGACTTAAGGAGTGAACATCAACCCCTAAGTCCGGGCTATGGATAGAAGCTTCCGCGACTCCGGTTAGGTCGCTTGGCTCATGATGGGGCGGTTTGCCACTGTTTCCCCGCTGCGTTAGCAACGCAACGAGTCGAGCACTAAATTGCCCAATTAGCCTCTCTCCCAAAGCCACTGCAAGATACAGAGCAACGCATAACGCGAGGGACTCGGCAAAGCGTTTTGTAAGTTCCACAGCCGTGTACATGTAGCCCACTAACGCGAGAAGAGCTAAAACGATGGGGAGTGTGGCGCTACTCCACTGCCACAGCGTTTTGTACCTGCTAAGCCAGTGCGTTGGCTTCTCCTGCCACGAACCCGCAAGGGGGCCTGAGTGTGGATCGAAGACTTTCCAAAATACCCAACACAACACCAGTTGCAACACTGTGAAGATCAGGCGGTGAAGGGCATCCCATTTCACTCGGTCCGTGAGTTCACCGGTCAAGATGGCAAAGAAAATGATTCCTACGAAAAGATAGGTGTACCGCCGAAAGATTCTATGCCACGCAAGACATGTTTGTTCGGACCACCCCAAAAGCGACTGTGCGAGACACCCCGGTGCGGAGATTTCGGCAAACAACTGCATCGCGGCCAATACAATTGAGCTTTTCTCAAGGGCAACGGCAAAGACTGTGATGAATTCCGAATCTGTCGGAACAACTCGGAGTCGGCTTGCGATCAAATAAAGCACGGCTGGGCCAGCCAAAGCACTTCCTGCTGCTGCCAAGAACTGACGGAGCACCGACCTG
CP030759.1_gap40	1196492	1198091	1599	AAGACGAAAGAGCGCGTTCTCGAGATCGTGAGAAAAGTGGGCTACCATCCCAGTGCGATTGCCCGCAGTCTGGTGCGCCAGAAAGCTGGGGTTATCTGTGTGATCCTGCCGCAAATTGATCACGTGGTGTCGGACTTCTATTTCTCGGAGAGTTTGAGTGGAATCCTTGAGGTGGTGACGCGCAAAGGGTACCACCTCATGGTCGAGATGGCCACGCCGGAATTCAAAGAGCAACGCAAGGCACTCTCGCTTTACCGCCAACGTGCAATGGACGGGGTCCTTTGCGTAGGAAATTTGACCACTGACACCTACCTGAGCGACTTGGCAGAGGCCGGATGCCCCGTGGTACTCGTAAATAGTAGCCTGCCAAATCTTCATCAAGTCTTAGGAGCAAATCGCGAGGCTGCCTACCGGGCAGTCGCGCACTTGCACTCGCTGGGACACACGCGCATCGGCCATATTCGTGGTAGCGAATTCGTGACCACGGCCATCCACCGCACCGAAGGATACTTACGGGCGGTTCGCGAGCTCGGCCTAGAAGAATCCGATGAATTGCTGGCACAAGGTTATTTTGACCAACGAAGCGGTTACTTGGCCACGAAGTGGCTGCTAAGCCACAAGCGGCGCCCCACGGCTATCTACAGCGTGAACGACATGATGGCGATCGGCGCAATGCAGGCGATTCGCGAGGCGGGGCTGCGTATCCCGCAGGATATCGCGCTCTTTGGTGGGGACGATATTCTCTTGGCGCAGTACGTGACACCCAAACTCTCCACCATTCGACAAAACATGTACTCCATTGGCCAGCTGGCATGTGAGCAGCTCTTTCGGATTCTCGAAGGAAAACCGGCAACCCTTGTTGCAGAAGTTGAACTCGAATTAGTGATTCGCGAGAGCTGTGGTGCAGCGTTGGTTGCGAAGAACGCGCGTTAACGTTTCCTGTTCGCTAGCATCTCCCTCATCTCATTTGACGACGGCTTTTCGAAAACCACACGCTTGCATTCAGCGACGGAAAGTTGTTCTTTTCGTCAACTCTCTTCTCCCGCATTTTCTAGCCTCACGATTGGATGCTCCGTTATGGCGGTTAGGACAATCGGGTCGGGATTTCCTCGTTGCCCCGTGCGAACAAGCATGTAGCCTTGATTAGTCAGGCCCAAGACAAGGAAGAGGTGTGTTTTCTAAGCAACCACATGCACCCAGCGCGGTCGTTCTCCACGAAAGGCTTGTTCAGACCTTCTCTAACGTAGAATAACCCAAGCACGGTGACGAGACCTACGACCGTTTCTCGAGCTTGGGGAAGAGAATTGTGCCCGCGGAGACGCGCTGCCCGTCGAGTCGGCCCCACCTCATCTCTTGCGAGAAAGAAGCCCCAGAAAGCGGCTCCTCGATTCCAAGCTGCTGCCAAATTGCTTGCGCCGACCGCGAAATGAACGGGAACAGCAGAACTGCCGATAAGCGCAACCCTTCAGCTAAGGTGTAAAGTACCTGCGTCAATCTTTCGCGTTTTGCTGGATCTTTTGCAAGCTGCCAAGGCTGCTGTTCGGTCACGTAGACATTCATTTTTGACACAGCGCCCATCACACGTTGCAAAAGCTGGGC
CP030759.1_gap41	1220110	1224637	4527	GGGCGTCTGTCCGCTCCGTAACGCGTGCGTATTACGCCGAACGTCCCCTCAGGGTTTTGCGTGATCTGGTACTCACATCTTGGAGCAACGGGATCCGCCTGCTCGAGCACCAACAGACGTTTTTCAGTAGCGGACGTTTCCTGAAGGTGCCCTCGAATGGTCTTGTGGATGTCCGTACGCCATGCCTGCTCTAAGGTCACAAGTTCTTCCAAACGGAGTTGCTGGGCAGTCACCCCCCGCTCGAGGCGGATCGTCATGATAAACACGGAGAAGACGCTGCCCATGAGAATTGCCATGGCAGCGATGACAATGAGCATCTCTATAAGCGTCACGGCCCGGTCAAATCGTTGCTTCAGCCAGTTCTTATTCATGGCTGCCTCCCTTGGTGTAGGCGTGTTGTCATGGTTACGCGCAAAGGACGATGCGGGAACGCCCCAAACATGCAGGATGCAGTTGCCGAAAGCTCCAGCATTCCGTGCTCGCGTCGTCGCACCCGCAACACGGTCTGTTCATTCGGGGCAAGGTCGGCTGCGGTCGGATTCGCAAAGGGATGTTCCCCTTCGGTGAGGGTTGCCAGACGCTCCGGCGACGCGACTTTCCACCATTCAAGTTCGTTCTGAGCCAACACACTGAGCCTTAGGCGTTCTTGGCTCACCCGAGTCCCCATCAGTGCCCGCTCACCGATTGTTAGGAATGCCAGAAATCCGGCGCTGACAATCGCAGCGACGACAATCAGTTCAAGCAAGGTTATGGCGCGCGAGCGGTGCAGTGTCAGTTTGAGAAAGATTCGACGTCTGCGTTCCATATCGGCGGTCCTCCTTCTCACAGCCACTTATGCAACGTTTGGAAATGAGCAAAAATGCTTGCGACGTACGAGCCGACCAAGAGCCCGAGAACGCAAATAAGTGCGGGCTCGAGAAGGCGGTAAGCCACCTCGAGATTGCCAAAGTCTTCCAGACTGCGTGCCGCAAGCCTACGGAAATACTGCTCCACATTCTCGCGCTCCTCAGCGCGCTCCAAGAGCCAGACTTCGGATCTGGGGAACCACGAGACCTTTGCGAGTCCTCGAGAAAGTGGCGTTCCGTGCTCGATCGCTTCGCGCAGTTCCTTCACGGTCTCGCCGACCAATGGCAAATCTGGCGTCTCGAGGATCGTGGCGAGCGCCTCGCGCAGGGGCACGCCCTCACTCAGCATAACATCCAGCATCGCCGAAAGGTGGTAGAGTCGCGCATGACGCAATGTACGACCATAGACGGGAAGGCGGAGCAAAAGGCGATCTGCGGTAGCTGACCCTGGCCGAAAAACGCTAACAACGGTTAGCCCAACGCTGGTCAACCACACGAGCACGATGACCACCGTGAGGCAAAGCAAAGCGAGACGTACTGGCAAGAATCCGTGTAAATACGCCTCTCGCTGCCCTGTTGGGATGAATGCAAGAGCCACCTCCTGCAGCGGCCCGTACACGAACGCATAAAACACGACCGAGATAGCTGCAAGCAGCGTGAGAACTACCGCTGGGTAGACCAAGGCAGCCAAGAGAGCGTTCTGCAAACGACGCCGCATTTGAAGATACTCAAGGTATTTACTTAGGGCCTGTGGGAGCCGCCCACTGACTTCGCCAGCTCGAGTGATCGCGAGAAGGACAGGAGGTAATCGGTCGGCAACTCGTGCCAGCGCTTCGCTCAACGACTGACCAGCTTGGAGACCATTACTTACCACGTCCAGCCTCTTACCAAGCGGACTCTGGCCAAGGCGCTCTTTCGCGCATCTCAGTGCGTCCGTCAGATCGACTCCCACTGCCCCAGCTCCAGCCAGTTCACTGACGAGTAGCTCAATTTCCTTCCAGCGGTAAGACATGGTTCACTCCTCACGTGTAAGGGATGCAGGTCACAATTTTGAAAATGGCGAGGTAGACAGTGGTCGCGAGTCCAACACCGCTTAAGAGAACAATGCTGTGAGCAGAGATGCCGAGCGTGTGTGCGAGAGCATGCCGTTGCTTTACCCAAATCTCTAACTGGGCCCTTCCTGCGGTGAGCAGAACATTCGGCATGGAGTCTGAGCTCTGTGCACGAGCAAGCAGATTTGAGAACTCTCTGGAAAGTTGCGGAACAATTGCGAACACTTCCTTCAGCGGCATACCGGACGCGAGTCGCTTCTCCAACTTAGGCAAAAATGCCCGCAACACAGGATCGCGAGACGCCTGCACAGCAGCCCGCAGGGCCTGCTCTATCGACACGCCATACTTTAGGAATGTACCGAGAGTGAGCGAGAAGCGTATGAGCGCCTCTTGCCATGAAAACTCACGCAGCGGGCCGGCAATCGCGCGCACCATGCGACACGCGAGCGCACTTCGCCGATAAACGAAGTGCAGGACACGAATCGCCACTGCCAAGACGAGAACACCTACCACTACGTAGGACCACACGGCAAGCAACCCATAGGAGAACGGCCAAACCTTCGCCGGTGCCACATCGGACTGCAGGAATTCTTGTTCCAAAACGCTGAATCGCAAAAGGATCAGCCAAGAAACGGCGAGAAGAACGAGACCCTCGGAATATGCAAGTGCTAGGTGGCGATTTGCGCCAAACCTGGACGGACTCGAGAGAGCCGGCTCTGATAACATGCTGAGCGCGGCACTCAGTGAGTCGCCTTTTTCGGCAGTTGTGATGACTGCAAGATCTGAGCTCGGGAAGATTGCCGGTCGCTTGCTCAGCGCGTTGGACAGAGGCGCTCCTGTGCGGAGTTCAGCCGCTATCTCGGTGAAAACTTTCTTCATGGCCTGTGGCAGGTCGCTGTTGGCAAACCCCTCGGTGATGCGTGCGGGATCGCCCCCAAGCTCGATGCCATCGCGCAAGTAGCAATAATAGGCTCTTCGTAGCACCGCCACGCGATACCGCGCATAGCGCGACTGTGCGAACAGGTGAATGTACATCACCCAAACAGTAAGCAGAAGCAGCGCTAAGCCAAAGCGCACCATCTGATCCGCAGTACTCCTTGGCACACCCTCAACCTCTGTCGCTGCAGCAAGCACTTCTCTCCAAATGAAAACCGAACCGAGCGCGAGGGGCACAAACAGTATTGCCAGAACGATCGAGGATTTCGCCTTCAACAACATGGCCATCGCCTCGCGTGGAAAATTAGCTGGCCAGCCTGCGCCCCCATCCTCACGCCTCCCCCACGATGCGTCGGGCTTCAGCAAGTGTGATAAGGCCAGCAGCAACACACTGAAGAGCTGCCTTCCAAAGTGAGGTGGTCCCGCTTGCGAGCACCAGTTGGCGCAGCTCTGCTGTTGGGGCTTTGCGTACAATTGCCTCGCGAAGTGGATCGTCGGGCACGGAAACCTCAAAGCCAGCTCGACGCCCGCGATATCCCGTTTCCGAGCACGCTGGGCATCCCCCTACCTCGTACAAATGGTCTGGAATAGGAAGCCCTTCCCCCGCCCATAAGTTTTCCGTACCCGTTGCCGAAATCGGGCGCTTACATTGCGCGCACAGCTGTCGAGCGAGCCGCTGGGCAACGACCCCAGAAATGGCGCCCGCCAGAAGAAATGGCTCAATCCCCATGTGCAAGAGACGGGCGTAAACCTGCGCTGTCGTGCCACTGTGAATCGTCGAAAGCACCAAATGACCGCTGAGGCCTGCTTGCATGACGGTGGCGGCTGTTTCCTCGTCGCGTATTTCCCCAACGACAATCACGTCTGGGTCCATTCGCAGAAGAGTGCGAAGACCCGTGAGAAAGGTGAGCCCGCCCGTCGGATCGATCTGTGTCTGATTGACCCCATCTATCTCCTGCTCGATGGGATCCTCAAGAGTCGCGATATTCGGGATAAGGGGAGAACGATCGAGGAGAAAGCGCAGGGCTGCGTAGATCGAGGTGCTCTTGCCGCTGCTACAAGGGCCGGTAAATAGTATGACACCGTGCGACCGAAGAAGGGCTCGCTGAAGCCGCCCCAAATCAGTCGCAGACAGGCCCAACTCTTCAAGTCGGCGAGGAGCGATCTGGGTAGGGAGCCGCAGGACAGCCTTCTCGCCGTGGAGGGTTGGCATGAACGCGGCCCGAAGCGCCAAGCCATCATCGTTTCCGAGCCGACCGTCCTGCGGCAAACGCTTTCGATACGTAAGAACCTTCGCAAGCATTTTCAGGCGCGCTATGACGTTTTCGCCGCGCTTGCGCGACAATCTTGCGACAGGGATCAGTTGACCATCCACCCGGTAGCGGACGAGGTAATGATCTGGTCTTGCTTCCAAATGAATGTCACTTGCGCGCAACTCCTGAGCGGCGTTCAAGATCCTGTCCGTCAATTCGGGGACGGCCATTTCGTCTAAGGCCCCCAACTGTTCGATTTCTTGCTTCAGGAAAGCAAGAACCGTTGGCGGCTCATGCTGGTCCGCTTCTGCTGCCACTCTGTTTTCCTTCGTGATTTCCGTCATATCTTTAAGGTCCTTCGCCTGAGTGTTAGACGTCCAAGCCATGCGATTCGTTGACACTTGCCTCGCAATTGCTCTATCCCGCTCCAAATCCCCGTTC
CP030759.1_gap42	1328799	1331254	2455	AGGTAAATTTCTTCCCGCACCGAAGCTTCAGGATCCGCCTGATCCGCAAAGCGCATGGAACGAATCACCGAGGAGGGATAAAGATCGAGGTACCACTGCACATCCTTGCCATGTGCAGATTGCGTGGATTGCGCTAAACATGCGACCCCAGTCCATAAGAACGCGAATACGACACATGCCTTTGGTAGGTACCAATTTCTCATCATTTGACCTCCCGATTTAGGGATTGTCCGGGCAATGGCGTGAGATCAAGCGGATTGCATCCAAACAGGCCGGGTAACCTTGAAGCACCTGCCTTGCCGCCGCGCATGCCTCCCCAGTATGCCCAAGGCGAAGCGCACTCTTGCTTGCCACAAGGGCAGCCCGCCAGAACCGCGGCTCCGCTGCAACAAGGCGCATGGTCAGCTTGAAAGCCTCCTCTAGCTTTCCCTCAACAGCAAGAGCCCGCGCGAACTCCACCTGCTGACGAAGCCACGTGACGCGGCTGACGATCGCCGAAGTCTGCGAGTCATCGTAGTAGGGCGCATCCAGCCCGCGATAGTAGGATCGTTCGTACATCGGCTCCCACGGGATGGCGGGATTCGTGAATTTCTCCCCACCCAAAAAGCGAAACACCCGGAAACTATTGTTCTGATACACGAGCTCAAATTCTTCGAGCTCATAAGGGCTCAGGTGCATCCGCGCCACTGTTGAGGTGGTAGCCACAGAACGCTGTCCCGCGACATACCGCAAACTGTCGGTGCCACTCTCCAATAGCATCGTTGCCTCGTAGACGAAGTAGCGCACGCGGTACTTCCTGCAGAACGCTTCGAGCTCAGCAGGTGCCCCGTACAGAGCATTTGCCAACTCCATACATTTGGGGCGAATCGTGGGATTCTCAAACTTGGATTGCACCACAACAGGCCGGTCACACCATGCATAAATCTGCGATGAGAGACCAAACCACGCCCCAATGACATCCTCGCGAGAGGTGTGCATCCGGATCCAATGGAAAAGCTCACGAAGATCAGAAAACCATGGGGTGTAGGCTGGAGCAGGCCGTGGGGTGAATGAGTATACCAACCGCTGAAATGCGTTGCCGGTGGGCGAAGTTGCTGTTTGCCACAGAAGAAACAGCGGAAATCCAGCCGCAACGAGACGCACGATCCACGGGCGGCGCGTGCGTTTCAGAGAAAAGTCTGTCACGATGGCGTAAAGGATCGCGAGGCCAAAGAAAGCCAACACATGTAAGCGGTGAATTAGGACAAAGCACCCGAACCAACAGACCAGAAAAACAGTAAAAACCCGAAACGCGACGGAGCGGCGAAACAATACCCGCAGGCGCATCAACGCTGGAATGCCCAAGCTGACCAGCACCAGCGTGGGCGGCGCCAAGTAGAGAAGTATCTGATCCAACCTTGGGGAGTGAAACGCCTCAATCCACATGAGACGTGCCTCGGGGGAGAGCAGCGTAGGATCCGCGGGTTTTACCAAACCATGGCGCAATTTCTCGACAATGAGCGCTAAAACATGAGCGTCATCGTACCCTTTGGCGCGCGCAATCGCCCATGCGCACGAGAGTAGGCCCCCTCCAACTACCGCCAAGCGTGCGAACCTCGTTGATTTCAAAGCATAGACAGCGAGGACAAAGCTCAGGGCCAAGACGACCACAGGGTCAAACCAGTAGGAGCGCACCTTGAGTACAGGTAACACGAGACTGGCCGGCAAGACGAGCGCAAACCAAAGGGCGACACGGCGCGCATGTCGCAAGCTGTAAGCACCGATGAGAAAAGACAGAACAAATGCTCCCGTCGTTAGGGCAAAGATGGGGCGTGCCATGTGCCACGTCACAAACGCAAGCCATTGGGCCCCTGCGGCGAGCATGATTGCGACATATAGTCGGTAGGAGTAGGCTTGGGAAGGTGAACCCACCTTTCGATCGCTCAGCGCACTGCACACGAGGGAAACTGCCGTCATGAGCAGCGCAAGTGCGAGGTTCTCGTGCCCAAAATTGCGAACGACACGTTCGACCCCCATGGGATGTAACGCCAAGACGGCAGCACCGCAAAATGCGGGAAAAGATCGTGCCCCAAGCAATCGAGCCCAAAGGTAGGCTGCGATGACGAGCAAAAGTGAGGCATAGGCCACAAACCAGACGGAATACTCGAAAAACTGAGAGAGATGGACAAAGAAGAGGCGGTATAGCCAGCTTGCGGTCCGTTCCATGAACAGTGTAATGTCGCGATCGAAGCGGAGTCCTTCCGGGTACTGCGCGCGGAGTTCGACTGTCGGGAGAATCTCCCCACTCGCAAGGCGCTCGGCCCACCGGTACTGCATCGCCGCCTCTGCTGGGTAATAACCGTCCGGCTCTGAAAGAGAAAAGTACGGCGAGGAATACGCGAGCGCGACGCGTAACAGCCCCGCAGCAAGGTATAAGGCAAATACTGCAACTCCGGCGGAAATGAAGCTCGCTCGA
CP030759.1_gap43	1433300	1434642	1342	GTAAAACTCGGGCTGGAAACGTGTCCGGACACACTCTTTCTCGGCCAGTTCGATGAGACGTTCGATGTGGCGGACGTAACGCGTTTGAAGGAGGTCGTCCGTGAGCATGGCCACCAACGGAGGCGTGAGACTCATGGTGAGGCGAAAATCTACGCCATCCCGCATAAGGCCGTTCATCATATTGAGCAGCGGAACATACGTTTCGGTGATTGCCTCGTAGAGCCAGTCTTCCTCAAGGAAATCCTCGTACTCGGGATGGCGAACAAACGGCAAATGCGCGTGCAGCACTAAACACAAATAACCTTTGGGATTTTTTTGAGGTGTTGGCACGGTTTGCTTACCCTTTCGAGTGTTGGATCGTTCTAAATTCCTTTAGCCGCACGGACAGCCTCTTCCCTGCGCCGTCCTCATCTGTCACACGCGTTATGCCGAGCATCGAGGTGGCGATTCAAGTTAGAAGTTGCCCTCAGGAGCGTTCAAGTTACTCTTGGCTCGTGCCACAAACAAACGGTAGACAATGAATTTTCGTTGCTGGATGCAATGATAATGTCTACCAAACAGGTGGGAGTTTAAGAAATGGATTTTGGGATTTCAACTCGAGCGGTCCACGCTGGTGAACCAGAACGCCAGTACATGGATTCTATCACAACCCCGATTGTTCTCACTTCGTCGTACACCTTCCCGACGATGGAGGATGTACTGGACTATGTTACGAAGAAGGTCGACCGCTTTGAGTACGGGCGCTACGGTAACCCCACAACCGCTGTAGCAATCAAAAAGCTTCGTGAGCTTGAAGGGGCTGAAGATGCCGAAGTTTTTGATTCAGGCATGACGGCGGTAAGCTGCACCCTGCTCGGCCTCCTACGCAGTGGCGACCACCTCATCCTCACCGATGACGTATACAAGAAAACCCTCATGTTCTGCGAGAAGGTCATGCCACGATTTGGGATCCGCACCACCGTAGTCAAGATGGGCGACTACGACGAGATGGAGATGGTGCTGAAGAAGAATCCGGGAACCCGCGTGGTCCTAAGCGAATCCCCCACCAATCCGTATCTGAACATTGCCGACATGGATATTTTGCGCGAACTGAAGGAGCGCTACGGCTTCGTGTTGGTGGTGGACGCCACGTTTGCCACTCCAGTGAATCAGCAGCCGCTCAAACAAGGCGCGGACGTTGTCCTCCACTCGGCAACAAAATATCTTGGGGGCCACAACGATCTGCTTGGGGGAGCAGCCTTAGGACGCCGTGATTTGATCGAGTTGATCCGAGACTACCGCAACACCACAGGCGGGGTGATGGATCCTATGACGAGCTACCTGCTCTTGCGTGGACTCAAGA
CP030759.1_gap44	1518044	1520606	2562	GGGAGAGCCTTGGCGTGGTCGGGTTGCTGCGAATGCGACTTTATAGCCCTTCCGGTACGCCCATTGCTTCAGTTGAAGTTCCCGAGATCTCCCCAAACCCAGACGAGCTTCACTGGCTTGATGACGATTGGGTCATGTGCGAGTCTTTTTTGGGTGAGCACGCAGTGGGTTTTTTTTACGTCCATGCCCGACAACGGCGAGGGTACCTTCTGGAAATCCTACAGCCCAATCGTGGGTCAGACTGGAACTTCACGGTGAGTTACTCGGAGCCGGGAAGCACAATGACCGTTTCGTGCGTTGGGCGAGCACGATCCATGCTCTTTCCAGTTCTTTTGCGCGATTGCCCCAAAAGCGAAAACGAGTACTTTTCGTTGGAGTTTTGCCGCAACTTCGCGGATGAGGTCGACGGCTTTGTAAGTTGGAAAAAGACACAACGTATTCGCGAATTCGAGCTGATCGGTGAAGCTGCTCTTGCTGAGGGGAAGGGTGGGCTTATCGTCGCGCGCTTGGATGGGCGCCATGCCGTTCTCTACTTTCCGCTCAGTGCAACAAGCACGAAGGAAATGTTGGCCAGAGTTCGTCGTCTTGACGTTTTCACTACGCAGTCTCAAGCGCTACTGACCTCAACTTGTTTGTTTGAGATGAGTCCGCGGTGGCTGGAGGGTACGCGCTTCGTCGTCGAATGCACCTCGTCAAGAGTGGGTGCTTCTCGGTCCAAGCCCGCAAGAATCCAACTTGCCATTGGGGAAGTGCCAGAAGCTGTGGACGGAGCGATTCGCATCAGCACGGATACGGAAGTCGTCCGCGGTCGTTCAACTCTGGTTTCGCCCTCAGAGCCTGCTGACACGGAGGATTCTGAGTTGTTAGACGATGCCGTGGATTTGGCAAGACAGACTGGGACAACCACACCGCCTGCCATTCTTGAGTATCCGAGCGTACCTTCCTCGACCAAGAAGAAGTCTAAGCGAAACTGATATTAAGCTGATTGCCACAAGGGAAAAGTGGACGAACACACCTAACCACGGACGACAATGGGGTACGGTGCGACGAGAAATCCCCACAGGAATCCGCCGCAAAGAGGTACTTACGAGGACGCGAAAGTGCCCCCCTTGAGCAATCGGTCTACCTCACCCACCATGACCTTCACCCCCGGCTCCTCCCAAATACTGACGGTTTGTTCGCGATCGCGTGTCAGTTGGCGTATTAGCGCATCAGCACCCGAGAATACTTGTTCGTCACGTAGTCGCTTGAGGAAAAACAGGGAAAGCTTTGTCCCGCGCAGCTCGCCAGCAAAATTCAGAATGTGCGCTTCAATCGTCAGCCTGTCGCTACCAAAGGTAGGATTGTACCCGATGTTGACCATGGCGGGTAGAACACCGGGCACGCGGTCGCCCGCCACGGCACAAACATAGACCCCGCGCGCTGGGACGACAAACTGGGGGGTAGGATCGAGGTTGGCGGTTGGAAAACCCAGCTTATGCCCTCGAGCATGGCCGGGAACAACCGTTCCCCGCAGTTCATAGGGGCGAGTTAGGATTCGATAAACCTTGTCGAGTTCCCCCGTAAAAAGAAGGTCCCGCACGATTGTGCTGCGGGCGAACATGTTATCCACCGAGCATGGTTCTACGACATCGACAAAGAAGCCGAACTTTTCGCCCAAATCTCTGAGCGTTTCGACGGTTCCAGATCCATTTGTGCCAAACGTAAAATCGGGCCCGCAAACTACACCTTTGGTTTTGCAGCGGCTTACCAAGTAATTGCGCACGAATTCTTCAGGGGACTGTCGTGCAAAATCGCGTGTGAAGCGCACGCAAGCCAGAAAGTCGATCCCGAGTTCTGCAAGGATTTGCTGCTTACGATCGGGATAGAGCAGCCGTTTGGGACAAAAGGGAGGGGCAAGAATCGCAAGTGGATGCTCATGAAAAGTCAGGACTGCTGAACAAATGCCTTTTTCCTTCGCCCGGGAAATCGCGTGCTTGATAAGTGCTTGGTGGCCAAGATGCAGCCCATCAAAAACACCAACCGTCAAAACGCTTGGTGCGGGGAAATTCCATGGCTCTTGCTCAAAAACCTGCATGTGGACTTTCTTCACACAACATATGGGAGTGAGTAATCAACTGGTTGAAAGTACGATAGAGGTTGAGTGTGTGTTCAAGCACGTTCGTGCGAATCAGGAAGTTCCGACCTCTGATACCGCGTGGACGGATGTAGAACGCACAAGGCGCGGTCACTCGCATACCGAAAACAACATGATTGCATCGTACCTCGCGACTAAGGAAGAACGGGAATGCTACGAGCGTGAATGTTGGGTAAACAAGCGGCCGCCGTCTAACTCACGGAGGTGAGATCGAACGTTGTGAAATCCACGAAGCCCATAATCTCCTTCGAGGGCGTGTGGAAAGCTTATCGGCTTCATCCGCCTGCGTCGCTTTCGCTTCCCCAACGGATCGGTTATACTCTACGGCACCTTTGGAAACCAGAACTGTTGGAAGTTCTGCGAGATCTTACCTTTCAAATTGGGGCGGGAGAAAGTGTGGCTTTGCTTGGGATGAACGGTTGTGG
CP030759.1_gap45	1523925	1527751	3826	GCGAAGCGGGATGCAAGAACTCTTGGAGCCTCCATGGAGGTCTACAAGCTTTCGGGCCCACCCACTTGATCGATAGCAATGGAATAAATTTTGAGGCCCAATTCGAGCGGAACAACACATTTCAGCTTCAGCGTGTCTTCAACCATTAGGATCACGTTGAGCGACGTGAGCTCGCTCTCACTGGTGAACGGGAGTTCAACGACTGTTTCGTTGCGAATAGCGACCTGCTTTTGTTCTTCGCCCAGCCGAATCTGGACTGAGACCTCTCGGTCGGCCGATTGCGCTGTGTCAGGGCACTCGAATGTGACGCCGCAGTGCACCCGCAACACATAGGAGCCGGGCTGGAGCGCCACGGGCAAACGAAGCAAAGCTTGCGCCCCCCGCATCCACACAACTCGCCGCCCGTCGAGTTCATAGCTGAGATTCTTGAGGTCCCAGTAAAACTGGTCGTTTCGAAAAACGGGATCATTCGGCAGAAAGATGAACTGCGTTTGGGAAGTTGGTTGGTCAACCACGTTGAGACTTTCTGGGCCGTCGTACCAAAGGCGCAGGCTAAGCATGTTGAGGCGCTGGGCGCGCACGGCAAAGTTCAGTTTTTCTCGCCACAGGACATCAGCATCGGCGTAGTAACGAAGGGCACCAATGAAGGTGTACAAGTGGGCCGATTTCCACGGAAACTGAAACAAGGCGAAATAGATGTCTTGATCGTCCGGGATGACCGCCCATTTCTCAAAGAAGTCGCTCGCTGGCACTATCTGATAGGTGGAGCCAAAAAAGTAGTCCCCAATTTGACTAGTGAAATCTGGCCAGAAGACAATCGGGGCGCCGGGTGGGGCAACTGCCTCCAAAGACTTTGCAAAAGCCAGGTAATCAGTCTTGTCGCGTTGGATGCCCTGCCGCACAAGTCCAAAGCTGAGGCTACCGACGGTAATCACGACCAATATCAGCCGAACTACAGGCTTACACCACGAGAACAACACGCTTAGCGTCAGGGCATAAAACGGTAATGCCAGAGCAGCCGTTTGAGGTAATGTGAATCGTGTACGACCAATGTAGCTCCATGCGAACGGAAGCAAGGGGACAAGCACAGTCAGCAGCAGGGCTGCTCGTTGAGCAAAAGCCCCGCGCCGGAGAACTTTGAAAATAGGGGGCATTAAAACAAGAAAAAGCGTAAGAGTGACGAGCACCGGTACCCCCCCATCTTTCACCGAGAGCCCCCAAAACCCGTCCCGCAACCATACGAGAAAAAGCTCTCTCCAATCGGGTTTTGGCTCGTACCACTCCGCCTTGGTCGGCATGATTGCCAACCAGGGGATAGAAAGAACTACGACTAAAACGTAATTGAGACCGATTAGCCTAAGTCGCTTCCAGCGGACTCGACGACTCTCGGGTTCGACCGAGTACAAATTGGTTCTCAACAGATGTACAAGGAGGAATGCCGCAAGAACAAAGGCCGCTTCGCGGTGCAGATGCAGCAATGCGATCGCGCTTACGTTAAATCCGACCCAATATTTCCACGATTCTGCCTGAAGGCATGTCCCCAAAAGGAAATAGAAGGCCAGCACTGATGCAAGACCCGCTAAAGCTAAAGGCTGAGCCTCTTGAGAATAAAAAATGTGGAGGGGGTTGAGTGTCAGAAGAATGGCAGCCCACCACGCTATGCTCTCGCCAACCACGCGCCGATAGAGCCAATAGAGTAAAGCGGGGGTCGCTGCGCCAGCAAACAAGGAGACAAGCCGCAAAACCCACAGCTTCGTGCTCACCCACGATACAGGTTTCAGCACAAGATAGTAGACGGGAGGGCAAAGATCTATCTGCAGCATTCGGAGATAGCGGCCGACGGGCTGAAGGACAGCAAGTGAGGCAACGATCTCCTCAAAGCTGGGCGGCTCACCATGGCGAAAATTCCAACTGCGGACTGCTGCCGCGAGAAAAAAAACGAATGCAAGCTTTACCCAACGCGCGTAGTCGTGCATGATACTATCCTTGCTATGACCTCTGCGCCACGAACGCGAGCAAAATTCGTTCACGACAAGTGCCAGAAAGGTCGGCACTTGGCCAACGTGACATGACGGGGTGGAAAAAGAACAATGCTGATCTTCTTGATCAAAGCACTTTTCGATCCGTTTTTCAGGGTCTCTGGCGTTGTGGCATGACGCTTGAGAAAGCTACGAATGCGGACGATGGGGCGGAATCGTAGGCGGTTTCTGGGAATTCTTTCTACTTGGCTATTATAATCTTAGGACGAAAGAAGGAATCCGAATCGATGAGGGGCCAATTGCAGTTTACTGCCTATCTGATGGTGGCAGCCGCGTTCGTGGTGGCATCTTCGCAGGGTCGCGCTGAACATGCCCTCACGCAGGATGGGCATGCGCTATTCAACGTCTACGTGGAGCAGACAGCAACAACGTGGAGCCGCCCACTCCGTGTCCGTTTTCAGAGCGGAAGCTTCGAATATGACTATCAGCAGCACGCGATTGTGAATGCCTTTGATGGTGGCACGGGGTTGTACTGGATTGCGGACGTTGTAAGTACAAGCACGCAGGTCGGGAAAGAGGAAGGTCGCCTGCTCATGCAACAACTGGGGTGGCATCGCTACACTCCACCTCCGCCACGTGTCATCGTGCTGCCAACTCCGACCCCCGTCCCCACGACTACACCCGCCCCCGAGGTGGCGCAAATTGATCCCAACGAACTTGCTGACCAATCGTTACCGTTGGAGGAGAGACTGGAAGCTCAACGCCAGATCTTCATTGACCAGCAGCGTGCACTTGCAGATCGCCTGCTGCTGGACAAGAGAATGCATCAGAGCGACGACGAACGTGGGAAACAGGAACGAATTCGGCTGCTAAAACGTCAGATCGAGATACTCAACACGTATTATCCCAAGAATGAACACCGGGTTCGGCTTACGCGTGAGGCCTTAGAGGACCAACTGCGCAAAGTGGACGAGACGGGGAAATTCTCCTGGGAACTGTAACGAAGAAAAATGAATGAAAATTGCGCGGGTTTTGTAAGACTCGCGCGGGTAGTTTGTGCCTTGAAACGAAATCCAAATAAACGAAAAAAGAACAGCGAAACGCGTCCCGTTCACGAGTCAGCGGAAAAGGGCATTGAGTTGGACGGCACGATTATTGAGCCCCTGCCCAACTGCATGTTCCGCGTGGAACTCGAGAACGGGATGACGGTGTTAGCACACATCTCGGGAAAGATGCGAATGAACTTTATTCGCGTACTTCCCGGAGACAAGGTTCGTGTGGAGCTTTCGCCTTACGATTTGACGCGCGGTCGAATTACCTACCGTTTCAAGTAATACGTTACGCGCGAGCACCATGGCGGTGGCTTCATCACGCACGCAGATTTTACCACAAACGGTGACAAGAAAATGAAGGTACGAGCGTCCATCAAGCCAATTTGCAAAAAGTGCAAGCTGATTAAGCGCAAGGGTGTCCTGCGTGTTATTTGCGAAAACCCGAAGCATAAGCAGCGCCAAGGGTAAAAGTGAATTTTCTGTGCGCTGGGCAGTGAAGAAGGAACGCGAAGAAAAGTAGGATCAGCGGTGCTCCCCCCCGAGGGGAAGAATCGCGGGTCAGATGTAAGAAAGGAGAATTCAGCGCCGACGGTGCACGTGTGGGTTCGCCAACAAGCACCATGGGCGTGAGGGCGAGTCACTATGGCAAGAATTGCCGGAGTAGATATTCCGCGCGATAAGCGCGTTGAGATCGCACTAACGTACATTTATGGCATTGGGCTGACGACTTCGCGTAAGATTTTGGCTGAGGCGGGGGTGAACCCCGACACGCGCGTGCGCAACCTCAGCGAAAGC
CP030759.1_gap46	1717970	1719039	1069	TGTTGTGGGCACGCCGAGTGCTCTTGCAAAAGTAACCGTGATTGAGGCGATTGCCTGCCCCGCTTCGTGAACCGCGCGCAGTTGTTGGTCGAGGCGTGGGAGGCGGTAAAGTAAACGGAAGGACACCATGGAGGAGCCAACGTTAGTCATCTCCGAGCTCTACCTGTCGATACAGGGAGAAAGTACGTGGGCTGGGCTCCCCTGCACGTTCATTCGTCTTACCGGCTGCCCACTGCGCTGCTCTTACTGCGATACGGAGTACGCTTTCTTTGGCGGGCAGCGCATGGTCCTCTCGCGGATTTTGAGCCAAGTTCACGAACTTGGGTGTCCACTCGTAGAAGTCACCGGTGGCGAGCCCCTCGCTCAGCGCGAATGCATTACTCTGCTGCATGCCCTTCTGGAGCAGGGGTACACGGTCCTGCTCGAAACCAGTGGGGCTTATTCGCTTCGCGAGGTGCCGACCGAGGTCCACCGGATCGTGGATCTGAAGTGCCCCTCGTCAGGCGAGATGCACCGGAACTGCTGGGAGAATATCTCGCTTCTGACTTTACGCGACGAGGTAAAATTTGTCGTTGGGACGCGCGAGGATTATGAGTGGGCCCAGGATCAAATCCACCAACACAGACTTTTTGATCGGTGTGGGGCAGTGCTCTTCTCTCCTGTCTGGGGGCAATTAGCTCCGAGAGAGCTCGCCTCGTGGCTGCTTGCGGATCACCTCTTTGCGGCGCGTCTGCAAATTCAGCTCCACAAAGTAATCTGGCCAACTGAGTCGCGCGGCGTCTGATTACCCATTTTGTGCACTCGCAAGGAAACGCGGCATCTCCCATACGGTCTTCTCGAGCAGCGCATAGGTGTGGGCGAAGTCCTCGAGGCTCATCAGACTCACGGACGAGTGTATGTAGCGACATGGCACGCTGACGATCGCTGTCGGCACACCACCGCGGGTTGTGTGGATTCGAGCGGCATCGCTTCCCCCGAAGATCGGGCGCTTATGCTGCCAAGGGATGCCAGCATGATCGGCAACTTCTTCAATAAAGCGCACGAGGCGGGGGGTGCAGTGGGTGTTGCG
CP030759.1_gap47	1739498	1740465	967	GCGACTATGCAAAGGGGCGTGGGTCGGGGCGTTGGCACTTTCGGTCTGCACTCAATTGCTGGACTGCACGATGGCCTATCTTGTGGGCTGTGGATTGGGGCTTGGGCTAAGCTTTACGCAATTCTGCGTGTATGTTCCCGCCGTGACACTTGCTGCACTTCTGCCGATCACATTCAATGGAGTGGGCTTGCGCGAAAGCGTTTACCTCGTGCTTATGGAGCGCTCGGGGATTGCTAAAGATCAAGCTGTGGGACTTTCACTGGTGCATTTCGCCTTCATGCTGATTCTCGCCCTTGCGGGCGGAATCTGGCATGTGCTGGCGCCTCTCAACGCCACGTCTACACCGAATGCTGAAATACCTACGCAAGCCGATTCTGCCTGTTCAGACTCGCCGGACCGCTGACGCACGGATTGCCGCGAATGAAGAATCGCCAAGGTTTTGTGGCATCCGGCCCTGCATACGCAATGTTGATGCGTGCAGAAGCGGCAATCTCCTCGCCCCGTTTACGACATGCGGGTACGAGAAACAAACGATCGCCCCAAAGTGGTTCTCCGTATAGCTCGCCAGTGATGCCGAGTGCCCGACATAATTTCCCGGGGCCACGGCAAAGCGAATGAGCGGAGGCATGCGCTGCTCCAAGATTTTCGCGCATTTGATCAAGCCCCAGTACTGGCTCAAGGGCGCGCACGAGAATCGCTTGGGGCTTTCCAATGGGACCACTCACCACATTGAAGCACCAATACATCCCGTAAATAAGGTAAATGTAGGCATGCCCTTTTGGGCCGAACATGGCACGGTTGCGCTCCGTCATCCTTCCGCCGTAGGAATGGGAACCCCGATCGTGTGGACCAAGGTAGGCTTCCACTTCCACGATTCTGCCACCACATAGCCCCGTGGCGGTCCGGTGAATTAGCCAACACCCCAAGAGGCGCCGCGCAAGGGTCAGCGTCGGGCGGTGGAAATCCT
CP030759.1_gap48	1770369	1771130	761	CGTCGGTACAGACGTCGCAGTTGCGAGCGGCGGCTGGTCGGTAGATGATGTACGGATCACACGGTGCTACTACGGCGTCGAAGAGCAGGTGCAGAATGATTTCCCGACGGGAGCGGGCTGGAGCGAGTTTGTCAGAATTCCGGATGCAACTGCACCGGGATACGCGGAAACGGACGTGGATAGCGCTAACACTGCGCTTCGAGCCCGGGTGAGTGCGTCGCCCGATCGCTACCGAATTGTCGGGTGGTTTACCAATGCGTCGAACTGGCTGCCTTATTCGGTGGTCGGGCCAGACCGTTACGTACGCGGGAAATTCTACGTGTATGCAACCGGGCAGACTAATCCGAGCCAGATTAACTCAATTCCCAATCTGAGAATGCGCTTGGCAAATCGCTTTGCGGTTTCTTCGATTCTTGAGGTGCACCATCATGTCGGCGCGGCAGCGGGTGATGAGCCTGTAACCTCCGAAGTACGGCCTTCCACTGATCCCGAGCGGCCTTCGCTGTATCGCGTCGACTTTGACCCGGTGGACGTGCCGTACCTGATCGGAAATCCGTACACGGAAGGGATCCTGCGGGCCTTCGAAGCGTACTCGTTTGAGCCACAAGACAATGGCTACATTTGCCTCACAGAATCGTCGATTGGGGTTTATCCGAAAAGCATCGTCACGCCGACGTCTGCTGCGCTGATGTGGCGCAAGACGTATGAAGTGGCGGATTTGAACCCGTTCCTTCCCAACGCGAGTTGGGACCTCTACAGCC
CP030759.1_gap49	1912620	1915628	3008	ATTCCTTATCCTCTTCCATGAGCTCAGCAGTTCGGTAGAGCAAGGCTTTGAGTTTGGCCTGCTCATCGGCTTGCTGATCGACGCGAAGCTCGACATCGCGGAGAGTTTCCTCAGCTTCGTTGAACAACCCCTTTGAAGCCAAGACGTAGGCGAGTTTTGCCAAGGCGACATTGTGAAGAGCAGGATCCTGAGCAGCGCGTTGGTAGTGCACAATCGCATCATTCAGCATACCGAAATCATGCGCTAAGTCACCAAGTTCCATATGAAGAACCGGAGCATTTGGGGGCGAATCATCGAGCAACCGCTTGAGTTCTTCCATCCGTGCCCGCCTCTGAGCTTCCTCCAACTCCCGCATACGCCGCCGGATTTCCACATTCTCTGCGTCCAGTGCCAAGACACGCGCGAGATACGTCAATGCCTCTTCGTAGCGCCGCTCGCCCGCTGCAAATTCCGCGAGCTGGGTCAACAGCTGCTTGTCGTTGGGGCGATGTTTCAGGAGTTCAATCCCAGTCTCTTTCGCATGTTCAAGGTCGCGAATCGCGCAATAGAGTTTGAACTCAAGCTCAAGCACTTCGGGTGTCACAGCCCCCCCGGCCTCACGATAGCGCGACAGATAATCCAAAGCGCGCACTTCGCTCCCGTGGTCTGCCTCATACCGCGCCAAATAGAGAAGCGAGGGACAGTGGTCGGGTTTGCCACGCAGAATCTTAAGCGCCCCTTCATGAAGGATTTTTTCTGGGTGGAGTGCATCCGCGGCCATCATTTCGTGAAGCTCAAAAACTTTGTCCCAGTTCTGCTCGCGGAAGTTGATGTCAGCGAGATAATTCAGAAGTCGGAAATTCTTGCCGTGGCGTGCGAGCATCTTCTCGAGTTCTTCGACGACGCGGTCCCGTAATTCCGGCTGGCGGGAGAGTAACTCCTCGAGCCCAACGACGACGCGCTCGGTGAAACCCAGCGCCACGAGGCGGTCGTAATACTCAAAGCGGATATCAAGGTCATCGGGATGCTTTTGAACTTTTCTTTCAAGCTCTTCGAGTTCTTTTTGGGTCAGACGTTGCCGAATACGCGATTCGAGCCCGGTAATTTTTCCGCGAATCTCTTGGTCATCATCCTCTTGGAGAGACCGCGCCGCTTTCAGCTCTTCGAGCGCCTCCTCGAGACGGTCCGTCTCGTAATACGACGCTGCAAGTAAGTAGCGGGCCTCCATTGACCGGATCAGATCCGCTTCAGTTCGCACGAGGCGCTCAACCCGGCCGTAATTGGCCAACGCAAAGTGTTCGTTCAAAACTTCGAGTTTTTCTTCATGGTTCGCAGCTCGCAGTTCTACCAGCATGTCCAACTGGGCTAAGATGTCGTCGCGCAGTCCCTTAAGGCGGCAGATCTCGATAAGAGCCCGGCGATAGCCCGGATTTTCTGGCTGGATGAGAACCAGCCGTTCCAGTAGCTGCCGCTGCTCATCAAGCTCACCATTTTGGTAACAGAGTTCGACAAGTGCCTCGAGGCTCTCGACATCGCGGGGATGTTGTTCCAAAAGACGGTAGTAACACGCCTTGGCGCGGTTGAAAGGGACGCCTTCGCGCTCAAATTCACGGGCCAGCTCGCGAATTGTGGCCACGTCGTTCGTTTCAAAGGCGAGATCGAGCAAGGTCTCTGTCCACCGGCGCCGGTCTTCCAGCGGTAGCCCTTTGATGGCGGCAATCGCTTTAGTTTTTTGACCTGTTTCGCTCCATAAAGTGATCAGCTTCCTAAAAAGGTTTTGGGATGGAGCTTGGTGGTAGGCATCTTCATAGTACCGTGCAGCCCCCTCCAGATCTCCGCACGCTTCCGCGGCATGGGCCAGCGCGCGACACAGATCGGGGTCCCTAGCCCCGTCCTCATAAGCTTGCTGAAGCAAATCTTGGGCGTTTTGGCACTTTCCGAGGCGGGCTAAGCACATTCCCAAGAGGTTTTCTGCCTGCCGGTTGGAAGGCAAAAGCATGAGAGCAAGACGAGTCCAAAGAAGCGCAATGGAGGTGGGAGCAGACTCAAAGGCTGTGGTGGCGAGCCGGAGGGCGAAACGCCCTAACATACGCTCAGCATGCAGCCATCCCACCGCAAAGCCCACAACAAGCACCCCGGCTACCGCAAATGCGACGAAATTCTCGGGCGAGACCTGAAACCGCCCCAGAAAGTAGCCAGCAAGGAATAGGAAAAATGAGAGAGCGAGCACGAAGGTACGCACGCGTGGCCGTTGCGCACGACGCATGTCGAGCCCGAGCGCATACGCCAAAGCGGTAAGGCCAATGCACAAGAACGCAATTCCCCCTGCAGTGAGGCTTCCATATTCAATGAGCGTCTCATAGAGATCCCGGTTGGTTGCCCCGTCGCTCCAAATCACATAGTTCAGGTAAGCCCCCGCAACATTCGCGGCGAAAGCCAGCAATGTCAGTAGGGAAAACCAACAATTTCGCTTTCGGCTATGCCTCGCTGTGGCCATCCGCTCCCGCCCGTGGGTCAGTGTTCATCCGTTCGACATGGGTGCACATACTATCTGAAGTGTCACGGTGATAGACATAGGTAGGAAAATCAACCCTTTCGATGACGAGCATCTGCTCTGCGCGCGTGAGAAGCTCATGATCGCAGCCGAAGTCGGGTTTGCGAAATCCCCCCAACCGAGCCAGAGCCTCGGCACGAAAGAAAAAGGTGCCGCCGACAGCGCACTCACGAATGGGAATCAAGCGACGTGGGTCATGGAGATCCGGTACGGTGTCTGGCCCTCCCACAATCTGCACTCCCCCGTGGATAAGCTCGACGTCGGGGTGCTCCCGCATGAAGCGAACTCGCAACTCGAGATGAGACGGCAAATACTCGTCGTCAGAATCAAGAAACGTGACAAAACGTCCCCGTGCGTGCGCAATGGCGGCATTGCGCGCTGCAACCAAGCCGCGATTTGGTTGCCGCAAAATGCGAATACGACGAGGGTCGCGCTCCGCGTACGCTGCAAGCACCCGTGGCGAATCGTCGGAGGA
CP030759.1_gap50	1918737	1920813	2076	TGTTCGCGAATCACCTTGTTCGCCTGCTGCGCATACTGAAGCTCATCACCAAAGTATTTCTTCAGTCGCTGCTGACGCTTTTCCTCCAACTCTTTGCGCTTGGCCGCGAGTTCCTTTCGGTGGGCCAAAACCTTTGCGCGTTGTTCGGGAGTTAGGATTTTCCACGCTTGTTTCCGGAGCTGGGCTGGGCTCGTGGTTTCGACGGCGAGTTCCAGCAATTGCTCCTTCTGCTCATTCGTCAACCCCACCAGATTTGCTATTTCCTGTGCTTCCCGCATGGGGGCAGGCACCTTGCTTTCTGTTTTTGCCTTTGCTGGCAGAGCCGTGGGGGGCCTGGGATGGAACCGTACGTATTGGTACCCAATGTAGCCCCATGCCCCCAAAACGAACAGTAACAGGAAGACCACTTTCCACGGGATCGTGAATGACGTGCTACTATCGGTGGCACCGGTATCAAGCCTTGCCATTGCAAAACTTACCCCTTTTCCCCGCACCTAACTACAGAGGCGGATCTCGCGCATCATTTACTTTGCACCAACTCCTGGATTAGCAAAATCGAAGCCAATACGGAATCGCCTGAACCGTATCAAAACAAGAGGTGCAAATCAGACAGCCGGAAAACAAAGCTAACGGTAAATTAGCCGAAACGCGTGCATGCGGAAACTTCCATCGGGGAATCGGATACGCTCTTCGATCGGGATCGGTTCGATCTCGCCTAACTCCCGAATCCATGCCGGCGGACGCGAACTAACGCTTAGCACAAGTGCTTCGCGACTGTTGAGTGCTTTGGCGACAGAAACTATGCGATCCATCAGAGCAGGATTATGCTCGGCCTTTTGGATGAGAAGAATTGGTCGCTCGTAGAAAAGCTCGGGTGGATCCGAAGGAAGCCAAGCTTGGTCCGTGAGAATTGGGGCATCCGGCAGTAGGGTACGAAGGACTTCGTACGTTCGATGCGATAAATTCAATTTGAGCACAAGTCGCTGGAGAAAAATGCCGTTATCCACTACCCCAAGCGCAACTAAGGCTCCGAACATCATCGCGGCAAGACGTAGTTTTGGTTGCGTGCTGGCTCCGCGATACCAGTGAGGTGCTGCAGCAAAAACAGCAAGGAGCAACCCGGGATAAGCCGGAAGTAGGAGCCGCGGGCCGAAATTCATTCCGACCGCGCTCGCTGGGACACTTAGCCAAACGCTCGCAAGCAGGAAAATGAGTGAGGCAGTTGCTACGATTCGCGTCGACTTACGCGTCTCATCGTGCGCTGGCCACGCTCGAGCACTCCACAGGCGGAGACCCGCAAAGAGGAGCGGAGTCGCGCCCGCAGCGGAATTGAGGTAGCTCTGCGTGTAGAGCGGTTTGGCGTTGTCCCACAGATAGAAACGCACCACAAGGGCGGCACACAATCCAATCGCCGAAAGCGCGAGGACAACGTCGGGGCGGCGTGTGGTTGCAATCCACGCTAGAGAGCAGAGTAAGAAGAAGAGGACAATATCCCCCATCGCGGAGAGATTGAGTTGCGAACTGGTTACGCGCGCGAGATAAAGAAACGCTGTCACCGGCCGCGTGGCGAGCGCCCAGGAATACTCCAGCGTGACGCCGCTCCCAGTCGAAGCGTGAAAGAATAAGTAATGCCCAACCAGCGCCCGGTTGGAGAGCATCACCGCACCGATCCCGCCAAAAGTCATAGCGGCCAACAGCAGGAGACTCCGGCTGGGACGGCGAACAAGCGCGGCCGCCAAGAACACACTGCCAGCCCACAACACATACTCCTCACGCATCACAAACGCAAAGAGTAGGCACGCCGTGGCAGGGAGCATCCACCTGCCCGACGGCGATTCCAGCCCACGAAGGACAAAATAGAGTCCTGCAATCCCTGCCGCGAGAGCCGGGACGATGTCCCAGAAGATATAGCAGTAGGGCAGAATGGGAGCCGCGAAAAGCACCGCCGCCGCTGCCCACGCGGGACGACGAATCCCAAGCTGACGCGCCAGCCCGTAACACGCGAACAAGAGCCCGACCCCACTCGCAAGTGGGACGATTCGCATTCCCACCCGCCCCCACAGTGCATAGAACGGC
CP030759.1_gap51	1924355	1926248	1893	CCCAAGAGTTCCCAAAACAAGAAGGGCAATGGCGGTTTTGCCGTTGGTGTGCGGAATCAATGCAAGGGTGCACAAATAGGAAAACTTCAGAAGATCATTAATGGCTAACGGGTTCAGCTGGGGGGCCTCAATGCGCGCCAAATAATAAAACGCGGTGTTCAGGCGAGACGAGAGCGACCACGAAAACTCGGGAGCCACCCCACTGCCCGTGCTTGCATGGAAGAAAAGGTAGTGACCTACCAACGCACGGTTTGCAAGCATGACACTCGCCATGGCGGCGCCAGCGCATACCACCATAGCGAGGAAGGGACGCCAGCCCCTACGAAGAAAAACAGAGGGAAGAAGAGCAGCCCAGACACACGCGGTCCAAAGCAAATACTCCTCTCGCATCAAGAAGGCGAAAAAGAAAGCGAGGGCGGCCCACATCCAATCCGTTTTCGAGTGGCCTTCTACTACGCGCAGGGCGAAGTACGTCGCCCACACTGCAGCCGCAAGGGCAGGAATCACGTCCCAAAACGTGTAGATGTAAGGTAAGACTGGAGTGCCGAAGACCACGACGCTCGCCGCCCAGCTGGGCCGGCGCACCCCGACATACTTTGCGAGCTTATAGGCTCCATACAGAAGCAGTAAGCCGGCCACGACAGTGACGAAACGCATCCCCATGCGTCCTGCCAGCGCGTAAAACGGTGCTGATAAGTAGCAAAACCACGGTGGATATTGCGCAAACAGCTGACCTTTGTGGACAAATGTTTGAATGATCAGGAAAGGACGAAATTCATATTCAGGGTCAAGGTGTCTAAGCGGATATTCAAGCCAGAACCCCTGCCAAGGATGTCGATCCACGATATTGTGCAAAATCAGATAACGTAAGCCGCAATCGCCTGTCCACCACCCGCGCAACGGCACCGCAAACGAGAGTAGGACAATGGCGAGGGAAGCCAAGATCAGGACACGCAATTCGGAGCTGCGATGCCGTCGGTTGTCAGGGTGTTCTTGGGCGCATTCCGGGACCATTGATTGCTACTCCACAATCAACCATACGCGCGCCCCGCTGGCTGGGTAGCTAATGACCCTACTCTGGTACAGCCGCGCTTTTGGGCTGAACCTCTAATCGCGTCACAAGCAAACCGGCGTCCCAAGCGGCGACGCACACCCAATTATGCAACACGGCGGCGCTCATTGCCACGTCGGGAGTAAGAAAATCTGAGACGAGTAATGGTGCCTGCGGATCGCGTACGTCGTAGAGGTCCACTCCACCTTCGCTATTAAGAACCGCAAGGAAGTCGTTCTCGAGCGGCACGACGTCCCGCACATAATCCTTCGTGCGATAGAGCTGGCAGAGGAGCTCCAGAGTTGGGGGCGTGTCCAAAGCACTCTCGTTCGTAGGTACGTTCTTTAGGCGAAAGATTGCCGTCCCATAGGTCCGATACGCACAAAACACCAGATCCTCCTTCACCGCCACCGCCTCGCAAAATCCTGGAATGCGCACTTGGTAGTAAGGCACGAGTTCGAGCGAATCGCGAAGCCCGAATACCTTCAACCCTCCATCAAAGTTATCAGCGAGCAAGATAAGGCGTCCCACGGTTTTGACGCGCCGGGAGTAATCCGTACCGCGGTTTGCATGTGCGACGATTCGGGGGGCACGAGGATCTGTGATATCGCAAACGGTGAGCCCCTCACCACCGCACGCTACTGCCGCAAGACGCCGCCCATTGAATGTAAAGACGTCCACATGCGTTGCGATGCCGGGAAGACGCAGCTCACTGAGCGAAGTAGGCTGATCAGGCGAGGCTACGTCCCAAATCACCAAGCCACGAAACCGATCCGCCACCACCAGTGTAGGTGGCTTGTCGACCACCTGAAAATGTAGTGGCTGGAGATCGGTGGGGGCGA
CP030759.1_gap52	2018038	2018616	578	AACGCGCCGCGCATTCGAACGCTTCGTAGGTAGTGACACGCCCGTTCCATTCTCCGAATCCTCACTGGTAAGCAAGTAGAGAGTGACGCCCTCGCCGCTGAGGGGAAAAGCGAGACGGAGGAGTATGGCGATGGCCCCACGAGACGCCCTCCGCGCGGATCCAGAAAGTTCTACGCAACGTGAGGTAGCTTGATGCGTCGAATGCTAAATGAACCATCTGCCCCTCTCCTCAGAAATGTCCTCAGAATCCGCATCACCCTCTTGCGGTAATTGCGTTGTGAGATGAATCCCGAAAAAGCTCGACTTCGCGCGGAATACCGCGCACTCCGTGCCAAGCTTTCGCCAGAAGAAGTCGCGAAGGCCGGCGAGCAGGTGACAGCGCGGTTGCGCGAACTCGAGGTCCTACGCTCTGCCCGAACGGTGTTTAGTTACGTCGAGTTTGGGCGTGAGGTCCCGACGCGACCCATCCTCCGGGAACTTCTTCAAGCGGGAAAACTCGTCGTGGCCCCAGCCCACGACCGGCTCTTGGATCAATATCGTTGCTTCCATTTTCTGTCGCTGGGGGATCCACTGCTCGA
CP030759.1_gap53	2043624	2047927	4303	AATCCTCACATGCTCTAACACTGCCTCTCGCGCAACGACGTGGCCGCCTGAACCATGGCGCGCACTCGCTCGAGGTCCAGTGCCTCATCCCATTTGCCACCGCGTTTGAGCCACGAGCCAACAATGAATCCATCTGCATGCGGCCAAAGTCTGGCGAGATTCTCAGGTGTCGTTCCTGAACCCACCAGCACCGGTAGAGAGATCGCTCGCGCCACCGCTGCCACGTCGTCAGGTGAAGTCTCGCGCCCAGTGGCCGCCCCCGTGACAATGATGCCATCAGCTCCAAAGAATTCTGCGGCATGGGCTGTGTCCGCAAGATCCACATCCGCGGTGACTGCATGGCTCGCGTGTTTCTTCTTCACGTCCGCAAAAACTTTCACGCGCTCTGCGCCGATCACTCGCCGATATCGTAGCAGTTCACCGGCATCCGCATCCATCCACCCCTCGTCAGCCACGTGAGAGAACACGAACCCCTCTGCTCGGACGAAATCCGCGCCGGCAGCATGTGCCACCGCGAGCGCCTCACGGTTGGCCCCTGCCAAGATCTGCACCCCTAAAGGGCAATCGACAGCCGATCGCACGGCCACGGCCACGGCCGTCATTGTAGCGGTGATTTCGGGGCCCACCTCTCGCCGCAGATAGGGGACATCATGCATGTTTTCGAGGAGAATGGCATCGAATCCGGCCTCGCAAAGCGTTCGTGCCTCCTCCACCGCAATGCGCACAATCTCTTTCACGGGGAGCTGATGTCGCGGGGTGCCGGGGAGAGCGCGCACATGTACCATCCCGATCAAAGTCCTTCGGGCTGTTTTCCAGTCCCACGTCATTGTCCTTTGCTTCCTTCTCTTTTGGGAACATTCTGGCCCTGAGTGCGTGCCGCAATTGCCCGCGCCACATGCTCTTCCATCTCGCGCACGACCTTTTCCCACGAGTACGAGCGGGCCATTTCGAGCCCACGCCGGCATTGCGTGGAGAGCTCACCTGCAAGCGCCCGATGGCACTGCTTGATAAATTCTGCGGACGTATCCGCAAGCGCCACCACGTCACCGAAGAAGGCCTCGAGATCAGGCAGGCGAATACTCACAACTGGACGCCCTGTGCTAAGATACTCGAGAGTTTTGGTCGGGTTGATATGGCGCGTTAACTCGTTGACCTTCCACGGCATGATGCACACATCCGAGTGAGCGAGGAATTGTGGCAAGCGTTGATACTTGATTGACCCCAAGAAGTGAATGTTTGGGTAACGATCGAGCAAGCGGCGTGCATCAAATTGGCCAATGTCGATTGGGCCGGCCATCACAATTTGCCACGAAGGTTCTGCCTCGGCAACCGAGGCCAAGAGTTCCCCGTCAATCCGCGCATCAATCAGCCCCATGTAGAAAAGGCGCGGGCGTCCGATCCCTTGAAGTTCAGGCGGTTCTACGAGTGGGAGCTCCGTGTCCTCGGCGGCCGCATAAAAGTGCTCGAACTCAACTCCACACGGATAGAAATACGCCGGTTTGCCGCTCCCCTCGCACTTCGAACGGTAGAGGGCATGCGTGCCAGCAAACATAACGTCGGCAAGCCGGATGAGCTCCCGCTCTCGCGTCGAAATATCGCGCGGCGCCCAGACAAAAGCGCTGTATTCGTCCTGAATATCATAGACCACCGCCGAGGGTCGGCAACGCTCGACCACGTAGACGGCTGCCGGATAGTAGAACCAATACACGGTGTTGCGCATGTCGAGGCGCCACTCATACCACAGCAGGTTCGTGGCAAGGATCCAACGGTTGAGCGAACGAACCGCGGCAAACCGCGATTCCCCCGGCATGAGCAGCGGATGTCGAATCCGGACCGCCGGATGCCGCCAGAATAGCGCTCGATAGCTGCCCGGTGCCCACCGAGCAAACACGTGCAGATAGGAAGTGGCAAAATCCTCGACGTAAACGACTTTCCGGCGACGGGCCAAGCGCGTCATCGTGTGATGGTTGCGCTGCCAAATGTGGGACCACGGCACGTGACTAATGCAGATTACATCAAACTGATGGGGGGCGCCTTCTCGCCGGGGCTCGAAACGCGCAAACCGCAAAATCAGCCATCGCGCTCCGACCACAATGAAAACTCCCACGCCAAACACGAGGAACGTCAGCCACTGCAAGGGGGCATGCACAATGCGTTGCCATCGCGAGGGACGCCGCGTCCCTTGCAGCTCAATTGGAAGCTTTCGCCTTCGTGCACTCACACGCAAATCACCTTATGGCGAATCGAACCCACAATGCGTCCGGCCAAGAAGCAGCTATATCGAATAACTTCCAGCGCGCCTTCGCGTCGCATGTAGTAGTCTCTTTTTATGAATGGGTAAAGCACCGCTTTCACACATGCTTTGCCCAGTTTTGCGTAGCTTCGCCAGTCAATCCAGACATTGCGCTCCACCAGATCGCGGTGGCGCAAGAACGTAGCCGTTGATCCAACGCCGTAAAGAAACATCTGTCGTGCAAACGATCGAATGTTGGAGCGATGACGATGAGCGGCAATTGCGCGATGGGCAAGGGCCAACTTCCCACCCGCTTTGAGGATCCGCCAGCAAAAGTCTGCGTCCTCGCCCACCCGCAATGCTTCGTCGAAGTACCCCACACGCTCGAACACGGCGCGCCGCACAGCAAAATTTGCCGTAAGCAAGAAAGGTGGTTTGTAGGGCAACTCCTTAAAGAAATCCTCTTGGTTCAAGATCGCCTGCCGTGCCGCAAAGGCTTCGGTGAGACTCACGGGCGCGGCTGAAACAAGGAGCCCACCGACGGCCCACACCGTCCGATCGTCAAGCTCGCGCACAAGTTCTTCAAGCCACGCAGGTGCAGGCACACAGTCCGAATCAATAAACGCAAGGATTCGTGCGCGAGCTGCTCGCACGCCGGCGTTGCGCGCAGCCGAGGGCCCCCGCCGTTTTTCATCCAAAACCCGCATGCATTCCCAACGCCTCGCCCACTCCGAGAGAATCTCGCGCGACCCGTCGGTGGAGCCATTATCCACGACGATCAACTCCCAGCGATCGCACGGGAAGGTCTGCTGCTGTAACGCCCCTAACAACGTAGGAAGATTCTCCGCCGCGTTGAGCACGGGCACCACCACGCTCACTTGGGGATTTTCGTTACGCACCATAGACCAAACTGGTTAGTCCTCGTTGACAAGAAAGTCGAATAAATCGCGCGCGCCGTTGGATGTCGATTGCGAAAAACGTCGAGTGCGCTCCTTGCTGGCACGCGATGCGCACGCTTGGCTTACCTCGCAAAGATCCACAAACCCGCAATACTCCTTGGGTCGGGTGACAAGCACCCTGGCCTGCACCTTTCGCTTGGCCAATACCTCCATAGCCGCCGAATGGGCCAAGCTTTCCGAGTTGCAATCTTCACTAAGGTGCAAAAGAACGACATAAGCCGGCGGACGAGTGGATCGTCGTAGAATCTTGTTAAGTGCCTCCGCCGCTTGCTCATTCGAGAGATGCCCCTCATCACTCAACACTCTCTGGATTAGAGAAGGCGCGCGCCCACTCCTCCACTGCATCGCCACGTCATGATTAAATTCGAGCGCAAGCACATCGCTGTCAGCCGCAATTTCGGCCAGCCCATCGTCAAAGCGTCCAAGGTCGGCCAGATACGTCATTTTCACGGGGCGGTGCAAATTCGGATGATTGGCCCATTCGAAAATAAATCCGAAAGTGGGACAACTGTCGTGGGGCAAGACGACCGGGCGAACAGAGCAGAAGGGAGAAAGGCGGAACACACTGTCTGCTCGGTAGGATTTCAGTCGACCAGCAGTTTGGAACTTCTCAAACGCCTTCGATTGCCCACCCAGGGCCCTTTTGTGTTCCTCATGCAAGAACAGGGTGACTCCACATGTATGGAGCAAACTTGCCGTGGAATTAAAATAATGATCCTTATGCGTGTGGGTAAGAAGAGCTGCCCGCAACGCCAGCTTGCTTGGTGAGACAGCAACGTGGGAAGCCACCACACACTTGCGCGAATTCAAGGCTGTGGCTCCCTGGGAAAGCGCCAAGCCAGCCTCATGGAGCAGGCTCAGAAACGTTTTTTTGGGCACCCCAAAGTCTATGAGGTATGCAGCATTCCCTTCCTGAATAAGCGTGCAATTGCCCTTCGATCCACTGGAGAGGAAATGTACACGAATCGTGGCCCTGCAATCCGTTGAACTCGCGGCTGTCATCATCGTACTTGGGAGAGTTCACGCTGCCGGGAGAGTGCGTCAACCAAAAGCCAAGCGACCGCTCGTATTTCCTTAACGCCAGTGGTTGAAATAGGGCAAGCGCGCTGCC
CP030759.1_gap54	2098180	2099478	1298	AGCTCCTCCAACACCCAATCGTAAAGCGGGCGGTGATCCTCGAACTCGAGAGTGCAAATTGAGTGGGTGATTCCCTCGAGCGAATCGCTGATGGGATGAGCAAAGTCGTACATCGGGTAAATGCACCACTTGTTGCCAGTACGGTGGTGAGGCGCCTTGATGATGCGGTAAAGCACGGGGTCGCGCAGGTTGAGGTTCGGGCTTGCCATGTCAATTTTCGCTCGGAGAGTGCGCGAGCCCTCCTCAAACTCGCCCGCACGCATGCGCTCGAAAAGGTCCAAGTTTTCCTCAATGCTGCGGTTTCGGTAAGGACTGGGGATGCCCGGCTCCGTGAGCGTCCCCCGCATTTCTCGCACTTGCTCTGGACTCAAGTCACAGACGTACGCTTTGCCTTTCTTGATGAGCTGAACGGCAAACTCGTACATTTTATCAAAGTAGTCCGAGGCAAAGTAAAGGTGCTCGCCCCAATCCCAACCCAGCCACCGCACATCTTCCTTGATGGCTTCGACGTATTCCACGTCTTCCTTCGTGGGATTGGTGTCGTCGAAGCGCAGATGGCAGCGTCCGCCAAACTCGGCCGCAATCCCGAAGTTCAGGCAGATGCTCTTTGCGTGGCCAATGTGAAGATAGCCATTGGGCTCGGGGGGAAAACGTGTCACCACCTGCCCGCCCCACTTGCCCGAGGCAAGATCATCCATCACGATCTTGCGAATGAAATCTAACGGCCGCGAAGGGCTTGTGCATCCCTCACACGAGGGGTCATTCTTCTTGTCGTAGTCGGAACTGCCCATCATGCTCCTACAGTTTTGATTTCCCTCACCTCAACAGGCGATTTGAAAGTGCTGTATGGCGCCACTGCAACAATTTCTTCTTGCTCCAATAAGCGCGATTCCACCTCTCGCACACATCGCATGAGCCGCCCGCAGCAAACCTCTCACGACGTGCCCGACGAGAGTGCTTGCTTGGCCCGATCCACACACTTTTCGATACGCCGCACACTCTCCTCGCGCCCAAGGTACCAGAGCACGTGGAAAAGCGGTGGCGAGGCGGTTCGGCCTGTCACTGCGAGGCGAATTGGCTGCGCCACATTGCCAAACTTGAGCTGCTTGGCCTCACTCCATTCGCGCAAAGGCTTCTCCATGGCTTCGCACCACGCCTCGAGGGCCTGGGGCGTTCCCGTGACCGGATTATGAGCCTTCGTCGCTTCCTCCCACGTGCTTGCGAGTAGCTCGGCACAGTGCGCCAGATGCGCCACTGCCTCGGGGCTCCCGAGAAACTTTCGAAACGCTTTTTCCTCG
CP030759.1_gap55	2295845	2297400	1555	CAAGGGAACTACCTCCGGGCGCCGAGGCGGCATCACGATCACGCCCGATAAGGTACGCGAGTACTTGGGGCCTGTCCGCTACCGCGATCTCGAAGTGGACAAGAAACCCGCCGTAGGCGTCGCGACGGGCCTGGCGTGGACCGAGGTCGGCGGGGAGATCCTCCCCACCGAGGTCACCGTGATGAAAGGCCGCGGCAACCTTGTCCTCACTGGCAAATTGGGTGAGGTCATGCAGGAGAGCGCAAAGACAGCGTTGAGTTACATTCGTTCGCGGCAGGAAGAGCTCAACATTCCGCGCGACTTCTATCGGACGCTCGATATCCACATCCACATACCGGAGGGAGCGGTGCCGAAGGACGGTCCAAGCGCCGGCGTTACGATGGCCACCTCCATGGTCAGCGCGCTCACCAACCGCCCTGTGCGCCAAGATGTGGCCATGACCGGCGAGATTACATTGCGGGGCAAGGTCCTCAAGATCGGTGGTCTGAAGGAAAAAATCCTCGCCGCCCATCGCGCTCACATCCACCACGTGATCATTCCTCACGAGAACGAAGATGAACTTGAGGAAATCCCAGCCGAAATCCGGCAGGAAATGAAATTCACCTTGGTGGATACAGTGGATGAGGTTCTACAGACGGCCTTGTTGCGCAAATCAGGAAATTAGTGACGACGTTGCACCCTGAGAGGGAGCCTTAGTTATCGCCGGCAAGCCTGGATTTGAGCTTCTCACCTTCCACCATACGGATTTACCCGGCCATGAATTCTGGCGCCTGCGCATCCCTACCTGGCTCATCTTTCCAATTGTAGGGAACCAAGCCTGTAAACAAACCATTCTCGATGAAGCTTTTTGAGGGTCGACACAGAGGGATTTGGCGGCCAACGCAGTAGTGAGCTACAGAACTCCTGAAGTGTGAGGGCACGCACAACGCGGCCGGGCAACCGCACGTGTTTCAGCAGCTCCAAGCCAGTAGGGAAGTTCAGCGTTCCTTTTATCTTCGTCATGTGGGTCGGCCATACGACAATCCCTCGCTGAGCAGTGAGCTTGGTTGGTTCCACTACAATCACGGCTGGTTTGGCTGAATCACGGTTTAACAGTAAAGCAAAGTTCTGAAACGGCTCGCGTCTCCAATCGCCCAGAAGGTACACAGTTTGCCCCTCGGCGATCAAGTTACGGCACGTCTCAACGACCTCCCCGTCGATATGCTCTCCCCGCTCATATTCGATGCGGAAGGCTTCGCGCGAGATCACGCCGCTGATGGTCAGATAAGCTGTAGCGAATGCGGTCATCCCAAGAGCAGACGCCGCAGGCCATGCAATTTTCGCGCGGCCGAACAAAAACACACTCACCAATAGGGCGCACACGACGAGTGGATCGGCCCGGGATACAACTACAGCAAGGACGCCAACGCCCCCGAGGACAAATGCCACGGCAGGACGCAGTCGCCGAACTAACTGCACCCACGTCACCACTCCCATCCCTGTGAGAATTGCCAAAGTGTAGGTTGGAACCAACTGATAACGTGGCAGAGTGTGAGGCCAAGGCAGATAAGCCAAG
CP030759.1_gap56	2300315	2302114	1799	AGAGGAACTTCCCAACACGACGAAAGAGGTGGCGTTAGAGGCACATTTTGCTGCAACGGCCCCGGAAGAGATTCGCTCGAAGCTGACAATTCGCTCGATCGAGCCCCGCACCATCAAGATCACATACTTGCCGCGCCAACGCTGACCGTCTGCTGCGCGGCGATGGCCCACAACATCATGAAAATCATCATGGGCGGTACGCCGGAGTCTCGTAAGCCTATCGAGCAGAAACGATAGAGTCATACCAGCAGCATTTTGGTTAAGAAAGCAGAAACCGGTGTTGACGGCGCCACGATTCCCCAAGCCCACGCCTTCAACGCGTGGGATGCTTGGTAGGAATAAACGCATGTTTTGGCGCTCAACCGTCCAATGTTTATCCTTGTCCGGCGAAGGATCATGGGCCATGTAATGTAGCGACTCCTGACGGAGGGCTTAGGAATGGCAAAACTATGCGTGAACATCGACCACGTTGCGACGGTGCGCCAAGCACGGCGCATCACAGAACCCGACCCCGTTGCTGCCGCCCTACTCGCAGAGCTCGCGGGTGCCGCAGGGATCACCTGCCATCTGCGTGAAGATCGCCGCCACATCCAAGACGACGACGTTGTGCGGTTGAAGCAGAGTGTGCGCACTCGCCTGAATCTTGAGATGGCACCCGTGGATGAAATGCTCGCGATTGCGGAGTCCGTCCGCCCCCACATGGTCATGTTTGTCCCCGAGCGGCGCCAAGAGATCACCACCGAAGGCGGGCTGGATGTGGCGGGGCAGCTCGAGCGCATCCGCGAAGCCACCCAACGCATGAAAGCCGCCGGCCTCCTTGTCAGCCACTTCGTGGACCCCGACCCCAAGCAGGTGGATGCGGTAATCGCCTGCGGCGCGGATTACCTTGAGCTCCACACGGGGGCCTATGCCAACGCCGCCAACGAGAGCGCACGGCTCGCTGAACTCGAGAAGCTCATTCAGGCCGCTCGCTACGCCCAAGAGAAGGGGATCCGCGTGAACGCCGGCCATGGTTTGAATCTACGCAACGTGCTGCCCGTGGCTGCGATCGCGGGGATTCACGAGCTGCACATTGGTCATTCGATCGTAAGCCATGCCGTCCTTGTCGGGTTTGAGCGGGCCGTCCGCGAAATGGTCGAGGCCATTGCGCGCGCAGAAAACCTCGCACGGGTCTACACCCCGCAGGAGATCCTGCGTCTCCATTCGGCATAAACGCAAACCCAGCCGCAGCTATCGCGTCTGGGCGCCTCTTCGCCTGAAATAAAAAACTCAGCACGCGAAGCCGCGACGGGCGCGAAGCTTCTTTTTTCCTTCGCGGCTTCGCGCCTTCGCGTGATTCCCTTATTCTTTTTCTTCTTCGCGTTCTTCGCGGCTTCGCGCGCGATCGCTCTGTTTGCTTCTCTTTGCGCAAAAGACACCCACACCCACACTCCTTCCCCCTATTCCCTGCTCTTCTCTTCGCGATCTTCGCGGCTTCGCGTGATGTTTATTTTTTCGCGCCTTTGCGTGATGCCCCTTTTCCCTTCGCGCGACGCCTCTCAGTATGCGTTCTTTCGCGCAAAGAGCGTGAAGAACAGGATTTTTAAATCCAACCAGAAACTCCAGTTCTCGATATAATAGAGGTCGTAGCGCAGGCGCTCATCGATCGAAGTGTTTCCGCGTAGCCCATGAATCTGTGCCCACCCCGTCATCCCGCATTTGACTCGGTGTCGAGCCATATAGCGCGGCACTCGCTCACGGAATTGCTTAACGAAATGCGGACGCTCGGGACGCGGTCCCACCAAACTCATCTCGCCTTT
CP030759.1_gap57	2406331	2410716	4385	AACCTTTTCCGAGTAAGGGCTCATTTCCGTGCACTGCGCTGGATTCGAGTTCGCGCAATGGAATCAAAGGCCAAGGCTACGCAATGTCAATCAGCCATTGCCGTGCACCGGCGAAAAAGCATCCTGCCCGGTGCTGGATGCGTTTCACTCTTGCGGTCACGCTCCTCCTTCGACGTAATGCGCCCCTTAGTGGAAGCGAATCACCAGCACGAAACCATCGCCAACCCCACTCGCTCGCCGAGACCATGCTCGGGGCAGGGCGTTTGCGCGTGCCCAAGTCGACAACTGGATCTTTTTGCTCTCATCCAGTGGCTCTTGGTTGTGCTTGCTGCATTCAGTTTCGCCTTTACCCCGTTGCGGGCATCCCAGGACGAATGGTGGCACCTCAAGGCGGGAAAGTGGATCGTCGAGAACGGCCGCCTGCCCTACTACGACATCTTTACGTACACAGGCGAGAAGCTCCGCTGGCACAACCACGAGTGGCTGGCGCAGGTGCTCTTTTACAAGATTTACGCGTGGGGTGAAGAACGCGTCATCGGGGGGCTGAGAGCTCTTATTACCTTTAAAGCCGTCGTCGTAGCGCTGACGTTTGGCCTTGTGGCATTCTTGGCTTGGCGGCGAGCTGGCTCGGCGCACCTTGCTTTTCTCGTGGCCTTAGTCGCGGCGGACGTGGCGCGCCGCACGATTTACCCGCGCCCGCCGATTCTCTCCTATTTGCTCCTCGCTGTTTTTCTCCTAATTCTATACGAATGGCGCGCGGGGCGCTTCCGCCGTCGCTGGCTTTTGCTCCTGCCACCCCTCACCATTCTCTGGGCAAATCTTCACGGCATGGTGCCGTTAGCAGTGGCTGCAACCGGGGCTTTTGCCGCGGGTGAATTCCTCGAGCTGTGTGCACGCGCCTACGTTGCCCACCGCCGTCACATCCCGCGCGGTGCTCTTCGTCGCTTCTTACGTCCGCACCTTGGCCGCCTCCGCTTTTTGGCGGGGCTCACCCTCGCGGTTCTCGTTGCAGCGTGCCTGAATCCCTCGGGACCTCACGTGTTCTTTCTCGGGCGCAAATTCACGGCCGACCCTATTCTTCAGCGCGTCATTGCGGAGATGCTGCCCACCCCCTTCTTGTTTTCGAAGGTTTCGGTCGGCGCAAGGGAGCAATGGATGTTTGTTCCGCTCTACGTGTCGTTTTGGCTGAGCCTTCTCGCGCTGGCTGTGCTATTAGCGGCACGGCGCGGACGTCTTCGCTGCGGCGCGGATTACGTGCTTGGGGCGTTCTTCACGTGGCAGGCGGTAGCTCACGTGCGCCTACTCCCACTGTATGCCGTGACCGTCATGCCGATTCTCGCTACGCTCCTTGCCGACGCGACCCAACACTGGCGGGTCCAACGCCCGTTCACGATGCGCATCGGCCCGGCCATGCTAACAGTCGGCATCTTTCTATGGTATGTGTTCGGCGTGGCCGAGCCGCCTCCGCAGACGTTTTTCCGCCGAAACCTCGCGCTTCTCGCTGGAAAAGATAAAGAACCTGCCGACTACCCCGATGCTCTCTACAAATACATTCTGCGGGTGGGGTTCCCTGACCGCATGTTTAGCGAAATCAATTACTGCGGCTACGCCATCTGGTGGCTAAGCCCCGAGACGCACAAGTTGTTCACTGACAACCGTTTCGACCTCTTTGGAAGCCGCTACTATATTGAAGAAGCGACCGTCGTGAACGCACTGGAAAGCTCTCAGACGCTTGCGGGGCGCGGCTGGCGCGAGATTCTGGACGCCTATGGCGTGAATTTTATCGTGATCTCGCGCTCCGCTCCTCTCAATCGCGCTCTCAAGCAAAGCGGCGCGTGGGATCACGTCTACTACCACATTCCGCCGTTTGCCTCTCCTTCGAGTGGCTTCAATATCTGGTTGCGTCGCGACCCTCGCTGGGCACCAATAGCCCAACGTGCTCGCGAAATCTTTCGACAGGAGATGCCTGGATTGCCGGCGCCAGAGGAGCTTGACGCTCTACTTGAGCGCAACAAGGACCTCACTTCTGCGCGTCCGGAAATCCAAACCCCTTAACAACACATGCGGATCGCGAGGCAAGGTAGCTTCGTCATCCGTATTAGACACGTGAGGACTCCATGCCAGAAATTCGTTTGAACAAACCGCTTTACGAGGAACCCTCCCAGAGCGGAAGCGCACCTGCGAAACAGCCGCGCGCTCCGAGACCGAATACCTTTGCTCGGTTGGGAGCCATCATCATTGACGTGCTCCTGCTACACTTTGTCATGCTTTTGGTCATCCGGCTCGTGCCGACGCAAATTGCGGCGCTCGGCTATGCGGCGCCTTGGGTTGGGCTTCTTGTGGGCTGGCTCTACTTCGGTATCTGCTCGAGCGAGCTAACGCGCGGCCAATCGTTGGGCAAGCTTCTCATGCAGTTGCGCGTCGTGGACGTCACGGGTCCCGAGCTCTCCATTGCCCGGGCATTCCAGCGGGCGCTCGCTTTGATGTGGCCTCTTCCGCTTGTTGCTCTTTCGAGTTTTGCATTGGAAAAGCTCGATCGACCTGATGCATTTACAGCGTGGCCTGTGGTGGCGGTGGCACTCCGCGCTTTGGCGATCGGATGGTACTTAGGGAATGTCTTCTTCAGCGCCCTCGAGCCCTACGGCCGCGCGTGGTACGATCGGCTCGCCGGTTCCGTCGTGATCACAACGGACTGCGACCCCGCAGCGTTAGGGGAATTCATGCGTGGCGCCCGCGAGCCACTTCCTGCCGAAAAGCTGCGCCGACCCCACATCTTCCTATGGGGAACGCTCGCTGCCTTTACGGTTTTTGTGGTCTTCCTTGGGGTCCAGCAGTATCGCGACTTTCAGAGTCGTCCTGAGGAAGAACGCGCCCAGCTTCTTGCCCAAAAAGCTGCCCTCTACATCGAAGGGTTTGGCCAACCCGTCCCGTTGGGACCCACCCGCGACGAGGATGGCACCGCCCGCGACACACAAACCTCAGGGGCCCACTATCAGTATCGTCGCTACGGCGTCTTCACGGTAGATGAGCTGCGAAAAAATCCTAAGATCGAGCGCGCTGCTGAAGCAATCGCCGAAGCAACCGCAAAGGAGATCGAAAAAGCACTCGCGCGCGAGAAGGATTTGCCACCCAACATTCCACCCGCGCTGCGGTTTGATGTGGGGTTTGCGATGCAATGCGATCTTTTCTTCGCGTGGGATGCAATCGAGGTCTACCGCGTGAGTCATAAACTGGAGCTCACTCCAATCGTCAACCGCGTGCGCAGCAAGACTTCGCCTCAGGCTCAGTCGGCGCCCCAGCCTTCCACTTTGGCATCAGACCGCCCAACAACTTCGGAAGCTTCCGGCAAAGAGCAAGAGGCGAAGGAGATCTCTCAGACGCAAGCGACAGACCACCCATCTACACCCACAGCCTCAGACAAACCCACGAGCCCACCGGGGCAATAATCGAATGAATCTAAAAACTGAGCAAGTGCGGAAGTTGAGCTTTCAACCAGCCGCTTTCGCGCTTCACCCACCGGCCCTACGAGCTTCGAGCAAGCGCTTTGCGCTTGCTCGCGTGAGAAGCGTAAGTCATTACCATTCAGCTTCAGGCAGCAAACGGTCTCAGGATCCATGGTTGCGATGAGTGCCAAAACGAAAGGCGGTAGGGTTCGTGGAGTTTTGGCCCTGCTGTGCGCCACGCTTTTCTGGGGAACGTCCGTCGTGGTCGCGCGGGTGGTCCTTCGCGAGACAACCCCGCGGGTCGTTTCCCTCGTAGGAGCGGTGGCCTGCATGATCACTCTGCTTGTCCCCCTTGCCCTTTTCCGCAGGCACCTCCTGCGCATCGAGCGCCGCGACTGGTGGCGTTTTGCACTTTTGGGCGCGCTTGGCTTCGCTTTGGGGAGCCTATTCATCAATGTGGCGATCCAGCGCACGAATGCCGCCACCGCTGCCACCTTGCAGTACCTTTGTCCTGCGATCACCTACGCTTGGGGGTTAGCGCGCCGCAGCGAACGTTTTGACTGGTGGAAAGTGCTGGCGGTCGGCCTCTCGATCGTGGGATGCACGCTTACGACCGGCGTACTGACCGGTAGCTTTTTGTTCGACCCATGGGGCGTCCTCGCGGGCGTAGCCTCAGCGACCACATTTGCGTTTATCACCATTTTTGGCAAAACCTTTGCGCCCCGTTACAATCCACTCGCTTATAGTGGCTACGTGTTTCTGGCCATGTCCGTGGCTCTGGCGAGCATCACGCCCCTGCGCGATCTTGTGGCGCTCACGGAATCACCAAAACTTTTCGCACTCGTAGTCGCCAATTCAGTGTTCTTCGGCGCGGTGCCGACCGTCCTCTATTTCGAGTCTCTCAAATGGATCAGCGCCACGGCCGTGACGATTGTGCTCTCG
CP030759.1_gap58	2414925	2416806	1881	AAATCAAAGCGGAACGGTAGTCATTTCGCCCGCGCCCGGCTCTGGAGCAGGCGTAACGAAATATGGCTTCAGCTTTGGCCAAGCATAAAGCCCCACCAGCACCACTGCGACGATGATCAGAATGATGCCGACGAGATTCTTGTTCATAACCATAACCCCCTAACGGGTTTTTTTCCTAACCTATCTACCGCCTAAATTCAGTCCCCCATAAATCGATTTCAACAACCAAATCAACATTTCAGCCAAATTTTTTTGATTTTATGGACGATCATTCCAGCGCGGATGATGAAAATGCCCCCAAACGAACTCCCCTAATACCTGTCTCCCCTCCCTCCTCAGCTCTCTCGCAATGAGATCACCTGTTCGGATGAACTCTTCTAAGCCACAGTTTCTAACACCCAAAAAAACGTTTTTGCGCGATTGCTTTTCCAAACATCAAGCGCTTCGGTAAGCCGGCCCGAGCTCTGACTCTGGCGGGACTTCTTCGAGCATGTCGGCGTCGCGCTGCGCCCTCGACGTTTCGTCCCTCCGCGCCCTGCACGTTTCCGGGGTTGACACGAGCCGTGCGCCAACCGCATGGGTAAAGACTCGTGAGCAAGGCGAAGTTCGGAGCCATGCATGTGGAGCGCAGTGGTGGCGCAACAAAGTACCACGATTTTACAATGAAATGACGCCACCAGAGAGAGCTCCTCACCACAAGGTGCGACCGCATGCTTTCCACGAACTGCGCCACGGCTCCCGTGGACTCATTGAGAAAGGAACCGGTTTCCACATATGAGCATCTTGGTGGATCGCGATACGCGTCTTATCATTCAGGGAATTTCAGGAAACGAAGGCCGTTTCCATGGCCAGCAGATGATCGCCTATGGCACACGTGTTGTTGCAGGTGTGGTGCCGGGACGCGGCGGCGAGACCGTCCTCGACGTCCCTGTATTCAATACAATGAAGGAAGCGGTCGCCGCGACGCAAGCGAACGCCTCCATCGTCTATGTCCCAGCCCCCTTTGCTGCTGATGCTGCAATCGAGGCAATTGCGAGTGGGGTGGCGTTGGTCGTCATTATCACGGAGGGCATCCCCACTCAGGACATGATCAAAGTTTACTGGTTCGCCAAGGAGCGAGGCGTGCGCGTCGTTGGGCCCAATTGCCCGGGCGTAATTTCCCCCGGCAAAGCGAAGGTCGGCATCATGCCCGGTCACATCCATAAGGAAGGGCGGATCGGCGTTGTGTCGCGCTCTGGAACCCTCACCTACGAAATCGTCAAAGAGCTTACGCTGCATGGGCTGGGCCAATCCACCTGTGTGGGAATCGGTGGCGACCCAATCATTGGCACGACGTTCGTGGATGCACTCGAGTTATTCGAGGCCGACCCTGAGACCGATGCTGTCGTGATGATCGGCGAGATTGGGGGCACAGACGAGGAGATGGCTGCCGAGTTCGTGAAAACGCGCATGACGAAACCGGTCGTCGGGTTCATTGCGGGGCTCACAGCGCCCCCGGGCAAGCGGATGGGGCACGCAGGCGCTATTATCAGTGGTGGAAAGGGAACCGCACGGGAAAAAATCGCCGCTCTCACCGGGGCCGGCATCCCCGTGGCGGAGCGCCCCGACCAAATCGCCGGACTCGTCAAAGAGCGCCTCGCGGCTAAGACGCCCGCGTAAGCGCAGGATTTGCGATCAGCGGCGATTCCAAATCCACGTGGCCACGCAAGGTGGGCAGGCGCTCGCCTTCCACGAGAATTTGCACGCCGTCAACTCCCTCAATGTTGAAGAGCAGGCTGTTTACCAACGAATAGACAGCCAGCAGCTCGTCATCCACGTTAGGGCGCAGATTGTTCACGAACTCTTTGGAAAGATTGACGATCACCAGATTGCCCGTCACGA
CP030759.1_gap59	2431091	2432659	1568	TCAACCGCGACAACCCCACACCTCACCTCGGCGAGATGGAGAGCACAAACCCCTGCGGCGAGCAACCGCTTCTGCCCTACGAGGCGTGCAATCTCGGCTCCATCAATCTCGCCAAAATGGTGAAACGTGTTCCTGCGTCTGTGGGCTCTTCCGGCGTCAGCGAAATCTCCTGTGACGGCTACATCTCCCGCAACCTGCTCAACGATGGCACCTGCTGGATCGTAGACTGGGACAAGCTGGCAGAGACGGTGCATCTCTGCATTCGGTTCCTCGATGACGTGATCGAAATGTCGGACTTCCCGCTCCCGAGCATCACCAACATCGTCAAGTTCGGCAACCGCAAGATTGGGCTGGGTGTGATGGGATTCGCCGATCTCCTCTATTTGCTCGGCATTCCCTACAACAGCCAGCAAGCGGTCGACCTTGGCGAGCGTTTGATGGCGTTTATCCAGAAGCATGCTGCTCAGGCGTCGGAAGAGCTCGCACAGGAACGCGGTCCATTCGGCAACTTCCCACAGTCAGTTTTCTGCGACCCATCGCATCCGTGGTACAATGGGGGCAAACCCCGCCGCAATGCCACGGTCACGACCATCGCACCCACGGGCACGATTTCCATTATCGCGGGTTGCTCAAGCGGCATCGAGCCATACTTCGCCATTTGCTTCTACCGACGCGTGCTCGACGGCGCGGAGCTGGTGGAAATTCACCCATTCTTCGAGGAAGTTGCCCGCAAGCGTGGCTTCTTTAGCGAGGCTTTGATGAAAGAAATCGCGCTGCGCGGGTCGATCCAAGAGATCGCAGAAATCCCCGCCGACGTGCGTGAGGTCTTCGTCACCTCCCACGACGTCTCGCCCAAATGGCACCTCGAACATCAGGCGGCTTTCCAGCGCCACACGGAAAACGCGGTCTCCAAGACCGTGAACTTCCCGAACTCCGCGACGCGCGAGGACGTGGCCGAGGTCTACAAGCTCGCCTACCTCAAGGGGTGCAAGGGCGTGACGATTTACCGCGACGGCTCGCGCGACGTGCAGGTGCTCAATATCGGCCTCGGCTCGAAAAAGACCGAAAAGGCAACTGCCACGCCCGAGCCAAATGGCAACAAAGCCGCGGGCAATGGCCACAACGGCAAGGAGTCCCCGCAAAGCTCCGGCACCAAGCCCACCCCGTCGGGGATCACGATCACCGCTGGCTCCGCACGCATTGCGATTAAGCCGATGACATCCACCGGCTCCAGCGAGCCGAGCGGGCATTTCCTGCGGCGATTCCGGACAGATGCGGATCCGGAGCACCTTGCCCGCATCGCTCGCGAATCCACACTTTACCTGACCGACGGTAAAGGCGTCCGGATCCCGCTTCAACTTGTGCACCAAGAAGGAAGTTTAGGCTCCAAGAACGTGCAGTTGGTCATCGAGGCCACGGATGCCCAACAAGTCGAGGTTTCCACTACCGCGCCAGCCACACCGCGGTGCCCAGAGTGTGGCAGCGCAATGACTATGGGCGAGGGCTGTCAGACTTGCCACCAATGTGGGTACTCAAAATGCGGATAATCGCATGGCAACTTGTGATGC
CP030759.1_gap60	2458287	2459275	988	TTGCATGATTAGTGTTATTCTTTTGTTCGCGGCTTCGCGTCCTTCGCGCGAATTCTTATCCTTTCATTTCTTCGCGTTCTTCGCGCCTTCGCGCGAGATTTTCTTCCGTTTCCCCGCGGCGCGGGACCCCGCGTTGCGATTATCCTATAGACAACCGCATCCACCGCCCATAGCTAATTTGCTCTGTTGTGAAACCGAATCGTTACATCTGCATCCATGGGCATTTTTACCAGCCGCCGCGCGAGAACCCGTGGCTCGAAGCAATCGAGCAGCAGGACAGCGCGCAGCCTTACCACGATTGGAACGAGCGCATCACCGCGGAATGCTATGCGCCGAACACCTCTTCGCGCATTCTCGATTCGCAGGGCAAGATCGAGCGGATCATCAATAACTACGAGCGGATCAGTTTCAACTTCGGGCCCACGCTCCTGTCGTGGCTTGAGACGCATGCTCGCGAGACCTATCTCGCGATTCTCGAGGGCGACCGACTAAGCGCCGCCCGTTTCTCGGGTCACGGCTCAGCCATGGCGCAGGTCTACAATCACCTCATCATGCCACTTGCCTCACGCCGCGACAAGATCACCCAAGTGCGCTGGGGCATAGCGGATTTTGTGCATCGCTTTGGTCGCCGCCCAGAGGGCATGTGGTTGGCCGAGACAGCGGTGGACCTCGAGACTTTGGACATCATGGCCAGCCATGGCATTCGGTTCACGATCCTCTCGCCCCATCAAGCCGCTCGCGTTCGTCCCCTCGCCCGCGGTTCGTGGACCGACGTCCGCGGCGGCCGCATTGATCCCTCCCGCCCTTATCTCTGCCGCCTCCCGAGCGGAGCCTCTATTTCGATTTTCTTCTACGATGCCCCCATTAGCCACGCCGTAGCTTTCGAAGGCCTGCTCTTCGATGGACACGCCTTCGCGAATCGTCTCATGTCCGGGTTTGCACCAGATCGCGACGGCGCCCAGCTCGTGCACATCGCCACCGATGGCGA
CP030759.1_gap61	2460923	2464428	3505	GGGGACGGTTCCTCATGGTGCTACCCTTGCTTGGCTGGATCGGACTTTCGTCCAACGGCTACGCAGCGCCACTTCGACAAGAGTTGCGCAAACCCTTTGAGGCCACATCTCAAACCCTGCGCGGCTTCGTCATCGTCGTGGATCCTGCCGGCGGAGGGGAGGCCGCAGGACGCCGCCACCCCACCCACACAACCGCCCGAGCCTCCCAATACAACCTGATGGTTGCGACGCATCTGAGCCACCACCTCAAAGGTGCTGGCGCATCCGTGTACCTCACGCGCATGGACGATCGGGCGACAACCCTTGGGGCAGAGGATCGCTCGGAACGCGAAGCCATCGTGCGTGGTGCCGCGCCCCACATCGTGCTCACCCTCGCGCATGCGGATGATCCGAAAGCACCCAAGAACTCCGTGCGCGCATTCATTGCAGCCGACAACAAAATTGCCTCCGATCCGCTGACCGCACGGGCGGCCACTCTCTTGGTGAAGGAGCTTGCTTCGGCTGTCCCCGGCGCCAACACCCGTTCTGTGATTGCCATGCCCTCCCTGCCGGAAGTGCCGCGCTCTCTCGCGCCGACCGTCATGCTCGAACCGGGGAATTTCTCCGACGCGGCATTTGCTTCTTGGGCGGCCAAGGCCCCGCTTGAATCCGTGTCCCGCGCCATCTACGAAGCTCTTGCGCGACTCTGGCAGCAGGACGCCGAGGCATTGGCGTTTCGCCGCGAGCAGGCGTTCGGCGTGCAGACCGTCGAAACCCCCGCAAAATCGCCCACAGCGCGCCCACCTGAAAGCGCCTCCACCAACGTTGAGAAACTTGCGCGTTCGCTTTGGCCCATTGATCGCGCCCCCGCCACCCCGGCGGAACTCCGCTTCGTCCTCGACCATTATCGCCGGCGCGCGCTTAGCGATTGGACCCTATTTCTGCTCGAAACAACGATCGAGGAGACCTCTCAAGGACTCAACCTCACGGTCCGCACCAACGCTCAGGAAATCGGGGACACCGCCGTGGGAATTGCTCGTGCCCTCGGCACCCCCCTTAGCGACGCTCGCGTCGAACTCCTCCCCTCGCCGCGTCTGGGCGAGCGCCGCTTCGGCGTCACGTGCGTACCTATGGCGTTTGTCTGGGGGCAGCCGCGGGAGCTCGACGACGTCCAAACCCAGCTCCTTCTTGGCGACTGCGTCTGGCTTTTGGATGAAACACCCGACGGCAGTTACCTCCTCGTGCATGGTACGGATAGCTACCTTGGGTGGGTACGGTCGGATGCGATCCAGCGGTTGGACGCCTCGCGTTTTGATGAGTGGCTAAACGCACCGGCGGCAACTTTCGTACGCGAACACGAAGTCCGCGGCGTTCGCTTTTCTCCAGCGGTTCGCCTCCCCCTTGCTTCTCCCGCGGCCGCTGATGCGAAGGTGGTCCGCCTACGCCTCCCCGCCCCTATTCCCGCACTTGGCGAAAAGTCGACGATTGAGGTTCCACGCGACGCCGTGCGCCTGAGCTCGGAAATCAGGGTGGGTCAGAAGGCGATCGAAATCGCGCAGACACTTCTGGGGCGACCCTACGTCTTCGGCGGCCGTTCGTCACTTGGCACGGATTGTTCCGGCTTAGTAAGCGACGCCTACGCTGCGCTGGGTCACACGCTCCCACGCGACGCACGCCAGCAGGTGCTGGTGGGAAAGCTTGTGGCCACGCGCTGGCATCGCACGGCCCTTCGCCCCGGCGACACCCTCTTTTTCATTGATACCACTGGGCGCGTGATCCACACCGGCCTCTCGCTGGGCGGATCGCGTTTCATCCACCAGTGCCCGCCAGAGGTTCAGGTCAGCAGTTTCGATCCCGCCGATCCACTCTACAGCAAGACGTGGGACCGCGCGTTCATCTTTGGCCGGCGCCCCTTGGATTAGCGGAAATCGAGCAGCACCTCTCTTACTTTCAGAAAGGGGGTTCAGTTCGCACATAGGCAGCTCTTAGAGCGCCCGAGCATTCGCGCGCCGAGGCGCCGGCGGCCGCTTCGATTACGAGAACGCGGTTTGATCCGCCACGAGGTGGCTCAGGCCTAAGAGCCGCAGCGCCTCGCGCGTTTTCGTGGGAAGGCCATTCCAAATATTCGCCGGGACGCGCTCCAAGTCCTGAGCGTTATCCACCACGACCGCATCCGGCAGCATTTCAAACTCAAGGCTTCGCTGGTCGAGCTCTTTGCAAAATGCTTCGCACATATTTGGCGAATCCCACGGCAACTGCGTCAGAAGATCGGGTGGGATCGTCGAGCGCAAACCAATGAGATAGAAACCACCATTTTGCGCTGGACCAAGAATCGCATCATTTTCGTCCAACGCAGCAAATACCTGATCGAGCAGCGAGCGGCGAATCTCGAGGCAATACGTCTCGAGCAAAACCACCTTCTCGCAGCCGTCCTCAAGCGCATAGCGCAACGCATGGGCCGCACGCTCTCCGTGGGTCTGCCCCTCATTCCACTCAAGCTGCGCCCGGCCACGTGTCCAGCGCAGCCACTCCTGAACCTCCGACGTTCGCTCCTTCGGCGTAAACAAAATGTAGCCCCGATATGAATCGTCCACCGGCAGGCTTTGCCTGAGCACCTGTTCGGCCAGCAGGCGCATTAAGCTCACTGCATTGGCGCTCCCTAAGTCCTCCACCAGCCCCCGCTTTGCCAACACCACCTCCGGAAACTGAAGTGAAACAACAACTGCATTTCGAGGTTTCTGTGTGATCATCTTCGGTGCGCAAGTACTCCGCTTTTTCTCAGCTTGTTCACAGGAAGTCTTCACTTGCCTGTGCGGCGCATCCTTGTTACGCCGCGTTTAATGTGTTACTATTGCTTGAAGTATAGTCCATCGCTTGTCCGCCGACACCTACGGCGGGTTGCCATCTCACTCCTTTTGTCGCTTGGGGGCACCTTGCTGCATGCAGCCGCGAACGCCACTCTGTCCCCTTCTGCCATCGATGCTGTCGTGTCGGACCCGACGTTCTCCGAGCTCTTGACGACGTTCACGTTGCCGACAGGGATCACCGTCCACCTGAATCTTCCCTCGACAGCAACGGCTGCGCCAGACCGCCCATCTCGCCTGATTCTATACGCGTTGCCGAACGGAAACTCGATCGCGTGGACGGTGGGTAAACGCCTTGCGCCAGGCGACGACTGGCACTACGCGATCCAGCACATTGGCGCCCAAACGCGCCTCGTGCGCGAGTTGCTCCCCGACGAGCACATTGTCGTGGCCTATCTCGAAGCCCCCGGCCGCAGTTGGCCCACGTGGCGCCGCACAACTCCAGACGCCCCCGCCCGCAGCAAGCAAATCATCCACGAAATAGCCACCACCGTCACCCGTCTGTGCACCCGCACGGCCACTCAGCCTCCGCCGATTGAACTCTTCGCTCATAGTGGCGGTGGAAGCTTTATTTTTGCCTTCATGGACAGTGCAGATCAGATTTCGAGCGAGGTCCGCCGGATCGTGTTTCTGGACGCGAACTACGGCTACTCGGACGAGCT
CP030759.1_gap62	2469863	2472024	2161	GCAGGGCCAAGACCTCACCTTCCACTCCAGAACTCGTTACTCTGTGGGAAAAGGGGAGTCCCTATCTTCGTTCTATCTACCCGTCGGTTGTTTCCGGCGTGGATACATTCTATGCATTATTCATGCCTTCCTGCCTTGCGTTTACTCGGCGTGACGAACACGGAAAACCCTCCCCACCCGAAGTGATTGATGTAATAAACACTACGACCGGGACGACTTACCGGGGGCTCCTTCGCCAAGGGATCGACCCAGGGATCCCCGGCGCGGAACCACAAAAAACCGTCCTCGAACTAACCATGAATCGGCAAGGGCAAATCGTCTACCTCGCCGTGCTGGACGAAAGTAAGTACACCGGCAGCAATATCCAACGCACGTGGCGGACGCCCCACTATCAGCTCTTCATCGAGAGCTACGTTCCAACGATTGCGAACCTGCCGGCCACGTATCGGTGCGTGATTTGGGATGTTCCACCGAGTTATGCCCCCAAACTCATCGAACGTCTTAGCAAACAGACCACCGTTCCACTTACGCAAGCAGTGCCACTCAATGACCTCATTGCATTGGGGGATGACATGGTACAACACACGCTGCCTGCCCTGCTCTACGAGGTCCGATACGAGCAGGTGGAACCTTTACCACTGCAACGATCCCTCAAAGATCTCGCTGAGCAGCGCTCGAAGGGCATGCGCTTGCGCACCAAGCCGGCGCTTGCGCAACTAAAGTTGCCCGAAGAAGCTGCGGCGAAGTCGCCCTACCGCGCGCCCAAGTCCGCCTCCCGATCGTTCCTTGAGCGCTGGGGGCTTGCCCTAGGCATCGCTTGCCTCGCTGCAGCCGCCACAACCGCCGCTGTTCTCTTCATCCGGAGAAAGGAGTAGGACACCGTGAGCCGCTCCACCGCCGAGCGCATCAATACCGTCCTCGCGACCTCCACGGTCATTTTTGCAGTCGCCGGCCTCGCTTTCCTTGGCTACGCCCTGAGCCGGAACCCCCAGCTTTTTAGTGGTAGGCCGGAGACCCACCGCGAGCTCAACCCCTACATCCTGCAAGTCGTGGAGGAATATGCGAAAAATGCGCAGGACATTAAGCCTATCCCTGGCAAAGATCCCGAATTCAACGGTGCGGGCGTCACCAAGGACATCTATTACCGCGGCCAGCGCGTGATCAAAGGTACCACGGGACAGCGATGCCATTGCATCGGTTTGGTATTCGAGATTTTCATGACTGCATGGGAGCGGGCCGCACGCGCCACTGGCCGCGAGCTCATCGTCGGCGACGGCTCCATCGAAACCTTCCGGAAATTCCAGAAGCGGTTCTATGGCGCCGAGGGCGACGTCGCCACCATGGTGAGTGGGCTCACCGAGTATGGTCTGGGCATTCCGATCACAGATTGGGACAAGGTAAAGCCGGGTGACTTCGTGCAACTCTGGCGCATCTGCTGTGGCGGACACGCTTCCATTTTTATCGACTGGCTCCGCGATTCCCAAGGCAAAATCACAGGCTTCCGGCTCTTTCAGTGCGGATACGAATCCAAGCTCGGCTACGTGGATGTGGATTTCCAGAGCTACAGCGTGGACACACGCGCAGTTTTCTTCGTCCGCCCGATCCTCCCTTGAAGCAAGGAGATCCGCTTAGACAGCTTCTCCCACTCCCTGCCCCCTACGGTCCAAACCCGACGATCGACGAGCTTCCCCAGCCGGTTGCCCCGTTTCCAGCGTGGGGACTGCACTCAGCCCTAGCATCCGTAGATACCGACGCACGCCCCTCCCGGTTCACTCCTGCGGCAAAGCCGAACCATTGGATCGGCACCTTCCAAAATAAGCGAGGGGCCTATTGTTCTTAAGGCTTTTCGCCCCCGTGCTTTAATCTCGGCATCACGGCGTGCGGATATAGTTCTCGAGGTGGCGGATCGTTTCCTGATGCTCGCGCACCTCGTGGGCCAGAAGATCGCCGCTCGTGATGAGGCCCGCAAGCTTCCCCTCCTCAAGGACCGGCAGATGGCGAATCCGCTTGCTCGTAAAAATCACGCGGCACTCTTCGAGTGAGGTCGTCGGCGAGCAGTGCACGATGGGCGCCGTCATGACCTCCGCGAGCAGTGTCGTTGCCGGATCCCGCCCCGCGGCCACCACCCGCGTCAGCACGTCCCGTTCGGTGAATATCCCGC
CP030759.1_gap63	2474971	2476304	1333	AGGTGATGTGTACGCAATTTCCACCCACGACGGCTCCACTTTGTGGTCCGGGCAGCTCCCCGGCGGAACCATTGTCGCCGCCGCGGTGGAAAGCGGCGTAGTGGCCTTTGCGTCGGTCACAGGAATTGTCCGCGCATGGCAGGCCGATACCGGCATTCTCCTTTGGTCCTACGATTCACGTAAAAGCATTACAGGGGCCCCGCTGGCCAAGGACGGAAACTTCTTCGTCGCCGACCATGGCGGTTACGTCACAGCACTTCGAGCCACCAACGGCCAAGTGATCTGGCGCACTCGCGTTTCCGCTCCCGTGCACGGTGGTTTAGCGGCCGACGACGCCACGCTCTACGTGGGGTCCGAGGACATGCGCGTCCATGCACTCAGGCTGAACGACGGTGCGCTCAGGGCTCAAAATCGCGTACGGGGACAAAGCTTTCGAATGTTATGGCCGGTGGTTCATGGGAATTTCGTGTGGGTGTCGAGCGTACAAACCCCAGTCATCGGCAGCGAGTACATCATGGAATCCCTCATGGCGGACTCCCCGTCGGTGGCAGTCGAAGAGACCAACATCGCTCGATGGCTCGCCGGAGACACCAACAATGGACGCTGGCCAGACGCAGGGGAGGACTGGCGCCACCTGTTTGCCCTTCGCAGAAGTGATTTAGGCGAGTCGTTCACCGTCCTCGCTGGGCCGGCGGATGGTTGCGGGATTCCCGCAATGCCTCCCGCCGTCACAAATGATGGGCGTCTACTCACCTACTTCAAAACCCGTCATCCGACCTTCACTACCGTGGGAGCTTTTGGCACCAATTACTCCATTGATATTTGCGCAGTAAACCCTACGAACGGCCGCCGCCAACAAATCAACAATGGCCAGCTGGCTGGAATGTGGATGTGGGAAACTGACAATCTATACGCCCTCACAGTAGCCGGCCCATGGCTCTGGCTGAGGCAGAATTTCCGCGGGACACAAGTCGTCAACCTCCTCACTTCATCTCATCGCTACGTCCAAGCCCAGATACGCTACTATGATGGGGGGATGTTTTTCTGTGACGTGGTCTATCGCAATGTTCCGCCTCCCATCGAAACGGCAGAAGTACCCATTCGGGGTCGCGCGGGGGTGGTCGTAGTCGATCAACTTGCATTTTTTACTGAAACCTTTGGCGTCACAGCGCTGGAGCACGAACCATGAATTTCACCGCGCATCCTAACCGACTTCCAAAATTTCCTCTTAGGCAGCTCATCCATTTAATTTGCTTCCTTGCTTCGGTACAGAATAGTTATTCCATTGATGTGACTCCTTATGCATGGGAGTTCCCAAAAAGTACCAACATTT
CP030759.1_gap64	2482079	2483765	1686	TTGATAGCCTGAAATGCGTTTAGCGATGAGGCTGAGGCAACGTTCGCCGTCAGAATCTATCTGCTGACCTTTCATGCGCTCGCCACAGCGTGGCCCTCAGCCGCGTTAGGCGCGAGTGCATGCATGCATGGAAGGCCGCTCGATGGGGCAACGCCTTGTCGAGGGCTCTCGGACTTTTCATCAGGGCCACCCCAGAAACTGTCGAAAGAATATCCTTGGGTGGAATCAGTACCTATCTGGTACTATGCTCTCTGCGCTCCGCTTGCGGTTGATTCGCGCTGTTTATCTGGGAATGGTTTGTTCGTTTGGGCTTCGGGCGTTGGCAGCTCCACCCATTGCAGAAGACTACGAATACAGCTGTGGCGAGCTTCGGCTCAAGGGGCTTATGATTCGCCCCACAGAAACGACCGGGCCACTCCCCGCGGTCCTTGTCTTCCCCGAGTGGTGGGGCCTAAATGATTATGCCACGAGTCGCGCTCGGCAACTCGCGGAGCTCGGGTACATCGCGGTTGCTGCGGACATGTACGGCGACCGCAAGGTGACGACGGATCCTCAGGTTGCTGCGCGCCTCGCTGGCGCGTTGAAATCGGACCGGTCGGAAATGCGCCGGCGCGCCGAAGCTGCCGTTGAGCGTGTCCGCACGGATCCCAGAGTCGACCCCAACAGAGTCGCAGCCATTGGCTACTGTTTCGGCGGAACGGTGGTACTCGAGCTGGCTCGCTCCGGAGCCCCGGTACGTGGAGTTGTGAGCTTCCACGGCGGATTGGATCGCAAAGCGGACCTCCCCACAACGTCCCCCATCCGCCCCCGAATTCTCGTGCTTCATGGTGCCGATGATCCGCTCGTCCCGCCGGATCAAGTGGCTGCTTTCGAAGAGGAGATGCGGACCCACCGCGCCGATTACCGCATCGTCCGTTACCCCGGCGCTGTCCATAGCTTCACCAACCCCGCTGCCGGCAGCGATCCCTCGCGCGGCGTCGCGTACAACCCTCAAGCCGATCGCGACTCATGGCGCGAGATGGCCGCGTTCCTTGCCGAGCTTTTCCAAAAGCCTTTGCCGAAAGGCCACAATTAGCTGCGGTGCGACACGCCTGCGGATCAGCCAACAGAGTCCTCCTTGCCTCGCCGACGGCTGACTCAGAGGAGTACGCCCCGAAAAACGATGCTGCAATGATCTACATTTCCCCTCTCTTGTAGGGATAAGCAGGCGAGCCTCGCCTCTCGCGGTACAACTCTTCGGCCTAAGAGCGGGGGCTTAAGGTGGGAATCTTCGCCTCAATCGCCTGGATGAGAAACGCACACACCCTTTCTGAAAGCGCCTCGTCGAACTATGACAAAATCTAAGTTGTTACCACCTAAAAACTAAGTAAGTTTCGCCTCCCCTTCTGGCGAATCCATCTCTCGAGCAATTGCCCCCATGACCAAAAGTCAGCCCCCGCCTTTCCTTTGATTGCGAAATCCGCGGCCCACCCCTGCGAGTCCGGTATTTCGCCCCAGCCCTCGAGTTCACTCGTCGTCAAAGATGATCCGCGAACAGCCACAGATTACGTAGCTCGGCAGGCAAACCTCACTCGGGGCTGGTTGTAACGAAGGTTCTGCTGCCGATACGATACTTCCGTGCGCAGGGTCTTGCGATCCACACGAGAGGCTCCCATGGCCGTAACTATTTCTGAAAAATCACGCGTT
CP030759.1_gap65	2494332	2495453	1121	GAGTGCGATTTTTTTTGCAATCCGCTTGAGAACATCGCGATCAATCAAATCTCCTACCGATTCACGGAAGCTCCGGCGCTTCGCTTTCGGCGACTTTGTCCGCTCGGAACCAGCCACTTCCTTGATCGCGCGTTCCATAATTTTCTCGTCCACCGTGTACGTGCCGTCCACGTAGCACGCCAACAGCGCGCGATCGCACACCACGTTGATCCGGCGAGGCACACCACCCGTTGCCGAGTACAGCATTCGCATCGCGCCGGGTGTAAATTCGATGTCTACTTTTGCGCCAGCCACAAACAGACGATGCTTGATGTACGCCAGCGTCTCTGCCTCGGTGAGCGGCGTAATATGGTAGCGGACCGCAATGCGTTGGTTGAGCTGCTCCAATTGGCTCAGAGCCAACGTATCATTGAGCTCCGGCTGGCCGATGAGCACGATTTGCAAAAGCTTTTCGCTCTCAGTTTCGAGGTTAGAGAGCAGCCGGATTTGTTCGAGTAACGTGGGATCGAGGTTTTGCGCCTCGTCAATCACAAGCACCACGTTGTTTCCCTTTTGGTTCTCGGCCAACAGGAAGCGGTTGAGCTCGTCCACCAACCCCTTTTTCGAGTTGTAGAACGATGGGATCTGGAACTCGTCGTTGATGGCTTTCAGAAGCTCGAGCTCCGAAAGTCCGGGGTTCAATATCAGCGCCAGCTTCACGTTCTCGGCGCGGAGCTCGTTGACGAACGCTCGGCACACCGTCGTCTTGCCTGAGCCAATTTCGCCCGTAAGAAGTATGAATCCTTTGCGCTCTTTCACGCCGTAAATAAGCGCACTCAGCGCCTCACGGTGGCGCTGGCTCAAAAACAAAAATCGTGAGTCGGGCGTTATATTAAACGGCTCTTCGGCTAATCCGAAGAATTTCTTGTACATCGTCGCTTGTCTGCTCCGCGTCCTCGCTTGGCACCCGTACGGTTGTTGAGACACCCAAAGCGGGAATCCTGTTCCCTCAACACCTTGAGGGGCGCATGAATTCACTGGCGGTCTGCTCCTGAAGCAGGTTTCAGGCCAACCGCAAAAGCCCGCTGCTACAAGTACTCAAGATACTCTTCCACCACCTGAAAATCAGCTGCCGTTTCCAG
CP030759.1_gap66	2588707	2593375	4668	CTTCTTCGAAATCCCGCGCGGAGTAATTGCGCCGCATCGCTTGCAGCACAGCATCCGAGCCCGACTGGACCGGTAAGTGCGCGAATGCGTAGAAGCGCGGATGAGCGTAAATCTCTGCAAGCTCCTCCGCGTAGAGCTTTGCCCAATCGGGGTTGACCATGCCAAGCCGCACACGGAAATCGCCGGGCATTTCGGCAATGCGCCGAAGGAGCTTGGGCAATGTGGTATCGCGGTCACGTCCGTACGCCCCACAATCTTGCGACGTTAGCCAAATCTGGCGCACCCCCTCACTCACCGCCGCACGGATCGCATCCAAAATCTGCTCCTCGTCGAACGAGTAAAGCCTGCCCCGGGCCAACACGGTTTGGCAGAATGTGCAGGCACCGAGGCACCCTTTGCTGATGGGAATAATCTCGATCGCGGGGTTGCGGCGCCGCTTTGGCAACGCAACGCGCGCAGGCTCCGGACGGCGCTCAGTGCGATGGACGATTTCTCCGCGCAACGCACGTTCCACGACCTCGACGACCGATGCAACGTTATCCGGCCCGAGCTGCGGCAGAGCAGCAAACTCGCGCCCATGTGCGGGAACCCGCGGCGCGCATCCGGCCAAGACCACCACTGGCCCGCCCTCACGATCCCGTCGCGCACACAAGCCCCCCAGCCGCTTGCGCAAATCCCAGTAGGAGCGGTCCTTGACAATACAGCTATTCACCACCACTACGTCCGCTTCTGCCTCAGAAGCCACAATTTCGAACCCCGCTGCGGCAAGAAGACCAGCCATCGCCTCGCTGTCCGAGACATTGAACGTACAACCGTACGTTTCAATGTAGACGCGCCCACGTCCGTCACCGCGGTTGGGTGCGAATGGTGGGTGTTGCGTTATGTTTGTCGTGATGCTGCTCATGGCGCCGAGATCATTACAGCAACTTCCCCCCATTCATGCACACTCTCCCCCTGTGTGAGCCCCGAGGCACATTCCTGCGAAGCGCAGCATCAAAGGGCAAATCCATCTCCCCTTGGCATTGGCCGCCAGCCGAGACTCGGCCACATGCGCGGAGACCCTAGTGTGGGAGTCCTCGGGGAATTTTCAACTCACCCTGGCACTCAAACCCTGCGAATTCATATACCCAGCACAATGCGCTCGGGATTCGCAATACACTCTTTGACTCGCACCAAGAACTGAACCGCCTCCCGACCATCGATGAGCCGGTGATCGTAGCTTAGCGCTAAGTACATCATTGGGCGAATTTCCACACGTCCCTCGATCGCAACAGGACGATCCACAATCGCGTGCATCCCCAGAATGCCCACTTGCGGCGGGTTGAGAAGCGGAGTTGAAAGCAGCGAGCCGAAGACTCCACCATTCGTGATCGTAAAGGTCCCGCCCTCGAGCTCAGCCAGCGCCAGCCGATTCTCACGCGCGCGTTGAGCCAGATCTGCAATCTCGCGCTCAATATCCGCAAAGGACTTGCGATCCGCATCGCGCACCACTGGCACCACCAGCCCGCGCTCTGTACTCACCGCCACGCCGATGTCGTAGTAGTTGTGATAGACGATGTCGTCCCCCTCGATACTTGCGTTGAGCTCAGGGAAGAGCCGCAACCCCTCAATGACCGCCTTCACAAAAAACGACATCAGGCCAAGTTTCACCCCATAGCGCTTGAGAAAACTCTCCTGATAGCGCTGGCGCAAGGCCTGGACGGCCGACATGTCTACCTCGGCAAACGTCGTCAGCATTGCCGTCTCTTGGCGCGCCTGCAGAAGTCTGCGGGCGATCGTCTTGCGCAGACGGCTCATCGGCTTGCGCGTCACCGTGCGCTCGCCGCCGCCTTGCGGCGCAGGAGCAGTCGGCCGAACGGCGAACTCCTTCTCCGGGGCACGAGCAGATGCATCCATGCGAGTGGTCCCTCCTGTCGAAGGAGCACTTCCGGGAGTCACAGGCGCCTGACTCGACATCGTGAGTGAGGGAGGTGGCGGGGCGGCGCTCGGAGCTTTCTGCTGCTCGTCGCCCGCCTTGGCCGCAGGGGTAGACGCGTCCACTCGCACTTCGCCAGAAACAAGTTTCCCAGCGGCCGCCTCCGGTGACGCTACCTGCGATGGCTCCAACTTCGGTGCAACTGCCGGGCCCTCAGCCTCCGCAACGGACTCCTCGAGGATCCCTATCACGGCCCCAACTTTGACATCCGTGCCTTCCGGCACAAGAATCTTCAGCCGACCACTCACCTCTGCTTCAAGATCCGCCGACGACTTCTCCGTATCGAGCGTGACCAATAGATCACCTTTTTGCACCATTGCACCATCCGGCTTATGCCACTGGGCAACCGTGCTTTCCGTAATGGACTCACCAAACGAGGGGACACGTATTTCGATCGCCATGATGAGGCGATTGTGGCGCGAAATGAGTGCGAGTCAAGCCCAGACGGCCTTACCGCCTCCGCGCGGTGTTACAGTGTTTTTTTCCGAGCAAACCCTCCATCTTTTTCGCGCGAAATTTGTTTTGTTATCCGTAGCCGAACTTCAAACAAGGGGACTTTTTGCTTTGTGGAATTTGCCAGCGAAGCGTCTTAGTGATAGCCCCACACAGGCCCACGTAAACGCAGTTTGGAAAGCGTAACTGTCCCCTCAACATCGTTAACGAACCTTAACTCCATACGCCTGGCTAGAGCAGGCACGGTTATAACATGCCACGCCGTTCCAGTCGTCTCTTGATAGCGGTTAAGACGATGGCGAGCGGAGAGCACCCCTCCGCCGCGGATCGGAAGCGTGACCGTCGTCCCCGCCTCATTGAAAAACTCGTAACGGATATCTGGTCCCATCGGTTCTCCAGACCCTTGAGGCTCGATACGGTACTCGTAATGCAAGAGATACCGGGGTGCCCAGCCGGGCTGAACCCGTACGAGAAATAGTGGAAGATTCGTTCGCCCCCGAAAAGCGATTTCGCTTCCGTGCATCGCCATGGCCGTAGGGGAAAGAGGGGTGCTTTTCTCTGGATCCTGTAGGAGGTCCCTTCCACCCGTTTGAATCCACAGCAAAAAGGATCCCCCAAGGATCACGCATAGAAACGCTCCCCCCATGAGTCGCAACGTTCTGGTCCAGTTCGAGAGCATGAGAACTCGCGCACACGCAGCTGCCGCAGGCGCCAATGCCAACACATCAAGGGGGATGCGAAACCGAACGTTTCCATGGACAATAACTAACAGAAGCAAACCGGAAACCCAAGTAAGCGGAAGGACCCACCGCGCGATGCGGGCTCGGAGGAGAACACCGAGAGCCGCCAACACGTAGATTACGTGCATGTCCAAGAGAGGAATGTAGAGAAAGGGGCCGAACGGATAATCCTGTATTCCCCCGGGCGACTCCCATGTCCACGGCCACAACCCTTGGCTTGAGCCAAAAAGCACCTCCAGGCGATCTGGGATCAAATAGAACAATTCGTAGGCCGGATGCGATCGAGCGAATTCCCACGCCTGTTGAGCATACTGCCGATCTCGCTCTGCCGGGGATCCCCCTGAGGGGATAAACTCCGTGTAGAGCCCTGGCAGTGTCATGTAGGGCCAACCACCATGTGATGTTGGGTTGTTGCCTTGGTAAAGGTTCATCCCTGTGTTTGCGGCCAGGAACAGCGGGCGCCCCTCGAGAAGCGAATTTCGAATGACCCACGGGGCAACAACCAAAGCGAATCCGAGGACAAAACCCGCAGTGTGCCGCAACCGGCGACGAACGCTATGCCCCCTGGGGCCCACCAGAAGCGAGAGAGCGCACACAGGAGCAAAAGCTATGACGTTCGTGCGCACACAAACCGCCGCGCCGAGCACGGCCCCAAAACTAACTGCCCAACCCAACTTGTGTGTCGTCCAAAAACGACTTCCAGCCCACAGCACAAACACAAGAAGTGGGATGACAATTGCCTCGCTCATCAATAGAGCGGTGGAATACACAAAGGGAAGGTAAAGTGCATAAAGCACTCCAGCCACGAGCCCCGCGCGCGGGTGATAAATCTGCCCTACCGCGTTGATCAGAAAAGCGGTTGCCATCCCCCCGATGACTGCCTGAGCGTAGAGAACCGGCTTCATGAGGGTTAGCCCCAGAACCCGCATTGCAAGAACCAACCACAGGGGGTAACCTGGCGGGAAAAAAGTGGTGAAGAGCGCTTCATTTCGCGGGACTGAACGAAACAGCGCGTCTGCGCTACGAAGGTACGCAATCATATCCGCCGTGGGTGAGTAGAAGGCAGCCCAAACATGGAGACACCGAACGATGATTGCTCCCAATGTCACGACGGCGCATGCCACCCCCCATCGCTTCTGCAAGAAGGACACAGCACCCTCGGTGAAGCTCTTTTGCGCTCCAGAGATCTCAACGTCGTCTTTTAGGAGACCGTCACTCACCAGACTCCCCAACGCCTCAGATTGAAATAAAATTCTCCGTTACCACTCCGCGTTTGTAAAAGCCTTCTCTCGCCGTTCGCTGCTCCGTAAGCGAAGCTGTCTGCCCAAATCTCAACGGCTCACCACTTGCAGTAGAAATGATCGCATGCCGCGTGAGCTAAACAGCATTGGCCCATCACCCAAAACGTCGCCTAAGTGCTTGATGAACACTCAACGATTGGAGAAGAATGGTTGGCAGCCCACCGAAGCGTCAAGACGGGAATCCGACTATCTCCCGTTC
CP030759.1_gap67	2602975	2607282	4307	TCTCGAAGCTCCACATGCGGCTTCAGGCCACGATGATCTACGTCACCCACGACCAAGTCGAGGCTATGACGATGGGCGATCGCATCGTGGTCATGAAGGATGGCGTCGTGCAACAAGTGGATGACCCCATCTCGCTGTACGATCATCCGATCAATCGCTTCGTTGCTGGCTTCATCGGCAGCCCGCCAATGAACTTCATGGAAGGGACCTTGGTGGAGGATAACGGCCTCGTCTTCAATGAGGGAATGATTCAAGTCCGGATCCCCGAGAAATACTACGAAGCGCTCAAACCCTACGCCGGCAAACGCGTGATTTTTGGAATCCGACCGGAAGATATTTACGACCCAAGCTACGGCACCGAACTTCCCAACAAGCAAGAAGTCACCGCGACGGTCGAGGTGATTGAGCCCATGGGAAGTGAGATCTACCTCTACCTCACGACCGGCAAGACGCCTTTTGTTGCGCGCGTCGAGCCGCACGTTAAGGCCGAGGTTGAGGAGAAGCGCAAACTCTACTTCAACATGGATAAGGCGCATTTCTTCGACGTCGAAACGGAGAAGAGCATCCTCTACCGCGAGCAGCGGGAGTTAGCAGAAACCACGGCCTAACTGCGGCCTCTTCACACCACGAGTTGGGAAGCGGCATCCCCACGCGTGTGCCTTCGTCCTATGTCTTCAAGATTGTCTGGGATTCACTGTGTCTAAAAAGTGTGTCTCGGTCCGTCCAAGCCACTCGCGCAGGCGCGATGGGCGCCAAGACGTTGTTTTGTGTCACCTTCGCCGATGAAACTGACTCGTGCTCGCTGCGGTTGTGGTGATGGTGGAACACTTCAGCGCAAGCTCGCGCCCAGCGGCTTTAGGAAATTGCTCTGGCTGCCAAGCCGCCGCGCTCAGCCAAGTCGCGAACGCACAAAAATAAAGTAGGCGGCAAGCAGCGCACTCATCGCCCACATGAGCGGCCGGACCTCTCTGCCGCGCCCACTCGCTGCCTTGATGAGGGGATACGCAATGAAACCCAGCGCAAGACCATCCGAAATGGAATAGCTGAGGGGAATCCCCAGAATCACTAAGAAAGCCGGGATCGCCTCGCTCGGCTCATCCCAGTCGAGCTTCGTGATATTGCGCATCATCATCGCCCCAACAAGCACCAGAGCCGACGCGGTGATGGGGGGATAGCTCCCTACCATTTCGACAATAGGCGAGAAAAAGAGCGCGAGCAGAAACAATACGCCCGTCGCAACAGCCGTCAATCCTGTCCGCCCACCGTAGAGAATCCCCGTCGAGCTTTCAATGTAAGCCGTCACCGTACTCGTGCCGAGCAGCGAGCCAACCAGCGAGCTGGCCGCATCCGTGGAAAACGCACGCCCCGCACGCACCAATTTGCCTTCCCGCACGAGCCCTGCAAGCTCGCCAACACCGATCAGCGTCCCCATCGTATCGAAAACGGCCATGTAGAGGAAGATCAGCATAAAGGGGAGCAAGTGCGGTTGTAGCGCGCTTACCACATCTAACTTAAGAAACGTCGGAGCCAAGGACGGCGGTGCCGACACAACGCCGTTTGCAATGCGGAACTGTTTGGCAAGCATCGAGTCGCGTACAATAGGAGAATCCCATACCGCTGGCCCCAGCCTCGGAAGACCGATCTTAAGCGCAACGGCCATAAGAGTCGCGGCCGCAATCCCCACGAGAATTGCTCCGCGAAAGCGGCGCGCCTGTAAGATCGCCGCCACAAGAAAACCTGTGAAGAAGACTACCAAATCGGGCGATCCCAAGGTATGATTCAGCTTTACCGCTGTCCCAGGATCCTTCAAAATGACGCCAGCATTTTGCAAACCGATGAACGCAATGAAGAGCCCAATCCCCACGCTGATGGCGTGCTTCATGGATGTGCTCACCGCTTCAAACAGACTCTCACGCACACCCGCAAGGGACAGGACAAGGAAACACAGCCCCGACAGGAACACCATCCCCAACGCCACCCGCCAAGGCTCCGCGTAGCCTGCAGCAGCAACTGCGGGAATTGCGGAGAACACGAAAAAGAAGTTCTCACCCATACCCGGCGCCAGCGCGACCGGATAGCGCGCGTAAAGTCCCATCAGGCACGAAAACAGCGCGGCACTCAAACACGTGGCCACCATTACCGAGCCAAAATCCATTCCTGTGGGACGCCCAAACATGTGACCTGAGAGAACCGCAGGCTGAACAAAAATGATGTACGCCATGGTCAAGAACGTGATAAGGCCAGCGGTCAGTTCCCGGCGTACCGTTGTGCCATGTGCCTGAAGTTGAAAGATTCGCTCCAGCATACCTTCCCCTTTCCTGGAGACTCAAGCGCACCCATGCTCAGAGAACGGCCGCTTCGCGCAGCCCTACTCTGTGGCCCGAACATCTCCAGTCAGCACTCTGAGAGCATTGTGAAAGCACACGCAAGCTCAGAATCAGGAAGTCCTTGCCTTCGCGGAAATAAATTTTGCGCTCAGAGTTCGCCCGCGGCTCGTCGCCCCTCAGTTTTGAGCTCGATAAAGGGATGCGTCGGCGAAATCCGCCCGTCCCCCAACGCTGTTCATCGCATGGGGTTATTCTCGAAGAACTCGATCACCGTTTCAGCCACCGTCCGCACCTGCTGGCGCGTCAGCCCCGGCCACACCGGCAGCGATAGGCACCGCCGAGCACATTCCTCTGCCACAGGGAACGCACCTTCCGCGTAGCCCAAAAATTCAAGCGCCGGCATCCGATGGAGGGGCAGAGGATAGTAGATAGCCGAGCCAATTCTTTTCTCGGTGAGGAATGCCCGCAGGCGATCCCGATCCCCCATCTTAATCGTGTAAAGGTTAAACGTATGCGTGAAATCCTCCGCTACCTGCGGCAACTCAAGATCCACCGGCTGATCAATTGCAGCCGCTTGCGCCTTGTACTCCTCAAAGATCCGATTGTAGAGGCGGGCATTTTCAATCCGATCGAGGATGGAGTCATCCAAATCCTCAAGCTTATGCTGGAGGTAGAGCGCTTGGATGGTATCCAAGCGGCTATTGTACCCGATGCATACAAACGCTCCGCTGGGGGTGCGTCCGTGATCGCGGAATTGGCGGATCCGCTCCGCCAGCTCATCGTCGTTGGTGGTGATCATGCCCGCATCACCCGCCGCACCAATGTTTTTCGTCGGGTAAAAGCTGAACGCCCCAAACGTCCCCAAAGCGCCCAGTCGCTTCCCCTTGTAAGTCGCCCCACACGCTTGGGCAACATCCTCGATCACCGGCAGATGGTGGCGCGCTGCAATCTCAAGGATCGGGTCCATGTCGCAGGCCTGTCCAAAAAGATGAACCGGGATGATCGCCTTCGTGCGCGGTGTGATCGCAGCCTCGATGGCTGCTGGGTCGACATTGAAAGTGTCGGGTTGAACATCCACCAGTACGGGACGGGCCCCAAGCCGTACCACCACATCCGCTGTCGCGATGAACCCAAAAGCGGGCAATATCACCTCATCGCCAGCCCGCACCCCCACAGCATCCAAAGCTAAGAGCAGGGCATCCGTTCCCGAGTTGACCCCCAAAGCATGTTTCACGCCAATATATCGTGCGAAGGCCTCTTCGAACTCTGCTGCCCGTTTCGAACTCGCTCCGATGAAATCACATGTCTCAAACAGTTCTCGGAGCTCCCCAAAATACCGATTCAAAAAATCTTTATGGGTGCTGGGCAGGTCGATAAATGGTATCATCGTCTTCGTCTTCATCCCTTATCGTGGGTTCTCGTTATTGGTAAACCGTTTTCACTCACCGAAGCCATACCGTTTGTGTGGTTGAAAAAGTGTGTCAAACCTCAAATTGCAATCGCGATCGGCGGCAGGGTCCTTGTCGCTTTTTTGTGGAGGCTACGCCGGTGCTCTACTTTTTTCAATTGCCCCGGCCATGACAATGGCATCCAATAATTGGTAGGACAACGGGTGAGATCGTGAATTTACTGCTCCTGCTCATTATCTTTGTATTGGCGGCATGGGTCTACCGCCTACGCGAACGCGAAGAGAGCTTGCGTGCGCTTATCGATAAGCATCAGCGCGAGCGCAAAGCCATTTTTCTTTTCCTAAACCGCCTTGGAGAGCGACTCACCACCTCGAATATCGCCCTCGAGCCCGCGTTGGAAATCATCACGGAGTTTATTGTAGAAGCAACGAATGCCGAAGCGGGTGCCGCATTTTTAATCGAACCGCAAGAGCAAGTCCTCTCCGCCAAGGTCGTGAAAGGCATGTTTCCTCCTCTCATGCCGACCACCGACTACGTCCTCACAAAGCAGAAGTATTTGGCCGAGCGCGTC
CP030759.1_gap68	2609645	2610935	1290	CTTTGGATCCATCTCATGCAGGAGCAGGAAGGATCTGTTGGCCTTAACCAAGCCTTCCAGCAAGTCACCCTCCATGAAAACGAACTGCCAGACAATCACCTTGTGCGCCTTGCGGCTCAGTGGGGGCGCGCTCAAATCGTCCAGCGCGATTCTGTGGACACCCAAGGTTTAAACGAATTCCTGCGTTTCCCACTTTTGGCAGGCCATGTGGTGACAAAACGCGGCCTTCACGCGGTCGTTTTTGCAGACCGCGCATTCGAGAAGAAGCCCATCAACTCGCTCGCCCAATATCACTTCCAATGGCTCCTGAATCACGCCTCCGTCACGCTGGATAACGTCGAGCTGCTCGAAGAGCTCCGACAAAGCTCCGAACGACTGAAAGAGGTGGATCGCATCAAGACCAATTTCCTTTCCATCGTTTCACATGAGCTTAGGACGCCTCTGACCGCAATCCTCGGGTTTGTGCAAATTCTACGCGACAAGCAAGTCGGGCCACTCACCCCATTCCAAGAGGACCTCCTAAACCGCGTCGCCCAGCAGTCGGCGCACTTGGCAAGCCTTGTGCACGATATCCTCGAAGTCGCTGAAGTTGAAGCTGGAGGCATGCTTCAGGTCGAACTCACTGCCGTTGACCCACTCACCGTGGTCATGCACACCACAACCCGCGTCGAAGAGCGTCGCAAATCCAAAGGCGTCGTCATTGAGACCTTGGTGGAGGAGGCCATCCCGTTCATCCGGACTGACCCCAACGCCCTTGAGCGGATCCTCTACCATCTACTCGACAACGCAATCAAGTTCAGCCCCACGAATGGCCGCGTGCGCATCTATTTCCGACAGCACGACGGCCAACTCCACATAACCATCGAGGACAATGGCATCGGCATCTCGCCAGAAAACCTGCGAAAGATTTTCGATTATTTCTATCAGGTAGATTTTCGTCTCGAGCGTGCCTACGGCGGCATGGGGCTCGGCCTCACCATTGTGAAGTTGTTACTCGATGCAACCGGCGGACAAATCCGTGTCGAGTCCGCCGTAGGCTCAGGATCCCGCTTCACCGTTTCTTTCCCCATTGTGGAGTCCCCCGCACTCAATCCAGAAATATAGTCCCCCTCGCAGCGCCTACCGACTGTAGGAAGACCGTTGGTCGAGGTCTCTCCCGAAATCACCTTTTTCTTCACTTGCACCTCCCCCTTTCTCCGCTATCATGACTTAGTGGTAGGAGCCAATGACGAGCCTGCGCGAACAGAACCTTACCGCATTGGAAGTCCAGTTCGCTTCCGACCCGACAAA
CP030759.1_gap69	2618659	2622874	4215	CTCGCCTTCTTTAATTGGGTAGGATCAGGCAGCTGGGTCGTGAACAAGCGGTAGAACGTCACCGCTAATGCATAAATATCCGATGCGGGCGTGGGATAATGAGTGCCGGCAATTAGCTCAGGCGCCACGTATGGCCCCGTCCCAAATCGCAGGGCTTCGCTCGTTGCACCGTTGCAGTCGCACACCAGCCCAAAATCTATGAGTTTCACCGCCCCCTCTCGGCTCACATAAATGTGCGAGGGCTTCAGGTCACAATGCAGGAACCCCTCCTTGTGAAGGTAAGCCACGGCAGCACACACGTGCTTCACCAAGTGGCGCAACTGCTCACGGCTCAAATCCAGCATTCTCATCAGCTGGCTAAGCGCCACTCCGTCCACAAGCTCCAACACCACAAACGGCTTGCCGGCATGGACCCCGTAACCAAGCACGTTGACAATTCCCGGGTGCGAGAGCCGATGCAATGTCTGGGCCTCCCGAAACATTGCGTCCACAAGTAGCTGGTTGGAAGCAACCGAAGGCCTGAGCAGTTTCAACGCCACAACTTCCCCCGTGGCTTGGTGAGCAGCACGGTAAACTACGCTCATTCCCCCCGCGGCAAGCACGCCCTCGATTCGGAAGGCACCAAATTCCTCGTGCCCTGCCTCGAGCGGTTCGTCCCCCACGGCGGGTAGCGGTTGCGCGGGGGTTTCTGGAATGTCTCGTGAAGGTTCTAACTTCAGCGGCAGCCCCGACAGGCGCCCCCCTTTCTCGTCCTGTCCCAAGGCAACCCTGAATGGAAATGGTGTCTCTTCCGTCACGAACCCGCCCACAAAACAATAAGTAGAGCTAAACTTCCTTCTTATAGACGCTCGCACAGGACGAAAAGTTCCCATCATTGCAAAATGGGGAGAACCCTTCGGCCCCAAATTTCGAACTTTTGTATATCCTCTTCACAAAGATCCACCCTTGTCTCGAGCTTTCCCTGCCTCGAGCAGCCCAGAAAGTAGCCGCCGAGCCCCAGCGCCTTCATGGAGGATGCTTGCAGGAAACTTTTTTCCAATGCAGTTGCGCGAATCGTTGTACTAATTCCGCGGTTGCATGCCGTTCACCTACAGTTGGTTGTGATGGGGTGCAGGCCCGTCCCGCACGCAAACGATCGCGGCAGCAGCTGGTTTCGTTTCGTATAGAGTTCGGAGGAGACACGGTTCGTGATGCCAGAGAACGAAGGCTCAGTTCAGGAAAACAGCGATCAGCAGTCGCAAGAAAGCATCTTGGAACAAGCTCGGCAGAAGATTCGGCAGCAAAAGGAAGAAGTTGTCCCCCACAATATCCTCGAAGACCTTCCGCTCCCAGAGTCGCGCCGCAAACTGACGATCGAAATCGCCCAAGAAGATTGGGAACGGCGCCTTGACGAGCTATTCGAAGAGTTTCGTCGTTCAGCGACCATCGAGGGTTTCCGCAAGGGCAAAGCCCCTGTGAAGCTTCTGCAGCGTCGCTTTATGAAAGAGGCACGCGAAGAACTTGCTGAGCGTATTCTCCCACCGATTCTCCAGAAGTACGCGGAAGCCAAGAAGACCGTCATCTATGGCAAGCCCGTCCTGACCGATCAACAATATGAAAGTGGGAAAGCACCCCGCCTCACCCTCGAGATTGAGGTGAAACCAGAAATTGACCCCGTCGGCTACGAGTCCGTGGAGGTTGAAGTCGAGGAGGTCGTCGTCCCGCCGGATGCTGTGGACGCGAACCTCGAGCGCCTCCGCCAGGAGAACGCCTACCTCGAGGAAGTGCAGGAGCCGGCGAATTCGGATGACGACGTCGTCGTCGTGGACATTCTCGCTGTAGGCAAGGACGGGAAAACTCTCGACCGCCGGAGTGACGTCTCTTTACAAATCGGCGTTCCACAAAGCGCCCAGCTGCCGGATGCCGTGCGCGAGGCCCTAAAAGGCAAGGCTGCAGGCGAGACGATTGAGCTCGATGCCTCAACCCCCGACGGCACTCCCGCCCACTACACGGTGAATGTGAAGAGCGTCAAAAAACTGCGCATCCCCGAGCTTGATGACGAGTTTGCCAAAGACCTTGGCCAAGAAAACTTGGCAGCTCTTCGCGCCCACGTCGAAGCACGCATTCGCGAGCAGGTCGAGGAAGAGAAAAAGGATCGCGCGTTCAATGCGGTCGTCGCCGAACTTGTGAAGAAAGTCGAATTCGACGTGCCGCCTTCGCTTAAAGCACAAGTTGAGCAGGACCTTATGAAGCGCGATCTCACGCACCTCTACATGACTGGCCGCATGCCGCAGCACGCGCGGGGTCTATCGCGCGAAGAGTACCGGCAACGAATCTCTGACGATGCCGACCAGCGGGTGAAGGGTTACCTCCTGCTCGACGCCATTGGCATCAAAGAGAACATCGAGGCGACCGAAGAGGACATTCAGGCAGCCCTCGAAGCCCGCGCAAAAGCCGAAGGGCGCAAGCCGCTTGCCGTGCGCGCTGCCCTCGAGAAGCGCCGCGAGTGGGATAGCTTCGTTGAAGAAGTGCGCTTCGAGAAAATCCGGAACTTTGTCCTCAGCAAAGCGAAGATCCGCTGGGTCCCACCCAAGCAGAGCGAGCAACCGGCCGAAGCCTAACGCCGACCACACTCGAGCGCACCTCTGGTGCCTTGTTTGGTTGCGAGTTTTCGTCGCGACCTCAAGGGAGTGTTGGCGCTTTCTTCGCTGTGGCTTATGTTTTTTTTCGTGTGCCGGTAGCCAGCGCGATTCTCTTCACCTTTGCGGGATCGAGTCGAGCAGCATTTGCACCCCGAAACAGTTGTCGCGGATGGCCCTTCCCCACACGAATCTCCGCCGAAAAGGAACCGATTGCGCTCACACCGATCGAGTTGGATCGCGCTGCCCGAATTCGGCAAGGAAAGGCCCACGCGTCCGGCATCCGGCAAGAGGCGGGTTTGAGCCTCTCCCCTATCGCTAAGCGAACAGCCCGTCGCGGGCGAGCGTTTCGTGGACGATGCGCCCGTCGAGCTCGTCGGTGCGGTAGCCGCCGATGGCGCAGAGCGCCGCAGCCGTACCCGCCGCCTGCCCCAGCGCTTGACAGACCCGCGAAATCCGAATAGCCGCTTGCGCCTCAAATGTGGCCGAAATGCACCGACCCGCCACAAGTAGGTTCGTGACTCCCTCCGGCACAAGGCAACCGTACGGAATGTCGCAGTAGTCGCCGGGGGCCAGCTTCATCTTCTTTTCCTCCAAGACCAGCCCCTCCCCCTCGCGCGGCGAGTGAATGTCGGGGGGCCAATTGTTGCGCGCGACCGCATCGGGGAATTTTCGGCCCGAGAGCACATCCTCCGCCGTCAGGGTGACGCGACCCCGAATTCGGCGCGAACTCCGCACCCCTAACATCGGCGCAATGCTCACAAGGTAGCAATTCTCAAAACCGACAAGGTACTTGCGGCAAAACCGAATGAGCTCCCGGATGCGCCGCCGCCCTTCCACGAGCGCCCGGCTAAGCTCAAAGGCGTCGCATGGATCTTTGAGGCGTAGCTCGGGACAATTGAAAGTCACCTCGCCCGGCCGACCGTCGAGCGCAAAGAATTGGAAGTATCGCATCGTCTCCGCTGAGACGCAACCATCCGCAATGGCTTTCTTTATGAGGGATTCGAGCTCTTTGGCCCCTCCACCCTCGGCATAGCTTACTGTGGGAAGTTCAACATGCGTCAGGCCTTGCTCGCGAAGAAAACGCGCCGCGCGTTCCCAGTCCACGTTTCCAAGGGTGAAACGAAGCGAGGCTGGCTGATTCAGCCCATCACTGGGCCGCCCGCTCTCGCAGGGGACTCCCGCCCGATAGGCAACATCCGCATCGCCCGTCGCATCCACATAACACTCGGCTTGGAGCGCGAGGCGTCCGCTTTTGTTCTCGACCGCAAGGTGGTCGATCCGCCCCGCCTTCACCTCCGCCGCGCTCAACCACGTGTGGAAGAGCACTTCCACACCGGCCTCCGTGACCATGTCATCCAGCACACATTTGAGCATCTCGTGGTCGAACCATGGCCACTCACGGGGCCCGTAACGCCCCTCCCTGCGCTTTCCAGCCGCACCAAGCGCCGCCATGCGGTCCCAGATTTCCTGTCCAATGCCCAAGGTGAGCGGCGTGCCATCCGCGAGATAATTCGGCGCCACCGGCCCCACCAACGCACCCGCTTGGGTGCCTCCCAAAAAACCAAATTGCTCAACCAACAAGGTGCGCGCGCCA
CP030759.1_gap70	2624850	2629335	4485	AGGAAGGCGCCGTGTAAAGATGAAAAAACGCGTTTCCATGCCACGCCGACGAAAAATTTGCTCTCGCGGACCCGCCTCCTCGCGCAAAGCACAAGCCTGTGTCCCCCTTTCCTCCGAGGAGGCGCAGTCACCGCCAATCGCGACCCAGAATCTATAAGCGCCCACAGGCCTCTCGAATCGAAAGCAGCGCCATTCTGCCCCCCGTATATTCTGAACGCTCCCTTGGCGCCTCTTCCTGAAGATCACTTTGTCCCCGTGGTTCCCTCGTCCTCCCACGGCAGCCAGCCCTTTTTCTGCAACCGATAGGTGAGAACCTCGTGGTAGCCGTAGACGTCGTTCATTGCGGAAATGAGTGTGGGACCGAACGCTGAGTAACCTCCTCGAAAAGTCGCCGAGCTTATGCTCCACACGAGATACCGATACTCCTGCCAAAAAGGCCCCGGTATACGAAGCAACTCTTGCGCACTAAAGAACAAGGGAAAAACACCAAAGTCGATCCCTTCTGGACCATATTTGCGATAAAATGCGTCGATACAAGCAAGTCGAAGGTCGGTGCTCATCCGCAGGAAGCGAAGCTCTTCCTCCCGTTGAAGCTCCCTTCCCAAATTCGTTAGGAGCCGGTTAAGTTCTTCGGAGCCCCCAACCAGGGTTCCGTCAAAGAATGTGAATGCATTTGGGTAACAGTCGGCAATCAACTCAAGCGCGGCTGCACGCACCGGTATGCGTCTGAGCTCAACCTCCCACAAGGTTGCGAGCTCGGGGAATGGGGGGCGGGGAAGACGTGTTCGTCCTTCAAAATCTGTGATGTCCCAGAGGCGTACCAACGGGCGGATGTCGCTCGTATCAACGCAGAACAATATTAGCAATGGCAAGTACGCTGGCGTTGGGGCGTTCAACTCAGGAGTCACAAACCGGTAGCCCGACCAATGGTCAAAGAACACGTTCCACCGCGCTGAGGTGGTGGCCGTATCTAAATACGTGCGTATTTTCGTCAAGAGTTCTTCCGAGCTTCTGCGCAGTCGATAACGTTCCAATAAGGGAGGAGTAGAAGTCTGGTTGTGAGCTTGCGTTGAAACTTCCAATGCCTCGAACCGCTGACTTACAAAAGGTTTGAGCTCCTCTGGGACCTCGCACCCGATGGGTTTGCCGAGGAGGACATCCTTGTAGACACCGATGATGCGCCGGGTGCGAAGCGCGAGGGCCTTCTGTTTGACCTCTTTCTGCTCCTCAGGGGTCCCGCGCACATAGACAATTGCCCCAGCCACTGACTCCTCGGGGGTATACAGAAACTCCGCTTTTTTCACCACACCGCGCGCCCACTCCAGTGACCCCGTTGTGTCCGGACTCAGCGCCCGTTGCGCCAATGCCCGACGCTCCTCCTGGGCCGGTAACTTGTCTGAGGCAAGCACCCTGGCCCAGTAGCCCGGAGGCTCGTCTAGCCCTTCATACGCCCACAAGAGCACGTCTTCGAGAAGGGCTTGGGTCGGAGCCTTCTCGCCGCGGTTGATCGCTTCCCCATCCACCAACTGCGCCCGCAACAACGCCCACAAACCGGGGTTCGCTACGCGAACCATGCCAACTCCTTGACCCTGCCCAGTCGCAACGAGAAGAAAAATTGTAAGAGCCCCGACGATGGCGGCTTTCCACCATTGGATATGCTGTCCCACTCTTCCTTCCGGGTTCCTCATCATCCTATTCGCCTCTCCAGTCCACCTTAGCGTGAAATGCGAAACCTTGGATCTTCCGGAAACAACCTGTGGAGTTGCTCTTGGCACGGTTTGATCCACTCCGAATTCGGAAAATACCGCAAGAAGGTCGCGAAAGCCTCTGGACCCCGCCGCGAATCTTTCCCTTCGAGCGAGAACAGACTTACAATCTTTATGAAATAGGCATGTTGGACATGCCAAAAGCCTGTCTCGGGAGGCCACAGTTCGCGATCTGGCGAGGCACTAATGCATTGCTCAGCGTATCGAAGAGCTTCCTTCATGTTTCCAACGGTAAAAAACCCCCGCGCTGCAAAGTAAGCAGCGTTTGCTTGCTCCAAAGTGGTCTGCTCATCTCGGAACTCAGTGAGAAACCGTGCACCCTCCTCCGCGACTTTCGCCCATTCATTGTGCCACTGGTAAGTCTCCAAGTACATCAGCCGGGCCCGCGCCTTATCCACCGGCTTCGTGCAAATGGCCTCCGCATCCTTGCAGAACTGCCGCACCCGCTCCCATGCTTCGAGGGGGATCGCCTCCCTCGCTTTCCATTTGCGGATGTAAATCTCAAACAGCACTCCCGCCGCCTGCAACGCAGCTGTCTCTTGGTAGTAGCGCGGGAGCTTAGAATCCATGAGCTCCAGATACGCCGCATGCGATTCCTCCCGCCGGTCGCCTCGATGGAGGAGCGCCGCCAGCCGAAGTTTACTCTCCAAAACCAAGCGCGACTGCGGCGCGATCGGCTCAAACAAATCCACAATCTCACGGAACACCTCGTAGGCCTCCTCGTCCCGCCGCTCTTTGATTAACAGGTGCCCGTACGAAGAATACGCTCGCCGGCCGGCTCCTGTATCCGGATACGTGTCCCAGATCCGCTTGAGCTCCTTGAGCGCATCCTCCACGCGGCCGATCTTCGCCTGCGACGTCGCGTCATCGTATGCCGCCGATGCCTTGAGCTCGCGCTCGAGCCGCTCCGCAAGCGACTGAGTTGTTTGCCCCGCCGCCTCACGCATCGCGATCTCCACACGAATCCCATACGACGAATCCGGATGCAGCGTCCGCATGCGCGTCGCCATCTCCAACGCCGTGGACGTATCGCCCTCCGCAAACGCAACCTTCAGCGCGCGGTACGTCGCCTCGCTCGCATCGTACGTTAGCGGATCCATCTCGATCGCCTGACGATAGCTTGCCAGAGCCTTCGCTCGATTGCCCAGCCGCTCCCAGCAGCGTCCCTTGCGGATCGCACTGTTTTGTGCCGTCGGGTTCAGCGCAATCACTTCCTCAAACTTCTGGATCGCCTCCGCGTAGCGCCCCTGCCGCTCCAGCTCAAGCGCCTCCTTGCGTTGTTTCTTTATAATTTCTTTCTGAGCAAGCACTGGCGCACATTCGGCACTAGACACACCCAGTAGGGCCAACATCAGCACTGCACACGCCGCAGTGCGGCAGACACCAGTGTGGTTTCGATCTTTGACTTGTACCAATCGCATGATGACTCCTCCTTCTTGCTTCCCTCATTTCTGTCCTGGTTCTCTAAGAAAACGATCTGTTATTCTGAGCGCTGTGTGAATCTCATTGCGCACAAACAGTAATGTTTTGACGTCGGGTGGGGGATAGCGACGTGCTTCTAAATTCGAATACGTGGGGGATACAGAATTCCCGAGGGCGTTGTAAAGCCACTCTAAAAGTACCTGATTCCACCGCGCCACTGAACCCAGCTCCGTTGGAAATGCGAGAATCACGGAGTATAGAAACCCTTGAATCTGAGGAGAGCTTGCGTCCCGGAGCAGCCGAGAGAGTAGTGGGGTGGGACCAACGACGTCAAGGGAGAACGGGTTTCCATACCAGTCCATAAGTTGCGCCAAGGTTCTGTCCCTATCGCTTGGATGTAAGTAGAAGTTCCTCCCAGCCGAGGAGACCAGATCATGCTTCCAAAGATTCAAATAAGAGTCGTCACGATCATCAAGCACATCCATCAGATACTCGGTATCCGTTGGCAGGCCACATTCGGATAGGGCTAAGAGGCAATCTCGACGAAGTAAGGAGTATACCGCATTGATTCGCGATTTCGCGAAGAAAAAGCGTTGCGGAAGGCCTCTGTATACGCGGGCATCTTCAATCACCGCCAGAGGTTGGAATTCATCGAGAAGCAGTTCGGTCGGGCTTTGGTAAAGCTGCTGCAAGGTTTTCACTGCCGCAGTAGTGTACGAAATCTTCCGGCGAGTATACAGGCCCCGGTTGAGGTAAAAGTCCTTGTAACCTAAAAAGATACCTAAAGTATAGTCGCTCGCAGTGTTTGCACGCAGCCACACGGGCCTTCGGAGCCTCGAGAACTCGGTCCCAGCCACCCACTCTCGCCTTTCAGCGAGAGGCACCTTGTCTATCTCAAAAGCAGGGGGGTAACGCCTCGCGAGCCCCCGCCACGTCGGAAACAAGTTGTAGTGGTAAGCCAAAAACGTGGCCATGCCTTCTCCGGGTGTCGGATCCGGCAGCTCCTTGCTCATTTTGAGGAGCTGATCTATCGCTTGTAAAACGGTGCTCGTGCTTTCCGTGTGACTCAAGCATGAATCTACGGTACGTGCCAATTGATGATTACCGTAACAAGCAATGGACAATAGTCGTTGCTTGGCCACCACTGTCGTCTCAGCGTTAACATTGCGCGCTTCGAGAAGAATCGTGATCTCCCTCTCTTGATCTTGAGCAAAACTTCCTGAGATAAATGAAGCCGCCAAAACGAGGTTTAGAAGGGTTCTTCGAACAACTCGAATGATTCGCGAAGTTGGGGGGG
CP030759.1_gap71	2641275	2644551	3276	CAAGGAACCCCAGCTTGGTCCCGAGATAGTGTTTAGTGTAGTTGTGATATTGGACCTCCAGTCCGAGAATTCCCAGGATGGGTTTAGTGGTGGTGGCGCGCCAGTGTTCATCAGGCGGTGCTTCTTCCAACAGTTCAATACAATTAGGGATTCGTTCTACTGGCGATTCAGAGACGTATACCCACACTAAAACGTTGGTTGTCTCCTTAGCATTTGCATCGAGGAGAATCGTTGTCCCGTCATCCCGAGTGTACACGGTTGTCCGTTGCGGGTTTTCGAGCTGAGAGGCAAGACAGTAAAAGCCCGGCTGTGTGAGAGTGACAGGGCAACCACCAAAACAGAATCCCCATTGGCTCGTTACCTCGTCCTCAATCTCCGTAACGCAGAATTCTGTAACATTCTGATCCAGCGTGTAGTCCCAACACATCCACTCGTGTACCAAGTAATCCTCATCGCTCCCCCCGATATTCAGCCCGAAAAAGCTTGCCCACTGCTCAGCGGTGGTAAAACCTGGATCTTTGCAACGCTGCTCTACGGTCGGAACCTCCGCCGGTAAGCCGCTTACGGTTATTGGTGGACCGTCTGTTGGTTGCCACGGCTGGCTGCACACATCGACTGAGAAGCAAGGATCAGGGGCTGGCGTTGGACTCGGTTGAGGTGTGGGCGTAGGATTATTCGGAGCCGTTGCTGCGGAGAGACAATTGCACATTATCGCAAAGAGAAGAACTCTAACGGCTCTTGCGATTTTCCCCGCGCACAGGGTTTGGAGCAGGCGCCCCGTGCTGTCCTCCCTGAAACTAACGGAAATATGAGGAGAGGAGAGGAGAGGAGAGGAGAGGGCGTTTATTCATCGTTCTTTCTCCACCACATTTCAATCTTCTCGGTTGCGGCCTTTAGCTGTGGCTGAGGTTGAGTGTCAACAAAAAAATCAATTCCACTCTAATTTTTCCGCTCTCAGCCTCAAACAAGGCGGTCGGGCACCTAAGCGTGAACCGTTCAAAAAGTCCGAACCGATAATAGTGACCGCCCCTCTCCCCTCATTCACTCGACCTTCCGTACGAGCGAAAAGGCGATCTCGGGGGAGGCTTTGAGTGTGACTACAATGCGGATGAGAAGCATCCCGAGCGCTTCGAGATAGCGCGCACTCGAGAGTGGGCCGCAGTCAACTGGGTCAAAGCCGGCGTCGGCCACAAGCAGCGCGACGACCTGCTTTGCCGCGCCATCGTCACCGCAGTAGAATCCGCTGACTTTCTGCCCCGCCACGCGGCACCCCTCGAGAGCCAGCACAGGCGAAGGAATCGTGTTCAGCGCTTTTACGACGCGTGCCTGCGGGACAAGTCTTGCAATCTCTTCGGACGCACTCGTGGTGAAACCAAACTCGAGATCGCTGAAGTCGGGTTTCACAGGATTGATGATATCAATAAGGATTTTCCCCTCAAGCGAGCCACATTCCTCAAGAGCTGATTTGCATTGCGCCCAGTGGGTGGCCAGAAGAACGATGTCACACCATGCTGCCGTCTCGCGGATGGAGCCGGCTCGAGCCCCGTGCCCGACCTCCTCGGCAAGGGCGCGCATTTCTTCCAAACCCCGCACATCGCTAAACATCACCTCGTGACCTGCGTGCGCCCAAAGGCGCCCAAGTCCGCCCCCCATTCGACCAGAACCCACTATCCCAATACGCATCGTCGCTACCTCCAAATGTGATGCATCAGATTTAGTCCATCGAATAGCTTTACCATGCCGCCTTTCACAGGACTCTGGCTGCAGGCGTCATCTTCGGAAGGCAACGATAAAGTCCGCTGCAAGGCAATATGTTTGCGGCCTCCTGCGAGAATGATGTGCGCCCGGCGGCAATCGGCCGCCTCCATTTCTTGGCTAAGGTCATCGGGAGGGAGGCGGGGACGGTGACGCGGTGGTTGCCTCAGCGTTATCACCCGCAAAGACGAACGTCAGCGAAGTCCAAATGGAGCTTTTCCCAAATTCAGGTGGGAGTGGGCCAAGGTTCCCAGTCTTGCGGAGAGCGTCGATCGCGCAGGCGTCGTATTGGGCAACTCCCGTGGATTTCACCACGCGGATGTTCTGAATCGTTCCATCGCGGAGAATCTCCCATTCGACAACACACGTCAGGTTGGGATCGTTGACTCCTGGCGGGACGGTGAAGTTCGACTGGATTTTCATCCGGGCCCGGGTGGTGTAAAGCATCGAAAGTATGCTTTGGTTGCGATCCAAGGGTAGGGGAGCGCCCTCCACACCTTCGGGAACTCCGGGAATGCCAACTTCCTGACCGGGCAGAGCCTCGCCCACCGTGGCGCCGGCAGGGGTCTGACGCGGTAGGTCCACTCCGGTAAAACGGTTTCCGCCCGGGGCCGCCGAAGCCAGCTCATAGGCACTGGCAATTCCCTTTTCTTTGGGTGTGGGCTTTGGCGTCTGCTTCGCAGCGGATTTCGTGGGAGTCCCCTTCTGTTGCGGTCTTGTGTTTGGACTAATTTGAGCCGTGGATTTCGCCGTCGCTTTAGTACTGGTGGCCCGCGGAGTAGGCGATTTCGTAGCTTTCGGTGACGCTGTTGCGGTAGGGGTTGCTCGAGGAGTGATTGCGATCGTCTTCGCTGGCGTCGGGGTAGGCGCCGCCGTCGGCGATAGGGTGGGCGTCGGCGTTAGCAACACGGGTGTTGGGGAGGACGCTGGCGTTGCAGACGAGACTTCGGGGGTTCCTCGCGCCGACTCTTGTGTTTGTATGGCGGTTTGTGTTGGTGAGGGTGTGACCGATGCCACGGGAGATGGTGTGGGTGTGGGCGACGCCGTGGGGGAGGATTGCGCTCCTCCAGGTGGCGCGGGGCGATTCATTGCCTCCACAACCTCTTTGGTCATCACGGCGTTTAGGCTCGTGCCTTTTGGGAGTATGACAAACTGTAGGTTTTTGTGCTTGCGCTCGGGCGCAAGAAATGTCCAAGCAGCCAGCATCGCGAACAAGAGGCCATGCAACAGGAGCGAATATTTGAAGTAGCGCACCATGGGCGCTTGTCACCTCACTTGCCCTCTGGACGGTCCATTGGCTCGGCCAAGGTCGAGGCCCCACTCGCAGGCCTGTTGGGAGCTGTAACCCGCCCCGCCTCCACAGGTAGCCCAACTGCTTCGATGCCAGCCCGGCGCAGAGCAGCCACCACTTGAATGAAGATGTCATAGGGCACGTCGCGGTCGGCTTGGATTTCTACCGAAGGCATGCGGCCGTTTTCGCGCTGAAGCCGAAGACGCATTTCGATATCCCGTAAGGTTACA
CP030759.1_gap72	2655890	2658836	2946	TCCCGCAAAACCTTGAGAAGCGCGGGCTCGTGGCAATAGTCTTCCACAAAGTATTGTTCACAAACAAACGTTGCGCCAAGAAACGAATCATCGTTCAGTCGGAAGTATCCCAACCCCACAAGGAACGCCATCGTCCCCGCTCCCCCGACCAGCCCCGTGGTCTCAGTATCCAAGAATGCGATCTGCGGCAACGCCACTCCACCAACTTCTGCATCTTGAACCACAACCTGAAAAAGCCGCCCAATGCATTGCGGCTTCGTGAGCGCTTCTTCACGAAGAACCCGAAACCAGTATCCACGTTCATGCGTAGCCTCACCCGTCGGGCTCACAGGAACCTCCGCAATTCCCCGATACACAGCCCCCTCGCCGATCTCGACGCGCTGAAAATGAGGAAGGACGCACGCAAGCGGAAGAGTGCGTGTTTCAGCTCGCGCCCGGCTTTCGCCCAACTCACTTGCAAGGCGCAATTTTCCCCCAGCGGCCTTCAGGGCTTCCTGAATCCGCTCCCGTTTCCGGCGTGCAATCTCGTCGAGCTTGTCTTCGAACGACATACCTTCCCTTTACCCTTCCCCCCTGATGTGGAATTAACATGTTCAGGCTCTGCACCCAACTCCCATTTTTGTCTTTGTCGGCCACTGCTTCTACTGTCCATAAAAACTCGTGAGGACCAGTTTTCCTTCATCTTTCGATCGCCTGGAACGCCGATCTGCCTTAGGGAATCCCCATTATGTGTTCAGAGTCCATGAATACGAACCAAATTAGTACTGTTTTTCTACGTGTGTCACCTAATCCGTTACTCGCAATCGCTTCTTACAGAGAACCGATCCTGCTTGCACACAATCCAGACTGTTTTGAAAATGGTCCGCGAACTCTAACGGGAGGCAATACCTGTGATTGAACGAAGAAAGTTCGGCGCAACCGACATGGAGGTCTCGATCCTTGGTTTTGGTGGCGCAGAGATCGGTTATGAAAACGCACCCCAAGAAGATGTAAACAAGCTCCTCAACGAAGCGCTCGACGCGGGCCTCAATGTCATCGATACTGCAGAATGCTATCCTAATAGCGAAGAAAAGATCGGCAAGGCCGTTGGTCATCGTCGCAAGGAATTCTACCTCTTTACGAAATGTGGCCACACTGACGATTGGAAAAGCGATTGGCGCAAGGAGTCGCTACTCGCCAGCATTGAGCGAAGCCTGCGGCGACTGAAAACCGATTATGTAGACCTTGTCCAGCTTCACAGTTGCGACGAGGCCACTCTGCGCGCGGGTGAAGCTATCGAAGCGCTCGAAGAAGCCAAGCGTCGGGGTTACACCCGCTACATTGGCTACAGCGGCGACAGCACAGCGGCTCTCTATGCCATCGAATGCGGACGGTTCGACACTCTTCAGACTTCTATCAATGTGGCCGATCAGGAAGCGCTGGAGCTCACTCTTCCGAAAGCGCGCGCTCGAAACATGGGCGTGATTGCAAAGCGACCCGTGGCCAATGCCGCATGGCGTTATGGCGACACTCCGCCCACCGAACCCTATCATACCGTCTATTGGGAGCGGCTCCGCAAACTTAATTACCCATTTACCCAAAAGCCGCTCAGCGAAGCCGTAGCAATCGCCTTGCGCTTCACCCTGAGTCAGCCGGGCGTCCACACGGCCATCGTGGGCACCAAAAAACCCGGACGCTGGCTCGAAAACGCTCGCGCACTGAGTGCAGGCCCCTTGCCGCAGCACGAGATCGAAAACATTCGTAAGCGATGGAAGGAAATTGCGCAGCCCGACTGGATCGGTCAGGTGTAGATCGTGGGCTCTTTCTCGTCTCCCCAGTGGGCAAGCGATTACTGACAAGTTTCACCAACATTTAAGGCCGAACGGCAAAAAGTAGAGAAAGGAGCAGCAACATGAAAACGCGATCAATCCTCCTCACAAGTCTTCTGAGCTTCGCAGTTCTCTCCACCGCTATCGCAGCCCCAGAAAGCTACACAATTGATCCAGTCCACTCATCCATCACTTTTAGCGTGCGGCATCTCGGCGTGAGCTCAGTAAAAGGGAGATTCACTGAGTTCTCAGGATCGATTTTCTACGATGAAGCCGATGTGACACAGTCGAGTGCCAGCGTCGTCATCAAAGCCGCCAGCATCAACACCGATAACCCGCAACGCGACGAGCACCTCCGTGGCGCGGATTTCTTCGACGTCGAGAAGTACCCTGAGATCCGGTTCCGCACCACCGCAATTCGCAAGGATGGTGACAAGCTCACCGCTGTCGGTTTTCTCGTGATGCATGGCAACACCAAGGAAATCGAGATCCCATTTGAGATCGTTGGGAAAACTACCGACCCGTGGGGCAAAGTCCGCTTGGGGTTCGAAGGGCACACTACAATCAACCGCCAAGACTTTGGGATTTCCTATTCTAAGATGCTCGACAATGGTTCGCTCGTCATCGGTAACGACGTAAAAATTGAGCTGGCGATCGAGGCAACCCGGAACGAACCAGCGGGGCCTCCCGCAAAACCAGCAAAGGAAGCCAAACCGGCTGAAGCGAACGAGAAACTGACATCTGAGAAATCCGACAACTAACGCAGCCACAGCTCCAGCGCCGGGCACTCAAGGCCGGATTCCGAACTCACGTGGTCTTGGCTTATTTAGAGGACTCGGCTGTATTCCTCCCGAGGCAATCGCCAAACGGTCACGCCGCAGAAGCGATCGCCCTCGGGACAATAGGGGTTCTTGCGGGCTCGGGCTCGAATGGTGCATGGTGGCAAAAGCCAGCGCCCAATCTCGGGGTGCACCCTCGTAATCGCCTGCGCTTCCTCCAGACAGGCGCGCCAGATCTCTTCTTGAGCATTGTAGCACAACCGCATCGCCATTTTGTGATGAAGGTTCAGGAGGTCCGCGGACTCCGTAAAACGGACGTGAACTGCATTCGGCAGCAAGTACGCAGCATCCTCCGGGGA
CP030759.1_gap73	2677522	2682350	4828	GCAAGAGATCCTCGAGCGCGTCAGTCGCTTCGAAGGCGAGTACCGATGGCAAAAGCTGCGGCGTTTTCGGTATGAGGGCGATCTCCAGTTGGACGACTTCGTGCGGCGTCAGCTACAAGATACTCAGTACATTGCTCGTGTCGTGCGTCGCTACTTGGAACTTCTTGGAGTTCCGGTAAATTGCACGCGGGGCCAAGTGACGGCCGCCCTTCGTCACCTCTGGGGATTGGATAGTATCCTCGCCCGCGATGGGAACAGCGCGAAGAACCGCGACGACCATCGCCACCATGCGATTGATGCTGCGGTCATCGCCATGACGACTGCCAAGCATCTCCACAACCTATCTCGTCGCGAGCATTTCCGCCGCAACCGAATGAACTTCCCCGAGCCGTGGCCCGGCTTCCGTGTGGCGGTCAAACATGCGGTGGATTCTATCGTTGTTTCGCATGCCCCCACTCGCCGCGTGCGTGGACCGCTCCATGAGGAAACGAACTATGGCCTCGCTGTACAAGAGAAGCAGCAGTACGTCTACCGGAAACCACTTGAGGAGCTCTTCACCAGCGAAGTCAAATCAATCCGGGATCCGAAGATCCGCCGTATGGTCACGGAGCGACTTGACCAAGTCTGCCCAAATCGGCGCGAAAAAGGCCGAGACTCTCTCAAAAAGCTAAAGGCCTTAGAGAACCCCATCCTTCTACCAAATTCAAACGGTGAGCCAATCCCTGTCCGGCGTGTCCGTCTCACCACGACTATCGGCAACGCCATCGGCTTGCCGCGCCAAGCACCTGTGCGTTACGTCAAACCGGGCGAAAACCACCACATTGAGATTTTCGAGCGCATGGACAAAAAGGGCCGAGTCCGCCGCGAGGTTGTCGCTGTGACGCTATTCGAGGCTGCCCAGCGGCTTCGAAATCGTCAACCCGTCGTCTCCCGCGTTCATCCCCAGTACCCAGATGCGAAATTCCTCATGTCGCTTTGCAAAAATGACATGGTGCGCATCACGTGGTTGGAAGATGTGAAAAATGCCAAAGCTGGAGAGACGCGGATTTATCGGGTGCAAAAGTTCTCTGTCTCAGACGGCCGGCCGGACATCATGTTCCGCGAACACGGCTCAGTCCGGGCTGATGACATGAGTCACTGCGAACGGGTCACGGATCTTTCGCCACGAAAGCTATTACTTGAGAAGATCACGGTTAGTGTTCTCGGGGAGGTGGAGGTAGCCCATGACTGACCGGACCATCGAAATCTCAGGCTTCGACGCTCATCTGACCGCTCGCCTCAAGCAAATTCAGATCCGACACGAGGGTGAGATCGTGACTACCATTCCAGCCGAGGACATTGGTATCCTCGTGGTGGACACCCCGAATTCAAACTTTACGAACGAAACGCTCGTTTCGATTGTGCGGGGCGGTGGGCTTGTGATCCTGTGCGGTTCGGACCACTTGCCCGCCGCCTACGTCGTTCCTGTTGTGGGCAATTCGCTTCAAGTGCAACGTCAGCAACAGCAACTTGCCCTGAGCGATCGCCGCCGCAACCGCCTCTGGAGCCACATCGTCCGCGCCAAAATCCAGAATCAAGCGCTCGCGGTGGAGGATGCGACTGTGCGTCAGCGACTCGAGATTTTGGCTGAGCGGGTGGGTTATGCCGACCGCACGAACTGCGAAGCTTCCGCTGCCCGCATCTATTGGCCGACAATGGTCGGGAATCCGAACTTCCGACGCGAACGCGATGGGCCGCCACCCAACTTGTTCCTAAATTACGGGTATACCGTCCTGCGCGCCGCCGTGGCTCGCGCCCTTTGCGCCGCGGGCCTCAACTGTGCATTCGGGATTCACCACTCGAACCGAAACGCAGGGTTCTGCCTTGCCGATGATCTCATGGAACCGTTACGCCCGTGGATTGACCTTGCGGCCGTCGAACTCCACCGCAAGGGACTCACAGAGCTCGACAAGACAACCAAAGCCCGCCTCCTTGGGGTGCTCTATCAGCCAGCGTGGTTCGGGGAAGAACGTTCCACGGTGGGCAATGCAATTCCACGGATGGTGGGCACACTTGTGCGCTACTACGAGCAAGCCACGGAGGAGGTCACCTTCCCACGATTACCGGAAAAGGAGGACCGACACATGGGGTCAAGCGCGAGCGGCTGCGTGCCCGACGCGAACGAGAACGACGGGCCCTAATCCAGCGTTGGAGTGAGTGGCGGACCGTGTGGACCTTTGTGATGTTTGACCTGCCCGTCGCAACACCTGAACAGCGTCACGACTATGCGGTATTTCGCAAGCGCTTGCTCGAGCTTGGGTTTACGAAGCTCCAATACTCGGTTTATGCCCGCTTTCTTCCGAGCGAAGAGAAGGCGGAAGCGGTGGTGCGGCGGGTACGCGAAATTCTACCGCCAGAGGGGCAGGTCCGCATTCTCGAAATCACGGGTAAGCAATTCGAAAAGATGCACGTTTTCTACGGAACTCGACAGCGACCGCCCGAAAACCCACCTCAACAGCTCGAATTATTCTGAAAGATTCACACCACAAACACAAAAAAATGAGCGGCCTGCGGCCGCTCTATCGTAACCAAACTTTCCCCGAGGTCAATCCACAACTGGGTTGATGCCATATATTTGGACAGAAACATCGTAACCAAACTTTCCCCGAGGTCAATCCACAACCGTCAGGTTCAATGACGAGCTCACGGTAGAATCGTAACCAAACTTTCCCCGAGGTCAATCCACAACGGGATGGTAGTGTTCTTAACTGGTGTTCTCATCGTAACCAAACTTTCCCCGAGGTCAATCCACAACGGTAGTGTTAGGATACGCTGGCGGGGAGAAATCGTAACCAAACTTTCCCCGAGGTCAATCCACAACCCGCGTGCAACACTTCTCTCAACCTCGCTCATCGTAACCAAACTTTCCCCGAGGTCAATCCACAACCCTCTGCTCCTGCGGTTGTCATCCCGCGCTATCGTAACCAAACTTTCCCCGAGGTCAATCCACAACCTGGGAGATTCCTTGAGCGCGAATCGATCAATCGTAACCAAACTTTCCCCGAGGTCAATCCACAACATCGCGGAGGCGCTCGCGCACGCGCCCGCCATCGTAACCAAACTTTCCCCGAGGTCAATCCACAACCTTGGGTTTAACAAAGCAGGGAGGCCTTTAATCGTAACCAAACTTTCCCCGAGGTCAATCCACAACTAACGAATACAGCTTCACCCGCCTTCAGCAATCGTAACCAAACTTTCCCCGAGGTCAATCCACAACGCTCGGCCTCCCTGAACAGTGCCCGCGGCAATCGTAACCAAACTTTCCCCGAGGTCAATCCACAACTAGCATCGACAATATACCTTGCAATGCTTTTATCGTAACCAAACTTTCCCCGAGGTCAATCCACAACAGTGGGGGCCATATCCCCTGAAACCGCCGCATCGTAACCAAACTTTCCCCGAGGTCAATCCACAACTCGTCGACGGCAGCGCATCAGGCGAGGAAAATCGTAACCAAACTTTCCCCGAGGTCAATCCACAACAGAGCGTTCTCATAAGCCTCGCGCAAAGGATCGTAACCAAACTTTCCCCGAGGTCAATCCACAACTGATGGTCGTATCAGATGTGTCGTTTCCATAATCGTAACCAAACTTTCCCCGAGGTCAATCCACAACCAGTGCATGGTTGCTTGGTACTGGTCGTTTATCGTAACCAAACTTTCCCCGAGGTCAATCCACAACTGCTGATTATGAGATCATATTAAGCATAAAATCGTAACCAAACTTTCCCCGAGGTCAATCCACAACCCTTGGCCGCATCCTTGACCGCATAAGTGTATCGTAACCAAACTTTCCCCGAGGTCAATCCACAACACTGTAACGAATGAATGTGGGGAATTCATTATCGTAACCAAACTTTCCCCGAGGTCAATCCACAACGAGGCGCGCGATGTGCTTTGCGAGCCACTGATCGTAACCAAACTTTCCCCGAGGTCAATCCACAACTTCCTGCGCGATGAGGTTCAGGTGAGTGGTATCGTAACCAAACTTTCCCCGAGGTCAATCCACAACAGAGAACGATAATGACCTATACTGTCGCCCATCGTAACCAAACTTTCCCCGAGGTCAATCCACAACGGTGTGTTAACATGATAACGCACGCCAAGAATCGTAACCAAACTTTCCCCGAGGTCAATCCACAACGAACCCCTTCGCAAGGTTAAAAGTTCATTGATCGTAACCAAACTTTCCCCGAGGTCAATCCACAACTTGGTGCTATAGTTCGGTTTGCGGTTGGGTATCGTAACCAAACTTTCCCCGAGGTCAATCCACAACTCTGCCGTGCGGCGGTTTTTATTGTGCTTCATCGTAACCAAACTTTCCCCGAGGTCAATCCACAACTTTCAATGGTTCGCTTTGCTCTTCCTTTTATCGTAACCAAACTTTCCCCGAGGTCAATCCACAACGGTTGCGAGTGACATTCAAACGACACTAACATCGTAACCAAACTTTCCCCGAGGTCAATCCACAACGCCGCCTGCAGTATACGTAACGAAACCAACATCGTAACCAAACTTTCCCCGAGGTCAATCCACAACCGAAATACGGTGCTTCGCTGCTTGCCGCTAATCGTAACCAAACTTTCCCCGAGGTCAATCCACAACGGGGGACGAGTTGGAGCTTGATTATGAGGTATCGTAACCAAACTTTCCCCGAGGTCAATCCACAACTCGAGGCTGCGTGTGTTAGCCGCCCCGCAGATCGTAACCAAACTTTCCCCGAGGTCAATCCACAACCCGCCGCGGATACTGTGGGCGCTCATAGGTATCGTAACCAAACTTTCCCCGAGG
CP030759.1_gap74	2704834	2706401	1567	CCACCCCGTGGGCGCGACGGGCGTCTCGCAGATTGTCGAGCTGGTTTTCCAACTGCGCGGTGAAGCGGGTGAGCGCCAAGTCAAAAACGCCAAGCACGGTTTCGCGCTCAACTTCGGGGGTTTTGGTAACAACGTTATCGCCACGATTCTGACGAAAGGGGTGTGATCCGCACTATGGCCAACAAAGTCGTCAACGCAGCGAAATGCCGGAAATGTGGCAAACTGACCTACCCGACGCACTTCTATTGCCCAGCGTGCGGAGCCACCGAGTTTGACGCCGTGCCAATCGAAGGCGAGGGGCGCCTCCTGACGTGGACGCGCTGCTACAACCTGTCGCTCGATTACGATGACCTGTTCATCGCATTGGGGATCGTCGAGATGGACATGGGGATTCGCGCTCTGGGGCAGTTGCGAATTGAGGAACCGCGGACGGGAATGCGGGTGCGCGCAACTGTCGGGCCAGTGCGTGACGTCAACGGCCGCGACGTCTATGGGCTGATATTTGAGTCTGCCGAGCCGGTGGCTGCGGAAGCGTAAGGCCGCTGCTCGGCATGAAAAGAACAGACGTGCTGGACACATGGGCCGCGTTCGGTACGTCCCCGGCGGGCCTTGGTCGGTGTCACATGCCGACTGGGGTCCGCCCCAAACGGGGACGCGTCCGGTGGCGCGGTGGGCTATGTGTTTGGCCGAGGAGGTAAGTCATCATGCCCATTCAACGTTACGAACGCCCCACCACGCTCGATGGGGCGCTTGCCTTGCTCAGCGAAGCCGCCGAGAGCCCACCCGTTATCGTTGCAGGTGCCACCGATCTTGCTGTCGATGTTCGCCGAGGTCGTGACGTTCCCTTTGTGGTGGACGTCAAACAAATTCCTGAGCTCAATGAGTATAAGTGGACGCCCGACGGCGCCCTTGTAATGGGGGCGTGTGTGACCATGAAGCACATCGGCGCTGATCCGCGCGTGCGAGAGCGCTATCCTGCCCTTGCTGCGGCAGCCGACGACGTCGGTTCCTACCAGATTCGTTGTCGGGCGACCATCGCCGGCAACCTTGGGAACGCCTCTCCGTGCGCCGACACCGCACCTCCGCTCCTTGTGCTTCAGGCTCGCCTACGTCTCCGCTCACGCTCAGGCGAACGCGAAGTCCCGCTCGAGAAGTTCTTCGTCCATGTAAAACGCACCACGATCCAGCCGGGGGAAATCATCACCCATGTGATCATTCCACCACAGCCGCCCGGCCTTCGGAACGTATTTCTAAAGATTAAGCGAGTGCGGGGCCACGATCTTGCGCTTGTCAATGCAGCTGGTGCCTTCGACCCCGTCGCCCGGGAGATCCGCCTCGCGGTAGGGGCCGCTGCCCCCACGCCGATTCTTGTGCGCGGGTTGGAGGGGATCTGCCCCGAAGGCGCATGCCCCGAAGAAGTCGGTGAGGCCTTGGCGGAGCGGGCTCTGGCCGCCATCAGCCCCATTGACGACGTGCGCGCCAGCGCAGAGTACCGCCGGGACATGGTGGCCACTATGTGCCGGCGCATTGCCGCCATTTTACTCGAGCCGGACGCTCACTAAGGGAG
CP030759.1_gap75	2716036	2716695	659	TGCTGGTCGCAGCGCTACGTCCGGGCGCCGTTCCCAGCCTCCCGCAAGATCTTGCACGCATCCTTCTCGCATGGGTGCTTGTGCCTGCCGTGGGTGCAGGCGTTTTCATGCGTTACCCCAATTCCACTTATCTTTATTGCGCGTTGCCGGCCACATATCTGTTTGTCCCTCTTGCGCTACGGGCCGTCTCGGCATGCCTGCTTCGGCGTATCATTGCATGGCCCAAATCTGCCACAGGGGACGGTGGTGAAACCTCGGCGGGCTCCTCAGCGGAGCGGACCCACGAGCTCAGCAATTATCCAGCTTCGGTCCCCAAGGAGGGTATTCGCTTCAGGACAGTGGGGGGTCTTACCCTTGCATTAGTGGCACTGGCCTACATTTCGTTTCAGCTTGCGGTGGTCCGGGAACTTGATCGCGTGGGGCGCGTCGATGGCCCCTATTACATCCCGCTTGCAGAGCAGGTCGCTCTCGTTCAGGACCTCAAAGCCGCAGGGGTTCGCAGCGGGCGATTCGTGCATTTGGCGGGTGGGTGGTTCCAGCGCCCCTACGATTATCTTCTCGAGTGGCTCGCTCCTCGTCACCTGACGGGCTCCACAGAGGCACCAATGTGGGGTGTCGCAGAAGACCTACTTTTGCGCCGGAGTCAACCGAAGCTACAA
CP030759.1_gap76	2775321	2778847	3526	GAACCCCAACCTGCCCGAGGTGCAAACGTACGTGCGAATGGTCGTCCTCGACTTTGCGACACGCTACAATGTGGACGGAATCCACTACGACCGCATCCGGTTTCCCGGCCCCAAAGTCTCGGACGATCCATGGAGTCTTGCCCGTTTCCGCAACGGCGCGAACCCGAAAAGCCTGAACTACAACGAGTGGCAGTGCGAGAACATCACCAAGATGCTGTGCGACATCTACGGAGCGGTCATCGCGGTAAAGCCCAACATCAAATTCACCGCGGCCGTCTGGGGCATTCACGACAAGACGCGCATGCCGCAAGGCAACGACAGAGCTATTGGCTATAGTTGGACAAGTTCGGGGCTACAGGATTATCACCAAGATTCCATCGGTTGGACCAAGCGCGGATGCATCGACGCGCTCATCCCTATGATTTATTGGGAAATGGGTGACAAGAAGCCGGACTACGACGAGCTTCTCGCATACTTCGTGCAAAATGCAGCAAACGACCGCCACATCTATGGTGGACAAAAAGTCTTCAACGACGTCGAAATGCTGCGTCAGGCGGTCGCGACCCAGCTGGTTGGCGGCAAGGGCACCTGCCCATTTACGCTCATGCGCGTGCACGAAAAAGGACTGATCGGTTTCTATCGTTCGGCGATTTTCCCGGATGATGTGCCGACTCCGCCCATGCCTTGGAAAACGCAACCTTCAAAAGCCGTCGTACTCGTCACCGTAAAAGACCAGAAAGGCATGCCGGTCCTTGACGCTTACGTAAAGACGCCCGGTCGCAGCGATGTCTGGCTCAGCTCGGCTGATGGTTTCTGCGCGATCCTCGATGCGGAACCCGGCAGCAACGTCACCGTGACAGCAGAAAAGGACGGGGTTGGCAGGGGCGTCAGCGAAAGTTTCAACGCAATTCCGGGCAAACCCGCCCGAGTCACAGTGGTTCTGAAGTAGCCTTGCTGCGGTGGCGTGGCAGTTCTCAGCCTCGGTATGAGGCTGTCGGAAGAGTGTGCGCTATGAAGCGCTTCATGCTTGATTGAAGAAAGCCGGGACGTACGGGGGAGAGCCCGGCCGCGAGGGCGCTCACGCAGTAAATCCAACCGTATGGATCCGAAACGCTGGCTCCGTGCGGAAAATCTCTAATCGCCGGAGCGAATGCTCCTGCAGGTAGGGAGCGTTGTCGAAGAAATCGATGATGGTCGCGTGCTTCTTTTTCGGAGCAGGACGAAGCGAGCGTCCCACGCGTTGAAGCGCTCGCGTTTCACTTTTGCCCCCACTCGCTAAGATCACCGCGTCGAGCGTTGGAATATCCAACCCTTCATCCGCAAGCGTCGTCGCGATCACAATTTTGAGAGATTTTTTCCCAAGCCGATGGAAAACCTTCTGTCGTTTTTCTGCCGAGTCGGTTCCTTGCACAAGCGGCGCTTCCGGCATGAGTTCGCGCAGCACTTCGCCATGCGCAACTTGCGATACCAACACGAGCACGCTCTTGCCCTCCTCGGCCAACGCCCGCGCGTGCTCTACAATCATTGCGTTCCGCTCCGGATTGTGGATGATGTACTCGCGGAAAATAGTCGCGTAGTCCGGTCGGCGGGAGGGCGCAGTTCGGTAGGGCGAAACGGCATAGAAATAAATCTCTGGGGGAACAAGATAGCCCCGCTCGATGAGATTGCTTGCCCGTGCACAAAAGATTTTCTCGCCGAGCGCTGCTTCCAGCAACATATCCAGTCGGTCTGCTCGATAGGGCGTGGCGCTCAGCCCATACCGATAGTGGGCATTCTTGGTTTCCATCGCCAGCGCATAGCAGCATTCGGCAGGCAAATGGTGGCATTCGTCAAAGAAGACGACCGGACATGATCGGACGAATTCCACCACGTCTTTCGACTGAGCTGCAACCTCCGTGGGGTCGTCCTCCAAAGGCTCATCGTCATCTGGGGTGAGCCCAACATTGATCCCGAAAGCCCGTGAGCAGGTTTGAACCGTAGCTACGGTCACAGGTTGGAGATCTATCTTTCCGTCTCCCACCTGACCAATCTTGGAGCTCAGATGTTGGCGGAACACCTCGCGTGTTTGGTGGAGTAGGTCGCGCGTGTGCACAACAAACAGAGTCGGAAGTCCCAGCTCATGGATGAGGCAAGCGGCAAGCAACGTTTTCCCAGCGCCAGTTGCCAGCTCCAGCACCCCCCGGCGCGCATTGAGGGCAGCTTCAACACATGCTCGCTGATAATCCCGCAGTTCGACAGGCGGGCGCTTGAACGTCAGCGTGCGTTGCGGCACAGGAGTTTCTTCGATAAATTGGTAGGCAACCCCCTCCGCATTTAACACGGCGCGGACACGAGGCAACAATCCTGCAGGGAATTGCATCCGACGCCGATCGAGCAGATGACGTCGCCCATCCCAGCGACCTTCGATGAATCGCTGAGTATATTGGTATCCGGGCAGGAAAAACGACGTAGCCGCGTCAATCTTATCCAACGGCAAGTTGTCGCCTTCAAGCCGCGCCATCACTGGCCCGGCAATAAGCCGGACGCGATAATTGCGGATTCGGTAAACTTGGTAAGCTCGCCAAAGCTTGGGTGGGATGTCTGCGCGTGTGAGCTCGAAGATCTCCATCACTTCGAGTAGGTGGGCAAGGTGAACGAGCCAACTCTTCGTGTCCGGATCCCACCGCCGGTTCCCCAGATTCCGTATTCGACGCACATAATGCAGCTGATAGGGGAACTGCACCGAAAAGAAATCGCCTTGCTCGTAGGACAACTGCGCTTTCATTGTTGGTGGCTTACGCTCCCCGGATGGCACACGCAGCTAAGCTATGTGCATCCCATGCTACCAAATGAGTGCCCCGTTGGGCATGTTGCTGGCCGGCATGTTGGGCGCGCACCCCATTCGCCATAGCTACCGGCGAAACTTCTTCCTACGCGCAAAGCCTATCTTGCACTTATTCGCATAATGGCGACTGTTCAGCGACAGGCCCGTTAGCTGGTCCTTTGACGAACAGCTGAGCCCATCAGCTGGAAGCCGTTGTTAGGCCACGTCTACACTGCGTTTACAGTCCGATTCAGATCTTTTCCTGAAGCTCTTCAATCGTAAGCTCACAGTCACGCTGAATTTGGGCTACCAGGCCACGTCCAATTGTTTCACCCCGGTGCACTGGCACTACCGTGCAACGCCCGTCCTCGTGTCGAAGAAAATGATGGCTACCTTTCACCCGAACCTCCACAAATCCGAACTGGCGCAATGCCCTGAGCGGTTGCGTGCCGGTGACCGAGGGAAACCTACTCATACCCAGACGGCCACACGTTGTACACCGATGAATTCGTTTGCGACTGGCTCCTCAACTTCCAAGCAGAGTTCGATCGCTTCTTTGATACGCTTCAACAGCGTATCCAGTGATATTGCCTGCGTATGACACCCACGCAAGGCGGGCACCGATGCCACATAGTAGCCGTCTTCGTCCTTTTCAATCACTACGCTGAACTCTCGCACCATCTTAAATGTCTCCACGCCGCTCGTCTGAAGGGCCTCTTCCCC
CP030759.1_gap77	2786797	2791088	4291	ACTCTTGAGGTGAAACACTAAGTTGTGGGCGCCCTGCCCAAAGAACACCGTCAAAGTGCCCTCGATCCCCGCAATCTGGAAACGCGTTTCCACGTTGCCATGTTCGTTCATAAAATTGATTTCCCGCGGGGTGAGCAGGCGCTCGATGAGGGCCTGAGTGTCATGGAACGTGAGGGGGCGGGGGTGCAACGGTGGCTGCAATTCTCGCCCGACACGAATCACGGGCGGATTTCCCACGAGAAACAGCAAGGTGTTTGCCCCCCGCTCATGCGCCAACGCGATCATTTCCTCCAGCGACGGATAATCATGTTCGGCCACTCCGCCCAATCCTCCGCTCGCATGTTCGGGAAAAACCAGTAGGCAAAGAAAAATGCGCGAGATGCGACAGAACTCAGGCCGATTGCCAAGGGGCGCTGCGGCCCAAAGTTCCTAAGCCCACACGGGCGGCGGACAATCGTCCATTTCCCGCCACGGTGAAGCCACTAATCATCACATTGCTGCCCGATCCACCGCATTCTCGCGCAATGTTAAACTACATCCCATGCAAAAATTGCATCACAGTCAAGCCCAATTTCGCTATATCTCCTCGCAGATCTTCTCTCCTCCACTCAGGCTCCGCCACTCAACAAGGCTTTTTGAAAAGCCCGGCCATTATCCTACCTGTGTGCACCGCAGGTACGAGGCATGCCCCCTGAGCATAGCCGTGAGCCTCAACGCCCCCGACAGATAAAAGCCCGATCACAAACGCTACGTTTTTGCACCGCCAACAGCTTTCCCCCTGAGGCTCAGGGAGCACCCACCTCGTCCCGAATCCGAACCCCAGCAGAGTTCCTCTTACCGCACCTTTTCCCCTTTGTGCGGACCCGGGCATAGGATTCTGTGAGCAAGAGAAAACGCAAATGCCGCGGAAGGATTTTTTGTTAGCCGCATAGCCGCAGCGACTGGAAGTGAAACCGCGGTGCGACCGTCCAGATCATTTTACGACTTGGGAAAGTACCGTGGTCCATGGTCAGACGTATCAGTAGGGAAAAAATACCCTACGCATGGGGAAGCGAGCGCAGGACGGAGGATGACTATCGACAATGTGAGAACAATACCCTGCACATCGGGCAACGAGGCTAAGGAAAACCGAATGGAGATCGCGGCACGTCATCAGCCCGCCACCGATTTCGCAGCCGGTCTCACATAAAAGGGGCCTTGCGCTTGGGGCCCAATCCACGCCCCCGTCACGCTCCCTTACGGATGGCTTGCTGCGGAAACATCGGGCAGCTCACAAATTTGGGGTAATGGACCTAACGCCTTTTCGTCTAATGGTTGGCTGAGGGGAGCAATCCTGACTGTTTGCGCCGACCCCAAGTGTGCGGAAGCGGATGGGGCGGATTTTGTGCCATAAGATATTTGGAATCAGTGATTTATGCGCGACGAGCAGAAAATGAGGTCTGCGCAAAGTGTAAGTATTGGTTTATCAGTATTCTGTGGTTTTATCCTGCGAAAAACATGGAATTGGACGATTTTTCTTGACGAGGTCTGCGCAAAACGCCCAAATCGCAGTTGATAATACTGGGGTTAGAAGCACCCAGTCGCGCCCCGCGCGGGCGCGTGGATTGAAACACTCTGTGCTTGCCTCGATTTTGGGCGTTGCACAGTCGCGCCCCGCGCGGGCGCGTGGATTGAAACCGTGCAGACGATATTTGAGTATTTGCCCCACGCCGTCGCGCCCCGCGCGGGCGCGTGGATTGAAACACCTCGACAACTACCGGATTACCAATCACCATCGTCGCGCCCCGCGCGGGCGCGTGGATTGAAACATTCGGCATGGAAAAGCTATCGATATTATCCGTGTCGCGCCCCGCGCGGGCGCGTGGATTGAAACGCGAAATGAGTTCCATATAGCCAGACTCAGTTATGGTCGCGCCCCGCGCGGGCGCGTGGATTGAAACCAGCGTAGAGCCGGCCAATGGAGCGTATGGGGGCGTCGCGCCCCGCGCGGGCGCGTGGATTGAAACGTGGGCGTTTCTGTGCGATATGACGGGCTTGCATCTGGTCGCGCCCCGCGCGGGCGCGTGGATTGAAACACGTAGAGTGCGACCTTGGGGAATCCCGCAAAGTGTCGCGCCCCGCGCGGGCGCGTGGATTGAAACATCCGGCCCATATGACTCGTGCGCTGACCGTGTTCGTCGCGCCCCGCGCGGGCGCGTGGATTGAAACCAGTACGGCTGGCAAAACACGGCGTGTGCAGGTGGTCGCGCCCCGCGCGGGCGCGTGGATTGAAACCTCGTAGTAGGTAGGCGGCCCGCGTCAGCGACCGAGTCGCGCCCCGCGCGGGCGCGTGGATTGAAACCTTAGCCGCGCCGCGCAGCCCCTGCCCCCCTGCGGTCGCGCCCCGCGCGGGCGCGTGGATTGAAACGGCCTGCCTTGTATACGGTTGAGGAGCTCGACGAGGCGGTCGCGCCCCGCGCGGGCGCGTGGATTGAAACCGCGTAAAGAAAGGGGTAGGCAAAAAGAGATCCCGGTCGCGCCCCGCGCGGGCGCGTGGATTGAAACCTTAGCCGCGCCGCGCAGCCCCTGCCCCCCCTGGTCGCGCCCCGCGCGGGCGCGTGGATTGAAACCTGCCCTGCCACTCGCACAAAAATGCCGTCATCAAGTCGCGCCCCGCGCGGGCGCGTGGATTGAAACTCAGTGTGTGGATGATAACGCAATCGAGTGTCGCGAGTCGCGCCCCGCGCGGGCGCGTGGATTGAAACATGCCGGACATGAGGAGTAAATAACCAAACAAGTGTCGCGCCCCGCGCGGGCGCGTGGATTGAAACCCGGTGAGTCCCAGAGAAGCAATGCGCAGATGCGTCGCGCCCCGCGCGGGCGCGTGGATTGAAACTTGTTTTCCTGGTGATTTATTTAGGTCATTCGGTGTCGCGCCCCGCGCGGGCGCGTGGATTGAAACTAACCGCATCATCACACCTCCTCTGCTTTCTCAGTGTCGCGCCCCGCGCGGGCGCGTGGATTGAAACTCTGGGACTCGCCGGCAAGCTCCGCCGAGCGCAGCGTCGCGCCCCGCGCGGGCGCGTGGATTGAAACGCGTGTTTTGGGTGTAGTTCTGTTCGTGTGTGAAGGCGTCGCGCCCCGCGCGGGCGCGTGGATTGAAACGTCACCACTACTCCCCCACGCTTTGCCCAGCGAAGTCGCGCCCCGCGCGGGCGCGTGGATTGAAACGGTCAACCCGCGCAACAACCAACCAATTGCAAAACGTCGCGCCCCGCGCGGGCGCGTGGATTGAAACCCTCAACCTCATCCGCACCAAGGCCCAACACACGTCGCGCCCCGCGCGGGCGCGTGGATTGAAACCTTGTCAGTAATTACGAAGCCACACAGCTCGGCGTCGCGCCCCGCGCGGGCGCGTGGATTGAAACGTCTGAGATACCGATAGACGATAATGGTACAAGTCGTCGCGCCCCGCGCGGGCGCGTGGATTGAAACCAGTGTTGGGGTGCTGCTGCAGCAGCGCAAGACCGGTCGCGCCCCGCGCGGGCGCGTGGATTGAAACAGCTGTCGAACCAAGCGGAGCTCACGGGGGAACCCGTCGCGCCCCGCGCGGGCGCGTGGATTGAAACTGTGTGGTGGGACAACGTGAGCGACACCGACATGATCGTCGCGCCCCGCGCGGGCGCGTGGATTGAAACCCATATACAGCAGCTCATCTTTCAGACCAAGTGGTCGCGCCCCGCGCGGGCGCGTGGATTGAAACGCAACGAGTTGCCACTACCTGTTGGTGGCGAGATGGTCGCGCCCCGCGCGGGCGCGTGGATTGAAACCTGGTGAAACAAAGCAAATCAAGGCGATTGCTGGGGAGTCGCGCCCCGCGCGGGCGCGTGGATTGAAACGTTGTGCACGATCCCAAAAGATCGTCGAAACTAGTCGCGCCCCGCGCGGGCGCGTGGATTGAAACTATAAAGATCGTCGAAACTACGAATGGAGGAAGGAGTCGCGCCCCGCGCGGGCGCGTGGATTGAAACCTGATGCGCTGCGGTCACGGCATAGACCGGGCGGGTCGCGCCCCGCGCGGGCGCGTGGATTGAAACGCCGACAATGACGGCGAACTGCTCATCGATGACCGTCGCGCCCCGCGCGGGCGCGTGGATTGAAACACCGTGCCACGCATGCAAAGTCCGTAGCGACAAGTCGCGCCCCGCGCGGGCGCGTGGATTGAAACTTTTATAGTTGCGCACGATCCAAAAAGATCGTCGTCGCGCCCCGCGCGGGCGCGTGGATTGAAACCAGTTGTCTGCCTTCTCGG
CP030759.1_gap78	2793023	2793849	826	CCGCCACTGGACCGCCTCTGTGACGCCGTCGCGCCCCGCGCGGGCGCGTGGATTGAAACACACCGGGGCGGTTTCATGCCCCGAAGGCATTAGTCGCGCCCCGCGCGGGCGCGTGGATTGAAACCGCCGTATCGCGCCCCACGGCACTACCGCAACTGTCGCGCCCCGCGCGGGCGCGTGGATTGAAACATACACGTGTAATACACGCGGGGGTGTCGAGGAGTGGGTCGCGCCCCGCGCGGGCGCGTGGATTGAAACGTACGTCATCGATGCTTCCGGGCGGCCCGTCGCGGTCGCGCCCCGCGCGGGCGCGTGGATTGAAACTATCCGGCCTGCCCGCGCGCAAGCAGCATTGGCTTCGTCGCGCCCCGCGCGGGCGCGTGGATTGAAACCAGGCATGTCGAGGGCAATAATGAGGCGGGCCCAGTCGCGCCCCGCGCGGGCGCGTGGATTGAAACTATCCGGACTCCCCGCGCGCAAGCAACATTGGTGTCGCGCCCCGCGCGGGCGCGTGGATTGAAACAACAAGACCATTAACAATGCGGATAAATGTATGACGTCGCGCCCCGCGCGGGCGCGTGGATTGAAACCCCCCGGGGTATGGTCGGGGGGGCGAATCAGAACGTCGCGCCCCGCGCGGGCGCGTGGATTGAAACGACGCCGCAGCCATCGCCTTCGAGACTGTCGAGCCCGTCGCGCCCCGCGCGGGCGCGTGGATTGAAACGGCATCGCAACAACCATATGCCCCACCAGGGCTTTAGTCGCGCCCCGCGCGGGCGCGTGGATTGAAACTGCAATCGAAAACCCACAGCTCCCAGAACACCGT
CP030759.1_gap79	2797870	2802476	4606	TTGGCCAAGGACCTTCGAGAGGATCGTGCACATGCCCTCTTCGTCGTCCACGACCACAACTGTTCCACGGTAACGTTTCGGGGGTTGGGAGATTTCAGTCGCCATCAACTAATATCCGGTGACGCAGCAGGGCCTGTCGTCAAGCAAGCTCCTTTGAAAAACAGAGTTGTCTGTCACCCTTTTTGACGACGGAAGACACAAGGGGCGGAAAAGGGCGAATCCCCCTTCAGACTAAGCCACCATGGACCATCGGCACGAAGCGCACGGGGCCAAGTTGGTACTCACGAAATTTGTCAGGTGTCTCGCGCACAATCTTCAGGAGTTCTTGGCTTCCAACTCCAACCGGCACGACCATGATGCCCCCAACCTCAAGTTGATCCAAGAGCGCAGGGGGCACGACATCCGGAGCAGCAGTGACAATGATTTTATCAAAGGGAGCTTTTTCGGGGAGCCCTTTCCAGCCATCCCCCACAAGCACGTGGACGTTGTGGTATCCGAGGCGTTTAAGGCGCTCCTTGGCGGCCGCAGCTAGTTCGGGCACGATTTCAATGCTCCACACCTCACGGACCAGCTCGGCAAGGATCGCCGTTTGGTAGCCCGTCCCACATCCGATTTCCAAGACTCGATCGTTAGGATCTGGAGCCAAGGCTTCCGTCATCAAACCCACAATGTAGGGTTGGGAAATCGTCTGACCGTAGGCAACGGGCAGTGCGGCGTCCGCATAGGCCTCGTGGTGGAGTTCAGGGGGAACAAAGAGGGCGCGATCGACCTTCCGCATGGCAGCCAGCACGAAGGGATCCTGCACCCCACGGGCGGCGATCTGAGTGTCTACCATTTCCTCGTTTGTACGTGCAATCGGTTCGCGCGCCATCGGCCAAATCATCGTCGAACACCCCCTTTCTTGTAAATCAAGAAATTGGCTACACCGTGGCGAGGTGCCAAAAGATCCTGTGGCACGAATCCTCACGAGCCGTTTCTTTGCCCGACGTTAGTCTCGCCTACGGCAGCAGGCTGCGTCTTAGAACTCAATCCCCCGGCGCGCCGGAACCCCTTGATAAAAGTAGTGTTTTACAAGTTGGACATTCGAAACCAGGTCGGCTGCTTCGATCAGTCGCGGAAAAGCTCCGCGTCCCGTTAGGACAAGATCGCAGGTAGGATGAGCTCTGAAGACTTCGGTGAGTTCCATCACGTCGTCTTCCGTGAGGAGTCGAGTTTGGACGCAGGTGATGGCTTCGTCGCACACCACAAGGAAGTAGCGCTCACTTTCGATGATTTCGCGGGCTTTGGCGAGAGCACGTTGGGCCTCCTCGAAATCGCCCGGTTCGTTCGCAAAGCGAAAGCGACCGTCAGGCATCATGCGCTCCTGACCAAAGAAGAAGAGGTCAATGTTGGGGATCGTGCGCAAGATAGCGCGCTCGTGATAGTGCTCGTTGCGTCCCTCAAACCCTTTGTCGAACTGTAAGAAAGCGACACGCTCGCCCGCGCCCGCGGCACGGATGGCTAAACCAACGGCGCTGGTAGTTTTGCCTTTGCCCTCGCCAGTGTAGACGTGAAGAAAACCCACTTTACCAAACCTCGCTGCTGTGCTGGATGTTGCCTAAGCTTTTCGCCGGCTTGTTTGGGAACGTTACAACTCAACCTGTTTCCACTTCCCACGCCAATAAAAATGCGCGAGAAGGACGCATCGCACGACCCAATCAACGATTGTTCCGAGGACAACACCAAATATCCCCAAGCCGAGGGGAAACGTGAGCCAGTAAACGACGAAGATCCGAATGAAAAGATTCCCCACGACAGAGGTGATCATGGGCGAGACGGTGTCCCCTGCTCCCCGTAACCCCCCGCTCAACGTCATCGCGATCCCCAGCAGCGGCTGCTCAATCGCGGATAAAACAAGAATCGCGTAGGCAAGTTCTAAGACCTCGGCTTCTCGACAAAAATAACTCAGCAGAGGGCGCCCCCACATCACGAGCGCAACCGCAACACACGACATCACCGCGATAGTTAGGGCAATCGTCCGACGAAACGATAAGCGCGCAAGCCGGACATCGCACATTCCAAGGGATTGGCCTACGAGCGTGGAAGCAGCGACTGCAAACCCGAAACCAGCCATGAACGAGAGGGATTCAAGCCGTGTGGCCAAAGCATGAGCGGCCAACGGCTGGGTCCCCAGGCGGGCGACAAAACTGAAAAAGGTGAGGAAACCGACGCTGATCGTGATTTCCTCGAGAAGGGAGGGTGCGGCGAGCCGCACAATTTTGCGCACAATCGCGAAATCTGGCGCGAAGTCGCGCAGACGTGGCCGGACGCCAAAACGGCCTGCCCTCAATAGCCACAACACTGCTCCGCACGCCAACAGGATGGAGAGAGCTGTCGAAATTCCTGAACCGAGGAGTTTCAATTCCGGAAATCCGCATTTGCCGAAGATCAGCACATAGTTGAAGACCATATTTGAAATGTTCATGCCAAAAGTGATCCACATGGGGGATCGTGTGTCGCCGGCCGCTCGCAAAGTCGCCGCGCCCACAAAGTAGACAAGTCGGGGCACACTGGCCAAGAAAATGACGCGAAGGTAAGGCGTCCCCTCGGCAACCACTTCGGGGCTGCATTGGAGGCCCAGCAACAGGTAAGGAGCAAGCACCACACCAGCCCCGGTCAGCACAAGACCCAGAACCGTCGCCAGCAAAGCCGACTGTGCGAAAGCGCGTGCCGCAGCCCGCAAGTCGCCCGCGCCGCATGCCCGCGCCACAAGCGCAGTCGTGCCACGTTCGATGCACCCAAAGGTCATGTGTGCACGCCACAGGATGGTACCGGCGGCGGCCGAGGCAGCCACTGGCAAGCTGCCGTAGTACCCAACCATGAGAGTGTCCACGATGAGCAAGGTGGTGTGGAGGAGGTTTTCTCCTACGGCTGGTGCCGCAAGGCGCACGATGTGGCGATTCAGGGACTCGCGATCGAACAGCAGGCGTGAACCGTTTTCGGCTTGGATCGAATTCACAGCGGCGACGTTTTTCGTCATTTCCTATTTGTCCTGCTTGCCACAACACATGCTCAGCAAATCAAGCTTGAATCCCTCGCGTTTTCGCTTATAGCTGAACGTGGGAAGTGCATGAGTCGTTATGAGTGAGACAGATAAAAGCAATCTCATCTTTCAGATTAGCGAGTACTTGGCCGACGATTTGCGAAAAGTGGACGAGCACATCAACTCGATCCTCGAGAGCGATACTGCTCTTGTACGGGAAGTCGGACAATATGTTCGCTCGACGCAGGGCAAACGGCTGCGGCCGATCCTCGCCATATTGGCAAGTCGCGCGTTTGGCTACAAAGGGGAGGACCACACAAAAGTTGCGGCAGCACTGGAGTTGGTGCACAGTGCGACTTTGCTCCACGACGACGTCATCGATAAAGCGCCGCTGCGGCGCGGCAAGCCTACCGTGAATGCGCGCTGGGGAGATGACGTCGCCATCCTCATAGCCGACTACTTGTTCTCTCACGCCTTCAACTTCGCCCTGAACACTTCCATGAGCCCACGCGTGCTCAGCCTGATTTGCCAAGTCACGGCGCGTATGTGCGAAGGGGAAATGTTCCAGATCGAGAGGCGGGAGGAGATGCTCACCCGCGAGGACTATCTGCGCATTGTACGCGGAAAAACCGCCTATTTGTTTTCGGCATGTACGGCACTCGGAACGTTGCTGGCACAAGCACCCGATCAAGAAGCGATGCTTATGGCCAGCTACGGTCTGAACTTTGGTATCGCGTTCCAAATCACCGACGACACATTGGATATGGTGGCGGCTGATTCAGAAATCGGTAAGCCAGCTTGGGCGGACATTCGCAATGGCAAGCAAACGCTCCCCCTCATCTACACATGGGAAGTCGCGGAGCCAAGCGATCGCGAGGATCTTGTCCACTGCTGGCGAAATGGGCGCGATCCGGAGACGATCCTCAATTACATTCGCAAATACCGTGGCATTGAGTTTGCGCTTGAACAAGCGCGCCGCTACGCGGAGAGCGCACGCGAGCAACTTGCTGACCTGCCCTCAAATCCTGCCATTTCGATGCTCCGTGACCTTACAGCTTATGTGGTTGCGCGGCGGAGCTGAATCGAAGTCATCGGCTACGCAAGGGGAGCGACCTACTCTTTTCTCACCGTGCCCGTGCCGGGGAACACCACTCGGCGCGGCGGATACGGATTCGTCAGCACCGCGTACTTTGCGGTCGCATCCGCAATCTTGTTGTAAAGATCGTAACTTGTAGGGGCGCCGAGCGATGGATCCAGCTTGAGAGCCGATTGCCACGCGTAGATGGCACGCTGCAAGTACTTTGCGGCCTCCACCTTCGGAGAAAACACGCGCACATTGCGATCTACGTTCGTGCTCATGTAGGTGGAGATATAGGCCAACGCTTGGTTGTAGTAATCGTCACCCCGCAGAGCCAGTGCCACCGCCTGTTTCTGGACATTCTCCTGAACCTTCTTCTGCTCAACCTGCGCCTTCGCAATTAGCTCGTCCGCTTGCTTCACGATGTCAGGGAAGTAGGCGTAGTTGCGTTTCACGTCTTCAGCCTTGGACTGCGCGAGCATGAATTGCTGCTCGTTGAGGAAATC
CP030759.1_gap80	2856923	2860067	3144	TTCCGCTGCTTGGATCGGGGCGTTTGGCATCCCCAAACCTGTGCTCACTCTCACACAAACATGTTTCCGCCTATTGACGCGGGAAAAGGTTGCGATGCTGCTGCCTTATGCTCTCGTTCTTGAGTAGGCCAGACACCTCTCCACTGTCATCGAGGTTATCTTTCGCTCTTCGATAGAGGCATGTCCGAAGACTCGTGGCTGTGTAGGCACTGGTATGTCACCCCAATCTCGCTTCTGGTTGGATCAGGTGTCTGACTGCTTCCTTGGTCTCTAAAGCATAAAAAAGAATGCTTGAAATAGAACCAAGATAGTATATGATTGACTGTTTCAAATAACGGGATCGGCGGATTCCCAACCAGAGCAGATAAGCCGTGGTGTGTCGGTCACCACGGTACATGGGAAACCGATCCTGCGAGCGTAAAATCTTTCAGGGATGGTCAGAAACCCAAAATGAACAGACGGTTTTCACCTGCGGGCACGGAATCCGCAGGTCCTCTCACAGCGGATGAACCCCAGCGGGCATCCGGCACTCCCCTCATCAATGACGTAGTCATTTCTGTGGCGACATCAAACGGTACGGGAAGCCAATCCGCAAACCTTGTGCTAACCCGTAGCATTTTCCAGATGGGGATACCCGTCGGCGCAAAGAATCTCTTTCCCTCAAATATCCAAGGGCTGCCGACGTGGTTTACAATTCGCGCGAATCAGCACGGATGGGTGGGGCGTCGAGCCGACGCGGATGTTTTCGTCGCAATGAATCGCGAATCCGTGAAGGAAGATCTGGCCTCTCTCAAGCCGGGCGCGATCCTTATCCTGAATGAAGAGCTGCGCGATGCGCTCGAACGAGACGATCTCATCACGTACATTGTTCCCTTTGCGAAGATCGTAGAGCCTGTGTGTCCGGAGGTCAAACTACGCCGCCTCGTCGTGAATATGGTCTACGTGGGCGTCGTCGCTCACCTCTTAGGAATTGAGCTGGAAGAGGTTGAAAAAGCGATCGCGAAGCAATTCCTTGCGAAACCCAAAGCAGCCGAACTTAACTGCGCGGCGGCACGCGCTGGGTTTGCGTTTGCTGCGGAAAACTTGCCCCCTCAGCATCTATATCGCCTCGAACGCATGAATGCCACCCAAGGCAAGATTCTCATCGAGGGCAATGCGGCATCAGCGATCGGCCTCATGTATGGCGGCATCCAAGTGTTTGCGTGGTACCCGATTACGCCGAGCAGCTCCTTAGCCGAAGCGCTCACCGAGATCATGGATGATTTCCGGTGCGACCCAGAAACCGGCAAGGCGACGTATGCGATCGTGCAAGCGGAGGATGAACTTGCGGCGATGGGCATGGTTGTTGGCGCGGGTTGGGTCGGCGCCCGCGCGGCTACTGCCACCAGCGGGCCGGGCATTTCCCTCATGGCGGAATTAGCCGGGCTCGCCTACTTTTGCGAGATCCCCTCGGTCATCATTGACGTGCAGCGCGTTGGGCCGAGCACAGGGCTGCCGACTCGCACCAGTCAGGGCGACGTCCTCAAAGCCTATTACCTCTCGCATGGTGACTGCAAACACGTCCTATTATTTCCGGGGAATCCAGCAGAGCTGTATGAGTTCTCTATGCGAGCGCTGGATCTGGCTCAGCGGCTTCAAACGCTCGTCTTCGTGATGAGCGACCTCGACCTTGGCATGAACTACTGGATGACCGATGAATTCACGCCTCCCTCGCAGCCGTTGGACCGGGGCAAAGTGCTGACGGCTGAAGATCTCGACCGTATCCAAGAGTTTGCACGCTATCGCGATGTGGATGGGGACGGAATTCCCTATCGGACGCTCCCCGGCACTCATCATCCCAAAGCACCGTTTTTTACTCAAGGCGCGGGGCATGATGATCGCGCTCGGCGCTCGGAAAAACCCCACGACTGGAGCTCGAACCTCGATCGGCTGGCTCACAAGCACGAGACCGCGCGGCAACTTGTGCCAGAGTCAGTTCTTCAGCGTGCCGCGAAACCCACTTCGCTTGGAATCGTAGCTTACGGTTCGAGCGATCTTCCCGTGCGCGAGGCCATTCAAAAGCTTACCCTGAACCACGGCATTGACGTCGACTATTTGCGCATCCGCGCATTACCGGCAACGCCCTCCACGCTCGAGTTCCTTCGGACCCATGAGCGCGTCTACGTCGTTGAACAAAATCGTGATGCGCAGCTGGCGACGATTCTTCGCGCCGAGCATCCGGAAGTGGCAACACGCCTGCGCAGCGTCCTTCATTACAACGGCCTGCCGCTCGATGCTGCGACTGTCGTCAACCAAATCTGCCAACAGGAAGGAGAGTAAGACCCCATGAGCTCGTCCCCACAAACCGGTTCTCCCCAGCCAAAACCTCCCGCAACAAACCGACTTGGCCATCCGATGAATGTTTACAAGGGCGCTGAGTCCACGCTGTGCGCGGGTTGTGGTCATGACTCCATTACGGCCCAGCTGATCCGTGCCCTCTGGGAATCCGACGTTGATCCCTACATGGTCGCGAAGATGAGCGGCATTGGCTGCTCGAGCAAGACAACCGCTTACTTTCTAAACCTCTCGCATGGCTTCAATGGAGTGCATGGCCGTGCTGCTGCTGTGGCTACCGGCTCGTACCTTGGGAATCACAAATTGTTGCACGTGGCGGTGAGCGGCGACGGCGACACGGCATCCATCGGCCTCGGCAACTTCCTTCACATGGTGCGGCGCAATGTGCCGATCGTGTACGTGATCGAAAACAATGGCGTGTACGGTCTTACGAAAGGGCAGTTTTCGGCGACCGCCGACAAAGGCTCCACGCTTAAGCGCGGCTGGGTGAATGAAATGGAACCCATCGATTGCTGCGCGCTGGCGATTGAGATGGGATGCGAGTATGTCGCACGTTCCTTTTCTGGGGACATTAAGCAACTTGTCCCGCTCCTCAAAGGCGCGATTGCCCACCACGGAACGGCGGTTGTGGATGTCGTCAGCCCATGCGTTACCTTCAACAATCACGAGGGTTCAACCAAGAGCCTCAAATACGCGCGCGATCATGAGGAACCCTTGCACGGCATTGATTTCGTGCCGTACTACGAGCAGATCAAAGTGGACTACGAACCAGGCACAGTCCAAGAGATTGAATTGCATGACGGCTCTCGC
CP030759.1_gap81	2967490	2970237	2747	AAGTACTTCACGACGAGAACCACTGGGAAAGTGAGGATCAGGGCAAGCGCTACCAACACGAGTGCTGCCAGGTACTTTCCCAACACCACCTCGTAGTCTTTCACGGGGAGGGTCATCAAGAGCTCATCCGTCCCGACCTTCTTCTCCTCAGCCCAAATGCGCATGGCCACTGCGGGCACAAAGAACAGCATGAGCCAAGGCATGAACACAAAAAATCCGCCCAAATTGGCCTGCTGGTTGCGGAAAAATCCGCTTACGAAAAAGAACATCGAAGTGCCCAAAATGTGGAAGATGATCAGGAAGATGTAGGACGAGGGCGAATTGATGTACCCTCCGAACTCCTTTTTGAAGATTCTCCAGATATTGCTCATCGTTTCAGCCTACCTGCCTGCAGTGTGTCCGAACCTTCGTATTCAACGTGTTGCCGTGGTGGTTTCTTCGGCGATCGTCATGTTATCGCCGCTTGCCGGTGTTGCCGTGGCCTTTTGCTCCTCGGTCGCTGACGTCTTAGGCGTAGGCATACTGGTGGATTCTTTCTGACACCCACTGAACACCATCGCGAGTGCCAAGCTGGCAACCACAACACACAAACTTCGCTTCATCAGTGCATCCTCCCTTTCTTGATTTGTGTCGAATAGCTAACGGGTCAGCTCCGCGAAAACCTGTTCCAGGGACGCCGTTTCGGGGCGCAATTCGCTCAACGAGCCTTTTGCTTGCGCCACCGCGTGGAAGATTTGCTCCGCTAACTGGTCGGGTTTTTCGCCCACAACACGCAAACGTGCGTATTCGGTATTTTTGTCCAATACGTGGACTTCCTTAACTCCCGGCAGTTCCGCCAGCTTGCGCTGAAGCTCATCGAGCGGCCCATGGACACGCGCTACCACAGAATTTCCGCCAGAGCCACGCGCCATGAGTTCGTCCGGTGTCCCGGAAGCCACGACCCGGCCTTCGCTGATGATGATGGCTCGGTCGCAGGTGGCCGTGACCTCAGGCAGAATATGGGTCGAAAGAATGACCGTCTTCTCTTTTCCAATTTCGCGGATCAGTTCGCGAATCTCGACGATCTGGTTCGGGTCCAGACCACTGGTCGGCTCGTCGAGAATTAGAATGTCGGGTTCGTGGATGAGTGCCTGAGCAAGGCCTACACGTTGCCGGTAACCTTTGGAGAGCTCCCCAATGACTTTTCCTACCGCCCCTTCGAGGCCGGTCAAGTGGATCACTTCCCGGATACGTTCCTTTAGGCGTGGCGCGGGGATATTGCGCATCTCGCCCACAAATTTGAGAAAATCCACGACCGGCATTTCGTGGTAAAGGGGGGTGCTTTCGGGGAGATAGCCCACGCGCTTACGCACCTCGAGGGAATCCTCAAAGACGTCGTAGCCGGCGACGGTGGCGGTGCCTGAATCCGCCGGTATGAAACAGGTCAGGATTTTCATCGTTGTGGATTTTCCGGCGCCATTCGGCCCGAGAAATCCAACAATCTCGCCTTTTTTTACACTGAAGGTGACGTCTTTGAGGGCCTGAGTTGGGCCAAAGCTCTTTGTCAGGTGTTTAACTTCAATCATGATCGCCTTCTTTATCCTACTCTACCAGCATTCTTTATGGATTCGTAAGAAGTTTCCCTTCGCCGGAAGAAGAGGGCATACCTCACCGCTTGCCTGCAATAGCAGGATTTGTTCCCATTTGCGCCCCACGACTTTGGATTTCGAATGCGGTCTCAATCATCGGTTTTGTTCTCAGTGTGTTGATTGAACCTTGGTCTCCAGCGCTTCACTGGCTCTGTATCCTGGTCTGCACGGAGAAAGTCAATGTACACAACTGATAATGCGAATGTTATGCGATAGTATACCTGTGGCGGCGGATCCGAAGCCTTCGGCGCAACGTGTGGCGAAGATCGCCTTTTATCAGGAATCGAAAATATTCCCGTGAGCGAGCAGAAGCTCTTTTTGGTTCTAATGTGCTTGTTCCCGAAAAGCGCAAACTCGTGTCATAGCGAGTCAAAGTGTCGCAGTGCCGGGGGGCCGCGTTTCTCATTGTCCCATGCGCTCGCAGGGTCGGCGGTGTGCATAGCATTCGCGGGCGTGTTAGAACGGAAAGAGCCTGCGCAGGATTCTCGCGAGCCACGGTGATTGAGAGATGCGGACAAGTCGCTCTTGCGCCACGCGGTTCTTTGGGTTGAGTCGCACCGCAGTCTCGTAGCACTCAAGAGCTTTCTGCATCAGCCCCAAACGCTCCCGTGCGATGCCAAGTTGCGTCCATAAATAATCGTTTTGAGGAACCTCTTGCACAGCTGTTTCCAGAAAGCCTGCTGCTCGGGCGAAATTTCGTTGGTCCAGATACGCTAATCCAATGAGCGCGGGGACGATCCATTCGTCGGTTCGACGGGTCTCCATGGCCTTTCCAAAGCAGAACTCGGCGTTGGGGTTCTCTGCGAGGAGGAGAATCTGGCCGCGCCATAGCCACACATAGGGATCACTTGCGTTCTGCTGGATAGCGTAGTCGCTGCACTGGAGGCCTCGTTGCGCCATGCCTTGGTGGGCAAACGCCAGTCCCTGCAGAGAAATAATCCGCGCGTCTTGGGGGAAGAGTTCGAGGGCGCGCAGTACCCACACCATCGCCTCTTTGTACTGCTTCAGGGTAATCAGGGTCAAAAGTTGCCAAGCCCAGCCCTCGAGATTTGCACGATCTACTTGGGTCGCGCGGGAGAACAATTGCAGCGCGCGCTTCAAGTCACCCGAAAAATATTG
CP030759.1_gap82	3032693	3035212	2519	GATACCACGGATTCTCCTTAGCTTGGGTTGTGGCGTGGTCGAGCCGAAGCGTGAGGGCCATGGGCGACGACAGCTTGCCCCGGTCAAAACGATAGGCAAGCAACCGGTCATCCGTGCCGCCGCTTAGATAAAGGTGGGAGCCATCGGGGGCAAAGGCGAGCCCAAGCCACGCGTTGTCCACTTCAGCACGCGCGGTCTGTTTGCGCTTCTCGAGATCGAAGATGCGGACTTCGTGTTCCCCATAACCGCAGTGAAGTATCGCCGCATACCGCCCATCGGGGGATTTTGCGAGAGAGACTGGAAGGTCACCCAACGGAAGGTGGCTTCCTACGGGAGCAAGCTTCCACTGATTCGGAAGAAACGCCCCCGTTGTCTCGGGATCGGGTGAGCGCGTCTCCTCCGTGGCTGGTGTTGGGTCAGCGGGTTTCTGGGTAAGGGCAGGGTCCTTTTGCACGGCCTGAGTGGTTGTGATCTCGCTCTGTTTGGTTGGAGCAAGCACCCGCTGTTTGTTCGCTTTGGCCTGAGCGGGCCCTGTTTGAAGGCAAAACACGCCGGCGAGGAGCGAGCAAAGAATCACTCGTACAAAGTCGCGAGTGAAAATCTCGCGGAAGTGCAAACGTGGAGGCAGCAAAGTACCGATCGGTTGTTCATGTTCATAACCTTGCACGACTAAAGCTTGCATGGGGGGCTGCGGACGTTGGGTGGCGTTCATTGTCTTATTCTCTTAGCGTTTTTAGATGGAATGCTAAGTGACGAGTATTGGGCTCAGGCAAGGCGTGCAAGGACTTTATGGTGACAGGCCCCTCGCGCCTTGAGGTGGGGTTACCGACGGGGACGGATGGTGACCTCCGTTGTTTCGCGTGGTCGAATGGTCGTGCTGAGTTTTGTCGAGCCTCCATCGGGAAAGAACGCTTCAACCTCCACTGTGCCGGGGATAAGCGCTCGAGTGATCCATAGACCGCCTTCATCGGTTGTCCCTTCGCGCACGGTGTCGAGTGCCGCTGAGCCGACTGGCCGAACCACTATTCGCGTCCGTGGGAGAGGCCTGCCCGTAGTGTCCTCGGCGAATACCCGAAGGGCCCCGCGAATGCCGAGTACTGACACAATTTCCCGAATCTCCCCTTCGCGTAGGGGGATTTCTTGCTCGTCCGAGGAATAGCCTGAGGCGCTGACATGCACGCGATAGGTGCCGGGAGCAAGGCCCTCCAAAGTAGCGACTCCCGCATCATTGCGGGTAGCAGTCCGCCCAAGGCGCCCTGCCGCGTCATAGAGCACGAGGAAGGCCTCGCGGATCGGCTGGCCGGTTTCGAAGCTAAGGGCCACCGAGCGCAGTGTCGCGGGGCGAGCAGCATGAAGTACGATTTCGGTGGGCGCGGAATCGCCTACTTGGGGAACCGTAATCAGGTCTGAGTTTCCAAAGCCCAAGGTGGGGTGAGAAGCCCGAACCGTGTACGTGCCCGGCGGCAAAGGTCCCAGCGCAAAGGATCCATCGCTCTTGGTGCGGCTCCTGACTACGTGCGGGTCCATGAAGTCTTGGTATGGATGGTCGTACACAAGGCTGCACTCGACACTGGCCCCTGCAGCCGGCGTCGAGTCTTCTGTCAGCACGCGCCCCACAACCCGTCCTTCGGGGAGAGAAAAATCCCGTTCCCACACGGAGACGGAGGGAATGACGACACTTTCGCGCGCATATTCACCGCGATTGCCCCGGAGCGTCACAAGCCACGCGCCAGAGTCAAGTCCTTGCAATTCGTACTGGCCGTCGGGACCAACATGCGCGACGCGAGTCACGCCCAGCCCAGCCGCTCCGCGTGAAAAGTAGAGGGTGCCAGCAGCGGGAGTCGTCCCGCGAAGCAGTCGGCCGCGCGCCGTCACTTCACCCACCCGAAGAACCACTTCGCGCTCCTCACCGGAAGCTAACATGAGCGGGCGCACGAGCTGCGTGCGAGGCGCAAGACTCGGCATTTGTCCAGCCGAATCGGCGGGGCCTGCTCCTTGCGCCAATTCGATGGTGTAGGGTCCATTGGAAAGATCAAAGAACGCGAATCTGCCCTGTCCGTCCGTTTCTGTTCGCCGAGATTCTCCCTCCAGCGGGGGGTTCGGATGGAGATAAACCGTGGCGCTGGTCACCGGCTGGTTTGTCGTGCCCCGTACCACCCATCCTACCACTCGAGCCCCATGCGCGGGAAGCTCGATCTCGCCGAGGTTATTCTCCTCTCCCGGACTTACCGAGACGTCCAAGAGATAAGGGGCTCCGGCGGGTGGAGTAAACACAAGATGCGTGCGGCCAGAAGGGACATCCACGAGTTCGAAGTGCCCATTCGGGGCCGTCGTCGCCGTGATGACGCGGGTGCGAAAAACGCTGGCCTCACCGCGCGCTTCGACTCGCACTCCCCCTGCGGGCTTGCGACTCCCAGCATAGACCACGCGACCCACAATGTTTGGATGGCGCGCCAATAGAAATACCGCTTCATGGAGGGGGGAGGATTCCGGCAGATATAAGGGCCCAACTTCAGCTT
CP030759.1_gap83	3060579	3061412	833	ATTGTCGTGCCGGGGATCCTGCCAGTGACAAATATCACGACAACGATGGGGACCGTAACCGACCTTGGCGGCGGTCTCTATCAGCTCGACGTACCGTCGCTGCCGGGGATGGGCGCAGCTGTCGTCACCATCTCAACGCTACCGTCTGCCACCGGAGCGGTCCAAGTCTTAGCGAGTGCTTCCACATGTATCTTCGACTTCGATCCAGAGAACAACGTGGATGCCTTGTTCATGAGAATTGGCCTCGACTGCAACACCAATGGGATCGAGGATGAGGATGAAGTTAGCCCAACGGAAGGGGCGGTCTTATTCCACGAGGACTTCGAGAGCGGGCTTGGGCTCTGGAATGCGAGCGGCCTCTGGCATGCCGCGCCGACGCTTGATTGCCTCACCACGACTGGCTCGCTCACGCCAGCCACGGCCGCTGCCTATAACACCGGTAGCCCCGACTGCAACTATGACGTTGGCATTACCCAAGGGGCGCTTGAGCTGACCACCGATGTGGTCGTGCCGGCGCCGTGGGGCGCTCGCCTCAAGTGGTTCAACTTCGTCGAGACGGAGAATAGCTATCCGTATGACAACTGGCTGGTGCAGGTCTCATCAGATGGCGGCACCAATTGGCAAACGGTGTACGATGGCCGAGGTGCCTCGCGGCCGGGCTGGCAGGAGCTTAGCGCTGACCTTACCCAGTTCGCTGGGCAGGCGGTCCGAATCCGGTTCGTGTTCGACAGCCTCGATGCGGGATTTAACGCTTTCTTCGGATGGTATGTGGACGACGTGCGCCTCATCGCGCTCGACGCGCCGCTATCGCCCGACTGCAACCAGAACCACAT
CP030759.1_gap84	3107439	3111501	4062	ACTTTCGCATTTACGAATGTGGCCTCGAATTGGCCACGAGAGCGCTGCGCTGTGCTCCTCATTGCGAATCCGCCCGCGGCGCCGTCGGAGCTTACGGTGACCGATCGCACCCGAACCAGCATCTCACTTGCTTGGCTCGACCAAGCCGACGACGAAACGACCTACATCGTTGAGCGGGACACCGGCGAGGGTTTTGAGTTGCTGGCTGAACTTCCAGCAAACGCAACGACGTTTACCGACGCAGGATTGTCTCCCGCGACCTGCGTCCGTTACCGCGTGGCGGCCCAAAATCCCTATGGCAGCTCACCTTATTCAAACGAAGTGGACGCCTGCACTCTACCAGCGATTCCGCAGACACCGACAGGTCTGGCTGCGGTAAGTGTCACGCAAACCCAAGTTGTGCTGACTTGGGAGGACAACTCGGACAACGAGACAGGATTCCGAATCCAGCGGGACAGCGGAAGCGGATTCTCAACCATCGGAGAAGTTTCAGCGGATACGACAAGCTTCACGGATGATGGGCTGGAGCCAGACTCGCTTGTGCGCTACCGTGTGTGTGCCTTCAACGAAAGTGGAGAATCGCCATACTCGGAGGAGTTGGAGGTTCGGACGTTGCCAAATCCGCCCGCAGCTCCCACCAATTTCAGCGCTCAGGCTCAGCCCGGCGGTACGGTGCACCTGACCTGGACGGATCAAGCGACAAACGAATCGAATTTCGAACTCGAGTATCGGAACGGCGAGAATTCATTTATGCCGCTTGCCACGCTGGCAGCCGATTCAACCTCGTGGCACCACGTGGGTGCACCGGGCTCGGCGCGCCTTTGCTACCGCATACGTGCGGTCAATGCTGGAGGTGCCTCGGATTGGTCGGAAGTTTCATGTGTCGTAACCCCGCAACTCAGTGATTTCGAGACTGGGGCGGAGGGATGGTCACTTGTCGGTGTGCCCGATGCGAACGTTTGGGGGGATCACGATCCCGCTACGGGTGCATTGCGTCTCACGGCGCGGGCTGCAAACTCTCCGCGCATTCTTGGGTGGCAATCACCGCGGCTTCCGATCTCCGAAGATCCGGCGACGATCTATCGGTTCAAAGCATTCGTGTATCGAACTGGTCAGACGGATTCGAACGACCAACGCCAAGTTCCCAACCTCCGCCTGCGCTGTGCTGTGCGCTATTCGATCAATAGTATGCTTGAGCTCTTCTTCCACAACGCGGCTGATCCGGCTTCCGATCCAGATATGCTCGCAAATCTGCCCTCCACGGATCCTGCCAATCCGAGCATTTATCGCGTGGATTTGGACTTGGTAGACGTGCCGTACCTGCATCCAAGCATTCATCCTGAAGAAGGTGTTCAGGCGATGTTCGAAATGTACGCGCTTGAACCTCAGGAGAATGGCTCCGTTGCACTCACCGAAGCCGTGCTGCTTACGATGCCCGCTCCTTCGGAAGCTGAGCTTCGGCCTCTCAAAACCTACAAGACCACTTCACGCGACGCGGGAGATTTCAAGAACCCCACCATCCTGCGTTCTACGCTTTACGGCTCAAATCCGTTGCCATTGGTTTATGCTCGGACGCCTTTGGGCCTTGTTCTGGACACCACGCGGTGTTCCCACCAAGACATAGGCATCGCCGTGGCGGAAATCAGCGCGGGCAACGACCTGACGAAACGTGTGCGCGTCGAACCGGGAAAAACGTATCGCTTGCGCTGGCATGTCACGAGCCCGCGTGCCACAAACCTGCAAGCTCAGTTGCGCTTGCGGGCAAGAACTTTGCGTTTTGCCTGGTCCCAGAAATTCGAGTTGGGAGGGGCCTGGCCAACACCGACCTTGCCGGCGCAGACGATTGCGCAGCAAGCTTTGCCCGGCGTCGGTACCCTAAATCCCGACAAGCGTGGTGATGAGATTCCATCCCTGCGCGATGGTGGATGGTACACCATGTATTTCCATGCGCCGAATGTGGTGCCCGCGACGCAACCTCCGCCGGGATCGGCATCTTCTTCTCGGCGCGATCTGAAATGCGGTATTGACGTGATTGACACGATCAGTTGCGGCCCCGGAGCTGCACTCGAAGGTGGCCTCTATATCCTCGATGCTATCGAGATCGCCGACTTTGACATGCTGCCGGATTGAGAAAGACGGGACTTAATCTTCTATGCCCGCACGAGCGCAACGTGAACTCTGGACTTGCGGATCGCGCTGGTGACAGGAGAGTGCCGCTCTCGGGCGAGACAAGACCATAAACACTTTGGATCGCGTCGTGCGTATCCTTCACCACAAGTTGGCACAGCTTCGTCCCTGTGATGCCTTAGCTGGGGCCAGTGGACTTTCAAGCTTGCGACTATGGCGTGATCCAAACCACTGTAGGCCTCGAAAACGAGGAAAGGGAGCATGATGAACGCAGACCATGTCGAGCATGTTCGCGCGGTTCTTCGCGAAAGTGCCCAAGTCAAGCTTCGCGCTGCTGAGCTTTGCGCCGAGGAAATCGCGCGCGGGGCCGAGCTGCTTGCTCAAGCCTACGCCGCAAAGAAAAAGGCCATCGTTTTCGGAAACGGAGGAAGTGCGGCGGATGCCCAACATTTTGTGGCAGAACTTGTCGGCCGCTTCGTCCACAACCGTGCTGCGTTGCCAGCACTTTCCCTAACTGCAAACCCCTCGACGGTGACATGTATTGCAAACGATTTTGGTTACGACGAGCTGTTCGCGCGGCAGTTGGATGCGTATGCGGAACCCGGCGACGTCGCGTTGGGCATCTCGACATCGGGCAAGAGTGAATCCGTTCTGCGAGCGCTCGCGCGAGCTCGTGAACTCGGCTGCGTGACGATTGGACTCACGGGACGCGACGGTGGGGGCATGCCCGCCTTGTGCGACGTGTGCGTGGTTGTGCCCAGTGATGCGACCGCACGAATTCAAGAAACGCACATCACAATCCTGCATTTGTGGTGCGAGGCAATTGAAGCACGTTTGTTCGGGCTGATTTCGCGCTAATATCCTCACAGCTTCTCAGCGACACGGGATTCAAAGTTCCCACTCTAGCGGAAGCTCTTGGCTTTAGGGCTTTCCGCTCAGCGTTTCGCGGTCGTTTTTGAGCGGTTCCCATTTGTTTTGGAAGGGGAGCTCTTGGAGCTGTTCTTTGTCGAGGTGTTTTTATCCGAATCGGGGGAACCGCTTTGTGCGAGAGGACCAATTTTCGCCCGTAATGCCTCAGCCGCATCGATGAATTTCTCTTGGCGAGCAAGATCGTTAGGATTGCGTTTTGAGTACTCGCATAAGTCTTCCAGTACTTTGATTTCCGATTTGGAGAGTTTCTTGCGCGCCGACTCGTTTCCAAGTACGGACTCGACATATGCTTGCGCGGAGACAATCTCGATGCCACGCCGGAAGCCGTCGCCCAGTTTGATGATTCTCTCGTAGCGACCTTTTTCGAAATCCTCTTTCATTGCTTTGAAGCCGGCCTCAACGCGGGCCACTTGCATTGCGGCAAGCCCTGTTTTGCGCGCGCCCACATTACGTTTGAGCTGCTGATAGGCTTGCTCCACCGCTTCGACTTTCTGCTTCGCCTCTTCGCGTGGTGTCGGCAGTTGGTTGCTCTTGAGCTCTTGCGCGAGGTCTTTAAGTTTGTCTTCGGGGCTGGGGGTGGGTGTGTTGGTTGTTTGTTCGCGTTGCAGTTTCTCGGCAAGTAACTGAGCCGCATTGGTATCCTTACCCACACTCTCGATTTGAACTTGAGCTGTCGGCGAAGCAACAGTTACAGGCGCAGATGCATAGGTGGAGCCGGCAGCCCCATTTTGCGGCGCGGTTTCGGGGAGGAGCGAGAGCTTGGGAGTCATCTGCTCGTGTGGATTTGGCATTGCCGTGGGGTTGGCGCTTGCCACTTCGGCTGATACAGGTGCTGGCGTAGCAAGGGGGGCGCCGTCGCTCGCTGCCGAATCTGGGTTTAGCTTAACGACAACCTCTTGAGCAGACTCCGGCTGTGCCGGCTGCTCGGCTTTGGCAAGCGTTTGCCCCTTGTCATCGCGCCCAGCAGATGCCACATTCAGTGAGTCAGGCTCTTTCACGGATGGC
CP030759.1_gap85	3117656	3120701	3045	CAATTTCTCGCGGGGACTTTTGGAGACGCACAGAAACGCCGCCGAAAAAATGCCCCCGGGGACTTGAAGGTACCCCGGGGGTGTGTGGGAGGGGTAATGGAGCCGTCCAACTCTTATGAACGAGGATTCCCGCCCGGTCCAAGTCTCGCAATATCTCCGGTGCTCACTGTCCCATTGGTCGGATCGTACGGGATGGGCCACTGCGCGGTTTGATCGGGCCCAAGCGAGGTTAGGATCCAAGCGGTCGGCGCATCGTACCACGGGCATGTTCCCGGGTAGGAGCTATCGCGGTTGGGGTTCAGCATTCGCCCATAGCGTTCGAGCCAGTTGTAGTACCAGTATAGGCCGGGGGCCCACTGGGGTTTGGATTTAAATGGATCGAGAGGAATCGTCGAGATGTAAGACACTGGTGTTGTCAGGTGGGCCTCGGCCATCATCACGCGTACTGACTCATTGTAAGGAACGGGGGCTAACGGTGGGTAGAGGTGCTCGGGCGGATACTTGTTGTTGTTATCCACCGCATAGGCCTCCAACGCCGACGCAAGGGATCGCATATCCGATTTCACCCGAGCCACTTTGCTGCGTGTTTGGGCCTCCAAAAAGTTTGGGACAGCGATAGCGGCCAAGATTGCAATGATTGCAACCACGATGAGTAACTCGATCAGGGTAAAGCCACGGGACATTTTCGTCGTTCGCGGGTACTGCATTTGTACGTTTCCACCTCCTTTCTCTTACGTCTCTTCAGCACCTCTTTTCCTGCGTGCAGTGAAATCACTGGTCCCACTTGCGCCCCAATTTCGCCGAATTCTTCAGTGGGTACCCCTAAGAATAGTTTTCGACGAATTGCAGAACGTTAGAGATCCACATCTGTTTTGAGAGAAAATCAGCTAATAACCAACTCTAAAATCAAGAGTAAAATTTATCGATGTATTAACGCTTGGCTTTTTGGGGCTGTTTGGTAACGGGAGACTTCTGCGTTATCACATTTTCCGTTCATCGATGAGATTTTTATCGCGTCGCGGAGGCTCGAATTGAGTTGAGGAGTGCGCCAAGCTTTAGAGAAATGCCAGGCAAAGGGATCTGCCCACGAGCACTTTCGTGGGGGACAAATCAAATTCGTCTTACTAAAAACAATCGCGAATTGTCTGTCATTTTGAAAAATCGATAGGCTTCTCTTGGGTCCCCAGTAAAATCTGTTGACGGAGGAGTTTATGGCTTCAGCGCGGTGACATTCGCTCTGAGCAAATAGGCGAGGTCAAATTCTTAAATCACGGGGCGTTATTGCGGCAGGGTAACGTGTTGTTCTGCCAGCAGCCACATAGAAGAAAATCCCCCTCCGTCTCGGTTACGGAGGGGGCACTCTTTGAGAGAAGTTGTGCTCGTTCAGGAGGCTCTTGTGTGTTGTTTGTCAGTCTCCCGTTCCAACGCCCTTCTACGCTTTTGTCTTCTGGGTTTTTCGGCGATCCTTTTTTCGGCTTGTTTGGGGTAAGCGCAGGGCAGGGGGGAGCCATTCGTCATGTGCTTCAAGCAGCGCATCCACCATCGCCCAGATTTCGTCGAGCGTCAATTCGGCTGCGGTGTGCGGATCCAGCATCGCCGCGTGGTAAACGTGATCTCGGTTCCCAGTGAGCGCTGCTTCTACGGTCAGCTCCTGCACATTCACGTTGGTGCGGATGATCGCCGCGAGTTGTGGCGGCAAGTCCCCGATCACAGTTGGTTGCAGACCATTTTTGTCCACCAAAATCGGGACTTCAACGCAGCAGCGGTCGGGGAGATTCGTGATGAGGCCGGTGTTGAGCACGTTGCCGTAGATTACGCGCGGAATGCCTGTGACGACACTGTGGATGATGTACGTCCCGTACTCTTCGCTACGATGGAGCTCGAGTTGTGCATTGGGATCCTCAAGTTGGCGCCGGAGATCGTGCCATGTGCTAATGAGCCACTCGCAGCGCCGCGGGTATTCATCGAGGGGAATATTGAACCGCTCGATGAGGTCCGGACGATCGCGGCGAATGAAGTGTGGGCAGTATTCGGCAAAATGTTCACTGGATTCGGTGACGAAGTAGCCCAAGCGCATCATCATCTCGTAACGTAGGAGATTGTCCTTAGGAGCGCGTCCCTCCAAATAAACCCTGCGGAGATCGGGGTAAAGGTCGCGGCCTTGATGCTCAAACCTTAGGAAAAACGCCATGTGATTGATGCCTGCGCACAGATAGTTGATTTCTTCGAACGGGATGCCGAGATCGCGCGCGAGTTGACGGGCCGTTCCGAAAACGCTGTGGCAGAGGCCGACGGTGCGAATCTTGGTCGCTTTGAGCACGGCCATAGTGTTCATAGCCATAGGGTTCGTGTAGTTAAGGAACAGCACATTCGGGCAAACCTGCTCCATAATCCGGCAGTACTCGAGTAACACGGGGATGGTGCGCAGGGCGCGCATGATGCCGCCGATGCCGACCGTGTCGCCGATGGTTTGTCGTAAGCCAAACCGCTTTGGGATTTCGAAATCAGTCACGGTGCAGGGTCGGTACCCGCCGACTTGGATCATGTTGATGGCAAAGTCTGCCCCCTCGAGAGCGCGGCGTGGGTCCCGTGTCGCTGTAATTTTGGGTTTCACACCAACCTGTGCCGCAAGCTTGTGTGCTACGACCTCCGAGGTTCGAAGGCGCTCCGCATCAATATCGAATAGCGCAAGGTGGGAGTCGCGGAGTTCTGGAAAGGACAGAAGGTCATACATGAGCTGCTTTGCGAAAGCTGTACTGCCGGCGCCAATAAATGCCACTTTGATCATAGGTTTCTCCCCGTAGCACTAATTTTTTTCTGAGCGATCCAGCATTGTTGCGACCACTGCAAGTACTGTGTTGACGCTTTCGAGAGCTTCGGATGAGATTGCTACGCGTGATGAATCCAGTGTCTACGCAACCCCCAAAGCTATTTCAACACTAAACTAATTGTCAAAGTCCACTGTGAATTCTGAATGACAAGAGAAAATTTCACAAAAATTCGCTGTCGCGGTACTTGGCGCTGTTCTCGCCTTAAGGCAGGCGG
CP030759.1_gap86	3288605	3289105	500	GTCGTTTGGATCCTGGATCGTCGCCACCGCGCGTACTTTTACTCTGGGTACAGTGGTCTGCTCAAGGTAGGGCTGGAGTTCTTCATGGCTTGCACCAAAAAGGAATCCATTGAGGGAAAGTACTCCAGACAAGATAATGAAACGAAGATGATTTGTGCTCATTTTCTCGCACTCTATTCGTGAAAATTAGGGGAAACGGAAGCGTGCGAGGTCCTCTTCCGCATGCTTCGGTTCCGCCCCTTTTCTTTTGTGTGATTAGACGCATTGACAGCGGTCGAGAGAGCCGTCGTCGCGGTAAAATGCAGTGCAGCGCTGTTTAGGGTCGTCACAGGTTCCCGCGCAGTAGAGCATCTGCGAGCGTGGATCTATGCGTGGGCCACACTTGTCACCGCCAGCATACGCCACAATACTCGATACGAGACAGCTTCCTGCCAGCAACCAGAAAACTACGGATCGCGTCATAACAGTTCACCTCCTTTCCGCAGCGGGTACAAAAAAAA
