gap_id	start	end	length	sequence
CP036296.1_gap1	7979	8779	800	TGTTCAGGAAGCCAGGAGGCCGAGCCCCGGAGGCCAGGCCGAGTTCCCGAGCCGGGAGGCTAGGGACGGCTCGCGAGGTCGCCGTCGTCGCCGGACTCCTCGCTGGAGGAATCCTCCGAGCCCCCGTGCGGGCCGTCGTCGGGGCCACCGGGGGGCGGGACTGCCGGCTCCTCGAGCTTGTCGCCAACGCGATCGTTCGCGCGGCCCCGGTTGTCCATGTCCCGGGGATCGATCACGGTCGTGCCCCCTTGGGGGCCGTTGGGATCGAGGATGCCGCGCTCAATGCCTCGGCCGGCGGGGTCTTCGAGGCCCCCGGGCAGGTCGCCTCGAGTTCCCGATGCGGCGCTTCGGCCCACGGCGCCGCCGGAGCTGGGGGGCTGGATACGCGGTGCGGCGGGGTCTCGTTCCGCGGAGAACTTGGCGTCGTGGATGGCGGACTCGAAGTTACGCCGCGCCCTACGCATCTCCTCGTCGATGCCGGTCTCGCGTTTGAGGTCGTTGAAGGCACGCCGGGCCTGCTGGACTCGCCCGGCGACTTGGCCGGCGACCTCGGGCAGGCGGCGCCCGAAGATCAGGACCGCGACCACGGCGATCAAGAGCAGCTCGGTCGGGTTGATGTTCTGGATGAACGCGAGCACGGCGGTCACATGCTATCCGGCTGGGGGGGCGCCAGGTCAGTCGGCGAATTCGCCCGAGGGCAACAGGACGGGCGGGCGGCGTCTGGCAGTGATCGCCGGGGAGAGGCTGATGCCGAAGGAGGTCCCGCCCTCGCCGGAGCGCTTGTAGACGAAGAACTCGAC
CP036296.1_gap2	65839	69759	3920	AGGTCGTAGCGCTCGCGGCGCAAGCGCGCGATCAGGCCCACGATGCGAGACAACAGGCGCGGCCAGCTCGCGCCGCTCACGTCCAGGGTGCGGACCCCGTCGAACAGGCCCAGGCCGGCGGCGAAGCGGGCGTTCTGGTCGAGTGTCAGCAGCTCGAGGCGCGCGTCCGGATGGCGGCGGCGCAGGCATTCGACGGCGGGCGTCAGGAGCTGGATGCTGCCGATGCCCCAGAACTTGATCACCAGCACTCGCGCCGGGTCGTGCCCCGACTCCGCCCGATCGCGCAGCCAGCGCAGGGGCTGGACCGCGACGAAGGCCAGAGCGCCCAGGAGCTTGTCCGCCCGCTGGAGGCGTTGCATGGGGATCGAGCGGCTCACGCGCTCGACTCTACTCGGGACCGCCCGGACCGCGTGACCGGTCCCTTACCGCGGCCGGGCCCCGGACCCGCCGGCGGTCCACCCGCGGGCGGGAGCCCGACCCGGCGCGCCCTGTCGCCGGGAGCGGGGCGCGGTTATCCTCTCGCGCTTCGCCGGACCTCGCCCAACTCCAGGCGGCCCCGGCCGGATCAGCGGCGATCAGCTCCCCATGTGCGGTTTCATCGGCATCTTCGGCCCCGAGGGCGCGGACGTCGCGTCCGAGATCTACGAAGGTCTCCTCGCGATCCAGCACCGCGGCCAGGACGCGGCCGGGATCACGACCTTCACGGACACCTTCCACAGCCGCAAGGGCTTCGGGCTGGTGCGGGACGTCTTCGACGAGCAGGCCATGCTCGAGCTGCGGGGCCACCTGGGCGTGGGCCACGTGCGCTACCCCACCGTCGGGGTCGGTCGCGCCGAGGACGCCCAGCCGTTCCACGTGAACTTCCCGGTGGGCGTGGCCATGGCCCACAACGGCAACGTCACCAACTTCGAGGAGCTGAAGGACCTGCACTTCCGCTCGAGCGGGACGCGGCTCAACTCCTCCTGCGACGTCGAGGTGGTCCTGTTCGTCTTCGTGCGGGCCCTGTCGGAGCGCATCCGCCCCGGCGTGAAGGTCGGCCCGGACGACATCTTCGCCGCGGTCGCCGCCGTCTACGAAGAGGTCAAGGGCGCCTACTCGGTGGTCGCGACCCTGCCGGACGTGGGCATGGTCGCCTTCCGCGATCCCTACGGCATCAAGCCCATCTGCGTCGGCTCGAAGGTCGACGAGGACGGGCACGTTTGGCACGCGGCCGTTTCCGAGAGCGTGGTGCTGGACGTGATCGGCTACGAGCGTCAGTTCGACCTGGCCGCCGGCGAGGCCTATTTCGTCCCGGCCAGCGGGCCGCCGGTCCGCAAGCAGATCGGCAACAAGCCCCACCGTCCGTGCATCTTCGAGCTGGTCTACTTCGCCCGGCCCGACTCGATGCTGGACGACATCTCGGTCTACCGCACGCGCGTGCGCTTCGGCGAGGCGATGGCGGCCCAATGGAAGGCCGAGGGCGCGCCGATCCCCGATTCGGTGATCCCGATCCCCGACTCGTCGCGGGACGCGGCCATGTCGATGGCGGTCAGCATGGGGGTCCCGTACCGCGAAGGGCTGGTCAAGAACCGCTACATCGGGCGGACGTTCATCATGCCCAACCAGGACGCCCGCGAGGGCTCGGTGCGGCGCAAGCTCAACGCGATCCCGCTCGAGTTCGACGGCAAGGAAGTGCTGCTGGTCGACGACTCGATCGTGCGCGGCACCACCTCGCGGCGCATCGTCCGCATGGTGCGCGAGGCCGGGGCCAAGAAGGTCTACCTGGCCACCTGCAGCCCGCCGCTGGTGTCGCCCTGCCCCTACGGCATCGACATGGCGACCAAGACCGACTTCATCGCCGCGGGCCGCAGCCGCGAGGAGATCGCTGCGTCGATCGAGGTCGACTACCTGATGTACCTGGATCGCGAGGCCATGAACCAGTCCGCGCGGGCCGGGAACCCGTCGGTGGAGAAGTTCTGCAACGCCTGCTTCACCGGCGATTACCCCACCGGCGACATCACGCCGGAGGTGCTCGAGAGCATCGCGGGCGAGCGCCGGGACAGCCAGCAGCACCTCTTGCCCTTCAAGTCCAAGGTCGGCGCGGGCGGCTGAGCCCGCGGTGGGGCGCGGGGCGCGGAGCCGCCCGCGGGGTCCGATCGGGGTAAGCTTCGGCGCCGTCCCACCTCCCGTCGCGTGCCCGCGACCCTCTCCCGCTCCTCCCCCCCCCTCGCACCTCGACCACCGCCCGATGCGCGTGCTGATCACGTCGCCGGTCTTCCCCCCCGACTTGGGTGGGCCGGCGGTCTACGTCCCCAGCCTCGGCCGCTTCCTCGTGGAGCGCGGCCACGAGGTCAAGGTCGTCGCCTTCTGCGCGGACGACCACCCGACCGGCTTCCCCTTCGAGGTCACCGCGATCCCGCGCGGTCCCCTGCCGATCCGCTACCTGAAGGCCTTCTTCGCGGTCCTGCGCGAGGCCAAGGGCCAGGACGTGGTCTACGTGCAGGAGCACCTGGCCCTCCTGCACGTGCTCGCGGCCAAGCTGCGCGGCGTGCCCTGCGTGATCCGGATCATGGTCGACGGGGCCTGGGAGATCAGCCACCGCAAGGGCTGGATCGACGGCGACGACATCAACGTCTTCGAGACCAAGGAGTACGACTGGCGGGTCAAGCTGACGCGCCGGCTCCAGCGATTGTGGTGGAGCTGGACGCGGAACCTGATCTGCTGCTCCGACTTCCTGCGGGGCATCTGCGTCGAGCGTTACGGCGTGCCCGGCGAGAAGGCGATCCTGATCTACAACGCCCTGCACGGTCTGGACCCGGCGGCGGTGACCGAGACCAGCGTCGAGGCCCGGACCCAGCTCGGGCTGGATCCCGAGCGACGCTACCTCTTGACCATCTGCCGTCTGATGGTTTGGAAGGGCGTCGACGGAATCATCCGGGCCCTGGAAGGGCTTCCGGAGGACGTCGACCTCCTGGTGGCGGGGGACGGCGACATGCAGGCCGCGTGGACGGCCCTGGCCGCCGAACGCGGCCTCGGGCAGCGGGTGCACTTTCTCGGCAACGTGCCCCACGCCAAGATCCCGCTCTACATCCGCGCCTCGGACGTCTTCGTGCTCAACAGCGAGTACGAGGGCCTCAGCCACACCCTGATCGAGGTCACCACCCTGGGCACTCCGGCCGTCTGCACCGGGGTCTGTGGCAACCCCGAGGTCGTCGAGCACGGGGTCAACGGGCTCCTGGTGCCCCCCAAGGACGATCGCGCCCTGCGGGACGCCCTGGCCCGGATGCTGGGGGACGCGGCCCTGCGGGAGCGCTTCGCCCGCGCGGGGATCGAACGCTCCAGCCGCTTCACCAGGGAGTCGACCTTCCCCCAGGTCGAAGCGGTCCTGGCCCGAGCGGCCGGTTCCTAGCCCGCTGCGGGCGGCGTCCTGGACCCGGGCGGCACTGCGGTTCAGGTCCGACTTTAAGCGGACTCAGCGGTCTGCAATTGGAGCCCTGGCCGCCGCTGGAAGGTGTGACGGTGTCGAGCTTTCCACCAAACCAGTGTGGATCGTGGCCCCGCAGCCGGCCGATCCCTCTCCTGGGCTCTATACTTCGACCGCCGTTGGTCGTGCCGGACCCGGACTCATTCATCCGGCTCCAGACACCGACGGGCCCGCTCCCACCTCCAACTCTCCAGCTGTCGTAAGAGGCGTCTACACCCTTGAAGGTCCTGTTCATCAACGAGTACCTCCCGCAAGAGATGCTCGGGATCATGTGGCTCTCCCGTGCCATCAAGGACGCGGGGCACGAGTGCAAGGCGCTCTTCATCCCGGACAAGGAGTGGCTGGACAAGATCGTCGAGTACGACCCCGACGTCGTCTGCTACTCGGTGACCACGGGCATGCACCTGTACTTCGCCGACATCCATCGGCGCGTCAAGCAGGTGGTGCCCAACGCCTT
CP036296.1_gap3	79037	82278	3241	CGGATCCGTCTCCCGTCGGTGTCCCGCGCGGCCAACTCGGAGGCGAGCACCCAGGGTCGCTCGTCGCGCCGCAGGGGTGTGGCCACCCGCGCCCGCCGCAAGGTTGCGCCGTCCAGCGTCGCATCGAGCCGTCCGGGATCCAGCAGCGCCGCCTCGTCGAGCTGCGCGATCGTGTCGCCGCCGGGGCCGTAGACCGCGCTGCCGCCGCCGAAAGCGACGCCGTCCTCGAAACCGACGCGGTTGGCGAAGACCAGCCAGCTCTGGGTCAGGGTCGCGAAGGCGCCCGCCAGTCGGTCCCAGGTGCGCGCGGACCGCAGGCCCCGTGCTCCGCCCTCGGCGGCCACGCCGCGCGCCGGACTGGCGCTGGTAACGATCAACCCGTCGACCTCGTCCAGCAGGTAGGTGTAGGCGCCGGTCATGTGCCACAGGTCCTCGCAGATCAGGATCCCGAAGCGCCCGTGGATGCTGTCGAAGCTGCGGTAGCCGGTCCCCGCGGCGAAGTCGCGGCCCTCGTCGAACATGCCGTAGCTGACCAGGTGGACCTTGCGGTGCACGTGCTTCACCTCGCCCCGCTCGAGCCACGCCGCGGCGTTGTAGATCGCGCCCGAAGAGGAGCGCTCCACGAAGCCCACGCAGATCGAGAGGTCGCCGGACTCGCCGATCAGCCGCTGCAGCTCGGCAGCTTCGAGGTTCATGGCCAGCTCGGCCGTCTGGTCCTTCAGGAAGTAGCCGGTCAGGGACAGCTCGGGGAAGACCAGCACCTGAATGCCGTCGGCCCGCGCCGCCTCGATCTCGGCCAGGTGCAGGTCGAGGTTGTGGGCCAGGTCGCCCAGCCGCGGATTGACCTGGGCGATGCGGATGCGAGCTCGGTTCACGATTTGGTGGCGGCCAGGGCGGCCTCGATCAGGTCGTCGGCGCGGACGCCGCGCGCCTCGCCTTCGAAGCTGAGGATCAAGCGATGTCGAAGTGCGGGGGCGGCGACGAGCTCGATGTCCTCGTCGATCACGTGCAGTCGGCCCTCGAGCAGGGCGCGCGCCTTGGCCAAGAGCACGATCGCCTGGCCACCCCGCGGACTGGCGCCGAAGCGCACCGAAGAACGCACCACCTCGGGGGAGCGGGGCTCCTTGGGGTCGGTGCGGCGGATCGTTGCTGCGACGCGACCGAGCAGCGCGGTCGAGATCGGCAGCTCGCGGACCAGGGCCTGGGCCCGCAGCAGCTCCTCGCGATTCAGGCCCGACTCGATCGGCTCCGGCGCCTCGCCCGTGGTGGCCGCGAGGATGTCGACCAGGGCACGTTCGCTCGGGCTCTCGATGTCGATGCGCGTCAGGAACCGATCGAGCTGCGCCTCGGGCAGGGGATAGGTGCCCTCCATCTCGACCGGGTTCTGGGTCGCGATCACCAGGAACGGCCGCTCGAGTTGCTCGGTCTCGTCGAACAGCGTGACCTGGCGCTCCTGCATTGCCTCCAGCAGGGCGGCCTGGGTGCGCGGCGTGGCGCGGTTGATCTCGTCGGCCAGCAGCACGTTGGTGAACAGCGGTCCGCGGTGCTGCACGAAGCTGCGTCGCCCGCGCTCGTCCTCCTCCAGGACCCGCATGCCGATCACGTCCGCCGGCATCAGGTCCGGCGTGAACTGGATGCGCCGGAAGTCGAGGTCGAGGGCCGCCGCCAGGGTGCTGACCAGGGTCGTCTTGCCCAGCCCCGGCGGGCTCTCGAGCAGGGCGTGCCCGTCGGCCAGGACCGTGTACAGCAACAGGTCGACCACCCTGCGATGGCCGAGGAAGCGCCGGGCGATGGTCCCGCGCAGCGCGTCGATCGACGCGCACAGTTGCTCGACCTCGTCTTCGATCCCGCTCACCCGCAGCGCTCCTCGATCCAGGCCCAGAGCTGTTCGAAGTCCTCGACCCGTAGCAGGTCGGTCTTGGGGTGGGCGTTGAAGTGGTCGACGATCACCGCCTCCATCCCGACCTGCACCGCCAGACCGTCGCGCAGGGGATGATCGCCGCAGTGGACCGCGTGCTCGCCGTCGGTCCCGGCCTCGTGCAATGCGAGGCGGAAGATGTCGGGATCGGGCTTCTCGACCCCCGCCGTGGCTGAGCAGACGGTGAAGTCCAGAAGCCCCGCGAGGCCGGTCACGGCCAGCACGCGGGGCAGGCGCTCGCTCCAGTTGGAGACCACCCCGACCCGCAGACCCCGGCCGCGCACCCGCTCCAGGAACTCCTGGGCCCCGTCAAAGACCCGAAAGGTCGCGGCGTCCTCGAAGCGATCGAAGAGCTCGTCCGACAGGGAGCCAAGCTCGGCGCGGGGCAGGCGCAGGTGCTCGACGAAGATGACCTCCATGAACCGACGCAGCCACGGATCGGTGTAGCGGAAGGATCCGTCGATGCGCGCCGGAAGCTCCCGGTCGGCGCGGCGCATCAGCTCGAGCATGCGAGCGTCTTCGATCTCCAGCCCGCGATCGCGCCCTGCCGAGGCGTAGATCACTTGGCGAGCCGGCTGCTCGTAGAGCAGGGTGTGGCCCACATCGAGCAGGACGGCCTGGAGTGACACGGGTGGAGCTTGCGGGGCTGGTTGGGTGGGTCGGGCCGGCGTCAGCGGGGCGCACAGGAGTCTGACGAAGCCCGAACAGCGTTCGGTTTCACACCCGCTCGCGGATCGTACGATAAGACGCACTGGCGGTTGACCGTGCCGGGAGCCTGGGCGAAGGGGCCTGGAGCATCCGGTGGCGGGAACCGGAGGGCGGATCCGTCCGGCGCCCCGTGACCCGTGTCCTACAAGCTCCCGTGAGCAACCTCGAAGAGATCCACCCCGGCCGAACCCTGCGCACAGCGTCCGGCATCCGGCGCAGCCTGCGGGCTCTGGCCGGAGCCAGCCTGCTGACGGGCCTCGGCGCCCTCTGCGGCGGCTGCATGGGACCCGCCAGTCGGATCGCGGCCCAGGAGGACTGGCATCGGGCCGAAATGGCAAGCGCCCGGGGGGACTGGGTCCTGGCCGCGGATCTGTGGAATCGCCTGCGCCACGCCACCTACGCCGATCGCTCCCGGCCGCACCTGGAGACGGCCTCGGCCCTGGCCGAGTTGGGCCGCGAGGACGACGCCCTGGCTCTCCTGGACCACGCCATCGAGCTGTTCCCTGGTGACAAGCGGCTCTTGGCCCGCCGCGGACGCCTCTTGGCCGCCATGGGCTTCCGCCGGGCCGCCGAGCTGGACCTCGAGGAAGCGGTCGAGAGCGCGCCCGACGACCC
CP036296.1_gap4	253069	254202	1133	AGCGCCCCCGAGGACCTGGTCGCTTTCGGGGGTCAGGTTTGGTTTAGGGCCAACACTCCGGGCGAGGGCTACGAGCTTTGGCGCAGCGATGGAACCGCTGTCGGGACCCAGGTCTTCCAGACCTTCAACCCTGGGCTCGCCTCCGGCGTCCAAGCCGTCTTCGCCGGCGACGCGCACCTCTATCTGCACGGGGGCGACAGCAGTCAGGGCACCTTCGGCCTGTGGGCCACCGACGGCGTTCAACCGGCGACATTCCTGCACGCTTGGAACAGCGTGTCAGCCTTTGACTCCTTCAAGAAGACCGCTGCCGTGGCTGGGCGCGTGGTGTTCGACGTGGTCGGCTCCGCGGCTGATCGCGGTTGGTGGGCCAGCGACGGAACGTCGGGCGGCACGATTCAGCTCGAGTCGACGGCCATCACGGCCTGGACCGCGTCGGCGGGCGGCAAGCTCTACTTCGCCGGCGGCCCGACCGGTGCGCGCCTGCGGGTGACCGACGGGACCCTGGCGGGGACCGCCCAGGTCAACACCCAGACCTCCGCGGGCGGCCAGCAGGTGACCTTCACGCCGGGCGTCGAGGTCGGCGGCAAGCTGGCCTACGGCGGCGTGTTCCCGGGCGCGGGGACCGAGCTGTGCACGACGGACGGCGCGACCGTCGACCTCTTGGCCGATGTGGTGCCGGGCAGTGCGCCCTCCAGCCCGGACGGTCTCACCCTCTCGGGCGGCAAGTTGTTCTTCGTGACCGGCGCGGATCCGTCGGGACAGCAGTTGTGGTCGAGCGCCCCCGATGGCTCCGGCGCCGCGCAGGTCTCGTCCCTCGCAACCGGCGAGTTCGGCGAGGGCTTCGGCGATCTGCCGCGGTTGTGGCCCACGGCCACGGGCGTGGTCTTCGTCTACGCGGACTTCTTGAAGGGTGAAGAGGTGTTCACCTCCGATGGGCTCTCGACCGACGTCCTGCTCAACATCGGCGCGGACGAGATCGAGGCCGTCAGCTCGGATCCGCGCTTCTTGACGCGCCTCGGAGGCCACGTCTACTTCGCCGCCAGGGACGCGGTGGCGGGCGACGAGTTGTGGCGCACGGACGGCACCACCGAGGGCACGGAGCTCGTGGTCGAGGTCAACCCCGGCGCCGGCGG
CP036296.1_gap5	273117	276321	3204	CGGCGGCGTCCTGCAGTCGAGGTGAATGAATGAACCTGGCCGTCTTCAATCGTGTCATTTCCCACTTCGTGGTCGGTGCGTTCGCGCTGTTCTTCTTGGCGATCGCGCCACCCCCGATTCTCCTCGACGCGGTCGGAAGCCCCGCTCGAGCGAACAGAGAGCAGGCTCGGGGCGATCGCGATTCGGCTTCAGGCCGAGAGTCAAAGCCAGTTGAAATGACGGTCTTCGACATCGCACGCTCGCGGGCGAGCTGGCTGACCGGCGTTGTGCCCTGGAACGACTTCGTGCGAGGCCTACCGACCGCGTCCGGGTCATCGTCGCCTGCAGGTGGTAGGAACGCAGCGGCAACAGTTCTGTCGGCCGCGTTGTTCCTCCCTGTGGTCGTGGTGGTTGGTCTGATCATCAGTGCTGTCACCTCCGCGATCGTGATGGGCGTCCGACTCTGCGGCTATGCGATTCAACCGGTGTTTGGACGCGCCTATCGGAAGTTGAAGGGTGAGTCGGTAGGCACAGGCGTCTCCCTTCTATTCACTGGCACGAGCCTGCTCGCAGGCTCCCTCGTCCTGGCTCTTGCACTGACGACCGTCAGCGTCGCCTTTGGATGCATCGGGGCCCAGGAACTCGCGAGCGCGGCATACTGGTCGGGAGCGTGGACCGACAGCGCCTTGGTGGCTCTGGCAGTCTTGGGGCTAGTTTGGATCGGAATGCGGCGTTGGCTCGGATCTGCCAGCGGGAAGTCCGTGTCGCCTTCAGGAGAGCCGATCTGGGTTATGTTGGTCGAGCGGCACTTGGGGGGGCGGGATGTGAAGCTCCGTGAGCCCACGTCGCTCATCGGGTCCTGGGTGACCGCTGCGATGTTCTTCAATCTGCTCGGATGGCTGCGCGCGCGCGGGCTCTTCCTATCCTTTGGGCAAGTTCTTGCTCGACGGGCCGATTCCGGAGACGGGCCCAGGGAGAGATTCCAGTCGGACTATGACTGGGCGAGGACGCCGTGCGTCGAGTACCACCGGAGGATCGAAACTGCCGTTGAGTCGAGCGATGGGGCCGTTGCCAGACCCTGGAGGTTCCTCGAGTACCTGACGACCGATGATCTCGACGGCATGGCGCTGTCGATCTTCATGCGGTCGGGACAAGATCGGACGGTGAGCCGGTGGATCCGGCTGCGTGGAGTGTTTCGCACCGGTCGGGATGTCGGACTCGTGCTCTTGATCTGGGGGCTCGCGGTTCAGATCGATGCGAACGAGCGCCTAGTCGGGGCGGGAGAGCCGATTCTCGTCCAGTGGATCGGCTCCCTGGCCATGTTGGCCGGGTACCTGACGCTGGTGCTCTCCAAGCGCACCCAGTTGATTGCGGCACGCATGGTCGGGCGGGGCGCACTGCTGTCCATGCTCCGTCGCGCCCATCACTCACCTGCGGCTCCCTGAGTGAACTGTCGAGGCTCGCCGGGACGCTGCCGGGGACGAACTCCAGAAGGCCGTAGGTGAAGCATGGCCAGCGCGAGCGGCGGCACGTTGGTTGCCGGTGCCGCGATGCGATCAGGACTTCGGCGCCGCAGGTCCGGTGCCGCTGTCCGCGTCGAGGTCTAGCAGCGTGGCCCGCGCGTCCTCGCCGCGCTCCACCTGCACCCGCAGCACGCCGTCCGACAGGCGCAGGTGCACGTCCCGCTGGGGGAAGGCGATCTCGATCTCGTGCTCGCGGCAGGCGCGGTCGATGGCCATGTGGAGGTCGTGCATGATTCGCGTCCGGCCGACGTTGGTGGGCTCGTTGACGAAGACGCGGACTTGGAAGTTGAGCGTGCTGTCGCCGAAGCCGACGAAGAACACGTTCGCTTCGGGCTGGTCGAGCACCAGGGGGTGCGCCCGGGCGACCTCGGTCATGGTCCGGTGGGCCAGCTCGGTGTCCGAGCCGTAGGCGATGCCGACCACGAAGTCGAGGCGCAGGATCGGGTCGGACAGGCTCCAGTTGATCAGCTCGCCGGTGATGAAGTTGCGGTTGGGCACCACCAGCTCGCGACGCTGCCAATCGGTGATCGTGGTCGCGCGCATGCGGATGCGGCTGACGATGCCGGTCACGTTCGAGACCGTCACCGTGTCGCCCACGCGCACCGGTCGCTCGAGCAGGATGATCAGACCGGAGACGAAGTTGGCGAAGATCTCCTGCAGGCCGAAGCCCAGACCAAGAGACAGGGCCGCCACCAGCCACTGCACCGAGGACCAGCCCACGCCGATCGCGTTGAAGGCCAGCACCGTGCCGGTCGCCACGATCGCGTAGAGCGAAAGCGTCCGACTTGCGTAGCGCGCGCCGGCGTCGAGGGGCAGCTGTTGCAGCACCGCGATCTCGAGGAAGCTGGGCGCGTTGCGCGCGGCCGTGATCGTGATGGCGACGATGAGGATCGCCAGACCCAGGCTGGCCAGGGTGATCGGAACGGCGGTTTGAACCCCGTCGATGGTCACCATCTGGTCCCAGAGCTTCTTCTCCTCGAGCACGTTCAGGGCCGGCAGGATGTCGACCCACGTGAACCACAGCCCGATCACCACCAGGGCGCCGGCGGCGAAGCGCAAGAGGCCCTGGGTCTGGTCCTTGATCTGCGCCACGTTGATCGCGTCGACCGGATCGAGGAACTCGGCCTTGGCGTCGGCGTCGCTGGTGTCGCGCTTCTCGAGCAGCGCCGCGCGCTTCTCCATCGCCACCTTGAGCGCCAGCCGGCGCTGGGAGATGGTCAGCCAGCGCAACAGCACCGCGTGCATGGCGAGCACCGCGACGATCAGCACCAGCGTGCCCTCGAGCCGGTCGGCCAGGGCCAGGGCCGCGTACTGGTAGCCGGCGATGGTCATGCCGGCCAGGCCGAGGGGGATCACCAGCGCGATCGGCAGCCATGCCGCGCGGGTGCCGCGCACGATCGACGAGCGCGTGCCCGTACCCAACCCGAGGCTCGGCCGCAGGAGCGCCCCGCCGAGGGCGGCCACGGCGATGGACAGCACCACCAGGCCCAGGGCGGAGAGCGCCGTGTGCTCCTCGGCCTCGGACTGCTCGGCGGCCAGGTTGATCGCGAAGGTCGCCGCCAGGGCGATCGGCGTGAACCAGACCAAGTGGCGGCGCAGCAGCCGGCCCGTGTGCTCGCTCCACTCGAAGTGGCTGCGGATCAGGCCGTGGGCGCGGCTCGCGTCGCGGGTGTAGATCAACGCCAGGGCGACGGCGGCCGTG
CP036296.1_gap6	386550	388158	1608	TGTCCCGCGCGGTGTCCGCCAGGGAATGGTAGGTCAAGCCCGCCGCGACGGCCGCGCTGGCGTCGGTGTGCCGGTCCATGCGACCCCAGTCGAACATCGGCGTGGGGAACTTCAGCTCGTCGACGAGGTCGGCGCTGGGCCAGTGCAGGCGCGTGGGCGCGGCGCTGAAGGCGCGCAGGCCCCACATCAGCTGCTCGTTGGTCAGCTTCGAGGCGGGTCCGACGCCGTTGAACACGCCGGGCGTGTCGTTCTCCACCAGGCGGATCAGCCACGGGCACAGGTCGCGCGCGTCGATCCACTGCACCTCGTTGCCCGGCAGCGCGGGGCAGACCACGTCACCGCCGCGGTGCAACCGGTCGACCCAGTAGGTGAAGCGGTCGGTGGTGTCGCCCGGGCCGACGATGTAGCAGGGACGCACGACCGTGGCGCGCTCGCCGTAGACCGCGCGCACGATGCGATCACCCTCGGCCTTGAGCGGGCCGTAGGTCTCTCCTGTGACCGTCTCCACGTCCGGATCCGGCGCCGGCAGCAGCGGGCCGTCGCGATCGACGCTCGGCTGGGCCTCGTAGTCGTAGACGGCGACCGTGGACGTGAATAGATAGCGACCGACGCGCCCCTCGAGCAGCACCGCCGAGGCGCGCACGTGACGCGGCACGTAGCCGGAGTTGTCGATCACCGCGTCCCAGCGGCGCTCGCCCGCCAGCGCCGCGAGCCCGTCGCCCTTGTTCGGGTCGCGGTCGCCGGTCAGCTCCTCGACGCGGTCGCCGTAGAGCCCCGACTTGCTGCCGCGGTTGAACATCGTCACGCGGTGTCCGCGCTGGAGCGCGTACTCGATCTGGTGCGGACCGATGAAGCCGGTGCCGCCCAGGAAGAGCAGGTCGAGGGGCTTTCCCGACCGCGGCGCGGCCGCCAGGGGGCGCGAGAGCGCGGCCGGACCCAGGGTCGCACCAGCCAGGAGGGCGGCGCCGGCGCCCAGGAAGGATCTGCGTGTAGTCATGGTCACGGTCGAGTGTGGGGGGGCGGAGTCGCGTTCAGATCCTAGCCGGCGATCTTCGCCGGGTCTGCGTAGCGCGGAGGGCCAGGTGCTCGAGACCCCCTCGAGGGGGGCGACGGGCCCTCCGCCTGCGGGATCGACTACGGAGCGGCATGACTCAGCCACGCGCGTGGGCTGTATCGTGTTCGCCCTTGCGCCGGATCGGGGCTCGCCGCGCCCCGGTGGATCCCCTCCCGCCTCGGCCATGGTCCTCCCACCGACCCCCTCCCCATGCACCGCGAGATCCGCAGGCGACGCACCTTCGCCATCATCTCCCACCCGGACGCGGGCAAGACCACGCTGACCGAGAAGCTGCTCCTTTACGGCGGCGCCCTCGGTCTGGCCGGGTCGGTCACGGCGCGCAAGAACCAGCGCTCGACGGCCTCGGACTGGATGGAGCTCGAGCGCCAGCGCGGCATCTCGGTCAGCTCCACGGTGCTGCAGTTCGACTTCCGCGACCACGTCCTCAACCTGCTCGACACGCCGGGGCACAAGGACTTCTCCGAGGACACCTACCGCGTGCTGACCGCGGTGGACTCGGCGGTGATGGTGATCGACGCCAGCAAGGGCATCGA
CP036296.1_gap7	435969	438959	2990	TCGCGTCGAGGATCCGCCGCGCGCGACCTCGCACCAGGCCGGCGCTGCGCTCGGCCGCGGTCAGGTCGGCGAGGGTGAAGTCGTCCCGCTTTCCCGCGAGCGACATCTGGTGGCGGCCCGTCCATGTGCCGTTCGGGTTGTAGGCGTAGGTCACGTCGAAGGCGGGGGCGAGGCTCCAGCGTCCGCGGCGGTCCATCAGGAAGGCGACGTTCTTGGTGTGGTCGTCCTGGTTGCGCGCGACGACGTTGAACACGGCGCGGCGCAAGAGTTGCTCGACCTCCGCGGCGCCCAGGCCGATCCGCCGCGCCACGTCGAAGGCCTGCTCCCAGGCGTGGGCGCCAGGCAGGTTGAAGTCCAGGTGGGCCAGGGCGCACAGGGACTGCATGTGGAGCTTGGCGCCGCGCTCGGTGCGATCGAAGCGGCGCGTGGCGAAGTGCGCGCGCCCGCCCTCGATCAACAGGCGGCACTCGCTCATGGGCACACCCGCCGCGACGGCCATGCGGTGGTAGGCGTATTCGATGCGGCCGTAGCCGAGGGGCACGTCGATCTCCCGATCGGTGTCGCCGACGACGCCGTCGAGCTTGAGCAGCCAGTGGGAGAAGCCCTCCGGCGCATCGAGTTGGCCCGAGCGAACCTCGTTCGTGTCCGGGTTCCAGGCGATCACGGCCTTGGCCCGCGCGCCGCCGGCGGAGGTGCCGACGCGCAAGAGGTCGTGCACGGCGTCGGTGCGCTCGGCGTCCGCGAAGGAGGCGGCGAAGCGCGCGCGGTCGGACACCACGGCGCTGGCCAGGTCGACCAGGGCAGCGACGTCGAGGGCGGTCGTCCGCCGCCGCGGCTCGAGGATCGCCGGTGCGAACTCCAGGGCTCCCATCCCGCGCGCGCCGACGTAGCACAGGCGTTGGACCGGATCGAAGGACGCCTGGTCGCGGCCCTTCGCCGCCAGCCAGGCGTCGATCAGCGCGTTGCCGAAGCGGTCGGGCAGGGAGTCGGCCAAGAGGCCGGGCAGGCCGTGGAAGCACTCGCGCCCGAGCCCGGGGAAGCTGAACAGGTCGCGGCCCAGGGGCATGGTCAGCGGCGCGACCTCGATCCCGCTGCGGGCGAAGTCGGGGTCGTACTCGAAGCGCCCGACCGACCGCTCGGCGTCCCACGACACCGCGCCGATGCGGCTGCCCCACAACTCGACGGCGGCCGTGGTCATCCCTCGGAGGACTCCCCGTCTGCGGGTTCCTCGTCGCCCCAGCGCCAGGGCTCGTCGCCGCTGCCCGCGCGCGGCCCGCTCGCCCGCCGGCGACGGCGGCCCTCGCGCTGGAGTCGATCGAGGGGGCGGTCCTCGACCGCCGGCGCGAGGTCGGCCAGGCCCTCGCCGAGGCCGAGTGCGTCGAGGATGCGGATCAGGTTGGTGAGCTGGGTCGAGCGCCCCGCCTCGAGGCGCTTGACCGTGGCCAGGGAGACGCCCGCCGCCTCGGCCAGGGCCGCCTGGGTGAGGTTGCGAGCCAAGCGCAGGGCAGCCAGGCGGTGGCCGAGCTCGGCGATGGCGGCAGCGGGTTGGGGGGCGCGATTTTGAGCCATTGGGTTCTCAGGGAGAGCTTGTAGCTCAGAATCGACACTTTTGGCGCCCGGGGCGCAGTTTTTGGAAGCGTGGGTGCAAAAGTGGTCTCTTGGATGGCTCGCGTGTCCTTAGGGCGCATTATTGAGCCCTTGGCGGCGCGAAGCCACCGAGGTCGATGAACACGAAGTCGCCCAGGTCGAAGAGCCCGCCCACCAAGCAGGCCAGGTAGACGGCGCTGCGGTTCGCGCGCCAGACGAGAAGCGCGCACACGAACGTCACCAGGCCGGCCCAACCCAGGTTGAACCCGTGCTGGCAGAGCACGGCCCCGACAGCATCCGGATAGTCGAGCTCGAGGGTCGAGAGTTCGACCTTCGACGTGATGGCGTGGAAGGCCTCGGCGGTGCGGCCGGTGACGACACCCTTCACGGTCATCACCCCCGCCAGCAGGTGCACGAGCCCCCAGATGACCCACAGGACAGCGGAGATTCGAAGCAGGACGTTGGCACGCCGCTCGGTGGCTGCGGTCATGGTTGGTCGGCGGCGGGGAACGGGAAGGCCGAGAGGGGTGAGCATCCCGTGCGCGAGCACAGGGAACGGTCGCCGTGCGGCGAGCCACTCACGTCGGAGGTCCTCGCGCGGACGCACGGCACGAGTCCGGTGGTTCTGCGTCGCGTGCTCGCCAAGCTCAATCGAGGGGGCTGATCGAGACCCGCTCCGGCGCGGGAGGGGGTAGCGTCCTCGCGCGGCCACCGGGGAAGATTCGCCTCCGCGAGGCCTACGACGCCGTCAACGGACAGGAGGGCCTGCTCGCGCGGCATCCCGCAAGCACCTGCGACGGCATCGCCGAGATCGTCGGCGAGTACGTGAACGAGTTGTCCGATGAGGCCGAGCGCGCCCTGCTCGCGCGGCTCGACGGCGTCACGGTGGCCGAGATGGACCGTGTCGTCCGCCGCCGGATCCTGAACAGGCGACGCGGGGCGTCGGTGCGAGGCAACGCTGCGCCAGGCGGCAGATCCAAGAGCAAGAAGCGTTGAGCGCTCACGGAACTCGGCCTCGCAACCGGACATTGCGATCCGGGATCGCCCAGGCGCGTCTTGCGCGCAGAAGCAGATCGAGGCGGCGCAAGGGTGCACGGCACGGCCCTCGTCGGCTGCGACCCGAGGGTGATCGATCGGCCCCGCGCAGCCCGCTCGCCCGAGAACTGGCGCGTGTGCACAGATCAGACGCGGCTCACTCAGCGGATGTCAGGGTCCCGTGACTTCGCTGGGCCCGCCGTTCGAAGGGCGCGCCGGCACTCGTGAACGCGACGCTGCGGCGCCGAAACCGTGGATCGAGGGCGTTGTCGTGCGGGGCAGGTTGTTCGCGGCCACGCTGGAGCGGGCCATCCAGCCTCACCGCGACGACCAATGGGTGGGAATCACCGACCCGAGCTGAGTCGGCG
CP036296.1_gap8	440851	445804	4953	CGTCGCGTTCGGCGGCTCACAGCGCCTCGACGTCAGTCCCTCGGCTGCGGGTCGCAGTGCCGGAGTGGAGAGCGTCGGCCTCCCTCCAGCGCCGCGCGTCGGGTCCGTGAAACGACGCCAGCCGGCCGCCCGCGGGTCCGCTGCCGGGGCCGAGTTCGATGCGCTGGTCCGCCGCGACGATCAGCGGCGTGCGGTGTTCGGCGGCGACGATCAGGTGCCCCAGCTCGGCCAGTCGGACGAACACGCGCGCCACGCGACGCAGGTCGGACTCGTGCAGGCCGGTCGACGGCGGCGACCAGCTCCTCGCGCGGCTCGAAGCGCGCCTCGAGATCCTCCCCCGCGGGTCGCTCGCCCGCGGGGCGCTCCGCTCGAGTCCTGCGCCGCGCCTCACCACGCCAGCGCTTGGCCGCCAAGTTGCGCGCGAACCGGGCCAGCCAGCCGCGCAGCCGGCGGCCTTGATGGGGCACCGCTGGTGAGGGAGACGCTCCGGCGCACGCTGCCACACCTCCTGGGCCAGGTCGTCCGCATCCTCCCCGACGAGGTGGATAGCCAGCCGCCCCAGGAAGGCCTGGTGGACGAGCCGCTCCTGCGCGATTGTGGGGTCTTGGTGCGGCATCCGACGCGGTCCGGCAAGAAGAACACCTCGACGAGCCGATCGGATTCAGGTGTCCGTCTTAGGACCGATGTTGACGCACGCCGCGCGATCGCGAATCCGCGACCCCCAGTTGGGAAGAGAGGCGCTACGGTCGTAGCCGATTGGCCGGATCGGCCACGCGGCGCCCGACCGGCGCGCACGGGAGGCTATCGGAAGCGGTCGGCGGCCGGTCGTCGGCGCGACGGTCGCCGCTCGGAAGGCTGCCGCGCAGGCTCGCACCACTCAGAATCAGGGCAAACAGACCAAGATGACTCCCAAGACCACCCGTGACCGGATCGCCCAGATGAACTTCGCGTCCGTCTACCCGCTCTACGTGAACAAGGTCGAGAAGAAGGGCCGCACCGAAGCGGAGCTGCAGGAGGTGATCACCTGGTTGACCGGCTTCACCAAGGCGCAGATCAAGAAGCACATCGCCGCGGGAACGACTTTCGAGGAGTTCTTCAAGCAGGCGAAGCTCAACCCCAACGCCTCTCAGATCACGGGCCTGATCTGCGGCTACCGCGTCGAGGACATCGAGGACCGCCTGACCCAGGAGGTTCGCTACCTCGACAAGCTGGTCGACGAGCTGGCGCGCGGGAAGAAGATGGAGAGCATCCTGCGCTCGTAGGGCGGGCCCGATTCGAGAGCACTGACTCCGAGCGGGGCCCTCCTTCTCATTCCTTACAGGGATACGTCATACTGACGGCATGCAAGCTCGCCTGATCGCGGAGCTGGTGCGAGCAGCGACCGAGCTGCACGCCCGCCGTCTGTGGGAGCGGATCGAACCCGACGCATTCTTCGTCGTGCACCTCCCGGGCGGGGAAGATCCGCTCGCTGCGGCGGTGATGGGGCACGACGGCCGGGACTACGGCATCGTTTTCACGAGCGGTCCGGACGCGCTCGAGCAGCTGCTGCGCGTCTTGGGTGCCCAGAGTCAGGGCGGACTCGACCTCCTCGACTGCGAACTCCTGTCCGTCACCGTCGATCGCTGGAGCAGCTTGCCCCGGCGCTTTCAGGAATGGCTCCAGCGGGGCCGAGTGAAGTCACGGCGTGAGAAGCTCGTGCCCTTCGTCGGCGTCCGCCGACCCGGTGGGGACGTTCTGCACCCCCCCAGCGCGTCCGACACCCGCAAGCTCTTGGCGTCGGTGCGCGCGATCGTCGACGCCGATCGCGCCGGCGAACTGACCCCGCGACCCCTGCGGTCCGCGCGCTCGAGGGTCCTGGTCCTCAAGGTGACCGGCGAGGGCGAGCGACCCGGATGGAAGGTCCACTTCGAGCAGCTCGGCCCCAAGGCCGCGCGGAACTTGACCGATCCCCCCCGCCGCGAGCCGCCCCGACTCGCCGACCTCACGTCGATTGAGCCGACGATCGAGCTGGACCCCGACCTCGCCTGGTTCGCGGGCTGCCATGTGGCCGCGATCAACTCGGACGGCGTGTCCGACCAGGTCGACCTGGCGTTCGTTGCCGACGACGAGGGCTCGATCCTCCTCGCGTCGGATCCCATTCGGTCGGGCGACGCAGCGGGCATCCTGGCCGTGCTCCGCTCCGCCATCGCGAATTCGTCCGAGGCCTACGGTCGGCCAGTGGCGCCTGGGACCATCACCTTCGCCGACCCGGTGACGTTCGACCTGGCGGCCGAAGCGTTCCGCGCGTTCGGGGCGACGGCACGGCTGGCCCCGCCTTCGAAGGATGTCACCGAGCTCCTCGACGAGATGTCCGCGCATCTCGAGGTGGTGACCTCGGTCCTCGCACAGCTGCCGCCCGACGACGTCGAGTCGTGGAAGGCCCGCGAGCGCGCCGTGATCGCGCGCTACATCGAGCCGTGCGCGCGCGAGATCGGTCCCCGTGCCCTGCAACGATTCTTCGGCGGGACCGACGAGGCGCGCGACGCCTTCGCCGGCTACTCGCCCGGTGCCGTCGAGCCGTCCTTGATCACCTGGTTCTTCCTCGACTTCCGCGCGAATCGACACAGCCGCACGCGCTGTGAGAAGCTGCTCGCCAAGCGGGGCCTGGAGGCGATCGACCGTTCGATCCTCGAGGCGTACGAGGACTCACGGCTTTCGCTCTATCGCGTGGAAGCCGTCGTGCCCGGCGAGTCGATCGACGTCGAGGACATCCTCTTCGGCGGCCAGTACGAGGTCCAGGACGCCGCGCTCTCGGGCGGCGCGCGGGTCGGGATGGTCCTGCCCCTGCGCCTCGTCCGCTTGGGCGAATGGCTGGTGCCGATCATCAGCGGCCCCGTCGTCGGTCCTGCGCAGACTGCTCGGCTGTTGGCGACGCTCGGGGACGCCGGGCTCGACACCGATCCGAAGAGCGTGAGAGCAATCGCGCACCTGTTCGGCCGACTGTGGCTCGACGCCCGGCGGGGTTCCCCCACGCTGCAGACGACCGACGGCGACCCGCGCGAGGCCCTCGTCGCACGGTTTCACTGCGACGATCCCGCGGCCACCGAGGCGGCGCTGGTCGCCGACGAGAACGTCGTCGACGAGGGCGGCGGGCACTTCGTCTGGCTCGACGACGCGGTCCAAGGAGACGGCGGGCAAATCGTCCTGGGCCGCCTGGACCTGATCGGCGCCGAGCTGGTCGTCGAAGTCATGTCGCGCCGACGTCTCGAGCGGGCGAAGGTCTGGCTCGAGCGATCGGCGGGCGCGCGCTTCGAGGGGGCGGGGCCGCCGGTGACCGCGCCCGACGACGTGCAGCTCGAACGCGGATTCATGGTCGAGGACGCCGAAGCCGACCTCAGCGCCGTCGTCGAGCAGCTGCTCGAGCGGCAGTACCTCGAACAACTCGAGCAGCCCATCCCGGCCCTCGGGAGCCAATCGCCCCGTCAGCTGGTGCGGACGGCCGAAGGCCGCATCGTCGTGGAGCGCTGGATTCGCGCCCTGCCGACGGTCGGGACGCCCCACGGACCGGTCGAGCCGCCGCGCGAGAAGCTACGGCGGGCGCTCGGTCTCCCGTAGCGACGCGGCCGAACGAGCGAGTGCCACTCGGCCCACGCGCCGCACCGCCCACTCGAGCTCGACGCACTCGCCGAGAATCTGCAGATAGGGGTCGTGCGACGCGGCCCGGCCTCGCGGACTGCCGACAACTTCTCTTACTTGGCACGACCGTCGATGGAGGTCCACCCCCGTTCCCTTTGCTCGCGCCGCAAGGGCCTGGCGGGCGGCGCCGTACCTCGCGTGCGGTGTCGCACTGCCTGCGCAAGGAGTGCGACACCGCATGGCTCAGAGCGGGCCCGAGACCGCGATGATGCTGGAGTTGCCGCAGTCGTCCTCGTGGATGTAGGCGATGTAGTAGCCGCTGGCCCACACCGTCCCGCTGACCCAGCTGGGGCCGTTCGTGGCCCACTGCCACTGACCTGCCAAGTAGCCGTTGACCGTCGTCGGGTAGTGGTCGTACAGCGCGACGTAGTCGTTCGGTCCGGGGTTCGTGACGCTCCAGTTCAGCGTGATGTAGTAGAAGAAGACCCCAGAGTAGATCGTCATCGAGACGCTGGCTGCTGGCGGGGTCGAGCAGACCGTCGGCCCCGCCGTGTCGAGCAGCGTGCGGTTGCCGAGGGCGTCCTGCTGGACGTAGCCGGAGTAGTAGCCGGCGCCCCATGACTTGCCACTGACGAAGACCGGCCCGTCCGTGGCCCATTGCCACTGACCGATCAGGTAGTCGTCCACTGAGCCCTGCGTCGGGTCGTGGTCGTAGAGGGCGACGAAGTCACTCGCCCCGGGATCGGTGACGGACCAGGAGAAGGCGACGTAGTCGTCCAGCACTCCCGCGTACTTGGAGATCGTGACGTCCACACCGGTGACCTGGGTCGGGCCCTTGCTGGCCAGGACGGCTCGGTTGCCGTGGACGTCCTCCTGCACGTAGCCGATCCAATAGCCGGCTGCCCAAGGGGTGTTGCTGGCCCACGGCGTGGCGGAGGTGGCCCACTGCCACTGATTCACCAGGTGGGCGTCCGGGTCGCCGCCCATGGGGTCGTGGTCGTAGATGGCGACGAAGTCCCGATCGCCGGCGGTGCTGAAGTCGACAGTCCAGCCGAGCCAGACCCAGTCACCCGTGACGCCGTCGTACTTCTCGATCACGACGCTCGAGAGGGCGACCTGCGTGGGGCCGGCGGTGTGGACGATCTTGCGCACGCCGTTCAGGTCCTCGTGGATGTAGGCCATGTAGTAGCCGGCCTTCCACTTCGTGAGGCTCTCCCAGGACGGTCCCTGGGTGGCCCACTGCCACTGGAGGGGCAGGTAGCCGTCGGGTCCGACCGCGTAGGGGTCCTGGTCGAACAGTGCGACGTAGTCATTCGGCCCGGCGCCGACCCAGTCCCA
CP036296.1_gap9	447202	451400	4198	CACGTAGTCGAAGGTCGTCTCGACCGTCGATCCGAGGATCGGCCAGGGAATCGGGGTCGACCCCGGGAACGCGGTCTCGAGCACCGAGACGTCGCCCAAGAACTTCACATGGCCGACGTCGTAGGGCACGAAGGACGAGACCGGCTTGGCGGCGAAGCCGAACAGGACGTTCTCCCAGGCCAGCAGCCAGTCGAGGTCCTGATCGGTCCACTCCTGCGCCCACTCCGGCCATGGCCCGGCGACGTTCTCCGGCCAGCACTGCCGCGAGACGCGCGTGAGGAAGTAGCGGTCGAAGCGCCAGTCACCCACGATGTGGGCCATGGTCCCCAGGAAGTGCGACAGCAGGACTTCGTCACCGGGGTTCTGGCGCACCCGCTCCGCGTACTGCGTGAGGAACCAGGCCGAGTGGGCGTCGTCGGCCAGGTAGTACCAGGACGCCGGCGGGATGTTGAAGGCGTCGGGGAAGTTGACCCCGTTCAGGTAGGCGTTGAGGTTGGTCGGGTCGGCCAACAGGGCTTGCAGCCCGGCGTCCTCGATCAGGGTCAGGGCGTGGGTCGCCTGGCTCAGGTGCATGGTCGAGCCACCCGCGTCGGCGGGGGCCGCCTGGAGCAGGAGCAGCAGGCTCCCGCACAGGGTCGAGATGGTCGGGGTTCGCATGGGCTCTGTCGGTCAGGGGGTGCGACGAGGGCGAGCCGGGGGCGCAGGTCGCGGAGCGGATCCGCCTGCGAGGGTCGCCACACCTCGAATCCCGAGAGCGCGCTCCTGGACCGACATCGATCCGGCAGAAATTGCTGCATCGACGATCGAGGTACCCGTTGAAGGCCGCGTCATCGGCACAATCGAGCTCTCGACCGCGCCCCACCCTCCTGCCTCGCAACAGGATGGAGAGCATCCTGCGGTCGTAGGACGAGCGGGGCGCGGTGTCGCACACGCGGTGACGGATCCTCGTCGATCGGTAGCTGCTGCCGATCGGAGGTCTCCTGCCGCAGGGAGTGCGGGACCGGGCGCTGGTTCAGACCGCGAATGAAGAGCCGATGACCACCCGGCCGACTCTCGCCGCAGCTGGACCAAGAGGGCCGAGCCGGCTCCTAGAATCGAGCCGTTGTCCCTCCTGCTCGCCCTCCCGGCCGACGCCCCCTTCGCCATCGGTCACGTCTCCGGCGCCTGGTCCGGCCCGAGCGGCGTCGCGACCGCCGAGGTCTACTACCCCGCGACGACCGCCGGCGAGGGCACGCCCGTCGCCGCCGTGCCCGGCGGGCACCCCCTGGTCGTCTTCGGCCACGGCTTCGTGATGCCTGCCTCGGCCTACGGCTACCTGCGCGACGGGCTGGTGCCGGAGGGCTTCGTGGTCGCGATGTTGACCACCGGCGGCGAGCTGTTCCCGGACCACGGAGACTTCGCCCAGGACTTCCTCACCGTGGCCGAGGGCCTGGCCGCGGACGGGGCCGATCCGGCCTCGCTGTTCTTCGAGGCCCTGAGCGGCCGGGCCGCCGCGGCCGGGCACTCGATGGGCGGCGGCGCGAGCCTGCTGGCGGCGGCCCAGGGCGACACCTTCACCGCCGTCTGCAACCTGGCCGCGGCGGAGACCAACCCCTCGGCCCAAGCGGCGGCAGCCTCGGTCACCCAGCCGCTGCTGATGCTGTCGGGCGGCGACGACTGCGTGACCCCGCCGTCGCAGCAGCAGGCGATGTGGAGCGCCGCCGCGTCGAGCTGCAAGAGCTGGATCACCCTCCTCGGCGGATCGCACTGCCAGTTCGCGAGCGCCACCTCGGCCTGCGAGTTCGGCGAGCTGTTCTGTTCCACCTCGCTCGGCGGCGCGGAACAGCGCGCCCTCGTCCTCGACCTGCTCGTCCCCTGGCTGCGCGCGGTGCTCGCCGTCGAGCCCGCCGCGTGGAGCGAGTTCGTGGCAGTGAGCCAGACGAACCCGGGCCTTGCGACCAGCGCGGTCTGCACGACCGACCTGGCCGTCGAAGCGGTCACGGGCCTCGACGCCGCGCTCGCCGGCGGCCTCACCGTCGCGGGCGCCGGCCTCGGCTTCGTGGTCGAAGCCACCGTCGATGGCGCCGCCGTGGCCTTCGAGCCGCTCGGCCAGGGCGCGCTGGAGCTGACGGTGGGAGCCAGCGCCCCCGGCGCCTTCGACCTCGGGCTCGTCGACCTGTTCGGCTCACTCGACGCCGCCGGCGCGGCCCGCCGCTACCCCGCGCTGCTCGCCGGACCCGCGCCCCTCGGAGGGACGCTGACCCTGTCCTTCGACGCGGGCCTGGCCGGGCCCTTCGTGGTCGCCTGGTCGCTCGACCCCGGGCCGCCGATCGCGATCCCGGGCTACGCCCACGTGCTGCAGCTCGGCAGCCCGCTGGTCGTCCTCGCCTCCGGCGCGACCGACGCCGCGGGGACGGGCGCCGTCGCGCTGCCGCTTCCAACCGACCCCGCTCTCCAGGGCCTGACCGTCCGGCTGCAGGCCGTGGCCAACGCTGCGAGCGGGCCGAGCTTCACGAACCTGGTCGACGTGACGTTCGAGTAGAGGGGCCGGCTCGAGGTCGCCGTCTCCGGGAGGCGCCGACCGAGGCGGGTCGATCGAGCTGTGACTCGGGCCTGCTGGTGGTGAGCAGCCCCCGGGCCTACTCGGAGTAGCCGAGCGCCCGCAGCGCCTCCAGCTGCTCGTCGGACATCTCGGCCTCCTCGCCCGCTTCGAAGCGCGCCGCGAGGAGTTGGTGCTCTTCCCACAGACGCCACAGCCGTTGCCGCGCGTCCGCGACATGCTCGGGGTGCTGCGCCGAGACGTTGCGGATCGCCAGCGGATCGGCCTCGACGTCGTACAGCAACAGGCGCGGCACGTCGGCGAAGTCCTGGGCCGCCCAGCGCCCGCCCGCCGGCGCGGGGTGACGCCCGAGGGCCGGCGACGTCGCGGAGTCGCCCGAGCGGATCTCGAGCGACTCGCCCCAACGGCCGTCGAGGACCTCGAGGTTGCCGACCACCGAGCCGTCGCCGTCGATCCGGAACTCGTCGAAGACCACCGGCTCCGGCGTCCAGCTGTCGTCGCCCATCAGGGCGGGCACCAGCGAACGCCCTTGAGCGATCAGCGCCTCCGGGAGCCCCGCCAGCTCGAGCACCGTCGGCAGCACGTCGATCATCGACACCGGCGCGTCGACCCGGCGCCCGCCTTCGATGTGCCCCGACCAGATGAAGATCAGCGGCACGTGGGACTCGAACTCCCCGAGCAGCGCGCCCTCCCAGGCCGGCGGCTGGGGGTCGAGCTGCCCGCGCCCGAAGCGCGGGTAGCTGGCGGCGGGGTGGCCGTGGTCCGAGCCGATGATCAGCAGGGTGTTCTCCCACTCCCCGCGCGACTTCAGCTCGGCGACGAGCTCACCCAGGCGCTGGTCCTGGTACATCATCGCCTCGTCGTGGGCGTCCTGCATGGCCCGGTAGAAGGGCAGCGGGTCGATGCCCTTGCTCGCCAACTGTCCCTGCCAGTGCTCGTGCACGCTGGCGGAGGTGTGGTTGAACGGGAACCGCATGCCGAGGATCTGGCTCGCGATGGCCTCGCTCTCCGTCGCCGGGATCAAACGCCCCGCGAACGGCGCCGGCGGGTGGTGGGGCGGGTGCACGTCGGTGGTCTGGAAGTGCACCCAGTAGGGCCCGGGGTAGGCCTCGCGCCAGTCCCAGTACTGCGCGTGCAGGATCTCCGACGAGATCGCCTCGATCGGGTCGAAGGGGCTGCCCCGGTGGCCGAAGTCGCGGAACACGTCGACGGCGCGGTCGAGCCCCGAGCGGGCGCCCGCGTTGGGGTTGAAGGTGAACACGCCCGTGTGGAAGCTGGCGTCGTGGAAGTGCTCCGCCATCGTCTTGACGTTGGGCGGGATGGGGTTGGTGTCGTTCACGAGCCCGCCCAGCACGCTGTGGTGGAGCGAGGTCATGAACGACGCCGTCGACGGCATGGTCCAGGTCGCGTTGCTGTGGGCCTGCTCGAAGACGACGCCCTCGGCCGCGATGCGCTCGAGGTTGGGAGTCGTCGGCCGGTCGTAGCCGTAGAGGCTCATGTAGCCCGCGCTCGCCCCGTCGATCACGTAGAAGATGACGTTGGGCGGCTGGGGCGCGTCGGCGGGGTCCTGCTCCGCGAGGCCGGAAAGGGTGGGGGAGGCCCAGAAGGCGACGCCGGGCGCGGACGCATCGGCCGCGTCGGCCACGAGCGACAGGGTCA
CP036296.1_gap10	490201	492053	1852	GACGATCCAGCTCCGCGCGTCGTCGACGGTCAGGGTCGCCGTGCCCGAAGCGGGCACGAGGATCGCGTCGGCGGAATCCGGCCCCGTGGAGTCGAGCGCCTTCGATCCATCGCTGCGCTCGGAGTCGATCCGGAACTGCACCACCCTCTCGTCCCCGCCATAGCTGGGACTCTTGCACGCGCCCAGTGCGAGCAGGCACAGCCCGAGGGCGATCAGGCCCGTTCGGCGCAGGTTGACCATCACTCGACCTCCAATTCGATCAGGCGCCACCAGCGCGTCAGGATCTCGTGGGCGTCCGCGCGCGTCGTCACGAAGTCGACACGGGACTTGAACTCCTTGAAGGTCAGGCTCACGCGCGCCTCATTGACTTCGGTCTCCGGGTCGTCCTTCCTGAGGGGGTCGACGAGTTCGATCGACTGAACGGCGATTCCGCTGGGCTCGAATCGATCGACGAGTAATTTCGATAGCTCGCCGGTTCCAAGCCCTGTCTTTGCATAGTCGATCAATGCGTCGCCGAGCCCTGGTCTCTTCACCTCCCACTGCGCGCCGACGATCACGTACAGATGCCCTTGATCTGTATCCGGATCGCGGAGCCCAGCGACCGCGGGGTCGCCGAGCTGCAACTGGGCGATTGGCACCCCGGACGAAGGGTAAATGCGATCGAACAGACTCTGCACGGCCTCGTCCTCGTTCCAGGAGAGGTCGATGTCGCCCTCGACCTTCCCTTCGCCCTTCAGCTTGTCGAGAGCCTGGGTCCCGGCGTCCTCGAGTGTCGACTGGATGACCTTCCAGGCCGAGTCGAAGTCGAAGGGAGGGGCGTCCGGTGCAAGTGCCCGCAGGAGCTCGAAGCGCGACGCGGTCGCGACCTTCAGGCTGCCGTCCGGAAGGTAGCCGTGGACGCGGTCGACGATTTCTTCCTGGGATACGTCGATGCCGTTGTAGCGCAGGATCATCGAAGCGCAGGCCGCCCAGCACCACACGGGCTCACGCTGCGGGGATTCGACGGCTTCGAAGCCCGTCAGCGTGACGGTCTTCATTCCGTACTCGGACTCGGTACCCGCCGGCTGCGAAAGGCTGTCCGCGTCTTGAGGCAACGACGGCTCAGGGGAGTCATCAGGCTTCGGAATTGGAGGAAGCTCGATCAGCGCACATCCCCAAAGTAGCGCGAGCGGTATCAGGGCCATGACGACGCTACGTAGGCTCGAACAGACTTTGGGCCTGGACACGAATGATCTCCAACGGGGGGGACGCGGTGGGGGGGGGGGCACGCCCGAAGCGCGGTCGGGGCAAGACTCCGCTGATCGAAGCACCCGCTTGACTGATCGGAGCCCCCTCTGGTCTGAACGTACAAGCTGTGTCAGGCAGCTCGATAAATGCCGATCTTTGTGGCGGCGCCAAATGGGAACTCCAACGGCGGCTCTTGGATACAAGGCACTTGGGTCACTCTGCATCCCTCGGCGACGAGCAGCTGGGGGGGGGCGCTGGGACAAACCTGGCACCTCGATGCTCGACCTGCCTTGCGGCGATCGTGTGCAAACGGGTCGGGATGTCGGGCGCTGGATCCGGGTCCGGGTCCTGCGCACCTCGACCTGCGGAGATCGGGAGACCTCCTCAGCGCCCCCGAGCGCCGTTCAGCGCTCCGCGCCCGGCAGGCCGCGGCGCACCATGAACTCCACCGCCGCGTTCATCTCCACGGGCACCAGGCTCACCTCGGGGTGGACGCGCGCCCAGACGCGGAGGACCTCGTCGACGAAGCCCTGGCCCACGGACTCCACACCCTTGAAGTCCAGCACGACCTCGCGGAAGCGCTCGAGCCCGTGGGTCAGGCGCTTGGCCTGGGAGCGGGAGATGA
CP036296.1_gap11	505325	509445	4120	CCGCCCGGGTCTCGGCAGTTGACGGTGATCCTCCGACCGCAGCGGCCACGGCCTTACCTCCCGACCGCTCGAGCAGCATCACCGTCGTGCCCGCCACGAACACGAGGGCCACGGTGAGAATCATCGGTAGGCGGCGCATCGTGTTCGTCTTCAGGGAGAATTCAGGGGATCGAGGTGGAGCGTGGGAGCCGTCCGTTCGGACAGCACTCTTCTGACTGGTTCGTGCGGGGGGCTCGTTTGCGCTGGATCATCCCAGAACCGGACACGAGCGTCGACGACCATTGGCTTCGGTACCCCATGGACGGTCGGCCTCCTCGATGGTTGCAGGCAATTCCGGTGAAACCTCCGAGCCCCTGGGTCGGTACCGTCCTCCATGAGCCATGCGCTTCGTCTGTCTCAGCGATACCCACGGCAGCCACGACCGGCTCGAGCTGCCGGCGGGAGATGTGTTGATCCATGCCGGCGACTTCACGCGCCGTGGGACGATCGACGAAGTGGCAGCGTTCGCGGCTTTCCTCCGCGGTCAGCCCCATCGCCACAAGCTCGTCGTCGCGGGCAACCACGACTTCCTGTTCCAGGAGCAGCGGACCCTGGCCCGCGAGATCCTGGGCGACGTCCACTACCTCGAGGACAGTGGCGTCGACCTGGAGGGCGTGAGCTTGTGGGGCTCGCCCTGGCAGCCTTGGTTCCACGACTGGGCCTTCAACCTGCCCCGCGGCGAAGCGCTGGAGCGGGTCTGGGCCGGTGCGCCGACGGGGGTGGACGTGCTGATCACCCATACACCGCCCCTGGGGACCCTGGATCTGACTCGCCGCGGCGAGCGGGTCGGCTGCGAGAGCCTGGCGGCGGCGCTGCCGCGCATCGCGCCGCGTTTGCACCTGTTCGGGCACATCCACGAGAGCCACGGCACGGACTGCCGGCACGGTCGACTGTCGGTCAACGCGTCCCTGTGCGGACGGGGCCTCAGCCTCGAGCACAGGCCGGTCGTGGTCGACCTGGACTCGGACGGCGCGCGCGTTGTCGATGCGCCGGCTTGATCCCGCGATACGACGTCTCCGGCGGGATACCTTCGCGACGACTCGGCCGATTCATGGGGTCTGCTCGGGCCCAAAGTCCGGATCACCCGGCATGCCGAACATCGGGGAGATCCCTTGGCGCCGGGCCGGCGACCCTTCTGGCCGTGCCGCTCCATCCGCGGCCGGCTCATTCACCGGACCATTCACTGGCCCACTCAGCGGCCCGGCCCGAGGGCTTCCCGAACGATCGCATTCGCATCCAACTCGACGCAATCCGTGCGCTCGGCGAGGGCGGCGCGCAGGCGGCCCTTGTGCCAGGCGCCGAAGGTGATCGCCACCCGCATGCCCCGGCCTCGCACACGGTCGAGGGCCGCGGCGCACAGGGCCCAGTGGGCGTCGTTGATGTTGCTCCAACCACCCAGGCCCAGGGCGTCGTTGAAGTGTCGGTCGTAGGGGCCGGTTCCGATCTTGACGATCTCGTCGTAACCGTCGGTGTGGATGGTGCGCGGGTCGTCGAGCATCCCCGCCGCCTGGTGTTCGGCTTCGATCGAGGCGAACCCCGCGTCCGTCTCGGCGGTCTCGCGGGGCTGCGTCACTTCGAGTTCGCTCAGCTTTGCACGCCGGTCATCGGCCATCTCCCGTGTCCAGGCCGCGCAGGGCACTATCTCGAAGCCCAGCTCGGCCTGCAGGGGGAACAGCACGTCGACGTACTCGGGGAACGCCCGAACGCGGGGCTCGGTGATGGTGCCCGTGGCTGCGAATTCCGCGGCGGCGGCCTCGAAGCGGTCCGGGGGGATCTCGGTCAGCACCAGGTCCGGCCGCGCAGCGCGCAGGATCGCCTCGAGCTGCTCCAGACCGTAGAGCTCACTCTCGAGGTGCCCGCTGTGGATCATCCCGAGCACGACCACTTCGGTCGGTTTGCCGCTCTTCACCTCGTTGGAGCCACTCCGACAGGCCATCGCAGCCGAGGCAACCAGGCCCAGCGCGAGTCCCTGCGACCAGATGGATGGGACACGAGGCACCTTGGAGTCACTTCGCATCCGGCCACTCGCCGTGTCGGGGAAGGTCACTCACGTGCTCGTACCACGGCGCGCGGCTGTCCCAGAAGATGCTGCGCGCCGGGCGGGCGCCCGGGTCCCCATCGACCCCGCCTGCGGGGACGACCCAATAGCGGCCCGTGGCAGACATGCTCGGCATGGATGACCCGCAGCGTTTGCAGAACGCCGTGGGAAACTGGGGGTCCGCCTCGAGCACCCAAGTGCCGACCAGATCCTCGCCCGCCATCCATTCGAGCTTGTCCGGCTTCACGAACAGGTTGGCCGCATGGGCACTGCCGGTGAATCGCCGGCAACGCGAACAGTGACAGTACTGGAAACCCTGTACCTCGCCGGTCAAGCGGTACCTCACCGCCCCGCACAGGCAGCCTCCTTCGATCGATCGGTCGCTCATGTCCCCAGTCTCCGCCGCTCGACGAAGGCTTGCACGGGTGTTCTCGGGCAGCGGCTGGTCTGCTCGAGGGATGGCCTGGGCTGCCGGCCATCTTCAAGCCCTGCTCGCCAGGATCCGGCCAAGCCCGCGCCCATCACCAGGATTCGCGCCCAGCACGCCCAAACGGCGGCCTGTGGCCGCCTCTCGCCCGCTGACCGTAGCTTGCGGTCCGAGCCGTCCTCAGGGCGGAGTGAAGCCCCGCCGAGGGGGCGCCCGGTCCACGAGGCACCGCCAGCGGACGCGTTGGACACACTGGCCGCGGATCCTTGCGACCGTAGCAGGCTAGTGTCCTGGATCAGAAATTCGGCGTCACTGTCCGGAGGTCCGATCGATGCAGGCTAGGCGCGCCGACGACGCGTATCCGCTGTGATACTCGGAGGAGGCGCTGGCGACGCCAGCGGCGATCGGAGCCCGGGAAGTGACGCCGAATTTCTGATCCAGGACACCAGGCTGGGCCCGTGGACCGATGCTTACCTGGCGCCCTACAGCTTGCCCTCCAGTCATGATCTACCCCCGTCGCCACCTCGCCCTCACACTCCCGAGCGCATCCATCGCGCTCCTTCTGTCGCTCTGGGCGTCGATCGCGACGGCTTCGATCGCGACGGCTCAGGCGACCTGGACCGTGGACGACGACGGACCCGCCGACTTCTCGAGCGTCGCCCAGGCGGTGTCTTCGGTCGCAGAGGGCGATGTCCTGTTGATCGCGCCGGGCGACTACGGATCGGTGGCCGTCGACAAGTCCCTGACTTTGTTGGGTGACCCGAAGATCGTCGAACATCCGCGCTTCGAGTACCTGCAGGTACTCGGTGCGGGTGAGATCCGGCTCGCCCAACTCGACGCGGTCAGCCTCTACCTGTCCGGGATCCCCGGGCGCAGCCAAGTGGAGAACTGCACGACATCCGCAGGGCTGGAGGCCAGGGACGTGGGCGAGTTGTTCGTGCGCGGCTGCGACTTCGACTCGAGCCTGACGTTCCAGCCCTATGCCGGCACTCCTGGTGCCTTCGTATGGAGCACGACCGGGGCTCCGGCGAGCCGCGCACAGTTCGTTGACTGCAACCTCTTGGGTGGCAGGGGCACGCCCTTCGACCTCACCTCGGGCAGTGGCGGTGCGGGTCTTTCGACCCAAGGCGCCGATGTCGTCGTGGCGCGCTGCAGGATCCGGGGTGGCGACGGAACCAACGGTCCCTTCGGCCTCGGGGTCGGCGGGGCCGGCGTGCAGACCTTTGGTGGGTCGGTGGAGGTGCGCGGTGCCCCCTCCGACTGGATCGTGAGCGGGTCCAACGACTGGCTCCAGGCCCAGGGCCAGGGGAACGCAGTCGTTGCGGGTGGCAATGGAGTGGTGACGCTCGTCTCGAGCATCTCGACGGCTGGGCCTCTAGTGGGGGAGGTCGACGTCGTGGTGCCCCGTCCGACCCTCGCCTGGGGCGGTGTGGGTGGCCCCGGATCCGCGCGCTCGTTGGAACTTCAAGGACGAGCGGGCAACACGGCCCTGTGGTTCGTCTCTGATCAAGCCGCCTACGACGAGAGCTTTGCCCCGCTCTTCGGGCTGGCGCTGATCCTCGACCCTGCCAGTTCCTTCGCCAGCGGCTTGGTCCAACTCGCCGGCCAAGGCCAAT
CP036296.1_gap12	520157	522116	1959	CGAGCTGCACGATGCGGACCCGCTCCGAGTCGAACGCCACGCGCGCGAGCCAGCGCTCGCGCTCCTCGACGGGGACCCGTGACATGACGGTGACCTCGAAGTCGCGGGCACTCGACTGGCCCAGCTCCTCGGCCAAGGCGCCCAGCTTGTGGCTCCAGCCCAGGACCAGGATGCGGTGGGTCCTGCGCGTGGAACTCGGTCGCGGCGCGTGTGTGCGGACCTCGGTCCTGGGCTGGGTCGACGCGACAACGCGGGGGGCGCCCGCGTCGTAGCTTGGCGCCAGGAGCAGAAGCAAATCGTCGCGCCGGAGCTCCTCGGTCCCCGGTGGATCCAGGTGCGCGCGCCGCTCGGCGCCCTCCCCGCGCACCAGGCCCAGCACGACCGCAGTGGGGAAGGACTCGAGCAGGTCGCTCGGCCGCTGACCCGCGAGCTGGGGGAACGAGCGCAGGTAGATCGAGTTGCCGCGCCGGTGGGCCAAGAGGCCGAACAGCACCTGGGCCAGGGAGCGGTGACGCACGCTCTGTGACAGGAGGCGGCTGATGGTGCGGTCGCTCGAGATGACCTCGACGTCGCCCTCGAAGGCGTTGCGAGCCAGGTTGGCCTTGAACGGGTCGAAGATCTCGGCCACCACCGATGGCCGGTCGTCGGCGGGGACATCGCGCAGCAGGCCCGACATGGTCAAGAGGGTCTTGACCACGCGCGTGTCCGAGCCGTCCGAACCGCCCGAATCGAAGTCGGCGCCGGGGACCAGGATCACCGAGGCCCGCCTCAGGTCCAGTCGCTCCAGGTGGTCGGGTTGCAGGGGCGAGCCCGAGCGCATGAAGATCTGACTGCGATTCCAATGCTCGCCGAGGTGATCGCGCAGCTCCTGGCGCAGGACCGCGTCGACCTCCTCGACCTGGATCACGATCCGCAGCCTGCTGGCGTCGGCGCTTTCGAGGAAGCGCTTCAGCCGACCCTGCGCGTTCAGCAACTGCAGCACGATCTCGGGCGTGCGGTTGCTCCAGCCGAGGACGACCATGTGGTCGCGCATGGAGATCGGGGTCAGCCCGCTCTCGAGCTGCCGCATGGTGGTCGACAGCCACTGGGTCATGATCGCGATCAGCGAGCCCATGAAGAGCACGTAGCCGAGCACGGTCACGGTGGTCGAGATCACGCGCAGGGTCAGGCCCTCGTCGTCGCCCAGGTAGCCGGGGTCGGTCAGGCGCAGGAAGGCCCACCAGATGGCGTCGCCGGGTCCCTCGAACTGTGGGGTGGTCAGCCACGCCACGGTGCCGCCCAGGCCGGCCACCGCGACCACCAGGCAGATCATGACCATCAGTTGGTGCAGGATCCCGCGCTGGATCCAGCGCTCGAGCAGGAAGCGACTTCGACGGAGTAGATTGGCGGTCATCTGCGGTCGTCCATACCCGACGGGCGACCGGCAACCAAGCCTGGTGGCGGGGAAGGTCGCCGCGCCGAACCCCGATCGCCGCCGCCTGAAGTCAGCGCGGGCCCGCCCGTCCAGACCGCTCCTACCGTCGCCCAAGGCCCGACCATGCAGCTCCTGACCTGGCTCGGAATCGCCGTCTGCCTGCTCCATTCCGCCACCTTCTCGGGCCTCAACCTGGCCCTCTTGGGGCTCGGCCGGCTGCAGCTCGAGGTGGAGGCCGAGGGCGGCAACGCCGACGCGCGCAAGGTCATCACCCTGCGGCGCGACGCGAACTTCCTCCTGACCACCATCCTGTGGGGCAACGTCTGCGCCAACGTGCTCTTGACGCTGTTGACGGACTCCGTGCTCGCGGGCGCCTACGGCTTCCTGTTCTCGACCTTCGGCATCACCTTCTTCGGCGAGATCGTTCCCCAGGCCTGGTTCAGTCGTAAGGCCCTGAGGATGGGGGCCCTCTTGGCACCCGTCCTGCGCGTCTACCAGGTCCTGCTATGGCCCGTGGCGCGCCCGTCGGCCTGGATGCTCGACCG
CP036296.1_gap13	534223	535774	1551	CGATTCTCGCGGAGTCGGGCGAGGCGGTCAACCGGCCGGACCGGCCGCGAGGGTCGCGAGGGAGGCCAGGGGCGGAGCCGCGGGGGACGGGGCGGCCCTGGACGGGTCGTGGGAGCGTCGTCAGCCACATGGACGGCTGCCCGGGGTGCATCGAATCGTGGGGCGGCGATCGAAATCTCCGCACCGGAGTGCTCGATCGACGCGAGCCGACCTGGGGGATTGAGTCCATCCGAAGTGGGCAGATTTCGGACACACCGGCGAGGCGATTGAAGCCCGTTCCGGGACTGCATGACCCGCGCTCGAGAATCTGATCGAAGCCGGCGATTGATTCCACTTCGCAGTTCGTAACTGACGAGTTCGCCGCTCGTAACCAACCTCAGAAGGTCTTGCCACTTTCAACGGAGGTAGAGAGATGAAGCTCGCGACTCATGTTGCGCTCATCGGAGCGCTTGTCTGTTCCCTCTCACAACTCGCCGAAGCTCAGAAGAGCTACTACGACTATCCGAAGGGCTATCCATTCGGCGCCGATGGAAAACTCGGTGGGCCGGTCCATGGCTTCGACGGGTTTCCCGGAGACACGCCACCGGGGACCCCGGGAGCGCCAGCGGGCTGTCCTCCAAATGGTGGTGCCGGCGGCAATGGTTTCGGATTCGAGGGCCATGGTGGCGCCGGAGGCGATGGCGCCGTTCCCGGCGGATCGGGCGGACCCGGTGGGATGGGAGCGGGATCGGGCAATGGCGGAATGGGCGGGAAGGGCGCCAAGGGTGGTCCTGGGAGTCCTGACGGGGGCGCGGGTGGGGCTGGAGGCGCCGCAGGTTCAGGCAACCCCCCGGGGGACGGCGGGGCCGGTGGCAAAGGTGGAGCCGGCGTCGGAGATGGCGACGGTGGCGATGGCGGGACTGGCGGCAAGGGCGGGAACGGCACGCACACTCCCAGCGACGGTGGCTTCGATGGTGGCGAGGGAGGTGCGGGCGGCGCCGGTGGCGAGGCCGAAGGCTCTGGAGACGGGGGCGACGGCGGTGGCGGCGGCGACGGCGGATCGAGCATGGACGCTGATGGCGGCGACGGCGGGAAAGGCGGCGCCGGCGGCGATTCGAAGCACGGCAAGGGCGGAGACGGCGGCAAGGGCGGGAAGGGAGGGAACTCGCGCTGCAAGTCGGGCGGCGACGGCGGAGACGGCGGTGATGCCGGAGCCGGCAAGCCCTGTCCGACCTGCGGACATCCCTCCGGATCGGGGAAGGCTGGCAAGGGGGGCAACGAGGGTGAGGACCCCTGGTTGAACGACGGTACGAAGGGCAGCGCGGGGACGGTGCCGCTTTGATCGCCTCGGCTTCGCACGACAGCGACTTCTCGCGGCCCCCAGGATCGAGTCCGGCCGCGCGAGCCATGGACGGGAACTCCGCCCTCGGCGCTGACTACGCGCCCGCGACAGTCTGTCGCGACCCGCCCTACGGGACGCGCGCCCCCGTGGTCGATGCGAGGGTCGGTTCCCGAAGAGGAGCGGGAGCGCCCAATGCATAGTCGCGCCATCGCAATCGCGTTGATCGGAGC
CP036296.1_gap14	538087	542254	4167	CCGGCGTCCCTTGCGCCGGACCTGATCCGCAACGAGAAGGTCGCGGTCCTGCGCGCCCTGCAGAGCATCGACCCGCAGTTCGTGAATCGGGATTCGGTGCGCGGGCGCTACGCCGCCGGTTACGTGGACACGGTCCGCGTCGACGGCTACCTGGAGGAGGAGGGCGTTGCGGCCGACTCGAAGACCGAGACCTACGTGGCCGTGCGCGCCGGGATCAACAACTGGCGCTGGAGCGGCGTGCCCTTCCTGCTGCGCCACGGCAAGCGGCTGCCCAAGAAGTCGACCGAGGTGCGCGTTCAGTTCCGGAACCCGCCGATCCAGCTCTTCAACCGGCCGGCGGACATGACCGAGCTCGAGTTCCGGCGTCAGCTGAGCGACGGCAGCCTGTGTCAGGTGCGTCCGAATGTGCTGACCCTCTCGATCCAGCCACGTGAGGCGATTTCCCTCTCCTTCGGCGTCAAGCGACCCGGCAACGCGATGGTGATGACGCCGGCGGAGCTCGACTTCGACTACCAGGAGCACTTCGGCGACGACAGCCCGGATGCCTACGAGCGCCTCTTGCTCGAAGCGCTGAAGGGCGACGCGACCCTGTTCCTGCGCTCGGACGAGATCGAGGCCAGTTGGGCCTGGGCCGATGGCCTGCTCGGCGCCTGGGCCGAGGGCGATGTGCCCGTGCACGACTACCCGGTCGGGAGCTGGGGACCCTCGTCGGCCGACGAGCTGTTCTACGGCTGCGAAGGTGGTTGGTCCCGTGGTTGAAGTCGTCACGGACGACCGGCCCCTCGAGGCGGCGGCCCAGCGCCTGGCGGCGATGCTGACCTCGGTCGAGGGCGACCCGGTGCGCCTGGCGATCCCCGGCGGCTCGGCGGCCGCGGTCGCACCCCGTGCCCTGCAGATCGCGATCGCCTACGGCTTCGATGCGGGCCGCCTGGCCCTGACCTGGGTCGACGAGCGCTGCGTGCCCGTGGCTTCCGCCGACTCCAACCGCGGCGCCGTGCGCTTCGACCCGGCCCCCGGGCTGGAGTTGCCACTGTTCGTCGACGGTGAGGCTCCCGCCGACGCGGTCGTGCGCGTGGAGGGCGCCTTCGAAACGCTGTTCGGCGGCAGTCTCGACGTGAGCCTGCTCGGCATGGGTCCGGACGGTCACGTGGCGTCGCTGTTCGTCGGCGGGCCCGAGCTCGCGGGAACGGTTGCCCACATCGCCGATAGCCCCAAACCGCCCGCCGACCGCATCACCCTCACCCGGCGTACCCTCGCCACCGCCCGGCAGACCCTCGTCTTCGCCACCGGCGAGGGCAAGCGCGAGGCGATCGAACGCCTCGTGGCCGGCGATCCGTCCCTGCCCGCCACCGGCCTGCCCGGCCTCGTGCTCGTCACCGATCTCACCCTCGGCCCAGACCTCTGATTCCAGCGATGACCTCCGCCCCCCTGTGTGACATCTGCGTCGTCGGCCTCGGCGTCATGGGCGCCAACCTGGCCCGCAACTTCGCCCGCAACGGCTTGCGCGTCCTGGCCTACAACAGAAGCCCCCAAGTCGCCCACGACCTGGCCGCGGAGCACCCCGAGGCGAAGTTCACCGTGGCGACCACCTGGGAAGAGGTCGTGGCCGGGCTCGAGCGTCCGCGGCGGATCCTGTTGATGGTGCCGGCCGGTGGGCCGGTGGACGCGGTGCTCGACGCCCTCGACCCGCTGCTCGAGGAGGGCGACGTGGTCATCGACGCCGGCAACAGCCTGTTCACCGAGACCGACGCGCGCATCGCACGGGCCGCCGGCCGTCCGTGGAACTTCGTCGGCATGGGCGTTTCCGGCGGAGCCCAGGGCGCGCTGGAGGGGCCCTCGATGATGCCCGGCGGCGAACCGCAGGCCTGGGAGCGTTTGCGCCCGGTGCTCGAGGCGGTGGCCGCCAAGTCGGAGTTCGGGCCCTGCGTGACCTACTGCGGCCGCGGCTCGGCGGGCCACTTCGTGAAGATGGTCCACAACGGCATCGAGTACGGCGACATGCAGCTCATCGCCGAGAGCGCGACGCTGCTGCGCGCGGGGCTCGGCCTCGACGGCGCCGCCGTGGCCGACACCTTCGGGGCCTGGAACCGCGGCGACCTGGACAGTTACCTGATCGAGATCACCGCGGACATCTTCCGCACGCCCGACCCGGACGTGGAGAGCGGGCTACTGGTCGACGCGATCCTCGACCGCGCCGGCCAGAAGGGCACGGGGCGTTGGACGGTGAAGGACAGCCTCGACCTGGGCGTGGCGATTCCGACCATTGCCTCGGCGGTCGACGCGCGCGTGATGAGCGCGGGGCGTGACCTGCGCGTGGCGGCGCAGGAGCGGCTCGCGCCCAGCCGCGCGACCCTCACCGGCGTGACGCCCGAAGACATCGGCCAAGCCCTCTTCGCCTCCAAGATCGCCAGCTACACCCAGGGCTTCGCGATGCTCGCGGCCGCCAGCGCCGAACGCGACTACGGCACCGACCTGGCCGAGATCGCGCGCATCTGGACCGACGGCTGCATCATCCGCGCGCGCTTTTTGGGCCAGATCGTCGAGGCCTTCCGCTCAGAGCCCCAGCCGCAGCTCCTGGTCCTCGCCCCCGACTTCGCCGCCGCCGTGCTCGAGCGCCTGCCCGCCTGGCGCCGCGTCGTCGCCGCCGCGGTCACCGCCGGTCTACCGGTCCCCGGCCTCTCCGCCAGCCTGGCCTGGTTCGACACCCTGACCACCGCCCGCGGCAGCGCCAACGTGATCCAAGCCCAACGCGACTACTTCGGCAGCCACACCTATGAGCGCGTCGACCGCCCGGGCGAGAAGTTCCACACGGAGTGGCCGCGCTTCGGGGGCTGAGGCCTTCCTGGCCTTCGGGATCGAGCAAAGGCGCAGCCCGTTCGCGATCGCCACGGCGTGCAGCGCGGAGCCTCGATCTCCGTCCTGCGCTCCCGCGCCGCCGCCGGTGAATCGCATTCGCGCGGAAGTGGAGCATCCACGCGGATCGATGGCCGCCCGCGCGCTCGAATGAGGTGGTTTGCAGAATCTACCGGCGTGAGACCACACCGTAGCGGCTGACTCCGACCCCTCGCCGCGCCTACTTCTTGGCGATGATCCAGACCGCGTGGATGATCCCGGGGATGTAGCCCAGGATGGTCAGCAGGATGTTCAGCCAGAACTGACCGCCGATACCGACTTGCAGGAACACGCCGAGGGGGGGCAGGAGAATCGCGCAGATCAGTCGGATGAGGTCCATGCGAGCCCTCGAAGCAAGGGCCGTGCCGACGGCTCTGCGCGGCATGGAATCTGCTCGGGATCGAGGATGGCGATCCTGAATCCATCGGGCCGAGCACCGCGCTCGAAGGCGGCCACGGCCGGCGAAGAGAACTCCGACCTGGTCACGGCCAGGCTGGCGCGGCTGCGCAAGTACGCCCGTCTGCTCGACTCGTCGGTCGGGCTCCCCGGGACGCGGTTCAGGGTCGGAGTGGACTCCCTGGTCGGCCTGATCCCGGGCGTCGGCGATGCGGTCGGGATGGTCCTGTCGACGCCGATCCTCTTGGAGGCGTGGCGTCTGGGCGCCCCGCGCAGGGTCCAGCGGCGCATGGTCGCCAACATCGCCCTCGAGTCCCTGGTGGGCATCATCCCGATCGCCGGCGACCTGTTCGACGCCTGGTTCAAGGCCAACCTGCGCAACATCGCGCTGCTCGAGGCCGAGCTGCGCCGATCGGCGCCCGCAACCCAGGGACGCATCATCGACGTCCCCTCCGGGGCCGGCGGCCGCGGCTCCGGCTCCGTCGCGTAGAACAGGGCCGCCCCACGGCGGGTCGACCGGACCGAACGGCGCCGCGCGGTGCTGTATCGTGGCGCCATGCGAGGATTCGGGCTGCTTCCAATCTGGGTCGGAATCCCCGTCGCCCTCTCGGCCGCATCGATGCAGGAGCGGCCCGGCGAACCCGACTTCGCCCGCGACATCGCGCCGATCCTCGAGCGGCGTTGTGTCGAGTGCCACGGGCGCTTGCAGCAGAAGGCGGGGCTGCGCCTGGACCAGCGGGCGGCGGCGCTGGCGGGGAGCGACTTCGGGGCCTATCCGGTGCTCGTCGCGGGGGATCGCGGGGCCAGTGAGCTGTGGTACCAGCTCGAGAACGGCGAGATGCCGCCGCCGGAGCGTGAGCCGCTCGGTGCGGACGAGCT
CP036296.1_gap15	544594	547922	3328	CGATCGATCGAACACGCCGCTACAGGCCTTGGCGCTGCTCAACGACCCGAACTTCGTGGCGGCCGCCGAGGCCTTCGGCGAGCGGCTGTCCGAGCGCGGGCTGGCCTGGGGCTTCTCGGCCTGCACCGGCCGCGAGGCCGAGGTTGACGAACTCGAGGTCCTGGAGACCCTTCGCGCCCAAGACGGCTGGACCTCCGTGGCCCAGGTGCTGCTCAACCTCGACGAGACGGTGACGCGCCCATGAACGACCGCCGCCAATTCCTGACCGGCGCCGGCGTGGGCATCGGTTCATTGCTCCTCGGCCGGAGCGCCTTCGGGATGTTCAGGGACGAGGGCAGCGCCGCCGACGCAGCCCTGCCGCACTTCGCTCCCAGGGCCAAGCGCGTGATCTGGCTCCACATGGCCGGCAGCCCCTCGCAGATCGACCTGTGGGATCCCAAGCCGCGGCTGCGCGAGCTGGACGGCCAGCCGGTGCCGGCCTCGTTGATCGAGAACGAGCGCTTCGCCTTCATCAAGGGCACGCCCAAGCTGCTCGGCTCGCCCTACGAGTTCCGCCAGCACGGCCAGAGCGGCCAATGGATCAGTGAGCTGCTGCCGCACACGGCGCGGATCGCCGACAAGCTCTGCGTCGTGCGCTCGATGCACACGACCCAGTTCAACCACGCTCCGGCGCAGGTCTTCCTGACCAGCGGCCACAGCCTGATCGGGCGGCCGACCATGGGCGCCTGGCTGTCCCACGGTCTGGGTCCCCTCGACCCCGACCTGCCCGCCTTCGTGGTCATGACCAGCGGCAAGTTCGCGCCCAGCGCCGGCTCCGCCGCCTGGACCAACGGCTTCCTGCCGAGCGAGCACCAGGGCGTGCGCCTGATGCAGGCCGGCGACCCGGTGCTGTTTCTCTCGAACCCCGAGGGCGTGGACCGCGCCGCGCGCCGCCGCCAGCTCGACGCCATCGCGCGGCTGAACCGCCTGGCTTCCGAACAGCACGGTGACCCCGAGGCCGCCGCCCGCACCGCCCAGTACGAGCTGGCCTACCGCATGCAGGCGCGGGTGCCGGCCATCGCCGACCTCGCGACCGAGTCCCAAGCGACACTCGACCTCTACGGCGTCACCCCCGGCGAGCCCTCCTTCGCCGCCAACTGTCTGCTCTCAGCGCGCCTGGCCGAAGCCGGCGTCCGCTTCCAGCAGCTCTTCGACTGGGGCTGGGACAGCCACGGCACGAACAAAGGCGACGACATCGTCCACTCCCTGCCCGAGCAGTGCCGCCGCACCGACCGCGCCTGCGCCGCTTTGGTCACGGACCTCGAGCGCCGCGGCCTGCTCGAGGACACCCTCGTCGTCTGGGGCGGCGAGTTCGGCCGCACGCCCATGAACGAAGAGCGAGGTGGCTCCAAGTTCCTCGGCCGCGACCACCACCCCCACGCCTTCACGATCTGGATGGCCGGCGGCGGCATCCGCCCGGGGACGTCCTTCGGCAGCACCGACGAGCTGGGCTACTTCATCGAGGACGACCCCATGGACGTCCACGACCTGCACGCGACGCTCTTGCACCTGCTCGGCATCGACCACGAGCGCTTCACCTACCGCAGCCAGGGCCGCGACTTCCGCCTGACCGACGTGGCGGGGCGGGTGATGGGGGAGCTGCTGGCCTGAGAGGGCGCGGGACCCATGGCGCTCGCCGTTCGCGAATGGCGCATGTCCGTGGCCCGCGGGCTTCAGGGCCGCGTCCCCGGCCGGTCGGCTCGGCGGAGGACTCCCGAGCGACGAGTCCGGCGCGCGGCAGCATCGGTCCGAACGGGGGCGGGCCGCGACCGGCGCCCTGCGCTGGCTGCGGCCCGTCGTGGCTCGTGGGTAGGGGACCCACCCGGACTCGGATCAGTCGTTCTCAGTGACGTAGCTGATCTGCGTCGACGAGAAGCCGAGGATCGAGGTCAGGATGCCGATGACCGACGTCCAGTCGCGGGGGTTGGCGATGATCGTCTCGATCTCGCTGCCCTCGGGCACCATCGATTGGGCCTTGTCGTAGTCGTTGAAGGGAATCGACAGGCCGACGAGGTTGAAGGAGGTGGCGTAGACGGTGCCCTGCTCGCCCGCCACGCGGGTTCCCGCGCAGGCGGTGAGGGACAGGGCGAGGGACAGGGCGAGGGGCAGGGCGAGCAGCGCGGAACGGGATCGAAGCAGGCGAGTCATGGTGTTGCAGTCGGAAGGGGTCGTTGAATCGTCGGTGGCCGGTGTGCGCAGTGCGAACCGGCTCGTCCGACGCGCGGATCGCTCGGAGGTCCGGAGTCTAGTGCTGCGCTCTCGCTCGAGGCGACCGTTACCCGGTCGAAGACAGCGTTCGTCGGACCTGCGTCGACGGGTCGTGCCTGGTTTGGCCCAGCGCTGACGGGAAGCTCGGTAGGCCCGGGGTCCGCCGCGGGCTGGACGGCGCATTCACTCCTGCTGAACCGCGCGATTCGCAAGTTCGAGGTCGTCGGCGGAGCCGATGTCGAACCAGCGTCCGGTGAGCCGCGTGCCTTCCAAGGTCGCCTCGGCCGCGATCCGCGCCAACAGGTGCCCCGGCGCATCCGGGTTGCCGCCGGCAGCCAGGTGCCGGTCGATCTGGGCGGGTAGGTCGGCACCGAGCAGGTAGACGGCGATCGCGGAGAGCTTACTACGCGGGTCCGCGGGCTTCTCGCGGAACGAGGCCACGCGCTCGCCGTCGAGGGTGACCTCGCTGTAGCGGCCGGGCGGCACGGGCTCGGGGACCTCGCGCACGATCAGTTGGCCCATGCCCGAGTCGGTGAAGCGCGCAATCAGGGCGTCGACGTCGAGATCGAGCAGGTTGTCGCAGGCCAGGACCAGGTAGCCGTCGAGGTCGAGGCATTCGGGCGCCTGCTCGAGGGCGAGCTGCAGGTCGCGGATGGCGCCCAGCCGGCTGTCGTTGTCCATCGCGCCGTCGTCGACGAGGGTGAGCTCGAGCCGTGTGTCGAGCGCCTCGCGCCACTGGACGAAGTCCGCGTGAAACTTGCCGTTGGTGACCACGACGCCGTCGACGATCGCCTGCGATTGCTCGACCTGCCGCACCAACCGCGTGATCATCGCCTCGCCGCCGATCTCCAACAGCGGCTTGGCCTTGTTCAGCGTCAACGGATAGAGCCGCGTGGCGAAGCCGGCGGCCAGGAAGGCGGCGCGGATCTTCGTCATCGGGGCAGGGCCACGTTGGGCAGGTGAATGTCGACGCCGCGGGCGCCCAGGTCGGAGGCGAAGCGGCCCAGGCGGCTCATGCTCTCGCAGGCGAACAGGACCGAGCCCCCGGAGCCGGGCAACTTGGCGGCGATGCCGCGTTCCC
CP036296.1_gap16	551990	555845	3855	CTCTTTCGCGGCGTGTTCTGCTTCGGACCCGTGGTCGAGCTCGCCGACTACGGCGAACGCGACTGGCCCTTCGACCAGGCGGACCCGCGCGAGTTCCGCCTGCGCTCGCCGCTGCACTTCTTGGATGCCATCACGTCGCCTACCTGGGTCTTCGAGGGCGAGGACGGGAACTCGGAAGATCTAGCGAAGCTGAGCGCCGCGCTCGCGAACCCGCGGGTGCGGACTCTCGAGCTGGCGCGCGCCGACCACTTCTCGGCGCTGACGCCCGTCAACCGCCTGCTGGCCGAGCGCATCCGCGATCATCGCGAGAGCGAGTTCGACCTGGACCTCGCTCGAGTCACCGCCGCCTACGCCGACTTCTGGCACGCCCAACGCGAAGCGCGCGACCTGGAGCGCCTGGCCGAGCTGCGCCGAGCCGGAGCGCGTTGGGGCGAGCCGCACTCCCTTCGCTTCGAGGTCCGCAGCAGCTTCCCCGAGCGACTGGCGGCGCTGACCGAAGGGCTCGCGCCCCTCGGCTTCTCCGCCGGGCCCGCGCGCCAGCGTGCCGAGGGCGAGGACGGCCCGCGCTTGCGGATGACCCTCGAGCTCAACGCGCCCCTGGAGATCCATGCCGTCCTCGACGCCTCGCGCGCCGTCGCCGAGGCGGCGGCGGAGCTGAACGTGCTCGAGGAAGGCTGGACGGCCGCGCCGGCGGTCCGCTGAGGCCGGGCCGGGCCCGGACGGAAACTTGCCAATTGCGCCGAAGGATCGGGGCGTAGTCCTCCTCCAACGGCCGCCATGCAGTACGACGAACTCGAAGCCCTCGACCGCGACCTGGCCGCCGTCAGCGACCGAATGGCCCAGGCGCGGCAGGGGGAGCAGCTCGCCGCAGCCGTGCGGAAGCAGCTGCGCCGGCCGATTTGGAACCTGGGGCTGACCGCAGTCCTGGTCTGCGGGTTGGGCCTCGCGGGCCTCGCCCTGGGCCTCGACGATCGCTGGGGCCGCAGCGTCCTGGGGATCGCCGTCGCGCTGTCGTTCTTCGTCTTCCCGGGCCAGGTCCGAGCGATCTCGGACGCTCGCAGAGCAGCGGAAGCCGGCGACGCGGACCTCTTCGAGCTCGCGGCCAAGGAGATCTCCAAGCGCTTCGCCTGGCAGGTCATCGGACTGCTGTTCATGCTGCCGGCGGTCTTTGCCTTGCTGTTCCTGGCGGCGGTGGTGGAGGAGTCGGACCACCTGCTCGTCGCCGCAGCCGCGCTGCTGCTCTACCTGCCCTTGCACTTCTTCCTGCGCCTGCGTTGGACGGCCAGGGAGGTGACCGAGGCTCAGCGCTGGCGGCAGGTCGCCCGCGAGGCGGCGGGACTCGGTGCCGAGGAGTTGGAGGAGGACGACGATGACGATGACGATGACGATGACGACGATGACGATGACGATGACGATGACGATGACGATGACGATGACGATGACGATGACGATGACGATGACGATGACGGGTTCTGGGGCCTGCGCTTCCTGGGCTGGATGGCGCTCAAGTCCTTCTGGCTCTTCGTTATCTACCTCGGGCCCTTGGTGGCCCTGCGCTTGGTGATCGGCGCGCTGGTCGGCAGTGATCCCGCGCGATCCCTGATCGGCGCCGCGGTCCTCGCCGTGCTCTGGATTCTGGTTTGGAAGCTCGTCCTGCCCGAGGGCGAGGAGGGTCCTTCGTGATCGACCTCGTCGACGAGGCACGCCTGCTCACGCTGCTGCGCGGCAGAGGCGCGGAGCGCGAAGCGGCGGTGCGCGAGCTGTTCGAGCTCACCCGCACCTCCCTCTTCGGCCTCGCCCTGCGCATGACCGGCCGCCCGGACCTCGCCGACGACGCAGTCCAAGAGACCTTCGTCGACGTCCTGCGCGGCATCGCCGGCTTCCGCGGCGACGCGCGCCTGACCACCTGGCTGTTCCGCGTCGCCGTACGCGCCTCGACCCGCGTCGCCTCCCGCGCGCGGGGCCGCGAGGAGGTCCTGCCCGACGACCTCGACGCCGGCAGCCGCGACCCGTCCCACTCGGCCACGCAACGGGACTCCGCCGCGCGAATCCTGCGAGCCATCGCCGCCCTCCCCGCCCCCCTGCGCGCGGTCGTGGCCCTGTCGGCCCTCGAGGGCCTGGCGCAGACCGAGGTGGCGCAGGTCCTGGGGATCCCGTCGGGCACGGTCTACTCGAGGTTGCACGAGGCGCGGGCGCGGTTGCGGGAGGCGCTCTCGGTCTCCTAACGGATCGACGCGCCCCCGAGCGCGGGCAGGTCAGATCGACGGCGCGCGCTAGTCAGTTCCGGTCCCGGGCCTGAGCCCAGGGCACCCCAGCGCAGGGTCGAATCGCCCTGCGCCGGCGACCCAGGGGTGCGGCTCTCGAGCCCCGAGCCAATCCCATCTGGCCCCTCGCCGAGGATTTTCGGAGATTGCTGACGCCGTGGAATCCGTCGCTGCATTCGGTCCCTTGCCATGACCAACCACCAGGCGTCCCTCGAAGCCCTGCTCGTCCATGAGCGCTGGGCGCGCGCCCTCGCGCGCGACATGGTCCGCGACATCGATCGCGCTGACGAGATCGTTCAACGCGCCTACCTCGCCGCCCTGCGATGGCCGCCCGCCCCGGAGGCGAAGTTGCAGGCTTGGCTGGCGACAGTGATACGGAACATCGTGCGCTCTGACGCCCGATCAAACGCGAATCGTCGTGCCCGCGAGGAACGTCATGCTCGGCCGGAAGACGACGTCGAGGGCGCCGATGCAGCCCTGCAAGTGCGGGACGCCAGTGACAAACTTCGAGCGGCCGTCGAGGCCTTGCGCGAACCGTACCGAACGCGCATCACTGAGCGATACTTCGAGGAACTCAAGCCCGGTGAGATCGCCCGCCGAAGCGGGCTCGCGATCGACACGGTCAGGACACAACTCGCCCGCGGCTTGGCCGAGCTCAGGACCCGCATGGCCAGGGGAGCCGGGGAAGGGCGGGACGCCTGGATCCTCTCCGTCGCGCCCCTTCTGGCCGTACGGCGACGGTGGCTGCCGAGCGCCGCAGCGGCACGTGCTGCGATGTGGACGATCTTCGCCCTCGTGCCGGCGACCTGCCTGTACCTGTTCTTCGGCCGACCGCTCACAGAGCCTGCCGGCGATCTCGCTGCCACCCTCGTGGGTCCGAGCATCGTGGACGCTGCGGCAATCAGTCCTGCCGCGCCCGCCGGCGCTGAGCGAACCCCAGTCGCCCACCTCGCAAGGGCGCTCGAGGCCATCTGCGTCGACGGACTTACCCTGCGCCCCCTCGAGGGGGCGCTGATCCGAGCCTGGGCGCTGCCTGATGACCCCGCGCTGCGGGAGTCCGCGGTCCGCCGCTTGCGTTCGGGGGCACTGACCGGGACCGGGTTCGACCAGGTCACTGAATTACAGACCGACGGGAACGGCAGGTGCAAGGTCGAGACGACCGGCGGGTATCAACTCGTCACGGCAAGCTACGAATCACTTTGGGACTGGGCCGAAGTCGGACCGGAACAGGGGAGTCCGGTCCACCTCGCCCTGCGAGAGGATGACAACGTTCAGGTCCTGGTCATCGACGATCTCGGCGCGCCGCTGGAAGGCGTGCTCGTCCATTTCCGAGGATTTGACTATTGCTGGGATGTCGAGTTCTCTGATTCGCCAGTCGCGCTGACGGGTCCTGACGGGATCGCGGAGCTGGCCCACGTGGGCCACTGGCTGTGGAGCAGCGACTCGCTATGCAAGCCGGTCGCCTGCATTGAGGCCTGCGTGATTGGAAGTCAGTCCCGGTGGATCTCGGTGGATCGAGAGAACCTGCCTGAGAATCCGGTCGAAGTCCGAGTATCCGGTGAGCTAGGGCTCGTAGAGGTTCGGATTGTCG
CP036296.1_gap17	569317	573022	3705	CATGCTCGACGTGGCCGAGGCGGTGGTGCCGGTGCTCTTCCCCGCGCTGGGGGACGAGGCGCGAGCCGAGGCCAAGAAGGCCTGGGGGCAAGCGCTGCTGGACCTGATCCGCAACGCCACCACCGCCGGCGAACGCGAGCTGGTGCGCGGGGGCTGAAGGTGTGGGAGTACGGTGCCGTGGGCGTACTGGGCGTACGGTGCCGTGGGCGTACGGTGCCGGGACCATTTGTCCCAACTGCGTCCCGCGGCGCTGCGATTCGCAGCGCCGCGGGACGCAGTTGGGACAAATGGTCCCGGCACCGTACGCCCACGGCACCGTACGCCCACCTACCCCATCCAGGGTGCCTCGTACCGCAGCCCCAGGTTCACGATCTTCTGCAGCAGCTGCGGGTACCCGTACCCCACGCGCTCGAACGACTCGGCGAAGTCCTCGCCGAAGCACAGATCCGGGTTCGGGTTCGCCTCGAGGATCCAGACCCGCTCGCGCTCGTCCATTCGCATGTCGATGCGCGCATAGCCCGACAGGCCGAGGGCCTTGTAGATGCGTCGCGCCAAGCGGGTGATCTCGTCGGTCTTGGCGGCATCCAGCTCCGCCGGCGCGGTGCGCAGGCCGATCTTCTTCTGGTAGGCGGTGTCCCACTTGACCCGCGAGGTGAAGACGTTCGGCGCCCCCGGTCGCAGGTCGTCCATGAACAGCTCGAAGATCGGCGAGGTCTCGAGGCGCTGGTTGCCGAGCACGCCGATGGTCATCTCGCGGCCCTCGATGTACTCCTCGCACAGGGCGCCGGTGCCGACGTTGCGGTGGATGAAGTCGACGCGCTCGCGCAGTTGCTCGGCGTCGCGCACGACCGAGGCCTCGGAGATGCCGACCGAGGCGTGCTCGCTGCGCGACTTGACGAAGAGCGGGAAGTCCAGGTCCTTGGGCAGGCGCGCCAGGGCCTTGCCCCGCGGCACCACCATGAAGTGCGGCGCGCGGATGCGGTGGTAGGACAGGATCTTCTTGCAGAGCGACTTGTCGTTGGCGAGCAGCAAGCCGCGCGGGTTGCAGCCGGTGTAGGGCTGCTTCTGCAGCTCGAGCCAACTGACCACGGCCGAGTCGTAGAGGCCGACGCCGTGGAAGTGCGTGAGCAGGTTGAAGGCCACGTGGGGGCGGTGCTCCCGCAGGGCGTGGCGCAGGACGCTCAGGTCGTCGTCGATGCCGACCATGGTCACCGTGTGGCCCAGGTTCTCGAGGGTCGAGACCACGTCGAACTCCTGCTTGAACTGGTTGGCCACGTCGGGCGCGAGGCCCTCGAGCGAGTCGGGCGGGACCAGGTCGGCGTGCAGCGCGACGAGAATGCGGAGCTTCTTCACGGTTGGTCCGGGCTAGCGTTGGTAGCGCGGGTGCGCGCCGTAGAGGAACTGACTCGACAGGGAGGTCAACACCACCGCCGCGTCGACCAGGGCGTCGGCCTCGGTCGACGGCAGGCGCAGCTCGCGCAGGTGACTGCGCTCGATCATCTCGCGCAGGGCGTGGTCCAGGAGGTAGCGGTGCTGGCCCGTGGCGGCCGCCACCCGGCGCACCAGGTTGCGCCGGTTGCGGCGCAGGAAGGTGCTCGCCCGCGGACCCTTGTCGAGAGCCGGGAAGACGCGCTCGAGTTGGCCGGCGAAGGCCGGAGTGCCCTCCTGGGCATAGAACTCGCGCTTCTGGGCGTAGTACTCGCGCAGGGTCGTACGCACCGAAGCGACGTTGTCCTCGCGCGCGCGGGTACGCAGGGCCGGGGGCTTGTCCGCGATCTCGGCCATCAGGACGTCCACGTACTCGAGCTTGGCCAGGGCCGGCCAGTCGGCGTAGCGCGTGCGCCAACGGGAACCCGAGCCCAGCCAAACCGCGAACGTCTCGGCCCAATCCTCGAGCGGGTGGCTCTGGCTGTACCAGTAGTCGAGGTTCAGCACGTGGGCCCGGCTGGTGGGGTCCGGCGTGTAGCTCGACTCGTAGGCGTCACCGGGCCGTCCGAACGTCTCGCGCCAACTGCGCCGGCGCCGCAGGTGGTAGGCGTTGTCGATGGCGTGGGCGGCCTCGTGGCGCAGGATCCGCAGGCACTCGTCCTGGCTGCCGCCTTCCACCTGCAACATCTGGCTGCGCTCCAGGCGCACCAGGCGCTCGTGGGCCAGGTAGAAGGGAATCGCGAAGCCGGTGGCGCCGTCGGGCGTGAACCAGTCAGTGGAGAGCCAGACGTAGGGCTTGAAGCGCAGGCCGCGTCGGGCGAGCTCCTCGTGCAGTCGCTCGACACGGCCTTCGAGCTCGGAACCCTCGATCGCCAGGCCCAGGTCGCACAATCGCCAGTCGAGCAGCTCTGCGTCGGGCAGCGTCGCCCAGCGCCCGCGGCTGGTCGTGGTCCGTTTGCGCGCCATGGAGAGAGTCTAGGGCAGAGTCACTCGATCACCCGCTCGGCCCACAGGTCTCGGTTCCCGCGGGCGGTCCCTGAGGCGAGGCGCAGACCGGCGGCGGCGACCGTCTGCGTTGATGACGCGGCCGGTCCGCTGACCTCCAGGCAGTGCTGATAGAGCTCGTCGAGTTCGACGGCCGCGTCGACGGCGGCCGCGCTGCCCGGATCCGCCAGGCCGCGCGCCTCGAGTGCCCGCGCCCGCGCGTAGACCGTGCGGCGATGATCCGGTCCGAGCTGCGCGCTGCGACCGACGGCCGCGCGCTCGAAGTTGACGCTGGCCTCGTCGAACTGCCCCAGCTCGATCTGCACCAGCCCCAACGACGCGACTGCGTCGAGAGTCTCGCTGTGATCGGGCCCCCAAAGGCGCTCGTTCATCTCCAAGCAGGCGATGCTGATGCGCTCCGACTCCTCCAGCTCGCCCAGCTCGTAGACGGCGCCCCCGAGGTTGTAGAGCAGGGTGGCCACGGTCGGGTGGTCACCGTCGAGCTCGATTTGGAGGATCGCGATGGCCTCCTCGAACAGCTCGCGGGCCTCGGCGTTGCGTCCCTTGCCGAACAGGAAGGTGCCGAGGTTGCTGGCGGCGACTCCGGCTTGGACCGAGAGCGGCCCATAGGCCCCGACGATCAGCTCGCGGGCCGAGCGGTAGGCGGCCTCGGTGGCCTCGTCGTCCCCGAGCACGCGCGTAGCGCGCGCCAGGTGGCTCGCCGCGGTGGCGGCCATGGGTGAGAACTCGGGACCGAACTCGACGAAGCGGTCCCTCGCGGCCTGGGCGTAGGGGATCGACTCCGTCAACTGCCCGGACTCCTGCAGGGCCCAGGCCAGGTCGCTGTCGATCGCGGCGAGCTCGGGATAGGTGTCGTCCAGGTAGCCGTGGGCCAAGCCACGCAGTTCGAGCAGGTCCTGGGCCGCCGCGGCGTGGTCCCCGCGCCGCCCGCGCAGGGTGGCGAGCAGGCGACTGGCGCGCACCCACTCGAAGGCCCGCTCGGGCAAGAGGTCGGCGAAGATCTGGCGCGCGCCCTCGATGTGCTCCTGGGCCGACTCGTAGCGGCCCTGGCCGTAGTAGCTGAGCCCGATCAACAGGCGCGTGTCGGCCTCGAGCACCGATTGGCCGGGAAAGGCGCGCATGACCTCGCTCGCCGCGCGGTCGAGCATCTCGCCCACCGTCGACTCGCTCGAGGTCGTCGTGGTGACGCCCAGGGGGTTCGCGCCGCGCAGCATGGTGTTCAGGAAGCGGTTGAGCATCTCGGCCCGCTCCAGGCGCTCCTCGGCCTGGGCG
CP036296.1_gap18	596831	600762	3931	GTCGCGGCGGCCTGCTCCACGTAGAGCCAGGGGCCGTCGCTGCGGTCGGTCCAGATGCGGACCGTCTCCAGGTGGATGTCGAGGTAGTCATCCGGCGCCTGGGCCGCCTGGTCGGCGCTGTCGAAGGAGCCGACCATCCAGTGGGCCAGCTCGACCGCCTTGTCGAGCACCGCTGGACTCCCCCCGCCCGGCCCCGCGCAGCCGGTGGCGGCCGCGGCCACGCCCAGAACGAGAGCCAGCGCGAATCCCCGGGCCCCCGGGCTGGTCGATCGTCGAGTCATGAGGCCCGCGAGCTTAGCCCGGCAATCCCGTCGGCGGACTCTCGGAGCGATTCCGGGGAGCGTGCCGCTGGAACCGAACGGTCGATCTGCCCAAAAGAGCGTGTGGATCGAGCCCTTCACCCGCGACGCGGGATCCCGGCGAGTGTGACGCCCGATCCCGCTCCCCGGACGCAAGTGCCGGTAGAAAACCGGTTTCCGATTTGCGGACCACGAATCGGTGTCGACCCGCGTGCGCTTCAGGTCCGCCGCGCCGCTCCCAGTCGTAGAGACAACCTGACCCCATGAGGCGCCGAGTGGTGCCTCCGCCCCAATCCGAATGGAGGCCTGAAGTGAAGAAAGCCTACGAACTCCAAGAAGCCGACAAGCTGCGCCCGCTGATCCAGTCCATCGCGCACGAGCTCGACGAGCGCTTCATGGCAGTCAAGCGGCTCGAGCGGCGCCTCCGACGAATCGAGCGAGAGGGTGGTGACGGCACCCAATCGACGATCGCCGTGGCCGCGCTCGCCGAGCACCGACGCAACCTGCGACTGAGCGTCGCCGAACTCGAGCTGCTCGGCGCCGAGGTCGAGCCCGGCCTTCCGGTGACCGTGCGACTCCCCGGCCCGGACGGCAGCTTCGAGACCGGCTACCGGGTCTCGGCCCAGGACGGCGCGGTTGCGGAACAAGCGGCCTGAGCCGGATCGGTAGACACAAGAGCGCGGGGCGAGTGGACCAGGTCCACTCGCCCCGCTGCCATTCGGCGGCGCCCGCCAGCGGACGCCACGGCGTCAGAGCTTGTAGGCCTCGTCCACCGGCTTGAGCGGGCGCTTCATGTGCAGCGGACGGCGCAGGCCGCCGGGGCCGGGGGCCGGCACGCACATGCCTTTCCACTCCTCGTAGACCGCGCGGCTCTTGGCCGTGTCCACGAACACGTCGCCGTAGCGGTCGCCCGCGTTCGCGACCTCGAGGCGCACCTTCTGGTGCCAGCAGTGCATGCCGCTGGCCGGGTCGGGCTGCACCGGGAAGGTCAGGTTCTGGTTCACGCCGGCCTCGTGCCAGTGGACCTTCGAGGTGTCGGAGTCGCGCGAGGCGAAGGGGCCGACCTGCTTCTTCTGGCGGAACAGGAAGGCGCCCGCGCGGGGCTTGGTCAGGTCGACCGTGGCCGTGGCCATGGAGTTGCCGATGCCGTCGTGCAGGCGCCAGCGCCCCACGTGGTGTGAGCAGGCCACGATGCCGGGGTGGATGCCCTCGGTGACCCACACGCGCGGCACGAAGTAGCCGATGCGCGTGTTGACGCGGATCAGGTCGCCGGTCTCCACGCCGAAGGCGCGGGCGTCCTCGGGGTGCACCCACAGGGGGTTGGTGTGGCTGATCTCCTGCAGCCACTTGGAGTTGGCCGAGCGCGTGTGGATCAGGGTCGGCAGGCGGAAGGTGGGGAGCAGCGCCCGCTCGCCGGCCTCCAGGTCCATCTGGCTCCAGTGCACCTGGCTGCGCTGGTAGGTGGGCACTTCGCCGTCCGGGAAGCCCCACTCGCGCATGGTCGACGAGTAGAACTCGAGCCGCTTGGACTGGGTCGGGAAGCCCGCGGCGCGGCTGCCGTCCTCGAGCTCGAGGCCGCCCTTGTCGACCTTCGTGGCGTAGCGCTCCTGACCGGCGTAGGGCACGGCGAAGGCGCCGTAGCGCTTCATGTAGCCCAGGGGCGTGGTGTCCTCGGCCGCCGCGGCATCGGGCAGGCCGGGCACGCCCGCGAACACGTCCGACCAGTACTCGTCCATGCCGATCGGTCGGCCGGGGTTCTGCTTGGACTCGAAGTACTTGCGGATGCCGAGCGAGCCGTCGGGATCGATGCGCCAGGTCAGGGCGATCCAGAACTCCGACTCCTCCCAGACCTCGCCGGGGTTGGTGCCGCGCGTCGTGTCGCTCTCGCGCCCCTCGAGCCGCGCGTACTCGCGACCCACGGGTTGACGGAAGCCGATCCAGGTGCCCGCGTGGGTTTCCTGGCTCATCAGGTCGTGGCGCTCCGGACCCAGGCCCATGGGCAACACGTAGTCGGCCCATTGGGCCGTCTCGTTCCAGGTCGGCGTCAACGCGACGTGGCAGCCGATGCGGCCCTCCTCCTCGAACATCTCGACCCAGGAGCAACCGTCGGGGTTGGTCCAGACCGGGTTGTAGACGCGGGTGAAGTAGACGTCGATCTTGGAGTCCTGCTCGCGCAGCAAGTGCGGCAGCAGGAAGCTCATCTCGTAGTGGGCGAGGGGCCACTCCTTGGGCCAGTGGCGCTCGTTCCAGCGCGTGATGGGCGGCGGCATCTCGCTGGGGTGCGGGTGCGCCTTGTCCCAGGAGTTGGGGTTCAGGCCGCCCTTGGTGCCGACCGAGCCCGAGAGCACGTGCAGCAGCATCAGCGCCCGCGCCACCTGCCAACCGCCCAGGTTGCCGGCGGCGGTGTTGCGCCACAGGTGGCTGGCGAAGTGACTGCCGGCCTTGGCGATCTGGTCCGCGAGGTACTCGACCGTGCCGGGCAGGATCGAGCACTCCTTCACGGCGTACTGCGGCGTGTAGTGGGCGTAGAGGTCCTTGAGCTTCTCGATGAAGCGCTCGTAGGTCCCCGGACCGCCCTCGTCGTTGGCCTCGAGGTAGGCCTGCCAGTTGGTCCAGCGCCGCACGAAGGCGTGGTCGACGCGGTCGGACTCGAGCAAGAGGCGCGCGACCGCCAGCAGCATCGCCGCCTCACTGCCGGGCCAGGGCGAGATCCAGCGGTCCGCGTGGGTGCTGGTGTTCGACAGGCGCGTGTCGACCACGGCGATCTCGGTGCCGCGCTCCTTGGCCTCGATGATGCGCTGGGCGTGGGGGTTGAAGTAGTGACCGGTCTCCAGGTGCGCCGACAGCAGCAGGATGAACTCCGCGCCGCCGTGGTCGGGCGAGGGCCGATCGGCACCGAACCACAGGCTGTAGCCCAGGCGCGCCGAAGCGCTGCACACGTTGGTGTGGCTGTTGTGCCCGTCGATGCCCCAGGCCTCGAGCATCCGCAGCACGAAGTGGTCCTCGCCGGGACGCCCCACGTGGTAGCTGACCTCGTTGTGGCGGTCCTCGTCGAACGCCTTGCGGATGCGTCCGCCAATGTCGTCCAGGGCCTCTTCCCAGGTCGTCTCCTCCCACTGGCCGCCGCCGCGCGGGCCCACGCGCTTCATCGGCTTCAGGATGCGCTCGGGATCCTGGACCTGGTTGATCGTCGCTGGCCCCTTGGCGCAGGTGCGGCCGCGGGAGCCCGGGTGGGCCGGGTTGCCCTCGAACTTGACCGTCTCGCCGGTGCCCTTATCGACGAAGGCCAGCAGCCCGCAGGCGGACTCGCAGTTGAAGCAGATCGTCGGGACGCAGCGGTAGTGCTTCTCGACGCGCTCCGGCCAGGCCTTGGGGTCCAACTCGACCCAATCGTCCCACTGGTCGGGCGGGGGCCCCACGGCCAGGTCCCAGGGGGAGGTGCGGGCGTGGGGATGGGTCGAGTCGGACATGGTGGCGTGGGGGCTCGGCGGGGCGCGGACTCAGGGCTGGCACAGGTTAGCGGCGGCGCGTCCGTCCGCCCGGCTCTGTCCGCTACTCGGTGCGCTTGACGATGTGCCAGCCGTAGGGGCTGGCCTTGGCGTCGAAGCCGGCCACGCCGAACTCGCCGACGT
CP036296.1_gap19	664195	667204	3009	CGGTCCGCCGGGTCGAAGGAGATGCCCGAGGCCTTGAGCGGCTCGATCGGTGCCTCACCGCCGGCGAAGACGAAGACCTCGTCCACGTCGAGCATCAGCTTCTCGCCGTCGCAGGCGCCCAGGCGCACGAGGTCGACCGTGTCCGTGCCGATGGCGGTGACCTGGGTCTCGAGCAGCAGCTCGACGCTGCCGTCCAGCCGCGCTTGGTCGAGGCGCTCGCGGTTGCGACTGCGCAGGCGCGAGAACTCCGCGCGCCGGTAGGACAGGCGCACGACGTTGCCCGGCTGGTCGGCCAGGCCGAGGGCCGCCTCCACCGCGCTGTCGCCGCCGCCGACCACCAGGATGCGGCGATCGGTGTAGCTCTCCGCGTCCATCAGCGAGTAGGCCACGTGGGTCGCCTCCTCGCCCGGCACCCCCAGACGACGCGGCGACCCGCGCCGGCCCAGGGCCAGGCTCACGAAGCGCGCCACCACCGGCTCGCCGTCGGTCTGGACCTCGAGCAGCCCGTCGGCGCGCTGCACCACGCGCTTGAACTTGACCGGCGTGCGGATCGGCAGTTCGAGGCCGCCGATGATGTCGGTCCACAGCTCCATCAGCTCCTCCTTGGCGTAGGAGCTGCGACCGAGGCGCCCGTGCAGGGGCAGGTCGACCGGCTGGGTCATGACCAACTTGCGGCGCGGGTAGCTGGCGACGGTGCCGCCCACCGAACCCTGCTCGAGCGTCACGAAGTCGATCCCGTGCAGCTTGGCGGCCAGGGAGCACGACAGCCCCGCCGGCCCCGCACCCACCACGCACAGCTCCAACGCGCCCTCGGGAAGGTCGCGCGGGTCGTCCTTCAGGCGCCGCGCGATCTCCTCCGCCACCGCGTTGCCGTGGGTGACGGCGGTGCGGATCAGGGCGTAGCCAGTCACTTCCCCGGCCAGGAACAGGCCGGGCACGGTGGTCGATTCCAGGTTGTCGGACAGCACGGGGATGTCCTCGCGCTGCTCGATGTCCCCCAGGGCGATCGAGATGGCCCCCGTCGGGCACTCCTCCGCGCAGCGCCCGTGCCCGACGCAGCGCGCCCCGTGGACGACCAGGGCCTGGCCGTGGATCAGGCCGAGCACCCCGTCCTCCGGACAGGCCGCCACGCAGGTCCCGCAGCCCAGGCAACGGTCCAGATCCACGTGGGGATACTGCAACCGCGCCCGATGGGACCCGGATTGCCGCGCCTCCTCCCGCTCATCCAGAGCCGCGCCCAGGCCATGCAGGCTCTGCCGCCGCTGGATCAGCGCGACGAGCAACCCGGCACAGGCCAGGGCGGGCAGTAGGAAGGTCCACCAGGTCATGGAGTTCGAGGAACGGTGCGGGCCAGGTCGAATCGGTCAGGAGGAAGGGCGGTGCGTGCGCCCGACTCGCCACCGGGGGAGCCCCGGGAACCGACCGTCCAAGGAGCGGCGGTCCACCCCTTTCGGACGACTCGATCCCCAGAAACGCCGACCGCCGCGCGAGCCCCCCAGCCCACCCGACAGACGCTCCAAGCGCGGGAGCCGCCAGCCGACGCGGACTAGTTCCACCCTCGATCGCCCTATCAATCGACCCGCATGAACATTCGTTCAGGTCTGCACGGGCTGTGTGAGGCCACGCTCTTCGACGCGCCCAGGTCCCACAGCAAGGACCGCGCCAACGTAAGAGGCGGTACCTGATGCCCCGGGGTGGGCTCCGGCGAGTCCAGCGAGAAGACCGGGGTCCAGGGTTTGGACTCGAACCTGGCGCCGGAAGGCCCGGCGCGCCGGGCCGGGGCGGGCGCCGCCCGCGGCCGCCTGCCCGTGGACCTGTGGACTCAGCAGCCGCTCAGCGAAGTGACCCGTCAATTCTCCGGCCGACTCGGGTCACCCTTCGTTTCCTCCCACGACCCCGGGGCTACCCTGCTCGGCGCCGACCCATGGCCGGCCTGCGCCAGCCGGACCCCTCGTCCGTGATGCGTTCACCAGCTTCCACCAGTCAGCTCGAGTGGGGACTCGTAGCCGCGGGGGTCGCCGCTCTATGCCTGGTGATCCTCTCCTCGCCCAACGGAACGGGCGATGCTCCCCGGGCGTTGGCCGGGGCCGGGATGACTTCGACGCGCCTTGCCCGAGACCACGTCGATGGGAGCACGGCCGCCCAGCCATTGAGTGTTTCCCCGCCAACAAGAGGGAGGCCCCCTCGCGTCCGCGCCGATTCCGGGCTGAGGGAGGAATCGACCGAGGCATTTATCGAGTTTCGCGTGGCGTCTGAGTCCGGGCTACCGCTTCAGGATCTGACTGTGCGCGGGTCCACAGGGGCAATCTCGTTCACTCGCGCCGACGCGTCGGACCATATCGCGATCGACGTCGGATCGTCGCCGGTCAACGCGACTCTGACCATCCGCGCGCGTGGGCACGTGCCCCACGAGTGCAGCCTGGTCGAGGTGCGTGGGAACGCCGCGCGCGGAGAAGCCGTCAACCTCTCGCCCGACCTGTGGCTCTCCGTTCGGCCGCGTGCGCTTTGCGATCAGATCCTCGGAGTCGAACCGGACGTGCGCTTGACAGGCTCGGACCGCGAGACGGCGCTGCAGGCCACCTCGAGTGGAGTCGTAGATGGCGCGTTGGAGGTCGTGCTCTCCGTAGCTCAACTGCGGTCCATCGGCCTCGATGAGCTCGAGGTCGGATTCGTGCTCCGTGGGATCGGGAGCTTCGTCTACCCGACCGAGCTCTCGAGCGGCCACCGCCAAGTCGTCGATCTGGAGCAGATCGCCGGTCCGCTCGGATTGCCGAAGGGCAGCATCCGCGTCCTGCTCGCAACGGAAGGTGGCAAACAGATCGAATCGAGTGTGGCTGGATGGAGGGTCGAGGCGCGACTCGCGGAGGGCTTGGCCTACGAGCCTGGCGCCGGCCAGCTGCAGTCCTTGCAGGTCCTGCCTGCCAGTCGAGTAGGGCGCGGATTCGAATTCCAGAACTTGATCGCTGGGATGCGATACCTGATCACGGCGTGTCGTGAAGGCGAGGGCAG
CP036296.1_gap20	689337	692093	2756	CAGCTCGAGCTGTAGCTCGCGGGGTTCGTCGGGAGACGACGGGTCGAGGGCGAGGGGACCGTGGGTCAGGGCGGCCCAGACCCGATCACCTTCCCGTGGCGTGTGGGTCACCACCACGATGTAGTCGCCGGATCGCTCGAACTGCAGCGCCATGCACCCCTGGGCGTCGGTCGACCTCAGGCTGCTGAAGGGGATGCCGAAGCGGTGGATCAAGTCCAGCGCCCCACCCTCGGCGTCGGTGGCGCGCAGCCAGGGATCGTCGGACCTGGGCGCCGCGACGAGGAAGACCATGGCGTCCTCGAGGGGCTCGCCACCGGCGGTGACCTGACCGCCCAGGGTGCGCGCCGTTCGAGGGCCCAAGGCGACCGTCAGGGCGCTGGGCGCGGTGGACGGATCGAAGGGCCCCGCGATGCCGTCTTCGAAGCCCTGGGCCGACACCACGACGCGAAAGGGCTCGTCGGGCAGGGCCAGGCGCGCGACCTGCGGCGGAGCGGTCGAATCGAGGTCGACCTCCAACTCCGTTGCGCCCGAACCGGAGACCGGCGCCAGGCGCGCCGCGGGAGTCATGCCTGAGATGAGGCGCTCACCGTCGTCGTCCGCGATCAGGCGCACGTCCACCTGGCGCTCCATCGGGACCTCGCCGACCACCGGCGTGATCTCGATCCAGCGCTCCTGGCCGAGGACCAGGACCACGTCGTCACTCCCGGGCTCGACGCCGGCGAGGACCGTGGGTCGATCGTGACCGCCGGGCAGGGAGGCCTCGATGGTCCACGGCGCCTCGTGGTCCAGGCGCAGCTCGAAGGCGCCGCTGTCGTCGGTCCGCGCGCGCTGCCGCGTGTGGACGGCCATGCCCTCGGCTCCGTGCGTCAAGAGCGCATCAGCCACCGGCAGACCGTCGGCGTCGACCACGCGGCCCCGGATGGTCTGCCAGGGGGCCGGGCGCGCGAGCTCGATCGTCACTCGCGCAGGGCCGCGGGCGGGTCCAACCTCGAACAGCTCCGAGACCGCTCCGAGGAAGCCGCTGGCGTCGGCGGACACCCGCCGCATGCCGGCAGGCAGGCCGCGCAGCGCGAAGGAACCGTCGACGGCGGTCGCGGTCTCCCGGTCGGTGAGGGACGTCGGGGCGCGGAAGCCGTAGAGGCGGCCCAACTCGAGTTCTCGCGCGGTCAACTCCACCTCCGCCGGGCGCACCGTGGCCCCGGCGATCGGCAGGCCGTTCCCATCGGTCACGATCCCGCCCAGCGCTCCGCCGGGCTCGAGGGTGATCTCACCCAGTTGCACCGTCGCCGTGACCGGACAGACGATCTGCAGCGACTCGCGCGCCCAAGCGTCGTGGTCGGTGTGGGCGGCGATCGACCGGGGCCCGTCGGGCAGGAGGGGCGCGGCGCCAAGGTCGATCCGCAGGTAGCCGCCAGCGTCGCTGGTCCCGCGGACTTCGTCGTAGGGGGCCTCGAAGCGAAGCTCCACCCCGGACACGCCTCGCCCTTCGCGGTCGACCAAGCGGGCGGCGACGGCGGGACCGTCGTTGGCGGCCGCGGGCGAGTCGTCCGTGGCAATGGCGGATCGAGCGGTGCCGGCGGCAACAGCCAAGGCCTCGCGAGCCGCCGGGGGAGCGGCGTCGCCGACGGCCTGCAAGTCCGCCGTCGGTTCCGCCGCCCTTCCGCGCTGGCCGAGATTGGCGCCCGAATAGGAGCTCTGGGAAAGGACCGCAAGGCCCAGGGCGAGCACGGCGACCCCGCCGAGCACGAGTTTCGCCGTCGTATTGGCCATCAGAAATCCGAGCAAGGCGGCGAGAGCTCCCGCCGCAATCTGGGTCGACGGCGCCTGCCTCGCGAGCGCTCCCACGCTCGCGATCCACGCGCTACGGTCGCCCCCATGTTCCTGGTCGAGCCGCTTCCGCAACCGCTCGCGCGCCTCCATCAACCGCCAACGCACGGTCGCCTCGCGAATCTCCTCGTGCAGCGCGATCTCCGCCGCCGAGCGCCCTTCGTAGTAGCGCAGGAGCAGGGTGGTGCGGTACGGCTCGTCCAGCTCCAACACCGCGCCGGCGACCAGACGCTGGGTGTCCACCCGCTCGACCAGATCGGCCGTCGCCGGCAGCTCGTCTGTGGGCGCTGCGGCCCGTTCCCGCGCCGCGCGCCGCCCCTGGCCCCGCTTGGTCTGAGCCCAGAGCCGTCGCGTCACCCCCGCGAGCCACGGCCGCAGCGGCCGATCCGGGGTCGGCGGCTTCTCGAGCGCCGCCAACAGGGTTTGCTGGGCCAGGTCGTCCGCCGCCGACTCGTCGCGCACAAGGCTGCGCGCCAGGGCAAGCAGCCAGTCGCGCTCCGCGAGGAGCGCCTCGGGATGGGGGATGGAGGTGGGGAGTGCCATGCCGTCACCTACTCCTTGCCGCGGTCCGCCGGTCCGTTGGAGGAATTCTTCCGACGCGACGCGATGGGCGCGGCGCCAAGGCGGACGCACCCGCCGCTCGCCTCGGGCCTAGCGACCCTCGCCGAAGTACTTCTCCCGGATCCACTGCGGCTGCCAGGGGTCGATCACGCGCTCATGGCCAGTGAGGTCGATCTCCGCCGGGTGCTGCTCGGGCGAGGTCCAGGGTTGGTGGTCGCCGAGCAGGGTCTGTTGGGCGAGCAGTTGCTTGCGCAGCGCGGCGATGCGTTCGGACTGGTCGGGGTCGCTCCCCAGGTCGTGCAGCTCCGCCGGGTCCGACTCGAGGTCGAACAGTTGCGTCCGATCGATATCGGGATAGCGGATCAGCT
CP036296.1_gap21	693857	696370	2513	CGGCGATGACGAGTCCGGCGACCTGATCGCGGCGGTCGACCGGGCCCGAACCCTGTGGCCCGCGACGCCGATCGTCGTGGACGGTTGGTCCCTGGGCGCGGGCGCGGCCCTGGTGGCCGGCGGCCGGCTCGACGTCGACGGCCTGGTGCTCGAGGCGGCCTTCACGGACCTGGGCTCGGCGGTGCGCGACCGCGGAGCGAACCTCCTGCCCCTGGTCGGTCCCCTGGCGGCGGAACTGTTGCTGGTCCACGAGGGGTGGCTCTTGGGAGGCGACCCCGATCGACGCAGCCCCCTGGTCGGCGCGGGCGATGTCCTCGCGCCCACGCTCTTCCTGGTCGGCGGCGACGATCGCCGAGCCCCCGTGGCGGGGGTGCGCCGCATCGCCGAGCGGGTCGCCGACTGCCGCGGCGTCGCGGTCTTCGAGGGCCGCGCCCACGTCGACCTGTTCGGCCGGGACCCCGAGCGCTTCGAGCTCACCGTCGGCCGCTTCATCGACGACCTGCGCCGAGAGTGGCGCGACGACTTGATCGCCAACCGGGCTCAGTAACCCAGCTCGCGGTCGACCACGTTCAAGAGCGGCTCGCCCGCGATGAAGCGCTCCATGTTCTCGCGCACGAGCACGTCGCGGCGTTCGACCGTGAGCTCGGCGCGGCCCGCCACGTGCGGGGTGATCGTCACGCCCTCGTGCCACCACAGCTCGTGCCCCGGCGGCAGGGGCTCGGGGTCGGTCACGTCCAGGCAGGCACCGGCCAGGTGCCCACTGTCGAGGGCCGCAAGCAGGGCATCGGTGTCGAGGATCGGTCCGCGCGCGATGTTGACGACGAAGGCCCCGGGGCGCAGCAGGTTCAGGCGCCGGGCGTCGAACATCCCGCGCGTCTCGTCGGTCAGGGGCAGGCAGATCACCAGCACGTCGGTCTGGGCCAGGAGTTCGTCGAGTCGGTCGCCGGTGGCCAGCACGTCCACGTAGTCCGGCGCCGGCCGCTCGGTGCGGACGGTGGCGAGCACGCGCATGTCGAAGGCGTGGGCGCGCTGGGCCACCTGGCTGCCGATGCCGCCCATGCCGGCGACGAGCATCGTGCGACCGGCCAGCGAGGCCGTCTCCGGCGCGGCGTCGCGGTCCCAGTTCTCGCGCACCTGGGCCTCGGCGTAGGCGTAGAGCCCGCGCAACTGGGCCAGCAGCATGGCGAACACGTGCTCCGCGATCACCGGACCGTGCACGCCCTTGGCGTTGGTCAGGACGACCTCCGGGCGGCTCGTCAGGCCGTCCAGCTCGATGTAGCGCTCGACCCCGGCGCTGTAGCTCTGCACCCAGGCCAGGTTCGGCGCGGCAGCCAGGAACTCTTCGCTGAGCAGGTGGGCGTCGATGCCGTGGGCGCGACCGGCGTAGCGCAGCACCGACTCGCGCGTCTGCTCGCCGATGATCTCGATCCGGTCCTCGCGGCCCGCGGTCAACTCGGCGATCTCGTCGTCGTCGATGGCGCTGGTCAGGTAGACCAGGGGCCCGTTCACGAAGGCCGGGTCGACGGCCACCGTGGAGCCCCGCTCGGCCCCGGGGGCGATGGTCAGAGCCTCGATCGGATCGCCGGGGGAGGCGCAGGACCCGAGGAGTAGGGCGAGGACGGCCAGCGCGCGGCCGGCATGACGAGCTTGGATCTGCATCGGTGGGGCGACGACGATAACGAGCTTGGCCGAACAGGCCCGGTGCCTTGTGGCGGGGTTGCCGTTGGAACGGTCGGGGCGCCGCGCTCGGTGGCCCGGAGCGACCCTCGGCCCAACCCGAAGCCCCTTCGCGACCCATCCAGGGCGACTCGGGGTCCCGAGATGCCCGCCCGCCGCCTTGGCAGGGTGCGCCGAGCCACCTGGCCGGATTGACAGCTTTCTGCCGCATCGGCGCGTCGTTTTGGCAGTGATGGGTCCGGTGGAGGGTCTCCGGGCAGGCCCGTGTCGGTGTGGCGCCCTCTCAGGCCGGGGTCCGCCCTTGGCACGGCCCTTGCTTCCTGGGATGCACCGGCACGGACCGGGCGACCTGGGGGCCGCCCGACCATGACCTCCGCGCGCCGCACGCCGGAGACCTGCGGCGCGCACCGACGACATCAGGAGTCACGACCCACATGAAGCACCTCATCCCTGTCACCGGCTTCGGCCCCGCCCGCGCTGACCTCGACCGACTCTTCGAGCGCTTCTTCGAAGGCGGCAACTTCAGCGGTGGCGGCGAGGGGCGTTCCCTCGTGCGCGTCGACGTCGCGGAGTTGACCGACGCCTACCAAGTGCGCGCCGAAGTTCCCGGCGTGCCCGCCGACGCGATCGAACTCAAGCTCGACGGTCGCACCCTCACCATCGCCGGCGAGAAGCCGCGCGCCTTCGACGAGCAGCCCGATCAAGTTCTGCACCGGGAGGCCGGATTCGGTGCCTTCCGGCGCGTGCTCGAGTTCCCGCTGCAGGTGGACGGCGACAGCGTCGTCGCGCGCCACGAGCAGGGCGTGCTCTACATCACCGTGCCCAAGGCCCAGGCC
CP036296.1_gap22	703090	706687	3597	GCGTGGCCGGGGCCGGCGTCGAGGGTCAGCGGCTGTGTCCCGCCGCCGAAGGGGCTGAGCGAACCCGTCAGCGAGCAGAAGCTCGACCCGGCCGGGCAGATCGTGTTGCGGTGCACCAGGATGCGGTTCGTCGCGCCGTGGACGGTGACCGCGTCGTCGTAGCCGTCGCCGTCGAAGTCGGCCAGGGCCAGGTCGCGCAGGTCGCCGGCGGTGGGGTAGGGGGGGATCGAGGCCTTGGGTGCGAGCTGCTGCACGTTGGCGCCGATCACCAGCGCTCCGCTCGTCTGCGTGCCCACCAGATCGGTGCGGCCGTCGGCGTCCAGGTCCCCGGCGGCGATACGCCCCTCGGCCAGGAACAGGCCGCCGAAGGAGGGGAAGGACCCGCTGCCGTCGTTGATGAAGTAGCCGGCTTCGGTGGCCAGGAACTCGCTCTCGACCTGGGCCAGGTCCGGGTAGCCGTCGCCGGTGAAGTCGGCGACCACGCCCCAGGTGCCGGTGCCCGAGGCGATCAGGGGCGGGTCGGCGGTCAGCCCGCCCGCGCCGTCGTTGCGCACGAGCAGGAGCGCATAGGGGATGTCGATCTCGTGGTACAGGGCCAGGTCGATGTCGCCGTCCAGCTCGAAGTCCCCGGCGGCGAAGTGCAGCAGCGCCTGACCGACGACCGTGTCGACGCGCGTGGGCAGGCTCAGGTCGCCCGCGCCGAAGAGGGTCGTGATGCCCTCGAGGCCGTGGCAGGCCACCACCGCGTCGAGGTTGCCGTCGCCGTCCATGTCGAGCAGCTCGACGGTGCGCGGCGAGGCGCCCACGCTCCAGGTGCCGGCCAGGGTGAAGCTCCCCAGGCCGTCGCCGGCGAGGACGCGCACCACGCTCTCGACGCGATCGCTGACCGCCAGGTCGAGGTCGCCGTCACCGTCCAGGTCCCCCGTCGCGACGTCGAAGGGCGTGCCGCCGACGGCAACCGGGATCGGGCCGTTGAAGGTCGCGTCACCGACGCCCAGCCACAGGGAGAGCTGGCCGGTCGTGGGGTGGGTGACGAGCAGATCGAGGGTTCCGCCCGCGTCGACCTGGGCCACGGTGACCCGGTTGGGCTGGGGCGGGGAGGGCAGGAGCGAGGTCGTGAAGGGCGCCTGCTGGGCAAGGGCCATCGGGCAGAGGGCGATCGCGAGGACCGTGATCGGGCAAGCCGCGTGCTTCATGGCCCGAGACTAGCAGCCGTTGCCCGATCGCGTAGGCCATGGAGATCGCGGGTCGCGCGCCCGGTCGACACCGGCCTCAGGGTCACCAGTGCAGTGCCGTCGCGATCGGCTCGTCCCCGCCCGGACCGAACCGCAGGACCTGCCCCCCACGATAGGTCAGCACCGCGATCGAGCCGTCCGCCAGGGCGGTCAGGCACAGGATCCCCGCGCTCCCCGGTGGCGGCTCGATCCAGCGCGCGACGCTACCGTCCGCTCGAACCAGGGCGGCGATGCTCCCATCGGCGGTGACTGCTGTGACGCAGCTCAACGAGCCTTCCCCTTCTGTGGCTTGGAGGACGGTGGCGGTTCCGGCCCACCACCGAACCTTCCTGCCCGATGTGTCGAGATCCCGGCGCCCGCCTTCGCGGACGTCGACGATCGAGAGGCGGGCGCGATCGCCGACCAGCGCCTTTCCATCGGCCAAGGCACAGACGATCGAATCTCGCGCTTGCATCCAATCGACCGCCAAGAGCTCACCCGCTTCGGCGTCGAGGGACCTGTACTCGGTGATGGTCTGTCCATTGGCGGACGGGCGGACGAGACCTCGGAAGATCCACAGCCCATCGACCAGCCAGCCCTCGACGTATTGGACCCTCCAGCCCGCGGCGGCCAGGACCTCCTCGGTCACGGGAGTCGCACCGGGTGCCGCAACGAACGCGCGAGCACCGCTACCGGCGCGGCTCAACCGCCAACCCCCGCCGGCGGGAAGGGCAAGGGTCCAGCCGCCGTCGCCGATGGTGTTGAAGGGCTCCAGGTCCGCAGCGCTGAGCTCTGCGCGATCGATCGCGAGGATCTCCCCGTCCGAGCCGACGATCTCGGAGTCGCCGTCCTGCTTGTGGAGGACTCCGAACGGAAAGCGGTTGGACCTGGTCGAGACCGTCGTGTGCGCTGGCCAGAGGTCGTCGCCGAGCACGCCCGCCGCGACCGTCTCGCCCGTCTCCAGATCGATCACGACCGGGAAGCTCGGCCATTGCTCGTCCCGCAGCATCGCGAAGGCGTGGCGGCCGTCGGTGTGCAGGAACGCGCTGCGTACTTCGAGGTTCGGACTGGAGAGATCCAGAGTCGTGACGCCAGCGAGGTTCGCTCCGGCCTCGAACCACGTGGGCGCGATTCCGATCGAGCCGGCGAGGGCCACGGTGCCCGCGCGCTTCCAGGTGGCCCATTCACGCCTGGAGCCGATCGCCATGCTGGACAAGGCCGCGAGCGCACCGCCGATCAGCGCGCAGGTGAGCCACAGGCCGATCGGTGGGTCCGGTCGCAGCCGGCCCATGACGATCTCGTGCAGCGCGGCGGGGAGCGCGAGCAGGGCGAAGACGCAGGCGCCGCCGGGCGCGGCCAGGAACCCACGCGGCAGGAACGACGAGCAGGCCATGGACCACAGGGCCAGGGCCACCGTTCCGCCGAGGATCAGCCCGACCATCGGCTCGGCCTGGAGCGAGGAAGCGCCGCTCGCGAAGAGACGGCTAGCGACAGTGGCGGACTCGCTTCCGACCACGGCTGCCGCGACGAGCGCTCCGAGCAGGACCGCCAACTTGACCAACGCGACCTGACCGAGTGACACCGGCTGGCGCCGCAGCCACTCCTGCGTCCCCTCGTTGCGCTCGCGCGCGCCGATGTCGCAGCCCATGGCGATGGCGACGATCGCGGTCAGGCACACCGCCGCCGTGTGGGCGAAGGTGGCTGAGTCCACGAACAGGTCGTCCGCCAACCAGCCGGTGACGAGGCAGCCGACGATGACGAGGGCCGCGGCGACCAGGAAGGCGGGAGCCTGCTCGCGCAGCTCCTTGTGGGTCAGGGCTAGCAGACTCATGCGGCGGCTCCGTCCGGTCCGGGGGTGGTCTGGGTCAGGAGCGCGCGCAGGGCGGCGGCGCTGTGCTCGAGTTGGGCGTCGCCGACGGCCTGTTCGCGCAGGGCCCCGCCGTCCATCAACAGCGCCCGGTCGGCGATGCGCGCGGCGATGTCGAGGTCGTGGGTCGATACCAGGGTCGCGGTGTCCTCGAGGTCGACTTCGGTCAGGAAGGCGCTCAAGAGCCCGTCGCGGGCCACCGCGTCGAGGCCGGCGAAGGGCTCGTCCAGCAGCAGCAGCCGCGGCCGCGCGGCCAGGGCCAGGGCTAGCTGAACCCCCGCGGCCTGGCCGCGACTGAGCTTCGAGATGCGGCCACGCCGCGGCACCGCCAGGGCGTCGGCGGCGCGCCACAGGCGGCGGTCGTCCCAGGTCGGATAGCAGCGCCGCGCGAAGCGCGCCGCAGTGGTCAGGCTCATCCACGGCGGTAGGTCCGGCAGGCTCGGCACGAAGCCGATCGCGGCGCGGGCGGCTGCCGAGCGCGATGGGTCGGCTCCGCACACCCGCACGCTGCCACTC
CP036296.1_gap23	797649	799963	2314	CACGTGCGGCGATGGGATGACGGCGTTGGGGCGCGTGGGGGGGCCGAATCTAACGACCCTGGGGCCGGCGTGGGTCCGCAAGCTCGGCCCGACAGCAGTGTTGTTCGGGCCGGGCCCCCGTGGGAGGCTCTTCGGTCCATGTCCGGGAAGCGGATCTACATCGCCTACACCGGCGGCACCATCGGAATGCGCGAGGGCCCCCAGGGCTTCGCGCCCGCCGCGGGTTTCTTCGAGGCGCAGATGCGGCAGATGCCCGAGCTGCTCGCGCCGCAGATGCCAGCCTTCGACGTGGTCGAGTACTCGCCGCTGCTCGATTCGGCGGACATGTCGCCGGACGACTGGCTGCGGATCGCGCGGGACGTCCAGGCTCACTACGACGACTACGACGGCTTCGTGGTGGTGCACGGCACGGACACGATGGCGTACACCGCCTCGGCCCTGTCTTTCATGCTCGAGGGCCTGGCCAAACCGGTGGTGTTGACCGGCTCGCAGATCCCCCTGTGCGAGACCCGCAACGACGCGCGCAACAACCTGATCACGGCGCTCGAGGTCGCGGCCAACCACGCGGTGCCGGAGGTGACCCTGTGCTTCGGCGATGCGTTGATGCGCGGCTGCCGCGCGCGCAAGGTCGACGCCAGCGGCCTGGCGGCGTTCGCCTCGCCCAACTTCCCGCCCCTCGGGCACATCGGCAGCCGAATCGAGATCGATCAGTCGCGCGTGCGGCGGCCGGAGTCAGGGGCGACGTTGCGGGTGCAGGCCATCGGCGGCCCTCACGTGGGCGCCCTGCGCTTGTTCCCGGGCCTGCGGGCCAGCGTGCTGGAGAACATGCTCTCGGCGCCGCTCGAGGGACTGGTGCTCGAGGCGTTCGGCGTCGGCAACGGACCCAAGCACGACCAGCAGTTCCTCGACGTGCTGCGGGCCGGTTGCGAGCGCGGGATCGTGGTCGTCGTCGTGACCCAATGCCTGCGCGGGAGGGTCGACCTATCGGGTTACGCGACCGGGGAGGCCCTGGCCTCGGCGGGCGTCGTCAGCGGCGTGGACATGACGCCCGAAGCCGCCCTCGCGAAGCTGCACTACCTGCTCAACCGCGGCCTGGAGCTGGACGAGGTGCGCCGGCTGATCGGCGTCGACCTGCGCGGTGAGTTGAGCGCAGGCTGAGCGCGGGCTCGCGAGGGTAGCGTTGGGTAGGCGGCGGTCTTGTGCCTGGCACCGTACGAACGTGGCACCGTACGAACGCCTACCCAACCGCACCGCGAATCAGAAGTCGTCCGCGTGCCGGTAGGCCTGGATCAAGGCCTGCTCACCCTCCGCGCCGCCGCGGCTGATGCCGTGCTCCATTCCCAACACGCCCGTGTACCCGCGCGCGTGGATCTCCTTGAAGACGATGCGGTAGTTGATCTCGCCCGTGCCCGGCTCGTTGCGGCCGGGGTTGTCGCCGATCTGGAAGTAGGCGATCTCGTCCCAGGCCTTCCTGATGTTCGGGATCAGGTTCCCCTCGGTGATCTGCTGGTGGTAGATGTCGAACAGCGTCTTCACCGCCGGCGAGCCCACTGCCTTGCAGAGCATGTAGGCCTGGGAGATCTTCGAGAGCAGCATCCCCGGGTGGTCGGACCAGGGGTTGAGGGGCTCCATCACCATTACCAGACCGTGGGGCTCGAAGATCTCGGCGCCGCGCTTGAGCATCTCGATCGCGTTGGCGTGCTGGAAGTCGCGCTCGAGCCGCGGCTCCAGGTCGCCGAGCACGATCGTCATCCACGTGGCGTTGACCCTGGCTGCGCACTCCACGGACACCTGCAGGTCGGCCAGGAAGCTCTCCACGTGTTCCGGCGAGGCGGTCGAGAAGCTGCGCTTGCCGAAGGCGGTGCCGAAGTTGGCGACGAACACGCCCATCTGCATGCCGCGGTCGGCCAGGGCGCGGGCGATGCGCTCCTGCTCGGCCACGTCGCGACCGGCCATGCCGTTGTCCTCCCAGGCGCGGAAGCCCTGGTCGTGGGCGAAGGCGATCTGATCGACCACGTCGCCGCCGGCGAGGTTCTGGAACATCCCCCCGTGGGGGGCATAGGCCAGCTTGAAGGGCGCGTCGGCCGAGGTCAGGCGCGGGCCCGCGTGGATCGCGGGCGCGGCAGCGAGGGAGGCACCGGCGAGGGGCGCTGCGGCGGCGGCGGCGGCGAGGAAGTCGCGACGCTTCATGGGGAGTGGGGTCAAGGCGTGGCGGCGAGTGCGCGGGGACGCGCGGGGTGGGTCAATCTAACGGCGCGCGGCGCAGCTCGCGCGGCCGGGTCAGAAGCATCAGCGCCAGGGTGGCCACCGCGGT
CP036296.1_gap24	806352	807237	885	GACGGCAACGTAGCGCTCGATCGCCGCGCGGGTGAGGGCACGCATGGTCAGCGTCGCCACGTCAGTCCAGGCGCGGCGCTCGCCTCCGCGCTGGATCGCGACGGCGGTGACCAACCGGTGGGTGCGGCCCGCCAGGCGTTCGAGTTGGGCGGCGGCCCGCGCGGGGCTGCCGGGCTTCGAGAGGACCTCGGAGTCCAGGGCGCAGACCTGATCGGAGCCGATCACCACGGCCTCGGGGTACAGCTCGGCCACCGACGCCGCCTTGGCCCGGGCCAGTGTCTGGGCCAGCTCGCGCGGCTCGAGGCCGCGGGACTTGTAGGCGTCCTCGTCCACGTCGGGCGCGACACAGTCGAACTCGAGACCCAGGCGCTCGAGCAGGGCGCGGCGGTAGGGCGAGGTGCTGGCGAGGATGATTTGCACGGGCGGGCAGGATAGCGGTGCGCAAGGGGTGGCGTGGCGCGGCGGCTCTGGCGAACATCGCCCGCGCCATGAACCCCGCGCCCCGTCGTCTGACCGTCGCCCTGACCCTCGCCTGCTCCTTACTGAACGCGGGGTCGTCCAACGCCCAATCGGAGCCCCCGTCGCAGGGCCTCGCCGAGCTCTATCCCAGCGATCTGGAGCCGACCCAGCCGCCTGTTCCGATGGGCTGGAGCACCGGTCCGCAGCACGTCCACCGTGTTGCCGGCTTCCGCTTCGAGCGCGGCGAGCGCCTGGTGGTCGAGACCGGCCCGGGCCTGGTCACCGTCGGCGTCCACCCGGACGGTCCCCTGTGGGCGGTGCTCGAGCCGGACGAGCCCGGCGCGATCGCGGGCGAGCTGCCCGGCGCCGGAGAGCACGTGCGCTCGATCTTCATGCGCTTCCACCCGGCGGAGCTGGGCGCACTGG
CP036296.1_gap25	963980	968957	4977	ACTCGAGGGTGAAGGCGATGATCTCGGGGTCGAGGGACAACTCCAGGTTCAAGAGCGTCCCGATCGCCCGTCGCATGCGCAGCACGTCGTGGTCCTGGATGTGCCGGCGATCCTTGCGCAGGTGCACCGTGATCCCCTGGGCCCCGGCGCCCTCGGCCAATAGGGCCCACTCGACCGGATCGGGGAAGGCCGCGTGGCGGGCCTGGCGGACGGTGGCCACGTGGTCGCAGTTGACGTGGAGGCGGGGGGCGGGCGCTTCGTTCATGGCGACGATCTTAGGACGCGGCTCCGCGCTATCCTGCGCGCCGTGAAGATCCTCGGCGGAGAGCACCGTGGGCGCGCACTGCGCGCCCCCAAGGGACATGCCACGCGGCCGATGTTGGCCATGGTGCGCGAGTCGATGTTCCAGATCGCCGGGCCCTGGCTCGACGGGGGGCGGGTGCTCGACCTGTTCAGCGGATCCGGGTCGTTGGGGCTCGAGGCGCTCAGCCGCGGCGCGGCGAGCGTGCGCTTCTTCGAGATCAGCCGTGAGGCGCGGGAGACCCTTGAGCAGAACATCGCTCTCTTGGGCGGCGGCGAGCGCTGCACCGTGGTCGCCGGGGACGCGGTCGAGCCGGGCCTGTGGGGGCCGGGGCCCTTCGACCTCGTGCTCCTGGACCCGCCCTTCCCGATGATTCGCGCCACGGACGGCCGGACCAAGGTCCTGGCGGCCCTCGAGGCTCTGGCGGCGGGCCCGCTCGAGGAGGAGGGCCTGATCGTCCTGCACGTGCCGCGGGGCGCGCTGACCCCCGCCAACATCCCCGCGGACCTGGCCCACACGGTCCGCGAGCACGGCGACCAGGCGGTCTGGTACCTCCAGCGGCGCTGACGGGAAGCAGGCCGGGCGGCGCTCAGGCACCCCGGCGGTGGGGGTCGATAGAGCGGCCATGTTGCGCCCGACCCGCACCCTCCTGGCCGCCGCCAGCCTCTCCCTGGCCTGGATCGCCGGGGCCCTGGCCACCGACGGGCCGATCCCGGCCGACGCGCCCCAGGCAGAGCCTGTCGCGATCGACCTCAGCGTCCTGCGCGACAGGCCCCTTCGGCACCTGGGGACCCGCGTGCGGACCGTGATCCAACTCTCCAGCTACGACGAGCCGTGGCAGGCCCAGATCGGACGCTTCGGGCCCTCGCACTTCGCTCGCATCAGCGCCTGGAGCGACACGCAGTTCCCCTGGGTCACCGCGGACTACCTCAGCCCCGCGCCCTTCCTCTTCACGCGCCGCGATTCGACCGCCGACTTCGTGCTCCGCAACGCTCGCGCCCACGAGCGCTTCGCAGTGACCCTCGACGTGTGCGAGCAGTTCGGCGGCGAGCCCTGGTGCGAGATCGTCGAGCTCGAGCGCATCGAACCGTCGATCAACGAGGGCTGCGTGCTGCACGCCTCGCGGGCCATCGAGTCCCGGGACAAGGGCGCGGTCGAGTTGGCCTACTCCGAGCTGGAACGGGCCCTCGCCAGCCCGATGCCGGCACCGGCGCACGGGGCCCTCGAGGCCTTGCGCGCCAAGTGGCAGGCGGCGGACGGGCGCTGACCGGCGCCCCGAGGTCGACAGGATGGGCCGGGGTCTGCGTAGGATCGGGCGCCGTGCGCGTCCTCCTCGCTGATCTGATCGTCGTCGCCCACCTGGCCTACGTCCTGTTCGTGGTCGTCGGGCTGGGGTTGATCCTGGTGGGTTGGTGGCGTGGCTGGGCCTGGGTCCGCAGCCCGCTCTTCCGACTGGCGCACCTGGCGGCGATCGCCCTGGTTGCGGCCGAAGCCGTCGCGGGGGTGACCTGCCCCCTGACGATCTGGGAGTACGACCTGCGCGTCGCGGCCGGGCAGGCCCCGGAAGAGATCGGCTTCGTCGCGCGGATCGCCCGCGACGTGCTGTTCTTCGACGTCCCCGAGGAGGCCTTCCGGCCCTGGTACGTGGGCTTCCTGGGGCTGGTGGTGCTGACACTCTTCTGCGTCCGCCCCACTCGCCGTTGGAAAGAATCGCGCGCGGGGGGTTGACGGGACCCGGTCGGGTTCTGTTAGGTTAGGCGCTCGTTCGGGTTTCTGCCCGGCCGAGGCCCCGACCCAGCGCACGACACCACCACCCATCGGAACCGCGTGGTGCCGCCTTCGGGCGGCTCAGCTTCCGCGCGGGCTCCAGGTGCTGGGGAGGGGCCTCGGCACCCTCGACTCCCTCGCATCGCGGCCGGCGGCGCGGGGGATGCGTCGGTGGGCAGGGCTCGGGCGACTCCTTGTCCGACCGACCTGACCAAACGGGACGGCCCATCCGGGCGGTCCAACGGAGCGCGCCATGCTCGTCGACTTGACTGTTCGCAACCTGGCCCTGATCGAAGAGGCGCGCCTGGGGTTCGGTCCCGGGTTGAACGCCATCACCGGTGAGACTGGCGCGGGCAAGAGTTTGATCGTGACCGGGCTCGAGCTCCTGCTCGGCGAGCGGCCCAAGGGCGGGGCGGCCACCTGGGTGCGGTCGGGCAGCGATCGAGCCGAGGTCGAGGGGCGCTTCGTGGTCCCCGAGGGGCCCCTGGCGCGCAGGATCGAGGCTTTCGTCACGACCGAGTTGCCGTCCTTCCTCGAGGAGTGGCGCGACGAGGCCGGGGTGACCGGGGAGCGCGAACTGTTGCTCTCGCGCAGCCTCGAAGTCGGCGGGCGGACGCGGGCTTGGATCAACCACCGTCCGGTCACGCGCCGGGCCCTGGTCGAGCTGGCGGCGATGCTGGTCGAGATCCACGGACAGAACACCCATCAGCGGTTGCTGGAGCCGGAGCACCAGCTCGAGTTGCTCGACGCCTCCGGGGAGTCGACCGGTCGCGCGCGGGCGGCTTACAGCGAGGCGCGGCGGCGCTGGCTGGCCCTGGCCACCGAGATCGAGGATCACCTCGGCCGGCGCCGCGAGCGGCGGGAGCGGTTGGAGTTCCTGCGCTTCCAGGTGGGCGAGCTCGAAGCACTGGGCCTGGAGGCCGGGGAGACCGATCGCCTGCGCGCGGAGCGCGCGCGCCTGCGCCACGCTTCGGGCCTCGAGCGCGACCTGCGCGCGTGGCTCGACGGGTTGAGCGAAGGCGAGCTGCCGGCCCTCGACCGGCTGCGCGGCGCGGCCCGAGGCGTGGCCGAGTGGGCTGACAAGGTGGTCGAGCTCTCGGACGCGGCGGAGGAGCTGGGTGCGGCCCAGATCCACCTCGAGGAGGCGACAGCCCTCTTGATCTCCTTCGTCGACTCGGTGGAGCTCGATCCCCGTCGGCTCGACCAGGTCGAGGGGCGGCTGGCGGAGATCGAGCGTCTGGCGAGCAAGCACGGGGTCGAAGCGGCGCGGCTCGATGTGCGTTTCGACGAGCTGGCGGCCGAAGCTGCCGAGCTGGAAGAGGCGGAGGGCGGCCTCGAAGAGCTGATTCGCGCCCGCGACGAGGCCCTGGAGGTCGTGCGGGAGGAGGCCGACAAGCTGACGCGTGCGCGGCGCCGGCTGGCGCCGCGTCTTGCCAAGGGCGTGCGGCGATCCCTCGCCAGCCTCGGCCTGGGACACGCCACCTTCGAGGTCGCTGTGGAGCCCAATCGGGCCCAGGGCGCAGCTGCAGGGGCGCTGACCTTGGTCGCGAGTGCCGAGGCCGGGGCGAATTCGGCCGGCAAATCCGGATCGAAGGCTCTGCACTCATCGAAGGCTCTGCACTCATCCAAAGCCCTGCGCGCATCGGCTGAGCCGCGCAGCGGCCGCGATTCCGATGGTCCGGACTTCGAGCACCTGCGGGCGCTGTTCGGTCCCAGCGGCGCCGACCGGGTCGACTTTCTACTCGCAGCGAACAAGGGTGAACCCACGCGACCGCTGCGGCACGTGGCTTCGGGCGGGGAGGCGGCCAGGGTCATGCTGGCCCTGCGCTCGGCCTTGGCCGGATGCGAAGAGCCCCGAACTCTGGTCTTCGACGAGATCGACACCGGCGTGGGCGGGCGGCTCGGTCCCGAGTTGGGCCAGCACATGCGGGCCCTGGGCCTGCACCACCAGGTGCTCAGCGTGACCCACCTCGCGGCCATCGCTGCCTGCGGCCACCGACACCTGGTCGTTCGCAAGGCCGTGCGGCGGGGCCGGACCCGGACCGCGGTGGCCATGCTCGAGGGCGAGGCGCGGGTCTCGGAGGTCGCGGACATGATCGCCGGCGGCGCAGAGCAGGCCACGGCCCAGGCCGAGGCTCGGCGGCTCATCGACGCGGTCGCCGTTTGAGGTCGAGGAAGGTCCTTGGCTGTGCCTCGACCTGGTCGTGGGTGGGGCCTCGACCTGGTCGTGGGTGGGGCCTCGGTCGGGTCGCGGGTGGGGCTTCGGTCGGGTCGCGGAGGGCGGCCGTCTCGCCCCTTCCGGTCGGCACTCGGTGCCGATGCGGGCTCAATCGTGGCTGGCGATGCTCTGGGGCGCCTTCACCGACGGGCTAGAATGCCGCGGCCCGTCGTCGTTCCTCGCAGTCCTACCTCTTCGGTGGAGCGGGATCTGCGAAGCCCACGAACCCTCCTTCCGATCTTGGCCAACCTTCGCGAACCCCTGCGCTTTCGGCGCGAGTACGTCGAGAAGTCTGTCTGGGGCGGCCGTTCGCTCGAGCGAGTGCTCGGGATCGATCTACCGGCCGGCAAGAGGATCGGCGAGACCTGGGAGCTCGTCGACCGCGCCGACGTGAACTCGGTCGTCGTCGGCGGGACCTTCGACGGTCGGACCCTGGGTCAACTCGTCCGCGATCACGGGGCAGACCTGCTCGGCCGTTCGAAGCCGACCCCCGACGGTCGCTTCCCCTTGCTCGTCAAGTTCCTGGACGCGGCCGAGAACCTCAGCGTCCAGGTCCACCCGGACGATGCCGGGGCCCTGGCCCAGGGCGGGACCAGCGAGGCCAAGACTGAAGCCTGGTACTTCCTCGACGCCGGGCCCGAGGGGGGCGTCTGGTGCGGGTTGAAGCCCGGATCGGAGCGCGCTGCCGTGG
CP036296.1_gap26	1007730	1008934	1204	TGGCCTCCTCCGCCGCGGAGCGCGCCTGCTCCAGGGCTTCACGCGCCTCGTGCAAGCTGGTGATGTCGGAGTGCACTCCAGCCATGCGAATGGGCACGCCGAGTTCGTCGCGCAGCGCTTCTCCCCGCGACCAGATCCAGCGATAGCGTCCATCCTTGTGCTGCATCCTGAACTCGACGTCGAAGGGGCGCTGCGACTCGAGGTGGGCGTTGAACGCGGCCCAGGTCGCATCGGCGTCGTCCGGATGGAGAGCGTCGGCGAAGAACTCCATCGACATCTCCACTTCGCCCATCTCGTAGCCGAGGATGCCCAGGTAGCGCGGCGAGTAGTAGATGGTGTCGGTGCCGAGGATCCAGTCCCAGTAACCGTCGCTGGAGCCCTGGACCACGAGGTTCAAGCGCTCCTCGCTCTCTCTCAGTCGGATCTCCGCGTTGCGCTCCTCGGTGACGTCGCGGAGGACGCCGTACAGGCGCCGGGGCTGGCCGTCGACCAGCTCGACCTTGCCCAGGACGAGAACCCAGATCTCACGGCCCTTGGCCGTGATCAGCGGCAAGTAGACCTCCCAAGGCGATCCGTCGGCGATGCCCTTGTCCACAGCGGCCTCGATCACCTCGCGGCCGCCGGGTGCGTAGAACGTGATCGCCTCCTTGACCGTGATCGGCCGGCGGTGATTGATCTCGTGGATGCGGTACACCTCGTCGGACCACCACAGCTCGTCCTTCGGGATGTCCACTTCCCAGCAGCCGATGCCCGCTAGGGATCCCGCCCAACTCGCGCGCCACTGCTCGAGCGGGCGGCTGCCCCGCTCGAGCTCCGTGCGGCGCACCAGGCAGTGTTCGCTGTCGACGCGCTTGGCGTGGATGCGGATCGAGCGCGGCATCACGTCTCGATCGCAGAGCAGCACGTGATCGAAGCGCTCCGCCCGTCCGCCGAGCACGTCCCCCAGACCCAGCTCGAGCACGGCTCGGTCGCCCCCGCTCACCCTCAGGTCGCGCAGGACTGCGGCGACGAGCTGCCCGGCGCCGCGCAGGCCGTCCACCTGGCCGCAGCTCTGCAGCCAAGCGCCATTGCCGCCGACGACCCGACGCTCCCCGTCGACCAGGGCCGCAGGTTCATCGAGTGCTTCCAGGCTGAGGCGAGGGCCGGGGATGGGGACCTCTGAACTCATTGGTTGCTCATCGGCCGCCCCCGACCCCCGTCTGAG
CP036296.1_gap27	1100637	1102793	2156	CGTGCTGGTTACGAGCACCCATTTGCGGGGAACCGAGGGCACACAGATCCAGTCGTCGATGGATGATTCGATGAACGGCTTCCTCGAGCCGGTGGAGCTCTTGGGCTTCGTGTGGGGGGTCGCGCGGGCTGTCTCCCATCGCGCGAGCCTCGCCGAGCCCCGACGCTGACCCGAGGCGACCGCCGCGCCGCCGACCTCTCCCCACCTGTCCCTGCCGCCATGACCCGCAACCGTTCCCTCGCCATCCTCGCTGCGGCCGCATTCCTGGTCGGGCCCGTGCAGGCCCAGTGCCTGCTCGACCAGACCACCGCCAGCGACGCCGATCAGAGCGACTTCTACGGCGGCTCGGTGTCGGCCTGGGGACGCTTCGTGATCGTCGGCGCCGAGTACGCGGACTCCGGCGGCTTCGACCAGGGCCAGGTCTACGTGCTCGAGCGCGTGGGAGACCAGTGGGTCGAGACCCAGATCCTGACCCACTCGGACGCGGGCTTCGACCACCGCTTCGGTCACGCGACGTCGATCTGGGAGAACCGCATCGTCGCCGGGGCCCGCTACAACGACGACTTCGGCTACGGGACCGGCTCGGCCTACGTCTTCGACTTCGATGGCAACACCTGGACCCAGACCGCCAAGCTGCTGCCCTCCGACGCGGCCCTGGGCGACCTGGCGGGCGGCTCCGTGGCGGTCTTCGGCGACCGAGTCCTGGTCAGTGCCCACGGCGACGACCCGAACGGCGCGGACAAGGCCGGCGCGGTCTACGCCTTCGAGTTCGACGGCAAGGCTTGGAACGAAGTCCAGTGGCTGGTGGCCAGCGACGCCGACCCCGACGACCGCTTCGGCGAGCACATCGCCATGTGGCAGGACCGCGCGATCTTCGGCGCCCTGGCCGACGACGGCCTGGCCGAGAACGCAGGCGCCGCCTACGTGTTCGAGATCGGTCCGGACGGCAAGTGGTTCGAAGCCGCCAAGCTGACCGCGCCCGATGGCGCCGAGTTCGACCGCATGGGCAACTCGGTCGACATCTGGGGCGACCTGGCGATCGTCGGCGCGTCCCTTTCCGGCGCACAGTTCCAGGGCTCCGCCTACATCTTCGAGCGCACGGAGAATGGAGCCTGGAAGTTCCTCCAGAAGCTCGAGCCCGAGGGCGACCCCGCCGGCGGCGCCTTCGGACACCACGTGGTCGTCTTCGAGGATCGCATCATGGTCACCGCCCAGAACGCGGACCTGGGCGACATCAACGCCGCCGGCGCGGCTTCGATCTACCGCCGCCAGGCCGACGGCCTGTTCGCCCTCGAGGCCTACCTGCAGCCGAAGCAACCCAACATCGCCATGCAGTTCGGCAGCGCCGGCGACCTGTTCCGCGACCTGGTCGCGGTCGGCGTGCGCGGCAGCGAGGTCGCCGCCGGCTACAAGTCGGGCGAAGTCGACCTGTTCGGCGGGACTGGCACGACGACCCAATACCTCGACGCCTGCCCGGGCGAGATCTCGCTCCAGACTGGCGGCGCGCAGGTGCTGTCGATCGAGGCCGGCCCGGATCAGGCCGATCGCGTCTTCCTGGTGCTCGGCAGCTTGGAGGGCACCTCGCCGGGCATTGCGCTGGACGGCTACGAACTGCCCCTGGTGCCGGACGCCTACTTCCTCTTGACCCTCGACCCGAACGCGCCGAGTCCGCTCGTCGGCAGCTTCGGCCTGCTCGACGCAAGCGGGAGCGCCACGACCACCTTCGAGGTCTCTCCCGGCACCGACGCGTCCCTGGCGGGCCTGACGGCCTACCACGCGCTGCTCGTGCTCGACCCGGCGACCCTGGCTCTGCGCCTGGTCAGCGACGCGGTCAGCGTCACGCTGGTCCCCTGAGGGGAGGTCGTGGGTGCTCCCGTCCTGGTTGACCCTCCGGGGACCCGTCGACTTCCGGTCTGGGGGCAGACACAGCACCTTGGTGCTCGACGAGACCCCTGCCAAGGGGTCCTGGCCGAAGCACACCCTGCTCCCTACCCCTGCACGCGGTGAAGCCGCCGGAGCGGGAACATCGAGCCTCGAGCGTGAGGTCGGAGGGCGCCCGTGCGGGCGAGGTGTCCTTGTTCGGCGCCCATCCGTGCCGTCGGCGCGCACGAGCCCGTGGTCCCGAATCCGCCCCGAACGCCAGCGGGCGGCCCCAT
CP036296.1_gap28	1106546	1110167	3621	GTCTTCCTGGCCGACGGCGACGCCCTGGTGGCCAAGCCCAAGTTCCTCTTGGGGATCCTCGAGGCCCTGCGCGGGACCTTTCCGATGCTGCGGCGGGTTTCCTGCTACGCCTCGCCCCAGGCCCTGCAGATCCGCAGCGTCGAGCAGATGGTCGAGCTACGCGAGGCGGGCCTGACCCAGTACTACCTGGGCATCGAGAGCGGTCACGACACGGTCCTGGAGCAGCTGACCAAGGGCGTCGATGCGGCCGAGATGATCCGCGTCGCGAACAAGGCCCAGGAGGCGGGGGTCAAGCTGTCGACCATGATCCTGCTCGGCGCCGGGGGCCGCGAGCTGTCCCGGGACCACGCGATCGCCTCCGCGCGGGTGGTCAACGCCATCGGGCCGCGCTTCGTCTCGACGCTCGTGATGACCCCGGTCGAGGGCACGCCCCTGGCCGCCGCCGACGAGCGCGGCGAGTTCGATCACATGGACCCCGTCGAGCTGGCCGCCGAGCTGCGCGAGTTCGTCGCCCACCTGGAGCTGGACGCCACGATCTTCCGCTCCAACCACGCCAGCAACTACCTGACCCTGGCCGGCACCCTGCCCAAGGACAAGCAGCGCCTGGTCGAGACCCTCGACGCCGTCCTGGCCCATCCCGACCGCGTGCGCTTCGTGCCGGATTGGATGCGCGGGCTGTAGTAGCGGGTTCGGCCGACGGCGCCAACCGGACCATCACCATGAGCCTCTCACCGACCCTTCGCAAACTCCTCCTGGGCCTGGGTCTCGCCGCTCTGCTGCTCCTCGTCGTGCCGCTCGGGTTGGCCTGGGCCCACTTCGCGACGACGCCGACCTTCGACGAGTGGCTGGCGAGCCACCCGGCCGCCGACGCGCTGTGGGAAGAGGCGCTGGTCCCGGGCCACGAGCCGCTCGAGGGGCGCGAGCTGATGGGCGTGGTGGACCCTCTGGACGAGGCGGTTCGAGCGAATCACGACATCAAAGTGGTGAGCTTCAAGTTCGTCGCCAGTCGCGACGGCGCCACGATGCTCGACGCGAGGGTGTTGCTGACCGCCGCCCTCGACCCGGACACCAACGACCTGCGCGGGCTCCGACTGGACCCGACGGTGAACGGAGTCGACCGCGACATGCGCTCCGTCATCGCCCTGACGGTCACCGCGCCATCGGACGAGTCCTGGGCGAGGGCACGGGCCGAAGTGGACGTGGTCGTCGACTTCTTCCTACTCGGGGGCTCGGGTGAGTCGCAGACGCTCTTGCTGCGCTCGCAGGACTCGATCTGGTCCGAGTTGCCTTCCATCGACAGCCCTGGGCTGGGCAGCTTGTTGGGGATCTTCCTTCATCCCTTCGGAGGGCCGCCCGAGGAGGGCATCTTTCACCACGCCAGGCAGTCCGTCGGCCTGAGCTGGAGAAAGCACGAAGGCGGCGGCCAGGGCATCGCGTCGCGGCCCATGGGCTACTCCACCACGGACGACGAGTACTCCTGGGACGTGGAGCTCGAAGTCGACGAGACGTTCGGCGGGGGCTCCGGGACGACCGCGACGCTGACCCACCACCAGACCATGACGTGGATGGGCGAGACGTGGTGAACTCGCTCGGGATCGCCGCCGGTGCGTCGGTGGCCCTGGTCCTTGCTGCGTCTCAGAATGTAGGCGAACCGATGGCGATCGACGCTGTCGCAGCTCGAACCAACATCGTCCTGATGATCGTCGACGACCTCGGCTGGCAGGACACGGCCCTCGGCCTGCACGAGCTGCGCCCGCCCTTTCAAGGAAGCTACCGCACGCCGCACCTGTTGCGCCTCGCGGAAGAGGGCCTGGTCTTCACCGACGCCCACGCCTCGGCGCCGGTCTGCACGCCGTCGCGGGTGTCGCTCATCACCGGGCAGTCTCCCGCGCGCCACGGGGTGACCTATTGGGTGCGCGACGCCGACCGCGACACCTCGGCCGGCCACCCGCACCTGCGCCCGCCGGCTTGGAACGTGAACGGCCTGCAGCCGGGGGCGGTGACCCTGCCGGCGCTCCTGGCGGAAGTCGGCTACCGCACGATCCACGTGGGCAAGGCCCACTGGGGCGCGGTGGGGACGCCGGGTGCCGACCCGATGGCCCTGGGCTTCGAAGTCAACGTGGCCGGACACGGCCTGGGCGCTCCGGGGAGCTACCTGGGTGTCGACGGCTTCGGCAACCTGCGCGAGGACGGCCCCAGCCCCTGGAGCGTCCCGGGGCTCGAGCCGTGGCACGGCGAGCAGGTCTGGCTGACCGACGTCCTCGCCCAGCGCGCCGATGGGGAGCTGCGCGCCGCCCACGCGGCGGGCGAGCCCTTCTTCCTCTACCTGGCGCCCTACGCGGTGCACACGCCGATCACCGCCAACCCCGAGCTCGTCGAGCACTACGCCGACCTGCCCCCGGTCGAAGCCGCCTACGCCTCGATGATCGAGGGCGTCGACAACATGCTCGGCCGCGTGCTCGCGACCCTCGACGAGCTGGACCTCGCCGGCGAGACCCTGTTCGTCTTCACCTCCGACAACGGCGGCCTCTCGGCCCACGGCCGCGCGGGCGAGCCACACGTCCACAACGCGCCTCTGCGCAGCGGCAAGGGCTCGGCCTACGAGGGCGGCACCCGCGTGCCCCTGGTCGTGCGCTGGCCCGGGCACGTCGAGCCCGGCCGCCGCACCACTCAAACGGCCGTGCTGCACGACCTCTTCCCGACATTGCTGACCGCGGCGCGCGCCGAGATCCCGGCCGAGCACCTGGCGCAGATGGACGGCGTCGACCTGACGGCCACGTGCATCGACGCGGACCGAGACCCCCAGCCGCGCACGATCCTCTGGCACCAACCGCACTTCTGGGGCGTGAACGGCCCGGGGATCGAGCCGTACAGCGCGCTACGCGTGGGCGACGAGAAGTTGATCTGGTTCCACGACGGCGGCCGCCTCGAGCTCTACGACGTGGCCGCCGATCCGGGCGAGTCGAACGAACTCTGCGCCACGCGGCCCGAGCGCGTCGCGGCCTTGGTTGCCGTGCTCGTCGAGCGCTTGCGCGCCGTCGACGCAGGCCTCTCGATCGACAAGGCCACGGGCGAAGCCGTGCCCTTTCCAGCGGTCGACGACGAGCGCTGACGACGCTGGCCGAGCTACTGCGGCGGCGGCGTCTCGCGTTCCGTCGCGCCCGACAGCCACAGCTCCCCATCGCGGGTCCAGGTCACGCCCAAATCGCCGCCGGCCATGTGCACGGTCACCTGCGCGCCGCGCTCCAAGGTGCCGGTGGTCGTCAGGGCGACCACCGACGCGCAGGCGCCCGAGCCGCAGGCCAGGGTCTCGCCGGCGCCGCGCTCGAAGGTGCGTTGGCGCAGCTCGGTGGGGGAGACGACTTGCACGAAGGACACGTTGACGCGGTCGGGGAAGGCGGCGGAGCGCTCGAGCGAGGCGCCGTGGCGCACGACGTCGACGTCCGTCGGCGGGCCCTCGAGGGGCACGATCAAGTGCGGATTGCCCACCGAGAGCGCCAGGCCCTCGCGGCGTTCTGAGTCGAGGTCGACGGCGACGCGCCAGGGTCCGCCCGCGGACTGGGCGACGACGCTTCCGTGGCCGGTGTCGAGGGGCAAGCTCTCCGCATCGAAGCTGGCGCG
CP036296.1_gap29	1290786	1294741	3955	GCTGGGGGCCGCGAGCGCGGCGGTGCAGCCCAACTCCGGCGAGGGCATCGGCTCCCTGCCCCTGGCGATCGATGCCTACACGATCGCGTCGCTGCAACTCACCAACCAGGGGCCCTTCGTCGGCACCTTCGGCCTGCTCGATGGCACGGGCCACGGCCTGGCCGCGATCGCCGTCCCAGCCGGCTCGGATCCGGCCCTCTCGGGCCTGGTCCTGACCCACGCCTACCTGGTGCTCGAGCCCGCCCTGGCGGGCATCGACGGAGCGGCCAGCGAGGCGGTCGAGCTGTGCCTGGTCGGCTCGCCGGCCGAGCTTCCGGACCCGACCACGACCTTCGATGCGCCCCAACTGCACGGCACGTCCGTCGCCGGACCGCCGCCGTCGGTACATGGACCGACCCATGCGGAACTGATCGCAGCCGCGACCAATCCCTGACGCGGCGCCGACGATCGAGTTGGTCGTGGGGGCCGCGGATCCTCGTGACCGGTGTCGGCGCGGCCTGCCTGGAACGGGGCCGCGCCGACTGATCTGTCTACGGCAGCTTCAGGTCCTCGACGATCCAGCGGTCGATGCTGCGCGCCAGGTCCGCGGCGCAGGGCTCGAGCATCAGGTCGTGCCCGGCGTCCTCGAACAGCTCGATCTCCGCGCCCAGGGCCCGGGCGTACTCACGCGTCGCGTCCAGGGCGAAGCAGGCGTCCGCGGTGCCCGCGAAGACGCGCATCGGCATCTCGAGCAGGCGTTCGCGCAGGACGACTCCGTCCTTGAGCTGCTCGATCAGACCCATGGACTCGGGCACGATCAGGTCGTGGAAGCTGGCGTCGTCGATCGTCGCCTTGGGACCCAGGAGCAGCTCGCGCGCGAGCTTCGGCGTGCGCACCCAGTGGTAGGGATTGCGCTTGAGCGTGCCGGTCAGGGTGTTGATGCGGTGGCGCTTGGCCAGGCGCTTCAGCATCCCCCCCGCGCCCGTGAGGGGCATCGGGGCGATCAGCGCCGCCGCCGGCAGGTCGCCGACCTCCAGGCTCTTCTCGTCGCGCGTTTCGAGGGTCTTCATCAACATCGGCGCGCCGATGCCGTGGGCGATGACCACCGGCCGCGGGTTGATCCGCGACAGGCGCCGCGCGAACGGGTTGATGTAGTCCTCGAGGTTGTAGAAGTTCAGCTCCCCCTTATGCATCGAGCTCTGGCCGTGGCCGGGGAGGCTGATCGCACGGCACACGTAGCCGAGCCCGTTCAGGTGGCCGATGAACGACTCCCAACAGCGGACGTCGTGGAACAGGTCGTGCTGCAGGAAGAGGGGGGTGGCGCGCCGAACTTCAGCGGGCTTGCGAACGATCTGCTCGATGGTCTCCATGGGGTCGGCCCGCCGTGTGGGGGACCGGAGGGGCTGAGGTTCTAGCAGATCCGAGCTGGGAGGTCCGCTCCGGCCGCCGATCGGGTGCGGCCGCGTGGGCCCGCTCCCGCCCCGTTCGGCGGGAGCCCGCACACGCCCGCTTCCCCCAGTTCCACCCCGAGCGACCCGTCGGACCGTGAGCCGTTCGCGCGCTGGGAGCGGCGCCGCCTCGCGCGTCCCGCCGGCGAGCGCGGGCGGACCGGCCACCGCGCCCGCCGGTCCGGTTCCCCCCACCGGTCCCGGGCGGGCCCTCGACCCTCTGGCGCGCGACTCACGTGAATCGACGCGGAACCTGGCCTTCGAGTCCGGCGTCCCACCTCACCCGGGACGCCCCGCGCGAGCGGGGCTTGCAACGGCGCCGGCTGGGGAGAGCCCGCGCCCGCGACCTTGTCCTGCCTGAAGGGAAGGAAGCGAGCGGCCGCCCGTGGTCAGGTCACGGGCGGCCGCACTCGTTCCGCAGCCAGTGAGCGAATGGAGGGCGATGGGAGGGCTCTCGACGGGCGGTGAGATCTCGCCGCCGCGTCGGCCTCGAGTTTCACTCCGAGAGCCGAGCGCGGCGGATCATCCGTCCGCTTGTGGCGTCGGTGCCTAGCGGCGCTCGGGACTGACGCGGAGTCCACGAGCCCGATGGACTAGGACATGCGAGCGTGCTGTGTGGTCGCACCGCCGGGCCGTGGCGCCGCAGCGCGGCTGAACTCCCACTACGGCCGCGAGTAGAAGCGCTGCGATCCCGCACCGTGGCCGATCAAGTGCCCGGCGCGCTCCAGCTTGACGAAGGCGCGGCGCGCGCGGACGGTGCCGATGTTGCGGGACTTGGCGTAGGCCTGGGGCGTGCAGCGGCCCTGGGAGTCGGTGCCGGCGTCGCCTTGGCGTGCGACCCATTCGAGCACCGCCCGTTCCAAAGCGTCGAGGCCGGCGGTGCCGCTCGGGCTGCGGCCGCGGCGCAGGGCTTCAAGGGCGGCGCCGCGCGCGGCGCGGGTCGACGAGCCGAGTCGGACCGGGATCTCGACCGTCCCGTCCTCGCGGTCGACTTCGTGGGGGCGGCGATCGGAGAGGGGCACCGAAGCCACCACGACCGGACGGCCGTCGAGCTCGAGGATCTGGACGGTGGGCCGCAAGGCGGGGCGCACGAAGTGCGCGGCGATGTCGCGCAGCTCGCGCGCGGTGTCGGGCGGATGGGGCGCGCCCGGCACGCCGCCGCGGTCCTCGACGCCGACCAGGAAGTGGCCGCCGCGGGTGTTGGCGAAGGCGGCCAGGGTGCGGGCGACCTTGGGCGCGCGGGGCAGGCCGCGCTTGAACTCGACCTTCGAGCCCTCGCCGGCGGCGATCAACGCGCGTAGGTCGTCGAGGTCCAGGTCCATCGGGAGCGAGGTTAGCGGACTGGACTGCCGCCGTCGCGCGCGGGCGCGGCGCGCGCCGACGTCGACCTCCGCCGCGGGACCGATGTGAGCGCAGCCAAAGCCACGGCTCCGTGCGGAACGCAAATCTCGCCCTGCGCCGCGCGGCTGGCCTGGGACCCGCGCGGAGTGCAAGGGACGGGCCCGGTCGCCCGATCGGCGACCGGCCCGATCCACCTCGCCTGCGCGGTCAGTTCGTGGAGGGCGAGGCCGCGCAGCTCGTCAGTGCCGTCGCGGCGGCGCTGACCGTCGCCGCGATGCGCACCGCGTCTTGGATCTGCAAGGAGCTCACACCCCCCGCGGCCAGGACCGCCTCGTGGGCCTGGACGCACATGCCGCAGCCGTTGACGGCCGAGACCGCCAGGGCCCACAGCTCGCGATCGAGCTTGCCCTCCTCAGGCCCGCCCAGCGCTTGCATCCGCAGGCGCGCGGGGAGCTGCGAATACTCCGGCTTGCCCAGCAGGTGGACGAAGCGGTAGTAGACGTTGTTCATCGCCATGGTGGTGGCGACGGACTTGGCCAACTGCAGGTCGGCCTCGGACAGGTGCTCGGCGGCCTCGGCGTCGATCGCCGCGGCCAGCTCGGGGCAGCGCACCGCCAGGGCCGTGGCCACCAGCGTGCCCCAGAGCTGACGCTCGCTGAGGTGCTCCGAGCGGCTGACGTTGCCGAGGTTGAGGCGGATGTCCTTGGCCGTGTCCGGTAGGCGTTCGCGGATCGAATCGATGTTCATGGCGTCTCCTCTCAGGCCACTTGAATGGTGTCGTCGCCTTTCTGCCAGTTGCAGGGGCACAGCTCGTCGGTCTGCAGCGCGTCCAGGATCCGCAGAGTCTCCTGGGGGTTGCGACCCACGTCGAGGCCGTTGACCGACACGTGCTGGATCACGCCCTCGGGGTCGACGATGAAGGTCGCGCGCAGGCACACGCCTTCCTTCTCGTCGAGGATGCCCAGGGCTTGCGACAGCTCGCGCTTGACGTCCGCCAGCATCGGGAAGGGCAGGTCGCGCAGGTCGTCGTGGTTCTGGCGCCAGGCCAGGTGCACGAACTCGGAGTCGGTCGACAGGCCCAGGATCTGGGTGTCGCGATCGGCGAACTCGCGCTCGAGCTTGCCGAAGGCGGCGATCTCGGTGGGGCAGATGAAGGTGAAGTCCTTGGGCCAGGCGAAGATCACGCG
CP036296.1_gap30	1343599	1346377	2778	CCGGCATCGGTGGCCCAGATCGCCGCGACGATCCTGGACGAGCTGGGCCTGACTCAGCTCCCGCCCGGGGCCGCGGGCCCGGTGCCGAGCCTGCTCGCCTCGAGCCCGACCCCGCCCGAGGCGCTGGTGGAGTTCCGCACGCCCGACGAGTGGGTCGGCGCCGTCCACGCCGGCAACCTCAAGCTGGTGGTGGATTGGCACGCTCGCGACTCCGCGCTGGGTGAGCGCGACGCCCTGCTGATCGATCTGGACTCGAATCCGAGCGAGGATCCGGACCGTGTTCCGCGCACGACGGCTTGGAATGCCACCCGGGAGCCCCTGCTCGAGCGCGCCGAGGCGCTGCACGCGAAGTGGCTGGCCTGGCCGGAGATGGCACGGCTGGAGGTGCTCGACGGCAACCAAATTGCCGGCCTCGCGGCGCTCGGCTACCTCACCGAGCGGGCCCCGGAGACCGTCGAGGGGGCCCCGCCCGTTCCCGAAGCAACGACCGGCGACTACTGACCCGCGCCGTCCTCGCGGACCGTCGTCAGCCAGTCCAGGCGTCGCACGCCACCGCGCGCCATGGAGCGGAACATCAAGAGCGCGGCCGCGAAGACGGCGGCCGTGAAGGCCACGACCTGCGGCGTCTGCTCGATGATCACCAGCCCCGCGATGAACTGCACGCCGATCGCCACGTACAGGATCGAGGCCACGAACAGGCGCGAGCGGTCGCGGATGAAGCTGGCGCCGAAGGGCGCGCCGACCACGACGATCGGCACGCAGACCCACCAGTAGGACCACGCCTCGGCCGCCATCCCGCCGCCGGCCGAGGCCTTCCAGGCGAAGCCCACGCAGGCGTTGATCGCCATCAGGATCACCGAGGTCGGCGTGGCGATCTTCTCGCTGATGCGAAAGCGCAGCACCAGGAGCGAGAAGGTCAGGATGTCCAGGCCACTGCCGGTGATGGCCGAGATCGTGCCGCCGATCAGGCCGGCGCCGAGCAGCAGCGTCGCGTGCCGCGCGCCGAAATGCTCGATGTCCAGGCGCACTTCGCGCTCGCGGTAGCGGTTGATCCAGAACAGGGCGAAGGCGAAGGCCAGCCAGACCGCCAGGAAGGTGAGCTTGGCGAAGGTCGGCGACAAGCGCGGCGCGACGAACTCCAGCCCGACGATCATCCCGATCGCCCCGCCCAGGCTCGACCAGATCAAGGAGCGGTGCTCGACCGGAATGCGCGAGCCCAGGATCGTCAGCGCCGCCGAGCTCATGCCGACCGACTGGATCATCAGCGAGAAGTCGCGCGCCACCGGGGGCGCGATCTGGAAGCCCAGGGTCATGACCGGGAAGGCCACGGCGCCCCCGCCCTCGCTGGTAGCGCCGGCGACGAACGACCCGAAGGCCATCGTGATCGACATGAACCAGCCCTCCCGGAACAGGCCCCAGTGGTCGCCGGCGACCATGCCGATCAGCCAGGCAGTCCAGACCACCAGGGCGGTTCCCAGGATCCAGCGGCGGGCAGACGGGGGGGGCGGGCTCTCGCTCATGGTGGGCGCGCGCAAGGTTAGCCCGCTCGGAGCGGCCGGGCGACCGGGGAGGCCGGTGGTTCTTGCCCGGCTATCATTCTCCCGATGCCCCCCGACGAGCCTGGTCGCACCGCGCCTCGAGCCGGACGTGGAGCGATCGGCGCACTCGACGGGTTGCGCGCCATCGCGGTCGCCCTGGTGCTGCTCGAGCACCTGCCGGAGCACCTGCTCTTCGCTCCGCTGGCGAGCTTCGCGAAGGCCGTGCCCTGCGGCTATCTGGGGGTCGACCTGTTCTTCGTGCTCTCGGGCTTCCTGATCACGCGGATCCTGATCGTCGACCGTGCCGAGGGCGTGCCGGTGCGCTGGTTCCTGGCGCGCCGCGCCCTGCGAATCTTCCCCGCCTTCTACCTGCTGGTGGCCGTGACGTGGCTCACTTGGGGCGGGCCGCAGATGCCCTGGGTGGCGACCTACACGGTCAATTACTGGATCGGTACCGGCCACAGCGCCGCGTTCCTGCAGCACACCTGGTCCCTGGCGGTGGAGGAGCACTTCTACCTCCTATGGCCCCTCGCCATGGCCTTCGGTCCGCGGCGCCTGCTGCTGCCCATCGCCGCCGCGGGCCTGATCCCCCTGGCCATCGGTCTATCCCTGTGGCTGGTGCTCGCGCTCGAAGTCCCGACGGGCTTCAACCTGGTGATGTACGGCACCCAGAGCCGCATGCTCTCGCTCCTGCTCGGCGCCTGCCTCGCCTTCCGCGAACAGGCCTGGCGCGGGGCGGGGCGGGGCGCGGACCTCTTGGCGGCCTGCGCCGTGGGAGCAGGTGTGCTCACCATCAGCCTCACGCGCGGCGAGCTCGGGGTCGCGCTCGCGATCGGGCGCTACCTGGGCTCGGCCATCGGTTGCACCGGCGTGATCGTCCTGGCGGTGCGCTCGGCCGACCGGCGCGGCCTCTCGGCGCGCGCCCTCGACTGGCGCCCCCTCGCGCACCTCGGCCGCATCAGCTACGGGATCTACCTCTACCACAACCCCGTGATCTTCCTGATCGGCTACCAGACGGTGAAGCGCGGCGGCGAGATCAACTCGTGGCACGCAGCCGGCGCGGTGGCGCTGACGCTGATCTTCGCGGAGCTCTCCTTCTGGCTCTGGGAGCGGCCGTTCCTGCGCCTCAAGCGACACTTCTCGGCGAACGGACGTTAGCCGCCCATCGGCCGCGGTCTCGATCGAGCCTGTGATCCGGGATCTTCGGCGCGCGCGGACGGTGGCGGAACGGCGGACGCAG
CP036296.1_gap31	1348597	1351518	2921	GTGCGGTGGCCCACAGGGGCGGGCGCTTGACGACCGCGACCCAGTCCTCCTGGATCGGGTCGGGCGCCGAGGGCAGGTCCGTCCAGCCGCCGCCCATCAACATCGTCGAGCCGCTCTGGAACTGGCCGCTGCGCGGGTCGTACCAGGCCAGCTCGAAGGTGCCTGGGTAGCCGCCCAGGTCCAGCTGGATCGTGCCCTGAGTGTCCGCGTTGGGCAGGTAGATGGCGTAGGCCTCACCGGGCAGGGCGAAGACCTCGCCGCCCCCGTGGTCGAGAGGCTCGCCGGCCAGGGCCTGGTCCATCGGCTCCATCAGGTGGAACGGCAGGGTCTCGAGCACCTCGCGGGCGTACTTGGTGGCCAGCCAGATCTCCTCGCGCGTGCGGAAGTCCTCGACCGAGAGGTCGCCGCCGATCGGTGGCGCATGGGCGCCCAGGTACCACTCGAGCTGGCCGCCGGAGAAGTAGATGTCGTAGAGCACCTCCTTGCGCAGCTCCTCGGCGTTGTCCGGGCCGGCCCCGATGTCAGCGGGGTTGTTCTCGTCCATGTCGATCACCCATGGCTTGCCCGCGGTCTGGGCTCGCCAGTACTCGACGGTCTGTCCCGCGGCGGCGGGCAGGTACTGGATCGACGTGGCGCTGAAGTCCGGGTTGCCGAGCAGGGGGCCGTAGAGAATGCCTTCGGCGAAGGGCTTGTTGTGGACGGCGATGGCGTGGTCGTACGCGTCGAGGCCGGCCAGGTAGGCGGCCATCTCCTCGAGCACCGCCTGCGGATAGTCGTTCTCCTCCGACAGGCACCACTTGATCGCGTTGTGGTGGGCGAAGCGGGCTACCAGCTCGCGCATGAACAGCTTGCGTTCGACGCCCAGGGTTCCGAAGTCGAGCCAGGTCTCGTTCTGCGGCTCGGTTTCGGCCAGCACCATCAGGAGCTGGATGCCGCGCTCCTGCGCGTGGCGGAAGACCGCCTCCCACTGGTACAGGCGTGCGATGTGGTAATGCGTCTTGTCGTAGGCCGTGTTGGCGTGGCCGATGAAGGGCGACACGTCCTGGCCGTCGCCGCCCAGGTTCATGGGCAGGAAGTAGACCGAGTTGACGCCGACGCTGGAGAGGTAGTTGAGCGCGCCCATCAGGTTGCGGGACACGCTGACGTCCGCGCCCAGGTCGCCGGCCAGGGGCAGCTCGCGATCTTGCAGGGTCCAATCGGAGGCGTGGGACTCGTAACGGTGCACGAGTCCCTTCGACCCGGGTGCCTTCTCGACGTCCGCAAAGCCGGCGAAGGACAAGAGGTTCTCCGGACTGTCGGCGCCACTCTTGATCCAGAAGCCCCCGTCGACCTGGCGGCGGTAGTGAAGGCCGACGTCGTCCAGGCGTCCGTCGCGCAGGAATCCCGGCGCGGCTAGGTCGCGGGGCGCCACGGTGAACACGCCACTGGCCCCGTCGAAGGACACAGGCGAGCCGGCGAGGGGGTCCGCGGCGACGGCCACGTCGTCGCCAGAGCGGAAACTCGCCTCGAAGGTCCAGACTCCGGCCATGTCCGGCGTGAGTCGGACCTTCCATGCCTGGCCCACGCCGCCCCCGAAGCCGTCGCCGTCGAAGAACCCGGGCACCTGCAGCTCGGAGCCATCCGGGCGCAGGAAGGTCACGTCGAGCCGATAGTCGAGGAACGGGTTCGGCGAGTCGAAGGTCATGTTCGACAGGGGCCCCTTGAACCACAGCTCGGTCGGGTGCCACTTCATGGGCTTGCCGAAGAGCAGGGCCTGGCCGATGTTCACGCCCAAGTTGGCGTCGCCCCGTCCGGCGCCGTCGGACTCGCCCTTGGGGCTGAGGATGAGTTGAACGTCCAGGGGGTCAGCGGCGCTCACCTCCAGCGTCGGCTCGGGATCGGTCGGGCCCGAACCCGCGGCGAAGCTGCCCCCGGAGATGGTCCAGTTGAAGTCGAACTGGCCGGGATCGATTGCAGAGCCGTCCGCGTGGGTTGCCGCCAGGTCGACGGCGGTGGTCGTGCCGATGGGCACGGCCACGGGAGAGAGGGTCACCCTGGGCTTGGGATCGACCTGCGGGCTCGCGGCGGCCAAGGCCGTCGACAGGAAGACGAGGACCGCAGTGCGGGCCCCGAGGCTTGCATCGTGCATGACGTTCTACGTGGTTCCGGGATGGGACCTGTGATCGCGTGCACCCGATGGCAAGGGGGGAGCGGGCGCGAAGCGTGGCAAGTGCTTCGACAGGTGGGGAGCGCGGAATGAGGGGGAAGCCCACTCCGAAACACAGCCTGTTCACCAAGCAGGAACGAGAACGCCGTATGTCCTCGATTTGACCGCGGCCTTACTCTGGCTGGGACAGCCGTCGCACTCACGCGCCTGACATTCCGTTCACCCTGTCGGCGGCGATCACGTCGCGACTTCGAGAATCAGATCGACTGGAACATTGACAAGCCCTGCTGGATTCGATCCCGAGGCCGCGCCGCGCTTCGTTCCCTTCGAGGATCGCTATCAACCCGCCGAGACTCCCGAAGCCGCGGCACGCGCCTTCTACGACGTGCTGCGGCGGCGTCGGTCCGTGCGTGAGTTCTCGGACCGGCCCGTATCGCGTGAGACGATCGAGTGGATCGTGCGCAGTGCCCACTCGGCGCCCAGTGGCGCGAACAAGCAGCCCTGGCGCTTCGTGGCCGTGTCGGATCCGGGCTTGAAGCACGAGATCCGGCTGGCGGCCGAGGCGGAGGAGCGCGAGTTCTACCGCCAGCGCGCCAGCGAGCGTTGGCTCGCGGACCTCAGTCCCCTGGGCACAGACGAGGACAAGGCCTACCTGGACGTGGTTCCTTGGCTGATCGTGGTCTTCAAGCTGTCGCGCACCGACGACGACGGGCAGGTGTACTACGGCGAGGAATCGGTCGGCATCGCCACCGGCTTCCTGCTCGCCGCCGCCCAG
CP036296.1_gap32	1369025	1373138	4113	CCAGCGCGCGGACGGAGATCGACGCCGACGCCAGCGCTCCAATCGACCTCGAGCTCTTGCGCGCGCCCGACCTGGTCGGGGTGGTGCGCGACCGTGCGGGCGAGCCCGTGCCCGGCGCGCTGGTCTGGGACAGCCTCGCCGTGCCGGTGCTGTGGGACCAGGACCTGGGTGACGTGCTGTGGCTCTCGGCCGAGGTCGGCGCGGCCGCGGCGCAGGCCCCGGTGGAGTTCCCGAGCCTCGGCGCGGCCGAGGTGGAGACGGGCTCGGGTTGGAAGCCCGTCCGCGCGGACGCCGCCGGCCGCTTCGTCCTGCACGGCGATCCTTCCCGCGCCCGTCACCTCGTGGCCCTCGCGACCGAGAGCCACGACGTGGGCGAGTTCGACTTGGCGGCCGGCCTCTCCTTTCCCTGCGAGCTGATCCTCGACGAACCGGCGCGCCCGGGCGCCCTCGAGGGGCGCGTGATCGACAGCACCGGCGCACCCCAGCGCGGCGTGCAGGTCGAGTCGATGGCCCGCGTCCTCTCCGCGCGCTGCGGCACGCTTCAACTCGAAGTCGGCCTGGTGCTCGAGCGAGGTGCTCGAACCGACTCCGCCGGTCTGTTCCAGATCGACCGGCCCCAGCCCGTGGGGCACCTGTTCCAGTTCATCGGCGAGCGCAGCCTTCCCCGACGGGTCGACTCCGGCCTGGCGCAAGGCCCCGATGCGGAGATGGGTCGCCCCCTGCGCGGCTTCGAGCTCAACGTCTACCGCGCCGTGCCCCTGGACCTGCGCGGGGACTGGCCCGCGGGGACGCGGCTGTTGGCGCAAGGAAGCGAGGGCAACCCGCTGTTCATGGCCCACCGCCGCGGACGCCACGTGGAGTGGTTTCGGGGCAGCGTGCCCGCGGAGCTGGGACCGGCGAGCCTCATGGGCGAGCCGACCCTGGCGCGCATCGCGGTGGAGGGGACCGGCCAGTTCATCGACGTCCTGCCCGAGGCCGTGATCGAGGTCTCGCCGGCCGCCATCGACCGGTCCCGCTGAACCGAAGCCAGGGGCGAGGGGTGGCGCCCGCGTGGGATTCGGCTTATCCCTCGGGCATGAGCGGCCGTTCCCAGTTCGACATCGACCGACTGATCCTCGTCGACGGCGAAGACCGGGTGGTGGGCGAGGCCGGCAAGGCCGAGTGCCACCTGGAGGGCGGTCGCAAGCACCGCGCCCTGGCCGTCGTGGTCTTCGATGGCGAGGGTCGCCTGCTGCTCGCGCGCCGCGCGGCGGCCAAGCCCCTGTGGCCGGGCTCCTGGGACGCGACCATCGCCAGCCATCCGCGCCCGGGTGAGGACTACGTGGTCGCGGGCCGGCGCAGGCTGCTCGAGGAGTTGGGCGTCGAGCTCGAGGCCGAGCTGCTCGGGCGCTTCGACTACCGCATCGAGTTCGAGGCCGTGGGCGTCGAGGACGAGGTCTGCGCGGCGCTGATCGCGCGGCTCGGAGGCGATCCGCCGGCGCCGGTCGCAGCCGAGGTCGACGGGATCCGTGCGGTGACGCTCGAGGCCTTCCTCGACGAGGCCGCGGACCCCGCGGCGGGCATCTGCCCCTGGGCGCCATTGGCCGTGCTCGCCGCGAGCTTGGCGCCGTCCCCGCCGGCGGAGCTCGCCGCACTCGCGCGTCCGGCCCTGCGCCAGCGCTTGATCGACGCCGCCGACGCCCACCTGGGCATCGGCGGCTGGCGCATGCTCGACGCGGGCTGAGTCCGCTGCCAGAGCCGGGCCGCAGTCGGCACCGACGACCGCGCTGGGATGCGCGCGCTCAGACGGTCGGCTTGTAGCCCAAGCTCGGGCTCAGCCAGCGCTCGGTCTCGAGCATGTCGGCGCCCGTGCGGCGCGCGTAGTCCTCGACCTGCTCGACACTCAGCCGTCCGATCGAGAAGTACTTGGCGGCCGGGTGGGCGAAGTACAGCCCGCTGACGCTCGCCGCCGGCATCATCGCCATCGACTCGGTCAGCTCGACGCCGATCTCGTCGCAATTCAAGAGGTCGAAGAGCTGGCGCTTGGGCCGGTGGTCCGGGCAGGCGGGATAGCCGAAGGCCGGGCGGATGCCGCGGTAGTTCTCGGCGATCAAGTCCTCGTTGGCCAGGGCTTCCTCGGCTCCGTAGCCGAAGTGCACCCGCGCGCGGGCGTGCAGCAACTCGGCGTAGGCCTCGGCCAGGCGGTCGGCCAGGGCCTTGGTCATGATCGACTGGTAGTCGTCGTGCTCGGCCTCGAAGCGCTTGGCCAAGTCGTCGGCGCCGATGCCGGCGGTGACGCAGAAGGCACCGATGTAGTCCTGGTAGCCCGAACCCGAGGGCGCGACGTAGTCGGCCAGGGATCGATTGGGGCGCCCGTCCGCGTGCACCGTCTGCTGGCGCAGCATGGGGAAGCGCGTCAGCTCGACCTTGCGCGACTCGTCGGTCCACAGGACCACGTCGTCCCCGTCGCTGTTGGCGGGCCAGAAGCCGTAGACCGCGCGCAGTTTCAGCAGCTTCTCGGCGGCGATGCGATCCAGCAGAGCGCGCCCGTTGTCGTACAGCTCGCGCGCGGCCTCGCCCAGGCGCGGGTCGTCGAGGATCCTGGGGAACTTCATCTTCAGGTCCCAGGCCGAGAAGAAGAAGGTCCAGTCGATGTAGGGCGCGACCGACTCGACCGTGTCCTCGAGCACCACGCGGCGACCGGTGAAGTCGGGCTTGGCTAGCTGCGCGCGGTCCCACACGATCGGCGTTGGATTCGCGCGCGCCTCCTCGAGGGTGCGCAGGGGACGCTCGCCGCGACCGGCGTACTCGGCGCGCAGGCGTTCCTGGTCCTGTGCCACCTCGGCCCGGAACTTGTCGCCGCGTCCGGTCTGGTCCTTGATCTCCGAGACCACGCCCACGGCGCGCGAGGCGTCGAGCACATAGACGACCGGCTGGTCGTACTCGGGAGCGATCTTGACCGCCGTGTGCTGCTTGGAAGTGGTCGCGCCGCCGATCAAGAGGGGCAGGGTCATGCCACGCCGCTTCATCTCGCGCGCCACCGAGACCATCTCGTCCAGCGAGGGCGTGATCAGCCCCGAGAGTCCGATCATGTCGGCGCCGACCTCGACCGCGGTGTCGAGGATCTTCTCGGTGGGCACCATCACGCCCAGGTCGACCACCTCGTAGTTGTTGCAGCCCAGCACCACGCCGACGATGTTCTTGCCGATGTCGTGCACGTCGCCCTTGACCGTGGCCATCACGACCTTGCCTTGGCTCGAGCTCTCGCCTTCGCCGCGCTCGGCGTCCATGTAGGGCTCGAGGTAGGCCACCGCGCGCTTCATCGCGCGGGCGCTCTTGACCACCTGGGGCAGGAACATCTTCCCGGCGCCGAACAGGTCGCCGACGATCTTCATGCCGTCCATCAGCGGCCCCTCGATCACCTCGAGCGGGCGGCCGAAGCCCTGGCGGGCCTCCTCCGTGTCGGCCTCGATGAAGTCCACGATGCCGTGCACCAGGGCGTGGGCCAGGCGGTCGCCGACCGACGCCTCGCGCCAGGAGAGGTCGATCTCGCGCTTCTTGCCGTCGCCGCGCACGGACTCGGCCAGCTCGACCAGGCGCTCGGTGGCGTCGGCGCGCCGGTTGAAGATCACGTCCTCGACCCGCTCGAGCAGCTCCTTGGGGATGTTCTCGTAGACCTCGAGCTGGCCCGCGTTGACGATGCCCATGTCCATCCCGGCCCGCGTGGCGTGGTACAGGAAGGCCGAGTGCATGGCCTCGCGCACCAGGTCGTTGCCGCGGAAGGAGAACGACAGGTTCGAGACGCCGCCGGAGATGTGCGTGCCCGGGAACTCGCGGCGGATCTGCTCGCAGCTCTCGATGAACGACTTGGCGTAGTTCGAGTGCTCCTCGATGCCCGTCGCCACGGCCAGGATGTTGGGGTCGAAGATGATGTCCTGGGGCGGGAAGTCGAGCTCCTCGCGCAAGAGGCGGTAAGCACGCCGGCAGATCTGCATGCGCCGTTCGGTGTCGACCGCCTGGCCCTCCTCGTCGAAGGCCATCACGACCGCGCCGGCGCCGAAGCGCCGGATGATGCGCGCCTTCTCGAGGAACTCCTCCTCGCCCTCCTTGAGCGAGATCGAGTTGACGATGCCC
CP036296.1_gap33	1378958	1382062	3104	AACAACGGCACCGGACCCACCGGCGGCGTGTCGATCCCGAGTACGCCCGCCACCGGCGCGGCGGCGGTGACCAGGTCGGGGCGTTCGGCGGCGAGTCGGTAGCTCATCATCGCTCCGTTGGACATGCCGGTGACGTAGACGCGCTCGGGGTCCACCGCGGCGCTGCCGACGAGCTTGACGACCATGGCCTCGAAGAAGGCCACGTCGTCGATGCCCTGCTCCTGGGCGTAGCTGCAACAGTTGCCGGCGTTCCAGGTCTCGAGGCTGAACAGGGGCGGGCCGCCGAGTGCACCGGAGCCCTCGGGCGCGATGGCCACGTAGCCCCGTGCCAGGGCCTCGTCGATCACGCCGTAGGCACCGGCGGCCTGCAGCGCGTTGCCGCCGCCGCCGTGGAACAGGAAGACCACCGGGTAGGGGCCGGCCTCGGGGTCGTAGCCCGGCGGCAGGGCTTGGCGGTACCAACGCAGCCCGTCGGGCGTGAGCACCCACTCCAGGGTCATGGGCGGCGCATCGGCGGTCGCCCGCGCCCGCGCCACCAGGGGCAGGGCGACCACGAGGGTCAGCGCGGCGAGGCCGGAGAGGGCGGCGGCGCGCGCGAGGCGGCCGATGAAGGGGCGGCGGTGTTGTTGCATGTCGGACTCCGGTCCAGCAGTCGCCGCTGGCCCGGGTACGTGAAACCGATTCCGCGAGAAACGGTTCCGGCCCCGACTCAGGTCACGACGCTCCAAGTCCACCAGAACAGGGCGTAGCGGTAGCTGATCATCGCGATCAGGAACCAGACGCCCAGGAGCAGGCCGGACAGGACCGCGCGCCACCAGGCGTAGCTCCGCAGCCGCCGCAGGGCGCAGGCGGCCCAGAGCACCGAGATGCCGAGGGCCGCGCCCTCCGTCATGACCCAACGCAGAGGCCCCTGCTCCAGCTGCAACGCCTCCAGTACCAACCGGGTGACGAAGGCCCAGGCGAGGTGGACGGCGAGCAACACCGCCGCGGTGTAGTGCAGCGAGAACACCAGCCAGAAGCTCGGTCCGGCCCGCGGGGTGACCAGGGCCACACCGAGTGCCAAGAGCGGCACGAGCAGGATCAGCGCGGCCTTCGACAGCCCTTGGAAGGTGCGGTCGAAGCGGGCGTTCAAGAGCTCGTCGGCCATGGCCTCGGCAAGCTCGGGTTCGACGCCCTTCGCCGCGAGTTCGCGGCTCCTCTCCGCGCGCCAAGTGTCGACGGTGGGGCGGATCGATTCGCTGTAGCCCTGGAACTCGAGCTGCACCTGCAGCGTGCTCGCGAAGGCGTTGAAGGAGGTGAAGGGCTGCAACAGGAAGTACAGCACGTTGCAGACCACGAACAGCTGCAGGGGGCGCAGCCAGGGTTGGCGCCGGCCACGCAGATAGTCGTCGGTTAACAGACCCGGCCGGAAGACGGCCGCGGCCATGGTCCTCCAGATGCGGCCGTCGGTGCCCAGGAAGTCCCCGAGCCAGGTGCCGACGACCTGGTGCAGGCCTTCGCCCTGCTCGGGGATCCAGCGCTCGCCGCAGGCGGAGCAGAAGCGCGCCTCGACGGGCGCCCCGCAGGATCGGCAGGTCCGGCCGTCGACCGACATCAGCGCAGGAAGACCAGCACGTAGGCGATCGCGAGGGCCACGTGCAACGCGGCGAAGGGCGCGGCGCGCTTGACGAAGTCCACGAAGCCCAGGGGGATCCCGTGCCGGTGCATGATCGTCACCGCGACCAGGGTCGAGGCCGAACCGATCGGCGTCAGGTTGCCGCCCAGGTTGGCGCCGAAGATCACCGACCACCACAGGGGCGAGTCCGGGTTGCCGGCAACCCCGGGCGTGGACTCGAGCACCTTGGCCAGCACCGCCGCCAGGGGGATGTTGTCGGTCACCGAGCTGGCCAGGGCCGAGGCGGCCAGGATCGCCGCCGAGCCGCCGACCTCGCCCAGCTCGATCACGTGGGCCAGGCCACCGCCGATCAGCTCCAGCACCCGCGCGTGCTCCAGCACGTCCACCACCACGAACAGGGCGGCGAAGAAGGCGAGCAGGTCCCAGTCGATGGCCTTGTAGAAGCGGTCGGCCACGGCCTTGAACTTCAAGAGCACGATGCCTGCGAAGGCCAATGCCACGTAGCCCAGGCCCAGCTCGTCGATCCACGGCAGCACCGACGCCGACGCGATGGTCCCGATGAACAGGGCCAGCATGACCGCGCCGAAGACGAAGAAGCCGCGACTCTCGATGCCGTCGCGCTCGTCGAAGCCGGCCACGCGCGCGGCGGCCTCGGCGCGCTCCTCGTCGCTCGCCAAGCCGTGGATCTGGCCCAGGCGCGAGCCCAGCCACAGGGTCGCGGCTGTGGTCACCACCACGTAGGGCGATGCGCTCAGGAAGAAGTCCACGAAGCTGATCCCCGCGGCGCTGCCCACGATGATGTTGGGTACCGACGAGATCAACGTCAGCAGCCCGCCCACGTTGGTCAGAAGGCCCTCGATCAAGAGGAACGACAAGAGCAGCGGCTTGCGCTCGAGCTTGTCCAGGGACACGGCCGTGAGCGAGCCGACGATGATCATCGCCGTGACGTTGTTGAGCACCGCAGAGAAGACCACGGTCATCAGGCCGTAGAAGAACAAGAGGCGTCGCGGATCGCCGCCTGAGGTCTTGGTCAGCACGATCGCGATCCAGGTGAACAGGCCGGACTTGGCGACCACGTCCACGAACAGGCTCGAGCCCAGGATGATCGCCACCACGTTCCAATCGATGCCCGGGATGTAGACCGGGATGGACTTGGCGTGGCCGTCGATCAGGACCGGGCCGAAGGGCAACAGATGCAGCGCCGTGCCGAGCAGCAGCGCGACCAGGGCGAAGCTGCCGACGATGACCGACTTCTTCGCGTGCAGCTTCTCCTCGAGGGCCAGGCACGCGATCATCGCGATCAACAGGCCCAGGAACAGCAGCGTCACGCCCTGCGGGACGGCGTGGGCGTCGGGCTGCGCGCCGGCGACGCCGTGCTGCACGGTCGCGGTGGCGAGTGAGAGACCGTTCGCGAAGGCCATCACAGGAGCAGCACCGGGATTGCGCGGATCTCGACCGCCAGGGCGTAGGCCTGGCCGTGCATGGCCAA
CP036296.1_gap34	1387704	1391993	4289	CCGCCGTCCCCGGCCTCGCCGCCCAGCTCGAAAGCCGCCCCATGTCGCTCGCCCTCGGCGCCCTCGCCCTCGGTCTCGCGTCCCTCGGAACCCCCGCGCCGCCCGATGCGGACGAGGACTACCAGTACCTGGCGGGCCTGGCCCAGCGAGGCCTGCACGAGCTGGTCGTGCCCGAGGCGCGCAAGTTCATCGGCGAGTACCCGAGCGACTCGCGCTTGCCCCAGGCGCGCTATCGCCTGGGCGACGCCCTCTTCGCCCTCGATCGCTTCGAGGAGTCCCTGGCCGAGTTCGAGCGCCTGGACCGGGTCACGGGCTTCGACCTGGCCTTCGAGGTCGACCTGCGCCGCGGCCAGTGCCAGCTCGAGCTGGGCCGGCCGGAGCTGGCGATCGAGCCCCTGCGCTCGGTGGCCGACGGGGGGCCGCAGTACCTGGACCGCTCGGCGACCTTCCTCTTGGCCGAGGCCCTCTTGCGTTCGGGCGACGCGGAGCGAGCCGACCGGCGCTACGCCGAGGTGCTCGAGGACGGCGGCGGCGACCTGGCCGCCGACGCCTGGCACGGCCGCGTCTGGTGCGCCTTCGACGCCGGTCGCCACGCGGACTGCGCCGAGCGCGCGGCCGAGTTCTTGCGGCGCTTCGAGTCCGACCCGCGTGCCGACGAGGTGCGTTTCCTCGCGGCCGAGAGCGACCTGGAGCGCGGCCAGGCCGAACGCGCCCTGGCGGGCTTCCTGGCCGTGCGCAGCGGCGACCAGGTCGACGCCGCCCTGCGCGGGGCGGGCTTCGCCGCTGCCGCTCTGGACCGACACGATGAGGCCGCCGGCCACTTCGCAGCCCTGCTCGAGCGCTTCCCGGACAGCCGCTTCGCCGCGGAGTGTGCCCTGCACCGCGGCATCGCCCTGTTGCGCGCGCAGCGCGTCGACCAGGCCCGCGGCGCCCTCGACGACCCGCGCGTGCCCGCCGGGGCCGAGGCCGAGTACTGGCGCGCTCGCGCCTCCGCCGCCGCCGCCGACCACGCCGCAGCCTTGAGTCACGCCGAAGCCGGCCTGCGGACCAGACCTGAGGGCGAAGTCGCGCGCCGGCTGCAAGTGGCGCGCGGCGACGCGCTGTTGGCCTTGGGGCGCAACGCCGAGGCCGCCGACGCCTTCGAGGCCGGGGGCGGCGGCTACGCCCTCTACTCGGCGGCCGTGGCGCACCTCGAAGACGGGCGCGCCGAGGAAGCCCTGGCCCTGGCCCAGCGCGTCGCGGCGGGTGGCGGCGAGGAAGCCAGCGCGGCAGCGGTGTTGGTCGCCGAGGCCCAACTGGCCCTGCAGCGCTTCGACCAGGCCGAGCAGTCCTTCGCGGCCCTGGTCCAGAAGGAGGGCGACGCCGCCGAGCGTGCGCGGCTCAGCGTGCGCTTGGGTTGGGCGCGCATGGGCCGGGGCGACGCCGCGGCGGCGCGCGAGGCCTTCCTCGTCGGGACGCGCGCGCCCGAGGGCAGCGACGTCCTGCCGGAGGCGACCTTCATGGCCGCGCGCTGCGCCGATGAGTTGGATCGCGGCGAGGAGGCCATCGACGGCTACGCGACCTTCCTCGAGCGCTGGCCTGCCGCTGGGCGACGCACCGAGGCCCTGGTGCGGCTCGCGCGCTTGGTACCCGGCGAGGACGGTGAGCGGCTGCTCGAGAGCGCGGCGCGGGACGCGGGCGAGCTCGGCCTGCGCGCGCGCTTCGACCTGGCCGAGCGCCTCTCGGACCGCGGCGAGTTGGCGCTGGCGCGCGGGCACTACGCGGCGCTGGTGGGCGCGCAGATCGAGCGCGAGCTGCGCCAGAGCTCGACCTACGGCCTGGCTTGGTGCGAGTTGAATCTGGGCGAGGTGGCAGCCGCGGCGGCGAGGCTCGATGCCCTGGCACGCGAGCGCGATGTCGAGCCCGAGTTGAAGTCCTCGGCCCTCGAGCTGCTGGTCTGGGCCGCCCGCTCCAGCGGCGACGCCGCGGCGACGCGCGAGGCCTATGCACGCTTCGCCGCGACCAAGCCGGACGACGCGCGCCTCCTGGCCGCGGCGCGTTTGACTTCGGCCGCGCTCACGGAGGCCGGCGCGACCGAAGCGGCTCTGACCCTGCTCGGTGAGGCGAACCGCGGTTTGGCCAGCCCCGAGGCCAAGGCCGGTGCCCTGGTCGAGGCCGCGTGGGTGCGGCTCGACGCCGGCGAGGTCGAGCGCGCCGAGGCCGAGTTGGCCCAGGCGCGCAAGCTCGCGCCGGCGAACGCCTCCCTGGCCGAGGCGAGCTTCTTCGTGGGCGAAGCGCGCTTCGAGCGCGGCGAGGACGAGGCGGCCGCGGCCGACTACGCCCTGGCAGCGCCGCACCTGCCGGCGGAGTTGGCCCCGGCACTGCTCTACAAGTGGGGCTTCGCCGAGCTGCGGCGCGGCAACAGCGCCGCGGCGGAAGCGCGCTTCGCGCAGCTCCTGGCCCAGCACCCCGACAGCGAATTGGTGGGGGAGACGCTGTTCCTCGTGGGTGAGGCGCGCTTCCGCGACGAGCGCTTCGAGCAGGCCATCGCGCCCCTCGAGCAGGTTCTGGCCGAGCACCCGCGGCACCAGGTCGTACCCAAGGCGCGCTTTCGCCTGGGCGTGGCCGCCTCCCGGGCCGGTCGTCACGAGCGCGCGGCGGAGGTGCTCGGCGAGCTCGCCCGCCGCAACCCCGACTTCGAGCACCTGGCCGAGGCCGACCTGTGGCGCGGCCGCTCGCTCGCGGCCCTGGCCCAGACCCGCGCCGCCCGCGCCTGTTTCGATCGCGTGATCGCTGCCGACGACGGCGTGCTCTCGGCCCGCGCGCGGATCGAACTCGGACGACTCGACACGGCCGCCGGCGAGCTCGACGCGGCCCTCTCGCACTTTCTGAAGGTGGCGGTGCTCTACGCCCTGCCCGAGGAAGTGGCCGAGGCCCTGTTCCTGGCGGGGCAGGTGCTCGAGGCCCAGGACCGCGCCGACCTGGCCAAGGCGCGTTACGTGGAAGCGAGCGAGAAGTACCCGCAGACAGCCTTCGGTGTGCGCGCGGCGGAGCGCCTCGCCGCCATGGGCTCGCGCTGACCGACCGCAAGGGCGAAACGACCATGACGATTCAGACGATGACGATGCCGCTCCTCGCGCAAGGCGCTCCCGACGACCTCGAGTCCATGTTCGAGCTGGTCGTGGCGGGCGGTCCGATGATGGTCCCGATCGCGCTCTGCTCGGTCGTGGCCGTGGCCTATTCGGTGGAGCGTTGGTTGCGCTTCCGGCCGGGTCTCTTGGGTTCGCGGCGCTTCGGGCGCGACGTGGTCGCCGCCGTGCGCGAGGGCGGCGTCGAGGGCGGCCTGACCCTGGCGCGCTCCAAGCAGAGTCCCCTGGCGCGCATTCTCGCCCTGGCCCTCGAGCGCGCGGACGAGCCCTTCCTCGACCGGGAGAAGATGGTCGGTGACTTCGCCTCCAACGAGATCCGGCGCCTGGGCAACAACCTGCGCCCGCTGCTGCTCGTGTGGTTGATCGCGCCGCTGCTCGGTCTGCTCGGGACGGTGTGGGGCATGATCGAGGCCTTCGGCGAGATCGCCGGCAGCGCGGGGATCGGGCGTCCGGAGCTCCTGGCCAGCGGCATCTACCAGGCCCTGACCACCACCGCCGCCGGCCTGGCCGTGTCGATCCCCGCGGTGGTCTGCTACCACCACCTGCGCGGGCGGCTGGACGCCTTCGGCCGCCGGGTCGAGGACCACGCGCGCGATCTGGACGCGGCCCTGCGCGAGCGCAGGGCGGAGCTCGCCCCGGCCCCGGTGGTCGAGCGCAGCAAGGCCCCGAGCGCGAACGGCTCGGCTCACGAAGCGCAGACCGCCCAGACTCCGCCGGTGCCTGCATCCGTTCCCATCGGTACCGAGGCCTGAGCCATGCAGATCGACGACGGCCGAGGCGAGGAGGAGCTGCAGCTCAACCTGGCGCCGATGATCGACGTGGTCTTCCTGCTCTTGATCTTCTTCATGGTCGCCACGACCTTCGTGGAGCCCGAGAAGCAGATCGACCTCGAGCTGCCCCAGGCCGAGAGCGGTTCGGAGCCCGAGGAGCTGCCCGACGAGCTCTTGATCCAGGTCCTGCGCGACGGCCAGATCCTGCTCGGCACCGTGGAGCACACGCGCGAGTCCCTGCGCGCCGAGCTCGAGCGCACGGCCCGCGCGCGTCCCTCGACTCCGGTCACGGTGCGCGGCGACGAGGCCGTGGACTACGGACGCGTGGTGGGGGTGCTCGACCTCTGCCACTTGGTCGGATTGACCGACACCAGCCTGATCGTGCGCGAAT
CP036296.1_gap35	1393459	1395048	1589	GCGCCCCGCGAAGAGTTCAGCCAGCGCAGCGGCGCGGCGGAGGCTCTGGCCCTGGCGGCCAGCGAAGGCCCGGCGGCGCAGCGCGTCGAACCCGCGGCGCCGTCCGGTGAGGCGATCTTGGCCGGGCTCGCAGCGGCTGCCGCGGTGCCCTCCGCGCGCCCCTCGTCCGCGGCGATCGCGCGGCCCAGGGGCGCGGACCTGGGCGCGGCCCCCGAACGCCGCTCGGCCGAGGCGGAGCGGGTCCAGGACGGGCGCCCCGCACCCGAGGTCGCCGTCGCGAGCTTGGAAGAGACCTTCGTGCGCCGCGCGGACGCGGGCAGTGGGGAAGTCGCCCTCGAGGCCTCGAGCCAAGTGGCTTCGGCCAGTCGCGGGGCCGTCGCTGCTCCGGCCCGGCGCGAGGTCGCAGAGCCCGGTGGCTTCGCCTCACCCTTGCCCGGCTTCCAAGCCTCGGCCGAACTGGCGGGCGGGGGCGACGACGGGGCGACGTCCATGCGCGCGGCGATCGACGTGCAGCGGAGCGATTCGGCTTCGCAGGACGTCACCGTGGCCCTGCCCGACGACGCGAGCGAGCTCGTTCCCCGTGCGACGGGCGGCGGCGAGGCGGCGCCGGAGCTGGTCGCGATGAGCTTCGAGAGCGCGCGTCGCGAGGTCGATTCAGGCCCGTCCCGGTCCGCCACGATCGGGGACGACCTGAGCCCCTTGGTCAGCGCGACCGCCAGCCCCGCGCGGGCCGCGCGACTCGATGCACCGGCCGCCATCCCCATTCCCCGCCGCGGCCTCCCGGATCTCCCCGCGCGTCACTCCCAGTCGACCGAAGTCGCCGTCGCCGTCGCCGCGCCCGACGACGGCGGCCGGCCCGACACAGGCGTCGCTGCTGCGGTCGAGGCCAGCGCGCCCGCCAGCGCGGGGAGCAGCGCCGCCCTGGCCCTCGTACCCACCAACCGCGTCGCCGAACGCGCGGGCACCCTCGAGCTGCCCCGCCGCCGCGGCAGCGACCTGGACCTTCCGTCCACGGCTCCCACGGGCCCGCGCTTGCCCGACCTCGGCGGCCTCGCCGCGGCTGACACCGATGCGCCGCGCCGCCGCTGGGAGCACACCCCCTACGCCAGTCGCAGCGGCGCCGCCAAGGTGCGCGCCCTCGACCTGCTCGGGGGATCGCAGGAGACCGAGGCCGCCGTCGCCTCCGGCCTGGCCTACCTGGCCCGCATCCAAGCCCGCGGCGGCTGGTGGGGTTCCGAGGACGACTACGACCGCAAGTACCACCACGTGGTGATCGGCAAGACCGGCCTGTGCCTCCTGGCGTTCCTCGGCGCCGAGCACACGGCTGACAGCGCGAGCGAGCATTCCGACGTGGTGCGCCGCGGCATCGACTTCCTGCTCGGCGTACAGGACGAGCGCTCGGGCCACTTCGGCGATTGCACGTCCTACGGCCACGGCATCGCGACCTACGCCCTGGCGGAGGCCTACGCCATGACCGGCGAGGAGCGTCTGCGCAGGCCCCTCGAGCGCGCCGTGGCCCACATCGTCGCCGAGCAGAACCGTCGCGACGACGACCGCCTGCGCGGGGGGTGGAGCTACTACTACCCGGA
CP036296.1_gap36	1406914	1410756	3842	GCGGCGGAGAGTGCGTGCAGCCAGTTGGGCGTCAGGCCCAGCACGAAGCTGGCCACCGCCATGGACAGGCCGATGGACACCAGGTAGTCCGGTTGAAAGTGAAGCATCGATTCGAAGGGGAGCAAGGCGGGCAAGAACCGGCGCAGCCGGCCGCTACTGGGGCGGACCCGTCGCGACCGGTACCTGGACCGTCAGCGAGTCGGGGGCCGGGCTCGGGACCGTGAACTCGACCCGCGTGCCGGGGAGCGCTCGGAAGTCCCCGTCGGTCGACTCGCCGAGGGTCGCGACCCAGTCGCCCGGGAGCAACGACAGGGCGTAGGTGCTGCGCCCGCGGTGCAGCTCGAGCCAGTTCGCATCCAGGGTCGGAAGGAACGGCGGCCGAACCTCCAGCGAGCCCGCGTAGCGATTGCCTAGCAACGCGATGCTCTCCCGGTGAGACTCGAGCTCGAACCAGACCTCACACCGCGTCCAACTCTCGAGCCTGCGCTGCTCGCCCTCGCGGACCCCGATGGCGAGCACCTCGGCGTTCGGCCACTCGACCTCGAAGTAGACCGGGCCCTCGCCGGTTGACGCGACGGCGTACCAGGCGCCCTCGAGCTCTCGAGCCGGCTCGCGAGCGTCCCGATCACCCCGGTGAACGGATACCCGGCGGCCGTCGTCGGCGCCGATCTCGTCCGAGCCCCAGGGGTTGCCAGGGGGCAGGACGACGCTGGTCGCGACCAGCTCGAGGCGCGTCTCGGCACCCTGGTCGAGCGAGGCCAGGGGCCACCAGCTCCAGTGCAGGGTCCCCCGTCGGTCGGGAGCGATTGCGAACGCGCCCTCGAACCGCCCGCCGGGGCCCCGAGCAAGGGTCAGATGCTCGCGCCTGATCGGGGATTCCTCGCCGTTCGGCGCGATCTCGAACAGAAGCTCTTGCACCCGGTCGGGGATCCCCGCGATGCCGAGCGACAGGGTGTGGCGCCAACCCTCGAGGGGCTCGAGCTCCAACGTCGTGACGGGGTCCTGCGCGTCGACGTCGCCGGCAAGGATGGAGACTCGCCGCGGTGCGTAGCCGTCCGCCTCGACCAGGATCTCGGTCGGGCATTCGAATGGGGGGCCGAGCAGACCCCAGCGCGAGAAGTCGTCGAGCAGGGAGTCGCGCGTGGCCTCCATCTTCGGTGACCGACCGAAGGGGATCGAGTCCTCCGCGACCGCTTCGCCGTCCGGCAGCTCGAGCGGACGGCCGTCGAGCTCGAGGATCGTCGTCCGCGGGTAGAGCGGCGAGCCGTCGAGTGCCGAGACGAACTTGAAGGGAGGTGCGCTCCAACGGACCTCGAAAGTCGGCACCAGCGGAGCCGAGCTGCCCGCGAAGTCGCTCGGTCGGATCTCCGCCTGGGGGAAACCGCCGAGCCAACCGAACCAGACCCGCGCCGTCTCGCCCTCCTGCAGGTCGAACTCGTCCAGGTCCACCGCGAACGGCCCCGGTCGCCCCGGCTCGATCGGAGGGCAGAGGACCGTACGGATCACCCGCCCGTCGGCGTCGAAGGTCGTCAGCGCCACGGCCCGCAGATGATCGATCTGCATCGCCGGGTCCAAGGCGACGAGGCCGATGGAATCGTCGGCAGCGAAGTCTGCATGAGGCTCTCGCTCGTTCACCGCCGCCCACAGAACGATCGCGGCGAGGGCGGCCGCGCAGATCGCGAGCAGCAGCTTGATCTTTGGACGATTGGGCATGGGTGCGATGGCTGAGAGTCCTCGAGGTCAACGGGCCGGCCCGGTAGGCGTCGGGACTCGCACGACGATAGGCCCGGCGGGTTCCTCCGGCACGCGGAAGGCGACCGTCGACCCAGGAAGGTCCTTGTCGTTCAGCGCCGTCGCGTCGAGGAGGTTCGCGCGGTACTCGCCGGGAAGGAGTTCGTATTCGATGCGGGTCGCCTCCGATTCCAGTGTGCGTCGCCACCCTGGATGGAAACTCAGCCCTCTCGGCGCGAGTGCGACGACGAGCTTGGCGTCGGGTCCGAGCAGGTCGAGGCAGGCTTGAAGGTCTTCGAGCCGTACTTCCACGTGGACACCCGTGGACGAATCGACGACGCGGTGTGAACCGGCAGCCACGGGCACGATCGCGACGCCGTCTGGCTCGCCGGGCCGTTCCGCGGGCCACTCGATCTTGAAGGCCGCATGGCGAGTGCCGAGGCTGCTCAAGAGGAACCACTGACCGTCGGCCAGGCCGGCCCGCATCCAAGTTCCGAAGAACCGGGTTGATCCGGTCACCCTCGCGGCCGAGGCGCCGGGCGTCCCGAGTGGACCCCAGGGGCCGAGGTCGGAGATCGCGACGGTGGTCGCCATGGCACGGAATCGAAAGCCGGAGTCGTCGCGCTCCGCAGTGTCCAGCAACTCGGTCTGCCACCGCAACTGAGCGTAGTCCTGGCCGCCGGTCCTGACGCTGCCCGTGAAGGTCCCCGACTCGGAGCGGTGCAGCACGATCGCGCCCATCGTCGCCTCGCAACGCTCGTCATCCCCCAGGCGGATCTCGAAGTTCAACTCACGCACCGACGCCGGAAGGCCTGCGGCCTCGAGCTCGACCGAGCGCTCGTGCGGGTTCAGGGCGTCGAGGGTCACGTCGAGGAACTCGGGCTTGTCCCCACCTGCCGCGGCGTGCCGGATCCGTCGCGGTCGGTAGCCCGGAGCGGAGACTTCGAACTCGGCCGAGATGGGCACGCGCGGATGAACCTGAACCTGCCAGCGGGACCACTCCGGGCGCTTCTCGCCCGAGGTCTCCGCGCGCGCGAGCTCGTGACCCGCCGAGTCGATCATCACCAGGTCATCGACGGCGGTCAGCGTCACCTCGGGATCCATGACCCTGGCCCGGTCGACGGCATCGAAGGTCCGCACGTGCAGGCCGCCCTGCACTCGGTTCACCTCGACGCCGCCGAGCGGCGCCATGCCATGCAAGGCCGGCCCATCGAGCCGATCACTGGCCAGGACCTCCGCGCCGCGCCGAAACCAGAACACGGCCCTCTCGGTCGACGTCAACTCAGTCGCGCCACTCGGGACCTCGAACCGAGAGGCCGGCGCATGGGGAGCGTGGCGGCAGGGCATGGAGCGGCTCGAACCGTGGGAGTCGTCGACGATGGTCATGACGACAGTCGTGGGGACATCGAGGCTCGTGCGCGATCGAATGTCGATCCGGAGCGGTTCGAGCTCCGCCTCGGCTGCCACTTCGCCCGAGGTCGGCCGCCGCCGCTCCACGGGTCGTTCCCCGGGCTCCGAGACCTCGCGAGGCAGCTCCGCGACCTCGGCGTCGGCGACGTCCGTGGCTACGGCGGCGTCGAGCTGCCGATCCATGCGCGAACGACCCAGCAGGAGAGCCGTCACCGCGAGGATCAGCAGGGCAACCGCGACGCCCGCTGCACCCCACCATGTGCCCCGTTCATGTCCCTGTCTACTCATCCTCTGGCGTGAGCTTGGCTGGAGTTCAGGACGGGTTCGTCGCAGGTAGGGGATCGATTGCGCCGGTCTTGAAGGTCGTACGACTTGCGGCGCATCGGTTCAGGTGGGGCTGCGGCCAATGCCTGCGCGCGCGGGGATTCGAACGGCGACGAGCGCGGCGATGGCCACCAATAGGCCCGGTAGCCAGCGCAGCCAGTCGGGGACGCCACCGATGTCGAGTTCGTGCGCGAGGATCCACAGACCCGTTCCGGCGAGCAGGTCGTCGTCCCCGACTCCGTGCAGGAACGAGATGGGGGCGGTGCGGTAGAGGCGGTCGCGCACGAGCTCGAGGTCGATCCCCTCCGGAACGCCGAACTTCCGCATCAGCAGCAGGGCGCCGACCGTCTCGTCGGTGTGGGGGCCGAATCGGACCC
CP036296.1_gap37	1415771	1419909	4138	GACGTAGCTGGTCAGGATGCGGCCGTCGTCGCCCAGGGCGTAGGACTCGACCGCGTTGTAGGCCTTCTTCTCCGAGCCGGCCGGGATGTGGGCCTGGACGTACCAGTCGCCCATGAAGCGCGGCAGGTCGACGCTCGAGACCGTGGGCAGGGGCGGGTGGGAGGCGCAGCCGAGCAGGCCGAGGAGGCCGGCCAGGAGCGGGGTTCGGGGTGCGTGGGATGAGTTCGCGAAGGCCATGTGTGGGCCTTCGCTCGGCCGGCGGGATCGGATGCGCCGGGCTCGGCCCGCGGCGGGGTGGTGCCCTCGCGCCCGGCTCCCACTATCTTCAGCCGATGCTTCGAGTCGCCCTGATCGCCGCCGCCGTCGCCTGCTCCCTGGCCTGCAGCTCGCCCCGCAGCGAGTCGGACCTCTACCCGGGCCCGCCCCTGGTGGTGGGCTGCGACTTCGCCAACCCGCCATTCGCCTCGCGCGAGGGGGCCCTGCCGCCGGTGGGGCGCGACGTGGAGATGACGCGGGAGCTGGCCCGCCGGCTCGGACGACCGCTGATCTGGCGCCAGCTGCCCTTCGACGAGCTCTTGGACGCAGTGGAGGACTGCGAGGTCGACGCGGTGGTCGCGACCATGGGCGTCACGCCCGAGCGCGAGGCGCGGGTGCCCTTCAGCGAGCCCTACTTTGTCACGGACGTCCTGGCCCTGGTGCGCGTCGGCGACGGCCAGCCGCGGACCCTGGACGAGCTCGACGGGCAGGCGGTCGCCGCCGGCGCGGGCACGACGTCGGAGCGGGCGGTGCGCCTGTGCCTGCCCAACTCGACCATCGCAGTAGCCAGCGAGAAGGGCGACACCAGCGTCGATCGGCTCCTCGCTGGCGAAATCGCGGCGGCGGTGATGGACGGCCCCGACGCGCGGGACCTGGCGCGGGAGAATCCGCGCCTGACGTGGATCGAGGAGCCCTTGGCCGAAGAGCGCTACGCGATCGCCCTGCGGCCGGACGATCCGAACCTGCGGAAGGAAGTCGACGCGGCCCTTGGAGCGATGCGCGAAGAGGGATTCCTCGCGCTGCTCGACCAGCGCTTCGGGCTCGCGGGAGTGACGGAATGACGTGGGGAGCGGTTAGGCGGACGTCAGGTGCCAGGCACAAGACCGCCGCCTAGGGCAGCGGTTTTGTGCCTGGCACCTGACGAACGCCTACCCGCGGCTCTCAGCAGCCCGGCTCGAAGCAGGGCGGCGAGGGGCCCAGGATCGTCAGGCACTCGGCGTTGGTCAGGCGCAGCGGACCGACCGGGCCGATGCTCTGGCGGGTGCCCTGGAACCAGATGCTGAGGCCGGTGACCGAGGGGCCCGACGGGACCGTGAAGTCGAAGGTTGCGGTGTCGCCGAACAGGAGCCCGGCGGCCAGGAACTGCGGGTTCGAGATCAACAGCGTCGCGTCCGGCAGGATCGGTAGGAACGCCGGCGCCAGCGAGTAATACAGCGACCACTGGCCGATCTCACCGCTCGGGCCGACCCGCAGGCGCATCGGGCAGCCGGGCACCGCGTTGCCGCACTTCACCAGCGTGGCCTGGGGCAGTTGCGCGGTCAGCACCGACAGGCTCGCGCAGGGGCCGGGTGTGTAGGTGCTGGTGTACTGGATGATCTGGCCGACGAACGGCGACAGGTCGACGGTGAGGCTCCTGACGTGGATTCCGTCCTGGGACCCGGCCAGGGGACCGGAGCACTTCAGGTAGTACTTGGCGTCGTTGCAGGGGCCCGGCCCCGGCAGGGATTCGATCACCCCGGTGAAGGTCGCGGGCTGGGCGGCAGCCTGGGCCGGGCCCTGGGCCGCAGCGGTGCCGAGTTGGGTGGCCGCGGCGATCGCGACCAAGATCGCGTAGCGAGCGATGTGAAGCATGGCGTCCCCTTTCAGTTGACGGGGGAGTGCCGCCGGCGCGGGGGGGCGCGAGCGACATCCCCTCGCCACCTAGCCTGCCAAGCCGCGCCGATAACGGGGCTACAGCCTCGGGCTCAGTTCTGGAACAGCGACACGCACTGGATCCGGCGGCTGCCGGCGCTGTCGTGAACCGCGAACGAGCCCCCCGGACGCATGGAGGCCGAGCCCCAGGCCCCGTCCTTGCGGACCGCGTAGAAGCTCACGTTGAAGTTCGGCTCGCCCTTCTCGTTCAAGAGATGCGGCCGCCGCGTGCGGTCGGCGATGCGCTTCAGCACCGCTAGGCAGGCGTCCGTGGGCGCCAGGCCGTTCTCGAGCTCGCGCACGATCGAGAAGGCCCCGCAGGACTGGATCACCGCCTCGCCGCGGCCGGTGGCGCCGGCCGATCCGAAGGCGTTGTCGCAGTACATGCCCGCGCCGACGATGGGGGAGTCGCCCACGCGGCCGGGGATCTTCCAGGACAGGCCGCTGGTGGTCGTGACGCAGCCGATGTCCCCGGCGGCGGTGACCCCCGACGCGTGGATCGTGCCGGTGGTGTAGGGGATCTCGAGCTGGCCCTCGGTCTGCAACTGCTGGTCGGGGTCGAGCCAGTCGTCGTCGGGGCTCAGGCGCGTCTTCCAACGCAGCCACGCCGCGCGCGCCTGGTCGGTCAGCAGGTTCTGCTCGGGGAAGCCGTGGGCCAGGGCGAAGCGCTTCGCCCCCTCGCCGACGATCATCACGTGGTCGGTGCGCTTGAGCACGAGCAGCGCCACCTGCGACGGGTGCATGATGTCCTCGATGCAGCCCACCGAACCGGCGCGGTGGGTCGGGCCGTGCATCACGCTCGAGTCGAGCTGCACCACGCCGTCTTCGTTGGGCAGCCCGCCGTAACCCACGGACATGTCGTTCGGGTCCGCCTCGACGATGCCGACCCCGGCCACCACGGCATCGAGCGGGTCCGTGCCCGCGCGGATCAACTCCATCGCGCGGTCCACCGCCGCGACGCCGTTGCCCGACGCGATCACGCAGGCGCCGCGATGGGCGTGGCCCTGTGCGACGTAGTCGTCCTGGGCCGCGGTGAACGGCCGGGGATCGTCGGCCGCGCGCGCGCGGGCACCGAGGCTCGCGAGTCCGAAGGCGGCAGCGGAAGAGGTCAGGAGCGAGCGGCGATCGATGGGCATGGTTCGAGCGTTGAGCGTGTCGGGATGGGCCGCAGATCCTACTGGCGACGCGCGAGCCTTGGCGGCCGGGCCGCACGATCGAGACTCAGGGTCTGGTGACCAGTGCCGGTCGTGGTCCGCGGATCGTGACCGCGCCGGTATCGCTCGACGGCACCCGCTCGAGCACCGCGGTGGGAGCGTCGACCCAGCCCATGGCCGCGCGCACCTCGGCGGCCCGTGGCCCCGCCGGGTCAGCATCGGTCAGCGCGGCCCACTGAGTCGGAGTCGGGTTGCCGGTCGCGACCCACCAGGTCCGGCCGCCGTCGTCCACGACCCGGGTGAAGTCGAGCGCGGGCCTAGTCCGTACCTCGGCGCTCCCGTCGAGGCCCTCCACGGCTCCGGTCAACACGTGGGCGAAGCGGCCGGGGCGCTCGCCTCCCCCTGCCACCAGACCCAGGGGCGCATCGGATTGGTCGCCGCCGGCGCCCCTCGACTCCAGCGCGCTCGAGAGTCGCGCCCACGTCGCGATCATCCCGCGCCCGTCGCCGGGGCGTGCGGGACCGTCGAGGACCAAGGTCAGGTGCTCGGCGTCCCCCGGGGCCCCGATGCTCCGCAGCAAGTCCCGTTGGCCGACGAGGCGTTCGACCTGGGCGCAGACCTCGGCCGCCGCCGCTCTCGGCGCGCCCGAGCCCCCGGCCAGGGCGTCGGTCGTCGCCGTCACCAGGCGCTGGGCCGCTCCCGTGGTCGGGCCCGCGAAGTCGGCGGACCAGCGCGCCTCGGCGGCCACGAAGTAGTTGCGTTGGGCGACGAGGCCGATCACCGCGGCCGCCAGGGCCGTGCCGGCCAGGACCTGCAGGGTGTGGCGCCGCGCCCAACGCGCCGCGCGTCGCGCCGGGCCGGGACGCCGCGCGCGGATCGGGCGCCCCTCGGCGAAGGCGCGCAGGTCCGCGGCGAAGTCCGCCATCGACGCGTAGCGCTCGTCGCGGACCTTCTCGAGCGCGGTGGAGCAGATCGTGCCCAGGTCCGCCGGCAGGCGCGTGACGATGTGCGAGAGGGGCGTGGGCCGCTCGTGCAGC
CP036296.1_gap38	1421620	1423740	2120	GCAGCTCGTCCACGTCCTCGTCGCTGAGCAGGCCGAGCAGGCCGTCGATCAGGACCGAGGGCGATTCGGCCCGTCGAAGGTCCTGCCCGTCGGGCGGCGGCGCGTGGAGAGTCGACTCGCCCCCGTTCTCGGTCGGCCTGCGCGCCGAAGCCCGACCTGCCGACGAAGCTCCACCTGTGAGCGGGTCTCCAGCCACCGAAGAGCCGCGGTCGCCCGGGTGCTGCGGGCCCTCACCCTGCCGGGTTCCGGAGTTCACGGCACGCAGGCCACGGCGCATGGGCCACGGGACCACATGCGTCGTGCTCTGATTCCAACTTCCTTCTGGGGGGGCATGTCCGGCGGGAGGACCGTGACCTCGTCGATGCGTCGAACAGAACGGGAACCGACACCTGAAGGAACGCAAACCGACTTCCAAGCCCCGGGGAAAGAACCGAATTTGTCGCTCCTGGTCCGGAAGTCCGGCGCAACCCCGGCGCAACCGCCGCTCGTTATGCTGCGCGGCCCCGAGGACCCCCATGCACCTATTCGCACACCTGACCGTCATCGCGGCCCTGGCCGCCCCGTCCCACCTCCAGGAAGCGCCGGACGCGCAGGCGCAGACGATCCAGCGCCTGACCATCGAAGACGTCCTGCAGGGGGTGGGCTGGACCACCCGAGCCGAGGGGGTGCGCTGGGCCTGGGACGGGCTGCACCTCGCGGTGGGCGAGGGGGATCAAGCTGTCTGGCTGGACCCGGCGACCCTCGAGGAGGTCCCGGCCCTGGCCGAACCGGAGGAGGTGGAGGACGAGGCGGCGCGGCCGCCGCGCCTGCGGGTGCGCGAGAACGAGCTGGTGCTCGAGCGCCCCGGGGCCGGTGAGGACGGCGAGACCCAGCGCACGGTCCTGACCACGGACGGGGGCAACAAGTCGCTCGCGACCCTCAGCCCCGACGGCAGCCGAGCCTCCTACGTACGCGACGGCGACCTGCTTGTCGTGCCGGCCACGGGCGGCGAGAGCTGGGCCGTGGCCGCGGCGTCGGGCGAGGAGGTCCTCGAGGGCGTCCTCGACTGGGTCTACCAGGAGGAGATCTACGGTCGCGGCGACTTCCGCGGCCACTGGTGGAGCCCGGACAGCGCCTCCCTGGCCTTCCTGCGCCTGGACCAGCGCGAGGTGCCGGTCTTCCCGATCGTCGACCACATTCCGAACGACTTCCTGCAGGGCCAGCGCGGCGCCGAGCTCGAGTTGACCCGCTACCCCAAGTCCGGCGATTCGAATCCCGTCGTCGGCGTGGGCCTGGCGCGCCCGGGCGACCGCACGGTCCGCTACATCGACCTGTCGGCCTATCCGGAGGACCTGTTGGTGCTGCGCGTGGATTGGGCCCCGGACGGGCGGCTGCTGTTGACCCTCTCCGACCGCATCCAGACCTGGGCCGAGCTCGTCGCCGTGGACCCGCAGGCGGTGGATTCGCAGACCGTGCAGCCCACCACCCTGCTGCGCGAGGAGTCGGAGACCTGGGTCAACCGGCCCGAGCCACCCCTGTGGTTGAAGGACGGCTCGTTCCTGTGGCAGAGCGAGCGCAGCGGCTACCGGCACATCGAGCACCGCGCCGCGGACGGCTCGGTGGTGCGCGCGATCACCTCCGGGGACTGGCAGGTGCGCCGCATCCTCGAGGTCGATGAGGAGGCCGGAGTGCTCTGGTTCGAGGGCACCCGCGACGGGGCGATCGGCTCCAACGTCTACCGGGTCGGCCTCGACGGCCAGGGGCTGGTGCGCCTGACGCCCGGCAACGGCTGGCACTCGGCCCGCTTCGACGACGCGCGGCGCTACCTGGTCGACACCGTGTCGAGTGTCTCCGAGCCCCCGCACTCGCGCTTGGTCGACGGCGTCAGCGGCGAGGTTCTGCGCGAGTTCGCGCCGGCCAAGGTCGTTGCCGATCGGTCGTTCGTCGCGCCCCAGCGCTTGACCATCGTGGCGCGTGACGGCTATCCCTTGGACGCGACCGTGATCGTCCCCGCGAGCCGAACCGAGGGCGCGCGCCTGCCGGTCTTCCTGGACACCTACTCGGGCCCCGACGCGCCGACGGTAAGCAATCGCTGGCAGCCGAGCACCTGGCACCAGTTCCTGGCCCAGGAGGGCGTGATC
CP036296.1_gap39	1439528	1440487	959	GTGGTCGAGACCATGGCCGGCCGCACGGTCACGATCCGCACCCTGGACGTCGGCGGTGACAAGCCCCTGCCGTACTTCAAGGTGCCGCCGGAGCCGAACCCGGCCCTGGGTTGGCGGGGCTTGAGGATCCAGCTCCAGTGGCCTGACCTGTTCCAGGCCCAGGTGCGTGCGATGCTGCGGGCGGCGTCCGAGGGGAACCTGCGGATCCTGCTGCCGATGGTGGGCTCCCTCGAGCAGGTGCGCCAGGCGCGGCGGGTGATCCAGGAGGTCGGCGAGAACCTGCGCGAGCAGGGCTACGACGTGCCGGAATCCGTGCCCCTGGGGATCATGATCGAGGTCCCCTCGCTGCTCTTCGTGCTGCCCCAGGTGATGGCCGAGGTGGACTTCGTGAGCGTCGGCACCAACGACCTGGTGCAGTACCTGCTGGCTGTGGACCGCGACAACAGTTGGGTCGCGCGGCTCTACCAGCCGACCGATCCCGCGGTGATGCGGGCCCTGGAACAGGTGGCGACTGCGGCCAAGGCGGCCGGGGTGCCCTGCTCGGTCTGTGGGGACGTGGCCAGTGATCCCGTCGCGGCGGTGCTGCTGCTCGGTCTCGGCTACGACTCGGTGTCGGTCGCGCCGCACTTCGTGCCGGCGATCAAGTTCGCCGTCCGCCGCTGCACGGTCGAGGGCGCTCGCCGGTTCGTCCGGGAGTTGCTCGAGTGCTCGACGACCGAAGGGGTCAAGCAGGCCTTGGGTCGGATGCGCGAGCAGCTCTTCGAGGGCGTCGACCAGGCCTGACCGCTCGGGGAGGGGCCGCCTGGCCCCGGGGATCCGTCCCTGGGGCCGATGGGGAGCGATCCGGGGCGAGCATTCCTTTTTTTTGCTCGAGATCGCCGGTAACGCCCGGCCTCGGACCGCGTTCCGGTCCCGCGAAGGCGCACGGAGCCGTCACCGCTCGCTCCCCAGAGCGGTGC
CP036296.1_gap40	1461371	1465034	3663	GAGCGCGCCGGGCTCGGCCACGAACTGCTGGGTGCGCCGAGGCGTCACGTCCAACGTCCGCGAGCCGCCGTCCGACGAGCGCAGGCTGATGCCCCATTCGTCGACGGTGTCGGTCGGCAGGCCGTCCCAGTTGTCCCAGGAGGCCGACCACGAAACCGTGTCGGCGTAGAAGGCCGACTTGCTCGGCGGGAAAGCCGGGTCGTCCGAGAAGTCGCCGCAGCCGGGGACCGTCTCGCTCATCACCACGTTGAAGCCGTGGAACGGCAATCCTGCGTTGGGCTCGAGCGGCACCGGCACCGTCGAGAGGCCCGAGGCCTGGTGCAGGGCGTTCTGGATCTCGCCCGCCCAGCAGGCCAGGGCGGCGTCGATCAGCCCGTAGACCGGGGCGCCTTGGGTCGAGAACTCGATCACCAGGTCCTGCAGGCCGTGGTCGATGCCGAAGGGCACGAAGTCGTCGCCGCGGCGATCGACGAAGGTCTGCTGGTGGTTCTGCCAGTCCCAGACGGGCGTGCCGTCGAACTGCTGCAGGTGGTCGGCGAGGCCGTCGGGACCCCTCGAAACGATCGGCAGGCCCTCGGCGATCGACCCCCACTTGATCTCCACGTTGGGGCGCCAGTCGTCGCCGCCACCGTCACCGGAAGTCAGGTAGTTGGTCATCGGCTGGCTGGCGTGGGCCGCAGCGAAGACGTTGGGATACCGCAGGGCCATGGCCAGGGTGCCGCTGCCGCCCATGGAGTGGCCGTACAGGAAGACCCGGTCCAGGTCGACCTTGGAGCCGTACATGGGGTCGCGGGCCAGGTCGTGGACCATCCGCAGCACGCGTTGCTCGGTGAAGTTCTCGATCGTGTCCGTGGGCGGCACGTCGAGGCTCTGGCGGTAGTCGTGGTCGCGCGCGTAGCCGAGCCACCAGCTGTTGCCGATGTCGAGCGGGTACAGGCGGTAGGCGGGGCACCAGGTCGGCTCGGGATCGGCCGTCAGCGGCCGGATCTGATTGCCGCTGTAGCCGTGCAGGCGCACGACCACCGCGTAGTCGCTCTGGCCGGCGCAGCCGTTGAGCTCCGGCGGGAACAGGACGTAGGTGAACGCGTAGTTGACCGCGTTGGCGACCGCGGGATCGAGGCTGTTGAGCCCGTAGTACTCGTTGTCCGCGTTGGGGGCGGTGAAGGTCTCGTTGAACTCACGCAGGTCCAGGTACTGGATGTAGACCTGCCCCTGGTTGCTGACGATGTTCTTGGTGCGGACGGGCGAGGGGTTGCCGATGCGCTCGGAGATCGCGGCGGTCGCGTTGTCGGCCGAGAAGTCGGTCACGTTCTCGAGGCCGCTGGAGTCGACCGAAGTCACCGCGTAGAAGCCGTCGGCGATCAGCAGCCCACCGAGGTCCTCGGTGTGGATCGTCCAGACCAGCAGCTCCTTGCCCGCCGGAAGTTCCGGGCCACCGTTCTGAATCACGTAGCGGGAGTGGTAGCGCGGACCCCAGGTGTTGGCCACCGGCATGTAGTAGCGCTCGGCGAGGTAGTCGCCCGAGCCTTCCCAGCCCTCCCAGATCATCGTGGCCTGGGAGAGGTTCCCGGCGTCGATCGCGGAGTCGTGGCGGTAGATGCGATAGCGCTCGACGTCGCTGTCGACGCTGCCGTCCCAGGTCAGGAAGGTCTGCCCATCGCGGTGCAGCGCGGCGATGTTGGTCGGCTGCGCCGGAGCGACCGCCGGAGAAACGACTGCGGTCGACGCAACGGCCGAGGATCCGGAGAGGGAGCCGATCAGGCCGGCGAGCAAGAGGAGGTCGGGCGCGAGGCCCACCCCGTGAGCGGAAAGTGCTGCCATTTTCGTTCTGGTGAGGGGGGGTCTGTTTGGAGTCTCGGTTCGGTGAGGGGGGCAGCCCCTCAACGGCTCAGAATCCGGGATCGACGCTGGGCGGGCGTCTACCGACTGAAGTGTGACCTGGGATCGGGAACCGTGCGTGAATCTGGGAATCGTTTTGATCGCGGTGGGCGAAGTTCTCGGGCGGGTCCTGGCCAAGGGGCCGGAGACCGCGGTCGATGCTCCACGGGTAGGGAGCCTGGCCGAGGGTCCCTCGCTCGAATCGTTGACCGACATAACTGACTCTTCGGAAGCGGGTTGCGGTGACGGTGTTGCCCGTTTGCCGGGACCCTGAGACCTCCTGGGGGTCCAAGCGACGATCGCACCGCGATCGCACGCTCGAACTCGGGCCGGGCGGGCAGGATTCTGCATTTCCGCCTCGGGTGCCCCCGCTCGGGGGCCACTGATCGGAACGGCCCACCGTTCCGGGGCCGAACGAAGATCGGTGTGGCTCCCTGCCGTCGGCATGGGGGATGGCCCGGGCCGACCCTTCGGATCGATGGCGAGGCCGTCTCGGTGCCTGGTCCGTCGGGGAGGGTGCCCAGTCACCGGCCGTGCCACCCGCCGATGCAGCCGGCCGTCGCGGGAGCCAGGTTACGGGGCCGGCCCCATCGTGGACGCCCGCCAGGGGCGGTCCGCTCGACTCGCGCCGAGGCCGTCCCGGACGGCGGCTGCGCGGGCGACCCTGAACGACCGTCGAGCGCGCCGGCGATCGCTGAGCGTCGACGGGGCCGAGAGCCTGCGTTCACTTCCCTGCAGACTTCGACGACCGCGCGTTCGCGGCTGGAGCTGGCGAAGAGTCAACCCGATCCAGGGGCTCGACGCGTACGCGCTCTCCCGAGGCGTCGAGCGCGCCCGGAGTGTCGCGTCCTGCCACAGGGAGTTTGCATCGACTTCACGTTTTTCTGCAGCCGATGCGCGCGAGGTCGTGCGCCGGTGATTTCGATTGCATCGACCGACTGCTCGGATTCGTCGCGTTCGGAATCGGGAAGCCCGGCACTTCAAGGGTCGGTGACCCGACGTCGAGACGTCCGTTCGAAGTCGCGAACTGCGTGGAACACTTCCTGAACGTCACCGCTCTAAACCCACTGTCCGGCGCGGCGCCGACCAAGTGCGCCGCACACGAACCAAATCAAGTCATCGGTCGGCGCTCGAATGAACAGCGATCGTCTTCCGAGACGAAGCTGGAGATTCGAATGCTCGCCATCGCAGGTCCGAGGACTGTCCGCCGTGTGCTCGCCGATCGATCGCGGTCGCCTGCCGCACTTGTTTGTTGGGTGTCGCTCGCGGTGCCGCTCAGCGCACCGAACTCCGCCGCGCAGAATCCGACCGGTCTGAACCTTTTCGGCGGTCGCGTAGTCGTCCAAGGCGGGGGCGGCGGTGGCAACCCGACGACGCCACCGCCCGTGGTCGCGAACAACGGAGAGGTCGAGCTCACCGCGGGAACCAACCCCGAGTCACTCTTGCCCGGCGCCATCGCCGCGCCGCTCGTGATCCTCGACAACCTGTCCATCGCGGGCACAGCCGATCGCTTCATCCTGGTCGACGAGGGCTTCTGGGAGCTGACCTTCATGGAGTTGTCCACCGGTGCCATCGAGCGTGTCTTCTCCCAGGACTTCCCGGTGCTGCCGGCGGTGATCTCGGGTCCTGCAGGTAATCAGAAGGTGACCATGACCTGGCCCGAGGTGTCCGCGCCGACGCTCGGACTGGGTCCCGCGATGGTGCGCCTGGAGCTGCGCTTGAAGAGCAGCGCGTTCCTCGAGCTCCAACTCTTCGCCGCGCCGATCAACCCCACGACGCCGATCA
CP036296.1_gap41	1471915	1473536	1621	TCAGCTACGACACCGTCACAGCGGGCGGCAACGTCGGCGGTCGACGCTTCGACTCGCTCTCCGGCGGCAGCCTGACGGACCTGGGCGGCGCCTGCGGGGCCGGCGGCACGATCGTGCCGTCCGGCAACCCGACGATCGGCAACGGCTACTTCCAGCTGACCCTGGTGGGGGCGGAGCCGACCTCGCCGGCCACGGTCCTGAACCTGACCGCGCCCGCGACGCCATTCTTCTGCGACGCCTGCGCCTGGCTGCCTTTCCAGGCCACGACGGTCTACCCGACCTTGAACGGGGCGAGTCAGGTCGTATTGCAGGTGCCCTGTGAGGCGTCGCTGGTCGGTCAGCCCTTCGAGGCGCAGTTCACGACACCGACGCCGGGCTCGACCCCCTGCGCCCTCGCGCCGCAGTTCTCGGTCTCGAACCGGCTCCAGATCGTGCTGGGGTCGTGAGTTCCCTGCGGGCGTCGGCCAAGCGGTCGGCGCCCGCTAACCTGGGGCGCAGACCTTCATCTTCCCGCTCCGGCCCGAGTCCGCCCATGCCCGACCTGCCCCTGGTCACTCGCGAAGACAACCGCGCCTACCTGTTCGATCGCTTCGCCCAGCGCCTGTTGGAGCAGGCGCCCGGCTCGGTGCTCGACGTCGGATGTGGGCGCGGAGGTCTGCTGCGGCGCTGCGAAGCGGCGGGCGTCGCCGCGGTCGGGTTGGAGGAGGACGCCGAGCGCGCCGAGGAGTTGGTGCGAGCGGGCCTCGACGTACGCAGGGGCCGCGCCGAGCAACTGCCCTTCGAGGACGGCGCCTTCGAGTGGGTCACCATGCGCCACGTGCCGCACCACCTGGTCGACCCCCCGCGCGCGGTGGCCGAGGCCCTGCGCGTGGCGAGCGTCGGCGTGCTCCTGGCCGAGCCCTGGTACGACCGCTTCCAGCCCTCGCAGGACGTGGGCTGGCGCATCGACCAGTGGCTGCGCGCCGACGACCGCCGCGCCGGCATGGTCCACGGCGAGGGCTTCGCCCCGCTGGAGTTGGCCGCGCTGATACTGGCCGCGGCCCCGGACGCGACGGTCGAACTCGAGACGCACTTGAAGCCCGCGGTCGAGGATCTCGCGGCCCTGTCCGCGTCGATCGGCGCGCGCCTCGCGTCGGTGGGCAGCGACCACCCCGAGGCCGCCGTGATCGCGGCGCTCTTGGCGCGGGCCGCCGAGACCGGTGCGGGTCTCGGCGGCTCGGCCTTCGCCTGGGGCCGGCTCAGTTCGCCAGGGTGACCCGGGCGCCTTCGGTCAGGCCGATGCCGGTCGGCCCGAAGGGATCGATCAGCGCGCCCTGCACGTAGAAGACCAGGCCCGCGAGGACGCAGTCGAAGGGCACGGCGATGGCGATCGGCGCAGGGCTGCCGGCGCCGGCCCAGGCCGGACCCACGAGGGTCGGCTGGATCAGTTGACCGGGCAGGGTCGAGATCAGCAGTTCGCCGGGGAGTCCCGGGCCGCCCATGCCGAAGCCGGGGATCGGCGTCCCGCAGGGGAAGCCGGGATCGGGCGAGAGCGAGATCAACAGCAGCGAGATCGAGCCCACGGTCTGGTTGCCGGTCGGGTTGTCGACGCCGAAGACCAGCGTCGCGCCGACCGTCGGGT
CP036296.1_gap42	1536108	1537504	1396	CGCAAGACGATGAAGGCGACGAAGAGGGGCGCGAGAAGTTCGCGCAAGTCGACCCCTACACCGAGGGCCAGCCGGAGGCCATGCAGGCCCTGGGTTATCGCTCCTTCGGGCCGTTCCTGTTCCTCGGCAACGACCGTACGGACTTCGTCCAGCGCGAGATGGGGGGCAGCCAGATGCTCTTCGTCGAGACCGAGCACTTCAAGCTCGGCTCGAGCCTGACGTCCTACGCCTACTCGGACGATCGCGAGGAGAAGAAGAAGCTCGCCGCGGAGGTCAAGGCCCTCGGCGAGCTGCTGGGCAGCAAGCTCAAGGCACCGCGCAAGAAGATCGACGGCTGGCTGCGCCTGCACCTCTTCGCCCGCAGGTTGGAGGCTTCCTACCAGCGCTTCCACGAGCTCTTCGGCATCGAGCCCGCGGACTACGAGGCCCAGGGGACCTACCTGGGCCAACCGAACAAGTTCGTGGTGGTGCTGTGTCAGCGCTCGAGCGAGTTCGGTCGCTTCGAGCGCCACTACCTGCAGGTCGAGACCCCGGTCAGCTACCGCTGGTACCTGGAGGGTGGCGGCATGGGCGTCGTCCTCGACGTCGAGGGTCTGGCCCAGCAGATGTGGGCCGACGACGAGACGCCCCTGGACACCGTCCTGCACTGCTTCGCGATCCAGGCCCTGGCGGGCAACTTCGCCAACGCTTACCGCCGCAACAACGGCGCCGGACCCTACTGGTTGGAGGCCGCCCTGGGGCACTTCGTGGTGCGCGAGGTCGATCCGCGCTGGGTCGCGTCCTTCGGGTTGCGCGAAGGTGGAACGATCGACGACGACGACCACGAGTGGTCGCAGCGAGTGTTGAACCTGGTCGGCAACGACTTCTACGCGTCGCTCGAGGACATGTTCGCCTGGCGCGAATACGCTGAGCTGAACCACCGCGACCACATGGTCGCCTGGTCGAAGCTGGAGTTCCTCTTGACGGAGCTGCAGGGCGACCGGCGCGGATTCCTCAACGCCGTCAGCGCGGCGGCGCCGGTGGGGGACGAGGCCCAGGCCCGCGCGGCCGCGATCGAGCGCCAGGTGGTGGCCCTCGAGGATTGCTTCGAGTTGACCCCGGCCGAGTTCGACGAGGCCTGGGCGAGCTGGGTCGAGAGGACCTACAAGAAGCGTTGATCGAGCGCGTCCTGCAACTGCCGCTCGAGCTCGAGCGCATCGACCTGGCTCCGCTCGAGATGCTGACGCCGTCCGGCTGGACCCGCCGCTCGACGGTCGTGCGGCTGCGCGGCGGCGGCGCGACGGGCGAGGGCGAGGACGTCACCTACGACGCCGCGGCCCAGGGCACCTTCCAGTCCGGCGGACTCGAGGCCCTGGGGGCCCTGGTCGGGAGTCGAACGGTGGGGGAGTTCTCGGAG
CP036296.1_gap43	1543369	1548005	4636	ATGGGCGGCAGCCGCGACCTGGACTCCGACTGGCGCATCGGCGGCTTCCTGGGCCTGTTCTACGAACGCGACAGCAGCTTCTACGACAACGGCATCAACGACTCCTACTGGATCGACGGCGGTCCGGGTACGCCCCTGACCCCCGAGGCCAAGCAGGGCTCGGTGGGGGACGGCGACTTCAAGACCGCCCTGTTCGACGTGACCAAGGGCTCGGAATCCGTGCGCTGGGGCGGCCTGGCGACCTTCGGCGTGACGTCCGAGCTGAACACCATCGGCCTGTCCTACCTGTACTCCCGCACGGCCGACGACACCGCGACCCTGGCGGTCGACACGCGCGGCAAGGAGTACTACGTCAAGGACGTCCTGGGCCAGCCGGACTACGACCCGAACGATCCCATGGATCCGGGGCACAACACGAACAACATCGATGCCGCGCCCTACCTGCGTAGCCAGACCCTGACCTACACCGAGCGCTGGACCGGCTCGCTGCAGCTCTCCGGTCAGCACTCCCTGGGTCGCGACGAGCTGGGCGAGGCCGCTGGCGCGTCCTTCGGACCGCCCGAGCTGGAGTGGTCTGCGGCCCTGAGCTCGGCCAACCTGAACCAGCCGGACAGCCGCCAGTTCGGCACCTTGTGGAAGCCGGCCTCCTTCAAGCCGGGGATCCCGGGGATCATCCCGGACATCACCACCGACCCGGTCTACGCCCCCTTCAAGCCCGGGGCGAACATCAACTTCGGCAACTTGCAGCGGGTCTTCCGGCGCATCGAGGAGAACAGCGAGCAGCTCGCCCTCGAGCTGCGCTTCCCCTTCGAGCGCGGCCAGGGGATGGACGGCTTCATCGAGTTCGGCGCCTACGACGACAGCGTCGAGCGCAAGTACGACCAGGACACCTTCACCAACCCCGGCGACTCCGGTGACGAGTTCGTGGCCGGCTTCGACGAGTTCTGGAGTGACGCCTGGCCCGACGAGATCGACCACGCGATCATCGCCTCGGATACCGACGTCGACTACGACGGCCAACAGGACATCTTCGCCTGGTACGGGATGGTCGACTTTCCGCTGGACGACCACTGGAGCCTGATCGGCGGCGCGCGCTTCGAGTCGACGCAGATCGGAATCCAGAACCTCCCCGAGGCGGACGTCTTCTGGGTTCCGCCCGGCAAGGACGCGCTCGAGGTCCTGACGCCCGGCGCGGCGGACGTGGACTTCCAGCGGGACGACATCCTGCCCGCCCTGGCCCTGGTCTGGGAGCCGTCGGACCGCTGGACCCTGCGCGGATCCTGGTCCCAGACGATCGCGCGCCAGACCTTCCGCGAGCTGACTCCGATCATCCAACAGGAGTTCGTCGGCGGTCCGATCTTCATCGGCAACCCGAACCTGGGCATGAGCTCGCTCGAGAACTGGGACCTGCGCGCGGACTTCCGGCCCTACGAGGGCGGCCTGCTGTCGGCTTCGTGGTTCTACAAGGACATCGACGACGCGATCGAGTTGATCCAGGACCTGTCGCCCAACGGCTTCAGCTTCACCACGCCGGTCAACTACCCGAAGGGGACGCTCAGTGGCTTCGAGTTCGAGGCGCGCCAGGACCTTGGTCGCTACGACCGCGACCTGAACGGCCTGACCGTGGGCGCCAACGCGACCTTCATCGAGTCCAACGTGATCCTGCCCAGCGAGGATGCGGCGGAGTTCGCGGACCTGGGTTTCCCCACCGAGCAGCGCGACCTCCTGAGCGCTCCCGAGTACCTCTACAACCTGTTCCTGACCTACGACGTCGAGGGGCACGGCACCCAGATCGGCCTGTTCTACACGGTGCAGGGCGACACGTTGGTGGCGGGCGCGGGCATCAGCAACAACAACTACGTGCCCGACGTCTACGCCAAGCAGGTGGGAACCCTGAACCTGAGTCTGCAGCAGCCGATCTCGAAGTCGGGCGTGCTGCGGATCCAACTCAAGAACCTGACCGACCCGGCGATCCAGGAGGTCTACCGCTCGCAGTACATCGAGGGCGAGCAGGTCAAGACCTCCTACACCCGCGGCATCGAGGTCTCCCTGGGCCTCAGCTTCTCCTTCTAGCTAGCCCTGAGAACACAGAGAGCTCCGCGCCAGGCGCGCGGACCACGACCATGAACAACACCACACAACAACGCCCCGGTTTCCGCAGGATCACGATCGCCTCGGCGGTCGTGACCGGCTTGGCCGCCGCCGCCCTCGTGGGCGCCGCGGTGCCCGTGCAGGACGGCTCTCAGCTGGAGAGCACGCGCACGGCCCTGGAGAGCTGGGTCCAGACCCGCCGGCTGATCTCGTCCGAGCGCGAGCAGTGGCGTCTGGGTCGCGAGCTGCTCACCAGCGAGGTCGAGCTGATGCGCGACTCGATCGCGTCGCTGGACGAGGATATCGCCGCCGGTCGGGCGCAGATCTCGGAGACCGACACCAAGCGCGAGGAGCTGGTGGCGACCCACGAGCGGCTGAAGGAGTCCTCCGCCGGGCTCGCGGCCGGCGTGGAAGCTCTGGAGGGCCGCGTGCGTGAGCTGCTCGTGCGCCTGCCCGATCCGGTCCTCGAGCGGGTGCGGCCCCTGATCCAACAGCTCCCCGAGGCGGGGGCCGAGACCAAGCTGGGCCTGGCCGAGCGCTACCGCAACGTGGTCGGGATCCTCGACCAGGTGGGCAAGTTCAACCGCGAGATCTCCGTCACCAGCGAGGTGCGCGAGCTCTCGAGCGGCAACAGCGCCGAGGTCTCCGCCATGTACCTGGGTCTGGGCCAGGCCTACTTCGTCACCGGCGACGGCAAGTCGGCGGGCGTCGGGCGGCCGACCGCTCAGGGCTGGGTCTGGACGCCGCGCGACGACGCGGCCCCCGAGATCGCGGCAGCGATCGAGGTCTACAAGCAAGAGCGGCCGGCGTCCTTCGTGCGCTTGCCGATCCAGGTCGACTGACGCGCGCGGAGCCAAGCACCATGGACATGCAACACAACGTGGGCGTCCTCGCCCTGACCCTTGCCGCGCTGCTGGCGCAGGGCCCCCGGGCCACGGCCCAGGTCGACCTCACCACGGACGCTCCGCCGGTGGGCGGCTTCGTGGAGGCCGCCGAGTCGATTCAAGCGGAGCTCGAGTCGAGCGTCGCCGAGTTGGAGGCCCTGCAGACGCGGATCGTCGATGAGAAGCTGCCGCTCAGCCGTGAGCTGGCCGAGCTCGAGCAGCGACGCCGCGACGCCCGCGCCGAGTTCGACCAGGTCTCGCGTACCCTGGCCACCCGCGCCCTGGACCTGACCCGGCTGACCGGGCAGATCGAGGACCTGGAGGACGAGACGGCCTTCCTGTCGACGCTGCTGGTCGACTACATCCGCAATTTCAAGGCCTCGCTCCACATCGCCGAGCGCCAGCGCTACGAGGAGGTCCTCGAGGCCGCGGGCCTGGCGCCGGAGAACGACGCGCTGACCAAGCAAGAGGTCTTCCTCGAGCAGTCGCGACTGCTCGACGAATCCATCGATCGGCTGATGGAGGCGGCCGGCGGCACGCGTTTCGACGGTCGCGCGGTGGGTAGCGACGGGCTGGTCGAGAACGGCACCTTCCTGCTGGCCGGGCCCCTGGCCCTGTTCCGCTCGCGCGACGGGCGTCAGGTGGGGACGGTCGAGGACCTCGCCAAGTCGACGCAGCCGCGGGTGGTTGCCTTCGAGGAGCGCGAGGATGCGGCTGCGGCCGAGGCTCTGGTCACCGCTGGCGGCGGCCTGTTCCCGGTCGACACGACCCTCGGCAACGCGCACAAGATCGCGGCCACCGAGGAGACCTTCATCGGGGAGCTCGAGAAGGGCGGCACGGTGATCTGGCCGATCCTGGGCATGGCCACCGTGGCCCTGGTGGTCGCGATCTTCAAATGGCTGTCGCTCTCCTTCGTGCGGCGTCCGTCGAAGGCGCAGCTCGCGGGGCTGCTCGACGCAGTGCGCTCGCGCGACGTCGAGGCCGCCGAGCGCCAGGCCCGCAAGATGCGCGGCCCGGTCGGTCGCATGTTGGCAGCCGGCGTGGAGCACCTGCGCCAGCCGCGGGAGCTGATCGAGGAGGTCATGTACGAGACCGTGCTGACCACGCGCCTGCGCCTGAACCGCATGCTGCCCTTCATCGCGATCTGCGCCGCCTCGGCGCCGCTGCTCGGTCTGCTGGGCACCGTGACCGGCATCATCAACACCTTCAAGCAGATCACGCTGTTCGGATCCGGCGACGTGAAGATGCTCTCGGGCGGCATCTCCGAGGCGCTGATCACGACCAAGTACGGCCTGATCGTCGCGATCCCGTCGCTGATGTTGCACGCGTTCCTCTCGCGCAAGGCGCGAGGGATCGTGGGTGAGATGGAGACCTCGGCCGTGGCCTTCATGAACGAGGTCAGCCGCATGCCGTCGAAGCGCCGCGGCGGTTCGTCGGGCGGCGACGGCGAGGACTCGGTGACTCTGATGCCCTCGGACCCCGAGCTGGTCCGGCGTCAGGTGAGCGAGGTGCTGAACGACCTGCTCGGCCCCCTCGTGGACGAGAGCGAGGCCGCGGGCCGCTCGTCCGGCGCAGGTCGCGTCGTGCCCCCGGCCTCGAGTCGTAGCTGAGCGCCATGGACGAGTTCTTCCAACGCGCACTCGGTCAACTGGGCCTGATCT
CP036296.1_gap44	1576035	1578805	2770	TGTTCGGCTGGCCCGACGTGGAGGCCCGCGAGGTGCACGGCTCGATCGACATCCCCGGAGCCCTGTCGCTCTTGGCCCACCGCGATCCCGCTGCCGTGGTCCTGGGGCTGGAGGAGTTCCCCGAGGACGAGTGGCCGCCGGTGCCGATCGTGCACGTGGCCTTCCAGGTCATGGTCGGGATCGGTACGGGCCTGATCGCGCTGTTCGGCTTCGGAGCCCTGGGTCGCTGGCGCCGCGGGAACTGGCCCACGGAGCGTTGGTACCTGCGCGCCGTGGTCGCTGCGGGCCCGGCGTCGATCCTGGCCCTGGAGGCCGGTTGGGTCGTGACCGAGGTCGGGCGCCAGCCCTGGATCGTGCGCGGCTTCATGCGGACCTCGGACGCGGTCACGGACGCCGCGGGACTGCACTGGCTGTTCCTCGCCACGCTGCTCCTGTACCTGGCCCTGTTCGTGGGAGCCTGGTCGGTGCTGCGCTACCTGGCGTCGAAGCCCCTCGATGCGGCGCAGGACGGTCCCCTGGCGCAGGAGTCCGGCGATGACGCCTGAGCCCTTCGTCCTGGCGCTCTTGCTGCTCGCTCTGGGGGCCTACGCGCTGCTCGGCGGTGCGGACTTCGGCGCCGGCGTGTGGGAGTTCCAGCTCGGCACGCGCCCCGCGCCCGCCGACCGGCGCTTGATCGCGCGGGCCATCGGGCCGGTGTGGGAAGTCAACCACATCTGGCTGCTGTTCCTGTTGATCCTGTTGTTCACCTGCTACCCGCCGGCCTTCGAGCGCCTGTGCCGCGAGCTGTACCTGCCCCTGCTCTTGGCCCTGGCCGGGATCGTGGCCCGCGGCGCGGGCTTCGTGTTCCGCTCCTACGGGCCCAGGGACCTGGGCAGCCGCACCCTGTGGACGGCGGTCTTCGCCTTCGCCTCGACCACCACGCCCTTCTTCCTGGGCGCGAGCCTGGGCGCCGTGGCGTCCTTCGAGCTGGGCGTCGACGACGCGCGCCCGGCTTGGACCCACCCGCTCGCGATCTACTCGGGCTTCCTCGGCGTCGCGATCTGCGCGTTCCTGGCGGCGGTGTTCCTGGTGCGCGAGGCGCGGCGCGGCGGCGACTCGGAGTTGGAAGAGTCCTGGCGCCAGCGCGCCCTGGTTTCGGGCGCCTGGGCCGGCGCCGCCGCGGGCATCGGCCTGTTGTTCGTGCGCGGCGCCGCGCCCGAGCTCGCCGAGCGCCTGTACCAGCACGGCGAACTCTGGATCGGTCTGTCGATTTCCTCGGGGCTCGCGACCATGGTCGCCCTCGCCCTGCGTAGACCGACCCTGGCCAGCGCGACCGCTGCCGGGGCGGTGCTGGGCGTGCTGTTCGGCGTGGCCCACGCGCTCTACCCGCAGATCCTGCCGCCGACCATGGACCTGGCGTCCGCCCGCGCGGAGGACGTGGTCCTGTGGACCGTGGTCTGGGGTGTGGCCTGTGGCCTGGTGATCCTGTTGCCTTCGCTCTGGTTGCTCTTCCGCCTGTTCAAGTCCGATGCCCCGCCAAACCCTTGAGTCTGCGCCTCCGAGTGGGGGCTTTCCGATCGTCGCGCTGCTGGTCGGCGGACCGATCCTCGTGTTCGTGGGCCTGGGTCTGATTCAGGCCTTTCGTTTCCTCGGGCCCTGCCTGTTCGGCCATTGCACGCCGGGCGGAACGCCGGCGGTTCAGTTGACGGCTTTCGACGGTCTGGGGCTCGCCCGGCGCGAGATGGCAGTGATCCCCGGCGTGGGCGACATCTCGGACCTGCGCCTCGTCGAGGTCGACGGTCGCGAGCAACTCCTGGTGGCCGGCACGTGCGGGTTCGCGTGGGTGGATCCCACGAGTTGGTCGATCCTCGCTGGCGCGGCCTTCGAGCTGGACTGCCCGCCCTACCTGCCCAGTCGTATCGTCGACGCGGGCGGAGATGGCGAGTTCGAGTTCGCCCGCTTCGGTCAGGGCTGGGTGGGACCGGTGGCGCTGCTCGATCACCGTGGCCGCGTGCTCTGGAAGCGGTCCGAGCCGAGTCGAACCGAGCACCTGCTCGACGTCGATGGGGACGGTGCGCCCGAGTTCTTGGTCGCGGCCGCCAACTCGAACAAGGTCGAGCTCGTGGACGCGCGTGGCCGAATCCGGTGGACCAAGCGCCTCGCTCGCGATCGCGCCATCGTCCCCTTCGACATGGACGGCGACGGCCGCCAGGAACTGCTCACCACCGATGACAAGGACCTGATCGTGTACAGCAGCGAAGGCGACGAGTTGCTGCGGACCCGCCCGCCCGGCGGCGGCTACGTCAACGCCATCTCGGTCGACACCCATGGGGGCACCCCGCGGATCGTCGTCGGCGCCTACCGCAAGGACGGCGACGAGCCCGGCCAGTGGTACCACTGGTTCGAGCGTGACGCGCGAACCCTGGTCGAGAGCCGGCCCGCGGGCGAGCTCTCGAACCTCGAGCCCTGGGGCGAGTTGAGGCCCGCAGGCAGCGCGGGTCCGATCCGGCTCCTGGCTGCAAACCTGAAGGAACAGGGCGCGTGGGTCGGATTCACGGGGTCGACGCTGATGCTCGTGGCCGCCGACGAGAAGGATCGCGTCCGCGCGCGCTACCTCTTCGACGGCCCCGAAGGCGGTGCCGTCGCCGACGGCGCGGCGCTGGTGCTCGACCCCCAGGCCCCGCGTGTGCTCGTGGGCTACGCCGACCGCCTGTGGCTGCTGGAGCCGCTGGCCGCACCGGTCACGGAAGCGCGAACGGACGCAGAGTGAGCTCGTCCTCGTCGAGGGCCA
CP036296.1_gap45	1584484	1586346	1862	GATCGCCTCGCTGGTGAGCTTCACGGTGCTGCTCTTGTTCGTCAGCGACGCCTCGCGTGAATGCGCGACCCTGATCCATCGCCTGACCGCGCGGGAGGGGCTCGAGGCCCTCGAGTGGCCGGCCGAGTGCAAGCTGCGCGACGAGCTGCGGATCGGCACCGGCGGTCAGGCCGAGCTGATCGAGATCCGCCTGATCGCGCGCCGCACCAAGGCCGTCGGGCAGTTGATCGTGGGGCCCTTCTTCGTGTTGCTGCTGCTCGTGCTCTCGCACAACAGCTACTTCGACCATTGGACGTGGTCGCCGGCGATCGTCTTCGTCTACAGCCTGCTGCTGCTGCTCGCCGTGGGGGCCGCGATGCGGATGCGGCACCAGGCGGAGCGCGCCCGTCGTCGCGTCGTGGCGCGGCTCGAGGACCGACTGCTGCGATTGAGCGGTGAGCCCGCGCCGGCGGAGAGGGCCGGCAAGGGCAAGGCCAAGGCCGCCGATCCCGACGCGGGTGAGAACCCCAAACAGTTGGCCCTGGCCCTGGAGCAGATCCGCTCCCTGCGCGAGGGGGCCTTCGCGCCCTGGTTCCAGAATCCGGTCATCCGGGCCGTGCTGATGCCCTTCGGTGGGGCGGGGGCCCTGGCCCTGGTCGACCTGATGGTTCAGTCGGGATTGACCTGATCGTGTTGGAATCGAGCCTGCCGATCGGCCGGGAAGACGGCCGACACGACCAATGGACCGGAGGAACAAGACCTTGAACGCTCTGCATCGACTGACCCTCGCCTTCGTCGCCGCGACCGCCGCGCTCGTCTCGGCGGCCCCTGCTGAGATCGATGCAGCGCCGCCGACGACCGCGCACCTCAGTCTGGTGCAGGACGCCGCGGCCGGGACGCTCGAGCTGCGCCTGAGCGGCGCGGCCGGTGAGCGCTGCGCGCTCTCGGCGGGATCCATCGACGTTCCCGGCGTGTGGCTGCCCCTGCCGCTCTTGGACCTCGACCCCGCGGGCAGCGCGAGCGTGAAGATGCCCGCGCCGAGCGCGCCGCTCGGAGGCCTGGTCCTGCGCGCGGAGTGGCTCGAGGACGGCCGGCTTCGATCGACGCAGTGCGTGCCGATGTCCCTCGAGCAGCCCCTCGGTGACATCTGGGACATGGGCGTGGCCTTCGATGGCAGCTCGCTCTCGGCTGGCGATGTCGTGTCGTCGAGCCAGCCCTGGTCGTTCTTCGCCCAGGTCAGCGCCAGTGCGGGCGGGGCTCCGGCGGCCGCTGTCCTCTTCGACGACGCCGGTGGCGGGCCGGACAACGGACGGGTGCTGGGGATCGTCAGCCGCGGGGCCGCGCCGACCGCGGGCGCGCCAGCGGGCGGGGGTGCCGGGATCCTGCGGGTCGACTTCCCGGGTCCGACGTTGATGACCAAGGTGCGCGTGGTCGACGTGGTCGGCAGCGGAGCGATGCTGCGCCTCTTCGACGGCGCGTCCCAGGTGTACCAGCAGCCCATCGCCGACATGGCGGGCGACGGCTTCGTGGATCAGTACGTTCCATCCCTGGTGGTCTCGGCCTTCGAGCTCGTCCTGCCGGTCGCCGGCGCCATCGCCGAGGTGCAGTTGATGCCCTGGGAGCTGGTCGTCGACTTCGATCGCTCGACCACGGGTGTTCCCGTCGACAGCCTGGCCGCGGGTGGGGAGGTCGACTCGGGCTACGAGAACATCGGGATCTTCGGCGGCTTCGTAACGGCCTCGAACGCCGCCGAGTCCCACCCCGACAAGGCGATCCTGTTCGACTCCGCAGCGCCCAGCGGCGGTGACCTCGATCTGGTTTGCCCGGGCCCAGGTCTCGGCAACCGGGTGGCCCGCGAGAAGGTCCTGATCATCGCCGAGAAC
CP036296.1_gap46	1633541	1638421	4880	TTCGCCATCGTCACGATCACGACCGTCGGATTCGGCGACCTGACGCCCCTCTCGACCCTGGGCCGGGTCGTGACCAGCGTCCTGATGGTCGGCGGCATGTTCACGCTCGCGCTCTTCGCGGGCATCGTCGGTCACAGCCTGCTCAACGCTGTTCTCAGCGTGCGCGAGGAGCAATTCCGCATGGGAAGCTATTACAACCACGTCGTCGTCTGTGGCTACGAAGAGGGGATGCACCTCTTGATCGACACCCTCGTCGCCGAGTACGACCCGGACGAGACCAAGATCGTGCTGATCGCCGATCTGGAGCGACCGGCGGAGATTCCGGCAGAGCTCTATTGGGTGCGCGGGGATCCGACCAAGGAGAGCGAGCTGGACAAGGTCCGCATCGATCGCGCCGCCGCCGTAGTGGTTGCCGGGGCGCGCCGCAGCAGCCCCCAGCAGGCCGATGCGGTGACACTCTTGACCGTCTTCACGATCCGCTCCTACCTGGCCAAGCGCGCGTCCGACGCACCGCGCCAGAACGAACTCTACCTGGTGGCCGAGATCCTGGATTCGGAGAACGTCGAGCACGCGCGCGCGGCGGGGGCGGACGAGGTAATCGAGACCAGGCGCCTGGGCTTCTCGCTCTTGGCCCATGCCATCGAGCACCACGGAACGGCTGACACCCTGAGCCAAGTCGTCTTGCGCGGCGAGTCGTCGCTCTTCGCGGGCGCGCTGCCGGAGGGGCTGGACAGTGCAACCTACGGCGAGATGACCGCGGCGCTCGGCCTGCGCGCCAAGGGCGGGTTGGTGATCGGCGTAGCCCACACCGAGACGGGCGACGAGCGGGTCAATCCCCCCGAGGAGCTGCGCCTCGAGCCGGGGATGCACGTGCTCTACCTGGCATCGGAGCGGCTGCTCGAGCCGCCGAAGGCTCTCAGGCGGACCCGCCCCCGGCGGGGCGAGTCGGCCTGAAGCGCGGACCGCAGGGCGCCGCTCTCCACGCCGCGACGGACCCGACGATCAAGTCAAGTCGAGTCCCATGAAGGCGCTCGTCGGGCTCTCGACGTAGTCACCGAATGGGCCGCAGGTCTCGAAGCCGAGCTTGGAATAGAGGGCCCGCGCGGGGGCGAAGGCGTCCATCGCCCCGGTCTCGAGCAGCAGCTGGCGATAGCCGCGATGGCGAGCCTCGCGGATCAGATGGCGGGCCATGGCCTCGCCGATTCCCTGGCCTCGCTCGCTGGCCAGGGTGTGCATCGATTTGAGTTCCCCACGGTCCTCGCCCAACTCGCGCAGCGCCCCGATCGCCACCAGACGCTCCCCGCGCCGCCCGCCGAAGAGGGCTACGGAGCAATGGTCCAGACCGGCTCCGTCCAGGGCGTGGACGCCCTCGGGCGGAGTTGTTGCCCGGGCAAAGCCGAGGTGGACCTCGACCAGGGCACGCACGTCGTCGGCCTGCGGGCTTACGGTCGCGATCTCGAGGTTGTCCATGGAGCGGTGGGGGGGAGCCTGGGGTCCAAGTGCAGCGTCGGCGTGGGGGCGCCCTGCTGGGGCGACGCCGGGGCAGCTTACACGTCCCAAATCGAGGGCGGGAAGGCTCTGGCTCAGCTACCGGGTGTGCGTCGACGGGGTCGAGTCGAACCTGGACAAGCCAATGCCGGACCGAGTTCGGGACTAGCTCGAGACCTGATCCGGGAATGGCCCAGGGGCGATAGCTGACTTCACGTTCGCTATCGCTTAGCGGATAAGACATCCTTTTTGCCCGGGTCGGCCACTGTGTCGATTCGCTCTCCCCTACATCTAGAGTCCCCCTCTCTCATTCTCTCCACGGAATCAACATGCCCCAACGTGATATCAAGTCCGAGATCTCCGACCGTTTGAACGCCGTCATCGACGAGCTCTATGACCTGATCGCCGCCGCTGCCTCCGACGCCGTTCAGGAAGTTCTGGGGACGGCAGGTAGCTCTTCGAGCAGCCGCGGCACCGTCAAGCGCTCGACGAAGAAGCGCTCCGCCAAGAAGGGCGCGAGCAAGAAGCGTTCGACCAAGAAGCGCTCCGCGAAGAAGAGCGCGAGCAAGAAGCGCGGAACGAAGAAGTCCGGGCGCCGAGTGCGTCGCTCGACCGCCGACGTAGAAGCCGTTTCCAGCGCCATCGCAGCGCAACTGCGCCAGACGCCCGGCGTCAGCGTCAGTGAACTCGCCGCTTCGATGGGCGCCGACTCGGTCGACCTCAAGCGCCCGATCGCGCTGATGCTCGATGCCGGCAAGATCCGTAAGACCGGCGCCAAGCGCGGCACGAAGTACTTCGCCAAGGGCCGTAAGTAGGCCCGACCGGCGCTCGCCGGAATGATCGAGTTCCGTACATCGGAAGGCTCGATCCCCTCGAGTCCCAACCTGAGGAAGCTCGGAACGCAGCGCGCCGGATCAGCCGGGGCTGCGCCGGGCTTCCTGGCGTTCGGGGGCACGCTGGGACGAAGGGCGTGACGCCGGTCGAGCGAGCAGCGAGCGAGGGATCGCAGGGGAACCGAGGGAGCCCGGACGTCGCCACCGACGCCCGGGCTCCATTCACGGCCCTGCGGGATCGGACCCGCGTCAGTTGATGCTGAAGCTGTTGACCGTCACCGGAGCGAAGCCGCCCTGGATCGTCGAGATGCCGAACCCCTGCTCGATCGGGCCGAGCGGGATGGTGATATCGGGCAGGTCCACCTGGAGCGCCGCGCAGAAGCCCAGCTCGACCCCGGCGGCGAAGCTGAGGTCCCCGAAGTTGAACCGGAAGCCATCGAGCAGGGCGATCGTGCTGCCATTCGGCAGCTTGACTCCGACGGTCAGGCCGGCGATCCACTCATTGCCAGGATTGACCGGGATGGTCTCGGTCCAGTAGGCGTTCAGGTAGATCGAGTCGCCGCCCGAGTAGGCGCCGGGCGCGGTGGGGCAGGGCTTGGGGTTGAAGGCACAGCAGGCGCCGACCTCGACGAGCGAGTTCTCACCGCTCGGGTTGCTCGGGCCAGCTCCGATGCCGAGGGCGACCGTCTCCGCCGACGCCGGAGCGATCGGGAAGACCCGCGTCTTCAGCAGGCCCACGCCGAGGCCGGGGATCTCGACTAGCGTGCCTGCGTCGGCGTCAACCAAACTCACCACGGGCCGTGCGGCGCGGTCGGTCGGCGCCGGCTGTTCGGCTGCGACAAGGGCGGCGGCGAACAGCAACGATCCGGCGGCGAGGGCGAGGGATGCAAGTCTCATGGGGTTCTCTGCTTTGGAGTGATGCGAGTAGAGAGGAACGCGGGATCAGACTAGCGGCCCGCCGCATTCTGGGGCGTGCTAGATTGCCCACCTCAGAACTCCCCCGCCGGCCGAATGCTCCACGAAACCGCCCTTGAAGTGGCCGCAGCGAACCTGCGCCAAGTGCTCGACCACGCCATCGAGCACCGGCCCGAGTCTGGCGCTCTGGTGGTCTGGGACGGCGAGTCGGAGCTTTCCAACCTGCTGGCCGAGGCCTACCGACGCTGCCTGCCCCAGGCGCAGTTCGTGCGCTTCGACGGCGCCGATCCGCAGGCCGTGCGCGAGCTCTTCGAGGGGCTCGGCGCCGGTGACCTGGCCGTGCTGATCCAGTCGACCAGCTTCCGCCTCGACGCCTTCCGCATCCGCATCGAGCTGTTCAAGCGCGGACTGAAGGTGATCGAGCATCCGCATCTCGCGCGCATGACCGGCCCGCAGGCGCGGATCTACGTGGACGCCCTCGCCTACGACCGCGACTACTACCGCGGTGTCGGCCACGCCTTGCGCGAACGCATCGATCGGGCCACCCGTTGCGTCGTGGACAGTGGAGCTGCGGATGGTCCCCACGACCATTTGATCTTCCCCGTCGGCTTCGAGCCGGCGAAGGTCAACATCGGCGACTACACGGACATGGCCAACGTGGGCGGGCAGTATCCGATCGGCGAGGTCTTCACCGAGTCCGCCGACCTGGAGGCGGTCCACGGCCGCGCCCGCATCGCCTTCTTCGGTGACACGGCCTTCACGGTCAATCGACCCGAGCGACCGATCACGCTGGTCGTCGAGCGGGGGCGGGTGGTCGGCGCCGAGGGGGCCACGCCCGAGTTCGAGCGAGTCCTGGACCAGATCCGCGTGGACGACGGCGACGTGCGGGTGCGCGAGCTGGGCTTCGGCATGAATCGTGCGTTGACCAGCGAGCGCACGGTGAGCGACATCGGCACCTTCGAGCGCATGTGCGGCGTGCACCTCTCGCTGGGGGCCAAGCACGCCACCTACAACAAGGCCGACATCCGCAAGAAGTCCGCTCGGCACCACGTGGACGTCTTCGTGATCACCGAGTCGGTGCAACTCGACGGCGAGGTCGTGTACCGGGATGGAGCGTGGACCGTCTGAGCCGCCAGTCCGCGCGCCGCCGAGAGAAACCCGGCGACGCGCGGTGGAGAACTCAGGGCGTGTTGGCGTAGATCAAGTGACGCGAGGGTAGGGCGCTGCCCGTGAACGGCGGCGCGATCGCGGCCGGCAGCGCGACCGAGAAGTTGCTCGCGGTGTCGATCAGATTCTGGGAGAGCAGCGAGGTCACCGCCCAGCCAGCGGCTGTCGAGCCTCCGTAGTGGAACTCGAGGAAGTTGCCGGTCGACGTACCCGTGACGGCGCAGCTGTCGTGGTAGCCGAAGACCCCTTCCTCGACGAAGGCGCGCTCGGGGCCGGGGTAGGAAGCCGTTCCGGTCCAACTGCCGATGCTGGTGGTCAGCATGTGGATCCAGGGATAGCCCAGGACTGCCGTGTCGAGCGAGTCGAAGCGACTCGGCAGGCCGTCGGTCCCGAGGCAGCTACCGATGCCCGTGTAGAGGCTGATGGTGTTGCGAAGGCTCCCGAAGGCGAGGGGGCAGGTGCAGACCGCGATCAGGG
CP036296.1_gap47	1691659	1692783	1124	CGATCGCGGGCCTGTGCGGCCTCGTGCGGACCGGCGCGCAGGATCTTGAGAGCGACGTCCCGCTCCAGGTCGGGGTCGTGGGCGAGGTGCACCACCCCTCCACCGCCACGCGCGATCTCCCCCAGGATGAGGAAGCGGCCCACCTGCACGGGCGGCCGCACCTCTCCTGCGCCCGACGGTAGGCCGAGGCCTGGCTCGCAGCCGGAGCGGGACTCGGAATCGAAGGCCACGGCCAGGGCGCGCTCGAGGAAGCTGGGCGGAGGGGCCCCGTCGTCTGTGTGCTTGGCCATGTTGGGTGGGGGCGCAGGCCGTGCGTTCGCGCTCCGCCCCATACAGGTTCCGAGTGAACGAGGATCTCGCGCGGAGTTTCTGGCTCATTCGTCGATCAGCTCGACGAGGCGCTCGCTCTCCAACTCGATCTGCGCGGCCGTCGCTCCGGGGTGCTGCGAGCCCACGATCTGGAGCAAGTGCCGGTGGAACTCCCGCCGGGCCGTGGCGTACTCGTGGTGCAGGAAGGCCGCGTCCTGCCCCCCCTGTTCGGCGATGACGGCGATGGACTTGCCCTCCCCGAAGCGCTGACGCAGGAGTTCGAAGCGCGCGGCCTGGCGGCCCCCGTGCGCGCGGGCCGCCTCCTGGTGCAGGCGTAGGGCCGCGCGCAGGACGCCGATGGCGAAGGCGCGGTCGAAGGCCTGGGAGAGGCTGCGCTCGTCATCGGGTTGAAACTCCGCATGGAACGTCCCCCGCTCGAGCCGATCCGCCCGCCGGCGACCGCGCTCCTCGACCCGCTGGGCCACGTTGCGCACGACCCCGTAGAGGTAGCCGCGGAATCCGCTCGCCGCCCCGCGCTGCACACGCTCGAGCACGCCGCCGTCCTTGAGGCACTCGACGAAGACCTCCTGCTGCGCGTCATCGACCTCCTCGACCAGGGCTGAACTTCCCCAGCGCGCAAGCAAGTACGCCCGGATGGCCGGAAGGTACAGCGCTGCAAAATCCTCTCGCGCGCGCCCGTCTCCGTCGCCGGCGGCCTCGATCAGGGTCCAGCAGGTCTCCCGTTCCACGATTTCGAGTTTGGACGGTGCCTATCCGGCGCGCAACCAGGCCGCTGGGTGTCCGCGACGATGCGG
CP036296.1_gap48	1707026	1711543	4517	GGCTCCTCCCGTCCGGATGGAAGAGGACGGAATCGACGTTGCGTTCGGTTTCATAGGCCGTCGGCAGCCACTCGCTCAGCACGTTCAGACAGGCGCCCGTGGCGAGGTCCCAGACGCGCGCGGAGCGGTCCGCCGCGCCGGTCGCTACCCACGCGCCGTCGGGCGAGACGTCGAGGCAGCGGAGCTCGGCTGCGTGCCCGCGGAAGACGAGCCGGCCCGCTCCACCTAGGTCGAACCGAAACAGGTCCGCGCCTGAGGACACCAGGAATCCAGCGCTGTAACTCAGCATGGCAAGCAGCGCAACCGGTTCGTCGCCGACGGCCAAGTCCCATGCGCACCGACCGCTGTCCACGTCGAACTTCCGACAGCGCCCCGCCTTGGATCCGGTCAACAGGTGCCGCTCGTCGTACCAAGCAAGCTGGAGCACCGCGTCCGGCCCGGCCTCCAGACGTGCGAGCAGACTGCCCGAGCGAGCGTCGTGAACCAGGGTCACTCCGTCGGTGTCCGCCGTCGCCACACGCGCGCCGCCAGGCGAGAAGGCGGCTGCCACGATGGGGGCGGCGTGCCCGGTCAGCCGCGGCATCCCGACGTTGCCCTCGGGCTGGATGACCGACAGGCTCCACTTGTAGCGCACGAAGAGCTGCCCTGAGGCCGACCAGCGGACGCCATTCACGATGCCTTCATTGGCCCGAATGCAGGCGAGCTCCCGTCCGTCGGTGCTGTCCCAGACGCGTGCCGTCCCGTCGTAGCAGCCGGTGGCGATGCGCTGCCCGTCCGCGGTCCAGTCGATGCTGGAGACGGCCCGCGACTCGTGGCCCGAGAGCTCGAATCGCAGGCTGCCATCGGCCAGGTCGAAGACCCGCGCACCCCCGGACTCGGAGAAGCCCGGCTCGCCGGGATCGAAAGCCGTGGCCAGCTCCTTCCCGTCGGGACGGAAGGCGAGATCCTTCACGCTGCCGGGGTGCTGGAACAGGTACTTGCAGCGCCCCGCGGGGAGCTCCCAGACGCGAACCGTCGCGTCGTCGGAAGCGCTCGCGAGCAGCGTTCCGTCGGCAGAGAAGCGCGCCATCGTCACCCGCGCCTGATGCCCCTCGAGGGTTGCGGCGAGCCGCCGGCCGGGGACGTCCCAGAGCCTTACGGTGGGGTCCGGGCGGTCGGGAAGATCGCGTAGCTCCTTGACCCAACTCGCCAGCCAGCTTCCATCCGGTGAGAAGGCGAGCCCGCAGGGCGGACCGAGGGAACCCGCGAGTGTGCCGACCTGCCTGTCGGTCTCCGTGTCCCACAGGTGCACGAGGTCGTCGTCGCGGCCGCAGGCGAGCAACGAGCCGTCTGGCGAGAAGGCGACCGATCGCACCGCTCCCTCGCCGGCCGCGAGGACGCGCGCCTCGTACCCGTCGCGTCGGTCGTACAGCAGCGTGCGACCGTCGATGAGTCCGATCGCGACCTGCGTCGCCCCGTTCGTGACGTCGACGGCTTGGGAATGACCCGGCAGGGTGAGATCGAGGGCGGGACGTCCCCCGGGCAGATCGATCACGAGTAGGCGATTGCCTCGGTCACCGAACATGGCCATGGAGCCGCCATCGGGGCTGAATGCGGCCGCGTTGGCGACGTCCGGAATGAGGATCCGCCGTTCGACCTGCAGGTCTGCGAGGGCGCGAAAGAGGGCCGCACGGCTGTGAACCCCAGGCTCGAGATCGTGGGATGCGAGCGCCTGCTCGAGTGCCCCCACGGGGTCGCGCTCGAGCGAGGTGAGCGCCGCCGCGGCCAAGTTGCGACTCTCGGCGAGGCGCAGCGCAGCCTGCGTCTTCGCGCTCTCGAGCGAGAGCCCGGCGAGCGCGGCGGAGAGTCCGATAGCGGCCAGGGTCAGCAGCAGGACCGTCATCGCGGCGACCGGGTTGCGTTGCGTCCAGCGCCGCGAGCGCAGGAGCAGGCTCGATGGGCGGGCGTGGATCGGTCGCCGCTCGCGTACGCGCGCCAGGTCCTCGGCCAGGTCGAGGGCCGTCGCGTAGCGCCGGCGCACGTCCTTCTCCATGGCCGCGGCCAGGACCACCTCGAGTTCCGAGGGCAGGCTCGGGTTGTAGCGCGAAGCGCGTGGCAGGGGATCCTCGCGAATGGACCGCTCGAGCTGGAGCTGGCTCGGCGCGTCGAAGGGACGCCGCCCCGTCAGGCATTCGAACAGCGTCACGCCGAGCGAGAACACGTCGGTGCGACGATCGAGCGCCTCGGGCAGCTCCAGGAACTGCTCGGGCGACATGTAGGCGGGCGTGCCGAACAACTCGCCGGTGCGGGTCACGTGGTGCCCGCCGTCGTCGAGCGGGCGCGCGAGACCGAAGTCCAGCAGCACGGGTCGCCCACCATCGCCGCAGACGATGTTGGCCGGCTTGACGTCTCGGTGGAGGATGCCGGTTTCGTGTGCCGCGTGCAGGGCTCGGGCAGCGGCCTCGAAGAAGGCGAGCAGCCGTTCGAGCTCCTCGCGCTCGGTCGGCGTGCACTCGATAGAGCCCGAGGGGGCTCGGCCGCTGGGCCCGTCTCCCGTGAGCAGCTTCTCCAGCGTGGGGCCGGCCACGTACCGCATGGCCACGAACGGCGGGTCGTGGTCGAGGTGTGCCCGGTAGACGGCGCAGATGCCGGGGTGATCGAGGCCGGCGAGGATCCCGACTTCTCGCTCGAACCGGGCCCGCTGGGTCGCCGTCGGCCGCCCGAAGGTCGTGCGCACGACCTTGAGCGCGACCGGACGGGCGAGGTCGAGGTCCTCGGCCAGGAAGACGGTGCCCTGGCCCCCGTGACCCAGCTCGCGCAGGACTCGGTAGCCCGGCAGGTCGGGCAGCGGGATCGGGCTCGCGGCCGTGCCCGTCGACCGGGCCCGCAGGGCCTCGAACTCGCGCGCGACCAGCTCCTCGTGCCCCGGGAAGCGCCGGGTGTAGTGCTCGAGCTCCCTCGTCGAGCCCCGCTCGACGTCGGCCACGTAAAGCTCGAGGAAGTCCACCAAGCAAGCGGCTCGAGCGAGTTCGTCGTGGTCCATGGCGCTCGCCGGATGGGGAGGCCGGTAGGAGCGCCTCGATGCTATCCGGTCCCCGGCGGCTGTCCAGGGGGGAGGGCGCGGCCGGACGGGCGCCCTGGGGGGTGGCTTCGGGGCGCGCCGGAGGTGGGGGGCGAGGGCCTGCGAACAACCCGGAGATTCCTGTCCCACTGGTCCGCGCGCTTACGACCAGTCGTCTGTACGCCCCGGCCGACAACCCCCGATTCAGCCCACCAACATGCGTGGGACAGGAGTTCTCCCCATGAAGATCATCGCCCTGCTCACCTGCCTCCTCGTCCTGCAGGTTCCCGACGCGATCGCCCAGGCGAGCGATCGTTCCATCGAAGCTGTTCAGTTCCTGCCGGGATCGACGCCGGGAGAGGTCTTGGTCGAAGTTACCGTTGGGCTCGATTCTTCCGATGCAGGTCAGCCCAAGGACCTGAGTTTCGTGCTCGACGTCTCAGTGCCAGGCATTCCGGCTTGGTCGGGACTTGTCGCTGCCTCTGACATCGAGAACAACTGCAGTTCGTTCCAGTGCGAAGCGTTGCTTTGCAAGTACTTCACTGTTGGGTCGGGCACCGGTGCCATCGTCGACGCTCCATGCACGCCTCTCGTTGTTGGAGGGTCCGATTGTGGCTGCCTGGGGAAATTCAGCGCGGGCCTCAGTACGAGCATGCAACCCGGTTCGTCCGTGACCGTGCAGGTCATCGCAGCGCCGTTCTCCGAGCCGGACACGGACAGCTCAAACGACGTCTTCACGCTGCCCTTCGACAAGTGGTTCGGCCTCGAGGCCCTCTCGACCGACAGAATCACGGTTCCCCTTACCACTGGCGGTCCCCAGGTCCTGTACCTGGACGCCGGCGCCGCCCACGCCGGTGAGATCTACCTCGTGATCGGATCGGCCAGCGGGACGAGCCCCGGGGTCGTCTTCGGCAACGCGACGATCCCGCTCAACTTCGACGCCTACCTGCAGACGACCCTGCAATCGATCAACACGCCCGTCTTCGCCGGCACCTTCGGGATCCTGGACGGCACCGGCCAGGCGTCCTGCTCGATCAACGTCCCGGCCGGCCTCTCGCCGAGCCTCGCCGGCCTCGGGCTGCACCACGCTGGCCTCACCTTCGACTTCAACGGAGCGCTGAAGTTCGCCAGCAACCCCGTTCCGCTGACGCTGACCGGTTCCTGAGCGGCCAGCCTTCGGGCGACCTGCGGCACTCCGTCTCTTCCGAGGCGGAGTGCTTCCCGTTCGGGCTGGGTCGATCGACGGCACCGACCACGACTTGGGCGGGTGCTTCTGCGGTCGCCGCTCAGGCGCCTGAGCAATCTGGCGGTCTTCTGTCCCGGTCGTCCGCGCGACCGCGAATGACCTCTTGGAAGCACTCTCCGATCCTTCAACCCAGGCCGCGATCGACGCGGCACGGAAGACCTCGCCATGAAGACCATCATTCGCCTTGCGGCTCTCCTCGCCACCTCGACCCTGTTGCTCGGCAACGCGCAA
CP036296.1_gap49	1713628	1717731	4103	CGAGGCCAGCAGCAGCGACCCCGTGGCAAGGGGACGGAGGGGGAGGTTCAGGCTGAGGCTGGAGGTGCGGTCGAGAAGTCGCATGGCAGTCGTGGAGGTGGTTCGCGAAGTCGTTGAAGGCATGTCCCTCACCGGCCTGATGCCGATGAGGGACCCCGCAGGGGGCGGTGGCGGGCCTGGGTCAGGGGACCAGCTGGACCGCCACCGCGTCGGTGGTCGCCGAGACCACGAAGGCCGTGAAGTCGAGCACCACCGCGGCGTGGTTGGCGGTCAGTCCCGCCAGGGAGGGATCGAGGCCCGCAGCGAGCGTCAGGGCGCAGGACGCCGAGCCGTCGCCGTCAAGCAGTCCGGTGGTGCCGCTGAGGCCAAAGGCGGCCGGCGCGGTCAGCGTCCCGATCGTGTAGGCGTCGGGGTTCAGGGGCAGCGTGAGTCCATCGAGCACCAGACCCGGCTGGGTTCCGCTCAGGCTCCCGAGCAGGACGTAGGTGTCGCCGGCGTAAGCGGCACCGAGCAGCAGGCTCAGCTCCTGAACGCCGCCCACGGCGGTCGAGATCGACGACCAACTGGCCGCGGTCCACTCGGACTCGAGGGCATTGCTGCGCTGGTAGAGGGTGGCGAAGGGGAAGGCGCCCACGTCGGCCCGCGAGCCGTCGGGGTCGAGAGCTGTCGGGTCGCCGGCGTCGATGCACGGCGACGTCGCGCGCAGGTGCAGATCGGCCGAGTCGAGGGCGTCCGCGAACTGCGGGTCGGCGTCGAAGTTGCCGATCCCGGCCGCGCCGCCGGCCACATCGGACCAGGTCACGACGGGGTCGACGCCGAGCTGGTCGGGCAGGTTGTCGCGCACGATCGAGTTGCGCACCACCGCCGCGCCCCAGATGCCGCCGGCCTCGGCCTTGTTGGCGGAGGCGCTGTTACCGACGATCGTGCAGCCCTCGATGGTCGTGCCCGACGTGGCCCAGACGCCGCCGGCGTAGCTGCCGAAGACGTTCCCGAAGCCGACGTTCTCGACGATCAGGCAGCCCTTCAGCAGCACCTGGGCGCTCGAGTGCACGGCGACGCCCGCGCCCTTGGCCGGATCACCGAAGACGATGCGGTTGCTCGCGATCACGCAGTCGACGATCGACGCGCTGCCGCCGGTCAGGTAGAGGCCGCCGCCCTGGGCCGAGGAGGCGGTGTTGTCCGCCACGATGCACTCGGTCATCTGCGGCGCGCCGTAGACGCCGCCGCCGTGGGTCAGGGACGCGGAGTTCTGCAGGATCGAGCAGCGCGTGAGGATCGGGTTGCCCGAGATCCCCCCGCCGAACTTGCCGCCGTTGCCGCGCACGATGCAGTCCTCGACGGTGGGTGTGGCCCCACCGGCGTTGATGCCGCCGGCGCCGAGCGAGGCGAAGCCGCCGGTGACGGTGAATCCCGCGAGGCGCGCGTCCGTGCCCTGGCCGGGCTGGAAGCGGACGACCGGTCCGGCCCCGCCCCCGTCCAGGGTGGTCGCCGCGGCGCCGCCCAGGCCGAGGACCTCGATGGCCTTGCCGGAGAAGTCGATCTGCCCGGTGTAGACGCCGGGCTGGACCAGGACGCGGTCGCCGGGGGAGGCGGCGTCGATCGCGGCCTGGACGCTCTGACCGGGAACCACCAGGAGGTCGGCGGCGCCGGCCAGGCCGTGCAGCGCGGCGGCGGCGGTGAGGGTCAGCAGGGCGGGGGTGAGCTTCATGGGAGGGGTCTCCGATCGAGTTGGCGGTTGCCCGACGCCCCTGAGGGGCGCAGACCGGGCACTCAGTAGGAGGCACGGATCAAGATCTCGGTACATGACAATCCTGATATCTCGTCTTTCCGCCAGTTGCCCGCTCGATGGGTGCGAGCGTCCGCTCGGCGGGACCGACGCCATCCAACTCGCTGGCGCGTGGCGACCGACTACATGGACTCCTGGGGTGTCCGGGTCGAAGACGCGAACCAGATCCTGGTGTGCCGTGGAGTCGACGATCCGCTCGACTTCTCTGACCATGCGTTCGTCCGTATCGACGTGGACGAAAGGGGGGGGCTCGGCGAGACGGTTCTCTGTCGGCAAGGCCATCTCCTTCCCGGTCAGGCGGAGATCGTCAACGACGTCAAGTTCAGCCCGGCGGCAAACGCCTTCGACGAGGGCGGCGAAGTTCACTTGCCCGTGGACCGGGAGGGATCGTCCGCTGATGCCCCTCTGCCGGAACTGGGTCCGATCGGACAGCCGCACGCTCCATCGCCGGGTCTGCTTCGCCACTGGTATGACCTCGGCCGCGACAAGGTCGCACTGATCGTCGTGACGACACCCTCCGCTACGGAAGGCTCGACGTCATGACGGTCGCGGTCCTCGCGAAGAACGGCGGGCTCTTCGCCGGAGAGGCACCTTCCTGGGGGGGGCTGATCGCCGCGCCGCCGACGGCCGTTGGGGCGGATCTCGACCGTGGTCTGCGCCAGGGCGAGACCGGGATCGACGAGCGTGGGTGGGGTGGACGGTCGAAGCCGCTCGACCGAGCGCCTGGCTCCCCCCTCGGTCGCGACTCCCACCCGATCAGGGAGCTCCCAGGGCAGCCCCGTGGGAGCCGGTATCGTGCTTCCGAGATCCTCGGTGCTCGCGATCGAAGCGCACCAAAGGCCTTCGCATCACCTAGTCTCCGTCGGTGGCTGCGCTGCAACTCCTCCGAGTCTCGACGAGCGCGGATCGGCGGTCCGCATCGAAGACACCATGACCTTGCTTCTGACCTTGCTCGGGTTCCTGATCGGCCTCGCGAGCGGAAGCACGGCGACGGGCCTGATCGGGGCAGCCGCTGGCGCCGGACTCGGCGTCGCTGTCGCGCAGCGCAAGACGATCGCTGCCCTGCAAGAGGACGTGCGGCGCCTGCGGGAGGACGAGCGGTCGTTGAGGGCGGCGCTCGACGAGTGGGGGCAGCGCTTGCCGGGCGAAGGTGCCGCCTCGGGTCCGCCCAAGCAGCCGGCGAGCGCAGTCCCCTCCAACGCGGAGGTGGAGGCCCCGACGGCACCCGACAGCCAGCCGACCGCTCCGCCGTCCGCGGCGGCGCAACGGCCCGGGCCGACCTCTCGACCGCGGCCCGCTCGGCGGGAGTCGGTCGTGAAAGACCTGTCTGGGGAGGCCCGGGAGGCGAGCCCCACCGTCACGCTCCGGCCTCCCCCGCCGCCGGGCCCCTTCGACCGAGCCATCGAGCGCGCGACCGCTGCGGTGCGCGAGTTCTTCACCGGGGGCAACACGGTGGTCCGCGTGGGACTGCTGGTCTTGCTCGTGGGCGTCGTGCTGCTGCTCAAGTATTCGGCCGACCACGCGCTGTTCCCGATCGAGCTGCGGATGGCCTCGGCGGCCCTGCTCGGCTTCGCTCTGATCGCCACGGGCCTGTGGCAACGGGTGGCGCGGCCGAGCTTCGGGTTGCCGCTGCAGGGTGCGGGGGTGGCGACGCTCTACCTGGTCGTCTTCTTCTCGCTCAGGGCCTACCAGCTGCTGCCGGCGCCCCTGGCCTTCGGTCTGATGGCCGGGGTGGCCCTCGCCAGCGGGGTGCTCGCCGTGGCCCAGAACAGCCTGGCCCTGATCGTGATCGGGGTCTTCGGTGGCTTCATGGCGCCGATCCTGGCCTCCACCGGCGGCGGCGATCACGTGGTGCTCTTCAGCTACTACCTGCTGCTGAACCTGCTGATCGTGGCCGTGGCCTGGTTCCGGTCCTGGCGCCCGCTCAACCTGCTCGGCTTCGCGTTCACCTTCGGAATCGGGACCCTCTGGGGCGTCACGAGCTACCGGCCGGAGCACTTCGCGAGCACGGAACCGTTCCTGATCGCGTTCTTCCTGCTGTATGTCGCCATCGTCGTGATCTTCGCCCTGCGGCGGCCAGCCGACCTGAGGGGCTGGGTGGACGGCAGCCTGACCTTCGGGACGCCGCTGGCCGTCCTGGGCTTGCAGTATGCCCTGGTCGAGGACCGCCCCTTCGGGATGGCGTACACCACGTTGGCCATGGCCGTCGTCTACGTGGGCCTGGCCTTCGTGCTCTACAAGCGCGCGCCCAGGGTCATGCGGAACCTGGTGGAGGCCTTCCTGGTGCTCGGCGTCGGATTCGCGACGCTGGCCGTGC
CP036296.1_gap50	1822020	1823687	1667	CCACCGCCAAGGGAGACGACCGGATCCGCCTAGCTTCCCTGGCCGGTCCGACCTCCGAGCCCGTCGCCAAGCGCAGATGGCGCGCCCCGCGATCGACCTCGGGGCGACGGTGGGGCCCGCTCGCAGCTCGCGATCGGACCCCGCGCGAGTCAGGCTCGATCAGGGCAACAGGTTCAGGGGCAGGGCGTTGGTCACCAGGGCCGGAACGAATTGGCCGTCCAGAATGACTCCAGCGTGGTCCACGTGCAGGCCGGCCAGGGTCGGTGCCGACCCGACGGGCAGGCTGAAGTTGGCCGAGCCCTCACCCGCCGCGTCGAGGGTGCCGACGCCGTTCTGGAGCGGGGACCCAGCGCCGCCGGCCAGGGTCAGGCTGAAGTAGGCGTCCGGCACGAGCGGGACGGTCAGGCCGCCCCCCAGGGGCAGCCCGGGCGAGGTGCCGCTCACGCTGCCGGCCAGGACGTGGATTCCGCCGCCGAAGCCCGCGCCGGCATCGATCTTGATCGATTGGTTGCCGCCGGTGGCCACGCTGATCGAGAAGCTGCTCGACTGCAGCACGCCCAAGAGCGGGTAGGTGCCCACGTCGCTGGTCGTGCCGTCCGCATCGACCGGCGCCGACGGATCCCCGGCGTCGATGCACGGCGAGCCGGAGCTCAAGTGGTAGTCGCCCCCGGCCGCGTCGACGAAGAGCGGGTCGGCGTCGAAATTCCCGCTGCCCGGGGTCGGTTCGGAGACGTTGGAGTAGCTGACCGCGCCGGTGAGCAGCAGCTGGCCAGGGACGTTGCCGCGCACGATCGAGTTGGTGATCGGACCGCCGCCGTAGATCCCGCCGCCTTCGCAGGAGCCCGTGCAGGGGAGATCGAGGATCTCGTTGTCCACGACCGTGCAGTGGTCCACGCTCGCCGGCTCGAACAGACCAGCGCCGCGCACGGGGATCCCGCCGAACGGCTGGACGCGATTGCCCGCGACCAGGCAGTAGGACAGGCTCGCCGGCCCGGCCACGCCGCCGCCGGAGTAGGCGTCGAAGCCCGTGAGGTTGTCGACGATCTCACAGTCGGCGATCGTGCAGGGCCCGGTGGCGAAGACGCCTCCGCCCTGGTTGTAGTAGCTGAGGTTGCCGGCGATGCGGCAGCCGTAGAGGTCGGCGTCGCCGTAGACGGCACCGCCCGCACCGCCGACGTTGTCCACGAGTTCGCAGTCGATCAGGATCCCGCCGCCGCTGAAAGCGCCGCCCAAGCTCGCATGGTTGTCGCGCACCACGCAGCCTTGGATGATCGGCGTGGCGCCCATGGCCCACACCGCCTGGCTGGTGATCATCGAGTCGGACCCGGTCACCGTGAAACCGGTCAGCCGGGAGCCGGCCGTCTCGCCGTCGTCGAAACGCACGACCGCGTCGGGTCCGGGCGGGCCGTCGATCACGGCCCCGGTGCCGTCGATGATGGTGGCCTGGGCACCGGCGGCGCTGATCAGTTCGATCGCCTTGCCCCGGAAGTCGATGCGCTCGTTGTAGGTGCCCGGCTGGACCAGGACCGTGTCCCCGTCGAGGGCGACGTCGATCGCCGACTGTAGGGTCGGGAACTGGCCGGGGACGTTCAGGACCGACTGCCCCAGGGCGGGAGCGGCGATGACGGCCAGGGCGAGTAGGTGGGCACAATGGGGGCGAATGGGCT
CP036296.1_gap51	1837765	1840096	2331	CCGTGTACCATGTTCCGCCCTCCGAGCCGGGGGGGAGGGCTTCCTCCCCCAGAGCCGGCGGGCTCGGCGCCAACGCCGGCCTCCCCTCTCCCGTAGCCCCCTCGAGCGTCCCTGTCACGCGGCCGTCCGGTCGCTTTCGTCCTCCGTGCGGGGACTTCCGCCTCGCCCCGCCGCGAGCCAGACCCATGAAGCAGCTTCCCTTCCTTCGCCGCCCGCTCCTCGCAGTGGGCGCTTGCCTCGCCACCGTCGGGCTCGCCGGCGCGACTCCTTTCTTCGTCGCGAGTCCCGTTGCGGCCGCACAGGAGGCTGGCACGCAGGCCGCGGCGGTCCGCCTGGACGCCCTCGCGGTGACGCGTGCGGTCGAGTCGGCCGGTGGCACCGCCGCGGCCCAAGAGGCCCTGGTGATCCCCGAGTCCGACGTCCATCGGGCCCTGGTCTACACCCTCGGCTCGACCGAGCTCGAGTCGCGCAAGGTCAACGTCTACATCGACGAGGAGATCCGCCGCCAGGTCGCCGAGGGCGCCGAACGCTCGGCCTTCGACGTGACCGACGAGGAAGTCGCCGCGGCTGTCGAGGACACCCTGCGCCAGATCAAGGAGCAGTACCCGACCATGGCCGAGGAGTCGGTGCTGGCGCACAACGGCATCCAGATGGAGAGCCTGGGGCGCATGACCGCCCAGTCGAAGCTGTTCGAGCGCGTGTTCCTGCCCGACGACCCGTCCGAATGGCCGGCGACCACCCGCGAGGCGATCAAGGCCAGCGCAGGTGACGAGTTCCTGCAGCGACTCGAGGAGTCCCACGCCCAGCGCCAGGAGCTCTTGGCCAGCGGCGACGAGGCCGCCGCGGCCCAGCAGGAGGCCGGTCAGGCCATGTTCCGCATGTTGATGCGGCAGATGGTGATGCAGAGCCTGAACTCCAGCAGCGAGATCGAGACCGCCAGCGACGGCCTGCCCGAGGGCGTGGCCATGCGAGTCAACGGCGTCGACATCAAGACCGAGGACATCTACGCCTCGATCGCCGGCCGTGTCACCGACCACGACCGCCACCTGGCGGAGCAGTGGGTCACCAAGTGCGCCTTGCTCGAGCGGGTGCTGAAGTCCACCGGCAACTACCTCTCCGACGAGGACTTCAAGGCCGCCTACGACGCCTATGAGGAGCCCTACAAGGGCTCGCCCCTGAACCTCGAGGTGATCGTGCGCAGCTTCAAGCGCTTCCCCTCGATGGAGGCCTTCCGGCGCTACTTCCGCCTGATGAAGTCCTACGAGGCCATGATCGGCGAGGAACTCACGGACGAGACCCTGACCGAGCACCTGCCGCGCGCCAACCGCTTGATGGGCGTGGGTTCGATCGACGTCGAGTTCATCCTCTGCAGCGCCTTCGACTTCGCCAACAAGCAGTGGCTCGAGGGCGGCTGGAGCCAGGCCGCGGCGGAGGCCCGCACCGTGGCCCAGGGCCTGGCGGACAGCGCCGGCGAGGACTGGGACGCCCTGCTCGCGCAGCACTCGGACTTCTGGGACCCGCCGCTGTCGACCACGCCCCAGCAGCAACAGCCCAAGCGCAAGAACCAGGGCCGCTTCGGCGCGCTCAACCGCAACGAACTGCTGCAGTACCTGGAAGAGAGCGACTACACCTGCTTCCTCGAAGGCTGGTCGGTGGGCGACGAGGTCTTCTTCAGCCTCGAGCCGGGCCAGCTCGGCGGTCCCTGGATCGGCCCCTACGGCTACTACTTCGCGCGGGTCAAGCGGCGCATCCCGCCCAGCAAGATCCAGAGCCTGGGTGACCCGACCTTCCGTGACATGGTCGTGCAGGACTACGTGGCTGTGCGCTTCAACGAGTTCGCGCGGGACATCTACGAAGCCGCGACGGCCGAGGGTCAGTGACGCCTGAGCGTCCGTGAGGGGCGTGGGGAGGGCCAGCCCTCTCCCATGGCCAGCCGGGCGAGCTTCGACTGCGACCGGGGGATCGGCGTCCAGGACGCCGATCCCCCGGTGCAATTCCGGCCGATGTACCTGCCCGCGGGCGGAATGCCGCAGAGCGCGTGAGAGATTCGCCCCCCGCCTCGGCCTATCCTGTTGACCCCGTGGACAGCGATTCGAACCTCAAGAGCTTCTGGGCTCTGATCAAGCCCCACGCGCTGCCGCGCCTGCCGTGGCTGGTGGCGGTGATCCTGCTCAGCTCGGTCGGCAGTGCGGGGCTGGCCTTCGCGTTGCTGCTCGCGAAACCGATCCTGGGCGTGCTCTTCCAGGGCTCGACTTTCAACACGATCGGACTTTCGACGGCCGGCGAGTCGAGCTGGTTGGACAACAACCTCGCCAGCCTGGCCCAGTGGAT
CP036296.1_gap52	1948297	1949814	1517	TCCGGCCAGTTCGACGCCGATGAACGGGTTGCAGGGCGAGCGACTGCGCAGCCAATCTGCCTGAAGGGGGCCGGTGATCGACGGATCGACGATGGCCAGGTCGCCGTCCACGCCGACTTCCACCAGGCCCTTGCCCTCGATGCCGTAGACCCGCCGCGGGCCCTCGTTGACGCCGCGCAAGAGCCCGGCCCAGTCGAGCCAACCATCGCGCACCGCCGTCAGGAGTAACGGCAGAGTGGTCTGCACCCCGGGGATGCCGGACGGCGACTGGGGGTAGGGCCGCGCCTTCTCCTCGGCGGTGTGGGGCGCGTGGTCGGAGCCGATGCAGGCCGCGAGACCGTCCGCGAGGGCCGCGCGCAGGCGATCGCGGTGGCGCGCGTCGCGCACGGGCGGGTTCATCTGGGCCCAGGACCCGTGCTGCTCGTAGCAGTCCGGCGCGGCCAGGAACAGATGGTTCGGCGTCAGCTCGAAGGTCACCAGCTCGCCCAGGTCGCGCTCGCAGATCAGGTCGACCTCGTCGGCGGTCGAGACGTGCAGCACGTGGACCGGGCGCCCCGTGCGCTCGGCCAGGTCGAGCAGGCGCGTGGTCGAGCGCACCGCCGCCTCGACGCTGCGCACCTCCGGGTGGCGCGTCACGGGCTCGTCGCGACCCAGGGCGCGATAGTTGGCCTCGAGGGTGTCCTCGTCTTCGGAGTGGAAGGTGACGCGCCGGGTCCCGCTGCGCAGGACGCGTTCGATGGTCGCGTCGTCGCGCACCAAGAGGCCGCCCGTGGACGAGCCCATGAACAGCTTGATCCCCGCGCAGCCGGGCAACTGCTCGAGTGTCCCCAGCTCGTCGGCGTTGTCGGCGGTGGCGCCCACGAAGAAGGCGTGGTCGCAGTGCACGCGGCCGGCCGCGCGTTCGAGCTTGTCTTCGATGGCCGCCGCATTCACCGTCGCGGGCTTGGTGTTCGGCATCTCCATGAAGGAGGTCACGCCGCCCGCGAGCGCGGCGTGGCCGCCCGAGGCCAGGTCCTCCTTCTTTTCGAGGCCCGGCTCGCGGAAGTGGACCTGGGGGTCGATCGAGCCCGGTAGGACCAGCTTGCCGGAGGCGTCGAAGCGCTCGATCCCCTCGGGAACCTCGAGCTCGGTGCCCACGGCGCTGATGCGCCCGTCCCGGATCAACACGTCGGCGCGGGCCGGACCGGCGGGGCCGACCACGCGGCCGCCGAACACGAAGAGATCGTTCATCGAGGGATTCAGGGCAGGCGCAGGTCGACCCGCCGCGGCGGGTAGCACTGGCGGTCGTCGCAGACTTGGTAGGAGACGGAGAGGCGCACTTGTTCGGGGTCGCCGAGGTCGCCGCGCAGGGCCAGGGGGATCTCGATGCGGCCTTCGAGCACCAGCAGGATGACGTCGTCGAGGGGGCCGGTGAAGGGCTCGCCGTCGGGGAGCGTGGCCTCGAGCTCGACGTCCGGCGCGCCACTCAGCTCGAGCTCGAGCCCCGCGAGGCCGATGGCCCCGGGGTCGGGCGCGTT
CP036296.1_gap53	1955807	1958615	2808	ACACGACCTCGGTGCGCCGCGCCAACGAGATCGCCAGCCGCGTGCGCGAGCAGGGTTACTACGAGCGCGAGGGGGACGAGCCCTGGGGCGAGATCGTCAAGGACGCCCAGGGCAAGGCCGTGCGCACGCCGGGCCGCCTGAAGCACGTCAAGGGCATCGGTTGGTTCATCGAGGAGTACGGCATCGCCCAGATCTCCATGAACCTCACCAACATCACGGCGACGCCGGTGCACGAGGCCTTCGATGCCGTGGTCGAGGAGGCTGCCTCGCGCGGGGTGCGCGTGACCGGTTCCGAGCTGGTGGGGCTGATTCCCCTCTCGGCCATGCGCGCGGCAGGGCGCCACTACCTGCTCAAACAGCGCCGCTCGACGGGTGTCTCGGACGCCGAGCTGATCAAGATCGCGATCAAGTCCATGGGGCTCGACGAGCTGGGCCCCTTCGATCCGGCCAAGCGCATCATCGAGTACGCCATCCGGCCCGCGGGCAAGCGCCTGGTCGACCTGACCCTGCGCCAGTTCGTGGAGGAGACCGCGTCGGAGTCGGTGGCGCCGGGCGGCGGGTCGGTCGCCGCGGCCCTGGGAGCCATGGGCGCTGCTCTCGGCACCATGGTCGCCAACCTGACCAGCCACAAGCGCAGCTTCGAGGAGCGTTGGGAGACCTACTCCGAGTGGGCCGAGCGCGGCAAGCGCTGCCACGACGAGATGCTCGAGCTGATCGATCGCGACACGGACTCCTTCAACGCGATCATGGCCGCCGGCCGCCTGCCGAAGGGCACGGCGGAGGAAGAGCGGATTCGCGCCGAGGCCATGGAAGAGGCCACCCTGGGCGCGATCGCGGTGCCCTTCCGCACGATCGAGGTGGCGGTGGAGGCGCTCGAGGTCTGCAAGGCCATGGCGGAGCTGGGCAACCCCGCGTCCGCGTCCGACGCCGGCGTCGGCGCCCTGTGCGCGCGGGCAGCGGCCCGCGGCGCGCACCTGAACGTGCGGATCAACGTGCCGTCCCTCGCGGACCCCGCCAAGGGCGAGGACTTCGTGCGTCGCGGCGCCGAACTGGTCGCGCGCACCGAGGAGCTGGAGCGCGAGACCCTGGCCCTGGTCGAGGCGAACCTGTGATGGAGCGGCGGTGGTGAAGCAGCCCGAGCAGCCCGAGCGACCCGGCCTCGCGCGCGAGGTCGTGGACGGGGTGAAGCAAGAGCTCGCCGACGAAGCCCGCGCCTGGGCGGCCTGCGCCAAGTGGGGCGGCCTGGTCGGCGGCCTCGTCGGAGCCGTGGCGGCCTACTTCATGCTCGGCGGTCCGGGCGTCGGCATCGGGCTCTTGGTGGGCATCCCCCTCGGCGCGCTCCTGGGCTGGCTCGGCTACCTGGCCGTGAACTCCGACCTCTCGCCCTTCTGATTGCAACCCGCGGCGCCCCCAGCGCGGTGCGCCCCAGCTCCACCCGACCCATTCCATGTGCGGCATCTTCGCCCTGATCGGGCACCGTCTCCCGGCCGCCGAGGCCCGGGCCGTGGCCGTGCGCCAGGGCAGCCTCCTGCGCCACCGCGGTCCCGATTGGTCGGGCGCCTTCGCCGACGAGCGCTTCGCCCTGGCCCACGAGCGCCTGTCCATCGTCGACGTGCACGGCGGCGCCCAGCCCCTGCGCGGTGAGGACGGGCGGCTGCTGCTGGCGGTCAACGGCGAGATCTACAACCACACCGAGCTGCGCGCGGCCAACCCCTGGCCCTACGCCACGGGCTCGGACTGCGAGGTGATCCTGCCCCTGTTCCGGTCGAAGGGGCGCGAGCTGTGCCGTGACCTGCGGGGCATGTTCGCCTTCGTGGTCGTGGACACGGTCAGCGGCCACTGGATGATCGCGCGCGACCACGTGGGGATCATCCCGCTCTACGTGGGCCGCACGGCGACCGGCGGCCTGGCCGTGGCCTCGGAGATGAAGGCCCTGATGGAGGTCTGCACCCACGTCCAGGCCTTCCCGCCCGGCCACGTGCAGACCGACGCGGACGAGGCTCCGCAGCCTTGGTACGTGCCCGAGTGGCGCGACTTCGACGCCGTCGAGGCCGCGGCGGGCGACGCCAGGCCCGATCCGGCGGCCCTGCGAGAGGCCCTGTGCGAAGCGGTCCACAGCCACCTGATGGGGGACGTGCCCTACGGCGTGCTGCTGTCGGGCGGGCTCGATTCCTCGGTCGTCGCCGCCGTGGCCGCGCGCCAGGCCGCGACCCGCGTGGACACGGGCGACACCGAGCCGGCCTGGTGGCCGCGGGTCCACAGCTTCTGCATCGGCCTGGAGGGCTCGCCGGACCTGGCCGCCGCCGAGGGCATCGCGAGGCACATCGGCACCGCCCACCACGGCTTCACCTTCACGGTCGAGGAGGGCCTCGACGCCCTGCGCGACGTGATCTGGCACATCGAGAGCTTCGACGTGACCACGGTGCGCGCCTCGACGCCCATGTTCCTGATCGCGCGGCGCATCAAGTCCATGGGCGTCAAGATGGTGCTCTCGGGCGAGGGCGCGGACGAGATCTTCGGCGGCTACCTCTACTTTCACAAGGCGCCCGACGCCCGCGCCTTCCACGAGGAGACCGTGCGCAAGGTCTTCGATCTGCACAAGTTCGACTGCTTGCGTGCCAACAAGTCCATGAGCGCCTTCGGCGTCGAGGCGCGCGTGCCCTTCCTCGACCGGCGCTTCCTCGACTACGCCATGGGCATCCCCGCGCGGCACAAGATGGTGGGCGAGCGCAGGATCGAGAAGGAGCTCTTGCGCCGCGCCTTCGACGGTTGGCTGCCCGATTCGCTGCTGTGGCGCCAGAAGGAGCA
CP036296.1_gap54	1975889	1977378	1489	GGCTACCTGCTCACCGGCGGCCTGGTGTTCGAGTTGAGCCAGGGCACGCGCGAAGTCTTCCAAGGCAACGGCGACGGCGTGCTGCGGCCCTTCGTCAGCGGCGCCTGGGACCGGGAAGAGCTGGACCTGCTCTACACGCTCGGGCTGAACTACCCGCTCGACGACGACGCCGAGAGCACCTCCTTCGACTTCCACCTGAACGCGACCTACGCCGCCACCGAGAACCTGCGGCCGATGATCGAGTTCAACGGGATCCACTACATCTCCGACGGCTCGGCCGCACCCTTCGACTTCGAGGGCGTCGACGTGGTCAACCTCGGGTCGAACGATGTGGCGGGCAACACGATCGTCACCGGCGCCATCGGCGGTCGCTGGCTGATTGGCGACAACGCCTCGATCGGCCTGGCCTACGAGTTGGCCCTATCGGGACGCCAGGACATCTTCGACGACCGGGTCATGCTCGATCTGATTCTGAAACTCTGACCTCTTCGAGGTCGAGCCGCGCGCAGCTCCGTGATCGCGCGCGGCCAATCGAACCCTCCGTCCGCAGTCGTCGTGTGGCGGAGGTAACCGAGGGACGGTGGGCCCCGTCGCGGCAACGCGGCGGGGCCTCTTCCTTGTCCGACGCGAGCGCGCCCGTTCAGGCCGTCTCGGACGGTTCGAGCTCGGGCCGCTCGATGGTGGGCTCGAAGCGCGCCAGGCGGCTCGCCATCACGTCGATCGCCTCGGGCCGCGAATCGACCAGCAGGCAGCGCCGATCGTGCAGGGCCGCCGCCTCGCCGGTGGTGCCGCTGCCCGCGAAGAAGTCGAGCACCAGGTCACCGGGACGCGAGTGGACCTTGACGATGCGCTCGAGTACGCCCAGGGGCTTCTGGGTCGCGTAGCCCGTGCGCTCCTTGCCGGTCGGGCTGACGATCGTGTGCCACCACACGTCGGTGGGCGTCTTGCCCCGCGCGGTCTTCTCCGGCCCGACCAGGGTGGGGGCCATGTACGGAATGCGGTCGACGGCCTCGAAGTCGAAGGTGTGGCGCTTGGGATCGCGCGTGTACCACAGGATCGAATCGTGCTTGGGCGACCAGCGCCGCTTCGAGCGCGCGCCGTAGTCGTAGGCCCAGATGATCTCGTTCTGGAAGCAGTTGCGCCCGAAGACCTCGTCCAGGGCCACCTTGCAGTAGTGGGACTCGCGGTAGTCCACGTGCAGGAAGAAGCTGCCGGCGGCGGTCAAAAGGCGCCAGGCGTGTTCGAGCCGCGGGCGCAGGAAGGCCTGGTAGTCGTCGAACTGGTCCTCGTAGCCAGAGCGGCCGAGTTCGGTGGTGCGGTAGCGATGCCCGCCGAAGCCGGTGCGATCGCCGTGCTCGTCGCGGACGGTCTTCATCCGCCGGCGCACCTGCTTCTTGCCCGTGTTGAAGGGCGGGTCGATGTAGATCAACTCCGCCATCGCGTCCGGCAGGGTGGCCAGGAAGGCGAGGTTCTCGGCTTGGACGATGCG
CP036296.1_gap55	1994951	1999369	4418	TCGAGCGCGGCGCCTACCTGGCCCACGCGGGCGAGATCGACATCGACGCGAAGTGGGGCGGCTTCAAGGGCCTCTTGGCGGAAGGTCTGTTCCTGCTCCACGCCCAGGGCCGCGGGGACCTGTTCTTCGACAGCTACGGTCGCATCGAGGTGCTCGACGTCGACGGCGAGGTCACGGTCGACAACGGTTTCGCCGTGGCCTGGGAGCCGAGCCTCAGCTATCGACTGACGCGGGCGCGCAAGATCCGTTCGTTCCTCTTCGCCGACCAACTCCTGATGCGCTTCAGCGGACGCGGCCGGCTGTGGGTCCAGAATCGATCGACGCCGGGGTTCGCCAACTGGGTGCATCCCTTCCGGCGCGTGCAGTCCCGCAAGGATGGGGACTGACCGGTGAGCACCGACAACGGCGCCATCGGACCGGAGGTGCGGGCCGCGATCGACGCGGGTGACGCGGACGCCCTGGCGCGTCTGATCGCATCGGACGAGCTGGCCGCCAGTTGCCAGATCGTGTGGGGCGAGCCCGGGGACGACGGCGAGGCGCCCAATCGCTGCTCGGCCCTGCACTACGTGGCGAATGCCCGCTTCCACGGCACCTGCTTGGACGGGGACCCGGTCGAGCTCGCGACCCTGCTCTTGGACGCCGGAGCCGACGCGGACTGGGGCGGGCGCGTGGCGATCGGCGAGACCGTGCTGCAGACGGCGGTCAGCCTCTACGAGCGCGACCTGGCCGAGCTGCTGCTCGATCGCGGCGCGAGCCTCGAGACTCTCGGGGGCTGCGTGGACAACGGCACTGCCCTGGCTCTGGCCGCCCACTTCGCGGCCACCGAGGCGCTCGAACTGTTGGTCGAGCGCGGCGCGCGGATCTACAACCTGCCCCTGGCCGCGGCGGTGGGGGAGCTGTGGCGCTTCGTCAAGCCGGCGGGGGTCCTGGCCACCGCGCTCCAGCGCCATCCGGCCGACCCGAACCGTCAACCCCTGTACCGCGACCTGGGCCAGGCCCTGGCCCGCGCCGTGCACTACGCGGCGATCCACGAGCGGGCGGAGGTGCTCGACCGCCTGATCGAACTGGGCGCCGACGTCAACGCGGTCGAGGGCGGCGCTACCGCCCTGCACCGGGTGGCCTGGTGGGGGCGCGAGGTCGGGGCCGAGCTGCTGCTCGAGCGCGGCGCGGACCGCAGGCTGCGCGACGCCGGCCACAAGACCACCCCGGCCCAATGGGCCGAGGTGCGCGGTCACGGGGAGCTGGCGCGGGTGCTGGCGCGCGGCACCTGGTAGGTGCCGACCAGGGCGCCGAGGAGCGCGCCGACCAGGCCCCAGACCACCGGCAGGAAGCCCAAGAGCGACGGCCGCATGGCGGAGTCGAGTCCACCGGCCGCGAACAGGGCCGCGAAGTAGCAGCCGTTGCCGACCAGGATCGAGAGCACCGCGCCGCGGGCGTTGAAGCGCTCCCAGCGCACGCCGAACAGCATCGTCGGCACGAGCGTCACGTAGCCCGAGAAGGCCACCGAGGCCAGGCTGTAGATCGACGCGCCGCCCACGCGCCAGAGGGCGAAGACCACCAACGCTAGCAGGCCGCCGAAGAGCCGGCCGCGCAGCACGTCGACCTCCTCGCGCCGGTTCGGCATGAGCGGATCGAGCACGTCGCGGGTGACCATCGAGCCCAGGGTCAGGATCTGCGCGTCCAGGGTCGACATGACCGCCGCGAGCACCGCCACGAAGCTCAGGGCCTCGAGCCAGGGCGGCAGGAACGCGCCCGCCATGGTCGCGAAGATGCGGTCGGAGTCGCGGCCCACCAGGCCGGGGAACTCGAGCGCGCCGAAGGTGCCGATCAAGACCACCGGCAACCACAGCAACACCAGGGCCAGGGGGTACAGGCGGCAGACCGAGCGCAGGCTGCGCTCGCTCTCGGCCGCCATCAGCCGCACCAGCATGTGCGGGAAGGCGATCACCGTGAGCGCGATCGCCAGGCTCCAGGAGGCGAAGGCGCGGGGCTCGAACAGGCCGCCCTCGGGCAGGGTCGTCAGCTCCGGGCGCTCCTCGACCAGTCGCGCCATGGCGCCGGCCAGGCCGCCGTCGCCGCCCACCGCGCGGGCGTAGAGGAACACGGCCGCCAGCACGAAGCCGAGGAAGATGACCCCCTGCACGACGTTGGTCCAGGCGGTGGCGCGCATGCCGCCGATCGACGTGTAGCACAGGGCCACGGCCAGAACCGCGGCGCCGCCGAGCCACTCGGGGATCGCGCCCTCGGTGGAGCTGGCCAGGGTCACGGCCGCGCCCTGCACGGCGGTGACCATGTAGGGCACGGTGTAGAGGGCGAAGACGCCGAACAAGAGCAGGCCCACGCTGCGCGAGCCCAGGCGCTTGGAGTACAGCTCGGCTGGTGTCAGCGCGCCCAGCTCGCGGCCCAGGCGCCGGGCCGGAGCGCCGATGGCCCAGAAGGTCAAGGGGATGCCGAGGGCGATGATGGGGGCGTTGATGCTGAAGATGCCGAGGCCCGAGTGGTAGGCCTGGCCCGGCACGCCGACGAGCACGAAGGCCGTGCAGTTGGTGCCGAACAGGGCCATGAACAGCACCGCGGTGCCCAGGCCGTTGCCGGCCAGGAAGTACTCCCGCGGCGAGCTGCCCGAGCGGCGCGCGGCCAAGAGACCGACGGCCAGCACCACCGCCACGTAGAGCACCAGGCCGACCACCAGCGGCCTGTCGACCGCGGCCAAGACCGGCAATCCGAGCTCGAGCGGGCTCAAGCCTTGCCCTCCCGCTCGCGCCAGACCCGCGCCGTGAACCAGAACAGGTAGGCCGTGGCCAGGACCATCCAGGCCAGGCGCCAAGCCAGTTCTTCGGGCACCAGACCGGCGATCAACCGCGGCTGCGCCGTGCGCCAGAAGTCCAGGTGCAGGGCCACGAGGACCAGGGCCCCGGTCCAAGCGACGTAGTCGACGGCTCGGGTCGGCCTGGCATGGTTCGGTTCAGCGCGGTTCGGCATGGCGTCGGCATTCTGGCGAATCGGCAGCGCGCCGTGCCCGTGGCGCGGGCGGTGGAATCGACCGCGGGGGCTCGACAGACTTGCCCCCATGCTCCGACCCGCGTTATTCGTCGGCTTCACGCTCGCCGCCGCCCACGCCGCCGCCCACGCCAGCGGCCAGGACGCCGCCGAGCCCCGGCGCTCGCCCAACGTGGTGCTGTTCATGGCCGACGACCTGGGCTGGGGCGAGGTGGGCGCCTACGGCCAGACCAAGATCCGCACCCCCGCCATGGACCGCGTGGCGGACGAAGGCATGCGCTTCACCCGGGCCTACTCGGGCAGTCCGGTCTGCGCGCCGTCGCGCTGCACCCTGCTCGGCGGGCTGCACACGGGCCACTCGATCGTTCGCAACAACTGGGAGGGCGGCGGCTGGGGCCGCGATGCGGTCGAGGGCCAGTACCCCCTGCCGGAGGGCACGCCGAGCCTCCAATCGACGCTCCGCGCCGCCGGCTGGGCAACCGGGGGCATGGGCAAGTGGGGACTGGGCGGTCCGGGCACGAGCGGCGCCCCGGAGCTCCAGGGCTTCGACCACTTCCTGGGCGTGCTGTGCCAACGCGTGGCCCACAACTTCTATCCCACACACCTGTGGAGCGACGGCGAGCGCCTGGACCTTGTGGGCAACGAGTGGTTCTCCGCCCACCAGAAGATCGATGCGCCGCTCGAGGACGAGGCCGAGTACGCGCGCCGCTACACCGGCACGACCTACGCCACCGAGCCGATGATCGACGCGGCGCTCGAATTCGTGCGCGCGCACCGCGAGCAGCCGTTCTTCCTGTACTACCCGACGCCCCTGCCGCACGTGGCCCTGCAGGTGCCCGAGCCCTACGTGGACGCCTACCCGCGCGAGTGGGACACCGAAGCCGCCGGTGGGGGACCCTACCTGGGCCAGGACGGCTACCTGCCGCACCCGCGGCCGCGCGCGGCCTACGCGGGCATGATCTCGCGCGCGGACGAGGAGCTCGGCCGCATCCTCGACCTCTTGGACGAACTCGAGCTCGCCGGCGACACGATCGTGATCGTCACCAGCGACAACGGACCGACCTACGCCGGCGGTGTCGACCACGAGTTCTTCGACAGCGCCGGGGGCCTGCGCGGCCTCAAGGGCAGTCTGTACGAGGGCGGCATCCGCGTGCCGTTCATGGTGCGTTGGCCCGGGCAAGTGGCGGCGGGCAGCGCCTCGGACCAGCCGCTGTACTTCCCGGACGTGGCGCCGACGGTGGCGGCCCTGGTCGGGATCGATTGGAGCGCCGCGACCGACGGGGTCAGCGTCGCGCCGACGCTCCTGGGTCAGGGCGTGCAACAGCCCCGGGACTACATGTACTGGGAGCACGGTCCGAAGCAGGCCCTGATCGCGGGGCCCTGGAAGCTCTTGCGCACCGAGCTGCGCTCGCCGTCGC
CP036296.1_gap56	2171936	2173390	1454	GGTCGACAAGATCGTCAAGTCGCCGCGCAACGGGCAGGATCGCCCCGATCAGCCCCAGCAGCTGATCCACGCCATCGTAGTCAAGAAGAGCTGAACGGAGAACCAAATGGGAAACTACGACGACGTGACCGCGGTGCTCGACACGACCGCCGGCGAGATGAAGCTCGAGTTCTTCGAGGACAAGGCCCCGGGCCACGTGAAGAATTTCGTCGAGCTGGCTGAGAAGGGCTTCTACGACGGCACGATCTTCCACCGCGTGATCCCCGGCTTCATGATCCAGGGCGGTTGCCCCGAGGGCTCGGGCCGCGGCGGCCCCGGCTACCAGATCAAGGCCGAATTCAACGACGTGCCGCACACCCGCGGCGTGCTGTCGATGGCTCGCTCCCAGAGCCCCGACTCGGCGGGCAGCCAGTTCTTCATCTGCCACGGCGACGCCGGCTTCCTCGACCGCCAGTACACGGCCTTCGGGCGTCTGGTGGAGGGGGACGACACCCTCGACGCGATCGCCCAGGGCGAGACCTTGCCCGGCGGAGAGAAGTCGAGCCCCAAGAACCCGGTCAAGATCAACTCGGTTCGCATCGAGCGCTCACAGGGTTGAGTTTGACTGGACTGGGCCCGACTGGATCGGGCCCGACTGGGCCGAGCAACGAGTCGCCTCGAGGTCGTCGCTACCTGGCACGAGCCGCCGCAACGGGCGCGCCCGGCCGACGGTAGTGGCGGCCACCCGGCGCGCCGCCCCGCGGCCGCTCGGGACCCCCTCGATCCAACCACCGCACCCCGCATCCCGATCCGAGATCAAAGTGAGCTACGAGAACATCCTGCTGGAGGCCGCAGAGGGCATGGCGACGGTGACGATCAACCGTCCCGACAAGATGAACGCCCTGAACGACGCCACGCTCCACGAGCTGGCCCACGCCTTCGACGCCGTCAAGGCTGACGACGACGTGCGCGCGATGATCCTGACGGGCTCCGGTGACAAGGCCTTCGTGGCTGGCGCCGACATCAACGAGCTGGCGAAGATGAAGCCCCTGGGCGCCAAGGACCTGGCCTTCTTCGGCCAGAATGTCCTGAGCCGCCTGGAGACCATGGGCAAGCCGACCATCGCAATGGTCAACGGCTTCGCCCTCGGCGGCGGGCTCGAGCTGGCCCTGGCCTGCACCCTGCGGACGGCTTCCACGTCGGCGCGGGTCGGCCTGCCGGAAGTGAGCCTGGGGATCATCCCCGGCTACGGCGGCAGCCAGCGCCTGGCGCGCATCGCCGGGCCCGGTGTGGCTCGCGAGTGGATCCTGACCGGCGACATGTTCGGTGCGGAGGAGGCCCACCGCGTGGGCGTGGTCAACCGCCTGTTCGCGCCCGAAGAGCTGCTCGAGGGCACGCACAAGATGGTCAAGACGATCCTCTCGCGCGGTCCGATCGCGGTGCGCCTGGCCCTCGAGGCCATCCGTCGCGGTACC
CP036296.1_gap57	2242548	2247484	4936	GGCCTTTCCCCGCGAGAATGGAACCACTGGCCCGCGGCTGTGGACGGTCAACCCCGCCAGCCTGATCGTCGATCTGGTCGCGGGCGACACGGCCCAGGCCCGTTTCGCCGTGGAGCTCGGCGGTTGGCTGGTGCTCGACCTGACCGACTTCCCACCGGTCCTGCCCAACGGCTCGGACACCGCCTGGGTCACCCTCGCGGGCGTCGACGAGCTGCGCTACGACGGCCGCGGGCTGGAAGCCTTCGAGCGCTTGAAGGACGACGGCGAGACCGATCGCGCGGACCTCAGCGACTTCCCGCGCTTCGGGCAACGCTGGCGCTCGAGCTCGGTGATCCCACCGGGCCTCTACACGGTGCGGGTCGCGGCCCGGGGCTTCGAGTCCTGGAGCGCCCAGGTCGAGATTCTCCCCGGCGCCGCCATCACGGTGCACCCCGAACCCAGAGAGCAGAGCGAAGAATGAACGGCGGCATGCGGATCGGATCGGGTTTGGTCATCGCCTGCGTACTCGGTGGGGTCCTGTGGACCCTGCTCGGCGAGGGCGAGGAGGGCGCGGGCGAGGCGGCCGTCGTCGCACCTGTGGATGTCCCGAAGGAATCGCCGATCGAGGCCGAGCTGGCGACGCCCGAGGCGCGCAGGCCGGCGGCGCCCGTGCCCGTCGAGGCTCGGCCGGACGAGCCGCCGGAAGTGGCGGAGTCTGTTCCCCCGGGCGACGGACTGCCGCTGGCCGGACGGGTGGTCATGGTCGATGGTCGCGGGCTGCCCATGGTCGATGTGCACGCGCCCGCGCTCGATCTGCGCGCGCTGACCAGCGCCAGTGGCGAGTTCCGCATCGAGGGACTCGAACCCGGTGAGGTCGAGTTGGAGGTCGGTAGCTCCCGTTCCGGCACGGGCGACGGCTACGAGATCGTCGGTCGGCGCACCTTTCGCGCCGGTGACGAGGCCGTGGAGCTGGTCGTGCGCGCGTGTCTGCTGCGGGTGCGTGCGGCGGACGAGTCGGGTGCTCCCGTGGCGTTCAACTCGGTCGAGGTGACCGATGTCGGCGACGACGGCTACCTGAGTTCGATCCTGTCGTGGTCGTCGGGGGGCGGGGCGCAGTTCGCGGACCTGCCGGTGCCGGTGGATCGCAACCTGCGAGCGCGGGTCCAAGGGGCCGCTGGGAGCTTCGCCGGGCTGGTGCACACGCCAGTCGCGGGGGGCGCCGTGGAGGTGGTGCTCGAGGTCGACTCCCCGAGCATGGCGACCTTGGAGTTGGCCCTTGGCGGACCCTTGGACCGGGTCATCGGCGCACGACTCGACGTCAGCCTCGTGAACCTCGATCGAGACGACCGCATCGACCAATCCGACGCGCTCTCCGAGCGGATCCTCATCCCGGGCCTGACCACCGGGCTGCACACGCTCGAGGTCTCCGTCGCGCAGCCCCAGGGCACTCGCCAGTCCCAGATCTTTGCCCTGGTCGGCGCGCCAGCCGAGATCGAAGTGACCGGCACCGGGCGCATCCCGATCGCGCTCGAGTTGGTGCCGGGGGGGGAGCTCGAGCTGGTGCTCTCCGCCGACCTCGACTTGCTGCCGAGGGAGATGCTCCCCGTCGTGGTTCAGGTCGAGGTTCGCCCTGAGGGGCGTAGCGAGGCCCTCGACCTGCGCTGGACGGGTTGGCACGGCGGTGGCGCCGTGAGCCGTCCGACGATCGGCGGGGGCTGGGTCGCTGACCGCTCCCTCCCCCCCGGGCGCTACGACGTACGGGTGCAGGCCGAGGGCTTTCGCCCTTCGCAGACCACGGCTAGCGTGGTCGGGGGCCAGGCCTGCAAGGTGGCGATTGAACTCCTGCGGGAATGACCCGTTGGATCCAATGATGATGTCGAACAACCACAGGCGCACAGCGGGCGGCACGCTGGCGGTCATCGCGGGGTTGGTGGTCGTCGTGTCCTTCGCCATCTGGGCTCTGGCCGGCGCGGGACCCGGCGAGGGCGGATCGGCCGTCCCCGGCGCTGCGGCCGCGTCTTCGCAGCCGGAATCGGAGGCCGCTCTCTCCCCTCCGCTCGCGCCCAGAGCACAGGCCACGGCCACCATCGGGACTGGCTCTGCGTCTGCTCGCGTTGCAGCCGTGGTCGAAGACGAGCAAGAGGTCGTCGAAGCTCCGATGAGCACGCCGCCGCAAACCGCGGCCCTGGCCGGGCGGGTTGTGATGGTGGATGGCCAACCGGTTGCGAGCGTGACGGTCCGCGTCGAGGGGCTGGGTCTGCACCAAGCGGTGGCTGGCGACGGGAGCTTTCGCATCGAGGAAGCGCCGCTCGGTCAGCACCGACTGTCCGTCGGGACCGGCGAGCGGGACGGCGGCTTCGAGCTCATCGGTCCGGACCACTTCGACGCCGGCGACGAAGCGATCGTGTTGGTGGCGCGCGTGAGCCAAGTGACGTTCACGGCGCAGGACCGCGATGGCGCGCCCGCCCTGTTCCGCTCGCTCAGCCTGGAGGTCACGCCGCACGACGGCACGCCCATGGGCGGGGGCGGCGCCTACTCCTCGCGGGAGCGGTCGTCGACGACCAGGGCCCTGCCGCCGAACTGCACCGTGCGCGCCTGGGCCAAGGGCTCGCAGGGGATCTTCGCGGGGACGATCGAGACGCCCCTCGACGGCGGCGCGCTGGACCTGGTGTTGCGATCGGACTCCGAGGACACGGCCACCCTGGAGTTGCGGGTGAGTGGTGGGATCGAGCGCCTGGTCGAGCCCCGGGTTCACCTGCGCGTGAGAGGTCTCGATGCGCACACCTACATCGCGGCGGAGCAGGCCCTGGAGCGCACGATGTTGGTACCGGGTCTGGCGCCCGGTCGCTATTCGTTGGAGGTCTCGCTGATGCAGGCTTCGGGCACCGAGCCTGAAGAGGCCCTGGCCTTGACCGGTCTGCCCCGCGAGTTCGAGATCGAAGGACCGGGGCCGATACCGATCGACGCGGTCCTCGCACCTGGGGCGTTGGTCGGGCTGGAGCTGGTTCCGAGCGACTCGTGGACCGCCGAGGGCGGGGCCGAGGGCGCGGTGACGGTCGAGGTGACGCCGCAGGGGGCGGAGCGGCCGCTGGAGATGGAGTGGTGGCAGGTCACCGACGCGCCCTTGATCCAGTGCGCCTTCGACATGCCTCCGGTCGGTGTGCGCGTGCGCTCCGACCGTTCCCTCGCGCCGGGGGCCTACGAGTTGCGGGTCGAGGGCGAGGATTTTCAGCCCTTCATCCAGGACTTCGAGGTCGGCGTTCAAGGCGGGCTGGTGGAGCTGCTGGTGCCCTTGGTCACCAAATAGAACGGGGGTGTAACCGATCTCGAGCGGGTCGGTAGATTCGGAGCGAGGCCATGGCGCTCTTCACCCCTCCGCATTTGCCGCATCCGATATCGCTCGTACCGAGTGCGCTCAGCCGGGCATCGTCGGTGCGTGCTCTGCTCGGATCGTGCAGCCTCGCTCTCGTGGGCTGTCTATCGCCGGCCGATCCGGCGAAAGCTCCGCAGTCGCGCGACCAGGACGAAGCGGCGCCGGTTCGAGAAGGTGAACTCGACGGCGCGAGCGAGCAACCGGTTCCAGCCGCGGACCTCTGGCGCGGCGAGCGGCCCGATCGCATCGCCGGTCGATTGATCGACGTCGAGGGCGAGCCCCTGGCGGGGATCTGGATCGGAGCCAGGGCCCAGGACCTCTACCCGCGGCCGGGGCGACTGTCAGCGCACACGGAGACTTCGGCGACGGGTGAGTTCGCGTTCACGGGACTAGCGCAGGGCGAGTACACCCTGTCGATGCTCGCGCCTGGAGCACCGGTTGCGCTGACCGTGCGCAACGTGTCGACCGACTCCCTGGAGCTGGTCTTCGGGATCGTCGAACCGATGCCTGCCGACCCGCTCCAGTACCACTCGCATGCCAATCCCCTGAGTGGCGCGGTCGCACAGGTGGAGTTGGATGAGAACGGACGCGTCCCCGCCGACTTCGATCCACGCTCGGCGAGCTTGAGCTTCGAGTGGACCGCTGACGAACCCGGAAGGGGTCAGTTCCTCGAACTCGAGATCGAGGACCTCGCGTCGGGGATCGGCGGGCCCTACTTGGGCGAGCTGCAGCGCAACGGACTCGTGCAGCGGGACCTCTTGCCGGGTGACTACCGCTGCAGTTGGCGGTTGCGCGGCGACTGGCACGTCGGAATGACCTACGTCGCGGGGGACGCCGAGGCTCGGGTCAGCGTCGGTGCCGAGGAGCAGGCGCGGGTTCCGGTTCAGCTCGAGGTTGGTGGCTTGATCAGGCTCGACCTGGGTTCGGAAGCCAAGGCGGCACGGACCTCGAGCACGGGCACGATCGAGGGCTGGGCGAGGCTCAGGCCCCAGGGACAGGCTGATTGGATCCAGACTCCGATCACGGTCGCGGGGCGCGAGCTGTTCGTGGGCCGCGTGCATCCGCCTGGCCTGTGGGAGCTCGAATGGCATCCTCCATTGGGTGAGGAGCCGATTGTCGAGGTCCTGGAGGTCCGGCCCCGCGAGACGGCCGTGTTCGAGGTCGACTTGCCCGGGCCGCGCTGAGAGGGCGACGCGGCCCTCCGGCTGTGGTTCCGGCTGCCGCCCGGTCCTGTCGACAAGGCGTCGTCGCGGCGCAGCCGAGAGCGGGGTTCCCATCGAGAGGACGCGCCCACCGAGGCGCGCGAGGGCAGGGCCGATCGACTCCGGAGCGTGGATTGCGAGGCTTCGATGGCCTCGGGCGCGTCCGGGGCAGTTCCTCCATGCATCATGTCCACCATGGTCACCCGCTCAGCCATCGCTGTCCTGGCCTTGGCCCTCGCGCTTGGGCTGGGCTACCTACTCTTCTCTCCGTTCGGGGACGGCTCCACGGACGGCGCGGCCATCGGCGCGGCGCCGGACGTCGGTCGCACGTCGCGGACCGTCGAGGCCAGAGGCGGTGGGACGCCGGCCCTGCGCTCGGCGA
CP036296.1_gap58	2401936	2405922	3986	CAGGCGCTCGCGCGCGCTGGACGGGTCGGGCTCGCCCAGGGGGGCGTCGCGGAGCTCGTCGACCAGCGCGACAAAGGCGTCGACGCGCGCCGGGAAGCAGCGACCGATCTCCTCGATCAGGAGCTCGACCTGATTCGAAAAGCGCACGCGATGCCCGGCACAGACGACCTGCGACGTCTTCTGGGGCAACAGGTTCAGCTCGTCGTGGCTGATCCGCAACTGCTTGCAGACCCGGGCCAGGGGCGTGCCCCGGGTGCCCTTGGGCACGTAGTTCGTCAGGGCGTGCATCCCGGTGTCGAACAGGTGCCCGCCGCGCTTGTAGAACGAGTTGAGGCCGCCCCAGAGGTAGTGTTGCTCCAGGACGGCCACACGCTGGCCGAACATGGCCAGCCTGATCCCCGCCGCCATGCCACTCAGGCCGGCGCCGATGACGATCGTGTCGTAGCGCTCAGGGATCATGGAGAGGGACCATCCGCCGACAGCAGGCGCCCATTCGGCGCATGCTCCAACGCCGCCAGGCGTTGGGCCAACAGTACCTGCGCTACTCGGGCTATGCCCGAGAAGCGCAGTGAAGCTCTTTGTCCGCGAGCTTCGGGCCGAGGTAGTCGACGCAGCCCTGCAGGGTGCCGAGCTCCTTGTAGTCCTCCTCGGGGACCTGCACGCCGTAGAGCTTGCGCAGCTCCATGACGATGTCGAGGAAGTCCATGGAGTCCAGCTCGATCTGGTCGCGCAGGCGCTCGTTCATGTCCAGGCCGTCGACCTCCTCGTCGGGGGCGATGGTCTGGATGATGTCCTTGATGGCGACGACGACTTCTTCCGGGGTCATGGCGGTGGTGGGGTAGGCGGTCAGGGGTGGGGTGGTTCCAGGTGAACTCAGCCGCGGTGGTACTTCTTGACCACGACGGCCGAGTTGATTCCGAGCATCCCGAAGGACATGTTCATCACGTGCTCGACCTCGCCGATCCGGCGGGGCTCGTTCAGCACCAGGCCGCGCAGGTCGCACTCGGGGTCGAGGTCATCGACGTTGATCGTGGCGTGGACCACGCCGTCCTCGAAGCTGGGCAGGTTGCCGGCCAGCTCGAGGGCGCCGGCCGCGCCCATGGCGTGGCCGATGAAGCTCTTGGTGTTGTTGACGTGGACGCGCGGCTCGTCGCCGAAGACCTCGCGCACGGCTCGGCACTCGACGGTGTCGCCCGAGGGCGTCGAGGTGGCGTGGGTCGACAGCACGTCGATCTCGCCCGGCTCGATCCCGGCGCTCTCCAGGGCCAGGCGCATGCAGCGGTTCTGGCCGTCGGAGTCGGGCAGCACGAAGTCGGTGGCGTCCGAGTTGACCGAGTGCCCGACGACCTCGCCGTAGATCCGCGCACCGCGGGCCAGGGCGTCGTCCAGGCGCTCGAGGGTGTAGAGCGCGCCGCCCTCAGCCACGACGATCCCGTTTCGAGCGGTGTCGAAGGGTCGCGAGGCCTTGGTCGGGTCCGCGTGGGTGGCCAGGGCGCCCTGGGCGTTGAACGAGGCGAAGATCCCGAAGGTGTGGATCGACTCCGAGACGCCGCCCGCCAAGGCCAGGTCCACCTGCCCGAGCTGCAGCATCTGCATGCCCTGGATCAGGCCGAGGTTGCCCGCCGCGCAGGCGCCGCCCAGGCAGTAGGCCGGCCCGCCGATGCCGAGGTTCAGGGTCACCTCGCCCGCGGGGTTGTTGGCCACCGTGCGCGGGTTGTGGTGGTGGGACCAGTAGGAGCAGTCGTAGCCGTACTGGCTGATGTTGAAGACCTCGGCCTCGGTCTCCACGTTGCCGTGCTCGGTGGTGCCGATGTAGATGCCCACGCGGTTGCGGTCGCGGGTCTCGAGGTCGATCCCGGCGTCGGCCAGGGTCTCGTTGGCGCAGAACACCGCGATCGAACCGGCGCGGGTGCCGCGGCGGACTTCCTTGCGCTTCTGGTAGCGCAGGGCGTCGAAGTCGCAGATGCCGGCCAGGGTCTTGCCGAAGTAGCGGATCTCGTAGGGCTGGACGCCCGAGACGCCCGCGAGCAGGTTCTTGCGGTACTCGGCCAGGGAGTTGCCGTTGGGGCTCGTCAGCCCGATCCCGGTGATCACGACGCGGGGCAGGTCGATCACGATCGGGCCTCCTGCGGCTCGTCGTCGCCCGACGGACCCTCGAGGGTGGACTCGGCCTGTTGGCGGGCCTCCTCCTCGGCGCGGATCGCGGCCAGGGCCGGGGTGGCGAGGGCGACGAGGTCGTCGGTGGTAGCGTCCTTGCCCTTGCCGCCGAAGCCGACCTTCAGGGCGGCGTGGATCGCGCGGCTCAAGATCGACTGGCTGTCGCCGAGGGCGTTGGCGACCGCGCCCACGAGCAGGGTCATCAGAGCCTCCGCGATCTCGCAGGCCGAGATGATCGAGCGCAGGGTCAGGACCCGCGGGTCCCGCTCGCCGTAGCGCTTCTGGACGAACTTGAGGGAGCGGTCGGCGGTCAATCGGAACTGCTGGAAGGCCACCGCCTCGCGCCGGCGCAGGATCGTCGCCGCGATCGAGAGGGCGTTGCCGACCGGGCTGTGGAGGTGGCAGCGGCGGTGGCTGTCGAAGGTCCGCGTGACTGCGCCCCACTCGACCAACTCGCCCAGGGTGGTGCTGGCCGCCCCCTGGCTGATCTCGATCTGCTCGCAGATGTCCTTCGCGGACAGGTGCTGCTCGGAGAGCACCAACAGGCCCCAGACCCGGCCGTGGACGCGCTTGAACCCGAAGGTCTTGAAGAACTGCTCGAACGCCGGGAGCTCGGCCGCAAGCTCGGGGTCGAGCGGCGTCAATCCACCGCCGGTGGCAGTGGAGGGGGGGTGGAGGGTCGAGGACATGGCTGGCGGGGCCCCGGATTTCAGGAATCCCTGAAATCGGGGGCGGGGGTTGTCCCACAAGCCGGTTGCCCTGTCCACCGGTCCAGATGCCTTTTCCGCCAGCCGGGACCAGCACCCGGCGACGCGCCTCACCGGCCCGAGCAGCGGCCGGGACAGGCGCGGATGGCGGCTCGGCGTTCAGGGCACTCGGGCCTTGCCCCCGAGCCGGGGTGGGCCGGCAGGGCCCCGCCCCTGGTCAGAAGGACGGGGCTCGAGCCCCCTGTGGAAGCCCCCAGGTCCTGCGCCCCTCAGAACATCGAGTACAGGAACGGCGACAGCAGGGGGAAGGCCGCGCCGATGCCGATCACCGAACCGACCAGGACCAGGGCCAAGACGATCACCAGCATGTGACGGTTCTCGCGCCGGGTCGCTTGCCCCACCAGATCGGCGAGGGTGGAGAGCTTGTCCTTCATGCGCTGGGCTCCAGGGTCGCGCTTTCGGCCGGGACGGGAACCGGGTCCTTGGCCGGTCGAACGAGGTGGGGGTAGGCGGCGAGCAGGCCCAGCCCGCAGCGGCGGGCGGAGCGCAGGCCGTCGTCGAGGCTGTTGACGATCGGCTCGCCCGCGTCGTTGAAGCTGGTGTTCACCAGGGCCGGGATGCCGGTGAGCGCGTGGAAGCGGGCAAGGACCCGATGCAGCAGCGGTCCGTCGCAGGGTCGCAGGCACTGCACCCGCGCCGAGCCGTCCACGTGGGTCACGGCCGCCAGGCGCCCGCGCCACGCCTTCCGGGTCGTGACCGTGGCCAGCATGTGCCGCTCGAGCTCGCGCCCGGGGCACAGGCCCTCGAACAGCTCCTCGGCCCACTCGTCCAGGACCACCGGGGCGAAGGGCCGGAAGTCCTCGCGGTGCTTGACCATCCGGTTGAGCCTGCGCTGCTGCCCGGGCGAATCCGGGCGGGCCAGGATGCTGCGCGCTCCGAGCGCCCGCGGACCCCACTCGGCGCCGCCCTGCATCCAGCCCACCACCTCGTCGTCCGCGAGGGCCTGGGCGACGTGCTCGACGAACTCGTCCTCGCTCTGCGTTCGCTGGAACGAGTCGGAGCCCGAGTCGGAGCCCGAATCGTCGAACGTCAGCCCCGCGAACTCCGCGCTAGACACGTCCA
CP036296.1_gap59	2429903	2434616	4713	CGTGCGCCCGGCGATCTCGCGGATCAGCTCGTCGAGCCCAAGGCCGGCCGAGGCCGAAACCAGGTGCACGCGCACGCCCGCCTCGCGGTAGGGCGCGAGCCTCGCCTCGAGCTCCGCTCGCGCGTCCTCGTCCGCCAACAGGTCGACCTTGTTGACCACCATGCGCGGCTCGATGCCGCCGGCGATCAGGGCCACCTGGAAGCGGTCGAACAGGCCCGGCTTGAAGGGCGGGCCGACCACCGAGAGCACCACTAGGGCCAGGTCCACGTTCGCCGCCAGCACCCGGCGACGGCCGGGCATGGTCGGATCGGCGCGGGCCAGCTCGGTGCGCCGCTCGTGACGCCCGACCAACCGCGCGAGTTCAGTCGTCAACGGGATCACCCGGGCGCGGTCGCCCACGGCCAGGTCCTCCTCGCGGCGCATCGGCACCTTCAGGGTCTGGGAGCCGCACACGACCCGCGCGCCGTCGCGGGCCACGGCGATGACCGTGCCGTCGAGGGCGCCGGGGGTGTCTGGCGGACCCGCCGCCACGGTCGTCGAGGAGACCCTCGGCGCGAGGGGACCCTTGCGGCTGGAACCCATGGGCTGGAAGTCCTCCAGCTCGTCCCAATCGTCCTCATCTCTCACGCGCTCGCGCGCCCGCGGCTCGTCGCCGCTGCGGCGGGCCTTGCGTTCCTTGGCGCGCTGCTTGCGTTGCTTCTGCTCGTCGAGGCTCACGGCGCGGTCGAAGTTGGCCATCGCCCTGCGCCGCGTCTCGTCCTTCTCTTCGGGGGTCATCCCCCGTCCACGTTTTTCCAATGGATCGATACTCGTGCTGCTCCCGGATCTTGATCGATCGGCGGGGAGCGCGCACCGTGCGCACTCACCCGCGGCCCCAGCTCGCAAGCTGGATCGGGCGGCGCGATCGGACCGGTCGCGAGCGGCGGAGGAGGGAGCGAACCTCTGGCGCTGGACGAACGGGAAGCACGCCGCCGAATCGGCGGACGGTGCCTCCAGCGCGCGCGGACGGGACGGGACCCTCGGGGCCCCGGGCCAGCTCAGCGACGCGCGGAGGCGCGTGCGGCGGTGACTTGCTTGTTCGTCATCGGGGGCCTCCAGTGTGTTCGTCGGGTGCGGGTGGCGGGCCGCGCTGACTCGCGCGCCTCGCCGGGCGGGATCGCGACGCTCGCGATCCGACGGCCGCACGCTACCCCGAATCCGGGGCGGCGTCGAGGGGGCACTGGCGCGGGCGCGCCGCTATCCTGCTCGGCCCTCCCCCCGACCCGACCCCCGTCCGCGCGCCCCGCGCCCCCTCTCGATGAAGATCGGCCTCGTCTACGGCAGCACCACCGGCAACACCGAGGATGCCGCCGAGAAGATCCGCGACCACTTCGACGACCACGTCGACGAGTGCCTGAACATCAGCGGCCTCGACCTCGAGCGCCTGAAGGCCTTCGACGTGCTCCTGATCGGCATCCCGACCTGGAACATCGGCGAGCTGCAGCAGGACTGGGACGAGGTCTTCAACAAGCTCGACCCCGTGCGCTTCGACGGCATCCGGGTGGCCTTCTTCGGCCAGGGTGACCAGCGCGGTTACCCCGACAACTTCCAGGACGCCCTGGGGATCTTGCGGAACAAGCTGGTCCAGCTCGGCGCGCAAGCCGACCTCGGGCACTGGTCCACCGAGGGCTACTTCTTCCAGCGCTCCCTGGGCGTGATCGACGAAACGAAACAGCACTTCGTCGGCCTGGCCCTCGACGAGGACGGCCAGCCGGAGCTGACCGACGAGCGCATCGAGGGTTGGTGCGCCCAGGTCAAGTCCGAGCTGGGGCTGGAGTAGCGGCGGCGCGGTCCCTCCTCGACCGGTGCGTTCAGCTGGGGAAGTGCCGCGACGATGCTCACGGGGTAGGCGGCGACGCGCCTGCCGATCGACGCCGCACGGACGCCCAACCGACGAGGATCCCGGTCAGTCCGAGCAGCGGGTTCGAGATTCGCGTGACCAGCGGCTCGCGTCCGTGCTCGGCCAACGCGGCCATCACCTCGCGGGCGCTCGCGCCCTCGACCCGGGGCGGCGGATCGGGCCGTCCGTCGCCCGCGATGGCCGCTCCGGTCCCGAGCACCAGGACCGCCGCGGCAAGCACGCGCGCGGGCCCGGTGCCGCGTCCGATCAGGGTGCTGACGACGCCCGCGCACAGGGCGGCAACCAGGGTGATCCCCGACGAGATCGCGATCCACAGCGGGCTGGCGTCGTAGCTGCCAGGCCGCAGCACGCGCTCGAACCCCAGGGCCATGGAGCCCAGGGCGAAGCCGGCCATCACGACCACGGTCAGCACGAGCCAACCGGCCAGCACGGCGAGGACCTTGCGACTCATCGCTGCACCTCCCCAGCGGCGAGCAGGGCGGCGTGGGCAGCGCGCTCGGCCTCGATCGCCGCGAGGAGCTGCCCCCGGAGGGACGCGTAGAGCTCGAGGGCATCGTCCCGTGTCAACTCGCACTCGCCCGTCGCGGCCTCCAGCCGGCCGCGCAGCTCGTCCCGCTCCGCCTCGGCGGCTTGGGCGTCGAGCAGCTCCGCGTAGGTGTCGAGCATCTCGCAACCGGAGCGGATCGCGGGCACGTCGCACTCCGCGATGGACGCGCTGATCGTGCGCCAGCGCTCCGCCGCCGCATCGAAAGCCCGAGCCGCGGCGGCCAGGCGATCGTTCCCGGTCAGCGGCGCCGCCTCGCGCAGGAACTCGGCGTAGAGACCCCGACCGGCGTGGGGCGGGGTCAACTCGTGCTCGAGCCCCTGGTAGGTGCGCCGCAGGGCCAGGCCGGCCCGCGCACCCTCGGGGAACAGCGTGGGCCAACCCTTGGCGTCCTTGCGATCCACCAGCAGGCGCGCCCACTTCTCCATCCCGGCCAGTCCGAAGTTCGAGGCGAAGCCCTTGTAGGGCGATTCGGTGTAGCGCCGCGCACAGTCGGCGACGGCCGCCTCGATCGCCGCCGATAGGTCGCCGTGCCCATGTCCTGGCGCAGCCGTGACCATGTGGTGCTTGGCCTTCTTGAAGGCGGCCCGCGCCGCGGCGAACACGTCGGCGTGGATCAGCGCGGGGTCTGAGCTGCCCTTGTCGATCAAGAGGTCGTCACCCTCCCGACCGACGACCGCGACCAGGGTCGGCGCCGTGCCCAACATGGCAGAGGGCGGATCGGTCCGCGCCAGGGCCAGGGCATCGACCACGCACAGAGCCGGACTGCCGGCGTCGATGGCGGCGTCGAGGGCGGCGCGCGCCTTCTTGGCACTGGTCGTCTGCAACGAGTCCAGCTCCAGCCCCAAGCGTTCCACGGCGCCCAGGGCAAAGCGGTCGGCCGCCGAGTCGAAGCGAGTCAGCACCGAGAGCAGCGGTGGCGTCCCCGTGTACTCGAACACGATGTAGAGGAAGCCGACGCCGCCGGCGAGGCCGGTCAGCATGGCCTCGCTCAGCGGGTCGGCGCTCCCGGTTGCCCGCACGCTGAGCGCCGCGAGCCAGTTCCGAACCGCCCCGGTATCGCCGCACACGCCGGGCTGGAAGGGATAGCCGGAGCCCGCCGTCGCCTCGCGCGTGCGGTAGCCGAGCTTGGCCAGGACCTGTGCTCGGGCGGTGGTGTAGCGCTCGCCTGTCTTTTCCATACGCGCCCTCACGGCGCGCTTGAAACTCTTCGCTCTCGTCATCGGATCATCTCGCTGCGGCGAAATGCACCACGACCCGTCCGTCGCCGTGCCTCCGCCGGTGTGCTGGGTCGGCCGATACGTCGATCGACCGGACAGCTGGGATGATCGGTAGTGGCGAACGCATCCCGGGGAGTCGAGCTCCTCTTTGCTCCCGTGGAGAGGTCCTGGACGGCGGACCGTTGGGAGTTGGGCGGGGGATGGACCGCCGAGGGGAATGGTCGTCGGGGATGGCCCGAGCGTCAAGGGGGCCGTCGCACCGGACCCCGGCCCCCCAATCAACGGGGCGCGGCGTCGAGGGCCGCCGACAGGCGCTCCAACTGATCGCCGTCGGCCCGACGCATGTAGCGGACCAGGGGCCCGACCAGGAGTCGGCCGAGGAGATTGGTGGGCTCACCGGTGCAGTCCATGGTCAGGTCGGTGCCGCCTTGGCCGTCGTCTGCGAAGGTGTAGCGGTAGCAGCATCGCACGCCCATGGCGGCCGACGACGCGGCGTGGACGAAGGGCGGCTCGTGGCCCTGGGACGGGCCCGAGTGCTCGACGATCGAGATCTGTGCGGTGCACTCGCGCCGCCCGATCTTGCGCGTCTCGCGCAGCACTGCGCCGTCACGCATGGGCCCGCCGCCGACAACCTCGCAGGCGAGCACATCGGGGAGCCAGGTGCGGATCCGCGCCAGGTCCGTCGCGAAGGCGAAGACTTGGGCCGGGGGGTGGGGAATCGACTTCTCGAGGCTGAATCCGGCCATTTCCGCAGCGCAGTTCGCAGGGGGGGCGTCGCGATCCTAACCCGCACCAATCGGTGTCCGCGCCCAGCGCGCCTGAACAGCGGGCTGCGGCTACTCCTCGCCCGCTGACGGCACCCCTCGAGCCGACCCGACCTCGGCGGGTCCTCGGCCCGCAGGGCACCGTCACCAGACGAGCTGTGCGGGCTGGCTTCCACGTCCCCCCGTCTTTAGCTTCCTCGCCCCGTGTCCACCTTCCGAGCCGAGCTGCGCACCCAGGTCCGTCTGGCGGGCCCCGTGGTCCTGGCCCAGCTCGGAATGATGGCC
CP036296.1_gap60	2437167	2441318	4151	CGCGACCGAAGTGCTGGCACAGCTCGCCAAGGTGCCCGAGGCCTTTCGTGAGGTGCTGGCCATGCGCCTGGTCGACGGACTCAGCGGCCAGGAGATCGCCGCGGCCACCGGGCGCAGCCACGGCGCCGTGCGCGTCGCCCTGGCGCGCGGCATGGAGCGGCTGCGAGAAAGGCTGATCCAGGAAGGTTGGCGGGCATGACCGAAGAGCACGAACTCGAGCGACTTCTCGCGCGGCACGCATGGAGCGGCGAGATCCCCGAGCTTCCGGAGCGGGTGGTCGCGCCGGTCCGTCGGCCGCCCTCGCCCAGGCCCTGGCTGCGTCCCTTGACCCTGGCGGCGGTGGCCCTTGGCGTGGCATCGATCGGGCTCCTGTGGCTGTTGACCCGGATGGTGGAGCAGGTCGGAGAGGTCGCAATCGAGGGCCGCAGCTACCCCGTGGCCTACCTCGAGGGCGGCGCGGGCTCGCAGCTGCGCCGCATCGAGCGGGGCGACACGATCGCCACCGGCACCGGGGAGCGGCTCGAGATCGAAGTGGGGGACATCGGTCGGCTGTTCCTGGAGCCCGGTTCGCGTCTGACGGTCGCAGAGCCCACGGGCGAGGGCGCGAAGCACCAGCTGCGGCTCGATCTGGGTACGGCGCGGGCTTCGATCGTCGCCCAGCCGCGCGCCTTCCAGTTGGAGACGCCGGCGGGCGTGGCGGTGGACCTGGGCTGCGTCTACCGCACCGAAGTCCGCGTCGACGGGACGGCGCGCGTCGCGGTCGAATCCGGTCGGGTGGCCTTCGAGCGCTCCGGCCAGCGGATCCTGGTCCCGGCCGGAGCGGAGGTCGAGGTGGCGACGGGCGCGGTATTCGTGCTGCCGGTCTGGAGCGACGACGGCGACGCAATCCGTGAACTCTGCCGGCAGCTGGCGCGGCCCGCCGTCTCGCCCACAGGCCTGGCCGCTGGTCTGGTCCAGCTCGAGGCCGCCGGGGCGCGGCGCGGGAGCCTGGCCCTGTTCCACCTGCTCGACCATCCCGACCAGCGCGTACGCCTCGAAGCGTGGCGAGTTCTCACGCGCCTGGTCGATCCACCGGTCGAGGCCACTCGGGAGCGGACCCTGGCCGGCGAGGCCTCCGCGCGGCGACTCTGGGAACGCCGTTTGCCCTGGCCGGGCTGAGACGTAGACGTCCCCAGGGCCGCGGATCCCCCTCGTAGGGCCCGCGGAGCCCTATCTCGGATCGCCGGCACCGAGGTTGGCGGAGGAGGAGTAGTCTCGGTTCGGCCCGAGTTCCCTCGGCCATCAACCATCGGCGATGCCTTCCGCTTCCCCGCGGAAACCACGGATCGCCGGCCCCCCGTCCCGGTGCGCCCTCCAGCCCAGGGGCACTCCCAACCCCCACACCAAGCGATCGTGAACTCGATGCAGCTCCACACCCTCCGTGCTCCGAGCTTGATCTGGCTCGGTGCCCCGCTGGCCCTGATGGCGCCCTCCGCCATGGCCCAGGACATCACCCCCATCGGCTCCCAACTGGTTCAGGCCATCCAGACCGGGGTCAACCCCTACATCGCGGGCAAGTCGACCATGGCCCGCGTCGCGCTGAGTGTCGAGGGCACCCTCCCGGCCGGCGCCGGGGTCGACGCGCTCATGCGCGTCTTCGTCGGCGGCGTCGAGGTCGCCGAGTCCCCGTACTACTCGGTCAACGGCCCGATCGATCCGACCCTGTCCCCGGCCCAGACGGACCTGGACACCACGGTCAATTTCGAGTTCCGCCCGCCCCAGGGCACGGACGTGACGCTCGAGATCGAGCTCAACCCCTCCGGCCCGGGCCAGCTCTTCGAGACCGACTACTCGAACAACACCCTGGTCCTGGGTCCGATCAACTTCCAGTGCCGCGGCCTGCCCGAGGTCGTGTACTCGCCGATCGACTACCGCCCCAGCGGCGGCGCCACCCCCAACCCGCCGAACCCCCTGCTGATCGAGCCGGGCGTGGGTGACAACTTCATCCAGGGCATCTGGCCGTCGGAGGACATCGAGTACCACCGGACCGACGCGCCGACCAAGCTGTGGACCAGCTCGCTCTCGGGCTCGGGCTCGGCCCTGAACTCGTCGCTGCTCAGCGACCTGAACATGATGAATCCCCAGCCGGACTTCATCTACGGCTGGATCCCCGGCTCGCTGCCCTACAACGGCCAGGCGATCGGCATCCCCGGCAAGGCGGCCATGGGCAACACGGATCCGATCCGCCACCAGCGCACCTTCGCCCACGAAGTCGGTCACCTGTTCGGGTTCAGCCACATCTCGAGCAAGATCAGCACCGTCGGCATCGACGTCGAGGAGCACCTGGCGATCACCGAGGGCCTGGGCCAGATCAAGGTCTCCTCGCTGAACGACATCATGGTCGCCGGGCAGTTGACCAACACGGCTTGGATCTACTCCCCGAACTACAACTCGATGGCGGCCCACCCCGCCTTCACCTGCGCCGCGCCCGACTCGGCGGACGTCGAGCAGCGTGAGTCGTTCATGCTGGCCGGGGTCTGGAACCCGAACGCGGGTACGGTCGAGGTCGTCCACGCGGTGACCTTCCCGGGCGGTCGGGCGACCGCCAGCGATCCGATCGCGGAGTCGCAACTGGCCCTGCGCGCCTACGCCGGTGGCCAGCTCGTCAGCGAGGTCACCCTGCTCGCCAACGGCGCGCCGGACTGCGCGGTCAACGAGGTCGACCACGAGCACGGCGAGGCCTGCGAGCACGGCGACGAGAGTGGTGCCGACAGCGAGGTCGAGCTCCCCGACGTCGGCTTCTCGGTGGTCTTCCCGGCCTCGGTCGATCCGGCCACCCTCGAGCTGGTCGAGGTCGTCGAGCTCGCCACGGGCAAGGTGCTCCGCAGCCTCGTCGCCAGCGACAGCGCGCCCGCGATCAAGCTCGTCGAGCCGCGCCCCAGCGCCGTTCTCGGCGGTCAGGTCGAGGTCATCTGGGAGTCGAGCGACGCCGACGGCGACGCCCTGCAGCACTTCCTGCGCTACAGCCCCGACGGCGAGCGCATGGTGCCCCTGGCGTCGAACGTCGAGGGCAGCCGCTTCCTGGTCGACTTCGACCAGCTTCCGAAGCTGGTCCCCGGCCAGGGCTACCTCGAGGTCCTCGCCACCGACGGCCTGAACACCTCGCGTGCGCTCACGGTCGATCTGACCGGCGCCGGCCTGACGCCGGAGGGCGGCGGCAGCAACGCGCCCTTCTGTCACATCCTGACCCCCGACAGCGGCAAGTCCTTCCCCAAGGCGGCCAACGTGCTGCTGCACGCTTCGGGCTGGGACCTCGAGGACCGTGGCCTGCACGGCAGCTCGATCGTTTGGACCAGTGACCTCGACGGGCTCGTCGCCGTCGGTCGCACGACCGCCATCGCGACCCTCTCGGTCGGCGTCCACCAGCTCTCGGTGACCGCCACGGATTCGTCCGGCATGACCACCACCGACACCCACACGGTGACCATCACCGACCGGGTCGTCCCCGACGGTGGCGGCAGCGGCGTGACCTGCCAGACCGACCTGGGCTCCCAGGGCCCCGGCGGCGCGGTGCTGACCCTGTGCGGCGGCAACCTGTCGAGCGGCACCACCGCCGACCTGGAGCTCGTCGGCGCGGCCCCGAACTCGATGCTCTGGATCGTGCTCGGCGCGGGCAACAGCCCGACCCCGCTGTTCGGCGGCACCCTTGTGCCGACCGCTGACAACGTCCTGTTCGACATGGCCGATGCCGGCGGCGCCTGGATCGCCCCGAACATCCCCGGCGGCGGCGGCCCGGCGACCCTGTACCTGCAGGTGGTCTTCGACGACGCAGCGCTCGCGGGCGGCTTCGGCTTCTCGAACGCGCTGCAGGTCGACTTCCTGCCGTGAGCCCGATCGGTGGCTGAACGATCAGCCGCTTCGAGTGCAACGGGCCCCCCGCGGTGTGAATCGCGGGGGGCCCGTTGCGTTCTCGGGGTGGTCCTCGTGGAGCGGCCCTACTCGCGCCCGACCGCCCGGCGCAGTTGGCGCTTGATCTCGTCCGGCAAGGACCCGATCGGCAGATCCGCCAGCCCCGACTCGATCGCCCACAGGAGGTTGAGGGTGGGGGCGTGCCCCGCTTCCTCGACCGCCAGGAAGGCCCGGGCGGCGCCGGCTCGCTCGAGGGCGGCTCG
CP036296.1_gap61	2471314	2474356	3042	CATCGTGAGCCCGCTCACCGACCACAACGCACCGTCGCGACCCCAGGATGGGGTCCTCGCAACCCTGAACGAGGACGGCAGCCGCCGCTGGCTGCGTCCGAAGCTGGCCAAGGGCCGCTTCCTGCCGCGCCGCGCGGTCGTGGCCTGGGCGCTGATCGCCCTGTTCACGATCACGCCCTTCATCAAGATCGACGGAACACCCCTGTTCCAGTTCGACGTCGCACACCGGCGCTTCACCTTCTTCGCGACGACCTTCAACGCCGACGAGACCCTGCTGCTCGCGCTGCTGGTGGTCTCGATCTTTGTCGGGATCTTCTTCGTGACCGCGCTCTTCGGTCGCGCCTGGTGCGGCTGGGCCTGTCCGCAGACGGTCTACATGGAGTTCGTCTACCGGCCCCTCGAGCGCTTCTTCGACGGCAAGCACTACACCAGCGGCGGGCGCACGCCCATGCCGAACTGGCGGCGAGCGCTCAAGTACGTCGCCTTCACGTTGATCTCGCTGCACCTGGCCAACACCTTCCTGGCCTGGTTCGTGGGCGTCGACGCCATGTTCGAGTGGACGCGGCAGTCGCCTTTCGAGCACCCGGGTCCCTTCGTCCTGGTCCTGGTGGTGACGGCGCTGATGATGCTCGACTTCTGCTTCTTCCGAGAGCAGATGTGCACCCTGGCCTGCCCCTACGGCCGGCTCCAGTCGGTGCTGCTCGACAAGGACTCGATGATCGTCGGCTACGACGCCCGGCGCGGCGAGCCGCGCGGCAAGCTCAAGAAGGGTGCGCAAGCCGAGGGTCGCGGCGACTGCGTCGACTGCAAGCTGTGCGTGCAGGTTTGCCCGACCGGCATCGACATCCGCGACGGACTGCAGCTCGAGTGCGTGGGCTGCACCCAATGCATCGACGCCTGCGACGGCGTGATGGACAAGATCGGCAAGCCCCGGGGCCTGATCCGCTACAGCTCCGAGAACCGCCTGGCGGGGATCGCGCCCAAGTTGCTGCGCCCGCGGGTGGTGCTCTACCCGATCGTGCTGGTCGTCATGCTGAGCGCCTTCGGCTTCGCCCTGGCCAAGCGCTCGCCCCTCGAGATCGAGCTCCTGCGGGTGCGTTCGACGCCCTACGAGGTGCTCGAGGACAGCCGGGTGTCCTCCAAGGTGCACGTCAAGCTGACCAACCGCGACGACGCGCCCCGCCGCTACAGCCTGGCCGTCGACGGCCAGGGCGCGGAACTGCTGGCGCCGGCCTTCCCGGTCACGATCGAGCCCGCCGACGACTTCGAGTCGACCGTCTTCGTGCTCGTGGACCGGGAGCGCTTCGAGCGCGGTCGCGCCGACGTCGTCTTCCGCGTGGTTGACGACCTGGGCCGCGAGACGCTGAAGCGGGGCTACGTGATGGGGCCGCTCTTCAGCTCGAGTTCGAAGGCGGGTGACCAATGAAGATCCAAGCACACCACCGTTGGGTCGGGATGATCGTGGGCCTGTTGGGCATGAGCTTCGTGATCCAGTTCACGGCCCTGTGGTTGGCGAACAGCGATCCGTCCTTCGCCGTGGTCGAGGACTACGAGCGCAAGGCGCACGACTGGGACGACTTCCAGGCCCAGGTGGCCCACAACGCGGAGTTGGGTTGGCGGGCGGACCTGCGCACGAGCCCCCTGGCCCGCGGCGTCGAGGTCGTGTTGACCCTGACCGACGGGGAGGGGGCCGCGATCGAGGGCGCCGAGGTGGCGCTCGTGGCCTTCCACAACGCACGCGCAGGCGAGAAGCTCCGCGTCGCCCTGCCGCACATCTCGGGCTCGCGCTACGGGATGGCCCTGCCCCTACAGCGCGCAGGCCTGTGGGAGTTCCAACTCGAGGTCCGCAGCGGCGATGACCTCTTCACCGACACGATCCGCAAGTCGGTTGCGGTGGGGGGCTGACCCATGTGGGAGCTGACCCTCGCAGTGGCCCTGGCGAGTCTGCTCGGCTCGGTGCACTGCGCCGCGATGTGCGGGCCGTTCGTCGCACTGTTGGCCCGGCCGGGCGAGCGGCGCCTGCCGGCCGACCTCGCCTACCAGGCTGGGCGGCTCGCGAGCTACGTGGCCCTCGGCGCGCTGGCTGGCGGCATGGGGGCGGCCCTCGACCTCTCCGGTGCGATCTTCGGCCTGCAGCGCGCTGCGCTCGTGATCGCGGGGGCGGGTCTCGTGCTCTTCGGCCTGGTCTCCCTGGCGCGCAACTTCGGCTGGCGGATCGGCTTCGGACACGGAGGCCGCCTCGCCCGCCTCGCCCGCGGGCTGCAGGTGCGCGCCGCCAAGGCACCGCCACGCCGGCGCGCGTTGTTCGTGGGCCTCGCGACCGGCCTCTTGCCCTGCGGCTGGCTCTACGCCTTCGTGCTGAGCGCCGCGGCGACTGGCGACGCTCTGCACGGCGCCCTGACCATGGCGGCCTTCTGGTTCGGCGCCCTCCCGGCCCTCAGCGCGGTGGGCCTGTCCGCTCGCCGGCTGCTCGGGCCAATGCAGCGTCGCGCACCCGCCGTCGGCGCCCTGGCCCTGGTGGCCCTGGGACTGGTCGCGCTCTCCGGTCGGTTCAGGGTGCCGGCGCTGAGCGCCCAGGGCGGGCGCGCCGGGGACCAATCGGCCCTCGGACTCGCCGAGGAGGCGGCGCTGGCCACTCCCTCGTGCTGCGCCGCCGATGGGGACGCCGTCGATGGCTGACACCAGCACGGAGCGACACCGAGTCTTCCGCGGCGCCGCGGTGCTCTGTGACCACTGCCGGCTGGTGGTCCCGCCGGGCCTCGTCGATCCGTCGGCGCAGTGGCAGTTCTGCTGCAACGGGTGCGCCACCGTCTTCGAGGCCATCCACGAGGCCGGCCTCGACCGCTTCTACGACCTGGCGGCCGACGAGGGCGAGGCGGCGACCGAGCCCGCCGCCCCCAGCGGCAAGCGCTACGACGAGTACGACGACCCCGCCTTCCGCGCTCTCTACGCGCGCGAGCTGCCGGACGGATCGAGCTCGATCGAGCTCTTCCTCGAGGGCGTCCACTGCGCCAGCTGCGTCTGGCTTGTCGAGCGCCTGCC
CP036296.1_gap62	2482954	2484231	1277	GCGACGACCACGAACACGGTGTTGTCCCAGTAGGGCGCCTGACGTGCCGCGCCGAAGAAGGTGGATAGGGCGTAGTCTGCGTAGCGCACTGCGTTGTCGACGGTGGCCGGATCGTCGCCCTCGGTCTCGATGCGGCCTTCGGGGTACTCCCAGGGCGAGTGGTTGGAGACGCTGAAGACGACCGAGAAGAACGGCTGATCGCCGGCCGCGAGGAACGTCTCGTGGGCCTTGGCGAAGATGTCCTCGTCGCTGACGCCCCAGGAGCCCTCGAAGACCGGGTGCTCGAATTGACCGTTGTCGATGATCTCGGAGAAGCCGTTCCCGGTGAAGAACCGCTTCATGTTGTCGAAGTGGCTCTCGCCCCCGTAGATGAACTGGGTCCGGTAGCCCTTGCGGCGCAGCAGCTCGCCGAGGGTGAAGAAACCCTGTTGCGACAGGCCGAGCTTGACCACCGAGCGCGCGGGCGTGGGCAGGAACCCGGCGACCACGGCCTCGATACCGCGCACCGAGCGGGTTCCGGTGGCGTACATCTGCTCGAACCACCAACCCTCGTCGCGCAGGGTGTCGAGGAACGGCGTCGAGGGCTTACCGCCCAGGGTGCCGACGTATTGGGCGCCGAGGCTCTCTTCGAGGATCACCACCAGATTCAGGGGGCGCTCTCGCGCTACCGTGGCGATCTGCTGGTGCAGGGTGGGGATCGAACCTGGCACGAAGGCCTCGCTCGGGACTGTGACCATGGAGGCGCGAACCTCGTCGAACACGGCGGCCTCGCTCTCGAGCGAGCCGTAGACCGTTGCGGCGTCCTCCTCGTCCTTCATCTGCGCGACCGCGTAGGCCACCGAGTAGACCGAGCTGAGGGGCAAGTCGTTGAGCAGATGGTCGCCGCTGAAGGCCACCGAACTGGGGTTGGCCGCGCGGTGTTGGAGGCTCGACCGCGCGCCCAGGAAAAGGAGCGGCGCGAGGGCGACGAAGAGCAGGGCGCGCTTCCAGGCGGCGGTTGCGACCGTGGGTCGGACGTACCTGCCGTAGAGTCGCCAGACGAGCAGGGTTGCGGCGGTCGTGACGAGCGTCGAGACCAGGATCTCGAGCTTGTAGCCGCCGACGAGCATCGAGCCGACTTCCTTGGGGTGGACCAGGTACTCGACGAAGAGGCGGTTCGGTCGCGAATCGTACTCCTGGATGAAGGGCGGGGTCAGGACCTCCATGAACACGAACAGGGCCGTCAGCGCCGTCAGGTAGACGCGCACGGCGGCTGAGACCATGGGACCCGTTCCCGT
CP036296.1_gap63	2485354	2488079	2725	TGGCGCGCAGGCCATTGGCCAGGTGCTCGCGATGGCGCCCGGTCCAGTCTGGCAGGCCCGTCGGCCGGTCCTCGAAGAAGTGCGGCGCGAGGGCCTTGCGGAAGCTGAGCAGCAGCGGCCAGCCGACGAAGGGCACGAACAGCAGCCAGCCGCCACGGCGCAGCTTGCGACGCCAGTCGGGATCGGCGAGCAGGTACAGGCTCGACGGGCGCGGACCGACGCTCACCAGTGTCGCCGCTCCAGCACGAACCAGATGTCGGCGATCGAGGTCGCCCGGTCGAAGGCCAGGATCCCGAGCAGGGCTGTGAACCACGCACCCCGCCGGCCGAAGCTCGGGAGCGCCAAGAAGAGCAGCGCGTAGGTCGGCCCACGCCGGAAGTGAATCACCAGCTCCGCCGGCGACTCGACCCACTCCCGCAGCCCGTGGAAGGCGGCGGTGTCCGTGGCGCCCAGGACGCCACGGCGAGCAGCGATCGGCTGGGGACTGTCACTTCATCCGAACCGGGCTCTCGGTCCTCACCAACCCCGCTTGCGCTTCGGGGCCCAGGTCAGCCACTGAGCCAGGCTCGCGTCGAGCACCAGGTCGAGCCCCAGGAAACGACCGGCGCCGGACATGAAGCAGCCGAAACAGCAGGCCGCCAGGAGCAGGTGCAGCAGCGCGGACTCCGCCGCGCCGAAGAGCCAGGCGTTCAGCATCAAGAGGGTCCCGATCGCGCCCAGGGGCCGCGTGAGGGCGCCGAAGACCAGGCCCAGGCCCACGGCCAGGACCAGCCACTTCCACAGGAAGGCGATGGCGTCGGGGTTCTCGAGCAGGACCGACTCACCCCACCAGCGGGCGAGGCCGGGCAGGTCCGGGAGGGCGGCTTCGACGCTGTCGCGGATGTAGGCGCCGCCGGTGGTCTCGCCAGGCAGGCCGAGCAAGCCGGCGCGGGTCAGGAGGGCGCCGGCGGCGACGCGGATCAGGACCAGGCCGGCGGTGGGGCGGGGCTGGGAGGAGGAGGCCATTGGGACGGATGCTAACGTGGCCCTCCGGCGGCAAGCCATGTGGACGGCCTTTGCGGTCCATTCGGCATGGTGATCCCCGCGATGCGTATCGCCCTCGGGCGGCGTTCCGGCCGCCACTGAATGCCCATGCACGATCAGAACAACGAGTCCGTGGCCCTCGCGGCCCAGGCCCTGCGCCGCCGAGCCCGCCTGGCCGCGGCCTGCGGCGAGGCTGCTCGCCTGGGCTCCTTGGCGCTGGTCTTGGCCGGGGCGGCGGCGCTGCTCGGCCGCGCGTTTCTCGGTTGGTCGATGGGTGAGGCCGCCTGGACCTTGGCGCTTCTCGTCGTCGTGCCGCCCGTCGCTTGGATCCGGGCGGCGCGGCGCACGCCGAGCCTGGAGTCGGCGGCGACCTGGCTCGACATCCACACCGGGGGCAGCGGCGCGGTCGTCGCGGCCCTCGAGCGCCCGCTCGACGGAGTCTGGGCCAGCAGCGCGGATTCGCGCCTGGCCGCCGGCCGCTCCGCCGGCGACCTGAAGCTGCCGCGCCTGCGGACGGCGCCGCTGCTGCGGCCTTCCGCGCCGGCTGCCGTCTTCTCGATCGCTTGCCTCTTGATCCCGCTCGGCTCGGGGCTGGTGGAGCCGCCGGACGCCAAGGCGGCCATCGAGCGGCGCGCCGAGGACCTGCGCGAGCAGCTGGAGGTCCTGGACGAGACCATCTCCCTCGACGACGACCGCGTCCAGGAGTTCGAGGACCGATTGCGCGCGGCCCTGGAGCAGGCAGCCGACGGCAACACCGAGTCCTCCTACGAAGCCATGGATCGGCTCGAGCTCGATGCGGAAGCCCTGGCCCAGCGCGCCGCCGAGGCCGCCGAAGAGGCCCTGCGCGCCATGAGCGACGCGGCCTCCGACATGGCCAGCGATCCCGCGGGCGCGCGCGAGCAGCTCGACGCCATGGCCGACGCGATGCAGGCCGCGGGCCTCGACCCCGGCGAGCTGTCGCCGGAGCTGTCGGCGGCGCTCGACGAGTTGGCGTCGCAGCTCGAGGCCCTGCCGCGCGGAGCGACCGGCGAGGAGGGCCTCGCGGCCCTCGAGCAGCTCGCGCAGGAGTTGGCCAAGATGGCCGAGCTCTCCGAAGAGCTGCGCGAGGCCCTCGCCAAGAAGCTGGGCGAGCTGGCCGAGGCCGGCCTGCTCGAAGGCGCCGCGCTGCCGAAGATGGAGATCGATCCGGCCATGCTCCAGGCCTTGATCGAAGCCCTGAAGAACATGGACCTGGACAAGTCCCTCTGCCCTCCCTCGCTCAAGCCCGGTGGGACCTGAATCGGCGGCAGTCTGGGCGGCGCCGGCGGCGCTGCCATCATGGGTCTGCAGGGACTCGCCCAGAACGAGGGGCCGGGGTCGGAGTTCGCCCGCGCCCTGGCCGAGAAGCTGAAGGCCGCCGGCGGCGGTGGGGTCTCACGCGGGCCCGGGGAGGCCTCCCTGGACTTCACCGGCGAGACCGCGCGTTTCTCCGAACAGTTCGAGGCCACGGCCCTGCCCAGTGGTCAGTACCCGGACCTCGAACACTCCCAGACCATCGGCATCAGCACCGGCGATCCCCAGGTGGACGTGGTGCGCCAGGGCGCGGCCCTGACCGAGTTCGGCACCGAGGGGGGGCAGTCCTCCTGGCGCCGTCGCCTGGCCCCGCGCCACCGCGACGCCGTACGCCGCTTCTTCCAGACCGACGAGAACCAGCGTTGACCGA
CP036296.1_gap64	2489323	2492134	2811	ACGTGCCGGCCCGGGTGGAGTTCCGCTCGAGCCGCGCGGAGGAGGTCATCGTCGTCGCCCGCTCGTGGGCCGGCAACGACGTCCACTCGGGCACCACCAGCGTCAGCGGGATGCTGCCCCCCGGCGGCTCGACGACCCTAGAGCTGCCCATGCTGTCCGGGATCGTCGACGACCACGGCCTCAATGTCATGGCTTCGGTCGATGGCCAGGACGTCTACCTACACGCCTACGCGCGCAACCCGCGCGACGATCTGCGCGGGATCCTGGTCGTCAGCGAGCGCGCCGAGGGCGCCGGCTGGCCGGCCGATCGCGCACAGGCCCTCACCGGCGTCGTGATCCCCGACCGCGCGCCCTTCCGCGGACTGGCTCCGGCGTCGGCGGCAGCGCTGGCCTGGCAGATCGGTCTGCCCCTGCCCGAGCTCGTGCACCCCGCCACGCGCGCACCCGGACGTCCGGGCGCCCTCACGGGCACCTTCTCGGTGGCGCGGATCTCCGGTGCGTTGCTGCCCCGCAGAATCGAGAGCTACACCAGCCTCGCCGCGCTCGTGATCGACGGCGACGCGCCCCCGGCGAGCGCCGACCTGGGCGCGGCCCTGCGCTGGATGCACGCAGGCGGCACGGTGGTCTTCGCCGGCGCCGACCCGGAGCGAGCGGCACGCACGGTCCTCGCCGACGAGATTCTCGAGAATCGGTTCGAGCTGGCGCGCTTCGGCGAGGCGCGCGTGCTGCGGCGCGGCCTGGGCTACCTGATCCTCGCGCCCGGATCGCCCCTCGTGAGCCAGGACCAGGCGGACGCGATCTATTGGGTCGTCGAGCGCGCCGCCCGCTGGGTGCCCTCGGCGCCGATCCGCCACACGTCGTTCCGACCGAGCACGGGCATCGTCACCAGGCCGCCCGTGCTGGCGCTGCTGACGATCGTGACCCTGTTCACGATCATCGTCGGACCGCTCAACTTCGCCTACGCGCGCAAGCGGCGTCGGCCCGTGCTGCTGCTCGCGACGATTCCGCTGCTCTCGGTCTCGGCTGCCGTGCTGCTCTTGGCCTACGGGACCATGCGCGACGGATTCGGCTTGCGGACGGCGACGAGCTCCCTGGTCGTGCTCGATCAGCGCACCCACGAGCTGGCCGCGGCCAGCGCCCGTGAAGTCTTCGCGGGGCTCTTCAGCGAGCGCACCGCGAGGCCCCACGCGGGCACCGTGGTGCTGCCGGAGGTTCAGCGCTCCGACCTCGAGCGCCGAGCGCGCTTCCGCGTGGACTTCGGGACCAACACCGAGTTCAGCGGCGACGTGATCGGTACCCGCTCCGTGCGCCGCCTGCGCACGGTGGAGCAGCGCACGAGCCGACTGCGCCTTGACCTGCGCCCCGAGGGCGACGGCTGGCGCGTGACCAACGGCCTGGAGACGGGTCTGCGCGACCTCGTCTTCCGTGACGCCCAGGGCTCGCTGTTCACCATCGACCGCTTGGACGGTGGCGGCGAGGGGCTCTTGACGCCGTCGGGGGAAGAGCGCGCGCGGGACGTCCTGGCCTCCCTCGGCGTGGGCGATGGCGTGCCGCTCACGGACACGTTGTTGCCGGGTACCTACGTGGCCCTGGTCGAGGGCGGCGCGTTGATCGACGACCTGGGCCTGGGCGGCCGCTCGCTCGCCCAAGAGCACGGCTTGATCGGAGTCGTCGATTGGTCGACGGCGGGGGGGGCGGTCCGATGACGGCGATTCTCGAGGTCGAGCGGCTGACCAAGACCTTCGACGGTCTGACCGCGGTGGACCAGATCAGCTTCGAGGTCGGCGCCGGCGAGATCTGCGGCTTCATCGGGCCCAACGGCGCCGGCAAGACCACCACCATGCGGATCTGCGCCACGCTCGAGCTGCCCGACGAGGGCGACGTGCGAATCGGCGGCCATTCGGTGCTGGAGGAGCCGCGCTACGCGCGCCACCGGACTGGGTTCATGCCCGACCACTTCGGCGCTTACCCTTCGACCACGGTCGAGGAGTACATCGACTTCTTCGCCCGGGCCCAGGGCCTGCGCGGTGCGAAGCGCCTGTCGGCGGTGGGGGACGTGACCGAGTTCACGGGCCTCTCGCCCCTGCTAGGCAAGGCGGTCAGCGGACTCTCGAAGGGCATGCGCCAGCGCCTGTGCCTGGCCAAGACCCTGCTGCACGATCCCAAGCTCCTGATCCTCGACGAGCCCGCTTCGGGTCTCGACCCGCGCGCCCGGGTCGAGCTGCGCGAGCTGGTGGTGGCCCTGGCCGAGCTCGGCAAGGCGGTGCTGATCTCCTCGCACATCCTCACGGAGCTGTCGGAGATCTGCACCAGCGTGGCCGTGATCGAGCTCGGCCGCATCAAGGCCCACGGGAACTTGAAGGACATCCGCGCGCGGCTGTCCGGCGCGGGTCGTGCCTTCCTGCGCTGCATGGAGTCGCCCGAGCAGGTCGAGCGCGCGATGGCCGAACTTCCCGGCATTCAACAACTGGTGCGCGAGCAGGGCGGAGTCAGCTTCGACTACGGCGGCGGCGACGAGATCCTGGCAGGCATCGTCACCCGCCTGGTCACGGGTGGCCTGCGTCCGGTCGAGGTGCGGCAGGAGTCGGCGGACCTCGAGGACGTCTTCCTGGAGCTGACCGAAGGGCAGGTGCAATGAGCGACGAAGCCCAGATGTCCGTTTCGCGGATCGAGTTGCTCAGCGATCGGGTCAACCCGATCGTGGTCAAGGAGGTGCGCCAGGCCCTGCGCGGGGACGCCTTCTTCAAGTCCCTGTGGGGCGTGCTGATGCTCTCGGCCCTGGCCTGCATCGTGGCCCTGACCTTCGTCTCG
CP036296.1_gap65	2493594	2497235	3641	GGCGCAGCTACGCGCCCGGCGACGACGTGCGCCGCTTGGACTGGGGCGCCTTCGCGCGGACCGACCAGTTGATGGTTCGCCAGTACCGCGAGGAGGTCGCGCCGAAGTTGGAGCTGCTGCTCGATGTGTCGGCGTCCATGGGCGTCGACGCGGACAAGGCCCAGTTGGCGGTGGACCTGGCCGCGTTGTTCTGCGGCCTGGCCCGCTCGGCCGGGGCCCCGGCGCAACTGGTGCTGCTCGGCGATCAGTTGACCCTTTCGGAGCCCGAGGCCCTGGACCACGGCGTGGCCTTCGAGAGCGAGCGCCCGGTCAGCGAGCTGCTGTCCGACGCCGCCGCCCACGCTCGCCCGACGGCCCAACGGGTGCTCGTCAGCGACCTCTTGAGCGAGGTCGACGCCAGCGGAGCCACGCGCTCCCTCGCCGGTCGCACCGAGCGCCTCTCGATCCTGCAGGTGCTGAGCCCCTCGGAGGTGGAGCCCGAGGCGTCCGGTCCCTCGCGCCTGGTCGACGCGGAGGGCGGCAGCAGCCTCGACGTGATCGTCGATCGCGGCGCGATCGAGGCCTACCGGCGCCGGCTCGAGCGCCTGCAGCAGTCCTGGCGCGAGTCGTCGCAACGCATCGGCGGGCGCTTCCTGAGCCTGACCTGTGGCCCGCCCCTGACGAGCCTGTGCCGCGAGCGCCTGGCGGTCGAGGGCTGGCTGGAACCGCGCTGACCGGCGTCTCCTCGCGCGCAACCTGCCGCGGTCGTGCGCGAACGTCAGCGATCGAGTCGCCGCGCCGATGCGCCGCGCGCCTTGCGCAGGGCGGACCCGAGGCTCGGTTGCTCGGGGCTCGGACGGGAGTCGGGAGCGGTCGAGGTCTCGACCGACGTCTCGCTCGGCGTCTGCCCGGCCTCCGCGTCAGGACCCGGCGCCGTCGCCCGCTGATTCGGCGTTCCGCGGATCGGCTGCACCCGGGCGCGCGCGCCGCGTCGCGGCAGCCTCACCAGGCCCCAGAGGTCGAGCCGTCGGAACCCGATCTCGATCAACAACACCAGGATCGCCGCGAGCAGCAGCGGACGACGCAGGGGGCGTCGGCCGGTGCCCGAGCGGGGACCCTCGAACAGCTCACCGGCCGCCGGTTCGACGCGGCCCCCGGAGAGGTCCGCCAGCCGCGCCAGGCGCCGCCGACCCACGTCGGGATCGGGTCCGCGCTCGAACTCCGGGGAGTAGGGCAGGCCGATCACGGGCAACTGCAGGGACCGGTCGTCGCCCAGGCTCACGGTGCCCACCACCACGCCGGCTTCGTCGATCGGGACCCGCGCCTCGAAGGAGCGCGGGCCGGTGCGCTCCAGCGCGACGACGCGGTTCTCGCCGCTGGGCAGGCGCAGGTTGGCCTCCAAGCGCGCGAGCTCGGTGTCCAGCTCGGCCTCGGGATCGAGCTCGACGGTGACCAGCGCCTCGTTGCCGCGGCGCTCCACGTCGGCGAAGACGCCCTCGGGTTCGCCCATGCCGACGAGCCAACGCACGATCGACGAGAACAACGCCTGGAAGCCGGGCCAGGCCACGATCGCGCCCCCGGACTCGCCGCCCACCTGCCCGGTGTAGGCCAGGCTGCGACCGAGCCCGTACCAGGCGTAGGCGATCACGGGCGCCTTGTAGTCGTCGGTCGTGACCGCGCCCGCGGTGGCCTCGGCCTGCAAGTAGGTCAGGTTGTAGCCCGCGAGGATCGGCAGGGCGTCGGTGGGCAGGTCGCCGATGCCGAGCAGCCCGGGCAGGCTGCGCACCTGGGTCGGCTCGTCGACGAAGCCCGAGCGCGCGGCGGTCAGGGTGTCCTGGCTGAACAGGCGCGGCAGGTCCTCGGCCTTCTCTGTGAAGTAGGCCTCGCCGCCGCCGGCCGTCGCAACCGCCTGCAGGAACTTCGCGTCGCTGTCGGTGTCCCGGCCCAGGGCGATGACCGAGCAGGTCATGCCCGCGCGGCGCAGGTCGAGCAGCAGCTCGACGCAGCCGTCTTGATCCTCGGAGTCGGCGGCGTCGGCGAACAGGATCAGGTGGCGGTTGATCTGCGGCGCCTCGAGGAGCGTGGCGGCCGCCGCCTCGATCGCGGCCTTGACGTAGATCCCGCCGCCGCTGGATTCGATCTTCAGGATCTTGTCCGCAATCGCGCCAGGCTGATCGACCTGGGTCAGCGCCACCACCTCGTGGGCAGCGGTGTCGACCGCGAAGACGACCACGGCGTCGAGGGGCGAGAGCATCTCCACCGCCGTCGCGGAGCCCTCGTTGGCCAGGTCCATCTTGGTGCGCCCGCCGGTGACGGGCGCCATCATCGAGCCGGAGCGGTCCAGGGCGATGCCCAGGGCCACACCGACCTTGCGGTGCTCGCGGCGCATCTCCAGCGACACCGGCAGGACCGGATCGAGGGGCGAGTTGTGGTAGCCGCCGCGACCGAAGCTGGCCAGGCCACCGGTCACCAAGAGGCCGCCGCCGCGGTTCTGCACGAAGTCGGTCAGGGCGTCGAGACCGTCGTAGCCGATGCGTCCTGCGTCGACGTTCTCGAGCACCACGGCGCGGAACCCGGCCAGGGACTGGGGCGTGATGCGGACCTCTTCGGGCGCCAGCACCACCGTCGGCAGGCCGGCGCCGACGAGGGCCGCGGAGAGGGGCGAGGTCGCGCCGCCGTCGTTGAGCAACAGGACCCCGCGCTCGCCGCGCACGCGCACGCCGGCCAGGGCGCGGTCGTTCTCCGGCGCGCGATCGCCTGCGGAGTCGACGCGCACGGCGTAGCCGGCGATGCCCGCGCTGGCCAGGCGGTCGCGGAAGACCACCCGGTTCATGCCGGGCTCGAGGACGCGCGCCTCGCTGCGCAGCTCGGCGCCGTCGCGCTCGAGGGTCACGCGCGCCTCGGTGCGCTCGTCGGAGCGCACCCAGGCCACGAACTGGAAGGTCTCGCCGACCGCGACCTCGTCGGGCAACTCGACGCGCTCGACCGACACGTCGGCGCCGTCGTTGCGGGCGGTCGTGCGGACGTGGACGGGGATGCCGCGGGCGAAGGCGTGGCGCGCGGAGCCCTCGAGGTCGCCGCCGCGGGCTTCGCCGTCGGAGATCACGACCAACGCGCCGGGGCGGCCGATGGGGATCAGGGACAGGGCGGTCTCGACCGCGCCGGCCAGGTCCGATCCGTCGGCGTCGGGCGCCGGGCCCAGCTCGCCCACCTGACCCTCGCGGGCGGGGCGATCGACGATCACCCCTTCGCCGAAGGTCACCAGTCCGAGTCGGTCGCCCGTTCGCGACGAGGCCTCGGCCAAGCGCGCGACCTCGAGTCCCAAGCGCTCGCCGTCCGCGGGCATCGAGCGCGAGCGATCGAGCACCACGATCAGATCGCGACCCAGGGCGCCCTCGCGCAGGTAGGGACCGGCGATGGCGACGGCCATGAGCGCGATCGCCAGGAAGCGGATGGCCGTGCCCGGGCGCGAAGCGCTGCGCCAGGTCCACGCGACCCACAGGGCCGGCGCGGCGAGCAGCAAGAGCTCGGGGTGCTCGAGACCGATCAAGCCACGCCTCCGCCGCGACGGCCGCGCAGGGTCCAGATGTCGAAGGCCACGGCCAAGAGGGCCAGGGCCGCGAGCCAGGCCGAGACCCGATCCGAGCTGATCGCGACGCTGG
CP036296.1_gap66	2529419	2531691	2272	CCCCAATCCCTTCGTCGCCGTGCACGAGGCCGTGGCCAAGAGCCCGGCGGTGTCGGTCTTGCCCGAGACCCGCGCGTGGAAGGCGACCAGCGACCTCATGGTCCAAGCCTTCGACGCGATCTGGATGGGCGCGGACGTGGGCACCGAGCTCGAGCGCGTGCAGACGCGCGCCCAGGGTTTGCTCGAGGCCGCGCGCGAGCGCTACCGGGCGCGGCGGGAGCGAGTCTGAGCCGTGGCTGCTGCCACGAGGCGCGCACCCGTGGCCTGGGTGCTCAACTTCGATGCCGAGGAGGAGCTCGCGGTGCCGCGCCGCTACCAGCCCACGGCGGCGATGCTCGCCGTCCTCGCCCGGCAGCGAGCGCGACTGGTCGAGGAGTCGGCGCGCGGGCGCAGCTTCCTCGCACCCGGTGACCTGATCGTCGACGAGCGCACTCCGCCCGGCGCGGCCGCCGGCCTCGAGGGTCGCGCTTGGTGTCCGACCCCGCGGGCGGTGGGTCTGCTCGAGCGGGCGGGTGCGACGCCGCGCGGCGTCCTGGACGTCGACGTCCTGCGCCGCGTCAACGCACGCCCCTTCGCGGCGGAGCTGCGCGAGCGCCTGGAGGGCCCGGCGTTCGAGAAACGGATTGCTTCGGACCTCGACGAAGCTCTGTCTCTCGTCGCACGCCCGGCCGCCCTGGGCTGGCTCGTGCGCCGGACCTTCGGCGCGGCGGGCCGCGGCCGCCGCCGACTCGCGGCCGGACGCGTCGAGGGCCCCGACCGCGCCTGGCTCGCCGCGAGCCTGGCCCGCGGGCCGGTAGTGGTGGAGCCCTGGGCCGATGTCGTCGAAGAGCTCACCGTCTGCGGTGCCGTGACGGCCAGTGGCAACGTCCAAGTGCTCACCCCCGGCTTCCAGCTCACCACTCGCCAGGGCGCCTGGACGCGAACCGACGCGGCCGACCCGAATCACCTCGGCCGCGCGGACGATTCCACGGTGCTCGCCGCCTGCAATGAAGTCGGCCGCGCCCTCGCTGCCGCTGGCTACCGCGGTCCCTTCGGAATCGACGCTTTCCGCCACCGCCCCGCCCCGGGAGCCGCGCCGCACCTCAACGTCCTCAGCGAGATCAACGCACGCCTGACCATGGATCGGATCGAGTCGGTCGGAAGCGACAACCGCTGACCGAACCGCGCTCCCGGTCCGAAGCCGGGCCGCGGATCAGCCCTCCCGCGCACCGCGGACCGAGTGCGATCCGAGATCGTGTGGTAGCGCCACGGGTGCCCGGATTCCCGAGACCCTCCGGCTCGTGGCTCGAGGGACGGGCCTGCAGGCCTGCGCCCGCCGTCGCTAGGATGCGACGGTGAATCCCGGGCTCAACGACTGCGTGGCTCCTGCTCAGCGCGCCAGGGGCGTGGGCGAGGTCACAGGGTGAGTCGCGCTACCGAGCACCGCGCCGGCTGGATCTGGGCCTCGCCCTTCCTGGTGGGAGCCGTGGTCTTCCTCGCCGTGCCGGTCGGGTTGGCGCTCTACACCGGATTCACCGACTACGCCCTGATCGAGTCGCCCCTGTGGATCGGACTCGACAACTACCGGGAGATGGGGGACGACCCCGTGTTCTGGCAGAGCATCCGCAACACCGCCGTCTACACCGCCGCGGCGGTGGCGCTCAACTTCCTGGTGTCGCTGGGCCTGGCGCTGCTGCTCGAACAGCGGCTGCGCGGGCGCGAAGTGGTGCGGGCGGTGGTCTTCGCGCCGGTGCTCGTGCCGATCGTTGCCTCGGCCATCGGCTGGATGTGGCTCTACCACCAGGAATTCGGGCTGTTCAACGTGGTTCTGCGGCGGCTCGGGCTGTCCGGCGTCGACTTCCTCGGTGACGGGCGCTTCGCCCTGATGTCCCTGGTGGTGATGGGGGCCTGGGTGGTCGGCTCCCAGGTGCTGGTGCTGACGGCGGCCCTGCGCGGCGTGCCGCGGGAGTTGATCGAAGCGGCGGGCCTGGACGGTGCTTCGGCCATCTGGCGGCTGCGCGCGGTGGTGCTGCCGGCGATCGGCCCGGCGCTGATGTTCAACCTGATCGTCTCGATCATCTGGGCGGCGCAGGTCTTCGCCGCGCCCCTGGTGATGACCCGCGGCGGTCCGGCGGGGGCGACCCAGGTCTTCACCATGTCGATCTTCCAGAACGCCTTCCAGTACGGCCGCATGGGCTACGCCAGCGCCCTGGCCTGGTTGCAGTTCTTGGTCATCCTCGGGCTGACGGCCATCGCCCTGCGGCTCGGACGACGCTTCGTGCAGACGGAGGCG
CP036296.1_gap67	2582465	2585065	2600	GCTTCCTGCACGACGACATCGAGGCGGCGCGGGCGTTGATCGCCAGCGGCGAGGTCACGCGCCGCGCGGAAGCCGCCATGGGGGCGCCGCTCGAGGCTTGAGGCCGTGTTCGACCTCGCCGCTGCCTCGACCCGCTCAGGCCTGACCCGCGGAGTGCTCCTCGCCTGCGTCGTCGCCGCCGGCCTCGCGTCCTGCGTGACGCCCGAGTCCAATCCGCCCGGCCCGGTGGACTACCCCGGCTGGCGCGAGGACGGGCAGATGCACTTCGGCACCCGCGACTTCGCGAACACCGACCTGATGCCCGGGGGCGAGGACCAACTGGTCATGGGCCTCGAGCTCTACGGAGCGCCGGAGGCGGCCTTCCTGTCGGTCGAGTTCGGCCTGTGGACCTCGGCGCCCTACGACGGCTCCCTCGACGACTGGTTCGACTCGATCAGCGGCTACCCGGACGAGGAGACCGAGGACCCCTCGATCTTCGTGCCCACGGTCGAGGGCTCGTCCTCGATCGAGGCTTCCCTGGGTCTGCGCAAGGAGCTGGCGCTGTTCGACGGGTTCCTGCGCCCCTACGTCTCCGGCGGCGTGTCCCTGCTGCGTGCGCGCTCCTTCGTGGCCACCGGGGCGCAGGGCGTGGAAGAGGGCGACACGACCTGGGGTTACTACGGCCAGGTCGGCCTGCAGTTCGCGCTCACGCCCAACGCCAGGGTCGGGATCGCATGGCGCGCCTTCGAGGGCCAGCCGGTGGATCTGCTCGGGGTCAGCGGCCGGCCTGACTACCGGCAGCTCTCGTTCACGTTGGGCTTCAGCTATTGACGACCGCAGCTATTGAGGACCGCAGCTATTCAGGACCGTGCCTTGCGGCGCGCCGCCCCGGGCGGATGATGGCCCCATGGAGCCGCCGATCTTCGCCCTCGACCGCTACACGGTCCTGGCCAACTCCCCGCGGATCCTGACCAAGCCCATCGCCGGCGGCAATCAGGAGCTGCTGCGCGTGGGCTGCTTCATGGCGGTCGACGAGACGGGGAGTACAGTGGCCTTTCGCACCGACGAAGCGCCGCTCCTGCGTCCGCAGTTCGAGGTCTTCACCAACGGCGAGGCGAGCGAGCTGATGCTGCATGTCGCGCCCGAAGGCGAAGCCCAGGTGGTGCGCGCACCGGACTCGGCGGGCGACGTGGTCGGGCGTTTGCGTCCCCACGCGCGCGGTCCGCTGCTGGCGCGCTCGTGGCGCGTCGAGGGCCCCGACGGCACGACCGTGGGCGAGTTGGCCGATCGCAATGCACGCACGGCCCTGGCCCGGCGCTGGCGCCGCCGCCGCGCGCGAGAGGCCTTCGAGCTGCGGCCCGCGGGCGGTGGACCGGTGGCCTGGCTGCTGCGCGACCCCGACCCGGAGCCCTACCTGCTGCGGGTGGTGGCCAAGGCGGGCTTCGCGATCGACCGCCGCCTGCTCTTGGCCTGCGCCCTGGTCGTCCCCGCGCTGGAGGGGATGACGGATTACCTGCGGCCCCGGTCTCCGGTGCGCTGATGGCGGGCCTGCGCGCGCTCGGCCGGTGGATCGCAATCGTCGGATCACTGCTCGCACTGGTGTGTTCCTGTGGTCGCGAAGCGGAGCGGGCCCGGGACGAGGCCCTGGCCCAGGCCGCGCGCGCGAAGGCCATGCTCGAGGCCACGCGCCTGGAAGGAGAGCGGCTCGATGCGCTTCGCGCTCGCGATCGGCTGTCGACGGCCGAGGTGGAGTCGGCTCCCACCGCGCCCACCGATCGCCCCTACGTGCTCGTCCTCGGCACGGCCCAGGATGGCGGGCTGCCCCAGCTCGGCTGCCGGCGCGCGTGCTGCGTGGCCGCGCGCGAGGATCCCTCGCGCCGGCGGTCGGTGACCTCGCTGCTGTTGGTCGACCCGCGCGCGAGGCGACGCTGGCTGATCGACGCCTCGCCCGACATCGATCGGCAGCTCGAGGTCGCGGTCGACCATCCGCGAGGTTGGAGCCCGCCCGCGGCGCAGGGTGGTCGCCCGCCGCTCTTCGATGGGATCCTCTTGACCCACGCGCACACCGGTCATTACGCCGGCCTGCTGCCCCTGGGGCGCGAGGCCTACGGCGCCGCGGGGCAGCGGTTGTACGCGACCGAGTCCATGCAGGCCTTCTTGACCGACAACGGTCCCTGGTCCCTGAGTGTCGCTGGTGGCGGCTTCGACTTCGCGCGTATCGACCCCGAGCACCCGCTGCGGGCGGGCGAGGACCTTGTCGTCGAGGCCCTGCGCGTTCCCCATCGCGACGAGTTCTCCGACACCCTGGCCTTCGTGATCCGCGGGCCCGAGCGGTCCCTGCTCTACCTGCCGGACATCGACAAGTGGGAGCGCTGGGAGACGCCCGTGGAGGAGGTCCTGGCCGGGGTCGACGTGGCCCTGGTCGACGGGACGTTCTTCGGGCCTGACGAGCTTCCCGGGCGCGCCATGGCCGAGATCCCGCACCCCTTCATTTTCGAGAGCCTCGAGCGCTTCGCGCCCCTGTCGGAAACGGACCGGGCCAAGCTGCGCTTCACTCACCTGAACCACTCCAACCCCGCCGCCGACCCCGCCAGCGACGCCGCGCGGCAGGTACGCGACGC
CP036296.1_gap68	2746516	2751029	4513	TCATCGGCGTGGGGCTCGGCGGGCTCTACGCCCTGGCCTACGCCCAGGCCCATCCGGACCGGGTCCAGGCCCTGGTCCTGGTGGGGGCCATGCTGCAACCGACCTTCCCGGTCGCGGCCAAACCCGGCGGCCTCAAGGGGCTGTTCAAGAAGCCCACTCCGATCGATCAGGCGGACTTGGACTGGTCCCCGGACCAGATCTCCAGCGACGCCAGCGCCCAATCGGCCTGGACCGGCGATCCCCTCGTGCATCGCAAGGTCAGCCGTCACGTGGCCGAGCGGGTCGTGGCCGAGGCCGCCGAGGTGCGTCGCCATGCAGCGTCGATGACGGTGCCGACCCTCGCCCTGCACGGGTCCGACGACACGATCGCATCGGTCGACGCCGTACGCGGCATCGAGCGCGCGGGACTGGAGCTGCGTGTCCTCGACGGGCGCAGGCACGACCTGTTGCACGAGGCCGGCGCCAAGAGCCTGTACGACGACATCGCCCACTGGATCGACGGCGTCTGCCCGCGCTGACGCTCGCTCGCAGGTCGGCCCGAAACGAGAACGCCCGGCTGGATCAGCCGGGCGTTCTCGTTCGGGGCCCTGTCGAGTTCGGGGCCCCGTCGAGTTCGGGGCCCCGTCGAGTTCGGGGCCCCGTCGAACCGCCTGCTTAGCTCCGCCCGCCGCGCTTGGGCATCGCCTGCGCTTCGACCCAGTCGGACACATCCTTGCGAAGCTTCTTGTCGGTCAGGACCTCGGCCCCTTCGGAGCGCACTCCGACGATCGAGATGTAGCCGTCGCCCTCGACCTCCTCGACCAACTCGTCGGCCGCATCGCGCTGGTCGCGGCCGGCCACGATCATCACCGGCAGGCCTTCGACGTCGCGCAGGTCCGAGGTCAGGTCAAAGCCGTACAGCTCGCTCTCGAGTCCGACGATGCCGACGCAGCGGACGTTCTCGTCGTGAGCCGCGTGGCGCACCGCCAGGGCGCCGCCGGCGCCGACGCCGATCACGGTCAGGTTCGTGCTGTGGATGCCCTCGTGCTGGGAGAGCCAGCGCGCGGCCGTGTCGACGTCGCGGGTCGCGAAGGCCCACAGGGTCTTGCGCGCTTCCGCGTCCATGTCGGACCAGTCGAGATTCTCGGCAACGCTCTCGCCGTGGCCACGAAGGTCGAGCGTGAGCACGGCGAAGTTCGCGCGCTGCAGACCCTCGGCCATGTCCGTCAGGGTCGAGCGGTCGCTGCCGGCGCCGTGGATCAAGAGGACCGCGGGGGCGCGCCGGTCATCCTCGCGGGGCGCATAGAAGTCTCCCTTGAGGGCGATCTTGTCCGAGGTCCGCAGGGCGACCGGCTCGAGACCCGTCCGACCGCGTTGGGCCAGGGGCCGCGCCACGATCGGCGGACCCACGGCGATCGAGGGTCCTGCCGGAATCGAATGGGAAGTCGTCGTCGCACAGGCCGAGGGGAACTCGACCTGCACCGGAAGCAGGGGGCCGCTGAGGGCGGCTACGAGGAGGGAACTCGTCAGCATCGCTCGCGCCGGGCGCTTGCTGTTGGTCTGGCGGGACGGTTCAGGGGAGCCCGGTGGGGGCGGGCTGGCTCTGGCCGTTCGCGGGGATGATCGAGCCGGCCTGGGGCAGCCGTACCCGGGGAAACTTCGGCAGAGGGTAGTCGAGACCGGCCACCCTGCAAGCCATGCGGTACCTAGTGTGCCCTCCGGAAGCGGTTTACCAAGTTCCTGTCCACGGACTTACGTCGGTGGACCAGGCCCGACCTCTGCGGCCCCTGGGGGGAAGATCGCGGGGGAGGGAGGTCGGCCCGCAGTTGGCGAGCGAGGAGTCCCCGCCGGGACGCGGGCCGCCTCCGCGAGGATCCCCAAGCCAGAGGAACCCGGGAACTCGCCCCGGGCCCAGGGCGGCCCGTGGCGCCTTCGGGGTCCGGGAGGGTGGGTCGCAGCCCCCGTAGCCCCCGTAGCCCCCTTAGGCGCCGTAGGCGCCCGGAGCCCTCGAGCCTCAGCCCAGCTCGAGTTGACGCCTGGCGTCGACTTCGTCGCGGTTGATCGCGGCCATGGCCTCGTCCAGGCGCTCGACCAGGTCGAAACTGGGGTCCATCGCGCGCTTGACCTGGCGCATCAGTTGGATCGCCATTCGGAAGCAACGGCAGAGGTCGCCGGCCGTGGCGTCGGTCGTCTCCTCGAGTTCCTCGAAGGAGGCCCCCCGGGCCCAGGCGCAGACCGCGGGCGTCAGTCCCCAATCGACCGTCTTCATGGGCGTCGGGATCCCGTAGTGGGCTTCCTGCGCCGAAAGGCGGGTCAGGATCTGCCCGATGTGCCGGCGCACGCCGCCGTACAGCCGCGGGCTCACGAACGTCGGCTCGCCGCGCCGGCGCTCCTCGAATACGAGGGCCACGAAGACGACGCACAGGGCCTCGGCTCCGAGATTCTCGAGCGCCCCGCGCCACAGGAGCTCGGTGATCTGCAGCTCGTAGCCGACCAGCAGTCGCCCGATCTTGCCCTTGGCCGTCAGCTCGTCCTCGCCCTCGATGTAGCCGAGCTCGTACAGGAACTCCAAGTGCGCCTCGACCAGGCGCCGCTGCTCGCGGCTGTTGCGCTCGCGCGCCTTGCGGTTGCCTCCGCGGTGCTGCCAGGAGTTGAAGGACTTCTCCCAGGCCTCGAACAGGCGCTCGCGACCGATGCGGTCGATCAGGTGCAGGATCGACGAGTAAGACAGGCGGAAGCGGCTGTTGACCGGCTCGGGCTTGTTGGCCAGGAGGCGCTTCAGCGGCGCGTCCTCGAGGTCGCGGAACTCCAGGCGCGAGACCACCAGCCCCTCGTCGTCGATGCCCTGACGCCCGGCGCGTCCGGCCATCTGCATGTAGTCGCGCGTACGCAGGTAGTCGAAGTTGACGCCGTCGAACTTCTTCAGCCCGAAGAAGATCGCGGTGCGCGCGGGCATGTTGATGCCGAGCGCGAAGGTCTCGGTCGTGAACAGCAGCTTGAGCAGGCCGGAGGTGAACAGGCGCTCGACGACTTCCTTGTGCACCGGGAGCATGCCCGCGTGGTGGTAGCCGATGCCGTGCGAGGCCAGGCGGAAGATCTCGCCCTGCAGCTCGCCGTCGTGGAGCTGGAACATGTCGAGCAGCTCGCGCTGCAGCCCCTGCATGCGCTCGTACTCGGCATCGTCGAGCAGGTGGCGCTTCTGGTTGGCCAGGGCCAGCCGCTCGCAGTCCTTGCGGCTGAAGCAGAACACCATGGCCGGCAGCAGCTGCTTCTCCTGGATCTCGTCCAGCAGGGTCGAGAAGCTCGCCGCTTCGCGTCTGCGGTTCTCGTCGCGACGCTGCTCCCAGTCTCCGCGACCGCCGCGCCCACCGCGCTTGTCCTTGCCGCGTTTGCCACGTTCGGGCGCCCGAGCCTGGCGCTTGGCCCAGTCGAGCTTGTGCCCGTCGAACATGCCCAGGTCGGGCAGGTAGAAGCGGTGCCGCAACGGCACCGGGCGCTTCTCCGAGCGGATCACTTCGAGCTCGTGGTCGCGCAGTTGCCGCATCCACGCGCCCAGCTCGTCGAGGTTCTCGATCGTCGCCGACAGGCACACGAAGCGGATCGCGCGCGGGGCGAAGATCAGACTCTCCTCCCAGACCGTGCCGCGCTCGATGTCGTCCATGAAGTGGACTTCGTCGAAGATCACGAACTCCACGTCGTCGAGGGCGGCGGGGTTCTCGAAGATCGAGTTGCGCAGGATCTCGGTGGTCATGATCAACACCTGCGCGTGGGGGTGGATCGTGACGTCGCCGGTCATCAGGCCCACGTCGATCTTGGGGTCGTCGCGGAAGTCGCGGTACTTCTGGTTCGACAGGGCCTTGATCGGCGCCGTGTAGATGCAGCGCTTGCCGCGCGCCACGGCGTCCTCGATGGCGTACTCGGCGACGAGCGTCTTGCCGGCGCCGGTGGGGGCGCTGACCAAGACGTTGGCGCCGGCGCGGATCGCCTCGACCGCTTGGAGTTGGAAGCGGCTGAGACGGAAGCCCTTGTAGGTCGGCGCACCCACGGGGGCTCGTTCGACGCTCGTAGGTCCATCGGGGGCGCCACGGTGGGGAAGGGACCCGCCGGAATCAGCCAGCGCGGAGGCATCCCTGTCACTCGCAGCGCGCTGCGGGGCGACGGCGCCGAACTCGTGGCCGGGGCGTTTGCGTGCGGGCACGTCTTCGGCCGCTCGCGGCGATTGCCCGGTGCTTCCTCGGCGCGGGGCGCGGGGCGCTGAGTCGGAGTCGGAGGAGTGGTCGCGGCGGCGCGCCCGCTGTGGGCGCTCGTCGTCCCGGCGGCGCGGTCGGTCGGATTGCATCGAGGCAGAGCCTATCCGCCCGATGGGAGCGAGGAGAAGCTGCGCAGGCTGCGAAGACGGTTCCTGGCGAATCGAGCGCTATCCTCTCGGCGCTCCCGGAGCCTCCCCGTGCCATGGGACCCCGACCCAACCAACGATCTCGACCGCGTCCCAGGCGCCTGCCCCTGTGGCTGCCCTTGGCCGCGATCGTGGTGC
CP036296.1_gap69	2764648	2769106	4458	GTGTCCCACTGGGACGGCGGCTCCTGGAGCGTGGTCGAGGACTTCGACGGTGCGAATGGCGTGTCCCTGGGCGCGGTCGACGCCTCGGCCCCTTGCAAGCTGTTCGCCGCCGGGCGTCACGCGGTGGCCGGCAACCTGGTCAACATCTCCGCCAAGCTCGACGCCGACCCTTGGACGGACCTCGGTGGCGCGTCGCCCCTGAACCCGGCTCCGTCCCTGGCCGGCGTCGGCAACCTGGAGGCCCAGAGCGAGGTCATCCTGCGCGCCGCCGAGCTGCCGGCCACGGCGCCCACCTGGCTGATCGTCGGCGCTTCGACCCTGAACCTGCCCATCGCCGGAGGGACCCTGGTGCCGAACCCCGATCTGGTCCTCTCAGGCCTTTCGACGGACTCCTTCGGCCGCCTCGACTACGAGGTCACCTGGGCACCGGGCGTTCCGGCGGGGGCTAGCCTGTTCGTGCAGATGTGGTCTCTCGAGCTTGTGGGCGGAGGCCTCGCGGCGACGAATGGCCTCCAGGGCGTGACTCCCTGAAAGCCGCCTCCCGTGCGGGCGGCTCGGGGCGCCTGGCCGGCACCGCGAACCGCCCCCTGACGCTCGGTGAATGGTGGTCTTGAAGGCCACGCGCGTGTCGGCTGAGGCTGCTCCGAGCAGAACCCACGTGCCGGTGTGCGCCCCTGGGACGCAGTGCGCTAACGATCTTCGACCGTCATCTCGATCTCGAGTCTGCCGCTGAAGGTCAGGCGGCTCTCGTAGGGCGGGCCCTCTTGCCCGTCGTCCTTGCGGGTCCGCAGTTCGCGGTCGATGGCGCCCGTGAGGTCGAGCTCGACCGGCAGGCCCGCTGCGATCGACCAGACCAGCGCGCCCTCGAGGGCGATGGTGGAGGTCTCGGTGTCGGTGGCCTCGCCGGAGGCGATGGGGACGTTGCTCAGGTCGCCCTGCTTGACCAAGGTCTCGACCAGCTCTCCGCGCAGGGCGATGCGGGCCAGGCCGTCCTCGACCGCGACGAGGGTCAGCTCGATCGTGCCGTCGAGCTCGCGCTCGCGCACTCGGGGCTGGTAGCGAGCGTCCTCGTCTGAGAACTCGAAGTCGAGGTTGCCGCAGGGCCAGATCAGGGCGGCGAGGGACTCGGCCGGCGCCTCCCACTTCGCGCCGATGGCGACGGGCGAATCGGGCAAGAGACCTCGCAGGTCCAGGTCCTCGAGAGTTCCCTCGGGAACCTCCTCGGCGGTCGGCTCGAGTGAAATCCCCTCGACCCGTTGCGCCCGAGGCTCGTCGTCGCCTTCGCTCCACTGGAAGTAGAGATGGTCGCCGACGAGGGGTGAGTCCGCCTCGTACTCCCAGGCCTGCGCCTCGACGCCTTCGCTGGCGGCCATCGAGCCGCTGCCCGTGTGGCTGGCCTGTTCGATCGTCCGCAGCAGTGCGCTCGGTCGACCGGACCCGGGCTCCAGATAGCGGTCGATGCACTGGACCCGAATCGTGTCCGTGAACTCGAGGTCGAGCCGCGGGAGGAACGCGGCCGGCACCGGCTGGCCGTTCATCCACACCTCGAGGTTCCCGCCGGACAACTGGGAACTGCGGCTGATCGAGCGCGACCAGCTCGAGTCCTTCGTGGGGCCGAAGGTCAGATTGTGGTCGGCCTGCAGCGGAACCAGACCGAGACCCAGGCCGAAGACGATGGGGGAACTGGAGCGGAGCAGTCCGAGGAGGGACGCGGCAGGTTGCATCTTGAGGTCAGGGTCGGCGTTGCGGGGGCCCGGTCGGGCCGGGATCGCGGGCCTGGTGACCTCGCCCGCTCAGATCCTTCGCGCGAGTCCAGAACTTTCGGCCATCGACCGGCGGATCCACGCCGGCGGACGAGCACGGCGGCCGTGAATTGCCGCGGGCGCGCCCTGCCGATCCAACGGATCGGGGGAGCGCGCCCGCTCGCTCACTTCGGGCCCCGCTGCTCTACTCGAGGTGCGCGGAGAGCATCCAGACGTTCTTCTGGTGCAGCTCGATGCGACGGATCGCCAGATCGGCCGTCGCGTCGTCACCGCCGGCTTCGGCGGCCTTGACCAGGGCGCGGGCGGACTCCACGACCTTGCGACCGTCCTCGGCCAGGATGCGGATCATCTCGGTGGCCTTGGGGATGCCAGCGGTCTCCTTGACGCTCGAGAGCTCGAGGAACTCCGTGTAGGTACCGGGGGCCGGGACGCCCAGGGCGCGGATGCGCTCGGCGATCTCGTCCACGGCGAGGGCAAGCTCGTTGTACTGGGTCTCGAACATCAGGTGCAGCGTCGAGAACATCGGACCCGTCACGTTCCAGTGGAAGTTGTGGGTCTTCAGGTACAGCACGTAGCTGTCGGCGAGCAGGTGGGCGGCCTTCTTGGCGATCTCTTGGCTTGCGTCGGGCATGGGTCTCTCTCGGTGGTCCGCCACGGGGGGGCGGCAAGGGGTGAAGGAGCCGGGGACTCCGTCTCCTAGGCCCGCCCATCCTGGCCCGAAAGGGCCCGCGAGTCGAATCGCAAGTGGCTATCCACGCGATAGCCCCTGGCAATCACCTGGGCGATGGTGATAGCCAGAGGCTGTCGATCAGTGCCGCAACCCCCGCGTCGCCGTCGAGCGCCGACGGTCCTCCACGTCGCCGCCCTTGGGTCCGTGGCGCAGCGCCGCCTGGGCCGCCGCCAAGCGCGCGATCGGCACCCGATAGGGAGAGCACGAGACGTACTCGAGCCCCAGGCGGTGACAGAAGTCGATCGACGACGGATCGCCGCCGTGCTCACCGCAGATGCCGAGCTTCAGGTCCGGCTTCACCTGGCGCCCCTCGTGGCAGGCGATATGCATCAGGCGACCCACGCCGACCTGGTCGAGCTGGGCAAACGGATCGTGGTCGAAGATCTCGTTCTCCATGTAGGCCGGGATGAATTTGCCGGCGTCGTCACGGCTGATGCCGTAGGTCGTCTGGGTCAGGTCGTTGGTTCCGAAGGAGAAGAAGTCCGCCACGGCGGCGATCTTGTCGGCCACCAGGCAGGCGCGCGGCAGCTCGATCATGGTTCCGAGCAGGTAGGGGATATCGATCTCCAGACGCTTGCAGACCGCGGCCGCCTCCTCGCGCACGACCATGGCCTGCAGCTCCAGCTCGCGCACGGTGCCGACCAGCGGGATCATCACTTCGGGGCGCGGCTTGCGTCCGGTCCTCTTGGCCACCCGGCAGGCGGCCTCGAACAGGGCGCGCACCTGACAGCGGGTGATCTCCGGGTGGGCGATTCCCAGGCGGCAGCCGCGGTGCCCCAGCATGGGGTTGAGCTCGGACAGGTACTCGACCTTGGCGTGCAGGCGTTTGAAGGGCACGCCCATGGCCTTGGCCAGCTCGCGCTGCGCCTCTTCCTCCATGGGCAGGAACTCGTGCAGCGGCGGATCCAGGGTGCGGATCGTCACCGGCCGCTGGCCCATCTCCATGAAGATGCCCTCGAAGTCCTCGCGCTGCAGGGGCAGGATCCGCGCCAGGGCCTCCTCGCGCGCCTCCTGGTCCTCGGCCAGGATCATCTCGCGCACGGCTTCGATCTTCTCGTCGCCGAAGAACATGTGCTCGGTGCGCGTCAGGCCGATGCCTTCGGCCCCGAAAGCGATCGCCGTCTCGCACTGGTCGGGTTGGTCGGCGTTGGTGCGCACGCCGAGCTCGCGCACCTCGTCGGCCCACTTCATCAGCGTCAGGAAAGCCTTGACGATGCCCGTGGCGGGGGCGTGCTTGGTGGCCTTGCGCGCCGGCTTGGTCTCGGCCGCGAAGAGGTGCTCGATCACCGCCGAGGGCTGGGTATTGACCAGGCCCTGGTAGACCTCGCCGGTGTTGCCATCGAGGCTGACCCACTCGCCCTCTTCGATCACGCGCCCACCGGCGGTCATGCAGCGACGCGCGTAGTCGATCTCGATCTCGCCCGCACCGGCCACGCAGACCAGTCCCATCTGCCGCGCCACGAGTGCCGCGTGGCTGGTCATGCCGCCGCGTGCGGTGAGGATGCCGACCGAGGCCTGCATGCCCTTGATGTCCTCCGGGCTGGTCTCGATGCGGGCCAGGATCACCGGCTCGGGGTGTTCGGCAGCGCGCCGCTCGGCCGCCTCGGGGCTGAACACGATGCGACCGGTGGCGGCGCCGGGGCCGGCGTTGAGGCCCTTGGTCAGAAGGCGCCCCTTGGCCCTGGCGACGTCGAGTTCCTTGGGGTCGAAGACCGGACGCAGGAGCTGGTTGAGCCCCTCCGGATCGACACGCAAGAGCGCCTCGTCCCGCGTGATCAGCTTCTCGCGCACCATGTCGGTGGCGATCTGCACGGCGGCGAAACCGGTGCGCTTGCCCGAGCGGCACTGGAGCATGTACAGGCGTCCCTCCTGGATCGTGAACTCCAGGTCCTGCATGTCGCGGTAGTGCTTCTCGAGCAACTTCTGGATGCGCTGCAGCTCGCGCCAGGCCTTGGGCAGGGTCTT
CP036296.1_gap70	2803110	2805485	2375	CTCCTCTGAGCCTCGAAGACGAGGCGCCCGACATCTATGCCGGCGTCGACCGTTCGATGCTCGACCTCGAGGTCGATGAACAGGAGCCCGGGCCCACAGGGGCGGACGCCGCCTCGGACTTCGACGCCCAAGAGGTCCAAGCGCCCGAGGCCATGGAGCCGGTCGCGGAGATCGACGAGCAACCGTCGGCGGACGATGGCGCAGGCTCCAACCTCGACCTGGACCTCGACGTCGACGACCCCGCGCCGCGGATCACCACCGCCGCGACCGCTACCAGCGAGCCCAGCGGGCTCGAGGCCGACGCGGACGACCTGGAGATCACGGACGACGCCCCCGAGGGCACCTACGAGCGTCCGCCCGAGGCCCAGGGCATGGGCGCGCCGGCTGTCCCCGTGGCCATCGGCGACGAGTCCGAGTCCGGGGTCACCGAGGACGAGGGGATCTTCGATCGCGATGGTCTGGGCATCGACTTCGACGCGCCCGCCGAACGCATCGGACCGCCGCGCGGCGCGATCGTCGGCGCAGCCCTCGCCGGCGCCGTGTTGACTGCCGCCCTCGCGATCGTCGATCCCGGCGGCGAGCCCGAACTGATCACGCCCGAACTGCGCGTCGCTAGCGTGGACCCGGCTGACCCCCGCACGACGGATGCCGAGACCGCGGCGGTCGTCGACGAGGACCGGTCGGATGCCGAGATGGACGCCGGTGGCGACGCGCCGGAGAGGACCTTTGGCCTCTTCAACCGCGACTTCGCGAAGCTCTTCAGCGACCCCTTCGGACAGGAGTCCGCGAGCGTGGGCAACGACGACGAAGTGGTCGAACCCTCCTATTCCCCTGAGGAGCTGGCCGCCATGGCCCTCACGTCGGGCGGAACCGGGGCCCTCCCCGCCGGGCTCGGCCAGCTCTCCGCGAATGCCGACGGCTCCCTGGTCAACGACGCGGCCGAACTCGATCGCGAGAGCCGCACCGCCGAGCTCAGCATCCTCGAGCAACTCAACATCCCCGAGGACATGTCCGGCCTGCGGATCATGCAGCAGGAGGACCTCGAGGACATCTGGCTCGGCAACGTCCTGCCGCCCCGCGGCGTCGACGGACGTCGCAATCGACTCACGCCTCACGTGGGCCCCGTGCGCCTGACCACCGACCTGGGCGAGATCTTCGAGGGCGACCTCTACTCCATTGGCGGCGGCGAGGTCTCGCTGTCCACCCACCTGGGTCGCATCACTTTCGAGGCCTCACAGGTCGAGTTGGTGCAGCGCCTGCCCGATGTGGCCGGCGCGGCGGCTGACGGCGACTCGAGCCAGCCCGGTGAGCGCGTCCGGGTCCAGACGCCCGGCGGCTGGATCCAGGGGCGATTGCTGTCCCGGGACGGGGCGCGGGTAACCCTGATCACCGACACGGGCGGACGGATCACCCTCGAGGGCGCCAACGTCCAACTGCTCGGGCAGCGCTCCGGAGGCGCGTTCTTGGCCCCACCGCGCCGCTGATTCTCTGGGGCGCGGCCCCCTGGGGCCCGATTCCCGGCGATCGCGGTTCGAACGCGAAACCGGGACACCCTGGGGCGTTAGCCTGTGGGCATGAACTGGGGTCGAGTCCTGCTCGCGCCGCTCTTGATCTGCGTCGTGGCCCTGTCCGCGAACGCCGACGAGACCGTCAGCGACTTCAAGAAGCTGTTCAAGAAGTTCAAGGAGCGCTCGGAGCGCATCGAGGCGGTCCTGGCATTGACCGGGATCGACGAGCCCGATGTGGTCGGGGCTCTGGCGCCCGTCATCACCGACGACGATCCGGAGGTTGCCCGGGCGGCGATGGACATCCTCGCGGCCCTGCGCGACCCGGCGTCGGTCCAGGCGGTGGTCGGCGCCTTGGTCGGCGCCAAGAAGGCACCCGAGCAGATCGCCTGGCTGCGGGTGCTGACGGCCAGCGGCCAGGAGCCCGGCGAGGAGGGTCGCGAAGCCCTGTTCGACCTGGTCAAGGAGCGCGATTGGCAAGTCCGTTTCCGCGCCCTGCAGACCCTCACCGCGGTTGGCGGGGAGGGCGTGGTGGTGGCCCTCATCAAGGCCCGGGGCGACGACGAGTTGGCCGTGCGTTGCGCCGCCATCGATGGCTTGGCGGCCCTGAAGGCGCCCGAGACGGTGGACCAGGCCCTGGCGGCCCTCGCAGTCCCGGACTGGCAGGAACGAGCGAGTGCCGTGGCGGCCCTGGGCAAGGTGCGTGAGAAGCGCTCCGTCACGCCGCTCATCGAGCGCATGGCGCTCGAAGAGGGGCGGCTGCGCGCGGACATTGGCGCGACGCTCGAGGGCCTGACCGGGCGTGGGTTCGGCGCGCGCCTGGAGCTGTGGAAGAGCTGGTGGGGGGCCGTCGAGGCCCGCTTCGAGCTG
CP036296.1_gap71	2831795	2834858	3063	GGTCCAAGGCCGACAGGTCGGCGATCGAAGCGCCGGCGTAGTAGTGGGCGAGGATGCGTCGCGAGGTCCAGCCATCGTCCGCCAGGTCGCGCGCGCCCCGTTGGCAGAGTCCGACCCCGTGCCCGGAGCCGAAGCCGTCGAGGCGCATGCCGCCGGTGATCGAGCTGCCGCTGCGCGGCCAGGTGGAGTGAATGCGACCGCTCTTGACCTTCGACCAGCCGATCTGGCGGCGCAGGTCGACCATCGACATCTCGCTGCGACCGCGGTCGCCGACCAGGGCTACGCCCAACCAGCGGCCCGTCGCGTCGACCCTGCTGGGCTCGAGGAAGCGCAGTTGCGCTCCGACGCCGGCCTTCGCGGCCAAGGCACCCAACTCCGCAGGCGTGGCGGTGTAGGCCCAGTAGAGGTCCGAGGTCCCCGGCGGAAGCTCGGCAGCGCCGCGCGACAAGGCGGCGATTGCCGCGGCGGCGTCGGTGGAGCAGCCGATGCAGGGCCGTGGAAGTTGGGCGGGGGCCACGGGAGCGCCGAAGACGTCTACGAAGGAAGCGGTGCTTCCGCCACAGGCTCCGTGGAACCGGGCGTCGACGACCCGGCGGGCCACGGACAGGACCTGGCCGCGCGTACTGTCGATGGCCGCGCGCAGACGCTGGTCGATGCCCCGGTTGCGGGCGGCGGCGTCGGGTTCGAAGGTGCCCCGGTAGGCCTGGTCGAGCACCCCGTCGATCAGCGTCGGGCGGCCCCGCCGCGCGCGGTCAGCGAGACTGGCAACGGCGTAGGAGCGCGCGGCGATGGCTTGGGCCTCGAGCAGTGCCGGCGGCGCGCTCCAGAGCACGACCTCGGCCGCCACGACGCCTTCGACGTAGTCCTCCAGGTCGAGCCACGCGGTGACGCGTAACCCACCGTTCGGCGCCGGCTCCACGCACAGGGGGCCCGGATAGAGGCGGCCGTTGATGCGCCATCCGTCGCTGCCGCGGGCGGGCTCGAGCACGTGGAAGGGCGCGCGACGCAGATCGCTGCCGTCGACGGCGGACCCCTGACGCCAGAGCTCGACGCGCTCGCCGCCCGACTCGAGGGCGACCGAGACTCGCCCGTCGAGGTCTGAGATCCTCAGGGGGACCCGACGCGTGCTGCTCCAGGGGTCCGGCGGGACGGCGGACTCCGCACGCACGATCGAGCCGACGCCGGGCGGGCTCAGGCTCCCGGCGATACACGCCCCGGTGGTCAGTCCTGCGAGCAGCACCAGCGCACTCGCGGCGATCGATCTGCGCTCGCTCACGGGGACGCGGTACCGCCCGACCCGGGCGCTTGGGTGTCAGGCTCGACACCAATGGCACGGCAGCCGTCCGCCGTCGCGACCCGACCGCGGGCCGTGCGGTGCAGGAACCCGAGCCTGAGCAGGTGGGGCTCGAAGACGTCCTCGATGGTGTCCTCGGCCTCGCCCACCGCCGCAGCCAGGGTCTTGAGGCCGATCGGAGTCGAGCCGTTGCGGGCCAGCACGTGGAGGATGCGCCGGTCGAGTTCCTCGAGCCCGTGGGCGTCGACCCCGATGCGGGTCATGGTCTCGTCGGCCAGGGTGGCGCTGAGTCGGCGCTCCTGGCGGACCTGGCCGAGGTCGCGCACGCGGCGCAGGAAGCGGTTCGCGACCCGCGGTGTGCCGCGTGCGCGGCTGGCCAAGAGGGTCGCTGCGTCTGGCTCGAGCTCGACGCCCAAGAGCCGCGCCGAGCGCTCGAGGATCCGAACCAGATCCTCGGTGGGGTAGGGGTCCAGGCGCTCGAGCAGGCCGAAGCGGGCCCGGAAGGGGCTGCTGAGCAGGCCCTCGCGGGTGGTTGCGCCGACCAGGGTGAAGCGCTCGACGGTGAGCGGGATGACCCGGGCGTGGGGCCCCTCGTTGAGGGTGAACTCGACCCGGAAGTCCTCCATCGCGCCGTAGAGGTACTCCTCCACGCCCGCCGGGACCCTGTGGATCTCGTCGATGAAGAGCAGGTCGCCCCGTTGCAGCTGGGTCAGGATCCCGACCAGGTCCTTGGGGCGTTCGAGGGCCGGCCCGCTGGTGGCGTGCAGGTGGGTCCCCAGCTCGGCCGCCAGGATCCGCGCCAGGCTGGTCTTGCCCAGCCCCGGGGGGCCGGCCAGGAGCAGGTGGTCGGGACTCTCACCCCGGCCTTTGGCGGCCTGCAGGGCCACGCGCAGGTTCTCGACGGCCCGCCGCTGACCCACGAATTCGTCCAGGCTGCGGGGCCGCAGGCCGAAGTCCTCCTCGCCCTCGCCGAGCAGCGTGGCCGGGTCGGTCCAATGCCCCTCGGGCGGGGAAGTGGCCTCACCCGCGGACCCCGCCGCGGGGGCCGGGGTCCACTCGCGGCGGTGCCCGCCGTCCTCGGTGCCCCTTGATTGGCTCATGGGGGGCGATCGTAGCCAGCGGATGGGCCGGCTCCTCGCCCCCGGACGCCATTTCGGCTCGGGCGGGGCCGGACGCCGATCGCAGCCGTCCGGGTGCCAGGGCGGATGCGAGAAACAGGAACTCGGGCGAGGGGTGACCGGGCCGGTCGCGGCAGCTAAACTCCGACCGCTCCGTCGCTTTGGTCCGGTGAGGTCTGGTGCGTTCGCGTCCTGACCCCGCTCGCGGACGTGCGACTACGCACACCCCACCTGTGCCCCTATGGGTTCTTCGGCCTCCCGCGCATCGCTGGCGGGAACGAAGCGACCCGGAAGGGTGCGACCCGTTCACTGAGAATCAACTCCAACTCCTTCCCCCAAAGGGAGTTGGGCACGCGTATCGGTCCTCGGCCCGCAATGGCCGCTGGGCTGGCACGCCCCTTGTCCTGTATCCAGCGACGGCCCCTTCTCCAGACCGGACCTCGGCACGAAGTCGGGGTTCGATCCACCTACCGGTGGAGCCCGCCGCTGGGTTCCGCTCCGAGTTCCCAATCCGATTCGCTTGGCCCCTCGATCCGACCGGGATCGAAGCCAAGACCCGGTCCTCGCGGTCCGCATCGTCACTCGCTGGCGATCGGCCACGGCGGCCGCGAATCGTGGTCGGGTGCGAGGGGTGCCCCGGACTCGCAACAT
CP036296.1_gap72	2835997	2840970	4973	CGACTTTCGAACTGATCCCGGGCTTCTCCTTCCCGGGCACCGGTCCGACGATCGCCTCCTGCGGCACGTTCAGTCGCGTCGACATCTCGATCACGACCCAGCAGATCGGTGACCTGACCGCGAACGTCAACGCCCAGGCGGCGAACACCTTCTTCGAGACAGGCCAGGGTCCGGGTCTGATCAACGCACCGGTGGCGCCCGACGTGGTCTACATCGGCCGCACGGGTTCGGTCCCCGGTATCTCGGTGATCGACCTCAACGGCTTCGGTGGTGGCACCGGAAACCCGACCTACGACGAGTTCAACCCGATCGTTCTGGGCAACTCGAACTTCCCGAACAACCCGAACGTCAAGACCCAGGGCAACCTGCTGCTGCCGCCGCTGCAGCCGGGGACCTGCACGTTCAACGGGGGCTCCCAGGGCGTCTTCACCCTGGCGCTCGACAGCTCGCTGAACGACAAGCTGATTCGCCCGCCGCTGATCGACTCGGTCGGCGACATGGCGATCGGCCAGCCCCTGGACGTGAACTTCAACAACGGGCCGCCGCCCTTCGGTTGCCAGGCCGGCTTCCCGAACGTCTGCGCCTCGAGTGGTCTCAAGCAGCCCACGCCGGTCGTCGGCAACTTCGGCTTGTCGCCGTCCCAGCCGGGTCAGTTCAGCTCGGTGCCCCCGGGCGCCGGCAACTTGATCGCCTGGGCTCCGCACCCCAACCCTCCGCCGCTGATCTTCCCGCCGCCGTGCATTTCGCCCTTCATCGGCGGACAAGAGCCGACGTCGGTCGAGGTCACGGGCTCGGGCGCCCTGGGTCTGACCCTCTCGAACCTGCTGCCGCCCCTGGGCGATCCCTTCGGTAACCCCGCGAACGGCATCCCGCCCAGCGGTCTGCTCGGCACCGAGCAGAACGCCTTCTTCGTCGGCCCCTCCCTGCCGGCTGCGTCGGTCTCGAGCTGCTCGGCCTACCAGATCCGTCAGCAGGTCGGCCACTTCCTCTACATGATCGATCGGGTCAGTAGCGAGGTCGTGGTGATCAACTCGAACCGCTTCACGGTCATCGACCGGATCTCGCTGCCGGATCCCACCAGCATGGCCATGTCGCCCAACGCCGACTTGCTGGCGGTGACCAACCGGACGGCGAACATCGTGTCGCTGATCGACATCGACCCGAAGTCGTCGGCGACCTTCCACAAGGTCGTGGCTTCGATCCCGGTCGGCAAGGGTCCGAGCGGCATCGCCTGGCAGCCGGACAACGAGGACATCCTCGTCTGCAACGAGCTGGGCAACTCGGTGTCGGTGATCAACACCTTCTCCCTGCAGGTCCGCAAGACTCTCAACACCTCCCTCAGCAGCCCCTTCGAGGTCTGCATCGGGCAGCGTCAGATCCCGGGCATCAGCATGTCGCGGGGGGTCTACTTCGCCTTCATCCTGATGCGGAACAACCGCGTCGCGGTGTACGAGTCGGGTCCCGACGGCATCAATGGCATCGGCGCGGACAACGTGGTCGGCCAGGTGCCCCTGGAGTTCAACGCTCCCAAGGGCATCTTCATCGACACGCCGCTGTTGACCGACGGCTTCTACGTGCTGCACGAAGGCAAGCTCGATCCGGTCACCGGTCAAGTGGTCGGATCCGGTGGTGCGCTGACGCAGATCAACCTGGAAGGTGCCATCGGTATCCTTCCGCTGGTCACCTCGCAGACGGCCGTGACGGTCCAGTCGCGCGACCTGGAATTCAAGGTCCGCGCTTCGGTCGGTGCCGGTGGTTCGGGGGGCATGACCGGCGTTCCGGTCGACCTGGCCTTCGACAACATGGTCAACCTGGGCGGCACTGCCGGCCTGACCACGACCTTCTCGCCGGGCATCGTGACGCCGGTCAACAGCAAGTCCGTTGTCAGTCTGGTCGGCGGGGGGCCGCGACGCTCGGTGAGCCCGCGCTTCGTCTTCCTCGCGATCCCCAACTCGAGCGAGGGCACCGGCGCGGTGGACGTGCTCGAGATCGGCAGCGGTCTGCAGCGCTTCGACGTGAACGCCTTCGAGCCCGGTACGCAGTCGATCCGCGCCTCGGGTGCGACCTTCCTCTGCGACTACTGGCGCCAGTAGGCACCTGGCGGGTCGGGCGGCTGGACCGGTTCTCCGGGTCGGTGAGGGCGCTTGATCGGCTCAGTTGAACCCAGCGGACGGCGAGCTTCCCTCGGGGGAAGTTCGCCGTTCTGCATTGGGGGAGGTGGGGCCGCGGAAGAGTTCCCACCGAACCCGCCATGATCGGCGGAGGCGGGGTCGAACCGCGGGCCATTGCGGCGCACACTAGGGCTCGGCGATCCGGTCCCAGATCCATGCCCGACCCCTCCCAAGTGCGTCCGATGTTCGGGCGCATCGCCCGTCACTACGACCTGTTGAACTGGCTTCTGACGGCCGGCATCGACCGGCGTTGGCGTGCAGCCGCGGTCGAGGCGGCAGGTCCCCTGGAGGGTGCGGTGGCGGTCGACGCCTGCTGTGGGACTGGCGATCTGACCCTGGCCCTGGCCGGGGCCGGGGCGCGGACCATCGGCGTCGACTTCACGCCCCAGATGCTCACGCGCGCGCGCACGAAGTGCAGCGAGCGCCGCTTCATGCAGGGCGATGCGCTGAAGCTGCCCGTGGCCGACGGCCGCGCCGACGTCTCGACGGTTGCCTTCGGCATCCGCAACGTGGCGGACCGGCTGGAGGGGCTGCGGGAAATGACTCGAGTGGTCAGGCCGGGTGGTCGGGTGGTGGTACTCGAGCTCTCGACGCCTCCCGGTGCCGTTCTTGGCGGGCTCTATCGGCTCTACTTCACTCGCATCCTGCCGCTGATCGGCAAGCTGATCTCCGGCGATGGGGGGGCCTACCGCTACCTGCCCGAGACGGTGCTGGCCTGGCCCAAGCCCGAGGAATTCGCGCGTGAGATGGCCCAGGCCGGCCTGGTCGACGTCGAGTACCGCCTGCTCACTCGGGGCATCTGCGCGCTCCACGTTGGACGTCGCCCTCAGATGGCAGAGGTGGTCCAAGCATGACGCCCCTCTTCTCCGTCCTGGCGGATGATGACGAGTTCGAGGAGGAGTACGACGAGCGTCCCTCGGCGTCGATCGCCCTCGGTCTGTTGGCCACGGTACCGCTGCTGCTCTGCTACGAGGCCGCAGTCGGGACGGCCGGAAGCCGGAGTCGCAACATCGCCGAGGTCGTCCTCTCGGCCCCTTTCACGATCCTCGCGCCCCACGAGCACCTCCTGCGCGTCCTGCTCTGGATGGCAGTCGCTGTGGCCGCGGCGGTGGCTGCCCATAGGCGGCTCGGCCACCTGGGTCCGCCCCTGATGCGGGTGGGGGTGGAGGGAGCCATCGGCGCCCTGGTCCTCGGTCCCGCCCTGATCCTCGCGGCGTCCCTGTTCGGAACGGCCGCGCCAGCCCTGCCCCTCAACGAGTGGTACCCCGATCGAGCTCCCGACCTGGCGGCCGTCGGCTTCCTGGCCGGGGGCGGCGCCTACGAGGAGCTCGTCTTCCGGCTGGGCGGCTTCAGCCTGGTATTCCTCGTCGTGCGTCACCTGATCAGCTTCTTCGGCGCGCCCTTGGTTGCTGCCCGATGGGTGGCTGAGGTCGCCGCCACAGTTGGCTCGGCCGTGCTCTTCGCCGCCTTCCACTTCGAGCTGGCGACCCGCTGGTTGGGCTGGCGCGGCGACGCCTTCGACGCGGGGAGGTTCTTCTGGTACGTGCTGGCCGGACTGCTGCTCTGCGCGCTGTTCCGCTGGCGCGGTCTGGGGGTGGCCGCCTGGACCCACGGCCTGTTCAACGCGGCGATGATTCTTGGCGCCGGCCCGGGTGTCCTGCGCGGGCACTGACCGTCCGCCTCTTCGCCAGCCCGTTCAAATGACCATGTCAGACTCGAAGGAACGAACCGATCGCCGCAGCGTCTTCGTAGGCCTCACCGGAGGGTCCGGTCACGCCTACGCCGAGCGTCTGATCGTCGAGCTGGTGCGACTGGGCTGCGACGTCTCCCTGTCGATCACGCCCGCCGGCGCGAAGGTCTTGCGCCACGAACTCGGCGTCGAGGCTGGCGTGGCCGGCGAACTCCTGCCGGCCGCCCTGGTGGGTTGGCTCGGCTCCGAGATCGCCCCGCACGTGCGCGCCTTCGCCTCCGAAGCGGTCGAAGCGCCGCCGTCGTCGGGCACCTCCCTGACCGGCGGGGTCGTGCTCTGTCCCTGCAGCATGGGCACCCTGGCTCGTGTCGCCGTCGGCTTCAGTTCGAACCTCGTCGAGCGCGCCGCCGACGTGGCCTTGAAGGAGCGCCGCAACCTGATCCTGGTGCCGCGCGAGACGCCCCTGTCCGAGGTGCACCTGGAGAACATGCTGCGCCTGGCGCGGATGGGTGCGACGATCCTGCCCGCCATGCCGGGCTTCTACCATCGCCCCCGCGACCTCGACGACCTGGTCGGGCACGTGGTCGGCAAGATCCTCGATCGACTCGGATTGGCCCACGGAGTCGGCGCTCGGTGGCGCGGACTTCCCGACGAACCCGCCGATCCCGCCGGCTTCGATCCGCCGGCGCCGCTGGAGTTCGGCGACGGGAGGCGACCGTGATAGCGGCGCTCTCCGACCACCTACGGCTGGTCAAGTTCAGCCACTCGATCTTCGCCCTGCCCTTCGCCCTGGCGAGCGCCTGGGTCGCGGCCGGCGGTCCGCCCAGCGCGCGGTTGGGTGCCTTGGTCGTGGTCTGCGCCGTTGCGGCCCGAACTGCAGCCATGGGCTTCAATCGGCTGGTGGATCGGCACATCGACGCCAAGAACCCGCGCACCATCGGACGCGAGCTACCCAGCGGCAAGCTCACCCCCGCGCAGGTCGGGGCCCTGGTGCTGATGAGTTGCGCCGTGTTCGTGATCGCCGCGATCGCCCTCAATCCCCTGGCGGGGCAGCTCTCCCCGGTGGTCCTCGCCGTGCTCTTGGGCTACTCGTTCGCGAAACGCTTCACTTG
CP036296.1_gap73	2842685	2844518	1833	CGCGTCGGTGGTCAAGGAGCTGGTCGAGAACGCCCTCGACGCCGGCGCCCGGAACGTTCGGATCGACCTCGAAGAGGGCGGCGTGCGCCTGATCCGCGTCACCGACGATGGCTCGGGCATGGGGGCGACCGACCTGGCCCTGGCGCTCACGCCCCACGCGACCAGCAAGCTGCACGAGCTCGCCGACCTCGACCACATCGCTTCCCTGGGTTTCCGCGGTGAGGCCCTGGCCTCGATCGGCGCCGTGGCGCGGGTGCGGATCCTCAGTCGAACTGCGGACCTGTCGACGGGATTCGAGATCCGTGAGGAGGGCGGCAAGCGCAGTGAAGTTCACGAAGCCGGCGCGCCCCTGGGTACCTCGATCGAGGTGCGCGACCTGTTCTACAACACTCCCGCGCGACGTCGCTTCCTCAAGCGGACCCAGACCGAGCTCGGCCGCTGCCTCGACCTGATCCAACGCTTGGCCCTGGCCCACGTGGGCGTGGGCTTCGTCGCGACACACGACGGTAGGCGGCTCTACGACGTCGAGCCGGAGATGGACCTGCGCGACCGGGTCCGGCGCACCTTTGGCGCGGAGCTCGCGGACTCGCTGGTGCCGGTCGAGATCGTCGACGGGCCGATCCGACTCAGCGGCCTCGTCGCGCCGCCCCGCTTCGCTCGCCGGGACCAGTCGCGCCAGATGTGGTTCCTCAACGGGCGGCCCCTGCGCGACAAGGTGCTGACGAGGGTCGTCAAGGAGGGCTACCGGGGCTTCCTCGAGGAGGGGCGCCAACCGGCCGCGTTCCTGGCCCTCTCGATGCCCCCGGAGCGCGTCGACGTGAACGTGCACCCGATGAAGACCGAGGTGCGCTTCCGCGACGAGCGCCCCCTGTTCGGCTTCTTGGTCAACGCCCTACGCGCCGCGGTGGCGGAGACCGACATCGCGACTCCGGGCGAGAAGTTGTTGGGCTCCGCCGAGAAGCGCGGAGGCTGGACGCCCCCGACCGAGCATCCGGGCCAGCGTTGGCTACCGGCGTCGGGTGCGGTGGGTTGGTCCGGCGGTGGTTCTGGCGGTAGTTCTGGAAGCTCGAGCGGCGGATCTGGTGCCGGCGGACTGGCCCACCAACCCCCGCCCTTCCACCCTGGTGGACCGTCGTTCGAGCGCGGGGTTACACCTCAATCGCCGGATCGCTTGGAGGTCGTGGAGCTGCGGCCTCGCGAACAGGGAGCCGGTCCGGCTGTCTTGGGTCGCGCACCCCAGGCGGGGGGGCACGGGGCGAGTGGGTCGGACGGTTGGGCGCCGCGGGACGATTTCTCGGGGCCGTACTTGCAGGTGGCCAAGACTTACGTGGTGCGTGCGGTGCCGGAGGGCTTCGAGATCGTCGATCAGCATGCCTTGCACGAACGTCTGACCTACGAGGGTCTGCGCGAGGAGCTGCGACGCGGTTCGATCGCGGTTCAGCGGATGTTGGTGCCCGAAGTCGTCGAGTTAGGGGCGGACGAGGTCGCGCTGCTCGAGGAGCACTTGGAGGCCATCGCGCGCTTGGGGATCGAGTTGAGCGTCTTCGGGCCGGATGCGATTGCGGTCCAGGGACTACCGGCCCGACTGCGCAATCCTGATGCCGCGGGGATCGTGCGTGACCTGCTCGCGATCATGGGTACGCGCGGGAAGCTACCCGAGGCGGAGGACGTGCTCGAGGAGGTGTTGCACCGCACCGCCTGCCGCTCGTCGGTGATGGCCGGCGACGTGCTCGACCAGGGGCAGATGCGCGCCCTGCTCGAGCGGGCTGCGCAGCTCGAGACCGATCAGACCTGTCCACACGCCAGGCCGACACGGGTGCGGTTCACCATCGC
CP036296.1_gap74	2860134	2863181	3047	GCCATGGTTGATCGACGTGACCAGGAACGGCCCGAGCCCCTGCGTTTCGTGCGCAAGCGCGATGGGCGTGTCGTGGGTTTCGACCGCGGCAAAATCTCGGACGCCGTCCGGCGCGCGACGAGCGCGGCGGGCGAGGAGGACGCGGCCTTCGCCGACGACGTGGCGGCCGTGGTCGAGATGGCCCTGGCGCGCGGCGCCGGCCGCCAGGCGAACGGCGACGAGCACCGCATGGGTTCGGACGGCCCCCCGGTTCCGGAGATCGAGGCGATCCAGGACTGCGTCGAGCGCGCCCTGATCGAACTCGGCCGCGCCGCTGTGGCCAAGGCCTACATCCTCTATCGCGACCGACGCGCCCGCGCCCGCGAGGCCCTACGGGTGCGGCCGCCGACGAATGCCGCCCACGATGTCGAGGTGCTCGAGGCCGACCGCACCGCGGCCTGGAGCAAGTCGCGCATCGCGGCCGCGCTTGTGACCGAAGCCGAGTTGCCCCGCGACGTGGCCGAGACCGTCGCTACGCGGGTGGAAGAACGCGTCTTCGCGGCGGGTCTGGAGTCCATCTCCACGAGCCTGATCCGCGCCCTGGTCGACAACGAGCTGGTCGACCTGGGCCTGACCGCGGCCCTCGAACGCCAGGAGCCGGTGTCCCTGCCGCGCCACGACCTGCGCCTGTTGTTCGGCGGCGAGGGCGAGCGGTGTTGGTCCCCCTGGCTCGACCTGCGCGAGCGCGGCGACACCGGCCCGCCCGAGGCCCTCGAGCGCTCCGACCTGGAGCGCGCCCTGGCTGGCGAGGCCCTGCGGCGCTTCGCCCTGCGCGACGTGCTCGACGCGCGCGGTCGCGAGTTGCACCTGGGCGGCGACATGCACGTGGAGGACCTGCGCTCGCCGCACCTCTACCTGACCCTCGGCATCCCGGCCGAACTGGCCGCGGCCGGCAGCGCGGGATCCGACGGTCCCTTCGGCCTGCTCGCGTCCCTGCCCTCGCTCCTGGCCAGCACCGCCCGCGGCATCGCCCTGGAGGACACCGGCGCCCTGCTCGGAGACCTGGCCCGCGCCACTCGGCCGCGCTCGCCCCTGGGTCTGGGCGGCTGGCTGCGGGCCGTCGCTGCGGTGGCCGAGGCCTCCGGTCGGCGCGTCGACGTGCACTCGCCCGGAACGCGCCACGCCGCCGCGCGCGCGCGGCTGCTCGAGGAGTGGGTCGAACTGGACCAGGCGCCCCTCTCGCCGCGACTCCTCCTGGACGAGTCCGAGGTCGCCGAGTTGGCCGCCTCGTCGTCGGGGGAGCGCGCGCGCCTGTTGCGCCTGCTCGAGTCCGGCCGCGCCGTGGCCACCTTCGGTCGCGAGGGCGAGCAGTTCGCGGCCCCCGGTTGCCGCCGCCAGGCGCGCGAGCGTGGGCTGGTGGCCTGTGGCGGCGCGGTGGCCATCAACTTGCCGCGCCTGGCCCGGGCCGCCGGCCCCTGGCGCGAGGAGCGCATGATGGAGGACCTCTTCGGCCTTCTGTCCTGCGCCGTCGAGACCTGCCGCGCCCTGCAACGCTTCCAGAATTCCGCCGCCTCCGCGCGACCCCTGACCCTGCGTCCGCGCGTCGGCTACGCTCTGGTGCCGGTGGGCCTGCGCGAAGCACTGCGGGTGCTCGGCGACGGTCAGGTCGACGCCGAACAGGGCGCGCGCTTGCTCGGATTGATGGTCGAGGCCGCCAGTCGTTTCCCCGGACCCGGCGCGCCGGCGATGGTGGTCAGCCCCTTCTTCGGCGAGCGCGCGCGCCTGCGGTTGTTCGGCCTGGACGTGGAACGCAGCGGCGCGCCCGGCGTGCGCCAGGGCCTGCTGTTCGACGGCGCGGCCGACGTGCCCGGCGCAGACTGGGCCGAGGGTGCCGGACGGCGTCCCTACGGGCTGGGCTACGCCCTCGCGGTGCGCGGGCGACTGCGACCGGGCGAGGGTGAGGCGGAGCTGATGCGAACCCTGCCCAGTGGCGCGCTCTACCCCGCGCTCCCGGCGTCGGTCGACGAGCCCACGGCCCACGACCGCTTCCTGGCCGCTCGCGAGCGCCAGCGGGGCGTCGACCCGGGCGAGCTGTTGCCGCTGGAGGGCGAGCGTGCGCGGCTGCGGCTGCTCGGCGACGACGAACGCCTGGCCGAGGTGGTCGCCGCAGTGAGCGGAGCGCGTGACAACGATGCGACCAAGGTCGCCCCGAGTAGCGTCGGGATCGAGCAGGCGAAGACAGAGGATCCCCGCGAAGACCGCTGAGGAGCGGCGGGAACACAAGGAACATGCGTCTCAAACGACTCGAACTGTTCGGCTTCAAGTCCTTCGCGGACCGCACCGTGCTCGATTTTCCCCATGCCTTCACGGGCATCGTGGGGCCCAACGGCTGCGGTAAAAGCAACGTCGTGGACGCCGTGCGTTGGGTGTTGGGCGAGACGCGCCCGACGTCCATGCGCGGCGGCGAGATGACCGACGTGATCTTCAAGGGCTCGACCTCGCGCCCGGCGGTGTCGGTGGCAGAGGTCACGCTGGTCGTCGACAACACCTGCGGCACGATCCCGGCCCACGGGGCCGAGGTCGCCGTGACGCGGCGCGTGTTCCGCTCCGGCGAGGGCGAGTACGAGATCGACGGCAGCCGCGTGCGGCTCAAGGACGTGCGCGACCTCTTGTTCGACACGGGTCTGGGCAGTCGCGGCTACTCGGTGCTCGAGCAGGGCAAGATCGACGCGGTCCTGTCCGCCAACCCCCACGATCGCCGCGCGATCTTCGAGGAGGCGGCGGGCGTCAGCCGCTTCCGCCAGCGCCGCAAGGAGACCGAGAGTCGCCTCAAGCGCGTAGACCAGGACCTGGAGCGTCTGGACGACGTGGTCGGCGAGCTCGAGTCGCGGGTGCGCTCGCTCAAGGTCCAGGCCGGCCGCGCGCGGACTTGGGTCGAGGTGCGCGACGAGTGGCGCGAGCGCGGGGTCAAGTTGGCCCAGCACCAGCTCTTGACCCTCGACGGCGCCCTGTCGACCACGGACGAGGAGCTGCTCGAGGTCGACGCGGTGCTCGCGGGCCTGCGTGAG
CP036296.1_gap75	2979015	2981298	2283	TAGAGGGCGTGGATGGTGGGCTCGAGGGCGTCGCGGCGCGCGACGGGCAGGCGCTGCCACAGGCGATGCACCGCCTCGATCGCGGGGAGGCCCTTGATCCGCCAGGGATCCACGCCGAAGCGCGGGCCGAGCTGGCGCGGGTAGGAGGTGATCAGCCGCTCGAGCACTCCCTGGGCGTCGAGTTCGCGGGCCAGGTCGAAGGCGTGGAAGCGGCCCAGCACGCTGATTGCGACCTTCATTGCACCAGCCTCCGGACGAAGTCGCCGGGGTGGGGTTGGTCGTCGCCGCTGACCGCCGGCAGCGGGGCGGCGGGGCGCTCGAGCTCGGCGGCGAGGCGCGCCGCCCGTTCCAGACCTTCCGGGGACAGGGGGCTGGGATGGGGCGTCGGGACGCCGACCGAGCTCAGGACTCGGATCAGGCAACCATGGTGGCTGTAGTCGCTCGACAGGCAGCGCTCGCGGGCGGCGCGGGCGATCTGCTCGCGCTCCTCGTCCGCTGCCAGGTAGTGCTGCACCTTCGCGACGAGTTCGTCCGTGCCGTCGAAGTAGGCCGCCTCGCGACCCTCGGCGAACAGCTCCAGGTGCTCCTGGGTGCGCTCGGCCAACATGAAGCGCCCACAGGCGGGCACCTCGACGCTGCGGTCGGTGTGCTCGTCGCGGTTGGCGACGCGCAAGAAGCCGAGCTGGATCTTGGAGGCACAGATGGCGCGCACGTAGTCCTGGCCGGCCACGGCGTAGCCCTCGATCCTCAGGTTCTCGTGCCCTCCGCGCGCCGTGTCCCAGCCGTTGCCGAAGACTGTGACTTGGAACCCCGCGCGGGCCAAGGCCAGGCAGCTCGCGGCGCGCTGGGCCTCGTAGGTCCCGATGAAGCCCACATCGCAGCCGAACTCCTCGCGCACCGCCGGCGTGACCTCGACCGGTCGATGGAACTGCGGGTCGAAGGTCTTGGGCTCGTAGCGCACGCGCTGGGCGCCCAGACGGGGCAGCTCCTGCGGATCGGCGTTGCGCCGCTTGGTGGTCACCACCAGGTCGTAGAGCGGCAGGCAACGTCGGATCCACTCCGACTGGTTGTGCCGCATGGCCATGTCGTCCTCGCTGAAGAAGACGAGCGCGCAGTCGGGCTGCAACTCCCTGAAGGTCTCGAGCGTGCGGGGCCGGATGTTGCTGCCCATCTCGATCCACAGCACGTCGTAGTCCTGGGCCTGGGCGCGGCGCAGGAGCCGCTCGTTGACGCCCACACGGTCGAGAGGGCGTCCGAGCCGGCGCGCGATGCGCTCGCGCAGGAGCGGCCGCTCGGGGGCTTGGCTGCTGCGCCGGGGACGGACGAAGGAGACCGCGGTGACCCTGTGGCCGAGCTCTTCGAGCGCCCGACGACGTTGGTCGCCGCGCGTGTTCGGGGTCAGGTCGCAGACGTAGAGGATCGAGCTCAAGCGGCCACCTCGGTGGACTCGCAGAGCACCACCTGTTGCAGCGCGGCCTCGAGGCCAGCGGCGTCGGCGGCGAAGTCCCAGGTGCCCACACGCTCGGCGGCGGCGCGGCCCAGGGCACGGCCGCGGTCGGGCAGTGCCAAGAGGCGCGCGATGCGGTCGGCCAGGGCCACGGCGTCCCCGACCGGGAAGCGGAAGCCCGTCTGCCCCTCGACGATCAGGTCGACGCCTGAACCGACCGCCTCCGAGGCGATCACCGGTCGTTCGGCGCACATGGCCTCGTTGACGACCAGTCCCCAAGGCTCGTACTGGCTGGGCAGCACCAGCGCGTCGCACAGGTCGTAGTAGCGGGGCAGCTCAGTCTGATTGATGAAGCCCGTGAAGTGCACGGTCCCGGCGGGGAGCGCGGCCGCGCGCTGCTCGAGCTCGTCGCGTTGTTCGCCGTCGCCGACCATGACCAGGTGGGGCAGGGGCTGCTCGCCCGCACGGTGCAGGTGTGCGAGTGCGTCGAGCACGTCGAGTGGACGCTTGCGGGCGCTGAACTTCGAGGCGTAGAGCAGCACCGCTCGGCCCTGCTCGAGGCCCAACTTCGAGCGCAGTCCCTCGCGCCCGGCCGTGGCCTCGCGCGCCTGGGCCGCGAAGCGTCGGTTGTCGACCGCGTAGGGCACCCTGTGGATGCGCTCGGGCAGGATGCCGTAGTGCTCGTAGAAGTCGCGGTTGGCGCTGCCGATGGCGAGGAAGGCGTCGACGCGTCGCAACAGGCGCGGCAGGGCCCAATCGCGCAGCCTGGACTTCAGGCCGGCGGGGTCCTTGCCCAGCAGCAGCGACTCGCCGCGCAGGAGCACCGGCAGGTCCAG
CP036296.1_gap76	3002180	3002757	577	CGGGCAGCTCCATGGGTTGCGGCTTGTCGGGGTCCATCGGTTGGCCCCGGGCGTGGGGGTCGCGTCATCCTAGGAAGACGGGGGGGCCGAGGGCAGGGTCGGGTACCCGTCGGACCGGGAGCGCCCAGCGGAGGTGTACCGACGGGGCAGCGGGGGACTAGGGTATTCGTTCCCGCCGCCGGCCCCTGTCCCCGAACGCCCCATGGACATTCGCTTCTGCGACATCTGCAACGAATCGGTCGCCCAGGTCCACTTCGACGAGGGCCGCGCGGTACTCCGCGAGGGGCACGTGGCCGTGGCCTCCAGTTCCCAGGAGCCCCGCGCCGCGGGCCGCGCCGCCCAGGCACGTTCTTCGGGCGCTGAGTGGATGGCCGCGGCGGCCATCGTCGTGGCGACCGCCCTGGGTTGGATGGCCTTCCAGCGCGCCGAGGTCAGCGAGGCCCGGATCCAGCGTTCCATGACCGAGGACCAGGCGCGCCTGGCCGCGACCATCGGGGGTGTTTCCGCCGGCCTGGCGGACTTCGACCAGCGCGGCGAGGACCTGCGCCAACGCATGCTCGGCGAGTTGGCCAGCCTG
CP036296.1_gap77	3009914	3013046	3132	CGAGGCGAGCTGGGCACCCAGAACCGGATCGGCCTCGTTGGCCCAGGCGTCGGCGAGGATCGCCTCGGCCGCGTCCGGATCCAGGTCGGCCAGCACCCGCAGGGCCTCGACTCGATCGATCGGGTGCTCGAGCATGGGCGCCAAGAGCGCCCGCGCCTCCGCCTCGCGGCCGGCGGTGATCAGGTGCCGGGCCAGTTGCAGGCCGTCGCCGACCTCCTCGCCGGAGAAGAACTGCTCGGCCAGCACCGCGGCGGCGGCGGGGTCGATCCCGGCGATGTTCTGGATGATCCCGGGGATCTCCCGGCGCTGCCAGCGGCTGTTCGGCTGATCGCCGTTGCCGTCACCCATCAAGATGTCGAACGACCGGGTCCAGGCCGCCACGGCCTCGGCGGTGCGACCGGAGCCTTGGAACTTGGCCGCCAAGCGATTCCACTCGCCCGAGAGGCCCCCGAAGGCCTCGAGCACCTCGTGGGCAGCGTCCAGGTCACCCATGTTGAGGTACTGGGTGAAGAGGAAGCTTTTGGCCGAGGCATCGCTCTCCGCGAAGTAGGCCTCGAGGCGCCCGGAGGTGAGCAGTGCGGTCAGCTTGTCGTAGAGCGCCCCCTCCTCGTCGCCACCCGTCGGGATACTCACTGGGCTCCCATCGGCGGACGGCGCGACGGCGGTGCGGGCGTTCGGGACCGGCGCCTGCGGCCGCGCCGCACTCTGCGCGGCGACGAGATCGGAATCGGCGCCGGGGGCCTCGTCAGCGTGGCTGCCAGGGGCCGCGGCCGCCCGGGTGACGGAGTCACCGGACTCCTCGCTGGCGACGGCCACGTCGGACCCGAGGGCCGCGTTGCCGATCCAGCCGAGGGCCAACCCCACGACTCCTGCGACCGCGGCGACGAGGGTGGACTGCTTGGCGCCATTGCTCATGGAATTGCTCTTCAAAGGGGGTCGGTTCCGTTCTCGACGGCAGAGATCTTGTTGGTCCACTCACCGTCGCCAGGGTCGATCTCGTTGGCTCGCCGCCAGCAGGACTCGGCGGCCTGGAATTGACCCAGGCGCCAGTAGGAGTCGGCGATATCACCCCAGTACTCGTCGTCGGTGCCCGCGAAGGTCGTCATGCGGTCGAGCCGCGAGACAAAGGCGCCCTGGGCCGCCTGGGCCACGCCCTCGGGGATCAGTGGGACGTTCCCACCGTTGCCCGACGCGGCGACGTCGTAGATGCTCAAGTAGGCGTCGGCGGCGGCCTCGTAGTTGCCTGCGCGCGTGTAGAACTGGGCGATCTCCGTCTGGACCGTGACGTTGTCGGGCGCGTTCGCGGCCCAGGCGTCGACCTGCTCGCCGACCAAGTCGGCGTCCATGGTCCGCATCGCTTCACGCAGGAGATGGGCGGGCAGTGTGCCGCCAGCCGCGCGGTCGAGGATCAGCGCGAGGGCCTCCTCCGAGCGTCCGCTCGAGTTCAACACGCGGAAGTACTCGAGCTCGATCTCCGCGGAGGGGTTGCTGGACATCAGGCTGTTCAGCAGCTCCTCGGCGCGCTCCGGGTTCAACTCGCGCAGCTCCTGGATGGCGGCGACGTTCACTTGGCCCTCGGCCAAGAGGGACTCGACCTCGGCCAAGGCCTCCTCCACGCGCCCCGACTCGCGCAGGCTCTGGATCAAGTCGATCCGCATGCCCGAGTCCAACTCGCCGTTGCTCGCCTGCTGCTGGAGAATGTCCGCGGCGACGTCGGGACTCGAAGCGCGTAGCTCGTCGAGCCAGGCGTCGGTGTCGTTCTGGTAGCGCTGGAAGATCTGCCACAGGTTCCCCGGCATTTCGCCGCCAGTGCTGTCGCCGGCCAGGGCGAGTCGAATCGCCTGGGCCAGGGCCTCGTCGGCCAGGTCGGTCCGACCGGCTCGCCGCAGCGCCTCGGCGACGAAGTTCCAGTTGCCGGGGCGGGTCTCGACCCGCCCGAGCAGGCCGTAGGCCGCCCCCGCGTCGCCCACCTCGAGATAGAGATCGATCAAGCGGTCGACGACCTTGGACTGGTCGGTGGCGAGCGCCTGCTCGATCCGACCCGAACGCAGGATCGCCGTGAGCTCCGCGACGAGGGAATCCGCTCGGCCGAGTTCCTCGGCGCTCGCGAGCGGCTTCTCGGTCTCGCCGCTCGCTTCTTCCGAGGCTGCCCCGAACTCCCGCCGGGTCGCGGGCTCGGGAGCTTCGTCAGGCCGTGGGGCGCTGGCCTGAGGGAAGGCGGCCGCAGCGGTCGGTCGGGCCAGGTTTGCGTTGCGATCCACGCCATCGGGCCGAGCGACAGGCGCGGGTGCGTTGGACGCGGCCTGGGTGGCAGCGGTGGGGAAACCCAGTTGGCTGGTCAGGAGCGCGCCGCCGAGCCCACCGATGAGCAGGCACGCGGGGGCAATCAGGGCGAGCGAGTCGGATCGAGCCACGGTCTGTCGTCTCCGGGTGGAAGGTTCTCGAAAGGGCCTGTCTCTCCCAGGCACTTGGGGTGGGTCGTTGGAGCCCGCTCGGGCTCCGTCCCCTGCTACCCATCCCCGAGGTCTAGTAGACGCACGGAATCCCCCGAGGCCAACGCCGCGGACAGCTCGTTGTTGACCGGAACCTCGGAAATCCCGTCGATTGGCTCTGCGGATCGGCGCGATCGACCCGGAGGCTCGGCAGCCTCGGCGCCGGATGCGGGTCAGGCGCGGAACGGCCGCGCCAGGGTCAGGTCTTGATCCCCATAGCTGGGACCCGGACGCCCGTGGCCGTAGAGGTTGCGCGGCCGCCCGCTGGCGCGGAAGAAGCGCAGGCGGAAGAAGACCTGACCGTCCTCCAGGAGGAAGGGCACGTCGTGGGCCCGGACCTCGAGCACCGCCGGGGTGCCGCAGCCCAGGGCGCGGCCGTGCTCGTCCTCGCGCCAGCCGAAGCCGTTGTCGAAGAATCCCGCGTAGTTGTTGCGCAGCTCGCCCACGCCCACGTCCACCGGCAGCATCTCGGCCGCCAGGTGAGGCGGGATCACGATCCGTTCGCGGCTGGCGAAGATGTAGAAGCGCCCGGGGTCGAGGATGCAAGCGCCGCCACTGCCGCGGGAGTAGACCGACTCCCAGAAGTCGAAGCGGTCGTGGACGCCGTCGGAGGCGAAGTCGACCACGGCCGTGTGCAGGG
CP036296.1_gap78	3016539	3018059	1520	ATGGTCAACGGGGCCGGCCTGGCCATGGCGACCATGGACGTGATCAAGCTGAACGGCGGCGATCCGGCGAACTTCCTGGACGTGGGCGGCGGCGCGACGGTCGAGAAGGTCACCGCGGCCTTCAAGATCCTGCTCTCCGACGCCAACGTGAAGGGCGTGCTGGTCAACATCTTCGGCGGGATCATGAAGTGCGACGTGATCGCCGAGGGCGTCATCGCGGCCGTCAAGGAAGTTCAGCTCGGCGTGCCGCTGGTGGTGCGCCTGGAAGGTACGAATGTCGAGCGCGGCAAGCAGCTGCTCGACGGTTCGGGTCTTCCGATCATCACCGCCAACGATCTCGACGAAGCGGCCGGCAAGATCGTCGCCGCAGTGGCCTGAGGCCGCAGAAAGCAAATCCAATGAGCGTCTGGGTCAACAGCGACACGAAAGTCATCTGCCAGGGATTCACCGGGAAGACCGGTACGTTCCACTCCGAGCAGGCCATTCAGTACGGCACGCAGATGGTGGGGGGCGTGACCCCCAAGAAGGGCGGTCAGACCCACCTGGGGCTGCCGGTCTTCGACACCGTGGCGGAAGCCGTCGCGGAGACCGGGGCCAACGCCTCGGTCGTCTACGTCCCGCCGCCCTTCGCCGCGGCGGCGATCATCGAGGCGGTGGACGCCGGCATCGAGCTGGTGGTCACGATCACCGAGGGCGTGCCGGTGTTGGACATGGTCCGCGTGCGCGAGCACATGGCTGGCACCTCCGCGCGCCTGATCGGGCCCAACTGCCCGGGCATCATCACGCCCGACCAGTGCAAGATCGGGATCATGCCGGGCTACATCCACAAGGCCGGTCGGGTCGGTGTGGTCTCGCGCTCCGGCACCCTGACCTACGAGGCCGTGTGGCAGCTCACCAGCCGCGGCATCGGCCAGTCGACCTGCATCGGCATCGGCGGTGACCCGATCAACGGCACCAACTTCATCGACTGCCTCAAGGCCTTCAACGAGGACGAGGACACCGACGCGATGATCATGATCGGTGAGATCGGTGGCACGGCCGAGGAAGAGGCGGCCGAGTTCATCGCCTCCGAGGTCAAGAAGCCGGTGGTCGGCTTCATCGCCGGCGCGACCGCGCCCCCCGGCCGTCGCATGGGGCACGCCGGAGCGATCATCTCCGGCGGCAAGGGCACCGCGGCCGACAAGATGGCGGCCCTCGAGAAGGCCGGCGTCGCGGTCACTCCGACCCCCTCGCGCCTGGGTCTGCTCATGGAGCAGCGCCTCGAGGAGGCCGGTCTGCTCGCCACCGCGCGGGGTTGACCACGAACCGCGAAGTGGAGCGCGGTTGGCGACCTGTCCGCACGGCGGACGGGTCGCTGACCGCGCTCCACCCCATTCACGGCCAGGCTGCCCACGACCTGGAGGGGGCGCGGTCGGAGGCTCGGTCGCGCTACGCGCGGCCCTGCCTGCTCGACCTGGTGGAGCCCGGGGCGACGGTGCGACTGCTCGACGTGGGCAGCGGACTGGGGTTGAACCTGGCCG
CP036296.1_gap79	3030453	3032644	2191	GCTACCGGCGCGAGGCCGGTGCAGCCGGGCGCGACACGCGCGGCCTGTACCGGGTGCACCAGTTCCAGAAGGTCGAGCAGGTGGTCATCGACATCGCCGACGCCCAGCGCTCGATCGAGCACCACCAGGCCATCCTCCAGAACGCGGAGGCCGTAATGATCGCCCTGGGATTGCCATACCGGGTGGTCAACGTCTGTGGCGGTGACCTGGGCCAGCCCCAAGTGCAGAAGTTCGACATCGAGACGTGGATGCCCTCACGTGAGGGCTACGGCGAAACCCACTCAGCCTCGCGCTTCCACGACTTCCAGGCGCGGCGACTGATGCTCAGGTACCGGGACGGCGAGGGCAAAGTGCACTTCTGCCACACCCTCAACAACACCGTGGCCGCGAGCACGCGGATGCTGATCGCCCTGCTCGAGAACTGCCAACTGGCCGATGGCCGGATCGCGGTCCCCGAGCCCTTGCGACCCTACCTGCGGGGTCGTGCAGTCCTGGGCCAGCCGCTCTGAGCGGCTGGGCCCGCTGAGGAGCTGGGCCCTGTCGTGAATCAGCCGCCACCACCGAACAGCGGCGGGACCGACGTCGGCCCGTTGCCACCGCCGGACAGGATCTGGGTGAAGCTGCCGGTGTTGCCGCCGCCGCCCCCACCGGGGAAGCCGCCGCTGCCGCCGAAGCCGCCACCGTCCCCAAGGCCCTCACCGCCCGCGCCGCCGTCTGCGATGCCTCCGCCGCCCAGGTCGCCGGCGCCCGCCTGGGGTGGGCCGATCACAGGGATCTTGGGCAGGGGCTGAACGACCATCGCGTTGCGAAGGTACTCGGGGAAGCGGATCACACGCCGGTACTCGACCGTGCGTTTCTCGACATCGGCCAGCTTGATCTGTTCGCGCACCAGGCGGGGCGCAAGCTCCAGGGTCAGCGTGATCTCGATCCGCGCCGGCAGTCCCACCTGTTCATCCTCGGCGGTCCACTCGTCGAGCGGTTCGGGATCCTCTTCGGTCTCGTCCGCGTAGACCTCGATGTTGAAGTCCTTCACGCGGTCGTGGAGGAAGGTGTAGCGACCGCCGCTGAAGGGCTCGTTGTCGACCCCGAAGCCCTCGCGCCGGTAGATCTCCAGGAAGTCGTCGTTGCGCGGGTTGGGCCGCAGGCAGTAGCCGACCTCGTTGAAGTCGGAGTGCAACCTGTCGTTACCGACGAAGATCGGCGCCAGGCTGCCCGTGCTGGTGACGAAGTCGATGCGGTCGCCGTCACGCCCGGCCAGGGTGCGATCCTGGATCCGCAGGGCGTCGGCGGGGGGCCGACCGAATACGAAGATGCTACGCAGGTCGCGCTCGATGTTGTCGAGGATCGCCGGGCCCGCGAGCTGGTTCTCTTGGATGTTGTGGATCAGGTCCCGGGTGGCGCGCGCGCTCGCCAGGACGCTCGAGATGCCGACCAGGATGCTGGACATGATCACCGTAACCACCAGCACTTCGGCCAGGGTGAAGCCGGCGCGCGGCGCACCCAGGGACCGGGCTCGGTGGACGAGGGTCGAAGCCCGCCGCGCTAGCCCGTCTTGGAGTCGCCCGTCGTGGAACACCTTCATCGCGCACCGCCCCCTTCCTCAGGCTTGCCGTAGACGAGCTCCCATTCGATCCACTGCTCCAGCATCAGCTCACCCTTGTACCTGCCGGTGGTGGGGAAGGTGACGCGGATACGGACCTGCTCGTAGGGCTCCTCGAGTAGCTCTTCGTCTCCGTCCGAATCCTCCAGCTGTTCGCGCTCGCGTTCCCTGCGTGCCTCGATCGCGTCGTAGGGCAGATTGCTCTCGACATCCTCGAGCTCGGGGAACTGCTCGTCCCCGACCAGCACTTCCCAGTGGAACAGGGGGTAACCCTGGTCCGCGTAGGTCTGCTCGTCGAGGCCGTCCTCGATCTCCTCACGCCACTCGCCACCGGCGATCTCGCCCAGGGTCATCAGGGCCAGCTCGCGCGCCACCTTGAGGTTGCGAGTGTGGGCCGCTTCGAACTTGGACTTGTTCAGGCCCTCGACCAGCATTACCAGGGCGACGCCGACGATCACGATCGTCACGGCGACCTCGGCCAGGGTGAAGCCGTCACCTCGGGAAGGACCGCGTGTGGATTCGCTTGGCACTAGCCTGCGTGGGAGTCGCATGGGATCAGTCGAAATCTCCGTCGTCGACCAGCTCGCGACG
CP036296.1_gap80	3035567	3036130	563	GTCGACCATCCGCACGATCGTGCTGGCCGCGTCGTTGGTGTGGACGGTCGAGAAGACCAGGTGGCCCGTGAGAGCGGCGCGGATCGCCACCTCGGCCGTCTCCAGGTCTCGAATCTCACCGACCATCATCACGTCGGGGTCCTGGCGCAGGAACGAGCGCAGGCCGGCGGCGAAGGTCAGACCCTTCTTGGCGGCCACCTGCACCTGGCTGATGCCGGCCAGGGAGTACTCGACGGGATCCTCGATCGTCAGGACGTTCTTCTGCGTCGTGTCGATCTCGGTCATGGCCGCGTACAGCGTGGTCGTCTTGCCCGAGCCAGTGGGGCCGGTGACGAGCACGATGCCCGAGGTGTAGTTGATGAACTCACGCAGCATCGCGCGGTTCTTCTCTTCCAGCCCGATCTCGTCGATCGTGTACAGCCGGGCCGACTTGTCGAGCAGACGCATGACGATGCGCTCGCCATTGCTGGTCGGCACCGAGCTGATCCGGACGTCGACCTCACCCTCGCCCAGTCGGATCGACGCGCGACCATCCTGGGGCAGTCGCCGCTCGGCGATGTCCA
CP036296.1_gap81	3082447	3086031	3584	TCGTCCTCGGGAGTGACCGGAACCTGCGCTTGCATCGCCGCGGCTTCGTCCACGCCGGGCAGCGTCGGCGGCCAGTGGGCGGGTTCCTCGAGCGGACGCCCGTCGGAGAGGATCATCACGAGCAGGGAGGTGGTCTCCTGCTCGAGCAGGGTCTCGAAGGCGTGGGCCGCGCTGGTCCAGTCGTCCTCGTCGAGGGCTCGCAGGGCAGCGCTCAACAGGGAGCCGGCGTGGGCTTCGGCCGCCGCGGCGGCCTCGGCCTCGCCTCCCGCTCGGGCACCCCAGTCCGTGGCTCGCGCGAAGGCGTCGGCAATCTGTCGCGCCTCGGAAGGGCTGAGCCGAGACTGCCGCTCGGAATCGAGCACGGGATCCGCCAGGACCAGGGCCTCGTTGACCGCGGCGACGCGCAGCAGCGTGGCGACGGCGGTCAGCTCGGCCGTGACGAATTCGCGCTGTAGGCGCGATTCGTAGAGCTGCTGCAGGGCGTCCGTGTCGGCGGCGAAGGCGGACCAGGGCAGCGTTTGCGGATCGCCGTCGCCCGTGCCGAGGACCAGGCCCGACGAGATCACGCCGCGCGCCTCGACCACGCTGCGATCGGCGCCGGGCAGGGCCAGGGACTGTCGACGCCATTCACCCTCGCTCCAGGCTCGAGCCAGGGTGGCGAAGGCCGACGGCGCCGCGCGCAAGTCCCGCGCGAGGTCAGCCAGTGCCTCGCCGTACTCGGGCGAGCGCGCTTGGCCGGCGAGCGCCTCGACGGCCGTCGCAGCCGCGGCGAAGTCGAAGCCGCGCAGGTCGCGTTCGACCTTGCCAGCCGGCAGGGTGCGAGCGACCAAGGCGCGGTCCGCCTGGCGCATGGCCAGGGCGTGGGCTTCGATCCAGGTCGGGAGGGTGGCCAGGCGCGAGCGTACCAGGGTTACGCGCGCGGGCAGGGCCCAAGCGGTCGTGCCGGCGCTGCCACCCAGTTGCTCGCGCAGCTCCTCCGGAGTCTGGGGCAGTTCGGAAGCCTCAGCGTTGTCGTCGTCGGTCGCCGGAGCATCGTCGCCTCGGCCGGCCACTCCGTCCTGGCCGTCTTGTCCCGAGCCACCTTCCGTGTTGCCGTCGGTCTTGCCGACAGCGGGGGCAGCGGGTGACTTCGCGCCGGATTTCGCTGGTGGTTGCTCGGTGAGCCAGGCCAGCAGTTCTTCATAGCCTGCCTTGGCCGCCTCGAAGTCGCCCGCCGTCAGCAGCGCGTCGATCGGCACCAAGCGTGAGTCCGCTTCCGCGCGCAGTTGGGTCGAGACCTTCTCGCGCAGGGCTGCATAGCCCTCGAAGTACTCGGCGTCGGCCACGTAGCCGGGTGGCAGGGTCACACCGGCCAGGGCAGCCAGGGCCAGCTCGGGCGCGAGCAGCGCGCCGTCGGCGTCGCGCGTCGCCGCCTCGGCGGTGGCCAGCAGGGTCTGGGCCACGGACACCCCGGTCGAGCCCGCATCGTCGGTCGCGGCGGTCGACTGCTCGGGTTGTTGCAGCTCCTTGGCGCGCGCCAAGGCCACGGTCGCCGCGGTCGTACCCGGGAACTCGGCGGACACTGCGTGCAGGGCTTCCGTACGTTCGACCGGATCGACCAGGGACTCCGTGGCGAGCAGCGCCGCCGCAGCGCGCTCCTCGAAGCGTTGAAGTTGAGCCTCGGCTTCGGCGGCGTCGAGGGTGTCGGGCTCACCGACTTCTGCGCCTGGATCCTCGCTCGCGTCGACGGACGGCTGCGGGTCGTTGGTACTCGTCAGGTCCGCGACTTCGGTTCGGCCGTTTCGTTCGCCGTCGATCGAACCACCGTCGCCGTTGCTCGAGCTGCCGTCGCCCGTGGTGAGCAGCACGACCCCAATCGCCACGGCGGCCAACAGAACCAGCGCGCCGACGACCAGACCCAGCTTGCTGCCCTTCTGCGAGCCGTCGCCGCCAGCCGAGTTGGCCGCGGAAGCGAGCTCTTCGACCCGAGCGCGCAGCACGCTCGCCGAGCGTGGCCGGGCATCGGGGTCCTTGGCCATCAGGCCGTGCACCAACGCAGCCACCGGCGGCGGCAGGTCGGGCACCAGTTCGGTCAGGGGCCGCGGCTCGTCCTGGACCACGGCCCGCAGGATCGCCTTGCTGGACGCCCCTTCGAAGGGCGTCTTGCCCGAGAGCAGGCGGTAGGCGGTGGCTCCCAGGGCGTAGAGGTCCGAGCGCGCGTCGACGGCCATGCCGCGCGCCTGCTCCGGCGCCATGAAGTGCGGCGTGCCGCGGATCTTGCCGTCGCTCTCGGCCTCGGCGGCCGTGGCCAGGCCGAGGTCGACGATCTTGGTCGCGCCCGCGGCGCTCTGCATCAAGTTCGCCGGCTTGATGTCGCGGTGCACGATGCCGTGCTGCTCGGCGAACTCGAGGCCCGCCGCCGCGTCGCGCAGGATCCCGAGCACCGCGCGCCAGGGCAGGGGGCCCTCGGCCGCGAGTCGGTCCTCGAGGCTCCCGCGCTGCATGTACTCGAGCGCGAGGTAGTGCTGGCCCTTGTCCTCGCCCACGTCGTAAACGGTGACGACGTTGGGGTGCGCGAGCTTCGCCGCGGCGCGTGCCTCGGCCTGGAAGCGCGCCACGAAGTCGGCGTTCTCGCAGAGCTGGCGGCGCAGGAGTTTGAGCGCAACTTCGCGATCGAGGCTCTCCTGCACGGCGAGATAGACCAGTCCCATGGTCCCCTTGCCGAGCAGCTTGGAGACGCGGAAACCGGTCACGTCGACCTCAGCGCCCCGGCTGGCGGCAGTCGCATTCGCATTCGCATTCGCAGCCGCAGTCGCAGCCGCAGTCGCAGTCGCAGCCGCAGTCGCAGCCGCAGCGGGGCGAGCGCGCTCGGCTGGCGCCGCTCCCCGGGCCTCGATGGTCAACTCCACGGACCCCAGGCGCAGTCGTGTGCCCGCGTGCAGGCGCGCCTTGCGGACCGGGTGCCCGTCGATCTCGGTGGTTGCCCCATCGTCGAGTGCGACCACGCCGTGGCCTCCGCCGCGCACCGCGGCCAGGGCCACGTGCTCTGGTGCCACACCGACGCCGGCGAGTTCAAAACCGCCCTCGCCCGGCGCGCTACCGACGACCAGTCGCCCCTGGGGCGGGATCTCGGCCGTGCGCCCGTCGGGAGCGCGGACGACCAAGCGATCGGATCGGGCGGCGCTCATCGTCGAGCCTCCTGCGCCGACTCGACGAACAGGGCGGATCCGATCCGCAGCCAATCGCTGCCCTGGTCGACGGCCTGTTCGAGGTCGTCGCTCATGCCCATCGAGAGCAGCGCGCGGCCCTCGATCCAGGGCGCGTCCCCATGGCGCTCGGCCAGCTCGGCCAGGCGACCGAAGGTGCGGCTAGCGGACTCGGCACGGCGCTGGGGATCGTCTTCGAGGGGTGCCATGGTCATCAGGCCGGCCAGGTCGAGGCAGGACGGGTCGCTGGCCTCGATCGCCTGGGGCAGCTCACTCGGGTCCAGCCCGTGCTTGGTGGCCTCGTCGGTCAGCCGTACTTGGAGGTAGATGCGCGGCCGCAGGCCCTCCTCGGCGCAGACCCGCGACAGGGTCCGGGCCAGGGCGACCGAGTCCACCGCG
CP036296.1_gap82	3089952	3091877	1925	ACGTGCCCCTCGACGGTGACCAACGCATCACCGATGACACGCGTATTCGCGCGGCCCTACCGACGATCCAGGCGCTGCTCGAGCGCGGCGGGCGACCCGTCTTGATGAGCCACCTCGGTCGCCCCAAGGGACAAGTTGTCGACGAGCTGCGGCTCGACCCGATCGCCGATCGCCTGGCGCAACTGCTGCCCGGGCGTCAGGTGATCAAGCTCGACGCCTGCCGCGGGCCGGAGGTCGAAGCAGCCGTGGCGGGCGCGCCCGCGGACGCGGTCGTGTTGCTCGAGAACATCCGCTTCGAGCCCGGCGAGACCAAGGGGGACGAGCAGTTGGCCGCGGACCTGGCGCGTCTTGGCGACTGCTTCGTGAACGACGCCTTCGGCACCTCCCATCGCGATCATTCGAGCGTGTGCGGCGTCGCGCGCATCCTGCCGGCGGCGGGCGGGCTGCTGCTCGAGCGCGAGATCGCGGCCTTCGCGAGGGTGCTCGAGGATCCGGCGCGTCCCTTGGCAGCCGTGCTGGGCGGGGCCAAGGTCTCCGACAAGCTGACGGTCATCGAGCGCCTGCTGGACGTCGTCGATCGGCTCCTGATCGGCGGCGGCATGGCCTACACCTTCCTGGCGGCGCGCGGCGGGTCGATCGGTTCCTCGCTGGTGCAGCCCGACCAGTTCGACATGGTGCGCCGGGCGATGGCGATGGCCAAGGAGCGCGGCGTGCAGCTCCTGCTGCCAGTGGACCACGTGATCGGGCGCGACTTCGCCGAGGGCACCGAGCACCGCACGGTCGAGGGCGACATCCCCGACGGTTGGATGGGGCTCGACATCGGCCCGAAGGCCTGCGCCGCCTACGCCGCCGCCCTGGCCGACGCCAAGACCATCGTCTGGAACGGCCCCATGGGGGTCTTCGAGTGGCCGTCCTTCGAGGCGGGCACGCGCACGGTGGCAGAGGCCGTGGCGGACTCGCCCGCCTACTCGGTCGTGGGCGGCGGTGACTCCGTCGCGGCCGTGGAGAAGTTTGGCCTGGCCGAGCGCATGGGCCACATCTCCACCGGTGGTGGCGCATCCCTGGAACTGCTCGAGGGCAAGGTGCTGCCCGGGATCGCGGCCCTGCAACGTTGATCGACTAACCTCGAGGGCCTCTCCGACCCGCCGCACGCATCGGTACGCAGATCCAATGACCGACTCCGATCGCCCGATCCTGATCGCCCCCTCGCTGCTGTCCTGTGACTTCGCCCGCATCGGCGAGGAGGTCGCGCGGGTCGAGGCCGGGGGCGCGGACTGGCTCCACGTGGACGTGATGGACGGGCACTTCGTGCCCAACCTGACCATCGGCCCGCCGATCGTGAAGGCCATCCACGCGGCGGCTCGGATCCCCCTCGACGTGCACCTGATGATCTCGGAGCCCGTGCGCTACGCCGAGGCCTTCGTCGACGCCGGGGCCCACGTGCTGACTTTCCACTGGGAGGTGACGGGCGCGGCGGGCACCGGAGCGGCGATCGAGGCGATCCGCGCCACGGGCGTCCCCGCGGTGGGCATCTCGGTCAATCCGGATACGCCGGTGGAGCCCCTGGAGCCCTTCCTGGACAGCCTGGATCTGATCCTGGTAATGAGCGTCTTCCCGGGCTTCGGCGGTCAGAAGTTCATTCCCGAGGTCCTGACCAAGGTCCGGCGACTGCGGGAAATGGGTTTCGAGGGCCTGATCGAGATGGATGGGGGGGTGGCGCCGGCCACGATCGCGGACTGCGCGGCGGCCGGAACCGACGCCTTCGTCGCTGGATCGGCTATTTTTGGGTCCGAGGACGTCGCGGCGACCATGAAGGAGATGCGACGATTGGCCGCAGAAGGACGCCAGACGGCCGCGATCTGAGCCGAAGTCACCAGGGGGACGCTGGTGCCGGCGAGACCATCGCGGACAGAGCGACCCGTCAC
CP036296.1_gap83	3111148	3113918	2770	ATTGGATGAGCGCCACGGGACGAGCAGCCCCGACTTGAGGCGAAGCTGCTTCATCACTCGTTGATTCTTTGCTTGGGGGTGTCGGGAGATGTCGTCGATGGATAGAACTTCCCTTGTGAAGGCGACCTCCGAGGAGAGACTTGACTTGTCTAGGGTGCTGATCTCGTCAAGTACTGCTGAAAATCCGACTTGGGCAATAAGCGTCATTGCCGATTTCGACTTGGCATTGACTGCTTCATAGATTGCGACGGCCGGGCAGTTCGCAATCTTCGCGGCGCCTCTAGCTACTTGGTTGCTGAGTCGGTTCCATGGTGGGCGCTGCAGTTCCGCGATAAGGATCTGCATTTCGCCAGACTGACGGCGAGCCCAGGCCCCTTGCATTACTAGTCCAATGAGGCTCGCAGCGTGTTCGAGGATGATCTGGTCCGACTCTTTCGAGAATCCGAGTAGATTTAATTCGCCGCTCGACGTCGTCCTGTTAAAGGCGCGGATGACTCCTTCGCCTTCTTGGCCGCCTCGAAATGGGATGAGTGCGAGGGATGCGATCTTCTTTGAGGCTAGCCGGTTGCTCCAATAGCGGATTCTGTCGGGCGAGGCATTGGGGTAATTGCTAATTTCATCCCCGTTCAGGTATATGGCCCTTCCATTGCTAAAGGCCTGGCCGGTGAAGGGCTCTCCGAGGCCGTATTTCTCAATCTCGCCAGTTGCTGGCCTAACTTCGGGTCCCCCTACGCTTGCCAGGCAGTGAAGTGATTGATCTGCCGCGAAATAGGCGAAGATTGACACCGCTTCCACATTCAGCGACTCGTGAACGGTTGCTAGGACCCGACGCGCGTCGCGCCGGAGCCGGTCAAGCGGCGGCTCTCCCGGTCGAGACTCTGAAGCAGACGCGACTTCTGATTCGAGGATCCGACGCGCGAGATCCAAGATGGGGCTGTCCTTGCCTCGATTATCCGACCTTCCTCGCCCGCGAATTAGAGATGAGAAGTCACAATCACCAGAGGATGGTGTGGGGGTGTGCATCTGGATGGTGTATTGGCTTGATGGGCTACGATGGTCTGGAAGCGATTGTTGAATCCAGCCGTCGCCACTCTTGTACAGTATCGCGATTGACGGTGACGGGGCCGCTCACTAAGTTCTCGTGACGACTTCTCAAGATCTCGTGATGGCGCGCGCAGCCCTTTCGGGCCTGGCTCAATCGGTCTTGGAGAGGCGCAGGATACCGCTCTGCGCGAACGGGGCATCATCGGGGTGATCTTGGGAGGGCGTTTCCGTTGAAGGGGGGCAATGAACTGAGTTGCGGCTGTCGCGGGCTTAGATCGGCGGCATGCCCCCGAGCAATGTCTTCGAATTGACGCCATACTGGTCGACCTTCTCGTCGTAGCGTCACTGCTGATGCGTGCGTGGGGTCGGCGAATTAGTGCTGGTCGGGGGATCAACTACGGAGGCAGCTTCTCTAGCACTCTCCGCGTACGATATTGAGAGTGTCTTTCTGGGTCAATAGGGGTGATCGGCCTACCGCCTCCGCGGGGCCTCCCCCTCGGCCTCGCCTACGACACCACCACCGAAGCCAAGTCCCCGAGCCTCCGGGTTCTGACGGCATAACCAAAGCCCGCCTTCAGCTGGTGCCATCGGCCCGACCACCTCTTTGTGGCGAGTGAAAGCTCCAGGGTGATTGAGGGAGCCCTGTACTTGCGCAAGAAGTTCAAGTTCATGGCGATCAGGCCTGGGTCGCCCTTCGAAGGAGTTGCGATGATTGGATCGATAGCGAGCTGACGGACGTGTATCGGGGAACTTCCGTGTGTTCGACCCTCAATCCAAGGGTTGCAGTTGGAGTGAATGCAGGTGTTTGGCGCAGGCCGCTAGGAATGGGGACGCTGTTCTATGCGTTCGAGCTACGCTTTCCGTCTGGCTGCGTCACTCGCACGCGATCAATTCGAGACCGTCCGAGAAGGCCAAGCCACCCGGCTGACCCGCGTCGGCGGCGATCGACTGGAAGTGGAAGCGCAGCCCGGCCAGCACCGGGTCGTCGGGGATCACCAGGATCCACAGGGCGCTGCCGCCGGGGATCGTCGCGATTGGCTGGACCGCGACCAGGCTCGCCAGGTCGATCAACACCACCCCGCCGCCCAGGGGCAGGTTGCCGGCCGCCAGCGACAGGCCCGTGAAGACCAGGTCCCCCGGCGCGCCCGTGGTGATCAGGTCGACGTTCTGACCCAGGGTCCCGTCGTTGACGCCGGTCAGGGTCATGGTGTGGGCGGCCGTCCCGCTGCCGTAGGCGCTGAAGCCGCAGGGCTGCAGGGGCACGATGATCTGACCGCTGCTCGAGCTGTTGCCGGCGATGTCCGTGAAGGTGATCTCGTAGACCAGGCGCGTGCCGAGGCCAGCGGCGGTGTCGGTCATCTCGAAGCGATAGATCGAACCGCTGGACTGCAGCACCTTGCCAGCAGTGGTGGCGCCCTGGAAGGCTCCGACGTCGACCCGGTAGCTGACCTGTCCGGTGACCCAGTTCTTGCCGTCGTCGTGGACTTGGTCCATGACCTGGGCGCGGACCACCCAGGGCCCGGCCGGGCCGGCGCCGACGAGCGCCTCGAGGCGCTGGATGACGGGCGCGAGCGTGTCCGCGGGCCCGTTGTTGAGGTAGATCTTGTTGTCCCAGGACGACGAGGAGCTCTCACCCTGCACTGTGATCAGGTCGTAGTCGGCGTCGTTGTCGATGTCGACCACGGCCACGTCGAGGGTCTTGTCGGAGATGTTGGTGATCTCGCTG
CP036296.1_gap84	3116975	3120976	4001	CTCGCGCTGGAGGTCCGCCAGCAGCTCGGTGGTCTCGAACTCGCCCTGCAGGCGCGGCGGAGTCCAGTCGAAGCCCATCAGGGTCAGGAAGTTTCGGACGCCGAATTGGGAAGCCCGCTCGCGGGTCCCGATGTCGACGCCGATCAACTGCACGGCGTTCAGGCCGTCGGCTTGGCTGTCGTTGAGAATGGCCGCCGAGCGGGCCGCGCTGGAGCCGGCGCCGGCCAGAAGGCCCCACCAGGTCAAGCGTGCCGTCGCCGCCTTGACCCTATCGTCGGACCGGATCACCTCGAGCGCCGGGTGGGGGGTGCGCGGCACCCCTTGCCCCGCGAACAGGGCTGGTGTGACGATCACGTCCGACAGGCCCCCGCGCAGCATCGCGCGTGCCTCCACGAGGAACCCGGTCATGATCGAGAGGATCATGATCAGAGCCCCCACGGCCACCGTGATGCCCGTGATGCCGATGAAGTTGGTGCGGCGCGTGACCAGGTAGCGCCAACTCAGGAACCAGCGATACAAGATGTCTTCCTGGGCGATCGGCTTGGTTGCTCGGAGAAGGGCTGGGGCACGGATCAGCTACCCGCGCTTACGTCGACCGCTGAACGGGAGGCGCCAGGCCCGTCAGCTCCCGCGTCGTCACCGCTCGGCTGTCCCTGTTGCGGGCGCATGGTCGGGAACAGCAGTACGTCCCGGATCGAGTCCTGGTTGGTGAGAATCATCACCAGCCGGTCGATACCGATCCCCAGGCCCGCGGTGGGGGGCATGCCGTACTCGAGTGCCTGGACGTAGTCGATGTCCACCTCGGCCGGCGACTCCGGATCCTTGGCGGCGACCTGTTCCTCGAAGCGCCGCTGCTGCTCGGCCGGGTCGTTCAACTCGCTGAAGCCGTTGCCCAGCTCCATGCCGCCCACGAACAGCTCGAGTCGCTCGGCGATCGTCGGGTCGTCGGCGCTGGCCTTGGCCAGGGGGCTGATCTCGATCGGGTAGTCGATGACGAAGACCGGGCCGTCGAGATGGGGGTCGACGAAGTGCTCGTAGACGTCGTTGGCGAGCTTGTAGTAGTCGGCCGCCGAATGCCCCGCGTCGGAGGTGTCGAGCTTGGCCTCGCGGGCCTTGGCGAGGACCGACTCGCGGTCGTGGAAGTCGCAGCCCACGTGCTCGGCGAAGAGGTCCATGTACTTCGCGCGGGGCAGGGGCGCCTTCAGGTCGTAGGTTCGCCCGCGGAACTCGACCTCGGTCGTGCCGTGCAGCGCCAGCGCGAGGCCCTCGAGCAGCTGCTCGAAGATCTCCATCATGCGCCGGTAGTCGGCCTGGGCCTCGTACAGCTCGAGCATCGTGAATTCCGGGTTGTGCCGGACCGAGATGCCCTCGTTGCGAAAATTGCGGCTCCACTCGAAGACCCGCTCCAGGCCGCCGACGATCAGCCGCTTGAGGTACAGCTCCGGCGCGATGCGGAGGTACAGCGTCATGTCGAGGGCGTTGTGGTGGGTGTCGAAGGGCCTGGCCGTGGCCCCGCCGGAGATCGGGTGCAGGGTCGGGGTCTCGACCTCCAGGTAGCCCTGGTCCTCCAGGTAGCGCCGGATGAACGAGGCGATGCGGGCTCGCTGCACGAAGACCTCGCGCACGCCGGCGGAGGCGAACAGGTCGACGTAGCGCCGGCGGTAGCGCTGTTCGACGTCCGCCAGCCCGTGCCACTTCTCGGGCGGGGGCGCGACGCTCTTGGTCAGGATGCGGACCTCGGTGGCCCAGATCGTCGGCTCGCCCTTCTGGGTCAGCCCCAGCTCGCCGGTGATGCCGACCTGGTCGCCGCCGTCGAGCAGTTTGCGGTGGGGCCACCAGTCGGCCAGACGCTGCTTCTGCAGGCCGACCTGGAGCCGACCCGTGCGGTCGTCGACCGGGGCGAAGATCAGCTTGCCGAAGTCCCGCAGGCCCATCAGGCGGCCGGCCACCGTGAAGGTCTGGCCGATGCCCGGTCCCGGCTCTTCGGGGGTCCCGGCCAGGGCGTGCAGTTGCTCGACCGGGGTCGCGACGACGCCGCGGGCCGGGTAGGGCTCGAGGCCCTCGGCGCGCATGCGCTCGAGCTTGGCAAGACGGTCGGGATGGGCGAGGTCGGTCATCGGGATGGGGCGAGTGGGTCCACCGGCTTCGGATGGGCTCGGGCCAGCCCAGCACGATAGCGTTCCACGCCGGGGGGAACGAGGCGGGCGGGGCCGGAGCAGGCTCCGGGGACCCGGTGGAGCGACCGACCGGCCAATCAACGACCGAGGCGACGATCGACGGATCGAACCCCAACCCGGCCGAACGCCCAGTTCCGCCGAACGCCAGACGGCCGCCACCCCGTGGGGGCAGCGGCCGTCCTGTACGGTGGTGGAGGATAGGGGAGTCGAACCCCTGACCTCTACAATGCCATTGTAGCGCTCTACCAACTGAGCTAATCCCCCGTGTTGTCCGCGGTCGCGAGCGTTCCGAGCGGGCTCGGAGCTGCTGCTGATGACCGGAAGAGCAGGCTTCCCGACGGGCGACGTCAGGTTGCGAGCGGTAGAGAATGGGGATCGACCTGGCCCCAGTCAAGGGGGCTGTGGGCCCTCCTTGAGGCTTCGGGCGCCGACGCTCGGATCCACGGCGGCGGCCTTCCTTCGGCCTCCCGAGCGTGCCACCGCGGGCGCTGCTCACTATCCTCGTCGGCTCGCTTCGCGCTCGGTCGGCTCCATACCCGTGCCGAGCTCGGACCAATCGACGGCTGAGGCCTGTCCGAGCGGCTCCGCCCGGTGCCCTGACACGGGGGCATCGCCCGGGCCCCAAGACACAGAGCGCAGCCAAGCGCCCCCGAACACAGACCCGTGACCAACGCCTACGAACCCCGCGCCATCGAGGCGAAGTGGCAGGACCGCTGGGAAGCGCAGGGCACCTTCCGTGCCGCCAACCCCGGTGACCCTGGCTTCGACCCGCAGGCCCCCAAGTACTACGTGCTCGACATGTTCCCGTACCCCTCCGGTGCGGGGCTACACGTCGGTCACCCCATGGGGTACATCGGCTCCGACGTGGTCACCCGGCGCAAGCGTGCGGAGGGCTTCAACGTCCTGCACCCGATGGGCTACGACGCCTTCGGTCTGCCCGCGGAGCAGTACGCGATCCAGACCGGTCAACACCCCGCGCAGACCACGGCCGCCAACATCGCGACCTACCGGCGGCAGTTGAAGCTGGTCGGCCTGTCGTACGACTGGGAGCGGGAGCTGACGACCAGCGACCCCGCCTACTACCGCTGGACCCAGTGGATCTTCGCGCGCCTCTACGACCGCGGCCTGGCCTACCAGGCCGAGGTGCCGGTTTGGTGGTGCGAGGCGCTGAAGACGGTGCTGTCGAACGAAGAGGTCATCAACGGCCGCTCCGAGCGCGGTGACCACCCCTGCGAGCGGCGCCCGCTCAAGCAGTGGATGTTGAAGATCACGGCCTACGCGGATCGCCTTCTGGACGACCTGGACCTGGTGGACTGGCCCGAGTCGGTCAAGACCATGCAGCGCGAATGGATCGGGCGCTCCGAGGGCGCCGAGATCGACTTCGAGGTCGACGGCCTCGAGGACCAGCGCCTGACGGTCTTCACCACGCGGCCCGACACGCTGTTCGGTGCCACCTTCATGGTCGTGGCGCCGGAGCATCCCCTGGTGCGCCAGCTCACGACGGATGCCCAGCGCGCCGCGGTCGAAGGCTACGTGGAAGCGGCCTCGTCGAAGTCCGACCTGGAGCGCACCGATCTCGCCAAGGAGAAGTCCGGTGTCTTTACCGGCAGCTTTGCGGTCAACCCCGCCTTCGAGGCGGGCGACGAGCGGGGCAAGATCCCGATCTGGGTCGCGGACTACGTGCTGATCAGCTACGGCAGTGGCGCGATCATGGCGGTGCCCGGCCAGGACCAGCGCGACTGGGACTTCGCCGAGCAGTACGGTCTGTCGATCGTTCGCACCGTCCAACCCACGCCGAACTTCGAGGGCAAGGCCTTCACCGGC
CP036296.1_gap85	3122557	3126228	3671	AATCGACCCCCATGGCTTTCGAACTTCCCGCCCTGCCCTTCGCTGGCGACGCCCTGTCGGACAAGGGCATGAGCGCCGAGACCTTCGAGTACCACCACGGCAAGCACCACAACGCCTACGTCACCAACCTCAACAAGCTGATCGAGGGCACCGCCCACGCCAAGTCGAGCTTGGACGAGATCATCAAGGCGTCCGACGGTGGCCTGTTCAACAACGCCGCCCAACACTGGAACCACTCGTTCTTCTGGAACTGCATCAGCCCCAACGGCGGTGGTGGTCCGAAGGGCGCCCTGGGCGAGGCGATCAGCGCCAAGTGGGGCGGCTTCGACGAGTTCAAGGCGGAGTTCTCGGCCAAGGCCGCGACGCTCTTCGGCAGCGGCTGGGCCTTCCTGGTCAAGAAGAGCGACGGCTCCCTCGCGATCACCCAGGAGCCCAACGCCGGTTGCCCGGTCAAGAGCGGCGACAAGGCCATCCTGACCCTCGACGTCTGGGAGCACGCCTACTACGTCGACTTCCGCAACGCGCGCCCGAAGTTCATCGAGAACTTCTGGAACATCGCCAACTGGGACTTTGCTTCGCGGAACTTCGGCTCCTGAGCTGAGCGGCCCGGCCTCGCGAGCCGGTTGGCCCACGCCAACCGGCTCGTTGCATTGGCGCCCGATCGCCGGCACCTGAGCCGCCGCGACGACCCCCGATCGATCCGAATCTCCGCCCGAGGTCCACTCCCATGTCCGAATCGAAACGACGCGTACTCGTCACCGGCGCCAGCCGCGGGATCGGCCGTGGGATCGCCGAGCAGCTCGCGGCCGACGGGTTCGATGTGACCGTGCATTTCGGTCGGCGCGCCGAGGCGGCGCAGGAGGTCTGCGCCGCGATCGAGGGTGCCGGTGGCAACGCCCGCGCGCTGGGCTTCGACGTGGGGGACCGCGATGCGACCCAATCCGCCCTGGCCGCCGATCTCGAGCAGCACGGCGCCTACTGGGGTGTCGTCTCCAACGCCGGCATCTCGGACGACGCGCCATTCGCTTCGATGGGGCCGGAGGCCTGGGATCGTGTGGTGCGGACCAACCTGGACGGCTTCTACAACGTCGTGCAACCCCTGGTCATGCCCATGGTGCGCTTGCGCGACGGTGGGCGGATCGTGGTGCTGTCCTCGGTCAGCGGCGTGGGCGGCAACGCTGGACAGGTGAACTACGCTGCGACCAAGGCCGGCTTGATCGGCGCTGCGAAGAGCCTGGCCCAGGAGCTCGCCAAGCGAAAGATCACCGTCAACGCGGTCGCGCCCGGGTTCATTGCCACGGAGATGATCGAGGGCCTGCCGACGGAGGACATCACGGCTCGGATCCCCCTGCGGCGAGTGGGGACCGTCGGCGAGGTGGCGAGTCTGGTGCGCTACTTGTTCTCCGACGGCGCCGCCTACATCACTGCCCAGACGATCTCCGTCAATGGCGGCATGGTCTGAGGACGGTCGGTCACCGCAGTGCGGCGACCTCCGCCGCGCCGACTCTCAGCGCCCGAGGACCCGATGCCCCGGGGCAACCTCGCGCGCAGCATCCAGGCGCAAGACCTCCACGCGCGGGCTCACCAGCTCGAGCTTGGTGATCTGACCCTCGCTCCCCAGTCCGATGAACGCCTCGGGCGCCGTGGCGCAGTAGTAGCTCGGCTGGGGCCCCGCCACCGCCAACCGCTGGCTGCCGTCGTCCAGGGTCGCGCGGAGCACCGCGTGGGGCGGCATTCCGCGCACCAATAGCCCCCGCGCCGAGTCCGCCGCACGGTTGGCGTAGACGTGGGTCGGCCCGCCGCACTCGACCAGCACCAGGTCCGGGTCCCCGTCCCCGTCGAGGTCGCCCTGCAGCAGCCCGCGCCCGACGAAGGGCCCTTGGGCCAGGTCGCCGAGCTCCTCGCTCGCGAGCCGAAAACGTCCGCGCCCGCGCCCCACGTACAGCTGCGCCGGTTGCCGCCAGGTCTTGCCGTCGTGGTAGAGGTCGATGTTGTGGATGATGTGCCCGTTGGCGACGCAGATGTCCGGGTTGCCGTCGGCGTCGAAGTCGCAGATGACCGTGCCGAAGCCCACCGGCAGCCGACTGGGGCCCTCGAGGCCGGCCACCACGGTGCCGTCCTCGAACCACTCGCCGTCGTTGCGATACAGCGTGTTCGACTCGTTGTCGAAGTTGGTGACGTAGAGGTCGAGGTCCAGATCGCCGTCCACATCGGCCACGGCCAGGCCCATCCCGGCCTCGGTCATGCCGTCGCCGTTGACACCCGCGCCGGACAGGGCGGTCTCGTCGTCGAAGTGGCCCTCGCCGCTGTTGCGCCAGAAGCGGTTCTCGACGCTGTCGTTGGCGACGTAGAGGTCCAGGTCGCCGTCCAGGTCGAAGTCTGCGGGGATCACCCCGAGTCCCTTGCCGCCGGTTCCGACCAGGCCTGCGTCGAGGGCGCCATCCACGAAGCGGCCGTCGCCCTCGTTGCGCCAGAAGCGGTCCTCCAAGCCCTCGTAGCGGTCCGGGTGGCAGTAAGAGCGCCAGCCGGGCTCGGTGCGTCCGCACCATTCGGGCTCGTCCACGTCGATCGCCACGTAGCCGGTCACGTACAGATCGAGGTCACCGTCCCGATCGGCGTCGAACAGGCTGGCTCCCGCGGTCCAACGCCCGTCGGCCAGGCCGGCGGCCGCGGTGCCGTCGACGAAGCCGTGCCCGCTTGACCCCAGCAGGAGCGCGTCCGGCCCGAAGTTGGTCACGTAGAGGTCCGTGCGACCGTCGCCATCGACGTCGCCGGCTGCGACACCCTGGCCGTACTCGCGGTTGGCCGCGTCGCCGCTGGCGTCCGTTCCATCGACGAAGCTACCGCGGCCGTCGCCGAGGAAGAGCCGATTGGGGGGCATGGAATCGTCGCGGACGACCGCTGCACCCACGGGCATCGGACCACCCTGGACCAGGTACAGGTCGAGGTCACCGTCCTCGTCCGCGTCGATCAGGGCCGCGCCACCACCCATCGTCTCGGGCAGGTGACGTTCGTCGGAGAAGCCGGCGTCGTGGACGAAGTCGACCCCGCAGCGGTCGCTGATCTCCTCGAACCAACCTGTTGCGGGAGCTGAAGTGGCCTGGGCGGCAACGTCGGCGCCCGGATCCGGGTGGGGCGGTTGCGCGGCTTGCTTGGAACAGCCGAAGAGTGTGAGGAAGGCCAGGACCGCCGTTGCGTGAACCTTCACGGTTGCTCCCGGTCACGGGCCGCGGCCAGGCGACTTTCGATCACGGCGTCGCCGGGTCGCAACTCCAGTCCGCGTTCGAACCACGTGCGAGCGAGGTCCGCGCGGCCGCAGCGCAGGGCGACGTCGCCCGCGCGAACCGCCAGACGGACGTCGCGCACGCGCTCGAAGGCGCGCTGGAGCGCGGCGATCGCATCGACGGGCCGCGTCCGCTGCTCTTCCAGGAAGCGGGCGAGGCGCAGGGCCACCGGCGACGCCTCGTCGTCCGTCGCCAGCTCGGTCGCGCGCAGGTAGCTGGCCTCGGCCGCATCCAGGAGTCCGACCGCCAACTGTGCGTCGCCCAGTGCAGCGTGGTTCGGGGCGTGGAAGGGGGCCAGGTCCAGGCTCTGCCCGGCGAACTCGAGGGCGTCGATCAGGGGCACGAAGAGGCGATGTTCTGCCAGGACCGCCATGCCCTCCTCGCGCT
CP036296.1_gap86	3267949	3272691	4742	CAGCACCCGAGTCGGAGTGATGGGGGAGTTGCTGGCGGACGGGGCGGCCGGGCGCCTGTGTGGCTTCGACACCCCCTCGCTGGCCGAGTCGATCGAGCATCTGCTCGAGGACGAGGACCGGCGCCTGGCCATGGGCGCCGCGGCGCGCTCGATCGCCGAGCGCTTCGAGTACGCGCGGGTGCTCGAGGGCTACGCGCGGGGCTTGCACGACCTGGTGGGTCTGGAGGCGGTGAGGCGATGAGGCTGCTCCTTCTGACCCAGGTACTGGATCGCGACGACGCGGTGCTCGGCTTCGTCGTGCGTTGGATCGAGGGGCTCGCGAACCACGTGGAGCAGGTGCGTGTCGTGGCGCTGGAGGTCGGTGAGACCCGCGGCCTGCCGCAGAACGTCGATTGGCGCGAGATCGGCCGCAAGGGGCGGGTTCGGCGCTACCTGCGCTACAAGCGCGTCCTGCGCGAGGCCCTTTTGGACGACGGCTTCGACGCCGTGCTGGCCCACATGGTGCCGCGCTACGCCCTGGTGGCCCGCGGACCCGCGCGCCGCGCCGGGGCGGGGTTGTTCCTGTGGTACACCCACGCCGGGGTGGATGCGCGCCTGCGCAAGGCGGTGGGGGTGGTGGACAAGGTCTTCACCGCCAGTCCGGAGTCCCTGCGCCTCGATCCGCCCAACAAGGTCGTCACCGGGCACGGGATCGACCTCGTGCACTTCCCGATGGCCGCGGACGCGCCCGCGCCGCCGCAGCGCATCGTCAGCGTCGGTCGGCTCACGCCCGCGAAGGATCCGCTGACCATCATCGAAGCCCTGGCGCAGTTGCGCGCCGAGGGTCGCGACGTGGTCCTGCAACTGGTGGGCGCCGGGCTGGCCAGCGGGGATGACGAGTATGCCCTGCGGGTGGACGCGCGCATCGCGGAGCTGGGTCTCGGGGACGCGGTCGAGCGCACGGGCAAGGTGCCCTACACGCAGATCGCGTCGGTCTATGCCGGTGCGAGCCTGCTGGTGAACTCCAGCCACACGGGCAGCGTGGACAAGGTCGTCCTCGAGGCGATGGCCACCGGGCGGCCCGTTCTGAGCTGCAACGACTCCTTCGACCACGTCTTCCGTTCCCTGGGCGCCAGGGCCCAGGCCCTGCGCTTCGCGCCGGGGGACGTCCGTGGCCTGGTGGAGCGCGCACGGTTTCTGCTGGACCTCGCCGAGCCCCAGCGGGCCGAACTGGGCCGGGCGCTGCGCGCCATCGTCGAGGACGAGCACGAGGTCGAAGCGCTGATGGCGAACCTGGTGCTGGAGATGGGCGGGGGGAGCGACTGGTGAGCACACCTCCCACCGATCGACCGCGGTCCACGGTCTCGGTCGTCGTTCCCAGTTGGAACACGATCGACCTGACGCGTATCTGCCTCGAGTTCCTGTACGCCTCCGACCGCCCGGTGGAAGAGGTGATCGTGGTCGACAACGGCAGCGAGGACGGCTCCGCGGACATGATCGCCGAGCGCTTCCCGGCCGTGCGGCTGGTTCGCAACGCGCGCAACGAGGGCTTCGCGCGGGGCTGCAACCAGGGCATCGAGCTGGCCACCCAGGACCTGGTCCTGTTGCTCAACACCGACACCGAGATGGCGCCGGACGCCCTGGGGTTGATGGTGGCCTGGCTCGACGAGAACCCCGGCTACGGGGCCGTGGCGCCCAAGCTGGTGCACCGTGACGGCCGCGTGCAGCCGACCTGCATGCGCTTCCCCGGGCTGGCCACGCCCTTCTTCTACGACCCGCCCGTGCGTCGTTGGTTCCCCGAGAGCCGCGAGATGCGGCGCTACTACCTGCGCGATTGGGACCAGGAATCGAGTCGCGACGTGGACCAACCCCCGGCGGCGGTGCTGCTGGTGCGGCGCTCGGTCTTGGACGACATCGGACCCTTCGACGAGCAGTTCTGGCTGTTCTACAACGACGTCGACCTGAGCCTGCGGATGGCCAAGGCGGGCTGGAAGACGCGCTACCTGGCGGAGGCCCGCGTGGTGCACCACGTGGGCGCATCGACGTCGCGCTTCGCGAACTTCCTGCCCGAGTGGCAGCGCAATCGCCTGGCCTACTACCGCAAGCACTTCGGCGCGGCGGCCGGGGTCTGGGTCAAGGTCTGCGTGTCGCTCAGTTGGTTCGACCACTGGCTCCGCAACCTCCTGCTGGCCCTGCGCGGCAAGCCCCACGAGGACACGCGCCAGATCACCGAGGCCTTCCGGGAGTTCCTGCGCTCGTGAGCAGTTCACCCGTGAAGAGCGCGACGATCGACGCTCAGCTCGCGCGCCCCCTGGAGCGGGCCCTGGACTGGGCCCTGGGCCTGGCCGACTCCCAGGGCCGGTTGATCTGCCCCGAACATGGCGTGGAGCACACGGGCAAGAGCGCCTGTGTGGCGATCCTGGCCCTCGAGCTCGGTCGCGCCCTGGGGCGCCAGGACTACCTCGATGCGGCCGTGGCCCAGGGCCGACGGCTGGTGGCGCGGCTGGAGCGCGAGGGCGACAGCCCGTGCTTCACCTTCCGGCCCGGGCGCCACGATCCCTTCAACTGTTCCAACAGCGTGATCGACGGTGGGGCGTGCAGCGATGCCCTGGGGTCCCTGGTGCTGGAGTTGGGCGACTCCCTCGGCGCCGACGACCGCGCCGCCTTCGCGCGGGCCTGCGTGCTCCACGCGCGGACGTACCTGCGTTATGCGGCGGTGGACAAGGGTGTGCCGGCCCAGCGCGCCTGGGCCTTGACCGGCCTCGCCCGCGCGATCGAAGTGGAGCGTCGCTATCCGGAGCTGCTCGAGGGCGAGAGTCAGGCACCCGGCGACGGTGTGCTCGTCGAGGCGGGACGGCGAGCGGTCGAGATCCTGGCGGCGATCCAGCATGCCGACGGCAGCTATCCCTACCACCCGCTCGAGTGGGGCGCAGGCCATCCGGGCGCCAGCGACGTCTCGAGCTTCTACCAGTCGCGGGTCACGGGTTTCCTGCTCTTCGCCCTGCCTGGACTCGGGCTCGAGCCGAAGGCCGCGCAGCAACGCGAGGGGCTCGAGGCAGGCCTCGACTTCCTCGCCGGCCTGCAAGGGCCCGACGGCGTCAAGTGCGGGTTGGTCGAGGCCAAGCCCTGGTACTGGGGCGCCACCTACGAGGTCGCGTCCCATCCCTTCGACGTCTTCACCCTGGCGCGGGGCGGAGCCCTCTTCGGTCGCGACGACTGGTTGCGGGCCGCTCGGCGCGCCCACCGCGTCTGGGGCGACCACCTCACCGGCGACGGGCAGCCCACGAGCCACCGTCCGGGTCCCGGTCGCGGTCGCAGCTACCAGTGCCCGCTGTTCTGGGCCGGACACGCCTGCTGGGCCGCGCGCGCGCTGCCCGAGCTCTCCGCGGCGAGCGACACGGACGAGGGGCAGGTCCAGCCCAGCGTGCGCTGGTTCGCGGAAGCCCAGGTCGCCCGCCTCGAGGACGCTTGCGTCGTCGCCTGGGTTCGCGGAGCGCGGCCCCGACCGAACGTTCACCACGGGAGCCCCCTCGGCGCCGGCCTGTTGAGGGTGGTCGAGCGCGGCTCGGGCCGCGAGCTCCTGCCGCGCTGTCGCCTTGGTGGCCACAACCTCGCGGAGTGGAGCGGACTGGCGGGGCACCTGGCACCCGCCCGCGGCTGGCGCGCCGGCGGCGAGGAACTGCGCTTCTCCCTGTGGTTGGCCCGGGTCGAGGCCCGTGCGGGGCGGCTGGGCTCGGCCCTGCGTACGCCGCTAGCGGTGGCCCGCCGCGGGATCCTGGCCTTCGCCCACCCCAGGGTCTCGAGCGCCTTCGACGCCGAACCTGAAGTGGACCTGATCGATCACGGCCTGGTGGTGCGCTCGCGCCTGGCCCACCGCGACGGCGAACACGTGGTCGGGTCGGCCCTCGAGCGCACCTTCCGCGTCGACGGTCAGGGCCTGGCCGTGCGCGACGCCCTGGCCTCGGCCGGTGCCGCGCGTCGGGTGACCTTCTTGCATCCGGGAGCGCGGACGCCGATCGGCGGACCCGTGATCGGCTATCGAATCGGTCCCTCCAGCTCCTCGCCCAGCCCCGGCGGTCCCGCTGGGGGCATCGGGTAGTCTTCGAGGCCCCGCGCTCCGATGCCCCCCGTCGAACATCCCCCTATCCGCCCGCAGCACGCTCCGATGGGGCTGCTGGGGCTTGCGGCCACTGCCCTGTGGGCGGCGCTGATCACCGGTGCCCTCGCCGGAGCCGTCGACGGTCTCATGGCCTGGCTGCATTTCCGCGCCCTGCCGGCCACGGCCATCGAGGCCACGCGCATCGACCGCTGGAGCGACCTCGTCGGAGGCGCCAGTGCGGCGGCCATGCTCTACGCCGGCGTTCAAGCCCTGTGGCTGCTGCCGACCGCACTGCTCGCCTGGCTCTTGTTCCTGCGCCGACGCACGGCCAGGTTCGCCGCGGCGACCCTGCTGACCCTGGGCTTCGCGGCCGGCGCGTTCGTGCTCTTGTACTGGCACACCCGAGAGCGCTTCTTCTACGGCATGCCGGCCACCTCCGCCCCGCGGCTCGCGGTCAGCGGCGCCCTGGCCCTGGGTTCCGTGGTCTTCGGGATTGCGGCGGGTTCTATCCTGGCCCGGACGCGATTCGGCCTTCGGGCTGGCGCTACGGCTCTGTCGCTGCTGCTGGTGTCCGTCGGCGCGGTCTGGGCCACAGGGCAGAGCCGCTCGGTGTCGGACCGCGGACGCATCAACGATCGCAACCGCGAGGTGCCCAACGTGGTCC
CP036296.1_gap87	3285692	3287365	1673	CGGCGCGATCGACCTTGCCCATCCACTTGGTCAGCGCCCAGGACTGATGCCAGGGCTTGGCCGATCTATCTTCGAGGCTGCGCTCCTCGCGCTTGCCATCCGCCCCGTAGCGGGGCTTCTCGAGGGGACCGTTGCCTGTCTGGTAGACCGGCTGGCTGTTCCAGTAGAGGTCGTTCTCGTAGGGCAGCAGCAGCACCAGGTCGGGCTCGAACTCGGCCCCGTGGGCCTCGAGCCAGGCGGCCTCCTGGGCCGTGTCCCAGGCTTCGGTGCCCACGTTGACCACCTGGACCATGCGGCCGTCGGCGCGCATCAGATCCTCGAGTTGATCGACGAAGAGGTCCTCGCGTTCGACCGAGAAGCCGTAGGTGAAGGAGTCCCCGAGGGCCAGGATCCGGTACACGCCCTCGGGCTTGGCCGGAGTCGCCATCGGATCGTCGCGCAGTCCGAGCTCGTTCAACTCGAAGTGGGCGCGCAGCTCCGGCGTCTTCTTGGTCTGGGTGAAACCCGGCTTCTTGGACCAGCCGGTCGCCCCGTCGAAGACCAGGGGGCTGACGGTTGGGCCCTTGCCGAGGACCCGTAGGCCGACCTCGAGGACGATGAGGCCGAGGGCGAGGCTGACGAGGATGGAGAGGAAGACGTTGAGTGCGCGCATCGATCTAGGCAGGCAGCGGAGACAGAAGAGTCAGCGGTGGAACCGGGGGGGCAGCGGCGGTCAGCTGACCATCTCGGTCACCGAGTCGCCCTCGTGGCGCAGGGTGAACTTGGTGTCGGCGATCTTCTTCTTGGCGCTCTCCTCGACGACGAAATTGTTCATCAGGAGCAGGTCCATGCCCGACAGGCTGAACGTGTTGAAGGCGTGGCTGGGGTGCTCGACGATCGGCTCGCCCTTCAGGTTGAAGGACGTGTTCATGATCACCGGCACGTCGGTCAGCTCGCCGAAGCGCTCGATCAGTCGGTGGTAGGCCGGGTTGGTCTCCTTGTAGACCGTCTGCAGCCGACCCGAGCCGTCCTCGTGGGTGATCGCCGGGAGCACGTCGCGCTTCTCCTCGCGCACCGGGGCGACGTACAGCATGAAGCGCCCCGGCCACCAGTCGGCGGCCTCGGGGAAGTCGAAGAACTCGTTGGCGCGCTCTTCCAGAACCGATGGCGCGAAGGGCCGGAAGGCCTCGCGGAACTTGATCTTGGCGTTGAGCTTCTCCTTCATCTCCTGCTTGCGCGGATCGGCGATGATCGAGCGCGAGCCGAGGGCCCGGGGGCCCCATTCGAAGCGCCCGCGGTACCAACCGCAGACCATGCCGTCGGCCAGGGCCTGGGCCGCGAACTGGAAGAACTCCTCGTCGTCCTCGTAGTAGGTGTACGGGATGTCGTACTTCTCGAGGAAGGCGCGGATCTCGTCGTCGGAGTACTCGCTGCCCAGGTAGGCGTGGGTCAGACCCGGTCCGCGGGGCTGGTCGAGCAGGTGGTTGTAGGCCCAGTAGGCCGCGCCGACCGAGCCGCCGTCGTCACCCGGAGCCGGGTGGATGTAGACGTTCTCGAAGGGGCCCTGGCGCAGGATCTTGTAGTTGGCGACCGAGTTGAGGGCCACGCCGCCGGCCAGGCAGAGGTTCTTCATCCCGGTCTCCTTGTGGAGCCAGGTGGCCATCTTCAGCAGGATCTCCTCGGTCACCTTCTGG
CP036296.1_gap88	3291019	3295720	4701	AGCAGCCCCGCTCGCTCGAACAGGAGTCCGTCGCGCCGCTCCCAACCGCGCATGCTGAGCACCGTCGATCGCCCCCCGCGTGAGACGGTCAGTTGCATCTCCTGACCCGGCTGGAGGGGCAGGCGGGCGCGAGTGAACTCCTCGGCCGACGTGACCTCACGTCCGTCGACGGCCACGACCCGATCGCCGCTGCGCAGCTCCGCTCGGTCGGCGGGGCCGCCGGGCGCGACGCGGGCGACCTCCAGGCTCTGGTCCGCCAGGTCGAACCCGAGCCAGGTGCGGGCCATGGAGGGCGAGAGCAGGGAGTCTTCCAACACCTGTCGGACGCGATCGACGGGGATCGCGAAGCCCATGTTCTCGGCTGCCCTGTTGACCACCGTGTTGATCCCGATCAGCTGACCGTTGATGTTGAGCAGCGGGCCACCGCTGTTGCCGGGGTTGATCGAGGCGTCGGTCTGGATCAGGTTCGTGAAGCGCAGCCCGTCGGCCTCCACGTCCCGGTGGAGTCCCGAGATGATCCCGGTGCTGACCGTGAAGGACTGGCCGTAGGGGTTGCCGATGGCGAGCACCGGCTCGGCGATCATCAGGTCCGAGCTGGTCCCCAGGGGAACGGTCGGGAAGGGCCCCGGCGAGCTGATCTTGAGCAGCGCGAGGTCCTCCTCGGGCACCGCCGACACGACTGTCGCGGGGTACTGTCGGTCGTCGATGGCCGGGTCGAAGGACACGACGATGTTCTGGGCACCGCGGATCACGTGGTTGTTCGTGACGACGTAGCCGTCCTCGAAGATCACCACCCCGGAGCCGGCGCTCTGGGCCAGTCGGTCCGGCAGGCGTTGGCCGAAGATCGTCTGTTGCGGGACCAGGACCTCGGTCACCACGTGGACCACTGCCGGCCGCACGGAGCGAGCCACGAGCACCTCGGGCGTCATCCTGCGGGACAACTCGTCAGCGATCTCGCCTCCCGGGGTAGGGGTGAGCTGGGCGGCGAGGGCGAGCAGGAGAGCTGTAGTCATGGTCGCTTGCGGGCCGGGTTGCCGGCGGTCGAGGGGACCGACGTGGCCGCGCTCGAGGTCACTACGGCTGGAGTGACACGGGTGTGAGCGCACCGAGGGGCCCCCCATTTGGCGTTCGTACGGTGCCAGGCACGAAACCGCCGCCTACGCTGCCCTGAGCAGCCGCCCTCGGCGGCCGCTCTGGGCCGCGTAGGCGGCGGTTTCGTGCCTGGCACCGTACGAACGCCAAATGCTCTCGGCGTCCCCAGCCCGGTGCGCTCCGCTCGGCGGGAGACTTCCTGGGTTGATCCGCCGGTGCTGCTCCGCATCTGCGGGTCCGCAGCCAGTGTCCTGGATCAGAAGTTAGGCGTCACTGCCCGGAGGTCCGGTCGATGCTGGCTAGTGTCCTGGATCGGAAATTCGGCGTCACTGCCCGGAGGTCCGATCGATGCTGGCTAGGCGCGCCGACGACGCGTATCCGCTGCGATACTCGGAGGAGGCGCTGGCGACGCCAGCGGCGATCGGAGCCCGGGAAGTGACGCCGAATTTCTGATCCAGGACGCTAGTTCCCCGCCCGCCCTACGACCGGCGTCCGTGGGGGAGCCAGGAGGGCAGGGGGATTGAGTGGTGGGCCATAGTGGATTCGAACCACTGACCTCCACGATGTCAACGTGGCGCTCTAACCAACTGAGCCAATGGCCCACTCAAGGCGGCAGAGACTAGCGCGCGCTCGGGGGGCTAACAAGCCCGTCCTGGCCTGACTTTCAGTCCTCGCTCTAGGCCCAGCTCGCGGGGCACGGAGGCTGGCCTCCTCCGCGGCCGGCACTACACTGCGCGGCTCGCGCCCGCGGTTCGGACTGCGGCGGCGCCCCCTTCGAAAGCCTCGTCCCCGAGCCCCCCCGGTACCTATCGTGAAGATCGGCGTTCCGACCGAGATCAAGCCCCAGGAGAACCGCATCGCCCTGACCCCCGCCGGTGCAGACCGCTTGGTGGCTGCCGGCCACCAGGTCTACGTCCAGTCGGACGGCGGACTCGGCAGCGGTTTCGACGACTCGGCCTACGAGCTGGCGGGCGCGACCATCGTCAGTGACGCCGACTCGGTCTTCGGTGAGTCGGACCTGATCCTCAAGGTCAAAGAGCCGCTCAAGGAAGAGTGGGCGCGGATTCGCAAGGGGCAGACGCTCTTCACCTACTTCCACCTCGCGGCGGATCGCGTGCTGACGGAGGGCCTGATGGCGACCGGCGCACACTGCTTCGCCTACGAGACGCTCGAGGTCGGCCGCACCCTACCGCTCTTGACGCCGATGAGCGAGGTGGCGGGTCGCATGTCGATCCAAGCCGGCGCTCACCACCTCGAGAAGGCCCACGGCGGGTCCGGCATCCTGCTGGGCGGTGTCCCCGGCGTGAAGCGCGCCAAGGTGCTCGTGATCGGCGGAGGCGTGGTCGGGATCAACGCCGCGCGCATGGCCTGCGGCCTGGGCGCCGACGTCACGATCATGGACGTCAACCTCGACCGGCTGCGCTACCTCGACGAGGTCATGCCGGCCAACTGCCGCACCGTCCACTCCTCGCGCTTCGCGATCCGCGAGCACTTGAACCACGTCGACCTGGTCATCGGGGCGGTGCTGATCCCCGGGGCCGCGGCGCCCAAGCTGGTGCATCGTGAGGACCTCGAGCTGATGGGCGAGGGCTCGGTGATCGTCGACGTGGCCGTGGACCAGGGCGGCTGCGTCGAGACCTGCAAGCCGACCACCCACGCCAATCCGACCTTCGTCGTCGACGGCGTGGTGCACTACTGCGTGGCCAACATGCCCGGCGCCGTGCCCCGCACGAGCACCCTGGCCCTGACCAACGCGACCCTGTCGTACACCCTCGAGCTGGCCCGTCTGGGCGGCAAGGCGGCCGTCGAGCAGTCCGCGCCACTGCGTACCGCGGCCAACATCATCGGCGGCCAGATCACCTGCAAGGCCGTCGGCGAGGCCTTCGGCATGGCTTCGGTCGACCCGGCCGAGGCCTACGGCCGGTTGGCCTGAGGGGCGGGATATCGCCCTTGGATCCGGCTGCGTTCCACCCTCTGGCCCAGTTCGCCACCCTGGCCGACGTGACCTACCCCGACGGGGAGGGTCAGTTGCTAGCGGTGGTGATCCTGGCCGTGGTCCAGGGCCTGACGGAGTTCCTTCCGGTCAGCTCATCCGGCCATCTCGTGCTCGGGCGCGAGGCCCTGGGGCTGCATGCGATCGAGGGCGCTGTGATCACGATCGCCCTGCACGTGGGCACGCTGATCGCAGTGTTGGCCGTCTACGGGCGCGACCTGCTCGGAGTTCTGCGCGATGCGATCTCGGGGCGGCCGCGTGACCTGGGCATGATCCTGCTCGGGAGCGTTCCGGCCGCCGTGGTCGGGATCGGTGCGGGCGATGCCCTCGACGGCATCTTCGACTCGCCCGTCCTCGCTGCCTCCGGTTTGCTGGTGACGGCCCTGATCCTCATCACCGGCGACGTCTTCCGGAAGCGGCGCGAGCTGATCGGGATGCCAGAGGAGGAACTCGGCCTGAACGTCGGCGTCTGGGCTGCTCTGTTCATCGGCACCTTCCAAGCCCTGGCGATCCTGCCGGGGATCTCGCGCTCAGGAGCCACGATCTGCGCCGCGCTGATGGTGGGCCTGTCGGCCCCGCGAGCGGCGCGGTACTCGTTCCTGCTCAGCCTCGTCTCCGTCGGTGGGGCGGCCCTGCTCGAGTTCTCGGACGTCGAGCAGATCGACGGCCGCACGATGATCGACCTCGGCATCGGCGTCGCGGTCTCGGCCGCGGTGGGGCTCTTGGCCCTGCGCCTGCTTCTGGTGGCCCTGCGCCGCGGTAGCTTCCCCTGGTTCGCCGCCTACTGCGCCACGATCTCTGCCCTCTGGTTCGCCCTGGGCTGACGCCCTTCCCCCTCCGCACACATTCATGCCCGTCTCCAACAACACCGAGGGTCGCCGCGCCCTGATCACCGGAATCACCGGCCAGGACGGCAGCTACCTGGCCGAGCTGCTCTTGGAGCTTGGCTACGAGGTGTTCGGCGTGGTGCGCCGCGCCAGTACCGAACGTTTCGAGCGCATCGACCACCTGCGCGACCGGGTCAACCTGCTCCACGCCGACCTCTTGGACCAGTCGTCCCTCAACCGCGCCTTCGCCGAGGCGGCACCGGTCGAGGTCTACAACCTGGCGGCCCAGTCCTTCGTTCCGACCTCCTGGAGCGAGCCGGTGCTGACCGCCCAGTTCACCGGGATGGGCGTCACGCGGGTGCTCGAGGCCCTGCGCCAGACCTGCCCAGAGGCGCGCTTCTACCAGGCCTCCAGCTCGGAGATGTTCGGCAAGGTCCAGGAGAGCCCGCAGAAGGAATCGACGCCGTTCTACCCGCGCAGCCCCTACGGTGTGGCCAAGGTCTACGGGCACTGGATCACGGTCAACTACCGCGAGTCCTACGACCTGTATGCCTGCAGCGGGATCCTGTTCAACCACGAGTCGCCGCGCCGCGGTCTCGAGTTCGTGACGCGCAAGATCACCCACACGGCCGCGCGCATCAAGCTCGGCCTGGCCAGCGAGCTGCGCCTGGGCAACCTCGACGCCCGCCGCGATTGGGGCTTCGCCGGGGATTATGTGCGCGCCATGTGGTTGATGCTGCAGAGCGATGAGCCGGACGACTACGTGATCGCCACCGGCGAGACCCACTC
CP036296.1_gap89	3306710	3311628	4918	CTGCAGCTCGCGGACCTTGCGGTCGCGCAGGCGCCGATCGCGTTCGAGCTTCAGGTAGACGTTGGCCAACTCGGCCTTGTCACCGGGGAGTTGCGTCAGGCGTTCCAGCTCGAGCTCCAGCTCGCCGGCGATCTCTTCGTTGATCGAGGCCAGGCCCAGGGCCGCCAGGCCGCGGACCTCGGCGTCCTCGGAGCCCAGGAAGTCGAGCAGTTGCTGGCGCGCCTGGCGCCGCTCCGTGCCACCACCCACGGCGTGGGCCGAGAGGGCCGCCGCGATTCGCACCGGGGCCGGTCGCTCGCCGCCCTCGCCGATGGCGAGCAGCGACTGGGAGAGGTCGACCCGTGCCTCTCGAGGCCGAGCCTTGAAGGCCCGCGCTCCGAGCATGTTGATGGCTGCCGACGCGCCCGCGGGCGAGGCCGTGCGGGCCAGGCCCAACAGACCCGCCTGGAGGGCGTCCAGGGATTCACCGATGGGGTCCTCGCCCTGGAGGCGGGCGGCGCTGACCAGGAGAAGGCCACTTTCGCCCAGGGGCGCCTCGCCGGCGACCATGCCGTCGAGGGTGGTATCGAGGGCGGCGGATTCCGACGGGCCGGCGGCGTCGCGCAGGGCCAGGGCCTGTTGCCAGACCTGTTCGGGGCCTCGGGAGTTGGCCCGCTCGACCTGGATGTCCACCAGGGTCGCTAGGCCGTCCTGGAAGGCGGCCGCGGCGGTGAGGGTCAGGAGCGGGAGGGCCGCGAGGGTTGCGAGGATCTTGGATCGAGGCATGGAAGCTTGCGCGGGAGCCGACTGATTGACGGCCAGGGAGTTGCCGAGGGGCGGTGGAGAGGTCCAGGGGTGGCCTGTCCCGCTCCGCCGGGCCCTACTATCTATCGACGATACGGACGAGGGAACCAGGGTTGGCTTCGTCACTCGGCCCTCACAATTCGTGAACTTCCCGACGCGGGGTCCCGGGTCACCCCGCGAGCGTCGCCCACCGTCCCCCCCAGCGCGCCATGAGCCAGACCGATTCCACGGCCCAGCCGGATCCCCAGAACATCGCCCCCGAGGCATCGGCCGGGGAGTTGAGCCACCTGCGTAGCGGGCCGGACGGGACCACAAGTCAGATGGTGGACGTTGGTTCGAAGCCCTCCACCGATCGACGGGCCCTGGCCCGCGCGGCGGTGGACTTCCCACTGGGGCGTCTGGACCAGGTCCTGGCTCGAGGGGGACCGAAGGGCCCCGTGGAGGAGGTCGCGCGGGTGGCTGGGATCCTCGCGGCCAAGCGCACGCCGGAGCTGATACCCATGTGCCACTCGCTCGGCCTTGACCACGTCGAGGTGGAGTTCGAGCGGGCGGGGCCCGATCGGCTGGAGATCTACTGCTCGGCGGCCTGCCGGGGCCGTACGGGCGTCGAGATGGAGGCCATGACGGGGGCGGCCCTGGCGGCGCTGACGGTCTACGACATGGTCAAGGGCCTCGACAAGGGCGTCCGCCTGGCGGGGGTCGAGCTGCTCGAGAAGAGCGGCGGGCGCTCGGGGAACTGGTCGCGTCCGGGCTGGAACGGTCGCGCCCCGGTAACGACCGGGGAGTAGGGCGCCCGGATTGGGGCGAGCTTGCGACGATTCGGGCGGCTATCCTGCGCCCCGCGGCCAGACGCCGCAGACCCCATGGAGATCAAGCTCATCACTCAGTTGGCCCGGATCATGTCCCGCGCCGAACTGACCGAACTCGAGGTCGAAGACGAGAAGGAGGGGATCAAGGTCCACCTCAAGCGCGGCGGCAGCGACCGCGGCGCCTCGAACCCGATCGTGAACGTGACCCACGGCGGCGGCCCCCTGGGTGGCCCCCAGATGGGCGGCGCCCACTACGGGGGGGGCGGCGACGGTGGTTATGGCCAAGCAGGTGGCTATGGCCAGGGCGGCCCCGCACCGGGCGGCTCGGGGGACCAGCGCACGCTCCCGCCCGGGACGATCGAGTTCAAGAGCCCGATGGTCGGGACCTTCTATCGGTCCTCGTCGCCGGACGCCGAGCCCTTCGTGGAGAAGGGTTCCAAGGTCGACGACGAGTCGGTGCTCTGCATCATCGAGGCCATGAAGGTCATGAACGAGATCAAGGCCGAGCTCTCCGGCACGGTCGTCGAGGTCCTCGTCGAGAACGCCGAGCCGGTCGAATTCGGCCAGCCGCTGTTCCTGATCCAACGGGGCTCCTGAGCCCGTCGCGCTGATGTTCGGCCGAGTATTGGTCGCGAATCGCGGGGAGATCGCCCAGCGCATCATCCGCGCGGCGAGGGAGCTCGGCGTCGAGACGGTCGCCGTCTATTCGGAGGCCGACGCCGACGCGCTCTACCTCAAGCAGGCGGACGAGACGATCTGCATCGGGCCCGCCGCCGGGGCGAAGTCCTACCTGAACATCCCGTCGATCATCTCCGCCGCGGAGATCGCCGACGTGGATGCGATCGTGCCCGGCTACGGCTTCTTGGCCGAGAACGCGCACTTCGCCGAGGTCTGCCGTTCCTGCAACATCCAGTTCGTGGGGCCGGACCCGGAGACGATCTCGTCCCTGGGCAACAAGTCGCGGGCCCGCGAGATGGCCATGCGCGCGGGCGTTCCGGTGGTGCCGGGCTCGCCCGGTGCGCTCAAGGATGAGGAGGAGGCCCTGAAGATCGCCCGGGAGATCGGCTACCCGGTGATGATCAAGGCCTCGGCCGGCGGTGGCGGCCGCGGGATGCGCCTGGCGCGCAACGACGCCAGCCTGACCAGCGGCTTCCACGCCGCCCGCGCGGAGGCCGAAGCGGCCTTCGGCGACGGGACGATGTACCTCGAGAAGTTCGTCGAGAACCCGCGGCACGTCGAGATCCAGATTCTCGGCGACCAGCACGGCAACCTGGTCTATCTGGGCGAGCGGGACTGCTCCGTGCAGCGCCGCCACCAGAAGGTCGTGGAGGAATCGCCCTCGCCTTCGGTGAGCCCGGCCCTGCGCCGCGAGATGGGGGAGGCGGCCCTACGCATCGCGCGCGAGGCCGGCTACTACAACGCGGGCACGGTCGAGTTCCTGATGGATCGCGACAAGAACTACTACTTCATCGAGGTCAACGCGCGCATCCAGGTGGAGCACACCGTGACCGAGATGGTCACCGGGGTGGACCTGATCCAGGAGCAGCTCCGCATGGCCTCGGGCGAGCACCTGAGCTTCACCCAGGACGACGTGGAGCTGCGTGGACACTGCATCGAGGTGCGGATCAACGCCGAGGATCCCGATCGCAACTTCCAGCCCTCGCCGGGGCGCATCGAGCAGTTCGTGGCCCCCGGAGGGCCGGGCATCCGCCTGGATAGCCACGTCTATGCCGGCTACACGATCCCGCCCAACTACGACTCGATGATCGGCAAGCTGCTCGCGCACCGCGCGGACCGCACCCGCGCGATCCGGACCATGCTGCGGGCCCTGGACGAGTTCGTCATCGTCGGTCCGAAGACGACGATCGGACTGGCGCGCAAGATCCTGGGTCACAGCGAGTTCCTCTCGGGCGAGCACGACACGGGCTTCGTGGAGCGGTTCTTTTCGTCGAACTCCGCGGCCGTCAGCTCGAAGGGCTCCTGAAGTGCTGGGCCAGCTGCGGACGCTCCCGGTCCAGACCTCGCCGGCCGCGCTGGTCTTGGCGGCGCTGGCGGTCCTGGCCGGGTGCAACACCCAGCGCTGGCCGGGTCCGATGACTCCGACGGTCGTGCCCCTGCCCCCGGGTGAGGGCGCGGACATCCAGCCGGGCCTCGAGGAGGTCTTCGTGGTGCGCCACGCCGACCCGGTGCAGCTGCGCCGGACCGGCGCCACCGCCGGCTTCCCCCTGCGCTTCTACAACAAGAAGGAACGCATCGGCGCCGGCGCCTGGGTGCTGTCCGGTGCGGGCGGCAAGGCCGAGCTGTTCTGGCCGCGCGATGGCATCTCGATCATCCTCTTCGAGGAAGGCGCCGCCGTGGTCGGCGAGCGCGACCGCGACGAGCCGGTGGCGACCCTGGCCCGCATCACAAGGGCGCGCCTGATGCTGACCCCCGGGGCCCGGGTGGCCCTCGAGGGCGGCGCGGTGGTGCACGGCGACGACGACGAGAGCAGCGGGCCCTTCCTGTTGCAACGACTGGCCACGGGCGACGTCCTACGCCTGAAGAACCAGGCCAAGCACACGGCCTACGTCGAGTACCGCGACGGCCTTCTGCCCGTCGGGCCGGGCCAGGCGGTGGACCTCCCGATCCTCGACGCCGGTGCCGCGCCCTTCAACTCGCCGGCCTCTGGCCTGCGGGTGGAGGAGGGCGGGGTGGGGCTCGTGATCGAGGGCCCCGCCGAGCTGGTCCAACCGGCCGGGCGCCCCGGCGGCGCGACCGTGGAGGCCTCCGGCCCCGCGCGGATCGCCGCCCAGGGCGTGCGCGTCAGGCTGGGACCCGGCGTTCGCGCGCGCTTCACCGATCTGGGCTGGACAGCCGATAGCCCGCCGAGCGGGGCAGCCGATCGGCCTGGTCGGGCGCCTTCGTCGGAGGAGGAGTCGATTCTGTCCGAGGACGAACCCGAAGAACCCCCGGCCGACGGCGGAGCCTCGGCGCCGGGCGGTCAGAATCAGAACAGCTCCGCTGCGACCGGCTCTCCAACGGCTGGCCCCGCATCGGCCAATCCTGCACCGGGCGGCTCCCCCGGCGGCCCCTGAGGCCGCGGCCCGACCGTCCGGCTCTCCGCACCCCTCCGCTCCCCGACCCCCCCCCGCATCCATGGCCTCCACCCGCGTCCTCATCACCGGCGGTGCCGGTTTCCTCGGCAGTCACCTCTGCGAGCGCTTCCTCGCCGAGGGCAACGAGGTGATCTGCATGGACAACCTGGTGACCGGGGATCTGCGCAACGTCGAGCACCTGTTCGACGATCCGCGCTTCCACTTCGCTCACCAGGACGTCACGGAGTTCAT
CP036296.1_gap90	3321267	3324793	3526	GCGAGGCCATGGCAGGCTACGAGGGCCTGCTGGCGCAGCACGGGCAGGACTGGGGCCCGGAGCGGGCCGGGCTGGCGCCCGACCAGTTCGTCGGTCGCTGCTACGCGGACTACGCCCGAGCCAGCGACGCGGTCCCCGGTCGTGGGGCGGAAAGCGGAGCGGACCCCGCGGAGCGCGAGGACACGGTCGTCCACGACCGTGCGGACGAGCTCTTGGCGGCTTGGGTCGCGGGGGAAGCAGAGGCTCGAAGGCTCTGGGAACGGGTGCGTTCCTGGGCCCTGGGTGGGCAGGAGGCGACGTTGGAGCGACTCGGCGCCCGCTGGGATCGGGTACACCACGAGTCGGCGAGCTTGGCCGCCGTCGAACGCCTGACAGCTGCGGGCCTGGCTTCGGGTGCGTTCTACCGCGGCATCGGCCAGGAGGTGCTGTTCGACACTGGGCGCTCCGAGTACGCGACCCTCAAGCTGCTGCGGGAGGATGGCTTCCCGACGGAACACGCCCGGGTGATCGGTCTGTTCCTGGAAGAGCAGGCCGTGGGGGCCCCGCCCTACCGTTGGATCGTCGTCTGCGGTGACGAATGGGGCGCGGCGGGCCAGGCGGAACTGGACGTCGCCCGCAGGTTCGGCGCGGCGGAGCTGGTGGAGCGGGTCGAGGTCTTCGCCCACGGTATGGTCACTGCGGCCGGCTCGAAGATGAAATCGCGCGACGGTCAGGCGGTGCTGATCGACGAGCTGCTCGATCTGTTGATCGACTCCGCCCCGGTACAGGACCTGTTGGAAGAGTACGGACGCCCGTTCGCGCCCGAGCAGCTGGCGGACATGCTCGTGAAGGGCTACTTCCTGTCGAAGCGGGCCTCGAAGGGGCTCGAGTTTACACTCGAGTCGTTCACTGACGAGGCTTCGAACCCAGCCTGGGCCGTGGTGCGCGCTCTGTGTCGCGGTGCGGCGTCGAGGGCTCGAGCGACCGTGGGCGCACCGTCGGATCCGGAACGCTACCGGACGGCCGTCCTGCAGGCATTCCAACTGCGGCAACTCGTCGCGCGCAGCGCGGAGGGCTTTCAGGGGACTTCGCTCATGAAGTTCGTCGGCGGATTCGCGCGTTGGTACCTGGATGGGGCCAGCGACCCGCGCCTGGACCGAGTGGTGGTGGCGGTGTGCTCCGCCAGTCTCGGCACGCTCGGGGTGGCAGCTCGAGGACGTTAGGCGCCGGTGGCCCCGAACGGGTTCGGCCGGGCTTGCGCCCGGCCGAACCTTCGCATCGACTAGGTTCACCGACCCTAGTCCCAAGCGCTATTTGCTATCGCACTTGACTTCGACCCACTGGGGGATCTCACAGACAGGCAGTCATGTCGGGGTCAGGCATCCGCTGACGCCGTTGACGGTGCCGTTCACCGGATCCACCTTGTCACCAGGACAAGCGGGCTTGTTGGCCCACTCGAGGTTCTGGATTCATGTCGGGTGGTAGGTGAGCTTGTAGCACTTGCCCTTTTCGAACGCACAGGGCGACGACGTGATGTCGTTTTGGGCAGCACTGACCATGCCAGCGAGAAGTGCCGGAATGGCAAGCAGGCGAGCCTTGCGGAGAATCGATCGATTCTGCATGGGACGCTCCTTCAGTCGTGCTTGGGGACTATCGAGCGATGGGTCTCGATCGGAACAGGTTGAACGTCAGCCTGCGTCACCGAATCGCAAGAGCTCCGAACTTCGAGGTCATCAATCCCGATGAACGGCGCGGCTGACACGGTCGCGAGCCTAGCACGCCGCAGAGCGACGCGCGGCAAGGCTCGCGATTTCGAACTAATCCTCGAGTGCGACATCGAGGTAAGTGCCTGGTGTGATGGCGGAATACTGCTCCGCCTCGAATCGCCCGAGAGGATCACTGATGGTGATGCGATGCTCGGCGGGCGCGACCTGCTCGTAGATCGCAAAACCGTGATCGTCGGTCTTGATCCCGAAGGAGACGCAACCGCAGTGCCGGTTCTCGGGCGGCTCGAGGCGCACGTCGATGCCCTCGAGGGGCACACCGTCGGGGCCGACGACCAGCACGATGATCGGATCGCTGACGTAATCCGCGGTCTCGAGCTGCACGCTCTGCGACGGGGACATCGCGACGTCTGGCACCGTGCGCACGAATGGCTCGAACCGGCCCCGCATGTCGGAAGCACTCAACTCGAGCGGACGACCCGCGGGGGCGCGCAGGCTGAAGCTACCGTCCAGCTCGCTGAAGGTCATGGCGACCGGATCGTCGTGGGCCAAGTCGTCGGGCTCGAAGATGCCGACAAATACACCGCTCAACGGGCCGCCGGCGGGCGTGAGCACGCGACCCACTAGCTGTGCCATGGACTCGTCCGCGGGTCGCGGGACGAATACCTCGATCGGTCCCTGCAAGGTTGAGGGAACCACGGCGCGATTGTCGACGAGCTCGCCCTCCCACTTGATGTCGTAGGAACCCGGCGCGAGCCCGTCGAAGCGGAAGTAGCCGTCGCTGCGAGTCGTCGTGGTCAAGGGGCGCCACCACGAGCTCGGCCGCCAGGTGTCGAACGCGGCGCCGGAGACGATCAGTTCGAGGTGGACGCTGACCGTGCCCGGTGCAACGGGATCGCCGTCGTCATAGCGCACGACGCCGAACAGCCCACCGGCCTCGGGCAGGGTCACCTGGCCTAGCTCGACGGTCGATCCGGCCGTGCTCAGGGCCGGCCACACGAAGGTTGGCGCGCATGGATCTCGGGTCGGATCCACAAGGGCCAGGATGTATTGCAGGTCTGCCGCCAGGCGCGGCACGCTGAACCCGCCGGATGCGTCGGTGGCGGTGACGTGCGCCCAACGCTCGGTGTAGTGGGGCGGGCGCATGAGTCCTGACACCAGGGCGTCCTGCCCGCGCCCGATCGGGTCGATGGAGGCCAGGTGAACCTCGGCGCCAGCTAGTCCCGCGCCGCTCGCGTCCACCAACCGGCCGCGCGCCACGCGCTCGGGCGCCGCGAGCGTCAGGTCCAGGCGCAGACCCTCGGGATCCGGCTCCATCGGCACCAGGGTCCAGGCCTGGACCTCGCCGAGCCCCTCGGCCGTGGCGCTCACCCGCACGGTCTCGCCGGGGGCGAAGATCGCTTCCGTCGCGTAGCTTCCGTCGGCGCTGCACTCCGGCTGGAGTCGGATGGACTGGCCGCGCGAGTAGGCCTCGACGGTGATCAGCGGGGCGCGCAGTGCTGCGGACCCCGCGCCGGCATGGATCTGGCCGTGGACGCCGTAGCCCGTGCCAACCGACAGCGCCACGGGGATGTGGGTCAGGGGCGTGTCGGAATCGACGCTCTCGACCAAGTAGTGCGAGCCGGGGTGGACCACGCTGACGTAGTTGTCGCCCGGACCGTGGGCGGGGAGCTCCGCCTGGCCCAGCGCGTCGGTCACGGCGCTGGCCAGGGGCGTGCGACCCAGACGACGAAAGCCCGGGAGCAGATCGACCCGCGCGCCGACCAGGGGCCGTCCGTCCCCGTCGACGAGCGACACGTCGAGGGTCTTGGGCGCCGTCAGCC
CP036296.1_gap91	3487671	3491838	4167	GGGTCAGGGCGAGACGGAGCAGGCCAGCGACACGCTGCGCCCGACGACGCAGCAGATCCGCGGACAGATCGTCCCCGCGCTCCTGTCGGCCCTCGAGAAGGAAACCAACAACGACATCGTCACCGGCTGCCTGATCGCCCTGGCGAAGATCGGTGAAGAGTCGGCCGAGAGCGGCGACAACGCCTTCGAGAAGACCATCTCCGGTTTCCTCAAGGACGGCAGCCAGGAGATCAGCGAGACCGCTGCCCTCTCGCTCGGCATCCTCGCCAGCGACAACTCGATCGACCTGCTCGAGGCCCTGGCGCGCGACAGCAAGCTCGGACAGGACGCGGTCGGTTCGACCGAGGTCGATCCGCGCTCCCAGGCCTTCGCCGCCTACGGCCTCGGCCTGCTCGGCAACCGCACCGGCGATCCCGCGGTGCGCTCGCGCGTCGTCGCGATCCTCACGGACCTGCTGCCGAAAGCCGAGACCATGTCCCGTCAGGACCTGGCCGTGGCCTGCGTCATCTCCCTGGGTCTGACCCCGCTCGATCCGGCCCCCGCGGCCACCGACGCAGACGCCGAAGTCTCCAAGGACCCCACCGCCTCGCTACAGGCTCAGATCGACTTCTTGCTCGAGTTCATGCTCGACGAGAACAAGAACTACATGCCGCGGGCTCACGTCCCGACCGCGGTCGCGCGACTGATGACTGGCCTCAACGACGAGGTCTACCGTCAGCGCATCGTCGACGCGATCCTGCTCCCGGTCGACGCCCGCAAGGGCAAGAAGTTCGTCCAGGAAGTCCGGCAGAGCTGTGCCCTCGCACTGGGTCTGATCGGTGACGCCGACGACGATGCGATCGACGTCGAGATCCGCAATGTGCTCCTCAAGGACGTTCAGGGGTATCAGAGCCAGACGCGCAAGTTCGGCCTGATGTCCATGGCCAAGGTCGCCGCCCGCCCGGGCAGTGGCGCCAAGGACCTCGACAAGAACCGTCGCGAGCTGACCGACGAGTTGGTCAAGAACCTGCGGAACTCCGGCGGTGAGGACCAGTGGGCGATCATGGCGCTGGGCGTCTACGGCTACACCCTCGGTAAGAACGAAGAGGTTCCGCCGGCTTCGCTGTCGCTTCAGATCCGTGACTCGCTCGGCAAGGCCAAGAGCCCCGACGACATCGGTGCCGCCTCGGTGGCCGCCGGCCTGTTCGGTGACCCGGAGGCCCAGGAAACGCTGCTCAAGCTGCTCGGCTCCACCCGTGATCCGGTTGCCCAGGGCTACGTGGCCCTCGGCCTCGGGATGCTGAACCAGAAGGAAGCCATCCAGCCGATCCAGGAAGTGCTGGCGGAAGCCGAGTACAAGCCGGAGCTGCTGCAACAGGCGGCCATCGCCCTCGGCCTTTTGGGTTCCAAGGAGACGGTCGGCACGCTGATCGACATGCTCGAGAACGCAGGCTCCCTGGCCTCCCAGGCCGCGGCCGCCTCGGCCCTCGGCTTCATCGGTGATCGCAATTCGGTCGAGCCGCTGGTTGAGATGCTGGAGGACGGCGACATCACGGACACCGCCCGCGGTTTCGCGGCCGTGGCCCTCGGGATCGTCGCCGACAAGGAAGAGCTGCCCTGGAACTCGAAGATCGCGGTGGACCTCAACTACCGCGCGAGCACCTCGACCCTCAACACCCTCGACGGCAAGGGCGTGCTCAACATCCTTTGATGAGCGCCCGGGCTGACTGGCCCTGAGGGCCGGTCAGCGCCGGACAACCACTGGGTCGGGTTTCGTCCCGATCGACGGCAGGGCCCGTCCGACTGCAAGGTCGGGCGGGCTCTGCCCGTTCGGAACCCGCCCGTTCGGAATCTGCCCCGTCCTGGGACTGCTCCGATCGGGTCTCGCCGGCTTCAAGGCCATGCACGGGCATTCGTATGGCACGTGCCTTGCTGCTCTATGGGAGTGCCCAGCTGCGATGGTCACTGAGGTTGCCCGAGCAGCGTCCTTGGACCTCGGGATCCTGTCGCAGCACACCACCCCGATTCGATCCAGGTTCCGACCATGCAGACCCACGCCGTTGCACGGCTTCTCTTCGCCACCATCGGCTGCTCGAATGTCGTGGCCACCGCCCACGGAGCCGCCCAGACCGCGGGCGACCCACCCACCGCGACGGCGGGATCGACGGAAGAGTGCCAGCCGGGAACGATGGGGCCCGACGCCATCGCGTCCATCGGCTCGGGACGCGCCAATGGCCTGAGCTCGGACCGCGAGCCGGTCGCGACCGACGTGACGGACTGGACCACCTGGTGGGAGTTCAACAGGGACCCGATCCTGCGGGTCTGCGCGCCGCCATGGGAGTTCGGGATCACCGGACCGCGCGTCGTGAAGCGTCCAACGGCGAAGCAGATCTGGGCTGAGGTCGTGCCGGCGCTACGCGCGAGTCTGCTCGAATCCAGTGATCCGTCGATCGTCTCCAGCTGCCTGATTGCATTGGCCCAGATCGGCGAGAAATTCGGCGCCGGGAGCGATGATCCCATCGATTCGATCCTCGCTGGCCTGCTCACCAGTGAAGACCCGAACATCAGGGCCGACACGGCACTGGCTCTGGGGATCCTCGGCGTCGATAGGTCACTCGGCCTACTCGCCGGGCTCGCGCGGGGCGACGAGATCGCGCGGCAGGCTGTCGGCGCCAGAGCGATCGATCTGAAGACTCGAGTCTTCGCCACCTTCGCCCTGGGCCTCTTGGGTAACCGCACCGGGGCCCCTGCGATACGGACTCGGATCGTCTCGTGTCTGACCGAGTTCCTGACCCGACCCGAGCCGTCGGAGCCCCAGGACCTGGCCGTGGCCTGTGTGATCTCCCTGGGTCTGACTCCGCTCGAGCCAGCGCCCGCCGGAACGGAGCGCGAGGGATCGGATCCGGCCGCATGGCGACAGAACCAGATTCAGTTCCTGCTCGGATTCATGCACGACGAGAGCAGGTCGAGCGTTGCCCGGGGTCACGCCGCGACAGCCGCCGGCAGGCTCCTGATGTGGCTCGATGACGACGCCTTCCGTGAGCAAGCCGTGGATCGGATCCTGCTCCCACTCGCGACCCGCAAGGCCGCCGGGTACCCCGCGGAGGTCCGCCGCGGTTGCGTCCTCGCTCTGGGGATGATCGGCGACGCGGATGATGACCCCGTCGACGTGAGGATCCGCGCAGCACTTCGAGATGATGTCCCGAACCTGATGTCCCAGTCGCGTCGCTTCGGCTCGATAGCCATCGCTCAGGTTGCCGCGAACCCGGGCCGGCGCTCGCCCAACGTCGAGAAGAATCGCCGTGAGCTGGCGGAACTCCTGGTGGGAAGACTGCGACTCAGCTCGGGTGAGCAGGACTGGGCAGCCCTGGCCCTCGGTCTCTTCGGGCTGCTCACCGAGAACCAGGGAGGTGGGCCGGATCCCGCCCTGGCGCTCGCCCTGCGCGAGTTCGCGGCCGCCGCCAGATCGCCGATGACGACCGGCGCAAGCGCGCTCTCCATCGGCCTGTTCGGCGACTTCGTTTCAAGGGACTGGGCCATCGCGGCCTTGGAGCGAAGCTCGGATCCGAGCACCAGGGGCCACGTCGCACTCGGCCTCGGGCCACTGGGCGACAAGCACGCGATCGAGCCGGTTCGCGCCGCGCTGAAAGAAGGCAAGCTGCCGGTACCCGAGGCGGCTATCGCATTGGGCCTGCTCGACTTCACCGACACCGTCACCGAGTTGGTCGAGTTCATCGCCGGCGAGGCACCGCCGGCCTCGAAGTCCGCTGCAGCCGCTGCCCTGCGCCTGCTCGGAGGTCGCGCCGCGGTCGCGCCCTTGGTCGCACTGCTCCGCGACGAGACCGCGGACGCAGCACGCCGAAGTGCCGCGGCCGAGGCACTGGGCAGGATCATCGACAAGGAGGGACTTCCCTGGAGGTCGAAGTTCACATTCGGCCTCGATTACCACTCGCGCACGCCGACGCTCGACGCCCTGCTCGGGAGTGATTCGATCGACGGGCACTGATCCTCGCGCGCTCGCACGCCCAGACCTGGCGTCGACTCAGATCAGCGCTGTCCGACCCCCGGCGAAGCCCGCCCGACTCCAGGAGTCGGGCGGGCTTCTCGCTTGGCTGCCGAGCGCCGCGCATCGGGTTCCATTGCCACGCGCCGGTGACGTCACCCTTTCGGAGCATCGCTTGCCGCTCG
CP036296.1_gap92	3551977	3555277	3300	TGGCCCTGGCACGCGCGCTGGTCACCGAGGCGCCACTGCTGTTGCTCGACGAGCCCACCGGGAGCCTCGATCCGGACAACGCCGAGCGCGCCGTGGGGCTTCTGCGCGCGAGGGCCGCGGAGCGAGGCGCGACCTTGCTGATGGTCACCCACGACCGCGCCGCCGCCGCGGGCTTCGAGCGCGTGCTCGACGCCGGGGCCGGGCTCGAGGCGCTCGACGCGGAGCTGCGCGCGTGAAGGCCGTGGCCTACTTGACGCTGAGCGAGGCGCGCCACCGCCCGGGGCCGCACCTCTTGTTGATCGGCACCCTGGCCCTGGCCCTGTTCCTGCCCTGGACCACGCGCGCGCTGGTCGGGCGACTCGAGACCGCGTTGGTGGCGCGGGCGGACGCGACGCCGCTGACCGCGGGCAGCGCCGGCAGTCGTCTGGACCTGACCCTCGCCAGCCTGTACTTCCGCGAAGTGGACCTCGAACCCGTGGGCGCCGACCTGTGGGACGAGCTCGCAGCGGACCACGGCGGCGTGGCCGTGCCCCTGCGCCTGGGCGCCCACGCGCGCGGCTTCCCCGTGGTCGGCACATCGCCCGAGTACTACGAACAGCGTGGCCTGGGGCTGGCTTCCGGCGAACGCCCGCTGATCGTGGGCGAGTGCCTCCTGGGCTCGGAGGTCGCGCGCACGCTCGGACTGACGACCGGGGCCGAGCTCTTCTCGGACCAGGACGAGCTGTACGACCTGTCGGTGCCCCAGGCCCTGCGGATGCACGTGTGTGGCGTGCTCGCTCCCTCGGGCGGGCCCGACGACCGCGCGGTGTTTACCGACGTGGGCACGAGCTGGGCCATCGAGGGCCTGGCCCACGGCCACGGCAACGCGAACGACCCGGCCCTGGATCCACGCCTGGTGATCGCCGACCTCGAGGGCAACCGTGTGCTCAGCGGCGCCTACGTGCCGCCCGCCGAGATCGGCCCGGCGGACCTGGCCGACTTCCACGCCCATGGGGAGCGCGCCGACCTGCCCCTGTCCGCCGTCCTGTTCTTCCCCCACTCGACCAAGGCGCGCACCCTGGTTCGCGCGCGCATCGACCTGCGCGAGGGGCTGCAGATGGTCGCGCCGCGGGCGGTGGTCGACGAGATCCTTGGCGTGGTCTTTCGCGTCCAGCGCCTGCTCGACCTGTTCTCGATCGCGGTGGGCGTGACGGCCCTGGCCCTGGGGGGCTTGATCGTCGGCCTATCGATACGTCTGCGCGCACCCGAGCTGCGCACCCTCGACCGCCTCGGTGCGGGGCGCTCCGTCGCCGCGCAACTGGTGGGCACGCAGGTGGCCGGACAGCTCGCTACCGCCTTCGCCGTGGCGGCTCTGGCCGTCGCTCTGACCCTGGCACTCCTCCCCGACCTGACCCGATGGCTCTGACACGATCGATCCGCTCGTCGCGCAACAGCGTTCCCGCCCTCTTCGCGGCCCCGCTCGCCCTGGCCCTCGGTGGGCTGCTGAGCGCCTGTGGCGGCGCCGGTGGCACGGGCACGGCCGAAGCGATCGAGCCCGACCAGGTGGTGCGGACCACCGCCTACCCCGTGCACTTCCTGACCGAGCGCGTGGCCGGGCCCGAGATCGAGGTGGAGCTGGTCCTGCCGGCCGGCGCGGACCCGATCTTCTGGCAGCCGCCGCGCGAGGTCCTCGCGGCGCTCCAGGGCTCGCGCCTGATCGTGACCAACGGCGCGGACTTCGAGCGTTGGATGCGCTCGGCCAGCCTGCCCTCGACGCGGGTCGTGCGCTCCGCGGACGGCTTCGCCGATCGTCACCTGCAGTTCGAAGGCGCCACCCACAGCCACGGCCCCACCGGCGAGCACAGCCACACGGGAACCGACGGTCACACCTGGATGGACCCGCGCAACGCCGAGGACCAGGCCCTGGCCATCGCCGCGGCCCTGGCGGACGCCTACCCGGACCAGGCCGAGCAGATCCAAGGGCGCATGGTCGCCCTGCGCGCGGACCTGCGCGCCCTCGACCGGCGCCTGACCCAGATGCTGCCCGCGCTCGCTCAGGTGCGCTTGATCGCCTCCCACCCGGCCTACGACTACATCGCGGCCCGCTACGGGCTGGAGATCGTCAACCTGGACCTGGACCCCGCCGAACCCCTGGGCCTGGCGGACTTCGCGTCGATCGAAGCGGCGACGGATGCCGGCCGCGTGAACGTCCTCCTGTGGGAGTCCGAGCCCCTGGCCGAGACCGTGACGGAGCTCGACGAGCGGCTCGGCGTGCGCTCGGTGGTCTTCAGCCCCGCCGAGGGTCCGCCCGCCGCGGGCGAGCCCGACTACCTGGGCGTCATGAACGCCAACCTCGACCGACTGGGCGAGGCTGCGGGAGTCACGTCCGAGGGTGAGTGAGCTCCCCTCCGACTGGCAGGCGCAGGTGCGACGCGCCTGCGCCGGGGCCAGGGCCACGGAGTTCTCTCGCGGGCTGTTGCGGGTGGAGTTGGATCTGGGCGGGGTGACGTCTGCGATGCTGTCCCGCCACGACGAGCTCGGAGCGGCGGGGGGCGAGCCCAACTCCATGCACGAGAGCGGCGCGAGCCTCGAGCAGCTCGGACTCGGCGAGTTGGGTGCGATCCTGCGCTCCGACCTCGCCGAGCCCCTGCGACGCGCCTTCCTGGCCGACGTCGCCAGCGCACCACTGACCAGCGAGTACGCCTACATCGTGGACTACGGGGAGCGCGGCGATCGCGACCTGGCCCTGCACGTGGACGAGAGCTGCGTGACCATCAACCTGTGCCTGGGCGACTGGTTCGAGGGCGGCGAGCTGCGTCTGGCTGGCCTGCGCTGCGGGCGGCATCGCCAGAGCGAGCCGCGGGAGGATGAGCTGTTCGCCGTCGACCACGAACCCGGCCTGGCCTGGATCCACCTCGGCGCCCATCGCCACCTGGTCCCGCCCCTCGACCAGGGCCGGCGGCGCAACCTGATCGTCTGGTGCAGCGCCGCCGACGGGCCGCTCAGCGCCTCGATGGAGTGTCGCCCCTTCTGCGGCGATTGGCTCCCCGACGCCGGCTGAGTCGTGCGTGGACGGGATCGGTCGCCGCCCGAGCCCGGCGCGGGCGACTCCCTACGCCACTTGCGCCGAAGCCCCAGGGCGTCGCGTCGGCAGCGCGCCGAAGCAGCAGCGCACCGAAGCACGCCGAAGCACAACGCGCCGAGCGTTCCACGGCCCTGCCGCCCTCCCGTCCCGGCTCACAGCCCCTGCAAGCCGCGCAGCTTCGACTCGATCGCCGACATGAACTCGTCGGTGGTCAGCCAGGGCGTCTCGGGGCCGAT
CP036296.1_gap93	3682512	3687027	4515	CGAGGTCCAGACGGATAGGCTCGGCACCACGGCCTCACGCACTGCCGTCTTTGCCACCTCCCTGGCAGTGGCATTCGCGGCATTCGCCGGCGGTCGTGAGGCGGTTCGTACCCTCGCCGACTTCGAGCGTGGCCTGATCGGGGTCGGGAAGACCGCCGACCTCGAGGGTTCTGCCCTCTCCGCGCTCGGGGACGACATCCGCGACCTGTCGCGCGAGGTGCCGGCGACCACGGCCGAGCTGCTCGAGATTGCTCAGGCTGCCGGCCAGCTTGGGGTCAAGGGGCGCAGCGACATCCTCGCCTTCACGGAGACCCTGGCGAAGCTCGGGGGCGCCTCAGACCTCGCAGGCGAAGAGGCTGCCCAGACCCTCGCGCGGCTGCTCAACATCACCGGCGAGAGCGCCAGTGAGGTCGGACGCCTCGGATCGGTGATCGTCGCCCTGGGCAACTCCCAGGCGGCGACCGAGTCCCAGATCGCGCGGTCCGCGTCGGAAGTTGCGAAGGCGACCGCGGCCTATGAGGTCTCCTCGGCTCAGGCTTCGGCGCTCGGCGCGGCCCTGGCTGCGTTGGGTGTCCAGGCCGAGCTGGGGGGATCCACGGTTGGCCGCTCGTTCCGCGCGATCGATGCGGCCGTTCGCTCCGGCGGACCGGCGCTTGAGGCTCTGGAGAGGCTGACCGGCCGCGGAGCCGCTGACCTTCAGGTCAACTTCCGAAGCGATCCGGTCGAGGTCTTCCGGGACCTGATCCGCGGCCTACGCGACCTGGGGAGAGAGGGGGGTGACGCAACGGCTGCCCTGGAGTCCATTGGACTTACCGGGGACCGGCTGCTGGCGGTAATCCCAACCCTCGCCCAGGGCTACGACGTCCTCACCAGTTCCCTAGCGACTGCGAATGCGGAGGTCGAGAACGCCACAGCCCTGGACAAGGAAGCAGCCAAGGCCGTCGAGGCGCTGTCCAACCAATGGAAGCTCCTCGGGAACTCCGTCGAGTCCTCCGTTACCCAGTTCGGTGACTCCACGGGGGCCCTCTCTGACGCAGTGAGGCTGACCCGGGAGGTCGTCGACGAGGTGGCGGGGCTTGACACCCGCAGCTCGGGCGCTTCGCTCAGCGTGGAAGCGCTTGCGACTGCGGTCCGAAGCCTCGGCGGCGCGCTGGCGGGAGTTGCGGTCGGCGGCGGGATCCAGGCGCTTGGTACCGTCCCTCGCGCGCTTAGTTCGGTCGCACGAATCGCGGCTTCGAACCCCTTCGTCGCTCTCGGCGCAAGCGCAGGCGCGCTGGCTGGGCTATTCGCGAGCGCCAGCGCCGAGGCGCGGGAGCTGAGCGAAGAGCTGGAAGGGGTGCTCAACACCGGGGATCAGGTCGAAGCCTTCTTCAGAAGGTTATCCGACCTCGAGGTTGGAATCGGGCGCGCTGAGACGGAGGGGGACCTCGATCGCCAGCTCGAGAAAGCGAAGCAGGTCCAGGCCGAGCTGACCCGATTTGCCGACTCGCTTGCGGCCGCGTCGGCCCCCGACCGCCTTTCCGTCTCCTCCCTCAGGGGCGAGGGGATCAGCGGAGAGGTTCTGGACCAGGTCCTGGACGCCGCAAGGATCGACTTCGCGCAGAGGTTCAGGGACTTCTCGAGCAGCGTTGCGGAAGACCTGGCAAGCGAACTAGAGGGGGTCGCAAGTGGGGCCAGCCGACGCATCTCCGACCAGTCGATCGACGGCGCGCTGACTCTCGCCGATCAGCTCACCCGGACGCTCGGACTCGACGCGCTCGATGCGTCAGGCGTCGACCTCTCGCCCGCCGTGAATGCAGTTCGGGACTTCACGGAACTCGCTGACGAACTTGAGGTGGCGAAGCGTCGCATTCGCGATGCAAGCCTCGAAGACGACGGCGCCGGTCGGCGCGCTCTCATCAGCAGCGCCACGCGCGACCTTGAACGGCTGCGACCGGAGCTGGCACAGGCGGCGCAGGGGCTCGCCGAGGTGGTCCAGGCCAGCTTCGACGGAGTCGAGATCGGTGTCGTCGACAAAGATACGGTCATCGAGACTCTGGACGCCATCCGCCCCGAGGCGACAGCTCGGGTCGAGGCGCTCACCAGGGACCTCGAAGAGCGTGCCGCGGCCGGTGGAGAGCAGGTCGGAGGCGCTCTCGGGGAGAACATCAAGAGCGGGCTTGAAGGCTCGTTCGCAGCAGGCAGCGCGCGCCAGTTCCTGCCGCTGGAGCGCTTCTTCGCTGGGCTCCAGTTCGAGACCGCTCTAGCCGGCGAGGCGGCAGACGCGCAGAGCGACCTGCGAGCCGCCAGGGATGGCGCCGCGGCTGCGTTCCAGAGCGGCCGCCTCGACCTGATCCCACAAAGCATCCTCCAGGCGATCGCGCTGACGCGGCTCCAGACCGAAGCCGAGCGCGAGCTTGCCGAGCAGCGGGCGGAATCGGCTGACCTGGCGCTGGCTGCCCAGCCCAACGACAACAGGGCCGCCGCCTTCGAGGGTGAGGTCGACCGGTTCAGCCGATCGCTCCAGGAGCAGTTCGAGCTCGTCGGGAAGTCCCGCGAGCAGCAAGAGGAGTTACTCCTCATCCGAGACCTCAACTCCCTGGCGCTCGCCGCCGAAGCTGAGGGCCTGGACGCCGTCGCGGTCTCGATCCGAGGGCAAGAGGATGCGATCGTCAGCCTGCTCCAGCGGCTCCAGGACGAGCGCGCCGCGGCCGAGCTGGTGAACCAGATCAGCGAGGGCCTCGCCGGCGCCGGCACCGACTTCGTCGACCAGTTCATCGAAGACCTGGACCGCGTCGAGGACGCGCTCGAGGTGCTCGCGAACCGCGTGCGCCGGATCTTCCTGGAGGCGCTGCTGTTTGACCCGCTCGACGACTTCCTGGGGAGTTTCCTCAAGGACTTCTTCTCGGGCTTCGGGTCAGGCATTGGTGGCGGCGGCAGCAAGGGCGGCAGCTCGTTCCCAGGAAGTGCCGCCAACTCAGGCACCGGCGGAGTCGCCGGCGGCGGCAGTTCGTTCCCTGGAAGCTCGGCCAACTCTGGCTTGGTGCTGAAGTCGCTACCAGCCCCCGAGATTCCGCCAGGACTGCCAACAGGTCCAGGGTTCGCCACTCCCGGCAGCTTCTCGGGTGCAAAGGCCGGCAGCTCCTCAACCTTCGTGGTGAACGTGACTCAGAACTTCAGCGGCCAGACCGACCGAGCCACCGTCGACTACGCCGCCCAACAGGTCGGCAAGCGCGCTCGTCGCGCAGTCAGGGAGGGCCGCTAGATGGCGTTCGACGAAGTCGTGTTCCCGCTGACGCCGAGCTACGGCACCAGCGACTCGGTCGACCACGGCGGCGACCACTTCCAGTCGAAGGGCGGGCGGCTGTTCTACGTCGCGCACTCGGGAGACCCTGTGCGGCGCTGGAACCTCCAGCTTGATCGGCGGCAGAAGACCGAGATCGCGAACCTCTCGCGCTTCATGCTCGCCAGGCGCGGCGGGCGCAACGGCTTTCGCTTCACCGATCCCCGGGACTACACGACGAACCAGGACGGTCGAAGCGCCTACGGATACCTCGACACCCTCATCGGCATCGGGGACGGCTCAACGCGCGCCTTCCAGCTCCTCAAGAACTACATCAGCGGGTCGTCGGCAGTTTCCCGGATCATCACCAAGCCGGTGCCCAGCGAGTTCGCTGCGGGCGTCAACGGCGTGCTCACGGACCCCTCGGACTACTCACTCGACGCCACCACCGGCATCGTCACCTTCGACACGGCGCCCAGCCTCGGCCTCGCGGTAACCGCCGGCTACGAGTTCCACATCCCGGTCTCTGCCGGTCCCCAAGCAGACCGCGGCTTCGGCGTCCAGTTCGACGCCTACAACTCCGAGACGGGCGTCGACCTGGACCTGATAGAGCTGCTTCCCGAGGACGCTACGCAGCCGCTGACGATCGGTCACCGAGGCTCGACTACCAGCGACAACCCGAGCGGCTACGTCGCGGTCGAGAGGCTCGGCCCGCTCGTCTGGGAGATCACCGACAGCAGCACGACCGGTTGGCTCCTGCCCGATCCTCAAGGGCTCTGGCCTGGTGGCCCGTACTACGCGCTCGTCAATAACTCGGGCACCTCCAAGGCGGTCCAGTACCCCAGCGGCGCCGTGACCTTCGGGGCGGTCTCGGCCAGCTCGGCACGGCGTGTCTTCCTGGTCCGCAACTCGACCACCGGCCAATACACCTGGACCCTCCTGTGACGGTCACGGTCGAACAGTTCGGCAACGCCAGGGACATCACCGACACAGGTGCCGATATCCCCTTGAGCTGGCTGGACCGGGTCGTCGTTGTGCGCGTGCTCCAGGACGATACGGCGACCGTAGTGCTGCCCGCGTGCAACATCGAGGCCGCGCAGTTCCCGGGCTTCTACCTGGAGATCGCCTGCATCCCCTTCGACCCGTCGACGACCACGGCCACGGTCGAGGTCAGGGATGCGGCAGGAGGTCTCGTCACTTCGATCTCCAGATTCAGCGCCCGCTCGCTGTTCCTGGTGACGCCGGGGACGCTC
CP036296.1_gap94	3691071	3694845	3774	TGCTGTCCCAGCTGCTGCTTACCGGATCGGGTGTAATCCGCGAGCGTGGCGGCAAGATCGAGGTCATTGACCGGCCCACCTCTCGCGAGGCCCTGCTGTCCGACGATGACGTGGTGACCAGGATCGGGGCCCAGCGCAAGGAGGGTTTCTCATGGACGCCGCTGGGCGAACTCCGGCGCCCTGTCGAGATTGACCTTTCCTACCAGGACGTCGACTCCGACAACGAAGTGAAGTCGGTCCGCGAGCTGGTCCAGGACGGCACGGACCGCACCGAAGCCGTCCAGGTCGACCTCTCCAATATCGCGCTCACCCGCGAAGAGGCGCGCACGATCGCCTTCCGGATGCTGCACGCCAACGACCAGGCCCAACCGGTATCCGGTGCGCTCCCGCCGAACTTCTGGTGGCTCGCCGCCGGGGATACCATCGGCATCACCCGCGGCGCCGTCGACGTGGACGTGCAGGTGAACGGTCGCCTTCGCGATGTCTCCGGCCTGGTCGAGATCGACGGGATCGAGACCGACAACCCGATCTGGGAGTTCGTGTTGCCCGCGGACCCCGACCCGCCCTCATCGTGACCGAACTCGACCCCTTCCCCAGCGTCTACGCCGTCGCCGTCGAGGTCCCTGACCCGCTCGGCCCGGCGATTCGTGTGGCGGCGGCGGTCACCGAGCGGTTCACGAACCAGGTCGGGATCTACTGGACCCGCACGCCGGGCTCGGGCTACCGCGGAGTCGGGGCCACGACCGGCGTCGGGCGCGTGGGCCGTGCGCTGTCCGTCTTGCCCTCCGCAGACCCGGATCTGTGGGACAACTCTGGCGAGGTCCTGGTGGAGCTGGCGCGCGGCACGCTGGAGTCCCGTCCCACATCCGACGTGGAGCGCGGGGCCAACCTGGCTGTGCTCGGGGGCGAGGTGATTGCCTTCGCCACGGCCGCGCTCGAGGGCGAGCGCACCTACCGGCTCTCCGGGATCGCCAGGGGCCTGCTCGACACCGCGGCGAGGACCGGCACGCACGCGATCGGGGAGCCGTTCATGCTCCTCGACGAGGCCACACTGCGGATCCCGTACCACCCCGACCAGTGGGGCGACGAGGTGACGCTGCGCGCGGTCCGCGCCGGCCGGTCGATCGCGGACGCCCCCGACTTCGCCACGGTCACGCTGGCGGGGGCCAGCGCGCTCCCCAGAGCCCCGGGCGCGCTCCAGGCCACTGAGGTCGCCGGTGGCTTGCAGGTGTCCTGGGCCCGCAGGTCGCGCCACAGGAACCGAGTAGTCGACGCCCCCGCGATGGTTCCGCTGGACGAGCCCTTCGAGCGGTTCGAGATCGAGGTCGCGATGGGCGGCGCGCCGGTGCGCGTGGAGACCGTGGAAGCCGCCACGTCCTGGCTCTACTCGATGGCCATGCAGTTCGAGGACGCATCGGTCCTGGCCACGAAGACGATCAGGGTTCGCCAGCTCGGCGCCTGGGGCCGCGGGCGCCCCGCCGAGGTCGAGGCGGTGCCCGCATGAGTGGCAAGCCGCTGCTCGTCAGCTACAGCCCGCCCCCCGGCCACAGGCGCTGGCGCAAGCCCGGGCCGTGCTCCAACGCGAAGCTTCAGCGCCTGTTCGGCCTGACCGCCGACCAGATGGCGGAGACCTTCGACTCGATCACCCTGCTCGACAAGTGGCCCGGGCGTCGCACCGACTGCCCCGGCACCCTGTGGGCTGGAGAACTGTGGGGCTTGGCTCGCGCGTCGGCGCTGGAGCTCGCCCCCACCCTTCGCGAGCGCCCCATGGTGCTCCTCCTTGGCCGAGCCGTCCGCGAGGCGTTCCGCCCGTGGGTTGGCGAGTCGCCGCGCTTGTTCAAGCCGCGCGCCCGCCACGATCTCGGCACAGTCCTGGTCCCTTGGCCGAGCCCCTCCGGGAGTTCGCGTTTCTGGTGCTGCCCGCAGAACCAGTCGACGGCCGAGGCCGCAGCCCGCGCCGTGATGGCGGCGATTCAACTTCATGGCCAGGAAGCCGCTGCCTGACTCGTGGAAGGCGATCTTCCTCGAGGCGTACGAGCGAGAGCGCACGATGCAGCGGGCGGCTCTTGTCGCGGGCGTGTCGCGGCGCACGGTCTTCAACAGCCGCGAAACGGACTCCGAGTTCGACGCCGCGATCCGCGAGGTCCAGGAGCTGATGCTCGACGACCTCGAGGACGCCGCGATGACGCGGGCGATCGAGGGCACGCTGGATCCGGTCTACTACGAGGGGATCCAGTGCGGTGAGCGCACGAAGCACCACGACGCGCTGGCGATGTTCATCTTGAAGCAGCGCCGCCCAGGCCGCTTCAACCTCGCCCCCGGCCGCGATCGAATCGACGAGCAATCGGACGCCGGGCAGCAGGCTTACGAGTTCGCTTTGTCGCTGCTCAAGGCGCAGGCGGAAATCCGCGAGCGCAACGGCTGCGACGTGATCGAGGGGCCCTCAGAGGAGCCCGAGAATGCGGAAGAGGCATAATCACAAGGGGGCTCCCCGGCCGTCACGGTGCGCGGTAGCTTCGGCCAGACCATGACCGCACGCATCCCCGACTCGATGGACGGAGACCTCGCCCACAACGACCCCGACCTCGTCGAAGAGGTCGGCCTGGCGCTGATGGACGTGGCGCTCGGCGAGGCAGGGGTGAAGGTGGAGATCGACGCCGCGGGCACCCCGCAGGTCACCTGGCCGCGCGACTGCACCGAGCACCTGGGGCGGCTGCTGATCCACGCCCTGCGGGTGCGGATGCTCAGGGTCGAGGAGATCGGATGAGCGCGCCGCTCTGGGAGGTCTGGATCCCCGACTGGCTGCCGCCCGGGCTCAACGGACCCAAGGGTCTGATGCGGATGCACCACCACGCCAAGCGCCGCGAGAAGGGCAAGGCGGCCCTCCTGGTGCGCTTGAGCGGCCACCCGCTGCCGCGGATTCGCCAGCCCGTGCGCGTGGAGTTCGAGCGTCGCGTCGCCCTCCGCCAGCACCTCATGGACTGGGACAACGCTGGAGCCTCGTTCAAGCTCCTGGGCGATGCGCTGGTGTCCCTGGGCGTGCTGGCCGACGATTCCCCGCGGGAGATCGCCGAGTTCCACCCACGCCAGCGCGTGGTGTCCAGGGACCTCGTGGGGACCTGGGTCGGGCTCTACGCGGCCGACGGTGCCGACCTGGCCGCTTGACGCCGTGTCAACGCGATTGACCCCCGGAGGGTTCAGTTCTCGCCAGTGATTCCGTGTTCGCTTCGCCTCGAAGGCTCCGTTCAGGGGGCGACCATTCCGGATTGCCGCCTTGGGCTCCCATCAACTACGCCATGCAGACCTCCGAAGCCCGCGAAGCGGGTGGGTTGCGACCGCTCCCGCTCTCGATGCCGGTGCAGCAGGCTCGCGCCCGCGCCACTCTTGCCCAACTGGATCCGCTTGTCCTGATCGTCCAGGAAGCGACATCGCTCGAGGGGCTGGTCCGGCACCTCGATCACGCACCATTCCCGGATTCCCCCGACTCACGGGTGCTCGCCAGCGCCAGCCGCGAATGGCTCGAGTGGGTCTCTGACGTGGTCGGCGCCCCCCCTGACGATGGGCCCCGCTGGAGCCTGCGCGGCGCCGTGTCGTCTGGAGTGCGCATTGCCGAGCACGCGATCGAAGAGATCCGCGGCGAGCGCCGGCAGCCTGCGGGCCGCTTCTACGCCGGGATCTTGATCCTCGGCGGCGCGATCGGGGGTGGGCTGTTCGGCGGGCTCTGGGCCGGCGGGATGCTTATGGCGCCGGATCCGAGCCCGACTCCGCACGCCG
CP036296.1_gap95	3705334	3708526	3192	TTCGACCCAAGACATCGGCCCCGCCTCGAGGGCCCCCTCGGACGCGGGGTCGCCGGACCCGATCAACAGGGATCTTCCGCCGCCAGTCCCAACCGTCCCGCGCGCTCGGTCGCGCTCCGAGGCACTCGGGCTGGACGAAATCGAGGTCGTGTTCGCGAGCCCCTGGTCGCCGGCGGGAGGCTGCGCGCCTGGCTCTGCTCCCGTTCCTTGGGCCAAGCCCTCGGGTTGTGCGACGTCCACCCCCGGGCCGCCCGGCGAGAGCACCAACCAGCCCAGCGCCGCCACCGCGACCAGGCTGACGAGGACCAAGATCGGAGTAGCCGAGCGCACGTGATCACGATAACGACACCGACCACGGCCGTGACAGGGTCGCGAAGATCGCCGATCCAGGACACTAGGCAGCGCCGCCGGTCGCCTGCCCGGTCGTACCTCAGCGCCGTCGGGCGGAACCGTTCACGGCGGCCAACTCGATGCGGTTGCGGCCCGCGACCTTGGCGGCGTAGAGCGCCCGGTCCGCCCGCTCGAGGGCTTCGCGAGCCCGCACGCTGCCGCCGGGGGGGATCCAGGCCGCACCGACGCTGACCGTGACATGGGGTCCGACGGGGCTGTCGGGGTGCGGGATCTGGCGCGAAACCACCGCCGCGCAAACCGCCGCGGCCCGCTCTTCCAGGGCAGCGGCGTCGATCCCGGGCAGCACCACAGCAAACTCCTCACCACCGAAACGCGCCAAGAGGTCGTGGGTGCGACGCCCGGTGGAGCCCAAGGCCTCCGCCACGGCGATCAGGCACTGGTCCCCCGCCAGATGACCGCAGGAGTCGTTGAAGCGCTTGAAGTAGTCCACGTCGACCATCAAGAGCCCCAAGCCCGCCGAACCCCGTCGGGTCGTGCGCAGGTCGCTCGCCAGGGAACGGAACAGGGCGCGCCGGCTGGCGACCCCGGTCAGCTCGTCCTGGCCGAGTTCGGTCGTGAGCTGCCGGTTACGGGCCGAAAGGCGCTTGATCTCGTCCTGCAGCTCCCGCGCTCGGCTGGCCTGGGCCCGCAGGACGCCGATGACCGGGTCCGAAACGATGCCGTTCATGCGCCGATCGCGCGCGCGCAACAGCATCAGGCTCTCGCCCATCAGTCCGACGAACTGCCCGGCTTCCATGGCGATCGTGGCCCCGCCCACGTGTTCCATGGTCACGGCCACGAGCGCCGACTCGGGGCTGTCCGCCGCGATCTCGAGCGCGCGCCGCAGGAGCAGCCAGTCGGACTCCGGAATCGGCAAGAGGTCGTCGAGGGCACGATCGTCCACCGCCGACCACTCCGACTGGGACGCACGGTTGGCGAACACGATGCGCCGGTTGCTATCGACCACCACCAGGGGCAGTGGTTCCAGGTTCAGATAGCTACGCAGGTCGGCCGAGAGCACCTCGCCGGGATCGGGAGAGAATGTCGACGAAGGCAGGACGCGCCCCCCCGCGGGAGTCGAGTCCCCCACGGGCGCTGGCGCGGCCCGGCGCACGCGGCGCCCCTGCTGTTCCGAATCGCCTGTTCGCATGCCCTCCGGCGGCGATCGAATCGATCGCGCCCGCTCCAGCCCTCTCGCCGGTGGTCGTAGACAGCGAAGCGACAGCCCGCCCCCCAGCGAACGCCTCCCTGCCCCACTTTCTCTCGATAGGGCGAAGTTCGACCCCATACACCCCCCACTTGCAACTTCCCCAGCCCTACGCAGCTTGAACGGGCCGGGACCGCTGACGGAACGGTCGACGGCGAAGAAATTGCCGTGCCGGGGTCAGTTGGGCGGCTCCAAGGATCCGTAGCAGCGCCCGTCGAGGGTCAGGACCTGGATCCGCTCGCCGTCCTGATCGGCCACCACTACCCGCGAGCGTGGCTCCGAAGGGCCCGGTTCGACGACCACGTCCGAGGGGTTCAAGACCTGTCCACTGCCTGCGCCGTGGCCAGCGATCTGGGCCTCGACCCCGCCGTCAGGAGCCATGAGTAGGACGCCGCTGCGCGGCCCACCGTGGGCCACGACCAGGCGACCGTCCGCGAGGCGCACCGCCGCGCGGGGCTCCAGTCCGGCGCCGCGGTGATCGGGAAGCTGGAAGGCGAAGTGGAAGTCCAGGTCGCGGAAGACCTGCACGCGACCTGCCCGGGGCTCGCAGGCCAGAGCATGGCGATCGTCGAGGAACACGCCCTCGATCCCGGCGAATCGGCCGTGGGACTGACCCATCGGGCGCAGGGATCGGATCAAGGTGCCATCGGGCGCGAAGAGGTGCAGACCGTGGCGACGACGCCCACTACTGCCGACCAGCAGCCGCAAGTCGTCGCTCGAGCCCTGGCAAGCGACGCAGGTCGGGCGCGACAGGACGCCGGCCCGGTCCTCGTCCAGCTCCGCGGGGGAGAGGGTAGCGCGCTGTTCTTCCGACGGCCCCAAGCGCAACTTCTCGGAGCCGAAGACGGTGAAGCCGCGCACGGCACCCGCGCCGGGGTCGGCGACCCACAGGCGTCGATCGCGATCGACCGCGATGCCGGTCGCGGCGGTCTGGGATCGCTCCTGGTCGCGCCAGGAGAAGCCGCCCTCGAGCTCACGGCCGTCCAGGTCGTAGAGGCCCACGTGCGCCGTGCGCTCGTAGCGCAGCACGTACAGGACACCGTCGCGAAGGGCCAGGCTAGCGTGCACGCTCGCCTCCGCCGCGGCTCAGGTCGACGACCACGATCTCCGCCGGCGAGCGCAGTCGCAGGGGCACGCCCAAGGCACCCAAGCCGCGGCTGGTGAGCAGCACCGCCCCGTCCCGCTCGACCCGATCGCCGGGGTGCGCCGGCGCCAGGCGGCGCACCAGTGGCAGGTCGATCTGGTGGCCGTGGCTGTGGCCGCTGAGCACGAGCGCGCAGCCGGCCGCGGCCAGGGCGGGCCCCCCGGCCGGGTTGTGGCACAGCACGACTTCCACGTCGCCCGCGCGGACAGCATGCCGAGCGCGCTGAAGGTCCACCTGCTTGGCCTCCTCGAGGTCCTCGAGCCCCACCAACGCGACCGCGCCGGGCCCCTCGCCGAAGCGCACGGACTCGTCCAGCAGGAAGCGCAGGCCGGCCTCGGCTTCGAAGCGCGCGGCGATCTCGCGCTCGCGCCGACCGCGGTAATCGTGGTTGCCGAAGACGCCAAAGCTGCCCCTGCGCGCTCGCAATCCCGCCAGGTCCTCGAGCAGCAGG
CP036296.1_gap96	3709662	3711058	1396	CCGGTCGAGTTGCGCGCCGAGAACGTTGTCGGGTCGCTGGGCAGGTAGGGTTGGTGCGGGTCGAACGGCATCACCCACAGGAATACCGGAACGCCCTCGGGCGCCGCGTCCAAGGCCGCCAGGGCTCGGTCTACGACCTCGCTCGAGTGCCAACCGTTGCGCGGTCCGCGCTCGGGGATCGGGTAGCGCTCGTAGGAATCGAAGCTGCGCCCCCAGCCGCGGGCGTCCGCCAGAAGCGTGTTGGAGCTGACACCGATGGTGTAGTAGCCGGCCTCGTCGAATACGTCGGCCAAGGTCGGCTGGTCGGGCCAGAGCTTGCCGGAGTTGTCCGAGCGCACGCGCCCGGTGAACAGCATGGCCATCGACGGCGCCGTCCACGAGCTGGCCGAGAAGTGCCGCTCGAAGACTGTAGCGCCCTCGGCCCAGGCGTCGATGCGAGGCGAGGTCGCGCGGTCGTGCCCGTAAAGGGAGAGGTGATCCGCGCGCAGGGTGTCGACGGAGATCAGCAGGACGTTCGGACGCTCGCGGCTCGTCGCGCCGCCGCCGCAGCCGACAGCCAGCAGCACAGCGGCGAGGAGCCACGCGGCGCGCGCCTGGGTGTCGATCCGGACCCTTGTCCTGGGCGAGACTTCGAACATGGGCGTGAGGTTACCCGCTGGATCGCCTCGGCCCAGGGGCGTGCCGCCGCCAGGCCCTATCGTCGCTCGCTCAGCGCGAGACGATGCGCGGCTCGGCGAAGCCCCCGAGGATCACTACCGGCTGACCAGGCGTCGATCCCTCCGGCAAGGCCATCGGCGCCAGCTCGAAGGACAGATCCACTTCGCTCCCGGCCCAGGGCGCCAGGTCGACCCACAGGGATTGCCACAGCTTCGGGTCGCCGCGCCGGGTGTCGATCGACTTCTCCGCGACGACCTTGCCGTCGATGCGCACGCGCAGGATGCAGCCCGGGCCCTCGATGCCCTCGTAGGTCAGACGGTGGTGCTCGCCCACGTCCACGGTGAAAACGCTGCCCGGCGGGATCGGCACGCCGTGCCAGGTCACCCGACCCGGGAACAGGATCTGCACCGCCAGCTTGCTGGGCTGGTCCACGTCGACCATGAAGCGCTCGACGCCGATCGAACCCCGCATGGTCCGGCCACCGGCTTGGGCCGGCGGGTACTCGGAGACCTCGATCTGCGCTTCGCCGAGGCGCTCCAGGAAGGGGTTGGTGTCCTCGATGGTCCAGACCTGCAGCTCGTCGTGCTGGTGGGTCGAGAAGGACCAGGGCAGGAAGCCCGCCTCGTGTCCGTAGAAGCCGGCGCCGGCGTGGGAGTTGTGGATGCGGATCGGCCAGGGGTCGGCGTAGACGGTGATCGGACCCGGCCGCATGCGGCGACGCACGCCCTCGTGCAGGCGA
CP036296.1_gap97	3719721	3723327	3606	CGGCGTCGATGCGCCGCTTGACGGTCTCGTCGTCCAGGTCGCGGCACAGCCCGTCGTAGCGCGCCGTCTCGCGCCGCGCCTGCTGCTGTTCGCGCACGGCGTCGAGCCGCTCACGGGTACAGAAGCAGGGGTAGGCCCAGCCGGCCCGCCGCAACTGGGCGGCGACCCCCAGGTGCATCGCCGCGCGCTCGCTCTGGCGGTAGGGGCCGAAGGGGCCGCCGACGTCGGGGCCCTCGTCCCAGTCGATCCCGAGCCAGCGAAAGCCGTCGAGGATCTCGTCCTCCCAGCGGCGCTCGGAGCGCTCGGGGTCCGTGTCCTCGATACGCAGGATGAACTGTCCACCGTGGTGCCGGGCGTAGGCCCAGACGAACAGGGCGGTGCGAGCCCCACCGATGTGGAGCGGGCCGGTCGGGCTGGGGGCGAAGCGGGTGCGGACGGGGGCAGTCAAGGGCTCGATCTGGACAGGGTCTGGGGGGCTCGGAAGGGCGGGGAGGATACGGCGGCGCTCCGGCGGCCCCCGCGGGAAACCGCACAGCGCGGGCCCCCGGCTCAACATCACCCCAAGAAGGGGGCTTTGATGTCGAAGATAGAACCTATACACCTGTCCGGACTTGGCCCACAAGACCGGGTCCGACGTCCAGACCTTCGTCCACAGACCCCCGCCCAGCCAGCCCAGTGCCCAGCGCCAAGAAGACCCCCGAACTGCTCTCGATCGGTGAACTCGCCCAGGCGACCGGGATCTCTCCGGACACGATTCGAGTCTGGGAGCGCCGCTACGGCGTGCCGCAGCCGGTCCGCCTGCCCTCCGGCCACCGACGCTACACCCCGGAGCAGCTGCGCTGGCTGCGTCGGGTGGTCGAGGCCGTGTCCCTTGGACACCGCCCGGGCGCGATCGTGCGCGGCAGCGACGCGGAGCTCCAGGACCTGCTCGACAACCGCCGGACCCGGGTCGACAAGCCCTCGGACATGGGAGCGTGGATCGACCTGGTGCGATCCTTCGACGGCGGCACCCTCACCGCGACCCTGCGCGAGAGTTTCGACCGCCAGGCCCCCGGGGACTTCCTGACCCAGGTCGTCGCGCCCCTCGATCACGAGGTTCAGCGGCGCTGCGTCGACGGCGACCTCGAGGTGCGTCACAGCCACTTCGTCAAGGAGGTGCTGCAAGACGTGCTGCGCGGCCTGCGGATCTCGATCGGAGTGCCCACGGGCGGGCCGCGGGTGCTGGTCGCCGCCCTCGACGAGGACATGCACGACCTGCCGGTGCAGATGGCGGCCCTCTTGTGCGCAGCCAAGGGCATCCTGCCCCGCGTCCTGGGCTCCAACACGCCCTTCGACCAGATCCGCCGCGCCGCGACGGAGATGCACGTCGACGGTGTCGCGGTGCCCACCGCGCCGGTCCAGTGCACCTCGGATCAGGACGCCCGCATCGAGTCGTTGCGCGATGCATTGCCGGACGAGATCGCCCTGTGCGTCGGCTGGCACGACGCTCGCTTCACCCGGCGGCCCCGGCGCGGCGTCCGCATCGTGCGCGAGGTCGCGGAGTTCGAGCTCTGGTTGCGCGAGCTGCTCTGAGCTGACCGCGCGGGCGATCGGGCTCCGACGCGAACAGGGCCGCCCCCTCGCATGGCGAGGGGGCGGCCCTGTTCGCGTCAGGCCAGCCGCGCGTGCGCGATCAGGCGCGCTGCTCGAGCCCGGCCAGCCCGTAGGCCTTGGGCCCCACGTACTTGAGGTTGCAGCAACCGTTGCAACCGGCGTAGATGCGCTTCTGTTTGATGTCGCGCCGGAACTCGCGGAACTCCTCGCCGTTCCAGATCTCCTGCAGGGTCTGGGAGCGACTGTCGCCCGTCCGCAGGTAGTAGCAGGGCGAGTAGCGGCCGTCCGCGGTGAGCTGCACCCTGGACCAGGGGCTCTCGCACACGTACTCGTCGGGCGAGAGGGCGCGGTCGTCGGTGTAGTGACGCACGAATTCGTCGATCGGCAGGCCGGGGGGCGTCAGGCGGATCTGCACGCCGAGCGTCTTCTCGAGCTCGTAGCAGGCGATCAGCTGCTCGCGCAGGAATTCCGGATCCACGCCCTCAGGGCGCGGCTGCGGGATCGTCAGGCGACTCTCCTCGGGGTTCGCGATCAGGGTCGACGAGTGGCCCACGAGGTCGTGCTCGGCCATGAAGTTGACCAGGTCCGAGCCCAGCTCCGCCGCCAGGTGCATGAAGTCCTGCATCCCGCCGACGGTCTCCTCGGTCACGACCATCTTGAGGTTGAACTTGGGGAAGACCTTCCCCTTCTTGGCCCGCAGCCGAACCATGTTGCGGATGCCCTCGATCGTGCGCTTGTAGCTGCCGGGGCGGCCCACGACCTCGTCGTGGCGGGCCTCGTTGCCCTCGAGGCTGATCCCGACCAGCACCAGACCGTTGTTCCAGGGGTGCTTGGGTCCCAGGTCCGTGTAGAGCTCGGCGATGTCCTCTTTGATCAGCGCGCCGTTGCTGATGATGTGCGTGCGGTGATGCTTGCTGGCGTAGCGCAGGACCTCGGGGAAGTCCTTGCGGACCAGGGTCTCGCCGCCCGAGAAGGTGATCAGACGGCCCTTCGGGAACTCGTCGATGGCCTTCTTGATCTCGTCGGTCTTGAACTCCTTGACCGGCCCGACCGTCTCCACCTCGCCCTTGATGATGTCGAGGTACTGGCAGAAGTTGCAGCGCAGGTTGCAGCGGTAGGTGACCTCCAGGAACATGTGGATCGGCTGGAAAGCACGACCACTGGGCGACAGGGCGCGCGGGATGGCGCCGTGCCACTTGACGATGTCGGAGAGCGCTGAGCTGAGGTTGATCATCGCTGGGCGGTTATGGCCCGAGGAGGTGTAGCCCGAAGAGGAGGTCGTCCCGCCTGAGGCACGCTGGGCCGGGGCGGGCTGCCTCGGGAGCGCGGCGGACGGCAGGGTTCGGCCCGGATGGCCGTGGGTCCAGAGTCGGTCGATCGGTCGGTCCGGCGAGCGTGTCCGCCGGGCAGAGGCCCAGGGAGCGCCCTGGAGTGGCCAGGGGGCCGATCGCCGCGCCAAATCGCACGCGGACGGAAGAGTTTCGGCCCAAGTCTACGCCGCCCTCCTGGCCCGGCAACCGGAGCGCTCCAAATCGGGCCTGCTGGGACCGGGCCGGTCCTCGCTTCCGGGTCCCCTGGCCTGCAAGATCCCGCCATGCCCTCCGCCTCCAGCCCGACCCTCGACGCCAATCTCCTCCGACGCCTGCCCAAGGTCGTGCTCCACGAGCACCTGGACGGGAGCATGCGGCCCTCGACCATCCTCGAGTTGGCGGCCGAGATCGGTTACGACCAGCTCCCGGAGAGCGAGCCCGGGGCCCTGGGGCGCTGGTTCTTCGAGGGCGCCGACCGCGGCTCCCTGGCCCAGTACCTGGAGGGGTTCCGGCACACGATCGCCCTCTTGCAGACCGAAGCCGCCCTCGAGCGAGCCGCCTACGAGTACCTCGAGGACTCGGTCGCCGACGGGGTCGTCTACTCCGAGGTGCGCTTCGCCCCCCACCTGCACACCTTCGAGGGCCTGGGCCTGGATGCGGTCATGCACGCCGTCCTGCGAGGCCTGCGGCGGGCGGCGGTGGA
CP036296.1_gap98	3857140	3860066	2926	GACGCCGTGCCGAGCAGCGAGACCAGCGCGAAGGCCGGGACCGATCCGCGGATCACGATGTCGAACACCAGCCAGCCGAAGAGCAGCAGCAGGGCCACCTCGACCACCAGGAACAGCACCCGCGACAGGAACGTCGCCAGGATGAAGTGCCAGCGGCGCATGGGCGTCGCGGCCAGGCGTTTGAGCTGCTTGCGCTTGCGGGCCAGGACGATCGAGTAGCCCACGCCCCACAGCGTCGACGACATCAAGGACATGCCGATGATGCCCGGGAAGAGGAAGTCGATGTACCGGGCGCCGGGGGCGGTCAGATGGACTTCACTTGAGGGCAGCAGATCGGAGCGTCCGAGGGCGCGCTGCAGGGCGTCGTCGACGATCACGCGGGCCGCCGCGGAGGCCTCGCGGGTCGGGTCGTACTCGTAGACCAGGGCCCGCGAATCGCCCTGCGCGGCCCGCACCACCAGGTCCACCGCGCCGATCCGCAGGGCGCGTGCGGTCTCGACCTCGCCGTCCGCCACCAGGTCGATCAGGGCCTCCGTGGACCCCTCGCCGTCGATCGCGGACAGGCCCTGGACCAACCAGGCCGGCGCCTGCGGCTCCAGACCGACGCGCGGCAGGGTGCGGCCCCGTTCGCGGAAGGCCAGGCCCAGGGCGAGGGCCAGGATGACCGGGAACCCGAAGGCCCAGAAGACCGCACCCGGCTCGCGGATGAACTCGCGGAAGCGGGCCACGGTCAGCTCGACGACCGGGTTGGGTTGGCGCGAGGCGTCAGCCATCCCTCAGGTCCTTGCCGGTGAGGTGCAGGAAGACGTCGTCCAGGGTCGCGCGGTGGGTCGCCAGCTCGAGCAGGCGCGCCCCGCTCGACTCGATCAGCGCCAGGGCCGCGGGCAGGACCTGGGCCACGTCCTCCACCCGCAGCACGTCGTGCTCGCCGCGCCGCTCGGCCGAGCTCACGCCGGCCAGGCCGCCCAGGTCCACCGCCACATCGGTCCGCAGCCGGATCACCTGACTGGCGCCCAGGTTGGCGATCAGCCCGTCCGGGGTGCCCTCGGCGATCACTTTGCCGGCGTCCATGATCGCCAGGCGGTGGCACATCTGGGCCGCCTCCTCCATGTAGTGGGTGGTCAGGATGACCGTGCCGCCGTCGTCCAGATAGCGCCCGATGACATCCCACAGCCGCCGCCGGGCCTGGGGGTCGAGGCCGGTGGTCGGCTCGTCCAGGAATAGCAGCTCGGGGTCGCTGACCAAGGCACAGGCCACCGCCAGGCGCTGGCGCTGCCCGCCCGAGAGGTTCGACACCCGCGTGCCGCGCTTGGGGCCCAGGTCGACGAGGTCCAGCACCTGGTCGACGGTGCGACCCTGGCGGTAGAAGCTGCGGAACAGCCGCGTGACCTCGGCCACGGTGAGCTTGTCGGCCAGCTCGGTCTCCTGCAGCGCCACGCCGATGCGCTCGCGGATCTCGTCGTCGCGGCCGGTGCCCCAGCTCAGACCCAGCACCACGACCTCGCCCGAGGTCGGCGCCTGCAGGCCTTCGAGGATCTCGACCGTGGTGGTCTTGCCCGCGCCGTTCGGGCCCAGGAGCCCGAAACACTCGCCCCGCCGCACCTCGAGGTCCACGCCGCGCACGGCTTCGACCTCGCCGAAGTGCTTCACGAGCCCCCGGACGAGGAGGGCGCAGTCCGAATCGTCTGCCATGCGCGGATGCTCGGCGGGCCGAGGGCGCACAGAGTGCCGGCCGCCTCCACGTGGCACCAGCCCCTGGCCGGGTGCAGTTCCGTAGGCGTTCGTACGGTGCCAGGCAGAAAACCGCCGCCTATTCGGGAGCCGATCTGCCCCCTTCGGCGGCAGATCGGCTCCCGAATAGGCGGCGGTTTTATGCCTGGCACCGTACGAACGCCTACGGAACGCCACGGCAGACCAGGGACGCGTCTGGCCCCCCCGCCACGGGCACGCTACGGTTGCTGCGCGCGACCCGCGTGCACCCCTCCCCATGGGCCCCGAGGCCATTCTCGTCCTCCTGCTGCTGGTCAGCGTGCTGCTGGCGCTGGCGCTGACCAAGCTCCCGCCGGACGGCGTTCTGATCACCGCCCTCACGGTGGTGCTGGGAGTACCGTTCCCCGTCGACGGTGGCTGGCGCATCGGGCTCTTGGAACCGTCCGAGGCGCTCGCGGGCTTCGCCAATCCCGGGGTGGTGACCATCGGCCTGTTGTTCATGGTCGTGGCCGGCCTGCGCGAGAGCGGCGCCATCGATTGGATCGCCGAGCGCGTCCTCGGTCGGCCGGCCAGCCTGCGCGCGGCGCTGATCCGCATGATCGTGCCCGTCTCCACGGTCAGCGCCTTCCTGAACAACACGCCCGTGGTGGCGATGTTGATCCCGGCCCTGGGCGATTGGAGCAAGCGCCTGAACCTGCGCCCCTCCAAGCTGATGATCCCGCTCTCGTATGCGGCGATCCTGGGCGGGCTCTGCTCATTGATCGGCACCAGCACCAACCTGGTCGTCTCGGGCCTGGTCCTGGCCGACACGGAGATGACACCCCTGGGCATGTTCGACGTGACCAGCGTGGGTCTGCCCTGCGCGGTGATCGGGGGCCTGTACCTGGTGCTCTTCGGCCCGCGCCTGCTTCCCGACCGCGGGTCCGCCGCCAGCGCCCTGGCCGATCCGCGTGAGTACACCCTCGAGATGATCGTGCCCGAATCCAGCGCGCTGGTGGGCAAGTCGATCGAAGAGGCGGGGCTGCGAAACCTGCCCGGCTGCTTCCTGGTCGAGATCGAGCGCGGTGATCAGATCATCGCCCCGGTGCTCCCCGACCAGGGCCTGATGGCCAACGATCGCCTGCTCTTCGCCGGCATCGTCGAGTCGATCAAGGAGCTGCAGAATCAGCGCGGCCTGGCCCTGGCCACCAACCAGGTCTTCAAGCTCGATTCGCCG
CP036296.1_gap99	3869454	3871707	2253	GACGCGCTTGGCCTGGGCGGCTTGCTCGAGATCCAGGTACAGCGTTCCCCGCCCCACCGCCTCCGACGTGGATTCGGAGGCGTACGAGATTTCGGTCGCGGAGTCGAGATTGGGAGCGGGAGACACCATGGCCTGGGAACCTCCTCAGGATCGGCGTCCCGAAGCCGCGGGCTCGGACGGGCCGCCGGGGGACTGTCGAATATCTCGGCTCCGGAACACCGATTCAGTGATCGGGAGTGCAAATCCCGAGCACCCCTTCTCTGGAGCTGCGGCGGCTCCGCCGTAGGCTCTGCGCCATGCAAGTCCACCGATCCCGCACCAGCGCCCTGGGTGTCTGTTCATGGTCCTTGCGCGCGGGCGCCGAGAGCGAGCTAGCGGCCGTGGTGGAGGCCGTCGGCGTCAGCCAAGTGCAGATGGCGCTCGATCCCCTGCGTCGCGGCGCCTGGTCCGCCGAGCGCTTGGTCGCTTCCCTGGAGTCGGTCGACGCCACTGTGCGCTCAGGGATGATGGGTACGGAGGGCGAGGACTATTCGACCCTGGAGACGATCCGGCGCACGGGCGGGTTGGTCCCCGATCAGCATTGGCCTGCGAACCTGGCGGCCGCCCGCGGCAACGCCCGGGTGGCGCGGGAGCTCGGCCTGGAACTGGTCAGTCTGCACGCGGGTTTCCTGCCCGAGAAGCGCGGCGACGCCCTGCGCGCCCGGGTCCTCGACCGTCTGCGGCAGGTCGCCGACGTGTTCGGCGAACAAGGCGTGCGCCTGGCCCTCGAGACCGGCCAGGAATCCGCCGCGACCCTGCTCGACGTCTTGGCGGAGCTCGACCATCCGGGGGTGGGCATCAACTTCGACCCCGCCAACATGCTGCTCTACGGCATGGGCGAGCCCGTGGCCGCCCTGCGCGCGCTCCTGCCCCACGTGCTGCAGGTCCACGTCAAGGACGCGAGGTCCTCGCAGGTTCCCGGCGATTGGGGTCAGGAGGTCCCCGTTGGCACGGGCGAGGTCGATTGGACCGCCTTCTTCGCGGTCCTCGCGGCCGCGGGCTTCGGTGGTGACCTGATGATCGAGCGCGAGGCCGGCGATGACAGGCCCGGCGACATGCGCCTGGCCGCGGACCTGGTGCGACGCCACTGGCCGGCCGCGCGAGCTTGAACCCATGACGACTCCCACCAAACGCCCGATTCGTACCGGGGTCATCGGCCTGGGCTTCATGGGTCGCACGCACCTGGCGGCCTACGCCTCAGCCCACGGCGCGGGCCATCCCAACGAGCTGGTCGCCGTGGCCGATCGGAACGCGGACCGCCGCGCCGGAAAGCTGTCCGGGGGCGGCAACATCGATACGGGAGCCGCTGACTTCGATCCGGCCCTCGTGCGCGCTTACGAGCTGCCCGGGTCGCTCCTGGACGACGAGTCGGTGGAGCTGGTCAGCATCTGCACCCCCACCGAGACCCACGTGGACCTGGCCATCGCGGCGCTCGCGGCCGGCAAGCACGTGCTGGTCGAGAAACCCCTGGCCCTGGCCAGTTCCGAGGTCGAGCGCCTGGTCGCAGCCGCCCGCGAGGCCGCGACCCTCTGCATGCCGGCCATGTGTATTCGCTTCTGGCCTGGCTGGTCGTGGTTGACCGAGCGGGTTCGCGACGGACGCTACGGCGCGCTGCTCGGGCTCGACATCCAGCGCCTCGGCTCACGACCGTCCTGGAGCCCCGGCTTCTACTCGGATCCCGCGCGCTCGGGCGGCGCCCTGTTCGACCTGCACGTGCACGACGTCGACTTCGTCGTGCAGTTGCTCGGCCGGCCCGTGGGTGTTGCGGCCAGCGGTGGCTACGACCACGTCTCGGCCCTCTACCGCTTCGCGCCTGGCGCGGACGGCCGCCCCGCGCCCCGCGTCGCGATCGGCGGGGGTTGGGACCAACCGCCGGGCTTCCCCTTCGAGATGTCCTTCCGCGCCGTGTTCGAAGGCGCGACCGCGGAGTACAGCCTGCGCGAAGCGGCCCCCTTGCGCGTCTTCATCGAGGATCGCGCCGAGCCGATCGAACTCGCGCCGCACACGGGCTACGAGCTGCAGGTGCGCGCGCTGCTGGACGCCATCGCCGGCGGCGCCGAGCGTCCGCCGGTGCAAGTCGCCGAGGCCCTCGAGGTCGCCCGCGTGCTCGAGCAACTGACAGCGGAACTCGGGCTGGATGCGCCCGGCGCGAGCTGAGTCCCGCCAGTCCCGATGAGCGGCTACCGCCCGTCCCGATGAGCGACCACCGCCCGT
CP036296.1_gap100	3876986	3878604	1618	GCGGCCTGGAGCGCATTGGGAGTTCGCTTCCCGCCGAGTTCGACTCGGCGGGAAGCGCCGACCACGCATCTCGAGTCGCATTTCGAGTCGCATTTCGAGTCGCATTTCGAGTCGCAGCAAGAGTCGCAGCGCGAGTCGCAGCGCGAGTCGCAGCGCGAGTCGCAGCGCGAGTCGCAGCGCGGTGGCGCACGCGGCCCCGCCGACTCTCAGCGCCCCAGCACGTCGTCCATGCGTGCGAGGATCTCCGCCAGGCGCGCGGCGTCGCCGCCGCCCACCTCGGCCGAGGCCCAGTGCTCGCCGCCGATGCCCCACTCGACGCTGTCCAGGGCCGCCATGGTGGTCTCCCAACCCACGTCGCCCGCGCCGATGGCGCAGTCGAAGCCGGCCCAGATGCCCTCGCTGTTCTGCTTGGCGCGGCTGTAGTCCTTGATGTCGATCTTCTTGATGCGCGCACCCAGGGCGTGGACCCAGTGGTCGGGCCAGGCCGAGCGCACCAGGTTGCCCAGGTCCAGGTACCAACCCACGTGGCGGCTCTCGAAGCCGTCCACGTAGCGCGCCGCTTCGAGGGGACTGAGCAGGAAGTTGTTCCAGACGTTCTCGAAGGCGATCGTGACGCCCAGCTCCTTGGCCAGGGGCACGACCCGCTCGATCTCCGCCACCGAGCGCTCGTAGGCTTGGTCGTAGCGAATCTGCGCGTTGACCACGGCCGGCACCAGCAGCACCGTCGACGCGCCGAAGGCCTTGGCGTCGTGCAGGGCCGTCTCCAGGCCCTTGCGACCGGCGGCGCGCACCGCGCGGTCGGCGTCGCCCAGGGTCTTGGTCCAGTGCACCGAGTCGACCACGCCGGGCACGCGCAGACCCGTGGCCTCGATCGCGGCCAGGACCTGGTCGCGGTCCAGGTCGGAAGGGCTGTCGAGCTCGACGCCGTCGTAGCCCAGGTCGCGCAGGATCTGGAACTTCTCGCCGATCGTCTCGCCGACGCCGACCATGCCGATCTTGCACGAGCGCTTGATGCCGCGCAGCCGGCCGCGGTTCTCCGCCGCCAGGCGCGCGGCGAGCCCACCCAGGGCACCGGGCCCATCCTGGCCCGCGGCAGCCGCTCCGCCCAGGGCCAGCGCGCCCAGCCCCAGCCCGAGCACCTCCCGTCGGTTGATGACGGACATCAGGCGAACTCGTACTTGCCGGCCTCGGGGTCGTCGCCGGCGGCGAGGTCGCCCCACTCGATCACGCCGCTCTCCATGCCGGGGGGGCCCAGGCGCTTGGTGCTGGCCAAGAGCTCGTCCCAGGTGATCGCGCGGCCCGAGTAGGCCGCCTCGCGGCCCATGATCGCCAACAGGTTGCTGGTGGTCATCCAGTCACCGTCGTTCATGGGCGTGCCGGCGCGGATCGACGCGAAGAGCTCGTCGTGCTCCTGCTGGTACATGTCGTTGCCCTCGCCCTCGTACTCCCAGCGCCAGTTCCCGGGACCGACGATCTCGTGGTACGGGGTCCAGTTCTCGATCGTCGCGCGCCCGGCGCTGCCGTAGAGGAAGTCGTTGTTCTCGCCGTAGCTGTTCGGCCACTGGCGCGCGAGCATGAACGCGCGCCTGCCGCCGGAGTACTCGTAGACCACGCCGAA
CP036296.1_gap101	4066184	4067533	1349	GAGGGCGTCCAGGAGTGCCTGGGACGCGATGTCGGGATCAACCACGTGGACGGGCGCCGCGGGGAGCTCGGAGCGGTAGCGCTGCAGCTCGTCGCGCAGTGCCAGTCCGGGTCCGTCGAGGCTGTTGTCCACCACCAGGTTGTGTACCTCGCCAGGGTCGCTCGACAGGTCGTACAACTCGAGCGTGCCCGTGTCGTAGTCCAGGATCAGCTTGTGGCGGCCATCGGTCACCGCCTGTCGGAACTCGAGCCAATCGGGTCCCGCTTCATCCTTCACGACGCTCCTGAAGCTCTCCTTGGCGCTCTTGGTCTGAGTCTGAGCCAAGAGCGTCACGGGCTGGCGATCGCTCCCGTCGAGCACCCCCACCAGACTGCGGCCCTGCAGCGCCGCGGGTGCGTCGAGACCGCTCACGTCGAGCAGGGTCGGCAACACGTCGATGCCGCGCACCAGCAGCTCGCCCTCGCGCTGCCCCGCGAAGCGCCCACCCGGGAAACGGATCACCAACGGCACCCGCAGGGTCTCCTCGTAGAGGAACGGATCGTGGGTGAACCACACCGCATCGCGCTCGGTCAGGGACTCCCCGTGGTCGGCGGTGATGACCACGAGAGTATCGTCCAGCACGCCGCGCTCACGCAGGCCTTCGATCAGGGCTCCCACACCGCGGTCGGCGAAACGGATCCCGTTGTCGTACCGATCCGCGATGTAGCGCCAGTCGAGCTCGCCCAGCCGCCGCTGCTCGGCGCCAACCGGCAGGGGCCCTGCGCGCTCCGTCGGGTTGACGTTGTAGTGGGCCTCGAGCCGTCCGACGCGCACGTCGTGCCCGGGCCCGAACCCGGACTCGGCGAACGGCAGTCGGCCGGGTTGGCGTCCGGTGCCCGGGTAGAAGCCCAGCAGCTCCGCTGACCACTCGCGGTAGCCGAAGGGCCGGTGCACGTCCCACAGGTGCACCCAGGTCGCGAACTTCCCCTCACCCGAATCGACCCAGTCGAAGAAGTGCTCGACCGTGTCCTCCCAGGGACCCGAGAGCTGGGTCGAGGGCAGGTCGAAGTCCTCCAGCAACCCCGTCGGGGGCAGGCCCGGATGGTTGATGAAGGCGCTGGTGCGGTAGCCCGCGGCGCCGAACAGGTCCTGGAAGGTCTGGGCCGCGGGGTCGATCTTGTAGTTCCAGAACACCAGCCCGTGGCTCGGGGTGTTGAGCCCGGTCAAGAGGCTGGCGTGGGACGGCGCGGTGAACGGCGCGTGGGAGTAGGAGCGCTCGAACAGGGCCGACTCGGCCGCGAGGGCGTCCAGGTTCGGGGTCGTGTCGCGCCCGTAGCCGTAGGCGCCCACGTGGTCGGAGCGCAGGCAGT
CP036296.1_gap102	4069616	4072357	2741	CCCTGGCCACCCTGGCCCGCGACGCGGGCCTCGCGACGGGGTCCTTCGTCGCCAACATGTGTCAGCTCCAGGGCTCCGACCAGACCGTCTGGCACGACGGCTGGGACGAGCGCTTCTGCGGCATGCGCGACCGGCCCGAGGACTACTCGGACCAGTACCTGTGGGACGAGGCCGTGGTCACCGCGGGGCTGGAGTGGATCGACGGGCAGCGCGGCCCCTGGCTCGCGTGGATGCACCTGATGGACCCCCACGCCGAACACCGCCCGCCCCCCCGCCACTGGGACTACGCGGCCCACGACCTGCTCGGTCACGCGGAGCAGTACGCCTACTTCAACCAACTCGAAGAGGCCCGCGTGATGCCCGAGGCGGAGGTCGTGGCGCGCATCCGCGACCTCTACGCCGCGGAGGTGGCCGGGGCCGACGACCAGTTCGCCCGCGTGCTCGAGGCCCTGCGGGCCCGCGACGACTGGGACCGCACGGCGCTGGTGTTCTTTGCCGACCACGGCGAGGAGCTGTTCGAGTCGCTCGTGCGCTACGGCCACGGCATGGCCCTGACCGAGGGCGTGCTGCACGTGCCCCTGATCGTGCGCGCGCCGGGCCTGGCGCCCGGGACGTTCGACCTGCCGGTCGAGGCCCTGCAGGTCAGCCCGACGGTGCTCGACCTGCTCGAGATCGAACCTCCCTACGACCTCAGCGGCACGAGCCTGTTGTCCGAAGCGCCCAGCCTGGGCTTTGCCATGTCCTACGCCGGCAAGGTCGTGACCACCGTGCGTGGCCCCTCGATGCGCTTCTGGCACCGGCACACGAACACGCCCTACGAGCGTGGCTTCGCGCCCTGGAAGACCGAGACGCGGTGGTTCCAGGAGCCGGAGGTCCTGGCCACCTACGAGTCGCCAAGCGACCGGACGCCGACTTGGATCGAGGCCGCGGACGAGGGCTCGGAACAAGCGCGTCGGCGCTTGCGACGCAGCATGAACCAGCGCCACGAATCGATGTTGGTCTTCGGGGAGGGCATCCGGATCCGCAGCGACGAGTTGCGCCAGCAGCTCGAACGCACCGGCTACGTCGACCCCCTCGAGCTGGGCACGGACGACTGAAAAGGGTCCCAAAGGCAGCTGGTCCAGCAGGCGCCCGGCTTGACCGCGCCAGTGGGTCAGGACCTCGCGGCCGACCGGGGGTCAGGTCCAGGTCGGTCTGGGGCCGCCGGCCCTCGAAGGTCATGGTTGCGGTCAAGAGGCCCGCAGCCTCGAGCTTGGCCAGGTGCATCGCCGCCTCCAGCAGTTGGCCGAACATGTGGCCCGGAGCTTCGGCGTGGCCGTTGCGAACCGAGTGCCGCCTCCGATCGGCGCCTCAGACCTGCTGCGCGAGCCGCGCGGGCAGGGCGCTGCGCGTGGTCTCGGGGTGCCGCGCCGGCGGGGCCGCTCGAGCACTCCCAGCTCGCGATCGTGGCCCTGATCTCGGTCGAGGCGTCGCTCGCGATCGAAGTCCCGCTCGGGCTCGTGAGTCGCGACGTGGACCCGTTCGCGACCCAGACCGCGGGGAGTCGGCCCCGGCAGGTGCCAGTGAGGGTCGAATCACCCCCGGAGGCGACCGAACTCGACCGGCCTCAGAGGCTCACGACGGCACCGTCGATGACCCGGAAGGGCCGCTCGAGGCGCCGCGAGCCCTCGGCCACCAGCCAGTACAGGCCGCCCGCCGGCAGGTCGTCGCGCAGCACGCCGCCCTCTCGGCCCTCGAGCGTCCCGAGGGAGCTCCAGCCGTCCTTCCAGGCCCAGAGCTCGTAGCGCTGGCCCGCCGCCGTGGGCAAGGTCGCGCTGCAGGTGAAGTGCTCGCTGGCCTCGAGCGGCTGGACCTCGCCGGCTTCGGTCAGGAAGAAGGGCGGCGCAGCCGGGACCAGCTCGCCCGCGGACCAATGGGCCGGCAGGTAGAGCAGCCCGCCGTGCATACGGTCGAACAGCGCGTCGCCCGACTCGTTGCGACTCCAGTGGATCGCACGCCATTCGCCGCCGTTGAAGACGCACAGGTAGGAGAAGCGCTGCTCGCCGTCGGTGCGCACGGACACGTCGACGGTGTCGAAGTACTGGTCGGTGACGTCGCGGTAGGTCTCGCGATCCAACCACGGCGGCGCCGTCTCGCCCTCCGTCAGTTGGAAGGCCAGGTTACCGAGCTGCTTGGCGTAGGTCTTGCGATAGACCTTCGCCGCGCGGTTGCCGTCGGGGGCGTGGCCACGTCCCTGCGCGTCGAGGATCACCGGCCAGGCGTGGTTGTTGTCCCTGTGCCCCCACCAGGGCGTGTAGTCGGCCGCCGACGCCACCCCGGCCGCGCGCATGGCGTAGGTGGTCATGTTCGTGATGTCCTCGCAGCGGCCGCGGCCCTCGCGGGTCATCTCGGCGAAGCCCTGGTCCGTGGGGTGCAGGTAGTACAGCGTGGTGAAGCCGACGCGCGCGGCCGCCAACTGTCCCATGCGCGCGGCGACGTCGCCCGCGGCGGCGTCTTCGCCTAGCTCGGCCCGCAGTAGCGCGACCTCTTCGCGCAGGGGCGCGCGCCAGTCCTCGACCGGCTCGTTGCTGCCGCGGTGCGGCAGGATCGCCTCGCAGAAGGTCTCGAAGGTCAGGTCCCGCGCCCAGGGGTTTCCGCGCCAGGTCTCGAAGGCCTGGTCGATGTTGGCGACGAGCAGGTCCGTCGTGAGCACCTGCAGGTCCTCGACCAGGGCGCGCTTCTCGAACTCCAGGGGTCCGTGC
CP036296.1_gap103	4074383	4078736	4353	TTGCAGGTGCCGCACGTGCGAGACCAACATGATCCCGTTGCGCGCCGCGATGCCGAAGACCGAGATTAAGCCGATGATCGATGCGACCGAGATCACGGCTCCCGAGAGCCAGACCCCCGCCACGCCGCCGATCAGCGCCAGGGGCAGGTTGACCATGATCAAGAGCGCGTCGCGCATGGAGCGGAACATGACGTGGAGCAGGAAGCCGATGCCCACCACGACCAGCCCGCCGAGGATCGCGAGCAGTCGGTTGGTCTGCGCCGCGCTGGCGAACTGCCCGCCGTACTCGACGTAGTAGCCGGAGGGAAACTCCACCTGCGCCTCGATCGCCGCGCGGGCGTCGTCGACCACGCTGACCATGTCGCGCCCGGCGACGTTACACATGACAACGATCTTGCGTTGCACGTTCTCGCGCGAGATGAAGTTGGGGCCACGGTCCACGACGATGTCGGCCAGGGCCGACAGGGGCACGCGGGCCCCGTCGGGGGCGGTGACCAGCACTCGCCCCACGTCGGCGGTGGTCGCGTCGGCCGCCTGCTCCAGCCGCAGGGTCAGGTCGTAGGAGTTCTGATCCTCGAGGATCTGCCCCACGGGCAACCCGCGGAAGGCCGCGACCAGCGCCGCCGAGGCATCGGCCACGTGCAGGCCGTGGCGCGCGAGGTCCTCGCGCCGGTACTCCACGCGCACCTGTGGCACCTCGATCTGCTGTTCGGTCGAGAGGTCGACCACGCCCGCGATGCCACCCATGGCCGACTCCACACGTGCAGCCAGGCTGCGCAGCTCGACCAGGTCCGGTCCGAAGATCTTGACCGCGATGTTGGCGCGGGTGCCCGAGAGCATGTGGTCGACGCGGTGACCGATGGGTTGTCCGAAGGTGGCCTGGATGCCGGGGACCGCGGCGACGTCGGCGCGCAGGGCGTCGAGCAGCGCCTCCTTGGAGCGCGTCTCGAGTCCTAGCCGCGCCGGCGCCTCGAGGTCGAGCACCACCTCGAGCTCGCTGGACTCGACGCCCTGCACGTGCTCGTCCTCCTCGGCGCGTCCGGTACGGCGTCCGATGCTGACCACCTCGGGATGCTCCATGAAGGCGCGCTCGACCACGTCGGCGAGGCCGGAGCTCTCCGCCAGCGAGGTGCCCGGCAGGGTCACCACGCTGACCACCAGTGCGCCCTCGTTGAACTCCGGCAGGAAGTTGCGCCCCATGCGACTCCCTGCGATCACCGCCACGACGAACAGCACCACGGCCGGTGCGGTCGTCAGCAGGGGGAACCGCAGGGCCGCCCGCAAGGGCCAGGCATAGAGGCGCTTCAAGAGCGCCACCAGGGGCGGCTCGCCCCCACCCACGACCGTTCGACTGGTCGGCAGCAGGTACAGGCACAGGGCCGGAGTCAGGGTCAAGGCCGTGAACAGCGACGCGGCCAGGGAGACGCAGAAGGCCACGCCGAGGGGCCGCAAGAGGCGACCCTCCACTCCGGTCAGGAAGAACAGCGGCAGGAACACCAGCAGGATGATGAACGTCGCGAAGACGATCGACGTGCGCACCTCCACGCTGGCCTCGAACACCACCCGCAGGGCGGCGCGGCGCCGGGCCGGCTCCAGGGCGCGGTTATCCCGTAGTCGCCGCACCACGTTCTCCACGTCGATGATCGCGTCGTCGACCAGAGCCCCGATGGCGATCGCCATGCCGCCCAGGGTCATGGTGTTGATGCTCGCGCCACCGAACTGCAGGGCCAGGACCGCGACCACCAGCGAGACCGGGATCGCGAGCAGGGTGATCAGGCTGGCCCGGAAGCTGGTCAGGAACACGATCACGATCAGCATCACGATCCCGCCCCCCTCGAGCAGCGCCGCCGCGGTGTTGTCGATCGAGTTCTCGATGAAGGTCGACTGCCGGAAGAGCTTGGAGTTGATCACCATGCCCTCGGGCAGGGCCGCCGCGATCTCCGCCAGGACCAGGTCCAGTTCGCCGGTCAGGGCCAGGGTGTTGGCCGCGGGCTGCTTCTGCACCGCCAGCACGACTCCCTCGTGGGTGCTGGCGACCCAGTCGGCGTCGCGCATGGAAGCGGAGCCGATGCCGCGGCGGATCGCCGCGCCGATGCGGACCACGCCCAGGTCGCCCACGGTCACGGGCCGGCCGTCGCGTTGGGCCACCACGGTCGCGGCGATGTCGGCTTCCGAGTGCACGCGTCCGATGCCGCGCAGGACCGACTCGGAGCCGGCCTCCACCAGGAAGCCGGCGGAGACGTCCTCGTTGGCCTCGCGCAGGGCGTCGGCCACGTCGGTCAGGCCGACGCCGAACGCCTGCAGTCGCTGGCTGGAGAGCACCACCTGGTACTGCTTCTCCTCCCCGCCGATCGGAGTGACCTGCGACACCCCCGCCACCGCCAGCAGCCGCCGGCGAATCTGGTTCTTGGCCGTCGTGCGAAGCTCGAGCTGGTCGTGCAGCTCCGAGGTCAGCGAGACGAACATGATCTCGCCCATGATCGACGACACCGGCGCGAGGACCGGCGCGCCGACCTGCTCGGGTAGCGAGCCCACGACCGTCGCCAGGCGCTCGTTGACGGTCTGCCGCGCGCGGTAGATGTCGGTGCCCCACTCGAACTCGATCCAGACGACCGAGATCCCGACCGCGGTGGCCGAACGCACGCGGCGCACGCCGGTGGCACCGTTGACCGCCGTCTCGACGGGGAAGGTGACGAGCGTCTCGAGCTCTTCCGGCGCCATGCCGTGGCCTTCGACGATCACAGTCACGGTCGGCGCCGTGAGGTCGGGAAACACGTCGACCGGCATCTTGACGGCCGACCAGGCCCCCAGGGCCAGGAGGATGCCGGAGACGAGCAGGACGGCCAGGCGTTGGCGCAGGCTCCACTGAATCAGAGCGTTGATCATGGCTGGCTCCGAGGCGTCAGTGGGCGTGGCCGTGGCCGAATTCGGCGGGAGACGCCGAGGCCAGGCGCAGCAGGTAGGCACCGGCGGTCACGACCCGCTCGCCGGGCTCGAGCCCCGCGCGCACGCTGACCAGGTCGCCGTCGCGCGGGCCCAACTCGAGGTACCGCTTCTGGAAGGTCTCGCCGTCCAGCAGCACGAAGGCGATCGGTTGGCCGCTCTCGGTGACCACGGCCGTGGTCGGCACGGCGACGGCTTCAGCGGCGCTCCCCGTCGCGAGTTGGAGGTCCACGTACATCCCGGCGCGCAGGAGTCCGTCGGGATTGTCGGCCGCGAAGCGCAGGGCCACGGTGCGCGCCCCCGGCTGCACCTCGCGGCCCACGCTGACCACGCCCCCGTTCAAGTCGGCGACCACGTCGAAGCGTCGATCGGGGAAGGCCGGGATCTCGAGCAGTGCGCCCAAATCGTCGCCCACGGCGGCCAGGTCGAACTCGGACACGTTGGCCACCAGCCAGACCCGCTCCAGATCCATCAAGCGGAAGATCGTGGCTTGGCTCGCCACCGCTTCGCCGCGCACGTGGCCCACTTCGACGACCTCGCCGTCGATCGGGGCGACCAGGGGCGCCCGTCCGGGCACCTCGGCGGCGGTGGTCGCGATCGCGGCGTCGGCACGCAACTGGTCCAGCCGCGCGCGAGCGCGCTCCACGGACTCGGCCAGGGCCAGGGCCCCTTCGATCTCGCGCGACGCGAGCTCGACGTCCATGCGCTTCTGGGCCAACTCGCTCTCGGTGCCCAGGTCGGAGGCTCTCAAGGTCTCGGCGCGCTGGAGGGCCGCGCGCGCGAACTCCAGGCGCGTCTGGGCACGGATCCGCGCCTGCTCGACGTCGACGGAGCGGGCCTCCAGGTCGAGTTCACGCCCCATCAGGTCCAGCTCCAGTCCGCGCAAGCTGGCTTCGTTGGCCACCGCGGCCGCGCTGTCGCCGATCGACAAGGGTGGATCCAGGAAGCCGAGCACCTGACCGGCCACGACCCGCTCGCCGATGCGCGGCAGGTCCCCGGACTCGGGGGCTGCGAGTCGCCCGTCGAACGGCGCGCCGACGACGGCCAGCTCGCCCTGGGGCACCTCGACCACCCCAGGCACCCGCAGGCGTTCGGTCAGGGTGCGCCGCTCAACCACCTCGGTCCTCAGCCCGATGCGCCACTGTTGCTCGAGCAGGAAGTGGGTCACGTCCGCCGGTTCCTCGACCTCCTCGGCCTCGGCCGCCGCGTGGGCGCGGGCCTCGTCCGGATAGACCAGCACCTGCTCGATGGGGATCGTGGCCCGGACGTCGGCTCCGTCGACGATCAGGCGCGCCGCGTAGATCGCCGGATCCTCGATCGCACCGGCGGGGATGAAGATCCCGGGCACCTCGGCTCTCTCGGCGACGAGCGTCACCTGCTGGCCGCCGTCGCCCGACAGTTCGAGCCGCA
CP036296.1_gap104	4083703	4086076	2373	CCCTGTGGAACGCGGTCAAGGGTGTCGAGGTCTTCGAGTGGGTCTGGATCGAGGGCGAGTTCGGGCACGTCATGCGCCGCCCGGGGCTGCGGGTGCAGGTCGACCCGGCCCCACCCGACCAGGTGCCCACCCGCGACCTGCGGATTCTGAACGGCACCCAGGCCAGCGGGCAGAGCATGCCGCACCTGTCGCCCGCCGACGAGCGCGGTGCCCTCGAGGCCTACCTGTCGGTTCGCAAGCAGGTTTACGAGGGCGCGACGGAGCCGATCGACGCCCTCGGGGGCTGAGGCCGAGGGAGCGCGCGGACGTCGACCGACAGTGGTCGTTGCGAATCCCCGCGACGCAGGTCGAGCGGTTAGAACCGGGTCCGATTGATCCGTTCCCGACCACGCCACGACGCGCGATGATTCAGAAGACTCCAGCCCTCGCTCTTACGCCCCTCGCCCTCGGCTTGCTGATCGCCGTCGCACCGGCGCAGACGCCCCAGCGCGGACTGACCCTGTTCAACCCGAACGCCGACACGAACACCTACCTGATCGACAACAGCGGTCAGGTGGTGCACTCCTGGGCCTTCGGTCAGATGCCCGGCAACACGGTCTACCTCGAACCCGACGGCACCCTGCTGCGCTGCAAGCAGGTCGCAGGCGGGCTGACGCTGGGCGGCTTCGGCGGCGGCATCCAACGCGCGGCCTTCGACGGCACGTTGACCTGGGACCTCAACCTAGCCAACGCCCAGATCCACCAGCACCACGACGCGATCTCCTTGCCGAATGGGAACGTGCTGACGATCGTGTGGGAGCGGCTGAGCGCGGCCGACGCCATCGCCGCCGGCCGGAACCCCTCCACCCTCGCCGGCCCCAACTGGATCCCCGACGCGATCGTCGAGTACCGCCAGACCGGACCGAGCACGGGCGTGGAGGTCTGGCGCTGGCGGGCCATGGACCACCTGATCCAGGACTTCGATCCCACCAAGGCCAACTTCGGCGTGGTCGCCGACCATCCCGAGCGTCTCGACATCAACTTCCCGCCGACCGGCCCCCCGACCGGGGAGTGGCTGCACGTCAACTCGGTCAGCTACGACCCGGTCTTCGACCAGGTGCTGATCAACTCACCCTTCCGGGGCGAGTTCTGGATCGTCGACCACAGCACGACCACGGCCGAGGCGGCGGGCAGCACCGGCGGCAACTCCGGCAAGGGCGGAGACCTGCTCTACCGTTGGGGCAACCCGGCCGCACACGGCGCGGGGACCGTGCTCGACCAGAAGCTGTTCAATCAGCACGGCACGAAGTTCATCGAGCCCGGTCGACCGGGCGCCGGCAACGTGCTGGTGTTCAACAACCAGGTCGCCGGCCCGCCGCTGCACTCGGAGGTTTGGGAACTGGAGCGCCAGGCCGACGGCACCGGTGCCTACCCCCTGGCGCCGGGCGCGATCTGGGGCCCCGCCGCGCCCGTCTGGACCTACGTCGCCCCGAACCCGGGCGACTTCTACTCGGGCTTCCTCTCCAGCGCCCAGCGCCAGCCGAACGGCGACACCCTGGTCACCAGCGGAACCCAGGCCTGGTTGTTCGAGGTCACGAACGCCGGCGCCAAGGTCTGGGAGCACTTCAACACCTTCCCCGCCGTCGGCGGAAAGATGGTCTTCCGCTCCACCCGCTACGAGCACTACCTGTGGTCGGACGCGGCCGAGGTCTCGGCGGCGAGCGGCGCCACGGTGGGCTTCGACCTGCTCGCCGGCTCGGACTTCGCGGGACACGTCTACCTGCTCCTGGGCTCCGCCAGCGGCACGAGCCCGGGCCTGCCGATCGACGGCGAGCTGCTGCCACTCGTGACACCCGATCCCTACTTCAACTTGACCCTCGGCCAGCCGAACGTCGCGCCGTTCGCGCAGACCCTGGGCGTCCTCGACGGACAGGGACGCGCCAGCGCGAGCCTGACCGTCCCCGCCGGTGCGGTCGGAGCCCTGGTCGGCGTGACCCTCGACCACGCGTTCGTCGCCATCGACCCGGTGGGCTTCGCAGTCAGCTTGGCCAGCAACTCGCAGTCGTTGACGATCGTGCCCTGAGCGGACTGATTCCGTTCCGCGTCGTCCCAACTACGGGCCGTACGGTGCCGGGATCATTTGTCCCACCAGCCGCCAGTGATGCTGCGGCTCGCAGCAACACTGGCGGCTGGTGGGACAAATGATCCCGGCACCGTACGGCCCGTACGTCCCAGCAAACGCAAACCGGCCGGCAGCCCCGCGAAGGGCTGCCGGCCGGCATTGACCTGGGCGCGTCGGCGCCGGGGTCTCAGAGCGTCGCCGGCTCGGATGAGGCGACGAACTGCAGGGTCAGGGGCGAGAACAGCAGGGCCTGGAGCACGGCGATGCCGGTC
CP036296.1_gap105	4087091	4089441	2350	TCTCGAGCTTCCATTGGTCGACGGGCGGGACCGACTCGGTCTCGATCACGATCAGGCCGTTCTGCTCGACGTAGCCGGCGGCCGGCGGGTTGGCCAGGGTCGCCGGGTCGAAGCGGTAGATGGCGCTGGAGCCGGCCGGCGCGGGGACCTGGTCCGTCCGCGTGCCGACCAGCAGCCCGCCATCGGGAGCCATGGCGACGGGGCCGGGCGCACCACCCAGAAGGGCGATGGTGGTCGTGTTGCCGGTGGTCAGGTCGAGGCGCGAGAGCACGTCGCCGCTGACGATGATCGAGCTGGGTGATTCCCAGGCGGCGTCGAAGTTGCCGGACAGGGTGGCCAGCTTGGTTCCGCCGCTGAGGTCCAGCTCGAAGCGAAAGATGTCGCCCGAGTCCCGCTGGCCCGCGATCACGAAGGTCTCGGTGGGATCGATCAGCACGAACCCCGCCTCGCCGATCTGGTCGAACTTGCCGAGCGTGCCGTTGGAGGTTCCGGCCGCCCAGAAGCGGCGCACTTGGAAGCCGTCGTTGCCGACGGACTTGCCGTCGGAGAGGGTCGCCACGGCCTGGGACGGCACGACGTGCGACGGAAGGGTCTCGAGGCCGAAGCCCGGGAGGGGATCGTCGAGGGTCGGAGTGAGACCAGCAGCGGGGAGCGCGGTCAGCGAGAGGGCGGCGGTGAATGCGCAGGCAGCACGAATCATCGTCGAAGCAGGGGTCGGGAACATCGCGAGGCGCCTTGGGAGGAGTCCGTCCGGCGGTTTTCGAGCGGAACAGTCTAAGAGGCCACAATGTGGCCCGTCCCGCTCAACCATCCCTCGTGAGTCACGCTGGGCCCAACGAAGGTCTGCCTTTACTCGGATAGAACCTCGAATCAACCGGGAAGGACCTTCCGGCGACTCTCGAACCAACTTTCCAAGGGCTCTCGGGTGCGACGACCAGGAATCGGCGCGGGTTCAAGGGAGTTTCAGGTCTCGATGAGAACCGGCGGATCCGAGCCTCGAAACTCCTCGCCGCGAGCCCTCACCAGAGGAATGTGCCGCCGGGCTCCAACACCTCGGCCGTGACCCGACGCCCTCGCAGCCCGTGCCAGGTACCCAGGGCCTTGGCGATCGCGCCGCGGGCCTCGCCGCGGAACAGCGAGCGCAACAGCACGAGCGGCCAGGTCAAGACGTCGTAGACGAGGAACCGCAGCCAGCGCACCGGCGTCCCGTGCCGCCGCAGGAACCACGGCGTGTTGACGGCCATCATGTACTTGCGGCGCGGGTTGTAGCCCCCACCGGTCGAGGTGTGGGCGTCGTGGAAGACGTGCACCGGCCCGAGGCAAACCACCCCGAAGCCCTGCTCCACGGCCCGCACGCAGAAGTCCACGTCCTCGTGGTAGGCGAAGAGGTCGCCGTCCAAACCCTCGAGCTGTTCGTAGACCGAGCGCCGCGCCAGGAGCGCACAGCCGGCCACGTAGTCGACCGCGGTCGTCGCCTGCCACGGCTCGCCATCCGGCTGGCGGTGGCCACGCAGGGTCGAGAGGTTCTCGCGGAAGGTCAACATGCCCCCGGCGGCCCAGACCAGGTCCGGCTCCTTCTCGTAGAGCACCCGCGGTCCGACGATGCCTACGTCCTCGTGCTCGACCAGGTACTGCTCCAACCGCCGCAATGCTCCGCGAGGCACTTGGACGTCGTTGTTGACCAGGAACACCGCGTCCGCCCCCCTGTCGAGCGCGATCGCCACGCCCCGGTTGCAGCCGTGCCCGTAGCCCTCGTTGGTGTCGTTGCGAACAACCGTCAGCGCCGGATAGCGCTCGAGCACGCGCTCCAGCGAGCCGTCGACGCTGGCGTTGTCGATGAAGACGATCTCCTCGGGCTCGAGCTCCTGATCCAACAGGCTCGCGATGCAGGGCAGGTTCGCCGCCCCACCGTTCCAGTTCACGACGACCGCGAAGATCCTCACTCGGAGCGCTCCGATCCCGGGTCGACCGCGAACACCCGGCTGCGCGCGCTGCCGCGGGCGAAGCGCGTCTCGAGCTCGTCGCCCACCGACAGGTCACTCCCGTCGCGCACCGCGACGCCGGCAGCGTCGTTGGTGATCGAATAGCCCCGCGCCAGCACCTTCAGGGGCGAGATCGCATCGAGCGTCCCGGCCGCCAGGGCCAGCCGCCGATCCGCGCGTTCGAGGGTCGTCCGCGCGCCGCCCTCGAGCCGCGGGGCCAGGGCCGAGAGGCGCCGCTCCCACAGCTCGACCCGAGCACGGGGACTCACACGTCCCAGGCGGTTGGCCAGGGAACCCAGCCGCTCACCCGCCCGACCGAGGTCGCGCGCCGATGCGGAGTGCAGACGCGCCAGCAGGTGGCGCAGCTC
CP036296.1_gap106	4133769	4136277	2508	CGTGAACATGTCTCGAGTGCCTGGTCACTGGGCACCTGTACCGCGGGCGCGCAGCGGCCCGCACTAGACCGATGGGCCCCGCCGTCTCTGGCCAGCCATGCGAACGACCATCCTCGGCCTGCTTCTCCTCGCCTCCTGCGCCGCCTGGCACTACGACGTCGATCAAGCGGCAAGCCCCTTGGCCACCGACCAGCGGCCCGCCGGTGTCGTTCCGACGGTGCAACACTAGGGCGGGATGCGGACGGTCCTGCGGGAGGGGCGCACCGAAGGCCGCGTCGACCTCATCGACGTCGTTGGTCCGACGACCGTCGCGGTCGGGGCCCTGGAGGGTCTGGTCGGGGAGATCAGGGTCCTGTGCGGCGTCGCCCACCTCGCCCAGGCCCAGGACTCCGCATCGGTAGACGGCCTGCTGGTCCGCAGCGCTGTCGATGGCGACCGAGCAGCACTTCTGATCGCCGCCGCCGTCGCGGATTGGAGTGAGCACAAGATCGGTTCGGTCATGAGCCTTGCCGAGCTCGAGTAGCGGATCGCGTCCGTCGCCGCCGATCAGTCCATCGACTCCAACCCCTTTCCCTTCCGGGTCGAGGGCACCGCGAGCCAGCTCGAGTTCCATGTCCTCGACCACTCCAGCCCGATCGCCCGCCCCGACGGACCTGCCCCATGGCGCCTCTCCGGCGAGGACGAGAGGGTCGTCCTGGTCGGGTTCTACGCGCGGGATGCCGGCGGCGTCCTGAGCCACCACGGGCAGACGACGCACACCCACGCGATCGTCGAGCGTAGTTGGGCTTCAGGGCACCTGGACCAGGTGTACTCCACGGGCGGCGCCACGCACTTCTTCCCGTTTCGCTGAGCTGGGGTCGCCGATGCTTGCAAGTGGCGCGGGCCGGCGCGGAATCATTCCCAGCCGGCCCGCCGACGATCCCTCAGGGCTGCCCGACCAGGATGTCGAGTCCGTTGGTGAGCCGGATGCCCGCAGTCGGCGTCAACGCAGCCCCCTGGCAGGTCAAGTATGCCCCGACGAGGGTGCAGGTGTCGGGCAGGCCCACGGCGAACGGTGCGCCCGGCGCGGTCGCCGACAGGAGCACAAAGGGTCCGCCGAGATCGCACAGCAGGGTCCCCTCGACTCCCAACGGGAGGTTGGCGGGGATCGCACCCACCAACAGGAAGTCGGCCACGGCGCCCGGCTCGAACGTCGAGTGGTCGATCGAGGGTGACCAGATCGAGCCGACCACGGGCTCGGCGCCCGTCGTCGGTTGGAGCGCGGCGGGGTTGGCCGGCAGCCCGCTGCGGACAACCTGCACTGGCTGGACGGCCTGGTTCCCGCAGCCGTCGATGGAGAAGACCACGTCGCTCCCGTCGGAGCTCGCTTGAACGCGTCGGTCGCGCGCGATCACGCGCACCCGCACGTCGGCGATGCCGTCACTGGACGAGAGGCGCCAGTCGTAGGCGAACTGGGTCGCGGGGAGATCGTCGATCAGCCAATGCCAGGTGCGCCCGCCGTCGTAGGAGGCCTGGAGGTCGAAGCCGCGCAGGGCCTCGTCGTCGGAGACCGTCCAGGTGACCGCGACGATGCCGCCGGAGTGATAGGCATCCCCCGCCGACGGCGAGGTCATTGCAACCATCGGCGGCGCGTCACCGATCCATGGGTGCGGGCGCAGCTCGAAGTTATCGCTGAAGTACCAGCGGTCCTCGCCGGCGCAGAACAGGGCGTAGCGCGCCAGGTCCGTGCTCGCGGCCGGCACGCGGTCGGAGAACATCGGCTGCTCCAAGCCGTAGCCGAGGTCGACGAAGGTCCCGAGGTCCTCGAGCTGCAGGTACAGGTTGCCCCAGACGCCACCCCACGCCAACGAGTACGGCTGGCCCACGGTGACGCCCGAGGAAAGGTCCGTCTCGAAGGCGAAGGGCTGCTCCCCGTACTCCGCGTCGAAAAAGAGCACGTCGCTCCAGCCCTCCTGACCGGCGTCGTCGACGGCCACGATGCGGAACGCCGACGGGTTGATGTTGGAGGACGGCACGGGATCGGGGATCGTGACCTCGAACGACCGCGCGAGCCCGGAGATCCCCTCGACGATCGGCGCGAGGCCCGGATTGTCGCCGTGCGCCGAGTACTCGATGCGATGGGACACGATCTCACCGTCGTCCTCGACCGTCCAGCGCAGGTGCAGCTTGCTACCCGGCTCCAGCGAGCTGGTGATGCGCGGCACCCGCACGACGGGCGGGTGGTCGTCGAAGTCGGGCGGCGTCGCGAGGAAGCGCAACACCCCGACCGGTCCCTCGACCAGATCCCCGGAGCCGCCGGGGTTCGAAGGGTGCTGGGGCCCGTCGGCGCCGCCCCAGTAGGCGCCCTGGGCCTCGTCCTCGACCGGCTCGCCGCTCAGCACCTCGCTCTGGACGGCGATGCCGTTGCCCTCGAACCAGTTGGGGTTGGGATCCGCCTCCAGGTGGGCGCTGCCGAGGCCGGTGGCGCGCGCCCCGATGGCGTTGTCGAGGATGCGGGTCTTGCCCACC
CP036296.1_gap107	4138818	4141238	2420	GCTGGTGGGGTTGACGCACCGTCGTTGGACGACGGCGAGTCGTCCGGAACGGCACTCGCTCGAGCCCGGCAGGCAGGAGATAGTGGAGGCAAGGTGGCAGGGTTACACCTCTCTGCTCACGGTGTCCGTAACCCAGAGCTCGATAGCGGGGAGCTGACCCTCACACCGGCCTGATCGAATGACCGACCACACGAAGCCGTTGCATAGCAGCACGGCCCCCCCATGCGCGCCTACGTGATCCACGCCCCCGGTGGCCCGGATGCCCTTCAACTGGAGACGACTCCCGACCCCGCGCCGAAGGAGGGTTGGGTCCTGATCGACGTCCGCGCGTTCGGTCTCAACCGCTCGGAGTGGTTCACCCGGCGAGGAGACTCTCCCTCCGTCAGGTTCCCTCGTGTGCTCGGAATCGAGTGCACCGGGGAAGTCCTCGACGCCGGCGGCACCGACCTCGTCCCCGGCACGCGCGTTGCGGCACTCATGGGTGGCATGGGTCGCGAGTTCGACGGCAGCTACGCGGAGAAGACCCTGGTGCCGCGTGACAGCGTGTTCGCCCTCCCCAACGACCTGCCCTGGTCGCACTTCGCCGCCCTGCCCGAGATGCTGCAGACGACCCACGGGTCGCTGCACAAGGGACTCGAGGCCCGCGCGGGAGAGACGCTCCTCATTCGCGGTGGGACGAGCTCCGTCGGCCTCGCCACCCTGGCGCTCGCGAAGGACGCCGACATGACCGTGATCTCGACCACCCGGTCGCTGGAGAAGGAGGACATGCTGCGTGCGGCAGGCGCGGACGACGTGATCGTCGACACGGGCGAGATCGCCGGAGAGATCAGGCGACGAGCCCCGGGTGGCGTCGACCGCGTCTTGGAGCTGATCGGAGCGACGACGCTCCTCGACTCCCTGCGCTGCACCCGCCGCGGCGGCGTCGTCTGCATGACGGGCATCCTCGGAGGGTCCTGGACGCTCGACCAGTTTCACCCGATGGGCGACATTCCCACTGCGGTGAAGCTGACTTCGTACGCCGGGGACGCAGGCGACATCACAGCCGACTTGCTCTCGTCCTACATCCAGAAGGTGCAGAGCGGGTCGCTTTCGATCCCGCGTGGACCCGTGTTCCGATTCGATGAGCTGCGCGAGGCGCACACGCTCATGGACGACAACAAGGCCAACGGGAAGATCGTCGTCACCCTGGAGACCCCGTGAGCCGTTCGCTCGAAGTCTCGATGTCGCAGAGTGCGAGAGAGGTGGTGACCCCGAGGGGATTTGAACCCCTGTTACCAGGATGAAAACCTGGTGTCCTAGGCCTGACTAGACGACGGGGCCACCGGTCGCGCGAGCGGCTTGCCGCCCTGCGAAGCGAAGAAGTTAGGGTCCCCTACCGGGGGCTGTCAACGCGGCGCAGGCCTAAATTGACGGGGGTCGGGTCGCGCGCGGGATCGGAGCTCGGAGCTGTCGTCGAGGGGCCGGCCCGCTCAGCGCAGGGGCGGTTCCCAACCGGCGGCGGCGATGCGGGCGAGCACGTGGGCGTACTCGCGCTCGAGGCCGTCGACCAGGGCGCCGGTGCCGCGTGCTTCGTGGGGCAGCACATTCCAGGTGTAGGTCTCGATCTCCACGTGCAGCTCGTCGAGGCCCCACAGGCGCGGCTCGGCGAGCAGGTGGCCCAGCATCTGGTCGGCGTCGGCCAGGGTCGTGGTCAGGCCACCGGCGCCTTCGAGGGGGCCCGCGAGATCCACCGGCACGTGGAAGTGGCAGCGCCACTCGCGCGCGGCGTTCCAGCGCTCGCGGCCGGCCTCGTCGAGGGCGGCCAGCTCGGCGATGTCGCCGCAGCGCAGCACGCCGCCGCCTTCGCTCTTGGCCGTGACCTGGTGCAGGTAGACGGGCTCGTCGAGGGCCAGGAGGCGCTCGCGCCCGGACTCGTCAGAGCCGGGGTCGGGCAGGCGCAGGGCGCTGGAGAACTGCAGCTTGCCGAGCGGCAGGCCGACGGAGTTCGCGGCGCCGCAGGCGCGCTCGAGGTTCTCGAACTCCACGGCGGCGTGGCAGGCGTCCAGGCACAGGCCCATGTAGCGACGCACGCGCTCGCGCACGTAGCCTCCACCCAGGGCCCGCGCCACGTGGTCGACGGTCGGGGGCACGTCGGCGGACCACTCCACCGTGTCGTTGGCGCAGGAGCGTGGCTCGGGCTCGACGCTCAGCACCATGCGCGGCGCGCCCCCGCGCTCGAGCTCCTCGAGTTCCGCCACGGCCGCGGCGAAGCCGGGCGCGCAGCGCTCGATGGCCTTGGCCGCGTGGGCTTCGGTCGAATGCATGCCCGCGTGGGTACTGATCGACACGTGGCCCGGATCGTGGCGCTGGAGCCCGGCCGCGATGCGCGCAACGCCGACCGTGTAGGCGGCGCGCTCGGCCTCGTCCCAGCGGGGCCGGAA
CP036296.1_gap108	4147127	4149398	2271	GCCGCCGTGTCGGTGGTGAAGAAGGGGTTGCCGGTTCCTCCGCCCAGGATCACCACCCGGCCTCGCTCCAGATGCCGTAGGGCCCGACGCCGCACGAACGGCTCGGCCACCTCACGAATCTCGAGCGCCGTCATCAGGCGCGTCGGTGCGCCGGCGGCCTCGATCGCCTCGCTCAACGCGACGCCGTTGATCACGGTGCCGAGCATACCCATGTAGTCCGCGCTGGCCCGGTTGGTGCCCAGCTCGCTGAACTGGGCCCCGCGCAGGATGTTGCCCCCACCGCAGACCAGAGCGACCTGGACGCCCAGGCTGGCCACGTGGGCGACCTGCGCCGCCACGCGCTTGACTGCGTCGGTATCGAGTCCGTGGCCGGTTTGGGGATCGCCGAGGGCCTCGCCGGAGAGCTTGAGGAGAACGCGCTGGTAGGGCATCGGGGGAGTCTCGTGGGGGGCTGCGAGAGTCGGGATGGTCGGGGCCCGCGGTCGGCGCCACGGTCGGCGCCACGGTCGGCGCCACAGTCGGCTCTGCCGCCGCGGTCGTGATACGACGCGCGGCCCAACCGTCGGGGACGGTCGGACCGCGCTTGGTGGTCAGGTATGGCGACCTGGCTCGATCACACTTCCATCAGGGAGAAGAACTCCACCTCGGAGTCCCCACCCAGCTCGGCCTTGACGGCCTTGGCGACCGTGAGCTTGTCGTCGAAGATCCAGGCCTGGTCCACCAGGCAGCGATCGGAGAAGAACTTGCTCATCTTGCCGTCGATGATCTTCTCGCGCATTTCCGCGGGCTTCTTGGCGAGCTCGTCGCTGTCGCGGAAGACCTCACGCTCGCGCTCGATCACGTCGCCGGGGACATCCGCGGCGTGCAGGTAGGCCGGCTTGGAGGCGGCGATGTGCTGGCACAGTCGCACGAGCATCGCCTTGACCTTGTCGGCGTCCGCCTGGGACTTGATCGCCGCAAGGGCGCCGACCCGATGGTTGTGGTGCACGTAGGACCCGACGTAGCCGTCTGAGGTCGTGAAGCGCGCGGCGTCGGCGACCCGGATGTTCTCGCCGAGCTTCCCGATGGCCTGTTGCACGTGCTCCTCGACCGTGACGCCGTTATCGACGGTCATGCTCGAGAAGGCCGCGGCGGCTTCCTCACCCGAGGGCAGGTCGCCGTTGAAGGCGGTCTCGGCGAGGTCACGCATCAGGGTGGTGAAGTCCTCCGTGTTGGCCACGAAGTCGGTCTCGCAGCGGATCGCGATCAGCGAACCACAGCGGGCGTCGTCACCGATCTTGGCCGCCACGCGACCCTCGGAGGTGTCACGATCGGCCTTCTTGGCGGCGGTCTTCAGGCCGGATTTGCGCAGATGGTCGACGGCGCCTTCGAGGTCGCCGCCCGAGGCCTCGAGGGCCTTCTTGCAGTCCATCATCGCCGCGCCGGTCTTCTCGCGCAGCTCGCGGACCAATGCAGCCGTAATGGCCATGGTGCTCGTCTCCTGATGGATCTCCAGGCCGGCTGTGCCGACGCTGTCGACCCGGGTGTCGGGTGAATCGTGGGTTACGGTCGCGGTCGCACCGGCTTCGATGCAGCCGCCCTTCGTGGAGCCAGCCACCGGGACTGAGCCGCCGAGGCCCGCCCGCGAGGGGTGGCCGTCGGGGCGATCCCGGGCGCGTGGCAGGAACGGGCGCGCGATCGATGATCACGCGCCCTCTTCCTCGGATCAGTCCTTGTCGGCCTCGACGCTCTTGACGGGCGTGGCCGGCGCGTTCAACTCCGCCGCGTCCGCATTGGCCGCGGGACGGTCGACGGTCGACGGCGAAGCGGAAGCGACTTCAGCCGAAGTAGCGGCTTCGACAGGCTTGGGGGCGCCCGCAGCGGCGGCCGAACCACCGGCGACCGGCGTCTCGTCCGCGCGGCGCGGGGGCGGCACGTTGCCGCGCGTCGGGCGCGGCTCGTCGCCGACGGGCGCGTCCTCGTTGCGCTGGGCCGAACCCACCGCGGCCAGGCTCTCGCGAGCGTTGGCGGCACCTTCCTCGACGGCCGAGACCAGGTTCTCGACCAGCAGGCGCACCGACTTCAGCGCGTCGTCGTTGCCGGGGATGATGATGTCGATGCCCTCGGGATCGCAGTCCGTGTCGAGGATGCCGATCACGGCCAGGCCCATCTTCTTGGCCTCGCGCACCGCGTTCGCCTCGCGGCTGGGGTCGATCACCAACAGCGCGCCGGGGATGCCGCTCATCTCGCGCACGCCACCGAGGTTGCGCTCGATCTTGCGCTTCTCGCGGC
CP036296.1_gap109	4246244	4251094	4850	ATCGCCGCAACCGCGCCCGCGCCCAGGCGCACGTCCGCCAGGTGCTCCTGGCCGCCGACCTCGACGCGGCGGGCGCTCAGGGCGACGACCACCTTGCTGATCGCCTGGGCCTCGCGGGTGCCGACCTTCTTGAAACCCTGGAACTGGTCGGGCAGCGCGTGGGGCACGCGCACGCGCACGATCAACCCTCCGGGCTCGAGGACAGTCTCGCGGTAGCCCCGGTGGAAGTCCGCATAGGACACACGCCGCTCGCCGGAACTGCTCGCCAGGACCAGCTCCGCTCCCAGGGCCAGGAGCACCGGCAGCGAGTCCCCGACCGGCGAGGCGTTGGCGATGTTGCCGCCGATGGTCGCGCGATTCTGGATCTGCCAGCCGCCGATCGTCGCGGCGGCCTGGACCAAGATCGGCGCGTGCTCGGCCACGAGCGCCTCCCTGCGCAGTTGCGAAAAGCTCACGGCGGCACCGATGTCGATCCAACCGCCGTCGTCGCGTACGCCCGCCAGTTCGGGCAAACGCTGTAGATCCACCACCGCGCCGTGACGGCGGCCCGTGGCCGTGTCGACCACCATCAGGTCGGTGCAACCGGCGACGGCGACGGCATCGGGCGCCCCCATGGCGTCCAACGCTTCGGCCAGGCTACGAGGCCGGAAGGTGCGGGTCACAGCGCCCCCCGTGGGCGTTGGTCGACCAGCTTCTCCACCGCGCGGAAGATGCGTTCGTAGCCGGTGCAGCGGCACAGGTTCCCGGCCAGGGCCTCCCGAATCGCGGCGCGATCCGGCCGCTCGCTGCGCTCCAAGAGGACCGCGGCCGTGAGCACGATGCCCGGGGTGCAGGCGCCGCACTGGACGCCGCCCTCGGTGACCATCGTGTCCTGCAGCGCGGCCAGGCCCGGGACGGCGGTGGCATCCTCGATCGTGCGCACGTCGCGCCCCTCGACCTGGAACACCGGTACCAGGCACGAACACACGACATCGCCGTCGAGCAGCACGCTGCACGAGCCGCACTCGCCCTCGCCACAGCCCTCCTTGGTGCCGACCAGGCCCAGGGACTCGCGCAGCACGTCGAGCAGTCGCGTCATGCCGTCACCGACGAAGGTGCGCTCCTCCCCATTCACGCTCAGCGTCCAGCCCTCGCTCATCGCAGGCCCTCCAGCGGCTCTCCGGCCTGCAGCGCGCCCGCGACCGCTTCCGGCCCGAGGGTGCGACCGGCCAAGAGGTCCTCGAGCAGCACCTCGGGCGTGGCCGGCGCCCGCGTGGCCACGATCCCCGTGGCGTTCTCGATCGCAGCGACCAGGGCCGGCCCGCCGCCATCCATGGGCAACTCGCCCACGCCCTTGGCGCCCTGTGGACCGGAGCGCGTCGGGTTCTCGATCAGGATCGTGTCGAAGTCGGGTGCGTCGACGGCGGTCGGGATCACGTAGGTCGACAGGCTGTCCTGCAGCGGCCGGCCCTCGGAGAGGCGCAGGTCCTCCAGATGCCCGAAGCCGAAGGCCTGCAGCGACCCGCCCTCCACCTGTCCCGCACACAGCACCGGGTGGATCGCCTTGCCCACGTCGAAGACCAGGGTCGCGCGCTCGACCCGCGTCGCCAGGGTGTCCGCGTCCACGCGAACCTCGGCCACGTGCACGCCCCAGCCGTAGGCCGAGTAGGCCGTGCCGGTGTAGGTCGTCTCGTCGAAGGTCTGTCCGGGGGCGGGTTCGAAGCGTTCCTCGACCTCCAGCTCGCCGTGCTGCGTCAGGTAGGCCCGCGCCAGCTCGACGAACTCGGCGGGCGAGGCCGGCGGCGCACCACCCTGTCCCAACTCGCGCACCAGACGGCGCCCGGCCCGCTCCAGGATCCCGCCCACGACCATCACCGTTCGCGAGGCGACGGTCGGACCCGAGTCCGGCACCTTGGACGTGTCGGGATCGACCACCCGCACCATCTCCGTCGGCAGGCCGAGGGCGTCGGCGACGATCTGCGACAGGACGATCGTCGTGCCCTGGCCGAAGTCGCAGGCGGCCACGCGCACCTCCACGCAGTCGGGGGCGACCAGGGCCAGGCGCACGGGCGAGCGCATGCGCTGCTCTCCCTCGCCGGTGAAGCCCGCGCCGTGCCAGGACAGGGCCAGGCCGATGCCGTGCAGCGCGTGACCTTCGCCGGACGCGCGCGCGTCCTCGATCTCATGCCAGCGGCGCTTGAAGTCGGTGCGCGCCTGCGCGGCGGCCAGGCACTCGAGCGCGCTGACGCTCTCCTCGAGCACCTGGCCCGTGGGAGTCACGTCGCCCAGGCGGTAGGCGTTGCGTTCGCGCAGGGTCAGGGGGTCCGTGCCGATCAAGCGCGCGATGCGGTCCATCTGGCGCTCCACCGCGAATTGGGTCTGGGGCGCGCCGAAGCCGCGGAATGCCCCACTGGGCACCGTGTTGGTGGCGAGGGCGCGGCCCTCGATCCGCACGTTCGGACAGGCGTAGGCGCCACCGGCGTGCAGGACAGCGCGGGAGAGCACGACGCCCGAAAGGGTCGTGTAGGCACCACCGTCCAGGATCACCTCGATCTCCATGGCGCAGAGCTTGCCGGCGGCGTCGACGCCCGTGCGGTGGCGCACACGCGAGGGATGGCGCTTCGGCGTCGCCTGCATGTCCTCGTGGCGGTCGTAGACGATCTTCACCGGCCTGCCCACCCGCCGCGCCAACAGGGCCGCGTGGGCCGCGATGGCGTCGGGGAACTCCTCCTTGCCGCCGAAGCCGCCGCCGGTGGGCGCCTGGCGTACGCGCACCGGCTCGTCGAAGAGCAGCGCCAGGGCCTTCTGCACGTAGTAGGGGCACTGCAGGGAGCCGATCACCTCGAGCTCGCCCTGGGCCGTGGGCCGCGCGACCATGCCCTGGGGCTCGATGTAGACGTGTTCCTGGTGAGCCGTGTCGTAGACCCCCTCTACCACGTGGGTCGCGGCGGCGAAGCCGGCCTCCAGGTCGCCGCGCTCGATGCGGCAGGAGGCCAGGATGCGCGGACTCGCCAGGGCCTGGTCCAGGTCGTGGATGCCGCGCTCCACCTCGTAGCGGACTTCGACTCGTCCGACCGCCGCGCGGGCGCGCTCGCGGGTCGGCGCGGCGACCAGGGCCACCGGCTCCGCGAAGTGGTTCACGCGACCGTCCGCGAGGACCGGCCAGTCGTCGGCGATCAGGCGCAGCACGTTGGGGCCGGGCAGGTCCCGCGCCGTCAACACGACGACATCGGGATCCGCCAGGGCCGCAGCGGCGTCGATCGCGACGATCCGCGCGCAGGCGTGGGGTGAGCGCACCGTCGCGCCGTGCCACAGTCCATCGAACTCCAGGTCGTCCACGTAGCGGCAGAGGCCGCGAACCTTCTGCGCCCCGTCGGTGCGCGCGGGGCTGGTCCCCACCATTCGTCCGTGGTCGATGTGTGCCATGGTCTCGTGCCGGCGCAGCGTGCCCTGGTTGCCGCGCACATTGCAAGGGCAGGGCCGTGTTGTGGGGCCCCGGGGACCCGGCTAGGATCGCCGAGGCGGCGCCGACATGCGTTGGCCCGTTGCCGCGTACCGCGCACCCAGGGGAGCGCACGACCCCCTACCGAACGTGAACGACCCCTTCCTCCGAGCCGCGATCGACGAGGCGCTCCTGGGCCTGAGCGAGGGCGGCATCCCGATCGGGAGCGTACTCGTGATCGACGGCCACATCGTCGCACGCGGACACAACCGGCGCGTGCAGCAGGGCAGCGCCGTGCTGCACGCGGAGATGGACTGCCTCGAGCGAGCGGGACGCCTCGCCGCCGCGGACTACCGCCGGGCCACCCTCTACTCGACCCTCTCGCCCTGCGACATGTGTAGCGGGGCGATTCTGCTGTACGGGATCCCACGAGTCGTCGCCGGTGAACACCGCACCTTCCGCGGCCCCGAGGACTACCTGCGCTCGCGTGGCGTGGAACTCGACGTGCGCGACGACGGGGAGTGCGTCGAGCTGATGCGGCGCTTCATCGAAGCGAGGCCGGAACTGTGGAACGAGGACATCGGGGTCTAGCCCCGACACTTGCCCGCATCAGCCACCAGGATCCGCGCCCGAGGGGCGCACCAACTTCAGCGCAGGAAGCGCGCCGGACGCTTCGGATCCGGCAAGCGGCAACTGTCCGCTGATCCGAACCAGCGCAGGCGACGGCGGGCGATCCACTTGTAGACCCCGTCGCGCAGCAGGGGCGGCAGGACCAGGCCGGCTGCGAGCAGGGGCCATGGCGCCCGCAGCCGCGCTGCGATTCGAAGGGCGGCTCCACTACGCAGGTGCATGCGGCCGGCCTCGTCCCGCAGGACGATGGTCTCGAGTCGATCGGGGTCTGCGCCGATCGATCGAATCAGGTCTCGGGCGAGCTGCGACTGCAGGGGCGCGAAGACGAAGCGCTCCTTGGGGTCGCGCTCGAGGATGAACTGCACGCTGCGCTCGCACAGGCCGCAATCACCGTCGTAGAGCACCAGGGGGCGCCCCGCGGCCACGTCGGTCAGGTCCGTCGGAGTTTCGAGCACGCCCCAAGATAGGCCATCCCCGGTGGCTAGACAGGGTCGAGTGGGGCTCGACTACGGTCCGTGCACGCCCCCCCCCGGAACGCTCGGGAGCGCGACTGCCGGCCGGGTTGCAGTCGCCGCCGCCGCGCCGCGTCAACGATCCAAGGCCGCGCGCACTCGCTGGGCGATCGTCGCGCCGTCGAAGGGCTTCTCGAGCACGTCCAGGTCCTCGCCCAGCTCGTGCAGCACGGTCAGGTTGTCGTCGGTGTAACCGGACATGAACAGCACGCGCGGAGCGTGCCCGAGTCGCGTCAGCTCCGCGACCAGGGTCGCGCCGCCCATCTGCGGCATGATCACGTCGGTCA
CP036296.1_gap110	4277978	4282954	4976	AGGGCAGCTCCGAGTCCGCGGCCGACTCCTCGGCCGGCTTGGTCGAAGCCCTCGTCAGCCCCTTCGAGTCCTCCTCCACCTCCTCCGGCAGCGGCGGCACCGCCGCGGGCGTCAGCTACCAACAGGACGTCCAGGCGTTCGTGTGCTCCTACCTGAGCGCGCCCTCCGAGCCCGGAGACTTCGCTCGCGGCCTGACCCAGGTGGCCCAGGCCCACGGCGTCAGCGACTGGGAATCCCAGCCGGGCACCTTCGAGGTGATCGAAGCCAGCGTCAGCGATCCGGCCCTGGACTCCGAGTCCCGCGCCCGTCTCGAGCTCGAGCTCGAGGCTCTCGGTCGTCGCGACTGAGTCGGGCGCGATGCTCGCGGCTGCGATGGCCCTGTGGGCCCCGGGGCTGGTCCTGTGGGCACAGGCCGCGGCCGACCTCGAGGGCGCCTCATGGCAGCGCGCTCCCGAGGTCGGCTTCATTCACGTCGAAGGCAACGTGGACGCCGCCGCCGGTGGTCACGCGGGACTGCGCGTCGGCCCCCACGTTTACCACTTCATGCAGACAGGCGGCGGCACCCTGCGGCTGTCGCGGGTGGAGTGGCCCGCCTTTCGCCACGTCTACGCCGGGCTCAAGAACCGCAGCCTGCACCTCTACTACCTGGACCTCGATGCCGAGGACGCAAGGCGCATCGCGGCGAGCGCCGCGGGAGTCTGGATCGAACAGGAGCTCGAGCGTGAGCGCATCTCGCAGCTCGCGCAGGACGCGGCCTGGTGGCAGGCCCTGGCCACGGGGGACTCACCACCCCCGCTCGAGTGCGCTGGCCTGCTCGCCGGCCCGCAGGCTCCGAGTAGCGCCGAGGGCATCGCCCTGCGGGCGACCCTGCGCGCTCGACTCGGGGAAGACTTCGCCGCCAAGCGCTTGGACTGGCTCGAGGCCGTGATCGATCAAGTCTCGGGTGCCGAGCAGTCGCTGCTGAGCTTGCGCGAGCGTTGCACCGAGCGCGAGGTGGTCCTGGCACTCCAGCGCGCGGCGCCCCTGGCGGACGCGGTCCTGGTCGACGTCTCGCCCGCGCAGCCCCTCACCCCGGCCGAGCGCAGCTCGCTGGAGCTGTTCCGCGATCAACAGTCCGACCGGGTCGTCGCGCTCTGGAGTTCGTCTCGCCCGGACCGCGGTCGCGCCCTGGCCGTGGCTGCGGCCCGCCATCACGCGGCGTCGCGGTCCCTGGTCGAGGGTCGCCTGCTGACGCTCGACGGTTTCCCCGACAGCGCGCAGCTCGTGCGACCCGACGCGGACGAGGCGCGGCTCGCCTACGCGCCGCTCGAACGCCGCGCCCGTGAGGGGCTCGCGGCCATGCGCGCTGGGATCCTCGACGGCGGTCTGCCGACCGAGTTGGACTTCGGTCGTCTGGAGGAAGCGGCCACTCGCTGCCGGGAGGCCGAGCGTGGAGCCGCGGGCGAACCGGTTCGAGTCTGCGCGGGGCGCCTGTTGCCCTCCCGCGGCCGAGCGACGAGCCTGCCGATTCACGTGGATACCGAGCGTGCCCTGGCCTCCGCTGCGAGCTGTCAAGACCAGTGGGAGGCGGCCGACGCCGCCTGGCGTGGGCGCCACGGGTACGCCCTGCTGAGTCGCAACTGCGCCACGGAGCTGGTGGACCTGTTGCAGGCCGCCTTCCCCGACGGGGACCAGGCGCGCCTGGCGTTGGGCGGATCGCTCGATGCCGGGGAGGGCTTCGCCTTCGTGCCCTGGGTGCTGGCTCGCCAGATCCGCACCGAGATTCGCGTGCGTGAGGTGCAGCTCGTCCCCTCCCAGCGCCGCGCGGCGTTGGACCAGCTCGCCCGGGCCGGCGCGGGTCGCTGGGAACTGGTGCGCGAGGGCTCTCCCCTGACCTCCAAGCTCTACACGCCGCGCGCGGAGGACGGCTGGTTCCTGTTCTTCACCGACGACACCGTCTGGAACCGCCCGCTGTGCGGAGTGCTCAACCTGACCTATGGCTTGGCGCGGAGCGTCGTCGGCCTCTTCGCGCTGCCCTTCGACGGCGGTGAAGAGGCGAGCGCGAGCCTGCACGGCGCCTTCTACAGCCTGCCCGAGTTGGTCTTCTGGAACGTACGCAAGGGGACGTACGACTCGGTCGAGGCGATGCGGTAGCGATACGGCTTCGCACAGCTTGTCATCGCTCAGTAGCCGGACCCGGTCGGGTTGGTCCAGAAGCGCACCACCTGGTAGGGCAGCACGCCGACCTCCTGCTCGAGGGGTTGGTTCGACGAGTCCGCCGTCAGACCGCGGTGATAGACCGCCATCCCCAGCTCGTAGCGCCAGGCTTCGAAGTCCGCCACCGTGGCGATGTCCCCGACGAGGCCAACGTAGGAACTCACCTGGCTGACCGTCACGCTGTAGGCCGAGGAGTTCGTCAGGCCGAAGCTGCCGCCGAACTCGACGCCCCCCGAGGAGAAGCCCGCCTCCCAGGTCACGTCGAAGGTGCGCTCGTCGGTCGTCGTGCTCTGCTCCTCGAGCTCGATGCCGAGCTTGTTGCTCGACAGGCCCTTGCCCACCGTGAGCGGCGCACCGTCGCTGGTGCGCCAGCCCACGTACTGGTCGGTCAGCGCTTGGAGCTCGGTCAAGCTCGGGTAGCTGGTCGGGTCGCCGATGGTGTGCGACAGCACGTCCGTGCCGATGCGCAGCTCGGGCTCGACCTGCGCGTTGTAGTAGTCCACGGTCCACTTGTAGACCCGCGACTCGACCGGCACGTCGAAGGTGAAGTACGCGCCGACCTGGTCCGGATCCGGAGCCGCCAGGATCTCGTACTCGTAGGACTGGAACAAAGTGCCCTGGAAGACGACGGAATCGGTGCTGAAGTCGGTCGCGTAGCCCTGGATGAAGCTCTCCGTGAAGGACTGGGTCTCGGTCGTCGTCAGCGCCCCCGCGATAGTCTGCCGGGCCGAGACGCCGAACAGGTCGAACAGGTCGGAGACGGCGAAGCCCGTGTAGACCGATGCCGTCACGCCGGTAGTGACGCCGATCGACTGGGAGCTGCTGGTGGTCAGCGAGTAGCTGGTCTCGCAACCGTCGTAGTTCTGGCTGATCCCGGCGCGGGTCGGCACCGCGGACAGCACGACCATTGGCATGGGGTCCGAGAGGGATGTGAACTTGACTCCCGTGAAGCGGATCGCGAAGCCATCGGCATCGAAGTCCCCCGCCACCAGGACCGGCGGGTAGGGCGAGCCGCTGGACTGGGCGGTGGAGGTCCAGGAGTTCGTGATCGGGCCGCCGGGGTCGCCCCAGTCGATGCGCTGGGAGAGGCGCGACTTGGTCGATGAGCCGGAGCTGCCGGACATGCGGCAGAAGTAGAGCTCGCTCTGCCCGTCGGCATCGTCGTCGGTCTCGACCAGCGAGGCGGCGTCGTCCTCGGACAGGAACAGGCTGGTCAACTCGACGTCGGGCTGCCAGCCGCCGCCGTCCCAGCGCCACGAGACCAGCTTGGAGCTACCGAACTCCCCCGACGGAACCAGCAGCGCGACCTCGCAGATTCCGTCCGCGTCGCGGTCGAAGGCCACCGCGTCCCAGGCACGTTCGGGGTGGAAGGCGAAGAACGACGGAGCCGGGCCGAGCAGGGTCTTGGCCGGCGAGACGTCGAGGCTGCCGTCGAGCAGGTCGAAGCTACGCACCGATTGCACGCCGTCGGAGAAGATCGCGACGGTCAACTCGACCTGGACGTCGCCATCGATCTGGGAAGCGAGCAGCCGGCTCGCGGTGCGGTCGGGGTCGAGGTTGGCCTGCACCTCGAACCAGGGCTCCAGCAGGGCGAAGTCCGCTTCGGCGTCGTCGACCAGGGCGAGCTCGACGCTCGTGCTGGGAAAGTCGGAGCGCTGGGCGAGCAGCGCCAGCTCCGCGCGTCCGTCGCCGTCCAGATCCTCCACCACGGCCTGGACGTCCTGCAGGTCATTGGCGGGGAACCCCAAGAAGGTCTTGGGCAGCGGCAACGTGGCCAAGAGGCCCAGACCGTCCGAGGGGTCGTCGTAGACCCGCACCCAGACGTCGCCGGTGCCCGTGCCGATCTCGAAGCGGCGCGCGACGATCACCAACTCGTCGCGGTAGTCACCGTCCACGTCGCCGAGGGTCACGCGCGCCTCGCGGTAGGGAAAGCCGGCCGAATCGATGGTGAACTCGGAGCTGGACTCGTAGCCGACCCCGACCGAGCGCTCCAGGATCGTGACGCGCAGGGCGCCGCCGTCGATGCGCACCAGCACCAGCTCCTCGTCGGCGTCGTCGTCCAGGTTGCCCGCGGCGGCGGCGCGGTACTGGCCGGGCGCGACCAGATCCGCGACCTCCCCCAACACTCCCGCACCGGCGCCGATGTCGTCGAACAGGGTCGCCCGCGCGGTGGCGGGGTCCTCCGGCACGTTGATCATCAGCAGCTCGTCGCGGGTGGTCAGCACCGACGCCTGGTTGCCGAGGGGGTTGAACTGCGCCGGGTGGGGATCCTCGTACTGGAAGTCGTCCTTGCCGTAGGTCGCGTCCTGGGGCGCGGGCCCGGCTCCCCCACCCGCCGGACCACCGCCACCGCCTCCACAGCCGAGCACGAGGAGCGGGAGGGAGAGGGCCGAGAGCAGCTGTCGAGTGGGTCGCATGGGGGTCTCCGAAGGGGTTCAACCTGAAAGCGACGGGTGTGCCGATCGGCTGTCAGAAAACTCCCCCATCGCCCAGGCGGTCCGGTGCAGGGCGAAATCCACGGGACCTGACAGGACCGGCCACCGGCCGTCGCTTGACCCTTGGATGCCCCCCGCCCTGCTCCTGTCTCTGCCCCCGATCGCGGGCTATTCTTCGCCCATGGACCCGCTCCCCGGCCCCGAGGACGCGACCCGGCTCCTGCGGCGCGCCGCGCAGGGCGGTCAGGGGGGGGACGCGCGGCTGATCGAGCTGCTGCAACCGGAGCTGCGGCGCCTGGCCGAGCAGGCCATGGCCCGCGAGCGATCGGACCACACCCTGCAGCC
CP036296.1_gap111	4285104	4287665	2561	CCGCGACCTCGGCGATCCGCAGCACATGCTCCGCGCGCGCGAGCTCGCCCAGCGCGCGCAGACCATGCGGATCGAAGGCGGCGCCGACGCCATGGCCCGCTCCGAGAGCCTGCAGAGTCTCGGCTTCCTGGCCATGGCCGAGGGCGACCTCGACGGCGCCAGGGACCTGATCGAGCAGGCCCTGGCGATGCGCGAGGAGCTGCCGAGCGAACGCTTTCGCGTTCCCGAGCTGCGCCACACCCTGGCCAGCCTGCACTCGGCCCGGGGTGAGCTCGCCGAGGCCGAGGCCTTCTACCGGCAGGGAGTCGAGGAGTCGCGGCGGATCTTCGGCGAGCGCCACGTCTTCGTGGCCCACAACCTGAGCGGCCTGGCCTTCTGCCTGCAGGCCCAGGGCGAGCTGGAGCGGGCCGAGGCGACGTTCGTCGAGGCCCTCGACCTGATTCCGAATCCAGACAGCCCCATCGGCCGCCAGGTCCGCAACGGGCTGGCGTTCGTGAAGCAGGACCGCGGGGACCTGGACGGGGCCGAGGAGATCTACCGCGACCTGGTCGCGGCCTCGGCCCGGCGGTTGGGTGCGGACCACGCCATGACGCTGGTCCATCGCAACAACCTCGCCTCGCTGCTGCTCGACCGGGGCGACGTCGAGGGCGCGGTCGAGATCATGTCCGAGGTGGTCGCCGCCCATGGGCGCGCGGGGCTCGAGACTCCGGACCGCGCCTTGGCGGTCCGCAACCTGGCCAACTACCTGGGTCAGCTCGGGCGGCAAGAAGAGTCGGTGATGCGTTTCGAGGAGTACCTCGAGCTGTGCGGCAAGATCTTCGGCGAGGCCTCGCCCCAGGTCGCGCGGGCTCAGGAGCTCCTCGACGGGCAACGGGCGGCCGGCGGTCGATGAAGCGATAGGCTGCTACCGTCTTCCCGGCCATCCTCCACCACGTTCAATCAACCATGCGCCCTGAACTCTCCCGCCGCCAGTTCATCCAAACGACCGGGGCCGCCGGATTCGGGCTCGCCGCGACCCGCCTGGCCCGGGGCGCCAGCCTCTTCGAGCCGGGCCCCGTGCGGGTGCTGTCCATCGGCGTGATCGGCACCATCGGCGGCGCCGACCGCGAGCAGGTCGCCGCGCACCCCGAGGCCCAGATCGTGGGCCTGTGCGACGTGGACGCGAACTCCCTCGCGCGGGCGTCGGAAGACCACCCCGACGCGTTCACCTGCACGGACTACCGCGAGGCCTTCGCGCGCCACGGGGACGCCTTCGACGCGGTGATCGTGTCGACGCCGGACCACTCCCACGCGCCCATCGCCCTGACGGCCCTGGCCCACGACAAGCACGTCTACGGGCAGAAGCCGCTCGTCCACCAGCTGGAGGAGATCGCGCTGGTCGAGCGCGCCATCGCGGCCAAGCCCGACCTGGTCACCCAGGTCGGCAACCAACGCATGGCCTATCCGGGTCGCCGCGCGGCCGTGGAGATCCTGCGCTCGGGCGTCCTGGGGCGGGCGCTCGAGGCCCACGCCTGGACCGGCGCGCCGGGCCCCGATCCGTACTTCAACTTCGAGCACCACTTGAGTGCCCCCGTGCGTCCGCCGGAGCACATCGACTTCGACCTGTGGCTGGGCCCTTGCCAGGAGCGGCCCTACCGCGAGGACCTCTTGCCGGTGAAGTGGCGCTCCTGGTGGGACTTCGGCAGCGGCGGGCTCGGCGACTGGAGCGTGCACGTGCTCGACGTGATCTTCTTCGGCTTCGACGAGCTGACCTCGCCGATGTCCGTGGTGACCCACGCCCAGCACCCAGCCGACACCTTCCACACGCATCACTGCCGTTCGACGATCACCTATGCGGTGGATTCGGACGCCTTCGCCGGGAAGCGCTTCGCGATCCACTACAGCGACCGCAACCAGGCGCCCTCGCGGGCGGCCCTGGGACTTCCGGGGGATCGCTGGCCGGACTCGAACATGACCGTCGTGGTCTGCGAGGGTGGCGTCCTGTCCTTGACCGCCGGGGGCGGCTTGGAGATCTGGCGCGACGGCGAGCTCACCGATGGGCTGGCGCTGCCCGGCCTGCCCGAGTTTGGCGAGCTCAACCACTGGCACGCCTGGATCGACAACATCGTCGGTGTGCCGACCGAGCTGCGCACGCCCTTCCGCGACGGCGCGCGCATCACCGAGGCCGCGCTGCTGGCGGTCAAGGCCTCGCGCTTCCCGGGGCAGGAGCTCCTGTGGGACAAGGCCGCCCTGGCCTTCACCAACCACGCCGAGGCCACCGACACCGTCGTGCGCCGCGACTACCGCACGGGCTTCGCGCCGCCCGAGGTGGGTTGACCCGTTCGGCGGGCGCCGGTCGGGATCGACGGCGCTCGCGGCGGGCGGCGACCTACCTGACTCCGGGGAGGTCGAGCGGCGCCCGAGGCACGCCGCTCGTCGAGCAGCGCGGGTGCTAGGCTCCCTCCATGTCACTCCGCCTCCTGGCCTCGCTCGCAATCGCCGCTCCCGCCTCCGCCCAGGGCCTGCACGGCTACATCGGCTACGAGGCCTCGCCGCCGCCGGACAGGTCCGAGTACGCCGCC
CP036296.1_gap112	4293994	4295631	1637	TCAGGGCCGCCCGCGACCACAGATCGAGGAGCTCGGCCACGCGCCGATGGTAGCGGGGAAGCTCCGGAGTCCGAGGGCGGTCGAGGATGCGCCAGGCTCGGACCTGTCCACTCGAGGCGGCGAGGCCAGGGACCGCTCGAGGTCCACGCGTTCGGTGTGTGCCTTGCGCCCCGCCGCAACGCAGTGCGTCGGTCTCCAGACGGCCGCACTACCGACCGCGGCTCCCATCGCTCGAAGTGCCTGGATGGATGGGTCACGACGACCGTGGGCTGGCGCGGCCAGGTCGGTTCCCGGCGGGGCTTGGGCGCTGCGGTCCCCGAAGGCGACCCGGATCGGGTCGTCGGGGAGGACCGTCCTGCCATGGTCCCGCCAGGAGACGCGCGGCCGGCGAAGCCGGCCGGTTGGCCCGTTGGAGCGCGAGTCGTGCGGACGTATCCGGGCCAGACGCCCGAGGTCAGCCCGTTGGATGGCCGGCAGGCTAGCCTCGGTCGGCGGATCGCTCGCCGAATGCCGAGAGCTCAGCCCGCGCGGCGCCCCCCTGGTTCTCGGATTCCCGCGGGACGGCCGACCTCCCGGGCGGATTGGACCTCCGACGGGCGAGACCCGCTCGGTCGACCTCCCCTCAACATCCCCAGCCCATGTCCAAAGTCGCACTGACCGCCGCATTCATCGCCTCCTTCGTCGCCGTCGAGTCGGGCGCCGCCCGCGCGGGCGAGCTGCTCGTGAGCAACTTCACCACCGGCGTGGTCGCGAGCTTCGATCCGATCAGTGGCACCCCCACGGGGACCTTGCAGCCGGGCGTCTCCACGCCGGCAGGGATGGTCGTCGCGCCGAACGGGACCCTGCTCGTGGCCAGCAGCTCCGGCAACTTGATCCGCGCCTACGACGGACTGTGCGGGACCAGCCTCGGCGTCTTTGCCAGCGGCGGCGGCCTCAACCAACCCCGCGACCTTGCCTTCGGGCCGAACGGCAACCTCTTCGTCGCCAACCGCCAGGGCAACAACGTGCTCGAGTTCGACGGGACGACCGGCGTCTTCGTGAAGGTCTTCGCCAGCCAGGACCTGTCGGCCCCGATCGGCCTGGCCTTCACTTCCGACGGCAACCTGCTCGTCACCAGCCTGAACACCGACAAGCTCGTGCGCTTCGATGGGACGACGGGGGCCAAGCTCGAGGTGCTCCCGACCGGGTCCGAGCTCGACGGACCCGTGGCGATCCTGCTGCGGCCCAATGGCAACCTGTTGGTCTCCAGTTCCCTGAACGACCGGGTGTTGCAGTACACGCCCAGCGGCGGCTTCCTGGGGATCTTCGCCCAGGGCTCCGGTCTGGACAATCCGATCGGTCTGGCCTTCGACGGGGCCGGCGACCTGCTCGTGGTCAGCGCGAACTCCGGGGCGATCCTGCGCTTCGATGGTACGAGTGGCGCCTTCGAGGGCGTCCTCGCGACTCCGGGCCCACAACCCTTCGACCTGGCCTTCGGTCCCGACGCACCGCCGCTCCCGACGGCTCCTGGATACGACGTCAGCACCTACGCGCCGAACGTACCGGGTCCCTTCGTGCTCGACTTCGCCCCGGACGGGCGCCTCTTCGTCGGGCAGCAGACCCAGCCCGTGATCGGGGTAAACGCCTTCGTGACCGTG
CP036296.1_gap113	4296995	4299294	2299	GGCCTCGGCACCCTGGCCGCGAACACGCCCAATCTCGACGCCCTCGCCGCCGGCGGGATGCGCTTCGACAACGCGTTCTCGAACCCGACCTGCTCGCCGACGCGGGCGACCCTGCTGACGGGGAGGTACTCGTTCCGCACGGGCATCGGCGCGATCGTCGACACGTCGGGCGGCGGGCTGCCCCTCTCGGAGGTCACCCTGCCGGAGATGCTCGACCTGGGCGCGACCACGCCGTGGTCCCACGCCATGTTCGGCAAGTGGCACCTGGGGCACCTGAACATCGGCGGCCCCCTGGCGCCCAACCTCGCTGGCTTCAGTCACTTCGCGGGGTCCCTGCAAAACCTCGATCCGCCCGCGCAGAGCTACACCTCCTGGAACAAGATCGTCGACGGGGTGACCACCCACGTCGACGCCTACGCCACGACCGAGGTCGTCGACGACGCCTTGGCGTGGATCGCCACGGCCCCGGAGCCCTGGTTCACCTATGTCTCGTTCCACTCGGCCCACACGCCCTACCACGCCCCGCCGGCGAACCTGCACACGGTCGACCTGAGCGGAGCCGGCGAGCCGAACATGGACCCGGTGCCCTACTACCGGGCCATGATCGAAGCCATGGACACCGAGATCGGGCGTCTCTTGGCCGGACTCGGTACGACCCTCGACAACACCCTGGTGGTCTTCTTCGGCGACAACGGGACGGCGACCGAGGTGACCCTGCCGCCCTTCTCGCCGGCCCAGGCCAAGGGCAAGCTCTTCCACCAGGGGACGCGGGTCCCGCTGATCGTCAGCGGCCCCCAAGTCGCCGTCGCGGGGAGCACCAGCCAAGCGCTGGTGAACACCACCGACTTCTTCGCGACCCTGGCCGAGGTCGCAGGCGTCGACTTGACCAACGTCGAGCCCGCGGGGCAGGTCCTCGATTCGATCAGCTTCCTGCCCTCGCTCGCGGATCCCGCTGCCGCAGGAGCGCGGGACCTGGTCTTCGCCGAACGCTTCTGGCCCAACCAGCCCCACACGTCGGTACCGGTGCAGCCGCTCGGGTACACGTGCCAGCCGACCCTCGATCCGGGCGGCGAGATCTCCATGTCCCTGAGCCTGTGCGGCGGCGCACTGGTCGACGGCAACACGGCGGACCTCACGCTGACGGGGGCCCCGGCCCTCGCACCGGTCTGGCTGGCGATCGGATCGAAGTACGACCCCCTGCCCCTGCCTGCCCTCGGCGGGGTCCAGGGGCCGAATCCGATCGCGTACATGATCTCGGCGCTGACGGATCCGAGCGGCAGCCTGGTGGTGCCGGGGCTCAAGGGCAACATCGGCCCCTTCGTTTTCTACTTCCAGGCCGTGGCCCAGAACCCGCTCAATCTCTACCAACTGCTGTGGTCGAACGTGGTCGAGACGCACTACCTCGGCGTGGACTCCAAGGCGGTCTTCGACGGCCGCTACAAGTTGATCGCGAGCGTGCTCGGCGGCCCCGACCTGTTCTTCGACCTGTGGAACGACCCGTTCGAGCAGGTCAACCTGCTCGACGCGCCACTGGCATCGGCGGACGCGGTCTCCTTCGACAACCTGACGCTGCGGCTCACGACTCTGATCGCACCCTGAACCCAGGGTGCTGCTGCATTGCGCCGCGGCGTTCGAGCGGGGGACGGCGGGGCCCGCGCCCGAGATCTGCCGCCGCCGGGGTCCAGCCCCCCACCGAGCGGAGCAGTGTTTCGGGAACGACGCACCCAGACCCGTGGCCAGGATCCAAGACCCAGCAGACCGTGCGCCGGGGGGCCCGGGTTCAGGCCGATGGACTCGACTTGGTGCCTCGAGCGGTGGCACCCTGCCCGGGCCATCCGTCGGATCCCCATGCAGTTGCCCCACCTTGCGCCGCTTCTCGCCCTCCTGACGATCCTGACCGGCCCCGCGCGATCGCAGGGCAGCGCTGGAGCGACAGCTCCGGGCACGGCGGGGATCGAGGCGCTGCAAGAGACCACGACCGCGGCTGCCGGACAGCAGCTCTCGGAGCCCGTTCCGCTCGTGGTCTGGAATCGCGAGATCGCCGTGCTGCGGGTCGACCTCGGAGGCGTGACCACCCAGGAGCGTGCGCGGCGCGCCGCCGAGCGCATCCTCGCCCTGCCCGACGACCCACTCGGACCGACGACCCACTCGGACCGACGATCGCGATCGAGGCCACGCGGCTCGGATCCCTACCCGGCTTCAACCTGATCGTCGGCGGAACGATCGTCTTCACGCTGTTCGAAGCGGACGTCGACCCCTCCCTCGGCGAGCCGCTCTCGGTCGCGGTCGACCGCGCGCG
CP036296.1_gap114	4316361	4318004	1643	GATTGTGCAATGAGGCGAGATGCTTGATCCGAGCCAGGAGCGACGGCGGCAGGCCCGAGCGCTCCAGCGAGAGCCTCGGGCCCTGCACACAACGGATCGACTTCGGCGGGGGCGGCTCGGGAGCAGAACGCCCCCACCGCGACGGAAAGTTCGATCCTTCGGCTCCCACGTCCATCGGCGGCAGTTCGCCCAGGAGCGCCTCGAGAGCACCCGGCGTGAGGCGCCGCACCAGGCTGAGGCCCCGCCATGGATCGGGCCACGGCCGTAGTTCGCGATCGAGAAACTCCGTGTTCCCGAGCGCACGAGTTCCCTTCTGCAACGGCAACGCGATCAGGTTGCCGAAGCCGCCCTTGGGCATGAAATCCTGGTTCGGGAACAGGCGGTCGTAGCTCGTGAGCTCCATCTCACCCCTGGCGACCATGGTCTCGCGCAAGAGCCCGGTACCCAGCCTCCGGGCCTGGACCGCCGACACCGGGCGTGTGAAGAAGATCCAGACGTGCCCCCCCTGCCCGGAGCGCGACCGCTCCAGATAGGCGGGGACCCGCCATCGATCGGCCGCTTCCAGGAATCCGAGCGCGTCCGGTGCCCACGTCGGCCCGTCGAAGTCGCAAGCGAGCAGGCGGCACGTGTCATCGCGGAGGAGCGGGTAGAGCCCGACGGTCTCCTCACCCGCGAGGTGCCGAAAGAGAACTTCCTCGGTCAGCGGAAGGTAGTCCTTGGCGCCGCACCCCGAGCGGCCGCGCGCCGCCGGCGAGTACCCCTTCTTCCCGCTGCGCTCGTCGCACCAGTAGCGGGCATACACGTCCTCGCGACCCCGGAAGAGCACTCGGAACAGCGCGATCCTGTCTCGGGCCGTGGAACGAGCGTCCACCTGCGGCAGCGGATCGTCCTCGGGGAAGAGACGACCTGCCTCGACGTCGGCTTCCGGCAGGACGCCCGGCGGCAGGCCGAGCATCCCCCGAAGGCGCTCGTTCTCCGCGCGGAGCCGTGCGTTCTCATCCTCGAGTCCGGCCATGCGGTCAGTCGAGGGCTCCGCAAGCTGCAAGCTCATCGTTCGCCGTCGCATTGCCTGACCAACTCGCGCACGAAGCCGGCGACATCAGCCAGGAACGTCGCGTCCCCCTGGCGAGCCAGGAATGCTGCGACGCGCATCGCACCGACCGAGTCCGGCGTCGTGAAGTCGCCCTCGAGGATCCCGAGCGCATCGCGCGCTGCGGGATCATCGAGCAACGGACGGAACACCTCGGCGACCGTACGTGGACCGTCGCCGTGGTTGCGGAGCACGTAGTAGAGATCGTATGCGTCCTTGTTCTCGCCTCGCGACCGGAACGCAAGCGCCTTCAGAACCCAGGTAGGCCGCCGGTCCACAGACCCACACCTCGCGCACGGCCCGTTCGCCAAGGAGCGTCTCCCCGTCCAAGGTCACCTTCGTTCGGTCGCGAAACGCGAGCGGCAGCCCGGGGGCGATCAATGCCGCGAAGTCCTCCTCGAGGTCGCGGATCGTTCCTCCGCGGTCCACCGGCGTGCTCGGCGGAATCAGGAAGTCCACCGAGACGCCGCGTGAGCCTCTCCACACCCAGCGCTGCCGAGTTCTCCGGCCGGCCTCGTTCGCGTCGGGGCCGAATCCGGCCCGACGCAGGCGT
CP036296.1_gap115	4328024	4330762	2738	GTATGGTGTAAAGGGTTCGGACATCGAGATGTCGCTCCTCTTGACCATCGAAGATGCCATCAGATTGGCGCAGCGAGATGGTGACCGACAGGAGTTCGAACGGCCTTTCTATCTCAACCCGACCTGACCCAAAGCCGAGCGTTTGGCCGATCCCCTCCCAACCCACAACCTTGACGCAAACGTAAGCCGCAGCCAACGCGATCGCGCACACTGTCACGACTTTCGGATGCCGAGCAAAGAAACGCCAAAGGAGTGCAGGCCAGGACTCGGGGTCTTGGCCCGGGCCAGGTTTTGGTTTTTTAGCAGCCTTCGCCATCGGTATTGACTCGTTCGGCTAACGCCTTGCCGATCAGCGGCGGCCGAAGGCCGTCCGCTGCATCGGCTTGTTAGCCGACCAGCAGTCACTTTCTCGGACCCCACTTGTAGCGAAACGCGACGAGTTCGTCTTCTCGCACGTCACGCCAACTTGCCCAGATTGCCTCCGTTCCAGCACTCGCAACAGGCGGGCCGACGGAGGCCTTCTTATGATCGACACTTCCATCGGCTAGTACGCGAAAGGCGGGACGTTCTCCCGTGAGTTCTAGATCGTTCGTCGGCGACTCAATGATTATCGTTACCACGGGAATTGTCATTCCGTGATGGTTTGGGTAGCCCCACCAAGCCTCGCCTGGCCCGAGCGTCACGATGTCACGTATCGCCCGGCGCGTATCCCCTGCCGTGAATGGCAGATCAAAAACAACCTCGGACCCGAACACGAGGGACTTGACTTCCCCGGGCTCAATGCCAAACCGGGCTATCGTCTCTCGATTTGTCGGACCGACGCTCTTCACGGCCTCCTCAACGGTGCCGCGCCATGGCCGCACTTCCCGTGCGTCAGACTTCGTGTAGCGCTTCGTCATTGCGTCGGAGGTAGCCGAAAGGCCCTGGACTCCACGTATGGTGTAAAGGGTTCGGACATCGAGATGTCGCTCCTCTTGACCATCGAAGATGCCATCAGATTGGCGCAGCGAGATGGTGACCGACAGGAGTTCGAACGGCCTTTCTATCTCAACCCGACCTGACCCAAAGCCGAGCGTTTGGCCGATCCCCTCCCAACCCACAACCTTGACGCAAACGTAAGCCGCAGCCAACGCGATCGCGCACACTGTCACGACTTTCGGATGCCGAGCAAAGAAACGCCAAAGGAGTGCAGGCCAGGACTCGGGGTCTTGGCCCGGGCCAGGTTTTGGTTTTTTAGCAGCCTTCGCCATCGGTATTGACTCGTTCGGCTAACGTTTTGGCGATCACCTGCGGCGCGAAGCGCCGTCAGGTGCATCGCCTTGTTAGGCGCCATCACTCACCTTGGTAGGCCTCGGGTAGTAACGATATCTCGAGCATGACGACGAATCGAACGTTCCATACGTGTACGTTGAAGTCTCCACGGGGCCCTTCAAGCCCGCCAACACGATGCTGATCGGCGATCGATGCTAGCTGTTCGAACTGTCGGTTCCACTCGCCGATGCGACACCCCACAAACTGATTCACCAATAGGTCCGTTAGCGATGTCGAGTGGCGTACTGCGGATGGGCGGCAGATCTCCGATGTCTTCCCACCGGCCACCAAGCCCTTGACTGTGAGCGCCTGGATGCACGGCAGCGTCATGTGAGGGAGGGGATGATCGTAGAACAGGTAGTATGAACTCGCGATCTGGAGCAGCTCGTCCAGCTGCTTCTGGTCGATCGGAAAATCGCCGAGGGGAGTGTCTTCGCCAAAGGCGAAACCCAAGCCGGGCCAGAAGAGCCAGGGGAATCGGGATCTCCGCAGGCGGGGCGGCCGAAACGGCCCCGGGAGAAAGTGGGCCATCCCCTCGAGTTCCTCAGCTGACACTCCGAAACGGCGTTCTACTTCGCGGTTCAGGCGCCGAACGGTCCGGACGGAGAGAGGGCCGAGTCTCTTGGCCTGTACGAGAATTCCCCTCTCGCTCACGAATTCGTGGTCCCATCGCACCCGGAAGATGAATGCGAAGTCAGCTCCCAGGGCATCACCCTTCGGATCCCGCATGTCGCAGATCGAGAAGTCGAACTTGGAGACCGCAGGTTGATTGGGTCGGGACGCGGACAGATCTCGCAGGGACCCGTTCACCGTGTCAAGACGAGATTGAAGCGTCTCGATCAAGATCGTCGTGAGTATGTCTTCGGAGCGGTCAATCTCGCCTCTCCGATCGAGTCTATCGGCGAGGAGTTTCTCGGTCCCCTCGATGGCCTCCGAAAAGAGAGGCAGGAAACTCGTTCCACCGAGCCAGTGCTTGTCTTGGGTCATACGGTTTCCTCTGTGCGCCTAACGCCTTGCCGATCAGCGGCCGGCCGAAGGCCGGTCCGCTGCATCGGCATGTTAGCCGGTGTCTCCCGGTTCTTGCCGCCGCTTCACGTCGGCGACAAGTCGATCGATCTCCACGTCATCCTCACCGAGGTAGAGATGCCTCGCCTTACCTGGGAGCGGCTCACCAGCCTCGGCCGGTCTCGCCACCTCCCAAACAGGCTCTTCTGCCGAGAGAACCTCGACGACGTCGTCTTCAGTCGCGATCACGAAGTGGCGGATTCCTGGCACTACTTCATGCAGATACACCGTGCCCCAAGAGGCGAGAGGAGGCGACTCCTCGACTGTGAACGTGAACCCGAGGCGCTGACCGGAGCTGTCGATCCAGCTCCACAGATCGGTTCGGTACGCTTCGTCGATGTTGCGGTAGGCGGGGTACTGCT
CP036296.1_gap116	4337245	4337922	677	GAGCAGGACCCCGGCCGCGCGCAGGCTCGCGCCAGCATCGACCAACTCCAAGCCCCAGCGGATCGCCTCGTCCGAGTCGGTCGAGGTGTAGTTCGCCGCCGTGGCGTCGTCGGCCGAGGTGAGCAGCTCGAGGGCCAGGGTGCGCGCGCGCAGGCTGCCGATGGCCGCGATGCGCCGCGCGCCGCGGGCTCGCAGGTCGGCGCGCTCCGGCGAGCGGACTTCGATCAAGGCGGCGATGGCCTCGCCCATGGCGTCGTCGAGGGGCAGGTTCGACAGGCCCAGCACTTGGTCCACCTGCTCCGGCCCGCCGATGTGCGCGATCAGATCCAGGAGCCCGAGTCGCAGGTCGGCGATCGGCTCGATGCCCAAGCGGGCCACGAGCTGCCCGCGGCCCTGGTCGTCGATGGCCGGTTCGATCGAGGCCAGGCCCAGCAGGGTGATCGCCCGACGGCGCAGGTCGAGGGAGGGATCCCCCAGGGTCGCTAGGGCGCCGCGCGCTGCCAGGTCGAGGCCAGGGCTGCCCGCTTCGAGGGTCGCCGCCAGGCTCGTGAGCACTTCGAGGGTCTCCACGTCGATGGGCTGGCCCGGACGCACCAGGGCGCGGGCCACCTGGGCCAGATCGGCCGGCGCCGCCAGGTCGATCAGGGCGGCCGCGGCCGCGCGCGTGACCGACAGGG
CP036296.1_gap117	4403424	4407501	4077	ACGAGTTGTCGGAGATCCACGGCTTGGAGCTGATCGACCGCATCGTGGTCGACGGCACCTGCGCCGTGATGCTGCGGCACGAAGACCGCGGGTCCGAGGCGGATGGATTGGTGCGGAGCCTGAGGCGACGCATCCGCCGTACCACTCGCAACATCAGGCGCCCCGACCTGCGCCTGGCGCTGGGGGCCTACACCGAGCGCCTGCTCGAGGCCGTCCTGACCCTGGACGGCCCCATCTACCCGCGCTCCACCGCCAACGTCGCGACATTGGACTGAGCACCTCGACTGAGTCCGCCGATCGGCTCAGCCACGCACTTGGGCGGCGCCGTCGCGATCGGCCGGGCTGGCACCGACCAGCCGCTCGAGCCACCAACCCAGACGGTGGTGCCAGGACCGCTGCTCGAGCGTCGCGACCAGGTCCGGCAGCAGCCCCCGCCAATCGGCACCGGCGTAGCCGCGCAGGAAGCGGGGCAGGTCGGTTCGGCGCAAGAAGGCCCTGCCGCGGCCCTCACGGCGTCGCACCGAGCGCAAGAGCCGCGCGAGGTTCTGCAGCCGCGCAGCACGGTCGAGCTTGGGAACGAGCTGACTGCGATCGAGGTCCAGAACCCAAAGACGCGGTTGCGCCGTACCGAGGGAGCCGCGCTCCACCAAGAGATTGCGGGGCTGCAGATCCGCGTGAGCCAGGCCGACGTCGTGCAGTTCCGCGATCAGGGCCCCGGTCCGGGCCAGCAGCGCCGCGCGATCCGCCTGCGCCAGCTCCCCCGCGCGCGCCATCTCGAGCACCGTGCCCAGGTCGAGCGCGTTCTCGATCCGTACCGACACCAGGTCCAACAGCCAGCCGGGACGAGCCGGGCGGGCCCGAGCTGCAATCACCTCGGGGGTCGCGAGTCCCAGCCGTCGCAGCTCGGCCGACAGGCACAGCTCGCGGACCGGTCGCGACGCGTCCATGAACCTGGCGCCGGTCAACCAGCGCAGGAGGCCGCCGTGACGGTAACGACGCACCACCAGGCGCGGCCCGCTGCCGTGGATCTCGCCCAGTGGGATGCGGCCCGAGAGGTCGCTGGCCGGCAGCGGATGCCGATCCCCGTCGGGTTCGAATCCAGCCGCCCTGAGCCGCTCGGCGGCGTGGTCGGCTACGACCAGTGAGCCACCGCCCGCGCGCTGGAGCGTGTAGTCAGCCGGCAATTCGGGCGGGCGAGGCAAGGCCAGGGATCGAGCCGTCCGCCGCCGCTCTCGCGAGCGACGGCGGCACGGGCTTTCGATCGGGGTCGGTCAGATTCCAGCGCCGAAGCCGCCGCCGGAATCGCTGGAGGCGCGCTCGCTGCGCTTCTCGACGGGAGCGCGCTCGGGCTCGGGCGCACGCGGTGCCCGCGGCGCTCGGCTCGACTCGCGCTTGGCCTCACGGGAGCTCGCTTCGGCATCGAAGACTCCGAGGCCGAAGCCTCCGGAACCGCGCTGCTGGGGCTTCGAAGCCGCGGCCGGCTCGATCGCGGGCTCCCGCTCCCGACGCGGCGCCCGTTCGGTCTCTTCACGGCGCGGGCGACGCTCTGCGCGGTCGGCATCGCGGTCCCGACGGGGAGCTCGCTCGGCTTCGGGGTCCCGGCGGGGCGCACGCTCGGGCTCGGAATCGCGGCGCGGAGCCCGCTCGGCCTCGGCGTCCCGGCGGGGCCTGCGCTCGGCTTCGGAATCCCTGCGCGGGCCGCGACTCGCGCCGCGATCTCGATCGCCTTCGCTGGGGCGGCTGCCGCGCTCGGGGCGCTCGTCACGCTCTTCACGCCGGCCGCGGGGCGCGCGGTCTTCGCCGCGAGCGCCTCGCTCGTCGGTCCGCTCGGCGCGGGCGGGTGCCCGGCTCTCGCGCTCGTCGGCGTCATCGCCGCGCCCGCGACCGTAGCGCGGAGCCTCGCGATCACCGCCAGCGCGAGCTCCACCCGCACGGTCGCGGTCGGAACTGCCGCGGTCGGAACTGCCGCGGGGGGTCCGATCGCGGCCGCTGCGATCGCGGTCTCCACCGTTCTCGTGCACGTCGGCGCGAGCAACGCGCTCCGGTCGCTCTTCACGCCCGCGGGGGCTGTCGTCGCGATCACGACCGCGTCGGCTCGAATCGGTCGAATCACGGTCCGACGCGTCACGACTGCCAGAGCTGCGGTCCGCCGAGTGCCGGTCGCTCGAGTGCCTCTCGGCCCTGTCGCGATCCCGGCCTTCGCCCTCGCGCGAATCGTCATCTCGACCACCACGGCCACCGCGCTCGCGGCCACCGCGGTCGCGACCTCGGCCGCCTCGCTCGCGCCCGCCGCGCTCGCGCCCGCCGCGCTCGCGGCCACCACGCTCCCGTTCGCCACCCTCGCGGCTGTCGTGCCGGATGGGATCGGACCCATCGTCGAAGGACTCCCCGATCTCGAGCATCTCGGTCGGGATCTCCTCGGCCAGGAACAGGGCCTTGCGGTCGTAGAAGCAGACGCCGTCCTCCCACGCGTCCAGGGCGTGGATGGTGAGCAGCGTGTACTCACGCGCCAGGCGCCGACCGGACTCGCGGGCGTCGTCCGGAGTAAGGGCCAGGTGCAGGTAGGAGCGGCGTCCGCCGCGCAGGCCGTAGCGGCGGGCGCGGTCCACGTCGCGGGTCGGCACGCAGACGTAGAGCTGCTCGGGCGGTTGGGCGTCGGGCCCGGCCTCGACGGGAATCGAATGGCCGTAGAGGGCTCGAATCTTGCCCTTCTCGATCTCGTAGCGCTGTCGGTCTCCACTCTCGACCGCGTCGGTGAGCTGGTCTTCGTCGACCGGCTCCCCGAGGCGCTCGTTCAGGGCGTGAATCACGTCGTCGACGTCGGCGAAGCCGTAGGCGTCAACTTCCAGATCGAATCGCTCGGGCTTGTGGCGCAGCATGAACGCCAGCGAGCGGGTGATCCTCTCGATGAGGGCCGAATCGGTCATGGGCGGTCGCTCGATACGGTGATCGAGCTCGCTTGGGGCCCGCGCGGGCGGGCGGGTGCCAGCGGCGCAGGGCCGCGTTGGAAGATGGGACCGTTGGATCTCGGGACCAGTGTCCGGCTGGGAAGCCCCCGGAGGGACTGCCTGGCAAGGAACACAGCGAACTCGGTGCGGTCAGGCACCGGGACCGGGGACCAGGGGCCGTTGGCTCCCGGGGCGCCGGCGGGCGCTCGCAAAGGGTCGGTTTCGAATCGGAACGGCTCGGAAAGGCCCGAGGCGGCCCAGCTTAGGACACGCCCACCAGGGGTGCCAGGGCGCTGAGGCGCCGGAGTCGATCCAGTGCCCCCGCGCCCCCCGAGAGGGCCTTCCCGAGGGCGGATTTGCCCTCGGAAGGGTCTCCCCCGAGCGTCTTTCCGGGGCCGGCCGGCCGGGAGCCGGGGCCAGCTCGCTCCGTCACCAGGATGCGTGGCCAGTGCGTCCAACTCGTCCGTCAGCGCGCGAGAGGCGGCCGCTGGCCCCCGCTCGGGGCTGCGGGGCGCGGATCATGGCGATGGATGTGGGTTAGTGTCCTGGATCAGAAATTCGGCGTCACTGCCCGGAGGTCCGATCGATGCTGGCTAGGCGCGCCGACGACGCGTATCCGCTGCGATGCTCGGAGGAGGCGCTGGCGACGCCAGCGGCGATCGGAGCCCGGGAAGTGACGCCGAATTTCTGATCCAGGACATTAGGTCCCGGCCTGCAGGGGTCCGGTCTCGCCCTCGGAGCGGGCGATGATCGCCGCCCCACAGGAGTCCGACCACACGTTGACCACGGTCCGCAGCATGTCCAGGGGCCGATCCACCGCGAGCAACAGGGCGGCGCCCTCCGCCGGCAGGCCCAGGGCGGCCAAGATCGTCAACATCATCACCAGGCCGGCCGAGGGGATGCCGGCGGCGCCGATGCTGGCCAGGAGCGCCAACAGCACGACGGTCGCCTGGCTGGCGAGGGTGAACTCGTAGCCCTGGGCGCTGGCGTAGTACTGGGCCAGGAAGACGACGCCGATGCACTCGTAGAGCGCGGTGCCGTCCATGTTGATCGTGGCCCCCAGGGGCAGGGTGAAGGACGTGATCTTGTTCGAGACCCGGCCGCGCTTCTCCACCGTCTCCATCGAGAC
CP036296.1_gap118	4445611	4447983	2372	CGTAGCGCACCGTGTAGTCGAACTTGGCCAGGATCTCGTCCTCGAGCCACTCCGAGTCGTAGGTCTCGGAGATGTAGCTACCGCCCAGGATCAGCTTGGCGCGCACGTTGTGCTTGCGCAGCACCTCGGCCAGGATGATCGCGGTGTCGTACTGCCGCTGCACCGACACCGAGATGCCGACCACGTCGTAGTTGCCGTCCTTGACCATCGGCACGACGTAGTCCTCGTAGTAGGACTCAAGCGCCTTGTGGCCGAGGTTCAAGTAGTCGTTGAACAGGTAGCCCAGTCGCAGGTGGAGCTTCCAGAAGACGTTCTTCTCGCGGAGGCTGAAGAACTTGGGGTACGACTGATACGGGTAGTACCAGATCGCCATCATCTTCAGGATTCCCTGGGCCGTCCGCCGGTAGCGGATCTTGCCGTCCTCGGGGAACTGCTCGTTAACCGGCGTGTCGCGGCGGAACTTCTCGAAGAAGGCCAGGTCGCGCAGCTCCCAGCGGGTCATCAGCCACATGGCCGGGAGCCCGAAGAGGTGCAGGAAGAGGCGCTTGTAGAGCGGGCCCGTCTTCGGCGCGTGCTTGATGCCCTCCTTGAAGAGCCGCGACATGCGCTTGTACCCGTCGGCCTTCTGGGACGCGTAGTAGAGGTCGAGATCCAGGTCTCGCTGGTGGGTGTCGGGGTAGCCGACCTTCTTCAGGTGGGCGACAAGGGCCGGCACACCCATCCACGGCGCATCGCAAGGAGAGTCACCGGGCGCATGGAGCAGGAGCGTCTTCATGTAACAGCGAGCCGCGCGGGGGCGGTGGTAGAGGGGTCCGAGACGAGGCCGTGCGGGTCCCACCCGGGGGGCCGGTCGTCGGTGGACGATTCTCGATAGGGGGAGGAGCTGGGCAGATCCCTGGGGGACCCGAAACCATAGCATCCCTCACGTAACCTGGCGATTTTCGCGGCAAGTCCGTCACAGGACCTCGGGGTCGCCCGATCGGCCCGCTGGCCCCTTCCCGGCCCCTCCAGGACCCGACCGCCACCGCCGGCAGCCCGACGATCGATGCCCTGGTCCAGGCTTGTCGGGGAGCGGCCCTACCGCGCCGGCTCGAGGACTGCTCCGTCGCGGGTCGAGACCCTGCCCTCGCGTCCTCACGCGCCAGATCGGGCGCCTCAGGGCTACCGGATCGCCGTCGCGCGCCGCTGGGACCTTCGACGTCACTCCCCCGGGTAGGCCAGACTCTCCTCGAGGAAGGCCACGACCTCGAACCAAAGTTCCGAACCCGGCTCGATCACCGGTGGGGCCTCGCGTCGGCGCGCTTCGCCGAGAGCCTCGTCCAAGCGCCGCACGATCGGAAACTCGTCCAGGTCGAAGGCGAACCGGCGATTCTCCGCCCCCACGAGCCGACTGAAGACGAAGTCCGCATCCGTGACCGGGGGCTCCTGCCGGCCCGGAACCAGCACGGTGTAGCGATTCTCCGAGGACATCCGCACCGCAATCGCCTCCAGGCAACCGCGGCGGGCGTAGCCACAGAAGGGCTCGTCTTGCAACGTCGCCAGGGCCTTCTCGATCTCCTCGTGGGGCGTGGACAGGACTCCCGACTCGACCGCGACGGAGCTCGGTGCGACCGCCACGCCTGTCGAGGGAGCGGTCGGAGCCGGCCGCTCGACCCGATCCGATGGCCTCTCCCCGAGGGCCGAGCTGGCCGGCGACTCGAGTACGAGCTGTCGCCTGGGGCTTGGCGTGGCCGTCGTCCGCTCCCCCTCGTCCTGACTCCGATCGGCGGCCGCCTGGGCCGGACTCCGCCCGCCGGCCTGCCGCTCGCCACGGTCGACGTTCGCGGTCCCGAGCAGAACTCCGAGGGCCGCGAATGCCAACAGCCCGACGGCACCGATCAGAAACCTACGACTGAACCCGATCACGAGGGGAGGCTCCCCCCCCCCTCGACAAGGTCAACGGAGCCTGGGAACCGCCCGGTCAGGCCCCGGGCCGCTTCCAGGCCTCGATCGCGGCGTCGATACGCCCACGCAGCTCGGCCACGGGCACCCGCTCCTGCTCCATCGAATCGCGGTGACGCAGGGTGACGGTGTTCTCGGTCAGGGTCTCGCCGTCGATCGTCACGCAGAAGGGCGTGCCGGCCTCGTCCTGGCGACGGTAGCGGCGGCCGATGGCGGCCTTCTCGTCGTAGGAGGTCGAGTAGCGCGCCCGGCGCAGCATGGCGCCGATCTCGCGAGCCTTCTCGGGCATGCCCTCCTTCTTGACCAGGGGCAGGACCGCCACGGTGATCGGCGCGATCGAGGGGTGCAGGTGCAGCACCACGCGGGTGTCCTTCTCGAGCTGCTGCTCCTCGTAGGCGTCGATCAGGAAGGTCAGGGCCATGCGGTTGATG
CP036296.1_gap119	4594566	4596622	2056	GTTCTTCTCGGGAGCGCCGCGGACGGCGCCGGTAATTGGTTCAGGCGGGTCGCTCGATCAAGCCTGCGAAGCCGGCTCGCCGCCGTGATCGCCGCCGGGCTCGCTGCGCACGACGACCACGCGGTTGCCGACGACCTCGAGCACCCGCACGGGCTCACCGATGCCGATGCTCTCGCCACGGCTGACCACGTCGACGCGGCGCCCGCCGATGCGCGCGTACCCGGCGGGGCGCAGGGGCGTCAGCACCTCACCCTCCTGGCCGACCAGGTCGAGGTCGCGCGCGTCGGTCGCGGCGGTGCTCTGGAAGCTCAAGCCGCCCAAGGTGTAACGCTTGCCGAAGGGACTCTGTGGCAAGAGCTTGAAGGCCACGACCAGGGTCACCGGCAAGAGCAAGGCCACGGCCAGCAGGAAGTTGACCCCGGTGCCGGTGTCCTCCTGGAAGGCCGCGATGACCGAGCCGATGATCGACGCGGCCGCCAGGAAGCTGAGCACGCCGAAGCTGGGGATGAAGACCTCGGCCAGCACCAGGGCCAGTCCGAGACCGAGCAGGATCAGGGCCAGGGTCACGCGCTCGCCTCCTTGGTGTCGACGTCCTCGACGTCCTCGACGCCTTCGACGCCCTCGACGCCCTCGACGCCCTCGACGCGCAGCCGACCGCCCTCGGTGCCGATCACCCGCAGCCGCTGGCCCCGCTCGAGCGTGCCGCCCACGGCCCAGGCCTCGAAGTCGGCGATGCCCTGGCCGTCGAGCTGCACGTGGCCCACCGGGCGCAGGTCCGTGGACGCCCGCCCCAACAGGCCCACCAGGTCGCCCGGGCGCGCTCCGACCGGGCCGCCGCCGACGGCCGAGCCGAAGGTCGGACCGGTGTCCGTGGGTGCCACGGCCATGCGCGAGTACAGGGGCGTCTTGGGCAGGATGAACGACAGGCCGACCGAGAGCACGAAGCCCACCGCACCCCAGAGGGAGGTGCGGAAGGCGGCCTGCAGGGCCAGTTGGCGGTCGAACTCGTGGGCCAGGGGCAGGCCCGGTCCGAGCTGGGACCAGATCAAGCCGGCCACGACCAACACCGCGCCGACAATCCCCGGCCACAGGGTCCCGGGCACCAGGAACAGCTCCACGGCGATCAGCACCGCGCCGAGCCCCATCACCAGGAAGTGCTCGATCCCCGCCAGGCCGACCAGGTAGCGCCCGAACAGGAGCGCGCCGAAGCAGGCCAGGGACAGCACCGCGGCGATCCCGAGGCCGGGGGTCTTGAGCTCGATGTAGGCCAGGGTGATCCCGAGGATCAAGAGCAGGGGCGCGAGGGAGTCCAGCAGCGACGCCAACTCCTCCGCCCTCGACTCCTCGACTCGCGTGACCTCGGCGTCGGCCGGCAGGCTGAGGTGCACGGTCATCAGCTCGGCCAGGCTGGCGACCTCGTCGTCGGCCAGGCGGTACTCGAGCGCCTCGTCGGTGGTCAACGCCACCAACCGACCGCGCGAAGCGATCACGTCGATCTTCTTCACCGGCGAGCCCTCGAGCCGCAGGGTGTCCCACTCCTCGCCGGTGACCACGCGCCGGAAGCCGTCGACCTCGACCCACAGCACCTCAAGGGACGGGTCCACCATGCCCTCGGCCAGGCCCGTGGGCCGCGCCGTGCGCTCGGCCACGCTGCGGAACCCGCTGCGCGCCACCGAGAGGAACTTCTCCTCCACCGCCTCGACGCCCGTGGGCACCGAGACGATCGGGAGGGCCGCGCCGATCTGCCCGTCGGGCCGCATCAGCAGCATCTCGCACGACATGGCCACCAGGGCCCCGGCCGAGAGGGCCTTGGGAGCGACCCAGGCGACCACGCGCAGACCGTCCTCGCGGGCATCGAAGATCGCCGACGAGAGCTGCCACATCAGGTCGACCCGCCCGCCGGGGGTGTCGAGCTCGATCACCAGGGCGTCGCGGCGCTGCTTGGCCTCGCCCACGGCCCGGCGCAACAGGCTCAGGGCCCCGCGGTCGAGCTCGCCCTCGAAGGTGATCACCGTGACACCGCGGATCGCTTCCGACTGGGTCTCACGCTCGTCGT
CP036296.1_gap120	4598614	4600449	1835	CCGCCGTCCGCCGGGACCACCAGCTTGGTCTCGGTGCGCAGCATCTGGTAGCCGCAGTGGACCTTGCCGATGCGCCAGGCGGGCGGGATCGGCATGCCGTACTGGATCGGGTCCTTGTCCGGGGCCGGGCCGCCGTAGTTCTCGGCGTAGGGGTAGGAAGTCAGCACGAAGAAACCCGGCTTCTTCAGGCCGCGCCGGAAGGCCGGGTCGGTCATGGAGTCGACCGCCTGGCTGAAGTGGGCGCGCTCACCCTCGAGCAGCACGCGCAGGCCCACCCCGGCGTACTGGCTCATGACCCGCCCGTCGTCGGTGATGGCCAGGTAGATGCGCCAGCCACTGGGGTTCTCGAGGTACTGCCAACGCCACTCCTCGATGGTGCGCGGGGTGAAGTTGGGATCCACGTCCGCGAAGCAGCGGTTGAACGTCTCGAGGATCGCCTCCTCGTCGCCGGCGCGGTACTCCCGGATCTCGTAGGGCGGCAGTTCGGACACGGGCGATGCTCGGGGGGGAGGGAGGAGTCCGTGGCGGGGGGACCGGGGCCGGCGGCGGTTGGATGGCGGGAGCGCATGGGAATCGAACCCACCGGTCACGCTGTTCACGCAACCCTCGCGGCTTTGAAGGCCGGGCGGCACACCAGCACCGATCCGCTCCCCCGTTGCGCGCCATTCCAGCGTCAACCGCTCCGAGGTGCAACGGATCCCGGTAGCCTCCCGCCATGGGAACCCTCCGACGGCTGCTGCCCGCCCTGGTCCTATCGGCCTGCCTGGGGTCCTGTTTGAGCCCCGGTGGAGATTCCGGAGCGGTCGACGGGCGCGTCGAGCACGTGGTGTTGTGCTGGCTGGCCGAGCCCGCCAGCGACGAGGCCCGGCAGAAGGTCATCGAGGCCAGCCGTGAACTGACGGTGATCCCCGAGGTGCTCTCGATCACGGTCGGCACGCCCCTCGCCAGCGACCGCGAGGTGGTCGACGACTCCTTCGACATCGGGCTCGTGATCACCTTCCGCTCGGCGGGCGACCTGGCGGTCTACCTCGACCACCCGGAGCACGTGCGACGGGTCCAAGAGGTACTGGGCCCGCTGACCGAGCGAATCCTGGTCTACGACATCATCGACCGCTGAGCGAGGACGCGCCCGGCTAGCGGGGTCAGCGCCCCGCGTCCTCGGCCCTGGCGCGCCAGTAGTCCAGGGCCACCGGCATCCAGACCTGCGCCCCATCGACCGGCGGCGGTCCACCCTCCGTCGGACGCGGCGGCTGGTCGGCGCCCACGTTCCAGGTGAGGACGCCGGACACCACCGCGGGCCCCTCGATGTACTGCGATCCGAGCAGCCCCAGCCGGAACTCGATCACGGTCGACCAGTCGTCGCCCGGACGGAGATCGAGGGTCACCGCACCCCCGCTGACTGCCTTGAACCCGCTGGTCAGACCGGGTGAATCCGACGCGTGGTGGACGCCCACAGCGATCAACTCCTCCGCCGGCCCACTCAGGTCGATCAGGAAGTAGACCCAAGTGTTCTCGAACCAATCGCCACCGCCGCCCCCTTCGAGGAGCAGCAGCCCGCCCTCGAGGAACTCGTAGCGCCCGACCGCCACCGGCCACGGTTCCCCTCGCCAGCCCGCGAAGAACGTCGGCTGGTCCGGCCCGGCGAGGGATCGATGGATGACCTCCAGCTCGACCTCGTCGGTGTGGAGCGAGTCCTCGAGGCCGGGCAGAGTCCTGCCGACTGGACTGGCCAAGCTCCGCCGGGTCTCGAGCACCGGGTCGGAGGCGTCCTGCCCCTCGGCACATCCTGCCAGGGGCAGCGTCAGAGCCATGCCGGCCAACATCGACCGGCGCCC
CP036296.1_gap121	4627869	4631192	3323	GTCGCTCGAGAACCAGGCCGGCATGTTGGTGCCCGGGTGGTCCTCCTTGGTGAACTCGTCGAGCCGCACCTCGAAGGGCATCGGGAAGCGCTGGCGCCGCAGGTCGAGGACGAAGCGCGCGCCGCCCACGTCGACGGTCCAGGGCGCGGCGTCGTAGGCCCACAACAGGCCCACCTGCCGCCGACCGTCGGCGCCGGTGACCGCCACGTAGGCGCCGGGGCCGTTGCGCTCGGCCTGGGGTGAGAGGGGCTCTGCGCGCAGGAAGAACCCGTCCACCACCGGCACGTCCACGTCGAACATCGGGCCCTTGGGGCTGACGTTCGCGTTGTCGAACCAGTGGGTGACCTCGAGGCGGAAGGGCAGGCCCGAAGCCACGACCGGCGCCGCGCTCGTCGCGCCGCGCAGGGAGTCGCCGGGCAGGATGCGCTCGGTGTGCCGACCGGCCGGATCGACCGAGATCACCGCCAGCTCCGTCTCGGTGTAGCTCTGGAACCAGGCGGCCGTGTCGCCCTCGTAGAGCGTCACGTGGCCCTCCTCGCCGGTGGCGTACTTCACGAAGCCCGCCACGAGCATCAGCACCATGCCCAGGTGCGCCACCAGCACGCCCGCCGTCCCCGCGCCGCGCCGCAGGCGCACGACGCCGCCCAGGATCAAGTTGACGAACAACAGCCCCATCACCAGCCCGCCGCCCGGCAGGGGGATCGGGACGCCGCCCGCCTCGTGGATCAGGTAGCTCGACTCGAAGTAGCGCTTCTGGACCTCGTACAGGCCGTGTTCCGCCTGCTCGAGGGTCCCCAGGAAAGTCAGCAGCGCCAACAGGCAGATCAACACCCCCGCCAGGGAGATCGACGACAGGACCGCGACCAGGCGCGCGGATCCGCTGGACAGGACCTTCACCGGCTGGTCTCCAGGCTGGCGACGAAGGCGCGGAAGCGCTCGCGCTCGGGCGCCGCGGCGTCGCGCGGTCCGACCAGCTTGACGAAGACGGTGCTGCCCTCGAGCGAGGCCACCGCGCCGAGCATCAGCGCCTCGTCGTGGGTCTGTCCCGACATGCCCTCGAAGGCACCCTCGATCTCGATCAGGATCGCGGTCGAGCCCAGGCACGGCACGCGCTCGAGCGAGGCCAGGGCCGCGTCGTCCAGCGGCGCGAGACCCATCTGCCCGCGCCAGCGATCGAAATTGGAGCGGATCCCGCCCCCATCGCCCCCCAGCACGCTGATGTAGCACTCGACCGATCCGGCGGGATCGGTGGTGAACGTCACCTCGCGCATCATGCGCGGCGGACCTTGGACCCAACCCTCGGGAGCGCTCCAGGTCAGTGGTCCGCCGGCCGGACTCGGCGCGGCGGTCGCGCTCGGAGCCCCGCCCAGGGACTCCGCCAGGCGCTCGAAGGCGAGCAGTTCCGCCTCGACCACGTCGGCGGGTCCGACGAACTTCAAGAACGCCGAGCCCCCGCTGTCGACCGCGAGCAGGCCCACCATGCGGAAGCCCTCGCCGCCGCCACCAGCCATGCCCGAGTAGCTCCCCGCGAAGTCGACCCGCGTGGCCGGGCGCCCCAGCAGCGATCCGGACGGCAGGCTCTGGAACTCCGACTCGGTCAGGTTCGAGAGGCCCATCTGCCCACGCCAGCGATCGATGTTCGCCCGCAGTCCCCCGCCCTCGCCGGGCAGCAGCGTCAGGCTGCAGTCGGCGCGCTCGTCGCGCGCCACGCGCAGGTTGAGGGTCCTCATCGAGGTCGGCGCCAGGGCCAACCATCCGTCGGGCAGCTCGAAGTCCGGTCCGCTCGCCATCGACGGCACCCCGCTGGCGACCGCCGCCGGCTCGAAGCCGAAGCGCCGCGCCGGGCTGGCTCCCACCTCGAGCTGGTCCCCTTGGAACGGCCGCGCTTCACCGATCGCGACCGTGCGTGAACCCTCGTCCGCTCCGCAACCCACCAGCGACGAGCAGAGCATGACCCCCACCGTCACTTGCAACAGGACCACGCCGCCGAGGAGCGCCGCTTCCATGCGCCGCACCGGCTCGACCGTCCCCGCGCCCGACTGCTCGATTCCCATGGTTCCCAAGTCGCTCCGAGACGGTGTCGGACACCGGTCACGGGAGGATCTCGACCTGGGGTCGCACGTGCCTTGAGCGCGAACAGGGCTTCACGCAGCTCGAACCGGGCTCCGCGAGGCACTCGGAGAGCCCCAGCGGCTCTTCGCCACCGACGGGGCTCAGCGCACGAGCGGGAAGACCGCGTCGCGCGCGAGCCAGCCGCGGGTGCCGTCGCGGCGCTCGATGCGGACCCAATCCGGTAGCTCGTCGATGCGTTGGGCGACTTCGCCGGCTGAGACCTCGCCGATGGCCGGCCGGCCCTCGAGGGGCTCGGCGCGCACCGTGGTGGTCCCCTTCCTGACGACCATCACCGGGTCGTCGACCCCGTGCAGGGAGTGGTGGGCCAGGGGCACGGCCCCGGCGGCCGCCGCGAGCACGGCCAGGGCCACGGCCAGTCGCCAAGCGCGACCGCCGCGCACGGCCTCGCCCAAGAGGGCCACGAGCAGCGGGCCCAGGGCCAGCAGCGCCAACCAACGGGCCTCGGACGGCGTGATCAGGTCGAGGCCCTCGCCCACCGACGCGGCGAAGTCGTCCTCCAACTCCGTGTCGAGCTCGGCGGCGCGACGCGCCAGGGCCAGGTTGGCCCGGGTGTCGAGGCTGCGCGGCGCGTGGCGCAGGGCCGCCAGGTACCAACCCATGGCTTCGAGCGGCCGCTCCAGGCGGAAGGCGGCGTTGCCCAGGTTGTGGAGCAGGGCGTGGCGATCGAGGATGCGCTCACGCCCGCGCAGGCTGGCGGCGCTCGACTTCGACTCGGCCAGCACGTCGAGCCAACGGCCCTCGGCGATCGCGTACTCGCCCCGGCGCCAGGCCTCGACGCCCTCGTCGAAGCGCCGCGCCAGGGCGCCGAGTTGCAGCTCGTAGGGATCCGGCGCCGGCGCGGCGGGGACCGCCGCTGCGGTCGCCGTCGGAGTCGCGGGAGCGGACCCATCCAGCAGTTCGGGGCCACCGGGGACCAGGGCGTCGTCGTCCAGGGTCGGATCGATCCCACCCCCCTGGGCCCGGGCCACGGCAGGTAGCAGGACGATCGCGAGCAACGCCAGGATTCGAAGCTTCGTGTTCACAGTCCATCCCCCAGGAGGTCGCGCGCGGTCCCGATCAGCTCTTGGCGCGGCACCCGCTCGCCGTCGCCGAAGACCGCCGACTCCAGGTCGCGGTTCATGCGGACCAGGGCGTCGACCGTGTCCGCGGGCAGGGGCCGCTCGCCGTGGGGTCCGAAGACCTCACGCGGA
CP036296.1_gap122	4733931	4734529	598	TCGCGCCGTCGCCTGCCTCCCTGGCTCTGCGCGTGGTCAGCGCGAATGTGGAGTGCTTCTACTGCGAGGCGAACTGGGACGAGCGCTCCGCCTCCACCGCCGGCTACCTGGGCGGGCTCGCAGCCGACCTGATCGGTCTGCAGGAGCTCGTCACCGACCGGGACCTCGAAGCGGTGGTCCCCACCACCGGCGACTACGAGCTCGTCGTGCCCCGCATCTTCGGCCAGGCCTACGGGGACGCCGCGATCCTGTTCCGCGCCTCGCGCTTCGAGCTGCTCGAGTCCGGGGTCGTCTGGCTCGGCCGCAACCAGGGCCTGCCCCTCTCGGCGGGCTGGACCGTAGGCCTGCCGCGCTACGTGAACTGGGTCCTGTTGCGCGAGCGCGACAGCGGCGCCGAGCTGATCTTCGTCAACACCCACTTCGACCCGAATCGCCCCAACAAGGACGCCTCCGCGCCGATCTTCCACGAGGTCGTGACCGCCCTCTCGGCCCGCGCGCCGGTGATCGCCACCGGCGACTTCAACACCTGCACCGACGCGGAGCGCTTCGCGATCGTCTGCGCGCCGCCGATCCGCGACACCCACGCCATCGCCTCGGC
CP036296.1_gap123	4753324	4756600	3276	TGCACCTCAACGTCGACACCGGCATGGGGCGCCTGGGCTCCGGGCCCGCGCGGGCCCTCGAGTTGCTCGAGGAGATCCACGCCAGCCCCGGCCTCGAGCTCGCCGGCAGCATGACCCACGTGGCCTCCTCGCGGGGCGCGGACGACCCCGGTACAGCGGCGCAACTGCGCTCCTTCGACCAGTACCTCGGGCCCGCGCGCGAACGCGGCCTCTTGCGCGGTTGGACCCACGTGGCCAACTCGGCCTGCATCTTCACCGGACTCGAACCGCGCTTCGACGCCGTGCGGCCCGGGATCGCCGCCCTGGGCATGCTTCCGGCGGAGATGGGCGTGATTCCCGCCGGGGGCGGCCGCCTCGAGGCCCTGCGCCCGGTGCTCTCGCTGCGCAGCCAGGTGGTGTTCTTCAAGGACGTCGAACCGGGCACGCCGATCGGCTACGGCGGCACCTGGAGGGCCACGCGGCGCTCGCGCATCGCGACCCTGCCGGTGGGCTACAACGACGGTGTGCCGTGGCGACTGGGCAACCGCGGACGGGCCCTGATCCGCGGCTGCGAGGTGCCCATCGTCGGTCGCGTCTCGATGGACTACACCACCATCGACATCACCGACGCACCCGGCGCTGACGTCGGCGACGTGGTGACCCTGATCGGACGCGACGGCGAGCGCGAGCTCTCGGCCAGTTGCCTCGCCGACGAGGCCGGCACGATCCCCTACGAGATCACCTGCTCGATCGGTCGGCGGGTGCCGCGCATGATCGTGGAGGGCGACGCGCGTCCATTCGCGGGCCGTTCGGCCAGCAGCGCGGACCAGGATCCCTCCAACGCGGATCGGAGCGGCGCGGCCGCCGAATCGACAGTTGCACCGGGGGCGACGCCGTGAGGCGAATCCTGCGCCTGCTCGAGATCGCCGTCTTCGTCGGCTGCGTCGTGTTGGTGGTTGGAACCCTGGCCCTGTTCCCGTTGGAGCGCAGCGGAGCCCTTCGCGACGCGCTCCAGGCGGAGCTCGATGCCGTGCTCGGCGAGGGCGCCCACATCGGCTCGGTGCGCTTCCACTGGAGCGATCCCGGCCTGCGGCTGCGCGATCTGACCATCGCCAGCATCCCGGACGAGAACGGCGGCGAGACGATCGAGTTGATCCGCCTGGACGAGGTGCGCGTGCAGCTCGGACTCTTCCCCCCGCGGGTGCGGCGCGTGGCCGTGCTCGGCGGCGTCGTTGCGGCGGGGCCGGCCCTGGGCCAACGGGCCTTGGCCCTCGACGCGAGCATCGGCCGGAATGAGGCCGACGAGGATCCCGGAGCCGAGCGCGCCGCCTGGTTCGCCGAGGATCTGCCGCAGATCCTGGTGCGCGACCTCGAGGTCCTGGTGGCCCTCGACCCGTCCGCGCCGGCCCGCCCCCTGGGCCGCGTCGAGCTGCGCGTCGAACCGACGGCCGGTGGCACGCCGAGCGTCGAGGGCAGCATCACGCCTCGCTTGGGACCTCCGGATTCGCCCGGCGCACCGGTGCGTTTCGTCGGGGGCGTCGACGACAGGGGCGAACTCGTCATCTCGACCGCGGCCACAGCCGTGCCGATCGCGACCGCTGCACTCCCGGACCAACTGCGCGCCGGAGCCGAAGCCCTGGGCGCATGGATCGCCGCGGTGGACCTCGAGGGCAGCGCCCACTTCGAACCGGGGGCCCTGATCCCCGCCCGCACCGAGCTGCGCGCGCGCGCCTCGGGGCTGCGCGGCGAGGCCGTCGACTCCGGCCACCTGCCCGAGGGCGCGCAGGTCGATCTGCAAGCTCGGTTGTTGGCGCCGTCCGACGGCGAGTTGCTCTGGGCTCGGGACCTGGGCTGCCTGAGCGAGCTGCGCTGCGAGTGGCGCGGAGCGCAGATCCTGGTCCGCGGCGCCCTGGGCGCCGATGCCCCCCCGGGCATTGCCGCGATGCTCCAACTCGACGCCGACCAACTTCCGATCGGACGCGGCGCCCAGACCCAGGCCCTCAGCTACCTGGAGTCGGCACCCTACGTGGCGGAGGAGATCGAGCGGGTCTTCGCAGCCCTCGACCCCCGCGGCACCCTCGACCTGCGCGCGGCAATGATCCTCGACCGGCGCAACGATCCGGATCTGCCGGTCGAGCCGCGCGTCGTGCTCGTGGCCGATCCCGCCGGCGACGCGCAGCTCGCCTACCGCGGCTTCGAGGACCAGATGGGCGCGCGCCACGGCTTCCCGATCCGCGCCAGCGAGATCCACGGCCGGGCGATCCACCTGCACGATCCGCTGCGCTCGCCCAACGACGTGACGGCTCTGATCGGGCTCCGAGCCAACCATCCCAGCGGCACGGTGACCGCCGACCTCGGCATCGTCGGGTCGACGCCCGACACGGGGCCTTGGCCTCGGGTTCTGTTGGACCTGCGCGTGCCGCGGATCGACGTGCCGACCGACATGGTCAGGGGCGTCGAAGGGCTGGGGCTCGAGTTCGACCTGACCGAGGTCTTCGCTCCCCGCGCCGGCACCGCCATCGGGCGCTTGCAGTTGGACCAGCCCCACGAGCGGGTGCCGCCGGTGATGGCCATCGACCTGGAGGTCCAGGGCGCCGCCGCCACCTGGGACGTCTTCCCCGCTCCCCTGGACCAGGTCGACGGCAGCCTGCACCTGCGTTGGAGCGGCGAGACCGTGGTCGCCCAGGGGACCGAGGAGGACGAGCGGCCCTTGAGTCGCCGAGCCTTCGGCCTGGGCTTCGCCTTCGAGGCGCGCGCCGCCGATGGCTCGTCGATCGACATCGCCGGCGCACTGCGGGATCCCGAGCTGGCCCAGCTCGAGTCGCCCCTGCGCTACCCGCCGGGTCAGTTCGCCATGCTGCGGACTGCCGCGGTCAGCCTGCGCGGTGTGATGGCGGGCGGACCGGTGGTCGACGTCGCGCGTCAGAAGTTCCCGGAGCTGGCCGAACTCCTGGACCAGGTCGTCGCCGAGGGCGCCGCGACGGTGCACCTGAGTCATGGGATCGTCGATCGGTCCGGACCTGCGCGGACCTCGATCGAGGTCCTGCCCGACGGGCTGCGCGCGGCTCCACAGGGACTGCTGATCGACGAGCTCGAGGGTTGGGTCCGGGTCGTGGCCGAGAATCCACCGCCCGCCGCCGTGGCCGTCGCCAGCGGCGATTCGATCGAGGGCGAGACGGCGGCCGCGGACGCGGCGCCGCGTCCCATGGTCTACGCCGGCTTGGACGCGCAGCTGATCGCTGTGGGACCTGCGGCCGAAGCCCTGGCGAGTGCGGTGCCGATCGCACTGGACCTGCG
CP036296.1_gap124	4764252	4764959	707	GAGACCATCCGCACATGCCCAGCGGACTGCACGAGCCGCGCCACGATCTCGGGTGGGGTTCCACTCGGCAAGTCCAGAGGCTCTGTGGGGCCCAACTCGAGGCGCGCCATCAGCGCACCCTTGTCATCGACAACGACCTGCTCGCCCGACTCGAGCCCGACGACGGCGAGTGGACCCAGAGGAGTGTCCTCCAGAAGCGTTAGCCGCGAGACTCGCTCGGGAAGGTCGACACACCACCGCTCTTCCCCGGTCGAGGTCAGGCGGACCAAGACAAAGCTCTTGCCCTCTGAGGTGCCCGCCACCACGAGTGCCGCTCGTCCATCGACGTCAGGATAGAGAAGGACATCGGCGGCATACATCCGGTCTTCTAGCCAGCGTTCTGCCAGAGCCGTGTCCGGAGGGAATGTGCGATGGACATGCAGTCGTCCGAAGCACTCGACGAGCAGCCCCGGAAGCCGCTCATGCGTGTGAATGCCATAGCGCCCCCATAGCTGATCCGATCGCCAACGCTCTCGTCCCTCGAGGTCGACGCAGACGATGCCGCGGGCACTTTCGGGCGAAAGGGCAACTCCGCCGAGGAGAACTCCGCCCTCCCCTTCCGGAGTGCGGCACCGCATCGGAGGCAAGAAGGTGTGGTTGCCGTTGTCAAGCGCCCAACGGACAGCTCCTCCGGCGTCGATGCACGCGAGCCGATTCGGACCGCTGTG
CP036296.1_gap125	4902229	4904891	2662	CCTTCGGTGTTTCGCTCCACAAGTCGAAGTCCGGCACCCTCGGCTTCGACGCGCTGACCGCGATCAAGGCCGCGCCCACGCGGCGCCTGGTGGGCATCACCACCGACGGCCCGCGGGTTCCCCGTCAGGGCTACAAGCTCTTCGACGGCGACGACGAGATCGGCTTCGTCTGCTCCGGCGGCGTCTCGCCGACGATCGACTCGAACATCGGTTCGGCCTACGTGGCACTCGGCCACGACGAGGTCGGCCGGACCCTGGACCTCGACGTGCGCGGCAAGCGCCAGGCCTGCCGCGTGCAGGAGCTGCCGTTCTTCTCGCGCACGCGCAAGTAGACCTGCGCGCGCCCCTCACCCCCTACCCACCCCCATCGATGCGCCCCGACGACCGTCAGTACACCAAGTCCCACGAGTGGGTGAAGAAGGACGGCGACACCGTCCTGATCGGCATCACCGACCACGCCGTCAACGAGCTCTGCAGCGGCAACGAGGGTGACCTCGTCTACTGCGACCTGCCCGCCGTCGGGCGCGCGGTCGACGCCGGCGAGACCTTCGGCGAGATCGAGTCGGTCAAGGCCGTCGCCGACCTCAACGCACCGGTATCGGGCGAGATCGTCGCCACCAACCCGGAGATCGAGGACCACCTCGAGATCCTCTCCACCGACCCGTGGGAGAAGGGCTGGATGGTCCGCCTCAAGCCCCGCACCAAGTCCCTGGACGGCGAGCTGATGTCGGCCGCCGAGTACGAGAGCCACGTCGCAGAACACTGAGACCGACTGGCGCCTGCTCGAGACCTTCGAGCGGGACGCCCTGTGGAACATGGCCGCCGACGCAGCCCTGCTGGTCGGCGGCTGTCGTGTTCCCACCCTGCGGCTCTACACCTGGGAGCCGTGTGCCCTGTCCCTGGGCTACTTCCAGCGCGTCGAGGACGTGCCGGAGGCGGTCGCGCGCCGGGGCGACCCCCGCCGACCGTTGATCCGCCGACGCACCGGAGGCGGTGCGATCCACCACGCCAGCGAGCTGACCTTCTCGATCGCCGCCGACGCGGACCATCCGCTCTACACAGGCCCGATCGCCGAGAGCTACCAGCGGGTGCACCGCATCGTCGCGACCGCCCTGGCGCAGTTCGGCGTGAGTGCCCAGCCGCGCGGCGAACGCGAGCTGGTGTCGGACGTGGCCGGCACCGGCATGTGTTTCCACGCCTCCCATCCCCTCGACCTGGTCTGGGAGACGCCCGAAGGCTGGGCCAAGGGCGTGGGCTCTGCCCAGCGCCGCAGCGAGGGGCGCGTGCTGCACCACGGCTCGATCAAGCTCGGGCCGGATCCCCTCGAGCCGCACGTGGCGACCGTGGCGCACGGCGGCGGGCAGGTCGAGGCTCGCGAGTTGGGAGCGGCGCTGATCGGAGCCCTGGCTGCGGCGAGCGGCGTCACGCCCATGCCCGGCGAGCTGACCGCCGCGGAGCTCGCTCAGCTCGAACGCGAGGCGCGCGCCTTCGCCCACCCGGCCTTCACCGGCCGTCGATAGCCCGCAGCGCCTTCTCACCTCGCGATTCACACCAGCGAGCGAAAGGGGGGCTCTGGGCGACCGCTGGCCTGCGAAGTCGACATCGATCCCCCGCCCCCCCACGGCTTCGGAACGCGACAGATGACGCAGCCACCATGGGGCCGCAACCGAGCGTCGGGGTCGGAGCTGTCGAACCAGCCGAGCCCGAACGCCCTGCCGCATGCAGAAGTCGTTCGAGCTCGCGCGGACTCCGACTCGGGCCTACAGGTCGTAGAACTGAATCTTCAGCTTGCCGACCTCTTCGAGCACGCCGACCTTCTCGTTGAACTCACCGCAGCCGGCGATCACCTGCACCAAGTCACCCACTGAGGACATCTCGAGCCTCGCGATGTAAGAACCCGCGGGAGCCAGGACCCGGAAGACCGAAGTGGAGTTCGACTTGGTGTCGCCCGAGTACACGAATGCCGAGCGAGAAGCGGGCTGACCGGTGGGGAAGGTCGCCAATACGTCACCCGCATCAACCACGCAGTTGGCGTTGAGGTCGTGGTAGATGGCGAAGGTCAGGTCGGTCTTGCCTTGAATGTTCAGGCCATTGCGACCGATCGAGAACCCGTCGAACGGAATCAGCAACTGCGAGTTGGCGGTGTGAGTGTTGAAGGGTACGTCGATGCGGGCGGGCGCTTGGCCAGTGGCCGCGTTGCCGATGGTCAGGTCCGCGTCAGCGGTGATGAAGCCGAATGCATTGCCCTGGATCGTCGTCTCGATGGTGGCTCGCAGCTCGGTCAACGTCTCGAAGCGCAGCTCGAGCTCACTGGAAGAACCGTCCGCAAATGCCCGGAGGGGAGGGCTCTGCAAGGGAGTCACAGAACCCTTGGCCAACTGAGTACACGCGCCCTCTCCGGGCGCCGTGTACACCTTGGAAATCGACGCCGCATTCGACGATCCACCGTCGAAGTCCAGCAGGTTGCCGAAGTTGACGTCGGAGTTCACGGCGAAGGTGAAGTCAGTGAACTGAGCAACACCGGCGGCCTGCACGGTGCTCCGGACTTCGCCTTGAAGTCCGACGGCGCAGGCGGGATAGCGGTTCTGAGCCGATGCGACGGCATGGGTTGACGCGAGAATCGCTGCGGAAATGAGTAGACGGTGGCAAATCGGTCGAGTCA
CP036296.1_gap126	4913329	4914651	1322	CCTCTCCAACGACGGGTCGCGCGAGGACCTCGCCCGCGCGGCCGCTGGCCTGCGCGCCGAGCTGCTCGCGGCCGATCGCTGACGCGCGGCGGCCCCATCAACGACCTCCCCCACCTTCGCCCACGCCGGCGGCCCCCGCCGTCCGACCGCAGCAGCAACCCAGCGGGCCCGTCCCGCCGCCGATGGCCACCAAGAAGCGCAACCGTCAACGTCCCAAGTTCTTCCAGAAGAACAGGCCGCAGCTCGACAGCTTCGAGGTGCGAGTCGACTTCGAGGCGCTGCCCGCCGACCTGTCCGAGGACGACGCCGAACGCCTGTGGGACGAGCTCCCGCCGGCGACGCGCAAGACCAAGCCCAAGGCGGTCTCCTACTCCGAGCTGCAGGAGCTGAACCTGGCCGATCTGCACGAGATCGCCGAGAAGGAGAAGGTCGATGTCGACGACGCGCGCAGCCGCCGCGACGTGGTCTGGACCATCACCCAGTCGCGCATCGCCAAGCACGTGCCGATCACCACTTCGGGCGTGCTCGAGGTGCTCGACGACAAGCACGCGTTCCTGCGCGTGGCCCACAACAGCTACCTGGCCTCCGAGGAAGACGTCTACGTGCCCCGCTCGACGGTCGACCTCTACGGCATGCGTACGGGCATGACGGTGGTCGGGACCCTGCGGCCCAGCGCCGAGGGCGAGCGCTACTTCTGCCTCTGGGACGTCGAGTCGATCGACAAGCACGACCCCGACGAGGCGGCCATCCGCACGCCCTTCAAGGAGCTCGTGCCCCTCTACCCGGAGGAGCGCATGACCCTCGAGGGGGCCGCCGAGAATCCGCTCGAGATGCGGATCGTCGACCTGATCACCCCCATCGGGCGTGGCCAGCGCGGGCTGATCGTGGCCCCTCCGCGGACCGGCAAGACGGTGCTCTTGCACCAGATCGCCAACTCGATCATCGCCAACGCCCCCGACGCGCACCTGATCATCCTGCTCTTGGACGAGCGGCCCGAGGAGGTCACGGACTTCGCTCGCTCCCTGGCCAGCGACAAGCGCGAGATCATCAGCTCGACTTTCGACGAGCCCGCGGCGCGTCACGTGAAGGTGGCGCGGATGGTCATGGAGCGGGCGCGCTGCCTGGTCGAGGCCGGGGAGGACGTGGTGATCCTCTTGGACTCGATCACCCGCCTGGCCCGCGCCAGCAACCAGGAGGCGCCCAGCGACGGCAAGCTGCTCTCGGGCGGCATCGAGGCCACGGCCCTGCAGATGCCGAAGCAGTTCTTCGGGTCGGCGCGCAACATCGAGAACGGCGGCTCGCTCACGATCCTCGGCACGGCC
CP036296.1_gap127	4922588	4926840	4252	CCCCACCGCGCCATCGTCCTCGAGCGCGGCCCGCGCCATCTCCGTCACCGTCCAGCCGGGCTCGACCAGGTTGATTCGGGCCAGGGGATCGATCCTGGGCAGCTCGTTCTTGAGCGATTGGACCAGCCCCACCAGGCCGGCCTTGGCCAGGGCGTAGTCGGCGTGCCCGCGCTCGCCGAAGCGGCCGGCGGTGGAGCCGATGCAGACCATCGCCGCCCCGCGACCCGCGACGGGCCCGAGGCGCTCCAGGGTCTGCATGAAAGCCCTGGCCGTGTGCACCGCGCCGAGCAGGTTGATCGCGATGGTCTGCGCCAGGCGCGCCCCGTCGATCCGGTGCAGCGGGAGGTCCTCGATCGGCCAGACCCCCGCATTGGCGATCGCCGCGTCCACGCGTCCGAAGCGCGCCGCGCCGGCCTCGAAGGCCGCGTCGACCTGCTCCGCCTCGCGCACGTCGGCGGCCACGCACAGGGCGCGCTCGCCGAATTCCTCCGCGGCCCAGGTGGTCAGCTCCGCGATGCGGTCGTGGCCCGTAAGGACCAGGCGCACGCCCTCGGCGGCGAAGGTCCGCGCCAGGGCACGCCCGATACCGCCCGATGCGCCGGTGATCAGCACCGTCGACTCCGCCAGTCCGAGATCCATTGCGCGGAGCATAGCCGCGTGGAGCACCGCCGCGTGGAGCACCGCCGCCCGTCCCCGACGCGGGGACCGCCGCCGGAGCACCCCTGAGCTAGTCCGCTCCGGGAGGCCCTGCTAGCCTGTGTGGCCCCAGGCCGCCCCCCACGTAACGGCCCGGATCCGCCGCCATCGAACGATCGACCCCACTGCGACCATGCGCTCCAAGTTCACCGCCGCCCTCGCCGGCGCAGCCCTCACCACCCTCGCCGCCTGCGCCAGCAACTCCGCGCACGAGTCCCAGCAAGAGGGCTCGTCGACGCCCGTCGAAGTGGTCGAGTCCGGCCAGGACCTCGGCCTGATCACCGCGGCCCCGGTAGCCGGATGGGACGTGTACGGCGGTGACGTCGACGAGACCACCCCGATCGCCGCGGCCGACCTCTTGGCGCGCGCGGAGGCCTTCGACGGCCAAACGGTCGTGGTCGAGGGCACCGTCGACGCCGCCTGCACCAAGAAGGGTTGCTGGATGATCGTCAAGGGCGGCGACGAGGAGATGCGCGTGCGCTTCCAGGACTACGCCTTCTTCGTTCCGATCGAGTCCGCCGGGCGCACCGCGCGCATGGAAGGCGTGTTCTCGATCGTCGAGACCCCCGAAGCGGACGTGAAGCACCTGCTCGAGGACGCCGGCAAGCACGAAGAGGCCATGGCCCACGTCGGATCGGTGCGCGAGTTCCAGTTGATGGCGACCGGCGTGCGCATGCGCGAGTAGGTCCGTCGCGCGAAGCGCGAGGCCACGGTCTCACGCGAGGCGCGAGCCCCGTCGTCCGCGCCAGCTCAGCCAGCGCGCTCCGAACGCGATCGGCGCCGGGCCCCACGGGGTCCGGCGCCGATTGCGTTCGGCGGGCGGCGCCAGCGGTGGGTCGACGCGACTGGCGGAGCACGGTCGCTCGCGGAGTACGGTCGCTCGCGGAGTACGCAACGGCGCGAGACCCGGCGACGCCCAGTGCCGGCCTACTCGGAGGTCGGCGCGCCCGCGGCGAGCCAGTCCTCGACCCGCTCGCGGATCTCGTCGCGCGCCCCGCGGAAGGCCCGCAACACCACCGCTTCGTCGCCGCGTACGGTGTAGGGATCGGGTACCGGCCAGCGCAGGACCCGGGTGCGGCCCGGCAGGGGCGGGCAGGCACTCAGGGCCTGGCGCGAGAGGGCGATCAACACGTCCGGCGGGCGCTCGAGCTCGCGGTGCACGTAGGTCGACTTGAGCCCACTGATGTCGACCCCCGCCTCCCCCATCACCTGGATCGCCCGCGGGTGCACGCCGATGGGCCGCAGCCCCCCTGAAGTCACCTCGAAACGGTCGCCGGCCAGGTGTCTCAGCCAGCCCTCACCCATGGGGCTCCGGCAGGCGTTTCCGATGCAAAGGAAGAGCACCCGCGGAAGGGCGCTTCGCGATTCGCTGTCCACCCGGGCAGGATAGCGCCGTGACCCCGCCCCGGTCTCCCACCGCGACGCGCATCGGCGTCGATCTGTGCGTGCTGCGCGCGCCCTACCCGCTGAGCCTGCAGCGCTGCGTGCGCTCGGGCCTCGAAGCCCTGCGCGGTCGCGACGACGTGGAGACCGTGCGCCTGGGCCCGATGGGCGGCAGTCGCGGCCACTGGCGCCTGCGCGGCCTGGGGCGGGCGGCGCGTCGCTCGGAAGTCGACGGCGTGCACGCCTTCGTGTCGGGCTTCTCGCCCACGGCGCCCGGCCCACGGATCCAGACCGTGCACGAGCTGCCCTGGCACCACGGGGAGAGCGAGAACGCGGATCTGCGCCACCGTCTGTGGATCCGGCTGGGCGGCCGCTTCGCGCGGGCCATCGTCTGCCCGTCAGAGCACGTGGCCCGCGACCTGCGCGCCGAGCTGGGCTCGGCGGGCGAGCGCGTGCGTGTGATCCCCTGGGGCGTCGATCGGCGCTTCGGCGAGGCCGCGGGCGAGGGTGGCCCGACGGTCGAGTTGGGCGGCGAGCCCTTCGATCGTGCGACGCTGCTCTTGCCACTCGGTGGTCGGACCAAGAAGCGCGCCAGCGCCGCGGTCGAGGCCCTGGCCCACTTGCCGCGCTCGGTGCGGCTGGTGGTGACGGGTCCGGACGGCCCGGGCCTCGATGCCGCGCGCGCCCGCGCCGCCGCCCTCGGCCTGGGTCAGCGACTGCACCACGTGCCCTGGATCGAGGAGTCCGACCTGCCCCTGGCCCTTGCCGCCAGTGGCGCGGTCCTGGCCCTGGCGCGCTCGGAGGGCTTCGCCCATCCGGTGCTCGAGGCCCTGGCCACAGGAACTCCGGTCGTCGCCGCGCCCGGCGGCGCCCAGGAGGAGTTGGCCGGGGGCTGCGCCGAGCTGGCCGATCCGGAGGACTCCGCCGGGCTCGCCGCCGCGATCGGACGCGCCCTGGCCTGGACCGAAGAGCAGCGCCGCGCCGCCCGCGAGCGCGCCGCCCGGTTCACCTGGGAGCGCTGGGCCGAATCGACCGCGCTGTTGTGGCGCGAGCTGACCCAGGGGTCCGCATGAGCGCGCGCTCACCGCGCGTGTTGGTGCTGGGGGCCGTGCTCGGCCAACCCCGGGGCGGCGTCCAGCGACACAACGCCGAACTCCTCCCGCGCGCGGCGCGGCTGTTGCGAGCGCGGGGCGGGAGCCTCGCCGTGCTCGTCGGCGCGGAGCCGCCGAGCTTCGACTGCGGCGAGGACGTGGAACTGCTCGAGTCCGCGGTCCCCGCCGGTCCCCCCGCGCGCCGCGCGCGGGCGGAGTCGCGCGCTGTCGCTGCGGCCATCGACCATGCAACCGGCGCGGGCAGCCCCTTCGACCTGGTCCACACCGCACACCTGCCGATCCCTTCCAAGCGCGGCCTGCGCGGCACGCCCCTGACGGTGACCCTGCACGACCTGCGCCAGGTGAATGCTGAGCTCGTGGGTTCCCTGCGCGCGTTCGCCGGTCGCTTCGCCTACCGAGCGGTCGCGCGCCGCGCGGCGCGTTTGCTGTTCGTCAGCGACGAGGTGCGAGCGCAGTTCCAACTGCGCCATCCGCGCGTCGTCGGGCGCGCGGACGTAGTGCCCAATGCCGGCGACCACCTGCGCGTCGTGGAGCGCGGCGCGCGGGCGCGCAGCTACCTCGAGCCCGGCTACCTGCTGCACGTGGGGCACCTCGAACCGCGCAAGAACTTGGGCCTCGCCCTGCGAGCCTTGGCCGAGGACCCGGCGCTCCCGCCCCTGGTGCTGGTCGGCGCGGCCAAGGGCGGCGAACGCGCGCGGCTGGACCGCTTGGCGGCGCAACTGGGAGTCGGCGCGCGGGTCTGGTTCTTGGGTCCCCTGGACGATTCGGAGCTGCCCCTGCTCTACGCCGGCGCGGGCTGCTTGGTCCTGCCTTCGCGCCTCGAGGGCTTCGGAATCCCCGTGCACGAGGCCCGCCGCGCCGGCTTGCCCTTGGCCCTGAGTCGCTCCGGTGCACCCAGCGAAGTGGCCGGCGACGCCGCGGAGCGCTTCGACGCCGACGACCCCGCCGAGATGGCTGCAGCGATCCGCATCGCCTTGGCGAAGGCGACAACGCCGTGCGTCGACCTGGAATCCTGGGACGACAGCGCTGCTCGCTTGGTCGCAGCCTGGGAAGCAGCCGTC
CP036296.1_gap128	4936784	4941234	4450	CCAGGTTCTCGAACAGCGCGTGGCGACCGCGGAAGTAGGCGATGCGCGCGTCGGCGCCCAGGACCTCGGCGTAGCTCGACTCGACCACCGTGATCGCGTCCTGCAGGGCGCGGCGCTCCTCCGCGGCGCGGCCCAGGCGGCGGTGGATGCCCGCCTCGACCTGGTGGGCCTCGATCCGCACCAGGGCGTCCAGGGGCGAGTGTGCCTCGCGGGCGAGCAGGGCGTGGACCGCGGAGACCGCCTCGTCCGCGCGTCCGACGGCCGCCAGAGCGCGGATGCGAACCACGCCGGCCAGGTCCGCGAGCAGGTGATGGCGCTCGCGCTTCAGCTCGGCCAGGGCGTCCTCGACGATCGGCAGGGCCTGTTCGGCGGCGCCCGCGTCGAGCAGCAGCGCGGCCCGGTGCACGGTCAGCGCAGCCAACTGCACCTGATTGCCGAAGGCCGCGAAGAACTCCTCGGCCTGGTCCATGTCGCGCACCGCGCCGGCCACGTCGCCGACGCGCTCGCGCGCCAGTCCCGACAGGGACAGGGCCCGGCCCAGCTCCAGCTCGTAGCCGCTGGCGCGGAAGCCGATCGCGGCGCGCTCCGCGCACTCGAGGGCGTCGTACCAGGCGTCCAGGCGGAAGTGGATCTCCGCCAACTCGAGGTCGCACTCGGGCACGCCCGTGGGTCGCGAGGTCTCGAGGTACAGGCGCCGCGCTTGCTCGAGCTCGAGGATCGCCGCCGCGAAGCGTCCCTGGCGCGCGTCGAGCGCCGCCAGGCTGTGGTCGCAGTCGGCCACGTGGGCCTCGAGCCCGGCCGCCTGCCAGGCTTCGCGCGCACCGCGGTAGCGCAGCTCCGCCGACGACAGGCGACCGCCGTCCCGATCGAGGTTGGCCAGGCTGAAGGTCGCAAAGGCGCCGCCGACCTCGTCGCCGCAGGCTTCGAAACGCGAAAGGGCCGTGGCGTAGCAATCGGCAGCCAGCAGCAGCTCGCCGCAGCGCAGGCGCACGTTGCCGAGGTTGACCTCGAGCTGCGCCAACAGGCGCTGTTCGCCGCGACGGTCGAAGATCTCGCGCGCCTGCTCTCCCACCGCCAAGGCCCGCTCGACCTTCCCGGCGCGGTGCAACACGTCCACCATGCTGCGCAGCACCCGCGCGAGCTGCTCCTCGTCGCCGAGGTCCGTGTAGAGACCGGCCGCCTCTTCGTAGTCGCACAGGGCGGCCTCGCTCTGGCCGTTCATGTGGAAGGCCGCGGCCCGACCGCGCAGGCCCAGGGCGCGCCGCCCGGGCACGAGCTCCACCGCTCGCATCAGGGCCTGCGCCGCCTCGAGCGCCGTGGGCGGAGCCGAGCGCACCCGTTGGTCGACCTCGGCCTTCAGCCGCTCCACGACGATCTCGCGCTCGGGCAGGGGCAAACGGGCGAACTGGCCCCACTCGGGGGCTTCGCCTCTTCGCGCCAGCAGGGTCAGCGCGAAGTCATCGAGCGGAGCGGGAACGGTCAACGGGGCTGGAGGTCGACATCCTGAACGACGATCCGCGTCGCGTTGGCGGCGATCACCAGCGAGAACCGGTCGGGCGCCACCGATGCGAAGCGGAACTCCCCGGTGACCAACAGGTCCGTGGCCTGGGCGCAGTCGGGTCCGTAGAGGTAGACGTCCCCGTCCCCGAGCCCCGGGGCGTCCGGATCTTCCGGAAGCACCTGTCCGAGGAGTGCTCCCGATTCGAGCAGGGTCAGGTCGATCTCGTAACCCGCGGTTCGGTAGAGCTGGGGCGGATTCGAGGCGGCGGAGGACCGCACCGCAGGCACGGCCTCGCTGCGAGGCATCAGCACGGCGATGAGGTCTCGCCAACCGGACTTGATTGAGCCCTCGCCCGAAGTGGCGCCCTGTCCCAAGGGCACCGGCGCACCCAGGGCCCGCGCCGCCCCGACGGTGGCCGCCGAGGCCGGCTCGAGGGGCAGGGAGCGCAGGTCCCCCACCAGGGTCGACAGGAAAGCGAGCCGCTGGTCGCAGCGGGGACAACCGCCATCGACGTGTTGTCTGCGGGCGCTCGCAGCGGCCGCTGCGCCACTTGCGGAGCCTTCAACAGGATCGAGCCCGGCGCCTCCAGCGGGATCGAACAGGGCGACGAGGTCTTCGAGGCTGGGGCAGTTCATCGGTTCTCCGCCGACGAGAGGGTGCCACCCGGAGGCGAGATACCCGCAGTCCGCGATTCTGTGGACAGCGCGGACCGTTGCTCGGCTTCGGGATTCACAGGTCGGGATCCAGGACTCGCGCCAGCTTGGCGAGGCAACGCGCGCGGGTCGGGCCGATGCTGCCGACGGCCATCCCGAGCTGCTCCCCGACGCTGGCGTAGGACGCCTCCTCGCCGGATCCGAACAGGGCCAGCAGCAGTTCCCGGCAGGGTGAGCCCAGTCGGTCCAGACCCGCACGCACGCCGAGGACCCGCTCGGCCCGTATGGCGAGATCCTGGGGCTGCTCGGGTTCGATCTCGGAGCGGTCTTCGCTCGCCAGCTCTTCCACGTCGCGCCTGCTGCGGGCCCTGCGCCGCGCGCGGCGGCCTTCTCGAATGGCCGTGGTCGCGACCCAACCGACGATCGCACCGGGCGAGCGGACACCGTCCATGTGTCGGTGCAGGATCATCCACGCGGCCTGCTCGGCGTCGTCGGCCTCGTCGCCCGAGATGCCGGCCGAGAGCACGGCGAAGTGCACCCCATCGGCACAGCGATCGACCAAGGCCGACCAGGCGCGCCCGTCGCCCGAGCGCGCGCGCTCGAAGAGCTCCTCGACTGTCTGACTCACGATCGGCGCAGCCTAGCGCGGCGGGCCACACCAATCAGCGGGCCAAGCCGAGGGAAATCGGCCCGGGCGCCCACATCGAGGCCGGTCAAGCCCCGTGCGACCCGGTCCGACTCCTCGATCGACGCTTCAATCGTTGTTCTCGACCAACAGCAGGGCAGCGGCGATCGCGCTCAGACGTCCGGAGCCGAGCTGCCCCTCGAAGCCGGGGTTGAGGGCATCGATCGGGTGGGCCGAGAGCTTGATCAGCTCGAGGGCCGCTGCGCCGTCGATCGCACTGCCGACTCCACCGCCCGGGGCCAAGGCCTGAGCATCGTCGTCATCGTCGCCTCCGCCGTCATCATCATCATCGTCGTCGTCATCGTCGTCGTCATCGTCGTCGCCATGGTCATCGCCCGCGTCGGCGGCGATCGAGCGCGTCAATGACACGGCCCCGCTCGCCACAGCCGTCGCCATCGAGGTCCCGCTCCACCAGGCGTAGGCTCCGCCCGGCATCGAGCTGTAGAGGTCGACCCCCGGCGCCGAGATGGAGATCCCCGGACCGTAGGCCGAGAAGGAAGCCAGGACGTCGAGGGAGTCGACCGCAGCGACCGCGCTCGCCTGCGGGTAGGCAGCCGGGTAGAGCAGGGGCCCCTCGGTGTTGCCGGCGGAGGCAATCACGGCGATTCCGGCCTGGGACGCGATCTCGATCGCCTGCTGCACCGGAATCGACGGTCCGGTCATGCCCAGGCTCAAGTTGATCACGTCGACGCCGGCGTCCACTGCCGCCAGGATCGCCACGGCCACATCGAACGCCGAACCGTCACCATCGGAGTCGAGCACGCGGTAGGGCTGGATCAGCGCGCCCGGGTGAATCAGAACGATCAATCCGGCGGCGTGGGTCCCGTGGCCGAAGGCCTCGTCGATCAAGCCGTCCTTGTCGTCGTCCAAACCGTTGCCGACGTCGATCGCCGGTCCCGGCCCGTCGACCAAGTCCGCGCCAGGCGAAAACATGCTGGCCGCGAGCAGGGGATGGGTCGGGTCGACGCCTGTGTCGATCACGGCGACGACGGTCTGGGTCTCGCCCAGGAACTGTGCGGCCAGGTCCGCGCCGATCTGCACCGCCGCCGGCTGACCGTAGTATTTGCCCGTCGACGGGTTGCCGTCGAAGAAGGCCACCGTGCAGTCCTGCGCCCCGGGAAAGATGGGCGCGACCGAGCAGCCGCCCAACTCCGGCGGCGAGACGTCGCGGTCCGCCTCGGCGAACAGCGTCTCCGGCTTGGCGGCGATGAACTCGACGATCTGTTCGTACTCGATCGGCGGCGTGCCCTTGGGAACCTTGGCCAGGAAGACGCCGAGCGCGGGTATCGCGTCGACGACGTTCGCGCCCGTTCCAGAGAGGGCTTGATCGATCGTTGCGCCGGGAACCAAGCCGATGGCGATGCCGGGCTGCTCAGCGAGCTTGCGCAGGGTCGCGGGCGGTCGCACCACTGGCGTCACGGGGAACTGGGCCGGTGCCGAGGGCAGTGCCGAGAGCAGCAGGGGCGCGACGATCGAAGTAGTCAGCATGGCGAGGCGGCGGAATTCAGTCCGAGGGGCCGACGGAGGCGCTCGCGGCGAACGTGCGAAGTGCGCGACGGCTAGGGCGCAGCGGCCCGGGGAAGCAGTCTATACGACCACCCCACACCGGCC
CP036296.1_gap129	4946307	4947687	1380	CCCCGGAAGGCGCGGCTCGAACTCCCCCGCCGTGGACCCCGCGCGAGCCCGCGCGTATCCTGTCCGCCCCGAAATCGGTCGGGCCCCCGACAGGGCCGGCCCGGGGAGGTTCCCGCGCGGAGCGTCCCTCGCCTCGGAAGCGTCTTCCCGTCCCCTACGGCCCCGTCGCGATACCTCCCACCCGGGGGAGTCGGAGCGGGGCGCGTCTATCGTCCTCGCCGGCCGCGCGTCCCAACGATCGTCCTCGCTCGAGTCCGCTCGCTGCTGCTGCGCCGCCGCCGATCACCCCCCCACGACCTCAACTCACCCGCGGACCTGCCTTCGATCCACTGGCGATCGACCAGGTCCCGCTCCCCGAGACTCTGCCGCGCGACCAACCGGACCCTGCACTCGAGCAGTCCGCCAGCGGCAGCCAGGTCAAAACGTCTCCAGGCCAAGCGCCTTCAAGGACCGTCAATGCTCTACGTCGCCATCGCCCTCGCCGCGCTCGCGCTGGTGTTCGCGTTCGTCAAGTTCAAGTGGATCATGGGCCAGGACACCGGCACCGAGGCGATGCAAATCATCTCGAGGCGGGTCCAGGAGGGCGCCGCAGCGTTCCTGCGTGCCGAGTACCGCTGGCTGACGGTGTTCGTGATCATCGTCGCGATCGTGATCGCCACCACCCTGGCCCCGAAGACGGCGATCGCCTTCGTGTTCGGTGCCGTCGCCTCCGGTATCGCCGGTTACGTGGGCATGCATACGGCGACCCGCGCCGCCCTGCGCACCACCCAAGCCGCGACCAAGAGCCTGCAGGAAGCCCTGGGCGTCTCCTTCAGCTCGGGCATCGTGATGGGCATGAGCGTGGTTGGCCTGGCGCTGATGGGCGTCGCGATCTTCACCTGGCTCTACACCCGTGATGGTGGCTACACCACCGAGGCCCTGAACGAGGTGCTCGGCTTCTCCTTCGGCGCCTCCTCGATCGCCCTCTTCGCGCGCGTCGGCGGCGGTATCTTCACCAAGGCCGCCGACGTCGGCGCCGACCTGGTGGGCAAGGTTGAAGCGGGCATCCCCGAGGACGACCCCCGCAATCCGGGCACCATCGCGGACAACGTCGGCGACAACGTCGGTGACGTGGCGGGCATGGGCGCCGACCTGTTCGAGTCCTACGCCGGCTCGATCATCGCGACGATGATCCTCGGTGTGGCCACGTTCATCGGTGCGGCCGACGCTTCGGAGGCAGGCGCCAACATGGTGATCCTGCCCCTGATCGTCGCGGCGATCGGCGTGATCGGCTCCATCATCGGCACCTTCTTCGTGAAGGCCACCGACGAGCACGGCCTGCATTCGGCCCTGTTCCGCGGCCTGATCGTCGCTTCGGTCGTGGTCGTGGCGGGCATGGCC
CP036296.1_gap130	4949480	4951963	2483	TACGGTGCCACGTTCGTCCGGTGCCAGGCACAGAACCGCCGCCTACTTGGAGCCCCCCAGCCGCCGAAGGCGACTGGGGGGCTCCAAGTAGGCGGCGGTTCTGTGCCTGGCACCGGACGAACGCCTACCCGGCAGCATCGGGCTCACGATCGTCCCGGCTGAGTGTCGTACCGGCTCAGTGGTGATGTCCGCCGGCGCCGTGGGCGTGGCCGTGCTGCTTCTCTTCGTCGGTCGCCGGCCGAATCTTGTCGATCGTGACGTCGAAGTGGAGCGTCTCGCCCGCCAGGGGGTGGTTGTGGTCGACCGTGACCTGGTCCCCCTCCACGGCGTGGATGCGGATCTGCATGGTGCGTCCGTCGGGCTGCTTGCCGTGGAAGACGCGGCCCGGCTCCACCGGCGCTTCGGGCGGGAAGGCGCTGCGCGGGACCTGCTCGAGCAGCTCGTCCCGGCGGACCCCGTAGCCCTCTTCGGGGCTGACGGCGACCTTCACGGTCTGGCCCCTGCTAGCCCCCACGAGGGCCTTCTCGAGGCCAGGGACGATGTTTCCGACGCCGTGAAGGTAGCTCAGCGCATGGCCCCCCTTGCGATTGGTGTCGAGCACCTCGCCGGCGTCGTTGGTCAAGGTGTAGTAGATAGCGACGACCGCCCCGTCCTGGACGTCGTCGAGCTTCTTGGAACTCATGGGCGGAATGCTAGCGGCTGCGGCGGGCCCGGACGCCGCCCTGGAGCCAGATACTCGGTCCGATTTCCGGTCCGCAACCACCTGCGGCCGGGGAGCGCTCCGCCCCGGGCGCGGATCCTGGTGGCCGCTGTGGGCTAGCGCCTCCCCGGCCCGATTGGCATACTTCTCGGCCCGATTCGGCGCCTCGGACCCAGAATCCGGCCCCGCACCGTTGGGGTCGCTTCGCGGCCCCGAACCCAGTCCTTTGCACTGCGACCCGACCGCAGTCTCCGCCCCTCCGGGGCACATCCGCCCCACCACCGAGCGAACACCCGTGGCCAAGACGAGCCTCATCGTTAAGAACCAGCGCCGCCGCGAGACCGTGCTGCAGTACGCCGAGCGTCGCGCCGAGCTCCTCGCGCTGATCAAGCACCCCGACGCGACCGAGGAAGATCGCGAGCGCGCCTACCTCAAGCTGCGCAAGATGCCCCGCGACGCCAGCGCCGTCCGCGTGCGCCGTCGTTGCCACCTGACCGGGCGTTCCCGCGGCAACTACCGCAAGTTCGGCATGTGCCGGAACATGTTCCGCGACCTCTCGCTGCTGGGCGAGATCCCCGGCGTTCGCAAGGCGAGCTGGTAGAGCGACCGGAGCCGGGCTCCTGACGGAGTCAGGCTCCGCTGGAACTCGTCTCGGGCCCGCCCGCGCGCCGAGCTGGTCTCCACCTGCTCGTCTCCACCTACTCGTCTCCACCTACTCGTCTCCACCTACTCACGGTGGAGTGAGCACCGATCGCGCGCCCTCTGCCTGACGCCCCCCTCCCCTGCAGCCACCCGAAACACGGCGAGGTCCAATCGGACTCGCCCCCGCCCGCGGACCACGACCCGCGGGGCAGAAAGCGAACCTGCCATGAAGTCCGACATCCATCCCGACTACCGGCCCGTGATCTTCAAGGACGTGTCCTCCGGAACGTCCTACCTGACCCGCTCGACGATTCGCACGGGCGAGACGATCACCCACGAAGACGGCAACGAGTACCCCCTCGTGAAGATCAACGTCTCGGCCTCGTCGCACCCCTTCTACACCGGCCAAGCGCAGATGCTCGACACTGCCGGCCGCGTCGAGAAGTTCCGTCGTCGCTACCAGAACAAGGGCAAGTGACACCGCGGCCGACGGCCGCCGGCGATCGGCCCCACGGAAGGCCGGCCAGCCGAGCCCTGCGGTGAGAACCAGCGCCCCGGATCGACCCTCGGTCGATCCGGGGCGCGGTGCTTTCGGACCAGGTGCTTTCGGACCAGGTGCTTTCGGACCAGGTGCTTTCGGACCAGGTGCTTTCGGACCAGGTGCGGCCGGGCCCGAGCCGCCACTGTCCAGCTCTCGGAGGCAGGGCCCGGACGAGAGAATACGAGCCGGGCGCGCCCTTGTCCGTTCACCGGCGCCGCCATCTCCGTTCGGTGCTTCGGGAGCCGGTGCGCGTCGCGTCCCGACAGCTGGCTGGCTCCCCCGAATGGCCGCATCGCCCGACTTTCTGGACCTTCCCTTGATTCGCGTTCGCGTCATCAGCTCCGACGGCGACACGACCCTCCGCACCGTGGAGGTCCAGGGGAACTCCCTGTCGGTCGGGCGCTCGGTGGACAACGACCTGCGCCTCGACGAGCCCACGGTCAGCAGCTTGCACCTGCGGATCCTGAGCGGCCTGGTGGTGGCGGACTGCAGCTCCCTGAACGGGACCTTCCACGATGGAGTCCGCCTCAAGGGAGCCCTGCTGATCTCGAGTGGGGAGACGATCGAGCTGGGCGGAACCGGCACGCGGTTGAGAATCGA
CP036296.1_gap131	4989413	4992253	2840	GAGAGGCTGGTCTCGCCGCCGACGAAGCCGCCGTACACGCCGACGGTGTCGCGCAGAAGGAAGCTCGCGCCGTGGTTCTGGTCGTTGGGCCAGGGCGTGTAGGTGCCCACCGCGACCCACACCTGCGAATACTCGGGCGCCAGGCTCATGGCTGCGCGCAGGTCGGTGTAGGCGTTGGCCCACGAGGTTCCGTTCTTCGCTCCCGTCGCCGAGGCGTCGACGTAGACCACCGACTGGCACACGTCGAGGATGCCATCCAGGTCGACGTCGGCTCCCGCGACCAGCAACTCACACTCGTCGGGCAGGCCGTTCTGGTTGCAGTCGATCGAGGTGCCGTCGGCGATGTCGCAGGCATCGAGCTGCCCGTTGCCGTTGCAGTCCCCCAGACCGCCGACCGCCACGCAGGTGTCGGTCTCGAAACCCAGGGGCACCGCGTTGCTGACGGCAGTGGTCGGGAAGCCCGGCGTGCCCATGTCGAGGGTCGCCCAGGCGTAGTTCAACTTGACGCCGACCAGGGACGGCGAGGTGCCCGCGGGCAGGAAGATCGAGGCCTGGGCGTGGGTGCCGGCGCCGAAGAAGCCGAAGAAGCCGCCCAGCTCGGGCGCCTGGCTGAGGGTGTAGTTGGTGTAGCCGTCGAAGTTGATCGGCAGCACACCTGCGGGCGTCGGCAGCCCGGGCGAGGTGCCGCTGGCCGTTCCAAGCAGCACGTACAGGTGCCCGATCAAGCTCGGCGTGCCCTGCAGGTCGAAGTGGACCGTCCCGCCGTCGTTGACCGAGAGGCTATGGCGGTCCGCGGTCAGCCGCAGTTCCTTGGACGAGACGACCTTGGCCAGGCCGTAGCCCTCGCCACCGTCCCGCGGCTGACCGACCACCAGGTCGAGCTCCCCGTCGCCGTTCACGTCGCCGCTGGCCAGGGCCACGCCGGTCAGGGAGCCGGCGCCTCCGCCCTGGGCGAAGAGCTCGGTGCCGTCGATCCCCGAGAGCACGCGCGCCGCGCCCCCATTGGTGACGTTGCCCGTGCGCGGCGCGCCGACGCCCACGTCCGCGATCCCGTCGCCGCCCATGTCGCCCAGGTTGCGGGCGCGGTATCCGAAGCGGTCCAGGGCCGTCGTGCCTTGCACCACCCAGAGAGTCGGCGTGCCCGCGGGCGAGCCGCCCTGGGCGCTCTGACGCAGCCAATCGCCGGAATAGAGCTGCACGCGGCCACAGTCCTCGCCGGCCACGCCGTCGAACCATGGCGATCCCACGGCCAGCTCGTCCAGCCCGTCGCCGTCGACGCTCGGGATACGCGCCAGAGACGTGCCCAAGCCTGCGCCGGCCTGGCTGCCCTCGATGCGGTAGAGCAGGGTTCCGGTGGAGCCGGAGTAGATGTCGATCGCGCCCGCGTCCGGGAGCAAGCCGCCCAGGGCGTCGAAGGCCGGCGAGCCCACGGCGAACTCCTCGGAGCCGTCGCCGGTCAGGTCACCCAGGCCGGCGATGGACGTGCCGAAGCTGCCGGGCCCCGAGACCACCAGCAGCACCTCGCTCGCGCTCGGTGCCTCGGCGATGGCCGTCGAGCGCAACCACGCGCCGGAGAAGCCCACCGCCGCCTGGGTTCCCGGCGTGCTCGCCACCAGGTCGTCGCGCCCGTCGCCGTCCAGGTCCGCCAGGGCCAGGACCGCGCCCAGCCGCTCGCCGGGCAGGCCCACGTACTGGTGCAGCTCGAGTCCGTCGAGGCCGGAGTAGACGAAGACCGAGCCCGACTCCGCGCCGTTGTCGTCGTCGCGCGGAGCCCCCACCGCGAGGTCGGCGATGCCGTCGTCGTTGATGTCGGGCACCACCGCCAGCGCCTCGCCGAAGCGGTCGCTCAGCCCGTCCGCGAGGGTCGGACCGTCGATGCGGTAGTAGGGCGCGCCGGTCGCTCCGTCGTAGACCTGGACGTAGCCCACGGTGCCGGTGATCGGCCGCGGCGCGGCCACCACGACCTCCGCCCGGCCGTCGCCGTTGAGGTCGCCGAGCACGGCCACGGAACTGCCGGCGTGGTCGAGCAGCGCCTTGCCGCGGAAGGTGAACAGGTGCTGTTGCACCAGGTCCTGGCCCAGCCCCGCTTGGGGCGCAGCCAGGATCAAGCCGGCGACGAGGGTCGATCGGATGGGGAGGATCATTGCAATCACCGGCTCAGAAGTAGACGTGGCTGGAAACGTTGCTCATCACGCAGTTCCCGAAGTCGACCACGTGGAAGAGCGCGGTCTGGCCCACCGAGGAGGCGTCGACCGGGAAGGTCCAGGTGCCGACCCCGGCCGGCGAAGCCGGCGCGGTTCCGAGCAGGGTGAAGTCGGTGATCTGACCCTCGAGGTTCGGGCAACCGGGCATCGGGAAGGTGCCCGCGGTGGTGCCGGTGTAGTAGGCCAGGGTGGCGCCGGCCTTCGCGCCGAAGACCGTCAGGGAGATGTCCCCGCCGGTGCTGCCGACCATGCCGGTCGGGGGCACCAGCCACAGGCCATCGAAGTCCGCCGCCAGGCGCTTGACGGCCCAGGCCACGATGGCGCCCGTGGCGTCGGGCATGGACGAGATGTCGATCGAGCTCGAGCGCTGCCCGAACTCGCGATCGCCGGTCAGCTCGACGAAGTCCTCGATGGCCTCCAGCATCACGTCGCCGAACAGACCGCTGTGGACGTCGGTCACCTGACCGCAGACGTCCGTGTGGGCTGCCTTGTAGACGACGCACATCGGCGGCGTGCGCTGACGGTCGTAGAGGTGCGGGTTGAGCAGCGACCAATAGGCCGACTCTTCCAGGCGCTGTTCGGGTGTGCCCTGGTCGAAGGTCTGACCGGGGAAGAAGAACACGCTCATCGTGCTGT
CP036296.1_gap132	5010991	5014183	3192	ATCGCGGATCTGATTGGTCGCGATCATCGCGAGCCAGTTGAGGATCCCCGCGTGGTTGCGCGGATACAGGTCCGCAATGCGGGGCAGCGCCGCGCGGAACGTGCTCTGGACAATGTCCATCGAATCGTGGTCGCGGCGCAGGAAGCTCTCCCCGAGTTGGATCCGCACGATCCGGCGCAGGCGATCCTGGTAACGCGCGACCAGGTCCTCGAGCGCATTGCGGTCACCTGCCCGTGCCAGCGCGAGCAGCTCGAGCGATGCTTTGGGTGTAGGCAGGTCACCCGGGGAGAGCGAGCGTGCCAGGAGATCGTCGGGGTCGGTCATTCGGTCGAAGCGCTATTCTGCTCCGCTCTCGCGGATCTTGGGAGTGGGGTGATCGAGGCTTCGGCCCTGCGCCCACCAACGACCTCGAGACAGCGCTAGGGGTGCCTGGCCACTCGAAGGCCGTAGGGGCGGATGACCGGGTCGCTGTAGCGGCGCTGGCGCGCGGAGGCGCGAGCCTCGGACATCGGTCGGCTGTACGCTCCGCCGCGCAGGACGTGCCCATTGCTGGGATTGGACGAGCCCGCCGGGTCGACGCCGAGGTCGGGAGCGGCCGCGATCCGCTCGTATTCGGCGGGGTCGTAGTGGTCAGAGCACCACTCCTTGACGTTGCCGAGCATGTCGTGGAAGCCGAGCGCGTTCGCCTTCCTCGTCCCGACGACGCGCGCTCTGTCGCCCGCGTTGTCGCGGTACCAGGCCACGCTCGACAGGCTCTTGCCGTAGACCGGCCCGTCCGTGCCAGCCCGACACGCGTACTCCCATTCGGCCTCGGTCGGGAGTCGGAGTGGGCTCGACTCGGTGTCGTCGGCCTGGTTCGCCCTTCGCAGGTAGGCCACAACGTCGTCGAAGCCGAGCCCTTCCTTGGGTAGCCCCGGGCGATTGGAGAGCTCAGCACCGTCGACCAGATGGTCCCACTCGTGCTTCTGTACCTCATATCGACCCAAGTAGAAGGGCGCGGTGATGGTGACGGTGTGCCGCGGTTTCTCCTCCATGCCGGCGAGGTCGTCGCCCCTGCTCGCGCCGCGTTCGTAGGTGCCGGGCGGCACGAGGAGCAGCTCCACTCCGGTCGTCCGATCGCGCACTCGCCAGGCGAGCCCCGTTTCGGTGATTCGCCGGCGGAGGTCAGCATCCTTCACGACCGCTCTCGATGGCTTCGCGTCGAGGAGCTCGGCCCAGATCGGGACGGTCGGTCCCTCGGGCATCGCGAGCGAGGTGGCGGAAGGGAGGCAGTGGGCCAAGAGCACCAGGGCCGTTTCGAGCAGCATGGAGAGTCCTCCTGAGGATCATCGGAATCGCAACAGCCAGCGGGTCCGGCCATTCGGTCCATCGACGGCTGTCTCCTTTGGGTGTCACGCGGAATTCTTGGGAATCCGGCATGAAGCCCTGGCGAGCCACCGGTCAGCCTGACCCCTCTGACCGCGGCTTCATGTGGTCGGCTGGGGCCCAGGGAGAACACCTGGCGCTGCACCAACTTCGGGGGCGCCATCCTCACCCTCTGGCTCGGCACCCTACGAGGGGCCCCCGCCCGAAGCCTTCCTGTGGCCGGACAAGCGCGGCCTGATCGCCGACGCCTTGGCCGTCATGACCTTCCAGGCCGAGGCCGCCGCCGACGGCAGCGTCGGGTACTACTGAGCCCCACCGCCCACCGAACCGATCGGAGCAACCGAGGCGGTTGAAACGACCACCGTCCCGTCCGCATCCCAACACCGACGCGAACGCAAGACGCCCCGCGCCCGGACCGATCGTCCGAGCGCGGGGCGTCCTGCTTCTGGCCGTTCCCGGGCGGCAGCCGTCGGTCCGCACCAAGGACAGCCAACACTCCAACGGCGCCAGCCGTTGGGCCAAAGGCAGGTTCTAGCTGCCCTTCGGGCAGCTAGAACTCCTCGTCGAACCCGACATCCCCGCTGACCGCCACCTGGTAGGCGGAGACCCGGCGCTCGAAGAAGTTCGACAGCTCCTGCACGTCCTGCAGGTCCATGAACGCGAAGGGGTTCTTGGCCTCGAAGCGCTTGGCCATGCCCAGGTTGCCCAGGCGCTGGTCGGCGATGAACTCGAGGTACTGGCGCATGTCGCGCATCGACAGGCCCGACACGCCCTGGTTGAGCAGGTCCTCGGCGAAGGCGGTCTCGCACTCGACCGCTTCCTCGAGCATCTGGACCACGCTGTTGCGGAGCTCGTCGTCGAAGAGCTCGGGCTCTTCCTTGCGGACCGTCTCGACCACTTCCAGGGCGTAGGCCATGTGGCAGGACTCGTCGCGGAAGACCCAGTTGGTCCCGGCGGCGAGCCCGTTGAGCAGGCCCCTGGAGCGCATGAAGTAGACGTAGGCGAAGGCTGCGAAGAAGAACAGGCCCTCGATGCAGGTCGCGAAGCAGATCAGGTTCAGCAGGAACTTCCTGCGGTCCTCCGGGGTGCGACAGGCCTCCATGGACTGGACCGTGTCCATCCACTTGAAGCAGAACTCGGCCTTCTTCTTGATCGACGGGATGTTGGTCACCGCCTGGAAGGCCTCTTCGCGCTCCTTGAGGTCCGGGATGTAGGTGTCCAGCAGGGTCAGGTAGAACTGGACGTGCAGGGCCTCCTCGTAGAGCTGCCGCGACAGGTACATCCGCGCTTCGGGGGCGTTGATGTGCTTGTAGAGGTTGAGCACGAGGTTGTTGGCCACGATCGAATCACCGGTCGCGAAGAACGCGACCAGGCGGTTGATCATGTGCCGCTCGGCCGGCATCAGCCGGTGCTGCAGGTCGACCAAGTCGGTCGAGAAGTCGACCTCCTCCACCGTCCAGGTGTTCTTGATGGCGTTGCGGTACATCTCGTAGAAGACCGGGTAGCGCATCGGACGGAGGGTCAGGTCCATTCCGGGGTCGAGCAGCATCGTCTCTTGTTCCTTGGATCCGCTGAGTAGCAGGTCGGGCTCGGTGGCGGTTCGGGCCAGTTGTCGTGGGTACTGGCGGCAGTTGGGTACTGGCGGTAGCGCAGCCCGGTTGTAGTCCGGGCCAGCGGTGATTCAAGTCGAGCTGTGGGTCGGCGTTGGTGCCGCCTGGCGGCGCGCTCGCCGATCGGCGCCAGGCACCGATCGGCTCGTCAGCGCACGATCACCGCGCGAGTGATTCGCACACCGCTCGTCCTGCCCTGTCGCCTCGCAGCGACTAC
CP036296.1_gap133	5161334	5164476	3142	CACGTTCGCGCCGCACCGCGCAGGCCACCCGCTCGCTGTCGTGGCGCTGGCGCGACCCTCAGTCGAGCTCGCCGAAACCCGCCGAGAACAACCCGGACACGGCGCTCAGCAGACTCTCGGCGTCCTCACCGCTGGCGAAGAGTTCGAGGCGCGCGCCATAGGCGGCATTCAAGGTCATCAGCTCGAGGATGCTCTTGCCGTTGACCGTACGCCCGTCGTAGGCGACCCGCAGTTCGGACCGGAACCCCAGGGCCGTGGACACGACCGCGTGACAGGGACGCGCATGCAGTCCCTGGGAGTTGCAGACCTCGACCTCGAGCTTCTGGCTCGTCACGTCTCGTTTGGATCCGAACACGCGGTGCTTCTCGGGTTGCGACCCCGGCCCCGGCAGCGCCTCTCTGGCGCCCATGGCACGGGGGGACGACCGGCCACGATCGACGCTCAGACGACCGACATCTCTTTCAGGAGATCGACCAGCTCGGTGCGGTTCTTGGCGCTGATCGCAAAGCGACGGAAGTCGTCGTGGCGCCCCAGGCGTGAGATCCAGCGCATCATCTCGAGATGGCGCTCGGGGTCGTGCTCGTCGGTCGCCTCGGCCGGCCGCAGCACCATGAAGAAAAGCTGGACCGGGGCGCCGTCGATGGCGCGCCAATCGACACCATCCGGATGGACCGAGAGGCTGCAGAGCGCCCGATCGAGGCCCTCGAGCTTGACGTGCGGAATGGCCACGCCCATTCCGACTCCGGTGGAGGCCAACTTCTCACGGGCGACCAGGGCCTCGATCGCCGGCTCGGCCAGGGCGCTCTCCAGTTGGTCCGACTTGATCAGTCCGTCGACGAGCTCACCGAAGATCGACTCGTGATCGGTTCCCTTCAGCTTCAGGATGCAGGCCTTGGGCTTGAAGAGCTTCCAGGCGGCTTGGACGCGGATCGTCATCGGGTTGGGGCTGGGCAGCGTGAATCTGGACTTCGGGCGACGGTGGCGAATCGGAAGAGACTAGCAGATCGGCCGCAGTCCTGCCCCGGGGGCCCTGGAGGGCTGAATTGGGGCGCGCCCACGCCCCACCAGGGGTGCGTGGGCGCGCCGCGGAAGGGATCCGGGCTCCTCCAGGGACCCGGGCCCGCCTGCCGGGGGTCGGCTGCCAGCCGCGCCCCCCCGGGGACTCATTCCTCCTCGGACCGTCCCTGCCGGCGGCTGCCGGAGAGCTTCTCCTTGTGCTTGCGCAGCGCGCGAGCCATGCGATCCACCGACTCGTCGAGGGCCTGACTCAGGGTCGGCGCCTTGGAGTCCACCACTAGCACGACCCCGCGCCGGGCATTGGCGACGAGCTCGACTCGGTGAGAATCCGGCTCCTGGTCGAGTACGGCACGAATGGACTGGGTCCGATCGAAGAAACGGGCGAGACCCTGGAGCTTGTCCTCGACCTGCTCGCGCACGTTCGTCGGATAGCTGGAGTGGGGGATCGACACTTCGACGTTCATCGAGACTCCCGATGTTGGGCTGGCATACGCCGCGTAGCGCGGTCCTGCCGGCATCTTGCTTGCTCCGGTTCGCGCGGGCCCCTTGCCCCCCCGATCCCGCGCTCCTCCCCTTCGGTCGCGACCCGCGCCGGGCTCGACCTTCAAACCGGGATTCACCCCGGGAAGCGAGCGCGGGGTGGGTGCGACCAGCCGGGGCTCGGCGGGCTGCGGCTGACGCCTGGGGGGAGAGGCTCATCGTGCGGACCGCTCCGGTGGTCGCAGTCCCTGTCCGCGGGGTCGCGGACGCGCGGGGACCCGGCCCTCGGAGATCGGCTCCACCCTAGCAGGCCGCCGCGGACCTGGTGCGCGGCCCGACGTCCTGTCTCGAAACTGCCCAGGGACAGCCCTCGGGCGGGCACGTAGGGCCCAGCGACGCCCCGCCGTCAGCCCTGGAACAGCCCGGCGGCCCCGCGTGGGCCGGCCAGGCGTCCCGTGAAACAGCGCTCCGGATAGCGGACCCGCAGTAGCCACAGGCCCCCCGCGGGCGCGGTGGCACCCGCCCGCCGCCGGTCGCCCGAGGCCAGGATCGCATCCACGTCGCTCGGCACGAGGCGCCCCCGCCCCACATCGATCAGCGTGCCGGCGATGGTGCGGACCATGTTGTAGAGGAAGCCGTTGCCTTGGACGACGATGGCGAAGCGGTCGCGACGGGCCACCAGGCGCACGTGCTCGACCGTGCGCACGGTCGAGGTGCGGGGCGAGCCCGAGCTCGCCAGGGCCGCAAAGTCCCGCTGGCCCAGGAACCTCGATGCCGCGTCGCGCATGGCGGCCTGGTCGAGGGGCTCACGGGTCCAATGGAATTGCCCCTCGGCGAAGGGCGGGCGAAAGGGGGTGGTGACGGTCAGGTAGAGGTAGCGCTTGCCGGTGGCGCTGAAGCGCGCGTGAAAATCGTCGGGGCAGGTCTCCACCCGACGCACCACCACGCCCTCGTCCAGGTGAGCGTTCAGGGCGTGGCACAGGCGCTGGTCGTCGAGGGACGTGTCCACGTGGCAGCTCGCCACTTGGCCCAGGGCGTGGACCCCGGTGTCGGTTCGGCCAGCGCCGTGCACGACCACCCGGTCACCGAGCAACGACTCGAGCCCCTCCTCGACGGCCTGTTGCACGGAACCGAAGCCCTCCTGGCGCTGCCAGCCGAAGAAGCGCGAGCCGTCGTAGGCGATCAACAGGCGGACGTTTCGCATCGCGCCGGGAGTCTACCCATCGACGCGGCGAGCTCGGGTCAGTTGAAGCGTCGGCGCCGGTAGGAGCTGGGGATGCCCAGTTCCTGGCGGTACTTCGCCACGGTGCGTCGGGCCAGGTGCACCCCGCCCGCGGCCAGGCGGGCCACGGCCTCGTCGTCGGACAGGGGCGCGGCCGGATCTTCGCCGGCGAACAGGACGCGCACGCGCTCGCGCACCTCGTCGGCGGCGCTGCCCTGGCCCTCGCCGCCACCGGCGGAGGCCTGGAAGAAGCGCCGCAGGGGCTCGATGCCCCAGGGTGTTTGGGCGTACTTGCCGGCCACGGCGCGGCTGATCGTGCTGACGTGCAGCTCGAGCTCGTCGGCCACGTCGGTCATGGACAGGGGCGTGAGAGCGCTGGGCCCCTGCTCGAGGTAGGCGTGTTGGTGGGCGAAGACGGTGCGC
CP036296.1_gap134	5184887	5187672	2785	CGACGTCGAGGATGGTCTGCATCTGAATCACGCGTCACCCCCTTCGACCTCGGAAGTCATGGACTCGGCACCCGTCTCGGCCGCAGTCGGGTCGGTACGCAGTGCGGGCGACTCGAGGATGCGAACCAACCGCCAGCGCTTGGTCTTCGAGAGCGGCCGGGTCGCGGCCACTTCGACGGTGTCCCCCACGTGCGCTTCGTTGAGCTCATCGTGGGCGTGGTACTTCTTGTGGCTCCGGACGAACTTGCCGTACTTCGGGTGCGCGAAGCGGCGTTCGACGAGGACGGTGATGGACTTGTCCATCTTGTCGCTCGTCACCACTCCCTGAAGCAACCGGCGGCGGTTCCGGGTCTGTGTTTGGGTATCGGACATGGGCCGTTTCCTGTGTTCTCTGGGGCGCCGACTGGTCGGAGCCGCGGGTCGCTCGCGCTCCGCTGCGGTCAGTTGCGGGGTTCTTGACCGCGAACGCCGCTCGTGCGCTCGTGGAGGACGGTGTTGATGCGGGCGATAGCCCGACGGACGGCCCGTACCCGCGACGGAGTCGCGTTGGCCTCGGTGGACGAGCGGAACCGCAGTTCGAAGAGCTCCTTCTGCAGGTTGCCCTTGTCGAACTTCAGCTCGGCGTCCGTCTTGCTGCGCACCTCTTCGGCGTTCATCGAACTAATCCAGCGCTTTGTACTGCTGCGTGTATTGCGGCTGCGGGGAATGCGGCTGCGTTGATTGCGGTCGGTGTCGATCAGTGGGTCGGGAGGCGCCGAACCATGCGGACCTTGATCGGCATCTTGTGCGCGACCCGCTTGAAGGCCAGCTTGGCCTTCTCTTCGGGGACGCCACCCAGTTCGTAGAGAATCGTCCCGGGCTTCACGACGGCGGCCCAGAAGTCGACGTCGCCCTTGCCCTTACCCATTCGGGTCTCGGCCGGCTTCGCCGAGATCGGCTTGTGGGGGAAGACGCGGATCCAGATCTTCGCGGCGCCGCCGGTAGCGCGGTTGGCCGCGACACGTCCAGCCTCGATCTGCCGCCCGGTGATCCAGGCGGCATCGAGCGCCTGGAGGCCGAACTCACCGAAAGAGACGCGGTTGCCGCGGGTGGCGAAGCCCTTCACGCGGCCTCGGAATGATTTGCGGTACTTCGACCGCTTGGGCATGAGGGCCATGGCGCTCTCCTACTCTCGCTTGGCGCCGCGCGAGCGGTCGCCTCCACGTCCACGGCGATCGCCACCACCCGTTCCGACGAGTCCGTCGTTGCGCTCATCGCGCGCGACGCCGCCGAGGGGGAAGCGGTAGTCCAGTTTCTTGCCGACGTCTACGTCGCCCTTGTAGATCCAGACCTTGACGCCGATGACGCCGTAGGTGGTCTTGGCCAGCGCGGTTCCGTAGTCGACGTAGCTTCGCAGGGTCGAGAGCGGCACACGCCCCTCTCGCTCCTTCGCGGTCCGAGCCATCTCAGCGCCACCAAGGCGACCGTTCATCTCGACCTTGATGCCCTTGGCACCGGCCTGAACCGTGGTCTGAATGGCCTTCTTCATCGCGCGACGGAAGGCCATGCGCTTCTCGAGAGCCTCGGCGATCATCTCGGCGACCAGGGTCGCCTCGAGCTCGGGGCGCTTGATCTCCCGCACTGTCAGGTGGCAGGTCATCTGAGTGATGCGCTGGAGCTCCTTCTTGAGGGCATCCACGCGCACCCCCTTGCGACCGACGAGGACGCCGGGTCGCGCGGTGTGCACGATCACGTTGACCGCCTCACTCGTGCGTTCGATCTCGATACGCGGAATACCGGCCGCCTTGAACTCCTTGCGGATGTAGCGACGGATCTTCTGATCCTCCGCCAGAAGGCGGGGGTAGTCCTTCTTGTTGGCGTACCAGCGCGATCGCCACGGTTCGATGACCGCGATGCGATAGCCGGTGGGGTGAACCTTTTGTCCCATTCGTTAGTTCTCTAGCTTCGGGAGTCAGGCGTCGGCTTCGCGGACGACGACGGTCAGATGACTGGTGCGCTTGCGGAACGGCATGGCTCGGCCCTGGGGGCCGGGACGCCAGCGCATACGGTTGTTGAGCAGGGGCCCGTCGTCGGCGCGGCAATCGCAGATCACCAGCCGGTTGACGTTGACGTTGGGGTCCTGAGACGCGTTTGCAACGGCGGACTTGAGCACCTTCAAGTAGTAGGCGGCCGCGCGCTGCGGGGCGAACTCGAGGAACTGAAGGGCCGTGTTGACGTCCTTGCCGCGGATCGCGTCAGCGACGAGTCGGCCCTTGCGGGCCGTCATACGCGCGTAGCGATGAAGGGCCCGAAACTCGGGCTTGGCTGCGGTTGTGGTTGCCATGTCAGCGTCCCTTCTTGCTTTCCTTCTTGTTGGTGTGGCCGCGGAACTGGCGGGTCGGAGAGAACTCCCCCAGCTTGTGACCGACCATGTCCTCGGTGACCTGCACCTTCAGGTGGTGTCGCCCGTTGTGGACCATGAAGGTGTGGCCGATGAAGTCGGGCGAGATCATGCTCGCGCGCGCCCATGTCTTGATGGGTTGGCGCGAACCGGAATCGTTCGCCTTGGCGACCTTGATCGCCAGCTTCGGGTCGATGTAGGGGCCCTTGCGGATGCTGCGTCCCAATGGATCCTCGTTGTGTCTCGGTGCGTTGCGGGTCTTCGGCGTCTACCTGGAGCTGCTCAGCCCTAGGCTCAGCGACCCGACTTGCGGCGACGGAGGATGAACTTGTCCGTCGGGTTGTTCTTGCGACGGGTACGACCACCCTTGGACAGGACCGCGGTCGGTCCACAGGGGTGACGACC
CP036296.1_gap135	5189339	5193376	4037	CTTGTAGCTCTTGAGCTGCATCAGTTCTTCCTCCCGCCGGTGCGGGCCGTGCGGACCTGGACCAGGCCGCCGGTGGGACCGGGGATCGAGCCCTTGACGAAGAGCAGGTTGCGCTCGAGGTCGACCCGCACGATGGGCAGGTTCTTGGTGGTCTTGCGCGAGGCGCCGTAGTGGCCGGCCATGCGCTTGCCCTTGAAGACGCGGCCGGGGTAGGCCGATGCACCGATCGAGCCGGGCTCGCGGTAGTTCATGCAGCCGTGCGTCTTGTTACCGCGCTGGAAGCCATGGCGCTTGATCGTGCCGGCGAACCCGCGCCCCTTGCTGGTGCCGGTGACGTCGACCACGTCGCCGCGGGTGAAGACGTCGGCGGCGATCACGTCCCCCACCGAGAGCTCGGGCGAAGCCGTCAGGCGCTCCTCGCGGAGGAAGCGCTTCGGGGTCACGTTGGCCTTGGCGAAATGGCCACGACGGGGCTTGGAGGCCCGGGAGTCGGGCACGTCCTCGAAGCCCAGCTGGACGGCGTTGTAGCCGTCGGACTCCTCTGTCCGAACCTGGCATACCACGCACGGACCAGCCTCGACGACGGTCACGGGCACGACGGTTCCGTCGTCCTCGAAGACCTGCGTCATGCCGCGTTTGCGTCCTAGGAGCAGCGTCATTGTCCTGCGAACGGGGTGGTGTCGGGCGAGCGCTCAGCGGAGAGCGGTCGGTCGACGGGTTGATCGTCTGTGCCGGTTCGACCAGGTGGTCCGAGGATCGGACCGAGACGCCTGGCCACGCGGCGTTGAACGTGGGGGGTGAGGCCGACTGGTCGACGATCGCGCAGGGCGGATCGAGTCAATCGGGGGGGTCTGGTTGTCGTCGCCCTTCGGAGCGGTGCTCCTGGGGCGACTTGCTCCCCGCGAGGAGCGGCCCCCCGAAGGGGACCATTGACCCCCTCGCTCGAGGAGGTCGCGCGGGTCTCGGCGGCCGAACCCTCGCGTCGCTGTGCGGCGCTCAGGTGAGGCGAATCCAACGCTGCGACTCACCCCTCGAAGGGGCGCTTGCAGCGCTCGAGGCGGTCAGGCCTTGATGCGGATGTCGACGCCGGCGGGCATGTTGAGGCTACTCAGAGCGTCGACCGTTTGACTGGTGGGCTCCGAGATGTAGATCAGTCGTTTGTGGGTCCGGATCTCGAACTGCTCCCGCGACTTCTTGTCGATGAAGGGCGAGCGCAGAACGGTGTAGCGCTCGATCCGCGTCGGCAGCGGGATCGGCCCGTTGACGAGAGCGCCGGTCCGCTTGGCCGTCTCCACGATGTCGGCGGCCGACGTGTCGAGCGCCTCGTGGTCGTAGGCCTCCATGCGGATTTGAATGCGGTCGCTCATCGGCGGGGGGGGCGGGACCGAGGAACTCGGTCCGATCGTCGGGGGTCTAGCTGGGTACAGACAGAAGTCCGGGGCGACCCACAGACTCGCTGCAGGGCGCCCTCCGGGCGAAACGGGCGGAGATGGTAGCAGCGACCCCCAGGGCGGTCAACGTGGCTGCCGGGCCTTTTTGTCGGGGAGTGCCCGGAAGGGTCCGAGGAGTTGCGGGAGCACTCCCCCGACCGTTCTGGAGGCCAGCCCCGACGGACGCTCACCACGACAGGCCCAAGGCCTCGAGCTCAGAGGCCGGCACGGGCCTGAAACCGGCCGGCTTGAGGCTGAACTGGGCTCGCCCCTGGGACAGGGAGCGCAGCTCGGTGGAGAAGCCGGACATCGCTGCGAGCCGGGCGCGACCACTGATCACCTGCCAGGTGCCCTCCCCCACGGATTCGCCGATGCTTGCGCGCTGGCTCTTCATGAGCGCGAGCGCCGATCCGGCGTAGTTGGCAGGCGTCCGCACCTCGAGGTCGACCATCGGCTCGAGCAACTCGACCGATACCCCCTGCATGGCTTCCCGGGCGGCGATCGAGGCGCATTGACCGAGTGCGTGCTCGGCCCCATCGGCGAGCTCCGCCCTAGCCACCAGGATTCTCATCCTGGAGTCGATCAACGGGAATCCGAAGCGCGGGCCCACCTGAGCCAGGCGTCGCAGGTTGGCCTCGACGGACTCTCGCAGGTGGGCCGCCAGCTCGACCCCCGGGGCCCAGTCGATGGTCAAGCGTCCGGAGGTCGGGTCGGGGGCGAGCTCGATCTCGAGCAGGCCCTTCAGACGCCGGGCCCCCGCCTCGCGCTCGACTTCGGCCCGCCCTCGAGCACTGGTCAGGACCGCCTCCCGGTAGGCCACGCTGGGGACTCCGAAGCGGGCCTTGATCCCGAATTGCTCCCGCAGGCGGTTCTCGACCACCTCCAGATGCAGCTCCCCCATGCCCGAGACCTGGTACTGCCCGGTCTCGGCGTCCACGAGGACCCGCAGGGTCGGGTCTTCGCGCCCGAGGCGGGCCAGAGAGTCCGCCAAGACGGCCCGGTCGATCTCGCGCTCGGGCTCGACGATTGCCGTGAGCACCGGCTCGGAGAAAGTCTGGGACTCGAGCACCAAGCCCGGCGCCGTACCGCAAAGAGTGTCGCCCGTGGTCGCACCGACGGTGTCCGGCAGAGCCACGATCTCGCCCGGGCCGGCCGCGTAGACCTCGTGGGTGCTGTCGGCGTGCAGGCGGTAGAGCGCCTCGACCGGCAGGTGAGTGGCGAGCCGAGGAATCCACAGACGGGCCCCGCGCTCGATGATCCCCGCATAGACGCGCACGAAGAGCAGCGGCGGACCACCATCCAGGGACTGCACCTTGAAGACGAGGGCGCAGACGTCGGCGAGCGGATCGGGCGGGACCAGATGTGGAGAACCATCGGAGAGGAACTCCGCCCGAGGGGGCTCGCGGTCGTCGGGTCCGGGCAGAAACTCCACCACCGCGTCAAGCAGGCGCTGCATCCCGATGTTCCGCAACGCAGCCCCGCACAGCACCGGCTGAAGCTCGCCGGCAAGGGTGGCTCGGCGAACGGCGGCGACCAGGGTGGCCCGATCGGGACGACGGTCTGCAGCCAGGTCGTCGAGAACCGCCTCGTCCATCTCCGCCAGTCGCTCGACAAGCTCGGCATGCAGGACACCGGCCTCGTCGGCAACCTCCGGGGGAAGCTCGATGCGGGACTCACGACCCTGGGCGTCGTAGACCCACGCGGTCAGGTCCAGCAGGTCCACCACCCCGCGCAGGTCCGGCCCTTCGCCCAGGGGGTAGTGCACCGGCAAGGCCTCGACCTCTAGCCGCGCCTCCAGGTCGGCCACCGCCACCAAGTAGTCGGCTCCCGGACGGTCGCACTGGTTGACCAGGGTGATGGTGGGCACGCCGAAACGCCGGGCCTGACGCCATACGGCTTCGGACTGCGCCTGCACCCCGCCGATCGCACTGAGCACCAACACCGCACCGTCCAGGACGCGCAGGCAGCGCTCGACCTCGACCGTGAAGTCCACGTGCCCGGGGGTGTCGATCAGATTGAGCAGGTGATCGCGCCAGGGCAGGCAGGTCGCCGCAGCCGTGATCGTGATCCCGCGCCGGCGCTCCTCCGGCATCCAGTCGAGCACGGTGGACCCTTCGTGAACCTCCCCGAATCGCGCCTCAACGCCTGAGAAGTAGAGCAGGCGCTCGGACACCGTGGTCTTGCCCGCATCGATGTGCGCGACGATACCGATGTTGCGAAGCGCGCTGAGCTCGACCACCGCCGGAGATTAGCCCGCCAACTCTGGATTCAGGTCGAGGAACTCCCGCGCGAAGTGGTAGCCCTCGAGTAGCTGCGGGTCCGCATGACCCAGGAAGTGGCAGGCCGCGAAGAGGGCCTCGATCGACGCAAGGCCCGCCTCCGGATCGTCAAAAGTCCGACTACGGCGAGGGTAGGCGGTGCGCATCGGCGGCAGGGACCTCGCTACGGGGTGCCCCACCACGGTCGAGCGCAGGGCGGCCAGTCGGCGCCAGCTGGAGTCGATCAGGAACAGCCTTCGACCCCGATCCGACTCCCCCAGCTCGGGTGCCGCCGGATCCAGCAGCACTCGGTCCCCGACGTCCAACCGTAGGTCGGGCCGGTAGCTCA
CP036296.1_gap136	5216885	5220369	3484	ACCCTGGCCGAGTCCCTGGGTGGCGTCGAGTCGCTGATCGAAGTGCCGCCGATCATGACCCACGCCGCGATCCCGGCCCAAGAGCGCCGCGCGGCGGGCCTGCAGGATGGCCTCGTGCGCCTGTCGGTCGGCATCGAGCACGTGGACGACCTGCTCGACGACATCGATCGCGGACTGGCGGCGGCGGCCAAGACCCTCGCCAAGGCCAGCGTCAGGTCCTGATTCGGGGCGGCCCTCCCCTGCCCTCGTCGACCAACTCCCGATCAGTCGACTGCAGGGGCGGGTGGGGGCAACACCAAGAAGCGCAGCCCCTCGCGCTCGACAAGACGCGCGCCCGAGACCGAGGCCAACCGGGTCGAGAGTGCTTCCATGAAGGGCTCGATCGCGGGCTGCCGATCGAGGTACTCGCCCCAGTTCAGGTCCAAGACGAGACTCAGCCCGCTAGCTCGAGCGGATTCAACCTGCTGAGCGACACTCTCGGCAAACATCTCCGGTGCGGCGCCGAGAGCGGACGCCTCGTACAACTGCGGCCACAAGGCCTGTTCGGCGATGGCCTTCGATCGGCCGGACACCAGCTGTAGGGAGAGGTCGGCGCTCAGAACGACGGTTGGGCCCTCAGTCGTCGCCGAGACCACGCGGTACCGGTGATCGCCCCACGCGGCCTCCTCAATCGCCTGGTCAATAGGGAGCAGCCAGGCAACCACCGCGGCCTGGAGCACCACGAGCGGCCCAACGACTGTAAGGACCCGGCGCGAGGAGAAACGCTGCTCGCACCACTGCAGCAGTGACGCGGCGCTGTGAGCCATGAGCGGCGCGATCCCGAGAAAATAGCCACCGCTGGTCGAGACACCGAAGATGGTGAAGAAGACTCCGGCCACCAGCAGAGCGACACCCAAGGACGAGGACCTCGACCTCAGCAGGAGCGGCAGCCCAGCTACTGCTCCGACTGCGATCAACATCAGTGGTCCAAAAATCTCGTCGACGACGAAGCTCCATGAAGGCAAGCGGGCAAATTCGGTCAGAAGCCACAATGCCTGACCCGCGGCTCCGCCGCGGTCCACCGCGACGCTCATGGCCGAAGTCAGGAACAGAGCTGCGGCAGCAACGAGATCGCCGGCAAGGATAAAGGCGAGGTCCCGCCAGCTCGTAGCGTTGGCTCGCGAGAACGTCGACAGCACGGAACCGAGGGTCAAGCCCACCAGGACAACAGCATTCGAGCGATGTAGAAGGATCGCCGCCGTGGCCCCCAAGACCCAGACCGCCGCGCGGACTCCGCGACGACCGACCACCCCGCCGCCCAATGGCCAGCAGTAGGCCGCGATCGCACAGCCGAGCATCTGCTGGGTGTGCAGCTCCGGGAGGGACCCATGGAACCAAAGCCCCCATGTGCCCACCAATCCGGCCGTCGCCAACAGTGCTCCGAAAGCGCCGAATCGACGCATGCAGCTCGAGAGCACGAACCACAACGCGATCCCAGCAGCGAGGGCCGACACGAGGTGCAGCGCATCGAGTGCGCCAAGCTCAGGAAAGACCTCCATGCTGAGCCTCGCCGCCGGGAGGACCGCTGCGTGGAGCCACAGTGGTTGGTCGACCGAGGAGTCCACCAACTGTCCCACGAGTAGCGGAGCGTCACCCCACATCCAGCGCACTCGAGTTGCGTAGAGCGCTCCCGCCGCGAGCAGGCACAGCAGTACCGCCGATCCGAGGAGTTGCTTGGGTCGCATCAGACGCGAGGATACGGGTGTGCAGCGACCCCAGCTACCAGTGAACGGCGGGCTCGAGACCGGGTGATGCCGCGATCCGAGTTGGCCTTGGCCGTGGCACCCGCCGAACTTGCGCCAGGACCCATTGCACGAGGACAGGTGCGAAGCCACGGCGAACCGTCATGGACACACAGGAGTGAAGACCCAGAACTGAATGTCGCCCGGAAGTATTGCCTGAGCCCCGGAAGAAAAGAGCCCAGACGTCGAGGGAACTGCAGTCGTCGTCGAACCGGGCACGAACGTCTCGAAACGCTCAACTTCGTAACCTTGACAGCCACCCGCAAAACTCGGGTACTCAGCCGGATCGAAGACGAAGTCGTACTCGAATATCGCCTGCTCTCTCGAGACCCACGGATTGCAGACGGCGAGAGCGAGCCGGCCAGCGGCGTCCTCGTACATCCCGGCCACCAAGACCTCTTCCTGGTAGGCATGGAACTTCCTTAGCGAGTTCTCCGCTGTAATGGGCCCTGGCTTTGCAGAAAACTGGGGAGGGATCAAGTACGGGGAGTTCGCGGCACCGGGGAAGTGAATCAGGGGCTCCCGCCGCCGAGCACCATTGAAGAAGGGTTGCACCTGTGCACTCGAGAAAAAGCGCGCAAGGAACCCAGCTAAGTAGAAGTACTCCAAGCGTCCCCGATCGGCTAACGCGCTGGCCGCGCCCCCGGCCTCGATCGTTGCATTCACCAGATGCCCAAAGGTGATCACCTCACTGGCCAAAAGCCAGCAAGCCCGATCACGGTCAGCTGTCTCCTCTTCTTTTGCAATTCGAGCGGCCTTCGTGTGCGGGGCGATCGAGTGGGTAAATGGAATCACCACGGAGTTGGTGACGAGATCTGCAAACGGGAGTGAGATGGCCGACTGCATCGACAGGTCGGCGAGCACGTCACCAGCCGAATCAAGCACCAGCGCATCGGCGGGATCGCAGGGACCAGAACCGATCGTGCAGGTAGCCCCGAGGCAAACACAGGGAAGGGCGACGGAGATCGGCGGAGCGAGGTAATCGATCATGAAGATATCGATCACCTCGCCCAGCCGCGCCACCGCGCCCTCCGAAGACGAAACCAATCCCACCAGAGAAGGATCCACCACAACGGCCGCCTGCTCAGCTCGACGGACGAGGTCAATTCGCCCCTCAATAAACCAGCTTCCACCACCGGGCGCATGATTATGCGTAGTGTCATAACAAAGTGCCCCGCCGAGCTGATCGTAGTAGATGCCTGCGAAATCCGTAGCGACACTCAAGTCATCTACCAGGTCGACAAGCGCGCCGTTGTTCGAATACACACCGCCCCCCGTACCGGACCCGTCCCCGGCGAATCCATCTGAGGCAGGGCAACCTTGGCCAGAAACGTCGTCGGCCATCGTCAGCGGATTGTCGGCAGAGATATTTGGCCAGGCATACAAGATCAGCTGGCCATCGACACCAGCCACCAATGAGGCAGCGATGTCCAGCATCAGCTGCGTGGCGTTCGCCGCAGAGATCCCGATTGAGTGCTTGCTGTAGTCGATAGCCCACATTGACTGCACATAGGGCGCAATCACCGCGCCGTCTCGCTTGCCCGCCTCGCGGCAGCTCGCGCGAAACGATGGCATTCCGTCAAGATACCCTTTAAAATAAAATTCGCTGAAGAAGTCTGGATAGTGGCCACCAAAGAACCTCGCATAGACGTTCGGCCCAAACAATCGCTGGGCAAGGTAGGTTTCATCGACGAGTTCATCCA
CP036296.1_gap137	5233969	5237512	3543	GGCGACCGGTGATCGAGGCACTTTGACCCCTACGCTGACCCCCACTCGGGAGATTCCCATGTCCTGGCTCACAACCGCCCTCGTCGCTTCGGCCGCCCTCGGGCCCCAGACCACTCACCTCGTGCCGGGGGACCACGGCTCCATCCAAGCAGCCATCGATTTCGCCGCCGACGGCGACACGGTGCTGGTCGGCCCGGGCGTCTGGGCCGAGCGGATCGACCTGCTCGGCAAGCGCATCACGGTGCGCTCGGAGCTGGGCGCCAAGGCGACGGTAATCGACGCCAGCGGTCTGGACGGCTCGGTCGTGACCGCCGAATCCGGCGAACCCGACGGGACCCGCGTCGCCGGCTTCACCCTGCGCGGGGGTTCGGGCGGCTTCAACCCGGCCAACGGGCGCTACTACGGGGGTGGTGTCCTGGTCCACGGCAGCAACGGACTGTTCACCTCGCACCTGGCGGTCGAGGACTGCGAGATCGTGGACAACATCGACGAGCGGATCACCTTCGGCGGCGGAGTGGCCGCGCGCTTCGGCTCGGTCCTGACGCTCGAGCGAACCCTGGTCGCCAACAACTTCGCCTGGGCCGCGGGCGGCGCAGCGCTGGTGGACTACACGGGGGTCCTCGACATCGACCGCGCGACCCTGGTGGGCAACCAGAGCACGACCTACCTCGGCGACCAGGGCGGTATCGCGGACGCCAACGGCGGCACCCTGGTCGTCCACGACTCGATCCTGTGGGACAACAGCGGCTCTGCGATCGACCACTTCATCGGCGCCCAGGGCCCCGTCACCGTCGACTACTGCGACTTGACGGGAGGGTACGAAGGCAGCGGGAATCTCGACGCGGACCCGCGATTCATCGCCGGTACCTACCAGCTGCAGGCGACGTCCCCGTGCGTCGACGCCGGCGACCCGCAGAGCGATCCGGACCCGGACGGAAGTCCGGCGGACATGGGGGCCTTTCCCCTCTCGAGCCCGCCCCTGCAGATGACCCAGTCCTCAGACGTGGCCTCCATCTCGGCCGGGGTCTCCGTGGGGTTCGAGATGCAGCTCTCCGAGTCCTCGGGTGGAGCGGGGATCTACTGGCTCCTCGGGTCCTTCGGCAGCAGCGACTCGGGCTTCGGGATGGGCGACCTCTGGGTCCCCCTGGCGATCGACGACTACCTCCTGTGGACCGCCCTCAGCCCCAACACGGCCCCCCTGTCCCACTCGCTGGGGCTGATCTTCGGCGCGGTTCCACAGACGGCGCAGCTCTCGCTGCCGGCGGGGACGACGGCCCTGGTGGGCCAGACGGTCCGCCACAGCGCCCTGTTGTTCGAGGTGGACCAGAACGCCTTCACGTTCGCGACGCCTGCGCAGGCGCTGACCTTCACGCCTTGAGCGCGGCCCGGCGGGGTCGAGCGCGCTTCGGGGGCCCCGCGAGGGTGGGTCCGCAAGAGCTCGAGCAGCGGCGGGCCCGTAGCCCGGGCGTGGGCTCCGACCCAGGCCCGCTCGGGCGGAGTCCACCAGCTCTCCAGCCGGCCGCGGCGAGTCGCCAGGGTTTCCAAGCGGGGCCCAGGCCACCCTCCTCGAAGGGCGCGGACAGGCCCCCTCGGAAGGGCGCCGGGCGGCTGGACCTCTGCCCCTCCGGGAGGCCTGGCCGCAGCCCCCGAGCGGGGCCCCGACCTTGACGCAAACTCCTGGCAGAACTAACCTGCTCCGCCCTTTTCCCCGCGGTCCAGAGGCCGTGCACGTCGTCCTTCTCTCCCTGTTTCCCGAAGCTCTCGCGCCGTACCTGCGGTCGAGCATCCTCGGGATAGCGAGCGAGAAGGGCATCGCGCGCTACGACCTGGTGGACTTCAGGGACTTCAGCCGGGACCGACACCGCACGGTGGACGACCGGCCGTTCGGCGGCGGCCCCGGTATGGTGCTCAAGCCCGAGCCGATCCTCGACTGCGTCGAGTGGTTGGAGCGGCGCCACGGCAGCTTCCACCGGATCATGCTGACGCCCTGCGGTCAGCCGTTCACTCAGGAGCGCGCGGGTGACCTGACCGAGCACGAGCGACTGCTCCTGCTCTGCGGTCGCTACGAAGGCTTCGACGAGCGGATTCGGGAAGAGCTGGAGTGGGATGAAATCTCGATTGGCGACTACGTCCTCGCGGGCGGCGAGTTGCCGGCACTGGTGGTGACCGAGGCGGTGGTGCGCCTGTTGCCCGGAGTGCTCGGCGACGAGCGGTCGGCGCAAGAGGAGTCCTTCCAAACCGCTGGACTCCTGGACCACCCCCACTACACGCGACCGCGCGTCTTCCGCGGCAGAGAGGTTCCGGCCCCCCTGCTGAGCGGCGACCACGCAGCGATCGCGCGTTGGCGGGAGACACAAGCCCGTGCGCGGACCCGCGTGCGGCGGCCTGATCTTTAGAACTCACTACTCCTCGGATGAACGCGACGGCAACGCCTACAGGGCGTCCAGCGCGGTCCGCTCCGACACGACGAGCCCCGAAGAAGGGGCAACGAGCCCCCTAGCGGGCAGAAACGCCCCGCGCGCGGGGTTGGCTCCCTGAAGCGGAGCCGGACAGCAACATGACCAGCCTCATCGACAGCCTCGAGCAGGAAAACGGCAAGTCGCACCTACCGCCCGTCCGGGTCGGCGACACGGTCGAGGTCCACTACCTCATCCGTGAGGGCGACAAGGAGCGCGTGCAGCTCTTCATCGGCACCGTGATCCGCATCAACGGCCGCGGGATCCGCAAGGCGATCGTCGTGCGCCGCATCGTGCAGGGCGAGGGCGTCGAGCGCTCGTTCCCGCTGCACAGCCCGCGGGTCAAGGACGTGACCGTCGCCCGTCGCGGTAACGTGCGCCGCTCGAAGCTGTACTACCTGCGCGACCGCGTCGGCAAGGCCACTCGCGTCACGGAGAAGCTGGGCGAGAAGGCGCGCCGCGACAAGGATCGCGACGCCGCGTTCCGCGCCGAGATGGAAGCTGCAGCCGCCGCCCAGGCAGCCGCGGCCGAGGGGGGCGAAGGCGGAGAGGGCTGAGCCCACTTCCCACGCTCCACTGACCTAGACCACCTCCGCCCGTCGGCCCGCGCCCGCCGAGCTGCCCCGAGTGGCAGCCTCGAGCGGGCCGACATCGAGTCCACCGAGGTCGCCCCAGGCCGCCGCCGCTCCTCCGCCCTAGCGGGGGGCGTGCGGCGTGCGCGCTTCCAGCGACCACCTCACCCGCCATCTGGGTACTGCCCTCCGGACCGCCATGATCGAGAACATCGGTCGCTTCTACATTTCCATCGGGATCGCGCTGGTCGTGGCCCTGATCGCTCTGTTCGCGCCAGCCAAGACCTTCGAGCTCGGCCTCGACCTCCAGGGCGGCACGCGCTACGTGTTCGCCTTCGACTTCGAGAAGGAGCGCGAGCTCGGGAACATCGGGCCCAACGAATCGCCCCAGCAGGTGATCCGCGAGACGATCGACATCATCTCGACCCGGGCCGACCCGGACGGAGTGCGCGAGCCGATCATCCGCCAAGAGGGCTTCGACCGCGTGGTGGTCGAGCTCCCGGGTACGACCAACA
CP036296.1_gap138	5317828	5319523	1695	GCGCCAGCGCACGATGCCCGCCTGGGTCAGGCCTCGCGTCTCGTCCTGCACTTCGAGGTCGCTCCAGCCGTTGCCGTTCCAGTATTCGAAGGACACCTCGCCGTTGGTCCGCACGCTCTGGGCGCTCACCGTCGCAACGTCCAGGAACATGCTGACCGAGGTCCCCGAGCGGGCGCCGCGAAAGCCCAGGTACAGCTCCCCGCCCCAGTCCCGGCGGCCGAAGTCGAAGGGACGAAAGCGCCGCACTCCGTCGACGCCGACCTCGAAGCTGGAGCGCATCTCCGCCTTCGTCATCGGGCAGGTGTCGGCCACCGAGACCCACAGGGAGACCAGCCCTTCGCGGATCGACTCGGAGCGAAAGACGACCGACGCCCTGGCCACCAGTGGACTGGGCGGGCGCGGGGGCGGCACGGGCTCGTCGTCGCCCCCCAGACCCAGCAGATTCAAGAGGCTGCGCCACAGGGAAGGTCGAGAGCGCTCGACCATCTCGCGCACGAAGCGCTCCTGGTCGCGCAGGTAGGTGGCCCAACCGAAATCGCCGCGATGCAGGCGGACTTGCAGCCAGTGACCCCGACGCGCGCCCACCGTCGCCTCCTCGGAGAAGGGCATGCCGCTCTCGCGCAGGTGGATGCGTAGCTGGCCGCCGAAGGAGTCCAGGTCTCCACCCTCGCGCGGTGCTGTGGGCAGGGGCCGGATCCAGGCCATCCGGGCCGGAGCCTGCCACTGGCCTTGTCGCCGTCGCCGCCAGGTCACCTGCGGTTGTGCCGGGACGTCGAGCTCGTCGACGAGGGGCACGATCGGGTGCCGGCGCAGGTCCCCGCTCGCGGTGCGGAAGCAGAGCGAGAGCTCGGCCAAGGGCAGACCGAAGATGGCACCGCAGGCCAAATGGAGCGTGTTCCCGCTCGAGGCCGGATCGCCGAAGGGTGCGAAGGGCGCGCTCAGGTCCAGGGGCTGACCGTTCAGGAGCCCATCCGTCAGCTCCAAGCTGCCGGGGTCCGCCTGGGGGTCGCGATCGACGAAGGAGCGCGGCCCCTCGAAGACCAGCGAAATCTCGGCGAAGGCCATGAACGCGCAGGCTCCTAGGTCCTGGCCTGCACCAACGTCCCCGGACGTCGGCTTGCGCAGCCGCAGGGCCGCAACCAGCCCCCGATCGATGCGTTCGGCCTCGGCACTCGGCAGCCCTCCGGACTCGAACTCGGCCGGCTCGAGGTCCAGGTCGAGGTCCAAGATCACCTCGACGTCGGTGCCGTGCTCGCGAAACTCCGACGCGACCAGGGGCACGTAGCCGGCCTTGGTGGTCCCCTGCCACTCGAGGGCGCTGAGGCCCTCCATGAACTGTTCGACCGATGGACCGACCCGTTCGAATGTCACGCGCAGACGAGTTCCGCTTCGAGCGGCCTCGAGCAGCGGGCTGACGATGAACAGCGAGCGCGCCACGCCGTACAGCGCGGCGTCCTCGGCCCGGCCGAAGGGGAAGCAGGGCTCCCGCAGCTCACCCTTCTCGAGCGACCGTTGCAGCACCAGATCGCGACCGTCCGCCAGGCGTTGGTAGCTCGTCACCGCACCGAGCTCGATGCCGGTGACCGTGGTCCCCTGCCGCAGCCGATAGCGTCGCAGGGGTGTGCGGTCTTCCTCGTTGGCGACGAACACCGTGCCGTCCTTCACGCGCACGGGTGGCTGGGCCGCGACCTTGGC
CP036296.1_gap139	5371717	5372459	742	GGAACGCGGCGCCGAACGCGGCCGCTCCGGTACGCGGGGCAGACTGGATCGTCGAACCGCCCGGGACCGGGGCCGTCAGGTGGCGGAGACTAGTGCAGGGACTGGAGGAACTGGCGGATTTGCTCGAGCTTTAGTCGGTAATCCCGCCAAGCAGATCGGCGCTCGGCGGCCAGGTCGACCAGCGAAGGCTCGTCCAGATCGAGGAGCGCCGCAGCGGCCGCCTTCAGCTCGGCCAGCTCGGACTGGGCCAGGTCCTGCAACTCCTGCTCGAGGCCCGCTTCGGTCGCGGCCGCAAGCGTCGCAGCGACCTCGGCTACGTCCTGGCCGATGCTGGCATGGGTCGGGGTGGTGGGCATGGGAAGGGCTTCTCGCTCGTCCAGGGCAGGTACGACGGTCGGGAGGGATGGACGCCGACCCGAGAGTCGGCGCCCCGCCCGTCACATTCCCGCTCAGCTACCGGCCGTACCGACCGGGATGCTCTCGATCGGCTTGAGGACCTCCTCGAGCTTCTCCGTGGGACTCTTCTTCACCGGGACCGGCGCCGGGGCCTGGACCTGGGGCACCGGGGCGGGGGTCGGCGCCTCCGGCCAGTCCGGGCGGTACTCGGACTCGATCGCGCGGTTGGCCACGTAGATCGAGACGCCGTTCTCGACCGAATGGTCGGCCATCTGCGGCACCTGCCCGTCCATCACCAGCCACACGTAGCAGTCGCCGTTGGCCGGGTCGAACCACATGGCGCGCT
CP036296.1_gap140	5549024	5553734	4710	CGGGTCGCCTGGACACCGAAGCCGTGCTGGCGGCCATCGACGAGACCTGCGCGATGGTCACGCTCCTGTGGGGCAACAACGAGACCGGCGCGGTCGTGCCCCTCGAAGACCTGGCGCGCATCGGCGAGCGCGCCCGCGAGGTCGGCGCCGCCTTCCACCTGGACGCAGTCCAGGTCGCTGGCAAGCAGCCCATCTGCGTGCAGTCCCTGCCGGTCGACATGGTCTCGATCAGCGCCCACAAGTTCCACGGGCCCAAGGGCGTCGGCGCCATCTGGGTGCGCGGCGGCGTCGACTACGCCGCCCACGTGGAGGGCGGGACCCAGGAGGAGGGCCGCCGCGGCGGAACGCTCAACACCCCCGGCATCGTGGGCCTGGGCGCCGCCGCCGCCCTGGCCGCGGACTACGCTGCCGACGGGGCCGCGCAGGCCGCCACCCGCGCCCGGCGGGACCGCCTGGAGCAGGGCCTCGTGGCCGCCATTCCCGAAGCGACGGTCAACGGCGCCGGCGGCCCGCGGGTCGCGAACACCTCGAACATCTCCTTCCCCGGCGTGCGCGGGGACGCCCTCTTGCTCTTGCTCTCGGAACTCGGCCTGTGCGTTTCGACCGGCTCCGCCTGCAGCACTGGTAAGAAGGCCCCCAGCCACGTGCTGCTCGGGATGGGCGTACCCGCCGACCTGGCCGGGGGCTCGATCCGCCTGTCCCTCTCGCGCTTCACCACCGACGCCGATATCGACGCGGCCCTGGAGCGCATCCCGGCCGCGGTCGTCCAGCTGCGCGAGATGGCCCCCAGCACCCCCTGAGGTCCCGATCCGGGCCCATTTCGCACTCGAATACCGACGGCTCGGCCGACCCCCGGGCGCGGACTGAGTTAGCCTTGCGCGGCGAATCCCCGTCGGATCCCGCCCCCCCACCATGAGCGACCGAGCGACCACCGTCTACCGCGTCAAGACGAGCGGCTTCTGGAACACCCGTCACGAGTTCTCCGAGGAGACCGATGAGGGCCTCCAGCGGATCGGCGTGCTGACCGTCAAGCGCGGCAAGCTGATCGTCGTCGAGGGCGACTACCAACCCGAGAAGGGCGAGGTGCTCGAGTTCCGGCGCGATCCGGGCCTGTCGCGCAGCCAGTTCTCCCTGTGGACCGACGGCCGCGAGTGGCTCGGCTCCTCCCTGCGCTGGTCGACGGTGGAGCGCCGCGTGGACCTGTTCACCGGCAACAAGCCCCTGCGCCTCCTGCCGATCGAGGGCCTGCGCTTCGGCTGGTCGCTGTATGCGCCGAAGTCGGGCGAGGTGGCCCGCATCGAGGCCAGCCCCTACCTGGGCCGCTCGGCCAAGGTCGAGGTCTATCGGCGCCTGGACTTCCCGCTGCTCATGTTCGCCTACTTCTTGGGGTCGCAGATCTACCCCGAGTCCTTCCTGCCGGGCCCCCAGCCCGACAAGGTCAAGGCCGCGGCGGCCGCCACGGCGGTCTGAGCTCGCTGGTCCGTCGGAGATTGCTCCGCCGGCTGCTCTACCAGCGCGGTCGGGGCGACGGCCAAGCGCGTCCCCTGCGCGAACCATCGCCCCCAGCTGCCCGGCCCTCCGTTCGGCTGCGCTACCCACGCGGACCCGATCCGGATCGCTCCCGGAGTCTGACCGTTCCCCGCTCCGAGCGGCCCAACCCTGGTCCGGGACGGCCCGCGAGGCCGAATCGCGGCCCTGGCGCCCACGTGGCCGGGAATCGGGCCGTAGTCTTTCGGGCCTGGGAACCGATCCACGGGTCTGGGCCGTCTCGGGAAGAACCCGCCCGGCCGATCGTCCCAGCCCGTCGGTCGAAGGCCGACTCCCATCCGCCCGAACCGACTCGACCAGCACCTGCCACGCTCCCGGCCGGGCCCGCTGGCCAGCAAGAACACCGCCTCCGCACTCCCCCAAGGGAACCGCGGAGGCCGACCCAACGCCCCATCCGACCATGCGCTCTGCAGTCGTCATCGCCCTGGTGCTCCTCGGAGTCACCGCCCTCTACTTCGCCCTGGCGCCCGATGCCGCGACCGGCGACATCGACAGCGGGGCCGCCCTGCCGGGCGTGACCGCAGCCCTGCCGACCCGCGACTCGGGCCCGGTGACGACCGCGCCGGTGGGCGAGGTCACGCCGACCCGCGTGCAGCAGGCGCAGGTACAAGAATCGATGCGCGTGACCGTCGAGGGCCAGGGCAGCTTCGACAGCGGGCTGACCGGCACCGTCACCGACCCCGACGGCAACCCCGTCGAGGGCGCCATGGTGACCCTGCGCGACGACACCGGCCTGGGGACTGGCGGCGACCTGGCCCCCTTCCTGGCCCTGGCGGGAGCCCAGGTCGACCAAGGCGAGATCTGGACCGCGTCCACGAACAACCTGGGCCTCTACAGCTTGAGCGGCATGGAGCCGGGCAACGGCTACACGCTGGTCGTGGAGCACGAGGACTTCGCCCCCAAGGAGGTCGCGCTGGTCGAGGTGCTCGCCGAGGGCCGCAAGACCTACGACATCCGCCTCGACGCCGGGTACATGATCCACGGCTACGTCTTCGACCACTCGACGGCCACGCGGCTGATGGGTGCCGAGTTGACGCTGGTGCCGCTGATGTTCGCGCAACTGCCGCCGGACGATCCCAAGCTCCAGGCACAGAAGCGCACGGCCACGACCAACGAAGAGGGCTACTACCGCATCGAGAACGTCTCTGCGGGCATGCGCCAACTGACGGCGATGGCCAGCGGCTTCGGCGCGGTGACGATCGGCAACCTGAACGTCATCGGCGACAAGAAGATGGTCAACCAGGACTTCCGCCTGGAGCCCGGCACCCTGATCGCCGGGCAGGTGGTGCAGCGCGACGGCAGCCCGGTAGCCGGCGCGCGCGTGCAAGCCCTGAGCTACGGCGGGCAGAAGAGCTCGCGCGGCGAGGCCCTCTCGGGCGCCGACGGGCGCTTCGAGGTGGTCGACCTGATGGAAGGCACCTACTCGGTCTTCGCCGAAGCGGAGGGCTGGGACGTGGCCCGCGTCAACCGCGTCGAGGCCGGTGACACGGGTGTGCGCCTCGAGATGGACCTCCTGGGCGGTGTGAGCGGCCGCGTCATCGCGGACTCGCGCCCGGCCACGAACTTCACGGTCGCCCTGCGGATGCTCAACCCGCACACCGCTACGCCGGGTCGGCCGATGAAGTCGGCCAACTTCACCGGGCGCACCGACGGCACCTTCTCCCTGGCCGGCGTCGGTCCCGGGCGCTACATCGTCGAGGGCCGGGCCAACGGCTTCGCGCCGACCTTCTCCGACCAGTTCGAGGTCGTCAAGGGCGAGTCCACCAGCGGCATCCAGGTCAACCTGACCCGCGGCGGCGGCATCGTCGGGCGTGTCCTCGACCGCGACGGCGAGCCTGTCTCGGGCGCACGCGTCACGACCTACGACAACACCTATGTACGCAACGCGCTGAGTCAGGTCTTCGACGCGCTGATGCCGCGGGTCACCACCGAGGCCAACGGTCGCACGGACAGCGAGGGTTACTTCGAGTTGGCGCTGCTGTCGCCCGACGTCTACCAGTTGATGATCGAGCACCCCTCGTTCACGACCAAGACACTCAAGGACGTGCGCGTCGTCTCCGCCGAGGAGCCCACGGACATCGGCACGATCGAAGTGCGCGTCGGCTCGACCTTGATTGGCACGGTCTACGACAGCTCCGGCGCCCCCCTGGCAGGAGGCACCGTGACCGTCAGCGGCAACTCCGACGCACCCGGCGTCGCCTACAACACCCGCACGGCGGCCAATGGCGCCTACGTGATCCGCAACATCGTTCCCGGCCGCTACACGGTGCATGCCCAGCGTCCGATGGAGCAGGGCGGCAGCCCCTTCGAGGGCATCGTCGACATGAACCGCTCGCGTCGCGAGGTGGTCCTCTCCGAGGATCGCGAGTTCAGCCAAGACCTGTACCTGGGCGGGTGATCCCACCTTGCGCGCGGGGCCCCTGCTCTCGCTGACCGCCGCCGCCGGTGCGGTGGCGGTCGGCCTGCTCTTGCTCGGACCGGGGGGCACCGATCAACCCGGCGTCGATCGATCCGAGGCCGCGCTCGTCGAGGACCCTGTGCCGTCGCCCGAGCCGCCGTCACCGGCGCCCTTCTCCGTCGCGATCCCGGCCGCGGCGCCGGTCGAGGCCGAGGCGAACCGCGCCGCGCAAGCGCCGGGGACGCGAGTCCCCCACACCCTGCAGAGCCTGCACGGCCGCGTCTCGGCGCCCGCCGGCCTGACCGCCGGCGTGCGCGCGCGGGTGATCGACTCCCGGGGTGAGGCCTGCACCTGGGTCGCGGCCGACGGCGCGGGAAACCTGGTCTTGGAGCTGAGTCGACCGGTCGAGCGGGCCCGGATCGAGTTCGACCACCCGGCCCTGGCGCCCCTGTTCCTCGAGCCCTTCGACGTGCCCCTGGGCGAGCGCCGCGGCTTCGGCCTGGCGCGCATGGTCCCGGCGCGGACCGTCAGCGGCTCGGCCCGCTTGCTCGATGGCGCGCCGGCCGCCGGCGCCGAGGTCTTCGTCCTGCCGCCCCCGGGGCGCCTGGACAGCGGCGTGCCCCCGGTCACGGCGGACGGCGCCGGCGACTTCACCCTCAGCGGCGTGCCCCCTCGCCACGGCGGGCTGTTGTTCCTGCACCCCGGCGCCGCGGCCTACTTGGCGGAGGTTCCTCCGCCCACCGAGCCCCTGGTGGCCGAGCTGT
CP036296.1_gap141	5575654	5578786	3132	ACAGCAACAGCAACAACGGATCGTTGCCCCGCGCCGAGGCCGGCACGATCTGCCAGGCGATCGGATGGGCCAGGAACAGGCCGGCGGGGATCGCGGCGACCCAAGGGCCGAGGGCCAGTCCCGCCCGCGCCGCCAAGCGCCGGATCAAGAACCACAGGGCCAACGCCGCCGCGCCGTAGGTGGCGATCTGCACCACTTGGTAGCCCACGGGGTTCATTCCGCACACAGAGTGCGTCAAGCCCAGAACCAGCGCGTGGGTCGGGCGGTGCAGGGCATCCGCGAACACGCCGCCCATGAAGGGCTGGACCAACAGGTGCAGCGCGTCGAGCGGCCCGTCCAACTGCGCGCTGGCCACGAGGGGCCAGGAGTCGTGCTCGAGCACGGCGTAGCGGGTGCTCTTGCCGTACAGCAGCACGGTCAAGAGGGCGAGGCCGAGAGCGGCGCTCCACGCAGGGGCGCGCCGCGCGGACTGCGCGGTTGCAAAGCGAGTTGATGGGTCCAACGGGGGAAATCCGCGGGAAGGTGAACGGGCCGGGGCAAACGGCCGCACACCTGGACACTGGTAACGCCTCGCTTCGACGTTACGTGGACATTCGCGATCGACGGCTGCGACCGCGAGCTTCCTCGTTCGGCGTCCCCAGGGCCCCGATCAGGTCCGACCGAGGACGTGGCGCAGGGCCGACTCGAGTTCGGAGTGCCTGAACCGGTAGCCGGAACCGTTCAACCGCTTCGGGACCACCCGCGTGCTGGCCATCAGAGCCTCGTCAACCATGTCCCCGAGGACGACTCGCAGGGCCGGCGGCGGAACCGGCAAGAGCGCCGGGCGCGAGAGAACACGGCCCAGGGTGCGCGAGAACTCGAGGTTGGTCAGGTCCTGGGGCGCACAGAAGTTGATCGGCCCGACCTGCTGCTCGTCGGCGATGCAGAACAGCATCGCACCCAGCACGTCGTCGATCCCGATCCAGGGCATGTAGTGGCTACCGCTGCCCAGGGGTCCACCGAGGCCGAGTTGGAAGGGCAGCAGCAACTTGCCCAGGGCGCCGCCCGCCGGCGAGAGCACGACCCCCAGGCGCGGATGGATGACGCGCACGCCCGCCTCCCGCGCCGGGTCGGCGGCGGCCTCCCATTCGCGCGCGACATCGGCCAGGAAACCCGTACCCGCGGCGGACGACTCGTCGAGCGTCTCCTCCCCGCGATCGCCGTAGAAGCCCACGGCCGAGGTCGAGAGCATCACGCGCGGCGGTCTGGGCGCCGCGGCCAGTGCCCCGGCCAAGGCGCGGGTCCCGTCGACGCGGCTGTCCAGGATCAGTCGCTTGCGTTCGTCGCTCCAACGCTTGTCGGCGATGCCCGCCCCGGCCAGGTGCACGACCACGTCGTAGCCGGACACCGACTCGGGGTCGACCTCGCCGGCGGCCGGATCCCAACGCACTTCGTCGTCGGTCCGCGCCGCACGGCGCACGAGGCGGTGAACGCTGTGCCCGCCGGTGGTGAGGAAGGCGCACAGGGCGCTGCCGACCAAGCCCGAGGCGCCGGAGACGAGCACGCGCAGGGGCCACTGCCCGCGCGGCTCGAGCAACGCGCGCGCGCGGGCGTGGTCAGCCAGGTCGGCGGCCGTGGTCGCGTGGCGGTAGTCGAACATGCGCCGCAACTTCGAGCGCACGAGGCTCCCGCCGAACAGGGGCCCCACGGGCGCGAGGGGCAGCAGATAGCGGATCGAGTCCACCATCCGACAGGCGTTCGCCCCGCGCTCCTCGAAGCGGTGCTCGTGACGCCAATGGGCGAAGGGGCCCGAGAGTTGGCTGTCGACGAAGCCGCGCGGCGGGTCGTAGCCGGAGTGCTGCGCGACCATCTTCAGGCGCAGGGGCGGCTTGCCCACCCGCAGCTCGACGGTGGTGCCGTCGCAGATGCCCTCGCCGCGACGCTCGATCACCTCGGCCGGGTCGAAGGGCGGCGTCAGGCGCTCGAAGGCCCCGGGCCGGTCGTGCCAGGCGAAGGCCTCCTCGCGCGACACCGGCAGGTCCACGGCGCGCTCGAAGGACACCGCCCCCGCGGGTGCGTCGGGATGTCCGCTCACGGGTGCGCCTGTTGAATTCATGGCCCTAGCCTCGCGGTCGCAGGTCGCCCAGACCACCGTCGACCCCGATCACCTGCCCGGTCACCCAGGACTGGTTCGGGTCCAGCACCCAGGCCAGGGCCGAGGCCACGTCCTGCGCGTTGCCGATGCGACCCAGGGGGTGCATCGCCCGACTGGCCTCGAGGGAGGCCGCATTCGCGACCAGGCGCGCGGCCAGGGGCGTGTCCACGAGCCCCGGCGCGATCACGTTGACCCGAATGCCGCGCGGGGCGTAGGTGGCGGCCGCCGAGCGACCCAAGCCGATCACGCCGGCCTTGGCGGCCGCGATGGCCTCGTGGTTCGAGAGGCCGACGCGCGCCGCGGCCGAGGCCACCAGGGCGATCGAGCCGCCGCCGCGCAGCATCTGCTTGGCGCCCGAACGCACCACGTGGAAGGCCGTGTCGAGGTTGAGGCGCAGGGTCTGCGACCACTCCTCGGGGCTGGTGGAGTGGGCCGGCTTGAGCAGGATCGAGCCCACGCAGCACGCGGCGCCGGTCACGCCGCCCGGGAGCCCCGCGGCCTCGTCGAAGAGCTCGTCCACGGCGGCGGCGTCGGTCGCCTCGCAGACGCGCCAGGGCTGGTCGAGCCTGGCGCCGAGTGCTTCGAGCGCCTCCTCTCCCCGGGCTGCAAGCAGCAGACTTCGGCCGTCGGCCACGAGCCGCTCGGCCAGGGCCGCCCCGATGCCGCCCGTGGCGCCGAGGATCACACAGGTTCCGGAGTCTTCGTTCATGGTTCGATCGATCGGTCGGCGTGCTTGCCGCGCGGCGGGCGCGAGCACACTCTTGGGCCCCGGCCCGGAGCGGATTCCAGGCCCCGATCATGGAACCGCACCCGCACCCCGAACTCGCGCCGTCCCTGCCCCGCCTGCTGCCCGCCGATCGCGCGGTGGCAATGGTCGCGCGCAGGGTCCACGAGGACTTCCAGGTCGAGGAGCGCCCGCTCGAGGCCCCGTCGGGCAGCGGCGACTTCCTGTGGGTCCGCGTCGAGAAGCGCGGGCTGACGACGACCCAGGCCGTGGC
CP036296.1_gap142	5600175	5604250	4075	CGCCATGGCCACGATGGCCTCCGTGATGGCGGCGTCCTTGGGGTCGATCAACAAGGTTCGGATGAACGTCTTGTCGATCTTCAACTTCGTGATCGGAAAGCGCTTCAAGTACGCCAGGGAGGAGTACCCCGTGCCGAAGTCGTCGATGGCCACCTGCACGCCGAGGGCGCGCAGTTCGGCGAGGCTCTCCAGGGCCACGCCGGCATCCTGCATGACGGCACTCTCGGTGATCTCGATCTCGAGTCGACCGGGCTCCAGGCCGGCCTTCTCGAGCGCGCGTCGCACGACCTCGGCGGGGCGTTGGCGGCGGAACTGGCGGGCTGAGAAGTTGACGGCAACGGAGTCGAGGACAATGCCCTGCTCACGCCACTCCACAGCCTGGCGACAGGCCTCACCCAAGACCCAGGCGCCGAGGCCGTCGATCAGACCCGTCTCCTCGGCCACGGGAATGAACTCGTCCGGGTGGATCGTTCCGAGGTCGGGGTGCTGCCAGCGGACCAGGGCCTCGACACCGGTGATGCGGCCGGATTCGAGGTCGATCCGTGGCTGATAGTGCAGTCGGAACTCCTGGCGCTCGATCGCGAGCCGCAGGCTCTGTTCGAGTTCCAGTCGCTCGAGCGCGCGGTCGTTCATGTTCGGGAGGAAGAACCGGTGGGTACCGCCGCCCTGGCCCTTGGCCTGGTACATGGCGATGTCCGCATGCTTCACCAGCGTCTCGACGTCTCGGCCGTCGGCCGGGTAGACGCTGATGCCAATGCTCGCGCTGGTGTAGAACTCCGCGCCGTCGAGCTTGAAGGGCTTGGCGAGTGCGGTCTGGACCTTGCGAGCGACGCGAGCTGCGTCCTGTCCGCGACGGATATCAGCCAAGATCAGGTTGAACTCGTCCCCGCCGCGGCGCGCGGCCATGTCGGACTCACGTACGCAGCTCTTCAGTCGAGACGCGACCTCCTGCAGGAGACGGTCGCCGACGGCATGCCCCAGGGTGTCGTTGATGTGCTTGAACCGATCCAGGTCGAGGAACAGCACGGCGAGCTGGCGGCGGTTCCGTCGCGCTTGGGCCAGCAGTTGCCGGAGCCTGGCGCGAAAGGCCTGACGGTTGGGAAGATTGGTCAGGGTGTCGTGGTGCGCCAGGTGGCGACCGACCTCTCGGGCCCGACGCAGCTCGTGCTGCAACTCGTGACGCTCGACGGCCCAGTCGATGGCTCGCTCCAGCAAGGGCACGCCGGGGTCTGCGAGCTCGGCGCGTCCGATCAGCTCCGTGGCTCCTTCGCGGACGAGCAGCTCGCGCTGTTGCCAGTCGCCAGGCTCGCCGATCAGCACCACGGGAAACTCTCCGACCCGTTGGCGCAGGATTCGAAGGCTGGCCAACGCGGGACCGACTTCACTTGCGATCAGAAGGACGAGATCGACCGAGACCTCCTCGGTGGCGCTGTCGAGTTCGCCGATGTCGGTCGCCTGGACGCGAAACGAACGCTGGGCGTGGGCCTCGAGGCGTCCGGTGATGACACCGACCTCGTCGGTGGTCCCTCCGATCAGAAGTACGCGCACAGGGCGCGGTCTGCCATCAGCTCCGACGACGCCGATGTTGAGCGGCGCGTTGCGATCCGCACCGGTCAATTCCTCGGACTGGGGTCGCTCGAACGGGACGATGACGTCGGACATGGTCAGGGATCACTCGAACTTCGATCGACGGGCTCTAGCGACGACGGGACCGCCGTGCTTCTCAGGAGCCTCGCGGGGGGTCAGAATAAGCGCGCTGGACGGTCCCTTGGCAATCGCCGGGTTCCCGTTCCCGGGCCTGGGTCTAGGGCAGCCACGGTCCGCCATTCCGAGGATCGATCGAGCGGGCGCCGGCCGTCCCCAGCGCGCATTCACCGTGGATCGCGATTGCGAGTTGCCCTCCCCTGGGCATCCAACCACATTCGGCCCCAGCCAGCCCTATCCGGACCATGGACTCCCAAGAGTACACCCGCCTCGCCGATGCCTGCCTCGACCGTGTGACCGACTGGCTCGAGCCCTTCGACCCGGATGAGGTCGACTTCTCGACCGCCGACGGCGTGGTCAAGATCGAGTTTCCAGACGGCGCTACGTACGTGCTGAATCGGCAGGCCGGCGCCTCGCAGATGTGGCTCGCCGCTGGAGTATCGGCCTGGCACTACAACTGGACCGGGTCGTCGTGGTCTGACGATCGGGATGGGCACGATCTGTTCGAGAACCTCTCGAGGGTGATGTCCGAGAAGCTCGGCCGCAAGGTCAGCCTCTGAGCCCCTCGACAGCGGCGCCGCTTGAGCAGCATCGAGGCCCGGCGCCGTGCCCCGGCGGCCCGGCTGGCCGAGGCGCCGAGCCTGCGGGCAGCAGAGCAGCCGAACTCGCTGATGATCCGCACCGCTTCCCTCGGTCCGAGTCAGCCGTCCCGACCGAACGCCTTCAAGAGCGATCGCAAGCCGTCACTCGCCCGTTCGCCGACGGCGTCGCCGACAGCCTCGCGGATGACGTCCTCGAGAGCGTCGGCGGCCTGGATTCCGAGTTCGCCGCCCAGGGACTCGAGTAGATCACGCTGCAGGTCCGCAGTATCGAATGCGACCTTCACGGCGGGCCATCGCCCGCGCAGGGACAGGGGCACCGTCACGTCGCGGCCAAGGGTTCCGCCAGCCCGGGCCAGGAGATCACCGACCTCGCCCCCGACCAGTGTGCTGGGGATGAGTGCGTCGAACTGCGCTTCGCCGGTGGCGAGTTCGACAGCGCCCTCGAAGGTCACCTGCTGCCCGTGGAAGGCGATCTGGAACGGCGGGTGGGTCACTCGACCGTCCGCGATCTGCACGACGAAGGGGTCGAGATCCAGTGGCTCGACCAGGCGGTCGAGACTTCCACCGAGCTTGGGTAGCCAGCGCGCGGTGATCTCGCCGACGTCCAGCTCCAGCTCGCCCATCAGACCGGAGAGGTCCCCGTCCAAGGGCAGCGAGTAGCCGCTCAGGCTGAGCCTGGCCGGGTCTGCACCCGGCGGCTTCTCCGCCGAGGCGAGCATCGGCAGCAGCGTCCCGACAATGCGCGGGCTGGAGAGCGGCGTCAGGTCGAAGCTCAGCTCGAGAGGCCGTCCCTCGCGCCCCAACAGTCGCGCGCCTTCGACCTCGCCCTCCATGCGGAGCTGGGCCACGGGCGAGTGGGCCGTCAGATCTGCGGACCAGACACCTCGACGGTCGGTCGGCCGCAGGGCCGCATCCATGGATAGCTCGCTACCGAGCAGGTCGAGAAGCAGTCCGTCGGCCCCCAGCGCGGCATCCACGGGGTCGGTGGGGACACCGGCCATGGCGATTTCGAGTTGGAGGTTCGGAGCCCGCGAGAGTTCGAGGTCCTTTAGGAGCTCTCCCAACGGAGCCGTCTCCAAGTCGATGCTGACGGCCCCGTCTCCGCCCGTGGATGCGGTCATGCTGGCCCGCAGGCCAGCCTCCGAGGTCAACGCGGCCCCGAGTCGCATGCGGTCGAGCGCGAGGGTCGAGCTCGGCGTTTGCAACAGCCAAGACCCCAGGTCCACGTTGACTTCGACCGCCAGTCCCACCGGCTCGGATGCGACGCCGAGGGAAGCGGGCAGGGGCAGGACCAGACGGTCGATGCTCATCTCGATCGACTGGGAGTCGGTGATCAGCGACAGGTGCTCGGGCAGCGATGCGCTGACGTAGCCCGCGGCGAGTCCGCTCGGGTCGAGGACCTGAACAGTCGACGGTTGGTCACGATCGAGCACCAGTTGGCCGGCCTCGAAGCGCAGGTGCAGGGTCGCCGTCGTCCGGGATCCCCCCAGGTGCAACCGCAGCGATCGCGCGCTGGCGTCGCCGTCGGCGCCACTGAGAACCGCCTCGACCGCAGCCACCGGCCCGACAAGCTCGACCAGACGCCCGCCCTGCCGGAGGAAGTCGTCGATCCATTGGACCGAGAGTCGATCCACGGAGAGGCTCAAGCTGCGGATCGGAAGGGGCAGTCGGCTCGACAGGTCCCTGCCATCCGCCAGCTCTCCGCGCAATTCGACTCGGCCGAGCTCGGGCGAGCGGATCGCGCCGCTGCCCTCGATGGTGCCGGGCTT
CP036296.1_gap143	5657143	5661180	4037	AGAGCGACTGAGCGCGGGCTTGCGGGGAGACCTGAGAGCGCCCGGGCCCCTCACCTCCATGCCGGGCCGATGGCCGGGGCGTTTCAAGCGGTCGGATTGACCTCCGTCGAGCGGCACGGTCCGATTCACCGGCATATGCGGCTTTCGGGGGCCGCAGCGGCCTGGTCGCCTTGCCTCGCCCGCGGAGATGACACCCTTGTCATCTCGCCCTCCGCGGCCGGAACTAGCCTCGCCGACTCCCCGTCCCCATCGGCGCCGCTCCACCGACTGCCCATGCGCTCCCTCCTGCTGCCGCTCCCGATCGCCCTCCTGGCAGGCTTCTCCACGGCCCAGTCCACGAACCTCGCGTTCGCGCCCCACGTCGACCTCGAGCTGCCGGCTTCACTGCCGAAGGCCACGGCCCTGGGCGACTTCGACGGCGACGGGAAGGTCGACGTCGCCGTCTCCCTCGCCGGTCAGGAGGAGATCGGCAGGATCGCCGTGCTGCTCGGCTCCGTGTACCCGCAGCTCGATGCTATCGAGTTCGTCTCCGGCGGCCAGACCTGGGGCATCGCAGCCGCGGACTTCGACGAGGACGGCTTCGACGACCTGGCCGCCACGCTCGGCTCGAGCAGCTCGAACCAGGTGCGGATCTTCCGCTCGAGCGGCAACGGCTCGTTCACGCTCCTGAACACTGTCCTCGCCGGCAGCTTCCCGATCTCCGTCGAGCCCGCGGACTTCGACGAGGACGGCCACGTGGACCTGGCCGTGGCCAGCAACGTGTCGGGCGGCCTGCGCGTCTTCCTCGGGAACGGCGACGGGACCTTCGGCGCCGCGCTGTCACTGGGCGGCACGAACTGCACCGACGTCGCCGTCGGCGACTACAACGGCGACGGGCATCGGGACCTGGTGATGACCCAGTACTCGGGCACCAGGCTGTGGCACGGGCTCGGCAACGGCAGCTTCGTGTCCGACGGATCCGTGGCCTCCTCGGCGCTGACCCAGGGCGTGGCCATGGGCGACCTGAACGGCGACGGCCGCGACGACATCGCCACGGTCGAGCTCTACACCGACCTGATGCGCGTGGTGCTGTCGAAGCCCGGCGGCGGCTTCTTCAGCTCGGTCAGCTACGACCTGGGCGGCTTCCCGAACGACGTGCGGATCGCGGATGTGAACGGCGACGGCATCGGCGACGTGATCGCGGTGGCCCAGGACAACGACGCCGTCTCGGTCTGGCTGGGCCTCGGCGGCGGCGCGCTCGGAGGGAAGACGAACATCGCGGCAGGCCCGCAGCCCACCTGCCTCGCCGTCGTCGACCTCGACGCGGACGGCGCGCTCGACGTCATGGCACCCTGCCGCAACCTCGCCGAGACGCCGCCCGCGCCGATCCTCGTCAACCAGACCTCCGCGGCGCAGTGGGCCTGGACAGGCGCGGCTCTCTCCGGCGCCAATGGCGTGGCCGCATGGAGCGGCGCCGGCGACCTCTCCGCCGGAAGCCCGGTCAGCGCCACCCTCACGTCGGGGACCGCCTTTGCGCCGGCCCTGTTGGTCGTGGGCCAGAGCGCCGCGAACCTGCCGCTGCTCGGCGGTCTGTTGGTCCCGAATCCCGACCAGCTCGTCGCCGGCATCGCGCTGGACGCGTCCGGGGGCCTCGACTTCCAGTGGCCCTGGCCCGCCTCCCTGCCCTCGGGCAGTGAGCTCTACACCCAGGTGTGGTTCTTCGATCCGGGCGCCGTGGAGCTGTTCGCGGCTTCGAACGGACTGGTCGCGCGCGTGCCTTGACGTCTCGAGTCGGTGGCGAACACGTCGCCGACCGATGGGCGTTCGACTCGCCGCGCGAGAGCAATAGCTTTCGCGCGGCCTGTCGAGGTCCGCGGCCGCCAGCGGTTGAAACTCGCCCAGAGGCACGCTCGGCCGGGGACTAGACTGCTCCCCATGTTCCGTCCCTCTGCCGTCGTCCTCGCCCTCTTCGCCGCCTGCCCGACCCTACAGGGCTGCGCTTTCCACTCCACCGCCCGCGAATGGAACGGCCTGGTCGGTCCGGATGGCGAGCCTACGCACCTGCGGAGCTCGACCAATGTCGGCCTCAACCTCTTCGTGGTCTTCACCATCTTCGGATCCACCGACACGGGCGGAATGGTGGACGAGATCACCGGCGAGATCGCGGCGGAGGGCGGCGATCGCGTGCGGATCATCCAGTCCGCGAGCGAGAACTACTGGTACGGCTTCCCGCCCCTGACCTGGATCTTGACGCCGGTGGTGACGACCGTGGCCGCGGACTACGTGCCCGCGAATGAGGTCCCGGAGTCGGAGCCCGCGGAGAATCCCGTGGCTCGGGACGACGACGGCGACGACGAGTGATTCGGCGAGGCGGTCGGGGCTCGAGGAGTCGGCCGGGCGGGGCGCTTTGGATCCGGCCCCGCCTCGATGCTTCATACCTCGGTCCAGGGCGGCCGACTCGCCGCCTTGAACCGGGCTCGATCGCGCAACTCATCGGCCTTGGCTCGCAGTTCCGTTGGCAGAGCATCGATCGAGGACTCCAGCGCCGCTAGCGCCTCGTCCTCGCGCCAGAGCCGGATCCGCAGGGCGCAGCCGTAGAGGAAGCTGATCGGGAAGTCCTCCGGCGTGGCCCACTCCAGCAGCAGATCGAGCGCCTCGTGGAGCTTGCCCTGCAGCGCGAGGCTCTCGGCCTGCAAGGTCAAACCGACGTCGGTCGCAGGCGCCCCCTCGCTGGCGAACAGGTCGGACACCTTGTCGAAGCGGCCGAACGAGAACCAACGCTGGGCGAGGTCGAGGACCTCCGTGCCCGACCTCTGACCTCTGACCTCTGACCTCTGACCCACCGCGTGATGGTGGAAGCGAGGACCGACAGCGAGTCCGAGGGCGATAGCAGACTCTGGTGCCGCGCGGCTTCCTCGAGGCGGCCCTCGGCCAGGTAGGCGATCACGAGCTCGCGCCGGCGCCCGCCACTCGGGTCGGTCGCCGCCAGGCGCTCGTAGTCGTCCGGCCGCACGTCGTAGGCACGCCAAGCACCCTGCGTCCGTCCGATCGGCTCGAAGCCGAGCAGCCAGTGGTCACTCGGCCCGGCCGCCTGCCGACTCTGGGGAGCCAGTTGGTCGAAGTAGATCGCCAGGCGCCCGAAGCGCGGCCCGCCCGCCCGCGTGACCACCTGCAGCGCGCCGAACTCGTCCTCGAGTCGGACCAGGCCCAGGTCCTTCATCTGGCCCCATTCGGTGTTCGAGTCGGCGAAGTACTCGAGCCCGGCGTCGGACCCGCCCGCGGGAGCGTTGTAGTAGGCGATGGCGTTGGGCCAGATGCCCCGCAACTCGAGCCCGACGGGAACGACCGCAAGGACCAGCCCGGCCGCGAGCGCGCGCCGGACCGCGCTCGGCGCCGCCGCCAGCGTGACCACCGCGAACCCGCCCACGATCGCCATCAGCGGCATCAACTGGAGCAGGTAGCGCACTCCCAGCTTGTAGGAGGTGCCGAAGGTCAACGCCGCGATGGGAAGCACGATCAGTGCCAAGAGCAAGCCGAGCGCCACGCGCTGGCGCGACGTGATCCGGCGGCTCGGAAGCAGCAGCGCGACCGCACCGAGCGCGAACGCCCCCAGAACGACGACCGGGGTCTTCACCGCCAGGGCCAGGGGGTAGTAGAGCGGCGTGGACTCGTGATAGGCGCCGAGCATGTAGCCGGCGCGGGGACCCGCCACGCCATCGGTCGAGAGCATGAAGTCGAGTCCCTGGGCCAGAGCCAGGGGCAGCACTCGGGGGAGCTGGCGCAAGAGGGGCGCGTCGAGAGCCGCGAATGCGGCGCTGCGGTAGGCGTCCCCCGCCGCCGGCGCGAAGGGCTGCGTGAACAGGTAGGCGGCGTGCAGGGCGAAGAGGCCGCCGACGACCATCGCGCCGAGGGCCGCTGAGCCGACCTTCAGGCGTCGACCGGCCGACGCCTCGCGCTGCCCGTCGCCGCGCGCGACCACAGCGGTGATGGCGACGATCGCGATCAACGGCACGAAGACCGCGGCGAGGTACTTCGTGCCGACCGCCAGTCCGCAGGCG
CP036296.1_gap144	5663046	5667084	4038	TGGTCGACCTCTACGAGTTCCGCACCGCGGGGCCCCTGCCCGCCACGCCGGTCAAGGCCGAGATCGAAGCCGTGTCGACGCTGCCTCCCGGGGTGCTCGTGCGGGTCCGGGGCACGAAGTCGGCCGGGAAGCTGATCCTCTGCCTGAGAAGCGGGTCCTTCGGTCCGCCCATCGTGCACCGCGGCGTCTCCGCTCCGCCGACCCTGTCGCCGCTCACCGATCCGGGTCAGTTCGGCCACGGTGGCGGCCAGGCGACCAGTGCCGACGCCGGATTCGATTGCGGCGCGTGCACGCCCTACAACGGCGAGTCCTTCGTGCACAACAACACCTTGACCTGTGATCCCGAGACGCCGCTGACGGGCGACTGCCCGCCAGGCGAGCTCCTGAATGTCAGCTGCAAGGGACGCACGAAGCCCTTCGGCCCGATCGTGTGCCCCAAGGCCGGCGCCGTGGACAGCTCGGTGAAAGGCGAGATCGTCAAGGGCTTCTCGATCTCGGGGACGTTCAACAGCTCCCCGGGTGGTGTCGGCGTCGACTTCGGCATCGACTGGGAGCAGTCCTCATCGACGTTGATCACCGAAGGCATACCGAACCCGCCTGAAGGTGAATGCGCCGAGTGTGTCCAGCTCAATGCGATCGCCTCCTGGTGCCGGGGCATCTTCAAGTTTCAGGTGAGCCAGTGGGAGCTCCTCCCCTATCCGCACGTCGACCCCTGCTCCGCCTTCGACAGGGCTGTCGTCGCCTGCGGCCCCAACGTGGTCGTCAAGGGTGCCTCGTGCGACCAATCCAAGTTCGGAGGCTCCGGCGACTGACGGACCCTCGAATTGGAGCGCACCCCGCCAACTAACGGGGCATCGACCAGGTCCAGGAGCGGACCCCGGTGGCGGCGGATGCGTCGCCGGGGTCCGAGTCAGTGGGCCTGGGCCCCGCCCGCGCCCTTGGGGACGCGGACCGAGCTGACCAGCGCTTGGATCTCGGGCGGCGGCGGCGGCGTGAACTTGGCCACGGCGATCGCCACGGCGAAGTTCAGGGCCATGCCCAAGGCACCGATGCCCTCGGGGCTGATGCCGAACCACCAGTGCTCCGCGGTGTTGGTCTCCGGCGCGACGAACTTGAACCAGACGATGTAGCCGGCGGTGAAGGTGATCCCCGCCACCATGCCGCTGATCGCGCCCTCGCGATTCATGCGGCGCGAGAAGATCCCGAGCAGGATCGCCGGGAAGAACGACGAGGCCGCCAGGCCGAAGGCGAAGGCCACCACCTGGGCCACGAAGCCCGGCGGGTAGATGCCGAGTAGGCCCGCGAAGATCACCGCGACCCCGGCCGAGATGCGCGCGGCGGCCAACTCGCGCGACTCGCGGATCTGCGGGAAGAACGTGCGCTTGAGTAGGTCGTGGCTGACGGCGGTGGAAATCACCAGCAAGAGGCCCGCCGCCGTGGAGAGGGCCGCAGCCAGCCCACCGGCGGCCACCAGCGCGATGACCCAGTTCGGCAGGCCTGCGATCTCGGGATTGGCCAGCACCATGATGTCCCGGTCGATGTAGAGCTCGTTCTCGCCCGCGGAGGGCGCGTTGGTCACAAGGCGCTCACCGGAGACCCCGCGGCCGGCCTCGTCCGTGGGTCCCGACTCGAAGGCGGGCTTGCCGTCGAAGGGCGCGCCGCTGCGGTAGCGCACGCGCCCATCGCCGTCCTTGTCGACCCAGGCGATGAGGCCCGAGTTCTCCCAGTTCTTGAACCAGGCCGGGATGGTCTTGGCCGCGTCCGTCTCGGACGACTCGGCGTAGCGCGCCCCCTCGACCACGTCGATCAGGTTGGTGCGCGCGAAGGCCCCCACCGCCGGCGCAGCGGTGTAGAGCACCGCGATGAACAGCAGGGCCCAACCGGCCGAGGTGCGCGCGTCGCGCACGCGGGGCACGGTGTAGAAACGGATGATCACGTGGGGCAGGCCGGCCGTGCCCACCATCAGCGCCAGGGTGATGCAGAAGACGTCGACCAGACCCTTGGAGCCCGAGGTGTAGGGCGCGAAGCCGAGCTCCGCGTGCAGCCCGTCGAGCTTGGCCAAGAGCGAAATCGTCTCACCCCCCGCGATGCGGCTGCCCACCTCGCCGGCGAGGTTCGAGCCGAAGCCGAGCTGCGGCACCGCCACCCCGGTCATCAGGATCGAGATGAAGATCGCCGGCACCATGAAGGCGAAGATCAGCACGCAATACTGCGCCACCTGGGTGTAGGTGATGCCCTTCATGCCCCCGAGCACCGCGTAGAACAGCACCACGCCCATACCGATCACGACGCCGGTCTCGACCGGCACCTCGAGGAAGCGCCCGAAGACCACGCCCACGCCGCGCATCTGCCCCGCGACGTAGGTGAACGACACGAAGATCGCGCAGACCACCGCCACCAGCCGCGCGGTGCGCGAGTAGTAGCGGTCGCCCACGAAGTCAGGGACCGTGAAGCGGCCGAACTTGCGTAGGTAGGGCGCCAGCAGGAGGGCCAAGAGCACATAGCCCCCGGTCCAACCCATCAGGTAGACGCTGCCGTCGTAGCCCATGAACGAGATCAGCCCCGCCATGGAGATGAACGAGGCGGCGCTCATCCAGTCGGCGGCGGTGGCCATGCCGTTGGCGACCGGATGCACCCCACCGCCGGCCACGTAGAACTCGCGCGTGCTGCCGGCCCGGGCCCAGATCGCGATGGCGATGTAGAGGGCGAAGGTCAGCCCGACGATCAGGAAGGTCCAGCTCTTGACGTCCATGGCGCCGTCAGTCCTCGGAGACGCCGTAGCGACGGTCGAGCCGCTTCATGGCCACGACGTAGACGAAGATCAGCACGCAGAAGGTGTAGATCGAGCCGGCCTGGGCGAACCAGAAGCCGAGCGGGAAGCCGGTGCCCGGGAGCTGGTACTCGTTGAGCGGCTCCGCGAACAGGATCCCGCAGCCGAAGGAGACGGCGAACCAGATCGAGAGCAGGAGGCCAAGCAGCCGCAGGTTCGCGCGCCAGTAGGCGCGTGCGGCCATTCTGCCGTCGGGATCGAATCGAGAATCGGACACGCGTGGGGTCGTCGAGTAGAGGACGCGGACGGGGCGGTGGAGCACTCCTCGCCCATCGGTGCTGTCATGGTACGACGCTCGTGCGCCGCGAGCAGCGCCCCATGACTTCGCCGCTGCTCGGCCCAATGGAAGGGGACGGGCTCGGCCTTGGAAGTCCAGCCGGGAAGCTGCGCGGCCGTGGACCGCACGACGCCGCCCATCCGCGCGCGTCCGAGGCTCCCGGTGACGCGGGACGCTCGAGCCACCGACCCTCGTTCAGCCGGCGCGGCGCATGCACCCTGGCCATTGGATCCGTCGTTGACCGAGCCCCGCACGAGGGACGATCGTCCGTGACCGGGCCAGCGCACGAACGGCTCAGAGGTCCATGTCCGAGAGCTCGTCGATCACCGGCGGGAGTTCGACCTCACCTAGGGTGAAGTCCGGCAGCCGCCGATGGACCGTCCGCCCATCCGGCAAGGTGAGCGGCACATCGAGGACGAACGTGCCCGAGATCGGCGCGATCACCCTCCAACCGGCCAAGCGCTGGGTACCCAGGTCGAACCCGATCCCCTGCGCCACGACCCCGTCGACCGAGGTGCCGTCGAGCAGCAGGCGGACGTCCCCCTGCATCGACAGCGGCAGGCTCAGGTCCACCCCGTCCAGCTTCCAGCGAACCTCGCGGGCGAAGCTGCGTCGCTGCTCCCACTCGACCAGGACTTCCTGACGGTCGACCGAGAAGCTCGATGGCTCGATAACGACCGTTCCGCCCGGAACCTGCAGTCCGTACTCGCCGTGAACGAGAAGGTACTCGGAGGACCGCTCGTCGGTGCCGATAGGACGAATCGGAGACGGGATCTCCGGCGGGACCGCAAGCGGTTCGAGTACCGGCCGCGGCCGACTTCCGCCGGCGGCGGTCGCCTCGGCCTCTGCCCCTCGCGGCTGAACCCTCACCCTCCCGATTGCCGGAACAACGACCGTCGGCCCGGACCCGCTCGGCGGCAGCTCGACGTCG
