gap_id	start	end	length	sequence
CP036317.1_gap1	77326	80551	3225	TCGTAGAACTATCGTCGATTTTGCCGTTTTCGACGCTGATCTGGGAACCTTTGACGCCGAGCGCGACTTTGGCATTGGAGGCAGGTTTTTTGTCCGGCGTCAGAATGGTCGTAGCGATATCGCCCGCTGGTTTCAACGCGAAGTCGACGTTGATTTGACCTTCATTGGTTTGAATGTCGCGTGAAATTGCCATTTGATAGCCGGGGGCTTCAACCCGTACCAGGTGGGCAGGATAATCATGAGTCAGCCGGACACGGTATGTGCCGTCGGTGGCTTCAAAGCTGTCTCGGGGAATCCAGTTCATCCCGATACGAGGGTTGCTGTTACGCAGACCCGGTGTGACGAGGAATTTTTTGATGGGCTGTTTTGTCTTAGCATCAACGACGCGACCGGAGACGACCAGCGCACGAGGGGGAGTGAAGACGTATTCTTTTTCCCGGGCGACCAATGGTTCTTCCGAAAGTTGCATTCCCCCAGGACGGCAGATATCAGCCCGGAATTCATCAAGGGGGGCTTCGTTCCATTCCCAGACACCGTTTTTGTCGGCGTACTGGCCGATGTGGTCAAACTCAAAATAGTCGATCCGCCCTCGCCAGCGCTGGAAGAAGATACGTGCTTTCGGGATCCCTTTCCCCTGTTCATCGACTACGCGGATCCGAATATGCCCACCTGGTTTAAGGACAAAATCCACAGGGTCCATGTCCGGTGAGACGCGGACTTCCTGCATTTCCAGGGCACGACCTTTTGCAGAGGCGACCACGCGCACGAGACTCGGTTCGCATCCGGAAAGTACATAGACGCCATGCTCGTCGGTAGTTGCTTTGCGCTTGTCATTCAGAAATTTGGTGCGGATCAGGGCGCCGGCGATCGGTTTCCCGTTTTCGTCCGTCACGGTGCCTGTAAATGACAGGCCCCGTTTGAGGGCAATCTGTTGCGTCGGACTCTGGTCTGGCTTGAGGCCATATTTGCCCCGCGAGAGTCGTCCTCTCCAGGAACGAAAATCGGGATGATTCACATCAATGTGCAGATCCGGTTTTGATCCCGGAACAAAATCATAGCGCCAGCGTCCTTCCGCGTCGGTAGTGAGTTTCGTACCGACCCCCAATGTGCTGGTATCGCCAGGACGTTTTTTGAATTTCACGCTGGGAGAGACTTTCGCACCTTTGATCGGCTTACCCGCTTCGTCAACCACGATGCCCCCGACCGACCAGCCTTGATCGAGGATCGCGGTAAATTCGTCAGGTACGGCCTGCGGGTATTCGCTGACATTCCAACCGGCCCAGTAAGGACCGAAACCCCGTTTTTTGATGCTGAGGTTAAACCGCTTCATCTCGTGTGGGATTTTAATGAAGAGTTCTCCCTGATCGTTCGTCTGGGCGAATGGGCCGTAAGTCGCTTTGCGTAAGTACTTGCCGCGAACAATCTGTTTTGCGGTCGGGGCAGGATCGCTGCGGATCTCGACCGTCACATGGGGCACCGGTTTGCCTGCAGGGTCGACAACTTTCAGTTGAAAGAGCCTTTCTGAATCCGTTTCCGGATTTGGGTCTGCTGTTTTAACGTCTCCTTTGTCGGCAGGTGGTTTCTGCTCAGCGGTCTGCGCTGTGGCTGTCGTGAGAAATAAGATTACCGGCAGGGCCGTCATCAGGATCAGCAGCGTACAGATACCGCCTCGCGAAACGGGCAGCGGTTCGTTGAGCGGCTCTCCGAACAGACGTGCGACGCGGCGACGGATTTCCGAGGGCGATCTGCCGGCAGCGGAGAGCGATGTCAGTTGCTGTTCGGAAAGCCGGCTCCGATGTGCCACTTCCGCAACCCGGAGTAGAGCCGTTGAGTAGGCCACGCGCGCCTCTGCAAGCGGACGGTGTTCGTTGGTATTATTCTGGCAGGTCATTTCATCACAACAGTATTCGCGGAGGAGACTGATGCGGTGGCTGAGGTACCAGAGTGCCGGATTGAAAAACAGAACCACTTCCGCCAGACGCTGCAAGAGATTGACCCACAGATCATGACGTCTGATGTGAGCCAGTTCGTGGGCCAGAATCAGTTCCAGTTCGCCAGCGGAGAGACTGCTCAATATGGAGGCTGGCAGCAGTACTGTCGGCCGGAGCAGGCCTGTCACCTGGGGGACTACAATTTGCTCGACGCATGCCAGGGCAGGGCGGACTTTGAGGTTCCATTGCGCAGAGAGACGCGCGAGAATTTCCACACAGGGACCTTCCGAAATCAGAGTGGCCGTTTTTCGGACGCGTACGATTCGAAAATGGCTGGCAAGCAACCGTACCAGCATCAGCACAACGCCCGCCAGGTATAAGCCAACAATCCAGGGTGTCAGTAGACGCCAGTCAAACGGAGCAGTTGCTGCAGAGAGGCGGGCTGTCAGTTGTGGACTTCTTGCCTGGTGTTCGAGGGGTTCTGCAGTTTGAGGCGGTGTCGATTCAGCGGGAACGGGGAGAGGCAGAGTCGGTGTCCCCACTTCCGGTTGAGCAGCAGGCGAAACGGATTGCGTCAGCGCGGTTGTCGTGAGAGCTGCAGTCTGGCTGGAAGTTGATAGACGCAGCCACTGGAAGTTGGCCGGCAGAGTAAGACAGGCCAGAATCAATGCTGAGACGTAAAGGGTATAGCGCTGTTCGACGCGCATTGATTTCCAGAGCCGGTCAATGGACCAGACGAGCAGGGTCAGCAGGATAATCTGCCAGAAGGAGTGCAAGAGTGTCAGACACAGTTGACTGTTCCACGTCGGGTCGATCAGGTGATGCCAGCTCATTGTTTCAGCTCCTTTGCCTTGCGTGTGATCAGCTTGCGGAGTTCGGTGAGCTCATCAGAGTCCAGCTCAGCCGTTTCGAGGAGATTCAGCACCAGGTCCGTTGAAGATCCTTCAAAGACGCGTGTCAGAAGGTCGCCCATGATGCTGCCGGTAATGGCCTGCTTTTCCTGAGCCGGGGAGAACTGGAACGATTTGCCGGCTTTCTCGCGTTTCACATAACCCTTGCGATACATGATATTTAAGATCGTGATCACAGAGCTGTGAGTCAGAGGCCGGGCGGCACCGGTTTCGAGTTGATCCCTCACCTCACGCACGGTAAGCGGGGAGGTTGACCACAGGATCTTAAGAATTTCTAACTCGAGATCGGTCGGATGTTCGGAGACGGGACGTGCCATCAATCTGCTCCCTGCAGGCAGGTCAGAGGAACCTGCCGGGTGTTTCAGGAATAATATTTAATTCAT
CP036317.1_gap2	81943	82639	696	CTGATCAACGATTTCAGAATCGAGACAGTTATCCGCCTTCTGCCTGATTCGAGTCAGTTGGCGTGATGATCAGAAGTTCCGAACTCCGGGGGATCACCAGTTGACGGGTCTCCCATTCCTGTCCTGGAAAGCGAACGTAAACGGACGCCTGCTCTTCCGGCCGGAAGTGAGACAGTGCGACAATGCCCTCCCCATCCGATTTGCGGATAATGGGTTTGGCGCTGCAGAAATAAATACAATGTTCCTGACCATTATTCTCAGTGCGTTCGAATGGAAACGCGCTGACACCTTCCAACGGGGCACCCGCTTCCGTTTCAAACCGCAGACGAAGAGGAATGGACTGCTGCAGTTCAAAGCGGAAAGGTTCGAGTGAACCCTGCCGCAGAGAAATATATTGTGACTGAAATAGATGATCCTCGGCGATCGTTGCGATCTGGATGGCGTATTTTTCTCCGGGGGGATAGACGCTATCGATCTGGAAAGTTCCTTCTTCGTCAGTGAGCGCTGCGAACGAATTCTGCCGGAACGCTCCCCCAGGCCAGGTTTTGACGACTGCCAGCACGTGCGCGCCGGAAAGGGGTTCGCCTGAGGTATCGACCACCTTTCCGGTGAGACTGCCGTTGGTTTCCGCAATCGTGTATCCCGAGGGGGCCAGAGTGGCGGACTCGACTGGTTGCGTTCCCTGATCTGAAATCA
CP036317.1_gap3	88600	92120	3520	AAGAAACGGTCGCCGGTTTAGAGTCAGTAAGAAAATCAGAAAAACAAGTATTCCAGAAATGACACAATAGCTACAGCTACAAAAATGAATGTGTTCAACAGCAGTATCATCGCAATCATCGAAAAAATCAGCCCGCCGTTCATACATGTGGTCGGCATCGTAAACCCCCAAGTGAGGAAGACAACCACTGCCAGGACCGCTGCCCAGTAAATGCCCCCCAAAAAAATTGAAATGTGAGGAATCAGAAACGCAATGATCGCCAGGGTGAGGACAACAATCAGGCCCCAGTCCACGGTTGCGTTGTCTTGTGTGTGTAAATTGCGATTCGATTCGTCCGGCATGATAAACTCACCTGGATGCATTCATATATTTCACTCATTCGGAGCAGAATGAATTTCTGCATGTATATCAATTATACCTCTGGTGAGTATCCCTGTTGATGGCAAAGTCGCAGGAATGATTGCACATGGTGAGTAGTGCTATTTCTGAATATAAACAACCGCTCATTTCCAGCCATCTTCCCCATGGCAACGACAGTGACAGTCAACATTTTCCGTAAAACTGTGTGGTCCCCAGCCTTCATTAACGTAGCTGCTGCAGGTGAAGTGTTCAAACACCGTTTCAGAGAAATGGGAAGATTTCTGATGGCAACAGAGCCCCCAGTCCTGGTTCCAGGGAGCAAAGAAGGCACAGCCACCACACGGAAATCCATTCTCATAGAGATTGAGACTTTCTGGATTGTCGGGCCAGTTTTCCGCATACTGTTGTGCTGACTTCTCATTCGAAAAGTCATTGATCACAATTTTGTTTTGATTCACGGTATTCTCGCTGGCTGTATTCGATGGAACCTCTGCCAAAATTGGGAAGTAATACCCACATGCTCAAGCGAGACACAATCTGAAACGACGGGTTCAACTATTCTGACCGTAATCCGATCAGGTTTGCTGCCACTTGCGTGGCGTTTCCTTCAAAGCCCAGCCCGGTCAGAACTCCGGTCAGCTGATCTCTGAACCGGTTCAGTTCAGCCTCTGCAGCTGTGACTGCCTCCTGCAGCTCTGTGGGATCGACCGTCCAGCGGGCCTCCGGATCTCCGGATTCGTGCGGGCGACTCAACACCAGCCAGGGATCCTGGAATTTCATAGATAACCAGGGATGACCGATCCACAGCATCTCCCAGGATTGCCCCGTGTAACCGGCTGCGGTCTGCCAATTTTCGAGATCACCGATATCACTGCAGCAGGTTGGTAAAACGAGAATCCCATGTCGGCAGGCACTCAAGGCGAGACCACCGCTCAAGATTGGTCGGGACTCAGCGTCCTCCAGTTCCGCCAGCCCGCCGCAGTCTTCCAGGAAGACCGGCAGTGCCCGGGCCAGTTGTTCCGCGGAGATCTCAGAGGTGGCAACGTAACAGGACCCGCGCTCAATGGGGTTAAGTCCTTCGATGCCGGAGTCTGCCAGGCAGCTCTTCCAGTATGGTTCCCATTCTTCGCGCGCAGCTCCCCCGGTGGGCATTGCGCGATCTTCCCTGGAAAAGTCCGGCGGAAAGAATTCAATGACCGGCGTCAGCTGGACTCCATTTAATTCGATCAGGTCTGTCAATTGCGGTTCCTTGATCAGTTTCACCTGTCTCCGTTTACGCATCCCAGGCAATAGTGGCATTCACTCGCGTAGTAAAACTACCCACGATAGCCTTCAGACACACCGTGGCGGCGGCATCCCTCCTGTGGCGTCAGGTAACGAATTTCGGTCTCGATTTCGTAAAAGTCAGTCGCCATGATCGATTCGTCTTATACGATGTGCTGGAATCCAATTTCTCTGGTGATTGAAACCGTCCTGCCGATCCTCAATCCAGCGATTGATGTTTCTTCAGAAAGCGCCTGGCACTCTCTCTGACCTCGGCAGGTGCTGACCGGTTTTGAGTAGTTTTTTCAAATAACTGGACGAGGTCCAGGCCGTTAATTTGTGTGACACCGGAGTTCAACAGCCGGTTCACCATGATGAGGCCCGATTCGGAAGGTGCTGACTGAATAGACTCAATCAGTAGCGGTTCATAGCCTGGCAGACTTTCCATGCCATGAATGATCGACCAGAAGACGCCGGCTCTATCCTCGGTCGGATAGCGTTCAAAGACGCGCAGCATGGCAGGAATACCACTTGCAGGCGATTCACTTTCGAATAATTCCTCAAGAAGTTCATCCAGTTCCAGCCATTCTTCCTCTTGTGGCTGAAACTGATCAATGGCAGTGGCGATTTCAGATGAATTTCGAACCATTCTCATTCCCCAGGATTTTTCACCAGAATCCGCTTCTATAGCCGGCTCCAGATGATGATTATGTCGGTAATTTCCAGCCGGCCATGACGGCGAAGCCGAATCTCTTAAAAAATGTGTCGCACCGGTGCAGACTCGCCTCAACAAAGCGCGCGAGATGCCAGTCGATGGTCGCGTATTGATCAATAGACATTCTCTCCAGGGCAGCAGTCCATTCCGCATCGTCTGTCCCCAGTTCGCGCGCCTGTTCCTCATGCATTGCCCGATAATAGTCTGTATGCCAGGGAGTCAGGCCTGCCACCTGATCGGCGTTGATAAATACGCCCCCGCCAGCCAGTGCCCCGGAGACGCGCTGAAAGAGAAGGGCTTTCTTTTCGTCGGATAAGTGATGAATTGCCAGACTCGAAATAATCGCATCAAACGGGCCGGCTGGTAACACTTCATCGAACGAGCCCTGGACCGCCGTGATGGAATACCCTTGCAGACGAGTCTTCGCCACGTCGAGCATGTCCACAGACTGGTCTAACAGAGTCATCGAAGAGGCAGGCGAACGGCTCAGAATGAACTCAGAAAAAATGCCGGTACCGCAGCCCAGGTCCAGGATCCGCGCCCCCTCGGGGATTGTCTTTTCGACGAGCATTGCCGCGGTTCCATAAAATGCGTCAAAGTCGGGTACCAGCCGCCGTCGCGGTTCATCGTATGTTCTCGGGTCCCAATGTGTCTGATGGTCCATTTGTTCTTCTCGCCGTACTCGACATAATCTGGTTACAGGTAGTTTCCATAAAAAGTAAAGAAGTGAAATCGTGAGGTCAGTTACGTCAGATCCACTGCATGCCTAATTCCCTCTCTCCAAACTTCCCTCCACACTTTGGGCAGGGATCACCATGATTCCATACCTGCTCAATTTGAGTTTTACATTTTGGACAGGCGCCGATGACCACTGTTTTCTCAATCTTTCCATCAGGACACCAGACTTCAGTCACATAGTCCACGAGCTCATTACATATACTGCAAACACCCGTTTGTGTTTTTACAACGAAACCGACGTCAGGGCCACCACTCACTTCAACAGTGTAACCACAGTCATTGCATTTGTAGTGATATGTTGATCCCATAAATCATTCTCCAAAATCTCTGCTGGCCCCGCTTCCGTTTGTGCCCCTCGGTGATGACGACGATGAACACTGTTAATCTAATGTGAGATCAGCAAATCTCGCTGCGACCATATTTAGCGCACCCGTTTCGTGATCC
CP036317.1_gap4	111037	113173	2136	TGTGCCGCCTCCAGCAGGCTGATTCCTTTTTCGTCCGCCCAGCGGATCAGTTTTCTCTGTGTCGTTTTGCCAATGCCCCGCAGGGGCTTATTCACGATCCGGGAAAATGCGACACGGTCGTCCGGGTTGTTGATCAGTTTCAGGTAAGAGAGCAGGTCTTTGACTTCGGTCCGTTCATAAAACGCGACGCTACCCGCCAGCTGATAAGGAATCTTATGCCGCGCCAGCGCCAGCTCCAGTTCCCGGGAGAGGGAGTTCACCCGATAAAAGATGGCGAAGTCGGTATATTCGAATTCACCCCGGTCAACAGCGCGGCGGATGTGCAGGGCGATCTCCTCTGCTTCTTGCCGCTCATCATTATAAGTCAGCAGTTCGACTGCCGAGCCTTCCGGGTTTTCGGTGAACAGCGTTTTGATTTTCCGTTTCTGGTTATGCGCAATCAGGCTGTCGGCGACACGCAGAATTTCTTTGGTGCTGCGAAAGTTCTGTTCGAGCCGAATCGTTTTACAGTCGGGGAAGTCCCGTTCGAACTGCAGAATGTTTTCAATCTTGGCACCACGCCAGCCGTAGATTGACTGATCCGGATCGCCGGTCACACAGAGGTTCCGTGTATTCAGCGAGAGTCCCATCACAATCTGGTACTGGGCCAGGTTGGTATCCTGGTACTCATCCACCAGAATATATTGATAGCGTTCATCCAGCGTGGCCCGCAGTTCGGGAGATCCTTTGAGCAGGCTGGCGACGTGCAACAGCAGATCGTCGAAGTCGACCGCGTTCGATTCGAGTAGCAGTTTCTGATAGACCGGATAGACGCGCGCCGCGACTGCCTGCAGGTGATCGCCGATCGATTCCTGAAACGCCTCCGCATAACGTTCTGCCGTGATCAGATCATTTTTCGCCCGGCTGATCATGCCGGCGATCGTGGAGGGATTATAGGCTACCGTGTCGATGTCTAATTCATTGAGCACGTAGCGCATCAGCTGTTGTTGATCGGTCGTATCAAAAATCGAGAAGTTACTGTCGAGACCGACGGCTCTGCCATACCGCCTCAGTATTTTGACACAGAATTTATGAAAGGTCGAAATTTCCACGCGCATCCCGGGGATCAACTGCTGCACCCGTTCGCTCATTTCATCCGACGCTTTGTTGGTGAAGGTAATCCCCAGAATCTGACTGGCGGACACACCTGACTGAATCAGTGATGCAATCCGATGTGTAATCACGCGCGTCTTGCCGGACCCGGGGCCTGCCAGCACCAGCAATGGACCCTGGTGATGAGTGACGGCAGCATATTGCGCTGGTGTCAGGACCTGCTGAAAATCCAAGTCAAAATCCTTTTCTGTCGAAGCTGTTTGAGTTCCGTTTCTGAGTTCATCACTGTAAGGGGAGGCGGCTCAAATTCCAAATCGAACCGTCACGGATTCCTTGCAATCGGGGACAGAAACAGGTTGTTTTAACGACGATTTTACATCAGAGGCAAAAAAGACTTGAGAAACTGGACCAGAATTTGAAATAATAGTGAACCTTTGTGTGTTTTGTTAATGTTGTGAGTTCAAGTTGCTTTGGTTGATTGCACAATATTTGCGGGTCTACTAGACTGCGCTGAGAAGGAATGATGATCTGAAAGTCTCCTGACCTCTCCAGACTCTGACGGTATTAGAGTATGGGGGTTTTGCTCAGGGTTTTCGGCTCAAAGTTGCTCCAATAAAAAACGCCAGATTTCGGGCTGTGGAATATTCTATTGCTGGAAACTGCTTCCAGACAGGGTTTTGCAGGTTATGAAACTGGATTAGTTGAATGCCGGTGGGGATGTAGGAATTCAACACACTCCCGCCCGGTAAATGACGATAAATTATTTTACATCGGTAGTTTCCACCACAACACACGAGAATGCGGGCCCTACAGGCCCTGTTTCCGGTTAACGGTGGCCACCGTGATTCGAGTCCTTTTGCCGACGGAGTGCGATCAGACATGCTTCTCAAGGAATCCAAGCCAACCAGAAAAAGCCCGCTTTATTATGGTATGGTCAGTTTTGCTGTTTTGGGTATCGCCAGCCTCGCGCTGGTTGTCACAACCACCCTGGCTGTCGAAGACAAGAAGCCAGCTACAGAGGATGTCGGACTGCAAGGCATCTTG
CP036317.1_gap5	177282	180160	2878	CGGTTCCGGATTCTTTTTGAGATACTCCTGGGTGATCTTTTCCACGTGCGGCAGTCGACTGTGATCGTCCGTCAGTTCGCCCAGCCGGATCTGGCTGATCAGTGACAAGACGGGAAGGTACGAGAGCCGCCCCAGGTCATTGCCATAGACTTTCGACAGTTGCGTTGCGACCTGAATCGGCGTTCGCTGCTGGCGTCGCATCAGTTCCAGCCGGGCAGGGGACGGGCCGTGAAAGCCGCTCTTTTCGATCCCCGACAGTAATGAAGGCAGGAAGGCGGGCGCCTCTTTAGAGGGGACTTCCAGCGCCAGGGCGGGAATGCGTCCGATGTTCGACGGAGATTTAATCGCCAGACTGGAAACCAGTTCCCAGCCGAACACCGGCTTGATCTGTGGCTGTAATTCTTTTCCCAGTGCCCTGGTCGCGGGCAGACTGTCGACCGGAACGACCCACTGAAACTGCTTCCCTTCACGCACATCCAGAACCAGGTCCGGTGCATGCATGCCGATCCACCGCCACAGGTATTGCACTTCCGGCTTCGTCGGGTCGTGGTAAGCAGGACCCTGAGGCGGATAGCCAGTGGTCGGGTTCCCGCCGGAACCGTTCTTCGGACCCTCTTTTAGTACCCAGCCATCCGGGTTCGCAATCGGTGCCGCGGAGAGCGAGAACTGTTCCCGTAGCGGTGCTGCCTCTTTCGATCCATAAAACCAGTTGACGGCATCAATGACCGCATCGACCGACGCCTGCGAACCGTCCAGACCTCCGATCAGCAGGATGCGTGTCTTGCCCGTGTGAAAGTTCAGATCGTCGGCAGAGAACACGCACGGAATCGGCGTCTCCTTGCGAGTGACACCGAGTGCCGAGTGAATCAGCGCCGGTTGTTTTTTCAGAGACTCCAGTCGCTGGGCGACTTTCCCTTTGAAATCGACGGTCGGCTGTTCCGTTTTCTCATTAGCCGCGGAGACCACCGAGACGGGCAGGGAAATCAGAGTCAGTAGAGTGAGACACAGGGGCAGCAGGTGCGCGTTCATGGCAGGCAGGTTCCCGGCAGGTATGTTAAAGGGATGAATTTCAGGTTTGAGGATGTTCCTGATTATTGTAAATCTGTGCCAGACCAAATGCCAGCGGGGAACGCGATTACAGTGTCTGAATTGCTCTCTCAATCAACCGAGGGTAGAGGTAGCCCTGTGTGGCTACCCGCAGAGCGAGTCTGTTTGTGTTTTGTACTACGGATGTTTGAGAAAGCTGCCTTCGTTGCCTGTATTCCAGACAAACTTCGCCAGGCGGGCGGACACACAAGTCCCGCCCCTACGTTTGATCTCATCACATGACGATCTGAAACGATCGAATTACGGTTCCACCCGCACATGCAGTCGCGTCTCTGCTTTCACGCCATCTTCACGGCTGCGTTCGACTTTCACCAGGTAGTCGCCCGGTTTCTGATAGGTGTGTTTTGTAATTGCGTAACCGTCTTCGTTCAGCGGTTTCACGTTGCCGTCCGATTTCACTTTGACGGTCGGGCTGCCGTCTCCAAAGTCCCAGATCTCTGTGCCAAAGGTATTGTTGAAGGAACGGACCTTGAAGGTGATCGGTTCGCCGACTTTGTTCTTGAGCGAAGGCCAGTAGCTCGCATGCAGGCGGGGCACATATTCTTCCGGGTGGTTCGGATCCAGTACCTGGATTTCCGCGAAATCAAAGTCGACGTTGCCCGCTTTGTCAGTCACTTTCAGGATCTCGCTATAACTACCCGGATGAGGATAGGTCCGTTTTATAACCGGACCTTTCGCGGTGGTACCATCACTGAAGGTCCACTCGTAGCTTACAATGCTGTCATCGGCACTGTAGGATTGTGTCCCCTTGAGAACGGTGGAGTCGCCCGCAGTAATAAAGTGTTTGCGGCGGCTGTTCGCGACCAGGGCCGGATGATACTGACTCCGATACGCTTCCCAGATAAAAGCGTATCCCGCCTGCGTGCCCCATTTGCCTGACGGCTGGCGGCTTTTGATTTCAAAGTGCAGATGCGACCAGCCGCCACTGGCCCCTCTCTTTCCGAGGATGCCGATCTCTTCGCCCTGTTTGATCAATCGTCCCGGGCGGATGCGATCGTTGATTTTGTGCAGGTGGCTGTAACGGTAATACCAGCCCCGGGCGTCCAGCAGATAGACGACGTCATACCGCTGTGCGATCGGCGTATCTTTTTTGTGGCCGTCCAGCACATCCGTTCCAGAAGAGACGACAATCGCATCGGTGGCCGCGATGACCCGCGTCAGTTTCTCCGCACCGCCGATGTCCAGACCGCTGTGATAGTAAATCTTTGGCAGGATCTTGGTGCCCCCGTCTACCGGCTCATTGTCGTACCAGGTGCGAGTGGCAAACCAGCGCTGTTCGACCGGGTAAATGAACGAGCCCGGCTTGAGCAGCGGCGAACCATTCGGCCAGAAGCGGAGGCGGGCATCCTTGTCAAGTCCCCAGAAGGATGGTGTGCCGTTGGAGTTGTAACCACTGGTAATCGAGCAGTCGACCTGTACTTTGCCAATCGACTGCGGCAGATTGTACATCCCCGGTTCCAGCTCGATCGTTTCGCCGTCCACTTCCACTGTGACGATCGCACTGCGAACGGCGTTGCGAATCGGGTCGCGGGTCTCCTTGAGGTCGCGGAGTTTGACCTTCACCTGCTCGCCATTACTGAGGGTCACCGTGGTTGCTTCGCCCACATTCAAATCGACGACACGGACGATCGGATCCAGGGCCGGCTTCTCCTCACCCGCACGAGCCGGTAATGCAGACAGGCTACAACAAAGTGCGATGAGCAGACAACAGATCACGGAACGCAGGGAATGTTTCAGCATGGCGGGAGTCTCTCTTAACGGGGGAGTCAGT
CP036317.1_gap6	183996	187791	3795	GACAACATCGTTCTCGGGAACCCCCGGCACCACTTCTCGATTATACCGTTCCACCGCAGCGCGGATCTGTGCCAGTTGGTCTGCCGAATAGAATTCGGGAATCTGCACAAACCCCCGTTCCTGGTATTCCCGCACGATGGCTTCCTCGGTCATGGCTTTCTCCTTCCGGCAGCTCAGTCAAAATCAGCGCGAGCGAATTTGTCGAATCCCTTTACAATCTAATCGTTCGAGATCTGATTTGCATCATTTTTTCACAGATTCTTCTGGAGCGTCTGAGTTCAAGGTCCCGTTTTTTGATTGACTGACGCTCTGGGGCAGATACGCTGTAAATGTATATCACCCGGCTTTGGATATCAGGGAGAAGCAGTGATGTCTCGATTTGCGCTCACGAACAAACAGCGAAAATACTTCGGGCTGGAACCGGTCAAAAAGCAGTGGGATTCCGTCGAACTGAAAGACATGCTGGTCTATTTCGACGGTGATCTGATCCGCAAAGTGATCTGTTATGAGATCGGCAAAGAATATGGTTACCAGGAGTTTGACTACGAACTCGAAACAGATCAGCGCGAAAAGCTCCTGCCTGCCACGAAGCGGGGTAAACCCAAACCTCTGACGCCTTCGAATATTCTGGACCGTAAACCGATTGGATTTTCGTTTATCTGTTACTTCGGCATCCGGGGAAAAACTTTAGCCTTTCAGCATCTGTATGTGACACATGTCGCTTCAGATGATTCCTTTGTTTCCCTGCACGATCATGGCATCACCGATTACGAACAGCTGTCTGACTGGGTGGATGAGTTTATCAAATCCTGCCCGGCCGATCATCTGGAGAAAGTGACAGGCAAAAGCACACAGAAAAAACGCCGCGTTCGCTATCAGCCAGGCGACCTGTTTGAAATTCCCTTTAACAAATCCTCCGTGGGTTACGGAAAAATCCTGCTCGATGTCCATCGGCTCCGCAAGACAGATTTCCTGGACCACGTTTGTCCCGAGTTTCCCTATGGGGGGTTAAATGGACCGCTGCTGGGCAGTGGTCTGATGGTGGCTGTCTTCAAGTATGCGGGACCGCGCCTGCAGCCGGAAGAGATCGCAGCACAGCCGATTCTCTACGTCACGCTGATGATGCACGACAATATCTATGAAGGTAAGTTTCCCCTGGTGGGAAAGGCCCCTGTATTACCCGAGGAACTCGACTTTCCTGAAGGGGTGAGCCAGACCAGTGTCGGAAAAAACAAAGTGATTTATCACTTTGAAAAAGGGGGGATCTGCGTCCGACTGCCGATGACGAAAGAAGAATACAGCGACGCCCCAAAAATTGGCTGCGCGTTCGGTCTGGATCCCAAACGCATCCTGAAAGCAATCAGGGGAGACGAGAAAGTGCTGAATCAGCTCATCAGCGATCTTCGCTGTTCAGAGCAGCGTGCGGAGATTCTTTCCCGCTGTGGTCTGAAGCCGGAGATGTCTTATGCCGAGATGGCCGCTCAGAAGGGGGGGATCCCACCGGAAGCATTCATCGAAGCATCACAGCAGCTCTGAATCTCCTCTGATTCAGCGTCGTATCAAAGTCCGCTGCTGGCTCTGCTGCCGCAGCGGGCGGCGGGAAATTTCCTGCCAGTGCCGGATGTCGATTTCATACGGACCGTGGGGACGGTCGAAGCCGCCGTAATCGCGATAGTATTTTTCCAGCTTGCCGATTTTCTGATCGACGCGAAGTTCCCCCCGCCGCTGACTTTTGGGAGAGCGGCCCCAGACAATTTCCGAGCCGCCCGCGGTGATCAGCCGATAGATCAGATCGTCCAGGGAACTGGCTTCGCTCATGCGGGGTGGTGCTTCGATCGACACGATCTCCAGTTCTTTCCAGTGCGGCCCCAGGGCTTCAGCCAGTTGCGCGGCGCCGGTGACCGTCACATCTCCCCAGGCGTTCCCGGGAGGACCGGCGGGAACCGATTCGACGCCCGTAATCACTGGATAGCGGCGGGCATCGGAGACCGAAAAGTCTTCAGGGGGGAGCAGGACGCCCGCATTGTCGACGGGCAGCAGCCGCTGTTTGAATTCCACCATCGCCGCCGGTTTGCGGAACTGCAGTTCGACTTCGACCGTGCTCGTCTTCCGTACCGAGACCACTTTCTGCACCCAGGGATGTTTCTGGAAGGCTTCCGCGATCTTAATGACCAGGTCCCGATCCAGCAGGGAAACCTTCTCGGGTAACTGATTGCGCCTGATGACCTGATCCACCAGATCGATGGGGACGTAGTGAGGCGGTGCCGGAATCAGGGACAGCTGTCGCGTTTCGACCTGGTACTGCTCCTGTTGTGCCAGATCGGGCAGCTGATTTTTGAGCTTCTGAAAACCGAACCAGCCAGAAATTCCCACGGCCAGGATCAGCAGCACCTTGGGACGAAACAGCAGGCGGATCAGTCGCGCAGGACTCAGCGCAGAGGGCTCTTCTTCCAGCGCTTCCTCTTCTTCTTCGATCTCTTCGATCTGTTTCTTAGCCGGGACCTGTTTTTTAGTCAGCTTTTTTTTGGATGCTTTGCGGCTCATAAGCTCTGGTTGATGAGTTGATGTCTGATGCGCGCAACATGAAACCTGCGCACCGCCCCCTGCATTAACATTATCGCAATCTCAAGCCGCGCGAGTTGTGGTGCACCACAGAAAAGTCACAATTCCCGGTGGGCACAGGCCGTCTGGGTAAACTTTGTCAGTTTTGCGGCCGGGTGGTGGCTTTCGCCAGGCGGTTCAGCAGGACCTTCTCGCACAACTCACCAAAGTCGAGTCCCGCCCGGGCGGCTGCCTTGGGAACCAGCGAATGATCGGTGAAGCCGGGAATCGTATTCACTTCCAGAACCCAGGGCTGCTGGAACCGGTCCAGCAGAATATCGACCCGCACAATGCCGCTCGTGCCCAGTGCTTCGCAGGCACCGACGCCGGTCTTCAGGATCGACTGAATCACATTGGTCGGCTGCTGGAACTCGAAATGATACTGCGTCGAGTCTTCCAGGTACTTGGCTTCGTAATCGAAAAATTCGTGAGGCGTTTCAATCTGAATCAGGGGCAGGACTTCATCGTCTACCAGGGTGACTGTCCATTCCGAACCCGCGATGGCCGATTCCAGAATACCGAAAGAGTCATAGTGAAAGCAGCGGGCCAGCGCCTGAGGCAGTTCTTCGGGCGATTTGACAATTGTCACACCCAGGCTGGAACCCTGGGCATCGGGTTTGACCACCAGCGGATAACCCATGCTCCGCGCGTGCTGTTCGATCCGCTGTGCGTCGTCGGATTCATGAATCAGCACGTAAGAGGGGGTACTCACATTCCGTTGAATGAAACGTTCCTTGGAGGCCGACTTGCTGAAGGCCAGTTTTGAAGTCGGGGCGTCGCAGCCGGAATAAGGAACATTCAATCGTTCCAGCGTCGCCTGAATCGTGCCGTCTTCGCCATAGGTCCCATGCAACGCCAGGAACACGACGTCACAGGTTGACCAGTCATAAGTTTCCAGATCGACCAGGGAAGGATCGACGGTCACCACCTGATGTCCCCGTGCAGATAACGCACGCGCCACATTCTCGCCACTCTGCTGACTGATCTCGCTTTCGGCGGATTCTCCACCGGCGAGAACAATAATATTGAGAGGGTTCGAGGGTTGAGTTGGTGAATGGCTCATCGGGTCGCCTCCTTGCTTCCGGCCATAAAATCGCTGGGGTGTTTCAATTATGAATTTCTGAGAGGTTCAGAGATTCGGGGAATTCTAGCAGTTGGTCACCAATCTGCAAATGGCGATCTTGGGAGATTAGC
CP036317.1_gap7	189776	192094	2318	GATAAAAAGCCCTGCAGGTGTGAAGCATCCAGTTTCTGGGGCAGGAACTTTTTTTCGTACTGTCGCCGGATCGTTTCGAAGGAGGCCATGCCGTCCAGTTGCTGCAGGATGAAATATTCCTCGTCCCGCAACTGGTAGTACTGGAGCGAAAATGGATCCTTGATGCCCCAGTAGGTCTTGCCGCCAAACTGGAGCGGCTGCACCTGCAGGTCGGCCCGCTTCCGCAGGTGCAGTGGCTGATTCGAAAAATTCCGGGAGGCGATGGACATGAGGGAACTGCCTTCTCAGTCGCGGATGCTTATTGAACGATGAGCGAGGCACGCATGCCCGGTTTCAGTTTGAGGTCCGGGTTTTCGATGTCCGCCCAGACGCGGGTCTGGTTATTGACAGCATTGATCTCCGGGCTCACGAATGAAATTTTGCCCTTAAACTTCTGCTCCTGTTTTGTGCCCGGATTGACGACCAGCACGACGGGGCGGTCATTCAGATCCCGTTCCTGCAGCAGGGACGCGTTGACGAGCCCCTCTGCACGTAGGCGATCCAGTTTCAGTAATCGCATCACCGTATCGCCCGGCCGAACCCATTCCCCGTTTTTAATCATGATCTGGACCACCATCCCGGAAATCGGCGAGACCACTTTCCGCTTCTGCACCGCCAGCGCCGCGATCTGTGCCGCGTTCTTCTTGAGCAGGGCTTCCAGCTGCGCGGTCTTCGCTTCTTCGGTCGCCTGTTCGATCTCCAGTTCTGCTTTTTCGGCGGTCAGCTGCAGGCGATCCAGCTCGGTTCTGGAGATGCTCTTGGGATATTTCTGAATCGAATCCTTTGCCCGCTGCAGTTCGGCGTTCGCGACTTCATGCGATTTACGGGCGAACCGGAGATCGACGTCATTCTTTGCTTTCAGCTGTGCCATCTCATATTCCAGCTTCGCCTGTTCGAGGAGCAGCTGCGCTTCGGAGTCTTCGAGCTGTGCCAGCAGGGCACCCCGTTCGACGGTCATGCCCTCTCTCACCTGTATCTTGGTCAGCTGGCCCTCTTCCCGCGCGGGAACCTCGACCTGCTCGATCACGGTGACGAGTACCGAATCGATGCGCAGGCTCTGCAGGTCCGACCTTTTCTCCTCGGCGCGCAGCGTCAGTGGCGAGGCAAGCTGCAGGCCGGCCAGGGTGGTGAACAAACAGATTGAGACACACAACCGGAGCATGATGTTTTCTTCCTTCTTGCGGGGAAGCAGCAGACACGGATTCTGCTAACTCAAGATACATTACCGAAAAACCGTGTTTTCCAGCTGAAACTTCTCATATCACATTCTGTGAACAAAGGCCATCTTAATCGGGTCCGGGCAGCCCAACGAAGGGTAAACTGGTCGGCTTCGTCTGGAGAACATTGTCAGAATACCCTATTTTTTCGGATCCACAATTGAGGTAACCACATTCCGTCCGTTAAGATCAAACAGACGGGCCCGCCTTGTCTTACGTGAACCACACGTAATTTGTCAGAATTCTTTCCGATTCAGGTCTCCTGCTCATGACACAACATTCTGCCTCTCGTTTACCCCAGTCGAGTTCCCGCCGCACATTTTTGAAAACCGCCGGTGCCACGATCGCCGGCAGCTTTTTCGCGCCCGGGATTCTGGGGGCTGCCGATAAAGCGGGTACAAAACAGCCGGTCATCGGCGAAGGGGCATTTCAGTATGAAGTGACGCACGGCTGGGGAGAGGTGCCGAAGCATATCCAGTGGGGCGAGACGCACGGCGTCTGTGTCGACGAAGCAGGACTGATTTATATCAAACACCGTTCTCACTCTAAAAGCCCCATGGATGCGATCGTGGTATTTGATCCTCAGGGAAAATTCGTGCGCTCGTTCGGCAAGGAATATCATGGCGGCGGGCACGGCATCGATGTCCGCAAGGAAGGCAACGAAGAGTTTCTGTATCTCTCCGATACGAAGCATGGCATCGTCGCCAAAACGAATCTGACCGGCGAAGTCGTCTGGACCATTGGTCGCCCCCAGGCGCCCGAACATTACAAGAATGCCAAGCATCGCTACAGTCCCACCAACATTGCCTTTGCCCCCGATGGGGGATTTTATGTCGGCGACGGTTATGGCTCCCACTTCATCCACAAGTATAACAGTGACGGGAAGCCGAAATTCTTCTGGGGCGGTAGTGGCACCGAACCCGGCAAAATGAAAACGCCGCACGGCATGTGGCTCGATTCCCGGGACGGCACACCTAAGATCGCCGTCTGTGACCGGGCCAATCACCGTCTGCAGTATTTCAGCCTCGACGGTAAACACCTGGGGTTTGTCAACACGGTCAG
CP036317.1_gap8	235844	237582	1738	TTGGCCTCCACATTATTCTTAGCGGGGCGCACGAGATCGGTGATCGAGCTCAGTCCGATATAGACGGCGTGCCAGCCTTGCTTGCCTAGCTGCAATGTCAGGTCCGGCGCGGATGACTCACGTCCGACCGAGATACATTTTCCCGAGAACTCAGCCGTCTCATATTCAAACACTTTCCATTTATTATGCTGACGATGATCTGAAAGCGCGTCGGCTGGGATGCAGTGGGTCAGGTCTGTGATGCGTTCCGCCTGCTGGAAGTTCTGCCACTGCTCAGAGTGGGGTCGCGGTATCTGTTTTTGAGTAGACGTCGGTTCCGCAGCAGCCAGGCATGTTGCTGATGTTGAGAGGAGACTAAATAACAGCGCGAACCTGAGGTACCAGGAAGTGTTGTCACTCATAGCAGGTATCCTGTCTGTGAACTGCCTGTTTGCGGGGGTGCTGTTACTTCAACTGTTTGATAAACAGATTGCGAAATTCCACGGGGTCGTTGTGGTGCTGCAGGGCGATGGGGCCTTGCGGAGGAATATCCGGCAGCTGTGCGCCTTCGATAACAGTGGTGCCGTTGAGGACCACTGATACGCGATCGCCGCGCATCGTGATCTCGAAGCGGTTCCACTGGCCGAGTGGACGGTCCGCGTTTTTGATGGGAATGCATGCGCGGCGGACTTCGGGCGGCATTGTCTTGTCGGTGCGGTAACCGTTGATTTCGCCGGAACCGAGGACCTGGCTCCAGACGTTGAGCTGGGCTTTGGAACTGCCGCGAATATAAATGCCGCTATCGCCGGCATCGAGGTGCGGGCGTGTGACTCGTTTGCGGGGATTGTCTGCCTCCATCAGGAAATCGCCGTTAAACAGGACGATGGGGTGCGGCTTCATTTCCGGTTCGGCAGAGAGACGCCAGTCGACGATCAGGACAAAGTCTTCGAATTCTTCCCTGGTCCAGAGGTCGCGGTCTGCTCGCTTTTTGGACTCGGCCTTGCCGTCGTAGTGGATTTCGCCGTCGTGCGCGACCCAGTGCCCTTTATGTCCCGGTCGATGGTTCCAGCCGGCAAAGGTGAGTCCGTCGAACAGCGACTTAAAGCCCTCGTCAGCCTGAGCGACTTTTTCCGGCGGCGGGTTGCTCGAGGGCAATTCGCGAATGCGGATGTTGCGAAAATGGACTTCGGTGTGTTCCGCCTGCAGGCCAATGTAGCCTTTGACGAGGCTAGTCTGTTTCGCCCGCGTGACTACCTTTCCATTGACGGCCAGTTCCACGGTGCCGTCCTTAGATGTGAGTACGTACTGATTCCACTGGCCGGCGGGTTTAAAGCGTTTTTCGAGGGGACGGGCCCGTGCAGTGGTCCCCTTTTTGTCGGGATCGGTCAGCGGCACGAGAGAGGCACCGCGAATTCCAAACAGACTGCCATGGTCGTCGTCGAACAACTGGGCTTCGATGGCACGCGGATACGGGGCACCGATCTGCGGCAGTGCATCGGCGTGGAAGAACAGGCCGGAATTGCCGCCCGGTTTCTCGTGCCGCCACTCGAGTTCCAGTACATAGTTCTCATACATCCGATCGGTGCGCAGGAAACAACGGGGATCGCCCGTGCAGACGATTGCGCCGTCCTTGACCTGCCAGGTGTCTGGCGCCCCGTTGACGTTGACCCACCCGGTCAGATCGCGTCCGTTGAACAACTCTGTTTCTGCAGCCAGTACCGGAGCATTGATCATGCAGAGTGAGACGAGGCACAGGGCC
CP036317.1_gap9	354055	356776	2721	CCATGGTCTGGTAAACGGTGGCCAGATTACAGTAGGACGGCACATAAGTATCGTCGTACTTGACGGCTTTGAGGAAGCTCTTGAGTGCTTTTTTGACCTGCCGGTTCTGGTTCTGGACGTGCCCCTGGTAATTCCAGAGCACGGCATTTTCCGGGTGATGCTCCAGTCCTTCTGTAACATGCTTCTCCAGTTCTCGATTCCGCAACTGTCGGGAATACAGCTCGAGCAGGTTCAGGCGTGACGGAAGGTGTTCCGGTTCCAGGGCAACCAGCGATTCAAAATAGCCCACTGCAGAACCGATTTTATTCTGTCGCATGCGGACTGATCCCATGCCGAACAGTGAAGCCGTATTGGTCGGATCGCTCTGATAGAGGCTCTGGAAAATATCATACGCGTAATCCAGATCGCCGATCGAAGCGACCAGTGAACCCAGATTAAACGCAGCGCCGGGATGATTGGGGTGCTTGTCCAGCACTTCCCGGTAGGTGACCATGGCATCATGGACCTGTTTTGATTCTTCCAGTGCTTTTCCGATATGGAACAGGATTTCCATATTTTCGGGGGCCAGATGCAGCGCATCGCGAAAACAGGCCAGGCCAGTCTCGAAGTCTTCCTGTTCCACATAAATGATTCCCAGGTTATTCAGGATTTCCCAGGAGTTCGGCTGCAATACCGCTGCTTTTCTGAGGACAGCGATGGCCTGCTCATACTGTTTTTGTGCAGCGAGAAAGACGGCGTAGTTCTTGAGCGTATCGAGATGCTGTGGCGCCAGCTCGAGGGCTGCTTGATATTCTGCTTCCGTAGCGACAGGATCGTCCGCTTTAGCCAGCGTGTTGGCCAGATTGAAGTGAGCGATGTGCCTTTGGGGAGCCTGCTCTACCACTTGTCGACAGACCGTGATGGCTTCGTCGATCTGATCGGTTTCCATAAGCAGATTGCCCAGATTGATCAGTGCATCCAGATAGAGCGGCTTGAGTTCCAGCGCCCGCCGGTAGAACTTGATCGCTTTTTCCTGTTTCCCGGAGACGGCCAGAGTGATCGCCAGATTGTAGACAAACGCGGCATTGTTCGGTTCCAGCTCGATGGCGCGTTCGTAATTCTGGATGGCATCATCGTAACGCCCGAGACCTTTGCAGGCGGCGCCACGGTTGGAAAAGAAGGAGCCGATGCCGTCGTTCCGACAGATCGCGCGGGTGATGAAATCGATGGCTTTTTCAAACTGTTTCAGATGCAGATAGACAACCCCCAGCAGGTGCAGGGCATCAACCTGTCCTGGATCATGCTGCAGCACTTTGCGGTAGAGTTCCTCGGCTAAAGGCAGGTTCCCCGCCTGGTGCTGCTTAACTGCAGTGGCCAGTAATTCCTGAGGTGAAGGCATGACTTCTGCTTTCAATCATGATACTGATTGAAAAGGTTTCAATCTGAGCTGATACTGACAGCCTGATCTGGGCAGGCTGGTTGAGTTTTCCGGTTATTCTGTTTGTATCGGCTGTGGTGGGGGGATAGATAAGCGGTTTCTTGAACCGGAGCCAAATCAGCCTGAAACGGGGGGAGATTACTTCAGTGGATGTCAAAGACAGGAAGAATGGGTAAATGAGAAAAGCACTGTCCAACTTATGATGGACAGTGCTTTTCTGTTTCGATTCAAATTATCAGTCGGTAATCGACTCGCTCAGGGACTATCTGAGCAGACTCAATACCTGCTGTGGGTTCTGGTTGGCAATCGAGAGAACCGAAATACCAGCCTGGTTCAGAATCTGAGCTTTGGTCATGTTTGCGGTTTCGACGGCGAAGTCGGTGTCCACAATCTGACTGCGGGCCTCAGAAATATTTTCCAGAGCTACACCCAGTGAAGAGACATTGGTTTCGATCACGTTTTTCTGAACCGCACCGAGACGACCACGGAGAGTCGAAACACGGTTAATTGATTCTTCAATGATGTTCACCAAGTCTGAACCGGGGACTGAAGGACCGACGTCCAGCAGGCTCTTTCCACCGCCCGAACCGATTTCGAACAGCTTACCGGAGACCCCACCCAGACGGGCCGTGTTGACCGCTTCAATACCGATACCAATCTGACCAGCGGCAGACACGTCCTGACCGATCTGGAACAGTGAACCACCACCAGTGATTGTCAGGCTGGCTGTGTTGTTGACCGTATTGGCAGCCGAAGTAAAGGAGAATGAAGCGTCGAGCTGCTGAGAACGGATGTTGGCAGTCAGACCGGAACCCTGGGCCACCTGGCCGTTGATGCGGGTTACGATGTCTGTTCCAATGGCCCGTTGCAGAGCGTTATTGTCAGTGACATTGTCGACCGTGTTGAACGTACCGTTGAGCACGTTCACATCGACGAACTCATCTGAGCCATAGTTTCCAGCACTGAAGGTCAGGTAAGCATTGGTACCACCAGACAGGGCAGCAGCGGCTTCTGCTTCGACCACACCGGAACCATCACCTTCCTGAGCCGTGGAGATCAGGGCGTTGACATCAGCGTTACCATCCAGCAATGTCTTGATGGAAGCAGCGTTAGATGAAATATCACCGTTCGCCAGAGTTCCCAGGCTGACCACAATCGTAATATCAGTATTGGTATTACTGAATGAGATGTTGGCTGTAGCACTGTTGGCAGACGGATCGACGAACTGAACTTTGATGTTCTGTCCGGTATCGCCGAGCACACTGTCTGAAGTCCGGGCATCGGTAAAGGTCAGACCGGAGTTG
CP036317.1_gap10	492531	494570	2039	CAGACGATCCAATTGCTATTCGTGGTGCTGTTTTAGGGATGAGGATTGCAGCTCCTGGCGGAGAAGTAATGATTGACAAGAATACTCAACACACTCACAAGATGGCAAGAATTGGAAAAATCCGTGAAGATGGTCAATTTGATATTGTCTGGGATTCTGGAAAACCAATTAAACCAGAGCCGTATCCTACAATACTATATCCTGAGGGGCCTCCGCTAGATTGACAGCGTAGATACAAGATTTGTGTAAATAAAAATTTGACTCTATATTAGTCTTTGTTCTTTGCCGAATTGCTTGAACCGTTTGACAAACTTTTTATTTTGCGGTAAGTCAATCGACAGGAAGTGATCCCAACAGGACAGGTGGCCAAATAATGTTGGGACATGCACAGCTCGTAATTCACCCATAATGACTGACAGATAAGGTTGTTGTATAGATTCTGTAGTAGGTCACGCAAAAGTATCCAAAGTAATTCCAATCTCATTGAAATTCTGTCCGCGATTTGTCCGCGGTAATTCCATTCAACAAAAAAAGAACTCAGAGCTGAAATGCCCTAAGTCCTTTAATATCAAGTGCCCAAGAGAGGACTCGAACCTCCACGGGGATTACCCCCACTAGCCCCTCAAGCTAGCGCGTCTGCCAATTCCGCCACTTGGGCTCGCCTTGCAGCTGCTTCCAATTACCTGTACAGGTGCCTGAAAACAGTCTGAATGTCGAGGATTTCCCAGTATAACAATCCGGGAGGGGCCATCAAGGGACGCGGATACCAATCTCGGGGTGAAAATACGGGGATTTTGTGAAAATGGACCTGCAATGGGTTCAAACTTCCCTCCCCGTAAAATCTGCATTTTTGTAAACTACGCCCCGTTTTTGACCGTCGCAGCAGTTCACTTCCGTGGATTACGGAAACCTGGCTGTTGCTGACGCCCTGAATCGATTCGAACAAGGATGTCCGATGCTGATTTTTAACCGCCGGTATGCTCATTTCTCCCTGCGTGTGGCCTTCCTGGAAGTTCTGCTGTCGCTCTGTTTCCTGATGGTGACCTCCTCGCTTCAGGCAGACACAGGATCGGGGGCAGCAGGTTCGCCTCTGCTCGACGATGCAAATCTGCACGCGGTTCAGTTTCTGGGACCCAAAATCGGCTGGGCGGTCGGCGACCGGGGGGTGATTCGCAAAACTGTCGACGGCGGACAGAGCTGGCAGTTTGTGCCGAGTCCCGTGGATTGTCCTTTGAGACATATCTGTTTTGTCACCGATCAGATCGGCTGGATTGCCGGGGGAGGGACCGCGCCTTATGGTCACCTGAACCAGGGCGTTCTGCTGTTTACGAAAGATGGGGGCCAGACCTGGACCGAACTGATTCAGAAGCGTCTGCCGCGACTGCACTATGTGCGGTTCTTCGGGATGAAAGAAGGGGTCGTGGTTGGTGACGCTTCGGTGCAGCATGCCAGCGGGATCTTCAAGACCGAAGATGGTGGGAAAACCTGGCAGGATATCACCGGCTATGAATCCCCCGGCTATCGCAGTGCCGCATTTTTTGATGAACAGACCGGCGTCGTCGCCGGTGCTCAGGGACGCCTGACGCTGGTGGGGGGCGGGGGTGTGTTGCCGCCGCGGTTTCCGCCTCAGGGACTGCGTGGCATTCAGAATATTCAAGTTCCGCTGACCGCGACCGGCTGGATGGTGGGCGACGGGGCGTTATTACGGAAAACAATGAATCGGGGCCTGGTCTGGGAAATGCCTGTCGGGGCACTGCCCGATCCTCTGAAAGATTTTACCGATTTCAAAGCCGTCGAAGTGCGCGGAAATCAGATCTGGGTCGCCGGCGATCCTGGATCGGTGATCTGGCATTCCGCAGACGGAGGTCAGACCTGGCAGCAACAGTGGACGGGACAGAGTACTCCGCTGTCATCAATTGATTTTGTCGATGAGCAGACCGGCTACGCGGTCGGCGCACTGGGAACCATCTTACATACGCGCGATGGTGGTCTGTCGTGGCAGTCGAATCATGCCGCTGCGCGTCGTGTGGCGTTGATGT
CP036317.1_gap11	642437	644270	1833	ACCCAAAGTGGAAGATCGGGCCTACCGTGAAGAAGGGGCGACCGAGTACCTGCACCGCTGGGACCAACTGGTGGGCGGTCTGTGCCGCGTGGGTTTTGTGATTGAAGACCTGCGTGAGCCGCTACGGGCCGACCCCAGTGCACCGGTGGGGCACTACCGTTACCGGGGGCGTTTCGTCGCGCCTTACGTACGGATCAAGGCGCGACGCGTTTCGCAGGAAACCGGGGCGGGGGAATCGTCTGCGCTCTGGGTCCCATAAACGCAGTGTCTTTATTCGGCGTCGTAATGAATCAGCGAGAAGACATCGCAGCCGTTCATTTTTTCGCGTCCGTTGAGGAATGCAAGTTCGATCAGGAAAGCACAGCCGACGATTTCCGCGTTGGAATGCCGGGCCAGCTCGATACAGGCGGAGATGGTACCTCCGGTGGCGAGCAGGTCATCGACAATCACGACGCGATCATCGGAGTGGATGGAGTCCGTATGCATTTCCAGTGAGTCGGAGCCGTATTCGAGTTCGTAGTGGAACGCCCTGGTTTCAAAGGGGAGTTTGCCCGGTTTGCGAATCGGGATAAAGCGGGCGCCAAGAGCCAGGGCCAGCGGAGCAGCGAAGATAAAACCACGCGCCTCGGCAGCGAGGATGGCAGTGATCTGTTTGTCGCGGTAATAATCTGCCAGGCGGTCGATCACGGCCTGAAAGGCGGCTGGTTCAGCCAGCAGGGGAGTGATGTCCCGGAAGAGGATGCCCGGCTTCGGGAAGTCGGGGATTTCGCGGATATAATTTTTCAGATTGATCGAGTCATTCATTCTCTGTACTGGCTTTCTGAGTTTCAGAGGTAGATTTATCTGCCGCGATTGTTTCGGGCAGCTGCTTCAGATTTTTACGGGCGTTGGTGACGAACTCTTTCGCGGCCGGGTCATGCCCATAGAGGACGATGACGGCTCTCCAGACGGCGGCCGCTGCTTCATACTTTTTATCCTGGAGCAGGGCATCTGCCTTTGACATGGATTGTGTGAGCATCACGTAGCGTTGTGCGGTTCGATTGGAATCCTGTCTTAAATCGTTGCGCATCTGAATGGCGAGATCGCGCATCTCTTTCTGGTCGCTATTTTCCGGGAGCAGATCGATCAGCGCGGACAGGACGATTTCGGCCTGCATCAGATTCCCTGATTCCAGATAATGCTGGGCGAGAGTAATGAACCGCTGCGGCTCGGTCTGCAGCCCTGAACGCGATTTGCGTTTGGCAGTCATCCCCGCTTTGGAGCGGAGCTCGTAGGACTGGATGCGGTTGAGATATCCTTTAATCTGGTCCTCGTTGACGCTGTTTGGGTTCTCCAGTAAGGGAAGCAGATATTTGTCCCGGGCCGTGTACCATTCCGGGCCTTCCGGCTGCTGCATGATCTGCCTGGCCTGTTGTAACATCTCGTCGGGGGTCAGTTCACGTTCCTGGAACCAGAAATAGCCTCCGGCAATCAACAGGGCCAGCAGGCCGAGCAGGAACCATGTGTTGTCCAGCAGTTGAGTCAGGCGGGAACCGGTACTCTCGGATTCAAGCTGGGCCCGCATCAGTCCCTGCATCAGGGTGCCCGTGCCAGCTTCGTGTTCTGAGACAGAGGCCTGTGCCTGGGTGGGGGTGACTGTATCTTCACTGTTCCCGGAGAGGGCGTACGTGTCTTCCGAGGTCGACATCTCATACTTGTTGATGACTTCCTGCAGCCGACGGGAGAGCACATAGGCATCGGGGTATCGTTTCTGAGGGTCCTTTTCCAGGAGCTTGCAGACGATGTCTTCGAGCCAGACCGGCAGATCATCCACGTAATGGCTGGGGCGATCGA
CP036317.1_gap12	702031	705406	3375	GAGTATCACGACGCAGCTGCCGCGGATGAAGCGGCTGAGCGCTGGCAGCGGGAGATCGGATCGGGGGGAATGCCTTCTGAAATTCCCGTGGTGCAGATTTCGAAGTCCGATCTGAACGAGGACGGAACCCTGCCGGCCGCGAACCTGCTGAAAGTGGCCGGGCTGTGTGGATCGACGAGTGATGCACGGCGTTCGATCCAGCAGGGCGGCGCCAAGCTGGGGGCCGAGAAAGACCGGATTGAAACTCATGATCAGGCGATTCCGGTGGAATCGGGGCTGTTGTTGTGGGTGGGTAAGAAACGGTTCTGCCAGGTGGAACTGGTTGATTAAGTCAATGCACTTTGCGTTCGTGCTGCCTTTCTATTTGCAATCAGGGGAAATGATTCCGCGCGGATTGCATTCACGGTGAATACTTCGTAAAACGTGGTATTAACGAAAGCGCAGCAGATTCGTGCTTCACCGAGCGAGGTGAAGTTTCACATATTTAGAATGAAACAGAGAAAGCAACAGTTATGGCAACAGGATTTGGAATTGTCGGCTGTGGCATGATTTCGAACTTCCATGCAAAGGCCCTCGAAGAGATTCGGGGTGCCAAGCTGGTCGCCTGCTATGATCAATTTGCAGCGTCCGCTGACAAGTTTGCAGAAGCGAATGGTTGCACAGCCTATCATGACCTGGACGAGATGCTGGCTGATCCTGAAGTGGATGTGGTCACCATCTGCACGCCCAGCGGAGCACACATGGACCCGGCGGTCGCCGCCGCGAATGCTGGCAAACACGTGGTCGTGGAAAAGCCGCTGGAAATTACCCTCAAACGCTGCGATGCAATCATCAACGCCTGTAAGAAAAATAAGGTCCAGCTGGCGACGATCATGCCGTCCCGCTTTGGTACCGCCAACCAGGAACTGAAGAAGGCCATCGAAAAAGGCCGCTTCGGCAAGCTGACACTGGGCGACACCTATGTCAAATGGTGGCGGACCCAGGAATACTACGACAGCGGCGGATGGCGGGGCACCTGGAAACTGGACGGGGGTGGCGCTTACATGAATCAGGCGATTCATAACGTCGACCTGCTGTACTGGTTCATGGGTGAAGTCGCCGACGTGAACGGGATGACCGGCACGCTGGCCCACAAACGGATTGAAGTAGAAGATACCGGCGTGGCAACGATTCGCTTCAAGAACGGTGCCCTGGGTGTGATCGAAGCGACGACCAGCGTCTTTCCCGGTCTGCTCAAGAAGACCGAAATCTCGGGAACCGAGGGAACCGTGATTATCGAGCAGGACGACGTACTGCACTGGGAGTTCGCCAAAGAGCAGGCCCGCGATCAGAAGATTCGCGATGAGCTGGGTAAGTCGACTGGTAACACCGGCGGTGCCAGTGATCCGTCGGCGATCTCTTATGCCGGCCACATGGAACAGCTGAAAGACTTTATCAAGTCGATCAAGACCGGCAAGAAACCCCTGGTGGACGGGAATGACGGCCGTAAGAGTGTGGAAATCATTCTGGCGATCTATCAGTCTTCCTGGACCGGCAAACAGGTTTCGCTGCCGCTGAAGCGGGATCCCAAAATTCCGAAGAAGAAATAATCTGGAACGGATGCCAATGAAAGCAGGACGGGTTAAGGAGAGCCCGTCCTGCTTTTTTTACGGACCCTGGCAGAACAATTATCTGAGAAAATGAGATTTCATAGACAAAAGTGAGGTAGCGGTCTCTCTTTTGTGATGGGAACACTCAACAACGGCACTGCTGATGGGGACGAACATGCGACTTTATTTGAACTGGATTATGTCGGGATGTTTACTGTTTGTTTCATCAATTGCAGTTGCGGAAGAGAAGCAGGAATCGACTGAGGATGCTAAACCGTTCCTGACCATCAAAGTGGTTGATGAAGCAGGGAAGCCGGTGGAGGGAGCGCGGACCGGGATGATTGCTGTCGTCAACGGCTACGACCGTGAGCAGGGGGCGAAATGGAGCTTCGGGCACTTCGAACAGAAGTCTGATGCTGAGGGTATCATTCGATTCCATAATCCGGACAAGTATCGAGGCATGGTCTATGTGCGGCATGCCGGGAGAAGCCTGGTCGCTGTAAAGCGGACAGATCTGCTGGGAGACCTGCCGTCACCACTGATTCTGACGATGTCTCCTGCATGCCATGTCACTTGGAAGATCGAGAGTAGCCAGCTCGATCAACGAGGCAAAGAAATCGGTGCCGTTCGCGGATTCAGTAGTGCAGAAAATATGATCTGCCAGTGGTGTAATGAGTCAGGATCGATACTGCATTTCTATTTGCCACCCGGGATATTTACACTGGTTGCAGCGGGAGAATCGATCTGCCCGGTTGAGAAAAACATCGAAATCAAAGCCGGGCAAACGGAATTAGATGCAGGGACGACGGATACCGCTGCCTTGAAATATAAGTTACTGACAGGCAAACCCGCGCCGGAAATTGTTGACGTGCAGGAATGGAAGAACGGTCCCGTGAAGCTGTCGCAACTGCGGGGTAAAGTCGTCGTGCTGGAATTCTGGGGCTGGTGGTGTGGGCCTTGTGTGATCCGTGGAATCCCAGAGCTGTTTCAACTGCGTGAAGAATATTCAAAAGACGACCTGGCCATCGTTGGCATCCATGTGTCGTACGGTGAGGATGACGAAGTGAACTCGATCGGGGAGATGGATGAAAAACTGGCCCAGGTGCGCGAGAAGGTCTGGAAGGGGAAACAGATTGATTTTCCGGTGGCCTTCACACGCAATCGGAAGCTGGCCTTTGCGCCAGGAGGGGCGAAGGTGGCCCATTCCCGAATGAGCGTGGAATATGGCATTAATGAATTTCCGACGCTGATTGTCATCGATCGCCAGGGGAATGTTTTCGGTAAACTGATGCTCTGGAAAAAAGCAGACCGCGAGAAATTGAAACAGTTGATCGAAGCGAAGTGACGGTAACAGCGTTCTGTGTTTCTAAGTTTTTCTGCCTGAAGAATTAATCAACAACAGGATTGAATACGGAGTCGAACATGCGATTGTGGTTGACCTGGATGATGCTGATGTCTGTGCTTTTGGTTTCACAGGTGGATGCAGAAGAAAAACAACAGGCATCGACCGAGGATGAAAAACCGTTTCTGGTCGTGAAACTGGTGGATGAACAGGGGAAGCCCGTTGTGGGGGCGCAGACCGGTATGGTGGCGATCGTCAAAGGCTCTGATCGTGAGCAGGGATTGGAGTGGGACTTCGGGCACTATGAGCAGAAGTCTGATGCTGAAGGGATGCTCCGGTTTCGCGATCGGGGCCAGTTTCGCAGCATGGTCTATGCGCGGCATGCCGGTCGTGGCCTGGTGGCTGTGAAACGGACGGATCTGATTCAGGACCAGAAGTCGCCCC
CP036317.1_gap13	709827	711788	1961	AGCCACTCCTACACCTCCCGTTATTCCCACTGATCTGTTTCCCGCTGAGTGAACTGAGGAATTTTGAATCTGATGCGAAATCGTCCCGGCAATGATCACATGACGCTGGAAAACGAGGCCGGTGGCCAGTCGTTTCAGGTGGATCGTCTGCCCGGCGTACGCGTGTTTCTGCTGGGGCTGATTCTGGTAGTCCCCCTGCTGGCGGTCAGCGGGCGGCTGATGTTCATTCAGATGATGAACGCGGAACATTTTTACTCCCGGTTTGGCCAGACAACAGAGTCGTTTGAAAGTATTCCGAGTCGGGACGGACGGATCGTATCCATCGATGGTCGCGTGCTGGCGCTGGATGTGGAACGCTTCGATCTGCAGGCGCATTACCGCTGGCTGGAAGAACCGCCGAACACGCGGTGGTTGAAACAGCAGGCGCTGACGTTGCTCGAGCCAGTGGAACGTCGCGATCAGGAGAAGGTCAAAGCAGCGCAGGAACAGGTGCTGGCCCGACGGCAACAGCTGTGGGAAGAACTGGCGCAGGTGATGCGGACCACACCTGAAGAATTGCAGTCATCGTGCCGGGACGTGCAGCAGCGGGTGGAGATGATCAACGAGAGCGTCAATCAGCGGGCCTCTCAGAAGGAGAATGAAAGCGAAGGAGTCGAAGCGGAATCGGAAACTAAGACCGTCTCAAAAGAGGACAAGCTGCAGCAGTTCTGGTCGCTGTTGAAAGACGCGTTAACGCGGCCGCCCCGCCGTCCGCGCCGCGAACGAATTGTGGTGCGCGAGGAGCTGGATTATCACACGCTGGCCTCCGGGATTCCGCGGGAGATCGCACTGGCGATCTCGGCTCATCCGGAGCGGTTTCCGGGAATTCATATCCAGGTGGCGACGTTGCGCGAATATCCGCAGAAGACGCTTGCGCCGCACGAGATCGGGATTCGGCATCGGATCGATGAAAAGACGTTAGAAGCGCGCAAGCTGCGGTTTCCGGAGGGGGATCCACTGGATTACCAGGAGGGGGACCGGATCGGCAAGATGGGGGTCGAACGGACCTACGACCGCTACCTGCGCGGCTTGCGCGGATTGAAAAAAGTGATCAAGAACCGACAGGGAGAAATCATCCGGACCGAAATCATTCGCGAGCCGAAATCGGGGGATGATGTGGTACTGACGCTTAATACGAGCCTGCAGGACGAAGTACAGAATCTGCTGGATGAATCATTGAATGAGTTACGTGAGGGGACCGAGGAGCAGCCGGCGGAGCAGACGGATCCGGCAGCCGGCGGTTGTGTGGTGGTGCTGGATGTGCGAACCGGTGCGATCGTGGCGACGGCAGCGGCACCGCGGTACGATCTGAATCTGCTGCTGCATCCGACTCCCGAAGAGTGGCAGGCGGTGTTGAATGATCCGCGTCGTCCGTTGTTTCCCCGGGCTACACAGATGATGCTGCCGCCCGGTTCGACGTTCAAAGCGCTGACCTCGATTGCATTGATGGAAAGTGGCAAGGTCGACCCGGATGAACCGTATGTCTGCCGGGGGTATCTGGATCGTCCCGATCGGCATCGCGACTATATTTACCGTCACTACGGCGTGGGGCATAACGAGCTGACACTGACGCGGGCGTTGCGGGAATCGTGTAACGTCTACTTCTTTCAGGCGGCCCGGAAGATGGGACCGGAGACGATTTATCACTGGGCCGATCAACTCGGGTTCGGCAAGCCGACCGGGATCGATATCCCGGGGGAGCGGGGCGGACATCTGCCCGATCCCTCTCCAGCAAAACCGGGGAAAAAATCGCCCTGGTATCCGGGGGATACCCTGGGAATGGCCATTGGTCAGTCGCGGCTGACGGTGACGCCGCTGCAGATCGCGCGGCTGATGGCGGTGGTGGCGAATGACGGAGAGCTGGTGGTGCCGCACCTGGCGCATAGTATCGTGCCTTCTGCGGAATCGGCCACCACGACACG
CP036317.1_gap14	731387	736138	4751	TAGTCGTCTTTGCGGACATCAGTCAGTTTCACGGTGTAGGGTTTGTAATAGCGTTTGAAACGGAGGAAGAGTTCGTAAGGAGTGCCATCGACGACCACCTTTTCGCCAAAGTCACGGAGCGACAGATCGAGGCTCACCAGATAGACGCCCAGCGACTTCTCGGTTTTTTTGTCAATGACGTTGATGTAGGCAGCGGGGATATCGACGCCGCCTCCCATATCGGTGCCGGCGGTGTTCCGGACGGGCAGGGCCACCCATTCTTTACCGATCCCGTCGGTTGCGGGATTAAAGGCCTCTTTTTTCTCTTCCGGCGTAAGTGAGGAAATTTTGCGGAACGTTGAGTTCTGGTAGTAGCGAAGCAGTTCGTAATCGAAAGGGAGCTCCGGATTCGAGACGACCTGCTCCTGATTGTTGAGCAGGATCGACTTGGGGACGACGGTGACGTGATCTTTCTCAGGATCAGTTCTGTCGATGACGGCCAGTTCGATTTCCCGGATATCGTGGACGAAATTGGCAGACTGGCCTTCGGTAATGGTCATCTGCGTTTCGACGGCCATGGTGCCGACAATCAGTTCGCTGAGCATCATCAGCCCCACACCGGCGTGCAGCAGCACGACCCCGGCCCGTTTTTTGAAGAGCGGGATACAACCTGCGAGCAGAACGACGCCGACAAAGGTGGCTTTGATGAGCTGCCAGAGAATCCGCATGGAGGCATCGCTGAAGCGGGCGGCGTCTCCCTTGGAGATGAACCAGGCGGTCAGAAAGCCGAGCATGATCGCGGCACCGATCGCCAGCCCCCGTTCCACTTTGCGGTGTTGGGGAATCAGGAAGAACAGGGCGATGCTGCCGATGGCCGAGAGAGCCATGCCTGCTTCAAAGAGCCACCAGAGGACCTGCCAGCTGAAGACCGAGTATTCCTGGAAGCCGTCTTTATTCGAGCCGCCGGTGATGACCAGCCAGGTGAGCAGCAGGCCGACGGCGATCACGCTCCAGCCAATCGTGCGTTCTTTGCCTTTCCCCTGGACCTTGAAGCGAATCAGGTGCGCTGCCAGCAGGTTGATGCCCATCATGAAACCGATCAGCCAGCCGCCCGGAAAGTAAATGGCCCCCGGAATGTTTTTCTGGTCGATGTTGGGGAAGAAGGACGGGGGGAAGAAGATTTTGAATTCGATGCGGGCAATCGCGGTGCGGAAATATTCGTCGATCACGACCCAGATGTCTTTTTCAACCTGGGCCAGCGTCCCGGCGAGGATGATAAAGATGGCCATCGCAAACAGGACCACGGTGATTTTCAGCGAGGCCAGCGGGGTCAGGAAGCTCAGATACGGATTGAAGGAGTTTTCAGAACCAGAACCGGATTCGGGCATTGCAAATTCGTTGGTCGTTTCCGGGAGGGTATTTGTGGACATGCTGATTTCCTGAAGGTCAGACTCAATGAATATTGAAGGATCGCGTGGTTGGGTCAGGGTGTGAATTATTCAAAGCGAATCGACTGGACAAACTGTTTGAAGCGGGTCTCTTCCTTTTCTGCCAGCTTGGCCGGGCCGGTGAATTTCACAAACCAGGCCAGGTTCTCTCGATAGATGATGGCTCCCAGGATGGCCGGTTGTGGCTGTTCCGATTTGGGGCCGATCAGTTTGACATAGGTGGCTTCGAGATCACCGACTTTGAGTTTCTCGGAGTTGGCGGGCAGTTCGGATTCCGAAATGGGATCCAGTTTGACCTGACCCCGCCAGCGGTTGATGTTATCCAGCAGAGGAGAATTTTCCCGGGTGAGGTCGATCACGGTGACTTCGCCGGTCTCTCCATCTGCAGAGACGTTGAAGGCGGCTTTCCGCATGCCCCCGCTGCGACCCGGTGCCCAGCCCTCTGGTGTTTCATACTTAATTGGTGAGGCAGCCGCTGGTGGCGTGGACGACGCAGGGCCCGGAGCAGGCATTCCGCCGCCTCCCATCATGCCCGATGCGAAGGGGGCGCGGCTCATTGGGTTGGCGCCCATCTTTCCTTCGAGGCTGACGACCGTCATCGTCTTGTCGCCCGCTTTGATTGTGAACAATTCGTGGTCGAGTGCGGCAGACGTTTGTGCTGCGGCTGTGAGTTGTTTCTCGGTGGTCGGGGCCAGACCGACCTGACCGCGCCAGCGGTTGACGTTTTCCAGGGTGTCGCTGGGAGGCAACGGGATGACCGACATTTCCAGTGGGGGATCGGTGTCTTTGACTTTGAGGGTGGCGAAACGCATGGAACGCCCTGGCTCCTGGGTCCAGTCGGCAGGAAGTTTCCATTCGGGCTGACCCGCTTTGAGGGTGACCGATTTGAGAAATTCGACAAAATTCGCGAACTGCGGAGCGACCTGATCGGGGGCGCCCGTCATTTTAAAGAACCAGTTCTGTCCGTCGCCGGGCAGGATGGCGGCCAGCATGCGGGTCGGTGTGGCTTCCGCAGCGGCGTGAGCCGGGCCAAGCTCAGGTGCTTCTTTCGGGACATCGTAGGAATGAATTTCATCCTGTTTGCCACAGCCGACAGTCAGGAGCAGCAGGGGAACCAGGAGCAGGGGTGAGAACTGTTTCATGAGCGTCGATCGTGTTTCGTGTGTATGCATGTCGGGTTGAATTACGTTTCCCAGATTCTGATGGCCGGCGATGATGATCTGTCAAACCGTATCAGGAGGCTGGGGATGCTTGTTATTGTGATGTCAGCAGACTGACAGAGGCACTGTCATTGTGTGCAAGGCAGGTGTCTGAGAGGTGTCTCACCTCTCCAGGGGTCTAAGTTGTTTCACAAAATATACTTATGTGAAAACAACACGGTACCTGTTACCAGTGTCATATCTGACAGGCACCACAGTCTATTATAGTTCCCGCGAGGCCAGAAAGTACACAACCAGTTTTCCTGTCCTGACAAATTCCCCGTGATTAGACCCCTTCTGCCTTCAAAATCGGTCTCCGTTCATGGGGCCGAAAAAACTCGAAAATCGCGTAAAAATTACAATGCCTTGCAAAAAAGTCACGAAATCGGCGATTCTGAGCCGCAATTGTAAAAGCTTCCACGGAAAATCCTATTTACAAGGAATAATCTTTAAGGTATTTACGCGTTCTCGCTGATTTTTCGCAAAATAAATTGTGATTCTGGTACGCGAGCTGCGTGATTTTAAACGACCCGTCACAAATGGGATTCTGAATCCCGTTTCTAATTCATAGTACATTAAGTACGGAACAGACAATTCACTCGAATCAAAGTCAGCGGTTATGGAAGACCGGACGCGATTCACCCCAAACCGACCCAGATTCCCCATTTTCGTGGGGAACCAGACCCCAGGCATGGAAGCCGCAACGTGAAGCTGATTTCACACATATCGCCGGTTGATGCGATCAGCCCGGCCGTGAATTATCGAACTGTCGAATCTCTTCTAAGCGAGAGGGGGCTCAAGCAGTTTTTCGCTCACACGGGGATTGTTCTGCAATCTCCGCGCACTGCTTCTCTGCACGTGACAGCCCTGCTGGTTGTCCGCTCTGTCCTGAGAGTGTTTTCCGCTTCTCAAGGTGAGCACCGAACAGATACCCCTTTCTCAAATTTCAAAACGCTCTGCGCGTTGAAACCAACGATTGTGAGGAGTTGGTAGATGAGGTTATTAGCGACATTCGTATTCACTTTTCTGACGATGACAGGTTCCGCACTGGCAGCCACGCCGAAAGGAGTGCTGCTGGATTTCACTGCAACCTGGTGTGGCCCGTGTCAGAAGATGAGTCCGCTGGTTTCACGTTTGAAGCGTGAAGGCCATCCGATCCGCAAAGTCGACGTTGACCAGGAACCGGATCTGGCACGGCGTTTTAATGTTGAAAGTATTCCGGCATTCGTGCTGGTGGTGGAAGGGAAAGAAGTGGCCCGTTCGGTCGGTGCCACGACGGAAAGCAACCTGCGTCGGATGCTGGCCCGGATCCCTGCAGCAGAGCCGGCTCAGCCCCAACGTTCGCAGCCGCGTAATCCGGTCGTGTTCGCTTCCAATGATCGCAGCAGCCAGGCTGAAGAAGCACCGATCCAGTTGGCACAGAATCAGAAGCAACCGGAAAAGAAATCCCGCGGGTTCAGTCTCCCGTTCTTCGGAAAAAATAAATCAGAAGATGATTCCGTACCTGTAGAAGAGCCTGTGATCCGTGCTCAGTTTGGCGATGCTGCCAACGATCAGTTTGCCGAAGCGGCTCCCCAGGAAGAAATCATCAACTGGCGGGCCAGCACGGTTCGCATTCGCGTGAAAGACAAAAAAGGGATGGACCTCGGTTCGGGGACGGTGATTCACAGTGCCGTCGGTCGGACCCTGATCATGACCTGCAGCCATATCTTCAGCGACATCAAAACGGATTCGTTGATCGAAGTCGATGTCTTCCAGGGTGAGAAATACGAAACCTATGTCGGTTCGCTGGTCCGTTACAACCTGGAAGCCGATGTGGGACTGATTTCGATTCCCACCTCCGGTGTTGTCGCTGCCGCGAAAGTCGCATCCATGGCAGACGAAGTGAAAGCGGGCGACGTGGTCGCATCGCTGGGTTGCAGCAGCGGTAATCTGCCGACCCTGGAAAAAATCAAAGTGACCGAGCTCAACCGCTTCCTGGGTCCCGACAACATCGAATGTACGGGAATGCCCGTGCAGGGACGTTCGGGCGGAGGGCTGTTTAATCGTTCCGGCCAACTGGTGGGGGTCTGCTTTGCTGTCGACAAACAGGAGCACCGCGGACTGTATGCCGGGCTGCCCGTAA
CP036317.1_gap15	738822	743500	4678	CACTCAAGCAGCGGGGGGACGGCTTTATCATCGGCCCCGATGTGGTCACGATGAATGATGCGAATCTGATTGTCGTCGAAGTATCCGGCAGTGGGGCAGGGGCGGATGTTGCGTCGGTGCCTCAGTTGATTTCCGCGAGCGGGGCGCTCTCTCTGTCGGGACGCTGGCAGTATCGGGCGGGCGACGATCGTGCGTTTGCGAACATGCCGTTACCGGCGAAGTTTGGCACGGTGACCGATATTGTATTTAAACCGTGAGCGAGGGACGCTGATACGAACTACACTGTCGGGCAAGCCGACAGGTGGCACCCAACGCGGGTAACGATTCTGTGTAAGTTAAATAAATCTTGATGCGGACAACCGTTAGGTTGTTTAATGCAGGTGCTAACCAAATTGCACTCATGCCAAGAAAGGACTCTTGGAATGCCGCATCAAGATACCGAGCATCTTCGCATAAATATTCAGTCAATGAAAGCGATTTTTGACAGGCTGATTCCCTGCGAAACGTCTTCCCTGGTACGTCACGGCAATGCCTCTCTAGATCCGGGCTGGTTGGCTGCGGTTGCCATTCTCTGCATGGGCTGGACTGCCAAAGGAACACTTGGCGAAAGGGTAAAAACGGCCTACACGGTTGCCGGTGAGCTCTTTCAGGTTTCGACGACAGTGACACGACAAGGGCTGATGAAAGCTCTGGCGAACTACGGACAGCCATTGGTGGATCTGGTGATTCAACATCTTTCCTCAAAACTGGGACAATGGAAGGGCTATCGAACCACAGCAGGCAAAGTCACTCTGGCCGTGGATGCCACCAAGTTCTCTGCGCCTCGCTCAGCAGCCAATCAGCGTGAATTTGCACCAGGGATCCATCATAGAAGGTCGGCGAAATACCGCAAAAAAGCCGATGAATCCAAGGCGTTAACCGTTCAACTGTTAACGACCGTGCTCTGGCATCTGGGCAGTGGGTTACCGTTTCGCTGGTGTATTCAGGGGGCAGCTGGCAGTGAGCGAATTGCGGCCCGGGAAATGCTGGAATCCCTTCCAGAAAATGTCCGACTGGTTGGGGATGCGCAATATACAGGTGCTCCGCTGTGGTCAGCCATCATGGAGTCAGGGCATTCTTTCCTGTTTCGTGTTGGTTCGAACGTAACCCTGTTAAAATCACTTGGTCAGTTGAAAATCCGTGATGGCTTCGTCTATTACTGGCCCGACTCTATGCAGCGTCGAGACCAAAGCCCGCTGGTCCTGCGTCTGTTCCAGATCCATAATGGCAGGAACAAGATCTACCTGGTGAGCAACGAATTAGAAATGACCGATGCATGTGCCTGTAAATTATATCGTCAAAGATGGGGGATTGAGGTTTTCTTCCGCTCAGTAAAACAATCCTGTGAACGCAGCAAGCTATGTTGCCAGACGCCTGTAAATGTCATCACAGAATTAAACTGGACTCTGATCGGAATCTGGGTTGCATTATTTTCCGGAAAAGACGTGCTGCACGAACAGGGAACGAATCTGAAAAAACTCAGTCCGATCAAAGTGATCCGTGTGTTTTCTCAGGCTGTCACGATAATTGCCTGCCATGCTCAGCAATGGGCGCCATTAACCGACCTGCTTTCGCAATCCGTGCTCGCCGTAGAAAAACGGCCGAATAACAGAAAAGCAAGCCGGGGACATCCGCGTAAGAAAAGGAAACGGCAATGCGGAAAACCAACTATCATTCAGGCAACAACGGATCAAAAAAAACTGGCGAAAATCTATCTTGAATAAAAGTCGTTACCCGCGTTGGGTGCCACCGTGGAATCAACCAGCGGCAATATTTACCTGTTCGCCGGCGATGATTTCCTGCTCGATGCGACATCCTCCATCTCCGCTGCCACATCGCTCGAAATCCAGATGGATACGTATGGGGTGTCAGACCCTGACGCTGAAGGCGGTCAGTTTAACCTGTATGGAGCAGTTTCAAGTGCTGCTGCAGTGGAAATCTATGGGGGGGACGACGCGGACACGTTTACGATCACCCCGAGCGTCGACACCATCATCAATGTCACCGGCGGCGCCCCTGCTGCTCCTGATTCCCCGGCCGATACGCTGATTTTCGCTTCACCATCCGGCGAAAGTTCTTCACTTTCCTCGACTGGACCGGATAGCGGCAGCATTTCTGTGACCGGTGGCTATCAGAATGTGGTATTTGATGAAATCGAAAGTCTGGAACTGATCGATAATCTGGAGATTTATGGTACCTCTGGAAACGATTCGCTGGTCATCATCGCCTCCAGTCCCACTTCTGCTACTGTGCAGTTGAATGGTGGGCCGATCATTACCCTGTCACTTCTGACAGGGGTCAAGTTTTATGGCTTCGCCGGTGATGATGCTCTGCTGATCTATAATCCTTCTGCTGGTGTTCTGGAGCCGCTATATCAGATCAATTACGACGGAGGCGATGGCGGTGAAACGTATGGCGATACCCTGGAAATAAACGGGGGGACCGCTGACTCTGTCGAGCATCGATTTGAAAATAACAGCACGGGCAGCATCTTTTATAATGGTGAAGCGACAGCGTCCATTACATATACAGGTCTGGAACCGATTATTGACACGGTTGACGCAACAGATCGCAGCTTTACCTTCACCGGTTCAGATGAAACGATTACCCTCTCAGACGCCGGTTTTTCTGGTCAGATGCAGATTGATTCGACTCTGGGTGAGTCCGTCGTCTTCAGTAATCCGACCGACAGTCTGGTCATCAATACGGAACAGGCAGGCGGCAGTGGCACAGATCTGATTAAGCTTGACAGCCTGGATTCGACGTTCGATGCCGGTCTGACTGTGAACGCCGGCGCTGCTGATACGATTGATGCAGAGTCACTTGACCTGGGTTCCGGAAATCTGGACCTCACTGCGACTGATGTCAACTTCAATGGAACAGTTAACACAACAGGTTCGGTCGGTATCGATGCTGCGAATAATATCTCCATGACCGGAGGGGGAATCATCAATGCCGGCGGCAGCGATATTGCATTGACTGCGGGGAACAGCATTTATCTGGGCCAGATCATCACGACAGGTGAAGCACGGCTTACGGCTTCTACCGGAAATATTCTGGATAGCACATCCGCGGAAACGAGCAATATCACCGCAGATAAGGCCGTGTTGCGTGCTGCCACTGGAATCGGAGGACTGGCCGCTTTTTATCATGATATCAACACCATCGTGAATACGCTGGCTGCAAGTACAACAACAGGCGACCTGTCAGTAAATAACAGTGGCACAGCACAGACCCTTGGTACGGTGGATGGATTGTCCGGCATCACGGCTGCTGCAGGTCAGGTACATATCGTAAGTAACGAAGCTGTTACAGTCGATCAGGTAATTTCAGCAGCAGAGGTCCGCATCGATCTCGTCGATCTCCTGGCCGCCGGACAGGACCTGACGGTGAATTCCGATATCACGAGTACCTCTGGGGATTTGTGGCTGTTCGTCGGCGATGATTTGAATGTATCAACGGGAACCACTCTCTCCGCTGACGGCTCCCTTCAAATTTTCCTGGATACAGGAGTGGCAGACGCTGGCGTCGGTAGCGTCGTCAATCTGAATGGCATCCTCGTTGCAGGGAGTACTCTCGCAGTGGCCGGCGGCAGTGATGATGACCAGCTTATCATCGACGGAAATGGCGGAAGTGTGAATGATGGAGGAACTGTCGACGGGATTCAGACATATTTACGATTTGTAGGCAATGGCGGAACAGATGAATTGATTGTGGATGACTCGGGGGATAACACAGGAGATACGATTAATATTACAAGTGGTGTTCCCGGTACAGGAGGCGTTTCTGGCGTGGGAGTCAGCGGGTTTTCATATGAAGCTCTGGAAAATCTGACACTGATCACCGGCACTGAGGCCGATGACATTACGGTTTCGCCCAATAGCACAACGGCAGTCAATATCACTGGCGGCGATCCAACTGTTTATCCGGGAGACTCACTGACCTACATCACACCCGTAACTCAAACAGCTTCGGTTATTTCCAGTGGATCCGATGGTGGTACGATTTCAGCAACCGGAGGATTTCAGGACCTTGTCTTCGACGAAATTGAAAGCCTGACAATCCAGGACAGCCTGCTGGTGAATGGAACCAGCGGGGATGACGTTTTGACAATCACGGCTACCGATGCCAGTTCAGGTACTTATCAGTTAAACAGCGGACCGGTAATCAGCTTCAACAATCTCAGCGACCTCACTTTCAACGGTTTGGAAGGTGATGATCGACTGGTGATCAATAATCCCGCAGGCAGTCTGTTTGATCCTGCCGATGGTATCACATTTAACGGAGGTTCCACAGGCGAAACCAACGGTGATCAACTCGAAATTCTCGGCGGTACTGCTGCGTCGGTAGAGCATCGCTTTGTCAACGCCAGCAATGGTAGCATCTTTTACAATGGTGAAGCCACAGCCATCATCACCTACACCGGCCTCGAACCGATTACGGATACCATTACGGCTGCAGATCGGATTTTCACTTTTGCCGCTGGAACGGAGACCATTTCGGTTTCCGATGCAGGCCCGGTAGGTCAGACACTGATTGATTCGACACTGGGGGAATCGGTCAGCTTTGCCAATCCCACAGATTCAATGACCATCAACAGTAATGTCGGAACAGATACAGTTCAAATTAACGGTCTGGA
CP036317.1_gap16	744934	748867	3933	CTTTCATGGTCTGGATGGGGACGACCGACTGGTAATCAACAATCCCGCAGGCGGTCTTTTTGATCCCGCTGACGGCATCACATTCAATGGGGGTTCTGCAGGCGAGACCAATGGAGACCAACTCGAAATTCTCGGTGGTTCCGCATCAAGTGTCGAGCACCGCTTCACGAATAACAGTGATGGCAGCATCTTCTATGACGGCGAAACGACTGCGACCATCACCTATACCGGCCTGGAACCAGTGACGGACACCGTTGCCGCGGGAGATCGCATTTTTACTTTCACTGGTTCGGATGAAACGGTCACTCTCTCAGACGCCGGGACCTCTGGGCAGACACAGATTGATTCGACCCTGGGAGAGTCTGTCGTCTTCAGTAATCCGACGGGGAATCTGGTCATCAATACGGAGCAGGCAGGTGGCAGTGGGACAGATCTGATCAACCTGGATGGCATTGAATCCAGTTTCGATGCCAGTTTGACTGTCAATGCGGGTGCCGCTGATACGATCGCAGCCGCTGACATCGATCTGGGCTCAGGAAATCTGGACCTCAACGCCACACAGATCAACGTCAATGGGACCGTTAACACCACTGGGACGGTTGATATTAATGCGACAACCGACATCACACTGGCTGCGACAGGTATCATCAATGCCGGCAGCAGCGATATTGAACTCACCGCGGGCAACAACATTCAACTGGGACAGGTCATCACAACCGCTGAAGTTCGTCTGACCGCCACACTGGGGGCCATTTCTGATATTCTGGGCACAGGTAATAATATTACGGCTCATCAGGCAGCAATTCGTGCTGGTCAACGTATTGGTGAATCATTGGATCAGATCGATACCCAGGTAGATAATATCGCCGTCAGTTCTGTCAACGAGAATCTCTATATTCTGAATACAGGTGATCTCGCCATTGATACCGTAGATGGCCTTGCAGGAGCAACAGCGGTCAGCGGTATTTTGAAAATTCAGGCTAATGGTTCGTTGACTGTGAATGCGACGACGTCGGGGCTGGTGACACATCTATTGACGGGGGATACCGTTGCTGCAGGTGAAGATATCTTTGTGAATGCAGATGTCAGCAGTACGTCCGGCCTGAGCTCATTTCGGGTCGGGGACAATCTGGAAATTGCTGCCGGCGTGACTGTGAATTCTGCCAACGCAATTGATATCTATCTCGATTATGGCAATGCCGATTCCGGGATCGGGTCGACCGCCAGTATCCAGGGGATTCTGCAGGTTACAGATACGCCAGGAATCCATATCTGGGGTGAAGCAGATGATGATGTGGTGAGAATTGACAGCAATGGGGGGACTGTTGATGACGGTGGCAACCTGGATACTGTTCAGTCTCCGGCATTTCTGGTCAGTCTCCAGGGAGGAACCGACGCGCTTTATCTGGATGACTCTGGTGATCTGACGGCAGACACAATACAGGTGACAAACACCGGATCCGGGGCCGGGGCAGTTGAAGGGGCAACGACAACTGAATTAAGGTTTTATGGGACTGAAAACCTGACTCTGGCAACAGGTACCGGCGCTGATGACATCACCGTTAATCCCAACCAGAATACGACCATCACGATTCTGGGAGGGGATCCCACACTGACTCCCGGAGACACTCTGGCATACGTGACACCGACATCTGAAACAGCTGCTTTCGCCTCCAGTGGGGCCGATGGAGGTACGATTTCTGCCACAGGCGGGTATCAGGATCTTGTATTCGACGAAATTGAAAATCTGACGTTTGAGTCCAGCCTGGTGGTGAATGGAACCAGTGGAGACGATGTGCTGACAATCACGGCCACCGACGCCAGTTCCGGCACCCTTCAGCTAAACAGTGGTCCGGTACTCAGCTTCTCCAGTCTCAGCGATTTCACTTTCAACGGGCTGGAAGGTGACGATCGACTGGTGATCAATAATCCTGCGGGCGGTCTATTTGATCCTGCGGACGGTATTACATTTAACGGAGGTTCTGGAGGCGAAACCAGCGGCGATCAGCTCGAAATTCTCGGCGGCACTGCTGCGTCCGTAGAGCATCGCTTTGTCAACGACAGCGATGGCAGCATTTTCTTCGATGGCGAAACCACTGCTACCATCACATACACCGGTCTTGAGCCCATCACGGATACCATTGCTGCGTCAGACCGGATCTTTACCTACACCGGTAGTGACGAAACGATCACACTTTCTGATGCCGGGCCAGCCGGTCAATCTCAGATCGATTCGACTCTGGGTGAACTGGTCAGCTTCCTGAATCCTTCAGGATCACTGACGATCAATAACAGTCTGACAGGTCTGCCGTACTCGGATGATGTGATCATTACGGGCCTGGATGCCGCCTTCGATGCCGATCTGACTATCAATGGGGGCCATGTCCAGGTTACTGGAGCGACCGGCATTGGTTCAGGAAACTTTGAACTGAATAATGGTCTGGCTACCATCTCAGACGCGTTTACCAGCACGGGCAACATCGATATTGAGACCATCGGGTTCCTGGTGATCGAAGCCACCGGCAGCCTCTATGCTGGTGCGGGAAATATCGATCTGACAGGCTCGATTGTTCAACTGGGGCAGGTGACTACCAGCGGTGATGTGACTGTGACTTCTACACTCGGCGCGATCACCGATAACAACGATGTCGCCAATAACATTACCGCAGATCATCTCGCCTTGAGAAGTGCCTCAGGAATCGGTGCCACAGGTGCCTTAGGTGCCAACCGCCTTGATTTACAGGTGAATACACTGTCGGCCTCGGCAAATTCTTTGATTGCGGTGGTCAATACGGGGGCATTAGTCATCGGCACTTTCGATGGTTTGTCCGGCCTGACTTCCACCATCAGTCTGGTTTCCGTGAATGCCTCCGGGCCTTTGACTGTCAATACAGCTGTCGAGGCTGAGCAAGCTGTCTTTTTAACAGCGGATGACGATGCGGGCACAGGCAATGATCTCACCATCAATGCGGATGTCACCAGTAACGCTGCGAACGTTAATCTGAGCGCTGGTGATATTCTGACTGTGTCAACCGGTGTCACCGTGAGCGCCGCGACGAGCATGTATCATTATATTGATGCAGGCTCCCTGGGGGCAGTTGATGCGGATGGGGGAACTGCGTATCTGTTTGGTATTATGTCCGCACCAGATGGAATTCAGTTCCTGGGTGGATTGAGTGATGACCTGATTGTCATTGATGATAATGGTGGTACAGCAAACGATGGCGGAACCGTTGACGGTATCCAGAGCGCGTTCAAATATCTGGGAGGCAGTGGTACTGACTCGCTGGTTCTGGATGATTCAGGAGACACAACCGCTGATACGATCGACATGAGCTATGTCTCATCCCCAACCGGTGCCGGCGATATTACCGGTGTCGGCTTAGCTGATTTCAGCTATACCACACTGGAAAATATTTCATTGACGACAGGCACCGGGGCGGATGACATCAGTGTCGAAACCGTTGCAATTCCTGATGTCACACTGGCTTCTGCTGGAGGAGCAGACAATCTGACCATTCTGGGACGCGCTGGTGTTAACGATATCTTTGCTGCAACACCAGGAGCGGCAGCCACCGGTAGTGGAACTGTCTCGGCCCCGGCCAAACAGGTGGACTTTACCGGTATGATCGGCGGTGTCGTCATCGACGGGCAGGGATCCTCTACCAGCGACTCTGTCACCGTCCACGGAACTTCAGGAGTCGATAACACCAGCATCGGTGCACACGGAAGTGCACTCAATGTTTCGATTGATCCCGCATTACTCTCGATCGATGTGCAAAATATCGACAGATTGAATGTTGATACTCATGAAGGGGACGACAATATCACCGTCTTCCCGGACGATGCAATTGAAATTTACATTTTCGGGGGAGATCCCACCCTGCCTGCTTCGCCGGGAGATTCTTTGAGCTATATCGTTCCGCTGGGAGA
CP036317.1_gap17	784433	789304	4871	AAAATGAAAATTCAATATAAGGATTTTAAAATCAAACATCTGCCCGATGATCTACCTCTGGAAAAGGCGGAAGCTCATCCCATCCCCGCAGATGCTTATGGTGTTCGTCCCCAGGGCCGCCTCCCCAAAAACTGGAAGCCGCCGATTTACGGAAAACAGTAAATCGCGGTACAGGCTCGATGATCTGGTGAGATGCGTACTGGGAACTGATTTCTCCTCTGACTGACCGGGAGTTCCTCATGTGGAAAACGCTTCTACTGGCTGTTGTTCTGTGGTGCTTCGCATTTATTCTGGAGTCGGGAACCGCTGCGGAGCGGTTTCTGATTCGAAATGGTCAGCCGGAAGCGGAAATCGTGATCGCCTCACCCGCACCGCGCAGTACGCGTCTGGCAGCCCAGGAACTGCAGCACTACCTGGAAAAGATCTCCGGGGCGAAGCTGGAAATTGTGACGGAACCTACCGGCAAAATGCCGGTCACGATTCTGATCGGAACGAGTGCGCAGACCAGGCAACGGGAGATTTCAGCCGCGGATCTCAAAGCCGGCGCGTATCGGATTGTTTCCGGCACAGACTGGTTGGCACTGCTGGGCGACGATACCGACTTCAAACCCATTGAACCCTGGCCCCGCAATCATCGTGATCTTGCCAGTGGAAAAGTGCAGGCCGCCTGGGATGCGATTACGGGCGAGCACTGGGGCTATCCCCATTCGCAGCTCTACAAACATTACACCGGCCCTACCAACCTGTTCGGTACTCCCAATGAACAGTTGGTCGATAAAGTGGGGCAGGTCAATGTCTGGGGCTTTGATGAGCGGGGTTCGTTTAACGCCGTGTGTGGGTACTTACGGAGCCTGGGGGTCCGCTGGTATCTACCTGGCGTGCTAGGAGAAATCGTTCCCCGTCAGAAAACGATACCGCTCCCGGCAATCGATCAAACCGTTCGTCCCGATTTTTCTCTGCGAACGATCAATTTCCGCTTTGGCGTCTACGGTCGTGATGCGGCTCTGTGGGCCATGCGGCTGGGGGTGCGACAGCCCTACGGTCGGCAGGCGGCCCACGGACTGGATCACATGACCCACAATGCAGATACTCTTAAAAATCATCCTGAGTGGTTTGCACTGTATGGCGGTAAACGCGATACCCAGCCGGGCAAACGCCTGAACCAGCTCTGCTATTCCAACGAGGAACTGTTCCAGCAGACCGTGCGGTATGTGCGGGCTCAGTTTGATCATTTCGATATGGACGTGGTTTCGGTGATGCCCCCCGATGGCTATACCGCTATCTGTCAATGTGAGCATTGTTCGGGCCAGGATACGCCGGGGCGTGGCTATCGCGGCGCGTTTTCCGATTACGTCTGGGAATTTGTCAATCGAGTGGCGAAAGAAGTGCGGAAGACGCACCCGGATCGCAAAATCTCCAACTGTGCTTACGGCACCTATACGCTCCCCCCTGAGAAGCTCGATCGGCTGGAACCGAACGTGCAGGTGATTATCGTCGGCGGACGACGTCCCACCAGCGCAGACCGGGAGTCACTCCGTCAACTGCGCAGCGCCTGGAGCAGGAAAACCGACAACCCGATCATTATCTTCGAGAATTATCCTTTCACCGGACGCGGGTTTTATCTGCCGGCCTTCATTCCCCATGTGCTGGGAGAGAGCATCAATGAAACTAAGGGGAACTCCAAAGGCGAAGATATCTGGCTCACGATGGATTTCAGCGATAAAGCCATCGGCTACAACCACTTTCTGATTTACTTTACCGCGCGGATGTACTGGGGCGGGAAAGACCAGGATGTCGACGCCCTGTTTAACGAATACTGCGATCTGTTTTACGGCCCTGCCGCACCCGAAATGCGGGAATTCTTCCTCTACTGTGAACAACACTGGCGCGAGATGGAGCAGGAAGCAGACCAGGCAGCGCGGGCACTGGAACTGTTCTCTGTGGCCCAGGCTAAAGTTAAACCCGATTCTGTTTACGGCCGACGCATGGCGCTCATCGATCAGTTCTTGAACGGGCTGCGAAATAAGAGCATCCAGCTGGCACAGAAACGGGGTCCCGTGCCTGTGTTGCGGCTCGTCGGTGATCCCCGGGGAGAAATCAAAATCGATGGTCAACTGGACGACGCACTCTGGCAGAACTGTCCGACCGCCTCCACAGGATCACTCCGCGAACTGCAGACAGGCAGACTCCCCGTTTACGGCACGACCATCAAGTCACGCTGGGTAGGCCGTGATCTCTATTTTGCCATCCGCTGTGAAGAAGAACCGGGGACGCAGCCACGCAGCACCACAACGAAAAATGAAGATCAGGCCCTCTGGTATGGCGATGCCATCGAAATACTCCTGAGCACGGAATCACACAGTTACTACCAGTTGGCGATCAACCCCGCGGGGGCTTTGATCGATCTGGACCGCGGCGCCGAGAAAGCAGACTGGTTCCGCTGGGATTCCCAGGCAGAAGTCGCCACGCAGGCAGGCGATGGCTACTGGACCGCGGAAGTGCGGATTCCCGTCATTCAGGATGAGAACGACCCGCTGCACCAGGTCATCGGGCAGCGACCGACGGTCAGTCTCCCCTGGCACATCAATGTCTGTCGTCAGCGAATCCGAGACAATGGCGCGGAATATTCTGCCTTCGCCCCGACGGGAACATCCGGTTTTCATCGACCCATGAAATTTGCGCACTTTTATGGGGGGCTGTCTCATCGTTTCGAAGCCGAACCGAGCGTCACGGATTATCTGATCGCCAGTCGCAAAGCAGAAAAACTACTCCAGCGGCGGAAGTATGCCGCAGCTCAGGAGGCCTTTGTGGCGCTGGCGAAAGAACAAGGTGCAACGGATCTGCAAAAATCAGTCGCTCTGCAGCAGGCAGCTGAATGTGCCCGGAATCTGAAAGACGCTGCCCAGGCCGACTCCCTGGCCGGGCAGATTCCCCTCGAAGCGGTTCAGAAGACGGTAAGTATGCAGAACCTGCTCGCACAACGAGAATATGAGGAACTGATCAAACAGTTCAAGTCAGAAAACTATGCCTCCTGGCCGTTCTGGCAGGTGGGAGAAGCAGCCTTTGCCCGGGGAACCGCCTCTGCGAGATTAAAACAGGGAGAAGCTGCGGAAGCCGATCTTTCCACCGCTCTGAAATATACACCGGACCCGCGCAGGCGATCCCACATTCTGCTGTTGCTGGGAGAAAACCGCGAGAATAACCTCCACGATGATGCCGCAGCTTTGAAAGCATATCGCCAGAATTATGAGGGGGCAGGACGCATTGGTGCTGCGGACCAGTTCCGCTCGATCGAGGGAGCCGCGCGCATTCTCACCAGGCAGGGGCAATATGACGCCGCACTTCAGGTCCTCGCACGGGCGGATCTCAAACAGCTGACAGGCTACTGGCGTCACGAAATGCTGATAGCACAGGCTCGCACTCTGGCTGCTGCGGGCCGGAAACAGGCCGCGCAGCAGGCGTGTCAGAGTGTGCTTCAGGATGATTCCGCCTCAGCAGGGCATCGCCAGGCAGCGGAAACGGAACTGAAAAAGCTGACTGCTCCCTGAACGACGTTCAGAGAGCGAAATTTATTTGAGCGGTCCCTGCATCTCACTCAGCGTCTTCTGCAGGGCCGCGTAGTTGCGTTTCGCTTTCCCATTCAACGCGTCTGTCTTCAGGGGCGACTTTTCCAGCGGATCCTGTTTGAGATCATAAAAACGTCCGTCATCATACAGTTTCCAGTGCAGGGCACGCACACAGCGTTTTCCCCGGTGTTCAATGAAGATCCAGTCACGACGATCCTTACCGGGATCCCCGGAGAGCACCTCTGCAAAACTGACGCCGTCCCGGGGAACACCATCACTCTTGAGGCCGGCGACCTCCGCCACGGTGGGCAGATAGTCCGTCAGGTCGACCATCGTATTCACTTCCTGCCCCGCTTTGATATGCCCGGGCCAGTTCGCAATCAAGGGGACCCGGGTTCCGGTATCGTCCAGTTTCCCTTTACCGCCGGGAACAATTTTGTTGTTTCGGACCGAGACCACTTTGGGACGCACCATTTTTCCCTGGTCATTCAGGTACAGATAGCTGGCCGCGGGAGTCCCATTGTCGGTGGTAAACAGAATCAGCGTATTGTCGCGGACTCCCATCTCGTCCAGGGCAGTGACCAGCCGACCGATCATGTCGTCCATCGAAATCATCATCTCAGCAAAGGTCAACCAGTGCCCGTCGTGTGCATAAGCGACATGCTTACCTTTCAGGTCATCGGTCACATCATGGCAGAGCGCCATCGGGTAATAAGCAAAAAACGGCTTCCCCTCCTTGTGGCTCTCTTTCATGAAGTCGATCAGAAACTGGGTATAGATGTCTGGTCCGTACTTACCCTGGGTATTCTCCAGCGGTTTGCCGTTCTGATAGATCAGCGGATCATGGTAGCGGCCCCCTTCATGCCAGCCGAACAGGCACCACTGATCAAAACCAATTCGGCGGGGGTGATCTAGATCGTTCTTCATGAAACAGAGCTGCCATTTCCCGGCGACTGCTGTCGCGTAGCCTGCCTGTTTCATGCGGTCTCCAATGCAGATTCCCTCGGCGGCGTCAGGAAAGTCGCCCCATTTGGATCCAGCTTTCCCAAACCGGAACGGATAGCGGCCCGTCATCAGGCAGACGCGTGACGGATGGCAGACCGGCATCGAATAGGCCTGGTTAAATTTCAGCCCCCCTTTGGCCAGGGCGTCAATGTGCGGCGTCGGGTAACTCTGTCCGCCATAACAGCCGATCGCATCGCTGCCCACATCATCCGCCATAATTAATAGAATGTTAGGCTTAGACTTCTCGGCCGCCAGGCTGGGGGACGGAATCAGCAATAGCGCGAGGGCCAGTGTGCAGAC
CP036317.1_gap18	792453	796996	4543	CGAATCGACGGGCGTTCGTTTCTGCCCGTGCTCAAGGGGAAAACAGACGCCCATCGCGACGTCATCTTCACTACACACTCGGGAGACGGCAACAACAATGTCTACCCCATCCGGGCCGCCCGTACCCTGGACGGCTGGAAGTACATTCGCAATCTGCATCCCGAATTCCGCTTCACCAGTCACGTCACGAACGTTCCCGATAAAAACGGATACTGGAACAGCTGGGTCCAAAAAGCGATCTCCAGTCCCCAGGCACGCCTCCAGGTCCGACGTTATCTGGAACGACCGCGTGAGGAATTATACCAAGTCACCCGGGACCCGTTTGAACAACAGAACCTGATCGAGGATCCCGCCCATGCAGAACGCCTGCGCAAACTGCGACAACAGGTCGATGACTGGCTGGCGGAAACCGGAGATCAGAAAGCCGTCTTTGGCAGACCGCAACGAATTGCCAGTCCGGAGAAACCGAACGTAATCATGGTCTTTATTGATGATATGGGCTGGTCGGATCTCTCCTGCTTCAAGGGAACCACAGTCAAAACGGAAAAGATCGACCAACTGGCTTCGGAAGGCATCCGATTTACGAATTTCTATGTGAACTCGCCCATCTGTTCTCCATCGCGGGTTGCCCTGACCACCGGTCAATACCCGCAACGCTGGCGGATTAACTCCTATCTCGCGCAGCGCAAAAAGAACCGGGAACGTGGTCTGGCACAATGGCTCAATCCGAAAGCCCCCGTGCTGGCGCGGGAGCTGAAGCATGCGGGATACGCGACAGGTCATTTTGGCAAATGGCACATGGGAGGACAGCGTGACGTAGGCGAAGCACCGTTGATTAACCGCTACGGCTTCGATCGGAGCCTGACGAATTTTGAAGGGCTGGGACCACGCGTACTCCCCCTCAAGGATGCCTATGATGGACAGCCGCCGAAAAAACACGATCTCGGTTCCGCCAATCTGGGCCACGGACCGATTTACTGGGAAGACCGTTCGGTGGTGACGGCTGCCTTTGTCAAAGACGCACTCACCTTTATCGATCACGCCGAGGCCACGGGTCAGCCATTCTATCTGAATCTCTGGCCCGACGATGTGCATTCGCCCTTTTTTCCACCCGAGGTGCTCCGTAACAGTACCGATGGCAGCAAACGGGCGCTCTACTACGCGGTCCTGGATGCGATGGATCAGCAGTTAGGAACTTTGTTCGACCGCATTCGCAATGACGAGAAACTGAAAAACAACACGCTGATCCTCATCGCCTCCGATAACGGCCCCGAAACCGGCGCCGGTCTTGCGACCCCTTTACGGGGCGCAAAAACCTGGCTTTACGAAGGGGGCGTTCGTTCGCCGTTGATTGTCTGGGGACCGGGACTGCTCAATCCCCAATCAGTGGGCACCACCAATGACACATCAGTCCTCAGTGCCCTCGATCTGAACCGTTCGCTTTATACCCTGACAGGCACCGAACTCCCCCAGGGAGCTGAACTCGATGGGGAAGACCTGGTAACGACATTGCTCGGCAAAGTGCAGCAGACGAGACAGGCACCGCTGTTCTGGAGACGTCCTCCCGATCGCCCCGGCACGAAAGAGGAGCCGAATCCGGATCTGGCTGTCCGCGACGGAAAGTGGAAGCTTTACATGAACTACGATCAGTCGGGCGTGCAACTCTACGACCTGGAACAGGATGTCTCAGAACAGCAGAATTGTGCTACACAGCATCCCAAACTGGTAGCCCAACTAAAGCAGGCCATCATCGACTGGAATTCCAGCCTCCCCAAAGATGCGGGTGATCCCGCCTGGCGTCCGAAAAAGAAGACGGCGAAAACGGGAGCGAAACAGTGACTCACTGAACATTCAGGCCGATATTTCTCACCAGGTTTCCTGTTTTAGGGGATTCGCGGAGCTGATTTCAGTTGAATCGCTGAAAAAAGTTAGGATTCATAAGAAATGATTGAATTGATCGTTTTCTTCCGCTAGAATCAGTCTACCGATCAAGATATGTTCATGTGTCGGTCCCTGCTCGCATAATCCTACCCAAACAGCGTGACCCTATGAGATTACGTTCCTTCCACACAATGGTAGCGTGCATGGTGCTGGTTCTTACCGGAGCCGCGCCAACAGTATCCGCCAAACCACCCCTGCATCAGCAGATTGATTCTCTGGTCGCCGCGGGAAATCCGCAGTTCGAACAGCAGGCAGCGCCTATCGCCGACGATGCCACCTTCCTCAGAAGAGTCACACTCGATCTGACGGGAACCATTCCCACGGCCGACGAAGTGCGGACCTTCGTCGCTGATTCTGCTCCCGATAAACGCAGCCAGCTGATTGATCAGTTACTCGCCTCTCCCGAGCATGCCCGGCGGTTGCAGTATCTGTTCGATACGATGCTGATGGAACGCCGACCGAGCAAGTATGTGAAGTCAGCGGAATGGGAAGAGTACCTGCGTCAGGCCTTCCTGGAGAATCGTCCCTGGGATGAACTCGTCCATGAAATGCTGACCGTCGACGGGACGGACAAGGCTACGCGCCCCGCAGCCCGCTTTCTGCTGGACCGGGAACTGAAGTCTGAAGTCGTGACCCGCGATCTGGGGCGCATTTTTCTGGGACGCGATCTGGAATGTGCCCAGTGTCACGATCATCCCAATGTGAACGACTACCTGCAGCGGCACTACCACGGTCTGAATGCCTTTCTGAGCCGCAGCTATCTCTTTAAAGATCCCAAAACCAAACTGGCTTCCATTGGTGAAAAGGCCGAAGGACAGGTTTCGTTTACCTCGGTCTTTACCAACGAAGAAGGCAAGACCGCCCCGCGGATTCTGGACCTCCCCGAAATTCCTGATCCAGAAAATATGAAAGACGCTTATAAGGTCAAACCGGCCAAGAATGTCCGTTCGGTCCCGGTTTACAGCCGCCGCCTGCAACTGGCAGAGGCCCTGACTGGTTCAGAGAACCAGGCCTTCCAAAAGAACATCGTCAACCGGGTCTGGGCCGTCATGCTGGGGCAGGGACTGGTGGAACCGCTCGATATGTGGCACTCAGACAATCCGCCCACGCATCCCAAAATCGTCAAACTCTTAACGGAAGAACTGCAGAGTCACGATTACAATCTCCGCTATCTGTTCCGCGAGCTCGCGCTGACTAAAACCTATCAGCGGCAGAGCCACGTCTCGCCCGAGACCGAGCTTCCTGAGAAAAATCTTTACGGCATGGGACTGCTCAAACCGCTGACACCAGAGCAGCTTGCCTGGTCGATGATGCAGGCGACCGGGGTAACCACAGCCACGCTTGAAGGTTTGCAGGCCAAGCAGCGCAAAGTCGATGAGAAAAAGAAAACCAAACTGGCAGAGGATCCCCTCTGGCAGGAAGAAGCCCTGCAGACAGCTTTGAAAGGCAATGTCACGGCGTTTGTGAGAACCTTCGGAATCGTCGGTGCGCAGACCTCACGCTTCGATGCTTCCGCCGACCAGGCCCTGTTTTTATTAAACGGTACCACAATCCAGGCGTGGTTATCCCCCTCCGGCAATCGTCTGACGGCTCGTCTGAAGAAGTTGGAGCAGCCGGCTGAGATCGCTGAAGAGCTTTATCTCGCTGTCTTTTCGCGATTCCCTTCCGAAACGGAAATTAAACAGGTCAGCGAATTTCTCAAGAGCAACCCGAAATACTCCGATCAGGATCTGCAGCAACTGGTCTGGGCGGCACTCTCTTCCGATGAATTTCGCTTCAATCATTAAACCTCGACCTCTGTTCCTCACTGACAGTCAGAAGGACAAAGTATGAAACGCAATCAAGGATGCCATTCACTGGATCACCAGATCGCCCGGCGTCAGTTTATGGCGGGGGCGGCCGGAGGTGCGGTCTGCCTGGGACTGTCTGATCTGTCCGCGCATGCGGAAACCGTCAAAGGTCAGCATAAACGAATCCTGCAGGTCTATCTCCAGGGGGGCGTCAGTCAGCTGGAATCCTGGGACCCCAAACCGGGTACCGAATTCGGTGGACCATTCCGGGCCATTCCCACGTCGGTCCCCGGGATGCATATTTCTGAGCTGCTACCTTACACTGCGCAACGGATGCATCTGCTCTCCATCGTGCGCAGCATCAATCTCAAGACCAATGATCATTCGCAGGGGCGACTGTTCATGGAGAAGGGGAGACGGGCCGGTGAATATCCCTACATCGGATCGATTGCCTCCCGGTATCTGGCACCTGTGAACAGTGATTTACCCGGTTATATTCACATCTCCACCCGTGGTTTGAGTGATGCGACGTCTGCCTTTCTGGGCGCTCAGCATGCCCAGTTGAAATTCGAAGGTGTCAAGCCGCCTCAGAATCTGGGCTTGCCCAAAAACCTGAATGAAACCGCGAACAACCGTCGCCTGCAATTGCGTCAACAGTTTAATCAGCAGTTCCGCCAGGGACGCCGCAAGTCACAGACAGAGACATTCGACGCCTCTTTTCAGCAGGCATCCAAGCTCATGGCCCGCAAGTCCTTTTTCGAGAAGGCCCCTGCTGACAAAGATCTGGAACGCTACGGTAAACACGATTTCGG
CP036317.1_gap19	820621	824955	4334	GAATTCGAAAAGTATCAGGAAATGAATGGGAGAGAGGTGCGGGAAAGATAGCAGTCGTCAGAAATCACAGCAAGAGGAGTTCATTGATTTTTTCACGTTTCTGGTTCTAATTCTGAGAAAAAGGACTGGGGTTAAGTCCCTGATTAATTGAGAGATAGAACCAGATTCGAGTCAGGAGTCGACTCAAATCTGATTCTACAGAATGCGTTCAGTTTGCAGGGTTAAATATTTTCTCAGGAGCATTGACCGGGGCCGCTTGTGGCTCAATCAGGGAACCATGCTTGTCAATATGGGAAAACCAGCGACGGGCTGTGGAGCGACGCTGGGTTGGTGTCGCAATGTCTGAATAATCAATCGGTCGGTCTGTCAGCTGGTGAATGTAATTGAATGCGAATTCCCGGACCGCAACATGGGGGTGCTCCAGCCATTCCACAAGTCTGCTGGAAATGAAGCGATCTTCCGCATCTTCTTTCTGGAAACCCCAGAGCAGGCGTTCCATTGTCTCTGCCATTTCTGGAGAAAACTGCTTTTTCAAAGCAGTCGAGAGGAGCTCACCATTTTCCTGATCTCTCAGTAACCAGTTACGGATGCCGTTAAATGCTTCCATACGCGACTCATGATGATCTACTTCATCCAACACCTTGACCAGTTCCTGGTAGCGGTTGGTTAAGGCCAATGCTTTGGTGGCCAGGTCTGAAGTGTTGGGCTTCAGATCTTTTGTAATTGCAGACATGGTGAGTGAGACGAGTTGATCGTCTTTGAGTTCTTTGGAGAAAGCAGCCAACTGACGACGGGTCAGGTAGGAATTGTCTTTATAGTTCGGTTCCACCCAGTGCGGAACCCGCAGGGGTTTTACACGATCGGAAGGATTGATGAGACCTGCCTTGCGATCTTTCGCAGAGAGTGACATCCAGTGTCCCGCATCGATTGTATGTACTTTTCCCGATCCATCCGAGAAGCGAATCATTCCTGAGTAAGCGTATAACATACCTGTATAGTTATCGGGCCCGGGCTTCTGGTCCGGGTGAGTTGGCTGGACAGGGTCGATTTCGATGCCACAGACACTGTCCCTGGTCACCAGTTCAATCCGCCAGAGTTCGTCATTGACTTTAATCGAGAGCGTAGGGCCGGCTGCATCCCGGGCATCGTTCAGACCACGGGAAGCTTCGATTCTCAGGCGACCTTCCTGGATTTTGAAGCCCATTTCAGCGGCTTTGTTTTTACCCTGATAAGTGACGGCAGTTCCCGGAAGTAGAACCACTTTGCAGAGTGCTTCGGGAATGTTGATCCGGGCTGTGAATGGTTCTGGTGATGCAACTGCAGAGCCAGCCTGAATCGGCATGACTTTGGAAAGAATCAGCCAGTCATTCTTGTCGGCCAATTCGCGTTTCTGATCGACCTGGGCCAGAAAGAAACCGTCTTCCGATTCGATTTGGGCGGCGGGTGCCTTCGCGGCAGCATCAGCCATTTCAATCTTCGCTGGTACAGCAGGTGCGGCATTTTCCGGGGGTTTACTGTTCATGGCCACGGTTTTGTCATCTGGTTTGACCGGGGAGGCGGGCGGCGTGGATGGTGGCGCTGCCGGTTTCACCGTTTCAGCTTTCGTTCCAGAAGGTGCAGGCAGCAGGTTTTCCACAGGAGGCTTAGCGGGAACTGCTTTCGGAGCCGTTGTCTCGGCGTCAGCAGGGGGAGGCGCGTCAAATGCGGGTGGCTTGGTATTCATTGCCACCGTTTCCCCTTCCGGTTTAGGTTGTGCTGCGGCTGGTGTTGTTTTTGCAGGTTGTTTTTCTGAGGCCGTTGTTGCAGCAGCAGGTTCCATTTTCTCAGCAGCAGGTTGTTTTGCTGCCGGTTCCTGAGGTTGTGATAAATCGATCTCCTGGTTGTCTGCCCCATTAACAGCAACTTCCTGGGCAGTATCCTGTTGCGAAAAGAAGGATGGGAAAAATGTCGGATCACCAAAAAACAGTCCTGCCCAGACAACTGCTGCCGTCAGGACCAGAAAATAAGGGGTAAACCGTTTCCAGAGCGGTTTCGTTTTCAGATAATCCGGGATGCGTGATGAAAATGGTTCTGGAGCCTGGGCTGGGGCAGCCTGTTGTTTGACTGGGGCTTCGGTCCTGGTGGGGGCTGTCGTTGCTGGAGCAGGAGAGGGCTCTGCGACAGCAGTCTGTGCCAGTGGTCCTATTTCAACCTGCTCACTTTGGGGGGCAGGGCCCAGGGCGTAAATCCGTTCTCTGGTATCTGGATTGATGGTCGCCGGTTCTCCCAGGACCAGGGTCAGAATCTGATGTGAAGCGGCGACTTCCACAAGATTGACGTCGGAATTCAGGCAGATCTTCTCGACATCAGCCACGCTTTCCGGGGGAAGTGTGTTGTCGAGGTATTCAGCAACCGTATTGGGATCCAGGTTGGAACCGGGGCCTTCCACTTCGGGGGCAGTCAGACGACGCCGGCGTAAGACGTCTTTGATGCGTTCGACAAGCGACGATGCATAGCCGCTTTCTTCCAGTTTTTGGCCGATTTCCTTGATCTGGGCCGGCTCAAGAACATCATCGAGATAGGCAATCAGAGTTCGTAATGTTAAACGCATAGTGCACCACTGTTAAGTAAGGAGTCGCAGGTTACAAAGAGAGCAACGGTCTCTCTGTAATAAATAGTGGTGGGATTGCCGGGAATCCGTACAGAAAATGTGAGAAAAATCTCTATTTCTTCAAAGCGCATTCCGGAGACAGGCAGAGCATCTGAATTGACGTTTGTCAGTTTGCCTGGGGAGATTTGGAGTCAGGCTTCAAGGCGGTTTTCTGGTCCGGCCCCTGGATGATCAGGGGAACATAGAGTTCCGGAAAATCGGGATCATTGGTTTTGATGACAATCAGACCGTCATGTTTGCCGGGAGGGACGAGGTCTTCCACGATCACGTCCAGTTTTTGTTGTCTGAGTCCCTGCTTGTTATCGAGCGCACCGAGTTTAACTTTCGCGTATTTGGAAGTGCTTTTGACGCTGGTGATTTCGAAGTTTTTGCCACCACGGTAGTCGGAAACGGTTACCGGGTGAATTGTGCGACCGGGGGTGAACTGGTAAATCACTAGTGCTTTGGGTTTAACGACCAGTCTGCGGACGGGGAGTTCTACTTTGAACGTCAACCGGGCAGTTCGTTCAACCGGGTCTTCGTATTTGAAATCAACAAAGAATTCTTTCTGACCAGGCGATTCACCAGCCGTTTCCATTTTCAGAATGAATTCACCCGTTTCATGCGGTTTGTAGACTCGTTTTTCTAACTGGGGCTGCAGACAGCCACAGCTGGGGATGAGTTCTTTAACGGTGACGGTTTGATCGCTCAGGTTTTTGAATCGAAAACGGGCTCCTGCCACGCGTTCTGTTTCCTTGAGCATCCCCCGGTCAACGAGATAGGTTTCAAAGGCGAGGGCAGGACGTGGTTCGCCTGCCATTGAATTCTGCACACGCGAGCCGGCCCAGTGAGCGACACAGGCGAGAATGAATGGTAAAGTGGCTAGAGTGAGTAGACTGCGTCTGGTCCATTTCGATTGCAGAATTCGATTGCGCATGGCATCCGTGCCTGTCTGAATGACTGTCAGGAAACAAATTATTTCAAATCTGCGGTATCTTTATCAGAATGAGGCAGTTAGGACAAGACCGGGTTCTAACTGCCCCTGCAGACTTATGTTTCGACCGGAGAAGAAACGTTTGTTTCTTCCTTGCTGGACTTGAGACCGCTCATCAGGAGAAGTCCCAATAACATAATTCCGGCGCCGACCCAATAAGGGGCTGTGATACTCCCCGGTATCATTCCATTGCTGGTCCCCTTAAACAGAATGATCCCCGCGAGGGGCCCCAGGATCCGTGCCAGGGCCGAGATACTTTGACCAATCCCCAGAACGCCTCCCTGTTCATCCTCTGACGTGTTCAGGGAGAGGAGCGATTGCAGGGAAGGGGTCGTTGCCGAAAAACCAATCACAGAGATGGGCAGGATGGCATAGAGCAGTGTATAGGATCCGGAGTTTCCCGCGATTCCGATCAACAACAGTCCAACCACCATCAGGACGATGCCTGTGAGTCCCATGCGAAATTCACCCAGTCTGGGAATCAGGCGGCGGACCAGAATTCCCTGGCTGAGAGTCAGGATCAAACCGATGTAGGCGAAGATAAAAAAGTTACTTCGCGCTGCAAAACCGAGTTCCTGCGTGAGCAGGGAGAGAGTGGATTCGAACTGGGCAAAGGCAAAGGTGGTCAAGAAAATCGTCAGCAGAATGAGACCAATGCGAGGTTTGGTCAGTGCGTGTTTGAAGCTGGCAATGTCAAACCAATGATGTTTG
CP036317.1_gap20	956538	957322	784	AGCCAGTGCTACCATCGCCCGGGCACGATCCTGATCCCGTTCGCGGGCGAGGCACTGATCGTCGCCGATCGCGGTTCGGGAGAGGGCTTCTTCGAGCTGCTTCTCCGCTTCTTCGGCTTTCAGCTGGCTGACAGGAATCGCCTGTTCTGTCAGGACTGAGATCACCGAACCCTTAACCTGCAGGAACCCGCCATCGACAAAGTAGCGGTTTTCATTTCCTTCAGCGGATTCGAACACCAGTTCGCCAAATCCCAGACGACCTACCATAGGCATCCGACCGGGGAGAATTCCGATTTGACCGTCAAACAGAGTACAACGCAGGCTCTGGATGGACTGATCCAGCAGAGTCGTTTCCGGTGTCACTAATAACAGACGAAATTCTTGAGCCATGAGTGCTCTAACCACATTCAAAACAGGATTTCAGATGGAAATTGTGGCCGAAGCCATTTTCGGCCACAATCTGATCGCAACGTTAGTAAACGGTTTACTTCTCAGCCATTTTCTTGGCTTGTTCTTCGGCTTCTTCAACCGCACCCACATACATGAAGGCAGATTCCGGCAGGTGATCCCACTTACCGGCACAGATTTCTTCGAAGCTGCGGATGGTATCTTCCAGCGGGGTGATCTTACCCTCCTTACCAGTAAAGACTTCCGCCACGAGGAACGGCTGTGACAGGAACCGCTCAATACGGCGGGCACGGTGCACAATCAGTTTGTCTTCTTCGCTCAATTCATCGACACCGAGAATCGCAATGATGTCCTGCAATTCGCGGTAACGCTGCAG
CP036317.1_gap21	999481	1001906	2425	ATGTGCAGGGAACACAGCAGGGGCACATTCTCTTCGTTTATGATCTTGCCTTACCAGTGAAAAAGAATACAAAACATGAATAATCAACCGAGCAGCGAACCAGTCATCGACATCCTGAATGTGTCGCATTCCTTCAAAGGACATCGTGCACTCCAGGGAATCAGCTTTCAGGTTCAACCGCAGTCCCTGCACGGCTTTGTGGGGCCGAACGGAGCCGGAAAAACAACCACCCTGAAAATTATCTGTACGCTGTTGCAGCCGCAGGCAGGTAAAGTCAAAGTGTTTGGTCACAATGTCCGTACCGCAGTCAAAGAGATCCGGAAACGAATTGGCTTCATGCCGGATCACTTCAGTACCTATCGCCAGATGACCGTCTTTGAATACCTGGACTTCTTCGGTGCCGCCTATGGCTTGAGTCAGGAACAGCGTGATCAGGTCATCAATGACGTGTTGACATTAACGGATATGGACGGGCGCAAAGATTCTCTGATCAGTGGCCTGTCACGCGGGATGCAGCAACGGGTCAGCCTGGCCCGCGTCCTGGTGAACGATCCAGATTTATTACTGCTGGACGAACCCGCTTCCGGTCTCGATCCCCGGGCCCGGATCGAATTGATGGAGATTCTTCAGGAACTGAAACGGATGGGGAAAACGATCTTTATCAGCTCGCATATTCTCAGCGAACTGGCGGAATTGTGCGACAGTGTCACGATTATTGACCGGGGGCTGATTAAATACAGCGGTTCCATGGACGGTCTGCTGAACTACGAACACGAACATCCCGTTTATAAAATCACACTCGAGTCGGAAACAGATGCGATCATCGAAGCGCTCTCAGGTGAAGCGGGGATTGTCAGTATCGAAAAAACTCCCAAACCGCGTGAAATGCGGGTGGCCTTCGATACGACGATCATCAATTCCAGTGCACTGCTTGAAAAAATCATTGCCCTCAACGGAGTCATCGATTCCTTCCAGAGGGATAAGAAACATTTGAATCAGGCTTTTCTGGATCTGACAGAGCAGGGGGTTCGCTAATGTTTCAGGGAACGTTTGCTCTGTTTCATCGCGCCCTGGGAGTCGACTTTCGGCTGACCCGGACGCACTTATTCCGGTTCATGTTCGCACTCATGATTCTGTTCTGCCTGTTCACCGCTCATGCGAGCAGCACCATGATGGGAGCAGCCGGCCTGACCTTATTTACGCAGATTGTCTATCTGAATTTCATGTTTATTCTGATTGGGGGAATCAGTTTTTTTGCTACTGCCATCACTGAGGAAAAGGAAGAGCAGACCATCGGATTACTGCTCATGGCAGGAGTCAACCCCGTCTCACTGCTCCTGGGAAAAATGCTTCCCCGACTGGTCGCCGCTCTGCTGTTGCTCTCGGTTCAGTTTCCCTTTACGTTACTCGCGATCACCCTGGGGGGCGTCATGCTGTCCCAGGTTATTGCCGCTTATGCTGCTCTGGCCGCCTTCCTGTTTTTTGTTGCGAATCTGGGACTGTTCTGCTCTGTGATCAGCGCGCGTTCCCGGACCGCATCGACGCTGGTTCTGATTGGCCTGGCCACCTATTTCCTGGGAGTCCCCCTGCTGCAGATGCTGTTGACTTATCTGGTCAAGGAAGGGTGGCTTGTCGGAAGGGCTAGCCGATTTGCAGTAGCAGGCCACTTGCTGCAATGGCTGTACGATTCATCGATCATCACACAAATCAATTCAATTCTGATCACCGGGTTCAATAAAACGGCCTGGGGCTATCAGTTCTGGAGCAATCTGGGATTCGGCCTGTTCCTGTTTGGCTGTGCCAATCTGTTGTTTACACGCAATGCGCTGAACGAGCGAGCTGCCAGTCCAGAACGCAGGTTGATCGCGAAAAAGAGAAATCACCTCTTCTCCCCAGGACGTGCCTGGAAGCAGGCCCTGATGTGGAAAGACTTCTTTTTTGTCAACGGCGGTTACAGTATGGGCCTGATCAAGCTGCTCGCATACGGGATCGCCCTGTTTTCTCTATGTGCCTTCATCTCCTATACGACAAACACTCGTACTTTTACCATCCAGGAAATCGGGATGACGATGTTCTGGACCATGCTGATTGTAATTCTGATTGAAATCAGTCTGATATCGGCCCGGGTCTTTCATGTGGAACGCCAGTGGAATACCCTGGTCTCCACGGCCATGCTTCCGCACTCCATGGCTTATGTTGCCTATTCCAAAGTCCTGGGCTGTTTGCTAAGTGTCCTGCCCGCCTTTTTTTATCTGATCCTCGGCATCTCATTCAGTATCAGAGAAATGACTTACGATTCCACCCTGGTCTTCGCTGAGCCGGGTTTCTGGTTATTGTGCGTCCAGATTCTGTTTTTCTGGCATCTGACAGCCTATATGTCTTTGTTCATCAAGTGGGGAGCACTACCTTTGGCTCTCATAATCAT
CP036317.1_gap22	1071967	1073889	1922	TCGACCTGCACCTCTCGGACCGGGCGGTCAGCATCGATCGAAAAAATAAGATTGTCCGTTCCCAGAAAGGGGTCGAGATCCCCTATGACAAAGTGGTGATCGCCACCGGTTCCTATCCCTTCGTTCCGGATGTGCCGGGTATCAAAAATCGCGGCGTGTTCGTGTATCGAACGATCAACGACCTGGAACAGATTATCGCTTACGCGAAGCAATCCAAAACCGCTGCCGTGATCGGTGGGGGGCTACTCGGTCTCGAAGCCGCCAAGGCAGCCCTGGATCTCGGGCTCAAGACACACGTCCTGGAATTTGCCCCGCGACTCATGCCGCGGCAGATTGATGACGCCGGTTCCAAAATTCTGGTGCAGAAGATCGAAGAACTGGGCGTCCAGGTCCATCTGAATAAAGCCACCCAAGAAGTGCTGGGAGAGTCCAGTGTTGAAGGCATCCTGTTTCAGGATGGCTCTGATCTTGAACTGGACATGATCATTGTCTCAGCCGGGATTCGTCCCCGTGATGAACTGGCGCGTGAATGCGATCTGGAAGTCGGCCCGCGCGGCGGGATCCTGGTCAACGATCACCTGCAGACCTCTGACCCGGATATCTATGCCGTCGGGGAAGTCGCCCTGCATTCCGGTATGGTTTATGGTCTGGTTGCCCCCGGTTACCAGATGGCTGAAGTTGCAGCGACGCATCTCTGTCATGGGGAAGCGGAATTTAAGGGCAGTGATCTCTCGACCAAATTGAAACTGATGGGTGTCGATGTGGCCAGTTTCGGCGATTACGAAGCCGGCCCCGATGTCTCCAAAAGCCTGACATTTGAAGACCCGTTCAAGGGGGTCTACAAAAAGCTGGTGTTCAATCCCGACGGAACTCGACTGATCGGTGGAATCCTGATTGGAGATGCCTCCGACTATGGCAGCCTGTCAATGCTGGCCAAGTCAGACGATAAGCTGCCCTGCAGCCCGCACGAACTGGTGGTGGGAAGTGGAGGTGGTATCCCCGGCGGTAACGCCGCAGACATGCCGGATGAAGCACAGATCTGCTCGTGCAATAACGTGAGCAAAGGACAGATCTGTTCCGCCATCCAGGAACAGGAACTGACTTCGGTGGATCAGGTCAAAGCCTGCACAAAAGCGGGCGGAGGGTGTGGCGGCTGTATGCCCCTGGTCACCGATCTGTTCAAAGCAGAAATGGCGGCAGCCGGGATCACAGTCAACAACCATCTGTGTGAACACTTCGAGTTCTCTCGCACCGAACTGTTCAACATTATCAAAGTCAAAAAACTGAAAACCTTTGCCGAGGTGATCGCCGATTGCGGTTCAGGTGCCGGCTGTGAGGTCTGCAAACCGACGGTGGCTTCAATTCTGGCCAGCCTCTGGAACGAACACATTGTGGATCATGCACCGCTGCAGGATACGAATGACCGTTTTCTCGCGAATATGCAGCGGGGAGGCCTGTATTCAGTAGTGCCCCGCGTTCCCGGCGGTGAGATTACTCCCGAGAAACTGATTGTTCTGGGTGAAGTCGCTCAGGAATTCGGGCTCTACACCAAAATTACGGGCGGACAGCGGGTTGACCTGTTTGGTGCTGAAGTCCACGATCTCCCCAAAATCTGGGAAAAGCTGATCGACGCCGGCTTTGAGAGCGGCCATGCCTACGGCAAAGCTCTGCGAACGGTCAAAAGCTGTGTGGGGACTACCTGGTGCCGCTACGGCGTGGGAGATTCGGTCGGTTTTGCAATTCGCCTCGAAGAACGCTATCGCGGAATTCGCGCACCTCATAAAATCAAAGGTGGCGTTTCGGGCTGCGTCCGCGAATGTGCGGAAGCTCAGAGTAAAGACTTCGGGCTGATTGCGACTGAAAACGGATACAACCTTTACATTTGTGGAAATGGAGGGGCCAAGCCTCGACACGCCGACCTG
CP036317.1_gap23	1077343	1080496	3153	GGATTCGGTTTAGGGAAGGTGCCTGAGAAAAATCTGCCGGATGCGACGACCCAGATGGTTTGCGGCTTCTGTGGCACCGGTTGTAACCTGAATATCCATCTCAAAAACGGAGAAGGGGTCTGCATCAGCCCGACGACGGAATATCCCGTCAACCTGGGCATGGCCTGTCCCAAAGGCTGGGAAGCGTTGTCGGTACTCGATTCGCCGGACCGCGCGATCAGCCCGCTGGTTAAAAAATCTCCCAATCACTGGGAACCAGTCGACTGGGATTCCGCCCTGAGCCTGTTCACCAGCAAATTTAAAGCGATCCAGGAAAAACATGGCGACGATTCCGTCGCCTTTCTGAGTACCGGTCAGATGGTGACCGAAGAAATGGCCTTCCTGGGCGCGCTGGCCAAATTCGGCATGGGCATGAAACACGGCGACGGGAATACCCGGCAGTGTATGGCTTCAGCAGTCACCGCCTACAAGCAGTCGTTCGGCTTTGATTCGCCCCCCTTTACGTACCAGGACCTTGAAGAATCGGACGTTCTGGTGTTTGTGGGCGCGAATCCCTGTATCGCCCATCCGATCATGTGGGAACGCGTGATGCGCAATCCGCATTCACCAGAAATCATTGTGGTCGATCCCCGGAAGACGGAAACCGCCATGCAGTCCACGCTGCATCTGCAGATCGCACCCAAATCGGATCTGCCCCTGTTTTACGGAATTGCTCAGTTGCTGATCGAGAAAGGCTATCTCGATGCGGATTATGTACGTGCCCATACCGAAGGCTTTGACGAATTCAAAGCGCATGTCCGCGACTATCCACTGGAGCGCATCACCGCAGAGACCGGCTTGAGTCGGGAAAAGATTGAACGGTTCGTTGAACTGATTCACGAAGGGAAACGGGTTTCTTTCTGGTGGACGATGGGCGTGAACCAGAGTTACCAGGGAGTTCGCACCGCGCAGTCCATTATTAACCTGGCCCTGATGACGGGGAATATCGGTCGGCCCGGCACCGGTCCCAATTCCATCACCGGACAGTGCAACGCCATGGGCTCACGACTCTTCAGTAACACTACCAATCTGCTCGGCGGGCATGATTTTCTGAATGACCGCCATCGTGCGAAGGTTGCTGATATTCTTTCGATTCCCATCGATCGGATCCCGTCCGAGAACAGTTTGCCTTACCACAAAATCATGGAAGGGATTCTGGCCGGCAAAATCAAAGGGCTGTGGGTCATCTGCACGAACCCCGCGCATTCCTGGATTAACCAGGGTCAGGCCCGTGATATTCTGGACCGCCTCGATTTCCTGGTGGTTCAGGACATGTACCACACCACCGAGACCGCCCGACATGCGGATCTGATTCTCCCGGCTGCCGGCTGGGGTGAAAAAGAGGGGACCTTCATCAATGCGGAACGCCGCATCGGGCGTGTCAAACGGATCAAACGGGCGCCGGGACAGGCGTTGTCTGACTTCTCGATCTTCAAACTGATCGCCCAGTACTGGGGCTGTGGGGAGATGTTCTCCCAGTGGAGTTCCCCCGCGGAAGTGTTTCAGCTGATGAAAAAACTGAGTGCCGGACAGGCGTGTGATTTCTCGGGCATTGAAGACTATTCCTCAATCGAAGAGCAGGGGGGCATTCAGTGGCCGTTCCCTGCCAGTGAAACAGCGCCCCCGGAACCACAGCGACGACTGTTTGAAGACGGTCGTTTCTTCCATGAAAACGGACGGGCCCGATTTATTTTTTCTGAACCCGCCAAAATGCCGGAAGCTCCCAGCGAACAGTATCCCTTCGTATTACTGACAGGCCGCGGCACCGCTTCACAATGGCATACACAGACCCGAACCCGTAATTCGGATGTGTTGAAGAAGCTCTATCCCCAGCGGATCTATGTGGAAATCAATCCGGAAGACGCACGTCAAAACTCCGTTCAACCCAACGACTGGATTATCGTAGAGTCACAGCGCGGCCGTCTCAAAGCCCGCGCGTTTATTACCCAGTCGGTTCAGCCGGGACAGCTTTTTATTCCCATGCACTATGAGGCGACCAATCAACTGACCGACGCTGTCTTTGATCCGCATTCCAGCCAGCCTTCGTATAAATGCTGTGCTGTTCGGATCAGCGCAGAATAACGAAGATCAAAACGAGCCCCTCAACCAGATCTCAGGCCAAAGTCCCCCAACACGCCCTTGAGCGCAATTCTCACTTTCGGTGCAGATTTCACAAACTTTATCCAGTCCGCCTGCAAAACCGGAGTTTGTATTAAATTGCGCTAATGTGTCCGGGGGATGACCGATACCCTGAATAAGCACTGGTCGTACTTTACCTCAGACAGTGCGCGCTGCATGCGAGAAGATGACTCCCCTCTCATCCATTGATTTTCATAACCCGGGCTCATGAATTTACTGCAAACTCAATCCATGCATCTGAAAGCGGGCATTTTCTGTTGCCTGCTGCTGTTCGTCTCTCCTGCATTCGGTCAGGGTGTGCCGCCAGCTCCCGGCTGTGATCAGGAACCGGGGCAATGCCTGAATACCCCCGCCTGCACTTCCTGTGTTCCGGACATCAACTACTGGGTTGTCAGCAGCCGCTGCTGTCCCCAGAAAAGTAATTGCTGCTGTCCCTGCTGTGAGTTTGACGTCTATCATTCCGCTGAAGCGGGCCAGGTGACCGAACAGTCGATGGAGAGCATGCTGCAGTCCCTGGATCCAAACGCCCCGATCTGTATCATGGTTCATGGCAGTCTGGTCAAGTGGGAGGATGTGCTGCTCGATTCCTATAATACGTATCTCTGGCTGAAAGCGGCTGCACCGCAGAAGCCGTTAAACGTGATTTTCTTCTCCTGGCCCAGTGACGATACGCCGACTAAAATCATCCCCGTTGATGTGCACATTCTGGGAAAACGGGCTGAATTTAACGGTCACTACCTGGCGCAACTGATCGCCGCACTCCCGCCACACCACCAGATCAGTCTGCTGGGCCACAGCCACGGTGCCCGTCTCGTGGCTTCAACAATGCATCTGATTGGAGGCGGCAGCATTCAGGGCATCTCGCTCTCGGATTGCGATATCCACATCTGTTGCCACTGCCGTCATTTTCGGATCGTCTTCGCCGCCGCTGCGTTCAATCATAACTGGCTGAACCCGGGAGAACGTTACGGCTGC
CP036317.1_gap24	1187467	1190305	2838	GCAACCTGATGACTATCAGACCGAGGTGAAGGATTATTCAACCAGGCAGCCGGCTTACCACAGCCCTCCATCTCCGCCCCGCAGTAAGATGCCGCTGATCTTGTTTATCCTGACGTGCCTGAGTACCCTGATTGTCGGTGGGATCAAAGGGCCATTTCTGCCACTTCCCGGTCAGTTACAGCTGTTATTCTATCAAATTAACGCAATGGGCTGGTCCACGTTTCTGAGCAATGGCTTCTCTTACGCTGGCCCCGTCATGCTGATTCTGCTCTCACATGAAATGGGCCATTATCTACAGTCACGTCGTTACCACATCCCGGCCACGCGTCCGCTATTTATTCCCATGCCCATGAGTCCCTTCGGTACCATGGGCGCTGTCATTCTCCAGCGGGGTGGAGTTGCCAATCGCAAACAGATGTTTGACATCGCCGTTTCCGGACCGCTGGCCGGTCTGGTATTTGCCATCCCGTTCGCTTACTGGGGGCTGCTCAATTCAACGGTAGAAACAGTCATTCCCGAATCGGGTGCAGTGAGCTTTGGCGAACCCCTGATCCTGAAATGGATGATTACGCTGGTGCATGGTCCCCTGGCTGAAAATCAGGAAATTGCCATGAACTCCATGCTGTTCGCAGGCTGGGTCGGAATTTTCATCACCGCCTTAAACCTGATTCCCATCGGTCAGCTGGATGGAGGTCATATCCTGTATACACTGATTGGTAAGCGGGCCAATACCGTCGCATATCTGATCCTGCTCTCGGCGATTGGATACATGTCTTATACCGGTGAATTCTCGTATTCACTGCTGATCCTGCTGCTCATATTTTTCGGTGTGGCTCATCCTCCAACAGCTGATGACACAGTCAAACTGGGCCCCATGCGAACCATCATTGGCTGGTCGACGCTGGCCTTTTTCATCATTGGCTTCACCGTGACCCCGATCACGATTCACTAAAAAGGGCGGGCAAGGAACGATACAAAGGACCGCACCTTCAGGTCAGGATCACTTGATTTGCTCCAGGAGTTGTTCAGAGCGATATACAATCTCCAGGTCCTTGTGTTTCGTGGCCTGTTGCAGCTGCTTCTGTGCGGCCCGACCATATTCCTCCAGCTGTTTCTGTGCCTGTTCCCGTTTCGCCCAGACCGGGTCTCCCAGTTGTGCGATCAGCTGATCAATCTGATTTTGCAGAGCGGGATCTACGTCCACCAGAATGACAATCGCAGTTCGACGCAGAACCTCTGGATAAGGTGTGATCTCCAGAGGAATACTCTTGTCGAGAAACCCCTCGTCCATGCAATACACAACCGTGGCCTGATCTTCCCGAAAAGCATACTCACTCAGAATTCGCAGCAGATGATCAACCTCTGGTTTTCCCAGTCCCTGGTCCCCCAGATACTTGCTCCAGAATTCTAAAATCCGCTGTTTTGCAACAGCCTTGGTATCAACATAGGGAACTTTGACCGGCTCCACTTTTGCTGCAGGTTTCTTAGCCGCTGCCTTTTTCTTTTTGTCTGTAGAATTACCAGGTAACAGTTGAGGCAGGGCACCGACATTTCGCAGTTGATTACCCAGAACTTTTAGCTGCTTTGCCTTTTCGGCTGCTGCTTTGACTTTAAGCTCGGCATCAGAGAGCGGGTTCACTTCATCCGGTTTCGCTTTCTCACCTGGTTTCGTTTGAGTTTGGGGAGTTTTTTTCAATAATCCCGGCACACTTTCAACCGCTGCCAGTTTCCAACTGTCCGGATCGTCAGTCGGTTGAATGATGGTCAGATGGTGCAAATCCCCTGGCTCTCGACTTTGAATCTGATATCCATCTGCGGAATGCGTCATCGTAATTTCAGGGGCATGGATAATCTCAATGTCATACAGAATGAAGCGTTCACATTTATTGTTACCGTTCACAAACAGCCGATCTGCCTTCTGCAGGGGACTCAGCCAGTGCGACTCCGGAATCTGGTAACTAAGAGAACTGGACTTCAACAGATTCTGAGAACGCCAGTAAATTCGTCGGGATTGGATCCGCGCTGTCGGCCAATGTGATAGAAACCGACCGGAGGGAAATTCCACCAGAATATCCAGGTCTTTCACTTCCGAACCCTGGAATGTAATCAGTCCCAGGGGCGTGGGTTGATCACTCTCCTCGGCATCTGCGCTCAATCGTCGTGACTGCATATATCCCGGAAGGGTAGAACGAAACAGACTGGCATCGTTCATTTTTTTACCGTGAGCTGAAACCAGATACACTCCCACATCGCGCACAGTCAGGCCAGATTCCCCCGTTTTTTGAGGCTCCGCTGCAAGACTGCTCATCGTCAGCCAGTGCCAGCAGAGACAGCAGGCAGCTACCCCGCTCAACAATACACCGTATCTGGTATGGAATGATCGTCCAAAGGAACTTTGAATAGCACGGGAATCCGGATTGAACATCTTTCTCTCACACATTTCTGGTATCGTCATTTTCTAAAGTCATTTTTATTTTTTACTCACGGCCAGCCCCTGGGGAGACGCCCGGATCAACTGAGGAGCCCCCCAGACAAACCGATCGCCGACATTCTGGTTCTTACCAAAATCTACGGTCAGTGTCAGAGTTGAACAGCCACTCACATCCACATTCAGCGGCTCCTGTTGCGTCTGACTGGTGAATTCCTGATTCTCAAACAGAGTTTTTCCATCTGCGACGATGGAAACCGCCACATTTCCTAATTCACCAGTTCCATTCTGTAAGCCAGGCGTCACGTTGAATTTTTCAAATTGCTGATCGAGTTGATATACCAATACCGTCTTCGCGTGCACACACAAGCCTTTCTTGAAGACCTGCTTTCCTATCTGCAACTCTTTTC
CP036317.1_gap25	1208851	1212725	3874	AGCAGCGACCAGACGATTCTGTTTGACCTGTTCTGCACTCAACTGCACATCATTTCGCAGGCGGGTCAGTTTCCGATCGACGGGGCGAACACTCTGCATCTCCATCAGGTGCTTCTGCAATTCGACGAGCTTCGGATCCGCAGGCCTTGGTATTTTACTGTCCGCGACTGCTTTGATCATCGACTGCAATCTGCTGTCTGATTTACTGTAATAATCGAGCAGTTTCTTTTTCTCAGCAGCATTTCGCTTCTCAGCCTGCTTCGCCAGGATGTTACGAATATCCTGGGGATGCTCATCCAGTGTGGTGGGTCCTTTGCCATTGCTGACAGACAAGCGGAAACGACCGATAGAATGTGTATTACTGTTAAAGTGCTGCTTCATCACAAAAGTCAGGATAATTCCCTGATCATCGGCAGGAACCGGTGACTGAATATCAAAACTGGCCTTGTGAGGCTTACCAATCTGCGGTGACACAGCCCAGCCTTCACCTGACGGCTTGATCTGCCCGTCAATGGCGGTTGCAATCACATAGTTACTCTGACTGAAATCAGCCTGGGAATTGAACAACTTCAATTTCTGTTTCTGTTCCGGCTTCGATTTGGGAGCAGCAAAGACTTCGAATTCGTTCAACACAAAATTCCCATCTCCCGAACGTCCCGGTCCCTTGTGGGGCAGGGAATCGTCGGTCAGCACTTCCAGTCTTACTGCGGAAAGATCTTTCAGATTCGTCTGAGCGACGATCTGGTAATCGCCTTTGCCGTTTTTCCCTTTCGCCAGAATCGACTGATCTTTCTGCAGTTCGAGGGTGGCTTCATTGGTCGCAGAAAACGATTCGGGTTTCAGCACCACCCAGTTGGTGCCTTTCGTTTCCTCTTTTTCCCAGGCAGCAATCCGACTCTGCAGCGATTTCTGGTAAGCCGTCAGTTCCTTCTGCAGTCGGGCCGTATTCTCTTTCTGCTCCTGGTTCAGCCATGCTTCACGCGGCGCGATCGCCTGCTGGAACGTGGTCACTTTCGCTTGTGCTTCTTTGATATTCTGTACCCGCTGATTTTCCTGCTGAATAATTTCAGGAGACAGACTCTTTTCATAGGCTGCCAGACGCTGCTTCAGCGCCTGATGCTCGCTTTGAATCTGCTGCTGAATCAATTTGATGCCTGCCTGTTTTTCTTCAGCAGTCGCAGGACGATTCAGTACCCGCAGAAAGATGGAATCGACCAGAACAGGATCGTCTTTCTCCTGCTGGACCAGTTTACTGAGAGCGTTATTAGGATCACTGATCGCGTTCCCGACAGTAGGCCCGCTGATCAGTGCCATCACCGGCCCCAGTTCGACGCTGGAAGACCGTTCGCATTCACAAGGGCTCTCACGCTGAGCGCGACCGAATTTTGCCAGGAAGTCGCTCTTGAGCTTGAAACCGACATCTGGAAGTTCCGCAGCCCGGGTTCCTGCTGGAACCCCTGGAATATGGGATTCAGATCCGGTCACACGACAGAGGGCGTCATAGAGCACCTCCGCGGGCAAGCGGCGCGCCTTGGCATGCGAGTAGTTAATATTGTCGTCTTCATTCCATTCGTTGGATTTGATAGACAGCTGATACGTCCGCGACTGACAGATGACTCGCATCAGGTGCCGCACATCAAAATTGTGAGACAGGAAATCCGCGGTCAGTTTATCCAGCAGTTCCGGATTGGAGGGGGGATTCCCGGCGCGAATGTCGTCAATCGGTTCAATCAAACCGGTTCCGGTCAAATAACCCCAGACGCGGTTCGCATAGGCTTTTGCGAAGTACTGATTATCACGAGAGGTCACCCAGCGTGCCAGTTTTTCACGTCTTGAAAGGTCGTCTTTCTGATCCGCCTTGAAGTCAGCAGGGTAAGGGAATTTCGGTGGTGTTTTCACGCCGGTCCGTTCGTGAATCATTTCCCCGTCCTTTTTATCAAAGACGACTTCAAACAGTGGCTTACCACTTTCGACAGCCGTCCCCCCGATATTGCGTCCTTTACTCTCAGGAGCTGCCTTCAAACCAAACTGAGCAAAAAAAGCAGACGTTTCGTAATACTGGTCCTGGGTCCAGCGTTCGAAGGGATGATCATGACATTTATTGCAGTTGAACCGGATCGCCAGGAACAGATGCGTCGTATTTTCCATTGTGTCTTCGGGAGTCCGATGAATTTTGAAATACGATGCTGCGGGGTTCGCCTTGTTGGAACCGGAAGCGGACAGAATCTCATAAGCAAATTTGTCGTAAGGCACATTGTCGGCGACGGATTTTTCAATCCAGTCGCGGAAGATCTTCGCCCCTTCTACACCCAGATATTTCCGGTTAACCTGCAGCAGGTCAGCCCATTTGTTGGTCCAGTGTTCGACATACTCGTGTGAACCCAGCAGGCGATCGATTAACTCGTTTCGCTTCACGCGTGACTCGCGTTTGTCTGCCAGGAATGTTTTGACGTCATCAATTGTCGGAGGCAGACCGGTCAGATCGATGTAGATTCGCCTGATGAATTCCGCATCGGTACACAGATCAGAAGGCTGTGTTTTTGTCTTTTTCAGTTTCTGGTCCACCAGTTCGTCGATGTAGTTATAAACGGGCTTCTGCTTCCAGGCAAATTCGGAGCGATCCCCCATCACGGTCACTGTGGTAGCTGCATATTTACCCTGGTATCTTGCCAGCAGTGGTGCTTCACCACGTCGCAGAACTTCGGCGATACCTCCATGGTGCATTTTGGCAATTTCGATATTGCTGCTGTCGATGAACGCATCACTGGTAACGTCACGAACTTCGCCATTGGAATACGTGGCCAGAACCCGGAACTGCTGCAACAGTCCCGCACGGGGAACGACCGGATTTTCCGGTACCACTTTGATACTCTCGACGCGGGCGGCGTCCCGATTCAAAGGAGAGCCTTTACTGATCCAGGAAGAGACAATCTGATAACGGGCATCGCCGGGTAGTGCGACCTGTCCCCCCTTATGGGGTACTTCGGCGATCGCTTTCAATAAGATCAGACTTTGCTCCGGTGATGCCAGATTGACGCGGCGCGACTTCAGATCATCGGTGAATGCCCGCAGGTCAAACAGATCATCGGTTCCCCGTAATGATAGTTTAAATCCGTCCTTCCCCTTGTTCGCACCGTGACAAAGTCCTGAATTACAACCCATTTTGGTAAAAGCCGGTGCCACATCCCGCCAGTAATCCGGGCTGTAATCTGCAGGGAAGGGGGCGACGTGAATCTTGGAGGTCGCCTGCTGCCCCTGCAGGTTGAAGCTGACTTCAACGGTTCCCGGCTGAAGCGCTCGTGCCAGACCAGTCGCTGAGATATGCAGGACAGGTTTCCCCTGCTGACTGACTTTCACCAGACGCGTCAGATCGGTTTTGGCTCCGGTTTTCGTATACCCCGTTACCAGAAACTGGATGGTGTCATACTTCTGAGCAATCGTTGCCTGTGCAGGTTGCACTTCGAGTTTCACGAGCGGATCAGCGCCCGAGAATGATTCGGCTGGTAACTTTTCCTGATTCAGGTCGATCACAACCAGCTTGTTTTCCTGAGGTACCGGCTTACTGACGCCCGGTTTCTGTGCCATCACAGGCTGGGACTGTTTTAACGGAACCGGTACGAAGGCCTTCTTCAATTTCCCGGTCGAAGCCTCATACAGTCGCACCTGGCCGTCCTGACCGGCAGCCGCGATCACTGCGCCTTGCGGATGATAGCAGACCGTATACAAACCCGACTCAGGGAGTTTGACTTCACTGACAACTTTTACATTATCAGTGCGACTCTCCTCAATCTTTTTCTTTTCTGCAGCACTCCGTGCCGCCACGCGTTTATTTAAGATGGCGACCAGGTCATCGGGGAATTTCTCCGGAATGTCA
CP036317.1_gap26	1224690	1228488	3798	CGCTGTACAATCAGCTCAACCTGAATCTGGACGCCACCGTGTCTCCGAATATCGGCCTGGCCAACCAGAAGGTCCCGATCTTCCGCTGCCCCAGCGACACCAACCAGGGCGTCTTTTCCGTCACCGACGGCTCCAATACCTACCAGCTTTCGTCTGCGAATTACGTGGGAGTCTTTGGGTATGGCAGCCTGACATTGGCCCCGGGGAAGCCTGAGCAGAAAGGGATTCTCTACCGGAACAGTAATGTCAGAGTCCGCGACGTCATCGATGGCACCTCGAATACGATTGTTGCCGGTGAGCGGTCGTACCAGCACCAGTTTGTGGGTGTCACGAACGTGATTCAGGCTGATTCCACCTGGTACGCGGCCATCCCCAACGTCACCCGGCCGGCAGGGATGACCATGGCTTCCATGACGGAAGGACCCGCCTCTCTGATCCTGGGACATGTCGGACAGTCGGCTCCGATGGCCATGCACCATCCGCCGAATACCACCAACCATATCGCCAACTTCTCCAGCAAGCATGAAGGGGGAGCTCACTTCCTGCTCGGCGATGGTGCGGTCCGGTTCCTCAGTGAGAATATGAGCTACCAGATCTTCCAGAACCTGGGAATGATCGCCGACGGTAACCCCATCGGCGAGTTTTAAGTCTCGGATTTCTCGATCTGAAAGTGTCTAATTCAGGGCTGGAGTCCCCCGTGGACTGCAGCCCTGATTCTTAAATTGGCCTGCAATCATCACTTAATGTTTCCGGGTACCACCGTTTTCGCTGCCTGTCAGTACCTGGTCGACAGGCAGCTATCATAGGGTAGATCTTGCGCATCCCGGGTTTCCTCTGCGGGCTGTTTCCGGGAGCAACTGTCGCATTTTTAGACAGGCTGGAAACCATAATCCTGCCAAGGGTTGAGCCACCGAATCCCCCCGCCTCCAGACGCGGGAAATACTTGTTTCAATTTTTGTAAATTCCACGCAAATTGATCGATTTATTTCTTGTATTTTCTCCCGCTTTGACATAATAATCTCGAACTTTTAAAAAAGCGTACCGATATAGGCATTACGATTCGAAATCGTCTCGAACAGTTTCATTCAAAATCGGATGCCCGTTTTTTTCAGGCACCTCAGTGGAGGGTTTATGAGTTGCATAAAGGAAGACATCTTCTCATTGATTGTCGTAATGTCTCGCGGGACATTTGTCTAAACGACCAACTGGTACTGGAAGCCATGGCACGCGGTGCAACCCGTGCTGGTGCGACTGTGATCTCACAGGTTCGATACCACTTTGGTCATAATTCTGCACCGGGCTTCACCGCAATGTGCCTTCTTGATGAAAGCCACTGCTCAGCCCACTGCTACGCCGACCTGGGCTTAATCGCTCTAGACGTCTTCACCTGCGGCGATACCGACCCGAATGACGTATTACGTTATATCCGGGAAGAAATCGATCTGGGTGACGTCAGCATTCTCGAGATGCCCCGGTTCCCCATTCCGAATGGGCAACCTGCTCTTCAGGAACCCGCCGGTTCCCACTGTGAAGCAGATCAGGTGATCGCTCTATAAATTCCCGCCCAACAGTTCCCGCCTGGAACCACTCCTGTATCTGTTAATTGCAGTTCTCGAACCGTTCCCGGTCTGGAAATCTAAAAGGCGTTGAATTACGGTATAAACATCGCATCAAGCCAGGTGCGCTTTGCTGTCTGAATTCAGGCAACAGGCGCACCTGCCTGAGCGTTGTTTGTCTCATTCTTTGCGCCCGGATATTCTCACGAAAGAAGAGTTGATTATGAGTGGAGAACGCGAGTTCCACGACGGTCGTGGTGATGGTTTAAAGCCTCTGAAAAGCCTGGACTTGTCGAGTGTCAATTCATTTGGCGAACTACTGCAGGCCATGTCGTCCACCGCTTTCTCAGGCAGACGCCTGGGGGACGCCTACGACATCCTGCTGGAAATGGCTCAGGACTCCGACTGCAAGGTCGTTCTCACACTCTCTGGCGCCATGACCGTCGCCAAGCAGGGCAGCATTATCTGTGACATGATCGACCGGGGCCTGGTCCACGCCGTCGTCGCCACCGGTGCCCTGATTGCCCACGGCCTCACCGAATCGATCGGCCTGGTCCATTACCAGTACAACCCCACCGATTCTGACGAAACACTCTACAAAAAAGGCTATAACCGGATTTACGACACCCTCGAAATGGAGTCGAATCTGAACAACGTCGAAAAGCTGGTCCGGTCGGTCCTGCGGGAAGCACAACCGGAAGACGGCGTCTGGTCCTCCGCACGGCTCTGTCGGGCACTCGGGCAGCGACTTGCTGAAATCAACGAAGGGCGGGGCATCCTCCGCAGCGCCTTCGAACAGAACGTCCCGGTCTTCATCCCTGCCTTCACCGACAGCGAAATCGGCCTCGACGTCTCCACCTGGGCCATGTCTGAACTGATCGCCAAATCAGGCAAGCCCCTGGAAGAGCTCGAACAGGAAGAAATCCTCACCGCGCTCCCCAGCTTCAATCCGTTTCTCGATCTGCAGGAATATGCCCGTCTGATGCGGGATGCCGTCACCTTCGGCATCTTCACCATCGGTGGGGGAGTCCCCCGTAACTGGGCACAGCAGGTTGCCCCCTATTACGAAATTGCCAACTACCGCCTGGGCACGGAATGGAAAGAGCCCCGCTTCCGCTACGGCATTCGCATCTGCCCGGAACCGGTTCACTGGGGGGGCCTGTCTGGCTGCACCTATTCCGAAGGGGTCAGCTGGGGCAAGTTCCTCTCTCCCCAGGATGGCGGCCGGTTCGCAGAAGTCTATTCCGATGCCACTGTTGTACTCCCACTGCTGATGAAAGCCGTCTTCGAAAAACTGGACACCTCGGCTTAGTCTGTAATTTCAGCTCCCGCGGCCCAGCGCAGTGCATTATGAAATGCGGCCCGCGGGCCGGGATAACGCTCGCAGTGCGGGCTGAACACAAACACGCGTCCCTGACCATGACTGCCCGATACAATCGCAGGCGTGTCCGTCAGGGTGCGACTCGTCTTCTTATCTTTCGGCTCCGAGCGGAACCAGGCCAGAATCTTCACGCTCTCGTCAGCCTCCTGCTGCAGACGAACCTCAACTGGACCTCCTGAAAACTTAGCCGGATGCGTTCCCTGAACCCGGATCTCATCTTTGGCCTGAAAGTCCAGCTTGACTTTTCCGATTCCCGACGAACCCGTCACATCGATGGGCAGTAGATGCAGCCTCGTCTCACTGTCAGAACTTGCCAGAAACATCCCTGCACAGATTCCCACATAGCCTCCCCCCGACTCCACAAACCGGACGATCGCCGCACGGCCTTCCGCTCCCAGTCCGCGGGCCTGCCGATTTGAAAGTCCGCCTCCCACGAGCAGGACATCAAAACGGGACAGCCCGCCCGCCTGGATATCAGTCGGCCCAATCAACGCCGTCTGAAAATCGGGCAGGGCTTCCAAAGTATGTTGAATCCACACCGGATCATGACCACTGCTGCTCACCGCACCCGGCCCCTGGTAGATCGCCACACGAATCCGACCGGCTTCACGCTCCGCCGGCATCAGTTCATCCGGCGAACTGTCTGGAGGACGCAGCTGTAGCTGCTTCAGCAACGCATGCACGGCGGCCCTCTGCTGTCGGGTCCGGTACCATTCCCGCCGTTCACGCGGATCCTTGGCAGACGTCACAACCACGATTCGGGATGCTTTCTCAGTCGCCAGATCCTCTACCAGCCGGGATTCCCAGCGGGGCTCTTCGCCTGTCCCCGCTTTTTGAGCCGCTACCGCCATTGAAACCAGC
CP036317.1_gap27	1358865	1361691	2826	CCGTCGTCACACACACCACCGGTCACGATATAGTCTGCATGCACGGCTCCGGTAACCCAGGGAACGAAACCATCCAGAACCCAGCCTCCCTCAACCTGTCGGGCACCGACGGTCGGCTTTTTCAGATGCTGGCGGGACGTAGTCAGATGTGAAATCCCCACCGTGGCAAACTTCGCACCGCTGACCAGTTCTTGAAAGACAGTGGTCTTGAAATCAGTATCGGCCGACCAGTTGATCCGCTGACAGGCTGCGTTGAACTGGGTCAGTACGAATGTCGTCGTCAGACAGGCTTCTGCCAGCCGGATGTAGCCGTAGGTCATTTCGATCGAATCAAAGTCGGCCCCACCGAATTCGACAGGAACATTCCAACCCAGCACTCCCGCCTCTTTGAGGGCCTCCCACGCATCAGCAGGCCAGTTCAGCTCTGCACCTTCGCGTTCAGCCAGCCGGGTCAACACGGTGATCAGCTGGTCAAATTCCTCAGTAAACCGTGAGGGCGGATTTCCGTTCGATAACTCTGCAGACATCAGACGACTCGTATTTGAATGTAAAATAGTGATAGACGATGTCTCTCATTTTATAAAAAAAGCCTCATACCCGAAAGTATGAGGCTGATTTCGTCTCCCGCAGACTGCAGGATCTCGCATGCTGCAGCGGAATCAGTTACAGGTCGAACAGGCTGGTTCACAGACCTGAACCAGTACTTTTTTCGGCACACACCGGCAGACCTGAACCGGAACTTCTTTTTCGACGGTGTAGGGGATACAGACCGTGTAGGACTGTTGCACCACACGGGGAACCCGCTTGCAGACGGTCACTTTGCGAGTGCAGGTTCGCTGCTCGGGCACACAGACCGTGTAGTTCACCTGGCGTGTCTTTTCCTCTTTCACGAAGGAGCAGACTTTCACATCACAGGTGCGGGTTTCCTGGCGGCAGAGCTTGACCTTGTAGGTAAACTGCTGAGGCACACATTTGACATCGCAGACTTTGACAGTCCGTGTCCGTGTCTCAGGCCGACAGAGTTGAACCATGTAAGTATATTTTTCCGGCACACAGACGGTCTCACAAACCTGGACTGTCCGAGTCCGTTTTTCCAGTTTGCAGAGTTGTACTTCATAGGTATAAGGCACCTGCTCGCACTGCTGCTGGTAGGAATTGTATTCGACTTTCTTCTGGACCATCTTGGGAACCCAGACCCGCTGTGTGCAGACGGGAGTACAGGCCGGCTGACAACAGTCGCCACAGGTTCCACAATTGCCGCAGGCGGGGGCAGGGCAACAGGTCTCAATCGGACGGTCTTCCCAGTGTCCCTGATCTTCACAGACAGTCCGATACCGCTTGATCGGTACGCACTTCATGACGGTCCGCATGCAGGTCCGCTTTTCGGTATAAGGCACGTTAACAGTGTAATCCTGCTGGACATCTTGGGTAACGACCTTCTGCACCATCCGGGTGGCGGTACATTGCTTTGTGTAAGGCACATTCACCGTGTATTCCTGCTCGACGTCCTTCCAGAACCGTTGCTCGACCATGCGGGTACCAGTGCGGTTTTCATAGTAGGGGACGTTAACCGTGTACGATTTCTGCGACGTTTTCCAGATCGGCTTGCAGACCACATACTTCTCAGTCCGGGTGCGGACTTCAGGCACGTACGCCGTATAGGTCTGAGTCACTTCCTGGACTTCCGGCACGTTGTCATAAATGGTGACATCGCGCTGACGGGTTTCCGTCCGGTAAGCGGTGCAGTGCACTTTGCGGGTTTCGGTCACCATCTCCGGTACCATCACGGTGCGTTCCACCGTTTTGCAGGCGGGTTGACAGGTGATCGTCGCACAAGGGTCGCATCCGCTCACACAAGGAGCAGAACTCACACAACACAACTGCAATCGACACTTACCTGCCTCAACTGCAGTGGTCATCATCATGATGGCTGCAGCAACACATGCGAATTTGAGTATCGATTTCACCATTCCTCCCCTTTCAATCGTTGGTCTGTCATCGTTGTTCTAAAAATCAACGTATCCGCAAATTCAGATCTCTCTGGACTCGATTTCTCTGAATTTTGAAAACATTTGTACGCGCACCTAGGATACCATGTTAATATAGGAATTCTACAGAAAATATCAATTATAACAAAAAACTAACAATCAGTAATAACTTACGGCCTCCCACTCCATGTCTACCTATTTGACCACTATCACCGGTTCCCGGGCCTGCCAGCTCTTGATTCTGGGGAGCATGCTCTTTTGTACCGGTACCTCAAAAGCAGCTGACAACCAGAAACTGGCGCCACACACGCGCATTGTCACTGCCAGGGAGGCGGATCTGAAAACGGGTGCGGGTATCAAACAGAAACTCAATCCCGGTGAAGTCGTTCTGGTCACCGAAAAAAACCAGGAATGGCTCTGGGTTCCCCTGCTGGGGGGATGGGTCAGGGAGAGCGATGTCCGAATCCCAAAGGATCTGGTGACTTACCTGGACAAAGCCATCAACGAAAAACCGACCGTGGAACGGTACCAGTTAAGAGCGATCGCCCGACAGGAATTAAAACAATACGAGGCAGCTCTGGCTGATGTGGAAGCGGCATTGAAACTGAACCCGGACAACGCCCATCTGTATATTAACCGGGCCAGTATCAGACGTTTACAGCAGGAGAGCCGGCTGGCCCTGGAAGATCTGAATCACGCAATCGAACTGTCACCACACAGCGAGCACGCCTATCAGTTAAGGGGCATGCTCTATCTGGAAGACCATCAGCCCCAGTACGCGATCAGGGATTTCGATCAGGCTGTCAAATTGAACCCCAGGTCGGTCAATGCCCTCAAT
CP036317.1_gap28	1365312	1366377	1065	ACAGGCCCCGGGGCGTCTGGATCCACTTGTCGTCGACGGCCCGCGAAACGGTTGTCACGTGCACGCCCACTACATCTGCAATCTGCTGCATTTTGAGGGGCACAATGTATTCCGGACCGTTATCGAGAAAGTCGGTCTGAAAATCGACAATCGCCTGCGCCACCCGTTTCAAGGTACTGTGCCGCTGTTCGATGGCTTCAATCAGCCACTTCGCAGCGTCGATCTTTTTCTTGATGTAATCTTTGGTCTGATCGTCAGTCTTATTGCGGAGCAACTGGGCATAGCGTCGGCTGATGCGCAGAGGCGGCGTATACTCGTTTTCGAGTTCGACCACATATTTGCCGTTTTCATCCCGTTTGACAAACACATCCGGGGTGACTTTCAGTACCGGCTCCGATTCAAATCCGCGACCTGGAAATGGATCCAGATACCGCAGATAGGACATCGCATTTTTGATGGTTTCGATTGAATAGCCGGTTTTACGCTGAATGACCGGCAGGCGGTTCTGCCCCAGGTCTTCCAGATGCGAGGTAATCAGGGTGACCAGCACATCGCGATAGGGAGCGTCCGGCTTGAGTTGCAGCAGCAGGCATTCTTTCAGATCCCGGGCCCCGACGCCCGGAGGATCGCATTTCTGGATCAGATGCAGGGCGGTTTCGGCTTCTTCCTGCGAAATCGGTTTCCCGTAGACCTGCACGACTTCAGCCAGTGAACTCTGCAGGCGACCGTTGTGATCCAGGTTCTGAATCAGGTATTCACCGAACTCCTTGATTTCAGGAGAACAGGAAAAGTAGTGGAACTGTTCCAGCAGATACTCATTGATGGTCTGCTGCCGTTCCGAAATATTGGCCACCGCATCATTATTGCGTTCGATGTCTTCGCTGATCCGGTTGGAGGAAGGCTTGGTCGCGGAAGTCACATTGTCTTCCGGCCACTGTTCGGCCATCTCCAGCAGCCGCTCAAAATCAGACTCGTTGTTCGTCTCACTGCCGGCGACCATCTCTTTTTCATCGAGCTGGTAACTGTTGGCATCCTCATCGGCCTGATTCTTCATCAGCTCGGTTT
CP036317.1_gap29	1369981	1372301	2320	CTGCTGGAAGAGTGCTTCGGGAATATCGGAACCAAAGAAGAGAAACTACACGCCTGGGCTCATCTCGATCGAAAGTCTGCATTCCAACAGGCCGATGAGCTCGACGAAGAACTCAAACGGGGTGTCTGGCGGGGTCCCCTGCATGGCATCCCCGTAGGAATCAAAGACATCATCGACGTCAAAGGGATGCCGACCCGTGCCGCCCTGGAATCACGCGACGACACGCCTGCGAAACAGGACGCGATGGCCGTTGCCAACCTGCGTCTCGAAGGAGCGATCTTTCCCGGCAAAACGGTGACAACTCAGCTCGCCTGTTTCGATCCGCCTCCCACGCGCAATCCCTGGAATCAGGAACACACGCCGGGAGGCTCCTCAAGCGGTTCTGCCGCAGCGGTCGCCGCTGGTATGTGTCTGGCTGCGGTGGGTACTCAGACCGGAGGATCCATCATTCGTCCCGCCGCCTTTTGTGGGATCGCTGGATTAAAATCAACATTCGGCATGGTCGATCGGCACGGGGTGGTCCTGCTTTCCGACCATCTGGATCATGTCGGCCCCCTGGCGCAAACGGTTGTGGATCTGGTGATCATGCTGGATTGCATGACCGACCAGGCAACTTATCTGCCATTGTTAATCGAACCGGTAACTGAACCGCCGCGCATCGGCTGGCTGTCAGGGTTCTTCTCAGCCCGTGCCGAACCTGAAATGCAACAGGCGCTCACGATGGTCTCTGATGAACTGAACGCCGCGGATGCCCCCATTCGGGAATGTCCGCTCCCGGCTGAATTCGACTCGATCCTGGAAGAACACCTCGCCCTGATGGAGTATGAAATGTTTCAGGGACTGAGTACGGATTACGAGCAGAACCGGGACTACTATGGCCCCGCGATCAGCAAGGTCCTCGAAGAGGGCAGGTGGGTGACGCCGGAACGCTATCAGGCCAGTCTGGATTATCAGACCCAGATCAACCAGATCATGCGGCGGTGCTTTGCCCGTGCCGAAATCCTGATTTCCCCGGCGACCTGTGGAACAGCCCCGGATCTCTCCACTACCGGCAATCCAAGCATGAATGCCCCTTGGAGCCTGATCGGCTTTCCCACCATCACGATTCCCGTCGCCGTCAGCGAGACCGGGCTGCCATTGGGAATTCAGATCATAGGCCACCCTGATAAATTCGACGATTTTCTTAAAGCCGCCCAGTGGTGCGAAAATATCTTACGCCCGGGTTATCTGGAACAGATCTCGTAAGAGTGGCCATTCGATCTCTTTTACTTATGAGGGTGGGACCGAATTTCATTCGGGGTACCCAGGGATATTGAATCGCGGGTAGGGTGCGGCCCTGTGTGGCCGCCCGCCTGGCAGAGAACCATTCAAAATGACTCTGCGAATGGTACTAGTTTAGACTTAGCAGGACGCTGCGCGCCCTGTCGAGTCCCGGCCCTGAATCCCATACAAAATTGCAGGCGTTCTGAATGTTTCAATAAAAAAAGCCCCGACCGGCGTTGACCAGTCAGGGCTTTTGAATCTGCTTTAACAGCACTTTTTATTTGGTAACCACGATTCCATTCTTGCCGGGTTCCGGATCGATTTCCGGTTCGGCATTCTTCTGAGGAATGCGGTCATTCACATCGTATGCCTGCCCAATGGCCCGCAGAGCTTTGATGGACCACCAGGTAATGTCGAATTCCCATTTGCGGTGACCGGCGGGTGCCACGGAAGGATGAGCGTGGTGATTGTTGTGCCAGCCCTCGCCGTAAGCCACGATTGCCACCCACCAGAGGTTCTTGGACTGGTCAGTAGTTTCATAGTTGCGGTAACCCCACAGGTGCGTCGCGGAATTCACGAACCAGGTTGAGTTGTACACGAAGGCCATCCGGGCACACAGGCCCCAGAGTAGCATTGACCAGGCCATATACATGCCGCCCATCGCGTAACCTACGCCGAACAGAGCAAAACCGGAACCGATCAGCCAGAGTCCATAGGTCTTTTCAAAGAACTGCAGAATCTTCCGGTCTTTCATATCGGGCACATAGTGCTCGTAGAACTTCTGGTTGACTTCCTTGCTGCGATACACGAACAACCAGAGCAGGTGCGACCAGAACGTTCCCTCAAAAGGGGAGTGCGGGTCTCCCTGCTTGTCTGATTTCTGGTGATGCAGACGATGGGTAGCGGCCCAGGTCAGGGGAGAGCCTTCGCCCGAGAGTACGCCGCAGAGCAGTACTAAGAATTCAGCAGGTGCACGCAGCTTCATGGATTTGTGTGACAGGTAGCGGTGGTAGCCCAGGCAGATACCGATGCTGGCAGTTGCCCAGTGCAGGACCAG
CP036317.1_gap30	1447756	1449480	1724	TGATACCAGTGGCAGAACCCGACTTTCCCGCAGAACGGGGAGCTGATTCCAGATGTCACGTCAGTTGTAAGTATCTGCAGTAATCTATGCATTCATCCTCAGGAAACAGTCATGCACAGAGAACGACTCCTGACGTTTCTGGTGAACGCGCCAGCTGTACGCGCTGTCCCGTTCGGCTGAAATGGAGGGGAGCAGGGCGGTTGTAGCGGTTCTCAGATCACAGTCCCCCGGGAACCGCCCCGCAGGTCCTGCAATCTTTGCGCAAAGCGAAAAACAGGACGCATCACACCGCTGTCAGACTGAAAATATAGACATTTTGCACAACTTATATGATTTACTTCCGCTATTTTTCGTGGTACATTCACCACAGAAGGCCGCCGGTGAGCCACGCTCCTGCAGCGGCTCCTGCCCGATATTATCCCTGAAAAACGTTATTATCCCTGGAATCTCCCCGATCATGAATTTCTCGTTACGTCTGTCTTTGTGTGTACTTCTAATCACTGTCCTAAGTTGCCTCTCTGGTTGCAATCAGTCATCAGATACGGCCGACTCCGGCAATGACGCTTCTACTGAAGTCGCCGGTTCTAAAGAACTCGAGTCGCCAGAAGAGCTGCTGAAAAAAGTCGAACAGGCAATCGAAGTCGCTCAACAGAAATACCTCGAATCAGAAAAACATTCTCCGTGGGAGATTTTTCACGGCATCCTGGCCTTCCGGAAGGACTACCAGATCCAGAAGGACGGTAAGAATGTCAACGCCCTGGAGTGGATCGCTTCCGGTATCACCTTTGAAGACGAACCCTGGTTCCAGAAGACCGAGTTCGGCGGTCGCCCTCATCCCTACACCAGAGAGAACGCGTTCGAAGGTCACAAAAATCAGTCCCTCGCAATCCTGGCGATGGCCGACGTCCCGCTGGATTACAAATTCCAGACTCCCGATGGTCCGATCACCGTGGCCGACATGGTCGAAAATGCCAAGAAAGAGATGCAGGAAAACGAAGAGGTCACCTGGTCTCTCTGGGCTCTGGTCCACTATCTGGGACCGGACGCCGTCTGGTACGACAAAAAAGGGGAAGAGTGGCGGATGTCAGACCTGGTTTACATGCAGAATAATACAATCACCAATGAATCCCCCTGCGGCGGCACGCACGCGTTATTTGCACTCGCCTACGCACGAAACACCTATCGCAACGCAGGGCACCGCCTGTCGAGCTACTGGCTGGAAGCAGATCAGAAACTACAGCGCTACATTGAAGAAGCCAAAGCAATGCAGAACCTGGACGGTTCCTTCTCCTACGATTACTTCTTCCAGAAGAGTGCCTGTGAAAACTTCCAGGAACGTCTGGAAACAACAGGGCATACACTGGAATTCCTGATGATGGCGCTGCCTGACGACCGTCTCAATGAAGAATGGGTTCGCAAAGCGGTTTCGCTGCTGGCCAACGATATCATCGACAACAAAGGCGAAAAAGTGAATTATTCCGCCCTGTATCATGCCATCGATGGGCTGGTCATTTACCGCAACCGAATGGATCCCAATCGGACCGCACAGCTGGAAAGCAAAAGCTACCAGGCACCGGAGGAGAGTGAAGCAGCTGTGAAGGACGTCAAAGTTCTCAAGCCAGTCACGCCTCCCGCACCAGCGGCCCCCGCAATACCTCCAACGCCGAAGAATTAAACCGCGATTCGCTTATTCCTGGGGAGTTTCGGATTCGCCTGCTTGAGAC
CP036317.1_gap31	1450490	1452035	1545	TGAACTGCTGGTGGTGATTGCGATCATCGCCATCCTGATTGCTTTACTGCTCCCCGCAGTCCAGCAGGCACGCGAAGCAGCACGACGCTCAACCTGTAAGAACAACCTGAAACAACTGGGACTGGCTCTGCACAACTATAACGAAACGTTCGGTGTACTGCCTTACTCGGTTTCTCACTCCGGTTCCTGCAGCAGTGGTTCTGCCAGCACTGGGAGTACCGTGACTCTGAACCACCGTGGCTGGCTGCTGCTGTTACCCTACCTGGAACAGAGTGCCTTGTACAACAAATTCAACGCCAGCCTCGCTTCGGGTTCCTACAATCCCTCGGGTGGTTCGATCGTTGCCCCGGGCGCCTCAGGCAATCCCAATGATGTCGTGGTCTCCACCAAAGTCCCGGTCTTTCTCTGTCCGTCTGATGCAACTCCTGAAGTTTATGGAACCACTTCCAGCCCGCATTATTCCATTTCCCCCGGGAACTCGAGCCTGCTGGGTGTCTTCACTAACTATGATTTCAGCACCAACAGCCAATATTCATCCTGTACCAACTGGGGTGAACTGAGTGTCACAAGTCGTCCCATGTTTGGTTTCAATGGTTGCGCCAAGTTCCGCGATGTCACAGACGGAATGAGCAACACCGTGGCCGTCGTGGAAACCACACGCCTGGTTGCCAACGGAGAAGGGACGGCCTGGGGCTTTGCCAAGTGGGTTGGTAACGGCACCAACTTCGCCGGCGCAAACATCAACACTTTTTATTCTACCGGACCGATCGGCAACCTCGCTTCCTGGGGTTACTCGGGAAGTCTCCACACCGGTGGTTGTCATGTCCTGCTGGGGGATGGTGGCGTCCGCTTCATCAGTCAGAATATTGATGCCACGACCCGCGTCTATCTGTCTTACATCGCTGACGGCAAAGTCCTCGGCGAATTCTAAATCTTTCGCACTGATTTTTCCCTCTCAGCCGGCGACTCTCACATCGCCGGCTGAGAATTCACCTGAAAACTATTCGAAACTGAATCCCATGGCTTCCAGATTTTTTTGCGTGCTGTCACTGTTATTCCTGACTGCCTGCGGCAGTGCCGATGAAAAACGTGATGAACTGAAAACGTTCCCGACCTGGGGAACCGTAAAGATTAAAGGCAAAACGGTACCAGGCATCTCTGTCGTTTTCTTTCCGGAAGGACAGACCAGCGGGCAGGGGGGACGCGGCACCACCGATGAATCGGGACAGTTCATCTTGAGATATCAGGACGGACGCGACGGCGTACCTCCCGGGAGCTACCGCGTGCTGTTTGAACATTTTGTGATGCCTGACGGCTCCAAAGTTCCCGAAAGTGAATTCCCCGCGGACGTCGGTGCCATCAATCAGCTGCCTCACAAATTCAGCGACTTCGGCACCTCTCCCTTCAAAGCCACCGTACCGGAAGGGGGCACGGCAGATCTGGAATTCGATCTGAAATAACGACGACGCGCGAGTGTAGTGTCGGGGAATCCCGACCTACTTTTTCTGCCCCAGCTGATTCTGCATCAGCCAGTATTCAAAGAAA
CP036317.1_gap32	1454241	1456569	2328	AACTCACGGGGAATGACTCATAATCCCGCCGCGATTTGCTGTCAAACATCGAAACACAGAGCCTTCACCAAATGAGGAATGGCTCTGTGTTTTTTATTGCATAAACTGTTTCGCATCCAGTCGCGGGTCCGACAAATCCAGGCGATACATGATCTGGTTGTAATCGTAGCGGAGCGTTTTCACTTTGTTTCCGGAAAACAGCGTGGTGTAGGTCCCCTCGAAATAAATCAGGCGCCCGTTCTCCCGGGCAAACAGCGGGTGCTGCTTCGGGTTGTAAAAGCTGTACCTTTCGTGCGTCACAATCTTACGGCCCCACTTCCAGGGACCGAGTGGGCTGTCGGCCTCCGCATACCAGATCTCCCCCAGCATCGAAGTCCCGTCCTTCTGTGAGGCGATCATCGTCCATTTGTTCCGGTAGGCATTCCAGGCAACCGAGCTGTTGTGAATCTGCACGACCTGCTTCGTTTCAATATCTCGAAATAGTGAATAGGCTTCCTCTGCTGCTATTTTTCCCTGCTGAACCAGCTTCCGCTCCAGATCCGTGTTCAAAGGGGGCACATGCTTTCTCCACGCGTATGCTAAAGCTCCCTGTGTGTCACGTTCGACAGTCCAGTCCTCATTCCCCGAACCCGGTTTTAAATAGGAATACGTTGCATACTCGGAAAGATCCGCCAGTGCAGTCGGAATGGCCGGCACCCGAATCAGCGGATAGGACAGCCCGAACAGAATATATTCCGTCCCCGCCATCTCATAACGCACGGGATGCCCCACCGGGTAGAGCGGGGCGTCGAAGTCGAATACTTTCCGTTTTTCAAACTGATTTTTGTCTGCATTGAATTCCACCAGCCCCCGCTCGTAAACTGTCAGCGGAGCTTTCACTTTCACATATTTCGCAAACAAACGTTCCTGTCCCGATGTATCTTTCAACGTCACCAGCGCATCAATCCATGTCGGCCCTGCACCCGGCATCTCGCAGGTCTTTTTCGCAAAGCCACTCTCATCGACGAAATAATCCAGGTTCACTCCCCGCTCGATCGGCAGACCTCCCTTGTCGGGCAAATCGGAAACGGCCCCCGGCACCTGAAAGTTCCCCAGCGGATAGCTCGGACGATTCGTGTCGCCCCAGAACCAGTAGACCCGCCCTCGAAACAGGGCATTCTGCACACTGTCCGATCCCAGCACCTGTGCATTGAGCAACGGCTTCTGCAAAGGAACCGGCTCACCGGTCAGTAGACTGTCCCGATAGATCCCGCCCCCGGTGACGCGATACAGTCGCTCTGCCAGATTGACGCGCTTCATTTTCAGAACCGCTTTTCCCCCCGGCGTGACCTGCAGTTTTTTCCCCCGATATCCAAAGCCATCCGCATGATACTCGTATCCATGACTGCGAATTCGAAAATAGACTTCCTGATTGATCAGCCCCGGTTCATTTACGGCAGCGATCCCGTTACTGTCCGTCACATACAAGATCTGATTAACGGTCTCTAACTCGACCAGGGGAATCCCCCGTTTCGTTTCCGCATCGATCACGCGAATCTGAAAATAGTCCCCCGCCGGCAGGCACTGCGGCACACTGCACCAGACGATCCACAGCAGACACAGTGATTTCCACATGTAACGCGCTCCCGTTTTTCTCGCTTTCATTTTTATTCCCCGAACATCAGCTCTTTCGTCCGGTCTCACTTCCGATATACTAAATAAGATAAAGTAAATGAGTACCGAATGGACCGTCTCACTGATGGTTCACTCATCTTAAACGATCCTCCCTGAAAATCTCATCTGATATTTTGAAATTCATCCCCATGCATCGACGACGCTTTCTACAACAGTGCGGCTTCTATGGTTCCGGTATCTTCAGTCTTGGATTTCTAGAGGCCATGCGGTCCCGCAGCTGTGCGGCCACGGCACCGCGCGAACTGAAAGCGGACATCGTGATCATCGGGGGTGGCCTGGGTGGTTGTGCCTCAGCCTTAGCCGCCTGCCGGAACGGAGCCTCCGTCATTCTCACTGAACCCACTGACTGGATCGGCGGACAGATCTCGCAGCAGGCGGTTCCCCCGGATGAGCACAAGTGGATTGAATCGTTTGGGCGCACGCAGTCCTACGCTCAGTTGAGGACGCTGATCCGCGACTATTACAAACAGCATTACCCCTTAACCAGTAAAGCCAGCCAGACCGCCAATCTCAATCCGGGCAATGGTTCGGTCTCCCGCATCTGTCATGAACCGAAGGTCGGCATTGCGGCCCTGCAGTCGATGCTTGCGCCCCACATCAGCAGCGGTCAACTGACACTGCTCGTCAACACACTACCAGTTTCAGCCAGTTGCA
CP036317.1_gap33	1482471	1485553	3082	TCTGGCCCGCATCGCCACCCCCGGCTTGCTCTTCAAGTCCGAAGCGATCGTGCATCCCGACGATGTCGTCAAATACATCAGCGAGCATGAGTGCCAGATTTCCTACAACCCGACGCTGATGGCGCTCCTCTGGGAATCGCTGGCCACCCGCAAAGTCAATCTGCTGGTGCAGACACTCCGCCACCGTTATCGACTGCCTCGCAACACCGCCTGGGTCAACTACCTCCGCTGCCACGATGATATCGGTTGGACCTTCGACGATGCCGACGCACAGGCAATCGGCATCAACGCCTACGATCACCGCAAATTTCTCAACGATTTCTACACCGGTCAGTTTCCGGGCTCTTTCGCACGCGGTGTTCCCTTTCAGGAAAACTTCGAAACCGGCGACATGCGGATCTCGGGCACTATGGCTTCGCTCGCCGGTCTGGAACAGGCCATCGAGGAAGACGACGAGGAAAAGAAAGAACTGGCCCTCCGCCGGATGCTGCTTCTGCACGGCGTCTCTTTGAGCATCGGCGGGATTCCGCTGCTCTATCTCGGGGAAGAGTGGGGGATGCTCAACGATTACGATTTCGTCAAAGATCCCGCCAAGGCTGGCGATTCGCGCTGGATCCATCGCCCCAAAATGAAATGGGAGTTCCTGGAAGAACTCGACGACCACCGCAACGCGGGCAACGGATCCATCCGCACTCACATTTACTGCACCACCCAGAAACTGATTGCGCTCCGCAAATCGCTGCCCGCCTTGGCTGGTCAGGAAATGGACCTCATCGCCACCGCCAACGAGCATGTGCTCGGCTACATCCGCTTCAATGAAGGGAATCGCCTGATCGTGCTGGCCAATTTCTCGGAAGAGCCTCAGGAAATTGAAGGCAATAAAATCCGGACCGCTGGCCTCGGGCGATTCTTCCAGGATATGATCGACGATAAAACCTACGCGACCTCGGAGAAACTGGTGCTCGCGCCCTACCAGATCCTCTGGCTTAATCGCGTCTAACCGACGGAGCGTCCCATGTCTCGCGCAGACAATCCGCTGACAGATCCCGCTGGTCAGATTCTGGCCACCGATCTGGATGGCACCTTTATCCCTCTGCATAACGATCCTCAGAACAAAGCCGATCTGCAGACACTCACCGCCGAATTTCAGGCACGCAATGTCTCTGTCGTCTTCGTCACGGGGCGGCACTTCGCTTCCGTCATGCAGGCAATCGAAGAGTTCGAACTTCCAGTCCCCCAGTGGATCATCTGCGATGTCGGCACATCCATCTTTCAGCGTCAGCCCACAGGCGAATTCGTGCCGGTCGCCGCGTATCAGGATTACCAGGACCAGATCATCGCCTCCCTGCCAATCGACGCCCTCCGCGAACAACTGCTGCCAATCTCCGGATTAAGACTTCAGGAACCGGAAAAGCAGGGACGATTCAAACTCAGCTTCTATACAGACGCCTCACAACTCGCGGAGCAGGTCGACCTGGTTCAACAGGTCCTCGACCGGACCGACGCCCCGTATTCGATTATTCACAGCGTCGATCCCTTTAACGGGGATGGCCTGATCGACCTGCTGCCCGCCACCGTCTCCAAGGCACTCGCCCTCGAGTGGTGGCACCAGGAAAATCAGCTCGATCCCACCAGCACCGTCTTCTCCGGCGACTCGGGGAATGATCTCGCCGCACTCACCGCCGGCTACCGCACGATTCTGGTGGGAAATGCCGACCGCGGCCTGGCACAGCGGGTCTATAATCTGCACCGTCAGTCCGGCTGGAAAGACCGCCTCTATCTCGCCTCAGGCACCGCCACCTCTGCTGTTCTGGAAGGTTGTCGCTGGTTTGGTCTCGCTGCACCGGAAACAACAGAAATCACACGACCGGGTGCCACACCTGTGACTTCTGATGCAACGCACTTCCGTGTCTGGGCTCCAGATTGTAAGCAGGTCCATGTCGAAATCAAGACCGATCACAACACGATCTCCCACGCACTGGTGCGCGATCATCAGGGATACTTTTCCGCCACCATTCCCCAGGCCCGCGCCAACACCTGCTACCAGTATCGGCTTGATGGAGAAAACACGCGCCCCGACCCCGCCACGCGTTACCAGCCCCAGGGAGTCCACAGCGTCTCGCAGATCATCGATCCCCGCGATTTTCCCTGGACCGATCAAAGCTGGCAGGGCATTGAGAAACGTGACCTCGTCATTTACGAACTCCACATTGGCACCTTCACCCAGGGAGGCACGTTCCGCGCTGCCATCGAACGGCTCCCCGAACTGATCGAACTCGGCATCACCGCGGTCGAAATCATGCCTGTCGCCCAGTCGCCCGGTCGCTGGAACTGGGGCTACGACGGCGTCGATCTGTTCGCGGTCCGCAACACCTATGGATCTGCGGATGACTTCCGCGCTTTCGTCGATGAATGCCACCGTTCCGGCCTGGCTGTCATTGTGGATGTCGTTTACAACCACCTCGGTCCCGAAGGCAACTACCTCTCCGAATTCGGTCCCTATTTTTCTGACAGACATCACACTCCCTGGGGAGATGCCTTCAACTATGACGGCCCCGAATCGGAACACGTCCGGCAGTTCATCGTCGATAACGCCGTCTACTGGCTCGAAGACTTCCACCTCGACGGCCTCCGCCTCGACGCCGTGCACTGCATGTACGACGACAGCCGCCCCGACATTCTCGACGCGATCCGCCAGGGCGTATCCCGGCACGCGGAATCAGTCCCTTGGCCCGTGCACCTTTTCGCCGAAACCAATGTCTACAACCACGAACTGCTTACCGCAGACCAGAATCGGGCCCCCTATGACGGCATCTGGTGCGACTGCCTGATGTACTCGATCTACTCCCACGCGCTGCCCGAACTCTCAATCACACACCGCCAGTACTATGGGACTGCCGATCTGGTGGAAACACTGGCTCACGGCTATGTCTTCGCCGGCAAAGACTCAGAGCGCGTGACCGATAACCAGCGTGCCAGTCAACATTTCGAATCGCTGGTCGTCGCCATCCAGACCCACGACAGTGTCGGCAATCACCCGCATGGCAAACGGATTCACCAGTTGACTTCCAAGGCATTCCAG
CP036317.1_gap34	1487439	1490497	3058	GGTCGCTCCCAGCGAACGCGCAAACTCGATCGTTGCGGGGGACATGGTGAACTGGGTGTAAATCATCGCCATACAGCCGGCGGCGATCAGCGCACGTTGTGCTGTTTTCAGAGACCACACAGTAGATCTATCCTAGAAAAGTTATCACCTCGAAGCGCACTCCTCACCAGGAGCCGCCCGCCTGTTGAGCTCTTAACAGAATCCAGAACTGCGTTTCCCTCACACTGGTTATTAAGGTGTTGAGAACGTATGGGAGTGCAGGGGAGAACCCCAGGTTGAGGATATCGCTCGTGTCTTCGTGGTGCTGTCGACCAACAGGCAGGCAGCGCATCATAGCACTCACCCTGATTCTTTGCGACCGAGATTTTTTCCGTTTTCACAGTTCTTTACAAATCCTGAAATCAAGCAGTATTAGTACGAAACCATCTCACCGTGTGACACTGTCGGCTTGCCCGGCAGTGAAAATCAGGAGCGTCTCCTGGGGCTCTTTTGAATGAAAAGCCCTATCGACATATAGGGAATTCTAACGATCGGCTCCGCCGGGAACAGATGAATATTTACCCTGATTCTCCACAACCCGGTCGAAAAACACGCAGACCACCCACAAACTGTCATTCCCTCTCCTGTACGACTACAATAGACACAACCGGGAACCACCAGGATCGCCCAAATCGACCAGAGAAAGAGCCCCACATGCGACCTTCATACCGAGCCGGACTGTTGCTGGTCCTGTTACTGATCTCAGCCCCCACCAGGAGTTTCGCCGTGGAATCGATTCAGCGACTCAACGACATTCAGTACGCCACCACCGACCAGCAGCGTCTGCTCCTCGATCTCTATCTGCCCGAAGGCGTCAAACAACCTCCGCTGCTGGTCTGGATCCACGGCGGCGCCTGGCGTGCCGGCTCAAAAGCAAACATGCCGCTCACCGAACTGGTCGAACACGGTTTCGCGGTCGCCAGCGTCGAATACCGGCTCTCCCCTGTCGCCCGCTTCCCGGCCCAGATCCACGATATCAAAGCCGCCATCCGCTTCCTCCGGGGCTCAGCAGACAAGTATGGCTTCAACGCGGACAAAATCGGCATCCTCGGGTCCTCCGCCGGCGGTCACCTCGTCGCTTTGATGGGTGTCACCAACGGCAATGCCCAACTGGAAGGGGATCTCGGCGACTTCGATCAGGAATCTTCCCGCATCGATGCCATCGTCGACTATTACGGCCCCACCAACTTTATGACGATCCTCCCGCAATCCACGCCGCACGGCTTGAGCGTTCGCGTTCCCGCACTGCAGCTTTTGCTCGGCGATCGTCCGGAAAACAGACCGGAACTGGCTAAACTCGCCAGCCCCGTCTTCCACGTCGACGATAAAGACCCGCCGCTACTGATGATCCACGGCGACCAGGATCCGCAGGTCCCCATCAACCAGTCCCACGAACTGCACGGCAAATACAAACAGCACAGCCTGGACGTCACCTTCGAAGTCATCCACGGCGGCGCCCATGGCGGGCCACAGTTCTTCGACGCCAAACGAATGCAACTGGTCGAAGCCTTTCTGCGAAAACATCTTACCAGTCAACCGGCACCGAAGCAGAAAGCACTGCAGTCGAACTGATCGCCGCCGTTATTCTCCCCTCAGTTTGACTATTCCCCCAGACTGGATACACCCGGCAAATCTGCCGAAATAAGACTATAGTGCGCTGTATCTTTCCGGTCTGATCTTTGCTTCGCAGCGTGAACGGGGAATGTAACGTTGCGGTTGAATTCTGTCCTCCATTTGATCTTTCTGATACTGGTTCTGTCTGGTCCCCGGGCGGTCCTTGCTCAGACCTGCGCTGAGGAACCCCCGCTGGAATCTCTGGACTGCATTCCCATCACGCAGTCGGCAGACGACCCAACGCTCATCCCCGACTGGTTTGATTCCGAAAGCGGTATCTCGGTCACTCCCGTCTATTACGGTGAAGTCTTCACCAACGCGCACGGCGGAATCGCTACGGACGGCTCGACTCAGTACGAAGGCCTGCTCAACCTCTCGGTCGATCTCGATTTCGAAAAAATGAAGCTCGACATCCCCGGCCGGGCTTCCATCCTCTTTCAGAACACGCACGGACGCGGGCTCGATGAATATGTCGGTGCCACCCAGATTCTCAGCAACATCGACTCGTTCGACAACATCACCCAGATCAGCGAACTCTGGTGGGAAGTCGAACTCTACGAATCGGGCATCACGATGCGCGTCGGCAAACAGGACCTCAGCAACCTGTTCCTCACCATGGATTATGCCAGCGACTTCATCAACTCCGCCTTCGGCCTCTCCCCCTCGGCAGGCCTGCCTTCGTTCCCGACTCCCAGCCCAGCTGTGGTCTTTATGACCGAGATCCACCCCGGCCTCCATTTCAGAGTCGGCGGCTGGGATGCCTACCGCAGTAATGCCAACGGTCTCTTCTCCGATAATAACGCGGCCCTGTTCATCGGAGAAATGGAATACAACTACACCACGCCGTTCCGGGACCTGCCGGGTAAATTCACCGCCGGCTTCACCTATCACACCAAAGGCGTCGTTCCTGCAGGGAAAATTCCCCGGGCTTTCGGCTATTACATTCAATTCGAACAGTTCCTCTTCCTCGAAGCAGACAGCACCGACGACCAACGCCAGGGGCTGGCTGTCTTCGCCCAGCATTTTCCCACCGCAACCTACGGCAGTTCCCCCTATCCCCTGATCCCGCACGACGCCCTGGCCGGATTCGTCTACACCGGACTGCTCCGCGGCCGCGACCAGGATGTCACCGGCGCCGGGGCCGGCTGGGTTGACCTGGACCAGGGGGGCACCGATCACGAAGTCATGGTCGAAGTCTTCTATAAAGCGCAGATCAACGAATCGCTCAGCATCCAGCCCGACCTGCAGTACGTCACCACCCCCTCCGGCATCTACCCCGATGCCTTCGTGGCCGGTCTGCGTTTTCAACTCGATCTCTGAACTCGCGCCACTGCTTCCGAATAAACAGCTGTGCCGTTCAGTTCTCTTCACTGCATAAACTCCCCTTGATTCACTCTCTCCGAAT
CP036317.1_gap35	1499015	1502124	3109	AACGACGTCACCGGCATCGCCGCCGCCAATGTAGCCGCCATAGCCGCCGCCGCGACCATCAACGCCTACAACGGCGTCGATGCCGCCAACATCGCCTCTGGAACCGCCGCCGACGCAGAGACCATAACCGCCGCCGCTATAATCGCCGCCGACACCATAACCGCCGCCGACGCCGACACCATAACCGCCGCCGCTAGAGCGGATTACGTGGGGCTTTTAGAATTGGATACCGAAGTCACCGATGCTTCGGAATTTGGTCCACTGGGTGTCCTTTGGCATGGTTCGCCACCCGACTGGTATATTGAAGTTAAAGAACGCTACGAGGAAATTATTGCGGAATGGGAACTGGAAGTTGGTCAGGGAGAATCAAAAGAAGGGAACCTTTCAGGATCAGCGAATATAAAATTCTCAACGTCCGGAGATTTGTCTGGTATAGAACAATCCAGATACGAGATCACTATTCAAGTCCCGGTTGGTGAGGATGATGAAACCGCAATCAAGAACGCTACAAAACTAGTTACATATATTGATGAACTACATAAGGCCAAGGGGGGCAGTGGTGTAAAAATAGACTTGTTGGAAATCTTTGAATCTTCAGATGTTCTGGTCCCTTCTTCCCCGGAGGGGTCATGATGGGCGAACCTGAAAAAATCAAGACGATAAAAATAATTATTGTCAATAGAAATAATGGCCAGAAAGAGCAGATTATCCTAAAGGATGTAATGGAGGAAACAACTGCGTTTGTAGAAAATCAAAGCCCTCCGATTGATACGAATACTGAACTTCAGTTTGAAGACGACATGTTAGCCGCGAAGACAGCAGCTCTCACAAATAAGGAACTCATAGAAAATCAAAGTAAGACTCACTCAGAAGTACTCGACACAGATGAGTACGAAACTGAAGATAGTGGTAGCGTAAAAACCAGCTTAAAAGACTATGACTTTTTAGAATTGATTGCAGAGATATCGAGAAGGTGCTTACGTTACGTTGCTAGCTTGACCCAAAAAGGGTATCGAATCGCAATTAAAAAATGTGAAGATGATGGACAGAGCTTGAATGACAAATTCAAACAATGACGGCAAGACCCCTGATCGAATTTGTAACTATTTTAAACACATATCTACTTTAAGTACCGGTTCAATTCTATTGATTGTTACGTTCCAGGAAAAGCTGAAAGATCAAAAGCACGTAAAATGGTGCATCCCGCTAAGCATTGTCTTATTTCTAGTTTGTTTATGGGCAACATTTTCCCTTTATTCATTACTGATCTTTCAGAAGACTGACAGCAAACTCCTGATTTTTGAGAATGACTTATCTGCGGACAATAATAGAGCAGTTGGCTTAAGAAAAAATATTGCTGTTTATAGCTTCCAATTAGGAGTCTCGTTATTAGTCTTTTATTTCTTGGTTAATTTTATTTCTGGTTAACTGCCTTTCCTTTCTCCAATTAACTTTCGTTCAGTTTTCCGTTTTCAATTCCAAAGATCAGGCTCTCTTCTTGACCTTCCATTGGAACTAATGGATAAAAAAAACGATTCACCATTAAAGTAAATCGCTGTCAAAAGCACGCCCGGGTGGATTCAAACCTCCAACCTGTAAAATGAAAGCGAAGCCCATCAACAGCCCCTTCATTTACTGGATCCCGAATTTCTTCAGGCAGAACATCATGCCCAGGTAGAAACCGATCATCACCGCGGTTGAGATTCCGAAACTGGCACCGAAACCGACGCCCTTTTTCAACAGGATCGGCAGCAGCAGAAAGAAGGAGAGGGAGGGCAGCACCAGCCAGAAGATATTGCGGGGCAGTTCAGCCACTTTGTCGGTGCTGCCGGTATCGATATAGAGCCAGATCATTCCCAGAAATGAGACCGGGTACCCCCGAATACAATTCGGGGTGGTCGCAGGCCACAGGAAACTGACAGAGATCGCCTTCGAGCCAGAGCCAGGCCGTGTTACCAGAGGGGAAAGAGAAAAGAAGCAGAAAAGCACGCTCGGGTGGATTCGAACCACCGACCTACGGATAGAAGTCGCACCTGGTCCTGGTACTCAAATTCCAGCCAAACGCTAACCACTGAGTACACAGGGCCTTTAGCATTTCAGGTTATTTGCTGAATAACCCACAAAATCCATTTGAAGACCGCGCGGCGGCAGGAGTTGTCATCATTTTTGTGATCAGTATGCATCACATTATTTGAGAGCAGAATCGAAACCATACTCTATTCCAGTACGCTCAGTTTTTAGGATTGGTCCATCCACAAACCACACACAGTATTCGCAACGCCTCTCGTAGAAGGCCTGCTGGTTGATTTCCTGTTCTTTCATTTCAGGGAAATGATAACTCTCTGGGCGAGATGGACTTCCGCTTCCCGGAGTTTCGAAATGATCTGTTCGGATGAATGACGCTTGGTGGGCATGTTCGCCTCCTCCTCAATTAGTCCAGAATCCTGATCAGTATATCAAGTTCCGGATGCGGTTCAGGGGGCAAGGTCAAAATCGTCCGACGCAACCGAGTAATCGTTTGGGCGAACTGCTGCCCGATGTCTGGTCTGCCGATCATCCGGAAGCGAAACGCAAGAAAGCCGCTTGATTGGGCACGGTGGAAAGATTACTCTGGAATTCTTCAGATTTATGCCGTTTTCGGACGGTTTACCTCATTCAGAGAACTTTTTATGAACGCCCTCGAGTATGCCCAGGAACTGATTCGCTTCGATTCGACCAGCAACCTGTCCAACGCTGCGGTCAGCGATTATGTCGAGCAAGTGCTAAAATATCTGGGCTGTGAAACCGAACGGGTGGAGCACACCGATTCCGCCGGGGTGCCGAAAGTGAATATCATCGGGCGGAAGGGCTCGGGTACCGGGGGCGTTGCCTATTTCGGTCATACTGATGTCGTGCCGACCGACGGCTGGTCGATTCCCGAGCACGGCCCGTTCGAACCGACGGTCCGCGACGGCAAGCTGTTTGGTCGCGGCAGTACCGATATGAAGGGGTCCATCGCCTGCATGTTCGCCGCGTTGGAATCGATAAGCGATGAAGACCTGAAAGCCCCCGTATATATTTCCTGCACGGCCGATGAAGAACTCGACCATCGCGGCGCCATTGAAATTGC
CP036317.1_gap36	1519358	1523551	4193	CCTTATATTTCTCGGCTTTCACCATCGGCTTCCGCCGCACCCGGCGAATCGTCTTCGACTTCGCTTCCAGCTCCACCGCATCGTCGAGCAGACTGGAAAAATCATCGCCAGTGCCTGCTTCTTTCTCGAACGGGTCCAGTTTGGGAATCGACACCGTTTCACCACAATCCTTGCAGCGCAGCTTCTTCCCGGCGGCTTCCTCTTTGACCTTGTAAATTTTCGCACAGACGGGACAGCTGACTTGAATCGGCATGGACGGACTCATCCTGGAGAACAGATGGCGATATGTAAAACAGTCTTTTGTATTCCGTGCTAACGCAACCGGTCATGCGCGGGATCAAAAGAAACTGATTTTTTTGTTCAGGCTCAGCATACCGAAACCTCCCTGAAATCGCGAGTCTTTTCTCAAACGCTTTTGAATCCAGCAAACCGGTTCTTCAACTATTCACATTTCGACAATCCAATTTTTAAACAACACTGATAAAAATCTCGCCATCCAGACTTCGAGCACTGCGAACCGAATTCGCTGCCTGCTTAGAGAAGCCTCCACCAGCAAGAAGCTGAGTCCACAAAGTAAAACACACCGTTTTACCCACCCGATTTTACCCGCTGTTCACCCTCTACTTTTTTTCATCCTCAGGAGACCCGATCGTGTTGCATCGTCACCCGAACCGTAAAGGATTTACCCTCATTGAACTGCTGGTGGTCATTGCCATCATCGCCATTTTGATTGCACTGCTGCTCCCGGCGGTCCAGCAGGCACGCGAAGCAGCCCGCCGCAGTTCCTGTAAAAACAACCTCAAACAGATCGGCATCGCCATGCACAACTACAATGACGTGCACGGGACGCTGCCTCCCGGCTACCTCGATGACGATCCTGCCGCCAACGTCACTAACCACAACCTGCTCGGCTGGGGAACCTTCATTCTGCCCTACATCGAGCAAAGTTCGCTCTACAAATCCATCGTGGAAGTCGGTGGCGTCGATAACAACTGGACCACCATTGCCGAAATGACCACCGGTAGCGCCACAGTCACCACTCCCTATTCGAAAGTCGTGCTGAAAACCTATATCTGTCCCTCCGATCCGATGGGCGGTCTGAATACTGACGTCGGCGGCTATGGAAAATCCAACTATACCGGCGTCGCCGGAAACACCTATCGCAGTTCCGGAACCACCAAACCCACCGGTTCGTTCTATGACAATTCCAGCGTCCGCTTCCGAGACTATCGTGACGGTTTGAGCAATACCATCATCATCGGAGAGCGGGGGACCGAAGGCGCGAAGAACGGCACCATCTGGATCGGCAACTACTCCGACGGCGCCTATTACACGCAAAACGCGATTGCCACCAACAGCGCCTATTACGGCATCAATGGCACCGCCGGCTCCTGGAATTTCACCAGTTCCCACACAGGCGGCTGTCACTTCCTCCTGGGCGACGGAGCGGTCCGCTTCCTTAGCGAAAATATCGATCTCAACACTTACCGTGATCTGGGATACATCTCTGACGGTAATCCCGTCGAGCTGCCCTAAACTCGATCCATTAAAGTTTATTCCCTCGGGTGCGTTGTTTGTCCGGCGACGCACCTGAGGCTTTCCTCACTTTTCTGCCGAAAGAGACACACAACGTCCATGAAAACTTTTGCCCTCTGTTTACTGACACTCACCCTCATCGGCTGTAACAGCAGCACGCCCGCTGTCCCGGAAGTCAGCCCCGGCCTGACTCAGGACCAATTAGTCCCCACACTCCAGAAAATCGCGGAGACCGGCCAGTACGACGCTGTCCTGCAGGACCTGACCGTCGGCCTGGAAAACGCCGGCCACATGGAACAGGCCGTCACCGTCCAGCGGTTTAACGAACTCTCCGATCCGGAAGACATCAAAAAACTGGCCACACAGGTGGTCGCCACGATTCAGAAGTAATCTGATCTGAAGCAGGCTGGACATCCCGGCCTGCTTCCGTCTCTATTCGGACCAGTCTGCACGAGTCACTCCCAATAGCATCCGGGCCCGTTCCTGTGCTGCCTGCAGTGTTTCATGCCACCTGTCACTGGTGAAAAATCCTTCTGGGCTGACGATCAGAAAGAAGCAGTGCCCCTCATCATCTCCCTGGATCTCCAACCGAACTTTGCAATCCTGAAATAATTCACCATCCCGCGCCTGATCAGCAAATCGCCAGGCATTGGGGGTCCCATAGACACGCGCCTTCGTCGTGGCATACAGCGGTTTCATGTCATTTTACACCCGGAAATATCGCGTTCGGTAAAAAGTCTCAAATCAGCCAGGAACCTGAATAGAAGGTTTCATGTTACACGTCTGTACGGTATAAACAATGGCACCTTTCTATTCATTGGTGACCAGCAGACAATACCGGAACCAGCCCCATGATCGACTCGCAAGACTACACAGACTGGTGTGAATACGCCGGCCTCTATCTGAAAAACCACTCTCACGCCGATCGCTACCGGACCTACGAGCAGAAAATTTCCGAGGCCGGGCTCGTCACCCGGATCGTACACGACTTCATCCAGATAGCGGGCGATGAAATCGACCTGTCCAACTGGCGGTCCTACTCGGTGTATGAAACCGGCAAGCATCTGAAATATCGCATTGAAAAAACGGCGTTTGCCATGCATGCCATCGGCGCTCCCCGAATCGCGGAGAAAATTCCGACCATCAAGGACCGTTCCCCCATGAGTCAGCTCATGCAGTCCGGCGGGGATCTGGAAGACATGATGCAACAGATCGATCCTCTGCAGGCCCTGCAGGACATACGGAAGAATATCGCCAATGAATATCCGAACCTGGCTGCTCAGGCGGGAATCACCCCCGAGACATCGTCTCCCACTCCCATCGATCCTGAAATCGAAACGCTGGCGGAAATCAAAGCGTTACTGGAGGCCTATGTCACCAGTCATCAACAGGACCTGCAGTCCGATCTGGATCAACACGGCGATCCGCGTCAGGATCCCGACTTTGATCCACAGCGCCGCCTGCAGGAACTGGAAGATCAGCGTCTAAGAGAAGCGAGGAGAGCATCACAGTTGGATGATGTTCAAAAACTGAAACGCCTGATGAAACAGTGCGCACGACGCTATGAGAAAGTGGAAGGCAACCCTGCCAAAATGGCGTCTATTCGCCGGGAACTGGCCGATCTGTATTCTGATTATGCAGGGGACCAGACGGACCAGCTCCCCCAGCTACAAAGCTGTCTGGCGGAATGCGAGGAATTCCAGCAGAAATACCACGACATTTTCCACCCGCAGATCACAGAGGATCCCGCGCTTCAGAAACGACTGGACGACTTCGGCACACATACCATTGATGAAGAATTCGAATTTGAAACGATTCGCGTCAGCTGGCCGAAGCCAGCCGGGTTCCAGGGAGACTGGACCGGGTTCCGCGTCGAAATCGAAGTTCAGCCGGGAGAAGATCAGCAACTTAGCCTACTCCTGGACGCCATGGATCGTCTGCAATCCCGCTTACCATCCCTTGTGGACGACTTGAAACAGGAAATCGTCAACAGCTTCTCCGAATATTGGGACTGGATGGAAGAGGATGAGAAGTCAGACTATGACGTCACGTTCGACGACGAGGGAGTCCCAACATTCGACTCGCTTAAATCCGAAATCGGCACCCCGAGCATCACACTTATGATCCCCGCATGGCCCGACGATGATGAGGTCACCATCGAAGGCTATGTGCCTGTTGAATGGGATTGTGAACACGGCTACATGTTTGAATGGGAAGATGCCCCGGATTGAGTGATTGCTTCGACTACTCTCGATCAATCAGTTTTGCGAACTCCAGTAAAGCTACCCTGTTTCCATTGGCCAGGGCCAGCAGCTTTCCATCAGGCGAAATCGCTATTTCCTCCCCCGGCTGGGAGACATCAATCAGCCGCCCGGTAGACAGATTCCATAACTTCACTTTTGCTTCTCGTGTAGCAATCACCAGCCACCGATCATCGGAAGAGAAGCGGACATAACTGAGCATCCAGCCTGCCTCCGTTTTCCCCTGTCTTAATTTCCCTGATTCTGTGTCCCAGATCTGGACCTGCCATTTTTTGTGTTTGTATTGAAAGGGATCACCACCTGCCGCTATCAACTGGCCATCATGTGAGACTGTCAGGGAGAACAGCATCAGGTCTTCCGACTGGAAAATGGTGCGACTGGTACCCGCCTCGATAT
CP036317.1_gap37	1527978	1530384	2406	CGCAGACGCCGGTCGGGCAGGGGGGACGGGACCGGTTGATTTCGACGGTGAACCGGTCACAATAGGCGGCTGGAATTATGACTTTAACCTGATGGATCATCTATGAGTGAAGACTCTCAATATCTGGATCAACTGGTGGGCAAAACAGTCGTGATCGACCTGACCAGCCTCTATGTCATCGCGGGAACCCTGATCGGCCAGGACCACCACTATTTGTTCCTCGAACAGGCCGACGTCCACGACCTCCGCGATACAACCACCACCCGGGAAATGTATGTCCATGAAATGGGCAAGCACGGCGTCGCCGTCAACCGGGAACGGATCCTCGTCTCCCGCAGGGAAGTCGTCTCTCTCTCCGCCCTGGAAGACATCGTTCGCTGATCCCCTCCGATTTCGGGCACCCCACCACGAAAAAACCCCGCAGAACCGATCGTCCTGCGGGGCCTGAGTGTCAGTGAAACGGGCTCTCAGCGATTAGAGAGTCCAGCCATCACGGTAGTCACGGCTCAGGAACTTGTTGGCTTCCGGAGCGTTCGTGAATTCCATCTTCTTGGCATCCCATTCCAGTTTCTTACCAGCGCGAATGGCACAGTTCCCCAGCAGGGTGGTTTCTGTCAGGCGGCTGGCATAGTTAAAGTTGGACATCGACGGTTCGCCACCTTTGATGGAAACCACGAATTCTTCAAAGTGGCCGGGCGAACGAGGCAGGCTCTGTTCGGGCTTTTTGAAGTCTTTGAACTTGTCGCGCGGCAGCAGTACGTATTCTGCACCGTAATCATCCGGCGTATACAGGTTGCCTTCATCGCCGATCAGAACCACACCGCTGGACTTCATTTTCTCGCCCATCAGCAGTTCTTCCGGAGGCAGGTTGCCGCCATCATACCAGGTCAGCTTCAGCGGACAGAGCTTCTTGTCGCCTGCGCTCCGCTCGGGGAACTGGTAGGTAATCTTGGTCGACTTGGGATAAGTCTCGTTCTCGATCATCCCTTCCTGTTCGGCGACGATCGATGTCGGATCGTACAGTTCCAGGGCCATCACGTGCATGTTCATCGTGTGGCAGGCCATGTCACCCAGGGCACCGGTACCAAAATCCAGCCAGCCCCGCCATTCAAACGGATGGTACAGCGTGCTGAATTCCCGGTAAGGTGCAGGGCCCAGGAACAGATCCCAGTGAATGTGCTTCGGAACCGGTTCCCCTTCGGGCGGACGATCGACGCCCTTACCCCAGACCGGTCGGTTCGTCCAGACATGCGCTTCACGCACATTGCCCAGCACGCCGGAACGGATCACTTCGACGGCTTCGCGGAACCCGTCTTTGGCGGTTCCCTGGTTCCCCATCTGGGTTTTCACGCCGTATTCGTTGGCCGTATTCCGCATCACGCGGGCTTCATGGACCGACCAGGTCAGCGGCTTCTGGGTGAAGCAGTGCTTCCCTTTTTTCATTGCCATGACGCTGGCAGGAGCATGCGAATGGTCGGGGGTACTGACGGTCACCGCGTCAATCTTGTCGCCCATTTCTTCCAGCATCTCGCGATAATCATTGAATTTCTGCGCTTTGGGATAGCGGGCGGCTGCTTTCAGCAGGCGTTTGTCGTCGATATCACAGATGGCGATCAGATTACCATTTTTTGCGGCACTCGCCGAATCGCTGGAGCCTTTTCCCCCTACGCCGATCGAGGCAAAATTAATCTTTTCCAGGGGTGATTTTTCAGCGGCCAGCAGACTCTGACCACCCACCCAGAAGGCGGCCCCCATTGCCGAGGTCTGTTTAATAAACTCGCGGCGAGTTGTACGTTGACTCATGAACTGCTCCTGTTTGAATGTCTAAAGTAATCTTCTTACGCCATGTTTACTTTAGTCGGTTAAAACGTTTCTTAACTTTTACGAATCTCGCATCAGTAAAGTTTCATTTATTGTAGTGAACGCCCGAAGGAAAGAAAACAGAATTACTCCCGAAATAGCCATCTCGCCCAGACTCCGGATACTCCTGCACACTTGAGCCATTCTCATTTTTTTGAAATATTTTCTAAGGAGACTTTTCTCACTCCCCGGAACATGTCAAAGTAAATACAAGTCACAGCGTTCACCCACCCACACCTTCCCGCAACACGAAACTGACAACTCCCATGAGCAGCAGTGATCCTTCCTCCACAAACCCTGAATTTGATGTCCTGATCAAAGGCGGCACCGTCATCGACGGCACCCGCGACCCCCGCTTTCAGGCTGACGTCGGCATCAAAGGCGATCAGGTCGTCGCCCTGGGTAACCTCTCTGAAGCTTCAGGAGCCTTTGAAATCGATGCGGCAGGGAAAATCGTCGCCCCCGGCTTTGTCGACGTGCACAATCACTCCGACAGCTGGCTGCTGAATACTCCCAATTTCATCTCCAAGACCTCACAGGGATTCA
CP036317.1_gap38	1706155	1707224	1069	GTATTTTATTGGGGCTCCCGTTCTGCATCGCCGTCGCCATGCTCGTGTATCGTCAACGGAATCGCTATTCCCCCGCCGGTCGTCATGCGGTCGCCACGCTGATCGAGCAGACCTACCCGGATCTGGATACCAGCCTGCTGGCGACCCTGGAACTGGAAAAACGGAATCCGACGGAAAGTTTCACCTTTCTGCAGAAGCGTCTGATCGCGCAGGTGATCTCACATGGAACCCGCAACGACTGGCGTCAGAGTATTTCCAACCGCAGGCTGATTCTGCAAAACACCACTCACCTGATCTGCTTTGCCGCCTGGCTGCTGTGCTGCCTCAGCTGCTGGACGCTGCTTCAGGCCGCCCCCTCGTCTGTGGAAACTCCCACCGTGGCTGCAGCAGCAGAACAAACGGGATTTGAAGTCGAAATTCAACCCGGCTCCACGGAAGTGGAACTGGGGCATCCGCTGCTGGTCACCGCCCGCTTCATCGGGAAGGTGCCTGATACGGCCACGCTCCGTTTTACCACCGCTGGTGGAACGTCGACCGAACTCCCGCTGGTGAAACAGCTGGATGACCCGATTTTTGCCGTACGTCTCCCCTCAGTCACCGAAGATCTGGCCTATCGCATTCAGGCTGCTGACTGGGAGTCGGAAGTTTCAAAGGTCAAGGTCTATGTGCTGCCGGAACTGGTTCAGCTGGACAGCGTCGTCACAGCGCCGGCTTACACCGGGCAACCAGAACAGAAAAATGAAGACAGCCTGACACTGAGTGCGATCACGGGCTCAACGATTCAGTTTCACGCCCACTTCAACAAACCGGTCGCCCGGGCAGAGTTCAAAACGGACGATGGTGATTCGCTGCCGCTGGTCCTCGACTCGGAGGGACTGTCTGCCCGCTTGGCCCTCCAGGCAGAACAGGATCAGACCTGGAGCCTTCAGTTAACGGACCGTGACGGACGCCACAACCGGACGCCCCCCTATATCGACCTGGCCGTGATTCCCAATCTGCCGCCGGAAATCAAAGTCACATTCCCGGCACGCGACACCCGCGTCTCCCCGCTGGAAGAAGCCCTGGTCCA
CP036317.1_gap39	1714434	1717258	2824	GACACGCCCCCGCGGTGCCACAAGCAAATCGAGTGGGTGCGTAAAAAAAGCGGCGATCAAGACTGACCGCCGCTCTGTCTCTTTCTGTCACTGACAGTTCCTGACTGAAAGTGACTGGGTTGATTACTCTTCGCTCGAATCGGTATCGTTCGAAGCAGCTTCGGCACTCTCTGAAGGCATGGTAAACAGAGGAGCGTCGCCACCGGTTCCGCCCATCAGTTCCTTGCGAGGAGTTGCAGGAGCTTCTCCGCCTTCGCCTGCTTCTGCTTCTTCTTCGATCGGTTCTTCGAGTTTACGGCTCAGGCCGATTTTACGGTCTTCCGTATCGACTCGCAGAATCTTGACGTCCAGAGTTTCGCCGACTTTGACGATATCTTCTGGATTCTCGACCTTATGGTCAGCCAGCTCAGAAATGTGCAGCAGACCTTCCAGTTCGTCTTCCAGTTCTACGAAGACACCAAAGTTGGTGATCTTGGTAACCACACCCTGTACGATCGCACCGGGCTGGTACTTCTGAGGAATGTCGGTTTCCCAGGGATCCGAAGAGAGCTGCTTCAGGCCCAGGGCGATCCGCTTGCGTTCTTCGTCAACCGAGATGACCAGACACTCGATTTCATCGCCTTTCTTCATGACTTCGCTGGCGTGTGAAATCTTACGGGTCCAGGACATATCGCTCACGTGCAACAGACCGTCGACCCCTTCTTCCAGTTCGATGAAGGCACCGTAGTTGGTAAGGTTGCGAACGGTCCCTTTGACCCGGGCCCCTTCGGGGTACTTCTTGGTGACTTCGTCCCAGGGATTGGACTGAGTCTGCTTCATACCCAGTGAGATTTCCTGCTTGTCTTTGTTGACGCCCAGAACAACGACTTCGACTTCGTCGCCGATGTTGACCAGTTCGCTGGGGTGATTGATACGTTTGGTCCAGGACATTTCACTGATGTGGACCAGACCTTCAATCCCATCTTCCAGCTTGACGAAGGCACCGTAGGACATGACGTTGACCACAGTCCCGGTAACCTTGGTTCCCACGGGGTACTTGGATTCGACCAGTTCCCAGGGGCTGGGGGTTTTCTGCTTGAGGCCCAGAGCGATCTTTTCTTTTTCGCGATCGACGCTCAGGATCATGACTTCGATTTCGTCGTCAATCTTGACGATCTCAGTCGGATGATTGATCCGGCCCCAGCTCATGTCGGTAATGTGCAGCAGGCCGTCGATACCGCCCAGGTCGACGAAGGCACCGAAGTCGGCGATGTTCTTGACAACCCCTTTGACGATCTGACCTTCTTCGATCTTGCTGAGCAGATCCTGTTTGAGCTTTTCGCGTTTTTCTTCGATGAGTTTACGACGTGAGACCACGATGTTGCGACGGGCTTCGTCGATTTTGAGGATCACACACTCGATTGTGCGGCCAATGTAGTTGGCAATATCAGAGGGACGACGGATATCGACCTGACTGGCGGGCAGGAAGACGTTCACGCCGATGTTGATCAGCAGACCACCTTTGATCTTGCGGACCACGGTACCGGAAACCACATCGCCTTCGGCGTGGGTCGCGATGACCTTTTCCCATTCACGAATCCGATCCGCTTTCCGTTTGGAGAGCATCGTCAGGCCGAATTCATCTTCGACCTCTTCGAGCAGGACCTGTACTTTATCGCCAGCCTTGGGAGGCTCTTCTTCTTCAGACCATTCGTCGATGTGGACGACGCCTTCGCTCTTGAATCCGATGTCGACGAGAACCTCTTCACCGTCAACACTCAGTACGACTCCGTCGATGATCTGATTGACGTCATAGGCACAGGAGACAGATGCATATACGTCATCCAGTACCCAGTCATTTTCTTCTTCTTCACCAGCCTCAACTTCGGGCATGACCTCTGCAAACGCTGCATCCAGGTCTTCGTCCGAAACACCAAACTCTCGAATTAAGTTACGATCAACCATACTAAAAAAAATCCAAATACGCTTTCGATTTCGAAATTCATATTGCGACTGGAAGTCATGAGTGATTTTGGATGTCAGCGGAAACAGAGCGGAGCTCGTTTCGCTGGCTTAAAAGCGTCTCTTTGCTGACTGGGGGCATCGAGCAGTGATTGATGCCGGGGCCTGAAACAGGACTGTCAACTTGCCTTCAAACCGGAACTGACTATCGAAAAAAAAAGCGAAGAGATCAGAGAATCTCCCGCAACGTTCCAGCAAATACCAATTTCTCCAAAACCATCTGTCTGACTCTATGGACAATGCCCAACGCATTGATCAACACACAAAGCAGATCAGTCCGGCAAATATATCAGAAGCATTTGATTTAATTCCAGCCTTATAGACGGCAGAAAGTGATGAAATCGCTGATTTCTTCGATTTTTCACCGATTTCAGCCGGAATTCAATCTCACTCTGATTTGACTCAGGAAAACCGGGGGTGCGGCGATTCGTGAATCACCGAGGGACTCTGTTGAGTTAGTTTCGTGATTTTCTGTCGGACGGCATCAACCGAATCTGAATTATTCAAAATGGAAACTTTGAATTCCGTCTCATAGCGCTCCCCTGGTTTAAGTCCTTTGAGCCGGCCCTGTTCGCGTTCCGTGGCGCGGAAATTGGGGAAATTGATGCCTGGCTCGAGTCCGGTTACAAAACCGGCTGCTTCCGGTTGTGTATTCTTCCAGAGTGTAAAGCAGGGGAGGCCCGCCTTCTTGAATTCCACTAGAAACCCCAGCTTACCCGTACTGTCAGAAAGCAGGGCAGGAGTCACCCCCTGTTCGTCAGCGACCGGCTGGAAATAGTAGGCCTGCTCGGCGTAATCGGGAGTTGGTCCCAAATAGGTTTGA
CP036317.1_gap40	1818206	1818786	580	CCTGCGCATCTTTTTCAGAATAAGGCCAGGGGGTTCCCATTTTGACCCAGCGGGTCAGGGCCGCAATTTCCTGGGGGGGCATTTTTCCACTGGGGGGCATCTGACTGTCATCATCATGATACTGAATCACCTGGATGATCCGGCTCTTCAGAGGGTCCCCCGGCACAACCGCGGCACCGGTATCGCTGCCTTTCATCATCCACGCGTGTGAATCCAGCCGCAGACTGGCTTCCTGTTTTTTAGCACCGTGACAGGCATAGCAGCGTTTAACCAGAACCGGACGAATTTCTTTCTCAAAAAATTCAACCTGTTCTGCGGGGAGTTTTTTAGTACTGGCAGCGTTCGCCTCCACAGACGCAGTACAACCCAGATAGACACAGGCTGCCAGGTAGAAAGCTTTGGGAATCAGATGAGACTTCACAGGAGAATCACTGCTAATCCGAAGTCGCTTCATTTCTCAGCTCTTTCTCAGTAAAACGCGGTGGGAATATTTGGGAGGGAAGGGGCCGCCAATGAAGGTGAGCCTGGCGAATCCCGTTAGCTCTATTCTACACTGCCAGAAACGCAATGTGTAGTCTCT
CP036317.1_gap41	1821974	1823234	1260	GCGTTCCTCATCTGTGCGAAGTGGAGACCTACGAAACCGTCCAGCACCTCGTTTCCGAAGTCCGCGGAAAACTCAAACCGGAACATTCGGTCTGGGATCTTTTGTCATCGTCCTTCCCGGGTGGCTCTATCACGGGCGCTCCCAAAGTACGTGCTATGGAGATCATTGCCGAACTGGAGCCCACCGTCCGAGGTCCCTACTGCGGCAGTCTGTTCTATGCCGGATTAAACGGAGAGTTTGACAGCAACATTCTGATTCGCACATTCACGGTGAGACAAGGCTGGGTTCAATTTCCCGTCGGTGGGGGAATTGTTGCCCAGAGCCAGCCGCGCCTGGAATACGAAGAAACACTGCACAAAGCAGCCGGCATGATCGCTGCTTTAGAAACATAATTCGCTCTCATTGAAACCAGACCGATGATCCTGATTATTGATAATTACGACAGTTTCGTCTTCAACCTGTCCCGCTACTTCGAAGAACTGGGACAAGAGACATCTGTGGTGCGCAATGACCAGATCACCATCGCCGAGGTCACTGAACTGGCTCCAGCAGCGATTGTCCTCTCCCCCGGTCCCTGCACTCCGGAGGAAGCAGGAATCAGCCAGGATCTGGTTCGTCATTTCATGAATCAGGTCCCCATTCTGGGAGTCTGCCTGGGGCATCAGTCGATCGCTGCCAGCCTGGGGGGACAGATCATCAGGGCACCGGAACCCGTTCACGGACAGACATCCCTGATTCATCATCAAAGTTCCAGACTTTTTTCCAGTCTGCCTAATCCATTCCCCGCCACTCGCTATCACTCACTGATCATTCATGAGGCGACCTTACCCGCTGAGCTGTTGATCACGGCTCGCACCGCTGAGGGCATCCCCATGGCGATCGAGCATCAGACAGCGCCTCTCTTCGGGGTTCAATTTCACCCGGAATCAATTTTGACCGAATGCGGACTGGCACTCCTGGAAAATTTTCTCTCCTTTATTACCCCCTGTGTCTCGGAATAAATCAGGGTGCTACATACACTCTCTCTCGGGGCCGGTTAGTCAAACTGGTCGAAGTTTGCCTGTGATCAATCAAACTTATCCGTCATGATCCCCCGTTTTTCGCGGTTCCTTCCCTCCTCATTAAATAACTGAGTAATACTTCAGAACAACCACCCCTCAACAAACCGATAAAAATGAAGTTATCAGAACTCGAACGAACCTGATATCCGCTTCACTGCGCACACTGAAAGCACAGGAATACGGGAAGATTTGTGGGGGC
CP036317.1_gap42	1936903	1939904	3001	AGCCGCCTCCGGATCCCCCAGTTCGTTATGCAGACAACCCAGCTGCGTCCACGCTTCGATGTAATCGTGATCCCATTCCACCGCCGCGTAATACCGCTCGAGCGCTCCCTCCGTATTTCCCTTCAGATACAGCGCCTCGGCCAGATGCAGATGCGTTTCCGGCACATCGGGTTGCCCCAGCAACGAGAGCCGAAACGCCTCGATCGCGGGCTTTGCTTCCCCCGCGTCCAGGTACTGGCAACCCTCCTGGAACCACTCTTCCGCGCTCCGGTCTTTCACCTCCGGCGTCTTCAGATGCTCGGTGAACTCGATCGTCCCCTCGAACTCCTCTTCGCCCGCCAGCTCGGGCATCTCGGTCTCTTCCGTTCCGAAGTCAAACACCCGCTGTCCGCGACGGGGATCGATCAGCCCCCGTTCATCTTTGAGCAGCAGTTGGGCGTCTTGCGAGAGCAGCGTCAGCTGCGAGAGCGGGGCGTCGATCTCGTTGAAGAATTTCCCCAGGTGCTGCAGGCTGCTTTCCAGTTCCCGCGGATGCACGCCCGATTCCAGCAGCTGCGACAACCGTCTGACACTCGCCACTTCCTGAAAAGAGAAGTAGGGTAGCCGGAAAATCTTCCGTACCGGCTTGATCAGTCCCTGGCGCTCCCATCGGCGGATCGTCCCCACCGGGATCTTCAGCATCTGCGTCAGCATCGCGGGTGTATAAAGCTGATCCAGATTCACGCCAGGATCGCGGAGTTCGATCAGCGCCAGCCAGTCCGATTCTTTAATGATCCGGATCGGCGTCCCTTCCTGAATCAACTCCTGGGCCTGGCTCAGATTGACCGAGGGCGAACCGTCTTCTTCCAGCGGCCAGCCCTCTTCGCCCACCACCAAAAGCGTCGTCTGCCGACTCACATGCTGGGCTGCCTGGCCGCCATGCTGCTCCACGAACTCCCACGCCTTGTGGTGTGTCATCGAAGCGAGCGTACCGGTGAAAACCACACGCTCTCCCTGCAGCGCCGGCGACCCCTGCAGCAGTTGATCTGTCTGTTCTTCTTCTGTCTCAGCCATAGTCTCAGTAATACTGGATTTATTCGAAAATATCGAGAAAAAAGGGGGTTATCAGATCAGTGTCTCAAAAATAAGATACCCCTGAGTGGTAAACTTTCCTTGAGGATACTGATACGCGAATCCGTTGGGTAGCTTTCAGAGCAATCCTTCATTATAAGGGAGCAAAATAAGTCTTTTCCTGCTGAGGGTACCGTTTGTACCCCGTTTTTTGACAATACATCCAAGGGAGTTGATTGGAATGTCCGTGCTCGAGTCGTGTGACCCCGAAATCTGGAACCTGATTCAGGCTGAAGCCAAACGTCAGAAAGACGGTCTGGAGCTCATCGCCTCTGAAAATTACACCAGCGCTGCCATCATGGAAGCGGCCGGCTCGATCCTCACCAACAAATATGCTGAAGGCCTCCCCGGACGCCGCTACTACGGCGGTTGCGAAAACGTCGACGTCATCGAGAACCTCGCCCGCGATCGGGCCTGCAGCCTCTTCGGAGCCGAATACGCCAACGTCCAGCCGCACTCCGGCTCCCAGGCCAACATGTCCGTCTACTTCACCGTCCTCAAACCGGGCGACACCTTCCTGGCGATGGACCTCGCCCACGGCGGTCACCTCACGCACGGCATGAAACTCAACTTCTCCGGCTCCCTCTATAACCCCGTCCCGTACGGCGTGCGGGAAGACAATCACCAGATCGACTACGACCAGGTCGCCAAACTCGCCCGCGAACACAAACCCAAAATGATCATCGCCGGGGCCTCCGCTTACCCCCGCGAAATCGATCACCCCAAATTCGCCGAAATTGCCGCGGAAGTCGGTGCGGTCCTGATGGTCGATATGGCCCACTACGCCGGCCTCGTCGCCGGGGGCGTGCATAACAACCCCGTCGAAGTCGCCGACTTCGTCACCTCCACCACTCACAAAACCCTGCGTGGTCCCCGGTCCGGCTTCGTCCTCATGAAGAAGAAATACGCCAAAGACCTCAACCGCGAAGTCTTCCCGGGCATCCAGGGCGGACCGCTGGAACACGTCATCGCCGGTAAAGCCGTCTGCTTCAAGGAAGCCGCCACCGACGACTTCAAAGCCTACGCACAACAGATCGTCGCCAACGCCAAGGCCCTCGCCGAAACCCTGCTGGCAGGGGGCATCAAGCTCGCTTCGGGCGGAACCGACAACCACCTGATGCTCTGCGACGTCACCGCCATCGGCCTCTCCGGCAAAATCGCTGAAGAAGCCCTCGACAAGGCCGGCATCACCGTCAACAAAAACATGATCCCCTACGATCAGCGCAAGCCGCTCGACCCCAGCGGGATCCGCATCGGGACCGCCGCCCTCACCACCCGCGGCATGAAAGAAGACGAGATGAAAAAAGTCGGTGCCTGGATTCTCAAAGTCCTCGGTGCCCCCGAAGACGAAGCGACCATCGCAGCCGTCAAAGGGGAAATCGAAGACTTCGCTCAGAGCTTCCCCGTGCCCGGCATCGCGTAACAGACAGAACTCCGACTCATGACACAGCACAGCGATCTTGATATCACGACCATCGACTGCACCCGCGACGATGCCACCGCGCTCTTCAGCGAACTCCGCGAGAAGCTCAGCCCCCGCGGCAACGTCGTCTCGGAAGCCGGCCGTCAACGGACCATCGAACTGTTCGGCGCACCGCTCTCTCCGCAGGAGGTCGTCGAACGGATCTGTAACGATGTCCGCGACAAAGGCCTCGACGCACTCCTCGATTATTCGGAAAAGCTCGATCGCAAGCAGCTCACCCCCGAGACCATGCGTGTCTCGCCTGAGGAACTGAAAGAGGCCCACGCCCAGGCCGACCCCGAGTACCTCGCCACGCTGCGTCGCATTCGTGAGAACATCATCGAGTTCCAGTCAGCCCTGCTCCCCGCAGACGTCAAAGTCCTCCGCGAGGCAGGGGAGTCCCGCGTCGAACTTCGCCAGCGCTACCTC
CP036317.1_gap43	1942182	1943439	1257	AGAGTGAGCCAGGCAGACAAACATCACATGACTGGTAAGCCAACTCAATTGATGCAAGAGTTGGTACAATGTGTTCCCGCTGGCGGACTGATATTCGATCCGTTTTGTGGATCAGGAACAACCTTGGTCGCTTCAGTTCTAGAAGGCCGATCTGCAATCGGTTTTGAATTCTCTGAGGAGTATTGTGAAATTGCAGCCCGGAGAATCGAAGCTGCCCAGCGCGGTAAATTGCTCAAGTTTCAGAAGCAGTAATTTTCGACAATATATCCAATGTGAGAATCTAAAAAATTTATCATCCCAGACCGCTTCTGATAAAAAAGATTGCCACGCCGCTGTTGGTCTGCAATAATTTCTCTGGAGGGTCTCATGAAACTGACAAAAGAACAATCTGAAGCGATTTCTCGCGGAGAAGAAATCCCCGTGGATGTCGAAGGGACAGAATGTGTCCTGGTACGTAAGGACATCTATGCTAAGATTTGTGGCGTGGTCAGAACAGCAGCTTCCGATGAATTAACCGAAAAGGACCTCCGCCGACTGCTCGCTCGTTCCTATGAATCCAGTGACTGGAACGATCCTGCAATGGATATTTACGACGACTATGACACAGTAAGGATCGGATACAAAAATAATGCCAGAAAATTTTAACAGAGATTCTTGGGCAAGCTGGTATGCAGAACAACATCTTAAAACTGACTCTGCAATTGAAAAGATCTTCTATTTACCAACAAATGCAGATGAACGCGAAATCCGCTTTATTGAGATTAATACTTTGATAGGAGATCGAACTGAGGATTCGTTGGAACCTATTGATTTTGGTATCGATATGGGAACTGATAATGCTCACAGACTCATTGTTCTTGATGTGACTCCTGCTCAATGGCAACAGATTCAATCTGAAAATTTGTCACTACCAGACGGCTGGTCTCTTGACGAGATGATAGCATTCCCGAATGACCAACTTGAAACCCTTCCCCAATGAATAGTTATCAGGAACAATGGTGGCATCAGGCAAAATCTGATCATGAGGCCTTTATCCTCTTAAAAAGCGCTGGTATCGCTCAATGCCACACCCTCCATTATCTTCAGATGGTGACTGAAAAAATAGCAAAGGCATATCTCTGGAGGTCTGGTTCCCCTCCTCCAAGAAGTCATGCTGGATTTGTTCATTTTCTCAGATTCTTAGGGCAAATCCGTCAGACGGATCGAGAACGAATTGCGACTCTTTTTACTTTTACAAATTACAATCAATTCCAAAGT
CP036317.1_gap44	1953858	1955694	1836	CTGAATACGCCTGGCAGTTGATCGACTTCTTCGGATTGAACTCGATATCCGTAAATCCCCGATAGTCGACCAGTCGCTGATCCAGACCGGGCTGCTGCCGGAGGGCACTCAGATACAACCAGTCATAAAAGTAAGTGCGGGGCTCAAGCGGCCAGGTGGTCCCCTGAAATTCAAAGCGTATCAGGCGCCCCGAGTTCTTCAGCCGTTCGTCTTTCTTCGCCTCCCGGGAGGTTCCCTTCAGCAGATCCGTAAACGGGCCGCCCCGTTCAAACACCTTACTCCCCTGAAAGGCAGTCTCCACCAAGAACGTCCGGCCTTCAGCCGCATCCGGCAGGGACAGGTGGAAGGCACTCAGCGAGACCCCCAGTTCTTCAGGAGACTTGCTGGAGATCTCCAGCACGGGCTCGATCCCTTCTGACTGGGCCGCCGCGTGCAGCGACCGAATCGACCGCTGCTTCTGCGCCGTCGAGAAACCGGGAAACCATTCGAACTCCAGTTCGTGCACGGTCACTCCGGGTTGATCACTGCGAGGAACATACACGGGACGGACTGCCATCAACGAGTCTCCGACTGAACAGGAAAGGGAAGCCACAGCAAAGCCGATATCATACTTCAGCAGACCAGCGGCTACCATAAACAGTCTGTTTTTCAGTTTAAAAACGCATATTTTATCGACTCCCATGTGCCATCCATGAGGAAGCTTCTGTCAAGACCGTAGTGAGAAGAACGCGGAATTACCCAACCATCCATCCGGCATCACTCGCCTTGGCGAGGCGCCACTAGACAAATTACGGTGACTCCCATTCACTGTCACGGCATCGCATTGCGCCATGGCACACGTCGGGATGTCACCTGAATCCCACTTTCGATCTCAACGTGAAACTTAATTCCGACACAACTCTTTGAATTTACTTATCGAAACTGCAGTCGCTCAGACTGCCAGGCTCCGTTCTTTCCACAAGGTTCCATTTTTCAACATGGACCACATCACACGGACCAGGTAATGTGATGTGGCTACAATCGCAATCTTTTTCCTGTCTTTTTCCTGTCGATGAATCCGCTCATAATAGGCTTTAATCGTCGGTGAATATCGAATCCCCTGCCAAACTGCTTCGGTAACCAGGTGCCGGACCTCTGCACATCCTTCGCGCGTGATATGCCCCAGTCGATTAGTACTCCCTGACTGATCCTGGATCGGGATCAGACCGAAGTAGGCCCCCACTTTCTTACTGTTGGCAAATCGATGCGGATCATCCACAAAGGCCACGAATGCCTCAGCAGTGCGTAAGCCGATGCCGGGGATACTCTGCAATTGCTGCACGGCAATGTTATCTTTCGAATAGCGGGCCAGTTCCGTTTCAACCAGCCTGGTTTGCCTCGTCAGTGTTTCGATCTCTTCTACCAGCATGTCCCGTTTCAGATTTTGCATCGGCTGTTTCAGATCTTTCTGTTTTAGCCATTCCATCCCCCGTATGGTCCAGAGTCCAAACTCTTTGGGAACCCTGCAACCAACACTTCTCAGAAGCGAGCGAATTCCATTTTTAGCCCGGGTCCGTTTTTGAATCAGTTTGCCTCGGAATGTAATTAACTCTCTCCAGGCCCGCACGTCTGCAGTCGGGACATGAACGGTCGGAACTTCATCGAGAAACAACAGTTTGGCCAGTTTCTCTGCGTCCGCACGATCATTCTTTTGTTTGGAACGAAAAATCAGTTTCAACAGTCCTGGATGGGCCACGGCAACACGAGAAGCAATCTTACTCAGAGCTTCAAAGTAGATGCCATAACCAGTACTGGCTTCAAAACAGACTTCGCATCGTCCTCGCAGGTTCATCAGAA
CP036317.1_gap45	1972103	1973280	1177	TTCCAGTACCGGAAAATAATAAGCAAACGCCTTGCCCCCCATCCACATGAAATCTTCCTGGTAGACAAAGGGGTTTTCCTGAAATTTTTCATAGGCTTCCCCCAGCGTCAATCCGCCAAAGTTACGCCACGCCACCTGGGCATCCAGATCGCCTTCGTGCGGATCAAAATCCCGTTCACCGGGCAGGGGCCCCACAACTTCCCTGAATGGTTGTCCTGTCATACGTTCTCACACTTCTATTCAACACACGCCCCGACATAAACGCGCCTGCCGGGACAGCCATTAATCTAAACTCTTTCGATCAGTCTTCATAAATCGCACAAGCGAGAACGAAACTACCAAAGAAATTACCAAATCCCACAAATGCACCAACAACAGCCATCCAGTTCTTCCGGGAGGTAAACCATGCGAAAGAGACAATTCCCAAAACCATTCCCAGATAGGACAAGGTCCCCCCCAGGGCAAGCAACCTCTCAAAATGCTCTGCCGCGGGTCCTTCCCAGGTAACCACCGGTTGTCGGCGAGAACGATCCACCCGAATAAGCGATACAGCATAGTACAGCACCACTGTCCCCAGTAGAGCCAGAAAAGGGGAACAGACAGCCAACTTATCATTCTTAACTTTAACATCCTGTTGATAAGTCGCAGAAGCCTCCCAGACTAACTTGTGCTTTAATGAATGAGGTAAAATGAATCGCAATAACCACAAAAGAATGAAAATATCTGACAGCGAGACGATGGGAAAGAACAGAACTTCATAAATCCCCTCAGCTCCCGCTGGTGATAAAAAGGGAAATGCTGGTTCGCTTCCTGCTCTCAAATCTGCTTGATTGACAGCCAGGCCAAACCACGTGAAAGGCCAGACCCAGACAAAATAGACGATCAGTAGAAACCGCATCGGGAAAATGATTTCCGTATTGTCAGCAGACTCTAATTCCATCATTTAGATTCTCACCGAAATCGACTTCACCCGATCATCAACAGCGCCAGATAAGGCACCAGGTTGAACACCAGAAACAGCAGCTTGAACGCGCCCACAAACACATACATTACCACATCAAAGGTCTCCCGAGGGAGAGGAAACCAGCGTTTCTGAGTCCGATACACCAGATCCGGCATCAACAGGAAACAGCAGGTCCACAACAGCAGCAGTCCGCCATTGAAGACAGAGCACCAC
CP036317.1_gap46	1975394	1978375	2981	AGTATACGAAGGTGATAAATTTGGGAGTCAACATTGAATCGAAAAACAAAACATCTCTCATGTCTGTGCTCCTTTTTGTTGAAGTCTAATTCACCAAAGTTCAAATGATACTATCTGTCCTCCAGTTCTAACCCATCACAGAACCTCCTCACCGCAGTGTTAAACACCTCCGGATTCTCCAGGTACATGAAATGGCTGCCCCCCGCATCCGCAGCGATCATTGCCAGCTCTCCGCGCGGAATCTGTTCCGCAACCCAGGGCATCGCCGCTGGTCCCAGGTGGCTGGCCGCGCCGCCGATACACAGCGCTGGCAAGGTAATTCGGGGCAGCAGATCGCGATAATCGGCCGCACTTACGCTCAGCAGCAGTTCGGCAGCATACGGACGGGGAAACTTCAGACTCTCCTGGATGACCTGCAACAGTTCTGCTTCGGAAAAACTTGCCGTAAACATGCCCGCCAGGAACTCGGCTGACTTCGCCGGTCCGTCAGGCCCTCCCACCAGTTCCGCCTGCGCCAGGACTTCATCGCCCCCCACCTCGGCCCCATATTGTCGGCATTCCTCTTCCGACCATTCCGGACGACGAATACGGGCAATCATCTGGTCGCAGAGCACCAGGCCACTCAGGCCCGCTTCACCAAACAGATCCAGATAGCACCAGATCACCGCACACCCCGCGGAATGCCCGAGCAGAATCACATCCTGCAGTTCGAGGGCCTGCAGAAACTCGCGCAGATCCATCGCCAGCCGGGAGACACGATAACCATAATCCGGCTTGGCCGACTCCCCATGCCCGCGGTAATCCAGCGCCAGACACCGGTAGTGATCACTCAAACCATCCAGCTGCTTCTGAAACAGCGCCGCCGACTGCGACCAGCCCGGCAGTAGCACGAGCGGGGGACCAGCGCCCGCCGCGAGGTAATGCAGATTCACCCCGTCCGAGGTCGTGAACGTTCCGGATTCGGTTCTCGTCATTGATCACCCGCTTTCAATTCTGGTATTTCAGGGCAGAAAGAGTCCCGCGATGATAGCCTAACCAATAATATTGTACATCACAAAACAAAATGCGAGTAAATACAGCAGCAGAATAGCTAGAGAGAGTATTCCCAGTCCCCGACAAAACAGATTCCCAAATCGAATTGCTCCCACGCTGAAGCCAATCCCCAGCCCCCAGACGATGAATTTAAACCAGGGCACCTCCCGCCTCCAGGGAGAATTAAATCGGTAAAACTTCAGCGGAGGAAACAGGCCATGCGCATCGGGAACAAACAGCAGCCAGTAGAGACAGAAGAGTGCGATCACTGCCTCAAAGTTTCCCGCCCACCGCTTCCGGATGGGGGGTAACCATTTTAAATGCCATACTTCATGATCCGGTCTCAGCTCATCCATCACTGCCACACTTTCTCGTCGACCGATGGATCACAACTCTCGCCGTCTCCGTCGGGGCGGACCATCGACGGCTTCACTGGCCATCTGGTACAGCTTGAACACCCCGAACGCCATCAACCCGCAGCATGTCAGAAAGACCCAGACCGCCGTCATACTGGAATGTCCTTCCAGCCGGGACGAGTCTTCCACGCCCGACAGGTACTGCACTGTCACCTTGGGCCCCGGTTTCGGCCAGCTGCGCGGCACATCGTCACGCTCGCTGTGATGCTGTCCCTCGGTGTCGGTAAACGTGTACTCCACCGCCAGCAGCGGCTTTCGGCGTTCGGCCGTCTCGAACACATTCGTCACCGTGGCTTCAGCCGTCTGGCCCCAGATCATGAATTTCAGTTCCTGAAACGCATAATATCCAGAGGAGAAAAAGACAACGACAGCAAGCAAAATCCATTTCGCCATCGATTTCAACTGGCGCATCTCATCATCGGTATCCATGGTGTCTGGCGGCTTTCTTTAACGGGTGTCATCTCAAGTCAGAAGTACAATCAGGAGTGAACAGACTACACAACATTTACACAATTGTACACACCTGGCCTGAAACTTTTTTTCTCCCCCTGATTTGAGGGCGCCTATCAACGTCCGAAACGGATTTAACAGAAGTTTTCTACTATAAACAGTTTAGAAAGTGGCCCCCGCTTCGAGTGTGAGAACCGGGTCACAGTATTCCCCTGATCTCCCCCAGATTGCCAGACCAGATTTGAGTTAACACGTTCTGATGACCGATACTTCTACCATGTCTCGCTTACAAGGAATGTATGATGACAATGCTCTCCAATCTGATTAACGATCTGTTCTCCACGTCCCGTCCGGCTCAATCAGCAGGCAGACGGTTCCGGATTGATACTCCGCATGAGTTCGCAGTCACCGCCGCACAGGAATTGAACGATTCAATCCATCTGTGGTCCGCTCGGGAAGCGTCCCAAGTGGAAATCCATCATTATTCCTCCGCAGACGAACTGGGCCAGCTGCTGGATCGCTTCGACAAATCCAATGGGCAGGGGATCGCAGATGTGGTTTTACTACTCGACGAATCTCTGCCGGTTCAGTTTGAGCATCTGCTGCATCGCCAGAACCCGGGCCGCCGCCTGACGCTGATTCCCCGCCAGGCTTCCGCAACTGAGGTTTGTTACCCGCTGGGGCTGACCAGCTCCCACTTCCGCCTGGACTGGGAAGCCGTCGAAGTCAACCACTACCTCAAAGACGCGCTCAACAGTAGCATGCTGCGTCTCAATAGCAGTGAAAAACTGGCGGTCCTGCTGCCGGCAAATGAGTCCTTCAGCGAACTCATCCGCAACAGAGAACGCGTGATGTAACCGCTGGCGGATCAGTCTCCTGCGGGTCACTCATGCACGTAGGCCCAGTCGCCCACGCGTTCCAGTCTCCCACCATAGCCGTGCTCCGGATAATTCTGCAGCGGGAAATACATCATCTGATCCCAGTTGGGGCCTCCGCTTCCGGTTGACACGACCAGCGTCCAGGCATTTCCCTGAAACCGTTCCCGGGACTGGGCCCCCGCACAATATTCGTACGCCGGATAAG
CP036317.1_gap47	1982423	1983843	1420	TGGTTAGCGGCCTCTGCTTCACGAATCGCCTGCTGCCTCCGGTTACAGTAATGAATTCCCGTCGTCAGGGCGATCGCGTAAGGAATCCAGATCAACCGGTTCCACGGTTCGGCCAGGAAGTACAACAGCAGCAGAAATAACGAAATCAGGAACCACATTACTGCCGCCGTACGAACCATAAACGCTCTCTCGCGCGGCCCACTCGTGTTTCTGATACTGCACCAGGTGCCGATCATGCCTCCCAGCACCCCCAGCAGGATCCCGCCAATACTGCCGATCCAGATAAAACTGTTCTGATCCATCTTAGTTACCTCTCAAACGACAGGCTCACGATTCAGATCCGAATACGGATAATGCCCCGCCGCCTTCAGACGTTCAATCAATTGATGGCCTCCGTTCTCGCGGGCAAACTCCATCTCAGACCGAAACACTTCGATCACCGCCAGGATCCCGAATGGCTGCCTGTCTGCGTTATCGAACGCACCATAACCGTCAAAGATCAAACATTTTCCGCCGACGGTATCCATGTCTTCCGGAAATTCGCATGTTTCCCCCGGGTTCAGCCGCGCCTGTTCGCTGTAACGCGCGATACAATTCAGGATCGCATTGATATTCGTGTGGATGGCGCCAAACCCGGTCTCCTCGTGATGAGCGTCCTCCAGCGAAAGTTCCTCTTTTGTGAACATCGCCAGTTTGTAGCAGTCGAACCAGTCATTTGTCGAACCCTCACCCGGTCCCTCAGACAGTTCTTTCGTCGCCACGGCCACTCCTTCAATGCCATTCGGGAAATAATACAGATCCAGTGCGCCTCCCAGCGCATAGGGAATCATGGCATGCATCACCATATCGTGCTCTTTGCCGAGGATCGCTTCCATCAATCTGCTTTTTTCATCATACCAGGCCTCTGCAGCCGCTTCGTCATACTCCTTATACTCCTTCTTCCGCGAAAACAGATTCTTCAGCCAGTTCCACATTCGAATTCTCCCTTATCAGGCTCGACCTTGAATACGCATGAACCTCAATACTCTCTCAGGTCACTACTGACCGGGATCAATCTTAAAATCAGGAGCCAGTCGATGCTGCCACTCATCACACGCGCGTTGATATTCCGGCTTCAATGATTCATCTGAACATTCCAGCTGCTCCATTTTATTCTGCGACGAACTCGTCCAGACGTTCAACACTAAATCCAATAATAAGAAAACACCCACGATCGCCATGTTCAGGCTCTTGAATCCACTACTGATACAAATCAGAAGGCTCATTGGGAGCAGGAGTCCAAACAGTAACTTCACCCCGATTCGCTCCCATTGATTATGGGTCTGGCTGATTGTTTTCCACTGCATCAACGAGTCTTGATCCTGAATCACTGGGTTGGTTCGCAGATACGCATCCAGTTTTCGTTTGCTGGAAATAAAAA
CP036317.1_gap48	2050892	2055178	4286	CAACCTTGATTCTCTGCACCCTCGCTTTTCATGGCTGCACGCAGTTGAATACCCAGGTTTCCAAAGTGAAGTCTGCGCTTCCCGGTAAACACCATGAAAAAGAAGAGAACGTGCTCGCCGCTGCCCGCTCCCTGGAGAGACAGAATGAGTGGATCGGGGCACGGGAGAAATATGAAACCTATCTGAAGAAGAACCCCCACAGCGTCAAGGCCTGCCATCGACTGGGCATTGTCTGCTCGCATCTGGGAGACACCGTCGCAGCCACCCGCTACTTCACTGAGGCCAAACAGCTCGATCCCAACAACTCCGAAGTATTGAACGATTTCGGATATGCCCTCTATCGACGGGGACAGTATGAAGCAGCGGAAAAAATTCTGGCTTCCGCGCTGCAGAATGATGCCAAAAACACGCGTATCATGAATAATCTGGCTTTGGTGGTCGGGCATCAGGGACGCTTCAAAGAGAGCTACACGATGTTCCGCAACATCATGCCAGAAGCGGAAGCTCATGCCAACGTAGCCTACATTCATACCCAGCGTGGCGAAGGAGAACTGGCACTCAAAGAATACGACCTCGCACTTACTGCAGATCCTGACCTGAAATCAGCCGGTCAGGGAGCAGCGGAACTGGCCTTGCTCAGAAACCGCATGCTGGCCCGGAAAACCGCAGAAGCAGAAGAACAGCTCGCCGCAGCATCCAAGGAAGAACAGAAACAATCCCAGGCCAGTCCAAAATCGCCAACACAGAAGCAACCGGCGCAGCTGGTGAGCCTCAAAGCTTCTGCCAACACCCGCACACAACAACTCGAATCGCTGACACAGCAGAAGCCGGCTGTGAAGAAAGAAAAACTGATCAGCCAGGTCTCTTTGAAAAAAGAGATGAAGTCAACGGCACCGGTCAAAGTGAACCCCTTCCGAAACATCCCGGACGATCCGGCACCGGCTACGACTACGACTCGTAAAATTCCTCAACCGGCTCCTCAACAGAAACCAGTTATCGAACAGAAACCGGAAGAAGCACCTCTGGAAATCAATTCCTTCCGCGAACTGGACGAGATCGCAGAGGAAAAACCGGTCATCATTCGTATCTCAAACCAGGTTCCGGCGGCAGTAGAAAAAGAAGAAACGCTCTTCCGCTCACCGCAGGAACTTTCGAATCAGTAAACGAATGTTGTTTACTTAACGCGATCCTCAATGGCTTTCACTGTGGATGCAGCCTGAAAACGGAAGTTCCTGTTCTCTGTGTTACGAGTCACTTCCTCGATCTTCTTCAGGCTCTTTTCAGTGCCGATCTCTTTGAGCACCCGCATCACATTGACCGTCGTCAGGAAGTCATCGGGATCGAGCTGTTCAAGCACTGCTTCCTCTGCACCACTGCCATATTCAATCAGTTGACTGCCAGCCCGGTGGGCTTTGACCCGGTCTTTTAACAAACCGGCGACCGCCTGCACACCTTCATCGGTCTGGTGCTGCAGAATGGCCTGCATCAGATTAGGCTGCGCCAGAATATTGATCTCAGGTAGCAGTTTGATCATGGCCGGCACATCCTCTTTATTCGACCAGACCACCAGCGCCTCAGAAGCATCCTTGACGACGGTAATATCTTTGCTCTCCAGAATCCGCATCAGAATCCGGGAGACTTCCGGATTTTTCTCTTTGGGTTTGGCCTCGCTCAGTTTTTTCAGAGCTGCTTTGCGTTGAAACAGATCGGTGGTCGACAGGTCTTTTAAAATCGCGGTCACATCTGCATCCAGATTTTCGGGGACCTCAAATTTCGCTGCTTCCTTCCGTTTCTGCATTTCTGCTTCAAGTTTCTTGAGTGACTCAGCCTGCTTTGCCTGGAGCTGTGCCAGCTCTTCAGCGTTTAACTGCCGCGAGGTAATCGTGATCGGAATCCGATGTGTACTCGACTCACTGCGCCGGACGAGCTTATAATCCAGTTTGAGTTCCTGCACCGCCCCCTGCTGCCTGTCAAACTGAATCTGCCCCGTCCCGGACAGTTCGACCTCCGGTCCATCTTCCACAGTCGCAATCGTCCGGTAGCTGTGCTTGACCTGAATGGTCACCAGATCACCTTTCTGTCCGGTAATCTCATATTCGGTTGTCTTTTTAGCCCCCAGCGTTTTCTCCACATCCGGACCACGGAAAGGTAGAGAAATCCGATCTGACGAAATCACGGAGATATTCGCCTTATCCATTTCGGACCATGCCGACTTCCCTTCAGGAGATAACGGAATCAGATTAATCTGCGATAAATGCCCGATCAGATAAGGCAGCAGTGATGACTTCCTGACCGTTTCGATCTCTCCATAACGGTTCATCACAATCACTTGTGTGCCAAAAATTCCTGACATGCTGCCGACCAGCCCTGCAAAGGGGCTGTTGGGAGTCAGTCGGGGCCTGGGAGGGATGATTAGACGCCCGTTTTGGAGCTTCCTTTTCCGAGCGGAATCCAACTGCCCGGCACAACGGATCGACAGGCTGTCGTCCGTCGCTTCCTTCACCCAATACCGCTCGATGCCGTTAAGCGACTCTGTGTAATCCTCCAGGTCAACTTCGATGTCGACCCGGTAAGCCAGCTCTTGACCCTGCTTCCACTGATATTTCAGAGGTACCGCGTCTGCCGCCGATAAGAGCGCGGGCAAACCCACCACCAGGAAAAAAACCGTACAGAAACGACAACGTAACCATCTTTGATTAGTCGAGCGCATTGAACTCCCCCCTTGGCACAACCCTCGCCGAAACACCGGCACTAAAGTGAACAGACGCGATATTCATCAGTATACAACCACCGATCAATAATGCACCTGCTATTTTGTGAAAAGCGCAGCGGGAGTGCTATTCCCGGGGATCACCCCTTCAGCAGCCAGTCGACAGCAGCGTTCTCGCGGTTTTCCCTGCCCTGGTGCAATTCCACCTTGTTCAAGAGTCCCGCTGAGTTGTAAGTCGCCTGCACCAGTTTGGGTACGGCAGCAGATCTGCCAGCCAGCCAGAGGGCTGCCGGTTCACAGAGCGACAACAACCCTGGCACATCGCCATATTTCACAGCACCAGGCCACAGACGGAGATCGCGAATGTTGGTGATCTCGGCAAAGCGAAAATCACCCGGGTCAACCGCCAGCTGGTCAATCAGATTCGGTGAATGAGCACAGGCTGCTGCTGCCCGCACGCCGGAAAAACCAAATCCCGCCAGCGCAATCGACTGCGGGTTACTCTCATGATGTTTGCAGAACGCCAGGGCATTCAGAATATCGTGAACCTGTTTGGCAAACACAGGGTGATTATATCCCAGCGTATAACCGGCAAATTCTCGTGGATTCTTCACCACGGGCATTTCGCTCGGAGCGGCTTGCAGCTGATTGAATTCACCCTGATACAGCACATCAATGCCCGCGACCGCGGTACCCGCATCAACCAGCCGCTGGACGGGACCAGCCAGCTTCCCATCCGGTTTCAGCAGACCGGACTTGCCGGCATCGGTCAGCCAGATCACCACTTTCTGATTCCATTGATCAGGCAGGCAGAACAGAGCCGGTGTTACTTCACCGAACTGCTTATTCTTGATCAGCGTATGATACTGACGATAGCCTGTCAGCTGGTCTTCGGAAATGTTTTCCGCTTCCAGATCATCCGCTCCAGGCAGGGAACGTCCCACCATGACCTCGATCGCCCCACCCACCACACGACGATATTCCGCCAGCGACTTCTGATCATTGGGCGTGAGCTGCTTGATCTGCCGGGCATTGTTCCGGGCCAGCGTATGCAGAATTTTGATTTCGGACTGTTCGTCTCCCGGAGGAGCAGGATATTGCTTGCTCCAGACGGTCATTTCCGCTTTGGTCAACGGTTTGAAATCGGCCTCGACGATGGGTGAAGAGAATCCCAGTTTGAAATGTCGATTGAAAAATTCATACATCATCGCCCGGCTGACATAGTTGTAGTTATGCGGGAAGGAATAATATTTCCCCACGACCTTATCGGGAGCCCCCATCATTTTGAAATGCTGTTTCAGTTCAGGCAGCCCTTTGGTTTCAATTTCTTTCGTCCAGTCGTTCGCTGCCGTCATCCCCAATGGCCGCGGTGCGAGCAACGCAGCGAACTCCACATTCCCCGTCCCGATCCGCAGGTACGTCGCGTTTTCGCAGGTACAGCCACCCTGCATCGCTGTGGAAACCATCACCGCTGGAAAGGCAGCTGTGATCCGATCATCGATGGCTGCCAGAATGAAAGTCTGCGTCCCGCCGCCGCTGGCACCGGTAATCCCAATCCGGGTCTTGTCGACTTCGG
CP036317.1_gap49	2116244	2118763	2519	TAGATGTTAAAATCAAATTCTTCACACAGAATATATACATTCGAACATATCAATTTCACCTAACAGGAACCAGAGAGACATGGGACGTGTTGAAAAAGGGCGTGAATTAGCTTCGCGTCGCAGCCGGAAAGCCAAACTGAAAAAACTCCGGGAAAAGTTCGCGAAAGCCAAGGACGCTTCTGAAAAAGAACAGATTCAGGAGAAAGTCCGCAAGATCAGCCCCTTCACGGTGCTTGAAGAATCTGCCTGAACCCGCTGTTTCAGTCACTTGAGACAGAATGAATTCATGACGCTGACTCGATATGCAGTGAGCGTCGTTTTTTCATGCGCGTCACTCAAAAAAACAGCCCCAGGCAGTCCGCCTGAGGCTGTTAAAACTCAAATCCTGCTATCGACAACGCTCATCGCTCAGAGAACTGAAACCGTCCTTCGTGAGCGTCGACATGGATTGTCGATCCCTCCGTAAAATCCCCTGACAGTAACTTGTTCGCCAGCTCATTCTGAATATGCTGCTGAATCGTCCGCTTCAGAGGTCGGGCTCCGTAGACCGGATCATAACCTTCTTCCGCCAGCAGATCTTTCGCCTCCGTGGAAACTTCCAGCGAATAGCCGTTCGCTTCCACCAGTCGGGACAGATTCTTGAGCTGCAGATCGACGATCTGGCGAATTTCCTCTTTCCCGAGGGGATGGAAGACAATCACTTCATCAATCCGGTTCAGGAACTCAGGCAGAAACTCATGCTGCAAAGCGTCCATCACCCGGTTATGAATCAGCTCCTCATCCTCTTTGCCCGACAGATCCATGATGGTCTGGCTGCCGATATTCGAGGTCATCACCACGATCGTGTTCGAGAAATCGACGGTCCGGCCATGACTGTCTGTCAGACGCCCATCGTCCAGCAGCTGCAACAGAATGTTAAACACATCCCGATGTGCCTTTTCAACTTCATCCAGCAGTACCACTGAGTAGGGCTGTCGCCTGACCGCTTCTGTCAGCCTTCCCCCTTCTTCATACCCAACATACCCGGGAGGGGCACCAATCAGACGGGCCACCGAATGCTTCTCCATGAACTCACTCATGTCGATGCGGATCATGTTGCGTTCGTCATCAAACAGAAAGCTGGCCAGCGCCTTACACAATTCCGTTTTCCCGACACCGGTCGGCCCCAGGAACATGAAAGATCCGATCGGTCGATTCTGATCCTGCAGCCCCGAACGGGAGCGGCGGACCGCATTGGAAACCGCTTCGACAGCTTCGTTCTGATTGATCATCCGCTGATGGATCTCTTCTTCCATTCGCAGCAGCTTATCACGTTCACCCTGCAGCATTTTGGAAACGGGAATTCCGGTCCACATGCTGATCACTTTGGCGATATCCTCCGAAGTCACTTCCTCACGCAGCAGTCGCTCACCGGCGTCATCGCCCAGTTCCGCCACACGGTCTTCCATCTCGGTCAGACGCTGCCGGGCTGCATTCAATTCCTGTTCGGCATTGTATGCCTGCGCATAATCTTCGTTGGAGTTGGTCTGCTGCGCCCGGTGGAAGGCCTGCTCGTAAGCGGTATTCAGCCGGTCAATCTCTTCCTTCAAAGGCTGCAGACCCGCTAGAGCATCTTTCTCCGTTTCCCAGCGGGTTTTGAGTGCATTGACGCTCTCTTCACGGTCGGCAATCTGCTTTCGCAGTTCGTCAAGCCGCTCTTTACTTTCCGGAGAGTCTTCGCTCGCCAGCGCAGCCGCTTCAATCTGCATCCGGGTCAGTTGCCGGGTGGCTTCATCGATTTCGGACGGCATCGAATCCATTTCCATTCGTAACTGACTGGCTGCTTCATCAACCAGGTCAATCGCCTTATCCGGCAGGAAGCGGTCGTTGATATACCGGTCTGACAACGTCGCGGCGTTAATCAGCGCATCGTCCATAATCCGAACACCGTGGTGCGTCTCATAGCGTTCTTTCAGCCCCCGCAGGATGGAGATCGTGTCTTCCACTGTCGGTTCCTGAACCATCACCGGCTGGAATCGCCGCTCCAGGGCAGGATCTTTTTCGATGTATTTTCGATATTCATCGAGAGTCGTTGCCCCGACACAATGCAGTTCCCCGCGTGCCAGCGCCGGCTTCAACAGGTTCGACGCATCAGCGCCCCCTTCTGCAGCACCAGCCCCCACGACGGTATGCAGTTCGTCGATAAACAGGATGATCTCCCCCTTAGCTGACTCGATCTCCTTAAGCACTGCCTTCAGGCGATCTTCAAATTCGCCGCGGTACTTGGTACCGGCAATCAGTGCGCCCATATCCAGCGCGATTACCCGTTTATTCTTCAGGTTCTGTGGCACATCCCCCATCACAATCCGATGAGCCAGACCTTCCACGATCGCCGTCTTACCGACGCCCGCTTCCCCGATCAACACCGGATTGTTTTTTCGTCGCCTGGACAGAATCTGCACGACGCGGCGGATTTCCTGATCGCGGCCGATCACCGGATCGATCTTCCCCTGTCGCGCCAGCTCGACCAGATCTTTACC
CP036317.1_gap50	2224594	2228882	4288	GACCGGTCATATGTGGTCTGAATTTATCAAAGATGAGCTAATAGTTCCAAAAGGGAGTCCAGCAATGGAAGAATTGTCGTTGGAACACAGCGAATCTATGAATAGCGGCGAATATACGATCACTGCTATTGTATTTGCAGAACTTTCGCCAGAGAGGCCTCTATCGCTACTAGCTATTCGGCAGGAACACTTCACGGTTACTGAGTCAGGCGTAACCAATTCGAAGCAAACAATAAAAGATGACCAGAACTTGAAAACATGTCAATTGCTGGCATTTGTCGCTCACCAAATTGGAAGTGAGAAATACTTGATTCCAAAAGATAAACTGCCTAACACCCGGTTGAACATTTACGATCAAGTAAAATACTCAATTAAAGTATTACCTCCTCCTGGTACTAAAGTAAAAATACCTGAAGCACTATCGATGTCCTGTGTGGTAGAGAGTGACTGGATTGATTTCCCATTAATTCAAGCAGATTTATCAATTCCTGTAATCTTAGCTGTCTCCTGTGAAAGCTCAGAAAAAGGTCACCTTTGGACTGATTTTTTTCGACCTATCGCACATGTATCATGGAATCAACCTGTCCCATCAGAGTTTAGTCTTTCTAAAGAATTGAACGGAGTTCGTGGTGGTAAAAGAGTACCTGCCGGGGAATATACAATGACGTCTATGTTGTTTGTTAATATCCCCCCAAAAAACCTCCCCACCTTAATAGGAATTAAACAAACCAAGTTTACGATCGAGCCAGCTGTAGTGAATAAAGCGAAATAATCTTTTTTCTCTGGATTGAATCAATTCAGTATGAAATTTATATAAATTCCCAGTTGTAACGAACTCAAAGATAGTAAATTGGTTCATCTAAATTAATTCCAATTCTGTTGGCCCCACAGAACGACCTATTATCGGTCGACTTTATCTTACCTTTAATATTATTTCATAAGTCATTTCGAACAGTACGATTTTCTTTAGCGAGTCATAGTTACTTAATCTCCTATTTTTATAAATGCAAAGTCATTTTTAAAAATACATTTTGACGTATTCTGTAAGTTTACTGGAGAACAATATGATTGAAAGTTTGTGTGTGATTGGTCATCCAAGTCGGCTTGGTGGGGCAGACACAGAGTTAGATCATCAGATCCGTTGCTGGCTGTCAATGGGTATTGAAGTCCATCTATGTCCTGTATTCGCCTTGGACAACAATCAAAAATCGATGGGCTTTGAGGAGATGGGATGCATATACCATGAACATTGTGATTGGGCTTCTCTTGAGGGGATGCACTGCATCTCTTTTTGTAATGCAGAATTTTTGAAATATTTGCCAGAGATAAAGAAATATTCGCGCACTACAACATTCGTAAACTGCATGTCTTGGAACTTTGAGCTAGAGATTGAACACCAAAAACAAAATTTGATTGATTTTCATTTATATCAAACAGAGCATTCGTACCAACAGGTCAGCAAAAATTTAAAAGAACATGGCATTTATCGGCCACTATTTTTCCAGCCGTATTTTCATGCAGAAGAGTTCCCTTTCATTGACAATCGCCCGACGGATAAATTTCGTTTTGGTCGAATTTCTCGTGATGACAGCGGTAAGTTTGGAAGCGAGCAGTTATGGATTTACGAAACGATGACTGCCCCAGTTTTAAAAGAGGGCCTTATTCTTGGGTGGGGGGCAAATACAGAAAGTAAGTTGGGAACAAAACCCCCTCAATACATTCAGGCAATCCCTGAAGGGGGACTAACGCAACGAGCATTTTATGCTCAATGTGAAGCAATCATCATGACGACTGACACATTTGAAAATCTTCCTCGAGTCGGCTTTGAAGCCATGTCTTCTGGATCAATTCTTATCGTTGATGATCGCGGTGGCTGGCAGCTGGAAATTGAGGATGGAGTGACAGGCTGGTTATGCAAAGACCATCGTGAGTTTGTCTATAAGGCTTCCCGATGCGCTTTCGAAAAAGAAGAAAGAAACATAATGCGAAAAGCAGCCAGGGAAAGACTGGAAAAATACTGGGGATTGCAGTCAGCTATGGATTCCTGGGCACAGGTGTTCGAACAGTGGGAAAAATATGACATCGATGCTTTCGAGCAGAAGGATGCTCTCACTGCTCTCTAATTTATCTGGAAGTTAGAACATACCACATAATAAATCACCACTATTTCTACATGGTTAAAGACGTTCGCTTTCAGAATGCAAAGAAAGCTATCGGTAAAATCGCATTTGTCTTCCCAAAGATGAGAGAATTTAAAAAGACTAAATCTAACAATTCCTGAATCTTCACTTTTGAGTTAGCAGTGAGTTGGAATCTCATAAGAGTTTTCTATCAATCAGAGATAAAACGAGAGTCTATGGAAAAAATACCTTTAATTAGTTGCGTCATGCCTACATACGGTCGTCCCGAGTATTTACATGAGTCTTTAGAAATGTTTTTATCACAAGATTATGAGAACAAGGAACTCTTAATTGTTAACGACTGTCCGGGGCAGACAATCATTGGAGAATATCCTCAAGTTCGAATTATCAATTGTAAAAAACGTTTTCATTCCCTGGGAGAAAAACGCAATTTTGCGATTCAAGAAGCTGCCGGAAATTGGATCGCCGTATGGGACGACGACGATATTTACTTACCTTGGCGTTTATCGTTCACGATGCAGGAAATCAGTGAGTTTCAGACGCCGTTATATCGGCCTGCAAGCTTTTGGGCTTACTGGGGCGAGACGACACTTCACAGTAATCAATGCACTCCAGAATGGATTAGTCATCCTCTTGTCACCATGCACAAAGATCTGTGGGAAGCTGTCGGTGGGTATCCTTCTATAACACTTTGCGAAGATGCTGCTTTATTCAAAAAAATACGAAATTATCTAAAAGTTGATTGGCTTACATATCCAATCGACAACACTGATCGATACATGGTAATGCGCGGTCAGTCACTATATAAGCATACTTCTGTTCGTGGAGGAAAACAGAAACCTCAAACGGCGCCAGGGGATATCTACCTCACTCCCAAACATATTAACGATGATGTTTTGCGCTCATCTACAGAACAGTTAATCAACAAAAGGCCCAATCAGAAACATGACATTCAATGCAGCAATTCCAAAGTTAGATCCCTTTGTAACACAAATTGGTTCACGAAAAGGATTTCGAATACTTTTTTAGATGACCTGCCTTTAGTAAAAAAGAAAGTTGGTTTTGGGAACCTGGGACGACATGGCTGCCTTGGATACGAGAATGGACATGTGATTGTAAAAAATCGACGAATCAAACACTCGTTGAGTACACATCCACCAGCGAGCCTCACCTATCAACTCGATGGACATTATAATAGCCTCGAATCTTTCGTTGGGTTCAATGATGATGTTTCAGGGAGAACCACCTCTGCTGATTTTAATATTTATGCTGACGGAGAGTTGATTGAATCAGCAAAAAACATCTCACCCGGTGCCCCATTATTCAAAATCAAAGCAGATCTGCGCGGTACAAAAGAATTACGACTGGAAGTCGTATCTGACCAGTGGGATTTTTGTCATGCTGTTTGGGTGGAGCCGCTTCTCATTCATGAAGATGCACAAAATCAGATCACATCAGATTTTATTGATTGTCTGGGCCGAGCGGAAATTGAGATACCAAATATTGAGACAGAAAATGTACCTGATCTTTGCATTGCAACAGTTGCATCACCGGAATATGAAACTTGGCTTGAGTCATTTCTCACATCACTCAAAATGCACAGTGAGTGCGAAGATGCTTTGGTTGCTGTTTTCTGTTTTAATTGTACACCAAAAATGAAACAGCTAATCGATCAACATGGTGCAGTCTGTGTAACCTGCCGTAATCTTGCACAGATAAATATGGCTTCTAAAAGTGTATTGTACTCTGTCAGCAAAGTAATCTCTGCAAAAAAATATCTTTGCTTAGATGTCGACATGCTGATTCTTCGCCCCCTTGGAGGAATTTTAGAAGCATTGAATATTCTTCCTCCAAGTTCAGTCCTGACATGTAGAGATTCTGCAAATATTTTGAATCTTAAAAAAGCTTTAGTTGGTCTATACGGTTCTGATCCATCTGAACTTCAAAAGTTCGCGGGCGAATCGACATTAAAACTGCTTGATTACCCGCATGTAATCAACGATGGTTTGATTGCTGCAACACAGACAGCGATGAACACTATTGATACGGTAATTCGCAACTTCCCCAATGCTGCCAACTGGGTTTCAATGAAATCAAATTCCATTCCCTGGCGAAATCAGTTTGTCTTCAATCTTGCCTTGGCAAAA
CP036317.1_gap51	2346945	2349672	2727	TCATGTAATACCGGACTGCTTTCGGTTTCGTTTTTGAAAGAAATTTCTTGAGAACTCATGATTGAGGTCCAATAATGGAAGCCAGCAGCATCAGGTTGTACTGGCAGCACCCCGGTATTGACCTGGTGAATCTGAGCACTAAGTCCCTTGATTTCCAACACTTCGCTCCTCTTACAGACTTCAGGGCTGCAGCAGGAAAGTTTCGTTTCGATGCCATTTCCGGAGACCCGCCATACTTTGATTCAGCGGATTGCCACCACGGGGAATGAAGACGACTGGCGGACCTTCATGACGGACTACTGGCGGCCCGTCTGTCGCTTTTCCATCCGTTGGGGGAAAATCAATCTCACCGATGCAGAAGAAGTCGCTGCCTTGACCTTTGCCGCACTGATTCAGAATCAGCTGCTGGCCCGCTGGCTTTCCAATCCTTCCGCCCGGCTGCGAACCCTGATCTGTTCGGTCGTCCGCAATGTCCTTTCCAATCAGGCCCGGGTTCAGACAGGGCGTCAGAACATTCTCGAAAAACTGGCCCATGATCCTGCACGCCCCGACTGGATTCTCGACAGCCAGGGGGCTTCCCCCGAACAGCTGGACCTCTTTTATGCCGCCTGGGTGGAAGAGCTGCTGCAGGATTGTGTCGAAACCGTGATGGCAGAATATTATTCCACCAATCGCGGAGATTATTTCAGAGTCCTCTACGGTAAGATCTGTGAGCAGATGACGGCCCGGGAAATCGCTGAGCATCTGGGGCTGCAGACGACGACCGTCGAAAATTATTTCAAACACAGCCGCAGACAACTGGCGGACTGTCTTGAAAAAACTCTGGAAGCCCGGGTGCGTCGTTACAGTGATCCCCGTAACTTCGACAGCGAGTTCCAGCAGGAATGGGAAGCCCTGGGCAGCTATCTCACGGCGCAGGGAGGCCTGGAACAGGCGGTGCACCGGTCCTATGCCACATTGGATTCCCTGGAGCTGAGACAACGGGAACAGCAGTCGGTAACGGAGATCCTGAACCGCCTTGATCAACAGGATGCCTGCCAGCCGGATTCCGAATCTGAAGAAAACCGGCCCCTGCACTGACTGTCTCTGACAGCGCACAGCTGAAAATTGAAAAAATACAATTAATTTCCGAATTTGCTTACCGAATCTGCAGACCGGTTACATGAAACAGATAGCAGGAGTCGGACCGAGGGAGAGGATCACATTCATCATCGATTCTGAATCATCCTCATCGGCCAGAATGTAAAGTCCTTTTTTGAGGTCTCTCATGACAGACGCTAAAGAAAAAACATCCCGGCCTAAATCGCGGCGCATCTATCGCTGGTCGTTCATCGGACTGCTAATCGTGATCGTGTTCGTCGAATGGTATGCGCAATCTTCACAGCGCAAGAGTGTGGCTGCGCTGGATGAGGCGATGAACAATCTGCCTGCCAACCAGGAACTGCCCCTCGAGAAGTTTGAGTCTTTTCAGCAGGGGTTCCCCAGCGTCACCATTGATGACTCCGGAATCCGGCTCCGCAAGATTCATTATCGCTGGAGCGGGATCTTCAAAAGTTACCACCTGCGACTGGTCGTGGATCAGGAACAGAACATTGTAACCTACGACACCAGGGATGAGGGCAAAGTGGAAGGCATTACAATTTTCACGCAAACCGAACCCGACAGCCAGTTGAAAAAGGTGATGCAGGAACAGGCAACGCTCAGACAGGTGGAGGCATTCTATGCCAACATGACGCCGACACTGCCAATGTATATCCCGATGATCGCAGCCCCCAGAGAGGAAGGTGACCAGCAGGATACTGACCAGGACGCGTCCGAACCTTCAACAGAACCGCAACTGGAACCGACGCCCGATCACCAGTTGCAAATTCAGGCACAAATCGAAAAGCATTCACCCACCCCCTTACGAGAACTGCCACAGACGGAATTGCAGCAGGAGATCGATCAGCGCTGGCAGCAGTGGTATCTCGACCGTTTTCTGGGTTCGTATCAGAAATATGGACATCGCGATCCCCGCTGGGACAAACAGGCGGTTGCTTTCTTGACGGACTGCTGTACCCTTGCCAGCCAGGGAGCCCTCAAACAAGAGGCGGCGACCCGCATGGAGCAACAGGGGGAATTCATCGAGTCAACCAGCTGCGACGATCCGATTGTCCGCATGTTTTACATCCGCGCGCGGGCGGCCAACAGGCACCCGGACCAGCAGAAACAGATGCTCGATGAAGCATTGAAAACAGTACTGTACCCGCTGCAGGAATCCCGCTATCCACCGGAGGTCCAACTGGAAGGGTCCCTGCTCGTCCGGGATATATCACGGGAAATCACTTACGATTGGGCGGTCTCCGAGCGATTTCCGTGGGCAGAAACAGCAGATAATACCCGGGAACCAGATTATCATTGGAAAGCGGCTCAGCATCTGGTCTCCATTTTAGCTGACAGAAAACTGGACCACGATGAACGTCGTTTCCAACTGAAACACATCCTCGACAACTTCGTGATCCGGGAAATCCGTCTCTTCAGGCTGATCGTTGTCACCCTGGAACAGTCGGGGGCAGATCCCTGGCTGACTCAAATGCTGAAAGGGTATTTGCATTATCGGCTGGCCATCGATGTCCACGCGATGCATGCCTGCTACTGGACGAAGCCTGAAAAGACGCAACATAATCTGGAATACCTGACAAACTTCCAGCCAGGACAGGCCCAGATCGCCCGCAACTGTTTTCAGCA
CP036317.1_gap52	2521422	2523674	2252	TCTTTATTTTGCGATCCGTAAAACAAAATTTTCGTGTCTTTCGTGCGTTTCGTGGTAGAAAAAACAGCCAGAGTCGCCCCCAATTTGGGGAAAACAGCTTATTTCATGGTCATTTCTCCGAATTTTCTCCCAAATCGGGACGATATTATGGACAACTAGATCTGATTGTTTATAATGAATAGACATGAGACTGCCGGGAGCGCTCGCCAGTAGTCCCATGGACAACTAGAAATCCCACCTGAAAAGTGGTCTGCTTCCATGTCGGCAGACCGCTTCCTTCCCACCACAGACATGACGAAAGGCGGCGATGATGAACCGTTGGTTGATTTGTCTCGTTTCGACACTCACACTGGCCGTGTCTGCTTTTCCAACCTCCGCAGCAACGCCCAGTAACAAAGGCAAACAGCTGTTCGAATCCAAAATTGAACCGGCCCTGGTCAAGTACTGCTACGAATGCCATTCAAAAAAAGGCGAGAGCATTGAAGGCGGCTTGGAGCTCGACTCCCCCTCCGGCATGATGCGGGGCGGCGATACCGGACCAATGATCAAACCGCATGACATGGAACACAGCTCTCTGCTCCGCATGTTGCGTCACGAAGACGGCGTCTCGGGCATGCCTCCCGAAGAAAAACTTGCGGACGACGTCATCGCCGCGTTCGAGGAATGGATCAAACTCGGCTGCCCCGATACACGCACCGAAATCGGACCGACTCTCAAAGAACAGCGCTACCAGGACGCCCAGAATCACTGGGCCTTCGTACCGCCCCATAAAGTCGCGCCCCCCGCCGTCAAACAGTCCACCTGGCCTCGCGACGCGGTCATCGATGGCTTCACCCTCTCCGCCATGGAACAGAAAGGTGTCAAACCCGTTAAAGATGCCAGTCGCCTGACGCTCGTCCGCCGCGTCTATTTTGATCTGATCGGCCTTCCCCCGACTCCCGAACAGATCGACGCCTTCCTCAACGACAAATCGCCGAACGCCCTCGCAAAGCTCGTCGATCAACTGCTCGCCTCTCCCCAGTTCGGCGAACGCTGGGGACGTCACTGGCTGGATGTCGTCCGTTTCGCGGAATCGAGCGGCATGGAATTTAACTTCACCTACCCCCATGCCTGGCCGTACCGCAACTTTGTCATCGACTCCTTCAACCAGGACAAACCATACGACCTTTTCCTGCGGGAACAGATCGCCGGAGACCTGCTGCCGGCCCAACCCCATGAATCTCCCCAAGCGATCGAAGCCCGCAGGATCGCCCCCAGTATCCTCTCCTTCGGTCCCAAGCGGCATAATTCCGGCGGAACCGAGTTCCGCATGGATATCGTTGACGATCAGATCAACACCGTCTGCCGGGCCACCATGGCGCTGACCGTCTCCTGTGCCCGCTGTCACGATCACAAGTTCGATCCGATCCCCACCGCCGACTACTATTCCCTGGCCGGGATCTTCCTCAGCACCGAACCGATGTACGGCACGATCAAACAGAAATACAGCAACACCCCCACCGATCTGCTCCCCCTCGGGGAAAACGGACCGGCCCTGCACGCCGCTGCGGAAGCCTACGACAAACAGTTGCAGGAAACCGAAAAGAAACTGACAGCGCAGACAGCAGCCCTCAAAAAAGCGAAAGACGATCAGAAACTCGCCGCCTCTGCACATAAGAAGTATGAGCAACTGGTCGCCACCACAGTCGTCGATCCCGCTAAACCCGACGCCCTCAAGGGTCCGTCTCAGGCTGACGTCGATCGGAAAAAAGCGGAACTCGAGAAAGCCAACGCGCAGGTGACTAAGCTGACCAGTGAAGTCACCACGCTGAAAACCAAAGTCGCCGAACTCAAAAAGAATCCCGCTCCCCGGCCGCAGTACGCGATGACCGCCCGCGACCGCAAGAAACCCGCCGACACCTGGATCGCCGTACGGGGTGACTTCCGCGAAAAAGGGGACGTCGTTCCCCGTGGCTTCCTGAGTGCCATCCAGATCGACAACACGCCCAAGATTCCCGCCGGCCACAGCGGACGTCTGGAACTGGCCCGGTGGATCACCAGCGAGCAAAACCCACTCACCGCCCGCGTGATGGTCAACCGCATCTGGTACCATCTCTTCGGTCGCGGCTTGGTCCCCACTGTCGACAACTTCGGCCTGATTGGCAAACAGCCCAGTCATCCGGAACTGCTCGACGACCTGGCCCTGCAGTTCATGCAGGAAGGCTGGTCCACCAAACGCATGATCCGCCAGATCGTCCTCAGCCGCACCTACC
CP036317.1_gap53	2576503	2579504	3001	AGAGTGAAACCCGGCCCCACACACATCCATAAATTTAAATATGTTGAATCTTCGCTGCCGACCTGTTATATTAAGAACCTTAATATATTGCGCCTTCCTCATGTGAAAATCATTCCCCCTGCGATTTTCAGCAGCGATTTCGGAGCCCGCCACATGACTGCCAACCGACTCAAGGATTGCATGTTACTGCTGACGCTGAGTCTCTGCGGTTCAGCCGCGCTCCCGGCCGCGGAACCGGTGGATTATCTCAAGCAGATCAAGCCGCTGCTCAAAACCAAATGCCAGTCCTGCCATGGCGCATTGAAACAGAATTCCGGCTTTCGCGTCGACACGGCTCAGTTCATGAAACAAGGAGGCGACTCCGGTCCTGGCTTCGAACCCGGCAAGGCGGCTGAAAGTCTGCTGCTGGGCGTACTGACTGGTGACGCCGGCTTTAAGATGCCCCCGGAAGGAGCCGGCAAACCGCTCACCCCGGATGAACTGGCCCTGTTCCGCCAGTGGATCAACGCCGGTGCCCCCGCCCCGGAAAACGAAGTCCCCGAACAGGACCCGCGGCAGTTCTGGTCTTACCAGACGCCAGTCAAACCAGCGGTCCCCGAGGTCAAAAACAAAGCCTGGGTGCGGAACGAAATTGACGCCTTCCTCGCCGCTCAACACGAACAACACAATCTGGTCCCCCGTCCTCCCGCGGAACCGGCGGTCCTGATCCGACGACTGTACCTCGACCTCACCGGCCTGCCCCCCACCACGGCAGAACTGGAAGCCTACCTCGCCGATCCTTCTGAAGAGGCCTATGTCAAGACGGTCGACAAGCTGCTCGCCAGCCCCCGCTATGGGGAACGCTGGGGACGGCACTGGATGGACGTCTGGCGGTACAGCGACTGGTACGGCTCCCGCGGAATCAACGAGATCCGTTACAGTCAGCGGCACATCTGGCGCTGGCGGGACTGGATCGTCGAATCGGTCAACGCCGACAAGCCCTACGACCGGATGATCGTCGAGATGCTGGCCGGCGATGAACTCGAACCGGACAATCCCGATGTCGTTCGGGCCACCGGTTTTTTGGGTCGCAACTGGTACAAGTTCGATCGCAACGTCTGGATGTTTGATACCGTCGAGCAGACGTCGGTCGCCTTCCTGGGACTGACGATGAAATGCGCCCGCTGTCACGATCACAAATACGATCCCCTGGATCAGGTCGAATACTATCGCTTCCGCGCTTTCTTCGAGCCGCACAACGTCCGCACCGATGCCCTCTCAGGCACGGTCGACAAGGAAAAAGATGCCACGCTGGGCATGGTCCTCAAAGACGGCCTCGCACGCGTGTTCGATAAGGAACTGGAACAGCCCACCTATCTCTTCCAGCGCGGCGACGATCGCCAGCCCGATAAAGAACATCCCCTCACCCCCGCGGTCCCGGTAAACCTCACTAAGGAACCGGTAACAATCAAGCCGGTCGAACTCCCCCTGGCCAGCTATTACCCGGCGTTGCGTCCCGAGATCCTCAAAGAAAAAGTGCAGCAGGCCGAACAGGAAATCAAATCCGCAGAAGCAGCTTTACGCAAGTCCGACACCACCATTCAGCAGGTCGAACAACAGCTGGCAGACCTGCAACAGGGATCAGCGAAAGAGGCCGACGCGCGTCCCGCGCTCATTAACGAACGCTTTCAGCAGCCGAACCCCGAACTCTGGCAGACCGTTTCTGGCAAATGGGAATACATCGATGGCTGTCTGCGGCAGACCAATACCGGTGGCTTTCGAACCATGGTTTCGCAGGTCGATCTGCCACTGAATTTTCAGGGACGACTGCGTTACAAAACCCTGGAGCCGGGCCAGATCCATTCGGTCGGTCTCTTCTTCGATGCCGTCGACCTCCGCGATGCCCAGGCCATCTACACCGCGATCAGCAACAACAAACCGACCGTGCAGGCCTTCCACCGTACCGCAGGCCGCGAGTCGTATCCCCGGGCCGGCATCTTCCCCTGTGAAATTGAGCTCAACAAAGAGGTCGTCCTCGATTTCGTCGTGGATGGGCAGCAGCTCAACGTCTGGCTCGACGGCAAACTCAAACTGGCTTACACGATGCCCGTCCCCCGCCAGGCGGGTAAATTCGCCCTCTGGAATCACTCGGCCAACTCAGAATTTTACGAGCTGCGGATCGAACCGCTCGCCCCCGGTTTTCAACTCGCCCAGTCCGTGAAAGAAGCCCGGCGTTCCCCCTTCGCGGCCCCTTCGAGAGCCAACCTGCAGCAGGATCTTTCCCTCGCTCAGGCGGCGCGCGAGATCGCCGAATTGAACGTACAACTGCAGCAGGCCGAGCTGAAATCGCTGCAGGCACGGATCGCCGCCGAACAGGCGAAGGTCAACGAGGCCGCTGATTATGAACCGCTCGCAAAAACGGCCAGCCTCCGCGAACGGGAAGCTGCAGCAGTTCAGGCATCTCTCGATGTCAAACAGGCACAGCGGGATCTGGCAACACTACCCGCCCCGACAGGAGACAAGCCCGACAAAAAACGGACCGCAGCCGAACAGAAAGTCGCGGCTGCCGAGAAGAAACGGCAGGCGGCCCAGACAGCCATCAAACAGGAAGACACGAAGTACACACCCCTGGGAGAAACGTTCCCCCGCACCAGTACCGGTCGCCGCCTGGCCCTGGCCCGCTGGATTGCCGATGAACAGAACCCGCGGACCGCACGGGTTGCCGTGAATCACATCTGGCTGCGTCATTTCAATCAGGCCCTGGTTCCCACCGTCGCCAACTTCGGCCTCAACGGACGTCTGCCCACGCATCCGGAACTGCTCGACTGGCTGGCGGTCACGTTCATGGAACAGGGCTGGCAGATGAAACCCCTGCATCGCCAGATCGTCCTCTCCAGCGCTTACCGCATGAGTTCGGCTCCCGGAGAATCCGCATCGAACCAGGCCACCGATCCCAACAACCAATATCTCTGGCGGATGAACTCCCGCCGCATGGAAGCGGAAATGGTGCGCGACTGCCTGC
CP036317.1_gap54	2645417	2649390	3973	CTATGACTATCTGGCGGCGCTGCAGTTCTACCAGCTGTCAGCCGAACCGGAGTGGGACGAGGAATATCAACTGACCCTGAAAATCACCGACCCACAGATCTACGCGCAAGCTGAGCAACGACTGCAGGCGGGGTTGAAAAAAACGACCCTGGATGTCGGCACGAGCACCTGGTCGGCCACACTGGCATTTTTAAAACAGACATCGCTGCCCCTGGAAGACCAGCTTAAAGCGGCAGAAGAGAGGAATGCCTCTTACCCCGCTATCAGTTTCGTCGCTCAACTACAACGCTGGCTGATCTATGCCTGCGAATCAGATCTGCAACATCAGAAGTATGATACGGTGATAAAAAATGCAGGTCATCTGCTGCGGATCTCAGAGCAATTAACGGGGCCACAGAATTTCTATGAGCAGACGTTCTTCAAATACAGCTTACGCACATCGGGACTGGGACAATTATTCATGGTGCTGCAGGTGCATCCTGAGTCGTTCACACCCGCGAAAACAGCAGAACTCAAGCAGGACCTGCAACAGGCCTGGCTGCGGGAAAAAATCTTTATGGAAGCCCTGGACCGTTATCATCAACGGCGAAAGGCGCAGCCTGCTGGTGAAGCATCCCTTGCAGCAGCGCTGACGGGACTCTGTGAACCTTTCATCTTGTTTCTGCTTCCGCTGTCGCTGTTGCTGATTTTGACAGCTCGCCTGACAGGTCAACCGGCTGACAGCCCTGCGCCTCGACCAGGCTGGTGGAGAACCCTGATTGCCTGGTTCTCTGGAGTGAGTTTGAGCCTGTTTATCTGGGGTGTGATCCCGGCTGATGTGGTCTCGGAACCCGTTTGGAACGTCCTGCTGCTGGTCCTCTGCTGGGTCGGTCTGATTCTGGTATTTACGGTTTCTCTGCGGCTGCTCCACAAGCGAGAGAACCTTACCTGGCAGCAGCTGACTTCATTGCTACTGGTCCTGGCGGCTCCCGTCCTGATCTATTTTCAATTCGCGTCCCTGCTGGCATTCGTGGAACAGAACTGGATCCACACTTCCCTGGCGCTGCTCATCCCGGTTTCGTTGCTGCTCGTCGCTCTTTATGGAACTGCGGTCTTCATTGTGATTCGTTTTATACGTTCCTCCGGGCGGTCTACACATCGCAAGCTGACTGTCAGTGGTCTCGTGTTATTGATGACGCTGCTCGTCTTTCCAGCGGGTGCAGAAGTCTTTCAAGCCAGCCTGAATCCCGCGGAAATGCATACCTGGTTCGGCCGTGACGTTTCCGTGGCTGATGAAAATCCCTTTCGCATGCTGGCCGCTTGGAACAGGCAACCGCAGAAACAGGTCCCCGCGTGGATCTGGATCTACCCGCAATGGACTGCCCGACATGGCGAGGGTTTCGCCGTTCTGCTGTCTCTGTCGATTCTGCTCAGCTGGTCTCTCCTGCGCTGGTCACGCTGCCCAAACAATCCTCAACCTGGTTCTACAGAAATCAGCCCACATCCACAGAACTGGCAGGCGGGTGTTCGCCTGCTGAGTCGTTCCAGCCTGATCGCCCTGCTGGCCCTGACGATAGTTTACCTGGCTGCCTTTCCCTCCGTGATCCATGCGGAGAACCGGGATCACCAGAAACGCTCTCAAGCCCTGCTCAACCTGCTGCAGCCCGTGCAGGAAGTGGAACGCATCCAATCAGAGATCAAACACGATCCGGCGCTGATGAAATCATTCAACCAGCAAATTAAAGGTATAAAACAGAGGCTGATTGAAGAAGCAGACCGGATTAATGATCGCACATTGGAAGAGGCATCCGAATAATCTGCACCACAGTTTCGCAGCTTCAATCCCGATTCAATCAGGCTGCTGGCACACCTCTCCGGATTTCACTGCCTGTTTTTACCCGATCTCCCCTTCCTGACACTCATAACGATTCTACCGCCTGTAGCGCAGTGAGGAATCTCCCTGCAACTGGGGGGAAGCCTGCGGTTTTTCACTCAACCTCGAAAAACCTGACCTAGGTTTCAATGGTGGTTGATGCGTCCCGTGGGGATACGATCACCTGCCCGCACCGATTCTGAATCGCACCACAGAATCGTCGGCTCTTTTCTTTACAGTATGAGATCAGAATATGCGCTCGGAAACGGTACTGAAAGTTCGCGCCAGAGGAATCTGGATTGCCTGCCTGTTGTGTTTGCTGTTGTCAGGGCTTGTCGGCTCAACGAATGCGGCAGACACAGCGTCCGCAGCTCCCGCACAGGGCTGCCCAGGAGGTCATTGCGCACTGAAGACTGCGAAACCGGAACTCCAGGCCGAAGGGCCGGCAACGTTCTTCGCGAAACTGTTTGACACAAACGATTTTCCGCAGCGCTGGTATTGTGGCACCTGGTCCACCGATGTGGGCTGGCTGCATATCCTGTCTGATATCGCCATCTTCGGCGCCTATTTTACAATTCCGGTGATGCTGCTGTACTTTCTGTTACAGCGGAAGGATCTGCCCTTTCCGCGCATCATCTGGCTGTTTGCGGCCTTCATCCTGTTCTGCGGCTTTGGACACTTAATTGAAGCAGGGATCTTCTGGTGGCCCGTTTATCGCTTTGCCGGTCTGATCAAGGCCTGCACCGCGATTGTCTCCTGGATCACGGTCTTTGTTTTAATCCGCCTGATCCCAGAAGCACTCAAACTGCCCTCCGCGGCATTGCTCGCCAAAGAACTGCAGCACAGCCAGGAGCGGCTCGACTTCGCCCTGGAAGCAGGACAGATCGGCGTCTGGGAACTGGATCTGAAAACCGACAACCTGCAGTGGGACCGGCGAACCCGGGAGATTTTTGACGTCGATCCTTCAGAAACAGACCTCTGTTTTGAAGATTTCAGCAAACGGCTTCATCCTGATGATCGCGAGCGGGTGGAAATCACCTTTAACAAGAGTGTTGAAACCGGCACTTCCTACAGTTGTGAATATCGCATCATTCATCGGAACGGAACCGTACATTACATCTATGCACATGGGCATGCCATCTATGGTGATAACGGCAAACCCAGATTATTTGTCGGTGTCTGCCATGATTACACGGAAAAACAACTCCAGAAAAATGCCCTCTCCGAAAGCGAACAGAATTTCCGCAGCACCTTTGAGCAGGTCGCGATGGGAATCGCACACGTGTCTCCCGATGGCCGCTGGCTGCGGGTCAATCATGGACTCTGCGAGATCCTCGGTTATGAGAACCAGGAACTGCTGGAACGAAACTGGCAGGAACTCACACACCCCGACGACCTGGAAACCGATCTGAAAAACACCGAAAAACTGCTGGCGGGGGAGATCGACTCCTATTCCGTCGAAAAACGTTATCTGACTTGCGAACAGACCGTCGTCTGGACGAACATGACCGTCTCGCTGGTCCGTCTGCCGACCGGGGAACCAAGGCACTTTATCTTCCTCATCGAGAACATCCAGGGACGCAAAGAAGCGGAAAAAGCCCTGCAGATGTATCATCAGAAGGTCAAGAAACTGTCGCTGGTCGCCAGCAAGACCAAGCATTCGGTCATCATTTCCGACGCCCAGGGATACATCGAATGGGTCAATGATGCGTTTACGAGCCTGACCGGTTATTCGCTGAATGAAGTCATGGAACGGCATCTCTGTGAAATCCTGCAGGGGCCGGAGACTTGTTCAGAGACCATCGCCAGCATCAAGGCACATCTGCAGCGTAAGGAAAGCATCGCCACAGAGATTGTGAATTATGATCGGGATGGCCGCGAATACTGGATTGAACTCAAGATTGACCCGGTGCTGGACGACGATGATATCCTGCTGAATTTCATCGCCACCCAGGTGGATGTCACCGCACGAAAACAGTCCGAACTCGCATTGAGAATCGCAAATTCCCAGTTCAGTAAACTGAGACAGGCCGACATTCTGGGGATCATGACCTGCCGATTTGACGGTCGTGTCGAACAGGCCAACGACGAACTGCTGCGGATCCTGGGTTATTCTAATGC
CP036317.1_gap55	2650650	2653172	2522	CTCCCGTTCACCAGAAACCCTGTTGAGCCAGAGCGACCTGGAAGAATCGGGCGTCGATGCCCTGGTGCACAAACCGCTGCTGCGTCACAAGCTGTACGAGGTCGTCTGCAACCTGCTCAACCAGCAACACGCGCTGCCCCAACCCCAGCGGACTCATCCAGCACAACCCGATGAAAACCAGGTCATTCTGCCAGCGACTACGGTCCTGCTGGCCGAAGATAACACGATTAACCAGATGTACGTGACTGAGATGATGAAGCAGTTCGGCTGCCTCTGCCATACTGCGGTGAATGGACTGGAAGCAATCGAAGCGGTACTGAATCATGACTATGATCTGGTTCTGATGGACTGTCAGATGCCGGAACTGGATGGTCTGGAAGCCACCCGGAGAATTCGTCAGCTGGAACAGGAGGGGGAACTGGACGATCACCTGCCCATCATCGCGCTCACCGCCAATGCGATCAAAGGGGATCGAGAGCGTTGCCTGGAAGCGGGGATGGATGACTATCTCAGCAAGCCGGTACAGAAAGCGCAGATCAAAAAACTGCTGAAAAAGTTGCACGGAATCAAAGCCGGCCACCAGCAAACGAAACCGGAAGAGACAGAGACCGCTGTCCCTGACCGGGGAGCCATTGATACGGAATCTTTACTTGAGCTCTGCAGTGGCAACCTGGAGCTGATCGATTCGCTGCTGGACGAACTGGAATCCACGGGCGAAGACCGGGTGACACAGATTCGGAAGCAGGCTGAACAGGACAATGCCCGGGGCGTCGCGGAAGCAGCACATTCACTGAAGGGCGCTACGAGCATTTTGTGCGCGACGTCCCTGCAGCAACTGTCAAAAGAGATCGAACTGGCCGGCAAGGAAGATCACCTGGAAAACATTGAGGCATTGATCAAAACGCTTTCCGAGGAGATGCAACGCTGCCTGAGTGAACTGCCACAAGTCCGGGACGAATTGAAAGAGAAGTCAGATCTCACTGATTAAAATTTCATCTCTGCATCAGAGCAGCGAATGTGTGGCCGATTTGCCCGAGGCTTCCTGGTGATGACAGTTCACGGTCGCTTTACTCAACAGGTAATGAGAGACGTACCACTCCTCTCCGGAGTCATAGCCGAACAGCTCCGCCACTGCCAGGAAGAAGAGCCGCCAGCGCATCCACCAGCGTCGCGCCTGCCGCTCACCATAGGTCTCCGCGAGGAGAGGCAGAATCTGTTCACGGCGCTGATCGAGATTTTTCAGCCAGGCCTCGGAGGTCTGCTGGTAATGGCGGCCATTCCAGCGCCACTGCTGCTCGACCTGCATGTCTTCCCGGAAGTGCGAAAACCAGTCGTCGGCGGGCATGATGCCGCCGGTAAAGAAGTGCCGGGCCATCCAGTCGTCGGCGTTCTGATCGCTGAATGCGTAGACATATTTGCGATGACAGAAGATATGCACGAACAGTTTCCCGTCGTCCAACAGCCAGTCCGAAATACGATTCAATAAACGGGCGTAATTCCGCATATGTTCGAACATCTCCACCGAGACAACGCGGTCATACTTTTGATCGGGCTCAAAGTCGTTCATGTCCGCTGTGATCACGTGCACGCGGTCCGCGTAGCCCTGCTGTTGCGCCAGTTGCTCAATCGCGGTCCGCTGGGAGTGCGAATTGGAAACAGCGGTGATCCGACAATGAGGATAATGCTCGGCAATCCAGAGGGTCAACGAGCCCCAGCCGCAACCCAGTTCCAGGATCTGCATCCCGTCTTCCAGCTCTGCATGCCGGCAGGTCTCTTCCAGGGCCGCGGTTTCCGCGTCATCCAGGGTGGTCACGCCCTCAGGCCAGAAACAGCAACTATATTTCCGCCGCGCTCCCAAAACCTGCTCATAGAAGGCGGCAGGCACCTCGTAATGTTGCTCGTTGGCTTTCTCGGGAACCAGGGCAATCGGACTCTGTAAAGCCGCTTCCACAAATGCACGTCGATTCGCGGCATCCGCTTCCGGACTTCCTCCATCCAGACTGTCGAGCCGTTTGCTGCACAGTCTGTGAATCGCACTGCGGACCAGTACATCGGGAACCCAGCCCCGTTCCACACAATCAATGGCCAGATTGACCAGCAAATCGGTTTTCATGTTGTCACCTGTTTCGTTTTGGGAGGCCAGGGGAAAAAAGCACTGGTGGTGCGCTGATATTCGCGATACGCTTCGCCACGACTCTGGAGTGCCTGGGCTTCGGTGGGAGGAATCCCCGTGACATTGAGAATAAAGTGCAGCATCAGCACCGGCCCCAGAATCGTGAGCCAGCCCCAGGGAGCCTGGATCGCCAGACAGACGTAGGCCCACCAGTGCAGCCATTCAAAAAAGTAATTGGGGTGACGCGAATAGTGCCAGAGACCACGGCGGCAGACCTGCCCCCGCTCTTTCGGGTCCAGACGAAAACGGGAGAGCTGCCGGTCGGCAATGAGTTCGCCCGTAATGGCCGTCAGCCAGATCGCGATCCCCAGATAGTCAAGGATACCCACGGGGGCCGTGCTGCGGGCGG
CP036317.1_gap56	2732145	2734727	2582	AGGCTCCGCCTGTTTCAGATCAATGGCGAATTTGAGTGTGTCGAGAACCTTGACTTTAAAACCGCGGTGTTCGGCAGCTTCGCGCAGCCGCCGTGTGCTGTAACATCTCGGGCTGCACGACAGGATTGCCAGTTTCATAAATTATCCTTTTCTAACCGGAGCCTGCAACGAATTCAGGCTGCTGCTCAGTTTTTTTTGGCTCGAGGAGGCTTGCCGCCATAGTAAGATTTTCCCGCATCGACAAAAAATCGCTGGCGAAATGCTTCGCGGCCGAGCAGCATTCGAAAGCCCATTTCGTCCCGATTTGCGAGAGTCAGTTCGACCGGCCAGCTAATGCCGAGGAGCTCGATGTTCGTCACAATGACGGGTCGCATTGATGCCTTTCCGCTGGAACTGCGAACCGAACGATATTCGAAGATGCGGGCTTCGGCTTCAATGATTTCATGAGTCCGGCGCTGGACAGGATGCACTTTAAAGCGAATCCATTCCTCGCTTTCCCGTTCAAACCGGTGGAGATCATAGGCATGCAGGGAGGAGGAACGCGCTCCCGTATCGACTTTAGCCTTGATCGTGTCGATTCCCAGATCCGGAAGACTGATCCACTCGCGCCAACCGATGACCGTCAGATCAGATTTTTGTTTTTTATCACGCTGCAGTGTTTTCCTCACGTGGCTGCATGGCCTCCTTTGCGCTATTCTAGAGATCGATATTCAACCTATTTTACATGACTTGAGTTATGATCGCCAGTTATGGTACCTGAAATCGCTGATTTCCAGCGTCGATTTGTGCTTTCGACCTGAAAATGCTGAACAAAGCAGCGCAGGAGCAACAGGCATCAGGCCGCAGAGTTTCCGCGAAGTCGCTATTCGTTCTCAATAAGCCGATCGAACTCATACAACAGTTTTAACAGTGTCTGCGCCTCGGGCACATAACTGTGGTAGTCATATTGTCGCAGTGCCATCAGGCCAACCTGGCTCCGGTCCGGGTACGTTCCCTTCCCGGCTGCTTCCCGTGCGTGAGGCAGGAACACGCATTGCAGCCAGAGTTCGAACGAAGGCGCTTCCAGAAAATTGGCCGGCTCCGTCATCTCCGGTGTTTCGGACCAGAATCCAATTAGTTTCAGTTCCGCTTCGATCTCATCCAGTTTCGCGAGTACAAGTACGTCTTTATCAGTCGCCTGTTTACTTGCCATGAATCTGCCTGTGGATACGAGAATGGGATGCCCTGCATAAAAACAGGCGACGCCCGAATTGAGCATCGCCTGAAAATCTCTTTCAAATCAACTGATATTTTTACTTATCAGAGAGGCTGCCTTCGAAGTCCATCGGAATGGAATCCCCTGTTGGAGCGTATTCGTAAGGAGCGGTGTACTGATACTGCATCGGTGCTTTCGGATTGGCGAGATATTCATCGTCGTTGCCGAAGTTTGCTGCATTAGGGAAGCGGGGAGTGAAGGTCCGCGGAGGATTTCCCCCTGCAGGTGCATTGATCCGCTCAGCCCAACCCAGGGTGACACCCACTTTGCTGACAGCTCCCTGTTCGCCGACTTTGATGACGCTCAGAGTGACATTCTGTCCCGGCTGCGCTTTGGCCAGCAGAGAATTCAGCTGACGCACAGAAGCCAGACGATGCTTGCCGAAGGCAAGGATAATGTCATATTTCATGAGGCCCGCGTCGTCGGCTGGCGAACCCGGAGCAACGTGCATAATCACGACGCCGTATCCCGGATTGCCATCCAGAGTCGTTCCCACGCCGGTCCACCAGTCAGGAGCACCGTTGGTTAAATGGGCGGCCAGAGGACCGGAAGCGTCGGTCGCGACAACTCCCAGGGTAGCTTTGTAATATTTCGAATAATGCTGATTCAACCGCGCCTTGTGGGCTTCGCTCATCAGAGCAGCATACTTCTGGCGGGGAGACAGATTAGGATCAATACTCTTGGGAGCAGCTTTGGGCGCTGGTTCCTGCGCCTGTGATTCGTAGTTCACGATCAAAAAGAGTGTGAGAAGACAAAGCAAGCCCTTGCTCGTTATAGACTTCTGCAGATTCATCTTGGTAACCCTTTATCTCAAAATATGTACGAGACACATGATATGTGATTGCTGAGCTTCTCGAATGGAGGGCAATCAAACAATCGCCGCACTCAACGTATTTACCCTATCCTAGCTTACGCATATACCTTGTCAAACACGGATTCAGAAATATGGTGATTATTGGCAACACTCAATTATTCACACGTCCACCAACCGAAATCCCCTTCGAATCCGAACCTGGTTCTGGAAGAGGGCCTGCTGAGCGGTTAAGCTGAGGAAGTGCCAGGACCATAGCCCTCTGGACACATGAAACTACTTCAAGACGCTCAACAGAAAAGTGAACCATCATGCCCACTCCCACGCTGGCTTTCATTTCCCGCTGCCTGATCTCTGCCACCTGCCTTGTACTACCACTGCTCTTTCAAATAGACAATCTGCAGGCGGCCAAACGCCCCAACATCCTGTTGATCGTCGCCGACGATCTGGGCTACAGCGACCTCGGCTGTTTTGGTGGCGAAATCGAAACGCCCCAGCTCGACTCCCTCGCTGCAG
CP036317.1_gap57	2735738	2739743	4005	CGGGTATTGTACACTGGCCTGCTCAGTTGAAGCAGAGCGGCAAGATTATCTCCACGCCGGCGCACATTATCGATATCGTTCCGACCCTGCTGGAAGCCGCTGAAGTCGAGTACCCCCAGACCTGGAACGACCAGTCGACGATCCCACTGGCGGGACGCAGCCTGCTGCCTCTGCTCAAGGGAGAGCCTCAGCCGGAGCGCACCCTCTACTTTGAACACCAGGGAAACCGGGCGATTCGGGAGGGGCGCTGGAAAATGTCTGCTGTCCGGGGTGAGCCCTGGGAACTGTATGACGTCTCCCGCGACCGGACCGAGCTTAATAATCTGTCAGCACAACAGCCGGAACGGGTCCAGCAACTCTCGAAGAAATGGAACCAGTGGGCACAGGAAAATTTCGTCCTCCCCTTCCCGCAGGATTATCGCATCGACTACCTGGCACCACTGAAACAGCCTCAAGCTCAATAACAGGAACCTGAATCAAAAAACCGGACTGGTCTTCATAGACCAGTCCGGTTTTGATTTGAGGAACAGACAGCTCAGTTGCTGGAAGTAGCCTCTTTATTACTGTCTTTATCCTTCTGATTCAAACGCACCATCAGCCATTGCTCGGTTTTGTCTTTGCCGATGTGTACCAGCAGCGGGGCTTCGTCTTTGGTAAGATTATAAACCCCCGTGTCATAGACGGTGTTTTTGTCATCGCCTACCGTCCAGGCAGCCCGCTGGGTCTTTTTATCAACGGAGCCCTGAACCTGTTGCGTTTTATTGGTCTTCGTATCGGTATAATTCCCTCTGAGGATACCGTCCTTGTCGACCGCCAGTTCGACGACCGAATTAGACTTGGTCTCCCCACTGGGTGAGAGAGCAAACACACCGAGCGGCATCCATTTACCCTGCTCATTCACATCTGCAGAAGCCCCCGCCTGTGCCAGCTGACTGGCCTGCTGCGTATACTCCTCAGCGGTTCCCACGTCCTGATTATTAACGTAGACGCTGTTGTCCTGGTAGACGACGTTATTTCCATAGTCATAGTAGACGGGTTGCATGTTCGACCAGGCAAACCAGTTCATCATGGCACTCCAGGTGCAGACCGTCCAGGCATATCCCGCCGGCCAGCCCGCTGCATACCAGACGCCGGGGTGTGCTGCATACCAGCCGGGATAATACATGCCCCAGCCATAAAAACCGCCCCGAATCACGGCTCCGTGATAATAGCGGGTCGAAGGAGGTACATGTACGAACCCGGCAGCATAACCGCCATTCGGTCCATGAACGATTCCCCCCGCTGTGGCACCGCCTCCGGGACCACGGACCACGCCCCCAGCAGCTCCACCTCCATTGGGACCGACAACGCGCCCCCCAGCGGCACTGCCACCACCGGGGCCAACAACACGACCACCGGCTGCGCTGCCCCCATTGGGACCGACGACTTTACCGCCAGCAGCGGAACCTCCGCCGGGACCTACCACACGGCCTCCGGTTGCAGAACCACCGTTATTGCCGGAAATCGATCCCCCAGCGGCACGACCACCATTAGGACCAACCGCACCGCCACCGGAGATCGTATTTCCCCGCGGACCGGTATAACTGCCCTCGCCAGCAATGCCTCCGTTGGGGCCGTGATAGATATTCCCCGAACCAGAGCCATTGGCGATCGAGCTGTTGACCGTGTTCCGACCGGTGAAGTCCTGCACATAGGGATGCGAATTCGTGACCGCGTTATGTCCGGCATCGGAGGGCAGTCCCAGGAAGTTATCCAGCCCCTGTCGTGTCGGACGCTGGTTGAAATTCATATTACTCATGTTGAGCGAACCGTCGTTACGCAGGCCACGACCACCGCCCAGCTGATTCAAGTTGTCCCGGTTAAATCCACCATTATTCAGACGGTTCAGATTGTTGCCATTCAAACCGTTCCCCGAACGGACCGAGTTCATAAAATTGGAATCGAAGCCGGTTTTGTCGTTAAAGCGACCGGGTTGATCAAAGCGACTGCCGTAATTGGAGAAGCGGCTTCCGTTAAAATTACCACCTCCCAGATTTCCGCCTCCCAGATTACCACCGCTAAAATTGCGACCTCCCCCCAGATTGCCGCCACTAAAGTTACGACCGCCGCCAAAATTTCCACCACTAAAGCTGCGTCCGCCACCGAAGTTACCCCCACCAAAGCTGCGGGCACCGCCTCCAAAGCCTCCACCTCCGCCGCCACGAAAACCACCGCCTCCGCCGCCAAAGCCTCCACCTCCGCCGCCACGAAAACCACCGCCTCCGCCGCCGTGGAAGCCCCCTCCTCCAAAACCGCGAGCCCAGGCGATTGACAGGTCAGCCGAAATAAAACTGCAAGCTGTAATTGTGATGAGACTGATCAAAATTCTCATACCATTTATCCTCAACAAAAAAGTTTGATTGTATTGAACCGGAAGTCTGTCCCGCCGTTACTGCCGCTTGGAAACGACTTCGAGTGCATCGGGTAATTCCACGCCATTCACTGTCCGATTTACAGACTGCCACTTGCAGGCTTTCTCGTCGATTTTGGTGATGACGTTGTTGGCACTGGTCAGCATGCCGCCTGCGGTAACGCCCCGCGACTCAATGACCCAGCCGTTCTCCACGGGAGCCCAGATGCCGACCGCATGACTGCCATCGGTATTGAAGGTCCAGGACATGATATCTCCGGTCAACGGGTCCACACCGATAATCTGTGTCCCCATGACTACCGATTTTCCGTCTGACTGTGACTGTGCAGTAAAAGTGCGTTCGATGAATTTTTTGCCAGGCATCCAGCGATAGACGGTTTTGAGCGCAATCCCGACATCTTCCGCTTCCCAGGTCCCGATGAGCCACTCCAGGTCCTTGAGATTGACCTGCACGGCTGAAGGTACCAGGCTGGATTCTTTGACGCTGACCATCTTCCACTTCCCGTTCTGTCGAACATGGGTCGCAGTATACTGACTGACATCGGGAGTTCCTTTGGGAACGGTGACCATCGTCCGGCCTTCCTCTATGGCCAGGTCATCCCCAATCTGGCGAACGGAATCGACCTGGATTTGAATCCGGGCCTGTTTATTCTCTTTGAAATAAGCAGTGTAGGCTTTTTCAATCGCAGGACGTCCCACCAGACGCATGCCACTGGCTTCGACGTATTCTCCTTCCGGTGCCCAGAATCCGGCGACTTTTCTGGCATCCCCGGCGTTAAAGGCTTTAGTGTATTCGCCCGCCACTTTGCGAATTGACTGCTCGGCTTCAGAGACTTTGGCTTTCGACTCAGCTGCAGTTCCCTGCTCTGTATCTGGTGCTTCACCAGCAGCAGCGGTCCCTCCCGCCAGAGGAGTGCGTTGAAATTGTGCTTTTGCAATAGAGCTGTCTAGCAGCAGACAGACCGACAACACAGAAAAAGTGAGCCCCCAACGGGCCAGATTCGGAGAGAGATTCATCCTGATGTCTTTCAGAAAGGAGTTCGCATTTGCTTGGATTGTGAGAGAGTTTTCCCGCTGTTCAGCAATCAACAGCGCTCAGTTTTATTCTATTCCTGTCTGTTCAATAATGCACGTATAATCTATGATCTGTTTCAAATTTTCATGAGCTGTTCACTGTAACGGAGCGCGTTCATGACCGACTACATCATGTAAGCAAATTAGTGAAAAATTCATTCTCCGTTACGGGTTTCCTGTTAAACTCTTTGCGTAAAACGTATTGTCCAGACTGTGATCCCAGCCCCGAACATTAAGAACCTTTGATGCTTCATCGTCTCAGACAACTCGCTCCGCTGCTGGTGATCGTCATCTTTATCGGGGCCATCTGGCTGCTCACAAAAGAGTTGAAGCATTACAACATCAATGATATCCGGTCGGCGGTCGTGCAAATCCCCGCCTGGCGTCTCTGGGCTGCCGGGGGACTGACCGTAGTCAACTACCTGCTGCTCATCGGCTACGACTATCTGGCCGTCCGGGCCATCGAACACCCCCTCTCCCTGGGAAAGATCTCGCTGGCCTCCTTCACTGGTTTTGTCACA
CP036317.1_gap58	2786861	2787546	685	TCGTTCGAGCAGTCGGCGTGCGAGCAGGCAGTTGGATGCATAGGTGCCATCGCCCCCCTCTGTTCCATAGGTCTTAAAGGTCTCTTTGTTTTCATTTGCCAGATCCATCAGCCCCGGCACGCTGGTCTGCATCCGAAAAGCCATTTCGTACTGTCCGATCCGGGTTGCGATTTCAGAATCATGCACCAGATCATCAAAACTGTGATTCAACTGGTTCACCGTCTGGACGAGCCGCTTCTGCTGCTGCATCGACACGCCATCTGGTCGATTCAGGTAGAGTACCGGAGCGCCGGATGACTGAAACTGGACTCCCTGAAAGCGCGAAGGTAGAAACCCGCTGTGCCATTGACGGGCGGCAATTGGTTGTGCCTGCCCCCCCTTCCCAACACTGGTCAAGACAACATAACCGGGCAGGTCATCACACTCCTGCCCTAACCCGTACAGCAACCACGATCCCATGCTGGGGCGACCTGCCTGGGAAGAACCGGTATTGAATAAAGTATGTGCGGGATCATGATTGATCTGATCTGTATACATCGACCGGATAATACATAAGTCATCTGCCACCGATCCGATCTGGGGAAACTGATTACAGATCCGCTGGCCACTTTCGCCATAACTTTCGAACTCGAACTGTGGTGCAAAACATTTGAGTTCACGTCCCTGCAACTGAGCGATCTGCTGC
CP036317.1_gap59	2847864	2848580	716	ATCCTACTTCTGTGGCGAAAACCAATGCACCAGTCCTGAAAAGATCTTCGTATCGGTGATCCGCAAATTCGGGGAGCAGTTGAAATGAACCCGGCGACAATCCACTTAAAATATCATCCCCAGCCGGTAAGGGACACGGCTGCCTGGTTCCTCCCGGGGCAGAATCCTCTGGAGTGGATTCAGGAGATCATTCAGTGGAACATCCCCCAGATGTCTCTCAGGTTGTTCCTGATTCCCGAGTCAGATCTCAACCGCACTCCGCGTGGGCTGCTGGTCGTTTCCGATCAACCACCGGGGCATGCGCAGGGCCTGCCCTATGGGTGCATGGCCTCTCGGCTCTATCTACCTGTCGAAGCCTCTTTGCAACCTGAAGTTTCTCAACAGGAACTGGATCAGTTACTGCGCCGACCCTATACCTGGATCTGGCATCCTGCCACAGGGCTGATCGCCTGTGAGGAGCAGGATGAATACAACATTGCTGATTTTTTCAATGGAGATCTCACGCAACAGACTGACTGGGATCACGCATTTCCTGGCATCGCGTTTTCCAACCAGCTACGTTCGATTTCCCTCATTCAGTACCCTGATCTGTCGACTCTGTTCGAGCAGGAAGAACGAGAAATCGGTTCGGATCAGGATTCTCTGGATCAACTTCCCAAAGATCCAGAAGAATCCGTATTTGATAAACTGCCCAACCCGTTAAAAATCCCCAAGGC
CP036317.1_gap60	2958339	2960844	2505	CTCCAGGCTGATCCCTTCCGGCACCGCCGCATACAGGTTCGTGCTCAACAGTTGATCCAGGTGCAGCTGGTCCGCGTATTCGTCGATCAGCTCCGGATGCGCATTGAGCATCTCCGTCAGCCGCGCATCCTCGGCGGTCGTCAGCTCATCCGCCATCAACCGGCTGGTCAGCGTCGCCAGTTCATTCCGCAAAGTTTCGTCGGGTGAATTCATGTCTGCGCCTCCCGGGCCATCGTCTTCTGGATGCACTCCATCAGCGTTTTGCGAATGCGATACAGGGTCATCGAAACCGCATCCGCCGACCGCCCCTCATCCGCAGCGATCTGATTCACGGGTACCGCATCCCGGTACCGGCTCTCCACCAGTTGTCGATGCGAACTCGGCAGCTTTTCCATACAGTGCGTCAGCGCCTCCGCATGCGATTTCGCCTCGAGTGCCCGCCGCGTTGTCGCAGCCGCGATCTGCTCCAGCGTCCGTTCTTCCAGCACCGCCTGACCGTCGTTCCGCACCCGTTTGAAAAAGGCCAGCGCCTGCAGCTGAGCAATCCGGCACGCCCAGGGCAGAAACGCCCGCTCCCGGTCATACTCGTCGCGCTTCCGCCACAGAACGGTATTCGTCTCCTGCAGCACATCATCCACATCGGCCGCCCGACGAATCAGCGCCACCAGCAGCCCCCGCAACACAGGCTGGCTCCCGGCAATCAACGCCACATATTCCTCATCCAGATCACGATTCGTCAAAACAAAGGCCCTTCCGCGCGCAAGTCAGGTCACATCAAAACATCCTGTATCAGTTCATTAGATCAACCATCCCCAATCTAACGCAGTTTCTGATAAAAAAATATTTTTTCAACAAAATGAGAGGAACAGAATTAACGTAAAGCACTGCAATCATTAAACATACACTACATCAGAGGGTAAGCCCGAATAAAATTCGGGCCGAGCGCAGCAAGCAAGAAGTCCCAGCTCACTCAGACAATTCACAACAGAGCAACCAACCTGCGCCAACAAATTTTTTCGTGTCTTTCGTGCCTTTCGTGGTTGAAAAAATCCCGAGCCTTTCGCAGTAGTAATTTTCAAGCGGTTCGTGGTCCCTACCGCCCGTCATAACCAATCACCCCGATCACCCGCACCGTCTTCCCTTCTGCCTGCAACCGAATCCGATGCTTCCCGAACGGCAGCCCCAACACCCCGCGACGGTTCTCAATAAAATGCGTCCTCCCCTGCGAATCGGTAAACGGCTGATTCGTCGGCTGCGACCAGGCCGGCTTGCCGTCCACCTCTGCCACCAGCGTCCCTCCGGCCGGATCATCCAGCCAGGCAATCGACAGCTCATCCGCCTCCACTTCGATCTCCAGCGTCTCTCCAGGCTGCAGCTGGAACGCCTTCTCCCCATATGGTGCCCCCCAGTTCGACTGGAAGTCCTGTACTGCAGACTTCCCTCGCCAGCCCTTCGCATCTACGCCATAGAATCGGCGCTTCAATCCCACCTTACAATCCACGGCACTCAGCCGCGCACTCGGATTCGGAATCTCGATGATATGCCGATCCCCACGCGCGAGGTGTCCGTGCACGAACGTCGAATTCCGCGGATTCGGAACTGTGAAACTGTTGCGGCCATGTCCTGCGTGCTCTGCCGGCTGACCGTCGATCAGCAGCTGCATCATCTCCCGTTTGTTATCCGCCCAGAGATTGAACGCGGCGTCTTCCAGAATCATCATCCGCCCGTCCACAATCCGAGTGTCGTCCTTTTGAAACCGGACCATGGTCCCTTCCCAGTTCCGCGCAAAAGCATTCATCCGCACAGGCAACTGTTTTTGTGGTACTCCCGGGAGCGTTTCTTCCGCCGGCATTTCGAACACCTGCTCCAGTTGTTTGAACCACAGGTAATGACTGCCAGCTCCCGGATGCCCGCCATCGGGGGCCATCGCGTAATAATTGTTCGTCTGCTTCAGATCGATAATCAGCTGCCCCATATCGACAAACGGAATTCCGTAATGCGTACACAGCTCCTGCATCGGCCCGGTCATCGAACTGGCAGAGCCCTTATCACGAATCCACATGCAGGAGACGAACTCCACGCCGGGATAATGTCGCTGAAACCAGCGGACCGCTCCCTCATAGGCGTCGATTTCATCCGGCCGGTCGATATGCTCGTTGTGCCCGTGCCCGAAGATCACCAGGTCCGGCCCCGGTTTCTTTCCGTTCTCAAACAGCGCGGGATACAGTTCGGACCAGGACTTACCGGACGGGTGACCGTTCGTCCCGGGATCGGGCGGCAGCTCAAACGCCGCGTATTCCTTGAAACCACTGTGCGACTCGCCGATCGACGAACCATCGCAGGCCATCACGTTGAGCAGCATTTTATTGACCGGATAATGAAACTTCCGCAGCAGTTCCCGCCGCAGCCGTCCCGTATACATGAAATAGTGCTGCGACCAGCCCACATAATCCTGCAGATCAGGGCGCCCCATGCGTTCTGTGATCAGACGTTTCATCGCGGCCG
CP036317.1_gap61	2963513	2966659	3146	GCGGTATTGCCGCCCGCACCACCGGAAACGTGTGCCCCCCTTTCAGCTCCACATATTGATGCGGCAGCCCCAGCGCAGTCAGCCGATCACGAAAATGCTCGTTCATCGTCCGGTCAAACGCCTGGTCTGCGGTGATAATCATTAGCGATGTCCCGCGCAGCTTCTCTGAGTGAATTAATGGATTGAATTGCTTCCAGACACTCTCATCGGTGCCAAAACGCTCCACGGGCACTTTATACGACTGTCCCGCCGGCAGACCATTGCGGGGAAAATCGAGCAGCCCGATCATCGAGCTCACCGCCGCAAACCGACCGGGATGCCGTTCGGCAAACCGCACGCAGCCATACCCGCCCATCGACCAGCCCGCGATCGCCCACTGCGGCCCTTTCCCGGGCAGGTCATACGCGTTCGCCATTTTCGCCAGCACCTCTTCCAGATACATCTCATACACATCCTGTTGGCGTACGGGTGAATTGAGATACCAGCCGTCGTCGCCGTCCGGGAGAATGACAAACAGCCCCGAGTCCAGCAGCTGCTGACGAATCATTTTGTCATCCACCAGCGACCGCTCATGCCGCCCTCGCCCATGCAGAATGACCAGCATCCGCCGCTCCGCAGGTTTGATCGACCGCCAGTTTTCCGGCAGCACAATCACCGTCCGCTTCCGCTTTTTAAGACTCGCACTCTCAAACGAAACCGCTTCTACCCGCGGAAATAGTTCCTCTGTTTCCAGCTCTGCTGCAGTACCAGCTGCAACAGGAAAGCTCCCCGACATCACCAGCATCCACACCACAGGCATTCGCATAAAATTCCGGGTTCCCATCGTATTTTTTCCCTACTGATATCAACTCTCGGGTGCCACTGTTGGCTTGATGTATAGACCGGACAAATAGGTAACACACGTTCGGACACATGGGTAACACTCATGTAAACTGTTATGCGTCTTCATTTAAGGGGGAGCATAACATGGTCTGGAAGGAGTGTAATCGAGTGTCTGAACGCAAAAATTTCGTGCTACTGGCTTCGGTGGAAGGGGCTAATATTTCAGAGCTCTGTCAGCGTTTTGGTATCGCACGTAAAACGGGCTACAAATGGCTGAAACGATATCGGGAAGAAGGGAACACAGGGTTAGTCGATCGCTCTCGCTGCCCCCATACGTTTCGTTCTCCCACCTCACCAAAAATGGAAGCTGCCGTGTTATCAATTCGCGATGAGCATCCGGCCTGGGGAGGTCGCAAGATTTACCATCGCCTGCTGGCTTTGGGATATAAGCACGTTCCGTCTGCCAGTACCATTACTTCGATCCTGAAACGACATCAGCGGATTGACCCGGGAGAGTCAAAGAAACGTCAGGAGTTCCAGCGTTTCGAACGTAGCGAGCCGAATGAACTCTGGCAGATGGATTTCAAGGGGGAGTTTACCACGCTCGATCAACGCTGGTGCTACCCACTCACTGTGATGGATGATCATTCCCGTTTTTCCCTGGTTCTCAAGGCGTGCGGAAACCAGAAACGCCCCACGGTTCAAAAGCACCTGCGAGACGCTTTTCGCCTTTACGGCCTGCCCCAGGCGATGCTGATGGACAACGGGACGCCCTGGGGTTCAACGGTCAGTCCCGGGAGCTATTCACGCTTCTCAGTCTGGCTGATGGATCTGGATGTGCGAGTGATTCATGGCAGACCGTACCATCCCCAGACTCAGGGTAAAGAAGAACGGTTCCATCGCACCTTAAAGCAGGAAGTCCTGCAGGGCCGTCACTTCAAGAACCATGCTGAGCTGCAAAACACATTTGATAGCTGGCAGGATGTGTATAACCAGGAGCGTCCGCACGAAGCCCTGGACTATAAAACACCCATCGAACGTTATCGGGTGAGCTCTCGGGGATACCCGGAACGATTACGGAAATTCGACTACGACTCCAGCTTCGCCGTCAGGAAAGTGAGCCCTGAGGGGCGTATCGTATTTAAAAACAAAGATTACTACCTGAGCCGTTCCTTTCGGGGACAGCTGGTGGGGATCCGCAGTAACGGGCAGGATGGGGAATGGGATGTGTATTATCGTACGTTCAAGGTCAGCAAGATCGAACTGAGAAAACATCGTCCCCGAAGAAAGAGTCGCTGTCGTTGAGAGAGCTCTGTTCGCTCCGCTCTCAGAGCTCTCTCAACGACTTGTAAATAACAATTGAAAGTGTTACCTATGTATCCGAACGGTTGTTACCCATGTGTCTGACCTAAATACTTGACCAACAGTGCTCATATCACTTTCCATCTCCCCTCAATACACCCTGATCTCACAAACCCGGGCCTGCACCGCACCGTTCGTCCCCGTCACCACCACTCGCAACTGTGTCACACCTGCGACCTCCACCTCATGCACCCGGCGGCGCTGCCAATTCCCCTCCACTGTCACTACGGTCTGCCAGTCATGCCCGTCAAAAACCTCAATCGCATAATCCCGCACCGTTTCCGGCTGCGCCTGCCCCCACAACATCCGCGACGTATACCCGTCATGCTGACTCAGTGTCAGATGCCGATGCAGGCCTGTATCGAAAATCAACTGAACTTCACGCACCGCAATCGGCGTCTCCCACTCCAGCAGCAGTTTCGCTGGAAATCCCGCAGCGGGATCCGACATCCAGCGATGACCGCCCGGCACAGCCCGCTCGGGTGGTGCGCCCCGTTCACCCTGCACGCTCCGCGTCTGCCCCGAAACCACTTCCGTCGCCGCGAATCCCGGCTGCTCACTGCTGGCAGAAATCCGGGCCGACCGCGCGAGGTCATTCTCATCCGCACTGCAAATCCCCACCAGGTACGCATCATCGCGTAACAGCCGCTGCTGAATCTCCGCCAGCACCTCGGCATGCGAACTCAACTCCGCGGGATTCAACCGCCGCTGCACCGCGCACGCCGCCGCGGTCCCCACTCCCTGCCCGATCACCGCGCAGGTCGCCATCACGCGGGTCGACGAAAACGCCACGTGCGTCGCCGAAAGATTCCGCCCCGCAAACATCAGGTTACTCCGGTTCCCGGAAATACAGGCCGATAAAGGCACATTATAGAGATGCGGCACCGGATGCTGTCGGCACGGCTCTTCCTCTGCCGCATCGATTCCCGCGGGAGGATGCAGATCCAGCGACCAGCCGCCAT
CP036317.1_gap62	2987062	2987921	859	CCAGCAACGAACGCGCCCTGATCCAGACCCGCAAAGGAACGATCCTCCTCGTCTGCATGAATCTGGCCGAACGCAAATTCAACTGGAACGACAAACTGGGAGGCCCGCAGTCCGACTGCTACCTCCCCGTCTATGTCATTCGCAGCACCGACAATGGAAAAACCTGGCTCACCCCTCAGATCCTGCAGGACCATGGCTGGTGCGGTGCCGTACGCAGCATGATCCAGACCAGATCGGGCCGCATCATCGTCGTCGTTTCCCAGTCCATCGCAAATCCCGGTCGGCACGTCTCGCACACCTATTACTCGGACGATGAAGGCGCTACCTGGAAACACAGTAACATGATTGACCTCGGCGGCTCAGGCGACCACGACGGCGCGATGGAAGGCACGATTGTCGAACTCAAAGACGGACGCATCTACCAGCTGATCCGCACGAAATTCGGTCGTTTCTGGGAAGCCTTCTCCGAAGACGAAGGCGCTTCCTGGCGAACGATCCGTCCCTCGGAAATTCCCGCCAGCTCCTCCCCCGCGATTCTCAAGCGACTCGACAGCGGCCGCATCGTCATGCTCTGGAACCGCTTCCGCGATCCCCAGAAACGCAAGGGCCGCCGCGAAGAACTGTCGATCGCTTTCTCCGACGATGATTGTCAATCCTGGACCAATCCAGTCGTCATCGCCCGCGATCTGACTCCCGCGGGACAGAAACGAGAAAACCGCGTCTCCTACCCCTACGTCTTCGAAGCCCATCCGGGAGAACTCTGGATCACCACCATGCAGGGCCCCGTCCGTCTTAAACTCAAAGAGGCCGATTTCCTCAGCCCGTAATCTCCGCAGCCCGGTAGCGTTGATTGAATCGT
CP036317.1_gap63	3123327	3126855	3528	TTGTCAAATGCGATCACCGACTGACTCTTTTGATCTGATCCGCCGGAGCTCACGCCCTGATTGACAATCACCAGATCATCCTGAATCAGCGGCGACCCCGCCATCCCCCAGGTCAGATTTTTCAGATCCTCTTCTTTGAGCAAATCGTGTGACCAGACCAGTTTCCCTGTCACTGTATCCAGACAATTCAGAATGCCGGTCCCGCCCATCGTATACAGGCGGCCTGCTTCAAATACCGGAGTCGCCCGCGGGCCAACGCCTCCCAGTGTCTCAGAAAACCGGACGGGATCGATATGCGTCCAGATCTGATTTCCCGACGGCACATCGTAGCAGACAACCATTTCTTCCTCGCCGCGCTGCTCTTGTGTAAAAGCACGATCGCCAAACACACAAAACGATCCCCAGCCTGCACCGACGGGATGTTTCCAAAGTAATTTCGGTGGCTCCTGCTCCCAGTCGGTGCGGATCAGTTGATCGCGGGCAATCCCATCCCGCTGCACATTCCGGTAACCGGGCCAGTCCGACTCCAGAACTTCCAACATATCAGTATCAACTGGTGTCTCAGCTTTGCTGTGATCAACCTGCTTAAAATACTCGACCGCCCGCTGCTCGGACGTCGGCAGAAACCGAAACTGAAACCGGGGTACCATATCCCCTTCAAAACCGTCGACGCGCACCACGGCAAAAAAGAGCGCAAATGACAACACCGCCGCCAGCAGACCTTTGAAGCGCGTCTTCCAGGCAACGCCGGAAATCAGCATCCACCAGACCAGCAGCCCCACCACCAGATTTCGAATCCCCATATACACCGAGAAGACCTGGTAAGTTCGATCTGGTGCCAGGCGAAACCATTGAATGATCATGGCCGCGATCCCGATCACCAGCACCGCCAGCCCCCATTTCCAGCGCAATCGACGGGTCGGTCGCTCAGGTGACTCAACTGGCGTATCGGCTTCCGGTTCCGTCTGGGCAGCTTCCCCGGTCTGACTCAGCGACTGCTCCGATTCGTCATTTTTTGAATAATCCGACATAGGCTTTCACTACGGTTGAGGCTGGCTCCCAGTCCGATTTCACAACCTGGGCCAGCGGGGCGTATACGGTTTTGACAGTCCGCGAGAAGGGGCGGAACTTCATTTTGCCTTCCAGCCAGACCAGGGGGCCGGCCATCAGGAAATAGAGCAGCAGCAGGGATATCAGACACATCACCGCCGCTCCCGCTTTCTGTCTGAAAGAGGGACGGGAATGATCGTCGACTGTGCTGACTGGTCCGTTCATCTTGTGAATCCGGTACGGGAACAGGGAATTCTGTGAACAGTATTACCCCTCAAACGCGATCCCTGTTTCAGGAAAATCTGTGATTCGATACCTTTTATTTTTTTCGAAACGCCGGCAGTCGCTCGCCGGTTTCCCGATGAAATTCATCCGGCCGACGGGTGCGGGGCAGCCGATCGTGTGTCTCCTCCTGCCATTGATCCAATACCGCCCGTAGTTCTTTCTGAACCTGCTCGTACTCTTTCTTACCCGCCAGATTATGCAGCTCATGAGGATCGTTCTGCAGGTCATACAGTTCTTCTTCCGGACGAGGTACGACAAAACACCCTCGCTGATCTTCCGTCAGCTTGTTCTGATCGCGCAACTCACGCATCGCGATATAAGTGGGGCTCCGCACTGCATCCGCCGGCGGGGTGCCGGGAATGTCGGGATAGAAGTTCCGAATGTACTGATAGCGGCGCGAGCGAACCGACCGACCGAAATCTTCGAAGTCGTGCCAGTTATGCTCGGCAAACACATGGGTCCGGATCGTCGCATTCGGATTCTCCAGCAGCGGCTTGAAACTCTTGCCCTGAAATGTCTCTCCGACGGGGAGCCCTGCCAGTTCCAGAATCGTAGGAGCCAGATCGATTGAGCTGATCAGTGAATCACACACCGACCCCGCCTTGACCCTGGCTGGCCAGGTCACGATCCAGGGAGTTTTCACGCCGCTGTCGTAGACGGTCGTCTTGCAGCGCGGGAACGGGCGTCCGTTATCGCTCAGAAAGACGATCATCGTATTGTCGGCGACTCCCTGAGCCTTCAGTTCCTGACGGACCCGTCCCATCACGCCATCCAGACGCGTGATTTCATCGTAGTACAACGCCAGATCGCTGCGGACTTCGGGCGTGTCAGGCAGATAAGGAGGGACAATCACGTCTGCATTCGTATGGGGACGGGCAATAATGTTTCGCTCATAAGGTCGATGCGGATCGGTGGTCGCAAACCACATGCAGAACGGCTTTTCTTTCGGACGCTGCTTCAGCGTATTGACCCACTGATTCAGTTTCGTCGTCACATGATCAAACTTGCTTTCGGTCGGCGTCCCCAGATGCCATTTCCCCGCGGACGCCGTGTAATAGCCGGCCTCTTTTAATTTTTCCACGAAGGTTACCTGGCTGGCCGGCAAAGGCAGATGCAACTGATGCGCGCCGGTGCTGTGCGGATAGCGACCGGTAATGATGCTCGAACGACTCGGGCTGCAGGAACTGCAGGTCAGAAATGCCTCGGTGAATTTCATGCCGTCTGCTGCCAGCTGATCCAGATTCGGTGTCTGGATCTTGGGGTGGCCATAGGTGCCGCAATCATCCCACGCCATATCATCGGCGATGAAGACAATGAAGTTAGGCTTCCCGGCAGCCGGAGACTCTGCCCGTAATTCAACAGCAACTGTCCCCATCACAAACAGAACTACCAATAGCATAGCTGACAGCTTGATTCGCATTGTTTTCGTTTCACCAATCTCTAAAATTTTTGCTTCAAGGTAAAAACCGGCTGCGTTCTTCCGGCGTGGGCATCCGGCAGGTTTCATGTTTGCCAAAAAAACGGTATCTCGTTTTTGCCACCAGCCGATAGCCCACATTTCTCAGTGGTAAAGGGACCAGCCACAATAACCAGCCACAGACATTCCATGGAAATCCCAGCAGCCACAACACACGCACCGCGGCAGCGGAACGGCGATAGACCCGACTCCGATCGGCAGGGAGAAAAATCACCGTATCCACGTTCTCCCGGTCCTGCTCACTCAAAAGTTCCTGTGCCGTTTCCCCCTGCAGTGGAGAGTAAAGCAGTCGCCCTTCGGGATCGCGGGTCATCGCGAAATCCACACTCCGGTTGCACAAACCACACACACCATCAAAAAACAGGACGGGCTTCTCCATCTCCACCTCCCGCTCTTGCCCGGGCCGTAATACAGGTTCTTCCTCTGTATCCCGCAACGCGAGCTTCGGATTTTGCCCCTGGTTCTGCATGATTCAATCCATCCTTGCCCGGCTTCACTCCCGGAAACATCCCTGAAATCCGGAAAAGTTCCTGAAAAATGACCAGCCTCACACCAGCCCCGGATTAACTTAATCTTATACGCTGCAGACGTTTATCTCCAGCCGTTTTTTGCCGCTTTACACGAAAGTCGCTAAATCCCGCAGACTGTGAGGTTCGATGATCATCTGGAGGCGACATTCTGGGATTCTTCCTGTTGTCCGCCCTGTTTCTACGCTA
CP036317.1_gap64	3130258	3132460	2202	ACAAATTTGTCCTCAAGCCAGATGAAAAAATGGTGGGCGTCCTGCTGCCTCCCTCGGTCGGCGGATGTGCCGTTAATGCCAGCCTTGCCATTTCGGGACGGGTCCCCATCAACCTCAACTACACGCTCTCCGACAGCGATATCAATTACTGTATCCAGGAAGCAGGTATCAAGACGGTCCTCACCAGCCAGAAGTTTCTGGAAAAACGGCCCATTGAAATGGACGCCAACGTAGTCCTGCTGGATGACCTCAAATCCAAAGTCACACTCTGGGATAAACTCTTCTGCATGTTCCAGGCATTCCTCGTTCCCGCCTGGATCATCGAACGCACCATCGGCCTGCATCGCGTCAAATCTGATGAGCTGAGCACGGTCATCTTCACGTCCGGCTCTACCGGACGCCCTAAAGGGGTCATGCTCAGCCATCACAATATTATCTCAAATATCAATTCAGCCGACGATTTACTTCAACTCTCACAGAAGGATTGCATCCTGGGAATCCTCCCCTTCTTCCATTCTTTTGGTTATACGATTTCGCTCTGGATGCCGTTTGTCAGAAAGATGCGCTCCTGTTACCACTTCAATCCGACCGATGCCCGCACCGTCGGCAAGCTGATCGAGAAATATCAGGTCACGCTGTTCGCTACTACACCGACCTTCCTGAGGCACTACCTCAAACGCTGCACGAAAGAGCAATTCGCATCAATGGATGTGGTCATCACCGGGGCCGAGAAACTGCCCCAGAGCCTCGCTCGGGAATTCGAAGAAAAGTTCGGCATCTTCCCCACTGAAGGTTACGGGACGACCGAGCTCTCCCCTGTCGCAGCGGTCAATGTCCCTCCCAGTCGACAACTGGACCCGGACGAAATCTCGGCCAAACCTGGTACCGTTGGTCGTCCTGTTCCCTGTGTCATGGCTAAAACGGTTGATCCGGAAACCATGCAGGATCTGCCGGAAGGAGAGGAAGGGCTCCTGTTCATCAAAGGCCCCAACGTCATGAAAGGCTATCTCAACAACCCTGAGAAAACCGCCGAAGTCATTATCGACGGCTGGTACAACACCGGTGACTTCGCCAGAATTGATGAGGACGGCTTCATTACCATCACCGGTCGGCAAACCCGCTTCTCCAAGATCGGTGGTGAAATGGTTCCCCATCTCAGAATTGAAGAAATCATCACGGGCATCGTCAGCGATCCCGAAGCAGACGAATCGGAAGTCGAGGTCGCAGTCACCGCTGTTCCCGATCCACGCAAAGGAGAACGGCTCATCGTCCTGCATAAACCCTTGCACAAATCTGTAGATGAAATCCTCAAAGAGCTCTCACAGGAAGACCTCCCCAATCTCTGGCTGCCCTCCAGCGACAGCTTCCTCGAAGTCGATTCGATTCCTCTGCTGGGTACCGGGAAGCTTGATCTGGCGAAAATCAAACAGATCGCCAGCGAAGCCTTTCCCGTCGAAGTGACCAGTTAAAGGGGACACACAATTCACGCTTCCGGGTGAAAAATACGCCTGGAATCCACATCTGACGTTCTAAAAACAGGCTGGTGAACAATTTCGGAAATCAGCCTGTTTTTTCAGAATTTGTGTCTCTCATTTCTTTCTGATGTGGCTTGAGAGCCATAGAAGCTCACTAAAGCTATTCTCTCTAAAGCCTTACCACAACGCATCAACTGACACTGATCTCTCAATTTTGCGCCTTTTTTTCCTTGATATGTAAATTATCCTGTTAGAATTCAGGGTAATAGGAGTCCATTAGTGTATAGATCGGGCCATCTTGTGGAGAAATCCGCTCGCAAGTTTACCCTGTCATATAAATAAAGTGAGGAAAGCAGGCATGATAGACCAGAAAGTCAAACTGACAGAACGCCAACAGGCAATTTACCAGTTTCTGAAAGATAAAATTATCAACCGGGGTTATGGCCCGACTGTCCGTGAGATCGGTGACGCATTTGATATCCGCTCACCCAACGGCGTCATGGGACATCTCAAGGCACTCGAACGCAAAGGACTGATTAAACGCAAATCGCATATCTCGCGTTCAATTCAGCTTTGTGACAACGCCCAGAAACCAGCTAATATCAACCTGGCCGGCTATCTGCAGGGGGGTGCTCCCATCGCTTCTCCCCAGCCAGGAGAATCACAGATCGATTTCAGCTCTCTGTTTGATTCAGGCGATAATTTCTGCCTGAAAGTCAAAGGGACC
CP036317.1_gap65	3134020	3134900	880	GCTGCTGATCGAAGACAACAATCATTTTTCTGTGAGTGCTGCTACAAATTTAGCCTGACTATATCAGTCACTAATTTGTGTGATTGTAGTCAAAAAATTTCCATTACAAGTTTTGTGATAGGGGCTTTTTTATTTTTTGCTCGTCTGCACTCAAGCTCTGAAAGGATTACCTCAACTAATTTTCGAAGGTCTTCTGTTGGTAAGGTTAAAAGTTCTTTTGCTGGCAAAAGAAAAAAAAGATAGCGACAAATGTCTCTATAAATGTAGGGATTCGGCGTTGTGACAACAATACTGCCATCGTCTGGTATTTTGAGTTTATATCCCGTCTCATTCAATTCCACTAAATGTTTTTTCCGTTTCTTCCATGAACGCCATCATCATCATCTTCATTGACAGATCGAATTTCACAACGCATTTTCATTTCCTTTTCAATTGATTATTGAAGTAACTTTACCTCAATCGAAAATACCAGAGATGAAACCATAGTCAAGAATTAAAACAATGTAACTCTATATGTGATTTGACTTTACAAATGCAAATCAAATTATTTATGAAAACTTCTCAGTGATCTGAGGGGCTTTTTTTGTACAAAGTAGGAATTCCTGAGAATTGGCCTAGCTCTGTTTTGGGAGAAAATTACGGTATCAGCATCAATTCAGAATGGCTTCTGAATAATCACTTTTAGTCATGTTAAATAGGTGAGATGATGAATAAATCATTTAATGACGACCTAGACCAAATGTTTCAGATGCTGTCTGAATTCAACGAGCAGCTTAAAGAGCTTAGGCAGGATAACAGATTGGTCAATGACCAACAGAGGATGCTTTGTGAGCAGATTCAGACTCAAGTGATTCAACTTCAAGACAGACAGAACGAAACG
CP036317.1_gap66	3137556	3141227	3671	CTGCCAAGAGAAAGGATGCAGAGTCACTGTTTGAAAATCCCAAGCGACTGATTCCAGCGATGGACTTTACTGTTTCCGATGATGGGCTTGAGATGATTCTGTTTATGAATATGGGGCTCTACCAAACTACGAGAGATACTGTTGATGATAACTTCAAGCGACCAACAAGAATCACATCAGCAGTTATCCAAAACGGATTCTTGGCAGGGCCTTGTCTTTCCTCAGATGGACTGACTTTATACTGCGATACCATGAGGAAAGGATTTGGTCCGCAAATTCAGGTTATGACCAGAAGAACCAAGAGTTCAAGTTGGAGTAAACCGCAGCCACTGCAATTAACTCCGATTGGGAAAATGAAATATCCCCATATTTCGCGAGATGGAAAGTACCTGTTTTGCACTGGTAAAGATATTTCTCAAGGGTCGAATATTATCATCCACTCAGGGAGAGATGCTGATGGTGGATTTCATTCTGCGAGCGTCCTGAATGTCGATGGGATCACTGTTCGGGGAATCTTTCCAAGATATGTCGAGGCAACAAAGGAATTGTTTTTTGCTGGTGAGCCAGAGAATGGAAATGGTGAGTTGAAACTGATGGTATTGAAGAACTTTGACCCTGAGAAAGTGATTCCCGGTTTGAAGTGATACCCGCGACTGATGAATCTTTTTTTTACCCAAGCACTGTCTACAACTTTCATCTCCGCTTTAAAAGGTAACCATTATGTACCGGATTTTTTCAATAACTTGCTTTGTGCTGATCTTGTTTGTGACATTCAATAATGCAAACGCTGAGGTTGTTTCAATCGAAGCCACAGTTAAATCAGTCGACGTAAATAACAGCAAAATCACTGTTGAGCGAAAAGGAAAAACAACAGAATTTGAAGTAAGCAAGAGCACAGATATTTCCAAGCTCAAAGCTGGCGAGAAAGTCACTTTGAGTTACCATCTTGATCTGGAGATCGTGCTGAAAATCGAATCACCGGAAGCCAAATCGGATTCAAAATCTCCAGAACTGATCGTTCTGCAAGAACTCGATGCAGATGGACATGAAGGTAATCCAGTCTTCACAAAAGATGGGCTCACGATTTTCTGGAACATTAAAGGTCCATCAGACTCTTTGAAATGGGTCTGGACTGCTTCTCGGAAAGATCAGGATTCGCTTTTCGAACACAAAAAGAAATTGATTCCTGCCGCTGATTTCACAGTTTCATCTGATGGCTTAGAAATCATTATGCTCCAAAACAATGGCTCTCTCGCAAGTGCCACTAGAGATGATCTGGATAGCAATTTTAGCAGACCGAAAACAATCACTGAGTTGAACAAGAAGTTCGGTTTCATAGCAGCTCCCTGCCTTTCCCCCGACGGCCTAACGCTCTACTATGGCAGAATCGTTAAAGGTAAAGGAATTCAATTTCATTATTCCACTAGAACCTCAAAAAATGCAAAATGGAATCCCCCCAAACCACTGCTGTTGCCTCCAAGCGGATATAAAAGGCGTTTTATGACTTTGTCATCAGACGGAAATTTTCTGTTTTGCAATGCCATGGATGCAGAAGCAGGAAAGCCAAATCTGCTGGTTTATACGAGAAAGACTTCGCAGGACAGGTTTCAATTTCTTGGTGTTGTTGATAGCGATGATTTGAAGTTAAATGCATCAAAAGGTGGTGCGTTTGCTCGATATCTCCCAGAGTCAAATGAGCTGTTTTTTGCAGGCACTATTGATGAAAGTGGCGACAGAAAATTGTTGTTGATTAAGAACTTCTCGCCGGAATCGATGGTTGAAAGAGTTGGGGAGTAAGTTGATTCATATTCAATTAACAAAGAATTACTATTGGTTCTTAAATTGGCACTTAGCAAGCAAAAATATGTGAAATTACGTATGCAGTGTCAATATGCACGCTTGGAAACACTAGCCTCATTGAAATCAAAATGATCTACTTGAGCCAAAGCATTACTTAAATGCTTTGGCTCAAGTAGATCAAGACAATAGTTAATCACTTCAATCATAATCATAGGAACATGATAGAAGTCTTTTGGTTGTTCAAATCCATCAAATGTAAGCTGATGCGATGAATGAAACGACTTCGATGTATGATTAATTCTTAGCAATTGATTTCTGGCTGATAGAAGGTGTTTTATGCCAAATTCACTATTAAACTCAGAATAAGAGTGAGACAGACAGCGTTCCGTGAGTAGTAGAAACACTATTGGAAAAGCCCACCATCGACCTTCTAATTTTGCAGACGTAAACCATTTTTGGCTCGCAGTCACCCAAGTAGAATCTCCGAGCCAATTAAATTCACCTAATGCTGCGAGTATTAGAACACTGTGAGCTTTGTAAGCTGACTTAAGTTTTTTTTGTGACGGAGCTGATTTTAACCATTTAATAACTTCTGGACGAGCCTTCAACTGAAAAAGAACTTTGTCGAGTTTCCTGTTCTCAGCATGACCTAAAACCGTGAAGGTCTTATGCTTGGTAGTACGGATAGTCTCTGATGAGAATAGCCCTTCCTCAAAGGAGCCATACTCAACGGAGTTACGTTCATTCGGATTAGTTTTTTCAAGATAAATGAATAACACTTCGCGAAGCTGAGCAAACTGACAACTTTCAGGAATTTTATTAGCTATATTTCCAGCCAATTCAAAGGCAAATTCCGGCTCCTCTTCTTCCAAAGCTTCAAATGAAGATAGCAAGGAGTCTTCAATAGCGGATATTCTTAGAGAGGGACCGTGTTTATAAAACTCATGAATAAGTTTACCTGCAAACTTTTCAACAAAATTGAGCTCATCTTCTGGTACCAAGTCGAGGTACTCTAATAAAGACTGTCGAATATCGAGTAGTTGCCTGTTTTTAAAAGTAGTATTAACCAATTTTTTCGTTAGTTCGACAGCAAGATCAGGTACACGGTCTTCAGACCGATCGATGTATAGCAATAGGAGATCTCGAATTCGAGATAAATTGCCTTGTTCAGGCATCTCTGACACTATTTTTTTTGCTGACTCCTTTACTCGTTTTGTGCAGTCCGAAAGCCTTGGTATAGGAGGAAGTAGTGGAAATTGTAGTATAGAATGAATGTGAACTTCCTGCTCAGCCCCGTAGGGGAAAATTACAACTTTACTTTGAGACCCAACAACAGTCAGTCCCTGAATAGTTGCCCTTGAACCTACGACCTCCGCTATGGAACGATACAGAGACTGCATTGCATCACCAGTTCTAAATGCACCATCAACCATCAATACTGATCGTGATTTGGATAACATCGAAACCTGCTGTCTTGTAACAGTTTGAAGGCAGCCTTTAGCCCATCCAACAGCAACTGTTGGAACAGCAACCCCATAAATTTGGTAAAGAATATCGGAAAAACGCTCTGCGATCTTACCAGCACATGAATTACGGCGTTCATGAAATGCAATACAGAGTGAATGAATGTTTTCGCCAATTACATTCTTAAGCATCTGAGCAGTTTTCTTATAAAAATAATTCTCCACTCGCTCAATAGGATTTGCCAATCTTAGGTTGGGTAAAGATGGTTGTAATGTTCTTGATGGAAGAATTTGATATCCATCCAAGAAGAAAAGATATCGGTTATCGTTCAGAAGTTTGTTTATACTAACTGCATCACGCTCAAGAAAATAAGAGGTCATCAATTTTGAGGAAGAAGATCGAGTATC
CP036317.1_gap67	3143570	3145961	2391	GTCTCGAAAAGTGGTTAAATTGTATTTGGATGGATGGAGCATAAAAGAAATTGGGAAGTTAATTGGAGCCACCCCTAGACAGGTTTATTACCTTAAGAATAGTGGCATCAAAAGAATTTCAGAGGCAATAAAATGAACACTAATATTTCGAAAAAACTATTTTCAAATGCAACAATGGTGGTCCGAGTACGGGATACATATAAGTCTCCTAAAAGCTTATTTTCTCGAGTTTTAATAATTTTAGGAATATTTTTATTTGGTACTATTTCAGGCTCTTTTGCATTACTATTTCTTCTAATGAACCCACAATCTGACCAACACACAAAAGCTGTTACAGCATTCATCATACTTGGCTCTCTAGTTTTATGTGTCCTAAGTTCGTTATTATTATTCCTCTTGATTATTGGGGCGTATATAAATGAGAAAATCGAAAGAGTGAATGCAGAAAGTATAGAAAGTGAAATCTTTGAATATACAGGGCAAATAGCACACCAAATGCTCATAGACAATTTATTAAAGCCAGAGTTTCGTGATTGTCTTCGTACCATCCTGTCACAAAAAGACAATACCCCTCCAAATACCTCTGAGATAATTTCTTTAGCGTACTTTTCAAAAGTAGACGTCAAAAAAGCAGCCGACCCCATCATATCTGCTGGCGGCTCAGTTGCGTCGACTAAAGTCTAGTAGTACACTTTAGCAAAACCGAGATCTTCAAAGTACACCAAGTACGCGAAGATACACCCCTTCGGAGTTTTGCTAATGTCTGCATCATGCTTAATAGCATTCATATTTTTATTACTCTTTTGTCATGCATGCCTACAGCTTTATACCATCGAGTTAAATAATCAAGCAGAAATAAGAGGAGCAATTGAGCGTCAAAAGAGTAACCGTACACCAGAACCAGTCATTTCGCTGGGGCTGATTATTTGCTGAGGCGTCGTCGGGCTCGACGCTTGCGTTTGCGGTCAGCGGATTGGCGACGCTCGTCCTGGCGGTACGTTCGAATCGATTCAGGGTGGTCCACTCTCCAGGCGTGCGGTGCCAGCCTGGCCCAGTCCGTCTCGCCGTCAAGGGCACGCTGCAACACGTCGTGCAGGTAAGCAGCTACGTCGAGGTCGTTACGAATCGCCGTACCCACGATCGTCATCAGGTTCGCCGCTCGATCACCAGCGAACACCGATCCTTTGAACATCCAATTCTTGCGACCCGTGGCCACACGTTTCATCAGTTGTTCGCAATCGTTGTTGTCAATCGGGATCGAGGCGTCATCGATAAATCGCGACAAGGCCTCCCAGTGACGACGAACGTACGCAGCGGCTTGACCAAGATTGCTCTTGGGTAAAACACGCCCCGGCGACATCTCTTCGCCGGACAAGTACTCTTCGATCAGACCCAGTACATGACGCGACAGGCTGCGGCGACGGGCAAGCCGCTGGGACGCATTGAGCTTCTGGATCTGGTCCTCGACGTCGTAGAGCATCAGAATCCACGATTCGAGCTGAGCGACCTGGATGGGGAACGCGCTGCGGCACTCGTCAATCTTACGACGCGCATGCGCCCAGCACGCCGCGAACGTAATCCGTGAGCCACTTCGAACCTCGATTTTCTGAAAACCCGACCAGCAATCTCCGATCAGGTTGCCCGCGAAATCTCTGAGCACTTCATCTGGTCCGTCCCGGTGACGACTGACCGTGAAGTCAAACGCCACCACCGGAAGACGCGAGGCGTAATAGCCCCACATCTTTGCGTTGATGCTGGGCTTGCCAGCGGCGATCGCGGTTTCCAGCACCTCGCCGATCCGCTGCCCGCGGGGATGCCGGGACAGGTCCGGCATCGCGGCGGGAGTGATCAACAACACGCCGGTGTCGTCGCAACCGATCGTTTGATCCTGTTTCAGATAACTGCGCAGGTGCGCCGCCAGCGGACGAAGTGCAAACTCAACACCCGCTTCGATGTTTTGCAGCGTGCTGCGACTGGGGGTCCAGCCACTGCCGGCGAACAGGTCTTGCTGGCGGTAAAACGGGAGATGATAGAAGTATTTCGCCGCCACGACTTCTACACCGATCGATGGATCGAAACGATGGCCCTCGACCAGTCCGGTTGGCCGCTCAGGGCTGAGGATGCCTTGGGTTTTGTCCGTTGGGTGCGCATACTTGGCATACCTGGTCACCCGTACGCGCAGTTCACTGCGGATCAACTCAAGCGTTTCGACTTCATCGTAGCCGATCAGTTTCAATCCCTCGCGTTGTTCCTTGGGAAGGTCAACGAGTTTCTCATAACGCGGCAGGTGTGCGGGGAACTTACGGTCGTTGCGTCGCGGCCGCCTGGGTTTGCACTTTCGGTTCGATTCAGCGGCGTCCCGGGCAATCTGTTCAGCGTGCCGGATCGCTT
CP036317.1_gap68	3274588	3276972	2384	CGCAGACCCTCGATGAATACCTGAAGGACGCCGGCGTCATCGGCCTGCAGGGCATCGACACCCGCGCCCTGGTCCGCAAGATCCGAACTTCCGGCGCCATGACCGGTGTACTCTCCACTGTCGACCTGGATGATGAATCGCTGGTCAAAAAAGCCCAAAGCAGTCCGCAACTGGCCGGACAGGATCTGGTCAGCAAAGTCCTGCCCGCCTCTTCCTGCGAATGGGAAGAAGGCCTGCACCCCCTGGCGCACAGCAGTTCGACCCACTCTCTCTCGGGAAAAACCGTCACAAGTATGGCCGAAGGGGAAGATCAGCCGGAAAGCTCCTACCACATCGTTGCCATCGATTACGGCATGAAGTGGAACATCCCCCGCCACCTGAAACAGCTCGGCTGTCGAGTGACAGTTCTCCCTGGAAATTGCACCGCGGAAGACGTGCTCGCCCTCAATCCGGACGGCGTCTTCCTCTCCAACGGTCCCGGGGATCCGGAACCGCTGACCTATGCCATCGAAACCATCCGCGCCCTGCTGGGTAAGGTTCCGATCTTCGGAATCTGCCTGGGACATCAGCTGCTCGGCCTGGCCTGTGGCTGTAAAACCTTCAAGCTCAAGTTCGGACACCGTGGCGCCAATCAGCCGGTTCTCAACGAAGAGACAAAACAGGTGGAAATCACCTCGCAGAACCACGGCTTCGCCATCGACCCCGAATCCATGCCGGACGATGTGGAAATTACTCACATCAATATGAACGACAACACCGTTGCCGGGCTCCGTCACAAAACCCATGCCGCTTTCAGTGTGCAGTACCACCCTGAAGCCTCTGCAGGGCCTCACGACAGCCACTATCTGTTCAAACAGTTCTTTGACAGCATCTGTGAAACCCGGGTTTCTTCCTGATCAACACATTTTATCCTATATATCAGGGTTGAAATGAATCGCCATTTTCATTTCAATTCACCTCGACAGGCGTGGAAAATCCGTACCAGCCAGACATCCCCCGCCAGAAAACATATATTCCCAAAACCAATACACCGAGTACATGCAGGGAATCAACTCATTCCCTCCGTTTCATACAGACCATCGACTTGATAGAAAGAACTCCACATGGCTCTCGAACGAACTCTGATTCTGATTAAACCCGATGCGGTCCAGCGCCGGCTTGCCGGCACCATCCTGACCCGCTTCGAGAACAAAGGCCTCAAAATCGTAGGCCTCAAACTGCTGCAGGTCACCAAAGAACTCTCCGCCGAACACTACGCAGAACATGTGGAAAAACCGTTCTACCCGCTGCTCGAAGAATTCATCACCTCTGGCCCCGTCATCGCCATCGCCGCCGAAGGCCCGGAAGCCATCTCCGTCGTCCGCTCCATGATGGGTTCCACCAACGGTCGCGAATCGGCCCCGGGCACCATTCGGGGTGACTTCGGCGTCAGCCGCCAGATGAACCTCGTGCACGGCAGCGACGGCCCCGAAGCCGCCGCCCGTGAAATCCAGATCTATTTCAAGCCCGAAGAGCTCCTCGATTACGAAACCTCTCTCGGCGGATGGGTCTGTGCCGACGACGAAAAATAGTCGCCCGCCATTCCCTTCAAGTTGATTAAACGAAAACAGGGCAACCGGAATCAACCGGTTGCCCTGTTTTTTTTCAGTCTCTCCAGACGCTTAAGCGGCTGCTTCAATCGCCCGCTTGACGGCAGAACCCATGTCGGCCGGGCTTTCGGCCACGACAACACCGGCTGCTTCCAGAGCGGCAATCTTCTCATCCGCCGTTCCGCTGCCGCCGCTGATAATTGCACCAGCGTGACCCATCCGTTTTCCGGGAGGCGCTGTCTTACCAGCGATGAAACCGGCAACAGGTTTGGTCACATGCTCTTTGATGTATTCCGCTGCTTCGATTTCAGCCGTTCCCCCGATTTCCCCGATCATCATGATCGATTCCGTCGCAGGATCATTCTCGAACATCTCCAGCAGATCGATGAAGGTCGTTCCGATAATCGGGTCACCACCAATGCCGATCGCTGTGCTCTGTCCCAGTCCGATGTTCCCCAGCTGCCAGGCCGCTTCATAAGTCAGTGTACCACTCTTGCTGATCAGACCTACGGAACCGGGCGTATGAATGTAACCGGGCATGATACCGATCTTGGCGATGCCGGGAGTAATCACACCCGGGCAGTTCGGACCGATCAACCGGCTCGGTTTGTCTTTCAGGTATTCCATCACCCGCACCATATCGGTCACAGGCACCCCTTCGGTAATCGCGATGATCAGTTCCATGCCGGCATCAGCGGCTTCCATGATCGCTTCGCCACAGAACGGAGGTGGCACGAAAATCAGGCTGGTATTCGCACCGGTCTTTTCTACCGCTTCTTCGACGGTGTTGAATAC
CP036317.1_gap69	3294804	3297734	2930	TGCGGGCCGTAAACAGCTCATTAAAATCGATTTCGACATGAGAATATTTCGAGAGAGTATCCACGAGCCGCTTTCGCAACTTCAGCCCCTTCACCAGGACCACAGCTGTCTCATGCCCCGCATCGACCCGCGATACGTACTCGAGCAGCGCGTCCTCATGACTTCGCAATATCTTCAAGACCATCTCACGCAGAATCTCCGCAGCCCGGGGATGTGTCGCGGAGACATCCGCCCGATGAAAGGCGACAATCCACAACCCCAAATCATCAAAGCGTTCCAGGTCGGGGGGATCGGTCTCAAACACCGCCTGCCAGGTCTCCAGCGTCGCCCCCACCGTCAGATCATTCAGTTGCCTGTAATCGTCCAGCAGCCCTGCCAGCAGCTTCTGAGTCTGTTCTTTGTCACCATAGGTCCGCATCCCCCAGGCAATGCGCTGCTGCATCTGCCCGTCCAGCCCCGGGTACTGTTCCATCAGCATCCGCACCAGGTTTGCAGACCGATCCGACACCACCGTGGGGCCATGATACAGCGCATAATGCGCGACTCCCCCGTCGTCACTGGCACTCGCATGGTACATCAGTTCGATCGCCCGGGGATCCTGCTCCTTCCGGTTCCAGATATATTGATTCCCCACCTGCCCCAGGAGCGTGGTACGGTGTCGCGAACAGTTCCGCAGACCACGCCGAATCAAAGCCAGCCGCTCGGCGATGCTGTTGACCTTCAGCTTGCCATCGATCATCTGATCCAGCTGGGCGCCCGCCTGCTTGTCATCCGGGAAAAATGCCTGAAAATCGGGAGGCACGTACTTATCAGTCCGATTCCACGCAAACGGCGGTTCGATTTTGAAGGGAATCGTCTCCGCGGTGGATTTCTCTTCCGCGAAAGCCGGCTCGAGTCCCGCGACACTACACGCGATTGACACCAACAGCATTAGAAACAGAACCAGACCACGCCGGTTCCACTCAGAGGTCGACTGCATTTCATCTCCTCCTCAGTTTCAGCTTGAACGGTAGTCAGCAGACAGGGCTTAACCGAAGCCGCCTCCGCCGCCATCTCCCATGTAGCCCCCTTCAGGGACATCCAGGTTCGCATAATTGCCGAACCGCATCGATTCGCGAAGCCAGGTCAGATTCACGATCCCGGTCGGACCACTACGGTGCTTGGCCACAATCACTTCCGCCAGCCCCGGGTGATCTTCCGGATCGTAAGCGTCGGGACGATGCAGGAACATGATCAGGTCGGCATCCTGTTCGATCGCCCCACTTTCACGCAGGTCGGCCAGACGCGGACGCTTGTCTTCACGCAGTTCCACCCCGCGGTTCAGCTGTGCCAGAGCAATCGTCGGCACATTCAGTTCTTTACACAGCCCCTTCAAACGTCGCGTGATCCCCGCGATCTGCTGTTCACGGGGCATCGTCTTGTCCTCCGGTTCAATCAGCTGCAGGTAGTCGATAATGATCAGCCCCAGGTTGCTCAACCGCTTTAGACGCCGGCAGATTGCGCTGATTTCCTGAATCGTCCGCCCCGGCTTGTCATCGATAAACAGCGGCATCTCGCTGATCTGGGAAGAGGCTTCCAGCAGCCGGTGCCGCTCGTCTTCTTCCAGATCTCCGGCACGCAACGAGTGACCATTCACGCCCGAGCGGATACACAACAGACGCTCTGCCAGCTCCAGCTTCGACTGTTCCAGCGAGAACACGATCGTCGCGGTTCCCCCTTCATCAGCGGCCGCCTCCGCAAAGTTACAGACCAGCGCGGTTTTCCCCATTGAGGGACGGGCTGCCAGAATAATCAACTCGGAGGGCTGAAACCCGTTAATCTGCTCGTCCAGATCGACGAATCCGGTGGTGGTACCGGTCAGCGTCCCCTCCTTCTGAGTTCGTTCGTGGATCCGATCGAAGGCATCCATCAGGATGTCCTTGATCTCGATCTTGTCCCCTTCGCCCTGCGATTCCAGAATACTGAAGATACTCTGTTCAGCCTTGTTCAACACCTCCAGCGTATCGCCCTGGGGGGAATAGCTTTCCCGGATGATCTCGGTACAGGAATGAATCAGTTCCCGCTGGACCGATTTATCCCGCACGATATTCGCATAATACTCCGCATGTGCCGCGTGAGGCACGCTCTCCAGGACTTCGTGCAGATACATCACATTGCCGGCTTCGTCCAGCTCTCCCTTGGAGTCCAGCTCTTCGGCCACCGTGACTGCATCGATGCCGCGCACGCCGGCGTCGTGCAGACGGAGAATCGCGGCAAAAATCCGCGCGTTTTTATCGCTGTAGAAGTGATTGGTTTTGACAATCTGCACCAGGTCGTCGATCACGACGTTATCCAGCAGGATACTCCCCAGCACCGCTTTCTCTGCATCCAGATTCTGCGGCGGCACTTTTCCGAACAGCTCCTCGACAGACTCCTGTTTCGGACGGCGAAAATTTCCTTTGCCGGCAACTGACATGACCATCCCCTGGCTCGGTTGATTGATTGAAATGAAAGCACACGGCCCGTTGCTCACCTTCAGTTCCGGGAGCGGTCACGCCGTGCTGCAGGCGTCATCATATAAAACCAAAAGAGGTCCGGCAATAACCGGACCTCTTCGTTTTTTCAGACGCAGCTCGACAGCCCTGCTGTCGAACGGGTTTAGCTTTTTTCTGCTGTCGGTACGACCCAGACTTTGACTTCCGTCTTGACCTTATCGTGCAGCTGCAGCTTGACGGTATACATACCCAGTTCTTTCAGCGGGCCTTCCAGGCGAATCGCTTCGGCGTCGACGTCAAAGCCACTGTCCTTGAGGGACTTGCTGATATCGACGGCCACGATCGAACCATAAAGATGTCCGTCTTCGTTGGCGTTGGCTTCCATGGTGACGCTGTGCTTGCTCACCTTGTCTGCCAGGCTCTTGAGTGACTTCAGGCGATCTTTTTCCAGATCGG
CP036317.1_gap70	3325193	3327222	2029	GTCAATCGTCACGTTCGGACGGGATTCATAGATAAAGAACACCACGCCCAGAGGCACCCGCACCCGGGTAACCAGTAGACCGTTGGGCCGCATGTTACTGTCAATCACCTCGCCGATCGGATTCGGCAGCGCCATAATTTCTTCCAGCGCGGTCACGATTCCCTCCAGCCGAGCTTCGGTCAGCCGCAGCCGGTCAATCGAAGCTTCCGTCAATCCGTATTCGGGAGCCTGCTGGATATCGCGTTCATTTGCTGCCAGTAAATCAGGAGTCCGTTCCCGAATCAGTTCCGTCATCCGGCGGAGCCAGGCATTTTTCTGGTTTCCGTTCGCAGAAACCAGTTTGCGCGACGCATCGCGAGCCTGCTGAGCCAGTTGTTCGGTGTATTGCGCCAGGTCTAATTCGGTCATACTACTCATAACATCAATAGATCTAAGCAGGAATTTACCGGCTCCTGCCACCGGGTTTGTTCAAAACAGGTGAGTTGCTTCATCAGTACGGACACTTGAATTACCCGGTCGGTGCGCTCCTGTATCGCCCACCACAGTCCAAATAACCGGGTTCCGCATACCGAAGTATCAAGTATCAGCCGAAATGTGTCAACGCGGGATCACTTTTCCTGACGGCAACGATGTCAATTTATGCAATCTGGAGCCTGTACAGGCCGATTTCCAGTCGCGGCCAGGAATCGTTCACGTTCAGAACTGCCAGTCAGAATACAGCTTGGAACGGAATTCGTGCCATTCTGCATTTTTATTCCGGGAACCGCAGCTCTCGACCATTTCCGCCGACCATTGATCCATCGTCCGCAGTCGGTCTGACATGATCCGCACGGTATTGTACACGACTTTATGCGCCCCGCTGACGCCCTGCTTCAGCAACTGATCGAAGTTCTGCCAGGGAATCCGTACGATGGACACATCGGAAATCGCCACCACACTCGCCGAATGAGGTGCCGGCTTGAAAAAGGACATTTCACCAAAAATCGAAAGTGGCCCCAGCTGAGTCAGTGTCTGTTCGTCTCCGTTTGATAACTGCTTACGTACTTCACAGTTACCGCTCTGAATAATCCAGAGATACCGGGTCGAATTTCCTTCATCCAGAATCCGGGCTCCTGCCGGAAAATCCTCTGTTTCAGCGTGAGAGAGCAATTCGTCCATTTCATCCGGCGAAACCGATTGAAACAGGACACAATCATTGATCAGCTGCTCTGTGGAAACCATATATATCACCTCATTTAGCGCCTGGTGTAAAACTTCTATTGTCTATCAATCACAGTCTGAAATCGTCTGTAAACCATGATGTGACAATCAGATACCTCCCATTACAGTCGCCCGCCCTACTCGACCGATGCCCAGTATGTAAGCGGCGATGCGCAGTGAGACCTTCTTGTCCTTGGCGATCTTCCAGACAAGTTCAAAGCTGTCATTCATAATACGATCTAACTCGGAGCGAACACGGGATTTTTCCCAGCTAAAATGCTGGCGGTTCTGCACCCATTCGAAGTAACTGACGGTCACTCCACCCGCATTCGCCAGAATATCCGGGACCACCACGATCTCATTTTTCGCAAAAATCTCGTCGGCGTCCGGATCGGTCGGGTTGTTGGCGGCCTCAACAATACATTTCGCACGTATCTCTTTGGCATTCTCTTTCGTCAACACGCCCCCCAGGGCAGCTGGGATCAGGACCGTCACATTCGAGGTCAGCAGATCCTCATTCGAGATGGCTTCCGTCTCCGGAAAACCTTTAACCGCCTTGGTATCCTTACAGTATTCAATCAGTTTCGGGATGTTGATCCCGTCACCACAGTAAATCCCGCCGCTGGCATCGGAAACCGCAACGATCTTCGCCCCGAATTCATCCAGAAAGTGAGCCGTGTAACTTCCCACATTACCGAATCCCTGGATCGCCACCGTCACACCTGACAGATCGATTTTCAGGTGATTCAGAGTCTGCCGAGTGATCATCGCCACACCGCGACCGGTGGCCTCTTCCCGACCATCGGCACCGTGCAGTTCAAGCGGCTTG
CP036317.1_gap71	3380553	3383692	3139	ACGGCGATTACCTGCGCTCGCTGAAACCCATTCAGTATGGGAATGCAGAATCGGTCCGTAAGGGGCAGTTTGTGATCGCCCTTGGAAACCCCTATGCCATCGCCCGCGATGGTTCGCCCAGTGCCAGCTGGGGAATTGTGAGCAATTTTCAGCGTTACCCGGTTCCCATTTTCAAAAACTTCCTGAACCAGGAACTGGCCAAAAAAGAGACCATTCATCACTTTGGCACGCTGCTACAGGTCGATACTCACCTCGACCTGGGATCCAGTGGAGGAGCTCTGCTCGATCTGGACGGCAAGCTGATCGGAGTCACCACGTCTCTGGCAGCCCTGGAAGGCTATGAAAAGTCGGCAGGTTACGCGATCCCGCTGGATCCTGAGACCAGGCGGATCATCCAGAGCCTGGCCTCGGGACTGGAAGCCGAATACGGCTTTCTGGGAATCACCCCCAACACCGTTGACCGCAGTGAAGCGAACCGGAATGTTGCCAGCATTGTCAATCTCAAGGAGCCGGCCTACGTACAGGCAGGCAGTGTCAAGCAGCACTCCCCTGCACAGCAGGCGGGGCTGCTGCCGAGTGACCTGATTCTCTCGATCAACGGGAAAGAATTACGCAACGAACTCGACCTGATGCGGGAAGTGGGTAAAGCGGGTGCAGGCAGCGAGGCAAAGCTGCAAATCTTGAGAGGAAAAAATCCGCGTGAGTTGACTCTGACAGTGAAACTGGGAAAATGGCCCGTGGCGGATGATGAAGGGATTGTACAAACCCGCTATCGGCATCCTCTCTGGCGCGGTTTGAGAGTCGATTATCCCACTGCCCGTGCAAAATATACGTTCAGTCCGTTCACTTACCCGCCCGCTGTGGTTGTGACTCATGTCGCTCCTGACAGTCCCGCCCAACAGGCCGGGCTGACAGAAGGAACGTTTATCCGACTGATCAACGATCAGCCGGTACAGACTCCTGACGCGTTCTATCAGGAAGCACAACGGGCCAGCACTTCACCGGTAACATTACAACTTCTGGATGACCGTAAGATCATTCTTCCAACCAGTAAGCAATAAGAAACAATGAAAACAGACGAACTTCGCGAGAGTTATCTTTCCTTCTTTGAAGAAAAAGGCTGCGTCAGAAGACCATCCGACGTCCTGGTTCCCCGGGAAGACCCTACCGTTCTGTTCACACCCGCCGGGATGAACCAGTTCAAAGATCAGTTTCTGGGCGTAGGCAAGCTGGATTTCACGCGGGCCACCACCTGTCAGATGTGTCTGCGAACCGGTGATATTCAGAACGTCGGCGTCACTGCTTACCACCACACTTTCTTCGAAATGCTGGGGAACTTCTCCTTCGGCGATTATTTCAAACGCGAAGCCATCCACTGGGCCTGGGAATATCTCACCGATAAAAAGTACCTGGGACTCGACCCCAATCTGCTTTCCGTCACCGTCTATCTGGAGGACGACGAAGTTTACAACATCTGGCACGATGAAATCAAACTCCCCGCCAGCCGCATCAGTCGTGAAAACGAACACGAAAACTTCTGGCCCGCCGGTGCTCCCTCAGATGGTCCCGATGGTGTCTGCGGTCCCTGTAGTGAGATCTTCTACCACCCCAACGGTGGCAAAGACAACGTCGAAATCTGGAACCTGGTCTTCACTCAGTTCAACCGCGTTGGCAATCCCCCGAACAACCTGAAACCACTGCCCAAAAAGAACATCGATACCGGCATGGGGCTGGAGCGAACCGCTTCGGTACTGCAGGGCGTCCAAAGTAATTTTGAAATCGACACCCTCAAGAAACTCTGTCTGGCTGCCGGCGATGTCGTCGGCACCAGTTACGGATTCGATAAACCGACAGGGCGTCCTCTCCGCCGTATTTCCGACCATGTCCGGGCCATCACCTTCAGCATCCACGAAGGTGTGAATCCCGATAAGGAAAAAGAAAGCTACGTCGTCCGGCAGTTGCTCCGCCGCGCCCTGCTGGAAGGCTACCTGCTTGGGAAACAGGAACCGTTCCTGTATCAGTTGGTGCCGGCTGTCGTTGACATCATGCAGACTCCCTATCCCGATATCGCCAAGACGGTCGAACACGTCCAGAGTACGATCAAGGATGAGGAAGAGCAGTTCCTGGGAGTCATCGAAAAAGGCTTGAGCCGCTTCGAAAGCATCATGAAGCAGGCCGAATCGCAAGGCAAATCCGAAATCTCCGGCGAAGATGCCTTTGAACTGCATCAGACAGATGGCTTTCTGATTGAACTGACCGAAGCCCTGGCTGCTAAAAACAACATCAGTGTCAACCGCACTGAATTCAACAACCTGATGCAGCAACATAAAGAAGGCAGTGGCAGCGGCGCCTTCCTCGATTCGGTGATGTCAGAAGGCCCCCTGACGGCTTTGCACAAAACCACCAGCGACACGGATTTCAAAGGCTACGAAACCACCACTTGTGAAAGCAAAGTCGTGGGAATTATTGCCGAAGACCGCCTGGTCGAATCGGTCGTGGAAAAAGGACACGCACACCCCGTCGTCGTTGTCATGGATCAGACTCCCTTCTATGCCGAAGCTGGTGGCCAGGTCGGCGACACCGGTTTCTTCACCGGCACAGGGGTGAAGTTTGAAGTCATCAACACGCAGAAGAAAAGCGGACTGACTCTGCACATCGGCCATCTGCTGGAAGGCAAACTCGAACAGGGGCAGACACTCACAGCCACGGTTACCGAACCGCGTCGTTCCGGTATTCAGCGTGCTCACTCTGCCACACACCTGCTGCACCACGCCCTGCACACCGTACTGGGTGACAGCGCCATGCAACGTGGTTCGAAAGTCGAACAGGATATGCTCCGCTTCGACTTCTCTCACAGCAAGGCACTGAGCCCTGAAGAAATCAGCCGCATTGAAGACATCATCAATCAGCGCATCTCCGAAGGCGCCTCGGTGACCACCGAACTGATGAAGCTGCAGGACGCCCGTAACCTCGGCGCCATGGCCCTGTTCGGCGAAAAGTATCCCGATTACGTCCGAGTCGTCCAAATGGGCGATTTCAGCACCGAACTTTGCGGGGGAACCCACCTCACCAATACAGGACAGGTCGGTCTCTGCAAGATCGTCAATGAAGAACCGGTTGCCAAAGGGGTCCGCCGCAT
CP036317.1_gap72	3421260	3423383	2123	AACGCCTGGGAATTAACAATACAGACCAGTCGCGATTCGCAACAGATGCCGAGTTCCTGCGTCGCGTCACCCTGGATCTGGCTGGCCGGATTCCCACGATAGTTGAAGTGCATGATTACCTCGGAAATACTTCTGAATCCCGCCGCAACGAAGCCATCAATCGACTGATGCACTCAGGTGTCCATTACCGGAACATGGCCACTTTCTGGCGTCGTTCCTGGGTCCCTCAGGCCGACACCCCCGAATTCGACACGGTCACTGACAATTTTGAACGGTGGCTGGTATACCGTCTGCAGCAGGGAACACGCTACGACGAACTGGTCGTCGAAATCCTGACTCTGAACCAGTCCGGCGTTACCCCCGACAGTATCACTCCTGTCGGATTTTATGATGCCAACCTTTCTAAACCAGAGAATCTGGCTGCTAGTTCCACTCGTGCCTTCCTCGGGATCAATCTTGATTGTGCTCAATGCCACGACCATCCTTTTTCCCGCTGGACCCGTGAGCAGTTCTGGCAGACCGCCGCCTTCTTCGCTCCTCCCGAAATGGGTAAAGGGGATCAGCGACAGCCTCCCAAAGTGCGCATCCCGGACACCAAACTCGAATATCAACCCGCCCTGCTCTCTAAAACAGAAATCAAATGGCCCAGACAACTCGATTCTGTGTCGCTGCGGTTGATTCTGGTCGACTGGATGAAAGCCAATCAGGAACAGCTGCTGGCTAAAAACGCCGTCAATCGGCTCTGGGCTCATTTCTTTGGAGAAGCGATTATCGAACCCATTGATGACCTCAGCCGTGATGAATTCCAGACCGGCCCCCGCGCAAAACTGCTCGACGACCTGTCCCAGGCCTTCATCGACAGCGGTTACAACCTGGCGACATTGACGGAGGGAATTGCCGGCTCTCACGCTTATCGACTGTCAACGGCCCCGCCGACAGCGACTGTGGCTATAACAGCTTCCGAGGAAGATGAAGATAATGAAGCGGCTCTCCACATCGTCAAATCCACCGTACGCGGGCTCACCGGAGAACAGCTCTATGATAGCCTGCAAACCGCAGCCGGCCTTCCCTCCGAACGCCAGGATGTGCGTGGTGGATCGGAACGCAGCCAGCGAAGTGAGTTTTCGACGCAATTTTACATCCAACGCGCTCACAGTGCCGAACGCTCGATTACACAGTCACTGACTCTCATGAACGGCTCGTTCGTCAATGAGCTCACGTCCAAAGAAGGAAACCTGACACTCGCTTCCCTGCTGAGTTCCCCTTTCATGACCAGTGCAGAGCAGACTGACACCGTTTTCATCGCCGTTCTGGGCCGTCATGCGAAACCGGCAGAACTCCAGGCGGTAGAGCGCAGCTTCAAATTACATCCGGACACCTCGCGCGAACAGCATCTGGGCAACCTGTTCTGGGCCCTGATTAATTCGTCTGAGTTCAACACCAACCATTGAGACAAGTGATATTTCCTATGGTACATCAGCAATTTTCACGACGGACCGCGTTAAAGAATCTGGCACTGGGAGTCTCCGCCTGGTCGACTTCCAGCTGGCTCCCCGCTTTGGCCAATGCCTCCGCAGAAACAGGGAAAAAAACAAAGTCGGTCATCCTGATCTGGCTCAACGGCGGCCCCGCAACAATCGATCTCTGGGACCTCAAGCCCGGACATCAGAACGGCGGACCGTTCAAGGAAATCGATACTAAAGTTCCGGGCATGAAGATCAGCGAGCATCTTCCCGGCCTGGCTGCCCAGGCCTCGGATTTCTCCCTGATCCGTTCCATGTCCACACGTGAGGGAGATCACTCCCGCGCCCGCTTTGTTTCCATGACCGGCTACACACCACAGGGAGCCATCAAGTTCCCCGCCTTCGGATCGCTGGTGGCACACGAATTCAATGTCGAAAATGACATTCCTTCTTACGTGCATATTGGTGGGAGACCGGCAGTCAGCGGAGGCGGGTTCCTGGGACCACAGTTTGCTCCCTTTGTGGTTGGCGGTCGCAGTCGCCGCAGAGGTCCCGATAACTCCGACCTCAAGGTCGCCGACCTCGCTCCCGTCTCCCCGGATCAGCAATCAGAACGCCTGCAGCTGCAGTCCGAATTACGATCACTGTCCGCAATGCCCT
CP036317.1_gap73	3428453	3429681	1228	CATTATCTAACGCAGTTTCGCACCGGTATTCTACTTCTGCTGATTTCCTGTGTTCATTTGTCGCACTCTCCACAAGGATTTGCAGACGAAGCACTCTGGAAAGCAGCGTCTGCCACTGCCGTCATCACTCCCCAGGAAAACCTCTGGATGGCTGGTTACGGCGGTCGGAAGGCACCCGCCGATGGAAAGATTCACGACCTCTGGCTCAAAGTCCTGGTCATTGAAGCCCGCGACGGTCACCGTGGTGTCATTGTCACCACAGATACTCTGGGCATTCCCCAGTCGATCTATAACAATGTCTGTGCGGCACTGAAGAAGAAATTTGACCTGGATCGCAGCCAGATCATGCTCAATGCCTCCCACACTCACTGCGGCCCCGTCTTGCGTGGGGCTCTGCACGACATCTATCCCCTGAACGAAGAGCGGATCGCGCAGATCAACAAGTATTCCGACGAGTTGGAACAGAAACTGGTCAACGCCGTCACTACCGCGATCAAAAATCTGGAACCGGCCAGTCTCTGGACCGGCCAGGGCCACACCAGCTTCGCCGTCAATCGCCGCAATAATATGGAACCCGATGTTCCCAAACTCAGAAAAGAGGGACAACTCAAAGGCCCCAGCGATCACAGTGTTCCCGTACTGGCTGTCAAAGATAAGAACGGCAAACTGAAAACCGTCGTCTTCGGCTACGCCTGTCACAATACGACCCTGGGGATTCAGCAATGGTGTGGCGACTATGCCGGCTTTGCCCAGTACGACCTGGAAGCCATGTTCCCCGGCGTGACCGCCATGTTCTACATGGGCTGTGGAGCCGACCAGAACCCGCTGCCACGCCGCACTATCGAACTGGCTCAATCCTATGGTTCCCGGCTGGCCCACAGTGTCGCCGATACGGTTCGACTCCCGATGGTCGAACTCGATCCGGAACTGAAAACAGAAATTGAAATCGTCGATATCAAACTCGGCGATGCCCCCTCAAAAGAAGAGCTCGAAAAACTGGCCGCAGGGAATCCCGATAACTACCGCACCCGCTGGGGATCTCGCCTCCTCAAACAGCTCAATTCCGGAAAACCCTTCAAAACCTCTTACCCGTTTCCGGTTCAGGTCTGGCTGATGGGCAAACGGCAGCTCTGGATTACCATCGGCGGTGAAGTCGTCGTCGATTACGCTCTGGGCATGAAAAAAATGTTTGGCGACAGCACCTGGATCGCAGGTTACTGTAATGATG
CP036317.1_gap74	3438769	3441403	2634	CGGTTACTCCCGCGTGGCGGAAATTGCCGGCTTCCCCCGCTCCATCGGCTTTGATATGGGAGGCACCAGCACCGACGTCTCCCGCTTTGACGGCGTCTATGAACGGGAGTTCGAAACCCGAAAAGCAGGCGTGCGCATCGTCGCCCCCATGCTGAGCATCGAAACCGTCGCGGCCGGCGGGGGCAGTATCTGTGGTTTTGACGGCATTAAGCTCCACGTTGGCCCTGCCAGTGCGGGTGCCGATCCGGGCCCGGCCTGCTACGGTCGCGGCGGCCCGCTGACGGTGACCGATCTGAATCTCTACCTCGGAAAAATCATCCCCAGCCGATTTCCGTTCGCCCTCGATCGCGGCGCTGTCGAACAGCGTTTGACGGAGCTCTGCCGGGAAATTGAAGCCTCCCCCATGGGAAAATCCTACACGCCCCTCGAACTGGCTGAAGGATTTCTGCAGATCGCCAATGCCAACATGGTTCGCGCGATCCGGAATATTTCGGTAGCCCGGGGCTATGATCCTGCGGATTACGTGCTGGTCAGCTTTGGTGGTGCCGGCTCGCAGCATGCCTGCGCCATCGCCCGTTCGCTGGGCATTCATGAAGTGCTGATCCATCCCTGGTCCGGCATCCTCAGCGCCTTTGGCATCGGGCAGGCCGACGTCCGTCGCTTCGGACAACAGTCGGTACTCCAGCCCTGGACCGATGACCTGCAGCAGGAATTGCAGACCCGTTTCTCTGAACTCGATCAGAGCGTGTATGAAGAAGTTCGCGCCGAAGGGATTCCCTCCGAGCGTATCAAAGCTCCCGAACACTCACTTGAGATGCGCTACCTCGGCACCGATGCTACCATCCAGATTCGCTGCCAGGAGGGACTCGACGAACTAACGCAATTCGAGCAGGAACATCAGAGACTATACGGTTATAAACACACGGGCCGCGGAATCGAAGTCACCGCCCTCCGTACTGAAATTGTCGGGCAGATGGAAGAACCAGATTTACCTGCGAAAGAGCCGGTCACACGCACACCACAACCGATCGAAACCACTACTGCCCACTTCCAGGGACAGGCTCTGGAAACCTCCGTCTACCTGCGTGAAGACCTGCAGCCCGGTGATCGACTTGCCGGTCCTGCCATTATCTGCGAAGCGATCTCCACGGTGATCATCGATCCCGGCTTCACTGCGGAAATTCTGTCCCGTGGTGAAACTCTGATGCGGGAAACCTCACCCCAGACCGGAGGCCACGCCGAGATCAGCACCGAAGCCGATCCGGTCATGCTGGAAATCTTCAACAATCTGTTTGCTTCCATCGCCGAGCAAATGGGGATCACTCTGCAGAAAACTTCGATCTCAACCAACGTCAAAGAACGCCTCGACTTCAGCTGTGCCGTGTTCTCATCCACCGGAGACCTGGTCGTCAATGCACCGCACATCCCCGTCCATCTGGGAGCGATGAGTGAAACCGTGAAACGGATTATTGCCGACAACCCGGACCTGGGTCCCGGCGATGTGTTTGTGACCAACGATCCCTATCGCGGCGGCTCTCATCTACCCGACGTGACGGTCATCACCCCCGTGCATCACCCGGAAAGCGGAGAACTGCTGTTCTTTACGGCCAGCCGTGCTCATCATGCAGAAATTGGGGGTATCGTCCCGGGCAGCATGCCCCCCTTCTCGAAAACGCTCGCCGACGAAGGTGTTCTGATTCGCAACTTCAAACTCGTTGATCAAGGCACGTCACGCGAAACCGAACTTCGCGAACTGCTGCTCTCGGGCAAACATCCCTCACGGTCCGTTGCCGACAATCTGGCGGATGTCTCTGCGCAGGTTGCTGCTAACAACTGTGGCGTCACGCTGTTGAATGATCTGGTCCGCCGCTATTCCCTGCCTGTTGTGCAGGCCTACATGAAACACATTCAGCAGGCCGCTACCGAGAAAATGCAGCTCGCCCTCGAAGCCATCGAAGACGGCGTTTACTCCTTCACAGATCACCTGGATAATGGTGCGCCACTCTCTGTGAAAATCACGATCACAGGCGGCACCGCGGTTGTTGACTTTACCGGTACCGGCCCCGTGCTGGAGACAAACCTGAACGCAAACCGTGCCATCGTGAACGCCGCGGTGCTTTATGTCTTCCGCTGCCTGATCCAGGAAGACATCCCCCTCAACAGCGGGGTGCTCGCACCAGTCGAGATCATTCTCCCGGAATGCTTCCTGAATCCCCCCGAGCGGGACTCTCCCGCCGAGTGTGCCGCCATGGTAGGCGGCAATGTGGAGACTTCCCAGCGGACCGTCGACACCCTGCTCGGCGCCCTGCACAAAGCAGCTGCCAGCCAGGGAACGATGAACAATCTCACCTTTGGCGACGAAACCTTCGGCTATTACGAAACCATCTGTGGAGGCAGCGGCGCGACTGCCGACAGCGACGGCACTGACGCCGTCCATACGCACATGACCAACACCCGTTTGACAGATGCCGAGATCATCGAACGCCGCTACCCGGTCCGCTTGCATGAATTCTCGATTCGAACCGGCTCGGGAGGGGCAGGCCGACATCGAGGTGGAGACGGCATTATCCGGCGGATCGAGTTTCTGAAACCGTTGCGTATCTCCCTGCTCTCAGAACGACGGGGCGAATATCC
CP036317.1_gap75	3492149	3495302	3153	GCCTACTCGACAATGATCTCCTGGTCTTACTACGGAGAACGTTGCTGGGCGTTTCTGTTCGGCGACAGCCAGAAAGTGTCCATGGCCTATCGGATTCTGTTTCTGGTCTTTGTAGTGCTGGGTTCGATTGTCTCAGCCACTAACGTACTCGACTTCGGCGACCTGATGATCCTGGGGATGGCCTTCCCCAATATCCTGGGCGTACTGCTGCTTTCGAACCGGGTCAAAAAGGAACTCGACAGTTACTGGACCCGTTATAAATCAGGTGAATTTGATCAACAGGCGAACTGATCTGTTTCAAAGTAAGAACGTCGCTGTTCCCACTGACTCTGTAAACTTATAATTAAGAGCGTCGGTTGTTTTCATCCTCTCTCAAATTCAGGAAAGCATGACATCATGAGTTACTTCCACGGCAAAAAAATTCTGGTCCCCGTTGATTTCTCAGAAGCCTCTCTGGAAGCGATCAAAAAGGCCATTGAAATCGCGGAAGATCCTTCCTCAGTGACGGTCGTGCATGTGATGATCCCGCTGGACCTGGTTTCTCCCGGGGTGCTGTTCGGAGGATTGACCGATGAAAAACGCACCGATCACGTTAATAAGCTGGCGAAAGAAGAATTCGCGAAGCACCAGATCGAAGGCGTTACCTTTGAAACCCTGATCGGCGATCCCGGTATCAAGATTGCAGACTATGCGAAAGAGAAGGGAACGGAACTGATCGTGATTCCGTCACACGGCTATACCGGGCTGACCAGGCTGGCACTGGGATCAGTAGCAGAACGGGTCTTGCGGCACGCCCCCTGCCCGACACTGGTACTGAGACAACCAAAGTCCTGAACCGCTTCGCTCAGGATTCGCCATCCTTTTTTGGTTTGGTGGGCGATTCGGGGGCTGGCGCGGGAGCCAGCACTTCGACGACCAGATTGCGGAAGTGAATTTCCGAGCCTTCACTCTGCAGGGCAATTGCCCCTTTACTCGGATCGCAACCGGTGACTTCACCCAGCTTGAGGCCGTTGATCATCACGGAGATATTTCCGGAACGACACGTTAACACACATTTGTGCCACTTGCCCACAGGCAGATCCAGAGGAGTGGTTGGCGAAAGCTTGTTTGCTGATTTCGCACCACTGCCCGGAGTGGGGAACACGTAACCGGCTTCGGGCCGGTGCAACTGCACCTGAAAGGCTTTGGGCCAGACCTTATCTGGTTCGGTTGTAAACAGTAAAATGCCGCTGTTGGCATTCGGGTCGCTGGGGTACATCCACTCCATGCTGAACTGGAAGTTTTCATATGACTTCTGGGTCCGGATATAACCATATGGTTTCCCGGAACAGATCAGAACGCTGGGTTGATCTTTCACACCGCTAACCACTTTCCAGGTCACATTCCGATTGGCTTCCTTCGCTTCCTCGCTGACGAATTTCCAGTGATCCCAGAAATTGCCACCATTGAGCAGTTTCTCCGGACCGGGCAACGATGGCGGTGCGGGAGGGGCTTTCTTCTCCTCAGGTTCAGGTTTTTTTTTCTCATTCTCAGCAGGTGCTGCTGGTGGTGTCGAGGACTGAGCCCATGACAGCTCCGCTCCCCAGAGAAAACTGACCACCACCATCAATAACAGTAATAAAGACCACCTTTTGATCAATTTGCCTGGCCTGGCGCAGACAGACACCTGTCTCCACTTATCCCGAGATCGATGATGGAAATACAACACGCTGATATTGCCCGACTTGACTGTTAAAAGAACCTGATTATGGAAATGTAGATAAAAGAACCAGTCATTCTAAGCCTACATTCATCAACATTCAATTATGCCCGGCGCTCCATCTGCCAGTTTTCAGAAATGGTCTGCCCTCGATCTGTGAACACAAAACCACATCAACAGACTAACAACGCCCTCAGGGGGATACCAGCACCAATTATCAGCATTTCGGGACATTGCGGAACTTCCTTAACGATTATAGGGCTCTTTCAGCGTCTGTTCGACGTCTGCTGTGTGTCTCTGAAACAGCCAGTTCCGGGATTTTATTTGACGGTCAAGTTCCGGGATTGATAAACTGATGGCTGGACCGGAACAATCTAACCTCTCTCCTTTAAAACAAAGATTGGTGCTCTCATGCAATTAAATCCTGGCTCATCCGCAAACAATGACACACCCGACTTCCTGCAGATCTCTCGACGGCATTTCGTCAAGACGATGGGAGCCGCACTGGCGGGGTCCCCTCTACTGGGTGCAGAACATCTGCTGGCAGGTCAGACAGAGTCAGCAGCCAAAACATCTGCTCCGGAGCCACTGGTAAAAAAACTGTATGAAAGCCTGACTCCTGCTCAAAAATCAAGCGTCTGTTTTGACTGGAACCACAAAAGCAAAGGCGGCTTCCTGCGACAGAAAATCCAGGCGAACTGGAACATCACCAAGCCCTATGTCACCAGCGATTTCTACACCAAAGACCAGCAGGAACTCATCGAAGCAATCTTCTTCGGTCACTTTGATCCGAGCTGGCATAAAAAAATCCGACAGCAGTTACTCGACGATCAGGGTGGATACGGTGAAGAACAGTCACTGGCGATCTTTGGAACGCCGGGCACTGATCAGTTCCAGTTTGTGATGACCGGCCGTCACACTACAGTACGCAGCGATGGCGACAGCGCCGAACATCTGGCGTTCGGAGGGCCGATCTTCTACGGACATGCTGCCGAGGACTTCAATGAAAAACCGGACCATCCCGGGAATGTATTCTGGCAACAGGCGCTGAAAGCCAACCACGTCTACAAAATCCTGGACGGCAAGCAACGTAAACAGGCACTGATTCGCCAGGCACCCCAGGAGTCACGGGTGCAGTTCAAAAAATCAGCCGATCAGATCGAAGGCCTGTCCATCGCGGACATGACCAAAGATCAGAAACAGGAAATGCAGGGCGTACTCAGCCTGCTGCTCGAACCTTTCCGCACATCCGATCAACAGGAAGTACGGAAGTGCATCGACACCCAGGGTGGACTGGACAAGTGCCGCGTTTCCTTCTACCAGTCAGGTGACATCGGCAAAGATGAAGTCTGGGACATCTGGCGACTGGAAGGCCCTTCTTTTGTCTGGCATTATCGCGGTGCTCCACACGTGCATGTCTGGGTAAATGTTTCAGACGATCCTCACACGAAGAT
CP036317.1_gap76	3674277	3675845	1568	TCCGGAATTTCCACAGCCACAGCGGCAGCCACGAGCGCGCCCAGGGAGTGACCATACAGGGCGACCGGCTGGTCGCGATCTTGGATGAATGCTGTGATATCAGCGGCATAATCCCGAACGAGGTAGCCGCTTTCCGGTCGGGATGACAGGCCATGACCGCGCAAATCGGGGACAATCAGTTGCCGATGAACACTCAGCGGGCCCATGAGGGGGAGGAAGGATTGCCAGCGGCGTGTCACGCCATGCAGCAGAATGAGCGGAGTCGCCGTCTCCGGACTGATTACATAATTCAGTTTCAGATCGGGTTGAGCCACCCAGGTTTCTGTGAGCACGCGCCTGGTTCCTTAGAAAACGCCGTTGAATCAAAGCTGAAAATCTTAAGAGTTGTTCCCGTTTGAGGGAATACCATTCATGCTACAGGGAAGTGCATGATGCGCACAGGGAACCGGGTGTGTTTATTCACCTTTCCCGGGCCGAACCGATCGGTAGGATTTCCAGTTGGTAATTGGGTGGGGTGATCAATATTGTCCCCTTGAGAGTCTGATTCGAGTTGTGAGACTACAGGCGGGAGGACACGTGGGGCCTCCCCTGCTTTTTTTCTGAGCGGCAAGGCGCTAGCCGCCGGTTTCTCAGGTCGACGATGACTCTAGAACCGGTGGCTAGCGCCATTCCGCTCAGGGTGGCGGTGATCATTTCTGTGTCCCTTGTGAGTCTAAAATAAATTGCATGTCGCGAGGGGGGCGACCACATAGGGTCGCCCCTACTTCTGGGTGGTTGCTTTAAAGTCCTTCGAGGGCGAATTTTTCTGTGTAGCGGGAGTGGAGGTTGTCGAATGTGGTGACGGCGTCGGCTTTGCTCCAGACGCCGATGTTACCCCAGCCGGGGAACTGGTCGTCTTCGGCCTCGAGCAGGAGCTTGCCGTCGAAGTAGCCGCGGAGATCGCGACCGACATAGATGATGCGGATGTTGTGCGGCTGGCGGGGATCTCCTGGCGCCTGGGCGGTGTCGAGCTGGCTGCGGACGCCGTCGACGACTTTGTACATGCGGAAGTTGTCTTCGAGCGGATTCCAGCGGGCGATGTAGTAATTCTGTGAGTCCTGGTAGCGCCAGACGAGGCCGCCCCCCTGGTCGATTTTCCCTGAAATGGCTCTAACGTCTACGGAAATCTCGGCGTCCTGAAAGCGGCGGGGGGACACGCAGATGTTGAACTGTTTATTGGCGCCCGCGCTGGAGGTCTGCTGCAGCAGATGGTTGTCCGGATTGTTCAGGTCCTGGACGACTTCCCATTCACTGCCGGGGGCGTCCAGTTCTTTCGCAGTGTGCCAGCCGGGGGGAATCTTTCCGGGCGGGACGTCATTGAAGTTGTCCTGGTCTTTGTCGAGCCAGTGGTGCAGGATGGTGGCGTAGTAAGTGCCGTGGAGCGAGGAGGGCTGGTCGGGGGTGCGTCCGTATCCGCCGTCGTCATTTTTGCAGCGGGCGATGAACGCGCGGAGTGCATCGCTGTGTTCCGGGTAGGCGTCGAACCTGCGGAACAGGCGGACGATGCGGTAACAGGATTCGAGATCGGA
CP036317.1_gap77	3680925	3685292	4367	CGGGTTATGATAGAAGCCGGGCGCAGCGGGCAGGATCGTGGCCCCCGCCTGGGTAAGGCGGACCATGTTTTCCAGGGGGATCAGCCCCAGCGGTGTTTCGCGGGCGACGATGATCAGCTTGCGGCGTTCCTTGAGGTGCACGTCCGCGGCTCGATGAATCAGGTTGCTACCGGAACCGGCGGCAATGCTGCCCAGCGTGCCCATCGAGCAGGGGCAGATCACCATGCCTTCGGTCAGGAACGATCCACTGGCGATGCCCGCGGAGAAATCCTGGTAATGATGGTAGATCAGATCTCCATGCTGGAACTCTGCTTCGCCGAGCACGGAACTGAGGGCGAAGCTTTCGCTGCTCGCGGGTTTGAGTTTGCTGAGTACGCTGTCGCTGGGCTGATTGTCGGGATCGGGGAGCAGCTGCTTGGGGTCGAAATTTTCCAGATCGATTTTCAGTCCGAGCTCGTGTTTGAGCACGTGTGCGGCAGCGGCGCTGATCGTGAGGTGCACGGTGCGGCCGGCGGCCATCAGGACTTCGACCAGGCGGACGGCATAGATGGCGCCACTGGCGCCGGTGACTGCGACTACGACATTGTTGGACATGAGCGAGTACCTCGCGGTTGGATCGAAAACTTAAGAAGCGGCCGCGGCGGGTTTGACGCCGGTATACAGGGTGGCGATGCCAAACGTCAGCGGATACCAGCGGGTTCCTTCCAGGCCGCACTCGTCCATGAGATCGGCGAGTGCCTTGCCGTAGGGGAACTCCGAGACCGATTCGGGCAGATAGTTATAGGCGGACTGCTGGTTGCGGGCCAGCAGCTGTCCCATGCGGGGCAGAATGTGTTTGAAATAGAACTGGTAACAGGCGCGGAACAGCGGGTTGGTGGGGATCGAAAATTCGAGGACCGCGACCTGACCGCCGGGCTGACAGACGCGGATCATCTCTTTGAGCCCCTGCCGGGTATCAGCGACGTTGCGGAGCCCGAAGGCGACCGAGACGATCTGAAACTGGTCATCACTGAAGGGGAGCTGCTGCGTGTCGGCTTCGAGAAAAGTGAGCGCGTCGCTTTTGTTTTTGGTGAGTGCGAGCTGCAGCATTTCGTGGGTGAAGTCGGCTCCCACGACGCGCGTCTTTCCCCCGGTTTTCTTGAGGTAGGAAAGTGCCAGATCGCCGGTTCCCGTACAGACATCGAGGATGGGTGCCTCGCCGGCGGGGGTAACTTTGCGAACGGTCCGCCAGCGCCAGTAATAATCGACGCCGCCCGAGAGGAAATGATTCATAAAATCATAACGGGGCGCGATCTCACCAAACATCTGCTGCACACGGGAGCCGGTTTTATCTACATTCATAACGTTTCAATCAATTCTTCTCTTATCAGGCCAGGCCGAGTTCATCCAGGCGGCTCTGGACCTGTTGTTGAATGTCCGCAGGCATGCTCAGTGAGGCGGGCCAGGGACGGGGGTGCCCTTCCGCTGCGGATTTGCGGGTCGCATCCAGACCGAGCTTATGCCCGATCCCCTGCACCGGCATGCTGTGATCGTAGTCATCGCCGGGCCCTTCGGAATAAATCAGGTCCCGCCCGGGATTCACATTGGTGCAGACCCGCGACCAGACGAGCTGCTCGTCCTGAACGTCAATCTCGCTGTCGACCACCACGATCATCTTTAATGATAGTAACCGTTCCAGACTCCACAATGCATTCACCACGCGCCGGGCCTGATGCGGATAAGATTTCTGGATACTCACAAACAGGAGGTAGCGCCCCATACCAGCCGGGGGGAAATGCACGTCGACAATTTCGGGAACCAGCAGCTTGAGCAGCGGGAGAAAGAGCCGCGCGGTGACCTGGGCGAACATGTTTTCTTCGGACGGCGGCGCAGCAGGGATCAGCGCCGGCCAGATCGGATTGGAGCGATGCGTGACCGCGGATAACTGCAGCGGGTAGACTTCGGCTGGTGAACTGTAATAACCGGTCGGGTTGGCGACAGGACCGACTTCGATGGGATCTGAGGTTGTGTCAATGAAGCCTTCCATTACGATTTCCGCCTGGGCGGGAACTTCGAGTTCGACACTGCGGCCGCGAACGAGTTCGATTGCCTGGTTGCGGAGGAAGCCGCTGAACGCGTAAGGATCGGTGATAGAAGGCAGCGGTGCATGAGCGGCATAGAGACAGGTCGGATCGCCTCCGAGAACAATCGCCACGGGCATCTGCTGCTGGTTGGCCTGGTATTTCTGCAGGAGCTGATAACCGGCATCGTGCTGGCTCCAGCGGATGGCGAGCTGCTGATCGGAGATGACCTGAATCGGTCGCGCATTGACAAAGCGGGTCTTGAGATCGGGGTCCTGCGTGACGATCTGGCCGGCGGTGATTGTGGGGTGTGCTTCGTCGGGCCAGTTCTTCAGCAGGGGGAATTCGCTCAGATTGACATCGCGGCCCAGTTTGACGACCTGCTGACAGGAGGCGGTTTTGACGGTGCGGGGTTTGATGTTGAGCAGCTGCGAGAACTGGGGAATGATTTTGAGCGAATCGAGCCAGCCTTCGGGCAGATCCGGAGCAACGAGGCCGGCGATGCGGTCGGCGACGGCATCGAGGCTGTCACTGCGGAGGATCTGGAGCATGCGGGGCAGACTGCCGTACAGATTGGTGAGCACGGGAATTTTATGTCCGCTGACCTGATCGAAGAGGAGCGCGGGGGGCTGATCGGTCGGGTGAGACTTGAGGACCTGTTCGGTGATGGCGGCGATTTCGAGTTCCGTCGCGACGGGAGCAGAGACGCGGACGAGTTGTCCGTGTTCTTCGAAGTCGGCGACAAAATCAGCCAGCTGGTCCGCATTCATCATTCTGGTGCTGTTCATAGTAATTCAGGGAGGCTTTGTTTACAGTCAGGAATCATAACCGATCGAGGACTGTCAACAAATGATGGTGACTGTGAACCTTATAGAATAATCCGATCCTGAAACAAGCGTCTGTCTGGAAATGTGAACCATGTTACAACGATTTCTGCTTCTCTGGCTGATTCTCCTCTCGGGTGTGGCGGTCTTCTGGGATGATTTCGTCTCCTTTGATTTTCATCCGTTTCACGCTTCTCAGCCTTACCTGGGGTACTTAATCACAGCGACGATGTTCATCATAGGAGCGTTGCTGCCGCGCGACGAAATCCAGGAAGTCTTTCAGCGCTGGCCTACCGTGTTGAGTGGCACATTTGTGCAATACACGCTGATGCCGGGCCTGGCTTATCTGATCTGCCTGTTTTTCAGGGACCAGCCGGAACTGCAGATCGGAATTGTTCTGGTGGGTTGTGTGCCGGGCGCGATGGCTTCCAACGTGCTGACGCTGTTAGCTCGGGGGAATGTGAGTTATTCGGTTTGTCTGACGACTTCGGCGACACTGCTCTCGCCGCTGGTGGTGCCTCTGTTTCTGTACCTGGCGGTCTCCGGAACGGAGATTGACGCTAAGAAACTGGCCCAGGACAGTTTTCTGCAGCTGCTGACCCAGGTGTTTCTGCCGGTGGTGATCGGTCACGTTTTGTCGTTGAAGGTCGCTGCATTTCGACGGGTGATGCAACGGTTTGGGGCCACGTTTGCCAATCTGTCGATCCTGTGGATCATCGCCACGATTATCAGTGTGAACGCGACAAAACTGCAACAGGTCTTTTTCTCGCTGACGATCGCACTGCTGGTGATCAATCTGCTGGGGTACCTGGGAGGTTATCTGGCAGGAGCGGCTTTCGAGCTGGATGAAGCAAAGCGGCGGGCGTTGACACTGGAGGTCGGGATGCAGAACGCAGGTCTGGGAGCGGTGCTGGCGGGGGATCTGTTTCAGGGCAGGGATTTGATCGCATTGCCCCCCGCCATGTACATGTTTGGGTGCATGTTGACGGGAACAATCCTGGCACAGATCTGGTCGAGAAGAAAGCCGTCCGCGGTCCATCAGGGTCAAGAGTCAGAGGGGTAAAACGCGTCGCTTATGTTTCTTCCAGCCGGGCTTTGAGTTCGTCACGTTCTTTTTTCGTGATATCGAGATCGAACATGAGGTACTTCACGTCCAGGCGGAGTTGTGCGAGTGCTTCCTGAATCAGTCCGAGAATGCGTCGGCGACGTTTGACGGATTCGACCACCCGGGAATAGGAGACTTCCAACTGTAACTGTTGCTCGCGAGGCAGCTCGGCAATTTTTTTACCAAGATCGATGACTTCGCGGGGGAGGCTTGCACTGTCGGAGTCGTCTGTCAGTCGTGTATTCATCAGTTTGTATTTCTAAGTTGAAGCCAGTGATTGCAGGCCAATCCATAATTCACATGGAAAACTCGGTTATCAATAGAACAGATTTCATGCCGAATATGAATCTTTAATTAAGCATTTACAGTAAACTGTTA
CP036317.1_gap78	3690986	3695556	4570	GCGAAGAACGCTGGAAATGCAGTTGTCCGAAGGACGGGAAGGGATGGGGAGTCTAACCCTAATCAGGATTTATGTCAATTTGAAATTGCAGTGTGCCGCAGTCAGTCGCCTGGCGGCCGGAAAATGTGGTATTCCAGCCGGGAATCCCGGGTGAATTCTGGGGGAATTCTTTCACAGCACCGGCTCATATTGCCTTGTTTGACAGCTCCAGCTATGATCTGCGTGCTTTGACTCCCCCGAATGAAACAGATATTCAAGAGAACAGTTTACTTTGAGAAACCGGTTCGATTTTTAATCAGAACTGCGAACAAAACCCATGACCACTCAATCTCTTAAGGAACAGACCCCCGACCTGCGTGTCGGCTATGGTCAGGACTGTCACCGGCTGCAGGCCGAGTACCCGCTGATTCTGGGTGGGGTGCGGATTGATTTTGAACTGGGTCTGGTTGGACACAGCGATGCGGATGTGCTGCTGCATGCGATTACCGATGCCCTGCTGGGAGCTGCGGGACTGGGTGATATCGGCGAGATGTTTCCCAACACTGATCCGCAGTGGAAAGGCGCCGATTCCCGGAAACTGCTGCAGACTGCCTTTGCAGAAGTTCAGCAGGCTGGCTGGCAAATCTTAAACCTGGATTGCACAATTTCGGCAGAACGTCCTAAACTAGCGAGCTACAAACCACAGATACGCAAGTCGGTTGCAGAGACCCTGCAGCTCGACGAACAACAGGTCAACATTAAAGCCAAAACGGGAGAACGGGTCGGGCCGGTCGGTCGACAGGAAGCGATGACCGCCGACGCTGTCGTTCTGCTGCGACGTTAAAACTCAAATTTGAGAACAGGAAGAAATTCAGGTATCCAGGAACATGACGCTAAGAATTTACAACACACTGAGTCGCAAAAAAGAAGATTTCCAGACGATCAAACCAGGGAAGGTCGGCATTTATCTTTGCGGCCCCACGGTTTACAAACATTCGCATATTGGCCACATGGTCGGCCCGGTGATCATTGACACCATTGCCCGTTATCTGAAATACAACGGCTACGAAGTCAAGTTTGTCAATAACATCACCGACATTGACGACAAGCTGATCAACCGGGCAGCCGAGATGAACACCACCGTCGAAAAGCTGGCCGCTGAGATGACCCAGGATTACTTCGACAACCTGGAGATCATGGGCATCGATACGATTACTGATTTCCCCAAAGCGACCGACTATATCGATGCCATGCTGGAAATCATCCAGTCGCTGATCGATCAGGGTCACGCCTATCCGCTGGACGGCGACGTTTATTTCTCGGCTGAGTCAGACAACAACTATGGTTGCCTGAGCGGTCGTAAGATCGAAGAAATGATTGCCGGCACCCGCGTGGAAGCCAATGACAAGAAAAAGAATCCAGCCGACTTCGCCCTGTGGAAGAAATCGCGACCGGGGGAACCGGCGTGGGACAGTCCCTGGGGCCCGGGTCGTCCCGGGTGGCACATTGAATGTTCGGCGATGAGCCGCAAACTGCTGGGCGATTCTTTCGATATTCATGGTGGCGGTCTGGACCTGATGTTCCCCCATCACGAAAACGAACGGGCGCAGTCTGAATGCTGCACGGGTAAATCTTACGTTCGCTACTGGGTGCACAATGGTCTGATGCAAGCCAGTGACGCAGCCGGTAAAGTGGGCGGCCAGCATGACCGTCATGGTGATGTAGTCGTGGATCAGCAGGCCCAGGAAGCAGACAAACTGTCCGGTTCCAAGGGAGCCGCTTCCGTGAAGGAACTGTTCGCGATTCATCCGCCGGAAATCGTGCGGCTGTTTCTGCTCTCGACCCATTACCGCAGCCCGATTGCTTTCAGCGATGAGAACATCCGGGAGACTGGCAAAGGCATCGAAGGCTTTTACCGCTTCTTTGAAACATTTGAACGGATCACCGGCGACAGTTTTTACGATCTGCCGGCTGCCCAGAAACGGGAAGAGTCTGTCGCACTGGAAGGAGAACCTGCCGAGTACTTCCAGCAACTGGCCGAGCTCCGTCAGCGTTTCTGGGAAGCGATGGATGACGATTTCAACACCAGTGGTGCCATCGGCGTTTTGTTCGAACTGCGTTCCGCGTTGAATGCCCTGATTCACGATCAAAAGCTGGACGGGGCCGGGAAAGAAAATCAGCAGATGGTAGAAGCCCTGAAGACAGGTGCCTGCCTGCTGAAGGAACTCTCGAACCTGCTGGGTGTGTTCCGCAAAGCTCCCGTCAAAGACCAGGGTGCCGACGATGGCCTGGTCAACCAGTTGATGGAACTGATCATCGAGATCCGCAAGGATGCCCGCGCCAGTAAGAACTGGGACATCGCCGATAAAATCCGCGATGGACTGGCCGCGTGCGAGATCACTGTGGAGGACCGCCCCGAAGGCAGTTTGTGGCGGCGGGGTTAAGTCCCGGATTTCGGAACGCTCCGCAGGGAGTCGATTGAACCACACACAAAGGCAAACTCGACAATGGATGATGAAGAGTTGACACCTGCCACACGGTACCTGGGTATCGACCCGGGCCTGCAGCGTACGGGTTACGCCCTGCTGGAGCAGTCGGCTAAAGGTCCAGTGCTGTGTGAAGGTGGCATCATTCGTTCAAACCAGGAGATGAACCTGGCGGCGCGGGTGCATGAGATTGCATCGGGCATCCGGGAGGTGATCGATGAATATCGCCCCGATGTAATGGTCATCGAGCAGGTCTTCACGACTCCCAAGTTTCCCAAGAGTTCGATCATCATGGCACATGCCCGGGGGGCGATTCTGTTTGCCGCCCACGATGCCGGCGTGCCTGTGGCGCATTATACTCCCACACAGATCAAACGACTGATCACAGGCAATGGTCGCGCTTCGAAGGAACAGATGCAGCATGCTATCAAAACTGAGCTGGGATTAAAAACCATCCTGGAGCCGAACGATGTCGCCGATGCCTTTGCTGCGGCCCTGTGCCACTACCACACAATCCGTGTGGCCTGCCTCTGATTTGACATTTCTTTTTTCCTGAGAACAGCATTCGTATGATTACAAACATCCGCGGCCAACTGATTGAACTGAGCCTGACCGAAGCCATCATTTCGGTGGGGGCCTTCGACTACGAAGTGTTTATCCCCGAGTTTGTCCGCCGCCAGTTGCAGCCTCTGATCGGTAAGGAAGTCAGTCTCAAGACCATCGAGTACATCGAAGGCAATCCGCAGAAGGGACGCCTGACACCACGGATGATCGGTTTCATGAGTCATGCAGAACGGGAATTCTTTGAACTGGTCTGTTCGGTGGATGGCGTGGGCGTCAAAAAAACGCTGCGGGCGATGGTCCGTCCCGTCAAAGAGGTGGCGACAGCGATCGAGGAAAAAGATATCAAGCAGCTGACTACACTGCCCGGCATCGGACCGGCTGTGGCTGAGCGGATCGTTGCCAAGCTCCGCCGCAAAATGGCCAAGTTCGCCCTGATTGTCGCGAAAGAATTTCCCGCCGACGAAGCCCAGACAGATGTCTTCGGTGAAGCTTACGAGGCGCTGCTCAGCCTGGGTTATTCTGCCAATGAGGCCCGCTCCAAGGTGGAGACGATGGCGGAAGAAGGCCAGAAGTTCAAGAGCATCGAAGAGTTTTTGACTGCCCTTTACCAGCAGGAACGGAACTGAAAACCGGCGGTTAGTGTAGATTTACTATCGCTGAAAAAACGCTATGACCGCTACAGTCGTCAGGTTTTGCTGCTGAACTGCTCCTATCTGGAACAGGATGCCCGCTTCCCGTTTGTCCTCCGAATCCCCTGACCTAGGTTTGGGGGAGCTATCGACATACTTGGGGCGGATTGCGCAGTCTGCGAATCCGCATTATCAAATTGTGATCGCGGATCCAATGATCTGACAGTAACAGAACAGCGTCTCAATCCTATGGTTTCAAAAGCAGCTGAGAAAAAAAGGAGTCCTTATACCGCGCTGGATATCGACCGTCTGCGGATCGGAGTGACTCTCCAGTCTCCGATTTATGAGGCCGAGGCGGAAAAGAACATCCTGCTGCTGGCGCGCGGCAAAAAGATCACCAGGGCTTACATTGAGAGTCTGAAAAAACGCGGCATCACCAGTGTGCGGGTCCATGAACGGGATCTTTCCAACCTGATGCTCGCTCCCGGTGAGAGCCAGCAGGGCGAACCGGGATCGGCACGGAAACTCAATCGTCGCCTGAATCAGTTACGTACTGCCGTTTCCAGAAGAAAACAGAGCGAGCCGGAAACCCGGAGTTCGGGATCTCCCTGGCAAATCCAGACCAGCTCTTTTCTGCATCAGGTCAGCCCGGTGCAGACCAGTGATTACTCACCCGCACTGCAGTCGAAATATCACAAGCAGTTCGAGGTGATGACCAAAGCCACCAGTGAAATCTATCGCCAGTTACTGATCACAACCACGATCAGCATGTCACAGATCAACAACATGACCGATGTTTCGCTTGCACAGTTGTCCGATGACCTGGACCTGTTTGTGCTGGAGGGCACCGCCCCCGTCGAACAGGGGAATCTCTGCAGACACAGCCTGCAGATGTCGAGTCTGGCCATGGCA
CP036317.1_gap79	3698023	3702360	4337	TTTTCAGGAGTCAGCAGAGCGCGAATCTGTGCCTGGTTGCCTGTTTCCAAGGCCGACACAAACTCCAGCGCAATCTGCTTCACCTGATAATGTTCATAGAAACGCTGGGCTCCCAGGATGATCAGATAGAGTCCTGCGACCACCAGCGTGCTGATCAGAAACTTCTGAGAAAGAGGGCGGGAGGCCATCAGGCGCCCGGACGGAGATGACTGTAAGCAGTCAAAATCGCGTAGAGATCTGCGGGGATTTTTACTTCGTCTTCTGAAAAATCAGAGACCCAGGTGCGACGGTAATAGACTGCTTCAGCCAGAGCGTCAGCAATCTCTCCAAAGCGGACATTCACCAGGCTGTCTGCCTGATCGAGAGTATCTTCTTCACCTGTGAATATACGAAGCCGATGTTGCATGGCGGATCCTTCCTATTTCGAACTCGCTGATGAATTGCCCGACAGACTCCGCTGTCGGGCAGAGAATGATCTCTGCAGACAATCATCAAATTCATTGAGCTGAACAAACAAGAGATCGGATTTGAGTCCAACCTCATATTAATTATCGGCTTCAGCAATTTGGCTTCTTGAAGGAAAAAGTTCAGTTTTTTCTGAATTTAGCGGCTGTAAGATCTCGCCAGTTTCTCTATTTTGAAATCTGCGATGTAAGATTTACCAGGCGATCGGCGTTTTTCGCGCATCGAGAGGGGCTGTGGAAAATTGAAACAGCAAAGATTGCCGGGAGAACATCACCAGGGCGGAGTTCAGTTCCGGGAAAGCGGGGAAGAAAACCCGAGTAATGCCGGTAGTTCGTGCATGGAACGGAAGGTCTGGGCTCCCAGCGCTTCGAGTTCGGCAGGTGAACTGTGATCGGCATAACCCAGCACGGGGATCCCCGCTGCGACCGCAGCCTGCACGCCGAGGTGGCTGTCTTCGATGACCACACAGTGTTCCGGACGGACTCCCATCTGAGAGGCAGCGTAGAGATAAAGGTCGGGTTCCGGCTTCCAGACACCCACTGTGTAAGCCGAGAAGATGCGGCCATCAAAGAAGCGGGCGAGATCCGTAATTTTGAGCGTCAGGGCCATCTTTTCTTCAGGGCCGTTGGAAGCGACACATTTCTGCAGGGGAATTGCTTCGAGTGCTTCTCGAACTCCCAGGATCGGCTGCAGTTCGGTCTGGAAGACTTCTGCCATCTGTGCCCGTACCTGAGTGGCAAAATCTGCCGGTAGTTTCTGCCCCATCTGTGCTTCGACCACTGCCAGGCAATCAGCCAGCTTGCCCCCCTTAAACTGCTGTACCGCGTCTTCGGGGGAAAGCGGAAAGCCGACCTCGGTGATCATCTCCGCCAGCACCCGGTTCCCAAGGGTTTCGCTGTCGACCAGGACGCCATCACAATCAAAAATTACCGCTTGATATTTCATGAAACTGTTTGGGGATGTTGTTCTTATTCTGAATTTGCTTCAGGGAGCTCAATATAAATTCCGTCTGCTTCGACAGTCACGGGAAACGTGGGATGACAGAGTCGCTCATTCAGGCAGTGCTGGCCGGTCGTCACGTCAAACTGCCAGCCATGCCAGGGACAGGTGACCACATTACCGCTCAACGAGCCCTCTCCCAGGGGACCGCCTGCATGCGGGCAGACGCCGTCCATCGCATAGTACTGTCCATCAACATGAAACAGAGCGATGATGCGATCTTCAGCGACGAATTCCGCCGCGGTCCCTTCCGGTACCTGATCCACATCGGCAATGCGAACTTTATTTCCCATGTATCTCTCCAGACTGGCATTCCTGAGACCGGACAGGCTGTTGCCGGTACTTCCAGAATCAGGTTGTAGTGGAGAAGCCGACGTGAATCAATTCAGGCTGCTCTTTTTTCTGCAATCGGTTCCGCCTGGCGTTTCTTTTTCTCACGGACGCGCGGCTGGCTTTTCCAGCGACGATGGACCCAGAAATACTGTTCGGGTGATTTGCGAATCGCTTTTTCCAGGGCAGAGGTAAACTGTTGTGTGATCTCACCCACCGGGTCTTTGGAGACGCATTTAGTGGCATCGATCAACTCTTCACAGCCCATTTCAAATTTGATCCACTGATTCCGCTCGAAATCGTCGGGCAGCCTGCGGGCATAGCCGACACAGATATACGCATTGTATTCGAGGGCCAGCAGGGCGATCGACTTGAAGGTCGAGGCCGGCTTGCCGAAGAAGTTCACAAACAGTCCCCGCTTGCCGGCGTCCTGGTCGCCCAGCAGAGCCAGATGGCCCCGCCTTTCGATGGTGGCGACCATATCATCGTAGCCCCCGCTTTTGGCCATGGCCCGGTGTCCGGTATGCTGACGGAATTGCGCGAACCATTTATTGAGGTAAGGATTATCCAGTTCCCGGGCGACGACCCCCATCGGGAAGCCGAACAGTCCAAAGACGGAAACCGCAATCTCCCAGTTGCCGTAATGACCACTGAGCAGAATCACGGGGCGCCCGGAACAGAGGGCGGTGATCAGTTCCGGAGGATAGTCGAAGTCGAGTATATCGAAGATATTGCCCCGGTGCAGCTTGCGGGGCAGCTGAATGATTTCCACGATCATGCGAAACAGATGCGTCCACATCTGGTAAATCGTCTGGTCGACTTCTTGTTCGGAAAGATCTTCTCCCAGAGCGGTCCGCAGGTTTTCTGCAGCGACTTTATAACGTGTCATCTTACGCGGGAGACAGTAGTGAATCACAAAAGCCAGGCCTTTCGCCAGCTTCACCGACTCCCTGAGCGGTAATGAGCGGACCACGCAGACCAGAGTCTGAAAAATCAGATATTCCAGTCGATATCGCATCATGCGCCAATTAATCATGTCACATTCCTTTTCGCTTCCCTGCTTCTTTGGCCTGACTGAGCCCCCACTCGGGCACAAAGCGGAGAAAGTGTCTTCGGAATGGAAAAATTCGTCAACCCCCAATTGAGAATCCACAGAGTGAACAGACATCAGGTGGGTAAAAAACAGCCATTAATCCGGTAAGATCCCCATTTTTTTACTCGGATTTGAGGGGTTGCTGCAGTATATTACTAAGGAGAGTCCTCTATTTTGGGGCTCGAGGTCTATCTGGAATTACGTCCGTTTCATTTCGTGTGTAGCATGTCTGATCGAATCCACTGGCAATCTGTTCTGCGGTTCCTGCTCACAGCAGGGGCGGTCTACGTATTGTCATTGACATCGCTCTCGTCTGCCCATGCGACTTGTGGTGATTACCTGTCCCATGCGGGCACACCCGCTGAAATGCAGACTGATCTGCAGGCTCATCCGATCCAGCTGCCGGCACAGAAGCCCTGTTCCGGACCGGAGTGCCAGAACCATGTTCCCGATCCCGTTCCTGAAACGCCTGTCATCGTGATGTCAGTCCCCAAACCGGCTTGTGCTTTCTCGAAAGTTCAGCTGGAGACAGGAACGCCGCTGGAAAGTGCGGTACCCGGCCAGAATCTGCACGATTCCACTACCTGCCGTTCGCGCATTGAACGCCCTCCCCGCACCGCTGCTGTCTGAAACGCTATCGTCACAGGGACCGTGTCTCTGTTGTGTTTCAGGGAATCTGCCTGCGCAGCCCTCAACAAAACGAATCCGGCTTGCGTCTGCGCGCTGATTAAAAACAGCCCGATACAGATTCCCTTCACAGGCAGTTCGTGCAGGAATTCTTTTTACTATGGCTACCACCGATACGTCCGTGAATGAACCACGGCCTCGTCGCATCGTCCGTCGCGCCGTCGGACCGAAGTTGCGCAAAGTTTTATATCTCCTGTTTTTCCTGGTCGCCCTGCTGGGTGCGAATTCCATTTACCTGGTCAGTATTACGGTTTATGACTGGTTGAGTGGTGAGACTCTGGAGAACTGGTTTTATCAGTACATGTTTCTGGCGCATCTGATTCTGGGAGTATTGCTCCTGGCGCCTTTCATTCTGTTCGGCATTGTTCACATTTATAACACGAAGAACCGGCTTAACCGCCGCGCAGTGCGCGTGGGGTATGGCCTGTTTGTTATTTCCTGCCTTGTACTGATCTCCGGATTTCTGCTGCTGCGTATCGGTTCATTTGATTTAAAGAATCCGACGGCCCGTTCCATCACGTATTGGTGCCACGTGATCGCTCCCGTATTTGCGCTCTGGCTCTACTGGTTACACCGGCTGGTAGGTCCCAAAATTCACTGGAAAGCCGGACTGTCTTATATGGGAGTGATTACGGCCATGGTGATCGGCATGCTGATGTTCCATTCCGCGGACCCTCGCAAATGGAATGTTGTCGGGCCGGCATCCGGGGAGAAATACTTCTTCCCTTCTCTCGCACGCACGTCGACGGGGGATTTCATCCCC
CP036317.1_gap80	3810559	3813334	2775	AGGCACACGGGTGACCGAAAACAGCGTCGCGCTGGCGATGGCACACGGTCTGTTTGCTGCCTGCGTCTTCACCCTGATGTCATTTCTGACCATGGCAAACGGCAAACGCTGGATCGAAATCAGCAATGATCCTCCTGAACTCCCCACAGGCTATGGACGCCGCCTGGCAATCGCGGTCCCGTTGATCGTCCTGTTCCAGTATTTCCTGGGCGGATTCCTCAGCCACTTCAAAATCGGACTGCATCCGCACATGAGCTTTGCGGTAATCGTGCTGGTCTTTGTCATCATCGAATTTCGCTATGCCCGTAAGTCGGGAATCAAATGGCTCAAACGCCCCGCTATGGGCATGCTGCATATCTGTATCTTCCAGATCCTACTGGGCATTGGTGCCTGGCTGACCCGCTTCGGTCTCCCCGCTGCCGGTATTGTCGGGGAGCCCGGCTCCCTGCAACAGTCCCTGTTCCGCACCGTGCACCTGATGACCGGGATTCTGCTACTGATGACGGCAACCCTGTATTCAATCCGGGTCTTTCGTCTGCACCAGTTAAATAAACGAAATGCGTCAGAGCAATCTCTCTCTGCTTCTGATTCCTTACCTAATACTGAAGGTAATGCCTGAAAATGTCTACGACTCAACAATCCTATATCGCCGTTGAAGAATCCAAAACTGCCGCCCGGCCCATCAGCCTGGCACGGCTCGCAGATTACCTGGAACTGACGAAGCCCCGCATTTCGACAATGGCGCTGATTTCCGTGGCCCTGGGTTACACCCTGGGCAGCGCCCACTCCTGGTCGCTGCTCCCCCTGGTGCATGCCCTGCTCGGCATCGGCCTGGTGGCCGTCGGCTGTAACTCGCTGAATCAGCTGCTGGAAATCAAAAGCGATAAACTGATGCCCCGCACCACCGGTCGCCCGCTCCCCTCGGGCCGACTTTCGGTCTCCGAAGTCCTCGTGTTCGGGATCCTCTGTGCCCTGGCAGGGATCTTCTACCTCGCAATGATGGTCAACCTGCTGACGGCGTTCCTGTCGATGCTCACGCTGGTGCTCTACGTTGTCGTTTACACGCCGCTGAAACGCTGCACTTCGTTCTGTACCACCATCGGCGCCATCCCCGGAGCCATGCCACCGATCCTGGGCTGGACCGCAGCCGGCGGAACTCTGAATACCGCTTCCTTTTCCATTTTCGCGATCATGTTCCTCTGGCAGTTCCCACACTTCCTGGCGATTGCCTGGCTGTATCGCCACCAGTATCACCAGGCCGGACTCAAAATGCTGCCCGCCGCCGATCCCGCACCGCGAATGATTGGCTGGATGTGCGTGATCTACGCCACACTGTTAATTCCCGTCAGCCTGCTTCCCCAGTACGTCTCACTGGCCGGCAGCGTTTACTCTGCCGTCGCGCTCGTGCTGGGAATTGCTTACCTGATCTTCTCGGTCCGTTTCCTGAAGGACGAAACCCGCCAGACCGCCCGGGAGCTCATCTGGTGCTCGCTGATTTATCTCCCCGTGCTGCTGATCACCCTCACCTGGGATCGCCTGCAATTGTTTAACTGAGACACCCGGCATCCCCGTCGATTGAAGACCACGACTGTTTAACTGCCTGCGAAGCAAAGTGAAAGACGACAATGAGTCACGAAAGTAATTCGCCACAATATCGCATGGGACTTCCCATTCCACATTCCAAACTGGGCATGTGGCTCTTTCTGGCAACCGAGATCATGTTCTTTTCCGCCTTCATCGGAGCCTACATCGTGCTGCGTGCCGGTTCGCCCGGCTGGCCCACCGATGCCGACGTGACTCACCTGCGGATCTGGGCCGGCGGACTGAATACGTTCGTCCTGATCCTTTCCAGCTACTTCGTCGTGATGTCACTGGAAGGCATGAAGGTCAAAGACTTTGCCAAAGCCCGTAAATATCTGCTGCTGGTCTTCCTGCTCGGCTGTCTCTTCCTGGGGGTCAAGTCCTATGAATACGCGGGCAAATTCAAATACGACATTCTGCCCGGTCACATTCCGGAAACCCCGCAGATGGCGATCGACAAATCGATGCGGGAGCTGAAACAGGTCGTCGACAACCAGGCGATCGCCCTCTCCGGCATCAAAGACCCGGCTAAGAGTGAACCCACAGAAGACGCAGAATCAGTCGAAGAAGCCGGCGTTTCCGACGAAAAAACCGAGGCCATCGTCCCCCCCGTCGAAGAGCTGCGGAAACAGCTGCAGACGGACCTCACCGCCGAGGACACTCCCGAAGCACGCAAAAAAGAACTACAGGGCTACTTCGATCTCGAAGCCAAATACCGCGCCTTAAACACGCAGGCCCTGGAAGAATCAATTACCGTTCCCCAGATGAACCAGGAACTGGACGCCCTGCGAAAGAATCCCGAGTATGCAGCCCTGCTCGCCCCCGTGCATCACCTGCAACCCATTATTTACGGCAACCTCTTCGCCTCCGTTTACTTCCTGCTGACCGGATTTCACGCACTGCATGTCATCATCGGTATGATCCTGTTCGCGATTGTCCTCGTCCAGGGGAAACGGCTCTGCGAAAAGTGGCACGACTATGTCGAAAACATCGGCCTCTACTGGCACTTCGTCGACTTGGTCTGGATCTTCCTGTTCCCGTTGATTTACATCGTTTAATGATCAAGCGATTGCATACTATATTGGAAAGACTGAAGTAAGATGTCGAACGAGCCCGCCCACCCCGCCTACACCAAATATACCAGCATCTTCTACGCCCTCTGCTTCTGCACCATCCTCTCGATCGTGTTCGATA
CP036317.1_gap81	3815467	3819208	3741	CGATCAAACAAGATTTGAAGTAGCAATATGACTCAAACCGAACCCAAACCACCCCGCCGCATACCCCTCATTCTGACCATCTCGCTCTGGATACTCGTCGCCGTCAGTGCGTTCGCCACCTGGCAGCTGAAAAAGCAGAGTGACCTGGCACTCGAACGGAGCAAAGCCGAACATGCAGCCCGGATCGAAGCGGAGCAGAAAGCATCCGCAGCAGAACAGAAAAAGACGGAAGAGACCGAAGAGGTCAGCATCAAGGGACCGGTCTGGCCCAAAGAAGGCATCGAAGATTTCTCACTGACCGAACGCAGCGGCAAAACCATCACGAAGAAAGACCTGCTGGGCAAACCCTGGGTCGCCTGCTTCGTCTTCACCCGCTGCGCCGGCCCCTGTCCCCGCGTCTCCGGCCAGTTCTATCAGTTGCAGAAAGACCTGAAGGACCTCGACTTTCGCTTGGTGACGATCACTGTCGATCCCAAGCACGACACCCCCGAAGTCCTCTCGCAGTATGCCGAACTGATGGGCGCCGATCCTAAAAAGTGGCTCTTCCTCACCGGCGATCAGAAAGACATCTTCCACCTGATCGAAAAAAGTTTCCTAATGCCCGTGCAGGAAAATGTCGGCCCCGCCCGCAAGCCCGGCTTTGAAGTCATCCACACCACCAACGTGATGCTCGTCGATCCCAAAGGTCGGGTACTCGGAAAATTCAACGCCGTCGACGACGCCCAGATGGCTGAGCTCCGCCGCGAAGTCCGCAAGCTGGTCAAAGGCGAAGCGAAAGACGACAAGCAAGCAGACACCAAAGACAAAGCAACATCGAAACCCAAGGCGAAAACAGATCAGAAATCGGACGCGTCTGCCAAAGACGAACAGAAACCGACCGCGAAGCCCCCGGCCAAAGCAGGCATGATCTCCCTGAGCACACTGCTGCTGCCGCTGCTGTTGATGCAGTCCGAGACCGAATCAAAGCCGGCTGCGGAAGCGGAACCGGTGGAAGTCGCAACAGAAACGGAAGAGACCGTTATCGAGGAAGAGGAACCGGCTCAGGCTCCCGCCTGGGTCCTGCAGCTCCCCGCACTCAATGCCGGGCTGAACGGGCTGGCCACGGTCCTGCTGATGGTGGGCTACGGGTTCATTCGCAAGGGGGAGCAGGAGAAACACAAGAAAACCATGCTGACCGCGTTCGGTGTTTCGATCCTGTTTCTGGTCTTTTATCTCATTTACCACTTTGCTTTGCAGAGCTATACCGGCGATGCATCCCGCAAATTTCAGGGGGAAGGCCTGATTCGTCCCGTGTATTATTTCATTCTGATCACGCATGTCGTGCTGGCGGCAGCGGTTCCGGTCCTCGCCATAATCACCATTCGCCGCGGACTCAAACAGCAGTGGGAAAAACACCGGCGGATCGCCAAAATCACGTTTCCGATCTGGCTCTATGTCTCCATCACCGGCGTGGTGATCTATTTCATGCTCTATCACCTGCCCGGAGCGGCTTAATCAGTCCTGCCTGAGCAGACCTGAAAACAATTGGCACAGCCCCTGCGTTCTGTTATCCTTTAAGTGTATTCGCGATATCCGTTAACCGAGTCTGATTACCATGTGCAAACGATTTCGATTCATCCGATCCTGTTTACTGGCGACCGCCCTGCTCGGTCTGTTCTCCAGCCCGGCACTGATCCGTCCGGCTGCCGCCTGCCCGATGTGTAAACAGCTCAATGAGACCGACGATCGCAAACCGCGGGCCTACATGTACAGCATCGCTTTCATGCTGACCATGCCCGCCATGATCTTCACCGGCTTCGGCTTCGCCTTCTATAAAATGAACCGCCGGGAACAGAACGCAATCCACGAATACGAAAACAACCGGAACCCGCAGCAACCTGCCGCAGATCCCGGTTCGAATTCGGAAATGGATTCAGATCAGTCGCGCGACTAGTTCAGTCGCTGGCGACGAGGTGTATTCCAGACCGTCGCTGCGGATGGTGCAGGACGGAACGCCCCTCTCGCTGAAGTGGACCCTGATGGGGAATCATCATAGGCGGTGGTCGCCGGTGTCGCATTCAGAGAAGGAATTGTCTGCCAGCTGGAGTTGGCATTGGTCTGCAGCTGAGGCACCTGCAACATGGCAGGACTCGGAGGCAGAGCCGGTCCAACGCTGGCTGTGCTCGCATAAGAGGTAGTCGCACCCGTTCCCCAGGAAACGGCTGGCTGTGCAGCGACCGTCGGTGCCAGTGTCGGGTAAGCGCCCAGGTCCAGTGATGTGGAAGACATCGGAGTCGGTGTCGGCACAGTCATCGGAGTCGGTGACGGCGTGGATGGTGTCGAAGGGATAATGGTCGGCGAAGGACTGATCATCGAAGGCAGTCCGTTGTTCATGCAGTCGGTGCAGGTTGACTGGGGTGCCATCACCGGAACCCGTTTGCGGACCTGGTAAGGCTGACGGACGTAGGTCGTTTCCCGGCGATAGCAGGTCTGAGGAATCTGTTTGGTGACCATTTTAGGAACCCAGACGCGCTGCCAGCAACCTTCATCCACAGTCACCTGGCGATAAGTCGTGACAGGTACATTCCGTGTCTGAGGGACCATCCGGTATTCGGTGCAGATAATATCCTGGTAACAGATCCGCGGCGGAGGCGGTGTGCAGACGCCCGGGCAACAGGAGGTTACCGGTGCACAACGACGGAAATAACGCCGGGCCAGTTTTTTACAACGATGCCCACAACGTCCGTGCTGCGGATAATAACAACTGTTACAACCACGGTTAAACAGTCTGCGAAACAGATGCGCGTCCGCGTTGTTGGTATCGGAAAAGATCAGAAACAGTGATGCGACAACAATGACATTTCGAATCCAGGGGGACATCGAAAAACTCCTTTTTTGACTAAGTGTGCTGAAAGGCACTCCTTGATTTCGTTCCCGTTTCAGTCATTCTGAAACACGGGTTCCCCGGATGAGGTTCCCGAACGAATTACCCACCGTTCTCTTTTATCGGCATAATCGTTAAAGTCGCTTTATTTTAAATTTCCCGAATTCCAAAATTCATTCACTCCCGGTACCGGTGACATTTCCCCCCATTTTTGAGAAGATAGGGAGACTGGCATCAGGCAGCACCCGCCCTGACTGCACCTAACATCATTCTATCTATACACTTACCACATCAGAAAGCACCCAAAGGAAACCTCATGGCAGACACACAACTGGCTCACATGGTCTATTTCACTCTCAATGACGGCTCTCCGGAAGCCATCCAGACCATGGTGGACGCCTGCCACAAATATCTGAAAGATCATCCCGGCGTCGTCTACTTTTCCGCCGGCCAGCGCGGCCCCGAATTCCAGCGGGAGGTCAACGACCAGGAATTTCACGTCGCCCTGAACGTGGTTTTCGACACGAAAGAATCCCACGACGTCTACCAGACCGCGCCGGAGCATCTGCAGTTCATCGAAGAGAACAAAGCGTCCTGGGCCAAGGTCCGCGTGTTCGACAGCTACGTCACCGGCTGATCACAGCCGCCCGACTCAGTTACAGCAGGGGAACCACCAGCGGCGTCTGGTATTCCGGATGGGGCACGACTTTGACCCGGGTCTGATAGACCTCGCTCAAACGCGTTTCCGTCAACACCTCCGCCGCGGTTCCCAACGCAGCGATCTCTCCTCCGGCCAGCAGCACAATCTGGTCGGCGAAACAGCTGGCCAGGTTCAGATCATGAATCGTGAGCAGCACCGTCAATTGCCGCTCATGTGC
CP036317.1_gap82	3861724	3864727	3003	ACGCATTTACTGATTCAGAGGGAGTTCAGACCCGATGTCGTTCATTTCAAAATGGTGCCTTATCGGATCTATTTTAACAGGTCTGTGCAGTCTTCCTCTCATCCAGGCTAAGGAACCCCAACAGCCTTCTTCCCTGCCGGCAGTGGTCCCGGATAACGGGATGCCAGACAAAAAAATACCTGAGTTGTCAGAAGTCATGACCATCGCCCGGGAATATTTCGCCAACCAGAAAGGCTACCAGTCGGGTGACCTGTTGACGAATAACAGAGTCAAACCCCTGTTTCGCGAACTACAGCAGGCGGGCTGGAAAGTCAAAGCAGAAAAAAACATCCTCAAACGAATGCATTCCGCCAGCGATTTTCTCGCCGCGCAGCTCAGCACCCCCAAAGGCATCAGGTTCATGCGGAAAATTGCCAAGATGCCGGGAGGTTACGACCGACTTGATCACCTGTTGAAAATGCCTTACGGAAAACGACGGATCAAAGAATTCATCGATTCACCCGGTGGCTACACGATGATCGAATATATGACCACCACTAAAGGGGGGAAGAACCTGGGAAAATACCTTTCCCAGACAAAGACCGGGAAAGGTTTTAATCAACCGACGGGCATGATTTATACTGAAACAGAGTTTCTGCAGGTTCTGAAAGAGACCTATCAGTTAGAAACCGCAAAGCAGAAGCGACAGAAATAAATCCCGCTGCCTCAGCCTTCGAGGTTTACCCCGAAAAACTCAGCACTCTCTGCGATATCCGCTTTACATTCCTCGATCATCAGTTCGATCTGCTGCTCATCAAAGTCAAAGAAAGACATCAGCAGATCTTCTGCTTCCAGGTATTCCTCGGAATTCAGGTTCCACAGTGAGCCGGCCAGCAGACTTCCCGTCCGCACGGCCATACCCAGCGGGCAACCATGCTGCCCCGTATCATGGTGATGCTCGATCGCGACAACCATTTCATGCGGGAGGTCCCAGTGGTCCATCAGGCGGGCTCCCAGCAGGGCGTGATCAAATCCAAAGAACTGACGTTCGCCTTTCACCAGCGCTTCGCCATGTGGGTAGCTTTCATAGATCAGGCTGTACTGTTCCCGTTCCACCTGGGAAAACACGAGAATCCCGACATCGGCCAGCAATCCTGCCGTGTAAGTTTCATCTTTTTTCAGGCACTTGTGGTGATCTGCCAGATGAGATGAAATCGAGGCAATCGTTAGTGCACGCTGCCAGTAATCGGCAAAAATCCGCCCCTTACTCCGCTTGGTCAGCGACTCCACCATCGAAAAGCTGATGGTCAACATCCGAATCGCATCTTTACCCAGATAGGATACCGCATGCTTAATACTCGTAATCCGTCGCGCAACTCCATATTTGGCCGAGTTCACCACCTGCAGAATTTTGGCAGCCAGGCCCGGATCGTGTTCGATGCAGTTGACGATATCATCAATCTGGCTCTCCGGGTCGCGCGTCAACTGCAATAACTGTTGTGCTACTTTGGGGGCGGAATGTAATCGATCCAGGCGTTGAACAAAGGCGTCAGCAAGATCGCTCGGGTCTACACAATTATCAACTTTCATGACCGTCCTTCTCTCTGTCTACAGACTCTCTATATGTTCTGGTCCGTTACCGGGAACCTCTCCGAAAATCTATCTTTGAGAGCAGTCGGGAACGGCAGAAACTGGAGAGCAAAACCCGATTTCCGGATTCTCTCCGTCGACTGTTCCAGTCGTAACGGTCAGCGCAGTTGTAGTGAGAAAGGGCAAATGGTCCGAACCAGGAAATCCCTCCTGAAAAACGGACTACCTGCAGAACAGCGATTAACGCATCAATTGCAGGCCGGTCTCATTGATTTCGTAGGGAACCAGTGATTCATCGACGGCACTGCCGCGGTGCTTGGCAATATGCAGAGCACGACTCATTCGGTTACCTTCGCGGATCTTACCCATCAGGATAATCGTATTCGCGTTGGACAGGACATCTCCACTTTCGATAGGACGCTGGATCAGGTCATCCAGCATCACTTCATGCGTCGTCAACAGCAGCAGGCAGCCGATCTGCTGGCAGTCGTAGCGATGCGCCTCGATCTGTTCCTGATGACTGCGAAACTGGGCGCGAAACAGATCGCGGGCCACCCAGTCATATTCCTTCCGCAGGATCTGGTGATAGACATATTCGAAGGCATGAAACTGAAAAGAGTCGCTGGGGCGTTCGGTCGGTTCTATTCCGTCGATCACCGTCCGCCGGACCCCATGCACAAAGTTGGCATAAAAATAAGCGATCGCCGCGTCCAGCTTTTTGACGAATTCCAGCTTCCATTCCTTCCACTCATCCAGTTCCATATCGCTGCGGGTGACCCGGCGGCCACTCTGGCGGAACAGATGCTGATAATCCTTGCGTACCTTTTCACGCTCCCAGATCTGTTCCAGATCGAAGACTTCGTCCACCAGTTGCTCCCGCAGTTTCCATTGAAACAGCCGCTCTGCATAATCCTGATGACTCTGCGAATCGCCGCGGGTTGCCATATCGAACAGGATACCGGCCTCTCCCTCCTGGGCCAGCCCCGCCTGGGCATACTGTAATCCGAGCTGTGTTTTGCCAATGCCAGTTGCTCCCAGAACCACCGTCAGTTTGCCGGGCATTAACCCCCCCGACAGCATTTCATCCAGTTCCGGAATTCCCGTTTGTTGACGCAACTCAGACATGATTTGACTCAATCTTAGTATGATACAGAGAGAGGCTCAGCGCCTCCTGGATTCAAACTCAAAAGAAAACAGCCAGTCCACACAGGATTGGCTCAGACGGTGATATAGCGATCCCGGGCAGCCACATTCCACTGGCCGATCACTTTTCCACCACTGACAACCGTCACCGATTTATGCAGTGCGGATGTCGGACAGACGTGCCGCGGAATCGCCAGCAGTTCGTCGCCGGGTTGAAATTCCCCTGCCCGCTCGCTGAGGACCACCAGGTGCTCTTCGTTCTGCAACACCGGCTTCGCATCCGGCAGATCC
CP036317.1_gap83	3912056	3914999	2943	GAAATCCTTCAGGTTTGTCGTGGAAACTAAAAGGCCCGGGAATTCTTCAATGATCTTCTTCTGTTCTTCGGTCCGCTTTTTGGCATCAGCCTTCTGAGCGGCCAATGCGAGTGCTTTGCGATCTTCGGGAATTTTAGCCAGGGTCTCTTTTTCGACTTTCGCGACCAGATCGCGGGCCAGTTCCTTGGACTTCTGAGTGGCTTTGCTGGACAGTTCGTATAAAGTCCGATCGTAGAGATAGAGCGAGCCGGCAGAGAGTCGATTGATGCGGGGATAATTCTTCAGCAGAGCGACCTGCTCTTTGGTACGTTTGTTACCAGGAGTTTTATAAGCTGTGCGGGCGGCCTCCCGCTTGTCTTCCGGAACATCCATCAGTTCCCGCTCCAGTGTGCGGTCGATGAATTTGTTGACCAGTTCGGTGCGCTCGGCGAGTACCTTCTGGGCTTCTTTTTCCAGTTCGTTAGCCTGCTTGCGGTCTTCATCAGACATGATTGAGATCCGACGCCCCGCGGGGGTCCGCCAGTTCTTCCAGTCCAGGGCCGGCTCAAAAATGGCGCGGAAGCGATAGTAATCGTTCTGCGGAATCGGATCATACTTGTGATCGTGGCACTGGGCACAGGCAACGGTCATCCCCAGAATCGAAGAGGAAACGATATCCACGGTATCGGTCACGACCTGGTTTTTTGCGACTTCTTTTTCAGCAGGGTTGCTGCCGGTGCCATCCGGAGCCATCCGCAGAAATCCGGTAGCCACCAGCTTCTGCATGTCTTCCGGGCTCAGCTTGTGATAAGGCGGCTTGACCATTTCATCGCCGGCCAGCTGTTCCTGCAGAAACTGATCGTAAGGCTTGTCTTCGTTGAAAGCACGGATCACATAATCACGGTAACGGAATGCCCAGGGACGTTCCTGATCCTTATTGTTGTAACCTTCGGAGTCGGCATAGCCGGCCACGTCCAGCCAGTGACGCCCCCAGCGTTCGCCGTAGTGCGGCGAAGCGAGCAGACGATCGATCAGCTTTTCGTAGGCGTCCGGACTCTTGTCATCCAGAAACTGTTTCAGTTCCTCTGGAGTAGGAGGCAAGCCGATCAGATCGTAGAACGCGCGACGCGCCAGAGAGGCTTTGGAAGCCTCTGCTGTAAATGTCAGGTCTTTCTCTTCCAGTTTGGACAGCAGGAACGCATCGATCGGCTGCTTGACCAGTTTGGACTGTTTGACTTTGGGAACGGGATAATTTTTCACCGGCTGAAATGACCAGAAAGCCAGATCGTCGGGAGCGAGATAATCCTCACCGATTTTATCGGGTTCGGGACGCAGCGTGTGAGCGCCCTGATCGATCCATTGTTTGAGAATCGCGAGTTCTTCCTCGGGCATGTGCTTGCCTTCGGGGGGCATCTCTTTGGCTTCGATGCGGGCGATCAGTTCACTTTCGCCACTCTTTCCCGGCACGATGGAGGGGCCACTGTCGCCCCCTTTGACCATGAAGCGTTTCAGACGGAGATCCAGGCTGCCTTCCATTTCGCCATTTTCACCATGGCAGTGCAGACAGTGGACCTTGAGGATCTTGCGCACGTCGTTTTCGAAAGAGAGTGTTTCTGCTTTTTTATCGGACTCAGCAGCCTGGGCTGAGGTCAGACAGACAGAAACAGAAAACAGAGACGCCAGGAAAAGTCGACCGTTCATGGAAGATGACTCTCGTGGTAATGGTTTATGGTGTGGGCTGCCCGGCAGAGCCTGACAGTCTAAATGGAGGGCTCATCTGCAACTCAAAGGTTAATAATAACTAAAAGTTGCTTATATATTATGGTATCGGTTTTACCTCTCAGTGCAAGAGAGGAATTTCAAACGAGTTCGATTAATCAGAAACGAAAAAACTGTCCGGGTTAAATTAAAAAGAGCGGTTCGGTGACTTTTACCAGCCTCCGAACCGCTCTGAAATTCATAAAGCATTATTTATCAGAGACTTACGAAACTGATCATCCCGTCACCAGTTTTTCCATGAACTCCCCTTCGTTCAGAGTGGGGCGTTCGGGGCTTCCTTTGTGGCGGTACTCCAGCTTCATATTGCTCAAACCCAGCAGGTGGTAAATGCTGGTGTGGATATCTTTGACGTGCATCCGATCTTCCACGGCATACAGGCCCAGTTCGTCGGTCCCGCCGATGGTCTGGCCTCCTTTGACTCCACCGCCCGCCATGAACATGGTGAAGCCGGTCGGGTTGTGATCGCGGCCATCTCCTTTTTCACTCATCGGGGTTCGCCCGAATTCCCCCCCCCAGACGACGAGCGTGGAATCGAGCAGACCGCGCTGCTTGAGGTCTTTCAACAAACCGGCGACACATTTATCCATTCCCTTACAGAGGGCGGAGTGCCGTTTTTCAATTCCGGAATGGGAATCCCATTTACTGCCGGCTCCGTTATAGAGCTGTACGAAGCGGACACCCCGCTCGACCAGCCGGCGTGCCAGCAGACAGTTGGTCCCGTAGACTTTGGTCTCTTTCTCGTCCATGCCATACATTTCACGCGTGGCCTGAGTTTCCTGACTCAGGTCGACGGCTTCAGGAGCAGCGGCCTGCATGCGGAATGCGAGTTCGTAGGACTCGATGCGGGCATCCAGTTCGGACTGCTGCTTACGGGCAGCGGCGTGCTGCTGATTCAGTTTGGCGAGCAGATCCAGCTTGCCCGATTCCTGAGTCGCGAAGACATCGTCGGGGCGATACAGATTCGAGATCGGTTCCTTCCCTGTATTGAGGCGGGTTCCCTGGTAGACGGCGGGAATGAAAGCGGTCCCCCAGTTGCGCGGTCCGTTCACCACCGTGCTGTTGTTGTCCTGAATCACCACGAAGGCGGGCAGACTTTCGTTTTCGGTTCCCAGACCATAAGTCACCCAGCTCCCCAGTGAAGGACGTCCGGCGAGCGGAATGCAGGTATTCATCTGGCAGACACCG
CP036317.1_gap84	3939928	3940559	631	TCCATCCGCCCCCAGACAATCGCCCGGTATTCCTTCTGCACTTCCCGTTTCTCGAACTGGGCGCTCAGGCGGGCGTGTACCTGGTTGTCTTTGGCGACGACCAGCAGGCCGCTGGTGTTGCGGTCGAGGCGATGCACAATTCCCGGTCGAAACTGGCCCGCGACATCGCTGAGCTGATCGAAGTGGTGCTGCAGCGCCCCGGCCAGGGTTCCCGCATAATTGCCTTTGCCCGGATGGACGATCATATCCGAGGGTTTGTTGATGACGGCGATATACTCGTCTTCGTAGACGATGTCCAGCGGAATGTCTTCCGGGGGAAGCTGATTATCGGGCAGCTCGGGCAGACGGACCGACACGCGGTCATTCACCCGCATCCGTCGTGCGGCTTTCACGGGCAGACCATTGACGAGCACCGCTTCCTGCTTGATGGCTTTCTGGAACAGGACGCGGGTGTAATTGGGATACAGGCGGCTCAGGTAGTGATCGATTCGCCAGCCATGCGCGCGTGCCTCGACAGTGATTTCGATCGGCTCGGTGGAAAGCTCCGGCGGTGACGAAAGTTCGTCAGACATTACGGTTTCTTTTCGGGAGCTGGTTCCGGCTTCGGCGCCTCGGTTTTGGGTTGCTCTGC
CP036317.1_gap85	3945114	3949989	4875	ACGTTCATCAATAATGGCATTTCAGCCGAATTTCTGAGAATATGCGCCACCACTCGCGATTGATCCTCGGGTTCTGAAGAGAGTTCCAGATAGTCCCAGTGATATTTTCCCGTCTGGAAAACCGTTCCAGGACCAGCTGTCTGAACTTCGGTCGCCACAGGACGGGCAGAACCGAAGCGTTTGAGTACTTCAGGAGAAGTTTGATCTGAGAAAAAAGCGACATGACCATCCGCGAAGAGCAGGTGCCCGCCCTGCCACTCAGGACGGCCGAAACTCTCCGGTCCACTGCAAAGTTTCTCACCCAGTGGCCGCCAGTTGAAAGGATAGTCCCAGGGTTGAAAGTGTCCGACGACCTCGCCAGCCATCCAGGTCTGCGCTTGACCATCCTGCATCTGGTCAAACGCAACTGGACTGTTACGGTGAAGCAGATTGGGATTCCCCTGGTAATGGGTCAGAGCATATCCGGTACTGGAATAATTGTCCTCGACTCCCGGCACCAGAAAAAACTTTATGGGGGTTGCCAGATAATAGCGATTTATTGAATCCTGCCAGGAAAAATGTAAATTCACACGGTGGTAAAGATTTTCATCCGGATTAGGGACCAGATAATTCTCTGTCTGGATCAGCCAGCCATGCGTGGGCGTTTCATCTTCGTCGATCTCCCCTCCCGCTGGTAGAAATCCATACGTGTCATGATAGCTCTGAAGTGCCAGTCCGATCAGTCTCAGATTATTTTTAGAAGCCATCCGGTCCGCAGCATCCTGCGCGCGATACATGGCAGGGAGTAACAGGCCTAAGATCAGAGTAATAACGCAAACAACAATAGCGACTTCAAGCCAACGCTGCTTCGGCATGCGGAATGTTCCCCAGTCAGAGTGCATTGGAAAAGAGAAACAGGATTTACCATCTCCATCTTATCGCATTGAACAGTGGTACAACAGCTCCTTAATCGTGGGAGTCCTGTTTCGGAAGATCTTTCTGTAACTGCTGCAGTCGTTTCACATTCGCCTGAAACTGCTCGGGGCTGGTTGCTTGAGACAATGCGGACGATTTCAGAGTCTGCGGGATATCGGTATCCGCGTCTATGTGTGCCAGAAAACACCCCAGCGGATAACATTCGACTTGCAGGATTTCGCCCCGTTCTTCCTGCTCGGTCGGCTTTATAGAATAACTGACCTCGAGTTGCAGCGGTTGACGTCGTTGATTACGCAAAATATCGACGAAGAAAGAACGCCGGTTCGTCGGATCGGATTCCAACTTCTCCACGGCCCAGTAAAAACCCTGTGTTTCGAACACTTTCTCGGGGACTGCCCTCTGCTCTGCGGTGGGGACCGGTGGTGCCGCAGCCAGCCGCTTCAGAATTTCGGGAGAAGTTTCCTGCGCAAAGAAGTGGGTACTTCCATCCGCAAGCAACAGATGTCCGCCCCGCCAGACAGGGTACCCAAAACTGTCTGGATCTGCACAGAGTTTTGTTCCCAGAGGCCGCCAGTTGAAGGGATAAGCCCACGGCTGATAGTGCCCGGTCGCTTCTCCCGCCAGCCAGGTATGCACGGTACCGTGCTTCATCTGCTCAATGTTGACACTACTGTTGCGATAGAGCAGGTGCGGGTTGCCCAGGTAATGCGTCAAGGCATATCCGGTGCTGGAATATTGCGCTGCCACACCAGGGATCAAGAAGAAGCGTTTTGAAGTTTCGCAGCGAAAATGATTGTTGCGGCTCTGCCAGGATTCATCAAAATGGATCGAGTTATACAGTGGATCGTTATCAAAATAGGGGAGTAACATCGTCAGCCAGCCGTGCATGGCGGTTCCATCTTCCCGGATCGTCCCTCCGGGGGGCAGGCAGCGGTGAGCGTCATAATAATTATGAAACGCCAGTCCGATCTGTTTCAGATTATTTTTAGAAGTCTGCCTGCGAGCTGCTTCCCGAGCCTGTTGAATCGCCGGCATCACCAGGGCAATGAGCAGCAGAATGATCAGCCCGACAACTCCCAGGGTAATCCAGCGCTGATGATTCATGGTTCACTCCCTTCACGGCCTGTCGACAACTCTTGCTGAAGGGCGCGTAGCAGTTTCAGATTCGCCTGAAACTGATCGGGGCTGGATTCTTCCTTGAGAGTCGTTGCCTGGAGCGCATCAGCAATCTCGGTAGAGGCATCGATTCGTAACAAAAAATGAAGTACGTCACCCTGATATTTATAGGTTGCACGTACTTCCGGCGAAATATTCGCCGCAGTATAGACGTTGATCAATATCGGCGAACCCCATTTCTTCCGTAGCATCCTCACTACATAAATATTGTCTGCCCGGGGATCGGACTGCAGATCTATGCGTTCCCAGAGAAAATCGCCGTAATCAAACGTACGATCGGGGACCGCGGTCTGTGCGCGGGTCGCAACGGGAGGTGCCTCGGCAAACGCTTTCAATATTTCGGGCGCGGTCTGATCGGAAAAAAACGTCACACTGCCATCGGCACGCAGCAGGTGACCGCCGCCCCAGACGGGACGACCGAAGCTGTTCGGGCCATCACACAATTTCGCACCCAGCGGGTGCCAGTTAAAGGGATAGCCCCACGGCTGATAATTCCCGGCGACTTCGCCTGCCAGCCAGTGATGCGCGGTCCCATCTTCCAGTTGTTCCAGAGACACAGAGCTGTTGCGATGCAGCAGATTCGGATTTCCCTGATAATGAGTCAGTCCGAATCCGGTGGTGGAGTAGTTGGCTTCGACTCCGGGAATCTGATAACAGCCCATCGGCCATTCATAAACCGGAATGTTTTCAGGACTGTCCCAGGGCTGATTAAAATCGACACATAAATGACTGGCTTCCATGAACATGAAAATTTGAAACATCCAGCCGTGCATCGCTGTACCATCTTCGCGAATAATCCCGCCGGGAGGGAGGCAACCCCAGGTATTATGGTAGTTAGAGAACGCGATAGCGATCTGTTTCAGGTTGTTCTTCGACGTCGACTGGCGGGCTGCTTCTCTGGCGTGCTGCACGGCCGGTAACAGTAGAGCGATTAACACGAGATTAATCACGACCACGACACCCCACTCCACCCGGTTCAACACTATCATCCTCAGGCCCTCGAGAGATGTGAATTCAGAAATGAGTTGCTGCGCAGGGATACGCAGCAACTCCTATCATAAAGCGCCTCGAATCTCAGAAACAATATTTTTATTGGCGAGAGTCGTTCCGGGGCAGTTCTTGCTGGATTGCCTGAAGCCGTTTGACATTCGCCTGAAACTGCTGAGGGCTGGACTCTTCGACAAGTGTCGCCGTATTCAGCGCAGCGGGAATGTCGGTGGTCTTGTCGATCGAGAAGAGAAAAAACGACATGGTAAATATTCCCTTCACTGGCTCCTCATCCCGAATCTGCTCAGGATTGAAATTGGAAAAAACTTCAAGCTTGAGTGGCGCCGCTGTTTTCCCGCGCAGTACGCGCGCATAATAAATATGTTTCGCCTGGGGATTCGATTGCAGCGGCACTTTCTTCCAGAAAATGCCTTCAGTCACAAATTGCCGATCCGGAACGGCCCTCTGTTCTGCGGTAGGCACGGGCGGCGCTGCAGCGAACTTTTCCAGAATCACATCCGAGGTCTGCTCCGAAAAAAATGAAACACTCCCGTCGGCAAACAGCAGGTGCCCGCCTCGCCACGGAAGATGACCATAGCTGTCCAGACCGGCACAGAGTTTTGTTCCCAGTGGTCGCCAGTTGAAGGGATAGCCCCACGGCTGGTAGTTGCCGGCCACTTTCCCCGCCAACCAGGTATTCGCGGTACCGTTCTCCATCTGCTTAAAGGTGACATTACTGTTGCGATAGAACAGATGCGGGTTGCCCAGATAATGCGTCAGACTATATGCCTGGCTGGTAAATTGTGAATCGATCCCGGGAATCTTAACCATGGGACGGGGCTGTTCAAGCACAACTCGATTCTGCTCCTGATCCCAGGGAACCTGAAAGCTGAGCATGTCGTTGGTGTAGGGACTCGGGTCACAAAATGGATTAAGCATCGTAATCCAGCCGTGCAGTGCGACATCATCCTCGCGGATCACACCGCCGGGGGGCAGGCACTTGTGTGCGTCATGATAATTCGCGCATGCCAGGCCGATTTGTCTCAGGTTGTTTTTCGATGTGGATTGACGGGCCGCTTCTCTGGCTTGTTGCACGGCCGGCAACACCAGAGCGATCAATAACAGTATAACCCCGATTACGACACCAAATTCTGCCCGGCTCATCAAGATCATCGTCAGGCCCTCCAGAGATGTGAATTCAGAAATGAGTTGCTGCGCCGGGAGACGCAGCAATCTCTATCATAAGGTGTCTCGCGTCCTGGAAACAACACCTTTAATGTGAGGTCTCTCTGCGGGGTAACTGCTGCTGAATTTTCTGCAGCAGTTTGACATTCGCCTGGAACTGCGCGGGAGTGGTTTCCTCCGCGAGCGTCGTGGCTTTGAGTGTGGAGGCGATTTCTGTTTGCGGGCCAATGTGGGCTTTAAATCGAAGTACTGCAATATTGAGTTTGGGATATTCTAATTCTTCCGGGGTGAATCTTTTAGAAGCATAGAAAAAGATCTTTAATGGTTGTCCAGCGGGAGACCTCAGCACCTTGACCTTGTATTGCTGCTTGCCCTGGGGATCAGACTGCAGCTCAATGTGCTTCCAGGAATAAGCACCGATCGTAAATCTGCGATCTGGAACGGCAGTCTGATCGGGAGTGGCGACGGGAGGTGCCTTGGCCAGCGCCTGCAGAATCCGGGGGGAGGCTTGATCTGAAATAAACGTCACATTGCCATCTGCACGCAGCAGGTGCCCTCCGCCCCAGGCAGGCTGGCCGAAACTATTGGGTCCATCACACAATTTCGTTCCCA
CP036317.1_gap86	3951604	3953225	1621	CTCCTGCTGAAGCGGTTTGACCGCGATGATCAATCAGATGGTTTTACAAGAACGCCTCACGCATATTTCCAGTGACCTTCCCATTTATCGGTCCAGAGGAACTGGGCAGCGAGATGCCCGTTGCGGCGGAGTTCCAGCCAGTCAATATATTCGACGTGGCAGACAATCACTGCGAAATTTTTGTAGCCCAACTGAGACTCTTCATCATTGGGCAGGCGATCGAACAGGTAGTCCGGCAGATTAGGCGTCGCACTTTCTACTTTGGTCCCTGGTTCTGAAACAGTGATATAACCCCGGCGGTGTTCAAGGCTGCTGGCCTCCCAGTGCCGGGCAGAGACCTCGTCATTGATGTGGACTTCCGCCTGGCCACGCAGACGCACCTGGACCCGCGTGACCGGATCATAAGTGGCCCATTCTACCCAGGGACAGTTCTGTATTTCCTGGATCTTATCCGACCGCCGGTCGGCATAGCAGACCATTTCCCGCTGTTCCGCGTCGATGGCGCGCAGGACAACGGTCCGGACACGAGGCCGATTATCAAAAATGGTGGCCAGTGTTCCCAGCCGCCAGGGATGCATTTCGGTTTCGACCGCGTGATTCAGGTGCCGCCACGTCTCGTTGAGTATCGTGTGGACTTTGGCCGGGTTGAATTCAAATTGTCGAGTCATTGAGGGTCCGTTCCTGAGTGTCTATCAGCGCAAGGGTTATCACTATCTTCATTCTGAACGATCAGCGACGCGGGTCAAGCGAAAGTTGGCAGGTTCAAGGTGCCTCATGCGATAAAGCTTCATCGCGCGGGTGATAAAACAGCGCGATGGGCAGCATCACCAGGGCCAGTATCAGAAAGACATGACTCATCGGCCAGTTCAAAGTGTTACAGACTGCGGTTAATCTCCAGAAAAAGAATGCGGAAAGTACGATGCCGACCCAGTTGATCAGGTTCATGGTGCCGATCATGCGACCCTTCTGTGCTTTGGGAGGGCGGGTCTGCAGTTCCACCTGCAGGGGCACGATGAACAGACCGGCAAAGAACCCGACCAGGGTCAGCACGGTCCGCGACATCCACTCGGCGGCATTCAGGGGAATGAAAGCTTCCCAGAGAGATGCATCAGATTCCGTAACCGTTTCCAGTCCGTCCCCCGGTCCCCACCAGCCAATCCCCGACATCAGGACCAGGCAGAGCACGAGTCCCCACGCACCGACGGTAACCAGTTTGAAATTCACCCGTTTATGCGAAACGCGTCCTGCGGCAATACAGCCCAGCGAAATACCAACGCCCATGCAGGCTGCCATCAGACTGGTCCGACTCTCACTCAAATGCAGCTGTTTGATCCCAAAGATATTTACCAGGGGCTGGACGATACCGCCCACGAACCAGAAGACTGACGAGATCAGCAGCACCGACAAGAGACGGCGATCCTGCAGCAGCAGGGTTCTGGTTTCGGGGTTAATGCCCAGGGTGGACCAGCGAAAGGGGAGCCCTGGATGCGCCACGGGTGTGCGACGGACCCAGAACGAGGAGATCGTTCCGACCACGGCGATCGCGATGCAGAAATAACTGGTCTTCCATAACGCGTCGGGAAAGGCCTGTTTGACGAAGCCGGCCGAGGCCATGCCGAAG
CP036317.1_gap87	3968138	3972294	4156	CTCCCTCTGCTACGATCTGATCAAGGGAAACAGTATTGACCAGGCGCTTGCTGTTGCGCGTGAAATTGAGGAACCAGAATATAAATACAGTGTCTTGTATCATGCCGCCAGTGAATTGTTCGAGCGTGGAGAGATCCAGCGGGCAGAGGCAGTGATCCTGCAGGCCAACCACGCAGATAAGGCTGACGTCCGCCAGGTTTCAGCAGAGGAAGAAGAGAGACGGATCTCATCCCAGGCCAGCTTTGCCTCACTACTGATTAAACAGGGGGACCTGGAACGCATCCAGGCTTATTCCGCCCAGGTCGACATCAATGTGTTTCGCAAGTACAAAGGCCTACATAAACTGGTCGGTAAACGGATTCAGGCAGGTCAACTGGACCAGGCGCTGGCGCTGACAGAAACATTCCCTGAAGAGGATGTCTTTGCGCTGGTGGCTGAGCACCTGGCAGAGCAGGGAAAATTCAAACAGGCAGTTCAGACTGCATTGAAAATCGAAGACAGCTACCATCGTTCGGCAGCCCTGGCCCCCATCGTTGCTCAACTTCTGAAAAAAGACGATCTGGATGAGGCCTTTGAAGTTCTGCAAAAAGTTGATGACATCGGCTTCCAGTGTACCGGCCCCCCTTCCCTGCGGTATCACAACTCTCCCCATCACTGGCACTACGATCATTACATCTACGAAAAAATGATCACAAAGCTGCTCGAAGCAGACAGACCGGATCAGGCGCTGGCAGTCACTCACCTGCTACACGAGTCGAAGGAGCGAATTGGCTACGCAAAACATCTGATGAAAGAACTGGTCCGAATGGAGAAGTACGATGCGATGGCCATGGTGGCGCTCAAATTCACCGCGGACCTGCCCTACCAGGAACAGCTCATCGAAATGGCGATCGGCAGCCTGATGGATGCGGATCAGGACGAACTGGCAAATCAGATTGCCCGGAAACAGACGAACAAGAACCTGCAGGCATTCGCGGAATTTCAAATCGTAGCCCAGTTGGTCGATCGAAGAAAAATCAACGAGGCACACGAACGGGCACAGCAGATTCAACATCCCGCCTGGCAGGCAGAGTCGCAGGCAAAGGTGGCCTATGGCCTGATGATGAGCCAACAAAGGGAACTGGCTCAGAAGGTGATCGAACACCTGGACCTCACCCGACTACGTCCCGAGTCCATCGCCAGACTCGTTTCCGGCCTGGTCTTCAGCGAGCAACTGGAACAGGCGCTCTTCCTGTCCAATCAGATTCGCATCAAACAGGACCGCTTACCCGCCCTGATGGAAATCACAGAGGGACTGGTCGGCCAGGCAGAACAGAGGGAGACACCGACGCCAGAGGAGTCTGGCAGCGATCACAAATCACACGCTATATTCACGCCGGAGGAACAGCAGCTGGCCCGGCGGATTGTGCAATCCATACAAGGCGACTGACCCAATCACTTTACCTGCAGTTCCGACTTCCAGGCGGCTTGAGTCTGTTTAAAATGTTCCCGGGCAGACTGATACCAGGCCGGCGGTTTTCCTTGCCAGATACAATGCTGTACACAGCTTTCCCGGTCATTTTCCAGCTGCAAGATGTCACAGTTCTGCAACATCTGAAAATCATCGCGGGTCGCCTGTGCCAGTTCCCGGAGTGCTGCACCGCAGTCGGCTGGACTCATGCGATCCTGCAGATAGAGCCGCGCTGTGTACAGGGCGGCATCTGCGGCACGCTCCGCCTGCTCGGTGAGATTGTAAAGGTCAATCGTGGCCGCCTCCGCTTCCTTTCGCACCTGCTTCGCATATCGATAAACGGTCATGACGAGGCCTGCGACCACGTTTCCGCTCAGAAAACGACGCGGCAATAGCCCCTCGGCCACCCGTTTGCGATAGGCGGGAGTGGCTTCCTCTTCCACGTAGGCCAGCAGAGGATGTACGCGCCAGGCAGAGCGGCGCGCATAGGCAACGACTGCCCGCGGCTCCAGAAGTTCCAGCTCTTCCTTTTCGGGAAGCAGCGCTGCAGCGGCCTGCTGGGCTTCCGTTTCGTCGAGATCCCGCAACCAGCAATGTATCTGGTATTCAAGTTTTTCATAACCGGCACAGGTACGGGCCTGGCGAAACAGGGGCGCTGCTTCATCGCTTGGGCAGTGAGATAAAATGCTGGCTAGAGAAGTAGCACGGGCCAGTTCATACCAGCCCTCGGAATCAGTGGGCCAGTCATCGACATAAGCGGTCAACACTTCAATCGCCTCGGCAAAAGAATGAAGACTGGTCAGACGCAGATTGACTCCCAGGGCCAGCCGGGCAGCCTGATGCCGTGGTTCCAGTGCGAGGACTTTTCGAAAGGATGCGATGGACGACCGGAGAAAGTCGCCTGCGGCCTGGGCCTGTCCCAGGACAAAATGGGCCTCGGCGCTCTCAGGATCGCGATCCACGGCTGACATCGCCCACCAGAGGGCAAGCTCCTGCATTTCCTCTTCCAGCCAGATCCGGGAGATCATGGCGTGGATCCGCGACGTCTCCTGGCGATTGCGTGAAAGATCGGCTGCTCTCTCACAGGTCGGCAGTGCGACGTCATTCTCTCCCAGGAAAAACTGGATTTGAGCACGTTCAAACAGTAACCGGCTGATGAGCGCGTCTTCCTGTTGTGCAGCGATCTGCCGACGATTCACTGCCAGCCATGACTGTGCTGCTCTGTGATCGAAGGGGGGGTCGGCAGAATCGGGCATACGCACTTACTTCCAGAAACGGTGTGAGGGATCGTCTGCTACACAGGACACGAAATCGCCAGGCTGGTTCAGTCTGCGTTCAGGGAACGCCTGGAGTCAGTCAGTTTCTGAATCAGACTGGCGGTCTGAATTTTTTTCATCAGGCTGCCTTTCCTGCAACTCCTGGAGATAGAAGAGTGCCTGCTCACGAACGGCTGCGGGATTGGGGGAGCCTTCGGGAAGAGAGCAGACGCCCTCCTGCCTCCGGGCCATCCATTCGGTCCCCAACATTTCATCCAGTGCGTCAGCAGCACAGCTGGAAACTGACCAGCCATTCTCTCCCGACTCATGATCCTGATCCAGAATGTGAATCAAGGTTGGAATGACCGAAAGTGGTTCCTGTCCTCCCAGTCCTCGACAGCCGGCACAACGCACATCGGCTGCTGCATCCAGCGTTGCCAGCTCTACCAGTCGACCTTCAAGCTGCGGATGTCGTATTGAAACCAGGTGCCGGGCCACCTGTTCGCGTACGAATTCATGTTCGTCGTCCAGAAATTTTAAAATCAGATCGAGCCGCGATTCGCGCCAAAGCGCCATCAGAAAACATGCCGCTCGAGAACGAAACAGCGGTTCGCTTTCATCCAGCGCCGCTGCAGTCAGACGATCGGTCTTTTGCTTCAGACGGCTGGTGATCTCCCGATATTCGTCCGGCCAGTCGTCTGGCAGCCAGCGGACAAATTCGTACTGCGTCAGCAGCATCCAGAGTTCGGGATCTCGACTGCCATCAGGAGCGTCAGGAAAAGGGATGTCGGAAAATTTCATTCGACGGCGTCCAGTATGCCTGCAGGGTTAATACGAAATCCGGCTTAATGTATAACAATTCTATCATCCTCTGCCTTTACTTGTCTGCGCAGGAGCCAGCGTAGAACCGGTTCGAGAACCAGCAGCAGCACACACTGGACACCGTAAATACTTTGCAAAACCAGCTCCCCCTTTGTCTCATCATACGCAGACTGGGGAGGATACTCGTATTGCAAGAACAGGAGCAAGCCTTCCATCACCAGCCCCAGAATGAGGAATCGCAGCAGGAGCGAAGGTCGGAATAGCGGCTGCTTTTTGTGCCAGTACAGAATTGCCAGGTCCCCCGCCACGACCGGCAGCCAGAGGGGCACGAACAGAATAAAGACCAGTAGTTCCGGGACTGCCGATTCTTTCAGCAACATACAAACGGGCGTCACTGCAGTTCCGATAACAGATGCTACCAGAAAGGCGACATGCGGCATCAGGGGGATGGCCAACAGCGACCGATACCAGCGGGCAAACGTCGGCATCTGTTGCGTGAGATTCATTTCAGTTCCTTTTCCGGGAGTCAATGGAGTGCCGCGTTCAGATGCGCCCCGGATGCAACATCACCCAGAATGAGAGGGTACCGTACGCCAGGAAGAAAAACAGAAACGCATAAAAGGTAAAA
CP036317.1_gap88	3974816	3978652	3836	TGTTGAGCGTGTCCATCTTCTGCACTGCGAATGATCTTGAACGATCGTATGGTATTGTCAGCCTGAGCATATTCCTGTTCTTCATATTGCTTCCCCCTGGAATTTCTCTGTTCACAACTCTGTTTTCACCTTCCCGAAAATTCAATCAGATCCAGGAAGACTTTTACTGGGGGCGGTGGAATGAAGTGCTCAAGCTGCTGCCTAAGGTCCGTAAGCATTTACCACTGATTGAAGCGCGGGGGCGGGAAGCAGCTTCCCTGGCGGGGCTGGGGCGACTGGACGAGGCTCTGAAAACCATGGAACCCCTGGCTGAGAATTCCGAAATCCCCCGCTGGATGTATCTCTCGCGGCTGGCGGAAGTTTATGAATGTAACAACCAGATGGAGCAGTGTTTTGAGCTCCGCAGGCAGGCTTCTGAAATGGCTCCTGATAACAGTGCATTGAAACTGGGCTACGCGAACACTCTGCTCAAACTGAATCGGAATCCGCAGCTGGCTCACCAGTTAATCAAGGATGCGGAGTCTAAACAACTCAGTGATCTGCTGCAAATACTCGTCCCGCTTTCGAAAGGGCATCTCGAACTGAACCTGGGGCACGCCCGGCTCGCTTTTTATCTGTTCGTACAGGCACAAAACGGTCTCAAGCCATACCTTGCTACTCAGCCTTTCGCCCGCCTCTATTCAGACATTGGTCGTGCGTACGCCGCGATTGCCCTGGCGGAAATGGGAGAAACGGAAGAAGCGGAAACGCTGTTTCAGTCTGCCCTGCCTCGTCTGGAAGCATTGAAATCACAGCGGACCATCGAACGCTATCGTCAGGCGATTTCACGATAACCTGATCTGTGCGAAATCTCAGTTCCACAAAGAGAACGCCTGATATTCTGTCGCCTGCCCGATGGTTCAGATAAACCTTTCCGAAGTCGGCAGAATTCCCAACGATCCACATACCTCCGCAGAAATACAGGCGTAAATCGCATCGATTCCAGATCGAATCTGATTTGTTCTTACCTGTGTCTGTTCCTTCCGACTGCCGCAGCTTCTCCGATACCTGATCGAAGATACAACAGAGAAATGCCTCCATCACCGCAGAGAAACATCAACCGATTGCATTGAAGACGGGTGAGAAACTTTTGGCACGGTCGCGCGTTAATTTGATACTTTTCTTTGCAGTTTTTAAATCTATCAAAGAACCCAAATATTAATCTTGCGAATTTGAGAAAAGGAAAGCAAACTTGACAGTTACCGAGTATGAGCAATTCAATTCTCTTTGAATTGTTCATTGCTCGATCTGAAGAGTGGGCCTGAGGTAACTAATTCTGTGGCAGGAATGCAGGGAGGGAAACATTTCCTGCCATGCTGCATTTTCAGCGTGGCTATTATGCATAATACCTCATTACTTCTTGTCGAAGATAACATCCTGGATGCCAGGCTCATCACATCACGCCTGCAAAAAATTGGCTGCCATACCCTCACGCATGTCGGTTCTCTCCAGCAAGCAGTCGACTGGCTCAACACCGCCAGGCATGTAGATGTCATCGTGCTGGATCTTACGCTGCCCGATTCCCTGGGACTGCATACCTTTCAGTATCTGCATCAGCGTTTCGCGCACATTCCCATCGTCATTTTAAGCGGGCGCAATGATCAGGATCTGGCGGTCAAAGCAGTCTCACTGGGTGCACAGGACTACGTCTTCAAATCAGAGGCAAGCAGTTGTGTGCTGCTGCGTTCGATCCGTTATGCCATTGAACGAATGCGTCTCCTGAAGATCGAAACAGACATGATCAAGATGGACCGGGATCTGGAATTTGCCCGGGAGATTCAGCGGCACCTGCTGCCTCAGACACTGCCCGAAATTGCGGGCGTTGATATGGCGAGTACTTACATCCCTGCCAACTGGACTGGCGGGGATTTTTTTGACGTTATTCCTATCAGTCGCCAGGCGAAATGCAATCATGACCTCTGGCAACCGGCGCAGCAGATGTGCGAGGAGGACAAAAATAATTCCATCTGGGGACTGACGATCGCGGATGTAAGCAGCCACGGATTCGCGCCTTCCCTGATCATGGTTGATACGCGGCGCGTGCTGCGTACCTGCTCTCACATTTTGCAGGACCCGGGAGAAATTCTGACGTTTGCCAATCGCGCTGTGAACGAAGTGACGCTGGAGGGGCAGTTCGTCACTCTGTGTTATGGCAGGTACGACCCCCTGGACCGCACGCTGGAATATTGTTCGGCTGGTCATCCCTTCTGGGTGATCGATGCTGAGGGAACTGTGAGCATGCCGGAATATGCGGGTACGGCATTAGGCCTATTGCCTGATTTCCAGTACGCGACGGACGGCAAACTGCAACTGAATGTCGGTGACTTCCTGGTTGTGGTAACGGACGGGCTGTATGAATGCCGATCGGACGAAGGGGAGTTTTTTGGCATCGATAGAGTCTGCGAAATCATTAAACAACACCGTGAAAAACCCAGCAAAGAAATTGTGAAACAGATTTTAAAAGCGATTTACCGCTTCTCCGGGTCACTCAGAAGCGAAGACGATATTACGATCCTGCTGATCAAGATGGTCGAATAACCGAGATAGAAAGACAAAGGCATGTTGGGCAAACCAACTCTCTGGTGGGCAATACTGGGAGTGATGCTTTCGCTTGTCATGCCCACGGTCGGCAGTGCCATTGTCTTGCTGTTTTTCCCCGACATGCGTTTCGCACACTTGCCGGTACATTCGCTGCTGGAAACATCCGGGGGACTGATGGCGGTCGCGATTGCCGGTATCCTGGTAGTGGAATTCCGACGGAAACCGGAAGTCGTCTGTTACCTGTCGATGGCCAGTGCGCTGATCGCAATGGGGATTCTCGATACCTTCCACGGTGCCGTCGAACCGGGAAACTCATTCGTCTGGCTGCACAGTATTGCCACGCTGGCGGGAGGGATGATCTTTGCCACGGTCTGGATAGAATACTCCCCGCTCACCACCCGCAGTTCCCGGATTCTCATCTGGGCAGTCCTGGTCTGCAGTTGTCTGTTGGGGCTGCATGCCTGCCTGCTCCCCGCCCAGATACCAGCGATGGTCGCCGAAGGCAACTTCACGCCACTGGCACGAGCCCTTAATATCTGTGGAGGCGTCGGCTTTCTGATCGCGGGCCTGTTTTTCATTAGGCGTTTCCATCTCTATGCGCAGCACGAGTCCTGGCTGTTTGCCGTGCATACGATGCTGCTGGGAGCGGCGGGAATTCTGTTCGAGATGTCAGCTCTGTGGGACATGGCCTGGTGGTGGTGGCATTTCCTGCGAATCGTTGCCTATAGCGCTGCCCTGGCCTTTGCTCTGCGGGCCTATCTCGCGACCGAACATCGTCTGAGGGATCTCAACCGTCAGTTGCAGAATTCCAATCAGCGACTGGATAAAACTGTTGCCATCCGAACCCAGGAGCTGCGCGCCAAAGAAGAACGTTTCAAACTGGCTGTCGCAGGTTCTACTGATGGATTATGGGACTGGAATCTGCTGACCAACAAGGTGTATTACGCGACCCGCTTCAAGGAACTACTGGGACTCAAGGAAGAGGAAATGAGCGACGGTTTCTTCGAATTTGAATCGCGGCTTCACCCGGACGATTATGAGCCGACGCAAACGGCCCTCAACAGGCACATCGAAGAACAGGAACCGTATGACGTCGAATATCGGCTCCGGTTAAAGAACGGTGACTACCGCTGGTTTCGTGCCCGCGGTCAGGCAATCTGGGATGCACGGGGACTGGCCGTGCGGATGGCGGGATCGATCACCGATATCCATAACCAGAAACTGGCCGAAGCCGCCCTCGAGTATGAACAGTTCCT
CP036317.1_gap89	4052293	4053183	890	CTGAGGGTGGTTTTTTGCAGTGGGGCCCGCCCACTGTGACACCTGGCGAAATGGCGGTGATCGAACTCAATAGGAAGATTGAGTTTTGATGCCAGCGACATTTTTCGAATCATCATTGTGTGCGGAAAACCCTACTGCTTGATTTTCACGATTCGTAATTCTAATTCGATCTACTTCCTGACCAGAAACGGGGTCGAGAAGAATCCATTGAAAGTCAACCGTGCAGTCTGTTCCCCGATTTCTCAAAAAGAGATCCTTCATTTGGGGGGTTTTCGCCATTCTGAAAGATTCATCAAAGCGGCGCTTAATATCATCGTCTTCCTCTTGTTTGGGATGTGTAGAGACAAGAATCAATGGGGCCGACAAATCTAAATCTTGAAGCGACAAGACATCGAATCGATGAGCTCCTGTAAATCCCACTTTAGATGCACTGGCAAGAATGAAACGTTTTTTAGTTTTGACCTGCATCAGCAATTGTTTGAAAGCGCGTTCCTGGATACCCGCGTGATACCCAAACAGAAGACCTTCATTGGGATCAAATCGAATCCCGCTTGTTCCCAGGACGATTACTGATGGCTCAAAATTTGCCGGTTTAAGTAGATTTTCTGCAATGTCTCCGAAGAACGCCTGATGAGCCGAATCCAGTTTTGTCCCCAGAATATGAACGTCAGTCGCAGAGATTGAGGGAGATTCTCTACTGCTGACTTCCCAGTCACGTAAGATTTGAAAACTGTTGGTGTATACGTCAAGGAGCGTTGAAGACCGTTTGATCGATTCCTTCAATTGCTGCCAGACTGCCATACAGGATGACCCGGCATCGAGGACGACACCTTCACCATCCCTGAGCCCAGCATCTTTGACAACACGGGATGAGATAAATTCCTTTTCTT
CP036317.1_gap90	4054214	4054817	603	TAGCGTCTGAAATTCATCAGAAAAATGAGATTTTTGTTATTTTTCGAAAGTTTATTTTCCATTCATCATTTCTTTGTTTTTTCGGAGCCGGAAAACCCTACATTGATGTAGCGAATTTCAATCGAGTTAACTTCAGCTTAACGGAGAATCGTGATATGCACATCAATTCTGAAATCATGGCCAAGATACTGGATGAACTAGACTTAGCTCACAAAAATGAATGCCTGGCTCTCTCAACTTCCGATGAGCAAACCAAAGCACTGTGTCAGAAATATGCACGAGACCACCGTAACCGAGCCAGCCTTTTAGTAGGCTTACAAGAAAGAAGCGAATAGCTGCTTTCAACTCTGATGACTGTGACAGGCCACCGTTTCTGTAACAGTCGTTGTGAAATCTTTAGGGTATCACAGAGACGAAAGGTGTCAGGTCCACTTCAATTACGGACCGGGCACCTTTTCCATTTCTACGCCTGCTCATCCCCCCACTTACCAATCTTCATCTCAGCGTGGCAGTCGCAATCGATTAGAATGGCTGGTTTTGTGAAGGGGATGTTTTTTACCGGCGGCTAACGCCGTGCCGCTCAGTTCTGCTGGGAAGTTTATG
CP036317.1_gap91	4068091	4072918	4827	GATCGTTACAGGCGACAAAGGCAGCCATGTGAATCGGATCCTTGGCAGAACCGAACGGGGGTGCGTAACAGAGATCGACGCCCGTGAGGTCGCGGACGGTGCCTTTGAATTTTAGGGCCGTCGCGATGACGTCGATGCGCTTATCGACGCCTTCGCGGCCGACCGACTGGGCGCCGAGAATGCGACCGGTCTCGGGATCGTAAGTCAGCTTGAGGAACAACTGCTGTGCCCCGGGAAAATAACCGGCGTGATGTTTGCCAACGACGATGATCGAACGATTCTGGCGCTGGTTGCGTTCGGCGGATTTTTTGCTGAGGCCGGTGATCGCGGCGGTCAGACCGAAGACGCGGACGATGGCAGTGCCCATGGGGGAAATCATGGGGTCGGCGGTGTCGCTGGCGGCGTGTTGACCCGCGATGCGTCCGGCGCGATTGGCAGGACCGGCGAGGGGGATCCGCTGCGGTGCTTCCAGTACGCCATGCTGATAGTCGATGGCGTCGCCGACCGCGTAGATCTCTGGATGCGAGGTCTGCATGACATCGTTGACAGCGATCCCGCCACAGACGCCGATCTCGATCCCCGCGGCTTTGGCCAGTTCAATCGCGGGTGAAACACCAATGCCCAGGATCACTACATCCGCGTCGATCTGTGTGCCGTTGCCCAACTCCACACCAGCAGCATTGCCATCTTCCACCTGGATCTTTTCAAGCGCTGTTCCCAGATGCACTTGAATGCCATGCTCGGTCAGTTCATTCTGGACGAGTCGTGCCAGTTCCGGATCCAACGGAGGCAGGACCTGGGGCTGCAGTTCAACCAGTTCCGTTTCGAGCTTCAGGTGGTGGAGCTGTTCGACCATTTCCAGTCCAATGAAGCCGGCCCCCACAACCACGGCTTTCTTGCAGTTGTGCTCAGTGATAAAGGCCTTAATGGCATCGGCGTCATTCAGATTCCGCAGTGTAAAAACATTCCCGGCGTCGATGCCGGGGATCGGGGGAGTGATGGGAGCCGCCCCGGTGGAAAGAATCAGCCGATCCCAGGGTTCTTCGGTCTCTTCACCGGATTCCCGATTAAGAACAGAGACAGTTTTGTTTTCGACGTTAATGGACTGTACCAGATGCCGCGTGCGGACATCGATATTGAAGCGGTTTTTGAACAGCTCGGGCGTCGCAACAAGCAGTTTGCTGCGTTCGGTGATTTCATCACCGATGAAATAGGGGAGACCACAGTTGGCGAAGGAGACGTATTCGTCTTTCTCAAACAGAATTATTTCCGCCCGTTCATTACAGCGGCGGGCTCGTACTGCGGCACTGGCACCTCCTGCGACTCCTCCCACGACAATAATTCTGGCTCCCTGCGACTCTGACATGTCATCCCTTTCGTGTCTTTCACTGATCGGAAAGTGTAAGCTTTGCAGCGGCATTATAGACGGCGATGGCCGTTCCCACTACTGACAGGCGCTCATGATTGCGATGATGCCCCCAATCAGCCAGACCGCGCTGATGCCGACACAGAGAAAGATGGAACCAACAATCCAGTAAACAGAGCGTGCACAAGCCAGTAACAGAGCAGGCAGGGCCGCACAGATCCCCAGGACATAGATGGGAAGTTGAAAGACCAGTAAGCCGAGGAGGTCGGGAAAATGCTGGCAGCTGTCAGTCGAGAAGGCCAGCATGAGCAGAATCATCAAGCCGGCCCCGATCGCGGTGATGTAGGAAGCAGCCAGCAGGCACGATGACAGCAGCAGCCGTTTGAGCAGGCTCCAGTTGCGGATGCGTTCGTCAACTGTCGACGGACGCCGGGCTTTCGGTTCTGCTGAAATCGGTTCCTCTTCCACAGCGGGCCTCTCTTTGCCAGTCAGATCAGTGTTCGGGTTCGGCAATAAAACTCATGTGTAGTTCTGCATGTCGGCGATGCAGCAGATCCCATTCCTCGCGGGTCAGCTCTTCCAGTACCGGGCTCGGGTGCCGCTGCGGTTCATTCTGCAGTCGCTGGATGGAATGCAGCAGATGATCCAGGCCAGCCTGGTCTGCAACGGGGTCGGGAAGCAACGCTTTGCCGGCATCCCCTTTTAACTTAAAACCGGCGGGCATCCCTTTTTTGAAAATGCGTGGTTTGATCACGAATTTCGCGATCTTCCTCAGTGGCCAGGCAGCGGTGAAATCGAAGCCGTCCAGCGAGCCATCCATCAGGCGGGCCAGATGCTCATAGATCTGCCCCTGGGACCAGTTGCCGGTCGTGGGAGCGCCGGCGTCATGCAGGCGGACGGCGTCGTCTGCGATCTCCTGCAGGGTCGCGTAGGCAATGGTTCTGCGTTTGGCGGTCTGCGCAGACATGTCTGATTCTCCAAAACGGGGTTAGTAGAGCAGCGTTATTGTGGGAAGCGGAGCCGGAAATCACAAGTGCGATCCCGGATTTTCAAGTCTGTCTGGTCCAGCAAACCCCCAGGCGTGGAAGACGGGAAACGTCTCGCAGATAAAAGTAAGCCTGTACGGTGGCTGAGACGACAGGCGACTCCAGCTCAATAGACTCGCGGGCATAGAGTTGCTCCGAAACACCTTCTACCTGATCGAGGATCTCCAGCCCCTGCACATCGACGCGCCACAGTTCCCCCTGAATCCGGGAGCCGTCTATTGTGTCCTTGACCAGGGCGGGATAATCGCCACAATCAAAGAGCGTATAGTGGGGGACGGTGAGAGCGTTACTCAGAAACTGCTGGTCTGCCAGAAACGACGCACGACAAAACCCCCGTTTCAGAGTGCCATAAACGAAAATCAGAGTGTGCGAGTCGGCAGGCATGGCAATGGTCTAAACACAGGCAGAAAGCAACAGCTCAGGACGAAAGAACACGTGCATTGTTGGCCGGGCGTCGGCGGCTGTAAAGGTGTAGTATACTTTCATTTCCCGAATTGGAAGATTTGCAGAAGGCGGGTCGCTTCGCTTCGTCCCTGATTTCTCTTAAAATTTGTACTTATCAAAAGTTCGGTCTCCTGAGCCCGGGGAGTCTTCCCAGACATTTCGCTGAAAGTCCACCATGGATTGGTTCACCTTTCTGATTTTACTGCTGACCGCTTCGCTGACGGCGCTGGCTGTCTGGTGGGCCATCCAGAAATGGTTTCGCGACGAGGCAGAATCCATCAGTGAAGCATCATTTCAGGACATTCATCCGGTCACTGACGATTCAGAACCGCAGCACGCGCTTTACTGGAACTTTACCAGCGTGCTGATCGCAGTCTGCGCCCTGCTGCTGGTGCTGGGTATCAGTGTTCAGACGACGTCAATCCGGAACCCGGTCACCTGGACTCTGGGAGCTGCCCTGATCCTGATCTGGGCGATGGCTCTCTGGTCGGGCATGCTCTCATCTGCAAAACAGTCAGCGGTCTCATCAGTTCCCCCCCCTCCTGAGCTGACGATCTATCAGGAACAGGAATTGTCATCCACGTCCGATCAGAATCAGACGGAGGAGACCTGATGCTGTGGATGATTCCGGTATTCCTCGTCTTTGCCTCGTTAGTGCTGTTCGGCTCAGTGTTACGGGCTGAAGCCGCCTGGTCGCCTGCCAGTGATCCTGTCAAAACACGACTACTGCTCTCACTAAGGCGAATTGCCCGGTCGCAGGCGGAGATAGCCGATCGCAGCCAGCGGTTCCTGCTGCTGTTTTCCTTAACATGTGGCCTGCTCTCGATCGCCTTTCTGCCATGGTATATCAGCAACATGCTGACGGTTCAGGAAAAAACTACAGGAGTAGCGGCTCTGATCACCTGCCGGTACGCACCGCTGATGTACCTGGGACTGTTCGTACTGTTACAGGCAGCAGGACACATCAGCCTGTCACTGACCGAACGATGTTCACAACCGCTGACCAGTCTGCTGCTCAACGGTTATTTCTGGCTCCCGCTATTGCTGGCTTTCGCTGCGGTGGGCGCCTATCTGCCCGTCCATTCAGAGCAGGCGGCCCGCGGTGCGACGTCTACGATCTGGCTGCTGCTCTTGCAACCTGCGGGAACTCTGGCACTGCTCATGGCATTGACCGGGCCTGCAATCCTCGTTAATGCCCGGGAACCCTGGACTGTCAGACCGGTACAGCACTGGATTCGCGAATTCCACACTTTCAACAGTGTGTTTATCATGGTGCTCATCATGGCGAGTCTGACCTGTTTTGCACCGCAAGAAAAAATTAGCGCCTCACAGTCCATCGTGAGATTTATCCTGTTACCGGTCTTACCTCCGATCCTGCTGGGAGTGCATTACCGACTGATCCGCTTCCTGAAACGACAGGCGGGCTTTGATCCGGAAGCACTCTGGAAGCAGGTCCTGTGGCTGTCGCTGATTGCGGTATCCGCATCTTTCCTGGCGTTTCATGTGCTGGGGATGTCAGATCATTACATGCATATGCTGCTCAATTTCAGTCTGCTGGCGATCTGGTGGGGATTTATCGTGCCCCGCTTTCCTGTTCGTGCCTCACAGGAGCATCAGGCTCCGGAGTACAAATCTGCGGGGGAGATACGGTCATGATCGACGAGCTTTTATTTTATCTGCCCGGCACTGCGGATAACCTGCTGTTTTTAACGCTGGCAGTACTGATCCTGCTGATGCTGACCGGCATTTATGGTTACCTGAATGTGGTCGCGCATCAGCGGCTTGAAACCGGTTACCACTGGGGCTGGCCCCTGCTCTCGATTGGCGCCCTGCTGATCCTGTTGTACTGGTTCGGTGCTCCGTTTTCTGCAAAGACGGATGGGGCGCTGCGATCTGTGTTTATGCTGCACGGTTCAATCCCTGTCGGCACGCTGGTGATTGTCAGCGGGGCGGCTGCGGTGCTCGCTTCTG
CP036317.1_gap92	4074663	4078435	3772	GCTTTGAGTCTGCAACAAAAAACACACCCGGATCGCAGTTTGAGCTGGCTGGCCGCGACGCTCGCGGGTCTGGTCGTCGCGGCACTCGGCATGGGCCAGGCGGGGATAACCTCAGGAATCCTGGCGCTGGTCGTGCTGGAACTGCTGGTCCTGGCAGTGTTGATTTCGCTGGCTTGCTGGCAGCAGAACAGTGGCATCCCCGCGGAAGCGATTGGCTCTGCCAGGCTCTGCTCGATGATTCTGATCCTGCTGGCGGTCTGTGGTCTGACAGGCCTGCTGCCGGCACTGATCGCGGCGCGTGCCTCGGCGGAGGGGATACGAACCGAGCTGTTTGTCTGGCTGGTGGTACTGGTCGCCGCGGCTTACGTTGCGGGGCTCGTGCGGTTTACTCTTTCACTCACAGCGCAAAAGTCAATGACGAACGCCGACTCCCGGTTTCCGGTGCTCGCACTCTGGGGTGTGTCACTGGGAGTCAGTGCTGTGGGTATCCTGTTATTGATCCCCCTCCCCTTTGTGCCGACGATTTGGCCAGGCCCCCTGCTGGAAACGCTCCCCCCGTTGTTCGAGCGGGACTGGCTGTTGTGCAGTCTGTTCGGCTTAGCGCTGCTGGTAGCGGTGATTCTGACCTGGATGACCGCTGGTCGCCACAGTTCCACAACGACAACAACAGAACCGCCGGCCCTGCTCCAGCTGGGCCGATCCCATTTTTATCTGTTGACCCTGCTGGATCGTGCCTTAATTCAGCCGCTGCAGTTGCTCGCACGTCTGGTATCACTGCTCGAGGCATGGGTGGTCTCTCGACTGAGTCGGTTTTCCCTGGAAAAGATTCCGGACTACTGGGGGACGCTGCTGCTGCACATGGAGAACGGTCAGGCAGCGTTTCCGGCATTGATTCTCGTGATGACGCTGTCGGTTCTGATTTTCGTGCTGATGGTGTTACAGATTTAGTGACGTTCTTCAGCTGCTGTTTTTGTCTGATGACTGATTGATTTCGTGTTGAGAACCATTGATGGACTCGTTTTTGAATTCTCTGATTGCTTTTTCGCCTGTGCTGCTGGTGGTAATGCCGGTGGCTGGGGCCTGCTTTGGCCTGGGAAGCGCGAAACTGGGCCTGGAATTCAATCGCTGGACCACGTTTTCGAATACGCTGGTCTCCTGTCTGATTCTGACGCTGGTACTGTTTGCCCCCGAAATTCAGGGAACCGGACCAACCCGCATTATTTCCATCACACTCAAACTGCCGGTGCTGAGCACCGCTGGTCCCGATGCGGCGACCCCCCGTAATTTTCAGTGGGGTCTGGATGCGCTTTCAGCCTGGTTTCTGTTACTGATCACCTGCCTCTGGCCGATGCTGGTTTACTTTTCTGATCGACTGATGAAGGTCTCCTGGCTGCATTATTTTCTGCTTCTGATTCTGCAGGCGATGCTGGCGGGGCTGTTGATCTCACATGATGTGATCAGTTTTGTCACATTCTTGTTTCTGACGACGGTCTGCACGCTCTGCCTGCTGCGAATCTGGAACGGATCGCGAGCGAAGTCGGTTTTTGAGAGCACGATGTATCTGCAGTTTCTGGGTGACACGTTGATTCTGACAGGGCTGGTGCTGGCGACGACGTCATTTTCCTGGATGCAGGGTGTGCTGCTCGAAGCACCGCAGCCACTCACATTTCAGTTTGATGCGTTATTTCGGGAAAGCATGAGTGATGTCTCACTCTACCCGCTGGCGGAGGCTTACTGGAGTACCAGCGCGCCCTGGATCCTGTTGACCCTGCTGGCTGGTTTTGCGATCAAAGGGTTTCTGTTCCCCGCCTACTATGGGATGTCACAGTGGCTGTCGCTGCAGAAAGAGCGAACCGTTTCACCGTCGGTGATGTCAGGCTGGTCCCTGATCCTGCTGACCGTGATTTCCAAAATGAGTCTCTATGGCATGCTGCGGTGCCTGGTTCCCTTACAGCAGAGTGTCAGCGGGAGTCTCTATTCCCTGCTGGCGTTCTGGGGGATGATCGGGTTTCTGATTTCGGCACTGCTGGTCTGTGTCCGCCGGGATCTGCTGCAGGTCGTCGTCTGGTTCCTGGTGGGACAGGCGGCGTTAACATTCACCATTCTGTCAGCGGCAGAAGAGGTCGTCTCTTATTTTGCCCTGCTGAATGTCATCCAGGGACTGGCGGCGGGAACACTGCTGCTGGTCATCCCGTTTCTTACTCCCGAAAGTGAGTACAAAGCAGACCGCGTGTTGCGGTGGCTCGGCTGGCTGTCGCTGCTCACACTGATCGGCGCCCCCGGGCTGGGTGGTTTCACCGCGTTCTTTGCGTTCCTGTGGAGTCTGACCGACCAGCATCTGCTGCTGGCACTGGGCTATCTATTGGGTACGCTGCTGTTCAATCTGGCTTTGATCCGCGGCGGCTGGCAACTGCTGAGGCCGTCGGATTCCACAGCAGCAATCACAGACACAAAAACAGCGCCCGCTGAAAAACGGGCGCTGGTCTGGCTGGCGGTAGGGCCGACAGTGTTGCTGATTGTCAGCCTGGGAATCACGCCCGCTTACCTGCTGGAGCGGACGCTGTTCCCGCTGGTCAGTTTCCAGGCCGCCCCGGTCGCAGAGGCGGCCTCGGAAGAATAATCAGTTATCGGAAGCTTCATACAGGACGCCTTCCGGGTGATCCTTTTCAGGCAGGAATTCAAAGTGCGAACCGGAGGCCAGTGTGAAGACATGCAGCTGCCCATCGATTTTCCGCCGGTAGGTGAGCGGCATCGCTGCATCGAACACATGCGAATCGCCGGGCTTCAGTTTGTAAGGGCCGCCCCAGTCACTGTACGGACTTTTGAGTTCGTATTCGATCTCCTGTTTCGTGTTGTTGGTGATCTTCAGCTCGGGTACGGAGAAGGTCGCCAGCAGTTGTGGGGCTGCCCACTTGACCTGCTGGATCCGATAGCGACCAAAGCCGAGTTCGATATCGGGGATCTCGGCGACCGAAGCGGGGCCCTGTTTCGTCCAGCCATCCCAGGCCGACTGGACCAGCGAACGCAGTTTTTCCTGGTCGATGTTCTTGTCCTGCGGTTTGTAGTCCGGGGCAAACCGGGCGAGGCCGCCAATGCGTGAATCCCCTTCCCAGTCGAGGCGAATGGCCCGTTTGGAAAAGCTTTGATCGACGATTTCGGGATCGACGTCCTGGCTCAGTGAGAGCGAGAACTCAGCATAGGGAGTCCAGTTTTTATCGGCGGCCGATTTTTTAATCGCCATGGAGATCGCGGCCCGGGGGACGACGAAGCGGAACGGATCGTCGCTGGCCGACTTCGGTTTGTTACTGTCTTCCACCTGAATCGGTCGTGTGAGTACGAGTTCCGACCAGATTTTGATGTCGTTGCCGTACTGTTTCAGATCGGGAAAGACCTGCTGCATGGTTTTGGCATCGGCCAGGGGATCGAAAGAGTGGCCGGGAATATCCAGTACGGGGATGCGGGCGACATCATCTTTGACCAGCATCTCCGTCAGCGGTTTGAGGATGCCGGGCGCGACGCCGACCTGCAGCTCGGTGACTTTCGGAATCTCGTTCACGGGTGTCCCGAAGGCGTTGATCTGTTGAACGTCTGCAGGTGGTTTACTGGAGTCCAGGGAAGCGACGGTCAGACCGAAGTTCAGCGAGACACCCTGTTTATCCGTGACCACTTCGCGCGGCCAGAGTTTAATGCGGGGATGATAGACGGGCAACGGCCAGACGGCGTCGACGACCTGGCTGGCTTCGCTGAAATTGAGTTGTTTTTCGAGTTCATC
CP036317.1_gap93	4192429	4196066	3637	ATTCGGAGGCGATCATGGTGTTGGAAGTGCCGTCTGTGATGTCCCGCATGCGGGTGGCGCTGTTGAGGAACATGATAGATTTCCCGTTGTCAGCAAAGGCGGTGCCCCCGGCTGCGAAATCGCCATACTGGGCGGAGCAGACGACATAGTTGGTCGGTCCATAGCCGGACTGTCCTGTCGAACCCCGGTCTCCGGGATCGCTGGGGCAGCGGTAAACGGGGAGCTCCGTTTTCATGACCGTGGTGTTGGCGGTGCCGGTGTTACCGGGCTGGATGCTCCAGTCGACCATGTTGTAGAGGTTGGCCTGATCGACGTATGGCAGGATGCGTGCCTGCCAGCCGATCTGGCTGGAGAGCCAGCTGTTGGCGACGGTCCGAATGTGGGACGCGGGAAAAGTAAGGGAGGCATCGTGGTAGTTGTGCAGAGCCAGCCCGATCTGTTTCAGGTTGTTTTTACAGGTGGAGCGACGAGCTGCTTCGCGCGCCTGCTGCACGGCCGGCAGGAGCAGCGCGATCAGAATTGCGATGATGGCAATGACGACCAGCAGTTCAATGAGGGTGAATCCCTGGCGACGCTTCAGAAATGATGCTTTCATAATTTTGATTTATCCCTTGAGATGGAGTTGAAAAGAGATCTGATAAGATCAGTCAACGACACGTGAAAAATGCAATCTGTCATGGTATGGCGCAGGCAGGTACGGTTTCGATCTGCTCACGGGAGCTGCCTGAGGATGGCAATGCACAGCGCATCAGCGCAGGGGGAGTGGTACCGGAAAAAAGAAACATAGCGTGCCTGCAGTTCAAATAATCGGGTGGGTCAAATATCGGTGTGAAGGTGATCTGGCTGAAGATAGCAGCTGTTGGCGGAGAGGATCCGGCTGGTTGAGGGCAGGTTTCTGGGGGCTCTAAGCAGTGAGGTATCAGGGCGAGATTAACTTCATCGATTATTAATTATACCGCTGGACGGAGACCTGTGTGTAGAAAAAGATCGCATAAAAGAATGAGGATTTAAAAATACCAGAGCCTGGGTGGGCAATCGAACCGGTACGGACAGACAGGGACGAAAAAAAACGGCCAGGGAATAGGTCTTTCCCTGGCCGTGGCGATCCTTAAGATTGATCCCGTTCGAGTTTAATACTCGCCGATGATGTTCCCGTCTGATTTGTGACCCAGGTTCTGCCAGGTTCCGAGGTTGATGTTTTCGGAAATGAACTGGATGCGACCGTCACAGAACAGGGTGTGTACCCCGCCGACGTGTTTGCTGCGGGCTCCCAGCAGTGCGGAACCGCCGGTGCTTTGAGCACATTCCAGCAGGTCGGAGTTGGGTCCGATCAGGGTGGTGTAACTCCAGGCGGGCATGGACTGGGCATAGAACCAGGAGTAGCCGCGGAGTTTCTGATCGGCGGTGCCGGTACAGGTGGTTCCGGAGGTGGCATTGATGTTGGCGTACAGATGACCCACGGTACATTCGGAAACAACCATGGTGTTCGAGGAACCGTCTTCGAGGTCCCGCATCTTGGTCATGCTGTTGAGGAACATGACAGAACGTCCGTTGTTCTGATAGGTACCACCGCCGGCAGTGTAACCTCCGGTATTGGCGGTACAGGTGACGTAGTTGGTGGGACCGTAGCCGGACTGTCCGGTCTTTCCGCGGTCTCCGGGATCGCTGGGACAGCGGTAAGCGGGCAGTTCATTTTTCATGGCGGCGGTATTGCTGCCTGTCCGGCCGGGCTCAATGCTCCAGTCGATCTGGTTGTAGAGCGGAGCCTGATCCATGAAGGCCAGGATACGTCCCTGCCAGCTGATCATACTGGTTTCCCATTCAGAGGCGGCGCCCTGACGACGGACAGAGGCGGGCGGGAAGGTGCCGTATGTGTCGTGGTAGTTGTGCAGGGCCAGGCCGATCTGTTTCATATTGTTTTTACAGGTGGAGCGGCGGGCTGCTTCGCGTGCCTGTTGTACGGCGGGGAGCAGCAGGGCGATGAGGATGGCGATAATGGCGATGACCACCAGCAGCTCGATGAGCGTGAATCCCTGGCGGCGTTTCAGAAACAATGCTTTCATAGTTTGGATTGATCCATCTACTATAAGGAAATTAAAAAATCTGAAAGGATTCAGTTAACGGTGAATGAAAATGTTATTTGGCTTCCAGCGTAAAATCGGCGGTGTTTTCACCGGCTTTGACATCGTGGCTCAGTGTGGTGCTGGAATTGTATTTCGCGGGCAGGTACTGCTGTTCGATTTCGATTTTCTGACCGTCCGATTCCTGGAACTTGCCGGTTTTGCGGGTGGCGGAAATCTGGACTTTGTTGTTGCCGACCGTGGGCCCTTCCTCAGCTGTGAGCGAGTAGGTGCCGTCGGTAATGATGGCCTGGGCGGCTTTGCCACGCAGCGGTTTGCCGGCGTCATCGACATCGGGGACAAACAGAATACTGCCGTTGGCCAGAGGCTTGCCATCGTAGGTGACGGTGCCTTTGACGGCAGCCCGTTCGATGTGTTCTGCGGAACCACCACAGCCACTGAGGAGAGTCAATCCACACAAGATCAGCGCAAACGGAGCGCGAACGCAAACTGAAAACATAGTGTACCTGCACTTCATTGTAGGGGGGGAGGTAAAACTTGCTAACGGGAAAGCAAGCGGTCGCTAGATCACAGCTGTGAAGGAATGATTCGACTGGATCCAGGAGGGATCGCAGACGCTTGTCAGGCAGGAATCTTGGGCGAGCTTAACTTCATCAAAAATTAATTATAGCGATGAGGGGAGACTGAATGGTAGAAAAAAGGAAGCATAAAAGAACGAGGATTTGAAAATTCTGGTGGTACGTTCTCTCAGCTCCCGACAAAACAGGAGTTGTCAGATACTCAACCCATGGTCAGCCAATTTTGCTCAGTGGCAATGTTCCGCGCCGCGGGTCACTCCGGAGAGTGAGACGGCGAGCTGGTCGGTGATGGACTGGCAGTGATCGAAGGATTCGGTCAGGCCTTCCACCGTAATGACTTCGGGAACATCATCGGGGGCGAGTCTGAGCAGTTTGAGCTCGTCCTGGCATTGGTCCAGCAGTTCTGTGATCGGCTGGACCCTGATGGTGATGATCAACTGGTTCTTGATCAGTTCCCAGTAGCGTTGATCAGGGGAAGCGTATAATTCGCTCCCCTGATTCTGGAGCACCTGCTTGAGCGCTGTCGCATTTGCGACTCCATAGGGCCGTTTCAGAAAAATATGGCCCGCAGTCATGATCGCCATGTCTGTTTTCTCCACCAGAATCAGGAATCAAAATCGTCTCAGGAAAGAGGGTTGTCTGCTGGCAGCTGTTTCCTTTCACTGCGAAATAAGACAACCTGCTCTCAATCCTGACTAACAGTATACACTCGAAAAATCGTTGAAAGCAAAAAATCTCCGGAAAAAATCAGCGTTCTTAAGAAATTGGAAATTCCTCAAAATCAGGGCTTGAGGTCGATATCGAAGGTGTTCTCACCTTCTTTGATGACCGTCTGCAGGTCGGTTGACTGATCGCTCTGATGTTTTTCGGGAACGCCTTTCAAGGCGTCTTTCAGTTCCTGGTTGCCCGATTCATCCGGGGGGGCATCCCCCAGACCGGGAGAGGAGAGATAGACCTTGTAGTCTCCCGCCGGGATGG
CP036317.1_gap94	4391836	4392976	1140	CTATGCCGGCACGGTGACACAATGGATCGCCTCGGGCGCCGGTCAGCACCGCTTTGGTACGGGAGTGACCTCGGTATTTCACAGCCCCAATCCCAAATCAACGGGTAGCGAAGCCAACGCCCAGTGGGACTGGAATACTCCTCTGACCTCCTACCATACCGGCGGTGTGCACGTGCTGCTCTGCGACGGAGCCACCCGCTTCCTGAGCGACAACGCCGACCTGCTGCTGATTCAGAAACTCTGCGTCCGTGATGACGGCCAGACCGTCGGTGAATGGTAAGCGATCGCGGAGGTCAGTCTTCACATTTAATCCAGATCCATGCTGTGTGACGTATGTACGACCGATTCACATACGTCACACCTGATTGAGGAATTTTACAATGTTTCGTCTTACACTTTATTGTTCGCTGTTGGCGGGTGTCCTGCTGGGACAAAGCTGCTCGGGTGACCCGAATGCCCGACCGGCAGTCGAAATCTCGGGGACCGTCACCCTGGATGGCGCCCCTCTGAAACAGGCCAGCATCCAGTTTACTTCTTCCAAAACCGGAGAGAGCGCCTACACCAACCTCGATGACAATGGTCACTACTCGCTTTCATTTGCCCAGGCGGATGTCGGATCTGCGTATGAAGTGACCGTCAGCACGCCGGTCGTCGATGAAGAGAATGCGATGGCCCTGGCAGAGAAACCGCAGGAAAAATCGACCGTGAAGATTCCTGCCAAATACTCGAAACGGACCACCAGCGGCCTGATCGCCCAGGTCAATGAACCGGGCGCGAATACAGCTAATTTTGAGCTGAAGAGCAATTAACAGACTCAACCAGTCGTATCCCCTCGCCTGCAGCAGTTTCCCCTCACTGCTGCAGGCATTTTTTTGAATTACCATTTTAATTAAGAAGTCTAAGAATCTCCGTTTCGTTCTGTTTCTGCAGCGGATATACTCGAAGTCTACGGTGATGAAACTTCAAACCCGCAGTTGGCTGTCATCATAAAGGATCCTCACATGAAACCGACTCTCGCCCCTCTCCTGCTCGCCTGTCTTGCTTTGCTGATCCCGAACCGTTCCGAAGCGGAACTGCAGGTCGGCGCTACTATCATGGATGTCACACCGGTCAAACTCCCCGTGCTCGTCAACGGCAGCA
CP036317.1_gap95	4420754	4422563	1809	TCCGCGTCAAAGTGTGGGCTGATTTCAATCCCGGCTTCGTTCGCCTGCGGGCGGAAGAAATCGATAAAATCACTCACCAGCTCATTCAGATTGACGGTTGTCAGTGCCAGTTTGCCGACACGGGCAAACTGCAGAAAGGCGTCCAGAATGTCCTGCAGATGCTTACATTCCCGTTGAACGCTTTCTACTTTTTTCAGCATGCGGTGCCTGGCAGGAACATCGAGCGTCTCCAGATCTTCCGTCAGCAGTTCCAGATTCATGCTCATCGTCGAGAGTGGATTTTTGATTTCATGCGCCAGTCCGCCCGCCAGTGTGGCGATTTCGGAATACTGGGCTTCCAGTTTTTCGCGTTCCTCGACGCTCAGCGGGCTCTCGTTGATTGCGGATGGTCTCTGCATCGTCATTTCCCAACCGTACGGGCAAAACTGGGGAACGCGATTGCGGCACATTCCCGATCCTGTATCGGACACTGATATTTCAAAAATAAAACGATGAAGTCATCTCACATCGAGCTCCTTCATCGTTTTATGTTTATCTCAGATCAAAGTGTTGCTGAGCTATTCTTCTTCTTCGGTCTCAGCAGCAGCATCACCGTTGCCTTCCGCAGCGGCAGCCTGTTCAGCCAGAACTGCTTTGCGGGAGAGCTTGACGCGGTTCTGGTCATCAACGGCGATGACCTTCACCTGCAGCCGGTCGCCCATTTTGCAGATGTCGCTGACTGATTTGACGAACCCGTCTGACAGTTCACTGATGTGACACAGACCGTCTTTGCCAGGAGCAATCTCGATGAAGGCACCGAATTCTTTGATCGAACTGACCACACCATCATAGATGCGACCGACGCGAATTTCTTCGGTCAATGCTTCGATGTGAGCCATGGCTTTCTCTACGACTTCAACGTTTCCGCCGGAGACCGTTACGGTACCATCGTCCTGAATGTCGATGGTGGCACCGGTCTCTTCCTGGATCGCCCGAATCGTCTTACCGCCCGGTCCGATCAGCAGACCAATCTTTTCAGGATTGATCTTGGTCTGATGCAGTCGCGGTGCGTAAGCGGAGATCTCAGCCCGGGGACGACGAATGGCGGTGAGCATGGTTCGCAGCAGTTCCAGACGGGCTTTTTTAGCCGCTTCCAGAGTTGCTTTGATGATTGCTTCGCCGATCCCGTCATTTTTGAGGTCGAGCTGAATCCCGGTGATCCCTTTCTGGGTACCGGCAACTTTGAAGTCCATATCGCAGAAATGGTCTTCGTCGCCGATGATGTCTGTCAGGACCTTGAAGTCATCGCCCTGGGTTACCAGACCGATAGAAATCCCGGCCACTGGTTGACGCAGAGGAACACCCGCGTCCATCAGCGAGAGCGTTGCCGAACAGACGGAAGCCATCGAGCTACTGCCGTTGGATTCCAGAATGTCGGAGATCACGCGAATGGTGTAAGGGAAATCTTCTTCGTTCGGCAGTACCGGAGCGACAGAACGTTCTGCCAGACAACCGTGACCAATTTCACGACGTCCCGGTCCCCGAATCGGACGACATTCACCAACCGAGAATGACGGGAAGTAGTAATGCAGCATGAATCGCTGCAGTTCTTCTTCAAACAGGCCATCGACACGCTGCTGGTCGCGTGAGGTTCCCAGTGTGACGGTGGCCATTGATTGCGTTTCGCCACGGGTGAAGATCGCAGAACCATGGACGCGCGGCAGAGATCCGGTTTCACAGGAGACATCCCGCAACTGGTCAGGAGTACGACCATCCAGGCGACGACCACTCATCGCCAGTTCGCGAACAGCACGTTGCTCCAGGTCATGG
CP036317.1_gap96	4487609	4490754	3145	TGTGTAAACTGGAACGTAAAAGGGGGCAGGCCCTGTTCCTGATCACTTCGCTTTATTTGATATCAACGGGGTCAGCCCCGATTCTCCTTTGCCGCGATAGCTGGGATGCCTGAAGTCAAAAATAATTGTAATCCAGGAGCCTGAATCACCCCTGGTCTGGATGCGCGAAAAATGCCTTCCTCTGATGATCTGATAATGTGAATCCGTGACGGGTACTGATATGATCGTAGCTGGCGATCCTGATTTCAATGGAGCTTTTTCACAACTTCAGCCACAAAGCAGAAAAGAGTCAATTATGCTGATTCGACGCATTTTTTTAGCAGCGCTGGGAGCCGTTTTTTATCTGGCTGCGACGGAAGTCTCCTTTGCAGCCAAGCCGGAGACCTCGGGGAAACCGAACATCATTCTGGTGATGGCTGATGACCAGGGTTGGGGAGATACCGGCTATAATGGTCACCCGTTTGTCAAGACGCCGGAACTCGATGCGATGGCGAAGGACGGGTTCGTGTTTGACCGCTTCTATGCCGGTGCGCCGGTCTGTTCACCGACGCGTGCCAGCGTGATGACCGGGCGGAATCCGAATCGGGCCAAAGTCACAAACCACGGCCGCTACATGCGCCCGCACGAGCAGACCATCGCGGAAACGCTGAAAGCGGCCGGATATGTCACCGGCATCTTCGGCAAAGTGCACCTGGGTTCGGGACAGCCCGACTCGCCCTGTAATCCCAGTGGCATGGGATTCGATGAATGGGTGATCGGCCTCAACTTTTTCGACAACGATCCCTACCTGAGCCGGATGGGCAAGATCGAGCATCGTAAGGGAAAAGGCTCGGTCATCCTGATGGATGATGCGCTCGACTTCCTCAAGAAACACAAGGACGGCGATCGGCCGATCTTCACGGTCGTCTGGTTCCCTTCTCCGCACGCCCCCCACGCGGAAGTGCCGGAAGGTCCCAGCCTTTATAAAGGCAAACCGCAGGCGGCGTACTACCGCGAGATCACGCTGCTGGATCAGCAGGTCGGACGCCTGCGACGCGCACTCAGAGATATGGACATGGCGGAGAACACCATCGTCTGGTACTGCAGCGATAATGGCGGGCTGAACAAGGAGACTTCCGGTGGCCGTGAGAAAAAGGGGAGCATCTACGAAGGGGGCCTGCGGGTGCCGGGGATCATCGAATGGCCAGCACGCAAGCTCAAGGGGCGCACCTCGGTTCCAGTGGCGACCTTTGATATCTATCCCACCCTCCTGGCGATGGCCGGCGTGGATTTGTACGCGCCGCATCCTCTCGATGGCATGGATGTGAGCGGTATCATCGCGGGGTCGGTGACTGAACGCAAAAAGCCGATGGGGTTCTGGCACAAATTACAGGGCGGGCAAGGCACCCGGAGCGACCAGATTCAGAAAGCGATCATGGAGAAGCAGCAGGCCGGTGCCCCCTTACCGCATGATCCCGTCAGAATGCGCAAAGATGTCGACGAATTCCCACAATTCCCAGAAAACACCACGACCGGGCATGCCGCCTGGACGGACTGGCCCTGGAAGCTGCATCGCATCAACGGTACCAGATTTGAACTCTATAATCTGAGCGATGATCCGATGGAGAAAACCGATCTTTCCCAGGATCCAGAACAGACCCAGCGGGTGAAACAGATGCAGCAGGAGTTGGATGCCTGGATGCGGTCTGTGATCCGCAGCATTAATGGAAAAGATTATCAGGGAAGGAAGTAAAAAGGGGCGCCCTTGGCCTGATTTTCACCGTTGGTCGAGCCAACGGTGCCACCCGCCACCCCTACTCTGACGGGCACTGTCGGACAAGCCGACAGTGGCACACGCCCCTGCGGCTCTATTGAATGGCAGCGGGAGCGGAGATGTCGTATTAGTTACTGGGGCGAATGAACTCTATTCGAGTTGTTGCGTTGCAGACAGGGCTTCATACCCTGGAACCCTTAGGATTGTCAATCGTGTTCAGACGCAGCATCGAAAGATAATGTGGACCACCTGTTTCGCGCGGCAAGAAAACGGCAAACAGTTCGATGCCATCTCCCATGAAATTCAAATCTGTGATAGTAGATTTCCGGTCCGTTGTTGCTCTGTCGTCATCCAGGACACGTTCAAAGGTTTCGAAGTCACAGTCTTTGAGTTTGTCACGAATGTCTGCCAGATCACCGACAAAGTTCTGATTCGTACATTCTGGTTGTTTGTTTTTTATGTCGAAAAATATACGGTCGATCGTGCCGTATGGATCGGACCAGACTTGCAGTTCATCGTAGAACCAGATTTTGCACCGTTCATCAAGTCCATATTCCCTCCACAAATCGGTGAGCATAATCGTTGGGTCTCCATAGCGCTGCGCCATGCTGGAAAATGATCCGCCGATCTTCGCTGCACCGATCGCGTGTTGTTCCAGGATCTCTCGAAGAACCGTTTCCGTTGTGCTCATTCAACTACTCCCATCTTGATATAAGTAGTTTCGTGCCGCCCCCATTTTCATTTGGGGAGAAATCAAAGGGCTGAGGACTCAATCCATTTTCATTCCTATCCCATAGATCATCCACACATTTCTAAGCGGTCTGTTTTATATTCAGAGCGGCTTGTAAATCATGCGTGAGCCGTAGAGGTACCAGCGTCTGGTGTCGGTCTGCCAGCCGCGGAGGGTGAATAAGCCGCAGCGCCAGTAGTGATCGAATCCGCCGCCGTGCACGTAGCAGGTCGCGCTTGTGCTCAGATAGTAGTAGTCGCCGAAGTTGTGGTTTCTCAGTGTGTCGCTGCCGAGACGCGGAGTCGTCTGTGCATGCGGCACCGCGTCCACGCCCTGATTGACGTAATCCAGGGGAAGTGCCAGCAGGGGATGAGCCGGATCGAAGGTCAGGTTCTTCATATAATTCCGCTCGCGATCGCCGCCGACGGTGCCGTTGTCGGTCTGGATCTCCTGGGTGATGCCAGTCAGTCGATACGCGCCGCTGGTCACGTCGCTGGCGTATTCACGCATGTTGTCGCAGACGTACGCCTGGCCGTTTTTGAAGTTCAGACCGTCGATGTAATGCCAGACGTTGCCCCACAGATTCTCCATGTATCGGTATCGCACGGCACAGCGGTAACTGGCATCGGCTCCGCCGCCGTTGGGTTGCGTGTGGCCCGAGG
CP036317.1_gap97	4510397	4513057	2660	AGCGGGCGTAGTCGCGCATCTTTTTGAGATCGATATCGAACGTCTGGTTGGCAGCGTCGCAACCGGCGATGCTCTGGAACCAGAGAGCCGTACTTCCGGGCGAACGGCGTTCGACTTCTGCCTGGACGTCGATATGCGAAAGCACACAGTGCGGGAGGACATCTGCGATGCCGAAGGTTTCCAGAATGTCGCGGAGCTGCAGTTCAACGGCCTGCACCGATTCGGGTTCGCTGGAAACCGGGTTGGTGCCGAGCACGACATCGCCGACTGCGTAAGACCAGCCATCCAGAACCTGCCAGAAGATGTCGTCCAGATTGTCGGTCGGCGAATTCGGTTGAATGCGGGCTCCGAGGTAGCCCTTCGCGCCGAGCTGGCTGCCGGGCAGCGGATTGAAGACTTTCGCGCCGACGGTAATCAGTTCCTGGTTATTCAGCAGTTTGACGACGGAGCCGATGACATCGCTGGAGAGGGTACGGGCGATCTGTTTGATGGTGGCTTCGTCCGCGGTGAGCAGCTGTTGTTTCAGTTGGCCGAGCGTCAGGTTGGCCGAACGCGGGTCGGCGTTTGTGCGTTTTTCGTTGATGTACTGATTCAGCTGATCTTCAAAGACGGGATGGGCATCGAGGTCGGCGATGTGGGTGGCGGAGAGCAGTTGGCGGGCATTCTCGCGGGACTGGTCGTTGACGGCGGCGACGCCGATGAACTGATCGCCTTCCTTGAAATCATTGGCAGCACCGAGCAACTGGTGATACAGCGTGGGATCGAACGTGCCTTTGATACGCTGAATGTAAGCGAAAAGGTCTTCGCCGTCTTTGACGTTGGGAATCGAGACGCCTGTGGCTTTCGATTCAGCAGCGGTGATACGTCTGGCCTGAGTCAACGACACGGTGACCGCGAGGGGGGCTCCCAATATGGCCTGTACAAAATCACGACGGTTCCACTGCACGGCGGTTTCCTTTCGAAAGAAACGCGGAATGCGGCTAACAGAGCCAGCGCGCTCCTGCCAATGTCGATCATACCACTGTCAAAAATCAATTATCAAGCGGGATTACCGAACTCAGGACAGAATCTCATGCACCACGTGACCGTGCACGTCCGTCAGACGGCGATCGATGCCGGCGGTACGGAAGGTGAGTCGGGTGTGGTCGATGCCCAGCAGATGCAGGATGGTGGCGTGCAGATCGTAACAGTAGGTGGCTCCCTCGGCGGTCTGGTAGCCGAGATCGTCACTCTTCCCATAGCTGGTGCCCGCTTTAACACCGGCGCCGGCGAGCCAGGTGACGAAGGTGCCCCGGTTGTGATCGCGGCCTTCGCTCCCCTGTGCGAACGGAGTGCGTCCGAATTCGGTGGTCCAGATGACGAGGGTATCTTCCAGCAGACCGCGGGCTTTGAGATCGCGAAACAGAGCGGCGATCGGCTGGTCGGCACTTCGGGCGATGGCGGGGAGTTCGGTTTTGATATTGCCGTGATTGTCCCAGTTGTTGACGGCTCCCTGCGGACCGCTCCAGACCTGGACGAAGCGAGTCCCCCGCTCCAGCAGACGCCGGGCGAGCAGCGCCCGTCTACCGAAGTCTTCCGTCTCTTTCTGATCCAGACCGTAGGCGGCGTGTGTCTCTTTGGTTTCGCGAGAGAGATCGAAGGCTTCCGGTGCACTGAGCTGCATTTTTGCAGCGAGTTCTCCGGCTGCAATCCGGGCTTCGAGCCGGGAATCATCGGGGCGGGTCGCTGCATGCTGACGATTAAACTGCTGAAGCAGCGCAAAGGTGGCTTTGTCGGCCTTCCCCTGTGCGAACTGGTATTGGGAATCGGCGAAGAGATCCGGGATGGGTGTTTTACTGGTGGCGTTGACCAGGGTTCCCTGATGTTTGGCGGGGAGGAAGCCACAGCTGAAGTTACCCTTTTGGTTGTAAGGTAGTCCGCGGGTATCGGGGAGGACGACGAAGGTCGGCAGATTGTCGGCCAGATTCCCCAGCGCGTAGGAAACCCAGGCGCCGAGACAGGGAAAGCCGGGGAGCATGAAGCCGGTATTCATCATGTAGCTGGCCGGGCCGTGGACGTTAGTTTTTGTTGTCATTGCCATCAGAAAGGCGAGATCGTCGACAATCTGTGCCTGATGCGGAAAGACCGAGCTGACCCATTGTCCGCATGCGCCATGCTGTTTGAATTCGAAGGGGCTCTGCATCACGGCACCGACAGCGCCGGTGAAGCCTTCCGGCTTTTCTTTGGGGCCTAGCTTCTGTCCATGCAGACGTTTGAGTTCCGGTTTATAGTCGAACGTATCCATCGGGCTGGCGCCGCCGTTCATAAACAGCTGAATCACACGTTTCGCTTTGGCACGGTGATGCAGACCGCCATTCAGATCCGACGCCGATGCCGCGTGCAGATCCTGCCCGAGCCACCAGGTGAGTGCAGCGGCTCCGAAGCTTCCGCCGGAGCGGGTGAGCAGTTCGCGTCTCGAAAGAGGCAATTCCAGCATAAGTCACTCCACAAAGAGAAATTCGTTACTGTTCAAAACCAGGCGGGCGACGGTTTCGAGACCGTGCTGCTCCGCGAGTTGGGTCAACTGCCGCTGTTCGTCTTCTGTCGGGTCGCGGAGCCAGGCCCAGAGGACGATCTGCCTGATCTGACCTGGTATCATGGGTTGTGCCTTGCGGGCCCGC
CP036317.1_gap98	4541737	4546312	4575	GAATTCGACTGGCCAGAGCGCTGGACTACGCCCATCAGAAAGGAGTTCTGCACCGCGACATCAAACCGGCCAACGTCCTGCTGACCGCGGAAGGCGTGCCCAAACTGGCTGACTTCAATATCAGCTTCAGTTCTCAAGTCGCGGGGACGACTCCCGCTGCCTATTTCGGGGGCAGTCTGGCATATATGTCGCCGGAACAACTGGAAGCCTATGACCATACCCATCCGCGGCTCCCCGAGAGCCTGGATGAGTGCAGTGATCTCTATTCCCTGGGACTGATGCTGGCTGAGTTACTGACCGGAATTCGCCCCTTTCAGACCCCGGCTGCGACGAGCAACTGGTCCGATCTTTTAAAGCAGATGATCGAACAGCGTAAAACCGGACAGAGTCTGCAGGCATCCCCCCAGCATCTTCCGCCGGACTGCCCGGAACATCTTGTGACCGTGCTTCAGAAATGCCTGGCCCCCGATCCACAGGACCGTTGGAGCTCAGGTCAGGAACTGGCCAGTCAACTGGAACTGTGCCTCAATTCCCGGGCGCAGCAGATTCTGTTTCCCTCTTCGAAAAGCTGGTTTCACTGCTGCACAGGCTGTGAAGTGCTGATCGTCGTGCTGATTGTCGCGATCCCTAACATCCTGGCAGGGCTGTTCAACTTTTTTCATAACCAGAAACATATCATCGAACATTTGAAAAATTCACAGGATGCATTCTGGAACATTCAGTCGGCGATCAATTTGATTGCCTACCCGACGGGACTGGGGCTGATCGGCTGGCTGACCTGGACCCTGATCCGGGGCGGAACCGTTCAACAGGACCGATCGAAACTACCTGACACAAACAATTCCCTATTGCAGCACCGTTGTCTGCGACTGGGGCACTATGCAGCGCTGATCTGTACGACGGAATGGATCATCGCGGGCATCGCCTATCCGGTCAGCATGCATTATGCGATCGGGGCACTACCGGCTTCCGCCTACATGCATTTCCTGGGATCGCTGCTGCTCTGCGGATTGATTGCCGCCAGTTATCCGTTCTTTGGCGTTACGTATTTCAGCCTGCATACGATTTACCCCCAACTGATCCAGCGGGCTGATTTCAGCCAGTTGCCTCCCGCGCCACTGGAAAAACTCAAGAAACTGAGTTGGGTCTATCTGATTCTCGCCTTTCTGGTGCCGATGCTCAGCATTGCGGCCCTGGCGATTCTGAATCTGGACGACAAACTCGCCATTGTACTGCTGACCGTAGCGGGAACCTTGGGAGCCGTCAGCATCTTCCGCGTCTTTCAATCATTGCAGGCTGATCTGGATGCCCTGATCAGACTCTATGCGAAAAACCAGCCTGGTACGCAAACGGTTTCTACCAACCGCTTCTAAACGCAGAGCGTCCGTCGGAACATTGTCTTCTACCGCAGATTACTTGCGCAGACTGGAGAAGATCCCGCCCCCATGATAGGGTGCCCGGTCCGCCAGCAGTTCTTCCAGTCGCAGCAGCTGATTGTATTTCGCCAGTCGCTCACTGCGTCCTACCGAGCCCACCTTAAGCTGACCGGCTCCGGTCGCGACGACCAGATCGGCAATGGTGGTGTCTTCGGTTTCCCCACTCCGTGCAGAAACGACGGGCCAATAGCCGTGATCGATGGCCATTCGCAATGTTTCCAGAGTTTCAGACAAAGTGCCGATCTGGTTCAGTTTGACCAGCACACTGTTGGCTGTCTGGCTCTCAATCCCCTGCTGCAGCCGCTGTCGATTGGTGACAAACAGATCATCGCCAATCAACTGCACGCGATGTCCCAACCGTTCGGTGAGTTTCTTCCAGCCTTCCCAGTCGTCTTCTGCCAGGCCATCTTCGATACTGACAATCGGGTAAGTATCGACCCAACGTTCGAGCATGTTGATCACATCATCCGCGGAAAGGGCTTCGTCGCCTGTCGCATTCAGATGGTAGGTTCCACTCTCGGCGTCATAAAAGTGGGTACTGGCGACATCCAGTCCGATGGCCACATCGTCTCCCGGTGTGAGTCCTGCCGCTTCGATTGCTCCCACGACAAATTTGACCGCTTCGCTGTTGCAGGAGAGTTTTGGACCGTAGCCTCCTTCGTCGCCGATCAGGGTGCCTTCGTGTCCGGTCTTATTCAGCAGCTGTCCCAGGCGGCGATAGATGGTCACGATCCATTCGAAGGCCTGCCGATAGGACGTCGCTCCGACCGGGAGGATCAGGAAGTCCTGAAAATCGAGATTGCGTCCCGCGTGCAGCCCGCCCGAGATCATATTCACCATCGGCAGGGGCAGAGACATCGACTGCGCCAGCAGAGAGGTGCGTTCCCGCTGGGCCGGTTCCACGTCTGTTTTTGATTCAAGATAGTCAGACCAGATTTCCGCAAACCGTTCGACCGGGCTCTGCTGCTGTGCTTCGGCGGAAGCATACGCGGCTGCCAGCGATGCTCCCAGAATGGCATTGGCTCCCAGCCGCGACTTGTTTTCCGTCCCGTCCAGTTCACGGAGCCGGGCATCGATGGCCCGTTGATCCGAGGCATCCTGACCGATCAGGGCATCGGATATTTCGCGGCGGACATTCTCCACAGCCTGGGTGACCCCCAGCCCGTCAAAGCGGTTGGGATCCTGGTCGCGTAATTCAACGGCTTCAAATTTCCCCGTACTGGCGCCACTGGGAACGATGGCTCGCCCTGGCCTGCAATTCGCACAGCAGATCTCGACTTCCACGGTGGGATTGCCTCGACTGTCAAAAACTTCGCGTGCCTGCACATACTCAATTTGGGTCATGACAGATTTCTCTCTCCAGACTGCCTTCGATGTTTACTTTAGATGGCCCGAACCTCTGAGCCGGCTCCTCATTTTAACATAACAGGATTTCCAGGTCGCGTCACCAGCACGTCGGTCAGGAAATCAGCATCTCTTTCAGTCGCGCAAACGCATCGGGAATAGATTCCGGCGGATTCAGAATCAGCGACAGGGCAAACGACCGGACCAGGTCCTGCTGTGTCGAGTCACTCAGATAATCAACCGTGCTCTTTCCATCGACTCGCGCCAGCATGCAGGCCGCCAGATGCTTGATCGTACGCTGACCGATCTGCGGTTCTTCCATTTTAGCAGCCTCCGGTCCCGGCTCCAGTGGTTCGACCGCATCTGAGTTCAGATAGGAGTCCCAGAAGATTTCCGCCAGTTCAATACAGGGGATGCCTGCAGCCTGAAAGTGGACCGCTTTCAACAGCAGATGACTGAGAAAGAATCCAAGATCAAAGGCGGGATCGCCGAAATGCGCTGTTTCAAAATCAACCAGATGAATCTGCTGCTCGGTAATCAGGATGTTCTTGGGACTGAAATCGGCCAGCACCAGACACAGCCGATGCGCGGACATCTCTTCAATCAGCGCTGCCACCCAGTCTTTGATTTCGGGATGCGCTCTGACAATGAACCGGTAAAACGGATCAATCCGCAGCTGATCGAAGATTTCCCAGTCTCCCCACCGCTGCTGATACTGTTCCTGCAGGAAGGTCCGGCGATGAATAGCACCCAGAAAACTCCCCAACTCACGGGCAATGGCTTGATCAAACCGGCCGTCCAGCAGTTCCGCTTTCCAGACCTTGTGATCCGCGGCGATCGCTTCCATGGCGAACAGATAGTTTTCACGGTCTTCGAACAGCACACGTGGTACCACGCTGGCAGGCAGCAGCTGCTGTAATTCCTGCATCACTTCCAGTTCGCGCCAGATCCGCTCCAGCTGGCTGAACCATTCGGCCTGGGTCCGCAGCTGTTTCCGGGACTGCTTGATGACGAAATCGGCCTCCGCTTCCCGGTCTATACGAATGACGATATTCGAGACCCCCCAGGCCAGTGCCTCCGCCGAAGCCACCTCTTCCGGCTGGAGCTGTCCCTGTTCCCTGAGATACTCAATCGCGTTATCCGCCGTGATCTCCCGGAGCATGAATTCATCCCATAAGTTGATACATGGTAAGCGTTAATCTCATTTCTGACTCACTCCATCTTAATCAGAGAAACGCCGGGAGAACAGGCTCAGCCCGAGCATCCTGGGAGGAAATCAGCGGTCCCCCTGAATTCACTGCCGCTGATACCAGCCTCATAACCCGCAAAATCGACTCGTGCTCAGGAATTACCTGACCGGATTGACTTAAACAGCCGGCAGGTCGACTTGCCAAAAACTTGGTTTACGGGCAACTTTTTGTTGCCAGAACCGATTAATATGCTGTAAGATGATAATGTTGGGTTAGTTGTAATAAATAGCTGATTCAGCGACACCTTTTCTCACACCACATCAGAGTGGTATTTTTTCCGTGAACCACAGGAACGTTTTCTATGTTGTCCACAAAAGCTGCGTCCCGATTTTTGACAATTCTGACTGCCGGTTGCCTGGCACTTTGCCTGAGCACCAATCTGGAAGCCGGCAAAAAAACGATTAAGCCACAGAAATATGATCCCTCTGCAGAAAAGGTAGATGACCTGTTTGCTGCGATGGAATCAGGGCTGGTCGATGTCGAAATCATTGCCAAAAGTTCCAAAGGTGGCAACGTACTGATTACGAACAAAAACGATAAACCTC
CP036317.1_gap99	4658306	4659775	1469	CTTGCCTTTGCAACATCACAATCAAGCGATGGCAGTCTTGGATGTCGTGGGGAAGTGATTCATCAACCATGATGGACGCATTATAAGAATTCGGACTTTTCGCACTACCCGATGATCAATAAAAAAAGAAAATCCAAACAAAAACCAGCCCGCGAAATAGATTTTCGCCAGGCCGGTTTGCCGAAGGAAGGTTTGATGAGGCTGCGACTCAGACCGCAGCCATTCGCTTTCTTCTGTGCCTGGACGACTTCAGCGAAACACCGGCGATCCACATGGCCAGTTCGACCGAATCGATGGTCACGTGGGTTTTGTCGTCTTTGGGCCTGGGCAACTCAACGGTACCTTGCTCAAGCCGCCGATACCAGAGCGTCAGTCCGCCGGTCTCCCACCACAGGGCTTTGATGCGATCGCGCCGGCGGTTCACAAACAGGAATAGTGAACCGTCGATGACGTTCTGTCCCAGCGTCGCGGTGACAATGCCGGTTAGACCGTCGAAGCCGTTGCGAAAATCGACCGGCTCGGTGCACAGGTAGATGGGCGTGCCGCTGGGCAAGCCCATCATGAGCGGGCCTCCTGATTACGGGCCGGGATCTCGAATCGAATGCGAATGCCGCCCGGCAGATCGACGGCCATGACGGTGGCCGGTGAGGGCGGCGCTGCAAGCCTGACGGGCAGGAAACCTGCCGGTTTTCTGGCAGTCTGTCGCGGAGAGGCAGACGTGCTTTCGCGAAGCCGTTGATGGTCTGTCCTGGTGGTGCCGCGGACCTTCCGCCGCCAGTAATAGTAGGACGCTTTTGAGACGTTTTCGTTTTGGCAGAACTGCGCGACGGTGATTTCAGCCTGGTCGAATCGCTCCAGTCGGTCTGCCCAGACTTGGGCGGTTTCGCTCGAATTGTTTTGGACCATGGGATCTCCTGTATGGGAAACGTGAGGAAACCCGAGATTCTAAACCCTGCGCCTACAATGGTTCTGATGTACGGTTACGTCATCTCCCACAAACAGTTCCCGTTCAGGATCCCAGGTCAGTTTACGGCCCAGTCGCTGAGAGATATTCCCGATATGACAGACCGAGACGGATCGATGCTGATTCTGGACACTGGAGATCGGCGTCTCGCGTGTTTCAATGCAGTCAAAGAAGTTCCCCATGTGATTGACGATCGCATCCAGCTTACCCATCCGCGGCGGTCGGGAGAGATTGTCGTGAGCATAGATCGCGAACTTTTCGCGAGGCAGCGGATTCTGTTTCAGATCTTCGACCGGCTTACCGGCAATGGTGCCCCGGTTGACGAACATTCGCCCCTGATCCCCTTCAAACATCACACCGGTCCGACCGGTGTCGTTTACTTCCAGCACCACTCCGTTCGCATAGCGGGCTTTCAGATGGTAATCGAGGGCAACGTTGTAACCGTTTTCCACATTCGGAAAGGTGGCAGTCCCTTCGATATCCACAGGACCGGTATCCTGCATAC
CP036317.1_gap100	4665787	4666920	1133	TCTGCCCCGTGAAGAAATTGAGCATGGTATCTCGCCCGGTCATGACTATCCGGTTTTCGACACCCGCTTCGGAAAACTGGGGATGATGATCTGCTGGGACGTGCATTTTCCGGAAGTAGCCCGAAACCTGGCTAACAACGGCGCTGAAGTGATTGCCATGCCGATCTGGGGTGGCAATCCCACGCTCGCGAAGGCCCGGGCGATCGAAAACCAGGTCTTTCTGGTGACCAGTACTTATACTGATCCCAACCGGGACTGGATGAAATCGACCATCATCGACAAAGAAGGCAACATGCTCTCCATCGGAAAAGATTGGGGTACGCTGGTCTATGCTGATGTGGATTTATCACAACCGAAACTCTGGCGGTTTCTCGGCAACTTCCGTGAACGGATCTACCGCGAACGACCCGTGGAAGGATTTGTGGAACCGGCTGAATCACGGTAAAGGATGCCGTTAGTCGACTCGGATTTCGCGTACCACCCGGAAAGCCCCGCGTGAGGGGGACTCGGGGGTGCCATGACCGCGGACATAAGATGTCAGCTGACTGGCCGGTTGTTGAAATCCGCCACCACGGCGGACCCGCTCGCTTCCCTCTGCAGGACCTTTCGGATTTTCACTGGGAGAGCTCGGATAATAGTTGGCAGCGTAGAAATCCTGACACCATTCCCACTCATTCCCGTACACATCGTATAGACCGAACGCGTTGGGGAGCTTCTGTTTTGCGGGGTAGACTCTACCTTCCGAATTATTCTGAAACCAGGCATATTGCCCCATTTCATCCGGATTGTTTCCAAAAAACCAGGGAGTCTGAGTACCGGCACGGCAGGCATACTCCCATTCTGCTTCGGTCGGGAGACGATAGACGTCTCCCGTCTTTTTTGAGAGCCACTCACAGAATGCGACTGCATCATTCCAACTGATGTTAACTGCAGGAGCTGTTGCCTGAACCGAGAGATCTCCCAGATTTTTCCAGTAATAATCTTCTGATCTGTTCCAACTGCCACCAATCATTCCATATCCGCCAGCCCGTTCTGCATCGGTTTGGTAACCAGTTTCATTCACAAAACTCTGAAACAGTTGATTGGTCACTTCTGTGGTACCGATATAAAACGGACGCGTCAGCTTCACAGAA
CP036317.1_gap101	4673978	4676958	2980	AAATGTGTACTGCCAGAGTCTCTGTCCGCATGGTACCGCCCAGGAATTTCTGGGAAGACTGATACCACATCGTAAAAAATGGAAAATCAGGCCTGATCTGAAACGGGCTCTGCGGTGGATCCCAGGGCTACTGCTTGCCCTGATTCTGATTATCATCTTCCTGAGACTCCCAGTTGACCTGGCGGAACTGGAAGCCTTCGACGCCTATCTCTTGACGTCTGCCGGTATTGCATCGATTGTGATTGCCATATCCGGACTGATTGCGTCATTATTCGTCCCCCAGGCATATTGCCACTTCGGTTGCCCCACGGGAACAATCTTCGAATTTGTCCGTTCGCATGGCCGGGCGGACCATTTTGGTAAGAGCGATTTCGTTGCCGGGCTCTTTCTGATTATGGCACTTATACTTAACCAGTATGCAGAAGTCATCCAACAACTGTTACTGCAATAATCATGAGACTAATATTTTCCAGTCGCATCATCTTTAATCTGATGACGTAAGAGAGCCTTACTCACAATATTTACCAGTTTTTGAGGCTTGTACGGTTTTTTGAGGAAGTGCACGATCTCTGAGCTGTCCATCTGATCGGAGATGTCGTTTTCACTGAGACCACTGGTGAGAATCACAGGAACATTGATCTGTTTGTCCTGGAGCTGTCTTAAAGTTTCTACTCCACTCATGCCGGGCATGGTCATATCCAGTAAGACAACACTGATCGAGTCCCGATTGCGTTCGAAGACCTCGATCCCCTGAGATCCGGAATTTGCCAGCAGAACTGAAAACCCAAAGCGTTTGAGGACATTAGTCACCACATTACAAACTGCCTGATCGTCATCGATCACCAGTACATACCCCACATCTGCAGGAACCACTGGATCGACGCTGCTGTCCGTCGTAATTTCTTCCTCGGGATCTGTCGCCACTGGTAGAATCACACGAAAGCAGGATCCGCTCTCCACCGCAGATCGTACGAATAAACCACCATGATGCCCCCGGATAATGCCGGAAACCCCTGCCAGCCCCAGTCCCCGTCCGGTAAACTTAGTCGTAAAGAACGGGTCGAACATTTTCGACTGACAGTCCTCATCCATACCACTGCCATTATCTTCGATTTCGAAGAAGATAAATCTCCCTGGACTGACATTCTCACAGAAATAGTAGTTTGAAAAATCGTCCTGGTTCAGCTCGAGGAATCCCGTTCGTACATCAATCTTCCCGGCATCTTTCTGATTCTGAATCGCTTCTGAAGCATTGGTCAGTAGATTCAAAACAACCTGTTCTATCTGGCCGGTATCTCCATGAATCAACAAATTGTCGCTCGACAGATTCAATTCAATATGTGCATTCGGAGAAATGATCGTTTTCAGGATCTCAACCGTCTCCTGAATAATCTGGTTCAGATTGAAAGTTGTAGTTACAAAGGTACGACGTCCGGAATATGCCAGAAGCCGTTCACAGATTTTCGTCGCATGCCGGGCAGCGATTTCAATGTTCTTGACATTCTGACTGATGGGGGAATCTTCCTGCAGTTCCATTAACGTAAGATTCGTATTTCCCAGAATCGCCAGCAGCAGATTGTTGAAATCATGAGCGACCCCACCTGCCAGGACCCCCAGGCTCTCCAGCTTCTGCGCATGCAGCATCTGGGCGTGTAAGTGATCTTTCTCCGCTTCCATTTGAATTCGATCGGTAATATCACGAATTACCTGGATGTAACCGGTAATCTGATTATCCGAACGACGTAGTGGAGTAATAATGGTCTCGCCTTGAAATATAGAGTTGTCTGCTCTCAGATACTCGACGATAAATGGTTTCAGGACATGGGAATTGGGATAAGAAACCCTGGTAAACTGCTCCTGATAATCTGATTCTGACTTGACGAGTTCTCTGACAGGGCGGCCCAGCAGATCCGCCTCCTTGCAACGGAAGTACATCTGGATGGATTCGTTACACATGACAATATTGTGACTGCGATCGGTCACAATCATCACATCGGTCACGGAGTGGAAAATGGTCTGCAGCAGGATTCGCTGTCGATTCAACTGCTCAATCGTTTTCTTGCGGACCGTAACATCGATTGCCAGACCGATACACCCAACGACCTGTTCATGAGAATTTCGCAGAGGCTCAATATGGATATCCAGAATGGTACTCTGCAACTGTTGTTCAAATCGAACCGATTCCCCTTTCAGGGTCCGCTCGTGCATGGCGGTCATATACTCCGAAACTTCTTCGGATTCATGGAATTCATAGATCGGTTTCCCCACCGCATCTTCCGGTTGAATCCCCAGTTGATTCAGTCCTGCACCAACAATCGACGTATAATGATTATTCTGATCAGTGGTCCATAAAATTGCCGGAATCTGATCCATAATGATTCGCAACCGCGCCTCGTTCTGCAGCCGGATCTGCTGAGAACGCTTTAAGTCATCAATATCAATGTGCGTTCCAATGACCTGGACCGGTTTCTGATGAGGACTGTACGCTGAGATTTTGCCGCGGGTCAGAATCCATTTCCATTGCCCGGATTTGGTTTGCATACGAATTTCGGCTTCGTAAGACTGGATTTTTCCTTCCAGATAGTCATCCAGTAACTGCAGGGTTGGTGGTAAATCTTCAGGATGCACCAGAGATTCCCAGGCAGCAAAACTGGCCGGGAATTCATCGGGGCGGTATCCAAGCATGGTATACCATTTATCATCAAACCTGGCCTGTTTTGTGATGACATCATAATCCCAGAGCCCAATTTCCGAACCGCGTGCCGCCATTGTAATCCGGAGTTCGCTATCTTTCAGTTTTTTCTCTGCGTATTCTCGACTCAACTCCGCTGCAGACCGGTACGTATAACTTTTTATCGCTGGAATATCACACAGGTCTTCGTAGATCGGCCGGTCTCCCAGCAGCACCAGATGCCCCTGTACCGCACCATGTTTGTCAACCATCGGGAAGCTGAAATACGATTCAATTTCATGCTTACTC
CP036317.1_gap102	4691008	4694031	3023	AGCAGCAGTTGCCCCCCTTCCTTCAGACAGGGAATCGCTTCCTGAATAATTTTCCGGTAAAAGTCGAGTCCATCAGTTCCCCCTGCGAGCGCCAGACGCGGCTCATGTTGCCTCACATCTGCCTCTAACGTCTCGATTTCCGCATCAGGGATATAAGGGGGGTTGCTGGCGATCAGATCAAACTGTGCCCCTGCCGGGATTTGAGCGAAACAGTCGCTTTTCAGAAACTGGATCCGCTCCCGCAGTCCATTTGTCTCCGCGTTCTTCTGTGCAATGGACAATGCTGCCTCACTAATATCGGTCGCCAGGAATGAGGCATTGGGGCAGTTGGAGGCAGCCGCAATTGCCACACAGCCACTCCCCGTACATAAATCAAGAATCTGAGGGGCCGTCAGCTTCTGTGCTTCCTCGACCAGTTCCATCACCAGCGTTTCGGTATCCGGACGCGGAATCAGCACATTCTGATCTACGAAAAAATCCAGCCCGAAGAACTCTCGTTTGCCGACCAAATAGGCCACCGGTTCTGCATTGGACCGACGCTGCACCAGCGAACGCATCGTCGCGCGTTGCTGTTCGGTAACCACATCCTCATAGTTAGTATAAAGGCGAATCCGCTCACAGTTCCGCGAGTATGCGAGCAGGACCTCTGCATCCAGACGGGGCGAATCGCTGCCATGTTTCGCCAAGTGGGCCGTCGTCCAGTCCAGAATCCGACGCACGGTCCACGGTTCAGCTGACGCATTCGAACCGCTTTCCGGAGTTGAGGAATTTTCTTTCACGTCACGATCCATCAAACTGACAGTCAGCCGAAGGCTGACTGCAGCCACGCTTTAATTTTTGTTGGCGCTATCACCCAGCAGACGCTCTTCGCGATCAAACTGCAACAGGGCATCGATCAGTTCATCGAGGGCACCCTGCATGATCTGGTCCAGTTTATACAGCGAAAGGTTAATCCGGTGATCGGTCACACGCCCTTGAGGAAAATTATAGGTCCGGATCCGCTGACTACGGTCCCCTGAACCAATCAGCGTCCGTCGCTGATCCGCTCGCTCTTCCGCGGCTTTCTGTTGCATCTGCTCCAGCACACGACTGCGGAGCACGCGCATCGCTTTGGCTTTGTTTTTATGCTGACTTTTTTCATCCTGGCACTGCACGACGGTGCCTGTCGGTAAGTGCGTGATTCGGACGGCACTTTCGGTCTTATTAACCTTCTGCCCTCCCGGGCCACTGGCATGAAACGTATCCAGGCGAATGTCATCCGGCTTGATTTCCACTTCGACTTCGCTGGCCTCCGGCAGTACCGCCACAGTCGCAGCGCTGGTGTGGACGCGGCCCTGTGTTTCGGTTTCAGGAACCCGCTGCACCCGATGGCCGCCACTCTCAAACTGCAGCCGATGGTAAGCCCCTTCACCTGAGATCGAGAAGGTCACTTCCTTGATACCCCCCAGCTCGGTCGCACTCATATCGAGTACTTCAGTCTTCCAGCCTTTCTGGGCTTCGACGTAGTGCTGGTACATTTGAAACAGTTCGCTGGCAAACAGGGCGGCTTCATCGCCACCGGCTCCCGCTCGGATTTCCATGATCAAACCACCACGGGTAATGGAATCTCCGGCGACGACCAGATCTTCCAGTTCCTTCGTATGCTTCTCATGTTCTTCGCACAGCTGATCGAGTTCTTTCTGTGCGTACGCTTTCGCGTCCGGGTCGGTTTCTTCTTCCAGCATTTCCCGGGCGACTTCGATGTCCTCTTCACGGGTGTTAAAGGCACGAACTTCCAGGGCGACTTTCGCCAGTCCGCCGTACTCACGCTGAATTTCAACCAGCTTAGCGTTGTTTGTCAGTACCTCTGGATCCTGTAGCTGTTTTTCCAGCTCTTCGTAACGTTCCAGTTTGGCCTGTAGAGTGGGAAACTTCATTTACCCGAGTCCACGAATAAGTCCGTCTGATATTGATTCCCCGGGTCATCCGTTTGACCGCGGAAAGTGGAATGAATCAGATCTGAGAAAGAAAAGAAACAACCATGTATTAAACGAGGCTCATACGGATTTTCCGCAGAGCCTCATTTCGATTTCGATGGTTCAGGCCGCTACTCGGCTTCTTTCTTGTCTTCCCCTTCGGCTGCGTTGCGTTTGTCCCAGTTGTATTTCTTCTGGAACTTCTCCACACGACCGGCACTGTCGACGAACTTCATCTTACCGGTGTAGTAAGGGTGTGACTTGGAACTGATTTCAACTGAGACCAGCGGGTAAGTGTTGCCATCTTCCCATTCGATGGTGGACTTCGAGGTCGCAGTGGACTGAATCAGAAATGAATCACCTGTCGAAGTATCCTTAAATACGACCGGGTGATAATCGGGATGAATGTCTTTTTTCATTTTACTCGACTTCTTTGTTACCTAATAACCTGTTCAATCTGACGGACTGTCTGCTGGCAATCCGACATCGGGGGACGTTGAATCCACAATGTTCCCGGCATGCCTCTAACCTTATAAGCCTGATGCATGCCCGCGTTTTGTTTCACAAGCCTGCTCCAACAGAGTTCACGTCTGCAGGCTCGGATTCCTAAAATCTGGAAACAAAACGGCTTATAGAATTCTCGCTTTACGAAACAACACAGTTTACGTTCCGCCTGTCCAATGAGCAAGCGCAAAGGCACTCCTGCCCAATTTCACTTAAAGTATTAAGTAACATACAGATACACCATTTGTGTCCCGCATGATGTCTCGCATTTCGGGCATTTTTTCAGATTTTTACGGACTGAGTCGATCCTACCCGGACAATCCATCTCAAATCCAGAGAGATCCAGCAGACAATCGCAGAAAACAGCGCCAACAGCTTGGCCAACGATTTCATTTCAGAACAACTCTCTATCTGTTTTGAAATTCAAATGTTAAGTAACTTGGCCTCCTGCAGTCGACCGTTTAGAGTTAAAGAGGTCCGGAGCAACAGCTGCTCCTTCTCATTTCTCCTGCAGGAACACCAAAGATGACACAGGCGTTGAACTGGAACAGTCAGAATCTGACT
CP036317.1_gap103	4696384	4698854	2470	GCCCGGACGGTCATGGAGGCATGCTGGCGGCTCTCAAGAATTCCGGTATGTTCGATGAGATGCGTAAACAGGGAATCGACACGCTCTACTATCATCAGGTCGACAATCCGACTGCGATCGTCTGTGACCCGGAATTCCTGGGCTATCATCTGAAGCGGAATGCCGAAGTCTCCGTCAAAGTGGTCTCCAAACGCTCTGCAGATGAAAAGATGGGAGTTGTCTGCGATGTGGACCAGAAAACCCAGATCATTGAATATAGTGACCTGCCAACTCATATTGCAGAACAGACCGATGAACAGGGTCAACTGCTGCACTGGGCAGGCAGCACCGCCATCCACGTGTTTAACAGGGACTTCCTGGAGCAGATTGCCGATAATGACGATCAGTTTCCATTCCACCGGGCAAATAAAAAAGTGCCGCATCTCGATGCATCCGGATCTCAGGTGACCCCTGAAACGCCGAATGCGATCAAATTTGAACGCTTCATTTTCGATGTGCTGCCGGTCGCAGATACCGTTCTGGTCTATGAAATCGATCGCGAACGCGAATTCAACCCGCTGAAAAATGCGGAAGGACAGGACTCGCCTGCGACCGTTCAGGCTGCTCTGATGCGGATTGCCTCTGAATGGCTCTCGGCCTGTGGTGTCGAGGTTCCCGCAGACTGCCCCGTGGAAATCAGTCCGCTGCTGGCACTGGATGCAGAAGAGTTGAAATCCAGGGTCCCATCCGACTTGACGATTTCCGGTCCCCTCTATCTTGGAGAATAACAGGCCGGCGATGCCCTCACCTGTCCCTGACTTTCATTGGGAGAAACAATAATGCTGCACACGGTGGTCATGGCGGGGGGCAGTGGTACGCGGTTCTGGCCTCAAAGCCGAACAGCGATGCCCAAACAGCTACTCAAACTGGTCGGCGAAGAGACCATGATTCAGGAAACGGTAACCCGTTGCCGCCCGCTTTCGGAAGCTGACCAGACCTGGATCGCCACCAACGCGACGCTGGCACCGGAAATCCAGCGACAGCTTCCCCAATTGAACCCGGAGCACATTCTGGTTGAACCGGGGCCTCGTAATACCGCCCCCTGCATCGGCCTGGCTGCCATTCACCTGCTGCAGCAGGATCCTGACGCAACCATGCTGGTTGTCTCTTCAGACCATGTGATCCGTCCCGCATCTGGATTCCAGCAGACCGTCCGGCACGCCGTGAACCTGATCGATTCGGATCCGGAAACGCTGGTATTGATCGGGGTGCCTCCGAATGCTCCCGCGACCGGGTATGGTTACATTCAGACCGGCGCGCAGATTTGTCCAGAAGCCGGCCCGGGCATGAAAGTGGCTGCCTTCAAAGAAAAACCGGACCTGGAAACCGCACAGCAGTATCTCGACAGCGGCGAATATCTCTGGAACTGCGGCATCTTTGTGTGGAAAGCCCAGACGCTTCTGCAGGCTCTGAAAAAATACGAGTCGGAAATGCATGCAGCTTTAAATCGAATTGCGTCCTCGATCGGGACTCCAGAATATGAAACGGTACTGGCAGAAGAATTTGCTTCGATGAAATCGATTTCAATCGACTATGCAGTACTGGAACATTCCAGGGAATCTCTGGCAGTGATCCCGGCTGAGTTTGAATGGGACGATGTTGGCAACTGGAGCACACTGCAGAAATATTTCCCCACCGATGAGAACGGAAATACCGTGGTGGGGCTGCATTGCGGGATCGAAACTTCAGACTGTATCATTCGTACGACTGACGATCATCTGGTAGCGACTTTCGGCGTCAGTCATTGCCTGATTGTGCATACGCCGGATGCCACGCTGATTGCCCCCCGGGATGATGAAGCGGCTATCAAAGATCTGGTGAATGCATTGAAAGAGCAGGGCTATGAACGATACCTCTGAAATCAGTGGGCCATGCAAAGCCGATTTTCCGACGGAAGGTCGACTCCTGGGGCTGGACTACGGTACGAAACGGGTTGGCATCGCGATCTCGACTGCAGAACAGAACATCGCCAGCCCGCTTGATAATTACACGCGTCAGACTTCTGAACAGGACCAGAAGCACCTGCAGAAAATCATCACAGAATATCAGTGCCGGGGGCTCGTGGTCGGGCTTCCCGTACACATGAGTGGCGACGAAGGTCAGAAAGCGAAAGAAGCCCGCCGCTTTGGCGACTGGATCAGTCAGTTTGCTGGGATCCCGGTACGCTACTGGGACGAACGTTATTCCTCTGCCACCGCTGAAGAATTCCTGATGAATCTGAATATCAGCAGGAATAAACGGAAAGCCTATCTGGATAAGCTGGCCGCCCAGATCATCCTGCAATCGTTTCTGGACAGTCCCAACCGTGACCAAAAACCGGAATCTTTTTGAACCGATTCCGTCCCCGTTCCCGTATAATAGATGAAAACGCTTTGCTTACTGAACTATGTCAGATTAGAAACACGAACGGACATTGATGAAACAACATCCT
CP036317.1_gap104	4754557	4758914	4357	AAGTGCTGGCTGCGGACGTTCGCTTTATTGAAGGCGACTATATCAGCATCGACCAGGCCGCCCTCACCGGCGAATCACTGCCCGTCAGCAAGAAAGTCGGCGACAGCGGCTATTCGGGAAGCATCGCCAAAAAAGGAGAAATGACCGCTGTCGTCATTGGCACAGGCAACAATACCTTTTTCGGTCGCACCGCCAGTCTCGTCGCGGCTGCCGGAGCCGGCGCGTCCCATTCCCAGAAAGCAGTCAGCCAGATTGGCGACTTCCTGATCTTCCTCTCCATGTCACTGGCCTTTGTGCTGATGGGAGTCGAATTCTATCGTCAGGTCGTCCTCCGGGATGACTGGCACCTCGAAGAACTGGTCAACATTCTACGCATGGTCCTGGTGCTGCTCATCGCTTCCATCCCGGTCGCCATGCCGACCGTCATCACCGTGACTAACGCCCTGGGCGCCCTGGCGCTGTCGCGTAAAAAAGCGATCGTCTCCCGTCTGGAAGCCATTGAAGAGCTGGCCGGCGTCGATATCCTCTGTTCCGACAAAACCGGGACACTGACCAAAAACCAGTTGAGCCTGGGTGAGCCGATTCTGTTTGATACCAACGATGCCCAGGAACTGATCCGCGGCGGTGCCCTGGCTTCCAAACGAGACGACGACGATCCCATCGACGAGGCGGTCATCGCCGGTCTGAAACAGCCTGACGTCCTCGATCAGTATCAGCTCCAGAAGTTCGTCCCCTTCGATCCGGTCAGCAAACGTACGGAAGCCACCGTAGTCGACGCTCAGGGCACCACCTGGAAATTCACCAAGGGCGCGCCCCAGGTGATTCTCGAATTGTCTCACCTGGATCCGGAAACACAGAAACGCGGCGAACAGTCGGTCCTCGACCTCGCCTCCCGCGGCATGCGGGCCCTGGGCGTCGCCCAGTCGTCAGACGACGGAAACAACTGGAAGTTTCTGGGCATCCTCTCGCTGATGGATCCCCCGCGCGACGATTCAAAAGAGACCATCCAGCGTGCCAAAGATCATGGCTTGGGCGTAAAAATGATTACCGGCGACGACGTGGCGATCGGGAACGAAATCTCCGGTCAACTGGGCATGGGCAACCATCTGCAGGCCGCCTCGGATCTGTTTACCAAAGAGATGGACATGAGCCATCTGCCCGAGTCGATCACCGCCTGTGTGGAACGGGCCGACGGCTTCGGCCGGGTCTTTCCCGAACACAAGTACGGCATCGTCAAAGCCCTGCAGGACCGGGGACATGTCGTCGCGATGACCGGCGACGGGGTCAACGATGCCCCCGCCCTCAAACAGGCGGACTGCGGTGTGGCCGTCAGTGGCGCCACCGATGCCGCCCGGGCCGCCGCCGACCTGATCCTGACCGAGCCCGGTCTCTCCACGATTGTCGACGCCATCGACGAAGCGCGAAAGATCTTCGAACGCATCATCAACTATGTGCTGTTCCGGGTCACCATGACGCTCGACATCATGTTCGTCGTTGTCCTCTCGACGATCATCTTCGGCTTCTCACCCTTAACCCCCGTGATGATCGTCTTTCTGGCACTGATGGATGATGTTCCCATCATGACCATCGCCTATGATAATACGTTGCTCCCTCCCAAGCCGGTTCGCTGGAACATGCGCCGGCTGTTGTTGATTTCCAGTTTCATGGGGTTGCTCTCCATCGTACAGACCTTTGGACTACTGCTCATCGGCGAAGAATGGATGGGCAATCACGACTGGCTCTCCTGGATTCATGTCACACGCGATCATCTGCAGACAGTCACCTTCCTGCAGATCGTGGCCGGCGGTCACCTGCTGCTGTTTGTCATGCGGTCCCGCGGTCCGTTCTTTATGCCTCCCTGGCCGGCACTCCCCCTGTTCTCAGCCATCGTCGGCACGCAGATCCTGGCTGTGCTGATGTGCGGGTTCGGGTGGTTTGTCACTCCCATTCACTGGAAACTGATCGGCCTGGTCTGGCTTTACATGCTGGCCTGGATGGTCGTGCTCGACCTGGTCAAACAGGTCATTTATCACAAGATCTCAAATCACGATAACGGCCGCCCCCCCTGGTACCGGACATTTTTGAAGAGCCGCAGCACGGGCAGAAAATAAGCAACCTGAATCGAAACCGGATGAGTTTCTGTTATCCCGAGGAACTTGAATCATGCATTACTTTAAAAAATTCCATGTCGAACCGGGCAGCAAAGTCGACCTCTCAACCATCGATGCCAGTTTCAAGGATCACCATGAATCCCATCAGCACGCGCTGCCGGAAATCGAAACGTATCGTCAGAAACTCGCAGATCTGCAGTACCTGATGTATGCCGAAAACAAACGTTCGCTGCTGATCTGCCTGCAGGGACGCGATGCCGCGGGCAAGGATGGCACCATTAAACACGTCCTGGGCGCCATGAACCCGCAGGGCTGCACGGTGACTGGCTTCAAAGTCCCCACCAAAGAAGAAGCCGCCCATGATTTCCTGTGGCGTTACCACCGGGCCACTCCCGAGAAAGGCCAGGTGGCGATCTTCAACCGCTCGCATTACGAAGACGTCCTGGTCGTCCGCGTGCACAATCTGGTGCCGCAGGAAGTCTGGGAACAGCGCTACGCACACATCAATCATTTCGAACAGCAGCTGGCAGACAGCGGTACGCACATCCTTAAGTTCTATCTACACATCGATCCGGAAGAACAGCTCGCCCGGTTCAAGCAGCGGATCGACGATCCGGCCCGCCACTGGAAAATCAGCGACAACGACTACGCCGAACGCCCCCTCTGGGACGAATATACCACAGCCTTCGAAGCGGCCCTCAGTCAATGCAGCACGCCGCACGCCCCCTGGTTCATCATTCCCTCCAACCACAAATGGTTCCGCAATCTGGCCATCTCTCGTATCGTGATAGAAACCCTGGAAGCCCTGAACATGAAATTCCCGGAACCCACCGTCGACATCAACGAGATCAAACAGAAGTATCACCAGATCGTCGAAAAGGAACACGAAGAGTCAGCACCACAGTAGCCTCGCGTTCGACAGCGAAAATCCAGACCTCTACAGAACTCCCGTAAGTCAGAGTTGACGCTCCCCCACAGCCGACACACAATAAAGACTGACAAGTCTGTTTCTCTGCTGGTATCAGCGCGCTCACGCGAAGGACAACCCGATTACAATGCTCCGATTCTCAATTGATTCATTGATCAGACGCAGCTGCCGTTCTGCAGCGTCACTCCTGGCACTTTTTTGTCTGACACTGATTTCTACCAGTGTCTGTTATGCCGAACGTCCCAATATCATCCTGATCATGGCCGACGACCTCGGTTTTTCCGATCTCGGCTGTTACGGTTCCGAAATCAAAACGCCCCATCTCGACCAGCTGGCGCAAGAAGGCCTGCGGTTTAAACGGTTCTACAACGCGGGCCGCTGCTGTCCCACCCGGGCCTCACTCTCGACTGGTCTCTATCCGCATCAGGCAGGCATGGGCTGGATGACCCGCAACGACAACCTCCCCGGCTATCAGGGAGAACTGGGGAAGAATTGTGTCACGATCGCCGAAGTCCTCTCCTCCGCTGACTACCGCTGTTATCACGTCGGCAAATGGCATCTGACTTACCGCATGCGCCAGGCCAACGAAAACTGGCCCCTCGGTCGAGGCTTTGACCGCGCCTATGGAACCGGAGGGGGAGGCAATTATTTCGCACCACGTCCCCTCTACGAAGACAATCAGCTGATCAAACCACCCAAAGAAGGTTATTACATCACCGATGCGTTCAGCAACAAAGCGGTCGAATTTCTGAAAGATCACAATCAGCAGCACAAACAGCAACCCTTTTTCATGTACCTCGCTTATACGGCGCCGCATTTCCCGCTGCACGCCCTGCCGGAAGACATCGCCCGGTATAAAGGTCACTACCGTAGCGGCTGGGATGCACTCCGCAAACAGCGGCATCAGAGCATGCAGAAACTGGGCCTGATCAACTGCCCGCTCTCCCCCCGCGATCCGGATGCCAAAGCCTGGGACAGTCTTTCTGAAAAAGAACAGCAGGAATGGGACCTGCGAATGTCGGTCTACGCAGCCATGGTCACCTGCATGGATCGCGGCATCGGCCAGGTCCTGGAACAGATCGAACAGATGGGCCAGACAAACAATACGCTGGTGCTGTTCCTCTCCGATAATGGTGCCAGTGCCGAATACATCGATCGGGGTCATCAGCCCGGCGCCATCACCGGCACCCGCGAATCCTTCCGCTGTGCCGAGGTGGGCTGGGCCAACAGCAGCAACACTCCGTTCCGTTTCCATAAAATGTGGGTCCATGAGGGAGGCATCTCCACGCCTCTCATCGCCCGCTGGCCCAACCAGATC
CP036317.1_gap105	4958015	4961970	3955	TCCCCCCGGCACCGATCACCCCCACCACTTCATATGTGCCCAGGCGTCCCAGCATTCGCTCATCGTCTGACGGTGCCAGCAGATTCAAGATCGAAGCCTGCGAGAAAGACGCTGCCGGGCCTGTCGCTAAATCCCAAACACATTCCTCCGCCAGCAGTTCATCCAATAACCGCGTCTCATCCTGTAGAGAATCTCGTATCGAAGACCAGATCTCTTCGCTGGCTGCCGCTGTTTCCAGTTGCGTGCGACAATCGCTGCAGTCATCCAGGTGCCGCTCAAAATCGGCCTGTTCACTGTCACTCAGTTTCTGTTGTAGAAACAGCTCAATTGAATTCGGGTTACACGCCGTCAGTTTATGATGCATTTTGTTACCTCCTGACAACTGATACACACCGATCTGTTTATTCTGACAGTCGCCAGATCAGGAATCCTGTTCATACTGTTGTACCTTCTCCTGAATTCTGCGAATCACGCGGCTGCGGGCAGCATAGATCGCGCCCCGGCTTTTTCCGTACTCTCTGGCAACGTCTTCAATTTCATGTTCTTCGACAGCCGTCTGCCAGAACAGGTCCCAGGTCTCCTGCTGAAATTCCTGCCGCACCTGCCGGGCCGCCCAGCGGAAGACTTCACGCCGATACTCCAGGCGGAGCAGGCTCGAATCAGCGTCGTTCTGTGACTCCTGTTGATTCAGCAACTCCCGCAGTGCCGAGTCCCCCGATCCTCGATCCGGTTTGCCGCGGATGAGTGCATTCAGGATGGCGTTGTGTGCGACACTATGCAGCCAGGTTCGGAACTTCGCCCGTCCATGATCATGGGGCCGCTGTTCCACGGCTCTGGCAACCGCAACCAAAACCAGTTGGGCAACATCGTCGGCATCCGCCGCCTGCATCCCTTTTTGTCTGGCCAGCCGCAGAATGACGGGCCGATAGATTTCGACGAATTCGTGCCAGGCCGTTTGATCTGCGGGATCGCGGACGCGGATCAGTAAACTGGCTCGTGTTTCGGGAATCGGGGTCGTAAGACAGTACTTTCTTTACTACTTTATACACGGCACAAACCCGCATCTGACAGCCTGATCAGAAATCTAATAGAAAAAGCGCAAAGAAACCCGAAATCATGTTCTGACTGCACTTTACGGGCAATCCAAGTCGCTTCAGGAACGGGCGTTGTCTGAGACAGAATTCTCTGTCACCGTCGCGGAACAGCAGCAGGCTGCGTGCAGGATCATACGACCATAGCCATAGAGAATGGCCGTCCGAGTGAGTGCCGCAACGCCCCATAATGCCAGACGAATGGGGAACAGCGCGGGCGAGGCAGACAGACTACGCTGGTCTGCATACCGGGCTGCGGAAGCGGACGTCAATTTCAATGCTCGATCTAATGTCGCATGAGACGTCATCAACCCCGGCAGTCCTGCGTCTGCATCCTGCTGATAGTCGATCACATCGTCAATCACCTGACAAAGCATGACAATGCGGTATAACAGTTCGAGATCTGCTGTCTGGTTTGTGGCTTCGATACCCTCTTCAACCGTCATTTCTTCCAGAGACGCTGCCGCCAGCATGCCCAGCGACAGTCGCACGACCGCTTCCCGGTAGAGTTGAGCCCGGTAATGCATCCGATCGTCACCGCCAGCCGCTGGACGTTGTTTTTCCAACTCTCTTAATCGATGGAGGTATGCTCGCACGACAAGGTCGGTATCTTTGGCTTTCAATTGACGCCGTGTCATTTGATATTTCTCGAAGGAAAATTGTTTCCCGTCAAAATAATCATTCGCATACGATCCGAAATCCAGCAGTGCCGCCAGCTCCCGGATCTTTTGCACAGAGAGTCGCCGCGAGGTCCGCAGGATGTGAACCGTATCGAAGGCCATCAGGCACAGAACGCGCAGCGGAGTCCCCGGACGGCGAGAGAAAAACAGAGGGATCCCCCGCAAAAAACTGATCAGGGCAATCCGACTTGCGGCGAGTCGACCAGGCACAGATTCTGTTCTTTGAGAATGACGATCCAGCGTTCTCACCAGGGACATTGTTTCACTCCTCATTCAGATCAGACGTAACACAGCACCACTTCACGCGGACAGCGCCAGCGAATGGGTACCAGATCACTGACACCACGACTGACGACCAGACGCGTTTTACCAGCCTGGTGGCTCAGATAGTTGTACGGATAAAAGACCGCTCCCGGAAACAGACGGTCTCGATATTCGAACGCCACAAACTGACAACCATGCAGGTGACCGGCCAGGACAAGATCATAGCCGGCGTGGCGGGACGTCTTCCAGATTCGCGGGTTGTGGGCACAGAGCACCCGCACGTCACCGGCAGGCTGCTGTATCGTCTCGGGTCCGCATACAGAGATCACACGTGAACCATATTGAAGATCAACGCAGGTCTGGTGAATCCACGTACCGCCCCCCCGCTCTATTGCAGCGGATACCAGGCTGGTGCCGACCTGACTGTCGTGATTGCCTCCGATCGCCAGGACTGGTCCGTAATTGGAAAGTTGTATCACCAGCGAATGCAAGCGCTCCAGTTCCGAGAAATGATCAACCAGATCGCCGCCGAGAAGAATTGCGTGCGGATCGCAACGACTTACGGCTGCGCGAATCTGTGATATGATCTGGGAAGTTCTACCTTTGCGCAAATGGATATCGCTTACATAGACCAGGCGACAGGCTGCGGGAGAGGACGCAAGTCGTTCTTCTCGAATTTCGAGCGGAGCCTGGGAGCCTATTTCGAGTAGACCGGCGAGCAAATTCTCTTCTCCTGACGGGAGGGAGCGTATGGGTCGACAAACTGAGATGGGAATCTATCTGAATTCAAAGTACCCCCGCTGATCGAGCAAGTCAAGTTTTGGAAGAAGCCAGCAGCCGCTGTCCGATGACATAGCCGGCGAGACTGGCCAGAAGCCCTGTCAGTTCAGGGGGAATCGATAACAGCGAAGCGATCAATGAATCCTGCTCAGAGCTCATTAGCGCTGCAGCGATCTGGTGGCCCATCCAGAACAGACCGCCACAACCGATGGAAAGAAGTCCCGGTAATTCGCCACGGGGCTTCAGGAAAACTCCTGCGATGAAGGGCACCAGCAGCGCCACCAGTCCCACCGCCAGAGCACTTTCGAGCAGTTCCAGGATGGCTTCGGTGACCAGCGCCAGGGGCAGACTGGCCAGGGCGACAATTCCCACACTCAGGCGGCTGGTCAACAGACGCCGCTCGTCGAACCAGTGGAGGCGATGCAGCAGGTTATGCGAGAGTAACGCGGCGGGTGATAGCATGGCGCTGGTACAGGTGGAAACGACGATCGCCAGCAGTGTCACCACCAGTAGACAGATGCCGACGGGAGAGAGCAGATGTTCGGCCAGCGCCAGAATCACCTGCCCCTCGCTTCCCTGGGGCAGTTCATCCGGCCAGAGTTGACGCGAGGCCAGACCCAGCCCGACGGGCAACAGACCAAAAAGAATATAGACACCGCCTGCCAGAATACAGGCACGGGAGGCCACCGCTCCACTGCGACTGGCGAAGATTCGCTGCATCAGATCCTGTCCGGGCAGGTTTCCCAGGATGCCGTTGATCCAGGTCGTCGACCAGCCGAGCAAAGCCAGCAATCCTGCTTCGGGAAGCAGTGTTCTCAGCTCAGGTGGTGTCTGCTGCCAGGTGGCTTCAATTCCCACAGCCACCGAGCCGTCACCTGCCGCCGTCGCAAAATTGATTCCCAGAATAACCAGGCTGATCAAGACCACACAGATTTGTACGGTATCGGTCAAAGTCACCGACCACATACCGCCGATCATGGTCAGGAAAGTGACGAACAGTGCTGAGATAAGAATCGACGTAAAATGGTCGATGCCGAAGAAATGCTTCAGGATGGCAGCCAGTGCCAGGTACTGCGCCGCGATCCAGGGAAGATAGCCCAGGGCCTGCACGATGCTGGAGACCAACTCTGTTTTTGGACC
CP036317.1_gap106	4991082	4994496	3414	TCATTGTTCCTCTTGAGCTCTGAATCCCTGCTGACTTTTCTTGTATTCGAACTATGATCCGGGATAATGCATGCCGGTCTTCATTCTCTGATTCTGTTATTTGAGTGTCTCTAATGCAACCAGCCTTGCAACCACTGGAAGATCCCGATCAGCTGAACCAGCTGGAGCTGGAAGCCCGCAGCCTGGGCCAACGCATGGTCGAGCGACTGCAGCAGGAATGGCGGGAGGGGACCAACCGTTTTGATCGAGATGGTGAAACCGTTCTGATCGCGGTGCAGAATGAACGCATCGTTGGCGTCTGCGGTCTGAATCGGGATCCGTACTGCTCAGGCGATGATACCGGCCGTGTGCGACGGCTGTATGTGTCTGCTGCTGTTCGTCGACAGGGTATCGGCCGCCTGCTGATAAAAGCGATTCAACAACGTTGTCAGGGTGTATTCACTCAACTTCGGCTGCGAACGCATTCTCCGGAAGCGGATGCTTTTTACCGGGCACTGGGATTCCGGCCTGTGGACGGTGATCCTGTTTGTACTCATGTCTGGCGGGTGATGTCGTAGAGATTGAAACTACTCTATTCTTAGATAAGTCTCACCAGGAGTATTTCATGAACCTGATCTTTCTCTGTAAGACTGCCTGGCACGGAAACCATGAATTCGCAAACAATTCTCTCCATCACCAATTCCTACTGGATTTCTGATCACACCTGATCTACGATAGAGCGAAGTCGGTCGACTTAAAGCCGGTGCCGAATTCTCCAGTACTGGCAGGCAATCATTTTTGACCTCTCTTCTCTGCGACTCGAAGAATCAGGAGGTGTTTCAGATGACGTTCCTCTCAGACAGTCATTTTTGCAACAGCGTTCAACTGAGAGCATTCAGACTTTGCCTGTTGTTGCTGGTCTGCAGCAGTTTTGCCTGCTCCGATCCCGGGAATGCGAATCCTCAGACCGCAGAGAATGTACCAGAGACGCCGGTCTCTCAGCCAGCCAAACCGGTTCCCGCTGAACCGGAATCAGCGTCAGCAACTCCCGTAGCGGAAGCACAGGAAAAGGCACCCGAGACGCCCGAGCCCGTTGCTGATAAACCACAGCAGCCTGTGAATGAAACTCCTGCTCCGTCTGCTTCAGCCAGTGTCGCGGCTGTCGATCCTCAAACGCAGCCGGCTACCCCCTTGAATGCGCCTTTCGATGAACAGACAGCGCACAAGGCACAAGCTGCGTGGGCCGCTTCACTGAATCGTGAGCCGCAGATCACCAACAGCCTGGGGATGCAGTTAACGCTGATTCCTCCCGGCGAATTTACAATGGGTTCTCCAACGACAGAAGCAGAACGTGATGATTTTGAATTCCCCCATCGGGTGAAGCTGACCAGACCATTCTATCTTGGCATCTACGAAGTGACCCAGGCAGAATATCGAACGCTGATGGGAGAAAATCCGAGCTGGTTCTCTGCTACCGGAAAGGGGAAAGAGAAAGTCGCCGGCAAAAACACAGACCGCTTTCCTGTTGAATTCACGAACTGGGAAGACGCACAGAACTTCTGCCGGAAACTGTCCGCACGCGAAGGAAAGACGTATCGATTGCCTACCGAAGCAGAGTGGGAATATGCCTGCCGGGCAGGAACGACGAGTCCGTTTCATTATGGCATCTTCGACAACGGTCAGGCCGGTAATACGCATGGTGGTGCTCCCTATGGGACCGATCAGAAGGGACCGGCGCTGGGCCGCACGACCGAAGTCGGTTCCTATTCCCCCAACGCCTTTGGCCTCTACGACATGCATGGCAATGTCTTTGAGTGGTGCGCCGACTGGTTCCTGCCCCAACTTTATCGACAGCGTGCGGGTAAAATCACCGTCGACCCCCTGATCTCAAAGAGAACCCCACCCGCGAAGACACGCGTATTACGGGGCGGTTCGTGGACCAAAGGAAAAGGATTCCACTCACGGGCCGCACTGCGGCGGGGGAATCTGCCTGACTGGAAAGGACAGAACATCGGTTTCCGTGTAGTCCAGGAGATTTCCCCTGACACCAAGCCTGCTCCCGTCGTGAAATCCGAGCCAAAGCCTTCCCCTGCAAAGGACAAATCCGTTGCTGCGACCATGAAAGATCCCCGGGCGGGAGAACTGGTTTATATCCCGCCAGGCAAGTTTCTGATGGGCAGCCTGAAATCGGAACCGGGATCGTGGCCGATGGAACGCCCCCAGCATGAAGTCGAAATCAAGCAGGGATTTTATATCGGCAAGTACGAAGTCACCCACTCCGAATTCGTGGAGTTTTTCAAGAAGACTAAATACAAGACCGACGCCGAAAAGAGCGAAAAAGGGGGCGGAGGCTACATGGTGAGGCAGAAAGGGATTGTGAACTGGAATCGCCGGTTTTCCTGGAGAGACCCCGGTTTCACCCAGAAGAACAACTCTCCAGTGGTCAATATCTCCTGGAATGATGCGGTGGCTTACTGCGACTGGCTGACGAAACAGGATGGTCAATACCGCTTCCGTCTTCCGACCGAGGAAGAATGGGAATATTGTGCCCGGGCAGGCACAAAATCCGCTTACGTCTGGGGCGATAAACAGGAATCGATGGTGGGCAACGAAAATGCCTCTGATCAGTCTCTAGCAAATTTGTTGAACGCGGATTCATTTCATAAAGGCCGGTGCGGCAAATGGAACGACGGGATTCCCTTTACGGCTCCTGTGGGAACCTTTAAGCCCAATCCGTTCGGCCTGTATGACATGCTGGGAAATGTGAGCGAATGGTGCAGCGACGTCTATTTGGACAACAGCTATCAGCTCCCCAAAGACCGCATTCCCACCACGGGTAAAAAACGGGTGCTGCGCGGCGGCGCGTTTGATTACCTCCCCATGGACTGCCGGGTCGCCCGGCGACTCGGTGACTGGGTAAATGAACCACGTTGTGACCGCGGCTTCCGGGTCGTTCGCGAACTGGCCCCTCAATCTGGTAAGACGGAACTGGCAGAAGCGCCGCAGCGCCCCTTGCCTGGCAAGCCTCCCGCCAAGTCTCCTGCTCCCCTTCCTGTCAATCCACCAGTGACCCCTCCGGTCGTTCCGCAAAATCCGCCTCAGACGTTTCAGAAAGAGGTCATCCAGTTTGGCCGACTGGCCACGCCGGAACCTGTCACCTCGTTTACCGTCTCTGAGGATAACCGCTACCTGATCTGTTCCCACCAGGGTGCCAACCAGGTTTCAATCTGGGATGCGTTGACCCTCAAACTGGTCAAGATCCTGAGCACCCCCTCCCCCCGTTCTGTCCTCAGTCGCGGCCCCCTGCTCATGGTGGCCAACGATGGTGAGGGAACGGTGAGTGTCTTCTCAAGTAAAGACCAATGGGCGCAGACGAATCAGCTGGACGTGGAAAGACCGCACATTGTCTATCTGAGCGCTCCCCACGGAAGGCAT
CP036317.1_gap107	4997205	4997888	683	CTCCGGAAGTTCCTGTTGTCTGTCGCCAGCGAAAAACCGGTCGCCAGTAAAAACTGAGGAGATCTGATCGATGACTGCCAAACACGCTTTTCTGACCGTTTTGATCAGCATCGTCATATTCGCCCTGCTGGGTGCGGTGGGCAGCCAGTTGGTGCATGTTTTGTTCCCCAATTATTACAGGGCAGTCTTTCGCATTCCGGACAGTTCTCTGTCCAGTCCCGCTCAAGTGGGAATGCAACTGGGAATCACTCAGGGGGCAGGTCTGGGAGTCTTTCTGGCCCTGGGAATTCTGGGAATCACTGCCTGGCAGGCACGTGCTCAGACTTCTCCGAATATAGAGACAGCTGCCCCGACAGCTAGACAGGGCTTCTGGCATGGTAAGCTGATCTGGGCTCTGGTGACTCTGATGCTGGTGGTCTTCTGCAGCGCGGTCACTTTTGTTGCAGGAGGAATCATGGCTCAGCAGCAGCTCTACCTGAGGATGCGGGCAGAGAAACAGGAGATCCTGGCTCAAGTTCTGTCGGAAAACGACTATCCCGGTCTTAAATCGGAATTTTCCTCGGCAGCCCAGGTTTACCTGACGGGAACCGTAGCGAATGAGGAACAGTGGGAGCATTTACGCCAGCAGCTGGTGCAGGCCTGTGGTACCGAAGAAGCAGAGAAAATGATACGGCTGGTTGAAG
CP036317.1_gap108	4999661	5002955	3294	TGAACAGGAAATACGCGATCTGGTCAGCACCTGGCTGGAAGCGACCAAAGCCGGTGACACGGAAAGAGTGCTGGAACTGATGGCAGAGGATGTCGTCTTTCTGGTCGCGGGTGAGCCACCAATGGTTGGAAAAACCCCATACAAAGAAGCGGCGCAACCTCACCCCGATCAGCCGGTCCCAGACATTGACGGAATCAGTGAGATCCAGGAGATCAAGGTGCTGGGCGACTGGGCCTACATGTGGACGGAGATGGAAGTTAAGGTGACGCCGCCCGGCGGCCAAACCGTCAAGCGGGTCGGCCACACTCTTTCCATTCTGCATAAAGAGAACGGCAAATGGGTCATCGCCCGCGATGCCAACATGCTGGTACCGGTAACGGAGGGCTGACATCGAGAGTAGTTCTGAAGTAACCGCAGCTATTTTTCAGATGGGAACAGAGGCAAAAAAAGAACACCGACCGGATTATATCGCGCCAAAAACTCTTCCGGTCGGTGATCCGCTGATAAATTTCTGTTTACTCTGCACCAAGTGCCTTCATGATCTGCTCGATACGCTGATGCTGTTTGCGATCTCCTTGTAGCAGGATGACTTTATTTGAATCGATTTGCAGCTGCTCCGCGTGGTTGGAAGGCATGAGAATTTTGTGATTATCGTTATCAAACAGGGAATATTCTGAAATCTCCAGTTGAAACCGTCTGGCAATCCTGAATGCCTCAATCGTTTTGGCAAATGATTCTGCAGCCTCTTCCGTGTCGAAGAAATAACCTCTCAGAGAAGTTTCCACGCCCCAACTAACAAGCTGGGCATGGCTGATGCCGGGCTTATGGTAGGTTGCTGTTCCTGGTTTCGGCTTTTCCTGCGTTTCAGCTGCCTGTGCCCCCTGATCTGAGTTCTCAGACACTTTTGTTTGCGGGACAGTTTCATCTTTCAGCTGCTTTGGCTCTGCACCGGCACTGATGGGCAGCAGCGTCATGACCATCAGTCCGCAACTAACAGTGAGCAGACAAGCAGCAGGTGAGAGCGTAAATTTCACTCGGGAACGGGCAATCATTTCAATTCTCCTTTTAAAGGACTGGAACTCGCCAAACTGTGCCCCTGCGACAGTTAGTACAGATTCAGAATGAGACAGTGTATCGACAACAGACAACAGGGTTTTCGCATATGACTGACGGGTACTGGCTGAACGTTCTATCGCCAGTGCATCACAACAGGATTCCATGGCCATCAACATCTCACGTCGTGCGAACCAGGCAACCGGATTCCACCAGAACAGACTGGTAATCAGAAACGCCACTAAACTTACCAGATGGTCTCGACGTACCAGATGTGCCAGTTCGTGTGCCAGAACATGACGTAACTGCTCTTCACTGGCCACCTCTGAAAAAGTGCGAGGCAAGATGATGATTTTCCGGCGTGTTCCACTCCAGAGCATTGGCGAACAAGCTGCATCGATCACAACAAGTGCAGGCTTCTGCGTAAGATGAAAGTGAGCACAGAGCTGCTGCAGAACCTGTTCGGCTCTCTGTGAGCCTGCCTGAAAACGGGTTAGTAAGTTTCGCATACGGAAATGTTTTGCGATCAGTTTAATCCATAGAATCAAAGTCCCCAGGCAGCTGAAAACACTGAACAGAACCGCGGAATTCCACAACAGGCGAGTCTGAGTATTGTCTTCAATTATGTTTCCGGAAGTGGCTAAATCGTGTGCAACTCTGTCATCGTGAATAAAAAGACTCCCATAGAGTTCCGTTGCCACATTTTCCTGCTCTGGTGCACTCCATTCCATTCCCCGTGTTTCAGGGAGTATGGGAACAGTCATTAACGGTGGCGTGACCAACTTCAACAGCACCAGCAACCAGAGAATCTGCCTGAGTGCGGGACGATTTTGTAAGACAGGCAGCAACCCCACAACCCAGAGGAGCAGAGCCAGCACCGTTACCAGCAAGAGATTCCACAACAGGCAGTAAAGCAGAAGGGGCATGGGACTATTTTCCTAGTCTTTGATTTGTTTGATGATCTTTTCTATCTCTGCACGCTTCTTTTTGTCGAGATTCACCTGCTCTACCAGCGACAACAGCATCGGAGTCAGTGAGCCGCCGAAATGATGATCTGCCAGATGCTTCAACTGTCTACCGACATATTCCTGTCGAGAGATGGTGGCAGAAAACAGATGCGCAAAACCGGTCTTATCGACTGCTACCAGCCCTTTTTCCATCAGGCGATCCAGAAAGCTCTTCACCCCCCCGTGTAAGGAATGCTCATGTCGACCATACATTGCCACCACGATCTCTCGTACTGAGCTCCCTTCGGGGTGCTTCCAGAGAATTTCCAAAACTGTGCGTTCTGCGTCCGTAACATCAGAACCTTTCGAAGGGTTTTGCTTCTTTGACATGGGGTACTCCCTAAAACATTCTCATACATCCTGCATGAGATGTTAATGCATTTTGCATGAGATTCAAATACTATTTTCCAACATTTTTCCAGAAGCGAATTTAAGCGGTGGCCTGTGAACGGGATACGTTTTAGAAATTCATATCCCGTTCATGCATCACAGGCCGATTCAAGGCAGTTTCGGCTTGACCGGTTTCGTACTGCCTTCAGCCTCGACCGGGTACTGTGCATGATGAGCCTGCATGCTGTCGATCAGTGCCTGCATCATCTGTTTGAGTTTCTTTGGTTTGGATTCCGCCAGGTTGTGCTGCTCAAAGGGATCTTTCGCCAGGTTATACAACTGGTAATGAGAGCCTTCCGATTCTTCGGACGGGAAGTAGTGATAGATCACTTTCCAGTCGCCGTCCCGGTAAACCGTGAAATAGTTGCTGCGATGCGGCGAATGAGGATAATTCATCAGGAACGTTTGCGGACGTGAATGATCCTGTTCTCCCAGCAGCAGCTGATCCAGGGGGAGGCCATCCATGATATAGCCTTGGGGAGGCAGAATGCCTGTGATATCCAGAATGGTGGGGAAGATGTCATAGACCGCAGCCACCTGGGGCTGGATCGCATCGGCGGGGATAGGTAAATTCTGCTGATTCTCATTATCTGGGTTCGGTTTCGCCCAGGCCGCAATGAAGGGAACCCGCATGCCCCCTTCATAGTGTGCGCCTTTCTTTCCACGGAGAGGCGCTGCACAAGCCACGGCGTGCTGATGCCCCAGTGGTGCGTCAGAGCCGTTATCCCCCAGGAAAAAGATGAGTGTATTTTCCGCCACGCCCAGCTTCTCCAGCTGCTGCATGATATCGCCCAGTGATTTATCCATGCCTTCAATCAGCGTGGCGAAGGCCTGTGCATTCTTC
CP036317.1_gap109	5020525	5024509	3984	CATCACTGCAGGCCTGGCTGATGTCCAGCTTTTTCGGAATCTGAACATGGGCATTTTTCAGAATCGACATGGCTGCCTGATGCTTCTCTGCACACTCAGAAGGCCCAAAGAAGATGCGGTAGCCCTGCAGGTCTTTGGCTGTTTGAGCAGGATCCCCGGAAGGGACGACAATCAGTCCGGTCTGGGTCGTCTCCCCCTTCAGATCAGAGAGTCGGGCAACCGGGTGCACTTTCAGTTTCAATGCGTCTGCATCAGCGAGAATGACGGATTCTTTCCCGATAATGAGACAGGCCTGATCATTCCCGTTTTTGGGCAATACCTTGGCCAGTGCTTCTGAGAATTTAACTTCGACTTTTCGTCCCAGCTGTTGCTCAAGGTACTCGCCCAGCTTTTCATACTTGCGCTGGGCATATCCTTTCACACAGGGACACGAAAGGGGAGCTGCCAGCGGATCCATGACAATCAGCGTCAGGGATTGCGGGCTGTCAGTCTTGTCTGCTGTTTTTTCTTTTGCCCAGGCAGGTGAGCTACTGAAAGCCAGACAGCACATCAGACAGAACAGAGAATACGAGATCTGTTTTAAAGTCACTATTCACTCCTCATTCAGACAAGTGACAAGCGGGAATCCATATCACAAGAGAGTCGCTCAATGCATGCCGTTCTGGCTCAACTTTTTTTCTGAGAGGTCTCCGTCGTGGCTGTCGGTTTGCGGGCCATGACAATGATGTGATTGCGGGTGAGATCCATCATGTAGACTCGATCCCCATCGGGCGAGACCATGATCGACACATTTTTGCAACCGGGAACCAGTTTGACTTTGCCGACAAAGCCGAGGTATTTTCCGTCGGTGGAATAGCGTTTGATGTACCCCAGGTTTGATTCCGCAGTATAGACTTCCCCTTCTTTCCCGACAGCGACATTCATCGGATTACAACAGCTGCCGAAGCCTTCCACGCCATTGCGATCGCGTTTCCCCCAATGCTTGAGCAGCTTGCCGGTGCGGTCATAATGATTGACCCGGTGCCGGGAGTTTTCCGCGACGAAGATGCCGTCTTCACAACATTGGACATCCATCTGGCCACAACAACCGCGGAGTCCTGTGACGACCACACTCGGATTGCCGAAATCTTTATCCATCCGCCAGACATCGTATCCGTAGCCTTTGATGGCGGAGCAGGCGATGAAAATTTCTTTTTCGTTGGCTGACAGGGAGGAGACACGCATTTTTCGTTTGGACATCGCTGCCACCTGCGCATCAATCTGGGCGTCGGTCGGCTCTTTTTGCTTTTCCTCCGCTTTGGCCATCAGTTTGTACTGCTTGAGGATCCGTTCGTAGGAGACAATCCGTTTCTCGTCCTGCTCTGTCAGCTTTTTATCTTTGTCTTTGAGCTGTTTGATCATGTTTTCCAGACGGGGAATCATGCTGGAGACCGCGCTGGACCGGGACTTCATCTGTTGAACGACCTGCTCGCGGAGCTTCGCATTGCTGGCTTTAACCGCTTTGGCATGCGGGGCTTCTTTAGTGACAAGTATTTTGCCATGACTGTCCAGCTTGAGTAGTTTACCGCTGCCGGCGACGTAGACGGTTCCGTCTTCATCCACATTGATGGCCTCCGGTCCAATGGGGACTTTCCAGGTCTCCAGTAATTTTCCATCCGGATCAAAAACGCGAATTTCGCCGGGACCATCACCACAGGCAGCCAGCAATTGCCCCTCCCTGTCGAGACAGAACGAATTAATCCGCATGCCGGGCAGGAGTTTGCTGCCGACTTCAATGACAGCGATCTGCTCGTGAGTTCCCTCGGGAACTTTGACCGCTTCGGTCTTTTTATTGAGTCCCTCGATCAGAGGTGATGAGATTGCAGGTTGCTCCAGGGGGGCCACATTGGGCTTTGATTCCCGAATTTGAAGTTTGGGATCAGCAGAGTGAACTGAGGTGATCACAACCAGGGTAAAACCACATCCCAGAACGGCTGACCGCCACATCCAGAGAGAAGAATGAGTACCGTGCATCGCTGTCCTCCGATAGCGAAAGAGAATTGTTTCAGAGGCCGTCTTGCCATGTCCTGTTGCACGGCCCCACTTTAATACTGCTATTCAAAAGCGGTATTTTGCTATGTATGAATTCGTCTGCGACTCTTCGATCTTGAAATAACGGGACTGAATCTGTCCCGGATCAGAAAAATATATGTGAGAGAGAAAACTCCCTGATGATTTGACGGGCAACACAAATTATACATGCGTATAATATGACGATATTTGCGATAGTCAAACACTCTTCAGCTCTTTTTCTGAAACTGTCATCAACAATTCACAGGAACAGTTTCAGAGTAATGACTTAGAATATATGTGAATTCGATCATCTGAGAAAATTCTGCAATCTCAGCTCTTCTTAGACAGAATTCACGGCGTGCGATATTCAAGTTTCTGCAGAGAATGTCAAATTATCTTGAGAAATCTGCGATGCGGGAGGTTCGCGTCGAGTTTTGCCGGGCAGTGTCGCGTATAAAACTTCTGCCGATATCCCCGCGACCGTTATTTAGCCGGCTTCCCGTTCCGCCGGTCAAACTGAAACGGATTGGTTTTGTCCGGCGTCACGGTCACTTTCAGGGGCGGAGCGATGCCTCCCTGGTCTACCTGCACGCGTAAGATATTTTTGGCAGCATAGGGTCGATCATAAATCCAGACGTGTCCATCGCCGTGGATGTAGAGGATTGGCTTCTGGAACTTCAAGGCATCCTGGGTGAAGGGCTCGAAAAAGTCGTCGTGGTTTGGGGCCGGTTTCGCATGCCCCATCAGAACCAGACTGCTGACTTCCTTACCAAAGCGGCGTAGATTGTGGCGGACCCATGCCAGGTCATCCGCGTGACGGGCTTTCCATTCAGCAGCATCCTGGACGCGACCGCCGACGAGGTTTAAGCCGATGAACAGCACGTCCCCTTTCACAAACGAAAAGTTTTCTTCCCGTTCGAGCTGCCTGAAGACCGGCAGAGTATGCTGCCAGCGACGATCGAACCGCATGAAGTACTTTTTCCATAACTGCCAGGCCTGCTCCGGATTGCTGCAGTCGTTCCACTCGTTGTCACCGGGAATGATAAACACCGGCTGGAGGGACTTTCTGAGCATGCCAAACACTTTTTTGTAGACGGCCTCGTCGCAGGGAGTTTTGCCGGTCTTGATATCACCGAGATGCACGACAAACGCGGCATCTTCGGGAATCTCTGCAATCTGCTGTGGCAGCTGTTCATCTTCGGCCGGCTTGTAGGGAACATCTCCCATGACATAGAAGGTGACCGGCCCCGCGACCTGGTCATCGAGTTCCGGTTGTAGATCCTGTCCCAGGACGGGCGAACCGATCATTAACAGCAGCAGTAATCCCAGAAAAGGTATCTTAGATGACATTGGAGGTCTTCCTCAGTGGGGAGCGAATGAAAGTTGACGAGAGTTCCAAAGTAGCGTACCGCAGCCGAAAAGTCACCTCTGGCGCTTTGACAAAAAGCCTGCTTTATCGCGAGTGAATCATTTCTTTAACAAATCATAATATGCGGACACCTGATTGAGATCAGGGGGTTCGCTGCGGAGAGCGATATGGCCATCGGGGCGGATCAGGAACAGCGTGGGATCGATGACGCCCAGTTTGGCGTGCACGCTGCCTGTTTCATCGATCAACCAGCTGACCTGGGCAGAGGGAGTCTGCTCGAGTCTTTCCAGCGGTGTTGTGGAAATGAGAAAGCAGGTATCGCCAGGTTGCAGAACGGATTCGATCTCAGCGATATTCGGTGCATCTGTTTCCTCCGTGGCCAGCCAGAGGAGCAGATGACAGGTCGTGCGCATGAGTTCAAACAGCGTGAGTGTCTCGCCCGTTTCGGGATTATGAAGTGGTCCAGCTTCCGGTAGACAGTCGCCGGGTCGAGGACCGAGCCAGTTCTGTTGCGCGGTTGTCCCGTCGGCATGAAAGCTTCGGACCAGGGGGCTGTCCCGGTA
CP036317.1_gap110	5070411	5074561	4150	TCGTTGATCTGGGAACTGAGTTCACACTCTCCCTGGATGAAACAGGGAACGGGCAGGTGCAGGTCATTGATGGAGAAGTCGAACTGCACGCCACCGACCAGCAAAAAAGTAACACACCGCTGCAAAGCCTGAAAACCGGCGAAGGCGTGCGTTTCGATACCGAAGGAACGCTCAACCAGTTGCAGGAAGCGATTCGTCCGCTGATTGACCTGGAAGAACTGTCACAACTGGCGGCCCGGCAGCAGGAACAGCAGCTGTCACAGTGGCGTGAGCAGAACGCACAACTCAAAACCGATGCCAGCCTGCTGGCTTATTATGATTTTGAAGAACCATCCAACTGGGTCCGGACTCTGAAAAACAAGAGTCAGCAGCCACTCTCCTCGGCGACGGACGGGGCAATTGTCGGCTGCCAATGGACCTCCGGGCGCTGGCCCGATAAACGGGGGCTGGAATTCAAACGGACCAGCGACCGCGTGCGTCTGCAGATTCCGGGCGAATACCAGTCTCTGACGTTCATGGCCTGGGTCCGCATTGAAGGTTTTGATCGCTGGCTCAGTTCGCTGATGCTGACGGATGGCTTCAATCCCGGTAACCCGCACTGGCAGTTGAGCGACAAAGGAGAAATCATTCTGGGCGTGAACACAGGCGAGGTGAAGAACTTTTTCTCCCCCGTGGTCCTGCAGCCTGCGGATTTGGGCCGCTGGATTTTTCTGGTGACGGTTTACGATCATCAGAAGCGGGAAGTCGTGCACTATCTGGATGGCTCTCCCGTAAGCCGCCATAAAATAGAAAAGCCGGTCCCGCTGGTCATTGGACCTGCCGAGATTGGCAACTGGCGTCCGCAGAACCATTCGGGCGCACACAGCATTCGCAGCCTGAATGGCCGCCTCGATGAATTTGCCGTCTTCGGGCGTGCCCTTTCCGCAGACGAGATTTCCAGACTGTACCAGGCCGGAAAACCAAATTCCTGATTGATTTCCCGGCAACATTTTAGTGACATAGTTAAAGAGACCTGACACACCTGAACTTCATTCCCGACGAATCTTCAAGACGAAGAGGCCTTGATGCGAAACTTAACCATCGCGCTCATGTTGTTACTCACCAGCCTGTCCTCCAGCGTGCTGACTGCCGCGGAAAAGAAGCCGGTGCTCCCGGCTGACCATGCGAAACGGATGCAGCAGGGCCTGGAACTGTTCAAGAAAGATGTCCGCCCGCTGCTCGCAGCGAAGTGCCTGAAATGCCACGGCGGCCAGTCCGTCAAAGGGGATTTCGACCTGTCTACCCGCAAGAAGCTGCTCGACAGCGGTATGATTGAGAAGACTGGCAAAGAGAGCTATCTGATGGCGCTGGTCGAACACCACGAAGAACCTTATATGCCACTGAAGGAGAAAAAGCTCAGCGAGAAAGAGATCACCAGTCTGTCGAAATGGATCGACCTGGGAGCACCCTACGACAAGCCGCTGGCGACCGGAGACAAAGCGGAAAACGGCCCGCTCGCGGTGACCGACGACGATCGTCGGTTCTGGTCGTTTCAGCCGCTGAGTCAGACTGACATTCCCAAAGTGAAATCAAATGAATGGGCGCGCAATGAAATCGACCAATTCATCCTGACGAAACAGCAGGAAAAAGGACTGACACCGAATGCAGAAGTCAGCAAACGGACTTACATCCGCCGCGCTTATTTTGATCTGATCGGCCTGCCCCCCACTCCGGCTGAGATTGAAGAGTTTCTGGCCGACAAATCGCCCGACGCGTATGAAAAACTGATCGACCGGCTGCTGGCCAGCCCCCACTATGGGGAACGCTGGGCCCGGCACTGGCTGGACATTGCCCGGTTTGCGGAGAGTCACGGCTTCGAGCATGACTACGACCGCAACTACGCTTATCACTATCGCGATTTCGTGATCAAGGCCCTCAACCAGGATATGCCTTACGATCAGTTTGTCCGCTGGCAGCTGGCGGGCGATGAAATTGCCCCTGACAATCCGCTGGCACTGATGGCGACCGGCTTTCTCGGTGCGGGAGTGTTCCCGACCCAGATTACGGCAAACGAAGTCGAACGGACCCGCTATGACGCCCTGGACGACATGCTCAACACCACCGGCCTGGCGATGCTGGGCCTGAGCGTGGGCTGTGCCCGCTGCCACGATCACAAGTTTGATCCGATCCCCAGCAGCGATTATTACCGAATGCTCTCGACGTTCACGACCACGGTCCGGACGGAGATCGAAGTTGATCTCGATCCCGAAAAATATCAGCGGGAAAAAGCCGCCTTTGACAAGGCACATGCCCCGCTGGTCAAAGCATTACACGATTACGAAAGCAGTCAACTGAATCCGAAATTCGAACAGTGGCTCAAACAAGGGAAGGTCGATACCAGTCAACTCAATGATTGGATCGTGCCCGAGGTCACCAGCCACTCTTCCAAGGGGAAAGCCCGCTTTGAAAAACTCGAAGATGGCTCCATTCTGGTCAGCGGACCAAACATCAACCAGGATCATTTTACGTTCCGCCTGCGAACCAGCGTCAGTCCGCTGCGTTCGATTCGCCTGGAGACATTGACGCACCGCAGCCTGCCTCACCAGGGCCCCGGTCGCGCTGTAAACGGCAACTTCTCGCTGACCGCCTTTAAGGTCAAAGCCAAACAGGTCGGCGATAAAAAGGCCAAAAGTCAGGACATCAAACTGACGAACGCCCGCGCCACGCATGAACAGAACCAGACCACGCTCTCCGCAGCCAGTGCGATCGACGGCCAATACGGGTCCGGCTGGGCGGTTGACCTGGGAGGCATCGGAAAAGACCAGGCGATTGTCTTCGATCTCGAAAAACCACTGGAATTTGAAGGGGAAACCGAACTGACGATTACGATGTCGTTCACCAACAACGTGAATCACAGTATCGGGCATCCGCGGTTTTCGGTCACCAGTGCCAGTTCCCCGGCTGTGAAAACCGGCTCTGGCAGTCCCGAACAGCTGGCCCAGGCACTGCAACTTGTGCAGAAGGGGGAGCTGACGAAACTGGACGCCAGCCTGAAGCAGATTCTGAAGCGTTTTTACGAGGCTCAGGATCCCGAGTGGGTCGCGCTGTCCGGTAAAGTCGAGCAGCATCTGAAAACCGAGCCGCAGCCGGCCTTGACGAAAGTCATGATCTGCAGCGAAGGTCCCGACATCAAACCGGTAAGGCACCATACACAGGGGAAAGACTTTTTTGACGAGACTTATCACCTCACGCGAGGCGACACGGATCAGAAAGGAAAAGTAGCACAGCAGGGCTTTCTGCAGGTACTGATGCGAACTCCCAGGGAAGAACAGAAGTGGATCGAAGCCCCCCCCGAATCGGCAAGTACGTCTTACCGCCGGACCTCGCTGGCGAACTGGATGACAGACACGAAACAGGGCGCCGGATCATTACTGGCCCGGGTGATGGTCAACCGTCTCTGGCAGCACCACATGGGCGCGGGCATCGTCAGCACTCCGAACGACTTCGGTCTGCAGGGCGAACGTCCTACGCATCCGGAATTGCTGGACTTCCTGGCGAATCAGCTGGTCAAACACCAGTGGCACCTCAAGCCGTTGCATAAAGAGATCATGCTCAGCGCCACTTATCGGCAGTCGACCGACTTTGATGCAGACAAAGCAAAACTGGATCCGGAAAACAAACTCCACTGGCGGCGCACGCCTCAACGACTGGAAGGCGAAGCGATTCGCGATTCGATCCTCTACGTCGGTGATCGACTGGACACAACCATGTATGGCCCCGGTTCGCTCAAGACCGATAACCTGCGTCGCAGTATCTATTTCAAGATCAAACGCAGTCAGCTGATTCCCATGATGCAATTGTTTGACGCCCCGGAAGCGCTGGTCAGCATTGGTCAGCGGTCGAGCACCACGATTGCACCGCAGGCCCTGCTGTTCATGAATGCCGACTTCATTCGCGAGAGTGCGAAGTCCTTCGCCCAACGCGTGCAGAAGCTGCAGCCGGACTCATTGAAAGAGGCGGTCGCTGATGCCTACCAGATTGCCCTGGGACGCAAACCGACGGCCAGTGAAACCGCGATTTCGGTCGAGTTCATTAAACAGCATCAGCAGTCCTACGAAGCCGAACAGAAGCCGGAAGCGAAATTACTCGCACTCACCGATTTCACCCATGC
CP036317.1_gap111	5087497	5090898	3401	CAAGTTCGAATTCTTTGCCTTCCGGATCGGTACGGCAGATCCAGCCTCCCGGTGCCAGTTTGCCGGCAGCATGTCCGCGGGCATCCCACAGACGCGGCAAGAGCAGGTCTTCATTCCAGTTGCGAGGAACCAGTGATTTCTCGGGGTTGGGCAGATCGGTATGGTTTCCAGCGGCAATATATAGTGATTTTTTATCGGGAGAGAGAATGATTGCATGCGGGCCATGTTCGCCGGCCCCTTTGATTTCCCGCAGGAACTGGACGTCGTCAAACTGGTCATCGCCGTTGGTGTCTTTCAGACGATAGAGGCCGGAAGGACGTGTATTTCCGCCATTCACGACAGCATACAGACTGTCGAAAGCATAGAGCAGACCATGGGCCATCCCCATATCGACATTCAGTTTTTCCACCTTGGTGTCGTTGGTTTTCGCACCGATTTTCGAGGGTGTGACGCGATAGAGAGAACCATACTGGTCCGAGGCGATCAGTCGCCCCTTGGGATCGATGGTCATGCTGACCCAGGAACCCTGTGCATCAGTCGGAACCGAATAAAGCAGTTCGACTTTGTACCCTTTGAGTAACTTGATCTGATCGACGGGAGTGGCGCTCGCGGAGCGAGGCGGCTCCGTATCTTCCAGGGAGATCGACTCGATTTCAACCAGTCCCTTGCGGCTCGAGGGATCGATGCGGAGCCCTGTCATGGGAGAGTCGATATAAAAGACAAATATCAGGTCCTGCCAGTCTTTTTTATTGTTGCGTGTATCGAACCGTTCAGACTGCTGGTCAGAGTAAGAATTTTGCTTTTCCGTTTTCCAGTAAAGTTCGCCACGCAGTCGATAGGGAGCTCGCAGGCGGATTTTGATTTTTTTCCAACCGGCTGGTGATTTGAGCTCACGTCCGAAATGAGGATCTTTGCCGGTGCTGTTAACCTGCAGCAGATTATTTTTGACGCCCAGAGTACAGTCACTATAGGGTGTCCACCCATGGTCTTTCTGTTTGAAGGTCCAGATTTGCGAGGAACCTGAACCGCTGGAATCTTTGGCCAATCCGATGGCCTGAGAAACCAGCAAGACACTGGTGGCGATACACAATGTTTTGAGTGCTTGAATCACGTCGCTGCCCCTGTAATACAAAGTCAATTGAATAAAAGATGAAGTCGGATGGAAATGCGTCATCAAAAATCTGAGACGGACGATCTGAAATCGAACCATCTCAAAAATCTATCACACAGGAAGGTAAGACTGCAACTGGAAACAGAGGTTCCCGGCTTTGCTATCTCCCATGATAACAGCAGGTTGAAGCAATGAAAACCAGTCTGTATTCATTTTTATTTATTGATTTCCCTCGGGTATACTCGATATTTCTACGAAATCATTGCATCATATCATTGAGTGAATCATCATATTATCAGCAATTCATTCGACCTGATCTTACGCACAATAAATACAAGGAGCCTCACTTGATGACCTGTCGCGAACTGATTCGGAGTTACGGCCTTTATGTAACTATCTTAAGTATCTCTCTCTTTCTCTCCAGCTGCAATCAGCAAAATGGAAACGGAAATTCAACAGCTTCCGATTCCGGTTCCGGCGAGAAAAATGATGTCGCTTATGTGACTAATGGTATCGCTTCCTTCTGGGTCATCGCAGAAAAAGGGGCTGAAAAAGCGGGGGAAGATCTGGGAGTGAATGTGGAAGTTCGCATGCCTGCCCAGGGAGTCGCAGACCAGAAACGGATGGTTCAGGAACTGCTGGCACAAGGTATTGATGGGATCGCCATCAGTCCGATTGATCCCGACAACCAGAATGATCTGCTCCAGGAAATTGCTGATAACTCGATCCTCGTGACTCAGGATTCGGATGCTCCCGACAGTGCCCGCACCTGCTACATTGGTATGGACAATTACGAAGCAGGCCGGATGTGTGGGAAACTGGTCAAAGAAGCTCTGCCGGAAGGTGGAGAGATCATGTTGTTTGTCGGCCGCCTCGGACAGGCCAATGCCCGTCTGCGCCGACAGGGAGTCATCGATGAAGTCATGGACCGCTCTTCAGACAGCAGTCGTTATGACGAACCGGGTGAGGTCATCAAGAACGAGAAATATACGATTCTGGATACCCGTACTGACGATTTTGATTTTCCCCAGGCAAAAGCCAATGCACAGGATGCGATTGCCAAATATCCGAATCTCAAATGTATGGTCGGCCTGTTCGCCTACAACCCTCCGCTCTGCCTGGAGGCGGTTCGCGAAGCGGGCAAACTGGGCGACATCAAGATTGTCTCTTTCGATGAGGAAGGCCCCAGCCTGCAGGGCATCATTGACGGAACGGTTGTGGGAACTGTCGTGCAGAACCCGTATCAGTACGGTTATGAATCAGTACGGGTTCTGAATGCCCTGGCCAATGGTGACAAGTCAGTTGTCCCTGAAAACAAGATCATTCACATTCCGGCTCGCGTGATTAAAAAGGACAATGTGAAAGAATTCTGGGACGAACTGAAACGGTTGACTGGAGATTCTAAAGAGAAAAAACCGGTTGCTGAGGTTAAGCAAAAGCCAACCGAGACAGAGAAAGAAGCCAAGTCGGATGAATAGCATCCCTTCCGCTTCCACACCTCCCCTGCTGACAGTCCGCTCGATCTCGAAACAGTTTCCAGGGGTGAAAGCCCTGAATCAGGTCAGCCTGTCGCTGAATCAAGGTGAGGTCCTGGCTGTCATCGGGGAAAACGGGGCCGGTAAAAGCACGCTGATGAAGATCCTGGCCGGCGTACAGGCCCCCGATACGGGAAGCCTGTTGATTGATGGTCAGCCGGTCTCTTTTTCCAATGTAGAAGAAGCGCTCAATAGTGGCGTGGCCCTGATTCATCAGGAACTGAATCTGTGCGACAACCTGGATATCGCAGCGAATATCTTTTTAGGACGCGAGCCCCGGGACTGGGGAATCATCAATCAGAAAAAGACTTATGCCGAAGCGGAAAAGTTTCTGCATCAGGTTGGCCTGGATCTTTCTCCCCGCACACTGGTAAGCGAGTTAACGGTCGGACAGCAGCAGATGGTGGAGATCGCCAAGGCACTCTCCGTGAATGCCCGCATCCTGATCATGGATGAACCGACCTCATCCCTGTCGCTGCATGAGTCAGAGTCCTTATTTGCGGTCATCCGAGAGCTGAAGTCTCGTGGCGTCAGCATCATCTATATCTCGCATCGACTGGGTGAAGTGAATGAACTGGCCGACCGGGTTACCGTTTTGCGCGACGGAGAAAATGCGGGGCACCTGGATCGCGACTCGATCTCACACGACCAGATGGTGCAATTGATGGTCGGTCGGAACGTCTCTCAATTCTTCCCCCACACGCCCCATCAACCTGGCCCGGTTATCCTGGAAGTCAAAAACCTCTGCACGCCGG
CP036317.1_gap112	5164735	5166676	1941	CACCTGCGGGAACGGGGCATTACCGATCCCCGTGTGCTCCACGCCATGCGCAGCGTCCCCCGTGAAGAATTTGTCACTCCCGAAAACAGACGCTTCGCCTATAACGATTGTGCCCTCCCCATCGATTGCCAGCAGACCATCTCTCAGCCCTATACCGTCGCCTTTATGTGTCAGGCCGCTCAATTGACCGGCTCCGAAAAAGTGCTCGAAATTGGCTGCGGTTCCGGCTATGGCGCTGCTGTCCTCTCCCTCCTCGCCCGGGAAGTCCATACTGTCGAACGCATCCCGGAACTGGTGGAACAGGCCAGCGAAAAGCTGACCCGCCTCGGCTATGACAACGTCCACGTCTACACTGCCGATGGAACACTCGGCGTCCCCGCAGCGGCTCCTTTCGACGCCATCATTGTCACCGCAGGTGCACAGTCCCTCCCCCAGCCTTATGTGGATCAACTCAACGAAGGCGGCCGGATCATCATCCCCATTGGAGGCGAATACTCTGGACAGACCATGTGCCGGTTCACACTCCGCAACGGACGACTGGATGAAGAAAACCTGGGCGCCTTCGCCTTTGTGCCTCTCATCGGTGAGCACGGCTGGTCTCGCTGAATTTCAGCTTTAATACACGCTGAATTCCCCACTCGCCAGCCGTCTGACAAAATCCTCCATGTTCTGCAGCTGCTTTTCAATAATCTCCTGAATCGGTTCTTCCACCTCCTCGAGTCCGGTTCCCGCGCTCAACACGACCTCAGTACTCACCATCCAGGGATCGCTGATCTCGCGACCAATCTGGCTGCACATTCGCACGCAGACCTCTTTCACCGGCTCCAGCTCCGTATAAATCTGGTTCGCCAGTTGATGACATAACACGTTGTAGATCTTGCCCACATGACTGAAAGGATTCTTCCCCGCCGCCGCCTCGGCACTCATCGGACGATTCAACGTAATCAAACCATTCACCCGGTTCCCGCGACCTACCTGTCCTCCGTCTGCCCCCTCGGCTGAAGTCCCCAGCACCGTCAGATACATGCCGTCCAGCCCTCGCTCCTGGTCGTCCAGCGTGTTGATCGCCAGCGAAACGCTGTCCAGCGTTTTGAGCTGCGGCTCCAGAAAGGCAGTCAGCTCTTCCTCCAGTTCTTTTTTCCGGTCAAAGTAGTACTGCACTTCCTCGATGTACCGATCAATGATCGCCACAGCCAGAGTCAGCTGCAGACCTCGATCCCGACGGACTCCCATCACTTTCACATCCTGCCCCGTCTCCGGATACTTGAGCTTGAATTCTTCGGTATTGATCAGCCGCTCCGTCTCCAGCACCAGTTGTTCGGTCTCCGTCAACGGAGCAAATCCGACTGCAGCCGATGTGTCATTCGACAGCAGGCGTGCCCGTGAGAAGATATCAGTCAACTCCGCGGAGCCGGCCCTCAGTTCGTTCTGAAATACCACGTGCGTCTCCGGGTTGACCAGAGGCAGATGCGCCTTGATCCACTCCCGGGCACTCTCCAGCGCAATCTCCTCCACGGAAATTCGGTGGCCCTCCCATTCGGACGTCGCACGATCCCCGATCACCAGTCGCATCGGCGTATGTACGACTCCGCCCCCCAGTTCGGGCTCGGTATGCCCCGCCACCAGCAGGCCTTTATCGATGTTATGATGCAAAATCCGTCCCGCCCACTGCAGGTAACTCTGTGACAGAGAGATCGAAATCGCCTCCGCGATCCCGTCGCAGATCGTATCCGGATGACCGATGCCCTTGCGTTCGACGAATTCAATCGCCCCCTCCGCCGTGGTCAGCGATCCCTTCTCTTCCAGTCGAAAATGTTCCATCAGAAAATGGACTCCTGTTGTCGTACTTTGCTGATCGAGTCGGCTCAGCCGTGATTTTTGAATAGGTCCAGAAAACGGTCTTCATACTCTGCAAACAGATCCAGCCGATCCAGTTCCTGT
CP036317.1_gap113	5168068	5169111	1043	CGTCAGTTTCTCATGAATCAGTTCCGACAGGGGCGTATTGGGAATCAGCTCGTGATTATCCGTATCCACCTGAATCGACAGTTTGGTCCGCGTCATCAGTGCCGCCCCTTTGGCGATATCCACCACCCAGTGATAATATCGCTCCAGGTCCTCGTGCGCATTGGCCCGCACGTAATACCACACCGTCGCTTTTGCCGGCACCACGTTGGGCTGTCCCCCTCCATCAATGATCACATAATGCATGCGGGCATCTTCCTTCACATGCTCGCGCATAAAATTCACGCCCGTATTCATCAGCTCCACCGCATCCAGCGCACTCACGCCGCTCTCCGGACTCACCGAAGCATGCGAGGGTAATCCCGTAAACGTAAACTTGACCGACACCAGTGCCTTGGAGCTTCCCAGGTGCACGTTGGTAATATTCGCCGGATGCCAGTGCAGACAGATATCCAGGTCCCTGAACTGATCATCCAACAGCATATACACCTTCCCCAGACCAGTCTCCTCCGCCGGCGTTCCGTAGAGTCGCACCGTCCCCTTGAGCTGATGCTTGTCAATTGCTTCTTTGACCGCCAGGGCTGCCCCCAATGCCGCCGTCCCCAGGCCGCTGTGTCCACAGGCGTGCCCCGCTCCCTCTTCGGAGAGACTCTCCCGATAAGGAACCGTTTTCTGAGACAGTCCCGGCAGGGCATCGTATTCGGCCAGGATCCCGATAATCGGATGCCCGCTGCCGTAGCTCGCCACAAACGCGGTGGGCATATCTGCCACCCCGCTTTTGACTTTGAAGCCTTCCGCTTCCAGCTTTTCAATCAGCAGCTGTGACGATTTCGTTTCCTGCAGGCCGACTTCTGCGTAATTCCAGATCGACTGATTGACCGCTTTCAAATCTTCCGCCCGTTGCTGCACATCCTGCACTGCCGTCTGCTGAGCACTGCTCAATTGACTCTGTTCTTTTTCAGCTGCAGTTAACAGCAGACAACCGCTGCCCAGCAACAGCCCCACTACCGAGCCAGTCCACCACCGTTTCCAGTCCCATTTTGCAT
CP036317.1_gap114	5176754	5177962	1208	TCAGGATGAACGTCTCCCGCGGCTTCTTGGCCGTGTTCATGACCATGGTCTCAAACGAATCGGTCAGCATCTTGCGACGTTCTTTGAGATTCTCCCGCTGATACCGCAGGTTCTCAAGTTCGGGGGCGATCCCGCTGTAGTAAGCTTTCAGAGCTGCAACCTGTTTCGCATCGCGCTGCTTCGCATCCGTCGCGAGGATCTGCTGAATCTCCTCGGGAATGGTGGTTCCGTCGTCGGTGCCGGTCATCCCGAACACTTTGTAATCGCCGGCCATCAACGCCTCACGCCCGCCAAACTTTCCGCCCCCCCAGACCAGCATCACCGTCAGATATTTCGAGTCCTTTGTGTCGTAAGGTTTATCAAACGTCACCGTCAGATGCTGCTGCTTGTTTTCCGGTGCGGGAGACCAGCCGTTATGATCCCGCGGGTCCAGGCAGTCCGCCGCCGGGTAATCCGGATGAGAATGACTTGCGGTAATCTTCGCGACATTCAACATCGCATACAGGTCCAGCTGATCAGAGGGAATCGCGGTGCCCGAGGCCGCAAAACTGGTCAGAATGAAGCCCCCCGGGAACGACTCTTTCTTACCGTGACCGATGCCGCCTTCAGGCAGTTTCTCGTTCGGGTAAAAAACAATTCGCAAGCCGTCCAGTTTGTCGACATCAGGTCCGACTTTGAGTGAAATCGAAGGCGACCGCCCGCTGGCAGCCAGCGCCAGAATGTGTCCGTCATCGCTCACTTCAAACGCGCTCCGCGTATTCGGATCGGAGACCTTGACCACATCCAGTTCGTGCAGTTTCAGTCCCGCTCCCCGCTCTGCCAGTTCCTGTTTCGTACGGGTCTCCCAGGCAGCCAGCCGCGTTTCATCCGGATGAGCCAGAGCCTGCTCCACCTGCGCCAGTTCCTGATCAATCGACTTCAGTTCTTCCTTCGCAAATGAGAGCTCGGTCTTCACAGCCAGCTTCGGACCGGCGTTGATTCCGCTGTTGCCGTCCAGCCCGCGATCATCCAGGCGATTAAAATAGGCGTAGAACTGGTAAAAGTCTTTCATCGTGATCGGATCATACTTGTGATTGTGGCACTGGGCACATCCCATCGTCAGTCCCAGGAAGACTTCAGACGTCGTCTTCACCCGGTCGACGGTGTAGTTAACCAGGTTTTCTTCAGGGATCGTTCCCCCTTCGTGCGTAATCATGTGATTGCGGTTG
CP036317.1_gap115	5179027	5181615	2588	TAAACGCCAACTATCGAACCTGACTGCAGTTAAATGTTCATCTCCAGGCGAAAAAACAGTCAAGCTGCGCAATAAAAACGCCCCACAGATCTCACCCGGAGAATCGACCTGCAGGGCGCTTCAGTTCAGCAATACATCGCGTTACAGCGGTCGGACGACCGACAGGCTCCGCCAGTAATCAAACAGCGTTTCCACGGAGAGCACGCCGCCCCCCATTCCGCTCTTGTTGATCCCGGCGTAAGGCACGCCATGCGCAAAGACATTATGGGCGTTGATCCAGCTGTTGCCGGCACACATCGCTTCTGCCACACGGGAGGCCCGGGACAGATCCGAGGTCCAGACACTGTTCGCCAGACCGTAGTCTGTCGAGTTGGTCATCTGGATCGCCTGCTCTTCGGTCTTGAACGGTGCCAGGTAAGCCACCGGCCCGAAGATCTCTTCGCGGGCGGCCACGTTGTCCAGCGAACCGGCCATCAAAGCTGGCTTCACATAGTAGCCTTCATAACCGGGCACTTCAGCAGCGCCCCCTTCCAGCACGCATTCGGCTCCTTCCGCCTGTCCCTTCTCGAGATAAGAGAGAACCCGCTGATGCTGCTTGGCGTTGACCACCGGTCCCATCTGGCTCTTGTCGTTGAGCTGATAACCGACCTGGACCTTCTTGAGACGATCCACACATTCACTCACAAAATGATCGTAAATGTTTTCGTCGATCAGCCAGCGGGTTGCATCACAGCAGACCTGACCGGTATGGAAGGTGATCGCATTTACCAGCTTTTGAGCCGTATCAGGAACGTCCACATCACTGAAGACGACCGCAGCCCCTTTACCGCCCAGCTCCAGTTTGACGGGTACCAGGTTGGCACCGCATGATTCTGCCACCAGGCGCCCGACTTCAGGCGAACCGGTAAACGACATCCGTTTCAGCTTCGGATTCCCCGACAGCGCCGCACCGGCGACGGACCCGTAACCGGGCACGACATTGATCACGCCATCCGGAATGCCGACCTCTTTCGCCAGCCGGGCCAGGTAAATCGCAGACATCGGCGTGTCTTCTGCCGGCTTGATCACGACCGTATTTCCCGCCGCCAGAGCCGGAGCAATCCCCCAGCCGATCAACAGGAACGGAAAGTTCCACGGGAAGATAAATCCGCAGGCTCCATAAGGCTGACGCACGGTCCACGCTTCGTGATTAGGAACTGCCAGCACTGACCGCCGCTGTACGTGCTGGGCCAGGTCGGCGAAGTACCGCATCGTATCGACGAAGTTCTGCACATCGCCCTGTGCCTGGGCTTCGATCTTACCGGCGTCCAGCGCTTCGAGCTGGGCAATCATCGGCTTGTGTTTTTCGACGGCATCTGCCAGACGATGCAGCAGAGCACTGCGTTCGTTCTGAGGCAGTTGGGGCCAGCCCGTTTTGCGGAACGCGGCATCAGCGACATCCACGGCCATATCAACGTCGCCCGGCTGAAAGCTGAAGACTTCCGCCAGCTGCTTACCAGACCCCGGATCGGACGTCACAAACGTCTCCCCGCCGGCAGATTCGACTTCCTTTCCTCCGACAACCCCTTTCAGAGTCCCCTCTTCCAGAAAGGCTTTGACTTCGGGATACAGTTCACTGGCTGTAGTTGTTGACATCGCGCGCTCCTGTTCAATGTGATGAAGAATCGATTGCGTCGGCCCCTGGCTTTCCCTGTCTGAACAGACTGAAACCGGTGCCGGTATCTTGCGTTAAAAATCCCCGACGGTCTCCTGCTGCCTCGGTTCATCATAACCGCAATCACATTGAAATTTAAACGCTAAACGGGAAATTAGTTGAGGAGAACAGTGCGAACTGGCTCCTTGAAAACTCTCGTTTCAAAAAAAGCAGGAAATAAAATCTCAAAAAGCCCGATTGAGAAAAATTATTCAACCAGCATTTTGGTTGTGATCAACAGTTTGAGTAAAGATCGCAATGATATTTTGATTAACCCGTTTTTTCTTACAGCTTATACCCCATGAACCTTATTAAGTCATAATTGGCTTTTTCTCTGACTGACGCCGGCAGGCACCCTGCATTCTCATGGGTCAATAACTCATTCAGCCTTTGAATAATGATGTAAAAGCGTTTTGGGTCGTTATTTGAATCAAAACCCCTTGGCTTTTCTGGATGCTCTTTATCAATTTCTACACGAAATTGATCACCTTTTTCAACCAGGGCATTCATAGCATTAAACCGTACCTGGATATCCAGCTGACAATTGAGGGCAACCTTATTCAAAGCACAGGTCAAATTACAATAACCACATTTTTGATGCGATGTAAGGTCAGTGCTCTTGTCTTCCGGCAGCGCCAGCAAGCCAGATCTGAGACCTGACGTCACTTGCCAGGATTTCTCGAAACTTATAGGAGATGCGTTTAAATATTTGTCCATCAAATCTACCAGATCTTGATAGTCTTCCTGATTTACTACTGCAGGTGGAGTTACAGTCCCCTCAATTTTTCCACTTCCAACCTGAGGTATCTCCAGCTTCCCTTTCAGCCCATCCTTCCGATTACCATTCAGCTCACCCTTCAGTTCACTTTTCACTTCACCTTCCAATTTCCCCTTC
CP036317.1_gap116	5271262	5273482	2220	GGTATCCCATTTTGAATTCCGCTATGAACCTGTAGTTGAAAAAGGAGTGCTGATTGACTCAGTGATATTTTAAAGATTCTGTCCGGTCCCATTCAGCTGGCTGGCAGGCTATGAAGAATTGAGGCTGGCCAGCCCCTTACCGGTACAGAAATCGAGCTGTTTTCAGGGGAAAAGTCAATGATAATGAACTGGCTTCATTTATCAATCAACGGGTACGGAAAAGACAACAGATTGCCAGACGAATTCAGTCGGCATGGTCAAAATAGACTATGCAACTGCTTTCCCTGACTGATCTTTCGTCCCCTGCTGAGATTGCTTGAGAAAATGAGGACTCCGCGGTCGGGACTCGTCGACGGAACTGTCACTGTCTTTGTGATCAGATCCATCCGGCTGATCGGCAGACTCAGGCCGCAAAGCAAGCAGACAGGGCAGCAGAATCAGGTCTCCGACCAGTGCTGCTACCAACAGAGAAGTCATCATATAGCCAAAGCGGGCGGTCGGCACAAAGTTGCTGAGAGTTAACGCCAGCATGCCGGCACCGGTAATCACCGCGGCGGTAAAGATCGGCTCGCCGGTCATCAGCAATGAATCCCGGGACGCCTGAGCGGAATTACGGGTGAGACGGAACTGTTCCTGATATCGCACCAGGAAGTGGAAAGTGCCGTCGACCGCAATTCCCAACGCAATACTGGCGGTCATCATGATTCCGATGTCGATCGGAATCTGATACCAGCCCAGAATGCCGAATACGATGCAGATCGGCGTCAGGTTGGGCACCATCGCCACCAGACCGGCCTTGATCGAACGCAGCGAGATAATCATCACGGCGGTAATGATCACAAACGCCATCGAAAAACTTTCCCAGAAGCCGGTGAAAATCTGATTTTGTGCCCGTCTTAACAGGGGAGCAACGCCCGTCAGAACCACATGTGGGTCGTTGATCATCTCAGCCAACTCGTCGTAGATCTGATCCTGAGGCAGGTCGGCGTCGCTACTGATGCGAGCGGAAATCCGCCACAGCCGTTCGCCATCGGAAGTAAAATCATTGTCCCCATGCGTCGACTTTGCATGCGACAGTAACCGGGCGGTTTCAAACGGGCTTTCCGGAAACTGGTTGGGAAAGAAACTGGCCAGAGACATCGTATGCCTGACGGCCGGGTGTTTCTGGATCAGTTTTTCGAGCTCGCGGACCCGATCGATTTTTTTGATGAAGGGCAGCTCTTCATCACCGAAATCGATAATCGCTTCGATCGAATCCAGCTCTGTCAGATTCTCCTGAACCGCACGTACGTCCTGAATCACTCGACCTTTTGCCGGCAGAAAATCCAGCGGGTCGATCTTGGTCTTCAGATTGAACAGTCCCACTCCCGTGATCATCACCAGCACGATGGTTGCCAATGAAACGCGACCGGAATGATCAATTAACCAGTTGGCACATTTCTGGAAATTCCAGCGGGATTCTCCCCCATGCACTGTTTGAGGATCAATGGGCCAGAGTGTCAGTACAGCCGGTGTGAGTCCCAGCCCTGTCAGCAGTGACACAAAAGTCCCCAGCGAAGCTGCGTAGCCAAACTGCGTGACTGGACCAATTTCGCTGATCGTCAGTGAATAGAGCCCGATGGTCGTCGTCAGCGTGGCCAGGAAGCAGGGCTTCCAGGCGATCTTTAAAGCGGAGGCCAGCGGATCGGGTTCATCGATACAACTGGCGACATAGTGATGCACGTGGATCGAGATCGCCAGCGTAAACACCATCACCATGACCGACAGAGCACCCAGGATGAAATTCATTTCCCCGCCGCCCAGGTAAATCAGGGCAGTGGTCAGATTGATGGCCCAGACCGTCAGGCCCAGTGTGGCCAGTGTTTTTTTCCATTCCCGGAATGAATGATACAGCAGCCCCAGGCTGATCAGCAGCGTGATGATGAAAAACTTTTTATTGGTTTTCTGACTCCCCAGACGATCCAGTTCGGCAATCACGACGGGAGCCCCGGCCAGTTTGACTTCCTGTCCGGTCAGCTGGTTATACTCGAGTTTTTCACGAATCCCGGCAACCGTGCCCGCCCGGTCTTTGATCCCCTGATCAGACAGCAGAACCAGGATCCCCGCAACCTGGTGCTCCTGATTCATCAGCAAACCGTCCAGACGTCGATTGACTTCCTCTTTTTCTACCTGAAATTCGTTGAGAATATTTTTCAGTCGATCGGGCGTCCAGCATTCTCT
CP036317.1_gap117	5274532	5275583	1051	CGAGTTTGAATACCGGGTTCAGATCATGTGGTGCACCCCCTGTGAAAACGGTATGTTCATCAGCGGTGGTGAATTTCTCACGAAACCGGAAAACTGATCATCCGGATATACTGCATAAGATGACGGTCGTACGCTGGACAGTGCCGGACCGTTTCCTGTAACAGTCTTTGCGCGCTTCCTGTTGTTTTACGGATTTTGGGAAGCCCCGCGTCGCAACAGGACCACGATGATCGCTGAAAGCAGCAGAATGATCAGGCCTCCGGCTGCCAGCAACAGGGTCGTGATGCCTCCCCAACCGCTTTTGACGGCCGGACGTTTCCGTTCCGCCAGATCCCATTCGATCTCATCGAGTTTCAAGCCGGCGCCTCCCTGAGAGGCCTCTTCACGACGTTCCGTCCGTTTCTGTTCCACAAACGGCGATGTCTCTTCCCCGCTGCGCTCCTGTAATCGGGAACGAAACTTCACATTGGATGTCGGCGTTCCCCGCTGCTGTCCCGACTGTGACGTCATGGTCGCGTGTGTTTTTCCGTTCATCTCTGATTGCGACGTCAGATCTCCGGGTACCGCAGGCAGCTTCGGCAGCATCAATTGAGGCCCTGCCCCGGAAGACTGTTCTGATTTCTCCTGGGGAACACTCGCTGGTTCCCGGGTCACAGCCTCCGGACCACTCAACTGAATACGGGCCGGTGGTTCAACGGGCGCTTCTTCCAACTCCAGTTTGATGGAGGGTTCCGGCTGAACGGGTTTTGCTTCGCGCTGCGCGGGTTGCTCAATGGGAGGTAACTCTGTGGGTACTTCCTCCAACGGTTCAAAAGCCGGAGGTTCCAGTGAAATACTTCCTTTGGGCTCATTCTGCTGAGGTGTGAAAGTCTGTCGAGGTTGAACCGGTGTCGTCCCCATGTTTCGCGGAACGATCAGAGGCAGTTCCTCGCTGGCAGACTGAGAGGGTGCGGGTTGTACAGCGCGAGGTGCCGCCGGCTTTGCCTGGGTCGGGGGAATGGACCGTCGCTTCAAAGGATGCACGCGTGAGGGAGTGAAGCTGGGAACACGC
CP036317.1_gap118	5277154	5278076	922	CACAGATCCCCAGCCGTCCCCCTTCCTGGACCTGATTCAGCATGTACGCCAGCTGTTCAAATTTAAATCCCAGATTCGATCCCTGCCCGGCGGTGGTCTCCAGCCAGATCTGAGTCTGAAAGCCATCGGTTTTTTCGTGAATCTGATCAATGGCCGCTACGATCCGGTCCAGCCCCTCTTCCTCGCTGGAAGTCACATAACTGCCGGGATGCATCACGGCTCCTTCCAGCCCCAGGGCTTCGGCGCGCTCCAGTTCCACCACCACCGCATCGATCGATTTGTTCCAGAGTTCATCCTTGGGACTGGCCAGGTTGATCAGATAACTCATATGCGAACAGGGCCGACTGACGCCCGTCGTTTCCAGGTGTTCCTGGAACAGCGTCACATCTTTCTCGGTCAGTGGCTTGGCCCGCCACTGGTTATTATTCTTGGTGAAGATCTGCACACAATCCATCTCATATTCGGCAGCCAGATCGACGGCTTTATAATATCCTCCAGCAATGGACTGATGCGCTCCCAGTAATGGCATGATTTCATCTCCTTTGACATTAAGATCTGACGAGAATAACACGTTTCATGCACAGTGAACAGGGATCGCTCCTCAGAAACGCACTTCCGTTCTCTTAAGTTTGAACACTCAGATCCTTACGCTTCAGCGCGCTGATCTCTGTAATGCAGGTTCATTTTTTTATTGATCCTCCCTTCAGGAACCGGTATGTTCAACAGGCAGTCAGCATACGATTTTCCAGATGCCCGTTCGAGACAGCAGGTTGTGAGATTATGGTACTAAAAGCCGCATCACTGATTGACTCTCCCATCAAATCCAACACCGATGATTTCTTCGAATTCGACTATCTGGTTTCATTACTCTCTACTCGAATCGATCAATGCGAGAAGTCACTTTCTGACACGGTCGCGCTGT
CP036317.1_gap119	5281314	5283642	2328	AAGACGACCAGCGTATTTTCAACCAGCTGGAGGCGATCGAGAGTTTTCATCAGTTCACCCACACACCAGTCGAGCTGAATAATGGCATCGCCGCGATAACCGAGTTTTGTGCTTCCCTGAAAACGTTCATGGGGCATCCGGGGCACATGGATGTCGTGCGAGGCAAAGAACAGAAAGAAGGGCTTCTCTTTATTCTTCTCGATGAACTCAACCGACTTCTCAACCCATTTATCCGCCAGATCTTCATCCCGGAAGCGCGCCGCATGCCCGCCTGTGTAGAAGCCGATGCGACTGATCCCATTATGGATGGTCGAATTATGCCCATGCGACCAGTCCATCTTGAGCGTATCGCGATGCGTCAGTCCCGTAGGATGATCGGGACTGGGCTTTTTATTTCCCACCCAGAGCGGATCCGCGGGATCCAGGTTCGGCACCCGATGGTCTTTCACATAAACCTGCGGTACACGATCATTGGTCGTCGGCAGCAGGAAGCAGATATCGAAGCCGATTTCCAGCGGTCCGGGTTTCAGTTCGCCGTTCCAGTCAGGCCCGGCATCTCCCCCCAGTCCCAGATGCCATTTCCCGATCACGGCAGTCGTATACCCGGCCCGTTTCAGCAGGGATGCAACTGTTTCCGTGCCAGGCTTGATAATCGCTGGTGCATTTGGGGGCGCGATTCCGGTGCGTTTTCCTCGAAAGGCATAAGTCCCGGTCAAAAATGAATAGCGGGTCGGCGTGCAGGTCGAAGCCGAACAGTATCCGCTGGTGAACCGCAGGCCTTCCGACGCCAGTTGATCGATGTGAGGTGTCTTAAGAGCAGTTGCCCCATAACAGGACAGATCGCCATACCCCAGATCGTCTGCCATAATCACGATCACATTGGGAGTCGCAGCTTCCAGTTGAACAGGACCATAAAACACCGACACAAACAGCAGCAGCAGGATGAGTGAGAATTGTCGTGACATGGAAGCGCTTTCCATTGATTTAGATTAAGGAATGAATCAGCTGAGTTATCCCGGGATGTCAGTTTTTCGATTTGCCGGCAGGAATCGGAACGCCGCTTCTGCTGAAGGCGATGGCCCGTGAACCGGAAGCGCCGACCATCACCGTTTCCACCAGGGGCGGCTCGACCTCTTCCTCAGCCATCCAGTTCACCAGGAAATTAGCGCCGGAGCCCCCTGTACTGTCTTTCTCTTCCACCAGAAACTCGATCGTCTGAAATGGTGCCAGCTTGATCGTCTGATCCAGGTAGATCTTGATCGATTCTCCATCGGTATCCACATAATTGATCGCCGTCAGGTAAACCGGTTGATCCTGATTGATATTGCGAATACTCAATGTTGTTTCCAGCAGCAGAGGAGATCCTCCATGATAATAAATATGCGAATAGCAGGGCGCATAGATCGAACCACTCCGCGTCAGCTTCTGTGGATCAATCTTGCCTGCTTCGTACTCGGAAAGTTCAGGGGGCTGATAACTTCGCGGTGGCACGAACTTCAGCTCATCCTCAAAACGCGCAAAGCGGTTGTCGAGATAAACGGCCCCGGCAATCAGGATCAGAGTCAGTACTCCCAACACCAGGAATAGAACAACCCACTTCTCCCACAACCACAAAAACCAGTCGGGATATTCACCTTTGTTTGCCATCGCACATGCTTCCCTTGTGTCAGCTGTTATTTCCATCCCGGCAGCCAGTCTGAAATCAGATTGAGATCAGACCAGTTGAGGCACTTCCTGTCGGCTGTTGTATTAAACAATACCTCACCTGACATGAAAAGTCATACCGGCAGCCAACGTGCAAGCTACGGTAAATGTTTCTGCAACTCTTCCAGGCGGGCCAGGCAGTTTTTCACCAGCGACTCCAGCCGGGCATCCGACTGGCCGGCCGCTTCGATCATCGAATGATAATACTGCACAATCTCTTCTGGACTCGCACCAAAGTGCCCCCAGAATTCCGCGCGGTCTTCCGTCTGCAGATCGAACAGCATCGCTTCCAGGTTATGCAGTTTGTCGGCCAGTTCGATAGCCCGCGCGCCCTCGGAAGCCTGCTGCATCACCTGGATATGGTCCCGCTTGCGGTCGCGCCAGCTGCGTTTTTTTCCGTCTTCGGCTTCCTTTTCCTCTGTCATTTCTCTGACATACTGCAGGATTTCATCCGAAAAGGTTTCCGCCAGATCCTCAAACGTCAGTGCTGTATCTTCCACAACATCATGCAGGGCAGCGGCAGCGAGAATTGATTCTTCATGAAACCCCGCCTTGACCAGAATCAGGCAGACTCCCATCGGGTGTGCAATGTAGGGAATGCCGGATGACTTTCGTTTCTGTGAT
CP036317.1_gap120	5289734	5292246	2512	CGTTCTCGAAATCCGGCGGTGTATTTCTTGGTATGCTGATACAAATGGGGTAATCTGACCTGCTGGCCGGGAAAACTCCCCTGATCTTACTGACTGGCCCGCTTGTTTTGTGAACCGCAGGCGGGTCTACCTTCAATCATCTTCTGACCGATTCCGTCTCTGATAGTCTAAGCTCATGCTCGAAAATCTGCCTCTTCAATCCGTGAAATACAAAGGACTCACTATCGAGGGGTATTCCCGTGCTGCCGTTCAGAGTTACTGGAGAATCCCCGAACTCAAGCTCGGCTTTGATCTGGGGGCCAGCCCCTGGTCGTTCATGGGGACGTCGGTCTACTTCATCTCCCATGCCCACCTGGATCACATGGCGGCACTTCCCGCTTACGTGGCGCGGCGGCGGATGATGAAAATGAGTCCGCCAACGATTTATATTCCGGAAGAAGTAGTCGATCCGGTCTGGAAGATGCTCCGCAGCTGGCACAAGCTCGATCGTGGACGCATGGACTGTGAATTAATCGGCATGAAAGACGGCGAAGACATTCAGCTGACGCGCGAACATGCCGTCACCGCGTTCCGCACGAAACATACGGTCCCCTCGCTCGGCTTTCAGGTCTGGGACTGTCGCAAAAAACTGAAACCGGAATTCATGGGCAAGCCGGAAACGGAAATCCGCGACGCCCGCATGTCTGGCACAGAAGTCAGCGAAGAGATCCGCGTTCCGCTGGTCTGCTACACGGGAGATACAGCGCCCGCCGGTCTCGATCATTTCGAGACAGCCTACGAATCGAAAGTGCTGATCACCGAAATGACCTTCTACCGCCCCGAACACCGACGGGAAAAAATCCATAAGTTTGGTCACATGCATCTCGACGACATCGTCGAGCGTGCCGAGCGATTTCAGAACGAACTGCTGATTCTCGCGCACTTCAGTACGCGCTATCATGACAAACAGGTACTCAACGCCGTCAAAAAGCGGGTCCCCGCTGACTTGTACGAACGCATCCATCTCTGGCTGTGATCGGGAAGAAAACGGGCGGCTGCGCGAATCCTGTTGCGCTGAAATCGTGTTAGTGAACTGGGCCTGTCCTGCTTTATCCCCCAGAGGACCGACTATTCAGCGCTGCCACGAATGCTTCGACTGTCGGCTCAGGGCCTTCTCCATAATTGGAGTGTCGCGACTCGCCCCATTCCGCCAGCACGGTCCGGGGCTCGCCTGTCAACGAAAAACTTTTTTCCAGCGTGTAATAGTGAGCCTTGATCTGCTCCTGTTCCTCTTCAGATGGCGGATCCTTTGATAAATCGATGGGAACGAGAATGGCAACCATGTGGGCTTCGGCTGCTTCCTGAGGTTCGGGCATTTCTACCACGACACAGGGATAATCGTTGACACGCTTAGGATGCACTTTAATGTCGGCAGCCTCGAAGCCTGCTTCGCGTCCGCACTGCTCGACCACATCCTGGAGCACTGCATCGATGAAATTCTCAACATCCGGCGAAGCAACAATCGCCAGAATCTGCAATGGTTCCGCCAGGGCGATCTGCCGCAGCGCGTAATGTGCAAATACGTAATGCGGTGATGGCCCCTCATCTTCCGGAGCCTTCTCCGGCTTTCGTTTCAGGAAATCAAACAGACCCATGTTAAGTCCCCCTCGCTTCTGAAAGTGTGACCGAAATGATGTTGAAAGGGTTCAGGTCTGCCAGGCAGAAAACCGGTCTCCCTTTGACTGTTGTGCCTGGAATTTACAAGCCATGATACCCCATGTGACACGACTCAGCCAACAAGATCCTCTCAATTAGCGATATTGACTGTTTTTTTGTGATGCGTATGGTTGCTCAGTCGATTACCTGCGTTTGGCTCGAATTGCATTCGGTTCGAGCGCTGTTAGCATACCAGCAATGCTCCCCGGTTGGGAATTCGCCGCGCATAAAAAAGCCTGGAGGAAACAGGTTCACTCCAGGCCGAGCGCTTGGCTTCAAATTCAGCGCGAACTCAAGCGTTGGTTTCATAACCTTTCCGCTGTTCGCGACTCTGCCACTGATTGGCTTCGTCATCGCCGATGATCTGCTCCGTCTGCGGATCCCATTTCAGAGACCGGTTCAGTCGAATGGCGATATTTGCCAGGTGACAGGTGGTAATGGCCCGATGATGGGTCATTACATCGGAGATCGGCTGCTCCCGGGCATCCACACATTCGAAGAAGTTTCGCATGTGATCGCCAGGCTGACGACCTTTATACAACTTCTTGATCGTGTCACTGGCGAGCGGATTATCTTTGAGATCTTCGACCGGTTTTCCGGTCAGATCGCCCCGGCTGACAAACATCCGGCCTTTGGTACCTGTAAACAGGATCCCGTTTCGGCCATCACTTTTGATCTTCATCTTCACGTCGTTCGGGAAGGTGCACTGTACCTCAAACTTGGAGGCCACATTGTAGGCATCATCCTTAGTAGGCATGCCGTCTTTCAGAGGCACTGGATGCACGGCAGAAATGGGGACCACCTGTGTGGGCCCGGA
CP036317.1_gap121	5299886	5301399	1513	CGCCCCCGGTCACCTGGTCCGAAACAGAGAATATTCACTGGAAGACTCGCCTCCCGGGGCGCGGCCATGCATCGCCGATTGTCGTCAATGATCGGATTCTGCTCGCGACTGCAGATGAATCGCAGGAGATCCAATCCGTGATCTGCCTCGCACGGGAATCGGGAGAGATCCTCTGGAAAACCGACGTCAGTCAAGGGGGGTTTGCCCCCAAAATCCATCAGAAGAATACGCACGCCTCTCCGACTCTGGCCTCCAATGGAGAACTGGTCTTTGCGGCGTTTCCCCATCACGAAAGCATTCAACTGACCGCCCTTGATCTGGCAGGTAACCAGCGCTGGCAGATCCGGGCCGGCGGTTTTCTTCCCAAAGCTTACCAGTTCGGCTACGCCCCTTCGCCGATCCTCTATCAGGGTTCGGTCATCGTCGCGGCTGAATACGAGAAAAACGGTTACCTGGCAGCCTTCGATCAACAGACCGGCAGAGAAATCTGGCGTCTGAAGCGACCGGAAAAAATCAATTTTTCGACGCCAGTCGTCACTTCGATCGCCGGGAAAGAACAGCTGCTGCTCAGCGGCAATTCCAGGGTCGCCAGTTTCGATCCCCATAACGGTCGCGAGTTCTGGTCGGTTCCCGCCCCCTGGATTGTGAGTTGTGGCACCATGGTCTGGGACCGGGACCTGGTCTTCGCCAGCGGAGGCTTCCCCACCAAGGGCACCATTGCAGTCCAGGCAGATGGCTCAAAGAAAATTGCCTGGTCAAACCGGGTCAAATGCTATGAACAATCGATGCTGGCCTTCAATGGCTACCTGTATGCCGTCGATGATAACGGCATCGCCTACTGCTGGGAGGCACAGACCGGGAAAGAGCAGTGGAAACATCGCCTGGGAGGCAAAGTTTCCTCCTCATTGGTACTGGCCAATGACTGCCTGTATCTGACCAACGAACGGGGAACGACGTTTGTCTTTCGCGCGAATCCAGAGAAGTTTGAACTGCTCTCGGAAAACCAGCTGGGCGACGAGTGTTTTGCTTCTCCTGCGATCTGTGGGAACCAGATCTTCCATCGCGCCGCCAGCCGCGCTTCAGGAAAACGCCAGGAGACTCTGTATTGTATCGGAAAGTAAAACGACTCTCCCCTCTCTCTGATACAATAATTCTTTCCAACCAGCGCATCAAAAAACTGTAGTCTCGCGAGGAGACTACAGTTTGATGTTGGAATCACTGAAAAGCTATTTCGCTTTTTTAATCGTTGGATTCAACAGGCTGTCAGTTGCAGCATCCGCTTTGGCTGACTTGAGAATAATTTTAATGGAATCGCCGCCGCCTTCCGGAATCATCACTTGAGTTTCCAGAACTGCGGGGGGAGGATCCATCAGGTTTTCGCCCATGTTCCCCAGAACGACACGGTAGCTGCCTGGTGCGGCGCCGTCCGCTTCTTCATAGGTTCCCAGGACAAAAGTCCCATCTTCATTCACATCCGCCCGGGCGGTCCGCACATTGTCTCCGCTGGTAAGCG
CP036317.1_gap122	5317789	5319188	1399	CGCTGAACAGGTCAGTCAGACAGTTCGTCTGCAAACGGAAGACTGGTCGCATCCCTCAGGTCGAGTTCGCTCAGCAGTTCCAGATATTGAGCACGCGTATTGATATTTCTCAAACTCCGCAGTCCCGGATCAAGTGTCTGTAGTTCCCCGGTTTCCAGAAAAACGGAATCCACCTGTTCGACCAAATCCATCAGGCGTCGTTTTCCCTGAGACAACATGTGCTGGATCGGTTCGATGAGCGAGATCCGATACACGGCCGCCAAGGGATGCAACCGGTCCCCTTCCCGGACCATCGCCAGCTGGTGCGTATCCAGAATGGTCAGCAACCTGCGGAGGACGACTTCCTGAATCAAAGGTGTGTCGCACCCCGAGACCAGCACGGCATCACAGTTTCCCTGTAAGAGTTCCAGCCCCTGGCCAATCGCCGCCAGTGGACCTGACAGGGGTTCCCGATCAAAGGCGGTCTGTACATCCGATGCAAGGGGAGGGAGCTCCTGTTCCGGGGAGGCAATGACCGCAACCGGATGCGCACAGGAACTGACAATTCTCACAACCCGTTGCAGCATCACTTCATTGCCGAGGGGCAACAAAGCCTTGGGATAATTCATCCGCGCACTGGCCCCCCCGCAGAGCACGATTCCGCCGACCTTCAATTCCGGGTTCGAGTTTGACATCTCAGCTCAAGTAACTTACAAAGAAAACAGAAACCAACAGTTTAACAACTCTCCCTACTGCGAAGCGATCCGAATCAATGAGTGATCAGAATTCTGAACAGGAACCATGGTACCGTGACGGCCTGAATTTTACCTGTACACAATGTGGAAACTGTTGCACGGGCGCGCCAGGAGTGGTCTGGGTCGATGATTCCGAAATCGAGGCCATCGCTGAGTTAACAGGAAAAACGACAGGCGAAGTTCTGTTAATGCATACCCGGCTCTATGCAGGTCGACGATCCTTAACTGAATATGCGAACGGTGATTGCACTTTTTTTGATCCTGAAAAAAGAGGCTGCACCATTTATGAAGCACGACCGACACAATGTCGTACCTGGCCTTTCTGGAATTCGAATCTGAAAAGTAAAGAGAGTTGGGAAGCACTTTCTCCTGACTGCCCGGGCGCAGGCAAAGGTGCCTTCATCAGTCTGGAAGAAATTCAGAAACGTGCGGCACAGACTGACTTGTGAATGTTGTTTTATGTGATGAGGAAAGAGATCAGACTGGTTGCCGATTCTCTTGCTGACAGTGACATTCCCCAACAAAGAAAAGGCGATCGTACGTTTTAAAAAACGGTGCGACGCTGCACGGTTGACTGCCAACTTTTCCGATTTTTGACCGTTCAATAAGTAGCGATTGAGTAAGAGTTTGGAACGCCCAAAACGCCTCTTGTCCCTCTGAGAGCG
CP036317.1_gap123	5334725	5338279	3554	TTCATCTCGCGGACCGCCTGTTCCATCCCGACCAGCACGGCCCGGGAAATGATGCTGTGACCGATATTCAACTCACAAACGTCGGGGATCGCGGCGATTTTCGAGACATTCCGATACGTCAGGCCATGTCCCATATGCAGTTTCAGTCCCTGTTCGACCGTAAACTCGCAGGCTTTCCGCAGGATCTCATATTCCTTCTGCTGTTCATCCGCCGAGGTGGCATCGGCATAGCGGCCGGTATGCAATTCGACAGCATGCACGCCCACCTGTTTCGCGGCTGCGATCTGCTCGGGATCGGGATCGATAAACAGGCTGACTTCGATACCGACCTGCTGGAGCTGATGCGTACATTGCTCCACCCGCTCCAGATTGGCGATTACATCCAGGCCCCCTTCTGTCGTCAGCTCTTCCCGTTTTTCGGGTACCAGTGAAACCTGATCCGGTCGCACTTCCAGGGCGATCGCCGTCATTTCATCTTCTGCAGCCATCTCGAGGTTCAGTTTGACCTGAACCGTCTTTTTCATCGTATACAGATCGTGATCCTGGATGTGACGACGATCCTCGCGCAGATGCAGGGTGATGCCATCCGCGCCGCCCAGTTCCGCCAGCACGGCTGCCCAGACAGGGTCCGGTTCAAAGGTTAGACGAGCCTGACGGACGGTGGCGACGTGGTCAATATTCACACCTAAAGCGGGCATCACATGCTTTCTTTTGAAATAAGGCCTGATTGGAAACAGCGGCAGGAACCCGGTCCCTGAAACAGTCTCCTGTTCGACAACCGATTCCGGAAAAAAGTTCTCGGAGATCCGGGAAGATTTCCCCCCATCTTATTGCTTTTTCGCCACAGATCCAGAATCGGCTCAAGAGTTTCTCCTGCAATCAGTTCAATTTCAGAAGAAAATCCTGATCTTTTGTCGCATTCCCGCCTGGTTGACGAATCACTGTGGGAGGGATGATCCCCTCACTTTCACAATCCGGTTTCAATGCTTCATTAACAGGTAAAAACGATGCCGTTTCAGCCATACCGCCCGTTCTGGTCACGTCTCCTCTCCAGGATTAACAGAAACAGAGCCAGGCGATCAGAACGCAAATCCCGCCGTCGGATGAAATCAACACATGCCAATATGTTGGCCCGGACGGAAATACTGGAAACCCGACAATTACTGGCAGCCGACGATCTGACGGCTTTGAGTGACGATTTCGAGAGCGCCGCCACCCTGTCCGACTGGCAGCGCATTTATCAGACCGAAGGCTGGAGTTCAGACCAGCTGGAAACCTGGGATATCAATCAAAGCCAGCCAGGCAGAATGGTGCTGACTCCCTATACCACCGTCTGGTACCAGGATTATCGGGGCCCCATGGCGTATAAAGAAATCACCGGCGATTTCGTGGTTACAACCCAGGTCCACATCTCCGACCGCGACGAGATCGGCGACAGCGATCTGGATGATGTTCCCAATGGCTCCCAGTTTTCACTGGGAGGCCTGATGATCCGCACCCCGCGCGACATCACCAATCCGGAAGTCGACTGGAGCCCGGGATCGCATCAGAATGACGGAACCAATAATGGGGAAAACTACATCTTCCTCTCCCTGGGCTGGGGAAATTCCGGCAATCAGTTCCAGATGGAAACCAAAACCACGCGGAACAGCAATTCATCCCTGGTCCTGCAAAACATGGGAAACAACTCTACCCTTAATCTGCAGATCGCCCGGATTGGCGACTCCGTTTATACACTCTATCAGATTCCCGGCGAAAACTGGGTCTTGAACAGTCGCTACCACCGCCCCGATCTGCCCGAAACGCTGCAGGTGGGCATGGTCGCCTACACGGACTGGACCAAAGCCAACGACTATGATCCCTTCTATCTGAATAACAACGCCCTGTATCCGGGGGGCTTTGATCCGACGCCCTTCGAGGACTTTCAACCGGACCTGGTCGCCGGCTTCGATTTTATCCAGTTCGACCGACCGGAAATTCCGCCCGATTTACAAGGCCTTGATCTGCGGACCCAGACCACCGACCAGCAACTCCTCTCTTTCCTGGGCGGCAACGTTAACGATCCGGTCATTCCCAATCCCGGTACAAACACGCCGATGCAGGTAGGCATGAACCTGGAAGACATCGCCGACTGGAGTGCGGCCTGGACCTTCACCGACATGGCGCACACCATGCGTTCCTGGAACAGTGTCAGCCTGAACCTGAACACTTACGAATCGCAGTGGGGATCGACGCTGTTCGACATCGATCTCGACGCAAACGGCTGGCCCACAGAAACGCATCAGATGGTCAACGAACTGGGACAGACCATCATCCAGCAATACATCGCTCCCATTCTGACGGGGAATGTCAATCCTGCTGGCATTTACCGGGCGGAATGGGATGGTGAAGCGACGGTTCTGCTGCCCGGGATTGTCGAACAGGGCCTCACTGCGGAAGGTCGTCATTACGCCCTGCTCGATCTGGCAGCCAATCAGGATATTCTGCTCACGATCCGGGATATCAATCCGGCCGATTATTTTCGCAACTTCAATCTCTGGATGCCCGACTATAACGGTCAAAGCTTTGCCGGGCAGGACTGGCAGCCCGGCGACGACTTCTCTCCGTTCCATCCCCTCTTTCTGGAACGGCTGGCTCCATTCGAAACTCTGCGATTCATGAACTGGATGGAAACCAATGAATCAGACATCGTTACCTGGGCAGACCGGGCGCAGCTCAGTGATGCGACTTATTACGGCGGGCACGATCCAGCAGAGTTCCATAACGGGATCGCTCCGGAATACATGATTGAACTTTCCAACGAACTGGATGCGAATCCCTGGTTCAACATGCCACACCAGGCCAACGATGACTTTGTTCGCAGCTTCGCCGAGATGGTCCGCGACACCCTCGACCCGGAACTGACGGTGTATGTGGAATGGTCGAATGAAATCTGGAACTACGCATACGGTTTCGACGCCAGTCAGTGGATTAACGAGCAGCTCGCGTTACCTGAGAATGCAGGCATGAACTGGTATGAATTTGCCGCCAGTCAGATTCAGCAGGATTTTGCCATCTGGGAAGAGGTCTTCGCCGGTCAGGAAGACCGTCTGGTGCGCGTTGTCGCCGGTCAGCAGGCTAACCCCACATTCCTGGCCAGCCTCCTGCCTGAAATGGATGGTCAGTTTGATGCAGTCTCGGTTACCGCTTACGCCGGTCTGGGGTCCGAACAACTGGCCGGTTTTGACGAAACGACCACACCTGATGACGTGATTGATACGCTCCTGGAAGAAACGATTCCCTGGAGTCTGTCGCGGCTGATCGACCATCAGAACCTGATCGATCAATACTCCCAGCAGTTGGGACGCGAAATCGAATTTGTGACCTACGAAGGGGGCTCGCATCCAGACGCGTATGGCTGGCCTGCGGAAGCAGCGGTGCACGAAGCTTCGCTGAGCCCGCGGATGTATGACGTTTACCAGACTCTGTTAAACGGGGCGCAACAGATTGGCGTGGATCTGTTCAATCAGTTTGTCTTTACCGGCGGTGGCGTCTCCGCTCCCTGGGGAGACTGG
CP036317.1_gap124	5340149	5343039	2890	TGGGACATCAGCATGAAACCACGGGACTGCGCAAAGCAACCCTGTCGCCAGGTATCCGCCGACTTCCTGAAGCTCAACTCCAGAAAGAACTGCAGCGTCGCGCACAGATGCAACAGGAGACCGATCTGTTCTTCAGTTCGCTGAGCGACGAGAGTCTGCTGGCATTTGGATAAGTTGCTCATCCAGATCGGGACGGGGAGCGCCGAGATACTCGGTCTCTCCCAGTTCTGCCAGTTTCCACATCATGAGTGTGGTCACTTCTTCCAGCACCTCTCTGGTATGCTTGCAGTCGTAGTAGGCCGACAGATCGATCGGATCGCCATACACTACCGAAGCCTCGGCAGGGGTGTAGAATGGTTTCACCATACTTTCTCCGCCCGGAGAATTATTGATGTAGACCGGATAGACCGGCGCCTGCGAGCGGAGCGCCAGAAAGGCGATCCCGGAATTCGCGTGGGTAATCGGACGTCCTTCCTGAATGCCCCCTTCCGGAAAGACACCGAGCAGGTTTCCCTGTTTGAGATGGCGTAATGCTTCACGGACCGGCGCGACATCCTGACCATTCCGATCCACGGGAATGGAATGCATGGCCCTGGCGATCCAACCGACCAGCCCGGGGCGTTCATAGTATTCCCGGGCCATCAGGAAGCTGATGCACCGTTTTTTCTTTTTCGGATTTCCCAGGTGCGAATTATACCAGAGGATAATGGGATCGGTGGGGCTCCGATGGTTGGCGATGATAATGGCCGCGGAATCGCCGGGAAACGGACAGCGGCGGTTGCGTTTGATGCCCCAGAACCCGGGTGCATAGACACGGGCAATCGCGAACAGAATCCAGGCACGCCATCCATCGGTCAGATGCACGGCCTGATAGATCACAATCACCAGGACCACCAACAGATAGATGGCCAGTGTCAGAATACCGGCTGCTTCAGGGCTCATCGTCAATTATGGATACGAGGAATGCAGGAGGAAAGAAACGTCATTGGCATTGAGGAACCTGATTATAACGGGAACAAAATCTGCAAAGCAATAACAAAGCTGATCGACAGGAATGTCACATCAGACTTCGATGGCCCCCACGATGGCATTGGTCAGCCGGGCCAGAAAACGGCCCTGCGGTTCCTGGGGCTCCGTCGTGAGGATGATGGCGGCCGCTGCCAGTTCAGGATCGATCCAGAGGACGGTTCCCGTGGCGCCGCCATGTCCGTATGCCTGATCCGAGAGCAGATCGCCGTAATAGTCACTTTTGGCCCGCGTCACGATCTGCCAGCCCAGCCCCCAGCCTTTCCCCTGTCGCGTCGTTTCTGACAGTCCGGGAATCTCGGGGAGTTGGTCCCGTGTCGCCTGTTGGATTGACTGACTGGAAAACAACCGCTGCTCCTGCGCCAGTCCCTGCTGCTGCAGCATGCGCACCAGTTTTCCCAGGTCAGCGGGTGTCGTAAACAGACCGCCCCAGGGGGCGCCAAAGGCCCGCCAGTAGGCACTGTTCCAGTCCCAGTGAGGTTCGATATTCAGTTCGGCGGGGATCCGCACTTCGGCAATCCGGTTTACTTTGGGGGAAGCACCGCTTTCCCACTCAGGTGGGACTCCCAGCGCCGTGTCGTGCATTTTCAGTGGTGCAAACAGTTCTTCCTGTAAATACTGCGGAGTCGACTTTCCGGTGATCCGCTGAATCAACTCTCCCAGAATCGCGATTCCCGTACTCTGGTACTGCACAATCCGGCCGGGTGGTTCATCGGGAGCGAGTTCACAAATCTGCCTGACGAATTCTGACAGCGGTGCCTGTGCCGATCTGAGCTCCCGATTGTTGGGCAGCATGTCGGGCAGTCCCGACGTGTGCGTCATCAGATGTCGAATCGTGATCCCGTGCTTGCCCGCACAGCCGAATTCGGGGATAAACTGTTTCACCCGATCATTGAGCAGCAGTTCACCCTGCTCGAGCAGCTTGAGCACGCCGAGTACGACAATCGGCTTGGTGATCGACGCCACCAGGAAGATCGCATCTTCACGCAGGCTTCCATTCTGGTCACTGACGTGCTGACGTCCCTGACGGTAGTGAGTGGTTGTCTCACTGGTCAGAACCTGTAATGCGATGGCGGGTACTTGGGCGGAGTCACAAAACTGATCGACCAGTTGTTCTACGATTTGCCAACGTGCGGGATGGATGCGGGACATCAGACTTTTCAGATCCTGCTGTGAAACGAATACGGGGAATTAGCAACTGGAGTGCCTCAGACATACGGTTCCTGAGGCTCTATGAGACTACTATACCCGGTTAGCTGGGATTTGTCCCTGATGAATTGGGTTCGAAGACTCTTGTTTTTGAACCACGGAAGTCACGAAGTGCTTACTACCACGAAAAGCACGAAAGACACGAAAAGTTTCATTCGGTGTGCAATAGAAAAAATGGGGTGCCCCCGAATGAAATTCGGGGTTGTCGGAGACAACAGGAAACTGTCAGGGCAGACGCTCGATCTGAATTCCGGCTTTCCGACTTCCGTACTGAATTGCCTGGATCGTACCAGATGCTTTCTGTCTGAACGCAACACTGTCAGTTTCCTGCTCGCTGCGCTCGGCCCGAATTGCATTCGGGCCTACCCGGCTTGCACCATGAAATAGACGAATGATTGACTACCACGAAAAGCACGAAAGGACAGTTAAGAGAGATTTAGTACTGTTGCCTGTGCACTATGAGATCCTGTATTCAGCTCGTCTGCTGTGTGCCGATGCGTATGATAAATGCAAGAAGTATGGTTTTACCTGATACCTGGTTTGCCTGTTGGAGTTTCGCATTGATCTGAGCACTGTTGGATAAGCCCAATACTGTTCGGCTCACGGTTTGCAATTGATTCTGGATTGCAGCTTAACTCTTACGAGCTGTATTTTT
CP036317.1_gap125	5408327	5411078	2751	CTGTTTGTGAGATGTCAACGTGGGGGACGGCTGAGTGAAGTTTTGGCAGTGGACGGGGGCAGGTTCAGGTTTAAAGATTTGGCCACCGTCACTTTCAGGCCCCCATGCAGTGTGTCGGTCAGCATGACCCGTTCTGGTGCGAATTCTTCGTCTTCGACGAGAATCACGTTACCGGATTTCAGATTGATGAAGTGATGCGATGTCAAATAGCCTGTCTCATCGACGTAGGACATCTGCAACACTCCTTCCGGGGTGATTTTCACATCGTGTACGTTCATGAGATCGGAAGCATGTCGCATCATCTCGATGCCTTGCCCCTGTTGGCCGTCCCGCTGTGCATCGTCGGGAGTAATAAACAGAATGGCAATCAAAATCACGAGGAAAATGATCGCACTAAGGGTGACTTTTTCCATGTTTGTCTCCTGTCTGGGCTGCAGTTCTGTACCCAAAACGCAGCGGTCATAGTCAATTGTGGACCATCGCAATGATACTTATAGTCCGTGGTTTTATCGTCGCTGTCAAGTGTTAAATGTCTGCATGGCAAAACGCAAAGACATTTTGAAGCGATTCGGTGAGCGGGTGCGGGAACTTCGCAAGGAACAGGGCTATTCCCAAGAGAATTTTGCCTATGCCTGCGAGCTGGACCGAACCTACGTTGGTGGGATTGAACGGGGCGAACGGAACGTTGCCCTGCGGAATATCGAGCGGATCGCCGATACACTGGGAATCAGCGTGGCAGAGCTGATGGACGGGGTCTGATCAGTCCTCGGACGAAGTTTCTGGCAACAAAAGTGTGCCGACCAGATCGGTAGGATCGTTACAAGCCTCGAAAGCTCCCTGGAATGTGGAGTGTAATCCCCTGTCTTGCAACGCGGTTCTCGATTCGTTGGAAACAACGTACTTGAGGTGGGCCGTCTTCAGACGCGATCGCAGTTGCTGAATTTCCGCTGGCGTCCTGGTCTGCTCAGCCTCCGGAGCCTCAGCATAGATCCTCAAACACTGTTCGTCCTCGGGATCCATTTCCTCTGCCCAGAACTGTAAAGCCGCGATGATGAGCGTGATATCTGCTTGGGTCAGCATGTTGCTCCTTTCTGGGGCGAACGAGTCAGTTGACAGAAGCCAGGTGTTTGAGGTTTCTGCGGGACGGTTTTCGGAGATCTGGTGCATGATAAATCCCCGGGCGATCGGCATCCAGACAGCGGCTACTGGCCCATTGCCGCAGTCGGTGGATGGATTCCGCAGCAGTGACCGCCACCGGAACTACATTCTGCCGAGCCTGGGCCAGGGGAATCTGCAGCAGTCCTGCCAGTCGGCAGCAGCTGCGGATTTCTGCCCCGGTCCAGTCGGTATCGTCGGGACGGGGCTGTTCCAAATCGAGGTCAAACAGCTGGATATACTGATCCCAGATCCGGTCTTTCTGTTCCCGTCCCGGCAGATCGACAAAGAACAGGCCATCGAAGCGTTCCGATCGCCCAAATTCGGGCGGGAGCTTCGAGATGTCGTTGCTGGTGGCCACGACGAATACATCCGAAGTATGGTCGTTGAGCCAGGTCAGAAACTGGCCAAACAGCCGGGCTGAAACCCCGCTGTCGGTCTGACCGGAATTCCCAGCGCCGGCAAACGCTTTTTCGATCTCATCAATCATGAGCACACACGGTGCCATGGCATCCACGATCTGCAGGGCCTGGCGGGTCCGTTTCTCCGATTCGCCCACCATGGAACCCAGCAGGGCTCCTACGTCCAGCATCAGTACCGGACGGCCGACTTCTTTTCCCAGGCTTTTGCAGAAGGCAGCTTTTCCGCAGCCGGGAGGAGAAAGGAGTAACACACCCCGCGGTCGCAAGTGCTGGTTTTGGCGTTGTGGTGAGAGTAGAGCAGAGCGAGTGAATTCCTTGAGTGATTCCAAGCCGCCCAGGCTATCGAACCGTTCCTCACCCCGGTGCAGCGTCAGCAATCCTGATTTTTTGAGGGTCTGGGTTTTGAGTTCCCAGATCGCTTCCGGGCTGATCCGTCCCTCCCGCACCAGGGAGAGGGAGAAAGCTCCTTCCGCTTCGAAGCGACTGAGTCCGCTGGCGGCATCCAGGACGGCTGTCAGTTCCGGATCCGCGGGCAGTTCACCCGGTTCGGTCGCAATTTCTCGGCCGATTTCTGCCAGCTGTTCCCGGTTCGGGAGGGCATGTTCCAGGACCACGAACAGTTTTTCCAGTTCCGCGGGCAGGGAAACAACCGGAGCCAGGATCACGATAAAGGTCCGGTTCTGTTTGCCGGTCAGGATCTGCTGGGCCAGGGCCTGCACGATCTCGGTGGACTGGATGAAGCGGTGGAAATTTTGCAGGGCCAGGATGGCAGTCCCCTCAGCCGAGGCCAAGGCGTTGATGGCCTTGATGGCGGACAGGGGATCGGTGCTCCCGGCGATACTTGTGTCCTCTGTGCCCTGCAGGCCCTGGTCGATATCCCAGGAGGCTAATTGCCAGTCTTCCTCCCGGCAGAGTTGGGCCAGTTCAGCCAGGGCTTCCTGCTGTTCGTGACTTTCGATCCAGATGCCCGTGAAACAGGCGCGGACGTATTCGCTGAATGTGGCTTTCAGTGTCATAAGCGGTCTCCTGTAATAAAGATTTGGTAAATAAGAACCAACTCAATGTCCTTCCTGCAGGTGCTCTTCCTCTGAAGCACGATGATGGAATTCCGGTTTGAGCTGTTCTGACGTTGCTTTTCCGAGGGCCTGTTCCAGGAATCGGCTGGCGGTCCGGC
CP036317.1_gap126	5564040	5565053	1013	TCGCCTTTCTGATGGCCACACACATGGCTTTGTTTCAGTGGCAGCTGATTGAGGCCCCCTGGGATCCGGTGTTCGGCGAACAGACACGGAATGTCCTCACATCCGATGTCGCGCTGAGAATGCACCACTGGTTCGGCGTACCGGATGCTGCACTCGGTGCATTGGCCTACCTGGGAGATGCGATCTTCGGCCTCGCCGGCTCCACCCGCCGCTGGCAATACCGTCCCTGGCTGGTGATTCTGTTCGGCATCGACGTCATCCCACTGGGCATCGTCAGTGCCATTCTTGTTGTCTGCCAGGCCACGATTGTCGGGAACTGGTGCCTGCTCTGCCTGATCACCGCGGTCATCTCACTGATTCTGGTCGTGATGGCCTACGACGAAGTCTACGCCTCGCTCAAGCTGCTGTATCGCGTCTGGCAGCGGACGCATGACCGGCAGATTCTCTGGAAAGTGCTCTGGGGGCGGCCCACGGAAATCGCAGACGAAGTCGCCTGTGAAATGGTACACACAACCTGAATTGTTTTGAGGAGAGAATTGATGTGGTCGCGCGTGGTTGAATTCATGCTGGGGTGCTGGCTGGCGATCAGCCCCTTCGTCTTTACTCCGGGAGAACAGGGCCCCGAATCGCCGCTGCTCATCTGGCTCTGTGCCATACTGGTCATCGTGTCTGGTCTGGCCTCGTACTGGAATCCCCTGCGGCATCTGCACCTGGCCAACGTCCTCGTGGCACTGGCGATGATCGGTTACGGGCGTTTTGCGGTATCGGCCCCCGTCCCCCCTGCATTGCAGAACCTGATTTTAACCGGACTGCTGCTGCTCATGTTTGCCCTGGTGCCCAACCGTGCCAGCCAGCCTCCACGCTGCTGGTATGAAAATTCCCCCGGCTAAGAATCAATATTATTGAGGAACTAGAAATATGTAATTTCACAACGTTCATTCCCAAGCTGGCCGGTTGATGTGTCTATCAGCCAGGCCCATAGCGCCCGCCGGAATCAAGGAGTCTCCCATGTC
CP036317.1_gap127	5672407	5672994	587	CAATCGAAACCTGATCTCGAAGGGGATTATGCAGGAAATCATCCTGCTGTTTCCTGTCGCCCGATTAACCGACGCCATTCCCCTGCCCCCGGATACAACGGGCACCCCCATCGCCTATCCGCACCCGAATCTCAACTGGTTTTGTATTTGTGATCAGCAGGGATTTGTGTTGACTGTGAGTTCCGGGATGCAGGACTCGGATCATGTCTATATTGAGACCGACTTTACTGAACCGGAAAGCAATTCAGCAGACTGGAAAGTCATCTCTGTAATAGCCCCCCTGGTCCAGTTTCTGGATGCCCGTTTTGGTCTAATCGAAAGCCGATGTGCTTACCGGAAAACGGGTCAATACTACGCCATGACAACCGACCGGCATCACGGAACTTATTACATCTATGAAGCGGAAACAGAAGTGGAAGCATCGCAAGCCTGTGAAACATTGAGACAGGCACAACCCGGGGCAGAGTATTTCGTTTTATCCAAAGCCGATTTCCATACCATAGAATGAAGTCTTTTTCGTGTATTTCGTGACTTTCGTGGTTTATTAATTTGAAGTCATAAAAAAATCCCCCGGAACACAATAGCTC
CP036317.1_gap128	5763100	5765283	2183	ATGAACGGAACCCGCAGGCCCCCTTCATACATGGTCCCCTTATGTCCTTTCAGGGGCGCATTCCCATGGAAGAAATCAGTCATGTCCTTCCAGTTGCCTCCCTGCCCACCATTATCTGATGTAAAGATCAGCAGCGTGTTGTCGCGAATCCCCAGTTGCTCCAGCAGGGTCACAATTTCACCCACATGATCATCCAGGCGGGAGACCATGCCTGCGAACGTCGTCAGGCCATCTTCCGAACCAATGTAGCCAGGCCGAGGATCTTTAATCTCCGTTTTGGGGAATTTTCCCCGGTAGGGACGCTCCGATTCTTCCGGTACCACCAGTTCCACGTGGGGAATGATGTAAGGCAGGTAGGCGAAGAAGGGCTGATCCTTGTTTTTGCGGATAAAGGCCTTGGCATCCTCATGAATCAGATCGTGAATGTAAGTCCCCCGCTGGTTATTTTCGTTCTCCGGCAGCATGACCTTTTCTTCATTCCGCCAGATCCAGAAGGGGTAGTAAAAGTGGGCATGTACCTGCAGGAGTTGGCCGGTAAACTGATCGAATCCTTTCTGGTTCGGTCGCCCAGGGGTCCCGGCATAGCCCAGTCCCCATTTGCCAAAGCAGCCGGTGGCGTAGCCGGCTGACTTCAACACTTCCGCCACCGTTTTATCTTCCTCATAGAGCAGCTGATTCAGATCGTTGGCGCGAACGGCGGTATGTCCGGTGTGCTGCCCTGTCATGAGCACACTCCGTGAAGGCTGACAGACCATGCAGCCGGCATAGGCCTGAGTGAATTTCATTCCGTCTGCGGCCAGTTGATCAATGTGCGGTGTTTTGATTTTGGTCTGGCCGTAGCAGCCCAGTTCGGCATACCCCAGGTCGTCAGCCATGATGAAAATCAAATTCGGTTTCTGCGCGTCAGCGGCCTGGCTGACGGTCGTCAGACTCAGAGACAGACAGCTGAAGCAGGTCAGTAGTACAAAGCAACGTCGAAGCATTATGCCATTCCCTTTCGAATGTCAGGATTTCGATTCATTTTTGAAAGATTTACATCTCACTGAGGCATTGAGAATTCAAATTGAAAAAACGTTTTGAATTGGGCTTGACCGATTCCCAAGGAACTTCTATTCTCCCCGCACCATTAACGTTCAAGTTAATGATAACAATTTCGAGCAGACAATTCCCGATAACATCACACCTCAGAATGACAGTTATCATTCCCTGATTCAACCTTCAAGCAAATACCGGTGTTCGTTGAGTGATTTCATTCACTCAACGGAAAGATCGAATGCCCGAGGCACGGATGCTGAGGCATCGATCTTTTTTGAAGTCGTTGTAGACTGATCCCTGTCAAAACGTGACTATCAGGATAAAAAACTAAGGCGAACAATCGCCTCCCGGAAGTGGTGCATGTCCTTCCCCCCCTGGGCTACTGCTTCCGGGAATTTTTATGCGCAAAGGCCCGCAGCGTGGAAACAGTCACGCTGTGGGCCTTTTAATTTGACTCTTGCTGCAGGATGTTTATCCTTCTTCGGGGAATCCGTCCATCTTGCCAATAACGACAATGCCCGATTCCGAAACGGTAAAGCCCCGTTTCTTATCCTGCTCCAGATCATAGCCGATTTGACAGTTTTTCGGGATCGAAACCCCCTTGTCGATGATGGCATTGCGGATCTTGGCATGCCGACCGACATTGACGCCGGAGAAAAGAATCGAGTTATCGACCTCGGCCCAGCTGTTGACGCGGACATTCGAGGAAATGATCGACTGACTTACCCGGCCGCCGGAGATAATTGATCCCGGACAGACCATACTGTCGACCGCCTGCCCCACGCGGGGTTTCGCCCCCTCGCTCTGGGCAAAGACGAATTTCGGTGGCGGATCGGGGGCCTGGTAAGAGCGAATCGGCCAGGTATTATCGTACAGGTTCAGCTGGGGATGCACTGAGATCAGGTCCATATTGGCTTCATAATAAGCGTCAATGGTTCCCACATCCCGCCAGTAATATCCATCGCCGGTATTCTTATCCTGGAAGGGATAGGCACGTATCAGATGATCGTCAATGATAGACGGGATGATATTCTTGCCGAAATCATGCGAACTGTCTAACTGAGTGGCATCGTAACAGAGGCGTTCGAACAGGAAGTTCGTGTTGAAGACATAAATCCCCATGGAAGCCAGGCTCTTGTCGGGGTGGG
CP036317.1_gap129	5766355	5768324	1969	GGGGAGAATGGCAAAGTTTATGGAGTCGATATCTCCGACGGCATGCAGAAGGTTTCAGAAAAACGGGTGGCCGACGCCGGGCTGTCTGACCGGGTCACCCTGTCGGTTGCCAATACCCCTCCCCTCCCCTTTGAAGATGACACTTTCGATGCCGTCAGCATGAGCTTTACCCTGGAACTGTTTCCGCTGGAGACAATTCCCGAAATGCTCAAAGAAATCCGTCGGGTACTGAAACCGGGAGGACGGCTGGGAGTGGTCTCGATGGCCCTCACCAAAGAAGGGGAAAAAGACAGCATCCTGGAGAAGACCTATAAATGGATGCACCAGCATTTCCCCCACATTGTCGACTGTCAGCCGATCAATGCCGTCGGTTTTCTGAAAGAGGCCGGTTTTGAAATCAAGGAAGAGAACAACCTCGAAATCTGGACCATGCCAGTCGCTGCCCTGGTTGGTGTTTCCCCTGACTGAGTTACGCTGAGGTACGCAGAATGATCGTCCGACTTTAGCAACAAGTCGAGAACGGACTGCCTTTCAGTCTTCTTCGAGCAATACTGCCAGGAGTTGCTTCAAGAGGTTCATTTTGCGAATAATGGTCCGCCGGGAACAGCCCAGTCGCGTCGCCATCTCTGTCTGGGTGTACCCTTCCATCATCAGCATCGCGATTCTCTGCAGGGGTTCATCAAGCTGATCCAGGGCATCGTGTACGATCAGGTCGAACTCATTAGTACTGACGTGCTGCAATGCGGCCTCGATTTTGACAGCCTGCTCAGGGCTTTCATAATCGATCATCGGTCTTTCCTGCCCTCCGGGGAGGCCCTTCGTCCGGGACCGCATCCGTTGCCGAGACTTATACACGACGATCTGACATAACAGCCGCCAGAGATCGTTGCGATCTTTGTCGCGGGGCGTTTCCGGCCGTCTCATAAACCGGCAGAGACTGATCAGGGCACTCTGCACTACATCATCGGCTTCTACCGCGGCTGCGGGAAATCCATTCAGTACGCGTCGCGCCAGTGCTCTCAACCTGTGAAAATATTCCAGTTGCAGACGTTCCACCGCCGCACTTTCATTTTCCGTCCAGGCATTGATCAGGTCACTGATAGACCCCTCTGAAGAATCCATAAAGTCATCCAGCGCATTTTAAACAGGGCCTGTCCCTTCCGCCCCGGAACAGGAACCCACACAGCGAAAACGAGATTTCTGAGTTTTCTCTTTTCAGATTTAAAAAATATTGTCACATTTTTTGTGGAAATCGCAATTTACTATCAGGAGAATCATAAACAGGTATAAAAGTTTACAACAGTATTATAAAGAACAGTCATCACTTCAAGTACCAGAAATAAAGGGGAACTTAATGCTGACTCAGTGGTTTCAAACTTCGCGTCTGTCAGAGTTTTGCTCTTTTCGCGCTTCCTCAGCAAACCATACGGCAACGAGAGGAGGAAGCCCAGGCAAGCACTGCCCTCTAAGAGCGATGCACTGCTTTGCACTGGCTGTTCTATTAGGTTTCACGGGTTGCAGCAGTGGACCAGGCAATGATGATCTGGCTGCCTTTTTGCGCGAGGGACATCGGGAAGTCGATGCCATTCTGATTCTGGATGGAGTCGAAATTACGAAAACCGAAGAAGTAGGCGATCCTCCGGTCTTGAACCTGGAATTCAAGGTTAAGGAAAAATCCAAGGTCGACATGTTCAACCCGATTTCAATGGAGGAGGCGTACCAGGAGTACCAGTACAGTCCTGAGAAATATAATGCTGCTCTGAAACGACTGAATGGTTTACGGCAACCGGAACGTTCCGAAACCGCACAGAAGCTGCCCAAACAGGAAAACATTTCCCGCGTGTATCGCAAGACGGTGAGCAAGGGGGATGATATTAATTGGACAGGGACCGTCACCGCGGAAGAAAAAGATGGCAAATGGATTTTTTCCGGAAGAGAAGGGAAACCGGATGAATCCAAGATTACTCCA
CP036317.1_gap130	5784915	5787986	3071	CAGTGTCATTCTGCGGGTTCCTGAATAATCCACCGCGCAAATGTTGCAACCGCTTCTGATCCGGGGGTAGCATAAAGAGAGTTGAATCGTGACATCACTCTTTTGCCAGACAGAGCAAGCTCATGTATCGAATACAGCGCCTCACAGGTTTACTTTTTCTGACTATCAGCTTCGCCTGCTTTACATCGGCGGTCAAAGCGGTAGAAAAGTCCACGCTCGGTAAAGTCAGGATTACTGCCGGCCAGACGCCGGTTCAAAATCAACCTGTCAGCGTGGAACTGCCTGAGATCGATTTCGCAGGGGACGCCGTTCACCTGGTTGATCAGAAGTCTGAGAATAAGACAGCGATCCCGGCACAGATCGAAAAGCGGGGCTCACAGCCGGATCGTCTCTGGTGGATTTACCGGGGCACACTGGCTCCCGGAGAAACCCGGGTGCTGGAACTGAAAGCGGGCGCAGTTCCCCAGGCGCAGGAAGTGACGATCAAAGATACGGGCACGGCTTACCAGATCCGGGTGGGGAAGCATGAGGTGCTGGACTACAATTACAAACACATTCCCGCGCCGAAGGATCTGCATCCGCTCTATGGACGCAGTGCTCACATACACCCGATCGTGACTCCCCACGGAAAAATCGTTTCCGATGAATTTCCCCCCGACCATGCGCACCAGAGCGGCCAGTTTCTGGCGTATACGAAATGCATTTTTGAAGGACGCCCCACCAACTTCTGGGAGATCAAAAGTAACAAGGGTCGCGTCCGGTTTCATAAACTGCTGTCAAAACAGTCTGGTCCCGTCTTTGGTGAACTGCAAGTCGAACAGGAATTCGTCGATCTGACCGGACCTGCAGAAAAAGTGGCTTTGCGGGAAATCTGGACCATCCGTGTCTGGAATCAACTGGAGAAAAACCCCGCCTACTGGATGTACGATATCACTTCCGAAGCCCGCTGTGCGACGGACAGTCCCCTGATTCTTCCCGAATATCATTACGGAGGCATGGCGATTCGTGGTGGGCGTGGCTGGACGAAGGAAAACTGCCGCTTTCTGACGTCGAATGGAAAAACACGCGAAAACGGCAATCATGACCGTTCCCGCTGGTGTGATATTTCCGGCAGGAAAGCGGCTGACGAATCCTTCAGCGGGTTTACCATCTTGAGCGACCCGGGCAATTTTCGCTTTCCGGAACCGGTACGCATTCATCCTTCCATGCCTTACATGGTTTTCACTCCCAGCGCGCTCGGCGACTGGAAAATTGAGCCTGGCAGCCCCAATATCAGTCGCTACCGATTTCTGGTTCACGATGGTCCGGCACTCTCGGGTACCGATCACATCTGGCAAAGCTATGCTCACCCTCCGGAAGTCGCTTTTACTTTAGCTGCCAAAACCAAAAACTGAAAGAATCACAATGATCTGGGACCTGCACTGCCACCTCTCCGGGGTGGAAGGAAAAACGGTCGATGAACGGATTGCCCAGTTGATGGTCTATGCAGACCGGATGGGCGTCGAACGTCTTATCTTTTTTATGGGCTGGCCGTTTCTGACCGATCCCACGCCCCAACAGTTCCGGGAACAGAACGATCAGGTCATGCAGGCGATCAGCCACTGGCATGACCGGGCCTTCGGCTTTGTCTATCTGAATGCAAAGTATGTCGAAGAGAGCCTGCAGGAACTGGATCGCTGCGTGAAAAACGGTCCCATGATTGGTGTCAAGTTGTGGGTCGCGGCCCGCTGCAACGATCCGGCCATCGATCCGATAATTCAACGCGCGGGAGAGCTGAGAGCTCTGATTTATCAGCACACCTGGTTTAAAACCGGTGGCAACCTGACAGGCGAATCGACGCCCAGTGATCTGGCGTTGATGGCGGCCCGGCATCCGGAGATTCCCATCGTTGCGGGACACACTGGCGGAGACTGGGAACTCGGCCTGCGGGCGATTCAGAACAGTCCGAATCTGTATGCAGGCATTGGTGGTTCCGACCCGACAGCCGGCATGACGGAGATGGCGGTCCGGACCCTGGGGGCAGAGCGTGTGATCTACGGCAGTGACATCGGCGGGCGGAGTTTTGCCTCCCAGCTGGCCAAAGTTCAGGGAGCCGATATTCCCGAAGTTTCCAAGCGACTGATTCTGGGTGGTAACCTCAAGCGACTGTTGACCCCCATTTTGAACGAGAAGGGGATCAAAGTATGATTTTTGACGTCAACGTTTATCTGTCACGCTGGCCCTTCCGCCGACTGCCCCACGATGAAACAGCAGCGCTGGTCAGAAAGCTGAAACAGAACCAGGTACAGCAGGCGCTGGGCGGCAGTTTCGATGGCGTACTCCATAAGGATCTGATGGCGGCCAATCAGCGACTGGTGAAAGAGTGCCAGGCCAGTGGAGAAGGAATTTTGATCCCTGTCGGCAGCATCAACCCCCGGTTGCCCGGTTGGGAAGCAGATGTGATTGCCTGCCATGAACAGTGGAAGATGCCCGGCATCCGACTGCATCCCAATTATCACGAATATGAGCTGAGTGACCCCGCGGTCAAGAAACTGTTCGCGATGGCTGCCGAGCGGGGCCTGTTTATTCAGATCGCCATGCGAATGGAAGATGATAGGACACACCATCCGCTGATGCAAATTCCCGATGTGAAATTTGATGCGTTGCCCGGCCTGATGCAGCAGCATGACCAGTTACAGGTTACCATTCTGAATGGCATGAAATCGCTGCGGGGCGCCAGTCTGACGCGGTTAACCGAAAATCCCAATCTGACGATCGAAATCGCCATGCTGGAAGGAGTGGGAGGCATTGAGAAACTGATGAAACAGGTTCCCTATCAACAGATCCTGTTCGGTTCCTATTTTCCGTTTTTCTATCTGGAGTCCAGTTTGAATAAACTCAAGGAATCGCAGTTGGGACAGGAAATCGAATCTCAGATCACCTGGGAGAATGCGAAGAATCGCCTGCTCCCCCCGCAAACATAGAGCACAATTCTATTCGGTCCATTCCAGATAGGGGTCGAGCCCCATTTTATGAAACATCTCAATCCGGAATTTTTCCTGTTTGAGCATGTCCTTGCGCTGCTTGCGGTG
CP036317.1_gap131	5799692	5802732	3040	CGCTCGCTTCCGCTTGAGTTCTGCTGGTGGATTATCGGTCACTGGTGCTGCCGCTGACGGGGAAGTGCAAGACTACCTGGTCACGGTTGTGCCCCAGGGCTATACCGGCCTGCTTCCCGACCCGAACCGTCCCGGGAAAACAGCCCTGTTCATCACCGGTACGCAGGGTAACGATGTCATCCTGGTCTCGCAGACCAATGAAACCAACATCGTTCAGGTCCGGATCAATGGTGTCAATAAGGGTGAGTTCGCTCCCACCGGCGGCGTTTACGCCTGGGGACTGGGCGGCGATGACCAGATCATTGCCGACGATACCTTCTACAACCGGGAATCGATGTTCTTCGGCGGACTCGGAAACGACTATCTTGTCGGTGGCTGGGGCAATGATGTCCTGATCGGTGGTGATGGCAACGATACCCTCGAAGGGGGCCCTGACGGATATGATATCCTGATTGGTGGTTTCGGGTCCGACTTTATCCGGGGGCATAACGAGGCACTCTATACCGACTACGGCCAGAATGGTGACATCCTGATTGGTGGTGCAACAGTCTACGATAACGGGATGACCCAGTTGTTCGCCATCTACCAGGAATGGATCTCTGCTGACCCGTTTGGTGACCGTGTCGCCAGCATCAGTACTCGCGTGGGCAATACATCTGCCGGCGTGAATAACGTTCGCCTGGACGATACCACTGTCTTCGACGACGGGGAACTGGACCAGCTGTATGGTGCCGTTGCCCGTGGCGATGACTGGTTCCTGCTCGACCTGGGTCTGGATATCAATAATGCGGGTGCCAACGACATCCGTCAATAACAGTCACTACCCCACGTTAACCACACAGCCCCCGAGAAATGCGTTTCTCAGGGGCTGTGTTTTTTTATGACGTCTACCAGCGTTCCACTGGACCGTTGGGGGTCTTGACCAAAGCCGTCGGTACGGATGAAGCACGCTCCCCGTGTCGTTCACGAATCTGGGAAACGATCTCTGTGAACTCATCGCTGGACTCCAGGCGACGCAGGCGGTCTTCCAGGTCTTCCGGAATTCCCAGGCGGGCGCCGTACCAGGCGGCGAATTTCCGGATCAGCTGGCATCCATAATTATCGTAATGTTCGATCATCAGGCGAAAATGATGTTCCAGGAATGCGATCTGTTCTTCGCGGGTCGGTTCCGTAACCGGCGTATCTCCTGACACGGTCCGTTCAATTTTGCGAAAGATCCAGGGATCCAGCATCGCGCCCCGTCCAATGGAAACCGCCTGGCAACCGGTCTCCTTCCGCATGCGAAAGGCATCCTCGACCGTACAGACATCACCGTTCCCGACCACGGGGATATCCTGTACCGCTTCCACCGTCTGCCTGATCCCATCCAGATCGACACTGCCACCAAAGCCCTGATTGCGAGTTCGCCCATGAATGGTAATCGCAGCCACGCCCGCCTGTTCGAACTCCCGGGCCAGCAGCGGGGCTGTGATTGAATCGCGATCCCAGCCCAGTCGCATCTTAACCGTGACCGGCAAAGAAACGGCATCCACCACATCCGCCACCATCTGGGAGGCTTTTTCCGGGGAGCACATAATCCGGGCTCCGCCGCCATTGCCGTTGATTTTAGCCATCGGACAGCCCATATTCAGATCCACGGCCTCATAGCCGGCTGCTTCCAGCCAGCGGGCGGCCTTCACCAGTTCTTCAGTGACACCGCCAAATATCTGGACAGTCAAAGGACGGTCTGCTGGGGAAGTTTTGAGTAACGCCTTTGATTTCCTGCTGCCGGCCAATAGATGCGAGGCCAGCACCAGATCGGTCGTACATAACCCAACGCCGCCCAGTCGGCGTAGCGCGACACGAAAGGCGTGCTGCGTGTAGCCTGCCAGGGGTGACAGGAAATAACGGGAACGGAGTCTGCGATTGCCGATGCTGATTTCAGGCGATTCGACGGTGCTCCACTTAATCAATGACATGAGATCTTTTTAACTTCGAAAATGTTTCAGCTGACAAACGGCAATAATTTTTCCAGGGGCAATCCTACTACATTGGTCAGGCTGCCTTCAATCCGTTTCACAAAGATACTGCCCGCCCCCTGAACAGCATAGCCTCCGGCTTTTCCCAGTGACTCCCCGGTCGAGAGGTACCAGTCCAGATGTTCCCGTACAAATTCCCGCTCGTGAAAACTGACCAGCGTTTGAGAGAATTCCATCACGGTTTTCGCGGACGAACGCAAACAGAGCCCCGTAATGACTCGATGCGTCTTGCCGGCATAATCTTCTAAAAACCAGTCGCGCACTTCCTGTTCCCAGCCGGTATTCGCTACAGGCTGCCCCAGAACCACAAAATACCCTGCCTGGCGCTCGACCACAATAATGGTATCGGAGGTCAACAGGAGCGTATTCTCGAAATCGTCAGACTGCACCTGCTCGAAGACATCTTCGTTTTTATCTCGACAGATCTCAGCCAGCCGTTCCTGAATTCCGGTCAGGTCATGTAAATCTTCAAATCCCGCTTCGTCGGGATCCAGAGGAGGAATGACTTGGATTGCCGATTCCGGGACCAGCTGCATTAACAGTTCCCTGCGACGGGGAGAACGAGACCCCAGAATCCATTTTTGAAATTGCATTCGCTGCCCATTCCCACTTTAAGACAAAAAGATCAGGCTGAAAATGGTCGCAACCACGCCCAGAATTCCCAGGAAAACCCACCACGACGGACGATCACTCAGAGGATCCGTATTGGCTGTCAGGTACTCTCCACAAATCGGACAGGAGACGGCGTCTTCGTAAACGTCCGCGCCGCAGTGGGAACAGACAATCGTCTCTGATTCCCAGTCATCATCAAAGTCGGAATCGGGACCATAATCTTCGTCATATTCAGAATCCCAGTCTTCATCCATCCCTGCTGCGTCCAATCACTGTTATCAGATCTACTGATTGAGAAACTTGTACATTTTTTCAAACTGCCCCTGCCCTGAATACAGACACTTGATCCCCAAGTTCAGGAACACTATATTTTGAAACTCTTAAAAATTTTGCGTGAGATTGAGCCAGCC
CP036317.1_gap132	5828616	5833020	4404	CGGGACACAATGGGTTCATACTCGTAGGCGCGGCCCTTTTTCTTTTTACGGACGACGCCCCGTGTCTCATCGAGAATTTTGAGAGTCGTCATCACAGTCGTATAAGCCAGTGGTCGCTCCAGTGAATCAACGACTCCCTGAACGGTCACCCGGCCTTTCCGCCAGACAACATCCATGACTTCAAGTTCACATTTTGTCAGATGAAGTTTTGCCATCACAATGGTTCCTTTTAATCGACATCAGACCAATCGTCAGTATCGATCTGCAATTCGGGCCATCCGGCCATAAACTGTCTGCTTAAGTCCTTATTGTGCTAATCGGCGCGCCATCTGTTGATACGTTCTCGAATCGATGGAATCCGAGACGAATCGAACTCGACCGTCACCCCACAAAAAATTAGTGCCGCCCGGATGGCGACTCGAAAATTCACATTCATCACATAATTTACAGTTGGGAGATGTCATGGCACTGCCCAGGAGACGGCAGGCCGCATCTTCTCCAGCCGCATCCACTCCCAGCCACGTGGAGGGCACCATAGACATCGTACGTTCGCCCACAAGAAGCGTATTACTTAACCCACGCTGCAGGTGAGCAAAAGTGATTGTCTGCGAATGGATCAAGGCACCGTCCCCGGGTGGGGGAGGCACACCATCGTCTGCTTCCACAGTGCCATACACGCCTACGTAACTGCCGGTCGGCAGTTCGAAAATCGGCGGAATTGCCCCACCAGAGGGATTCTCAGGATACAGCAGGAACGTCGGATCAAAAATGTCGGACGGACAGAGAAAACTGGCGATGGACGTCTTGCGGGCAGAAAGATTCGCAGGATGTTCCAGAACCCGATTACGATCAATGCTGGTATAGATAGCCCGCTGCTCCAGATAAGGCAGGAGTGGTACCGACCAGCCGTAGAGGGATTGATGAGTCGCTTCAAACTGCCACCCTGCCGGCAGGCAACGGTGGGTCTCGTGATAACTGTGGAGTGCAATTCCCACCTGCTTGAGCTGGTTTTTGCACTGCAATTGACGCGCTGCTTCACGTGCGGAACCGACGGCAGGCAGAATCAGACTCATGAGAGTCCCGATGATACCGCAGGTCACCAGCAGTTCCAGGACGGTGAAACCTGTACGGGAACTGGAATGCGACCTCTGTCGCTGCTCTCCTGGCGCAGCAGAAACCTGCTGCGAGCAGATTGAGTCGTCGCGGAGGCCCACACGTCCCTGATACATGTTTGAAAGTCCTTTTCGCACCGTTCGATTCCATTTAAGGGCCGCTTTTTACTAAGCCTTTAGTATCATGTCAAGAGGAAGCAGAATCCGCGGAAGTCCTCCCCGGACCAGGGTGAACAGAATCTTCATTTCGAAGCACTCTTGAACGAACTGAAAAAGTAGCCGTAAACCAGTGGCGGTCAATTGACTTCCGTCACCAGACAGACCACCATGAAACCGTGTTCAGGTATTCTGATACCAGAATGCTGACCTGAGAGAAAATTCGCCAACCTTTTCTTGACCATGGGATAAAATATGATCGTGCAACAGGGCCCCTCAGAAAATCAGTCAGAACCGCAGGAAGCGGAAGCCAGAAAGCAACGCTCTCTCGCGATACTCCACGCGGAGCAGGTTCCCTTTATCGATCATCTGCCCCTCAGAGAAACAGAAGCCGAATCCCTGCGGCGGACGACGGAAGAGGTCGCGCTGCGGGCGATGGCGTTATGTATCGTTTCTGTCAAAGGGGAAGGGCTCGAACAGGAGATCGTGGAACGGCTGGTGGATGATTTCCAGCTGGCCGATGCATTCTCGCCGGACGAAAAGAAATTCATTGCCGATCCGGATCCCGATCAGATGCTGCGCGTCCAGTTTGCCTGGCGTTACGAAACCTATTGGGTGCTGTTATGGGCACTGGAATTCATTGATGAACTCCCGCGACCGGATCAGATCTGCGATGTCCCGGCCGCTGTCGCCTGTTTGCGCGATCTGGGTCGAGAAGGCTTCCTCGAACAGGCCAATCTGCGGCCCCAGAGTGAAATCCTGGATGCAGCGGATCTGATTTACCGCTATCACTGGGCGGTCGTCGATGCCCGGTTGAAGCAGCAGGATGCCCCGGCCCAACTGGACGGAGGCGTGGTGATGGAACGGCATTATGCCCTGAACTGGCTGATCGGTTATCAGAATCAGCTGTGGGACGATATTTCAACGGACACCTGAGACAACAGGACCCATTTTCACTGCCTGTAACAGTGCTTCCCTCATTTCCCTGCCGGATCTACAGAGCGTCATCAGCCGAAATCGAAGAAGTATTCATACTTCGCTCACGATTTATTAACACTCTAAAGTTAGGATGCGTTCCAGCATCAGGAAAGGGCTCCGCGCCCTGTTCCCTAAGGTCAGACAAGACCCATACCGGCACACCCCGCCTTGAGAAACTAATTCGCTGCTCTACATTCCATACTACTTACTCTTAAGGAGACTGGAAAATGAGGACGTTACGTCCATTTCCTACCCCCGCTACCGGTGCGCACCAACGTCAAGCTGCTAAATGTCAAGGATTTACTCTGATTGAACTGCTCGTCGTGATTGCCATCATAGCCATTTTAATTGCCCTGCTGTTACCCGCAGTTCAACAGGCCCGTGAAGCGGCCCGCCGCACCCAATGTAAAAACAATCTGAAACAGATCGGTCTCGCGTTCCACAACTTCCATGACGTCTTCGATCGTCTGCCGACAGGTGCCCGTGACGGCGCCGGTTCTTCTTATGCCTGCTGTAACGCCACCGCCCGGGAAGGCTGGAGCTGGCTCTACCACATCCTGCCTTACATGGAACAATCCACCATCTACGATGTAGGGACCGATGCCGACCCGAACGGCACCTATCCCCTGGTAGGTCGCAAAGGTGTGAAAGCCTATTACTGTCCCAGCCGCCGCAAGGTGACTTCCTATGGCAGTGGCTACTACCGCAGCGACTATGCTGGCAACGGCGGTCAGCGTGAAGGGGGCGTCACCAGTACGCTCAGTATCGGAAAACGGGGAGTCGTCGTCAGAACGGACTCCAAAGAAGTGCGCATCAACGATATTAAAGACGGTGCTTCCAACACAATTATGGTGGCGGAAAAAGCACTGAATCCGGATCGACACGGTCTGGACGGTGGTGACAACGAACCCTGGGTTAACGCCGGCTGGGATGAGGACATCGTCCGTCACGGTGCCGGTAAAAACAGCTCCGGAGTCGAATACGGTCTGACTCCCCTGCCCGACGTCAAAGCGCCGACCGATACGGTTGCCGTGACTGACAAGGGGGGCGTCTCCTGGACGAACTGGCATCCCTTCTTCGGTTCAGCCCATGACGGCGGCATGAATGCCTGCCTGGCGGATGGTTCAGTCCGGATCATCAACTACAACATCGACGGGGAAGTCATGCGTCGGATCAGTCTGACCGATGACCGGCAGCCCCTGGAAAACTTCTAACGCAGCGTTTTAGATCGACTGCGTTTCTGCCTGCATCATCGTGAGCGCAGGGCATCTGATGGTTTCCCCCCCGGAGCCTGATGATGCCCTGTTTGAATTTTTCTCCTGATGCAGCTTCCCTGATTCAATCTTACTTTATCGTTCTCTACCTGAGGAAACTGCTGTGAAACTGATGTCTTATGTTCTACTGTTTGTGACTACCTGTCTGTTTACTGCCTGCGGCTCCGATGCGCCGCTGGATTCGGGCGACATCACTCCCGATGTGCAGACAGAAATGGAAAAAGAAAAAAAGGAAGTGTTTGACGCGGAAGCAGCACATCGCGCTGCCCAGGAACAACCGAAGAAAAAGTGATCACGTTGCGTCTGTACCCTGCGTCATAGATTGAACACAGTAATCGATAAATTCCCTGAGGCACCAGTCCTGCTGCCATGCCAGTAAGAGGACATCACGTGGAACATGGCAATTGAATTCCTTATGAATCTCCATTCCCACAATCAAGGGTGTCAGATCATCGAAGGGTCCCCAGAATAACAGTGAAGAGGGATCTTCAGGATGTAGTGGGGGTGGATTTTCCAGCCCCTTTTCCAGACAAATGGCATCAGAAATGATTTCTGCAATTTTCTGGTGACGTGATGTAGCAAAACCAGAGGAGATACTGGACCAGTCCGCGATCTGAGGACGAGCCTCAAGCTGTTCAACGATCTCTTCGGCGATGGGCTCCAGGATCTCATAATAATGCTTCCGCCAGCGAATGTGTCGCAGTATCCATGAAGGAAACCAGCCGAGGAGTGGAATTCGTCTGAATTTTGCTTCTCGGCTCTCCGGAGAAGGAGCTGGATAGTCTGGCGGAGGCCAGACCTGGGGATACTTCAAGGGTTCATACTGATAGTCGTTCATCTTGATCCTGATCGGAGTGAATCACCTGGGCAGCCAGCTGGCTGTT
CP036317.1_gap133	5838892	5842955	4063	GCGTCATCAAACGCAGACGCGGAACCTATCCGCTGATGCAACAGCCCAGGCAAGTGCTCAGAGACCGATTACGCAACAATACCACTTGAAACACGTTACAACTCGACAGTACCATTCCTACCTGGCACTCCATTGTGATGAGTCTGACTGGAGAACGTCAATAACTGACTTCCGGATTCGTCAGTTCAGGCTGCGTTTCGGGTCGATATTTCTCTCCCTCTCAACTGCTTTGGGGTTTAAAAAAACATCGCGGACCGAAATCCGCGATGTCTGTTCTGATTTAATTTTCAAAAGTGTTTCGAAGTCTTCGCTCGTCGGAATTACTCCGGCACGACCGGCGAAACGAAATCGGCCGGTTTGAAGGTCAGCACGGAACAGTTGACCTTTTCCAGCATCCGCTCGGCGGTATTGCCGATGAAGAAACCGCTGATCCCGGAACGGGCGAGTGTGCCCATGGCGAGCAGATGCACTTTGCGTTCGGCAATAAATGCGGGAATGGCCACATCGGGGGACCCTTCGAGCACATGCACCTGGACGCCGTAAGTCAGCGTGCGAAAATCGGTCTGAGCCAGCTGTTCGTTGAGTTCATTCTCGACTTCCGCTTTGATGTCATCAGTACACTTTTTCAAAGTTTCTTCATTCACGCCCAGCCCCTTGAGCCGCTCGTCGAGTCGCGTATCGATGGCATGCACCAGATGCAGTTTCATGTCGGCCACCTGGGCGGAGGAAACCATGAAATTGAGGATGTCGCTGCTGACTTCGCTCATATCGCTGGCGATGACGATCTCGGGAACTTCGGGTTCTTCATCAATCTTGACGGCAAACACAGGACAGGGGCACTGACGGAAGAGGTTCATCACGGTGCCACCAAACAGGCGACCGGTAAATCCATGCGGACGTGTTCCCACCAGAACCATGTCGTGTTTGTTGTTGATCACTTCGAGAATGATTTCCCGCCACGGATGACCGAAGGCGACTTTGGAAGAACTTTCCACGCCCTGCTCTTTGGCCTGCTCAATCAGCTTGCTCATGACCCGGTGGGCTTCGTCTTCCACATTGTGAGTCAGATGATCCCGATCCTCTTCCAGCAGGTGCTTGGTGTGGGCCGACAGATCCATGGCTGCAAAGAATTCGAGCCGGGCATTGAACATGGCTGCCAGCCAGACCGCTCTCTCGACCGCTTCGGCAGTCTGCTCGTTTAACTCCTCTGCCACCAGACGATCCGCATGAGTCAGATCGACTCCGACCAGGATGGAATTGATATTTTGCATGGGCTTTCTCTCGTTGTATAGTTGAGCTTAATCCGGACTCTCCGCATTTATTATGACAGAAGTCAGATCAGGTTCCTAGTTGAAATCCAGAGTTGAAATGTGAGTTATACAGACTCTACCTGATGAATGCCAATGCACGGCGGGTTGTCGAGACTATTGTTTCGGCTTTTGCATCAGCAGAATGAATTCGTGGACTTTATTCACACGAAAGACAGAAGGGAAGCCCAGGGGTCTGAGATTGTTATACTCGGCCTGACGGTTCCAGATGATCAGATCGTCGTAGATCATCCCGATCTCCTGCAGTCGGGCTGCCAGATCGCTGTGAAAAGGGAAAAAGCGGCTTTTCTTGCGGAGATCCATGACGATCACACAGCAATAGCCCCCGGGCCTGAGCGCGGTCTGCACTCCTTGAAAGACATGTGACAATTCCTGCAGGAACTCTTCGTAATCTTCCACAACTCCCAGGTCGTGTTCATGATTACCATAATGCCTGACTTCCTTGTGGTCGGCGGAACGTCTCTGATTCAATACGTTCCAGTAGGGAGGCGAAGTAATACAGAGGTCCACACTGCCCGGCGACACGTATTCTGCAAGATGCAACGCGGAACCATGATGGATGCGGGATTGAGTCCCCTGCGCCTGATCAGTGTTTGTCTCGTCCCTGGTTTCCGTGAGTTCTGTCAGTCGCTGGCTGGCGATCTCGGCGTATTCGGCAGAGAGTTCCACACCAATGCCCGTTTTCCCCATCTTTTCCGCCGTGATCACGGTGCTGCCCGAACCAGCGAACGGATCGAGAATCACCTCCCCGTCCAGAGGAAGGAAGGTTTCGATCAGACGCTCGACCAGCATTTCGGGGAAGATGGCGGGATGTTTGAGACGGCCTTCCTCGGTCGATTTACGGATGTCGCTCCAGACGCTGATCGAATTCTGAATCCAGCGTTTGCCGTCCAGCTCATTATAAGGAGGCGGCAGCGTCCTGGTTCGTTTCTTTTTGGCTGGTTTCGGATCAGAAGTCGACACGCGAGCAAAGCCTCCTGCTGAAGAACGGGTCACTCAGTCATCTCTACTGCCTACAGGGTACCCGGTTTAGAGACTTTGTAAATAGGCATTCAGGTCAGCCAGGTCCTGGGGTGTCAGATCCTTGAGCAGCCCTTTCGGCATGAGTGAGGAATTTTTCTTGCTTTCAAAATCGATTTCATCCGCTTCAATACGTGTCGTCTGGTTATTCGAATCGCGGAGTGTCAGCCCATCCACCGAACGGTAAACCACCAGACCGGTGTAGACTTTGCCGTCCACCGTACCGATGACCGTCGTCTGATAGCGGGGAGAGACATCCCGGTCAGGCGAGATAATCGCCGTGAAGATATCATCCCGCGAAAACCGCCGGGCCACTCCGGTTAATGCGGGCCCCAGGGCACTCCGGTTTCCGTGACACTGCACACAGGCGCGTTTCCGGAACAGGGCTTCGCCCCGCTCCTTGCTGCCCGTCTCCCAGTCGACGTCAGCCAGCATGGCCTTGATTTTTTCGGTCTCTGCTCCTCCCTGCTGTAACACGGCTCGATAGACGTCGGGATAGGTCTTCTTGATCCAGTCTTCCCAGGCCTGAATCAACGCGCGCCCTTTTTCGGGGTCTGCCAGATCTGTAATCTGACCAAACTGCTGTCCGGTCCAGCGCTGCAGCAGGGGAATGATCCGCGCCTGCAGATTTTTCTCGCGTTTGTCATGCCCCAGTCGACGCAGGGTGGCGAACAGCCGCACGGTCTCGTCGGGCTGCTCAGGAGGCGCCAGTTTTTCCAGAGCCGAGACGCAGGACTCGAGGACTTCAATCTGCGACGATGCCAGCCCTTTCAGGAATTTGTCCCGATCCTGTTCTTCAGGCTGAGACGAAAGCACCGCCAGCACGGCCGGTTGGAGGGCAAAATCATCGTAGAGGTCGCGAATCATTTCCCGATGTTCGGGCTTCTTCGATTCGCCGAAGACGAAGATCACATCACTGTTCCACTGAAAGTCAGGATCGGCTTCAATCTTGCGTTCGAAGGCGGCAATCGCTTTGCCCAGAAACTGCGGAGGCAGTTGACTGAGAAACAGCACATGTCCCGGCAGGCCGAAGTCCGGCTGTTCCACAATCTGTCGGGGCAGGTCGGCATCGATTTTGACCAGCCGGGTATAGAGTTCTTTGAAGCGGTCGTCCCAGTTCGTATCCTGGGGGAGCTTGAGCTTGAGCAGTTTCTCGTCGATAAGCACCAGGGCACTGGCGATTTTCTTCGACTGTTCCCGGCTGCGGTCACTGGGGATGCGGGCGGATACAATCAGATAATGAATATCGGTCACCGGATCAGAATCAGGAGTAATTTTGGCCAGAATACGATCCAGCAGCTTCGGATTGTAAGGCGCGAGCATCGCCAATACGCGAGCCAGTTCATGATCGAGCACCTCATGGCTGCTGGGGAACGCGTCCATTAAACGAATGCGGATCGGGTCCAGGTGCCGTTCGTGTTCGCTCAGATCGACACCGTTGGCATAGCCATCAAAGACCGCGGCCATTTTGGTCGGCGGTCCCAGATCGCCGAGTCCCAGCTGAATCAACCGCAGGGCTTCGAGACGCAGATCGGTCTGGTAATCGCCTTCGAAGACGGTGATCCCCGTTCGCACCGCCAGGGGAACGACACCGCCCCCCTGTTTGATGACCGACGCATAGGCGAGTGTGATCAGCGCGGCACCTTCATCCGGTTCCACCCGTGATGAAAGTGTTTTGAAATCGTCCTCGCTCAATGTCGCTGCGGTTCGGGCTG
CP036317.1_gap134	5870998	5872639	1641	ACTGCTGAATCGGCAGATCCGCTCTGCCGATGGGTTCATCGCGCGAAGAAGCCAGCACTTTCCCCTTCAGGTTAAACAGGCCGACATCCAGGTACCCCAGGTGCTCCAGTTCGGAACGAAACTCATCCCGTAACCCGGCGAGTGATTTCGAATGCAGCAATGCGTCCCGGTTCTCCGGCTCCTGCTGCTCAATGCCGATTAACTCCTGGGAGAGTTCGCGCACACGGGATTCTTCAGCGAGTACCTCCGCCAGCGACTCTTCACGACCCAGCCAGATTTTTAAAGCAGCCACGTCAGCGTCCAGAATCGTCTGCAGAGTATCCGCCACGGTTTCCCGGCTTGATGTCTCCACGATCGCTCTCACCATTAATCCCAGCACAAGCAACAGGATCGTGCCCGCAATCGGCCAGACCCACATACTCCGTTTGGAGAAGAGTCTGGTACGGGTAAAGGATTTCAGGAAAGATCGAGAAAAGGATCGACCCAGCGAAGTCTTAGATGCGTTCATAGATCCCGATTTCAGCAGTAACATTGAGAAAACGACACAGATTCTTAATTCTGACATCTCCCCGGAAGGACATCAAGAAATGAATCGATTTTAAGGTGGAAGTCCTCAGAATCATCTGCTGCAGGACAAACCATGAGCGCATAAAAAAAGCCGTGCCTGTGTCAGGTCACGACTTTCATAGTATCTGTCATTACATTGCGACGGTGGGGTCGCTGCAAGAAGGACGGTGAATCGGGTAGTGCCTGGCACTCACCACTATTGATTCCGGTCCATGCTAAGGTTTAGGATCCTCCGACGGAATAAAGAATGACAGAATACTGATTGAATTGTATGCATTTCCCAGACAACCGTCGACGGGAGAATTCCGTCTTTTACCGAAAATTCACCTCGTCTCGGAACGTCTGAATGAAATCAGTTTTCCTGATTTCTGAGATAGTAATCAACATCGGCATTTCAGGGCTCAACGGTTTGATCCGTTTTTCAAAAATTATGAAAAAGGACCTTCCCTGCAGGAACTCCCGGGAGAGCATTGTTCCCTGAATCGACCGGGGATCTTACTGATTTTCACAAAGCAGACAAGAGGAGATTCTTCAGAAACTTCGAATTCCCGGTAAACAAATCTCTCTGTTCAGGTTCCCCCTGACTCAGACTTTGCGCATGCCGTTTCGCATTAACAGCCAGCCGATGAAGGCGATGACCACCAGCACAATGCCGTACTCCATCGGCGAGATATTATCCCAGCGTTTATTAAGATAATTGATGTAAAACGTTGAGTACTCGTGCCAGATTCCCTGAATCGTGTCAATCATGATGTGACCTCAATGATGCGTGAACAAATTGCGATCTGCAGGGTGAGGTGACTTCCGCTGTCAGCCGGCGTTTCGGAACGAACCGCAGAATCGCTACAACCAGAATTGTGTCTACTGACAGCAGGGAAGTTTACAGATCCTGATTTAAAGCCTAGCTCATAGATGTGAGCTTGGGACGAAATTTTCCTGTTTTTGTCAGCCGAAGAAAACAGCCCCCTGCGATCGAAATCACAGAGGGCTGCTGTTGCACCATTTACGGTACTCGAATCTCAGAGATATTCATTGATGACATTCTCGATCCATTCCTGGCGACCGCTGAGATTG
CP036317.1_gap135	5874163	5877891	3728	CAGCAGCCAGAATGGCGTCACCAGGCTATGAGCTGTAACCTTTTGAAATTCATTGGCTTATGTTTGCTATGCACCAGCTGTGCATCGGGCTGGTCTCAGCCTGCGCCAATGACGGCCTCCAATCCGATTCAGATCACGGGAAACAATCAGGATGTGGTCTGGGAACGGGTTGTGGATACCATCCATAACTACAAATTTGCCATCGCTAAAGAAAACAAGCTGGATGGCCGCATCGAAACCCAATACAAGGTGGGCGCAAATCTGTTTGAACCCTGGCACGGCGATTCGGTCGGGTATGACAACCGACTGGAAAGTACCCTGCAGTCCATTCGCCGCAGAGTCTTCGTCAGCGTTACCCCAATCGAAGGGGGATACCTGCTTGGAGTGGAAGCATTCAAGGAGATTGAAGATGTGAACGCCCCGACCTCCAGTGCCCCCGGCGGAGCCACGTTCCAACAGGATTTAAGCCTCAGACGCGACCTCAATCTGGTTCAGGAGCGCAGTAAACCGAATGGCTGGATACCGCTCGGCAGAGACCCCGCGCTGGAGCAGGATATGCTGGAAAGCCTGCAAATCGCCTTCTCTCAGTAAGGCTCCCCTTACTGAATGACGCTCGTCAACTCGCGAGTCCGTCGACACAGATCTGTCTCTGCCAGGCTTATTTGCAGAGAATCAGCTTCCCGTTCTGAGTAATTCGTAAACGGTACGTCGTCTCTCCATGCTGGATCAGGACTTCCTGTTTTCCTTTCAGAATCTCCTCGGAAGAGATGACATCGGTCGGAGTTTCTTCTTTCGCATCGGTAGTGGTAGCCGGGCGTTCAAGCTTCTCTGATTCGCTCATAATCTGGTTCATGTTGCTCACAAAGTGAAATGACAAAAATAAGCAATCCAGTACGCCCCAGGTAATGAGTCAAACAGATCCCCACCACCAAATGAATTGCACTCCATTCAAAACTGCCGGCTTCACGTGCAGGGCCCTGTAATTCTGTTTTTCACATCTAAAATTGTGAAAATTCAGAGTCAGAGCCTCTTGAAACCAGCTCACATGCTGGCTAACATAATGAACCTGAGACTCAATGTCAACAAGGACTCATTGTCAAGTCTTTGAGAATTTACCGAAAATTAAGGCAAGACGGCTTATCTTCAGATCTCGAGGCGATCTGATTTGTACGTTGCAGACCATATGCACACGAGCACGTTGCCAGCATCTTTTTTAATGGAAAGAAGAGAAATGGCGCAACGTTCTCTACACAGCCGAGCGATCGGCAAACGTGGTTTCACGTTAATCGAACTTCTGGTGGTGATCGCCATCATCGCAATCCTGATCGCGCTCCTGCTACCCGCCGTCCAGCAGGCTCGCGAAGCTGCCCGCCGCAGCCAGTGCAAAAACAATCTCAAACAGATTGGCCTGGCCCTGCACAACTACCTGAGTGCCTACACGGCATTCCCTCCCCCATTTTGTGTCGGTCCTGGTGGAGGGACTTACACACCGGGTGGCCAGTGGTCGATCCATGCCCGGATCCTCCCCTTTGCCGATGCCGCCAATCTGTTCAATAACATCGACTTCACCAAAAATTACTCAGGGCAGAGTGATCCCAGTATCGCATACACCCGGGTCCCGTTCTTCCTCTGCCCCAGCGAAATCAACGATAAGATTCGCCCGGACTCCTCAGGGGCTCCCGAACATTATCCCATCAGCTATGGCTACAATGGCGGAACCTGGCGCGTCTTCACCAATTCCAGCCTGAGTGGCGGAGATGGCGCGTTTTACCCGAACAGCAAAACAAAACCGCGTGACTTCACTGATGGAACCAGTAACACGCTCTGTTTTGCAGAAGTGAAAGCCTATACGGCTTACAATCGCGATGGAGACTCGGGCTCTGCCACTGTTCCCAGCGTGGCCGGTGATGTGGAAGCCCTCATCAGCGGAGGTGGTTCGAATAAAGGCAACAGCGGCCATACGGAATGGGTCGATGGACGCGTCCATCAGACCGGCTTCACCACGACGCTGCCTCCCAACACGAAAGTCGCCGTGCCTGGCGCCAGTGGTGCTGTTGATGCAGGTGACTATACTTCCTGCCGGGAAGCACAAAGCTGCTCGGGACCGACTTACGCCGCCGTCACTGCCCGCAGCTATCATATCGGGATCGTTCACGCCCTGCTCATGGATGGAGCCGTTCGTTCCCTCAGCGAAAATATCGACCTGGGCACCTATCGCGCCCTGAGCACCCGCAGCGGAGGCGAAGTCATCGGAGAGTTTTAAAGTACTTCAATCTGCTTACCAATTTCAGTTGCCAAAGACCATCTGCATCCGGCGACCTGAAACAGCAGACGACTGTGTATTCTGAATTTCGGCCCCGGGGTGATTCTCCAGGGCCGTTTTCAGTTCTCGTCGCCCTCTGATTCGACGGGCGTTTTCCTGCCTGCTCGTAACAGCGTCATGATTTCATGCAGTCCCAGTATTTTCGCCAGCTGCAGGTAAATGACAACAGCAGTTACCACAGGAATCAGCACGCGCAGCAGTCGATAACGAAACAGATCGACACTTGGCAGTAACTGCAGCTCCACCAGGATCAGAACCGACATGACCGCCGTCGCCAGACTGGCCCGCACACAGGTGCTGAACAGTTTCGCAAAATCGATCTGCCCCACCTTCTCCCTGATCAGCCACAGACTGAATCCGGTCTGAATCATGGCCGCCAGGGACGTCGCCAGAGCGAGCCCCCGTCCCTTCAACCACCAGATCAATGCGAGATTCAGCAGGAGATTACAGATTACAACCAGCACACCAATCCGGACCGGCGTGCGGGTATCCCCAATCGCATAGAAACCACGATTCAAAATCAAAACCGCCATAAACGCAAACACGCCGATCCCATAGAAGCGAATCATCTCTGCGGTCTGCAATGCGTCAAACTGGTCGAAATCTCCATACTGAAACAGTAACGACGACAACGGCTGCGCCATCAACACCAGTCCCAGGCTGGCAGGTAACCCGACCCCGATCACCAGCTGCAGCCCCAATAGCAAATCCTGTCGTAACAGATGATCATCTTTCCGTTCCACATGCCGTGACAGTCGAGGATACAGCACCGTCCCCAGCGCGACGCCAAACACGCCCAGGGGAAACTGGTACATCCGCTGTCCGAAATAGAGCGCTGATGCCGTCCCCGATTCAAAGATCTGCCACAGAGGGGGCGTCGACTGGGTGGCATAAACCCCTTCCGGTTTCGCCAGTCCCCATGCCAGACAGCTGTCGATCAGGGTATTCAACTGCGTAATCGACAGGCCCACCACGATGGGAGCCATACTCTGGGCAATCGTCCGTACCTGGCTGAAACCCGCCCCCCTGTCCATGTGGGGACGGTAGCCCATCTGACATAGTTTCCAGAATGGCAATGCCAGTTGAACCACGCCCCCGGCCAGAATCGCAATACAGATTGCAGTGATTTTCGCCGGCGCATCCGGCAGAAAGGGGGCCACCAGCCAGATGCCCGCCATCCAGCTGAGGTTCAGAATGGTGGGCAGAAACGCGGGCACCGAAAAATGATTCAACGCATGCAGCGTCGCGTTGATCTGGGCCGCCAGACAGACCAGGATCAGGTAAGGCAACAGTAAGCCGGTCAACCAGTACAGCAGCTGCGCTTCCGACTCCGCGTTTCCCCACTGACTCAGCAGAATCAGCATGGCTTCTCCCACACTGACCAGCATTACGGAAAAGACCATCA
CP036317.1_gap136	5916784	5920605	3821	AAGCTGTATTTTCCCCAGGGAAGCTTTCCAAAATCGAGTTTCCCTGACTCATCGCTTTCTGCCTCCACCATAAAACTGTCGGTCTGGTCACCGCTTTTTACCAACTTGCCTTTGAATCCGACCGCTGGTTTTTTCCCGCTGTCAGATTTAATTAAGTCAAACGCGATCTGGCACATCTCGTTATTCGTGGAAACGCCTTGGTCAGATTGTTTCTGATTCAACTGTTCCAGCTGTTTCAGAATCTGCTGATCCACCTCGTTCGTCGCCGCCGGTTGCGGTCGATCTGCGATCAACGCCATCTGTTCCAGCAGCTGATGATTCACCAGCTGACTCTCTTTCATCATCAGCCAGGCCAAAATCACCACCAGGATACAACACGCCGCCATCACGGCGGACATTCCCGTCAGAATTCGTTGCGACATGATTCTCTCCTTCATCGCGTCCAGCCAGAGTTGACGCGCGATTTTGATCGGATCCCCAAACTGTTCCAGCACGCGCCTCCGCGCCAGCTGTTCGTCCGGATTTTTGTGCAGCTCCCGGTTCAGGGCACACGCAAAGTGATCGCTGAGTTCATCGATAATCTCCTGTCGCAAAGACGACGGTTCATCGTCCCGTCGCGGCGGAAAATCTTCGATACTGAGCTCAGGCCAGGCCACTTTCTGCTCCCAGAATCCGGTCCACGGCGGATGAGAACTGCTTCCACTCCTGACGCTTCTCATTCAGGACCTTCTGCCCCTGCGTCGTCAGCTCGTAATACTTCCGCCGCCGACCATCAACTTCACGCCAGAACGATTTCAGTAGCTTTTTCCGCTGCAGCTTGTGCAATGCCGGATACAGGCTCCCCTCTTTCAGCTCGAATTCCTGAGCCGAACGATTGGTCACCTGTTGCGTAATTTCGTAACCATACGTGGGCCCCTCGGAAACCAGTTCCAGAATGAGCATCTCCAGAGTGCCTGCAAATAACTGAGGATTCATCATTATTACTCCCATACATAGGATGACTACATATCCAATATATAGCCGCTCTAGGTATTAACTGTCAAGAAGTTTTTTGAAAAGAAATCATCAGCGGGTGGGCCCGAATGCAATTCGGGCCGAGCGCAGTGAGCAGGAAACTGACGGTGTTGCGTTCATGAAATGAGCAGCGTGCTTACCGGCAGGCATCAGAGAGCGGGAATGATTAAAACAATCCACACATCTGCTCTGACAGTTTCCTGTTGCCTGCGGCAATACCGAATTACATTCGGTACCACCCACGGTCTTTCTGCTGATGCCATCGAGCGCAGGAGCACATGGAATATCGCCAGGCGGGCGGACACATGGGTCCGCACCCTACGCTAGTTGAAGTGTGCCACTGTCGGCTTGTCCGACAGTGGGCGAGAATTTGCGACAGCAATCAGTTTTAAACACCGCGTCCCGCCTGGGCACAGAACTGGTAATACACCTCTTCCGATTTCAACAGCTGATCGATCTCAACCCACTCATCCACCGTATGGGCCTGGGCAATCGAACCGGGTCCGAACACCATCGACGGGACACCGCTCTGATTCACCCGGGCCGCGTGCGTTCCATAAGGCACACCCACTTTTTTATGCCCGGGCTCCATGGTATCGATCACCTTGAGTAACTGATCGCTCCAGGCACCGTTATTGTGATCCGAAAGCGAAACGCCGGTAATCCACGGCGGCAGCATCTCGAACTCGAAAGACAGCTTTTCTTTCAGGTACGCTTCCACCTGGTTCATCACGTCGATGCCGTCTTCGCCGGGAATCACCCGCCGATCGATTTCAATCGTGCACCAGTCCGGCACGATGTTGACGCTGTCGCCCCCTTCAATCACGCCCACACTCAGCGTCGGCGGGCCACACAGCGGATGCGCTTCCCGTTGCGTCAACTCATCCGCATACACCTGCAGCGCTTTGATCACGTCCGCCATTCGGTAAATGGCGTTGATGCCGTCATTGGGTTGTGAACTGTGACACGCCTTCCCGGTTGTCTTGATCTTCCAGCGGGTCGCCCCACGGTGCGCCACCACGATATCCAGCATCGTCGGTTCGGCCACCAGCCCCAGATCGGGGGGTGAGGTTAGAATCTGGCTCAAACCGCTCGGGTTTTCCCAGAGCTGGACCAGGTGGTTGATTCCCTGCACGGTCGCTTCCTCGTCGCAGGTGCAGGACAGAATTACATTCGCGGCATCGGGAGGATTGTCTTTGACGAGCCGCGTGAAGGCCATCAGCATCGCCGCCATGCTCCCTTTGACATCGCAGGCACCGCGACCATAGATCCGGCCCTCTTTTTCCGTCCCTTCAAAGGGGGGGACAATCATCCCTTCCGCGGGAACCGTATCCTGGTGGACGTCCATCAGAATCGTCGGGACGTCCGGCTTGACCGGCGTGCGGGCGATCACATTATTCCGCCCCGGGACGACTTCGATCGATTCATATTCGACTCCCAGGTCCTGGAAATAATCACACAGAAACTGAGTCAGTCTGCCTTCGAAGTAAATATCACCGGAAACAGCGCGCCCCATGGGATTCACGCTGGGAATGGCAATCAGTTGTTTTAACAGCTGGACGACATCCATCAAAAATAAACCTCTTCTCAAGCCCGCTTTTGAATACTCTCGCGCTGAATTCATCGGGAATTCCTTAGCCAGTGTCCCTCATGTGCAGGCTGATTTCTACTGATAACGCATTCCGTTTCTTAAGATGGTTGAATTTTACAGGTGAGACTGACTCTAATAGTAGAAGAACGCGTTCTTCCCCATTTACGCTGACCGCATACTCCAAGGAGCCTTTCATGAAAAACATACTGAACTGGTCCGCCGCGCTGCTCGCCCTGTTCGTCGTTTCAGCCCCCCTGCAGGCCGCCGACCAGATCCCCGGCATCGGTCCGGTAAGCAAACCCGTCAAAGTCTTCACCGACTTCAAATTCACCGAAGGCCCCGCCTTCGACCTCAAAGGGAACCTCTATTTCACCGATATTCCCGACAACAAGATCTATAAGGTCGACACCAAGGGGGAGCTTTCCGTCTTCCTGGAACCTTCCAACCACTGCAACGGCCTGATGCTCGACGGCTCCGGCAAACTGCTCGCCTGCGAGATGGACGGCCGTCTGGTCAGCATCAACCTGAAAAACAAAAAAGTCAAACCGCTGGCTGCCAAATACGAAGGCAAACGCTTTAATGCCCCCAACGACCTCGTGGTGGACCGTACAGGTGGTATCTACTTCACCGACCCGCATTTCCGGGCTCCCGAGCCGCTGCCTCAGGGAAAAGTCGCCGTCTACTACCGCTCCGCGGATGGAAAAGTGACCCGGCTGATCGACGACCTCAAAGCCCCCAACGGCGTGATCCTCTCCCCGGATGAAAAGACTCTCTACGTCATCCCCAGCATGCAGAAGGAAATGTGGGCCTATCCCGTCACCGCGCCCGGAAAAATCGGTAAAGGCCGCGTATTCTGCACCTTAAAACAGGCAGAAGGTTACAAAGAACCGGGCAGTGGAGGCGATGGCCTGACGATCGATACCAACGGCAACCTCTACATCACTACCGGACTGGGACTGCAGGTCTATTCGCCCGAAGGCAAACTGCTGGGCATCATCGAAGTCCCGGAAAAACCCGCAAATGTCACCTTTGGCGGCAAGGATAATTCAAGCCTGTTCATTACCGCACGCACCTCGCTGTACCGGATCGATACCAAAGCGAAAGGACACCGGTTCCCGGGAAAATCATCCTGAGACCGATCTGACAACTGATAAGCATTGTCACATCTGTTTCGATAATGCCTGAATTGGAATTATCCACACGCTGGTCTGGCCAA
CP036317.1_gap137	6060502	6061017	515	GTAATTGTTCTTTGACCAATTGCACTGCCTGAGCTGGATTAAGTTGCGCATTCGTAAAGTTCCAGAAGACAGCCCTGATCTGGGGATCTCGTCTTCGCCAGAGCTTTAAGGAATGTAATCTCTCATATGCTTCCTCTGTAAGAAAGAAGATCAGATCGGAATGCTGGTCCCCTCCCCCTTTGACCCAGTTGGTATCGACATTCAAGAGGTCAGCAGCTTCAATCCTGAGCGGTTTCTGCCTGGGAGAGCGATATGAATACAATTCAATAAAATCTGGACCAACTACAACAAATGGTTCTCTGGTGAACGCCAGGTTCAGCAGCCATGCAGCTGCCGGGATCACAAACAGAAAAATAAAGAGTGAGAATCCCCAGAAAGCTCCCGCAGACCAGTTCTGAAAACCATCCGAGGTCAATAATTGAGAGAAGTACAACACTACAAAAATAGAAAACCCCACTGCGCCAATCAGATGCATCCAGGTACTGCGATCAATTTTCTGTGGTTCCTGCATGGGT
CP036317.1_gap138	6241490	6246449	4959	GAAAGATATCGCCAGCCACGATGTATTCTTTACAGGACTCCACCGCGGCTTCAAAATCCTGTTGAGAAAAATTAGATGTCCGCTTTAAATTCGGCTCTGCATGGGTATCGACACTGATGTCGGCCATCCGAAGCACTGAGGGGTCGCCGGTCTGAAAACGTTCGCATGTGTGATCGATCTTTTCGCAAGCATCCTGGTAGGCGGCTTTGAGATCTGCCTCACTCATGCCAGGCATGATATGAGCGTGTGCCACGACCAGCACTGTTTTGTTGATCTGATCGAAGACCACCATATGATCGTACAAGGCAAAGGAGAGGTCGGGGAGCTGGCGATCATCTTCTGGTGCGTTGGGCAGGTTTTCGGAATAGCGAACGACATCATAGCCGGCATAACCGACGGCCCCCCCACAGAACCGCGGGAGTCCTGGAAGTTCAGGAGCCTGATACTGTTCCAGAATGCGTTCGAGTTCCTGCAGCGGATCTTCAACAGTCCGCTCCTCGGTCTGCCCCACTTTCCCGATCACCATCCGCTGCTGGTAAGCGTCGATGGTCAGGAACGGATTCGCCCCCAGAAAGCTGTAACGGCTGATCTGCTCTCCACCCACGACACTTTCAAACAGAAACGAGTACGGTCCTTTCTCCAGCAACTGGTAGGCACTGACCGGGGTCAGGGTATCGCCGGTTAACTGACGATAGACGGGAACCAGGTTTGCCTGACCGGAAAGCTGTTGAAAAGTATCGAAATCGGGAACGTATTTCATGGACTCTCTTAATCGCCGTGTCTATGGGATGGACGGGCACCCCGTTTTCTCTATATTTGCGTGGTGGACTCTCTTATGAGCATTTCTGTTTACAGAGACAAGCTGTCCGAGGCCCCTGTTCTCAAAAATCCCTAAAAAGTCGCGGGCTGTAACCTGTTTTATAGATGCACACTGGAGTTTCCATTTTCCGTTTTGGATTCCCCCCAGAGTGCAATGGTATTCAACGCACTCATTGCATAGAATAAATCAGAGTGACCGTACTTCATCGGCTTTCTGACAGAACTCGGTGGTGGGACTTTGTTTTCCGCCTCTGAACCTGTATGGTATTCAGTCCCCGAGTCTACACCGTTTGGGGGTGAAAGTCACGCGAGTTATCCTGTTGCCAGTAACCGGATTTCCGGCCTCAGGGTCTGATCTAAGTTTGTTCAATAAAGGAGAATCAGGGTGAATTTGGATGCATTCACTCGCACGAGTGGTGAATGGCTGAGAGGAATCGGCCCGGACTCCGATATCGTGATGTCCAGCAGAATTCGCCTGGCGAGAAACCTCGCTCAGTTCCCCTTTATCAATCGCTGTACGGAATCCACTCTGGGTGAGATCGAACAGCTGATGCGTCCGATCATCACTTCCCTGCCCATGCAGGAAAAACTCTCCTATCTGAACGTCAATCAGCTCTCGAACCTGGATCGCCAGTTCATCGTCGAGCGTCAGCTGATCAGCCGTGAGCATGCCGAACGCTCAGGGCCACGGGGGGTGGGACTGGATAACGAAGAAAATATTGGCATCATGGTCAACGAGGAAGACCACCTGCGGCTTCAGGTACTGCGGAGCGGTTTCTCGCTCGATGAATGCTGGGATACCATCAACCGCATTGATGACCTGCTGGAATCGGAAGTCACCTACGCGTTCAGCGAAGAATTCGGCTACCTGACCGCCTGCCCCACCAATGTCGGAACCGGGATTCGGGTCAGTGTCATGCTGCATCTGCCGGCCCTGGTCATTACCAAGGAAATTCAGAAAGTCTTCCAGGCATTGCAAAAGATCAACCTGGCTGTGCGCGGGCTGTATGGTGAGGGTAGCCAGGCCATGGGAGATTTCTACCAGATCTCCAATCAGGTCACACTGGGGCAAACCGAACACCAACTGATCGACAGCATCAAGGAAGTGGTACCCAATATCATTTCCTATGAACGCAGAGTCAGAAATTCGCTCCTCAAAGAAAACCGCCAGGGGCTGCACGATCAGGTTTCGCGTGCCTTCGGTATCTTGAGTACAGCCCAGACCATCAGCTCGGAAGAGACCATGCATCTGCTGTCCAGCGTACGGATGGGAGTCAATCTGGGGCTGATCGAGGGACTGCCTATCTCGACAGTGAATGAGATGTTTATCTTTACCCAGCCCGCCCATCTACAGAAGCTGCAGGGGGGAGAACTCGAATCCAGCGAACGCAATGCTGCCCGCGCGAATTATCTCAGGCAACGCATCAGCGACGCCAGCAGCTCCAGCTGAACGCAACTCACATGGATGAATTTCGATCCGTGCTCGACATAGCCCGTGATGCGGGTTAAGCTATCAATTCGAGAGAACAAGCCATACCGGTTGATTATAAATCAGGCAACGAGATGCATCTCGACCACCTGATCACGCCATCTATCTGACTGCTTCGGTCTTGTTTCCCCTACATCAGCAACTCGTGTCATCAAGCGGGATACCACCATGAGAAAATTCGTCTGCGTTCTTTTTACCTGTCTGCTCTGCTCAACCAGCACCGTCAGCGCCCAGGAATTTCAGAATCTCTTCAATGGCAATGATCTGACCGGCTGGGCGGGTAGAGATGGATTCTGGTCCGTGCAGGATGGTACCATCGTCGGGGAAACCACGAAAGAACACCCTGCCAAACCGAACACGTTCCTCGTCTGGCAGGACGGTGTGGTGGGTGACTTTGAATTCAAGGCCAAGGTTCGCTTCAAAGGCAATAACTCGGGCGTCCAATATCGCAGCGAGCTCGTTGATCCCCAGAATTTCGCACTCAAAGGCTATCAGGCTGATCTCCATCCGAAGCCGGAATATTTCGGGATGCTGTATGGCGAGAAAACCGGGCGGGGAATCATCGCACAACGGTTCCAGCGTGTCGAAATCGGGAAAGACGGAAAACCAAAGGTCGTGGCCGAGATCGGCGATAAAAATCAAAAGTTGAACGACTGGGAATGGAACGAACTGCGTATCGTTGCGGTCGGCAACCGGATGGTACACCAGGTGAATGGCGTGAATACCGTCGATGTGACCGATCATCATCCCCAAGCGTATTCAAAAGGCGTACTCGGCCTGCAACTTCACGCGGGACCTCCGATGCGGGTCGAATTTAAAGATCTGCAATACCGGCCATTGTCAGGCAAGGAAGCTCAGGCGACTCTGAAAGCGGCCGTTGAAAATACGAAAAAAGCGCCTGCTGCGAAAACCTCTGCCACCTCCTCCAAGCCCGGTAAGTTTGACTGGGTCTCCGCTAAACCGATTCCGAACTGGGTCTGGCGGACAGACAATCCCACAGCCAACGATCCGATCTTCCTGCGTAAGAAATTTGATATTGCGGGAGGAGTCAAAGCAGCCCGCCTCTACTTCACCTGTGATAACCGGGCCACGGTCTGGATCAATGGTAAAGACGCCGGTACCGCCACTGACTGGAAGAACCCCGTCATGCTGAGCGATGCCAGCAAGCTCGTCCAAAGTGGAGTCAATCAGATTGCGGTCCGCGCCAACAACAACGGCGGTGTCGCTGCGTTTATTCTGAAACTGGAAATCGAAACAACAGATGGTAAAAAACAGCAGATCGCATCCTCGACTGACTGGAAACTGACTGACAAAGAAGCCACCGACTGGAAGCAAGCCAGCTTCGACGATTCGTCCTGGAAACTGAAACTGAAACCGATGGGCGTTTTTGGCAGTGGTCCGTGGGGAAAGCCGGGAATCACCACACGCAGTGGAGTCGATGTCGCGAAACTGGCTCAGAACATTAACATCGCCAAAGATTTCAAAGTTGAACTGCTCTATGAGGTGCCCGCCAACGAACAAGGCAGCTGGGTTTCACTTACTACAGACGGCAAAGGTCGGTTACTTGCGAGTGACCAGGGAGACAAGGGCCTCTATCGCATCACTGTTACTGAAAAGGGTGATGAACCAAAGGTCGAAGTGGAAAAACTGGAGATTGACCTTTCCGGTGCCCAGGGAATGGTCTGGCACGATGATGCACTTTATTTTCACAAGAATGGTGGCAACCTCTACAAAGTCACTGATACGAACGGCGATGATCAACTCGATAAAGCGGAGGTCCTGCCCAGCGAACGCAGCGGTGGCGAACATGGCAACCATGCGGTAATCGTGGCTGAAGATGGAAAGCATCTGTATGTCATTGGCGGGAACCATGCTGCCCTTCCCCCTGAGGAAAGTATTGTCCGATCACATGTCCCGACCTGGGATGAAGACCTGCTGCTGCCACGCGAATGGGACGCCAATGGACATGCCCGCGGTCGACTGGCACCGGGTGGCTGGATTTCAAAGTTCTCTCCAGAGACAAAGCAGCACGAGATCATCTCCACCGGCTATCGCAACGAATACGACATCAGCCTCAACCGGGCTGGTGACCTTTTCACCTATGATGCCGACATGGAATGGGATCTCGGAGCCCCCTGGTATCGGCCGACCCGCATCAATGTCGCCGTCAGTGGCTCCGATTATGGTTGGCGCAGTGGATCCGGCAAGTGGCCTGAATATTATGAAGACAGCCTGCCTGCCGTCGTGAATATCGGCCCCGGATGCCCCACGGGCGTGATCAGTGGCCAGGGAGCGAAATTCCCAGCCCGCTACCAGGATGCCATTTTCGCACTCGACTGGACGTTCGGCACCATCTATGCGATTCATCTCACTCCGGACGGCGCAGGCTACAAAGGTGAGCAAGAAGCATTCTGCTACGGCTCTCCACTCCCCCTGACCGATGCCATCGTGGGCAACGATGGGGCACTCTACTTCACGATCGGTGGACGGGGAACCCAGTCTGCTCTGTTCAGAATCACCTATACTGGCAACGAATCAACGGCCCCCGTGACCGGGGAAATGGCTGGCGAGTCGGCACGAAAACTTCGTCGCAGCCTGGAAGCCTATCATGGCAAACAGAACCCCGAAGCGGTCGCGGCGTCCTGGCCTCA
CP036317.1_gap139	6259033	6260812	1779	GAATCAGGACCACAGACGCGCAACAGACGTTCCCATTCATCATGGGCTTCCCAGTAGTAACCCAGATTGAAAAAGTCGATGGCGTTCAGGTAGTTCCGATGCTCCATCCAGTTTTCTTCGGTGAGGGCCTTCGGAGGTTTGGGTTTATTGCCATAGCTGTGCCCCTTGGGATCACGGTAAGGGTGCGGCAGATTCTTGCCGGGCACAAACGTATATTCAGGCAGTCGGGATGATGGCAATAAACGTACAACTTCAGCAACAGGATAAACCATCCTATAAAATCTCCAATTTCTCTTTAACTAGCTAAAAACAACAAATTCAGAGTCTGTTCAGCACAAAGCAACAGAAGCGCCCGGGAGGCACTCGAAGAATCTGAGAGGTCAGGAATTCACACTATCGAATTTAACCTAACTTATTTATTGGTAACAATTTCCGCACAGGTAGCGCAAACTGAATTTACTTGGGCTCCGCCCCTCTTCCAAATGGGCTCGCTTGTTGTAGGCTCACAGTGTCAGCATTCAATGCAGCAGAGAGCAAAGGGGTAGGAAACTGATAAAACAAGCTGAAACAGCTTATTTTCAAGCTTTAACTCACCCATCATATACAAGCTTTTTCGAACTTAAAGACCAGATTTTGTAATTTGCGCCAATTTGAGAAATTTCCCTGACACAGGTTCCTGTCAGTCAATCCCTCCCACAGACAGACCAGAAATTGATCTGACCACCAACAACACAGAACAACATAAACACATACAATATAAACACTTACAGAACCAGACCGGTTAACAAAACATACGATCACTTCTGAAGCAGGAAAGGCAGTTCTGTCTCACAATTCCAGATCTCCACCAGCTTGAAAAATCCATTCCGGTGAAACCCTCATCGACATTGAGAAAAACTTCCCGTAGCCGGTAAGCGAGATCCCCCTCTGGTCTTCTCCTGCCTGGATCTCACCTGACAAACCGGCACGACCTCTCATTCGACACCAGTGCATGCCTGCCTCTGAAACTGAAAAGATTGAACTTGATCCTCAGCTCCCGAATCGTATTCTGGTCCAAATGTGGCTCGCGCGCGAGGCGGGTTAGCGAACACTGGAACAAGCCGAACCAGTGACTCAGAAACACCGGAATCAACGTCGATTTTCACTGGCTGTCTACGGAAACAAGCCGCACACGTTCGCAAAGTTCGCCCCTCTCTGTTCAGGGCAAATCGGGACACAAACCGGCCAGAAAGGGACAAAATCCGGGACATATCAGGACAAAAACCGGTCACATCGGGACAAAATTTTGTCTTGCCCCCCTCGTGGCCTTTCACAAATTTGAGAACATCAGTTGATGCGGCCGTGTGCCACGGTCGGCTTGTCCGACAGTGACCAAGCCAGCATACAAAAACAGGAATTAATTTCATGATCCTCTCTCAATTCATCTCAAGTATTGTAGGGTCAGAGCCTGTGTGCCTGCCCGCCTGGCGAGGTACCAATCAAAGCATTCATCCCATGGGACCAGAGAAAACCTGACCGCGGATTAAGCCCGGACCAACCAGGCATTCTATGAAAAAGAATCTCATTCCTGTAGATGAAAACAGAGCACCTGCCCGGATGAACGGTTGTGAAACAGTCCCTCTCTGCCCTTTCTCCCAACTACGAATCACACAATATTTTGCTGGCTACACTGATTTGAAATCGATAGCATGAAACTTCCTGAACAGGATTGGCCCTGACGCACATGACGCCATCTCGACCGTCATGCAAAATAGACTCGAAAATCTTTTGGTGGAATCA
CP036317.1_gap140	6308265	6308966	701	AGACTTGCTGTCTGATAATCTTTTGAAAGACCAGGTGCGAAATAAATGCCGCACCAGAGGTAACAGAGAATCGCCACAATATCAAACAGCCGCTCCAGAACCACGGTTGACAGCACGGTTGTTTTGGGGATCTGAAACTGCCGTCCCAGGACATAAACGCGTAAAAACTCACCCAGGTGCGCAGGCAGAATGTTATTCCCCATGAAGCCGATCATCATCGCCGGGGCCACTTCAGAGACCTTCAACTTCCGGACCGGCTCCAGCAGCATCCGCCAGCGGTAGGCTTTCAACCAGAAGAAGAGAAACAGCAACCCCAGCATTACAGGCAATGTCCAGTAATTTGCCTGACGAAAACTCTCTTGGATCTGCTGCAGATTGACTCCCCAGAGCGCAGCCACCAGGCAGGCAATCGTGATGATGACACCAATCACCAGCTTGATCAGTTTAGACTTATTGATGGGAATCTCTCCAGAAAAGGGGCAGCATATTGATCGAGATATGTCAGAACGGAAAATCTTTTATCGAATCGACTTCAGATTTCAAAGAGTAATCCCGCCCGTCAGCACATTCACATCACATTCAGACATCCATATTTATCTATTTTCACAGAGATCGAACAGCCAGCCCATGAATTTTTTACAATGTTTCTACGTTTGCGTTAAAACCTCTTGCCAACTTAATACGAGAATTTTATCCTTCTT
CP036317.1_gap141	6356188	6356738	550	AGTCGGGGTTCATCCCGGACAGACGCGGCAAGACATGTGTCACCTTGTAACGGTTGAAGGTCGCTTTCCAGAACTCGGGCTTGCCGCTCCCCTGCTGTTCCTTGCGTGCTGTCCGCAGCGCACGTCGAGTCTGATCGTGCAGTTGGATCAGATCCTGATCGCCTTCACCGGCAAACAGCGTCAGCCGGTTATCGACGAACGATTTCTGATCCAGCCAGATCAACAGGTCCCCCTGCTCCAGCACGAAGTGGAACGGGCGATCGTCGAGCGATTTTTCCAGGGCCGTCTGATATCCGTCAATCGTGCGGTTCAGTGAGGGGCTGAAACCCAGACCGATGGCATGACGGGTCACTCCCTGCCCCTGGAATCGGCCGCAGACGACCAGGTACGCCAAGGCAAAAAAAGTCAGCACGGTCAACGCCCGTCCGCCCCGGGAAAACAGCAGCTCCGAGGTTTCGATGCTGTAGGTCTGTCGGAAATTATCACGATACCAGAGCTGGAAGTTACGGTTGGCAAAAATAGCACACAACACACTGGTCACCACCAGTTC
CP036317.1_gap142	6361749	6364087	2338	TGGGGGCTTTTCACATGGTAGCGGGCATATTCGTACCGACGGTACGGGCCTGGCTGGTACTGGTTGTTACAGTGCTTGCCCCGATACTGGTGATACGAGTAGAGCGGCCAGGGATAAGTACTGCCAACGGCCTGTTTTCCCTTGCCGGTTTCCTGACACAGTTCACAGAACGAGAGAAACATCCGCCCGCCTCCTGCCTGCGCAGTCTGGACGGCCTGACCGGTTCCCCAAATCCCCAGTAAGACGGCAGAAACAAATAACTTTTTCCGGAATCCGTTCATCATTAACCCCATCCGTTGGACTGTATGTTGCCAGGATAACTGCAATAGACGTCATACTACTCATCGGATCAGGAGCGCGGACGAGATGAGAGCGTGCAGCCGGGATCGAATGCCGAGCGGATTTCCCACTCCCGTTTTTCGGGTGAGTCCAGTTATAACGGTTATTCCAGACACTCAGGCCAGGCCGCGGGCCTGTTTTTTGAAGGCGATGATGTCGTCCAGGATCGCATCCAGTTTCACACTTGGTTTGCGACCCAGCGTCTGCTCCAGCCGACCGAGGTCGGGAATGCGGCGGCGGACATCTTCAAAGTCCTCATTGTAGGCCTTGTTATAAGGCAGGTAGTCGATTTTGACCTCCGGATTCACCTTGGCGATGATCGCTTCAGCCAGCCCTTTGATCGAAACCGGCTCATCACCGCCGACGTTGTAAACCTGCCCGGAGGCAGAATCCAGATTGGTCAGATCGACCACACAGTCCACGATTTCTGAAACGTGCCCGAAGCAGCGGATCTGCGATCCGTCGTCAAACACAACCACCGGCCCGCCGTCCAGCGCCTGGTCGATGAAGCGGGGAATCACCATCCCGTACTGTCCCACCTGACGAGGGCCGACCACATTAAAGAAGCGACCGATCCGCACATCCAAACCGTATTTCTGGTGATAGGCCAGCGCCAGAAATTCATCGATGGCTTTCGAAGCCCCATACGCCCAGCGGGGCCGCGTCGTCGGACCGAACTGCAGATCATCTTCTTCAGTCCAGCGTTCTTTGGGATTTTTGCCGTAGACTTCGCTGGTGGATGCCAGGAAAAATTTCTGCCCCCCCTGCACTGCGTGCCTGAGCAACACTTCGGTGGGATAAATATTGGTCTCAATCGTCCGCACAGGATTATCGGCGACCAGTTTCACACCCACGGCGGCCGCCATGTGATAAATCGTATCGACCCCCTGCACCATTTCTGCCATCAGTACAGGGTCGGTGATCGACCCGGTCCGGAAGGTAAATTGAGGGTGATCGATAATCGCATCGAGGTTCTTCAGGAACCCGGTCGAGAGATCATCCACGGCTGTAACCTGTTGTCCCTGCTTAATTAATTGTTCACAGAGATGACTGCCAATAAAGCCGGCCCCACCGGTAACGAGGCAATGAGACATAACGAAATTCTTTCTCGAGATAAGGAAAAAACCGTAGAACGGATAAATTCGGGCCAATGTCAGCGAAGGCTTAAAACAGTTTACACGCTACAGTTGCATTTCGCCACGAACCTGCCATAATACGGGCGTGTCACTTAGAATGACGCAACAAAAACATCGGATTTTCCGATGTATATTGAAAATCCGGGCGATTAGCTCAGTTGGCTAGAGCATCTCGTTTACACCGAGAGGGTCGGGGGTTCGAGTCCCTCATCGCCCATTTTCTTTTCCCGTGTACAGTCGTAAGGCCCCGCATTTGCTAGTATAGCAGTGTCGGGGCTTTTTTTGTGTTCACTATTCTTGCGGGGCTGATCTGGTGTACTCGGGGGTGTACTGCACGCAGGAATGCAGCGCTCTTGAGAAGCCTTTTCGTAATGCTCATCAGTGATCTGCAGATAGTGCTTCATCGCTACTGGGACACTGTTTCCAAGCCATTCACAGACAACGTGAGTGGGGTAATCGTTACAGAGTTCTGTCTCCCGGCTGGCTCGCATGTTCTGGAACAGCTTAGGCCACTGTTTCAGGCCAGCACGCTTGATAATCTTCTGAAATGTCGTCCGTAAATTCTGTTTCTGATCACGATAACGAGTAATCACATACTCTGACTTCTCCCCGTTCAACTGGAAACAGTCCTCCAGGTATGGCACCAGTTCAGGGAAAAGGGGAATGACTCTGGAATCCTTCCCGGCATGGTGTTCTGTTTTGGGGCTGGTTACTAATATTCTGCCAGTCTCATGATTGATGTCTGACCATTTCAGCAACAGCACTTCTGAGGGGCATCTCAGGCCACCGTAACGGCTCAAGGCAATGATCATTCGCCAGTCGGCATCTGGGGCTGAATCAAGCACCTTCTTAGCGTCTGCCTG
CP036317.1_gap143	6386099	6386874	775	GCAGTCGTTCTCATACCACTCTATAGTTCTGCGGTACAGTCAGCAGAACCCCAAAACGCTGGGGGAAGCGCTCCGCTGCAACTGGCTCTGAAACCAGATCAGGTCTCCAGCGACGAATCAACGCAGCCCGCAAAACGACCTCCTGAAGTGGAAATCCTGGAGACCATTGAAACGGGTTCCGGTTATGGAGCAGAACTGCATCGGGTGACGATTTCGGGAACCGCCCGCACTTTCGACGGTACACCACTGAAAAATGCGACCATTTATGTAGGGTCGGCTGCCAGATACATGCCAAGCGGATTTGAAATGCTGCGCGGCCAGACACGAACCGACGAAACCGGCCACTATGAACTGAAAGACATCCAGCTGCTGGTGACGCGCGAGCGCCCCAATCCGATTCCGAAACCCGCAGAAGGCAGATTCGAGATTTTTGGTACCTGCGCGGGATATGGTTTCACATGGCATGAGACATGTTACTACCGTCCCGATGTCCGCCCGCAGGGAACCGAGTTGGGAGACAAAAACGCGGATGTCACCGCGAATGCATTTTACCTGAATGAACCGCTGATCGCCGATCTGATGTTTGATCGTCCCGCTCTGCTGAAAGGCCGCATCACAGACAAACAGGGGCACCCACTGGCCAACGCGAAAGTACAACTGGGGCGGATTGACTATCAACGCAATCCATCAGGCGGGGGCATACGCTCGTGTCGCTTTCTGGGAAATGACAACCAGCCGGTCAAAGATCCCGTCAGCTTCTTCAGTATCCATGTGC
CP036317.1_gap144	6459950	6462772	2822	GTTCTTTGGCCAGTTCATAATTTTTATCTTGCTCAGACATGGTTTTCCTCCTGTCAGCCTCTGAATTTATACCGCAGTCTGCGTCAAAAAAACAGCTCAGTTCGAGAACCGAACGGTTGCTGATCTTCAGAAATGCAAGTCCCATGCCATGTTGTATCGCAGCTCTCCCCGGCTGATTCAAAGCCTTTCCCTGTCAGACGTTTTGAAATCTATCGGAGCACCAATAAAAAACGGTTGCTGATCTGCCAGAATGCAGTCTCAGCAACCGTTGGAATCCCGGCAGTTAATTTTCTATTCTTTGGTCAGATCGAGCGACAGAGAGATGTCACTATTTTTTTCCCCTGCCACTGTCTGTACTGGGACTTTCCACTGCGCAGAATGCTGCTTGCAGAGTCCGCCAACACCATCCCGGCAATAACCAAAGCGGAGATTCAGCAGATAATTCCCGTCTGGAACTTTTAACGCGGGCAGCGCCAACAGGACCTGATTCCCTTTGACGGTCCCCTTCCCTCTGGCGATCGTTATTTCGGGATCGTCGGCCGACTTGAATGAAAACTTCACTGGCGCCAGTGGTGAGAGTTTAAATCCAGACGAAAGTTTCGGCGTGACAGTCACAGCCAGGGGAACACCGGCGGCCACTTTTTGTGCCGATGCAGTTAATGCGTCCGCGGAGGCCGCAGTGAAACTGTCTTCGGAGGTCTTCGGTAATTCGGGCGGCGTCAGTCCCTGCACCTTGAATTCGCTGACCTGGTCGTTATCCAGATTGACGACGCAGATACGGTGGTTGTTGGTGTCCGCGACGAACAGACGATTCCCGACCTTCGCCAGCCCGGATGGTTCCGAGAACTCCACCGGATTCAGACTGTTGCCATCCTTGCCTGTGCCGAGAAACGTTTTGACTTCGAGGGTTTTGAGATCCTCTGTCTTCAATTTGTGATTGTAGGTATCGGCAATAAACAGACGACCGTTGTCGTATAAAACTCCCAGCGGATGTTGGAGGCGGGCGTGCATTCCGACACCATCTTTATCCCCGAATTCGAAGAGGGAGCGTCCCCGTTCCAGATCGGATGTACCGGCAATCGTCGAGACTGTCTTCTTCTTTGTGTCGACCTTGCGGACTGCGGAGCCTTCACTGTCCACGACGTAAAACACATCGCCGTCGACAGTGATGTCGGACGTCTGTGCGAACGCGGATGTATCGAGGGGGCCATTGACGATATCTTCCCGACCGGAGCCGGCGTAAACGCCGATTTCATCGGAACCGAGTTTGTGAGACCAGATCTGGTGCGGGCCTGCCATGCAGATGTAGAGCACGCCATCGATCTCGGCCAGTGCCCAGGGGCTGTTGAGTGCCGACTCGCGGAGTTTGCCTCCCGCAGAACGGTAGCGGGCCTGTTCCCCGGTACCGGCGAATGTCGAAACCTGCTTCTGATCGAGATCGATTTTGCGAATCAGATGATTTTCGGTATCCGCGACATACAAAGTATTTCCGACCAGGGCCATGCCTTGCGGGTGATCGAAGGCAGCCGTTTTATAGTCACCGTCTTTGTTACCGATCTGCCCCGAGCCAATCACGTCGATCAGTTTGCCGTCGAGTGAAGATATGACAATCCGGTTGTGATTACTGTCCGAAATAAAGAGTCGGTTGTGAGGAGCATCTGCCAGCAGCTTGCCCGGGAACTTGAGGGGCGTCGGTTTCAGCTTGGCGGATTCCAGATCGAAATGCACGGGAGTTTCATCGAGCGTTCCTTTGGCACGATGATAGGCGATGACCCGCTCCAGAACTTTGTCGAGCAGTTCGCGATTGCCTTCCCCCGAGAGATGACCGCAGTACTTCCCCTCCGGATCGATCAGCACCATGGAGGGCCAGGCCCGTACGCCGTACTTCCGCCAGACGGTCATATTCGAATCGTTGATGACGGGATGTTTGATTTCGTAACGCTGGATCGCCCGGCGGATGTTGTCGGTCTCTTTTTCGTTATCAAATTTCGCGGAATGGCAACCGATGACCACCAGTTCGTTCGGGTATTTCTTTTCCAGGTAGGCCAGGTCGGGGAGCACGTGCATGCAGTTGATGCAGCAGTAAGTCCAGAAGTCGATCAGCACGACTTTACCTCTGAGGTCTTTGAGGGTGATCTCTCCCGAGGTATTTAACCACTCGGTTCCCCCATCCAGGCTGGGAGCCTGGGGACGATTCGGGAACGGATTTTTCGAAGCGGGATCGTCTTCCGATTCGGGTGTTTCGTCAGTCTTTTTTTCAGCAGGTGCGGGAGACTTCTCATCTGCCAGGGCAGCCGTTAAGCCGGGACCACTGACGGTGATGAGGCCCACGAGCAGTGCAGTGAGGAGGTAGAATTGTTTCAGAAAAGCGTGCTTTCCTGGCATGCCTGATTCTCCTGTTCTGGATGGATGGCTTGAGGCGGGTCGATTGTTTCGATGTTGTACTACGCGATGAGCACACTCCTATTGTAGAATCCTGACAGGGAGGGGAACAGCCCTACTGGCAATTTTCGCAGACGAATCCAGATTCACTGATTGATCATAACCACCCTGCAGAGAAGGTGTTGTGACCAGCAGAAACGGATTATTCGTGCCGCAGTGCTTCGATCGGGTCGAGCTTAGCGGCAGAGATCGCCGGGTAGATTCCGGAGAGAATTCCAATAGTGACCGAGATACCAAAGGCGACCGGCAGACTCCAGAACGCGATCTGTGGCTGCAGATCAAAGAACATGCGTCCCACATCGGAACCGGCAGTATTTCCTTCCATGACGAAATGCTGGACGAACCATTGAATGCCGAGGAATGTGACCGGGGTCAGCAGA
CP036317.1_gap145	6465230	6465737	507	TGAGTCCGGGTTTGAGCTTGGTAATGTCAGCCCCATTCGGGACGATTTTGATAGTAGCCTTGTATTCCTTAAGGTCGGGACGCATCCAGTTGGAGGAAATCGGTACCGAAGAAACCTGGTCGACGATTCCCGTGTAGCGTTGTTCGGGGAAGGCATCAACGCGGATATCGACAGGCAGATCCTGAGAGATCATACTGATCTTGGACTCGTGAATCCGGGCATCGACTTTCATCATTGAGAAGTCGGGCAGTTGGATAATGGCCTGACGTTCGCGGACTTCGGTTCCTTCTTCGATCACATCTTCACCGCTACCGCGACGGCCGCTGTTCTGGTTGGCATAGACCACCTGACCGTTCTGTGGCGCGATCATTTTGCAGGCCTCGATCTGCTCCCGGATGCGATCCAGTTCACTGCGTTCGACTTCATAGGTCAACTGGCTGGCTTTGAGCCGGGCATCGAGCTGCGCAAGGGCAGCGACCCCCTGGCGTTTCACACGATCCAGGTTTC
CP036317.1_gap146	6565287	6567748	2461	TTCAACTCGTTCGAAATGCTTTCCATGCGGGTCAGTCGTTTCGGGTCGATGGCGGGATAGATGACGAGCTTTTTCATGGTACGGGCGATTCTTTAAAAATGTTCGATGGTGCCGCTGATAATGCGTTCGCGACCGTCCTCGGTCTGCAGGATCAGATACCCCTGATCGTCGATTTCCAGACAGGTTCCTGCCCGGGTTTCGCGACCGGTGTTGATGCGAATGTCGCGGCCGGTGAGCAGGCAGTAACGCCTCCAGGCCGGCATCAGTTCTCCGCGGTCTCCTGCGACATCGTAGAGCCTGTTCTCGATGGCGTTGATGAGGTCGATCAGCGTAGGGGCCAGGGGAAACTTCTGCCCGGTTGTTTCGTAGAGCGAGGTGCCCAGCGACTGCAGTTCGGCTTCGGCGGAGAGGAACGAGTTGTTGAGATTGACGCCGACGCCGATGACGACCAGGCCGGGCTGACTGGCGGATGTTTCGACGAGAATGCCGGAGACCTTTTTGCCGGCGATGAAGACGTCGTTGGGCCATTTCAGTTGGAGCGTGTGTTCGGGGGCCTGTCTGGCGAGTGTTTCACAGACGGCGAGCCCGGTGGCCAAGGCGATCAGGGGTTGCTTTTCCAGAGGGATACCGAGCTGGCTGGCGTCGACGACCAGCGAGAACGTGAGTCCCCCTGCGGCCGACCACCAGGCGTTGTTGCCTCGCCCGCGGCCGGCTGTCTGATTGCCGGTGAGGACGAGTGCGGGGAAGCTGGTCTCGCGTTCGGAGGGGGATGGAGTGCAGTGCGTGTGCAGGGCCCAGGAATTGGTGGAGGCCAGGCTCTCGAAATAATCCAGATGTTCGATGAACGTTTCCGCCCGGACTGCTTTCAGATCCTCAGCTGTGAACGGCAACATTCCAGACTCATTTCCAGTAAAGAGACCAGACGCTTACGAAGTTGCGGTAACGGCAGTCAGCGCTTCTTCGCGGGTGTCAAACAGGGGCCAGAGGGTGCCGACCTTGATGCACTTGAGAATATTCTGCATGTTCTCGCAGGCGTTACAGAAGACGGCCTGTCCGCCGGTCTGCCGTGCCCGTTGCAGGAGGCGGATCAGCGAGCCAATAATAATCGAATCGAGGTAGTCGACGCGGGAGAGGTCGATGATCACATTTTTGATATCAGGGGCATCGAAGAGCCTGAGGACCTTGTTGGATTCGACCTGCACGTTGCTGTATTGAAACTGAAGTGTCGAACCGAGTGGGACGACCACCAGATTCGGAGCGGCCAGTTCGACTTCAAAGATTTCCAGATTTTCTACCATCACTCAGCTTCCGTTGTACACTGTTTCAGGAGTTCCTGAAGGAATAAAGAAATAAGTCAAAGATGAAAGCGGCTTATCATGAAAGAGCATAACTAACTTTCATACACATTTCCGTGACGGAATTCAAATCTGTACTGATTTTGTCTGATCTGCTTGCGGGAATCGCTGCCTGAGATTCGCGTCGATTGTACACCTGATTCCCGATACTGTGATCCGGTCTGGACTTAGGAACGATCTTCACCAGACGGCGGAAATGGACCAGTAATTTGAGTTGCCTTATCTGAAATCTCTTAACTAAAATACATTCTTGTCATTTGAAAAAAGAAATTGTTCCCACCGAGAGAGTTACAGAGCTTATAATCACGCCGATTCGAAAAGTCGAACCGAATCGTATGACCGGCCCAGGTTGAAGGTTTGATAAACCAGAGGAATTTTACCGAGTCCCAGCCGATATACTTTTCCAACTGACCGTAAAAGTCATGTGAACAAGCTTTTAGATCACGCGACCCCCAGTAGCCTGTTGAATTTTTTATGTCATCAACCAAACCAGCCTGGACTCTGAACCCGCGAGTACTTCTGCGCTCGATCCTCATGCTGGATGACACTGCCCATTCAATCGCGTTGGGAACGGCGCTCGGGATGTTTATCGCGCTGACGCCGACCGTGGGCATTCAGATGATGCTGGTGGTCTGCCTGGCCTTTGTGACACGGCCGTTTTTTAAATTTAACCAGGTCGCGGCTCTGATTACGGTTTATATCTCCAATCCACTGACGATGGTGCCCATCTACTGGTTCGACTATAAAGTCGGCACGTTTTATGTCGGTGGTTCACTGACGCAGAAAGACTTCGCCCGGATTCTGGAATTCGAGGGTTTCAGCGGATGGTGGCAAACGGTGAAGCAGCTGCTGTTGGAGGTCGGATCGCCGCTGATTATCGGTTCGTTGATCGTATCGACCTTCTTCGCGCTGATCACCTATCCGATCATGCTGCGACTTTTGCTGCGATTCAAACGCCCCCGCTCGAATGATGGTCCGGATGACTCCGACACACAGACCGTGCGTCCTGCCCAGACGGTCGACTCGGAACAGAGCATGAAATCCGTGCATCTGCATTCCAGTTAGGTGTTGATCTCCTCATTCCCTTCCGCATAATAAGCAACACA
CP036317.1_gap147	6622074	6622858	784	CTTTGGAGGTCAGGACCACAATTTTATGTTTATTCAAGAACTCTTCGGAGGATCTGGCCGAAAAAATATGCAGGTTTACCTTTTTAATTACGTGAGGCTATGGACTCCGAGGTTGATTAGAAAACCTCATCTGAATCAACCGAGACTGAGTACCTCACGACCGTCCACGAAGCGAATCCTTGGAGATTGCCTAAATGAAATTGTTAAGTTACGTTGCCGCCCTGGCGGTTGTTTGTTGTGCTGGTGTATCCGCTGAAGCCGCTGGCTTCCTGGGTAAAGGATGTTGTGCTCCTGCTCCTACTTGCTGTGCCCCAGCTCCTAAGAAATGCTGTGCCCCCAAGCCGACCTGCTGTGCTCCTGCTCCTAAGACCTGCTGTGCTCCCGCACCGAAGGCCTGCTGTGCTCCTGCACCAAAGAGCTGCTGTGCTCCTGCACCGAAGTCTTGCTGTGCACCTGCTCCTAAGTCCTGCTGCAACACATGCGACAGCTGCTGCGGACACCGCAAACTGTTCAACGGTGGCTTCCTGCGAGGCTGCAAAGATCGTTGCGGAAAACTGTTCAACCGTTGCAAAGATCGTTGCTGCAAAGTCAAAGTTCGTTGCTGCAAAGTTAAGAAGTCTTGCTGTGCTCCAGCTCCTACCTGCTGTGCACCAGCTCCCAAGCCGACTTGCTGTGCTCCGTCACCCAAGTCTTGCTGCAACTAATCAGATTTGAAAGTAACCGCAATCCCCGCACTAAGGGATTGGTTAATCAGGTCCGAAGGGCAGCTTCAATAATCGTGAAT
CP036317.1_gap148	6815713	6816226	513	GCTGTCGTGGTATGCCAGATCGGACAGTCAGAAGCCCCGTTGGAATTACAGAACTGGTAGAGTGATGCCTGATCAATGAACGGTAGAATGAAGAATCCCCACCCCGTTCGGATGTCGCCAGTTCCGTCAACAAAGCCAGCACCGGGAACGGGATTGTAGCCATAAGGAAAGATGCGGTGCATTTCGTGGTAATTGTGTAACGCCAATCCGATCTGTTTCAGGTGTGCTGCGGCGGCCTGCTTCGCGTGCCTGCTGCACAGCTGGCAGTAGTAAGGCAATCAAAATAGCGATGATTGCAATTACCACGAGTAGTTCAATCAGGGTGGATCACGTCTTGCTGTGTACGTTCTTCGACATCAAATGATTCTCCTTTAAAGATTAAAAAACCAGTTTAGAATGTGTTGAAGTTAATTTTGAAATGACCTTTTGTGGCTGCTAGGTATGAAGAATTGATGACTTTAGACGGATCTCACCCCATAACGCCATATCTTTAATCATCCTTGCCCCCTCTGT
CP036317.1_gap149	6820654	6822494	1840	CCGTTCCGACGCTCAGCCAGTTCGACTTAGTCCCGCGCATTCTGGACATAAGATTCATACAGTTGTGGATTTCCTGGATGGGGCATGATCTGGTCTAAACCACGGCCTGTCATCACAGCGCCACTCAGGAACAGGATGATTACATTATCAGGCATGGATGAATCCTGTGATGAATTCTAATTCGTAGACAAAGATTCAAGATTCTAAGCAGGATTTGAGTCAACGGCTGATTCTTAATGAAATCTTCTTACGAAAACAGTTTACAGTAGTTTGGAATTCAGTCCAGAATGTTATTCCAAGCAAGACAGAACAGCGTTGACAAACCGGGATTTGTACAAAGAGAATCTAAACTCTGTAACGCATCTCACGGAGTCTCAGGCTCTTCATCTCTTTCAGGAATGGGACCGGGAATGGAAGTACGATCGATTGCGTATTTTTCTATGGAAATCGCACTGCATGATGAGATTCCCACCTATGCGGGAGGCCTCGGAGTTCTGGCGGGCGATATGATTCGGTCCGCAGCGGACCTGAAAGTTCCACTGGTAGCGGTTTCGATGTTGTCACGGAAGGGGTATTTTTATCAGAAACTGACCCCCGACGGGTATCAGACAGAGGGACCAGTGGTCTGGAATATTAACGATCACCTGGAAGAAATGCCTCAAAGGACGACTGTGAACATTGAGGGACGCCAAGTCCATGTCCGAGCCTGGAGATATGAGGTCAAGGGAATCAGCGGCTACCGAATTCCAGTGTATCTGCTGGATACCGATTTACCTGAAAATAGTGACCGTGATCAAACGCTGACGAACTGGCTCTATGGCGGAGACAGTTCTTACCGGCTCTGTCAGGAAGCCATCTTGGGCATCGGTGGCCTGCGGATGCTGAATGAACTGGGGTATGACCATCTGAATCGATATCACATGAATGAGGGACATGCGAGTCTCTTGACTCTCGAAATGCTGGATGAGCAGAGAGCCACAGCAGGACGGAAACAACTCACTTCTGATGATATCGATATGGTGCGAAAAAAGTGTGTATTTACCACCCACACTCCGGTTCCTGCCGGACACGACCAGTTCTCTGTGGATCTGGCAACACGTATTCTGGGGCGTCACGATTTTGCAGAACACAAAAATATCTTCTGTTGTGAAGACTCCTTTAACTTAACGTATCTGGCATTGAATCTGAGCCATTACGTGAATGGGGTCGCGAAACGGCATGGCCTGATCTCTAAGCACATGTTCGGGCACTACATTATTGATTCGATCACTAACGGCGTACATGCAGCGACCTGGACGGGGCCGGCGTTCGCGAAGTTATTTGATCTCCACATTCCCGGCTGGCGCGAAGATAATTTCAGCCTGCGTTACGCATTAAATATTCCCTCAGCCGAAGTCTGGTCAGCTCATCAGCAACAAAAACAACTGCTACTGGATTTGATCAGACAACAGGCAGGTGTTGATCTCAAGCCGGATATCCTGACGATCGGTTTCGCCCGCCGCATGACGGCTTATAAACGCCCTCATCTGATCTTTCACAACCTGGAGACACTTCGAAAAATTGCAGCTCAAGCAGGGGGACTGCAGCTGATTTTCGCCGGCAAGGCACACCCAAACGACGGGGGAGGCAAAGAGCTGATTCACTCAATCTTTCAGGCAGAAGAGGAGTTGAAAGACCTGATCAGGATCGTGTTTCTGGAAAACTATGATCTGCAGAAGGCCCGGCTGATGGTCGGTGGAGTCGATCTCTGGCTGAATACTCCCGAGCCTCCCCTGGAAGCGTCGGGAACCAGTGGTATGAAAGCGGCCCTGAATGGAGTCCCTTCTCTCAGCATACTCGA
CP036317.1_gap150	6823952	6825575	1623	ACGGCTTTCAAGCGTATCGTTAGAGTCAGTATGCCGTAAGCTTTGGTTTCTCAGGCTGACTCAGGATCAAGCAGTGCCCAGCCGAATGTTGGCACACATCAGATCCCGTCTTCACCCGGGATCATTGATGTGTGTCGGCATTGAGGAAGAAATTCAGGAAAGATGCTGTGCCCAGGCTTTGTAAAATATTTTTCCGGTTTTTCTGGCTGTTCGCGTCGGGGCATTGAAACAAGGCACGCCACAACATAGATGATGTGACGTGCCTGACTCGTTTGATTGTGATCCGGCCTTGATTCAGTAGTGCTATTTTGCAACCGGTTTGACGCTGATACGACGGGCTTTCGTGGTTCCATTCTTGGGCAGCGTAATCGTCAGCACGCCGTTATCACAGGTCGCATCAATCTGATCTTCAATAATTTCGCAGGGCAGGGTGATGGCCCGGGCAAAACTGCCGTAGCGTCGTTCCACACGATGGTAGGTTTTGGTTTTTTCTTCCTGCTCTTCTTTGCGTTCGCCGGTGATTTTCAGCAGATCACCGGCCACTTCCACTTCGATGTTTTCCGGATCAATCCCGGGAACATCCAGTCGAACCTGCACATTATTGTCATCTTCAGACAGATCCAGCGAAGCCTGAAATTCTTGTGTCAGTGGACCGCCATTCCATTCATCTGACATTTGAGTGATCAAATCATCCATCTCCTCGCGAAGTGCCCAGAAGGGCGCGCGGCCAAAGAATGGGGAAAGGCCGCGTGAAAAGAGCCCCAAGGGCCGGACGGAACGTGCAGGCCGAGTTGTGTGGGTGGGAGTCGCTTTTACTTTTGATTCAGTTAAAGTTGTGGTCATTGTGAACCTTCTCCTTTGAGTCTGTCTGTGAAAAGCCTGATCATCAATCTGGCACGTGTGTCAACGTGGAAAAAGAGTGTGCCAAATGAAGAAACTCCGTTTCTCGGCCTCGATCATTCCGGTTTCGGATCTCCTGATGCTTGCCGGTTTGATGAGGTCCAGATGGATTCAGTGAAACTACCGTATCAGCGGTTGGATTGTCTAAAAACAACCTTTGCTGATGTGCTCGGCAATGATTTCTTTCAGGCGTGAGATATTATTTTCTTCCTGTGTCTTGATATCTCTCCAGAATGCCTGCAGGTCACCATGGCCTTCCGCATTGACAATGTATTGATCACATCTCCACAGCGAATCAAGCCGTTTACTTAATTCATGGACCATGTCGTGATCATGGTCGGCACAACCTTTAGTTTCACCAATATGTTCCATTTGACTTTCTGCGACCATTGTCATGATTCTGCTCCTGTTCAAATAAGAATGAGGTGGATATTTTCCTTGAAGGAAATACGATACCGATCTGTTTCAATAGAAAACATCGGAAAAACAGCAAAAATCGAATCGGGAAATTTCCGAGGGGATTTCCTGCAAGATATTTAAAAGCGTGCCCACAGATCATATCTGCTTCGCAGTATGCGAAACAGTACCTGTGATGTGGACTCTCATTGCACGGTGGATTCGGTCTAATCCTGCAACAGCTCGTCCAGGATCTCTTCTTCGGCCATTTCATGATGATCTAAACGCTCCAGGAACGTATCCAGATCCTGTTTTGCTTCTCCCCAA
CP036317.1_gap151	6871412	6872261	849	CGTGTGACACAATCTGACCAACCCCCTCGGTACACTACTACTTAGAAGGAAACTGGTCTTCTCTTCTTGCAAGGGCTCATGATGGCTGAATCTGCTCAACTGATGCGTCAATGGCGAATTCTTCAATCCCTCTCTCATCGCAAGCAGGGAGTCACGCTGCAGGAATTAGCGCAAGAAGCGGAAGTATCAAATCGTACGATTACACGCGACCTGATTGTATTGAAATCAGTCGGATTTCCCGTATCAGAAGCTACAAATGCTCATGGTAAAAAGCAGTGGAAAATTGCGGGAAATGTGGGGATTGCCCAATTACAGTTTACTCTGGAAGAGACGGCGGCCCTTTATCTGGGGAGACAGTTCCTGGAACTGATGGCGGGCACTCTCTTCTGGCAGGGATCTCACAGTGCCTATCAGAAAATCAAATCAGCCCTCAGCGACCCTGCAGTTCGTTTTCTCGAAAAACTGGCATCCGCGGTCCATCTGACAAATCATCACATTGTTAATTATGCCGAGCGTGCTGAATTGATTGATCAGTTGATGCTGGCAATTGAAGATCATCGATTGACTGTGATCACCTATCAGTCTCTCCGTTCAACTGAACCGGTTACTTTGTACGACATCCATCCCTACGCTCTGATTTTTCATAAAGGCGCGTTGTATCTGATTGCCTGGTCTCTGGATCACGGGGCGATTCGGACTTTTAAAGTGGATCGGATTTCGGAAGTGGATGTGCAACCAAACTTGATGACATTTCAAAGACCCAAAGATTTTCATCCCGCCAAATATCTGGAACATTCATTTGGTATCTTCGCTGAAGAACGTGCTCCCCAGACCATTCGCATTCGTTTT
CP036317.1_gap152	6876526	6879983	3457	CATCACACGACCCTCAGACATCAGTGTTGAAATCGCACTGAAAGAAGCTGGCGAATTCCAAATAGGCAACCATATTTCTGACCGAGTTGTTTCTTCGTCTACAGAATCAGAGCTGCTATATCCAACACCTGACTGGCGTACACAGAACGGATAGGCAAGCGCACTTCCATCAGGACTTTCCAGCTTCTTAACAGAAGCGGCTGCGAATGTGATGGCCCCCTCCATCATTAAGACATAATCCCAGGCATTGACTGCGCTGTGTCCTTCAAATCCTGTTCCATTATTCGCACCTCCTAAACTACCAGGGTCGTATTGCCCAATCGTCCCCGAACTGCGAACATTGCTCAGGTTAGAAAACAAGGACTCTTTCAAACATTCACCAGTTTCGTCTAATACTATACCGTCTTCAAAGCTGAAAATGTTTTGCAAGTGCTGCATAAAGTTATTTGTAAATTCCAACCGACCATCATTTGCACCAGTTCCCAAAAGTGGCGGATATTTGGGGCCATCAGACGTAATTAGATAAGCAGCATCCAGCCAGTCAAGTTCCTGATCAGGAAATCGATTTCGACATTCCTGCAAAAGTTCCGGTTTATCTTCTTTCGGTTTACTCTCTAATTTGAGGTCGTGCAGAAGCTTGCGGCAAATTACGATAGTATTTCTGTAACGAGAAAAACGAATCGCTTGCCCATCACTGATTGCGGAAATTGCCAGAGTATTATCATTTGAAAAAAAACCACTCCCTCCGTTCCACGGGGCAACTAGCGGAGTCGGATGATATTGTTCAATAAAGAAATTCAGTAACTGTTCTCGGTCATATTTTGACCTAAGCCAGAAGTGGTCATTTACCCACCAGCCCTGGGCGTTTTTATCTGCCTGCTCTGCGACGAGACGCAGGATTCCCAAAGCTTTGAGATAATGTGCTAATGGAGTTGGAGAGCAACCGCTGAGTTCGATATCGTGATGTTGATCGCTCATGATTTTCTCCCTGAATTACTTCCACGCCAATCGGCGACACGGACGAGAGTTTCCAGATAAGCCAGTTTGAAGGGTCCATAGGCTTCGCGGAGTTGTAATGCGCGGGTAAGCCAGCTTGCGCGCGGCTGGCCCTGTTGGTCAATGTATTCACCAAGTTGCATCAAACTAAGATCCAGTGAGAGTGCTTCAGAAACTTCACCTAATTCATTTCCAATTTCGACATGTGGTAATTCGTCGTGTTGCCAGATACCTCTTCCGAAAAGCTGATCTGCTTCACTTGGTTTTACTTCATTAGGCATGCTGCGAATACTTAGACGCACCTTTCCGTGATGGGCAGCGATCAAATACGCCACCAGATCGGCGTCGGCTTCTCCATCATGCTGTTGTAGCCACGCCAGGGCACTCGCCAGTTCATGTCGAAAGCCGGGACGTTTCTGTGGCTCCTCTTCTTCATCTTCTGGCAGAATCTGAAAATCCAAATATCCTGTTGCGCCGGACTTCGCCCATAATTGTTCCGGATTCAGTTCCACATTGGCTCTGTGCATCGCTCCCTGAAATGCAGGATGTGATTTCCCGACATCATGCCACCATGCCGCTCGGATGATACAGTCCCAGGGAATGTCCTTGTCCCAATCTTTAGCCTTCACAGCCCTTAGTTCTTCTGCAGACATGCCCACGTCTTTTAAATGATCCTTGACAGTTAACGGTTTATCACCCTGGTTATCCTGATCCATCGCAGCATTGATTTCTACATTTCCAGATAGCGGACAAACCGTTACAGGACCCTGTGTAGGATCTCCAGTCCAACCCTGTTCAGGGTCATAACCTCCAGCAGAGACATGCAGTAAGATTGTTTGACCAGGCTGAATCGAATTTGAAGTGCAAGCTTCCCAGATTCTATCGAGTGAATTCCAGATCCAGCACAGAAACTTCGTTTTGTCTTTTTTTTGGAGTTGACCATGAAATGTTCTAAACTGTTTCACAGAAACAGAACATAATTCCTGCCGTATTGGAGCCGGGAACATCATACGATCCGGAATTGGTGGAGATGTTTTTCTGGAAGAAATTAGCTCCCAGTCGCGCCAGTAAACCTGCACGTCGTTTTCTTCCGAATCACGGATATAACGCGAGACATCAAGATCATTGCCACTCAAATCGGGAGTAGTATCATATAGATCGAGCAGATCCTTGCGACGAATGACATGCACCAGGGCTTGTGTCTCTTCTACAATAATCTCTCTCAGAGAAGCGGGCCCCACATCCTCACAGTTGCTGATTGTTTCACGCGCCCTGTCCAGTTCGTCCTGCGAATACGGTAAAGCGGCTTCAACTGCCTTCATTGAATCTGAAGTATCGATATCGATCCATAGCACCTGTGCGACTGGATTTCCCCCATCACCACACAAACCACGGCGATTACAACGACCAAACCGTTGTACGAGAGACGACCACGGTGCCAGTTCTGTAATTAGCGTTGTTGAAGAAATATCCACACCAGCTTCAATCGCCTGAGATGCAATCAAAATCCGTCCAGCTACTGGAATATTTTTATCATCCAGGGAGATTTTTTGAATTTCCTGACGCTCATGGGGACGAAACCGCGAATGAATAATTTGTATTTCAGGAGCGTCTTCTTTTTTAGCGATCTGCTTTTGAATCGCTTTAAAAGTCTCTTGGACCCGCTGAACACGATTCAAGACTATCAGCGTCAGCGTATTTGACTGATGAGCCTCGAGAATCAATTCAGCCAATAGTGTTTTATAAGTATTTTTCGTAACCGAAGTAAAAGAGACCGTAGCTTGTTTACATGGCTTGGGAGCTGATAAAAGCTTCTTCACCGACGGATCGGCCTGGTCATCTTCTTGTATTGTTTCAGTCAACCATTTTCCTGATTCTGGAAGTGGATGATCAATCGTATGTAATGAATTTTCGTTTAAAGTCGCTGACATCCACATTATCGGGCAATATGAATAGACTCCAAGTTTTTCTCTGAGGCCAGACAACTGAGCTGAAGTCGTTAAACCAACGCCCATCAACTGTGTCTCGTCTAAAACCCACAGACAATCGTTATTGAGCAATGCGTATTGTACTGGCCACGCGTAACGGCTCATTCCATATCCGCGATTCAGAGCACGTGACAGCAACATATCCTGAGTCCCGATTAAAATGGCATCACGTTCCGGATGCTCATACCACCTACCATCGTCTGCTCCTCCCATGAGTAAATGAACTCCGACTCCACCATTGTCTGCATCGTCCATTCTGAGTTGAGTCAACCAGTTTTTGACAGTGGCCTGAGTCTGTTCAACGAGCGTTCTCATCGGCAGGCAGTAAGCCAGTCGACGGGGTGTAGTCGAGCGAATATGATCGGCCGCTATACGCCGACGATACAACCACGACAACACAGCAGCTGCCGTTTTTCCAACCCCCGTCGGAACATTTAAAACCTGTGGTAGCGTTGCCACTTCAGCCAGTCTCT
CP036317.1_gap153	6918450	6921842	3392	CTGCCCTTCCCGCTGGGTAGCATCAACTTTGACGGTGAGGCAGACGGGGGTTCGATCGTTCTGGCCCCGGGCAGCTACGCCGGTTCACTTACGACTGTCACACATTCTTTGAACAGCGATACCGCAGGCAGTATTGACATTGATGGTGGTGTCATCAACTACTCGAATGCTGGCTCACTCACCGATAATCTGGACGTCACAAACCGGGTGTTCGATTTCCTGGGAGCCGCTGAAACCATTTCCCTCTCCGATGATGGGTCAGCAGGCGATGGTATGTCGCTGATCGATTCGACACTGGGCGCTGCAGTAACCTATGTGGGAACAGGGGCTGTCATAGTTAAGACGACTAGTGGCAGTGGCAGCGATACTGTCAACGTGGAAGGACTGGACAGTCTCAATACCAGCGACCTGACGATTACCGGCGGCAGTGATGACAATGTCACTTTCCAGACCAACACGACAGTGATGGGAGCCGGTGACCTGAGCGTGACCGCCCAGACCATTACCGTGGACAGCGGTATCAGTTCGACCGACGGGGCGATCGCTTTGACCGCCAGTCGGAATATGCTGCTCAATAGCGGCAGCAGCCTGACAACCGTGGATGGGGGCATTACTCTGCTGGCAAATAGTGGAGGAACGACGGCGGGTGACTTTATTGGAATTGAAGCTGATAATACCACAATTCAGTCGACTGGCAGTGGTAATATCAGCTTGACAGGATTCGCGGGAGATGATGCAGCCAGCGATCTCCTGCATGGGATTTACCTGCATTCAGGCAGTCTTATCAGTTCCAGTTCGACGGGTGCCCTTTCGTTAACGGGGCATGGTGGAGATGGTGGATCGAACAATTTTGGACTTTATTTGATAGACACATCCTTTACCAGTGCCGAAGGAAATATGACATTCACCGGTTATGCTGGTGATGGTACGGGTGATTATAATCGTGGAATTCAAATTGACTTTGGAACGGTAATTTCCTCAACCGGAACCGGAACGAATGCAGCCACGATTACTCTGAACGGAACCGGCGGCGCCAGTAATAACTCGGGTTATGGGATCAATCTCAGTAATACCGCGACACTGATCACCAGTATTGACGGTGATATCTCTTTAGTTGGTCAGGCAGGTAGTGGCTCTGGTGGAAACCAGATGGGGGTTGTCTTTAACGGAGCGGGGATCTCCTCAACTGGAACGGGTGCTGACGCAGCGAAAATTTCGATCACGGGGACAGGAAATACAGGAACCAATAATAATCGCGGTGTATTTCTCAATGATGCCACAGTTTCAAGTCAGGATGGAGACGTGACTTTGACTGGACAGGGAGGTAGTAGTACCGGTTCTGGCAGTAGTGGTATCTACCTGGACAATTCGGAAATTTCATCAACTGGATCGGGTGTTGAAGCTGCCAGCATTTCAGTATATGGAACCAAGGGCTCCGGAGGATCTAATAATTTTGGTGTCTATCTCACCGGAGTGAGTGGAGAAGCGGAAGTTAAGAGTGTTGACGGTGATATTTCAATCATCTCTGCTGATGACGTTGTATTATCCGATTCCCTGAGTGTGAATTCACAGTCCGGGGACATTACGGTGACTGCCGATGCTGAGGCGGGGAACCACAGTGCCATTATCAGTATTGCCAATGGTGTTACGCTCAATGCCGGCACTGGAAATATCGACGTGGATACAGACGGCTATATTTTCTTCACAGGGCTGGTGAGTTCCGGGACGGTCACCGTCGATTCTGCATACGGTGCGATCATTGATACCGGTGATCTGAATCCGGATGTGTTCGCCACAACAGCAACATTGAATGCCTATCTTTCCGTTGGTGAGAGTGGAAATCCGCTGGAAGCCAATGTAGTCAATCTCTCCGGAAGCAGCACCACAGGTGGATTTTATGTCAACAACTCCGTCTACAAACGGATCATCGATGATGGGGATACCGGGTTTTCACTGACTGGATCCGACTGGGAAGCTGGAACTGTTGCCTCACACTATGAAGGTGATAATTATCATTTATCATCTGGAACTCACAACGGAGATTCAGCCAGTTGGCAATTTGACAACTTGGTACCGGGACTTTACCGACTATCTGGAAACTGGGCTCCATATTCGAATCGAGCCACCAATACGACAGTCACGGTTTCCGGCATTACCGGTGGCTCTCAATCCCAGACGATCAATCAGCAGAACCTTTCTGCAGACCTGAGCGATAACGGTTATAACTGGCAGGACCTGGGCTTTTTCACCGTGGATGAGAATGGAACGATTACGGTCACCATGTCCAATGATAATGCCGATGGTTACGTGATGGCCGATGCCATGCGGATCGAGAAGGTTGATCTGTTGACCGTAGACGATGTGACCGTTGATGAAGATGCCGGTACAGCGACCTTCACTGTGACATCGCAGGCAGCGGTGGGAGCGGCTTTCTCGGTTGACTATTCCACAGCGGATGGTACAGCGATGGCTGGCTCTGACTACACGGCAGCCAGTGGTACTTTGAATTTCTCAGGAACCACCGCCGGGGAGACTCAGACGATCACGGTGAATCTGATCGACGATTCCACCGTCGAACTGGATGAGAGTTTCTTCGTGAATCTGTCCAACATACAGACGGGCGGTGTCACTAATATTCTAATTGCTGATTCTCAGGGGACCGGTATTGTTACCAATGATGATATGATCCTCATGGGATTGGTGAATCCCGTTGTCACAGAAACTGAAGGGGACAGTGGGACCACCACATTCACCTTCGAATTATTGTTTTCGAGCCCGCTGGACCGAGATATTTATATCTGGTCCCGTGCTTTGGATTCCACAGCGACCGAAGCAGATGGTGACTTTACTGATCCGCAAAATGGTTATCTGGCAACGCTCGCTGCCGGCGCGACCTCAGTAACCGTTCCGTTCACTGTAAACAGTGATACGAAGCTGGAAGACAATGAAATTTTCGATTATGCCTTTGCCCGCACCAACATTTTCAGCGATGCGGGCATGACAACACCCCTTGAGGCTGGCTATTTAGACAACATCATTTTTTTCCCTTTTGATGATCAGTCAACTCTCTGGGGACAGGGAGTAATTCTGAATGACGATTTTGTTCAGATTATGGATGACGGGGATTCTGGTTTTTCCACCAGTGGTGCTGGCTGGACGTATCTTTCTCAGAATATTTACTTTGGTGATGATTCTTATTATCTATCGCCAGGATCAAATCCGGGGGCAACGGCCAGTTGGTCGTTTTCCGATTTACCTGCGGGGACCTATCGGATTTCCGGTCAATGGTACGCAGATGCCAGCCGGGCGACCAATACTCAGGTGACTGTTTCCGGGATCGAGGGAGGGGATGTCACTCAAACCATCAATCAACAGACGCTTTCCACAGATGT
CP036317.1_gap154	6930375	6933310	2935	TCATTGGCTGTTGGTGAAACAACAGATGACAGCTTTACTTATACAGTAGCAGACCCCCAGGGAAATACTGACACTGCAATAGCCACAATTACTGTGACTGGTGTCAATGACGCCGTAACCGCGCAGGATGACAATATCATTGTTGATGAGAATAGTATCGCTTCAGGGAGTCTGTTCTCCGACAACGGTAGTGGAGCGGACAGTGATCCGGATGCGAGTGATCTTCTGAATGTGATCACGGTCTCTGGCGGAACCGTTGGATCTCAGTTTGCCCTGGCTTCGGGTGCCCTATTGACAGTGAATGACGATGGCAGCTTCAACTATGACCCTAACGGTCAGTATGAATCGCTGGCATCTGGCGAGACGGCGACTGACAGCTTTACCTATACTCTCACTGACGGCAATGGCACGACAGATACGGCGACAGTTACGTTGACCATTAACGGTGTGAATGATGCCCCGGTGGCGGTCAATGATGTCTTCACGACCGATGAAGACAGCGTGCTGACAGGGGGCAACGTGCTGAACGCGAATCCCACCACGGCCGACAGCGACGCCGAGGGCCAGAGCTTTACGGTCACGGGAGTTGCCGGTGGTTCGATTGGTTCCCAGTTCGCACTGACTTCAGGCGCGCTGCTGATACTGAATACAGACGGAACGTTCAGCTACGATCCGAACAGCAGCTTTGAGTACCTGGCAGTGGGCGAGTCAGCCACTGACAGCTTTACCTATACAATCACCGATTCTGAAGGGGCAACCGGTACCGCGACCGTCACGATTACCGTCACGGGAGTCAACGATGTTCCCACAAACAATTCGAACGTGACTTTAACAAAGACAGAAGACGAGGGGAGCTATGTTCTGGATCTGCTGAGTGGTACGACAGAAGTGGATCTGAGCGATACACTGAGCGTGACCGGACTGGTGTTGGACAGTGGTGATGACTCCGGCATTATCGTCAACGGGACAACACTCAGCATTAATCCGGATGCTTATACCAGTCTGAATGAGAATGAATCAGAAACAATCTCCTACAGCTATAACGTGATCGACGGTCACGGCGGGTCCGTGGCTCAGACAGCCACGATTACCATTACTGGTGTGAATGATGCACCGGTCATAGACTTCAATATTAATTTGATTTCCAGTGAAGACATTGGAAGCTTTAACCTGGATCTGCTGATCGGTACCAGTGACGTAGATACGGACGACATACTTAATGTGACTGGCCTCACGCTGGTGAGTGGCGATGACTCCGGTATAACGGACAATGGTGACAGCCTAACCATTGTTCCGAGTCTTTATAATAGTCTGGCAGCCGGTGAATCAGCTGTGGTCATATTCAGTTATAACGTGAATGATAGTTTTGGTGGGAGTGTCGTCCAAACAGCCACAATCACAATTTCTGGTGTAAATGATGGACCGGTAATCTCCGGGAATGTGGGTACGATCGTGAGTGAAGATGATGCCAGCTTCAGTCTGGATCTGTTGGCGAATGCCAGCGATGCGGACACGAATGACAACCTGATGGTGGATAGTCTGACGCTGGACAGCGGTAATGACAACGGGATAGAGGTTTCCGGAAACTCACTTACAGTCGATCCGAGCATGTATGATTTCCTGGCAGTCGGTGAATCAGCCGTAATCAATTATAGTTACAACATCATTGACGGACACGGGGGGAGTGTCACACAGACAGCACAGATTACCGTCACGGGAGTCAACGATGTTCCCACCGCGGACCCGATGCTGATTTCAATGAAGACGGAAGACGAGGCCAGCTATGTACTGGATCTGCTGGGCGATGTCACAGACGTGGATCTGAGCGATACACTGAGCGTGACCGGCCTGACGTTGGACAGTGGTGATGACTCCGGCATTATCGTCAACGGAACTACACTCAGCATTGACCCGAATGTTTATACCAGCCTGAATACTGGTGAAACAGAAACCATCTCCTACAGCTATAACGTGATCGACGGTCACGGCGGGACCCTGGCCCGGACAGCCACGATTACCATTACCGGTGTCAACGATGCCCCGCTGGCGGTCAATGATGTCTTCACGACGGATGAAGACAGTGTGCTGACAGGGGGCAATGTGCTGGATGCGAATCCCACCACGGCCGACAGCGACGCCGAGGGCCAGAGCTTTACGGTCACGGGAGTTGTCGGTGGTTCGATTGGTTCCCAGTTCGCACTGACTTCAGGCGCGCTGCTGACACTGAATACAGACGGAACGTTCAGCTACGATCCGAACAGCAGCTTTGATTACCTGTCAGTGGGCGAGTCAGCCACTGACAGCTTTACCTATACAATCACCGATTCTGAAGGGGCAACAGGCACCGCGACCGTCACGATTACCATCACGGGAGTCAACGATGTTCCCACCGCGGACCCGATGCTGATTTCAATGAAGACGGAAGACGAGGCCAGCTATGTACTGGATCTGCTGGGCGATGTCACAGACGTGGATCTGAGCGATACACTGAGCGTGACCGGCCTGACGTTGGACAGTGGTGATGACTCCGGCATTATCGTCAACGGAACTACACTCAGCATTGACCCGAATGTTTATACCAGCCTGAATACTGGTGAAACAGAAACCATCTCCTACAGCTATAACGTGATCGACGGTCACGGCGGGACCCTGGCCCGGACAGCCACGATTACCATTACCGGTGTCAACGATGCCCCGCTGGCGGTCAATGATGTCTTCACGACGGATGAAGACAGTGTGCTGACAGGGGGCAATGTGCTGGATGCGAATCCCACCACGGCCGACAGCGACGCCGAGGGCCAGAGCTTTACGGTCACGGGAGTTGTCGGTGGTTCGATTGGTTCCCAGTTCGCACTGACTTCAGGCGCGCTGCTGACACTGAATACAGACGGAACGTTCAGCTACGATCCGAACAGCAGCTTTGATTACCTGTCAG
CP036317.1_gap155	6943920	6948769	4849	CTGTTTGTGGGCTGATATGGACAGGTCGGAAATACTCAAAATGACCAACATTTTCGCCTCCGGAAAGACAGTTTGAAACCCAGAATCAAGCTACGGAACAGAATGTGTTTCCAGTGTCTCCTGCAGGTCCAGATCGATCAGCTCCCGCACTCGTCGACTGGCACAATCGCGTTTCTGGGCAATCAGCTGACTGGCGTAATGATGCCAGTCTTCGTCACGGTGGGGGCAGGTAAAGCAATCGTGCAGATGCCCAAGACCACCGACGGCTTCTGCAAAGCAGGTCGGTCCATAACAGTTACGTTGAACATTGCATTTCGTGCCACAGATGGGACAGCTCAGTTCTTTTCTCTCCCCCGGTTTTGTGTACAGATATTGTTTTCCGCTGAATAACATTGTCCGTATCTCCTCGCTTTATCCTGAATTAGAATAGAATTATCACGGGCAACGGAGCGAGCAGTCGTAAGCAGAGAGAGGCCTCACTGGGGGCTCAGAGCCATTCTTTGCTTTTCCAGGCCGCATCGTTTTCCTCTCGGAAAGACTGTGGCACCTTGGCGGCTGAACCAGGTTGCCGGGCGTTTCAAAGGGCCATATCCCTCAACGCCTCTCGTGATGCAATCAGGTGGAAATTCCCACCAACAGGGAAATCATAGAGGACAGCGCTTCAAGGTCAAGTCTCGATTTCAAAGCCATCAAGGGTAGGGGGCAGGCTCTCCCTGGTTGAGATGATCAGGGACCGTTTTAGCGGGTACAGGAATGACAGTTGGAGCCGGATTTCGCTCGTATCGCTCGAAGATGTTACAGCCGCTTGTTGCGACGGAGACGAGCAGCAGTCCGCCAACGAGTAAACTGCGTTTGAACAGCTGGTTCATTTCGATTCGTCGCATCCTGCTGGAACCTTTCAACTTCTTCAAGCCGTTCAGATTCGTCGCTGTGCTTTTTCTTCGTCCAGAAAAACAGCAGCTCGAATAGAACAGCGATGATACGCAGGAGGCCGCTCATCAATTACTGGAGATCTTGTTGATCTTGTGACCGATCGTAGTCAGCCCCAGGGCACCGCCAATCATCAACAGAGATTCCTGAGTGGGCATCTCGCCGAGGAGCATTCCGCAGACGGCATAGATCACGGTGACGGCAGCGACGACATAAGTCTTTTTGCCATTGAGGGGGAGTTTATCCAGCATCGATCCGGCTTCCTTGCCTGGTAAAGAAATGATATAAAGCGGACTAGCATCCATGCTCGTCCGCTCATCTGATTCATCGAAACGCCCGATCCTTCGTTGGTCCCGGCTCATCCTCGCTTGTATAATTTCGCGTTGACTCACGATCAAAAGTCAAGGGCAATAGATGATCAGAAAGACAAAGCGGGTAACGGTCGACCTGAAGACGATCGAAGAGTGGCGACCACTAAGCATTTACGCAGCTCTTCAGGGAAAATCACTTCGCGGCTTGGTGAGAGAAATGCTGGCGCCGGGTATTCAAGAAATCTGCAAACAAATCCAGATTCCGGATCCTCCCCAGGTGAAAACCTCAGATAATCGCTGAAATCACCGATTTTGAAAGATTCGCCCGTATGAGGCCCTGGCAGGCCCTGTATCGCGTCGTAGCCTGTAGACGTCTAGTAGGCCTTAAATGAAAAGATATCGCGAAACAGGGGCCATCCATTAATGAAAAACGTCCGGGTAACGGTTGTTACCCGGACAATACTTAATTGCGGCTTAACGTGTGTATCACAACGGCGAATAACGAACGCCATCAAAGCCAGAGTCAATCCGCACCGATCCACCAAGATCGGTCGTACCACGTCCGTCGTAGCCGCCTGTGGAAGCACCTTTATTAACGATCGCGATACTGAGTGCTTCAACTCTTCGGCCCTCGCCTCGCGTACCGCAAAAATCTCCATTGCGAAACCAGCGTGTGTCGCCAATGTCCTGAAGGTGTGCCATGTAGGCCACGTCGTATTGGTCATTTCCACGAATCAATTCGATTGCAAATCCTTCCAGTCTTCGACTTTCCCCCCGCGTTCCAATGAACGATCCCGCTGGTTGCCAACCAACGTCGCCGATGCCTTGGAGATGCGCCATGTACCGTAGGTCTAGGTCTTTGGCTTTGATATTAACTTGAAAACCCTCTAAGCAGAGTGCATGTCCGCGAGTTCCTACAAACCATCCTCCCTGGACCTCTGCGCTATCTCCCAAACCCTGGCAATGGACAAAATACTTAATTGCGTCACTTCTGTTTTGATTGAGTAGGCCACCGGTTGTGTATTCATTCGTTCCAGCTATTAAGCGAGCGCAGTTAGGCCAATTTTCACGCACCCATTCGGGCGATTTCTCGGTAGTCCACCCAGTCCTTCCGTGGATCTTGGTTGCACCGCCGTCGTCATGAATAATGCCATCGCAGTCAAGCCCGTCTCGCGTTCTTTCGCCTGGGCCGAGTCGTTCAATCCGTTGAGGTTCACCAGGCTCATTCACGCACACTTGAATTTCTCGGTCGGTTTTATTTTCGCAGCGGCCCTCCTTAAACCAGTCATTGGTGCGATCAATCCAGTCACGATCACTTGTCATAATTAGGCTCCTTCTCTTCCTTCCACCTAACTTAGATTTCTACGTTGTCAATATATGGGCCTTTCCATTCTTGACATCGCATAACGAGCAGAAACGCTCTGCTCAAGAATAATCGATAAGCCAATTGGAGCTTGCCCGCTTCTCAAGACTCCAAGCTCTCAAGCAATGTCTCACCACAGTAAATATATACTCGTACAGTGTACGCATAGGAGGTTATCGATGATTATTTTCGATGTCAAGAACTATCAGAAGGGATTTTAGAGGAATCCTTTTCCTCGAACTGCGGGTACTCGCATCGACCTCTCGCAGTTTGCTGTTTGTCTTCTAATAATTCGCCACAAGATAGCAGTTCGCATAAGTGCAGGAGCGATTCACGACGGAGGTACAAACGGAACTCTTAGTAAGTTCTGTTGATCAGTGGTTTCCTGGAAAAACATAGTTACCAAGACTTCTAAATCCAGGACCAGCGCAAAAAGAAATCCGGGTAACGGATATTACCCAGACTTCAGTCATTTTTGCCGGGGTCCGAGTCCTCGCCCACGTAAACCGGCTCCCATCCGTAGTGAGTCATCCGCTCATAATAATCGCTGGCTGGTTTCACCAGAATAGAGCCAGAGACATCGCGAGTCCGCTTCATGATCCCGCAGATCTGCTTGGAAGCGACGTTAAATCTGGTCCCGTTCTGAAAGGACATCAAAGCCGGAATGATCACAGGCCTTGGTTTCTGATTCTGATGCCTGTAATACGTCGTCGTGTTTTCGGGCTCAGTCGTTTTAACTGGATCCGCCCAGGGAGCCCAGATGCAGCTGACCACTATAGAGATAGGGGAGCACAGACGGTTTAGCCCACTGACGAAACGTGACGATCATATCACCGTCATCATTTTCTGACTCGTATTCTGAGAGCTGACACCGATTGACCTGTTCAACAAAGAATTTAGAAACAGGAAGTCGGCTCGCCTCACACATAATATTACGTTGTCTTAGGTGGATCTGAGATTAACCTTCTGTGTAACTCGACCTGTTTTGAATTGAAGATTTGATAAGCCCCTTCTGTCATGACAACTCTTTTATCTTTATATATATGATACCTACCCCCATCTATCAATGAATTCATTATCATTCGTTTGTCAGGATTTTTGGGTTGGTTGCTCATATGCTTCTGTATTTCTTCATCAGATACTACAGTAAACTGATGACCGGCCTTTAGGATGACATCATCAAGTGTCGCACAATCTATAATATTTTTGGTTATTAAATCGAATTCGCTGAATGAATCTGGGCCTGCATATATTGCATGCAAGAAAATAGAGTAACTCTGATTATTTTTCTGAAGAAGAAAACGAGTCGCCAATAAATACTTATTAGTATCAGATTCCTTTGTACTATTTTCTGGCAGGCTATTGGTAATTTGATTTCGAAGTGTCTTAATTTCCGCTAATACCTCCCTCACATTTTGATCCATCTGCGGAATTGCTTCCAAGAGTCTACCCCCAACATAATCAGCTATTTGTAATTTCAGACGTCTCTTCGCGTCTGCAACTGAAGTGAATGGAATGATACCATTAAATGTATCCGCTTCCATTACCTCTCTTAAAAAATCAAAAGAGCTCTTAGCACTATCCATCCGACTAAACGTTTCCCACATTTCTGCTTCCGGAGCAGCATCATAGACATCTTTATAATTGAGTACTTGGGATTCAACCAAAGTGATCGTTGGAATTCCAGTTTCTTTGGATGCTCGAAATTCACGGTGAGTTACACTAATACCTTCAGAATCAGTCCATCCATACCTTCTTCCGATAATTAGTATTACCATTTGGCACTGTTTAACACTTTTGTAACAAGAATCAGCAGCGGTTGTAGGGTTCAGGTATCCGACTTCTCCATATTCACTCATCACTGGATGATAAGCCAATTCTTCTATTGAATCACGGATTCCATCTCTCAGATATTTTAAATCATCGATGGTGGAGCTAATAAATATGTTCGGTATCATCTGGTGATTCACCCTCTGAGCTATAAGGAATGCATAATGCTTTTATTTCAATATGACAGTACTGAACACAAAACACAACAACTGGATATTATCCAGTTACTTAAATGCAAAGAGTAATCCCGAATGTCTGGGAAAACATCGTTACCAGGACATCTGAAACCAGGACCAGCGCAAAAAGAAATCCGGGTAACTCTTATTACCCGGACATAAAACAAATGCACAAGACTATTCAGCGTAAATCATTATCTCTCGTACTTGAGACCTTGGTATACAACTCAATTTATTAC
CP036317.1_gap156	6954782	6958943	4161	AATGGCTTGGGATGTAAGAAATAAAATCATCAGACAAGCCACAGCCACGCAGGAATATTTCTGGAATCATTCCCACAGATTTCTCCAAAGTGTCAATGCCAATTGAACTCGGAGCACGATGATATATTTTTTCTAAACCAATAGTTTGAGAGAGATCAAGATTAATCCAATATGTGTACCAAGACAGAGCCATATTTAGGTCTGTATTCTTTAAATTGGACTCGCTCATATTAGTTCTTCTTAAGTTAGCACCTACTAAGCTTGCTCCCTCCAAATCAGCTTTACTCATGTTTGTCTTAATCAAAAGTGCCCAACTCAAATTAGCTTCTCTTAAATTTGTTTCACTCATATCAGCTCCACTCAGACTTGCCTTAGTCAGACAAGACTCATTAAAGTTGGCATTGATTAAGAGAGACTCACTCAAGTTGGCATTTTTCAAATTGGTTTTTTTGAAATTAGCTCCACTCATATTAGCTTTGCACAAGAGAGACTCGCTCAAATCGCTCCCCTCAAAGTTAGTTTTTCTTAAGTCTGTATTACATAAATTTGCTTTTTTTAAGCATGCATCATTCAGATCTGCATTGCTCAGATGCCCTCCGGTTAGATCTGCTCCACATAGATCGGCTTTTTTTAAATTTGCCCCGCACAGATTTGCCCCGCACAGATTTGTTCCACTCAGATTTGCTCCACTCAGATTTGCTCCATCCAGATTTGCTCCATCCAGATTTGTATTGTTTAAATTGATATTGCGTAAATCCGAATCGGTCAATTCAAGTTTAATAAATCCATATTCTTCTCTCCATTTCTTAAATGCCTTTAAACCTCGTGTTACCATTTCGACATGATCTGGATTCGCCATCAATTCCCTTTCTTCTCTAAAAATAAATGAAGGTGCCTGCTCATTTAATATTAAATGAACAGAAAAGAGAGGCTACAAAGGTCAACGCAATGCATTACAAGAAATGAGAATGCCCTGGTAAATACCATTACCCGGACATTAGAGCTTCGGAATGGGATCAGGTTCTCTACCAGAGTCTTTCGTTTGCAGTGCTTTGACAACGCGTTCGAACTGTGCTTCAAATTTGGCATTATCCGATTCCCAACTTGTGAAGTCTGCAGCCAGGCGTTCCAAAATCTGGTTCTTTTTAGGGTGTTTCCAGTCTGAGAAAAGATGTCCGTCCAGGTTGAGAGGGATCAAAGAAAGAACTTCCTCTCCCCGTTCTTTGAAGAGCTGTTTTTCTTTTGCGAACGCATGCTTTAACTCATCATCAACCCAGCCGCTGGTCAGTGAATGTTTGGACGCACAAAGCAAAACTTTATCCCAGACTCGAATGCCATGATCGATGCGATCGTAAATGTTATCGCCTGGTAGTATTTGATGTTCGTCCAACCAGCAACGAATCCCTTTTCCTTGTAACGCGTCATGCAGTCGTCTGGCAAACGATTTATCTTCATGACTGTAACTGATGAAGCAGGAATAAAAATCAATCGCTGAACCGGAAAAATGACTTGGAATGTAAGAAATAAATTCATCAGCCAAGCCACAACCACGTAGAAAGACTTCTGGAATCTGGCCGTTGGATTTCATCAAAGTGTCAACTCCCAAGGAGCTTCGACCACGGTGTTGAATTGTTTCCAATCCCAATGCTGATGATAAATCCAAGTCTGTCCAAGCTGTCTGATATGATGTCGCTTGTTTCAGTTTGGCTCCGTTCAAATTGGCTCCGTTCAAATTGGCCCCCCTTAAATTGGCCCCGCTTAAATCAGCTCCGTTCAAATTAGCTCCGTTCAAATTAGCTCCTTTCAAATCGGCTCCGTCCAAGTTGGCTCTATTCAAATCAGCTTTGACCAAGTTGGCCTTTTTCAAATCGGCTCCTATCAATTTGGCCTCTATCAATTTGGCACCACTCAAATTGGCTTCGATCAGATTAGTCTCTTTCATTTCAGACCGAATCAAATTAGCACCGTTTAAGTTAGACTTGTGTAAAATGGCCCTGCTCAAATCAGCCTCATTTAAAATGGCCCCACTTATATCAGATCTGCTCAAGTTGGCATTAAAGAAATTGGCCCTACTCAAATAGGACTTGCTTAAAAAGGACTTACTCAAATTAGCCCCATTCAAATTGGCTTCTCTTAAATAGGCCTCACACAAATTGACCTTGGTCATTTTGGATTTTCTCAGATTAGCTCTACTCAAGTATGCCTTGTTCAAATCAGCTCCTATTAAATCGGCACCAATCAAGTTTAACTTTGAATTCAGCAGGCTCTCATTTCTCCATTTCTCTATCGCTTTGGCACCTTGTTTGACAATTTCCACATGCGCGGGATTGGCCATTACTGTCTCTCCTCAACTGGAATAATCAGTATCTGCTGATCACTCAATTCTGAGGTTTTGATCAGTGGTGTGCAACTCTGTTTGTTGAAGGAAAATTGTCTGGGTAATCGCCGTTACCTGGTCATGGGGTTGGTTTCAGTGATGGCTGTTCGAAACAAGTACCTTTCCAGGCCATGTTTTTAATACGAGTCAGCCCTGAAACCGACCAGCGATCAACAATCATTTTGTTGACCTTTTCCCAGTCGGTTTGATAGCTCGATCGCAAGGCTAGAGCGTATGTCTGTGCAATCTGTTTCTGAGTGAGGCCCTGTTTGATTTCATTTTCAATTACGCTTTCAACATTGCAGATTTCAGCGTGCACAATCTCAACTCCTTTCAAACGTAAGTGAATTCAATCCGAGTGACCGGCGTCGCCGGTACAACTTTGAACTTCTTGCAAAAACACCTGACAAACTCAGCCCCGGACAGTTGCGGCCAGCCTTCGAGCTCCGCTTCCCATCGGCCGTAATCGGGATCGTGTTCCATTTTGCTCAAGGCCTCCCGGCGAACCGAGACGACGCGAATCACCCGGGTTGTAACCCCCAAGTCTCCCTGGATCCGGACGGCCGCCTTCATGAGCGCACCTGGCTGCGGATCGCGATGACCGAAAGTGCGTCGCACGTAGTTCGTGATCTGTTTCCCAGGCTGAACTGAAACCGTAGAGTGGATCCCGATCATGGGGAGCGTCCAGGACTTCTCCATGGACTCGACGCCGGTTTCGTCCAGGCACATCGCTCCCTCGGCGATCGCCTGGTCGCGTTGTTTTTGATTCAACAGGTAATGCGGAATCGCAATCCCTTTGACCTTGTAAGCGGATCCGGGCAGATTGATCTGCATCGCAAATTCGTGCAGGACATCGAGCGAGGTTTCGGGATCCACGAACAGGTGACTCCCCCCGTCGTACTGATCCACATAAACCGCAGCCGCCAACGGTTGCTGCTACGGAGTTTCTGTTTCAAACGATTCGAACGCGTCAAATAATGATTGTTGTTTGAGCATGGCCCCTCCTAATTCATTGACGGCTGTTTGGATTTTTCGGCTCTGGTCGATGCCTTGACCGCTTCGGAAGTTGCTTCAAATGTGTTTTTGATGGTTTCCATCTGCATCGCAAACAGCGGATGCGGAGCACACTTCACCAGCCTGCCGGCGACGATCCCCATGTGCTCCAGAAGTTTGCAGAGGACATCAGAAGATGAAATAGATAGCTCTGTCATACGTAGTGGTTTTATAGCTAAATCCAGCCCGAAAACGTGGCATATAAGGTGAGTCCTCTGGCGTAACTATCAGGATTCTGTTTTTGCTCTCTTCAGCCCGCTGAGGACCGGAAATCATTGGTCTGCAGCGGGCTGTTTTTGTTTCAGGCCCCGGCCTGATTTCTGTTTTCGATGTTTTTTATAGAGGAGAACTGCGTGTCACACATCGTGCAGATTCAAACCGAGATCCGAGACCCGGTAGCCATTCACGGCGCCTGTCAGCGATTGAAGTTACCGCCCCCCGTCCAGGGAGAATTTCAGCTTTTCAACAGCACAGCCGCTGGCTGGGCCGTCCAATTGCGTAACTGGCGCTACCTGATCGTCTGCAACGTCAAAACGGCCCAACTTGCCTTTGACAATTTCGAAGGCCGCTGGGGGGATCGTCGGGAACTGGACCACTTTCTGCAGGGGTACGCCGTAGAGAAAGCCAAACTGGAAGCTCGCAAGCAGGGACACACGGTCCGCGAGCAACCCCAGGAAGATGGTTCGATCCGACTCACGATCCAGGCAGGAGGTGCCGCGTGAAGCAGACCA
CP036317.1_gap157	7031888	7033965	2077	GCCAGGGAAACGGAAGCCACGTGAGGAACGGCCGCCAAAGGGGGAACCGGAATCGCCTCCCGGAGAAGCGCCGCTCATGCGTTCCCGCATCCGCTGTTCGAAGAAGCGACGAATCTCTTCGCCTCGATCACTGGAACCGGGGGAATTATCAGGCTGGCTGGAGCTGGAGGGAGTTGGTTCGGTTGCTTTCTTGCGGGAGTCACCGCCTGTGGTGCTGACACTCACATTAGGCAGCAGGGAGGTTAAAGCATTCTGGATCAAAGCCGAGTTGCCGTTATTCAATGTCACAACGCGGACCGATTTGCGGGACATCTGCGCGGAATAATCGAGTTCACGAACCAGAGATTCAATTTCCTGGAACAGGGAATCATTGGCAGACACCAGCAGTTGATTGGCGTTGGCATCCACGCTGACCGCCAGTTTCGCTTCGGGCGGTTTGGCATTAGAAGAATTCTGTGATCCTCTGCCTCCCATCATCGCGGCAAAAGGGTTTCCGCCCCCCCGTGAGTTATTCTGCGGTTGGGGAGCCTGCATATAATCTTTGTAAAGTTCTTTGACGATATTCGCAACTTCCGTTGCAGAAGCATATTCCACGGGAATGATCCCGGGGGAACGATCCCGCAGGGAATCGGGTAATTCAGAAGCATCCAGCACTTTGAGCATCTGTTCGACGGAGCGTACTTTATCGGCAGGCCCTGTGACATACAGGGCATTAGAGCGAGCCTCGGGAATGATACGCAGTGTTTGTGGCCCCATCCCCAGGGTTGATAAACCGGTCGCATCCATCAGGCCACCACCGATCGAAGTGAGTCCACTCAACATGCTCGAATCCCCAACTGAATCAGAGACAGAGCTGCTGGGAAACAGGCTTTCCAGCATCTTGGCTGTCGCGGTTGCATCGGCAGAACGCAGATAAAAGACCGTCCATTGATTCTTCGGGGGAATTGCCTGGGTTAACGCTTCGATCATTTTCTCCAGACGATTCAGGGCTTCCTGATCGGTGGACGTGATAATCAGGTTATCGCCATTCGTAGAAACTGCGATAGGATTTTTCTTTTCAGCACCACTGGCAGCCCTGGTTGACTTCTGCCCCGATTCCGTTGACTGTTTTTCCGCTTCGGCGTCCGCTTCCGAATCTGTATCGGTTTTTTGTTCGCTGGCAGTAAACAGGAAGCGCGTCTGATCCGAATCTGCTTCTCGACGCTCCTTTCGAATCGGACGGTTAAGGGGAGTGCTGATATTGCGAGACGGATTTCGATAACCTCGATTGCGAACCGGATTCTCATCTTCGCCCAGCACCCGCTCCCGAATCTGATTTCCTTCTGAAGGAACCACGATGCGGATCGGATTTTCATCGCCGGATGAAGCCGACCAGAGCTTGTCAATCAGTTGCAGGATTTCCCGAGAATCCCGACCTCCCAGGGGAATGGTACGAATGGGACCGCGGTTGGCATCTTCCTCGACTCTGCCAGTCCCATCTTCGCCCAGTTGGGCCAGCAGGGCTTTCACCTGAATGACCTGATCCGGTGTGCCGCGAATCAACAGACGACGTCCCAACAGGTCTGCTTCGATGGTGGGGGCATCGTTTCCATCCCGCAGAAACAGCGAGCGGAGGGTTGTGGTTGCAGAAAGCGGATCCAGCTTGCTCAGATTGATCACAGAGACAGACTGGCTCCCCCCTTCGCCATCCAGCTGGCGGATCATCCCTTCGATTTCCTGGTGCTCCTTGGGAGTCGCGAGGATATGAATCTTGTTATTACGACCATCTTCATTCACAACGACACCCGGCATCATGGCATCAAGAGTTTTTGTTACTTCACGTGAATCGGAGGAGCTGACAGAGTAGACACGCAGAAAAGGTTTATTACCACCGGGAGACAACGGATTACCTTCGTCAACATCGATGGATTTGATAATTTCTTCTGCCAGCTTGATTTGAGCCGGGGTTGCGGTAACAAGCAGCCGATTTGTACGGGGATCGGCGGTCACCTGTGTGGAAGAATCCTTGGTCGCCTGCTGAGGGGGAGGCGAGCTGTCCCGACTGCTGCGACGACGGTAATCATAATACCGCGATGAG
CP036317.1_gap158	7048527	7052079	3552	GAAAGATTGAGTTGTTTTCCGGTGTCTTTGGACTGAAAGGTCGCCTCGTATTTGAAGGGGTCACCTTTAAACAGACCGGTAAAGGTGGCCTTCCAGTTTCCGTTTTCGTCAGGAGTCGCCACACATTTCAAGGGGCCTGTCGTATTGTACTTGCGGTTATTCCATTTCCCTTCCCAGGTCCGTGTCTCCCCAGCCCGGACCTGGGAAAGGCAGAATATCCCCAGTACTACCACCAGAATGAATCGTGATCTCATCGCCTGCTCCCGTCAGAATCGAATTTCAAAGAAGAGAAATCATCTCTCTGACTGAAATTCGCCAACGCGCTGATGGTAGCGACAATTTAGGTCCCTTTTTTCTGGAATCTGGTTTGAATCTCTCAGACATTAGTCTTCTTACCAGCGATAAGCTGCTGTCAGGACAGAGGTTGAGACTTGGGCAGTTTTCTGTTTTGCGGTTATGATTCACCTGAGAATCAGGCACTCTTCCGCAAGGGGGATGGTTTAGAAACCGTTTTCTGCGAGGCATCGCGGTCAGATTGGCCCGTCTTGCCTGCCGCCAGATGACTCCGCAGTTTGCGTTTGGAATGCTGTTCATAGAGGATGCGGGCGAAGCGACCATAGTGCAGATCGAGTACACCGGTAGTACTGACGAATGCCAGAATCGAACCGATGGTCACTTTGGGATAGACGCAGGCAAACCGCTTTTCATAGCGGGGCCGAAAGCGGCTTTTAAAATGTCGCAGGCCGGTAAAATCAAAAATGCTGGTCAGATAATTTTCCGCAAAACGCAAGCCGTGCCTCACCATAGCACTGTCCCCAGGCAGACGGTGGCAGTCTCGCCCCAGATCCAGACAGAGGCCGGCGCGCCCAACGCCTTCCTGTTTCAGTTGCTGTAATACGAAATGAATCAGGAAGGCCATGGTTCCCTTAACCGAATCCAGGCGATGTCGATAGAGTTCCGTTGCCCAGCCGGTCCCATTCAATATCGGATTACAGATCACGAAGCCTTCGATCCGTCCCTGGTTGCGGGCAACAAACAGCCGCCGTCGCCCGAGGGCATGATTGTCGATTCGTCCCTCAAAAAACCGCATCGCTTTTTTCTGAGGCTTACGCGTCAATGATTCGTCTGCGACCTCGATCACTTCTGAGATAATATCGGACCAGTGCACCGGATGTAGTTGATCGGGGCGAACCTCGCAGGCCGTCATCCCCTGTCTGAGGCAGTAGTTGGTCTGCCTGCGGACCCATTCATAATCTTTTCCCTGCCAGGTGCAGGTATCCAGGTCGATCATCGGGTCTTCCCCCCACTTGGTTACCTGAAACTGCTGTTCCTGAAACAGGGGAAGATCTGCTTCTCCGATGTTGTGAAAAGCTATTGAAAGGCGGTTCTGTTTCGCGTAATCCAGAAATTCCTGTACCAGTTGAGGCTTATGTGATTCAGGGGCAATCAGGCCTCCGCCAATGATGACATGGCGGAACCACTTTTTATAGGAGATCAATCCCCGTTTCCCCTGAGACCAGAACTGACCACGGTCCGGTTCGGAAGCCAGATAGGAATCAAAATATCTGCCATGATCAAAAATGAAGTCGCGCAGTTCGGTTTCCGTATGTTCCTCGGGCAGGCCCATGGATTCATGATCGAATGACTGGTGAGGTGCATCGATCCGCCATTGTGTCCCGGCCTGTTCAAAACAGTCTGATTCCTGACTGGTCAACCGGTCGACGTCCAGGCCCTGGTGTTTCTGCCCCTGATCGCTCTGGTGCAGTTGCAGGCCCTGTCTGGAATGGGAATCAGCTGACGACATTCGTGTGCTCCGAATAAAAACGGATCCTGGTACGGAACTTCCTCGTAAGGGAAGCAGGATTACAAGATGAATTTGAAAGTCAGTTCAGGCAGCCCGTTGCTGGACTTCTGCTTCCTCTGACTGCTGAACCAGGCTCTGCGGGTGCATCAGAAAGTCTCGCAGTGTATTGATAAATGCCGCAGACTGATTTCCGTTGACCATGCGATGGTCCAGACGCACAAACAGAGAAGCCTGTTTACGCACGACGACTTGATCATCCACAACGACGGGTCGCTTTTCTGTGGCTCCCATGGTGACGGCGATACAGTAAGCATTCAGTGGGAGCGACGCGGGCTTATGCGCAATCAGAGGCGGTGCGCCGGAGAAGCCCAGGTAATTCACGAACGCCCCGGCATGATTCAGTCCCTGCTGCCAGGGCCAGATGGTGGGAGCCCGGAGCCAGTTGCCGGCCGTGAAGCCCACCTTTGATGTATGCAGAATCCAGGAGAGCCGCAGCCAGCGTCCCAGGTTGATCAACGCGTTTTTAAACTTTGATCCTTCTTTGACACGTTTTTTGTCACGGGCCACCTGCATCGATTTTTCTCTGGCGGACTCCCAGAAGAAACCTGCAATCTCGTCGAGTGAATAATCTTCGGCTTTCCGCATGAAGACACAATCAACTTCGCCCGTGCTGGTCTGCAGCATCGGCATGACGATATTCACGCCCTCGTACTGGTAGACTTTTTTCCCGATCACCCGGCGATTGACTTCCGGGTGCCGTCGCAGGCTCTCAGCCACAGCGCGGACCAGAACATGCGCGGGAGTGAGCAGAGTGCGGTTCTGGCTGCGCTGCTCTTCCAGAAAGGATTCCAGTTCTTCGGTATCGACCGTGGTACCCCAGACGAGCATCGGATCGCAGCGGAGCGATGTACTTGCAAGATAAGTGGTATTGATCCAGCCAATCTCGGAGAGTGGCACCGGTTTATTCTTTGTCGCCCAATACATGTCAGACATCCTGTCTATTGAATTTATGAAGCTCTGGCATCCTGCTCAGAGCGGTTTCAGGCAGCTTTTTTCTGCTCTGCCTGTCGCTCAGTAATCAGCAGGGAAATCGTGGCGGGATTTTTAAACAGATCTGGTCTAATATCCTGAAAATCGAGTCGTACATCAAAATCAGATTCGACGAAGACCAGCAGGTCCATCATCGTCAGGGAATCCAGCAGACCGGAATCAATCAGTTCGGTGCTGTCAGTGATTGTCTGTCCGGTGACGGAGTTGAGAAATTCAACCAGTTGTTCCTGGATCGATGCACTCATTTGTCGTGTCCTTTTCAGTTGCAGACGAAAGTTAAGATTGCAGATCGCCGACCGCTGCCAGTTCTGACAGCTTGACCCGATCGACTTTCATGGCGTGATTTAATGGTATTTTCTGTAAGATCCGGATACGGTCGGGCACGAGTTGCCGCGGCAGCTGACTGCGACAGACGCTCAGCATTTCTGCTTCCGTCAGTTCCGCATCCTCCGAGATGGTTTCGATGTACAACGCCAGCCGCGTGCCTGTTTTTTTTGCTTCGAAGGGAACCGCTACGGCCTGGGACAGGGGAAAAGTTCGCAGTGCGAATTGTTCCAGATCCGCCGGATGGACGCGGTAACCGGAAATCTTGACCAGCGAATTGCGGCGGCCTTTGATGACGACCCTGCCTGACTGATCCAGGGTGGCCAGATCTCCGGTATAGAGCCAGCCGTTGCGAACCCGTTTGCGGGTCTCCT
CP036317.1_gap159	7173186	7176658	3472	TTCCCGGATCTGGTCTGGCACCGGGTCGGCTGCTGCATTGTCCGCAGTCGTATACGAAATCCGGAAACGCCCCAGGTTCATCGTCTGGTTGTCATCACTGTTCCAGCCCCCGTGCATCTGGACCAGGCTGATCTTCAGCTTTGTGCCCTGTGGATAACCGAAGGGTTTCTCAGCGTTAAAGACGGCTTCGTGGGGCAGGTTCATCCGCCCCGGTCCTTCATCAATGCCCCAGGCTGTTGTGTTGTCACCATCGATGGCGTAGTCCACGGGGCCAATGAAGCCCCGTTTGTCTTTCTTGTCAGAATATTTCGTACCCAGCTGCTGGCGTTCGTTGGCAAAGTCGGCGGAAGCGTTTACGAACTTGATGTTTGATTTCTGTTTCGGATCCTGGGCATTTTCGATGCTCAGCCGGATGTCCGTCAGCGCACATAAACCTTCGACAGATCTGCCAGGTCCACCTGCGGGCAGGTTGGGATGGTTTAACAGTTCCAGGCGAATCGCTGTGATCTTGGAGGCATCGACGGTTGCTTCGAAATTCGAGGTGAAGCGCGACGGTGCATACCCCTGTGCCAGTTGGGAATGATCGGGCTGCTCGAAATAACGCTGCGAATTGCTGTCGAGATTCGTCAGCTGCATGACTTTCCATTCAGGCTGATGCCGTTTCACGCGTTGTTCCCAGGCCGCCATTTCCGCAGCCCAGTCAGGCCGGTCCGCCTTGAGTGCCTGTTCGATCTGTCTGATCTTCTGAAACAGCTCCGTGCGCTGCTGCTGTTCTTCATCCGTGTAGCCGCGGATGCTGGCTTCATACGAGTTATTGATGCAGGCAAAGATCTGGTAATAGTTCTCCTGCGTCAGCGGATCGTATTTGTGCGTGTGACACTGTCCGCACTGCAGGGTCAGCCCCAGCACACTTTTGCCGATGGTATCCATGCGATCGAACATGGCTGCCATGCGAAACTCTTCGGGGTCAATCCCCCCCTCTTCGTTGAGCATGGAGTTCCGCATGAAGCCGGTCGCGACCTGCTGATCCTGTGTCGCGTGGGGCAGCAGATCACCGGCGATCTGTTCCACGATGAACTGATCGTAGGGTTTGTTTTCATTGAAGGCATCGATCACCCAGTCGCGATAGAGCCAGACTTTGCGGGGCGCGTCTTTTTCATAGCCGTTCGAGTCGGCATAGCGGGCAGCATCGAGCCAGAGTCGTCCCCAGCGCTCGCCGTAATGTGGCGAGGCCAGCAGACGCGCGACCTGTTTCTGCCAGGCTTGAGGGCTCGGATCGTTGACAAACTGATCGACCTCTGCGATTGACGGCGGCAGACCGATCAGGTCGAGACTCAAACGACGCAGGCGTGTTGTGCGGTCCGCGGGTTCCGAAAAAGTCAGCTGTTGCTGTTCCAGTTTTTCGAGGACGAACGCATCGATCGGATTTTGCACCAGCGACTTTTGTCTGACCTGGGGAACCGCTGGTTTCACAGGTGTCTGAAAGGCCCAGTGCGAAGCCCAGGGGGCACCGGCTGCGATCCACTGACGGATTTTTTCAATGTCGGCTTTCGACAGTTTCTTGCCGGAATCGACGGGGGGCATTCGCAGGCTTTCATCGTCGGTCGTCAGGCGCTGATAGATCAGACTCTGCTCCGGTTTTCCCGGCACGATCAGCGCCTGTTCGCTCGACTTCCCGAACAGACCTTCTTTCAGATCCAGGCGCAGTTCGGCCTCACGATGTTCGTCATCCGGACCGTGACAGGCGAAGCAGGCATCGGAAAGTAAGGGACGAATATCGGAAGCGAAATCAAATTCTGTGGCAGTCGCAGCATCAGTCCCTGCATGGAGCGCATTCGACAGACAGACCATCAGAGCCAGAGTTGACAACAAGCAAAGCGAGCACGTTCGCATGACCATAATCCTGCTTTCGGTCGATGATTGTGAGCGGAGAATCGAAACCGTCAGCATTCAACGGGGGAGGCGGTGCTTCACAATCAGGACAGACCTGGTCACAAAAACTGCCCACCGGCGTTTTTTTGTTAACGGGAAGGATTCTCGCATCTCAAAACAGACACGAGTGAATACCGGTCCGCCACTTTACCCAAAGTGGGGTAGCCCAATGTTTAACCTAAAACCATTTGAGCAGGTGACTTAAGAGCCAGGCCTGGAGGGTGGATTGCCTGACGGTTCTGAAATAATTATACGGAGGCAGACAGGGAGAATTCAAGTTTTGCCTCAAAATGTCAGCCAGAAACGGATCACTTTTTATGAAGATCCCCTTCAAATCCTCGCCGCAGATTTAACAAACCTTAACACTAGTGCCGTTTTGTCTCATTCTGATACACATTATTCATCTCCTCTTAACAGACCGAAAGGAAAGATCTTCACACTAACTCGATACCGTACTGCCATCTGAAATTTGCTGCCGGCAACGCAAAGTTCAGATCGAGAGTTGAATTCAACACAAGGAACTTGAGTTCAAGAGGGCAGTTCATATTCGATCATCAATTGCCAAACTGATGGGGGGGATGACCTGTTTCTTAAAAAAGTAAAAGTAAATCGTAAAAGCCTTCATTCGTTCGCGCAACTGTCAAACTTTTTGAAACTAACAGGAAATGAAATGAAAAAATCACGTGCTCGTAATCTGAAACGTTCAGGTTTTACCCTGATCGAACTTCTGGTGGTGATCTCGATCATCGCCCTGCTGGCTGCCCTGCTGATTCCGGCAGTCTTTGCTGCCCGCGAATCTGCACGCTCTTCACAGTGTAAGAGCAACCTACGTCAATTTGGTCTTTCGATGCATGCCTTCGCATCTACCGATCCCAGTGGTCGCTACTGCACCGGTGCTTACGACTTCCGTCGTGACGGATGTCCTGACACCTGGGGCTGGGTTGCTGACATGGTCAACAGTGGTGCTGGTCTTCCTCAGAAGATGCTGTGCCCCTCATCCACTCTGCTGGGTGCTGAAAAGCTGAATGACATGATTGGTGCCATTAACACCAGTAACAAAGACAACGCTCCTCCGGCACGTCTGCTGGATGGTATCTGTGCTAACTGGACCTCCGGTACCGCTGGTACACCAGCCCGCCTGTCTCAGGTCGCCAAACTGCTGGAAGACGGTTATGGTACTAACTACGCCGCCAGCTGGTTCCTGGTTCGTTCCGGTGCCAAACAGGTTGGCGGTGTGACTTCTTCCGGCCTGAAAGGTTTCGGCGGAAGTCTGGGACCATTGACCATCCGTCGCCTGGACTCATCTCGCGTTGCATCTTCTGCAGTTGCCTTCCTGGGTTGTGGAGCTCCTGGTGACGTTGGTGAAGCTGTACTGTCTGACTCGATCCCCGGCTTCATCGATGCTGGTGAACGTCTGGCTGAGTCCTTCAACGATGGTCCTGGTCAGTGGGATACAACCGCTGGCGCCATCACCCTGATGCCAGCCGGTACCAATGTTGTCAGCGCCATTCCTTCGGTTCTGCCCGACCCCAACCGGACT
CP036317.1_gap160	7178524	7181397	2873	TTGAGCAGAGACGCCAGGGCAATCCCCCCCAGTCCCCCGCCAGCTGACATCAGAAATTCACGACGATCCATAAGAGCACTTTCCTCAAAGTTAATCGATAAAGATAAATTCGTTGCTGTTCAGAATCAGGCGACAGACATTCGCTAATCCGTGCTGCTGGCCTACTTCGACAAGCAGTTTGACCTCGTCCTTCCCGGGTGGTCGGCCCAGCGCGGTTTCAAAGGCGCGGGTTACCTGGGTTTTGAGATCCGAGGTTTTGCTGCTGACCTGCTGTGCGAAGAATTCCGACATGCTGACCATGAACTGATCGTTGAGCAGCGCGAGTGCCTGCAGGGCAGTCAGGGTTTCAATCCGTTTGGGAGTGATCTGCGACGGATCGGCACAGTCGAGAGATTCCATAAACGGATCGGGCACCGAACGAACAATAAACCGGTAAATCGAACGGCGATGCGTTTCCGCTTTCGCGGGATCATATTTCTGGTAGAGGTAATGGGGTGAATGCTGCGGTTTCTCCAGGACGAACAGGCGATCTCCGGGGCCATACATGTTGAAATCGAGTTTACCGCTGATCTGCAGGACGGCGTCTCGGATCGCCTCGGCTTCCAGTTTCCGCCGGTTCATCCGCCAGAGGAAACGGTTATCGCCATCCACCTGAGCCCCTTTCGCATTACTGCGTGACGACTGCTGATAGGCGGTGCTGAGCACAATCCAGCGGTGAAGTTGTTTGAGCGACTGGCCTTCATCGCGGAAGCGGCTGGCCAGGTAATCGAGCAGCTGTGGATGCGTGGGTTTCGCACCCATTTTGCCGAAGTCATTGGGAGTATCGACAATCCCCTTGCCGAAATGGTAGAGCCAGACGCGATTCACTATCGAACGCCAGGTGAGCGGATTGCGAGGGTTGACGATCCAGCGGGCCAGTGCCAGGCGGCGGGCGCCTTCATCTCCCGGGTCTTGCAGATGCAGATTCCCATCGAGGCCGTCAATCAGGCCGGGGGCTGCCGGATCGACTTCACGCACCGGTGCTTTTTCGCTCCCCCGACTGAGTAGAAAGACGGGGCGGGGCTCACCCTCCGTCGGTCGGAAATTCCCTCGGCGGGGGAACTCGGTTGCCGCCGCGAAGACTTTTTTCTGCGCGGGGAGTTTACCGAGCTCAGACTGAACTCGTTTGATTCTGGCGGACCAGTCGCGGAGTGACTGTTTCTCTTCCTCGGATGAGAGACTGGCCAGCAGGTCATCCCGTTTCTGCTGGAGTCGGGCGAGATCCTGATTGGAATCGGGGCTTTGATAAAAATTACCGTCGATCAGATTTTTGCGAGCCCAGCGGGGAGGGGCTTCGATGGAATCCAGAGAAGTCACCTGCGCCTGTCCGGCCTGGTTCCGGTCTTCCGGTGCGAGGACCTGAATTTCCCCGAGTGCGAAAATGAAATCATTCGAGCGGGGGGCGAGTTTTGTGGCGGTCATTCTCAGGTATTGAAAACTCTGACCTTCGAGAGCGACCTCGACGGGACGTGTGCCGGGGTTCGGATAGTCCGCTTGCGTGTGGTCGGCGATGGTCGTTGCCGACTTGAAATCACTGGTATCGGAGATTTCGAGCTTGAACCGCCGGGGGAAGCCAAAGCCGGCACCGATGTTGTTGTAATTGTCAAAGGCGGGCATCAGTCTGATTTTATTCGCGGTCACCGGCTGCTTGAAGTTGAGCTGGACCCATTTGGCAGTCTGGTCTGACTTTTCAATCTGGCTGTGATAGCCATACTCGACGCCCTGCCCCTCTTTGGCATTCCGGGCCTGTTTGAGCTCTGCTTCGAGTTGCGTCAGTTTCTCCCCGCCCCGTTTTCTGATCTGGTGATCGAGATCCTGGTGGAGTTTCTGAACGCGGGCCTGTGCGGCCAGCAGTGTCTGACGTTTCCGGGCGGTTGCGGGATCGGGATCATAGGTCCGTTCGGCCCGGTCGATGCCGGCAAAGACTGCCTGCAGGCCGTAATAGTCTGCCTGGGAGATCGGATCGAATTTGTGATTGTGACAGCGGGCACACTGCACCGTGAGACTGACCGTGCTGTTCATGACGGTGGCGACCATATCGTCGCGGTCGAGGTTGCGGGTGATTTTTTTCTCGATCAGATTTTCGTTGATTTCAATCTGACCGACCCAGTCAAAGGGTCCTGCGACAATGAACCCGGTGGCGGGAACAGTGTGGGGGGAATGCGGATCGACAACATCGCCGGCCAGTTGATCCAGGATAAACTTTGAATAAGGAATATCTTTGTTCAAAGCCCGGATGACATAATCACGGTAAGGCCAGGCATTTTCGCGGAGTTTGTCTTTGTCGTAGCCGTGCGTGTCAGCGTAGTGGACCACGTCGAGCCAGTGCCGCGCCCAGCGTTCCCCGTAGCGGGGGGAAGCGAGCAGACGATCGACCAGCTTTTCATAAGCCCGGGGATCCGGATCTTTGACGAAGGCCTCAATTTCCGCGGACGTGGGAGGCAAGCCAGTCAAATCATAATAGACACGACGGATCAAGGTACGGCGGTCGGCCTGCGGAGAAAACGTGAGTCCTTTTTCACGCAGACGGGCCAGCAGGAAGGCGTCGACAGGCGTGCGAACCTGTTTCTGTTCTTTGTCGGTCAGTTTCGGAAGCGGCGGTTGTGATAAGGGTTGAAAGGACCACCAGTCAGTATCAGTAAGCTGTGCCTCTCGAATACGATATTCGGGAGGCCAGACGGCACCGGCTTTGATCCAGTTACGGAGCGTATCAATTTCCTCTTTAGACAGGGGCTCACCTTTTTTGGGCATCTCCGGTTCGGGGCCAAAGACATAATCGAGCAGCATGCTTTCGGCGGCGACGCCGGGGGTGAGGATCTTACCGTTTTCGCCCC
CP036317.1_gap161	7202092	7206277	4185	CAGAACACCACTAGACATAGACGTCAACTTTTATAAATTACTGGTATTGTGAGTTACCATCTGGTAGACTTTAAGTACGACCATAGCGGTAAACTATAGTGGGTATTGGTCCCGCCAGTGTAATTCCGTCGAATTATTCTCCATTCACCTAGATCACCTTCGGTTTCTACAGAGCTCAATCTCATGTCGTGCGGCATGCAGATCTGTTTTATATTTTTATTTCAGGAGAGGTTTAGATCATGAAACGTTTGCCCTTTGGGCTCCGGTTCAAATGGAAACTGGGGTTCACACTGATTGAACTGCTGGTCGTGATTGCGATTATCGCAATCCTGATCGCGTTGCTGTTGCCAGCGGTACAGCAGGCGCGGGAAGCAGCCCGTCGCAGTACCTGTAAAAACAGTCTGAAGCAAATCGGCCTGGCTTTACACAACTACCACGAAACACATCGCATCTTTCCCCCTGCTTACATTGACAGCGATCCCGGTTTGAATACATCGGCTGCTGCCACTTCCAACCTGAACGGGTTGGGCTGGGGAACTATGATTCTGCCTTTTATGGACCAGGCGCCGCTCTACAACCAGATTGGCACCCAAACCGGCGGGTTTAAGTACAACTGGCTGGATAAGAATCACACCGGATCATTAACCAGTGCGATTCCTGCTGCTAAAGTTATTCTGCCGGTTTACAACTGTCCGTCAGACCCGATGGAAGGGATCAACACAGACTGCAGCAGTTATGGCAAGTCTAACTACCTTGCCTGTGCAGCAACAGGTGCCAATGGACGCAATGGTGTTTTCTTTGTCAATTCCAAAATCCGGATGAAGACCATCACCGACGGCAGCAGCAACACGCTGTTTGTGGGTGAGCGGACAACCGCCTCTGACCCGAGTTCTGTCAAAGCCTGTGGTGGTGCGACCTGTAACTGGGCGGGCGGCTTGTGGATCGGTCCTCGTAACTACACTTCTCCCGCCGGCTGGCACACCAGCTTGCGAGGTCTGGATGTCGCCATCAATGGTGGTGGCAGTACCGTTTACAATCTGAATGGTTCCAGCATCAGCTGGGGACCCGCTTGGACTGCATCCAGCTCACACGTGGGTGGTGCTCACTTCCTGCTGGGTGATGGCCAGGTTCGGTTCCTGTCAGAGAATATCAACCTGGGAACCTACAAAGCGCTTTACACCCGCAGTGGTGGTGAAGTGGTGGGTGAATTTTAATCTCAATCCGATTGTTGATCTGACTTGATCAACCAGGAGAATTGCGGCCGCTTCTTTTAGAGAGGCGGCCGTTTTTTTACCCATAGCCATTATTATTTAGCTTTAGTTATTAACGTATAGAACTGAGCATAATAAACCCATCCCCAGAATGTCGAGTGCTTGTACAGTGTGAAATCAGGGCCTGTCTGCATCTGCTTTGATTCACTGTGACGTATCCACCTTGAATCTTTAGAGTTGAGACCATTCTTCACTGGTCGCAACTGCCAGTTCTGTGTAATAATAGAAAATGGTCATCCTATCTGTAATGCTGGGGAATCCCCAGCGGCAACGTTGTTACTGTTGCGAGACCTCTCACCCATAACAACGACAGTACCGAACTTTACCGGGCTTATCATTTCGGTCCTTTCAGGATGATTGGATTCCATTTTTTTCTACTGTTACTTACAAGGATTTCAAGTATGAGACGAGTTACGTTCCCGCTACGGCTCAGGTGGCGGCTGGGGTTCACACTGATCGAACTTCTGGTGGTGATTGCGATCATCGCAATTCTGATTGCGTTATTGTTACCCGCTGTGCAACAGGCACGCGAAGCGGCCCGTCGCAGCACCTGTAAGAACAATCTGAAGCAGATTGGTCTGGCCTTACACAACTACCATGAGACACACGGTACCTTTCCTCCCGGCTACATGGATAACGATCTGAACTTCACCGGTTCCAAGGGATCTGGAGTTGCAGCCAACAACAACGGTTTCGGCTGGGGTAGTATGATTCTGCCCTTCATGGATCAGGGGCCTCTGTACAATCAGCTCTCTTCGAAGACGAACCAGTTCGGTCAGCACTGGAGTGTCAACGCCAGTACGCTGGCTAAAACCATCCTGCCTGCTTACAACTGTCCGTCTGACCCAATGGAAGGGATCAATACAGACAAAAGCAGTTTCGGAAAGTCCAACTATCTGGGCAGCCACGGAACTTCAGCTGCGAATGCCACCAACGGTATTCTGTATGGAAACTCCAAAGTCAAAATTCGTGACATCACGGACGGAACCAGTAATACGATTCTGGTTTCTGAAAGAACCACGAAAAGCGAAGGTGCCGGTACAACCGGATGTGGTGGTTCCGCCTGTAACTGGTCCGGCGGACTGTGGATCGGTCCCCGGTATACCTCGAGTATGTCTACCTGGCATCCCGGGATGTACCACTTCGATGTTTCCAACTTTGGTGGTGCTAACTCGACTTATCTGATTAACAGCTCCGCTGCCACCTGGGGCGATGACTGGACTTCTTCCAGTGCTCACGTAGGCGGCGTGCACATGCTGTTATGTGATGGCCAGGTTCGGTTCATCAGCGAAAACATGAGCAGTGGCAGCACCAGCTCAACCTACTACAAGCTCGTCACACGCAGTGGTGGTGAAGTGGTAGGCGAATTTTAATCGTCCGCGATTACAACAAACGACTCACTATCCAGGATAGTGAGTCGTTTTTTTTGCGCTTATGTTTGGCGGATGCTGTTACAAATCAGGGTAAGTCGGCGTCGCAATCATTCTCTGGTTACTGTGTCAGCAGCTTGAGCTCGGCGATGGCGCGGCCGTGGTTCTGGTTCAGCTTGAGGCATTTTTCATACGCTGTTTTGGCTGCCTGCCGGTCCTTGTTGATGCGTTTGATTTCACCGTAGTAAAACCAGGCCTGTGGATCGTTTGGATTCTTATCGACAGATTCCTGAATGGCCTGCTCTGCGATCTCAAGATTATCATTGCGAAAACTCATCATCGCCGTCAGCAGCCCCATTTTCCCCTGATGGTAGTCGCGTTTTTCAATCTCGTTCTGCTGGTTGTAAATGTTGGCCAGCGTCTCGTGAATCTCGATGGTGGGCGACATCTCTGCGACACGCAGCAAATATTCTTTGGCTTTCTCCAGATCCCCTTTCAGGAGATAGACGCCCCCCTTGAATTGGATGGTGTCGGGTTCTTCGATTCCAAAATCATTCAACATTTTCAACAACACCAGCATGCGATCGGGATTTTTCCGTTGAAATTCCACTTCCACCATTCGCATCACAGTCGCCTTGAAGGCAGGCATTCTGCGATCCCCCATCATCGCCAGTACTTCGTCGAGTTTCTTTGCCAGATGATCCATGTCATCCCGATCGAGCATCTGGTTGTAGTCCTCAATCGCCTTGGAGACTCCCAGCCGCTTGCTGTAGGGCATGATGAATTCCGTATTGAAATTGAGCGGAATCACGTACATGGCGCGTTCCAGCCGGTCAGCAGCCTGCTTCGCTTCCAGAGTCCTGCCGAGTGAATCCATGGCTCGGTATTTCAGAAATCCAAAGTAAAGCGAATTCGGTGTTTCATTCAAATTGCGCTGAATAATCGAAAGGGCATCAGCAGCGCGCCCGGAACGCACCATCAGTTTGGCCCGTTGGAAATCAGCAGGTTGAAAATCCGTATTCTGCTGAAAGGCCTGCTCGGCCTGGGCCGCTTTCTCCTGCCTGAGATAGTTCCTGCCAATGGCGTACTTGTAATGCCTGGGGTTGGTAAACGGAACGGAGGCGTCCGCTTTCATGCCCTTGAGCTTTTCATATTCCTGCGTACTGGCCTCCATGCGTCCGGTGCGTTCCAGGCAAAACGCGTAGCTGGACTGCGCAACGGCACTGCCAGGATCCTGCCTGGCCGCTTCGTAAAAGCAGTTTTCGGCGTAGGCATACATTCCCTGCCCCAGGAAAGCCTGCCCCAGCCGGATCCATTCCGGAGCGAAGCCGGTTTCCGCCTGCGTTGCCAGCTCCTGGTACTCTTCCATCACCATCGGATCGATGTACTCTGCTTCCGGCAGGACTGGAATCGGGCGGGCCAGTCGTTTCGCGACCAGATAACCGCAATACCCGGTCTCCACGACCAGCAGAATCAGCAGAATGCGAACGATCTGTTTCATGGCTGGACCTCCTTTCCCCGGTTCAGCCAGGCAGCGACCCGGC
CP036317.1_gap162	7218034	7221907	3873	TCGATGCGCTTGGCATCAAATCGTCTTTCAATTCAACGATCAGAGTAACAGACGTAAGCCCTTTGAGTGCCTCTATCTGACTCAATGAGTCAAGAACCAAAGCAGCGTTGCCGATATTGTCAACACTCACACGACAGCTATCGGACAGTGCTCGCACCCAGACACGCGATTTATTCATAACTTCTCCCATCTGTCGTACTTCAAAAACGAGTACAGCCTCTGTAACAAACCTTGTTATTTGCATCCATTGACTGGTTCAGATAGATAATTAGACTCTACTATTTCATCATATGCTAACCGAAGGCTCGAAGTTATATCTAAACAGACTCAAACAAGGAAGAATTCTAAATCTTAATCGTTGCTTTGAGAAAACGGTCGTTTGAGTGATTGTCCGCGAAACAACGACAAGCGTTGATAGAATCCGTACTCCCGGGTCCCGAAACGCAGATTATGATTCCCAGTTTTTTCGTCTAATTACCACTTTTCTGTCTCACGAGCTTTAAGAAATCATCAAAGCCAGACCGCCATTAACTCCGTAACCATTAATCTCAGAAACATCTTTGCTCGGGCTGTGAAGCAAGAGCACCACCTGGAAGTGAGCTGCTTTTGGAGATTTCTGAAATTGCGACCACCAGTACTGCTGTCAGGGCAACTTTAAAGAAATAATACATTGACCGACTTCATTCTCTTTACAGTTGATTCATCTCAACCACGTTACTCTGAGTCGCCTGTCAGTTGGTGGTGATCATGTTCCATTACTCCTGCAACTCAATATCCCCCGGTCGCCAGGTTTTGTCGAACCACGGTTTCAGGGGACCATATAGTCGCAGAATCATGAACCAGCTCTTCCCGGGGATCGTCTGCACCCAGTTGCTCTTCTTGCCTGTTGGTGGTTGGGGACCGAAATAGACATCGACCGAGCCGTCCGCGTTGGTTTGCAGGTCCTTGTTTTGACTGCTCACGCTCGGGTGCGGATCGTCGGTCTGCAACATTGACCGTGTCTGAGTATCGTACACAATCACCGACCAGAAGGTGGCGACCGGGATATGGGGAGGCAGGTGCAGTTTGTAGTTCTTTCCCCCGTCAAACGGGTTGCCCTGCGAATCCAGAGCCGTCCAGGGATACGTCGATCCCTTCCCCACAATCCGGGTGTCCATCGCCGGTGTTACCCCAGTGGCGAGGAAAAAGAAAAAGGCGGACGCATCGAGATTCGCGACTCCCGGCTGCCACTGGAACTTGTAACCGCCCAGAAACGCATACCGCCATTGCCGGTCGTCGAAGAGCCGACCATTTTTCTGACGAAACCGATAAGCGATCGCACGGGCGGTCGCATCACCCACAGCAGCGGCTTCTTTGAGAATCTTCTTCATCCGGGCATCGGGTTTAAATGGCTTCCCTTTCTGAATGCCGATGGACGCCCAGAAACCCAGTGTCGTCGGATCAACCGTCTCGGTCGGTTCACCCTGCACGACCGAGTTCAATAGTTCCCAGAATTGATAACCGGCGGGACCAACCATGTTAAACGGTTTGCACGACATGTTGATAAACCTGGGACTCGTCGGGTTGTCGACCTTGGACAGCGGATAGATTTTGGTGTGCTGTTTCACCAGGTCCACGCCCGGCGTCGGATCACCGTCGACCACGAAGCTCCGCCAGGCAACCCAGACACTCAGAGAACCGGGACGCACGACAAAGTAGCCTTCGGGAATGTCGCCTTTATAGCCGGGAGGCAGCAACAGGTACTTGCCCCCCTTCCCTTTATCCGGCCCGGTAAGTCCAATATCACCATTCCAGTGGTACCACATATCATCGACCAGCCCGAGTACCTTGGGTGGTGCCTCGACCACAACGGGGCCCTCGCGCAGATCCAGCCAGAACCAGGTATAAGGGGTGTTATCATTGGCCGTCAGTTCAATCGTGGTAGAGTCGACCAAATTTTCCCAGATGGGCACGGTTTTGTTGGCCGGTCCCATGGTGAGGATATTGTTACGGTTACTTGCCTGATTTACCACGGGCAGCGCGAGCAGATAAGCCTGAACCGCGCGTTGAAAATCCAGGTTGTCATACAGCTTTTGAGTACTCGCCTTGTCCGGCACGCCATCCATGAAGTTGAGCGTTCCCAGACGCGACTCAACCTGATCCGGGACAGCGATCCCCGGCGGGATGGGAGTGGTCATCTTGAACTTCTCGCTCGTCTGTGCCTGGACTGTACTGCTGACAAAGAGCCCTGTCATCATTACACACGCAGATACCCACTGCCTGGTTGCTTGATGATGCGTTTTCATGGTTCGAATTCTCCGGCGATGCGAAAGTAAAATAAGACCAGTCTTCCGAAATCGTTCTACTCCCGGCCCGCCTCCATTTTCTTCAAACCAGCTTCGAGCTTTTTGATTTCTTCCGGCGACAATTGCGGCCGGTCGATCGTGATTGTCAACTTGTTGAATTTTGCTGTCAGCGGGAAGGGCGGGGTATAGTCCGCATCGTTCACGCCGGTAATCGTATCGGAGCCGATGTCGAAACTTTCGTCCCACTGTAGAATAATGGGAATCGTTTTCTCCATCTTCTGCGTGGCCACCACTCTGCCGTCCACTTTCAGTGTACCGGTTCCACTTTTCCCGATCCCGGAGAAGTTGTTAAATGCCATCGTCCCCAGTCCGATGCCGTCGTATTTGAAGTCAAATTCCAGAATGTGTCGGCCGGGGGAGAGTGCTTCGGGAGCCTCCCATTTCAGCCTTTCCAGATCCAGCAGGTTCCAGAGAAAGACCGGTTTGCCTTCGAGCAGGTAAAAGCCCCAGCCAGCAAAACGTCCGCCGGAAGTGACAATCATCCCCTCGGCGCCCCCTTCCGGTACGGTGATGTCCGCTTTAACCGTATACGATGTATCCAGCAGATAAGGCGCATCCCCCTGTGGCAGCCCTGTCATAGGACGCGTATAGACCAGTTCGTTACGCCCCGCCGTGAGGCTCGGACGCTGAGCCGCAACCCGGGCACCGACCGACGCATTCAACGGCAGGACCTGGTACTTCTTCGCCTCATCCAGAAACATCGCCCGCATTTTGGTGACTTTATCGGGGTGTTCCGCGGCAATATCGCTGGTTTGATTCCAGTCAGTATTCAGGTTGTAGAGTTGGAACACCTGGTTATTGAGTGGATCCGGGTTCGCTGCCGAGAAAGCCTGCCAGGGAGCACGATTCACCTTGGTGCTCATGAACCAGCCATCGTGATACATCGCCCACTGACCCATCATCTCGAAGTACTGCGTCTCGTGCCGGGACGGTGCCTCGGCGTTTGCTTTGTCGAAGGTGTAGGCGAAGCTTGTCCCCTCAATTGGTCTCTGCTTAATGCCGTCCACATATTCGGGCGCAGAGATACCAGTCACTTCCAACAGGGTGGGCACGTAATCGATCACGTGCACGAACTGCTCCCGCAGGCCACCTTGATCTTTGATCCGCTTCGGCCAGGAGATCACCATGTTCTGATTGATTCCCCCCAGCCGGGACGCATTCTGTTTGAACCAGTCGAATGGCGTGTCAAAGGCCCAGGACCAGCCGGCCGACATATGGTTGTAAGCGAACTCGGTCCCCCAGGCATCATAAAACTTCATCTGCACATCCACCGGCGGTGCCACACCATTGAAAAAGGCCACCTCACTGAAGGTCCCCTCCGGCCCTCCCTCGGCACTGGTACCGTTATCGCCGTTCTGGTAGATCACGATCGTATTATCCAGCTTACCCAGGTCTTCAAACGCCTGGATCACGCGCCCCATTTCATAGTCGTTATACGCTACGTACGCTGCGAACACTTCGACCTGACGGATGAAAAGTTTCTGCGCTTCCGGTGACAACTCGTCCCAGGGTTTCAGCAGGTCTTTCG
CP036317.1_gap163	7287905	7289885	1980	GTGATCAGTTCCGCGCGTGAGTATTTCGTGGTGGTATCTGTGGCCTGTTTGAGAGGAGACACTGCCTGCCTTTATGAATTGGTGATCATCGAATTCAGTCCAAGTTCCCAAATTCTACAGGAAGCGGACCGCTTTGCCTATGAAACCCTGAGGCTCGTCAATTATCATAAATAGAGACATTGACCAGATCAGACCTGAGTCTGTTCAGAATCGGGCATTGGTATTTGGTTCCGCGGGCCTACAATTCAGATAGTGATCCGATGAAATCTCTGCCCTGGAGGCAGACTGGCCTGCGTGCGACCCTCATTGTTCAACGAACCATTTTGAAAGAAAAGAGAGATTAAGCGGATGAGTACTCCATCTAGTCTGTACGATGAAGCAGTCAAAATTTATGAAAGTGGGGAAGTGGAACAGGCGGTTGAGAAACTGAAAGAAGTACTGGCCGCAGATGAAAACTACGTACTGGCCCACTCCGCCTCGGCCGTCTATTACCAGAAACTGGGGAAATTCGACGAGGCCATCGAACATGCCAAAAAGGTCACCGAGCTGGAACCGGATGACAACTTTTCCTATCTGCAGCTCTCTGTCATCTGCCAGCGGTGTGGACGCATTGCGGAAGCAGAGGATGCGCTGGCGAAAGCACACTCGATGGGACAGAAGAAATAGCATTCGCTCCCAAAACACAACGTAAACAAAACAAGCTCTCGCTGGTGAACCGGCGAGAGCTTGTTGCGTTTCAGTAGATGTAATCAGCGGCTATTCTTTGATCTCGCGGAACGGCGAGTCGGACTCAGTCTCCGCAGGAGATGGAGTCGACTCAGCATCAATCTCCTGGAACGGGTTCTCGCTTTCTTCGGTGACCATCGCCGGTTGCTCTTCAAACGAAATCCGTGCGGGTTCGACTGGTGTGAGCTGCTTACGCGAAACAGGCACATCCCGAGAAACGGTTTGAATCTGCGAACTGTTTTCCAGGCGGGCTACCTTGAGTGGCGAAGTTGTTTTGAAGGTCCGACCATCCTGGGATTTCATCCGCACCAGCAGAGTGAGTTCCTCGCTGGCAGGCGTGCTTTGCCAGGGCAGTTCGAAACGAAATCCCGAACCGGCAAAGCCGGAGTACCAGTGAGAACGAACTTCCTGGCTGTCGAATTTCCAGATCCCGACACGCCGCTGCGCTTCCGGCTGATTCAGATCGACCAGCTCCAGTTCCAGATCAGCGGGCAGCTTGACAGTCTCGCCATCCACATCATGGGGCGTGATGACGGTGGTCCAGAGCTCGTCTCCCGGTTTGCTGTCGAGGTCAACACCGCCGGTCAGCAGGCTGTTGACTTTGACTCCGGTCACCCGAAACAGGGTCTTCGACTGTTCGGGCAGCAGGCCTCCATTAGCTGATTTGGCTAGCTGCCGCTGCATGGCGGCAGACTGTTCACGGGCGGACTGCAGTGCCTGATGGGAGTCTTTCAGATCGCGCTGCAGTGCGAAAATACTGTCTTCCTGCTGGCGCAATCGCGCTTCAAGAAGATCGGTGTTTCCCCGACCTCCACACCCCGCCAGGGTGAGAATCAACATCAACGACATCCATGTCGTAAGGTATTGCTTCATTGGAAATCAACTAATACAGAAGATCCCTCTTCTGTCTCCTGTTAATCAGAGTTAAGACTGTTCTTTGGCTCCGGGCAGATCCAGGTGATCGAGCACGTTGTCGATCAGACCGTATTCCTTGGCTTCCTGGGAATCCATGAAGTTATCGCGGTCGGTATCCTGTTCAATTTTCTCCAGGGTCTGACCGGTGTGATGCAGCAGAATCTCATTCAGACGCCGCTTCATTTTCAAGACTTCTTTGGCGTGAATTTCCAGGTCGGTTGCAGTTCCCTGCATCCCGGCGAGCGGCTGGTGAATCATGATCCGGCTGTTGGGCAGAGCATTCCGTTTACCGGGAGCACCGGCAGTCAGGAGCAGCGCCCCCATACTGGCAGCCTGCCC
CP036317.1_gap164	7293197	7294309	1112	ATTCAGATTCGACAGGAGAGAAATCGCTTCCTCGTTTTTTGTAGCACTGGCCGCCTGACTCGCGGTCGCATCCCAGCGCTGGCGAAAACCAACGTTATCCAGGAAGGGGAGCACCGTGGTGCACCAGGAGAGGTTATCGAGTGCTGCTTGCGGGTTGGGCACTTCGTCAGTGGAAACTGCGAGATTCGGATCGACCAGCAGGGGCAATTGCATTTCGTTACCCGCGGAGCAGTTGACGACTGCCAGACCGATGTTCCGCATGTTATTCAGGCAGGCGATTTTTCTTGATCCATGATCACGCGAACTCTGAATTGCTGGCAGAGTCAGTGCTGCCAGGATCACAACGATCACGATGACCACAATCAGTTCGACCAGCGAGAAGCCGTTTCGCTGTGTCTGTTTTTCGTTGCGTGTCTGCATGCGGTTGCCCTTTGAAATGAGTAAAACCAGGCGAGAACGGTGCAGCGTGATGCTTTCACAGCGTCAGAAACAGGTGTACAGAAAGGCCACGCCCATACAGTATGCGATCAGGATATGAAAAAAGCACCAGAGACCAGCTGGTCCCTGGTGCCCGCTAGTTTGAACCGATTTGAGAACAATGACTCAAATGATGGTTGCAGTCATCTTCCCAGGTTTAGAAAGATGCCCCGTCAACAACAGCCTGTCCATAACGCAGACCGGCAGGTGTCAGCAGACGAGCATAAATGCCACCATCCATCTGCGGTGTCAGTGATTTCCCACTGCCATCGCAGAGGATCACATTCACAGCACCACTGGGATGGTTGGAACTGGGACGCCAGGCGGCTCCCTTGGCTGCGGCCAGGTTGGAACCGATGCGGGAATCATTGCCAGTAACACTATTCTGCAGATTGAATGTTGGGCTGGCAGTAGACAAGTTCAGAGAACCTGTATTCATACTTAATCCAGTCATATCAACGCCGAACCCAAGACTACCGGTATATAACTTACCGTTATCTGTCGGATCCACAAACGACCAATCACCGGCCTGCAGGTTTTCAGTGATCATCAGAGTCTGAGTCAGACCATCCGCAGCCGAAATGTAATCGAGTGACATCCGCGAAGTGCTGGGACGCCAGAAAACACCGGTTGCA
CP036317.1_gap165	7340936	7345750	4814	ATTTTCGCCGTGCTGATACCATCGGCCGGTCGGATCGAGGGCGGGAACCAGCCGATTGGCTTTGAGTTTAATCCCGCGAATCTCGGTGATCCCCCTGCCGCCGGTTCCCTGGTTTTGTGCCCAGGTTTCCGGCTGACTGTCGAGCACGGTGTAGGTCCCCTTAATCAGCAGAACATTGGGCGCGCATTCCCAGATGGCATTATTGGGACGCCCTCCCTCTCGGGGAGCGTGCGTCTGCCAGGGGCCATACGTGGTGCCGTTTTCGTGCTTCAGCGCAATGGTGCCGGGCGTGCCTTCATTATTCTGCGTCCAGTGATAATTCATCATGTAGGTCAGGCGGATGGGGGTCTTGAGCGTGAACTGCGTCGGCTGGGTGGGCTGTGGCAGAACGCCCTGATCGTTGGCGTTGTAGAAGATCGTTTCTTCTTTTGTTTCTTCCGTCTGCGGCTGGGCGACAGGTTCCGGTACGGGAAGTGGCTCGGGCAGGGAACGCGGGGGCTCAGGTGTTTCAGGAACAGACAGCGGTTGTGAAAAATCATTGATCTGTGGCGCTTCTATTTCGCCGGGCAGAGTCACGATCATTTCGCGACTCCCCTTCGTCTGTCGAAACGCAAACGCAGAACGCTTCAAACCGGGGCCTTTCATCTCCAGCAGATGTCCCTGGGAATCCCAGGCCATGGTCATTTTACTGCCGTTACGAAAGCGGATTTCGGAAAGATGACCTGCCGTATCGAACTGATACACTTCGGAAGTCCGATCATAGTTTTTGACCTGCTGGAGGTGCCCGGCGGAATCGTACTGATATTGTTGTGTGCGGCTGTCATCATCGATCAGTTGTGTAATCTGTCCCTGCGGATTCGTTGTGACCTCAAGCAGTACTTTGTCGCCGGCCCGAATCTGTGTGAGTTGATTCCCCTGGTAGCTGAAAGAGAATATCGTCCCCTGCTTCTGCCAGGTGCGGAGTTGACCGCCGGCGGTGAAATCCCAGATGCCTTCCGGTGCGGTAAATAAAAATGAGCCGTCAGCTGCTTTTGTCAGACTGGCGGTGGATGTCTGCAAAGGTTTAATGAGAGTCGGATTCGCGGGGTCGACCTGGAACCGGTAGGGAATCCCCCCGATATTGACTTCGACGATGTTATTCTTGCCCACGCTCAACGAGGCATCGAGACTGCTGTGCCAGCCCAGCCCGAAGCGACCGCGAAACCGGGAATCGCTGGTATAGAGGCGTTCGATGCGGAGTTCGGTGGTCGTGGCGTTGATCACCAGATCCGTTACCGGCAGGCAATAGTTCCCCCGTCCCGTCTGGACATAACCACGCTCGGGAGAATGCACATAGACATTCGCGGCCAGTTCATCGCGTTCTGCCAGCCAGGCCCGCTGAAGCACTTTTTCCGGCGTCCACTCGTAGACATTCCGGGGTGCCTGTGCGAAGGCACCAGGAATCACAAAAGTTAACAGAACCAGGAGAAATAACAACACAGACACGAATCGCTGGAAACGCATGGCAGTTCATCCTCAGTTTTCGAACCGGTTTCGGTAGAAAATGCGCCGCAGTAAATGCTGTGCTTACGTCAGTATGACGTTTCAGGCTCAGGCGGGCAGCTGGTAGTTCTACTCAATCGTCTGCTTATTATCAGCTGTGTAGAACAACCGGTCAAGCAGCAGAACCACCGCGATCGAATGGGGAAATCCCTGATGGACGAAGTGATCGCGGGTCACTGTTTTTTCGCTTTGAAAGCAGGATTGGGAACAGGCATTTGTGCTCCCACCTGTTGGAGGTGCGTCTGCAGCTGTTTTTCAAGACGGGCCGTAAGCTCCGGCTGTGCCGCGGATAGATCCTGCGTCTCGCCCAGGTCGTGTGCCAGATCGTAGAGTTCGTTGTGTCCATCTTCGTAGTAGTGGATCAGCTTATAATCCCCCGCACGAACGGCGCTGTAAGGAATGCCGATAAAGACGTTGTAATGCGGGTAGTGCCAGTAGAGGGCCTCGCGGTTGAGAGCTACCTGAGGATTTTTAAGCAGAGGAACCAGCGAGATGCCATCGACGTCCCGATTGTGGGCGGCGTTGCCCTGTACCCCGGTGATTTCCAGAATGGTGGGGTAGAAGTCCATCGTGATCGTGGGCGTTTTGCAGACGGAGCCGGGCTGCGTAACACCGGGCCAGAACACGATCGCAGGCACACGCGTGCCTCCTTCCCAGTGCTGCCCTTTTTCTCCTTTCAAGGGAATGTTGCTGCTGGTCCTGCGACAGACGCCACCATTATCAGAGGTGAAGACAATCAGCGTACGATCAGCGATGCCACTCTGCTCCAACTGGGCACGGACGCGACCGATGGCGATATCAACAGAATGCACCATGGCCGCGTATTCGGGATTTTTGTGGTGCTTGCCTTTAGGGAGTTGTCTGAATTTCTGTGCCAGATCGGGACGTCCCTGAATCGGAGCGTGTACCGAGTAGAAAGCGAAATAGAGAAAAAACGGATTGTCCTTCTGCTCACTGATGAGGGTCACGGCTTCGTCGGTGAGGCGATCGGTCAGGTAGCGGCCTGCGCGCTGCTCCTCAGTCAGTCGGCTGTCCCACTTCAGGGCATCGCCACCATAGGGGAAGTGATAGCTGCGGGGGAGTCCCCGATTGGTGCCACTGATGTTAACATTGAATCCGTGGTCCTCGGGTAGATTGCCCGGTCCGCCCAGATGCCATTTACCGACGTGCATCGTTTTATAGCCGGCCTCGTGCAGTGCTTCGGGGAGCGTCGTATATTTCTGTGCGAGGTGCTGCTGCCATTCGGGCGGTTTGAGAGGAAAGTCGCGGTACTGTTTTGCCCAGCCGGGAATCCAGTCGGTCAGGTGAGTGCGGGCGGGATACATGCCGGTCATCAGGGCACCGCGGGTCGGAGAACAGGCATTACAGGCGGAATAGTTCTGCGTGAACTTCATCCCCTCGGCAGCCAGACGATCAATGTTGGGAGTCTGATAGTAATCACTACCGTAGCAGGCCAGATCGGTCCAGCCGAGGTCATCGACGAGAAAGAAGACGACGTTCCAGGGACGCTCGGCGGCAGTGAGTCTGGGAGCAGAGCTGCTCAGAAAAACCAGCAGAACCACTAAGAAACAGCAGACGCGTTGCAGCAGACGGATCATGGGAGTTCCTCTGATCGGGGAGTGATCAATGCAAGCATAGAGTAGAATTACTACCGTTTATGATAACCGGAGCATGACACGGAAGAAACGTCTGGAACACGAAACGAAGTAGAAAGGGAGACTACCACGAAAGAAACAGAAGACACGAAACGCATTTCGGTCTGAATTCCAATTTATACTTGTAGACATTTTTTGATTTCTTTCAGATCAGCACCGAGTATGATGGACCTCACAGCAGGCTATACCTTCAAACTCTTTCTTTATTTAAAACCGTCTGGAAAGCGGGTGTGCTCATGAAGTATTCACTGCTGATTTTGCTGGGCGTTTATTATTTCTCCAGTGCCCACAGTGCAATGGGAGCCCCTGCGGATTTTGACGCTCCCTCGAACAGCCATTCGAAGGGGACAGAAAAAATCCTGGAGAATGATGAGACGACGAAGAACTATCTCAAACGTGTTGCCGAGGTTGTCAAAGAGCTGGGCGGATCAGTGATATACGCCCCGAGAGCATCGGTAAATACAATTATTGGTATCAGTTTAGAGACGCCGAAAGTTAATAACGAGACACTGCTGCTCTTCAAAGACCTGAAACATCTGGAAATTCTAGGTCTGCATCAGTCGGAAATTACTGCAGAAGGAATCCAACAGCTAAGTCATCTGCACTCACTCAAAACTCTGAGCTTATTTAGAACCAAACTCAGTTCTCAGGCAATCAGTGTGCTGGCATCTGACTTTGATCTGGAAAGACTCGAACTTTGTGCAACCGGAATCACAGATGAGCAACTGGTCCTGTTGCAGGATGAAGCAAACCTGAAGTATCTCGGATTATCTTACACAGTAATTTCAGACAAAGGGTTAAGCGCCCTGAAAAAACTGAAGCAACTACAGTATCTGGATCTGACTAAAACAAAAGTCACATCAGCCGGACTGAATGAACTGAGTGGACTGACTAACCTTTCAATTCTGAAGCTGAACTCGTGTCTGATCGACAGTGACGGGCTGCCAGCTCTGGGAAAACTGTCTAACCTTCGAATGTTAAAACTGCAAACCGGACTCATCAGCGATCAAAATATCAACTGTCTGGAATCACTGACCAAACTGGTAGTACTGGATCTTGGATATGCAGAGATTACCGATCGCGCATTGGATTCGATCGGGACACTAAAGACCTTAAAAGAACTGCGGCTCAAAAAAGTAAACATCACCGGGGAAGGAATTAGAAAACTCCACCGCCTCACAGATCTGGAAGTCCTTTCACTGGAAGAGACCAGCTTCAAAGACGCTGACCTGAAACATCTGAGACAGTTTCAAAAGCTGAAGCATCTCAATCTCAGTGCGACTCAAATCACAGACGCCGGCCTGCAGCATCTGGAAAGTTTAACAGATCTCCATTATCTGTTCCTGAATCGAACCGCAATCGGAGATCCTGGGCTCATTTTTTTGCGACCGCTGTCAAAACTGAAACTTCTCTTTCTGGATTTTGCGGATGTCTCAGATCAGGGACTGGAAGAGATCGGGAAACATACCCAGCTTGAAGCGCTATCGCTTAATTGCACAGACGTTTCCGATCAGGGACTCTCATCTCTCAATCAGCTCCAGAATCTTCAATCACTGCAGTTGGACTTCACACAAGTTACGGCGGAGGGGTTGGCAATATTGAGAACCCACAAAAAAC
CP036317.1_gap166	7515944	7519167	3223	AGAAAGTAGGGCAACCCCTTGATCGCTTCCAGTGGCCCCGCGGTTCCAACCACCGGCTGGTGATCGCGTGACAGAACCGGTGACAGATGGGAAACATCGGGCACATCCACACCGCTGGAAATCACCAGCACAAAATCTTCCGGCAGGCCGGTTCGGGCGAGCAGATCTTTTTTGACCGATTCACTGACCGTAATGATCCCTTTACACCACCGCAGATCAATCCGCAGCTTTTCATCGCTCTGCAGGTAATCATTCACCGTGAGCAGAAATGGACGCTTCAGCTTGCGGGCCAGCCACTGCCCCTGCGGGAGCACGTGACGCGATTGAATGTGAATCAGATCCGGCAGATTCTTTTCCGCTTCCTGTTTAACCAGACGCAGGACTGCCTGCCCCAGAATCGGCGTATTCAGATTTCGATATTCGCTAATATCCAGCTTGCTGCGAATTCCCGGATCCACTTTTGAGGCATCGGGACAGACCACACGCGCCCGAATTCCATATTCGGCAGTATAGTGGGCCAGCCGCAGGGTGTAGGCAGAAGTTCCCCGAAGTTCAAACGGCCCGGCAAACAGCAATACTTTCGTCGAGGAATCTGCTTTACTCATTCACTCTATTTCCAGCGCTGTACCGCTTCAGCTCATTTCCGGGAGACATGGCTGCGAAGGCTCCTCTTCAGGAACGGCGACGTGATTTAGGAGGGGAGAGAATTTCGCTCAAAATATAAGCCTGACGAAATGACTGACGGTCCTTCAACACTTCACGAATCAAACTCGCAGCTCCTTTGGGGGGACCGGCGGTAGTCGCGTCTGACGATCGCATGCCGAATGTATCTGAAAGATGTTGACCGACTTTACTGTCGATCTGACTGTGAACTCGTGACTTGATATGTTTCTTCTGCGACTTTTCAATCCGATCGCGTAATGAACCTCCCAGGCGTTTCTGTCGCTCCTCCTCTTCCTGCTGGTTCCGTTCCCGATGTGAGACGTGTTTCTTCTTTTTCGCTTTCTGAGCAGGTACCTTTCCACTGGCCTGCTGCTTTTGCTGGTAGCCGCCCGAAGAAGACTGTGTCGACCGGCGCTGGCGCTGTTGACGTCGGGGAGGCTGGGGAGACGATGCAACCGCCTCGATGCCGTCATCCTCAAATAAATCGATTTCGACAGGTTCGGCTGCCCGGGCCTGTCTCGGCTTCCGTTCAGGTTGCTTTTCCTGCTGAGGATTCATCGCATCCTGCAGAAACTTCTCCAGTTCTTTCTGCAGTTGTGCTTTTTCTTTCGTTTTCCCGGGCTGAGCTTTATTTTTTTCCTTGGCAGCATTTGCGATGGCGCTGGCAGCACTGATCAGCAGGATCAGAATCCCGAAAACGGCTCCGCCCCAGTCTCCTGCTGCTAAGATTAAAAGATTCATAATTTACCCCAGTCGCCGTTGATTCCTGGCCTGCGTGAATAGCACGCCGGTCATTCCATTTAAGACGGGAAACCCGATGACGTCTAGTTGGACGCCGTGGACTCCCGTTCGGGAGTACCAATCATATCACGCATCTTGGTATCCGCCTGCACGTTTTTCAGTTCATAATAGTCGAGAATGCCAATTTTTCCGGTCCGAAACGCGTCGGCAATCGCTTCAGGAACTTTCGCTTCAGCCAGAACCACCTGGGCCCGGTTCTCCTGAGTCAACGCCACCATTTCCTGCTCGCGTGCTTTCATCTCCGCGCGACGCTGCTCTGCTTTCGCCTGAGCGACCCGCATCTCGGCTTCAGCGTGGTCCGCCTGCAATCGAGCACCAATGTTCTCGCCAACGTCTATATCGGCAATATCAATCGATACAATCGTGTAAGCGGTCTGCTTTTCCAGACCTTCGTTTAATACGATTTGTGTGATTTTGTCCGGATTTTCCAGTACCTGTTCGTACGTTGCCGTGGATCCGATGGCCTGCACGATCCCCTGTCCCACACGGGCAATCACGGTCTCTTCCGTCGCTCCCCCCACCAGCTGTTTGAGGTTGGTCCGCACGGTCACGCGGGCACGCACATTCAACTGAATCCCGTCGCCAGCCACCGCATCCAGTGTGCTGTTGGTTTTGCGGGGATCGGGGCAGTCGATTACCTTGGGATAAACACTGGTTCGTACCGCATCCAGAATATCGCGACCCGCCAGGTCGATCGCCTGGGCCGACTGCCAGTCCAGATCGATCTTGGCCCGCTGGGCGGCAATCAACGCTCGAATCACGTTCGGCACGTTACCACCGGCCAGGTAATGGGCTTCCAGGTCGCGGGTGGAAATATCATAGGACTTCGTAATCCCCGCCTGGATCGCCATGATTTTACTGCGGACGATAATCGTGGGGTTCACTTTACGAAGCGTCATCATCAGCAGATTGAAAAAACCAATCTTGGCATTGGTTAATTTACACTGAATCCACAGACCGGCAAATCGGGCAAACAGAGCACCGACAAACAACACAACCAGAAAGACGACAATTCCCGCAATCCATATGAGGGTGGAAGTATTGTCTGCCGCTAAAAGATTCAAGGTGCTCATTCCTGCTTTCCTGTCCTGAGAAAATGTAGATCCTGGTGTTGTTTATAACGGCTCAACTCGATCTCTAAACCAACCGGAAATCAAGTTTTGTACATTGTAGAGTAATTTCAGGTCCGACTCCAGAGCCTGCTGGCAGAATCAGGTTTCAGGGACTTCAAAATCGAGTGCCCCATCAGCCAGCGGACCATCGGGGGATGAAGTCTCCTGATCCGTTTCGGGGGTCTCTTTCACAGTCGGTTTGACAACCTTGACGACCAGCCGCGTCCCTTCCACGGCAATAATCTCCACATCCACCTGTGGATCCACGATCATTCCCTGGCTTTCGCAGTGGTGTCGTTCATGATCAACGAGCACAAACCCGCTGGGGTTCAAAAGAGTTTGCGTTTTTCCAATCTTACCGATCAAAGATCGCAGATGCTCTGTTTCCGCCTGGAACCCCGTCACCTCTTCCAGGGTTGGGACTTCGTGAATGAACTTCTTCCCCCAGGCTGTATTGGGGAACGTTTTCACCGCCATCCCGATTGTCGTCGGGATCAGAATCACCACGCTGGCGATATAAGTCCACCAGAATCCGGGACTTGTCCCCCACCAGGCCATCCAGGCACCCCAGAGCGAGGCGCCCATACTTGTGATAGCCAGAATGGCAATCAGCCCGCCTGATGGCACAAAGATTTCGGCCACAAACA
CP036317.1_gap167	7693938	7697491	3553	ACCGCAGGCAGCCACGATCCAGGGCAGGATGGTCCACTTGATCCCCATCGCTTCATCAATCCCGTGCATCGGGAATGGAGTGTGAGTATCCCAGCGGTTGTAGCCGGCATCGCGTACTTTTGTCGATGCTGCGACCAACGCATGCGGATCATCGAACTCGGCAAGTAACCCGAGAAGCTCAGGCTCTGCTTTTGTTTTTTCTGGTTGTTCGATTGTGGTTGCCATAATCTTTTTATTCAAACAAATGAGTTAAGTCGTATCCCAAACACAGGCGGACAGCTGAGGACTAGTCTAATTCTTCGTCCTTGGGCTGGTAGTCGCCGTGTCCCGGGGGTTCATAAACCACGCTCTTGACTTCTGCCATCGCCACCATCGGCAGGAATTTACAGAAGAGCAGGAACAGCGTCATAAACAGACCGAAACTGCCGATTAACATTAAGATGTCAACAATGGTCGGCTTGAAATAACCCCAGCTGGAAGGCAGGAAGTCGCGGCTCAGCGATGTGACGGTAATCACGAAGCGTTCGAACCACATACCGATGTTGACGAAAATACAGACAACAAAAATCATCCACGGCGTCGTGCGGATCTTCTTGATCCAGAACAGCTGCGGGCTGATTACGTTACAGGTCACCATGATCCAGTACGCCCAGGCGTAAGGACCGAAGGCACGGTTGATAAAGGCGAATGTTTCGTAGCGGTTACCGCCGTACCAGGCAATAAAGAATTCCATCGCGTAGGCATAACCGACCATCGAACCGGTGGCGATGATCACCTTGGTCATGTTTTCGAGGTGACGGTCGGTCAGCAGGTCTTTAATTCCGCAGATGGAACGCACGGGAATCATCAGAGTCAGCACCATGGCGAAACCACTGAAAACCGCACCCGCGACGAAGTAAGGCGGGAAGATCGTGGTATGCCACCCGGGCAACTGTGAAACGGCAAAGTCGAAACTAACGATGGTATGCACACTGAGCACCAGCGGTGTCGCCAGGGCGGCCAGCAGCAGGTAAGCCCGTTCGTAACGGTGCCAGTGACGGGAAGATCCGTTCCAGCCCAGGGAGAACAGCCCGTAGGCAAACTGGGCAATCTTGTTTTTAGCCCGGTCACGCAGCGTGGCCAGGTCGGGGATCATGCCCATGTACCAGAAGAGCAGCGAGACGGTGGCGTAGGTGGAAACCGCGAACACGTCCCACAGCAGCGGGCTGCGGAAGTTCGGCCACATTGACATCTGGTTCGGAATCGGGAACAGCCAGTAAGCCAGCCAGACACGACCGATGTGAATTCCGGGGAACAGGCCAGCACAGATCACAGCAAAGATCGTCATTGCTTCCGCGGCACGGTTAATCCCAGTACGCCAGTCCTGGCGGAACAGGAACAGAATCGCGGAAATCAGCGTTCCCGCGTGACCGATACCGACCCAGAACACGAAGTTCACGATCGGCCAGCCCCAGAAGACAGGACTGCGGTTACCCCAGACACCGACACCGGTGATAATCAGGTACCCCACCAGGCCGAACAGCATCCCCATCAGCGAAGCGGAAACGGCCAGTGCCAGATACCAGCTCAGTGGCGCTTTACATTCCGCCAGTCGGCAGACGGCTTCGGTAATGGACCCGTAATCATGCGCCCCGGTTACGAGGGGAGTACGTTTGCCGGGAACTTCAGTTGTTGTGTCAATTGGCTCGGAAGCTACTGAAGCCATAGTTCCAGTTCTTTACTTTATAAAATCAAACGGATTGGTAATTCGTTCTGTCACACAGCCGCAGAGAGACTCCGCGACCCTGCTACACTCTTAATGTTTTTCACTCTTTTCGTGCTTCTCATCATGTTTGCCTTCATCATGTTTCTCGTGATGATCGGCTTCCGCATGCTGCTCGCCGGCATGTCCATGGCTGTGATGCTCAGGGATCGGCGGTGCCAGTGAAGGATGCGGATTGTGAATCCGGGCCATGTAAGAAGTACGAGGTTTAACATTCAGTTCAGACAACGCAGTGTAAGTACGCGGATTGGCGTGTGCCTTCGCTACGCGGCTGTTTTCGTTATTCAGATCGCCAAACTCGATTGCCTTGGCAGAACAGGCCTGCTGACAGGCGGTGACGATTTCACCATCTTCGATCGGCCGCTGCTCGTTCTTGGCTTCGATCTGGACGGCTTTGATGCGCTGGACACAGTAAGTACATTTTTCCATCACACCACGGTGACGGACGGTGACTTCGGGGTTCAGCACCAGGGCCTGCAGCTTGCCGCGGGGCTGTTCGTAGATCTTATTGAAGTTGAAGTAGTTGAAGCGACGCACTTTGTAAGGACAGTTGTTCGCACAGTAACGGGTTCCGACACAGCGGTTGTAAACCATGTCGTTCAGACCTTCGTCAGTGTGCACGGTTGCAGCCACGGGACAGACCTGCTCACAGGGAGCCAGTTCGCACTGCTGACACAACATCGGTTGTGTTGCCACGCCCGGATTGTTGACGTCTTCTCCCGTGAAGTAGCGGTCGATCCGCATCCAGTGCATTTCACGACTGTTGATCACCTGCTCGCGACCAACGACCGGTACGTTGTTTTCCGCCTGACAGGCGACCGTACAGGCATTACAGCCGACGCACTTGGACAGGTCGATTGACATCCCCCAGGCATGCCCGTCGTAAGAGAGCTCTTCCCAGGGCGATTCCAGGTCGGGATGATGGGTGCGGCTCTCAGCGAAGCCGGGATCCGCCTCCCACTCGTTCAGAGCCCCTTCACGCACCAGCTGTCCGACACGTCCCAGCACTTCTTCACCGCCAACGGTGTCGATGGCATGGTGATCCTGTGTGACCGCCAGCTCGTAGTATTTGCCGGTCTTCTCAACCTTGAGGCCAGTCTTGAAATCCATGGCCCCCTTGGCCTGCAGAGCGGCGACGTTTTCACCAACCGGCTTCACATCGCGGGCGACATCCCCGCCCACCAGGCCGGCGGCAGTACGACCGTAACCCAGGGCGACAGCGATCGAATTCGGGGCCTGACCCGGCAGAACGTAAACTGGTAATTCCAGTGACTTTCCGTCCAGAATCAGCTTCACAACAGAACCAAACTTGACCCCCAGATCATCGGCTGTCTTGGGAGCGATGAGTGCCGCGTTGTCCCAGGTAATCTTGGTCAGACTGTCGGGCGTTTCCTGCAGCCAGCCACTGTTGGCAAACCGCCCGTCGTACATCTGAGGACTGAGATAGAAGACCAGCTCCAGCTCGTCGTCTGAGGTTTCCACATCCTTAGCAGCCGGCAGATCTTTGACCTTGGGTGAAACGGCGGGAAGCGAACTTCCTTTGACAAATCCGTCATGCACGGAACGACGCCAGGAAGAGTTCACCGCCATCGAATCCAGCGAACCTTTGACGGCTGCCTTGACCAGTTCCATTCCGTTGGGATGCTTGTCGCCACACAGGATTGCCAGCAGTTCGACTTCCGATTTGCCGTCGTGCAGAGGCTCAATCAGAGGCTGCGCGACACACAGGGTTCCGTCATAAGCACGGGAATCGCCCCACTGCTCGAACGGATGTGTCTTGGGCAGATGCCA
CP036317.1_gap168	7713930	7714471	541	CAGGGTGTGCTCAAGCGGGGCGACAAGATGTACGGGCAGCGAACGGTCTACTCTTACCTGCACCGCCCCCGCCACGAACTGTACGATCTGTCCGTCGATCCTTACGAATCGAAGAACCTCGCCTTCGAGCCGGAGCACCAGGAAACGCTGGAAAAACTGCAGGAAAAGCTGAAAGCCTGGCAGAAAGAGACCAAAGATCCCTGGATTCTGAAGTGGGAATACGAGTGATTTCGCCGAAAAAAACGGGGTATTTTGCGTACTTCCCACTGATTTTGGTGAATTTGAACAAAGTTACTCGACGACAGCGGACGATCTGTCTATAATACTTTCACTCGGTAACAATATTCTGTTACTGCAGTTAGGGCTTATAACTGGACAGACGCCGCTGGAAACCAGCGAAGTCAGTCTGTTCATCTGCTCTTCAAAAAGCAAATTCCGTCCTTCACAGGACCCATGACGCGGGGTGGAGCAGCCCGGTAGCTCGCGAGGCTCATAACCTCGAGGTCGCAGGTTCGAATCCTGTCCCCGCCATTTTTAATGC
CP036317.1_gap169	7718457	7721712	3255	CCCGGCTTGGCATTGCAGTGCCCCGGGCTTTTATTTTTGATTTGTTGAAACAGATGCTTTCTCAGACAATTGATCCACAGCGGCCCGGCTCAGCCATTCTTCTAAACCTGCCACGGGATACAGAACACGACCACCAAGCTTAATAGATGGAATGGGGCCTCTCGGTTGCGTACTGGCCCACAATGTTCGCTCAGAGATCCCGAGAGACAATGCAGCATCTTTAGCTGACAGTGCCAGAGGATAGTGAGAAGGGTTATTCATGGTCACCTCCATTCTCATTCGAAAAAGTAACGTGAACTCCGAACTCTTTGAGTTCGCGCTCATACATCAGTACCTTAGAAGACCACCCCCGCAATCTGGCATGTACCAGCCCGGCAAATGAGTTGATCATAGCTGCAGCTACGTCCCGTTCTGCTGTTTGAATTGGCTTTGTGTTCATTTCAAATACTCCATAAAAAAAACGACGTGAACCTCTGCAGGTACACGCCGTTTTGCATTTGCATTGCATTTTTTCAGCTTAGTAAGGTCATCTCAGGCTATTATGCGGGGCTGAATGTTTTTTCAATTTTGCATTAAATATTGCATTTTAATAATTCGAGTGGTCGTAATACTCCCCGTCAACATGGGGGGAGCCATTCCTGCCTTCAATTACACGCCCTTTGAGTGGACCACTGTTAATATTTACCTTCCTGGCATCTTTCCAAATCTCATTCCTGCCAAGAGTGGATGAATGAACCCCCACAATGCCAGCAATCTTAATGTCTGACCATCCTGGATTCTCTTTCAGGATGAGGAGTGCGTCGCCGAGCCATTTTTGCTGTTGGTCTTTCTTGGGGCGGCCTCTGTGTTTTTTCTTTTCCGGTTTGGTTGTAATTTGGCCATCACTTAACTCAGCAGCCAAAAAATCTCCAGAAATAGGATGAGCTCGCTCTGCATTCTGAACATTCGAACTACTTTGCACCTGATTTTGAGAAGGGGAATATTCTTTTTCCCTCAGCTTAATCATGATATCACGACGTAAGGCTTCGTTGACCACAGCACAAATTTTTCCCATCACCTCTTTTTCGTTCTCGTCCCCAGTTGTAACAGCTTGGGAAAGATATTTCAGACGGGCCAGTACTGTGTCTTCATCTCCAGATACAGCAGCCTGGAAAATTTGGACTGCATACTTAAAGGCATCTTTTTGAATTTTGCCAGTTAAATCAGATTCAATAGTTTCCAGGTGACGGTCCCATTTTTCATCTTTTAAGATCTTTCCCAAGGCTACAATGAGCTGTGACCATTCCCCATAAAAGTCTTGCTCCTCATATGTTTGAACAAACGTCTGAACATCATTGGCCGCTTTATCGATTCTGGATTTTCTAGCGTACTCAGATTTCTCTTTCGCACAATCGATCACTGCTTGCTTAAAACTCTCATGGAATACATTTTCTAATATGGTCATCTTGAGAAATCCTCTTAGTAGGTCCCACATGTCGACAGAACTTAACATATCACCTGTTTTAAGAGGTACTGTCGACGTAGACAACCAATACATGTAAGAGAAAAAGTCAGAATAGATTTCTAAAGAATTTATGTACAAGTGAGACAGCCTGGCTGAATTCAAGTTGAGCTGAGAAGCTTCTTATTTAGAACTTGACATCTTTGAAATCACGGTTAAATTCCATTTAGAAGCCCCTAACCCATAATTATCCCGGGGGGTTTGGGGGGGGGTTATATTCTGGTCACTTACCGAGCTCTTTTCATAGTGACATCCCCATGTGAATAACACTCCTCATACGAATTTGTGTTCTCTTATTCCCTGTTTTGCTCGTCAGTTTCAAAAATCCTGCATTGACATTACCAACGATTTCTCAACATTTGTCTTTTTATCCATATTGATATCTGGCCACGCCACCCATTTTTACCCTCGATTTTCTAAAATCAATTTGCGTTGTCCATCGACTCATCTGGTTTTTTGGAAATCGTACTTCTTCATTTTATCTCATATCTTGGCGATATAAATTTCTTAAAAGATATGAATTTGAATTTCCAAAACCGTCAATGAGTCACCAAAACTGACAGACATACTCATGCTTTTCTCTGTGTTCCATTACTGGGCGAAGCACTAATTTTCTGATCTTCAATCAGCTGTTCCTCAATTTCTCTGATGATAGCAGGTAGCGTCACCATTGACTCAAAACAACCATGTTTCTTTATCGCCTCTGGTTCCTCACCTATCGACATTGCGTATCTGCTAGCCCATTTCTTCAACGATGCAACGATTGCATCTTTGGAAGCCGGTGTTTCAAAAAGACCAACGACGACGTCTCGTTTGTACGAGCGAACATCTCTTTCGGGGTTCTCTGCCCAGTCAAGTTTGACGCAGGACACAAAGGTGTCCACTTTTGGTTGATCTGTGGGCGAAATAGCGGATACATGTAACCGAAGATTAGGACTTGCACCGGAAAGTTGCACAGTTATTTTTTGAGCTCCAGACCGAAAGTGCGGATGAAACCAATCTGCAAGAGATTCAGCAGCATCCGGTGAACATGGGAGAGTGTTGTGCTTTCGAGAAAGCCCGTTGCAAGTCTCGCAAGCGGGGATGAGATTAGTGAGCGAAACAGAAAGTGCTGGAAACTTTGAATCAGGAAAGAAATGGTCCATGCGTCGGTTGGCATCCGTCATTTTATTGTCGCAATATGGACAGACAAGCGACGATGCAAGACCGGTAGAATAGAGAGTCTTTGTGCTGACGTCACCATGAGGTGTAGGGATTGACTCTTTACGCAACCAGTCTTCGTAGAACGAAGTCATCAGTTTCTTGAACGCTTTATGTGCATCTGACACGCCCCAATCAACAATCTCTAATCGCCCAGAAAGATGTCCTGTATAATACAACTCAATCTGGAAATGCTGCCAGGCGATTTGTTTGATCTCTAACTTTACATCTACAGGTGCAGCGGCAATCATCTTTATGGCCTTGTTGCGAGGACCTTTATTAACTTGCCCCCAGAATCGATCGACCCAGTCGCCATCGACCTTCCTCCAAACTTGTTTCAGCCAGTTACAGTCTACGACTGTGTTTTCTGGAAGTTTGCACAGCTCGCGAATGAGCCGTCGTTGCATCCAGACAACGAACCGCATTTTCGTTTCTTCTGAAGTCCTAGGTATTGGATGAAGCACGCATCACCTCCAATATTTCTCGCAGTTTTGCCCTCGGCCAGCCACCTCCAACAACAGATACGACATGCTCAAGAAGATCAATATTTTCGG
CP036317.1_gap170	7727885	7732604	4719	ATGATTCCTCAGGCGGCCAAGTCGGCCACCATTGCAAGAAGTTCATTCAGTTGTTGGGGAGTAAACAGTTTCTGAGGGTCGCCAATCCGGTTGAACGGCGGTTGTTTGAAGTCGTCGACGGAAGTAATTTTTGTTCGACTAAGAACAAATTGCCTCAACGTGCGAATAAACATCAACTGCGTCGCATTGAGGCGTTGGTTGGCTGCAATCCACTCGTCGAAGGCCTGGGAGATTTGTTTGTCCCGTGACGGAAACTCCGAGACTTTCAGGATGTGTGCGAGAAAACCCTTCAAGTCGACGTCTGGCAGGGAGTAGACCTCTCGTAACTTGTCTTCGGTGATAAATAGGTCAGGGCGCTCCAAGAGGCTGGAAATGGACTCCAATTCTTCCTCGGTCAATTCCTCTCCTTCCCGCATCTTCTGGAGTGCGGGACTCTGTTCGGACAGGTCGCGGATGTATGCTTCGACCTGCTGTCTATAAGTGTCCACAAAGGCCCCTTCGCCGGATGGCCCGAACACAATCCAGTGGCGATCCCGGATTTCATCACGAATCGACAACTTGATCATCTGGCCGCCGTACCGCTTGGACCGGAATCGCATCAGCGGAGTAAATACGTCCTGAATCTGACGAATCTTCGACCATGTCAGCTGTTCCCAGTACCCGCCGCTCTGTACTTCGTCGAGTGTTTCGAGGATGCCTCGGACCTCGGGAATATCACGAGGCAGCAGCGATAGGTTTTCGCAGATGCGGCCGCGCAGCCGTTCTACCTCATCAGCATCCGACTTCAAATGGGCGACAATCAACTGTTGAGTCAGGTTTTCAAATTGCAGAGTGACATAACCGGATGCCGTCGAAAAACGAAGCAAAGGCGCGATCGTCAGGACCAGATGCTTGTGCTTGTCTTCCGTCATTGGCAGCCACTCATTGGAATTGCTGATCAGCTGTTTAATCTCGTCGGTATGCGGCGAGATGTTGATGTTGTCCAGCGGTAACGAGCCAAGCATCTGTTGCAGAGATGAAAGCTCCTGTGCAGCGTCTTCTTTCTGATTGCGTCCAGAAAGGATTTCGAGCGATTCAAGTCTTTGTCGAAAGATCCGAGTTGGAAGTGGCTCCGTCGCAACTGGTCCGTCGTCTTCGCCGCTGTTGACATTCCAATAAGCGAAGTTGTCCCAGTGGTCGATGATGAGGAAATCTTTTTTCTCCTCACCGGACACCGGATCGGTCCACGTTCGCGTGCCGCGACCAATCATTTGCCAGAATTTCACCTGACTGAATACTGGCTTGGCGAAGACGAGATTGCGAATGGCTGGAATGTCGATACCCGTATCGAGCATGTCGACCGAAATGGCGACGCGAGGAAAGTCACGGTTCTTGAAATCGTCGAGTGTCTTATCAGCACGCTCCATGTGACTGTCGATCACCTTGGCCAAACTGCGTCGTTGCAAGTCGGGGTAAAGCCGATTGAAGCTCTGGTAGATTTCCAGTGCATGCTTGTGGCTGATCGCGAAAATAATTGTCTTGGCAGGCAATGTCCCTGAAGCATCCTTGATTGAGACATCCATGAACTCGCGAACGATAGCGTCGTTGGTTCCGGTGTTACTGACCTTCCTTTCGAGGTCCGTCCCCTCAAAGTCGACCTCAGACGGGTCGATGCCTTGTTCACGTAATTGAGCCTGAACTTCAGGAGGCAATGAACCCGGTTTCAGCCCTTCGACTTGAAACTGTGTCTTCGCAACGTGAACCGGTCGATACGGAACTAGGTGATTATCACGAATTGCCTCCTCAAGGCCATAGTGAAAGGTCGGAAGACCATCTTCACAGTCGAACAGTTCAAACGTGTTGTGGTCGATAAAGTCTGTCGGTGTTGCGGTCAGCCCAACATGAATGGCGTCGAAGTGATCGGGAATCGCTTTGTAACGGTTGTAGATTGAGCGATGGCTTTCGTCGAATATGATGAGGTCAAAAAAGCCGGGGGACAGCTTCTGGTAGACTGACATCATTCCGGGATAAGTGGCTGCAAGCACTTGAGCGGCGGTGTCGATCTTGCCAGACTCAATCCAGTCACGGGGAACGCTGGGCATGTGCTCTTTGAAAGCGTCAAGAGCCTGCTTTACCAACTCACGTCGGTCTGCAAGGAAAAGAACGCGCTGGACCCACTGACAGCGTATTAGCAGGTCAACGAGGCCGATGACGGTCCGAGTCTTTCCAGTACCCGTCGCCATCACAAGCAAGAACTGGCGTTTCGATGCTTCGATCCGCTCGCACACCGTGCGAATGGCTTCGATTTGGTAGCCTCGTCCGGCGATCTTTTTGTCGATGCCTGAATCAGCCGTCAGCTGTCGGTACTGCCGAAGGAACCGAAGGCGTTCAAGATCGTCCTGCGCGAAAAAACCACTGACTTTTCTGACAGGATAGAGCGACCGATCATGAAACCAGATTTCGTTGCCATTGGCTAAGAAGATAAATGGATCGACTCCTCGCTGTTGAAGAATCCGGTCGGCGTAATCAGCGGCCTGGCGTTCACCTTCCAACGCACTCCGGCTACTACGCTTGGCTTCAACAATTGCAAGCGGTTCTTTCCGGTTGTCTATGAGGACGTAGTCGGCGAACTCGTTACTATCTTCGAGTTTAGATGACGTGATGACGTATTCCTCTATCACGCGCCTATTTTCAGCCATCCATCCGGCTGTTCGCAGTTGGACGTCAACTTGCCTCGATCGTGTTAACGCCTCGTTGTTCATGAATGTGACTCTGTTTGTGCGTCAGAAATCAGACGCATCTGAATCAAGATTACTTTTGAACTGGGTACGCATCTTCCCCAGAGAACTTCTACTGTCTTTTCATTGAACATGGGGCGACTATTCACCGAGTACCTAAAGTTCGTGTTCTTCCCAATTGCCTTTCAGCTACAGTCGCCCTGTGCCTGTGGAGCTACAATTGACCAACTTCGCCTTTTTAAGGACTCCTCAGAGCGCTCTAAATACTTTATAACTGAGCACTTAATAGTACCAAAGTGTTCACATAAAAACAATTGGCTGCCAATTCCGAAACAGTATTATGGCATCCCGGTATAAATGAGCAATTATGTAAAATTGTTGATCTAGAGTGCAATGCTTGCCTGTCTAAGAAATAACAGGTGAAGCAACTTACGTAGATTTAAAATTACTGATTTCAACGATTTTAACTAATCGCTTTCGTACAGATTCAGAAAGATCGGGCCAGGCTCTGAAAATGAGTTCTAAATCGGAGTCGATTTCGACATTTCCTGCATCAAGTGCGTTGGATTTTGCGTTGCCCACTCCCCCAAATGCAGTTTTCTCCAAGGATTGAGGGGGTTGTTCGAATCCTGTCCCCGCCACTTAGATACCCCGATGTAGTGACATTGTCGCCGCATCGGGGTTTTCTGTTGCGCTGCCCACCTGGTGGGCTTGTCTGTTTCAGGATGCGGTAACTGAGTTGAACCGGCTCTGCTCGATGCTGACAAATTGTTTGACAACATGCCCCGTCAGCCTATACTCAAATCAATCTACCCCTGTCTGTCGAGTTGCCCCTTTGGAGAACTACCAGGCTGGGGATCGCCTGCAATCTGTCTTGCAAGATATATGACCAACCATGAGGCCGCCATGAGTCGATCGAGGTCTGTTAAGCTGACTCTGCTCTTTCACATCGGGGTTGCTTTGCTTGCAGTAACCACAATTCGATCTGCCCATACGGCACCACCAGAAAATCGTGGTCCTGATGTTGAGCCAGTTGAAGGCATCAAAATCCGTGTGACTCGCGATGATGAATTCCAACGGGCCATCAGGAGTGCAAAACCGGGAACCACAATTCTCCTCACTCCTGGTAAATATCAAGGCGGTTTGAGTTTCAATAGATTACAGGGTACGCCGAAGCATCCGATTATTATCGCAGCAGCAGACCCCTGTCAGCCTCCGGTGATTGAAGGAGGGAACACCTGCCTGCATCTCATCCAACCAGCGCACGTTGAGCTGCGGAACCTCATTCTCCAGGGAGCCCGCGCCAATGGTCTGAACATTGACGATGGCGGTTCTAAAGAAAAAACCGCACAGCACATTGTGCTGCGAAACTTAACCGTCCAGAAAATCGGTTCGAACGGCAACCAGGATGGGATCAAGCTCTCGGGTTTAGCTGATTTTCAGATTCAGAACTGCACGGTGAAACGCTGGGGACAAAAAGGCTCCGGCATCGACATGGTGGGTTGTCAGCGGGGAATGGTTTCCGGGTGCACGTTTCTTGAAGGAGATAAGATCTTCGGAAACGGGGTGCAGATGAAAGGGGGCAGTCGAAACATCACCGTGAGCCGTTGTCGCTTTGACCATGCGGGTGGCCGGTCGATTAACATTGGGGGCAGCACGGGGCTGGAATTCTTTCGTCCTGAACCTGCGGGATTTGAAGCCCGCGATATTACCGTTTCGGACTGCACGTTCATTGGTTCCATGGCGGCGATTGCCTTTGTCGGCGTGGACGGAGCTCACGTGCATCACAATACCATTTATCGACCGACCAAATGGGTTTTGCGAATCCTGCAGGAAAACAATCAGAGCTCATTCGTCCCTTCGCGCAAGGGCCGTTTCACCAACAACCTGATTGTGCTGCGCTCGAACGAAGTCGGTGAAGTCGTCAACATTGGCTCCCAGACCGCCCCGGAAACATTCGAATTCGCAGACAACTGGTGGTACTGCCAGGACCGCCCCGAGC
CP036317.1_gap171	7739673	7742035	2362	AGCAGCGCCACCTCCGGTTCCTTTGGTATCGTCATAACCTGCGCCGACCACGATGGTATCACCATGTATAGAAACGGCGCAACCATAGTAATCGTCATAATCCGGTACTGTATGAGCCAACAGCCTCATGGATGGTGCCGACCAATCGATTCCTGTTTTTTCAAATATATATGCAGATCCAACTGGATTGAAATTAAAAGCTGGAGTATGAGCACCGAACACAATGGTATTTTCGTAGATGGCAACAGACATTCTGAAATAAGCATTCGATGAAAGACCCTCAACACGAATTTGTTCTACTAATGGTGTCTCAGATTTCCAATCGTCACCTACACGTGTATATACATAAACGATTCCACTGGAATCTCTCATCTCCCCCACCACGATCGTATCACTATAAATGGCAACAGCGTTTCCAAAATTGCCGTGCTCTTTAGGAACCGGTGATTTCAAAAAGGTCTGGTAATCCCAGGTATCATCAGTCTGGTCTGAAGGCGTGCCTTGCTGATTTCGCACATAAATGTATGCAGCTCCTGAACTATGCTCCCCGATTTGGTTGCTTGCTGCACCGACTACCATGACGTCTCCATCAATGGCTACCGCACTGCCAACCGAATCCCCTGTATGATTTGCATGAGTGGGATCGGCAGAATACGAATCTTGGAAGTTAAAATCGGAATCATCATTCGCGATGATTCCGGTGGCATCCAAGCTCGACACGTTCCCTTTTAAAACACTTCCCCCTGTCGGGTTACTGATCCTTCCAATTACAGTCTCAGAAAGTTCCTGCAAAGAATCTCCCTGCACGTTGATGGAAACAACGACGGTTTGTGATGTCATATAGGTACTGGCAGCAAAATCAATCACTTCTGATTTTGCTGTATAATCTTTTCCAGCCACTGCAGTACCATCTATAGTGCTGAAATTAACGCTCGTATCAAAGTTTAAGTCACTCCCTGTGCGAGTGATCGTAAATTTAAGCAATTGCCCGTCAGAATCACCTTCCACTATTTTTTCACTGGTGATTGTGAACACAGACCCCGGCAGCCAATCGTCATTCAGAATGGTACCTTGACCTGTCGCATCTGCGATATCCAATTCAGAAAGAAGTGACTCTCCACCAAGACGTGGGTCACTCAGAACAAGAGAAAACGTCTCATCTGCTTCCAGGCTCTCATCATCATGCACATGAACTGTGACTTGTGTCGCCAATTCACCAGCGGGAATTGTGACCAGCTTATTGCTGAGAAATGTGTAATCATTATCACTTGCTGTATCTGTCACGGTATTAACTCGAACTGTGACATCCTCAGCGGCTGCCTGATCCAGAGAGATTTGAAACGTAAACGTTTCGTTTTCGCTCGCGGTAACATCATCGACACTGAGCAACGCCGTCAGCAGCGTCCGGTCTTCCAGCGTCTCTATCACATTAGGGGCCGCCAGTACTGCAGCGGCAGGAGAACGATGCTGCCCCTTCCACTGACCTCGCAGGCGGGATTTTCGATTCTGACAGTGATGGAACTGCTGTTTCAATCGAGAGAACCAGATGGCGGAAGACATATTGCGATATTCTATTGATATTGAGTGGTTCAAATCGGGTTTGCAAAACAGTGTGCCCCCTCACAGAGACATGCTGACGGGATCGGGATCACTTGTGATTAAAAGGCGTTGAGCTCCGTCTCATTCGTTGAAAGTTCGCTGAAGAAGGCATCGGCTGCAGATTCCCAGTTCAGCAGTCGTCGCTGGCCAGGCACGAGGGTCGCCTGCATGACGTCGTCTGGTCCGTGAGCGAGGCCCAGGAGGTGTCCGAGTTCGTGCAGAATGACCGACCTGAGATCAATGGTCCCGAGAGCAGCACTCGAACCAAAGGGCGCTGCCACCAGAGTGTAGGGCCCGGTCGCATAATACCCACTGTTGTCGTCGGGGGTGTCATCCACAAACCAGCCATACCCGGCAGCATTGACGTCGATATAAATCGTATCGTGGACCGTGTTACTTAAAACGCCCTCCGGGAGATCCACGATCTCGATGTTGACTTGTGCCAGTTTATCATTTTCCGCGGTTGTCAGTTGCGGCTCGAGAGATTCAACGACACTGCCCAACATGGTCTCCGCCTCTCCCTGCTCGACAGGCCTGGCACTTAACTGTGGTAACAGCGTGGGCTCGACCGTTAACTGTTTGTTCCAGGAATCGGGGAAACCTTTCGGAGAGTTGACCGTAGATTGACCGGCTTTACTGCTGCCGTAATTACTGACGAAGGAGATCAGATCGCGGAAGTTGACGTTGTGACTCTGATCCAGGTCTGCGAACCAGGCATAGTCCGAATTCGACTCTCTGGGATCAGAATTATAGACGCTGATAA
CP036317.1_gap172	7743432	7747531	4099	AAGACCGGCGGGAATGACGACGAGATCTGATGAAAGATCGCACCTCCGGTATCTGTACTGTTTTCGGTAAAGACCGAATCGCTGACGGTTAAAACTCCCTGCGAAATAAAAATCCCCCCTCCTAAGGTATCACTGCTGTTTTGCGTGAACGTGCTGGAAGCGACAGTCAGGTCACCGTTTTGAACCAGGATCGCTCCCCCCGAATAGGACGTCTGATTTTCTGTGAAATCGCATCCGGTGATCGACAGCAAACCCTCGGTACTGTAAATGGCGCCGCCATACCAGTCTGCCCTGTTGCGGACAAACGTGCTGTTCGTCACCGTCAGGTCTCCGGCACTGTAAATGGCCCCGCCATAGTTGCCTGCAAAAACTGAGCCGTTATTTAAAATACTAGCCTGATTGTCTGCAAACACGACATCAGAAATGGTCAACGTTTCCAGACTGTGAATGGCGCCGCCACTTGTATAGTTGGCGAACCCGTTGCTCAGTGTGAGATTGCTCAACTCCACACTGATGGAAGCCTCAGCCTCCCCATCATCAATGCGAAAAAGACGGTTGGGACCGGAACCGCTGAGCGTCAGGTGCTCGGCTCCGTGGCCAATGATGGTCACGTCATCGGTAATCACCAGCTCATTATAAATGATGAGTGTCTGATCAAAAAAGCTGGCATCAAACGTGATGGTATCCGCTGTCGCTGACTCATTCGACAGTTTGATGGCTTCCCGCAGAGAGAGATTACCGACGGAATAGTCGCCGTCATCGAAATCAACGGCTGAGTCGACGAGAAAATGTAAAGACTCAGATTCGTAAGCACCGACGTCTACAATCCCATTTACAAAACGGGAGAAACCTGTGCCGCGCTGGTCTGTTGTGAGGCCGGCGTCCGTGGCTGCTGTATTATCACCGGTATTAATGGCGGCACTGCCGTAAATCAACGCATGGGTCTGAGAAAAGCCGCCGTTATCTCGCAGGACCGGATCTATCAGGCCGGTCAAACTGTCTGTAATAATGTTGGACGTCTCAGTGAAGAGCCTGGAGATCTGGGAAACACTGGCCGCCGTATTGCCTGCGATAATGCTGTTGGCAATCGAAACATTAATTGAGTAGCCGCTATAGATGCCACCGCCTTGAGAGATGTCAGACGTGGCCTGATTGGCGACGATGGTGCTGTTAATGACTTCCAGCTGAGCATCGGTTTGGGAGTAGATGCCCCCACCCAGTTCGAGGGCGCTGTTCTCAGAAAGCGTACTGTTAGAGACGAAGAGCTCACCTGAATTGTAAAGTGCGCCCCCATTGTGGTCGGATCTATTTTTATAAAACGTGGAGGCATTGACGGTCGTTGTCCCCCGGAGCGCGTTCATAACAGCTCCCCCGCCTTCACCGGCCGAATTATCTGTGAACGTACTGTTCTGAATCGAGGCATCACCCCATCTGACATAGATGCCTCCTCCTTCAAGATCGACGGAGTTGGATGAAAAAGTCCCCTGGTCGACAGACAGTCCGGTTCCGCCGACTTGCGTGTAATAGATCCCTCCCCCCTGCTGAGTTGCTGTATTCTCTGTGAACTGGCTGTTTTCGATCGTCAGGGACGCGTTACTACTGTAGACGCCCCCGCCCCCCAGTCGGGCATGATTTCCCCGGAGAATACTGTTTTTGATTGTCAGGTCTTCGAAACTCAGAATGGCACCACCAAAACCATCCGGTATTGCTCCTGTCTCACTCGAATCTCCATTTGTGAGCGTTAACCCTTCGATTTCGACAGTGAGTCGGGTATCCGGATCCCCGTTGTCGATGTTAAAGATCCGACTGTTGCCGTTCCCATCCAGCGTGAGCTGATCTGCCCCCAGCCCAGTAATGGTCAGAACATCAGAAATGGAAAGCTCTTCGCCAAGCACAATCGTCTGTCCCGCCAGTGAGGCGTCGAACGTAATCGTATCGGCACCGGCATTTGCGTTGGCGGCTTCGACGGCGGCGCGCAGACTACCTGTCCCGGTATTATCAGTGTTCATGACCGTAAAGGCGGTCAACAGCGTACGTTCTTCCAGTATTTCCACACCGTGACGCGAAACCTGGGCTGAGACGGAACCTGCGTGCTGTCAATGGGTTCGGCGCCGTCGTATACGAGACCGCTGGCGTTGACAGCGGTCAAAATGCTGTTTCAGTGTGGAAAACCACAGGTAAGATTTCATATTGAAAATGACTGCAATGGGGGCAAAGATAGAAACACGTGGACAGATAGAGTTAACACGCTCGTATAGTACCAGAGACGGGTCCAAAGACAACATGTTCCCTGCGGGAATTCATGTCTGTATCAGAAGGAAAGCAGATCTGATGTGTCATTCAGTTCACTGAAATATCCGTCGATCAGGGTGTCCCAGTCGGCTAGTTCTGTTGTATCAGATTCAGGGGTGCGTTGTGAATTTTCACCCTGAGTCAAGTTGTCTGAGAGCAGCCTCTCATCAGCCAGAGGCAGAAGCAGATCCGCGGTCGTCAATGTCTGGCTGTAAGGTAAGACGATCAGCGACAGCTGGCTGGAATCATCTGCCGATCCCTGATCGACAAAGGGCAACTCGTTCCACCAATCAGTGTTGAACAGACTGGATGTGGGGAGGTCGTACTGCAGTGAATCGACAGAGCGAGTCGTCCGCGGTCCATACAGATTTTTGTAGAGAATCGAATCGAGAGGCGCGCCCTGAATCACTTCACTGATCGCCCCCCCGACCAGCCGCACATGCGAGTGATTGAGCGTGAATTCCGGATACACGATTTGCTCGCCTGGATTCGCGTCGGTCTCGTTTCCGGTCGCCGACTCAAACAGGACGCGGGCAAACAGGACATACTGGTCATCGCCGACATCGGTCTGCGCGGTTTCCGCAGAGAGACCGGTAACCGTTCCCGTACTGTTGTCGATGGCTCCGGACTGCGCCCCGGTGAAAGCGGGACCAAATTCGATGGATACCGCCTGCGCGACTTGTGGGTTATAGTTCAGATTGAAACCTGCAGACTGGATGCCGGCATCGGTCGAGCCAGGTGTGCTGATCCAGATTTCCAGCCAGTGATTGCCCCACTCATCAATCCAGGTGCGGTTCTCGGGAAGTTCTGATTTTTCGCCGCCGCTTGAGGTCCGCGTCCGCGAATTGACGAACCGCATTTCAATCTGAGTATAGGGCGCCTGCACTTCATACGCGCCAATGTCCACGGTCCCCTCTTTGATGCGCTCGTAACCAGCCCCCCGCTGGTCCGTTGTCAGGCCGGCCTGTTCGACCGCGGCATTGCTGCCGACATTGATCGCGGCGCTACCGGGTAGCAGGGCATGGGTCCAGGTCGGACCGCCGTTGTCTCGAAGTACCGAATCAAGCAGGCCGTCGATGCTGTCCTGGATGATGTTGAAATCGCCGTCATATTCGCCTTCGACCTGAGCGGATTCCGTGGCTGAATTGCCCGCGATGATACTATTGGTAATGTCGAATACCGAGTAGGCCCCAACAACACCGTCATCCGAGATACCGCCGCCTGAAAGATCGGCTGTATTTCCAGTGATCGTGCAGTTGATGATGGTCAACTGCTTTACCAGTTGTACCAGCGAACTGCTATGGACATAACTGACTGGAGCAGCAGCATTCCCTGAATTCGCAATCTCCGTTCCAGTCGAGGAAGAATCGACAAACTGGCTGGAATCAATGATCCTGCTGAAATAAAAGATAGAGCTCCGAATCCCACCGCCGGCGCGGCCGGCATGATTGTGAGAAAGGGTACTGTTAACGAGAACCATAGAGCCGTTTCTACTATTGATTCCACCACCGTAGGTAGTCGCCATATTCTCTGTCAAAGTGCACTGTTCGAGCAGCAGCCTTGCGATAAAGGAATTGTCCAGAGCGCCCCCCTCAGTGGCCTGGTTACCTGAGAACGTGCTGTTCAGAACCTGCAGGCGCCCCAGATTTTTGATTCCCCCGCCCGCTTGTGTCGCGGTGTTGAGGTTAATCAGGCTATCGGTGATTTTTAAAGCACCGCCATCCTGGAAGATCCCTGCGCCGTCTACCGCCCGGTTTTCCGTGAAGGTACAGTGATCTACAATATTGTCTGTAATTTCCGGTCCTGA
CP036317.1_gap173	7795109	7797368	2259	CAGATCCTTATCGGGGCCGGAATAGGGCTGCGGGAGATTGGTATTGTTCTCAATCAGATGCTGCTTTTTGTCGATCCGATTGTCGCCATGAAACTTGGCGTAGTTCATCCCGGTCACGACGACAAAGTTCACAGGCTCTGCCAGTGTGGGGCCGGGCAGCGTCTCAAATCGGGCTACTGGTCCCGCATGCAGATGGTCAGCCGTCTTGCCGACTTCGGTCTTGCATTCATACTCGGTTCCGGGAGCCAGTCCCGTAAAGGAGGCCCGGGTGATAAAATCATGATCGGCAACCGCCTCAATCACCTGAGGATTGTCTTTGATTTCTCCCCCCGCTTTTCCGGAAACGGGTTGCAGCGTAAATTTGACGAAACCCGGAGCCCCTTTGACATCCCGATCGACCAGCTTGTCTGTCTCAGTCAGGCGGATCTGTACCAGCGCACTGGAAGGAGTGAGTTCTCCCACCATGATGCCCATCCCGGCCAGTGGTTCCCCGGCATGCGATTCGTCGGTGTGTTTTTCATCGGGAATGGGTGCTGCTTCCCCCTGCTCTGCCACCGGGGCCGGCGTTGTGGGTTCGGATTTTGCACAGCCAAAAAGCAACAACAGACTTAACAGACAGCAGAATCTCATGTTGAGCACTCCCTTGAAGAATAGACCTGGTTGTGAGAGGAAACTTCATTCTATTGATTTCCAGCGCCGGTCCCAACTCAAAAGGGTATTGAAATCAAGCTTTCTACAGACGCTTCCTGTTTTTAGAAAAACCGGTCAGAATCAACTTGCCGCCGATCATCCACTTTCGGCACAATGGTAACTGAAATATTCCTGCCCAGACGACAACTGTTTTAAGAAAAGATGCATTATGAAAACGCTCAGACTGATCCCGTTGCTGCTCCTCTGCCTGGTTGCATTCCCACACTCTGTCCTGGCAGAACAGGACGCGAAAGAAGCCTGGCAGAAACTGGTCCGCTCTCCCCGGTTCAATAAGCGGCCCGCGTTTCAGTTTGTCAAAAACAATCCCAAGCTGCCCAATGTCCTGCTCTATGGAGATTCGATTTCCATCGCCTATACCGACGCAACCCGGGAAGCCCTGAAAGGGAAGGCCAACGTTTACCGCCTGTACTGTAACGGCGGCGATTCGTCTTCGTTTATCCAGAAGATGAAAACCATGCACACTACGATGGGCCAGGAAGACCTGAAAGACCACTGGGATTTTAAGTGGGACGTCATCCATTTCAATGTGGGTCTGCACGATCTGAAATACATGAACGGCAAAAAGCTGGATCGCGTCAACGGGAAACAGGCCATTTCACCAGCCGACTATGAAAAGAATCTGCGGGCAATTATTGCTTACCTCAAAAAACTGGCACCGAATGCGAAACTGATCTTTGCGACAACCACCCCGGTACCGGAAGGGGAGCCAGGGCGGATCGCCGGCGATGCCGCAAAGTACAACCAGATCGCATTAAAAGTCCTCAAAGACTATCCCGAGATCGCCGTCGATGACCTGTATATGTTTACCAAGCCGCACCATGCAAAGTGGTGGTCCAAGCCGGGCAACGTGCACTACAACACTGCCGGTTACACCGCGCAGGGTCAAGAAGTAGCCCGGGTGATTGAGCAGCAGCTCAAAAAACAGGACTGAGGAAATCAGAGACTCGAACCGGCTACTGCTGGTCCAGGATCTCTTTGATCTCCCCCATCATTTCCTTCGATCGCGAATTGACCGTATGCATGGCTCGGTCCACTTTGGACTGAGCCAGTTCCGGCTTTGCATCGATTTTCAACAGAGCCCGGGTGATCTGTGATGCGGGATCATTGTCGATATCGAACAGCCATTCCGACAGACCAATGTCGCGGAACATCCAGCGTTTGAGTCCATGACGGGCACTGGCCAGGTGCATCACCGGCGTTCCCATCGCCAGCGCGATGATACAGGAATGCGGTTCCATGGAAACGACGGCGATCGCCTGAGCATAGACCGACGCCGCTTCGTCCACGTTCCAGAAGGGATCGCGGTTCACTACGTAAGGCTTCACATCCTCGGGCAGCTTGTCGAGAATCATCTTCTGTGCATGAATGATTTCTTTGTCGACTTCGGGAGCCAGCAGCACTTTCTTCCTGGTGGTGCGGACCCAGTCGATAATGACCTCCCGCAGCTTTTTGGTCCAGAGCTCGTTCTGCGCGAGATCTTCCTTCGTTGGCTTGGTCGGATTCATCACGGTGCCTTTTTTGGCTTTCAGCTTGGGCGTATTGCTGCGG
CP036317.1_gap174	7803671	7806442	2771	TTCTGCATTCGGCTCCACTCCATACACCGGATTCTGATTCTCCAGAAACAGCCGGGTAGAAATCCCGGTACCGGAACCGATATCAGCAATCAGGGATTCCTGCGTAAGGCCACAGCGTGACTTTAAACAGTCCAGCACTTCTGTGGGATAACCGGGGCGGTATTTGACATAGTTTTCCACGCGATCGGAGAAGCGGGTGGTATTGCTCTTCATCATGATGGCTCCAGGATTATGAAATCAGTTGTCAAAAGTCCCCTCTCACAAGGGAGTACAGCTGACACGATCTATCATACCCAAACCACAATGACTCAGAGACCGGCAGTCCTGACTTTTTTAATCTCCGGCGGTTCTTTCTCAAATGCCCAGTAGTGTTTGCCCTCATAATCTTTGGAGACCAGCCAGTTACGATCTGTTGCCGAACTGTTCTGTTTCAGCAGCGCAAACAGATCGCTCAGCACGGCACGGTTGCTGCCATAATAGGAATGGCTCATGAAACTCGTGTCGACGGCTGAAACGTCAATCGTTTCGACACCTTCCATAATGAGCGGGTCACGCGAGTCGCCAGCTCTTCGTTCCTGATTCACCGCTTGAGAAGCTGCCAGAGCCATATCCCCTGATCCGGAATAGAGAGTCACTCGCTGAGACTGGGCGATGATAGCGGGAGCCAGTTTCCGAAATTCAGAAACTCCCACATCCGGGGCAGCCAGAACAATGTTTTGGAAAGGCTTACTCTCTGCAAAAGCATCCGGCAGCCGATTCATGGCCCGCATCACCACACGGTTCCCCATGCTGTGAACAACGATATTGATTTTTGTACCCGGCGGAACCGATTTCACCAGTGATTCCAGAAATTGAGACATCGGATCCACGCTGGCCTGGGCCACCTGACCATCCAGCAGGTATTTCTCTACGCCCCCCTGTGAAGGCCAGCTGTAACAGACCACGGCCCCGTTGAAGGGTAATTCATTGGCAATTTGAGCGGCGCGTTTTACCGCACTGGGGAAATTGACATTAAACCCATGCACGAACAGCAGCACATCTTTCTGAGGAGAGCGGGCAATCATCTCATTCAAATCTTCAAAGAAATTGACCTCGGGGATTGCCGCGAGACTATTGATCTCAACCTGCCCTTCCGGAGACGGCGAACCCTGCCAGATTGTCTGAATGACTTTTGACTTCAGATCGCTATGGTTCTTGCGTGAAATCTGAATCTTTCCGGTTCCATACTGCAGGCTACTGCCAAATTCATTGGCATAACCAATCATTCCCTCCGGATTTCGTTCCTCAGAACGGTTCGTCGCATACAACACTTTCCAGTTCGTAGACTCTTCGGTCTGTTGAGCTGCCACCGGATCCTGAAGCGATTCTGCATAGGCCTCCACCAGTTGTTGTGACAGCGCACCGGTCACTTTTCCTGAATAAACCAGATCCATTTTGGATTTCATGGTCGCACAGGACAGACACAGACAGGCGCATAGACAGAAACAGGCTCCTGGACGGAGGAGTGGGGTTTTCATTTCGGAGGTCTCCGAAGGGAAGGGAGGTTTGAGAGAGAGGGGGGAAGAATAGCGACTTTTGAAAATCAGGTGAACCCCAAAACACATGTCCACATCATCAGTGCCGCACTGAAACCCAATCTGATTAGTCAGCCGGGCAGCTGATCCCCGGCGAGGGCCAGTGCGAAGTTGATGGCATTAAACAGTGCATGTGTCACCACATTGGCGATGTAACTCCGTCTGTAGTAATAGAGTGCGCCCAACAGTAAAGCGAGCGGAAACAGTGGAATCGCATCCGGAAAGCCATGCACCACACTGAAAACCAGGGAGCTGACAACGATCGCCTGTAATGGAGTAAGAAACCCTTCGAGCCAGCTCTGCAACAGCACGCGATAGACCAGCTCTTCAAACAGGGGGGCAACCACGATGGCCGAGAGAAAAATCCAGCCAATGGTCGCATATCCAGGATCGGATCGCAACAACTGCAATAGAGGGTGCAGAGTCTCTTCAGAGCGAAAGGGATATGTGGCCAGAAGTAGAAGGATGACCGGGATCAGGACCAGCAGAAACCCGAGCGATCCATCCCGGATCTGTGTACGTAGCTGATCCAAACGGAAGCCGAGTTGAGGCAGTGACTTCCAGCTCACAAACGTCAGGATCAACAGCAGGGTGCCGGTCAGAGCCAGCAGAATTAGACAGGACTGAATGATCTGGCTGAGCTTTAAAGCAGAGACTTGTGGCTGGTTCAGCGAAGCGACCAACTGATACGTCACCCAGAGCAGTGCCAGGAGAACCGGAGGAGACAGCTCGGAAGTTGCCCGGTCAGGATTCAACTCGAAAACCGGCTTCAGGCTGTGGTCCTTGAGAATGCGGATCCAGTAACGAATGCTCAGCAAAGTCAGCAGTAAGAGTAAAAGTTGTAACACTAGGGGAACCAACGGGAAGCTCCTGGTTCGCTGGAATTCAGTGGGAATAATCCGGGCATGAGACCATCGTGGTGATCCGCAACTGTAAATACAAGTGGAATCAGAATCGCTTTTGCCAACTCTGTGGTACTTCGGCAGCCAGGGAGTTATGCTACGAGAAATAAAGATCACTTTTAAATTGACAGACTATGGGTTTGAAAGCGACCTGTGAACAATATTCTCGAAGAAATCATTCACTACAAACTGGGTGAAATCAGCCAGGCAAAATCTCGCGTACCCGTCGAAGCTCTGACAGAACAGCTGTCAGCAGCACCTCCGGTACGCGACTTTGTGGAGTCACTCCGCTCTC
CP036317.1_gap175	7807478	7808659	1181	GGGAGGGAATGCAGCGGGAAATCGACGAAGAAGTGGCCATGGAAACGGCTTACACTGAGCAGTGCGTCGGGCTGATTAATGACGACGAAACCGAGGTCGGAAAGGTCCACTTGGGAATAGTTCACATTTTTGACCTGGAGTTGCCCAAAGTTCTACCCCGTGAAGAGTCGATTATAGAGACAGGGTTTGACTCACCGGAAAAACTGTTACAAGAGTTAGATCAGTTCGAAACGTGGTCCCAGATCTGCCTGAAAGGGTTATTTGATCTAAATTAACTCAATTCGGCAGAAACTGCCGATGCGAACCATGGTTTCGACGTCAGGGACAAGAATATCCCGCTGGCTGTCATCGGCGCTGCCGGGCAGTCCCCCGTCAGCCTGTAGATGGAACGCAGGTTGACATGCGTTAACAACAGGGCAATGAAGTGACAAAGGAGTGTCTTCAAAATGAAAATCACGTTACGCGGATGGATCGTCGTGGGCTGTTTTCTGGCCGTGATCTCAATCATGGCAATTCTGGGAGCCGGCGTGCATGCTCAGCAACCCGCTGCTTCCTCAGCACCAGCAGCGGCAAAAACAAGCGGAGAAAAACTGCCTGGACAAATCTCCGAAGACCAGCTGGGCAATTTGCTGAAAGCCATGGGCCTGAAAGTCAGCAAGAATAAGAAACGCTACGACTTTCAGTTCAAAGCGAATCAGAACAAAGAAGAATGGGAACTCTCCATGTCTGCAGTTCTCAGTGAGAATGGCGAATGGGTCTGGGTCATGGCCTGGCTGGATCCCCTGCCCCGCAGTGCAGCCGATGTCCCCCGGACCGCCATGCTGCGTCTGCTGTCTGACAACGACCGCATGGGGAACGGAAAATTCTTCGCTTATATCTCCAGCAACCGTCGTTTTGTCCTGCAACGGGTGATCCCCAATCAGAACATGACCACCAAAAAGTTTCATGAAATTCTGAGTGACCTGGGCAGCAGCGTCGTGCAGTATTATCCGCACTGGTCAACCGACAACTGGAAACGCTCCAGCACTCCCGAGCCACAGGGAACCGCTCAGAAACCCGCCGCACGGCCAACACAGACCGCTTCCGGCGTTTCAAAATTCAGCACTACCAAACAGAACTGATGATTCTGTTACTGCTGAATCCCAGGTTGATTCAATTTTGAAGATCCGCAGCAATCCTTG
CP036317.1_gap176	7816512	7820303	3791	TGCAGCGCAGGTACGAAAGGATAGCCTATGAACTGGGACAGCAAAACTACTACTGCCCGATTCAACATGCCGGCGATTTTCTGAATCATCGGAAAACCGATACTGGTTTTCAATACACGGGAACGTATCGCAGAGGTGTCGTCACAACAGATCTGCATCAGTTACTTCCACCGCTCGTGCTGGCCCAGATCGAGAACGGCCTGCCCGTGATGGATCAGAAATGGCGCGGTTTGTTTCTCAAGAATGCGGTTCTGGTTGGCCCCGAGATGCGAGGCAGTTCCCCGGTTCGCATTGATCGGGAACGCGATACCTGTCAGGCACCGGGCTTCCACGGGCTCTATCCAGTAGGTGAAGGTGCGGGCTATGCAGGGGGGATTGTCTCTGCTGCCGTCGACGGGCTGTTGAGCGCCCGTAAACTGGTCGAAGAATTTGCACCGCTCACTGCACCAGCTGCTTGAAGTAATGTCACTTCAAATCAGTCCCCGTCAATAATGTCATTGATAGACTGATCGATGGCAACAAGATATTCTTCCAGCTTGACGAACAGTTCCTGCGTAAAACGATCGCTTTTTAAAAGTTCGGCAGCCTGGTTACGAACACTGATGTCTTCCACACGCCGCTTTTCAACGCCTTCTGGGAGTTCACGTACCATGCGGATTAACTGCTGATTTTTCGGGAGGAACCCCAGCTCCAGGTGATCTGCGAGTTCTGCAGTGAGCCGCTCCGTATCAGAGAACATTTCGCGTAGAGTGAGTTGGCTTAAATCGCGCTTCACAATTCTTGTCTCCCTTCCAAAGATCAAAGAACACTGATATTAGACAGGCTCTGTCAGGAAAGGGTCAAGAGTATTTTGGATTCAGCTTTGATTAAGATTGAATCAACACGCTGCCTGTTCATTCAGGCGCTGAACAAAACACTGAAGGCAGTCTCTTCTTCAAATAAGACAAGCAAGATGCGACCAGATTTCTTCGCTGATATCCTCGATGGATCGCTGCTGGCCTTCCTGCAGACACTCAATCTTCTGCCAGTGCTGGTGTACTTCGGCCAGTTGCAGATAAACATCCCGCACCTGTGACAGATACGATTGATCCGCTTCATGCAAATCAGTTACCTGATCGGTATAGGAGCGAGCCTGTTTTTCTGCCACCATTTTCTGTGCATGGTCTGCAGGCAGATCCAGCAGAATTGTCTGATTCAGACGGGGCATCTGGTAAATATCGTACTCGATCTGTTCGATCCACTGGATGAACTCGATACGCTCATCACCAGAAAGCTTAGCCCCCTGATGCGCGATATTGGACGGAATATAGCGATCGAAAATCACGACCTGGCTCGCATCAATCGTTTTCAGAATAAAATCACGCGATTCAAAACGATCGCCGGCATATAGCAGTGATGCCAGAAAGGGATGGACCGCACTCAACTCCCCGAAGCGCCCATTCAGAAAATCGCCAATCGATTTTCCAAACAGAGTTTCAGTATAACGCGGAAATCCGATCAGGCTCGAGTTGATCCCTGCTGCCTGGCACTTTTCATGCAGACGTGCAGCTTGTGTCCCTTTTCCCGAACCATCAATGCCTTCAATCCCGAATAATACTGCCACTCAACTACTTTCTTTACTAGAGGTAGTTTCAAAACCCAAAACTACGTGAACAGTTTGGTATAGTATTTGTACGAGTACCTCCCTCGAAAGGAGGTCTCATTATGACCATGACCCGCGTGTCACGACCTGCCACAGGTCGCAACATTACCGGGTCCAGGACGGAACCAAAACCACAACTCTCGGACGAGCAATGGCTTCTGATCAAAGATCTGTTTCCAGAACCACCGGTAAACGCAGCCGGAGGGCGGCCCAGAGTGGCTCCCCGCGAGTGCCTCGAAGGAATCCTTTGGGTATTAAGGACCGGTGCCCGATGGAAAGATTTACCAACATTTTTACCATCTCCCAGCACCTGCTGGCGGCGTTTCAAGGAATGGACCGAAGACGGTGTCTTCCTGGAAGCGTGGCAGCGATTGCTCGAACACTTAGACCGCCGGAAGCTGGTTGTCTGGTCGGAAGCATTCGGGGATGGCACATTCTGCCCCGCAAAAAAAGGGGCGCCGATGTCGGAAAGACAAAACGGGGAAAGGGAACCAAGCTTATGCTGCTGGTCGACGGAAACGGGCTCCCTCTCGCTTTGGATCGTGCCAGTGCCTCTCCGGCAGAGGTGAAGCTGATTGAATCCCTGCTGGACCAGCGAGTTTTGCCACGCGACCCCGATCGCCTGATTTATGATCGTGCGGCCGACAGCGATCCCCTGCGCACAGAGCTGGCGGAACGGCAGATAGAGCTGATCTGTCCGCATCGCAAGAACCGTGTGAAACCAGCGACGCAAGACGGGCGTGCTCTGCGGCGATATCGACGCCGCTGGAAAGTCGAACGCACCATCAGCTGGCTGTTCAACTTTCGTCGTCTGGTAATACGATATGAACGATACAGTCATTTGTTTTTAGGATTCGCACAACTCGCGTGCGTGTTCACCTTACTTAATAAGTTATGAAACCACTTCTAGTCATTCTGATCTGGACGGACTGTTACAGAGAAGATCATGCACGCGGGAATCGAATGTCCTGCTCGACACGCAAATTCAGATGCGTTCGGCCTCGAGATATTCCCGATGACCCTGCGTTCCACGGGCGATCACAAACTGCCCCACATCCACATTCGAACCAGGACAGACAACAGGGGCATACCAGCGATCAGTCCCTCGTACCCAGCCGGGACGCTCCTCGCATTCACGTTCTACCAGAACTTCCAGGTTCTGATCAATGAGCGAACGATAAAATTTTTGAGCTAAATCGCGTTCCAGTTCCGCCAGCTGCTGACAACGTTCCTGCCGCACTTCCGGTGAGATCTGATTATCGTATGAGGCAGCCGGTGTTCCCTTCCGGGCACTGAAAGGAAAGATATGAATTTTCATGAACTCGGCAGCTGCACAGGCACGGAGCGTCTCTTCGAATTCCTGATCCGTTTCTCCAGGGAAGCCCACTATCACATCCGTTGTAAAGGAAGGATGGTTCAGCCGTTCCCGCATCATCTGCAGCTTTTCCAGAAACCGACTCACATAGTAGCGACGCTTCATGCGTCTTAGAACGGTGTCGGATCCACTCTGTAATGAAGGGTGGAATTGAGGACAGAGATGTTCGCAGTCCGCGGCTGCTGAAATGAAATCGTCATGGATTTCAGCAGCTTCGACACTGGAAAGCCGCATTCGCCAGTCACCGGGGATTTTGTCCAGTTTGCGAAAGAGATGCCAGAGACGAAATGGTGGCTTACCTGACTTACCCCGCGTCGTGTCCACGCCGAAGTGGCCGACATGAATTCCGGTCAATACGATTTCCTTGAACCCATTCCCCACCAGACGTCGTACTTCTTCTTCAATGTCCTCGGGAGAACGACTCTGCAAACCAGGACGAACCTGGGGAATGATGCAGTAAGTGCATCTCAGGATACAGCCATCCTGCACTTTCACATACGCCCGTTTGCGTCCTTCGAATTCCGAGATCCCGGTTGGCATATCGACGATCCCGTGACGCTCCAGGATATCGGGAAGTTCACGTTTGTCAGTAATCACTTCAAATACACCCGGCAGTTCAGAAACTGTCTTCGGATCGCGCGTGGCGTAACAGCCCATGACGAGAATCTTCGTGCCCGGATTGTTTTTTGAAAGCTGACGTATCAGTTTACGTCCCTTGGAGTCTCCAGTCGCGGTGACCGTGCAGGTATTGACGACACACAGATCGGCGGTCTC
CP036317.1_gap177	7921239	7925398	4159	CAGCGCGTCGTGATTGAAAGTACTCCGCCGGCGAATCTGCTGGGAGGCGTCCCGGAAATCCCGCCGATCACTCAACAGACCTTGATTGAGTACGATTACAGGATATTACCCGGTACTCACTCTGTTCAGATCACTCCAGCATCTCGACCGATGACGCGGGCGCAATTGTGGTACGGATATAACTTTGGGGTCGACACCCCCAACTGGAACTACGGCTGGGGATTTTACCCCGGTGGTGGCTACGACTATTACGGTGGGTACGGTGGCGGGCCGTTCGGTTATTACGGTGGATACTATTGGAATAACTACGGATTGGGGGGATCGTTTTACAACGGGTATTATGGGCCTTATGGCAATTACACTTATCTTCTAGACGGGCCGTTTAACAGAGACGAAGACGGGAACGTGGTCGGAGAATCCCCGCTGGGAGACGACGGTTTACCAACAGATGTCCGCTACAACCAGTACGGTTATAACCAATATGGGTTCGACGTGGACGGGATCGACCCTGCTGGTTTCGATGTCAATGGATTAAATTCAGACGGTGAAACGTGGGGCTACTACGGCGTGTGGGGACACCTTCACACAGGGGTTTACCACGCGAATCACAAAAATGATCACGGCGTTATCAACCGTGCAACGAGCAACGTCTTTCAGCATATCGCCGCTGGATCCTTTGGCGTCGCGACATGGGTGAAGGGCGGCGGTTACGTTGTGACCGAGATCGAAAACCGTGAGTTCTGGCTGGACACGAACGGCGAGCCAGCGAGGTTAGCCACTTACTAAATAATTCATGTAAAAGAAACATCAGACAATGCAACAAGACGCGGGAATCCTGTATACGTTAAGCCAGTTTCGCCGATTCGACAGCAGTGAAGTAGAGGCAGCACAGTTCAGCGAGCGGATATTTGCGTGCAACAACTGCCCCAGGAGAGTCGGACCACGCTGTCGGTCCAACGGTTCAAATTGTGCTGACTTCGCAAAGCTGCAGGCAAACCACTGCCAGGCATGGGATGGCAAAGAGCCGCCACCGGTTCCTGTCCAGCTCGCCCCGAAACCCCACCACTCAAGACGCATTGAGAGTCCTGCGAACAACCGGTCACATCGCCCGGAAGTTAAGAGCCTTGTGGTTGTCTCGTGCTATTTCAACCCCCTGTCTAATCCAAGAATGGCGGAAAATGCGCGTCGCTTTCGTGATTCAATCGAAGTGCCGGTGCAATTCTGTGAGTTGTCGTTTGATGGTGAATTCCTGTTTTCCGATTCGATCAGGATCAGCGGCGATGACTCCTCGCGTTTCATCTGGCAGAAGGAGCGGCTGCTGAATATCGTAATGGAACAACTTCCGGAAACAGTCGATGCGGTGGCTATCGTTGATGCCGACCTGATCTTTCAAAACCGCAACTGGTTCCGGGTCACGCTTCAGAAACTGTGGCACGCTGACATCGTCCAATGCTTCGATTTAATCGAGTACGAAACCGAGACGGGGAGCGTTGAGAAATCTTATCCGAGTTATGCAAAATCGTCCCAGGGAAATCCGGGAATGCCGGGCGGTGCGGTGGCGTTCCGACGATCTGTTCTTAGACAGGGCGGTCTTCATGAAGAGAATATTCTCGGCGGTGGCGACAGTGTGATGCTGAGACACTGGGAGAAAAGCGGATTCAAAATCGATAGTGTGCCTGGAGTTGTGCGGCACCTTTTTCATGGCGCGCACGGAGATCGACAGCAGTTGAGTCGATATGATGTTTTGAAAGCTGCGGGGTTTGATTTTGAGAGACACATCAACAGTGATCCTGGCAAGCCATTGACGTGGTCGAGTGCCGAGGGTTCTCGTGAAGTCCGACGGGTGGCGCAACATTTTTTTGAATCTCGTTCCGGAAAGACGGCGAGCTCGGAAAAACCGATTCCCATAAAGCCGCCTCAATCACCAGCAGCCGGCAGAAAGATCAATAACCTGGCTGTCGTCGCCTGCCACTTCAATCCTTGCGGCTACAAAATGCCGGTGCGGAACGGGCATGAATTCCTGGAGCGTCTTGGCGTTCCGGTAACAATGGTCGAGCTGTCGTTCAATGGGAAGTTCGAATTCGATGCCGAGCACAAAATCATTGGTGATCTCACAAAATCGTTTATGTGGCAGAAAGAACGGCTGCTGAATATCGGGATTCAGTCCCTCCCAGAAGAGGTCGACGCGGTCGCCTGGATCGACATGGACGCGATCTTCCAGAACCCGAACTGGTACGAGGACACAAAAAAACTTTTGGAGACTTACCCGATTGTGCAGCTGTACGAGCGAGTTGACTTCTTCGGTCCCGACAGAACAGTGACGAGTCAGTCGAACAGCTGGGCCTATAACTGGAGCAACGGTCTCAATGGGCAGGTTTTCGGCACGCCGGGATTCGCCTGGGCAGCACGACGCGAGGCAATCCCCTGGGGGATCTACGATAAAGACATCGTGGGCGGCGGCGACTGTCATGCGGTCGCTGCGTTCGTCAAAGAACGAAAGTGGGTCGAGAAACAGTACTCATCACTCAAGCGGCCCGCTGCTGACTTCGATGCCTGGAAAGCGAAGCAGTACCCTCTGATCGATGGCCGGATCGGCTGCGTTCCTGGAGCTGCATTTCATCTTTATCATGGCACTCGTGAAAAGCGCCAGTATGGTGATCGTCTACAGATTCTCAGGAATCACAATTTCTGCATCTCCGATATCAAAATTGGAGAGAACGGTGTATGGGAGTGGGCGTCTTACAAGCCGGGGCTGCACCAGGACATTCGGGATTACTTCCTGAACCGGGAGGAGGATTCGTGAGCTACTGGGACGGCAGGAAAGACCTAAACTATTATCGCGTAGTCAGGGAGTGGCTGGAGCAGCTTGACCACAGCTCTATCATCGACGTCGGGTGCGCCGACACGCCGATAGTAACGTGGGGCAATTTCCAGAGACGGACCGCAGTTAACCACCGGGAATTCCCACTGCTCCACGGTGTCGATTGCATTGAAGCTGACTGGATGGAAACTGAGTTGCAGGCCGACGTGATCACCTGTCTGCAGGTCATAGAGCACTTCGAAACGGACTTTCTGAGGGAGTTCGTTTCAAAGATCTTCCAAAGCTGTCAGGTTGCCATCATCAGCGTGCCGTATCTGTGGCCGGCTGGATCTTGTCCTGGCCATCATCAGGACCCGATCGACGTCAGGAAATTCCTGGATTTAATGAACCGAGAACCGGTCAAACTGGAGATCGTCACAGACTCCAGTTGCCAGCGTCTCATTGCCCTGTTCGAAAGCGAGTAATGGAAAAGCAGAACACTGATTTTTATAACCGTAAATACGCCGATGGTGACTTTGATTACGATCCGATGGTCGAACGGTCCTGGCTGGAAAAGCACATCGTCAATCGTTTTGGATTGAGCACAAGTGACAGGGTGCTCGATTTAGGCTGCGGAAAGGGTCTGCACGCCGCCCTGCTGTCCAGTTTCGGATTACGGGTGTTCGGCGTCGAGCCGTCGTTCCAGGGTGTTATGGGGGCAATAGAGCGGGGATCGAAGGCAATTTTCATCCGTGACAGTGCGTCTGCTCTGGAACACTATTTTGACGAGAACGAATTCGACATGATCTTCTGCCGGGGGATGAGTTGGTACCACCGAGAGTTAGATCAACTCTGCCCGGACACGGGTATTGATGTCCGCGAGGCGACGGGGGATTTCTTCAAGTACATCAAACCGGGCGGGCTGCTCGTTCTGCAGATCTGCACAGACTTCTCAGGTTATAACCCCAATAAGGATGCGTACAACAACCGACTGTCGAGCTACCTGGATTTATTTCAGCTACATGGGGAAATCGTCCATGTCACAAACTGGGCTGGGACTCCACTGACCAGCGATGAACAGGCGGCGAAGGTCAAGGGAGGAATCGTGATTGCTTCGCGAAAAGTAAACTGCAGCCATCCGGGTCAACAATTCCATTGAAAAAAGTCTTATCGGGGTGATACGAACGGACAACTACAGTCGCCGGTTTCGTTAATGTAGTGCATGCCCTGTTTGCAGGCCGATCGAACATCCAATCGTAACTGCGATAACCATTTCGGAGAGATTTCTCCTCGCGCAATTGCGTAGAGTGCAAATGCATACCCGAACATATCCATACTCAGATATCCCTACCGAGACAT
CP036317.1_gap178	7931549	7933278	1729	GGTTGACTGCCTGGTGCACTGGCTGGAAGGAGGCGTGTATCCGCACTTTGAAGACTGCGTCTCCGAGTTCAAACGGACGGGCGACCTGCTGGGCCCCATCACTCGCTTCGGTCATGTGGCCGTCTCAGGGATGCTGCGCTACCGTTCGCCTCATTTCGGCCCCGAATATCAGGGCAACATTTTTACTTCCATTTTCAACACTCACAAAGTAATCCGCACCCAGCTGGTGCGCAGCGGCGCCACCTTTGAAACAAAGCAGGAAGATTTTCTCGTCTCTGATGATCCTGATTTTCATGTAACTGATGTCGTGGAAGACGCCGATGGCAGTCTGCTGGTCATCAATACCGGCGGCTGGTTTCGCATCGGCTGTCCCCAGTCGCAGATTTCCAAGCCCGACATCCATGGCGCCATCTACCGGATTCGCAAATCGGGTACACCTCCCGCAAAAGATCCCTACGGACTGGCTGTGATCTGGGAATCCCTCTCACCTGAGCGGAAAATTCGGCTCTTAAACGATCCACGTCCCTTTGTGCAGCGGAAGGCCATCAATGAATTAGCCAAAGATGGCGATCGCGCTGTTCCCCTGCTGGCCAAAGTCGTCTCTGCTCCCGCTGGTCCATTCTACAACGATACCAGTAAACGTAACGCCGTCTGGGCGCTGACCCGTATCGACACCAAACAGGCTCGGGCTGCGATTCAGAACGGTCTGGGTTCCTCAGAATCGGTGCAGATGACCGCAGCCAAAAGCCTGGGAACATTGCGCGATGCGAACTCCGTGACGCAATTGACTCAACTGCTGAAGTCCGAGAAACCTGCCATCCAGCGGAATGCCGCCACCGCCCTGGGACGAATCTGCGAAGCCGGACGCCGGGGCGACACGATCTCTGACGCCGACCTGCAGACCGTAGTCGAATCGCTGTTCCTGGCGATCAAGGGCTCTCCAGATCGGACTTTGGAACACGCCCTGATTTACGCCCTGATTCGCATCGACCAGCGCGATCTGATCCTGGCTGGTTTGAGTGATTCCAGTCCTGCTGTCCGTCGAGCCGCACTGATTGCCCTGGATCAGATGAATTCCGGAAACCTGACACGCGAACTGGTGACCCCCCTGCTCGACACCGATGACCCTGCACTGCAGAAAGAAGCACTGACCATCATCGGCGAACATGCAGGCTGGGCAGGCGAAACTCTGAGTCTGTTGAAAACCTGGTTGAGTGAAGACACCCTGAGTGAAGAACGGGCAGCTGTCCTGCGGGGCTTCCTGATCGCACAGGCGGCTGATCCGGAAGTACAGGCCTTGATTGCCCAGGCATTGACCAGTCCAAAAACATCGCATTCTGCCAAAAGCATCTTACTGGAAGTCATTCAACGTTCTGCTTTGAAAGAGTTTCCGGTGGCCTGGCGCAAGGCACTCGAGCAGACTCTGAAATCCAAAGATCCGGATCTGCAGATTCTGGTGATTCGCACTGCACAAACTAATGATCTCCCTGAATTAGGTGGACTGTTAAAATCACTGGCACTCGACTCTGAGCAGCCGTCGACATTGAGAATCGAAGCGTTGTCTGCAGTGGGATCGCAACTGAAGTCTGTCGCCCCGGAAACGTTTCAGTTTCTGATGTCACGCATGAACGAAGAATATCCGCCCCTGGATCGACTGGCAGCTGCCCGGGCATTGGCCGGATTACCGCATTCGGCAGCGCAGTTAATTCAGTTAGCGCAACAGCTGGAT
CP036317.1_gap179	8025152	8027682	2530	AACCTGACCGTGGCCGAGAACATCTTTCTGGGTCGGGAGTCGAGCACACTGGGGTTCCTCCACAAACGGGAGATGAACCGACGGGCACAAGCTCTGATAGCAGAACTGGGACTGACAGAGATCCGGGACGTGACCGCCACCGTCACCACGCTCAGCACCGCACAACAGCAGCTGGTGGAAATCGCGCGAGCCCTCTCGCAGGAAGCCCGTGTGCTGGTCCTGGACGAGCCCACGTCCTCGCTGTCCGAACTCGAAGTCGAAGCCCTCTTCCAGACGCTGCGCCGTCTGCGCAGCCAGGGGGTCGGTATCATCTATATCTCGCATCGCATGGAAGAGATCATGCGCCTCTCGGATCGGATTACCGTGCTGCGGGATGGCAAGTCGGTCGGCACCGCGCCTGCCAGCGAGGTCGATCCGAAAACGCTGATCCGCTGGATGGTCGGACGCGACATCAAGGACCATTTTCCCCGCCCCCCGTATCGTCCTGGCGGGGTCGCCTTGAAAGTCAGCCAACTCAGCAGCGCGAAGGTACAGGACATTTCATTCGAAGTCCGCTACGGTGAAGTCCTGGGACTGGCCGGCCTGGTCGGGGCAGGGCGCACCGAACTGGCGCGGGCTCTGTTCGGCATCGACCGCATTCACCAGGGAACTATCCAGATCGACGGAAACACGGTCCGGATCCGCAGCCCCCGGGAGGCGTTGCAGCAGGGTATGGTACTCGTCCCCGAAGATCGCAAACAGCAGGGGCTGATCGTCGAACAGAGCGTGGCCTTCAATATTTCGCTCCCCTGGCTGAAAGAATGGATTCACGGCTGCGCCTTTGATTACCAGACCCGGGATAAAATGGTCGCGCGGACCGTTCAGCGGTTCGGCGTCAGACTCTCGAACGCCGATCAACCGGTCCGCGATCTCTCGGGAGGCAATCAGCAGAAAGTGCTCGTCGGTCGCTGGATTGAACATCCCCCGAAAATCCTGATCCTCGATGAACCAACGCGGGGTATCGACGTCGGCGCACGGGAAGACCTGTATCGAATTATCGGTGAACTCGTCAGCCAGGGGATGGCATTGATCCTGATTTCTTCGGACCTGGATGAAGTCTTGAATATCTCACATCAGATCGGCACCTTCCGCGAGGGCCGCCTCACGGGAGTCTCTCCTGCCGAGTCCGTCACTGCGGAAGAGGTGATGCATCAATTAACGGGAGGCAGCGCGTGAAAGTCGTGAAACAAATGGTTCCTCTGCTGGCAGCCATCATCATACTCCTGCTGCTGTTTCGCATCTGGGTCCCCAGCTTCCTCACACCGGAAAACATGCTGAATCTCACTCAGCAGATTTCCGTCAACACCATCCTGGCACTCGGTATGACGCTGGTCATCCTGGTGGGAGGCATCGACCTTTCCGTTGGTGCGATGGTGGCGCTCGTTGGTACGACCACCGTCTATTGTCTGACCGCGCTCTCCGGTGATACTCAAAACCCGTTCATGCTGATGACCGCAATCCTGGCGGGACTGGGCATCGCGGCAGTCTTCGGAACCTTTCATGGCATCGCTGCTGCGAAAACGTCAATGCCGCCGTTTATCATCACTCTGGCTTCGATGCTCATTGCCCGCGGCTGTGCGCTGCGGTTCAACGGCGGGCTCCCGATGCCCATCAAAGATGAGCAGACCTGGTTCCTCGCCATCGGCAACGGACGACTGTTTGATGTCGTGCCGTTCCCTGTGGTGATCATGCTCTCGCTGTTTCTGCTGATGGCGCTCCTGCTGCACCGCACCCGCTTCGGTCAGCATGTCTACGCGCTGGGGGGAAACCGGGAAGCCGCCCTCTACACGGGCATTCCCATTGTCCGGGTAGAAATCATGGTCTATCTGCTCTGTTCCCTGATGGCGGGCGTCGCCGGCATGATTCATACTTCGCAGCTGTATTCCGCCGAACCCGGTTCAGGGGAAATGTTTGAGTTAACGGCAATCGCTGCGGTGGTGGTGGGAGGCACCAGTTTCACGGGCGGACGGGGCACCATGTTTGGCACGCTGCTGGGAGCCGTTATTATCGGCATCCTCGATAAAGGGCTGAATCAGGCCGGAGTTCATTATTCCCTGCAATACATCGTGAAGGGCGCCGTGATTCTGGTTGCCGTCTACCTGGATGTCAGACGGAACCGATGACCAGACCGCATTGTGTCGATTGCAGCGGTTGCGCAAGGAAACGAGCCTGCAAAAAGTTTGTCATTTCTCTGACGGACACGAAGTCGTGAGCTAGACTTCCTGTGTACGTATGGGCCGGATGGTGCCCAGGTACCGGTTGATCTTGTTAAGCCCCTCACACAGAGATCGTCTCATGACTTCTGAAAAACCACGTTATATCCGTCGTTATATTATCACGGTCATTGCCTTAACGCTGCTCGCGCCCTTTGTGATTTATGGTGCGCACCAGAGCGTTGAAAGCATGTGTATTGCCCCGGAAAAATGGGCACCGCCGCACATGCAGTCGCGCAAAAATTATGACCGGTTCATGCAGGACTTCGAGAGTAACG
CP036317.1_gap180	8030998	8032931	1933	CAGACATCGGCCAGTCTGGCTTCCGACAGATCGGTCTGCCCGATGATCAGTGGCGTCCGCGCTTCGTCGATCAGGATGCTGTCGGCTTCGTCGATCACAACCATGTAAGGCGCTCGCGGATTCAGTAGCCCCTGGTCTTCGTTTTCCTGTTTCTGACCGAACAGCTGCTCGCGACGCACTGTGGTTGATGTTTTGAGTTCTGGTGAATTGAGCAGGTCGCGCAGGAAGTCAAACCCGAATTCCCGGGCAGTCCCGTATGTGATGTCGCATTCGTAGGCGGCCCGGCGTTCGCTCATCGACGAAGCCGCCGTCACGGTCCCCACGGTCATCCCCAGTGAATGATAAACGGGGCTCAGCCAGCGGGCGTCGCGTTCGGCGAGGTAGTCGTTGGCGGTCGCGATATGAATTCCCCGTTCGGGCAGGGCATTCAGGCAGAGCGTCAGAGCCGCGGTCAGTGTCTTGCCTTCACCGGTCTGCATTTCGGCAATCGCGCCTTCATGCATGGCGATGGCGCCCAGGTTCTGCACGGGGTAGGGGGTCATGCCCAGGTGTCGCTGCATCTGCTCGCTGACAATCGCGAAGGCTTCGGGCAGCAGATCCGTCAGTGATTCACCACTCTGGACCCGGTAACGCAATGAGTTCCATTCGTCAAACAGTTCGGATTCTGACCGGCCGGCTAATTCCGCCTGCAGCCCCTGGATCTGTTCCACCAGGGTCCACCAGCGCGCGGGTACTTCGGTGCTCCCACCGGGGAGCATGCCACGAAATCGATCTGTAAGCGAGCTGATAATTTTCACCACGTTGAATCCTGCTACCCTGTCCAGAGTAATAAACGATTGAACTGTTACATTCTAACCGACCCGCAAGGCCGATTCGATCCTTTTTACCGGCCGCTCAGCTTCGTACGGGTAAAGCAGGCAAAGTGTTGATTTTAAACAACATCCTCGTTGAGCTGCTGTCGTTTTGTGGCAACAAAACAGGGCTCAACAGCCTGATTTCAGCTGATTTAAGGCGTTGAGTAGAGTAAACGCGAATCGCATGCCACCCGCGGGAAGAGGGAAGCAGAAAAGCAACGCGGTTCAACCGCAGGGATGCGGGAACGGGCGGAACTGCAGCGGAGCGGTGTCAATCAGGGTGCGTTGGCCAGAACCGTTTTTGCTCAGAGCAGTTTCTTCTGGCGCGGGTTCTGCTTCCCTTTCTTCTTGCTCCGCGGGGCAGGGGCATCGGCCTGACGCTCTTCCAGACGTTTCCCGTTTTTGGTGGAAGGGGCGCTGGTCAGCGGATTCTCCTGGCCGTCCAGTGGCTGACCGACTTCAATCTCTGCCAGTCGCTGCTGTGCCCGGGCACCATATTCCGCAGAGAGCTCAAAGCCGACATACTGGCGATTCAGTTTCTTGGCGACTGCCAGAGTGGTGCCGCTCCCCGTAAAGGGATCGAGGACGACCTCTTCCGGATTGGAACAGGCACGAATGATACGTCCCAGCAGCTGCTCGGGCATCTGACAACCATGCCAGCCCTGACGTTCTTTAAACGTCCCATTGATGCGGGGAAAGTACCAGGTATCTTCATCGGCCTGGAAACTCTCGGGAATATCCTGGGGACGCAAGATCCAGGTATCGTCGGGCAGTCGCCCTTTGGGGTTGGCCCGCTTGTCGCCATAGACCAGCTGCCGCGCCGAAGGCACACGAATGGCAGGATCGTCGGCGTTGAACGTGAACTGCTTCGGATCTTTCACCATGTGAAACAGGTGCGCGTGCGAGCGGCTGAACTTGTTCTTGCAGTTCACACCGAACGTGTAATACCAGATCACCCAGCTGCGACAGGTCAGCCCCAGCTCGCGCTGCATCATGACTTTCAGCTCCGCCGCGTATTCATCGCCGATCGCCAGCCAGAAAGTGCCGTCCGGCTTAAGCAGCCTGACCACTTCACTCAG
CP036317.1_gap181	8066046	8067926	1880	CTCCCCTCTTTGACCATGTGCAGCATATCCACGTACGCCCCGACTTCCTGCGGCGAGTAATCCTGGATCAGCTGATACAGCTGCGTCCCGTGCGAAGGCAGAAATGCATTCGAATGCACATGCACGCAGGGCAGAATTTCATACTTCTGACACAGCTTCGCAACTTTGCCGATTTTCTTCGTCGTCTCTTTCAGCTGCTGTGCCAGCGTTCCCAACGGTTTATAGCGGTAATAGCCAATCTTGACCCGGTCGATCCTCTGTTCCTGCGCGGTCGCGAGGATCCGCTCGGCATTCTTGTCGGGCTCGTCGATCATCGTCGTCAGAAACAGGATCTTTACACCCGCCTCTTTCGCCGCCGCACACGCCTGCGGCAGTTCTTTCTCGGCGTTTTCGGGCAGGATGTGCCCCTTGGGCCGCACGGTCAGATCGAGTCCGTCCAGGCCGATCGACTTGAACGCTTTACACACCTCGGGAATCGGCATGTCCTGAAAGCTCTTCGTGAACGCCCCCAGCTGATAGCCGCTGGAAGAGTTTTCTTTCTTCGTTTCCCCCGCCTGCACAGACGCGGATGAGGCCAGGCCGCCGGACAACATGGTGCCTGCCAGAGCCGAGAGAGACGCCTGTTTCAGAAAATCCCGTCGGGGAAGCCGATTATGAGGGTGGGGAGTATTCCGCATGCTGAAAACCTTCTTTATGATCAGTTGTCGGGTAGAATTCGAATGAAACCTTCTTATAAAGTATGATGACCGTTCGACCCATTTTCTACCGGTATTGACCGTTTTACTGAAATCCCCAGAGAACCACTGTCCGCATGTCTGAGCCGCTCACCCTGATCGCCACCTCCACCTTTGGCCTCGAAGCCGTCGTCGCCCGCGAACTGAAGCAACTGGGCTACGAAGACCAGACCGTCGAAAACGGTCGCGTCATGTTCCAGGGCGACAAGGAAGCGATCTGCCGCTGCAATCTCTGGCTCCGTAGTGCCGACCGCATCCTGATCTGCCTGGGCGAATTCACAGCCCTCGACTTCGACGATCTCTTCGACGAAACCCGCGACCTGGAATGGGAACGCTGGCTCCCCCCCTCCGCGCGATTCCCCGTGCGGGCCACCGCGGTCCGCTCCAAAATCAACAGCGCCAAAAACTCGCAGAAGATGGTCAAAAAAGCGATCGCCGAGCGGATGAAGGACCATTACATCAAAGACTGGTTCCCCGAAGACGGGCCGCTCTACTCGGTCAGCGTCTCGATCCTCAAAGATCGCGCCACGCTCTGCATCGACACCACCGGCCCCGGCCTGCACAAGCGCGGCTATCGCAAACTCACCGCCGGCGCCCAGCTCAAAGAGACTCTCGCTGCCGGTCTGATTCAGCTCAGCTACTGGAACAACGAACGCGCTCTGGTCGACCCCTGCTGCGGTTCGGGTACGATTCCCATCGAAGCCGCCCTCATCGGCACCAACACCGCCCCCGGGATCAACCGGAGTTTCGTCGCGGAAGAGTGGCACAAGATTCCCGCCGAACTCTGGGAACAGGCCCGCGAAGAAGCCCGTGATCTGCAGGACCTCGACGCCCTCTCATTCCGTCTGCAGGGGTATGACATCGATCCGGGGATGATCCGCATGGCCCGCTATCATGCCCGTGAAGCGGGTGTCGATGAGCTGGTGCATTTTCAGGATCAACCGCTGGCCGAATTCAGCACGCCCCGCAAGTACGGCTGCATCATCACCAATCCCCCTTACGGGGAACGACTCGGCGAAAAGGAAGAGGCCGAGGTCATCTACCGCCAGATGAAAGAAGTCTTCGCGCCCCTGGATACCTGGTCGATCTACGTGCTCACATCCCACCCCGGCTTCGAACGCATCTTCGACCGCAAGGCCCGCCGCC
CP036317.1_gap182	8107996	8112056	4060	CTACGGAGCCTACCTGGTCGACGGGGGAGGGGGATTCGGGTTGGCTGCCGAAGACATTCACACCGCAGTCATCGAAGAAGAACAGGCACTGAAATTAGCAGGACTCGACGCAATCGACAGTCAACTCACTCCCTGGCAAGCGGTGTTAAAGACCCTCAACCATTATCTCTTTGCAGAACTGTTGGGCAAGTCCGGACTGGCCTTCGCATACGATGATGATACCAATGGGTTCCGTCCCAATTTCTCCATCGCGGAAGATCTGGAGGCATTTTATCCCCAACAGAATTAGGAAGCACCATTGCGTATTCCTGCAGAACAACCGGGGAATGGATTTCAGCAGCAGCCAGTTAGACGCATGACGACTTGCACACGCACGGGTTACGGTTAAGATAGAAAGGCGATTTCATTTCTGCAGCAGCGAACCAATCTGTCCTCACATCGAACCATAAAGACCCGACATGTTTTCTGAATCTGCCTGGAGCCGCAAAAGTATCGGCGATGTTGACGTCATCTATCACGATGGACTCTACCATCTGTTTCATCTCGTCCTGCCCAATCACGACTTCATCGCGCACGCGATCAGCGATAATGCGCTGAACTGGCGGCGCGTCGACAATGCCCTGTTTATCGGCGATCCGGGCGGCTGGGACGATCTGATGCTCTGGACAATGCATGTCACCCCGGATCCGCATCAGCCGGGCCACTGGCGGATGTTTTATACCGGCGTGTCCCGCCGCGATCAGGGGAAGAAACAGCGGATCGGCATGGCGTTCAGCAAAGACCTGTTCCACTGGCAGAAAGCAGACGTCAACTGGGAGGACCAGCGCGGCCACGACGATCCCGAGATTGTGCAGCAGATCCGAAAAAAACTCGCCTGCTCGGTCTCCAACAACATCAAGGCGAAACAGAATCCGGAAAGCAGCTTCCCGCTGGAGCCGGACGATGCGCATTACGAATCTTCCGTTGACGAAGAACGCAACTGGATCAGTTTCCGCGATCCCTTCTATTTTCGCGAGGAAGATCAGGGCTGGCTGTTGATGGCAGCCCGCACCAACGAAGGACCGCTGGTGCGACGGGGCTGTGTCGGCCTCATGGAAGAATTCGCTCCGAATCAGTTTCGGGCACTACCCCCGCTGCATGCTCCCATGATGTATGATGATATCGAAGTCCCCAACCTGTTTCACATCGACGGAGACTACTACCTCATCGGCAGCCTGCGGGAAGATGCCAAGATCCGTTACTGGCATACATCCCATCTGGATCAGCCCTGGCGAAATTACTATGACAATGTCCTGCTGGCGCAGGGCAACTACGCCGGTCGCATCTGCCAGGACGACCAGGGGCTTCTGCTCTGGAATTTCTACGTCCGAGATCCTCATGATCGATTGACGAATAATATCCTGCCCCCTCCCAAGCGGCTCATTCGTCGTCATAACGGTCAGTTAAAACTGCAGACCTATGAAGGTATCATCAACCGGATTGTCGACACCCTCGATGCCCGCTGCCTGCATACACTCAAAGGCACACGCGATGAATCCTACTTCTGCATGCTCGACGATACGCTCGAACTGATCAGCCAGGCCGGCTTCCAGGGATTTGTCTTCGACGAAGAAGTCAACTGCTTTCGCATGCGGTGCCGGGTCTCGATGAAAGGGGCCGGTAAATGCGGGTTGCTCTGCCGGATCGACGATGAGACACATGACGGATATTATCTCTCGCTGGACCTGATGAAAGGCATCGCCCAGTTCCGCGCCTGGAAAACGGGTCCACTCAAATCGGGCGAGCACATGATGCAGTTCGAGTCTCTGCAGGATGGCTTCTGGCGGGCCGTCGAGCCTCGCGATGTCGAAGTGCAGATGGTCTCCTTCGGCAGTTATCATGAATTGAGCATCGACGGCAACGTGATCCTCTCCCTGGCCGATGCGAACTTCAGCAGCGGGATGCTGGGCTTTTACGTCGAAACCGCTTCACTGCACGTCTCCGACCTGGAAGTGCACCACATCAAATCGCCCACACAGACCGACGATCACCTGACCACCGGCTGGAGAAAGCACGACGAAGAACCGGAATAAGAATAAAGCTCTGGAGAAAGTGACCGTACTTTTTCTGAAATAATCGCCATATCAGAGCGTGTATTATTCGCATCCACTGGAAAATCGCTCCTGCCAGAAAGGATAAATTTAATAAAGCTCTCTGATTAGACTGTTTTTTGATATATTGAGCTATTTGATCAAATATAATTAGCAATCAGGTTAGCAACTGTTTTTATTGAAAATACAATTTATAAAATAGTTGACTCTTTTATATATCGCTTGTGATGTACTCACCGCTTGCTCTAGTCAATTTTAGCAAGAGAAAAATTCCACTACTGCTCATCCAGGAATTGTCAGAGTTATCTATGATAAAGACTGTTTCTTTTTGAGCACCTTAGAGATATATGATCGATTCCGTTAACTTATAAGAAGAGAGCGTTATGCACATATCTTCGATTAAAATGAAGAATTTCCGATGTTATGAGAATACGACCGTCGATTTTCATACTTCTAATAGCAAAGATTCTGAATCTAACAACATTACTTTATTACTGGGGAATAATGGTTCAGGAAAGACTTCAATCTTAAAAGCAATCGCTCTTGCAGTTCTTGGTCCTGTGATCAGAGACTCCGGTTATAAACCTGAATTTCTGGTTCGACGTTGCCCGAAAGCAAAAAAAAATCCAACTGCAAACGTTTCAGCGACATTGCAGTTAAGTGGGCAAGATTTGAATATTGCAAAAAAATTTAAAGCTGGTATTGCCCGATCCCAGGCCGCTACAACAATCAGTTTACGTGGTGACTATGAAAGTATTAACGCGAAACATAAAAATTCGGGTTCAATAGATCTGAACGAAACCAATCCAAAACAAATCAATATTGATGGCCTCTTCGACAACGATTCTCCTGCATATTTCATTGTAGGGTATGGTGCGACTCGTCGAGTGGCGAGTCCCAACAGTTCTGACGTTTCGCAAGACAAACGACGAGGTCTTCGTTATCAGAGAGTCGCAGGCTTATTTGAAGATTATATCGCTCTTTGGCCAATGAAACTCTGGTACCCGAGCCTGAAGACCAAACGTCAAAGCGAAGTCAATGCATTGATTAACAAGCTTGTGCCAGAAGATATCAGTTTTGATGGTGAGTTTTCAGAGTTTCAACCAGTATTCAAACATCGTGGAATCAGCCTTCCATTTACGGCTTTATCTGACGGTTATCGCGCTTTTATCGGTCTTGTAGCTGACCTTCTCTTCCACTTAAGTCATACATGCCCTGCAAATCGAAAATTGATCGACCTTAATGGAATAGTATTGGTCGATGATATCGATTTACACCTTCATCCATCCTGGCAGCGTACCGTGCTCAGTAATTTAGCCGCCTCGCTACCTTCCCTTCAATTTATAGTCACTTCCCATAGTCCGCTTGTCGCAGGTTCATTATATGCTGACAATATTCGCGTAGTTGAAAGTTTGCTGAATACTCCACCAGCCGTCAAACAATACAATGAGCAGGTACATGGTTTAAATTCAGATCAAATTCTGACCAGTTCCTATTTTGGCCTGAACTCAACCCGGTCACCAGAAGCGGTTCAGAAACTATCAAATCTGGCTGATCAAATTGGAAAACGTACATCTCCTGATGCATCAATTGCGTTTCTGAAACAACTTACAAATAACAAATAGTGAGCGAACACGGAAAAGATGATACGTTACGATACGACAGAAAATGACCTCACTCAAAAAATAAATGCCAGTAACCCAAATTGGTTGAAAAGAGCCAAAAAGCGGACCACGAAATTTATTAACGCCGGAGCATACGATGAAAAATCTGGCATCTGGAGCGAGATCAAAGAAGTATACATGGCTTTGCAACATGATAAATGTGCATACTGCGAACGACAACTGGCTGATGCTGATCTGGGCGGCACGATCGAGCACGATGTAGAACACTTTCGACCCAAAAATTCAGTTCCTGTCTGGCCCAATAAAAGTACTGCTGAGTTACGCAATATTAAGTTCGAATTTGAT
CP036317.1_gap183	8113751	8117298	3547	GCCGGGCCGACAGCGCCGTCATCGCAATCATCATGATCACAGCAATGACGAGGACCCAGTTCATCTGGTAGGCATAAGTGTGTCCGATTTTGGAAGCCGACAGAATACTGCCTGGCCCCAGCACCACCGATGCCGTAATAATGGCTGGCCCCAGGCTGCTGAGAATGCGCTTGATCAGATTCGAAGAAGGCTGTTCGCTCATGAGATACACCATATTTTCTAAAGAATGATTATTAAATTGGTCGTATCTTAACAAACCCGAGCCACTTATTGAGGGTTCGCCGGGATAAATTATGTAAATCTATCGTAAATTACGACCTCATCTAATGTTAGCTGTCCAGCTCTTTCATTGGCGGGTCGCAGGGCCTTGCCGACTACCACGAACATCGAGATCAGATGATCTTCAGGAAGGTTGATCAGCTCAGCCACTTTTTCGAAGTCGAAGCCGTCCATCGGACAGGTATCGTAACCCATCTCCTTGGCGACCAGCATCATGGTCTGGGCGGCCATACCGCAGGAACGCATTGCTTCGTCCCGCTCGGCCTCGAAATTGTCTTTGTAATAATTCAGAATCATGGGCACCAGGGCCTGTTGCACCGGTTCCGGGGCATTTTTCCAGTAGCGATCTGGCTCCTTCTCCCACGCTTTCAGATCCGCACAGATCACCACCAGCAGCGAAGCGTCGGTCACCTGCACCTGATTCCAGGAAGCCTCTCGCAGCTTCTGACGCAGTTCCGGATCCTTGACCACCAGAAACCGCCAGTGCTGAATATTAAAGGCCGTCGGCGAGAGCATGGTATAGGAGAGCAGTTTCTGGATTTCCTCATCGGTCATCCGATGTTCGGGATCGTATGCTTTGACAGAACGTCTTTCTTCAATTGCCTTTAAGGTGTCCATTTATCTTTCGTTTCTCATGACGGGTTCAGGTAATTCGCAATGCGCCAGACACTTACTATCATAGGCAGTCCCCGCAACGAAGAACACTCTCTACCGAAAATCAGGCGCAGGAAATCATCTGTTTTTCAGTCTTTTTCTCTGGCCCGCTCCCGGAATCTTCGTGGAACCAACATTGTCGCTCCCCCAAAATCCCCATATAGTGTCCTATGTGTGGGCTACCGGACTTCAGGCACGGATGAGAACGACACTCCCGACTGCAGGGCGCCAAAGATAACGGAATTCAAAACAGGAACGGACCATGTCCCAGCCAGAGACAACCAATACCGCTGCGACCAGAAACGACTCAGACACGGAAAAAAAGAAAAGCTCGTTCGGCCGCACCCTGCTGATCCTGCTGGGCGTCCTATGCCTTCTCATCTGGTTCGCACCGCAGATCATCTCCGGCACGTCGCTGAAAAATTCTATTCTGCCGCTGGTTCTCAAACGCTACCCCGCTGAAATCAAAACCGGAGCCGTCACACTCAGCTGGAGCCAGCCCGTCGAATTTCAGAACATCGTACTCCAGGATTTCGAAGGCCGCCCTGTCGTACACATCAAACAGATCCAGACGAAGAAGACACTCTGGGAGCTGGCGAAAGACCGCAAGCAGGTCGGCGACGTCAACGTGACCGGCGTCGATTCCTACACCTACGTCAACGAACAAGGCATCGCTAACCGGGACTTTATTACCGCGGTCCTGAATAAAGGGACCAAAGAACATCCCGAAGGAGAACCAGGCAAAGACGAAGGCGCCAAATCAGGGCCCCGGCAATCGCTCACGCTCCATCTTTCCGATCTGAACCTGATTGTCGTCGACCCGGAACAGAAGGAAACACCGTATCTGACCGGGATGAACATCACCGTCACCCGCCCCGGCCAGCGGACCGAGCCGGTGCTGGTCGAAGGCAACTGGCAGGAAAAACTTGACGAACAGGCGGGCAAAACAAAGCCCGCGGAAATCGCTTTCGTCGCCAGCGTGGTCAACACTCAACAGCCCGATGCCTCCCGCTCCGGCTCCCTGAAATTCAAATCCCGCTTCTTCGACCTGAAACAGTTAACGCCGCTGGTCCAGGCCCTCTCTCCAGGCGCCTATCTCGACGGGATCTCCAATTCCGAGATGGAAGTCAAATGGTCGGGCACGAAAGAGGAGCCCCGCTTCACGGTAAAAGGCAACTGGGAAGCCGCCCCCTTTGTGCTGGGTGCCCCCGAGCTCATCGGCAACGATGAACTCTCCACTGACTATGCCCGTGGGAACCTCGATCTGACGGCCGCCGAAGGCGTGATCGACTTCCAACGAGCCCAGGCAGAATCCCAACTGGGCAAACTCGCGCTGCAGGGCAAAATCAACTGGGACGATCTCAAGGACCAGGACCGCCGCGAAAAACTGGCCGGTCTGTTGAAATCCAGGTTAAAACTCACCGGCAATCTGGACCTCGCTGAAGCGGCTCGGCAGTTACCTGAAACCGTGCATCTCAAACCGGGCATGCAGATCACCTCCGGAAACGTCAACTTTGAGCTTTCGAATTATAATCCGAAGCAACCCGAACAAGAGGCAGATCAAACCTGGCTCGTCGCGCTGAAAACCTCCGACCTGACCGGCGTCAATCAGGGACGCGAAATTCGCTGGCAGCAGCCGATTGAACTGTTGATGCGCATCCGTCGCGAAGCCGAACAGTTCGAGATTCAGTCCCTCCGCTGCGCATCCGATTTCCTCAAACTGAGCGGCAGCGGAAATGCGCGCGATCTCAAAATTCAGCTCGAAGCCAACCTGGATCTGCTCTCACAGCACCTGGAACAGTTTGTCGATCTGCAGTCGGTTGCCCTCAAGGGCAAACTGAAAGGGGAAGTCGATTTTCAGATCGATGGCCAGAACTGGGAAACGCAGTCCTACCTGAATTTTCAAAATGTGCAACTGGCCGTTCCCGATCGCAGAGGCTGGAGCGAACCAAAACTGGATCTCACCATCGAAGGGGCCGGAAAAACAGACGAGAAACAGCTGCACGTCGAACGCTTTATTGTCACGCTGTTTGCCGGCGACGACGCCTTCCAGGCCAAATTGAAATCACCCACGACCATCGAACGCAAACCGACCACTGACAAAAAACAACTACTCCCGTTCCAGATTCAGTTGCGGGGAAAAATCGCCTCCTGGGCCGATCGTGTCCGACCACTCGGCAGACAGGATCTGCAACTGGGCGGCGATATTCAGTTCTCCTCTGCCGTCTCCTTTGGAGATCAATATGTGGTCCACGAAAACACAACCCTCGATCTGACCAATCTGCACGTCGCGTCTCCGTCCCTCTGGATCGATGAACCGCAGGCAGAACTCAGAACCGCAGGCAGTTGGGATGGCAAACAGAAAACACTCAAACTGAACACGTTATCCTGGCGCAGTGATGCGCTGGCCGTCAACGGCGAACGCATCGCAGTACAACTTCCCCGGGCAGACGCACCTTCACCTGCACTGGACGGTTCACTCGCCTTTAACGGCGACCTGCACCAGATCACCGGCTGGTTTCAGAACCCCGCTGAACCGCCGGCTCAAAAGTTTTATGGGAACATCAAGGGCCAGGCGAATGTGATCGTCAACGATCAGGCCCGCATGGCCAAC
CP036317.1_gap184	8159185	8161738	2553	CGTCCCCTTTCAGGTCGAGACAATACACGCCGTTCATGCCGAAGTACGCGTAAATGCGTTTCCCGTCTGTGACCGGCGTTTCCGTGGCATAGGTGTTGGTGCTGTGCCGGGGCAGCGGCGGCTTGCCTGCTTTCACCGTCTTCTTCCAGATCCTCTCGCCAGTAGCAGCATCCAGACAGACAACCTGGTATTGAAACAGCACGTTGACCAGATCGTTACGATCGCGACCGTAGCCACCTTTGTTGGATTCCGGCTTGGCGATGTTTTTCTTTGCCGGATTGGCAGGCACCGCAGCCGTCATGTAAACGCGATTCTCCCAGACAATCGGCTGAGACCAGCCTTCGCCCTCGACGGGCTTCTTCCAGCGAATATTGGTTTGTTCTCCGGCCGCATCCGACCAGTTGACGGGCAGCGGCGTGGCAGACACGGCATTGGAGTTCGCCCCCCGGAACTGAGGATAGTTTTCGGCCAGGCACGTTTGTCCCAGGGCCAGCACGACGAACAGCACGGTCAATTGATAAGTGAACTGCATAAACTCTTCCTGACATCCATAACACAATGCGATGAATCATTGAGAACCATACGAGTAATGATCTGACTTATAGATAGTGTAAGGGCTGTGAACGAGAAAGAAACAGCAATTCTGCCTGGGGAAAACAGGAGGGGCAGGTCTGGTTCCAGACCACGTTGATTTTATCGTTCTGAACGTGATTCTGAGGACGAAAATATGAACCAGGCAATCATGGACCGTGTCCGATGTTATCCTGTGACTCTTGTTTTCAGAATCATTGACAGCAGAAAACTATTAAATAAATGCGACCTGGTAACAATCCTCTGGAGTTGCGGGAATGGTTATTTCCACCTCACATGAAACAGGAGTGGCAGAGAGCCGCCCAGGATCCCCCCTGCCAGCATACCGGCGGGAATAGTGAAATAAAGAAACACCCAGCCAACCTGCACTGAGCCGTCTCCCATCAGGACGCAGAAATAATAAAGACCATAAAAGCCCACGACGGCACCAAGGACCACGCCAATGCCTGCTGTGATGAAGGCTGCGATGATGGTGAAAACCCATGCCATGCCACTTGTGATTTCGTCGTCAATTCCAACCTGAATTTCGTTTATTTCTGACATGCGGGAACCTCGGGGTTAAGTCTGGTTAATCCAGGATGTCTCCTTTTCTCGTACAGTGATCAGGCGTGGAAGCGAATCAGATATCACGCGTGGAATGAAAAAAATACCTGATGGAACAAAAAAGGGGGGCAGGACTCTTTCTAAAATGAGTCCCGCCCCCTTTATGCTTCTGAGGTTCTTTTTCTCTTAAGTGGTTTCATTCATTTCAGAACTCTCCCACCACTTCACATCCTCGAATGGTCGCCAGTACCCGAAAGAAGAAGGAAACAGCCCCGAAGCCAGACATCCTGCGATGCAGACTTGTTCCCTTTTACGCTCGCCCTGTTATCTCTCATATCTCTCGAAAACACTTCTTCTTGACAAATCAAAAATCACAGGTCCATACTAGAATGTCGATATGCGCTAAAACCCTCCTGCACTTCGGCAGTCGCAAACCGGTTGCGTACCCGGAATCAAATCAAAGTTGCAAAACAGCTTCGCCCAGAAATCAGAATGATGGATAACAGCAACGACAAAACCAATCCTACGCCCCCTATCGCCCGTTTCGAATCGGTCGCGTTGCAAGCCAACATGATCCGCTTCTCGATACGCGTTGATATCCCGGAAGGATACGTCATTCTGGTTTTGATCTCCCACGGCACGACAGACGACTTGCAGGTGGAGGCGGGATATACTTTCTACCATGGACCTGAATATGACGACACTGCGCCAGCTCTTTCGGAAAAGCCAGGGCGATCGCTGTCATCAATGGGGAGTCAGTCAGGTTCGGAATCTTACATGTGGTTTGATGAGTCGATCGCCAATAGCCTGCATTGGCTCGTTGAAGACTGGGGACATGGAGAACCGGATTTTGATTCAATCAAGATCGAAACGAAGAAGTCACCCGTCAAAGGCGCCAAACTGAAACAATTGATCCTGGCAGTTTGCCTGGAGGCGTTCGGTCGCGAGGTGCCCGGGAACGAGGACCTGGTCGACCGTGTTAAACAGACGCAAAAGAAACACAAAGATCTGCGGAGTCAGTGCTTTGAATGGCTCCAGAATGGTTCGGCAGGCATCGCGAATTGGAACCAGCTCCGAGTTGATGAGCGTGAAGCAGTTGGCAATCTCGGTAAATGCCAGTTGAGCAACCGCGATCTTCGCAACGTCAGGTTTGGAAATCAGGACTTGCGCGGCAGTGATTTCCGTGAGGCCAACCTGCAAGGAGCCCGGTTTGGTGGCGCTGATTGCCGTGACGTTGATTTTAGTGGGGCGAACCTCAGTGAGACCTGGCTGTCCGGCGCTAAGTTACTGCATGCCAATTTCAGTAATGCCCTGTGCCGCGATGCAACCATACGCGCCACCGACTGCCGCAACGCGATATTTGCCGGAACCGATCTTTCCAATGTTGATCTTTCGTTTACAGACCTGCGCGGCGTCGAC
CP036317.1_gap185	8162770	8166547	3777	GGTAAGATCCTGAAGTATGACCCCGATACGGGAAAGGAAATCGCAGACAGGCGACTGCAGGACATGGAGGGCTTCTGTGCCGTAGCCAGGTATTTTGAAGAGGCCGGGAACAATGGCCTGGAAGGGATCACCTGTGACCCGCTACGTTCTGAAATATTGCTGCTCAAGGAAGCCGATCCGGGGCTGCTGATCGCGGTGAGTGATGATCTACAGCGGATCGTGGCCGTCGATCACCTGGACGGGGGCAGGGGATTCGTTGAGGATGAATTGGAACCGCAGGCCATCGATTTTTCTGGCCTCTGTTACGACCGCGTGCGTGATCTCTTCTGGATGGTCAGCGATCAGGCCAGCCGGGTGTTTACATACGATCGACGCAGGGGAAAAGCGATCCAGCATTTCTCATTCGGCGCTGCAGGCAAACCCATTCGCAAGGCCGAGGGGGTGACCCTGGATCGGGAGGCGCAGTATCTGTATGTCGTCAGTGATGCAGATGCAGAATTAAATCGCTTTCGGATCGTCGATTGAAGCCGGCAGAAATTAAAGAGAGCCCCCACTACGATACCGACGAATCACTCAACCAGCGTCAACCCCAGCACCAACAAACCCAGGATCAGCAGGGCGAACAGGATCTGACCCAGGCGTTCTAAACGCGAAAAATTGCTTCTCGGCTTCTCATACACCGCTTTTTCCAGCATGACTTTGATCCGATCCAGGATAAATGACGTTGTCTCTCTCCAGGCAAGTCTATTCAAACTACCAGAATCCCGGGGCGCTGCAACAGATTTCAGCGATCAGACATGAAGCCGAATCCGATCAGATTGATTCTCTTGTATTTCGCAGGTTTTTTTGTCGGTGCCTGCCTGATCAGCGTCTGTTGCCTCGCATTCATCTCTGATCCAGAGACACGCACACTTTATCTCACCACGTTATGGAGAGGAGTGGGGTACTGGTGTCTGGGGTCTTTAGTCATATTCATGGTTACCTTCATGCTGATTCAGAGCATGGTATGGATTTGCCTCAGACTTTTATCAGCATGGGATTCCTGGCAGCTGAATTTACCTTCCGGACCACTGATAGAAATTCCCGGCCCACCGACGCGAGAAGAGGTTCTGCTCAGTATCAGTATGACCCACGATATCATTGCCAATGACAATCTTTCAGAGGAAGCACAGAAGTACCTGTGCGAAACCCTCATTTCAAACAACGCCCATCCGGAGTTGTTTCAAGCGGAACTGACGGCGGAAGAGATCTATGACATACTGTTTGTGAAGGGAAAGGAGCAGGGTGAGATCGTTGTTGAGCCTGAGGAATAACAATCGCAGACTCCTGGTTCCATTCGAATCCTGAATCAGAAAAACATATCCCAGCATTCCTTCACGGCAGGATCGCAAACACGCGGGCCGGGAAGCCGGAACCCCCTTTGGGTTTGGGGAAGGTCACCACCGCCAGGGCACCTGCTTCAGGCACCTGATCCAGGTTCGTTAACAGTTCGATCTGATAATGGTTCTGACTCAGGATGTAGTTCTCCAGGGAATAACTGTCTTCAGTAGTCGCGACGCCGGGATCGGTATCGGTGGTTTCATGGCCCGAGGCGGTGATGCCGCGTTCTTCGTAGAGGTACTTCAAGACTTCGAGACTCCACCCCGGATAGTGGGCGACGCCGGCTTTGTCTTTGTTGTGCATGGCACTCTGATCGGGCCAGCGTTTCGACCAGTCGGTTCGCATCACGGCAAATGCGCCTTTGGGAACCGGGCCATGTTTTGCCTCCCACTGGCGGACATCGTCCAGCGTAATCGTGTAATCGGGATTCTGTTCCACGGCTGTCTGGACATCGAAGACAACCAGCGGCAGAATCATTTCTTTGACCTCGATCTGATCCAGCGTGCGGCCCCCTTTGACAAAGTGCGCGGGGGGATCGGCGTGAGTGCCCCACTGGCCGACGTGACAATACAGCTGCGCGAAAAAACCGGTTCCCAGTGTGCCGGGCCGTTTGTCGTACCAGTAGATGGTCTTGACCGTTTCATCGGGAAAGCCGGGCCAGTGCGGAATCCCCGGCTCGAAAGCATGCGTCAGATCGACAAACTTCTTGTGCTGGAGAATCTCATACACCTGTGCCAGGTCGGTTTCCGTACCCGTTTGCGGAGATGCCTCTTCCGCCATGACGATTGAGTCAGGAGCAGGGGATTCCTGCTCGCAGCCGCTGAGCCCCGGAAGCATCAGCAGGTAGAGAGATGCTACAGCAGCGATACGTGGACGGCAGGTGGTGTGTATGTAAGTCATCTCGGGTCCTGGATGATTAAGAGGAATTGCAGCCGGCTGAAAATAAATTTGCTCTCCGTTGATTTTCCTGTAATGATGCGCTCTCTACAAGCATTTTTTTGCTCCCCGATTCCGCAGAGGGCTCCCTGATGACGAACTCACCACTTCGCAAGAAATTCGGTTACACAGGGCTGATTCTCCTGGTACCGGTTCTGGTTGTGGCAGTTGATCTGTTCGTGCGCCATTGTCAGACTCGCCGTGAGCTATCTAACGGCCCGATCCCGCTCAAGTACAATCTGAAAGGACTGACACTGGCGCTCCATGAATTTCAAGAGCAACATGGTTCACATCCAGGCAACATCAGGGACGCATCGACGGGCCAGAACCTGCTCAGTTGGCGTGTGCGTCTGGCTGAAGAATGGAACCAGACGCTGCCTGATTTTCAGAATTCTGAAGCGTGGGATGCCCCCGGCAACGGCGAGCTGACGGGCTATCTTCCCAGCATGTATCGACATGCGGGCAATAGCACGCCGGTCACTCTGAGTAACCAGCGTGAGGCAGGCCTGACGAGTGCCCTGGGGGTGAAAAATCCCAGCGGCAACTGGAACGGCACCGACCCGGACAGCGAGCCGGTCCTTTATATTAACGGCAAACCGGTCCTTTGCGTCGGCGTCGCTGCAGCGGAACGAGTCCCCTGGACCAAACCGGTTGATTATTCGATCTCCGAGGTAATCGACCAACTGCAGCAGGACCAGGGTAGTACCTCACCCATAATCCTGTACGCCCTCTTCGCAGACGGCTACGTCATCGAGCCCCCGTTCACCTGGAAGCTGAGCGAGCCTGAGTGATCGATGGCACCGGGTGCACCCGATTCACTTCACCCCTTCAAGGGTCGGATTCTGTCCCACAAGCGTATCAGCAAAACGAAGGGGCCGGTCAAAAGCAGGGAGCACAACATCAACAGCAGCAGGATCGGCATGAGCAGGAGACTCAGGGCAATACTGAAACATTCTGTCAGCATTCCCGGTGGCTGATACACGGCCGTGTCATCCAGTTCGCTCTCGAACTGAATCGCCTCCTCGTACACATGGACGACGAACTCGATATACTCCTGCAGGCTGTCGTCATAGGGCAGAGGCTTGCCCTCGGCGTCTTCAGGATATTCGCCCCAATGCGGACCGCTCATATAGACCACACCGTCTGCGGACTGGGTATCGATCGCGTAATAGTCGCCGTTCCCATTTTCGCCGATGACAAAACAATGGGGCGGAAAGATGCTGCGCAGGTATTCGGGATCCTCCCCATTCACCCGGGCCAGCGAATCCCGGGAATGATAGAGCAGTTCCAACTCCTCGATACCCAGCGTGGTCGCCAGATCGGTCAACCGCAGCGGATAGTCGAGCAGCAGCTCCCGATAGACGACAGGCAGCTGACAACCGGTCTTGGTTTCCAGTTCCTGGATTTCGGTTTCGGTCATGTTGTGACCTCATTGATGGCTCAGCTTCAGAATCTCTGCTT
CP036317.1_gap186	8259809	8260309	500	AGAACTTTTTCAATATCGTGATTGCCGCTGACTTCCCCGAAGAGCGCGACCCGACCCTGATCCATGAACATATTGAAGGGATCTGTAACGCATTCAATGTGGATGTCTCCATCAAGGACCCGGATGTGGATGTGCCATCCATGCTGCCTCCGGAAGATTGTATCAAGTATCTGCTGGCTATCGCGGGCACAAACCACCCCGGAATATTAAGGCGGATCTCATCGCAGCTGGGACAGGACGGCGTGGATATCATGGACCTGTCTGCCACAAGCTCTTCAGACGGGCAGTCCTTTGAAATGATGATCAAGGTGGCCGTACCGAAAACGCTCGACATTCTGGAACTGCAGACCATGATGGAAACGATCTGCAGCGACCTGGATGTTTCTGTCGATTTCATCAGTGAATCTGACTCGGCCATTATCAGCTCACAAAGCCAGACCCGCATGTTTAAGCTGTAATTCTTCTGTCGAAAGCGATTTCTCCGCAGACGAAGCCTCAGG
