gap_id	start	end	length	sequence
CP035758.1_gap1	15438	17229	1791	AGGAGAAAGTGCTTCGCCATTGGGATCAGGCACAAACGCCCTATCAGCGCTTGAGGGCCACAGCTACGCTCGATCACGAACAACTGCCTTGTTTGCAAGCACTCTCTGAGCGAACGAATCCTCTGACCCTGCGCAAGGAGATGTATCGGCTGCTGACCTACCTATGGGAGCTTCCTCAGGCTGCGACCAGGATCGCTTAAATTGTTCTGCTTGTTTTTGAGAAAGAAAGCTGTCGGTCTTGGTACCATTCTCATTTGAGGAAGCTGTTCTCTCTCGGTAACATTTTTATTTGACTTGACACGACCTCCAGCCTGCAGATGCCACCTGCAAGCTGTCCAGGATCTAATCAATTTTTACTTCGTGCCATAACCCAATAAGGCTTGACCGGGTAGCTCTACACCATCCGATACCTCAAATTGCCGCAGGGCTTGCTTAATATCAGCTTCTAGCTGCACTCGATCAGTCTCGTTCATCTGTTGTAAGACAGTGGCAACAACACCCTTATACGAGGCATACACTTCATCTACAGAGGCAAAGCAATTAAGCAAAGGAATAGTTTGCGCTCCAACATCCCGGAAGCCTGCTGCTCTGAGAACGCCTTCAAATTTGCCAGGTGCGGCGAGGGAAAAGGGGCCGGACTCGCCAGCCCAGGGCAATACCGACATATCTACATACTTTTTCAGGATAACAAAGGGTATACCAAAGATCGGATTGCTTTCTGGCGTTGACCAGACAATAGCCGCAAGGTGCCCGGCTGGTTTGAGTACGCGGTATATCTCCGACAACGCTTGCGATAGATGGGGTATAAGCATAAGGCCATAGCGACAAATCACGGCATCAAACACACTATCGTCCAGTTCAAGCCGCTCAGCATTCATAACCCGTGTCGTCAAATTTGTTACACCCTCTTCTCGCGCTATTTCTGCCGCTACTTTAAGCATCTCGTTGGCGAGGTCGATTGCCTGCACTGTCCTGGCCCAACCAGGCGAGCAGCCTGCAAGGCCTGGTCGCCAACGCCCGCCGCAACATCCAGCACGTGACTCCCAGGGCCAATATGCGCTGCCTCTAACATGCGTTGCGTTGCAACTCCCAGCACCTGTTGTCGACGCTCACGCTCCCCACGCCATCTTTTAACCGTCTCAGGCTTGTTCCAATCAAAAGCATTAGAAGGAACGTCATTTTGCTCTGCTGACATGTTGTCTTCTCCTCATTATCTTAACACGTAAGCTACATCTTCTCGGGCTCAAAAGTGGTTCCGCGAGATTAAAGCGTGAAAATCGCCTTCACTAGTGCATTCCCACGAAAGGTAAGTGATAATGTGGTACAATAAAAGGCATGAAAGCCCCCATTTCATCCGACCTTTAACAGAAGACGAACGCCGCCAAGTGCAAGCGGGATTACGCTCGTCCGATGCATTTGTGCTCCGTCGCTGCCAAATACTGCTGGCCTCCGCTCGCAGCGAACGAGCTGGAACTATCGCCCAACAGTTGGGATGCCACAAACAGACGGTGCTCACGGTTCTCCACTGCTTCAATGCCAGCGGGCTTGCCGTGCTCGAAGAAGGTTCCTCGCGTCCCCATCGCTTGCGCACGACTTTTTCCCAGGAAGCGTTAGAAGGACTGCAAGACCTGCTGCACCGCAGCCCCAGCGACTTCGACAAACCGACGAGCCTGTGGACGCTCGAATTGGCGGCACAGGTCAGTTTCGAGCAAGGCTTCACGCCCAGGCTGATCTCCGACGAGAGCGTACGCCGCGCTCTCAAGCGGCTGAGGACCAATTGGAAACGGGCCA
CP035758.1_gap2	28105	29213	1108	CTGGCCGGCGCTGCCATGCTCCAGCATCCTCCAGATCGCTTTATCGGCTTTGTGCTTGATATTAGCTCCCAAAAGACCTTAGAGCGTCAAAAGGATGTCTTCATTAGTATGGCCGGGCACGAGCTTCGCACTCCTCTCACAGCAATAAAAACTAGCTTACAACTCATGAATCGCCGCCTCTTGCGTATAAAAGAGGAACTTCTCAAGAGCACGCCTACCACAAGCAATACTCTGGAGGCAGTTTTTACCCTGCTGGCACGTTCTCTACGCCAGATTGAGGTACAAAATCGCCTGATTAATGATCTCGTTGATGTCTCTCGTATCGCGGCCGATAAACTTGTCCTTACTCCCAAGCTATGCAATCTCTCGGAAATTGTTTCCACGGCCATCGAAGATCTTCAGGCTACTGATCCTGACCGCAAATTTATTCTTTCGCTTCCACAGGATCAAGCTATTCTGGTTGTAGCCGATGCCGATCGTATTGGACAGGTTGTGAACAATTATGTCACAAATGCTCTTAAGTACTCTCCAGACGATCGACCAATTACCGTTGGCTTACAGGCAGAAGGGGCAGATGCGCGTGTCTGGGTTAAAGATGCCGGGCCTGGTCTCTCTAAGGAGGCCCAGAAACACATCTGGGAGCGCTTTTATCAGGTGAAAGGGGTGCATACTCAGAATGGCGGAGGCATCGGTCTGGGACTAGGACTCTACATTTGTAAGACCCTTATTATGCTACAGCATGGCACTGTAGGCGTCGATAGTACACCAGGCGAGGGCTCTTCCTTCTGGTTTACCCTGCCTCTAGCTAAGGTAGAATAAATTATTCTAAGCAATTACATATTTCTGCAGGCAAGCATATATTAAATTTGAACGCTTGCCTGCCTGGCAAAGTCCGAGCCTGCGTTCCCTCCCCTATCGATCCTCTATTTGCTCTTCAGGCTGAGGCTTGATTGGACGCTTAAAATAGTGGAAAGGTGTCCAGTTTCCGCAAGGTTCCCAGTTCTCGGCAATCATTTCGGCAATGATCACATTGCGATTCAGCCCGATTCGGCGGGCATATTCCCATTGCTGAATCTTCTTACGATCCCAGGGTCGCTGGCAGTATAAA
CP035758.1_gap3	44237	45543	1306	CATCCCAGCGCAGAGCAATCATGCGCTCTGCCAGCTCTTTTGCGCGCTGTGTCCAGTCTAGCGCCTCCTCTGGATAGCCGATCTCTTGCGCGATGCGGGCCAGATAGTCGTACTGCAGGCATAGATATGCGCTCAAGTCGGGCGTCTCAACTGGTAGCCCCTGATCCCACAGTGGATTATTATCAAGGCCGGAAGACCAAGGGTGTAAGTAGGCGCATAGCCCGGTTACATCAGGATCGCTCTCGCTAAACCACCAGTTCTGAAAACGCACAATCGGCTCATAGAGCTCCTTGAGAAACTCGCGGTCGCCATCGATTTCATAGACCTTCCAGGCCGCCCAGGCGGTCAGCGGAGGCTTGGTGATATCTGCTTCGACGATCTCGGTCGTGTGGGCAAGAATCCCTTCATCATGCACGATGTCGGGAATCAAGCCGTTCGGCAGCTGATAATCAAGCATTATGCGAAACTGCTCCTGAGCCATCTGCGTATCGCGATGACGCAAGGCCAGAGCATGAAAATAGGAATCCCAATGCCAGATCCCTACATAGCCCTGTTTGGAAGGAACCATGCCCTCGCGCTTTGGATGGGCATAAGGGTAGATCAGGTTGGCTCCCATGACCCACCAGGCGTAGTAATACTGGCGACGATAGTGCTCAGCAACTTCTGGCACAGTGGCAAACCAGTCGTGCCAGCGCTGTGCTGCGGCCTCAATAGCTTGTTCAGCTTTGACGATACGCCGATTAAAGTCAGCCGTACGCGTAATATTGAGCAGGAGAACCGCGCCTTCCTCCGCCTCAAAGATGAGCTCAATCTCGCGCTGCTCATTGTCCAGCTCTACAATACAATTCTGTATTAGCGTGGTGTTGGTCGTATACACCAGGTGCAAGGGCGAGTAGCTGGAACGGCCCAGTACGCCACCGAGCCTATCGGTTTGCCCCTTCTCCATACGCGTAAGCAGCTTGATACCACTGCGCCCGGCAGGTAGGGCCACTAGTAGCGTCTCGGCATCTACAAAGGTGATGCGAAACGTGCCGCAAGGCGTTTGGTTGCGAATCTCGTGCGGATAAGTTGTGTATTCACAGCGACAAGCCTGTCCTTCTCCATCGGTAAAGGACCAGCGCGTAATCGCCGGATACTGCTCGGGATCGATCTCATACTCAGCCAGTCCTACCCACAGGCTTTGCTCGTCGCTACGAAAGAGTATGAGCCGTGAATCGCGATCCGTAAAAGGGATCTGTGTGAGCGTGATGCGATCCTTCAAGAGCTGAAGATATGGAGATGCGATAGCCATTGCTTATCTAATTTC
CP035758.1_gap4	156984	160676	3692	CAATTCGCGGTCCCTGGGCGCTACCAACTACATAACTACCAGGGGCAGTCCCAGGAAATAGAGCTCCTTCTAGCATATATATTCCCTTCTCTATTCTTACTATATCTTCTCGTAGAGTGGCTTTCCTCTCTTCATCGCCTGACATCAGAAAACCTTAACGCTTTGATGCCCATAACAATGCGCTCTGACATTTGTTCTTCTCATCCTAACACGTCCATACTTCACAGTAGGTTACGCTGATTGCAAGTTTGTGGAAGCCAGCTTGACGTTAAATTGTATCCAATATAAAATATTGCCAGGCTCAAGAAAATAGTTGTCTTCTGAGTAAAGTGATATAGCTACACATTTCTCCATTTCTCCCAGGACATATCGCGTAACGTATGTTCCTTACAGTTCTAGAGGAGGCATTTCATGTTTGAGGCGCGGAGAAAAGCGTTTATGGAACGGATGGGAGGCAAAGGTATTGCCATCTTTCTCAGTTGTCCGGAGTATCAACGCAGCGCGGATTCTCTGGAATTCACCTATCGCCAGGATAGTAACTTCTACTATCTCACAGGGCTTGATGAACCTGATTCCATCTGCGTACTGGCTCCCGAACAGCCCGAGCACAAGTTCATCCTTTTTGTGCGCCCACGCGATCCTAAGCAGGAGAGTTGGACAGGCAAGCGTATCGGAACAGAAGGGGCAATAAAAGAGTATGGAGCCGATGCGGCTTACTCGCTCAAAGAGTTAGACGAAAAGCTGCAAGAGTATCTGAAAGGCTGTCAGACCCTCTACTATAGCAGCGGCAGCTCTACGCATTTCGACAGCGAGCTCACGCGTCTCCTCACCACGCATAGACATGTCTTCCAGCCACGAGCCATCTATGATGCCATGTTTCCCCTCAGCGAGATGCGCGTCAATAAATCGCCAGCCGAGTTAGACGTGATTCGTCAGGCCGCCAGCATCAGTGCCGAGGCTTATCGCGAAGTGCTCAAAGTGCTCAAGCCAGATATGTACGAATATGAAGTGCAGGCAACCCTCGAATATGTATTTCGCAAGCATGGCTCCGCGCGCAACGGCTATGCATCCATTGTGGGCTCTAGCGGCAATGCCACTATCATGCACTACGATAAGAATGATCGCCGCATGGCCGCTGGGGATCTTGTACTTATCGATGCGGCCTGCGAATATCAGCATTATAGCGCAGATATAACCCGTACTTACCCGGTCAATGGCAGCTTTAGCAAGGTGCAACGCGCCCTCTACGAAGTTGTCCTACATGCGCTGGAGCATGCAATCGCCTCAGTTAAGCCCGGTATTACGCTTAATGATCTCCACAATCAGACACTCCAGGATCTTGTGAGTGGCATGGTCGAACTGGGCATCCTGAAGGGAGAAGTAGCAAAGCTGATCGAAGACAAAGCTTACATGCCCTTCTATGGCTATTTCACCTGCCATTGGCTCGGCCTCGATGTGCATGACAAAGGCCCTTACAAGTCTCGTGGTCTCTGGGATGAAGACATACTTCTTGCTCCAGGCATGGTCTTCACTATTGAGCCTGGGCTCTACATTCCTGCAGGCACAGAAGGTGTTGATCCCATCTACTGGAACATTGGTATTCGTATCGAAGATAATGTGATCGTGACCGCCGCTGGCTGCGAGAATATCACTGCCGATGCCCCAAAATCAATCGCAGATATCGAGGCCTCCATGAGCCGCTAGGAGCTGGCTAGCTCTCATGCTCTCTATAATAAGGAGGAGGAGAGAGCTAGCCGCAACCAGGCTTTTTCCTGTATGACAGGTCCTCCCTGACGCAACTATCTCTCTGCGTCTCGCGCTAAAGAGCCAGAGGCGAGAAAGCTTAAGCGGCCCAGGCGCGGGGACAACCATTGATCAAGACCATAGTAGCGTCCTGCGGAGATGGCGAACAAGATCGCAAACAGGATCGCATAGGGCAAAGCAGTTCCTACATCTGTGCTGGAGCCTGGCTGATAGGGTCCGCCAAAGCCTTCGGCGGTTGACCAGATTACCAGGGATAACAGCAGACCTATAACATACATCATGTTGCTGAAGACGCCAAGGATTAAAAAAACTGCTAATGCCGTTTCTGTTGTGGCCTCAATACGTGCAAAGAGCAGCGGATTTACACTGACCAGGGATACCCAGAAAGCGATCCAGCTTGCTATAGGTCCTGGCTGGCCTTGCCTGGCCGCCGAGACCTGATCTATAAAATGGGTTTGGAAGCCTGGCTGCCATTTTAACCAGGCTGCGACACCCCAGAGCAGACCAAAGAGAAGGCGTAATGCCGCTATCCCTTTGTATCTCCAGGTAATTGCTGAAAAACTACGAGACGCAAACATACTTAAAGGTAAAGGCGAGCTTGTTGAATTTGTGCGCATAAAGCTTCTCCTGTGCATCAGTGCGATCAATGACGGATCTGTCGGTAACTTACCTTCCGCCAACGATAGGCCTGATAGCAGGTCTCGATAATTGATTGGATGAGCAATTGCCTGGCACTGGAGCTCTAATCGTCAGGCATTTTCATGAATACATTCTCTATAGAGATATATGCGGCCAAAGCTGGTGCTTTGGATCTTTTACGCCACTCAAGATACCTCAGGTCCGCATACATAGTCTGATACGCGCAAGGTTACAGCTCATAAATAAGCAAGCTAGCCCTCGGCTATTTCTCAATAGCTGGAGGACTAGCCGCGACCAGGCTTTTCCTGTTCTAAATATTTAAAAAGTTTGGCGAACTCCTCTGCAAAAACTGTTCTCAGCCCTTCAAACCTGTCATCACGATGCCTTGCGTAAAGTAGCGTTGCAAAAGCAAGAAAACCGCGATAACCGGAATGACCACGATCACGGCTCCAGCCATGAGCAAGCCTGTATCACTGGTATGCTGGCCAACGGCGAAGGTAGCCAGGGCTACTGGTAAGTTATACTTCTGATCGCTTGTCAGCACGATCAAAGGCCAGAGGAAGTCATTCCAGGAGCTAAGAAAGGTAAGGATCGCCAGCGTGGCCAGGGCCGGCCCGCTCAAAGGCAATACCAATCGGCTATAAATGAAAAGCTCGCTTGCCCCATCCACACGCCCGGCATCGAGTAATTCATCTGGAATGTCCATCATGAATTGGCGCATCAAAAAGACTCCCATGGATGCCGCCGCCTCGGGCAAGATGACTGCACTTAGCGAATTGACCAGGTGCAACTTGCTCATCAGCACAAAGAGCGGAACAAGTGTCACAGCCCCGGGAACCATCAGCGTTCCCAGCACCAACAAGAAAAGGATGTGCTTGCCTCTGAATTTCAGCTTTGCCAATGCATAGCCAAGCATAGAGCAGAAAAGCAAGTTCAGCACCGTCACAGCTAGCGTGATAAGTACAGAATTCACCACGTAAGTAGGAAAGTTGAGCAATGAGAAGAGCTTTACGTAATTATCCCAGGTTGGAGCTTGGGGAAACCACGTTGGAGGAATACGTGTTAACTCTGCTTCGGTCTTCACGGAGCCAAATAGCATCCAGATAAACGGGGCTCCTACCAGGATGAGCCCCAATGAGAGGAGGGCATACACCCACAAGTTTTGCTTCTTTGTATGCCCGGCTCGCGCGACTTTCCCTCTGGGGGTCTCGGCATCCCGAGACTGCTTGCGGTCCTGCGCATGAGCAGATAACATTTAGAGCACTCCTTTCTCAAGTCTGTGGACGCAA
CP035758.1_gap5	225553	228724	3171	AGGCTCTACCAGGTAATGCTTGGGAAACGCGGGAGTTCCTGGTTTACTGCCCAAGTGCGCGACTCCTTTGCAGAGGCCATCCGAAGCCGCGCCAAGATACTCGCGAAACTGGGATTGAGCGTGAGAGCAACCGATGACCCGAACGTCGCTCCATTGGAGTTCGTGATCCTGTGCCTGGCGAACTGGTTTGTGGGAGTGCTGAGCTGGTGGATAGAGAATGGGATGCTCTCCTCTCCTCAGCAGATGGCGAGATGGAGCGCACGCACCGCCTACGCAATCGCTGGAGCCGTTACACCGACCACTCCGAATGAGCAATGATCTTTTTGGCTTCCCTTCCCCAAATGCATGGCTCAAAAGACGTTATTTGCCATCTGTAAACGTCTACCTTCTCTTGTATCAAAAGCCGAGAGAAGATCGCAGCGATGAAGAAGTGTCCCATTTTAGATGTGTAGTGCTAGGAATGGTCTAAGACCTTGACGACGGGATATCCCAACCGCTGAGGGTCAGGTGTGGGGGGTTGTCACTGAGGAGCAGCGTGAAGCAACATCCTTCCAGGGAGGGGGAACTACCTCTCTCAGAGCATGATGATGCGCACCAGCGGCGAGAGCTGCGCACACAGGGAAACGGGAAGGGAGCTTGGTTTTTGAACTGCTTGCGACCTTTTGGGAGGCTCGGGAACGCGCCAGCGAGGGTGGGGCCAAGCGCCACCCCTGCTCGAAGTGCCGCAGGGCCTGGCAGCAACGCTGACAGCGACCACCAAAGATCAACTGATCTCCCAGGAGATATCAAGAACCAACTTCGCCATGGGGTGTGCTTCCAGAGACATGCAGAGGTGCAGTGTAGCGTCAAATTAATAATTCATCAATGTTAGGCTATATTTCATGTAACTAAGCCAGCTTCAGAAACGTGATAGGGTCGTGCTGCCATAACTTCTTCGTAAGACAAAGAAGGAGCTTACAGCTAATCTTTCATAATTCTGTTGAGAAGACAGCTTAACTAGAAGGAGACTCTTGCGTGTCTGATCAATCCCAGCTCAACGAGAACAGTAAAAAGCAGAGCCTGGATACTGTACGGGAAAATGCCGAGAAGCAGTATCTCACGACAAACCAGGGAGTCCGCATTCCTCATACAGACGACTCACTCAAAGCAGGTGAGCGCGGCCCTACTTTGCTCGAAGACTTCCATTTACGTGAGAAGATCATGCATTTCGACCACGAGCGCATACCCGAGCGCGTAGTACACGCTCGTGGGGCCGGGGCGTACGGCTATTTTCAGGTCTATGAATCTATGGCAGAGTATACACGGGCCAGCTTCTTACAAAATCCGGCCGAGAAAACGCCAGTATTCGTGCGCTTCTCTACAGTTGTAGGCTCGCGCGGCTCAGCTGATACGGTGCGCGACGTACGCGGCTTTGCGACAAAGTTTTACACATCTGATGGCGTCTTTGACCTGGTAGGTAACAATTTCCCAATCTTCTTCATTCAGGATGCAATTAAGTTTCCAGATCTGGTCCATGCAGTTAAGCCAGAGCCTGACAATGAGATGCCTCAGGCAGCCACAGCCCATGATACGGCCTGGGATTTCTTCTCCCTACTTCCCGAAGCAACCCATATGACAATGTGGCTTCTTTCTGATCGTGCACTTCCGCGTAGCTTCCGCATGATGGAAGGCTTTGGTGTCCATACCTTTCGCTTTATCAACGCGCAAGGGCGCGCACGCTTCGTCAAGTTCCATTGGAAGCCAGCTCTTGGCGCCCACTCAATGACCTGGGACGAAACCCAAAAGATGGCCGGACAAGATCCCGATTGGTTGCGGCGTGATCTTTGGGAGGCCATCGAGATGGGAGATTACCCGGAATACGAGCTTGGTGTGCAGCTCTTTGAGGAAAGTGATGAGTTCGCCTTCCCATTTGATATATTGGACGCCACCAAGATCATACCCGAAGAGCTAGTCCCCGTAAGACGTATTGGAAAGCTTACCCTGAATCGCAATCCTGACAACTTTTTTGCCGAGACTGAACAGGTAGCCTTTCATCCGGGTCACGTTGTCTCGGGCATCGATTTCACAAATGATCCGCTCTTACAGGGTCGTCTCTTCTCCTACCTCGATACGCAACTTATTCGCCTGGGTGGCCCTAACTTTGCTGAAATCCCAGTGAATCGCCCTCTGGCTCCAGTCCACAACAATCAGCGCGATGGTTATATGCGTCAGACGATTAATACCGAGAAAGCCAGTTACTTCCCTAACTCCCTAAGTCAGGGTTGTCCAATGCTCGCCCCCGAGTCGGCTCATGGCTACGTCCATTACAGCGAGAAGATTAACGCCCCTACGGTACGTACACGCAGTGATAGCTTCAAGGACTACTTCAGCCAGGCTACACTTTTCTGGAAGAGCCTTTCGCCGGCCGAACAAGATCATCTGGTTGCAGCAGCCCATTTCGAGCTAGGTAAGGTTGAATCCAGGGCGATTCGTGAACGTATGGTGGGATTGTACGCTCATGTTGATCACGATCTAGCCAGGCGTATCGCCGAGGGCATAGGCGTCAACATCCCACAGGATAATCCGCGACCTGGCGTGCTCCCTCCGCAGGGCCGTCGCTCAGTTGAGCGCTCAGCCGCGCTCAGCCTGGAGAACTCGGCAAAAAATTCAATCAAGAGCAGGCGCATAGCTATTCTGGCAGCCGATGGAGTTGATGAGGGTACAATACAGAACATAAAGAAGGCGCTGGAGGAACGAGGGGCGCATACGACATTGATAGCACCCAGGCTGGGCACAATCAAAGGAAAATCTGGCCAGGAACTAGCTGTTGATCAAAGCTCTCCAACCACAAGCTCTATTATGTATGATGCAGTCTTTATCCCCAACGGCCAGCAGGGTATAGATCAGCTGCTCAAGCAAGGGTCTGCCCGCCATTTTGTGGCCGAAGCCTACAAGCATGGCAAGGCAATTGCAGCCATTGGCGAAGGGATCGAGCTGCTCAAACAAGTGGATATTCCTAACCTCTCATTGAGCGGGACAAGCTCAAATGGAACATTGGTCAATGCTGCGGGCGTCATTACAGCGCAGAAGACGTCAGATTTCCAGGCCCTGGCAGAACAGTTTGCCCAGGCTATCGCTCAGCATCGCCACTGGACCCGTCAAGAAGAGTTAGTGCCAGCATAAGCACTGACA
CP035758.1_gap6	230905	234196	3291	ATAGGGAATGATATATGGCTTCTTGCCCTGTTGCCGTAGCTTGTCCGCAAGCTGTTGCATGAAAACAACGCGATCCTCTTTAACCGAGCAGGGATAAGCTTTCATTCTAAAGAGAGCATCCAGGAGCATATTGCCGCTTTCTTGATAATCTGGATCGACATTGGGAACCCGGTCAGTAATCACGGCGGCATGAAAATCGAGGCCGAGCCTGGCGGTAGCAGCTGCAATCTGACGCAGGCTGTTCGATTGCACTACTCCTGCTGAGACAATAGTATCCGCCCCTTGCCCGAGCGCTTCGGCCAGAACAAACTCCAGCTTGCGTACTTTGTTGCCTCCCAGGCCCAAACCTGTTAAGTCATCTCGCTTCACGTAAATGCGCGGCCCATCAAGATAAGCTGAGAGGCGAGGACAATACTGCAATGGGGTCGGTAGCTCGGCAAGATTGATACGTGGCGTTGCCAGGAGAGTATCGCGCATAGGTCATCCTTTCGAAAGAAGTGGCCTAAAGAAGAAAATAGTAGGTGGAAGCAGATAGATTAGCTTCGCGAAGCTAACCTCTGCCTCGAACATTGCGGATAGTTCCCTTACTGTTAAGGCTAAGAATACTGCCTATGCTTCCTACACTGAGAATGCTGCCAGCACTCCCTATACTCAGGATACTTCCTACGCTTCCTATACTCAGGATACTACCTGAACAGCCGATACTCAGGATACTACCAAGGCTGCCAACGCTTCCCACACTTAACAGGCTTCCTACACTCCCTATGCTTCCTATACTCAGGATACTACCAAGGCTGCCAACGCTCAGCAGATTATTGCGGCTACAACTGCGCAGGTAGCTTTTCTTCTCCTCACCACTTTCATGCGTGGCCAGCGGTAAACACCAGATAAGCGTTGTCACTGACAGTCTTTGCTTTGTTGTGCTCATTGCTTGCCGATCCTCCCCTTAAAATTATTCTCCAAGCAAGATTATAGCATTTCAAAGCTTCCCAATACTGCCATATGTATTGGTTGCCAGATAAGTTCGCCGAAACGGGGAGATATGAGTCATGAGTGGAAATTGGCAAATTATAAGTCGACCCCTTTTACGCCCATGTCCTCGATTGGTCCAGCCACGGTCCACATGAAACTGCGGCAACTCAGCCGCGATCTTGGGCCAGCCCGATGAGAAGCCCTTCAGGTCCGCGGATGTAGCAGAGCCGAGATGCGTCTTGGTACTCGACAACTTCGCTGCTGACAAGCTCTGCGCCGTGCTTGCGGAGCCGGACGAGCGTATCGTCGATGTCGTCCACGGCAAACATGACGCGTAGGTAGCCCAGAGCGTTCACTGGGGCGTTCCGGTGATCAGCGACCACCGGGGGCGTGATAAATCGCGAGAGTTCAAGCCGGCTGTGGCCGTCTGGCGTGCGCATCATGACGATCTCAACGCGCTGGTCGCCTAATCCAGTGACACGCCCCGCCCATTCGCCTTCTACCATGGTTCGCCCTTCGAGTTCGAGGCCAAGCTCAGCGAAAAAAGAGATAGCAGCATCGAGGGATTCCACCACGATACCGATGTTGTCCATTCGTTTAAGCGTCATGTGTCCATTCTATAATGTGTCGTCATTTCTGTCAACGAACGCACACCAGGACGCTCGTCGCTGCTCCAGCGTCACGCATCGCCGGCGATGATCACCCCGCGACCATCTCCCCCTTATGAAACCTCACCAATAATCTGGAATCTTGTTCACTCTCACTAATCGTGCTCCTGGTTAAAACGCAGATAGTCATTCGTGCAATCAGCACTCTGATTGCTTGTGCTGTTACCTGACGTATCCTACTTGGCCCTGTTTGAAGCAAAATGCTGCCCAGCGAAATCAAGAGGGCGATCAGCGAGAGTGAGTAAGACCCACATATGTATCCGAAAAATCAGCATTGACTCATCTATTCAGGCTCAAGGAACTGGCGAAATTTGATCAGAAGTGGCGAATTTATGGTTTTTCTGACAATATGCACACTATTCTTAAAATTTCCAGCGCTTCGTTACAACGTTTAGCCACGGTGTAGGCCTGCCTTAAGGCCCTACTTTAAAGCAGTTCCGCAGCCTCTTCACAAGGCAGATCCACACCTGGCAAAGTTTATATCACAAACGGTGCTACACAGCTACCACTTAGCGACAGGCTACCCGATAAGCATCCAGGACCATATGTTTATAGAGTGAATTGAAGTTCATCTTGTTAGCCTGGGGACAGAACAAGGAAGGAGTTTCATGATTCCCGTCATCTGAGTATTCTACCTCCATCACTGCCTTGCCAGCCCGGGTAAAATTTTGCAGCGAATGGCAAACTTCCAATGAATTATCTCCATCTGATTTAGCCTGCCCGAAGCACTGTTCATCCAGCTCCCAATCAAAGTAAGGCAAAAGATCTTTGATCTGTTCGGTATCATTCTTTAGGGCAACCGAGAGGCCGCGCTGATGCGCCTGGTTAGCAATCCAGGTGTTATACTTGAGCTGATCCCGACCCGTGAGCGGAAATCCAGACGTATTGGCATAGCCATCGACATTATCAGGCTCAACTCCATCAAAACCCTTAGCTTTGCACATGTCCAGGCGCGCCGCCATTATCGGTTCAAGGTCCGCCATATCGCGAATATCCAGCCAACGTTCATCGGGAAAACCATCAAGTACATTTCCCCGCACCTTAGATGGGAATTTGCTTGCATCCGGGCGAAATTTCTCCCAGGTCCCAACGCTAATATAGCAAATGACCTTACGACCAGCTGCATGCAGTGCTTTTACTAGGTCCGCGCTATTAGTGAAACCATCAATATCATACATAGCAACATTGATGGACTGATCAAGATTTCCTGTGAGTTGCCATTGCCAGCTTGTTTTGAGCTCTGGATGCCAGCATCCTGGACAATTGACAGGGGGCGGCAACGAAGCTGCCGTACCCACTTGGGGCGCTGCAGCATGGGCGGATGGGCCACATGCTGCTATAAACAGTGTTAGCAGCGTCAATATGGAGAGCCAAAAAGCTGGTTTTATCAACGCCACTACACGAACAGGCCTACGAGTAAACGACATACATATCCTCCTTGATTTAAACGACATACGTGTTCCTCCTTGATACAATTGCGCAGACACAATTGCGTATTTTCTCCCTATTAGCCAGACACCATGCAAGCCCCTTAACGCTCAAATTTCCTCCAGGGAGAAATATCTAAAATGTGCTAGCCTCCACTAGCCTGGATTACCGCATCACCATCTTGCACGGCCTTATTTGTAGCTTGTTGAACTGAGGCCTGACC
CP035758.1_gap7	385282	389746	4464	CCCGATACCCTGCCACAGGCGCGGGCAAGAAGAGCTGCACGGTTGGTGGATTGGGGATCGCGCTCAAACTACCATTTGTGCCATAGAATTCCATACGCCAGCCCTGTACCCAATCCGTAGCCTCCCAGGCCGTCACATCCAGCGTCACTAGCTTATCGGGATAAGAGAAGATGGCTGCGCCAACATCCTCATACATTAGCTCTCCTACGCGCAAGGTAGTAGGCAGGCCCGTTCCAGCAAAAAGATCGGGCTTGACGACATCCGAGACAACTGATGCGCCCGGCGGCAATTTTTGTACAGCGGCAAAAATCCGCCCAGGCATACCCAGCATATCGACCATCAATTCAAGAATATGGCAGGCCTCAGTATAGACAACTCCACCCAGATCGCCCGGCACACTCTGCCATAATTCTGCCCCGCAGCCAATCGGGCAACCAGCATGAAAGCGGGCCTGCGTTATCTGTCCCAGCGCACCCGCCTGCAATATCTCCCGGCACATGGCAACGCTCTCAGAATAATGGAGCTGGTAGCTCACCTCAACTTCAATGTCGTACTGGGCCAGCTGTTCTACCAGCGCATCCATGCTGGAACGATCGGGAGCGCCGGGCTTTTCAAGCAAAAGAGCCCGCGTATGCGGCGCCGCGAGCAGGGCTAGAGCTGGAACCTGGGTATCTAGAGCCTCAATAATAACCAGGTCCGGCTTTGTGCTCAGAAGTGCTTCTGCTGAGGCAAAGCGCTGCAATGTAGTCTGGGCGGCAAAGCGCTCAGCGATCTCGCCATCTTCTTCGTAGAAGCCCACAATCTTGAGCTCCGCATCTCGCTGGGCAAGCTCAACGCGCACAAAGACATGGGGATGACGAATTCCTAGAAACGCTACCTTGATTTTATGATTGGCATCAGTCGGATTGGACAAAGCGGAAATACCTCCTGAGATTGTCAACAAAGAGCATCGGGGCGCAATCATGCAGCGAAGTGCGCTTGCTCAGCTCCCTAGGAGCACATTGATATTGCCCAAGCTGTGGATAGATAAGCGCCCACAGCTAAAATAAATAGTTCCCTCGCGCACACCTCTCACAGTTCCACCTTCATATTACCTGCCCACACAGCCAGACGTAAAGGGAAATTTGTTAGGAATTATTGACGATAGTAGTAAAATGATTGCGTACCTCTAGATTTTATTTTAGCCTCCCAAGGAGTTACATATGACACCTGACATGTCAGTTCGCGCCACAAATACCGGAGAGAGCAGCTTCACTATCGAAACCGGCAGCGGTCATAGTATCACGCTGAGTGGAATGCCCGAGAACCAGGGACCACGCCCTATGGAGATGCTTCTGGTTGGGCTTGCCGGTTGCGCCGGAGTGGGCATTCTTTCCATATTGCGCAAAATGCGCCAGAACGTGACCAATTACGAGGTCCGCGTGCGTGGCGAGCGCGCAGACACAGACCCCAAGGTCTTCACCACTATTTATGTCGAGCATATCTTCACAGGCTCGAATCTGCAAGCAGAGAGTATTCAGCGCGCCATTGATCTCGACACAACCGACTATTGCGGAGCAAACGTTATGCTCAGCACAAGTGCCACAATCAAACACAGCTTCCAGATTAAAGAAGCCTCTGCCTAGCCAGTGCTCATATTTTTCGCACCCCAGCCATGCCCGGAGCATTTTATGTATGGGCAAGCCACAAATCCTCTTTCAAGCATATATAAGCGCTGAGCAGACAGCGCTAAGAGCATTGCCCAAACCAACCGGGCTCTAGCCTGCACAAGAAGAGGGATCGAGTATGCTCGATCCCAGCATAAATCCATCTCTACCAGAGCGCACAAGCATCTTGAGCCCAGCGCAAGCGCGCCCGAGGGACCAGGCCATAGTTATACAATGCCATTCCATTTGCTCCAGCCTGGCGTGCCGCCAACACGCGCTCTTTGAGGGCAGCGGGTCCCGTGATTTCTGGGTAGTAGAGGCGGAAGCCGGCGACAATTTCCGTCTCGCTAAGATGGCGACGGACTTCAGAGATAGCTGCATCTACCTCCGAAGCCTCAAGCCCATAGCAGCAGACAACAATACCATCGCAGTTCTCTCCCAGGCTCGCAAAGTCAACGCCAAACATCCAGTCAGAGTGCGGCCCCATCAAATCAAGGAAAAAGAGCTTCACGCCAGGCGCTACCGCGGCCTTAACGCGCTGCAAAAGCGCGGTCACCGGCTCACTACGCCAGCTCAAATAGCTGTGGAACGCGCGATGCTTGGCAAAATAGGCCTGTCCTTGCGCCAGAAAATCCTGGCTCTCCGACTGCAGAGGAATCTCGCGCTCAAGATTCTTGCTAAGCGTTTCCCGCACATACTGGCGCGCGGCCTCCGCATCAATGCCTTGCTTCTGTGCTCCCTGCATACATGACGGGCAGAAACAGACCGAGAACAAAAAGTTGTCAAGCGCCGTGAGCCCTACAGCATCCTTCTCGTGGTGAAACTCGTGCTCAAAGCCCATATAGTTCAGCGCCTCTAGCTCAATTGAAGAGACGCCCGGCAAGCTGCTGATATCGCGGATAAGCGCTCCTATATATTGCTGCACAGCGGGATGGGAAGGGCACAGATTATAGATATTCTTATCGCCAAAGGCATTCTGCGTGGTAACATCAGGATAGAGCATACCAATACGCGTATTATGCAAGCACACAGTCCAGGATGCCACCTGCAAGCCAGCATCAAGCGCCTTGGCCGTGACCGAGCCCGGCAAATTCTGCTCACTGACAAACGAAGCCACCTCCGGCTTGATGCGCCCGTAGTCCTGCTCGGGCTGGAAATAAATCGTACCATCCTCGGGAAAATATACCTTATGCAGCGGGTTGCGAGGCTCAAGGAAATGTCCAGCATGGTAAGAAAGAGCCACACTGACTGTATTAATCCCCGTCTCTTTCATTTCTTGCAGCGCCACTTGCGGACCAACCGCATTGATATCCCAAAGATAAGCCCATAGTGAGATACGCGTCTCCATAGACGAATCTATCTCCTTTCCTCTTCAGAAAAATGATAATAGTCACGAGCCAGAGCCAGAGCCCTGCCATAGCGCTGACGGCGCCGCTTCCAGGCCTGGGCAAAATGCGCACGCGGCCGATAGACTTGCTGGATAGCTACCACGCGCTCCACAGCTTCCTCTAATTGTGCGAACATGCCACTACTACAAGCAGCCAGGAGCGCAGCCCCAAGCGCCGAAACATTCTTCTCTGCCGTCACCTCGACAGGAATGCCGGCCACATCGGTAATTATCTGTAGCCAGATTCCAAGATTCGCGCCTCCGCTGCTGACGCGAATCTTATCGAGCGGGATTTGCCCGAGGAGCTCGATTACCGCTGCTATATCAAAGGCTACAGCCTCAAACAGGGCAACATAGATATCCTGCAGACTGCTTTGGGGCGAGAGGCCAAATAGGGTTCCGCGCAACTGCGGATCGAAGGACGGCGTGCCGTAGCCGGCCAAATAGGGCAAAAAGACGAGCGGAGAAAGCGACTCCGGCGAGAGAGCTTGCGCCTCCGACAACTCAAGCAATCCCGTTCCTGATTTGTTTGCGCCCGGCTCTTGATCTGCTGGAATGACGCTTGTAGCAGGATGTTGAGGGAGCTCCACTTTATGCTGTGGCGCCTCCTGCAAGGAACGCAGCCAATTCAAGGCCAGGCCACCGGTCAAGAGCGAGCCCAGGGCATAGTTACCAAACGGATGTGGAAAAGGATGGCAGGTAAGCTTATCCCGCCAGAACTGGGGAAATGCCGCGCTTCCCAGAGGGGCGATCAGCGTTGTCGAAGTACCCATTGAGACACCTAATTGGCCTGGCCGCAATGTCCCCGAACCAATAGCGGCAGTGGCCATATCTGCTGCTCCCGCGCTGACAGGCGTACCTTCTCGCAAGCCGGTCATCAGCGCCGCTTGTGGGGTGATACCTCCAACAATATCAGCTGAGGCATGCAGGTGAGGAAAGAGACGGCCGGGAAGTCCTAAAGCCTCAATCCAGGGCCAGCGCCAGGTACAGGCTTGCGTATCGACCAATAGCCAGTTGCCCGCATCGGTTAGCTCCACCCCTGGCTTTCCAGTCAGACGTAGCCGTACATAATCCTTAGCGGCTAACCAGGCATGAGCCCGCGCGATATCTGGCGCGGCATGGCGTTGCAACCAGAGCAGCTTTGTGATGACAAACGCCGTATTGTCAGGCGCATTATGGGTTGTCTCGCGTATCTCAGCCAACAACTCTGGCGCGACTTCCCCACATTCCGCGCTTCCACGCGCATCTGCCAATAGGAGCGCCGGGCGCACAGGCAGGCCACTATCATCAACCAGAACCACTGAGCTCATATTGCCAGTCAGGCCAACAAGCGCAATTTCCGCAGAGGAGATACGGCAGGCGGCCAGGCACTCTCTAGTAGCTTTACAAGTAGCCTGCCACCACTCCTCAGCATCTATCTCAAAGCTCCCT
CP035758.1_gap8	483334	485946	2612	GCGGAAGAATCAGGTAAGGCAATCCTGTACTGACTACTTCAAGCGGGAGTTCGGGATGAAGATCGTCTGAGACAAGGCCAAAGGCCTGTGCAAATCGTTCCCGTTCGCTCACCACACCCAGAAACTCAGGCCTTCCCTGGTCGAGCAGACCAGCATATCCATATTCGGTCTGTTCAGTAGTAATGCTCACGACCTTTGTGGGCAATTCGATCTGCCAGGTCTGCGGGCTCGTCAGTCCCGAGGTATAGTGCAGAACTGCAGCGGCTCCTAGAACGGGATGGCCCGCAAAGGGCAGTTCCTCAAACATATCGAAGACGTGGGCCCGCACTCTGTTTAGCTGCCCGGTCGGCTCAAGAAAAATTGCCTCAAAGTGGCGCAACTCCTGCGTGAGACGAAGCATCTGTGGGGCGCTCAAGCCAGAAGCTTCAAGGAACACAGGCAGGCTATTGCCGCTGTACGGACTACGACTGAACACATCCATATGAAAATACTCAAGACTCATGGGATTTCCTTCAATAGGTATGCTTGCAGTTGCTGGAAGAAGCTTTGGAGCGCTTGCTCGTCACGCCGATAAAAGGTCCAACCCTTCTTGCGTGTAGCGTTCAACAGTCCGGCCTCAGTCAAAAGCGTGAGATGACGCGAGGCGGTAGCCGCAGAGATACCTAGCTTTTCTCGAATGAAATCTGCGCATACCCCATCCTGAATGAGATCGCCATCTACCTGCGGCGGAAAGTGCGCTACAGGATCTTTGAGCCACTCAAGGATGGCGAGTCGTGTTTCACTGGCTAACGCCTTAAGCGTACGTAGATTTACTTTTCTAACCATTTCGTTATTTAGCATATTAGCTAAATAACATATTATCGGCCTGCCTGTCAAGGGATTACGGCCAACGCTCATAATTTGATATGGGCACAAAGCTTGCCATTCCTCAAACGATGCCCTTTTTCTAATCAGGCTTAAGTACAGGCTTAACAGATCAGCACTAGCTTCTACATAATTTCGGGCTCTCTCATCTGCAGCATGAACTTTCTACACTGCTTAAACCTTCTTTCATTTCTATAATGCACAAAACTTGCCTATAGTATAAAAAATATATATACTACTTCAATGAACTTCCTACTTGCAAAACAGAAAGCATAGAGGGGCTATGAAGACAAACGAAGCTACCTTAGCAGCCAGCTTGACAAGTTCTCTTGCGTGGAAAGATTTCAGCAATGCTAGCTTTAAAGCCAATCCGTTTCCGTTATATGCTCGCTTACGCGCCGAAGCTCCCGTACTTCCGATCATGTTCCCGCGCATTGGGCGTACCTGGCTGGTAACCCGTTACGATGATGTATGCTACGTCCTGAAAGATGAGGAGCGCTTTGCAAGGATCGCCACAATGCGCTGACGCCTGAACAGCTGAAAAAGATACCCTGGATGCCACCTATGCTCAGACGGCTTAACCACAATATGCTCGCGCTGGATGGTCCCGACCATGGCCGCCTGCGCACGCTCGTGCACAAAGCCTTTACGCCGAGCATGATTGAACGAATGCGCGATCAAGTACAGCTCCTAACCAACGAGTTGCTAGACAAAGTAGAGCCACACGCCAGCATGGACCTGATCGCCGACTTCGCCTTGCCTCTGCCGCTTACGATGATTATACGTATCCTGGGCATCCCGGCCCAAGACGCGCCAATGTTTCGGCGCTGGGCAAGACGCTTTCTGGCAGGTGGTGCCAGTATTGATAGAATCCTGCTTATCCCCACCATGTTGAGCTTTGCAGGCTACTTGAAGAAGCTTATCAAGACTCGACTAGCTCGGCCTGGAGATGATCTTATCACAGCTTTAGCCCAAGCTCGCGAGGACCGCGATCAGCTCAGCGAAGATGAAATCCTGGCAATGATCCTTCTGTTGCTTATCGCGGGCCATGAAACAACTGTGAATCTGATTGGGAGCGGTATCCTGGCTCTGCTGGAGCATCCCGATCAGTTGGCCAGGTTGCGAAGCGAGCCTGAATTGATTAAGCCTGCGATTGAGGAGCTTTTGCGCTTCGTGTGTCCTCTGGTTATGGCAACAGAACGCTACGCACGCGAGGATATAACGCTTGAAGGCGTAACCATTCCACGCGGCGAGCTAGTTGTCGCTGTGATCGGCTCGGCTAACCGCGATCCCAGGTACTTTGAGGAGCCCGATATGCTCGACATCACTCGGGAGAAAAATAAGCATCTAGCCTTCGGGCAGGGCGTACACTATTGCCTTGGTGCCCCGCTGAGCCGCATGGAAGGGCAAATTGCCATCAAGACGCTTGTTCAGCGCATGCCAGATTTGCGCCTGGCTATTCCAGCACAGCAACTGCATTGGCGCGGCAACCTCGTCATGCGTGGCCTGGAAGCCTTGCCAGTATTGTTCTAGACTTTCAATACTAGCTGAGAGCGCCCATCAGCCATCTTTTCTCAGCTCTACCCAGTGATTGAGCGCACTGCCAAAACGATTTCCGGGTGTTTTCTCTCTGTCGGAGAGTGCTATCATTGCCCCCGTAAACCTATCTTCACGTTGTTTGAGATCCAGCTGAAGATAGTGTGGATAACGACGAGCATCTTGTGTCCCAATATCACCCATCATCGCGC
CP035758.1_gap9	491210	492456	1246	TTCGCTCACTCCAGAGGAGGGGGCTTCTTGAAAGATCTCAATATCTAGCTCGATGCCCTGCCCTTTGAGGCGCTCAAAGAGGGCTAGCAAGTGCTGTTTCTCTTCCGCAAGATCCTCCTCTGGATTGATCCGGCGATCTACAGTGAAAGTACATACGGCTGGCACCACGTTAAAGTTCGACCCGCCGAAAGACTGCCCTCCGAGCAAAAGAATTGAGGAGCGTGCGGCTTCTGGCTCGATATGGAACAGCGTCTGACTGCGGCTGATCTCCCGTTTATATTCATTGAGCGCATTGGCAACGATGAGCATGTGCTCGAAGGCATTGACGCCTTGATAGTGAAGCCCGACGTGCGCCGGCTTGCCTTTGACCCTAACGCGCAAAGAGATCGCTCCGCGATTGGCGTTCCACACGTTGCCATCGGTTGGTTCTGCTGTAAGCATGCCAATCCCATTGGAACCCAGCAATCCGCGCTCGGCAAGATATTGTGCGCCTCGTTGCCCTCCTGTTTCCTCATCGGGTACAATTGCAAGCCCAATTTTGCCACGTAACGGGATGTTACACTCCTTAATGGCCTGGACCGCGGCCAGCATCGCAACGAGCCCGCCCTTCATATCCGATGAGCCTCGGCCAAATAACTTGCCATCTGCGAGATAAGGCTGAAACTGTCTGGGGACACTGGCAGGAACTACATCGTAGTGTCCATGAAAGTACAAAGTTTTCTCTCCTTGTCCATACGAGCTGAGCAAACAATATCCGGGCTCCGCAGGAGATTGAGAGGAGGTCGAAGCCTCTAGCAATGTGTACTCTAAGCCAAGATCAGCAAGCCTGGCAGCTAGAAGATCGACACAGGCGCGATAGGCTACGCCCGGAGGATTTTCGCTCGGGATCTCGATCAAGGCTTTAGTAAAATCAATCCAGCTCTCCTGGTGTTCAGCGATGATTGCACGTAGCGCTTGTTGCATGAGGCCTCCTGGCTCGTGATCTTAGAGTTAACTACTAATTACTCTTAAGTATAGAGCTCATTGCCTTAATGAGAAGGGCCAATAGCTGAATGGACTGCTCGCTCTGAGCGTGCTAACTGTAGGCACGAGAGTGTTGCTGGTATGCGGGAAATCAGCTTGTTTGCAGTTCTGCTTTCTGCTATACTACTCTTTGTAGAGAAACATGAGCATTCTAAACAGGCTAAGTGCCTGGGACGCCTCTGCTTAACATTCATCTACGCTCAAACCATATACATTAAATAAG
CP035758.1_gap10	496286	497989	1703	CACCCGTGCCGCAATTGCCGAGCTTTCCACCATGCTCGATAGCAGTGCGCTGACCGAAGAGTGGGAGGCTGCACTCGATGTTCCGGTATGGCAAGGGTCCCCAGTCTGGACCCACGGAGACCTATTACCGGGAAACTTGCTGCTCCACGAAGGCCGCATCAGCGCCATCATCGACTTCGGGGTTTTAGGCGTGGGCGATCCTGCATGTGATCTGATCGTTGCCTGGAGCCTCCTTTCAGCTCACTCTCGCCAGATCTTTCGCGCTGCCTTGCCAGTTGACGATGCAACCTGGGCCCGAGGGAGAGGTTGGGCACTATCCATTGGGCTGATTGCCTTGCCCTACTACCAGAACACAAACCCGGTCTTCGCGGCCACGGCTCGCTACATGATCGGCGAAGTCCTCGCCGATCGGCTTTAGGCAGAAGTTATGCGAGCGACACAAATCAGGGGCGGAGCTAAGAGTGCTTGAGCTAATCCAAGCGCTCCCATCGCCCAAATACTTTCTCTGCAAAGGAGCATTAGCTGTGCAATTTGCCGTTGATCTTCCTCATTTTGGCCCATTCAGTAACCCTCGCCTGGTCGCTGAACTGGCGCATGAAGCCGAGGAAGCTGGATGGAATGGTTTCTTTATCTGGGATCACCTCAACTATAATCAGGAGGGATTAGCCAGTCCAGTTGAGATTGCAGACCCCTGGCTACTCCTGGCAGCAATTGCCTTACACACCAAATCTATCAAGCTTGGCCCTATGGTCACGCCGCTGCCACGCCGACGCCCCTGGAAGCTGGCCCGCGAAACCGTTACGCTCGATCACCTTTCAGGGGGACGCCTGATTCTTGGGCTTGGCCTGGGTACAAACTTTTATGGAGAATATCACGATTTCGGCGAATCCACCGATATCAGGACGCATGGGGAAAGGCTGGATGAAGGCCTTGCCATCCTAACACGTTTATGGAGCGGCGAGCAATTTAGCTACGAGGGGCAGCATTATCAGATCTCGCAGGTGCAATTTCTGCCTAAACCGCTTCAGCCGCATATCCCTATCTGGCTCGCAGGCAATTGGCCTCACAAAAAGCCGTTTCGCCGCGCAGCTCAGTACAACGGGATCTTCCCGCAGCGGATAGATCGTGCTCTCACGCCCGAAGACATGCGCGAACTCGTTGGCTATATTCAGCAGCAGCGGACGCAGACGGCTCCCTTTGACGTGGTGGCCTTTGGATTGACCAGCGGAACCGATAAAGGCCGCGCAGCTGCGCACGTGGCATCATTCGCCCAGGCCGGGGCCACGTGGTGGCTGGAGAGCTTTGATCCCTTGCAGACGCTTGAACAGGTTCGCCAGCGCATCCAGCAGGGACCGCCGGAAGTTCGCTAATAAGCCTGTAAAGTTAGCCTGCCTCCATTTCTCCAACGGAGGTAGGCCACGCGAAAAAATCCATTTGAGCTAATGCTGAATCTCCTACCTCTAGCCTATTACGAGCCTGTCACGTTCGGCTTACCAATAATAATGATCCCTTTCATTCTGGTTCAAGTAAGCATCGTTAGGCCGAACCATATCAATATTTATCAAGATTGCCTCGGTTATTTCCGCATGCCTATCCGAAGTATGTAACTTCATACATTTGCATATATCGCTTGTGTTGAAGATTCAGTTATGCTAATGTATCTTTTACTCAAGAAAAGGAGATTATTTTATGCAGCGCTTGTT
CP035758.1_gap11	547755	551411	3656	TTTCGTTCCTTGTGAAGATCATCTCTTAACGAAACTCTAGCAGAAAATTGGCTTGCCCAAAATGGCCATTATAGGATATGCTAAGGCGGCCATTATTTATGCTGAGAACCAGAGGAGACGGCTTATGCCAAAGCCCACACCACAAATTCCGTTGCCCGGCATCCAATTGGATGCGAGCGCCAGCCTGCCCCTGCACCGTCAACTCTATGAGCAGCTTGGCCGAGCCATTCGTGCTGGGTATCTGACACCAGGGACCCGATTGCCCTCAACGCGTGCCTTCGCCCGCGAATTGGGCGTCTCGCGCACGACGATCGAAGAGGCATATCAGGATCTCTCTGCCGAGGGGTATATTGAGGGGCAGGTCGGAGCAGGAACCTACGTCACGAAGCATCTTTCCGAAAGCCTCTTCCAGGTAACAACCATGTCTACGGAGGTGGCACAGCCTTCCGTACCTGTGAGTGGGTATGCAGGCTTATCACAACGTGGAAGACAGATCACCACACTCTCATTGCCGCCCGGCTTTGGCAGCGGCGACGCCCGCTACCCTTTCCGTATCGGCCTCCCCGCGCTTGAGAGCTTTCCATTGCAGGAGTGGACACAAACAGTCACGCGAGTGCTGCGTCAACTTTCCCCCTCGCTGCTGAGTTATCCAGATCCGGCGGGATTTCGCCCCTTGCGGGAGGAGATTGCGACCTACCTCACTCTTTCGCGGGGCTGCCGCTGCACAGCAGACCAGGTGATTGTGGTTGCGGGTGCGCAAGCGGGACTGTCGCTTGCGGCACGCCTGCTACTTGATGCGAGAGATGCAGCCTGGATAGAAGATCCAGGTTATCCCTATGCGAAAGCTGCGTTTGAGGATGTAGGAGCCACTGTTGTGCCAGTTCCCATTGATGAAGAGGGGATAGATGTTGGGATCGGGAAGGCGAGATGCCCAGATGCCCGGCTCGCCTACGTGACTCCCTCGCATCAATTTCCTCTAGGCGTGACTATGAGCCTTGCCCGGCGCTATGAATTGTTGCACTGGGCACAAGCTGCCGGGGCCTGGATCATTGAAGACGACTACGATAGCGAGTATCGCTACCTTGGTCGTCCTATTCCGGCGCTGCAAGGGCTTGAAGGAGCAGAGCATGTGCTCTACCTGGGAACCTTTAGTAAAGTCCTTTTTCCCGCATTACGTCTCGGATATCTGGTCGTCCCGCCATCGCTAGTCGATGCTTTTGTAGCCGCCCTGCGCACAGCAAATGTCTTCCTGCCGATACTTGAACAGGCAGCAGTAGCAACCTACATGAGGGAGGGAAATTTCGCTCGCCATATCCGCCGCATGCGTTCATTGTATGCGAAACGAGGAAACTTCTTGTGGGATTGTGCCAGAAGCTCTCTTGGAGAGGTACTCACTATTGAACGACCAGCCGCCGGATTACATCTTGTCGGCTGGCTCCCAAAAAGCACCGATGATCGCGAAATGGCGCGCAAGGCGGAGAGGCAGCGCATCATCGTTTCTCCCCTCTCAGCCTACCGTATGGAGCCTACTGGTCGTGGTGGCGTTCTACTCAGCTATGCTTCCTGGACCGAACGAGAGATTGAGGAAGGAGTGCAGCGCCTTGCGCGAGCATGGAATACCAGGCAGGGATAGAGAAAGAGAGACCCACATCCAGTGCGCTTCCAGGGAAGCTAGTCATAAAAATGCTACCGGAAGTATTTCGCAAGGTGCTTTCAAAGTGCTTTCAAGAAACGCCGTTGGAGAGATCAAGGGGATTTGCGACTTTCACATACATCAGGCATGTTACGACGTGGTGTCATCCATTATATCAAGCTTTATCTATGTTATAATAGCAGCATATGCAACCAAAGCACCTTGCCGGTGAACTGGCTACGCAGCTCATTCTGGCCTCTTTGGCTGGATAAGGTTCCAACCAAAGAGATTGTAGACACTGTGGCTACCAGATGAATAGCAGAACAGATCCGGCGAGCAGGATGCCCATAGCAATATTGAATATTCTCGCGGTTCGTTTGGTGGAGAGCAAGCGCTGTAAGCCCGCACCAAAGGCCAGCCAGACGAAACAGCTTGGCGCAGCGGCAAGCAGAAACAGCAGGCCAAAGCCAAGCGCTTGCCTGAAGGCGACACCTGCCCCGACCACGGGATGCAAGTAAACGCTTACTGCGCTGACGCTGACAAGCCATGACTTAGGGCTAATCCATTGAAAGGCGGCTGCACCAAAAAACCCGAGTGGCCGCTTCTCTACTGGCGCCTCACTGTAGCTTGCCGTGGCGATCTTCCACGCCAGCCAGAGCAGAAAGCCCGTGCCTCCCACTTTGAGAATCAGGATGAGCGTCGGGCTTGCCAGCACAACATTGCCAAGTCCGAAGGCAACTATAAACATCATAAAGCTCATCCCGCCGGCGACACCTGCCAGGCAAGGAAGTCCACGAAGCAGTCCAACTTTAGCTCCGGTCGAGGTTAAGATTAAATTGCTGGGTCCCGGGGTAATAGCGGCAACGACCGCAAAGAGTAAAAAGGTAATAATTTGACCGGCTGTCATTGCTGAGATTCCTCCTCACACTAGACACTTGAGGTCAATCGTTATGATTGAGAAGCATAGCAAAGCCAGCGGCGCTGGTCTTGAACGATTGTGCACGCAGGACTGGATGCAAAGCACGGAAACAGAATATGGGATAGAATTCTTCGAGGCCTGGTTTCAGAGGAGCGCTTACCAGAAGCACCGCCACGATACTTACGCACTCTGCCTGACGACCACTGGCGTGCAGGCCTTCACCTATCGCGGCGCCACGCAGATCAGCCTGCCCGGCCAGGTTGTGGTCTTGCACCCCGATGAGCTTCATGATGGATATGCCGCCACACAGGAGGGCTACGGCTATCGTCAATTGTATGTGGAACCGGCGCTGATCTTTGAGGCGCTCCAGGCCATGCGCCCGCGCCACTGCTCGCTGCCCTTTGTGCGCACGCCCGTGGTAATGAATCGGAAATTGTCAGCGGCGATCATTGCGGCTTTTCAGGGCACACGCGAGCCGCTGGCCATCGATAGCATCATCGTGCAATTGGCCGAGGGCTTGCTGGAGGCCGATCCGAGTTGCCAGCAGATCGCGCAGCCTCGGCATCTCGACGTTGTGGCGCTTAAGCGCGCCCGCCAGTACCTTGACACGCAGAAAACGCGGGTCGTCCATTCGAGGGAGTTGGAGGCGATAACGGGGCTGACGCGCTACGAACTGGCCCGCCAGTTTCGCCAGATGTGCGGGACCAGTCCGTACCGCTATCTGCTTATGCGCCGCCTTAATCTTGCGCGCGAACAGCTGGTGCAGGGCCGCCCACTGGTTGACGTTGCCCTGGAAGCTGGCTTTGCCGACCAGGCGCATTTCAGCCGCATGTTCAAAGCTACCTTTGGCTTCACGCCGGCCCTTTACCGCACCCTGAGCATCTGAAGCTCACAACGGGAAATAGCCTACGAGCCGATTGCTCACGAAGCCTTGTCTCCTATCTGCGCTTTCTCTGGGGAATCCGCAAGCCATTTCAAGGCAAGCAACTCAAGTTGAGGCTGCGCTTTTGTCCATCAGTTGCCACAAACTGTCAAATACTGCATTGTATTTGAAGCGTCCTTCACCTTTATCATAGCTTTGAAATTGGGGATCGTGGAGGAGCC
CP035758.1_gap12	575569	577219	1650	GCCAGCTCTTCGCAAATCTTTCTGCTGGCTTAATCGAGCCTGCATCACAACTAAAACAGCAGGAGACACTGCTGACCGCTCTTGCGCAATTGCTCCTCTCGCAGGCCAGAGACCGAGCAGAGCTTGAGCATGTAGGAGGCGAGCACTCTGCCATCCGGCGTGTCAAAGCATACCTGGCAGAACATTATGCCGGGGATGTCTCTCTGGGAACGCTTGCTAGTATTGCCAATCTGAGCGCGTTCCATCTCACTCGCGTGTTTCGGCAAGCTGTCGGTTTGCCACCTCATGCTTACCAACTTCAGTTACGCATAGCACACGCCAGGAATTTGCTCGCCAAAGGCCTTTCCGTCAGCTACGTTGCCCATGAAACCGGGTTTTTCGATCAAACCCATTTCACCAAACAGTTCAAGCGACATGTTGGTATCACACCCGGAACTTACCGCAAGACAGCAAAATTTTACTAGATCCAGGATCTAAGAGCCTGCTATGCTAGGAGCGAAAGTTCGTACAATAAGAAAGGCAGAATAATAAGCATGGCAACGGCCGTAAAAGAACAACAGCTAACGATAGGCGACGTGCGCATTACCTATCTCTCTGATGGATATGCCCTCGTGCATCCCGCTCCTCTGTATCCCATGTCTACGCCAGCCGATTGGCAGAGCTATAAGCGCCTCCTGGATGCAAGCGGCCAATTAGTGTGTAGCCTTGGTGCATATGTAATTCAAACAGCTCATAGTACCGTACTGGTAGATCCCGGTGTTGGCCCGAAAAATAATGTTTTCCCTTTAGGGGCCCAGTATGGGGGAAAGTTGCTTGCTAATCTCGCCCTGGCCGATATTGATCCGGCCAGTGTCGATATCGTTTTTTATACCCATATTCATAGCGATCACGTGGGATGGATCGGGCAAAAAACGCAAGATGGACAAACGATGGTCTTTCCTAACGCCCGCCAGTTGGTCCGCGATATTGAGTGGCGGCGCTTTGATGATCCTAACGTCAGCCGAGCCAGGGTGGAAGAAGCGCTAGAGCTATTGCAGGATCATATTGAGCTCGTAGAAGACAGCCAGTGCATTGCTCCCGGCATAACAGTCATGGCCACACCCGGTCATACTCCTGGACACTCCTCGCTCGTCGTGCAAGCAGGAAATGAGCGCGTCTTGATCCTTGGGGATGTCGTGCATAGCATCGTGCAAATTGATCATCCAGAATGGGCCTGCACCCTGGATCTTGATCCTGAGATGGCCATACAGACGCGTGAGCGCATGTTTCGGGAACTGGCAAGATCCGCCACCATTGCTGGAACCTCCCATTTTGCCGATTCCGTCTTTGGTAGATTGGTACAGAGAGATGGCAAGCGCCGCTGGGAAGCACTCTAACCTAATGAGCGCTTCACCCCGGCAGAAGCCTGGATTCACAGCAAGCCAGCTCAGGCGGAAATCCTTCTAGCAAAATATCTCCAACTGGATCGAAAGACAGCCCATGCTATCTTCATCTCTACCTTGCCAAGTATTCCCTCAACGCCCCAAATCAGCCAGAAGGAGTTCAACGTTGCGAATGACTTTCATATGAAGGCTGGCTTAATTGCTCTTGCGCTCCCCTATTCGACTTTGGTGGCCACTGACACAATCAACCAGGCTCTCAGGAGTATGG
CP035758.1_gap13	601474	606374	4900	CACGCTGGCCAGAATGGTAAGCACATAGAAGAGGATAGATGAAATCACTAACACCTGGGAGATGGAAAATGTGTAAATCATAACCAGGCGAATGAGAAATTCGATCGTATAGAAAACACCCCACAGGATCGTGACCGTGCGGATATAGCCCCGGAAGGAGGCAAATTTCCAAGCGGTGTCATAGGCCAACATTTGCTCTTGATCGTTGCCTACCGTGAAGTAGCGGATGATATAGAACCAGATGGGCTTTGGGAAAATCAGCGAGATCAGGCAGATGACACCGAAGAGCACCGTCAGAAACGATTCGCGGATCAGGAAGAGTTTGGCATCACCCGTCATGAAGCTCAGGCCGATTGAAAGCACAATCGTAATCAGCATGAAAGCTCCCAGCACATCCACACTGCGCTGCCGGATCAGCGTGATGATTGTCCAGATCAGGGCCGGCAAAGCCGAGAGCGCCAGAGCAGTCACATCGGAGGCCGCAGTAAAATTCTTCACAAGTTGGTAGACGACGATAACGCACACGCCATTGAGCAGGATGCTGGGCCACAGACCAATGATCAAGCCCAGCAGCGAGGGAGACTTCAACGACTGGGCCAGCTCAGCATCGTTGGCCGAAGGGTTATATGTAGTTGGCATGATGTTTTTTCCTTTTTTTGTGTTTCTCGCATGAACCAGCTTACCTATGGCTTTCCAGCTCTCGATCCTCACCGTCGTCGGTCCGTGGAACAAGCCAGAACTGGAAAGCCCGCATTTTATTTTGGCAAAAGCAAGGTAGGATTGCGCGGAGTCAGGATATCCTCCATCCGGGTGGCAATGCCTTTTTTGAATTCCGGCGGATAGATATAAAAGCGCTCCTCGCGAATAGCCGCAAAGGTCATGTCGGCGAGTTGTTGGGGCGACATTCCCGCGCGAATGGCCTGCTGAATTAGTTGTCCAGCCTCCCGTTCTTGTTGCGACAGCTGCTCTTCGCTGGCAGTGTGCGTATCTGGCGCGTTCTGCAGGCGGGCCGGGCGATTGCGTTCCGCGTCCTGAATGCGGGTATTCACGAAGCCGGGGCAGAGGATTGAGACTCCAATGCTTGCCCCTCTAAGAGTCAGTTCATGATAGAGAGTCTCGGTCAGGCTCACGACCGCATGCTTGCTCGCCATGTACACACTCAAGCCAGGGCTAGAGGTGAGACCCGCCATTGAGGCGGTATTGACAATGTAGCCCTCGGCTCCGCTTTCGAGCATGCGCGGCACAAAGGAACGAATGCCGTGAACGACCCCGTAGAGATTGACCCCCAGGACCCATTCCCAATCGGCAAGTGTGCTCTCCCAGGCGGATTTGCCTGCTCCAACCCCCGCATTGTTAAACAACAGATGCACCGCCGAGTAAGTTTCGTAAGCTTTCTGCGCAAGCTGCTCTACCGCTGCAGCCTGCGACACGTCAGTCTGTACGGCAATGGTCTCGGCGCCTGAAGCGGCGAGCTCCTGGTTGGTTTGCTGAAGAGCTTGCTCCTCGACATCAGCCAGGACTACCTTCATGCCCTCCTGGAGGCAACGCTCTGCCAGAGCGCGCCCAATACCACTGGCTGCACCGGTGACCACGGCAACTTTTCCCTGAAAGGTCTTCATACGCTATTCCTCTTTATTCTCTCTTCTTCAAACATGTTTGTTGTTTCTCTGCCTTCGGTTCAACCATTCGTTAAACTCGATGAGTAAAATATAGCCGACAAAAGCTGTGAACGCCTGTCCCATCAGTCACGAATCACAGGCCTATTCCTGACGCCTCTCTGCTATGACCTGCGACCTAGATCATATAGGCCTATGGTCGCGAGCACTATATATATTCACGAGCAGGCCTAACATTAGAGAGCAGAAGAACCGTCGTCTGGCTCTTCTGTGCGAAGAGTCTCGTTTGTCTCAAGAGAAAGCAAGCGCAAGCCGAGGCGGCGAACGGTGAGTAAGACGCCATAGAGTGCGGCCTGGTCGGGCAAGGCCCCGCTGAGCAGGGTTGTCCCTCCAGGCTCATGCGTGATGTGCAGATCCTCAAACCACATCTGCCAGGATGGATCAAGATGCTGAGTGATGCGAATGCGACAGTGCAATTGATCGCCTCCTTCCCGATACTCCTGCCCTCTGGCAATAGTATAAAGAGCAGGAAGGTGATTTTACTTCACCCTTTGGGGCGATCTGTGGGATGAGAAACGGGAGCACGTTGGGAATTAGAGCAGATGAAGATCACGCGCACGCGCAAGTGCCTGGGTACGACTGCTCACCTGCAGCTTGTTATAAAGATGGCGCAAATGCGTTTTGACTGTATTGTGAGAAACCACAAGGATCTGCGCCATCTCTTGCGTCGAGCGGCCTGCGGCGAGCAGGTGCAACACGCGCTGTTCCCGGGCTGTGAGCGGTTCCAGAAGCAACGGCTGATCCAGAAGACGCGCCCGAGGTGGCCTTTGAGCTACCTGCTCAGGCGTGGGAGCAAGCTGTGACGCATTTCGTAGCATGGCTCGTTGGCGCTTTTCCTGGGCAAAGGCGGCCAGCAGCGTCGCGATGTAGGAGCCCGGGATAGGGGCAATCTCGTTCTCCTGGTTCCCTGACGTATCGAGCAGGCTTTGCAGCAGCTTTTGCATCGGCTCACCCATATCCAGGTAGACGCGTAGGTGGCCCTCACATCTTGTCAGGTGCAGCAAACGCCGAACCGCCGCTTGCGCAAGTTCTTGTTTCCCCATCTGGTGGAGAGCCGTGGCAGAGAGCGCGAGAGACGCAATGGTATCTTCGACATTTTCTGCGCGATCAAGATACTTGCGAAACGCTTCAAGGGTGGCGAGCGCCTGGCCGTATTGCTGCCTGACCAGCTGTACGCGGATCAGTGTGAGCACGCCTATATTCTGTGAGTAGTCCCAGTCAGCAGGACTAAAGACCACCTGTCTCGCCCAGGCATTCGCTGCCTCCATGTTCCCCTCAGCCAGCCACAAACGTACCTGGACATTGGTCTTCCAGAAACGAAAGGTTCCGCGCTCTTCCCACAGTCTGAACGGTTCCTCCTCCAACACCTCATTAGCGGCTTGCAGATTGCCTGCGGCGATTTCGAGTTCGACCAGGCTCCTATACCCCCATACCATATGATCCTTCTGCTGCCAGGCCAGCGCGTCAGTGATCGCCTGGCGGAGAAGCGTACGGGCCTCATCCAGATGATTCCATTCCAGGTAAACTGATGCCAGACAAATAGAAAAGTAGCCCGCCAGGTAAGCGCGCCCCTTGACATGCTCAAGCAGAGCCAGCGCCTCCAAGCTCTCCCGTTGGGTCTGGCGCAACAGCCCGGCTTTCAGAGAGGCCAGCGCCAGCCATTGCTTGACCTTGATGAGGGCAAAGCGATCCCTTGACATGCTCAGCCGTTGCTTCATTTCCAGGAGCCGTGGCAAAAGCCCCACGCCTTCTCCTCGGAAAGTATAGTGATATACAAAGGCGCAGGAGAGGGGGATCATTTGCCAGAAAATCTCATCATCAAGCTCCATCTGCATTCCCTGTTGGACCAGGCGCATAAATTGCTCAAGGTCATAGCTTACTTCTGCGATCAGCATCTCGCCCATCAAGCGCAGCAGGCGTATGCGTTGGCTAAGCAAGCGATGCTGGAGGAATAAGGGCTCTTGCTGCTCTTCCTCAGTTCCTAGCGCGGCTTCCTCAACGCGGATGAGCAGGCGCTCAACTTGCGCACGGATTGGGCTGATCTGGGCTTTCGAGGTATGCGCATACGAATTCAGCAGGTACCAGGCGGCCTTGAGGACAAAGCCAGCATGAGCCCGAATCATCTCATCAGGCAACGCCATGATCCAATGGAAGAGCGCCTTCACCTCTCCATGCAACCAGAACTGCTCAGCCCTTTCTTCTATCAAGCGTGCCGCGCCAGCGTAATCGGCGGCAGCCAGGCGCTGGGAAATCGCCTCGCTCCATTCGCCCTGCTGTTCATACAGGCTCGCCGCCCGTAGGTGCAAGGGCCGCACCAGTTCTGGCCGCGTCGCGCGCAAACGTGCCAGCAAAGCTTCGCGAAAGAGGTCATGCAAGCGATACCAACGCCGTTCTTCATCGAGTGGCACTAGAAACAGGTTCGCCTTTTCCAACTGCTCTAGCATCTGCTGACAGGCCTGGAGATCGGCCTGTGCCGTAACTGCCTGGCAGAAAGCTGCTGACAAGCGAGGCAGAATCGCACAATGGAGCAAAAAGTCCTGAAGCGGCTGCTCAACATGCGCCAGAATATCTTCCTGCACATAGTCCATCAAATAACGGTGACTGCCCATAAATCCGCGAATAAAGCTCGCACGATCCTGGGCATGCGAGAGCGCGAGCGCCGCCAGGTGCAGGCCCGCGATCCAGCCTTCAGTGCGCTGGGCCAGCAAGGCAATCTCTTTCGGGTCAAGCGGGAGCGCCATCGTCCGGGTCAAAAACTGGCCTACCTCCTCCTCTTGAAAGCGTAGATCGGCATCGCGCAGCTCAAGGAGCCTTCCACGCGCTCGCAAGCGCGCCAGAGCAAGGGGCGGGTCAGTCCGACTGGCCACAATGAGGTGCAGGTGGGCTGGCAGATGCTCAAGCAGGAAGAGCAGCGAGTCATGGATGGCCTGCTCTTCAATCACCTGGTAATCGTCAAGGAGCAGAAAGGTCGGGGTGCTCTGCACGCTCAGGTCCTGAAGCAGCAAGGCCAGGATCGTCTCCAGAGAGGCAGGCTGCGGCGAACGCAAGAGAACCAGAGCGCGCTCACCCACCAGGGGAGAAGTGGCCTGGCTGTACCTCAGTGCGGCGATGAGCGCCACCCAAAAACGTACCGGGTCATTCTCCTGCTCACTGAGCGAAAGCCAGGCCATGGGGTTGCCAGAGCGGGCAGCCCACATGGAGAGCAGCGTGGTCTTTCCCCAGCC
CP035758.1_gap14	610393	615363	4970	CCTGATCCTCTGACCAGATCGCCTCACCTCCGGCCAGGATTTGCGCAAACATGGGCTCAATGACATCCCAGATTTCCGCCCAGCAGTCACAGGCCCGCTGACCCATCGATTGGGGATGCTTGGCTCCTAGAATCGGGCGAAAGGCATCATTATAGAATTGCACATGTTCGGGACCCCACAAAATAAGCATAGGGAAGCCAGAGGCCAGACACATACTGATAGCGGTACGCAGGCTCTGTGGCCACGCGTCAATAGCTCCAATAGGGGTTGCCAACCAATCAATGGAACCAATTAAGGCTCCCATCTCGCCTCCCCGGCGGGCGAGGGCTTCAACGAAAGAGTGGAGTGTGGAATTGCCTGCCTGCTGATCGCGCATATGAGCTTGGGTCTGTATTTCCTCTGGTTGCTGCTGCACTTCAGTCATTAGCTTCCTCCTCGGGCTCTCGCTTCCGTGCCAACTGGCCTCGCGGCCCCCTCCCTTGAAGTGAGAGGCGAAAAATAAGTTAGTTCGCCCATTTCTGTAAGCTGGTAAAAATTCTCCTGCTGAGCGTTTCTTCAGCGAGCATTCGATCTGCTTCAGTGTAACATATTTTTTAGCTCCACGGTTTTTTTGGAGCTCAATGGCACACTATAATCAGATGCTCATATCACTCTATGGCAACTCAGAGGCCAAGGCCTAAAGGGATTTGCCGCTATAGTAATTCATCAGAAGCAGAATATGCATAGCATGAGCCAGAACGGAACAAGGGGGAGGGAGATAAGAAAGCGTAATCTGCAAAGCAAAAAGGTCATAAGCAGAACAGCAGCTGTGTTTGTAAAAAAAAGCTGTCATTTTCGTATGTATGTGTACATATGTTATTTAGGAGGTAAGATGGAAACAGCTTCTATTGCCCTGGTTATTCCAGCTCTCAATGAAGAACAAGCGCTTCCGGCTGTTCTTGAAGAAGTTCCCTCTGAGCTGGTTCACTGGGTTTTTGTTGTTGATAACGGCAGTACAGATGCAACAGCTAGCGTTGCGCAAGAAAAAGGTGCCATAGTAATTGCGCAACCGCAACGTGGCTATGGCGCGGCCTGTTGGAAAGGCCTGCTAGCAGCTCAACAAAAAGGCGCAGATATCGTCGTCTTTATGGATGGCGACGGAAGCGATCATCCCGGAGACCTCTCTTCGCTGCTCGCCCCGTTGCTGGAAGGAAAAGCCGACCTGGCTATTGGGCTACGCAACGGCGAGCAGGCAGAAAAAGATGCGCTGCCGATCCATGCACGTTTTGGCAACTGGCTAGTAAGTCGACTTATCAATCTGCTCTATGGCTGTTGCATTCATGATCTGGGCTCATTCCGGGCCTTGCGCTGCGCGACGCTGGAAACTCTAAGAATGAAAGATATGTCGTCAGGTTGGCCGGTTGAGATGCTGGTTAAAGCCGCACGCCAGAAATATCGCATCGCCGAGATTCCACTTCGCTATCGCAAGCGCAAGTATGGACATTCCAAGGTTGCTAGCACATTCACAGGCAGCATTCTCGCGGCCTATCTGATGCTAAAAACAACATTTAAATATGTAAGGAGCGCAGAAGCATGACTAGCGACACAGCGCTGATCATTTTGGCGCGCTATCCCGAACATGGGAAAGTCAAAACCCGCCTCGCGCGTGATCTAGGAGTGGAAAACACGCTTGTGCTTTATCAGGCTTTTCTACAGGATCTGCTCCTCAAATTCTCCTGCTGGCACTATGATCTGCATTGGGCCTACACGCCAACAGAGCGCGACTTTGCGGGTCTTCTAAGCTCATGGGCGCCACAAAATGGCCCCTACTGCTGCTGGCCACAGCAGGGGCAGGACCTGGGCAAACGCTTAATGCACGCCTTTTGCCTTACCCTGCCATCTTATCGTTCTGTCTTGCTGATTAGCTCGGATACGCCTCAGCTTGAGCGTGCGCAACTTTTGCAAGCCAGAAAGGCCCTTGACGTTAGTGACGTAGTGCTCCTACCGGCTGAAGATGGCGGATATTCCTTGATTGGTATGAATAAACCCTACGATCTCTTTTCTGGCATACCGATGAGTACGGATGCAGTATTAGGGCTAACAGTCAAGAAAGCCCAGCAGCAGAGCCTTACCGTATCGTTACTTGCACCTTGCTTTGATGTTGATAACATTGCGGCGTTACGTCGGCTCAGCGCGCTTTTAGAGCAGAATCCAACGATAGCGCCTACGACTGCTGCCTGTCTGCAGGATATCGCCCTTCAAAGGAAGGCTTCATGAAACTATTGAGCTTGCGAACCAACTGGCACCCCTCAGACAAGCAAATAAATTATTGGCGGCTCGCGGCGCTTGGAGGGCTACTTGGCATTTCGCTCTGCCTGTACGCGGTCTTCCTCTTGCCGAATATAGCGCCGATAGCGCCCACACTCTGTTGGATGTTTGCCCTGCTACCCTATGGCCTTGCCTGCTTTATCGTGCTTAAGAAGAAAGCGCTACAGGGACGCATGCTCTGGCTCGAACTAGGCCTCATCCTTGCCGGGGCCTGCCTTCTGCGCGGCATCTTGCTTCCGACAGAGCCACGTTTTTCACCCGACGCCTGGCGCTACATCTGGGATGCCCGCGTCACGCTTCATGGCTTCAGTCCCTATGTATATGCCCCACAAGATCCGCAGCTTTTGCCCTTGCGGAACATGATTTATGAGCACATCGGCTACCGCACTGTGCCTACAATCTATCCTCCGGCAGCTCAGCTATGGTACCTGGTGAGCTATCTGCTCGCGCCCGACAATATAGTCGCGCTTAAGACTGTCTTTGCCATGCTGGATATCATCAGCTGCGGCTTACTCGCGTACTTTCTTTATCTCAAAGGACGCAACCCCGCCTTGACGATTGTTTATGCCTGGTGCCCATTGCCTATTGTTGAGTTCGCCGGGCAGGGACACCTTGATGTTATCGCGATCAGCTTCTCGCTCATGGCCCTGCTATGCACACGCTACAAGCGGCGCTGGCTCGTCGGTATCCTCATTGGGGTGGCGACACTGGCCAAATTTTATCCTGCGCTCCTCTTGATAGCAGTCCTCAAAAGGCACGATTGGAAACTACTGCTTGGCTTTGCCGGCACACTTGTCCTGGGCTATGCTCCCTATGTATGGCTCGGGCATGGCCAGATTTTCGGCTTCCTGCTTAGCTATAGCGATGAATATGCCTACAATTCCGGGCCAATCCAGCACTTGATCTTCTGGCTCGCAGATCAGATAAGGGTACAGGCTTCCCTTCTGACATCTCCTCTGGAGGGCCTGTGGATGCTTGGGGCTGCGCTGCTTACCATCTGGTTACGGCTCAAGAAAAATATGCAGCCAGAAGGAGCTTTTTTCCTGCTTATCACTGCTCTCTTCATGATTTCACCGCATATCTATCCCTGGTACACAGCGATTTTCGTGGCCGGAGTTGTGCTACTGCTCAATTCCCCTGAATTGCTTGTTTCCTCGCGATACCGTTTGCTTCCTGTACTTCTCCTGTACTTTGCCTGTGTGACGCCTCTCTATTACCTGGTGAATGGCAAATGGCTCTTGTATTACGCGCTGGTATATGGCGTTCCCATCTCTGGGGCTTGTCTCGTCTTGTTGCTCTCTCGCCGGCGGTTCAGGCCTATACATAATATAAATGAAAATGTTAGCGACATCTCTTGTAAGGATCAATATGAGAAAAATAGTGCTTTAAACGATCGTAAAACTGTGGAAACAAGGACTTGATATGAACATCTATGGCAAAGGGCGAACATTCTTCATTGCGGGCGGCGCTGGCCTGATAGCCGGCCTCATTGCCGCCCTGCTATCAACGGTTCTCATGGGCATTCTACGCGTTTTTGCCGGTATTCCCACTCCCGTAGAGCTGATTGGCGACTTTATCCTAAAGCATATAAACGTTGACAGATTTATCCAACTCTTAAATATGTTCGCGCCACATCCAAAAACTGGACCATTAGGAGTTGCCCTGGCGGCTATGCTGCTTCTCGGAACGTTGCTGGGTTTACTATATGCAGCACTTGTCAGGGTAAGCCTTCCGAGCGCGCAGAGAAGGCCAGGCCGGCGCGAGTGGCTTGTGAGTATATTATTCGCGGTAGTGATGACGCTCCTGGGAACCGGCCTTTTCTGGAACGAGCTGCGCCAGAATCTGCTTGGCTTTCCCATCAATAGCGCTCGCCTGCTCACTATCGCGAGCCTTTTAGTCTCGTTTAGCGTTTATGCCCTGACATTGTGCCTGGTTTATCGGCTGCTGTTGCCCGCCCGGCCACAAACTAAGCAGCAACGCCGACAAGTGCTCAACTACCTTGGCGTTACAGCGCTGGGAGTCATTTCGGGCGGTGCAATAGCTTTATTGCTTCAGGACTATCTGGGCAAATATGCAAGCTATGACGGTTTCACCACACCCCTACACGGCAAGCGAACGGCGCCCATAACGCCCAACAGCGAGCACTATGTTGTGACCAAAAATACGCTAGATCCTACGCCAGATAGTGCTCTCTGGCGGCTTGAAGTGGCGGGCCTTGTCAGGCAGCCGGGCACATATACCTATGCCGAATTGCAGCAGTTGCCAGCTGTTTCACGCGCAATTACCCTTGAATGCATCTCAAATCCGCTGGCCGGGCACTTGATGGGCACGGCTATCTGGCAGGGCGTAGAGCTGAAAACGCTGCTTGAGAAACATGGTGGAACACTGCCAGGGGCCAATTTTATTACTATGTACAGCGTTGATGGCTATACGATAAGCCTGCCCGCCACGGAAGTCATTGCCGTCAATCCGCTCCTCGCCTGGAAGATGAACGCAGAGCCCTTGCCCCAACGCCACGGCTTTCCGCTGCGTGCGCTCATCCCCGGGCGTTATGGAGAAATGAATCCCAAGTGGCTTACCCGTATCGAATTTACAGAGCAGAAAATAGAGGGCCTCTACCAAAGTCAGGGCTGGTATGATGGACCACTGCATACCACCAGCCG
CP035758.1_gap15	784717	788274	3557	CAGGTTGTTGTCTTCATAGAAAGCCCCATCAGGCACATTGACACCTGTCGCCAGGGTACTGGGCAGCTTGGAATCTACATCGACTGGTACATGCTTGACAGTGATATCAGGATATTTCTTATTGAAGCTGGCAATCGTAGCATCAAATACCTGAAAGAGATCACCCGAGCGATCCCAGATCGTCACGGTTCCAGAGGTCCCATTTTTACCAGTTCCGGAGAGCGAACTTCCGCAGGCGCCCAGACCGAGGCCACCACTGGCTGCAAAAGCTGTTGCTGCTGTCTTGAGAAAGGAACGGCGCGAAAACGATTCCTGGAGAAAAAAGCTCTTACGTTGAGGTTGAGTAGACATCACTGTTTCATCCTTTCCTCGCTTTGAAGAACCATTGAAAGGAAGATATGCAGCCTTTTACAGATAAGAGAGAAATAATAGTAGAAAAATATCCAATCGTTGACGACAGGACGTTCTGTCATCAGCCTGAAAGAGCTGCCTTCTACCAATCCAATAGTTGGTTGCAGAATGGGGCACAAAAATAATAGAATCGTTAAACTGCATCGTTGTCTCACTAAGGAGGAATATTCGCCTTAGTTCAACGTTGAACTAAGTATACCATTAATTAAGAAGTGCTGTCAAGGCTTTCTGTTTGTTCGGTATACTTGCGTGTTGACATGCTTGTCTATTGCATGGTATCATCTCAGGCAGTGAAGCCAGAGTTTAGAGTCTTGTAAATTAATTATTGAAAGAGGGTTTGAATCGACGATGACGGTTCATCTCAAAGATATTGCAGCCTACACGGGGGTCTCGATTAAGACGGTTTCTAATGTCGTGAATGGCAATTATGAACATGTTGGACCGAAGACGAGGACCCTCGTGCTTGAGGCCATCAAGAAATTGAACTATAAGCCGAATGTGGCAGCACGTCATTTGCGCAAGGCTCCGGTAGGTGTTCTGGCTTATGCTTTTCCCGATCTTGCCAACCCTTATTTTGCCGAAGTTGGAGAGGCAATTGTAGCGGTAGCAAATCAGCAGGGCTACACTGTTTTATTGGATTTTACATCGGCTCAGAGGGATAAAGAGCTCAACGTGCTGACGGGCCTCCAACCACATTTGCTCGATGGCGTAATTCTTGACTCTCATGCCCTGGATCTAGAGGATATTGTGCTCAATGATACTCAGAGGCCAATTGTATTACTTGGTGAGCGGCTCTTTGGCGCGTCTGTCGATCACATTTTGATTGATAACGTGGCTGCCTCTTATACGGCAACCAAGCATTTATTAAGTCTGGGTAAGCGACGTATTGCCGCAATAGGTGTGCAGCAGTGCAGAAGCGAGGCGCCATCCTTACGTTTACAGGGTTTTATTCAAGCTCTGACTGAAGAGGGTCTGGCCGTTGATGAGGCCTTGCTGCTTGAAGGTGGACTATGGCATCGAGCAGACGGCGCTGCGGCTATGCGCCGGTTGCTCTCTCTAGACGAACCACCGGATGCTGTTTGTTGTTTTAACGATCTGATGGCCCTGGGCGCGCTATCAGTTCTCAACGAGTCTAGTTACCGCGTCCCTGGGGATATTGCGATTATCGGCATTGATGATATAGAGGATGGCCGCTATGCAAATCCGGCCCTCAGCACGATAGCGCCTGACAAACATGAGATTGCACGCCTGGCGGTAACATTATTGGTCGAGCGCATTAAGGGTACGCGCAATGGTCCTCCTGAATGCATCAAGGCTCCTTTCCGCCTCTGTCCTCGGGCCAGTACTTTGGGATAGGATTGATGTCCTGCATTCCTTGTTGACCCGATCTTCTCCTTCACATCTGCGGGCTTATGCTTGTACTATCCTTCACAATATCATCTGGTTAGAAAGGAATGCCAGGCTTCCCGGTGCTCTTCTGTTGACATCCTTAGATGGCCTGTTATCATAACCCTAAATTAGGAAAGCCCTTCCCTCAATACGATAAGGGAAGTTCTTAGGAAGAGAACAGCCCGCAGCCGATTGGGAGGTGCATCCAACGACGCCCTGGAACTATGCTCTGCCGATCGATAGAGAGCAGCCCGAGCGCAGTAGCGTTCTAGAGACCCGTCCTACTGGCGAGCATCCGTTTGCGGCTGCCGAGGCTCCAGTGCTACTGCATATAAAAGGAAGAAGGGCACCTGAGTAAAGGCTCGAAAAGAATGCGGCCGGTCCACTCTTCAGAGCCGTCGGTGGATTTGACGTTGATCCCTTATGGTTGCGCGAGCTTGCGCATCACCGAGTTTCCTACGCTTCCGGCGTAGTATAATTTACGATGCATTTTTTACTGGCTCTCAGGAATTGTCCTGGAGAAGAGTAAGCACCCGTTCGCGCATCCACTGATAGGCTTCCGGCTTGTTCATATGAGCGTAGAAACGCAGCGCACTCAGACAGATGTAACACTGATAGCAGTGCACGCGCTGCTCATATGCCGGCAGCTCAAAGCCACGCTGTGTATAGTAGCGCCGGATATACTCAGCCGTCTGCTGTCCTGGAAACCATAAATCCAACCAGGCGATATCATAGACAAAATCGCCATAGAGCGCGCCTATCCAGTCAAGCACAGCCACGATTCTATTCTCGCGCACAAGCACATTGTCAAAGCCATAATCGCCATGGACGAGATAGCGTTCTTCTGGACAATATGCAAGCAGCTCGCTCATCCGGGCATAGAGGCACTCGTAGAGATCGCGTTCCAGGAAGGATGTCTCAAAGAGCTGATGCCACTTCCCAAAGTATTCATCCTCGTCTCCCTCAGCGTTTACCCCGCTAAGAAACTCGCGCCAGCTAGAGCGCCTCCCAACGCCCTTTGCATCGAATACGCCGTAGCCGCTGCCGTCCGGCACAGCGCATTGATGAATAGCATACATCGTCTCGATCAGCGCAGGAAAAGCCTGCTTGTAAGCCTCAATGGGCAGACTCTTCATGGTCTGGCCCTCGATCTTATGAGAAATGGCCCCCTGGAAATCCTGAAACTTGCCAACGTAAACAATAGTAGGGATCGGAATTTGTCCAGAGCCGAAGTGCTGGGACACATAGAGCTCTTTGGCAAAATTGACGCCCATAGTATCGAAATTGAAGCGTACAATATACTCCTGGCCAGCTGTACGGCAAGCAAAAGCTTGCGCAACTTCGCCCCCGTCCAGCATTGTCAGGTTCTCGATAGGCGTGGCAAAATGGCTACGCAAAAAGGTAAGTACTTGTTCGGGTTGGAGAGTTGGCTTAGATCCGGGCATAGAAATCTCCTTAAACATAAAAGCTAGCTAACATTACGCGAAACTCAGGCCATCTGAGCGCAATAATTGATAGAATGAGCCGGGCCGTTATGCCAGCTATTAATTGCGCTGAGAATAACCTTGCACGTCAATGCATGATCTGCATCAAAAAAGGGGTAGAGATGGCAGTGTAAATTTCTTGAGGAGAAAGATCAGCACCGCTCACTCATGTTGCGCTACCAGGAAAGGAAGTTCCTCCTGAATATCACACAGCTAAGCAAGCCATAAACAGCGCCATGCGCGCCAAAGCAGAAAACACGCCCGGGCAGAGGA
CP035758.1_gap16	790994	792801	1807	GGCCCTGAAGGAAGAGCCGCCAGAGCTACAACTGCAGTCCGGGTCGCGTTACGTACTTCCAACTCTATTTTATACAGATCAAGATGATTTACGGCAAGCGGTTGCCCAGAGCATCACAAACATTCTCGCCAAATAATTTGCCCTATCCGCCCCAGAGCTGCAGATTGAGCAGCTCTGGAATACGGCGTTCGCCAAGCATAGCTCCGGCCAAAAGGCAGCGAAGAGCTACACATAGCATTACGCCTGCCAAATTGCTAAAATAGTCAGTACTTGCCACCAACGCTACGGCTATGTAGTATTATTATGGCCATTGGCAAGAGATGGATTCCCGCACCTGGCAAATCCATCTTTAGCAACAATATTTCAGCTGATATATTCTTCTCTTATATTAAGGTCTCGGAGGAGCTAGATGAGTGATGAGCAGAGAGGACCATTAGCCGGCTTTCGCGTGCTAGAATTAGGCAATATGATCGCCGCTCCCTTTGCCGGGCGGCTTTTTGCTGAGTTTGGGGCTGAGGTAATCAAAGTTGAGCGTCCAAAGGTAGGGGATGAGCTCCGCCGCTGGCGACTCTTCAGGGGCGAGAATTCCCTATTCTGGTATCTACAAGCGCGGAATAAGAAGTCAATTACCCTCGATTTACGCAAACCAGAGGGACAGGAGATTGCCCTCAAGCTGCTAAGCCACGTTGATGTGGTCCTGGAAAATTTCCGCCCCGGCACGCTGGAAAAATGGAATCTCGGCTATGAAGCTATGAAGCGCGTGAACTCGGATATTATCCTCGTGCGCATCTCTGGCTATGGACAAGACGGCCCGTATAAAGATCGCCCAGGTTTTGCCAGCGTCGCAGAGGCCATGGGAGGTCTACGCACGCTGACCGGCTATCCCGATCGGCCTCCAACGCGTATGGGCGTTAGCCTTGGCGATTCACTGGCCGGAATGTTTGGGGCGATCGGTGCCCTGATGGCACTGCTACACCGCGAACGTCAACGGCAGAATGAGCAATCCACGACGGGACAGGGTAATGGCCAGATTATCGATGTCGCGCTTTACGAATCCGTCTTTGCTGTTCTGGATTCTACGCTGCCCGAATACGATGGCTATGGCATCGTTCGCCAGCGCACCGGCAACACTCTGCCGGGTATTACGCCCTCCAATATTTATCCTTGTCGGGAAAACAAATGGGCAGCTATCGGCGGTAATGCCGATGCCATCTTCAAACGACTTATGCACGCCATTGGACATCCAGAGCTGGCCGACGATCGCCGTTTTGTCGATAACGCCGCCCGATCGCAGCACCAGGAGTTTCTTGATACTACCATCGCTGAGTGGACGGCGCAGCGCACGTTAGATGAGGTCATAACAGCCATGGTTGAGGCCAGCGTGCCGGCCGGTCCGATCTACGATGCCTCGGATATCGTCAAAGATCCGCAGTTTCAGGCCAGGGAGATGCTGGAAGAGCATAGCGTGGAAATCGAGCCAGGCAAGCCGGAGCCCATTCGCTTCCCGGGCATCGTTCCCAGGCTGAGCAAGACGCCAGGGGCAACGCAGTGGCTCGGTCCCCAGCTTGGCGCGCAGAATGCAGAAATCTATGAGAGCTTACTTAAATTATCACCAGAGCAGCTTGAAAGCCTGCAACAGGCGGGAGTAATCTAGCGCCTGCGTTCATAAATGATGAAGGCAATTTTCAGCTTGAGCTCACGCATTGCGCAATTTCCGCTAACATGCGGCACTTCCTTTCAGGCTTGATAAAACTGATGAAAGTCGAACCGACTCTACCACAAAGTGTCAGCAGAATTCGGTTTTGCC
CP035758.1_gap17	876365	879552	3187	GGACAATACGCGGGAGGAAGCATTAGCGTATATCTCCTACTATCCGCCTGCGCCTGACACTGAACAGCCACACGCGGTTAATATCAGCACATGGAAGCCTGATATAGAGCACCTGGCATGGGATGGGAAACGTATAGCCGCGAACGAGGATGAGGCGCGGCGATTAGTACACGAAGTCATGCGCGAACATATAAATTATTTCAGGGAGCTTGATAAACAGGTAGAGCAGGCAGCCGAGCCGGTGTTATAAAGCAATCGGGAACTGCAATTCATTGCCGACCATGTGGATAGACCGGATCTGTTGATCATCACAGACCGTTTGCATTAATGCGGCCTGTTAGCGGCTTGCGGAGATTTCAGGAGCCTTGTCTAAAGGTAAGGGAGCTTAGTGAAGCCATTGATCAGGTGGGGATTGCAAGCCTATCTCTGCCGTTCCTCTATCTCTATCGGATGTATGAGAGTTCCTAGCTGATTTTTTGTTAGCAATGGCAGCAAAAGAAGCGTACTGTTGCAAAGTGCGGTTTCGTTCGTTCAGAACGCTCACTACCCCACATGTCATTCCCGCTAAACCACCAATAATTGTCCAAAGCACCGTTATGATAACCTGAAGATGCCAGAATACAGCAGCGGCTACACCTGTAGTGCCTGGGGTGAGAGTTCCATTGAGGTACATGCCATGCTCGGCTGCAATCGTTACTCCTGCCAATGCCAACAAAGGTGATGAAACAAAAAAGCCAAATGCACCATAGACACACACTCCGATTACAAGGTCAACCCACGCTCTATTAACCTTCTGTATCCTATTGACCACGGCCTGATATAGTTCCATTCTATATTTATCCTTCTTGAGAGTTATTAGTGGAAATCAAAGGAAGCCTAGTAAAGATATTGACCTGGAGGAGATTGAGACACTGCCAGCATTTCCCGCTCATAGTTTTTTACAAAGCTTTTCCCTACCACTTGTCCATCAATATCAAGCGAAGGAGTATACCCTGTTGCTTTTTCATTGGCTATGGAAGCAACAGAAGACGGAACAGTGTACTGTAGGGTAGAATTGTTTTCTTTTTTACTGCTCTTTACCCCAATTAGCCCTCCTGCCAAACCACCAATAAGTCCTGTAAGTGCCGTTATGCCAGCCTGAAGATTCCCGAATGTTGCGACAGTTACGCCAGCAGACCACCCCTTTACGGTCAGCAAGGCGGAGTTGATGGCCATCGTTTGGGTAGTAGTATGTCCTATTACTACTCCAGCCATTGCTAATAAATGTGGGGCAAATAAAAGACCGGCTGCACCTAGAATAAGCGCACCGATCACAAAACCAACTAATATTTTATTTCCACGACTCACACATTATCCGACTGGTAAGATGACTCTTATTTCATATCTTAGCATAGATTCACTGCCTCTCCAATGGAAAGGCAGTGAACTTTTTGTGACAATAAGGTCGCTAGATAGATGGGCAAGCACCTGACTTATCGCCTATCCATGAGCACCAGCCGGAAGCAATCGGCGTATAGGTCAAGTCCATACCAAAATCCCAATTACTCTCGCACTTGTTAGAGTCATACAAATGGCCTGATGTCTTTTGTACCTCTACCCCGTAGATGGCATGCGCCGTAGTTCCGGGCGCGACCAAAATCCGTGGGCTGTTAGTTACAGTTACCTGTACAGCGCTCGCCACGCTATGATTAACCTGCTGCTTTACACTAAGAGCTATCGTTGTTATGATAAGGTCGATATCTTTACCGTCTAACGAGCTAGTGGCCTGCTTCTCGTCTGTAACCGTAACGGTCAAAGACTGACTGAACGTAACCGTCCAGTCTGTAGTAGTAGTACCACCGTTGGTGTAAACCTGTTGGTACAGGATTTGCCAAGCTACACCTTTGTTAGCGAGCTGGTCGTACACCCAATGGGGGATGCATTGCGAAGTGGGAGTAAGGAATGTATTAGATGTAACAGGAGTACATGTGCCGTTATAACTTGAACATTCATAAAGATCCGTAGTCGGGTCAGAACTGTTAGAAGATGCATAGAACGGCCAAGTACATACCCCATCTCCGTTCCCATTTCCAGGATGAGACGAGAGAGTACACTTTGTTAATTTGCCATTATGAACGTTATACGTGGAGTTAAGCGTAGTAGTGGTAGTGGTGGTGCAGCCTGCCATTACCAGCACCAAACACACTGAAAGTATCACCATGCCGTATAAACGATAAATCATTTGTCTTTTTTACCTTTCTGACAGCAGTATAAATCTTTCGACTTACACAAGAAACGTCGGGCACGAAGCCTAAATGTGCCTATAACTTCCAGTTCTTATCATCTCTAAAGCTGTCTCAATGAATTGAGAGAACAGGCATGACTTGAAAAGAGTACAGACAATATTAAAATATATTAAATGCTTTACAACTTAAAGCATGATTTTATTAAGCTTTTGTTACAGTTCTACCTTACTCGGTCTAGCGACGACAAAAAAAGAGCAAGTATTTACGCTTGCTCTTGTTGTACTGTTGCCTAGCGGTGGGTAATCAGTTTCCGCTGGCTTTCCGGGAGGCTGCCGCTTTCGTGCTGGTACAAGATCATTTGTCATGGCTACGGCTAGTTCTGCTTAATGCTGCTCCATCAACTCTATAAGAGGCTGGCCCAGCACACGGATACGTGCCATTGGAATAATCCCACTCAGAGCATCCAGACCTTCAGGTTAGTGTACACTACTTCAGTCGGCTGGCCGAAGTTTTCAGCAGCAAATCCAAAGGTGCCAGGTTTGTAAGGCAGGCCGTTAGCACTGAGGTCTTCATTCATAACAAACTGACTATTCACATAGAAATACAAATTGCCATTATGTACATCCAGCGTCATGATATTGGCCTGATTAAGCCCGGATTTGATGGCGGAGCTGGTGCCGGATTGCACGACCTGGGTTTGCTTATTATTTTCGGTGTACTGATATAAAGTGAATGTTCCCTCTGAACCTACATCCATCCTGTAAAAGCCGTTTGCGGTATAGCCAAAAACAATGCCCGCATCGCCGGGTTTCAGCATCCTCTCCTGCACCTGGAAAGCGAAATTATTGAGAGCTATCCCCCTGCCTGCGCACCACATCCAGTAATTAGCTGAATTGGTTATAGCAAGATGATAATCTTTTCCGGTGAACCAGCACGATCCGCCGAAGTTAAAAGTCAATACC
CP035758.1_gap18	886513	890016	3503	TTAATAATATCCGCGACCGCTTCCCGGATACGGATGATTTCCTGCGGGCCGGTCTTTTTATCATCCAGCACACGGGTCTTTGCGCCTAATCCGTTTTCATCTATCTCCCGTGTCGTGAACCAGAGGTGCGCGTGCCAGTTTCTATCATCGCCGTGGCGGTCGGGCGCATGGACACTCGCTATCACGGCAACCCCATAACGCTCGGCAAGAAAATCCGCCACTTCATGCGTTATTTGCTCGCGCCCTGCCGCATCCGCTTCAGAGGGCAAGGAAAACCTGCCGGTGCGTGCCGTGCGGCTATTCTTCCGCGTGTCCTGCGCCTGGGCTTCGTTCGTTAAGGCGTCAATATCAAACGTCCATTCCGGCACTTTTCCCTGCGCGGTGATAAACCATTGCTCGACGCCGCCCTTGCGCGTGTAGTCGGACGGCTCGTAATTGGGGGAGGCTTCCAGTTCCCTGTCATAGAGCTTGGTGCCGGTGATATAGGCGGCGGCTCCGACCGCAGTGCGCACCCCGGATCGACTGATGACGCCGATATCGCAACTGTACCAGTTGGCATCCACTACCATGCTATTTTCCTCCCCTGGAAAACCGCATTGGCGGCTTTAAGAAAATAGCACCTATCAAGGCAATAACTCGCAATTTGCAGTATTGCCTTCGCGCCCTGGCGCGATGTGTTGGGTAAGCCTTCGGCAAGGGGAAACTCCCCTTTTGAGAACGCACTGCAAACTGCGTTTGCGTAGGTGCGCCCTTCGGTCGTTTCGGCTACCGGAAATGTCGTTATATTTCGCATAGGTAACGCCATTTTCCCCTTGCGGGTTTACGCTATTTGGGTATCAACAGAGGTCGTTCTCCCCTGACGGGTATATGCTACTTCAACATTACAGCATGCTATCTGACGCTAGATGCTATATTATATAATTACGCATCCAGGTGCAGCTATTTTTTCAGGGGCAATTCCCGACCGGAACGACCGAAAGAGCCAAATAAAAAAGCGATGCGGCGTGAACCTATCATAAAATGTTCACTGGTTTCCAGACGGCTCCAGGAGTATCCTTTGTCCTGGAGTGTAGCCATGCTTGCATGTGCAATTCTCGAAAGGCAGGTTGGAAATGTCAGACAGCACCCGACCGAGAAGACCGAAAGAGCCGAAAAAAAAGAGCGCCAGATTAACCAATATAGACGCGCAGATAGCCGCGCTACAGAGAGAAAGAGAAACGGAAGCGAAGCGCATCAATGAAGAGGAATACAAAAAGGACACGCGCCGCAAAATCCTTATGGGTCAGGCGGTGCTGAAAGAGGCGCAACGGCGTGAACCCGTCAGAAAGTTTATGTACAATCTCCTGAACAGGGATTTGACACGGCCTGGGGACAGGGCGCTGTTTGATGACCTGATGGAGGAATGGGGAATGCCGCGCCTGCCCCCGCTGGATTCTATCCCGCCGACTCCGGTATCTGGCGGGCCGGTGGATGGACAGGCACCGGAGGAGAATACGCCGGAAATGGAAGATGCGTAGCCGGTAAGAGACGGGCGATGCACTGCTACGGCACCTGAGAAGAGAGGGAACGGCTACCGGTCATCTCCTTTGCTACGGTGCAGCAGCCTGAACCAGTAGTTCGTCCATAGGCTCTTATTATAGTATTCTATCTTTTTCTTGTATTCCATCTTTCTCTCGGCCTCTGTGGCTCTGCGCCGGGGATGCGGATGTCTGGGACGCTGATGCCGGGAAGGGGGATAATGGGAATGCGGATTCTGGGGCACGAACCAGAGTATCAGAACGGCTGCCGCGACCGACACCCAGAAAATGGTATCTATATTCTTTAAGAAGAAAGCCATACACTATCCTTTCACATTTGGGTTTGAGGTAAAGGGCGGGAGTTACCGTGCCTGCGCTCCGCGTTGGCAATAACCTCAAAGTCACCGTAGTATTTGCCTTCCCAGGGGATTAAATCCTCCCCCTTCGGGGTTAAATCTTCACGCTCTCCGTTTCGGACGATCCATATAGTGCCATACGTAAACCCTACGCAATCGCATTCTATGCGCGGGCCATCAAAGCCCCAGCTTTCCATTTGTTCGTCAGGTGTATTCCTGCCGTGATAGAGATGAAGTATTACCGTTGTCATAAAATGTCCTTTCCATTTCGGGTTTGAATGAGGGCGGCAGCGCTGCCGCCCTCCGGGCTTTAGAATTCCTGTCCGCTATCGGGCTGGGTACTCTTCGCCTTTGACTTGCGCCGCGCACGGTTCCAGGTGAGAACGTAGTCGCCGGTATCCGTCTTGTGGAGGAAGCAATTCCTCAGAGAGACGCTGGGATCTTCGATGGCGACGGACAGGTACGCCTTGCCGGTATTCTCGCTGGACTGCTTCCAGGCTACTCCCATCTCGCGGCCCGCTGCGGTCAAGACCCGGAAATCGGGAGCCTTGCCTGACCTGCTGTTGATGGGTTCGATAACGGCCTCTGCGGTGAATAAGAGCGTTTCGATGGTGCCTTCATAGCCTTTTTTCGTTTTCTTGAAATTTCCGATAATCATAACGTTTCTCCTTTTTCAGTTGCGAGGTCACACCATGTAACCTCTTGACGGCAACCGAGAAGGCGGGGTCGCTGCACGCTGCAACCTGAATTTTGTCTATCCGCGAGGAATGGCAACGTCAGGGGAAAATTATGGTTCGCGGCGTGCGGGGAGTTTGCCAGGTTAAGCCGGTGAAAGAGGTTTCTGGCTGTGCGAGCCTGAAAAAGGAAATCCGATGTGATGGCCTGGAAATAAGAAAACAGGGAAACATGGCGGCAAGGCATAGAGCGCTTGTGATACGCACCTGGAGGCCATGAAACCCGCAACGCGCCGGGCGGGGCTAGCTTCCGGTTCCGGTATCCTGGCCTAGTGGCCGTGAACGGGTAGCGCGGTATGAGGAAAACAGGGGGCAGGAGTGGCAAGGGATATCGCTTCGTCATCGGTGAAGCCCTCACCGCTTCTATTGTTGCGTTCCGCGTCCATGCTGGTACACGGTGCATTGTTCTCACGGAGGCGATGCACAGCCAATCAAGGGCATTGTGCCACCCGATGCTACAGGGCAGTTCTCAATGACTGGATGGGTGTGGAGAAGCAGCAGGCACCGCCGCTATGGGTCGGGATGCCTGGCATTTTCTACCAGGAACGTGCGCAGTTCCTCACAACGGGCAAGCACTTCATCCCGCTGCGGCGTTTGCTGGATCTTCTCCCTGGCCTGGGCCGTAAACACGGTGATGGCAGCCTCAATATATCCCACGTCGCTGCGGTTAAGCGCCGTGAAGCCGGTTTCAGGAAGCAGTTGCAGTTTCACCAGCAAGAGCTGGACTTCCACAATCTGCCGCGTGCGCCTGACTGATGGTGCGGTGAAGTTCCATAAATGCCGCTCATAAAAATACAAAATACAGGAAACCGCCTGGAGATGGCTGCGCGTCATTCCCGCAACCGGCTCGTTGCTTTCTTCCACGAACGTGCTCCTTTCCGCTAATGCTGGCTACG
CP035758.1_gap19	892562	895342	2780	TTTTTATAGAATTACCACAGGCTTTCCTGGGCGAACTCCTTCCGGTGGCTCCTGGAAGCGTTCGGCGGGACGCAGGTTGACCTCTCCCCGCGTGATACTGAGCAGCATGGCGTTCTTCTGCACGCGCTGCGCCTGGCAGACACACAGGGGATTATCGCAGAAGGGGTCTTTCAGGCTATGGATGAGGAATACGGGGACGATGGTTTGTGGAATGCTGGTGTCGGTCATATAGGCAAGCGTCAGCGGTGGCTGCTTGTCTTCTTCGGGAAAATCCGGGAACAATGTACTGATGCGTACACTCATGGGCTTACCTCTCCCTGAATCGACAGGTAGCGCCAATCGTGGTAAACTACCACTAGGCTTTTAGCCTGTCCTGGCGGCAAAAACCCTCTAACGCAGTGTCTTTTGCCGCCACTGTGGAAACAGTTAAAAAGGATGGGAAATTTCTGATTGGGCTGTGGAACTTTCTCAGGGTGTACACAGCTTCAAATCCGGTTTATCAAAAGTCTCTAGGGACGCCTGGGTTCTTCCTGGGCGTTTCTTAGCATCACCTCCTTAAATAAGCCTGGATGTCAGTCGGCAAAATTAAGCCCTTCAATATCCATGTAGGTGATTTCTTTTTCTTCACCTAACTCCTTTAATCCCCTGGATATGGCGTTAGCAATCTTCCCGGCAGTCGCCTTATAGATGCTGTCGCCTTTTTCGGCGTCACTTACCGTGGCGGCGCGGACACCGGCCTCACGGGCCAGCCTCGCTTTCGACCATCCAAGCTTAACCCGATACCCTTCAAGCGTCATAGGTTAAGCCACTCCTAAACAAAGATAATTTCTTTTATAAGTATGCCATTCACACTGCTACGCTGTCAATAGTTGCAGGACGCTATCATACGCTGTGCATCATCACATTACGCTTCATGGCAAAACACACTGTTTTATGGTATAGTATAACTAACTCTATCGCTTGGGCTAATCCGTAAGACCGCAGAACCGTAAGGCGGTGTGGAACTGTTCATTTACAGTGCATTCCCTAAATCTTGAAATTCTCTGCTATAATATAAGCCAGGCGGAAATACACCCAAACGGAGGGCATTGCCCTTAGCACCTGTCAGACGAATGCGTTACGGAAAGGAAGACGCACATCATGCTACAGGAATTCATGTACCGGCGTGCCAGCACGGAGAGTGCGGACAGACACACGTTGGAACAGCAGGAAACTGCTTGCCGCAATTATTGCGAAACAAACGGCCTTACCCTCGTAGACATATTCCGGGAAACAGGCAAAGGTACACAGCAGGAACCCGGAACCTCGCCTGCTGAGCATAGAGAGGAAAAATAACACCATGCAGCACGCAACCTCTCAAGTACGCACCTCGGAAACTTCAGGGAAACGGGTGTTTCTCTACTGCCGCGTTGCTGTGAACGACGCGACAAGCAATGCCATCCTGGATCGGCAGGAAGCCGCCTGCCGGGCATACTCCACACAACACGGCCTGACCGTCGCGGGCGTGTTTCGGGATAGTTGCGGCGGCCTGCGCTGGCAGGACATGCCGGAATTTACCCGTATGCGGAAACAATATCTGGAAGGGGAAGCAGATGACGTGGTTGTCATCGACCCCAGCCGCATCAGCCGCAACACCAAACAGCTCTTTATCCTGGTGCAGGAGATGGCGGAACATGGCATTACCCTCTTCTGCGCGAGTGGCGGTCACAGGGATGCTTCCAAACTGGCCGTGTATATGCCGGAAGCGGAAATCGTGCGCTCACTTTTCGAGCGCTACAGCCGCTAAGAAAACGCCGGAACCGGACGCCGCCCGTCTTCGGTTCCTCCAGCACAGAAAGTACAGGTGAAGGAATTGTCCGCCTACCAGAAAAAGCAAGTACAGGAAATGACGAAACGGGTGCTGCGTGCGGTCATTTACTGCCGCGTCAGCACCGATAAGCAGGAACAGGACGGCGAAAGCCTGGAATACCAGGAAGAGAAATGCCTCCAATATGCCGCGCTACACGGCATTGAAGTCATTCTAGTCCTGAAAGAAACCAAGAGCGGCTACATCCACTATTCGCTGCGGGAGAAGCTGACGGTTGCCCGGCAGATGCTCCGTGACGGTCTGGCAGATATGATTATCGTCTGGGATTTACGCCGCTTCTCGCGTAACTTCGTACACTCCGCGATGATTTTTGAGGAAATCGAGAGCCACGGCGGCGAGATTGTCAGCGTATCTGAGAATATCGACAATAGCCTCACAGGCAGGTTGATACGCTCCATTCTGGCATGGAGTGCCGAATCCGAGCGTGAAAAAATTGTTGAATATGCCAACCGTCACTGGAAGGGCAGGTTCGAGCAGGGACTCCCTATCGGAACGGGCCGCGCCCCTTATGGGTGGGATTGGAAAGACGAGGATAAGACTGCCTATATTATCAATAAAGAGGAGACCGGGGTACGGCTTTCCATTGCGGAAATGTTTCTTGAAGAAGACATGAGCCTGCGGGCCATTGCCCACCATCTTACAGAGGCAGGTATAACTACTCCCACGAAATTACGGGGAGTCAATAAGAAAGAGAGTTTTTGGCGAGCTTCCACCGTTTACATGTTTCTCGCTGATCCGGTTAACATCGGAGTGATTACTATTGCCCGATCCGTGACCGTGACAGGCCCCGATGGCCGTTCAAAGAGGATTGCGAATGAGAACGCGAAGGTAGTTCCTGGCGGCATTCCGGCAATTATGACCGTGGAAAGGTATGAACTGATACTTGCGAAGCTGGCAACCAACCAGGCGACTA
CP035758.1_gap20	898215	900090	1875	ACAAACTTAACTTTGAGATTGAATGCACTCCCTCCTGGAACCGGGTTCGACGATTTCATCCATTGTCCATTGGTTAGCGTGTACAAGAAAGCCCTATCTTCAAAATGCGTGGCGTCGACCATCTCCACTTCCTGAGTAGCTGTTGGAAGACGATTACCCCTTACCTGCCAGGTGTTTCCGCCGTCCTGCGTCATATATATATAGTATGTATCTGTCGTATCCGCAGTAAAAGCGGCAACGAAATAGCCTTCACGCTGGTTGAAAAATGAGAGGTTGAGCAGCCTATAGGGCTGTAGAGTTTCTTGTGAGGGAAAAGGAAGGGCCGGCGACTGTTTCCAGGTAGACCCACCATCATGAGTTACATAGAGAACCTCTGGAAAAGCACGAGGATCGCTGGGGGCAATATGCCCGGGCCCATCGATGGAAGTAACTAACCATCCAGTGTGAGCATCAGTAAAGGTGAGTAGGCTACCAGCATATTTCAAAGGCAGGTGAGCGACTAACTGCCAGGTCTGGCCTCCGTTATCAGTACGGAAAAGCGTCTCATCGTTTGCTGGGAATGGCGTTCTATCGTTACCCCCTTTTATCATCGATGGGTCAGGCAGCGGTGTCATTACCCAGCCATGCATGTGATCAAGAAATGTCCAGCTAGAAGTTCCCATCCCGTTTTTAGCGGTTACCGGCGTTGTAGGCCAATTGCAACGCTGCCAGGTCGCTCCTCCATCAACTGTGCGGTAGAAGTACAGGAGAGCGGTACCAGCTCCAGCAGGCTGGATTGGCTGAAGGAAGGCCATATCAGCATCAAACACAAAAACCCAGAAATCTTTTCCCACAAGTTCTTGTGGGAGCACGACTTGCTTCCAGTCCTTGCCACCATCGGTCGTACGAAAAAATGGAGTATTAGGAGCAGAAAATAGATTTTGATCGGACCAACCCACTTGCGAAGTTGCCATGTATATGCCGTTTAATTGTGCTCCAGAGCCTGGCAGTCTTGGAGGTGCTGAGGAAATACTGGTTGACTGGTCTTTGTGCACCGATACAGTGCCCGATGCAGCTGTCGATTCTCCTGGAAAACTACAGCCAGGAAGCAAAATAAGCATGAGGAGTGCACTCATCAATAGAAGCAGCGCATATCTCCGCGAAGGTTTCAAATGAATTTTCCGATACAAATTCTACCTCTAGATAATCTGGGTTATACAGTTTGTGACAGCATCTTAAAGTAATGGCAGTCAGATATGGCCAACGCTCACAACAACTATTCTTTTGCAGTACTGATCTCGTGATCGCGAAAGAAAACGCGCCAGGGACCGCAGCCGAGCATAAAGGGCTGCATGAGCGCTCTCTCGCCCTGGACTGTGTGCATCAAATCGTGAGCTGCCCACGTGTGAAGCATCTGGGCCAGCGTTACAGTGCCGAACTGCGGGTGCTGGACGGTTCGTGTCAGGTCGTCGTCTTGCAAGCTCTGTAGCGCAACAAGGCTTTCCTGGCGTGTGCGCGCAAATGTAGCTACAAGCTCCTGCGGGCTCAGACCATCAAGTCCCGAATGCACCAGGCTTGGATCGAAGGGGCTAAAATCTTCTCCGGCCAGAAAAGCCCGCAAACGGACAGGAAAATTCTTGTACTCCGCGTCCAATAGATGCTGCAAACAATTGAGCGCTGACCACTCTCCAGCAACCGGCTGGCGTGTCAGCAAATCAGCAGGAAGGGTAGCAACCAGGCGTTGCCAACGTTCTGGAGTGGTAGAGAGAACAGCCTGGACATGCTCTAACAAGGTATTCAACAGAACCTCCTTTGGCCTGATCAATGATCTCAAAGAGCGTGGGAATCGGTGATTCGAGCTAAATAGTGCTGAAGTGCAGAAATCTGGCCGGCGAC
CP035758.1_gap21	902818	906944	4126	CTGCGGAAAGGATAACTGCACCCGCCACACCCGCCTCAACACATTCGGCAATCAGGGCAGGCACAGTTGCAGCAGGCGTGGCAATAATGGCAAGATCGACCGGCTGGGGCAAAGCCGAAAGTTTAGGGTATGCCTTTACGCCCAGAACGCTGGCGCGTTTGGGATTCACCGGAAAGACTGTTCCCCCAAAGGGGTTGCTAATCAGGTTCCATAGCACAGTTCGCCCCACGCTTCCCGGCTTTTCGGTTGCCCCTATGACGGCGACACTCGTTGGCTCAAAGATGGCATTTAGAGGATGACGCTGCTTATAACGAAAAACTGCAGTGGGAGTGACGCTGCCGGAAGCAGAGAGACCTCCCGTTTTCCTTCTCTCCATATATCTCGATCCTTCCAAAGGCACTAACATGCATCGTAATATATCCATTCAAAGAGTGTCAAACTGAGCTCTCAAGCCCTTCTCCGTCTCGCCTCTTCTTACCACAAATTAATCACATGCCCACAATTGTCGCTGGTAAAAAGAGAAAGGGCAGGAAACTGGCTTTTCTAAACCTCTCTCATCTCTCGTAATATTCCCGAACAAACTAAAACCCTCTTACCCTCCTCGCTAAGCAAGAGTATTGCCAGGGTTGACATTCACCAAATTAGAATATATATTTTAATTATGAAATGTATATTCTAATCTTAGAATGATGGCCATAGAGCATAGCCGAATGCTCGTATGAGCAGGCAGACAAAACGTATTTCAGGCGCGAGGAGGGTGCTAGTCTCATTTAAAGCAAAAGTTCCTCCAGAACACAAATGTATTAGGGGTAAGACGTTTGCCTCCTCGTTCGTTCCCAACTCCCACTAAAAAGGATATTCAACTATGCAACAAGAAAACACACAGTTGGCGCGCAAACGTATTCTTCAATATCTCATCTGGTTCCACTTCGCTATCAATGTATTGCATACGGTTACTCATATTGGGGCGGGAGTCATGCATATACCCCTGTTTCAAACAGTCTATGCCGTTGGGGTAATTATGCTGGCCCCCTTCATTGCCCTCATCTGGCTTCCGCGCTCACTGCGTCAGGCCGCCGGTATCCTGGTATGCATTCTGATTGCCTCCTTCATTTTTGGTTTTTTAAACCACTTGCTTCTACCCGGCGCTGACCTGGTTTCCTCAGTCACCGGTATGTGGGCTCTGCCCTTCCAGCTTTCCGCCTACCTGGTTCTCCTGACCGAGATAGCTGGCATCGGCTTGTGCTTCTGGATAATCATCGTTAGCCGGCCAAACCAGCTGCGCAGCTCTGCTCCCGGCCGCAAAAAACAAGCCTGAGCAGAAACGCTTGTTAGAAGAGGTTGAGAGAAAAACATGAATATTCTCGTCGCAGGAGCCAGCGGAGCCATCGGCGTTCCTCTGGTACGCGCACTACTTGCCCATGGCTATACAGTAACCGGGCTCACCAGAACCCCGGAAAAACGTCAATTGCTCTCGGACCTGGGAGCCGAATCCCTGCTGGCAGACGCGCTTAAGCGCGAGGAGTTGCTACAAGCAGTGAAAGGGCGACACTTTGATGCGGTAATCCATATGCTCACCGCCCTGCCCAGGGGCGGACCAATGCGCCACAGCGACATGGACGCCACCAATACCATACGCAACCTTGGCACAGGCAATCTTCTCGCCGCCGCCAGGTCCGTAGAAGCCAGGCGCTTTCTCGCCGAGTCTATGATCCTGGGCTATGGCTATGGCGACTGGGGGGAACAAATTCTTAGCGAAGAGCAGCCATTCGGACCCCCCGGAAGCACAAAAGCTTTAGAACGGCATGTGGCCGGGCTGCGCACGCTGGAAGAACAGGTTTTTGCCGCCACGAAGGCCGGATGGCTAGAGGGCATTGCCCTGCGCTATGGAGCCTTCTATGGGAGGGAGCTTGCAGGACAGATGGTGGGCCTGTTACGCCACAAACTTCCGTTTTTGCCCAATGGAGGCCATAGCGTGCTTTCCTGGATCGCGCTCGAAGATGCGGCAAGCGCGATGATCGCCGCACTTGAACGCGGCCGAGCGGGCCAGGCCTATAACATTGTGGATGACGAACCAGTAAGACTGCTAGATTTCTTTACTTGCATGGCTCACATCTTCGCAGCCCCAGAGCCACGCACGCTGCCCGGCTGGCTGCTTCGGCTGGCCGCCCCCTATGGCTATATCTTCCTCGGGGGCACCACAATGAGAGTATCTAACGCCAAAGCAAAGCAAGAACTGGCCTGGGCTCCAGCCTTGCCCACCTATCGTGAGGGGCTGAAGTGGGCAGCCCAGGGCTGGGACGAATAGATTGCCCTGACAACTGTCTGAAAGACGACAGTCAAGCAGGTCGGAAACAGCATTACCTTCTTGCCAGCAGAGCTGAGGAGTAATATTGTTGCCCGATCATTAATAAAGCACGCTCTTTTCTCTACAATATAATTTTTCCAATTTTCGCATTATTTATTCACGATTTATAGTTCTCTATGCTGTATGGAAATGTTTGGCTAAGCCTATGCAGGCTATTGCTACATTAGATTAAAATTTTGCTAATATTCTTCTCAATTTAAATAAACACAGCTATCTACCTCATGCGTTGCTTGACCCTGAAGAAGCTCTTATGGTATGCTTGCTTTGCAGTAGCCGGTTCTCCGGATGGAGCTAGATTGCGCGTATAAGCAAGCGGCCTGTATTTATAATGAACATCGAGCGCTCTTGAGCGCTCCATATTTTTTGCTCCAATATCTCAGAAAGTTTTTTTTGACTATACTCTGCAATGCTTATTGATACAATTTTAATATTGGTATATTTACATGTATCAATAATTGTCAAATTCAGCTTTTGGAAAAGATATTTATGCATTTTATCTATCCCATGTATTTATGTGCTTTATTGAGGAAAGGGGTTGTATTTCTTGTCAACACCACAACTACGTCCTGGAAAATCCCTTACCATTTTTGGTATCGCGGGATCGACCATCGCCCAGATTGCGCCTGCATTTTCCTTTTATTTTGGCATGGCGGTAATCGCCGCTGGAGCGGGGATAGGCGCCCCCTTAGTCATTCTGGTAGCGGCAATCGCCATGACCATCGTAGGTTTTAGCGTCGCCGCATTCGCCCAGAAGCACCCATCGAACGGCTCATTAGTCACCTTTCTAGGTCTCTCATTTGGCGGCGTTATAGGAACTGCGACAGCCGTACTTTTCACGGCCGCCTATATTCTCCTGTTAGCTTCTGTTATGTTAGTTGTCGGCGGCTGGGTTGCGGATTCGCTGCAGAGTTTCTATAACATTCAGATCTCCTGGATTCCCTTAACGATTATCTTTACCGTCATCGCCTGGTTCCTCACCATCAGCGGCATTGATCGTTCAACCCGCGTGGCCACGGCGGCGATGATCATCGAAGTAGCGATTCTCTTGCTGGTCTCTATTTTTGTCATCGTTAACCCGCCGGCCCAGCTTTCAGCCGCCCCATTCTTGCCATCATCTATCAGCAATGGTTTAGAGGGTCTGGGTCTAGGCTTTCCCTTAGCAGTCTTCCTCTTTATTGGCTTTGAAAACTCGGTGGCGCTTGCCGAAGAAAGCGAGCAGCCTCAACGCAACATTCCACGAGCGGTACTTACCAGCATTGGCCTGATGGGGCTGCTTTATCTCATAGTGGCCTATTGCACAGTAGAGGGTTTCGGCAACAATGCAGCAGCTCTGGCCAAAAGTTCCATTCCATTCATGGACCTGGCGCAGAAGTACCTGGGAGGGCTGGCAGTACTCGCAGCGCTCGCCGGCTTTACCAGTGCCGCAGGCACGCTGCTGGCTGGCTCAAACAATCTTTCACGTGTCATCTTCAATTCCGCCCGCGAAGGGCTCTTCCCGGCTCCTCTGGCCCAGGTCTCAAAACGCTTCGGGACGCCCATCGTTGCCCTGACGATACCCGCCATTCTCGCCTTAGCGATTGCCCTGATCGTTGGTATCGGCAGCGGCGGATGGCTCACAGGATATAGCTATGTCTCCTCGCTGGGCTCGATTCCGCTGATCATCATTTATGGCGCAATCAACGTCGCGGTGATCTTCTACAAGCCCTTGGGACTCTCGCCGTTGCGCCGCTATGTCCTGCCAGTTATAGGACTTATCAG
CP035758.1_gap22	912943	915452	2509	TGGTCCTTCAAAAAAGTTCCAGCCCCAATGGAAACCAATGATCCACCATAGGCTGCGCGTTAGCATATAGATGGCAGCTATGGTGATGCCCGCACTCAGCATAATTGCCACCGCGCTAATTAGCGTTGCATGCGGGTTTGCGAGATGCGAGGCACCAAAGAATATAGCGCTAAGCACAACCGCAATCCACGAGCCGAGAGGACGCTCCAACAGACGAAAGATAATGGCCCGAAATATGATCTCTTCCTGCATAGCGGCGGCAAAGAAGATAACAAGCAGTGGTATAAGGATTGCTGGAAGTATGCTCAGCGGCGCAATGGAGGTAATACGATAAAAGCCAAGCAGAGCCAGCACACCAACGACAGCTCCTATAGAGCAGCCACCAAGCACAAAGCTAAACAAGAGCTGCAAGAGAAATCCCCGCTTGACTAAGCCTACTTCGCTGAGGGAGCGATGTTCTAAATAGCGGGTAGCCAGAAAGAGAAGAGCTAGCAAACCCAGAGCCAGCACAACATTTGAGATGACGTTGCTCAACAGCACATGTGGCAACATCCTAAATACCAGCTGCAGCAAGCCTATCAGCACAGCTATAGCGGCAACTTCGATGATCAGTTGAATAAGCGAAAACGACAGAATACGCCGGACAAAAGACATAGAAGCATCCTTTCTTCTCAACGCTCGCTTGTATAGCGTTGGTAATGTCAGTACAGCTATCGGTTAAGGGTCCGTGACCAAATACCTCAAGGGCAGATCGGCGGCAGAGAGCATGCAATCCCTGCAGACTCTCGCCAGCATCCTGACACTCTATTCTTCTATTTCAATATGGCCTACAGATTCGCGTATCCAGGTTGGGCGATAGGGAAAACGCTCAGCCTGCTCGCGTGTAGTCACGCCGGTCAGGACAAGAATTGTGCGCAGTCCACTTTCGATGCCTGCAACCATATCGGTATCCATGCGATCCCCAATCATCACAGAGTCTTCGGAATGAGCATTCAGGCGGCGCAAGGCCGTACGCATCATCAACGGATTGGGCTTGCCAACATAATAGGGCTTCACACCGATTGCCGCACTGATTAAGGCCGCCACAGCCCCGGTTGCCGGAACGATACCCTCTTCATCTGGCCCCATAACATCTGGATTTGTCGCGATGAAACGTGCTCCGGCCGCGATAAAACGAATGGCCCGCGTAATGCGCGAGAAGCTATAGGTTGTAGTTTCGCCAAGCACAACATATTCCGGCTCTTGATCTGTGAGTACATAGCCGATATCATGCAGGGCCGTCGTCAACCCGGATTCGCCAATGACATACGCGCGCCCGCCTGGACGCTGCGAGTGGAGAAATTGCGCGGTAGCCAGGGCAGAAGTAAAAATGGCATCGGCCGGCACATCTAATCCCATGTAGTGCAAGCGTACCTGTAAATCGCGTGGCGTATACTGCGAGTTATTGGTCAAGATTAAGAAGGGAATCTGCTGGGCTTGTAGACGTTGCAGGAACTCTGCAGCGCCGGGAATGAGCGTTGACCCACGCACAATCACCCCATCCATATCGAATAAATAATGCTTGATACCTTCCAATGGCACATCCTCCGTTCCGAAGTACCTCTAAAACTTTTGTGAGCTAGGGGACCAGCCTCAGTGTAGCTTAAAGATTTGTTGCATGTCAATGACAACAGCTAGTCGTGGCTCATCTCTCTCAGTTATAAGTAACTGAAACCAGGGTTCCATAGTGACAAGTTACCCCCTCGCCACGAAACTGGCATAGCTAATTGTTATTTTCGCGTGCTCTCAATCTGTAAATAACGTTTGGGTGAGCTTCCCAACGATCTTGACAGCTCACGCCAAGGATATGTTAAGATCAAGGCGGCATCTAACATGGTATGAATAAAAACTGTGGGGAATGGAGAAAACGGGTCAAAATGTGTGAGGAGGTGTGGAAGTTTTCTACTCGCCCCAAGCGCTTAACTTCCTCCTTCACGCGCTTTGAGAGCAGATGTAACACTTTCCGAGCAGTGGCGTTGCATAGAGTGCAATCTCAATTCGCAAAGCGCCTTCAGCAGAGAGCGCCTTTTGTGTTCTGCTTCTACGTGGGATGCGGTGCGATCTGGTCACAGACGGCATCTCCTCCTGCAAGGAAGAGATACAATCTCAGAGAAGGATGGAAGTATACAATGTTGGAAACACCTTCTTCACTCTCATATATTCAACGACGGCTTGAGGCTATTCGACAGCAGCATTTGCTGCGACGGCTTAGCGCGCCTGGCCAGCCAACTGAGCCCTGGATAACTATTGACTCGCGCAAGCTGCTCAATCTAAGCTCAAATAACTATCTTGGCCTGGCGCAGAATCCACGGCTCAAGCAGGCTGCGGCCAAAGCTCTTGAGCTCTATGGCTGTAGCGCTGCCTCATCACGCCTGATCGCTGGAACTACAGCTTTCCACGCTCATGTAGAGGCTCGCCTTGCCTCTCTTTATCACTGTGAGGCTGCCCTTTTGTTTAGTAGCGGCTACAC
CP035758.1_gap23	943039	947977	4938	TCGAAAATCTACGGCTTCACAGGTAGCGTGGATAGGCACGTTGTCAGCAAAGGGCTCAATAAATGCGCTCACAGCTCCAAGTGACTTGACACGATGCAAGATTTCCAACAGTAGCGTACGCGCAAAGCCGCGCCGGCGGAAATCATGATGCACGCCAATCGGCTCGATCTGCGCTACCTGACGCTCGGGATTAAACCAGCCCACACAGAAAGCGACCGGCGATCCATCAGGGCCACTAATCACTAGATCCAGCTCGGCGCGATATTGTGGAGTACGCAACGAGCGGGCGCGCCAGGCAGAGTTCATCGAAGCGCTCTCGAAAGCCAAACGATGCAGTTCGGCGTAGGCAGCAACCTCTTGCTCGCCCAGCAGAGGGCGGAGCGTAAAGCCTTCCGCTAGCATAGGGATTGGGGCAAGCTTGTCAAGTGCATGTTGAAAGAGAACGTAGCTATCGTCATCTTCAAGCATAAAGCCCTGGGCCTTTACCAATTGAAGGCGCTCATAGTCGTCGTCACGGCACTCCACCCAGTAGGGCAGTGGCCTGCCCCGCTCATTATCAAGCTCGCGAAAGCGCGCCTCAGCCCAGCTAAAGAGCTTAGCCTCAACTTGCTTGGCAGTTGGACCAGGCAAGATATAGAAGTCGAGCGCGGCCCAATAGATCTGCCAGGCGGCAAAGCCTACAACCCGTCCATTCTCATCTTCCCAGAAGGCGGCATCACGTCCCTCTTGAATAGCCGGCGAACTGAGTCGCCAGGGAAAGTCAAGCGCATGCCGACAAGCAAGCGGCATGCGCTGAATAAGGGCCAGGACGCGCGGCAAATCAGGCTCGCCGCAAAATGGATAGCCTGTAATGATCATATAATTCTCCTTTCGCCAAAAAACATGACAAAAGGCCTTGAGCGAGGATGTTCCAGACTGCCGTACAGCCAATCTTAGTAACGCGCGTGGACATGATTATAATTAGGAAGGGAAAAGCCATGGGCAGCTGTTCTTCTACTCGCCCACGGCCCGCTGCATAAAGGGTAGTCGCTTGCTACCTTTGAGGAACTTGCCTTACCTCAACATGCATCCTGAAAAAGGGCATACTCCGGCCCTGGGCGACCGAGCGCCGTCCACAAAGTATGCTACAATTGCCTGGCCTGCTGGTTCTTAAGGCCATCTAAAGCCTCGCATTCTATCTCTTGCAGAAAACATGGAGAAATACACTATATGCTAGTATAACATAGACCCTTCCACATGCTGGCTATACAGAGTGGAAGGGCTATTACTTTCTCTCTTGCAGCGCTCTTTATTTTTTGCGTTCTAGCAGAACGGTAGGAACTTTGCGTGTGATCTTTGTCATAAGATCAGCGAGAGCAGGTATCTTCTGCACCTGGATTTTCCCGAGGCGCTCCCCCTCCGCGCTTTCGAGGACGATGGCCCTGGCCTCAAACTTCTCAGAACCCAGCTCAACGGTTACATCGGGATGGGCGACCAGATTGTGGTACCAGGCAGGATTAGTTGGTGCGCCCCGATTGCCGGCGAATACGTAGATGTGACCGCCCTCGGACAAATACGCCAATGGAGTAGTACGAGGCTCGCCACTTTTTGCTCCCGTCGTCGTCAGCAGGAGTAGGGGAGCGCCGGCCAATCGGCCGCCAACGTGGCCCCCGCTGGCCCGAAACTCTTCTATAACCTGACGATCCAAGTCAGCGGGAGTCTGGCGATCCTGCTCATGCAATTCGTTCTTCTCAGACATAAAATCCTCCTTTTGTCGCTATCATTTCTTTTTATCGTTATTAGTTAATGCTCTATGCATCATGTCCACTGGGCAACCATGACGTGTAGGCCTGATCTGGTACCAGGTTGACCCTCACACATAAGACGCTAAAAGCCCTGGGCTGCAGGGCACACGCTTCCTCGTAAGCGTCGAGGCGAGATGCAAGCTTGATAGCCTGAGCAGCCTCAAATTCATTGCTCGCCGTATCAAACTCAACCTGATGACAGGACCCTATGTAAAAATGTCGATTCTACGCAGATTATGCCTCGTGCGCAAAGTAGTAATCCTTGTCGAGATCCGCTAGAAGGCCGGGCTGTACGGGATACCATTTCAGGCGTTTTCGGGTCAGCGCACTTGAAGCCGGGATGTCTCTTGAGACGAAGCGTCCAAGGAAGCCGAAGTGGTCGCCGGCTTGCTCAACAGGCAGAGAGACAACTGGAACGCCCAGGCGCCGACCAATGACACTTGCGATCTCACGCACCGGTATCCCTTCTTCAGCTACCGCATGCAGGCGTGAGCCAGCCTCGGCGTTTTCCAGGGCCAGCCGAAACAGATGAGCCGCATCAAGACGATGCACGGCAGGCCAGCGATTTGCCCCATCGCCTGGATAGGCAGAGACGCCCTTCGCCCGTGCAATATTGATGAGCCAGGGGACAAAACCGTGGTCGCCCGCCCCGTGAACCGACGATGGAAGGCGCAAAAGCGAGGCACGTACCCCGCGCGAGGCCAGCGAGAGCGCCGCTACTTCCGAGAGAAGACGAGTCGCCGAATTGGGATCGCTCTCGTCCTCCTCCGTCCCTACACGACCTTGCCGCAAACCTCCGGTTCCCGAGGTCACGACGAATGGGCGACCAGACCCGGCAAGTATCTCTCCAATCGTCTCAATGGCACGCTTATCTATTCGCGCCGCTTCCATATAATCGGCAAAATCGTGCATGTAGGCGGTATGGATCACACCGTCTGCTACTGCTGCCCCGCTGCGCAGACTGTCAAGATCGTCAAGCGAACCTCGGTGGACCTGCGCGCCGGCAGAGGCTACGTTTGCCGCAGCAGCATCTGAACGGGCCAGGCCAAGGACCTGGTGCCCTGCCGCCAAAAGCTCAAGTACGACAGCCGAGCCGACAAAGCCGCTCGCGCCGGTAACGAAAACTCTCATTATAAATTCCTCAATTAGGCACAGGATTTAAATTATAGTTACACAGTCGTGTAGTCAAAATGTAGACATGCTTTTATATATGTCGGCCTCCCTTTCGAAAACTGACTTTCATTGCACGACTCCCCATAGCTACCGATCCCTGTTTTCGAACGTTGTTTTCGATACCTCGAAATTGTATACTGAAAGGAATATCAGAACAAGACGAGAGCTTATCATAGGAGTAAGATTCCTAATATTCCCGCGACAAAGGCGGGCAAAGGAAGCAGAGGCAACGATGGAACGTGAGCAGGAGGACCAGCGTTTACAAGAGCTCGGCGATTTTCTGCGCACCCGGCGAGCTCGGCTGGCGCCTGAGGCCGTTGGGCTGCCGCGAGGAAGCCGGCGGCGCGCGCCTGGACTCAGACGTGCAGAAGTGGCCCAATTGGCCGGAGTCAGTGTTGACTGGTACACCTGGTTGGAGCAAGGACGCCCGATTAGCGTTTCGACGCAGGTCTTAGAAAGCCTCGTCAAGGCTTTGCATTTGAATACCTATGAGCGCGAGCATCTTTTCTTCTTAGCCCACCAGCAACCCCCTCCAGCCAGGGGTATGGAACCGGAGACCGTGAGTGCAACATTACAACACTTCCTCGATCATCAGGGTCTCAGCCCGGCCTTTGTCTCCGGCTGGCGCAGTGATGTGATAGCCTGGAACGAAGCTGCTCGCGTTGTCTTTGGTGATTTTGGGCAGATGAGCAGCCTCGAACGCAATTCCGTCTGGCGACTCTTCACCTCACCCAGCCATCGGCAAGGGCTTGTCGATTGGGAAGGACACGCGCGAAAGATCCTGGCCCAATTCCGTGCCGCTTGTGGTCGGTATCCCGATGATCCCCGCTTGAGAGAACTGATCCATGATCTGATGCTTCGCAGCGCAGAATTTCGAGCCTGGTGGCCCGATCACGAGGTGGCCAATGCGCCAGAAGGGCAAAAAACGCTAAAGCATCCCCGCGTAGGCTATCTTATGTTTGAGCATATCACGTTTCAGGTGTTTGACGCGCCAGATCTCAAAGTGCACATACATACTCCATTAGATCAGGTAGATACTCCCGCCAAAATCGCTCAACTTCTCACACAGGGAGCAAGCGTTTCAACGGGGTTCTGAGTACTTTTCTGCGTCACAACAAGCAGCAAATAACATTATCATCATAGTTCGTCGATAAGCACGGCCAGGCGTTCTAGCCAGGCATCGCGTTGCGCGATCCAGACCTTCTTCACGGGCTCGCCGGCCTGCAGGCTCCGCATATAATTGGCGGCTTCTTGCGCCAGCTCAGCTAGCTCGTTAAATTGCACTTCCGCGACCTCTTGTAAGGAGGCGCGCGTTACCAGGGCTTCGTGCAGCATATAGCGCCGCTCCTCACAGAGCTCTATCTCATCTAGAAGCTGATTTACCGACATACGCCCGATCTCACTCATGGCTGGCTACTCTTTTCTGCCCACCTTGAGCTCGTATTCTGGCTTGCACTCTCTCCAATGTGCTGGAAAACCATTTCAATGAGCTTGACAAGTTCGCGGTTATTCCGCGTCACGCGTCCTGGCTGCCGGTAGAAATCTAGAAAGTCATGCAGGACATAATTAAGAGCTATCACCTCATTGCAGGTCATAAATATGGCTATCAGGGGCTCAGTATAGCGCCTCATCTCCGCAAACTCCTTACTTCACCACTTCGTTATAGGTTTGAACCAGAATATCCAAAGCTTGCTCCTGTCCGGTCAGCGGGACTAAATTTTCAAAATGCCCTTCGAGCGCATTGAATTTCGCGCGAATAAATTCATGCTGCGCCATACTTGCATACGCGTGCAACCCGCGCACCATCGCTTCGCATTCCAAGGCGATCTGCCGCCTGATACGTGCAACTTCACTTTCTGCCATAAACAAAGTTCCTTTCCGGGCTTGACATCATTTTACACGTAATGACATACTTGCATTCAGAGAGCAAAAAGCATTTTACTAAGGACAACGTATTAGATAGAGCTCACTTATTGCTCTA
CP035758.1_gap24	1001055	1005537	4482	AGGGCTCGAAGGCTACTCGCAGATCCAGTTTCGGCGCGACAGCCGTGGCAAGCCGTATTTGATGGAGATCAATCCTCGCCTGACCTCGGGCGTCGAGATAGCCGTACGCGCGGGCATAGATTTTCCCTACCTGGTCTATCAATGGGCCAACGAAGAGCCCCTTATGCCCAGCCCTGGATATCGTACCGGCATGCGTATGCGCTACCTGGAAGGGGATTTGCTCACCACCCTGCAAACCATCGTTCAGCGCGGTCGGCCAGGAGTTACACCACCGCTGCAAGCCCTGCTGGAATTCCTTACCGACTTCTTTGTACCATCAGGTTACGATTACCTCGATTGGCAGGATCTTGGACCAACTTGGGCAGCTATAGGAGAAATGGTAGATCACGTACAGTACCGGCTGAAGCACCATCTCTGACCGTCAAAATTAGCTTTCAATTCTACTCAATGAAGCACAACGTTGTGCTTCATGAGCCTGCAAATGAGCTATCCGCCCGACTTCATATGCTCTTTTCGCATCTTAATATAGCTTTAAGCCCGCCAGGAATCAACAATAGCCTCATCAACACGTAGCATTCTTGCCACAGATCAGCTATAATGAATCTTAGCAATCAAATGCATAGCGCCATATCCTGAAATGGGGAAGAAGTATACCAGGCGCGGAGATCAAATAGCCTGCGTTGCCAAAAACACATCAGCCGGGGATCATGGCAAAAACTCTTTACTCGTTGGCCAGCTTTTGCCCATAAAAGCCAAACAGATCATACTCTGGGGAAACACAGCTCCACCGCAAAGGGCCCTTTGCGACCAAAGTCAGTTCTGCATAAGAAGCTCGCCAATTGCTAGCTCTGCAAACGGGCAGAAGCTCATGAGACATTTTATCAGCGGCAGGAGAGGAGAATAGGCGAAGGCAGATTACATTCAGTTAGCTGCAGGTTCTGCACTTGACATTCTGTGGTACATGCTGTTATACTAATGCTGACTCCGCGACAGGTATTTCTCCCATTTAGTAGTAACCCGTGCAATCTATGCTGTAGAAGGGCTGTACCTCTTTTGCCCTTCACGCAATGCCACAAAAGATTCAAAAAGGGTGAAAATTGTTCTCTATAATTACAGGCTATTTCCCACAAATCTTAAAAACCTCTATAGGAAAAGGTAGAAAGGAGAATAGGCGTATTCAAATAGAAATCGCGCCTGAATACCGTGAATATCACTGAGTTAGAAGCAAGGACTGTCAGCGAGTTGCGAGAGCTGGCCCGCGATCTCGAACTCTCTGGTTACAGCACGCTGAAGAAGCAAGAGCTTATTTTCAGAATTTTGCAGGCCTACACCGAGCAGCAGGGGAACATGTTCAGTGCAGGCGTCCTGGATATAGTTGAGGAGGGATTTGGCTTCCTGAGGCAGGAACATTTCTTGCCAGGCAATAAAGATGTCTACGTTTCACAATCGCAGATTCGCCGTTTCGGCATGCGCGTAGGCGATATGATCTTTGGGCAGGTGCGGCCTCCCCGCGATAACGAGAAGTTCTACAGCTTGTTACGCGTCGAAGCCATCAATGGGCAGAACCCCGAAACGGGCAAACGCCGTCCATACTTTGACCATCTGACCCCCATCTCGCCGCGTGAACTTCTCAACCTGGAAACGACAGGCTCCAACCTCTCCGGTCGCCTGATTAATCTTATCGCTCCTATTGGCCGAGGTCAGCGCGGCTTAATCGTCTCTCCTCCTAAGGCGGGCAAGACTATTCTGTTAAAAACTATCGCGAACTCTATCACCACGAACTATGAAGATGTTCATCTCATGGTTGTCCTGATTGGCGAGCGCCCCGAGGAAGTCACCGATATGAAACAATCGGTAAAGGCCGAGCTTGTCAGTTCCACCTTCGATGAACCACCCGAGGCCCACATCTGGGTCGCAGAGATGGTCTTAGAGCGCGCTAAGCGCCTTGTGGAAAGCGGACGCGATGTGGTTGTACTGCTCGATAGCATTACACGCCTGAGCCGTGCCTACAACCTGTTTGTGCAACCGAGCGGGCGTACACTCTCGGGCGGCCTTGATCCAAGTGCCTTATTTCCACCCAAGCGTTTCTTTGGCGCTGCACGCAAGATCGAAGAGGGCGGCAGCCTTACAGTTATCGCTACCTGTCTTGTCGATACCGGGAGCCACATGGATAACGTGATCTACGAAGAGTTTAAAGGTACCGGCAATATGGAGCTTGTCCTCAATCGTAAGCTGGCCGAGCGCCGCATTTTCCCGGCTATCGATATATCTCTCTCCAGCACACGCCGCGAAGAGCTCTTGCTCGAAGAGAAGACCTTGCGCGCTGTGGTGACTATGCGCCGGATGTTCTCAGCGCTAGCCGATCAGCCTGGGCGCAACGGTCAGGAAGCTACCGAGGCCCTTTTACAGCGTATGTCCAGAACCCATAATAACATGGAGTTTCTTGCTACCCTTAAAGCTGCACTCAAATGAAGCGTTATCTAAAGTCTTACTCTAAAAGTTTTTATATATTTGAGGTTATTCTATGATATAATACCTTCGCGCCTGCTCTGGCGCTTCCCCGCTTGTAACACTATTCTTGAACTAGCATGGCCCAAACGACCTTTGGGCCTATCACTCTTGCTCCAGAATGCCTCAAATGTCCTCTTTGCTGCTACTACCCCGCTATGAAAGGTCAGACTTTGCGCTACTTACAGTATGCCTCAGATAAGATCTGACATTTCCACACAAAGAAAGACTCTCCCTTTTCCGCGCTGGCAAAGTCACTGTCTGAGTGCGCTGCTCTGGCTTCGTGATATGCGCAATCGTTTAACAGGGCATCCATGAACCATCAATAGCATCCATATACACAACAGAATACTAGACAAGTCTGGCGAGCAAAGCTATACTGAGAGACATATTTTCCTCATAAAGGTCTAAGGATGTGCCCTGTACTTAAGGCCGTATAAATTAACATAAATATGAATGAAGAATGTCAGAACCAAAAGAGCATCCCAGCACCTATTTCGTGCAAAATCGGGCCAACGAAGAAGAGCTGACCCGCCTTTGCTTGCAAGATAAAATGCTTACTACGGCGATGGGCGGAGTGCTAACTGAACAGTCCAACCCGGCAAGTTTGCAGGCCGTACTCGATATAGGCTCAGGGCCAGGAAACTGGCTTATCGAACTTGCCCTAACATATCCTGGAATCAAGCGCCTGGAAGGTGTGGATGTCAGCGCACGCATGGTCGAATATGCTCGTAAGCAAGCTTCACTTGCTCAGCTAGAAGATCGCCTCCACTTCTCGATGATGGATGCTCTGCGGATGCTAGAGTTTCGGACAGGCTCCTTTGATCTGGTCAATTTGCGTCTGGGGATGAGCTTTTTGCGCACCTGGGATTGGCCAAAGATGATCTGGGAAATGAGCCGCGTTTGCCGCCAGGGAGGCACCATCCGTATAACGGAAGGGAAGGTTTTCGAATGTAACACCCCTGCCCTGAGCCAGCTCAGGGACTTGCTTCTACGTGCAGGTGCGCATGCAGGCCATTTCACTACCACCCGACAGCAAGGCTTTCTCGGTCATATAGAGCCACCATTGCGCCAGCAAGGAATAGGAACGCTACACAAACAGCCTATACATATGCTCTATCAGGCAAATACCGCGCAAGGAGAGCTTATGATCCAGGATATGCGCCATGTTTTTCGGACAGGGCTGCCATTCCTGCGCAAATGGATACGGCTTCCCACTGACTACGAAGCCATCTACGAGCAGGCGCTCGCCGAGATGCAGCAGCCTGGGTTTGTGACCACCTGGGATCTGCTCACCTTCTGGGGCCATCCCCCATCTCGGTAATTTGTTCTCTCACAAACTGTATGGTTCAGAGAAAGCAGGATAAGGCGGACATGACAGATACAGCTTCTAATACCAAAGAGAGCATGCAAAAGATCGTAAATATTTTCACAACTGGCGATCTTTCTGAGGTTGCTTCGCTTTTCTCTTCTACATACATTGATCATCAACGACCGCCCTGGCTCACTATAGATGGCCCCGAGGAATTTAAACACATTGTTCTAGGAGCCAGAAAGGCTCTGCCTAATCTGCGCGTGACTATCGAAGATTGCATCGCAGAGGGTAATGCTATTGCCGCGCGTCTCCATTGGTACAGTACACAACCAGGAGGGAAAAAAATTGAGCGCGAAACTATCGATATGCTTCGTTTCGCTCAGGGAAAAGTGATCGAGCACTGGGGAGCAGAAACATGGAGAAAAGAGGGCTAGCACTTTGTAAACCGCACTTATAATCGCTTCATCAGCGCTCTCCGAAAGCACAAGCCATCTATCAGCGCTCAAGCTCACAGCAATACTAGCGAATTGTCCTTGACATTTTAGTACGATCGTACTAAAATAGAAGCATGGCAAAGACGAAACAGCGCATTATCGCAGAAGCCATCAGGATACTAGCGACATCGGGCTATGCTCAGTTCTCGATTGGAGAAGTGGCTA
CP035758.1_gap25	1009966	1014515	4549	CCAGCTCTGTATCTCATGCAGAAAGCTTTCGCGCATCCCTGGTTCAGCCAATAAATCTGCTTTAAGAGCCCTGGCAGCCAGATCGACACCCCAACCATGGTGATGAACCTTATAGACAACACCCTTTCGCCCTTCCCCCAATGCATACATTATCTCATGGTGAGTCAGAATGCGATCACCGCGCTGCCAATCGGCAGGAATCTGGGAGTCAAGATCATCTTTCATCTCAAAACAAAGCCCTTCTTTCTTGCTCGTAGGTGAATCACATATATGTTTTTAACAATAAAGTTAAGGCTTGATTATTTATAGCGGCCCTGAACTTTAGAAATAACAGGGTAGGAGGAGCCTTCGTCATTCAATAAACTTGCTTGAAGGAGGTGAAATACCGCTGAGAGCAAAATCAGGACTAACATCTAAGCGGAGCTGAAACGAAATAGTGAGAGAATTTTTGGCATGCTGATAATTAATAGGCCAGGAAGAATCCCCTTCAGGCTGTAGATACATAGTTCCCCCTTGAACAAATCATACATACATATATATCTATCGAAGTCAATCAGAATTTAGCACATCAACTATAGATCTGCTGTTAGCTAGATTACTTTTTCAATATTTGCAGGCAAAATAAGTGCAGGAAATAAGAGAAAAGATAGTAAAGCAAGAAATTCTCCATTTGCCCGAAATGCCGCCCTGAAGCAGGTTTACAGGTGACAAGCGAGCTTACAGGTAATAGGAGAGAAGAGGGTTTGAGAGAAAGATCTCTCAGAACCCGGCAAGACACAAAACGCCTCCGTCCAGGGGAGGGTAGGATTCTCCAGCTTATTCCCAAACTGCCTGGTGAAAAGAAGAGAGCGCAAACGATCGTGCCAACCCAGCGCGCTGAGCAGGCTAGCCTAAAAGAGCGAGAGCTGAGCTATGTATGTGGAGCTAGCTGCTCTCGATTACGTGGAAGCCTGAAACAGAATGTGGCTCCTTTGCCTTCTTCACTCTCCACCCAGATCTGACCTGCCTGCCGATGAATAATCTCAGCGGCAATGTAGAGCCCGAGCCCAAGCCCAGATTTAGCTGCCTGTGCCGCTTCCTCTATTCTGTAGAAAGGATCGAATATCCTCTCTTGCTGTTCTTGAGAGATGCCGGGACCAAAGTCCTGAACGCAGAGCGTCACCGTTTGTGCATCGGCGTACGCCTTTATAAGGATAAGATCCGTATCGGGCGCATACTTCATAGCATTGGTAAGAAAATTAATAATAACCTGACCGATACGCTCCTGATCGCCCCAGACGCTAGCGTGCGTCGAGCCCTCTATACGCAGGGTATGGCTCTCGCTCGTCAGCTGCAGCTCCTCTACAATTTCCTTGACCAGCGTATCAAAATCGAAATTATCCTCGCGGAACTGGAACGTCCCCCCTTCGATCCTTGTAACATCCGACAAATCATTAATCAGATCCGTCAGCTTCTTGATCTGTTTATCCATGTGAGCAGTAAGCATAGCTGCCTTCTCATCCTCGCCCCTGGCAAAGCGCCGATGCAGCAATTGCGCAAAACCCTTCAGGCTGGTGAGAGGCGTTTTCAGCTCATGCGTCACCATGCTGATAAATTCGTTCTTTCTTTTCTCAAGTTCCTTACTGGCAATCTGCTCGCGCAACAAATTCTCGCGCTCATGCTCGGCTTTTTTACGCTCGATAGCAAAGCGGATTACACGATGCAGCAGCTCGCCGCCAAGCTGACTTTTGGCAATATAGTCATCGGCGCCTGCCTGCAAAGCCTGAATATCGATCTGGCCTGTGTTCATACCGGTCAGTAAGATAATTGGTAGGGCGTATCCCTGCTTTCTGGCTTCCCTGAGCAGCTCAATTCCATTGTTGGGACCCAGCAAATAATCTATCATGCAGAGATCATGACCGCCAGCCAGCATATGAGGTAGGCTGGCCTCATAGGAGGCCTCCCAGATTACCTCATAGTGAGCGCCTGGAATTTTGGCCAGCACGCGCTGCAAGAGGATGTAATCATCCTCATCATCTTCGATCAGTAGAACTTTCGTTGGACGTACTTCCATACATACCTTTCTCTACAAACGGCAGTGTCACAATCTCAAACCAATACTTGCCCAGCATTTGCATGACCTCGATCAGCGCCTCAAACGTCACCGGCTTGGTGATAAACGAGTTCACTCCCAGCTTGTAAGAGCGATAGATATCCTCTTCAGCCTTAGAGGTAGTGAAAACGACGACAGGAATGTCTTTTAGCTCGGCATGAGATTTGAGCTCTTTAAGCGCCTCGCGCCCATCTTTGCGTGGCATATTCAAGTCAAGAAGGATCAGGCCGGGGCGTGGAGCCTTCTCAGTATTCTCATATTCCCCCCTATGGAGCAAATAATCCAGCAACTCTTCTCCATCGCGCACACAATAGAGCTCATTGAGAAGCTTACCTTTTTTCAAGGCCTTTTGTGTCAGAAGTACATCATCTTCATCGTCATCGGCCATAAGGATTACAATTGGCTGGACAGTAGCCATAGCTTACTGATCTCCTTTTTCTTCTATTCCTTGCGTCTCGTGCCCAATGGGTAATGTTACGGCAAAAGTAGCCCCATCCCCTACAGCACTTCTGGCGGTAACCGTTCCGCCGTGTCGCTCTGCAATTTTGCGCACAACAGCCAGGCCTATACCGGTCCCTTCATATTCGCTCCTCCCATGTAAGCGTTGAAAGACTGTAAAGATACGATCCAGGTATTTCTCGTCAAAGCCAATGCCGTTGTCTTCCACAAAGATCTGGCAAAGCGGCAGCTCCGCTGGCTGCTCCTCGCTCGCTTCGTCACGTATTTTGCGGGCGTAAACCTTGACGACAGGCGCAGTATCTTTCTTGCGGAACTTAAGCGCGTTACCAATGAGATTCTGGAGCATCTGCCGCATCTGGAGTGGGTCAGCCTGGATGGTGGGCAGATCCTCAAGCTGCACGGTTGCCCGCGTTTGCTGGATCTGGGTTTCCAGGTCGTCAACCACTTCCTGAGCAATACGTTGCAGATCAACCGGGGTGAAGGGCAGAGCTTTGGTTGTCACGCGCGAAAATGTGAGCAGATCATTAATCAAAACCTGCATGCGTGAGGCCGCCTTACGCATGCGGTCAAGATAGGACCTTCCTTCTCCGAGTTCCGGCCCATGCTCCTCTTCTAGCAGGTTGCCAAAGGCCTGAATTTTGCGCAGTGGCTCTTGCAGATCATGCGAGGCGACATAGGCAAAATCTTGTAATTCCTGATTGCTACGCTGCAGCTCGGCATTGAGGGCTTGCAATGCGTCAGTTGATTGTCTTAGCGTCTCCGTACGACGCTCGACGAGCGTCTCTAGATTGGCGTTGAGATTCTGCAAATCCTGATAGATGCGCGCGTTTTCCAACGAGAGCACCATGCGACTGGCCAGTTCTTCAGCCGTTGCAAGATCAGTTCTTGTATAGTTGCGCCGCGTTTCTGTCACCAGGAAGCTCAATACGCCATGCGTCTCGCCCTGACTGATCAAGGGCACAAACATGGCAGAATGGGCCTCCACCTGTCGTAGCCAGGCCAGCTGAGGCTCTTTATGGCCCATCCTGGTAAGTAGCTCTTCGGAGACAAAAGGATAGAGCTCAGGCCTGGCATTGTGCAAGATGTTAGCAATGATCATCGGGGTTTGCTCTGGCAAAGCTTCTTCGGCATCCGTGGTTTCTGGCAAGCCCGAGCGCACAGTAATTACCTGGCGCATTACTCCATCTTCATCAAGCAGATCAACGCGGCACCAATCGGCCATCACCGGCACAGCCAGGCGGGCAACTTCTATCAACGCTTTGCGAAAGTCTAATGAAGTTGAGAGCTGCTTACTGGCCTCGGAAAGGAAATGGATATTCTCAAGGCTGTGCTTGAAGCTGGTAATATCTCGATTGACCTCTAATACGGTAATCGCTCTTCTTCCCCTCTGCTCCAGCATTACCCAACGGCTGGAGACAAAGAGATATGTTCCATCGCGCCGGGTATGAATAAGCTCGCCTTCCCAGGTCCCTTTCTCTCTAAGAATCTGCTGTATTTCTTTTAATGGCAACGGAAAAATCGTGTGGAGCAGCGTATAAAGCGGCTTTCCGAGCGCTTCTTGCTCGGTCCATCCATAGAGCGCGCTAGCCCCGTTATTCCAGAAGAGCACTTTGTTATCCTGGTTACTGACGATAAATGCATCATGGGCACTCTGGAGCAGTGTGGCCTGCCAGGCCAGCTGCTCTTCAGCTTCCTTGCGTTCAGTAATATCTATATGTATCCCGCTCATACGCAATGGATTACGGGCCTTATCGAAAATAATACTTCCCTTGGCGAGCAACCAATGTATACTCTTATCTGGCCATATGACCCGAAACTCGGCTTGGAGCGCAGGACCCCCATTTATCGCTTTCTGCAAACTTTCTTGCACCTGTTGCCTATCATCGGCATAGATCAGGTGTACCCATTGCTCATACTTGCCGGTGAAGCCACCAGCAGGCAGGCCATATAAGGCCTCTAGCTCATGTGACCAGGTGATATGATTATTCTGGATATCCC
CP035758.1_gap26	1019605	1024426	4821	ACACAATCTTGCCGTTGACAACACGATACATCGCAATCTGACTATAAATAACTCTCTTAGCAGCTTGCATTAGGCCAAATTGGATAGCTCTGTGGAAGCTGAAACTTGCAGGCTACGGCTCTGTCGATAATATTTACGTACCCTCTCACGGTTGCCACAAACCTGGCTATCACACCATTTTCGGCTGCGATTCTTGCTTTGATCAAAGAACAGCCAGCCGCAGTCGGGAGCTGCACAAAGGCGCACACTCTCCAGAATATCTGAAGTAAATATATCAACTGCAGATTTTGCGATATGCCAGAACACCGACTCCAGAGCATGCCCCTCTTCAGGCCACCTGAGGGCAAATCCCCTTTCTGTAGCAATTACCCTGAGCTGAGCTTGCATAGTCGCATACTCCCGATTTAGCAGCGCAAGATCCGCGCTATCTCTCTCCTCACCCTTGATTACACTCAGAAAGAGGCGGTAAAGCGCTTCTCGCAATTGCAGGGCGCGTTGATAGAGGTGCCCGCTTGTTTCGGGCTGCTGCTGCGCCTGGCTGAGCAGCTTGCTTTGCTGCTCATCAGTAAAAATAGCCGCTTGCTTACCCAGGTGCAGTAGATCAGCATAACAGGTAAGGCGTTCCTCCGCGTGGGAACTAGGGCGCCAGCCCACGGTGTTCATAAAATCGAGACAAAGCTGGCCTCTCTTCATTTCGAAAGCATGGATGTCCGAATACTGGACCACGCTAGTACCCCCTTCTGTGTCTTTCCCTATATTATGCTTCCAGAGCACACAGTTTTGTCCAGGCTTAGGGAGAAAGATCGTCGGCTATAGGCTGCAAGCAAGCGCAGCTTCAATTCACCTTAATGCTCAAAAAGCTATTGACTTATTAGCTAGCTGAAGTTAAACTTTAAATAGGCAAAACGATTTTAGGGTATTAGGGCAATGCTGTCAAGCGCTACTTTATAAGGGAGGGTACCGATCAGATGTCAGGGGCTATTTCTTCTCAAGAGAGGATCTATCATATCTTTGGTGTACCGCTACGCACTGGCTCTTTTTTTCCAGGGAACGAAAATGATGCTCAAGCCTATCGCGAGGTCCAGATTCTGCAGCGCCTGGAGGTGGCCGGCTGCCAGGTCAGGGATGAAGGAGATTTACAGCTCCCAAGTTATCTTCCCCATCACAACATCGCTCCTATCAAAAACTGGCCCGGACCTCGTATCGCCTGGGACTATGTGAGTGAGCATATCAGGCCATTTCTACAGCAGCCCGGCCATATTCCCCTACTCCTTGGCTGCGATTGTAGCATGGTCGTAGGAGGTGTCCAGGCTCTCAGCGAGCTTAACTGGCGCCCCATCCATGTGCTCTACATCGATGGCCATATTGACGGCGTTGCCCCGCAAGCTCATGAATGTGTAAGCGCGGCGGCTATGGGACTCTGGCTGATCACGCAGCAATCTCCCTTCTGGCCCGGACCGCTGCTCGATCCTTCCCAGATCACCGTTATCGGCTGGCACGACGCTTTGGGCTCTACCTGGGAAGAAGCTGGCTCTTATTCTCTGTCTCGACTACGAGAAACCGGAGCACGCGAGATAGCCCAGCAAGCGCTTCAAGGGATCGCAGATGAGGCAACAATCCTGCTACACTTTGATATTGATGTGATAAGCAAGCACGCTATGCCCGCAGCCTATGCCACAGACGAAGCAGGGCTGAACCTGGCAGAAGCCCGGACCCTACTAAACGTTCTGCTGTCTGACCCGCGCATCGCCCTGATTGAAGTAGCAGAATATGCGGCGCTCCGCGACCTTGAGCTAAGTTATGCCTCCACAATTGTTGATCTCCTGGTCGGTGCGCTTGGCACAAAAAATAACGTCGCGAAGCCCTAAAACTAGAGCGAGGTGCCTGGCTATTTCTAGCGCTCCCCACTGGCACTTTCTAAGAAGTGCCCCTGGAGCAGCGTTTCTTCAGTCCGGAAGCTCCGCAAAAAGACTTGAGCACATTCAGGCACAGCAAAAAGCAGATAGCTAGCTGATTAACTATCTGCTTTGAGGGTTGCTATAAAGCAGCTGGAACGGGCTAACCTTTGATAACCCGCGCTTTACGTCGCCGCTTTTTGGGTGGCGACATCACAGCTTCGTAGGCCTTGATTAAATCGAGGGGAGGGAGAATCTCCCAGCGGGCCGCCAGCCAATCTTTGCTCCAGCGCGATTGCGCCTTATCGACAGGTGTGAGACAGATTTGTTTGCCAATGATCCCCATACTTTCCAGGCGTTCCAGAGCAGACTCGATGCGCGGCACAATCTCGCTGGTAAGGTGACGCTTCTCGGCCTCAATCATGCTAGCGGCCAGTAGATCTGACATAATAATAGGCGTGCTGAAGTTGCCATCTTTGGCCTGTTCGCGCCAGCGCTCGGTCAGATAGAGCGCAAGGCGCAGCGCATAACGGTCATTTTGGGGATTGAGCGTGAAGATCTGATTGTCAATCTGGGCCAGGTGGTAATTCTGATGCTGCTCATAGGTGCCAATCCAGCCGCCGGGAGCAACTAGAAAACCGAGAATGACTTTATCGCCCCAACTTGTGGTACGACTCACCGTATCATAACGGATATAAGGACCGTCGACCTCAATCGAGGTTGCCTTGCCGCGAATAGTAATCTTGCAGGTGCCCCGCACATGACAGGCCGCCAGCAGGGCCAGGTCTTGAATTACCCGCTGGCGATGCTCAGGTCGATAGCCATCAGTGTAGCGCTTGTTCGTACCAGTACCGGGATGGGCAACCCGACTGTGCTTTTGAATACCCTGCCACTGTAAGATCTCGTCTAGCAGGATAGCCACGCTGCCTTCTTTAGAGACCTGTTTGTTATAGCGGCGCGTATTCCAGAGCCCAAGGATAATGCGCGCGGTAAGCACGGTACTCTCATTGAGTTTGCGAATTTCTTTGAGGGCCTCACTAATCTCTAACGGCCTGCCCACCTTCGCCAGATATACTTCAAGTTCGTTGGACGCGACATAGGAGAGCTCACCGCCATCTGTAGATTTCCATTGATTCTTGCGCGCCAGGGAAGCTTCGCGAACTGCTCGATCCGGATGATAGCTAGTAATCGTAAAGTGCGAATTCTGCTCGGTTGTGATGCGCTCAAAGAGTGCATGCTCAATCTCAACGGCTTCGATAGGGCTATCTTCGAAGAGGTCTGCCAGGTATTGCGCCTTCTGATCTTCATCCATCCCGGAAGTTCTCTCTGCCAATGTCTGATAGAGCAGAGAGGAGATTTCGGAATCCCCCACATCGAAATCGGTAGTAACTTTATCCGGGATCAATTGTAACTGCTCAAGCTCCTGTTGTTCCTTACCCATTACCTGCCCTTTCATACGAAACTTCTACCTGCGCCTCTCTTCTTGCGAGCCTCCACTTGCTACTCATCCAGGTGCAGCCCCAAAGAGAGATTGTTGTTTAAGGTACCTGCCTGGTCTTTGAAGTTACTGCTATCAGTGTAGCACAAAAGTATAACGTTTGAAAACGAGGTCATAGATACGGCTCGGCCAATCTGCGGTCTTTGGCTGTTCTGCTACATCTCTTTAGCTCACCAATACGTATTACTACTATCTACTTCGTTAGGCAACGAAAATGAGAGGAGTTGTTATGGAAACACAGTTTCGCACGGGACAGAGTATTAGTCCTCCAGAGCAGCCCATGGGGGATGGAAAGACCATTATGATTGTCGAGGATGATGTTGCCATCGGAAGCATGCTGGTAGAGATGTTAAGGCAAGAGACATGTTATCGTCCAGTCCATGTGACTACGGGGGAACAGGCCTTATCTGCTGTTTCCTCTGTTCATCCCCATTTACTTCTGCTTGACTATCGCTTGCCTGATATGACTGGAATAAATGTATATACTGAAGTTATGAATAACCAGCAAGCGCCTCCTCCGGCTATTATGATGAGCGCCTGTTTTCCTACGCGTCTACTCGCTACTGATCGCTTGACGTATCTGCAAAAACCATTCGAACTTGATCTTCTGTTAGAGAAAATTGATCAGCTGGTTGAGTCCGAGGAGAAAAAGATCTAGCTCTAAAGGGGTATCTCCACTGAGCTCTTGCTTCATTCAAGGCATGAGATGCCCCTCCCTTCGTAGCAAAAAGAATTTCCTTACGCGTGGCTAGATCACATCCCCGCAAATCCACTTCCGTTCGACCATCAAGCCCATGCTCATCATCAGCGCTGATCCAGATTTTCTCTGGGACCGCCTTATAGACCCCGCGCAAAGTTGCGCCAATCACTATGTCAACCGAAGGGGAATGCTGCCATCCCCGTCTGTGCAAACAGGCCAGGGCATAGCTCCATTCCTGGCTCTCAGTCAACTCAAAAGATGGCATGGGAGGTACTTTCAGGCGCGGGTAGGGTGGAGGGCCGTCAAGATAATATAGAAAAAGGAGGAAGCTGTCAAGAGCGCGATAGAAATATTTTACATAAAAATACAAATCATGACATGAAATGAACTTTGGCATGATTTGTATTTTTGATGAACTAAATGCAGCAAACATGCTGGGCTTTGAGGCTAGCCAGTTTCTGTTCAGGCAGAACTAGTCAAGCCGAGCCACCATTAATCTTAGAGGTCGCGCGTGCTGACAAGTTTTCCGGTTGGTATCCCAGACGACTGCGCGTGGCCACGGCCAACACCAGCGCGGTCATGCCAACCCCAACGAGCACTCCCGTCTCTGCATTCTGCTGTATCCATTGGGCAGAGAAGATGCTCGTCAGCGCTATCACGCGAAAAGCATCAAAGCTCGCATGCAACAGCATAACTATGAAGACGCTCTCTCGTGTATAGTTGAAGAC
CP035758.1_gap27	1031934	1033272	1338	CGGCAAGATGGAGCCCCAGGCATTGGCCTGCTCTACAACAGCCTCGCCATCTACGCGATCCTCGATGCACGGTACAATAAGCACCGGGACCTCGTGGATATGTTCTAGAAGATAGCGGGACGAGGCCTGAAACTTCAAAATGGCTTCTCGCTCACGCGGTGCCGTCCCGCGCATCGCTACAGCCTGGCCTGTCCGCGCCAACTGGCAATACGTAGCAAAACCCTTTCGATAGAGATCACCAAGTTGTTGCCGCCTGTCAGCTTCAGTGACAACCACAAAATGCCAGTTCTGATTATTGGAGCCACTGGGCGCCTGAAGAGCCAGTTCTATGCAGGCTTTGATAACCTCCGGCTCGACTGGCCGGGACAGATCAAGGCGCTGACGCACAGCTCGTGTGGTACGCAGTAGTTCGTCAGCAGAGAGATCAAGCTTCATGGTTCCCTTTCGCTTGTGAAGTATTTCTTTAGCTAGTTTTAGCACTATCTAACTACTCGAAAGAAAAAGGCATGCACCAACTGCAATTCCCGGATACCAAGAATATCCATAAAATCTGGGAGAAGGCTAGCACATTTGCCCTGGAGAACATTCCACCTCAAGTATAAATGGGAGAGCGCATCTGATGCAACTACACCTGGCCTCAATCACGCTTGACAGACAATCCTCTGCCGACTATAATACATCTAATCGACCTACTATTCGATCTATATTTGCCAAGAAATCAGAAAGTAGAGCCAAGCAGATGTATGAGCTGATCATCCTTTCGCTGCTTATGCGCGTTCCGCTAAACAGGTATCAACTGGCCAAAGTTGTCAACGATAAGCTCGGGCCTCATGCAAAGCTGAGCAATGGAACGCTTTATCCGCTGTTGGCGCGTCTGGAAGCAGCCGGCCTGGTAGCGGTTGAGCCAGAGTCTGCCGGGAAGAGCCAGGAGCGGCGTTCGCGCCTTTTCCACATTACCGAGGTTGGTCGGCAGCGCTTCCAGCAATTGATGATGGATACTTCATCATACCAGGCGAACTATCAGCAAGCCTTTCTGTTTAAGGTTTCTTCGCTGGACCTGCTGCCTCCGGCCAAGCGTTTCTACGTGCTCAACCACTACATTACTTACTGCCAGGCCCATATCCTCCACTTCACCACAGAGGCCGAGAATCTTGCGCAGGATCTGGCCAGCGTACCTTTTCCCCAGGCCTTTCAGGAGCGCTCAGCCCTGGCCATCCGTCACCTTATTCAGCATTGGGAATCCGAGGCCGCCTGGGCTATGCAGGTTCGCGATCTCTGTACGCACGAAATGGAGCAGGCAGGAAGCGCCAAACCAGCGGATGCCCAACCTTGTTGAAG
CP035758.1_gap28	1161375	1162128	753	TACAGCTATACAAGCTCTGATGAACGGCGATTATCCCGTTATGGGCCCCAACGACTTCGGCCTCATTGAGGATACCAGCAGGGAAGGAAACCCCGTTGTTGCCACTACCTGCCTCTGGCAGCATACCTGGGCCTATGAGGGAATTCCCTTTGGCGTCGGGCGCCCTGAGGCTGTGGCTACCGACCCGGCCTATCGCCATCGCGGGCTCGTACGTGCGCTCTTCGAGATGGTCCACGCCAGAAGTGAGGCCCGTGGAGATCTGGTCCAGGCCATTACTGGCATCGCCTACTTTTATCGGCAGTTCGGTTATGAATATGCGCTCGAATTAGAGGATCGGCGCTCCACTCCTCTGGCCCTGATTCCCCAGGCTAAAGAGGGTAAGTCCGAGCCCTTTAGCTTGCGCGAGGCGACCGCTGCTGACATCCCTGAGATTGAGCGGCTCTACTACCGGCGTCAGAGCAGTTCCATCGTCTGGTCCCTCCCAACGCGCGAGCAGTGGCTCTATGAAATCGAGACCTGGAAAAGACATCCCGAGCTGAGGCACACCCTCAACTTCCAGATGATTCTTAACGAGTTTGGTCAAACGATTGGCTTTGTGGCTTGCGATGCCTATCGGCGCGACACAACGCTCGGCGTCTGGCTGCTAGAGCTCGCCGAAGGCGTGAATATGCAGGCAGTCATGCCCTCACTTTTACGCGCCCTGCAGGCCATAGCCTTGAGCACCGGACTGGCCAAACCCAACCAACCGGCCTT
CP035758.1_gap29	1171724	1174354	2630	AAGCGAATTGGCCGCCAGCGCCATCTTTTTGCTTACCTTGTAGTCTCCTTGTCACTACTATACAGCCTGCAAAGCAGGAATAAAGCTTTACAGAATTATTCTAGAAAGTAGTCAAGGATGAAAAATCAACAAGTAATAAGACCCGTCCTGATTGTGGGCGGTAGTCTGGTCGGCATGACGACGGCCCTATTTCTGGGTCGGCAAGGCATTCCAGCCCTTGTAGTCGAGAAGCACGCCGCGCCCTCGACCCATCCGCGCGCCTCCGGATTCAATCCCCGCTCCATCGAAATCTACAGTTCTGCAGGCCTGGAACCGGCTATTCGCGCGGCGGAGCCTGGACTGTTTCGGGGCAGCGGTGTACTTCGTGTAGAGACCCTGGCCGGCAAAGAGATCACCTGGTATACACATAGCATCTACGAGCCAATCGACGACGTTTCGCCAGTAATGGGCAGTATCATCCCACAAAAACTGCTGGAGCCCATCTTGATTGAGCGCGCTAAAGCCCTGGGGGCCGAGGTACGCTACAATACCGAGCTTGTGAATGTTGCGCAGAGTGCAGACGCAGTGCAGGCAGTGCTCAAGGATCGCGAGACTGGCGAGGAGCAAACGATCCATGCTCGTTACCTGGTAGCAGCTGATGGTTTCCAGAGCCCGACAAGAAAAGCTCTCGATATTCCCTTCTCTGGCTATGGCATACTTTCTAACCATGTCTCCATCTTCTTTCACGCCGATCTCAGCGCCGCGCTGCGTGGGCGACGCTTTACCCTCTGTTATGTCGATAATGCGCAGATTCAAGGGGTGCTGGGAATCGTTGACGAGAGCGCAAAGTACGCGGCATTTGTGATCACGCTGCGTCCGGAGGAAAAGGTAGAAGATTATGACGCTCAGCGCTGTATCGAGGCGGTGCGCGCGGCCATCGGTCTGCCCGAGCTTGAGGTTGAGCTTGAGGCCATACTGCACTGGGTTATTGCTTCGCAGCTCGCCGATCGCTATCAACAGGGGCGCATCTTCTTAGCCGGCGATGCGGCTCACGTCGTGCCACCAGTGGGAGGTCTGGGAGCAAACACAGGGATTGCCGACGCCCATAACCTGGCCTGGAAGTTGGCCCTTGTCCTTAAGGGACAGGCCGCACCGGAGCTGCTAGCAAGCTATGAGATGGAACGCCGCCCCGTTGCTAAGCAGGCTGGCGAAGTAGCCTTTGCCGGTTATGTGGAACGCATGGCTCCGCACCTAGCGGCACAAGCTCCAGAGGTTACGCCTATCGAACCATTCTCCTTACTCCTGGGCTATCACTATCATTCGAAGGCGCTTATTGAGGAACCAGAAAGTGCGCATAAGCTCAACGATGATCCGCACCATCCCTCGGCGGCTCCCGGCACGCGTGCCCCTCATATCGTATTAGAGCGAGCGGGCCAGAAGATCTCTACTCTCGATTTGTTTACAGGTCATTTTGTCCTGTTGACAGCAAAAGATGGTAAAGCCTGGCAACAAGCGGCTCAACAGGTGACGCAGCTTACCGGCTTGCAGATAGAGAGCCATTGTATCGGCAAATCCGGCGACGTGCAAGATCCACAGGAGCGCTTTTTGAGCACCTATGGAATCAGCGCAAGCGGAGCCGTCATCGTACGTCCAGATGGTTTTATTGCCTGGCGAAGCAGAGCGCTTGTTCCAGAGCCAGAAAAGATGCTTAAACAGGTCTTTGCTCAGCTCCTTGGTCGGCGTATAGAGCCCTGATAGCAGGCCTTCGGCCATGCTTACTCGCTATCCAATGAAGATAGCTGTATGGGATCATGGCGCAGGTTTGAGACTGCGCGGTAAATTTGCGAAGCATACACAAAAGAGAGAGATATATGGAAAGATCGAACATCCCAGAAGAAATCCAGCAATGGAACGCAAGAATCAGGCAAAATCCAGAACTGACTGAAGGAATGGGCCACGTCCATCTCTTGAGCGTTCCGGGGCGCGTGAGTGGGCAACTCCGCGCAACGCCAGTATCCCCTATTGAATACGCGGGGCAGCGCTGGCTATTTGCTGGCTTTGGCGAGGCGGATTGGGTAAAGAACCTGCGCACCTCGCGATGGGGCATCCTCACCAAAAGGAAGCAATTAGAGCGCATAACAGTTGCCGAGGTCGAGGTAGAGAAGCGCGCGCCACTTTTACATGCGTTTGTGCAGCACATTCCAGCTGAGTACTTTTCCCTTTCGGTTGGACCGGATGAGCCGCTTGAAGCCTTCGCCGCCATAGCGGATCGTCATCCCGTCTTTCAAATACTCACGGCAACGTCAATCAGCTCCTTTGCGGATGCAATCGGCAAACAAACTCAATAGCAGAGCAGAGATTTTGCTATCTCTTCTTCAAAAAACAATGAAGGAAGCTGGGAAAATAAGAGCTCTTGACGATGGAACAGGGTATGGTTGAAAAAACGCTGGGAAGCAGACCGAGCGCTCGCTGAATTCTCTTGACACCGGAGTATTTACGGTGGTATTCTTCAGTATAGGTATACCTCCGTAAATACCACCATTTTCCAAGGAAATAAATGAGCGGAGAAGTAGTCCAGCTTTAAAAGCAAAGGACGAGGAGAAGATACCCTATGACCAATACATCCATGACCGATGTTCTTATTGTTGGAG
CP035758.1_gap30	1176309	1177254	945	ATAACGCCCCCGCTAAACATCTCGCGCATAAGCCAGGGGTTATCTACAGCAAAGCCCACATATGCCCTGGCAATGCTGAGCAATTGAGCATAAGAGCTATCTGGCGCCTCCTGCAGTGCGCTTTGAATGCGTTCGGCCAGGCGCTTAAAGCCTTCTTCGCTAAGCGCTGCAATCAAGGCCTGCTTGTCGGCAAAGTGACGATAGGGAGCGGCATGGCTAACCCCCGCTTTGCGCGCAACCTTGCGCAGATCAAGCGCGGCAGCGCCACCCTCGGTGAGCAGTTCTAACGCAGCCTGTAACAAGGCGTTGCGCAAATCCCCATGATGATAGGGCTTGCCCTTTGAGCGCTCCAGGCTTTCGTTCATCTTCACCCTCCAGCCAGTCAATTCACAAAGTTGACAGTGCCAACAATGTTGACAATAGAAACATGCTATGTTAGAATGTTGACAGTGCCATCATACACGATAGCAAGACAAGATGCAAAAGAGATGAAGGAGTTCTAGTTATGTCACAGACCGCAAAAATCGCCTTGATCACCGGGGCTAATAAGGGTATTGGCTTTGAAATCGCCAGGCAACTAGGCGAGCAGGGCTTGACCGTGCTCGTCGGCTCACGCGACCTGGCCAGGGGAGAAGAAGCCGTAAGCAAAATCCGTGCCGCTGGCAGCGCTGCCTATTCTCTACAGATCGATGTAATCGAGCAAGCAACTATTGATGCCGCAGTTAAGCATGTCGAGCAGACGTACGGTCGGCTTGACGTATTGGTTAATAACGCCGGGATTACGCGCGGATTTAATTTACTGCCCAGCCAATTTACTATCGAGCAGCTACGCGAGGTCTACGAAACCAACGTATTCGGCGTATTCGCAGTCACTAAAGCCATGTTGCCGCTCTTGTATCGTTCGCAGGCCGGACGTATCGTCAACCTATCAAGTCCGATGGGCTC
CP035758.1_gap31	1206424	1210117	3693	TGGCAGGCTGCCACGCTGTTTTGCATCACCGCAGCGCAGAGGGGCGCGCTGAGTCGCTCAAGAATCGCCGTGCGCAGAAGGAAGGTGCGCAGCTCAGCTGGCTGTTCATCCAACACTTCCTCAGTCAGATATTGTAATAAAGGGCGCTGGCTTCCGCTCAACTCTTGCAAAACCTGCGTCGCATCCGGTTGATGCTGCAGCATAAGCGCGAGCAACTGCAAGCCAACCAGCCAGCCTTCAGTACGCTCGGCGATCAGGGCGATAGCTTCCTCGGAAAGCGCGTGCCCCATGATCTGGGCAAGAAAGGTCGCCATCTCTTCCCGGCTACAGCGCAATTGCTCGGCGTGTATCTCCACAAGTTGTCCCTTGCCGCGCCAACGCGCCAGGGCCAGGGGCGGATCATAGCGCGTGGCTAAGACCAGGTGCATGCACGGGGGCAAATGCTCAAGGAAGAAGATGAGATGCGCGTGAATGGCCGAATCGCTCACCATGTGATAGTCATCAAGGGCCAGGACAATCGGTTCCGGCAGTTCCGCCAGAGTATTGATAAGGATGGTCAGAACCTCTTCTAAAGGCGGAGGCGGCAAGGTCAAAAGCGCTTGCAAGGCTGCCCGGCCTGTCAAGGGCACTAAAGCGGTCAGGATGTACTCCCAGAAGCGATAGGCATTATCGTCACTTTGATCAAGCGAGATCCAGACCACATGAGGAGCCCCCTGGCCTGCTTGTGTTAGCGAGTGCAGCCAGAGAGTAAGAAGCGTGGTCTTGCCAAAGCCGGCCGGGGCCGAGATGAGCGTGAGCTTACGATGGAGACTGGGAGCCAGCAATTTTAACACGTGAGAACGCGGAAGAGCCTGCTCCGGCAGGACTGGCATAAAAAATTTGGGTGTGAGAAGAGGTTTTTTTTCTAACATCCTATTCTTCGCTATGTGTACGGTTTGATTGCTTCCCCGGCAAGCCCGATCCTTGTCAAGCCCATCCTTGAGCTGGTAAAGAAACAGGCTCCGGGCGCCTGTATCGAAAAGATGGTATCAAACGCGGAGCAAAAGGTCAAGCCCAAACAGGCCGGCTTATGGCCCGTAAGAGCCATTGCGCCTCGCCGCGCTACATCTCTTGATGCATATCTACAATTCAAGGCAATGATACACCTGCGGGAGCATGACTTAGCTCCCCGGCACGGCTATGCTATCCCCAACAAAGCGTAAGCAGCTCTTCGCTGTTCTTCTCAACAAATAGAGGCTTATAGCCAAAGGAGTTCTTTGAATGACCTTTTCTCAAGCACACAAACAAGACAATATACTTAAGCGCTATCCCTTAACTTCGTTTTTTATCCTGGCTTACGTGATTACCTGGGTCTTATGGCTGCCCTATGTCTTGCTGGATCTTCCCAAGCCCGCGGCTATCCCTGGCGTACTCCTTGGAGTAACTGGCTCGGCGTTTCTCATGACCTATATAACCGAGGGAAAAGCTGCAGCTCTGCGCTTGCTCCGGCGCTATATTCAGTGGCGCGAAAACTGGTTCTTGTATATATTCGCGCTGCTCGGATTTCCCCTTATGCTCATTCTAGGAACAGTGCTTCAGCCCGCGGCCCAAGCCGATCTAAACGGATTTTCCCTCGCCTGGCTCCAGTACTACCCGCCAGCTTTCATTACCGTCTTCTGTTATGGTCCGTTACTGGAAGAGGCGGGCTGGCGTGGCTTTGCCCTCCCGCGCCTACAGCAGCGCTATGGCCCATTGCGTGCAAGTCTCATCCTAGGCCTGCTCTGGGGTCTCTGGCACCTTCCCATCCATCTTGGTGACTTTCAAGAAGGGCTGGGTCCTGGCCTCCTGAGCTTTGGCTTTTTCGTAATTGCCGTCGTGGGATTGGCCTGCATTTTCACCTGGCTCTTCAATCGGGTCAATGGCAGCTTGCTCATCATGATCCTGGCCCACGCCTCTTTTAATGCCCTCTCAACTTTTTTCGGGCTGCTTATTATCCATAAGGGAGTTCCGCCCTCAATAGAAGATGCCTTTGGCACAAGCCAGTTGCTCATCGGACTAGCATTCGCCATCCTGCTAATCGTCCTGACCCGCGCTCAGCTAGCTTATCGCACTAATTGGCAAGCTTAGGCTCGCCTGGCAATCTTGTTCGCGTTTAACTGACCGGCAGTTCTGGGAAGGGCGGGCCAGCAAGCAATGCTTGACTTCGCTTGCACAAGCCAGACTTCAAGCTATGTACGCCGGGCCAACTTCTTCCCTTTCAAGCTCCTGCATATTCCATTTAGAGCTGGAAACTAAACTCGGAATAAGGGGATTGCAAGCGAGCCCCCGCCGGTAAGACAATGCCAAAGTAGCGCTCTAAAGCCTCTCGGTAGGCGGTTTTATCTTTCAACTGAATGGTAGTTGTCTCGTCCGGGCGACGAATTTTCAACTCAGTATCGAAGATAATGATACGCGCCTCTTCAGTAGGGATTGCTCCGACGATATGTTGCACAAAGAAGGAATCGGGCGAGGTTGAATTATAGTAATTCATCATCATATAATCGGGCGCATAAAATTCCTCCAGCGAAAAGGCATACAGATTGTGCCACTGCTCGGCGAGCTTGTGTTGCAGAATAAAGCCAAGCCTGGCATCGCTCTTGAAGCGATAGGTATCCAGATATTGAGGAAACTCGCGGTCAAGATCGAGCGGGACTGCCTCAATCAAACAATTGCCGCCAAAGCCTACATCAGCGATCCAGGGCTTGCCTTCAATTTCTACCATCGCCATCTGGTGTGATCTTCTCTTCCAGCCATCAACAGCAGAAACGCGGGCGGCCAGCGGCCTCACAGCAAAACCTAAATGTTGCAGTGCCAGCAGAAACAAACCATTGAGCTCATGACAATAACCACCACGCCGCTCATCAATCAGTTTGCGCATCAGGCTATCAGCATCTATGTGAATTGGTTTTCCCAGCAGGATATCAAAATTCTCAAAAGGAATGCTCAGCATCTGGGCACGGTGCAAGCCTTTGAGCGTCTCTGCGCTGCGTGTAAGCGGACCACGATAATTGATACGCTCAAGATAGGCATCGAGGCGAAAAGGGCTAGCTGACATCTATCACAAACCTCCTTCAGGTAGGACCAAACTCTCTCAGCATAGAATCCATTAATCTAACTATAATTCTAGCGCAAGAAGGCAGCCCAAACTTCAGCCAAAAGGTCAGTTTTCCGCTGTCCAAATGGTCAAGGGCATCTGACCCCAATACTTATGGACGCAGGAGCTAGCTTTATTCGTTACGCAGAGAAGCTTGAGGCGCACACATACGCTGCAGGAAGGCCGCAAGGTCATTCTCGTAAGCCTGAGGATCAAGGTTCCAGAGCAGGGTATGTTCGGCTTCTTCCATACGCCGATACGTTACGCAAGTAGAATGCGTCCGGGCAAAGATATCGCTCGACGTCACCGGCACCAAGGCATCAGCGGTGCTATGCAAAAGCAATGTTGGGATTTCGCGCTCGTTGGCACTGGGATGCTCATAATTGAGTTTAGCGAAACTGATTTGTGCGCGCCACTCAACCATCATTCTAAGGATAGACCCCAACCAGCGCGGCAAATGCAGGAGACTAAGCTGTGCCTGCAGGACTCTTTGCCAGTTGAGAATAGGCGAATCGAGGATAACTGCGCGCACCTGAGCAGCATAGGCCGAACGGTGCAGAAAGGTCTCAACAATAGAACCG
CP035758.1_gap32	1284255	1287392	3137	CCCTCTCATCTCGCGATGTAGTGGTGAAGACCATGATAGCGGTTATCGGCCCTCTAGACACAAGCCACGCTCCTAGCAACCTGCGTATTACAGTTAACGGCGAGAGCGCAGGGCTCCAGGCATACGTCCTGGCTCAGCACTTCTCGCCCGGCGAGGGTCCTCGTCCCGACCGGACCAGACATGCTCTTCTCATGGGACGTTACGATGCAAACCTTGTTCGCGACGCCGAAATCTGGCGTATCAGTCGTTTGACCATAGATTGCATATGGTTCGAGGGAGATCCTACAGTAGTAACCGCTCAGCTCTCAGCAAACTAATACTACGTTCCTCGGATCTATCAACTATGGAGTTCAGTAAATAGGCGAAACAGAGACAGCAATCCTTGGATTGTGATCTCCATTTCGCCAGTTAAGCTTTCCTATTTTGAAGCACCTGAACCCAAGAGGGAAGAGGCAAAAAAATCACTTCGGATGAACTAGCTGAAGGAAAGCTGTTCCCGCTATCAAGCCAGGTCCTGATCTGGAAGCATAGCCAGGTGTAAGCAGTTCAAGTGAGCGGGATCTGAGATTACATCGATCAAGGTAATTTTGCCGTCAGTGACAGTAAACGTGGCCACGGCTAGCAACCGTCCGGCGGGAGCCACGACTACTCCGGGTACGCCGTTCACCAGCACAGTTTGCACGGCCCGCGCATGTCCTCTGAGGAGCTGCTTCGCCACAGCTAGCGCTCCACGAATCTCGCCTGGTGTGCGCTTGGATGGGGCTGCACGCTCATGTCGATAAACCACATCTGGATCGAGCAGAGCAAGCAACGCCTCAAAGTTCCCGGCGCGCGAGGCAGCCAGAAAGGCCTCGATCACATCTCGGTTACGGGTCAAATTAGCATCCTCAATGCTCGGTGCATCGCGCACGCGGCGGCGGGCCCGGCTGGCTAGCTGCCTGGTAGCCATCTCGGAGCGCTCTACGATGGGAGCAATCTCCTCGAAAGGCATGGCAAAGATATCGTGCAACACGAAGGCCAGGCGCTCGGCCGGCGAGAGCGTATCGAGGATCACCAGCAGTGCCAAGCCTACCGAGTCGGCCAGCATGGCTTCTTGCTCGGGATCAATCACGCTCTCATGGCTCGGATCTAGCTCAAGTTCAGCGGCTTCTAGCGACTCCTCGCGCCGCACTTTACGCGCTCGTAGCATATCAAGACAGATGCGCGCCACTACTGTCGTCAGCCATCTGTCAAGGTTTTTAACGCTACTTGCATCAGCGCGACTCAGATGCAGCCAGGCCTCCTGTACAGCATCGTCAGCCTCAACAAACGAGCCAAGCATGCGATAGGCCACGGCTTGCAGATGGGAACGCTCAGCCTCGAATGCTTGCGCCAGCCATTCGTGTTTCTCCATTGGTTATCCTTCTCCACAAAAAGTGTTCTCATAAAAGAGACGCGTCAAACTGGCCCAATGTGACAGAGGCAAAAGATTCGGTCCGCTACCCTACACCGTAACGATACGCCATTTGTATCGTGCCTTACGCGATCACTTCCAGACTGGTATTTGCTAGCCAGAGCCGCCCCTTGCCATGTAAGGCACAGCCAAAGGAGATGAAAAGAGCATCTTCAGGAATAGAGATGGTAGCTTCATACCTCGTCCAATCATGCGTTCCCTGCAGCTCACATTCGTCTACTTGTAATCTCTGATCTCTATTGGTATGAATATAGAGAGCTGCCCGCTGTTCCACCTGCTCAGCCTTCATATTCCCCGAGAAGCAAAGCCGTTTTCCGCGATACGCATTAGCCTTTATAGTTTGTCTGAGCGTTGCCCCCGCAGTCGCCTCCGCATTTGCTGATCTGAGGAAGGCACTGGATATTCCCTGAAGACCTCCTCTATGCACACCACATTCATATAACCGTCGCGATCTGAGGAAATTCCAATGCGCCAGGCGCTGTTCAAAGCGCATATTTAGCGGGTGCTCTAGCCTTAGCTGGTTGCGCACACGCGCAATTTTCCTTGCAAGAGGTCGGGTCAGTGGCCGCCTGATTAGGGTCAAGGCGCTGAAAAAGGGAATAATCCACCGGTGGTTGAAGCGTTGCCATGTACTTTCCATTGTAGATATCCTTTCTGATCTCTCTATGGGAATTGGTTCAACAGAGGTGGGAAATGCTGAAGCGTGCCGCAGCTCAAAAATCTGCTCTGTGAGCATCTGGACAACCGCATCACTAAACAAAGGAAGCCACAGGCTCAGGACCCCAAAATTGCCACGCTCTCGGTAAGCATCCTGGCAGCACTGAATAAAGAGCTGGAGAGTGAGATCGGCGTACCGACGTTGATAGGACTCTGGACCTAAACAAAGGAGCCAACGATAGATAAGCACCGAACATCGAATAATCCAGGGAGATGCTGAAGGCAGTTGCATTAGTGTCCCTCCTCAATGGAAGGAGAAGACAGCAAGCTACTAAGACTGCGTTTTGTCCTGGCAACCATCAATACATCTTCCAGGCGTCGAACTTCTGCCACAAGTACCTCGCGACCAGATTCGGTCAGGCGATAATAGCGGCGCCGCTCATCATCGAGGGCCGGATCTGGCCGCGCGTTCGACTCTTCAATGAGACTATCTTCTTCCAGGTGTTTGATCGAGCGATATAAGGTGGCCGGGCCAAGACGAAGTTTTCCCTTGGTATGGGTGGAAATGTCGCGCATGATACTGTATCCATGCCGCTCGCCATCCGCAAGCGAAAGTAAGATGTGGAATGCCGCCTGTGTAAGTGGCAATCTCTCTTCCGGGTTTTTTGAAGAAGTGCGCATCTCTGTTGCCTTCTCTCATACAAAAACATGGTCTATATCCACAATGATAATATTAGTATCACTATGGATATAGTAACGGAAGAAAGAGACCTTTGTCAAGGCGGAACTGAAGACACGTCAGGTGATGAGAGCTATTCAAGCACACGAAAGGCAAGTCGACCGACAGTTAAATTGCCGAAGAATGCACCTGGCTTGGGGAGGCAGTTTGCATCGAAAAATACATAGAATTTCCTGCTCACATCATCGTAGTGAAAGGTTGGTTTCCACACACCACCATTGTGCCAGGGCGTTCCATCGTTTGCCTTGAGAATCTGGATGGGCTCGCTCCACTGCTCCAGCGCTTCCG
CP035758.1_gap33	1300637	1302713	2076	AGCAAAGAGTGATGTCTATAAGAAAAAGGACTTTACTAGCGAGCGGACCAGGCTCCAGAGGAGGCGGCTTCGCGTGCGAAGTCGGCAAAGTCGCGAGGCTGCCGGCCCAGTGCGCGCTGTACGCCGTCCGACAGATGAGCGTTGCGCCCATCAAGAACTTCGGTAAAGAGGTAAACGAGCTGTGAAATGACCTCTTCAGGCACACCGTACTCGCTCATCATAGCTGAGTACTGATCTATGGTGACTGGCACGTAGCGAATCTCTTGTCCAGTCGCCTCGGCGATCTCGCGCACGGCATCGGCGAAGGTCAGGAGTCGGGGACCTGTCACTTCATAGAGCTGATTGGCGTGTCTCTCCTCCGTGAGCGCTGCTACCGCTATGTCGGCAATATCCTCGACATCAATAAATGGCTCTCCCACGTCTCCGACCGGCAACGCGACCTCACCGCTGAGCACAGCATCTAACATGGCTCCCTCGTTGAAGTTCTGGTTAAACCAGCTAGCGCGTATAATCGTCCATTCACAACCTGATGACTGTACGACCTGCTCGCAAGCCTGAGCCTCTTCTTCGCCTCTACCGGAGAGCAGAACGAGCCGCCGGACGCCGTTGCTCGCTGCTAGCTTGACAAACGCACTGATGGCTTCGGATGCGCCCGGAGCTGCCAGGTCAGGATAGAAAGTCACATAGACCGCCTCCACATTCTTAAGCACGGGTTCCCATGTGGCCTGGTTCTCCCAATCGAAGGGAGTCTGACCGGAACGAGAGCCGAGCCTTGTTGGGATGCCGCGCGCCTGCAGGCGCTGAGCCACGCGGCGGCCAGTCTTGCCTGTGCTACCAAGAACCAGGATTTGCTTGATGTTGCTTATGTTCTCTATGTTACTCATCTTTTTTGCTCCTTTTGCTATGCTCTTTATATTTTTCTCGTATCACACAATAGTTTCCATTACTTGAGAAGATCGGGCAAAAATTCATCTACTGTGAATTTGCTTGCCGCTTCCATTTCTCTGATAGTTCTATTGTAGCCGTTCACGTAGCGTAAACCTCAAGCCCTTTTTGGGGCAACTTTTTATTCTTACTCTCTCTCGTCTGTGGAAAGAAAAGCTGAGCAATGAGAAGAGAATATTTCACCGAAACAATTGCGATGAGTGTGAAAGCTATGGCTGGCTAGAGGGAGAGCTTGTGCGGCTTTTCTTTTGTGCCTCCGCCGCACGTATTGCTTTGGCGATGGAATCTCCAATGATGTGCAGCACAATATCAGCAGTAAAGTGGACCAGCATCGCTGCTTCCAGGCCATATTGCCAGAAGAGATAGCCGAAAGCTACTCCCACGATACCGTTGAGAAGAATAGCCCGCACAATCAATATGGGGGTCAGCTCGACCAGCGCAGCAGTGGCCGGCAAATGCCCCAGGCCAAAGATGATTGCAGCGAGGACGTTGGCAAGCCACAGGGCTCCCAGTGTGGGCTTGCCAGTAGGCAGATGCCAGGCAAAGCCGATGAGCCAGGCCAGGAGCGAGAGTAAGAGAAAGGGGCCGAGACGCTATTGGCGCCTCCGATTCCTCATCTCATGATCAAAAGATTCCTGGGCATAGCGCATAGCATCGAGATACTTCTGCTCGCCGGCTCGCTTTTGCATCTCCTCGGGGGCAACGTTCTCAACACGAGCCGCGATCCACCAGACATTGCCGAATGGATCGCGCACGCGACCACCGCGGTCGCCCCAGGCACTGGTTATCATCTCGGTAACCGAGATAGCTCCAGCAGAAAGCGCTTGTTGGTAGACGGCATCACAATCGGGGACATAGAGACGCAAGAAACATGGAGTATCCGGCCACTCATCTTTTGCATCAAACGCCATGACAATTGAGTCGCCAATTCTTGCCTCGGCGTGGCCAATCGTGCCATCCTCGTTATACACGCGACCAAGCTCTTCCGCCCCGAACGCTTGTTTTATGAAATCGAGCAGTCTGGCTGTATCCCTGGTAATAATCCAGGGTGTCACCGTGCGATAGCCTTCAGGAATCGGCGGCACTGCGTTTGTTTCTGTTGTCATATGTATGATCCTTTCTGAGATGTCT
CP035758.1_gap34	1305035	1305599	564	GGAAAAGGCAATACCGATACTACGTCAAATAATTATCACATTTTGCCGCCATTTAGTAATCACATTTACAAAGGGGCTGGCTGCCTTTGGATGGCAGCCCCTTTCTCGCTTCACAAACGGATTCTCCATCAAGCTGCTATAGTTCAACTTGTGGGTACACCTTGGCGATTCCATGCAGGTAGGTAAGCGCAATCCCCTCGGCACCGTGACCTTCACCGGCATAGATTTCGCTGCTCACCGTCAAACCAGGATAGTTGCCCTGCTCTAAGAAGGTAACAAATCGCCGAAAGTTGGGAATGTCATCCTCCTCCAACTCGCCTACGGAAAGGTAAAGCTGAATCGGATTGCTGCCATTGCGCGCAGCCAACTGCTCGTCGTGGTGAATCCAATAATCGTAGGTGGATTTCAGAATCGCGCTGCCGGAGATATAGCGCTGAAAGGCATCCGGCTGCCGGAACAACGCATAGAGCACAAAGAAGCCACCCGACGAATAGCCTTGCAGGCAGCGATCCGAGGGAATAGTGCGATAGTTTGCATTAATAAAAGGGATCATCTCCTGCGTAA
CP035758.1_gap35	1308633	1311982	3349	GGTCCGCCAATGGCAAACATGGCCATCACAGAACTGATGCGTCCACGCAACTCGTCGGGGGTCATGCACTGCACCACGATGCCCTGGAGAATCACACTCACCATATCTGCCGCGCCCGTGCCAGCCAGGAAAAGAACCCCTAACCAGAGGGGATTGGGAAAGAAACCGAAAGCGACAACGCACAGCCCCCAGACCGTAACAGCCAGCACTACCCATAACCCCTGACGCTTGATACGCATGATGAGTCCCTGAAAGGGCATCAAGGCCACGGCACCTATTCCACCTGCGGCCAGCAAGAAACCAAGCCCCTGTGGCCCAAGGTGCATGATATCTCGCGCGTAGACTGGCAACAGCGCTCGTGGTGCCCCGAAGAAGGTGGCGCAGAAATCAAGCAAGAGTAATGCCAGGATCACCGGGTGTGCACGCAAGAAACGCATGCCTTCACTCAAGGCCCCGAATCCCGCCAGCGCGCTTTTCTGCGGGGATGAGTGGCACACGCAGCACAAGCAGTGCGGCAATCACCACCAGATACGAGACGACATTCACCCAATACGTGGAGGCGACCCCGAACCAGGCCAGAGCCAAACCGCCAGCCGTTGGACCAGTGATGGCAAAAAGGTAGACCATCATGGAATCGAGAGAAATTGCATCAGTCATCTGCTCGCGTGAAGCCAGATGAGGAATGATGGCCAGGCGCGCAGGAAACTCAAAGGACGAAGCCGCCGCACTCAAAAGAATGAGCACGGAAATGATGAACAGATTAACGACCTGGAAATTAGTACAGAGAGCCAGAATAGCCGAAAGGAGCATCATGACCACGTTCACAATGAGGAGCATCTTGCGCCGATCTAATGCATCTGCAAGAACTCCTCCCGCCAGTGAGAAGAGCAGACGAGGAAGCGCCTGTATCAAACCGATGAGCCCTAAGGCGAGCGCCGAGTGCGTAAGCAGATACACCTGCCAGGCCACCGCAACCATCTGCATCTGCGTTCCCGTTGCAGAAATGAACTGTCCCCAGAAGAGCAACGCGTAGTCTCGGTTGCCGAGAACACGAAAAGCCCCAAGTGAACGCCAGACAGCGGAACGGCCTTTCTCCGAATCTGCGAGCGCATCTGAGTGAACTTTCTCTAGCGTTGTATATGGTTCGTTTTCCATTAAAAACCTCACCCCAAAATAGTTTGATATGTGATGCAGATTTCTCGACATACATCCAATGGGAATACTTCGTCGGTTGTGTAGGAATATGAGGAGCATCTATCACTCCTATGAGGTCATTGTACGGGGAAAAGGGAGGAAAACAAGTGGGAGAAGGAGACCTCCCTAGTGCTCGTGTGAGCAGGAAAGTTCCACCGCCCGAAGTGGGGATTTCCTACTGATTATCCTGTGCTGGGACGAGTTGCCAGGAAGACGCTAACCAATCTTTCCCCCAATAGGCCTTTGTCCTATCAACAATGGAGAGAATGCGTGGGGGTTCCTCTAAGAAATGAATGCTGTAGAGTTTTTGCAATGCTGCCTCAACCCGAGGGACAAAACGTGAGGTGAGGTTTGCCTTATCAATTGCAATCATGCTCGATGAAAGCAGGGAAGCCATACAAAACGATGTGTGCGCCGAGCCTTCGTGTCCATGTCGTCGCCAATGCTCTATAAGATAAAAAGTCAGACGCACGGCCAGATAGTCATTACGGGGATTCAAGTGAAAAAGCTGGTATGGGACACAGGCCAGAAAGTTCATCTGATGTGCTTCATAGGAGGAGATCCAACTGCCAGGAGCAATGAGATAGCCAACAACTTTTCCCTGCTTTTCAATAGGGGTGAGTACGAGATAGGGGGCATCTATGACCACAGACTGCACGTTGCTCCCAGAACGAATGATATGTTGACCCCGAAGGTGATAGCGGGAAAGCAGCACGAGATCCTGCTGGACCTGTTGTCTTTGCTTCCATGGATATCCGTCACTGAAGTGTTTTTGCGAACCAGCATAAGCACGCCGATGGTGTTTTTGTACTCCTCGCCAGGAGAGAATTTCATCGTGGTGGATCATAACCCTGCCGTTGAACGAAAGATGTGGGTCATGGTGTCTGCTGGCCCACAATCCCAAGAGGATACGTGCTGTCATCAACGTCCCTTCAGGCTGAGAAACTGCTCTGGCCAAGCTCTTAGAGAAAGATGGGAGTGCGGTCGCCGCATCTAGAGAGATTGAGAAGTCATTAGATGTTCGATAATATGGCTGCGCTGTCTGTTCTTGCAGGCTCCATTGCGTCGCTTTTCCCAGGATCGCCTCGCGAATAGCCATGTCTTCAGCATAATTGGGAAGAGAGAGGAAGGGCGCAACAGGAGAACGAGGAAGATTCAGCAACACATCTGCGTGTTCGTCAACAAGCGAGAGAGGCTGGAGCATGTTCTCCTGTGCCAGTTGCTCGGTAGATTGTTGGGAAAAAAAAGCTGGTTTGAAAGTCAGGAGATTGGAACTGCTCTCCTGTAGACGTTCCATATGATAGTGAGGGAAAAGCCTGGTGTCAAGGCCAGAGGATGTAGGAGAGATACTTCCTAATCTTATAGAAAGCAAGATGCAGAAAAAGAAGCAGAGAATATGTATTGAGATTTTTGATCGAGAAGAAGCCGATTTATACGAAGTACCAGACATCATTCTTTTTCTTTCATCATTTGCGCTTTGTGCCGACCACATATTTATAAAAGGTACTCCGACTCTTGAAGCCGGCGAGGAGCATAACTTCAGCGACAGAATGCCCACGCCCCTTGTATAACTCTCCGGCACGTAAGAGGCGCGCTAGCGGGATCGAATCTATGGCGCGTGGCCTGCCGCTGCCATCGAACCGCCAAAGGGGCCGGATGTGATGGAAGCCGATCAGGAAGCGCCTTCGTAAGTAGCCCTCCTTTGTCCTTCGCCCATCAAGCCGGCTTGATGGGCATCTTCCCTCTCTGCAATATAACAAATTGTTTTATGATAGGATTTTAGTAACTATTCAGATGGGCTAGGTAGTTGCGGAGAGAGCTGTCAATCTGCTAGAGTAGGCTTATGAACAAGGATGACGAGTTGGAGCAGCTGCGACAAGAGAATGACGCGCTACGACATACCAATCGCACCTTACATGAGTGTGTGCGGGAGTCCATCCAGGCCATTGGTTCGCTGCACAAGCAGATCAAGGAACTGGAAGGAGTGATTGCCTCCCAGCAAGAGCACATCAAAGCCTTGGAAGGGCAGGTGGCCAAAGATAGTCATAACAGCAGCCTCCCACCTTCTTCAGATCGCTTTGTTCGTGTTCCTAAGAGCTTGCGGCAGCCGAGTGGCAAGAAACCTGGAGGACAAAAAGGCCATCGAGGACATCAT
CP035758.1_gap36	1323875	1328675	4800	TTTGCATTAGCTCCGCTGTCAAGCTCGCAATTGGCTTGCCCGACTTGTTTACATAGTCAAATGACTCAAAAGGGGCTCGCTGGGAGCGCAAACGTTCAATGATTCCCATGCGTTCGGCAACTTCATAGCCGGTCCCATAGAAGTCTATGCCATAGCCGCCACCACGAAGCCGATCTGACTGCTCAATAACCACAGCCTGAATGGTGTATTGGTGCAGCCAATAGGCCAGGGTCAGTCCGGCAACGCCGCCCCCTGAAATTAATACACGCATGTTCGCTTCCTTTCTTGATGCCTTCCTATGACATCGCAGTTGTAGCAAATCTTCTATATAAAACTGACTGGTCAGTTATTATTGTAACTGAAATGCTGACCATTGTCAATGCCATGCATTCTTCCCTGGTTTTGCCAGCATCTAGCACCCCGGGTTCTCACCTACCCGTCTTTCCCTACACGCCTCTTGACAACTACACATTCCTGAACTATACTCCTTGTAATCATAAACAGAGTCTCGGTTTATTAATATAAAGAAAGCAAGATCAAGTGAGGTCCTCTGATGGCCAACCAACGTGTGAGCAATACAGCGCTTGGCGCTGCCACTTGTCGATTGATTGAACAATACCAGCCCGAGAATATGCGGCTGTTTTATGATCCCTTGGTCAAAGAACTGATTGGCGGCCCCATCCGCACACTGATGCATTTCGCCAGCATGCGCCGTCTAGCCATTCAGCAGATGGATGCCCTCACACCGGGGATTTATGGCGTCCAGATTGCCCGAACACGCTTTATCGACGAGGCAGTTGAGCATGCCCTGGCGCAAGGCATCGGACAGGTGGTCATCCTGGGCTCCGGGCTTGACACGCGCCCCTATCGCTTGAGCGAAATGGCACGCACGCGTGTCTTTGAGGTTGATCTTCCGTCTGTGCAGGAGGACAAAAAGAAGAAGCTGCAACAACTTTATGGTCGGCTGCCGCAACAGGTGACGTTCCTCCCTATCGACTTCGATACGCAGAGCCTGGAAGCTGTCTTCAGCGCAACTGCCTTCAATCCTGCCAGTCCGACGATCTTTATATGGGAAGGCGTGACGCAATATATCTCGGAGGAAGCCTTTCGCAGGACACTGGCCTTTGTTGGCGCCTCAGCTCCCGGAAGTATCCTTGTCTTTACCTATGTCTTGAAAAGCTTTATTGAGGGGCATTCGGACATTCCGGGCAACGCGAAAATGCTGCAAATGGTGGCGAAGCGCGGCTCTCCCTGGATCTTCGGCCTTGATCCCGCCGATGTTGCGGCGTACCTCTCGCCATTTCATCTTAGCTTGAGCGCAGATGTTGGCAGCGAGAATTATCAAAGCTGCTATTTCAAGCCTATGGGACGCGAGCTGGTGGTCTCCAAAGTCGAGCGTATTGCCCAAGCCTCAGTTTTCCGTCCCTGATGATCGTCTTTGACCCAGATGAATGGCGATGGCAAGCTTACTAGCGCACCCTCGAACTTACTGAGGGCGGTTGCCCGATCGTTAGACTTTGGGCATGGAGCGGAAGAATGCGTTCGCCTGACCCGTGAATGAGTGAATTCTGTGCTTCTCATCACAGAAGGAGAGAAAACATGCATCGCCACCGTTTAGAAACTGCCTATGATCGTATTGCTCAAGAATACGCAGAGCGTAATCACATGGTTCCTCCTCTTATTCAGATGGGATCACGTTTTCTTTCGCGCCTAAGGCCTGGGACACGAGTCCTGGACGTTGGGTGTGGAGATGGCCTTCATATGGCCTGGATGGAAGCACAAGGGTTTCAGGTGACAGGTATTGATCTATCAACCGGCATGCTGGCTCAGGCCCGTGCGCGTGGTGTGCAGGGAAAATTGGTCCAGATGGATATGTGTCATCTGGCATTTCCTCCTGCCTCTTTTGAGGGAATCTGGTGCTGTGCTTCTCTGTTGCACCTTCCAAAGGCACAGGCTCCAATGGCACTGGACCAGCTGCATCGAGTCCTGGTTCCTCGGGGGATGCTCTATCTCAGTATTCAGGAAGGCGAGGGTGAACAGTGGGAAGTGACCAGATTTGCCGAAGTTGAACGTTTTTTTGCTCGCTACACTTCCCAAGAGGCGAAAGCTCTCCTTTCCCAGGCAGGCTTCTCTCTTGATGAGTGCCATCGGGATGAGGCGGGTCCGCGGCAATGGATCAGTTTTCTCGCAAAAGTTGCTGAATAATCCATACACGAGCAATCAACGATCTTGCTCCCTATACTAGCCCAAGGCCCAGGGCCTCGATAGCGGCCCGCTGCACATCCTCCTGTGGGCTCTGCAGGGCTGTCAGTAGCGCGTCGCAGGACTTACTGCGAACGGTAGCCAGCTCGTTAGACTTGGGACATAGAGCGAGGAATGAAGCCGAAGGACGCGCTTTATCCCCGCAAAGAGGAGAAATTATTATGGATGATATGCTCAAGCGCATAGATGTTCATCATCACATCGTGCCAAAAGAATACGTTGACCGTCTCGCGAAGAAAGGAGTCACAAAAGGTCTCGGCGTGCCTCTTCCACACTGGAACGTACAGAAAGCCCTTGAGATCATGGACGCCAATGAAATTGCTACGGCTATTGTTTCCATTTCCGCACCCGGCGTCTATTTTGATCAAGATCTGCAATTTGCCAAAGAGCTATCCCGGCAAACCAACGAGATCTGCGCCCGCTTGATCGCCGATTACCCCCAACGCTTCGGCGCGTTCGCGACCTTACCTGTTCCAGACATCGATGCGGCCTTAGAAGAACTGCAGTACGCCTTTAATGTGCTCAAGCTGGATGGGGTTATCCTATTAACAAATTATGACGGATATTATCTAGGCGATCCGCGCTTTGAGCGCCTGTTTGCCGAACTGAACCGCCGCAAAGCAGTTGTCTTCATTCATCCTACCACCCCTCCAGGCATGCAAGCCTCACATCTTGGCTTGCCTGAAGCTATGATGGATGTCTGTTTTGACACGACAAGAACCACCTTTTCGCTTATCGTCAACGGCATCACCAAAAACTATCCAGACGTGCGTTTTATCCTCTCCCATGCCGGAGGAACTGTGCCGTATATAGCCGCACGGGTAGGCATAACCGCCTCTATGCTAGCTGATTTGAAAGGAGCCAGCGCGGTAATCGCCGATGGTATCGGTATGGTGGCTTCAGCCGTCCCTAAATTAGAAGAAAAGATGCCCGGGACACTTTCCTACTATCTCAGGTTTAAGAAGAATGTGCTGCCGGAAGGGCCTGATTTTTTCCTTAAGAAATTTTATTACGACACAGCTCTTTCCGCCTCCCCTCATGCGTTTGCCTCGCTGCAAACGCTCGTCGAGAGTTCGCACATCATATTCGGGACCGATTATGTGTTCGCGACGCCGGCTGCCGTGCCAGCCACAATTCAAGGAATCAGGGAGTATGCCGGCTTTACAGATAGAGACCGCACAGTGATTGAGCGAGAAAATAGTATGGACCTCTTTCCACGGCTCAAAGTTCTGGTTTAAGGGGCCCGGCGAGAAAGCTTAGATCTCTTCCCAATAGTCGGCGGTTTGAGGTTTGTTTGAGGCGCTGAGGCCTCTTGAGGCAAGATCTTATGAGGTCACCACGAGATCCTGTTTTTCCTAGATGCACACAAAGGGATATTACAGCAGTCCTGCCCCCTTATACTGGCCCAAGGCCCAGGGCCTCGATGGCGGCACGCTGCACATCCTCCCGGGGGCTCTGCATGGCTGTCAGCAGTGCGTCGCTGGCTTTAAGCTGGCCCAAGGCTTTCGCGGCCCGGCGATCTCCGGCGGCGAGGCGCTCTAGCAGAGGTCCGATAGCCCGCTCATCGCCGCTTTCGCCAAGAGTTCCGATGGCGGTCTCAAGCACATTCCATTGGTACCCGCCAGCTAGCACCTTGAGCAAGGCAGGAATCGCCAGCTGACTGGGCCCAGACTGGCCACGCCACTGGCTCTTGATCATTTTGAGCGCCAGGACCGCTGCTTCTCCCTGTTGATCTGGCAGCGGCGGGCCCTCCTCATAAGGATCTTCCTCGGGCCATGCATCGGGCTGGCCCCTGCGGGTCTCAAGAAAGGCGGCAAGGACCTCGACCAGGGCATATGTCTTATCCTCTCCCAGGGTTGCCAACTCCCGGCTGAAGTGTTCTCGCTTAACAGCAGAGCGCCAATACTCATGCCCCAGATACTCCCCCAGCTCGCGAACGGCCTGCTCGCGCTCGGCCTCATTCTGAGCACGTAAATATGGTTCGATATAGCGCCTATAGAATGACAAGCTGGGATCTTTGTAATGATCCATCGACTTTCCCTACGCTTTCCCGCGTCAAACTGATGCACCCTGATTGGCGAAGCTACCTCTTCCATTTTCTCATACGTCTCGTTTAGAACGCAACCTGATATGGGCCAGGACAAACGAAAGGGACCAGGCGTGCAGCGCGCACAACCTGGCCCCCTGAGCTCAGCTTGCTACTATCAGGCAAAGGCTTTAAGGTAGGGGCGCTGAGCCTCCCACATCTCATCGAACATCGCGCTGATCTCTGCCGGAGAGCAGACGGCTGCAGTCAGCGGATCAAGCATGAGGGCATAGCGCGCCGCCTCTTTATCGCGCTCCAGCAAAGCCTGAGCGACAAGATTATGCACGGCCATATGCGCCCGGTTGAAGGCTGCCAGCTGCTCGGGCAAGGGGCCAAAGTGCGTCGGCTGCACCCCATTGCGATCCACAAGGCAGGCAACCTCAACGCAGCCATCGGGCAGATTATCGATAAGCCCATGATTGCGCACATTGCCATAGATAACCGTTGGGCTC
CP035758.1_gap37	1348216	1349246	1030	TCTTTGCCTCTGCGCCCAATAATTGCGCACTGCTCCAATTCATAGTCGAGTTTCTGGGTATAACGCGGCCAGCCCACGGTCTCATCCGGCCCAATAACGGCATCAGGATTGCCTTTATAGCAGACGGGCATATTATACCACTCCACTGGAATGTTTTTCAGGCTATTGAGCACGTGTTCCTCAACAACCATGAAATCATGTATGCGGCGCGGTCGCGGGATAGGCGCACATAAGCGCACATGCTCCCGCTGAAAAACGAGTTGCTCGCCCTTTGCTCCCTGCTGCTCTTGTGTTGGCAGGACGAGGGCCAGGGCCTCGCGAACGGTTTGCAAGGTACGCTCACCCCCGGCGATAAAGCTTATCATCTCCACAGGAGCCAGAAAATCGGCCTCCCTGTAGGCATCCTCGCCATGATGCGTACGCCTGAGATATTCGGCTACAACGAAATTCGCATCAACGATTGTCTCATCGTCGCGCCACACGCCTACACGGCGGAAGGGACCCAGGACGGTTTGCACTTCATAGGTTACAAGTCTCATTTCACACCTTCTTCTACGGCAATGCGAGCCTCTTGCTGCGCCGGAGCCTTGAGGGGCTCGCGCGCAGCAAAACCAATCACAGCAAAAATAATACTCACCACGCCGAGAAATATCCAGGCTCCTGTAAAACCACTGGCGGCTTCAATCAGGCCAAATCCGAGCGGAACAAGGAAGCCACCTACCGCCGCCAGAGTGAGCATCAACCCTTCAGCAGTAGCAACATCCTCGGGAAAGATCTGGTCACTATAATGGCCGGGCGATGCCGTCCAGGCGGCAAAGCTATAGATAAGCAGGAAGCCCACGAACACGGCAATGATCCAGGTGCCAACGACACCAGCAAAGGGCAAGACAAGCAGACCCAGACCAAGGAGCAGAGGAGGGGCAAGAATAACTAGCTTCAAGGCGCGCGCGCGGTCGGCGAAGTAACCGCCAATAATCGAGCCGGGGATGCCAGCCAGCACAATCACAGCGGCCATAAGACCAGCCTGCCC
CP035758.1_gap38	1354041	1357666	3625	GGCAGCGCTGCAGGCGGCCAGCGGCGGAGTCTGGCGCGGCTCCGTCTATGACGTCGAGCGCATTATCAAGGTTCTCGAAGTCGGGATGCGCGCCCTTGGCGAAGCAAAAGAGGCAAACAGCCAGGAGCATTCGCCACAAGACCAGTGAACATGCGGCTCTGACACACCTTTGGGGATAAACTGATCTATAAAGAGGGACAATACGAACAATCTCATGTAAAACTTTCAAGCGCCAATAGAGGTTTCCCAGATTTTCTCTCTGCTCTCTCCTCGTGATCACGGAACTGTAGCTTTGAATATGGCACGAGCGGTATCCATCGCAAATGCTACAGGTCGTCAGAGTCTCCAATTGGACATGAGTGTTGTAAAGTAGAAATGTGATCAAAACAAAGAAGTCAGGAAAGGACCAATACTCATGAATGAATTTGAGATCAACCAGTATATCACTGATACATTTGAAGGTGTGGATGTCGTGACCGATTCTGGCAACAGCTTCTTCTTCCACAACCCAGATAGCACCATTCCCCCAGATCATCGGGTTCCGTTTGTGACGCTGGTGATCAACGATCTCTATGACCAGTTCTCCAACCTCAACCGCCCATCGGTCTTTCGCTTGAACATCGGCATCGGCAAGCAGACGTTTCGCTCGCTCTTCGGTGAACCTTCGCTGCCTTCCGACAGAGACAGCGCGGCGATCAGCGGCGAAAACGAAAGCTCCTATGACTTCACTGCCCTGGATCAAATCATGCCTCACCCGGTGTATGGCCGAATCTTCTGGGTGTGCGTGCTCAACCCTGGGAAGAAGACATTTGAAACAAAAGTGCATCAGCTTCTGACCGAGGCGTATGAGCTGGCAGTGAGCAAGCATAAGAGGCGGGTAGTTCGCAGGTAAGCTCCAACAGGCATCTGGCCCAACACCACCAGGCACATCTCACACCATATCGCCCCTTATCGAAAGCCGGTCACAGCGGAGCGCCGCCGAAGCAGATCTCGTTTCCGTCAGAATCGCGATACGTGACCTTGCGCACACCGTTGGGATAGGTTTCCTGCTCCACCGGATCGAGTCCCCGCGCGGCTATCTGCGCGACGAGCGCATTGAGATCATCGACGAAGCTCAGGTGCACGGCGTGGCCAGCGTGCTCCGGCCGCTGCACAATATACACAAACCGATGCTCAGCAAGCTCCCATACAGCCTCGGTTTCGTGTGGGAAGAATGCGGGTGGGCCGCCCAACAGCCGTTGATACCACGAGAGCGACGCCGCGTAGTCGGCGACTGAGATTCCCGCGAACAGATCGAGATTCCTGGTAGTAAGCATTCTTCGTGCTCCTTTCTCCATCTTGCTCGGCACAGCACACCAGCCAGCCGGCTCATATGATGGGTTACACCTATTGAAAGCATCCATCGCGTTAAAAATCTGGATCAGCGAAAAATTGCTTCATTACAATCGCCAGGTCGTTCGTCTGGTGACAGGCGAACAGCTGTGGCAGAGGGCATTGATTTAGCCGAATGGTGGACGTTCATCCACTACGCGGTACTCCATCATGTAGCCACCAATGATAGAAATGCCAGTGTCCGGTGCTGCGGCAACCTTTCTCCAGGCGTCGAGATGTTCTTGGGACTCCCACCGCTCAAAGTTATTGACCCGCCTGGGGTTGAGCGAGTCGGCGGAGATTGCCAGGTCGAGACAGCCTGGGGCCGCTCGGCCTCTCCGAAGGAGGTCCTGGTGAGCGGCAACGTACTCGTCGCGAAAACTGGCATCAACTTCCAGGTAGCCAGCAATGATCAACATGGATGCGGTTCCTCTCTAGTTATTCTCAACGAAACTGTATTGAAACAATCGGGCAGCAACGAGCATAGCATCACATCAAGAAACAAACTTCTTCTATCTTGCGCTCTTCCTCACGAAGCCTATTCTTCTTTCTGGTCTTCAGCATTCTAGCATACAGTCTGCACTCTTGAAGTTATTTTCATGCTGAAAACCAGATTTGAGCCAAGGACTGATCCCCTCATTGCTCCAGATCAGGAGATGCAAGCTCACCACAGATTGCCGGTGAGCAGCAGAGCAACGTAGAGGATAAACAGAGCCAGGAGAAAAAAGCCGGCCTCAATCAAGAGACGCTCGCGTATGCCTGGCCTGGGCTGCAATCTGCCCCAGGGATGCCAGAGGCGCAGGATAATGATACCAGCAATATCAAGCGCAATAATAATCACGATCAGGGCTCCCCCACTGTGAAGGACTAGCGCGCCGCTGCCCATAAGCGAAACGATCTGTTCCATATCAATATTGCCCCAATGAACCTTGCTGCCGCGCATAGCGCTCGCATAGCTTATAAACCAGCCAGCCAACCCCTAGATAGAGCAGAGCATGAAGCAGCAGGGCACCCAGGCTACCATCCAGCCAGGCAGCCACTAGCGATTGACCGCGCAACTGTACGGAGCGCAAGACAATCACCGCCTCAGTGGTGGGCAAGATCTTCGTAAGCAAAGTGAGCCAGGTCGGGAAAGCGCTCACCGGGACCAGCGAACCGGTCAGGAACAGCATAAGGTTCTGCAGCATATCAGCCAGGGCCGAGATCTGCTTAAAAACCAGGGCCAGACCGCTCAAGAACAGAGTAAAGCCGAAAAGCTCGCCCAAGGTCACCAGCATGATCGGAATACCCCCCATCTGAGAGGAATATCGATATGCAAGGGAATTACCAGCACGCAGGCAATCAAGCAAATCACCAGCGTCGTCGAGATGGTAAAGGCGATCATCCGACCGACTAAGAGCAGTTCTGGCCGCACCGGGCTCATATACATCTGCTCCAGGGTCCCGGCTTGCGCCTCCGCAATAATATCGTCGCTAAGATTCTTTGTAGCCATACGCGCATAAACCCAGATCACGTAACCAAGGAATTGGCCCGGCAATTGTTGTTGATCGATGCGCTCCTTGCCCAGAAAGAAAATGGCGCCGAGAAAGATCAGGCTAATGATCAGGGCTTGCATGAGCGTGTCAAATTTGTAATCCCACAGGAGCAGCAAGCGCTTGTGAGTCTCGTTAAGGATAATGCGCAAGGACATGCTAACTTTAAGCCACATGATCTTTCACCTCCTTCCCAGCAGAAAGCAAGCGCATAAACACCTCTTCCAGACTTGGCTCAAGCAGTTGCACAGCCAGCAAAGGAAGTTGAAGCCGCTCGATGTCGGCCAGGTAGCGGTACAGTTGCGCTTGATTTCCAATCAAGCCGGTTAAGCAGCTTTCCCCATCCGCGTAGCTCATATTCAGCGGGGCAAACAAAGCTGCCTGTTCAGAGCTGAGCTGGCCACGCAAGCGGATCTGATAGTGTTCCTCGCGAAAGTATTTCAGGAGATGGGTAAGTGGTTGGTCAGCAAGCAGCTGGCCATGACGCATAATCGCCACACGCTCGCATAGTTGCTGTGCGATATCAAGTTGATGCGTTGTGAGGATAACGGTTTTGCCCTGCTCGCGTGCCAGTTTGGCAACCCAATCCTTGACCGTACGTGCGGCCTGGATATCGAGCCCGAGGGTTGGCTCGTCAAGCAGCACAATCGACGGATCGGCAATCACGGCGCAGGCGATGGCAACTTTTTGCTGCATGCCACGCGAAAAAGTGCGCACAGCCG
CP035758.1_gap39	1379043	1381918	2875	GCATCGTTCCTACGAATATTACCAGAAGGCGCTTCATAAGGCCAAAGAGGAATACGTCCATAGAGACATCATGGCGCATACGCTTTGTGGCCTGGCCCGCATCTCCTATGAACGCAATGAGCTAGAGCAGGCTCGGCAGCAAGCGGAAGAGTTGCTAGCCATCGGCAGGGATCTAGCCCTGGAGTATCATGAAGTGCAGGCAAGTTTGCTGCTGGCTCGTATTCAGCACGCACAAGGTGAGACCACAGGTGCACGCCAGCGCCTTGATACGCTGCTAGCTCGGCTACCTGCCACGCAACTTGACTCCGCATGGCCATTATCTCGCGAACTTCTGATCCTGCAAGCCCGCCTGGCGCTAGCAGATGGTGATCTGCTGGCGGTGCAACGCTGGATTGCTAGTCTGGAGCAGGCTGATAGCACGCAATTCCCCTTCGCTAGCGAGCAGGAAATGCTGATGCTTGCGCGCTGGCATCTTACCCTGGGCAGAAAAGAGGTAGCCCTTGGACTGTTACAAGACCTGTTGCAGGAGGCCCAGAAGGCGGGGCGCAGGCATAGCACCTTTGAGGTTCTGGCACTTCAGACCCAGGCCTACGCAGAACACGAGCAGCAGGCGCAGCAAATTCTTCTGGAATTGCTGGCCCAGACCTGCCCAGAAGGATACCTGCGCCTCTTCCTGGATGAGGGAGAGGCCATGGCAGCCCTCTTGCGCTCCCTCGTGCTGCACGTACGCGAGCAGCCTGTACTTGCCTCTCTTCAGAGCATCATACGCGCCTTCCCCGGATCGTCGAGCAAGCTCGCATCATCTCCGGCTACGCTTCTGGCCGAGCCTTTGAGTTCCCAGGAGCTACGCGTCCTACACCTGCTGGTTCCCGGTCGCTCCAACGCCGAGATTGCCGGCGAGCTGGTCGTCTCCGTCAATACGGTACGCACTCACATACAGAACATCTATCGCAAGCTCGATGCTCATAATCGCGCCGCGGCCATTGAGGTCGCGCGCCAGCTCCATCTCATTTCATAAGATAAACGTTGCAAACTCTATTCAAAAGTTTGCAAAACAGCTGCAAAAGATATCTTTTGGAAGTGCTGCCTTCATCGCGCTGCGGCGCACTCCGGGGCATGATTTTCTGCTGATCGCGCTAGTGGTCATCTGCCGTGGCGCGTTTGCTGCCTACCGTTTCCCAACAGATCCCCTACAATCATGCCGCCGATCATCTTTATGGATGATGCCGGCTCGCCTCCTAGAAACTACACTCTTGAGAGACGCACACAGGTGTGTCTTCTACGAAAAAGAGTTTTCAAGGAAGTTCCACATGGACCAGAAAGACAAGATCCATGCAATTTCCCTACCTTTGACCTGGAGGTGCTTGTCATGATAGTTGTTACTGCCCCTACGGGCCTGATCGGCCATCAAGTGCTTAACAATCTGCTCGCCAGCTCCGAGCCGATCCGCGTAATCGTACGCGATCCCTCGCGCCTTCCCGCGCACATACGTGATCGTGTTGAGGTCGTGCAAGGATCGCATAGCAACCCCGACGTCGTTACCAGAGCCTTCGCCGGGGCCGATGCCGTGTTCTGGCTGGTCCCGCCTGATCCCCAGGCAGAGAGCGTGCACGCAGCCTACGTGGACTTCAGCCGACCGGCATGTGACGCCTTCAAGAGTCAGGGGGTCAAGCGAGTGGTTGGCGTCTCAGCCTTCGGTCGTGGGGCAGCTGTGTCCGGGAACGCTGGCTATGTCACTGCATCGCTGGCTATGGACGACCTGATCGCAAGCACGGGAGTTGGTTACCGTGCTCTGGCAATGCCCGGCTTCATGGATAACCTGCTCCATCAAGTCGAATCGATCAAGAACCAGGGCATGTTCTTCGACATAATATCCGGGGACCTCAAGCAGCCAACCTGCGCCACCCGCGACATCGCCACAGTTGCCACCAGCCTGCTGCTCGATCACACCTGGAGCGGAGTCGCAAGTTGCCCGGTACTTGGCCCCGAGGACCTTTCCTACAACGACATGGCACAGATCATGTCCGAAGTGCTGGACAAGCCAGTGCGCTACCAGCAAATCGCAGGCTCGGCATTGAAGGCCATGCTGACCGGCTCCGGGATGTCCAACGCTATGGCGCAGGGCATGCTCGATATGATGATGGCCTACGATCAGGGACTCGCCACCGCCGAGCCGCGTACGCCCGAATCCACCACCCCTACGAGCTTCCGTCAGTGGTGCACGGAAGTGCTTAAGCCAGCCGTCCTGGCTTGAGCAACGTCATAGCAAACGAAAGGACTACCAGATGACTGAAATTGCAACAAACAAAGCGCCTCAGCTCTCTAATGAGCAAATCAATGACATGCTGCAGCAGATTGCCGATGGGTACGGTCAGCAGCGACGGTCCCCAGTCATGCATACACCTGCAGAGCTGGGCCTCGACTACGAGAACGTCACATTTCCATCCCGCGACGGCGTTCCCCTGGAGGGCTGGTTCATCCCGGCAGCCGGGTCTAACAGGCTGATTATCGCCAATCACCCGCTGGGCTTCAGCCGATCAGGACTGCCCACGCAGTTCGAGCCCTGGCACTCACAATGGGCGCCCAGCGGAAATGGTTTCGAGATCAACTTCATTCCTGACTACAAGATCCTTCATGATGCCGGATACAACGTCCTGGCCTACGACCTGCGCAACCATGGTTTCAGCGGCGCGGCCAACGGCGGCATAGCGTCAGGTGGCATTTTTGAGGCCCGCGATGTCGTTGGCTCGCTGCAGTATGCGCGCAGCCGCGCCGAGACGCGGGATATGGCGATTGGCCTCTTCAGCCGCTGTCTGGGCTGCAGTTCCACATTCTCAGCGATGGCACAATTTCCCGAAGCATTCAACGATGTGCG
CP035758.1_gap40	1384087	1387673	3586	CAGATGGATACTATCGAGGGAAAAAGAGCGGATTGAATAACTTCCCACTTCAAGCCCTTCCAATAAAGAAACATTGCCTGATAAGTGCAACCATAAAGTTGCACACTGAGGCTAAATGTGGTAATATTAGTGCAACCGATCGGTTGCATCAGGAAGGAGTTATACATGGAACCCGTTGTGATTGAACGGAGCATTGTCGTTAAAGCCGACCGTGAGCGAGCCTGGAAGGCCATCACCACGCCCGAGCTCATTGAGAAATGGTTTGAGCCAATCTATTTTGAACGCTTAGCCGTTGGTGAGGCCCTGACCTTTACCTGGGGTGGTAAAGGCTCAATTGCCCTTGTTGAGCCCATGGAACGCTTTGGCTTTCGCTGGCAAAGCGCGAAACCCCATCCAGCACAGACCTTAGTAATCTTTGTCCTGGAAACTGTCTCCGAAGGGACGCGCATCACGGTCACGGAACAGGGCTTTGAGGCGCTACCAGAAGAGATTCGTCAGGCCCACTTCCAGCAAAATACGCAGGGATGGGAGAAAGAGCTGGGCGAGCTCAGCGCTTACTTGCAGGGATAAAGCGATGATGGAGATCGAAGAGCGTGTGTTCACAGCTCTGGCAGATACAACACGGCGACAGTTGATAAGCACGCTGGCACAAAGCAGTCCCAAAACGGCGACCCAGCTTGCGCGCGAATTTCCGATCAGCCGGCAAGGGATCTTAAAGCATCTCGATTTGCTGGCTCAGGCCGGATTAGTGCGCGTACAGACGAGTGGACGCGAGAAGCGCTTTATACTCGATCCCACCTCATTGCAGGCCGCCAGCACCTGGATTGAGACAATTGGCAAACAGTGGGACGAACGTTTACAGCGGCTTAAAACTCTGCTTGAAGATGAAAACATATAATGCAATACAAACGACATAAAGCTTGAAGGGAGCGATAGTTATGAGCAACTTACAGATCACGCAAGCCCCAGCTGCCCATACGGCAATGCTGATTCGTAAGCCAGTTGCAGAGGTATTCGAAGCCTTCATTGATCCAGCCATTACAACTAAATTCTGGTTTACCAAAAGTAGCGGTCGGCTAGAGCCGGGCAAAGAGGTTCAATGGACCTGGGAGATGTACGATGTCTCCACGCAGGTAAGTGTGAAAGCCATCGAAGAGAACAAGCGCATCCTTGCCGAATGGGCTGGTTACAACAATCCCACACTGATCGAGTGGACCTTTACGCCACACGGCGACAATGCAACTTTCGTCAACATCACAGAGACTGGCTTCAGTGGCAATGGAGATGAACTTTTCACACAGGTAGTAGATTCGACCGGCGGCTTCTCCTGGGTACTCGCAGGGCTCAAGGCGCTGCTAGAACATAACGTCACCCTGAATCTCGTCGGCGATCGCCATCCCACGCAGACTATCGCTTAAAATGCGCGGAGGGGCTAGCGCGAGCTGGCTCCCTCCACAAACCCTCTTACCTGGCCGCAACGGCAAAAACTACGCTCTTGCGCTATTAAACAGCATGAATATTGGCAGTTCATCACTTTTTGTGTGGCATTAACCCGTGGGATTGAAAACTTTCACATCAAGTATGCGCTGCCAGATAGTCAAGCCAGGTTTGAATAGAGCGCTTATAGCCATCTGGCATCCGCATTTCCCGCAAGATTGGAAGGCTATGTAGTCCCACGGCCTTATGCTCCTGGCTATGATGCACACGTGTGAAAGGCTCAGGATAACAGCCATAGGTGAGGATCAAGACATTAACGCCCTCGCTGATATGATAGATCCAGGCATCCAGCAATGGTCCAATGGTAGCCTTTATGCCAAGCTCCTCCTCTATTTCTCTGAGCACGCAGGCTTCGGGAGTCTCGCCAAGTTCAAGCTTGCCGCCCGGCAGTTCCCACTCATTGCGCTCGTTTTTGAGCACCACAACTTTCCCATCCTGGCAAAGAACTCCCTTTACCGAGACGGGAAAACGATAAGCTAGATTATCCCCTGATGGGAATGAAGAAGGCATTGTCTATTCCCCATACTGCTTATGATGCTTTAAATACATTCCAAATAACGATAATAATATGGAGTTTACCGTATCACTTGTAGTATAGCATATAGCAAGCTTATAAACAGAGGATATCGTGGCGTTGCCTTAAAGCAGGTATCCCAGGGCGAGGCAGAGATAGAGAGGTTACAGCTCTCCACACCGATTTAGATCAGGCGATTGCATCCAAGTGCTCTGATCCCAGCAGGTATCATAGCAAGTAGAACAGGTTTTAACACAAGTCGAGGTATAGGTATCATAGCCGCTAGCATCGGCCTTTCCTCGCTGCACAATTCGAACGTCAAGCTCAAACAGATTCTCGTCATCCCTGCCCTCGACCATCTCCACTTGCCTCGTCACATCCATCTTCTTCTCCGCTCCGTTACAAACAATTTATTATTTCTGCAGCAAAAGGTTCTGCTCTTTATATTATACACCTAAGCCCTATATCGGGCACATCTCCCCTTTTCGAGAGCATAGCGGCCATGCCAGAAAGGCCAGATCATCATCTTTTCAATCCCTAACGGGCTTACCATTCCGATGAAGTTTTAGAATGCAAGCAGCCAGTGGAGTGGGTCCTACAATCCCTCCAGGGCTCAGTTCTCTTGCTTCCCGTGATGCTGTTAAGATAGCATATCAAACCATTGCCGGCAAGGGTTTTGGGCCTTCTCGCCCAAATGGTTAGTTTTAAGGCAGGCTTTAATCTGGCCAACCCCTGGCCATTTCTCCCCGATATACGGCTTTCCCATTCTGCTTGTTCCGCTGCAGTCAGGCGGCGAAGAGTTCGGTTAAGGGCAAATCCGCTAGGTCGCGGCGCCCCCTTAACAATCCCTTTTTTGGAGAATGGGAAAGCTCTACTGATATCTATACTTCGCCCAATCCAGGCAAGCAATCAGGTAATATAGAGAGACATGAAGGAAAATGAGATAACTTTGTGATGGCGATCTTGCGCACAACGTAGAGGAAAGCGAGCAGCACATTATGGGAAAACCAGTCTTAGTTATTGTCAATGGCTTGCCAGGAACTGGAAAAACTACACTGTCCAGGCGCCTGGCTGCCGATTTAAAACTTCCAGTCTTTGGCCGGGATAGCCTGTATGAAACCCTCTATGACGCCCTTGAAGGTCAGGCCAATGATCGTCAGTCCAGGCTGGGCCATGCCTCATTCGCCCTTCTCTACCATGTCGCCGATACCATTCTGGCGGCCGACAAATCGCTGATTGTAGAAGGGTTTTTCGGGAACATTGAGCTACGCAGCGCCGAATTTCTCCAGCTGCAACAGAGGACCGATCTTGCGCCTTTGCAAATTCTGTGCCACGCCGATGGGGAGCTTCTTCTAGAGCGTTTCCTGGCCCGCATGGAATCCAGCGAACGCCATGGCGGCCATCAGGATCGCAAATGGCTCGAACAACACAAAGAGAGGCTCCTGCGCGGTCAACTGGCCCCCCTCAAGCTTGCAGGCCAGCTTCTTGAGATTGACACCACAGCTCCCCATAGCTCTGCCTATGCCAAACTTTTGGGGCAAGTGCAGAGAGTTCTCGCCAATGGGCACAGCCTTT
CP035758.1_gap41	1498731	1503315	4584	GCGCGTCTCGGCAAGTACTGCTGCAGGATACATATATTCTAGCTGCTCCTTCCCAGCATTTTGAACTATCAGGTGGTATTTTTCTGCATTACAAATAGAACAGCTATGCGCGCTTGATAGCTTTGGAATAGTAGTGGGCTATGTGGCTTTTATTGGTTGTTGGCGCGCTGTGTTCAGTGAGTCATTTTCATATCGCGTTGGTCAGGAGATTCCGCTCATCTGGCGTCGGTCCCCGACTCGTTTCTAGACTTGTGCTGTTCAAATTTTACCCCTATGGCCCATCATATTCTACTTACAGACTATAACGCTCTAACTTGTCGGTGCGATACATAGAGTCCGCGAAAATTTTTATAATGCTACTCCTGTGGCGGGCGGATACTATGTCTATGGACATTCCCCTAACCCTTTTGGGGGATATGCCCATACATATTATAGTCGGATCAACAGACAACTTTGCCTAGAAGCAAAAGTAGCTTTCTCTCTCCTTATCTCAGAGATTACTAAATGACGTATAGATTTTGCTATAGAGCTCCAAAGCGCGCCGCGATCTAGCTGACTAGATTCGCTACTGCAACTTTCTGGCGTGAAGGTGGTAAAAAAGCTCACTCCTGTTTGCTTTGGGATAGAGGGACATGCTATAACTGAAATATAAGCTTGTGCATGTAGCTATGTTTCTGTTTTTATTTGTCGGGAAGAAGGAGAGAAGATGCCTGAACGCACTCCCGCTTTGATCGACTTCCACAGCCATTACTATGAAACTGCCTGGTATACCTCTTCTAGGCAGGCCCCGGGCGGCCTGGCGCGAGCCTGGCCCTTGCTAACCGATCTCCAGGGGCAATTTGCCGAAATGGAGCGGGCCAATATTGGGGCAAAAGTGCTGAGCGCGCCGTCGGCAACAATTGCCTCTGCTGGTCAGCCGTTGCCCGAGGATCTGTTGAGGCGCATCAATGATCGCTTTGCTGAACTGCTTGCACTCTATCCAGGGCGCCTGTTTGCTCTTGCTACGATTGATGCCTTTCGTGGCGAGGGCGCGGCTAATGAGGTGAGGCGCGCTATTCAAACGCTTGGATTGCAAGGAATCTGTCTCGATTGTGCACAAGGGAATCTCTATCTTGATGCCCCGCAGGCGCGTCCAACCTTTGCTGCAGCCGCTGAGCTTGATGTGCCAGTCTTTGTCCATCCGGTTAGCCCGGCGGGCCTGACTGAGCGCCTGGCTGATCTAGGCCATACGGGTATCTTGCTGGCGCGAGGCACGGAAAACGCGGCGAGCGTGCTAGCCTTATTGCGCAGCGGCCTCTTAGATGCATTTCCCACCTTAAAGATAGTCCTACCGATGATCGGGGTTGCCGCACTTTTATTTGCCGGTATCGCTGAGCAGGAGCATAAGCGCGAACCGGGCTGGCTTGGCTCCTCGCCTGGCACTTTGCGCCAACGCCTCTATATCGATACGATGGGCTTTGATCTGGCTTCGCTGCGTTTTGTGCTTGAACTTCTGGGGGCTGAGCATGTACTGCTGGGCAGCGATTGGCCGATTATGCCCCTTACGCCGCGCTGGGAGATCGAAGGGCTGCTCTCAGCTCTAGAGCTGAAAGAGGCACAAAAGGCCGCAGTTCTTCAGGCCAATGCCTTGCGCCTGCTAACTCGACAAAAGGCGTCGCGCTAGCAGGCGGAGCAGCCTTTGCGCTTCTACGCGTTAAGCCAACGCGAGTTCTGTCTTAAGACAAGGCGAGCAAAGCGCCAAGAAAGGTCACATTTGAAGTCGCCAATGGGATTCGCAAAAAGCAAGAGAACTCGCTCATTGGGGAGTGGCGTATGCACGTCGCGCTTCTCCAGTAGGGAATAAAGGTATCCCCACGCATCTGTGGGCGCATCAAGGCAGAAAATCGTGAGCTTTATGGATGAGACAAGCCCAAAGGATCAGCGAATTGAGACTCATGCCGACAAACATTACCCTTCATCGCAGAGGTCGAAAAAAGGTACGAATGTCTTGGGCCACTGCATCTGGTTGTTCCCATTCGGGAAAGTGGCCGCCTGCGGGCAGATCCGTCCAGTGATCAATCTTGTAGAAGCGCTCGACCCATGAACGGGGCATGGGAAACATATCTTTTGCAGTCTGAAGCCAGCCCATTGGCACTCCCATCTCACCCATTGGCAGTGGCGATGACTCATAATAGAGACGCATCGACGAATTGATCGTCTCGGTCGCCCAGTAGATCGTGAGATTGGTGAGCAGCTCGTCTCTGGTGAAGGCCTTCTCTACATTGCCATCACAGTCGCTCCACGAGCGAAACTTCTCGATGATCCAGGCCGCCAGACCAACAGGTGAGTCGTTAAGTCCATAGGCCAGGGTCTGGGGCTTCGTTGAATGGAGCATGGCGTAACCCATCTCCTGCTTCCTCCAACTCTCTAAATCGCGCACATAAGCCTGCTCGGCCTTGGTGAGATCATCAGAGAGGGCGTAATATCCCCCGCCTATCATTGTGCCTCCCGTGTGGATACCGACAACCGCATCCTGGTGCTTTTGCGCGAGTTGCATGATGACGCCTCTGCCTAAGTCAGTACCACGAACCGCGTAACGGCTATAACCAAGTTCATCGGTCATCAGTTTCGCAAACATATCAGCCATACTTAGCGCATTCATGCCCGGCTCCCTCACTCGATCGGAGAAACCGTAACCTGGCAGGGATGCGACAACCACATCGAACGCATCAGCGGCATCCCCTCCATGTGCCTGTGGATCGGTAAGCAACGGAATGATCTTCAACATCTGGACAAACGAACTGGGCCAACCATGTAGCAGGAGCAGAGGGAGAGAATTGGGTTCCTTGCCTCGCTCATGGATAAAATGGATACCTACTCCATCGACATCGGCCTTAAAGTGAGCAAAGCGGTTGATGGCCTGTTCCTGAGCACGCCAATCAAACTCATGCTGCCAATAATTGACAAGTGTTTTCAGATATGCAAGATTGGTGCCATAATTCCAGCCTGCGCCCTCAACCTCATCGGGCCAGCGGGTGCGTTCCAGGCGAACACGTAAATCGTCGAGCGTTTCTTGCTCTATGTGCACTTTGAATGGATGCTTATTCATAGGTTCTGTTTCTTTCAGGCCCCTTTCTTCTCATGACCACTTGAGTATAAGAGAAGGGGAGGTTGTCGTCCCTGTCCAGAGGGCGGGTCATGCCCTGTACAAAAGGCCAGATGTATTGAAAAGCGTCAAAGCAAACTTGACGGGATTGGCTCAGCAGGAACTAGAGCTGTTGAGCGACGATTCTTCTTGCAGCCCGCTGCGTCGTATCAAACCGACAACCATTCCACTAGCAACGGCGGCCACGCGTGTTCCATGCAGTGCTTTGCTAGTACGGTTGCTCTGCTTCTGCCTTGACGGCAAAGTACTTGCATGATGAAGAAAAATTGGGCCATTGATTGGCAAAAACAGCCCATTGTTGCTGGTAGAGAAGTGATACCAGCGGCAAAACTACTTACTATTTCACAGTATCACAGCGGCAAGACAGGAAGAGAGGGGGAAAGAGGAAAAGAGTGCCGAGAAAAAAGGACTCTGATCTTGTCCGGGCCACGTTGGATGAGAACAGGCAAAGCCCTGGTAGACTCCTCCGATGATGGATAGGTAGTGTTTTTTCGTTTCCACCCTACACCTCATCGGGGGGTCGCTTATCCAGAACTCGTGCTAAGACGGCTGAGGGCCCTGGCGAAATGGGCTATGGGGACGCAGATTACTGCGTTGAGCCATAGCGCTGCATGTGCTTGCGCTCCCGTTCGAGGGCACCGGCCGGAAATCCCTGCGCCCCACCAAGCGGATGCGCGTCGAGCGTGAGCTGGGCCGATTCTTCCATGATAATGATGATCTGGGCCGTAGCTAGGGGATCGCTGCTAAAGGCCAGAAGACCATGATTAGCTAAAAGGACTGCGGGAACCGTTGGGTGCTGTCGCAGTTGCGCTACGATGTAGCTGACAGCTTCCTCTGAGCCCCGTGGTGCCCATTCGGCAACGGGGATATCCTCGGTTATGCCGAAACGCAAAAAGGCCTCATAGACGCAGGGCAGAGGCCGATGAGCCAGGGCAAAGCTTGTTGTGCGCGGCGAGTGTGTGTGAATGACGGCGTTGACCTCCTGGCGCTCGCGATAGACACATGAATGCATGCCGACGATCTCGCGCGTGGTGGGGTCAAGTGTGCCCTCCACGACTTCACCATCAAACGTAATAACTACTAATTGTTCGGGGCTCAGATGCGTCAGATGACTGACCGAGGTGAGGAGCATCAAATCCTGCCCGGGCAATCTGGCGCTCATATTGCCATGTCCACTATGAGACATGACGCCAGTCTGGTGCAGACGCTGGGCTGCCTGCACAAGCTGATCTCGCTGCTGACTGTAGCTCAATGTTGCCATATTTCCTCACAATTCTAGCAGAAGCGCTGTATGCCTCTGCCGTTTTTTCGTCGAAAAGAGGCTACAGTCTCTATTATACCCAACGCTGATCCGAAATGTTGCCTCAACACCTGCCTTTGCAGGGATGCGACACGGCTTCTATAAAGTCTCTTCAAGCCATTCAAAGTGGGCCTTTCTG
CP035758.1_gap42	1506486	1509870	3384	AGCTCTCCTGGATCACCTTGTTCGCCAGGTCGAGGAGCAGAGACGTGATGGCTGCTCTGCTTTGCGGCGTCCCAACGTTGATCAGCCATCAACCCTGCTTGAGCCACTCACAACCAGGGAACAACGCGTTTTGCGTCTGTTAGTCGCCGGGCAAACCTACGCGGAGATCGCCAAGACGCTCATAGTTTCTCCCAATACGATTAAGACCCAGGTCAGCAGCATCTATCGTAAGTTGAACGTTGGGCGGCGCGCCGAGGCCATTGCGAGAGCGGAGCAACTGCACCTGCTGGCTAATTGGGAAGCCGAAAGCTCCTGATGATGCCCAAGACCTCTTGCGGCATCACCCAACAATCACGAATATCAGTGATGTCAGCGGAACATATTGCCAGCTATACTCTTCTCAACTGAGGTGTTTGAGCGCTCAAATGGGACGCATGCTGAGAGAAGCGGCCCCCATGGTTATTGGTGCGAGGCTGTAGGCAGTCTTTTACCTCTTTATGAAGAAAGGCAATAAATGTGAATAACTTCACTACCAAAGGGAATTATGCTGATATCAACGGTCTGAGCATGTACTATGAAATTCATGGCACGGGCCAGCCGCTAGTTTTGCTCCCTGGAGCGTTATCAGGAATAGGTTCAGCCTTTGGCAAACTTATCCCCTTGCTTGCCAGGACGCGGCAGGTCATTGCGGTTGAACTTCAGGGCTATGGACATACTGCTGATATCGCTGACCGGCCCCTTTCTTACGAGTGCTATGCTGAAGACACTGCCGCTCTCCTGGAACATCTGCGGTTGAAACAGGTCGACATCCTTGGCTATAGCTCCGGCGCGGGTACTGCCCTACAGGTGGCCATACGCTATCCCCACCTTGTCCAAAAACTTGTGCTCTGTTCGGTTACCTATACAAGTAGTGGCATTTATCCAGAGATGCGAGCTGGCATTGAGGAGTTGACCCCTGAATTTTTGGCTGGTTCTCCCTATGAACAAGAGTATCTCCAGTCGGCTCCGCGACCACAAGATTGGCCGCAATTGGTAGCGAAGGCAAAAGCCTTCAATAAGCAAGTGCAAGAGTGGCCAGCTGCTGACGTCAAAGGGATACAATCTCCAGTTTTGCTCATTGCCGGAGATTCTGACCTGGTGTGTCCAGAACATATTGCTGAGATTTTTCGCCTGCTAGGCGGTGGGCAACCTGGTGACCTGCTGGGCCTGCCAACTTCGCAAATGGCCATTCTTCCAGGTACAACGCATATGGAGCTTACTGCGCGAACCGATCTGCTGATGGCAATTATTCCTCCCTTCCTCGATGCACCAATGCCAGCGCGCAAGGTCTAGGGCAGGCAGATAACTGCTGCGAATGGAAGTGAAGTCGAACAGGAAAGGGCAAATTTCTTGGGGTTTCTCGTGTAATAATGCTGAAGGGATGCGGCCGGTCCCTGGCTCCAGGATTTCCCTGGAGCCGCGTTAACGTATGCACGGAGTTTACAAATATCCTGGGCTTATGGCCTGAGCTGCATCTTCTTTAACCAGTTTACATCGGCGCGGATCTGGGCTGCAGTTTTGCGATAGAAATGCTTGATATCGGCGCGAATGTGCTCATTATATGAGTCCCAGGCTCCAAGATGACCCAGGAGCAGGTGATGCTCGCGACCCCGAGCTTCGCAGAGCGTGATGAGATTATTCGGGTCAAGCTCTAGCTCCGGGTGCAGATGAAAAGGCTTAATGTGATGAACCTGGAGCTTATGGCCTCGGTAGCCACAGGCCACGCAAGCGGGCTCGCGTAAGCGGTGCTCCCTGGCCACTCTTTCCCACTCAGCGCTTCGTTCGCGCCCATGCTTTTTGGCGATATGGGCTCCGTAGTCCCTTCTCAAAGTTGGAAGGGGCAATCTCCTGCGAGAATAATGTCTCTTCCTTTTGGGGCGCAGGAAGATATATCCTACGATTAAGACGGCGATCACAATAGCGAGAGGAATCAATATTGAATTGTCCACTTTCCCTCCTTGGAATTGTTCGATGTACCTGCTTAAGATCAAGCTCCACGGGCTTCAAAGCCCATGGAGTAGATCAGTTTGTTGCCAAGCATACCGAATTGAGGCAAAAAAGACAATCCTTGACCTTAGCGGCTTGAGCTACGCCGCGATTTTGCTCGCATCTTCCGGTGAGCTCTGACGCGGCGACTTCAAGGCCACGATGGCGAAGATGACCATTAATAGCGAGAGCACGCTCGAAATGGCGAAGGTTATCTGTGGCGTGATCCAGGGCGCTATGGCTGCCTGAGCCAGCGGAGCAGCCAGCATGGCAAACGATATGGCCGTGCTGCGTATCCCCATGAGCTGGGAGCGATTCTTGTCGCTTGTCGCTTGCAGATAGATCGTGCTCATCGATGGCATTAACAGGGCAAAGCCTACTCCAGTCATCAGCGACGAAACTATTAAGAGCGGGTACTGGTGCAGGAAAAGCATGGCCAGATTAAGCGAAGCGCTCAGCAAGCTGCCTATGATGACTAGCGGCTTTTTCGGTAAGGTATCGCTAAGGCGTCCCAGCACTAGCGGGAAGAGAGCCATAGCCAGGCCATCGGCGCTAATGATCAAGCCATACTGCGCAGCGCTATAATGCAGCGTATTCTCAAAAAAGAACGGATACTGCGGCAGCGCGAACGGGAAGACAAACATGCTACCAAAGTCTATGAAGAGGAGCGCTGCAAAGGCCCAGGCCAGGTGAATCAGGCTTACTCTGTTCACATCAAGTTCCTTTTCGCCGCGTTTCTTCCTGTCCCTGTTCGCCAGGGCCTCCGCGCGCACCTGCTCGGGCAGGGTTTCAGGCAGCATGAATATGGCCAGTAGCGCGGAAGCCAGTGCAAAGGCTGCTGAGAGCAAGAATGGACTTGTGAAACCCCATGATTGATAGAGGACGCCGCCGATTGCTGGTCCTAGCGCGACACCTCCGGCCTGCGCTGTAGTCATGACGCCCATCCAGCGCCCCTGTTTCTCGGGTGGAATGGCGTCTCCAATCATGGCCATGGCTGCGGGCATAAAGCCTGCGACAAGGATGCCCTCTAGAAACCGTATAGCTATAAAGAAGGCTGGAATATTGACGAAGGCCAGCAACAGATTGGTCGCGACAAAGCCAAGCAGGGCTAGCAAGACTAGCGGCTTACGGCCAAAACGATTGGCCCACACACCCATGGGCGTGCTGAAGAGGAACATCCCCAGACCAAAGCCACCTTCCATTAAGGCCAGGGTTTCGGCTCCCAGGCCGAGCGCTTCCAGGCGCTGCGGATAGACCGGGATAATTATGCCAAATCCAGTCATAATCAGGGCTAAGCTGGCCGGCAATATAAATAGGGATTTGTTTATCCTCTTCTTTCTATCGACATGCTGACCGGTT
CP035758.1_gap43	1543369	1544538	1169	GATACGAGTGATCGGCCTGTGGAAGGGGAGAGGGCTGTTTAGCCGTGCTGACCCAAAAAGAGAAAGTTCTCAAAATGATGTTGTACTAAATCTTGAAGTGAAAGCACAAAATAGATTGTTCCACAATCTCCCCAACGCGTGCCTAATTTGCTATCGCAATCCATTTGTAGAAGCAGAACATGACCCTCAAACTCATCTTGCAGGCCCTCTACCCTTTCAACCTCTCCATGCGGGCCAACTACACGAATGTTCCAGGGCTGCTGGGGAACAGGCAAACCCAAAAGTTGATGGCGATAATTTTCATATTTCCCCATCAGGTCTATGTACTCGAATTCTTCACCACCTATTAGATCCGTACAATCAAGCTCCTCATAGAATAAATGGAAGCCGGAGAGAGCTTCCTCAAACCAGATTTTTGCCTGTGTATATTTGCGTACTTCTTCTCCCGCTTCATAAGGTTGAAGCGTAGCAGGATCACCATCCCAATAGCTAATGCTTGCCCATTCGGGGCGATATGTAGCTGTTAAAGGACGCCCCACGGTATCATCAAAAGCGAAGAAGTAGAGCATCCCTGTCGCAGGGAGATCATGCGCAATCGAGAAAGCCTGTAAATCTTGCAAGCGATACTGTGCAATAAAGGAAAGAGGCTTACCATCTCCGCCCAGCGGATAGAGGAAGCCAGGAGGTAGATCTGGTTTTCCGCCAAATTTAGAGCTGCCAATGGGGAGTTGATCATTGGGCTCGCATTTGATAGCAAGTGCCGATCGCAGTCTGCGCAGAAGCTTTTCCTTATAGTGATCACGTTCGGCTTCATCTTCGAAATCTAACTTATCGACATCCTGTAGCAATTGTGCTTGCATAGGTAGCGGTCCTTGCATGAGTTTCATCCTCGCTTTTCATCTTTTTCAAGACTATTCTTGCAGAGATAGGGAAAATAGGCAAGAGGGGAAGGGTGCTTCTCCAGGGCTTTCTACTGAAAACGCTTCAAGAGAGAAAACCGAAAGACCCCGAAATCAGGTTCTATCTCTTGACTCGTCCCTTGCCTTTTTGCTATATTAACTATACGTATAGCGAATGGAAATTAAGATGTTAGGGAGGAAAACTATGGAGATGAAGAAGAAAAGCACGCGGCGTACAGAGGCCGCTGAGGTCAGCAAGAAAGCTATTCT
CP035758.1_gap44	1547337	1549122	1785	TTTGAAGTCAGGCGCGACTATTTTTCCTATATTCAGCCGCCGCTTGCGGAGCATGGGATTGTGCTTCAGGATATGCTAGTGTTTCGCTATGATCTTGGTAAATAGCGTGAATATTCGACGATTTTTAAGCCAAAACATGGGAAATCGGCGCGAATGTTGAGCAGCAGAGCCATTGGGAACGTGAGAAGCCAGGAGAGAAGCGGATTGGCGCCCACCGTTTTTGTAAATTCGGACGGTCAGTGTAGAGTGCCTCTTGCCGAGAACTATCACGGTCAATCCCAATAGGAAACTAGCCACTCTGGTATCATTATCCTGGTGACTCACTCTGCCTCTGAAGTGGCCTCACAAGCCAGAGCGTTAGAAGTTCCCGCAGCCCGCATACTGGTACCAGAGCGACCAGTTACCTGTTGGGCTTGACACCAGGCAGCGGAGACGTGAATCATGAGACCTAACGAAATAAAAGTTGCCCTCAGATGGAAGCTGGCGGCTGATCTCCCCTTCGATATGCTATACTGCCAGCAAAGGTATCGACCTCCTGGTGCTCCACACTGGAGGTGTGTAATTGCCTTCCCAGGAAGACTTCATGGAGGCAGCGCAGTTGCCGTCAGAAAGTAGGCAAAGCAAGGAGAGCCAGCCACAAAGGCAACGGCACCTGCAAAACGCCATCGGCTCCTGACCTGCGCTGTGCGTTGGCTTTGCAGCTGACATCATGGCGCAGGCGACACGCGGCGGCGCGGATGCATGAGGCTGAGCACGCTGATGAGCCAAGGACGTAGAAAAAGTCCTGCGGCAAGTGAGAACAACCAGGAAAGAGAGCCAGAATATGCCTAAAATCACCATGAGTCCCAGCAAACGAGAGCAGCGATTACAGCAGCTTCAGTCACCCGATGGCCAACTGCGGCGGTATGCTGCGCTGAAATTGGGAGCAAGTGGTGATGCGCAGGTGATTGTGCCCCTGGTTGCGGCGCTGCGGCAGGAATCGAAGGACTGGGTGCTGTCAGCTATCGCCGAAGCGCTCAAGCGGCTGGGTGACCCGCGAACGGTTGATCTGCTGGTCGCGTTGCTTCAGGACGAAGACGCATCGGTACGGAGTAAGGCGCTGGAAGCGCTCGGAGAATTGGGAGATGGGCGAGCGGTCGAAGCTGTGATTGTTTGCCTGAAAGATCAGGAGATGGATGTGCGCTATCATGCTGCCTGGGCGCTGGAGAAGCTCGGCGATACACGCGCTGTTGAGCCGCTACTCGGCAGTCTTCAAGATGCGTATCTGCCGGTGCGGATGATTGCCGTCGTTGCGCTGGGAAAGCTTGGCGATCGGCGAGCAATCGAGCCTTTGATTGCTTGCCTTCAGGATGAGGATGAGCATGTGCGGGGGGGCGCTGCCCATGCCCTGGGGCGGTTTGGCGATGCGCGGGCCATTGAGCCATTAAAAGCGCTGCTTGATGATCCGAATGAATGGGTTCGCATACAAGCCAGCAAGATGATCGAGCGTCTGCAAGGTCTGGCAGCAGAGGCTGGGCGCATAGATGAAAGCTAGAGGGCGCGCCCAACCTCCCGTGCTTCTTGCGGTCAAGCATAGTAAGAGAGATGTCAACCATTGCTTGGTAAGGAGAGGCATTCCCAACCGTATTCATCAGTGCGCAACAGGGCTAACGAAGGCAGCCAGGAGCCCTGTGCACTCCTGGCTACTTTAACCGAAAAACCCGGCTATTCCTCCAGCTACGTGTTTCTGAGAGAGAGTAACAGAGCGCTAAGTGGGAATCCCTTTACTGGCTGTCGCGCGGGGCC
CP035758.1_gap45	1569023	1573384	4361	CTTGATGGCCTGATGGAAGTGATAGCCATCCTGTGCTGTATGTGCTTTCAACTGCCCTAAAGACATAAGTGCAGATCCCTGGATACCAGGTGAAAGATATTTCTTAAGAGAGAGTGCGGCGGTAAAATCATCTGTAGCAAAGGTATAATCCTGCTCTGCTTTCCCGAAATAGCCAAGAGCCGCTGTATTTTCGCCTCTTTCTTTAAAGACCCAACCTCTTCTGCACAGAATTGCCACTTGTAACTTGAAAAGGTTCCCTTCACTTGCCAGGAGATATGCCCGATTGAGGTAGAGAATGGCCTTGTTATACTCTTCCTTATCACTGGCCATATTTGAGAGCAGCATATGAAATCCGCATAATAAAGATAAATTCTGCTGCTTCTCTTTACGATCTCCGTAAAGAAGCGCTTTTTCTAGCTGGGAGATACTCGTTTTGATTTCTCCTACGTGTTGGAAAGCTGTGCTTATTCTATGCAATTTCCAGTAGTTTCCGAGTGCTTGATGAGCTTCTTTGATATTCAATGATGTAGGGCTAATTGTCTGCGGTGTAGCGAGCCGCTGTTGAAGTGGAAAAAGAGGCTTCTCGACTTCCTGAGAGGAAAGAAGTAGCTGTTCAAGCGAGGTTACCCCAAGCAATGCAGGGGGGATCTGAAGCAAGGTTGCTAAAATCCATCTTCGTTTAGAATCAGTTGGGAAGGACTTATTGTGTATCATCTGGTAAATCCGTATCCTGGTATAAGGCTCATTTCTCGCTGCTATGCCGTAGATTCTTCCAAACTCCTCCAATCCTATCTCGCTTTTCTTGAGAAAGTCAGCTACAACCTCATTGAAATCGGGCAGGCCATTCTCTAAAATCGTGTAAGGTCCATAATTGCCAATATATGCCTCATTCAACATCTTCCATTCTCCTCACTTATTTTAAGTATAAATAGGGATCGTAGAAGATATTTTACCTCATACTGTGTAATCCATTTGTTAAATTATCTCCCTCTTACAAGAAAATTTTACATTTTGATCTTGCAAGAGTGATATATTCATACCGACACATGAAAACTTACAAATCTATTATGCAACTAATAATCGTTAAGTGTCAAGACAAGCAAGCGAGCTTCTATTTCATGTAAAACAACAACTTGAGGAGTCCATTTCATGTCAATGAGTGAAGTAGCACAGCTCAAACGGCAAATCGAATTGGAATGCGAAGCAGCCAGGCGAGGATTAGAAGGGCTTGCAGCGGGGAGCGCCTATCATCGCTTTATTCGCGAACGAACCGCACGCTTAGGCGCCTACTATCAACAGTTAGTTCCTCTCATCGGCGAGGAGGAAGCCAGAAGCATTCTAGGGAAAGCATGCGAAGCATGTTTTTAGTGTTTGGAAGGGATGGCAATGCATCTATTTCGCTTCTTCAGACGAGCACGTAAAGGACAGGGTGTATCAACACGTTGGGAGCCGGGCCCCTGCCCTCTCACCTCTGTCAAAGGAGGGCGCCGCTGGCGGGAAGATATTCCCTACGCGCTTCCCAAAGATCTGCAGGAAAACGACCGCTTGCACTATCAACATTATGTCTTTAAGACACTGTTAGGAGGCAATTATCATGCCCCACTTGAGCGGGTTGGCAATATCCTTGATGTTGGCTGTGGACCGGGTTACTGGATGCTTGAGATAGCTCAACAATTTCCCCAAGCGCGCATCAGCGGGCTCGATACCGAATTTGCCCTGCCTCCTGGCCCCGTTGCCTCCAATTGTCGCTTTGTCCAGGGCAACATTCTGCACGGGCTGCCTTTTGCCGAGCAGAGCTTTGACTATACCCATCAGCGCCTCTTAGTCGCGGCGCTTCCGTCACAGGCCTGGCCCTGGGAGATCAAGGAGCTGCTGCGTGTGACACGTTTGGGCGGCTGGGTTGAGCTGATCGAGGCCGGGGATGGCTTTGCGGCAACGGGACCGCAAACCGAGCGCTTTCTGAGCTGGACACGTGCGGCATTGCGCATGCGCGGCATTGATGCCGGGATCATTGCCAACATCGGACGCTGGTTAGAGGAGGCTGGAGCCCGCGAAGTTGTCTTCAGAACGCTTTCCTATCCGCTAGGTTCCTGGGCCGGACACGAGGGTGTGCTCTGGGGCAAGGATGTCTTTGCCGGCTTTCTGGCCATCAAAGGACTGCTCAATGCACAGCTCGGCGTACCACTTCACGAGCTCGAAGCGGTTCTGGCCCAGATTCCCCAGGAATGGGACCGCTATCGGACGTGCAACAGCATCTACGTTGCGTATGGAAAAAAATAATAAAGCAAGCTTGTAGCGGTAAACAAGAGGGAGGATGACATGATTGCCCTGGATGATTTACAGAACTGGGTTCAGGAAGAATTGCAGCAGGCCAGGCAAGCGGGAGAGCGCTACGAAACTCACTGCAAGCCGTACCTTGCCACCTTAGCAGCGATAAAAGGCGCGGGCGATGCTAATGATGTGTTGGCTGCTTTAACCCTTTGGGCAAGAGAAAGGAGAGAGCTGGAGAATGTAGCCGTGACAAAGATTTGTCAGAAGATCCACAGTAGTTTGACCTGGAGCATCTGGAGACGCAAGAGGAACACCTATGTAGCTGTAGGAGAGGAAGGGATCTTTCTCAGCCTCTATGAAGCCTGGAACCGTACCTATGAGCTTTGGGAGCAGACCGGAGGGCATTATCTTGTGGCGATATGTGGAGGAAGATTTGAGCGTGAATTGCTCATGGCCAGTGAGATAGGAGGAAGACTGTGAAAGATGAGCCTCTTGAAAACATTTTGCGCGAATTGCACTTCTGCCAGCGTGAGTGGAAGCAGTACGAAGATGAGCTCGTTAAAAGGGCGCAGCGTCAAGCAATCTTCGAGGATTTGTACAATGATGTGCAACCACTCCTGAAGCACTGTATCGAACTGATGAGCACTTTGCGCGAGGGAGAAGTCGTAAGCCGCGAGTGGTGTGTAAGAAGAGACGCCTGCCTCAAGCAGCTTAAGGAGTATACCATCTAGCAGGCAGGAAGCAAGCAAGCTTATTCAAGACATGGGGCTATGTATTGTTGCACGTGATAATGTCGGGTAAAAATGGCATTTCTATAACTCAGAGGCGGTATATGATTTTGCCGATAAGGAAGCGATGAGGGAGAATCATGAAACTGAGCGCTTGATACACTTCTGAAGATCATTCTCGCCTTTACTATTACAATTATTTCATATTTCATAGAGAGCATAGGTATATGCATGTCTATCATTTATACTTCTTTTCAGAAGAAGATATATTTTTTCTGAGCTATCAAATCTATTATTGGATTCGCTTTACTTGCATGAAAAAACTTCTTTGCGTTTTGATTGTTTGTACTAGTATAGAACAAGGATCGTGCTCACATGGGACAGATTAAGTTCGAAATAATCACAGCCCAGGCCGGACCTGATGCGCATCTCTTTGGACTCAACTACAATTATGAGATTTGGGCCATTGGTATACCAAATTTAGCTAACGCGATGTGCAACTTTTGAGAAACGGGAACCCTCTTCGAGGAGAGATAATGGGGCGCGCCACGATCTAGCGAATTGTTCCCAGCCTCTCTCCCCTACTCAGCGCCGTAGGCTGTGGAAAAACTTGCACACGGGGTTAGCTAGTTAAATTATTCGCCTTTGTAGGCTTTTTCGAGTTCGCTTATATTCAGTTTACCCTCCATACTAAGCATAGCAGCGCTAACCCGATCAGCTTTAGCAGGGTCTGGATCACGCATCATTATATCCAGGCTTTCCGGCATAATCTGCCATGTCAAACCATATTTGTCCCTGAGCCAGCCACATGACATTATTTCGCCGCCTTCGGATAGCGCTTCCCAAAGCTTATCAATCTCTTCCTGCGTTTTGCAGTTTACTGCTATTGAGATAGCTTCACTAAAAGTATACATTGGACCGCCATTGAGCGCAGTAAAGTTTTGGCCATTCAGTTCAAAGTCTATTGTTGATACATCTCCGGATTTCTTTCCTGCTTCTTTTGCCACTGACTCTGTGAGATACGATGTGTTTATTATTTTTGCATTTTCAAACAGCGATACATAAAGATCTACCGCTTCTTTTGCCTGGTCGTTAAACCAAAGAAAAGTTACTATTTTTTGCATTCGAATCTCCTTAGTTAACGCGATGTGCAAGTTATCTTGCCAAGGAAAAGGCTCATGACTTATCCTCAGAGCAACAAACCAAACGCTTCTGAGGAGAACCGCCATGAACCTTGACGACTTTATTATCACATGTTTTTATTGGATTGACGAGATGATGCCGAGTATTCTTGAAGGAAGGCGCTTGCGCAGGCGTGGCCCGCAGCCCAAACTCACCGACAGCGAGGTGCTGACGATGGAA
CP035758.1_gap46	1595158	1598116	2958	GATCTATGTGATGACGCAGGGCGGGCCTGGTCTGGCCACAGAGACTGCCAATCTCTATGCCTATATTCAGGGCTTCAATTACTTTGATGTGAGCTATGCGACGGCCTTCGCTTTGGTTTTCACAATTGTGCTCACGATTGTAGTGACGACGCTTGTACGCAAGTTTGTCTTTGTGAAGCAAGTTGAAGAAGGAGCATAGCGCCTTCTCGCCTGCTAAGAAGGGCGCGTAGGAGAGGGAGAATAGATTATGCAGATGTCGGTACGCCAACCAGCCTATGCACGAGCCGTGCGACGCGTGCTGTTCTGGCTAGCTGTGATCGTCGTGCTTGTCTTCTTTTTGTTTCCGCCGGTCTGGCTGTTATTGACTTCGCTCAAAAACTATAAAGATGCGTTTGCCATGCCGCCGGTGCTCATTTTTAAGCCGATCCTTGATAATTATGTGCAGGTGCTGGGCAATGCCGATTTTCTTGGTTATGCCTGGCATAGCGTGGTGGTGGCGATAGTTTCGAGCGGGCTCTCGCTGCTTATCGGAGCTCCGGCGGCCTATGCGCTGGCCAAGATGCGCTTTAAGGGTCGCGATGATCTTGCCCTCTTTGTGTTGGGATCGCGCATAGCGCCGCCGCTTATGCTGCTTTTCCCGCTGTATCTTATCTTCTTTCATATTCATGTGCTGAACTCGCTGCCGGCCCTGATCGTGACCTATATTACGATGGAGCTGCCCTTTACGGTCTGGATTCTTTCGACCTTCTTTGAGGATGTGCCTGATGAGATTCGCGAGGCAGCCCTTGTGGATGGCGAGGGCGAGTTTGGGGCGTTCTTGCACGTGATGTTGCCCTTGATCCGTTCCGGCCTGGCGGCAACTGCCATTCTGTGTATTATCCAGTCCTGGAATGAGTTCTTGTTTGCGCTGATCTTGTCAGGGAACCATAGCAGTACTTTGCCAGTTGGCATTACTTCCTTTATGACCTTCCAGGGAACCCAGTGGGGACCGCTGACGGCTGCGGGCACGCTGGTGATGATTCCGATCCTTATCTTTTGTCTACTTGTGCAGAAACCTCTAGTGCGAGGAATGACCCTCGGTGCGGTAAAATAGGAAGAGTCGCCTGGAGCTTTATGGGTAAGCTGGAGAATCCCGGGTCTGCCTGATAGTGATGCTCGTCAGTCTTGCGGGTCCCGTGTTTGCCTACCGCTTAGCCTGGTAGGGAAGGAGGGAGCGGGTATCGTGCCGGGGACAAATGATAGGAGGAGAGAAGAGAGGTATGATGATTAATCATCGGGGGCCTGAGCCGTTAAGTGGCGAGGGCGAACCGCTTTATACCCGGCTGCGGGATCGTCTGGCCACCGATCTGGCGGCAGGACGCTGGGAGCCGGGGTCGCGCTTGCCCTCGGAGCGCGCTTTGAGCGAGCAGTATGGATGCAGCCGTTTGACCGTGCGCCAGGCCCTGTCCGAGCTAGAAGAGGCTGGCTTGCTAATACGCCGACGAGGATCAGGGACGTTTGTCGCCCAGCAATTGTTGATTCGCAAGAATTTTCGTGGTCTCTCCAGCTTTAGCGACGATATGCGGCAGCGCGGCCTGGTTCCGGGCTCGGTTGTCCTGCAACAGATGCTGGCCTTTCCCAATTCTGAACAAAGGCGCCTGTTAGGGATCGCGCCTCACGAGGGCGCCGTAATTGTGAAGCGTTTGCGCCTGGCCAATGAGATTCCTATGGCTCTGGAGACCGCTATCTTGCCAGCCGCGCTCTGTCCAGGCTTAGAGCAGCACGGTGATCTCGACAAAACCTCGCTTTATGAGATTCTTGAGCGCGAATATGGTTTGGTGCCAGACCACGCGCAGGAAGTCGTAGAGGCAATGCTGGCCGGACCCGAAGAGGCGCAGCTATTGAAGGTGGATGTCGGGGCGGCTCTATTGCGCATTAGACGCCTTACCTTTGACAAGAATCGCCGCCCTTTCGAGCATGTAGAGTCGCTCTATTGTGGCGATAAGTATAGCCTGGGCCTGACTGTGCGCAAATTGCATAAAAGTCAGGGTCTTCAGCCAGAGATACAGATCTGATGGACCAGGCCCTGAACAAGCCAGGTTGTAACTTGCTCAGGGCTGTATAAAGCTGATGCAATGCCTGCTTAGCAGTAGGCTAGTTTACTCTGCTTCCTGCCTCTACACTCAAGATGTCCTGCTGAGGTGAGGCCATCAGGGCATGTAGCTGCCGCCGCCAGCGGATAGATAGTTGCCGGTGAGGTAGCCAGCCTCATCGAGGGCCAGCAGGAGAATCGCGCCAGCAATATCTTCGGGTTGGGCGATGCGGCGTAAGGGCAGGCTCTGGCTAATTATCTCCTTGCGGCCTTGAATTATCGGTGCCGAGGCCTCGGTTTCAACTGCACCCGGCGCCACGACGTTAACCCGCACGCCATGCGGACCTAACTCGCGGGCCAGCACCTTCATCAAGGCGTCAATGCCGGCCTTGCCGGAGGCCAGGGCGCTGCTGCGTTCGGAGGTTGTGCGTGCGGCCAGGCTGCTTACAGCGATCAGGTTGCCGCGTTTGCGCTCAACCATTAGGGGTGCCACGATCCGCGCGGGAAGGTAAACGCCGGCCAGCGTGCGCAACACCATCTGTTGATAGAGCTGCCAATTTGACTCTAGAAAAGGTACAAAGAGGGCCTGGCTGCGTTCCTCGTTGCTTGTATCGAGAGTCCTGTTGCCGGCTATCGCATTCATGACAAGAGTATCAAGCGGGCCCAACTCTTGCTCAACCTGCCGTACCATAGCCTCAATCTGCTGCGCATCGTCAACGCTGGCTTGCACGGCTATAGCGCGCCCTCCATGCGCTTTGATAGAAGCGACGACTTCCTGAGCTCTGGCGGCGCTGGCATTATAATTGACGCCTACGGCCGCGCCATGCTGAGCAAACAGGCGTGCGGTGGCCGCGCCTATGCCCCTGCTCGCGCCAGTGATCAGAGCT
CP035758.1_gap47	1728103	1729424	1321	ACAGATAAAAATAGAGCTATGTGTGAGCTCTATACTTAGTTTTTGCGGAAAGAAGGCGCTATGACCTTAGAAATTGAGAAGCTGCTCGATGAAACCGGCTGGCGCTTACTGCAGGAGTTACAAGAAAGTGCTCGCCTTTCCTATACGGAGCTGGGACAGCGCGTTGGGCTCTCTATACCCTCAGTTACCGAACGCATACGTAAGATGGAAGAGGCTGGTATTATAACGGGCTATCATGCCGAAGTGAACCTGAGCAAACTTGGCATCCCAATTCAGACCATTATTCATTTGCAGGGCATTGGAGGGCATAGTTGTAGCCATGCTGTTGCAAAAGTGAGCGAAATTCCTGAAGTGCTTGAGTGCTATCGTGAGACGGGCGGAGATGGGATTATGGTCAAGGTGGTAGCTACCTCGCTTGATCACCTGGCTCGCGTTGTTGATCAGCTTTCTCTCTATGGTATTCCTACAACTACTGTCCTGCGTTCGAGACCAATGAAGCGCCATGTGGTCCCGCACGAGATTCTGGAACGCGCAAAAGATGAGGAGGAAGCGCACTAGAGCGCTTTCCTCCTGGTGATTTCAATAGGCTTAAGCTAAGGTTTTCCGGGCTTTCCTTGTCAGAGGCCGAGGCAGCTTAGCGTGCGGCCCAGACGATAATCTCTACCTTTCCAATTGGGAATTGAGGATTGGGAGCGAATGTTCTGAGACTGACGATATAGCGGCTATCTGGCGACCAGGAAGGCTGGTAGGCTGGGGCCTCTGTGAAGGAATAGCGTAATTGGCCATTCGCCACGTTCCAGAGCTGAATATCGCTGTTGACAGCGTTCTCGCTGGCAAGGCACGTGCCGTCAGGCGACCAGGCGATCTTGCCAATGCTGCTTCCTTCAGCAATCAGCTTGAGCGTGCTTCCTGTTGCTGCATCAACAATACGGATATCTCTCTCCTGGCTGTAATCTGTGCTCGCCACTGCTAAGGCAATTTGTTGCCCGTTCGGTGACCAGGCAAAAGCCGTTACATCTGGTCGCTGCTCGATCTCCTTCCACGTCGTGCTATTCCAAATAATGAGCGTCTCTTGAATACGGTTGTTAGATGTATCGTGCGTATAACCCAGCATGCCCAGCCGTTTGCCATCCGGTGACCAGGACACGTCTACAATGTTATCCGAGAAGTCGGAGAGCATTTGTATCAGTGCTCCTTTGTGGACGTCCCAGATATAGACGCTGGTATTTGTGCCATTATTGAAGCCAGCAGCAATAGATGAGCCATTGGGCGACCAGCTTACGTTGCTAAAATTGGCCCCCCTGATAGCGCGCTCATAAAG
CP035758.1_gap48	1923664	1925490	1826	AGCAGGAAAGGCATCTATTGATGTAGGAGATCGTATCATCAGCCTTGACGGTGAGCCGTTAAGTCAAGAAAATCTGTCCAGGGTATATAATAGCCCTTCTCTGCTCGTAGAACTGCAACCGCGTTCTCAGCAGGAGAGCAGAACGGTTTCGTTAGAAGCTTCACCTTTCTACTCCAATCGCTTGCCCACCGCGAGAATTCTTCACGAGCACATAGGCTTGCTTGAGCTGCCATCCTTCCTTGGCAACGATGGCGAGATCTATGCCCAGACGGCTCAACGTGCGTTGCAAGAGCTCGACAAGAATTACACACTGACTGGCTGGATTATCGATCTACGGCGCAATACAGGCGGGGATATGTGGCCAATGCTGGCCGGAGTAGGCCCGATCCTGGGAGAAGGCAAGGTAGGATCTTTTGTGCATGCAGGCGGCAGCCGTGTTCCCTGGCTTTATCAACGAGGGCAGGCGCGCGCGGGCAGATGGGTAGCGGCTCGCGTAACGAACCCCTATCAGCTTAAACAAGCTATGCCGCCTGTTGCCGTCCTGACAAGCGAAAATACTATCAGTTCCGGGGAAGCCCTGGCCGTAGCTTTTCGGGGGCGCCCGCGTACGCGTAGCTTTGGTGAGCCAACGGCTGGTCTACCGACAGCCAATCAGGGTTTTAAGCTGCCCGATGGCGCTATGCTTCAATTGACCACAGCACTTGATGTTGATCGCAATGGCGTGAGTTATGATGGTTCTCTGGTCCCAGATCAAGAGGTGCCTCTTGATTGGTCGCAGCTTGAGACTGATCAGGATCTGGTGGTACTGGAAGCCTTGAAGTGGCTGCAACAACAATAAATATTGCCAAACCTGCCTTGACCCTGACACGATGTCATGCTTTACAATGTTAGCGAAGCTGAAGCACGAGGAATAGACTGAGTAAATATCATGTAGAAAGAACGTTACAGCTACTCAATGATATAAAGAATAATCGCATAAAAAAGGAAATAAAGCCTGGATGCTTTCAATACAAACGGTAGCATGAACGAGAGGATTAATTACATGTACTATGGCCTGGATATTCCTAATATTGGAGCATTTAGCGATGCCCGCGCGCTAGCGGATCTTGCGCGAACCGCTGAAGATGCAGGATGGGATGGAATATTTCTCTGGGACACGCTTCACTATCTTGCAGAAAATAAACCAGTGGCAGATGCCTGGATAGCTCTGACTGCAGTCGCCATGAAAACAGAGCGGATCAAAATCGGATTGCAGGTAGCCGTGCCGGCACGAAGGCGTCCAGCTAAACTGGCTCGTGAGATCGTCACGTTAGATCGCCTCTCGAATGGAAGGCTTATTCTGGGAGTTGGATTAGGAACCAATGAGGACAAGGGGTTTGGCGCTTTTGGTGAAGAGATGGAAGTAAAAAAGCGAGCCAAAATACTTGATGAAAGCCTTGATGTTCTCCAGGGCCTGTGGAGTGGAAAGCCATTCAGCTATACAGGCGAGCGTCATCAGGTTAAAGAGATAACCTTCCTGCCGACTGCCATGCGGACATCAGGGGTACCGATCTGGATTGGGTGGTTATGGCCTAAGAAAAAGCCTATGGAACGGGCTATGCGTTTTGAAGGAGCCAGCCCGCAAAGGTTCGTGGATAATGAATTTGGTGAGCTGGGACCTGGCGATATTCGTCAGCTTAAAGCATATATGGAAGAGAGGCGAGCGCCTGGGGCGCCTTTTGATATTGTAGTAGGTGGGCCAGTGTTTGAGGCTGTCAGGAACGAAAAGGCTCGGGCAACGCTGCTAGCTGTTCAAGAAGCTGGAGCTACCTGGGCGCTCCAACGGG
CP035758.1_gap49	1964682	1967296	2614	CTTGTAACACTGAACCCAGACGGTAGCCCCCAGGTGAGCATTGTCTGGATTGGCCTGGATGGCGATGAGATCGTCTGCGGCCATGTTCCCCTGCACAAGAAATTGCGCAACATTCGGCGGGATGCGCGGGTAACGCTTTCGTTAGCAACAGGTGGAAAAACCGGAGGGCTTGATAACTATCTTGTCGTTAATGGGCATGCCAGAGTTACCGAGGGTGGTGGGCGCGAGCTGGTGAACCAATTGGCACAGATTTACATGGGACCAGGAGCGAAGTTGATACCCGATGAGGCGCCGACTGGCTATATTACCCATATCGCTGTCGATAGCATTCATGGAATCGGACCCTGGAGTGAACAGCCTCAATAGAGCGTAACGCCTTCCCGTTGGGATCGCCGGCATTGTTTGACAGAAACGATGGTCGCTCCCAGGAAGGGAAGCGGCAGCTAGCCAGGTGTGAGGCGGATCCAGCCCAAATAGATAGCCCATCCTTGCTATCAGTTAAGAGAATCAGTTATACTAGTATCAGGAAGAGTTTTCTTCAGGTGACTGGCGAAAGAACGTGGAATTACCACGGGGGAACCTGAAGAGCAAACATGTATGTAATCAGCCGCTCGCCTGGGCTGGGGCACCACAAACAATGGTGCCTTTTTTGTTGAGCCAAAACAGGAGGAGCCGAACGGATGTTAAACGAAAAGCTTGCTTTACACACACCCGGTCCTACGCCCATCCCGCCCCAGGTAGCCGCCGCCATGGCCCGACCCATGATCAACCACCGCGGCGAAGCCTTTAGCGCTATCTATCGCGATGTCGCCGAAAAGCTGCAGCCAATCTTTCAGACGCGGGAACAGATATATGTTATCCCCGGCTCGGGGAGCAGCGGTTGGGAAACGGCTATGGTCAACTTTGTTCCGGTAGGCGCCAGGGTTCTCAATATCGTGATTGGCGATTTTGGCGAACGCTGGGTCAAAGCCAACAAGGCGCTCGGCTTTGAAGTGGCGCGCCTGGACTATGCTGCGGGCAGCAGCGCCAATCCTGCGGATGTTGCTGCTCTACTGGGGAAAGAGCAGGGCACAATTAAGGCCGTCTGCTTGCAGCAAAACGAGACGAGCACAGGCGTTTTCAATCCAGTACGTGAGATTGCGGCTGAAGCTGCCAAACACGGTGCGCTGGTTATCGTGGATGCTATTTCCAGCCTTGGCGCTTTCCCTTTTGCCATGGATGAATGGGGCGTTGATATAGTATTCACAGGCTCGCAGAAGGCGCTTATGTGTCCTCCGGGCTTAATGCTCATTGCCGCAAGCCAGCGAGCCTGGAAGGCCGCCGAGCAGATTCGCAATCCACGTTTCTATCTCGATCTGCATGCCTATCGGCAGGGCTTCGAGCGCGCGCAGACCCCTTACACGCCGGCCTTATCCCTCTACTACGGCTTGCAAGCCGCCCTGGAAATGCTTCACGAGGAAGGCCTGGCCAATGTCCAGGAGCGCCATTACCTCATGGGCAAAATGTGTCGGGAAGCTATCAAGACGACAGGACTTGAATTATTGCGTCAGGATGAGCAGTTTGCTTCTCCTACAGTTACCGCGGTCAAATTTACGCAGGGCATCGCTGCGCGCACCTTCCGCAGCACGGCTTCTAAAGTCTTCGGCGTCGTTCTGGCCGGTGGGCAGGGAGCTTTGAAGGAAACGATTTTCCGCATTGGCCACATGGGCTATATCACACCTAATGATGTGCTGGTGGCTCTGGCCTCGGTCGAAAATACTCTGGCCTATCTCGGCTATCCGGTTGAAACTGGCAAGGCTGTGGGCGCAGCTCAGGCCGTCTGGCTTGAGCATGTACGCCAGGAGCGCTAACCTGGCAAGCTGGTTTTAGCTGCAAGAAAAAGCGTAAGTTGCGGGAAAAGCCATACGGGGCCAGTGGAGAGCGGGCTGACCTACCTCAGCACACTACACTGGCTCCTTTTCCTTATATTTACGTAAGGTTAGCAACGGAAGCTAGTTACACCTGTGCTGCTACCGCTATATCCCTTTCTGCAGCTTTGCGCCAAATCCAGCCGATACCTACAACCACCACACAGAGTATAGCCCCGATCAGCATAGCATTAGAAGGCCCTCCCAGGCTTGATAACCAGCCCATCAGCATATATCCCAGGGGAAGGCTACCGTCAAAAAAAAGCACCTGCACGCTGATCACGCGACCGTGTAAATGGCCTGGTGTGACCATTTGCAGCATTGTCATAGCCTGTGAGGCAAAAATGCTCTCAGTCAGGCCGATGCCAGCAATGAGCACTAGTGAGAGAAGATAGAGATGTGAAATTGCAAACGCGACTTCGAGTATTCCAAAGAGAAGCATACAGATCAGGAGACGGAGCGCCGTCGATTGCTGATTTCTCCAGGCCAGCCAGAGAGCGGCCAGCAGGGAACCGATGCTAGCGGCAGCATCAAGGAAACCATAGCCCTTGACGCCCGAGTGTAGCACGTCTGTGGCGATCAGGGGAAGTACAACGTTAAAGTTCGAGCCAAAGAGCAATACCAGCCCGCCTACGATAATCGCTAATACCATGGCCGGCGTTTTCCAGACATAGTTCAAACCCTCGTGCAGGCTCTGCCATGTGCTT
CP035758.1_gap50	1980737	1983979	3242	AGAGCAAAAAATTTTGCAAGTTTTATTAGCTGTTCTTATCACACTCGAATTTTGTTTTTATAATTTATTCGGTTATGGTGCTCTTTTTGCTGGGAGGTATGGATGCGAGAAACGGCATAAAGCTAGAAGGGTAACCGTAAAATCGGAAGTTTGGATAAGGCGGCGAAACGGAAGCAGGAGAAGGATCTGGAATAGAGAACCCCTTTGGTACATGTATAATGTTCAACCCACTCTTGAATATTAAGAGTAAGGAGGTTTCATGTCTACAGAGCAAATCACACCAACGGCTGCTCCCGCCCAACGGCTGGGACGCCCTATTCTCTCAACCTGGGAAGCAATTGCGCAATCCCTGGCGATCGGACCCATTTTTAGCGTCGCCTTTGTGGCCACGCTCGTTATCGGTGCCGCAGGTATTTCCACGCCGATTTCCTTTCTGCTCGCGGCGATAGGAATGCTCAGCGTGGGCTGGATGATCACCCTCTATGCCCGGCGCTATGCGGGGGCGGGAGCCATTTACGACTATCTGCGCCGCATATCACCAGTAATAGGTATAGTGGCTGCCTGCCTCTATTTTACGGGCATTTTGGTCTTGGCTGGAATAGGAGGCTATCCGGCGATTGGCCTGCTCACTTCGACGCTATTCCATACAGCCTTCGGGCTCTCCTTGCCCTGGTGGATTTACGCAATAATCGCTATCTGTGGCATATTTCTCTTAAACCACTTTGGGATCAGGATCACGACGCGCGTACAACTTGTACTCACAGGACTTTCGACTCTTCCGTTATTATTCCTGGCCCTTGTCATCATTGTTAAGGGAGGAGATGCTGGCAACTCCCTGGAGATGTTCAATCCGGCACATGCCTCAGTTTCTGGGTTGTTCCAGGGCATTCTCTTTGCCATCACCATGTTTATTGGCTTTGAGGCCTCTGCCTCGCTGGGTGAGGAGACGGCGGACCCGCGCCGCTCGATTCCGCGCGCCATTGCTGGCACAGTCATTATCGCTGCTGTATTCTATTTAATTATCACCTATGCTTCGGGCATCGGCTTTGGCCTGGCTCATGCCGATCAGTGGGCCAAAGATGGCTCACCGCTCGATACTCTGGGTACGCGCTATGTCGGTCCCTGGCTGGCTGTTTTGATAGATATCGCAGTAGTAATCGATGTTATCGTCTCAGTGAGCGCCTTTACCGCGACCACAGCGCGCGGCATCTTTGCGCTCGCTCGTCATGGCTTCTTGCCTCAAGTGATGGCGCGCACAACGAATTTTCGCACAAGGCCAGATACGCCCCTGGGCGGCAACCTGTTTGTCTTTTCCTGTGCCGTAATCGTGACAATCTTCCTTGCCATCATTGGCGCGGACCCCATGACCGCTTTTAACATCTTTGCCTCCTGGGGAACGATTCTGATTACCACCATCTATCTTGTGCTTGTATTGTGTGCGGTAACTATTTTGCGCGAGGAGCCGAAGAAATGGTGGCGCTGGATTATTTTCGTCATCGCTCTGATAGCCCCTGTGCTTGGCTTGTATGGAAGCGTTATCCCCTTCCCGCAGTGGCCTAACAATATCGCCCCTTTCGGCTCCCTGGCTGTAATCGTCATTGCTGCAATCTGGGCCTTCGTCGTGCGTAGCAATAAGCCCGAACTGCTTGCAGAAGCTTCTAAGGCGCACGTCTGGGAAGATGAGCCGATTAGCGTTGTGGCGGCTGAGGGAGGCACGATACCTGAGGAAGATGAAGAGGCCTCTGCGCAGCCCGCCCAGGAATAGGCCGCTCACCGCTGCTTGCGCCCTCAGGGATGCGCTGAGTCAGGTAGCGCAAGAGAATATATAGTATATTGAAGATATTCGTAGTTTGTCTCAGGTCTCGTGGGCATGTTAGTTCTTGTTGAGGAGCTACTCAGAGGAGAGTAGCCTCCTCTTTCTAGAAAGGCGTATTTATGTCAACCCAGGTAAAAGGCTCCCCAGCCGTTATAACCCATCCATTAGAGCCCTTAACTCCTGAAGAGATCAGAACAGCTGTTGCGATGGTCAAGGCTGAGCGCTCCTTGAGTGAGCTTGTGCGCTTTGTCTCGGTGGCGCTGTATGAGCCTTCTAAGCAGGAGGTGCAGGCTTTTAGGGAAGGCGATCCTGTTGTACGCAGAGCATTCATGGTATTGCTCGACAAATCTGAAGAAACAAGTGCCACGTACGAAGTAATTGTGAACATCAGTGAGGGCAAGATCGAGTCCTGGAAGCACATATCCGGCGTTCAGCCCTCGATCATGCCCGAAGAGTTCCTGGCCTGTGAGCAGGCTGTCAAGGAGCACCCCGATTTTCTGGCGGCCTTAGCGAAGCGGGGCATTACCAACCTGGACCTGGTGTATGTTGATCCGTGGTCGGCTGGCAACTATGGGGTAGCAGAAGAGAACTCGCGTCGTATCCTGCGCACAACTGTGCATACGCGTGTCAACCCTGATGATTCCCAGGAGAATAGCTATGCCCATCCCGTCGAGGGTTTGCATGCGCTCTTTGACTTGACGACCATGCAGGTGATAAGGGTTGACGATTATGGCGTAGTGCCCGTACCGCCAGAGCCCGGGAACTATGTAAATGCAGTACAGCCTCGGGAGACGCTCAAGCCATTGGAGATAGCGCAGCCCGAGGGCCCAAGTTTTCGCGTAAATGGGCATCATGTCGAATGGGATAACTGGACATTGCGTCTGGGTTTTGCTCCGCGCGAGGGGCTTATACTCTATGACATCGGCTTTAAAGAAAATGGTAAGGTCCGACCGATACTTTATCGGGCCGCGCTTTCCGAAATGGTGGTACCCTATGGCGATGCCAGCCCGAGCCATAGTCGCCAGAACGCCTTTGATGTTGGTGAATATGGCGTGGGAACCCTGGCCAATGCGCTTAAGCTGGGCTGTGACTGCCTGGGCACTATCTACTATTTTGATGCCCATATGGCCGATGCCGATGGAAATGTCTTGACCCTGCCCAATGCGGTGTGTATGCATGAAGAAGACTATGGCATTCTGTGGAAGCATTTCAATTTCCGCACTGAACACACGGAGGTCAGGCGTTCACGCCGCCTGGTAGTCTCGTTTATTGCTACGGTTGGCATCTATGAGTATGGTTTCTTCTGGTATTTCTATCAGGATGGCTCGATTCAGCAGGAAACCAAGCTGACAGGAATTATGAATGTTGCCGCGATTGCCCCAGGCGAAGAGCCAAAGTATGGAAAGCTGATAGCGCCGCAACTATA
CP035758.1_gap51	2015114	2017960	2846	GAGCTTGATGAGCCCGGCGTGCGAGAGGGGTCGGTTTGCGGCATTGATGTCGCAATTGGTTTCGTAATCAAGGAAGATGATAGTCTTTTCCTTTTCTAGTTGCTTCAGCTCGCTGAGCAGATCTTGCAGACAGTGCTCAAGTACCCATTGATAGGTGGGCAGATAGATCAGGTGGCGCGCTTGCAGGTAGGGAAGCAATTGCGTTCCGGTCACGCCCTGGCGATGGCCCAGAACTTTTCCATATGTGCGGACGGAGCGCTTGAGATTTTTCATAGTGGTGATGGCAAATTTGCGCTGATCGATATCGGCCCGCTCAAAGACCTTGAGTCCCTGCCAGATGCCCTCGACGCTAGCGCTGAGATAGCCAGGCGAGAAGGGGACGGGAATATTGCCGTGTGGATAGAAGGGGCTGAAGCGCAGCCAGGGTTGGGAGCCGCGCGAGGTTACATCAATGATCGCGGCCTGCGGATGTTGCTGCCGAATTTTTTCCAGGGATGCGCGCCGATTGTAAATGATAATCACCAGCGTTTATCCTCCTACATGCCCCTTTGTAAGGTTAGATCGAAGATAACTGCGAAGAGCGTAAGACTGCTCAGCAAAAATGCTACTCTGTGTGAGAAATAGCTTTGTTTGGCTTATTGCATTTAGCAAGTCTGGAGCTAGATTATAGCATACCTGATCTCTTCCTTATCCATCTTGTGCGGCTGGCTATTTCGCTCTATGCTAAAAGCATAAATTTACTCAAAACAACCCTAAAAGCTATGCTCACAGCTTAGTTATGTAATAGATAGGTCATCGCTATGTTTTACTATCGCCAGGCAGGCTATCGCTCGTGTGCCGGTCAGGGATGGAGGACGTAGGATGTATGCTACAATAGAGGTGATCTTTCACCTGAGTTCAGGACAAAACCCGGTAGATGGACTCCAAAGAAAATCATCTCACGCGATTTGCAATCAAGGAGGCGTCCTAATGGAGAACCAACCTGATCTATCTAATTCTGCTAACTCTTCGTCCAAGACGATTCCACCTATATCGGATACCACTCCCTTCCCTACATCCCGTCTGAAGCAAGATGCCGATTATGTCTTTTTTGAATTAACGCGCAGCATTTGCCCTGAGTGTCGTCGCGTCATTGATGGGCACATTCTCTTACGCGATAATAAAGTGTATATGCGCAAGCGCTGCCCTGAGCATGGGCAGTTTGAGGGCCTGGTCTATGGCGATGCTCAGGCTTATACCTCTGCTGCTCGCTTCAACAAACCTGGCACGATACCGCTTGCCTATTCCACTCAAATTGAGCACGGCTGCCCTCATGATTGCGGCCTGTGTCCCGAGCATCAACAACATGCCTGTCTGGGTATCATTGAGGTGAATAGTGCCTGTAACATGAATTGTCCGCTTTGCTTTGCCAATGCTGGTGCGGGCTTTAATCTGACCCTTGAAGAAGTCGAAGGGATTCTCGATCATCTGGTAGAAACTGAAGGCAATCCTGAAGTGGTTCAGTTCTCCGGTGGGGAACCAACCATCCATCCCCAAATCATTGAAATGATGAAAGCCGCGAAAAAGCGGAATATCAGACATGTTATGCTGAACACGAACGGAAAGCGAATCGCTACCGATGACGATTTCTTGCAGCAATTAGTCGAATTGCATCCCTCAGTCTACTTTCAATTTGACGGCTTTTCCTCTGAAACCTATCGCATCTTACGCGGTGAACCGGATATCCTGACGCTCAAACTTAGGGCCTTAGACCGCCTGGCGGAAATTGGCGCGAACGTGGTACTGGTGCCGGCAGTTGATCGCTTTGTCAATCTTCACGAGGTAGGGGCGATTACTACTTTTGCAATGCAGCATCCGGCGGTTCGTGGCATTAGCTTTCAGCCGGCCTTCCAATCTGGCCGCCACGGAAAAAGTGATCCCATGCAGCGCTTGACCATTCCCGACATTCTCAAAGCGCTGGAAGAGCAGACCGGGGGAATGCTGCTGGTTTCGGATTTTGTTCCGGTTCCCTGCTGCTTTCCCACCTGTAACTCGGTCACCTATGTCCTCAACGATGGCGATACTGTTCTACCTTTAACGCGCGTCCTCAACGTTGACGATTACCTTGATTACATCACGAATCGTGCCGCACCTGATCTTTCGGAAGATATCAAAAGTGCCCTGGAGGGGCTCTGGTCCTCATCTGTTGTCCCGGGCTCCGACAAGGCGGCACAGCAATTTGCCCTTTCCTGTGCTGCTTGCGAACTACCCGATGGACTCGATCTTGCAGCCTTTGCGAAAAATATCTTTATGATCATGCTGCAGGATTTCATGGACCCCTGGACATTTAACCAGAAGAACTTGATGAAATGCTGTAAGGAGATCTTATTGCCTGATGGCAAGCAAATTCCATTTTGTGCTTACAACAATGTGGGATACCGCGAACAGGCTCGTACACAGCTGCAGGCCCGTGAGAGGCAACGCAATCAGGCCAGACGGGCAAGTCTCCCTTTTACGCCTGAACCATTAACTTTTTCATTTGCGCAAAAATAGCTTTGCCCTATCTATTAATAGGGAGGAACTGATGAACTCAGCATATGAGCCATCTCCTGATTCAGTAGAAGTCAAGACATGCTGCTCAACTCTGTATCAAAGCGACATCGTACGATTTCTACTCGGCGACTCGTTCCATCCTGGTGGTATTCAACTCACCGAACATCTTGGCACGCTGCTGCAACTGGCCCAGGGGCAGCGGATGCTTGATATTGCCTCAGGGCAGGGCAAGAGTGCGATTGCCCTTGCACAACGCTTTGGCTGCCAGGTACAGGGAATTGAATATGGCGCTCAAGCGGTCCAGAGGGCGACAG
CP035758.1_gap52	2021454	2023744	2290	GCTGGCTACCATTCATCCCTATCCAACCCTGACTACGGGTTTGCAGCAGGCAGTTTTTGAGGCCCAGCTTTCAGGAAGGCAGGGCCATACTAATCGTCGCATCGTCAGTACCATGCTCCGCCTCCTAAAGTAATAGCGAGAAAATATCATCTATGCTGTGAGCATAGCTTTTCTCTTCCTTAACAGGCGCTGAGCTGTTATGCTTCGTGGTAGCTTTTGCCAATTCATCAGTCGGAGTGAGTGCGCGCTTTTGGCAATTGACTCATTCCTTTGCCAGTACACTATGCGGTGTTTGGGCTTTAAAGAGGGGAGATATTCTGAATGAAGCTACTTATTCTCGGGGGAACAGTTTTCCTTGGTCGCTATCTGGTTGAGGCGGCGCTCGGCCAAGGGCATGAGGTGACGATCTTCCATCGTGGAGTGCATGAGACGCCTTTCTCTACAACAAAGGTCGAGCATGTGCAAGGTGATCGCAATGAGGGGCTAACGGCTCTAGCCGGGCGTCGCTTCGATGCTGTAATCGATACGAATGGCTATGTGCCACGACATGTGAAGGCCGTAGCACAAACGTTGGCCGAGAATATCAAGCGCTACGTCTTTATCTCCAGTATTTCGGTCTATGCTGACTTTAGCACAGCCGGGCTGAAAGAGTCGTCCCCGCTGGGACAAATCTCTCCCGAGCAGGCGCGGGAGGCCGAGCAGTTAAGGCCGCCCACGACGGGAACTATCGCTCTCACCTATGGCGAAATGTATGGCCCGTTGAAGGCGCTCTGCGAGCAGACGGCCGAAGAGCTCATGCCTGGCCGCGTGCTCGCTATTCGTCCCGGCCTCATTGTGGGTCCCCACGACTACTCGGATCGCTTTAACTATTGGGTGCAGCGCGTGGCCCGAGGTGGAGAAGTCCTGGCTCCAGGTCGACCGGATCGCCCTATCCAGTTGATTGATGTGCGCGATCTCGCCGAGTGGACTATCCGCATGATCGAGGCGGGACATGCTGGCGTTTATAATGCTACCGGCCTTGATGCCCCTCTTACCATGCAGCAATTTCTTGAGACATGCAAGAGCGTGAGTGGAGCGACGGCAACTTTTACCTGGGTCGACGAGGCTTTTCTCCTTGAAAAGGGAGTTGTGCCGTGGTCCCAACTGCCCTTGTGGCTCCCTGAATCTGATGAGAGCTTGCGCGGCTTCCTTGACGCCGACATCCAGAAAGCTCTAGCCGCCGGCCTTACTTTCCGCCCTCTGGCCCAGACAGTAGGTGCTACCCTGGCCTGGGAGCAGCAGCGCTCACCTGACGAGCAACGCAAGGCCGGAATGTCAATCGCACAAGAGAGCGAGTTACTGCAGGCCTGGCACCAGCGCTAAGGCTGCGCCCAGCATATATATTGACCTCAAGCCCTTAGCTCTCAGGAAAGCGCTCGGGGTAGCGTACAAAAGTGTAAATTTGCTGGGGAATAGTCTGGAGAAACACGCCCTCGCCCCATTCGCGCACACTTGAGCCAGTTTGCTCTTGCTGGAAAGCTTCAACTTCGGCAAAAGCAGGCTGATCGGGCGCTAAAACGCGGGCGCTACCATGTACGATAATGGCCAGATCATCACCCTGGTAATGGGTAAAGCTCATTGCGGGACGGCGCAACAATTGTCGGGTGCGCACGGCGGCGGCTACGGTCGGAATATACCATTGTCCATGAAACAGCAAGGCTCCGATCGGGGCGTTGCGCGGTTCCCCTTTGCTCGTGACGGTTGCCAGGGCAATATTTTGTAGCGCGCGCCACAGATGGGTGATCTGGCGCGCAGAAAGAGAGTGGGCTGGCATTTGAAAGGATTCGCGTAAATATGGCCTGACCTGCTCAATACTGCGATCCAGCAAGTTCTGAAGCTTCTGCCAATCGGCCTCGGTTTCATGCATGTTAAGATCCTCGCTTTCATTGGAAAACAAGCTTAATAAGCTTGCTTGTAAAGTGTTTCTGGCTGCTCAACTCAAGCTTGTCAGGCTATTTTAGCCATGAAGCATCAAGAGGGCATCTGTTGTAGATCTTCTCATGACGGGAATCTGCATTTCGGTCAAGGCGAAAGGATTGTCGCCTCCTTCCTGTGGCAGATAGACCTCGCGAGCTATCGAGCTTTCTGCAAAACAAAAGCCATGCTCCTCGCTCCAATCGTCGATGGCACTACATGCATCGCAGGGGTTTCCAGGCCTGCACATATGCATTACACAGGCCATGATTGGCACTTCCGGCAGCGTTCTGACCGCTATCCGCTGGCTATCCGGCAATGGGCGGGTCAGAACACA
CP035758.1_gap53	2068455	2069623	1168	CTCCTAGCACTATCAGGCCGACGAGGGCCGAGACAGCAGGCTCCAGGCTCATCAAGATTCCAAAGACACGGGCGGAAATTCGTCTGAGGGCCTCTAATTCTAGCGCAAAGGGGATGACCGTTGAGAGAATGGCCACACCCAGGCCCAGCAACAACACGACGGGATTGTTCACAAGTGGGAACAGGTAGCCCGCATCAAACGGTGCAAGCACGATTGCCGCCACGCTCATGCTTAAGGCCAGCCCCACTGTACCGGGAAATGCCTGCCCGACACGCACATTGACAAGAATATATGCCGCCCAACCTGCGCCAGCCGAAAGGGCTAGTACTACGCCCAACGGATCAAGCGCGGCACCTCCGCCTATCGGTGCCAACAAGACGATACCAGCCGCAGCCAGTACGACCCAGAGCAGATCAATCAGGCGTCTTGAGCCGAATAGCGAAACTCCCAGCGGACCGACAAACTCTAAGGTGGTAGCTACACCCAGGGGAATACGTGAAATAGATGCGTAATAGAGCGTATTCATCCCTGCGATAACCAGGCCAAATAGTACTACTACCAGATAGTTGCGCCATGTATAGCCACGCAAGCGTGGGCGAGCCATCACCAGATAGATGATTGCGGCAAAGCCAACGCGCAAGAAGACGATTCCCTCAAAGCTGAGCGTATGAAACAGGCTCTTGGCTATTGCGGCTCCCAATTGCACTGAAAGGATAGATAGGAGCAATAGCAAGGGCGGTGGAAGAAAACGGGTAGCTGCATGCACCACGTCAGCACGCTGTATGGCCTGCTCCTGGCCTCCCGAGGACATATGTAAGGATTGTTCCCAGGCCCTTGGTAAATTAAAAACCTTGCCCATAATTCCCTTTCATATTGAGCCCGCGCCAACCCTACATGGTTACTTATGAGCATGGCAATTTCCCAGAACAGCCTACTTGATGATGGCGAAATATAGTATTCTCTTCGGCTCTGTATTTGTAGAAAATGCATCTACTCTTGTAAGTTGCCCGTAAGTTTCGCTTAGCTATAATAATATGATATATATCTATTTCAAGGTTATAAAGCTATAGGTACCCTGCTTCTAAGCACACTTCTGTGTGACTTTCGTCAACCTTCCCAGAATGCAGGACACCTTAGAATTAATTGTACTTATTTATGTCCCTTGTAT
CP035758.1_gap54	2113041	2117138	4097	GAAAACACAGATGCCAAAAGAAAAGAGGATGAAGATGAATCCCGAAGAGCCTATTCAGCGGCACTTCAATTCTGCTGTTTGCCGACCTTTCGACACTCCTTCGACCTGGTACGAGGCTGTTTATAGAGAGGCAGGAAACGAGAGCAACAAGGTTCCCTGGGCCAGACAGACTAACCAGCCACTCCTACTGCCATGGCTTGAGCTGCGGCAGGAGCTTGCTGCTGAAAACAGGAGAACGCTGGTTGTTGGATGTGGTCTTGGGGACGATGCCGAGACGCTTGCTCATCGTCTTCCACATGTCACCGCCTTCGACATTTCTCCACGTGCTATTGCCTGGTGCCGCCAGCGTTTTCCCGCCTCCAGGGTGGCGTACCAGGTTGCTGATCTTTTAGACCTTCCAGAGGACTTTCGGCAAGCCTTCGACCTCGTGTATGAAGCACTCACGATCCAATCGCTGCCGCCCAATTTGCACGCTGGAGCCATCGCAGCTATCGCCGATTGTGTGGCACCGGGTGGTATCCTCCTGCTCATGTGCTATGGGCGCGACCCGGAGGAACCCACGGATGGGCCTCCCTGGCATCTTGCGCGCAGCGAGCTTGATCTCTTTCTCCAACACGGTCTTCAGGAAGTTTGTTTTCAGGAACATATGATAGCAGGCGTCCGGCGCTTCCTTGTGGAATACAGAAAAGCGTAGAACTAGTGATACGCGACTCACTCACTACCTCTGTGGGTTTTCAGATATTGGCGGGGCAGCTCTTGGCGATCGCTTTGGACGTCGCCGCCTCTTTGTGATTGGTCTGGGGCTGTTCGTGGCAGCCTCGCCCGCCTGCGCGCTCTCCTCCACTATCGGCTTCCTGATCGCCGCCCGCGCTCCAGGAGGGCTGTGCAGCCCTGATGCTGCCCTGGCCCTGACCTTGTTGAGTGCGGCATTCGCACCGGAGGAGCGAGGCCGAGCCCTGGGGATATACGGGAGCGTGACCTGACTGGCCCTTATTGCTGGTCCGGTGGTCGGAGGCGCTCTAGCCGGGGCTTGGCAGTGGATCTTCTGGCTCAACGTTCCCATTGGCCTGCTTCTCATCGCCCTCGTGCTTCTGCGCATTCCAGAGAGCTTTGGTCCGCGTGCGCTGCTCGACATTGTTGGCCTGCTGCTGGTAACTGGCGCCTCTCTTGGGCTGGTGTGTGGCAATCTGGCCTGTTGGAGCGGTTTTGAGGTGGTCGCCACGCTCGTCGCTGGAGTCCTGCTTGTCGTGGCTTTCGTGTTCTGGGAGCTATTGCTGGTCTTCTGCTGCCCGGCAGGCATGCGCAGATCTTCGGGCGAAAGCCCGGCGCAGGTATTTCAAAGCAGGGAACACGAAGCATCAAGCCAGTCCAAGCATGCAACTAGCTTGTAAATGCCTGGAGCTGGCATATTCCCTTGCGCTATAACCAGCCGCAAAATCTTTTCTACGTGGCTGGCTGCTCAGTGCACAGGCCAGCGGGGGGCGTATGTGCTAAGCAGCTCGATTGGCCGGGTGCTTGCTCAAGGATCTCAGCGAAACGCTCAAACCGCTCAAAGAGCGTAACGTTGGCCTTATGAGCTTGCATCCCCGGCCTGTTTCAAGGCCTGCCGCTCGCTATTCGTTTTCGTCAAGGATGTCTTGTCCTAAGTCCCGACTGGGATTGAGCATATTCTCAGGAACCTTCTCCTCGTCTGTTGCTATCTCCCAGCGGACCGCGCTAACGCTCTCCTCCAGGCTCACGCGCGCCACAATTTGTTCCAGGGCCGCATCTTTGCGCCCCTCGCTATACAGATCTGCGCGAATCTCTACGCGAGCCGGATCAGGGCAATCCTCGCTCTGCAGGGAGCGGATGATGACAGTATTTTGATCTATCGAATGCAGCAAGAGCGAGCGGATATGCGGCTCACGTGGGCTAAGACAGGTGACGCGTACGAGATAATGTACAGGTACCTCTACCGAGTCTTTGGAGGTCCTGTCGATGATACGAGCCAGAGGGCGCAGCATAATATTAGCAAGAAAAACCACTGCCGCGCCGATAAAAGCTGGCAGATAATAGCCAAGGCCAGCCAGCACGCCAACCCCGGAGGCGCACCAGAGCGTTCCAGCAGTATTGAGGCCGCGAATAGAGAGCCCATCCCGCAAGATAACGCCAGCACATAAAAAACCAACGCCTGAGACAACCTGGGCCGCTACCGTAAGATCTGCTACTTTGGTAAGCTCTGCCATCAAGACGAAAAGTGAGGAACCGGTAGCCACCAGCGCACTTGTGCGCAAGCCGGCTTGTCGCTGGCGATATTGCCGCTCAAGGCCAATCAGTATGCCACAACCCAGAGCCGTGAGCAACTTTAAGAGAAAATCGAGTAGAGACATACAAAACCTTCTATGCAAAATTTTTGCGCGGTAAGTGTGCATGAATTTTGTCTATGCGCAAACATATTATATAACCCTTCACCTTTATGGTGGATTTGCAGCGGCTTTCTTGACTACCTATGTTCCTATAAGATTGAAAATCGGCTATGATTAAGGGACTACTAGCCAATTGGTCAAATTTGTGACGATTTTGTAACAATATCGCCATATTTCTATTATAGAAAATAGATATGGATGAGGCATTCTATCTGCGATCGCGAAATGATAGTAAGGCCACTTGTGCTAGAGAACAAAAGCAACAATACTAAGACAAGAAGAAGGACGAACATTATGGTTGATAGCGTTGTAGCACGTACTTTCGATTCGTTATGTGATAAATCACCGGTTCTCAAACGTCTGCTGATTCGTAACTGGTTCTATTGCCTATCGCTGTTGGACAGAGAGGCCCATATGCCGTTTATGAATCTGGGATATGCCCCTCTTAAGAGTGTCGATACATTGGTGGAGTTGCAGGAGAGTGATGAAGAGCATAGATATTGTATTCAGATGTATCATCATGTGGCAAGTATGGTAGAGCTAAGTGGACGCGATGTATTGGAAGTCGGCAGCGGTCGTGGTGGAGGGGCATCATATGTGAAGCGCTATCTGGGCCCGCGAACCATGGTAGGCGTAGATTTAGTGCCACGCGCTGTGCAATTCTCACGTGCCAGGCATCGTGTAGATGGGTTATCCTTCGTGCAAGGGGATGCTGAGCGACTACCCTTTGGCAACTGTTCCTTTGATGCTGTTATTAATGTTGAGTCGTCATATGCCTATGGCAATGTCGATCGTTTCTTGCAAGAGGTGGCACGTGTGCTACGTCCAGGTGGCTACTTTCTGTTTACCGACTATCGCTATCAGCATCGGATAGGCCTTCTACGCGCGCAGATCGAGAACTGTGGCCTCAATGTGCTAAGCGATCGCTGCATTAATGCCGAGGTAGTGCGGGCGTTGGATCTGGATCATGCGCGCAAAGCCGACTTGATTAAGAAAAAGGTGCCTCAAGCTCTCCATAATGTGATGCATTACTTTGCGGCTTCTCCAGGTTCGCCTATATATGATGAGCTTAAGGCGGGCACCGTGGATTATCACAGCTGGTTGATGCAGAAAACGCCGGCTGATGTTTCGCAAGGCACAGAGGACGCAGAGCTCTCTAAGGCTGATTCTCTGGCCCTTTAAACGTAAATAAGGATGGCCCGGTAGCTGGAGATCACTTTCTTCCAACTACCAGGCCCTCCGCTCCTCTATATAACGGTAATTGCTTGCTGGCTCAGGCTTTTTACTCGGTCAGATGAACAGATATCGGTGTATTCATCGATTTGCGGGGGAAGAAAGTGACCGAGAGCCACATGCCAAGGCTCACTATAGTAACTACCAGCAGCGAGATGACAAAGGCATGCGCATAGTTGTTCTCGCTTCCCAGCGCTGAGGCGAAGACGCTCCCAATCACTGCCACGCCCAGCGCATTGGCTACCTGCTGCGCCGTTGAATAGACACCCGAGGCCAGACCAACTACATCGCTCTCTATCTCCTCCAGAGCTCTGTTCATCAGAGGCGCGAACAGTACGCCTGCGCCGATCCCGATGATAAACAGCGCAACGAGCAGGGACCAGATGCCGTCTTTAGGGACTAGCAATTGTGTTGCTAGTAGGGTGGCCAGGTAACCAAGCGTAATGATAATCGTGGCTA
CP035758.1_gap55	2178788	2183036	4248	TGCGCTCTTCGCCGCCGTTGCGCATCCCTTTGCTCGCCTTGGCAATATCATTAATGGCGATATCATTGGCTATCCCAGCACGCTGCCCTGGTCTACAGTGTATGACAATCCGGCAAGCCTGGCCTGCCAGAACCCAGCCGCAGGCATCTGCCATGTACCGGTGCAGCCGGCCGCTGCCTACGAAATCCTGTTCAACCTCCTCCTGATTGCGATACTCCTGCCGCTAGCCCGGCGCTATCGCCGCCCCGGAATGCTCTTGCTCACCTATCTGGGTGGCTATGCCATAACCCAGTTTCTTGTCTTCTTTACCCGCGCGAATGCTGTTGTACCGCTCTTTACGCTGGATTGGGGACTCAAGCAAGCCCAATGGACCTCGCTCATTGTCTTGCTGTTTTTGATTCCACTGACGGCATGGGTATGGCGCTGGCGTTTTGCTCAGCCTGTTCCGCAAGGAGAGATATCCGCAACCTACGGCATGCCCTTGCCGAAGCGCAAGGCGACGCGAGCAAAAGTTGAGGATGAAACCATCAAAGTTTTTCCTCTTGAGTAGCCGCCATGTGGCATTTGGGGCCGGCCCTCTCTAGTTCCACTCTGAAAGTTTCAGAGGAAGCACGAGAGCAAAATGAGTTTGAAGAGACCATTTTCGATCCGCGTAAGCGCGAAAAAAGTACACATCTCTACCGGAGAACAAGAAAAAGCGCCTTGATGTGTGGGCGGCGATCCAGCGCTTTGTGATCCATGCCCACGATCTGGCTCACCCTGGAGACGGTGACTTTCTTCCCTTGTGACATGAGTTCTTCGATAACTTGCTCAACACAGCTGACCAGTTCGTTTTCGCGTCGCTGTTTGGCCTCGTTTTGTGCTGAGTATCAGTAAACGTAAACTGTAGCGGCTGGCTTCTGTACTCTTGTATGGTTGGATCGCGGTCGAAGAGGAGGGTCAACTTGCGTTCCTGGAAGGATTCGCATTGGACGGTTTCATCAGCTTTGCTGGTGATAGAGTAGCGCAGATTAGTATCGATGGGTGCAACACGCCTGATGTTGCCTCTTGGTGGCTTGCGTTTGAGGGCCATTGTCGCTGTTCCTCTTTACTTTCCTTCCTCCAGCTTTTCTTTTTGTTGCCCTAATGCGAAGGAACGCTTTGTCTGTTTGCGTATCAGTGTCTCTGTCCTATCCATAAACAACTCAAGCGCTACCTCTGCATCTTTCTCTTTGTACGGTCCTCGTTTTGTACCAAACCAATTGTATTCTTGGGCAAGATCTTCCGAAGTCAGATACAAATCGCGACTGTGCTCTCCAAATTTGTAGTAATTTGCTAGCGCAGTCGCTATGGTGACGACACCACTGAGCAGCGCTGGTGCTAGTTTTGGAACTTCGGGAATGCCCACAATGACTGTAACCAGGGCCGCCCCTACAAAAATGGTAATTTGGAGGATATGATGAATGAGCTTCTGCATGGACGATCGTTTCTCGTAGATGCGAACGAGAGATAAGACATGTGCTTGATATATCTTTACAGGAGTTTCAAGCGGCTGCTTATTTTGAGGATCAGCGAGAGTGTATGCTACAGAGGAGGCATGTTGTGCTTGTTGTAGGAGTTGCCAGCGAGTTTTGTTGGACCCTGGAATCATCGCCTGTTGACTTGCTGAGCGGGCAAGTACCGAAGCGTGGTCAATTTGTTTCTTCGTGCTGCTATCTGACATATCATACCTCCCTAAGCAGTGGTAAAATTACCCTACAAGGTAGACGATAGGGAAGAGACTTTTCCGCGCTTACGTTGAAGGTTTTTTACTCTCCTGATGTACTTTTTTCGCGCTTGCGTTGAAAACTTACACACTCATTATGTTTCCTTGTCCTGCTTCCCGGCTATATCGCTTAACTGGCCGGCAACCAACCTGGCGGAAACGCATCAATAACTTCTCTTGATCCTTTCTATAGATTGTACTTGTTTTTGAGTGGACCCCTTTCTTTCTTTATTATTAATAAAATGAAGGAAAGCAAACACATTCTAAGATAATGCCAGAGTCCCATAATACTGGGAGGGACGATGTGTCGTTCAAGAGCTTAAAATGGAGAGAATGTGAAGAAAAAGGGGACAGAGATAATAACAGGCTATTTACCGATGAGGAGATAGAGAAGTGATATACATCACTTTGACATAAAGTATCTTCGTGGCGCATACTGGCTTAAAGGAAAAGCACTGATCGTTTTATCATGGTAGAGGAGGAATAGTTATGTTTAGCAGCGCTTTCCTGTCAGCCTCTCCCTCCGGTCTCGGCGATACGCCAGGGGAGATCCTGCAAGTCTTTATCGCACCTTTGGGCCCGCAGGTAGCCTATCACCAACAGGAATGGCGGGCCCTCCTCAACTGCATGTTTTACATGCTCATAAGTGGCAGCACCTGCGAGGCGCTGCACTCTCTAGCATTATCTTCTCCTCTTCCTGCAGATGGCGACGCAAAGGCGTCTGAGATCGCGTGTCGGAAGCTCTGCGCATGCGCTGGCTTGTCACAAGAAGGCCGGAGTGCTCGTAAGCTTGATCCTATGAAGCTCTGCCTGGTTTAGAAGTACAGGTGAGATTATCCAGAAGACTGAAAGGAGATTGAAATGCTGCCTTCATCCCGAGCTTTTCTGCTCGACGTGGACTTGCAACCTGGCAAGCCCCCGATACTGCGAGCCGAGGCCACCGGGGACCCGCTGAACTGGGTGGCCGAGCACCGGGAGGAGCTACGTGCCGTTGCCTGCGAACACGGTTCGGTCCTGGTGCGTGGCCTTGCTCTGCGCGGCGCTGACAAGATCGGCGCCATCTTCAGACATTTGGCGAATACTCTGATGTGTGAGAGGGAAGCTTTTGCATCCCGGCGGATCTACTCTGACGGCGTGTACTCCTCATCGGCGTGGCCGGCGAATCAACCGATGTGCATGCACCATGAGCTGAGCTATAGAATTGAGTTTCCCGGCCTGATGCTGTTCGCTTGTCTTGGCGCGCCCAGCCATGGCGGCGTAACCGGGGTAGCCGATGCGGCAGCCGTGCTCAATGCCTTGCCTGCCGAGTTGGTCAAGCGCTGCATGCAGGAGGGCTGGCTGCTCACGCGCAACTACAACGACGAGATCGGCGCGTCCTACGTTCAGGCCTTCGGCACCGAGGACCGTGGGGCAGTCGAGCGCTACTGCCACGCCAATGCAATCGAGTTTGAGTGGCAACCTGATGGTGGATTGCGTACCAGACAGCGCCGCAGTGCCATCGTGCGCCACCCGGTCACCGGCCAGCTCTGCTGGTTCAACCAGATTGCATTCCTCAATGAGTGGACGCTGGACCCTGAGGTACGTGAGTATCTGATAGATGTCTACGGCGAAGATGGGCTACCATTCAATACCCGTTTTGGCAATGCTGACCCGATTGGCGAGGATATTGTGCAGTTGCTCAACCAGGTCTACGAGGCCAATACCAGGCGTGAGCCGTGGCAAGTTGGCGACCTGACGCTCGTAGATAACATCAGTACCGCGCACAGTAGGGAGGCCTTCGAGGGGCCGCGCGAAATACTCGTTGGGCTGGCCGATGCAGTGCACCTGGCCGATTGTTCACCAACTGTGGAGGTGGCAATCAGATGACTACTACCCATTCCACTACAAGCGAGGCCTTCCTACCGAGGCCGTCAGTGCCATCGTTCGCAGTGATCCCCGGCGCTCAGGTCCAGCGGGCGTTGCAGGGACGCGAGAAGCAGATCGTGGAGCTGATAGAGTCTATTTACCGGCTACATGGTGCCGGTGATTCGGTGAATCCGCCGTCCTACTTCCTACGTTTCCCCGACCGTCCATCCGACCGGATCATTGCGCTGCCTGCCTCGGTCGGAGGACGCGTGCTGGTGGATGGTCTGAAGTGGATCTCCAGCTTCCCGCAGAATGTGGCGGAGGGCATTCCGCGAGCCTCGGCTGTAATGATTCTCAATGACCATGACACCGGCTATCCGTTCGCTTGCCTGGAAAGCTCAATCATCAGTGCTACAAGAACTGCGGGCTCGGCGGCGTTGGCTGCTAACTGGCTCAGTCGTGACCGTCCGCGGGCGAAACGTGTTGGCTTCTTTGGCGTGGGCTTGATTGCCCGTTACATCCATACCTTCCTGACTGCCACAGGCTGGTCATTTGATGAGCTCGGCGTTTATGACCTGTCAGCCGCTAGTGCGGCTGGCTTCTGCGCTTACTTGAAGCGATCAGGTACTACAGGCCACATCACCGTATGTGATAGCGCT
