gap_id	start	end	length	sequence
CP034928.1_gap1	35356	38474	3118	TGCAGGCCCGTAGGCCTAAGAACGAAGGTCCGACCCCGGATTCGTGACCCCGGGGGGAGAGGTGGGCCTGTCTGCGCTGGCGGTGAACTTGTCGCGGAGCGCTCCCCCCGGGGATACTGGAGGTTCATCAAAGGAGGTTTCGTGAGGACGCTCAAGCGCTGTGCTGTTGTGGTACTGCTCACTGGATTCGCGCCGATGGCCGGAGCTGCCGTCGACGATCTCCAGGCGCGGATCATCACCGTGTTCGAACAGGCCGCGCCCGCAGTCGTGAACATCACCGTCCGCGGAACGGTCGAGGATAGGTTCATGCGCCCGGTGCCGGTCGAGGGTTCGGGCTCGGGGTTTCTGTTCGACGGCCTAGGCCACATCGTGACCAACTTCCACGTCGTCGATGGGGCTAATCAGATCACGGTCGCCTTCCAGAACGTCGACTGCTGCGTGGCGGAGGTGGTCGGCGTCGACCCGTCGACCGACCTCGCTGTCCTCCGCGTGCGGCGGACAGTCCTCCCCACGCCTCTCGAGCTCGCGGACTCCGACGCGCTCAAGGTGGGGCAGTTCGTGGTGGCGATCGGGAACCCGTTCGGCCTCAGCTCCACGATGTCGTTCGGAATCATCAGCGCCCTGGAGCGCGTGATCCGCAGCCCGAACGGCCGGTTCGTGGGCGGGGCGATCCAGACCGACGCCGCGATCAACCCCGGCAACTCCGGGGGCCCGCTCCTCGATCTCGACGGCAAGGTGATCGGGGTCAACTCGCAGATCATCAGCCCGGTGCGGGCCTCGGCTGGAGTCGGGTTCGCCGTACCGGCCAACACCGTGCGCCGAGTGGTCACCCAGCTTATCGCCACCGGTCGGTACGCCCATCCCTACCTCGGGTTCGACGGGTTCGGCCCGACCCCGGAGGTCGTCCAGTTCTTCCGTCTGGCCGGCCTGCCCGTGCCGGTGGACCGGGGCGTGCTCGTCACGTCGGTGGACCCTGGCGGTCCGGCGGAGCGAGCAGGGCTCCGGGCGGGGACCGAGCTCCTCCGCGTGGGATCGTTCGTGGTGGCCGTGGGCGGGGACGTCGTCCTGGGGATCGACGGACGCCCGGTGAACTCCCTCGTTGAGCTCATGCTCTACCTGGACAACGCCAAGGCCGTCGGCGACACGGTCATCCTCGACGTGCTGCGGGACGGGGTCGAGCTCCAGCTCGAGGTGGAGGTCGTCGAGCGACCCGACGACCTCTCATTGGGGGCCACATTGGGGGTCAGGTCTTGTTCCGTGCGTCTCGGCGTTCGTCAGCAACCCTGTTCGCGATCCGGCTGATCGTCGAGTAGTGGAGCCCAAGGTGTTGCGCGACCTCAGCGGGCAATCTTGGGCCCGGGCGGTCAATCCTGTTGTTCGTGTCGGTTCGGGACGCCCAGCATGGGGACTGACCCCGCAGGCCGAGCTCCTCAGTCCGGTTGATAGGCTCTGAATTCCCTGGGTCGCGTCAGGGCCTCAGGTGTTGGATCGCAAGACCCGCCCCTTGGACCTCCGCACCGCTCACCCACCACGAGACCTCTCAGCGAACTCCGGCTCTGCGCCTTGGAACGAGTATGCACGGAACAAGATCTGACCCCGTTGTCCCTCTATCAGGGTTGGGCTCGGCTCCCGGGCTTGACTAAGGGCGCTCCTTGGCGGCACAGGGGGCAGGCCTCCGGGGGGTAGTTCTCGATGTGGAGCTTCAACAGAGCAATCCCAGGCCAAGGGAGACCGCGTTCCTGCCCGCGCCGATCCACAAGGCACGCTGAACCCACCGCCTGACCTCCTTGGGCTTGCACCACTTCCGCCACCTCTAACGACGATCGGCCCGTGGTGATCACGTCTTCGGCGATGAGGACCCGTTCCCCGGGCCGGAGCTCGAAGCCTCGGCGGAGGGTCATGGCGGTGTTTTCTCGCTCGGTGAACATGGCCCGCACGCCCAAGGCCCGCGCCACTTCGTGGGCCACCACAATGCCCCCCAGGGCCGGCCCCACCACCACGTCCACCTCCCCCAACAGGCGCGCTCGTTCTGCCAAGGCCTTGCCCACGCGGGCGGCCTGATCCGGATATTGCAGGAGGCGCGCGCATTGGATGTACCGGGCCGAGTGCAAGCCCGAGGAGAGGAGGAAGTGGCCGTCCAACAGGGCCCCAGTCTTCTTGAGCATCTCCAGAACTTCACCTTCGGTGAGCGCAGCCACGGATGACCTCCCCACCGCTAGGGTCTCTTTCCTCCATGAATCGCTCCAGGCCCTTGATCATGTGGGGCATGCAAAAGGGGTCTGCGAAGTTACCTGTTCCCACTTGGACGGCATGGGCCCCGGCCATGATGAACTCTACCGCGTCTTGCCAGGTGGTGATGCCCCCACTGGCCACAAGGGGGATCTCTACCTTGGGGAAAAGTTCGTAGATCCAACGAAGGACGAGGGGCTTGATGGCTGGGCCGGAGAGGCCCGCCACCACGTTGGCGAACACCGGCTTTCCCGTGGGGATGTCGATGGCCATGGCCCGAAAGGTGTTGGCGATGCACAGAGCCTCCGCTCCCGCCCTCTGGGCCGCCAGGGCCGCGGCAACCATCTCCCCCTCGGGAGCCAATTTCACCCACAGGGGCTTCGTTGTGCTCTCTCGGGCAGCCCGGACGACGTCGGCTGTGAAGTCCGCTTGCGCCCCCACGAATCCCTTGCCCGGCACGTTGGGACAGGACACGTTGAGCTCAATGGCCTCTACCTCGGTGTTCTCCAGGGCTTCCGCCATGGCCCCATACTCCTCGGGCTTCTCCCCCCAGACGCTTGCCACCACCACCGTGCCGACCCTCCCCATCTTGGGAAGCTCTTCCCGCACAACCGCCTCAATCCCAGGGTTCTCCAGGCCAATGGAGTTCAGCAGGCCGCACGGGGTTTCCCACAACCTAGGGGGAGGGTTGCCGGTCCGGGGCTTCAGGGTCACGGTTTTGGCGCAGATGGCCCCGAGGATCGAGGGGTCGAAGACTTCGGCAAATTCCGTGGCAAACCCGAAGGTGCCCGCCGCGGCCATGACCGGGTTTTTCAAGCGCAGGGAGCCGATCTGCACCTCAAGGGAGAGCATCCACGAACACCTCCCCGGAGGGGAACACCGGTCCGTC
CP034928.1_gap2	70555	74544	3989	ACCTCCGCCGTTCGCTCGGGGTTCTTGTAGTAGCCCAGCATCACATTCGGCCCCCAGGCGATGACCTCGCCGTAGCCCTCGATGTCGGGCTTATCAAGCTTGACCTTCACACCAGGGAGCGGACGCCCCACGTTGCCGGGAATCGGGGTGAACGGGTCACTCATCGTGAGGACGGGCGCGGTCTCGGTGAGGCCGTAGCCCTCGATCATTCCCAGCCCAAGCCGGCGAAGTCCGGCCCCGACCTCGGCCGCCAGGGGTGCCCCGCCGGAGACGAAGAACCGGAACTGCGTTCCCAGGAGCCGTTTCTTGAGCATCTTCCCCACCGCCTTGGGTAGGAACCGGTGGAGAAGTCGCCGCATTGTGTTCCCCTCGATGTTCTCCAGGATCCGCCGCCACAGGGAATGGTAGAGCTTGGGCACACCCACCAGCACGGTCACGCCGACCCGCCGTGCGAATGCAACGAGGTTCCGGTAGTCGTCGGTGTAGGTCACCGTCGCGCCCGCCCACAACGGAGCCAGCAAGGTCGCGGTCAGGCCGTAGATGTGATACCAGGGGACGATCGTGACCACGCTGTCAGCAGATGTGAATTCGATCACCTTGAGGAACGCCTCGATGTTGGCGGTGATGTTGCGGTGGCATAGCATCACGCCCTTCGAGTCGTCGGTGGTGCCGGACGTGTACATGAGAACCGCGAGGTCTTCGCAATCAGGTCGCGCATCCGGGATGGGAACGTCGCGATTCGGCATCACATCCCACAAGGATACAGCTCCCAAAGCCACATCAACCGAGATAACCTCTTTCAGGGACGGAACTTCGCGGCTCAGGGGGGTGAACTCGTGATAGCGCTGCGGGGCGCAGAAGAGCATCTTGGCCTCGCACTCGTTCATCAGCCGGGCGACCTCACCCGGCTGGAGCCCACCGTCCATCGGCACGACCACCGCCCCCAGTCGCTGGACAGCGAAGAACGCCACCGCCCACCCCACAGACGGCTTTGAGATCAGTCCCACCCGATCTCCGGCGCCGATGCCCTGCTCAGCCAGCCACGCGGCGAGCTTCCCCGAGAGATCCCACAACTCGCGGTACGTGGCGTCCTGGAACTGCATGACGCCCCGCCGGGACACAGGAACCCGGACTGCCACCCTTGGACCGTACTGCTGCACAGAACGTGCGAAGAACTCCGGTATGCTCATGTGACGCTTAAATCGCGTCGCCATCTGCATCCTCCTTAGATAAACGGAAGGATCAAAGCGTGCAAGTATACCACTCGGCGGACAACGCGGCCAACGCCCCTTCAGCAGCGGCGATCACAGCCTGGGCACGGCGGACGGCCGGATCGCGGACGTCACCGGCAGCAAACAGGCCCGGCCGATCGGTGCGCATGAAGCTGTCCGTAACCACGTACCCCGCCTCGGTCAGCGTGGCCACCCCTCGAAGCCAGTCCGTGTTGGGCTTCCAGCCGATCTTGACGAACACCCCATCCACCGGGAGCTCCCGCCGCCGGCCGGTCGTCACCTCGCGCAGGAGGACAGACTTGACCCCCTGTTCCCCTCGTACCTCGTCCACTTCGACACCCCACAGGACCTCGATCTTGGGATCGGCGAACACCTTCTCCTGGAGGGCGGCCTTGGCGCGGACGGCACGGGGGTCGGTCTGAGGACGGTGGACGGCCAGGTACACCTTCTGACAGAGGTGGGACAGAACCAATGCTTCGGTGAACGCGCCGTCCCCCCCGCCCACAACGAGGACCGTCTTGTCGCGAAAGAAGAATCCGTCGCACACCGCGCAGTAGGAGATCCCCCGCCCCACGAGCTCCTTCGCCCCCCGGGCGGGGAGCTCGCGGGGATGGGCCCCGCTCGCCGCGATGACGGACCGCGCCCGGACCACGTGATCCCCCACCGCGAGCTCCCACCCTGCGCCGACCGCCTGGAGGCCCGTCACCTCTGCCGTCTGGAAGGACGTTCCCAGCCGCTCGGCCTGGGCGCGCATCTTCTCCGCGAGGTCGAACCCGGACACCGGCTCGACGAACCCCGGGTAGTTCTCGATGGCCGGGGTCTCAAGCATCTGCCCGCCGGGCAGCGCTTTCTCGACGAGGAGCGTAGTGAGCCCGGCCCGGGGGGCGTAGATCGCCGCGGAGAGCCCCGCCGGCCCCCCCCCTACGATGACCACATCCCACCACTCGTTCGTCACGCCTGAGATGATACCCGGTCCCCTCGCCGGACTTGTCCGACCTGCCCGGCTGGGCTACGGTGGGGGCGTGAGCCCCGGCTACCCCATCCCCCCAAGCCGCCGGGTGATTGCGGGCCCCGACGGTCGCCTCCGCGTGGAGTTCCCGTACGATCCCCGTCTTGTTGCGCTCGTGAAGGGCCTCCCCGGACGGGCGTGGAACAACGGGGAGAAGTTCTGGTCGGTGCCCGTGGAGCACGTGGTGGCCACGGTGGACCTCCTCCGCCCCCACGGGTTCGCGTTCGACGAGGAGACGCTTCGCCTGTACGACGCGCACCGCGGGGCCACAGCCGACCACCTCACCGTGTCCCAGCTCAACCTCCGGGTGCGCGAGGTCGTGCTCAGCGCGTTCCCCTCCCCGCTGTGGGTGGTGGGGGAGGTGAGCGGGTTCAACCGGAGCGCCCACAAGAAGTGGGTCGGCTTCCAGCTCGTGGAACGGAGCGCCACCGGCGAGACCGTGGCCCAGGTCGAGGCGGTCCTCTCCCCCGACGACCGCGCGCACCTGGAGGCCAAGCTTCAGCGCGAGGGTGCCCCGTTTCGTCTGGAGGACGAGATCCAGGTCCGGCTCTTGGTGGCAGTGGACCTCCGCCCTGACTGGGGCCGGTACCAGGTCACGGTGCGGGACATCGACGTCGCGTACACCCTGGGCGAGGTCGCCCGCCGCCGGGAGGAGATCCTCCGCCGGCTGACCGCAGCGGGTATCCTAGAACGGAACCGGACCCTCCCGTTCCCCGACCTCCCGCTGCGGGTGGGGCTCGTGACGAGCCTCGGTTCGGATGCCTACCACGACGTCCTGCGCACGTTCCGCGAGTCCGGGTACGGGTTCACGGTGACCGTGCACGGGGCGCGGGTTCAGGGCCCGAACACCGAGGCATCGGTCCTGAACGCGCTGGACTGGTTCCGAGAGCGAGCGGCGGAGTTCGACCTCGTCCTCGTCTGCCGGGGCGGTGGATCGCGCACCGATCTCGCCTGGTTCGACTCCGAGGCCCTCGGCCGCGCGGTGGCGCTCTTCCCGCTGCCGGTGGTCGTGGGGATCGGTCACGAGGAGGATCGGTGCGTGCTCGACGAAGTGGGGTGGCGACAGAAGACGCCCACCGCCGCCGCCCAGTTCGTAGTGGAGACGGTGCGGAAGGCCCTCCTCCGCGCCGAGGACGCCGCGTCAGCGCTCCTCAACCGGGCTCGGGCTCGGATCGGCGAGGCGGGCGAGGCCCATCGCGAGCGGGCGCAGCGACTGGCCCGGGCCATCGGGGTGCGCGTGGAGGGAGAAGCGCGGGACCTCGTCCACCGCGCCCGGCGCCTGGGCCGTGGGGTGCGAGTCCGCCTCCACAAGGCCCGAGAGGACACCGCTCGATTCCGGTCGGACCTCCAGCGATCCGCGACCTCGCTCCTCGGGGGAGCGAACGCCCGGCTTGCCGACGTAGCCGGCCGGCTGTCCCGCGGAGCGCAGCGGGACCTCGTCCTGGCACGGCGGCACCTTACCCAGTCCGCACCCCTCGTCGGCGCGCGGTCGAGGCGGCGGGTCGCGCGGGCCTGGGAGCAACTGGAAAGCCGAGGCAAGCGCCTCCACTCCCTCGACCCACAACGGGTCGTGGAACGGGGCTATGCGATCGTGCGCCTGGCGGAGGGCGCAGTGGTCACGGATGCTTCCCAAGCCCCACCGCCGGCGCGTCTGCGGGTTCAGCTCAAGCGGGGGGTGCTGCGCGCCCGGTCGGAGGGTGAAGAGAGGTGAGTGCGATGGCCAAAGACAAGACGGTTCCCAAGGAGAA
CP034928.1_gap3	95843	100022	4179	ATCTACGTGGGGGCGGTGCTGACCGGCATCAGCTGGGTGATCATCGACGATCGCGAGCACTATGGGATGCTCAAGTACTTGTACGCGGCACCCCTGAACATCTACACCTACCTCGTCGGCCGCGGGGTGGCCCAGACCGCGATCGCCACGATTGCCGCCGCGATCACCCTCCTGTTCGGCGTCGGGGTTCTCGGGGTCCGGATTCCGCCTGGGGACGTGGACTGGGGACTCCTCGTGGGGGCACTCGTCCTCGGGCTCGTGGCCCTCGCGTTCCTCGGGCTCCTCCTGGGCGGGGCGACGCTCCTCACCGCGCGGCACAACTACCTCGTGGGCCAGGCCGTGGCCGGCGCGCTGTACCTCGTCTCCGGCGTCGTGTTCCCGCTCGACGTCCTTCCCCGTGCCCTGCAGTGGGTGGGGCTGGGAAACCCGGTCACGTACTGGCTGGAGGCCCTGCGCCGCGCAGTCCTCGGTGACGGAGGGAACGAGGCGCTGCGCTTGCTTTCCACGGGGACCGTGGTTCTGATCCTCGCTCTCTCTACCGCTGGGCTCGCCGTGGCGTCGCTCTTGTTCTTCCGGTGGGCGGAACGGATCGCCCACCGCCGCGGCCTCCTCGACATGCAGACCATGCATTGAGGCCGTAGCATGGGGGTCAGGTCTTGTTCCGTGCATCCCGGCGTTCATCAGCCACTCTGTTCGCGATCCGGCTGATCGTCGAGTAGTGGAGCCCGAGGTGCCGGGCGACCTCGGCGAGCGTGTACCCATGCTCGTGGATCGCACGATGGACCGCCTGATCCCTCTTCACCTTGTCTCGCCCTAGGTTGGCGAACAGCGTGGCGAGCGTTGGCCGCGCGGCGAGGCGCTGGTTTCGGGGGACCTCACGGAGCGCCGTGGCGTCCCGCAGGAGGGGTCGCATCTTCTCCACGAACCGGTCTGTGCCCAGGAGCACACCACCTCGGAGCTCGTCCCATACGGTCACGTCGTAGCCTGCCCTCACGAACTGCCGGTAGGCCTCGCGGGCCCGATCGCGTCTTCGATCGAACTGGGACAGGATCCACGAAGTGGTGAGGATCCCTGGGGGCGCCACCTCGCCCGCCGTGGCCCGGTAGCTACTCCACCGCCATTGCCGCGGGTGGCGGACCATCCCCGCGCGGACAGGATTGAGGACCACATAGCGGGCAACCTCCAGGAGGTGGCTGTCCTTCTCCACCACGATCGCCTTGAACCGCCCCTGGAGCACGTGCCCGACCCGCCCGTGCCGCCGGTTGAACGCCTGTGTGTACACCCCGTTGAGCTGGCGCATGCCCCGCGACAGGTTGGCGTCTGGGGTCTCCACGAGGAGGTGGTAGTGGTTGGGGAGGAGACAGTAGGCGTGGCAGACCCAGCCGAACCGCTGGACGACGCTGCCCAAGACCTCGAGGAACTTCAGGCGGTCGGTGTCGTCAACGAAGATGTCCTGTTGGGCGTTTCCCCGTGCTGTGACGTGGTAGACCGCTCCCGCGAACTCGATCCGCAACGGCCGCGCCATGGGGCTGAGTGTACCGCGGGGGATGCGTTAGAACAAGATCTGACCCCTCTGTCTGCCTGCCCGCCGGGGGAGATGAGAGGGGGGCACCGTGCTCGGGCGGGCGGGTAGGATACCTCTGTGGCGATCACGGTTCGTCCGGCACGGGTTGAGGATCGGGAGGCGATCCTCGCCATCTCGGCCCAGATCTGGCAGGGCGAGGACTACATCCCGCTCGTCCTCGACGGGTGGCTCGCCGAGGGCGGCCTCGCCGTGGCCGAGCTCGACGGCGTGGTCGCGGGCCTCGGGAAGCTCACGGTGCTCGCTCCCGGCGAGGTGTGGCTCGAGGGCCTGCGGGTCGATCCGGCCCACCGGGGGAAGGGCGTGGCGAAGGCCCTCGCCCGACATCAACTCGAGTCCGCGCTGGGGCTTAACCCGCGCTCGATCCGGTTCGCCACGGCCGAGGTGAACGCAGAGAGCCTCCACATCGCGGGCAGGCAAGGGTTCAGGGAAACCGCCCGGTTCACCTACGTCGAAGGCCCGGTGCGGGACGAGCCTGCGCCCCTTGGGGTGACTCCCGTGCATGACGTCGCGCCGGCCTGGGCGCTCGTCCAATCGTCGCCCACGTTCCGCGACGCCCGCGGCCTGCTGGCCTGGGGCTAGCGGTTCCCCGCGCTTTCCCCGGAGCGGTTCGCCCGTCTCGTGGCCAGCGGGGCGGTGTTCGCCTGGGGAGACCCGGCCCGAGGGCTTCTCGTCCTCCAGCCCGACCCCTACGCTCCCGCCGCGTTCGCCTCGATCGGCTTCCTGGACGGAGACGACGCGGCCCAGGACGCGCTCCTTCTCTTCTCCCACGCTTGGGCTCGCGAGAAGGGGATGGAGTACCTGTCGGCGATGGTGCCGGACGAGCTTCGTGTCGAGACCTTCGCCCGGCACGGGCTCGCGCCCCTCCCTTACTTCCGGTACGTGCTCGTCCTCACGTATCCCCTTCCGTGAGGATCGTTCGCGGGGCGGCCCTTTTCGGGTCCACCCGCGGGGTGATCGGCAAGATACTCCAGGATCAGGTACCGCTTACCATCGAGCGACGCGCGTTCTTTCGCAATCTGCTGTCGGCCCCGGTTCACCCTGCAGCGCTAGGAGGGCTGCGAAGGCTGTTACCGCCGGCCGAAGGCCGGATCGGACAGGGCGCTGCAGCCGGTCGCATGGCAGGCACGCACACGGTACCAGTAGGCTAGCCCGACGGTGGCCGTGGTGTCCTCGATGCTCGTTGTCTCCACCTGTCCCACCGGAGTGGCGAACGTCCCGTCCGGGAACCGATCGCGAAACACCTGGTACGAGATGGCCCCCGGAACGGGATCCCACAAGATGACGATCTTGTCCGGATAAGCGCGGTCGGTTGCTCGGACGTTGGCGGGAGCGGGGGGGTAGCCGGCGTAGCCCGCCGCGGCTGTTGACATGGGGCTGCAGCCGACCGAGTTGCACGCCTCGACCTTGTACCAGTACATCCGTCCCTGGTTGGCGGCGCCCACCGTGTCGGTGTAGACGAGCGACGACTCGCTGCCGAGGAACTGGTAGTCACCGTCGCGGGAATCAGCACGGTACACCCGGTAGCTCGTCGCCCGCTCCACGGACAGCCACGTCACGCGGATCTGCGTCTCGAATTGACCCAACGATGCCGTGACCCCCGTCGGGGCCCGATCCGGAGGGAGGGTCGGGTTGATCCGGTTGAGCAGGTCGCACCCCGCGAGGACGATACCCACGGCGAGAGCTGTCAGCACTCCCACTATGTCTCTGACGATCCGTCGCGCCTCTCTTCTCATCGTCGGTCCCCTCCTTGGCCTGCCGTGATGTTAGGCGGACGGGGGGCTTCCGACAAACGCCGGCAGCCGGACATCGAGCGATCGCAGACTGGCAAGCAGGGGCTGCCGTGCCGCGCCGAGTCTCTTCGCGATCTCCTCTTCCAGGGCGAGGAGTTGGGGGAGCGCCTGCGCGATCTGGCTCCCGCTCGACACATAGCGACAGGAGAGGGCGGTTACCCGTTCCACAAGCCCGACCACCTGGTCCTCCTCGACGATCTTGTCCCCGTAGTGGACGAGTCTTTCCTCCCACGTCTCTGGGTGTGCCCCCAGGACGTGGCGCTCGGCGATGGCGGCGAGCCCCGGCCAACCTAGCTTGCGCAGGATCCGCCCCGCCTGCACCCCGTGGTCGGTGGGCTTCTCGGAGGACAGCTTGTCCAGATCGTGGAGGAGCCCGCCCCGGTGCACAACGAGGGGATCGACCTCGACCCCGCTCTCGCGAAGCCGGAGCGCCAACCAGTGGGCCACAGCCGCCACGGCAGCGGAGTGGCGAACGATGTTCTCCGGGACGGCATGTTCGTGAAGGATCTGGAGGCACATCGTGACATCCGGGAGCAGGGGTCGTCCCAGAATGGGGGGGAGTTCGCCCAGCATCTGAATCTCTGCGTCGTGGACCGGGTGTACCAGCGGGCAGCCCTTTGTCGAGGAATTGAGCCAAACTGCCCGCAGTCCCGCGCTCTTGGCCCCGATGATGTCGGCGCTGTACCCGTCGCCGACCATCACAGCCTCAGCGGCGGAGCACCCCACGCGCTCCAGCACCCTGCGGAAGAACAGGGGGTCGGGCTTGCTCAACCCCAGATCGCGTGCGGTGACGACCACGGACAC
CP034928.1_gap4	215168	217245	2077	CCGCGCCGGGGGGCAGGACGACGATCGCCCGTCGTTCGGTTGCGTTCCCATCCTTGGGCATGCTATAACACTAGCCAACGAGGCCGACCTCGGCAAAGGAGTGGTGGATGGTCTTCACACGCGAGGAGTACGAACGGGAGAAGCGGGAGTTCCGGTGGGAGATCCCCGCCGGGTACACGATCGCGGGGGCGGTAGACAGCCACGCCCGCGCCCATCCAGACAAGGCGTGCGTGCTGTGGGAATCGGAGAAGGGCGAGCGGCGGACGATGACATGGGGGGAGCTGTCGGACCAGTCGAGCCGGTTCGCCTCGGTGCTGATGGCCCTCGGGGTGGGGAAGGGCGACCCGGTGATGCACATCTTCCCGCGGATCCCCGAGGCGTTCGTGGCTCAGATCGGTACGTTCAAGGCGGGTGGGGTTGCCGTGCCTGGGACGGACATGCTTCGCGCGAAGGACATCATCTATCGGGCCGAAACCGCCGGGGCGCGTACGGTGATCGCCCACGTCTCGACGATCGGCGAGGTGGAGGAGGTGCGGGGGAAGTGCCCGTTGGAGCACTTCGTCCTCATCGGGGGCGACAGGCCGGGGTGGACCTCGTTCGAGAAGGCAATGAAGAGCGCCCGGCCCGCGGCGCCGATCCCGCTCACTGCGCAAGACCCGCTTACGATCAACTTCACTTCGGGAACCACCGGGAACCCCAAGCCCGTCATGCACCGCCACCGGTGGATGTACGGCCACTCTCGGATCACCGCCCGCTACTTCTGGGGCGCGGAGCCCGACGACGTGATCTGGGCCACCACCGCCCCCGGGTGGGCGAAGTGGTACTGGGCGCCGATGGGGGTCGGCCTGACCACGGGCTGCACCCAACTCATGTACCACGGTCGGTTTGACGCCGAGCGGTACCTCGATCTGCTCGCCCGCTACCCAGTGACCAAGCTCTGCGCCACCCCGACCGAGTACCGGATCTTGATCCAGGTTCCCGACCTCGCGAAGCGGAAGGTGGCCCTGCGCGACGCCGTGTCAGCGGGTGAGCCCCTCAATGCCGAGGCGATCGAGGTCTTCCGCAAGGCATTCGGCATCACGATCCGCGACGGGTATGGCCAGACGGAGTCGGTGTGCCTGGCGTGCAACCCGCCGGGACTCCCGGTGAAGCCAGGCTCGATGGGCTTGCCCACGCCAGGGCTCAACGCGACCCCCATCGATGAGCACGGGGTCCCCGTGAAGCCAGGCGAGATCGGCGAGATCGCCGTCGAGGTGGGGAACCCGGGGATCTTCGACGGCTATTGGAAGGACCCCCAGCTCACCGCCCAGGTCCTGTCCGGCAAGTGGTACCGCACCGGGGACCTCGTCCGAGTCGATGAGGACGGGTACTTCTTCTTCGAGGGGCGGGCCGACGACGTGATCAAGGCCTCCGGGTACCGAATCGGGCCGTTCGAGGTCGAGGACGCGCTCGTCTCCCACCCGGCGGTGGTCGAGGCGGCCGTCATCGGAGCGAACCACCCCGTGCGGGGCCAGATCGTGAAGGCGTTCGTGATCCTCGCCAACGGTTACCAGCCGTCCGAAGCGCTCGTGACCGAGCTCCAGGACCACGTCAAGAAGGTGACCGCCCCCTACAAGTACCCGCGGGAGATCGAGTTCGTCTCCGAGCTTCCCAAGACGACGAGCGGCAAGATCAAGCGGGCCGAGCTGCGGAAGCGCGACGACGAACGCCGTCAGGCAGCCTGAGCCTCCATCGGAACAGGGGACTGTCATGGATGAGTCGAGACTGGTGGCGGCGGCGGTGGAGGCCCGGCGACGGGCGTACGCGCCCTACTCCGGGTTCCCGGTGGGAGCAGCCCTCCTTTCCAAGGGCGGGCGCCTGTTCACAGGGTGCAACGTGGAGAACGCGAGCTACGGCCTGACCGTGTGCGCGGAGCGGGTGGCCCTGTTCAAGGCCGTGTCCGAGGGGGTACGGGAGTTCGAGGCGATCGCTGTGGCCTGCGGGGACGGCCCCTGTTCCCCCTGCGGGGCCTGTCGCCAGGCCCTGTACGAGTTTGCGCCGGACCTGAAGGTGATCCTCGCCGATGCAGAGGGGAGGA
CP034928.1_gap5	218462	222777	4315	TCCGCAGGTTCGTCCGCGGACGCCTTCATTGTAGTGAGCGCACGAAGGCGTGCCAGGGCAGCGCTGGGCCGCGGTGCGGATGCCACGCGTGGCGTCACCAAGGCGGCTGGCATTTGCGGATCGAAAGCGGCTCTGTCACCGTTTCACAACCTCGCTCACCTTCCAGACCTTGACCACGCCCTCCAGTGAGGCGGCGGCAAGGTACTCCCCGTTCGGGCTCCAACAGAGAGACGGTACCGACATGGCTGGTGTTGCCAGCTGTCCCCCCGTTGCCGGGCCCCAGAGCCGGAGACTGAACTCCTCCGCGGAGAGGGTGGCGAGGATCGTTTCGTCCGGCCTCAAAGCCATGAAGTACGCTTGCCAGTTTCCGGGCCAGAGCGTCCGGATCTCCTGCCCACTCTCAGCGTCGAAGGACGTGATTGGCGTGTGGCCCCAACCGGTGACAAGGGCCTTCCCATCGGAATTCCAGGTGAGGGAGTGCAGGCACCCTTCCCAATCGGCAATCCGCGTGACCTCCTCGCCTGTGGACGCCTCCAAGATCACCACGGCTTGCGTCTCGCGTGTACAAGCAACCTTAGTGCTGTCCGGGCTCCACACCGCGGGCCCGCAGCACGGCAGGGCACGGATCTCGCCGCTGCTTCTGCTCCACAGCCATATTGGGCAGCCGTACAGCTCACCCATGTACATGAGGACTGCTCCGTCAGGGCTCCACGCCATCGGGACGAAGGCCCATTCCTGCAGCGGCAGGCTCCCGGCCTCGGTTCCCGGGGGTAGATTCCAGAGCTTGACCGTCCCCGGCTGATCCCCGGAGACCAAGGTGCTCCCGTCCATAGAAGGCGACAGGGGACAAGGACGCGGCCCGCGTCCTAGGGACGACGGCTATGGGTAGCGCCCAAGGGATCTCGCCACCGGCTTGCTTAGGTCCTCGAACGTCACGTAGCCAGCGTACCGCTTACCAGGGCATGATCCATCCCTGCTGTGTTTGACCGATCTCACCCACACGCCACTGGTGAGCTGCCGGACCTCGTGGTGGACAATGCCCTGCTTCCACCGGCGGCCTACATGGCCTGGCGCACCTCCGCCGGCTTCCGTCTGCAGGACCCCGGCACCCACGGGCGCCTCCAAGGGGTACTTACCTCCGTGCAGAAGCCCGTTCCCCTCGAAGTAGTCGACGACAGCCTTCGGGTGCGCCCACAATCTCGATCTTCACTGTGACGGACACCTCCTCGAGGGGTCGGGCCGAGAACCGCTCCGGCGCAAGCGGGTACCGGTATCCGAACACGCCCCCTTCCGGGGACAGGAGCTCCACGTACTCGAGGGCGATCCGCCGCGTCTCCCCAGGTTCAATCGGGAACACCCGCGCCCGGTACGCCCCCTCCCCGATGTACTCGAGAAGCGCCGGGTCGCGGTTCTGCCGGAGGTAGGAGAGGTGGATGTCCCGCGCCTCGTCGGCGGGGAGGAGTTCGGCCGCCACCGGCTCCCCATCGACCCGCAGGGTGAACCCGTGGATCACCGGCCCCGGGGGGAGGGGGAACACGTTCGTCCCCTCGATTGGGAACCGGGTTTCGTTGCGGAACGCCTGGTCCACGTTCGGCGTCGCCACCCCGTCCCGGATCGTCACCGTCACGTGGTGGTAGACGATCGTCAGCCAGCAGAGGGGGGGACTGGGAATCTCCGGCCGCAGGATGGGGATGATGATCCCGTCCGCCAGCCCGGGGAGAACCAACGATAAGAACAGAACGAACAGCAGGGCGCCTTTCCGCACGCAAACCACCCCCTGCGGTCCATTTACACAGGGGTAACCAGGTTGGCTTCGCGGTTCCCTCTTTCGGGGATAGGATTACAGTCATGGGGTACGTGAAGTTTCTCGGCACGGCCGGGGCGCGGTTCGTGGTGGCCCGCCAGCTCCGGTTCTCGGCCGGGACGTGGATCGAGCTCGGGGGGACGCGGCTCCTCCTCGACCCCGGCCCGGGGACCCTCCTCCGCCTGCGCAAGAGCAAGCCGCCCCTCGACCCGCTCAAGCTCGACGCGATCCTCCTTTCCCACAAGCACCTCGACCACTCGACGGACGTGAACATCGTGATCGAGGCAATGGCCGACGGGGGGTACCGACGCCGAGGGACGCTCCTCGCTCCCGACGATGCGCTGGAGGGCGACGACCCGGTGGTCCTTCGCTACGTCCGCCCGTTCTTGGAACGGATCGAAACGTGGCAACCTGGGGGGGAGCACGCGGTGGGCGAGGTGAGGATTCGGCCTGTATCCCACGGCCACGGAGACGTCGAGGCGTACGGACTGGTCTTGGACTCGCCCGAGGGCCGGGTCGGGTTCGTCACCGATACCCGGTTCTCGCCCGATCTGGCGGGGCACTACACGGGGTGCGCGCTTCTTGTTCTCAACGTGGTCCTCAAGGACTGGAAACCCGACGTCGACCACCTGAGCCTTCCCCAGGCCGGGGAGATCATCGCGGCCGTGAAGCCGCGGCTCGCCGTCCTCACCCACTTTGGGACGACGATGCTTCGCGGCAACCCCCGCAAGCTCGTGGCGGAGCTCGCCGCGGCTGTAGGATCACCGGTGATCGCCGCCGCCGACGGGATGACCGTGGAATCGACGGAGTGGCGGGGGCATCCGGAGGGACTGGCTTCCGGTGGGTAGAGGTGGACAATGTGCACGGAGGTGGACTATGAAACGAAACGTGTTGCTCGCGGCGCTGATGGGTGGGGGGCTGCTGCTGGGGGGATGTTCGGGTCCTGAGGTCGGCCGACCTCCCGTGGCGGGGATTTGGTACAACCCGTGGAGAGGGGAAGTGCCGCTCTTGGTCACGTTCGTCAGCCAGTCCCAACCGGGTGACGCACCGATCGCAACCTACCGCTGGGACTTCGGCGACGGCGCGGTGAAGGACGGAGGGGCAACGGTAAGTCACTGGTACACGCGGGAGGGCACGTTCTACCCATCCCTGACCGTCACCGACAGCGCCGGCCTCTCCGCCACTGTGCGCGGGGTGATCCAACCCGGCAGGTCTTACCCGCTCGATGTGCTCGAATGGAAGCCGGAAGAGACCTACTATGGGCAGAGGGTAGTCGGTCGGGTGAAGAACATCGGCGACCGTCGGATCAACCTCGGCCGGGTCGTCGTGCAGTTCCGTGACAACGACTGGGTGGTCGTTCGCGAGAGGTCCAAGATTCTGGGGGACCTCGCTCCGGGCGCGGAGCAGATCTTCGAGATCACGACCGACCTTCTCCTTGCCCCAGGCGGAGCTCCCCACCACACGATCTACACGGAGGTCATCCACAGCGACCATCCGCTTTCGCCGTAGCGGCAGCCGCGTAGTCCGTTGTCCGTGAGCCGTAGTCCGTTCCGGCTCCGACGGTTCACGGGGAACGAAGAGCGGGCCGCGGCAGTCGCCCCGGAGTGCCCTGTCTTGCCGGAGAAGGTGCGGGCGACCCCGCCCGGCCATCACGGAATCGTTATCCCAGATTGGGAGAGAAGTTCGAGGAGGTGGCCCAGGTCGCGGATCGCCACTGCCCACACCCCGGCTACCCTGCCCCGCTCGTCCACGAACACGGTGAACGGGTAGCGGAGGTTCTCCGAGAGCTGGTAGCGGCGCGTGACGACTGCCCCCGGGTCGTGGACGACCGGGAACGTGATCCCGCGTTCGAGGACGATCGCCGGTACCTGGGGCCAGCGCTCAGGACACACCCCGACTACCGCAATCCAGTCTCGGTAGCGGCGGTGAAACTCCTCCAGGACGACCAGATCGTGTCTGCACACCCCACACCAGGTGGTCCAGAAGGCGATCACGATCGGTCTCCCCGGGGCCTCGGACATCGTGAACTCCCCCCGCCCGGAGAGCGTGAACTCCGGCGCCCGTTGGCCGACGATCGGGAACACTCCCTCCCCGGGTCGTCCCCCCCGCGGCACGGACAGCAGACCGAGGACAACGAGGGCCGCGAGTGCCAGACCGAGCCAACGCAGGTCCACCCCTACCGCTCTCCCTGAAGCGAAGCCACCTGGACAAGCTGGCCGAAGGCGAGGCCCCCGTCTCCCGGTGGGACGAGGCGGTGCGAGACGAACCGGAGCCCGGAGCTCTCCACCTCCGCCCGGATCGCAGAGGAGATCGCGTCGTTCACCGCCACCCCGCCGGTGAGCCCGACAACCGGGATTCCCCGGTCTAAGGCCACGCGGACGGCCAACCCGGCCAGGCCCCGGGCGAGGGCGGATTGGGCCGTGGCTGCGAGGTCAGGCACACCAGCTCCCCGTCTTCGCAGGGCGTCGAGCTCCCGGAACAACCCAACCGTGTCGAGGACCCGTCGCCCGT
CP034928.1_gap6	236930	238626	1696	GCGAGTTCCAGCGTCGCCGGAAGGCGGAACCCAAGCTCCTGGGTGACCGGGCGACGGGTGCGAGCCGACCGGCCGAGGTCGCCGCGCAGCAGGTTCCAGATGTAGATCCCGTATTGAACCGTCAGCGGACGATCCAGACCGAGTTGCGTGCGTATCCGCGCCACTACCTCTTGAGGGGCCGCCTCGCCAGCCATGACCAGAGCGGGGTCCCCCGGGATCAGGCGCAGCGCCAGGAACACCAGTGTGACCACCCCGAGCAACACGGGAATGGCCAGAAGAAGTCGGCGGACAATGTAGCTGAGCATGTGTGCCTCATCCGGTCCCCGCTGGACCCCGACGGGCGCCCGTGCGCCCGCCGGGGCAGAAGCGAGGATGGGGGTATGAGCCCTCTAGTTGTCCAGCCAAGCGCGGTGCGCTTGGACGGTGAAGTTGGGATGGAAGACAAGGCCCCGTACGTTGGTCCGGACGCCGTAGCGGTGATCCGGGTTCAACAGGAACAGCCACGGCGCTTCGTTCCAGATCAACTCGATCGCCTGTGCGTAGTACTGCTCACGCAGCTCGGGGACCGGCGTGGTGCGGGCCGCCGTCAGAAGGTCGTCGACGGTCTCGTTCTTGTAGAACGAGCGGTTGCTGCCGGCAGGCGCCCACTGCGTTCCGTGGAACAGGGAGTACAGGGTGTAGTCAGCGTCGCCCGTGACCGTGCTCCAGCCGAGCATGTAGAGATCGGTCTCGCTCCGATCCACCGGCCGCAGCGTGAAGTCCAGGTACGAACCCCACTCCATCGAGATGAGCTCCACGTCGATTCCGACCACCTTCAACTGGGCTTGGATGACCTCTGCACCGAGCGTCCGCCAACCGGGGTTGTAGCGAAGTGTCGTCTTGAACCCGTTCGGATAGCCGGCCTTGGCTAGCAGATCCTTGGCCTTCTCCACGTCGTAGACATACGGACCTGGCGCATGGTAGCCGAACACGCCCGGGCTGAACGGTGCTGCCGCAACGGAGGCAAAACCGCCAAACACGAAGTCCACGATCTCCTGTTTGTCGACCGCGTAGTTCAGCGCCTGGCGGACGAGTGGGTTGGCCAGCGGCCCGCGCTGGCAGTTCATACCCACGTACTGAATGGTGAGCGACGGGATGATGACAACTTCGGTCTTCGGGTCAGCGTTGACAATCGGAACATCGTCTGGGGGGACGACGGTCGTCACGTCCACCTCGCCTGTAAGGAGCTTCATGACCCGCGTTCCGCCCTCGGGGATCGGAAGGAACACCAGCCGGTCCAAGTAAGGGCCCTCTCCCCAGTAGTTCGGGTTCCTCGCGAGGACGAGCTCGGTTCCAGGGATCCAGCGCACAAACATGAACGGACCCGTCCCCACGGGGTGGTCCACGCCGGCCGCCACGGCCGCCGGGCTGACGACTCCGGTGAAGCTGTGCGCGAGGCCTACGAGCAGCGGAGCGAAGGGCGCGCTGAGGTGCATGCGCATCGTGTGATCATCGATAACCTCGATGTCAGCAATGTAGTTCATCCCCAAGGTGGGCCCGAAGATCGCCTTGTCGCGGAACCGAAGTAGGTTCCATTTCGCCGCCTCGGCGTTGAACGGTGTTCCGTCGTGGAACTTCACGCCTTCCCGCAGGTAGAACGTCCACACCAGACCATCATCGCTGGACTCGAAGCTCTTGGCCAGGATGTACTCCAGCT
CP034928.1_gap7	340871	345195	4324	ACCGTCAGCGTTGCTCTGCCCAGCTTCTTCATCGCCTTGATGCTGTCCTTCTACCTCGGGTTCAGACTGGAGCTATTTCCGGCGTACACGAACCCCAACATGGTCGCCCAGTTCGACTGGAGTTGGAGCGCGATCCGGATGGTGTTCACCAATGCCGCCCTGCCGATCATGAGCATGTCGCTGGGGGGGATCATCGGCTATTCCCAGATGACCCGGAACAGCGTGATTGCTGTAACGAACGAGGACTACGTCGTCACGGCCCGAGCCAAGGGACTGCCTCAGGCCGCCGTCCTGTACAAACACGTGCTGCGGAACGCGCTGCTTCCGTTAGCCACCTCGATCGGCATGAACATCGGAGGGCTCATCGGCGGGGCGATCATCATCGAGCAGGTGTTCAACTGGCAAGGCATGGGGACCCTGTTTCTGGAAGCGAACAGCACCAAGGACTACCCGCTGATGATGGGTATAATGTTGTTTCTGTCGGCGTTCGCTATTCTCGCCAATCTGGTCACTGAGTTGCTCTACGTTGTTCTGGATCCGCGCGTCACAGTTGGGGACAAGCGATGAGCGGATCCAGCGTGCTCCTGCGAGTTGCCCAGCGGGGGGGCTCACTTGCGAGCTTTGTCAGGAAGCTGTGGCGGCATCCTCAAGGCCGACTGGGCCTTACTCTGGCGGGGTGTCTGGTGCTCGTGGCGATCCTCGCTCCGGTACTGGCACCCTACGATCCGTACGATGTCACCCAGCGGGCTGCGAAGGGATTGCGGCCGAGCTGGCAGCACTTGCTGGGAACCACCACCACCACCGGCCAGGACATCTTCAGCATGCTGATCTATGGGGCTCGCGTCTCGCTGACGATTGGCATTGGCACCGGAGTAGCCCTCGCTTTCCTGGGTGCCTTAATGGGGGTCATGGCTGGGTATATCGGTGGATTCGTGGACAACCTCATCATGCGGGTTGTTGACATCATGCTGGTCATACCGACGCTGCCCCTCATCATTGTCCTGACGAGCCTTCTGGGGCGCAGCTACTTCGTGATCGTCCTGGTGTTTGTGATCTTCGGTTGGACAGGTCTAGCACGGGTTATCCGGTCCTTGGTGCTGGTGCTGAAGAACAGCAACTACGTGAAGGCCGCCGAACTGGCGGGTGCCAGCCGGTGGTACATCATGACCAAGCACATCCTCCCCGGGACGTCCCATCTCATCATCATGAACACCGCCCTGACGAGCGCGGGCATCATGGTTGCGGAGGCGGGGCTGAGCTTCCTTGGGCTGGGCGATCCTACGGCCATCAGCTGGGGGAAGATGCTGGCGGAAGCGCAGGGTGGTGGAGCTCTGCTGTTCGGGGCTTGGTGGTGGATCATCGCCCCCGGGATCGGCATATTCCTGTCAGTGTTCTCGTTCATGCGGATCGGCATCGTGATGGAAGAGGTTTTCAATCCCAGGATGAAAGCATCGAGCGGCATCTACAAGCTGTTCAAGCACTTGAACAACACGTATCTGGAGGATGTATTTCGGTCGATGGAGGACGCAGAAGAGGACCCCGTTCCACAACCACCCCGCAGGTTGGATGCTGGAGCCTCCGAAGGGCGCCATGGCTGATGCCGTGCTTGAAGTCAGGAATCTGAAGGTTGCTTTCCCGTGCCCAGGTGGGGTGATCCGAGCGGTGGAGGGCATCGACCTCGACATCGAGCAGGGGCGGTGTGCGGCCTTGGTAGGGGAGTCTGGCTGTGGCAAGAGCGTCAGTGCCTTGGCGATCATGAAGCTTCTCAACACCCCCCCAGCGGTCTGGCGAGTCGACAGGCTCCGGCTCGATGATCTTGACCTGGCCCATCTACCTGACAGACAGATGGAACGGATCCGCGGGAAGCACATGGCGATCGTTTTCCAGGACGCGATGACTGCGCTGAACCCCGTGATGACCGTGGGCAAGCAGATCGACGAGGTCTACCTCCGGCACAGCCGGTTGTCGCGACGGGAGGCTCGGCAGCGCACGATCAAAGCTCTGGAGCTGGTGGGGGTTCCCGAGGCCCGATCGCGGGCCAACAGCTATCCCCATCAGCTGTCGGGAGGGATGCGCCAGCGAGTTCTCATCGCCTTGGCCTTCGCCTGCGTGCCCAAGCTCATCATCGCCGACGAGCCCACCACCGCACTTGACGTTACGATCCAGGCCCAGGTACTGGACGTACTGAAGAGCATGCAGCGGGTCCATAGGGTATCCGCACTGCTGATCACCCACGATCTGAGCGTGGTAGCCAACATGGCTGACCACGTGTACGTCATGTACGCGGGCAAGATCGTGGAGCGGGCGGCGCTGCAGGAGCTGTTCGTGGCGCCGCTGCACCCGTACACCGATGGCCTTCTGGCCTCCGTCCCCCGGATCTCCGACGAGAGGCAGCCTTTTGTCCAGATCCCAGATGCCGTTCCCCACCCGATGCGCAAGCCGACCGGGTGCTACTTTCATCCTCGCTGCCCGCGTTCGAGCGAGCTGTGCGAGCGACGGATGCCCCACCTAGAGGCCCGGGCTGACGAGCGGGCCGTCCGCTGTTGGCACCCGTTGCTTCAGCGTGACGAGGTGCGATCATGAGCTGGGGCCACTCTGATGCCCGGCCCTTGTTGGAGATGGAGAGAGTCTCGGTCAACTTCCCGGTCAAGGGAGCCTATCCGTTCAGCAAGAAGCGGTGGATCCAGGCAGTGACTGACGTTAGCCTGGAGGTGTCGGACGGCGAGACATTCGGCATCGTCGGGGAGTCAGGATGCGGGAAGACCACCCTTGCCAACGCCATGATCGGCATGGTACGACCGACCGCGGGGATCGTCCGCTTCCGAGGTGTAGACCTGTACGCGCTCAAGCCAAGAGCATTCAGAGAGGCGCGGCGCGAAATGCAGATGATCTTCCAGGATCCGTTCTCTTCGCTGAACCCGCGGTTCACGGTCTACGAGATCATCCGGGAACCGATGTACATTCGCGGACAGGCCACCGAGGCGGAGATGAAGGCGAAGGTGGTCGAGCTGCTGAAGCTTGTGGGGCTAGACGAAGACGATATGTACCGGTACCCATCGGACTTTTCGGGTGGCCAGCGGCAGCGAATTGGAATTGCCCGCGCCATCATCCTCAATCCGCGATTCCTGGTCTGTGACGAGCCCGTCAGCGCGCTGGACGTATCCGTTCACGCGCAGATTCTGAACCTGTTGATGGACATCCAGCGGAACCGCCGGCTCACGTACGTGTTCGTCTCGCACAATCTGGCGGTAGTCAAGAACATCTGCCAGCACACGGCCGTCATGTATTTGGGTGTGGTCATGGAGTCGGGATCGACCGATGCCATCTTCGCGAATCCCCTCCATCCCTACACCCGAGCCCTGCTGTCGGCAGTCCTGGACGTGGATGTGACGAGGCAACGGGAGAGGATTCTGCTCAAGGGCGACACGCCCAGCCCGATCGACCCTCCTCGGGGCTGCCGCTTCTGGCAGCGGTGCCCGTCGGCGATGAAGGGCTGTCGGGACGTGCCCGCGGAGCTGGTGGAGGTAGAGCCTGACCACCATGTCGCCTGCCACCTCATCTCCGGGTTCTCGACTCAGCAAGTGGCAGAGGGTTTTCACGAACCCGTATCCCCGCGCTCCGGTGGGTGAGAGACCGGGCATGGCCAGGACCTCGACCGCGCTGGCCTTCGGCGCAGCGCAGTTCCTGGTGTTTGGTTCCCTCAGTGTTCTCCAGGTCGCACCAGGTGAGCTGTTCGTCCCGCTTCTTCTGACGATGCACGGGGGCCTCCTGCTGTTCGCGAAGCTAGGCAGGGTTGAGTCCAGTCGGGTTGAACGTGCCCGGATCAAGCGTGGCACGTACCTGCTCATGGCGATGTACCTGCCAGCCCTCGCCTACCGACTCTTCGGCAAGCTGGGCCTACTCGAGGTCCGCCGTCCTGTTCTCTGCGGGGGAACTCTTGCGCTGGCGGTCCTCGCAATGCTGCTAATCGTCTGGAGTGTGCGCGTCGCCGGCAGCGTGGCGGGAGGCGGGCACGCCCCGGTGAGCGACCGCCTCTCCCCTCCCGGGAACGGCCCACGGTGACCTGATTGGTGAGGCCGCTGCGGGCTTGCGCCGCCCAGACCGACGGGCCAGCCGACCGGATGTGCCTGGCCCGAGGAGCGCAGTGGCGCCGGCCGTGCGCGGTTCGGCGGTTCAGAACGGGTACTGCATCTTGGAGCCGAACCCGTCCTTCGAGGCGCAGTTGTCCCAGACCTCTTCGATGGTGAATACGTAGGCGGGATACCTGATCCAGCGACTCATATCGGGCCGGTGGTACACATCATGCTGCGCATTGATGAACTGC
CP034928.1_gap8	362770	367403	4633	CAAGCGTGCGCTCAACCGCTTGCCGTGCTGCGCGCAGGGAGGGCGCTGCCGTCGTTGGGGCTCCCACGGCGAGGAACCTCCCGTCCTCCAGATGCGGTGCGCCAGCAAGGGACTGAGCGATGGAGAGAAGAACGCCGGGACGCGAGGCCTCCCATGCGGCAGCGGCGGCTGCGGGATCACCGAGGGCGAAGAGGGCTAGGCCCACCAAATCTGCTGACTCATCCGAGGGTACCCCCTGTAGTTCCTCCAACGCTGCTCGTGCATGGCCCTGGAAAAGATGGGTCACCCCGCGCAGGTAGGCCGACCGAGGGGATTGGGCGAGCGCCTCGGCGGCGAAGGCATCCAGGGCTTCCCGCATCGCTTGGGTGTCAAGTCCCAGTGCAGCCGCTGCACTCTGCCAAGATGTCGCCTGCCACATCGCCTCGATGCCATGCCTGCCGCGCGTGGCCACCGCCCACTGGGCAAGGGCACCGGCCATGGACTCCCACATCCGTCCGAGGCCCGTGGCGGGAAGCTCGGAAGGAACCTGGAGGATCGCCCGGATCAGCTCCAGGGAAGGGGCGGCGGAACCCCACGGCGCGTTGATCACAAAGTACAGGCGGTCGAAAGGGTCAGGGGGAAGTAGCTGTTCAGCTCGTTCCCAGAGGACGGACCACGGAGGGGGGGATGACCAAGCCTGAGCCTCTGCTGCCCACGGACGACTGGGGTCCGTAACGTAGAGCGGGAGTCCGCGACGAAGGACCGGGTTGCCCGGCCGTCCGAAGGCGAGGGAACAGGCGAGACGTGACAGCGGGGTGGCGAGGGGCTGCCCCCACAGGAGGTCCACCGAGCCCAGCTGAACACCCTCTCCGGCCAGCCGGGCCGAAGTTGCGGTGGCCAACTCATCGAGGTCCGCGCAGAGGTACACGTGGATCGGGACACGGATCTCCGCTCGAGCCACCCCCAGCGTGTCAAGGACTCTGTGCCATTCGCGCTGAACCTCCGAAGCGTGCTTCGTGACCTCAGCCGCGAGTGGGGACGAACGCACGTAGTAGACGGTGAGATCCGACAGGACTACCGCACGGAGGGGGCTCCGTGCGCTGCGAACAGCGGGGTGCACCCAGAGCACAACGATGCCGAGCACAGCTGCGATGAGCCCGCCCAGGGCAAGCCCGCCTACGGTCCACAGGACAGACCGAGTCCAACGGCCCTCTTCGCTTGCCCTGAAGTTGCGGCGCGGCATGTCCCTGCGAGTGTACCGTGGCCCAACGGAGTGTCGCGGGCGAGGGGAGACTGTCGACGGCTGCCCTCGCGTGCCCCTGCGAGGCATCGAAGGCGGATCGGGAATGGTTCGCCGGGGGATGACCTCGTCGGTCTGCGAGTCTTCCGAACTCCCATCCCCATCGGGGCTGGGGTCCGCTAGATCCACCCATCGATCGAGAGGTTGGGTTCCGGCATCAGCGCCAGTGACCCACGATGGCCGAGCGCGGTGAATCGGTGGTGGGCGCAGGCCGCGACGATCGCCGCGTTGTCGGTGCACAGGCTGGGAGGGGGGAACGACACAGCGATCTCCCGCTCGCGTGCTCGTGCGGGCAGGACCTCACGTAATCGTCGGCTGGCGGCCACGCCGCCCACGACGACGATCCGGTTGAGCGAAAGCCGCCGCGCGGCGCGAACCGCCTTCTCCGTGAGCACATCCACCACCGCCGCGAGGTAGGAGGCACAGAGGTCGGAGACCGGTGTCGAGGGATGGTCGCGCACCCAGTACACAGCTGCAGTCTTGAGGCCGGCGAAGCTCATGTCCAGCCCGGATTCGATCAGTGGCCGGGGAAACGGAATCGCGGCAGGGTCTCCCTGTTGGGCGAGTTCGTCCATCCTCGGGCCAGCCGGGTAGCCGAGGCCGAGGAGTCGCCCCACCTTGTCCAGCGCCTCGCCCGCCGCGTCGTCCCGGGTGGTGCCCACTACCTTGTACTGTCCCCATTGCGGCACCGCGACGAGTAGCGTGTGCCCCCCAGAGACGATCAAGCCCAGGAACGGAGGGGCGACTTCGGGCTCGCTCAGCTTGTGGGCAAACAGGTGCGCGGCGAGGTGGTTCACCCCGACCAGCGGAACCTCCCGCGCCAGGGCGATCCCCGCCGCGTGAGCGATTCCCACGAGGAGGGGCCCGACGAGCCCGGGTCCGTAGGTCACCCCGACGAGTTCGACCTCGCCCCACCCGGTCCCGGCCGCGGCAAGCGCTTCGTCAAGCAGCCCGGGGAGCTTCCGGACGTGGTCCCGCGACGCGGCCTCTGGCATCACCCCCCCGTAGCGGGCGTGGAGATTGGTCTGGGAGTAGACGAGGTTCGCCACAACCTCGCGCCCACCCCGGAGAAGGGCGACGGCCGTCTCGTCACACGAGGTCTCGATCCCGAGGACGATCATCGGGCGGTGGCACGGGACAGGTGACGTGGGCCGGGGAAGCGCAGGGTCGGGCGACTCCTCCCCGCCGGCTGCCCCTTCCGCCATCGCCCCATCGCGACCCTTCACCCGTTTCCCGTCACCCTTCACGCGTCACGGACGCACTCTGGCTTGAGCACGCCCACGAACGGGAGGTTGCGGTACACCTCGGCGTAGTCGAGGCCGTACCCCACCACGAACAGGTTCTCGGGGAGGACAAACCCCACGAAGTCCACCGGGACCTCGACCTCCCGGCGGTGAGGCTTGTCGAGGAGGGTGCAGACGCGGAGCGAGGCCGGGCCACGGACGGACAGGCCCCGGAGGAGGTGCTGGAGGGTGTGGCCGGTGTCGACGATGTCCTCGACGATGAGGACATCGCGGCCCCCGATCGCGCAGTCAAGGTCCTTCAGAATCCGTACCTCGCCCGGGCTGGTGCCGTTCCCGTAACTCGACACGGCCATGAAGTCGTACTCGAGGGGGAAGTCCATCGCCCGGACGAGATCGGCCATGAACGGCATTGCCCCTTTGAGGATCCCCACCACGAGAAGGGGCCGCCCGCGAGGGTCCTTGGCCGCTCCCGTTCGGTACTGCTCGGAGATCTGGCTCCCCAGTTCCCGCACCCGGCGGGCGATCGCCTCCGCCTCGATCACCACCCGTTCGATCCCGTCGGTCAACGCCCTCTCCACAGCACCTCCTGAGAAACACCCTCCCCGCCAGGACCTGACTGGGGGAGAAACCCGAGCATACACCGCGCGCTTCCGAGGTTCCACTGACGCGGCCAGGCTAGACCGAGCGGAGGGAGACGAGGTCGAGGAGGAGGTTTCCCGCCACCTGGCGGCGGTACCCGGCGGAGGCGCGCAGATCCGAGATCGGCTGCACGGCTGACGACAGGGCATCCCGCAGCCCCGCAAGCGTCTCCACCGCGAGCGGGTGGCCCACGAGGGCCCGCTCGACCTCCCGCGGGCGGAGGACGGTCGGGGCGACCGACCCCAGGGCAAGCCGCGCCTCCCGGATCATCTCCCCGTCCAGCCACAGGAGCGCGCCCAGCGAGGCCACGGAGATGAGGAGGGCCCGCCTCCGGCCCACCTTGCGGAAGTACGCCCGGGCACCGTCGGGAGGCCAGGGCACGGTGATCGAGCGGACGAGCTCTGTGGGGCGAAGGGCGGTCTTCCCTGGGCCAAGGATGAACTCGGCGACCGGGTACGATGCCTCACCGCCCGGTCCGATCACGTTCACGCGTGCCTCGAGAAGGTAGAGTGGGACGATCCCGTCTCCAGCCGGGGAGGCGTTGACGAGGTTCCCTCCGAGCGTCCCCATCGCCCGCAGCGCGGGCGAGCCGATCGTCTGGAGGGCCAGCCGGAGGACTGGGAGCCGGTCCGTCGCCGGATGGGAGAGGATTTGGGCGTGGGTGGCCGCGGCCCCGATCTCAACCCCGGTTTCTGTTTCCCGCACCCCCTGCAGGTCCGCGATCTCGCCGATGTAGACCAAGAACGGGGAGGCATCTGTTCCTTTGCGGACGCGGACGAAGAGGTCCGTCCCTCCGGCAAGGGGGCGTCCGCCGGCGGCGACCTCGCGCAGCGCCTCGCCCAGATCGCGAGGGCGGACGATCTCCACCGGCCCCGTTCTACGCATGGAGAAGGTCCTCCACACGATCCACGTCCCGGATCACCCGGTCGTCCGGCCACGCGATGAGGTCGCAGTCCTGCAGAAGGTCCCGAGCCCCGCGGTCTCCGGCCAGTGCCCGCACCTCGGGTCGCAGCGACGGAGGAAGGTACACCGGGAATCCCCGAACTCCCCGGTAGGCCGGTGCGGCAGGCCGGCCCCCGGCGCGGGCGAGCACAGCCCGCGCTGCCTCCTCCGGAACCCACGGCATGTCGCCGAGGAACACGAGCATCCCCCCGTCCACCTCCTCCGCCGCGCAGCGGAGGGAGCTCCCCATCCCCTCGCGCCAACCCTCGTTCACGAGCACCGTCCATCCGAATCGACCCCCCGGATGCGCACCGTCGGCCGGGAAGAGCGCGCTGCGCACGGTTTCGGCTTGCGCCCCAAGCACGATCACCCGCCGGTCGTGGGGCAGGCGGTTCACGAGGTCCACCACCCACAAGACGAGGGGGCGCCCGTCCACGGGCAGGAGAAGCTTTGGCTGTCCCATCCGGGTTCCCGCGCCCGCGGCGAGCACGACGCCCGTGACGGTTGACGGGTGGCGGGGGACGGAAGA
CP034928.1_gap9	443032	447604	4572	GCTCGTCTCGTCGCGGACGAGCGACCCCCGCGCGGCGTACCAGTTCTCGGGGCTCGCGGTCGTCCCTACCCTCATTCCGCTGATCGTGTACTCCGTCCAACTCACGGCGGTGAACTTCCTCCTCGTGATCCTCGAGGGAGGAATCCTCGTCGTCCTCAACACGGTCCTCCTCTACCTGGCGGTGCGGCTGTTCCGGCGCGAGGAGATCCTCACCCGGTGGAAGTGAGACCGCCCCTCTGTCCGCCGGATTGGGTCCGGGATGCTGTCTTCTACCAGATCTTCCCCGACCGATTTCGGAATGGGGATCCGGCCTGTGATCCCCCGGGGGCGCAGGCGTGGGGGGACCCGCCCACCCACCACTCGTTCTTCGGAGGCGATCTGATCGGTGTTCGCGACGCCCTCCCCTACCTCCGGAGCCTGGGGATCAACGCCCTGTACCTCACGCCGATCTTCACCGGATCGACGAACCACAAGTACGATGGCGAGGACTACTTTCGGGTGGACCCTGCCTTTGGCGGTGACGAGGCGTTCCGGTCGCTCCGCTCTGCAGTGCACGAGCAGGGGGTGCGGGTCGTCCTCGACGGTGTGTTCAACCACTGTGGAGTCGGTCACCCGTTCTTCCGGGACGTCGCGGAGCGGGGAAGGTGCTCGCCCTACTGGAAGTGGTTCCTGATTCGCGGAGAGCGGCCTCAGGCCATCCCGGAGCCCAACTACGCGTGTTGGGCTGGACACGCGCAGCTTCCGGAGTGGAACCTTGACCATCCCCCGGTGCGGGATTACCTGCTGGCGGTTGTCCGTCACTGGCTCGCTCAGGGCATCGACGGCTGGCGGCTGGACACGGTGGAGTACCTTCCCCCCGATTTCGTTCGCGACATCTACCGGGTTGCCAAGAACGCGAACCCGCGGGCGTATGTCCTCGGTGAGACGATGGGGCTGGCCACCTCGTGGTTCCGCCACCGCGCTCTGGATGGCGTGATGCACTACAAGCTTCGGGAAGGCCTGGTCAGGTTTCTCGCTGAAGAGACGTGGGATGCCCCTCGGTTCGCCCTGTACGCCCGCGGCCTCTGGGCGAGCTACCCCCGCGAGGCGAACTACGCCTGCTACACGCTGCTGGGGAGCCATGATGTCCCGCGTTTCCTTACCCTTTGTGGCGGCGACGCGCGGCGGGTGGCTCTGGGGGCAGCGTTCCTGTTCGCCTACCCTGGTGCTCCCGCCATCTACTACGGGGATGAAATCGGGCTCGAGGGGGGGGAGGACCCCGACTGCCGGCGGACCTTCCCGTGGGACGAACGAGTCTGGAACCACCGCCTCCAGGAGACGTTCCGCACACTGGCCCGGCTGCGAGGGCAGGAGCCGGCCCTCCGACAGGGCGACGTGCGGTGGCACTACGCAGAACGGAGAGCTCTGGCCTTCTTGCGCGGACTCCCGGAGGTCGAGATCCTGTTCGCTCTCAACGCCGGCAATGAGGATTCCGCCGTGCCCGTTCCCCCAGGAGGCCGCTGGGCGGACCCTCTCACGGGGGAACGCCTGTCGGGACGTCTTCCGCTGGCGCCGCTCGGATTTCGTTACCTGAAACGACGCTGCAGGTAGCTACTCCTTCACCGCGCCGCCGGTGAGCCCGGAGATGATGAGCTTCTGGAGCGGAAGGAAGATCGCGAGGATGAGGAGCGCACCCAGGATCGCCGCCGCCGAGAACGCGCCCCACCGGCGGTCGTAGGCCTGCTGGATGAAGAACCGCAGCCCCACAGACAAGGTGTACATGTCTGTCCCCTTGAGAAGGATGCTCGCGAGGACGTACTCCGAGTAGGTGGTGATGAACTGGATGATGAGCACCACGGCGAGGATCGGTCGGGCGAGCGGGAGCACGATCCGCAGGAACGCCTGGAACGGTGTCGCCCCGTCCACGAGCGCCGATTCCTCCACGGACCGAGGGATCGTGTCGAAGTAGCCCTTCATGAACCAGGTGTTGAACCCCATCGCCCCCCCGAGATAGACCATGATCAACCCGGGGTGGGTGTTGTACCCAAGCCAGGGGATGAACTCCTTGATCTTAATGAGCAGGAGGTAGATCGCGACCATCGCCAGCATCTGGGGGAACATCTGAACGAGGAGTAGCCCAAGAAGCCCCGCCCGCCGGCCGCGGAACCGGAACCGCGAGAACGCGTACGCCCCAAGCGCGCACAGGAACACCGTGATCAGCGACGTGATTCCCGAAACCTGGAGTGTGTTCAAGATCCACCGCGGGAACGGGACGGTGGGGTCGGTGAACAGCCGACGGTAGTGCTCAAGGGTGGGATTGGCCGGGAACAGCCGTTGTTCGAGAAGGTTGTTCGTCGGGTTGAACGATGCGGACAGGATCCACAGGACGGGGAACAGGGCGTACAGGAGCGCCAGCCCGATCAGGCTGTAGCGGATGACGAGGCCCACGACGCTCGGTCGGCTATACACCGCGGCTCACATCCTCCAGCGCTCGGGTGAACCGGAAGTTCACCGCGCTGATCGTGGCGATGATGACGAAGATGATGATCGAAACGGCCGATGCAAGGCCGAGTTGGTTCCCGCGGTCGCCCTCGAACGCCAAGCGGTAGGTCCAGGAAATGAGGATGTCCGTCGCCCCGGCCGGCGTCGCCGCGCCGAGCACAGCCGGCCGACCGGCCGTGACGAGCCAGATGATCGTGAAGTTGTTGAACGTGAACGCGAACGATCCGATGAGAAGCGGGGCAACGCTCACCCAGAGCAAGGGCATGGTGATCGTCCAGAACCTCTGCCAACCCGTTGCCCCATCCACCCGCGCCGCTTCGTACATCTCCTTGGGGATGCTCTGGAGGGCACCCAGCGAGACGATCATCATGTACGGATAGGTGAGCCAGACGTTGATGAAGATGAGGGCTGTGCGCGCCCAGAACGGGTCCTGCAGCCAGCGCACCTTCGTGCCGAACAGCTCGCCGATGATTCGGTTGATCACCCCGAGGTCGGTGTTGAACAGCCCGGCCCACACGAGTGCGGAGATGAACGCCGGCATCGCGTACGGGATGATGAGAAGCGACCGGTAGAAGAACCGGCCACGAACGTAGGGGTCGTTGAGGAGGTACGCGAGCACCAGCCCGAGCCAGAAACTGAAGAACACCGTGAGGAACGACCACGCCACCGTCCAGCCGAACACCCGGGTGAAGTCGGCGCGGATGCCCGGGTTCCTCAGCACATCGAGGTAGTTTCTGAACCCGACGTAGATCTGGAACCCTGGCTCGATCCGCACACCGTCGGGCGAGGTGAAGTACCCCTCACGAGCCGTGTACACGATCCCCGTCTCGAGGTCACGTATCGCGTCAACGTCCCGCAGGTACTCGTACTTTCGGAGGTATGTTCCGAACTCGCGGACTGTGGCCAGGCGAACGTGGACCCCCTCCAACATGAGGTCCAACCGCTCGAGCGCGGGCAACGACTGGTAGATCTGGGCCAACGAGAGACGTGTGAAGTCGTCGAACGCGACGACCGTCCCGTCTGCTCCCTGGACGAAGCGGGGGTCGGCGAGGTCTACCGGGAGCAGTGCGCTCCTCTCTGACAGGTAGGACCGTCCATCGTCGGCGAGGAGGATCACCCGGAGCTCACCTTGAGGGTTCCGAAATGCCCAATAGGAGAACGTTGCGTGGTCTGGCGGGAGGTAGTAGCGGTTCTCTAGCTGGGTGATGACTTGGTTCTTGGTGAGGAGGTTTCCCGTCTGGAGGTTGGTGAGGGACACGTTGATCGTGTACCCGATCGGATACACCACCATCGCGAACAGGAACACAAGGCCCGGCAGGAGGAATCGCAGGGGGTACGCCCGCCGCGACAGGACCACGAAGTTGAGGAGGAGCGCTCCGGCGGCGAGGACGGCGAGCAGAAGATGGTCCCCGCGCAAGAGGAGCGAGACAGCGGCCCAGACGGCCACCGCATCCAATAGGGCGAGGATCCCGAGTTTGACCGCGTGTGCAACGAGCCCCCGCCCAGCCATAAAAGAGGACAGGGGGCAGCCCTAGGGCTGCCCCCTCGCGGTGTAGGCTACGGGCACTTCAGGGCGGCCTTGATCTTCTGAACCGCTTCCTGCAATGCCTGTTCAGGCGTTGCCTGACCGTTGGCGATTAGGCTCTGGGCATCGGCCCACGCGCCCCACACCGACGCCATCTCCGGGATGTTGGGCATCGGGATGCCGTTCTGCCCCTGGAGACCGAACGCAGCGATGTCGGGATCGCTCTTCACAAGCTCGAACGTTGGTAGGTGGGCCGGCGGCCGCGGGTTCCGGTGGTACAGCGCAAGCATCGTGTCCTTGGTCGCGATGTAGTTGAGGAGGAAATCAAACGCGAGGACCTTGTTCCGGCTGAACGAGCTCACCATGAACCCCTGAACGCCGATAAACGGCTTCGGAACGCCATAGGAACCATCGGCACACTGAATCGACGGGATCATCGCGATACCGTAGTCGATCCCTGCGGCCTTGGTATCGGCAACGAGCCATGGGCCGGAGATGACCATTGCTGCGTTTCCGCCGAAGAACAGCGCCCGCATCGTGTCCCACGAGACGCCTGCGGGAAGGAG
CP034928.1_gap10	460098	463744	3646	TCCCGCCCGCGTGGTCGCGACACTTCCGGTCGCCCTTCCCCACCCTCGCTTGCGTACCGATCCTCGCATTGCCCAGGCCCGGGCTGACATCCTGAAGAACCTCGCGTCCCATGCATAGGGTCCGGATCAGCGGGCTGCCCAGTGCACTTCTCCTCCTCTCACTTCTCGCCCTGTGGGAGGTCGCGGTGCGCCTGGCAGGGGTGCCACCCTACATCCTTCCCCCTCCAGCCCGGATCCTGGCCACCCTGGCCGCCGACCTGCCGCTGCTCCTGCGGCACGCCGGCACGACGCTGAGCGAGGTGGCTGCGGGGCTTGCGCTGGGGGCCGCCAGCGGGGTCACCGTGGCCCTGGTGGGGTTCTACGTCCCCGCGATCGGTCGTGCGCTCCACCCGTTCGTCCTCTCGTCCCAGGTGGTTCCCGTGTTCGCTCTCGCCCCCCTGCTCGTGTTGTGGTTCGGCTACGGGCTGTGGCCGAAGGTGATCGTGGTGGGCCTGATCACATTCTTCCCGATCGCGGTCAACCTGGATCACGGTCTGCGATCGGTCGGGCCCGACCTGGTGGATCTCCTCATCACGCTCGGGGCCCGGGAGGCAACGATCTTCCGGCTGGTCCGACTCCCAGCCGCGCTGCCGGCGGCGATGGCGGGTCTCAAGGTCGCCGCCACGGTGGCCCTTGCCGGGGCCGTGATCGGAGAGTGGATCGGCGGGCAGGGCGGGTTGGGGTACGTCATGATCCAGGCCAACGCCGTTCTCCGCGCCGACCGGGTGTTCGCCGCTCTTGTCGTGCTTACCCTGCTCGGGATCGGGTTGTTCGGCGCCGTGGCCGCCCTTGAGCGTTGTGTCCTCCGCTGGCGCCCGCGCGACTCCCGGCGCAAGATCGCGTCGCGATGAGATGGATGTGGGCCCTGTTCGTCCCGTTTGTCCTCGGCCACGGGGAGCCACTCCGGGTGATGCTCGACTTCTACCCGAACCCCAACCACGTCCCGCTCTACGTGGCCCAGGCGCAGGGGCTGTTCCGGGCGGCAGGAGTCGAGGTGGAGATCATTGCCCCCTCCGACCCAAGCGACCCAACGAAGCTTGTCGCAGCTCGGGCGGTAGACCTCGCGCTGACACCCCAGGCGAACTACCTCCTCGCCAGGGGGGCCGGCCTTCCCCTCGTGGCGGTGGGAGCGCTGATCGATGGGGCCCTGGGCGGCCTGCTGGCCCTCGAGCGGTCTGGCATCACCGACCTTGCCGACCTGCGCGGACGGCGGATCGGGTATGCCCTCGAACCCCTGGAGCCAGTCCTGTGGCGGACGATGCTTCGCCATGCCGGAGTGGAGCCGGCGGAGGTAGAGCTCGTCTACGTAGGGATGAACACCTTGTTCGCGCTCCTCGCCCGGCGCGTGGATGCCATTGGGGCGTTCCGGAACTACGAGGTCCTGGCGGTGGAGGCGCTCGGCGATCAGCCGCGGTTCTTCCCCCAGGAGGAACATGGGGTTCCCGACACCTATGAGCTCGTCCTGATCGCGCACCCGACGTTCGTGCGGGCACACCTGCCGCGCGTCCGTCTCTTCGTGCAGGCGCTCGCCGAGGCAATCGACTTCACCCTGGACCACCCTGCCGAGGCCCTGGCCATGTTTGAGGCCGCGGTTCCCGAGCTCGCCGGGGAGGAGCTCACCCGCCGCTCGTTCGCCGCCACGCTTCCCCGCTATGCGCGTGGGGTACGTCACGACGACGTTCCGCGGTGGGAGGCGATGCAGGCCTACCTCGTCGCCCACGGGCTGATTCCGCACGCCCTGCCCATCACTGACCTCATCACCACCGAGGCACTCCCGTAGCCAGGTTGCGGCCCCCTCCCTGGGGGGGTAGCCTCACGTCTCGTATGCCCATTCTGGCCGTCGATGATCTCCACGTGGCGGTTGGGGAGAAGCCGGTCCTGCGCGGGGTCGACCTTGCCCTCGAGCCCGGACGGGTCCATGCGCTAATGGGACCCAACGGATCTGGGAAGTCGACCCTCGCCCTGAGCCTGGCCGGCAGCCCGGGCTATGTGGTGACCCGCGGGAGAGCGATCCTCGACGGGGCTGACCTCCTCGCCCTTCCGCCCGTCGAGCGAGCGCGGAAGGGGCTGTTCCTGGGGTTCCAGTACCCCCCCGAGATCGAGGGCGTATCGCTGCGGGAGTTCCTGCGGTTGGCGTGCGCGGAGCGGGGCCAGGGGTTCTGCGAGTTTCACAAGAGCTACCCCCAGGCCATCGCCCGTCTGAAGATGGACGCGTTCGACGGCCGGGAGCTCAACGTCGGGTTCTCGGGAGGGGAGAAGAAGCGCTCCGAGCTCTTGCAGCTTCTTCTGCTGAAGCCGAAGGTGGCCCTGCTCGACGAGCCTGACTCCGGGGTGGACGTTGACGCCCTGCGCCTCATCGCCGGTGGGATTCGCGACCTGGCCGAGAGCGGCGCTGCGGTCCTCATCATCACCCACTACCCGCGGATCCTGGACCACGTTCCGTTGTCCGAGGTGTTTGTGCTCGATGAAGGCCGGGTCGTCGAGCAGGGAGGGCCCGAGCTTGCTCATCGAATTGGCGAACAGGGGTTCGAGGTGGTGCGCGGATGATCGGGAAGGGAGCCCCGCGTACGCTGACCCGTGAGTTCGTCGAGGAGCTCTCGGTCGAGAAGGGGGAGCCGGCGTGGATGCGTTCCCATCGCGAGCACTGCCTGGCCGTGTTCGAGCAAGCGCGCCTTCCGCGGTTCGGCCCAGATCTCTCGCAGCTCGACTTCACCGATCTCTCCTACTACGCGCGGCCAGTGGATCCCGTTCAGCGGTGGGAGGACCTCCCCGACGAGATCCGCCGCACCTTCCACGCTCTGCGGCTTCCAGAAGCCGAGCAGAAGGCCCTCGCCGGGCTCGGCGCCCAGGTCGACTCTGAGGTCGTGTACCGGTCGCTCCTCGACGAGGTCCGTGCGCAGGGCGTGATCTTCGCGAGCATGGACGCGGCGGTGCGCGACTACCCATGGATCCGCGACTACTTCATGAAGGCGATCCCGCCTGAGGACAACAAGTTCGCAGCCCTCCACGGCGCGGTGTGGAGCGGGGGAACGTTCATCTGGGTTCCGCCGGGTGTTGAGGTAGCCGTCCCGCTTCAGGCCTACTACCGGATGCAGACTGAGGCCGTGGGCCAGTTTGAGCACACGCTGATCGTCGCCGAGCCTGGCTCCTCCGTGCACTACATCGAGGGGTGCAGCGCGCCGAGGTTCGCCCGATCGGCGCTGCACTCGGGGATGGTGGAGATCTTCGCCAAGGAGGGAGCCAAGGTCCGGTTCACGACCGTCCAGAACTGGTCGAAGAACGTCTACAACCTGAACAACAAGCGGGCCCTGGCCTACGCCGGAGCGGCGGTGGACTGGGTATCCGGGTCGCTGGGGAGCAAGGTGACCATGCTCTATCCGACGACCGTTCTCCTTGGGCCCGGGGCGCGGACAGAGAACCTGTCGTTCACCTTCTCGCAGGACGGGATGTGGCTCGACAGCGGGGCCCGGGCCATCCACCGCGCGCCGGACACGACGTCGCGGCTCGTCTCGCGGTCCGTCGTTCAGGGGAGCGGCCGATCCGTGTTTCGCGGCACCGTGCACGTGTTCCCGCATGCCAAGGGGTCCAAGGCGCACGTGGAGTGCTC
CP034928.1_gap11	523018	527815	4797	TGTCGCATGAGGGGTCGGCGGGGAAGGATACGAGAGGGGTGCATGAGGGTCAATGGCTCAGTCCGCGGCCTCAGTTGACAGGCGAACGTAGAGGCGCTTCGCCGCAGCCTGTTCGGCCTCCTTCTTCGACCGGCCGCGCCCGATGGCCTCACCCGCGGGAAGTGACGCCCGGACTGCGAACACCTTCTTGTGCTCCGGACCCTCGGCAGCGATGACTTCGTACTGCGGGAGGGCCCCGAATCGGGCCTGACCCAGCTCCTGAAGAAGCGACTTGTAGTCGGGTGCGTGAACACTTGCTCCAGCTGAGATCCGAGGGCCCAGCAAGGTGTCGGCGAGGGTGCGGGCGGGGGCATAGCCATGGCGCAGGAAGACTGCGCCGAAGACCGCTTCCAGAGCGGACGCGAGAACAGAAGGGCGGGTTCGGGCGCCACCCTCGTCCGCCCCTTTCCCCACCAGGAGCAGATTTCCCAGACCTAGCTCGGCTGCGACCTCGGCCAGCACAGGCCGCGACACGGCTACCGCCCTCAACTTGGAGAGCTCCCCCTCATCCTGGTCCGGATAGAGGTGGAACGAAATGTCGGCTACGGCCAGATCGAGGACCGCGTCGCCGAGGAACTCCAGGCGCTCGTTATCGTCACCCCCGTGCTCGTTGGCGTACGAGTCGTGGGTGAGGGCGGTGCGCAGGAGGCCATCCGGCAGGTCCAGACCGAGCTGGGCGAGGACGGTGCGCAGGGGGTTGCTCATCGTGGGCGGCCCAGCAGGCGTTCGATCTGGCGGTTGATCCGGGTCGGCCAGGACTCGTTCCGATCGAGTGGGCTCACGAGCACCGTGACAAGACCCACTCGCCGCCCGCCGAGCACGTCGGTGAGCATCTGGTCACCCACGATCGCCGCCTCGTGGGGGGCTACGTGGAGCTGCTGTAGCGCCTTCTTGAACCCGTACCGCAACGGCTTGCGGGCGGAGCTCACGACCGTGATCCCCCTCGTGGCCAACTCCGCGGCGAGGGGGTGCTGCGGGGACAAGGGGGCGTTCGTGAGGATGGCCACGCGGAGCCCCAAGTCCTGCAGGTGACGGAGCAACCCCCACGCGCGCTCGTCCAACTCCCACACGCGCCATCGGCAGAGGGTGTTCTCAAGGTCGAAGAGGATGCTCCGAATTCCCTGCTTCGCGAGGGTGGCGTAGTCCACGTCGTGGACCGATCTCGCCACGTGGTGCGGTTCGACCCACTTCACGGTTCGATCTGCACCTCGCCGATGCGGACGTACCGTGCCGCGGACCGAAGGGTCCGCAGCGCCTCGTCCACGCTCTGCGGAGCGATGAACACCTTGAACCACTGCCGTGTTCCTTCGTCGCGGTATTCGCGACGGACGTTGGCGAGGCCGGGCCCAGCAGAGAACACTGCATCGAGGAAGTGAACCGCCTCCGGATCGGTCTCCACCCAGGCGGTGATCGCATCGCGAGGCCGGGGGAGGCGGTCCAGCGGAGCGAACCGGCTAGCCATTGCGCTCCTGTTCGGCGACGAAACGCTGCAGCGCGAGTTCGGGGTCGCATCCCAGCCGTCGAGCAAGCGCGACAGCCTCGACCAGGATCTCCGCCACGGTCCTCTCGGGGTCCGCCGTGCCGTCCGGAGCGGCCAACGGAGCCCGGACCTCGATTGGCCGGCCCGCCGCCTCGCGAAGCTCGACGAACTTCGCTGCCCGGACCAGGGCAGGCCGCGTTCGCGCTCTGGTGGGGCGCGGTTCGTGCTCCTTGAGTTCCTCCCACCGCTTCCGGACGGCCTCGACGGAGTCTGCCTGGCCTTCTCCGAACACGTGGGGATGGCGGCGGACGAGCTTCTCACGAAGAGTGTCGGCGACCTCCCCAATCCCGAACCGTCCAGCCTCAGCTTCGATCTGGGCGTGGAGGAGGACCTGGAGGAGAACATCCCCCAGCTCGTCCTGCATCTCGGCCACGGTCCCGTCCGTGATCGCCTCCGCCGCTTCGTAGGCCTCTTCGAGGAGGTACGGGACGAGCGAGCGGTGGGTCTGCGCGCGGTCCCAGGGGCACCCTGTGGGGCCACGCAGACGGGCGATCACGGCGAGGAGGTCGTCCAGCGCTGCCAGTGGATCGCGCAGGGCGGGCCGCTCGCTCATCGCCCCTGCAACAGGGTGATTCGGTCGAGCAAGGAGGTCACCTCGCCGGCTCGGAACTGGGGATCCGCAGTTTGGATGCGCCGGAGATCGGCCAGCGCCTCGTCGTTCTGCCCGAGTTCGACGTAGAGCTGCGCCCGCTGCCACAGGAACTCGAGGCCCGACGGACCAAGTGCGTTGGCGGCGCCTGCGCGGCCCTCCTCGGCCTTCACCATCTGGGTGTAGATCGAGACCTTCTGCTGGGGGGAAGTCGCCACCGCCAGCGCCTGCCGGTAGTAGTCCACGGCTCGGTCGTACTGGACCTTGGCCAAGTAGCAGTCGCCCAGCCCGACCAACGCCTCGAGGGTGCCCGGGGACAGCGCGAGGATCGCCTCGTACTGGGGAATCGCCCCGTCGTACTTGTACTGCTCGCGGAAGTAGCCGGCGAGCAAGTACCGGGTACGGATATCGGCCGGGTCGAGATCCACGATCTTGCGGGCGATGATCTCCTTGAGCGACACCGGGACAGCGCGGGACAGGGCTTGTCGGTACGAAGCCAGGGCCTTGTCAAACTCCCCGAGCTTGGCGTGGACGTCGCCCAGCCCCAGGTGCCCTTCTGGCCGGTACGGAAACGCGCGAATCGCGTCCTCGTGCCTTCGCTTGGCCTCCGCAACCTGACCGGCGGTGAGATGAGCTCCCGCCAACTTGAGCAGGGCCTCCGCACCCAGCCCGCGCCGGTAGGCCGCGTCGTAGCGGGCGATTGCGCCCGCGGTGTCTCCTTGGGCGAGGAGGAGGTCGCCGGAAAGAGTCAACGCAGTGACGTTGTTGGGCTCGCGGGCGAGGACCTCCTGGATCAGGGGTTGCGCGCTGTCGAGCCGGTTGCCCCTCACGTACGCTGCGGCGAGCTTGAGGCTCAGCGCGGTGTTCCCTGGCTGGAGGTCGAGGGCCTGGCGGTACGCATCGGCTGCCGGGCTGTAGAGCTCAAGCGCCATCAGGACGTCCCCTCGTCCGATGTACGCCGCGACGAAGGACGGTCGTGCCTCGATCGCCAGGCGGTACTCCGACTCGGCTTGGGTCCAGTTCCCCGCCTGACGGTACATCTCCGCGAGCGCGTATCGGGCCTCTGCGCTCTGGGGAGCGAGAGCCAGCACGCGCTGGAAGAACGCTTCGTCGCCCGTTCCCGTGTCGATGAACGCCAGGTATGCAGCGAGAGCCTGGTCTTTGTGCGTGGCCTCCTCGGCCCGCAGCCGGGTCAGTTCCGCCTCCTCGTCAGGGGTGCGTTGCTCTTTCGCCTCCAATTCGATGCGCTTCGCGGCTGCGGCGGTGAGCAGCTCCTCATGGAGGCGCCCGATGTAGTAGAGAAGGTATGGATCGTCGGACGTCCCCCCCGCACGGGCCGCGCTCAGCTCTGCCAGGGCCTTGGCGCGGTCGGATTCGTAGGCCATCGCCGCCGCAATGACCGGGTCCGTGGCCTTCACCACAACCCGCTCCCGCCGCGCTGCGTACCACTGGCTCCAGCGCTTGCTCTCCTCGTCGCGGACGTAGTCCGCTCGCACTCGATCACGGATCTCGGCGAGCGGCGGCACGGCCGCGGCCTGGCGTTCGAGGAGCTTGACGATGTGGAACCCCGCATCGTCGTCGACGAGCTTCACCTGGCCTGGATCGCTCATCCAGACGGCATCCGTGACCTTCTCCGAGAATGGAGACTCGGAGAGGGTGAACCAGTCGGTCTCCCCTCCCGTGGCCTTCGTCGTCTCGTCGATGGAGTACGTCCTGGCGAGGGCCCCAAAATCCGCCCCCGGTTCGTTCACTCGGGCTAGAAGCTCATCCGCCAGACGGGCCTCCCGGACGAGGATGTGCCCGGCCCGGATCTTCTCCGGTTCGGTCTGGTAACGATCCCGATTCGCCTCGAAGTAGGCGGCGAGCTCGGCGTCGGTCGGCTCCACGGGCCCCACCGCGAGCTGCCGGACGCGTTCCTCGCGCAGCTGCGTCTCTTGGCCTTTGGCGAGATCCTTCTTGTAGGCATCGAGCGTCATGCCCTGGAACCTCAGGATCTCCTCCAGTTGCTTCTCGGTAAGCCCGTACTGGGCAAGAAGAGCCTGGTACTGGGCCTCCACGGCTCGGTCGATCTCGGCCTTGGCGATCGTCACGCGCAGCTCCCGTGCCGCCTGGTCGAGGATCACCATTCGCACGATCTCTTCGGCGGCTTGGGCCACGTACGGCAGACGTCGGTACGCACCCTCCACCCCTTGAAGGAAGGACTCGAAGTCGAGTCCGTACATCGCATAGAGCTGCTTGTAGTAGTCGATGACGCTGGCGTACGTCAGCGAGAAATCCTGACGGGACGTCTTGCGGCCGTCCACAGTGAGGACGGTCTCAGCGGCGCTGCCGGGTGGTGGCGATGAAAGCAGCCTCAGGCCCCCTGCCACGACGATCGAGGCGACGAACCCGATCACCAACACCCAGATGATGGTCTTCTGATGCCGTTTGAAGAATCGGTTCATGGATCCTTGTCCCCCTGCTTTTCCTTGATCATCCGCTTGAGTTGCTGTCCGGCTGACCAGACACCGCCTGCGAGTCCCAGAACGATGCCCGCGACCCGACCCGCCCGGCCGCCGCCCAGGGCGTCCAAGCCGTACCCCAGGCCGAGACCCACCAGCGCCCCTCCCAGCACCGTGAACCCCAGTTG
CP034928.1_gap12	620125	624530	4405	AGCGCGGCGTGCGCTTGTCGGCCTATGCCCGGTGGTGGATCCGCCAGGCGATGGGCACCGCTATCGAGCGCCATGCCCAGCTGATCCGGATCCCCGCTCACCTGTTCCGGGCGATCGTGCGCTTCCACCGCCTGCGGGCGAGCTTCGGGGCCGAGGAAGTCCAGGAGTGGGGCGACCTGGTGGTGGCTCCGGGGATGAGCCTCGACCGCGTGCGGCAGGTGGAGAGATCTGTGGGTGATGTGATCTCGCTCGACAGCCCGATTGCGGACGATGAGGGGACGGAGACGCTCGACGAGATCATCGCCGACGAGATGCTGCCGGGCCCGGAGAAGGCTGCGCTGGAGGCCCTATTCCGCGAGGAACTCACTGCGGTTGTGAACCGCCTGCCGTCGCGTGATGCGCAGATCCTGCGCTGGAGGTACGGTCTGGAGGAAGCCACCCCCCGCACCTTGGCTGAGGTGGGCCAGGCCCTGGGGGTGTCCCGCGAGCGAGCCCGGCAGCTCGAGGAGCGGGCCCTGAAGCGCCTCAAAGAGGCGTGGGGGGAGAAGGCGCTCCAGTTCTACCGCCGCCTCATCGCCGACCTCTGACGCCCCGCGGGCCCACGGCCCCGAGCTCGCCCCTCTTTCCCCCTCATCCCTCCCGGCACAGCTCCTCACCGCCGCGAGCGCCGAGGACGCCGAGGTCACCCCCACTGCTACCACCACACACCCCAGGACACAGAGGGCTCGATGGGGACGAGGACAGGAAGGACCTCGGCTTGATACCCAGGGTCCCTCTGGTGTTCTTCGCGGCGTGGGTGGTGAAGGGGGTCGAGGGTCCCTCCGCGAACTTCGCGTGTGCAGTGGTCGAGTCCTTGCTTCCCGTGGGGACCCGGCCCTCTCCGCGGGGCGGAAGGTTCCGCGGTGCGGTCTCACGCCGGCTGTTAGCGGGCAATCAGCGCGCGGAACTCCGATTCGCTCAAGACGGGGATTCCGAGCTCGCGGGCGCGAGTCAGCTTGGTCCCCGGATCCTCCCCGACGACAACGTAGTCGACGCCGCGCGAGACGGCCGACCCCACCCGTCCCCCCAGGTCCTCCACGATCCTTCGAGCTTCCTCGCGGGTGAGGCCGGCCAGGGCACCGGTGAACACGAACACCTTCCCCGACAGAGGTCCGTCGCGCGCCACGGGGGCACGGGGATCGATCCCCGCCTCGGCCAGTTCGTCCACCAATCGCCGGTTCTCCTCGTTCCCGAAGAACGCGGCGATGCTGGCGGCGATCTCGGGTCCCACCCCGCGGATCGCGGTCAGGTCGTGCGTTGGGGCGTGGGCCAGGGCCTCGAGCGAGGGGAACCGCTCGGCCAACACCTCGGCCGCACGCTCGCCCACGTGGGGAATCCCGAGGGCGTAGATCAGCCGGGGAAGGGAGATCCCCTTCGAGCGTTCGATCTGGTCGAGGAGGTTCTGGGCGGATTTCTCCCCCATGCGCTCCACCGTCAGGAGATCCTCCTTGCGAAGACGGTAGAGGTCGGAGATCCGCTGCACAAGACCCGTTGCGACGAGCCGATCGACGAGCTTGTCTCCGAGCCCCTGAATGTCGGCCGCGCGGCGGGAAGCGTAGTGGAGGATTGCCTCCCGGATCCGCGCCGGGCAGGACAGGTTCTCACAGCGGTGGGCGGCCTCGTTCTCCAGGCGGACAACGGGGCCGTGGCAGACCGGGCACCGGTGGGGCATCTGGAACACCTGCTCGCCGCCGGTGCGGCGCTCAGGAAGAGAGCGCACGATCTCCGGGATCACGTCCCCCGCCCGGCGCACGACCACCCAGTCGCCGACCCGGACGTCCTTCCGGCGCACCTCGTCCTCGTTGTGGAGCGTGGCGCGGGACACGGTGACCCCCGAGATCTCCACCGGGTCAAGGTGGGCCACCGGGGTCAGCGTGCCCGTTCGTCCCACTTGGACGGCGATCTCCTGCACCCGGGTCGTGGCCTCCTGTGCGGGGAACTTGTAGGCGATCGCCCACCGTGGGGCGCGGGCGACCTCGCCGAGCCGCGCCCGCTGGGCGAAGTCGTTCACCTTGACCACCATGCCGTCCGTGGCGTAGGGGACCTCGTCTCGCTGCGCGAGGAGCGTGCGGTAGTAGGCGACGACCTCGGCGAGCTCCCGGCACAGCTTCCACCGGGGGTTGACGGGCAGGCCCAGGTCGGCGAGCGACCTCAGGAGCTGGTCCTGCGTCTCGATCGTGATTCCCTCGACCCGCCCCACGTGGTAGCAGAAGAGCTTGAGGGGGCGCTGAGCGGTGATCCGTGGGTCGAGCTGACGGAGGCTTCCCGCGGCGGCGTTACGGGGGTTCGCGAACGGGGGCTCCCCGCGTCGCGTTCGCTCCTCGTTGAGCCGTTCGAAGGCCGCCTTCTCCATGTACACCTCGCCCCTCACCTCGAGAAGCCGTGGTACGACCAGGCCTACGGGGAACAGCCGCAGGGGCAGCTGTCTGATCGTGCGCAGGTTGGCCGTCACGTCTTCCCCCACTCGGCCGTCCCCGCGGGTCGAACCGACCACGAACACCCCGTCCTCGTAGACGAGCTCCACCGATAACCCATCGAGCTTCGGCTCGCACACGTACAGCACCGGCTCGCCGCCCAACATGCGTCGCACCCGGTCGTCCCACTCCTGCAGTTCCCGCTCGGAGAAGCAGTTCTGAAGAGACAGCATCGGGATCGCGTGGGGAACGGGGCGGAACTCGTCTGCCGGGGGAGCTCCAGCCCGCTGGGTAGGGGAGTCGGGGGTGACGAGCTCTGGGTAGCGGGCTTCGAGTTCGACCAGCTCGCGGAACAACCGGTCGTACTCCGCGTCGGAGATCTGGGGCCGGTCGAGAACGTGGTACAGGTAGTTGTGGCGGTGGATCTCGGCGCGCAGCGCCTCGATCCGCGCGCGGACGTCGGGGGGGACCGGCATTCCCACTCCTAGGGGCGCTCGCCGCTGGCCCCGGGCTCCTTCTCGCTCCGCTCGTAGGCCTCGATGATCGCCTTCACGAGGGGATGGCGGACCACATCGCGGCGATCGAGATGGACGATGGAGATCCCCGGGATACCGGCCAGGATTCGGCCAACTTCGGCCAGTCCGGACGGCCGACCCTCGAGGTCGACCTGGGTGATGTCCCCGGTGACCACGGCCTTGGATCCGAACCCAAGCCGGGTGAGAAACATCTTCATCTGGGTATGGGTCGTGTTTTGAGCCTCGTCGAGAATCACAAAGGCGTGATTGAGCGTTCGCCCGCGCATGAACGCCAGGGGCGCGATCTCTACCCGGCCGTTCTGGATGTGCTTGTCGAGCTCAAGGGCCGGGATCATGTCGTAGATCGCGTCGTAGAGGGGCCGCAGGTAGGGGTTCACCTTCTGGAAGATGTCCCCCGGAAGGAACCCCAGCTGCTCGCCGGCCTCGACCGCGGGACGGGTGAGGATGATTCGCTTCACCTCCCCGCGCTTGAGGTAGCCGAGGGCCATCGCCACGGCGAGGTAGGTCTTGCCCGTGCCGGCGGGGCCAATGGCAAACACGGCGTCGCTGTCCCGAATCGCCTGGACGTACTGCCGCTGGCCAGCCGTCTTCGGGCGAATCGCCTCTCCCCAGTGGGTGACCTGCACGACATCGGTGAGCAGGCCAGCAAGGTTCTCCCCATCCTTGACCTGAGAGATGAGATATCGAACCTCGTCGGGGGTGGGTAGGTGATTGCCCTTCACCACTTCCACAAGCTTCCCGAGCAGCCGCTCCAGCTGAGCGACGTCCTCTCCCTCACCCTCCAGCTCGATCCGGTCTCCTCGGGTCACGATGTGCACCCCCGAGAACACCTGCCCGATGAGCCGAAGGTTCCGGTTGTACTGCCCCAGCACACCTACCGCTACATCGTGACTTCCGAACTCGATTTCAGCTGTCTTGCGCGCGATCCGTCCTCACCCCCACAAGATGTCCGTCGGCCCGTGCCGTCAGGCGGGCCCGCACGATTGTACCGCGGGGCGCCTCGTCTCCGCGCACCTCGACCCAGAGGTAGTTCTGGCTCCGCCCCCACAGCGCGCTGCCGCGCGCCTCCTCGACGACCACCTCGACCTCCGTCCCGACGAACCGCAGTTCAGTGTCCCGTGCCCAATGAGCAGCCAGGGAGGCGAGCTCCGCCGCGCGGCGCGCGGCGATCCGCGGGACGACCCGTGGCGCGAGCCGTGCTGCCGCTGTCTGCGGCCGGGGGGAGTAGCGGAAGACGTGCACGTTCAACGGGCGGAGGTCCTCCAGGGTTGCCACCGTGCGCGCGAACGCGTCCTCGTCTTCTCCCGGGAATCCCACCATCACATCTGCCCCGAGGGTCGCCAGGGGCACTGCGGCTAGGAACGTCTGGGCTCGCTCCACGTACTGGGCGACGCTGTAGGACCGCCCCATCGCCCT
CP034928.1_gap13	639178	640706	1528	CTGCGCAGGTGGCGTCGTTGGCCAGGTAGACGGGGCACCGGAAGGCGTGCTGGAGGGGCTGGGCCACCTCTACGCCGTTCCAGTGGGGGAGGTTGGGGAAGGAGACGATCCTGCCCGTCGTCATGTCCATCGGTGCCGGCGCCCCCACTCCGATCGTCGCGGGTTGGGGCCAGCCAGCAGCGGCCAGCACCTCGCCCACGGCCTCGACGACCTCGCGAATCCCCCGCGTGGGAAAGGCCGTTCGAACGACGATGCTCCCGTTGTCGATTGCCGCGACTCTCGTCTGGGTCCCTCCGACGTCCACGCCGATCGCTCGGGCCATGGCACCGATCTTACCGGGAGCGCTGGTGGGCCGGCGGGAACCGGTTCGGAGGGAGCGGGGTATAGTAGGGTGGAGGCTTCTGTGGCGAGAGTCCGACGCGTGGTGTGGCGCAAGTGGATGGCGGGAGGGATCCTTCTCGTCCCTGTCGCCCTCGGGTTCATCCCCGGCGTTCCCCACCCGTTTGTGAACATGTTCCTGTGGTGGGTTGCGACGCCACCACGGGTTGAGGTGCTCGCTCCGATTCCTGATGTGGAACGGGTGCTCGTCATCGCCCCTCACCCGGACGACGAGCTGCTCGCTTTGGGTGGGACGATCGCCCGGCTCAAGGCGGAGGGACAGCAAGTGCTGGTCGTCTTCCTCACGAACGGGGATGCGAACCGGGCCGCGAAGAGCCTGTTCACCCTCAACCCACTCCGACGACCGGAGGACTTCCGGGCACTGGGGTACCGCCGGCAGAAGGAGGCGGCGGCGGCGCTGCGGATCCTTGGGGTGCCCAAGAACGCCGTGATCTTCCTCGGGTACCCTGATCAGGGGCTGGCTTCTCTGCTTGGGAAGCACTGGAAGCGCGAGAACCCGTACACGAGCCCATTCACGAAGGCCAACTACCCGTTCTACAGCAACAGCTTCAACTCGTCGGCCATGTACTGCGGTCAGGATCTTGTGGATGATCTGACCCGGATCCTGCGGCGGTTCACCCCGACGGTGGTCTACTTCCCCCACCCCGAGGACGGTCACCCGGACCACCGGGCCTCGGTTCAGCTTGTCTTGGCGGCGTTGCTCCAAGCCGAGCTCGACGAGGAACCTGAGCTTCGCCTGTACGTGGTGCATGCCCCAAGCTGGCCTGCCCCGCGGCGGTTGGCGATCGATCAGGCGCTGACAGCCCCTGCGGGCCTCAGTCAGTGGCGATGGTGGAGTCACGAGCTCACGGAGGACCTCGTGGAGCTGAAGTTGAGGGCGATCCGCGCCTACAGTTCGCAACGTGTCACGAGTGGGCGGTTTCTGGCGAGTTTCGTCCGCCCGAACGAGCTCTACGCAACCTACGCTGCTTCTCAGCTTCCGGTGGGGGTGCCCACTCCAGGCAGGTGACGACGTACGGTCGGTGCGCCCCCTGTTCGATGCGCTCCGCCGTGCGGCGCAAGGCGGGGTGGGAGAGAAGCGGGCGGTGGAAGAGCCGTGCCGCCGGCCACGGCCCGACCAACACGAGAT
CP034928.1_gap14	669367	670369	1002	CCCGCGGACCAAGGACGCGATCGCTCTTCTGGCCAGGCTGTCGTGTCCAGCCAAGACGCTTGTGGTGGTGGCCCCCGACGAACACGTGGTTCCGGTTACGAAGTCGTTCAGCAACATCCCGGGGGTGACGTGCCTGCGATCCGATGCGGTCACGGTGTACGATGTCCTCGCTCACGATGGGCTTCTTCTCACCCAGCGGGCGGTCCAGGCGTTGGAAGAGAGGGTGAGCCATGGCTGAGCGCGAGATCCATCTCGAAGACGTGGTCCTCCGCCCGGTTCTCTCCGAGAAGACGTGGCGGGGCATGGAGGATGGGAAGTACACGTTTGAGGTCGCGGCCGATGCGGGGAAGAACGAAATCCGCTCGGCGGTGGAAGGTCTGTTCGGGGTCAAGGTGGCGCGGGTCTGGGTGATGAACCGCTCGGGGAAGCCCCGTCGGACCCGCATGGACCGCCGCCATGGGCGCACGCGGGGCGAACGGCGAGCGATCGTCAAGCTTGCCCCCGGTCACAAGATCGACATCGTGGGGTGAGGTAGCATGGGCCTGAAGAAGCTCAAGCCGGTTACGTCAGGTCAGCGCCATGCCGTGGTGCCGGACTACAAGGAGCTGACGCGCAAGGGTCCTGAGAAAGGGCTCGTCGCACCTCTGTCCCGCAGCGTGGGGCGCAACAACCAGGGGCGAATCACGTGTCGCCACAAGGGGAGTGGGCACAAGCGTCGCTACCGGTGGGTGGACTTCGCCCGCGAGAAGCACGGGGTGCCGGCGCGCGTGGCGGCAGTCGAGTACGACCCCAACCGGTCGGCGTGGATCACCCTTCTCCACTACCGGGACGGTGAGAAGCGGTACATCCTTGCCCCGCTCGAGCTTCAGGTCGGGGACACGGTGGAGGCAGGCGAGCACGCCGAGCCGAAGCCGGGCAACGCCCTCCCACTGGAGCGGATCCCGGCGGGAACGTTCGTTCACAACGTGGAGCTGCGTCCCGGTTCGCGGGGCAAGGTCGCCC
CP034928.1_gap15	726952	727730	778	GCTGCCGGCCGATCGGCCGGCGGTTCTGAGGCGACTCCCGGATGCCACAGCGTCCCCTGCCGGAGGTAGACCGCCCCCGCCACCGCCAGCGCGAGCAGGGCGAGCGCCCCCACGCGGAGGAACACCTTTCTCTTGTCTAGGGAATCGCTCTTCGGCGTCACCCTCTCACTCTCCTGCTCGGTCTCGTCCACGCAAGGCGTTCCGGATCGCCTCCACCGCTCGCTCCCGGTCCTCCTCCGTCAGGGCGGGCGGGGGGCCCTTCTTGATCCCCGGATCGTGCGTCAGGACCAGGGCTGCGGGGGGCGGAAACCCCGCCCGCTCCGCGATCCTCCTGGCGCAGGCTAGCGGACAACCGTCCACGGCCGCGACCCGTTCCGCCTCCCGCGGGCGCTGCTGGACCATCGGGTCCCCATTGGCGAGCGAGGCCAGGCAGAAGACCGTTCCTTCTCCCGCCGTGACGACCTCGAGCGCCGCCAGACCGGTCAAGGTCCCCACGCTGGCCATCCCCCCGAAGCACGCCAGCAGCGCGCGCGTTCTCGCCGAGCCTTCGTTCTGAAGACCCCAGCACCCGCTCATCCTCCGATCACCGTCCCGTAGAGCTTTCCCGCCAGCGTGGACAACACGACCACAACTGCGATGAACGCGGCTGTCTTCTTCGTCCCGAGGATGCGGCGGATGACGAGCATCGAGGGCAGGGACAGGGCTGGGCCAGCCAGGAGGAGGGCGAGGGCTGGCCCCTGGCCCATCCCGGAGCCGAGGAGGCCCTGGAGGATCGGAA
CP034928.1_gap16	731774	736140	4366	GCTCCCTCTGCTTCTGGGTGAAGAACTCCTCGACTCTGTCCAGCACGGCGTGCACCACCGCCGCGTCCTCTCCTTCCACGGCGACCACCAGATCGTTGGGTCCGGCCGAGGCGAGCCACGATCCGGCGAACCCCAGCCTGGTCAGGAGCTCCTTGTTCGTGGCCGTCCCCATGACCGCGGCGGCCTGGCGAATGCCGGGCTCCCGCTCCATACGTTGCCGCACCTGCATCAGGAACATCGAGTCGAAGTAGCGGTTCTCCCGCACGATTCCGGAACGGATCATGACCCGGTCCTCACTGCCCGACCTGATACCGCTGGCCGAAGCGCAGCAGCGCTTGGCGGAAGCACGCGATCGGCGGGCGGACCCAGCCCGCGCCAATGATCGGGTGCCCCGGCTCGCGGTGGGCGATCGCGGTATCGATCACGGGGAGGATGTTCTTCTGGAGGACTTTGCGGATGTCGATCCCCACCGCCGCCCCCCGGAAGTCGAGGGCCGGGATCCGATAGTCCGGACTCTCCCCGACCGTGATCTCACGCATCTCCCGCGTCACGGCGAGCGCCTCACCGACCGTCCCCCCAACCAGGCTGAGGATCCCCGGAGCGCCGCCGAGGGCGAACCCCCCCCATCCCACGACCTCGGTGATCGCCGAGTCGCCCATGTCCAGACCCGCATCCTGGGCGGTGTAACCAGGGAGCATCAGTCCCTCGACCGCGGGGGCCGGGGCGGTGAACCACTCCCCGCCCAGGCCGCTCACCCGGATCCCGAAGTCCGTCCCGTTGCGGGCCATGGTGGTCACGACCGTGGAGTGGGCAACGTCCGAGGCCGGATCCGCAGCGGCTTTGGCCGCCGCCATCGACAGGCCGAGGAAGAACACGGGGTGGTTGCCCAACAGCCGGAGGGTGGAGATCGCCTGCTCCTTCGGCAGCCCGCACTCGAGGAGAGGGATGGCCATCGCGTTGGCGAACAGGCTCGACGCCGCGACCTGCCGATTGTGCAGTTCGTCTCCCATCTCCAACGCCCGGGCGATGATCGGCTTCAGCGGGAGCCCCCCCAGCGCACGCACCGCCCTCCGCAACGCCGGCCCCCACACCTCCCGCCAGGTGGTGAGGGTTCGCAGCGCCTCGGGTCCGTAGTCCCCGAACTGCTGGCGGCTCTCCACGGGCCGGCAGTACGCCCGGTTGCCAGACGCTCGGTTCTCAACCACGAACACCGGCAGCGACCGCGTGATCGTGCCCGCCATCGGGCCCACCGCCCCGTGGTGGTGATTCGGCTCGAGGACCACCCCTCCCGACTCGAACAGCGCTCGGGCCTCATCGGGGGTCTTGCTCCACCCCTCGAACAGGGCCATGGCGAGGGCCGCACCCTTCTGGGCCCCGCACATCCGCGGCCACGTCACGGGCGGCCCCGAATGGAGGACGACCCGTTCCGCCTCGCCCAGGCGCGGGATCACCTCGTGGGCCGGAGCGACGTCCACCAACACCGGGTCGGCCGCCGTGATCCGGCGGAACACCTCTGCGTTCGCCTCTTCGATGAGTTCCTTCACTGCAGGCACGTCACGTCTCCTTTGCACGTTCAGGCCGGCCACCACGCCGCGCTCAGTACCCCGGCCACCAGGTCCCGTCCCGAGGAGTGCCCGAGCTGGCCCAGGTCCCGCAGGGCCGTGGTCAGCTCCGTCCTCCCGGCGGGCGCCACCAGCCCGGCCACCAGCTCGTGGAGCGGACCGGGGCCGTGTCCGTACGCCAAATCGCTCAGGAGCGCATGGCTCACTGCCCCTGTCCGGCCCCGCACCCCCGACAGGAATCCAGCTACCTGCCTCCCATCCCAGCACCTGGCGCCGACAAGCGCCCGATCGAGCTGATGGAGCGTGAACAGGAGCCCGCCCAGGTAGTCGTCTCCGGCGGGCGTGAACCCCGGGCCCAACCCGACCAGACCCCGGCCCGCTGTCAACAGACTCGCTAGATCGCCTGCCCGACACGCGGTACGGACTCTCCCCGCCACCGCGCAAGCCGCGCGGACGAACAGCCTGTCGACCCGGTCGGCGACTCCATCCAGGGGAAGCCCGATGACGTGGCGCAGGAACACCCCGTCCCGCGCCCCGCCCGTCGTGGCCCGCACCCGGTTTGCCACCGCGGCGAACCGCTCGCGGACGGCCGCTGGGTCCACCCCGCTCGCCGGCGCCACCGCCGGCGGGCACCACAGGCGCGCGGCTCTGAGGTCGACCCGATGCGCTCCAACCCTCACCACGCCACCGTCTGCGACAAACCGCTCCCCGGGGCGGACCCCTTCCAGGCCGCCCGGCACGTGGAGATAGCGCCGATGAGGAATGGAGTGTCCTGTGCAGGCCCACACCACCTCACCGGCGTCGGTCGTGAGGTAGACTGCGTTCGCAAGGACAGCCACCACCGCGCCCTGGGCCGTCCGTGCCGTCAGCACCTCGCGGGCCACGGAGCCGATCGCCGTGGCCCGCGACGCAGCGTCTCCGACCGCCACGACGCCCGCGGCCTGACCCATCTCCTGCACACACGTACGCACCAGCTCGTCCTCCGCACCACCCGCCGACCGCCAGGGACCGGGACGCCCCCGCCGACGCGGTGTCCGGCACGGGGCGTCCCGACTCCACCGCCTACTTCGGAGATCCGACGATCCCCTCCACGAACCAGTCGAAGTCGCCCATCTTCTCATTGCCCCACACTTCGCCGTCGGCAATGCGGACGACACCGTTCTGGTCCCGGATGGGACCCTTGAAGGGCTGGATGAGTCCAGCCTTGAAGTCCTCCGCCACGGCGAGCACCTGCTCGCGAACCTCAGCGGGAACCCTCCCACCGAAGGGCGCGATCTCGAGGAACCCCTCAGCCAGACCACGGCGAACGAACCCGGTCCTCCAGGTGCCGCTGATCACGGCCTGGGCGCTCTCGGTGAAGTACTTCCCCCAGGTCAGGCCGAGGCCCGTGATCCACCCGTCCGGCGCGTACCGCCGCGCGTCGAGGGACATGAACCCGATCGTGTACTTCCCAGCGGCTTCGACGGTCTGGATGACCGCGATCGGCGAGTCCAGGTGCATCGTGATCACGTCGCACCCCTGGTCAAGCAGTGCCTGAGCCGCCGCGGCCTCCTTGGTCGTGTCCCCCCAGCTGAACGTGAACAAGACGTGCGTTGTCACGGTGGGGTTCACCGCGCGGGCACCGAGGTGGAACCCGTTGACGTTGCCCAGCGTGTAGCCGAGGGGCATCCCCGCGACGAACCCGATCTTGTTCGTCTCCGTCATCAGGCCGGCCGCGACGCCCATGATGTAGAAGTGAAGCTGAGTTGTGGCGAAGAAGTTGCTGAAGTTCGGCCGTACTTCCCACCCACCTGGGTGCATGAACACCACGTTGGGGTGACGAGCGGCCACCGCCAGGGCGGGGTACTGCAGGGGGAACCCGCAGGGCAGGATCAGCCGCGCCCCCTGCCGAATCATCGTCTCCATCACGCTCTCCGCCTCGGCGTCCGTGACGTACTCCGCAACGATCAACCGGATGCCGGGGATGTTCCGTCCAACCTCCAGCGCCGCATCGTAGAACGACTGGTTGTAGCCCGCATCGTTCTTCGGCCCCGGAAGAAGCAGACCGATGGTCAGGACGGGCTCTGCCGCCACGACCATCCCGCCCAGGAACAGCCCCGCCATCACCGCCGCCCATCCGAACCGCGTCATCCATGCGTTGACCCTCATGCGTGCCCTCCCTTCACTTGCACAGTCCACAATCCACCACTTCCGACCTGTTTCGGCTCGATCCGGTTCGCTTCCCTGTGCCTCACCTCCCGTGCGGTCTATGCTCACGCCTCCCATGCGCTTCGATTGCCCCAGATCTCCCATTCCCACGGTCACTCCTCGCCCAGGTACGCCCGACCCAGGGCGCCAGGTGCCGCAAAGCGCCGCGCGCCGCTCCACGCCAGGAGCACCCCGAGTGTCAGGACGTACGGGATCATGTTGAGGAGGAACGGCGACACCCCGGCGCCCATCGCCTGCAGCTGGAGCTGGAGCGTGACCGCTCCCCCGAACAGCAGCGCCCCGACGATCGCCCGCAACGGGTGCCACTTCGAGAAGATGACCAAGGCCACCGCCACGAATCCACGGCCTCCGGTCATCCCTTCGGTCCAGGTCCGTGCCAGCGCGACCGAGAGGTGGGCCCCGGCCAGTCCCGCCAGGAACCCGCAGGTCAACGCTGCTTGGTACTTGAGCGCGCCGATCCGTCGCCCCGCCGCAAACGCGGCGGAAGGGTTCTCGCCCACCGCCCGTAGGCTGAGCCCCCATCGGGTGCGGTACAGGGCCCACCACACGAGGACCGCCACCGGAACCGCGAGGTAGACGACGAGGTCGTAGTTGAA
CP034928.1_gap17	738039	742598	4559	CCAGCCCCCCCCACCGCGCATACCCAGCGACATCGCCCAGCGCAGCGTTCTGGGACAGGGTCATCCACGGGACGACGGCCATCCCCAGCGGGTCCTCGGGAACGAACCCCACACCGCTGGCGCGAATCCGCGCCGCACTCCACGCGGTCGCGTTGACTCCGTGAAGCCACCGCTCCCCCCCCGCGCACGGGATCAAGCCGAGGATCACATCCACCAGCTCTCGCTGCCCGTTTCCCGACACCCCAGCCACGCCCAGGATCTCCCCGCGGTGGATCTCGAGACGTACACCCCGCAGCGGAGTACCCGCACCCTGTGGCCGCGTGCTGACGCCGCGCAGCGCCACCAGAGGAGGCCCGTCGGTCCCCACCGGCACCGGGGCAACCCCGGCATCCTGGGGGGCAGCGTCGCCGAACATCAGCCGCACCAGCGCCGCCTCGGTCGCCTCCGCCCGCCGGAGGGTCCCCGCGACCCGCCCCCGCTGCATCACGGTGATCCGATCGGCGCACGCCAGCACCTCGCGCATCTTGTGCGTGATGAAGACGATCGCGTACCCATCAGCTTTCAGACGCTTAAAGACGTTGAACAGGCCATCGATCTCGTGCGGGGCGAGAACCCGGGTCGCCTCGTCGAACACCAGGACCTTCGCTCGGCCGACGAGCAGCTTGAGGATCTCCACCTTCTGCTGGTCCCCGATCGGGAGCTCGCGCACCGGAGCGCGAGGGTTCACCTGCAGCCCGTACCTCTGGCCTAGGGCCACGATCTGATCGCCCACGCGCCGCGTGTCCACCACCGCCGGCAGCTCGGGGAGGTACAGCGCGATGTTCTCCGCTACCGTCATCGCGGGGATGAGGGTGAACGTCTGGAACACCATGCCGATCCCGTGGCGTCGCGCGTCGTGCGGGGAGTGGATCTGCACTGGACGGCCCTGTAGCCGGATCTCCCCACAATCGGCACGGTAGAACCCATAGAGGATCTTCATGAGCGTGCTCTTCCCCGCCCCGTTCTCCCCCAGCAGCGCGTGGACCTCTCCCGGCTGAAGGACGAGGTCCACCCGGTCGTTGGCCACCACCGCGGGGAAGCGCTTGGTGATGCCCCGCAGCTCCACCATCGGCCCGGTCTCTTGGCTCGTCTTTACCATGTCGGTTCCCCCGCGGTTCGTGTCCATTCGCCCATGGAACAGGCTTAGACAGCCCATCCGTCAGGAGCATTATGTGTGCTGGCAGGGACACCACAAGTGTGAAGGCCGAACAAGCTATAGCCGGTTCATTGTCAAGAGATGACAAATCGCCGGGCGACGGTTACGCGGCCCCCGTTCCGGCGACGAGGGGGTACAACTGGAGGGCCACCTCCAGGGCGAGCCGCTGGTTCGGATCGTCCAGCGCGGCGCCGACCACCTCACGGATCCTGGACAGGCGGTACCGCATCGTGTTGTAGTGGATCCCCAGGGCCCGGGCGGCCCTCCCCAGGTTCCTGTTCTCGGCGAGGTACACCCGCAGCGTCTCCACAAGCTGGGATCCCAGGGCCCGGTCCCGCTCCAGCAGAGGCCCGAGCACGTCCTCGCAGAACCGCCCCACCCCCCCGGGCAGGTCGGTGCGGGAGATGAACCGGAACAGCCCGAGATCCTCGTACCGTGCGACCACACTGGTTGCGCGCTTGTGGATGACCTTGCCGACCTCGATGCTCTGCACCGCGCACTGGTAGGCATGCCGGAAGTCGGCCAGGTCCTGAGTCAGACCGCTGATCCCCACCGACACGGTATGGGGGGCATTCTGCTGCTCGATCCGCAGGCACACCTGGTGGAGCTCATCGATCAGCGTCTTCCCAGCTCGGGGCGCGTGCTCCCCCCCCTGGGGGAGGAACACGACGAGCCGGGACCCGTGGCGCCAGAACGACGCGTCGGGGTGCGCGATCCGAACGTAGCGCCGCGCGAGGTGAAGGCTCGAGTCGATCCCGCTCTGCCGCACCCGCTCTGCCGCCGCAAGGAGCGTCCCCGACGGTAGATCCGGTGTCACCACCACCACCCAGAATGGCGGTTCGAGCTGGGTTCCCATCCCCGCAGCGAGCTGCCGGGCGCTGTCCCGCGCGGCGGCTCGCTCGGAGAGCAACCCCTCCAGAATCTCGTTTTGAAACTGCTGTTCGACCTGGCTGAGGGACCGCGTCTCCATCATCTTCAGCGCGATCACGGTTGCCCCGTGCTCGAGCGCTACCATCTCCGCCGAATGCAGCGGGGGCGCCAGTTCCCCCCACACGATGATCTCTCCGAGGTCGAGCGAGCTCACCCGGATTGCCCGCGAGAGGTGGACCAGCGGCCCTGCCGACGTCGGCACCACCAGCCGCCGCGTGCTGCCGCCCGGGAGCACGTCGCGCGGCACCGGAGCGTAGTTCGCCCCGAGGTACACGTCGCCGGTCGCGTCCTTCTCCAGGAACTCGGCATGCTCGTGCGCCTTCCCCGCCACGACGCCGGAGCCCAGCACCCGACGGAAGCGGTCGACGATCGTCACCGGCCGCCCCACGACCTGGGCGATCACGTGGGCGATGTCGGAGTAGCTCCCCCCGCCCAGCACGAGGTCCACGAACTGACGGAGCGTAGCTTCCGACTGCCGCAGCTCGTTCGCCTGCAGGTTGAGGATCCGGCTCGTGAGGGGCTGGATGATGTCGATGAACGACACCCGCGGGGGGAGCTCGATGAGGGGGAACCTTCGCTCATCCGCCGCATCGAGCATGCACGGCGGAAGCTCTCCGATGTAGCTGTCAGGGGTCACCGCCAACCCCGCGAGGCCCTTCTCGGCCAGGCGTGGCACCAGGGTCTCCACCGCGGCCGCGTTGTCGCGGAGGGGATAGAGGGTGGTCACCAGCAGCTCGCCGGGGTGGACCCAGTCGAGGATGTTCGGCACCTCCATGACGTTCACCGACCGGATGACGTTGTCCAGGCCGTCCTTACCGGCCACCACCTTCGCCCTGCGCAAGGGCTCGGCGATCGTCAGAGCTTCCCGAACCGTGAGCGCCATCGCGTTCTCCCGCTGCCGCCGTCGGAAGGGAGTCTACTCGAGCCGCCGCCCCCCCACCCAGGCCCACCCGGGGCCCGGGCCCGAGGGCGGGCTCGGGCTCCCCGGGCCGACCGCGACCCCTGCTGTCCGGAGTGCCGTTCCCATCGATCGCTCGCCTGCGGCCCGGCCGTCGGAGCACGCCCCGGCCGCACCGCGGTCACCGCCGGACCCCCAACGGCCCCACCCCGCGCGGGAACAGGTCGGCCCGGAACGCTGTCAGGACGCGCTCTCCTTCCCCGAGGAGCGCGACGAACTCGCTTCCCCGGGCGAGGAGGGTTCCCCCGAAGGCGCCGGTCTGCGCCCAGTAGCGGTCCAGCACGACCGCGGTCCCCCCAGCATCGACCTCTACCACCCCGTGCCATCGCAGCTCGCCCGTGCCGTCACCGCCGGTGCTCGCTCCGGATCTCCCGCCGGGGCCGGTCGCCACGCCGATCGTGGCCAGGGGGAGCACCCCATCCTCGGCGCGGGCTGCGTACAGAGCGGGGAGAACGACGTACGCGGCGAGCGTCCCGGCAAACAGGGCGTTGCCCTCGGGCAGTGGCAGCTCCCGCTCGTCATTGCCCACCGTCACCGTCGCCACCCCGCCCTCGACCCGCGCCGCGATGCGCTGGTTCCCGAACCCCAGCGGCCCTCGGGCCTCCAAGGTGTACGACCGGGGACTCAGGTCGGGGCCCCACTCGATCTCCTGGTCGAACGACACGCTCACGGTGACGAACAGGACTCGGAAGAAGAACCGGCCGGAGGAGGTCAGGTTCACCGTGGCGGCGTTCCGTCGCACCAGCCGGTACTCCTCCTCCGCGACCCGCCTCCCGTCGAGGTCGTACACCAGCCGCCCCGCTTGGACGTAGCCCACCGGCAGCACGTCCGACAGCGGGCGGACCGCCGTGGCGGCCGGGGCACCGGCGTCCAGCGGCTCCTCCTCGTCCGCGTCCACGACCTCCAGCGCCGGAGGAGAGGCAGGGGCGGGCGGGGTGCGCCACTCCGCGGGGATCCCCTCCGACTTCGGCACGCTGGGCGGGGGTGACCACGGGCGAACGAACGCGAGGAGGACACCAGCGGCGATGCTGACGATCCCGCCGATGACGAGCCATCTCCGTCGGCTTCGCTGTCTGGACACCATGGTCTCGGTAACCAGTCTACCCGATGCGCTGTCTGAATCCGGTGCCGGGATGGGCTAAGCTACCCGCAATGGAGCTCGCGCGGTCGTTCGGGATCGTCGTCCACCCGACCAGCTTCCCCAACCGGTGGGGAATCGGAACCCTCGGTGACGCGGCCCGCGCCTTCCTGGATTGGCTGGCCTCGGCCGGGGCCCGCTGGTGGCAGGTGCTCCCCCTCGGGCCCACGGGGTACGGGGATTCGCCGTACCAGTCGTTCTCCGCGTTCGCGGGGAACCCGTACCTGCTCGACCCGGACGAGTTCGTCGCCCGGGGCTGGCTCCCCGCCGGGCCGATCCCCCCAGCGCCCCTCGACCGGGTCGACTTCGGGTGGGTCTACGCGACGCGGTGGCCGCTC
CP034928.1_gap18	771856	774963	3107	ACACCACCATCCGGTACCGCGAGAACATCGTGTGGATCGATCTGGAGACCACCGGGCTCGACCCCGAGACCAGCGTGATCCTCGAGATCGCTGCTGTGATCACGGACAAGCACCTCAACGTCCTCTCCCAGGAGTCGCTTGTGATTCACCATCCGAACGATGCGCTCGTGGGCCTCGACGAGTGGGTCCAGACCCAGCACCAGGCCTCGGGGTTGCTCGACGAGGTCCGCCGGTCGGCCGTGGGCCTCACCCAGGCTGAGGAGCGGGTTCTCGGCCTCGTTGCGGCGCGGTGCCCGCCTCGGGCGTGCCCGCTCGCCGGGAGCTCCGTCTGCTTCGACCGCCGGTTCCTAATGCGCCACATGCCGAAGCTCGAGGCCCACCTCAGCTACCGCCAGATTGACGTGAGCTCGCTCAAGGAGCTCGTCCGGCGCTGGTACCCCCACAAGGCGCCGCCGAACGGTTCCGAGGCCAAGCACCGGGCGTTGCCCGACATCCTGGAGTCGATCGAGGAGCTGCGCCGCTACCGGGCGGAGGTATTCGTTCCCCCGGCGGGGCCCCTGCAGCTTCCCCTCGACTAGATCTCGACGAGCTCGAGGTCGCGGGCCGAGTGGATCGCCGTGCCGGGACGTAGCACCGCAACCCGCCGGAGGGTGCCCCCGTAGGCCTGCGACGTGAAGAGCGTCAGGCAACGGTCGCCGTAGAGGTAGGTGGGGGAACCTGGCTGATGCGACCGGACGAGGACTGCGATCCCGAGGCGAGCAATGACCTCCGCGAAGTAGTCCCGGCCGAACGCGGGACGCCCCGTGTCCCCGGCTCCGAACGCGTACCCGGGGGCGTCGACCCAGTCGCCCCACGTGGTCGCCCGCCACGCCGGAGAACCAAGCGGGAGGCGCGCGATCTCTCCCAGATCGCCGACGTCGGGGAGGGCCCCGTGGAGGGCGAGGACCCCCGCTGGGTGGTGGGCGGCCAGCGGAAGGGCGGCCAGAACCTCCTCGAGCGCCTTCGCCTCGGGGGGGGAGAGCTGCTCCCAGAAGTCAGCCGGCGAGAACCGCTGCACTGCCCACGCCTCGTGGTTGCCCATCAGGAGGTGGACCCAGTCCGGGTGGGCGAGTTTGGCCTCGACGAGGAGCGTGAGGTTCCCGAGCGAGTCCGGCCCCCGATCCACGTAGTCCCCGAGGAACACGAGAACGTGCTCTCCCGGAGGGAACCTGTCCAGCACCCGCGCGGTCGCCTCGCGGTCCCCGTGGGTATCCCCCACGAACACGGTTGTCCGGGCGGGAGGCAGCGAGATCAGACGCCGACGGGCGTCCAGCACCCGCGCCAGGTGTCGCGCCCGATCTCCGAAGGTCACGGGTCAACCGTAAGCCCTTCCCGCAAGGCGGTCCAGCGTCTCCAGCGAGAGCGCCTCGCCACGGACCCGGGGATCGAGGCCGACTTCGGTCAGGATCCGGTCCACCTCCGCCGCCGGAAGTTGCCCGAGGAGGACCCGGCGGAGGGTCTTCCGCCGACTGGAGAAGACGAGGGCGAGCGTCCGCTCGAACGCGTCCTCCGGCACGGTGATCCGCGGCTGGGCGAGCTTCCGCAGCCGGATCAGCGCCGAGTCCACCTCTGGCGGGGGGAAGAACACGGTGCGCGGTACCTTGCGTACCACCTTGACGTCGAAGTACGCCCGCAGGTGGACGCCGAGCCGGCTCGCCTCCGGCCCCGGCGGGGCGACAAGCTTTTCCCCCACCTCCCACTGAACCATGAACACCGCCCGCGCCACTTCCTCCCGCTCTCGGATGACCTTCACAAGCACATCGCTCGTGATCCCGTACGGCAGGTTCCCCACGAGGAGGAGCTCTCTCCCCAACGCTCCGAGCGAGAGCTCCCGAAAGTCACTGCAGACCATCCGCACGTTGGGATGAGCGGCGGTCGTCTCCTCGAGGACCGGGATCAACCGCCGGTCCACCTCCACCGCCACGAGATCCCGCACCCGCGGGGCGAGGGCGCACGTGAGGGTCCCCGCGCCCGCGCCCACCTCGACGGCGGTTTCATCCTCCTGCGCTTCTGTCGCCTCGACGATCCTTGCCAGGGTGTTCTCATCTGCCAGGAAGTGCTGGCCGAGCTCGGAGCGCAGGTGGACCCCGTGCCGGGCCAGGAGATCGCGGAGTACTGTGGGCGACGTCAGCTTCCCTGGCATCTCGTGCATGATAGCCCGCCCTGCGCGTGCCGGGCTGCGGTGGTCCGCCCACACAACGGCCCATCACCCGTCACATTCTCTCTCCTGCACGCTGCCGCTCTCTCTTCTCGCGGAGCCGGCGCGCGGGCCCGCGCTGCTGGGTACGATGAAGGCATGCGCATCGGGGACGTCGGGGAGTTCCCGCTCATCGAGCGGCTGGCGTGGATCGTGAGGCGAACGCGATCGGACGTGGTCGTGGGGATCGGCGACGACGCGGCCGCCCTCGACCTTGGGGGGGAGGACCTCGTCCTCCTGACCGTGGACAGCCAGGTCGAAGGGAGCCACTTCGTGCGGGACCGGATCGACCCCCGCCACCTTGGCCAGCGTCTGGTGGCCGTGAACGCGAGCGACATCGCGGCGATGGGCGGCCGCCCCACCCACGCCGTCGTGTCCCTCGTTCTTCCCTCGGATCTCGGCCTGTCGTGGGTGGAGGGGCTCTACACCGGTCTCGCCGAGGAGGCGGACCGGTTAGGGATAGCCGTGGTCGGGGGCAACGTCGCCCGCTCCGGGGACGGGATCGTCCTCGACCTCGCCCTCGTCGGCCGCGTGGCCCGAGGGCACCTCCTCACCCGAAGCGGGGCAAAGGCGGGAGACCTCGTCCTCGTGACGGGCGCCCTCGGCGAGGCCGCGGCCGGGCTCTACCTGAGCGAGCACCCCGAGGTCGCGGACCCCGACCGGGAGGCGCTCCGCGCCCGCCACCTCGCCCCGACTCCGCGGGTGTGGGAGGGGCAGCTCATCGCCGCCTCCGGGCTCGCCACGGCGATGATCGACCTCTCGGACGGCCTGGCGGGCGACGTGGCCCACGTGTGCGACCAAAGCGAGGTCGGCGTGCGGATTCACGCCGCATCGCTCCCCGTGTCGCCCGGGGTCGAGCGGGTGGCAAGAC
CP034928.1_gap19	780803	781455	652	GCTGTGGCTCCTCTACCTCCTCCCGGCAGCGGTCGTGTTCCTGGGGCCGATCGGGGCGGTGATCGCCGACTCGTTCCTTCATCCCGCTCCCGGCGGCGCGTCCCCGACCCTCCACTGGTATCGGATGATCGCCTCGCCCGCCTGGAACCCGTTCATCGAGTCCTCCCCCCTGGCTGCGGTGCGGACGAGTCTCCTCGTCGGCGGGGGCGCGACCGCACTGTCCCTCGTCCTGGGCCTTAGCGTGAGCGCGGTGCTGCGCCGCGTGCGGTCGCGGGTCCTGGAAACGGTCCTCATGGCACCGCTCGCTGTGTCCTCGGTCGTGCTCGGGCTGGCGCTCCTCCTCGCGTTCCGCCGCCCGCCCCTGTCCGCGCTGAGGGGCGGGTGGGCGATCGTGCTCGCCCACACCCTGATCGTGTACCCGTTCGTCGTGCGGGCGATTCGGCCTCTGTGGGACGCCCTCGACCCCGCCCTTTCCGAGGCGGCGCGGACCCTGGGGGCAAGCCCGTTCGCCACGTTCCGGACCGTGACCCTGCCCCTCCTCGGGAGCGGGGTCCTTGCCGCGGGGGCGTTTGCGTTCGCCCTGTCCTTGGGGGAGATGACTGCGGTGGCGATGCTCTCCGGGCCGGGGGCGATGACGATGCCGATGGCGATC
CP034928.1_gap20	784762	787149	2387	AGGGGGATGAACACGAACGTGTCATCGCGCCCGCCGGTGCGCGGCAGGATTCGGATGACGGCCAGCTCGTCCTGGGCGTAGAGAGAGAGGGTGATCCGGCTCCCCACCGTCAGGCCGAGCCGGGCAGCGGCGTCGCTTCCCACGACCGCTCCGTCGAAACGGGTGCCCCCCCACCGCTTGAGGTAGAGGATGTCGTCGGTCGCCCCGTAGATCGGGGTCATCTCGCCGTTCACCCGCACTCGGCCCACAACCACGGGGAGGGCCAGCCGGACGTTGTCCACCGCCCGCACCGCGGCGAGGCGCTCCTGGGGGATGTAGTCGAGGGTGTCGGTCCCCTGCATGAGGGCGAGGGTCAGCGTGTATGGGCACCCTACGGGGAGGAGGAGGATGTGCGCTCCCAGGCCTCCGATTTCCCGCTCCAGCCCGCGTTGGATCCCTGCACTCGACGCGAGCAGGGCGAACAGGGTGGCGACCCCGACCGCGATCCCGGCCACGGTCATCACGAACCGCGCCTTCCGCCTTCGGGCATTGGCCCATACGATCCACATGGGTCTAGCCTCCTCTCCCTGTGCCGCGTCCCCTCACGGGCACAGCCACGTCCAGCGCACGTGCTCGGGGGACACGAGGGCCTCGAGGTCCGCCGTGAGGTGGACGTGAGACGACCCGTGACCGTGGGGGGCGAGGAATCCCTCAAGCCCAGCACTTCCCGTCTGGTGGACGAGCATGCAGCCCTCCGCGAACGGGGCTTCGCCCTCCGCCGCGCGGAGGGCGTGGACCATGAAGCTGTCGACGGGATCGGCGTTGTCGAGGCGATCGTGCCAGGCCAGGGTGAGCGACGAGATCCGCCCGTCCCGACCCAGCGCCAGGAGCACGTCGAGGGCCGTGACGAGCCCGGGCTGGAAGACGTCTCCCCGGACCCCGGACGGTTCGACGACGACGTCGTGGGCGACGAGCGTCCACCGCGGCCCACGGATCGTGACCTCGGGGACGACCACCCGGCCGGCGTTCGCCGCCCGGCGCACCACCTCGTCGCGGAAGCTCCGTTCGATCGCGGCCAGCCGCTCCGGCGCCTCCAGGTAGAGGCGGATCGCCATCCCATCCCTCACCGGGAAGTGGTCCATCCGCACCGCAGGGCGCTCGAACTCGCCGCCCGGGTACCGGGCGTCGTACCACCACCCGGGCAGGCCGTTCAGCGAGAGGATGACGTGGGTGGCGGTGCCCTCGTCCCACCGGTAGGCGAGCGCGATCTCCCCCCGCTCGGCGAGGTGCACCACCACGTCGAACACCGAGAAGTGCCCGGGCGCGAACAGGTCCGGCCGGGTGGTGCGGACGGCGGCCGGGTCGAACGACAGGACGCCCACGCCGCGGATCTCCACCGTGCCTCCGGCCGCGGGCCGGCGTCCGGCGTAGTTCCCGGGGATGGACCAGCTTCCTTCAGGGGTGGGAAGCACAACCTGGGCGGGGCCTTCTGCCCATCCAAGGACTCCCGCGAGCAAGACCACCGACACCGCGACCGCCGCCCGGGTGCCCCGCGCTCCTATCCGCATCCCGCGCATCATTCGGTACCTCCGGAGAGCCCTACCCACCGGGGGTGGATAGAACGAATGTCGCGAGGGTATGCCCCCTGGGTGGAGAGAACCGGGGCGGACGATGGAGATTCCGTGGAGGAAGGTCAACGAAGCGGTGGGCTCCGGACCGGCGAGCCCCGGGAGAGCCACCGAGCGGGTCGGGATCTGTCTATCGCCGGGCCGAGGGCATTCCAGAGCTGAAGCGTGCGGGGCCGCCTGCTCAGCGGGCCCGCGCCAGTTCCCAGAGCCGGCTCAAGGCGGGACGGAACCGACGGACGAAGTCGTCGTGTGTGGTGGGCTCCGGGACGTTGTGCACGGTGACATATGGGATCCTCACCCATCCTGCGGAGACGTAGCCGTCGCCTGCTGGGGCGAGGGCGGCCCAGTCGTCGGAGGCGTAGGTGCGCTCCATCTCCTCGCGAGGGACGGAGTGGGTGAGGATACCCGCTCGGCGCGCTCGGTCATAGCGCGCCAGATTGCGGCGCCACGACTCCTCAAATGGAACGTCGATGTACAGAACAGCTGCCTGGTTCAGGATCTCAGGTGACAGGAGGGGCAGGGCGTCGCGGTACGCAGTCGGGCCACCGCGGGCAAACTCGACGATCACCGTCTCCCCGGGCCGCGCCCCCCGCCTCCTGAGCTCTTCCCGCAACTTGCAGATCAGGAACGGCCACAGGCTGTCGTGGGCCACCGCGTAGTTCTCTGCTGCCCGGCGGGAGTGGAGGCGCCCCCGCCCGACTTCCTCCCATAGATCGTCGTCGACAAACATCTGCCACAGGATGGGGAAGTCGTCGACGACCCGGGGGCTCCCGAGGTGGT
CP034928.1_gap21	972897	977338	4441	ACGGACGAACCGGATACGCAGGGTGGTGTGCTTGTCCCTCGTCGCGGTATTGGGAACGGCCGCCTGGCCGGCTCCTGTTCCCCAACCGCCGATCTCGACGGGGCGTGTGGCGGCGGTGGCGTTCTCCCCGGACGGGCGGTACCTCGCGGTTGGAGCTGAGCAGGCGATCAGGGTCCTCGACGCTCAGGACTGGAGCACAGCCCGAATCTTGGAAGGCCATTCCGGTCAGGTCACCTCCGTGACGTGGAGCGGCGATGGCCGCTTCCTTGCTTCGGGGTCCAACGATGCAACCGTACGAGTCTGGGATCCCCGCACCTGGCAGATCGTGCACGTGCTCCAAGGCCACTCAGGGTGCGTGGCTGCGGTTGCGTTCTCACCGACAGTCGCGACCCTGATCACCGGCTCGTGCGACGGAACGGCGCGGCTGCGGGATGCCGAGACGGGTGCGCTTGTGCAGACCCTGCGGGGACACGAAGACGGGGTGACCGCGGTGGCCTTCAGCCCAGATGGGGCGGCCGTGGCTTCAGCAGCTCAGGGGACCGGGTTCTTCCTGGGCGAGATCAAACTGTGGAGCGTGGGCGGCGGGTGGGAGATCCGCACGATGACCAGCCCAGGTGTCGTCGCAGACATCGTGTTCAGCCCCGACGGGCGATTCTTGGCTTCAGGGTCGTACGACAACAGCGTTCGGCTGTGGGAGGTTGCGACTGGGAGACTGGCCCAGGTGTTCGCGGGGCACCTCCGCTGGGTGACAGCCGTCGCCTTCGCGCCCGATGCGTCTGCGCTTGCGTCCGGGTCGCAGGACGGCACGGTGCGGCTCTGGGATCTGCGAGATCTCCTCGGCCACTGAATCTGCAACACGGCGGCCGGGGGCCAACCGGCCTTCGTCGAGCGCCCACCACGACGATGAGCTGACGAGGAACACTCTCCTCCAATCGAGGCAGGTTGAGCTCGGCGTAGGTTTGGCTGGCCAGATCACCACTTCGTGTTGACTTGCTGCTACATCGCAGTCTGGTCCCCACAGTCGAGCGTTTGACAGCGTCCCCCCGCAGCACTAGAGTGGCCACGGTGACGCCCGTTACATTCGCTTGTTGAGCGCCACCCCATGGGGAGGGAGAGGGGATGGCAAGAGGCGAGAGCGGGTGGGCGGTCGTCTGTGTAGTCTGGGCCCTGGGGCTAGCGTGGGGAGTGGGGGCTGGGGCGGTGCCGCTGGGCCCTGGCGTCTTGAGCGGATCAACCACCTTGAGCATCGCGGGGTACCCGCTTCCCTGCTCGACGGTCGATGGGATCAAGCTCCCGACCCCATGTGAGCGTGCGGTGTTCGCCTGGGACGTAGAGGTTGGGATCGACCTGAAGTGCACGTTGCAGTCCATGGCAGCGTTCCTAAGTACCGTGTTCGGCATCCCAGGCGTGGAGCACGTCGTTGCTGGCTTCGATGGCAGCTGGGGGGCGATCGCGATCAAACCCGAGCTGGTGTTCTCCGTCCCATGCGAGACGATCGTGGACGTCAACAACCTACCGAATACGATCATCATCCCCCCGGGCGACTTCCTGTTCGCACAGGCCCGGCTTGAGGCGAGTGGCACCCTCTCGGGCATCACCTTCCGGTGGATCATCGTGTTCCAGGACCTCAACTTCCCGAATCCGGGAGCCCGCTTCACCCCAGTACCCCCGCCGGGCGCCCCGGTGTTCTACACCGCGGCTGACCAGAGCTTCGCCTTAGGGAGCCTGATCACCCTCTCATCGCCCGTGGGAGCCGGCGCTTCCCTCAGTCTCCAGATCGCCCTCGGTGCCACGCCGGGGTCGTTCAGCGTGAAGAAGTACTCGACCTATGGGAAGGCTGACCCGGACGCAATGTACCTCACGGTTTCCCTCACCAACATCCCCTTCCCGTGCCCATGGTGTCTCGGGCCGGTCAGCAACTTCCGAGTCGGCATCTCCGCGAGGATCCAGCCCAAGGGCGATCCGTTCATCAGCCTCACAGGAAGCGTTGGTCTCACTCTGCTCGAGAAGGCAACCGTGGGCACCTCGTTCACCCTCGGGATCACCAAGGGGTTGAAGTGGGGCGGCATCCACGTCAGCATCCCCACCGACTTCGGTACGCTCAACCTGCAGTTCGACGAATCGGGCGAGTTCAAGTCGTGGAGTCTCAACCTGAGCTATCGGCATCAGTTCAACTTCGGGTGGACCACGGGCTCCTGCTCCGCCAGCGCGACCGCCGTCCCGGACCGGGGGGTAACCTCGGCCGCGTTCGGGCTCGCGCTGAACCATGGCCTCCTCACGGCAAACTACGGGCTCAACTACTCGTGGCGTTCCGATAGGGGTCTCACGTTCTCGGCCCTGAGCACGCGGTTCAGCCTGAACCTGAGCCCCGTTGTGGCCGGATTCGGCCTTACGTTCGGGCGCGGGGGATTGGCGATGTTCTCAATCACGGTGGGTTATGTGTTCTAGAGAGATGGGGAGGGGGGAGGCAGGCATGGCGAGGTTCCCAGCTCGGGGTCGTCGAATGCGGCATCACAGCGGTGAACGGGTTGGCCGGAGGGTCTTGCTGGCCCTGGCTGTTGTCTTCGGGCTATGTTGGGTCGGACTGGGTCAGACTCCCACCACGACCACCCTTGTGTCCAACGCTAACCCTTCTGCGTATGGCCAGTCGGTGACGTTCACGGCCACCGTCACTCCGGTCCCCGATGGGGGAACGGTCACGTTCAAGAACGGCGGAGTTCCGATCTCGCCCCCAGTCCTGGTGAATACGACAAACGGACAGGCTCAGTTCGCGACAAGCTCTCTGTCAACCGGAGTCCACTCGATCACCGCCGATTACTCCGGGACAGCCAACTTCAGCCCAAGCACGTCGGCTCCGCTGAACCAGACGGTGAACAAGCGGCAGACAACCACGCTGGTGATGGGGTCGGACACGGCCCTCGTCGTGGGCGACACGGTAACCGTTACGGTTCGCGTCGTGGACACGTCTCCGGGTGAGACCTCGATGCCCACGGGAAACGTGACGGTCAGTGTGAGCCCCGTTGGCCAGGGGACGCCCACCTCGTGGTCGCGCACGCTCGTCGCTGCGGATGCGGGGCAGTTCACATTCACCTACACCCCGAGCAGCGCGGCGACCACACCCCACACGTTCACCGCCACCTACGCCGGCGACACCACACACGGCGGGAGCAGCGGGAGCTTCGCGCAGGGGATCGTCAAGCGGGCCGCAGACATGCACGTGTCCTGCAGTCCGACGACGGCGTACATCGGCCAGCCAGTCGCGGTAACCGTTGCCGTGGAGGACGATACGACGGTTGGCACTCCCTCCATCCCGACAGGGACGATCACGTTCGATGACGGAGGGAAGAACGGGGTGTTCTCGTCGAACACCGCACCCTTGACCGGTGGTGTCTGCAGTGTCACCTACACGCCGGGGGCCTGGGATGCTGGAACCACGGTCATCGCGGCGACGTACAGCGGATCGAACGTACACGCGGCTGCCGCGCGTGGAACGAACCTCCAGGTTCTCCTCCGGCCGACGGAGACGACCATCGAGGGCTCCGGACAGACGCTTCTCGTTAGCCAGTCAGGAGCCTACACCGTCACGGTGACGGACGTTGCCGGAGTCGGGACAGCCCCCGCCCCCGCGGGCACACTCGCGTACTCCTCGTACCTGGGGGCCGATGCCAGCATCACCCCTACCGACACCTCCGCTCCTGATGGGGGCTTCACCTACAGGTGTCTGGGGCTCGATGGGCACGCCGGGATCGACACGCTCTACGCGAACTACACGGCGAACGACGGCATCCACGCGACCAGCACAGGCTGCTACGGCCAGGGGATCCAGAGGCGACCCACGATCACCACGCTCTCCAACTGCACGAGCACGCCGACAGGAGTTACGTGCACCGCGACCGTGGCTGAGGACCCGGGCAACGCTGGAACCCCGTCCAACATCCAGGGGAACCTCGTTCGTCTCGACACGGGTGTGCAGCTATGCGGGGGGTTGTCTGGGATGTCCCCCTCGTGCACGTTCAACCTCGCCTCGACGCTCCCCCTGGTCAACGTCTCAGTTCGGTACGTCCCGACGGACCGGGTTCACCTCGAGTCAACGGCCTCGCAGAACGTCAGCCGCTTCGACCAGTTCCCGCCGGATCCTGGTGATGGTTCAACAGGCGCCAACTGCACCGACGGATGCGGGACCGGGGGCGTCAACGTCGCTCAGATGATCTTCGACCTCAACGCGGCGGAGATCGCCCTCAAGACGGTGAAGTGGGGGCTTGACATCACGGCACTCGTCCTCGACGTGATCCCAGACGGCGTGATCGTCGGCGGCCTCATCGTGTCCACCGGCGTCACGATCCCCTACAGCGACATCGCCAAGGCGATCGTCGCTGGCGCTGGGATTGCCCTCGACATCGCCATCGAAGCCATGGACACCGACCTCGACGATGACGGGATC
CP034928.1_gap22	1011292	1014258	2966	CCGTCAAGGTTAGCAGCTTGCCGCGTTCGATCAGGTCGGGAACCTCTACGTCTGGGTCGACCATCGCCTCGGCCACAGCCGGATCGCGTCCCCGTTCCTCCGCAGTGGCCCGGAACAGGGCGCGTACTGCCGAGACCACTTTCTCCGAAGCGATCCTCATCTCACCGCTCGCGTCGAAGTACACCGGCGTCGCTGCCCCCATCACCCCGCCCGGCGCGAAGTAGATCCGCTCGCAGGCCAGGGCCAGCAGCGCGCCCGCCGAGTACGCCTCCCGGTTCACGTACGCGACCGTGGGTAGCCGCGCCCCCAGAATGAGGTCGCGACAGGCCATCGCTGCATCAAGGTAGCCGCCGGGGGTGGCAAACTCGAACACCACCGCGGCCGCGCCGGCAGCTTCCGCGTCGAGAAGGCCTTTCCGGACAAACGAGACGGTTCCGCGCCCGATCTCACCCTCGACCCGGAGGAGCCAGACCTCCGTACCCGCTCCAGACCACCCGAGCACTGCGGCGCCCACCACCACAGCCACGACCGTCGCCATGCGCATGGAGACATTGTAGGGACTTCGGCCGCCCCCAACCACGCGACGGCTGACGGCCGCTCCGAACAGCAGAACCTCCGTGGGGTACCGGCGGGCGTCCTGGTTGCCCCCGGGTGGCGGTTGGTGTTCAATGGGCGCGATGACCGAGACGGGCGGCGAGGGACTGACCACTGCAGACGGCCTGTCGTTGTTCGTTCGGTCCTGGCCAGGGGCGGGGCGGGGTGTGGTCGGGATCGTGCACGGTTACGGAGAGCACTCAGGTCGGTACCACGAGTTCGCCCGGTGGCTCAACGAGCTTGGATGGTCGGTCGAGGCGTGCGATCTGCGGGGCCACGGGAGGAGTCCAGGGCGACGCGGCCACGTAGCGCGGTTCGGCGAGTACCTCCTCGACGTTGCCGCGCTGGTCCGTCGCCTGCAGGACCGCGCAGCGGGCACACCGCTGTTCCTCTTCGGCCACTCGCTGGGGGGATTGATCGCGGTTCGCTACGTTGAGCAGGAAGCCCGCGGGCTGACGGGGCTCATCCTCAGCGCACCCTTTCTGGGAGTCGAACTCGTCATTCCTCGGTGGAAGAGGGTCGTCGCGCGCGTCGTCTCGCAGGTCTGGCCTTCCCTGTCCACTCCCAGTGGGCTGACGGGGACGACGGTCAGCCGTGACCCCGAAGTCATCGCCCACTACGAGGCCGACCCCCTCATGCACAAGCAAGCCACGGTGCGGTGGTTCACTGAGGTCATCCGGACGCAGCACGCCGCGCTGAGCGAGGCCCGACGCGTGAGCCTTCCGCTGCTCGTCCTTCACGGTGACGCGGATCCCATCGCTCGGGTCGCGGTCACTCGCCAGTTCTTCGCCGCTGTCGGATCTCCCGACCGGACCCTCACCCTCTACGGCGGGTTCCTCCATGAAGTCCTGAACGAGATCGGTAAGGAGCGAGTGTGGGAGGACATCGCTGCCTGGCTTGATGCGCATGCCCGGACCGACGACCCAGCGTCCGTCACGTGAACGGCGGGGAGCACGGCCGCGGGGGGACCGCCCTCAGGATGGACAGAGCAACACGAAGGAGGAAGAGTGCTGAAGAAAATCAACATCCAGACGATGCAGCGTGAGGAGGCGCGCGACCTGACGGCCGAGATCCAACACGCGGTGGCCGAGTCGGGGATCCGCGAGGGGTTCGTGATCATCTACGTCCCCCACGACGCGGCGGCGATCAGCATCCATCGCACGCTCGCGGACGTGGACGCTCCCAAGCTCGACCGCATTTTGGAGGCTGTGAACCCAGACCACGAGACGCCGGAGTACACGAAGGCCGCGTTTGTGGCACCGACGGAGGTGGGGGTGGTCGAGGACGGCCAGATGGTGCTCGGTGACGACCAGCGCGTGTACTTCTACGAGTTCGACGGCCCCCAGAAGCGGTCCGTGTACGTGTACGTGGGACGGTAGGCGGTGACCCAGCCCGGCATTGAACCGTCCCCCCGGGCAACGGGCACTCACCGGCGAACCATGGACGCCGTCGTGGTGAGTGAACTCGTGAAGGACTACCGAACCCGGAAGGGCTCGGTGCGCGCCCTATCGGGCATCTCGTTCCAGGTGCGGGAAGGGGAGATCGTCGGACTGCTGGGAGCCAACGGGGCCGGTAAGACCACGGCAATCAAGGTGCTGTCCGGTCTCCTGCACGCCACATCCGGCCGGGCCGAGGTGTTCGGGGTCCCCTCGTCGCGGCCCGAGGTCGCACGGTACGTGGCGGCCCTCCTGGAGGGGTCGCGCAACGTGTACTGGCGGCTGTCGGTCGAGGAGAACCTGCGGTTCTTCGCCGGGCTGCAGGGCGTGCCGCCGCGCGAGGCCCGGCGCCGGAGCGCCGACCTCGTGGCCCGATTCGGCCTGGGCGACAAGCGGCGGACGACGGCCAACCTCCTCTCCCAGGGGATGAAGCAGAAGCTGGCCCTGGCCTGTGCGCTCGTGAAGGGGACGCCGCTCCTGCTTCTCGACGAACCCACCCTCGGCCTGGACGTGGAGACGAGTCACGAGCTTCGGGGAATGATCCGCGAGCTGGTGGTGAGCGAAGGCAAGACGGTCCTTCTCTCCTCCCATGACATGGGGGTCGTCGAGGACACCTGCGCCCGAGTGGTCATCCTCTCCCGGGGAAGGATCGTGGCCGACGATCTAGTCCCCAATCTCCTGGCCCTGTTCCAGACCCGGGCGTACCGGGTGAGCCTGCGGGACGGGCTGCCCGCGCAGGCACGCGCACAGCTTGCTGCACGGCTTCCCACCTTGCGGCCCCTGGAGGCGGAGCGGGCGCTCGAGGTGGAGCTCTCGCCGGATCAGGATGTCTACGTCCTTATGGACGCCCTGCGGGAGGCCGGCGTCGCGGTGGAGGGCGTGAGCCGCGCTGAACCCGACCTCGAGGACGTGTTTCTGCGCATCGTGCGGGGCGAA
CP034928.1_gap23	1030781	1031503	722	GTCGATGGGAACCCGAAGAAGCTGCTCGTTCACCGCAAGGGTTCCACGCGCGCTTTCGGGCCCGGCCGGCCCGAGAACCCTGACCGGTACCGGAAGGTGGGGCACCCCATCTTCGTCGGGGGGACGATGGGGACGGCCTCGTACATCCTTCGGGGAACTGACCTCGGGATGGACAAGGCGTTCGGCTCTGGCGTGCACGGGGCGGGGCGAGCGATGTCCCGGGCAAAGGCCAAGAAACGATGGCGAGGGCAGGAGCTGATCCGGGATCTCGCGGGTCAGGGAATCGCAGTCCGGGCGCACTCCTACGCGGGAGCAGCGGAAGAGGCGCCAGGAGCCTACAAGGACGTGGATCTCGTGGTCGAGGCGGCGGTGGGTTCCGGCCTGAACGCCCTTGTGGCGCGGGTCCGGCCCCTCGTGTGCATCAAGGGGTGATCGATGCGGCGGATCGGATGGGTGTTGGCAGTCGCATGGGCAGCTACCGCGGGGGCTGCTCCCGACGTGGTTACGGCCTGGAACGTCGGGTGGCTCTCCTCGGCCACCTTTTCCCCCGACGGCGCGTACCTCGCTGTGGGAACGCACTACGGCGTGATCCTCTACGGGACAGACACGTGGGAGGAGTGGGCACGGCTGCCGTTTCCTGACACGACCGTATTTGCGCTCGCGTTCTCCCCGGACAGCGCGATGTTGGCCGCGGCGGCCGTGAACGAGGTCCGCGTGTGGAG
CP034928.1_gap24	1036534	1040165	3631	TTCGCCAAGCTCCCCGCCCACCTCGGGGATGCGTTGGTCATCGTCGTCGACCCGATGCTGGCCACCGGCGGTTCGGCAGCGCATGCAGTTCAGATCGTCAAGGAGCGCGGAGCGCAGGACGTGCGGTTCCTGTGCCTTGTCGCGGCCCCGGAGGGGTTGAAGGTGCTTCAGACGGCCCACCCGGATGTCCCGGTGTACGCGGCAACCCTCGATCGAGAGCTCGACGCCCACGGCTACATCCGCCCGGGGCTTGGCGACGCCGGCGACCGGCTGTTCGGCACCTAGGAGCCCTGGTCCCGTGAAACGGTGCGCATTGGTGACGGGTGGGTCCCGCGGGATCGGCGCGGCGGTCGCCGTGAAGCTGGCTGCGCGGGGGTGTGACGTCGCCATCAGCTACCGTACCCAGCGCACGGCTGCGGAGGAAGTGGCAGCCGAGGTTCAGCGCCTTGGAAGCCGGGCGCTCATCCTTCAGGCCGACCTCGCCGACCTTGGACAGGCGCGGAGTCTCGTCCACGAGGCGGCGGAGGGACTGGGGGCGCTCCACATTCTTGTCAACAACGCCGGTTATGTGCAGCGCGTCCCATGGGAGGAGCTATCGCTGGAGGACTGGGACCGCATGCTGCGCGTCGGCCTCACCGCGCCGTTCGTTCTTGCGCGGTGCGCGGTGCCCTACATGCGAGAGGGAGGGTTCGGGCGAATCGTCAACATCTCGTCCCTCCGCGCGCTGACCGGCGCCGCCCACGGGATCCACTACGCCACGGCCAAGGCCGGACTCCTCGGGTTCACCAAGTCCCTCGCTCTGGCAGTGGCACCGTATGGCATCACGGTGAACGCGGTGTGTCCGGGATTCGTGGCGACCGAGATCAACCGGGAGGCCCTCGCCGCGCGCGGTGACGAGATCCGCGCTCAGATTCCCCTCGGGCGCGTCGCGAGCGCGGAGGAGATCGCGGCCGTCGTCGGTTTCCTGTGCGCCGACGAGGCGAGCTACATCACCGGGGAGACGGTGTCTGCCAACGGCGGACTCCGTATGGACTAGCGATGGATCGGCGTCGACTTGGGCTCTCGACGTTCCTGTGGCCGGGGATGTCCTGCAGTAGGTGGATTGAGCTTGCTGTGGACCTGGGACTGGGTGGGGTCGAGTTGCGGGCCGACCCGCGGGCAGCCGGGCCCCGCGATCTCGCGCCCGAGGCGCGGGAGCGACTCCGCGAGCAGTTCGCGGAGCGGGGACTGTGGACCACCGTCCATGCCCCGATCTACGACATGAACCTCAGCTCCCCGTCGCCAGCCCTGTCCGCGGCGGCGCTGGGAGAGGTGATCCAAGCGGTCGATCTCGCGGCCGACGTGGGGGCACAAGTCGTGGTCGTTCACCCCGGCCACGTGGACGAGGACTACCTGCCGCTCGATGGCGAACGCGACCGTGCCTGGCGTCGGTTCTCGTTCGCAATGGACGCCATCCTCGCTCACGCGGGGGCGAGGGAGGTCCAGGTCGCACTGGAGAACAAGCAACGCGGCAGAGGGTGGGACATGGTCCACACTCCGGCGGAGCACCTTCGGGCACTGGAGCAGTTCCCGACGCTCCAGGCCTGTCTCGATCTCGGACATCTCCACACCACGAGCGGAGACCCGGCCGCGTACATCGCTGCCCTGACGGGACGTCTCGTCCACGTCCACCTCCACGACAACCGGGGAGACCGAGACGAGCACCTACCCCTGGGCCGCGGCACCGTGGCGTGGCAGCCCGCACTGGCCGCGTTGGACGAGGCAAGGTACGCCGGCCCGGTCGTGCTCGAGATTCCTGATCCCGACGGCTTGCGGGCGTCGCTGGCCGTGCTCGCGAGGACAGCGGAGTCATGAGAGCCCCGCGCTGGTACTGGGCGTTCGTTCTGTCCAATGCCGCGATGGGCGCGGCCTCCCCCCTCCTGCCGTTGTACGCTTACTTCCTCGGAGCGACGGCGGGCGGGGTGGGAACGCTCACCGCCGTCGGTAGCGCGATGAACGTCGTCGCGAGCCTCGTGTGGGGCCGGATCCTCGATGCCACACCCCGTCGCCGTCTGTTCATCTCGGTGAGCTTCCTGGGCGTTGCGATCGCCTATCTTGCGCTGCCGCTCGTCACTCAGCTTCCCCAGCTGTTCCTCGTGAACGGCTGGGCCGCGTTCTCCTGGATGGCGGGGTCGTCGGTGTCGTTCTTGCTCGTGCTGGCCCGGTTCCCCAAGGAGCAGTGGGAGAAGGAGATCGCACGGTTCAACGTGTACTGCGGCGTCGGTTGGACGGTGGGTCTCGCCGTGGGTGCGGCCTGGACGTCTCTTGTCATCCAGTGGCTAGGTGAGGGGTGGGGGCTCCGTTCGCTCGGTCTGCTCGTTGGTGCTCTGTCGCTGGCAGCGATTGCCTTTGCCGTACGGTCGATCCGAGATCCGCAGCAGGGCGTCGCGCCCCCGTCGTTCCGTGACGTGGTCCTCAGCGTCGGCAACTTCCTCTACGAGCGGTTCCGGACGGGCCCGATTCACCTCTACGAGGCCCTGCGACCGTCGCAGCTTGTGCGGTTCCTTCAGGGACGGACTTCATTCGGTCCCGATCTTGTTCTGGTCTATTACTCAGCGCTGCTGGCGTTCGTTGGATTCGCGATGGTGTTCGCCCCGTTCCCGGTGTTCGTGCGGCAGGCAATGGGATGGTCAAGCGCGCTCGTGTTCGCCCTGTCCGTGGCCCACCACGGGGTGAGCGTGGTGGCCTTCGGCTGGGCCCGGAAGGCGGTTGCCAAGTGGGGTCACCGCCCCGCCGCGGCCCTTGCCCTCCTTGGACGAGCCGGAATGTTCGTTGGGTTCGCGCTTGCCACCCCTGTGACCGCCCGCTGGCTGCTCCCCATCTTGTGGGGAGTTGCCGGGGCGACATGGGCGTTCTTCCAGCTCTCCGTGACTTCAATCGTGTCCCGCCTCTCACCCCACGCACAGCAGGGTCAGGGACTCGGGATCTACAACGCGGTCGCCGGGCTTGGGAACGTGCTCGGTGCCCTCGCCGGCGGTTTCGTGGCCGACTTCATCGGGTTCCGTGCCGCGTTCCTGTTCGGGGCGATGCTGATGGTGGTCACCCTCCCCATCCTGTTGGTGGAGGGGCGCCCGGTGTCGTAGGGGGTTACTTCTTCTTCTCGCCGGTCTCCACCACAGCCATGCCGTTGTAGTACCCGCAGGACGGGCACACGCGGTGGGGGAGGCGGAACTCGTGACACTGGGGGCACGAGGTGGCGGGCACCATCCGCGCCCGCCAGTGGGTTCGGCGGAGCCTCACCTCGCGGTGGGATCGTCTCGATTTGGGAACTGCAGCCATCCATCCTCCTTAGGTGTGGCCCAATTGTGCCGGCACGCGCTCCAAGATCAAGGTCACCGGCCCATCGTTGACGAGCGCGACCTCCATCCGTGCCCCAAACACGCCGCTCCTGACCGGGACATCTTCCTCACGAAGCAGACGGACAAATCGCTCGTACAGGGCGGAGGCCAGGGGACCGGGTGCTGCCTGGTCGAACCCGGGGCGGCGGCCACGAGTGGCATCACCGTACAAGGTGAACTGGGACACGCACAGGATCTCGCCCTTCACCTCCCGCAGCGAACGGTTCATCCGGCCGTTGTCGTCGTGGAACACG
CP034928.1_gap25	1084076	1086075	1999	GAAGCGCCTGCTCGACGCGATGCTCCTTGCGGTCCCGAGATGATGGCGATGAACGCGAAGACGTCCTCACGAGGTGTCTGGCAACTAGCGGCCGGCCAAGCGTCGCGGCGGTATGCAGACGTCTTCTTGAGGTACGGCGTCGGCCTCATCGGTCCCGGAGACGCGGGCCCGTGGAAGCCCGAACGCGACGATGACGAGTTCGAGGGCGGCTTCGTGCGCCGGTTCGCCAGCGAGGTCCAGGTTGGGGACGTCTTCCTGCTGCGCACGGGGATCTCGAAGATCAGCGCGGTCGGGATCGTGGCCAGCGACTACCTGTACCTGAATCAGTTCGACGACGTGAGCGGGTGGGACCTCCAGCACGCACGCCGGGTGCGCTGGTGCAGCCTCCCCGACGAGTACAGCTTCAATGGCCCTGTGTTCGGGGCCAACCCACCGAGGTTGTCGCGTACTCAAAGTGAGGAGGTCCTGGATTACGTTGACCGCTTTCTCAATTCGCCGCCGACGCACTGGCAGACGGGAGCGCTGCCGGCCCTGCCGGCGGAGGAACCGCCCCTTGAGGAGGTGCCGACGGCCCTCCAGGGCCTCGTGGCAGTCGCGAACGACTTCCTCCTGCTCCTGCGGGATCGGCAGGCCTTCGGCGAGCACCCGAGCGAGGACGAGATGATCGCTCACTTCGTGGTTCCGTTTCTGGGTGCGTTGGGCTGGCCGCCGGAGCGCATCGCCGTCAAGTGGCGGCACATCGACGTCGCGGTCTTCCGGGCTCTCCCCCGGACCCCGGAGAACTGCCACCTGGTGATCGAAGCGAAGCGCCTGGGTGCGGGTGTGGAAGGGGCGCTGGAACAGGCGAAGGGCTACGTGAAGGCGCTCGGGCAGCCCAGGGACGTGGTCGTAACCGACGGCATCCGCTACCGGATGTATTCCTGCCAGAGCGACTTCGAACCGATTGCCTACGCGAACCTCGCCCGCCTGAAGAGATCTGCGGCCCAGTTGTTCGAGAGCATGAAGAGATCATAGGAGGACCGTCATGGAACCTTGGTACAAGGTCGCCACACCGCGGAAGGAGGTCCGGGAGGGACGCTCCTTCAACCCCGACGAATTCGCCATCGCCCTCGAACAGGTCGTGGGTGGCACGGCTCCCGAGGACTATCGGGACCCGGCTCAGTTTTTCTCTCGCACGTGCTGGACCCGGGCGTTGCGCGAGCACGCGGGGATGGTGTTGCGGCGGCTCTCGGGCAGGACCGACAGCACCGCCCCGGTACTGACCCTGATCACCCAGTTCGGCGGCGGCAAGACGCATACCCTCACCGCCCTCTACCACCTCGGCACGAGCGGCGACGAGGCGGTCGGCTACTCGGGGGTCTCCGACCTGTTGCGCCACGCCGGCCTCTCCTCCGTGCCGCAGGCCCGGGTGGGCGTGTTCGTGGGGAACGCCTGGGACCCGCAGGACGGTCGGGAGACCCCCTGGATTGACATCGCCCGCCAGCTTGCGGGCGACAAGGGCGTCGAGGTGCTGGGCACGGCCGCGAAGACGACCCCGCCGGGGACGGAGTCCATCGCGCGCGTCTTCAGGGCGGCGGACGCGCCCGTGCTCCTCCTCTTCGACGAGGTCCTCAACTTCCTCAACCGGCATCGCGGCATGGCGGAGTCGTTCCACGCCTTCATCCAGAACCTGACGGTCGCGATGACAGGAACGACGCACGGCGCGGCGGTGATCAGCCTTCCGCGCAGCCAGGTGGAGATGACCGACTGGGACATGCAGTGGCAGGAGAAGATCACCAAAGTTGTCCGGCGTGTCGCCAAGGACCTCATTGCCAACGACGAGAAGGAGATCAGCGAGGTCGTCCGGCGGCGGCTCTTTGAGGATCTGGGAAGCGAGCGCACCAGGAGGAACGTGGCGAAGGCCTTCGCGGACTGGTGCTTCGAACGGCGGGCGCAACTGCCACCGGAATGGACGGCCGTGGACACGGCGGCGACGGAAGCCAAGGCGAGGGAGTTCCTC
CP034928.1_gap26	1088361	1091311	2950	GCGCGCGGGTACCGGCTGTACAACGTGAACAACCTGAAGCTGGCCCGGTTCCGAGAGATCTTCCCGGGAGGGGCGAAGACCGATGCCTTGGATGTGCGCAAGATCCTGGAGCTGTGGCACCTCCAGGACCATCTTCCCGTGGCCAAGGACGTTCTTCAGGAGGTGCCCGAGGCGCCTCCCGAGAACCAGAAGCTGAAGCGGCTCACCCGTCGCCGCCGGCAGCTCGTGAACGAGAAGGTGCGCGTGGTGAACCGGATGCAGAGCGATCTTCTGGCGGTGTGCCCGGAGCTACTGGCGATCACCGGCGACGCGACCAACCTGTGGTTCCTGCGGTTTGTCGCCAGCCGGGACGACCTGCGGGAGCTCCGTCAGACGCCCAGGAACGAGGTGCTGGCGATCCGGGGGATCGGGAAGAAGTACGCCGGGGTCATCGCCCAGTGGCAGAAGAAGGCGCGGTTCTCAGCGGAGGCAGAGTACGTGGGGCCGATGATCGTCGCGGATGCGCGGAGGTTGCTGGAGGTGCTCCGGGAGATCGCGACGTTGGAGGAGGCGATCGAGGGCCTCGTCGCGAGCTCTCCCCTGGCCCAGCGGATCGACTCGATCCCCGGGTTCGGTGCGATCTCGAGCGGGGAGCTGGCAGGGGAGATCGGGACGATGGATCGGTTCCACTCGGAGCGGAGCCTGGCCCTGTACCTGGGGATGTGCCCGCTTGACCACCAGTCGGGGGAGCACAAAGGGAGCAAGCGGCCGCGGCAGGTGAACCGGCGGGCGAAGGCAACGATGATGACGGCGGTGGCCCGGCACATGGCAAAGGTGCCTCAGTCACGCGCCTACTACGAGAAGAAGCGAGCAGAGGGGAAGAAGCACAACCAGGCGGTGCGAGCGCTGGGCCGGCACCTGGTGCGGGTGATGTGGGCGATGCTGACGCAGGGTCGTGACTACGAGCTCCGGGAGGACTCATGCCCCGGTTGAGAAAACCAGCGGGACGTTCAGGTCTTGCAATCCAACAGCTCCCGCTCGTATCCTGAGTCCGCGCCGAGTCCGCGGCTTGATCGAGGGCGAAGGGGGCGGTACGCTGAATCGGGACCATCCTCGCACGCCGCAGATCCACGGCGCGCTAACCCCAGGACCCCCAGGAGGTGACCGGCGGTGGGCAGGACGATCATCGTCTCCAACCGGCTTCCGGTGACGGCCAAGCAGGAGGAAGGAAGCGTTCAGTTCGTCCCCAGCGTGGGGGGACTCGCCACCGGGCTCCGGTCGGTCCACGCCTCGGGGGAGGGCCGGTGGGTGGGCTGGCCGGGGATCGCCGCGGAGGCCCTGCGGGGGAAAGAGGGGACCGTTTGCCGGAACCTGGCGGAGCTCAACTGCGTGCCCGTGTCCCTCACCCCGCGCGACGTGCGCGACTACTATGGCGGGTTCAGCAACCGCACGATCTGGCCCCTGTTCCACTACTTCACCCAGCACGCCACCTACGACCGCGACCACTGGGCCGCCTACCGCCGGGTGAACGAGCGGTTCGCCGCCGCCACGGCCGAGATCGCCGAGCCGGGAGACACGGTCTGGGTGCAAGACTACCACTTGATGCTCGTCCCGGCGCTCGTCCGCGCTCGCCTCCCCGCGGTCCGGATCGGGTTCTTCCTCCACATTCCGTTTCCCTCCTACGAGGTGTTCCGGCTGCTGCCGTGGCGGAAGGAGATCCTGGAGGGGCTGCTGGGGGCCGACCTCGTGGGGTTCCACACCCACGACTACGTCGGGCACTTCCTCGACGCGGTCCACGCGATCCTCGGCCGCGGGCACGCCGCGGGGAACGTGGAGGGGGGCGAGCGGCCGGTGCGGGCAGACGCGTTCCCGATGGGGATCGACTACGACCGGTTCCGGACGGCGGCCGAGGCGCCGGCGGTCCGGCGCGAGGTGGGGCGGATCGAGCGCCACATGGGCGACCGCCAGGTCATCCTCTCTGTGGACCGCCTCGACTACACGAAGGGCGTCCTGGAACGGCTGGAAGCGTTCGACCTCTTCCTCACGGAAAACCCGTCGTGGCGGGAACGGGTCACGCTCGTCCTGCTCCTCGTCCCGTCCCGGACCCGGGTCGAGGAGTACCGGGACCTCAAGCGGAAAATCGATGAGCGGGTCGGGCGGATCAACGGCCGGCACGGGTCGGTGGGCTGGATCCCCATCGGGTACCTGTACCGCAGCGTGCCGTTCGAGCGGCTGGTCGCCTTGTACCGGGCGGCAGACGTGGCGTTGGTGACCCCGCTCCGCGACGGGATGAACCTCGTCGCCAAGGAGTACGTGGCGTGCCAGGTCGACGGGGACGGGGTGCTCGTCCTGAGCGAGTTCGCCGGGGCAGCGCAGGAGCTGGGGGAGGCGCTCCTCGTCAACCCCAACGACGTCCCGGGGATGGCGCGGGCGATCGGGGAGGCGCTGCAGATGCCGAGACGGGAGCGGGCGGAGCGGATGAGGCGGATGGCGGAATGGGTGGCCGACCACACGGTGGAGGGGTGGGCCGCGGACTTCCTGGCCGAGCTCGCCGCGCACCGTCTCCCGGACCGCGCGCCCCAACCCCTCGGCGGCGACGGGGTCGCACGCCTGGACGCCAAGTACGCGGCGGCGGAGGCGCGGTTGCTGTTCCTGGACTACGACGGGACCCTCGTCCCGTTCGCCGCGATCCCGGGGAGGGCGAAGCCGGACCGGGAGCTGCGAGGGCTCCTCGCGCGGCTGGCGCAGGACGCCCGGAACGAGGTCGTGATCGTGAGCGGGCGCGACCGGGAAACGCTCACGGCGTGGCTGGGGGACCTCGACCTGGCGCTCGTCGCCGAGCACGGGGCGTGGGTCCGGGAGCGGGGGGGCGCGTGGCGGGCCACAGTCGCCCGCGATGGGGCGTGGAAGCAGCGGGTACGGCCCCTCCTTGACCGGTACGTCCGGCGCACGCCGGGGGCGTGCGTGGAGG
CP034928.1_gap27	1224423	1229277	4854	CCGAGCGGGACAAGCTGAACCGTGAGCTCCAGCAGATCATCGACGACCACACCGATCCTTGGGGAATCAAGGTCAGCACGGTCGAGATCAAGGACGTGAAGATCCCGACCGAGATGCAGCGTGCGATTGCCCGCCAGGCGGAGGCCGAGCGCGAGCGGCGCAGCAAGATCATCAACGCGGAGGGGGAGTTCCAGGCCGCGGAGCGGCTGCGCGAGGCCGCGGCGATCATGCACGAGGCGCCAGGGGCGCTCCAGCTCCGCTACCTCCAGACCCTCTCGGAGATCTCCACCGAGAACGCGACGACGATCGTGTTCCCGGTCCCGATCGAACTGCTCGACGCGCTGCGGCCACGCGGTCAGGGTTGAGGATCTGCGCGCTGGGCAGCGGCTCGTCGGGGAATGCCCTTCTCGTCGAAGGGCCTCGTGGAGTCTTCCTGGTCGACGCGGGGCTTCCCTGGCGCGAGATCGAATCCCGAGCCGTCCAGGCCGGGCTGAGCCTAGCCGGGCTGGAGTGGGTCGTCCTCACGCACGAGCACACGGACCACGTTCGGGGCCTGGACCGGCTGCGCCGGCGCGGGGTGAGGGTGGCAGCGAGTGCGGGGACCCTTCGCGCCCTCGCCATCGAGGGAACCGTGCTCGAGCCGGGTATGGAGATCGCCGGGGTGCGGGTATTCGCGTTCCCGATCCCCCACGACGCGCGGCAGCCTGTGGGATTCCGCTTCGAGGCCAACGGGACGCGGATGGGGATCGCCACAGATCTCGGGCGGATCACAGACGACGTGCTGACTGCGCTCACTCCCTGCCAAACGGTTGTGTTGGAGGCGAACCACGATGTGTCGATGCTCCTGTCCGGGCCCTACCCGTGGCCACTCAAGCTGAGAATCCTTGGCCCCGACGGGCACCTCGCCAACGAGGAGACGGGCCGCGCGGTTCGGCGGCTGGGGAGCGAGCTCCGGCAGGTCCTCCTCGCACACCTCTCGGACGAAAACAACACGCCCGCGCTGGCCCTGGAGACGGTGGCGCAAGCCGTCGACGGCTGGCGTGGACGCCTGTACCTTACCTACCCGGACCGACCAAGCGTGGTGGTCGGAGCGTAGGGGCGCACGATCCCAAGCTGAGCCATTCCGCGCACGATCTCCCCCACGCTCGGCACAGCGGTGGACCCGCTCCAGAACTCCGGGTTGGTCGACGTTTGGTACACGGCGAGAATCACGAACTGCGGCTCCTCCCACGGGAAGAACGCGGCCATCCCCGTTGTCACGTGATCGGCCACGTACCCCCGTCCGGGAATCGCCATCTCCGCAGTTCCGGACTTCCCGCCGACGTTGAACCCGGGAACGGCCGCCGGGGTGCCTGTTCCCACGTTCACGGTGTACCCGAGAACCTCCCGCATGGTCCGGCAGGCGGCGGCGGATGCGATCTGCCCGCGCACCTCGGCCGGTCCCGGCAACAGGCGAGGGCGAACGAGCGTCCCCCCGTTCGCCAGCGCCGCGAACGCTGCCCCAAGCTGGATCCCGGTCACGGCGACTCCCTGTCCGAACGAGGTCACAGCGAGGTCGAGCGCGGTCCACCTTTCCCGCGGGTTGACGATCCCGTTCACCTCACCGGGGAGTTCGATCCCCGTCCTTTGGCCAAATCCCATGCGGGTCACGTAGGCGTACGTTCGCTCGATCCCAAGACGCTCTGCCACCTGCACGAGCACCGTGTTCACCGACTCCGCCATCGCCCGACGGAACGTGACCGTGCCGTAGCTCCTGCCCCGCGCGTTCTTGACTTGTACTCCGCCTACAAGGATCGGTGAGTCGCCGGAGAACACGTCATCCGGCGTGACCAGTCCCTGGTCGAACGCCGCGAGGCCCACGAGGGCCTTGAACAGGGAACCGGGCTCGAACACGTGCGTAACGGACCACGGGTGGAGCAGCGCCGGGTCGGGGCGCCCCGGGTCCACGGCCGGGCCGTGGGCGAGCCCCAGGACCTCTCCCGTGTGGGGGTCCATCACCAGAGCGAACCCCCGCTCAGCTCCCGCGTAGGTTTGCAGACCGCGCGCGATCTCTCGCTCGCACACCCACTGGATGCGGACGTCCAGCGTGAGCTGCAGCGGCTGGCCAGGCGCACCGGGGTCCTCCTCCCACAGGTCGAGGATCTGCCCCCCCGGTCCTCGCAGCAGGCGGACCCGCCGCGGTCGCCCGGCAAGGTGCTCGTCGAACAGAAGTTCCATCCCTGCCAGACCGACCCCATCCACTCCCACCACCCCCAGCACAGGCAAGGCAAGGGAGCCCTGGGGATAGGCTCGCTTCCAGGACTCAAAGAACAGCAACCCCCGAATTCCCAGGCTCTGCGCCTGGGCGCGGATTCGCTGCCCAACGCTGTAGTCTACCGCTCGGGATAACCAGGTGAAGTACGACGTGCGGTACACCCGATCGGACGCCTCGCTTCGGGACATGCCCAGCTCGCGCACGAGGAGATCCACCAACAGTTCAGGCTTGGTAAGGAGGTAGTTGTCCAGCGCAATTGCGTACGCGGGGACATCGTAGGCGAGCGGGACTCCGTTCCGATCGTAGATCGCTCCTCTCCGTGCCGGAAGCTCAACAACGTCCTCCTGGATGGACTGGGCCACTGCCGACCACCGGCGGTGCTCGACAACCTGAAGTTGGACGAGCCGGCCCACCACGACCAAACCCCCCAATGCCAGCACCGAGAACGCCACGATCGCGCGGCTAATGGTTCCCTCCACCGAGCACGAGGTACCGGGTACGCTTCTCGTCGAACGGGACCATCCCCAGCGCACGCGCCCGCAGGGCGACCTCCTCCAGGGAGTACGCCCGATCGACCTTATAGACCAGGTCTAGCCTGACCCGATCAAGGTCCTGCAGCGAAAGCAAGGCCCGCGCTCGTTCCGCGCGGAGGGTCGACAGAACGCTCCCTTGCCACAGGTAGAGGAAGACAAGTCCCGCCACCACAGCGCCCGCAGCGATCCATAGGGCGACACCTCCCCCTAAGGCATGGTCACGGCGCCCCCGCTCCGGCCGGGGTCTCTCTCCCGCGCTCAACCCACGCACGCCCCCAGGATAGGACGGGAAGACCTCACGATCGCGGACAACTGGCCGGGGGCAGACCGACCTCGGACACCCGCGCCGCCCGGAGCTTCGCCGATCGGGCTCGTGGATTGCGGGCAAGCTCCTCCTCAGCCGGGGTGATCGGCTTCTTCGTGAGGACCTCGAGCCGGCCAGCGAGGGCTCCCTCCCGCAAGAAGTGCTTCACGATCCGGTCCTCAAGCGAGTGAAACGAGATCACACACAGGACGCCTCCCGAAGCGAGAAGGGACACAGCGGCGGGAAGCGCCTCGCGGAGAGCCCCCAACTCGTCGTTCACCGCGATCCGCAAGGCCTGGAACGTCCGTGTGGCGGGGTGGATGCGGTGACGGCCCGGAGGGTAGGCCCGCGAGACCAGGGAGGCAAGCTCGCCCGTCGTGTGGAGCGGTCGGGCCCGCACGATGGCCCGCGCGATCCGCCTCCCGTACCGCTCCTCACCGTACTCCCACAGCAAGCGCGCCAAGTCGGGCTCAGGGAGTCCGTTCACGAGGTCGGCGGCAGTGGTGGGGGCGTCGGGGTCCATCCGCATGTCGAGGGGCCCCTCGGCTCGGAAGGAGAACCCGCGGTCCGGGGCGTCGAACTGGAGGGACGACGCCCCGAGGTCAAGGAGAATCCCGTCCAGAGCGGGGAGGCCCAGTGGGGCGAGAAGCGCACGGAGGTCCCGGAAGTTCCCCCGCACGAGGGTTACGCGATCGCCGAACGGGGATAGCCGCTCGCGAGCGAGGGCCAGCGCGTAGGGGTCCTGGTCGACGCCGACGACGAACGCACCGCGAGCAAGGAGCGCCGCGGTGTGGCCTCCCGCACCCACCGTCGCGTCGACGTACCTCTTCCCCGGGCCGGGGTCAAGGAACCCGACGACCTCTGTCGGGAGGACCGGTTCGTGCACGCTCGACCCCGCTACCGCTGTCGGGAAAGGAGGTCTGCCGCCTCCCCGTCGACCAGGCGAACAAGCCGTGGCTGATCGCCCTCGATCGCGGCGAGGAGCCCGTTCTTCCCCCACCGCACCCACAGGGCACCCTCGCTCCCGGGGACGGGGGCAATCTCCCTGGTCGCGAGGTCACAGACAAACACCCCCTGCACCGGCCGATCCAACGCCTGAGCCACAAAGGCTACCCTCTCCCCATCGGGCGCGAACACCGGTGAGATGGCCGGCGTCGCGATCCGTGTCACCCGCCCTTCCTCAAGGTCCACCAGGTACAGGGTCGGCACGGGCTCAGCCTGGGGCTCGACGACCGCCGGCTCGTCGTCGAGGGAGATCGCGAGGTACCGCCCTGCCGGATCGAGGGCCAACGAGACAGAGGAGAAGAACAGAAAGGTTGCCTCGCGCTCGTTCCCCACCGCGATCCGGACCGGGAGCCTTCCCTCCCCGAGCCAGGAGAAGGTACCGTCAGCGCTCAGAACGGCCGTCCGGTCTCCGGCCGCCCGGAACGCGAGGACGCCGCTCTCGAACCGATCTGCCTCCCCCGTCTCTCGATCGACACCCCACAAGGCGACCGACTCGCCCTCCGCCCGGAGGAAGAGGACCCTCTTATCCCCCGCATAGCGCGGGGAGAAGAGAAGATCCGGGCACGCGAACACCTCCCGCACCGCTCGGCCCGGGGACCATTCCAGGAGACGGCTTGCGACCGGGAGCCCGTATTCGTCCGTGTCCACGACGAGCAGCAGCCACCCCTCGAGCGACGCATCGCATACCTGGACGACCTGAGCCTCCTCCGGGACGAAGGGCTCCCCAGCAGGGTTCCCCACGGGGTCGAGAACCCACA
CP034928.1_gap28	1330797	1333500	2703	GAGCGCTCGAACCAAGACACGATTCTCCACCAGTACCCAGCGGTGCGGACCGGGGACAAGGTGAAGCGGGGCGATGTGCTCGCGGACTCGCAGTCTTCGGTGAACGGCGAGCTCGCCTTGGGGACGAACCTTCTCGTCGGGTTCTTGCCGTTCGAAGGGTACAACTACGAAGACGCGATCGTCATCTCCGAGCGGTTGGTCCGGGAGAATCGGCTCGACTCGATCCACATCCAGGAGTTCGAGGTTCGCGCCGAGGAGACGAAGCTCGGACCCGAGGAGATCACCGCCGACATTCCCAACATCTCCCGGGAGGCGCTCCGCAACCTGGACGAGCACGGGATCGTCCGTGCAGGAACCGAGGTCCAGACGGGGGACGTGCTCGTGGGCAAGATCACCCCCCGCGGCGAAGCCGAACCCACCCCCGAAGAGCGAATCTTCCGGTCCATCTTCGGGGAGCGGATGCGGAACTTCAAGAACACGTCCCTTCGCATGCCCCCCATCTCCGGGACGGCAACCGTGATCCGGGTGAAGCGAATGTCCCGTGCTGCCGGCGACGAGCTGGAAGCAGGGGTCAACGAGCTGGTGAAGGTCTACGTTGCCCAGCGACGGCGGATCGCGGTGGGCGACAAGCTGGCCGGACGCCACGGCAACAAGGGCGTGATCGCCGCAGTGCTTCCCGATGAGGACATGCCGTTCCTCCCCGATGGGACGCCACTCGACGTGGTGCTCAACCCCCTCGGCGTACCGTCGCGGATGAACCTCGGACAGATCTTCGAGGCGAACCTGGGGTGGCTTGCTTCGCTGCGCGGGGAGACCGCCGCTTCACCGGTGTTCGACGGGGCGCACGAGGACGAGATCCTCACCGACCTCACCCAGGCCCTTGTTGAGCACGGTCTCGCCGACGGAACCCGGATGGACGGCAAAGTGGTGTTGCGGGACGGTCGCACCGGAGAACCCTTCCAGTCGCCCATCACCGTGGGGGTGCTCTACCTCCTGAAGCTTGAGCACATCGCTGCGGAGAAGATCCACGCCCGATCCACGGGTCCCTACGCTCTCATCACGCAGCAGCCGCTCGGCGGGAAGGCGCAGTTCGGCGGGCAGCGGCTGGGGGAAATGGAGGTGTGGGCGCTCGAGGCGTACGGTGCGTCGTCCCTGCTCCAGGAGATGCTGACCCTCAAGTCCGACGACGTGAAGGGACGCGTCCAGCTCTACAAGGCGATCCTTCGGGGAGAGGACTTCCCCCGCCCCGGGATCCCGGAATCGTTCCGCGTCTTGTGGCAGGAGCTGCGCTGCCTCGGGCTGTCCGCCAAGGCCTACGACAAGGACAACCGAGAGCTGGAGATCGTGTGATCCCATGCCGGACGAGCGCGCGTCCGGGATGATCCTGTACCGAGACCACGGGCAACTCCGGGAGTACCTGCTCATCAAGAACAGGGTCGGCGGCCACTGGGGGTTCCCGAAGGGACGTCTGGAGCCAGGCGAGGACGAGATGCGGGCCGCACTGCGCGAGGTAGCAGAGGAGGTGGGAATCGCCCATCCCCAGGTCGTGCCGGGGTTCCTGGAGCGCCTCTCGTACCGGTTTGTCCGCAACCGGGCGCTCGTCCAGAAAGAGGTCATCCTGTTCCTCGCCGCAACGAACGAGGAAGGAACCCCCGAAGGCCATGAGATCGAGGCCCAGGCATGGCTTCCCCTTCCCGAGGCCCTGGCCCGGCTCAGCTACCCCGAACAGCGATCGGCCCTTTCCCGAGCTGACGCGTTCCTACAGGCGCAGCATCCGCGCTCGGGGAGGTGATCGGCGTGGGTTGGCCCCAACCCGTGGCCGCACTGACGGTCTTTGTCGCTGCCTACGCGCTCATCTTCTCCGGCTACCTCCACCGCACCGTTGCGGCCCTCATCGGCGCAGTGGCGATGATCGTTGCAGGTAGTGCCCTCGGGTTCTACGCTCACCGCGCGGCCGTAGCGAGCATTGACGCCGACACGCTGTGGCTTCTGTTCGGGATGATGGCGCTCGTGGGGCTTCTTCGCGAAACCGGCTTCTTCCAGTACATCGCCATCCGGGCGGCGAAGATCGCCCGTGGCAACCCCACCGTGCTCTTCATCTCCTTTGGGCTCTGCACGGCCGTGGCGTCGATGTTCCTGGACAACGTCACCACCCTGCTCACCGTGGTCCCCGTGACGATCTCCGTGGCCGAGGTGCTGGCGATTCCAGCCGGGCCGCTCCTCATCATGGAGGCGATGGCCTCGAACATCGGAGGAACCGCGACCCTCGTCGGCGATCCGCCGAACATCCTCATCGGGTCCGCAGCGGAGTTCCCGTTCAACGCGTTTCTCAGCCACACACTGCCCGTCGCGGTGACCGTGCTCGCAGTGGCAATGGCGTTCCTCCTTGTTCGGTTCCGCCGACGAGCGCAGTCCGGCGCCTCGAACGTGGAGGCGGTGATGGCGATGGACGAACGTCAGGTGCTCACGCAACCCCAGGCCATGGGCAGGCTTGTGGCGGTCCTGGCCCTGGTGTTCGTCCTGTTTGCCTTCCACCACTTGATCGGCCTAACCCCGGGGGTAATCGCGCTCATCGGCGCGGCACTGAGCGCGCTCGTCCTCAGACCGAGCATCGAGTCGTTCCTCCACGGAGTGGAGTGGGATCTCCTCGTCTTCCTCGCCGCGCTGCTCGTCCTCACGGGTGGCCTCGAGGCTTCTGGCGCC
CP034928.1_gap29	1361139	1364293	3154	CTCCTCGCCGCGATCGCGGATGGGTCCGTCCACCTCGTGGTGGGGACCCACGCCTTGATCCAGGAGGATGTGGCGTTCGCGGACCTCGCCCTGGCGGTCGTCGACGAGCAGCACCGGTTCGGGGTCGTCCAGCGGGCAGCCCTCGAGGCGAAGGGGGAGGGCGCGAACATCCTCGTTATGTCCGCGACGCCCATCCCCCGCACCGTCGTCCTCACCGTGTACGGCGAGTTCGAGGTGTCGGTGCTCGAGGAGATGCCCAGCTCCCGGGGAGCGGTGCGAACGGTGTGGCTCTCCGAGTCGCGGCGGGATGAGGTCTACCGCGACGTCGAGCGCCTGCTCGCCCAGGGGGAGAAGGGCTACGTCGTGTTTCCCGTGATCGAGGAGTCCGCGGAGCGCGACCTCCGGGCGGCCACCGCCGGGTTCGAGGAGCTTCGCGCGCGGTTTCCCGAACATGGGGTGGCCCTTCTCCACGGCCAGATGGGGTCCGAGGAGAAGCGGGCGGCGATGGGCGCGTTCCGCGACGGCCGGGTCAGGGTCCTCGTGGCAACAACCGTCGTCGAGGTCGGCCTCGACGTGCCCGACGCGTCGTTCCTCGTGATCGAGCACGCGGACCGGTTCGGGCTTGCCCAGCTTCACCAGCTGCGGGGCCGCATCGGGCGCAAGGGCCAGCCTGCGGTGTGCTACGCGATCGGCGACCCGACGACCGACGACGCACGGGACCGGCTGAGCGCGTTCCGCGACCTCACGGATGGGTTCAAGATCGCCGAGGCCGACCTCCGCATCCGAGGCCCTGGCGACCTCCTGGGCACGGAGCAGTCGGGGTTCGTCTCCCAGCTGCGGGCCGCAGACCTCGGGCGCGACCTCGCGCTTCTCGAGCGGGCACGCGCGGAGGCGGCCCGGCTGGTGGAGGAGGGGATCCCCGCGGAGCTGGAGCAGGAGGTCGAGCGCCGGTTCGGGGAGGCCCTGTCCCTCCTCGGGGTGTGAGATGAACCCGGTCCGGGAGGGATCGCGCTGGGTGGTGCGCTGGGCCCGGTGGGTTCGACCCGATCGTGGGGGGCTGGAGGGGCTCGCCGAGAGGATCCGGAACGTCCCCGTTCCCCCCTGGGAGGGGCGGTACCACTTCCGTGGCGACGAAGAGCCCACGCTGCGCTACCTCCTCTGCCTCGACGCGCTCAACTTCTGCTTCTGGCCGCCCTCTCCCGCCACAGGGGAAAGGTGGTCCGTCTCTGGGCCGGCCGGGGAGAGGCTGACCGGCTACTTCGCCCTCGCCTGGGCCCTCCGCCGGGCGGCGGAGGAGGAGCCGTCGCTCTTCTCTCCCGAGGTCCTGGCGGAGGCGACCCCGGACCGGGTGCGCGCGGTTCTCGGTGAGATCCCCCTCCTCCCGTGGCGGGCCCGCGCCCTGCGGGAGGTGGGGGCAGCCCTCCTCCAGTTCGGGTCGGCCCGGGTGTTCTTCGCATCGGCGGCTGGCTCGTGCCGGAGGCTAGTGGAGCTCGTCACCTCCCATCTTCCGTCGTTCCGCGACGCGGCCCTGTACGGCAACCGGGAGGTCCTGTTCCACAAGCGGGCCCAGATCCTGTGCGCCGACCTGTGGGGGACCTTTGGCGGGGAAGGGCCGGGAGCCCTCCACGACCTCGACTGGCTCACCGCGTTCGCCGACTACAAGCTCCCCCAGCTCCTGTGGGCGGAGGGAGCGCTTGACCTTCACCCGGCCCTCGCCGCCCGGGTGCGCCGCCTGACCCCGCTCGGGGCTGGATCGGCGGAGGAGGTCGAGGTGCGGGCAGCGACCGTCGTGGCCGTGGACAAGCTCTCCCTCGCCCTCCGGCGGTTCGGCCGCAGCGTGCGGCCGTTCGAGGTGGACTGGATCCTGTGGAACCTGTCCCAAGGCCCGCTTCGCGTGCCCCATCCCCGCGTTCGGACCGCCTTCTACTGACGATGACCTCGTTCCAGATCCTCGCCCGCGCGTCAGGCTCCGCAGCCCGCCTGGGCGAACTCGTGACCCCCCACGGGACGATCCAAACCCCGGCGTTCGTCGCCGTGGCCACCCGGGGCACGGTGAAGGCCCTCGGCGTCGACGACCTCCTCGGGTTGGGGGCCGAGGTCCTCATCGCGAACACCTACCACCTCGCCCTCCGGCCAGGGGCAGAGGCGGTCGCCTCGCTGGGGGGGCTCCACGGGTTCACGGGATGGCGTGGGCCGTGGTTCACCGACTCCGGCGGGTTCCAGGTGTTCAGCCTCGGGGCGGGGAAGGTCCACGGCGTGGGCAAGATCGCGTCCATGTTCCCGGGCGAGCGAACCGCGAAGCCCACCGGGACCTCCCTCGTTGCCCTCACCGAGGACGGGGCGCACTTCCGGTCCGTGGTCGACGGTTCGCCCGTGTTCTTCTCCCCCGAGGAGGTGGTGCGGCTGCAGCGACTCCTCGGGGCCGACGTGATCCTCCCGCTCGACGAGTGCACGTCACCGTTTCACGACCGTCCGTACACAGAGTCGGCCATGGAGCGCACCCACCGCTGGGCCGAGCGGGCCCTTGTTGCGTTCGAAGGGACGCGCGGGCTGGGCTCCAACCCCGGGCAGGCCCTGTGGGGGATCGTCCAGGGCGGGGCGTTCGACGACCTGCGACGGCGGTCGGCCCGGACGATTGCGGGGATGGGGTTCCCCGGGTTCGCGATCGGGGGGTCGCTCGGCCGATCGAAGGACGACATGCTGCGGGTGATCGAGTGGACGGTGGCTGAGCTCCCCGAGGACCGACCCCGGCACCTCCTTGGGATCGGAGGGGTGGAGGACATCCTCGCCGCTGTGGAGCGGGGGGTCGACACGTTCGACTGCGCCGCCCCGACGCGGCTTGCCCGGAACGGGGTCCTCCTCACGTTCGCCGAGGACGGGTTCCGGATCGCAATCCGCAACGCCCGGTTCGCCCGTGACGAGAGTCCGGTGGAAGAGGGCTGCGACTGCCCGACGTGCCGCCAGTACTCGCGGGCGTTTCTCCGCCATCTTCTCCAGACGGGCGAGCTCTCGTACCACCGGCTGGCCACGCTCCACAATGTCCGGTTCATGGTCCGGCTCATGGACCGGGTGCGGACGGCGCTGGGGGCGGGTGAGGCCGTTTCCGACATCCTCTCCGCTCCCTTTACCAATCCCCCGGCTCGGTGACGGTCTT
CP034928.1_gap30	1370789	1371572	783	GACGGGAGAGCTTCCCCGCCCAGTCGTAGAACTCCGCCCGCAGGACGATGAACTCCTCCTGGTGGACCCAGAGGACGATCCGCGCCCAGTCCGTCCCGGCCGCGGTCGGGGTCAGGGCAAGGGTCCACGCGGGGTACCCAGCCACCGCTTCCTCCCCTGTCAGCACCGCAGTGTACCCCTCCCGGTAGCCGAACCCCGACGCGAGGTCGTCGTAGCTGAGCCCGCTTCCGGCGATGAACTCACCCTGGCGCTCCGTCTCCCCCACGAGTTCCTTCAGGATCTCGAGGTCGGGGAGCCACAGCCAGATGCGGGCCTTCCCCTCTGGGGGTAGGTGGGCGAGGTACAGGGTGCCGGACACGTCGGGGGGAAGGACGTACAGGAGCAAGGTCTTCGTTGTCCCGTCGGGGTAGTCCTTCGCCCACACGCGGAACGCGTAGTCCCGCGGGGCCAGGCCCGGCTCGTCGACCACGATCCCCAGAGCGAGGTACAGGCTGCCCCGCCCGGTGCCGAGGAAACTCTGCTCCTCGACTCGGTCGAGGATCTCGTCCGCCGTGACGGGCCCGGCCCACACCGCCAGCCCCCACGCCCCCAGGGCCAGTCCGAGGATCAGACTAATCGCGGTTTTCATGTGAACCCTCCTTTCGTCTTTCGGCGCCCCCCTCCGGGAGGACCTTCGGCGCCCCTACCCGCCGCGGCAGAACCCACCCCGGCCGAACCCACGCCAGCACCGCCGGCAGAACGTACAGCGCGCCAAGCGCGCTCGTGACCATCGTCACCGCCACC
CP034928.1_gap31	1385570	1386270	700	CATGACCGTGAGGGTATAATGAACCAGTTCATGAGCACAAGACAGCTCATCCCGGACTGGCTCACGGCGATCCGGGGGTTGACGGCAGTGGCCATCCTCGGCCTTGTCCCTGTGGGTCCCTCGGCGCTGAGGGCCGTGGGGTTCCTTCTTCTCGTTGGGTGGACGACAGACATGGCCGACGGCAAGCTGGCGCGCCGCTGGGACAAGGACCCGTCGTGGATCGGTGAGCACGAGTTCCACATCGACATGCTGATGGTCCTTGCCTCCACCGTGTTCCTGATCTTGACGGGCCTCGTTCCCACCCTTCCCGCGACGGCGTACCTCCTGGTCGCTGCGCTGCTGTCCCTCGGCGTTCTTCGCTGGTCAGGGGACTTCCTGAAGTTCAAGTCCGTCACGATGATCTTGGCCTGTCCGTGGGTGTTCATGCCGTTTGTGGTCGCTCTGTGGCACGACCCGGTCGTGGTCTACGTGGGACTGGGTTGGATCTTCGCAGCACTTCTCCTCGACTGGCGACGCTTCCTCGGCGTCGTCGCCGAGTTCATCACCGGAGCCCGAGCCTTCCTTCGTCGACCCTAGAGGAGGCGGGTCGGGGTACGCCCGAGGTGGGTGTAGGCTCGCTCGCTGGCGATCCGGCCTTGGGGGGTGCGCCGAACGAAACCCAGCGAGATCAGGAACGGCTCGTACAGGTCAGCGATCGTGT
CP034928.1_gap32	1387658	1392483	4825	GACTCGCGATCGGTTCGCCGCCTCACCCGCACGCCGGGGCCGGTCGATACCCCGGACTTCTCCCCCGACGGCCGGTCCCTCGTGTTCGTCGGCCTATGGCAGATCGGACCAGCTCTGAGCTGGGACGTGTACGTCCTGGACCTGGCGAATGGCGATCGTATCGAGATGCTCACCGAGGATCCGTTCTTCGACTGGTGCCCCCGCTTTTCCCCAGATGGCGAGTGGATCGCGTTCGAGTCCACCGCTCGCGGGCCGTCGGACATCCATGTGCTGCGACGGGATGGACGCGAGCGCACGCCGTTCACGTTCGATGAGTGGCGTGATGCCTTCCCTTGCTGGAGCCCAACCGGAGACGAGATCGGCTACGGCTCGCTGCGGTCCCAGGGCTGGCTCATCCTGTCGAGCAAGACGTTCTGAATCGATGATGCGAGCCGTCGCCGTGGGACGGTTCGACGGGGTCCACCTCGGCCACCGATACCTGCTCGAGGAGACCCGCCGCCGCACGCCCGACCACGCCCTGGTTGCGTACACATTCCCCCCCCGCGGGCCCTCCCTGCTGACGCTGGACGCAAAGGTGCAGCTCCTCCAGTCGCTCGCTGACGAGGTCTGGATCGCCCGCTGGGAAGAGATCCAACACATGACCGCTGAGGCGTTCGTCCGCGAGGAGCTGTGGCAGCGGCTGGGGGCCACTGCAGTGGCCGTGGGGCCCGATCATCGGTTCGGACGAGGACGCACTGGCGACCTCGCCACCCTGCGTCGCCTCGCATCGTCCCTCCCGATGGCCGTCCACACCATCCCGCCTCTGGAGCTTGACGGCGCTGTGGTGAGTGCAGCCCGGATCCGAGCTCTGGTCTCCGCAGGCGACGTCGAGCAGGCCGCCCGACTCCTCGGCCGGCCGGCCTGGTTGGCCGGGACCCCTATCCCCGGGGTGAGACTCGCGCGTCGGCTCGGGTACCCGACGGTGAACCTCGATCTCGCGCCCGAGCTTGTCCGACCCCGGTCGGGGGTCTACGCAGCGTGGGCCCAGTGGAGCGGCGGAGAGAGCAGAGCTCTGTTCTACATTGGACGACGGCTCACGTTCACCGGTCTTCCCCCGTCAGCGGAGGTCCACCTGTTCGCCCCACCTCCGCACCCGGTGGCGGGTCCCGTCGAGGTTCACCTCATCCGATGGATCCGTCCCGATCAGCGCTTCCCGGACGCCCAGGCGTTGGTAGCCCAAATCGCCCGGGACCGGGTACAGGCTGAGGAAGTCCTCAGCACGATCGCAGCTCCTCCGCGGTTGCTCCGCAGCACGGAGTTGCGGACCCCCGGAGCCGGCGCCTAAGATGGGCCTGTGGTGGTGTTGGGAATCGAGACCGCGGGGGACAGCGGTGGCGCTGCCCTGATCTCCGCAGGCGGTGAGTACGAGGTCTTCGTCACTCTGGGGCGCGCCGGAGGGGAACTCCTCCCCAAGGCGGTGGATGCTGTGCTCCGCGTTGCCGAGGTTCGGCGTGACCAGATCGAACTTCTCGCGGTGGACATTGGTCCGGGGTCGTTCACCGGACTCCGCATCGGGGTTGCGTTCGCGAACGGGATGGCGCAGGCTCTGGACATCCCCGTGGTGGGGGTGCGTCAGACGGAAGCCGTCGCCCGGCCCGTCGGGTGGTGGCCGGGCAAGGTTGCGGTGTGGATCCACGATCGACGGGAGTTCGTCTACGCGGCATGGGCCACCCAGGAGCGGGTGGGAGCGGAGACCGTGCTCCCGTGGTCCGACGCGCTGGCGAAGGTCCGCGACCAACCGGGAACGCTCCTCGTCGGATCGGGCGCGGTGCGGTTCAGGAACGAGGTCCGCACAGCGGCACCGGAAGTGGTGTGCGCTGCCGAGGTCCTCGCCCGTCCGCGGCCTGCGGAGGTCGCCCGATTGGGATTGAACCGATTCCAATCGGAGGGGGTGGCCACCGTGAGGAGGCTCGAGCCCCACTACGTACACAAGGAGGATTGACATGGCACGGATATGCGAGATTTGCGGGCGCGGCCCGGAGTTCGGCGCGAAGGTCAGCCACTCCGGTCGCCACAGCCGCCGGGTGCGCCTGCCGAATCTGCAGCGCATCCACGCCGTCCACAACGGACGGCGCGCGCAGATGCGCGTCTGCACACGGTGCATCAAGGCCGGCAAGGTCGCCAAGGCATGACCCCCCAGCTGCGCGTGGGCGACCTCGCAGTGGGGAAGATCCTCGAGATCCAGGCCAACGGGGCTCTCGTCGGATTCCCCGAAGGGGGAGTGGGGTTTCTGCACGCCTCGGAGATGCTCACGGACGGGGCGACCCCTGGAGAGCAGAGCCTCGCCGTGGGCCAGGAGGTTCTCGTCAAGGTGATCGGCTCCGACCGTCTCGAGCGCCCTACGCTGTCCCTGCGCAGGGTGACCGACCAGGACCGGGAGGTCATCGCCTACCATCAGGAGGCGATCGAGTTCCGGTCCGCGCTCACCAGCCGGGCCGCGTTGACGCCGCTTCCCGAGGGTCCGGAGGAGCGGATCGAGTGGCGCCTTGCCGCATGGCTCAAGGCCACCGATGCGGCCCTCGGGCGTCTCCGGCGGCGGCGGGCGACCCGAACCTCGCAGCGACTGGAGCTGGAGTAGGAGGCAATCCATGGCCAACGGAAAAGCGGTTGTGGACCGGGAGCGGTGCAAGGGGTGCGGCTTGTGCGTCGCCGCATGCCCGTTTGGGGTGCTCGAGCTGTCCGCCACCTACAACAGCGCGGGGTACCCTGTCGCCGCGATGGCCCACCCCGACAAGTGCACGGGCTGCGCCCTGTGCGCGCAGACCTGCCCCGACGTGGCGATCGAGGTGTACCGTGAGAAGACGGCCGCCGGTTCGGCGGAACCCCCAACCGGTCGCCGATAACTGAAGCCACCGCAGTGCAAGGAGGGTGGATGGCGGAACGACAGCTCATGACCGGCAACGAAGCGATGGCGGAGGCGGCGATTCGGGCGGGTTGTCGAACGTACTTCGGCTACCCGATTACCCCGCAGAACGAGATCCTGGAGTACATGGCAACCCATCTGCCCAAGGTCGGGGGAGCGTTCCTCCAAGCGGAGAGCGAGGTTGCAGCGATCAACATGTGCTACGGGGCCGCCGCAGCCGGGGTGCGCACGATGACCTCGTCGTCCTCACCGGGAGTCAGCCTCAAGATGGAAGGGATATCCTATCTGGCCGGAGCTGACCTCCCGTGCGTCATCCTCAACGTCGCCCGGGGCGGTCCGGGCCTCGGGAACATCGCCCCGGCCCAGGGCGACTACTTCCAGGCAACCAAGGGCGGTGGCCATGGCGATTACCGGTTGATCGTCCTCGGCCCGTCGACCGTTCAGGAGGCGGCCGAGCTGGCGGCCCTGGCGTTCGATCTCTCCGACCAGTACCGCGTCCCCACGATGCTGCTCGCCGACGGGATGCTGGGACAGATGATGGAACCCGTGTCCCTGCCCGAGCCCCGGGCCGGCGCTGACCGGCCCGCCAAGCCGTGGGCCCTCACCGGGGCAAAGGGACGAAATCCCAACTACGTTGCCAGCTTCGCACTCGAGCCGACGGTCCTGAGGGACCTCAACCTGAAGCGCCACGCCCGGTACAAGGAGATCGAGGCCCGCGAGGTGCGGTGGGAGGAGGTCGCCACCGAGGACGCGGAGATCCTCGTCGTCGCCTACGGGACGATGGGCCGGATCGCGAAGACGGTGGTCCGGCAGGCCCGGAACCAGGGCGTCAAGGCGGGTCTTCTGCGACCGATCACCCTCTGGCCGTTCCCCTATGCCCCGATCCGAGCCCTCGCTGAGCGCGTCACGGCCGTGCTCACCGTCGAGCTGTCGGCCGGCCAGATGTGGGAGGACGTTCGGCTGGCGGTCGAGGGCCGGACCCCAACCCCGTTCTACGGTGAGATGGGTGGCGTTGTGCCCACGCCAAGCGAGATCCTCGAGGAGGTGCTGCGCCATGTCTAGCACGGGAACGATGACGAAGGTCTTTGCCCGACCGAAGAGCCTGACCGACAAGCAGTTCACCTACTGCCCGGGGTGCGACCACGGCCTCATCACGCGGATTCTCGCCGGGGCGATCGACAAGCTCGGGGTGCAGGAACGAACTGTATTCGTTGCTCCTGTGGGGTGCGCTGTGTTCGCGTACGAGTGGTTCCGATGCGACGGCGTGCAGGCTTCCCACGGCCGTGCCGCAGCAGTCGCCACGGGCATCAAGCGTGCTAACCCAGACCTGATCGTGATCTCCTACCAGGGCGATGGTGATCTGGCAGCGATCGGGACCGCAGAAACGATTCACGCTGCCAACCGGGGAGAGCCCATCACCGTGATCTTCGTCAACAACCAGATCTACGGGATGACCGGCGGGCAGATGGCGCCCACGACGCTCGCCGGGCAGCGGGCGACCAGCTGCCCCGAGGGGCGCGATGTGCGCACAATGGGGCATCCTCTCCCCGTGGCCGAGATGATCGCCACCCTTGGTGCCCCGGCCTACGTCACCCGCCAATCCCTCCACGACCCGAAGCACATCGTCCAGGCCACAAAGGCCGTAGAGAAGGCCCTCCGCTACCAGGTGGAGGGGACGGGGTACTCGCTCGTCGAGATCCTCGCCACCTGTCCGACGGGGTGGAAGATGTCGCCCACAGCGGCCCACAAGCACGTGGCCGACGTGGTGATGGGGGCGTTCCCCGTCGGCGACCTCATCGACCGGGGGTAACACGTGCTCACCGCAGAGACACAGAGGGCGCAAAGGAAACCTCAACCCGTCGGTGACGCCGCCTGTTTCAGTGGCCAGATCAGCGGGAGTGGGGTGAGCGTCAACGAGCTCAC
CP034928.1_gap33	1438426	1441728	3302	TCGCTCGGTGAGTTCGGGGTCGAGCTCCAAGTGTCTGCAGCGGGTACAGGATGCCTGGCCCGGTGGACCCAGGCCGAGGCCACGATCTGCGGGATTGGACTCGCGCTGTACCGGCTCGTGGACGAGGATGATGATCAAGCCGCAGTCACCCTTTGCTCAGGAGAACGGCTGATGATCGCACTGCCCGGCAACCCCACCACGGGCTACGGATGGGAGATCGACGATGAACCGCTCATGTTGCAGCGTGCCGATGGTCTCGACTACCGTCCGAGCTCCGGGCTCATCGGCTCAGGTGGAACGTTCTACTTCCGATACGAGGCGGTGAAGTCGGGCACCGGCCGACTCGAGTTGGCGTACCGGCGTCCGTGGGAGGTTGTGCCCCCCCAACAGACGTTCTCCATCTCCGTGACCGTGGAGTAGCGCTCGACGTCCCGTCGGCGCCGGCTTGCCAGGGGACCTGGCGCTGGTCATACTCCACCATGGCCGACAGGGCGTGGTTGTGGGTGGCTGTTCTCTTCGTCCTCGTGTCCACGGGCGGTGTGGCGGGCCCACTCGAGGACGTGTTGCGGTTGACCCCTGTCTTGTTCGAGAGCCCATTCATCGCGTTCACGTACTGGGCCCGGATCCGCGCCGACGAGGGGCTCGACGACCTCACAAGCCAGAGCCCGATCGAGGAACGCTGGGCGCTCGTCCGGTCCACCACCGAACGCCACGCGGCCCCATCCGCGTTCGGTTCGAGCCGTCTTGCCGTCCACGCCGGGGTGTGGGGCTGGGACGTGGCCGACCACGTGTGGGAGGCGTGCCTGGTTCTCGACGCCCTTCCCCCACTGTGGCTGGTCCACGTCGGCCCGGGGGTGGACCTCGACGCACTGGCAGCGCGATTCCGCGACCGGGGGTTCACTAGGGAGGACTTGTCAGGGGTCGCTGTGTTCCACCATCCCCTCGACCTCACCGCCGACTGGTTGCGGGCAACAGAGCTTGCGATCCTCAACACGGCGATCCTTTTCGGGGAACGGCTTCTTGTCATGTGCTCGGCCCCGGGCGGGGTCGAGGCGGTCCTCGCGGCGCGGGCAGGGGAGCTCGCTTCGTGGGCGGAGGTCCCGTGGGCGGCGTCGCTGGCTCAGGTCCTCGACCGCGCGTCGGGCGCGGTGCTCCTCCTCGGCCCGGCGACCTGTCTCAGCTTTTCCGCAGCAGATGTGCTGGCAACCCTGATCGCTTCACCGCCGAACGAAGCTGCCCGCCGGTTCAAGGCGCTGCTCGAGGCCGGCCCTCCGCTCCACCCCTACGTGGGGTTTGCAGCCGGCTACGAGGTCGAGGACGGTGAGCCCGTCGGGCTGTTCGTCCTCCACTACCTGGACGGGGAGTCGGCCCGCGCCGACCTCTCCGCGCGGACAGCGCTCGCCGAAGAGGGGGTGTCCCTCGTCACGCGGGTGCTGTACCGGGAGGGCACGTTCACCGTGCGCGCGGCGTCCGTGGAGGGGACGAGCGTCGTCCTGCGCGTGGATCCGACGAATGGCCAGCCGTCGCGTGTCTTCTCCATGGTCCACGCACGCGACCTCACCTTCGCCCTCTGCCCGTAGCAGAACACCATGCACCTGCAACTGATTGCCATCACCCCAGACGCCGAGGCCCTGATCGCCCGCTGCGCGCGGGTGAGCCATCGCAGCGAGGGCACCGGGCTGGAGAGCGACCGCGAGCTCATTCGGCGCCTGATCAAGCTCGGGCACGAGTCGGTGCTTGAGCACGCCGTGGCCACGTTCGCCATCTCCGGGGTCTCCCGAGCGTGCGCGAACCAGCTCACCCGCCACCGCCTGGCGAGCTTTGTCCAGGAGTCCCAGCGGTACGTGGACGTCCGGGACCGCCCCCTCGTCCGACCGCCCTCGTTCTCGGACGAGGACTGGCAGGAAGCCCGTCGGCTCTACGCCGACGCCCTCACCCTGTACGAGGGCCTCGTTGCCCGAGGGGTCGCCAGAGAGGACGCCCGGTTCGTCCTGCCGATTGGGGCCGCGACGCAACTCGTCCTCACGGCCAACTTCCGCGAGTTGCGGCACATCCTCCGCCTCCGTCTGGCCCGAAGCGCTCAGTGGGAGATCCGCGAACTGGGCCGCCGCATGCTGACCATCCTCCTCGACCACGTCCCGAGCGTGTTCGAGGACCTGGGAGGAGAGTCATGAAGGGACAACCCCTATCCGACCGCGAGATCACGATGCTCTGCGCCGGGCCCCGCCCGATGCTTTCCCCGTTCGTCCCCCACCAGGAGGGCAAGCCGTCCTACGGCCTGTCCTCGTTCGGGTACGACCTTCGGCTGGGAACCCGGTTCCTCGTTCCCCTCGGGGGCGTGAACGCGGTCCTCGACCCGGTGAACTTCCCCCGGGACCACTTCCGGGAGGTGGTAGCCGAGACCACGTTCGACCTCGCTCCCCACTCCCAGGTCCTCGCCGAAAGCGTCGAGGCATTCGAGATGCCCGACGACGTCATGGGGCTCGCGTTCGGGAAGTCGAGCTACGCTCGGTGTGGGCTCCTGTGCAACCTGACCCCCGTCGAGCCCTCGTGGCGCGGGCGGCTGACCCTGGAACTGGCTAACCTATCCCCGCTCCCAATCCGGCTCCACGTCGGGCAGGGAATCGCCCAGGTCGTGTTCTTCCGGGGCGAGCGCCCCGCGCGCACGTACGAGGAGAAGGAGGCGGGGAGAGCGTACCAGGGCCAAGAGGGCGTGACCCTCCCCCGTTGAGGGGTCATCCCCTCGCGGACCGGAGCGTCAGGGCGCGCCAACGCCCTGCGCCCGAAGCCACCCCGGATACTCCGTGGCCAGCCAGTCCGCGAAGCGCTTCCCCGTCGGAGTAAGCCCGTTCTCGTCGTAGAGGGCGTAGGCGCGGTTGTCGCGATGGGTTGGGGGATGAAAGAGAACGTGAACGCCGAACAGATCCCCCGGCTTCAGGCTCCAGAGGACCTGCGTCCAGAGCGCTGCTGCCTGCTCCAGCCCCTCCGGGGTTGGAGCGGCAAAGTAGTACCCCGACTCGGTGATCGCCACGGGAAGATGGGCGAACTCGGCGATGAAGGCGAACTCCTCCGAGGCCACGTCCTCCCCATGGGGGCTCTTCCCCCGGTAGATGTGGAACGTCACCCCGTCGTACAAGGACGGGTCCTCGTTCCACGCCTCCCGGAGGAGCCCGTTCCAGTGCCGCCGGTAGGCGTCGGTGGCGCGGCCCGTGTAGCTTGCCGCGCAGGCGTAGACGGGGATCCCGAACTCCCGCAACGGGGGAACCCATGTCCGCAGGATCTCCACGTAGTCCTCGGCGCTG
CP034928.1_gap34	1442770	1446658	3888	TGCGGGCAAGCTGGCGGGCTGAGCGAGGAGGTCCAGAGTGGGCTACCGGTACGTGGTCGTCGGGGCGGGGCGGCAGGGCGTGGCCGCCGCGTACGACCTCGCCCGGCACGGCGAGGCAGAGCAGATCACGCTCCTCGACCGCGACCTTGCGATCGCGCGCGCCGGGGCAGAGCGGCTGAACCGGCTTCTCAGCCGACGGGTGGCGGAAGCGCGGGTGGGGGACGCCGCGCAGCCCGAGGCGCTCGCCCCACTTCTGGCGGCGGCCGATGGGCTCTTGTCCGCGGCGTCATACCGGTTGAACCTCGGGCTGGCCCGGCTCGCGGTCGAAACGCGGACGCACATGGTCGACCTCGGAGGCCACACAGGGATCGTCCGCCACGAGCTCGCCCTCGACCCCGACGCCAAGCGGGCAGGGATCGCCCTCGTGCCCGACTGCGGGATGGGGCCGGGGATGAACGTGACCCTCGCCCTGGCGGCGATCGCCCTCCTCGACCGCGCGGAGGAAGTCCGGATCTACGATGGCGGCCTTCCCGAGCAGCCGCAGCCGCCGTGGAACTACGCCCTGTTCTTCAGCGCCGAGGGGCTGGTGAACGAGTACGAGGGCGAAGCGTACTTCCTCCGGGCGGGCGAGGTCACCCCGGTTCCCGCGCTCACCGACCTTGAGGAGCTGGAGATCCCTCCGCTGGGGCGGCTGGAGGCGTTCGTGACCTCGGGCGGGCTCTCCACGATGCCGTGGACGTTCGCGGGGAAGCTCCGGGTCCTCGAGAACAAGACCCTCCGCTACCCTGGCCACTGTCACCTCGTTCGCGGCGTCCGCACGTTGGGGTTGTTCAGCCGGGAGCCGATCCCCGTGGGGAACAGCACGGTCGTCCCGCGGGACCTCTTGATCGCCCTCTTCGACCGCTCCCTCGCCGACCCAGACGCCCGAGATGTGTGCCTGATCCACGTCCGGGCGCGGGGGACGCAGAACGGCCAGCCGGCCGAGGCCCGGGTGAACCTCGTCGACCGCTACGACCCCCAGACCGGGTTCCGGGCGATGGAGAAGCTCACCGGCTGGCACGCCGCGCTCGTCCTCGCGCTCGCCGTGCGGGGGGAGATCCCACCCGGGGCGACCCCGATCGAGCGCGCCCTCCCCGGAGACCGGTTCCTCGCCGAGGCCCCGGCGCGGGGCTGGCGGGTCGAGCAGTCCGTCGGCCCGGCGGGGTAGCCGTCCGTCACGGCCAGTCTCTCCCACTGGAGGCGCACCCGTTGCGCCTCGGTCCCCGGCGGGGTAAGCTCGGTCCAATCTCGGGGATGGAGTCCCCCGTGAACCGCCCTCAAGGCTGATGACTCCTGCCGCGATCGGGGGGACGGCAGGAGTCCCGTGATCGCCCTGCTCGGCAGGGTTCTCTCTTGCCTCCCGGTCGCGCCCAAGGAGCTCGACATGGGTCGACGCGACGACGAAAAGGTGTGCGGAGTTCCTGTCTCCCCCTCGCTGAACTTCCAGGCAGGGGAACGGTGCCCACGCCGGGTTCTGCGGCTGACCACGTGTGAGGGGGCGTAGGTATGTTCGAGATCACCAGCCCAGTACTGGGAATGGGCGTGCTCCTCCTCGTCGGGTACGTCGGCGGCCGCCTGGCGCGGCTGGTCCGTCTCCCCGCGGTCGCCGGGTACGTCCTGGCGGGCGTGCTGCTCGGCCCATCGGTGTTGCGGGTGGTGCCGGCTTCGCTCCAGGAGAGCATGATGCCCCTGAAGGACTTCGGGGTGGGAATGGTGGCGATGGTCATCGGAGCCGAGCTGGTGTGGCGCAAGATGAAGCGGCTCGGGCTGAGCATCTTCCTCATCTCGGTCTGCGAGGCGGCAGCGACGTTCGTCCTGGTGTACCTTGCGATGCGCTACCTCCTCGCCCAGCCGCTCGTGGTCGCTGCCACCCTCGCTTCGCTCGCCACGGTGACGACGCCGGTTGCCACGTTTGCCGTGATCCGCGAGTACCGCGCCAAGGGCCCCTTCACGAGCACGTTGCTCGGGGTGATCGCCGCGGACGACATCTGGTGCATCACGGCCGTCGGGATCTCGGTGGGCCTCGTCCTGAGCATGGGCGTCGAGACGAATGCGCTCCAGTTCGCGCACCTCGTGCCCCCGCTCCTCGAAGTGGGCGGCTCGATCGGCCTCGGCCTGGGCATCGGCTTGCTGGCGGTGCTGGCGCTGCGGTTCATCCGCGATGAGTTGGAGACCCTCGCCTTCGTGGCAGCGATTGTGTTCGTCAACGCCGGCCTCAGCCGGTACCTCGGGATGTCTGCCCTTCTCATGACGATGTCGAGCGGCGTCGTGATCTCGAATCTTCTCCACGAGGACATCCTCAAGGTCATCCACCGGATCGACGTTCCCATCTTGATGGCGTTCTTCACCCTTGCCGGGGCGGGGCTCGACCTGCGCGTCCTTGTCGCGAACTGGTACATCGCCGCGGTGTACATCGCGTTCCGCATCCTCGGGAAGACCGGCGGCTGCTACGTGGGCGCCCGGATCTCGAACGCTGACCCGAAGGTGCGACGGTACCTCGGCCCGGCGATGCTCACCAAAGCTGGACTCAGCCTCGGGCTTCTCATCTACATGCAGGAGCGGCTCGCCGGGCTCGGGGTCGCGGCCCTGCTCGGATCGGTGGAGCTAGCGGCGATCACGTTCTTTGAGATCACTGGTCCCATCGCAGTGCGGTGGGCCCTGTTCCGGGTGGGGGAGGCACGGCACCCCGGTGAAGTTCTCGGCGAGGAGACGGTCAGTCCCGCCGAGGGTCTCCCTGCACCGATGGGCAGCCTAGTTCCGGTCTCAAACGTGGTGCCGCTGCCTGATGGCGTCCACGATGAGGAGGCCGCTGAGTGATGACGCGCAGCGCTCGGGAAACAGGTCTTGCAGCCACGTGGACATACCCGATCCGTGCGCGAGAATTCCGGCCTCCTGGGCGTTCGCCACGCCGCGGTCAGGACGAGCGTCTGGCGGCACACCCCCCGGATGTTGGATTGAAAGACCTGACCCCACGGCCTCCACATCATCGGGGCGACCCTGGCCTGCCTGAGCTCGTGCGCAAGCTCGCCCAACCAGGCTGCCTTCTCTGTCGCGAGGCAGCGGAGGCCGAGGAACGGTTCTTCCTGTGGTACCTCGCCGAGAGCTACCTCTTCCCGGAGAGCTTGGACCACATGATCCGCGCTCACGGCTTCTGCTCACCCCACACCCAGGCGTTCCTCGAGGACGGGATCCCGTCCACCATCGCCTACGTGTACCGCTTCCTGGCGGCGTCCGCACTGGATGCTGTGGAGACGGTGGAGGGACCGCGAGCGCACGGGAGAGAGCTGCGGTACCGGATCGCGGCCCTCTTCCCAACGGCATCCTGCCTCGTCTGCGTACGCCAGAATGCTCACCTGACCTATGTCGAGCAGCTTCTGGCACGCCTGTTGCGTGATCGAAAGGTCCGCCCGGAGCTTCCGCCGAGCCTGGCGGTGTGCCTCCCCCACCTGCGCGCGCTTGCCCCGTTCCTCGATCAGCACGCGCTTCAGCTCCTTGCCACGGGGCTGCGGGAATGCCTCGCCGCGGCCGATCCCCGCGCTACCCGGTCGTGGACGTGGGGTACGCCACCGCCGCCCACCCCGGCCACGCCGGAGATCTGCGTCGCAGATGAGCATTCGACCACGCTCGATGCGGTGCGGAAGGTCCTGGCCACGCCGGGTTGCGCGGTGTGCCGGGCCGAAGCCGTCGCGGTTGGCCAGTACATCGCTTGGCTCGAGCGAGAAATCCACACTGCACCCAACGCAACGTGGCACAGCGGTCTGGCGCTGTGTCCGAGCCACGGCTGGCAGTTCGCGCGGAGTGCGGCCGAGGACGCGGTAACCCAGCTGGCCGTCGCCGTTCGGCTCTTCT
CP034928.1_gap35	1540609	1544560	3951	CGCGGCCGCACCCCCGCCCGACCCAGACCTTCGAGGAGGAGCGTAGGGTGAACGTTCCCGATCTGGCGCCACGCTTCGAACCCGTCGGCGCGGAGGACGACCGTGAGTGGCACCCCACTGACCCGATACGCGGTCCGCAGCGCCGCCTCCGCCGGCTCGTTCCAGTGCGTGAGGTCGACGCGCAGCCGGACCGCCCCGGAAGCAGCCGCCACGACCTCGGCGTCGTGGAGCACCTCGTCCTCGAACGCCACGCACGGCCGGCACCACTCAGCAGTGAAGTAGAGGAGGACCGGCTTCCCCTCCGCCCGCGCCTCGGCCAGCCTCTCTGCCGAGAACGGCTCCCAGGCGACACCTTCGGGGGCCCGCGGCCGCGGCTCGCCCGGCAGGAGTGGCCCCGGGGGCCTCAGACCTACAACGGGAATCCCCTCCGGGATTTCGGTCTTCTCCGCGGGGATCTGCGGGTCGGGCACGAACTCCTCGACGCGGACGGTCCGGATCCTGTCCCCCACAGTGCCGTAGGGAGAGGTGCTCTCCGGACGCTCGTGCTGGAGGACCTCGTAGGTCTCTCGGTCCACCCACCAGGTCAGGGTGCGGATCTCGGCGAGGGAGGTCGAGGGCTCACCCGTGATCCGCCACACCGGCCGGTCGCCCAGGACGTCTTCCTCGACCCCGGTGTACCGAGCCCCGGGGTCGAGGCCGAGCGCCACGGCCAGCACCACGACCAGCCGAAGCTCGACGGGAAGGGGAACAGAGCCGTTCCCCGCCACCGGCCGTCGGCGACGGTGTACATCGCCCCCTGGTCGAGATCCCACACCGTGACCGACCGGGCGGGGATCGACCAGGCGTCCGTGCTCTCGATCCGAAGGACAGGATCCTGGTACCATACCTCAGACACGCTGTCGCGGCCGTGGGCGCGCCCCACCGTGCGAAGGTAGAACGAGGTCCACTCCCTGTACCTCCTCCCGACTTCGTCCATGATCCGTTCCGCCTCAGGAGAGCGGGGGGCGCGCACGACCACGTCTGCTCCAGGGGGGAGGAGGAAGACCTCGTCCGGGATCTTTACGCCTGCGCGGAACTCGCGGAGGACGTGCGCCATGATCACACCCGGGGACTCGATCTCCGTCTTCACGACCCGAAACGACTCCTGGTCCACCCACACCCGGACCGGGACCGCCCACCCGACGGCCTCGCTTCGCCCCTCCAGCACCCAGGCCGGCGTTCCGTCGAGGTCGTCCTCCCCAGCCGAGGTGAAGACGACCGCACCCGAGGCGTACGGAAGCAAGAGGCTCAGTTCGGCCCAGGAAAGGTCCGTCTCCTCCTCAACCCACAGCCCCGTGGGAAGCTGTGTCACCTGGCGCCCCGCAGCGGCATCCGCGAGCAGAACGCTCATCGAGAGTGCAGGCCCCTCGACCGCGGTCACAGCCACGGAATCGAACTCGGACCGGATGCGCGGATAGGACGCCCAGATCCGGAACGGGACCCGGGTGGTGTAGAAACCGAAGTACTCGAAGGTGAAGTCGCCGACCGCCTCGTAGGAGAGAAGCCCGGCGTACGCCTCCTCGATCTGGGTCAGGAGTTCGTCGAGGTCGGGCGTGGGCCCGCTGTAGACCACCAGCGCCGCGGCAGCGAGAAGGGCGGCTCCCGTTCCGATGCGCCTCGTCATGCGGTGCCACCTCTCGCCGTTAAGAGACCACCGCACGACCGCCGGGTCAACTCCTCGACACTCCGGGGTCAGGTCTTCATTCTTGGTGTCAACCTCGGACCCCCGTTCACGGCAAGACGCAGGAGGCGCAGAGAAGAGCGATAGGATCGACCGCAAGAGGCGCAACGGACACCACGGGCACGAAGGAGAGAACGGAACAGAGCCCCGTGTGTGTGAGACCCAAGATCTGCTGCCGTTCTTGGCGGCCTTCGGGACCTCAGTGGTCAGCCGGTTCCGGGTTCATCTGCGTTCTCCGCGGTGAGAATCACGTTCCTGCCCGTCCTCATCTCCCTAACCCTCCCCCATCCAGGGGGAGGGGACAGAGAAACGTGGGAGAGGTCGGCCCGCCTGCCGCCGGTCTGCGTGCACCGCACAGGCCGGGATGAGGGGGCCGCGGAGACTACCTGGACGGCAGCTCGGTAGGGGGGAGCGAGCTCGTCAGCTCCTCGAGGAGCCTCTTCTGCTGACGGGAGAGCTTCTTGGGAACCACAACCTTCAACCGTACGAGAAGATCGCCCCGCCGCCGGCCACGGGGCAGACCCTGGCCGGGCACGGTCAGCACGGCATCGGGATCGGTTCCGGCCGGGATCTTGAGGTCGGCCTGGCCGTCGAGGGTCGGCACCTTCACCGTTCCTCCCAGGGCGAGCGTGCCGTAGTGGACGGGGAGGTCCACCTCCAGGTCCTGACCGCGGCGCCGGAACACGGGGTGGGGCTGGATCTCCACCGTGACGTACAGGTCCCCGGGCGGCCCCCCGGCCACCCCCGCGTTCCCCTGGCCCGCGAGGCGCAGCCGGGCCCCGTCCTCGACCCCCCCGGGCACCTCGATCGTGATCTCCGCCTTCTCCCGCACCCGCCCGTGGCCGCCGCAGCTCGGGCAGGGGGACTCGGCGAGCTCGCCTGCCCCCCCGCACTCGGGACAGGCCCGGACGTTCACGAACATCCCAAACATCGAGCTCTGGCGGTACTCGATCTGGCCGCGCCCCTTGCAGGTCGGGCACGTCACAAGCTTCGTTCCCGGGGCGAGGCCAGACCCGCGGCACCGTTCGCAAGAGGCGTAGCGGGCCGCGGTCGCCCGCAGCTTGGCCCCGAACGCCGCATCCTCGAGCGACAGCCGCACCCGGTACTCGAGGTCCTCACCCCGCTGGGCGCGGCCCGTCCGCTCCCGGGTCCGCATCCCCTCCCCGAAGAACATGCTGAACAGGTCCTCGAACCCCCGGCCGCCGAAGAACTCGCCGAACGCCTCCCGGGTCCGGCGGAAGTCGCCGGGCCCGAAGTCGAACCCTTGGTCCGGACCCGCGTGCCCGAATCGGTCGTACTGGGCCCGCTTCTGGGGGTCGGAGAGCACCTCGTACGCCTCGGCGATCTTGCGGAACTTCCGCTCCGCCTCCTTCTTGTCGCCCTGGCAGGCGTCGGGGTGGCACTCCTTGGCCAGGCGGCGGAAGGCACGCTTGATCTCGTCGGGCGAGGCCCCGCGGTCCACGCCGAGAACCTGGTAGTAGTCCTGGGGCACCGGCTACTCCTTATCCTCCTTGTCGTAGGGAATGTAGTCACCCGTGCCGGGCTGCCCGGTGTCGGTGCGGGTGGTCTGCCCGGCCGCCTGGTACGCCGCCGTAGCCACTTCGCCGGCCAGACGCTTCAGCTCCTCCATCCCCGCCCGAATCGCCCCCACGTCGGCGCGGCTGTCGAGCTTCTCCCGAAGGGACCGGATCGCCGCCTCGATCTCGCCGCGTTTCGCCGCGGGCACCTTGTCCCCGAGCTCGCCCACGGTCTTCTCCACCGTGTGGACGAGGGCGTCGGCCTGGTTCCGGGTCTCCACCTCCTCGACCCGTCTCCGGTCCTCTTCCGCGTGTTCCTCGGCGTCCTTCCGCATCCGCTCGATCTCCGCCTCGGTGAGCCGCGACGTCTCCCTGATCTCGATTGACGCCGACTTGCCCGTCGCCTTGTCCTTTGCCGTCACGTTGAGAATCCCGTCGGCGTCGATCTGGAACGTGACGTCGATCTGGGGGACCCCGCGCGGCGCGGGGGGAAGGTCGGTGAGCTGGAACCGGCCGAGCGACTTGTTGTCCGCCGCCATCTTGCGTTCCCCCTGGACAACGTGGATCTCGACCTGGGTCTGGAAGTCATCGGCGGTGGTGAACGTCTTCGTCTTCTCAACCGGGATCGTCGTGTTCCGCTCGATCAACGGCGTTGCCACCCCACCGAGGGTTTCGATGGACAGGGTGAGCGGCGTCACGTCGAGAAGGACGAGG
CP034928.1_gap36	1547929	1551624	3695	AAGATCTCCCCGAACTCGGACGCCATCTCCGCGAGGTGCGTGCGCAGCGTCTCGTCGTCTGGGGTCTCCCCGGCCTCCGGAAGGAGGAACCGCTCCCGCAACGCGTACACGGCCTCGCGCTGCTTGGCCATGATCTCGTCGTACTCCAGAAGCCGCTTCCGGATCTCGAAGTTCCGCTCTTCGACCCGCTTCTGGGCCCGACGGATCGAGCGCGTGAGGAGGTCGTGGGTGATCGCCTCGCCCTCCTTCACCCCCAGCTTCTCCATCAGGGTCGCCAGACGCTCTCCCCCGAAGATCCGCAGGAGGTCGTCCTCGAGCGACAGGAAGAACTGGCTCGATCCCGGGTCACCCTGGCGGCCGCAACGTCCGGCGAGCTGGTCGTCGATCCGCCGCGCCTCGTGCCGCTGAAACCCGAGCACGGCCAGGCCACCGCGCTTGATCGCATCCTCCCACTCCTCAGCCCGGAACGGCCGGCCGACCTCGGCACACCAGTCGCGGATCCGGGCCAGCGCGCCCTTCCGGTACGCCGGGTCGTCCCCGGCGGAGGACACGATCGCCTCCCGCTCTGCGGCCGCCTCGACGCGGTACCTCTCCACGAGCTCGCGGTACTTCTCCGGCTCCTCGTCGGGATCCGCCTCGAGCCGGGCGCGGAACTCGGGGCTCCCACCGAGGACGATGTCCGTCCCCCGGCCCGCCATGTTCGTGGCGATCGTGATCGCGCCCTTTCGCCCGGCCTGGGCGATGATCCCCGCCTCCTTCTCGTGGTACTTCGCGTTCAGGACCTGGTGGGGAAGGCCCCGCCTCTTGAGGAGCCGCGAGAGGTCCTCCGAGTCCTCGATCGAGGTCGTCCCGATGAGCACCGGCCGCCCCTCGTCGTGGAGGCGCTTCACCTCGTCCGCCACCGCCTCGAACTTCCCCTTCTTCGTCCGGTAGATGACGTCGGGGAGGGCCTCGCGGATCAACGGCCGGTTCGTGGGGATCTGGACGACATCCAGACCGTAGATCTGCTTGAACTCGTCTTCCTCGGTCTTCGCCGTGCCGGTCATCCCGGCAAGACCCTTGTACAGACGGAAGTAGTGCTGGAGCGTGATCTGGGCCAGGGTCTGGCTCTCCCGCTGCACGGGCAGGTTCTCCTTGGCCTCGATCGCCTGGTGGAGGCCACCGGAGTAGCGGCGGTCCGGCATCAGCCGGCCGGTGAAGTCGTCGACGATGATCACCCGGCCGTCCTTCACGATGTACTGCTGGTCGCGATGGAAGAACATCCGGGCCCGCAGCGCCGTCTCCAGGTGGTAGCGGGCGGTCGTTGCCCCGGCATCCGCGATGTTGTCGAACTTGAGAATCTGCTCGGCCTTCCGCCACCCGGCCTCGGTGAGCGAGAGCCGCTTGTGCTCTTCGTTCACCTCGAAGTCCTCGCCCTCCTTGAACAGCTTGGCGAGCCGAGCGAACTCCCGGTACTGGCGGGCGGTATCGGCGGTCGGGCCCGAGATGATGAGCGGGGTCCGGGCCTCGTCGATGAGAATGTTGTCGATCTCGTCGACGATCGCGAAGTCCAGCGGTCCTTGCACCATCTGGGACCGCGTGGCGACCATGTGGTCGCGGAGGTAGTCGAACCCAAACTGGGCGTTGGTTCCGTACAAGATGTCGCAGGCGTAGGCCGCGCGCCGCTCATCGGGGGGGGTCGTCTCCTGGAGGAGCCCCACCGTGAGGCCGAGGAACTCGTACACCGGGCCCATCCATCCCCGGTCGCGGCGGGCGAGGTAGTCGTTCACGGTCACCACGTGGACCTTGCCCACGAGGGCGTTGAGGTAGGCGGGCATGGTGGCAACGAGGGTCTTCCCCTCGCCGGTCTTCATCTCCGCGATCCGACGCTGGTGAAGGACGATCGCCCCCATCACCTGAACGTCGAACGGGCGGAGGCCAATCGTGCGGGTCGCCGCCTCGCGCACGCAGGCGAACGCCTCCGGAAGGAGGTCATCCACCGTCTCGCCGGAGGAGAGGCGGGCGCGAAACTCGTCGGTCTTGGCGCGCAGCTCGGCGTCCGACAGCTTGGCCACCCGCTCCGCCCACCCGTTCACCTCCTCGACGACCGGGAGGAGCTTGCGGAGGCGCTGCTCGTTCGTCTGGCCAAACAGGAACTCGATCCCGCGCCGAATCGAAGGCATGGAGAGGACTATACGACCCGCCCGGAGGGGTCGCAACCGCCCCCAACCCGTCGCAGACAGGCTGCGACGCTACACGACCCACAGGACGTCACCGCCACGCCCGCGGAGGACGCCGACGACACCCGACCACGAAGAACAACGCAAGCCACAGGCTCTGGTCCCGGAGAGAGCGATCCCTTCGTGTCTGGGGTGCCTCCGGCGCGCCCTTGGCGGTGCAGGGGTTCGAGGTTCCCTCGGCGATCTCCGTGCTGACGAGCTCGTCCCGGTTCCCCAGCGTGGGGGCTCATCCCCGACGCCACGGAACCATGCCCCGAGGCCCCCCTAGAACCAGAGGGCGAGGGCCACCGCTGCCAGCGCCAGGACGACCCCGGTCACCCCAAGCACGAACGCCGTCTGGGCTTTCTGGGCGATCTCCGCGTTCGCGGTCTGGCTGACCTGTGCCAGCTGGACCCGGATCGCCTGCAGCTCGCGGGCCATCGTGGCGTCGAGCGCGCTGACCCGGGTCTCCAGCGATGCCACCTGGGGACCGTAGTCGGTACCCGTCCGCGTTCCCTCGACGTTCTTGATCGCCCGGGACAGCCACTGCGCGGCGTCGTACCGCAGGAGCGGGGCGTTTCCGGAGAACTCGCCCCCTGCCCCGATCACGATGACCCCCCGCTGGACGAGGTCCCGCACCGCCGAGTACGCGGGGTGGGTCGTGGGCACGTCCACGAACATCCCGCCGATCCCCGCGTCCGCCAGACCCGGGGTCATCGCCCACATCGAAAGCACCACCAGACCGCATACCACACACACCGTACGCCGCATCTCGATCGCCTCCTTAGGTCTTCACTCCAATGTGATCCAACCTACGGACCAGGAGTCCCCCCCTCAAGGAAACGCGTTCCATCGCCAGGGGACGCGCGCCCGTCCAGCGGTAGAATGGTCCCACGAGGAACGCGGGGGGCGGCCTCCCGGCCTTGGCGAACGAGGATCGGGGCGGGCTCGCCGTGTCCCCGCGCTGGAGTGGGGCCCGGGGAGGTGAGCCAGGCCTGCCCGAGCCGAGCCCGGGGCGCGGCACGGGTGCCGGGGATCCGCGGTCGGGTGTAAAGGGGGAAACGATGGGACAGCACGCGAAGACGTGGACTGAGCTCGCCCTCGTCGACCAGGCGCGGACGGCGGACGTGCTCGCCGGGTTCCCGGCCCAGTGTCGGGACGGCCTGGCCCTCGGGGGGCAGGTTCCCCTGGAGGGATTGACCGGGTTCACCCGCGTCGCCTGCCTCGGGATGGGAGGCTCCGGGATCGCCGGCGCGCTCCTCGGGAGCATCCTCCCCTTCGAGGTCGTGCCCGTGCGCGACTACACCCTTCCGCCGTGGGTCGGGGCGGAGTCCCTCGCCATCGCCCTGTCCTACTCCGGCGACACCGAAGAGACCCTCGCCGCGTTCGACGAAGCGCGGCGCCGCACGACGCGGCTCCTCGCGGTCACGTCCGGCGGGGAGCTCGGTCGTCTCTGTGCGAGGGACGGAATCCCGTGGATCGAGATCCCGAAGGGGT
CP034928.1_gap37	1593531	1595810	2279	GAGTGAGAACAAGGAGAACGAACACCGCCCCCAGCAGGAGGTCGTCGATCTTGCTCCACACATGGTAGTCCACCCGCCACAGGACGATCAGCCCCACGAGTCCTACCACCCCGCCGATGATCTGGCGCTTGAGAAGGGACCACGGATTCCCGGTCAGGCGCAGCGAGAGAGGGAAGCTCGCCGAGTACACGAATAGGAACCCCGCCAGGAGAAGAAAAGCAAGGACCACCGCAATCCTGCCCTCGAGGCTCCCCATGGCGAAGGTAGTGTGGCACACATGTCCCTTCGGCCAAAGGACCGCGGGGGTACCTCCCCCGGCTATCGTTCCGAGGGAGAGGTGCGCGGTGTCCCCCGCGCCAGGGACACCAGGGGCCTACTCCGCCCCGAGGAGCGCGGCGAACGCCTCCCGAAAGACCTCGCCCCGGTGCGCATAATCTCTGAACTGGTCAAAACTAGCGCATGCTGGTGAGAGAAGCACAGTATCCCCAGGTCGGGCAGCCCGGTACGCGCGCTGCAGCGCGTCGGGCGGATCTCCGGCCAGCTCGTAGGGGATCCCCGCTGAAGCCAAGAGAGTGGCGAAGTACGCTTGGGACTCGCCGATCAGCACGCAAGCCCGGACCTTGGCCCGAAGACAGGGGAGGAGTGCCTCGTACCCCCCGCCCTTGTGGCGCCCCCCGAGGATGAGCACCACCGGACCCGGGATCGCCGACAGGGCGGCGACTGTGGCGTGAGCGTTCGTCCCCTTGGAGTCGTCCACAAACGGAATCCCGCGGAACTCCCCGACCCGCTCCATCCTGTGCGGCTGGCGGAGGGCGGGCACGATCGCTCCATACGGGGGGGGAGACCGCCTGATCTCAGGACACGCCCCACAGGCCGCGGCCCAAGCCGCCGCGAGGTCCGCCCGCAGGTGGGCCGCCAGCCCCTTCCCCCAGCCGGGCGGGAGCTCGACCCCGCCATAGTCGATGGTCTGTGCTCGGGGAGCCACGCAAGCGAGAATCTCCCTCGACAGAACTGCTTGATCCACCTCGCGTTGTCGGGCCAGGATCTGTGCCTTGGCCGCAAAGTACGCGGCCAGTGACCCGTGGTGGTCGAGGTGGTCCGGGGCGAAGTTGAGCCACACCGCAACCGTGGGCCGGAAGGTCTCCGTCCACTCCAGCTGGTACGAGCTCACCTCGAGCACCCATGGGCGGTCCCGCACGGCATCCACAGTGGCGATCGCTGGGCACCCGATGTTGCCCGCTACCACCGGGTCACGGCCGGCTGCTCCCAGAATGGCTCCGACAAGCTCTGCGGTTGTCGTCTTGCCGTTCGTCCCAGTGACCGCAACCAGAACCGAGGGTCGGCCAAGCCGGTACGCCAGTTCGATCTCCGACCAGATGGAAGTACCCTGCCGCCGGGCCACCCCGAGCATGTCCAGCCGGGGGGGGACGCCAGGGCTCGGCACGATCAGGTCAGCTTCGAGGACGCGGTCAGTATGCCCGCCCTCCTCCCACTCCACCCCGTGCTCGACGAGAAACGCCCGGTCGTCTGGAGAGAGGAAACCTCGCTCGGAAACGAATACCGAGAGTCCGAGAGGAGCAAGGGCAGCTACAACTGCCCGCCCCGTCCGGGCAAGGCCGAGCACACCGACCCGCCGAAACGGGAATGGCCAGTGCATCAGTCGCTCGGGATCGAGTCCAGCCGTCGCTCGAGAATCAGGTCCGACGAGAACCGCTCAAGGCACAGGTAGTGCGCCGCCGCCTGGACCAGCGCATCCTCCGGGACCAGGCCCACGATCTCCGTTCCCACCACCGGCACGCCATGCCGCGCCGCCTCCAACCGCACCAACTCCAGGGTTCGGGCAAGGGGGGTCTGCTTGTAGTTCGTGAGGTTCATCGAGACCTGGACGATTCCCCGATCCTCGAGGGCGACGCCCAGGGCCTTCACGTAGCGGAGCCCCCCCGAGGAACCGCGCACGGCCTTGGCGACCGCCTTGGCGACCTGGAGATCCGCCGTACCGAGGTTCACGTTGAACGCGATGAGGAACTCCCTTGCGCCGACGGCCGCCACCCCCGCGGTGGGGTGGACGGCCCGTTCTCCGAAGTCAGGGGCCCATGCCTCGGCACGGATCTTCTCCGCGAACCCCTCGAACTCCCCGCGCCGGATCTCGGCCAGATCACGGCGCTCAGGGCGGCTGGCTGCCTCCTCGTACAGGTACACCGGAATCCGGAACCGCTTCCACACCTCGTGGCCGACGCGCCGGGCGAGCGCCACGCAATCCGCCATCGTCACGCCCCGTA
CP034928.1_gap38	1614445	1615286	841	GCGATGTACTTGTCGAGCGTGAACGTCCCCAGCGCGCCCAGCCCGCGGGAGAAGCTCCCCAGGAGGAGCATCACGACCGGGCCGACGGTGAGGGAGGCCACGACCAGGATGAGCACCGCGACGAACATGGCCCGCGGCGGAACGGCGCCCCGCAGCCAACCGTGCGCGGTCATGACTGCGGCCGAAGCACGCGGCACCACTCGGGGCGTACTCGGAACCGAACTTCGTCCCCTTCGGTCACGCGATCGGCCAAGCCCAGCTTCGCCAGCAGCTCGACCCCATTCACCTCCACCCGCACCTCGTAGGCCTCGCCCGTGAACAAGGCCGCCTTGACCCGGCCGTCGAACTCGTTCATCTCACCGGGGAGTCCAGGCTGAACACGCTCCACCGACTCGGTGCGGAAGTACATGGTGGCTTGCCCATGCGGGGGAAGGTCTGGGGGCGCTGCGGCCTTCATCCGTCCGAGGGGCGTGTCGACGAGGGCGAGTCCGTCGCCCACGTAGGAGACCACCGTCGCCTGAACAAAGTTCGCCCGCCCGATGAAGTCGACCACGAACGGGTTGTCGGACTGGAAGTAGAGCTCCGTCGGTGTGCCCCGCTCCACGATCGCCCCACGGTGCATGACCGCGACCTCGTCCGAGATGGCCAGAGCCTCCACCCGGTCGTGGGTGACGTAGATCGAGGAAAGGCCGAGCGAGGTGATGAACGCCCGCAGCTCCTGGCGTGTGCTCTCGCGCAGTTTGGCATCGAGGTTGCTCAAGGGCTCGTCGAACAGGATGACCTTGGGTTCAGCCACCAACGCCCGCGCCAACGCGACGCGCTGCTGTTGGCCCCCGCTGAG
CP034928.1_gap39	1620297	1622880	2583	GCCTGCCCTGCGGAGTCCGGACCTTCCTCAGGGTTTCCCCCGCGGCCCCCTGGCCGTCTCCCTACCGCAGGCCGGTCCTCGTGAACCTGCACCGAGGACACGTCCACAGTATACCGCGGAACGATGCGCGCCTACGGAGCGGACGCAGGCAGTGCGGACAGAGGAAGGTGCGTGCTGCGAGGAACAGCACGCCCCCCCCCGCCACGGAGAGGACCACGTAGGCCCACGTCCACGACCGAGGCCTCTCCGTACGCTCTTTGGGCCCGGAGATGAGGAGGTCAAGGAGCCGCGTGGCGAGGTTCGCGATCGCCAACGCGGGGTGAGCTCGGTTCGCTTCGATCCGCGCCTCAGCGAGAATCCCCTCCCACTCGGGCGGTGCCACCCGCCCCGCCGCCTTCTCCCCCAGCCGCGCCTCGACGCTCCACCGACGGTCTTCGCCGCGCAGGAACACAACGAGTACCGCGTCAGCGGGCAATCGCCACGCGGAGAAGACAGCACTGGCGTACACAGTTGGGTTCGAAAAGGGGTCGTGCCACGAGGCGAGGTACACGAGCGATACACCGTGACCTTTCAAGGATGCGATGGCGGACTCCAACCGGTCGCGGTCCGCCCGCTGCAAGGTCTGGCCGTAGTCGTTGATGGCACCAACCTGCTGAGGAAGCTCCGGGCGAGTCTGGGCAGCGGCTAGGCAGGCCGCAAGTAGAGGAATCGCGAACAGTGCTCGCAGGTCACGACCTCCCGACCGGCCTTCACCTTCTCCACCGTCGTCTCCGCAAGCCGAAGGTGGCACCCACCGCACACCCCGGCCACCACCGGCACCACTGGGCTGCCCCCGCCGGCGAGGAGCCGCTCGTAGTGCCCGCGCAGGTGCGCGGGAACGCTTTGGAGAAGTCCCTGCCTCCGGACGCGCAGGGCCTCCCGCTCCGCCAGGGTAGCTGCGCGACGATCCGCAACAGCAGCGAGCTCATCCTCCAACCGTCCGCGTCGCACCGCGTGCTCGTCGCTCTCCACCCGCAGCGCCCCGTCGTCGGCGTCGGCGTCCGCCATCAGCTGCAACGCCTCGGTCGCGAGTTCGTCAAGCCTCTCCCGCAGCAAGGCCACCTGTTCACGGAGGTACTCCATCTCCTTGTAGGGGATGATGTCGTGGTCGAGCTTGTGCTGATAGCTACGGATTCTCTCGTCGGTGGCGTCCACTTCGCCCGTCTTGGCCAGGGCGGACAGACGGAGGGCACGGTTCGTCTCCTGACGGCGCTTGAACTCCTCGTCCTCGAGGGTGAGCCGCTCGTGAAGATGCTTCTCCTCTCGTTCGAGGTCGGACAGACGTCCGTCGAGCACGCGGAGGTACGCATCGGCTTCCGCAAGCTCCAGGAGCCGGCTCAGGGCATCGGTCATCGCTCCTCCACCGCCAGATCGGGAAACCGCCCCCGTACAAGCCTCCCCACGTGGGCCACGAAGGGCATCTCCGTCTCTCGATGTCCAAGCGCGATGGCCGTCAGGCCCGCCTCAGCTGCAGCCAGGCCCTGGTGGTAGCCAAGCTCGCCCGTCAGGTAGAGGTCAGCACCGGAAGCAAGAGCTTGCGGCCACAGGTCACTCCCGCTGCCGGCGCACAGAGCCACACGACGCACCTGCCTGTCCAGATCCCCATACACCGCCTGGGGCTCCACTCCGCCAAGCGACGTGCCGACGTGACGCACCACGTCCCTTGCCGCAGCCGGGTGCGGGAGATCTCCCACGCGGCCCAGCCCATGCAGAGGGGATGGGTTTTTGAGCGGGTACACGTCATAGGCCACTTCCTCGTACGGATGGGCCCCCTTCATCGCGGCGAGCACGGATGGGAGGCGCTCGGCGGGGACGACCGTCTCCAGCCGGATCTCGTCGGCCCGCGCCTCCTGTCCCACTTCCCCCAGGTAAGGATGCGCCCCTTCCCCAGGAAGGAACGTCCCGACCCCGCGCGAGCGGAACGAGCACCGGCTGTAGCGCCCGATCCCCCCTGCCCCCGCCGCGAACACGGCCTCGGCCACCTTCTCCTCGTGCCCGGGGGGCACGAACACGGCGAGCTTAACGAGCCTCCCCCGGGGGGAGAGGGGCCGCAGGGAAGCGAGGGAGAGGGACCGCGCCAGGACCTCGCCCATGCCCCCCTGGGCGATGTCATAGGGGGTATGGACCGCGTAGCACGCCGCTCCCGCGGCGAGGAGGAGGCGCAGCTTCTCTCCGAGGGGCGTCCCCGGGAGGAGTCGGTCCAGGGGGCGGAACAGGAGCGGATGATGGGTCACGACGAGGTCCACTGCCCCCAGATCACGAGCGAGGTCGAGATCGAGGTCGAGGGCCACCACGACCCGCCGACATGGCCGCTTGAGCCGCCCCACCTGGAGCCCGGACCGATCCCACTCCTCAGCGAGCGCAGGCGGGAACAGCTCATTGAGGAAGGCGACCACGTCCTGCCGATCCATGACAGCACGAGTGTAGCGACCCGCTGGCTTGCCGGGCAAGGAACCGTGGCTACCATCCCACCGATGGCGGGACGCACAGGGACCGCGGACCTCCCCCTCCACGGGGGCCATGCCCCGCGCTGGCTTTTCGCGC
CP034928.1_gap40	1631809	1634461	2652	TCACCGTGGTCGACCCTGATCTCACCGTCAGCGAGCTCACGGTGGAGTGCCAAGGCGACGGAAGCTTTGCCGTGAGCGCAGCGGTCCAAAATGTTGGGACTGAAGCCGCGCCACCCACTACGGTGCGTATCTACGTAGAAGTTGCTCTGTTCAATACCGTGGACATTCCCCCGCTAGCGATCGGTGGGAGCTACACCGTGAACTACGTGACCCCGCGGATCAAATGCGGTGAAGCCCACTTATTCCGCCTGGTTGTGGACGAAAACAATGTGATCTGCGAGTGCGACGAGGGTAATAACGAGGCCCAAGCTACGGCAAGCTGTGGCTGTCCCGCTTTGGTAACGCAAAAAGAGATCGCCCAGATTACCCGTGGTGGAATACCTATCGATCCCAGCCTTCCCATTCAGGCAGGCGATGTGATCACCTACCGCCTCGCTGTGCAGAATGTGGGCGAGGGGAAGGCTTTCAACGTGGACATTTCCGACACCCTCCCCAGCGAATTCCTCTACATCTCGGGGACAACACAAGCCAGCTGGCCCTCCGGAACGTACAGTTCTAATCCAAGTGGTGCTCCGGGGCCAAGCCTCTTTTGGGACACCTCGGCGGAGTTGTGGCCAAGTGAGACCCTTGTCCTGGAATTCCAGGCGGTGGTCACAAACGCCGTGGTCCAGGGGGAAATTTACACAAACTGGATGTATACCACCGGGGAAGAAGGCGACGGGAGTTCCATTCCGCCCGATATGAGCGCCACCGTTCCCGCCGATGACGATCCCTATGACTGTAGCTCCGTCTCCCACGAAGCTGCGGCTATCCCCGCCTTGTCGGTCGATAAGGAAATCGCCGATGTGATCAGAAATGGTGTCTCCATTTGGCCCACGAATACGGTGGAGCCGGGCGACCTTATCCACTGGCGGTTTACCATCAGGAACATAGGTATGGGGACCGCTTACGATGTGAACTTCACTGACGAGCTCCCTGCGGGCCTCGTGTATGTGGAAGGGACGTACGAGGTGGACGATCCGCCGCAGGCTGGCTCCCTGGGAATATCCGTTGGAAGTACCGGTCATTTGGTGGCCGATATCTCCGCGACGATCAATGGGGGCGGCACCTTAACGGCCGACTTCTTCACCTATGTGACCAGCGCCGTTCAGCAAGGTGTAGCTTTGGATAACTACGCCGGGACAACGGGAAAGGATGGGTACAACACTCCCATCCCTGCCGAAAACCCGCAAGCGGATGACACTTCCGATGATGACCCTGACGATCTTGATCCGGATGACACGGGCTTTGCCACGATCGGGGTGGCCGAGCCGGCCCTGGCGTTGGAGAAGGAAATCATCGATGTCCTGCGGGGCGGGGTGAGCATCTGGCCCACCCCAATCGTCCTCTGGGGCGATGTGATCGTGTATCAGGTCACGGTAAAGAACGTAGGTCTCGGTACAGCCTACGACGTGGATCTGACGGATGAACTACCTCTTGGCCTGGCTTACGACACCTCTTATGGAGACGGGACCTACACGGTGGACAATCCCGCTGCCTCCGGATCTCTGGGGATCCCGGCCGGGGCCACAGGCAAGATCGTCGCTGACATCTCTGCCACTGTGGCTGGGGGTGGAACCCTAGTGGCGGTGTACCGGGCCCAAGTAACACCGGACGCGGTGCCAGGGGTTTATGTCACCAACCTGGCTCGCGTTACTGGTCGGGATGGTGCTAAGACGCCGATTCCCGATTTCAACCTCTATGTGAACGACACCTACCCCGATCAGGATTCAACCACGATCCGCGTCGGTGCTCCAGCACTGGTCACGAACAAGGCGTACTACTGCGAGCCGTGTGATCCATGCGCGCCGGAATCCGGGGACTGCGATCCATGCCTAGAGGAACCAATCGAGGTCAGCGTGGGCAGTACCGTGGGGTTCCAGCTCGTGGTTGCCAACGTCGGGTACAGCCCCGCCTACGACATCATGGTCGAAGATTTCCTCCCCGCAGGTTTGGTCTACGTTGAGAAGTCCGCCGTGGTCAGATGGTCCGGAGGCACAGTGCAGGTTGAACCAACTGGCTCACCAGGCCCTGTGCTCACGTGGGTGACGGGACAGACCCTGGGACCGGGGGAGCGCCTGGTCATCACCTTCGATGCCCTGGTGACGGTTGATGCCTCAGTGGGCACCGAGGTCCACAACCTGATGTTCGCAAGCGGTGTAGATACTTTCAGCACCCCCATCCCCGCAGACTCGAGCTCGTTTGTCCCGCAGGACGATGATCCCGATGACCGCTCGGCCCTGAAGCTCATCGTGCGTGCAGGGCCCATAGGTACAGCACCTCCCATCACGGGTACGGCATCGGCAGCGCGTGCAGCTGGTGGGTGGGCAGCGCTGGGGCTTGTGGCGCTCGGTGGGCTGCTGGCGCTGCGTTTTCGGAAGATAATCGTGGCACGTGTTTTGTGGCTTGGGGTTCTTGTCTTCCTCATCCTCGCGGGTTGGGGAGCCGATTCCCACGGGGCAACGCACACGATCGTCCTAACTAGCGATCCGCTCCGGGGAGGGACTGTGTTCGGCGCCGGCCAGTATGAGACGGGCGAACGCGTCACGTTGACCGCGCTTCCCAGTCGCGGCTTTGTGTTCGTAGCCTGGTTTGAAGACGAAGAGAACGTCT
CP034928.1_gap41	1701155	1701655	500	CTCGGCGGAGCAGGTGACCTGACTGGAAGGAAAGGGTTGATTATGCTTCCAGTCAGGGGGTTGCACGGGCAGTCTTGTATGGGCCCCTGCCCGTGCGATGGCAGATGGGTTAGGCCCATCGTCACCACTGTTGTCCGTCCGACCGATGACCCAAGAAGGCCGCAGGTACACATCTCGGCATTCGACCTCGACGGAGATCTGGTGTGCATTGGCCACCGTGGGCCTCTCTATGGGAGTCTTACAAGCCTGACCAGCGTCACGGGGCCTCGCCTCGAGACGGTCGCGCTTCACACCAGCTGCATGGATGAGTACGTCTATGAGCCTCCAGCAAGATGCGATCCCTTTGTGGACTCCGTTGTCGGGTGGGCTAGAGTGTCCAGTACCGCAATGCTGTTGACACGTTAGGCCTCCTTGTCTGACGCGTGAGCCGCCGCTCCCCAGAACACCTCGGCCGGAGTGCGTCCCTGGGTCCGGTACCCGTGGTGCGGTCGCTCCTCGTT
