gap_id	start	end	length	sequence
CP049016.1_gap1	105117	109606	4489	CCCTGAGGTCGTGAAATTTTCCCTGTGTAATGACAGTTCTTTTGCGGTTGATAGGCGGGGTCTTAATTGAGTCAGCATTGTCTTTGATATATTTTTTTATAACGGAGTTTTTTGTCTTTTTGTTTGAGGCAATATTGGCTATTTCTTTCATAACGCCAAAAGGCGCCGTAAGAAACATCTTGTGTGCCCTCACTACAAGCGTTTTATCCTTAGTGGTTATTGTAAGAAGGCTTGAGGAATTGTCGGTTATGGTGAGGTTGGTAGATATGCCCACAGCCTTTTCAATACACCTTTTTAATCTGTCAAAACCATCAGCATTACCTGCACCTGAGTCATACATCAGTGATATTGTAAAACAAACAAGTGACGTCTGTAAATTTATGCATCTAAACGACTAATTGCCGCTAATTTCCTCAATATAGCATGGTACGTCAGAGACATATAAATCAAATGAACCGTTTGTAACGCTGTAGTATGAAACAGTGAAGTTACCGCTCTCATCTGCTGGGGTGCTCTGTGTTACTAATGCGCCTGTGACACTTGTGCTTGACAGTGGAAATGTTATAGTCTTGCCTGTGTTTGCCCATACCACATACACAGGTTTACCGGCTACCTCAAATTTATAGGCATACGTGGAGTTGTCCTGAAAGGCAGGAGCGGTTGTAACTGATGTGAAAGAATCAATTTTTTTTATCAATTTCTTAAGCGTATAGTATGCTTTTTTTTTTCTGTCTCCCTGGGGATCAATAAGTCCGGCATCAGACATTTTGTAATAGACATAAAAGATTTTTTCAGCTCCGTCAGCAAAAGCCTTTACATAACCTTTCACAATGTTCTTTGCCTGAGAGTGCTCATCCGGCGAGTTGTTAGCTCCTGTGTCCGGGTGGTTTGTGCTAAAAACCATGTATTCGGTGTTCCATAGTCTGTTAACATTTTTATGGCTAAAGATATCGTGCCAGAGGCTTGTCGCAAGGTCTCCGACATCATCGTGCTGCGGCAGATAGTGCCAATTGCCTACGTCAAAAGGTGAAGCCCCCGTCAAATCCAGCACATCCTGCCAGTATGAGGTGTTACCGCCGGTTGCTCCGCCATTTAATATCTGTGCCTGAGGATAAACTTTCTTAATCGCTGTTGTTGTGACCTTAACAAGCTCCATGTAGTCAGTCTCTGTTCCCTTATAAAATATCATTGGCGAGTCGGGGGTAAGGCTGGATATAGTGGACCCCATTGTCAAGACCACTTTTTAGTGGACTTAAGGTATAGCCCTCTAAGAGGGTATTTAGTCTGTTAGTATAAGGGTAAGGGATAGGGTAATGCATCCTTACGCCGCCATCGCAAAATCAGAGCTTTTATAAACCTCGGCAGGTGTTTTGCCTCTAAGCGTAGAATGCGGACGCTCATTGTTATAAAAATCAAAATAGCTCCTTAGCGCTTTAATCAACTCATCAACAGTTTCATAATCTTTTATATAAACCTCCTCATACTTGACACTGCGCCACAGCCGCTCAATCATGATATTATCCATAGCCCGTCCTCTGCCATCCATACTTATCCGAATCCCATTGCTCTGAAGCACATTGATAAACGCTGCCCCTGTATACTGGCTGCCTTGATCTGTGTTGAATATCTCAGGACTGCCATAGAGCCTAAGGGCTCGCTCAAGGCTACTTACGCAAAAACCATCATCCATTGTCACTGACACCTCCCATGACAGCACATAGCGGCTATACCAGTCCATTACTGCTGTCAGATACACAAAGCCATGTCTCATTCGAATATACGTTATATCACTGCACCAGACTTGGTTGATGATAGTAATATCTAATAATCGCAGTAGATAAGGGTAAACTTTATGTTGCTTATTCCGTACTGTCGTTCTTTTTCTGGGTGCTATAGATACAAGACCCATCAACATCATCAAACGCTTTACTCGCTTGCGATTTACTTTATATCCTGCTCGGAAAAGAATGTAAACCATTGTGCGGCTTCCATACCATGGATGCATTGTGTACTGCTCATCTATTGCCCTCATCACCTTCAAATTCTCCTCGCTCTCCGGTACTGCCTGACGATAATAACTGGAGCGTGGAAGGCTTAGCAGGTTACACTGCTGACGAATACTCAATTCCTTATTTGCTGGCTCTATCATCGCTCGTTTCTCACTTACCGTTGCGCAAGTAACAGGCTCTTTTTTTTTAGCCAGTCCACTTCTACTTGCAACTTCCCTATTTGACTATATAACCGCTCTCGCTCTGATTCATATGCCGCCTGAGAATTTTCTTGCACTCCATTAAATAACGTTGACGCCCCTTCTACTAAATGCTTTTTCCATTCATTCACCTGGTTCACATGAATATCAAATTCCTGCGCTATCTCATTGGCTGTCCTCTGACCTTTGAGCGCTTCTATTGCTACTTTTGCTTTGTACTCTTTGCCAAACTTCCGTCTGTTTTTCATTTTATCCTCCCATTCATTACAACCAGCTCTATCTTAACTGATTGTCTCATATTTGGGATCCACTATAGGATTCAGGTTCGTTTAATATTTCCCAATACATGATGGGATATAGAAGCCCTGGCATATCGTTGAGGCCGTCTCCGTTATACCTCTCAACCAAAGCCTTTACAAAGGCACTGTAAGCTTCAATATCATGTGGATTGTACCTGCTTGTGGGTAAATCAGCAAGCCATCCTGTTGAGGCCTCCCAGTTCTGCATCCCCTCCCAGTACTCCTGATCCCAGTCAACAAACGGCCAAATTGTTGCCACAATAGAAATTCCGCGCTTCTGTGCTTCACTTACATACGCATCCGGTATCGTAAAGTCATACACTCCTTTTTTGCGCTCAATTATGTTGCGGTTAAAAGGGCCGGGATGTGGCCTGTCCCACTTAAATCCAAGATCATCATGCGGTGTAAAATACGAATACGATGTAAACGCAGTGCTCCACGGTATTGACACTGACGAGCTGCCAACCAATCCAAAGACATTCCCGAGATAGCCAAACCGGTACGTGTTATCATCTGCACATAACAGCATACCCGGCGATAGAAATACCAAAAAAAGCACCATAAGACATGTAATCCTTGACATAAAAACCACCTGCTAAACAGCTATTGCTGATTTGTAATCAAAGACGGTAGAAAAAATGTATCATTATTTGTACAGGTTTGTCAATATGTCAAATTGCCTTGACACACTACTTAGTATCAGATTGACATTTTAGCGCTTATAAATTTATATTACCCCAATGAAAATCCTCCACTTAAGCACATACGACACGCACGGAGGCGCCTCCAGAGCAGCATACAGAATTCACGCAGGTTTAAAGAGCCGCGGGGTTGAATCTTGTATGCTTGTGCAAAGAAAATTCAGCAATGATCAAACAGTTGAACCAATAGAGGTTTATAAAACAAAAGCAAATCTGAAGCGCAGGTTGTTTTCAAAAATTGAAGAGCTCCCCTTAAAAATTTATAAAAGAACCGTAAACTACTACCTGCCGCTTCTTCAGGATAATATTGCTGATAACCCCCTCATAGCTGCCGCCGATATAATCCACCTGCACTGGATTTTGTACGGGTTTGTACGACCGGATTTTTTATTAAAACTGAGAAAACCTGTTGTCTGGACAGTACAGGATATGTGGCCGTTTACCGGCGGATGTTTTTACTCTTTTGACTGCAACGGGTATGAAAGAAGCTGCGGAAACTGTCCGGAACTTAACAGTAAATTTAAAATTGACTACTCATACTGGCTGCTAAAACTAAAGGAAAAGCTATGGAAAAATATTAACTTTACAGTGGTAGCGCCATCAAACTGGCTGGCATCGTGTGCATCAAAAAGTGCACTTTTCAGCGCTAAACCTATACGTATGATTCCAAGCTCTTTAGATACGGCTCTGTTCACACCTACAGAGAAAAAAGCGGCAAGAGATATTCTCAAACTGCCTCAAGATAAAAAAATTGTTCTCCTTGGAGCCGTAGTAACTACCGATAAACGTAAAGGATATCAGTACCTGACAGATGCGCTAAAGAAGCATGTGTGCACTTTTGACGTCATGATTTTTGGAATGCAGGATAAGGATAATCCTTTAAATATTAACTCTAAAGTCTATAACATGGGTTTTATAAACAATGATGCACAGCTTTCGCTGATATATTCTGCGGCAGATGTTTTTGTTGTGCCTTCAATTCAGGAGGCATTTGGACTTGTTGCCATTGAAGCTATGGCCTGTGCTACACCGGTTGTCGCCTTTAATGCCACAGGTCTGCCGGATGTGATTAAACACAAACAAACCGGCTATTTAGCTCAACCCTATGACGCTGATGATTTATACAACGGAATCTTATGGGTGCTTGAAGACGAAACCAGATTAAATGATCTGTCAATTAACGCAGTTGAGCGGGTTAAGTCCAATTTCACATACGCTGTCCAGTCGGAAAGATACGTTAAACTATATGAGGAGATACTGTCTTAAGCTATGTTTGGATA
CP049016.1_gap2	181104	183512	2408	CGGCAAAAATGTATTTGTTGAAAAACCACTTGCGCTAAATAAGACCGAACTAAAAGACGTCATTGACGCTCACAGTAACTCAAACGGGATTTTACTTGTAGGTTTTAACAGGAGATTTTCCGTATTTAGCAGAAAACTCAAAGAGTCGTTAAGTTCAAAATCTGACCCGCTGTGTATCAACATAATGGTAAATGCAGGTGCGATAGAGGGCAGCCACTGGGTGCATGACACTGAGTGCGGAGGCGGCAGAATAATCGGCGAGGCCTGTCATTTTATAGATTTAATCAGATATTTTACAGGCTCTCAAATCACAGAGGTTTACGCCGTAAGCACTCACGGCCACAGCGTCACCGATTCTGACAAAATGTGTATAACCATAAAAAGCAAAGACGGTTCAATCGGCACGATTAATTATTTTTCAAACGGCAGCAAATCCTACCCTAAAGAACGCATAGAGGTGTTTTCAGAAGGCCGGGTGTATGTGATAGATAATTTCAAATCTCTGACCTGCTTTGGTAAAGGCAAAAGTCACAACCAGTTTGCCCAGGACAAAGGACACGGCAGAGAGATCACAGAGTTTTTGCAAGCAGTAGAGACAGGGGGCAAATCCCCGATACCATTTGAAGAGCTGATTGAGTCCACACTGTCCTCATTTGCTGCAGTAGAGTCTTCAAAGACCGGAAAACCCTTAATAGTGGAAATAGCTTGAAAATGCAGCGAGGATTATGCCAGAACGTCTATTTCAGCAAGCCCTATGTCAATGCCTGCCATGAGGATTATTCTTGCGTCCTCGGTTTGTCCCTCATCATCAAGTAGTTTTTCGTAAACAATAAACAGATATTCCTGAAGTGTCTCAGTGATTTCTCTGGCATAAATCATCCCAAGGTTTTCCGTTTTCATACCGGTTAGCCCATAGGAATCGGTTGATATGACGCTTCTGAAAAATATCGGTTTAACGTATCTCTCATCGCCTCCCCATAGCCTGTGATACAACGTGTCAGTGCTGTCCTCCTCTATTATTCTAAAGTACTTGGAGCCGATACTGCCAGTCCGTTCATTAAGCCAAAAATCCCATTCCCTCTCATCCTGTGGGTATATTTCCTCTATAATTCTAAAAAGTACAATACCCTCAATTTCCTCATTTGACACAGGGATTTGCAACACAGACTGCTCTTTAGTCTCATTTTCCTCAAGATAGAAGCGATAAATTTTCATACTTCCAATCATAAACTTCTCGGCTGCTGCCACAGTGTGAATTCCACCGCCGGGGGATTGCGCTTTTAAAACGTCAGAGTTTATTACAAACTTTGACTCATCAAACCGGACCATACCATTTATTCGTATTCCAAGAGGAAGGTTTGCATCAACACGCTGGGGCTTCTTTCTTAGAAATCCGGTCGGTTTTTGCTTGCTTTTTTCGTATATATGTTTAAATATCGTAGCACCCTCCCAAAAGAGTTTATTCCACGTTATTGATCTGATATTTTATATCCAGTTTAACGTCTTTTCTAAGGGAATGATATATTCCACAGTACTTGTCAACAGAGAGGTTAATGGCTCGTTGCACTTTCTTCTCAGTTATGTTTTTAGCCGTAATGTTTAACATAACGTCAAACCCTGAAAAATACTGTGGAGGTGTTTCAGGCTTAACGCCAGTAATGTCAACCTTAAATGCTACAATTTCAACCTTCATTTTCTGTAGAAACATCACGCAATCAGTGGCAATACAAGCGCCAAGACTCATCATAAACGGCTCAGAGGGCTGACAGCCCCACTGAACATTAGCATCATACTCTATCTCGTAGCCGCGCTGGGTGCGTCCAACAAATATAAACTCTCTTTCCCAGTTAAGCGTGGCCTTAAACACTGTTGAAACCTTAGACTTATACCCCTCGACCTCTTTCTCAAGGCCCTGAATTTCCTGTTCCTCAGACATCTGTCCTCCTCAGCGTGTTACCACTTAATTCCAATACTTTTCAAATAATCCTGAGCAAGTTTTAATCCCATTTGTGCAGCTTTTATCTGGTCAGCCGTAGCCCTCTCACGATTCCCCATATTGAAGTGGCAATAGCCGCGCACATAGTAAGCATCGGCGTCATTTGGGTCTATCTCAATGGCCTTTGTAAAATCTGCGGCTGCTCGGAAATAATCTCCCTTTTTACCATACGTAATTCCACGGTTAAAGCAAGCGTCAGCATCCTCAGTGTTCATCTCTATGGTTTTATTGAGATACGTCAGTGCCTTATCATAATTTCCCTTTGCAGAGAGTGAAGTTCCGGTGTTGTAATGTGCGTCAATGTTTTCAGGGTCTATCTCCAGAGCTTTGGTAAACTCCTTGAGCGCCTTGTCATGTTGGAATCTTCTTGCATAGGCATACCCGCTGTTAACATACATGCCAGCCTCTTTGA
CP049016.1_gap3	203865	208737	4872	CCAGTATGTACAGAAATTTGCGTTGAAAATATATCAGCCGGCAGAGATGGCATCTTGTTAGGGATTGAGGGGGCAGGCATTGATTTATTTATTGTTTGCTTCGGCTCTTTTATTTTCTTCGTCATCAGCAATGCTCATGGCAGAACGAAAGTAATTGCCAATGTTTTTAGCGTATAACTGGAAAGGATCATCTTGTGGGGAATGATTTATATTTGTCAAATATTTACTGTAACCCATACTTGGACATATATCCAATATGCTTCCCATTCCCTTAATTATATTCTGAAGCTGCCTGCTCATAGATACATTATAACACCGATTTCACTAAATTACAACCCCACAATTTAAATCCTAATCTGCAATGTATTATTCAGCTAAAGGCAGCTACATAATACCATCAATTATATTTAGTAAACGTACCGCCTTTGTAAGAGCTGGTATCACGTCTGTTCCCATATAGTGGCGCAATGCTTCAGGGATAACGACAGAGCCGTCTTTTTGCTGGTAATTTTCCAGTATGGCGCACAGTGTGCGTCCGATGGCAAGCCCTGAGCCGTTTAAAGTGTGGACAAACTCAGTGCCTTTTTTATCCGGTCTTTTAAACCGTATGGCGGCACGCCTTGATTGAAAATCTTCAAAATTAGAGCACGATGAAATCTCACGGTAGCGGTTTTGCCCTGGAAGCCACACTTCAAGGTCATACGTCTTAGCGGAGGAAAACCCCATATCACCGGTGCAAAGAAGCACCCTTCGGTAAGGAAGCTCAAGAGCCTCCAGAATGCTCTCGGCAACTGATGTAAGCTCCTCGTGATAGCGGTAAGAGTCCTCCGGTTTAGTAAACATAACGAGTTCCACTTTGTTAAACTGATGCTGTCTGATAAGCCCCCGTGTGTCTTTGCCGTGAGAGCCGGCCTCTGCTCTAAAACACGGCGTATAAGCAGTGTAGCAAATCGGCAGTTCCTCGTCTTTTAGTATCTCATCCCTGTGGATATTTGTAACGGGGACTTCGGCTGTGGGTATCAGATAAAATTCAGGCTCAACCGTCCTAAACAGCTCTTCTGCAAATTTAGGCAGCTGACCGGTTGCAGTCATACTTTCCCTGTTTACTAAAATTGGTGGAAACACCTCAGTGTAGCCTCTTTTGACGTTATGGTTTAACATAAAATTCATAAGCGAGCGTTCAAGTTTCGCCCCCATACCTTTCATAAGAGCAAACCGAGCGCCGGCTATTTTTGCCGCCCGTTCAAAATCTATTATGTTAAGCGCTGTGCCTATATCCCAGTGGTTAAGAGGTTCAAAGTCAAATGTGCGCGGCTCTCCCCAGCGTTTAATCTCAAGATTTTCTGTCTCGTCTTTTCCCACGGGGACGCTTTCGTGAGGGATGTTAGGGATAAGAAGCGTGATTTCAGATATTTTTGTTTCAATGCTGCTAATCTCCTCATCAAGACGCTTTATGCGATCTGAGACTTCTTTCATCTCTGCGACAAGGTTGTCGGCATTTTGTTTTTGTTTTTTAAGTTTACCAATTTCATCTGAGACTACGTTTCTTTGGTTTCTTAGGTCCTCAACCTCTAACTGAAGCGCTTTACGGCGCCTTTCAAAGTCAAGAAGCTCGGTTAGGTCTATATTAGAATTGCGCTTTTTAAGCGATTGAATTATTAGTTCGGGATGTTCCCGAATGAGTCTTATATCAAGCATATTGGTTAAAACTCCTTAGTACCTTAGTAATTTCATTAAAATGTCTGTGTAGCTGACTCCTCTAATAAAAAAACTGGATTCCTGCTTTCGCAGGAATGACAAAAAAGGACAAAAGAGCGACAGAAAATGACCTCCCCCTCCTTTGTCATTCCCGCCCCCGAGCGGGAATCCAGTCCTTTTTCCTATAGCTTCAGATGACATAACACCACTCACTGGAGATAACCTCATAAGCCAATATACTTTTTCAGAGCGCTGACAATCTGTGTATCGAGGTTAGCATCCTTTAGCAGGCACTCTGCAATTGCAAGCTCCTTTCGTTTAGCTTCGGTTAAATCGTTAGGGGTACCGCTTAAAAGAATAAACGGAATGTATAAATCCCTGTTTTTTACTTCTTGTGCAAGCTCTAAACCGCTCATTTCGGGCATATTTATATCTGAGACAACAACGTCAAAAAACGACCCCTTATCAATAATGTCAAGAGCATCATTGCCACCTTCGGCAGTAGTGACATCAAATCCGCTTTCTGTCAAAAAAAACGATACCATCTCTCTTACCAACTCATCGTCGTCTACCAATAACACCCGTCTGCCTGACAAAACAGCCTCCCTTCGTGCATCTCTACAGTATAGTCAAACACTACAGTAACAAAAATCCTAAATATTTATCCAGCAAGACTTCTGATTGTTTCAAGCAGAGTTGTCTGCTCAAACGTGCCCTTAACTATGTAGGCATCGGCTCCAACTGCGATTCCCCGTTGTCTATCCACCTCTTTTTCCCTTGAAGTTACGATTATTATAGGGGTGGCGGCGTAATTGACATCTTTTCTGAGAGTCTGAGTTAAGGCAAAACCATCAAGCCGGGGCATTTCCACATCGGTTATTACAACGTCATATTTCTGTTTTCCTGTTTTTTCCAATGCCTCTATGCCGTCCTCTGCAATATCCACTTCGTAGCCATAAGCCTCAAGAATACTCTTTTCTATTTCCCGTGTGTTTATGGAATCATCAACAACGAGTATTTTTATTGCATGATGCTCTTTTGCGACAGGGACTGCGGCTCTTGTTTTTCCTGCCCCTTGACGGACTGCCTTTATAACGCCTGAGACATTCAAAAGGTTGATGACCTCGTTCTTACCGGATACAGTCACACCTGAGACAAGCTGCAAGTTTTTCATGTGCTTAGGAAATGGCTTAATCACCATATTTTCCTCTTCTACTATTGAGTCAATGATTAGTCCTAATTTATCATCAGAAATCTTAATAACAAGGATGAGTACCTCAGAGTGTTTGCCGTTTCCATTATCGGGGAGTCCTAATACTTTGGTCAGTGACTCAACCGGTATCAATTCCTCCCTGAGTCTGAGAGCTTTACTCATTACCACATCAACAAGCTCCGTATCCGGCACCTTAACTATCTCAACAACAGCGCTCTTTGGCAGCGCAAACACAAGACCTGCCGTCTCAAACACTATCACACCCATTATGGCAAGTGTCATAGGAACTCTCATAGTAAACCGTGTTCCAAGACCTGGTTTGCTTTCTATGGAAATTGTGCCTTTTAGCTCATCCACGATGTTTTTCTTTACCACATCCATGCCAACGCCTCGTCCTGAGACATCAGTAATTATAGAGGCAGTGCTAAAGCCCGGGTAGAAAATTAAATCAAACACCTCTGCATCACTCATAGCGTTAAGTGCGGTCTCATCAAAAAGACGGCGTTGGAGCGCTTTGTTTTTAATTTTCTCAATCGCAAGTCCAGCTCCGTCATCAGCCACATCTATGACAACATTGCCTGAATCATAGAAGGCGCGTAAGGCTATTTCGCCAATATCAGCTTTACCGGCAGCTCTACGCACAGAGCTTTCCTCTATGCCGTGATCCAGTGAGTTTCGTATCATATGTATAAGCGGGTCGGCAATTTTTTCGACCATCTTTTTATCCAGCTCAGTATCTCCCCCCGCAACTGTAAAGTTTATGTCCTTTCCGAGAGCTCTTGAGGCATCCCTGATAGTCCTGCCAAATGAATCAAACACGGTGGAAAGCGGCACCATACGCATTGTGAGAGCAACCTCTTGAAGGGTTTCATTGAGAAGCTCCTGCACATTGCCATCGTTAGTGAGTTCCGCCGCTAATTGCTTAGCTCTCAGGTTTATCTTTGCGGCATCGCTGCTTAAACTATCTAACTGAGGAAATTCAGAACTCAGGGCATCCAGTTTAAGGGAGTGTATCTTGCTTAAACGCATCACCTCTTTTATCTCAGTAACGCGTTCTTTTAGCTGTCTCTGATGGGTTACAATCTCTCCCATCAGCTTTATAAGTGTGTCAAGTTTATCGGCATTTATGCGCAGTGTCTCAGCAGCTTTTACCGGCTGATAGGCTTGTGTGTGTGTATCTTGCTCGTGCTCAGGCGTTTTTTCAACTAAATCCACTGAGTCCTCCGGCATATTCAAAAGCTCTTCAAGCAAAGCGCAGACGTCAGTTCCGGAGCTACTTATATCTTGCCCTGCCCCAGCGCACTCCACAAGTTCAGAAATTGTATCTATCCCCTTGTAAAGAGCCGATACTATTTGTCTTGTCACCACTATTTCGCTATTTTTAATGGCATCAAGGATGTCCTCAATTTTGTGTGCCACCTCGCCTATAGGCGCAAGTTTAAGCATACGTGCGGAGCCCTTTATCGTGTGAGCAGTGCGAAAGATTGCGTTTAGGTTTTCAGTGTCAGACGGGTCTTTTTCCAGAGTTGACAGCCCTTCAGTTATCTTTGTGATATGCTCTTTTGCCTCTTCAACGAATATGTTTATAAATTTAGCTCTGTCAAATGCCATAGGTTATCCCAGCGCCTTGTTGATTTTTTCTATATTATGCTTACAAAGATGCAGGATGTCATAAGTATTAAATGAAATAGCGAATAACTCAGCGGCAAGATTTGAGTCTTTGGTTATTTGCCCTTGTTGCGATTCACTTTGTAAAATTCTTGTAACTGCAAGATACTCTTTTTGGGCAAGCTGTAAGTCTCCAGTATTATGATAAACTTTGGCAAGGTGATAGTGGGCAAGCCATGAGGATGGGTTAATGTATATAGCCTCTTTAAAACGACGGATTGCCTCATCATTGTCTCCGCCATATTGGGCAATCATGGCAAGAAACATGTAACTCTCCTCAGACCATCTGTCAG
CP049016.1_gap4	294194	296340	2146	CCGCCAATACCCGGCGTCTCTGTCAGGTATTCGTGAGAGTGAATCATAATATGTTCTTTAAACTCTGTTTTGCCCTTACCGATAAATATTGGAACAGGGATAAACTCCATAGGTATTGTGTCTAAAATATCCGATATTTCAAAACACTTCTTAACCTCGTCGTGAATTTCGCTTTTGAGGTCAGCCAGCTGCTTTTCATCAGGTTCGTTCATCAGAAACATATAGGCGTCAAGCACCTTATCTTTACTTTCAAAAATATTAAAGAAAAAATCAAACGGATAAATGCCATACAGTTCTTTTAGGATTTCCTCGGAGCGTTTCTCCCACTTTATGACGTTGTCCCTGGAGAGAACAATTTTTGTCAGAACCTGTGTAAATTTCTCAAGTAACTCTGTGTCAACAGAACTCTTTTCAAGCGCATCGACAACCCTCAGAGACCTAAACAGGCTTTGCATTATCAGCTTTTCATTTGAATCAACAGATTTAGCGATGAAACCTAATAAAATCCGGGTGAGTTCCACAAGGATGTTCAAATCTTCTGCAATGTCATCGTTACGCTTTACCTTTTCTGTAAGCTCATGAGTAAAATTCCTGATAGAAATGTCTATGCCCTCAATCAGAAAACTCTCCCGTATAAGACTTTCCAGCACAGTGCCGTCGTCTCTGGAGAGCTGACAGCGCAAAGTTGAAAAATTCAGATTTTCGTCTTTCATATCAAGTCAACACCGCATTTAAGGTCATATAGCCACTGTATGAATTGCTCTTTAACCTCGCCTCTCATCAGGTATCCATGCTGAGGGGCTATGATATCAATGTCATAAGCTTCAATATCTTTAACCCATTTTCTTAACGCCTTATTGCACGACATATATCTTGTGTGAAACGGCTCTATGCAGGGTAAAAACTCTTCAAAATCCTCTATAAAAAGAGAATTGCCGGAACACGGCAGCACAGAGGCTCCGATGTCACCGGTAAAGAGAATCTTAGAGGCGCTGTCGTAATAATTAAATTGACCCGGAGAGTGCAAAAAATGAGCAGGGATTACGGTAATTTTGAAATCATCATTTATGATAATTTCGGTATCGCCGTCGTTTATTCCTATTATATTTTTCGTGTTTCTAATTTCATAATGTGGAATAAACCTGACCCATATTTTTGATATATAGATTTTAGCGCTTGTTACCTTTTCCCACACACTTAGACCGCCGTTTACATCCGGATCCTGATGGGAAAGCAGGATGGCCTTTATGTTTTCCATTTTTGTGTATTTAAGCACCCGCGCAACCAGCACAGGAAACAGAGTAAAACCACCGGGATCCATTAGCACAGTGGTATCGTTATGTACTATCATATACTGATTTGACGGGACGCTTTTTTCATCCGGTGAGTCTGCAAAACCCAAAAGCACGTACTTATGATTTGCTTTGTCATAAAGAACTGTATCCATTCCATCCTCCTTGCTTTTTACTAAGCAACTGCCTAATTATAAAGTGTTAAAGGTTCTTATTGCAAGAGCTGTTTCAATAGTAAGTGTAGTTTGTTATAATGTTATTATGGATAAAGAATGAACTTGAAAATTCAACATAAAATATTACTTTTGCTTTCATTTATGTCTCTTTTGCTTATCATCACAGGGACGCTTGGCTATCTTGGGATGAAAAGTATAGAGGGCAATTTTAGACTTGTTTATGCAGAACATGTTTCCGCTCTGAGTGATTTGAAAAATCTGTCGGATTTATATGCAGTTGATATAGTGGACACGGCACATAAAGTACAGTTTGGCAATATCACATGGAATGATGGGTTAAGGAAAATCACTAAAGCTCAACAAAACTCACAAAAAATATTGGATACAATCAAAAACACACAATTGTATACTGAGGAGGTTAGTCTTGTTGAAGAAATAGGGCAATTGATTACCTCAGTTAATAAAGACATTGTTATATTGACCGATATTATTTCAAAACAAGATAAGGATGCGCTTAGAGCTTACAGATACACAACTCTTTATAAAACCATAGACCCTCTTACACTTAAGCTTGAGGAGCTAACCCAGCTTCAATTAAAACTAATCAAGGCAGAATACGAGGAATCTGTAACAGCTTTTAACAGAAGTAAGTTTGTTTTACTCTTTGGTATTATCGCA
CP049016.1_gap5	316991	320101	3110	GCATTGTGTGAATTTGTTTTCTTTAAGGGTAACTTCAAAAAGAGACTAACATACTTGCTCCCTTTTTTCTTACTGATACCACTAACCATCATTCAGATAAATGCCGTTGGAGTTGATGTTGTTTTTAGCGAGCCGCAGAGTAAAATATATGCAAATAACTCTGCTGCTGCATCGGCTGTCAAATCGCAGCTTATTGCTGGTAACCGATGGGAGTATCTTTTTACACAGTTCAAAGTGATAACGACATACCTGCAGATGTTTTTTTATCCTCACAATCTCACTCTCATTCATTATTTTACAGTGTCAAGAACTTTTTTTGAGCCAAAGGTGATTTTGGCATTTCTGTTTCTGCTTGTTTTATTCTCATCTGGTGCATACCTCATCTTCATGGGCAAGAAAGAAACTAAATTAGCCGGATTTGGACTTTTATGGTTTTTTGTAACTATCTCGCCACAATCAAGCATTGTGCCGATTCAGGGGTGGATGATTTTTGAGTATAGGGCGTATTTAGCCTCCATTGGGATTTATATTGCCGTCATTGTGGCTGTGTTTAGTCTTTTTAGGGCTTATTTAAAAGCGGTTTGTCTGCTCTTGCTGTCGCTTTCTATGTTGCTTACAGTTGTGACTTATAAGTACAACAAAACATGGGCTACTGAGATATCCATGTGGGAGGACAATGTGAGGGTTGAACCTCAGCACCCTGTGCCTCACGTAAATCTTGGGAGCGCTTACTTTGCCGAAAAAAGATATGACGACGCCATAGCTCAATTTAAACTTGCGATAGACTTAAGCCCGACTGTGCCTGAGGCGTATAATGATCTTGGATTGGTGTATGCGCGTAAGGGGCTTTTTAATGAGGCTTTAGAGAAATTTAAATATGCAATGACTCTTGAGCGCTCCTATGTCTCTCCACGCGTTAACCTTGGCGTGATGTATATGAATAGAGGGATGAGTGAACAGGCTATCGCAGAGTTTAAGGCAGCCTTAGAAATAAACCGCTTTAACCCTGGTGCTCACATTAATCTTGGAACTCTTTATGCTAAAATGGGGCAAAAGGAAAAAGCGATAGATGAGTTTAAGATAGTAATCGTCACTAATCCTAACATAGTTGAGCCATACGTTAACCTTGGAGCGCTGTATGCCGAGCAGGGGTTTACTGCTTTAGCAGAGGATAACCTTAAAAAGGCCATGAGAGTTGATCCATATTTTTCGGACACATATAGCATAATGGGCACAATATATGAGGAAAGAGGGGCATTTAACGAGGCCTCTGCCAATTATCAGAAAGCAATTAGGTACAATAAAGACAACATGAATGCAAGATTAAATCTTGCTGCAATTTATATAAAACAGGGGCTGCTCCTTGATGCTGAGAGCCAGTACAGATATATTTTAAGTGCAGAGCCTAATAACGTTGAAGTAAGGGGCGCATTATTAACTATAGAACAACAGCTAAACAGGCAGTTACCTTAAGCGGATGTTTAGAAAAAACACTGTAATTTTATTTGCCATTTTGGCCTCTGCATTTGTTCCGTATTCAAATGTGTTCTATGCTCCGTTTGTTTTTGACGATACAGTGATTTCTAATTTTCTGAAAATGAGGAGTTTTACAGAAGCCAGGTTTATAACAGAAACTACATTTACTCTGAATTACTTAATTCACGGCTATTGGCTGCCCGGCTACCATTTTGTAAATATAGCAATACATGCGATAAACGGGGTATTGATTTATCTGTTTATGACTCAAACGTTTAAAACGCTCAGCTTATCAATGGCAGCCAGCTCAGCTAAAAAATATTCATTTTTTATTTCGCTCCTTTTTCTCACGCACCCTCTTCAGATTCAGGCGGTGACATATACCTCGCAAAGATACACGTCACTTGTGACTCTTTTTGTTTTAGCGGCTTTAAACACTTACGTACTGTGGAGGCGAGGCAATACTACAGTTGAACATTCTAAAAAGAAATCCGTAGGACTTTACATATCGGCAATCATAATCACTATTTTGTCTGTAAAAGTCAAAGAGCTTGCCGTTGTCCTGCCGTTTTTAATCACACTAGTTGAATTTATGTTTTTTAGTGGTAAAATTAAATCCAGAATAATTTATGTTTTGCCGTTTTTTTTGATTATCCCTGTCATTATTTTTAATGCACTAAATGTATCCGGCATTTCATTTGAAAATCTGACACAAACCCAGCATGTTTCGGCTGGGGTTATACAAGATGCTGATATCGTGTATGATGTAAAAAGTCCTTTGATAGCAAACACCAGAATGGAGTACATTCTTACAGAATTTAGGGTTATTGTTACGTATCTGAGGATGCTTGTACTGCCTATTAATCTTACGCTGGTACATTATTATCCTGTTTCAAGGAGTGTTTTTGATTTAAGTGTGATTTTCTCACTTTTGTTTCTTTTGGCAATATTTATTTTTGGCGCTGTAATGTTTGCTCAGGGACATAAACAAAATGACATTATGAAAAAACTCATCTCTTTTGGAATATTTTGGTTTTTCATAGGAATTTTACCTCAATCAAGCCTCATAAATAAGTATGGCTGGACCATATTTGAGTACAGGGTTTATTTGTCATCGCTGGGATTCTTTATTGCTGTGTTTTTTCTGGTACTACACATTTTTAGAAATAAAGCGATGTCTGTAGTCAATTATTTAATTGCTGCGATAATAGTTCTAAGCGCTGTGACTACACTTTATTTAAACGGTAACTGGCAGTCTGAAATTAAACTATGGGAGGACAATGTAAAAAAAGAGCCGCTACATCCTGTGCCCAGCATTCAATTAGGAATTGCCTACGGTAATGCTAAACGCTTCAAAGAGGCACATGCGGAATTTGAGAGGGCAAGCCAGATGGAACCAGACTTTCCCGAAATACCCTATCAAAACGGTAAAGTGTTTGCAATGGAGCGTCAATATGACAAGGCTCTTGAGCAATTTGATAAATCTATCAGTATTAACAGTTATCTGCCCTTTACTCACTTTGATAAGGCTGAGGTGCTTGCAATTAAAAATAAGTGGCCAGAGGTGATAGATGAACTACTACTGTCATTAAAATGCGGTGGAGGCGGCTATTTTACTCTTTACGACTTACTTG
CP049016.1_gap6	336757	338669	1912	GTCACGTTTTTATTGACTGAGGGACTAATGCCTTCAAATGAGGGACGGGGGTATGTGTTAAGGAGAATAATCCGGCGCGCCTCACGCCATGCGCACCTTCTTGGAGTGACTGAGCCGTTTTTGCACAAACTGGTAAACTCTGTTGATGAGGCTATGGGGGATATTTACCCTGAGATAACAAGGGAAAAAGAACGTGCTCAGGACATTTTGAAATTTGAAGAGGAGCGTTTCATTAAAACCCTTGAAAAGGGCACCGAAATTCTGGATGGTCTGATTGAAACCCTTAAGGCGGCAGGGGAGGATACAATACCCGGAGAGGAAATATTTAAGCTCTACGACACTTTTGGTTTCCCCCCCGATTTGACCGCAGACATTGCCCGTGAAAACGGTCTTAAAACCGATGACACCGGTTTTAGCGAGGAAATGGATAAGCAAAAAAAGCGTGGCCGCATTTCCTGGACAGAGGACACAGGTGGAGGGCTTTCAGCATTGGTCTCATCCATATATAATGATGCTGTCAGGATAGACGGCGGCTCCTCCTTTTTGGGATATGATATTCTTGAAACGAAATCAAGGGTTAACCTTATAATAAAAGACGGTGAATCGGTAAGTGAGCTAAGTAAGGGTGAGGAAGGGGATTTGATACTGGATACAACCCCTTTCTACGGCGAATCTGGCGGACAAGTTGGTGACATAGGCGTTATATTTAACGATACCGTAAAAATAGAGGTAAAAGAAACCAAAAAGACGCAGGATAATCTGACAGTCCACAAGGTTATGGTTAAAAAGGGGACATTAGCAGTGTCGGACGATGTAAGCTGTAAGGTGGATAAGAAGCATCGCCATGCCGCTATGAGAAACCATACGGCAACTCATCTACTTCATGCAAGTTTGAAAAATATTTTGGGTGATCACATAAAACAGGCCGGCTCTCTTGTCTCTCCGTCAAGACTTAGGTTTGACTTTACGCACTTCTATCCGGTTACCGCAGAGGAAAGACATAAGATTGAGGAGTCGGTTAATGAAGAGATTATTGCAAATCATAAGGTACTAACCCAGACAATGGGACTGGATGATGCGATATCTTATGGGGCAACTGCGCTGTTTGACGAAAAATATGGGGACACTGTACGTGTGGTTGAGGTGGAGGGTGGTTTTAGCAAGGAGCTTTGCGGAGGCACACATTGCAGAGCAACCGGAGAGATAGGGCTTTTTGTTATACTGTCTGAGGGAAGCATAGCCTCTGGTGTAAGACGAATAGAGGCAATAACAGGACATTACGCCCTTGAGTATCTTAACTCTAAGGCAGCTCAGTTAAGAGCAATATCGGAAATTCTCAGAACAGATTCGCCGCTTGAGAGAGTTACCGCTTTGACTACTCATGTTAAAGAGCTTGAAAAGGAGCTTGATTCGTTAAAGATAAAAAGTCTAACCGATAACCTTTCATCTCTTATGGAAAACGTCAAGGTGATAAACGGGATTAAAACGCTGGCTTTGAAAAAAGACGGCTTAGACCGCAAGGCGCTCAGAGAGTTTGCCGACACTTTAAAGGAACAGCTCGGCTCGGCAGTGTTGGTTTTAGCGTCAGAGCTTGATGGTCAGGCATCGCTGCTTTCTATGGTGACCAAAGACCTTACCAAAAAATACCACGCTGGAAAGATACTTAAAGCAATAGCAGAAAAAGCAAATGGAAGCGGCGGCGGCAATGCAGAAATGGCTCAAGGCGGCACAAAAGACGTCAATTTGGTAACGTCTGCCCTGAATACTCTGCCTGAGATTCTATCTTCTCATTAAAACTGAGAGCACAAAGTCCGAAGCAAAAGAAGTGACTTTCTTACCGATTCAAACCGTACTTGTTCTCTGTCTCCTGAAAACTGACAAGTAATAACCTGCTCCTGCCCATGAGAACTCC
CP049016.1_gap7	341564	343595	2031	TCGCTGAGAAAATAAAGAAAGGGATTTTTTCGGCAATTAGCCATGCTGCTGATTTACCCTCATTAGTGGAGTGTGTGAAATTAAAGCGCTTAAGCGGCCAAAAATCAAACAACAAAAGCACAAATGGAAACGTAACAGCCATAGGTTTTGACATAAGCGACAGCATGAAAAAACACAGCGCACAAAGGTGTCTTACAATGCGGGGTTTACTTGCATATAAGAGATACGAAAGCAGGGCAAGCATCCAAAAAAATGTGCTCAGTACGTCCTTTCTTTCTGAAATCCATGCCACAGACTCCACATGCACGGGATGCACTGCAAACAGGGCAGCCGTTAAGGCGCTGACAATTAAATTACCGGTCATTAGCTGTACGATTACAAAAAGAAGTATTACGTTTAATGTGTGCAGCATTATGTTGGTTATATGGTGGCCTCCAATGTTGCTGCCATATATGGAAACGTCAAGCATGTGCGATATAAGCGTAAGCGGAAGCCAGTTGCTGTCAACCACTGCCGTAGATGCCCACACTATCGACTGACGGTTTACACCCGATAACACCATTTGGTTTTGGCTTACGTAGAGGTTATCGTCGTAGTTAACAAAGCCAAAGTGAGCAGTTTCGGAATAGATAAAAAGAATTGCCATAATCAAAAAAATGCAAACGGCTGTTTTAGTATAGACTGAGCGTTCCATTGCTTATATTATCACTTTTCTCTGAATTATTAATTATAACACTAAAGTAAAGTGAAAAAGAATTAATTGCCTATGCAGTTAGCTCCGCAAACAAAAAAATGGATTCCTGCCTTCGCAGGAATGACAAGAAAAAAAGGAATGACAAAAAAAAGAAATGGCCCCCTTTGTCATTCCCGCCTACGAGCGGGAATCCAGTCTTTTAACTGTATCATTTGCTGACTGAAAAAAATCTACAGGAGTTAACTCAATAAGCATTAAGAATTATAACCACAGATGAACACAGATAAATTAAATTAATTGCCTATGCAGTTAGCTCCGGTAGAGGGTTTTCTGTCATTTAAAGGATGTATATAAAATAACTGGATCCCGCATCAAGTGCGGGATGACAAATGAAGGCGTAGTTAGCAGTCCTGTCATTCCTGCGAAGGCAGGAATCCAGTTTCTTGTTAGCGGAGTTAACTCAATAAGCATTTTAAATAATTCTAATCAGTGTTTATCAGTGTTTTATTTTATGTGTTTTTTAAAAGTGAATAGCTATTTGCTGATGCGTTCTGGGTGAGTGTATATGTTAAATCTGTTTCCTCTTATAAAGCCAATCATTGTAATACCAAGAGCATCGGCTATTTCTACTGAAAGCACTGTCGGGGCAGTCCGGCTGGCTACAACAGGGATTTGCCACTTGCCGCACTTAGAGCCAATCTCTGAGGAAAGCCTGCCGCTAAGCAGCATTAGTTTGTCGTCAAGGGCGATGTCATTAATTATGCAGTGCCCAATCGCTTTATCAACTGCATTATGCCTGCCGATATCCTCTGTCATAACCAAAATCTCTTTTCCATCCGAGATTGCGGCGCTGTGAATACATCCGGTTAGATTATAAGAAGCTGAGCGGTGTTGAAACTCATTAAAAAGCCGCCTGATGCTGTCGCCGTCTATTTTAAAATTACCGATGTTTAATTTTTCTCCAAACGTTTTTTTTGTAGTTATGCCACCAATGCAGCCCGATGTCACAGCCTTTCCCTCAAGCACCACCTCACCCTCCGCCTCAATATCTACCTCTATGTTGTCGCCATACTTAATTAACATCTTATCTACACACCAGCTGCCGCGTATCACGCCCTCAGTCATAATAAACCCTGTCACAAGCTCTTTAATCATAACAGGAGAGCAGTACATCGCCAACACTTCAGTGCCGTTTATCCGTAACACCAGTCGTTTTTCTAATGCTATCGGATCACTCAGCAATTCCCTGTCATTGCCGCTAACCCGATAAATATTTCTTTTTATGTAGATATCCATTGAGGCTAAATCCTTGTCATCAGCATACATTACAGAAAAAC
CP049016.1_gap8	456917	459497	2580	TGACGTCACAGTGCTGCACTGTCTGCCTGCCCACAGAGGAGAGGAAATAACCGGCAGTGTCATAGACAGCCCGATGAGCGCTGTGTTTGATCAAGCAGAAAACAGATTGCACACGCAGAAGGCTCTGCTTGAGATGCTAATAGGATAGCTTTGGAGTTACCCACTTTGGCGGCTGGAGTTTCTATAATCCCATTGGGTGGTGTAGAGGAAATCGGCATGAATATGACGGTTTTGGAGACGGATGACTCCCTGATAGTGATAGACTCCGGTCTTATGTTTCCAGAGGAGGGTATGCCCGGCGTTGATTTTGTTATCCCCGACTACTCTTACATTTTAGATAATAGAGATAAACTAAAAGGAATAATAATAACCCACGGGCATGAGGATCACACAGGGGCTCTACCGTTTCTTCTTAGGGATTTAGACCCGGATGTGCCGGTTTACGGTACACTTCTAACCATAGGGTTAATAAAAGATAAACTTAAGGAATACAATGTTAAAAACTTATTGTTTATAATAATTAAGCCGAGAGACAGGATAACGCTTGGCGACTTTACGATAGAATTCATTCGTGTTGCACACAGTATAGCCGACGGCGTTGGGCTTGCCATTGAGACCCCTTATGGCACAATTGTTCACACGGGCGATTTTAAGTTTGACTCAAGCCCTGTAGATGGTGAGTTTCTGGATATATCAAGATTTGCACAATACGGCGAGCGCGGCGTGCTGCTATTAATGTCTGACAGCACAAACGCCGAGCGCGGAGGCTTTACGCCGTCAGAAAAAGTAGTACGGGCTGCATTTGAGGATGTCTTTGCTAAGGCCGCAGGACGGATAATCATTGCCACATTTGCTTCAAACATACACAGAATCCAGCAGGTGGTGGATGTGGCGGTTGAGTTTGGGAAAAAGGTCGTTCTCTGTGGTAGAAGTATAGAGTCAAACGTGCGGATAGCGATGGATTTGGGTTATTTGAAAATTCCAGCTGAAACGTGTCTTAAGGTTGAAGATATTAAAAATCTTAAACCTGAGGAGACAGTCATTGTGACAACTGGGAGTCAGGGAGAGCCGATGAGCGTGTTAACCCGCATTGCCCGCAATGAACACAAACAGATAAAGATTAAAATCGGAGACACCGTGATAATCTCGGCAAAGGCAATCCCAGGCAACGGAAGAGCGGTTGGCAAGATAATCAATCAACTATTTAAAATCGGAGCAGACGTTATTTATGAGAAAGTAGCAGATGTGCACGTCTCCGGACACGCCTCCGTTGAAGAGCTTAAACTAATGATTAATATAACTAAACCTAAATACTTTGTGCCAATTCACGGCGAGTACAGACATCTTCACCGTCACGCATACATAGCTGGAACTCTGGGCATTGCAGTGGAAAACATATTTATGCTATCTAACGGCAATGTGCTTGAAATCAATCAGGAGGCGGGATTTCTTGCCGATGGTGTAACCGCAGGGAGAGTTTATATTGAAGGGAAAAACCTCTGTGACATTGGCGACATGGTGCTTAAGGAACGTAGGCGGCTTTCTCAGGACGGCGTTGTCATTGTGCTCATTTCAATAGCTAAGGAGGACGGCACTATAGTCTCAGGCCCTGACATTATAACGCGTGGTTTTGTCTTTGAGAGTTCATCAAAAGAGATAATGGATGAGGCCAGATCCCTCATTATTGAAACCTTTGCCGCTTTGGATGACTCTTTTGAAAAAAATGTTATAAACATATCGGCAAAAGTAAAAAGCAAACTGAGAAAATTCATAAGAAACAAGACTGAAAAACGCCCGATAATTATGCCGGTTGTCGTTGAGGTGTAGTGTGCACCAGAAGTTTGATATTACGTTATCAGTGCTGCCGTTAAAAGACAGAGAGGATTATATTTTGAAATTACTCTATCTATCTGACTTAAGAAAATTATATACTAAAATAAAACTGGAGGTAGAGAAAATGCCTATAACGATTGATTTAGAAGACAGCGAAATTTATAAGGAAGCTGTGGAGAAGGGGCAACGTAAGGGTTGTTTGAGGGCATTGAAGGAATGCTTGAACTCAAATTTGGTATCAATGGACTTGGGTTAATGAATATTGTTAGAGCTATAAATACTTTGGATAAACTGGAGGAGTTCAAAAATTTTATCAAGAAAGCTGCTTCAGTAGATGAATTGAAGGAGTTTTTGGGTAAAAATGTATAACACTAATCAGCTAAAAATGCTGACTTTGACCATAACTGAAACAGAATAACTTTTTAAAACATTCATTCATAAAGTGATAGCATGTTCAACAAACTGTGTAAACCCTTGAGATACTGTATAATATATGTTTTGCTTTCTCAAGCGTATAAATATGAAAATAGCGTAATGGAGGAAATCCGGTGGAGATAGTGCAGGCAATTGTGTTAGGAATAGTACAGGGAATATCGGAGTTTTTTCCGATAAGCAGCACAGCGCATTTAATTTTAGTGCCGTGGTTTTTTGGATGGACAGGCGCTGTGGATTCCCTTGAGTTTGATATTGCTCTGCATGTTGGCACTTTGCTTGCCCTTGTCGTGTTCTTTTTCAAAGACTGGCTTG
CP049016.1_gap9	467656	470981	3325	AGTGCTGTTGAGTTGGTGTAGCTGAAGTCAAGAACAGCTTTACTTAGTTTCCATCTCTCTGGAATTGCAATAGAGAACTCAGCTGTTGCGCCCAAACACTTAAGATCAAGCGCTTTAACGGGGGCAAGTTTATACAAGGGGATTTTCATTACCTCAGCATCGGCAAATTGCAAAAAAAACATACATAAGCACATCGGGATAAAAGCTAAAACGCTCTTTGTTTTCATGTTAGATCGGCATCTCTTTACTTGTAACAACTGCGACATAATATAGCAAATATTTGATAGATGTGTCAAGCATTATTTCTGCTTAGTTTCAAATATTTTAGATTTTTTTTCATTGACTGAAAAAGCATCTGAGAAACCACCACAATGCTCTTTTTAGTGCCTGATACACCCAGTTTTAAGAGGATGAGGATTATACTTAAAGCGTTTGGAGACTTTTTTCTTTTGTTCCAGAAATCTACCCATCTTTGGCTGTCTCCATAGACTAACCCTACGACGTTTTTAAAAGCCTCCTCATTTGAAACAATAAACTCACAACCGCAAAGGATATGGTCAGATCTATTGAATATTCTCTGAATCTTTGATCGTACAGAATACTGGTTTCCGTAGCTGTCTGTAAGTTTGATTATTATCTCATCAAGCTGCTTTAAAGGAAGCGATAGATTAAGCACAACACTAGCGCCGGAGAGGGAAAGGTCAATGATTTTACCATCGAAAGGTTCATTTGATTGCGGCAAATAAACGCTTGCGTTATAGTTTGCCCACAAACGATGATGGCGGCGTACTTGACGGCGCTCAAAAAACGCTCCCAATGAGGCCATAGCCAATATTACGTTAAAGATGCTCCATGCTGCTGTGACAGCGATAACATCTCTGTACAAAGGAAACTCAACCCACCTTATAATGGCTACTGGCACGGCTATGAACATTATGGAGGTCATAATTAAAAATGGAACCGCCATTTTACTTAATGATTCACCCTCGGATGTTTGTCCTTTAGGCGTCACCTTAAACGATGGGGAACGGGGGTTTAACACAACGCCAAGCACCGCCGGAAACAGATATATTGACTGTACGCTTTCATACAAATCCGAGAAGAATGGCCATCTGTACTTTCCTGAAATATAATCCGTAAGAATTAGCGAACACACCAAGTGCGGCAGTGCATAGATTAGCACCTGAGAGGTGGAGGCAAAAAATATCTTAAGGTTAAGCAGTAAAAAAGCCGCAGGAGCCACATAGAAAATTACTCTTGATATTCCAAAAAACCAAAAACCGCAGTCATTGATATAGCAAATCAGTTGGTAGAATTTAAGTCCTTTTATAAATAGCGGATTTTTCAAAATAAAAATCTGTACCATCCCCTGTGCCCAGCGGCTTCTTTGCAAAATAAAATCATCAAACGTTTCAGGGGAAAGCCCGCAAACCATCGGGCGGCCATAGTAGATGCTGTTATAACCTTTGCCATGAAGCGACAGAGCGGTCTCGGCGTCTTCTGTAATCGTCTCTCCAGAGATGCCGCCAACCTCCGTAAGATATTTCCTTCTCATAATAGCCGCAGAGCCGCAAAAAAATGAAGCATTCCAAAAATCAAGCCCCGGTTGCCCCCCGCGGTAAAACATCTCGTTTTCAGCGGGCGCATCTGCAAATGCGTCAAGGTTTTTCTCAACCGTGCTTGCATTGATAAAAAAGTGAGGAGTTTGAACAAATGCAAGTTTTTCGTCTTTTAAGAAATATCCAACGGTGTTCATTAATATGTCTTTTGAGGGAACATGATCGCAATCCAGAATCAGTATGAGGTCGGAGCTGGTATGTCCAAAAGCGTGATTAAGATTGCCAGCTTTAGCGTGGATGTTTCGTTCTCTTGTGATGTAACCGGCGCCATTTTCCTTAGCCATTCTTCTGAATTCATAATGACGCTCCCATGACGCCCCAGAAATCTTAGGATTAATCCTTCTTGCCAAAGTGCCGCCGTCGTCAAGCACATAGACGTTAAGTTTATCTTTGGGGTAATCTACCTGAAGTGCTGCAATTACCGTTACTTTGACTAAATCTAACGGTTCGTTGTACGTTGGAATGAATATATCAACTGAGGGATACGAAGAAGTGTCAGCCGGCAGCGGCACAGGTTCATTTTCTGTTGGCCAGAGGCTTACAAAAAGCGATAAGAAATGTAGTGTAATACCATAAAGCTCAGCCAAATAAAGCAAAGCCATCCCTATAAAATCAGATAAATCCGTGTATATCAGCGTTTCAAAAGTCCGCCAGTATAGGTAGCGCAGTGTTATGAGAGAAGCTATGAGCATAAAATGGATACGCAACGGAGGAAATTTAAACTTTTTAATGCGGTTAAAAATTATTAGTATTGCTATCAATCCCCAACTGACTATAGCTTGCGCATAAACCGGCAAAAGCAAGCCGATAAGATGAAAGTACAGCAAAATTGCTGCGCCCAAAGCTACATATACGCCAACAGTGTAACCTCGCCTTGTTTGAACAAAGTGTCTGTGTATGAAGCGCTTAATTGGCGTCCTTATCCACTCCGTGATGTATAGTGCGCTTGGGTTGATCATCGGGCGCTGAAAACATATTCATTCCCTTTACAATCATAAAAACAACGAGAAACGTAAGAACAAGATAAACTATTAACTTTACGGCATTGGATTTCTTCTTTCCCGGCTGCACAGTAGCAGCGTCAGCAGCCTCGTCTTTTTCTATTTCAGTTGTGTTCCAGTAGGCTTTGTATATCTTAAACTCACCGGATTTTCCCTTAAGAGACGTTGTCTTAACAAACCTGCATAATATCTCGTCCTTAGTCTCTCCGGCAGCGATCTTTGCAGCCACATGCTCTCTCATAGCATTGTACGTTTCCTCGGAGATATAAATCTCACTGGGATTGGCCTGACTTTCAAACCTTGACGCAACGTTAACCACATCGCCGAATATGTCGCTTTTCTCCACTATACCCTGTCCAGTATGTATGCCGATTCGTATAAGGATGGGAACTACGGATTTCTTTTCAAGATTAAACGCATCAATCGCTCTCTGCATAGCTGCGGCTGACTCTACCGCATCAGAGGCATCCTCAAAATAGGACATTGTGCCGTCGCCCATAGTTTTTACAAGAGTGCCATTATGTTGAGATATGAGTGGAAACACAATTTCGTTGTGCTGTTTAAGTATTGTTCTGTGAAACATATCGCCGTGCTGTTCGGCCAGTGCGGTTGAGCCTTTAATATCGGTAAACATCACTGTTATGATTTTTACAAATTTATTTTTGAATAGCTCATCAAGCTTCTCACGCTGCGAAATTATGTCTT
CP049016.1_gap10	481244	482655	1411	CACACGGATGAGCATCTTGATATTATTCTGAGCGCTTTTCAAAAAACAGGTAGAGCATTTGGTGTTATCAAGTAGTGATATGCAGATAATAGAGGTAACAAATAAGCGGCAGCTTGTGGATTTTATCAAATTTCCACTTACACTTCACAAAGACGATCCATTCTTTACCCCTGAACTTACCCGTGACCTGAAAGAGCATCTTTCGGCAGAGAAAAACCCGTTTTTTAAACACGCCGATGTTAAGTATTATCTTGCCTTTCGTAACAATGACTGTGTTGGGCGCATTGCTTCAATAGTAAACCGGAGACATCTGGAATTTCACAACGATGGCGTCGGGTTTTTTGGGTTTTACGACTCTATCGATGATAAGTTGGTTGCTAAATCGCTTCTTGATACTGCGGCAGTGTATTTGAAATCAGCCGGGCTTTCTGTGATGCGTGGGCCTATGAATTTTTCAACAAACGAGGAATGCGGCTTTCTTATCGATGGGTTTGAGCATCCTCCGGTTCTGATGACTCCGCACAATCCGGTCTATTACATGGCTCTTATGGAAAGCTGCGGAATGAGCAAGTCTAAAGACCTCTATGCCTATATAACAGACATACCGGAGGCACTGCCGGAGAAAGTTGAGCGGGTGGCGCAGATAGCTGAAAAAAGCGGCGTCACTGTGACAAAGATAGATAAGCGGCACTTTAATGAGGAGCTTGCGAAATTCAAAGAGGTGTATAACAGCGCATGGGAGAAAAACTGGGGCTTCATCCCGCTAACGGACGAGGAGCTAACTTATATTGGCAAACGGCTTAGTCAGATTATAGAGCCGGATACGGCTTTGGTAGCTTCAAAAAATGGCGAGCCGATTGGATTTTTAGGGCTTTTCCCAGATTTTAATATTGTTTTAAGGAAAATGATGGGCAAGCTCAATCCTATTACAATAGCTAAAGCGCTGTATTACTCACGAAAAATCAAAGGGACACGGCTCTTGCTTTTGGGCATAAGGGCAGGGTACAGAAACCGTGGAGTTGACGCATTGCTTTTCAGAGAGGGATTTAAGGGCTGCCGCAAGCACGGGTTTAAGTCTGTTGAGTTTTCATGGATACTTGAAGACAACCTGCCCGTTCAGATGTTGGTAAAGATGATTGGCGGCTCGCTTTACAAAACCTTCAGGATTTTTGAAAAGGCGATATAGCGGAAGTATTTTTATCTATACTCTGTAGTGCCGTAAGCAAGCCTACTGCAGCTTTCTCAAAATTGCTCTTACAGGGGAGCCGTCACTGTCTGCTATTTTTAGAGGAAGACATACGAGGTCGTAATTTCCCTCTGAGACTTCTGATAAATCAAGGCTTTCAATTATCCATATGCCGGCGCCAAGCAGCGTTCTGTGTACAGGCTCGGAGCTTCCACACTGTGCGAT
CP049016.1_gap11	495473	499649	4176	TATAACTCAAGGTTTAAGTTATCGGAGGGTTTATTTAAGGGCTGCTCTTATTGTAATTTCTGTGTTACTTTCAATTGTTGCGCTGATGAGACCTCAGTTTGGGTTTCATCTGGAGGAGGTCAAACGAGGCGGCTCCGATGTGCTGATAGCGGTTGACATCTCTAAAAGTATGCTTGCAACCGACGTTAAACCAAACAGACTGATACGCTCCAAACTTGCCGTAGAGGGTTTAGTAAAGAAACTCAAGGGCGACCGTGTTGGGCTTATAGGATTTGCCGGGCGGGCTTTTCTATTTGCTCCACTTACAGTTGACTATAATGGATTTTTACTTGCCTTAAACGACCTTAGCGTGAAATCAGTTCCAATTGGGGGAACTGATATTGCAAGCGCAATAGATGAGGCTATAAAAGTTTACAATGTAGGGGGAGAAAAAAGCACAAAAGAGAAGTCGTTAATTCTGATAACTGACGGCGAAGACCTTGAGGGCGGAACTAAAGAGGCTGCTGAGAGAGCAAAAGCGGCAGGGATTAAAATATATGCGGTAGGGATTGGAACTGCTGAGGGTGAGCTTATTCAGATAACCGATGAAAAGGGCGGCGTGAGTTTCTTAAAAGACGAAGAAGGCAACATTGTCAAATCCCGGCTGGATGAGGGCACGCTTGAAAAAATTGCGCTTGCTACGGACGGGGCTTATATAAAAGCGACTGGCGTCGACCTTGGGCTTGATATTATCTATGAAGAGAAAATCTCAAGCGGCAAGAATTATGCGACAGAGGATAAAATGGAAAGGCGTTATAATGAAAAATTTCAGTACCCGCTTGCCGCAGCTTTGCTTCTGTTAATGATAGAGGCATTGATTGGTAACAGAAAGAGGGTTTTATGAATATAGCCGCTATGCTGATATTCGCAGTAGTTTTTGTTATGACGCCAAACTTGGCAAATGCAGCGATATTTGATAATCCGGTAAGTGAGGGCAATGAGCTTAACAAAAAGGGTAAATATGATGAGGCAATCCAAAAATATGACAATGCTCTCAAAAAGACCCCTGACTCAGATGTTGCTAATTATAACGCAGGCACAGCTTATTACAAAAAGGGTGACAATCAGAAGGCGCTGAGCCATTTTACAAAATCGCTGTCAAGTAAAGATAAATCTCTTGAGATGCGCTCAAACTATAACATTGGAAACACTCACTATATGACGGGTAAATCCGCCGAAAAGAGCAACCCCAATGAGGCAATATCATCTTATGAGGGCGCACTTCAATATTACAAACGGGCACTGGAACTTGACGACAAAGACAAGGATGCCAGATACAATTATGAATTTGTTACTAAAAAAATCCGTGAACTAAAAGAACAACAACAAAAACAAGATAAAAAAGACGACAAAAAAGATGATAAGAAAAATCAGGATAAGAAAGACGATAAAAACGGACAAGATAAAAAAGACAAAGACGAAAGCAAGCAAGGCGATAAAAAGGACAAGCAGGATAAATCCGATGAGAAGAAGGAGAATCAAGATGCTTCACAATCGCCACAGGAAAATAAGACGGAAAATAATGACAAGAAATCTGGAGAAAAAGGTAAGCAGCCTCGTCAAATGTCAAAAGAGGAGGCAAAGGCGCTTCTAAATGGGCTTGAAAATGACAGCCTGCAGCATAATATGACTGAAGAGAAAAAAAGCGGCTACCCAAAGGTTACTAAAGACTGGTAATGAGAGATGTTAAACTGTAAGACGGGTCAGCTACACCAATTCAAGGCGAAGTTCACGCCCGACAAGTGCAGCGGCGCGTTGCAGTGTTTCAATTGTCACGTTACCTTTTGCCTTGATAATACGGTCAACCTGTGTGCGGCTTGTGTTCATAAGGGCGGCCATTTCCAGCTTGGTAATTCCCTTCTTACGCATTTCCTCGGCAATCTGCCACGAAATCACGCGTATAGCCGCCTCCGTCTTAGCGGCTTCGTAAATGCCCTCCTCGTGTAGAAACTCATCGAGCGTTGATCCTAAATGTTTATTGCTCATTCAGTTTATCATTACACCAAATTTTTAAGTTCATCGATTGTAATGCCCGCCTTTTTGATAATGTTGCATAGAGTTCCTTTTTTTATTTCTTTATGAAACGGAACAACCACTGAAATGTTTTTTCCCAGATTGTGCATAAAGATATGGCTTCCCCGTATGTGGTCAACAACAAAGCCTTTACGCCTCAGTGCTTTTACAACATCTTTTCCGGAGAATGTTTTGCTCAAAGAGCCATTTCCACTTCTTTCAAAATGACATCAGGCCTTGATTTTATCTGATTCAGTTTTTCAAGTCCTTCTATATAAGCATGTATAGCTTCTTTGGCATTTTCAATGGCCTCCTCTTCAGTATCCCCTTGTGTAAAACAACCGTCCAAAGCAGGCACTGTAACGTTGAAACCGCCTTCGTCGGCAGGCTCAAGTATTAAATTGAATTTCATAACAAAATCTCCTATTTATACCATATTTTAAGCACAGTCATCGTCTTTCAAGAAGGCGCAAGGCTTCGCACAATACCTCATTTTCAGAACCATAAAGCCCTCTGGCTACTTTCATTTTACCAGTTTGCTTTGTTGAGAAACTCTATGTCTTTAAGTTGGCCGCTCATGTTTAGAGTATATCAATTGGTGAGACACTTTGCAAGCGTAATTTGCGATGTATCAATAATTTTGTTTGGTTTTTCAGAGCCTGATGGCGTCAAGAACCTTTTCTTTACCTGCTCAATTCGTCAGCCAAAAGAACAGTATCATCGTGACTATATGGCGGGGAGGATGCGCAGAGGATTTGTAACGGCTCCACTGCCGTGTTTTTTATCTTATGCGGTAACCCTGGCTCTATTAAAATCGTGTCCCCTGGGTTAACTTCAAACTCATCACCATCTATGTGCATTAGCCCTGTGCCTGACACTACATGGTAGAGCTCTTCGGTAGCTATATGCTTATGCCACAAAGTTTCTTTCCCTACGGCAATTATAGCGCTGGCAAGGCTCTGGTTTTTATTCCCATGAACGGATGGATGCATAAGCTCACGTATCTCAGAGCCGTCCTTTGTGATATAGGAGAGCACCGATTTAAACTCGGATTTAACTATCGGCTTCATATGAGAGTGTAATATATGATTTTAACGAGGGTCAAGGTAAATATTTTCAAACTCCACAATTTTTTGTATAATATTATAGTGATGAAAAAATTGACAGTGCTGTTGTTGTTAATACTGCTGACAGCGGCTCTTGAGTTGTCGGCAGCCGAGTTGAAATTTGAGTTATCTGTGGATAAAACCACGCTTGCAATCGGCGAGGGTACTCAGTTAAGTCTGACATTTACAGGAGACAGGGGTGTGCCACAGCCAAATCCGCCACAGATTGATGATTTCTCTGTTAACTACATGGGCTCATCCACCCAGATGTCCATCATAAACGGCTCCATGTCAAGTTCGGTCTCCTATAATTATTCCTTAGTGCCGATGAAAAAAGGGGAATTTAAGATAGGCCCGTTTTCTGTGCAACACGACGGTAAGACATACTCCTCCAATACAATAACGATTAATGTGGTAGATGGTCAGGGAGGCGCTTCTCAACAGCAGCCAAAAACGCAGTCTCAGCAAAAAACGAAAGCTGCCGGAGATATGAAAGACCGATTATTTATAACCCTAAAGCCGTCAAAGACCGCCGTCTATGTTAATGAAATATTCACAGTCAAGGTTAAACTCCATGTCAGAGACATTGCAGTGCGTGAAGTAGGCTTTCCACAGGTTGCTGATGGCGGGTTTTCACTCAGTAATTTTGAAAAACCTGTTCAAACCACTGAAAACATAAATGGACTAACCTATCAAACTGTGGAATTTACAACAACTGCCTTTGCTGCCACAGCCGGCGGCTCAATGAAACTTGGGGCTGCCACACTGGATTGTAACATCATGATAAGGGAAAATCGGAGGATGTCTCCCGGGGGAATGTTTAACGATGATTTCTTTAACAATGTCTTTGCTTCACTGAGACCGGAGCCTGTTAAATTAAAGTCAGAAGCTGTCACTGTCAAAGTGTTGCCGCTGCCTGAGGAGGGAAAACCGAAGGGATTTAGGGGAGCACTTGGGAAATTTGAAATGAGCGCCTCAGTCACCCCTGAAAATGTAAAAACCGGTGACCCGGTTACGT
CP049016.1_gap12	521022	523401	2379	GCAAGCTTAAGACCAATGTTAGCCGCCTCAACGTTACTCATTGCCGAGGCCAAATCCCAGTACTTTTTAGCCGCTTCGGCTATCTTTTCAACAACTGTGGAGTCATATGTTAACTTTGCTATCTCAAATGCATTTTTATACACGTTAATGTTTGTACTTTGCACCGATGTGCCAAAACCTTTCAACACCGGCTGAGTTATGGATAATTTCACCTCAGACGTGTAATATGGATTAAACGTCAGGTAGGAGGAGTTTCCCCAATAGCGGTAGTTTTCAAATGACAACTCATACTGTGTGCCGGTAAGCAGTTTGCCGGAAAGGTAAGAGGTGTAAGAGGATGTACTGGACTGAGAACTGTCGTAAGAGGTGCTTGAAGGCTCTTTTGTATAGGAACTTGCTATCCCTATAGATACTGTTGGATCAAACTCTCCCTGATATATCAACACATCAGAGGCTGCAGCCCCTGGCTTATAGCTTTCTGTCTTTAAGCTCAGATTCTTGTTTAAAACCATAGCTGCCGCATCCTCAACCGTCAGCTCCATCTGCTCAAGCGCAAAGAGCCGATGAGCCGGTAAAACTAAAGAAATCAAAAACAGAAAACAAAAAATAACTTTGTAGTTAACTCCTTTAATAAGAAACTGGATTCCTGCCTTCGCAGGAATGACAAAAAAAGAAAAAAGAGTGACCTCCCCTAAAAGGGATTCCCCTGTAAAATCGCTCCCCTCTTTGTCATTCCCGCCTACGAGCGGGAATCCAGTCCTTTCCCATATATTCTTAGCTGCCCAAAAATCTTCTACTGGTGTTAATTTAGTAAGCATTAAATAAAGTAATCTAATTGAGCTTCCCATCGACGATTATTATATCATTTTTTGCCTTTCAAAACTGTTAAATTTATGATAGACTAAATGGTGTGATTTTCCTGAGAAACAGAAATTATTAACCGCATGTTGGCGGTTGCAAAAAAGGAGCAATAGAGTCAGATGAAAACCACGTTGATAGCGCCAACCCCGCCGGATGTTGCGGCGTTTGGCGTAAGAACTCTTTCAGCTTATCTGAAAAAGCACGGCAAAGAGGTTAGAAATATATTCCTGCCTGGTGGAGTTGAGAAATTTAAATATAAAACCGGCTTTAAGTATAACTACGAACAGAGATTTATGGAACAGGTAGTTGAACTGTGTAAAGGCTCTGACCTTATAGGGATTTCGTTTATGAGTAACTACCTTGACAGGGCAACACAGCTTTGTGAAACGTTAAGGGCTGCCCTTAAGGTGCCTGTTGTAGTGGGAGGTATTCATCCCACTGTAATGCCGGAGGATTGTCTCAGGTTTGCCGACATCGTCTGTGTCGGCGAGGGTGAGGAAACACTGCTTGAACTTGTTAATGCTATTGAAACAGGTAAGGATTACTCAGACATTCAAAATCTGTGCTTAAAGAAAAACGGTGCTGCCGTTAGAAACCCCATGAGGGCGCTTGTGCAGGATTTGGACACAATCCCGTTTTGTGATTTCGGAATGGATGAGCACTTTATCTATGATAATATCAAAAACTCCATTGAGCCGATGTCAAAAGACCTCCTGAAACGGATGTTTCCACTTGAGCCGCATGTTGAGGGAACATTTTATGATTCATACAAAAGGACTCTTAGTTTTAAAGTCATGACCACACGAGGCTGCCCTCATCACTGCTCGTTCTGTGCGGAAAAGACTCTGTCAGAGATGTACAAGGGCCAGAGGTATTTAAGAAAACGCAGCGTTAACAACATCATAGAGGAGCTTTTGTGGGTAAAGCGCGAGTTTGACTTTGTGGAGAGCATATTTCTTTTTGATGATACATTTATGGTCAGAGGGGAGCCTGAAATAATAGAGTTTACCGCAGCTTACAAAAAGCACATCGGATTGCCTTTTCATATTCAGGCAAGCCCAAGCACGGTCACTGAGGGCAAAATGGAGGCGCTGATTGACGCCGGCCTTGCCTTTGTTGAGATGGGAATTCAGTCTATGAGTGAACACGGTATGGCACTATATAAAAGAAGCATACAGGCAAGCACAATTTTAAAGGCTGCCGATGTGTTTCATAAGTACAAAGAGAGAATCAATCCGCCGTGTTATCATATAATTTTGGACAATCCGTGGGAGAGCACATCGGATGTTGCAGAGACACTTGATCTTATCCTTGAGCTTCCGAGTCCGTTTTGGCTAAAGCGTGCATCACTAGTGTGTTTTCCTGGAACTGACCTCTACGAAAAAGCAAAGCGTGACGGCATTATTAAAACTGAGGAGGATGAGTGGCGTGAGGTTTATTCAAAGCACCTCCACGCGCCGCATGGCTCCTATGTCAATTTTCTGACATATTTGGCCGGTTTTTCTCACCTCCCGCGCT
CP049016.1_gap13	543604	546387	2783	TACTTTTGCCGCACGATTGCCGTTTGCTCTTTTTGGCCTTATGACTTTATTGCTGCTTGCATACACGGCCTTTTACATATACAAAAGCCATAAAGTCTCTGTTTTATCAATCTTTTTTTTGCTGACCTCAGAGCTGTTTGTTCTTCATGTGAGACAGTGCAGATACTATTCAATAGTTATGTTCACAGAGGTCTGGATTATACTGTCACTGTTTATGGTCTTTAAGAGAAAAAAATCTGCGCCTATACAACTTGCCATAGCGCTTACACTACAGTTTTATTCTAACTATATTGTGGTCTTGGGAAATGTTATTGCACTTGTAATTTTAGCTTGTCTTTTTTACAAAAAAATCCCAAACCTGCTGCGTAGTTTGGCTGTGTCAGCCCTGATATTTACAGCGTTTGTATTGCCATGGATTCTTTATGCAAAGCCATGGCAGCAGCAGGCCTTCTTGGTTTATAGCGAGGATATAGCCTTTAAAATTTTATACTATATATCGGAAATTCATTTTCATCTTTTTCCTATCCCGTTGCTGCTTGTTGTTCCGATATATCTATTGACACGGAAATCTAAAGAAACTGACCCTGCAGAGTCAACGTTGTATGTGTTTATCTGTATCCTCATTCCCGTCACTATGCTTACAGTGGCAAGAGCGCCGGGTATCTATCTGCGATACAATGCACCACTTTTCCCTGTGTTTGCTCTGATAGCGGCGGTTATCACTGGAGAGCTTATAAGAAATAATCTTATTTCTGTGGCTTTGGCAATTTTGCTTGGACTTACAAATCTGCTTTCTATCTATACGCTTTATCCGTTGAAAATCTTTTTAGAGGGATTTCAACACACTGGAGTACTCCTTAAAATTCATACCCCTGAAATGCCTGTTTTTAGGATGGTTAAATCCATTACAACCCACTATGAAAATAAACTAACAGCAGTTGTTACGTTTATAAATCAGGAAAGTAACGGGAAAATCGGCAGCATATATGTGGCTGACCCTGAGTTCCCCCTGATTTTTTACACAAACATGGCAATCATTGACGCAAGACTTTTCCAGATTAATATTTCAAACCTTAACCCCCAAAATCTCCCTGACTGGATACTGCCGGTATCAGCATCAGGGATAGTCAAAACCAGTATCGGTAACATTCCTGATGCACTCAACGCCTTTTATGAGAAACTAAACATTGAGGTCTATGACTCAAAAGCCGACTGCTCTGTCCCAGAGCCGGACGGTTACGAATACTTTACAGCGGAGCGTAAGATCAGCTTTATTCTCTATAAGAAAAGAAATTTATCAACTTTTTGAGCAGATTCTTACTCAGCGGGTTGGGGTGTTTTTCCTATGCTTTCATCTGCGTCAATCTGCGACATCTGCGGATTATTCTTTATCTATTTGTCTTTTTGACTGCTGTTTGGTATTGGACGTCCGGCTTTTTTCAGGGAAAGTCCCCTGTTATGAAGTAATTGATAATTCTTTGGGTTAATGGTCAGTCCGCGGGTAAACATCTCTACCGCATCCTCAAATTTTTCTAATCCCATCAGTGCAATTCCAAGATTATTGATACACTCTATGTCATTGTCTTTGAGCCTTAACGAAAGGGAGAAAAAGTGCACAGCCTGCATATATTTTTTTTCTTTCAAATATTTAAGTCCCTCCCGTTTATAGTAGAAATCTTTGCTTATTGATAAGTTAGGAGAGCTCAATTTGAAATAATCATAAGCCTCATCAATTCTACCAAGTCTTGTAAGGGCATCGCCCATGTTGTAGTAAAGTTCTTTAGAGTTAGGATTTACCCGCAGCCCCTTTTGAGTTACTTCAAGAGCCTCTTTATACCTTCCCAGAGCAATTAACTCCGCCCCGTAGTTATTGTATGCCTGAAAACTCTGCGGCGATACTTTCACAGCGTAACTAAACAGAGTCAGGGAGTCTTTCCAGCGTTGAACCTGTTTAAACGTCATAATAGAAAAAAGCGCTAATATCAAAAGTGAAAGATATGGCAGCAATTGTTTAACTTTAAGCAAAGCCGGGCGCTTAAGTAAATCCGATACTCCAACAGATACAATAATAAAAAGCCCTATATTTGCAATGTAAACATGGCGGTCTGACATGGGGTCACGACCGGAAAAGAAAAACCTCATAACGGGTAAAAGCAATCCAAGGTACCAGGCCCAGCTAAAAAGAAAATATGGATGGGTTTTTCTCAATCTTACGGCAAACAATGTGACTAATAGAAGCAATACAGAGGAAAGAATAAACTTCATAATAAGGGAATTCTCAGGGTAAGGGTAAAACAGAACCAGGTTAACCGGATATATCGTATTTATAATGTAATTTACGTATGAAACCAGCGAATACCCAATGCGAAAGGACAGTGGAAATGCGTTTAACGAGCTAATTGCAGCGCCATGCGTATGTAAATTGAAGGTTATAAAACTTTCTGAAAAAGAAAGAATGAAAAAGGGTATTTTCTCAAGTATTGTAAGTATAGAAAGTCGTCTAAGAGGCCAAAAATCCAACAAAAGCAATACAAAAGGCAAAGTTACAGCCATTGGTTTTGAAAGCAAACTAAGAATGAAAAAAATAAGACACAAAAAGTAGTCCTTCTTTTTTTTGTATTTTCCATAGTTTATATAGGCAACAAGAGATGGAAACCAAAAGACAGTGTATAAAAGATTTTTCTTTTCCGATACCCATGCTACTGTCTCAACATTTATTGGATGGAGAGCAAAGAGCGCTGTCACAAACAATGACTGATAAAGCCCTATCGGCATTTTCCTAA
CP049016.1_gap14	547521	548341	820	GATGTTGACAATGGTAACGGAAAACATTAAATGGAAAGAAGATTTCTTATAGGCGGCTCAGGCGGTCAGGGGATACTGTTTATGGGTAAACTTATGGCTGCAGCCGCCATGATTAGCGGCAAAAATGTAACGTGGTTTCCCTCATACGGAGCTGAGATAAGATGCGGTACGGCAAATTGTACGGTTATTGCGTCGGATGAGCCGATTGGTTCGCCGGTTATTAAACATATAGACGTGCTGATTGTTTTTAATGACATGTCATTAAAAAAATTCATACACAGATTAAAACCTGACGGTATATTGTTTTATGACTCATCACTGCTTTTTTATGAAAATGGCACATCTGGAATAAAAGCTGTCGGGATTCCCGCCACAACGCTTGCCTCAGAGCTTGGCAGCAAGAAGTCTGCAAATATGCTTATGCTTGGGGCTGTTGCTTCAGTGACAGATATGCTGTTTTTGAAAAAGGATGCGCTGCTGTCAGTTATGGAAAATGATTCCATGAAGTTACCCTCTGAGACGCTACTACTTAACAAGATTGCGATTGCTAAAGGTTTTGATATAGTTGAAAATCAGAAACGCTCTAATCTCTGATATAAAACCAGCCCAAAAGCTGGTAAACGAGTTTGCTGCACGTGGAGTGATGCTGTCGCGTTCTCTTAATGAATTCTATGAGCATGTCAGGGATTATTTCGTGTGTGAGGATGATGCCGGAGATATTATCGGCGTCTGTGCGTTGCATGTTCTGTGGGAGGATTTGGCTGAAATAAAGTCGCTTGCAGTAAAAGAAAGTGCTCAGAAAAAATCTATCGGAGCGGAG
CP049016.1_gap15	745300	747611	2311	GTCATTATAGTTTTACTCATCTTAAGCCTCCACGCCTATTTTTCTGACTACTCAACGATGTCCCTGTACAAAACCGGACTGCTCAGATAGGTCTTGATACCGACTTGGCACATTTTCAAGTGTCAGTGTTTTTTCCCTTATCTCACACGACTTTTGGGCTGCACGCACCAGTTGCAAAAACGAAAAATCCACATCCGTCGCCCCTTCTAAGTTCAGAGTTATTGCGTTTGCTTTGTTTATTGCCTTAAGGAGCGCATCCTTTACTTCTTTAATGTTTTGCAATGTTAAATCGCCCTCTAAAGCCAATTCACCAGCCTTGCTCAACTTATGAGAAAACATAACCACACCCCTTTTCTAAAGAATAGCACATCATAGCAAATTCCTGTGCATAAAGTCAAAAAAGTTCAATATTGTCTCCAAGGTCATCTTCTTTTTTAGAACCGTCACCATCATCGCCAAAGAAAAGCGCATCTGCACCGTCATCAGCTTGCCCTAACGAGTCTTTATGAATCAACCGCTCAGAGTCCATCGTGTAACGCTGTAACATATCGTTTAAATCGGGAGTAAAGTCTGTGTGTTCGTAAATATCATCTGGGATTTTATCTCTTACCTCTGTAAGCACTGCCTCTATCTCATCGGCTGCGGCAGTTAGTTTCTCTCGTATTATTTTATCAAAGCTTATGCCTGAAATCACTTGCGCTATTTCTGTCTCCAAACGCCTTGCGCTGTGAGAAATCCCGCTCATAGCCGTCATTAGTTCCTTATCCCCTTCCATCAGCTTTTCCAGCGCCTTATTGGCCTCCCCTGTTATTAACTCAGATGAGGCAACCTGCTCCATAAGTCTTATGTTAAGCTGTCTTGTAAACTCTGCCGATGTACTTAAAACATCGTTAATTACTTTTGCGCCTTCTGCAATTCTTTCCTGAGCGCTTTTTGACTGCTTTGAGATTTCCTCAGCCAACACTCCAAGCCCGTGCCCGGCTGACCCTGTGCGGGCTACCTTAATTATAGCGTTGAGGGCTAATAAATTCATGCTGTCGCTGATGTTTCTTATATTAGCAACTTGAGTAGTCATCCCGTCTAGTTTAGAAGATGTTCCGGTTATGTTTTCTATCATCGCGGTTGTCGTGTAGTTAACGGTCATAAGCACGTCCAGAAGTGCCTCAAGGACGTAACCCATCTTTTTTATCCTGTCTTTACCCGACTGCTCCTCATCTAAAATTGTAGTGGCATCCTCAGCCTGCGCCTCCTGAAGCTCAGACACTTTTGACAAAGATGTAGAAATCTTCTGTGCAGCTTTTTCGGTTTCTGAAAGAACAAATTGTAATTGCGAAATTTGGATTTTCAGGGCATCGTGCATCCAGCGAAGGAGGGTATATTTACCTTTTTCGTCGTTACTTTCAAAATCAGCCATTTTAGCGTTTATCTCGTGCATGACCTCAGCCACGTGCTCCATCTGCTGACGTGTTATATCGTGAAACTGGATAGCCATTACAACCTCGCCCAACTCCGGAGAAATTTTATAGGCGCGGTCACTTATTCGTTCACACAGCCATTTGGCCTGATCAGCCATACCTTGTATTTTTATAAGTATGCGTTTAATCCGTCTTTTGGCGCTGGCAAGTTCCTGTTCATACAGACTTACAAAAGGCGCTCTGAGACTGTTTATCGCATCAATTGCCGTGTTTGCTTCTTTTACGCTTGACACAGTGTCTGCTGTGCCTTTGGTTATCTGCCGAGCGAGGTTATCCACAACATCAGTCGTTACGTTAAAGTCGGCATTGCCGACCCTTGCCGACTCTATGCGCATCAACGTGCCTATTATTGATATGGTGCGCGACAGTTTTTTCAGAAACTCCTCAAGCTGCAGGATGTTGTTAAGATTTCCTATTATATCGGTTATGCCTTTAGAGCCTTTGACAACTATATCCGCTGTTTTTTCTATTTCTGCATAAACCTTCTCAAACAGTTCTCCTATCATGATGACATTGAAAGCTTCACCGCTTTCAAGAGTTTGAACCAAAGTGGCGGCATGAGAGGCATTTTCTATGCAGGTAAAAGAGAAATTCTGTAAATTAGTCCCAAGTTCAAGAAATTCGTTTTCAGTTTCTTTTGATACGTCAAACAAAACGGCAGCCGCAGCGTCTAAACGTGACGCCCATGAGTCATTTAAAGCTAAATCCTCGTTCACACTGCTGCCGTTTTCATTCCGCCTTGTATTTTTATGGAACAGACTAAATACAGAAAATGCTTAATTGCCTATGCAGTAACTCCGTTAATAAAAAATGGATTCCTGCTTTCGCAGGAATGA
CP049016.1_gap16	753670	756046	2376	AGTATCCGCAGAAGCAGGGGTGCTCTATGGCGCCTCGATTCAACAGCGGATAAAGGACTCCTTCGGGGATGCCGGCTCTAACCTCTATGTCAGTGTTGCTTTTGTGCTGGTACTGGGAATAGTCGGCGGAATAATTTTGAAAGACGTATTGAAGTCAATGAAAGCCGGCACTCAGGATACAGAGGAAAAACCGACTAAGATAGCGCTCTGGCTTCGCACAGTGAACATTCCCGGCACGATGGTGTATTTTAAGAGCATTGATGCTAAGATATCAATTCTCTTTACGCTCCCTTTGGGGTTTGCTACCGGAATGCTTGCCGCAACGATTGCAGTCGGCGGCTTTGTAGGAGTGCCTTCTATGATGTATATATTAGGAGTCCCAGGCCTCATAGCCTCGGCAACGGAGCTTGTCATAGCGTTTGTTATGGGAATGGGAGGGTCGTTTAAGTATGCACTTCACGGGCTTGTTGATATCAGGCTTGCCATGATAATTTTAGGCGGCTCGCTGTTTGGCATTCAACTTGGCGCTATCGGCACCACCTACGTAAAACCCTTCATGATAAAGGTTGTTATGGCCTCAATTATGTTGATTGTGTTAGTAAGCCGGGCTATTATGATTCCTGTCTATCTCGCAAAACTAAAGGTGATTACCAGCCTAAGTGAGAGCGTTCTTAAAATAATGAGCAATACCAGTTTTGCCATCATGATTTTAGCTCTTCTGATAGGCGCATTCATTATATTAAAGGCTCTTTGGAGCGGATTGCGGGCGGAAAGAACACTTTCTATGAGAAAGGAATTGAAAAAGGCTTAAAGATAAGCATGGAGGATATATAGATATGGATACGTCAAAAATGGAGGTCATGTACAGACAGGAGCTGATGGGAGAGCTGAAGTCAATTCTTCTGGCTGTTGATGGTTCTGACTACAGTAAGGGAGCGGTGGATGAGGGGATTCTTTTGGCCAAATCCTGCGGGATAAAGTTAACGATGCTCTATGTGCAGGGATTAAACGATGGATTTGAAACCGGTGGGATGACCTTTGTTGAAAGTATGGACAGACGACTGGATGATTACTTTGATAACACAAGAGAAAAAGCTGCCGATGAAAACGTGGAGATGGACATTATTATCCGTCGCACATCGGATGCTTTTAGGGGAATCGTAGATGAGGCTTATGAAAAGTCATCGGATATAATCATTATGGGTCGGCGGGGGATGACCGGTCTTAAGCGTATGATTATGGGAAGCGTTACGGCAAAAGTGCTGGCATATGCTCCGTGTAAGGTGCTGGTAGTGCCTAAAGAAGCTGAGATAAGGGGGGACCACATCATGCTTGCCACCGATGGCTCAAAGTTCAGTGAGGCAGCAGAACGTGAGGCTATCAACATGGCTGCCAGATGTCCTTTCGTTAAGACATTTCATGCTGTATCGGTAGCATCCACTAAAGAAAGGATGCCGGAGGCTCTGAAGAATCTGGATAGAGTTAAAACAAAAGCCGCAAATCGCGGCGTTACTGTTGAAACCCTTGCTCTTGTCGGTGAGCCTTATAAGGCAGTGGTTAACGCCTCGATGGAGACAGGAACGGATTTGGTAATAATGGGCTCACACGGTAGAACCGGGTTAGAGAAACTTCTGATGGGAAGCGTGGCAGAGCGTGTTGTAGCGCTTGCTCCGTGCTCTGTACTTGTGGTTAAAACCGGCGGCATTTAGCTGATTGATATAATTGCTGGTGAGGGAGACCCAATACAATCAAGGTCTCCCTCGATTATTTCTGATGCATATTCTCTTTTTACCTCCTCAAGTGATGTATAACCTTCTTTATCATTCATAGAGCTGAGAACTTTATTTACAAATTCATCTTTCATTTCAAGTCCGTAGTCAGGGTCTAAAAGTCTGCCAACTACTCGTTCAATTAAACTCTCCAGTTGATCTACCGTCATGTCAGCTACTTTCATAAGCATATTCTCCTGTTTAAGATTTTTACCATCGTTCTACTCGTGTCTAATTACAGAAGTTAGCGATAGTTTTTCGTAGTTATATCCTTTTCATAGTGGCTTGCAAAATTCCGTTGTCAATGAGTTTTACCTTTAAGGTCTGAGATTGCCACGCTACGCTCGCAATGACAAATTTGGGCTTTTTCTATCTGTCATTGCGAGGAGCGATAGCGACAAGGGGGAATCACCTTTAGGGGAGGGCAATCTCGTCCTAAGTAACCAGCAAATTAACCTGTTTGACAGAGAAATTTACCACTATGAACGCAACTTGGTATAACACGAATTATTGCTTTTATCTGCGTTCATCTGCGCAATCTGCGGATAAAATTCTTTGTCTTTAATCATAGTATTCCTGTAATCATATTATCACAGTTCAGACAGTC
CP049016.1_gap17	758838	760631	1793	CTTACCGATGAGCTGTTAAACAGCGAGCTGTTTGGTCATGAGGCAGGGGCTTTTACGGGAGCAACAAAGGTCAAAAAGGGACTTGTTGAGATAGCAGACACGGGCACACTGTTTTTAGATGAAATCGGGGAGCTTTCCCCCGGTGTGCAGGCTAAGATATTAAAGGTGATAGAGGATGGGGAATTCTACAGAGTCGGTGGCATAAAGCCAATACGTGTTGATGTCAGGTTTATAGCGGCAACAAACCGTGATATAACATCGCTTGTTGAAACCAGCAAATTCCGAAAAGACCTCTACTACAGGCTTAATGTGATGGAAATCCTTATACCGCCGCTTAGGGTACGCACAGATGATATCCTTCCGCTTGCCAATTATTTTTTGTATAAAAACCTGCCTAAATATGGAAAAACAGTTGAAGGTTTTACTGAAAATGCAGACGCTGTACTTCTTAAATACGATTATCCCGGCAATGTGCGCGAGCTTGAAAACATAATAGAGCGTGCCATTATACTTGAAAAGACCAGCCAGATAACCCTTGACTATATGCCGTGGAAAGCATTAAATATAGTGAAAGAGGAAACTAAACACGAGGAAACCATAAAATCCATAGATGACTATACAAAAGACTATGCCATTGACGTGTTAAACCGGCTTGGCGGAAACAAAACCAAAGCAGCCGAAGTGCTTGGCATATCACGAACAAGTCTGTGGAAAATTGTTAAGGAATAAACCATACCAGTAAATGACAGAAAATAGTTTCTCTCAAAACCCCAGGTCTTTGTGGATAGGCGGGGTCATTTACTCAATTTTGATTCTTATTTTAGCTCTCTATGTGTATGCAGATACGAGGAATTTCCAGTTTCTTATTTACGATGACAACCGCTACGTAACCGACAATCCTTTTGTTCAGATGGGTTTTACTAAAGAGAGTGTTAAGTGGGCATTTACCACCGATAACGACGGCAACTGGTTTCCTCTAACGTGGTTAACGCATCTGGCGGATTTTCAGTTTTACGGGCTGCGCCCTATGGGGCATCATATCACAAGCGTTATAATACATTCGGTAAATTCCCTGCTGGTGTTTATCCTTTTTACTAACCTTTTACGTGGCAACATGCTGCAAGGAGCCATCATTGGAGCGCTCTTTGCAATACACCCTATGCACGTTGAATCTGTGGCGTGGGTCTCGGAACGTAAAGACGTCCTGTGCACGTTCTGGTTTTTTCTGACTATGCTCAGCTATCTATCTTATGTGCGAACCGAAAAAAAACTCAGATACATGTTGACACTGACCCTGTTTGCTTTTTCGCTTATGTCTAAACCTATGGCTGTTACACTTCCTGTACTTCTTCTGCTTATAGATTTCTGGCCTCTTAACAGATTTGCTAACACGCAGGATGTGAGAGTCTCATCACTCTTAATTGAGAAAATCCCGTTTTTTGTCCTCTCTGCCGTCTCATCTGTAATAACGGTATATGTCCAAAAAAGCGGTGGACACCTCATGCCCCTTCAACGTTTTCCGCTTTCCTTAAGAACCGGTAACGCTCTGGTATCGTACATTAAATACCTGTACCTTTCTGTGTATCCAGTCAGACTTTCTAACTTTTACCCAATGCCAGAAAATGTTCCGGCTTTGCTTGTCATTTTTTCAGCAGTGTTAATAATTGCGATGACTGCGGTGTTTCTTAAAAACGCAAAAACTATGCCGTGTCTTATAGTTGGATGGGGTTGGTTTTTTATCACCCTGTCTCCTGTAATTGGTCTAATTCAGGTGGAACTTCAGTCCATGGCCA
CP049016.1_gap18	764306	766206	1900	GACCGCTTAGTTGGGCTGCAAAATTATATGTCTCATTTTGAGGCAGAATGTGTTTAAAAATCTCCTCGTTAAAATCAAGGATAGGTTGTTGCGATCTAAAATTCACGCTGAGTTCTGTAACCCTATGCTCGGCTGACAAAAATGGACGGTTTTCTACATCCTCAGATTCAAACGATTTCATAATACTATAGTCGGCGTCCCTAAAGCCATAAATCGCCTGTTTAGTATCCCCAACGGCAAATAGGCTGCCTCCCTGTGATAATGAGTTTTCTATCAGAGGATACAGATTTTTCCACTGAATCGGGGATGTATCCTGAAACTCATCAATCAGGTAGTGATAGATGGTCTCTCCAAGCCGGAAATAAACGTCAGGGACAATATCGCCGTCAATGTAAAGGGAGAGCCGTCTGCTTATGTCTTCAATAAAAACCTTGCCCTTTTGTTTCTTAGCATGTTGCAGCGTTGCAGCAAAAGCCTCATACGCTCTTATAAACGGGATAAAATACGTGCGGCTGAAAATCTCTGCAAATTGCCCAATGAGAGACGTAAGACCTCTCCAAACAGAGACTGCCTCATCATAAAGAACAAGTTCTGATTCCGAGCTTTTTTTAGCCGGCTTTTTTATCGGAGGGTTCTTTAGTCCCCGGTTTATAATATCTGCAAAATTCCCCATTTGCACACTCTTTAATATTTCTCCAAATGAGCTGTTACCGCTTCGTGAAAGTTCCGAGCCTTCTATCAACTCATCAAGTTTTAGAGCTGCGTCTTTTATTTTCCCCTTTATTTTTTCCGCATCATTGGTGTTTCCATAAACAATCTGCACAGACTTCGTCTTAGAGATTTTCTTGTATATTTTCTTTATTTCCTCCAAAATTGTACGTGAAGGGTCCCACAGAAATCGGGAATCCTCCGAGCGGTTTTCCATGATAATCCTCACTATGTCTGACACCATAGCTCCGTGGTGTGTGCCCTCTCTGACGCTGCGTAAAAACACCTCAAAGGCATACTCCATAATATCATCGCCGTTAAGCAGGATTTCAAAGTCCGGTTCATACCCTAAATCAAGCACAGAAGCCTTAAACACAGAGGCCATAAAGCTGTCTATGGTTTTAACCTGAAAATCCGAGTAGTGGTTTAGTATCTCATCAATCAGGAGACAGGAGCGTCTTTTAATCTCCTCCTCCGGCAGATTGATAATCTTCTTAATTTCAGTAACTCGTGAATTGTAATTAAGACATATTTCCTTTAACCAGAGGACAATACGCTGCCGCATCTCTTTAGCGGCATTATTGGAAAATGTGACGGCAAGAATATTTCTGAGGCGGTTTTCAGGTATCTCACTTGAAAGAACAAACTGGACATAGCGCTTGGTAAGGGTATGGGTTTTACCGGAGCCAGCCGATGCCTTTAGGATAACAACATGAGGAAACACCTCAGTGTCATCCCGTTTAAGCACCGTATTTGTCATATGAGTGCCTAAAGCTGCAATGCAGCTACTTAACTGTTAAAACAGCAAACGGGTTATCTCTTAAAATCTTATCCACTCTGTACGGAGGCCCTGTAACAACAAAGCCTGCTACCCCGTTTTCCTCTATATTATGCCCATGATACACCCACTTGCCGGTCCATGACACCTGTACCTGTAAGGTATCAGACTTAATATCCACCCACATAGGCGTAAAGGATAACTCGGCTGATGAGAAGTCCATTGCGGCCGCTTTGAAATTAGAAGAAAACCCAAAATCGGTAGTGTATCTTGTTAAAGCAGCCTCATCCTTATGGACATAGGCTGTTTTAAGCATATTTATCGTCTCTATGACACTTTGAGCTGTCTGTGATTCAAGCGATACTGGTTTTATAGCTTTCTTGCTGCAAGACATAACTAAAAATATTGACATTA
CP049016.1_gap19	769542	774462	4920	CATGCACATTGCCTATGCTACGGCAACCCCGTTAGTTGCAATATTTGGCTCTACATCTTTTGAGCTTACCGGGCCTCCTGAGATACCCAAAGACTGTCAACACAGTTTTCCGTATAGAGTTCTGCATAAGTCCCTTGATTGCTCACCGTGTTTTAGACGCACCTGCCCGCATGGTCACCTTAAGTGCATGACATCAATAACGCCCGATGAGGTGTGTGAGGCTCTCAGAGATATTCTTTGTACCAACAAAGCCGTGTTTTTTGACCGTGATGGAACAATCTGCGAGGATGCCCACTATTTGAATGACTTTAAGGATTTTAAACCGTTTAAAGGCATTGATGATTTAAGGAAACTTAAAGAAAAAGGCTATCTGCTGATAGGGGTCACAAATCAATCAGGCATTGCGCGCGGTATTGTCAATGAAACATTTGTGCAGGAGATAAATAACTTATTCATAGAAAAGTATAGCTTTGATGGTTTTTATTACTGTAAGCATGTCAGCGCTGACAAGTGCGCCTGTAGAAAACCCTCGCCGGGAATGCTTTATAAGGCGCGCACAGATTTTAAAATTGATTTAAAAAACTCTTTTATGGTTGGCGACAAAGACGCTGACATCAATGTAGGTATTGCCGTTGGCGCCTCCCCCGTGTATATGGAATCTAAAAAATATCTCCTCACAGTGCCCGATATCAAAAGGATTTCTTCATTAGCGGAACTTCTGGGCATGTTGTGCCTGTAAGTATCGGTTAGTTGGATGTTGGTTGCCTATGGTGGGTCAATTTTAAACGCCTATTGACGCCCATTCATCTAATTCTCTTCTGAGTGAAAAGTCAGCATCTCTTTGAGCGGTTATACTCCTTTTAAAAATATGAATAAGATTAAGAATGTTTTGCATTTGCTCATCAGGCAGATCTGGAAGCTCTTTAAGAATCTCCTCTTTTGAGCGCAACTTGGTATTATCCATACGTTTAAGAAGAAGATTTAGTATTTATAGAAATATCCTCGTTTTGTGCAAATGAAATAACACTTTGAATGACAGACCCTGCCTCACGTAACAGCGAGCACCTCTTTCATAGCCTCAGCAAGTGACACAAGGTCATATTCCGTGTGAAGTGCCGTAACCGATATTCTTAATCGCGGGGTCTTAACCGTTTTGGGTCTGATTGCTGGAACTCGGAATCCCTTTTGCTGCAGATAGTCAGATACTCTTAACGTTTCCTTTACTGAGTCAAGATAAACCGGCACGATGGCTGTATCAGATGGGTTAACTGAAATTCCAATGTCTTTTAGAGCGGTTTTTAAAAATCTTATATTGTTCATAAGTTGGTTTATGATTTCCGGATTTTTCATCACAAACTCAATAGCGGCAATTGATGCTGCGGCAACATAAGAGGGTAGGGCGGTAGAAAATATAAACCCTCGTGCCGTGTTGATTAGATAGTCGGTTATAACGCTTGAACATGCCACAAAGCCGCCAATTGAGCCAAGCGCCTTTGAGTACGTGCCCATCTGAATTATATGCGGCTCAGGGTTAATGCCAAAGTGAGCGAGTACGCCGCAGCCCTTACCGATTACGCCGGTTCCATGAGCATCATCAATGTAAAGCAAAGCGTTATTCGCTTTACAAAGTTCATTAATGCTGTCAATTGGCGCAATATCGCCATCCATGCTGAAAACCGATTCGGTAACTACCATCTTATTTGGGTTTCTGTCTGCTGACATTAACTCCGATAAGTGTTTAGCATCATTATGACGGTAAATATATTTTACAGCACTGCTAAGCCGCACCCCGTCAATTATGCTTGCATGATTTAGCTCATCACTGAATATGCTGGTATTAGCATCGGTAAGAGCTGGAATCACTGAGACATTTGCAGAAAACCCTGATGAGAAGCTAAGTGCTGATTCGGTTTGTTTAAGTTGAGCTGTCAGAGCTTCTAACTCAGTGTGCAAGTGTGTGCCTCCATGAAGAAGTCTTGAAGCTCCGCCGCCTGTACCAAAGGTATCTAAATACTTCTTTGTATGTTTGATGATTTCAGGATTATAAGACAGCCCAAGGTAATCATTAGAACTGAAATTTATGAGTGTTTTGCCATTAAGGGAAATGGTTTTCCCCTGTGCGTTTTCTCTGTCTGTGATGGTTCTATAGAGATGTTTGTTTTTAAGAGCTGATAAATGCTCTTCAAAACGTGTTAATGGCATTTGAACCGCTTTTGCCAAATTTAACGGGTTGTGACCATTTGGCTAAACGCCGGCGATGTTGTGTTTGTGGTGTATGCAAGTATGTTGACAGCTCGGCTGCTTGCCGGTGTTATCAGTATCTCGCCGGAGTTAACAGTTGGGCCTGTGACAAAGAGAGGATTTCCAGTATAAACACTCTTATCTCCCTTATAACTTTGATGAGATACAAAGTGAGTTATTACCGTTGTTATGCCGGCAGGATATACAGGATATGTGCCTGCACTTGCCGTTTTAAATAAGGAATTACATGATTTTTCATTGACTACCGATGCTGTGCTGGATTCAAAACAGCCCTCATTACCCGATGTGTCAGTTACAATTAAGTAAGGCTCTCCTGAGACGTAAGCATCAAGATATGCCTGAATATCTGAAGAGGCACTGCGTGCACCATACTGGAGTGTTCGTACTTTTGCTTTTTCCCTCTCCCCTAAAAAAGTCGGAACTGCTATTGCCGTTAAAATCCCTATTATTGCTATCACTATCAGAAGCTCAACCAACGTGAAACCTTTGACGGCTGACGTTACTTTATCACTCTTTGTAGAAAACATTATCAAGCCTCCTTATGTCTGCATAGTTACCTGTCTAATTAACCGGCTTATGATTATAACACTTCTTATTATGTTAGCACGATATATGCCAACAAAGAAATGTTAAAATAATCACGTTATATCTAACATAAACAGTAACAAATGTTGCCAATTGGTGTCACTCAATGACATAATCCGTCATGGTTTCTTGTTATTTACAATAGTTATCATATTTGTGTACAATGTCAAAGTCGGGGGCAGGTGTAATTATTTTAAAAAGTGTCTTTAACGGGGATATAAAAAATGGCCAAAACGCTGTATAATCGTGAACAGGCGACAGATAGTGTACTAAAAGACAAGCGGATTGTCATTATAGATGACTTTAAGGATTTCAGGGAGAGTTTGAGAAGGACTCTATTAGGTCTTGGCGCTCGTTCGGTTGACACTGTCGAGGAGGCAAATGATGCGATAAGCAAAATTTCCCGCACTCCTTACGATATTATCCTCTGTGACTATAACCTTGGAGAGGGGAAAAAAGACGGCCAACAGATATTTGAAGAGCTGTCTTATAAAAAGAAGATAGGCTATTCCTGCATGTTTATAATGACAACGGCGGAAAACACTTTAAGAATGGTCATGGGCGTGATGGATTATCAGCCGGATGGCTATTTAGTGAAGCCGTTTACTACCTCAGACCTAGTGCAGCGCATTAAATCTGCTGACGAAAAAAACAGTTATTTTCCGACATAGACAGAGCAATGATGTATAAGGATTACATGGGAGCGCTGACAGCCTGTGACGAGTTAATGCAGCAGCGGACGAAGTATCTCATGGATATTTTGAAGGTCAAAGGCGATATCCATATGTTAAGCAGCGATTATAAAAGCGCTGAAAAAGTATATGAAATAGTTTTAAAAAAGTACAGACTGGTGTGGGCAGTGTTTAATATGGGTAAGGTGTATTTTTATACGAGAAGGTTTATGGATGCCCGCACTACGTTTAGATCGCTAATTGATGAAAACGATATGTTTATACCGGCCTACGACTGGCTTGCACGAACTCTGGAGGAATTGGGCGACAAAAAGGGCGCCCAAAGTGTTTTAGAAGAAGCGATACGTATTTCTCCTAAGGCGATATTCAGACAACGGGCGCTTGGTACTGTCTCCTTTAAAAATAAAGATTTTGATATGGCAGAGTCATCTTTTAAACAAGCCGTTAAACTTGGAAAAACCTCCGTCTTTAAGGAATCCTCCGATTACACGCAGCTTGCCAAAGTGTTTGTTAAGAAAAATGATACCGCTCATGCACTTTCTATGATAGAAGAGGTGAAGGCTGACTTTTCTGACAGCGACGAGGTACTGCTTCAGGCAACACTTATAGAGGGTCACATATATGCTGAGACTGACCGGCATGACAAGTCCTTGGAGTCTTTAAGAGAGGCTGAGAGAATCCTGAAAAAACTTGACAACAAAATACCTCCAGAGTTGGCTATTGAAATATCCGAGACATATATTAAATTCGGTGAAAAAGAAAAAGGGATGGAACTAATAAAATATGTCGTTATGAACAACCACTCCGACAACGACGTTATAAATAAGGTTCAGGAGACATTCCGTGGTCTTGGTATGGCTGATGAGGGGATAGATTTTGTTGCGGAAACGAAAGGCGAGATTATCGGGGTCAATAATAAGGGAGTTGATTTAATTAATAAGGGAATGCTTGAGGAGGCCATTAACTTATTTGAAAAGGCGGCTGACGGACTCCCTTCAAACTTTATTATAAACATAAATGCGCTCAGGGCAATAGTTGGATATATGCACAAAAACGGGCGAGATGACCGCTACCTATACAAATGTGAAAAATACATCGAGCGGATAAATGATATTGACCCTAACAACATGAAATTTCTGCAGCTTGTTGACAGGTATAATGCTATTAAGTGTACTGAAAGCAGTGCTGCTGAGGTGTATTGATTGCAGGGCATAAGATTGTAACGAGGGGTTTATGCGATGATTTTTTCCTTTCTCAAAATATCTTTAACGTGTCTTTCAACATCTTCCTTAAACCACTCATTCATGAGTTTCTTATGTCCATCCCTGTCAAATATATATACAGAAGGATTATTTTTCAACTCGTCTCTGATTATAGTTCT
CP049016.1_gap20	898138	900319	2181	TGTCCCCTCAAACATCTAACCGCCTTCCAATCATTTTTTGCCGCTAACGTTTGTGTTTCGGCATCAACTCGTATGATAACAAAATATTTAAGAAAAAATCTGTGTACAAATAATCAAAATTATAAATAACTGAGATGCTTCCTCTGGCAGCCGCTATGGATGCGGCGTTACTGATAAAATAGTAATATGTTCATTTCCTGGGCCGTAGTGCCAAAAAATACGTGGGAAAAAACTTATACAAAACCCACCCTACAACTCGTCAATATCTATCTTCTGAACTCTGCCAGCTTTAGAATCTTCTATTCCAGCGAGGACGCTTTCAAGCGCCTCTTTATTCTCATATAGCCATTGTTCTGATAACGGTATGTCCACTTCACTATCGTTATGTAATGTGTTTGCCGTCTTCATAATTGATTGTAAGTCTTTTTATACGTCTAAGTTAATAATACACTAAATGCTTATATACTTAACTCAGGTACATAGCTTTATGTCAGCCAAAGATACATTAAAAAAGACTGGATTCCCGCTCGGAGGCGGGAATGACAGAGGAGGTGGTTTTCTTTTTCTTGTCATTCCTTTTTTTTCTTGTCATTCCTGCGAAGGCAGGAATCCAGTTTTTTCTTTGCGGAGCTAAGGGCATAGGCAATAATACATTTTTATGTAGATTTTCTCTAAAGATATCATGCGCACTTACCGCCCCTGCAGAGTCAAAGGTAACTCAAGATTGTTTTCTTCAAGCAGCTTTGAATCGGCAAGAAGCTCCATTGCCGGCTTATCTGCCGCTATTTTCCCCTCTTTAATTATGATGCAACGCTGACAGGTATCCAGAATAAGATCAAGATCATGAGAGGCTATGATTTTAGTGTGATAGAAATTTCTAAGTAGATTAATTAAAAATCTCCGTGATTTAGGGTCAAGATTAGACGCAGGCTCATCCATAACCAGAATATCTGGAGACATTGCAAGCACTGTTGCTATGGCTACTCTGCTCTTTTGCCCGCTTGAGATGTGATGAGGCGCACGGTCTTTTAACTCAAGGCATCCTACCTGAGACAGTGCCTCAGTAGTCACGTCTCTTACCTTATCTTTGCTAAACCCTAAGTTAAGAGGGCCAAAAGCCACATCCTCAAACACGGTTGACATAAATAGTTGATCATCCGGATTTTGAAACACCACACCTACCTTTTTTCTTATGTCTTGTTTATTTTTTGAGTTTATCTCTACATCGCCAATTGTAATGGAGCCTTTTGAGGGGGTCAGTGTTCCGTTAATGTGCATAAGAAGCGTTGATTTCCCGGCCCCATTTGCTCCCACTATTCCCACCGATTCCCCATGCAGCACTCTAAAGGATACTCCGTCAAGCGCTAAAGTGCCGTCAGGATAGCTATAGTAAACATCTCTGAACTCTACGAGATGATGGCTCATTTGAGTCCACGCATTAAGGCTCTGCCTGAAAGCTCTGTCACATCATACACTCTGAAAAACACTAATAAAACTGTGGTAATGGCTATATACAACAAATCTGTACGCTTAAGCGATATGTCCTTAATTGAATGTACAGTGCCGGCAAAACCCCTTGACAGCATCGCCCTGTAAATCCTCTCAGCCCGTTCACAGGTTTTTATAAAAAGCAGCCCTGCAAAGCCTATAAAATCCTTCACACTCATGTTGACCTCACCAAAAGCTCTCAGTCCGCGTGCTCTTAGCATTTTCATTGTCTCCTCTGCTAAAACAAAAATGTAGCGGTAGAGAAACATTAGTTGAGCGGTAAAAATGTCCGGCACTCCAAGACGCTTTAACCCTGCACAAACTTGAGACAGTGGAGTTGTCGCTATGAATATCACGGCAAAGCTAAAAGTTAGCTCAAATTTAATGTAAATTGAGAGCAGTGAAATCCATCCGCCCGATATGCTTATATTCATAAAGGAGGCAACAGGTTTCGTATCTATAAGAGGGTTGAAGATTCCGATTAAAAGTGGAAAAATACTAAAGTAGAGGAGTTTTTTTAAAATATACTTTAAGGGCACTTCTCCCAAACTGGAGCATACCATAGGAAACAAAAAAAACGGCATCAGTCCTGTAAGCTCATATTTTGAGTACGAGACCACCAAAACGGTAAATGCCGCTGTGGTTATAATTTTTACTCTTGGGTCAAGACTTTGCATAAAGCTGTCTTTGTAT
CP049016.1_gap21	964023	966643	2620	TAATAGATTGAGTTGTCAATGCCTTTAAATGAAAATGAGGGCCCAAGCTCATTACCCTCAGCCGTATGGTTAAACACCACATCCAGAATCACCTCTATCCCTGCCTCATGCAGAGCCTTTACCATAGACTTAAACTCCAGCACCTGCGATCCATTTCTGCCGTCACATGCGTAGGAGGATTTAGGCGCAAAAAACGATATTGGCTGATAACCCCAGTAGTTAAAAAGCCGCTTTCCTGTTGTTGGGTCAATACGGTCTGAGTCAATCTCTTCAAATTCCATTATAGGAAGCAGTTCCAACGCAGTAACTCCAAGCTCTTTAAGATATGGGATTTTCTCTATAATTCCACGGTATGTGCCGGTACATTTTGTGCCTGATGACTCGTGAACTGTAAACCCTCTGACGTGCATTTCATAAATTACGGAATCCTTGATGGGAATATTTAACTGTGTGTCATAGCCCCAGTCAAAGTCATCCTCAATGACGATAGAACGGCGAATGTTGTATGGCGTATCGGACTTATCATCCCCTCTGCGTTTATACGTCTTACCCCAGTCGGAGGAGCCGGAAAGAGCCTTAGCGTAGGGGTCTGCCAGCACGTTTCCACAGCAAAATCTGTGCACATTGGGATTGTCGTTAGGTTCTCGTTCTATTGTAAAGCCGTATCGGGTCATTGTGTAAAGGCCTTTTACAAAGACGTGCCAGATGTCTCCAGTCTTATTGTACTGAGAGTCAAGGGGAATCTCCGCAATCGGCTCTCTTTCTCCAGAGGCATAGATAATGAGTATGACGTCGGTTGCATGTTTTGAAAAAATAGCAAAATTTATACCGTCTGCTCTGACTGTTGAGCCAAGCGGATTAGGGCTTCCTCTAAAGATTTCAAGTCCGCCTTTTTTAGACAGTTGTTTACCTTTAGTTTTTTCAAGGGGTTTCATATAAAACGTATCCTTTCATAATTTGAATTTTATCAAAACTGGCGGTTTCTGCGCTCATCAATAAAACTTTTAAGGTAGTTTGTGTAGTTATCATAATTAAGGAGCCGCTCCACATTGTCTTTCATGCGGAATGACCAGTTAGATGCCCCAACAGTGCCCGGAACATTGACGCGTTCATCCTCAGGCTGCGGCATTCTTAAATCATCATGGATGGCAAGGAAATCCTGAAGCGGAAAGATAGTGAGCATAGAGTTTGAGCGCATGTTTCTTCTAATGATTGCCGCTGAAACCTCAGTGGTCAGGTGATGCGGAGCACCGCCATGCAAGTTAAGCAGATAGTAGTACTGATTTTTGTCCCAACCTCCCTCCTCCCACCATCCTCTTAAAACCGATGTGTCATGTACGGATGGTGAGCAGACGCTCAATCGTGGATAGTAACCCGGATCAATGTATGGTGATGACTCTATATGATAGTCACGTGCCCAGCGCTCAACCCTGAGACTCAGAATGTTAAGTTTTTCCAGCACTCCTGGCACACACTTTGGCACTGCTCCCAAATCCTCGGCACAAACAAGCATATCCGTTGTTTCACACATCATACTAAGAAGGGTCAGAGCGTTTTCCCCCCATATTTTTTCATTCTGGGCGGTAGTTCTGTCTATTAACTCACGTAACCGATAGCGCTGCCCGTCATCCATGTTGTGAAACGCACGGCTCTTGTAATATAGCCACGTTGGCTGATAGGAATCCACATCGGGTTTGGGTTGAACCAGAAGGCGGTCACGATAGAGGTCAAGTAGTTTATTTTTAATATCATCATTGTCTTTTAAAGCTAAAATAGCTTTCTCACCATTGCTAACTGAATTAAAGGAGAAATTACCGTCTGAGTCCTCTATAAAGTATGCGTTTATGACGTATTCCGAGGAATTTCCGAAATAGCTTCTAAGGTATGATTTTGTAAAGGATGGATTAGCAAAGGAGCGAACCTGATAATCGGAAAATCCTGCATTCATGATGTTAGACAGCGACATTGATGCACAGGGGTCAAAGTGCCCAAGACGCCCAGTTGTCTCCGTCTCCGGTATCCGCCAGATGCGGAAAAACCCCAGCACGTGATCTATACGGTAGGCGTGGTAGAATTTTGCCGCTTGTTTAAGCCTTGCACGCCAAAAACTGTAGTCTTCTTTTTTAAGCACATCCCAGTTATAACACGGGAAGCCCCAGTTTTGACCGATGTCGGAAAACATATCAGGCGGGGCGCCAGCGCGTCCTTTCAAATCAAAAAGTCTTCTTTCATACCACACATCGGCGCTGTCTTCATTTATCAAAATTGGAATATCACCTTTCAGTCTCAGTCCCATTTCTTCTATTGTTTTTGACACCAAAGTGAGCTGTTTTTCCAGCTCAAACTGTACCCATGCAAAAAACAACACCTCTGTCTCGTGTTCTTTCCAGTAATTGTTTAAATCTGACTCTGAGGGATCTTTCATTGTTTTCCAGTTAAGCCACGTGTCAAACATATATGTGTCCTTAATGGCACGATAAACGGCATACGGCACGACCCACTTGTTTTCAGAAATCCACTTCGTTAGCAGTTTTGAGCTTTTTATTTTCTTTTCATTATGAAGATAAATTTTTTTCAGCATCGCCTCCTTAAAAGAGCGCACCTCAAGGTAGTCAACTCT
CP049016.1_gap22	1054557	1057238	2681	GCAAACGAAAACATCTCCTCTGTAAATGACATAAGGAAATTGTAGTCCTTGTATGCGATATAAAACTCAAGCATCGTAAACTCGGGATTGTGCTTTGTAGAGATTCCCTCGTTACGGAAATTCTTGTTTATCTCAAAAATCCGCTCATACCCGCCGACAAGAAGTCTTTTTAGATATAACTCAGGGGCAATTCTCAGGTATAAATCAGTAGAAAGCGCATTATGGTGGGTCTTAAAGGGTTTTGCAGCGGCACCACCGGGAATTGGGTGCATCATAGGTGTTTCTACCTCTATAAAGCCGTGACTTTCAAGGAAATCACGTATCGCTTTCACTAACTTGCTGCGAATAGCAAAGGTTTTTCTTACCTCAGGGTTAACAATTAAATCAACATACCGCTGCCTGTAGCGGATTTCAACGTCTTTGAGCCCATGCCATTTCTCAGGGAGCGGTCTAAGTGATTTGGAGAGGATTTTAAAATTCAAAACCTCTATGGTCAGCTCATCAGTTTTGGTTTTAAAGAGTCTCCCTGAAACTCCTATAATGTCGCCAATATCAATTTTTTTGAAAATAAGATAAGTTGTTTCAGATAAAATATTTTTAGCAAAGTATAGTTGAATCTTTTCGTCAGAGCCGTCTTGTAGATGTGAAAACGAGACTTTTCCAAAATTTCTTAACGCTATAATGCGTCCGGCAATGCTGCACTCAACACGCTCGGCCTCAAGTTCATCATGTGTTTTTGAGGCAAACCGCTCAGCAAGCTCCCGTGCCGAATTGACGGGGTTAAAGGTTTCGCTATAAGGCTCAACACCCATAGAGCGAAGCTCCTCCAGCTTTTTCTTTCTTTGCTCTACAAGTTCGTTTAGCTCTTCCATTCCGTATCAGTTGCCTTTAAGGTTTATTTTTTTATAACTCACAGCTCTATACAGTAACATTTTGCCGTTAAACTTGACAAGTTTTAATTATTAAAATTATAATTCCACTCTACACTAAACAAGTACGTGGAGATTTAGGTATGAAAGTGAAAGTGATGGATATACCAGATGAGGGTGTGGCCGTTGACATAGACATAATGTTGAGGGTGGATGGGATAGAAACGAAAGGCCCAGTAAGGGGGCATCTTGAGTTACAGAGAAGCGGCACCGAGGTAATAGTAAATGGTAAGGCAAAGGTGGATTTAGGTTTACAGTGTGGTATGTGTCTTAGTGAATTTACAAGCGAATTGCCGCTTGACCTTAATCTTCTGTACTGCCCAGAGGGAGCTCCTGTATTAGAGGACAGTGTGGAGCTAAGCACGGGTGAGATGGATGTATGCCTTTACAGTGACGAAGAGATTGATATAGCACAAATGTTGAGAGAACAGGTAATTTTAAACGTATCAATCAGTGCAGTTTGTTCAGACAGCTGCCGAGGGCTGTGCCCAGTGTGTGGTGTGAATTTAAACATGGAAAGTTGTAATTGCAAAAATACGTCCGGAGAAGGGCGTTTTTTTAAACTAAAAGATTTGTTAATGAAAGCAAATTAAAAGGAGTAGTAAATGGCTAATCCAACATCGCGGCATTCAAAGTCAAGAAGGGACAAAAGGAGGGCTAACTGGAAAGGAACAGCGCCGTCTCTGATACTGTGTCCAGATTGTAAGGCGGTTAAGTTGCCGCATCGGGTTTGTATGAGCTGCGGTAAGTATAACGGCAAAAGTATCTTAGCAGTGAAAGAGCAAGAATAAGAAATTTAGAGGAACGTAATGAAAATAGCCCTGGATGCGATGGGAGGCGATAACGCTCCCGGAGTCAACGTGGACGGAGCGGTGGAGTCAGTTAATGAACTGCCTGACATGCAAATTATATTGGTTGGTCAGACTGATGTCTTAGAGGCGTTGCTTTCAAAGAAGAAGTACCGCAGTGGAGCAATTGAAATAAGACATGCCTCCGAGGTGGTAAGCATGGATGACTCCACAGCCAATGCTTTAAGAAAAAAGAAAGACTCCTCGATACGGGTGGCAATTGAGTTAGTAAAATCAGGCGAGGCACAGGCGGCAGTAAGCGCTGGGCATTCAGGGGTAGCTATGGCAACCTCGCTTACGATTTTAAAGAAAGCTCCGGGTGTGGACAGACCTGCTATTGCTGTGTTGATGCCAAGAATTAAGGGACGTTTTCTTTTGATTGACGCCGGCGCCAATGTTGACTGTAAGCCGATAAACTTACTTCAATTTGCGCTTATGGGCTCTGCCTACTACAAATTGGTTTATAATGTGGACTCACCAACAGTAGCACTTCTAAGCATAGGTGAGGAGGACACAAAGGGCAATGAACTAACCAAGGAGGCATTTAAACTTTTAAAATCGGCGAAAATCAACTTTATCGGCAATATTGAAGGTAAAGATATATTTAAGGGGCTTGCCGATGTGATTGTCTGCGACGGATTTATCGGTAATACGGTGTTAAAAGTAAGCGAGGGGCTGGCTGAGGCGGTTATTCAAATACTTAAGAATGAAATCTCGGATTTGACATTTGGCAAGCTTGGATTTTTGTGTTTAAGACCTGCATTTAGGAATTTTAAGAAGCACACCGACTATGACGAAAGCGGCGGGGCTCCACTTTTGGGAATTAACGGCACATGTGTTATCTGCCACGGCAGATCGTCGTCAAAAGCGATACGAAACGCTTTGAAACTGACATATCAACTTG
CP049016.1_gap23	1075503	1078916	3413	AGAGACCTGGCTTAGCGCAGTCCCATGACACACCGGTGGGGTCTTTGACCGGCGAGAAAAACTCCTCTGTCACTTTGCCGGTAGCGGGTGAGATTTTATAGATTTTCGAAGTACCCGAATCAGCAACCCACAGAAATTCTCCGTCAAAAGCTAATCCGTTTGGTTTATCGCCTGGGGAATAAAGGGTCCTTACGATGCTGTTATTTTGCATGCTGAGTTTAAAGATTTCTTTACTCAGAGAGTCGGCAATCCACAGATACCCGTTTTCACAGCAGTCACCCTCCCATGCAAGACCGCAGATGTTTACAAATTTAGGAATTGGCACTGGAAACTTTTCAAGCATAAAATTTAAAATTCTCGTTTTGCTGAAATCCTCAACGGGAAGCAAGTCGAGAAAACGTATATTGTAGTAAATAGATCTGTCCCCTATAATGAAATCCCTGCCATTCCACGTAATAGCATTTGGCCCCCATCCCCTGTCGTCAAAAGGTGTAAACGTAGGCGTATCGGAGTACCAAACACATCCAAAAATAAACAGCTGCAGAAATAAAACCGCTAACACTACAGTCCTGACAGCCTTTGCGCTAAAAAGATGTCTCATTTTTATCTCCCAGATAAAATCTCACAAAACAACGACCACCGCCAAAAAAACAGACCAGCCATCACAACCCAACCATGCAAAGACTGCCTGTCATAACTACCCCGCTGCGCTATAATTGCCATAAAACTACTTACTATTTACAGCATCCTTAAAAGCCTTACCAGGAACAAATCTGGGAACTTTAGCCTCAGGTATATTAAGTGTTGCCCCTGTCCTAGGGTTACGTCCCTCTCTTGCCTTTCTTGTAGATACGGAAAACGTACCGAAACCTATAAAGGTGACCTTCTGTCCACTTTTAAGTGCGTTGATAATAGCATTTGTTGTAGAGTCAAGAGCTTTAGCGGACTCTGCCTTAGTAAGCCCCGCCTCCTTTGCAATCTGGTCAATCAATTCTGCCTTTGTCATTAACTTCTTCCTCCTTTGTTTGTGGTATATGCCACGCTGACCTGAACACTCAGGCGCTACACGGAGAGATTATAACAAAGGTTATTGCATTTTGCAATAAAAAAATTATAAAATTTAATTATTTTAAAAAATAAAATAAAAAAGGTTGAAAATTGTGTTGAATAACAGCATTAAAAAAGAGAAGATAACTATTATGGCATTTGGAGACAGCCTGACTGTTGGTTTTCAGTCGCCTACGTATGAAGCGCCGTGGTATGTTGAAACTCCTTATGCCGATTTTTTAAAAGAAAAAGTACACTTTAAAGCTGAGTTTATAGTAAGAGGAATAAGCGGTGAGCTGACCTCTGATATGCTGGAACGCTTTGACCGGGATGTTTTAGAGATGCGGCCAGATTATGTTGTTATTTTAGGCGGCACTAATGATCTTGGCTGGGGTGTATCCATTAGTGAAATAATGGAAAATCTCAGCACTATGTATCAAAAAAGTAAAAATGGCAGTATAATTCCTGTGGCTGTAACTGTGCCGTCCATAAGGGGATTTGACTCTGCAATAGCTCCACGAGTGGAGCTTAACTCTCTGATAATGCAAAGGTCAAAGGGCATGAATTTCCCCTGTATAGATATTTTTAGCGCAACCTCTGAAAAGGACACACTTGCTCTTGCTGTTCAATATTCCAATGATGGACTGCATCTTTCTACGGAGGGGTATAAAATGATTGCTGAGTTATTGTATGATGATGTATTCAGGCATATAGACAGTGAGGTTTAGCAGAGACGCTCCGGTGCCGGGTGAGCGGCGAAAGCTTAGTAGAATGGTCGTTTCTTAGATTGTACTGCGATGAAACTAATATAATGTGGAGGTTTAAAGGTGGAAATATACTGGGATGAGAGTCTGTCAACAGGAGTAGATACAATTGATAAGCAACATAAGGAGATTATAGCGAGAATTAACGCCCTATTATCTATGTCGGATGAGGAAAAAGAGGGAGAGTTAGATAAAATTTTGAGGTTTTTCGGCGGATATGTCATAGATCACTTTAACACTGAAGAGGCTATCATGATAAAACACAAATATCCTCAGTACGATGAACACAAAGGTGAGCACATGAAGTTTCTTAAAAGTTATTCGTCGCTTAAGAGACTCTTTGAAAAAGAGGGCGCCACTGAGCTAATAATAACTGCTACACAGAATCAGGCTGTTGACTGGCTCATTAAGCATATCATGAATACGGATCAGAAAATGGCTGATTTTATAAGAAACAAGATATAATCACTGATTTTCATATTGGAAAGGATTTTAACCTCAGATAGACACAGATAATAACTTGATCTGTGGTTCTATCCTTTTAGTCTAAACGCAAAAAAACGCATCCAATCCAGTCCCCAATTGAAAAGCCGCTTACCTCTGCTAACATCTGGGGCGGCAGACCCTGTATCGTCATAATATACAAATTCGACAAAATCCGGTAGCCCCGCCTTACTTGGCCATCTCCACCTTGGTTTGTAACCTGTTTCCTTAAACAGAGTTTTACCCTGAAAAAACATTCTGCACTTATTTCTGCCGCATCGGGCATTTTCTATTGCCTGTCTTAGCGCCTCAATCACCATCTCACAGCTTATCGCATCTATGCAATGACACACATTATACTTACAATCCCAGTTGCAGTCGTAACACACAAGGGGAACACTGACTGTCGTAGTAGATTTGTTGTAAGGAAAAAAACGGCCGACATGTGCCCCACCTAGTACCACCACAGTGGGCACTCCCAGAGCGCAAGACATGTGTGCTCCGGCTGAGTCCGCACCAAAGTAAACAAGGCATCTGCTTAACAGTGCAGCGCACTGTCTAAGTGTGGTTTTGCCTGAAAGATCAAAGAATCTTACGTTAAAATCGGCTCCGGTTTTTTTCAAAATCACATCAACATCCTCTCCTCCAAGGATAACAACATCAAAGTCTTTAAAATGATTGAGAGCTAAGTGGTAGTATTTATAAATCTTTCCCGGATGGGAGGCGCCGGGAAACAGCGCAATCGTTGTAGAGCTTTTTAGTCCGTTTTCTGAAAAAAATCTGTCAGCGTAAGCCATGTCCTCATCTCTGAGGTATATGGCTGGTTTAATGGCATTAGGTGTAAGGCCAAGGGCCTGTAAAAACTCCTCATGCCGCATGGGCTCAGAAAAAACTGTTCCACATCGTTTTACTAACTTTGTATAGAGCTGATTATTTTCTTTCTTTAACTCCGGCGTCATTTTATTTACAAGGTCGCCATCATAACCTATTGTTACAGTTGCTCCGCTTTGCAGTGTAAAAATATCCGACAGCGGCTCACGTGAATAGACTGAGTTAATGGCCATGTCTGCGCCCAGTAAGCGGAGCTTTTGTATAACCTCAGTTTGGTATGCAATATCT
CP049016.1_gap24	1118345	1121638	3293	TTGCTGACTGAAAAAAATTTACAGGAGTTAACTCAATAAGCATTTAAATTTTTATAAGCTAACAATGTTATAATCAGACATAGGTAGCAAAAGAAGGAGGGTATATATATGAGAATTATTAAATACTGCGTTTTATCTCTGGCAATTCTTGTTAGTGTGTTGCAAAGTCCTTGTTTTGGCAAGACTGATCACTCGGTGTATTTTGAAAATACTGATTACGAATTGCATGTTTATCGCATATACGGCACGGAAAAGGGTAAGACTCTTATGATTATAGGAGGAATTCAGGGGGATGAGCCCGGCGGTTATACAACAGCAGACCTGTTTGCTGATATAACACTAAAAAAAGGCAACATGATAGTAGTTCCCAGAGCTAATTTCCTTTCTATTATAAAGCATAAACGGGAAATAAACAACGATATGAACAGGAGATTCCGAGTACAAGACCGTGAGTACTATGAAGATAAAATCGTGGAAATTTTAAGGGAGCTTATAGGCAAGAGCGACTATCTGTTAAATCTTCACGAAGGCTCGGGCTTCTATTCAGAAACGAGGGTCAGCAATCTGATAAATCCAGACCGGTTCGGGCAGTCTATAATAGCCGATGCTGACATGTATAAGACAGATGACGGCAGGGTGCTGTATCTGGGAAGAATTGCCAGTGAGGTTGCTAATGAGGTAAACGCAACGATAAAGGATGAGTCTCACTACTTCAGGTTTAATAACCACCGGACTTTTGAAAAAACCACCAGACATCCTGAACAGCGGAAATCGGCAACCTTCTATGCCATCTCAACATACGGAGTTCCAGCATTTGGAATAGAAGTCTCAAAAGAGATACACGACCTTGAGAAAAAGGTTCGTTACCAGGCTACAGTTATAAATGCTTTTTTAGAGAAATTTGGGATACTGCAGGACAATCCGAGCATAGTGCTTGACGCCCCAAGGCTTAACTACATCGTAGTCTCAGTAAATGGTGATGAGCACATAGTGCACAATAACAACTCCCTGCGGGTAAGTAAGGGCGACAATGTAACGATAACAGAAATTTCGGCAAATTACAAGAGGGGATTGAGTGCAGATATTAGCGGTATTGGGGCTGCTAATATGTTTAAAAGGGATTTTATCGTGCAGTCCTCTGTAAAAGCCAATATAAAGAAGGATGGCGTGCGGTTTGGCGGGGTTAGTTTTGATTTAGCTGAAAACCAGCCGACTGCCATTAAAGCTGCTGTGTCACAAAAACCGCTCAGTGTTAAGGATGCAAAGTTTAAGTATCTTGTTGTGCAGCTTAACGGCTCAAAACATGTATTAAATGACAAGGAGCATCTGAAGTTAGTCCGCGGTGATAAACTGATGCTGCTTGATGTGGTTGCAGATGGTATAAGCCCCTCGGCACTCACTGTTAATTTTCTTGGCTTTGTCGGCGATAAAGAGCATAACACCGGTGAGGATAGAGGATATATTATAAATACAGCTAAAGACCTTTGGAAAAACTATTCCCTTGATAAGGCCGGAAAGTCATACTCGGTGGAGATAAGTATAGGAAAATCCTTAATAGGAGCTGTTTATGTTGATATTGAAGAGCCTAAGATGGACTATATAGTGTTAAAACAAAATAGCGGCGTCAAGCGCTGTTATTCAAGCGGAGATATTGTTACTTTCAACTCTAATGATACTGTTGAAATTATTGATGCTAAGACTAATGTCAATAAAAATGACGGGATAAACTACAGTTTTGAAAAAGCTTCACCCCAATATAACGCTTCAATTGTAAAAAAGCTGCTTCCGGGTGATTCCTTTCAGTTAAGTGGGTTAGCTCTTGATAAAGGCTCTCACTATAATATTATCGTTAGCCGGGATGGAATAGTTTTGGGTAAAACGCAAGTTAGAGTTGACGAAAAGATTGCTGCTTTAGAACCATAAAGGGGCTGTTTCAATAGCCCCTTTATGTCAAGAATTTAGATCACAGGAGGTAACTTGCTTTATTTAGACTCTTTCTGTAGAAGGTCCTCTATTTTTACGCCAATCTGAGAGCCATGACCACCAAAGACGGAGCCATCCATTCTTTTTGTAAATCTGTTAAGTCCTAAAGGATAGGCAGTTTTAGGAAGAGCAATATAACCGACCTCTTTTACAATCTTCTCGGCGTTATTCATATAAAATTCTACAAATTTCTTAACCTCAGGTTTGTCGGCAGATTTTATGCTGACATATATAAAAATTGGTCTTGAAAGCGGCTGATAAACTCCCTTAAGCACATTATCATAGGTTGGAAGCACAGCGTCTGTACTCCCCTTCTTGTCATTAATCACAGGTACTAATGTCAGCTTATCCTTGTTGTTTTCGTAATAGGCAACGCCAAAAAATCCAGTTGCGTTAGCATCGGATGATATACCCTGCACTAATACGTTTGGGTCGGCGCTTGATGTGTAATCGCCCCTGCTTGAGTGTTCCTTACCTACAGTTGCTTCCGTGAAGTAATCGTATGTGCCTGAGTCCACGCCCATACCAAACAGGTGAATTTCCTTATCCGGCCAGCTGGATCTTACCTGATTCCATTTTGTAATTTTTCCCTGTGCCTCCGGTTCCCAGATTTTCTTAAGCTCACTGACCGTAATATCCTTCACCCACGTGTTTTTAGGGTTTACGAGAACTGCTAATCCGTCATATGCTACAGGAATTTCTATGTATTTTATATTGTTGGATTTGCAAAGCTCAGCCTCTGTCTCTTTGATTGGTCTTGAGGCGTCGCTTATGTCTGTCTCTCCTCTACAGAACTTTTTGAAACCGCCGCCTGTGCCGGATAATCCAACGGTCACTCTAATCTTTCCCTTCTCGGCTTTCTGAAACTCCTCTGCCATTGCAGACGTTATAGGAAACACTGTTGATGAGCCGTCTGCCTTAACGGTTGCAGTTTCCGCATAAACTTTGACTGTGAGCCCCACCAAAAAAAGGAATATCAAAAAACTTGCTAATTTTGTCCTCATAGATTAATTCTCCTTGTTGTTTTAATTTTATCACCATGCGATGAGACATTCTAACAGTTCAATTGTTACAACAGAGTGACATTTGTGTTACATTTAGATTAAAGAAAATGATGGCTGCCGGTGATACTCTAAACTAAATCAGTCAAATTTAAATCTTTCCTCAGTAAGCAGTGCAGAAGCAGCGTCAACTACATCGGGGTCAAAGAGGGTGCCCCGTCCTTTTTGTATCTCCTCGATGGCTTTTCCAATGCCGAGTCCGGCTCTGTACGGCCTGTGGAATGATATTGCCTCAATTACATCTGAAAC
CP049016.1_gap25	1191028	1192382	1354	AACACTTTGTCAGCTCTTGCTTTTATCTCATACAAACGCTTATCTGCTAAAAAAGAACCCTCATTTAACGGCATAAAAAATCTTGTATTCCAATGTTCCTGTACAAAAATATCCCAGGGCTCACGGTGGGCAACATCATACCAAAGTTTTCTGTTCTTTACAGACTGTATGTCTGGATATGAAATGCCTGTCTCTGTTATTGTTTTTTCTCCATGCTTGATATATTTTAGTGCATTTGTGCCTCTTAATGCCCTCTTTTCTTTATCACAAGTAAAAAGAAAAAGATTTATTTTTTGGGATTTATCCAATACAATCTTATCAATTTCTTTAAAAGATTTAATTATCGGAATTAAAAACTCCTCTTCTATCCCCCAGTGTTTTATCTTTTTGTCGTCAAGATAGAAAAACTCGTTTATGCCTGTCGTATATCCTCTTCTAACATCAGCAAGCTCCTTTAAAGTAATAAGTTTATCCTTACACGTCTCCATTATTTCAAAATAAATCTCCGGCGCCCTCATGTATTTGCCCCATTTTACCGTTTTACCTGAGGTCTCAATCTGTTCAAGCAGCGTGTCCTGTTTTAAAACGTTTATTCTGAAATTGTCGGTTTCATAGCTTGCACGGCCTTGTAAGTTATTCTCTATCGTCTCGTCTTTAATCTTGTAGTGCTCCGAACCTGACTTCTCAATTGCATGGGTCAGCTTGTAAAGATTAAACCATCTGTCCATTGGCAGTTTTATATCTGTGGGAATCAACTCTTTAAGGCGTTTTTTGATTTTTACAAATTTTACGTTATTTTCGTTTCTTTGTTTCAGGTCTTTACAAAGCTCCAGTATTATAAAAACCGTGTTTACGGCGGCATCGTCAAACCATGCCTCACATCGGGATTCTACTATTGCAATTATCTTGAATTTTCTCAGAAAGAATTTTTGAAGCTCATACCCATACGCCACATCAAGCCACGAGTTAGAAGTGACAATGCCCATCCGACCACCATCTTTTAGCAGCCTTGCAGCATGAAAAAACAGGTACGCATAAATATCCGCCTGCCCGGAAAGCTTTGTGCCTCCATTGTTAAAAAGCTCAGGGTACTCCGCTCTCCAATCCGCTATGAGAGTTTTTTCAATAACTCCCTTATAGCCCTGGATGCGCTTTTCAATAAGCTCCTGCCGTATATATGGGAAATTCCCGACAATTGCGTCAAATTGAGGGATTACCTCGTCAATCGTGAAATCAGTGCCGGCTGTAGGCTTTGGAGGCGGAAACTTAAAAACATCTCCAGATTTTACTTCAAAAAAGTCTCTTGATTGTATTCTTGGAAAATTAGCGTAGTCCTCTATGTTTTGCCGATAAA
CP049016.1_gap26	1198137	1199240	1103	GCTCATCAACTGTCTTTACAAGATTTTTGTATAAATCTCTTGTTGCAGACGATGTTGACTGCTCATGACTCTGATGGTTCGCTGCAGAATCATCATCCACTGCCTTCTCAGAAGCCGACTCATCCTCGGGCACATTCGCAATCTCTGTTGAGTCATCAACATCCGAAACAAAGTTAAAATATCCCATATGCTTGGTCAAAATTGCTGTTGCCGTACTTACTGCTTCTTTTGGACTTAAATTCCCATCTGTCCATATCTCAAGAATCAGCTTATCATAATCAGTGGCTTTGCCGACCCTTGTCTTTTCAACATTAAGCACCACCTTTTTAATTGGTGTAAACACTGCATCTACTGCTATGAAACCAATCGGCGCTCCTTCTTTTTTTAAATCCTCGGCTTGCTTATACCCGCGTCCTTTGTTTATTGTAAGCTCTGCTGTGAACTCAGCATCATTGTCCAGGGTAGCTATATGAGCTTCAGGGTTTAAAAGCTCCAAAACCGAATCAGCCTCTATATCCTTTGCCGTTACCTCCCCTTTACCTGAAACATTTATCCTCGCTGTTATCTCAGTGTCAGCGTGCAGTTTAAATCTCAACTTTTTCAGATTGAGAATTATCTCTACAACATCCTCTTTAACGCCCTTTACGGTAGAGAACTCATGAAACACACCATCTATCTTAACAGAAGTTATGGCGGCACCTTCTATTGAAGACAGCAACACTCTTCTTAAGGCATTGCCAATTGTTATGCCATAACCTCGTTCCAATGGTTCAGCAATCAATTTGCCATACGTCTGAGAATATGTTTCCTCTTCCAAGTAAACATTTTCCGGCAGCTGAAAACCACTATTTTCAAGAAACATATTGCCTCCGTTCATCTATCTTGAATAAAACTCTACTATTAATTGTTCCTTGGCGACAAGCGGAATATCATCTCTCTGTGGCACATGCAGTACCTTGCCGCTTAACGACGCTCCATCTAATTGCAGCCATGTCGGCACACCAGCGTGTTGCGCCTTTGACACATTTTCCTCAAACATTGCTACAGTCTTACTCTTTTCAAAAACCGCTACAGTGTCCCCTGCCTTCAATCTGTATGAAGGA
CP049016.1_gap27	1263602	1266194	2592	TTATAGCTACAGATGTAAACAGGTTAGAGACGGTATTGTCTAAACTCGGATTTCCAAAAAAATTGACATCTAAAATTAAAAACTATTTCTCCCCGTATTAACGATTGTATATCTTTTCATCTGCGGACATCTGCGGATAAATCCTTTCCGTTTATATTGTAGTTATCTGCGGATAGATACCTTCCCCTACACAAACCCAAGGTGTTCCATGTTAGCCTCAAGGTAATCGTGCACGAGCAGGTTTTTCTCGTTTGCGACACAGTGATGATTGCAGACTTTTGACGGGTTTATTTTAAAAAAGTTCGCTTTAGCAGCACACCAAAAATCGCTAAAGCGAGCAGATCCTCCAATAGAGCCAATCAGCCCCTCTTGAAGGTTATAAGCCTTATCCTGACAGGAATAGACGTTACAGTCGGCCCCTATTACCGGCAGTAACTGAAGATACGGACACCATGAATAATCTTTTTTAAACTTTTCGTCAAGGGCGTGATAGGAGTCAAATATCTCAAAGGTTTCGTTACAGAAATCCTCCTTGGCTCTGGCAACCTGTTCCTTAACTAATTCAAAAAACGGCTTATGATAGGCGTTGTTCTCAGCGCCCTCGTTGCTGACAATACAGGGGGATACTTTAACGCTGTCAACTCCAACCTCCCTGAGTTTTTCCGTAAACGCATAGACTTTGCTGCAGTTGTCTTTATCTACGATAAAACTTACACCAAGGTAGCATTTGCCACCAAGTTTTTTGAAATCTCGCAGATTTCTCATAATTTTTGTAAACTCACCGTGTTTAACGCCTCGGTAGCGGCTGTAACTTTCGTCGTCGTAGCCGTCCATTGACACCCGCACCCAGGTAGCCGATTGAGCAAACACCTCGGCAGTCTCTCCCATTAGATTTGCTCCGTTTGTCAAAGTGGCAATTTTAACTCCGGAGGCTGCAAGCGTCAGCGCCGCCTCTGTAATGTATGGATAGACCAGAGGCTCACCTCCTCCGCTAAAAGTAACTGCCTTAACTCCCATATCTATGATGTCGTGTATGATTTCAAGCATTTTGTCACGGGCGATAAAATCCCTCCGGTTCATATCCTTACCGAGTTGAAGATTATCGGCCTTGTAGGCGCAGTATCGGCAGTTGTGATTGCAGACATTTGTAGGCTTTATTCGTATATGAATTGGAGGTAGAATCTCAGGACGCTCAATGGGCAGCGAGTCCAGTTTTTCCTTAAAGTGGAAAATCTTCATTTTGGTGTATAGCCGGCTCATGTGTGGTTTAGAGGCAATGCGTCAGCCTGTTTGTATTTAACAATTGTAATAGTATATTTTATAATTCCGTGTGAGATAGTTATAGGCGGTTGTATATCAAGACTGAGACCTGCCGATGTTAAGGATTTTATTGCTGTCTCTGTATCGCCGGGGATATGGGACAAGATTGCAATTATTCCCTTTTGGGGTATTACCTCCAGATACGATTTTGGAAAGTGGTCAAACGCTGACCCAAGCCGGCCATATTTTAAATGCTTATTCAGATCCTCAGGCTCTAAGATTTTATAATTTTGCCATGGTCTTATATACGGAACCAGAACTTTGACCAGAGAAATATTGACCAAACTACTGTATATGTCCTCCATGTTAATAGACACAGGTTCGTCAAATATAAATTTTATTTTTTGTTGTTCGCAATTTTTTAACGGATTAGGAACTATGTTAGTCTCACTGTTTTGAAACCATATAAATAAATCGTTGGATACGCTAAGATATTTCAGCGCCTTGTATGCAGCTATATATGTATGCCACGAGTCCTTCCTGTAACCACAGGTGTAGTTTCTATTATAAATATCAAGAGGCGCAGGGGTTATATACAAATTCAAACCGCAGAGAAATATAATATAAGCTACAGTCAGATTAAGCCAAACGTAGTACTTCTTGTAAAATACTTTAGCAATTATAAGAAAGAATAAACTAAACAAGATAATAAGCAACAGTAGTTTTGAAAAGAAATTGATGGTTATACTCTTAAACGAGTTATATCCTCCGAAAGCAAGGGAGGATATAAAGTCAAGAAATTTTAAAACCAAATCAGAACATGTCAATGAGAAAGCAAACAATATAAGAGCGAACATAACGACAATGACACGGCCTGTTTGGATGTTTGCCTTTCTAAAGCAATACGATAAAAAACCAGATAGGGCAAACATACAAACGATAGAAATATACAATAGCGGTTGGTAAAATTGAAAAAAATACTCCTTCATATTGTGCATATAGTAATAGGTTGAAAATGCAAGGATAAACGGAAGCTGCAGAAATAGCATCTCTTCTGTTACAAAACTAGTAGCATTCCGCCGCAATGTTCCAATCACATATATGCTTATTAAATATAGTGACAGGAGAAGCGTTATGAAATAAAATACCAGAAGTCTGGTGTGAGTCAATAAACCAAACACTGACAGGCGTGACCCACAATATGGGAAATTGCCCATTTGATTCATCATCGGCCGCCAGAACATAAAATCTCCGCCGGTAAGATAATTAATAAGCGCAAATATTAAATTTATAATTATTGTGCCAAAAATAAAAAACATAATGCTTTTCATT
CP049016.1_gap28	1396447	1401013	4566	GCACAGGCGCTATAATGTCAGTGCCTGCGCATGACCAGAGGGATTTTGATTTTGCAAAAAAATACAGTTTGCCCATAAGAGAGGTTATTGTGCGTGAGAAAGACGCTGCCGTTTCAACAGAGCTTACTGAGGCGTACGAGGGCGAAGGATACCTTATAAACTCCGGGCAATTTACTGGACTTGATAATAAAACCGCTATTGAGAAAATCGGTAAGTTTTTAGAACTTGCTTCTGTGGGCATGGTTGTTACAAACTACAAACTAAGAGACTGGGGTATATCTCGGCAGAGGTATTGGGGAACTCCAATTCCTGTGGTTTACTGCAAGAGCTGCGGAGTGGTTTCGGTAAAGGATGAAGACCTTCCCGTAATACTGCCCGATAACGTCTCACTTAAGGGAATGGGAGGCTCGCCGCTTTCCGGAGTTTCCGACTTTTTAAATACCACATGTCCCACCTGCGGCTCAAATGCAAGACGTGAGACAGACACGATGGATACGTTTGTCGATTCCTCATGGTACTTTGTACGGTACTGTTCGGAAAAAGATGCAGCGGAGCCTTTAAATAAAGCTAACATTGATACGTTTATGCCTGTAGATCAGTACATTGGAGGTGTTGAGCACGCAGTACTCCATCTTCTGTATTCAAGATTTTTCAGCCGTGTGCTAAGAGACATTGGCATTATAAGTTGTGATGAGCCATTTGAAAATCTTCTTACACAGGGGATGGTCTGTAAGGAAACACTGAAGTGTAATGAACACGGCTGGCTTTTTCCCGATGAGACCAGAAATGGAAACTGCATACACTGTAACAGTCCTGTAATACGCGGACGAACTGAGAAGATGTCCAAGTCAAAGAAAAACCTTGTGACACCAGATGAGATAACAGGCAAGTACGGCGCTGATACGGCGCGGGTGTTTTCACTGTTTGCAGCACCGCCGGAAAAAGACATAGAGTGGTCGCATCAGGGAGTTGAAGGCGCTTATAGATTTCTAAACAGGCTTTGGAATCTGCTTTATACGTATGCTGACAAGTTAAAAACTATTACAGTAACCCCTGATAAATTAAGCGGCAAATTAGTTAGAAAAACCCATCAGACAATAAAAAAAGTGACAGGCTCAATAGAGCGGGATTATCACTTTAACACGGCCATTGCATCTCTTATGGAGCTTCTTAACGAAATGTCGGCATTTAAACCCGCTGATATGGCCGATTACGCCTCTCTTAAGTTTGCCTTTAAATCGATGACATTGCTGCTGAGTCCGTTTGCTCCGCATCTGTGTGAGGAGCTGTGGGTGTCTTTGGGGGATAGTGGAAAGTCTGTGTTTTTAGCTCAATGGCCGGACTTTGATGAGATTGCCGCTAAAGAAGAGGAGATTGAACTTGTGGTTCAGATTGGCGGCAAGGTTAGGGCAAAGATGATGATTCCTGCCGACTCAAACGACGAAACAGTAAAGGCCGCAGCACTTAGTCATGATAAGATACGTGACTACATTACCGGTAAGAAGATAAAACAGGTGCATATTGTTAAGGGCAGACTTGTAAATATCGTGTTAGAAAATGGTTAAATCACCACTAAAAATAGCAACCGCATTGCTGCTCTTATTAAGTCTTTTATCAGGATGCGGTTACAGAGTGATAGGCAAAGATTCGCTGCCGTTTACCACGGTAAAAATTGGGAGGATTAAAAACACCACATCCGAACCTAAACTTGAAGACCTGTTTTATAAGGCTTTGGCTGAGGAGTTTCTAAAAAGAGGCATAACTGTTACCGACTCAGCGCAAAACACTATAGAGGGAGAAATTAACTCATTCCAGTTAGGAATTGCTGCTGAAAAGACAGGTTATGCCACTGATTACAACATAACCATGGGCGGTAATTTTGTGCTAAAGAGCCGTGATGGCAAAAAGAAAGAGTTTAAAGGAGTGAAATCCCCGTTTTATGAATCTGTTACCTCGCTTGATACGGTAAATGAGGTAGTTGCAGCAAAAGAGCTGGCTGCGGCAGGGGCTGTAAAGCGGCTGGCGGCCTCGTTGGTTTTTGAGCTTATGATGTCAGAATAAGGATTAACGATGAGCTTAAAGACACTTCAGGAGGAAAAACAGAAGGGATTCCCTGAACAAGTATATGTAATTCGTTACGAGGATCCTTTTTTTGAAAAGCACATTATTTCCGTTATTAGAGACGACGTGTTTTCTTTGGACGTTTATGACACACTGGACACAGAACAGCCGCTTTCTATACAAAATATTGCTGACAGTCTTTGTGTGATGCCTATGTTTTCATCCAAAGCAATGGTCGCAATCAGAAACGTGCAGAAACTTAAGGTGAAAGAGCTGGAAACCCTTAACAGATATGTTTCAAAGCCGGCTGATGGTGCTGCCTTGTTCCTTTTTTATGCGGTACCTCGTGGCAGCAGTAAAAAAGAAGACACAATAAAGCTTGCCGGTAAGTTTAGGCTGATTGATCTTACGCTCAGCGGTAAATATGCCCTTAACGACTGGATAGTGAGCGAGTGCGACAAAAGAGGCATCGTTTTAGAGACTAAGGCGGCAGAGTTTCTTAAGGAAATGTATGGCGATGATCTGCAGCTCTTTAGTAACGAGCTTGAAAAACTCAGTCTTTTGGGCAGCAAAAAAATCACCCTCTCCGATACGTATGAAACTTGTTTTGGAAGCCATGACTTCAACATTTTTGCTTTTGTTGGGATGATTACACGTGGCGATACGTCAGGGGCATTGTCTATGATTAAAGGAATGAAAGACGCTTTTGACGACAAGTTTCACGGCGCTGTAAATTATGGTTTATCAAAGGGAAATACCCCGCTTGAGGCTTTTAAAACACACCTTATGCTGCACATCAAAATGCGCCTTAACGCCGATTTTCCGTATGAATTGTTTGTTGCAGAGCTAAGCAAATCCTGCAAGACCGACCGAACACAAGCCCGCCTGCCTGTAATGGGGAATAGACCCCATTATTAGGCCGTTCTCTAAAACCCCTGCCTATTGTTATTCTGGTCAATACTGAAGATGCCGGTGTTGCCTGTTGCACCGATTTTGACCGCAGTTGCCACAAAAGTGCTTGCTGTGCCGGCGGTTGTAATGTTGTAGTTAAAATGTAACCCCGCTGCATTACCTGGTTTAAACCCTGTCAGATAGTTTGTAACAATGGTGTTGCTGGTTGAGTTGTAGTACAGTGTTGCGTTAGTACATGTACCTGCTGGTTTGTAGTAACAGCCGTTTTCGTTATAATACTGTTCAAGAAGCTGTCTAAGTGCAAGCAAGTTTTCCTGAGCCTCAACGTTTTTGGACTTTTCTCTCTGCCCCAAATAGATTGGCACTGCAATCCCTGCCAGTACTCCCAGTATCAACAATGTTATTATTAATTCAACAAGAGTAAAACCATTGCGCTTTGACGCTTGCCTGTTATCTGTCCTGTCCATAAGTTTGGCTCCTCCTTCTGTTTTCACAAGTTATATACAATGGTAACATAACTCTGTCAGAATTTACAAAAGACCATGTGAACCATGCTTTTCAGCAATAAGCTCCGACAGCGCAGATTGTTTTGACACACACACTTTAAAATTATCTATAAAACCGCAGGTGATTTTATCTTTTGGAATTGCTGTTATTTCTTTTGATACAATATAAACATTTTGAGGGTCAGCTATTCCCTCTTTCAACTGGACTGTAAGGTTTTTTACGTAAGACTGAAGCGCTCTCCAGTCAAAACGAGCCGCAAATCCTCTGTTGATTTTCATATTGTGTTTGCACGCAAACAGAGCTAAAAATTTACCATCATCCCATGGAACTTTACCGGCTATTACTAAGTTTTTACTGCCGCGTCCAATGACCTCCCATTTAGACGATTTTATAGGATTTTCTGCAGGGTTAAAGTTATTTTTATGTTTGTCAATATCACAATTGTCAAAAATCTGCAGTGCTATCAAAACTATCAATATGGGAATACTCTTTTTATCGTAATATTTAACAACAAAAAACAATAGAACGTAAATTAAAAAGTAATAAGCAGGCCAAAATAACCTGCCTGACGCTCTGAATACACTAAGTAAAGCGAATATTTTCTCACTTAGTTGAATTTCAAATATAACTTGATTAAAAACAGTTATTCTATTGCTAATGGCTATTAAAGTTAATAAAGATAAGGCAACTAACAGGGGTATGTAGTTCCTTATTTTGCAGCGTTTGATATTGGATTTAAATGCAACAGCTATTGCAAGAAATAAAAGTATGATTCCGCCTATGCCGAGATAATTGTAACCCTCAGCCCAGAACACACTTCCCTCTTTCATAAAATAAAGCAGCTTTGAACTTCCGTAGGGATTAAATAAAGCCAGAAGATCAAGATTTTTCTCTCCATAACCCCATGCAGAATAATCTCCTGATTTATTAAACATGAAGCAGCCGTTAATCAACCCTATAAGCATTATCGTTAATAATACCGATACGATAGAAACAATCAGTTGATGGTAACTGGCTTTTTTTTCTATAAACCTGAGTTTAAACAAGTGAGCAATGAAAACAACAAGTACTACAAACTCAAGATGT
CP049016.1_gap29	1457638	1460583	2945	TATGGTAGAGATAATTTTTAGGTGGACCGGAACACTGAATAAGTTCATAGGCGATGCCATTATGTGTTTTTGGGGAGCTCCGGTTGTTAATCCACTTCACGCTGTGTATGCTGTTAAATGCGCCTTGCATATGATTGCTAAAAAAGAGCAAATTCAGGCTAAACGTCTTTCTGAGGGGAAAGCTCCTATAGAAATAGGCATAGGCATAAACTCCGGCGAGGTTCTCATTGGTAACATTGGCGCTGTAGGAAAACAGATGGATTACACTATTATAGGCGATCATGTTAATTTATGTTCAAGAATTGAGGGTCTGACAAGAAAATTCAATTCGCATATTCTTATCTCAGAAAATACTTTTAAAGAGATTCGTCCCCACATAGACTCAGACTTGCTCTACAGTGTATCGGTAAAATGTGTCGGCAAAGTCGCTGTAAAGGGTAAAGCGCAGCCTGTCAGCGTTTACGATGTTAAGGCTTTGCCGTCAGGTTCGGTCTCTGAGGTTGTTGACGAGATATTCGATGAGGTAATTTACATGAAAGACAAATAGGGGTGAGGCACCCCACTTGTAGTACGGGCAGTGCCCTCCCTTAAATTATCTTAAGTTATTGAGACGAATAGCTTAGTACGTTAGCAATTATATCGGCAAAAGAAGTCAGCACCTCCTCATCCGCTACATCTCTCTTATGACCCTCACGCACATAGGCACAAATCACGCCCAGCAGCTTATTAGCGGCAAGTATCGGCACACAGTAGTGGCCATGCGGCAGGGCATCCTGGTTAAGCTCATGGCGTTTGTCAATTTTCTCGGCAAACACTATCTCCTTAGTTGACATAGCCATACCGCACAGACATTTGCCTGGGGTTATTTTTTCACAATCAGGCGTTCCTAAGGATGCTTTAAGTACAAGCACAGCCGGATCATCTTCAACTAAAAAGATGGCACCCTTTGTTTGAAGGAAAAGCCTCGGAATTGACGTTATCAGACCAAGTGACTGCTCTAATTTTTCCTTCAATGTAATTGGTTTTAAAAATACCTTCAAAATCGTATTTATGACCTTATTTCTGGCCTCCATTCTGTGCTTATAAAGGGCCATGCTGATTGTTACCAATAAGTCTCTGATCGCAAAAGGTTTAATTATATAACCGTAAGGCTCCGTTGTGCGTGCACGGCTTAGGGTATCCAGATCAGTATGAGCGGTCAGATACACAATTGGGATGTTATAGAGCGCATCAATCTGTCCTGCAGCTTCAATGCCGTCCATGTCGCCCTCAAGCGTTATATCCATAAGCATAAGATCAGGTAATAAATCCCCTGCTTTTTGGATTGCCTCCTCTCCAGATGCGGCAATATCTAAAACATTATACCCCAGTTTCTTTAACTTCATCTCGATGTCCCTGGCTACGATTATCTCGTCCTCCACCACTACCACTCTTATCCCCGTGGGGATATTGCTGCCTGCATTTGTCTGATCCATGTCTTTCACCTCGTTAAATTATTATCTTAAACTCTGTTCCACCATCTGTGCTGATATCTATTGTTCCCTTTAGTTTCCTTACAATAAGATCATGTATCAACTGTAAACCCAATGATTTTGCTTTTTTTAGATCTGTGTCTTTTGACATACCAACGCCATTGTCACTGAGTGTAAGATGAAGTTTGCCGTCCTCAGCTCTATGGAAAGTGACCATTATCTGTCCTTTGGAATTGCCGGGAAAGGCATATTTCAAAGAATTTGTAACAAACTCATTAATAACCAACCCGCATGGAATTGCAACGTCTATATCCAACGTGTGAACGCTGATGTCTGTCTTAAGCTCTACGTTACCATGCTTGAGGTTATATGAGTTTAACAGCTCGGAGGCCAGAGAACTAAGGTATTCACCAAAATCCAGAGTTGACATGTCCGTTGATTCATAGAGTTTTTCATGAATTAAAGCCATTGCCCTGATGCGGCTTTCGCTGTCCTTAAATATGTCATGCAGTTTGGGGTCTGAGATGGTTGCAGATTGAAGGCTCAAGAGGCTTACGATAATCTGTAGATTGTTTTTGACCCTGTGATGCACCTCTTTAAGCAGCATGTTTAAATCCTTCACGTTTCCGCGGATTTGGTGCTCCATCTCGGTGCGTTTTACTATCTCATCACGAAGCTGCTTATTGGTCTCTGAAAGAGTATTTGTGCGCTCCTTTACCAAACTCTCAAGGTGTTCATTGTACTGACAGATTTGTAACTGCATATTTTTGCTCTCAGTTATATCCTCACATGTTATTACAATCGCTATCGGTCTCAAATCGTCGTCCAGCACTATTTCTGATTCAAGCTTAACGTACATATCTTTGCCTGAAGCCATATTACAAAGACGCTCTGCGCTGTAGTTTTTGAAGCCATCCATACTCTTTATGTGCGACATGCAAGGCAGCACGTCTGTGACGTTCTTCTCTATCAGGGCAGATATATCAGAGCCGTGCATCCGAGCCAATGCCGAGTTTGCAGTGACTATGGCGCCCTCCATGTCGGTAACACAGACGCCAATTTTCACAAATTCAAGGGATTTTTTAAGTGTTAGTAAGTTCTGTTTGAGTTTATAGTCGGTAGCATCCCTGAAATAAAGAATTGTAAAGAGCTGTTCTTTAATTTTCATTACGGAGAGCGATATCTTGCAATATATTTTTGCATGGTCCTTGGCTATCGCCTCTACGTAAATGGTTTTAGCCTCAGAGATATAAGCACCGGGCTCAGGTCTGTCTATATTTTTTAAAACTGTTTGATGATACTTTTCAGATATGATACTTTTCAGAAAATTTTTACCGAGGATATCTTCATGTTTATACTTGAAGTATTTTTCTGAGTGGTCGTTCCAAAAAACTATATTGTTACCAATATCCAATACAGCCAGCGCATCATTTACGGCAGCGCTCATAAGATTAAATATATCCTCAGGCGACT
CP049016.1_gap30	1472095	1475274	3179	GCGCTCGGAGGCTCTTGATCATGTGCTGTTTTGCGGCCCACCGGGGCTGGGCAAGACCACATTTGCAAACATCATAGCGAATGAACTAAAGGTCGGGTTAAAGTCAACATCGGGGCCTGTGCTTGAAAGAGCCGGAGACCTTGCTGCAATACTGACAAACCTTTCAGATTTTGACATCCTGTTTATTGATGAGATACATAGACTGCCAAGAGCAGTTGAGGAGATACTGTATCCAGCAATGGAGGATTTTAAGCTGGATATACTGATAGGTCAGGGGCCAAATGCCAGAACTCTGAAGTTAAACCTGCCGCGTTTTACCCTAATAGGGGCAACCACAAGGACAGGACTTTTGACCTCTCCGCTTAGGGACAGATTTGGAGTGATAGACAGACTGGAGTTCTATAATCATGAGGAGCTTGTCATGATAGTGAAACGCTCGGCCTCAATTCTTCAGGTAGTTCTAAAAGATGATGCCGCATTTGAAATAGGGCGTCGCTCAAGGGGGACTCCAAGAGTGGCAAATCGTCTGCTTCGGCGGGTGCGGGACTTTGCTCAGGTTAAAAACAATGGAGTGATTGATCTAAATATTACCAAGTTTGCCCTTGAAGCGTTAAACATAGACGGGCGTGGACTTGACGACATGGATAGAAAGCTCTTAAGCACGATAATTGAAAAGTTTGGAGGAGGTCCAGTAGGAATTGAGACTCTTTCTGCCGCTGTAAATGAGGATAAGGACACGATTGAGGACGTCTATGAACCGTATCTTTTACAGGAGGGTTTTATAGAGAGAACGCCGCGGGGCAGACTAGCAGCACAAAGCGCATACGAGCATCTGAATAAGACCCCTAGGAGCAGACTGTTTTGACACTCAACAACAATACATCATGAATACTCTGATTCACATATGCTGTGCCAACTGTGCCACGTATCCGCTAAGCTCATTTGCAGAGCGTGGAGTGGATTTCACGGGTTTTTGGTACAATCCCAATATTCATCCGCTTACAGAGTATGGGTTGCGGCGTGATGCGCTCAATGTCCTTCAGAGTGAGTGGAATTTTAAAGTCATCTATGAAAACCGTTATGACTTAAAGGCTTTTCTAAAGACAGTTTTAAACACTGAGGGCAGCCGCTGTAAAAAGTGCTACACGATGAGGCTTGAAGAGACCGCAAAGAGGGCAAAATCTCTTAATTATCAGTCATTTACAACAACCCTGCTTTATAGTATCTATCAGAAGTTTGATTATATAATAGACACAGGCAGGGAGCTCTCGGAAAAGTACGATATAGAGTTCTACGAGGAGGATTTCAGAACAGGTTGGGGTAGGGGGATTGAATTATCCAAATCACTGTCTCTTTACAGACAAAAATACTGCGGATGTATATTTTCAGAGATGGAACGTTACGCTAAAAAAATAAAAATAGAAAAGGATGCATAAATGGACACAGACACTAAAGAGCCAATAGATGACCTTGACGACTTATTTGTTGATGAAACAGAGGGTGAGTTAAAGACAGCAAAAGATAAGTGGAAAGTGATTATAGTTGACGATGAGCCGGGCGTGCATGACGCAACTATTCTTAGCTTAATGGATGTCGTGTTTGATGACAAGGAAATCATTTTTTTGCAGGCCTACTCTGGAACTGAAGCAAAAACCCTTATTGAAAACAATCCCGACAGTGCTGTTATGCTCCTTGATGTTGTCATGGAAACTGATGACGCCGGTCTTCAGGTAGTAAAACATATTCGTAATGAACTGAATAATAATCTTGTCCGTATAATTCTAAGAACCGGTCAACCGGGACAGGCGCCCGAGGACAAGGTCATCATGCAGTATGAAATCAACGACTATAAGTCAAAAAATGAACTTACCAAGCAGAAACTATTTACCACAATGGTCTCAGCCCTGCGTGACTATAGAAATCTGGTCACCATTGACGGCACAAAAAGAGGACTTGAACAGATTATAAACGCATTTCCCACTCTTTTTGAACTTCAGTCAATGGATGATATTATCTCAGGTATTTTGACTCAGCTGTCCTCGCTGTTGAGGCTTGACGAGGGTTCGGTGTATCATCTGGACTCATCCTTTGTTGCAAACAAGAGCTCAAAGACTATAACTATAGTCAAAGGTACCGGAGCTTATGGGCAGCTTATTGGCAAACCAGCAAAAGATGTGTTAGAGCCTGCTAAGTATGAACTTCTTCTTTGTGCCGAAACAGAGCAAAGGAACATTTTTACCGGTAACTCTTGTGTGGTTTATTTTAGAAATAAAACAAACCTCTATAACATGGTCTATATACGCAGTCACAGGCAGCTTAATGAGATAGACAAAAACATGGTAGAAATATTCTGTAACAACATCTCTATGGCTTTTGAAAACATAGAAAAACACAAAATCCAGGAATCCATGAAACTGGCAAAAGATATTCAGATGGGTATGCTGCCTGTAAATTTCCCAGACATCATGGAGCATGGAATTGACCTGTATGCTTTCATGCAGCCTGCACGGGAGGTTGGAGGAGACCTGTATGATTTCTTTTTTATCAACGACGCCCTCATGTGCTTTGTAATTGGGGATGTGACCGACAAGGGAGTTCCAGCAGCGTTCTTTATGGCTGTCACAAAGACGCTAATTCGTGCTGTTGCCAAAAGTTACACCGATACCGGTGAGATTCTCCGGTTAGTCAACAACGATTTGTGCAGAGATAACGAAAAGTCCATGTTCGTAACGCTTTTTATTGGAATTATAGACACAAAAACCGGCGTGTGCTCCTACAGTAACGGCGGACATAACCCTCCCTTCATAGTCAGGCACTCTGGAGAAATTAAACCGCTTGAGCTTAGCGAGGGAATTCCCGCAGGCATTATGGAGGACTCCGAGTACAAATCCGATGAGTTAACTTTTGCCGCAGGAGACGCCATTTTCCTATACACAGACGGCGTCACTGAGGCTATGGACACAGAGAACAGGATTTTTGACGATGACAGGCTTATCGCAGTGCTTAGTAAAAATAGGGGGAAATCGTCAAAAACTATCGTAGAAGAAGTTGTCAGCGCACTTTCAGAGTTTACAACCGGTGCGGAGCAATCCGATGACATCACTATGTTGTGTTTTAATTATAAGCCTGACCCCAAATCCAACTTATAAAAGAAGTCAAGACCGCAGTAAGTTTGAAAA
CP049016.1_gap31	1547132	1552105	4973	CTTGCTAATGGCCCCTCAGTATTGGCTTATGGGGATGAGGAAAAGTTAAAGACAATGGAGGCGCTATCGGGGCAGGGCGTGAAATTTTTGGCGTGCCGGAATTCGCTAAAAAAGATGTGTGCCGGCGGCGGCAATGTCTGCATATCGGAGGAGCTAATAAGCCCTTTTATTACTGTAATCCCAGCAGGAATTACCGAGCTAATAAGACGGCAGGCGGATGGTTATGCTTATGTGAAGCCGTAGATTTATGATATAGGAGATGACGAGCGTTTATAGATGGAAATCCGGATAGAACATCACACACTAAAAAGGGCTATGGAGCGGGGAACAAATGAAGCTGAAATAAGAGAAGTCATAAAAACAGGTTTCCCTGTTTCGGCGAAATACGGAAAGGAAGGTAAAGGGAAAATATTTTCATATAAACAAATTCGTTTAAATAAATATTATGAGCACAAAAGGGTTGAGGTGTTTTATATTGTAGAGGAAAATATTATAATAACAGTAACGGTTTATGTTTTTTATGGAAAGTGGGAGGTGTGAATGTATGTCTCATACGATGATAGGGGAGATGTGCTTTATCTCAGGTTAGACGACGTGACACAAGATGTGGTAAACACACGGGTATCAGAAGATATAGTTTTTGATATTGGATACGGTGATAAAATAGTTGGCATTGAAATTATGAATGCCTCAAAAAACATAAAGTTGGACAACTTGCTGCCTGTCAAATACGAATTATCGGCAAGATGATCAAACAGGCGGGTAACTATGAAAAATGACTATAATTACAGCCAAAAAACGACTCTCTGCCAAATAATCTCAGGCTAAAATGCTAAAGAAATTTATAACTATAGTATTGATAGCATCCATCTTGCCTATTACCATAAGCGGGTTTGTTATTTATCATCACTGCAAGGAAAGCTTGATGAAAGTTCTGGAGAATCAATTGCGTGCAACTGCGGCTATTCAGGAATCCAGAATCAATATACTATTTGACAGATTTTCTGACGATGTCAAGATGATTGCAAATAGGCCGAATCTTAAAAAACAATTAGCATCATACGAAAAAAACAGGGACGCTGAATCAAAGGACAATCTTGCAAAAGTATTGCACGAACTTATGAGCACCATCACGATATTTCACGAAATATCGCTTGTCGGCATAAACGGTGAGGTCATCTATTCAACCAATAACTCAATAATCGGAAAACAAATCAATTATGAACCTTTTTTGGCAAAAAACCATAAAGAGCCCGTGATTATAGATACCATTAAGGGACATGATAACGCTCCCGACATTTTGTTTTCATTTCCATTGCTTATGGAGGATAATCTAATAGGCTTTGTGAGCGGCATATTGGACGCTAAATACCTTACCGACATTACGGGAGATTACACGGGGTTAGGAAAAACTGGCGAAACAGTGCTGGCAAAAAGAGACGAAAAAGGCGACGCATTATTTATAGTCCCCCTGCGTAAAGACAAAAACGCCGCCTTTGCCCTTAAAATACCTAAAGACAATACGACCACGCTTATCACTCAGGCATTGCTTAAAAGACAACACGTGTATAGCGCTTTTATAGATTACAAGGGGGCTGATGTAATAGGCGTTACGCGTTATATAGCCCGAGCGGACTGGGGAGTTGTCGTTAAGATTGACACAGCCGAGTTTATGGAGCCGTTAGTCCGATTAAGAAATTTTTTAATCATAAGTTATCTCATGCTGATTGGATTCATATTACTTACTTTATGGCATCTCGTTAGACGTATAACCTGGCCGCTTACGCATCTGACAAAAATAGCTACTAAAATTTCTGAAGGGGATATCTCTCAAAGGATTGAAATAACTTCTGACGGCGAGATAGGGATTCTATCTATGACGTTTAACCAGATGCTCGATAGAATCAAGGAGATGCATACGGCAGCAGAAGATAAATTCACAGAGCTTAACGTAATTGTTAATACACTGCCCGGTATTTTTTACCTTACCGATCAAGAAGGGAAAATCCTCATGCACAACAATAACTTTATGGAGGTAACCGGCTACTCTTCTGAGGAGATACATAATATGTCCGTATTTGATTTCTTCATAGCGGACGATAAAGAATGCGTAGATAAAATATTTCATAAGGTAAATGAAGACGGCAGGGCAGACTACGAGCTATTGTTATCCACAAAGGACAATAACAAGATTTCATATTATTTCATTTTCTCGTTAATCCGGCAAGATAAAAAAGTTGACATCGTATCAATTGGTGTAGATATTTCAGAGCGCGTCCAGATGGAAAACGAGCTTGGAGAATACCGTGAGCACCTGCAAGAACTTGTCGAGCATAAAACGTTAGAAATACTGACAATAAACAAACAATTGGGTCATGAGATAGAAAAAAGTATCGCAAACGCAAAAGAATTAAAAGAAAAAGAAGAGCTGCTGCGCCTGATTACAGACTCACTGCCTGCGCTGATTGCTTATTTAGACAGCGAAACCCGCTACCGCTTCGCCAACAAACTCTACGAGGACTGGTTTGGGTACTCACATTCTGAGATATTAGGAAAACGCCTCAAGGAAATATTAGGACAAGACTATCACGAGGTCGTTAAAGATAATCTAATAATGGCGTTATCGGGACAGAAGGTGCAGTTTGACGGATACATAAAGCTAAAAGACGGAACACAAAAGATTATCGCCGTAAGGTATATCCCCCACCTCAACGCAGAAGATGGAAATGTCAAAGGTATCTCTGTAATAGCTCATGATATTACTGAACTGAAAAACACCGAACTGGCGCTTAGGGAAAGCGAAGAGCGTTTTCGTAGGATATTTGAGGATAGCCCGATAGGAATAGCCGTAACGGACAGTAACGACTATTTTATTAAAGTCAACAATACCATGTGCCAGATGCTGGGATATACCGAAGAGGAATTCAAAACCCTCACATATCATGAATTAACCCACAAAGAAGATTTTAATGAGCACAAGAAACTTGTAAGTAAGCTAAGAAATGCCCTAATACCCGCTTATAAGATGGAAAAACGCTACGTCAGGAAAAATGGAGAGGTAATATGGGTAAACGTTATCGCTGATTTAATAAGAGATGAAAACGGTGCTGTTGTGTATGGGATAGGAATGATTGAAAATATTACACACCGCAAGGAAATGGAAATGTCAATTGCCATGTACACAGACCAACTGGAATCAGTGGTACAGGAACGCACAAAGGAATTGCTGGACAGCCTTGATAAACTTCGCTCCCACACTAACGCTATAATACAGGCCATGTGCGCTGCCGTAGAGGCCAGAGATCCATACACCGCAGGACATCAACTAAGGGTAAGCAAATTGTCCTCTGCTATTGCCGATGAGTTGGGACTTAGCGAACAACAGAAGGAAGGTGTGCTGCTATCGTCTGCAATACACGATCTCGGCAAGATATACGTGCCCTCTGAGATACTCAGCAGGCCGGGCAAGCTGAAAGCCTCCGAGTTTAACCTTATTAAAGAGCATTCGCAGGTCGGGTTTGAAATTTTAAAAGGTATAGATTTTTCCTACCCAGTTGCTCAGATAGTATTGCAGCATCATGAACGAATGGACGGCTCAGGGTATCCACTTGGGCTTAAGGGCGACGATATTTTGCTTGAAGCAAGGATAATCTGTGTTTCCGATGTGGTTGAAGCGATGGCTAACCACAGGCCGTATCGTCCAGCTCTGGGAATAGAGAAGGCATTAGAGGAGATAACGAAAAATAGCGGTGTTTTATATGACAGCGACGTCGTCTCGGCATGTGTTTCGGTTTTTAAAAAGTGGTTTAGTTTTACGTAAACGAAGCTATAACGTCAACAATTTCCTAATCATCTGATGAAACAAATAAGAAAATTTTACTATCCGAAAATATAATATCCACATTTTTCTATCCATCGTCCACACCTTGAGTATGACCAGTATCTTTGATATATACTACGGATATGGGAGTGTTTATATGAATAAAATGCCGGATAAGTTAAAAACTGTTGCCGCGGCCCCTGGGGTCTATATGTTTAAAAATCAAAAGGAGGTCATCCTTTATGTCGGTAAGGCACGTGTTCTCAGGAATCGTCTGCGCAGCTATTTTAATTCAAGTATCAAAACTGATCTAAGAAAAACGGCTCTTGTCAGAGAAGCTCATGATTTTACATTTATCGTGACCGAATCCGAGGTGGAGGCACTTGCTCTTGAGGCTAATCTAATAAAACAGCACCGTCCGAAATATAACATAATCCTCAAAGACGATAAAAACTACCCATACCTGAAAGTCACAGTGACCGATAAGTGGCCTAAAATTGACGTTGTACGAAGGGTTCACAACGATGGGAATGTTTACACAGGGCCGTATGTATCATCAAGGAGTATGAGAGAAATTTTGGATTTTGTCAAAAAACATTTTCCCCTGCGCACGTGCAACTATCGCCTTGAAAGCATTACACGCCCGTGTATTGACTACCAGATGGGATTTTGCAGCGCTCCATGTGTGGGACTCATAAGTAAGGACGAGTACATGGAGTATGTTAAAGAAGTAATTGAATTTCTTAACGGTAAGCGCCAGACTTTGTTGGATAAACTTACCGAAAAAATGGTTTTTTTGTCGGATTCACTGCAATATGAGGCAGCCGCCAAATACAGAGATAAAATAAAGGCCATTGCAACCGCATGGGAGATGCAAAAGGTGGTTGACGTTAACTTTGCCGATATGGACGTTTTGGGGCTTTATCACACAGGAACGGAGGGGCTTATAAATGTGTTTTTTGTAAGAAACGGCTGTCTAACCGGCGTAAAGGATTTCTACATAAAAGATATCGGTGGAGTTTCTGTAAAAGAGCTGATTTCCACGTTTATACAACAATTTTATAATAAGGACATCTATCCGCCGTCTGAGATTGTCGTAAATGAAAGACCCGAGCACAGAGAGACACTGATGAAGTGGCTTAAGAAAAAACGC
CP049016.1_gap32	1570503	1573111	2608	GGTGACAAGTACAAGCTGCATTCAGTTGCAGCATTTGAAGGTGTTGTTACATCAAAAGTCATAGAAGGGCTTCAAGTCAACATCAGTGAAATATTTGAATAATATAACAGCATGAAAAAAACGCTTTTAAGCCTTATCTTTTTAATATTAACCGGCTGTGCAACTCATAATTCTGCAAACAATACAATTTATCAGGTTTCAACTCTTGATGCACTTATAAAAGGTCAGTACGAGGCATTTGTAGAGTTTAGTGAATTAAAAGAGCATGGTGATTTCGGTCTTGGCACGTTTGACAGTCTTGACGGGGAGATGATTGCAATTGACGGTAAATTTTATCAGATAAAAAGTGACGGCGTTGTGTATCCTGTCTCACTGAACACTAAAACTCCTTTCGCAGATATGATATTTTTCAATGCCGACACGTTATTTGATATAAACAAAGAGACATCTTGTGAGGATGTTATCGCTGAGATTAGCAAACGGCTTTCCTCATGGAGTATATTCTATGCCATAAGGGTGGACGGTATATTTGAAAAAGTAAAGATCAGGAGTGTACCGGCTCAGAAAAAACCGTATCCCGGTCTTTTAGAAGCCGTTAAGGGTCAAACTGTGTTTGATTATGAAAATGTAAACGGCACTATACTGGGTTTTTGGTTCCCTGAATTTATGAAAGGAGCTGGCATCACCGGTTTTCACTTTCATTTTATATCAGATGACAGGGCTAAAGGCGGACATCTGCTCACGTGTAAATTAAAAAAAGCTGTTGTTAAGATAGATTATTCTACAAGACTTTTTCTAAAACTGCCGGAAAATGGCCAATATCCAAACCAAACTAAAGATAATTTGACACCCTCAGCTGTTTCTTATCACTAAAACTCTGATATAATAGTTCCATAGGTGGAAAGGGAAAAGAAGAAAATACCATGTCCTGCACGCATGGCAATAGAGGGGCTTGAGAAGGCGTTTTCTCATTGGGGAATAGAGCACGCTCAAAAGCAGTCGTGTTGGCAGTACAAAAGCTGCCCGCCTAATGTTTATTGTAAGTGTCCTGCCTACATTGGACACGCAGGGAGACGGTGCTGGCTTGTAGCGGGTTCTTTTAGCAGCAAAAATCCTTATTGTGACCACACTAAAAAATTGAAAGACTGCTCAGAGTGTTCTTTTTACAAAGAAGTTAAAAGCAATACGTAGAGTGCTGTTTTAGTTAAACAAGTGTAATGTGAGTCTTTGTAGTATAATATGATTGTGGATGAGGAAAGCAAGGTTCCGTGCCCGGCACGTATGGCAATAGAGTGGCTGGAGAGCGCTTTTACTAACTGGAGTAAAGAAAAGGCGGAACAAAAGTCATGTTGGCAGGTAATAGGTTGTCCCTTTAACATTCGTTGCAAGTGTCCTGCTTTCGTTAATCGCGCAGGGAGACGATGTTGGCTTGTGGCTGGCACTATGGGTGAAAACCCATTCTGTACTCATCTTACAAAGTTGAAAGATTGCACCGAGTGTTCTTTTTACATAGAGATTAAGTGTATAAAGGAACAAGACAAATAGTTACACTTTAGGAGGTGAGACTTAAATTGGATAAATACACAGTGGCAATAATAGGTGGAGGGGTGGCGGGGCTTTCGTGTGCGCTTACTTTGGCCTCTGCAAAAGACAAGGGTGACTGGGCTTATGGTAGGAGATATATTGTAATTGACAGCGGAGCCTCCGATTTACTTAAGGCAAAGTTATTTAATGTGCCTGGGGTTGCTCTGGGCGAAAGCGGCAAGGATGTATTAGAGCAAATCAGAGGGCAGATAAACCATTACGGCTGTGTTGATTTTGTAGGTGGTGAGGTAAAAGGTGTCGCTGGTACACGGGGTGATTTTAGCATAAGACTAAGGGACGACGGTGATATTAAAGCTGAAATCGTTGTAATAGCAACTGGTTACAAGAGCTTTGAGATAGATATTAACGGGCTTAAGGTTGTTCCCCATAAGCATACAAGTAAACCTGATCGGGTTATGATAGAAACCGATGAGTACAGCATGGCAGCTGATGGGATATACATAGCGGGGACTTTGTCAGGAGTCAGCAGCATGTTTGCAACGGCAGCAGGTTCGGGAGTTCAATCGGCATGCAGCATTTTATCAACATTTAGCGGTAAACCTACTATTGTACACGATAAGGTTTGAGACGGGTAGAAGACTAATTATAAGATCAGGGCAAACGCATTTCACAGGAAATAATAATATATTGCCAATGCAGTGTAGCTTCGGTAAAAAACTGGATTCCTGCCTGCGCAGGAATGACAAAAAAAAGACATATCCTTCCTTGTCATTCCCGCCTCCGAGCGGGAATCCAGTCCTTTTCTCTAAAAATTCTGCCTTGCAACAGAGAAGTCTTTTGCTGCTTTTTTCTCTAATGCGTTTGCCCTGTTATAAGATATTGTGCTATTGACAAATAATAAACAGATTTGTGTTATAATTAATTACTGGGTTTGGAGTTATCATAGTGAACAAGAGAGAAACTTAAAATGGAGGATAAGGTGAAGATAGAACAGAATCCGCAGCAGGCGCACAAGGGGCGGCAAATCAGAAGAAAAGACTAAAGGTCTTAAAAGCAGCAGCGA
CP049016.1_gap33	1577300	1581057	3757	GTTTGCTGATCTTATAGTCTTCTACCCGTCTCAAACTTATCGTACAGTTTACCCTAAATGTTCTGATGCCCTCCGAACTGCTGCCGTTGCAAACATGCTGTGACTCTGACGCCGCTATCCCATCAGCTGCTGCTGTACTCATCGGTTCTCACCCGATCAGGCTTGTATGCAGGGGAACAACCTTAACGTATCAAACTCTTGTAACCAGTTGCTTTACAACGATTTCAGCTTTATCACCGTCGCCCTTATGCTAAATCAACCCCGTACAGCGACACCTTTTACCTCACCACCTACAAAATCAACACAGCCGTAATGGTGCCCTCATTTGCTCTATCATCCTTGCGCAGAGACCCCAGCACATAAATAACTTTTAAGAAATCGGAGGCTCCGCTGTCAATAATAATCTCCTACCATAAGCCCAGTCTGTCTTTGCAGAAAAGGCGCACAAAAGCCCGCCACTATCCACTGTGTATTTATCAATTTAAGTCTCACCTCTAAAGTGTAACTATTGTCTTGTTCCTACACTTAATCTGCTCGGTGCAATCTTCAACTTTAAGATGGTGGGTTTTCACCATGTGCCAGCCACAAGCAACATCGTCCCTGCGCGATTAACGAAAGCAGGACACTTGCACGAATGTTAAGGGACAACTTACTGCCAACATGCTTTTGTTCCGCCTTTCTTTACTCCAGTGGCGCTCTCCAGCCCTCTATTGCCATACGTGCCGGGCACGGAACCTTGCTTTCCTCATCCACAATCATAATACTACAAAGACTCACATTACACTTGTTTAACTAAAACAGCACTCTACGTATTGCTTTTAACTTCTTTGTAAAAAGAACACTCTGAGCAGTCTTTCAATTTTTTAGTGTGGCACAATGATTTTTCTGAACCCGCTACAAGCCAGCACCGTCTCCCGCGTGTCCAATGTACAGGACACTTACAATAAACATTAGGCGGGCAGCTTTTGTACTGCCAAAGATGCTTAGCGTGCTCATTCCCCAATGAGAAAACGCCTTCTCAACCTCTATTGCCATGCGTGCGACATGGTATTTTCTTCTTTTCTTTCCACCTATGGAACTATTATATCAGAGTTTTATGATAAGAAACAGCTGAGGGTGTCAAATTATCTTTAGTTTGGTTTGGATATTGGCCATTTTCCGGCAGTTTTAGAAAAAGTCTTGTAGAATAATCTATCTTAACAACAGTTTTTTAATTTACACGTGAGCAGATGTCCGCCTTTAGCCCTGTCATCTGATATAAATGAAAGTGAAAACCGGTGATGCCAGCTCCTTTCATAAATTCGGGAAAAAAACCCAGTATATGCCGTTTACATTTTCATAATCAAACACAGTTTGCCCTTAACGGCTTCTAAAAGACCGGGTACTTTTTTCTGAGCGTACACTTGATTTACTTTTTCAAATATACCGTCCATTTGGCATAGAATATACTCCATGAGGAAAGGTTTGCTAATCTCAGCGATAACATTCACAAGATGTTTTGTTTATATCAAATACGTGTCGGATTGAAAATATCATACTGCGAAAGGATAGTGTTCAGTGGACAGGATACAACGCCGTACTTTTTATCTGATAAAATTTACCGTCAATTGCAATCATTCCCGTCAAGACTGTCAAAGTGCCAAGACCGAAATCACCATGCTCTTTTAATTCACTAAACTCTACAAATGCCTCGTATGACTTATAAGTCATCAAGAGTTGTGATAAATTGTATTGTTTGCAGAATTAAGTGATTGCAAGCCGGTTAATATTAAGATAAAAAGTGACGGCGTTGTGTATCCTGTCTCACTGAACACTAAAACTCCTTTCGCAGATATGATATTTTTCAATGCCGACACGTTATTTGATATAAACAAAGAGACATCTTGTGAGGATGTTATCGCTGAGATTAGCAAACGGCTTTCCTCATGGAGTATATTCTATGCCATAAGGGTGACGGTATATTTGAAAAGTAAAGATCAGGAGTGTACCGGCTCAGAAAACCGTATCCCGGTCTTTTAGAAGCCGTTAAGGGTCAAACTGTGTTTGATTATGAAAATGTAAACGGCACTATACTGGGTTTTTGGTTCCCTGAATTTATGAAAGGAGCTGGCATCACCGGTTTTCACTTTCATTTTATATCAGATGACAGGGCTAAAGGCGGACATCTGCTCACGTGTAAATTAAAAAAGCTGTTGTTAAGATAGATTATTCTACAAGACTTTTCTAAAACTGCCGGAAAATGGCCAATATCCAAACCAAACTAAAGATAATTTGACACCCTCAGCTGTTTCTTATCACTAAAACTCTGATATAATAGTTCCATAGGTGGAAAGGGAAAAGAAGAAAATACCATGTCCTGCACGCATGGCAATAGAGGGGCTTGAGAAGGCGTTTTCTCATTGGGGAATAGAGCACGCTCAAAAGCAGTCGTGTTGGCAGTACAAAGCTGCCCGCCTAATGTTTATTGTAAGTGTCCTGCCTACATTGGACACGCAGGAGACGGTGCTGGCTTGTAGCGGGTTCTTTTAGCAGCAAAATCCTTATTGTGACCACACTAAAAATTGAAAGACTGCTCAGAGTGTTCTTTTTACAAAGAAGTTAAAAGCAATACGTAGAGTGCTGTTTTAGTTAAACAAGTGTAATGTGAGTCTTTGTAGTATAATATGATTGTGGATGAGGAGCAAGGTTCCGTGCCCGGCACGTATGGCAATAGAGTGGCTGGAGAGCGCTTTACTAACTGGAGTAAAGAAAAGGCGGAACAAAAGTCATGTTGGCAGGTAATAGGTTGTCCCTTTAACATTCGTTGCAAGTGTCCTGCTTTCGTTAATCGCGCAGGAGACGATGTTGGCTTGTGGCTGGCACTATGGGTGAAAACCCATTCTGTACTCATCTTACAAAGTTGAAAGATTGCACCGAGTGTTCTTTTACATAGAGATTAAGTGTATAAAGGAACAAGACAAATAGTTACACTTTAGGAGGTGAGACTTAAATTGGATAAATACACAGTGGCAATAATAGGTGGAGGGGTGGCGGGGCTTTCGTGTGCGCTTACTTTGGCCTCTGCAAAAGACAAGGGTGACTGGGCTTATGGTAGGAGATATATTGTAATTGACAGCGGAGCCTCCGATTTACTTAAGGCAAAGTTATTTAATGTGCCTGGGGTTGCTCTGGGCGAAAGCGGCAAGGATGTATTAGAGCAAATCAGAGGGCAGATAAACCATTACGGCTGTGTTGATTTTGTAGGTGGTGAGGTAAAAGGTGTCGCTGGTACACGGGGTGATTTTAGCATAAGACTAAGGGACGACGGTGATATTAAAGCTGAAATCGTTGTAATAGCAACTGGTTACAAGAGCTTTGAGATAGATATTAACGGGCTTAAGGTTGTTCCCCATAAGCATACAAGTAAACCTGATCGGGTTATGATAGAAACCGATGAGTACAGCATGGCAGCTGATGGGATATACATAGCGGGGACTTTGTCAGGAGTCAGCAGCATGTTTGCAACGGCAGCAGGTTCGGGAGTTCAATCGGCATGCAGCATTTTATCAACATTTAGCGGTAAACCTACTATTGTACACGATAAGGTTTGAGACGGGTAGAAGACTAATTATAAGATCAGGGCAAACGCATTTCACAGGAAATAATAATATATTGCCAATGCAGTGTAGCTTCGGTAAAAAACTGGATTCCTGCCTGCGCAGGAATGACAAAAAAAAGACATATCCTTCCTTGTCATTCCCGCCTCCGAGCGGGAATC
CP049016.1_gap34	1639486	1641182	1696	AAAGCTTTGCCATTTTGGGCTGATGGTGGACTTTTGTCCTGTTTAACCTGTGACAACACATTCTTTAAAATGGAAGGAAAAAAGACTGGATTCCCGATCGGGGTCGGGAATGACAAAGGAGGGCGTCATTCCTGCTACAGGGGAATCCCCATTGGGGAGGTCATTCCTTTTCCTTTCTTGTCATTCCTGCGCAGGCAGGAATCCATTCCTTTACAAAAATCCACTCCTTCATCAGATACCTTACCCACAAAGGCATTTTTATTAATGTAAATATCAAAACAAATTAAGGGAGGCATGTCATGAAAAGTTTTATTGGAAAGAAGTCGTTTAAGTATGGTGCATTAGTGGTTTTATTGGTTTTGGTTTTGGCTGTGGTTGCATACGCTGCAACAGTTCCTTACACCTTTAGCTCCGGCACAACTGCTAAATCCAGCGAAGTTAACAGTAACTTCACCTATCTTGCCAACAGAAGTTGGGAACTGAGCAGTAGTAATTTGTATTACAGCAATGGGAATGTTGGGATTGGGGAATCAAGTCCAATGGGACTTCTACAGGTTGGAGGAACTTCCAGCGGTTCACTGGGGAAGATTTATTTTGGCAATACAAATAGTAGTTATGGTGCTATTGGATTTGTATCGATTTATAGATGGTTTCAGATAGTGTCACAAGTATCAAATGGAAGCATGGATTTTATAATAAATGGAGGAACTTGGACTTGGCAGGATTCTGGAGGAACTGAATACATGAGATTGATGGATGAAGAATCTGGTAGCACTAAAAAAGGATATTTAGGCATAGGCACATCTGTCCCAACCTACCCTCTCCACATGGCAAGCGGCGCCTACGTAACAACCGGTGGAGTTTGGACAAATGCCTCAAGCAGAGCGTATAAGGAGCACATAAAAGAGTTATCGTCTGAAACAGCGCTGGAGGCTTTTGAGCAGCTCAAACCAGTTACATTTAATTATAAAACTGATAAGTCTGATAAGCACATTGGTTTTATTGCAGAAGATGTCCCTGAGATTATAGCAACCAAGGACAGAAAGGGTTTAAGCTCAATGGATGTTGTAGCTCTGCTTACAAAGGTTGTTCAGGAACAGCAAAAGACTATAGCGACATTATCAGAAAAAGTTGAGAGGCTTGAAAATAAAAGTGAGGCAAGGTAATGTTAACTATAAATATAACAAGGACAAGCGACGCAGGCGTACTTTTAGTACGTTGAGGAGCTTTTGACGCATGCCAACAAAGTTAGGCGATAGAATGCGGCTTGGTATCAGGAGAAATCTTATGAAAAAGAACATACTACTACAGTTGTTGTTTTTGGTGTTACTGCCCTCAATTGTAGTTGCAGCCAGTAGTTTTTGGGACAGCTTAGTGTGGGACACAGATAAATGGGATTCGTCCGATAACTCAACAACTACAACCACAGCAATTGGCGGCACAACCACTACGAAAGTCTCAACAACTACAACGACAGTAAACATTGACAACATAACGGGTTCAGCCAAATCAAAGGTCATCTATTCGCTGCCGTATTTCCATACAGAACCAAGCGCCGTTACCTACTGCATATTATCAAATCAGTCATCGGATAACACAAGCGCTGTGACATTTGCAGTAAAAGCTAATTCGGCAAGTAACGCAGCAGGTACGGTAAATACATTCCCATCAGCACCGCTTTACGCAAAAATGACGC
CP049016.1_gap35	1663544	1665142	1598	ACAAAGCTGATTTCAAACGGAACCACAATAACCAGCGAGGTAGTTTGGGATGAAAATTCTAACAGTAGCGCAACCGGAGGCGGCGTGAGCGACTTCTTTCCTGTACCGGCATATCAAAACAGTATAAAAGTACCCTCAGCAAACAACCCCTCACACTATGGACGCTGCATTCCGGATGTGGCCGGGGATGCGGACCCATATACGGGGTATTTTGTGCGTGTTGACGGGCAGGAATTAGTTATCGGAGGCACAAGTGCGGTAGCGCCTTTATGGGCTGGTTTGACTGCACTGTTTAATCAAAGTTTAGGGAAACATGTGGGATTTTTGAATACTAAAATCTATGGCACTCTGCGCAGCGGCTGTTTCCATGACATAACAAGCGGCACGGAGCCTATCAGGCTAAGCCTGGTTGGGACGCTTGCACCGGATGGGGTTCGCCAGACGGAGCAAAACTTCTTGCTGCTCTAAAATAGGGAGAATAAGTGAGGGCACTGCCCAATATGTCGGGGGTGCCCTACCCCTTTTTCAAACTGCAATTATGCGGTCATTGCTTAGTGCGTAGATTTTCACTTTGTCATCAGAAATTGTTATACTTAAAGCACTGTGGACTTCTTAGATTGCACTATGGACTTATGATTACAAAGTTAACAAATAAAGTCCTTGAGGGTAAAATCCTTATAAAAAATGAGGCTCTTGATATATGCAGTCTCCCTAACAGCCGTCTTTATGAACTTATGGCGGCAGCCTCTGCTATCAGACAGCACTATCGCAGCGATTTCATTGACCTTTGCTCGATAGTTAACGCTAAATCCGGCGGCTGCTCTGAGGACTGCTCATTTTGTGCTCAGTCGTATGAGTCTAAGGCTGACATAGAGCGATATCCACTTAAAAGTTATAAAGAAATTGGTGCGGCTGCAATGAGCGCCAAAAAAAACGGCGCAAGACGTTTTTGTCTGGTTACAGGCGGTAAAAAAGTTCTGGACGGCGAATTAATAAAACTTTCCGACATGCTCAAACATATAAGTGCCGAAAGACTTTTACCTTGTGCCACCCTTGGGCTTCTTAACGAGGATTCCCTGAGATTATTAAAAGACTCCGGACTTAACCGCTACCACCACAACATTGAGACCTCGGAGCGGTTTTTTCCGCAGGTCTGCCACACTCATACGTTTAAGGATAAGGTCAAAACAATTGAGGCCGCTAAATCCACAGGGCTATCCCTGTGCTCAGGAGGCATATTTGGTTTGGGTGAAACTTGGGAGGATAGAGTTGAAATGGCTTTTTTTCTAAGGGATATTGAAGCGGACTCAATCCCGATAAATTTTCTCACTCCGGTTGCAGGCACCAAAATGGCAGACGTTCCTCCGCTTGACCCAATTGTCGCACTAAAAATAATAAGCCTCTACAGATTTATTCTACCAGAGCGTGAAATTCGTATCTGCGGCGGCAGGATGCAGACTTTGGGAGAGTTTAATTCGTTTATTTACATGGCTGGCGCCGATGGACTGCTTATAGGTAATTATTTGACTACTACAGGGCGCTCTCCAGCTCTTGACACAAGGTTTATTGAGCAAACGGGGTTAAGGTACAAATGACAC
CP049016.1_gap36	1677268	1681926	4658	TGTAATCCTTGAGTCCATAGACATGGTAAAAGTGTTGTTAGAACATATAAAACAAAAAGACGGAGCTGAGGAGGACATTACCGAACTTGTCGGCCGTCTTAAGGCAATAAACGATGGCACTGCCGTAGAGCCGTCTGAGTCTCAGCCAGCAGCCGCTGATACAGACTCTGAAGAGTCCGTAGTTATGGATTTAGACCTTCTGGCTGAGCTTGAAGCAGAACAGGCTGCCTCATCAGGCATTAAACAAGTGGGTGAAATCCTAATAGAAAGCGGTTTGGTTACTGAGGATGATGTCGATGAGGCACTGAAAATTCAAAAGCTAATTAAAGAGTCTGTAGATGTTGGTGAGATTCCTAAAGTTGGCGAGATATTAACTGTCACAGAGAAAGCGTCCAAAGATGAGGTAAAAAAGGCCCTCACTAAGCAGGCTCCACCTCCTCCTGCTGAGAAATCAGATAAACCGCAACAGGCGGAACAGACAATCAGAGTGGATGTCGAGCGGCTTGATAACGTGCTTAACCTGGTTGGTGAACTGGTGCTGGCAAGAAACAGGCTTGTGAAAATTGCAACGACTCTTGAAATAAAATATCAGGACAGTGAAGACCTGGCGCCGCTTACCGAGTTGACCTCATTTATAAACCTGATAACAACCGACCTTCAGATAGCAGTCATGAAAACTCGTATGCAGCCGATAAAGAAGGTCTTTAACCGCTTCCCCAGAATGGTAAGAGATCTTGCCCGCCAGCTCAACAAAGAGGTAGAGTTACGGCTGTTTGGTGAAGACACAGAACTTGATAAGTCAATTATTGAAGAAATTGGCGACCCGCTTGTTCATTTAATCAGAAACTCCGTTGATCACGGCATAGAGATGCCAAAAGAAAGACAGTCCATCGGAAAACCAACCCTTGGCACTGTAATGCTCTCAGCTTATCAGGAGGGCAATAATATAGTCCTTGCCATAGAAGACGATGGTAAGGGCATAGACCACGAAATGTTAAAAGAGAAAATAGTTGAAAAAGGACTTTCCACGTTTGATGAACTTGAAAAACTTTCTATAAAGGAAATTTTGGATTTTATTCTCTTACCCGGGTTTTCCACTGCTAAGGTAGTGTCAGACGTCTCAGGCAGAGGGGTTGGCATGGATGTTGTAAAGACAAACATAGATAAATTAAACGGTGTTATCACAATAGATACGGAAAAAGGTAAGGGGTCAAAGTTTATAATCCGGCTGCCGCTTACGCTTGCCATTATACAGGCTCTTATGGTTGGAGTGAGCAAAGAGGTGTTTGCAATTCCTCTTGCCTCAGTTGTTGAAACGGTTCGATTGGTAGATAAGGACATTAAGACAATAAGGGGGCAGGAGACTGTTATACTCAGAGACGAGGTGGTGCCGGTGCACAGGCTTGCCGACAAGTTTTTTATAAAGAGATCTGCTGATGGCGATGGCAAAATGTACCTTGTAGTCATAATAATAGGTGAGAGAAAGTATGGGCTTATGGTTGATAAGCTCTTTGGACAGGAGGAGGTAGTTATTAAGTCCATAGAGGGATTTTCCGGGAGTGCCGATGGTGTGGCAGGCGCCACAATCACAGGAGACGGAAAGGTTGTGTTGATTTTGGATCCTTCTGTGATGTTTAGCAGTGTTAAGCACGGATAGACAAAGTGATACAGGATACAGTAAAAAAGATAAAAGTGTTAATAGTGGATGATTCGGCCTTTATGAGAAACACCATAAAGAGCCTGATAGTGAGAGATCCGGAGATTGTGGTTGTGGGAACCGCCTCAGACGGCATAGAGGCTCTGGAGAAGATAGAATCCCTTAAGCCTGACATCATCACATTGGACGTTGAAATGCCGCGGATGAACGGACTTGAAGCTTTGAGAGCCATCATGGCAAGCAGCAATCCTCTTCCTGTGATAATGGTCAGCTCACTTACGACTGAGGGGGCTAAGACCACATTAGAGGCGCTGGAGATAGGAGCCGTAGATTTCATCCCCAAAAATCTGTCTGAGCTTTCCGTCAACATTGTCAATATAAAGGATATGCTGCTTGATAAACTAAAGCAAATAGGCAGTAAGAAATTCAAAATACCGAGAAAGATTTCACCATTATCTAAAACTGCAATGCCAGCCATGCAGAGACCTGCCGCCACAATGCACCCTTCCCCTGTCCGGTCGGTACAGTTCACATCGTCTAAGAGAATGCAGATGGTTGCCATAGGAACATCTACAGGAGGCCCTAAGGCGCTTCAGACCATAGTGCCGCTCTTTCCAAAGAACTTCTCAGTCCCAGTAATTATATCTCAGCACATGCCGGCTAATTTCACAGGCCCGTTTGCCGAGCGGCTTTGTCAACTGAGTCAGATGCCGGTAAAAGAAGCCAAACACGGCGAAAAAATAGAAAACGGAGTGGTTTACATTGCCCCAGGCTACGGACACATGAGTATCACCAAGAAGGGGTTTGATAAGTTTGTCAGTATTGGCGATGATCCCACATACATTTACAAACCCTCGGTTGACGTTATGATGCTTACTGCTAACACTGTAATGCCGGGTGGCTGTCTTGGAGTCATATTAACAGGGATGGGTAACGACGGCTTTAAGGGAATGCGTGCAATTAAGGAATCCGGCGGCAGAACGATAGCTCAAGATGAGGAGAGCTGCGTTGTGTTTGGAATGCCGAAGTTTGTAGTTGAATCGGGGCTTGCCGATAAGGTTGTGTCTCTTTCAGAGATAGCCGGAGAGATTATTAATTCAATTTAGACTTTGATATAAGTTTCTTTCATTTAAGAAAGGGAATTTTGAAAAAACTGTAATCCGCAGATGAACATAGATAAAAAATAAATCTGCGCAAATCTGCGCAATCTGCGGAGAAAATTCTTATTCTGTTTCTTTCATTATTATATTTGTTTAATGTATAATCCTTTTACGGTGTGGTTGGTATTTTTATGTCCGTGATTTTTATTTTGATTAATAATACAGGGAGGCATAGATATGGAGCCTTTTACAGCGACTGAAGACATACTTCAACTTGTTACCTTCACACTTGGGACAGAGGAATACGCTGTCGATATTTTGAAGGTACAGGAAATAAACCGGATGACGTCGATAACGATGGTTCCCAACGCCCCGCCTTTTGTAGAGGGCGTGATAAACCTTCGCGGCAAAGTCATACCTGTTGTAAATCTAAGAAAAAAATTTGGAATTCCAGAGATGGAAGACAGCGAAAACGCTAAAATCATGATTGTTGATCTCAAAGGGGTTACGATGGGGCTGATAGTAGATGCGGTTTCAGAGGTTCTCAGAGTGCCGGCAAACATAGTGGAACCAACCCCTCCTATGGCTACAGATATTAGTACCGAGTTTATATACGGTATTGCTAAATTAAATGACAGACTTATAATTATGCTTGACCTTGATAAAATGATTGACAGCACTACGGACTCTTTCAGTTTCTAAAACACAGTTTCTAAAATCACTTGACACCTTAAAGCCGTATGTGATAGCGTAATACTCAGTAATGCTCTTTGTAATGTAACGCCGGAGTGGCGGAATTGGTAGACGCAAGGGACTTAAAATCCCTCGGGTTTCTGCTCGTGCCGGTTCAAGTCCGGCCTCCGGCATAGCTAATTTTCCAACGCATACATGGAGGCTAAATGAGGTCTTTCATTGTATCTATACAGAAAGAAGACAGATTCTATGTGGCAAGATGTCCTGAGTTATATGTTACAACGCAGGGGGAGACCCTTGAGCAAGCTCAAGCTAATATTAGAGAAGCTATTGAATTATATTTAGAAAGCTTTGGAGTTGATGATCTACCTTCAGAAACATCAAAATCCTACTGGACTACAGTTGAGATAGCCAGTGCCTAAACTCCCTGTGATTTCAGGCAGGCAATTAATATTAGTTTTAAAAAAAGTAGGTTTCATAGAAGTAAGGCAGAGAGGCAGTCTAAATTATAATAATAAGGAGGAGATTACCACGTCGCTGCCGCTCCTCGTAATGACGGAGAGAGATGCCCACGCACAGCCCCCAGCCGTCATTGCGAACCCCAGCAGGGGGTGTAGCAATCTCGTTTTTTATAAATTCAATAAGAACATACTTTTGAATTTCACTATAAATAGTTCTTAGTGTATATTCAGGACTGATGCCAGAAACAGCATTTTAGCGTTGTTGTCTGCTTAGAATTTCCTCTTTTACCTTAGGTACTATTTGTGTTAGAGCATCTTTCAGGGCAATACTCAGACTCTCAGCAAGGGCGGTGAATGATTTATCGGAAAGCGGACTCTTTTGTGAAAAAACCCCATGAAGTATGTTTTTGTCATCAGGTGTAAAAAGATCATAGTCAAATTCAACTACTCCCTGTAAAGGTGTGTTGTAATTAAAACGTTCAAATCTTCTAAGATTTATTTTCAGACAGTAATAATCACGCCTCTGAACTGTTAAAATCCTGACATCTTTAAAGAATGTCAAATCGTATAGTGCATTTCTGAAATTCTCAGAAATCATCTTTACAGGCGGGGCCTCCCACTTAGAGTATAGTTCCGTAGTCAGCTCATACGGGGTGCTTCTGTGTGATAAGTAAGGTTGCGACAAGTATTTTGGAGCAGTAACTAAAATACCTAAAGAGACGTCAGTAACACCCGTGGTGGATACGT
CP049016.1_gap37	1686626	1687629	1003	TCTTTCCGTCTCGTCTTACAAAATATGCAACCTCTTTAACCCCACTGCCTATGCCGCCAAACGTGGTGAAATAAATGGCAGATGCTTTATGTCCCATCTCATCCCTGTCCAGCACCTTAAACCTGACAGATGTGTCCTTAGCGCTGATAAATGATGACTCTATCTCCTTTCTCATCGCCTCAAACACCTCTCTGGCCTCCTGAAGCCCAGTCATATAGCGGTCAGAGTCAGTAAGAGCGGTCTCAGAGAGAAAGAATGTTTTATAAAGTGCCGCCATTAAAACAGTTGAAAGCAACAGCGCAAGCATAATTTCAATTAGAGTAAATCCTCTCATGATGTCTTATATAAATACCGTAAAGTTACAGATTCTTTTTTATTATAGACAGTTAACTCCATAACGGCAACGCCGGTAAGGGCAGTCATACGGCTAATGAGACGATAGCTATAGGACTCATAAGGGGTATCAAACTGACCCTTTTCTTCAACCACTTGTAGCTGCCGGAGTTTTGTAATTTTCTCTCTTGCAAGCATTGCCGCCGTAGTGACTATCTCATGTCTTTCCGATATTGACAAGTTGTAGTTAATAGAGGAAATGGCAGTAAGCAGCAACCCGCTTACAATGCAAAGCGCAATAAGCACTTCAAGCAAAGTAAAACCATTACGGTCTCTGTCCACCGCTTTTGCTAAATGACACCCCGCATAAGTACACAAGGTAAAATTACATGTTGATTTTAATTAAGTATCTCCCGTTGTCGTATCGTCAACACTGGATTTCAAGTTTGCTTACGTAGTCTGAGTATTGTTGAAGCAATTCCTTTATTTTCCCTGAGTCTTTAAGATTAGCAGCGGTCTCTATTGCCTGCCCCAAATTCTTGAGGTCTTCAAGTCCAAAAGTTTCGGATGATTTCTTAATCATACCGCCCTGCATCTTTATTGATGGATAATCACCCTGCTTTACGCTGTCTTCCATTTCCTTAGCGTCTTTTTGCCTGCTTTGTAAAAA
CP049016.1_gap38	1743078	1745674	2596	AATATTGAAACACTTACACGTAAAGCCGGTAACATCGTCCACATTCTTGCCAACAAAGTACCATGGTGCGATAGCGAGGGAAATATAATTGGCACAATTGGTATATCAAGGGATATAACGGAGTTTAAAGAGGCAAGAGAGGCTCTGGAGCAGGCTAAAAATGACCTTGAAAAACGCATTGATGAACGCACCCGACAGCTTAAAGAGCTGAACGAGACACTCCTGGCTGAGGTAAATGAAAGAACCCGCATGGAGGAGGAAATCCGCAAAAACTACTACACACAAAGAGCGATTAACAGCGTTTTAAAAATAGCGCTTGAACCAATCTCATTAAATGAACAACTTGATAAAACTCTTGACTTAGTTCTTTCCATCCCATGGCTTTCCCTGCTGTCAAAGGGTTCTATCTTTTCCTATGATGATGCCACATCATCTTTAAATATGATTAGTGTCATGGGACTGTCGGACTTTTTACGTCAGACATGTAAAACCGTGCCTGTGGGAATGTGTCTGTGCGGCAAGTGTGCCCTTACAAGAGAAACAATTTTTGTTAACCATTTAGATAACAGACACGACATAGGGTATGACGGAATGACAGACCACGGTCACTACTGCGTCCCAATTCAGAAAGGCTCCCAATTGCTTGGCGTGGTTAATCTATATGTGGCTGCCGGACACACTACAACCCACATGGAGGTAGCATTTCTCATGGCAGTGGCAGACTCAATAGCCGGTATGATGGAAAGAGATAAGAATGAAAGTGAAAGACATAAGCTGCAAAATCAGTTGATTCACTCGGAGAAACTCTCAGCGCTTGGGAGACTTTCAGCAAGTGTTGCTCATGAAATCAGAAATCCGCTTACTGCCATCGGAGGGTTTGCCAGAAGACTGCATAAGATGGTGTTAGAGGGCACGAAGGAGCGAGAGTATGCTGATGTAATCAGTGCCGAGTCCTCGCGTCTTGAGATTATCTTAAAAAACATTCTTTCCTATTCCAGAGGTGAAACTCACTCCATTAGCTCTCAGAATTTAAACGAAATAATTGCCGAGACAATCAGAAATTACAGTGAAACTATGGCGGAAAAATGTGTTAAAGTATATTTTATGGCAGGTAATCTGCCGCTTATTAAGGTTGACAGAACCCAAATCCGGCAGGTTTTTGATAACCTCGTCACAAATGCCATTGATGCTATGCCGAGTGTGGGCGGCTCTATCAGAATAACAACTAAATCCACCGTAAAAGATAATGTTAAGTGCGCCATGATTCAGATAGAAGACTCAGGAGCAGGCATTCCGGCAGACAAAATCAGCATGATATTTGAACCGTTTTTTTCTACTAAGGAAATGGGACGGGGTACTGGGCTTGGGCTTCCCATCACAAGACGAATCGTTACCGAACACGGCGGTATGATTAACGTGGAGAGCGCTCCAGGGGCTGGTTCAATTTTTACCGTGTATTTGCCGTATAAAGAGTGATCTAAGGACTACCCACTGTGAGCATTCTTACTGAAATCATTGCAAAGAAAAGAGAGCGCCTTATTTCTAAGAAAAAATCTGTTCCTTTGAAGGATTTGATTGAAAAGTCAAAAGACATGCCGCCGGTACGGGATTTTTATACCGCCATAAAAAGAAAAACCCCTGCAGGGCTAGTAAAAATAATTGCAGAAATAAAGCGTGCCTCACCATCTGAGGGGCTTATCCGCAGTGATTTTGACGTCAGAGAAATAGCCTCTATATATGCCGCTGGTGGAGCCTCTGCAATATCGGTTCTTACTGAGGAGGACTATTTTAGCGGAGATTTGAAGTATATTGTTGAGACAAGGGACGAGGTAGATGTTCCGGTTTTAAGAAAAGATTTCATATTTGACCAATACCAGATGTATGAGTCACGTGCTGGCAGCGCTGATGCTGTTTTACTGATAGCGGCAGCCTTAAGCAAAGCCCAGGCCGGGGAGCTTCTGTCTCTTGCTTCTGAGCTTACACTTCACGTGCTTTTTGAAGTGCATAACCTTAAGGAGCTTGACATGGCAATGTATCTAAATGCTCCGATAATTGGAATCAATAACAGAAACCTCACTACTATGAAAGTTGATTTAAGCACCTCGCTGGATATGATAAAAGACATAACCCCTGAGAACAAGATCGTGGTAAGCGAAAGCGGCATAAAGACATCTGAGGATGTCAGAGCGCTGGACGATGCTGGGGCGGACGCCATACTGGTAGGCACATCTTTAATGAAATCAGCCGATATTGCTCAAAAATTAGGCGAGCTGCTTAACTATAGAAATCCGGCGCAGGAATAATATTTTAATAATTTCAGTTGCAAGTAAGAAACTATTTAAAATCACCATTTCTTATTAATCTTACTGTAAACTCAGCACCTCCTTCTGTGTTTCTAACATACAACGAACCCTCCATTTTTTCCTCAACAATTTTCTTTGACATGTAGAGTCCTAACCCAGTTCCTTTCTCAGCGGACTTAGTTGTTACATAAGGTTCATATATTTTACCTATCACGTCGTTAGGGATGCCGCCGCCGTTATCTTGTACTTTCACAGTTATTTCCTTCTCAGCCCATATAAGCGTTATCTTGATA
CP049016.1_gap39	1797301	1799933	2632	AAAACCTTTACAGCGGCAAAACCAAAGTGGGTAGGTTCTGCTGACTCCGTAAAGAAGGGGCAGGAAGTGTATGACAAAATGAAGTGCTGGGAGTGTCATGGTAAAGAAGGTAAAGGAGACGGTCCCAAGTCAAATGAAATCAAAGACGACTTTGGTAAGCCGATTTTGCCGTTTAATTTTACCACTGGAGAACTTAAGCGCGGCTCATCGCCCGAAAATGTCTATATGACTTTTACAACCGGACTTGACGGCACTGGAATGCCCTCTTATGAGGATTCTTTAAACGAGGAACAACGGTGGAATCTGGTCTCTTACACTTTAAAACTCATGAAAAAATAACAGGCTGACGCTTGTTGACGTTGTGGCATTAAAGTGTCAAAGCAAAACAAGTGTTGTCCTATGAAGGAGGGGTAAAAATTATATGGCCAATTTATCAAGAAGGAATTTCTTAAAAGCGACCGGCAGTGGGCTTTTGTTGACTATGGCCGGGGGTACCGAGGCCTTAGCGATGCACGCCCTTGAGCCTGCCGTCGGTGTGGCTAACCCGCTTAGCCATTACCCAGCTCGCGATTGGGAAAAACTCTACAGGGATATTTATAAAGCTGACTCAAGTTTTGTGTTTATGTGTACACCAAACTGTACGCACAACTGCTACCTTCGTGCGTATGTGAAAAATGGAGTAGTGGTGCGTGTCGGTCCGTCACAGAATTATCACAAAGCAACCGACGTCTATGGAACTAAAGCGTCTCAGCGCTGGGACCCGCGTCACTGTAACAAAGGGATTTCGTTAGTAAGGCGTTTCTATGGCGACCGCCGTGTAAAAAGCCCCATGATACGTAAAGGATTTCTTGAGTGGGTGGAAAAAGGTTTTCCGCGTGACGAAAACGGAATGCCTCCAGCAGAGATGTTTCGCCGCGGCGAGGACACCTATGTTGCAGTAGAATGGGAAAAAGCATACGAAATAGCAGCAAAGACCTTTCATGAAATAGCAAAAACCTATTCAGGCGATAAGGGAGCACAACTACTTAAAAAACAAGACTACGATGAGGCTATGATTAAACGTATGGATGGCGCCGGTACAAGAGCTATGAAGTTCAGAGGCGGTATGCCTGCACTGGGTTCAATCAAGCTCTTCGGGCAATACCGTACAGCAAACTCGATGGCCCTTTTAGACAAATATGTCAGAAAGGTGGACGATGATAAAGCTGTTGGCGGCGTTGGACTGGATAACTATACGTGGCATACCGATTTGCCTCCAGGACATCCTATGGTTTGCGGACAGCAGACCATTGATTTTGATTTGTCTAATGTCGAGTACTGTAACATAGTTGTCTGCTGGGGTATAAACTGGATTTCCACTAAAATGCCTGACGGTCATTGGCTTACCGAGGCGCGCATGAAGGGCAAAAAAGTTATTGCAATAACTGCCGAGTACAGCTCTACGTGCAGCAAATCAGATGAGATTGTAATCATGAGACCAGGCACTGACCCTGCATTGGCTCTTGGAATAGCCCATGTTTTGATTAAAGAAAACCTCTATGACAAGAAATTCGTTAAAACTCACACAGACCTCCCTATGCTTATCAGGATGGACACCGGCAACATGTGTAAGGCAGCCGATGTGATTAAAGATTATAAGCAAAAAGTACTTACAATGAAAAAGATAGTGAAAGAAGCAAAGGATTTGCCTAAACCTGCAGCAACAAACGAGGGTATGCCTGGCGTTACAGAAGCTATGCGTAACTCATGGGGCGATTACGTCATGTGGGACACTAAAAGCGGAAAACCAGTTGCCGTTAGCAGTGACGACGTAGGCGAGCATTTCCATAAACTCGGTATAGAGCCTGCCATTGAGGGTGAGTTCACAGTTACAATTGGTGGCAAAGATGTAAAAGTGCGCCCTGTGTTTGATGTAGTTAAGCAGCACTTGTTTGACACATGGACGCCTGAAAACACGTCTAAGGTAACTTGGGCGCCAGTTTCTGCCATCTATAGCCTTGCCAGACAATTTGCCAAAAACCCTGAGAAAGTTCTTTTTACTGTCGGAATGGGACCAAACCAGATGTTTAACGCTGACCAAAAAGACAGAGCAATATTTTTAGTGGCAGCGTTGACAAGAAACGTTGGCTTCTTCGGTGGTAATGTGGGAAGTTACGCAGGTAACTACCGAGCAGCATACTTTAATGGAATGCCGCAGTACATGGCTGAAAATCCTTTTGATATAACACTAGACCCAACAAAACCAGCTAAAGTTAAACTAACATATGCAATGCAGTCGGCACATTACTACTCTCACGGAGATCAGCCTCTAAAGGTGCATGGTCATTATTTTAACGGAAAAAGCCACATGCCGTTTCCAACAAAATCCATGTGGTTTTCAGCCTCAAACTCCATTTTGGGTAACGCTAAGGGTCACTATGAGATAGTAATGAACCTGTTGCGCCATCCAGCGTACCGCGCTAAGGGGATGCACAAGCGTATGATAGAGGCTGTGTTTGTAAATGAGTGGTGGTGGACCGGTACATGTGAGTATGCTGACATCGTTTTTGGTGTTGATAGCTGGGCAGAGTATAATCTTCACGACATGACACAGTCTTGCACCAATCCCTTTATGCAGATTATGCCGCTTACT
CP049016.1_gap40	1807326	1808511	1185	TGCACGTATCTTTTGTCCGATAATAAAACCCCTCCACCTCTATTACGCGGGATTTCCCCTTTTCAATTGCCTGCTTATGAGAACAGTTTGGCCATGGCTCAGTACAGTTATGAAATATCTCGTAACACTTTTTTCCGATTGTTTCTTCAGGCGTAAGTCCGGTTAGATCGCACACAGACTTATTAACCTTTATAATATTTAAATCCATGTCTGTTATGTAAACCAGATCGTTTATGGATTCAAATATGTTTTCAAGCTCAGTCTCGGCCAGTTTCACCTGCTCAAAAAGCCTTGCGCTCTCTATGGCTGTTGCAGCCTGATCGGCAAAACTCAACAGAAACTCGGCATCATCATCTGTTATCGGACGGTGGTTAAAAAGGTTATCCACCCAAAGCACGCCAATTGCTTTGTTACGCGCTATTATGGGCACCACCAGATAAGCCTCAGTGTTGAGATGTTCAGTCAGTATGGGATTAGACAGTGGGTCTGAGACTGCATCAGTTACGTTGTATTGTGTTTTTTTAGCTACAGCCATAGATAGATAGCATGAGGAATCAAGAGGTATCTGGAGGCTTATCGAGAGTTTATCCATAAATGAGTCTTTATTGAAGGTACCGCTTTCAATCTCTTGCAGTATAGAGTGAAGAGATTTCACCTCAGAGGACAAATCATGCCAAATCCTTGCAGCCTCCTCGTTATTTGCAGGGCCCACACCCATCTTGCCCTTAAGCATGTGGTTATGTTCGTCACACAGAAAAATTATAGCCCTGTTAAATCCCAACCCGTCGCTTACAGTTACCGCAGTAAGAATCATCCTGAGGAGCCTGTCTAACTCAAGGGTACCACGCATTGCGGAACTAATGAAAAACAATCTGGAAAATTTCCTGTTACTATTGACAAGCTTTTCTGCAATAGATTTCCGCAGTGATATATCACGTGCAATTATGCTCATTCCGGCAATAACCCCTGCGGCATCCTTTATCGGAGATATGGTCAAACTTATATCCACACGAGAGCCGTCCTTACGGGTTCCGCTTGTTTCCACATCTTTTAGAATCTCACCATGTCTGATTGCCTCAAGGTGCGCTTTGCCATTAAGCATGGCGGACTCCGGCAGAAACGGCATACAGGTGTTTAATGTCTCCTCATGTGTAAAACCAAAAATACTCTCGGCACTTTTATTCC
CP049016.1_gap41	1912500	1914957	2457	TCAGAGCTGCCTACTGTGTGAGATGCCCATATATAACTATTGCGGCAAACAGAACTTAACATACGCGTATCCCCTGTGTCAATAGTATAATTAGTGCCAGGTTGTGAGGCAGAAGGCATATCTAATGTGGGGTAAGTATTTTGTACTTGTACATAGCCCTTGTCAGTCCAGACAGAGGTGTTTCCGGAAAAACTCAAATTATAGACTTTAATGTATCTGGTTATTCCGCTTGAAGCATTCCCATCGGTACTTTCTGAAACAGGCGCATCAGTGGCAGCTATAACTGAAATAGAGTTTCCTGAGCCATAATATCCCTCTTCAAGAAAGTAATGAGACTGTGAAGTGCCAAAGACATGGCACGGCTGTAAGGCAAAGTAGGTGCCTGATGGGTTTACTAATTCAGTCCATGTCAGGGTTGAGTGAGAGGATGTTAGCTGGCTCTGGGCTATGGCAATTACTTTTACGTATTGATAATTATCAGTATTGTCAAACATATTTAGTGTGACGTAAACGTAGTTTTGGTCAAAACCCAACTGCGGATAATCTCCCCAGTTATTGGTCACAGTTGTGCCGTTATTTAAAGACACCTTTATTGACCACATGTACCAGGTGCCGGTGGGGTCGCTGGTTGCCGATACACCGATAAGAAGATAAGAATTTGGTCCCGACTCACCACTTACAGATGACACAATAAATCTGCTGTTGAACTGGTCATACATTACCTTAACATCATAGGGGTCTGAGGCAACAGTAGTACCGAGAGAAGACCAAAAAGATGCCAGCGTTACCTTACTGTAAAGTGCTCCCGATGATTTTGTATAAATAGCAAGTCCTCCGTTTGTCATACTAACCAAATAGTTAGGGCCGGCTGCCCCCATAGTATCCGGAGGGGCAACGTTACTGGCGCTCATACCGGTGAAACTACCGGTAAGAGCCGGAGCCTCAGCGGCTGGAGCCAATACTGCACCACCGGTTTTAGACGATGTTGAGCTGCCAGTGTTTAGTTTATGCAAATAAGGGGTTAATCTTCTGTGTATTACTCTGTGTTGTGCTGCATTTGATGGGGACTGTTCATTCTTGTTTTTCATTTCAGTGAAAGTTGTCTCTGAAAACGGCACTGCCTGTTTTACTTTTGTAGCCGTGTCTGCAGTATCTGATGCTATAGTTAAACCTATCTGTTGGAGTAACAAGATAATTAAAAATACTAGGATTACGCTAAATCGCTTTTTCATTGTGCTCCCCCCGTTTTATTTTTGATGACTTATAATACTGCAACTATTTTAACATTGTAGGGAACTTTGAGTCAAAACCAGTTTATAGGACACAGAATTACACATAGCACTATTGCGTAAATTAAATATGCAGTTAACTCCCAAACAAAAAACTGGATTCCTGCTTTCGCAGGAATGACAAGAAAAGAGAATTATAGAAAACAACAGAATTGGCGACCCTCCTTTGTCATTCCCGCCTACGAGCGGGAATCCAGTCCTTTTAAACTGAAACATGGATGATATAAACCCCTCTTTCAGAATTAACTAAATGAGAATTGTGCATAAATAAAACACATCGGAATGAATTACAGTGTGGTTTTACCCAGGATTTTGATAAATTCCTTTAACACATCTGGATCATAATCGGCGCTTAGTGAGCGTAAATGAGACAGGGCTTCAAAAGCTGACATTCCTTTGTACCCTGGCCTTGACGTTGTCAGAATATCATAGAGATCAACCACAGCAGCTATTTTTCCCGAGGTGTGCATCTTAGCACCGGTGAGCCCATGTGGATAGCCCGTCCCTGAGACTTTTTCGTGATGCTCTAAAAGCGGATACGCTGTAGCTTCAGATATCCCCTTGTAGAGCTTCATTATGTTATAACCCTCAGCCACGTGCTCTTTAAATATATCTGCTTCAAATTTGGTCAGCTTAGCAACAGGTTTAGCCATAATCTCAGGCGGAATTGTGGTTTTCCCAATGTCATGAAGCAGGCAGCCCATCCCAATTGCAAATAACTCATCATCATTTGTAACACCTGAGGATACGGCTGTGGCTACACAAAGTACGCTTAGGTTTACCGAATGGGAGTATGTGTAGAAGTCTTTCTTGTTTATAGTAAGCAGATTTGTTATAAGCCCCTTACTCTCCAATATTGCACCTATAATGCCCTCTGTCACTTCTTTACTCTGCTCTATGTTCTCATCATTGTGAGGATTATCAAAAAGCTCCTTTATGCACATCCTCGCATTTTCCTTAACCAGCATGTGCTTAGTCTCCTGAGAGCCTCCAACCGCCTTAGCTGCATCCTTGATATAAGTCTTATATCTGGGAATGTCCTCTGGTTTTATCATAAGTTCACAGTAGTTAACCAGTGCAGATTCATTTACCTGAATATCCTTACCCTTATATTCTATAAGGGAATCTATATTCATATTGGATTTACCAAAGAGTGTAAAGTCAACAT
CP049016.1_gap42	1917561	1921217	3656	GGAAAATGCAGTTGTTTTTGTAGTAATCGCTTTAGCATACTCACTTGTTGTCAAAGCGCCTAAAAAGAGTATCGCCATGGTCTGTGCCTCTATGGCCATATCTTTAACTGTATATATGTGTTTGAGAAGATTTGGCTGGTTGATGGAGTTGTTTAAAGCGCCTGGCACATCAGGAGCTTTTTTAAGCAAAGACGCCTCCTCGTACTCAGCCGTTAAAAACATCATATACGCTGCCAGCTATTACTATGAAAAACTGCTGTGCCCATGGAATCTAAACATAATTCCCGAGCTGCCATCAGGCTTATGGTACTATGTATTATTTGCGTTACCGGTTATTTTGTTAGTATTTTTAGCAGCAAAACGAATGTTTTTCTTATTGTTTTGGCTGCTATGGATTATAATAACACTGTTACCCTCGCTTACTATAGCCGTTTCTCAGATAGCCGCCCCTATTGGTGAGCGCTACCTGTATCTTCCCTCAGCGGGATTTTGTGTTTTGCTTGCTATGATTTTATATCCGAAAGCAGAAAACTCTGCCGCAAGCAGCGTAAGCAGGAGGTTAAGAATGTCACTGCTTTTTGTTATTCTTTTAACCTATGCGCTTCTGACGTATGACCGCCTACTTGACTGGCGCTCGGACTTTTCCCTTTGGCAGGATGCCGCTAAGAAAAATCCGCATTCCGTTATAACTAAAACCAACTACGGGATAGCTCTGATAAGAAGTCATAATTTCCCTGAGGCTGAAAAACAATTAACGGCAGCCCTTAGTTTTAAACAGTTAAGCCGTGAAAAGAAATCAATAGTGCTTAACTCCCTTGGGCTTGTTGAGATGGATAAAAAAAACTATGAAAAAGCTGAATCTCTCCTTATAGATTCTTTAAAGGAAAACCGCGGTAATCTTGGCTCATATAACAATCTTGGCTACTTGTACATGAAGACAGCCTCTCAGATATCTGACGATCCCGCACGCAAGGAGCAGCTTACCCGCAGAGCTATTGAGGTGTTTATAGAGTCACTAAAGTATGCAACCGAAATCAAAGAGATAAACTTTAACCTGGGACTTTGCTACCTGGAACTCAATGACTTTAAAAGCTCCAGCGCATATTTTGACTCCGTAATTGAGAAGGACCCAAATTCAGAACTGGCACAAAAAAGTATTAATTTCAAATTGTATATGGAGATAAGAAAAAGACAGTGAAGCTCCCCGCCGCAAGCAACGGGATATCTACTAAAAAAACTATTAGCAATACAGAAAAAAATGGATTCCCGCTCGGAGGCGGGAATGACAAAAGGGGAGATGCTTTTCTCTCTCTGTCACTCTTCTTTTCCTTGTCATTCCTGCGAAAGCAGGAATCCAGTCTTTTATTAACGGAGTTAACTACAAAGGCAATAATAAGTTTTATTATCGGCGTCAAGTTCAATCCCTGCGCCTATGGGTAACACCGTGTTGGGGCAGCCGTGGCCAAAATCCCTTACTTTTAAAATCGGGAAATCATAATCTCCGGTCTCCCTTAACAAAATATCCTCCATCTGTGACGCACTTGGATTTTCAATCTCCATAGAATAGACAAATCCGACAATGGCTCCTGAGATTTTATCAAAGACTCCTTTTTGACGCAGAATTTTAAAATACTCAGTACATCGTAATTCATCCATTGTGAGGGCTTCAAGCATGAGAATGGCACCAGTGAAGTCAGGCCAAAACGGGGTGTTTGCAAGTTTTAGGAGACATCTCAGATTACCGCCCAGAAGTTTTCCGCAACTCGTACCGCCCCGAATGGTTTTTCTGTCGCCTGATGGGTTTATATTGCCGCTACAACCGTTAATGAGACGGCTTGTAAACTCAGACTTGTCGTATCCGGTAGGGTTTCTACCAAAATGGTATCTTACATCTCCGCCGTGAAATGTTATCAGTGAGGTTTTTGTAAAAATCGCATTTAGAAAAACCGTTACATCGCTTAATCCCATGAATATTTTTGGGTTTTTGGTTACAGTGCTCCAGTCAATAAATTCAAGTACTCTTTCTGCGGTGTCGCCGCCCTGAGCCGAAAATATTGCACTAATATCATGCCGCAGGAAAAACTCATTTATATCATCCGCTCTGTCATAAGGGTTTGTTGAATATATACTCTTCCCTGTTTCAACTTCAAATCCTATATCTTCAAAAAACTTGATGCCTCTATGCAGCTCTTCTTTTTGTTTTTGACCTGAGATTTCATTTGACGGGCAAACGATGCCGATTTTGTCCCCTGGAGTGAGTCTTTTGGGTAAAAGTGAATATTTTACTGTTTTATTTGATTCCATAACGTTTCCTTTACGCTCTTATTTTACCGATTGAAGATAAAGAAAAGTCAAGGTGCTATCTATCAGATATAACCCTTATGTATGCCATGTGGTCTCCATGCCGGGGATATAACGCCGGGACCGGTTTCCATCAGCGCATAAAGTGCCCAGCCTACGGTAGCTCGTCCGTATCTGTCATTTATACTGTCCACGGCATCAAGAAGCGCTCGTCTTTTGTTACTTGCCTCAAATAATGAAACCTGCCCCGTGTCTTCAGTTAGCCCCGAAAGACTCACGCCAAGCAGACGTATCGGTTCTTTAAGCCGCTGCTCTTTGATTATCTCCATAGCGGTCAAAAATATGCTGTGAGAGTCATTTGTATGCACTTTCAATTTCTTTTGCCTTGTGTAGGTTTCAAAACTTTTATACCGTATGGTTACAGTGATGACTGAACCCATATATTTATGTTTCCTCGCCCGTGCTCCAACCATCTCTGAAAGTTTTAGCAGGTATGCCTCAATTTCAACCTTTCTCCAGATGTCTCCGGGCAAAGTCATACTGTGCCCTATGGATTTCGTTTCAGCGCCATGCAGTCCTTGAGCCGATACTGATGAGTCATAAATCCCCTGTCCCATAGCCTTAAGACGCTCTCCAATTATTCCAAAGCAGCTCCTTAGCATTGACGATGAGGCACGCCCAAGCTCTCCACAGGTGTTTATTCCTATCGCCTTTAATTTCTCTGCCGTGTGTCTGCCTATTCCCCAGAGTTCTTTCGTGGGAAGATCTGCAAGCACCGCTGCCGTATCCTCTTTTGTTAACATCCTAAGTCCATCAGGTTTTGATAAATCTGACACGAGTTTTGCCATCAGCTTGTTATAACTTATCCCTATTGTTGCATTTATTCCAAATATTCGTTTGATTTCAGATTTTATCTCCGCCCCTATCCTCATTGCCCCGCCAAATAGATGCTCTGTGTCGGTCACATCAAGAAACGCCTCATCCACCGAATATACCTCGACATCGGGGGTGTACTTCTTATAGATTTTGGATAGCTCCGAGCAAGTGTGGGTGTATTTTCTGTTGTTTCCGACAACAAGGATAATCTCAGGACATGCCGATTTAGCCTCGTAGATATTCATGCCTGTCTTAACTCCGTGCGCTCTGGCCTCGTAAGATGCCGTAGTGATTATCGTTCTTTTACCTGAGCCGATTACTCCTATCGGTTTTCCCAAAAGATGCGGATTAGACTTTTGCTCAATTGATGCAAAATAGGCATCCATATCTATCAGCATTATAATTCTCATGCCAGGTCGCAGGCAGAGCATAGCGAGGCGGCAAGGAGAAAGCGACGCAGGCGTACTTTTAGTACGTTG
CP049016.1_gap43	1922371	1924702	2331	GTAATTCCAATAGAAACCGTATAATTTAGCTTAAACTCGCCGTCTTTGGGTACGTCAAGCACAAACTCAAGGATTCAGAAAAAGAATTTTACTCATCAGCCTACAATTTCAAGCGCTGAGAAGAAATATGGAATTTCAAAAGATGCGGACTCCGCTGAATCTGAGCCGTGTACAATGTTTCTTTCAACATTATCAGCAAAATCAGCTCTTATCGTGCCTGGTGCAGCGTCTTTTGGGTTAGTCGCTCCCATCAATTCACGCACTTTATCTATCACTCCGTTTCCCTCAATTGCCATAACTACAACCGGCCCTTCGGACATAAAAGTGGTCAGCTCACCATAAAACGGCCGTGCCTTGTGCACGATATAAAACCCCTCGGCTTCTCTTTTAGACATATGTATCATTTTTAGCGCAACTATTCTAAATCCCTGTTTTTCAAACCGTCCGATAAGCTCTCCTATAAGGTTTTTCTTAACCCCGTCAGGTTTCACTATTGAAAGCGTTCTTTGCATCTGGTATTCTCCTTATATTCTTTATATTTAACTTATAGTATCTAACTTATTGACTTTACAAGCTCTCTTACTGCATTAACAGATTTCATAAAAGCGCTCATCTCATCATCATTAAGTTTAAGTTCAATGATTTTCTCTACTCCGCCGCTGCCTAAGACAGCGGGAACTCCGGCATACACGTGGTCAACCCCGTATTGTCCTTCAAGGCAGCAGGAGACGGGAAGCACTTTTCGCTCATCAAGCAAAATAGACTTGACCATTTCATAAATTGAGGCGGCAGGCGCATAGTAGGCGCTCCCAGTCTTAAGCAGCGCCACGATTTCAGCCCCTCCGTTTCTGGTTCGCTCTACAATAGCATCAATTTTCTCTTTAGGTAATAACTCCGTAACTGGTATCCCCCTGACAGTGGTAAATCTGGGAAGCGGTACCATCTGATCCCCATGACCACCCATCAGCATTGAGTTTATAACCTCAGGGGATACTTTAAGTTCTGCGGCAACAAATGAGCAAAACCTTGCAGCGTCCAATACCCCACCCATTCCCATCACCCGATTTGGCTTAAAACCTGTTGTCTTTAGCACAAGGTGAGCCATAACATCCATCGGGTTTGTTACCGCTATGACGATAGAATCTGGCGCATGTTTTAAAATCTCAGCAGCAGCGCCGCTTACGATTCCGGCATTGATTTTAAGCAGATCATCTCTTGACATACCTGGTTTTCTCGCCATTCCGGCAGTTACAACAACGATGTCAGAGCCTTTAATTGCAGCATAATCATTTGTGCCAAACACAGTGGCTGAGGAATTCCAAAGCGGACACGCTTCAGAAATATCAAGAGCTTTGCCCTGTGGCATTCCATCCACAATATCAAACAGTACGACATCACACAAGCCGCCCATAGCAAGCAACTGAGCCGTTGTTGCTCCAACATTACCTGCACCTATTACGGATACCTTTCGTTCTTTCATTTCCTCACCAGCTTTATTATTAAGATAATGACTACAATGGCTATTATAACGGAAACCCCTATGATATGAAAAGACTTTTCTATGCGGGATTTAATACCTGGACCAAAAAAATAAAATGGAGCGACAAGTATAAAAAACTTAGCGCTTCTGCCTAAAACGGAGGCTATGATAAATACTACAAGGTCTCCTCTGAAAAATCCCGCAGCGATAGTAAAAATCTTATAAGGCACGGGGGTAAGTGCCGCTAAAAAAATTACCCAAGCCTCGTGGGTATGATATGTAAGGCGCACTGATTCAAATTTCTCGTGTGTCATGTAATGAAAAACTATTTTCTGCCCGATACTCCAAAACTCAAGCCCTATGAGATAACCAAACAACCCGCCAAGCACTGAGGATATTGAGCAGACAAAGGCATAGTAAAATGACTTTTTGTGGCGGGAGAGGCATAGCGGAAACAGGATAACCTCCGGCATAATCGGTAAAAACGCAGATTCGGCAAATGACAGAATGAAGAGCGCCGGCACTCCGTATGATGTATAAGCCCAGTGCAAAACCCAGTCGTAGAATTTCTTTAAAAACTTCAAGATTACTTTATGTTAGAGAATGTTACTTTAATAACATCTTTAAGTATTCTTAGTGGTGATGGATCATCAATCAGCTTTCCTACTGGATTAACCGAAGACGCAGCTCTGGGTTTATAGTGGATCCCAAATATGAGACAATCAGTTAAGATAGAGCTGGTTGTAATGAATGGGAGGATAAAATGAAAAACAGACGGAAGTTTGGCAAAGAGTACAAAGCAAAAGTAGCAATAGAAGCGCTCAAAGGTCAGAGGACAGCCAATGAGATAG
CP049016.1_gap44	1932408	1935969	3561	TAGCAAAATCACTTAATCCAACTGTCACTCTGCCTATTGTAAGATGCGGCGAGAAGGCTCTTTCCTCTCGTTTAAAACCAACCACTGAAAGACTATCCTCTATCATGCCTTGCAGCCTTACTAACCCCTCGGTATTAGTTACTCCAATCCATATAACTTTTGGTTTCCGCTCGTTTGGGAAAGCGCCAATGCCCTTAAAGCCAATGTCAAAAGCACTGCTCTTAGGCAATATCTCATTAAGCGTATCCACAACCTTATCTATTTCATTCTCAGAGATGCTGTCAAGGAATTTTAACGTCAAATGGAGGTTTTTTGCTCTTACCCACTTTACACCTGTCAGATTAAGCCCTGATATAGAGGCTGCGATTTTCCCCTTCAGCGCCTCATCAATGTTAACTGCAAGAAATGCCCTTACTTCTTTCAAAATTTCATACTCGTTGCTATCTGAAGCGCCACGTTAACATAAAGCCCTGCTGCTACATCATCCATCATAACCCCGAGACCGCCGTTTAAGGACTTTTCTACATAATTAACCGGAGGCGGTTTTAAAATATCAAACGCACGAAACAAAAAAAACGCCAACACATAAACCGTCATCGAACTCTCCACATAGATTATGGATACAAAATATCCGACTACCTCATCTATTATGATGTGCCCCGAGTCCTTTTTGCCAAGTGTTTTTTCGGCCGAGTGTGCAGCTATAGTTCCCACAACAAGCAGCGCCAAAGTGATAATCAGCAGGGTACGATTACCGGGTCTATATAAAATTACAAACAAAAAAGCAACAAACGTTCCTGCTGTTCCCGGCGCTATCGGAAAAAAACCTACTTTCCACAGAGTTGCTATATGTTGTAGAAGTGTTCGCAGTTTACTCTTCAATGACCCTATAAGTGTATTCTATGGGTACTCCCCCCTCAAGAGTTGCCTTCACAGAGCAGTACTTGGTCATGGAGAGTTCCACAGCCCTTTGTACTGCCTCTGTGGATATATTTTTGCCCTTAAAAACATACTCAACGACAATTTTCTCAAACTTTTTGGGATGTGTCTGAACCTTGCTGCCGTTTACGTTTATCTCAAAACCTGTGACATGCTGCTGTTTTTTCTTCATAATAGAAATAACATCCATAGCGGAACAGCCGCCAAGGGCTATTAGCAGGAGCTCTGAGGGTCTAAGCCCTGAGTCGTTGCCGCCATGCTCATGGTCGCCATCGACCACAATGGCATGACCGCTTGATGCTTCTCCCACAAATTTCATTCCACTTACATACGTTAGTTTTGCCTCCATGTTTTCCCTCCTATATTGGTATTACTCATTCACTAAGAGTCTTTCTATACCGGTAGCCTTGCCAGTCTGGTTGTCTATGTCAATAACAACTCCACAGAAGAAGCAGCTGCCCTTTGCCACATCGTACTTTTGAGGTATCTGATTAAGGAACTTCCTCACTATTTGCTCAACTTGTACTCCTATCACTGACACCATAGGCCCTACCATCCCCACATCTGTTATGTATGCCGTACCATATGGGAGAATCTTTTCGTCAGATGTTTGAACATGCGTGTGTGTTCCAACCACAGCGCTCACTTTGCCGTCTAGGTAGTAGCTGAGCGCCTGTTTTTCTGAGGTTGCCTCGGCGTGCATATCAACGATTATGATGTTGGTTATCTTTTTTATTTTCTCTATCTCAGGTATAACTGCTCTGAAAGGACAGTCCGAAAGGTTCATAAAAACACGTCCAATCAGATTGATAACGCCTACTTTCAGGCCGTTTTTAAGGTTAAACACAATGCTTCCAAAGCCAGGCACATCAGGCGGGAAATTCAACGGGCGCAATATTTTATTCTCACTGAAAAGATACTGCACAGTCTCCTTTTTGTCCCACACATGATTACCGGTAGTGATTACTTGCACACCCATAGCAAACAGCTCATTTGCCGTTTTTTCAGTTATTCCAAAGCCGCCGGCAGCGTTCTCGCCGTTTGCTATAACGAAGTCTATACTCCGATTATGCACTATCCCAGACAAAAGACTCTTAAGGAACAGCCTCCCCGGCCGCCCTATCACATCCCCTATAAACAGAACTTTCACTGTGTCAGCATCTATCTCGCATACTCTACAAAACGCGACTCTCTTATCACGGTTATCTTAATCTGTCCCGGATAGGTCATCTCAGCTTCAACTTTCTTTGCGATTTCTCTTGAAATCAGATATGACATATCATCGGAGGTCTCATCTGGTTTGACTATTATGCGTATCTCACGCCCCGCCTGTATAGCGTAACACTTATCTACACCGGCATAGGACATGGCAATTTCCTCAAGTTTTTCAAGACGCTTAATGTAGTTTTCAATGCTTTCACGGCGCACACCGGGGCGTGCCGCTGAAAGTGCATCCGCTGCCGTAACAAGCGCTGACTCAACACAAATCGGGTCACCGTCTCCGTGATGGACAAGCATTGCGTTAATGACGCGCTCATCCTCGCCGTACTTTTTAGCTATTGCGGCTCCTATCTCGTGATGCGGTCCCTCAACCTCCTGATCCACCGCTTTTCCTATGTCATGAAGCAGACCCGATCTTTTGGCAAGTTTCACATCAGCCTTAAGCTCTCCTGCCATCATGCCGGCAAAGTACGCTACCTCGCGGGAGTGCTGAAGCACGTTTTGTCCGTAAGAAGTTCTATATTTAAGCCGCCCCAGAAGTTTTATAAATTCAGGATGTACGCCGGTTAGCCCAAGATCAAAGACGGCCTTTTCGCCCTCTTCTCTCATAGCGTTATTTACCTCTTTTCTGACCTTTTCTACGATTTCCTCAATACGAGCCGGGTGAATTCTGCCATCAGTTATCAGCCTTTCAAGGGAAATCCTTGCTATTTCACGCCGCACCGGATCAAACCCCGACAATGTGACAGCCTCCGGTGTGTCGTCAACTATAAAGTCCACCCCTGTGGCAGCCTCAAGCGCCCGGATGTTTCTGCCCTCTCTGCCGATTATCCGTCCCTTCATTTCCTCATTAGGCAATGTCACGGCAGTTACTGTAGCGTCGCTTACGTAATCGGAGGCGTATCTTTGAATGGCAAGCCCTATGATGTTGCGGGAGTGCTTTTCCACCTCTTCTTTAGTCTCGTGGTCTATTTGCTTTATGAGTCTGGCCTGCTCAAAACGCACTTCCTCCTCAACCTTTCTAAGGAGTTGGGATTTAGCCTCCTCTGTGGTTATTCCGGAGATTTTTTCCAGCCTTTCGGTCTCTAACTGAATCAGTTTGTCGTAGTGTTTTTCCTTATCTGCAATTGTCTGCTCTTTTTTGGAAAAGTCCTTTTCGCGCTTCATAAAATCGCCTTCACGCTTTTCAAACTGATCTAGTTTTTTATCAAGGCTCTCCTCCTTGTGTCTGAGGCGTTTTTCCATCTGGTTAAGCTCAAACTTCTTTTCTTTTACTTCTCGTTCGCCCTCTGACTTTGTCTGATACTTGATGTCTTTAGCCTCAATGAGAGCCTCTTTTTTAATCCTCTCGGCGTCTCTTTCAGCCTCTTTGACTATTTCCTCTTTTTTTCTGTCAAGTTC
CP049016.1_gap45	1950210	1951367	1157	CCTCAGTGCCACAATAAAAGAGTGGCTCATGGCTGCCGAGTACATAATGTCGCGCGGTAACCATAACGTGATACTTTGTGAAAGAGGCATCAGGACATTTGAGACGACAACAAGAAACACGCTGGATTTAAGCTGTGTGCCGGTGCTTAAGCAGTTAACCCATCTTCCGATTATTGTTGACCCCTCTCATGCAGTAGGACGTTGGGACTTGGTGTCTCCAATGTCACTGGCAGCAGTAGCCGCAGGAACAGATGGTCTTATAATTGAGGTTCACACAAACCCTGAGGAGGCATTCTCTGACGGTGAGCAATCACTAAGACCGGAGGTCTTTAGTGCCATGATGCAGCAGCTAAAACCAATAGCCGCAGCTGTTGGACGGGAAATATAAGGGACTTAAGGGTTATAGCTCATTGTATTTTGAAAAGATAGCAATCCTTGGCGTAGGGCTAATGGGCGCATCTTTTGCCAAAGCTGTCAGAAAACTTGGCATTACAGCTAAGATTTGCGGCTATGGCAGAAATGAAACCACTTTGGCGTGGGCTAAGGAAAACACTATTATAGACTGTTATGACACAACCTTAAGTGGATTGGCAAAGGGTGCTGACCTGATTATTCTTGCAACGCCTGTAGGAACGTTTGAGAAGCTGGCTGTTGAAATCAGCCCGTTTTTAAAGCAGGGCGCTATTGTCACCGATGTGGGTTCTGTTAAAGGTTCTCTGGTTTACACACTTGAGGGGCTAATGCCAAAGGGTGTGCACTTTGTAGGAGCGCACCCAATTGCAGGCAAAGACCAATCCGGCATGAAAGCCTCCTCTGACATACTCTATAAAGGTGCGCTCTGTATTGTAACCCCTACGGATAACACAGACCTAACTGCCCTTGAAACTGTAAAAGCCCTATGGAGTGCCATAGGCTGTTCAGTTAAAACCCTGACTCCTGAAAAGCATGATGAGATTTTCTCATCCATAAGTCACCTGCCTCACATCGCAGCCTATGCAATGATCAACGTCATAGCGGAAATTAGTGACACTTTTTTTGAATATGCTGGTAAAGGTTTTAAAGACACTACAAGGATAGCCGGAAGCTCTCCCGATATTTGGAGCGACATCTGTCTCCTGAACAAGGAAAATATTACATCTCACATAGGTATTTATATT
CP049016.1_gap46	1970516	1972899	2383	GACAGTTTTTCTGGAACCTCCTTGATGGATACCGGCAGCAAAGAGAATTTGTTTGAGGAACAAATGCAAATATAATCTGTAGGATTTTAGTATTTTTTTTTATTTTCAGTACATATTGATTTTAAAAGTCTTTTTATGTCAAAATCGTAGTGTAATAACTAAGCAAATGTCGCAAAGGAGGGAAATATTATTATAAGAAAGAGCCTGGTGGCGGCGGTTTTGGTTTATGTGCTGGCTGTTTCCATAAATTCTGATGCAGTGATGCTTGATCATGTGGTTGCCGTAATTGATAAGGACGTCATAACGTGGAGTGATCTATATAAGATGATGGAATTTGAGATGTCCGACAAATTAAAGGGTATGAAGCAGAGCGAAAAGCAGGCGTTGTTAAAAACAACAGAGCGGCAGGCGCTAGATAAGTTAATAGAGATGAGGCTGATACTGTCTGAGGCGTATAGGAGAGGAATTGGAGTCATGCCAAAGGAGTTGGATGCCGCAATTGACGACATAAAAGCTAAGTATAAAGTAACACAGGATGAGTTTGTTGAATTGCTGAAAAAGGAGGGCTTCACCTTTGAGGAGTATAAGAGACGACTTATTGAACAGATTATTATACAAAAGGTAACGACAACCGAAATATATGGGAAAGTAATGGTGACGGATGAGGATGTCAAAGAGCACATGAACAGCGGCAGTGCTGCCTCCAACACCGGCTCAGACCATGTGAGATACAGAATACGATTGATTTTGATTGAAAAGAAAAATAATCCGCAAGAAAACAAAAAGATAGAAGATAAGATGGCAGAGATATATTCTGAGTTAACAAAAGGCGCTGATTTTGGAAAACTTGCTGCGCAGTACTCAGAGGGCCCAAATGTTTTAAACGGAGGTGACATCGGATTTGTCAACAAGGAGGATATGGAGAAGGACGTTTCAGTCGTAGTGGTTGGAATGAAAGCCGGTGAATTTAGTAAGATAATAAATTCAAAAAACAGCTTTAAAATAGTGCAGCTGATTGAAAAACAATCGGAGGATGTACCCGAGAAATATAAAGAAGGCGTCAAGAAAGAAGTTTTCGATGAAAAATCAAAAAAGCTTTATAAGGCTTTTATAAAATCTTTAAAAGACAAAAGAGTTATCAAAATTTTACTATAATGATAGTAAGTTGATTCTTTGTCAATAGATGGAATTTTTTGTAGGCAGCCGGAGGAATATATATATGACCAAAGTGGATTTGATAGACGTATTGTTTGATAATGTGGGGCTTCTCAGAAATGAAGCGGAGGATCTCGTCGAGACTATACTACAGACAATGAAACAGACTCTTGCCGGTGGTGAGTCAATAAAAATATCTGGTTTTGGAACATTCAATGTAAGGAAAAAGAGGTCGAGACGGGGTAGAAATCCTAAAACCGGTGAGGATATTGAAATAACGCCGCGGGTTGTTGTGACCTTTCATCCATCTAACGGGTTAAAAAGTATGGTGGAGTAGCAAAGATGTTAAAGCCAAGCCAGACAGTAAAGCCTGCAGCATCAAAAGATGCAGAACCATCGGGTGCACTTCAAAAGTTGTTCTATAAAATAGGCGAGGTCAGTAATATAACCGGACTTGAGCCGTATGTTTTAAGGTACTGGGAAACCGAGTTTGATTTCTTAAGACCTCGTAAGGGTAAATCTAAGCAGCGGATGTACCAGAAAAGAGATATAGAACTGCTGCTTGATATAAAGCGGTTACTGTACGAAGAGCGATTTACTATAGAGGGAGTGAGAAAAAAACTTGCCGGTAAATTTGTGGATGAAGAGACGTTGCAGCCGGAGATTGTTATTGTAAAGAATGCCGGAGACGTCAAGGCAACGATAGAGTCAGTCAAAGGGCGGCTTAGAAGTCTGCTTGAGGTGTTAGATCGGGGCGTAGCGCAGCCTGGATAGCGCACTCGCTTGGGGTGCGAGTGGTCGCCCGTTCAAATCGGGTCGCCCCGACCAATGATTTAATGAAGTAGGAGGGTATCATGGATCTGTACAGAAAACCGGCAAAAACGGAAAAGCGCAGGCGTCGTAATCCTATCAGCAAGTTTGTGTTTGTTGTCTCTGTGATATGTTGGCTTTTATTTGTAGTCACCCTTGTATATATCGGCATGGCAATGCCTCAGCGCCCTACAATCTTCGATCCTAAGGGCATATATACCACCGCCCGTACATATTGGGATACGGAGATGATTTCAAATGCGTTTGCATCTCTGAACATTACCCTTGCCATGTCTCTAATTGGGCTTGCCTTAAATGCCATTAGAATGAAAAGAGCCTCAGATAAAATTAACCCCTCGCTTTTGTTTATGACGGTTCTTTCTCTGACCGGAATTCTGATAATTTACTTCAATTTCAA
CP049016.1_gap47	2124538	2128389	3851	CATCAACGGAGGAAAACACTATGACAGCAGTAACAATGGAAGTTGGTAAGGAAAACGTTAACACTAAGAGCGCTGAGGCTGGTTCTACACTGATGCAGGCAAAAAAAATAGTTAGGGATCATTCAATATTCTCAGCAGTACCCTCTTTGGTACCGATTCCACTGCTTGATTCCGCAGCGGCTATGGCAGTACAGTTGCGGATGTTAAAGAAACTGGGCGAACTATACGGAGTGGAGTTTTCAAAGCAGAAGGTAAAGACGATAATCGCCTCATTGATTGGCGCTATTGGCACAGGGGCAGCAGCAGGCTCTTTGGTAAAGACAGTGCCGGTTGTGGGAATGGCCATAGGAGTTATCTCAATGGCTGTATCATTTGGAGCGATAACCTATGCCATAGGCATAGTCTTTGTCAACCACTTTGAGACAGGCGGCACATTTTTAGATTTTGACCTTGAGAAGGGAAAAGAGGCAGTTAAAAGCAGTCTCAGTAACTAAATGTTCTTTGCATCTTATTATATTGATACCAAGCGGCATTCAGAATGCATAACGCGGCGGCAAGGAGCAAGCGACGCAGGCGTACTTTTGCGTACGGTGAGGAGCTTGTGACAAAGCCAACAAAGTTAGGCGACTGAAGGCAATTTGGTAAAGGAGAGGGTTAATGCAAACAACAGAGAAGCTTTTCTATAAAGAACCCTTCATGCGGGAATTTAAGGCAACAGTCGTTGATGTGTCAAAAAATATGCTCGTATTGGACAGGACTCTGTTTTTCCCGCAAGGAGGATATCAGGAATACGACAACGGAACACTGACAAAAGGAGACGCACTCGCACGTGTGAATACCGTTTCTGACGAAAACGGTGTCGTGTATCATCAGGTTGACTCACCAGATCTTTTCGCTGCCGGCGATGAGGTTGAGGGCAGGATTGATTGGGATAGAAGGTGGTACCTCTCAACACTGCACTCAGCCCAGCACGTCATCTCCCGAATAGTGTTTAACCTGTACAAAGTATATACGACGCGTTCTGATTTTAGCGTCAATGGCGGAATGGTATCCTTTTCGGTGAACTTTAGCAACGACTGGATAGAGGCTGTTGAGGGGGAGTTTATGAAAATTGCCGAGAAAGCGCTCCCTGTGGAAAGGCTTTTTGACGGGGCTAATATCAGCATAAAAATAGCCGATATTGACACAAGCCCCTGCGGAGGTACTCATGTTACCACTACCTCTGACCTCAAGAGCGTCTATCTGCTTGGTACCGATAAGGGTAAGCTTCTCTTTGACGGCGGTAGTCCCGGAACGATAAGATTAAAAAAATTTGGCAGGGAGCACTTTAGAATCCGAAAAATGTATAACTTTCCCGATGACGTCTTAAAAACCGTAGAGGAAAGCATCAACACTCTTAACGATATGGACACGGCTTTAGAAAAGTATAAAGTGGAGGCCTTTAGTAATGCGCTGAGGGATGAGTCTCTGGTAAGACAGGTAAAGGCTGTAAGAGTATCAGTCATTAAAAACGACGAGCTGGATACAAAGATTTTCAAAAAACTGATAAAGATGAAAGATACCGTTTACACCTCAGACCTCTATCTTATATCGATAGACAAGAAAGTCATAGTGTATGCCGCTACGAATGCCGTTGGCGCCATAGACGTCTGTGGCTGGCTCATCAATGAATCCCATGGTATCACAGGGGGCGGCAACAGAAAAAAGGTAGATATGATGCTGGAGAGGGGAAATTTTCAGACAATAGTTGACGGAGTAATATCCAAAATAGAGGAAAGTGTTTGAAAAAAATTCAAAAAAGAATCCTGACCGATAACAAGGTCAAGGTTGACCACGTAAACTATATCCACGTCTATATAACTAAACACTGTAATCTTCAGTGTCCGCACTGTTTTACGAATTCCTCGCCGTCTGAGCATTTTACGATGCCGCTGGATTTTTGGCTGGATGTTTTCAGACAGATGAGCGACCTTGAGGTTAAGACCGTTCATATTGAAGGCGGTGAGCCGATTCTATATCCGGGAATTGAAAAATTGGTCAGTTATATAACCAACTCAAGGATAAAGGAACTCCTTATCGTGTCAAACGGTATTGCGGCAACAAAAGAGAAGTTAAAAGAATTAAAAGAAGCAGGACTTAAAAAAATCGCTATCTCACTGGACTCAATAGAAGAGAGTGTTCACAATGAACTTCGGGCGCCGTCTTTCAAACACGCAATGCGCGCAATTGAGGACGCCATAAGTCTCGGTTTTTACACAAGGGTAAGCTCCGTCATAACGAAAAAAAACATAGGTCTGATTGGTAAATTTCTTGACCACCTCAGTGATGTTGGCGTAAGCACAGTGAACCTTGACTGGTTTAATGGAGCAGGACGAGGAATTACCCTTAAAGACGAGTATGAGGTAACATCCAGAGACGTTGATCTCTTGCCTCCGTTTGAAGCCGCAATAGAAAGCTTTATGAAACACAAGGGGCGGACAGGCACGACAATCAGCGTTGATTTGCCGCAGTGGTATGAAAGGCGGGGGACTTTTTTAGTTACCGATCCGGTTCGCACACATCATCTCAGTTGTGACGGTATTGTAAAGCAGCTCTCTATAGATGAGAGGGGACGGGTGTTGCCGTGTTTTATATTTTCAGGGGGGCCTGAGACTTTGGGCAGTCTTACTGAGACCACACTTGAGGGTATCATCTATGGCAGGAAAGAGCACCTTCCCATACGCTGCCCGATTGGAGTCAGCAAGCACATATTCTATCAGAGCACTAAAGACCTGTGAACAAGCTCTATCTGGATATAATAGATAACTGTGAAAAAAGTCCGCACTCTGGCCGCGTAGAGTATAAAGCCCTCAGAGCAGTATCATCTATACTTTACAAAGATTATGCCACACAACTGGTGCTGATTAATCATCTGCTGCCGGAACTTATGCAAAAAACACTTGATGAGGATATTGACACTGATTTCAACACAAGAGTTATCATAATCCCACCATCTGAGTGTGCACTCTATGAAGATAACGAGTTTTCACCTCTTATTCAAAAATACGTAGAATCCGGCTTTTGTGCAATTGGCATTCACTACTGTTATACCGATAAAAACTCTGTATTAACAAAAACATTCGGAACCTTTTATAACGATGAGATACACAGGTTTAAAGACCCTGTGTTTAAACTTGAGCTTGGATATGCCTCACTGCTTTCAAAGGAGCGATACACTGAGCTGAGTAAATTTCGGCTTGAATATGATGAGCTTACGCTTTCCGTATCGCCAAAGTACAAAAAGCATGTTGAACCACTGGTTACTGTAATGGATTTTCCCGTAGTCACCGTGAATGCCTACGGTGAGGGATATGCTTTTTCATTTGGATTTCATTCATTTGAAGACCCGGTAGTCGTTGAGCTTTTTACGTCCATCCTGCTGTATATTAACAAACGTCACAGTGTTGCAAGGATTAAATAAAGCGCAACTCATGAAGCAGAAATTACAACAGAAGTTTGATATACGAAAGCTAATCGGTGAGGGGCTTTACAGCAAAGTCTATGAGGCATCTGAGCTTGCAAGCGGCAAACCGTGTGCGCTAAAGGTTTTTCTTAATGATACAGCGCTTGTGCAAAATGAGGAATGTGAACTTAGATTTCTAAGAGAAATAGAGGTAATGAAAGATGTATCAAACGACTACACTGTAGGCATTTTAGATGACGGCACAGATACATCGTTGTGGTATTCAATGGAGCTTATGGAGGGTTCAGTGCGCGATCTGCTGCTTTCAGATGCTCTTGATAAGGATATTGTCAAATACGCCGTCGCTTTACAGTGTCTAATTTGCGTTGAATTAATCCATAAGCAAGAC
CP049016.1_gap48	2130675	2133162	2487	ATCCACAAATTGCTTATTCTTTTTCCCCCGATAGACAAATTGAGAAGTTAATAGATTTTTAATTTATAACGTGGCAAAAAAAGATAATATTATAAACATCTATGCACTGAGTCCTTTGGCCTCTGGGATGCTCTATCATTATCTTAGCGATACCACATCCTCTGCGTATTTTCAGCAGATGTGTTTTACCATAACCGGTTGGCTAAATTTAAAGAGTTTTGAGGATTCATGGAATGAGCTAATCAAGCGTCATGACGCTTTAAGAACAATCTTTGTCTATAAAGGCGTACCGGAGCCGCTTCAGATTGTGCTTAAAGAGCGGCGGATGGATTTCAAGTATGTCTATCTGCGCCCGCTTAATCCTGATAACTCTGACACTGAAATGTGGCTTGAAAAGGACAGAAACTCCCCATTTAATCTAACCAAAGATACTCCAATGCGAATTACAGTGCTCCATACACAAGATAACCAATATGAGGTGATATGGAGCTTTCACCATATTTTGATGGATGGCTGGTGCACAGGAATTATTCAAGAGGAGTTTCTTGCTATCTACAACGCTATGATTTCTAAAACCTCCGTTTCGCTGCCTCCTGTAACACCTTACAGCGCTTATATAAAGTGGCTTAAACTGCGCGATTATAAAGCCTCGTCACAATACTGGAATGAAAGGTTGAAAGATTTTTTGCAAAGCACTCCCCTGCCATTTAAAGGAACTAACTATAAGCAAAAACCATATCAGTTGAAAACTGTAACAATTGAAGCCTCCAATGATATTTCCTTATCACTAAATAAACTTGCCTCCGCCTCAGGCGTTACAGTTGTGTCGGTAATCAAGGCGCTCTGGGCAGTGCTGCTTGGGAAATACAACAGTGTTACCGATGTTGTGTTTGGACTTGTTGTCTCCGGAAGACCGCCTGAAATCCCAGCAATAGAACGTATGATTGGTTTATTTATAAATACAATTCCCGCAAGGCTTACCTTTAATAGCAATGAGACTTTTAGTGATTTAGCTTATCGCATTCACGTTGAATCAACAGATGCGCAGCGTCACGAATACTTCAGCCTTGCCGATATTGCTGCATCACATCAACTTAAGACTAACCTGTTTGACCACATACTCGTGTTTGAAAATTATCCGGAGGGCAGCACCGCCATGCTGATGGGAAATCTTAATATGCAATTGAAAGGTTTTTTTGAACAAACTAATTATCCCCTTGAAGTAAGCATATTAACAGGGAAAACCATACGGTTTAGATTTTCCTTTGACGCTAATGTATATGACGAAAGCGACATTCGTGCAACCATAAACCATCTGCTCCAACTTGCCACCTCTGCCTGCCAAAACCCATCTGTGAGCATCTCTAAAATGAATATGCTGACACAGCCGGAAAGACATAAGACTCTTCATACATTTAACGATACAGCCGCCGCATTTGAAAAGGCATCTACAATTATAGATATTTTTGAGCATCAGGTGCTTTTAAACCCAGACAAGACAGCTGTAATTTCCGATGGCAAACATTTTTCATTTTCCAAACTTAATGCGATGGCAAATCGTATTGCCCATCACCTTAGAGACTCATTGGGCGTCAGAGCAGGCGATCTTGTCGGCATTATGACAGAGCGTATGGAGCGGCTTGTTGCAGGGATATTGGGAGTATTGAAGGCATCGGCAGCCTATGTGCCAATTGACCCCATACTGCCGCTTAAACGAATTAGCTATATAGTTGAAAAGAGCGGATGTAAAGTGCTGCTTACATCAGACAAATATGTTAAGGAATTTTCTGATATTTTCCCCTGTGCCATATGTAACATTAATTCAATTAAAGTGGGAGAAACCTCAAACCCTATAAAAGAAATAACACCGGAGTCGGCAGCATACGTCACATATACCTCTGGCTCAACCGGTAATCCTAAAGGCGTTATGGTGACGCATTCAAATGTGGTTTCATTTTCTGCCAACATGACAGGCGTGTTTGGTCTAACTGCTTCTGACAGCATTTTTGCGCTTACTACTGTTATTTTTGATATTTCCGTGCTTGAGCTTATAGAGAGCCTCCTAATCGGCATGACAGTGGCGCTTAGCCGTGATGCCGAAATCCTTAGCCCGCCTGATTTGATGCGAACACTCAGAGAATCAGCCGTTACCGCTCTTCAGATTACCCCGTCACGGTTAAAAATTCTCCTTGAGGACGGCGGCGTTGATGCTCTTAGCGCTCTAAGAGTGTTAATCATAGGCGGTGAACCTCTGCCGGTTGATTTATTTAATAGGCTTAAACCGCTCTTTGACTCTGTCAGTGTTTTTAATGTTTATGGTCCCACAGAGACCACTATATGGTCAACCGCTAAAAAGTTAAACGATGGAGCGCTCAATATCGGTCGCCCATTGTTAAATGAATCCGTATATGTACTGTCTTCTGACGGCAGCCTTTTACCATGCAAAACGGCTGGGGAAATTTGCATAGGAGGAGCGGGGGTATCAAA
CP049016.1_gap49	2226294	2229926	3632	AACCCTCTGAGAATCGGTGCAATTTTAACGTATCGTTGCTTTGCATCATCAACCTCATTCTGAGCGGCGTTAATAAATAACTTTCGTTTTAAGCGCCCCTTAGCGGCTTCAATATATTTTTCAGCCTTCGTTACAAAATCAATCATACATGAATATGAGTCCTTTGCAGTATCTCCCCATGTGAAAATTCCGTGGTGCATAAGAATCAGCGCTTTCACTTTGGGATTGCTCATGTAAAGCGATGCGGCAGCTTTTGCCAGTTGAAACCCGGGCGTGTAATAATCTAAAATTGCCGCATCATCGCCAAACACCTTTTTGAAGGCTTCTTTTCCGTCAGCCGAGTTACCCAGAGTGAGGATTGCCTCTGAATGGGTGTGATCAACGTACTTAAATGGAATAAAGGCATGAAGGAGGGTCTCTAACGAGGGTGTGGATGCGCTGTGGTCAAACAAATGGGTGCGAAACTCATTTATCATCGTCTTGTCGTCTAAATCGTCAAGTTCAAGCAGTTTTAGGAGATAGTCAAGTTCAAGCGCAACGTGGCCATCCGGTTTAATCCTGTCCATGTCGTAACCGGATGCTTTAACGTAGAGAGCGCTGACAGGCTGTCCAAAGACATTAGTGTAGTTAGATTTGACGGAGGTATTTCCGCCTCCATGAAGGACAAGAGATTTATCTTTGCCCAAAAGCTGAGTCGTATAGGTTCTTAAGGCAAGGTCATCCCCATATTTTTCGCCATAGAGTTTTATGAACTCTGCGGCTTCATCGTCTGACCACTTGTTTATCAATGTCTCAGCTCCCCCCACGATGCTCTTTATAGTTTCAGTTTAAAAAACTCATAAATCTTTTATGAATGGGTGTTTCCACTAATTATATTCTACCTTCAACCTGACGGGTTTGTCTATACGTATTGACTCAGACGTCATTGAAAGCATACAATTAAGCATGGGAGCAGTGAAACACTCTAAGACACATACAGAACGTGAAGCGTACCGGTATATGGAAAACGCGAAAGGTTTGCTCAGGGCTGCCGCCATTGAAGATAATATCTACCTCGACAAAAAGCCCGTCCGTGAAGCGTTTGGCACGGCGTACCTTGCTATACTTGAAGCCATTAACGAGGTACTGATAAAGAAGGGATTAACCGTTAAAGAATTGCCTAAGTCCGTTGACGGCTACAGGGCAGCCCTACAAAAATATGTGTCTGTCAATAACGGCAAGCTATTGAGAGAGTTTGAAAATCTATATGAAACCTTGCATATCGGCGGTTATTACAGAGGATTGTTTAGAGGCGTCCCGCTGGTCAAAGATGCCATGAAAGCCGCAGACGCCTTTATAAAGAAGATATTGCCTTAAGCCTGCACCAGAAACCCTACGATTATCATTCTGCCACAAGCCCGTGGAACTCGCCTGAAGAAAATTAGACAGAAGAATACGTTTTGTCTAATTTTGCAACAGACACCTCAGAAACGGGGTTAAATCGTGTAGGCAAAAAGGGGTTAATTTACTCACCACCACCGCCGCCTTCACCGCCGCCTGGTGTTGGTGTTGGTTCTGGTTCTGGTTCTGGTGTTGGTTCTGGTTCTGGTGCTATAGGTGTCGAATCAAGTAAACCAGTAACGATAAGAACGGACATAGATGCTACTGCTTCAGCAGTTATACCTGCTTCTTCTAATACTGTTAAGGCTGCTGCTTCAAGAGACTCTGCAAGTGTTGCCTTAGCCACATCGGAAACTAAGCTTAAAGCTACATCTTCCGTAAATTCTTGTCCAGCCTCATCTATTTTATCTGCAGCAGAAGCTAACTTTGCTCCGTCAACTACTCCTGGTACACCAAATCCTCCAAACATCAAGAAACCGAAGGCTTTGGCCATATCTTCAGAGCCAGTTTTTTCTTTCATTGCCCTAATCGCGAGTTCCTTAATCATGTCGCTGGAAATAGACATTGTTTCCTCCTTTTTTAAAAAAGTGATTCATAATTAATTTGTTTTATGATGTTAGTTTAATACATAATAAGAAAAATAATGAATACAGCAGAACAAGGACTGGACAATAACGGATATGTCTTTTTTTTATTGCACAAGAGTTTTTTGCATGGTGAAAAAGAGATACTTAGACAAAATGTATCCTTCTGTCTATTGTTTTACCCGCTGCAGCCTGTAAACCCGCATTTTTGTTGAAGCCGGGTAAAGCCAACACATAGACAAAATGATAAACGCGTACTATTTTCTAAAAAAGATGTTGCAAAAGTGGTGATAGATATGTCAACATATAGCAATGAGAGACACGCGGCTTATTTCATGGATGAAAGCGGCGCGGAGGGATTTTGACGAATTTCCCGATGATGTGCAGGCTGATATGTTGAGAGCGCTTACGATATCAGCCGAAGGCGGCAAGGCGGACATTGCCAAACCCTTCAAAGGTGTTGACGGCGGTGTTTTTGAAATAGCGCTTAAACATCAAGGTAACGCTTTCCGCATCCTCTATGCCGTGAAGATTGGCGCAGACATTTGGGTCATTCACGCCTTTCAGAAAAAATCAAAGACCGGAATTGAAACGCCTCAAATGGAGATTGATATTATCCGTGAACGATTAAAACGATTGAAGGAGGCTCTAAAATGGAAGACGATTTTGAATTAATACACGGCAGCGGTAACGTGTTCCGTGACTTTGGCCGTCCCAACGCCAACGTTGAACAGGCTCGTGCCATCATCGCGGCAAAAATTATTGGCACGCTTGACGAACGTAGCCTTTCCACACGCGAAGCCGAAAGGTTGACGGGCGTGTCACATTCGGAGTTTTCACGCATCAGAAATGCGCGGCTCAAGCACTTTACGCTTGACCGAATGATTACGATTCTTGAAAAACTTGACGAAGATATTGAAGTTGACGTTATCTTCAAGCCACGGACTTGTGTGCAACAAGTGGTACACGCCTAAGCGCGATGACAGAGCGCAAAAACCTATTGGTTGCCGTGTTGCCTCTTTCCTCTAAAATTGTTTAAACTATAGTCATGAACGAAACTGTTATTGAAACAAGTCATAAGGCAGCTGATGAGCAGAGCTACATTGACCGGATAGATAGTACGTTGAGTAGTTTGTCTCTTGAGCGGCTTAAAGAAGTGTCAGATTTTGCTTCTTTTCTCGCTGACAAGGAGCGTAGGCATAAAGAGTTTGTTGAAGAGACACTGGCTGCTGAACAAGAAGAGGGCTATACGTTTGATACGGTTGAGGAGGCTATGGAATTCATTAAAAGTTGGAAAGAATAGCTTGCCTAAGTTGAATTTCAAAAAGCCTTTCGTCCGGAAAGCGTCTAAGATTACTAAAAACTCACCGCCCCTTACTGCAAAGTTATCAAAAACCTTAGAGACACTACGAGATAATCCTTTCACCCCATCGCTTAAAACACATAAACTCTTCGGTAATCTAAGTGATAGATATGCGTGTTCATTGACTGAGGATATACGTATTACATTCAAACTATCCGATGACACTGTGCATCTGCTCAACATCGGTTCTCACGATATTGTTTACGATTAAATCAAGGGGTCAGTGTATTAAATAAAAGTGTGCGCAACACTCCCTATTGCTTTGCTCTTTCCCTCTCAAAATGAAAACTACGCTTTTTAGCGTT
CP049016.1_gap50	2236681	2238041	1360	AACAGCTGCTTCGTAAGATCTCTGACAAAAACACTCATCCAGAACTTATGCAGCTTGAGCAGGAGTTAGCCGAGGCGCTAAACACACTTGTAGCTGAGTTTCCGCCTCTAAGCTGTAAGACTGCCATTTTAGGAGTAAAGGCAGCCACTGTTAATCTTCACAGTTTCTCTTTTTTGGTTGACGTCTCGGTCTCTTGTTGGGCATTAAGAAGAGGACGACTTATCTGGAGCTGATGAGCTCTTAGTGTATTTTGTTTAATGCTTATTGAGTTAACTCCTGTAGATTTTTTTCAGTCAGCAAATGATACAGTTAAAAGGACTGGATTCCCGCTCGTAGGCGGGAATGACAAAGGGGAGCAATTTCTTTTTCTTGTCATTCCTGCGAAGGCAGGAATCCATTTTTTTGTTTGCGGAGCTAACTGCATATGCAATTTTTGTTTTCTAAGTAAATCCTGTATATGACAGCTCAGGGCAAACGCATTAGAGAAAAAAGCAGCAAAAGACTTCTCTGTTGCAAGGCAGAATTTTTAGAGAAATGGACTGGATTCCCGCTCGGAGGCGGGAATGACAAAGGGGAGCAATTTCTTTTTCTTGTCATTCCTGCGCAGGCAGGAATCCAGTTTTTTAGCGAAGCTACACTGCATTGGCAATATATTATTATTTCCTGTGAAATGCGTTTGCCCTGTATGACAGCTGTGTTGACCGGCCTATTTGTGTTTACTTATAATATGCTGTGAGAGGATATCAAAGTATAGGGTCCAGGGTCGACTTAAAGATGTTGGTTATATTTGGACTTATCGTCATAACTGTCCTTGCCTACTACAATTTAGTAAATAACTCATTTGTAAGTTACGATGATTTTAAGTATATAAGTGAAAATCCCCACATAAAAGATGGACTAAATTTAAACTCTCTTAGTTGGTCAGTGACAGCCACTCGCGGCTCGCACTGGCATCCCATAACGTGGATTTCCCACATGACAGATGTGCAGATTTTTGGCTTAAACCCTGTTGGGCACCATCTTACAAGTTTGTTTATACACATTGCCAACTCCATTCTGTTATTTTTATTTTTGTTTGAGATTACTGAAGAAAGGCTTTGGCAAAGTGCGTTTGTTGCGGCGCTGTTTGCAGTGCATCCTATAAATGTGGAATCAGTAGTGTGGGCAGCTGAAAGAAAGAACATCTTATTTATGTTTTTTATGATTCTTTCATGGTTTGCTTATGTCTCATACATTAGAAGCAAAAATATTCCGGTTTATATTCTGTTGCTTTTGCTCTCAGCATGTTCTGTGATGTCTAAATCGTCAGCGGTGGTGCTTCCATTTACTTTGTTGCTTTTTGATTTCTGGCCACTCAGAA
CP049016.1_gap51	2289906	2293065	3159	GTGATGTTCCGTCTGATAAAAGCATCGGAATATAAAGACTACGAGACAGGCACACATGTTCTAAGAGTCAAGCAATATGCGGTGGTTCTCTCAGAGGAGCTGGGAATGCCAAGGGATTTTATAGACAAAATAGCATTTGTAAGTCCTTTGCATGATGTTGGGAAAATAGGCGTTTCTGAAAATATTTTGTTAAAAACCGAGAAATTAACCAATGATGAGTTTAATATAATAAAAACCCATACTAATATAGGTTCCGATATATTGAAAGGATCAAACAATGAGCAGATAAGGCTTGCAGAAATAGTGGCACTAAGCCATCATGAAAGATGGGATGGCAGCGGTTATCCTTTTGGTTTGAGAGGTGAAGAGATTTCTTTAGAGGCAAGGATAGTAAATATCTGTGACCAATATGACGCTCTGATGTCAAGCAGACCGTATAAGCCATCGTTTGGACATGACAAGACGTGTGATATATTAACCAATGGAGATGGTAGAACAATGCCGAATCACTTTGACCCTAAAGTGCTTGAGGCATTTAAAAACTGTGCTCATATATTTAAAGACATATATGAGACTAAGTAGGGAAGACGTATGCCATGTAAACTAGAGGATATTCTTGGTAAAATATTTGATCCATATTTCACAACAAAAGGTAAGACTAGGGAAAAGGGACTTGGTTTATATACTGCAAAATTATTAATAGAAAAGAGCATGAAAGGCACTATCACAGTCAGAAACATTGATGGATGGTGCGAGTTTAGGATTGAATTATGACACAAAATGATGAATTGCTGAAATCAGTGTCAGTGCTTTACGTAGAAGATGAGGCATCGATAAGAGCAATGATAACCCGCTTTCTAAAAAAAAGGGTTGCTGTCATTTACGAGGCTTCTAATGGTAGTGAAGGTTTGGATATATACAATTCAAACAAAACTGAGATTGATTTAGTGATAACCGATATTCAAATGCCGGTTATGGATGGAATGACAATGATAAATGAAATCCTGAAAATAGATGAAAACCAGCCAATTATAATAACCACAGCATATAACGATGAGCAGCACACCAGTGATAGGGTTTGCAGAAATGTGATAAAGCCGATAAAACTTGAGAATTTGCTTGAGAGTGTTATGTTTTGTGTGTGGGTGAGGTAATAAGTAACGATGGAAGACACAACTAATGGATAGAAAATATCTTTTCTCGGTACAAACACCTTTAGGCATAGAGGTTAGAATAACAGAAGATTACTGGAGCTACCTCATCTCAATCAAACACCCTGTTATGCTGGGAAAGGAGGATATTGTCCAATCTGTTCTTGTTATCCCTGACGAAATCAGGCTGAGTAAAACTGACAAAGACGTTTTTCTATATTACAAGAGATTTGATAAACTATATTGCGTAGTCGCTAAACACACGGTAACTGAGGGGTATGTGATAACGGCGTACCCAACTGAAAAGATTAAGGAGGGTGAGACAATATGGACAAGGTAACAGTCTATTACCATAAGGAACTCGACACCATGGATATCTGGTTTGGAGATCCAAGGGATGAGTATATCTGTGAAGAGGCTGGGGAGGGAATAATATTTAAGAAAAACAGAGATGGTATGGTTATCGGAATCGAAAAACTCTATGTAAGTAAAACAGCAGGTATGGTTGGTAAGGTTATCCCTTTTGAGTTGGTAGTTGCATAGAAAAAATATGGGAATAGATGGGGATTAATGATAACTCACCAAAACCAACAGCACTCCACAAAACCCCACTGGTTCCGGAACCGTTCCAGGATACACCGCAAACCCAGTATCCATGCGGGTGTTCGGGGTTTCGAGTCCCCTACCGTCCACCAACTAACTGCTTGACTGTGCATGAAGCAATTCATCCCACAGACGCTCTACCTCTCCGAGAGCATAACATAATATGCCTGTGTGATGTTGTGAATAAACATCATAAGATATTATTTTTGCAGGCAAACTTATCTTGACATTTATATATTTATATGCTACCTTACCACATTGTGGTACAGTCGTGGATTGAAGAGGTTAAAGCTTGCAAAATATGGGAGACCGTAGCATTTATGTTACTTGCGTGTAATACAAAGATTGTTGTTAAGCCGCTGAAACATCTATCTATCTATCTATCTATCTATCTATCTATCTATCTATAGCTCCGTCCTTAGTGCCTCCAGTCTCTGTGAAGAGACAAACAATATCGTAATAAATTCACTGGGAGAGTTGCGCGCTCCTGGGATAAAATAATCACACAGGGAGAAAAAAACTAATGAAAATTCTTGACAACATGAAAATCGGCACAAAGTTAGTAGGCAGTTTTTTGCTGGTAGCCATAATAGCGGCATTTATCGGGGTTTTTGCAATAATTAATTTACACAAAATAGACAACGCCGATACGCTTCTGTATGAGAAAATGACTGTACCCTTGGGTCAGTTGGGAGAAATATCCACATCATTTCAACGTGTAAGGATAAATGTGATGGAGTTGGTTGACGCAAAGACAAAAGAGGAAATGCAGAAACCAATGGATACTATTAAACAGCTAAGAGAATCTATAGACAAGGACTCAGCAGAATTTGAAAAAACAATAATGACTGATAAAGCACGGGAGATGTTCAAGCATTTTCTTGAGACACGAAAAGCCTACGGTGCGATAATCGACAAAACTGTGGAGTTAGTCACTGCAGGTAAAAATGCAGAAGCTGATGCGTTTGTCAAAGGCGAAGGTAAAAAAGCAGCTTTTGCAGAGCAGGCTGCTATAGATGCCTTACAGGAAAATAAAGTGAAAAGAGCCAAAGAGACCTCAGAAGCCAACACAGCGCTTGCCAACAGTGTGACAAATCTGATAATCGCTATAACAGTAATCGGCGCTATTTTAGCCATGGCATTAGGGTTGATTATTTCCAGCTCGATAAGTAAACCGCTAAAGCAAGGAGTGGTATTTGCGGAAGGTATTGCGAGCGGCGATTTAAGCCAGCAGATACACATGGACAGAAAGGACGAGGTTGGGCAGCTTGCCAACGCACTAAACGACATGGTGGATAAGCTAAAAAGTGTCATAGGCGAGGTCAATGTATCAGCTGATAACGTATCCTCAGGGAGCATTGAGTTAAGCGGCACAGCTCAGGTTATCTCTCAAGGCGCTACAGAG
CP049016.1_gap52	2342810	2344748	1938	TTCCCTGTTTGTTTTAGATACTATTCCATTGATGTTTTTAGCTATTTCTGTATTGGCTGCAATAGCTAAATTTTCTAATACCAAGTAGCTGTCAAAAAAGTAAGTAACTATTGATGAAAAAGAAACTACGATTTAACGTTTTGTTGGTTTGATGAGATTGCTTCGCTACGCTCGCAATGACAAATTTGGGCTTTTTTTATCTGTCATTGCGAGGAGCGATAGCGACGTGGCAATCTCGCCCTAAGTAACCAGCAAATTAATCTGTATAACAGAGAACTTTACCACTATGAACGCTACTCGGTATAATATGTTATCTATGCTTTGAGCAATATTTTTTTGCATTCTGATTAACGGTGAAAATAAGTTTGATATTTCTTGCTCTTTATTTGTTAATAACATATACCTGCTTCTACCAGTAAAGATATTGTATTTAATTTTGCCAGATTAGTAAAACGCCAAACTTAACCAGACGATGACGCTCCAAAACGGTTTAAGACTGCACCTGTGCCCTCAGCATCTTGTTTTCTTTTTCCATCTCAGCCCACTTCAGAGCGCGCTCAATTGAAAACAACACCTGTTCCTTTCTAAATGGCTTGATTATGAAATCAAAGGCAACGTTTATAAGCGCCTCATCCGCTGCTCCAGATGCGGCATATGCGGTTATCATAATCACTGGAATACTCTGGTCTATGGCACGCACGGCTTTCAGTAAATCAAGCCCATCAAGACCCGGCATTTTCAAATCCGTGATTAAAAGGTCAAACTTGTTGCATTTAAATATATCAAGAGCCTCCATAGGGTTATTTGTGGAGGTTACCTCGTGAGACGTTTTTTCCTTTATTATCATCGTAAGAAGCCTAAGCATATCCGGCTCGTCGTCAACAATCAATAGTTTACTTGGCATATTTATCCTCCTCGTTTATCTGCGCTATGGACGGCAAGGTTATTATAAATTCAGTTCCTGTAACCAGCGATTCGTCTTTTGTCTTTGTGTCAAAGGTTATGTCGCCTCCGTGCTTAGCTACTAAACCGTATGATACGGAAAGCCCAAGCCCTGTGCCTTCACCAACGGTTTTCGTTGTAAAGAAAGGATCAAAAATCCGTTCCTGATTCTTTCTTTTTATGCCCGGTCCAGTATCGGCAATCCACACCTCCACCTTTTGCCCATCCTCTATGCTCTTAGTGCCGATAGTAAGATTACCGCCGCCTTTCATCTCATAAATGGCATTGGTTATGATATTTAGAAATACCTGCTGCAGCTCCCCAGGGATTCCTCTGACTATCGGCAGAGACTTATTCATTTCACACACTATGTCAATATTGTTAAACGCAAGCGTCTTTCGGACTATAGTCAGCACCTCATCTAAGCTTTGATTGATGTTTATATCCTCCTCAGTGTACTCAGTGTACCTTGCAAACCTGAGAAGATTTTCAACAATCCTTTTTGCGTTTGTCCCCTGCCTTTCTATCGCCTTGAGGTTCTCATAGTGTTTTGAATCTGGAGTCATTTCTTCAAGCATGAGGTCGGTCATTCCCAAAATGATAGTCAAAGGGTTATTTAATTCATGAGCGACACCTGCGGCCAATGTGCCGATAGAAGCAAGTTTTTCCGTGTGGGACATGTGTACCTCCTGCCTTCTTTTTTCACTTGCCTCGTGTGCTTTTAAAATTTTGTTAATCAGCACTTCAGCATCTACCGGTTTTTCAAGGAAATCTATGGCGCCCTCTTTCATCGCCTCAACACTTCGCTCTACGGTAGCATAGCCTGTCATCATTATGACTTGAGAGTCTTTATCCTCCTCTTTTATCTTTCTAAGAGTCTGGATGCCGTCAATGCCCGGCATTGCAATATCAAGCACAATTACGTCAAAATGCTTTTCCTTTACCATACTGACCGCATCCTCGCCGCATAAGGCTGTGCCGGGCTTAAAACCTTTC
CP049016.1_gap53	2347927	2350321	2394	ACCGTCCTGAAGCGTTCTTAATAGCTTAACCTGAAAATCCGGCGTAGTTTCCCCTATCTCATCAAGAAATAGGGTTCCCATAGAGGCTGACTCAAAAAACCCGGACTTTTCCCTTATCGCTCCGGTAAAAGCGCCTTTTACATGCCCAAATAATTCCGATTCTATCAAGTTCTTTGATATAGCTCCACAGTTGACGGCAACGAAACGATTGCCGCTCCTTTTTGAATTATAGTGTATCGCCCGTGCTGCAAGCTCTTTGCCTGTGCCACTTTCTCCAGTAATCAGCACGTTGCTGTCACTTTCTTCAGTCTGTTTGATTATCTTAAAAATCTGCACAATGTTTTGGCTTTTACCGATAATGTTTTCAAATGAGCTGTGAAGCTCTCTGCGCAGCGACTGTATCTCCTCAGTTAGCCGAATTGTCTCAACGGCGTGTTTACAGGTAAGTCTGACCTTATCCAGAGACAGCGGCTTCGTTAAAAAATCGTAAGCACCGCTTTTTATAGCCTCAACTGCGGTCTCTATCGTGCCATATCCCGTAATGACTATAATCTGAGCATTGGGGAGCTTTTCCTTAGCATACTTGACGATTTCTATGCCACTTGTATCCGGCAATTTTAGATCCGTTACTATAAGATTGAAATCCGTCTGAGTGATGAGTCCGGCTGCTGATGCGCCGCTTACTGCGGTGGTAACCTCATAACCTTCTTTCGTTAAAACCAATTCTAAAAAACGGCATATGTCTTTTTCATCGTCTATTACGAGGGTTTTTATCATTGCGCCGGTTTGCAGGCGTTTTTTAAGGTCTTAATCAGGACGTCTATTTCGGGCGGCTTTCTAAGAAAGTCAAAAACTCCAAGCTTTCTGGCCTCCTTTTCCTCCTTTTCCGAACTGTAGCCGGTCAGTATGATTACAGGTATTGCAGGATGGTGCTGCTTTATCCACTTAAACACGTCTAAACCATCCATGCCGGGCATTTTCATGTCAAGAACTATAACATGAGGGGTATAACTTTTAAGCCGCTCTATGGCCTCTGCTCCGTTATACGCAACCTCCACAACGTATTTTCTCATAGCAAGCCGCTGGGCAAGAATCTCCACAAAGGCTTTCTCATCGTCCACCAAAAACACCTTTATGCTGTCCATCTTCATGCCTCTGGCGGTTGTGCAGGAATCATGATTTCCACCGTCTGTCCTGTCCACTGAAGTTTATAGCCTGTTTTTAAGACAATGTAATCTACTATGTCACTATCAATACTAATACCCTCAGGCAGTGTAATTGTTACAACCACATCGTTGACAAGACATCTTGTTTTGATGTTAATTGTTTCATCAGGTTTAGCAGCGATTATGGTTTTGTAAAGAAGAAGAAATATCAAAAATTGAAACAATGATGGGTTATTAAATACATGTTTAACGGCCGGCTCAAATTCCGTTACGATAGCGACACTGTGTTGTGCCGCCGCTTTAGAGAGCAAAACAATAAGCTCCTCAAGCGCCTCGTTAACTCCAAATGAACTAACGTCCGTGTCCATTCTGTGAGCAAAGTGGTTTAAAAAACTTGTAAACTGGGAGGATGCTTTAATCTGAGTCCTCGTTTTTTGTGCCAGCTCAAGAATCTGCTCAAAATCTATCTGAGAGCTGTCATCGGAAAACTCTACTATGTCGCCGATAAGACCCACCGATTCATTTATGATAGCCATGTGGTTTTTGATTTCATGAGTGTAGAGGGAGAGTATTTTGGCAATGAAGCGTAATCGCTCATTGGTTATTTCATGTTCTAAGTCTTTATCCATTGTGTTGGTCACGTTTCTTTAAGGATTTTTGACGCTTCTGCCAAGCATCATTTATTTTTTCCACGATTTCTTTTATCTCAACAGGTTTTAAGATATAATCAAAAGCGTTTTCTTTGAGAACTGCAATGTCATCCGCTGGCAGAAGCTGTCCTGAGATAATGATTATCTCAAAGTCAGGATCAATTGTTTTTAGCTTTAAGAAAACCTCACTGCCGTCCATTCCAGGCATTGTTAAATCCTGAAGTATTACATCTGGTTGTATAGTTTGAGCAGCCTCCATCGCATCCGTAACGCTAAACACAGCGCTGGCATCAAACCCACGCAGCACGAGCCGCTCAGAAAGAGTCGTTGCAAAATCCTTCTCGTCATCTATAATAAGCACTTTCACGGCAGACATCCGTCAATCCTCATTATGTATAATCAACCGTTTTTACCGGCAGTTCTATAAAAAACTCCGTCCACTTTCCCTCTTCACTTTCTACGTGAATTTTCCCGCCTATCTTTTCCATTATACCATAAGATATGAAAAGACCGAGCCCAGTGCCCTTGCCGCGCTCTTTAGTTGTAAAGAAAGGCTCAAATATGTGTTGTTTCTGTCC
CP049016.1_gap54	2481329	2482670	1341	GCACCTGTTAGTAAAATGATATAGAAAGTAACTTAGATGCCTTATTTAAAAAACATGATATTGCATATGCAGTCAGCTCTGCAAACAAAAAACTGGATTCCTGCCTTCGCAGGAATGACAAGAAAAAGAGGAATGACAGAAAGCGCACTCTCCTTTGTCATTCCAGCCTCCGAGCTGGAATCCAGTCCTTTAAATATATCATTTGCTGATATAAAACACTATTTCGGAATTAACTCAATAATCATTAACATAATTTTATGATGGACAAAGAGAAATTAAAGAAATACTTAAAAACGATGAAAAAGCCGCAGTCTTTTGGGGAGCTCTCTAAGCGGCTCTGTGGAACTTCAAAAGAGACCCGTTTGCTTAAAAAATATCTGAGGGAACAGGTGAGGCTTGGAGTTGTGGTACGTACCAAAAACGGTCACTATGGGCCTGCTGAGGGGATGGGTCTTGCCAGTGGCTATTTTGAAGCCCACAGGGGAGGCTATGGGTTTGTCATAGTAGATAAGCCCGGAGAAAGAGACATATTTATTCCCGGCAGAAAGACAAACGGAGCAATGGACAACGACCGCGTTATCGTAAGAATGGAGGACACAAGACGTCGTGAGGGCTCCATAGTGCAGGTGGTTGAAAGGGTCTGCGATAAGGTCTTTGGACGGGTTGATTATGTTGGAAATGCCTGTTATCTTAAGCCAAAAAATAAGACAATTATGTTTGACTTATTTATACCGGAAAAAGACACGCTAAACGCAAAATCAGGAGATAACGTAACGGCGGAAATAACAGACTACGGAAATGCGCACAGACCGCCTACAGGAAAAATCACGAAGATTATGACAGAGCCTGAGGGGCCGAAATCCGAAATAGACATGATAGTCGATGAGTTTCATCTGCCCGTCAGATTCCCTAAGGCTGTCACAGCTGAGGCAAAAGATTTGCCGGATAGCATCACATCGGATATGATTACCGAGCGTGTGGATTTACGAGAGCTTAAAACAGTCACGATAGATGGAGAACGGGCAAGGGATTTTGACGATGCAATATCAATAATCAAAGAGGAGCAGGGGTACAAGCTCTATGTGCATATTGCCGATGTCGGTCACTTTGTGCCGTGGGAAAGTGCTCTTGACACAGAGGCACGAAAGCGAGGCACTTCGGTGTATTTCCCTGACAGAGTAATCCCGATGTTTCCAAAGCGGCTATCTGAGGAGCTTTGCAGTCTTAAGCCAAAAGTTGACAGACTGACATTTACGGCAGAAATGACTTTCAAAGAGGACGGTTCAAGGGCAACATCAAAATTTTATCCCTCCGTGATAAGAAGCAATGAGAGAATGACCT
CP049016.1_gap55	2493791	2495253	1462	CTCCGCAGGCACTCATAACGCCGGCAGTGATTACGACCTTCTCGTTTTAAAAAAAAATCTAAAGGACCAGAGAAAGTTAGTGCAGAATATATATCTGCACTTTAAAAATATTGGAGCTCCTGTTGATGTTTTAGCGTTAGACCTTGACAGATTTGCCGAGCTTAAAGATGACCCATATCTGATTTACTATGAGGCAGATAAAAATGGGAAGGTTATCTATGAAAAACACCCTGAAAGCAAGGGAATGGCTTAAAAGAGCGAAAAGTAACCTCGCCCGTGCACGCCTTGGTAAGGTTTCTGATGAAATACTATACGAGGATATTTGCTTTGATGCACAACAGGCTGTTGAAAAGGCTTTGAAAGCTGTGTGTGTCATTAACGAAATAAATTTTAACAGGGCTCATGACATATCGTACCTTATTGACTTGCTTGATACGGCAAATATAAAACTCCCAAAAAGACTACACAGAGCAAAACTTTTAACAAACTATGCCGTTGAAACACGGTATCCTGGTGATTATATGCAGATTGATAAAGATATGTATGAGGATGCATTAAAAATTGCGGAAATGGTTCTAAAATGGGTAGATGATAATTTGGAGAAAGAGCGTTGAATATATTCTATACTTAAATTCACGATAATAAATGACATGCCGCAAGGCGTCCATCGTGCGGCTGAAGCTGCGGAATTTCCGTTTTACAAATGTCCGAGCACTTTGGGCATCTCGGATGAAACGGACAGCCCGCCGGTATATTTATCGGACTTGGCACATCCAATGAGTTAACGTCAAAAGTCTTTCTTTGAGGTTTTGAGGTTCTAATCTTTGGCGCTGATTCTATCAGCATCACCGTGTAGGGGTGCATGGGTGCGCTGAAGAGATCTTCTGATTTGGCAAGTTCAACGATTTTTCCCAGATACATAACTCCGATTGTGTCGCTAAAGTATCTAACCACGTTTAAATCATGGCTTATAAATAAAAACGAGAGCCCATAAGCATCTTTCAAGTCTTTCAGCAAGTTAAGCACCTGCGCCTGAATTGAAACGTCAAGAGAAGACAGCGGCTCATCGGCAACGATTAACTCAGGAGACAGCGCAAGCGCCCGCGCTATACAAATCCTCTGACGCTGCCCTCCGCTAAACTCGTGCGGATAGCGGTTCATAACGTCTGGCTCAAGCCCAACATTAGTCAGCAGCTTTCCAACACGTTCACGAAACTCAGCCCTCGGACAGAGTTTGTGAATTAAGAGAGGTTCAGAGAGTGTCGTAAATATTTTCATCCGAGGGTTTAAAGAGGCAAACGGGTCTTGAAAAACTATCTGCACAGCCCGCCGGTATGCTTTAAGGTTATCGCCTTTAAGACTAAACACGCTTTTACCCTTAAAGAGCACATCACCGCCTGTAGCCTCAATTAGTCTCAACACCAGACGCGCTACTGTTGACTTACCGCAGCCGCTCTCTCCA
CP049016.1_gap56	2496384	2501080	4696	TCAATGGCATCCTTTATGTGTTGAATTTGATTTTCCTTACCATTAATCATAATGCTTATCACATCAAACCGCACCATGGGTTCGGTTTTGAATGTTTTCATATACAGAAGAGCTGTGCCCTTTATTTTCTGTTTTTTTATTGCATTCACCGCTTCTACCGGATATCCAAAAGCATCGCTTAGTCTGGTTTTCACCTCCACAAAGACAATGCAGTCACCCACTTTAGCTATTATATCAATTTCCCCTACTTTATTCCTGTAATTTCTTTCCAAAATCTTATAGCCGGACCTTTTCAGAAATTTTACGGCCAGCGTTTCGCCCATTTTGCCTGTTTCAATATTGCTCACTTGTTAGGAATTATAAAGATTTACAAAAAAAACTGCAACATTTGACAGTATAACTATTTTAATTTATACTTAAACATCTCCAGATTTGTACGGAAATAAAATTTAGAAAATGACAAACAGATGTTAAAAATTGCAGTGGTTGACGGGCAGGGAGGAGGTATCGGCTCTGTGTTAGTGAAGCGATTGCGTGATGAGTTTGATGAGGCTGTTGAGATAATAGCATTAGGTACAAATTCGGCTGCTACAACTTCTATGCTAAGAGCTAAAGCCAACAAAGGAGCAACAGGAGAAAACGCTATTGCGCTAAATGCCGGGCGTGTGGATGTGATAACAGGCCCACTAAGCATAGTCATAGCTAACTCCATGATGGGTGAGCTAACACCTGTAATGGCACAGGCGATAGCACAGTCAAGAGCTAGGAAAATCCTTCTTCACTTAAATCAGGAGGGTATAGAAATCGTAGGCAGCGCAAGGGAGCCGCTGCCGCATTTGGTTGATAGTTTGATAGAAAAGATAAAGAATCTCGTTGGAGGTCAAACCCATGTGTGAAGCTAATGTATATGTAAGGGAAAAAGACGGCACAGAGTCGCTCTACCTTGAAAACGTTGATCTGCTGCGACCGGAGGACGGCAGGCTGTTTATGAAAAATCTCTTCGGCGAACAGAAATTTTTTGATGGAGACATTGGAGAGATTTCACTGATTAAACACAAAATAATATTAACAAGACGGTAACTCAGCATTTATCCAACATTTATTATAAATATAGCAAAGCATATAAGATGGCAGGATGTTTTAGATGTTCTGTTGATATGGTTGATATTTTACAGGCTCTTTTTGCTGATAAAGGGGACACGTGCCGTGCAAATGCTTATTGGCATAGGAGTGCTCCTTTTAGCGTCAATGGTCTCAGGGTATTTGAAAATATACACCCTGGACTGGATAATACAGAGTTTCTGGACGTACATAATAGTATCAATTGTTGTACTGTTTCAGCCCGAGATCCGGCGCGCATTGGCACAGATGGGAAAGGCGCCTTTTTTACCCTTTACCCCGGCTGAGGAGCTTAAGTCTATAGATGAGGTTGTTAAGTCAACGGCGTCTCTGTCAGCACGAAAAATAGGCGCTCTCATGGTCATAGAGCGGGAAACGTCGCTTAAGGACTATATTGAAATCGGCACGTATCTTGAAGCAAGGGTTAGCAGAGAGCTTCTGCTTAGTATCTTTCATCCAACATCTCCAATACATGACGGGGCAGTAGTGGTTAAAGCAAATAAAATACTTGCTGCCGGGTGTTTTCTGCCTATCTCTTTCCGTCCTGACATTGATAAAACTCTTGGCACTCGTCACAGAGCGGCGCTTGCAATCACTGAGGAAACAGACGCTGTGGCTGTCATAGTGTCTGAGGAAACGGGAGATATATCCATATCGATAGGAGGAGATTTTATTAAAAAGATTGACATGAACCAACTGAGACTTGAACTTACCAATCTATTTACACATACCAAAGGCAGGGATGATGATTAAGAGATTTGTAACACTCAACTGGAAGATAAAATTAATCACCCTTGTACTTTCTGTTCTTTTGTGGTCTTTTGTCACATTTAAGGGGCAAACTGAGGTAATACTGGAGCTTCCAGTGGAATTTAAGAATGTCCCCAAGGGATATGAGCTTTCCAACACAAGCACAAACACGGTGAATGTCAGCATTTCTGGACAGGAACGAATAATTAAGGCAATAGGCCCTCAGGATATGAGTGTCTATGTGGATGTCGATAAGGTTAAACCTGGGGAGAGCATTGTCTATCTTAAAAACAGCAATATAAAACTTCCACCCTCTCTCACAATAAAAAAGATAACTCCCTCTTACGTAACTCTCCACATAGAGGAGCTTATTACAAAAACCGTTTCGGTAAAACCGGTGATAAAGGGAAGCCCCAAAAAAGGATATGTAATTTCTGAAATTACCGTATCTCCCGATAATGTGTCCGTAACCGGAACCAAACAATCACTTACCAGACGAACAACCATAGAAACAGAACCGATAGATATAAAAGACGCTACCTCAACAGTAGAAAAAACAGTACCCATCATACTTAAAAATTACACTGTTGCCTCGCAAAGAGACACTGTAAAGGTGACAGTTGTTATAACAGGAGAGAATAAATGAAATTATTTGGCACTGATGGTATAAGAGGTGCTGTAAACAGCTATCCTATGACGCCTGAGACAGTTGTACGGGTTGGAATGGCAATTGGACAGATTCTTCACAGAAACAATGGTAAAAACATGATACTGATTGGTAAAGACACCCGTCTTTCCGGCTACATGATAGAGAGCGCCCTGACCTCAGGAATTTGTGCAATGGGAATGAATGTTACTCTGGTCGGCCCCCTGCCTACTCCCGGTGTTGCCTACCTGACTAAATCCCTTCGTTTTGATGCAGGCATTGTTATCTCTGCCTCACACAACCCGTTTGAAGACAACGGCATAAAGATTTTTGACAGAGACGGCTTTAAACTCTCAGATGCTATCGAGCAGACTATAGAGTCGCTGGTGCTTAACACCAAAGACGGCCTGACCCTTCCTCATGCCAGTAAAATTGGCAAAGCCTTCAGATTAGAGGATGCTACGGCACGTTATATAGAGTACGTGAAGTCAACAATATCTCGGGATGTGGACTTTGACGGTTTAAGAGTTGTGGTTGATTCGGCAAATGGCGCTGCATACAAAGTCACTCCCCTTTTGCTTGCCGAACTGGGTGCTGAGGTCATAAGTCTAAATGACGACCCTGACGGGAAAAACATAAATGATCACTGCGGCTCCCTGTATCTTGACAATTTATCAAAAGCAGTAGTTAGTCACAGAGCACACGTGGGAATTGCTCATGATGGGGACGCCGATAGAACCCTCATGTGTGATGAGTTTGGTAACACCATTGATGGAGACCTGATTATGGCCATATGGGCAAAAGAACTCCAAGCTCAGGGAAAGCTGCGTAATTCCACAGTGGTTTCCACCGTAATGAGCAATCTGGGACTTGAGCACTATCTTAAACGTGAGGGGATAACACTTCTGCGCACAAAAGTCGGCGATAGATACGTGGTAGAGAAAATGCTGGAGTGCGATTATAACTTTGGCGGTGAGCAGTCAGGCCATATAATCTCTCTTGCCCACAGCACAACAGGAGACGGTCCTATAACAGCCATACAGATTCTTGACATAGCGTGGAAACTCAAAAAACCACTGTCAGAGCTTGTCTCAGAGGTTACGCTTTACCCGCAGGTTTTAAAAAATGTGCGGGTTGCAAGGATGCAGGATTTTAAAAGCTTTCCTGAAATTGTAAGCGCCATTTCTGAGGCTGAAGCAAAGCTAAATGGTTCAGGGAGAATTCTTGTTAGGCCATCTGGCACAGAGCCTAAAATCCGCATCATGGTTGAGGGACAAAAAAAGGCGCTTGTTGATGAGATTGCAGACAGAGTCTCAGGATTGGTTGAAAGGCTCATGGCCTGATGTACCTGTTTACTCCGTTTATAATCGGGGTACTGTTTTTTTATTCATATCTGTATTTTCCTTATTTAACGGCATTAGCTATTGGCGGCGCCACGTTGTTTTTTTTATTTCGTTTCAGAAAAAATATATCAGTCTTTCTTTTGATATTTCTTGTGGCAACAGCAGGATTTTTCTATAGCTATCTTAGGTACGAACCTGAAACCTCCGTGCCATTCTATAGTCCTGTTGAAATCAACGAAGCCACTGGAGTGTTTACATCAAGACCGGTTACTGTTAAAACCACATCTCCACTTTCCGGCAGAGAGACAACTTTTATCCGGCAGGATTTCACAATTAACTCAATGAAATCGTATCGTACTGTGCCTTGTAAGCAAGGCAAAAAATACGACTACCCATGGAAAACCATGCCTTTTTTTGAACCACTACAAGTTACTGTTTTTTTCTACGATAACCAAACTATGATTAATGCCGGAACTGAGGCTGTAGTGGATATTAAAGTTAGCTATGACAAGAGACACTTTAACCCCGGCTCGTACTCATTTCCATATAAACCCATTGCTACAATCCAAAAAATCTATTTGCTTAAGGAATCCGACTCGCTTAGGTGGATATTTCCAAAGCTGCGAAAGAGGCTCTCAGATGCTATAGAAAGGAAATTTAGCGGCGATGCTGCAGACCTTGTTAAGGCATTGACCATTGGAGATACGTCATCAATTTCCGACCACGTTAACGAGATATTCAGGCGCACCGGACTAACCCACCTTCTAAGCGTTTCAGGCGCTCATTTTGGAATGCTTACGGTTGCGGCTTTTCTGGTTTTCCGGTTTTTACTTAATTT
CP049016.1_gap57	2534456	2539230	4774	TCTTAATTATAAGTCCATTTTTCCTGGGGAACATCAAGCAGTTGCTTGAGAGCGTATTGTATTGTGTTGGGAGGAAAGGCAACGATGTTACATGAGGATAGACTGAGGATATAATTTATGAAGATATCTAAAAAGGCTGTAATTGTAATGCTGATTATGTCTGTATTACCGATGTGTATTATCAGCATCCTCTTATACCATATTGCAAGTGAAACGATTATATCTCATATTTATAATGATTTGGATGCTATTGCCTCTGTTCAGAAGAGCAGAGTTGAGACTTATATAAGCAGGAATATAGAGATGATGAACCTCATAACGAGCAGACCTCCGATGCGTGTTGCTTTAGAGCGTTATATTAGAACAGGAGAAATTTCTCAGCAAGAGATAGTTATAGGAGTTATATCAGATGCAAAGGTGGTATTAAGTGATGTATCTGATATTTTCATATTGGGAATAGATGGAAGAGTGGTTGCTTCAACGAATTCATCATTACACGATAAGAACCTTTCCAAAGAAGAATACTTTATCAAAGGGCACGAAGGCTATTCTATGGATGTTTTCTCTATAAATGATAAAAATGAAGTATTATATTACCTTTCATGCCCTCTATTTCATGAAGGGAGACAATTAGGCGTATTGGTTATAGAGACAACAGGCAAGGCAATTGAAACAATAGCGGCAAATTATCATGGAGCAGGGAAAACAGGTGAAACCACAATTGCAAGAAGAGATAAAAACGGAGATGCACTTTTTATGGTCCCTCTGAGGTTTAATCCAGATGCATTGTTAAGAAAAACAATCCCAAAAACGGAAACAGGGGTGGCTATAACAAAGGCATTACTAAAAAAAGAACTGACATTCTATGATTTAATGGATTATAGAGGAGAGCATGTTATATCTGCAACGAGGTATATTAAGGAAACAGATTGGGGTCTGGTAGTTAAAATAGACAGAGACGAGGCTTTCTCATCGCTTTATTATGTACGCAATCTTTTTATAGTATTCACCATGTTAATAACGATAATAGTGATCATAGTCTCTCATTTTATATCTCGTTCGTTAACAACCCCCATTGTAAGACTAACAGATGTAGCAAAGAGAATTAGAAATGGCGGTGAGTATCAAACAGCATTTATCTCCTCAAATGATGAAGTAGGGTTTTTGTCTGCTACTTTTAACGAGATGACAAGGAGCCTATTAGATACAAAAAATAGGTTAGAACATGAAATGCAAGATCATATAAGGTTAGCACAACGCAACAAAACCATCTTACAAACATCCATTGATGGTTTTTGGATAGTGAACACAGAGGGAAAGTTAATACAGGCCAATGAAGCATATTGTAATATGTCTGGCTATACACAGCAAGAATTGTCTCAAATGAGAGTAAATGATATTGAATTAATAGAGACACCTGCTGAAACAAAAAAACGCATCACACGAATAATGGAGACAGGTAGAGATAGATTTGAAACAAGGCATAGGTGTAAGACTGGTATGATTATGGATGTTGAAGTAAGTGTTAATTTTATTAAAAGCGATAATTTAATGTTTTCATTTATACGAGACATAACACACCGCAAACAAATAGAAGAAGAAATAAAAAGAATAAACCTGAACCTGCAAAAGAGAGTGGAAGAAGAAGTAGCCAAAAACCGCACCATGGATCAGTTAATGTTTGAACAATCCAGGTATATTTCCATGTGTGAATTATTGATGAACATCTCTCACCATTGGAGACAACCACTGTGTGGAATCGGTGTTTCTGTCCAGGACATAAAAGACGCCTATCTGCATGGGGAGTTAAATGAGACATACATAACCAGGAATGTTGAAAATGCAATGAATGAACTTCAAAAACTATCGGATACAATAGATAACTTTAGAGGTTTTTATACCCAAGACAAGGAACAGACTGAATTCAACATATCAGGTGAGATAAACAAAGCCGAAGCACTTCTATCAGGATATATCAAAGAGAAGGGTATAGTTATTGATAAAGAATTAGACGAGACGTTAATGACAAAAGGGTATCCGAATGACTTTTCCAACGTACTTTTAAATATTCTCACAAACGCCAAGGATAAATTTGAGAAAAATAACATCACCGGTGGAATTATTAAGATAAAGTTAAATGAGGATGTTACTACAGGTAGGGTGATTATATCTGTTTCGGATAATGGTGGTGAAATCCCAGCAGATATAAAAAACAAAGTGTTTGAACCATATTTTACCACCAAAGATAAGGCACAGGGGGTTGGAATGGGATTATATATGGCAAAGGTAATCATAGAGAAAAACATGAAAGGTACCATTTCTGTAAGAAACATAGATGGCTGGTGTGAGTTCAGGATAGAGATATGACAGATAACACTGTACTAAAAACATTAACATTGCTTTACGTAGAGGATGAGGCGAATATAAGAGAAGTGATTTCTCGTTTTTTAAACAGAAGGGTTGCTGTTGTTTATGAAGCACAAAATGGCAAGGAGGGTTTGGATATTTACACATTAAACAAATCTGAAATTGATGTAGTGATAACTGATATTCAAATGCCTGTCATGGATGGGATGACTATGATTGAAGAAATACTGAAAACAGATGTAACTCAGCCAATTATAATAACCACCGCCTATAAGGATGAACAACATACCAGCGATAGGGTGTGCAGAAATATCATTAAACCGATTAATCTGGAGCATTTGGCGGAGAGTATTTTGTATTGTGTGGGGAGTAGGTAGGTGGTAAGTCCAAATAAAATAAAGATTACTGATAAAAAGACTTATGTTCACCAGTTGGGAATTAGGACAGAATGTACTTAATCTCTAATTTTTTCAGAGAGTGTTCAGCAAACTGTGTCATGAGCTTTGAATAATAATATAAGAAAAGCTAACAGTAGGGATGACACAATGAGTAAGCAAGAGCCGACACAATTAAAGGGATTCGATTTTGAATCATTTCAGCAGGAGGCAATCAAGCAGTTAAAATCAGGCAAACCGCTAAGTGGTAAAGAGGTAGTAATAACACCGCTAATAAAACTAATTCTTGAGGCGGCATTGGAAGGGGAGTTAGACAACCATCTAAGTGATGAAAGAGAATCTGGAGGGAGGAACCGGAAAAACGGGTCAACCACCAAGACAGTGAAAACGGATCAAATAGCGTTTGAACTGGAGACGCCACGGGATCGCAACAGCAGTTTTGAGCCTGAGATAGTGAAAATGTCCATCTCTTTAAATGGTATTACACCGCAATCAAGATGGTCAACCAAAGCATTGACAACCTGCCTTAATCTCTGCTGCGTTTCTCTGTCTTGCGCCTCAATAAATTTAACAGCCTTGTTTTTAATTTCTAACGTCCAAGCCATTGTGTTATATCAATGAAATCATTTGTATTATCATTAAAGTCCTCCTCATCATCATCATCATGGCTTTGCCTAATCTCTGCCATTTCCTCTTGTGATACATACGGAAGCAGACTTACAGATAAATTGATAAACTCCTCTCTGATGACCTCTCTCACAATCTCTATAGTGGACCCCATTGTCAAGACCACTTTTTAGTGGACTTAAGGTATAGCCCTCTAAGAGGGTATTTAGTCTGTTAGTATAAGGGTAAGGGATAGGGTAATGCATCCTTACGCCGCCATCGCAAAATCAGAGCTTTTATAAACCTCGGCAGGTGTTTTGCCTCTAAGCGTAGAATGCGGACGCTCATTGTTATAAAAATCAAAATAGCTCCTTAGCGCTTTAATCAACTCATCAACAGTTTCATAATCTTTTATATAAACCTCCTCATACTTGACACTGCGCCACAGCCGCTCAATCATGATATTATCCATAGCCCGTCCTCTGCCATCCATACTTATCCGAATCCCATTGCTCTGAAGCACATTGATAAACGCTGCCCCTGTATACTGGCTGCCTTGATCTGTGTTGAATATCTCAGGACTGCCATAGAGCCTAAGGGCTCGCTCAAGGCTACTTACGCAAAAACCATCATCCATTGTCACTGACACCTCCCATGACAGCACATAGCGGCTATACCAGTCCATTACTGCTGTCAGATACACAAAGCCATGTCTCATTCGAATATACGTTATATCACTGCACCAGACTTGGTTGATGATAGTAATATCTAATAATCGCAGTAGATAAGGGTAAACTTTATGTTGCTTATTCCGTACTGTCGTTCTTTTTCTGGGTGCTATAGATACAAGACCCATCAACATCATCAAACGCTTTACTCGCTTGCGATTTACTTTATATCCTGCTCGGAAAAGAATGTAAACCATTGTGCGGCTTCCATACCATGGATGCATTGTGTACTGCTCATCTATTGCCCTCATCACCTTCAAATTCTCCTCGCTCTCCGGTACTGCCTGACGATAATAACTGGAGCGTGGAAGGCTTAGCAGGTTACACTGCTGACGAATACCCAATTCCTTATTTGCTGGCTCTATCATCGCTCGTTTCTCACTTACCGTTGCGCAAGTAACAGGCTCTTTTTTTTTAGCCAGTCCACTTCTACTTGCAACTTCCCTATTTGACTATATAACCGCTCTCGCTCTGATTCATATGCCGCCTGAGAATTTTCTTGCACTCCATTAAATAACGTTGACGCCCCTTCTACTAAATGCTTTTTCCATTCATTCACCTGGTTCACATGAATATCAAATTCCTGCGCTATCTCATTGGCTGTCCTCTGACCTTTGAGCGCTTCTATTGCTACTTTTGCTTTGTACTCTTTGCCAAACTTCCGTCTGTTTTTCATTT
CP049016.1_gap58	2567197	2567897	700	AATGCTGGAGACATTTTTACCTACGACGCAACCCTCTACTACATGGAAAAACGGGATGACATAGTTAATTACTCGCCGATTACAAACGTAACTTTAAGGCAAAATGCCGGCAAAACCACCCATGAGGGCGTTGAGATTGGATTTGGCGTCAAACCACTTAGAGAGCTTGAGCTAAGCACCTCGTATTCCTACGCTGAGCACAAATACGATGAGTACGTAGTGTCAAAAACCCTGAACTATAATGGAAATGAGATTCCACTTGCGCCAAGAACGATTGTAAACACAAGACTGATGTATCGCCCCTGCTTTTTAAACGGCGGAGGGTTTGAACTTGAATGGGTAAAACTTGGCGATTATTGGATGGATAATGAAAACACCGCAAAGTATTCCGGACATGATCTTTTTAATTTCAGAGCAAACTATAAAATCAACAAAAACTGGACACTGTATGCACGAGTGCTGAACATATTTGATAAACTCTACGCTGAACAGGCGTCAAAAAGTGGAACCGATCAGCCCTACTATGCCCCCGGTGAGCCAAGAACATTCTTTGCAGGGCTTACGTACAATTTTGGAGGCGGAAAATGAAACTCAGGGCAGCTTTATACGCTTTAGTGTTACTTGTGTCGGGAGTGTCGGCAGGTGTGGCTGTAGCTAAATGGAGCCCCACTGATTATTATCACCGAATGTTGGTTTTAAC
CP049016.1_gap59	2578357	2579155	798	GTCATAAGGGATGGCATTTATGTGTCTGAGGTAGTTTTATTGTTTTGCTCTTTGTTTGGAATGATTCTTTATAGAAATTATAAGTGGGCTGTTTTAGCAGGACTTTCTCTGTCAATGCTCTGGTTTACACGAGAAGAGGGGGTTTGGGTGCTGCCATCAGTTGCAGTTGCCTATCTTGTTATCTTTTTTAAACCGAGAATTAACAGCAGAGACACAATCGTCAAAACTTTGACAATGTTGAGTCTGCCCATTGTAATACTGTTACTTTTTTCAGGTTTAATCTCACACATTAATAAGGCACACTATGGTACCGATACAATAAACGACTTGAAAGAGAAATCCTTCTTAAAGGCTTACGGAGCAATAACGAGGGTAAAACCAAAAACGTGGAAACCGCAAGTGCCTCTTCAGTTATCCACTATGGAGGAAATAGCAAAACATAGTCCTCTATTTGCAAAAATAAAAGCTAATATCAATCAGGGATGGCCTAACGAAAATGGAGATATTTACGGCGGATGGTTTCTTTGGGCTTTCAGAGGGGCGGTTGCAGCTTCAGGGTACTATACTTCAGCTAAGAGTGCGTCTGATTTCTATGAACTTCTGGCCGCTGAAGTTAATGGTTTGTGTGATAGAAAAATTCTGGATTGCGATAAAAGCAGCGAGACTCTCACGCCTCCAATATCGAAATATAAGCTAAGTGACTTTATAAAAACGTTTCTCACAGCCGGAACCGCTGCTGTTACCAATATGTCTAAGATTACGCCTGATGACTTTGAAAACTCCTATGGTGATGCAAAA
CP049016.1_gap60	2587030	2591002	3972	CTCAAGGCCATCCATCTCCGGCATCTGTACATCCATAAGGACAACGTCAAAAACAGTCTTAGCCAGTATTTCTACAGCCTCACGCCCGCTCCCTACCACTACGGATGAATATCCGCGCTTTTGCAGCAGTTTGACTGCAAGCATTTGGTTTACATTGTTGTCCTCGGCCACCAAAATATTAACAGGTACTCGTGTCTCCCGCACCGTGTGACGGGTCAAAAGCGGTGCATCGGGGTCGTCGTCTCTCTCAAGCGCCATATTAATTAACTCTATCAGGTCTGATTTATAAACCGGAGTAAGCATATAGCCTGTAATACCATATTCACGGCATATGGCCGCATCACCTTTCAAACCTGCCGAAACGAGCATTATGACTTTAATTGGAGGCAGTCCGGCACGCTGTGATTTTATTCTCTGTGCAAATTCAAATCCGTCCATGTCGGTAAGCTGAAAATCATAAACAATAGCATCAAAAGCGGTCTCCGATGGTTTAAGCTTGCTGAGTGCAACTTCGCCGTTTTGTGCCGTATCAACAATAAATCCCTCGCTTTTTATCATCTCTGCAACACTGCTTAGCGTAGAAGGGTTGCTGTCTGCTAACAGTATGCGCCTGCTTTTGACCTCTTTCGGTTGAGCCTGTATGACTGCCTGTGCCGGTGTTTGCTGAAGTAGAAACTTAGCGGTAAAGTAAAACGTGCTGCCTTTCCCTATCTCACTCTCTACCCATATGTCGCCACCCATCACATTGAGAACTTTTTTTACTATTGCAAGCCCTAACCCCGTGCCCTCATACCGCTTTGTCATAAAAACCTCACCCTGTGTGAAGCTCTCAAAAATCACGTCAAATTTTTCCTTTGGAATTCCTATTCCGGTATCAGACACAGAAAACAGGATGCGGGTCTCCTTATCAGACAGCGGCGGTAATGGTTTGTTGTTTAAAGCGGCAGGCGCCACAGCTGCCTTTAACTCTATTTTACCGGTCTCTATAAACTTCAGAGCGTTACCAATTAGATTCACTATAACCTGTCTTAATCGTCCCACATCGCCTCTTAAGAATGATGATACATTAGGTGATATGTCAGCACTTAGCTTAATCCCTCTATTCATAGCCTGAACTATAAACGGCTCCAGTGTAACATTTATTGTAGAAAGCAGGTCAAAATCAACCTCATCCACGTCCATCTTGCCAGCTTCTATTTTGGAAAAATCCAGGATACCGTTTAGCAGACCGAGCAAATGGTGAGATGAGTTTTTAACCATCATCAGATACTCTCTCTGTTCGGAGTCCAGAGTGGTGTCCAGAACAAGCTCAGTCATCCCAATAATACCGTTCATCGGAGTGCGGAGTTCGTGACTCATGTTGGCTAAGAAAGCACTTTTTGCCCTATTTGCGCCCTCCGCCGAGTTTTTAGACTTGATTAACTCCTCCTCAGCCTTTATGCGTTGTGCTATCTCAAGCATAAGTTTTTCATTAGAGGCGGTAAGTTCAAGAGTTCGTTCAGATACAAGCACTTCAAGATGATTCCTGTATTTGATCAGCTCCTCCTCCTTTTGCTTACGTTGGATAGCATTTACAAATATCTCAGCCGCTATTCTAATAAGCGATATAACATCTGAAGCAAAGGCTCTCTCAGCCGTTATGGAGTCAAAACCAAGAAGCCCAATCAAAGTCTCACCATAAACCATCGGCAACGCCAAGAGGGTTTTAATGGAACCGGCTTCTAAAAACTCCCGCTCCGGCAATGTATCCTCGGGAAGTTCGTCGGCTGAGGCGATATATATATTTTCAAAAACATTTAGCTTTGCAAACCATCTATCAGGCAAAAGACTGTTTGGACGAAGCTGTCCATCAGTATCTGTGAGCTGACTTTCATGTCCCATATATTTAGGCAGTATATCCTCAGCGCACCACTCAAAAACCTCAACGGCAGTTCTGTCTGTTCCTGTAAACACGACTAGATAGCCCCTCTCCATGCCGATAAAATCAGCGATTGTCTGAAGGGCATGATTAAGCCAGTTTTTGACGTCTTCTGAGGGGATTGTTATAAATGTGGAGGAAATATTTGTTATCAGTTTGATAAGCTCAACTATGTATTGGAGTTTTTTCTCAGCGCGCTTTCTTTCTACAATTTCTATGAGCATCTGCTTGTTGATTTCCGCAAGCTCACTTGACTGTTCCTCCATCTGCTCCTTGTAATCGCTGAAATTGGTAAATAAACGATTGAACACTGAAGAGGCCTCTAAATCATCGTTTGCATCAGAGTCTGCTATCGGCTGATTAAATGTCTCCTTAGAAAACCTCCTTGCTTTATCTATGAGTTTACTAATTGAGGAGTCTGTATCATCTGTTTCTTTGCATTCAGTTTTAATATTATCGCTTTCAGGCTGCACAATGTATGACTTAAGGAGCTTCTCAAGCCTTGCAATGTCGGCCTTAAACACCCCCTCAAGCCGTGCTAAATCTTCTTTTGTTACAAGTCCTTTATTTAATTCCGAATCTGTCAGTGCCATAGTGTGTATTATATCAAAAGCAACATAAAAACACTACAGATATTTCTCTTAGGCAGTCTGCCTGGTATAAGTCATATTAAAACATCGGCTGTATAAAAATACCTCTTTTTAAAATATAGAGCGACTTTTACAAGCGAAATCAACACAGGCACCTCGGCAAGAGGCCCGATAACCGCTGCAAATGCCGCCCCCGACTCTATTCCAAACAGGGCGATTGTTACCGCTATTGCAAGCTCAAAGTTGTTGCTTGCCGCCGTAAATGACAACGTTGTAGTCTTTTCGTAATCAAACTTAAAGCGCCAGCCCATGTAAAAAGATACTAAAAACATGATAACAAAATAAATAACAAGAGGAACAAATATTCTTACAACGTCAAAAGGCAGCTGCACTATATATCGTCCTTTCAGCGTAAACATGACAACTACTGTAAAAAGCAGCGCTATTAACGTCATAGGACTTATCGCAGGGATAAATACGTTTTCATACCAGTCTGCACCCTTTTTCCTAATCAGAATAAATCTGCTTAAAACACCTGCTATGAAGGGAACTCCTAAATAAACAAATACACTTTTTGATATCTGTACTATTGTGATAGAAACCATCGTGCCCTGTAACCCAAACAAGGGGAGAAGAAATGTTATAAAGAAATACCCATACATTGAATAAAAAACAAGCTGGAAAAACGAATTAAACGCTACCAGTCCTGCGGCATATTCCCTGTTGCCCCCTGCCAGATCGTTCCACACCACAACCATCGCAATGCAGCGTGCAATCCCTGTAAGAATCAACCCGTACATATACTGCGGATGATCTCTGAGAAACACGATGGCAAGAAAAAACATCAAAAACGGGCCGATTAGCCAGTTCTGTAAAAGTGAAAACGCAAGAACCTTCTTGTTTTTAAAAACCTCGTGAAGTTTTTCGTATTTTACCTTAGCAAGCGACGGATACATCATAAGAATCAACCCAATAGCAATTGGCACATTTGTAGTGCCCGCCTGAAACATATTTAGGAGGTTCTGTGAATGCGGAAAGAAATATCCGATACCAATTCCTGCAAACATAGCGCTGAATATCCACAACGTGAGAAATCTGTCAATGAAGGATAATCTTTTAGAATTATTAGCCATATTTACTCCCCCTCCATCTCCTTAATCCAGTGCTGGATTTTTTGTTTAATTTCTTCTTTAATGAGCCGTATCCTGACTATTTTTTCCTCTTCGGTTCCCTCAAGTGAGGACGGATCATCAAATCCCCAATGCAACCGTTTGTTCACTCCGGGAAATATCGGACATTTCTCAGCTTTTGTTGCATCACAGACCGTTATGACATACTTAAACAGCTCGCCGTTTTTAAACATTTCAAATACGCTTTTTGTACCGTTACCTGATATATCAATACCCTCTTCTTTCATAACCCGTACGACAAGAGGGTTCAGCACACCGGGTTCAAGACCGGCGC
CP049016.1_gap61	2592506	2595248	2742	TTTAATCCGACACTTTCCATAGAGGGGATTTTGCTGACCATGTTTGATGCCAGAAACTCACTGTCCTCGGCGGTAGCTAAAGAGGTGAAATCTCATTTTGGACAGAAAGTGTATTCAACTATAATTCCACGCAATGTGACTCTTGGCGAGTCCCCAGGGCATGGCAAACCTGCCCTATACTATGATGTCCGCTCAAAAGGCGCACAGACTTATTTAACCCTTGCACGGGAGATTCTGGGTGACATTGCGCTTCAGAATAAGGCAGCATCGTGAAAAAAGCGCTAGGCCGCGGACTTGATGCCCTAATTCCCACTGAGGGCGAGGAAATTCACCAAATTGAGATTGAAAAAATATTTCCAAACCCTGCTCAACCCCGTAAACATTTCTCCGAGGAGGCGCTAAACCAGCTTGCCGAATCCATTAGCCAACAGGGCGTCATTCAACCCATTATTGTTGCCAGAGCCGGGGATGGCACTTTCACAATCGTTGCCGGAGAGAGGCGCTGGAGGGCGGCTGGAATTTCAGGCTCTCAGAAAATCCCATGTATTATTCGTGATGAGAGTGCTGAGGAGTCTTTTGAAATCTCACTGATTGAAAACATCCAGCGTGAGGAGCTTAACCCGATTGAGACCGCCGCTGCATTTCTGCGGATTATGGAGGAACAGGGGATAACGCAAGAGGAACTTTCTCAGAAAATCGGCAAACAGCGAGCCACTGTCGCTAACTATGTGCGGCTGCTTACTTTGCCTGAGCAAATAAAAACTTTTGTAATTTCAGGAGCGCTTTCTATGGGGCACGCTAAAGCAATCCTCTCTCTAAAAGACCAATCAGAGCAGCTTGAGGCGGCTCATATTGTTGTGAAAAATGCTCTCAGCGTGCGAGAAACCGAAGCCCTCTGTAAAAAGCTCGCCGCATCCCCTCTAACTAAAAAACCTGAACCTCCCAAAGACCCGCATATAGCCGGAGTTGAGGATGAGCTTACCCGAAATCTTGGAACGAAGGTCAGAATTCATCATAAAGGTAACACTGGGCGTATTGAGATAGACTATTATTCTATGGATGATCTTAACAGAATTATTGATATATTAAAGATATGACAAAAGCAGCAGTTATTATACCGGCACGGCACGGAGCTACCAGGTTTCCAGGGAAACCGCTGGCTTTGATTGCCGGTAAACCAATGATACAGCATGTTTATGAGCGCTCAAAAAAAGCCCGTTTGGCAGGTGAGGTTTTTGTGGCAACCGACAATGCCGAAATCTTCAACACTGTGGTTGCCCTTGGAGGCGCTGCCATTATGACCAAAGAGACCCACCTCACAGGCACCGACAGAATAGCCGAGGCTGCGAGGGATTTGCCATTTACCGTGATAGTCAATGTACAGGGGGATGAGCCACTTATAGAGCCAGATATGATTGATGCGGTCATTGAACTTATGCAAGACGATAGAGCGTCTATGGGAACGCTTAAAAAGAAAATAACAACCCCCTGTGACATCTTTGATCCAAACATAGTTAAAGTTGTCACAGACGCTGAAGGGTTTGCTCTTTATTTTTCAAGATCAACAATTCCATATTTAAGGGATGTTTTTGATGGAAAATCAACACTGACCAGTATGGATACCATGAACTCGTCAGGGATACTGTATTATAAACACATTGGGATTTATGGTTACAGAAAAGAAGTGCTTTTAAGGCTTTCACAATTGCCGGAGAGTGAGTTAGAGAGAGCGGAAAAACTTGAGCAATTGCGGACGCTGACAAATGGTTATAAAATTAAAGTCGCTGAAACCGACTTTGACACCATAGCTGTGGACAGGCCTGAAGATATTGGAAAGGTGGAGAGATGGCTAAATACATATTCCTGACAGGCGGCGTTGTGTCATCATTGGGTAAGGGGATAGCAGCATCGGCAATAGGGGCGCTGCTTGAAGCAAGAGGTCTTAAGGTAACCCTCCAAAAACTTGACCCCTACATTAACCTTGACCCGGGCACGTTAAGCCCGTTCCAACACGGTGAGGTATATGTCACAGAGGATGGAACCGAGACAGACCTTGACTTAGGTCACTACGAGCGGTTCACTCACGTTCAGAGCACTCAAAAGAATAACTACACCACAGGGAAAATCTACTTCAATGTCATTAAAAAAGAACGGCTTGGTCACTACCTTGGTCAAACCGTGCAGGTGGTGCCGCACATTACGGATGAAATCAAATCTGCAATACGTTCCCTTGACTGTGACGGCGTAGATGTGGTGATTGTTGAGATTGGGGGCACAATCGGCGACATTGAAAGTCTGCCCTTTCTTGAGGCCATAAGACAGATTCCTTACGATGTAGGCAGAGAAAACGCGATGTATTTTCATTTGACCTTGGTTCCCTACATTGGAAGCGCCGGAGAGCTAAAGTCAAAACCAACTCAGCACAGCGTAAAGGAACTCCGTGAGATAGGAATTCAGCCGGACGCTTTGCTTTGCCGCTCAGACAGGGAAATTCCTCAGGAGATGAAAAAGAAGATAGCTCTCCACTGTAACATCGAGGAGGAATCTGTAATCGGAGCCATAGATGTGGAGACGATTTATGAGGTTCCCCTTGTGCTTCACAGAGAGGGACTTGATACTTTGATTGCTAAAAAGTTTAAATTTAACACCGACCCTCCGAAACTTGATGTGTGGCACAATGTGGTAAAAACTATTAAAAACCCCTCCAACGAGGTGACAATAGCGATGGTGGGAAAGTACATC
CP049016.1_gap62	2600227	2605099	4872	TGTGCTATTTTATTTAGCAAGCCCGGGTGTTCTGCTTTTAAGTATCCACACTGGTAGTTTATAAATTTACGTCAAAAATGGCAATAGCATAATTTATTTAATTTTTCTTTTCTTGATTTTTCTTGATTTTTTCTTTATCATAGCTGTATGTTTCCAGTGATAAGACCTCGCAGATTAAGGAAAAGTAGTGGGATAAGAGATATGCTCAGGGAGACCTCTGTCTCTGTAAATGATTTTATATATCCGGTGTTTACCGTTAGTGGAAAAAATATAAATATACCGATTACATCAATGCCCGGGTGTTTTCAAAAGTCTCGTGAGGAATTAGTTAAAACCGCCCGTGAGGTACGCTCACTGGGAATACCTGCCATTATAATATTTGGAATACCTGAGCATAAGGATGAGCTTGGCTCCCATGCCTACAAAGACGACGGGGTTGTACAGGAGGCCGTTAAAGCGGTAAAAGATGCAGTCCCTGAGCTTGTTGTAATAACCGACGTTTGTCTTTGCGAATATACCAGTCATGGTCACTGCGGAGTGGTAAAAGACGGCAGGATTGTTAATGACGCTACGTTAGAGTTATTGGCAATGGAGGCTGTTTCACATGCTAAGGCAGGAGCCGATATGGTAGCCCCCTCAGACATGATGGACGGGCGGGTGGCGGCAATCAGAGGCGCACTGGACAAGGATGGTTTTACAGAAATTCCGATAATGAGTTACGCTGCAAAGTATGGCTCAGCTTTTTACGGACCCTTTAGAGAGGCAGCAGAGTCAACCCCGCAATTTGGCGACAGAAAGACGCATCAGATGGACCCGGCAAACAGACGGGAGGCTCTCAGAGAGGTGTTGCTTGACATAGAGGAGGGGGCGGACATCGTGATGGTAAAGCCAGCCCTTTCCTATTTAGATATTATTGCAGACGTTAAGAAAAACACATTGATACCTGTTGCCGCTTATAACGTCTCCGGTGAATATTCTATGGTACATGCCGCTGCCGAAAAGGGCTGGATTGATTATGAAAGTGTAATGATGGAAATCCTTATTTCCATAAAACGAGCTGGTGCTGATTTAATCCTGACTTATTTTGCAATGGATGCAGCAAGGGTTCTTTCAAGTAAGTAGTTACAGTGGTTTATGAAGCAGTTTGATAAATTTATAGCTAAAGCTCTTTACTGTAACAGTTGTAAGCAAGCGGTAGCCGTGACGGAAAGAATGATCTCAGCAGAGCCTGAGTGTTTGGTCTATGATTATCGGTGTGAAATTTGTGGCAGCTCACTGGGTTCAAAGACTGAAAAACCGCTTGATCTCGAGAAATAAAATACTGCTGCTGAAATGCAGTTTTTAAGTTTGCACTTGCATAAATTCTCATAAAAACTGATAATATTTCCTCATGAAGTATTAAATGAGAGATGACAGGGAGAGAGATAATATGGAAAGCAAAAACATACTTGTAATTGATGACGATAAAACCAATGTGCAGCAAATCAGCGAGATGTTGAGAATTGAGGGGTTTACAGTCTATACAGCGTCAAGCAAGGCAGAGGCTGTGGAGTTGGCGCTTAAGACTTTGCCTGCGCTTGTGTTTGTCAAGTCTATGCTTATGGATGCAAGCGGATACGAAATCATAAGGGATATAAGAAGTGAAGAGCTGGTTAAGGATACCCGGTTTATAGTGCTGACAGAAATTGATAAGACGTACGATGACAGGTACCGCTCCATTTATAAAATAGTGGATTCGGTAAAGCTCCCTGTGGACAGACATGAGCTGATTGCAAAGGCTTCAAAGTATGTTGAGATAGACATGGTTAGTGAGGACTCGGGAGGCGGCCCCGGTTCTTATCAGTATGAGGAGAAAACACAAGAAGGAATACAGTTAGATAAACCTGTCAACTTCAAAGATACTGACCGTTTGAGATATGCCAAAGACGACTATGAGATAAAAACCAGCAAGGAGCACTTGTCAGAGGATAGTTTTTCTAAAGAAAGAGACGACATAGTTAAGTTTAACCGCCATCGTGAAGAAGAAACAGAGATTGAAGAAACAGAGTTTGAGGAAATCCGTGAGGAAAAAGAGCAGGACAAGACAAAGGAGTTAGAAGATACCATGTATATACACGATATGGAGCCAGATGATGACTCTGTAGATAGTGATAAGACCGATGAAGCTGTAGATATAACAGCCATAGACGCCGATGACGCAGAGGAGTACTTGCAAAAATTAAACGAGGATCGTGCAAAGAAAAAGAGGATGTTAATTATAGGGGTATCTGCAGTATTTGTGCTGATTTTGGTTACAGTGTATTTGTTTTCCAGAGGTGGCAAGGTTTCGCATAAAAAACAGGAGGTAGCAACTGTTGTTGAACCAAGAGTGCTGGATAAAGCGTTGGAGGAGCCGCAACAAACATCTGAACCTGCTCCACCTATAGAGCCCGAACCTGTTCCAGCACCGGTAAAGGCTGCGGCAGAAAAACCTGTGGCAAAACCAACTCCGGTAACGGCACAGCATAAGCCCTCACCAGGCATAGAAAAACCATCTGTAACGCCTGCGGCTAAGGCAGAGTCAACCACTGGCCCTGTACACCAAAATAAGGATAAGCAGAGCAAAAAGCCTGTAGCTGCTGAGGATAAGCCAAAGGTGGAGAAACCAGTTAAACAAGAGAAGTCAGAGGGTATCTATTCGATTCAGTTAGGGTCGTTCAAAGACCCTGCCAATGCCAAAAAATTTGTTGAAAACCTGAAAAAAGAGGGCTACTCAGCATTTATAAAAGACAGTATGGGCAAAGATGTTCTTTGGCATAAGGTATATGTTGGGAAATACAAGAAAAAAGAAGATGCCGCAGCGGTAATAAATAAACTTAAAGCTGGGGGAAAGCTGGAGGTTATTTTAAAGAAAATATAGGGCGGTAATGACATAATCTCAGCACACGGCAAGTGGCATAAGCGAAAGTGGCGGAACTGGCAGACGCGCTGGACTTAGGATCCAGTGGGTAACACCGTAGGGGTTCGACTCCCCTCTTTCGCATTTCCTAATAAATTCAAGGGTTTACAGTCGTCTTATTACTCCCCAAAACACCCCATTTTACCCCCAAAAACCGCCATGGTGCCCATAAAGGTGCCCGTCTCAATCCAACAATGAGATTTTTTAAGGATGAGTTGGAATACGTCTAATTTTACCCCATATAAGTGTACAACCTGATAAGCTAGAGTAAGTGATAACAAAGGTGGGTAAGTCCATGGTAAGGCGTAAGTATGACGAGGAGTTCAGCAAACTGTGTCATGAGCTTTGAATTATAATATAAGAAAAGCTAACATGAGGGATGACACAATGAGTAAGGAAGAGCCGACACAATTAAAGGGATTTGATTTTAAATCTGGGACAAGAAATACCCAATTGTCATAAAGTCATGGAAGGGTAACTGGGACAATCTCTCTAACTATTTCAAGTATCCTCATGAAATCCGGAGTCTTATCTATACGACAAACGCAATTGAGGGATTCCATCGCCAGATTCGCAAGGTTACAACGGGGCTTTCTCAAGTGAAACCGCCCTTTTAAAACTGCTGTATTTGGCAGTTCAAAACCTCCCCAGAGGGGATGCCCCTGTTCAGAAAAGTGGAACCAGCCTTTAAAAACTGGAGCCAGACTATTTCTCAACTTGCTTTATTTTTTGAGGGTAGGCTAAAATTGGATATTACCGTTTAAGGTGATTTCAGACTTGACACAGTTTATTGATTATAGCCGAAAAATACAATAAATCAGAGGGAAGGTTAAATATGTCATCAGAAGCAGAGTCCGCAGGGTTTCGTTTTGGGTTTGTATCAATAATTGGTAAGCCTAATGTTGGTAAGTCAACTCTGCTTAACAAAATTATCGGGCACAAGCTGGCTATCGTTACCTCAAGGCCCCAGACGACAAGAAATCGGATTATGGGAATTAAAAACCTTGTGGGCGGGCAGATTGTCTTTTACGATACGCCAGGAATTCATGACGCCAAACATAAACTCGGTGAGTTTTTGGTTAAAACCGCAGTCGCTGCCGTTAAGGAAACCGAGCTGACATATTTTGTAACTGACCCAACACCTGCAGATGATACTGATATAGGAATCATAAAAACTCTCAAGGAACAAAGTAAACCCTCATTCCTCTTAATCAATAAGACCGATACCGTATCCGATAAAAGCCGACTATTGCGAGTAATTGATGAGTACAGAGACTTATATGACTTTAGCGAAATAATCCCCATATCGGCTAAAACCGGTGACGGCATTGATATTTTGTTAGAGAAAACACTCCGGTTGCTGCCAGAGGGGCCTGCCGGTTTTTCCACAGATGTGCTGACTGATAAGTTTGAACGCTTCATGGCGGCTGAGATTATACGGGAAAAGGCTATGGAGCTGACATACGAGGAACTGCCACATGCGCTTGCTGTGGAAATCGTCACATGGAAAGAAAAATCAAAGAACCTCGTCTCAATATCGGCAAACATATATGTTGAAAAAGACTCCCAAAAAGGTATAATAATAGGTAAGCGCGGAGCGCTGCTAAAAGAGACCGGCAGCAGAGCACGGCTTGAAATTGAGAGGCTGCTTGGCGCTAAGGTCTATCTCGAGCTGTTTGTGAAGGTCAGGGATAAGTGGCGAAAGGATGCAAATACATTAAAAGAGTTGGGTTACAGCTAAAGTGGTAATCAGAATGAAAGTTGATGGGTTACTGTTTGACCCCAGAAGCGGAATGTACATCATGTTACTAAAAGCGCTTGAAGGCGAGGAAACTCTTCCCATCTGGATAGGAAAACCGGAGGCTGACTCTATTGCCCTCGCTCTTGGAAGAGTTGCTACGCCAAGACCACTGACCCACGACTTGTTAAAAAAC
CP049016.1_gap63	2769331	2773119	3788	CATTTTTTTGTTTGCGGAGCTAACTGCATAGGCAATTTCACAATTATACTAATGTTGATAATCTGCTATAATTCATAAGACATATGAACATTGCTGAATACGTTTACTATGCCGGATATAGGCTAAGCCAAAAGAGGGGACTTCGTAAGCAAAGGCAGCTGCCTCATAAAACCATAAGTGTGGGAAATCTCACACTTGGCGGAACTGGCAAAACCCCCCTTGTCATAGCGTTAGCTGAGGAGGCAAAAAAACTTGGATACTCCCCGTGTATATTAACAAGAGGGTACAAGGGCAAAGCTAAGACCCCGATTTTTGTCTCAAAAGGCAACGGCCCGCTTATAGACTATCGCCAAAGCGGCGATGAGCCATATTTAATGGCTCAGCGGCTTAAAGGGGTTGAAATCATAAAGGGGGCGCGTAGATATGAAGCAGGTTTAATGTCAGAGAGAGCTAACCTCTTTATAATTGATGACGGATTTCAACACTGGCGGCTCAAGCGGGATATAGATGTGGTTTTAGTTGATTCAGTGTCGGGTTTTGGTAATGGCAGACTGTTTCCTATGGGGCCTCTGAGAGAGCCAATTACTGAGCTAAAGCGCGCCTCAGTGATTGTGCTGACAAAAAGCGCTTCAAATGAAAAAGCCTCAAAAGACGATCTGTACCGCCTTGATAATACCGATAGTTTAAGAAATATAAAAATAACTGACCAGATATACAAAGCCTCTCACAGAGCGGCTTATTTGATAACGCCGCACGGAGAGAAGTTGCCGCCTACCATGCTAAGCGGTAAAGACGTATATGCCTTTTGCGGGATAGCACATCCTCAGTCGTTTTTAAACTCTCTGAAAGCACATGGCGCAGATGTCATTAAACTCAGGACATTTCGTGACCATTATGACTATAAAGCCTCAGATATTAAAAGCATTATAGATGAGGCACGCTCATTAGCCGCTGAGGCAGTTATCACTACCGAAAAGGATTTAATAAAACTCAGGGATGCTAACATCAAGAACCTTTTTGCTCTTGGAATTGATTTTATAATTGATGAGGAATTCTATAAAAAAATTCTGATTGACATTGCTCACTATAGTGGACCCCATTGTCAAGACCACTTTTTAGTGGACTTAAGGTATAGCCCTCTAAGAGGGTATTTAGTCTGTTAGTATAAGGGTAAGGGATAGGGTAATGCATCCTTACGCCGCCATCGCAAAATCAGAGCTTTTATAAACCTCGGCAGGTGTTTTGCCTCTAAGCGTAGAATGCGGACGCTCATTGTTATAAAAATCAAAATAGCTCCTTAGCGCTTTAATCAACTCATCAACAGTTTCATAATCTTTTATATAAACCTCCTCATACTTGACACTGCGCCACAGCCGCTCAATCATGATATTATCCATAGCCCGTCCTCTGCCATCCATACTTATCCGAATCCCATTGCTCTGAAGCACATTGATAAACGCTGCCCCTGTATACTGGCTGCCTTGATCTGTGTTGAATATCTCAGGACTGCCATAGAGCCTAAGGGCTCGCTCAAGGCTACTTACGCAAAAACCATCATCCATTGTCACTGACACCTCCCATGACAGCACATAGCGGCTATACCAGTCCATTACTGCTGTCAGATACACAAAGCCATGTCTCATTCGAATATACGTTATATCACTGCACCAGACTTGGTTGATGATAGTAATATCTAATAATCGCAGTAGATAAGGGTAAACTTTATGTTGCTTATTCCGTACTGTCGTTCTTTTTCTGGGTGCTATAGATACAAGACCCATCAACATCATCAAACGCTTTACTCGCTTGCGATTTACTTTATATCCTGCTCGGAAAAGAATGTAAACCATTGTGCGGCTTCCATACCATGGATGCATTGTGTACTGCTCATCTATTGCCCTCATCACCTTCAAATTCTCCTCGCTCTCCGGTACTGCCTGACGATAATAACTGGAGCGTGGAAGGCTTAGCAGGTTACACTGCTGACGAATACTCAATTCCTTATTTGCTGGCTCTATCATCGCTCGTTTCTCACTTACCGTTGCGCAAGTAACAGGCTCTTTTTTTTTAGCCAGTCCACTTCTACTTGCAACTTCCCTATTTGACTATATAACCGCTCTCGCTCTGATTCATATGCCGCCTGAGAATTTTCTTGCACTCCATTAAATAACGTTGACGCCCCTTCTACTAAATGCTTTTTCCATTCATTCACCTGGTTCACATGAATATCAAATTCCTGCGCTATCTCATTGGCTGTCCTCTGACCTTTGAGCGCTTCTATTGCTACTTTTGCTTTGTACTCTTTGCCAAACTTCCGTCTGTTTTTCATTTTATCCTCCCATTCATTACAACCAGCTCTATCTTAACTGATTGTCTCATATTTGGGATCCACTATACACAGCGTTCTTTAGCGTTCAATATCTGAGTACATTTAATATATATTCTCTGCCCAATCTGTTATAAGTTACTCCAAACTCAATCCTGTAGAGCGTCAATGAGTAGTCTTTCATAGGATTAATTATCAAAGAAGGTTTCCCTTCTCTTATTGGTGTTGCTCTCCATGTAAGTATGACGTCATCACCCATATCAACGCTGGTTTTAGTCTGGCTTAAGTCGGCATTTTTGAGAAAATCTATTATTTCCGGCATTTTTGCCGAGATCATATTAGAATCCCGCGCACGGGAGAGGCTTTCGTATCCAATCCTGACAAGATACATGCTGGCCGCTATGGAGGCTGTAAGAATGAGACCGGAAATCAGAATCTCTATTACAAGAAACCCTTTATTTGTCAGCTGTTTTTTTATAAGAAGACCATTTAACTGCTTAAACATTTAAAAGATTATACACCGTATGGTTTTTTATTTCAAGAATACCAACCGGATACGACAGTGAAATTATAATTAAAATCACACTGGTATTTCTACTAAAATATTATCATAACTTACTTTCGGAGTTGTTTTTTCTCTGCCATCTTTTGTTTTTTTAAGTTCAATGAGTCCCATTTCAGCAAGGAATTGAACATCATCAAAAGTATTTTTAATATCCCTGTCGAGAATTTTAGCGAGTTCGTAGATTGATTGAGGATTATATTTCTTTATTCCCTTAAGTATTTTCATACGTCCATCTGTGAGAATTTTTCTCAGTGTATCTATATCATCAAATGCTATTTCTTCATGTTTTTTTATTTTTTCGTTTTGTTCAATCTTTCTTACAACTTCTTTGACTTCATTAAAAATATCTTCGTCGGATTTAATTACTATCTTTATAGTTTTTACTTTCATGAATCGTCCTCTTTATAGTCTTTTATATCAGTTTCAAAGTCCGCCCAAAGTTTGTCTAAATCCTGAAAGTTGTATGGATACTCTATTCCCTTAAAATGCCTGTGATCCCCTTTGCCTTCAGAATTATCATACCCGACAATTCGCTCACCACTTACAATATAAACAAGGGAATATTTATAGCCAAATGGCTTATCCTCTGACTTGGGAACTTTCCATATTTTTATTTCTTTAATAGCATTATCACTATAATATTTCTTTTCATGATAAACAAGCTCTGCCATCATATATTAGTAGTATGATACCATATATTGAGATTAAAGTCAACTCATCGAATTGCCTTTGTTTAGCCAAAGTTCAAATGTCCCATAAGTGGAAATCAAATATTTCTACTTATGTGTTATGAGCCTCCATGCGGATTTCGCCATAGGGCGGGGTTATCTTAACAGCGAAAATAAAATCCTTTACATAGACCATCACAATGCCTCCGCCGGTTGTGCCGTTTGTAAA
CP049016.1_gap64	2806880	2809456	2576	AAGGTTACAGCGCTCCCGATTAATACGCTAAAGGCAGTGTCGCTCCTCCCTGTGAGAAATAGGATTATAAATATTAAAACTGACAACAAAACAGTGCAAAGGGTTGCCGATTTAATCATCATCTTTTATAGCTTTTTGAACCAGCCTAAACGTTTCAAAAAAACCGGAAATTATACCAAAAATCAGAAACGTAATCGTTAGCCACGGAGTTGTGTTAAATAAGTAGTCAAGCCCGCGCCCGATAGCATATCCCACCGCAGTTGCAACTACAATGTTCAGCCCTACCTGACTGGCAAAGAAGATGTGCTTAAATACGCCGGATTTATCTGTCAATGAGCTGCTGGCTTGTGAAAGTCTCTGAGATTGTGCCTCATGTTGTGTGAAAGGAAACTAAGCTCTCCTTTGTATATCGGTATTGCAGTCTTTAGCAAAAGAGTGTAGAAAAAGGCGCCAAATGCCCATATCCCAGCACTTATGCTTAACTCTGTGTATGATGGCAAGTAGTCGTATATCTCCCCAAGCGTATCCGGCACAAACCCGGGAATTACAAAGCCCATACCCTTTTCAATATAAACCCCGATAAAAACAAGTACACACGCTATGTTTAAAAATAAAAAACGGTTTCTAAGCCTTGGCGAAAGGAAGATGATAAAGCCTGTCAAGTTAAACACCAGCGCTGTCCACGTAAAAGGTACTAAAAGTGTGTGCTCCTTTAGTCCAAAAAACAGGTACTCAACCGGCGCAAGGTGAATGCTTTGTGAATAGAACTCTTTGAATAACTCAGCCCCATACAAAAATAGATTGAACCCCATAGCGTATGCTATCAGTTCGGCGATTTTAAAAATCGCCTTATCGTTGACCTCAATGTCTGAGACCTTTCTGGCAACTTGAAACATTAGTATCATAAGGGAGGGGCCTGAGCACATTGCAGAGGCTATAAATCGCGGAGCTATTATAGAAGCATTCCAAAACGGCCTTGATGATAAACCATTATATAAAAAAGCGGTTACCGTGTGAATACTAAATGCCCACGGGATAGATACCAGCACAAGGGGCCACATGATTATCATCTTATATTCTCGTCCATGAGCTGCACAGTAGAGAACATAACAGACGGCTAACGTGTTTAGTATGAGGTAGCCGTTTAGCACTATCACATCCCACATAAGTATTGAACGCGGAAAATTCGGAGTTATAAATAAATGCCATGAGGCTAAGGGCTTACCTAAATCAACCATTATAAACAGTAAACACATCATCACAGCAGTTACAGCCACCATTTCGCCAAATAGCGCTATCTCTTTGATTGGTTTGAAGTGATAAATATACGAAGGTATTACCAATATTACCGCAGCTGCAGCCACACCTACCAAAAAAGTGAAGTTTGATATATAAAAACCCCATGAAATCTGATCCCGCATATTTGTAACTATAAGCCCCCTATCAAGCTGCATAATATAGGAAACCATAGCATTAAGCATTGCTATGCTCAAGAGACCCAGCCAAACAAAATATGTTTTGTTTCCTCTGGTAAGATGCCTCATCCAATCTCTGATAAATTGCAGCAATGTCATATCCACATCTCCTTTATAGACTAAAGAAATAGTAAAATTTAGGCTGAGTATTTAGCTCTTCTTTAAGCCGAAACACACGCTTTGTTTCTATTAACATGCGTATCTCACTTTCCGGATCAAGCAGGTTGCCAAATTTTCTTGCTCCAACCGGACATATCTCCACACAGGCCGGGTACCTTCCCGGATTTTCTCTGACTCTTTGAATACAGAACGTGCACTTTTCCACACAGCCCTTAATGCGAGGTCTATTTCCCAGATAATGAGTCTCTGTGTTTATCTCCTCAACTGGGATAGTAGGCTCTGCCCAATTAAACTTGCGGGCGCCATACGGGCAAGCCGCCATGCAGTAGCGGCACCCTATGCACCAGTTATAGTCAACCACAACTATCCCGTCAGGCTCTTTCCACGTGGCTTGAGTAGGGCATACCTTTACACAGGGGGGACGTTCACACTGCTGACACTGTACAGGCATATAAAAGTGCTCAGGGGCCGGTACTTCCTCGGGATTGTAGTATTTGTTGGATTCCTCTAAATCGCTGACCCATTTCTCACCCTGTTTAAACTGCAACACTGTTATATAGTGAATTTGAGGATTGCGTGACTGGTTGTTTTCGGTAACACAAGCATAAACGCACCTTCTACAGCCTACACAACGGGATAAATCAAGCCCATAGCCGTAAAGAACTTTTGGCAGAGGCGCAGCAGATTTAACGCGTATGTGTTTTTTATATTTTTCCTCATACTCTCTCTCAAGCCTTGCTACTACGTCTTTTTTCTCTTTATCGTTCATTTCCCTGTAGTACTTTTGAAAAAAAGCCTCCCAAACAGATGCTGGGCTGTCTTTTGCAGGAAGCAGTATGCCGCCGACGCCCAATGCTGCTGTTTTTAGAAAATTTCTTCTATTCATAAAATTATCCTTCCCTTACTTTTTGTACTCAGGTATGTAAAGTTTTTTACCGTCAATTACAATTGACTTACTGCCTTGTATTTTTGTAACATCCT
CP049016.1_gap65	2829305	2832212	2907	GAGCTTCCATCTGTCCTTAAGGTTTTTATTCCAACAGAGTTAAATGGAGATGTTATATCTGAGCATTTTGGAAAAGCACAATTTATGACGACCTTAACGTACGACAAACAATCGATGAGATTTTATGATGTTAAAACAGAGCTAAACCCTTTTATGAAGACCGAAAAAGGCAGAGGGAAACAGATGGTGGAACATATCAAAAAAAACAGTGTTGATAGTGTTTGCACTAAGGAAAATTTGCAGGAAAAGGGACCTGGCCTGATGCTCTATCATCATGGTATAGATACAAGAATTACTGAGTTAACATCTGTAAGTGAATTGCTTCAGGACTATGTAGGAAATTCAAGAGCTATCTTTGCAGAAAGGGGCAATTAGACGGCAATTTTGTGTTAACAATTATCACAAGGAGGATATGCCATGTATGCAAACGTATTGATAAGGGTTTTAAAGTATGCCATCCCTGTTATTGTCACACTGATGGAAAAGTCGTCATTATTAGATTTTGTAATAGGTTCAAAGAATACTGATGTCAGAGAAACAGCGAAAAAATAGAGATAAAACATTTTAGAAATGCTGGTAAAAAACGAAAAGGAGATGTACTTATTTGCAATAGTAACAATTGAACTTGTAATACCCTGTAGCTTGCTACAGGGTAACCTTATGAGCTAATCTTTTATGTGGAAGTAAAGAGTCGAGTAAAAAAAGGATACCATTGTGCATGGCAGATACATTATCACATAGTATTTCCAGTGAAATACAGAAAAGCACTCTTAGATGCAGATGTTATAAGAATAATAAAAGAAACGTCATTGGTAATAGAGGAAAGATACGATATTGAGTTTGAGGCTTTAGGAATGGATAAAGATCATATTCATATTTTGTGTGGAGGCCATCCAAAAATATCACCAGGGCAGATAGTGAGAATATTTAAAAGTATAACAGCAAGGGAAATATTTAAACAAAAACCCTCAATAAAAAAGGAATTAAGGGGTGGAGAGTTTTGGACGGATGGGTATTTTGCTAGCACGGTGGGAAAACACGGTAATGAGGATACAGTTTTGAGTTATGTGAAAAAGCAAGGAAAGGAATATCGTAAAATTTATGAAGATCGCCAGTTGGCTCTCTTCTAACAGATACCCCGCTGCTTGCGGCGGGGAACTTCATTCACCCCAGAGTAATGGTATCTGTGAACGCTTCCATAAGACTGTACTTGAGGAATTCTACAATGTAGCCTTTCGTAAAAAGATTTATCAGTCCATTGAACAATTGCAAAAAGACCTTGCCGAACATAAACTCTCAGAGCTGGATTTAATCTGTGGCAAGAAATACCCAATTGTTATAAAGTCATGGAAGGGTAACTGGGACAATCTCTCTAACTATTTCAAGTATCCTCATGAAATCCGGAGTCTTATCTATACGACAAACGCAATTGAGGGATTCCATCGCCAGATTCGCAAGGTTACCAAGAGGCTTTTTCAAGTGAACCCTCCCCAGAGGGGATACCTCTGTTCAGAAAAGTGGAGCCAGCCTTTAAGAAACTGGAGCCAAACTATTTCTCAACTTGCTTTGAGGGTAGGCTAAAATTGGATATTACCGTTTAAGGTGATTTCAGACTTGACACAGTTTATTGATTATAGCCATCTGCGGGGAAAAAGCCTTTACTACTCTTTAGAAAAGCCATACTTTTCAAGTATCACTGACAGCTTTTGTAAGTCAATCGGTTTTGTAAGATAATTTTCAGTTCCTTTTACAGCCGTGTCCTCGTTATCGGGAAAACTTCTTGGTGCATCCAACGATGTAGTCACAATAAGTTTAACTTTTTTGTCAGACGAGATTCCCATAGATTTTTCTTTATTACGAATCTTTTCCAACACCTTCATCCCATTCATTTCAGGCATCAGGATGTCAAGACAAATGATATCGTAAGGTTGATTCTCATCCAGTGCACGCATAAAAACATCGACAGCCTCTTCACCGTTTACAGTGACATCTACATCGCCATAGTCCTCCAAAAAACGCTGCAAGATCATACGGCTTGCTAAGTCATCTTCTGCTATAAGTATTTTCACAAACGCACCCTCCCATGTTTTATTAACTCACACGCCTATGTCAAAGTTAGTTACGTATTGTATCCAATATGCGTGTATTAAATCACAACCGACAAATGAACCCCAAGGTTTTTGTAGTTAGAGAGCCAAAGCTCGGCTGTCTTATCGCCAAAAGCTGCACGCTCTTTTAAACTATCCATGTGCTCTTTCCCAATAATAAAATATGAGTTCTGAGCGCTCCACAAATCAGGCTCAATCCCTATAGAAGTTAAAGACTCAAGCACCCCCGCTATTTTTTCATACAACTCGGCGTACTCCCATTGATTCTTTAAAGCATCCATCAAGTAGTTAACGTGTTTTGTCGCATAGAGATTAAGTCTTTCCTTGTCTATATGTACATCCCATCGTTTTACCTCAGAGACTGCGTCTTTTAGTTTTTCCGCATCAAGAAACCTCTCCTCCAATACACTTTCAAGGTCCCTCTTAAGCACATACACAAGCGCTATGGAAAGGGACTCAGGAAGCGGAATATCCAGTCCCCTGTGGAAATTCATAAGAGAAATATTGCTTTCACAAATCTGTCTATAGAGGCTGTCAATTTTTTCATACGAGCGTAGAAGTATCTCATCAAGGACTTTTCTCTGCTCATCCTTAAACAAGTGCCACAGTGAGTAGTGACTGTCACCAAAGCGTTCGTGCATAATCCTTACAGAATAAGGAATGCGGCCTTTTTCAAATGAGTCAAAGACCTCTTTTCTAACGAACGAAAACTCCTCCTGTGTGGTGTAGTCGGCAAGGGCACAGTTTACGCCGTGTTCTCCTCTAAAGACAAAGAACTGAAACATCTGCTCATCCCATG
CP049016.1_gap66	2833459	2837121	3662	GTTTCCAGATCAACGGCCGTCTCAGGAAGCCACATCCCCTCAGGCATTCGGTTAAACCGATACTTGAAATCTTCAATAGCCCACACAACCTGAGTGATCTTGTCTCTTTCGTTAGATAGCGGCATAATCATGTGGTTATAGCACTGGGCAAGAGCAGAGCCGTGCCCGGAAAATCTCTTCATGCTTAACTTATCGGCTTCAAGAATCGCTTCATAGACGTCAGGGCGGTGTCTTTGTAGCCATGACAGCAAAGTTGGCCCAAAGTTAAAACTTATCCTTGAGTAATTATTTACAATATCTGTAATTTTTCCAAAACTATCCAGCATCCTTGAGGCGGTGTTTGGGGCATAACACTCAGCCGTAATACGTTCATTCCAGTCGTGGTATGGGTAGGCCGAATCCTGAAACTCAACCTCGCCAAGCCACGGATTTTCCCTCGGCGGCTGATAAAAGTGCCCGTGTATGCAAACATATTTTTCCATCTCATGCCCCTTGTATGCTTTATTTGCAATTTCTGTAATCTATAGGTCATCTCTATTATAGAACCCGCAAGGGTTAATTCTCAAGGGGGTTTGCTGAAATATGAATATGTCAGATTATACATCTTGATTTTATTGGAGCTGTGGTATATTATACAGAAACTAACGATTAAGCAAATTGATGGAGGGTTATGGCCATGATAACATCTAAGGACGTTGCTGACGGGGAGATGATGTTGACCCCAAAGCATAACGGTGTGCCTTTTGTTATGGAAAACAAAGCTGCATCCATCCGTTTTGATGGTTTTTTTGTTGATATTAGCTCCGCTTTAATTGTCAAACTTAATGACAAGAGATTAAACAGTGGTACTGAGGATTATTTCACTGTTGGCGACAGCATGGATATAAGTTTTTCATTGTGCGATAGATTTTATTTTTTTAAGTCGCAAGTTACAACTGTAATAAAAGAACCCACGTTGTTGGTGGGTTTAAGCTGCCCTGAAAAAATTGAAGAGTATGAACGCCGCAGAGCTGACAGGGTCGACTGTAAATTACCTTGCAAAATAATATTGAAAAATAACAAAATTAAAGCCATTGTAACAAACATTAGTAACTCGGGCTGCAAGTGCGAACTCTACGAATCCAGCCTCATTGACAAAGCGTCTATGCACTTTTTCTACGAAGACAATTGTTCTGTAAATGTTTTAGTACCTGTCAAAGGGACTGCAAATGAACAGAGTTTTAATGGAAAGCTGAGGTATTTTAAGGAATCTGACAATTCGTATGAGGTGGGAGTTGAGTTCTGTTTTGCCAATGCTGAGGAAATTGCAGCTTTGGAGACTATTGTAAACATCGCTTAACAATCTATCGTCACACATAGCATCACAATCTTCTGCGTTTACCTGCCGTTTCTATATGTAACGAAAAGCCCGGAAAGTTACATATAGATTTTTATGCAAAAAGAGTTTTATACTTTGCTAATGAAAAAAGACCTTAGTTATTTTCATTCAGGCAGCATTAAGAAACAATATGGATACGAGAGCTTTTCGCCATCTTTAATAAACAGGCCGTATAAATGGAAAGACAACAAGATAGACATACTGTTGGAAAGTGCTGTGTTTCATATAGGGGAGTTGAATGCCTACTCGCTGCTTGTGCCGGATATAGACTTTTTCATTCGTATGTATATATTTAAGGAGGCCGCTAAATCAAACCGGATAGAAGGAACAATGACTGATATAGACGATGCAGTTATGCCGCAAGAGGAGATAAAACCGGAAAATTTAGACGATTGGCAAGAGGTTAAAAACTATACAGAGGCTATGAATTATGCAATAAAAAAGTTGGAAACATTGCCTGTTTCTATGAGACTGCTTAAGGAGACGCATAAGATATTATTAACCGGTGTGAGGGGTGAGAGCAAGCTGCCCGGAGAGATTAGAAGCAGTCAAAATTGGATAGGCGGTTCTAATCTTAACGATGCTTATTTTATTCCCCCCCACCAAGATGAGCTGCCTGAATTGTTATCTGATTTGGAAAGATTCTTACACAATGACAGCTTAGACATCCCAAATCTGATAAAAACAGCCATAGCCCATTACCAGTTTGAAACAATTCATCCTTTTTTGGATGGGAATGGTCGTATTGGGCGCCTGTTGATAACATTATATCTTGTAAGCAAGGGGTTTTTAAAAAAGCCAACTCTGTATCTGTCTGATTTTTTAGAAAAGAATAAAGACTTAAATGCTTATTGAGTTAACTCCTGTAATTTTTTTTCAGTTAGCAAATGATACAGTTAAAAGGACTGGATTCCCGCTCGTAGGCGGGAATGACAAAGGGGGTAATTTCTTTTTCTTGTCATTCCTGCGAAGGCAGGAATCCATTTTTTTGTTTGCGGAGCTAACTGCATATGAAATAAGACTTATATTATGAATGTCTGACTATTGTCAGGAAGTCTCACAGATTGGAGCATTGGATAAAGTTTTTTTTAAACGGCTGCATAGAAACAGCTAAAAGCGGACGCTCCACTTTGGAGAAAATTATAAAATTAAGACAAGAGGATGAGGCTAAATTGTTTAAGCTAGGTAAAAGGTCAAAGACCGCTCACAATTTGCTAAAATTATTGTATTCCTATCCCTTCTCCTCAATCCCCTTTATCAGCAGAGAGCTAAAAATATCGCACCAAAGCGCAAGTAAAATTATCGCCGAATTTCAGAAATCAGGGATATTAAGAGAAACCACCGGTTATAGCAGAAACCGTATTTTTGTGTATGATGAGTATATGAAATTATTTCGCTGATTAAAATCGCTGAAAAACATTTGTTTACAAATTACTGTTATTTTTGTTAAATTTATACCATGCCGGATGGTGTGATAATGGTGGTAATCTTAATGGTGTTTGCCTTTATAATAAATTTACCTTTTGGTTACCGCAGATCAAGAGAGAGAAGGAAGTCTCCTAAATGGTTTATGTACATACACATACCGATACCGTTTGTTGTGCTGATGCGGTATAATCTGCACATGGATATACGGTATCTGCCGCTTTCGCTTGCGGCCTCCATTGTGGGGCAGTATATCGGGGGCAGGTTGTGATCATACTGAAACATTATCGGAACATTTGCTAAATGGAAAAATCAGCTAAAAAAAGCGGTTCAGTTGTTGATAAAGTTTGGGAACTTTTCTCATCCGTTAAACTTGCAGCAGTTTTGATCTTAACCATAGCAATTACCTCCATAGCAGGCACGGTAATTGAGCAGCAGGCGGAGCCTGCAAAAAACGTCAAACTGTTTGTCAAAATCTTTGGAGACAAACTTGCTCCGTCAATTTATGACGCCTCTGTCGCTCTCGGTCTTATGGACATGTATCACTCATGGTGGTTTACCGGTCTTTTGATTCTCTTTTGCACAAACCTTATAATCTGTTCCATAGATAGGCTGCCTAAGATAGCGCGTCTCGTTAACGAGGAGCTAAAGCCTATGGAGGAGCCGGCATTTAAGAAATTCACAATTAACAAGGAATACAACCTTCAACGCAGCACAAAAGACGCCACAAGTCAGATACTAAAAACCGTGAAATCTCTGGGATTTAACCCTAAAGAGCAGAAAACTTCCGAGGGGCTTCAGTTCTATGGTCAGAAGTGGGGTTTTAGCCGGTATGCCGTGTATGTGGTTCACATCAGCA
CP049016.1_gap67	2995447	2996117	670	GAACCGACATCATAAATATGGTCTATCAATTGAAAAAAACAAATCACATCAAAGCTTTCCGGTTGAAACTTTCCGGGTTTTATCATGTCACAAATAATATGCTGTTTTATGTCATGAGAAGCTTTTGAAATTGCATCCTCAGATGGATCTATGCCACAAATATGGGCAAAGCCAAAGTTTTTGGCATATTCCAAAAAAAAACCGTTTCCGCAGCCGATTTCAAGAATTGATTCTTTCACTAATCCATATTTAGTTAACTTTTTTAAGTACTTGCCATAAGTAATTTTAAGGTTTTGTACCTCATCCTCATATTTGAAAGAACTCTGATGGTAAAGCCCTGCAGCAATATCGGCTGAGACAACAGGGTCTGAACGAATCAGTCCACAACCGTTACATTTAACAATACGGTAGTGGGTTTTATCTGGCACTCTGCGCGCCGAAAACTTTACGGAGTCTAAAGATTCCGGTTCAAAACTTGCTCCGTAGAGTTCCGTAGAGTTTCCCTCTGTGTCACAAATCGCACACTTTGTATGGAATAGCTGTTTAGTGTGAAGTGTCATTTTCTTGAGATGTCTTTTTTGGTGAATAATTTATATAGCTTTCCACGATATATGGGGGCCTGCGTTTTATCTCATCATACATGTGCGCTATATACGACCCAATAATAGCA
CP049016.1_gap68	2997527	3000325	2798	CGACATGATGTCTGATCAAAAAGTCCCTCCTGTCCATGTAGCTTAAAACTATCCGTGAGAAGTAAAGAAATGGAGAGGCTAAATAGGACAAAAGAGATGAAAACAATTTATTTTTGGTCAAAGCAATAATTATTCTTGCTATTTTTTCATTAAAATAAAAAGCTGCAAAAACCTGAAAAGGAAGCACACGGTATGTTTTCCCAAGATTTGATTTTGATAACAATCTCATAGAAGTAGCCATATAACCCTGTTCAATTTTAGCGACATCTTCAGGTTTGAGAATATTCTTTGAAATGGCAATATCTGTTATCATTGTTTTAGGATAAAACTGAAGGAAAGCAAGGTTTACCCAGTTAGGGCGCGTCTCGATAAAGAATTCCAGAGCCTCATTTAGATGCTGTTCTGTTTCCCCCGGCAAATTGGCTATCATATCAACCTCAGTAAACATGCCTATACTTACAGCCGACCTTATAAGTTCTTTCATAACTGGAGTTTTTTCACGCCGGTTCAATATTTCTCTGCGTACATCCTCATTGGCGCTCTGAAAGCCAAACTCAAGCAGACAACAACCGCTGTCATACAACAACTGTAAGCTTTCCTTATTGTGGGTAAGAGGACTGGTCTGACAGTAGTAGGGCAACCCGATTTCCTCTTTGTATCTTTTAACAAATTCAAATAACCAGTCCTTTCTTGAAGCAAACACATTATCAAAAAACATAATATACTTTGGCTTATACTCTCTTAGAGCGTACTTAAGTTCGGCTATAACGTTTTCCACAGACCTGTACCTGTAATAACGTTCTTTATAAGAACCATAGAGGGACTTTATCGTATCACTGTTACAGTAACTACAACTGTAGGGGCACCCGCGGCTTGCAATGGCAGTGTATGTGATTGCAAGGGATGGATTAGTTTTATAATACATGGCCTTTTCAGGAAAAGGGATTTTATCTAAATCGTGCGGCACAGGGGAGAGTCCTCTTTTTACTAAATCACCTTTGCTTACATTCCAAACACCAGGCAGTTGATCAAAGGTCAAGTCCTTAACTGCTTGTTTATCCATCTGCTCCAGTTTTTCAACAAGCAGAGGTAATGACTCCTCAGCCTCGCCAAGGACAACAAAATCAATCTCATTATTTTGTAAAACAATCTCCGGCAACAAAGAGACATGAACTCCGCCACAGACAATTTTAACGTCAGGCATCGCACGTTTAAGCAGCCTTATGACAGAGAGGTTGCTCTGATAAAATATTGTGAAAATAGAAAAACATACAACATCAGGGGAATGGGCGCAAATTCCGTCACAAACCTGTTTTGCACTCAAAGAGAAAAAATCCATAAGAAAGAAATCCTGTGCTAAATAATCTCTTGCAAATGAGGAATCGAAAAAAAGCCTGACATCATGCCCTTTCTCTTTCAATACAGAAATCAGATATTGTACACCAAACGTTTCATATCCACTATCATAAAAAACTACTCTCATTAATGAGTCTCCATTATTTTCGTTGTCCAAGGAAAAATCTAAAACCATCCAGCATTATATCCGGAATGAGATTTAAGTATGCCGACGTCTCAATAGTATTAATAGATGAGCAGCTTACACAATCGGCTCTGCGCTCAGGGAGAGCGTCCCATGCCCGTTTGATTCCAACGTCTTTAATGTTTAGCCCATCCAGACAGCCGCGTTGAATGCAGTTAAACATAGTGCCCTCGGCGTCAATACAGCCATGAGTGTGGCCAATGACACATGGAATAGGCGTATAGTGCGCAAATTTCTGCTCGGTTGTAATGTATGAGTGATAACTTACCGGCCAGTGCAGAGACTTATCAATAGAATAAAAGGAATTACCAATCGGGTAGCCCTTTTCTTTAAGCTTTCTGTAGCGCTGATAAAACTCCTTATAGTCCTCAGTAGTAAGCGCAAGCGCTGGGTCATCAGATTTACCCAGATAATTTGGCGGCGATATTGTTATCGTTATTTTCATGTCCTTTGCCATTTCAACAAGAGCATCCATCTCGGTAAGACTGTGCTTATTTAGCACGGCATGAACCCTGACCAGCATTCCGCGTGATAGAGCAGTCTCAACACCGCTAAGCGCACGTTTAAATGTGCCCTGCCCGCGCATCTTGTCTGTTGAGTCCTCAGCGCCGTCTATGCTTATGCAAACGCTGTCTGCCGTATCTATCTCGTCAATTTTCTGTTTAATCAGAGTGCCGTTTGTTAGTATATGAAGCAAAATCCCTTTCTTGGTAATATGCCTTACAATGGGGCCAATGTCTTTGTGCATAAGCGGTTCTCCGCCTAGTAAGAATATCCACCGTGTGCCCATGTCATAGAGCTCATCTACGATTTTTATGACCTCATCTTTGTTAAACCCTGCTCTTGACGGCTCGTTAAAACGATCCTCTATGTTGACAAAACAGTACTTACACCTGAGATTACACAAATTCGTAATGTATAATCCGACAAAGATAGGAGTTCTTTTCTTTAACAGTTTTGCTTTAACTATGGCTGTGCCAAGTTTTGAGAGAATCTTTCCTCGTCTTATTAATTTATCTTTATCTATACCAAACATTCCTTATCCTTTAAGCGTATTTAATGCAGTTTTTGCTATGTTTTCACCAGACAGACCGCAGAGAGTCTGCATGAATTTCTGGTTTCCTATCGGGCCGTCTATCTGTTGGCGAACGCCAAAACGTACAAGTCTTACGTTAAGGCCATGCTCGGCTATAATCTCAGAGACCAGCGAACCCAGCCCCCCGTTTATATACTGCACCTCAACGGTTAACACCGTCTT
CP049016.1_gap69	3028493	3028997	504	TTGACCCAAAAACATGGTATCGTTCTGATTTTTGATGAGGTTATGACAGGCTTTAGGGCAGCTTATGGCGGCGCTCAGGAACTTTTCAATATAAAACCCGATATGACCTGTCTCGGTAAAGTCATAGGAGGTGGACTACCAGTTGGAGCTTATGGCGGTAAGCGGGAGATAATGTCTTTAATTTCTCCTGAGGGCCCCGTCTATCAGGCAGGCACACTTTCGGGCAACCCTGTAGCAATGTCTGCCGGAATTGCAACTTTAAATATTATAAGAAAATCCGGCTTTTACGAAAAACTCAATGAAACTGCAAAAACCCTTGAATATGGGCTTAATGACGCTGCAAAAAAAGCCAACTCTAAGGTTAAAATTTATCGTGTCGGCTCAATGATGTGCCAATATTTTACAGATAAAGAAGTTATCGATTGGCCGACAGCCGCATCCTGCGACACTCAGAAATTTGCCAATTACTTTAGAGGAATGCTCACAGGCGGCATATACCTACCG
CP049016.1_gap70	3100169	3104378	4209	GTTTAAGAGTTTTATAAGATATATAGATTGTAACAGCGACACATTAGAATATCTTGACCTTTTTGAAAAGAATGGGTGGGTTATAGAAAAGGAATGGTTGTGGGAAACTATGATAAGCAACCCAAACCTCTATCACAAAAAAGCGACTCAACATAAAAAAACAGGCTTATTTTGTACATTGTGTAATCTAAAGAAACTTGTAGATATAAAAGCAGGTGGCATTAATTCAAATGAAAATGATTCTATCGATATTCACAATTGCATTACAGGCATGATTGAGTTTGTAACTAAAATAGAAGGCATATCCGGTTACTTAATTGGCGGCTTATTATGGGAATTACCTGAAAATGATGGTAATAAAATAGACGACAATATTACCAAACATATACAACGAATAATTGGTTTTCATAGAAATGAATCTGTGGTGTCTGAAAGTGACCTGAATATTTTAGCACATCATAGAACGCCGATAACAAAAGAACGTTTAGAACATAAGGCTCAGATTGTAAAGAAAGTATTTGAAAAAATTATATCGCTTAAAAGCGATTTGGAAGCTCAGATAAAAAACTTTGGAAGATATGAACAAATAGCTTTAGTTGAAACGGTTTCTTTTTTATCTGATAATTTAATAGATAGCTATATAAATAGTTTTATTAGAAATCCGGAAAATAAGTGCAAAGATGATAAAACACTAGAGTTATACATGTATTTTAAGTTAAGTGATAGGTACGTAATAGAAATAAAAAAAGGTGAGAATGAAGAGAATTATAATTACAATTTAGAAAATTGCATTAAGAAAGATGAAATATATTATAAAGGTGTTAACCTATCCTTATCGTTTATAGTGGACCCCATTGTCAAGACCACTTTTTAGTGGACTTAAGGTATAGCCCTCTAAGAGGGTATTTAGTCTGTTAGTATAAGGGTAAGGGATAGGGTAATGCATCCTTACGCCGCCATCGCAAAATCAGAGCTTTTATAAACCTCGGCAGGTGTTTTGCCTCTAAGCGTAGAATGCGGACGCTCATTGTTATAAAAATCAAAATAGCTCCTTAGCGCTTTAATCAACTCATCAACAGTTTCATAATCTTTTATATAAACCTCCTCATACTTGACACTGCGCCACAGCCGCTCAATCATGATATTATCCATAGCCCGTCCTCTGCCATCCATACTTATCCGAATCCCATTGCTCTGAAGCACATTGATAAACGCTGCCCCTGTATACTGGCTGCCTTGATCTGTGTTGAATATCTCAGACTGCCATAGAGCCTAATCGCCAAGGCTACTTACGCAAAAACCATCATCCATTGTCACTGACACCTCCCATGACAGCACATAGCGGCTATACCAGTCCATTACTGCTGTCAGATACACAAAGCCATGTCTCATTCGAATATACGTTATATCACTGCACCAGACTTGGTTGATGATAGTAATATCTAATAATCGCAGTAGATAAGGGTAAACTTTATGTTGCTTATTCCGTACTGTCGTTCTTTTTCTGGGTGCTATAGATACAAGACCTATAGTGGATCCCAAATATGAGACAATCAGTTAAGATAGAGCTGGTTGTAATGAATGGGAGGATAAAATGAAAAACAGACGGAAGTTTGGCAAAGAGTACAAAGCAAAAGTAGCAATAGAAGCGCTCAAAGGTCAGAGGACAGCCAATGAGATAGCGCAGGAATTTGATATTCATGTGAACCAGGTGAATGAATGGAAAAAGCATTTAGTAGAAGGGGCGTCAACGTTATTTAATGGAGTGCAAGAAAATTCTCAGGCGGCATATGAATCAGAGCGAGAGCGGTTATATAGTCAAATAGGGAAGTTGCAAGTAGAAGTGGACTGGCTAAAAAAAAAGAGCCTGTTACTTGCGCAACGGTAAGTGAGAAACGAGCGATGATAGAGCCAGCAAATAAGGAATTGAGTATTCGTCAGCAGTGTAACCTGCTAAGCCTTCCACGCTCCAGTTATTATCGTCAGGCAGTACCGGAGAGCGAGGAGAATTTGAAGGTGATGAGGGCAATAGATGAGCAGTACACAATGCATCCATGGTATGGAAGCCGCACAATGGTTTACATTCTTTTCCGAGCAGGATATAAAGTAAATCGCAAGCGAGTAAAGCGTTTGATGATGTTGATGGGTCTTGTATCTATAGCACCCAGAAAAAGAACGACAGTACGGAATAAGCAACATAAAGTTTACCCTTATCTACTGCGATTATTAGATATTACTATCATCAACCAAGTCTGGTGCAGTGATATAACGTATATTCGAATGAGACATGGCTTTGTGTATCTGACAGCAGTAATGGACTGGTATAGCCGCTATGTGCTGTCATGGGAGGTGTCAGTGACAATGGATGATGGTTTTTGCGTAAGTAGCCTTGAGCGAGCCCTTAGGCTCTATGGCAGTCCTGAGATATTCAACACAGATCAAGGCAGCCAGTATACAGGGGCAGCGTTTATCAATGTGCTTCAGAGCAATGGGATTCGGATAAGTATGGATGGCAGAGGACGGCTATGGATAATATCATGATTGAGCGGCTGTGGCGCAGTGTCAAGTATGAGGAGGTTTATATAAAAGATTATGAAACTGTTGATGAGTTGATTAAAGCGCTAAGGAGCTATTTTGATTTTATAACAATGAGCGTCCGCATTCTACGCTTAGAGGCAAAACACCTGCCGAGGTTTATAAAAGCTCTGATTTTATGGCGGCGTAAGGATGCATTACCCTATCCTTACCCTTATACTAACAGACTAAATAATTTCAGAGGGCTATACCTTAAGTCCACTAAAAGTGGTCTTGACAATGGGGTCCACTATAACCCATCAACATCATAAACGCTTTACTGCTTGCGATTTACTTTATATCCTGCTCGGAAAAGAATGTAAACCATTGTGCGGCTTCCATACCATGGATGCATTGTGTACTGCTCATCTATTGCCCTCATCACCTTCAAATTCTCCTCGCTCTCCGGTACTGCCTGACGATAATAACTGGAGCGTGGAAGGCTTAGCAGGTTACACTGCTGACGAATACTCAATTCCTTATTTGCTGGCTCTATCATCGCTCGTTTCTCACTTACCGTTGCGCAAGTAACAGGCTCTTTTTAGCCAGTCCACTTCTACTTGCAACTTCCCTATTTGACTATATAACCGCTCTCGCTCTGATTCATATGCCGCCTGAGAATTTTCTTGCACTCCATTAAATAACGTTGACGCCCCTTCTACTAAATGCTTTTTCCATTCATTCACCTGGTTCACATGAATATCAAATTCCTGCGCTATCTCATTGGCTGTCCTCTGACCTTTGAGCGCTTCTATTGCTACTTTTGCTTTGTACTCTTTGCCAAACTTCCGTCTGTTTTTCATTTTATCCTCCCATTCATTACAACCAGCTCTATCTTAACTGATTGTCTCATATTTGGGATCCACTATATTTGAAGCAGGTATCGTTCTTTATGATGAATATGTTAAGAATGTGGGGATACCTACAATATTATATACAGCCAGATTAATAACGAATAATTTAAGAGATAAGTATAAGAAAGATGAAAACGTAGTTCTAATTGAAAAAAGAGAGCTGCACACTAAACTGATACCTGCCGTAAAAAACTTTTTAAATACTGGAAAGTTGAGGGACAAATAGTAATGAAAAAAACTTTTATCATTTCTCTAATTATAAGTACTTTACTATTAATTTTATTTGCTAACGTTTCGGCTGAACCATTACTTAAACCAACGGCTAATTTGAATACAAATGACAATTTAACACAAAGTAATGTTATAAAAAATACTAATGAGAATCTGGATAATGATAAACCTAAAGAAAAAAGTAATGATACGTTTGAAGTTTTAATAAAAATATTAGCGATTATGATAGCAATGCTTACGTTAACAGTAGGAGTTTTTTCAGGTATTACTCTAAAAATAATGTATGAGCTTCGTAGCGAGATTAAAGCAGATGTTAAAGAAGCGAAGGAAAATAATAAAGAGTTTAAAGAAGAATCTAAGAACATTTTTGATGTGTATAAAAATGACCTTGACAGTAAGTTGGATGTTTTGGTTCAAAATAAGTTTGTGAACTTATATGACCGTGAGATAAAAGATAAGTTAGATGAAATGTTAAAAGATAATTCACAAGTGTTTATAAATAAGTTAAACGACCACAAAAAGGAGATAATAGACAGTAATGCCTTATTAG
CP049016.1_gap71	3121834	3124179	2345	CTGATACAGCTGCCGAGTTAACCTCTAAGCTCGCTCCTGTCTTTAAAGACCTGCTGGACAGCCGCCCAACTGCGGTAAATATCCGTTGGGCTGTTGAGAGGGCAACGAAGCTGCTGACTGATAACCAATCACTGCCGGTTAAAGATGTAAAAGAGCTTCTGATTAAAGACAGCATATCTGTATTAAAAGAAGACATAGAGATTAATAAGGCCATTGGCAGATGGGGAGCGGAATTTATAAAAACTGGCAGCAGGATTCTTACCCACTGTAATGCTGGCTCTCTTGCCACTGGAGGTTATGGCACGGCAACCGCCCCTATGCGCACGGCTAAAGAGCAGGGTAAGCAAATATCCGTGATAGCCGATGAGACTAGACCAGTCCTTCAGGGCGCACGCCTCACCGCATGGGAACTGATGCAAGACAACATTGACGTAACTCTGATAACCGACAACACGGCAGGTGCCATTATGAAAAGGGGCGAGATTGATTTGTGTATCGTTGGCACCGATAGAACCGTAAGAAACGGCGATGTCGCTAATAAAATTGGCACATACTCGGTGGCAGTGCTTGCTAAGGAAAACAATATTCCGTTTTATGTGGCAGCACCGTTAAGCAGTATAGATTTTACGCTTGCCACAGGGGATAGTATTCCGATAGAGGAAAGAGCTGCAGATGAGGTGACAAACGTGTTTGGGAAGTGTAAAATAGCACCCGAGGGTGTAAAAGTCAGAAATATTGCTTTTGATGTAACACCTGCAAGGTATATAACCGCTATAATAACGGAAAAAGGTGCATTTAGACCGGAGGATTTACATCATCTTGCGGATGCCGGTTTTGATTGCGAAAAGATAAGGATAAAGAAACCTTAGGAGATGGAAAATTGCGATAAATTATTGAACGCTCATAGTGACACTATCAACCGTTGGAGCAATCTTGTAGATTGCTCCGCAGTATTTGGAAATAAGAAAAATGCCAGGCTACAATCCTAAACGTTATGGAGCAGTCTGAAAGACTGCTCCAACGCAGGTGTAATTTTTTTTCAGTCAGCAAATGATACAGTAAAAAGGACTGGATTCCCGCTCGTAGGCGGGAATGACAAAGGGGGCCACTTTACAGGGGAATCCAGGTCATTCCTTTCTTTCTTGTCATTCCTGCGAAGGCAGGAATCCAGTTTTTTCTTTGCGGAGCTAAGAGCATAAGCAATTAATTCAATCTCTTTTTTATCAAGAGTCTCTTACCCTTTTTACGGCTACTTGGTATTAGCATGAACCCTTATCTATATTAACAGGCATCAGGTGATAAGCTCTTCAGCTCTAAGAGCTATTTCGGTTGCCTGAAGCAGCTGCCATAGCTCAATAGGCCAACTAATAAAAGACGACTTTGTCGATATCGCCTTAGCAAGGGCAGTTAGTTCCTCCTTGTGTCCTTTTTCGGCTGTTTTTGTTTTTAACAGTGCAGAGGGAGTTCCAAACATCTGAGTGGTTCTATAATCGTCAAGCACTATCGTCTTGCCGTCAAAGAACACCTCCATTCGTTCTTTGGGATAGTCTTTGCTGCCCATAGATGTATATGTAAGCGTGCAGAGGGAACCGTCTTCAAAAGTAATGACAGCTGTAAAATTATCGTTTCTCATATAGTATCCGGTAAGCGGTATGACAGAGGCCGCCTCTACGGTTTTTACGCGTGAGTTGGTAAGAAACGTGAAGATATCGTAAATGTGACAAGCCTCACCGAGGTTTCGCCCTCCACCCTCACGAGTTTGTATCCAATTGTCAGGCGCTATGAAGCCGCCATTTATGCGGTAGGTTATTATTAAGGGACTTGTCCGCTTCTCTGTCAGTTTTTTAACTTTCTGAATATGAGGAGAAAACCGCCTGTTAAAGCCAACCATAAGCAAAGGCTTATCCGATGTCTGTGAACCTGTCTGATAGAAATCAGTGATAAGCGAAAGCTCCTCTTTAGATATAGCAAGGGGTTTTTCCACAAAAACGTTCTTTCCGGCATAAAGCGCATCATACGCCATTTTTGCATGAAGATTGTGCGTTGTTGAAATTAAAACAGTGTCTATGGTCTCATCTTTTAAAAGTTCCCTGTAATCGGTCGTTGAGTAATCTGCTCCAAATTGTTTTGCCGAGTTTTTAGCAATATGACCGGTTCTGTTCATAATTGCCCTTAAGTGATAAAGGTTTTTTAACTCCCTCAGATTTGGCAAATGGACGGCTCGGGCAAAACTGCCGCACCCTGCCAGAGCTATATGTATCTTGTCTCCTTTTACCGGTTTTGCAGCATGAGCAAACACCACACGGCTTACCGACTCAGTATCTGTCTGAGAGTATGATAAAAGA
CP049016.1_gap72	3126563	3127534	971	AAACACATCTGACCTGCCGTTTACAGAAAGCCTTACATCTTCAACCATCTGACCTGAGTTTAACTCTACCACAACAAATTTCCTCCCTGTATCAGTTAGACTTAGAATGTCATCATACGGAAATGGAAACAGTGTTATCGGTCTGAATAGCCCCACTTTCTTGCCCTCTTTTCTTAACGCTGTCATAGCTGAGTGCGCTATCCTTGCCGCTATCCCAAAAGCAACTACCACAATGTCAGCGTCCTCTACATTTACGGCTTCAAAGCGCACCTCTTTCTCTTTTATAGTTTTGTACTTTTCAGAAAGAATCTTGTTCACGTTTTCAAGTTCATCATCATTCATGTACAGGGTGCGTATCACATTAGGCATCCTGCCCTTACAGCCAGTCAGCGCCCACGACTTTTCCGGCAATTGCGGCATCACATAGCGGGTTGGGATAAGCGGTTCCATCATTTGCCCCAAAATCCCATCGGTAAGAATCATCACGGGGTTTCTGTAGAGATCGGCTTTATCAAATGCAAGCATGGTTAAGTCCCACATCTCCTGAACATTGTATGGGGCATAGACCAATAATTTATAATCGCCGTGTCCGCCGCCCTTTACGGCTTGAAAATAATCCGCCTGAGAGCCCGATATGTTACCTAGCCCAGGGCCCCCTCTCTGAACATTTATAATTACAGCTGGAAGCTCCGCTCCTGCTAAAAACGACAGCCCCTCCTGCTTAAGACTAATCCCTGGTGAACTTGAGGAAGTCATTGCCCGCACTCCGGCTGCCGCCGCTCCATAGACCATGTTTATCGCCGCTATCTCACTCTCCGCCTGAATAAACACGCCACCCGACTCAGGCATTGCAAACGACATGTACTCCGGTATCTCATTTTGCGGCGTTATGGGGTATCCGGCATAAAACCGGCACCCGGCCTCTATAGCGGCCTTAGCTACCGCCTCGTTACCTTTTATCAGAACCTTAT
CP049016.1_gap73	3136469	3138304	1835	ACAGGCAAGACCTGCGGGTCCCGCTCCTATTATGGATATGGGTTTGGAATCATCCCCGGCAATCCCCATTATCCCTGAGCCTTTAGAGCGGAGCTGCTGTTTCAAATTATCTACAAATTCCCCTTTATCCGCATACATCTCCGTACCGTACTTTTCGGTTACAAATCTCTTAAGCGCTCTGATTGATACGGCAGCGTCAATGCCCTTTCGTCTGCAGGCAAGCTCACAGGGCGCTGCGCAGATTCTGCCGCATATAGAGGCAAGAGGATTAGGGGTCCTGGCTATCCAATACGCTTTTTCATAGTCTCCATCGGCAATTGCTCTTACATAACCTCTGGAGTCGGTGTTGACAGGGCACCCGGTCTGACACCTTACATTCTGCTTCCAGTACTTATAGTCCGGAATCACTACCTCAAAAATTCGTTTGATCATAGAATGCTCCTTTTTCTAATCCTCAATACTCAAAGGCTGCCTGAAAATATCACTAAAAAAACATTCCACAACAGCCAGCACCATCATTGCACATTAACCACCACTGTGTCAACTTTTTTTAAATCCTTAAAACAGTTCAACTACTATACGCAAAATCTTAAAAAAAGGTGGATTAGTATAACATATTATTTTTTAGAAGAACATACAAATTCCAGAGAATATTTCTTGAGAAAATAATTATTGCTTACAAAGTTACAACAAAGACAATATTAATATTTTTTGTAATGCCACACCCTTAGGCACCGGATAATGATGCATAAGGGTGTGAAGATGTTTGCATTAAAACATTACTTGAATGCCTGCAGTCATAAACCATGAGGTTTTCATCTGCAGACCGTTTAGATCCTGAAACAATGGCATACCGCCCTCTACACCTACACTGAATGGACCTTTTGTAAAACTAAGACCAAGTGTACCATCCAGGCGTTGTCCTCCATAATTAGACGTCACCGAATCAGGCATAGGAGCGCTTGTGTTTATCTTGGCAATTTCAGTGTCCTCTCCTCTAATTGCGCCGGTGTTGTTGTATGTCAGACGAAGCCATGTGGCAGCAGGTCCCAGAGCACGTTGGAGCCATGTCATTGCCTTAAAATTATCCCCATAACTCCAACCGTTATTGTTTTTGCCGGTATGCCAGGTGTACATAGCCTGTCCACCGTAGTTCCAGTTTCCATCGTCTGTTGTTGCAGATACAGTAATGGCGGGTTTTAGGTCAAGAGTTCCATCCCCTGGCTGCATGTCGTAAGGCGCACGATATGTAGTTTTCATCATTGTGACCTGCTGATTAATGTCGCCAGATGGCAGACTGACTCCAACACTTCCTGTAAGATATTTATTTATCTTGTATATACCTCTTAACTCTGAATCTCCAATGCCTTCAGTTTTCATCGGGTCCTCGGTTGTTATGCCTTTTTTTGACATCGGCCCCATATCCATTAGCATTCCCATTTTATAAGACAAGTAAGTTGTCATTGCCATCACAGTCCATCTGTCCGTAACTCCGTACATTAACATCAACATGTGCATGTCCATTGTCATATCGGTAGGGATCATCATGTACTTGTAAGGGGTATTTCTTTTGTATCCAACATCTGACTGACTGACATCAGATGTGCCGTCCCTAAGACCCCTCATGTCCATGTGCATATACTTATAATTGACCATCCACATGCCGGCTGGGTGCGTGTGATAGACATCGTCACCAAATGCCGGGTTATATACCAGTTGAGAGCCGGCTCCCATATTCATGTGCATCATATCGTGCCCGCCATGGGGGGCAGTAGCTGCCTCCTTCTGTGCTGTATCCAATGCTGATTCAAAAGATGTAATATTCCCGCCGTTTG
CP049016.1_gap74	3140661	3142176	1515	GGACGCACTGGGGGATATAGTCTATCTGGATTTGCCGGAAATGGACACAGAGGTTGAGGCTAACACGGAGATGTCTGAGATAGAATCAACGAAGGCGACCTCGTCGGTTGTTGCGCCGGTTAGCGGCACAATAGTCAGCATAAATGAAGAGCTTGAGGATGCTCCTGAGGTGATAAACGAGGACCCTTACGGTAAGGGCTGGATAGCTGTAGTGGAGATGAGCGACGAGTCGGAGCTTGACGACCTTATGGATCTACCGGAGTATGAAAAGTTTGTAGAAGAGGAAGAGGGATGAAATTAGCAATATTGGGAGCAGGCCCGGGAGGCTATGTAGCCGCCCTTAAGGCTGCTCAAATGGGGGCCGATGTAACCGTCATTGAGGGAAAAGAAGTCGGGGGCACATGTTTAAACGAGGGCTGTATTCCCACAAAAACTCTGATTGCCTCAGCGGAGGCATATTCAAAAGCTAAACATCTCGGCGACTTCGGAATAGATGTAACCGGAGAGATAAAACCAAATCCATCAAAGATTCTTGCTAGAAAAAACGATGTCATTTCCACTCAGGTTAAGGGAATAAGGGGACTGTTTAAAAGTTGGGGGGTTAAGTTAAAAGAAGGTCGTGGAGAGTTTATATCTGAAAAGGAAATACGAATATCGTTAAAAGACGGCAGTGAGGAAACTCTTACTGCAGATAAATTCATAGTGGCCACAGGCTCAAGACCTGCTGAGATTCCGATTTTCCCGTTTGACGGTAAACGCATACTTAACAGCACCGATGCTCTGGAGATTAGCTCCATTCCAGCCTCTATGATAATTGTCGGTGCTGGGGTTATGGGCTGTGAGTTTGCCTGTATTTATCAGGAGTTTGGCACAGAGGTGACGATGGTTGAGTTGATGCCCCGAGCGCTTACCACTGAAGACCCTGAGATTTCACAAACCATCGAACGAGAGTTAAAGAAAAAGAAGATAAAGCTATTTACTGGCGTTAAAGTTGAAAAGGTATCGGTGGAGGCAAATGGCGTAAAGGTATCATTGTCAAATGGCAAGGAACTGTCGGCGGAAAAGCTCCTTGTTACTATCGGCAGAGCGTTTAACTCACAAGGCATGGGACTGGATAAGGTGAGTGTGGAAACCGGTAAGCGAGGAGAGATAAAGGTAAACAGATACATGGAGACGTCCAATCCGGACGTATACGCAATAGGGGACGTTACAGGCGGAATGTTATTAGCCCATACGGCCTCAAAAGAGGGCATTGCTGCGGCAAACAACATTATGGGGCACACAGAGGAAATGGACTATACTGTGGTTCCCGGTGGAATATTTACTCATCCTGAGATAGGTTCGGTTGGGCTTAGAGAGCATCAACTTGAGGAAAGGGGGGTAAAGTACAGAGTGGGCAGGTTTCAGTACCGGGCCCTTGGCAAAGCTCATGCAATGGGTGAAATTTCGGGGCTTTTTAAGGTCATCTCCGATGAGGATGCCAAACGGATACTGGGAGTGCACATAATAGGGCAA
CP049016.1_gap75	3272955	3273455	500	AGAGAGCAATGCGCATTCTTAAATCCCGGCTCTACGAGCTTCAGGTCTTAGAACAGGAGAAAAAACTTGACGGCATTATAGGTGACAAAAAAAACATCCAATGGGGAAATCAGATTCGCTCCTACGTGCTTCATCCGTACAGGTTGATTAAAGATCACAGAACGGGATATGAGATGGGTAACGTTAACGCTGTTCTTGATGGAGAGCTTAGCTCATTTATAAAGGAGTATTTAATACGGAGAAAAAATGCTTAACCCTTCTATTACTATTTATGTAAAAGAAACAGTAGTAACAGTAGGGGGCGTTAAAATGTTTAAAACCTACAAAAAGTATATGTTTGACACATACTTATCGTGTTTGCTTTGTTGTTGGATATTTAGCGCAAATTACACACTTATCAACAATTTAAAATTATACTTAGATATGAACAATTTATTACCGAATTTTGAAAGGAGTTATTTAGGAATTATTAACAATTGTTGATAATTTGTTGAAAACTT
