gap_id	start	end	length	sequence
CP047593.1_gap1	68775	71156	2381	GACCGGAATATCAAAGCGCATGTCGTGCCCCACCTTGGGAACTTTTACCACTACGGCGCCCGGCCCGCCGAGTTTCCCGCCACGCCGAATGGCCCGGTTGGTTCCTTCAAACGCTTCGACCGCCAGCACCATGCCCTCTTTCACAACAACAGTCTGGCCGATATCCAGATGCGAAGTATCTTTGATGACGCGCCGACCGATCTGAATATCAGCCAGCTCCCGGTCATCCGGTGCCCGGCGGGTGAGCAGGCCGGGAACAGGCATAAAATCCTGCATAAAAGAGCCGGCGGAAAGCAGTGTTACACCGGTTTGTTCAATCCGCTCGATAATCGCCCCGAAAATCGTGTGCGCGTTTTTCATCGGAAGCTTCCTGAGCAGGTCTATCAACGCCCGGTCCATGCGAACATTAAACAGGTTGTTCGGAGTGATCTGTCCCGCCATAACGGCGCTGGTCGATCCGGCCGATTGAACAGCGTCCAGAAGTGCGGTCAACTGTCCGACCCGAATCCAGATGACTTCGTCGGCCACCTCGCAAATTTCACGACGGGTCTCTCCCTTAAAAGCAACCGCTGTGATCTTCCGAACACCCTGACGGCGGGCTGCGCGCGCCAGCAGGAGCGGATAATCGGCCTGTCCGGCAATCAGGGTCAGAGAGTCAGGAATATTGAAATGGCAGGACATTGGAATATTGAAATGATGGGGTCATGGAATTATGGAATATCGGGATTGTCAGATCGGATTGTATAGCTTTCGTTTGATTCTTTGATCAAAAAGGAATCGTCCCACTCATTGGACGCCTGTTTTTCCTGCAGAGATCCAATCAGTTTTTTCAGGTCATTCTCGAGTTTATATGCCAACGCATCCGTTTCTTCAAATTTTTCTTCCGAAATGTGGTCTGCTGCACAATAAACATGAAGCGTGGAAACACTCTCGCCCACAGAGCCTTGGGCAATATTGAGGTACTGTAGATACTCTTTAATACTGCGCCGACAATATCCTTCGGAAATATTACGATGGATGGAATCAATAGAAGCCACTTGCTGGGATGCGATACGTTTCTGCTCAAATGGAAACGCTCTAAAGGCCTTCCATGTAAGTAAGTACAGGTCGCGGGCATCCTGCCAAACCCTTAACCGCATGTATCCCCGATTGGTGTTCTTTCTTTGCTCCATCGTTCCAATCTAAAACAGATTGTTAAACTGCATTGTTTTTTTCGGAGCCTGCGCAGGCACCAATGAACGGAACTGAGGGTTGCTGTACAATGGACGGAAGCGGGCATCTTTGGAAATCTGATTCCGGGCGGAATCGCCGCCTTTCTCAACAGCAGTCTCCAGCGCGCTCAATGCCTGCGGAATATGACCTAAGGTCATCCTGACCACCGCCAATTCGATCCAAATGCGAGTATCGTCCGGTTTGGCAGCGAGGTATTTCACCAATGCGACCTCAGCGATATCGAAACGGCGCATCTGCGCCAACTGCTGCGCCAGCTGCAGCTTAATCTGAGGCGGAAGCTGCGCACTCAGCACACGGTTAACCATCGACCGAAGCTCTGCCTGCTCCTGCAAAGCGCTGTAGAGAGAGATCAGCTCGAATGCCTGACTGATATCGAGCGACGCTCCTTTCGCGTCTTTGATCGTCTGTTCCAGCTCATCTTTACGCGCACTCATGGTCTTGACCTGATCAATCTGATCCAGAAACGCACCGGTCCGGTCATGATGCTTATCCTGCGCGGCAAAGGTCTCAATCACTTCGCGGGCCTCATCAAACCGCTTGAGGCGCATATAAAGGTCTGCAAGCCGGAAAACGGCCTCAGGACTCAACGGATACAGCGCTACAGCCTGCCTGAAAGCCAATTCCGCCTCTTGTATATGACCACGGGCGCTATAGAGACCGGCAATTGCGCTGCGCAGTTTGGAAAAACTTTTGCGAGCAACGATATCGCGCTGGAATTTGCGATCGTTCACCAGTCGATCCACATACCATCCCCAGAACTCTTGATCGTTTTTGATCATTTCCCGGGTAATCGGTGTCGGCTTATTGTTGATCTTCATGATCAATCCGTGCGGTGTCAGGTAAGGATACATCCACGGAATGACATAGCTTTCCTCGACATAAAAATCGCGCTGCCGCAGTTTCCCGTCCGGACCAACCGGATCTGCCGGAACCACCGCCGCACCGGACTGTCGAGTGGACTCGTCGGTTTTCTCCTCTGTTATATACTGGTTATGATCAAAAATCTGTCGGCAGAGAATTCCGTTGATCTGCATAACCCCGGCAACGCCCTGCACCTGTACACGCCCATCCGCTGTCTTCACATCGGCACCGGCATTAATGCGCCCGCTCTGAACGCCCTGCACGTATTCCTGGAACGCATGATTGCT
CP047593.1_gap2	72198	75012	2814	ACCGCGTAAACACTCCACACCCAAAAGGACGCATGGTCCCATCCGCGGTTCCACGCCCAGGCCTCGGGGCCGAATTTGTTAATGATCAACATCAGCACATAGAAGAGGCCTACAATAATGAAATCACGGGCCAGTTTCAGATTGCGAACAAGAACGCCGACTCCAATTGCCGCCCCCATAAACAGCAATGTCTGATGGTTGGTCAGTCCAAGACCGAAAACAAATGCCATCAGGAACAGCGGCCTGGGATTGTCCGGCTCGCACATCCAGCGATACAGGAACAAAAGCACTGCCGTCTGGAACAGGATGTTTGGAGCATAAACCTCTGCAATCACGGACTGAGACCAAAGCCCCTGGCTGAACGCCAGCAGCAGGCCGGCGGCAATCCCGGCCACACAGCAAAACAGACTTTCTGTTTTTTCGCCAAGCACCTCAGTTTCTTTTTTGAGGTTGCGCAGAAAATCCATTCCGGAGCGGCTGACCAGCAACGCCAGAACCGCACAGGCGGCTGCGCCGGTGAATGCCGAGAAAAAGTTAACGGCCCAGGCCGGGTTCGGATAGCCGTGATAGGTCACTTTATGGAAAACCCATTGAAAAGCCCACGTGAGCAGACTCCAGATCGGATAACCGGGAGGATGAGGCACTCCAAGATAATCAGAGGCGACAATCAGCTCACCGGAATCCTCCAGCCCCACTGTAGGTTGAAGCGTTAAGGTGTAGACTGTCAGCGAAATAACGAAGGTCACCCCGAAGGCGATCCAGTCCGAAAGGCGGAAGAACGGTTTTTTATTCAAGACGGATTCCTTTTTTTTAAAAACGTGAACCGTAAAAATAAGCCTTTTTTGAACCCAAAGGTCAAGAGTGGAGCGGAATATTGGATGGGCGGATTGCCCCCCGGTGAAAACTTTTGTAGGTTATCGGCATGAGCAATGGAATTGAAGAGTCTGCCCCCCGGTTCGCTGCAGTGTACGGAACACCGGGTCAGGGCCCGCGAACACTGGGACCGCTGCGCGTTTTCTGGCCTCTGGCTCCGTTCTGTCTGACGACAGGATGGCTGCTGCGTGCAGCATTGCCTGCCCCTCAGCTCTCCACCACCCAGGCGGGCTTTCTGTTGATCATCCTCGCGGTGCTCTTGACGGTTTTCACCGCATGGAGTGCCCGGCGCCTGCAGAGCTTTATTAAAGGTGCTGAGGGAGAAGAACAGGTCGCCCGGCTCCTTTCTTTCCTCCCCGCCTCCTATTCGATCTTCAACGATTTCCAGCTGGACGGATCAGGACCGGCATTTGACCACATCATCGTCGGACCAACCGGAGTGTTTGTGGTTGAAACAAAAAACTGGAATGGAGAAATCTCATTCCAGAACGGACAGGTGCTCTGCAATGGGAAAACGCCCAGCCGGCCGCCCATTAAACAGGTAAAGGAAGCCGCGGCCGCCCTGCTCGATCATTTGAGCGAAGTACAATGCCCTGAGGTTCCGGTCCAGCCTGTACTCTGCTTCGTCAACAATCAGCTGGCCGAAGGAGTTGCCAATATCGGTGGAGTCCAAATCTGCACAGACAGTACTCTCTACCAGCTCTTTGAAAACACACTGGCAACTCCGCCGGAAGGCGGATCACTCGCCCTGATTGCCGAAGAACTCAAACACTGTATTGAAGAAAAATAAGGAGTCCGCCATGACTCGCGTTATTGTCCCTGTCGCAAACGGTTCTGAAGAAATAGAAACGGTAACCATCATCGACGTACTCCGGCGCGCCGGGTGGGAAGTGGTCCTGGCCGGCATCCAGGGATCCGGCCCCGTCACAGCATCGCGTGGAGTCAAACTGATTCCTGATGCCCAGTGGGAAAAGGTGGACTTGAGCACGTTTGATATGATCGTCCTGCCCGGCGGCATGGATGGCACAAATGCCTTCTGCGAAAATGACGGCGTACAGGAAGCCTTGCGTATTTTTGATATTGAAGAGCTCTGGATCGGCGCAATCTGCGCCGCTCCCCTTGCCCTTCACAAAGCCGGCGTTCTCAAACACCGTGCATTTACCTGCTACCCCGGCATTGAACAGAAAATGAAGCGCAGGGATCGCTCCGGCGAAGCCGTGGTTGTTTCCGGCCATGTGATCACCAGCCAGGGTCCGGGAACCGCGATGCCGTTTGCCCTCAGACTGATTGAACTGGTCGATGGAAAAGATGCTGCCGGTCAGGTCGCGACCGGATTGCTTTACTGAACATGAAACCCGATCGAAAAAAAGTCCGCCTGCTGATCAATCCAAACTCCGGCATGGGAACCGCTTTGGACCGGATTCGCCAGTCGCTTCTTGACCACTGGGACCTGCCGGGAACCGATTTAACCATACAGTTCAGCAAATCCAAGGAGGACGGACAGGACAAGGTCAAACGCGCAGTGGACGAAGGAGTTCATACACTCCTGGTAGCCGGCGGAGACGGCATGATCAACTCCATCGGAAGCGTATTAATCGGAAGCGATGTCGCTCTCGGAGTCATCCCTACCGGCAGCGGGAATGGACTGGCCCGTCATTTTGACATCCCGCTCGATCCTTCTGCCGCTGTGGCCGCCCTCGCCAGAGCAGAAGCAAAAGCCATTGACGTCGGCTTTGCCAACGATCTTCCTTTCTTCATCACCTGCTCTCTGGCATGGGACGCCGCACTGGTCAACACGTTTGAAAAATCACCGGTCCGCGGCATTCTGCCGTACGTTTTTGCCGCCGTGTACGAATTTTTTGAATATCATCCGCAGCCGTTCACTCTGCAACTGGATGAAGAAACAGAAATTCAGATCGAAGATCCGCAGCTGTGCACCAT
CP047593.1_gap3	79670	84560	4890	GTGAGAGGAAACTTCCATAACGGCGCTGTCGCATCCGGAACGATCCATCTGAAACAGCATCGACTGCACATCGGGCGCTTCCGGAGTCGTGCGCGAGGCAGGCAAAACCCGGTTTCCGATTTCATAGCGAACGGTTCCGATGAGACCGGACCTGCGGGCCGCGGCTTTAAAAATGTCACGCAGCATAAAGCTGACGGTGGTTTTTCCATTGGTTCCTGTGATTCCGACCGTACAGAGCTTCTCTGCCGGATGGTCGTAAAATGCTGACGCCAACCGGGCCAATGCAAAACGCGCATTCGAAACCTGGGCATACGGAAAACTTTTTCCCAGCGCACAGGGACTCTGCGAAACAATGGCCGCTGCGCCGCGCTGTGCGGCTTCTTCGATGTAGACGGAACCGTCAACCTGCGCTCCGGGCAAGGCGACAAAAAGAGCTCCGGGCTTCACCCGTCTGGAATCGTATTCAATGGAGGAGATCTCACAGGACAGATCTCCAACGGTTTCGAGCGTATCAATGCCACTCAAAAGCTGTTCAAATGTTCTCGTTATATTCATGGGACCTCTTCAGAAAACGGAGCGGATTCCAGACCACTGACATATTCAGTGGGAAACCCTTGCGGTGAAATTCGCAGATAACGTACAGACTGATCAGCAATCTTTTGAAAAGCCGGACCACACACTGTTCCTCCGTAGTACACTCCCTGAGGGTCATCCGCGACAACAATAATACTGATTGCCGGATTTTCAACCGGCAGAAACCCGCCAAACGATGCAATGTATTTGCGGGGATAATACCCTCCCCCCTCCTCTTTCGGGCGCACTTTCTGGGCGGTGCCGGTTTTCCCGGCCACAGAATATCCCCGCACAGCGGCTTTTGTCCCGGTTCCTCCGGGCTGAGTCACCCGAGCCAGCAAACGACGCATCAGCCTGGCCGTTTTCGGGCTGATCGGACGCCCCAGTTCTTCCGGAAGGGTTTCGAAGACGGTCTGGCCTCCGGAACTGACGACTTTATCGATCACATACGGCCGCATGCGGACTCCATCGTTGGCGATTGTGCTGAGCGCGGAAATCATCTGCAGGGCGGTTACGTTGAGTTCATGTCCCATTGCCAGACGGGTAATGCTGATTTTCGACCAGTTGCGAACCGGCCACAGAATCCCGGCTTCCTCCCCCGGCAGATCAATACCGGAACGAGACCCGAACCCGAAACTTTTCAGGCATTGATACACCTTCTGGTCTCCCATCTGCAAAGCGATTTTTGCTGAACCAATGTTACTCGATTTTTTCAGGATATCCGCCACGCTCAGCAGCCCTTCTCTATGCGAGTCGTGCAGAGCCCGTCCGCCATACATCCATCGTCCATTTTCACAGTCAAACATATCCCGCGCAGTTACATACCCACCATCCAGCGCAGAAGCAATAATGACAGCCTTCATCACAGAGCCCGGCTCATAGCCAAAGCCGACGGCCCGGTTGCGCATCCATTCAGAAGGGAGCTTGGGATCATTGTAACGATTCGGATTAAAGGTCGGCCAGGAAGCCATGGCCAGAATTTCTCCATTGCGCACATTCTGCACAATGGCCCAGGCCCCCTGCGGTCGATACTCCTGCACCAGTTCATCCAGCGCTTTTTCAGCGAAATGCTGCACCTGCTGATCGAGAGTTAAATAAATATCGGCACCGGACTGCGGTTCAATATCCACGGTTCGACGGCTGTAGATTTCGCGGCGATGACCATCCTTCTGGCTGACCCGCAACCCGGTTGTCCCCAGCAGATAGGAGTTAGCCTGAAGCTCAACCCCGGCACTGCCGACCCCTTCGCGATTTGAAAATCCGATGACATGCGCTCCGAGAGCTCCTTTTGGGTAGTTGCGCATGGAGGTTTCTTCGAAAATCACCCCTTTGAGTCTCTGCTGCATGAGCGGTTCCAATGTTTTCTCGCGCATATATTTATGAATTCGAACATATTGACGATGCGGCTGATCGAGCAGCTTCCAGATATCCGCTCGGCTCATAGCAGGCACTACACGATGAACCGCCTCGCATACTTTCTGAATATCGCCGTTCTCAAGAATAAATTTTGGATCGGCGCATAAGTGACGTGCCGCAATGTCCACCGCAAGAATATTGCCGCCCCGATCAAGAATCCGTCCGCGCGGACCGCGGGTTTCCTGCTCCAATCGACGGCCATTCTCAATCCGGGCCAGCGTTGCAGCAGAAGGCTTTAAATGCAAAAAGGCCAGGCGAACACCCAGCCCAGCAAACACCGCAGTCACCAACACGGAAGCTAAGATTGTTCGTCCCTTATAATGCATCGGTGTCCATTGAGTTCTTGCTGTTTGCCAATGTCAGCAGCCCATCTGTTCGTCCCCGCCGCACACGCACCACCTGTCGCTCGTCCGGCAGCTTCATGGCCAGACGATGATGTTTGAGCGCGCGTTCAAAGTTGGCCGGAGCCAGCATGTTCGACCAGCGGTCCTGCTCACTGATTGCCTGCTGGCGAACCGTACGGCGCTCTGTTTCAAGCCGTTTGATTTCCGTACCCAATGTATCGCAGCGCGCGCAGAGCCAGACATAGGACAAGCCGAACGCCATCACACAGACCAGAACCATTGCCAATACATTCGGAAACGGAATGCGCACTTCCGCTTTACGGCTCTTTCTTTTCTGTTTTTTCTTCATACGGGCTTCTCCCTTTCCGCCACACGCAGCTTGGCTGAGCGCGAACGCGGATTGTCCATCAATTCCTGCTTTGAGGCGGTCAGCGGTTTTTTATTCAGCAGCCGCACCGCCGGTTCGTCATAAATCAGTTTTTCGCCTCCCTGCTGAAGCGATTCCCGCTTCACGCAGTGGCGCTTAAAACACTCTTTCACCATTCGGTCTTCCAAACTGTGGAAAGTAATTACCGCCATCCGACCGCCATCCCGCAGCATGGAAAGTCCAGCTTCCAGCCCGCGCTCCAGGCTGTCGAGTTCGGCATTCACTGCCATCCGCAACGCCTGGAATGTCTTGGTGGCCGGATGCGTAGGCCCGCGACGCCCGCCCTTGGCTCTTTCGACGATTTCAGCCAGATCCAGCGTTCGCTCGATCCGCCGGCCCTCTCTGGCCTGCACAATCGCCCGCGCAATCCGGCGGGAATCGCGTTCTTCTCCAAAGCGGAAAATCACATCCGCTAAAATCTGTTCATCCTCTTCATTCACCCAATCAGCGGCAGACCGGCCCTGAGTCCGGTCCATTCGCATATCGAGAGGACCGTCTTTTCCAAAACTGAAGCCGCGCTCCGCCACATCCAGCTGGGGCGAGCTGACCCCGAGATCGAGCAATACCCCGTCGACCTCGGTTACGCCGATCTGTTTGCAAAGCTCCTTCATCTCTGAAAAATTTCCGTGCAATCTCTGCGCCTGATCCCCGAATGGTTCTAAAATTACTTTCGTCTGCTTGATTGCCTCCAGGTCACGATCCAGTCCGATCAGCCGACCTTCCGGATTCAACCGTTTTAAAATTTCTTTCGAATGTCCTCCCCGTCCCAACGTACCGTCGATATAGGTGCCCGCAGGATTATTCACCAACAGGTCCAACGTCTCGTTCAGCAATACCGGAACATGCATACAACCCCTAAACAGCCAAACGGGTTCCAAGGACCCGGCGGGAACAGGCAGCGGAAAATGTTGCTGCCTGCTTTTCGGTCATCAGCATGGTGCGGCTCGCCCGTCCGTCAGGAAGCCGCAGGTAGCGCTCTTTATCCCGCCTCAGATCAATGGTCTGAGACAGATGCATATATTTCGCGATACCGGACATACTCATTAATTATTTCCTCCTAATAACTTCCAAAAAATGTGTTTTCTGCCAGCGGCGAGTCGGTCGGCAGAGCCAAATCAAATTTTTCTTCACTCCAAAGCTCAATGCGGGTCAACGTCCCGACCAGAACCACCTTGTTCTGCACTGCAGCATGCGCCAGCAGTTCATCTTTAATCCGCACCCGTCCCTGCGCATCAACAGCCAAAGCATCCGCAGAAGCGGTCAAAGCCCGAATGGCCTGATGATCATTCTCATCCACAGCATCCGCCGAACGGAGCTGAGCCAGCCGTCGATTCATTTCCTGAAGCGTATAAAGAAACAAGCACTGCTTATCCGGATGGGGAAAAACAAACAGGCGTAATGAATCGCCCAGCAATGAACGCCAAGTGGATGGAATAATAAGCCGTCGTTTTGGATCGAGAGAGTGATGATACGAACCAACGAACAGCTCCTCTGTCTTTGATTCTAATGTATTCATACTCCACCTCGCTCTTATATGCCCCCTTTTATGTCACCACACCCCACACCGGTCAACATGATTCCCCAACGAATTTTTATTTGAACAAAATCCTGATATAACGGACTAACAGAGACGAATACGGTGAAATCTCACCAAAAACCACAAGGAGGATCCATGAAAAGACTTGCCACACTTACTGCGGCCATGGTCGTTGCCACTGCCGTGCTCGGCACCGAAAACACAGCAACCAAACATTCCTGCTGTTGTGATTGCAAAGAAAGTACGAGGACGAAAGAAACAAAATGCGTCGAACACGGCTCATGCAAAGAAAGCTCCGCCTGCCCAACAGCCTGTGAATCAGCAAAAAAAGCAGAAAAAAGTGAATGCTCCGGAGGAGTCTGCCCACTGCCGAAGTAAAATTCGCAGAGGCCATATCTGCGCAAAAAAAAGCCGCCCGGCGAAGGGCGGCTTATCAGTGATCAATTCAATACTTTACTCAGCTGAAGCTTCCAGCTGTTTGACATAGACTGCCAAATGATCCTTGAGCGTATTCAGTGATGTTGTAAGGTCCCCCATCTCCGCTTTAAGCGACTTGGCCTTTTCACCCATCAACTCGCTGATCGACAGTTCTT
CP047593.1_gap4	162671	165649	2978	CAGATTCACCATCAGTTCCCCGGTGGCCCCGCCCTGCCGAACGACCAGATTGCGCAAAAACCCTTCATGCGTGAAGGTGGAATAGATGGAGGGCTTGCGCTCAATCATGAAACGGCGCACGGTTTCGACAGCGAGATTCATATCGTCGGAAGCGATGTCGCACTGATCAATATCGATGGCCTTGGCAAAGCAGCCGGGCGCATGGAATCCGAGCGCAAAGTCGAGCGGCTTGTCGAGGTCTTCTTCCGGCACATTCATTTCGTCGGCCGTAAGGTAACGCATATCCGTGAAATCCATGTCGATTTTATTGCGGTAGCCGAATGTGTCCTGGGCCGGAATACAGTCCGCAACCGACGGATTTTCAAAACCGCCGAGTCGTTCGAGAGCATCCACAACCTGCTTGCGTTTGACGCGCAGCTGTTCGGAATAGTCGAAGTGCTGCCATTTGCATCCGCCGCAAACCCCGAAATATTTACAGCGCGGCTCGGTGCGCCGGTCGGAAAATTTGACAACTTCCGTCAGGCGCGCCTGCAGGAAGCGTTTTTTCATCTTCGTGACTTTTGCCCGGACGGTGTCGCCGACAGCGACCGGCCCTTCTACAAAAACCTTAATACCGTCTTCGAGCTGTCCGACACAGCGATTTTTATCCGCCGTATCGAAAAGTTCCACCTCAATGATTTGTCCTTTTTTTGCCATAAGCGCGCAGTTAAACCACGTTTTTCCGATGTTTGGAAGGCCTATTGCGCCGAGTCGGGCAGATTTTCCAAGCCGTGGAAGCCGGACTCAGTTTTTCAGCACCCGCCGGGCGAGGCTCCAGGCCAGCCCGCCGCTCAGCAGGTTGCCCAGAGCAATTCCGGAAACAAGGCCGACAAAACCGAACAGATGGCTCCCGATCAGGCAGAGCGGCATCACAAAACCGAATACGCGGGCGAAGCCGATCACCATCACCGGACCGGGCCGACCGATAACATTCATCAGCTGCCCCATCCAAATGCTGAGGTGCAGCCCGGAATGACCGAGCACGGCAATCAGCAGATAGGTGGTACTCAGGCGCACAACGGTTGGATCTTTACTGAACCAGCCGGAAAAGATTCCGGCGGTCGGCAGCAGGATCAAAAAAATCGCTGCACTGTAAATCAGAGCGAAACGGTTGCTGGCGCGGCGGGCTTCGTCGACCCGCTCATGTGCTCCGGCACCGAAGTTGTGACCGACAAACGGCACAAGCGCGATGCCGTAGGAAATGGCAAGGATCATCAGGAAGGCCTCGATTCGTGTGCCGGTGGCCATGGCGGCGACCGCCTGCACACCGCCGACACCGGCGGCGAGACGGATGTAAAAACCCTGCGCAACCGGATTGAGCACCTGCGTGAGTGCCGCCGGAATGCCGAGGCGAACAATTTCGCGCCACGACTGCAGCATTTCGCGAATGCGGGGGCGGCTCCAGCTGATCAGGCGGTGTTTATAATGAAGAAACCCAAGGGAGGCCGCCATTCCGCAGACCCGCGCAAACACGGTGGCAAGAGCCGCGCCGCGCATACCCATGGCCGGAACGGGCCCCCACCCGAAAATCAGGATCGGATCGAGAATGATGTTCATGACGGCACAGGTGCACATCACGATCAACGGACGAACCATATCGCCTGCCGCACGCAGACAGCCGTCGCAGACCGGAGGAAGAACGGCAGCCACAGCCCCGCAAAACCAGATCTGCATATATTCGTGTACGAGAGTCAGTACGCGGCCTTCGGCTCCGAGCAGAGAAAAAAGCGGATCAATGGCAAGATATCCGGACACCCCGATGATTACGGTTCCGGCAATCGTCAGAAAGAGACCGTCCGAAACAGTCCGGGCCGCCAGGTTGCGATTGCCGGCGCCCAGCGCACGACTGATAATCGACGCCGCGCCGGTTGAGAAACCGATCGCCAGCGCCCCGACAATCATCACCACGGCAAAGGTGAAGCCCATCGCGGCGAGCTGGTCGGTGCCCAGCCGGGATACAAACCAGGTATCGGTCAGGTTGAACACCATAATGGCGAGCATCCCGCCGATACTGGGCAGAGTCAGTTTAACGAGGTGGCCTTTGACGCCACCGGTCAGCAGTTTACTCATTCCGAAACCGGGGGCTCTCTCAATCCTTTAATGTCCTCAATGATCATGTAGAGCGACGGAACCAGCAACAGCGTAATACAGGTTGCAAACAGCAGTCCGTAACCGAGTGAAATGGCCATCGGGATGAGGAAGCGTGCCTGACGCGATGTTTCAAAAATCATCGGGGCCAGTCCTCCGAAGGTGGTGAACGTGGTCAGCATGATCGGCCGGAAACGCTGAATGCCCGCCGAGACCACAGCATCGTGCGCATTATCATGATGCGCCCGGCGATCATTGGCAAAGCTGATCATCACCAGCGCGTCATTCACAACCACCCCGCTGAGTGCCAGCATTCCGATGATACCGATCATGGTCATGTCGTAGCCCATGATCAGATGACCGATGACCGCGCCGATGATTCCGAACGGAATACTGATCATCACGATCAGCGGCTGGGAATAGCTCTTAAACGGAATGGCCAGCAAGGCGTAAATGGCAACGAGCACCATCGGCAGCGTCACTTTCATGCTGCCGAAGCTCTCGCGGCTGTCGGCATCGCGTCCTTCATAGCTGTAGTCAAGACCGGGATAGCGATCCATAATTTTCGGCCAGACACTGGCGGCAAGCTGCTCGCGCACTTCGCCCGCCTTGGATTTCGGACGAACGTCTGCCGTCAGCGTCAGCGCGCGCATTCCGTTGCGCCGTTTGATGGAGGTGTAAGAGGTTCCGGCGTCAACATCGACCGCATCCTCCAACAGCACTTCGCCGCCGTCCGGAGTGCGCAGAATAAAGTTTTCGAAGCTGTAGAGCCGGTCCCGATCCTCTTTCGGCAGGCGGACACGCACTTTCACTTCGTTGCGTCCGCGCTGCTGACGCAGCGCTTCGGCGCC
CP047593.1_gap5	167844	171854	4010	CCATCCAGGCAATCGGTCCTTTGGGATTTTTCAGGAAATCACTCATATGTCAGTACTCTTGCTCGCTGTTTTTGAACCGGCAAACCAGTCGGAACTCATCCATTGGCATCTTTCTCCGGTTTGTTTTCATCTGCCGGGGCAGATTCATCGACGGTCTTGAGCTGCATACCGTCAACCGGAGCCTGTATGTTTGAAGTCACCAGCTTCCAATCCCTGGAAAATTCGAACCGCACCAGCACCTGATCGGAATACCCCTGAATCACCTTGGCCGGACAAATATGAAGATGTCCTTCTGTATCCATCATCCAGACCGTGGAGTTGTTACGCAGGTGCCTGCGACTGATCAGACAGACATCACGCTCCTCGCGGCCCACGAGATCAACCCGCACGGTTTCTCCTATCAGCATCGGTCGCGGTCCCGACAAAGGCTGGTCAACCGTCACCAGTAACTGGGCCATCCGCCCCTGCGCGGTCAGTTCCGGCTGCAGCTTATAAAGGATACCGGACCGGACCGAGCCATCGCTCAAAGCAATCTCTGCAGAATAACCGACTGTATCCAGATTCGGAAAATACTTCAGATTGCTGACCGGCAGAGAAACCCGGACATAAAACCGCGCCGCCCCAGCAAGCTCCACCAGCGACCGTCCGGTCTGAGCCTGATCGCCGACATCCACACTCACCGACTGAATGACCGCATCAAACGGCGCGCGGATTTTGGTTCGTTCCAAATCAACCAGGGCACTGTCCAGGGCCGCTTCAGCACTGGATACGGCAGCCATGGCCGCCTGCAGCTGAGGCTCGCGCAGCATCAGATCGCGATACGCCTCGTCCACGTCCTCCACGGAACTGATCAGCTCCATTTCATGAAGAGCGACCGCCTGCTGGCCTTCTTCCAGACGCAGACTGCTCTTCGCACTCTGAAGAGCCGCCTCTGCCCGCTTCACAGCCAGTTCATAATCGCAGGGATCCACCTCGATCAGCACATCGCCCTTGCGAACAAACGCGCCTTCCACTAAATCCGGATAGACCTTCAGGACCCGCCCGCTCACCTCCGCCTGCAGCGAAACCGCGGCATCGGCAATCACCGTTCCAAGGGCATCAACCCGCACCGGCCGGGTTGATGACTCAACCGCACACACTTCCACCACCGGCACCATGGAAGACATCTTCTTGCGCTCAGCCTTCGGACGGGTTTTCACAAATGTCCACGCAGCGATCATTGCAATGATCAGCAGTAAGATCCCGATTCCTGTTGTCAGCCACCGTCTATCGTTCATCATTTTCTCCTTGGGAAACCGTTTCGAGGACCGCACCCCAGTCGCCGCCGAGCGAGCGGTACAACTGAATTCGATCACCCAGCAGTTCGTATTCCGCCGTCAGCACACTCACTTCCAGATTCTGGCGCGACGTCTCTGCCGCCAGAGCTTCAAAATAGGTTTCCAGCCCGCGGGTATAGCGACGGTATGCCTCTGTGGCGGTCTGCTGTGCGGCCTCAAACTGTCGGCCCAGCGTATTCACATACTCCTGCTGATGGGTTTCCGCAGAAAGAGCATCCTCCACTTCGCCGAGCGCACCCAGCACCGCTTCACGATAGGCTGCCAGCTGTTCATCTGCGGCGGCGCGGGTTCTGGCAACATCCGCACGCAGGGACCCGCCGTCGATCAGCGGCATCGTCAGTCCGGCCAGCAGATTTCCAATCCAGTTATCAAAAAGCCGATCCGTGTCGGAATTCGATGTTGTAAGGGTGCCGGTCAGCCGGATTGCAGGCATACGGGCCGCGCGAGCCGCGCTTACATTCCAATCGGCAGCAGCCAGCAGCGCCCACTCTCTCTGAAGATCCGGGCGCCGGGCCAGAAGGTCCGCCGGAATACCCGAGTCCGGTCGTTCAGGAAGAGCCGGCAGCGCTTTCGCTTCCAGTGCCAGATCGGTCTGCGGCGGCTCACCGACCAGAATAGCCAGCCGGTTATAGGCGGCAGCCAACGAAGCGCGCACCGGCGGCAGCGCCGCCTCGGCCGCAATCACCTGCTGACGCCGCTGCAGTACATCCAGCGCATCCGCACTGGAGGTCTGGAACCGTTTTCCAACCACGGAAAGCATTTTACGATTTACCGTCAGCTGTTTTTCCAGAACCGCCAGGCGCTGATTCAGGTACAGCCATTGGAAATAAGCCGATGCCGTTTCGGCGGAGATCGTCATGGCCGCGGTTTCCAGGCTGAACCGGCTGGCGTCCAGACCGGCCAATGCCGCACGATGGCCGGACGCCACCCGCCCCCACAGGTCAAACTCATAGCGGGAAACTTCCAGTCCCAGTGAAAAATCGTCCGCCGTCGACGTTCCGGCACCGGCTGTATGGGTATATCGCGTTTGCGCATCACCAGTTGCATCCAGAGACGGAAAACGATCCGCACCGCTTTTCATCACAGCGGCTTCGGCCTGCCGCAACCGGGCGGCAGCCTGCTCGATGGTCAGGTTCCCGCCGAGCGCCCGCTCCATCAAGCGGGTCATCTGTGCATCATCAAACGCCGTCCACCATGCATTTGGAACCGCCGCGCTGTCGACGGCCTGACGATATTCATCTGGCAGCATCATGGTTTCGCGTTCATCCGGGCCGAACAGTATGGTGCACGAAGAACAGGCGAACACCGCAAACGCTGCCGCAAAAAGTAATAAACCGGAATGCATTTTTTTCATCATCTATCTCCGTACAGCAGCTGCGGACCAGAACAGCTCAAGCAGCGATTCCACTTCGATGTTGTCATGATTAAACCGGTTAAGCCGGGATCGGAAAAGAAGAGGCCCAATCAGGCTGCAGTGCAGATCTGCCACCGTAAAATCATCCCGCAAAGCCCTCTCATCGATTCCAGCCTGAATCAGGCTGCGCGCCGCGCGGACCAGCTGTTTGTGCTGCTGCATAAATGCTTTTTGAATTATTTCCGAACCGGTCTGGTTCATCAGTCGGAACATGACAGAACGTCTTTCAATAAATACGGCGACCTCCCGCCCGAAACACAGAAACCGTTCGTGGAAAGAAATGTTCATCGCTGCGATCTCCCGCATGCGCTCTGACATCTCTGCGACGCCATCAATTGCCATTTGAACAAACAGGTCTTCTTTGTTTTCAAAGTAGAGATACAAAGTCCCTTTGCCGACTCCGGCCCGTGCCGCAATATCATCCAGTTTTACTTCATCAAAACGCCGCGCCGTGAACTCCGCGTGAGCCGCCTTCAGGATTGCATCGCGCTTCTGCTGTTTTTTTCGTTCCCGGGTCATGCCGAGAAAGCTACAAAACTGACCGGTCAGTCACAATTCAATTTTTAATTATTTTATTAAGTGGCGGTCGGCCTGAGTTCTCCGGATTCAACCCGATGAAGAAAACGTCTATCAAAAGAACAACGGTCACCTACTCCGACCTCGAGCGCACGCTCATTAAGCTGTGCTGTACCAATCGGAACTCAAAGCCGGCATGACCCATAACAACCGCCAAACATGCCATTAAGAATGGCCTACTTCTGAAACAGGGTGATCAATCAAATCGACCGGGAATTTTTTAAGCGCACAGAACAACATTTCCCCGGCATCCCCTCTCGGCAACAAAAAACGCGAACCCGAAGGTTCGCGTATGTAAGGGTTCATTTTTTGATCTCATTCAAAATGCTCAGGGAGCACTCTGAACAAGCCTCCCATTCGGCATCACCTTGCGGGCCGAAACAAGAATCATCAAATTGCGCTTCACGCTGCGCTCGCCTTCGGACCGGAATAACCGGCCAATCAAGGGAACACTTCCTAAAACCGGAACCCGATCGCTAAAGCTTTCCGTTTTCTCGCTGATTAATCCGCCCATGCCAATCGTGCTGCCGTCCTTGATGGTCACACGTGTTTTGATTTCACGCTGACGGAAAATCGGCAGGCGCGCACGAATCGCGTCATGCTCATACGTCATCCCAATGCGATACTGATACCACGTGTAGGACGAATCAGCCGGAGCCACTTCATAATTGCGCCATCCGACC
CP047593.1_gap6	173668	176264	2596	CCGAGATTCTGTCTTTCCCAGTCATCAAACTCTACATAGAGACTGCTCTCCTTCTGGCCTACCTGAAAAGCGGTCGGCATCATTTCCTGATCCCCCACCCAGATTTCCGCCATTTCGCCGTCCTGGGTCGTGACGCTGGGCGCCGACAGGACATCGGCCCCGCCGGACTGCTCCAGAGCACTGATCACCAGATCGAGTGGAAGCCATCCGTCTTTGGTCAGCGTCATGCTGCCGGCACTGCCGGCATCCAGCGCGCTGGCCGCTGTGCGCAGCGTTCCGCCCAGTGTCTGGTTCGGCAAGTCTGCCAGCCAGTCCCCGGAGACCTGCCACGCCTCATTAAAGTTCCAGCTGAAACCAAGCTCATTCAGCACCTTCTGCTCCACTTCTACGAAACGGGTTTCAATCTCGACCTGACGATAATCGGTCACGTCGTGATGTTCAGCGAGCACATCGACCACCTGAAGCATTCCGGCGGCGGTTTGACGAACGATCAGTCGATTAAAATCGGGCCAGAAATCAGCCGCGCACTCTTCAGGAAAGTCGATCGTCTTGAAGAACGAACGTACATCAATTTTCGCCTGCCCCGGATTGGATCCGGCGAGCAACTCCTTAGCCACATCTTCTTTCACAGAAAACGTTTTCATCTGGATTTTATCCGTTGCATTCCAGGCCTGCTCAACCTCCATCAGCAGGTTGGCCCGAACTGTCTCCCGGACATTCTGGCGGAATGGCGCCGCCGCACCATGGATCGTGTTGCGAAGCTCATCCGCCGCAAAATCCACTGTATCCCCAACCGCCCGAACAGTATCAACGGGGGCTTCCCGAAGCGAGTCGACGGCTTTTTCAAGAACCACATCACTCTCATCCGACACGCCGGTCGACGAAGCAATCACCACTTCGGCGGAAGCCAACCCGCCAGCCATTGCGCCCGCAATGATAAGCTCACCTATGCACCTTTTCATTCCCTACTCCTTCTGCTATCCGCGCCCACTGGAGGCTGGCGGAATCTCTCTTTATTCACCGCACCTTAATCGACCGTCACCTTGTAATAAACGGCCGGAACATCCACATGAATGATGTCGATGAACCGATTGGTCGTGAGCCCCACGGCTCCCTCCAGCGGCTTAAACTCCTCTGTAAGATTCAATGTGTACCAGACGGTATATGCGCGCCCCGGGGCGGCGACCCAGCTGATATCCCGCGCCCCATCGGCAGCAACGCTAAAGACCGAATCAGCGCGGAGCGGATCGGTTCCGGCGATGAGTTCTTCATCGTAGGACATGCCGTCGCCATCGGCATCAAGCAAGTCGATCGGCATCGAACCGGGCGCGCTATTGGTCACAATGAGTGCGACAGTAACTTCTACCGGGTCCTTCTCATTATCATCCTCAGACGAAACTTCCAGCTGTGCATTACGAACCAGCTGATTGGTTCCGGATGGAATCAGGGTGGCGGCGTTGCCAATTACAGAAATCCGGTCACTGCTCCCCGGCTCCAGCGTTCCCTCAACCGGCGTATACGTGAAGTACTCTTCATCGGACGGCTGCAACCGGACTGACCGGGCAGCAGCTTCATTTACATAATTGGTGCGCGGGAACCCGTTGATATCGATCACCACCTCATCGGAAGGAAGCGTCAGCACACCGCCGGCAAACCGCGTAAGGCTTGAGAGCCTGGAGCGCACCCCCGCCACCGTGACCGGCCAGCTGATTCCGTTCAGATTGCGGTAATTGAACCGCACGGATCCATCGGAAAACAGCAAAGCCTGGAAGCTGATATCGGATCCAAAACTCGCACCGACCTGCTCCATATTCTCCCAGCTGACAACCAGCCGGTTGGTATCACCGCTCATGTAAATGGCGGCATTTTCATCCATGAAAAGGTATCCCCAGTACGGCGCAACAAACTGATCCGGCACGTTCGGACTGGCGGTCTGCAGATCATTGCCGGCCGCGATGCGGCCGCTCGCCCCCAGCGAAATCCCGCCGTTAACCCCAACCGACAGGTCCGTGTAGCTGCCGTCATAGAACGGGAAAGCAAACCCGATCGGAAGCAGCGCGCTGTACCCTTCGTTCGTGGCGTTGATGTACGGGCTGACGCCGGGGTCCTGCAGTTCAATGCGGTTCGTTTCGGCCGCGATGTCCACCCAGCTGTTTGTCAGGAACACTTCAAAGCCATACTGCTTCGACGCGGCATTGGAGTCGCCACTGATCGAATAGGTCAACGGCGCCGTGCCGGTGTTTGAAACCATAAAGCGTCCCTCAACCGACTGCCCCGCCTCCGCAAAAAGCTGCAGGTTATTGGTCGAAACCGCCAGCACCGGAACGGCGGCAACGACCGCGGCGTGAACATCAACGAAATCATTGCCCCCGCTGCTCCAGTTGAATGTTGTGTTGAAGAGGCTGGACTCCCCGGCAGCCTGCCCGGTGCCGTCGGCCGTAAAGACAACCGAAGCAGTACCAAATCCCGGCACCACTCCGGTCGTCGGGCTGTAAGAAACCCAGCGGTTTTCCGCCAGCGCCAGCGCCAGCGCGGTTCCGTCCGCCGGCAGGATCCCAAAATTTTCAAACTGATCGGATCCACCCTGGACTCCGAC
CP047593.1_gap7	177294	178752	1458	GAACTGTTGTTGTTATAGGTCACCTGAAGCGTATCCGTATACTGGCCCTGCCCCGGAGTGAGCGACGCATCCGCCGTCACCGCAATATTGGTGACCGCCCCCGCCGGAAGACTGAGAATTCCGCTCGGAACCTGCAGCCAGGCTTCGCTTTTGGACAGTTCATAGGACAGCGCCCAACCGGCCGTATTGGAAATCGTCAACTGGGCGACATCGGTGTCCGCCACATCACCGGACAGGGATGTTTTATCGATCGAAGCAAATGCCGTATTCAACACCTCCAGCTCCACATTAACCAAAAAATTGCTGGTTGAGCCGTCCGTACCGGTTCCCTGCATGTTAAGCGCAAATGCGTCCGAAAACACACCGGGCAGCGCATTGGAGGCAATGGATACATCAAACCGATTCGTCACGGATTCCCCGCGAAGGATCTGCGCCACAGCATTGGATCCGGAATGAACCGTCAGCCAGGGATAGTTGCTCTCCAGCTGAATGGTTACATTGGTTGCATCATAGCCGTCATTTTGAATGACGAATGTGAGATTCGTGGTGACGCCGGGCTTTTGAGCCGGCTGCTCCGGCGCGGAGTCGGGATAAACCAAATCGCAGGGACCGAAACTCAGATCCTCCGTAACCAGCGTCAACAGCGGCGGATTCTCCGCGTCATTTCCAGCCCGGAAGCGATAATTTTTTGCTTCCGGCGCCACCTGATCCGCAGCGATACAGAAAAAGATATACTGATTGGTCGCCCCGGCGTCATACTGAGCCTGTACCCAAGCCGCCAGATCGCTCTGGGCGGTGGCCTGCCCGGTCAGATCATAAATACCTTCAGTGCCGCCGGCCGGAACAAACTCGGAGCTGATCGGGGTGCGCCCCGCAGCGCCCACGTATGGCCCCTGATAAAAGTCAGAAGCAGCCATCGCCGGAGACGGATCGACACGCAACCCATAAAGATCCAGCCCAAATGTAAATGATGTAGTAAATCTCCAATACATCATCATGGACAGGTTGGCCTGCACCACTTTGTGCCCCGGCGGCAGGGGCGGTAACTGAAACATCGTGACCCCGGCAACCGGAATATTTCCAAACGCATTCCCCACAAACATGAAATTTGGAACCGTTGCGCCGTCCTCGGTCACACGCCCGTCACTCCCCGCGACACTGTTGATCTGAAAAGTGTCTGCAAACGCTGCGCAACAGGAAAAAAGCAGAGCTGCCGCAATAAATTCACGACCTCGCCGTGCAAGGAAAAACCGCCCCAGTGGAAAGACGCAACCCCACCGGTCCATCCCGATCTTCCGGGCGCCCGCTTTAATCGAATCCATTCTAAATTCTCCCAAAAACATGCACTTTCAGATGAAACATAACTGTCCAGCAAAGCCAGATCGAAGGTCCGATCCACAGCTCACCAGCGAGAGTACAGCTTCCCAAACCGCCACGGGATTGCAAGAAAAAATAAAA
CP047593.1_gap8	222824	224159	1335	CCATGGCTGCTGATTACCCTCGGAACCGGGTTTGTAACCAGCATGATTCTGAAAGGGTTCATGCAAAGCATCACAACGATGGAAGTGCTGGCCCTCAGCTTCTTTGTTCCCATCGTTATGGGCATGGGAGGAAATACCGGAATCCAATCGGCTACACTGATTATTCGAGGACTGGCTCTTGACTCATTCAACGAAAAAGCCCTGTACCGACTCCTGCTTCGCGAAATGGCAACCGGCATGCTGATGGGAGCCATTTGCGGTTCTGTTATCGGGATATGGGCGCGATTTGTGATTGGCAGCAGCACCGCCTTCCATCCAGCCTTCTTAGCGCTTTCGGTGGGACTGGCGTTATTCAGCGCAATGATGTTCGCCGCGATTTTCGGAGCGGCGGTTCCGTTGATACTCAACCGATTCAAAGTGGATCCGGCGGTTGCTTCCGGTCCCTTCGTCAGTGCATCGAATGATATTTTCGCTCTGCTCATCTACTACGGCGTCACTTTTCTGATGATCTCTGTTCTGCCCGTGTAATGATTCTGAAAACGACAGCCATTCCACTCTATTTCACCGACGTATCCAATACGTCGCGTATCGTCACGTGGCTCACGGCCGATTACGGAAAGCTGTCGACCATCATCAAAGGAGAGCAACGCAAAAACAGTCTGTTTCGCGGACAGTACGATCTGTTTTCTTCCAGTGAGCTTCTGTTTTATGATCGCAGCGACCGAGGGACCCATATCGCGAAAGAATGCTCCATACTTCATCGCCGTCCGGTGTTTCGTACCGACTGGCGGGCATGCGCGTCCGCCGGCTATATTTCCGCGCTGTTCGCCAAAACCACGCCGCGCCACGGCCATGAACCGGAACGCTTTGAGCTGTTTGAAGAAATGCTTTCGTATGCCGAAAGCCACGGGCGCGATCCTCTTTTTCTGGTCTGGTTTGATCTGCAGTTTGCAGACTTCATGGGGCATCGGCTGCAATTGGACGACAGTAACCGGGAACGGGCAGCATATCGCTTCGCTGCAGATCACGGAGGACTCGTCGAGCCGGGCTATGCCAGCAAACATCGCATTCCGGCCACACCAATTGCCCCGGAATCGGTCGCTTTGATCAAACAGCTCCAAGCCGCGCCGATGCCTCCCGACTCAGATACACCACCAGCCAACCCGGCTTACCTGGAACAGATCGAACGCGTCCTCATTAAATTTGCAGAGCACCACTACGACCTGCCCCCACACGTCCGCCAAACCGCCGCCGCCATGCTTCATGCCGAAATATTGAAAGGTTGCATACAGCCCTAAAACAGATGTTTTTCTCGCGCTACGGATTTGGCGACAC
CP047593.1_gap9	247169	249620	2451	GTCGATTTTGAATCCGAATTTATCCGCCGCGGCTTTCAGGACTTTCACGCCTTCGCGTGCCACTTCAGGGCCGGTACCGTCTCCGCCAATTACAGCAATGTTGTAGCTTTTGCTCATAACCAACTCCTTTGGTTCGAAAAACGAAATGAGCACGAAGAAAGGATAATCCCGCGGAGTTCCAATCCGGAAGCGGTCAAATCTTGCCGAGCAATGCGCCGGCGGCTTCCAGATCAGCTACAGTCCGGATCTTCAGGTTCGTGCGGCTGGATACAACGAGATGAATTTCCTGACGGGATTTATCGAGCAGAGCGGATTCATCATCAACCAGTTTCACGCCGCTTTTCAGCATCTTACTAAACACATCGCGCTTAAACACCTGAGGACTCTGAGTGACCCAAACGCTGTTGCGATCCATCGACTTCGTGACTTTCTGCCCCTTTTCAGCAAATTTGACCGCATCCGGGCTGCGGAATGCCGCAACGGCTGCGCCGTAGCGTTTTCCCGCCTTGACGGTTTCGGAAACAACAGCATCCTGAATAAAGGGTCGGGACGCGGAATGAACCAGAACAGCGGTTGCATCTTCCGGAAGCTGACCCGCCGCTTTTTTAAGGTTGCTCAACCGGGTTCCGGAACCGGCGACCAGACTTTTTATTTTTTTGATTCCATACGAACGAATCACCTGAAGCGCATTGTCCACCCGCTGTTTTTTAACGACCAGAATGATTCCATCGACCAGATCATTCTCCTGAAGGGTGAGTAATGAATGAGCTAAAACCGGCCGATCACCCAATGCGAGAAATGCAACATCCACTCCGGATGTAATCTCCTGCTCTTTTCCACATGCTAAAACAATTGCCCATACTGACATTGACTGCCTCCTTTCGGCAAACTGTCCGCAGGAAACATGTATAGACAACCTGCGGTATTGCAGGAATTTAGCAACAAGCCACCGGCCTGTCAAAGAGTTCAGGTCTCAGAAGGGGTCTCTTTTCCGGCCGAAGCATCAGTGTCCTCTTCGGAAGCGGTCGCTTCTTCTGGCTCCGGCGCGGAAGAACCGGCCTTTTCTTCATCTTTCGCAGGTGTTTCGGACTCCGGCAGCTTTCCGTTTTTAAGATCTTCGGGAATTTCTCCGGTTTCGAGCATCTGCATGACCTGATCGCCGTCAATCGTCTCGTATTTGATGAGGACTTCAGAAATCAGCTCCAGCTTATCGCGATTATCTTCCAGAATTTCCCGGGCGGTATCATGCGCCTCATTGAGAATTTTATTAATTTCCTCATCGATCAGCTCCGAGGTCTTCTCGCTGTGGCTTTCCGTCCGGTTGACTTCGCGGCCCAGGAACATCAGCTCCTGATTGGAACCGAAATTACGCGGTCCCAGAGTGCTCATTCCAAACTCACAAACCATCGCCCGGGCGATATTGGTGGCCCGTTCGATGTCGTTCTGAGCCCCGGTGGTTACATCATTAAAGATGATCTCTTCAGCGACACGCCCCCCCATCAGGCCGATCAGCATCCCCATCAGGCGGGTGCGACCCTGTGTATAGCGGTCTTTTTCCGGCAGCTGCATAGTGGCGCCGAGCGCTCGGCCACGAGGAATCACAGTGACTTTATGCAAGGGTTCGGTCTGCTCGGTTTTGGCGAGCACAATGGCGTGACCGGCTTCATGGTAGGCCGTCAGCTTTTTCTCTTCGACATCCAGCATATGGCTGCGACGTTCACGCCCCCAGGACACTTTATCGCGCGCCTCCTCGAAATCCTTCTGTTCAACAGACTCAGCACCACGACGGGCGGCCAGCAACGCGGCCTCATTGACCAGATTCATGATGTCAGCACCGGAGAAGCCGGGGGTTCCGCGCGCAACCTTCGTCAAATCGACGTTGTCGGCCAGCATAATGCGCTTTACGTGAATTTCCAGAATCTCTTCGCGGCCTTTCAGGTTCGGCAGGTCGATGAAGACCTGACGGTCAAAACGGCCGGGGCGCATCAGCGCCGGATCGAGCACGTCCGGACGGTTGGTTGCGGCAATAATAATAATGCCTTCGGCCGTATCAAACCCGTCCATTTCCACCAGGAGAGCATTGAGTGTCTGCTCGCGCTCATCGTGCCCCCCACCGATTCCGGTAAAGCGGCTGCGGCCGACCGCATCAATCTCATCGACAAAAATAATGCACGGCGCATTTTTGCGACCCTGCTCGAACATATCGCGCACCCGACTGGCACCGACTCCGACAAACATTTCGACGAAATCCGAACCACTGATCGTGAAAAACGGAACGTCGGCCTCACCCGCAACAGCTTTGGCAATCAACGTCTTTCCGGTTCCGGGAGATCCGGCCAGCAGAACCCCTTTCGGCATTTTTCCGCCAAGACGCTGAAACTGTTTCGGGTTTTTAAGGAATTCGACCACTTCCTGCAGCTCTTCTTTGGCTTCTTCCACGCCGGCGACATT
CP047593.1_gap10	251240	252579	1339	CCCCCAAAGAATCCATTCCAACGGATCCGGTCGGTTCGCTGGATGTCAGTATTCTGCAGGACCGCGTTCTGGCCCCCCTGCTCGGCATTGATGATCCGCGCGAAAGCGATGACATCGACTTTGTCGGCGGCATTCACGGCACGGCCGAACTGGAACGCCGCGTGAACGAAGGCGAAGCGGTTGTCGCTTTTTCACTCTACCCCACCACGATCGCCCAGCTGATGGACGTGGCTGATGCCGGACTGCTGATGCCGCCGAAAAGCACCTGGTTCGAGCCGAAGCTCCGCTCCGGACTGCTGGTCAATACGCTGGACTAAACCGGATCAAACAATCATCGTTGACTGGCTCCCGACTCTGTCGGGAGCTTTTTTATTGTCCCGCGACTTTATCGGAAAACTGAATATCATAGAGATATTTATATTTTCCGTCCTGCAGCAGGAGCTCATCATGCGAGCCCTGCTCCACAATTTTACCCTGATCCAGCACCACGATGCTGTCGGCATGGGCAATGGTGGAAAGGCGGTGGGCAATCACAAAGACCGTCCGATCCTTCATCAACTCGTCCAGCGCCTCCTGAACCAACCGCTCCGACTCGGTATCCAACGCACTCGTCGCTTCATCCAAAATGAGAATCGGCGGGTTCCGCAGCAACGCACGGGCAATCGCCACGCGCTGCGCCATTCCGCCGGAGAGCAGCGATCCCCGTTCGCCAATCACCGTATCGTAGCCATCCTCCAGCTTCATAATGAACCGATGGGCATTGGCGCGCCGCGCAGCAGCCTCAATCTGCTCGCGAGAGGCATTGGGCGAGCCGTAGGCAATATTGTCGGCCACGCTACGATTAAACAACACCGTGCTTTGCGTCACCACGCCGATCTGCTCGCGCAGGGAATGAACCGTGTACTGGCGAATATCCTTCCCGTTCACGGAAACGGAACCGCCGGTTACATCGAAGAAGCGCGGAATCAGATTCACCAACGTGGTCTTGCCGGCACCGGAACTTCCGACAAACGCAATACACTGCCCCGCATGCACATCCAGACTGACCCCATCGAGGATCATTTTTTCATCGTAGGCGAAGGATACATTCCGGAACGTGATATCTTGCACACTTCCGTTAAACGGAACCGCCTCCGGCATATCTGCGATGGCGTTCTCAACATCCAGAATCTCGAATACGCGTTCCGCTCCGGGGGCGGCGCGCTGAATGCGCATATGGATCTGGCTCAGCTTCTTCGCGGGTTTGTACATTGACAACATGGCTGCCGCGAATGACACCAGCAACGCCAGTGAGAGATCGTTCAGAAAGGCATACACGACCACCCCGGAAAGTCCGATC
CP047593.1_gap11	282476	284695	2219	AGGTCAGCTACAACATGGACCCGGCAAAAGACCGTCTGACGCAGGTCCATGAACTTCTGCAGAAAAACCGATGCCGCTATACAATGATCTACTCACACGAGCAGTTCCTCGACATTCTTCCGCACCGCGCATCCAAAGGAAAGGCCATCCGCTACATCAGCTACAAATGGAACATTCCGCTCAGCAGCATTATTGTCTCCGGCGACTCCGGCAACGACGCCGAAATGCTGCGCGGTGACCTCAACGGAATCGTGGTCGGAAACTACAGCCATGAGCTCGACCGCTTCCGCGGCCAGCGCAAAGTGTACTTTGCCGACGCCGAATGCGCCGGCGGAATCCTCGAAGGACTCGCACACTACAACGTCAAAGCGAAACTGGAAAACTCATGAACATTCAGAACAAAGTCCAGCTCATCACCTACCCGGACAGTCTTGGCGGGAACCTGCTGACCCTTCACTACTGCCTGCGCAAGCACCTCAGCACCGCCATCGGAGGGGTGCATCTGCTTCCGTTCTATCCATCGTCCGCCGACCGCGGCTTCGCGCCCATCACCTACGCGGAAGTTGATTCCCAGTTCGGAACGTGGACCGACGTTGAAAAAATCGCAGCCGACTTCGACCTCACCGTTGACTTTATGGTCAACCACATTTCACGCCAGTCGCCGTTCTTCCAGAACTACCTCGAACTGGGAGACGATTCCGAGTTCGCCGACATGTTTCTCAGCTTCAATAAATTCGGTCCCAACGGCATCAGCGATGAAGACCTCGCCAAGGTCTACACCCGCAAGCCGCGCCCGCCCTACCTCGAAATCCAGCGTCCCGATGGAAGTATTGAACGCATCTGGTGCACCTTCGACTACGAACAGATCGATCTCGACTGGAACTCGCCGCTCACCCGCTCCTACATGCGTAATGAACTCATTCGCCTCGCACGCAGTTCCGCCAAAATGATCCGGCTCGATGCCTTTGCCTACACCACTGTCGACATCGGAACCGACTGCTACTTCCGCGAGCCCGCCGTCTGGGAACTGCTCGACTGGCTCAAAGACTGCGTCGCGCCGTTCGATGCCGACGTCCTCCCCGAGGTCCACGAACACCACCGCTATCAGCAAAAGCTCGCCGACCACGACTTCTGGTGCTACGACTTCGCCCTGCCCATGCTCGTCCTCCACAGCCTCTATCATCACACCGGAGAAAAACTCAAACACTGGCTGAACATCTGCCCGCGCAAACAGATGACCACCCTCGACACACACGATGGCATCGGCATCGTCGACGTCGAGGACCTGCTCACCCAGGAAGAAATCGACAGCACCGTCAAAGGGCTCTACGAAAAAGGCTCCAACGCCAAAAAGATCTACTCCGGCCCGGAATACCAGAATCTGGACATTTATCAGATCAACTGCACCTACTACTCCGCGCTCAACTGCGACGACAACTCCTACATCGCCGCCCGCGCCATCCAGTTCTTCGCCCCCGGCATCCCGCAGATCTACTATGTCGGCCTGCTCGCCGGCGAAAACGACACCGATCTCGTCGAACTCACCCGCAACGGTCGCGACATCAACCGCCACAACTACGGCATTGAAGAAGTGAATCAGGACATTCAGAAACCCGTCGTTCAGCGCCTCCTGCGCCTCATGGAATTCCGCAGCACTCACCGTGCGTTCGACGGCGACCTCACCATCGGCGACACCCCGGACAACCAGCTCCACCTCACCCGCACTAACGGGCAGCACCGCGCCTCCGTTCACATCCACCTGAAAACCTACGAATGCTCCCTCACCTATACCGACGACGAAGGCGGCGAACAAACCATCGTTCTTTAATCACCGCGCATTCTTTTTCAAGGCTTGTCAGATCTGTCTCGGCCACGCTGTTCTGTGACAACGAAACGACTTCTTCTAATCATCATCGCCGGGCGTTTTGTTTTCGGCTCGCTCCTTTCGCGACAGTAAATCTCTGGAAGCCGCCTACAAAAACCATCAAAGCAATGTTCAGGTATAGAGCAGCGGCACGACAATTAAAACTCTTCCAGATGATGAGGCACAGATCGATGCGCTCGAAAAAGACCGGCGCCTCATCCGCCCGGACCGGGCACCCCACTGAGACGATATTTAATCCCCACAACATTTCCAAGGATTGGAACTTTTTCCAATCCCTGAAAATATCTATCGTTCAATAAATAGGAGACCCACCATGAAGAAAATCGTAATTGGC
CP047593.1_gap12	307584	309138	1554	TTCGCCAAGCGCTTTTTTGATAGCGAGCGTTTCGCCTTTGTCATTGAGCGGGGTGCTGGTTCCGTGAGCGTTGATGTAGTCGATGTCTGCAGCGGTGAGGCCGGCGTCTTCGTAGGCAAGGCGCATGCCGCGGGCGGCCTGATCGGCTGCGGCGTCGGGAGCGGTGATGTGGTAGGCATCGCCGGTGCGGCCGTATCCAGCCAGTTCACAGTAAATTTTTGCACCGCGCTTGATGGCGTGTTCTTTTTCTTCAAGGACAACAATTCCGGAGCCTTCGGACATCACAAAGCCGTCGCGGTCCAGATCAAACGGACGGGAGGCGCCTTTCGGGTCGTCGTTGCGGCGGCTGGTGGCGCGCAGGGCGGCAAATCCGCCGACTCCGAGCATGGCAACGGATGCTTCCGCGCCACCGGCGACCATAACATCGGCATCGCCGTACTGGATGATACGCATGGCTTCGCCAATAGAGTGGGTTCCGGAAGCACAGGCGCTGGTTACACAGAAATTGGGGCCTTTAAAGCCGTATTTGATCGACACATATCCGGAAAGGATGTTGGTGATCATCTGCGGGATGAGCTGGGGAGAGATGCGGCGAGGTCCACCTTCAATGGCACGGATACATTGGTTCTGCATAAACTGCATGCCGCCGATCCCGGAACTGGCAATCACGCCGACGCGCTCAAGATCCGTTTCTTCCGGATTCAGTCCGGAATCTTCGACGGCCATAATCGAGGCGGCCAGTCCGTAGACGGAAAAGGGATCCATTTTCCGGAGTTCTTTTTTATCAATGAATTGTTCCGTGTCTAAATCGCGGATTTCCCCAGCGATTTGAACAGGATACTGGTCGATATCAGGCATGGACTGAACCCGGTCAATTCCGGACACTCCGTTTTTAATGCCGTCCCAAAACTTGTCGATTCCACTCGCAACCGGCGAGACCACTCCCAGTCCGGTTATAACAACAGTACGACCACTCATAATTCACCTCCGAAAACTGATATAAAAAAGCCGGGAACCCGATGAAAGGTTCCCGGGCAGTCGGTCCATGACCGGTCTTTACTCGCCAAGACCTTTGGACTTCAGGTAGTCGATAACAGCTCCGACGGAAGTCAGCTTTTCAGCGTCTTCATCCGGGATTTCTGCTCCGAACTCTTCTTCGAAAGCCATAACCAGTTCGACGGTATCGAGCGAATCAGCGCCGAGGTCTTCGATAAATGAAGCTTCGGGATTAACCTGATCAGCGTTTACGCCGAGCTGTTCTACGATGATATCTTTTACTTTATCTTCAAGTGCCATTGCATTTCTCCTTATTTCGGCTCCTGTTGAGAGACTGTGTTTACCTTACATAACCATGCCGCCGCAAGTCGAAATCACCTGTCCGGTGACATAACCTGAGGCGTCCCCTGCCAGAAAAGCCACTACATTGGCCACATCTTCAGGGGTTCCAAACTTGTTCAGCGGGATATTTCCGAGCATTTTTTCCTGAACGTCTGCAGGAAGCGCATCCGTCATTGCGGTGCGGATAAAGCCCGGAGCCACTGCATTACAGCGCAC
CP047593.1_gap13	327611	331622	4011	AGCCCGGCTCGCAAAGAATCCGGCCAGAATCAGACCGAACACCACCAGCGCTTTTTTAAGGATCAGCGGCTGAAGAATGGCTTTCTCGGGGCGTGACTGGGAAATTCGCTTGCGGGTCTGTTCGGTGGTCTGAATCTGTTTGCGGAACATCAGAGCCATAACGCCCAGCAGAAGCACCATCATAACCAGCACCGGCGGACTGAGGTTGACCAGAAAGTCGTTGAACGACAGGTGTGTCTGCGAACCAATCAGGATGTTGGGAGGGTCACCCACCAGCGTGGCCGTACCGCCGATATTGGAAAACACGGCCTCCATAATCAGCACCGGAACCGCCGGCATTTCCAGCAGCTGGCAAAGCAGAATGGTAATCGGAGCCATCAGGATCACGGTGGTCACGTTGTCGAGAAAGGCAGACAAGACAGCCGTCAGCACCATAAAAAAAACAGTGATTAACAGGCCGTTTCCCCTGGCAAGGCGAGCCAGTCGAATTGCCAACCATTCGAACACTCCGGTGTCCGTCAGTGTGTTCACCACCATCATCATTCCGACCAAAAGAAAAATCACATTCAGATCAACGGCAGACAGCGCGTCTTCATAATGAACCAGATGAAGCCCGATCATCAGACCGGCACCGATCAGCGCGGCAATGGTTTTGTCAATCAGTTCAGTGGCAATGAAAAAATAGACCACCAGAAATATTATAATAGGAATCAACATCAGAAAACCTCACTGCTTAGTAGTTAATGACGTTATTGAGCACGGTTCCCTGATCAATGGCTCCAACCCAATGACCGTCCGCGTCTGTCACATACAGTTTATTAAAACGAAGAATTGCCAGATCGAACACGATCTCCATCAGCGTGTAGTCCAACGGAACCGTGCGAAACCTGTCTGACATCACATCCACAGAAGGAATGTTCCGTTCGTCCTCAAAATATTTTTCGAAGGGATCGAATTCCGCGATAAATGAGACACTCTTGAGCTTGGCAAAAAAATCCGGAAGGCCATAGCGGAACAGGCTCTCCGAAGTGATTTCCCCAACGATTCGTTTCTGGGAATCCAGCACAGGCACCGCACGCAGATGGTCACGGGCCATCATATAAGCACATTCAGAGATCAAGGTATCCTCTTTCACACTCCAGCGCGGCAGCCGCATAATATCGCGCGCGCAGACCGGACCGTCGATTCGCAGTTCGCTTCGACGGAACAGATTCCGAAGCATATCCGAATTCTCTGCATTAAAGACGCTCTCCCGCATCGCGACATCGGATAACTTTCGGGAAAGCTGCGCCATGATTTTCAACGAAATAGACGGATCAATGGTCGGAACGAGAATCAGGCAGACAATCCGCACCGGCTCGTCCTCAAACAGAACCGGTTCCGGCAAAACCCCCAAAGCAAAGAAAGCCCGGTTTAAATTCTCCAGTCGGGCGTGCGGAAAGGCTATTTCCTTGCCGACAGCGGTTGTCCGTTGATGTTCACGCTCAATCAGAGCGTTTAAAATATCTGCTTCGCTCAGTTCAGGGTTTGCATCCATGAACTCTCGAGTGCAGAAGGTTTTCAGCATTTCCTCAAACACTTCATCGCGTGTTCGAGATGTCAAACCGGTCTGCCAAGAAATCAGGTTGACGGTATAATCCAACACATTCATCTCATATCTCCATTTATAAAGCAGCAGCCTTATTCTGCAGGTAGTACGACAGAATATGCTTTGCTTCCAGCGTACCGATCAGTTTTTCGTCCTCATCAACCACAGCAATCTCTCGAATATTATTCTGCTCCATCATGTTCAGAACCGCGCCCAGCTTGGTGGTCAAAAAAACCGCCGGAGCGTCTTCGGCAAGCTCGCCGCCCTGTCGGGAATTCAGCATAAAAGCCTGCGCCGGAAGCATCTCTTCGGCGTCCTCTTCGTTCTTCGACAGGCGAAGAAGCTCCATAGCAATCTGTTTTGCCTGAATCACACCGCACAGATGTCCCTCCAGATCATTCAGGTAGACCTTATAGCGGTCTGATGTACACAGCATTTGAGCCAGTTTCTCCAACGATGTAGATGCATCGGCCGTAAGGCAGGATGTGTTAATCAGCCGGGCAATATCCCGCACCGTTGTTTTTTCCAGATTGGATTTCATTTTAGCCTTTCAAATTTATTCGGAAACAATGGACAGCCTCCCTGATCAAAGAGGCACAACAGAGCACAGGCGCAGTCTCAACAGCTCATGTGCATTCAGAGTCATTGAATCCGGTTTAAATGCGAAAAGGCATTATCCAGCCGGAAGGATTAACCAGCGGGCGCTGATCCTCCGAAAAATTTATAAAACAACAGAAATCAAAACATTGCCGCAGACAATATTCACTGCAGACAAACAGAACAAAAGATTCCCCGCCCTCTCCTGTAATGCATTTCTCTTCAAAGATTTCGACAATTTCTTCATCCACCGGCATAAACTGCCGCGGAGCCTTGCCCGTCTCCAAACAGCAAAGGCCCGAAAACAGCAAGCCCAGCGCAATCAGCAGACACCACAGAAATGAAAATATACCGGAAAACTTCATATTCAGGCCTGAAAACAGAGATAACAACTGCCCTAAAAAATCACAAATTGGGGCAATGTATGCGAAATTTTCAACCAGACGCAAGCAAATAGCTACAAAAAACAAGGAAGCGATCGCGCCTAATTCATGACAGGAAAACTAATCAATCAGCTTGAAACGGTTCGGAAGAAGAACTGTGAGACAGATCACTTCATAATCATCCAGGGCATCCGCAGTTGCCACATACACTGAAAATTCCTCGCGGCAGAACTCGCTAAGCACCTGCCGGCAGGCGCCACAGGGGTATGGCACCCCTTCCCCATCCGCAACCACAGCCATAGCCACAAAATCACGCCGTCCGGCGGCAATCGCAGAAAAGACCGCCGTACGCTCCGCGCAGTTGGTCAGCCCATAGGATGCGTTTTCAATGTTGCATCCAGTAAAAACAGTTCCGTCAGCACAAAGCAGTGCTGCCCCCACTTTGAAACCGGAATACGGCGCATAGGCTTGACGCGCGGCGGCGCGAGCCGTTTCCAGCAGTTCCGGAGGTTTCATTCGGCGGCTCCGAGCTCTTTGGCAATAGCGGTTTTGTAGATCGAGGAGAGTTCTTCCGGCGCACGAACGCAAATATTGAGATCGTGCAGCAGCCCGTTTTCGAGGCTGTAGACCCAGCCGTGCACCGCCAGCTCCTGTCCGCGCTTCCAGGCATCCTGAATGATGGTGCTGCCGCAGACGTTGGCGACCTGCTCAATCACATTCAGCTCACAGAGCTTGTTGCGGCGGTCTTCGAATTTCTCGATGCCGTCGAGAGCATCTTCGTGTTTTTTGTACACGTCGCGCACGTGACCGAGCCAGTTATCAACCAGCCCTTTCGGGCTGTCGTTCATGGCGCCTTCGACTCCGCCGCATCCATAGTGACCGCAAACAATGATGTGTTTGACCTTCAGAAAGTCGACGGCGTACTGGATCACAGACAGACAGTTCATATCCGTATGGACCACAACATTGGCTATGTTGCGGTGAACAAACACCTCCCCCGGCGGAAGATTGATGATCTGATTGGCCGGCACCCGGCTGTCGGAACAGCCGATCCATAGATATTCCGGATTCTGCTGATTCGAGAGTTCCTTGAAGAACTCCGGATCCTCCGCGCTGATTTTATCCGCCCACTCCCGATTGTTTTCAAACAAATGACCTAATATTCTCATTGGACCTCTTTCACAAAATGTTCAATTGCTGCACGCATCCTCGGCATCGCCTCTCCGGCCGTCCGGATAACATCTTCGCCGCTGAGCGTTTCGTGCCCCAGTCCCGCGGCCCAGTTACAAACGCAGGACAGGCCTGCCACCTGCAACCCCAGCGCATTGGCAAAAATCGCCTCCGGCACAGTGGACATACCGACCGCATCGGCTCCAAGCGCACGAAACGCCCTGATTTCTGCCGGCGTTTCAAAAGTCGGCCCGGATGTGGCCAGATATACCC
CP047593.1_gap14	334677	337295	2618	GTCCGCTACCTGTTCTTCTAGAACAAAAGGAAGCTCAACAGGCGCGTCAATTCTCAATCAGAATAGACATTCTTAAAATCGAGCCTATAATCATCGGCTTTCTTATTCATAGCCTAACCGGAGGATCTGTATGAAAAAACTGCTCATCACCCTGCTCACTGCATTCGCAATCAACCTGACTCTGTCTGCGGAACTGACCCTGCCGACGATCTTAACCGACCACATGGTCCTCCAGCGGAAACAGCCGGTTCCGATCTGGGGCACAGCCGAACCCGGCAGCAGAATCACCGTTGAATTCGCCGGGCAGAAAAAGACAACCGAGGCCGACTCCAACGGAAAATGGCGCGTTGATCTCGATTCGATGGAAGCCAATGCCACGCCGCAGACAATGACCATCACGTCCTCAAAAGACGGCAGGACCGAAATCAGCGACGTACTGGTCGGTGAAGTCTGGCTCTGCTCCGGTCAGTCCAACATGCAGTGGGCGATGAAAAACTCGGAAAACGGTCCCGCTGCCATCGCCGCTGCCAACCACCAACAGATTCGTCTTTACAGAACCCCTACCGCTTTTTCTCAAACTCCAACCGAAAAAATCAATGCCGTCTGGACGCAGTGCAATTCCGAAACAGTTGCGGAGTTCTCAGCCGTCGCCTACTACTTCGGCAAAAAGCTGCAAGACGAACTGGATGTACCGATCGGCCTGTGGCAAAGCTGCTGGGGCGGCTCCCGCATTGAACCATGGACCCCGCCGTGCGGTTTTGAAGGCTTCGATTCACTCGCCGACATCCGTGAACAGATTAAAAACTTCCCGGCCGACTTCGGAGTCGACCCGAAAAAGGCGAAACAGGAGCGGCAGTACCCCACCGCCATGTACAACGCCATGCTCCACGCCAACATCCCCTTCGCCATCAAAGGTTCAATCTGGTATCAGGGCGAATCCAACCATCGCGAAGGCATGCTTTACGTCGATAAAACCAAAGCTCTGCTCAAAGGCTGGCACGCCCTGTGGGGATATGACTTCCCCTACTACTTTGTTCAGATCGCGCCTTATCAGTACGGAGCTGAAGATCCGTCTGTTCTGCCGGAATTCTGGGAAGCACAGGCCGAAATTGTGACAGAAATCCCGAATACCGGCATGGCCGTCGTCCACGACGCCACCACCCTCAACAACATTCACCCGCCAAACAAAGAAGTGCCCGGAACCCGCCTCGCCCAGCTGGCGCTCGACAACACCTACGGTCAAGACATCGTCAGCACCGGACCGGGCTTCAAAGAAATGAAACTTCTCGGCGACTCCATTGAGATCGTCTTCGACTCCGCCGAAGGCCTCACCACCCGCGACGGCAAAGATCCCGACTGGTTCGAAATCGTCGGCGACAACGGTATCTTTAAACCGGCCAAAGCTGTCATCAAAGGCAGCAGCATTCTCCTCAGATCGCCGGATGTTGCAAACCCGGTCGCCATGCGCTTTGCATGGGACAAACTGGCCACACCAAACCTGATGAATGGAGCCGGCCTGCCCGCTCCCGCCTTCCGCGCCGGAGACGCACCGGAACCGAAACTGCCCGATATGGTTGAGCTTCCTGAAATGAAAGGTTTCAAAACGGTCTATCAGCTCGTCCTTCCGGCCAACAACAACTTTGCCCAGAAAGCTCCGGAGTACGCCGTTGACAACAGCGCGAAAATCAGCGCTTTCAAACAGGTCGCCTACCTGCTCGAACTCCAGAAGCCCGGCGAAGAAATTGAATACGCCTTCGCATCCATGGACGCATTCACATCGAACGTCAAACAGATCAGCGTGCCGACCGTTGCCTCCGGCGCGCGCTTTATGCAGCAGGTCAACAACCTCACCATCCGCAGCAATGTCGCCAGCGTCAACGAAGTGACCGGTTCAGACGGCGGCAACATTGAATTCTGGCCCGGCAACTACAGCCCGGGAAATGCCAGCCAGATTCCCGGCGCGGACAATCAGCTCTTCGACTTCGGAGATGTCGGCGCCGACAAAATCCCCGGCTACGGATGCATGCAGGTCCACAACTGGAAAGACCGGCAGACCGTCTTTGCCATCAACCGCTGGAACGGCGGAACACTCGACATCGGCATCGGCAACTCGGAAACCGCCAAAGCCAGCGACTGGACCTTTGTCGGCAACGGCGGCTCCTACTTCATGCGCCGCCTCACCGTATTCGTCAAATAATCCACGCATCCGATCCATTGAACGAGGCGTTTCCAATATTTGGAAACGCCTCGTTTGTTTTTAATATACTTTTCGAAAGAGGACCCTAGCCTCCGGGATTAAACATGATCGAAAATCGCATTCCATCAAATCAAAGACGTTGCCCCACCACTGCTCTCTAATTTTTCTGTAGCAGTCGCCCTGTGGGCGACTCGTTCGCCACAGGCGAACGGCTACAAAAACAAGCATCTGGAATATTCATCACAGCTACGACCAAACATCAAATTGGAACGAATACAGGCACTCCCGCCAGCTTATCCTAATTTTTTGACAAAGAGGTACTCCCTCGTTAGCTTTTAGTTCCAATGAAAATTTTCCTATAAAAACAAGATTAGGATTTCATGAAAGCATATAAACGAATAATAACCGTCGTTTTGGCAAC
CP047593.1_gap15	344509	346264	1755	GGTGACGGCGTTGTACTGGTTGCTGCGCGTTTTGAGCGCGGCCGGCGTGTCGTCGGCAACCACTTTCCCGGCGCTGATGATAATGGCGCGGGTGCAGATGGCTTCAACCTCTTCAAGGACATGGGTCGAAAGCATGATGACGCGTTCGGAGGCCATCTCCCGAATCATGTCGCGCACGACCTGCTTCTGGTTGGGGTCGAGCCCTTCGGTCGGTTCGTCGAGAAGAAGAATATCCGGATCGTGCAGCAGTGCCTGCGCGAGGCAGGTGCGCTGGCGGTATCCTTTGGAAAGCGTGTCGATGGTCTGCCCGGCGACCGGCTGCAGGAAACAGCGTTCTACGGCGCGGTCCACGCGGCGTTCGCGTTCGCTGCCGCTGAACCCGCGGACTTCCGCAATGAAACGAAGGAATCCCGATACGGTCATATCCTCGTACAGCGGCGTCGTCTCAGGCATGTAGCCGATGTTTTTCTGTGCACGGACAGGATCTGATGCAACGTTGATCCCTTTTACTTCGACGATACCGGATGTCGGTGGAAGAAATCCGGCCACCATTCGGATCGTAGTGGTTTTCCCGGCCCCGTTCGGCCCAAGAAATCCCAGCACGGTTCCCTTATCGACTTCGAACGACACGCCGTCGACGGCACGTCTCCTGCCGAAGTCTCTGACCAATCCCTGTGCTTTGATCATCTGCGCTCTCCTTGTTTAATTCATTTTGATTCATCAATAAACGAAACATCTTGCGGATGCTCCCGGACCTTCAAAAAGGACCGCAACTGGAAATCAGACTTTTCAGTCCGGATTTCGTTCATTTTTTGTTATGAAAATTTTCTGCGCCTGCAGACATAAAGAAAAGAACCTTGCAGGAGGGGCGGCATAGAGAAAGGAAGCCCGTCTCGGTCTTCGACCTCGGCTCGAACCCGGGGTTCTCATCCTTTTTAAAACGAAAAAACCGCCGAAGGGCGGTTTTGGCGGAGAGAGAGGGATTCGAACCCCCGGAACCTCGCGGCTCTCCGGTTTTCAAGACCGGCGCATTAAACCACTCTGCCATCTCTCCGAATGAACGGGCAAATATACGGAGACTTTTGAAAAGATCAAGCCCTAGCCGCAATACTTCTGCAGCACGGCCCGAAGCTGGTCTTTATGGACCGGTTTGGACAAATAATCGTCCATGCCTGCATCGAGGCATTTCTGGCGATCCTCTTTCAAGGCGTGAGCGGTCATGGCGATAATCGGAATGTCACGAATTTCTCCGACCATCGAGCGGATGGTACGGGTGGTTTCAAATCCGTCCATGATCGGCATTTGACAGTCCATGAAAATCAGGTCGAACCGCTGGGCGGCGATCACTTTCAGAGCCTCTGCTCCGTTGGCGGCCACAGACACCCGGCAGCCGGTCTTTTTAATCATGGCCACCGCAACCTTCTGATTGACCAGATTATCATCAACCAGCAGAACGGTGGCATCGATTTTCTGCAGAGAAGCTTCGACCGGAACGTCTGCACAAGGCTCCGGTTCTTCCTCTGCCAGGTCTGAAAGAAGAATATTAAAGGCAAAGGTGGTGCCCTGCCCGATTGCACTGGACACTGAAATGCGGCCCCCCATCAGCTCAACCAGCTGTTTGGTAATGGCGAGGCCCAGCCCGGCACCGCCATGCAGGCGGGTCGACGAGGAATCGCCCTGAGTGAATTTATCAAAAACCCGTTTCTGCAGGTTCGGCCCCATGCCGATACCGGTGTCTTTCACATCGACGAGCAG
CP047593.1_gap16	370343	372308	1965	CTCAAGGATGAAGCCGCTGCCGTTTCGTGCGCCATGTTCAAACAGAACAATATGATGGTTCTGTTCGAACCGAAAGACGGCGTCAAAGTGCGCGTGCTCGGCCAGACCAGCCTCTATGAAGCGCGCGGAAGCTATCAGTTGATCGTTCGCTCCATGGAAGACGCCGGCAAGGGCAACCTGCAGGAGCAGTTCGAAAAACTGAAAGCCAAACTGGCCGCCGAGGGTCTGTTCGATGCCGACCGCAAAAAGCCGCTCCCGGTGCTGCCGCGCAAAATCGGCGTGGTCACCTCCCCCACCGGTGCGGCCGTGCGCGACATCATCAACGTGCTCACCCGCCGTTTTCCGAACATTGAAATCCTGCTCGCGCCGGTTACGGTACAAGGAGAAGGCTCCGCACCGCGTATTGCCAAAGCAATTGAGTACCTGAATACACGTAATGATATTGATGTAATCATTGCCGGCCGCGGCGGTGGCAGCATTGAAGACCTGTGGGCGTTCAATGAAGAAGGGGTCGCACGCGCGATTGCATCATCCGACATCCCAGTGATTTCGGCGGTCGGTCACGAAATCGACTTCACCATCGCCGACTTTGTCGCCGACGTCCGCGCCCCGACGCCATCGGCCGCCGCCGAGCTGGCGGTTCCGGTGCAAAGCGAACTTCAGGAGCAGGTGACCCGACTGACGGCACGGCTAAAAGGCTCGTTGAAAAACCGGGCTCTGGTCTTGCGCGAAAAAATTCCCGGACTGCGACAAGCCATGAATCAGTGCCTGCGCTCCGGACTCCAGCAGCGTCAGCAGCGGATTGATGAAGCCGCCCTGCGGATGACCCATGAGCTGAAAAACTCGGTCACCATCCAGAAGCAACACCTGCCAAACTTACAACAATCCATGATGCACTCTCTGCAAAACGCCGTTGTCCGTAAAAAAGAGAAACTTCCGGGACTTCAGCAAACGATGACTCATCGGCTTCAAAGTGCAGTTGCAGAGAAAAAACAGAACCTGAAACGGCTGGAAGCACAGCTGCGCGCACTGAGTCCGCTCGGTGTACTGGAACGCGGATACAGCCTCACTGAAACCGCGGACGGAAAAGTGATCCGTAACGCCGCTAACGTTAGCCGGGGCGACGTATTGAAAACCCGTTTTGCAAAAGGAACTGTCATTTCAGAAGTAAAAGGGAAGGAAACAAACAATGATCGAGAATCATAACTCAATGGATGCTATTGTTCAGGAACTTCGCAAAATCAAAATCTTTACAGGCATGACGGGAGTTGCGCTAACCATCATGTTAATTTTCACCATGCTCTCAACGTTGCTTTCCATCGGCGCGCTTGCTCTGATCATGCCGAACGTTCTAAAGACACAAGCTGCCATGCTGGGAAAACAAAGTACCCAATCCTTTTCTGATCAAACCAGCGAACTGATCGAACAGGGAAAACTGGATGAAGCATCCGCCAGAATTTCAGCGCGAAAAGAGACTCATCCCAACGATGCATATGCATATTATTATGAGGCTAAAATTCACCTGGCACAGGGGGAGCCAGAAAAAGCTCTTGTGGAACTGGATAAAATTCGAGAGCTCGCCCCGTCCTGGAATAAAGAGTATACAGACCCCCTCATAGAATTGGCTGAAAAACGCATTGCCGAATCCAGGTAGATCCCGAATGGAAGGCCCCGTTATGACTGAAAAAACTGTTGATTTTGAAAAATCCATGGAACGCCTCGAAACCATTGTGAATGAAATGGAAAGCGGCGAGCTCCCGCTCGAGCAGATGATCAAGCACTTCGAGGAAGGGTCGAAACTGGTGACCCTCTGCTCCACTAAGCTGACCGAAGTGGAACAGAAGATCGAAAAGCTGGTTAAAAAAGGCGACGGTCTCGGCACCGAGCCTTTCGAGCCGCAGGCTTAAAAAATCGATCGGTCGACTGACTGGATATCTCTGGCGGAGTATGTGTTTTTGTCATACT
CP047593.1_gap17	417598	420483	2885	TCGTTTTGAGCGCAGCACGGTTGTGATCGACATGGATCACGGCGCCGAAGGCGTCATGCCCTCCAAAGAACGTGTGCCGACCGAAGAGTATGAAGTCGGCGAACGCATTCGTGCCTACATTGTATCTGTCAAGGATCGCGAGGCCGGCCCGGAAATTCTGCTTTCCCGCAGCCATCCGGACTTTGTCCGCCGCCTGTTCGAACTCGAAGTTTCAGAAATCTCTGACGGCACTATGGAGATCAAAGGCATCGCCCGCGAAGCCGGATATCGCAGCAAAGTAGCCGTTATTTCCCACGATGAACGCGTAGATCCGGTTGGAGCCTGCGTAGGAATTCGCGGCATGCGCGTCAAAAACATTGTTCGCGAACTCAACGGCGAAAAGATCGACATTGTCCGCTGGAGCGAAGACATCAAAACGCTCGTAACCAATTCTCTGGCCCCGGCCAAACTCAAAACCATCGAAATTGATGAACCGACCCACACCGTTACTGTCACCGTCGATGCCGACCAGCTCTCGCTGGCAATCGGCAAACGCGGGCAGAACGCCCGCCTCACCTCGAAGCTGATCGGCTGGCGCGTCGACATCCAGAAGGATGAAGAAGACATGGACTTCGAAGAACGCGTTGCTGCGGCCGTTGCCAAACTGGCAATGATCGACGGCATTGGCGACGAATGGGCCGAAAAACTGGTTTACGCCGGATTCCTCAGTATTGAGGGAGTCATGGCTGCAGAAATTAGCGACCTCCTCGAAGTTATCGAGGACATCTCACCCGAACAAGCGAAGGCCCTGTGGTCTGCCGCAGAAAAAGCCTACACGGCACAACATGGTGAAATTACAGAATGAAAGTTCACGAACTAGCAGTAGATTTAGAAGTATCCGTCGAAGAGCTCCTTGAGATTCTCGGCGACGTTGAAATTGAGGCGTCTGATGGCGACAGCCTTCTGGCTGATGCCGAAGTAGCCATTGTTTGCGACGAACTCGGATTCGCATCCATTGAGGAGGCCCGCGCGGCCAAAGCTGAATCTGATGCCGCCGCAGCCGCCGAGGCGGCCAAAGCTGAAGCCAAAGCGAAAGCTGAGGCAGAAGCTGCAGCCAAGGCCGCTGCGGAAGCGAAAGCCAAAGCTGAAAAGGAAGCCGCAGAAAAAGCTGCAAAAGCGAAAGCCAAAGAAGCTTCGGCGAAAAAAGCAGCCGAGCCGAAACCGGCCAAACCGGAAGTCAAAGAAGTTCCGGCAGAAGAAAAACCGGAGCCTGAAGAAGAGGAAGTCGATAAAACCATCATCTTCCCAAAACCTCAGGTGGCAGTGAAAGAGCTGGCTGAAAAGATGGATATGAAGCCGAATCAGCTTATTGCCGAGCTGATGCGGATGAACATTTTCGCGTCGATCAATCAGGATATCGACATCAAAGTCGCCATCCAGATCGGTGAGAAACACGGGTTTACGATCGAACAGAAGAAGAAAGAAAAACCGCAGCCGAAACCGGTTGCGGAGAAGAAAGTTCACAAACCGGAACCGGCCAAAGAAAAAGACCGGCCCGAAGACCTCGTAACCCGCCCGCCGATTGTTACCTTCATGGGACACGTCGACCACGGCAAAACCTCCCTGCTCGACCGCGTTCGCAAAACCAAGGTCGTCGCCGGAGAGTCCGGCGGAATCACACAGCATATCGGGGCCTACACGGTCGACATGGATGACCACAAAATCACGTTCCTCGATACGCCCGGCCATGCCGCCTTTACCGCAATGCGGGCCCGCGGAGCCAACCTGACGGATATTGCCGTTCTGGTTGTGGCTGCCGAAGACGGTGTGATGCCGCAGACCATTGAAGCCATCAACCACGCAAAAGCAGCCGGCGTCACCATCATCATTGCGATGAACAAAATGGACCTGCCTGCTGCGAATCCTGATCGACTGAAGCAGCAGCTCAACGAACACGGCGTGATGGTGGAAGACTGGGGTGGATCCATTGGATGCGTTCCGGTCAGCGCAGAAACCGGTATGGGAATCGACGACCTGCTCGAGCGCATCACTCTCGAAGCTGAAATGCTCGAACTCAAAGCCAACAATCGCAAACGCGCCACCGGCTATGTGATCGAAGCGCAGATGGAGCCGGGCATGGGCCCGACCGCCACCCTGCTCGTTCGTGACGGAACACTCAAAGTCGGCGACAGCGTGCTTTGCGGAGCACAGTACGGCCGCATCAAAGCACTCATTGACTGTCAGGGCAAGAAGGTCCGCACAGCAGGTCCGTCCTACGCAGTGAAATGCCTCGGACTCACCGGCGTTCCCGGCGCAGGAGACGAATTCTCTGTCTGCACCAACGATAAAGAAGCCAAACAGCTTTCCGCTGAAATGCTTGCCGAAATCAAGGAACAGGAACTCACTCAGGCCGTTCCGCGCAACAAACTGTCCCTCGACGACCTGTTCGGCGCAGCCGGAACCGGAGATATCAAAGAACTGCCGGTGATTATCAAATGCGATGTGCAGGGATCGATTGAAGCGATCCAGCACTCACTCGAAAGCATCAAAAGCGACAAGGTTAAACTGAACATCCTGTCTATCAGCGTCGGAAATATCACCAACAGCGATGTCATGCTGGCCAGTGCATCCAGCGCCATCATCCTCGGCTTCCACGTCGCCAAAGAAAACGGCGTCACTGCAGAAGCCAAACGCGAAGGTGTTGAGATCCGCCTTTACAGTATCATCTACGAACTGCTCGAAGAAGTGGAAGCCGCCATGTGCGGATTGCTCGAACCGGAACTCCGCGAAGAGCACCTCGGAACCGCGGAGATCCGCCAGGTCTTCGAAATGGGCAAACGCAATAAGATTGCCGGCTGTATGGTTGTCCAGGGAAAAATCACTTCGCGCGCCAGCATCCGCATCAA
CP047593.1_gap18	422572	426587	4015	ACGGAACCTGGGTTGACAGCGCAGTCTTCATCGGAAACCGGGAAACATTCGGCTGCCATCAGCACGTCATCGAATCCTATCTGATCGGTTTCAACGGGGATCTCTATGGAAAAGATCTGGAAGTGGTCCTGATTGAAAAAATCCGAGGCGTAAGCCCGTTTCCCTCCCGGGAAGCACTCATTGAACAGATCGAAAAAGATGTGGCGCAAATCCGGAAACTCCTCGTAAAAAACAGCAACTTCTGAAACGCATCGATTCACCCACAACTTCGATCCGATAATCCTGAATAAAAAAACCGTCGTTCATACACTGAACGACGGTTTTTTCGCAAACGATGCGACTATACGTTATCCCTGAAGTGTCATCAGAAACTCGGCATTGCTCTTCGTCTTTTTAAGGCGATTGATCAGCAGCTCCATCGCTTCGATGGCAGGCACATCTTTGAGCGCTTTACGCAGCGTCCAGATTTTGGCCAACTCATCTTTATGCAGCAGCAGTTCCTCTTTGCGGGTTCCGCTCGCTTCAATATTGATGGCCGGGAAGATACGTTTTCCGACCAGATCCCGGTCAAGCGCCAGCTCCATGTTTCCGGTTCCTTTGAATTCCTCAAAGATGACCTCGTCCATTCGGCTTCCGGTATCGACCAGCGCCGTGGCAATGATGCTGAGGCTGCCGCCACCTTCAATATTGCGGGCCGCACCGAAGAAACGTTTCGGTTTATGCAACGCTTTTGCGTCCACACCACCGGACAGGATTTTTCCGCTGTGCGGCTGAATGGTGTTGTAGGCGCGAGCCAGACGGGTGATAGAGTCCAGCAGAATGATGACATCTTCGCCGTTTTCAACACGACGCTTGGCCATTTCGATGACCATTTCCGCAACCTGAGCATGGCGTTCGGGCTGCTCATCAAATGTTGATGCCAACACTTCGGCCTGCGTATTACGGTGCATGTCTGTAACTTCCTCAGGACGCTCATCAATCAGAAGAATGATCAGCTTCGACTCAGGATTGTTCTTTGAAATGCTGTTGGCAATCTGCTGCAGCAGAACTGTTTTTCCGGTTCGCGGCGGAGCCACGATCAAACCGCGCTGCCCCTTACCAACCGGCGTAGCCAAATCCATTACCCGCATGGAAATTCCATGGGGTTCCGTCTCAAGACGAAGACGTTCATCCGGAAACAGCGGGGTAAGGTTTTCAAACGGAATACGATTGCGGTTTTTCTCCGGCGCATCGTTATTCACCTTATCCACAGACAGCAGACCAAAGAAGCGTTCTTTTTTCTTCGGCGTGCGGATGGGGCCGGCCACCAGGTCTCCTGTCCGCAACCCGAAACGGCGGATCTGAGCCGGTGAAACATAAATATCTTCCGGGTTCGGCATATAATTGTTTTCGGAGGAACGCAGAAAACCGAATTTATCAGGCAGAACTTCAAGTACTCCGCGGGCAAAGGATTCATTCCCCCAGCGGATCTGTTTTTTGAGGATCTCGAAAATAAGATCATGTTTTCCAAGCCCTGCCGGATCTTCAATCAAGTACTGTTCGGCCAGTGTTTTAAGCGCAGGAACATCTGCTTTCTGCAACTCATACAACTTCAGCGGCGGCATTTCTTTTGCATCAGGATCGGGTTCAAACACCTCCGGCTCACTGTTTCCTTTATTGCGGCGGTTATTGTTGTTGCGGCGGTTATTGTTGTTGCGGCCCCAATTTCCCTTCTGGTTGTTATTACGACCATTATTGCTGCGGTCGTTTTCAGAAGGCCGGTCGTCCCCGGAAGAATTCCCTTCAGCAGGTTTTTTTTCCTGAACCGGTTCCTTTTCTTCGACCGAAGCATTTTCAACAACCGGGGCGCTTTTCGGCTCCGGAGAACTTTTTTTAGCAACAACTCGTTTTCTCGCAGGGGCTTTCTTCTTTTTAGGCGTTGCCTCTGCGGGGGCCTCAGCAGCCGCTTCTATATTTTCTTTTTCTTCACTCATTCAGTATTCCTCTGGTTCCGGATGCGCTGGATCGTGCTGCACACTTGCTCATGAAGCGCATCCAGGGTTCCACTGTTCCTAATTATAAAATCTGCCCGCTTTTCTTTTTCATCCAGCGGCATCTGTGCCGCGACCCGACGACGGGCATCCGCCTCGTTCAGCCCGCGTTTTTCCAACCTTTGAAAAACCGTTCTCTCATCTGCACTTACACAGATGATCGCATCCCACGGATCAATCCAGCCCGTCTCAAACAGCAACGGAACCATCACTGCCGCATCGCCGTTCTGGTTGGACTTCCACTGTTCTGCAGCATCTATCACTGCCGGGTGCACCTGCCGGTTAAGATCTTCCAGTGCCGCCGGATCCTCAAAAACGATCTTCCCCAGCGCTGCCCGGTTAATCTCCCCATCAATCCCAATCACCTGGTCGCCAAACTGCTCAACTACCCGTTGAAACACCGGACCCCCTGCTTTCATTAGCTGGTGCGCCAGAAAATCTGTATCCAGCACTGCGAATCCTTGTTCTTCAAGAATCCGGCCGGTTTCTGATTTTCCACAGGCAATACCGCCGGTCAGGGCGAGAATGATCGGTTGATGAGATGTCATAAATGGAAATCGACGCAACTTGAGCTTCAGCAAACGATAATGTGAATAAAAGAAAACGATATGGGATAACGCGTCGGAATGGTGAGATACTTATTAGAAACAGGTGTTTTGTCAACATTTATTCCATCATGCCGCATCAAAAATTATTATCTGAATTATCGGCACCAACTGAACGAGAGCGCGCAAGACAACCAGACAGCTATATTTTAGAAACCAGATAATCGCGCACGGCAGCTTCATCATTGGCAATGGTGTCGCAGCGGGTTTCGGCATCCGCAAGAGCATCGAGCACCGGATGATGCGCCGCAGTGCCGGTCGCCTGCTCAATGGCATCGGTAAATTTGGCCGGATGCGCCGTCGCCAAACAAACGGTCGGGATGTTTTCCGAGGTCTGAAAACGCTCAGCAACCGCCACACCGACAGCCGTATGCGGGTCGAGTGTGTAACCGTATTCTTCGCTGTATCTACGAATGACAGAAAGAGTCTGCTCTGTATTACCTTCCCCGGCCGCAAACAGTTCATCGGCCCCCTCAACCGTCACCGCACCGGTTTGACTGAAGCAGCTCATCATCTCTGCCAGCTTTTCAGAATTCTTTCCGGTGCGATAGTACAGATAGCGCTCAAAATTGCTGGCCACCTGTATATCCATCGACGGACTGAGTGTCGGCACGACCTTGCCCACGCTGTATTCCCCTGTATTGAAAAAGCGCGATAGAATATTGTTTTCATTAGTGGCCAGAATCAGTTTTCCGGCAGGCAGGCCCATCTGCACCGCAAGATAGCCGGCGAGAATATCACCAAAGTTTCCGGTCGGCACCGAAAACCGGACTTCGGCAGCGCCGGTGCGCTCCTGGACACGGAAGAAAGCATAGAAATAGTAAACCGTCTGAGCCAATACACGAGCCCAGTTGACCGAGTTGACCGAACCAAGCGAATGTCCGGTTTTAAAATCGACATCTGCAAAAATGGTTTTCATCAGGTGCTGGCAATCGTCGAACGTTCCCTCGACAGCAAGATTAAACACATTGTCGTCCAGCACACTGGTCATCTGTCTTTCCTGCACGGGACTGGTGCGACCCTTTGGATGCATGATAAAAATGTTGATGTTTTCTTTACCGCGCACACCGTAAATCGCAGCAGAACCGGTGTCACCGCTGGTTGCTCCGAGAATGTTCAGCTCTCCGCCGCGTTTCTGCAGAATATATTCAAACAGGTTGCCGAGAAACTGCAATGCAACATCTTTAAATGCCAGCGTCGGACCGTGCCAAAGTTCCAGAATAAACAGCTCGCCAACCGGAACCACCGGAGCAACTTCCGGACTGCGGAACGTGGAGTAGCTTTTTTCAATCAGGATTTTAAGGTCGTCAGCCGGTATATCGGTCGCAAACAGACTCATGATCTCAAACGCCAGATCCTGATAGGACAGCTTCGACCATG
CP047593.1_gap19	436587	440556	3969	CGACCAAAATCTTTTTAATAGTTCCTTTTACATCTGCTTTGATCTCATTCATCACCTTCATTGCTTCCACAATGCAAACCACCGTGTCCGCGGTCACTTCCGCACCCACTGCGACAAATGCATCAGCATCAGGAGATGGGGCCGTATAGAATGTTCCAACCATCGGAGATGTAATTTCCACCAGACCTTCGTCGGCAGCAGCGGGAGCCGCCTCGGCAGCCGGAGCTGAAACAGCAGGAGCCGGAGCGACGGACGGAGCGGCAACCATCTGAGGGGCAGCAATGACCTGAGGAGCGTTATCGGAGCCCCGTTTCATTTGCAGGGTGCAGGATTCGTCTTCGAGCAGAAATTCAGTCAGATCGTTCTCTTTCATCATCTGAACGACTTTTTTGATATCTTTGAGTTCCATCAGGCATATCTCCTTATTGTTGTTGCGAAAGCGGAAGCTACCATTAAACAGCTTTTGAACGCAAGGTCTCGGGCAGCCCTCGTTGATGGGCATGCGTCACCGCAATGGCCAGCGCATCCGCGGCATCTTCCTGCGGCTGTTCCTTCAGGCCCAGCAGGCGCATCACCATTTTAGCCACCTGTTCTTTGCGGGCTGCACCGACGCCAACCACTGCCTGTTTCACCGACCGGGGCGAATACTCGAAAACCGGCAGCGTCCGCAGCGAACAGCAGGCGAGCACCGAACCGCGCGCCTGGCCCAGGATCATGGCTGTTTTAGCGTTTTTTGCGAAAAAAGCTCCCTCAATGGCGGCTTCGTCGGGTTCAAACTCCGTAATCAGCGAATCGACCTGGCGATGGATTTCGGCCAGGCAGGCGCTGTGTGCCATTGCGGGTTTATTGTGAATCCGTCCATAGGCCAGCGCCCGGAGCTGCTGCCCCTGCACTTCGATGACCGCGACGCCCGAGGAACGCAGGGAAGTATCGATGCCTAAAATCCGGATTTTTTCCATAGGTGAACTTTACAGAACTTTTTCCAAACATTGGAAACAAATGTTCCAACCTTTGGAAACGCTGTATGTAAAAGATCGTTTAGACGAGGGTAAGAATGTCGGGGGCGGTTTTCCCGACCGCAACAGTATGTTCAAAGTGTGCGGAATTGGAGCCGTCTTTGGTAACCGCGGTCCAGTTATCGTCCAGCACTTTGACTTTCGGGCCTCCGATATTGACCATCGGTTCAATGGCAAGCGTCATCCCGGCTTTCAAGACCGGACCGCGGCCCGGTTTGCCAAAGTTTGGGATCTGCGGATCTTCGTGCATATCACGGCCGATCCCGTGACCGACAAACTCGCGTACGACTGAAAATCCGGCTTCTTCAACGGTCCGCTGAATCGCAAATGAAATGTCGCCGAGCCGATTGCCTTCAACCGCTTTGGCAATTCCTGCATCAAGTGCGGCCTGGGTGACTTCCAGCAATCTCTTGTTTTCGTCGGAAATTTTGCCGGCGGCAACGGTTACTGCTGTATCGCCGATAAATCCTTCGTACGTAATGCCGGTATCAATACTGACGATATCGCCCTCGTGAATCACCCGGCGGCCGGGAATTCCATGAACCACTTCTTCATTAACGGAAACACAGATTTGGCCCGGATAACCGTGATAGCCATAAAAAGCACTGACCCCGCCCATTTCACGAATCATCTTTTTGGCGAAATTGCCCAGTTCAATGGTGGGAAGTCCGGGTTCAACCATTGCTGCCAAAGCAGTCCGAAGACGGCCTGTCATTTGATTGACCCGCCGCATGGCTTCAATTTCAGAGGCGGTTTTGATGACAATCATGATTGGTTCCTCAAGCGTTCAGCGCCTCAAGCGACAGCTGGGCAGTTGTTTCAGGGGGATTTCCTGCATCAACATTATGCAGAAGGCCTGATTCTGTATAAAAATCGATCAAAGGAGCGGTCTGCGTTTTATAGACCTCAAGCCGGTTCATGACAGTTTCTTCGTTGTCATCGGCGCGCTGATAAAGTTCACCGCCGTCCAGGTCGCAGATGCCCTCTTCTTTGGGAGGCATGTTAACCACATGGAAGATTGCCCCGCAGGTTTTACAGGTCCGCCGGCCGCACAGGCGCTGCACCAGTGCATCCGGATCAACGACCAAGTTGAGAACATGTGTTACGGTTCCATTAATTCCCGAAAACAGGGTCTGAAGACCTTTCGCCTGTTCAATCGTACGAGGGAATCCGTCGAACATAAATTTTGCATCAACAGGCTCCTGACTGATGCGTTCCTTAATGAGTTCCAGAATCAAATCATCGGACGCCAGCTGCCCATTATCCATACAGGCTTTGACTTCCAAACCAATCGGACTTCCGGAACGAACAGCGGCCCGGAGCATGTCCCCCGTGGAAACATGAATGTACGGAGTGTGTTTCTTCAGCGTTTCGGCCAGCGTGCCTTTCCCGGCACCGGGACCGCCAAGCAGGACGATGGCTTCCATTATCTTCTTCCGGACTTCAGCTTTCCTTTCTTAAGGAAGCCGTCGTAGTGACGCATCAACAGATGCGATTCAATCTGGCGCATGGTATCAAGCATAACACCAACCATAATCAGCAGACTCGTTCCGCCGAAAAACTGAGCAACCGTAAAGGGAATCCCAAACCGTTTGGAAATAACAGAGGGCAGAACCGCAATCACGGTCAGGAAGATCGCGCCGGCAAGAGTAATGCGGGTCATCGTCCGGTCCAGAAACTCAGCCGTCGGTTTCCCAGGACGAATACCGGGAATGTAACCGCCGTGTTTTTTCAGGTCATCACCGATCTGTACCGGGTTGAACTGAGTGGCAACCCAGAAGTAAGAAAAGAAGAGAATCATTACGCCGAACAGGGTCATATACTGCCACGTTCCATAGCTCAGGGCTGCGCCAATCTGCTTGGCACCTTCCCAAGGCAGCATGCTGAAAATCTTGGAAGGGAACATAAGAATGGCCTGCGCAAAGATAATCGGCATAACTCCGGCGTAGTTGACACGCAGCGGCATATAGGTGTGCTGTCCGCCGTAAACCTTGTGCCCGACCACACGTTTGGCATACTGCACAGGAACTCTCTGCTGAGACTGGGTCACGGCAACAACACCGGCAATCACGACCAGAATCATGATGCCCATGGTAACCGCCATAAAGGGCGAATAGCGCACAGCACCGTCTACCGGTTTAAACATGCTGATCATAGCGCCCACAGCAGCCGGAAGACGGCTGATGATATTAACGGTAATGATCATGGAAATACCGTTTCCTATCCCACGCTCTGTGATCTGCTCTCCAAGCCACATCATCAGCAACGTACCGGTAACCATTGTCATCGTGGTCAGCAACAGGAATCCGATTCCGGGAATCTGAACGATCGCCGGATCAAAGAATCCCAATCCATTGGTCATCAGCGCCTTAGCCAGAACAAACGACTGAAAGGCGCAGAGGACAACCGTCAGGTAGCGGGTGTACTGAGTGATCTTTGCGCGTCCGGATTCGCCTTCGCGAGCCAGTTTTTCCAGCGCAGGGACCACAGCAGTCATCAGCTGAATGATAATTGATGCGCTGATATATGGCATAATACCCAGCGCACCAACCGCACAGTTTTGCACGGCCCCACCGCTAAACAGGTTAAACATATCAAAGAAACCGACTCCATTGGCTCCGGAAGCAGCCTCTTCAATCGTCCGGGTGATCATTCCATAATCAACACCGGCAATCGGAATTTTTGCCAAAACACGGCAAAGAAATATAATTCCGAATGTAAAGAGAATGCGCTGGCGCAGTTCCTCAATTTTAAAACTGTTTACGAAGGCGGAAAGCATCGTGTAACCCCGCTGGTAGATTAAATGATTCTGTTAAACGGTCTCGCAGGAACCACCGGCGGCTTCGATCTTTTCTTTAGCCGCTGCGCTGAACGCAGAAGCCTTGACCGAAACTTTTTTGGTGAGCTCTCCGTTCCCGAGAATTTTCACCCCGTCAAAACGGCCTTTGACCAG
CP047593.1_gap20	472219	476238	4019	ACATAAAGCCCCATACCGGAAAATGCAGCCAGTCCCGCCAGCACGATCACATTGGAAAAGGCGACAATCAGGAAAGAAGGGTTGCTGGCAGAAACCATAATGGCTTTTATGAGCCCGATATGCTCCTGTTCTTCTGCCTGAGCAATTTCCCGGCCGAAGAGTGTCGGCAGAAGTCCGGCCAGAATGATAATCAGTCCTACTCCGACACTGACCCAGACGGCCCCCTGAACCGTTCCGCCAAAACGTTCCACTTCGACTAAACGCGGAAGCCACGGCAACAGAAAGGACATGGTCAATCCCACATAGTTCGGCCACGCCAGCAAACGCTGCCGCTCGTCATAATCAGTGGTCATTTCAAATCCAAGAGCCTGCCATGGAACAATATAGACCGTATATGCGGTAAAATAGAGTGTTCCGAGAATTGCCACCCACCAGAACACAAACCGGTCTTCATGAACCGGAGCCATCCAGACGACCGGAAGCAGCAACGCGCAAAGGAGTGCTCCGGAAAAAATATACGGCCGACGACGGCCCCAGCGACTGCGGGTATTATCAGAAATATTCCCCATAATGGGATCACTGAAAGCGTCAAAAATGCGTGGAATTGCAATGGCATAGCCAAGCAAAGCGGGATCGACAAACAGAGCAATGTTGTACACCGGCATCACCAGCCCGCCGAAGGCGTTCATAATCAGGTTGTCCGCTATTGCACCGAATCCATAACCGATCTTGTTCAACAGTGGAATGTGATGCGGATTGTATTCTTTTGCCTTTTTTCCAAACATGAACCACTCCCTAAAGTCGCTATTTTGCTGCACCAACTTATTGATCGCTGCATTTTCGGGGAACCCCCGGTCTTGCTGTTCCTAAAACGAGCAACTCACTGTATACAAATTGCAATTTTAAATCAAAACTTTTTACCATTTAGTTTTAAAAATATCATGAGTATACAAAAAAACCGGCGTGTTGTTCACGCCGGCTTTTCGAAACATCTGCACCGTCAATTTACTTTTCAATAACCAAACGGATGAACTTTTGTCCATCAACCGTCAAAACCATATTGGTGACATAATCAAACGTATTACCTGTCACATTGGTTCCTGTAACTAAATAACCGTTGTTGGTCCATGCTCCGGAAACAAGATCATCACAGGTTTCGAGATAGTAAGACAGAGAACTGTCATCTGAGCGCTGCACATGAACAAAGGTCATCGTGCCGTCATCATTGACAAAAGTTGCTTGCTGCCCCATGTCCGTTTCGTCGATCGGATTGCCGCCCAGACCATATTCGTACAGATTATTAAGAGCATCTCCATCCGGGTTATCGGTCAAGCCATCGTTGACGCCTGCGGTCAATCCTGCATTTTCCACCCACAGATCGTATCCTTCTGTTGCACCGATGATCAGCGTGCCGCCTTCATTCAGCAGACGAGCGCTGTAGGTGGTAAAAATGTCATCGCCGGGAGCATAGACTCCCGAATCAATGAAATTCCCTTCGATAGTCAGGCCTGCCAGCGTAACAGAATTACTCCCCACCACAAACTTTCCGGAGCTTGTCGCACCGGTCACATCAATAGTCAAATCAGAGTAGTCGGCGGTTCCATCAAGCGTCAGTTTCCCTGAGTCCACTTCAATCGTGTTTCCATTGACAGTACACGACGTGGCGTTCAGGGTCAGATTGCCGGAGCCCTGTTTTTGGATCTTGCTGGAGGCCGGCAGGATTAAAGACTGCATATTAAAGGTCACTGTATCATCTGCGTGGTCGATCATGAAGCGAAAGTCATCGCCTCCCACCATAGCAGAACCGTCTACAGAAAAACTCACCGTCATTTCTCCAGTTTCGACATAACGCCATAACACATTGGATCCGACCAGCTGGAGATCTCCGAGCAAGCTGACTCCCGGCGACCTCATACGCAAGGTCGAAGCATCCCCGGCGATCAGTGTTTTAGCGATCATATCCCCGCCCAACGCAGAGATACTGTTACCGGTAAAATCGAAATCATCGACAGAATTCGGAAGAGTGTCCGGATTCCAGTTGGCAGCCGTCCCCCACCGGGAGCTGTCTGCGGCCCCTTCGTCCCAGGTAACTGTAGACGAAGGCACCGCACCTACATTCAGCGTGCCGCCGTCATTCACGAGACGAGCGCTGTAAGTGGTGAATATGTCGTCGCCGGGAGCATAGACTCCCGGATCAATTTCAGTCCCCTCAATGATCAAGCCGGCCAATGTTATCGAATTTGTTCCCACAACAAACTTTCCGGAGCTCGTCGCACCGGTTACGTCAATGGTCAAACCGGAATAGTCGGCAGCTCCATCCAGCATCAGTTGCCCGGAATCAACTTCAATCGTGTTTCCGTTGGCACTACACGATGCGGCATTCAGGATCAGGTTGCCGGAACCCTGTTTCCTAACCTTGCTGGAAGCCTGCAGAATCAAGGTCTGAATATCGAAGGTGACCGTATCATCCGCGTGGTCGATCATGAAACGGAAATCATCGCCTCCCACAGTGGCCGAACCATTCACTGCGAAACTCACCGTCTTTTCCCCGGTTTCAACATAACGCCAGAACACATTGCTTCCAACCAGCCGAAGGTCTCCATACAAACCGACACCGGCCGATCTCATACGCAGTGTAGAGGAATCCCCACCAATCAATGTCTTTGCGGTCATATCCCCGCCCAATGCGGAAATGCTGTTACCGGCAAAATCGAAATCATCACTTGAATTCGGGGTTGTATCCGGATTCCAGTTGGCAGCCGTCCCCCACCGGGAACCATCCGATGCGCCATCATCCCAAACAACGGTTTCGGCATGAGACGCCCAAGTTAAAGACAAAATCAGAACAAATATATAATCCTGTATTTTCACACCTCTCTCCTTTTACTTGCTTATATTTTTAAACACTAACACCAGCAACGTTACACGCTCATTAAGGATGTTCTCTGAGCGGCAAATATAAGTGTAGGCGACTCATGAAATGTTCCGATGAGAAAATATTTACCATGATTTTTCATGATCTTCTTATGGATGTATCGACTGGCTTTCTTTCACAAGAATCAGTCGATCGATTCTGAAATTATATTCCCGGCAGGAGAGGCGCAGCGTATGGTGCCCCCCGGAAAGATCAAATTCCAACGGAGTACTGCCTCCCCAGTCCGTCAGTGTTTTCCACAGCATAATTCCATCGGAAGAAACCGGAAGAGCACAGCTGATCCTCAAAGAACCGTCCATGGAAACATAGATCGAATCCATCGCACCGGTGGTTCCGCAACCGGATACCCAGAGATTATAGACCCCGGTGGTTGGAACATAAAAATCATAGTCCGCAGTGCCTGTTCCGGAGGGATTGGTCTGGCTCAAATACTGCCCGCCGGATACTCCCGGATCGTTCACAGCCACAAACGGATCAGTCAAAACGCCGGACTCTGCCTCCAGCTCAATGCGGTTTCGGGGAGTCAAAGAAGCCGGGTCGAGATCACCCGGTTTCTGAATAAACACTTTATCGATCCGCGCCCCCTGCTCCCTGCGAGTTAGCCGCAAGGTATGAGAACCGGCAGACAGACTGTACTCCAACGGATCAGAATCTCCGACTTCCCAAATCTTTTTCCAACTGAATGTTGTTCCCTGAGGCAACCCGCAATACCGGTGATTCTCTCCATCCATTGATACATAGATTGAATCATCGTTGCCGGTTTCGCCATAGGCCAGCAGCCAGAGGTGTACAGTGGCGGCCTCATCCAGCTCAAACTCATACTCTGCAAAACCGGTTCCGTTCGTCATTCCGTCCGGCTCTTCAATACACCATCCGAAACTCGCATCCGAATGAGCGATGCGCTGCAGGCCGCCGCTTAGTTCTCCGTTCTCGGCCTCAAACTCCAGCCGTCCGGCATCCGGATTTACTTCATCAAATGAAGTGCCCATGCGGTAGTCGTCGAAATACAGACCCTGATAAGGATGAAAAACTCCGCCCGGTCCAGCGTACAGGCCGCTGCGAATCGACATCGCCGGTCCGACCG
CP047593.1_gap21	487652	491010	3358	TCAACAAAAAAACCGTCCGGCCGAGGTCTCATTTGTTTAATTCCCTCTATGAGCTCATCCACATACACTTCTTCCGGATATAAAAACCCTTCGCCTCCAAGATTACCCGTAGCGGCTAATGCCTGCACAGGAACGTCAGCTTTTACTCCTGCGTACGCAAACCCCTCCTGCCGCAAAGCTGTCACACGATCCGTGCGCCCCAACTTAATAACCGCCGGATTCTTCGACTTATGCAATATCAGGTATTCCGCAGCGACCATTCCCACCTCGCGATGATCTGGCATCACGTGATCCCCCCAGGTTGGCGTCCACGGATTACTCATCAGCCAACAGCATGGTTTCTTTTTAAGGAAAGCCTGTGCCGATGGGTGAGGTGCATTCCCGACCAGAAGAAATCCGATAAAACCACCTGATGTCAGCTCTTCCGGAAGTTCTGATTCTGTGCTTACAACGAATTCACTCATAGAAACCTGCTGGGACTGACAGCCCTCATGCAACCCTTTTGAAAGCGCCAAATACGTTGAAGGAATCTGGGCACTGTAATGTGAGCGATCAAGGAAATTAATAATCGCCACCCTTTTCCGACGGCTGCACGATCCCGGCTTCGGGCCGGGCCGCCGTTCTGGGAGAGAATAGCCAAGCTTTTCAGCAGCACCCAAAACACGCTTGCGGGTATCCGGTTTTACGGAGGGGTTATCATTAAAAACCCGAGATGCCGTAGCAACCGAAACCCCTGCGGCCTTGGATACATCCGTAATAGAAACATTTTCTCCTGATCGACCTGCCATATCGCCTCCAGGCTTTATGAAAATAATCAATTTACGTAAAACTTATTATTTTACAAGCATAGAAGCCGCCAGATACAAAAAACGTCCGGAATCCCCGGGAATCTTTACACCCAACAATCGGAGCTGGAGCGCCATCAGCATCGAGGCGCTGGCTCTTCAGAATCATCTGCCACGCAAGATCAACAAGGCGATCAACGTCATCGTTGATACATGACAAAATCATAGCACAAGCATTTAAGCCAACACAGGACCTGCACATCCATTCTGCCGCAATGTTGGCCTGCTATACTGAACAATTGGCAAGCGAGACCCACTGCTGGATTGAAATCTGTTCCGGGCGGATTGCGGGGTCGATACCGGCATTTTCCAATCCCTGGAAAAATTCAGGCAGGTTTTTCCGAAGGTTGGAACCGATTTGCTTTCGTCGCTGCGTGAAGGCGGTTTTTACAAGTCGTTTGAACGCGGAATAGTCCGCAAGATCCGCGAGCGGCGTTTCGCGCTTTTCGAACCGAACGACTGCCGACCAGACTTTCGGTGCAGGCATAAAGCATTTCGGACTGACGTTTTTAATGTTTTTCACGTCATAGTTCAGCTGGCTCCAGATCGCCAGCGGACCGTAGGCTTTGCCGCCCGGTTGCGCCGTCAGACGGTCGGCGACTTCCTTCTGAACCATAAACACCATTTTTTCTGGCAGCGGCCGCGCTTCGAGCGCGTTGACAATAAAGCGGCTGCCGACTGAATACGGCAGGTTGGCCACGATCCTGTTCACGCCATCGACAAACAGCGCTTCAAGATCAACATTAAGAACATCGTCTTCCCGAAGTTCCAAACCTTGGAAAGTCCGCTTCAAATGCGCAACCATGGCCGGATCTTTTTCAATGGCAGTCAGCGGCGCACCGGTCGCCAGCAGCGCCTGCGTCAGCGCGCCGAGTCCCGGCCCGATTTCGAGCAGACGATCATTCTCAGAAATCTCCGCCGCATCCACGATGATACCGAGAATATTCCCGTCGATCAGATAGTTCTGGCCGAGACCTTTGTTCGGGCGGTGTCCGAGCGAATTGAGTAATTCGCGGATCACAGAAGGATTAGTCAGCTTGCCAACGGTCATTTTTTCACCAGTTGAATGGCGGCGTCAATCGCGGCGATCATGCTGCCGGGATCAGCTTGATTCTGTCCGGCAATGTTGAAAGCCGTACCGTGATCAGGCGATGTGCGAATAATCGGCAAGCCGACGGTCCAGTTTACGCCGCAGTCGAAGGCATGCATTTTAAGCGGGCCGAGGCCCTGATCATGATACATCGCTACCACAGCATCAAAATTTTTCTGCAACGCCTGATAGAAAATCACATCGGCGGGAACAGGGCCAATGGCGTTAAGGCCCTTGGCTTTTGCGGATTCGATGGAGGGCAAGATGATCCCGGCGTCTTCACTGCCGAGCGCGCCGCCGTCACCGGCATGCGGGTTGAGGCCGCAGACGCCGATGCGTCCGTTTTCAATGCCAAGTTGGCCGAGCGCTTCACCGGTCAGTTCGATGGCTTCGAGGATATTCTCTTTGTTGAGTGCGTCGGCGACGTCGCGCAGCGGAAGGTGGCGAGTGGCGAGCATGACACGAAGACCTTTGCCCATAAGCATCATGCCGTAGCGCCTGCAGCCGGTCATGGCGGCGATCATTTCGGTGTGGCCGGGCCAGTGGAGACCGGCCATCTTGAGTCCCTCCTTGCAGATGGGCGCGGTAACCATTGCGTCGATTTCACCGGCAAGGCAGCCCTGCACCGCTCGCTCGATGGCGGCGACTGCGGTCATGGACGCTTCGGCAGTGATTTTCCCAGGGATTGGAACCTCGTTGAGTCCTACTTTCCAAACTTCGGAGAAGGCATCTTCAATTTTTCCAAACATTGGAAAATTTTCGGGACCGATGAAGGTGAATTCGATGTCGTCTTTCCAAGGTTTGGAAGAAACGGCTTTGAGGGCGATCTCCGGACCAATGCCGTTAACGTCGCCGCAGGTAATGCCAATACGAATGCTCATGACAAATCAGTAGCGTTCCACATGATGGCTGGCGGAGAGACGTTTGATCAGACGGTCGTGAAGACGATCACGCTCTTTGGCCAGCAGGGTTTTACGGATGGATTCGCTGACATCTTCGAACGGGACATGGCCCTCTTCCTGCCGGCTTTCCACCTGAATGATATAGAATACTTTCTCCCCTTCGATCAGATCGCTGATTTGGCCTGCGGGGGTATCGCGCAGAGCGGGCCGCATTTCGACCTTTACATCGTTTGGGTCACGCCACGGGCTGAGAGAAGGATCACCTTCTGAAACCTCTTTGCCGACGGCTTCGAAATCGGCACCGGCCTGCAGTTTTTTGAGCGTATCTTCCGCCTGTTTACGTTTAACCTGCTGCTCCTCATCGGAAACACCTTTGTTGATGAGAATGTAGCGGTATTTGACGCGGAACGGGATGAAGAACTGTTCCTTTGAGCGTTCGTACTCAGCACGAACAGCTTCTTCACTGACATGGGCCTGCTGCATGACTTCCTGGTTATAGAAAACGCGCATAAGCAGTTTGT
CP047593.1_gap22	496199	500474	4275	GGGTCTTTCTTTGCGGCAGCCGTACCATCGACCACCCCGGCCACAACCGGGCTGACCTGTGTGGCAATCTGGCCTTCATAGACTTTTCCGGTCGAACCGTTAAGGCTCAGCCAGTCTCCGGCCTTATACGTTTTCTTGCCAACCGTAATGACTTTCTTTTTGTAATCGATACCGAGCTCTCCGGCACCGCAGATGCAGCATTTACCCCATCCGCGAGCGACAACCGCGGCATGAGAAGTCATGCCGCCGGTCGAGGTCAGCACTCCCTGAGCGGCCCACATCCCGCCGACATCTTCGGGGCTGGTGTCCTGGCGCACCAGAATCACTTTGGCTTGCGGATCTTTTTTGACTGCCGCCTCTGCGTCTTTGGCCTCGAAAACAATCTGTCCGACTGCGGCTCCCGGACCGGCCGGAAGAGCCGTGGTGATCAGCTTTGCTTTTTTCTCAGCCGCGATGTCAAAGACCGGGAACAGCAGCTGTTCGAGATCGTCTCCGGACAGAGTGGTCAGCGCCTCCTTCTGATTCAGAATTTTTGGAAGTTTTTCGCCGGTGTACATATCTTCGCCGGTCGCCATTTCAACCGCCCAGCGGACTCCAGCCAGACCGGTGCGTTTGGCATTACGGGTCTGGAGCATCCAGAGCTTTCCTTCCTGCACAGTAAACTCAACGTCCTGCGGATATTTGTAATGCTTCTCGAGGCGCGACATGATTTTCATCAGGTCGGCATGGGCTTTTTTCCAAACCTTGGAATTTTCCGAAGGCATGTCCTTGAGGTCTTTCGGCGTACGGATTCCGGCCACGACGTCTTCGCCCTGAGCATTGATGAGATATTCCCCCATCGGCTTGCTGTCCCCGGTTCCGCCGTCGCGGGTAAAGGCCACGCCGGTTCCGGATTCATCCCCCATGTTTCCGAAAACCATGGTGCAGACATTCACAGCGGTTCCGAGCAGACCGGTAATTTTGTTGATCTGGCGGTATTTCTCGGCGCGCTCAGAATTCCACGAACCAAACACCGCGCGGATGGCGAGATCGAGCTGCTGCATGGGATCCTGCGGGAACGGTTTTTTAACCTTTTCGAGATACACTTTTTTGTAGACCTCAACGAGCTCCTTGAGCTGTTCTGCTGTCAGTTCCGTGTCGTCTGTGGCTTTGTATTTCTTTTTGATCTTCTCGAGTTCAATTTCGAAGTCGTGATGAGTCAGCCCGGTGTACGGCCCCATAACCACATCACCGAACATGTCGATGAAACGACGGTAGCAGTCCCACGCCGTGCGCTCGTTTCCGGTCTGTTTAATGAACCCGTGAACGGACTTGTCGGTCAGCCCGAGATTGAGAACGGTGTCCATCATGCCCGGCATGGAAATCGCAGCACCGGAACGAACAGAGACCAAAAGCGGATCATCGGCATCACCCAGTTTTTTGCCCATCATTTGTTCGAGTTTGGCCAGCGTTTTCTTGAGTTGGTCTTCCATCCCCTGAGGATAGCGGCCACCGTTTTTGCTGTAGCATGCACAGGCTTCGGTCGAAACCGTAAAGCCGGGAGGAACCGGGATGTTGGCATTGGCCATCTCAGCCAGATTGGCGCCTTTGCCACCCAGCAGAGCTTTCATGGAGGTATCGCCTTCGGTGTGCTCTTTACCGAAACCGTAGAAATACACATACTTCTTATTGTTCGCCATCAGGGTCTCCTTGCTTTACGCACCGTTCATCAGCGCGCTGTTTTTTTAACTAAACAAAATTACGCGGCATGCTATCAGAGCAATTGGGGGTGTCAAGCCGTGGGAGGATACCGGCCAAAACACAAGCTATTCGAAAGCTCTTTCTGCCGAATCCGGCGTGCCGTCACCCGGACGGTCCGCCTTCGGATAGGCAAATTCAAACGCGCCCATATCCACCCGGGCGTGCCCGTTGTTATTGCCATCGAGGACTCGCGGACGTCCATTGATGTCCGCCACTAAAAAAGTATCGGTGCCATGATCAATCGCCGGGGAAGCATAATGCAGAGAAAACACTCCGGTGTCCGTATTCAGGAATCCCGGATCGCCATCAATATTCCCCTCCCCGTCCGGCTTCGGCCAGCTGCTCGAAAACGTCATTTCCGTGCTGTAATAATTGTGATGCGTCTGCAGCGCCTGGTTGTGCTGAATAATCGAATTAACCGCTGCGCCGAACGACGTTCCACCGCCCATAATCTCCGCGCGGTTCTGCGCCACCGTGCAATTGAACAGCTCACTGCGCTGAGCTCCGCCTCCGAAACGACCGGCGCGGTTATAGGCCAGCAGACAGTCGCCCAGCCGCGCGTGACTCGCCGCGCCGCCCGAACGCCGCGCCGTATTTTCCTTAAAGGTGCAGCGCATTGCCGTTCCGCCGTACATCCCGCCGCCGTACCACAGCGCCGTATTGCTCACCACCATGCAGTCCGTAATCGTTCCGCCCGGCTCACTCCAGACCCCGCCGCCGGACAGATCCTTAAACTTGTTTCCTTCCGGCCCCACCCGGCAGGTCTCGCCGCCGGAAATGGTAAAACCGATCACTTCGGCACCGTTGGTTAAATAAAGACAGCGCGTCGACGGCCCGCCCATCAGAAACGTTTGGTTCGCACCCGCCTCACTGCGGATCGTCAGCGGCTTATCCACCACCAGCCGCGTTGCGGGACCGTCCTGATCCACCTGACGACCGCCCATGTTATAAACGCCCGGCGCCACTACGATTTCGTCGCCGGGATTCGCCGCGTCCACAATCAGCTGAAGCGGCTTCGGTTCGTTTTTCGAAACATAAACAGTATTCGGTTCCGCCACCTGCTCAGCGCAAACCGCAGCAGCCATCGGCAGCAGCAAACAAACTATCCACTTCATGGTTTTTGAACTCCGTCTCCAAAAATTGATTGGAAAAATCTCTACCGGATTTTTTCGACCATTGGAAAATTATTCTTCGGCGGACCGCCCGCCGCCGGGATTTGTGTAAGGATTCACTTCGATCGTGATGTGATCGAGGTGATGAATTCCTTTCAGCTTTGCTTTAAAACAGTCCGGCGAGCGGACTTCGCGGGTAACCAGCGAAACGATCACCGCATAAGCGGACGGTCCGACTTTCCAGATATGCAGGTCGGCCACCCGCGCATCGCCGTCTTTTTCGATCCGTTCCAGCACCTCTTGCCGAACAGATTTTTCGGCACTGCTGTCGAGCAGGATCGGCGCAGTCTCGCACAGCAGTCCATATGCCCACCTGGCAATCACCGCCGAGCCGACTATTCCGACAAAGGCGTCGAGACGGTTCCAGCCAAAGTACTTTCCGAACAGCAACGCAACGATGGCCAGCACGGACGTCAGAGCATCAGCCAGCACATGCATATAGGCCGCTTTCAGGTTGTGATCATGTTCATGATGATGGTGTCCGTGATCATGATGATGTTCGTGCGGCGTTTTCAGGATGAATACGCTGGCGGCATTAACGGCAAGGCCGAGCGCGGCGACACCGAGCGCTTCATTGAACCGAATCTCTTCCGGATGGATCAGCCGCTGGAGCGATTCCATCAGCATGGTCAACGCGACCACCGCCAAAGCAACGGCACTGGCGAAGCCGCCGAGCACGCCGAACTTGCCGGTTCCGAAGCTGAAGGCCGGGTCGCGGGCGTGTTTTTCTGCGTAATGATAGGCGGCCAGCACAATGATAAAGGCCACAGCGTGAGTGCTCATATGCCAGCCGTCAGCGAGCAGCGCCATGGAACCGAAAACCGTCCCGGCGGCAATCTCAATAACCATGACGACAAGCGTTACAACCAGTACAATCCACGACCGCTTCCGGCCCTGCTCGTGCAGCGTCAGGTAATCATGCTCATGCCTGAACGGATCCGTATTCATTTCGACACCTTAAAAATCAATGCATCCTCGCGTCGCACTTCAACACATCCTTTGCATTTGGAACATTTGGTGCTGAGCCGCTCAATGCGCCCCTTCTTCTCAAGGGTTCCTAACATTCCTTCCATCGCGGCAATCTCCGAATGAAAGTGCTGAGCAATTTCCTTAAGCGACATTGCCCCGCGCTCTTCGAGCAACTTGAGTATTTCGGTCAGCATTGCAAACACCTTTCTGTCGGCTGCACTCATCGGGAAAAGAGCGGCGCTGATTGTTTCCGGTTAATGAACCTGTATTTTCTGAGCCGCTTCTTTGGCAATGATATAGCGGCTTTCTCCTGCAGCAACCACCATGTTGGCATCGCGCGGCCGGTTTTTCAGAACAGTCACAAAGGCTCCGCTGAACAGTCCCATTTCAAGAG
CP047593.1_gap23	501964	503888	1924	CGTGGACAAAACCGTAGCGGCCGTCGGCCATCACAATTTCAATGTCTTCGCCGATGTGTTTTTCCACCCGATCAATCTGAACCGCTCGCAGTTCATCGCAAACCCCGATCGTCAAATCCTCCGCCACGTGATCGCGTTCCAGCAGCTTCACCGCCAGCCAGCGGGCCGACACATCAACCCGTTTTGCCGCCTCGGTAACCTCGGGCATCAGCTCATCAATTGCTTTCTCTACAACAGCATCGTACTGCACATGTGTTTTGCTGATCGGCTTTTCGGCGGCCGTTTTTTTGATGACCTGCTGGAGTCCGCCGACGTCATCTTTGCGAATCGCTTCCACCTGCAGCACCGGACAGTCCAGATGTTTCTGGAGATGGCTGATCTGCACTTCAATATGCCGCTTTTTAGCGAGTCCGGCCATATTGACCACAACGACAAGCGGCACGCGCATTTCCAGCAGCTGAGCCGTAAGGTACAGGCTGCGCTCGACGTTGCGCGCATCAATAACGTTTACGATCGCATCGGGCTTTTCTTTCAGGATGTAATCACGGGCGGCCACTTCATCGAGAGAACCGGCAGAAAAAGAGTAAATACCAGGCAAATCGACGACCCGGTAATCGGCATCCTCAAAGGCGTATCCGCCCTCCAGATGCTCCACGGTCACCCCCGGCCAGTTACCCACCCTCTCACGAGAGCTGGTCAGAGCATTAAACAGCGTGGTTTTCCCACAATTGGGATTCCCCGCCAGAGCTATTGTAAAATTTTTCATGTCCCCAAAAAAAGTATCCAGAGAATGATAAGCACCTCCTAAAACTCTGCGAGAATAAAATCTAAATAAAGGATGGCTTCCAATGCCTGGAACATTTCGTGAAGGAAAGATCAGCAACTGTTTCGGTTACAGCCGTCCGGCTCCAGGGCATGGAAAAAAAAACGGCTTCTTGTCCAGCAATTGGAAAATAGTGACATCCGCAGGCCGGACATCCACGCATCCTTTGCAGGTGGAGCATTTGCTCTGCACCTTTGCAATCCGTCCTTTCCGTTCGAGCATCTGCAGCATTCCCTCCATTACCGGAACGTCGACCTGAAAGCGGTTGGACAAATCTGAAACAGACAATGCGCCCCGCCGGCGGAATTCGTTTAAAATATCTGAAAGCATCAGCGTACCCCGATCTGCATGGCGGCCTGCCTGGATATGATGTAGCGACTGTCGCCCGCCGCCACGACGACACTCGGATTGGAGGGATGGTTTTTCAGAATGCGGATCGCGACACCGGGAAACATTCCCATTTCCAGGGTCTGTTTGTCGTGGTTGGACAAAATCACTGCCGATGTGTCCTGACCCAGCTCCGAGAGCCGGCAGGCGCAACGGCAGCCCGCCGCCCTGCATCCGCGATTTCGTCTTCTGAAACACCGCCCGAACATGTGAACCTCCTATGCATGTTCCGGCGACCGGCCGGAACATTTGTAAAGAACCCCGACAAACACTGCTGCAAACAGGACAATTCCACCGACCCAGGCCGAAGACGATCCGGGATGAGCCGTGAAGGTGGCAATCTGGTAGTAGAGCGTTGCAGCAATCCAGGCCAGCCCCGTCAGATAACTCACGCAGAACACGGCCCACTTCCAGCTGGTCTCACGATACACCGCCGCAATGGCGGCCACGCATGGAGCGTAGATGAGGATAAACAGCAGATAGGCAATGGCCGCGGCTTTGCTGCCGAAGGCTTTTTGCATCGTGCCGAGTGTTCCGCCGTGAATCTCCATTTCTTCCGCAACGGCCTCGCTGTCTTCCACGCCGGAAGCTCCACCGATTCCGATTGGGTCTGCAAAGGTTCCGGAGAATCCTTCAAAGGCGGCGGGCACGGAGGCGAAAGCTTCAGAAATGCCGCCAAAGAAGTCAAACGGCTCCTCTTCAGCCCCGCCGCCG
CP047593.1_gap24	505209	505832	623	CAATCTTAATGAGCTCGTCTTTGAGTTGATCCAGTCCTTCACGGCGGGACGCCACCATGGGAATGACCGGACATCCGAGATGGGCCCGCAGATGATCGACTTCAATCTTGATTTTCCGGGTTTTGGCGATGTCCATCATATTGAGCGCCACGACCACCGGCACGCGCATTTCGAGCAGCTGGGTGGTCAGGTAGAGATTGCGCTCAAGATTAGTCGCATCGATAATATTGATTACAACATCGGGTTTATCTTTCAGAATAAACTCGCGCGACACCTTTTCATCCACCGAAAAAGCAGAAAACGAATAGATTCCCGGAAGATCGACGATCATCAGTTCAGCATCCCCATGCCGACAGAACCCTTCCAGCCGCTCGACCGTTACGCCGGGCCAGTTCCCGACGCGCTGGGTTGCGCCGGTCAGCGCATTGAAAAGAGTTGTTTTGCCGCAGTTTGGATTTCCCGCGAGGGCAACCGTCAGTTTTCCCATCTCAAACCTCCTCCACGTTCAAGGCATCAGCCTCGGCCTTGCGCAGGGTCAGACTGCCGCCCTGCAGACGCAGTTCAACGGGATCGCCCAGCGGAGCAACCCGCTCGAGTTTGAATTCCACGCCGCGCACAAGTCC
CP047593.1_gap25	507948	508703	755	CTATATGCCATGCAGTACCTGTGCGACAGCTGCACAACCTACATCTGCATAACCGCGACGAAATTCTGCGCGGTCTGATCAACAACCTGCGCAAATGCCTTCACCTCATCCGCGCCATACAGGCGCTCGGCATCACCAGCCTGCCACTGTGTGTCCTCTGCATATTCCTCATCGATACAAACAGGGTCACATGTGCCGAAATCATCTTCGGCACCGGCCTTCTTAAAGGCACGGTGAGATTCCGTCTGATACAAAAGAATCCAGCACCAAAGCGACAAGAGCCATCTTCTTCAGCGCATTAACAGAGACCGTTGCACCGCTCACGCCGTCAACACGCTGATCCAACTGATGCGTTTCGTCCAAGCCGGAGCCGACAAACTGCTTGAGAAAACGCTCGGTCTCGATGACTTTGCCGCGCACCTCTTTTGAGTCGAGAACTCTTACGCGGACAAGGCGCTCGGCCTCAGTTACAAATCCGGCCTCTACATATCCATGTTTACCCCGGGACTTCAGGATCCAGACCCGCCGGCCGGCCTTTTCCCAATATGATACGGAAGAGGCCGGATAACGGTTGCCGTATACCGTGCGAATCGCATCAAGAACCTCTCCCCGAAGAAGGATTTTCTCTTCGGCAGGCAGTTCTCCAAGCACCCCCTGAACAAAACTGTCCGAGGCCACACCTGACTGACTGAGGCCGGCAAGACTCAACCAGATCAACAGCAGAATCTGCCGGCATTTAGAATTCATATCCCACA
CP047593.1_gap26	515802	517898	2096	CAAACCGGCCGGACGCGCCCGGCGGCGGAATCCAGCACGGCGCGGTACGGTTTTTTCCCGGCCGCCAGCTCGATGTTGATTTGATCCAGCAGGACAATCTCGTTTTTGATGAGCATCCCGGACAGGCTGAGGAATCCCAGCATGGCCATGAAACCGAACGGCTTGTCCGCCAGCAGCATGCCGGCCGCCACGCCGATGACGGCCAGCGGCAGCCCGAGAAAAATAATCAGCGGGTGGCGCAAGGTATTAAACAGCAGAACCGAAATCAGGAACATCGCGGCAAACGCGATCGGAACATTGGACATCAGCTTACTGTTCGCCTCGACCTGCTCTTCGTGTTCGCCGCCCCATTCCAGCGTGTAGCCTTCCGGCAAATCGATGGCTTCAATCGACGGGCGCAGCTGCCGCAGCAGGCTGTCGGTCGTGCCGTGGATCTGCTTGCAGAAAACGCGCAGAACGCGCATGCGGTTGAGCCGATGAACCACCGGCGTTTCCCACTCCACATGCCGTCCGTCCGTGACCTGCTCGATCGGAATCCAATCCTGCCGCGCACCGCTCCAAACCTGAATGTCTCCAATATTCCCGATTCCGTGCCGCTGTTCGCAGGGCGGACGGAGGACAATCGGCAGCAGATCGTCGTCCTGACGATACACGCCGACGTTGGCCCCGGAAAAGTTCATCGCCAGCGAGCGGGCAATCGCCGTCCGGCCCAGGCCGGCCTCACGGGCACGCGCATCGGACAGGCAAACGGTTTGAACTTTTACCGGCTCTCCCCAGTCGGTCCGAATGCTGCGGGCGTTCTCATGCGATCCCATGACCGCTTTCACCTTCCCCGCCAGTTCCCGCAGCACCTCGCCGTCCGGCCCGCTGAGGCGGGCCACCACCGCGCCGCCGCCGGGCCCCAGCTTGAACGCATCAACACTGGTCACGGCCCGCGGATGGTGTTCGTTCAGGTAAGCGGTCAGGAGCGACCGCAGCGCCGGAATCTTCTGATAATCATCCAGAGTCACCAATAACTGGCCGTAGGCGCTGCTCGGCATCTGGGGTTCATAGGTCAGCAGGAACCGCAGCGGCCCGCGGCCGACGAAACTCGCCACATCCTCCACTCCGTCCAACGTGCGAATATAATCGCTCACCGCGGCCGCCTCGTCGGCGGTTTGGCTGATATGGGTTCCCTCCGGCATCCAGATGTCCACCGTAATCTGCGGTCGGTTCATGTCCGGCATAAAGTCCTGCCGAACAAAACCAAAGCCCCACATGGCAACCATCAGCAAGGCGCCCACCGCCGCCAGCGAAATGCGCCGGTGATCAATACACAAACCGACAAACCGCCGGTAGCCGCGCGCGAAACGATTGCCCCGCGGCTCATGCTCACAGCCGAGTCGCTCCGGCAAAATGGCAACACACAAATACGGAGTCACCGTAATGGCAAACACCCAGCTGAGCCCCAGCGAAATACAGATGACCTGAAAGAGGCTCTTGAGCCACTCGCCCGTCATGTCTTTGGACAAGGTAATCGCGGCAAATGCCAGGATGGCAATTCCGGTTGCGCCGAGCAGCGGCCATTGCGTTTCGCGAACCGTTTCCTCAGCCGCCTGCGCACGGCTCTGCCCGCAGCGGGACTTAATGACAATCCCTTCGGCCACGACAATGGCATTATCCACCAGCATGCCCAGCGCAATAATCAACGCCCCCAGCGAAATGCGCTGCAGCGTGATCCCCATGGCATCCATGCACAAAAACGTCGCCAGGATGGTCAGCAGCAGAACCACGCTGATAATGAAGCCTTCCCGCAAGCCCATAAACAAAACCAACAGCAGCATCACAATGGCCACCGCCGCCACCAGGTTCAGCACAAAACCGCGGGTCGCCTTTTCTACCGTCTCGGACTGATGTGCAATAGAATGAACCTCAACTCCCAGGGGAACCCGCCCTTTCAGCTGTTCGAGCCGCCGGGCGATGGAGTTGCCCATGGCAATCACGTCGCCGCCGGACACCGTGGAAATGCCGATCCCCACCGCGTCCTGCCCGTTCCACTGCAGGAGCTCGACGGGCGGGTCAAGATATCCCCGCTCGATGCGGGCAATGTCCTTCAG
CP047593.1_gap27	521762	525002	3240	AACTGCCTGAAATACTGGGTGCAGGAAATGCATGTGGACGGGTTCCGCTTCGACCTCGCCACCTCTCTCTGCCGGGGAAACGATGGAACCCTGCTCGAAAAACCGCCCCTGATCAAAGCCATCGAGGCGGAACCGGCGCTGAAACACATCAAGCTGATTGCTGAAGCATGGGACTGCGGCGGCTATCAGGTCGGGCACTTCCCCGGCAAACGGTTTTCGGACTGGAACGGAAAATTCCGCGACGATATCCGTCGCTTCTGGAATCACAGACATCCGGTTGGCGAACTGGCCACGCGACTGGCAGGCAGTTCCGACCTCTACCGGCACAAAGGCAGCAGCCCGCTCCACTCGATCAATTTTATCACCGCACACGACGGCTTCACCCTCGCTGATCTGGTTTCGTACGAGCAGAAACACAACGAAGCCAACGGCGAAGAAAACCGCGACGGTGAAAATCACAACGACAGCATCAATTTCGGCGTCGAAGGCCCGAGCGATAATCCCGCCATCAATGCCCGCCGGCTCCAGCAGCAGAAAAACCTGCTCGCCACCCTGTTCCTGTCGCAGGGTGTTCCGATGCTGCTCGCCGGCGATGAGTTCGGCCGCACCCAGCAGGGCAATAACAACGCCTACTGTCAGGACAACGAAATCTCATGGGTCGACTGGAGCCTGCTCGAAAAAAACAAGGAGCTGTTCGAATTCACCAAACAGCTGATCGCCTTGCGAAAGGCCCATCCGGCCCTTCGGCGCAAAACCTTCTTTACCGGAAAGGGCGACGTCAAATGGATTGGACCGGACGGGAAGGATCCCGACTGGAATAACGGCCATGCGCTCGGCATGCACATTACAGGTAAAGACGAACTGCTCATCCTCATCAACAACGAGGAGCATGATGTTTCATTCGAAGAACATATGCGCCCCGACACAGGTTCAGGAGCACAGGCTCAGCCTGTTTCCAAGGATTGGAAACTGGAACTGAGCTCCGCTCCGGTCGACAGCTTCACACTGCCGCCGCAAAGTCTCGCGGTTTATACGGTCCGGCCCTGAAGTTTTTGAACAAAAGCCTCAGGCGGAGAAACGCGTTTCTGGTTTTGATAGTCGAAAACGGCGACCCCGGTTTTCGCAGTGGCGACGACAGCGCCGGTCTCCTTATTGGTGAGGCGGTAGAAAATGTCGCATCCGAGGCGGGAAAAATCGCCGGCAGCCACTTCGACGACCAGCACGTCGCCGGCAAAAGCCTGTGCTTTATAAAGGATAACAGAGTCCAGCATGATGGTGCCGTAGCCTTCAACGTCAATTTCGCTGTAGCCGAAGGACTTTAAAAACCGGACGCGGGCTTCGTGAATCAGAACCAGCGTGTCGGCATTGCCGAGGTGCCCGCCGTAGTTCAGATCGGTAATGCGAACGGTCAATTCCGTACTGAAGGGAAAAGTTTCAGGCAATTCGAGTTTTATCCGCGCCATTTAAAAGCTCCTTTTTTAGGTTGATTCGGCACTACAGCCTGTGTAGCTTACACCGCTCGTTTTAAGAAAAAACAGTTTTTGGAGAAAAGTCATGAGAATTCGCAGAGCTATGCGCAAAAAACCGCTTCGCCGTCCGGTCAAAAGCCCGGGAGCGCGCCGCTATCGTGTTGCGCAGCAGAAAAAACGTCTGGCGGAACTGGGTCTCTCTGAGGAGCAGATCAAGAAAATGAACACCAAAGAAATCCGCGCGGCGCTTCGTTGCCCGAAAAAAATCAGCGCCTAAGCTGTTTCAGCCTGGCTGACTGATTTATAACGCCCCGGTTTTCGGGGCGTTTTTTGTTGGGTGACCGAAGTATGAGCAAAAAAAACATTGTCCTGATCGGGTTTATGGGAACCGGTAAGACGGTGACCGGCCGCGTACTGGCCGAGCGCACCGGTATGGAACTGGTGGATATGGACTCCATCATTGAAGAGCGCGCCGGGAAACCGATTTCTGACATCTTTGCAAACGAAGGCGAACCGGCTTTTCGGAAGCTGGAACGGGCGCTGGCCAATGAGCTGTCCCAGCGCGAAGGGCTGATCATTTCCACCGGCGGCGGCGTGGTGCTCGACCCCGACAATATGGCCGATTTCCACAACGGCGGCCTGGTGGTCTGCCTGACGGCATCGCCCGAAACAATTTTCCAAAGGCTGGAAAACGATACGACCCGTCCGCTGCTCTCCGGCGATAAAAAAAAGCAGATCAGCGGCATTCTCGAAACCCGCAAACCGCTGTACGACGCGATCGAGCATCAGATCGACGGCGACCGGCTCGATTCCGAAGGCCGCGCCGAAGCGATTCTGAAACTGTACGAACTTGAAAACTGACACTAAACCGCTAACATGCTCTTCTTTTTAACTGCAGGAGTCCGATCATGATGGATAAAGACCACACAGCTGAACACAAAGACGTTCAGAAACACAAAGAGCTGGAACAGCACGAGGTTGCACAGGTTCTCGATTTTTTAAAGCGTTACGGGAAGCTGATCGGAGCGGGAGTGATTGCCGCCGCCGTCGCTGTACTCGTTTCTCACGGACTCTCGGCCCGCAAAGCGACGAAGATGGCCGAAGCCGAACAGATGCTTCAGGAAGCCAAAACCCCTCAGCAGCTCGAAGATGTCGTCAACAACTACAAATCGACGCCCACCGCCCCCGCCGCTCTGCTGGACCTGGCAAAAACCCTTTTCAACGACGGCGAAACCGCTCAGGCACGTGTGCAGTACGAGCGTTTTGTGCGTGACTACAAAGGAAGTGACCTGCTCCCGATCGCCAAATTCGGTCTTGCCCACTGCACCGAAGCAGACGGCAACTTCGCTGCAGCCGCCGATGAATTCAAGGATTTCCTGTCCGCCAACTCCGGCAGCTATCTGGAAGCTCCGGCAATCATCGCGCTGGCCCGCTGCCTCGAAGCTGCCGGACAAAAAGAGGAAGCCCGGATTGCGCTGGAGGATTTTCTGGCAATGAATGCGTCCTCGCCGTGGTCTGATCCGGCCGAAGCCGCTCTGGAGCGCATGGCAGCAGAATAATCCATTCGCATCCTCAACGCATAATGCCCAATGTTCAGTGAACATTGGGCATTTTCTTTTTAACCGGACCGATACCGCCTACAGCTCGTCGTCGCCCTCTTCAGATTCGGCGTCTTCGCGGCCTTCTTCCAGAAGCGTGGAACGGGCATTGATGTAGGGCCCCGGGAACAGCTCCTCAAATTCTTCGGGGCCGTCTTTGTACATTTTACAGA
CP047593.1_gap28	528559	530664	2105	AATCGGAAAGAAACGGGAAGATCGGCGCGGCCCGTTTGATGCGCGGCTCGAGCGCCACGCACGCCAGGGTCAGCGCACCGCCCTGGCTGCCGCCCAGAGCACCAACGCGGGTTTCGTCGACATCGTCCATTTCCATCACAATTTTCGCCAGCTGGGCGGTATCGAGAAAGATGGAACGGAACAGCAGTTTTTCCGGCGCATCATCGAGCCCGCGAACAATCTGCCCGCGCAGCGTGGTTCCCTTGACGCCCCCGACATCTTCGGAAAACCCGCCCTGCCCGCGGCAGTCGAGCGCCGCAACCGTGAAGCCTGAAGAGGACAGGGCAATACTTTCGCCAGTGGTCCAGTCGCCGGCACTTCCGGAATATCCATGAAAGCGAAGGACTGCCGGATGGGGCTCTGCGGCATTTTTCGGCTGAAACAGTTTTGCGTGAAGCCGCGCACCGCCGACGCCGGTAAACCACAGGTGAGAACAGGTCACGGTCGGCAGCTGGAAGTCCGCATCGGGAATGATTTCGATCTGCGGATCCACCGCGTTCATCTCGGCCAGTGCGGCGTCCCAATAAGCATCAAAATCAGCAGGTTTTGGATTAATTCCCTGATAGGTCTTCAGCTCTTCAAACGGCATATCAAAAGTCAGCGGCATCGGTTTTCTCCATCTATTGTTCAATATATTTTCGTTTCAGCGACGAATTAATGCTGGTTAAGATTTCATACGGAATGGTCCGGCAGATCTGGGACAGCTCGCTGGCCCAGATGGCTTCTTCGCCCTGCCGCCCGATCAGGGTTACGACATCGCCCACCTTTACGTTGGCATCGGGCCCGACATCCACAGTAATCCAGTTCATACTGACCCGACCGACCACGGCACAGCGGCGACCGCCGATCAGCACATCCCCTCGATTGCTGAGGCTTCGGTTGTAGCCGTCGGCATAACCCACCGCCACGGTGGCAATCTGGGTCGGGTATTCCGTGGTGTGGGTTCCGTAATATCCCACGGGAAATCCGGGGGGAACCGACTTCACCTGCACCACTCGGGTTTTCCATTCCAGAATCGGCGAGGTCAGAAAGCGACCGGCCGGGTCCGCGGCGCCATATCCGTAGAGGTCGATGCCCTGACGGACTCCATCAAAGTCCCATTCCGGAAAGTAGAGAGCCGCACGACTGCTCGACAGGTGCTTAAATGCCGTCGGCGGAACGCATTCCATGGCCACTTTGAAACGCTCGGCCTGAAGGGTGGCGTCGACCGGAGCATTCGGCTCCACCTTCGCAAAATGGCTGCACACGCCCGTAACATTGAGCCCGCCGGCACTGTTCAGCTTTTCCATGGCTCCGGCGACATCATCCCACTGCACGCCGAGGCGCCCCATGCCGGTATCGATTTTCAGGTGCACATCCAGCACCTTGCGGCGCGAGCGGGCCTCTGAGGCCAACGCAAGTCCATGTTCCAAATCGGTGATGATCGGCAAAATCCGGTTTTCGAACAGAAGATCAATCTGCTGAGGATCAATATAACCCATCACCAGCAAATGAGCCTCCGGCAGAATTTCCCGCAGGGCAATTGCAGAGTCCAGGTAGGCCACTGTAAACCAACGTACGCTCTCTTCCGAAGCTGCCTGAGCAATCGGAAGCAGTCCGTGCCCGTATGCATCGGCTTTGACAACAAAGATAATTTCAGGCCCCGGATTGACTGCAGACCGAATGGAACGAATATTTTTCCGCAGCTGTCCCAGGTTTATTTCCACCCATGAATGATTCACGCTCTCTCCTTAACGCAATAAATGCCTAACATTCTAAATCAATTCGAGCGGCCTTGGCAAACCCGCCGATCAACAGTTGAGAAAAAAGTCATCCCATCCGCTCCCTGACCCTGTCTTTGGCACGCAAACACGAGCCCCGTATCCCATTGAGCCTATGCCTCTTCGAAACATAAACGGAATCGAGCAGCCGGTCCTGGCAAACTGAAAACCTCAAGAATAATAGTATTCACGAAAGCATTCCCGTGTTATTTTCAAGACCTGAAAGGGTCCTGAACAGTGAACAGCATGGGAGAATGGAATGCGGATTCATGTTAAGCTGATTGGTTTTGTTGCCGGAGTGCTATT
CP047593.1_gap29	561765	562809	1044	TGACCGCTTTTTTGACGTCGTCGATCTGGCCGATTGAGGAGATGAGCAGCGTCGGCGGAATGGAAATCTTCTTGCCGCCGCGGGTCGAGTCGTTCTTGCAGGAATCCTTCCCGGAAACGGCAGGTGTTTTGTAAAGCGTGGTGTAGTCGTAGAGCGCTTTGTTGGAACGAACGAGCTGCGCCATTTTGTAGGCGCCGTCCGGCGTCTTTTCGGATTCAACCGGGTCCGGCCAGCAGAAGTTGTCGAGAATCGCAATGCGTTCCAGCGAACCGCCAACGGCAATCACGCGGCGAACCGCTTCGTCGATCACGGAAGCCGTCATATCGTAGGTGTCGATGTCCGAGAACCACGGATTGATTCCTTCAGCCAGAACCGCGCCGCGGTCGTTATCGTACTCAACACGCATGACGGTGGCGTCGGACGGCACGTCGGAATTCACGCCGACAAACGGCTTCACAACGCTAAGGCCTTTGACCTCACCGTCGTAGATGCGGCTTTTGTATTCGCGCGAACAGATATTCAGGTCGCCCATCAGTTTGGTGAGCGTTTCGGAATAGTCCTCTTTCTCTTCAACCGTCGGAGCCGGAATGCTCGGCTTTTTCCAGACGCCGGGCATCACCAGAGTCGGGCAGCCGGTTTCGTAGAGGAAATCCATGTCGAGGCTGGCAATGACTTTTCCATCCTGTTTGACGGTGAAATAGCCGGAATCGTTGTATTTGCCCATAAAGGACACTTCAACATCGCGTTTTTTAGCGAGCGCTTCAAATGCCTCGCGGCATTCGGGCTGTACGGCGAGCGTCATGCGTTCCTGCGCTTCGGACACGAGAACTTCCCACGGCTGCAGGCCTTCGTATTTAAGCGGCGCGCCGGCGAGGTCGCATTCGCATCCGCCGGAGTATTTACCCATTTCACCGAATGAGCAGGAAATGCCGCCGGCACCGTTATCGGTGATGCAGCGGAACAGTCCGAGATCGCGCGCCTCGAGCAGGAACTCGTAGAGTTTGCGCTGCGTCAGCGGGTCCCCGATCTGCACCGCCTGCGCGG
CP047593.1_gap30	615405	617454	2049	ATAATCCGCTCCGCCAGATTGTTGTCGTAATGCACAAGAAAAGGATCGTGCCGCGGAATCAGGCGGGACTGATAACAACTCAGAGTCTTTCCGTCCCGACTCAGGCGGGCCTCACCGAAATTATCATTGGAGTCCGCCCACGTTCCAATCTCATCCAATGCAAAAAGATGCTTATCAATCGTAATCGGATCGCCTAAAATTAAAACTTCGCCGCCAGGCTTTTCCCACACGGCAATCCGACTGCGGTACGGAATCGGAATATCCCCCCACATAACATTTTCTTCTGTTCCCGACCAGCGGACCCTCACCTGAGACAAATCGACTTCTCCATCCACCGCCGGATCATACCTTCTGTAAATCGGATTAGCCGGCGCCGTGGACGGCGTTGATAAATTGACGAGCGAACAATCCTTATGCCGAGCCGCAGGAGCAGAAACCACAGTCCAGTTTTCCAAGTCGGTACTCTGCACCCAGTAATTGCTCACCGTCTGTCGCGAAGCCGTTTGGGCCAGAATTTCTACGTTAAGCTTTCCATTGGAATCCATCCAGAAACTCTGGATTGAGTTTCTGGGACATTTGAGTTCAGGCCGGCTGTTCCAAGGTTCAACCGGAACCAGTTCCGCCGGGTGAACCTCCCGTTTCAGTCCGCGGGTTTGTTCCAGATACCAGTCGTCGACAAAAAACATTTTGTCGCCACCGACAGAAAACGGCCCGTCCGGCGGCTCGGGAGGAATGATTGTCTGCTTGCGAATGCCGCGCACCAGAGGCTCCGCAGCATCCCCGTCCACCGAAACAAACACCTTATATTCCCCGTCCGGCCAGCTGCTGATATCAATCAGCTCTTCACTGCGCAACCCCGGCCCGGAAAGCGTAACCGTCTGAGGGGGTGCCGGAACCTGCAATGTATTCTGCTCCTGAAACGACATCGTCACCGACATAACATCATCGGCGCTGTGTCTCTCAAATACCATAATCGCTGTATCCGTATTCAGATAAGCCGGCAGCCTGGATTCCACATTCAGCTGGTCTGTTTGCACTGCGGAAGCTGTTTCGACCGCAAAGAACAGATTCAGCAATACCGTTATTCCCGAGAACCAATGCATCATTCACCTCCATAGCCTGAACAACCGAGAGCTATCCATAATCGTTAAAACGTCAGTGCAAAAACTTCTGCCTTCTCCAGCGTGATCCGCAGCTTGAACGGCCCGACCGGCAACTCCCTGATTATTCCATTCGACCAGGCCAGAGATGCGTTCACATCATCACCTTTAAACACTGCGGCGTTCCGCCCGCTGTATTCCTCAATTTCGTTGCCGTCGGAATCGAGCACTTCGACCATCAAAAAGCCGTCCGGTTTGGTTTCTGCATTCACGGCCAGTCCGCCTGCGGAGAGCAGAGGTTTGGTGACAATCTGTGCGCGGCGCTTGGCCGGCGACGCACCGATCCAGCCATCCTGCCGATACCGCACAAACGTCGGTGTGAACATTTGCGTTTTGGCAACTTCACACATTTCCTCCCATGAGCTGTGCCAGTTCATGATCGGCGAATTTTCGACCCCGTGTTCCCCGACCATGCGCCCGCCGAACCGCGTGGCGAAAAATTCCGGCGTCACGAATGAACGGTCATCCTTTCGGTTCACCTGAAGGAACATAAAGTGCAGCACGTTGATGCACTGCGCCGGCTCATAGTAATAGCCGTCCCATGCCATCCGGGTCCGGTTTCCGGTTGTAATGGAATATCCGTAATTAAATGTTCCCGGAGCACCGTTATCCATAAACGGCTTGCCGTTCTTCATCCGGTTCCAGGAAATCCCGTCACGGCTGGAAAGCACCTCCGTGTAGACTTTCTGATGCTGCACATCATAGATCTTCAAATACGCGAACGCCAGGCGGCGATCCTCTTCGTACCAGATATCCACACCGTAGTGCTGCGTGCCCCATGGATCTTCGAGCGTCGGCGCATCGAAAAAGCTCGGGTTCCAATCCACGCCGTTGGTCGTGCTCCACGTAACGAGAATCCGGTCGGACAGGTTATTGTCATAGTAGGCCC
CP047593.1_gap31	621000	624631	3631	GAAGGCACCTGAGAGCCGACCATTCCGTATCGGGACACAGACTCGGCAGCGAGTCGCAGAGAATTCCACGCAATATCGGTTGCCCCAAACGCATAATAACCATAGAGCGCTTCATTTCGAAGGTCACCTACCCAGAGCGTCTGTTCGTAGAGCGGACAGTCGGTATACACATCCTCCATGCAAAGCTTCAACGTCCGAACAGACAGCTCGGCAACGGCATTCAATTGCGGGTTGCTGCATGAGAAAAGGCCGGCATCATCCACCGGATAGGTAGACTCGATCAGTTTTACATTTCGGAGACGAACCGGCTGACTCAGGTTTCGCAACGTTATGAAAAGATAACGGCCGGCCCGACGCTTCATTGACGTATAACAGTTCGTTCCCTGCCGCGTGATATATCGGAATCCATTGCGGTTTTTTTCGGAAAACTGGATTGCACCGTTGCTGTGAATGTATTCCACCATAAACAGGTCAACAACCACCCCATGCTCTGCAACCAGGTCAAAATCAATGTAGCCGCAGTTTTCCTCGCCCAAATCATAAACTAGTTCCACATCGCCTTCACAGGCAGGCACTTCCGTCCATGATTCATCGTCAGAAAGCAACGCATTCGGGAACTGAACCAACTCGTTTATATTCCCAATCTCACGTCGACTGCAGAAATCAAGATAAGAGTCCTCAACAAACATCTCACCGGACGGAATATTTTCAGCCGCAGATCCCAAGCAGGAAATGAAATCATCAACCTGCCGGATCTCGGACAACCAGGAATCGGTCAGTTTCTCGTACGCAACATCCCGGCCCTCGGAAAGCGGCTCGGCAAACCACCGCCAGACCATGTCATCCTGAACAAACGCATAGTCCCGCATCGGAAGATAGCACCACGGATTTGCATACATCCCGTCCAGCGGATTCCTTAACACCAGATCGTCCGGGCCGGACAACCCGAACGCCACCGTCTTGTCGTTATTCAGAATATTCCGTGCAAATCCCAAAACCAGATGCCTGCCCCGATTCAGAGAAATGCGCTCACCCTCTTCTACAACCTGCCCATCAACGGCAATCTTCAGGAATCCTCGGTCCACCCGTTTTTTTTCAAAGACAACCTCTCCGTCCGATTCGAGAACCAGAATTGTCGCGATTCCGAACGGGCTGAAAACCCGCCCGTTGGCTTCGATCAGCCCGGGATTCATCACTCTCGTATGCGCCATGCAGAATGAACGTGAAGGAGAAGCAACCAGCGAAGCGCCTGCAAACGCCTTAAAACTGAAATCACGGCGAGTCAGGCAGGCAACCTCCCGCCTGCTGAGATTTTTCCACGGTCCTTCGCCAACAGGAAACAGCTCAACCGCATCCTCGAAAACAAGCTGATCTTCCAATGTCGCATCGTAAAGTTCCGCCGGTTCCATCTGAATCGAAACTTTCGGCGTATTGCGCCGCCACATCACGCCGTCTGCAACCTGCCACGAAGAATCCGTCGCAACCCGAAGCTCCCGCCCATCGGTCGTCCGCAGATCAACCTGTGCGGCCAGCCCTGCCTGCTGCGGCACCCCGTGAAAAGTACCGCAACCGAAATAGCGAGCAACAATTTTGATCTCGTTTTCACCGGGCCGCAAAAACTCTTCGATCTCATGCACATCATAACAATACCGCTCAGACCAGGCCCGTGCAGGACCATCCGCAATCCAGTGTCCATTCACAAACAGGCGGTACCGGCTGTCCGCGGTGATCTGAATCCGGGCAGCAGTAACCTCACCCGCCTGAAATCTCCGGACAGCAACAATCGTATCATTATACGTGTTATAAGAACCACGCTGCGTCCAAATCCATTTTACATTGGAATTCATCATAGACAAAAAATGGTTAAAAAGATCCTGCCTAGAACTGCAGTGTAAAGATCTCGGCTTTTTCCAGCGTGATTCTCAATTTGAACGGTCCATCGGGAAGAGTCCGAACAGTTCCGTTCGACCAACTGAGCTCACCGTCAACCTGATCGCCCTTAAAGACCGCCGCATTCCGCCGGCAGTATTCCGGCAGATCATTTCCGTACGGATCAAGCACCTCAACACTGATGAAACCGTCCGGAGAACTCTTGGCATTAATCCGCAGTGTGTCCCCGTCCAGCAGCACCTTTGTCACCAGTTCCGCCCGACGCTTCGCCGGCGAAGCGCCGATCCAACCATCCGCACGGTAACGCATGAATGCAGGAGTAAACATCTGCTGCTTACTCACATCACAAATATCCTGCCACGAATCATGCCAGTTCATGATGGGCGAGTTCTCTATGCCATACTCTCCCACCATTCGGCCATCGAACCGCTCCGCATAAAATTCCGGCGTCAGGAACGAACGGTCGTTCTTTGAATAAGAAGCCATGAACATGAAATGCAGCACATTAATACACTGCATGGGCTCATAATAATACCCGTCCCAGCTCATTCGGGTTCGATTCCCGGTCGTAATGGCATAGCCGTAGTTAAACTCGCCGGGGGCGCCGTTTTCGAGGAACGGTTTCCCGTCACGCATACGGTTCCAGTAAACACCGTCCCGGCTGGTCACCAGTTCCGTGTAAACCTTCTGATGCTGCACATCAAAAATCTTATGATAAGCAAACTGCAGGCGAGACTCCTCCTCGGACCACATATCCACACCATAGTGCTGCGTCGACCAAGGGTCATCCAGTGTCGGGGCATCGAAACAGCTCGGATTCCAGTTCACGCCGTTCGTCGAAGTCCAGGTTACGAGAATACGGTCCGAGAGGTTGTTATCGTAATGAACCCGAAACGGATCATGCCGCGGAATCAGGCGCGCCTGATAGCAGCGCAAGGTCTTCCCGTCCGGACTCAGCCGAACATCACCGAAGTTATCATTCGAATCCGACCACGTTCCGATTTCATCATCAGCAAACTCGCTTTTATCAATCGTAATCGGATCTCCGAGAATCAGGACTTCCCCGTTCGGCTTTTCCCACACAGCAACCCGGCTGCGATAGGGAATCGGAACATCCCCCCATTTCAAATCCCTGACCGTTCCGGACCAGCGAACTCTCACTTGAGACAAATCGACCTCTCCGTCCAACTCCGGATCATATCGCCGATACGTTCCCCCGGAACTTCTGGATGGGATTCTCAAATTCACCAGAGAACACTCCGGATGCTTGGGTTCCGGAACAGAAACAAGCGTCCAGTCCTTCAGATTGCTGCTCTTTGCCCAGTATCGCCCAACCGGTTCCTTCTCCGCGGTTGCCGTCAGAATATCAACATTCAAATCCCCGTTGCGATCAACCCAGAAAGACTGAATGGAATTTCGGGCACAACGAAGTTGCGGGTCGGTTTTCCACGGCTCAACCGGAACCAGTTCCGCAGGATGAATCTCCCGGTGCACACCTGCCGTCTTTTCAAAATACCAGTCATCAACAAAGAACATCTTGCTGCCCGACATGCGGAACGGGCCCTCAGGAGCCTCGGGTGAAACTTTGGTCTGCTTGCGAATCCCGCGCACCAACGGAGGTACTTCCGTGCCCTTCTCGGAAATAAATGTTTTGTACTCTCCGTCCGGCCAGGAACTGATATCAATCGACACCTCGCTTCTTAAGCCCGGCCCGGTCAAAACAACATCAAGCGGCTCCGAC
CP047593.1_gap32	638196	639643	1447	CCAGCCTTGATGACGCCGCCGAAGCCGAGCGCTTTAAAGAACATATTTCCCTGCTGAGCCGCCATCACCTGACGGTTGTCAATATGATGCGTCCGGAAGGAGCGGCACCTCTCTTCAGCGGAGATCCGACCCATTCACTGCCTGAGCTGTATGACCGGCTTGGCGGACACATTGCATGGCGCAGGCTCCACGAACTCGAAACACATCTGCAGACTTCCGGAGTGCAGTTCAACCTGCTCAGCAACGAACACCTCAGCGCCGACCTCGTCTCCCAATACATGAGCATCAAGCAGAGACAGCTGATATGATCATCAACCTCCAGAATTTCATTGAGCGCGAAAAGCCGGTCTGGGATGAACTCGACACCCTGCTTACCCGCATCAGCCGCGAACCGTTCGGAAGCTTTGAGCTCGAAGAACTCAAGCGCTTTCACTACCTCTCTGAACGAACCTCTGCCGATCTCGTGCAAATCCGGGACTTCGCCAATCAGAATGAACTCCAGGCCTATCTCGAATCTCTGGTATCCCGGTCTTTCAGCGAAATTCAGGAAAACCGGTCCAACAGCCTGCGGTTCAAACCACTGACCTGGTTTTTCAAAACCTTTCCGCAAACCTTCCGGCGGCATGCCCGCTGTTTCCACCTCGCAGTGGCCATTACCATCGGCGGCATGCTCTTCGGCGGAAGCGCCGTTGTATTCGACCCCTCCGCCAAAAGCGCTTTGATTCCGTTCCCCCACCTGGCACAGAGTCCTAGCCAGCGCGTTGCCGAAGAAGAAGCCAAACAAACCATCTCCATGGACGGCAAAGGCTCTTTTTCCGCATACCTGATGACCCATAATACCCGGGTCTCCATTTTTATTCTCGCCCTCGGCATCGGCTGGGGTATCGGGTCCATCGCACTGCTGTTCTATAACGGCGTCATCCTCGGCGCGGTCATTGCAGACTATGTTGTTGCCGGGCAAAGCGTTTTCCTTGCCGGCTGGCTGCTGCCGCACGGCAGCATCGAAATTCCGGCGATCCTGATCGCCGGTCAGGGCGGACTTCTGCTCGCCCGAGCCATGATCGGCTGGGGAAATCAGCTGCCGATCCGGCAGCGGCTTCAAAGCATTCTGCCGAACCTTGTCTCCTTGATCGGCGGCACAGCCTGCCTGCTGGTCTGGGCCGGAATTGTTGAATCCTTCCTTTCTCAGGACCATGAACCGGCACTGCCCTATGCCGTAAAAATCGCAGTCGGACTGATTGAGCTCGTTCTGCTCGCAGTCTTCCTGAAATTCAGTGGACGCAAAAAGGAGGTCCATCATCAGCTCTGACATGCACAGCATAAATATTCGCACACCGGAAGGAGTGATTTTCTCTCTCAATCTCGCCGGACCGGTTGTGCGCATGCTGGCCCTGCTGGTCGATATGGCAGCCATCATCACAGTCACTTCTGTCATCCGAAGTGTACT
CP047593.1_gap33	688364	691550	3186	TGATGCCGCCGCCGGTCAACATCCTCACCGGCACCACCGCCCGGCGCGCCCTGGATCTGGCACAGCAGCTGGTTGCGAGTGGCGTGCTGAAATGCGCGGAGTACCGGGACATTTCCCCGAACCAAGCCGCTCAGGCCAGGGAAATTTTCATTTTCGGCACCACCACAGACGTCACCTCCGTGATTGAGTGGGAAGGCCGGCCAGTCAATAACGGAACGCCCGGCCCTGTTGCCGGCAAACTTCTGAATCTGCTGACTAATGACATGACCCCCCAAAGCGACACCCTGACGGAGATATTTAAATGAACAGAATCCTGCTTCCCGCATTGGCCGTACTGCTGCTCGTTACCGGCTGCGTCACCGCACCGAAAAACACGCTGATGCAAGTCTCCACAATCGACGCCCTGCTGGCGGGTGCGTACGACGGCCAGATGACGCTTGACGAACTGAAAGAACACGGAGACCTGGGCATTGGAACGTTTGACGCACTGGAAGGCGAAATGATTGTAATCGACGGCAAGGTCTACCAGGCACGAACCGACGGAGCAGTTTATGAAATGCCGGACCAAGCCACAACCCCGTTTGCCGATGTGGTCCATTTCGATGCCGACCATACCGAGCTGCTCTGCGGCCCGCTTTCCGCAGAAGATCTGCAGGAAAAAATAGATCAACTGAAACCGAACCGCAACCTGTTCCTGGCATTCCGGATTGACGGAACATTTTCAAGCATGAAGGTGCGATCCGTACCCAAACAGGAAAAACCATATCCCCCTCTGGCTGATGTGGTAAAACACCAGGCCGTATTTGAATATAAAGATATTCAGGGAACGGTCCTCGGCTTCCGCTCACCTGCCTTTGTAAAAGGAATCGGCGTTCCGGGCTATCATCTTCATTTTATCTCAAAAGATCGGACAACCGGAGGACACGTGCTTGGCTTATGCCTGAACGATGCGATTCTGCAAGCCGATACCTGTAATGATTTTTTTCTAACATTGACCGATCGCGACGAATTCGGAACGCTTGACCTATCCAAAGATCGTTCACATGAACTCGAAAAGGTGGAAAAATGATCCCAGACCTCCAATCCAGTCTGATTTGCGACGATGTCCGACAGGAGCGTAATGGAAAGTTTATGCTGATCGGCCTGTTTGATGCCATTCACGCCGAAAGTCTGCCGATGACCTTTGCCAAGATGTGTCTAGTCACCCGATGGTGCAGCGGCGAAGGGGTTTTCACGCAGCGCTCACGCATCATCCATCCGGACCAGCAAACGGTTCTTGCGACCGGAAAAGACGTGCAGGTCAAACTGCCCTCTCCCGAAGCGGCAGCCACCAGCGTTGAAGTGTTCATGAACATCGTATTCCCAACGACCGGCACCTACTGGGTGGAAATCATGCTCGAAGACGACATGAAAATCCGTTATCCTCTACGGGTAAATCAACTGGAGCGCCGTCCAGCAAAACAATAAGCACCCCGCTATGGATATTGCGGAAGAGCAGAAAGAAAAAAAGAACCAGTTTTCCCCGCTCCAGACTGGATGCGCGTTTGTGATGCTCACAAACATGCTCATCTATCTTGCCGTGGTGGCGTTTGTGTTCAATCTGCTTGATCCATCCAAACTGGACTCCTCATACCTGACAAAAAGAGAATTCACCGCAAAAGAAGAATCGGAAAAGGATAAAGAATACCGGGCCCTGACCAGGAAAAAGAAAAAAGAAACCCGGCAGGTTCAGGAAGAACGATTGACGACGTCCTCCCGCCCCTACAAACAAGAGTCGTCTTCTGCCTCAAAACTGTCGGAACTGAGCGACCGGAATCTCGCATCCAGCGTTCCCCGTCAGAACCCCCCCTCGGCAGCTCTGACCCACAGTCGACCGGGAGGCTATGGAAGCTCGAAAAGCATTCCAGCCCGTCGATACCTGTTTTTAATTTATCCCCGGATAAAAGTAACCCAATCACATTCCTTCCCGAAAATGCCGGGCACAAAAACCATCACTCCGGAGAATTACGATACCGTGGCCGTTGAACTGGCCCCGAAAATCGACTACCCCATTTTCCGCATTCCTTCCGCAAAAAGCCTGAACAGCCCTGTTTATTCGCCACCGAATCCGATCTCCCCGCCCTTCCGCGGGGCTCATAAAATCAATTCACCATCCCGGGGCGCCGAAGCCATCCCGACCAATCAGGCCGGAACCGCAGAAAAAAAAGAAAAGACCACCCCCTGAAAAGATGCGCTATAATAGTTGACACCCTTCGCCTGCTGTCCTATTTTCTCCCGTCTTTGACTTAAAGAGGAATTTCTTATGGAAGCGTATGCTGTAATTGAAACAGGCGGAAAACAGTACCGTGTAGAAAAAGATACGGTCCTGAGCGTTGAGCTGTTGGGCGTCGATACGGGAGAAACCGTGGAATTCGATCAGGTTCTGGCCGTTTCCGATGGAAACGAACTGACCGTCGGAACTCCGGTTGTTGAAAGCGCCAAAGTCACCGCAACGGTCATTGAAAACTACCGCGGCGACAAAATCGTGGCCTTTAAAAAGAAACGGCGCAAAGGATACCGTAAAAAAATCGGTCATCGCCAGGAACTCACCAAGCTGAAAATCGAAACCATCAGCGCATAATTTCGAAGGAGCTGAACAATGGCACATAAAAAGGGACAAGGATCATCTCGCAACGGCCGCGACAGTAATGCTCAACGCCGCGGAGTCAAACGCTTCGGCGGACAGACCGTTACCGCAGGCAGCATCATCGTACGTCAGGTCGGCAACAAATTCGTTGCCGGACAGAACTGCGGACAGGGTAAAGACTTCACCCTCTTCGCGCTCAAAGACGGCGTCGTTGAATTCGACAAGCAGGGCCGCCGCGTAAACATCCGCGAAATGCAGACTGCATAAATCTTTTTCCAACGCTTGGAAAAACAGGAATCAGGCGGGCTCTTGAAGCTCGCCTGTTTTTGTATCAGGACACACCGTGAAACCAATCTCATTCAAAGATCGTGTAAAAATCTACGCCAAGGCCGGCAACGGCGGCAACGGCGTGGTGGCATTCCACCGCGACAAACGTACTCCGCGCGGCGGGCCGGACGGCGGCGACGGCGGCCATGGGGGAAGTATTATCCTCAAAGGTGACCCGAACACCGATTCATTGAATTACCTGCATTACCAGCCCCATCAGCGTGCTGAGCACG
CP047593.1_gap34	693862	697679	3817	GCTCGAATTCGGTGAGGATCTGGAAAAGGACGCAATCCTCAGACGACTGGCAGAGATAGAGAAAGAATTAGCCGCATGATTCAAAGACAAATATTCCAAGCGGGGTTCCGGGCAGGAGCCCCGTTTCATTTTTCCACTACGCGTGGACTAGCTTTCTTTTCCTGCGGCCGGGTTTGTGTGTCTGAGAAATCTGAAGGGAAATATCCCCTCCAATGGCCCCGGCATATTTTACCAGTGTCGCAATGGTAATATTTTGGGGCTTCCCTTCCAGTTGCGAAACATAGGCCCTGTTGACATGCATATTTTGGGCAACCTGCTCCTGAGTCATTCCGGCGGCTTTTCGTGCCGCCCGAAGAGCCTCGCTGATTTTCAGCTGTTCAACCCGCTCTTCAACCCGTTTGGCCAATTCCGGATCTTCCCTACAAAGATCCTCTTTATACTGTCTCAGCGTTTTCATTTGATTCCCTCGTCTATTCTCTCGTTCTCAATTCTAATCAGTCCGTCATCTACCGGCGACGGTAATAATCCTTTTGCCGCTTATGCGCGGTATCAATGTCCTGCTTTGGCGGCTTCTGCGATTTCTTATGAATTCCATGAGCCGCGACAACGATCCTCGACCCGTCAAAGAAGCAAAAGACCCGATAGATGTTCTTCTTATACCGAACCCGCACTTCCCATAGATTTCTAGTCCCCGGCATCTTGCAAAACAGATGTTTAGCAACCTGCTCGGTTTCCTCAATGTATTCCATCGTCGCGATAATTTCCTCGCGGACATCGCTGTCCAGAGAATCAAGAAATTTTTCAACCGGCCTGTTTCCTGAGCCAGTCTCATAGAATATAAACTCTCTTACCATGGCCCAATAGTAAGGTAAAACTTACCCAGCCGCAAGATTACATTACGAAAACGTAAGACATGACTTACTGTCCAAATTCAGCGAATCCAAGACGTGATGGTTTTCAGGACACTGATGAGGCCGGTCGGATTGGTGGAAAGCAGGACGATCAGGCTGGTGAGAAACACGAGATTCCACTTTTCGAGTTTGGTGACGCGGCCATTGGTTTTGACAGCGTGGGTGTGGATATCATCGAGTTTTTCGTCGATACGATCAAAACGCTGCTGGCAGCCGTCGGGCAGTTCTTCACAGGATTTCATCAGGCGGCTCCTTTCGTGCACAAAATTTCATCGAGTTTAAGACGGGGCGAAAAGTTGATGATGCCGGGAGAGACACGCCACGGAGGAATGCGGTCGAGCAGTTTAAAATCAACCTGCATCAGACCGGCAAAGGCGAGGCAACTGCAAAACCATGCGTCGGGGTTGTAATCGCCGATTTTGAAGTTCTGCGGGTCGTAGACTTGCGGGTCGCGGCGGGTGACAAAGCGGGTGATGCCGCCCCAGAGGGCATAGGGTTTGCCCAGCTCACCGATAAGCCAAAGAGTGTAGTCTTCGGCCTGCATGGCCGTCAGCTCCGGCAGTGTGTAGGCTTTTACAATGGTGCCGGGGGTATGCTGCGAATGGAGTGAGCTGACAATACGTACTCCGTCTTCTTCCCGGCTCTTCCAGGCTTCGCAGACGCGGCCATCGTCAAATTCGACGGCAGTATGCGACGTGCGGTTCCATGTGAAGAACCGGACGGTCTGGCTGAGTCGGCTGATACCTTCGTATTGGAGAACTCTCATCGAATTTTCGTTATTGGTTATTTTTGATTGGTTATTGGGGGAGAAGCGGCGCGCCCGCCCTACCATTCGGTGGCGTTGACCTCCTCAATGGTGGTGGCGGAGTCGATCTGGGCGACAAGAGCAGCTTCTTTGGCGAACTGCGCTTCAATGAAGTCATGCACGGCGAATTCAAGCGCGATGATGGTCGGGGCATCGAGCGTGATGAATGATCCGTCTGCGGTCTTCCAATTTTCCACGAGGTATGCAGCGTTGGCCTGAGCGCGAAGCTTAGCGGCGGTCAGCAAAGAGCGTGTACGCTCGTCGGTGCGGACAAACAGGCCGCTATTCGGATCGGTGAAGCCGCCGAATTCAGCATCATAACGGGCGGATGCGATCTCACATTTTTTGAGCATGGCCGCCTTTCCCAGCGCAGTCGGCGTAACCAGCGCGTATCCTGCGGCCTCGGCTTCAGCCCGCATCTCCGCCAATGTTTGTCCGGCAGAGGGCGCGAGTTTGTAAAACTGATTGCCCTTTTTCCACTTACCAATTCCTGTTTCAACAATTTTCATAAGCATCCTCCGTGTTCACCATCGACCAGGTTAAATGTTCCGACCCGGTCTGTTCCTTCAGCATGTTTTCGCGGCGGCCTGCGCACAGGGCGCGGGCGACCTCTTCATCGGTCGGATTCATTTCCAGAACCTCACAAATTGCGCGAACCGTCGTTTCGGGATTGGCACGGGTCATGTTGTAATCGACGACGAGCTTTGCGCGCGAACAGCCGACCTCAGTGTGGTGCTTCCATTTTTTGAAGCATTCATCGCGACTGCCACCCCACCAGCAATCGGGCAGCTCTGTTTCGGCTTTTTGGGTAGAGCGGAACACCTCTTCAAAATCCCGTCGCAGGTAAATTTTCCAATGGGTGGGCGCAATTCGCAAATCGTGTGCCGCCCAGATGATCGGCTCTTTATGTTCCTTCCAGTTGCCTCTATTCACCGTTTGGGTAAATCCGGCCAATATATTCAGAGGATTGCCGAATGTGGCGGGGATTCCGGAGCGCAGGGAAATGATTTCTCCGAGCATCCGGCGCGTCCAATGCGAGCCGGAGCGCGGGAACGAACCGATGACGCAAAGGCGGGAAAGAAAATCTTTCTCCGCCCCCCTGTCCCTCTGGTTTAAGACAGCGCGCATTTGTAGATCCTGATTTTGCTGTTTGCCGGCCCCGCATGAACATCCGTATAGGAAGGATGCAGGTTATGGAAAGGAATCCAGTTGGTAAGAGAGATCAGCTTGCACGTATCGCCTGCCGTCAATTCAAGCTGAATGCGAAACTGCGAGGATCGGCCATCACCGGAAACACCGGGCCCGGGCGTTGTCGAATAATAGATAAAGGTATCGTTAATCAGTACGCCGAAACCGAAAGGATCATTCGAAACCATCACGGTTGTCACCAATTGTTTTAGATCCGCCCCCTCGACAACGAACTCGTACACGCCGTCACTCGGAGCGTTAAATGCATCTGATGTCCAACAGTTTTCGGGGTCAGAAACCTCTGTCGGCGTGAACTGGCCGCATCCGATTTTGTTATGATGGTGCGTCCCAAAAAGAAACGGAGAGCCGCCGTTGCTTTGCAGTTTCAACTCAACAAGCAGCTCGCTTCCTCCGCCAGACGCAGAGTCAGTCTTTTGACCGTCTATAATCCAGGCATTTGTCATTGGGCAGCCTTTCGGATAATTTCAACGGTGCCGTTGGTGGCAGTCGAGGTGATGGTCAGCACGTCGTTTAAATTGAACTGATAGGCCGCTTCGGGGATCCAGGTTGCGGACTGATTGCCGGACAGGTCGACTGTGGCAAGCTGAAAGCTCGTGCCGCCGGTTTCACGGGTAATGGTTACGGTTCCTGTGACCGCAGCCTCAAAGCGGAACAGAACGGCGACCGGAACCCAGGAGCTGTGCGTCTGGTTGTTGGTGATGGAGACCGTGCCGTTTTCCAATGAGTGAAGACTGTTCATTGATTGACTCCATTATTCGGGCAAGTCGGCAAGCGGGGCGTAGGACGGTGACGGCTGGGGCGAGATGGTAATCGGAATGGAACCCATCCAAACGGCACGCAGGAATACGTCGGCGCGAATCACGGCGGCATTTTCCGCCTCGGTGAGTGTGAG
CP047593.1_gap35	721025	722573	1548	AATCAAAACCCTGATTTTCAGCGTTATAGGTTGAGTCACCACCGTTCCAGCCCGGGTTTGATGACGTCAAATGCCATTTCCCGATATGCGCCGTGTTGTAGCCCTCTTCCTTAAGCGCCTCCGCCAATGTAAAGACCTCAAGCGGCATATGGTTTTTGTTCTGCACCAGTCCGCAATATTCATTCCCTTTGGGAGGCAGGGCCTGCGGTTCCGGCACATCCTTGGGCGTAATCGCCTGAGTCATCCGCAGTCGGGCCGGATACTGACCGGACATGATGCTTGCCCGTGTTGGAGAACACAAAGGAGCCGCCGCATACGCATCCGTAAACAACATTCCTTCTTTTGCAAGTCGGGTCAGGTTCGGCGTCTGGTAAAATTCTGACCCATAGGTTGAACTGTCCGCCCAGCCCATATCATCGATCAGAATCATAATAATATTCGGAGCGGCAGCGGTTGATTCGGCAAAGAGCCAACCGAGCACCGCCAACAGTAAAACAGTTTTGATTTGTCTCACAGAAACCTCCTTTAAGTGTATATGATCATTCCGCAATCAACAGCATAGCGCGAATACCTCCTATCGGAAGTGCGACAGGGAGTGTTTCAGTTCGAATTTCCCCTGTTGAAGGATCCAACACCTGCACGGATTCTGCCCCACCATTCACGTTGACTGAAATTGCTTCCTGTTTGCGGTTGACGAGCAGATAAACGAGCCTGCCATCCTTATGAAAACGCCCAACGGTTAATTGTTCCGTACCGGGACTGAACGTCAGATCAAACTCTGACGAGTACGATGCGGTAATGGTTGAAGCGAGTTCGCCTACCGGCGACACCCGTTTATTCTTTAACGTAGCCTGTAGCGCTAAATCATTCTCGGCGTGTTCGGCACCACGGGGAATCTGGTCGACCCAGATTACTTTCCCTCCCGACAGTTCAAACCGTTTGAGCTGTTCACCAACAGCAAGAGGAAGAAACTCAAGTTGCGGCATAACCAGAGTGTGATAAGAACCGGATCCGATGATTATTCGTCCATCCGCGATGTCCGCCGCTGCCACTCCTTCCGGATGGACAATCATATATTCCATGTCGCCGTCCAGCAGCGCTTTTTCGGTTTGGTCCCAGGCATGCTGTCTCACGGTGTATTGATCACGAATCTGCGGCCAGAATTTGTCGGAGGCGAGCAGATCTGCCTGAAACATGGCAATCGGATAATAGAGCCCCACCCCGGCCTCACGCCGTGCACCGCGCAGCACCTGAGTTATGCGCCCGGTGTATTCATTGAGAAAGCGATACTCCGCTTTTGTGTAGCCTTTGGCGCTGGTATCCCGGCCTTTTGCATCCTTTTTCTTTTTCGGATCGAGCGGCAGATAAGAGGTAAACATGTTCACACCGTGAAATGCGGCCATATTCACCGAATTGATCAGCAGCGGAAGATCCGGAGAAAGTCGCTTCAATCCATATCCGCCGATGATCGGATCGAGCAGCATGAGAGTCATGTCTCTCTCCTTCCAGGCGGCGACAGAACTGAAAAAGCGGCTCTGCTGATATTCG
CP047593.1_gap36	795344	797563	2219	CCCCCAGCGCCACAATATCCAACACCCCATCCAGCGTCAGGTTTCCCGTCTCAATCCGATCCACCTCATTTGATGGTCCCACCTCAACCACCAGCCGGGACTCAGCGTCGAGAACCAGCTCGGACACATTCAGCACCCCCGAGCCCTGATCGCCCGGAGAGACAGTCCCTCCCCCCAAAACACTGACAACACCATCGACCACGCCGGTTCCGCCAAAAACCGAATGGTTACTAACCGATACCGGCGCACAAAATCCCGCCGGGCTGTTTACCAAAAGCGTCCCGGCGCTCACACAGATTTGGGCAACCGAATTTGACCCGGCGAGAACCAAAGTCCCCTCGCCGGCCTTCTCAAACACCCGGCCGGCGCCACTCATTCGCCCGTCCGCAACAAGCGTATTGCCCGCCGCAACGTCCCACGCCTGATCCGCCCCAAGATAGACAGCCGACTGAATCCAATTCGTACCCGCCCCGGCACTGACGACCCCTTCGCCGCCGATCCCCCACAGAGAACTCCCATTCCAGCCCACCGTCCAGCCGGAATCGGAAAACTGAACCCCGCCGATGCTTCTCGAAGCATTGATTGCCGGCATATTCGGAACCACCGAAGCATTACCGAACCGGGCGACTTCCGTATTGAAATCATTCACAGGCATCACGCCGGAATCCCAGTTGGCTCCATAGGTCCAATCCGAATTATTACTCCCATCCCAGACAACCGGCCCCGTCACAGCAAGGCTAACAACACCGGCCGAGACGGAAACACTGCCCTTAAAACCGCTCGGCATGCCACGAACCTGCAGCCCATTGTCCGTTACCGCTCCGCTGCAGACAAATAACGTGTACCCCCCCTCTTCCAAAGCATCGGCATCTGAAACATCCAACAACCCGTCTAAAACCAAATCCCCAACCACAACCCGGTCACTGCTCCCCGACAGCCCATCCAACTGAAACCGAAGCACCGAATTGCTGCTCAATGCAAGCCCGGACATCGAAAGCGCTCCCGGCCCGCCGTCGCCGGGCTCCAGAACCCCGCCATCGGAAACCGAAACCGGCGCACCGATCGTTCCATTCCCAGACAACACAGCCCCTTCACAAACAGAAACGGGTGCACTGAAACCGGCGGAACTGTTAACCGCCAAAGTCCCGTTCGAAACAACAACCCCCGCCATCGCATTGGTTCGCCCTGCCAGCACCAGCTTTCCGCCACCGGCCTTGCACAACGTCCGCGCGCCTGTAACTGAACCATTGGTCACAACCAGTGTATTTCCTGCGCTGACTGTCCAGCACTGGTCGGATGCCAGAAATAGATTCGGGTGAATCGCATTCACTCCCAACGCCCCTTCCGCAGCAAAAGTGATACCGGCGGAACCAATCCCCCACGTGGACGTTCCGTTACTGCCAACCGTCCAGCCGCCACTGTCAAAATCAACCCCATGAATATTTCTCGATGCATTAATCGTCGGCATATACAAAACCGCCGCACTGTCAACAAACTCGGCAATATCGGTTGTAAAATCAGTAACCGGCATCGATCCGCACTCCCAGTTCTGGCCGTTGGTCCAATCCGAACTGACACTGCCATCCCACGTTACCGCAGCAAACAGCTGATCGGTCGCCGGAGCCACCCATTCAATAGAACCGGAGGTATTCAGCGCAGAGATCGGAATAATCGCCAGCTCGCAATCTTCCTTCCCCAGCGCATAAATCACATACAGATTTCCGTTGTACTCATACGCATACGGATAGTGCCACCCCGGCGTCTTATACAAACCTTCAAGCAATGGCTGCGGAGTTCTGCCCCTCCGAACAGTCCACATGCGGCAAAAGCTTTGCGTCGCGGGCTGACCAACCGCAATGACCAAAGTGTCGCGATCATTCCCGCCCCCATCGCTGACATTCGCAATCAAATACGGCTGACCATTGCTTAACACTCCCCCAAACGGCTTGGATTGAACCATGGAAAAATCGCTGGCCTGAGCCGCACTCCAGCTGCGCCCGTAATTCTGGCTGACCGAAATCCCGGCCGCCCCGGGAAAGCTCGACCGCATCACCGCGATCAGTTTGTCATCATAAACAAGAATGGTTGTTTCCGAACACTTGTGATTCGGCACAATCGGAACAGGAACCCGATCCCATCTGGTAAAGTCATCTCCATGACTGATAAACGCGCAGGCCCAGAACCCGGTATAAACCGCCCCGACAATCCAGTTCCCATTT
CP047593.1_gap37	803110	807335	4225	AGCGTGTAGCGCTCCAGCGATTCCAGAAAGATCAGCGGCCCGAGGAAGTCGTTCCACGATCCGGTGAAGGTAAAAATTGCCAGCGCAGCCAGCGCCGACTTGGAGAGCGGCAGCGCGACGTGCCAGTAGATCCCGAGCCGGGAGCAGCCGTCGATGGCGGCGGCGTTCTCAAGATCTTTCGGCAGTCCCTTGAAAAACTGATAGAGCAGGAAGACGCCAAAGGCCCCGGCCCCGGCGGGAAAAATGAGCGCGCGCGGGCTGTCGAGCCAGCCAAAGGCGTTGAGAATAAGGTAGACCGGCACGAGCAGGATCTGGCCGGGAATCATCATGGTGGCGATGATGAGCGTGACCATCTGTTTGCGGCCGGGCAAGTCGAGGCGCGCCAGAGCATAGGCGCACAGCGATGACACCGCCAGCACCAGCAGCGTGACGCAACCGGAGATGAAAAAGCTGTTGAGCAGCCACTTAAGCACCGGGATTTCGGCAGAGCTCTGCAGCAGTTCGCGGTAGTTTTCGAGCGTCCAGGCCTGCGGCAGAACACCTTGAAAACGCAGGATCTCCGCATCGGGTTTGAACGACGTGAGAAAAATGAGCACCACCGGCATAATGAACAGCAGCGCGGCAACCAGCAGCAGAGCCTCCAGCAGAATGAGCTTCCCTTTTTGCGGACGAATCATTTGGGCTCCCCTTTGCGGTTAACAGCAAACTGAACGGCGGAAACAACGGCAATGACCAGGAACAGAAGCCAGCTCATCGCAGCACCATAGCCCATGCGATAGTTGCGAAAGGCGGTTTCATAGATGTACTGAACCAGCACACGAGTGGAGAGTTCCGGACCGCCGCCGGTGATGACATAGGTCTGTCCGAAAACCTGAAAGGAGCCGATGACGCCCATGATGGAGACAAAGAAAAGCGCGGGGCGCAGCAGCGGCAAGGTGATCGAAAAAAAGCGCCGCAGCCCGGTGACACCGTCGATCGCGCCGGCTTCATAGACGCTCTCCGGGATCTGGTTCAGCCCGGCCATCAGAATCAGAAACGATCCGCCGGCGGTCCACCAGACCGTCATCAGCGCAATGGAAGGCAGGGCCAGCTCGGCGCTGGTCAGCCACGGGACTTTCACGTTGAGCGCCGCATTGAACAAACCGAACTCGCTGTTATAGAACCAGCGCCAAAGCAGACCGGCCACCGCAATATTAATCATCGTAGGAAGCACAAAGGCCGCGCGGTAAAAGCCCTGCCGCTTCGGCAGCGCATTCACACCCAGCGCCAGCAGCAGTGCGGTGCCGATGGTAAACGGCACCGCCAGCACTACAAACCAGGCCGTTGCTTTGAGTGCTCTCCAGAAATAGGGATCGTCCAGCGCTTCCCGATAGTTGTCCAGACCGACGAAATGCGGCGATTCACTGGAAAGCATTTCCCAGCTGAAGAAGCTCAGTCCCAGCCCGAACAGCAGCGGACCGATGAGAAAGACCGCGAAGAGCAGCAGATACGGAAACGTAAAAGTATATCCGCCGAGATGATAAACAAAGCTGCCGCGTTTCATACTACTGCACCTCCTCCGCGGAGGGCTTCATCCGCGCAATAATTTTTTCAATGTTTGCATGCGCAACCGCCAGCGCTTCTTCCGGCGTGGCCGTGCGCCGCAGCACTTTTTCAAATGCCAGCTCCAGCTCGGAGTCGAGCTCAAGCTTGTAAGGGACGGCCGGAGAAAACCGCACGCTGTCGATCAGCTCGGCAAACGCACTTTGCACCGGCAGCGCTTTAAACGCGGCGGTCTCCCGCAAGCTACGGCGCACCGGGATCTGGCCGGTCGCCGCCCACTCCAGGCTGTGATCGGAGAGATAGCGGATAAAAGTCCGTGCCGCCCGCTGCCGAAGCGAATCCGCACTGTCGGAGATGCACATCATGTGCGATGACGCCCAGACACCGGGTTGCGGTCCGATCTGCGGAAACGGTGCGCCGCACCACTCGAGATCCGATTTTTCCAGTTCACTCAACATCCAGCTGCCTTCAAAAACGATGCCGACCTTCCCCTGCCGAAAGCCAACCCAGGAGTCGAATCCTTCCGGCTGCGGACACACCTTTTCCTTTTCAATCAGGTCGACAAAGAACTGCATGACCGCCCGGTTTTCAGGCGAATTGATCAAACTGGTCTTGCCATCGGGCGACACCAGCGATCCGCCATACTGAGTCATCACCGACTGGAAGATCATGCGCATGGTGGTCAGCACATATCCCCACTCATCCGGCGCGCCGTCCGCATCCAGATCGCGGGTCATAGCCCGCATGGCCGCAAGCAGCGGCTCGCGCGTCTGCGGAATGCGAATGTCACCGGCATCATCCACCAACCCGGCTTTCCGAAAAAGAGAACGGTTCAGGTACATCCCAAAGGGATGGACATCGAGCGGAACGGCCCGCTGAGTTCCATGAACCTGCCCGGCATTCCAGACAACCGGATCAAAGTCGGCAACGGGGAAACCGCCGTCCCCGGAAACCCACGAGTCGAGCGGCGCAGCGAGCCCGGCAGCGGCGAAACGGGGCAGCAGCGGAGCGTGCACCACAAACACATCCGGTGCCCGCCCGCCGAGACCGGCGACATACAGTTTGTTATAATAGGTGCCCCACTCAATCCGCTGCAGCAGCACCTTGATGTCTTCATGCTCTTCATTGAACTGCCGCACCAGTTTGATGATCTGCCGCCCGTCGGGACCGGTGAATCCGTTCCAGAACCGCAACACAATCTGCCCGTCGCGCGCCGGGCGCGGCCGCGGATCGGTATAACGCAAAAACGAAATTGCCAACCCCGCCGCAACGAAAACTAAAAGTATCTGTTTAATCCGCATGATCCAAAGTGATGATTCAAACCATTATAGGCTCTGTTCTAAAAACGTCTATGTCTGCACCTTCGCAAAACATGCCTGCAAATTGCAGCTACATCTCCGTCAGAATTCCGTCAACCATCCAAACCTGCCGGCGGATCACCCGCGCATAGGCGCCGGAAGGCGCCCCGGCGCACCGTGAACTGACGATGCAAAGCCGGATGAATTTCTGATCATCCGTCAGGTCAAAAGATCCTTCAACTCAAACGGCGGAAGTCCGGCCCGGTCCTGCTGCTCTTCCCTCCAGCAGGGCGCATAGTGGCTGCCTTGACGAAACCGCTCAACCCACTCGGGCTTCTCCGATTTTTCAAGCCACGATTCCAAACGTTTCCTCATTGTACGCTTCACCGGTTCGCTTTCAGCGGATGCAATCAAATTGTTCTGCTCATAGCGATCGTGTTTGCGGTCGAACAACATCCACTCGCCGGGATGATTGTTCCAATCGCCAAACCCGACATTCCGGTTTCCAGAACGCCAATGTCCCTGCACGGAATACAGATGGCGTTTTGTGATGACCGACCGATGGATCGGCTGGGCCGGAGTCCCGTTGTGGCAGTTACTGATATTATAGACGAGCACCGATTCCGGATCGGGGCCGTCACCGCTCAAAACGTTCCGGCTGTGATCCACCCCGTCGAGCGAATCCAGATAAGCCAGGCATTCGTGCGCATCCCGGGTTCCGGTACGGCGCAGTTCCTCCGTCAGTCCGCCGAGTCCGCACAGCGTCGGGAACAGGTCAATTCCGGCGATCAGCGCATCGCACTCGCGGCCGGGAGCCTGAATCTGTCCCGGCCCCCACGCCAGGAACGGCACATGCGTCGAAGCATCGTTCGGATATTTTTTAGTTCCGTTTTCTGCCCCGTACTGTCCGTTCATCCCGCCGTGGTCGGAGGTGTAAATGACAATGGTGTTGTTGCGCACATCCGGCGGCAGCGCGTCGACCGCATCCAGAACCCTCCCCAGCTGGTCGTCCGTGGCCGTGACCGACGCATAATAATGCCAGCACGTTTCGCGATGCGCCTCACGGGTTTCATCGTAGGGATAAAATTTCAGGGACTGCGGGTCATACTGATCCAGCGTATGCGGCGGATGGTTCGGCTTGCCCGGAACCCGCCCGCTGGAATATTCCGAGCGGGCGAATCCGACCTCATCCCATTTGCCGACCGGCCACTTTGCCTGTTTCATGTAGTCAAACGGCGAATGCGGATCCTGCAGCGCCAGCACCATAAACAGCGGTTTCTCGGAAAACTCATGCTGCTGAAGCACGCCCAGCGCCTGATCGGTTTCGCCGATGATTTTATAGGGATGAGATGGATACGCCGGACGTTTCCCGGCAGCCGGGACTC
CP047593.1_gap38	808987	811775	2788	CCCGTGTCCCATCATCTCAACCTCAACATGCACCAAAGTCTCCGGAGCTGTCGCGGGAACATGCGCCGCCGGAAGATCCGATGTTAAAACCAGCCAATTGGTATTTGCCTGATCCCAAACCTGCAGGCGGCTTTCCGCAGACGTGGCGGTATACGACAGGTTAACGATGGTTTTTCCATCTTCATCCAGAACGCGAATAGCACTGGCCTTACCACCAAGGACCGCCGCCGCCCGTTTAGACAGAATGTCATAACTGAAGGTAACCCCGGCGGAACGATCCGCAGCCGCTGCCAAATGAGCCGTATTGGTGTAACAGCCCTGATCCCACGCAACGACTCCCGAGTTCACAAAAGACTCTTCCAACGCAGACACCGACCAGGATCCAATCGCCGTGCCTGCATTCAAATCGCTCTCCGTCGCGGAGCCGTCCGACGCTTCATTGAAATCGGCATAAAAATTCGTCAGCGTACCCGTCACCAATTGTCCATCAATCATCCAGATGCTCTGAACGCCATCCTGTATCACGGAAGAGACCGCCGTGATCGTCTGGTCATCCTTTACAAACAGGGAGTTCCATCGGCCGGCGGTATTGTCCGGCAGATCAAACGGCACGCTGCGGTTCCCGAAATCACCCGCCTGATCATTGCCGACATAGACCACCATTCGGTCCGCACTCCAATCTTCATCGCTCTGCACCGACAACAACGTGACCCCGTTCGCCAGCTGGGCGAGATACGGCGCGCCGGCATAAACCGTCAAGTCCAGATCCACCGCAAACGCCCGGCGCTCGCTCGCGCCGTCGATGACACCTTCGCTCCAGCGCGCGTCAACCGTCGTTCGTAAAACAGCGGGTTTCAGCGCGCCGTTTCCGTTGTCTTCAATGGCCATCACCGCGGTCTGTCCGTCCTGGAGCAGCAGCGGCACGGGCATGCCGTCGCGATGGCCGGAACGAAACGCCACCGTCACAGCATCACTCCACGTTTGCCCGCCATCAACCGAACTGAGCATGGAAACATCCTGTTCAGCGCTGTCGGCATATGGACCTTCATTCGCGAAATAGATCTGAATCTCTCCATCCGGGAACTGCACCGACGCCGGCTCCCAGCAGCCGTTTTCAAACGTTGTTCCGGCTTCATAAATCCGGCGAAGCGGCCCCCAGCTTCTCCCCTCATCCTGACTGAAACAAACGGAGATGGCATACGCATGAACGCCGTCGGACGGGCGTTCATTGATCATCAGCATCACATCCCCGTTACTCAGCTGCAGCAGTTCCGGATTCGCGGCAACACCGAAAGAGAGCTCTGCCGCAACCACATCCGACTGCCAGGTAAACCCGCCGTCTGAACTGCGCCGCACCCGGCTTTTTCCGCCGGACTGATAACAGCAGAGCAGGTCGCCGCCCTGCAGCCGGATCAACCGCGCATAGCCGCCGGAAGACGTCACTTGACGCAAGGTGGATGAATCCCATTGCACCGTCGAGCGGCGGTGTAATGAATCCGCAGCTGCAGTTGTCATAACAGACCCCAGTATTAAAGCCGTCGCAAGTTTTGAGATCGCCATCATTTTTTCAGTTCACACGTTCCGTAAAAGGATTCCGCTGCAACCCCAAAAAACAGACCGACTGCTTATTCTCCGACAATCCGGTAAAATGCAGTGGCGGCTGTCGGCGTTGTCGTTACAGACAGCGTGCCGTCGATCCCGGCAATCCCTTCCACGAGATTGCTCCATGCCCCCGTCAACAAATCGGTGCGGGTCTGCAGAACATAGGTGCCGACAGCTTCCGCTGTCCATGAAAGCTCCACATCATCTGCCGAAGACAACCCCATCGAGATCGAACCGATTTCCGTAATTTGATCCGGCAGCGCATCGGCCTTAAGAACACGAATGGAATCGTACCAGGCACCGGAAAAATCGTTTATCCCGAAGAACTGAACGGAGCCGACCGAAGTAATTTCATTTTCATAGGCTGCATTGCTCAACAGGCTCGTCCCGTTCAGGAGGATGTCATAATCCGTTTCCCGCATCTGAACCTGCAGATGGTCGGTCAGCCCGCTGGTGAACCAGAAATCATTTGCCATTAAAATATTATTGCCCAGAGAGACCCAGGCTCCGTTCCAATATTCCAGACTCCCCGAAACGCCGTCAGCCGTGCCGGTCCACCGCAGACTGATTACGTTCAGTCCCGATTCATTTTTAATGCGAATCCCGTTCCATTTTGTCGCTCCGTCCCGCTTTGAGCGGATATCGGCATGAAAGACCACTCCGTCTTTGACGGCCGCATTGGAGGCCAGATTGGCAGTCACATTATAAAGCCCCTGGTCAAAACCGACAGCGCCATTGAAAATGAACGATTCCTGAGCGTCTGCCAGCACCCACGATCCGACCTCCGTTCCGGCATCCAGCTGCTCAACAGCTGTCAGCGTTCCTTCACCGCCGGAGTCCGGCACATTGAACTCAGCATTAAAGTGCGCGGCATAGCCTTCCGGAGCCAAACCACTGGTAACCAGGATCGTATCGTACCAGGCTCCACCCAGAAGTACGCCATCCCCAAAAAACTGCATGGACTGAATGGTTTCCGGCACCGCCGCATACTCCATGCCCTCAAGAATAACCGCTCCGTTCACCGCGACATCATAGCCGGCGGAAGACAGACTGATTGTCATCCGATCCGTAATACCGCTGGCAAAGCCGAAATCGTTGGCAAGAAAGATATCATTCGCGGCAACAACCCAGCCGGTACCCGTTACCCAATATTCAAGCTGTCCCGACACTCCGTCGGCGGTGCCGG
CP047593.1_gap39	828577	831991	3414	CACTTTGAGGAAAACCCCGGCAAGCACAACTGGGACTACTGGAAATCTGCCATTCAGCGACAAATGATTTTTATCGATCAACACATCGCCCATTCCCTGGTGCAGTAATGAATACATTAAACAAAAGCGTCGTCCGCATCACCGCATTCCTAACCGTCCTGCTGCTGCTCGGCGGGCTGTTTTCCATGCTCAAATGGGTCGCACTGATCCTGTGTTTTGATGCACTGATCCGCGGATTTACAAACCTGCCGATCAGCCCCCTGCACCGCGCCGCCCGCGCGCAGTCGAAAATACTGCGTCGCGGTGCAACACCGGTTGATGCCGCACCATACCGTTTTGCGGCCAGAATCGGATTTGCCGTTTACGCCCTGATTACCCTTCTGGCCTTTACCGGCCTGATTGCGCCCGCACGAATCCTGACCCAGTTGATGGTTCTGGCCGCCGGAGTTGAAGCATTTGCGGGTATCAACATCTGGGGAAAAGTCTACACCCTGCTCCACAAATCCAGATGAACCGGCCTCCGCTCACCCTCGCCGCCTTCGGACTCTGTACCGACTGCCGAACCGTTCACACGCTCCCCGTTGGCAACAGCCGCCAATACGCGGACGGGCTGATAAAAGAACTCGATGAACGCAGATGCATAGACGACGCTTCCAATCCAAAATTTTCTACGGATTATCTCTGGGGCGACGCGCGCGGACAAATGTTCGGTGTGCTCGAATGCGAAGACAGAAACGGGAACTCCGTCGTGCTGAAAGCATTTTCCTGCCAGTACAACGGCGAGTGGAGCGTTGACGGATGGGTTCCTCCTATCCCGAACCCTCAGGCCTTTGAACAGCTGATTGCTGAGCCGGACCGAGAAATCAACATACGCACACGTGCACTGAAAAAACTGCAGGCAACCGACCCGGACCATTTCCAACTGTTTGAAGAGCGCAAGGCGCTCTCGCAGCAACTGATGAAGGAGATTCACGCTCTCTACCGCCTGACTAATTTTCGCGGAGCAACCCGGCCGCTATCAGCAATATTTCCTGGAGACAACATCCCCACCGGCGTCGGCGACTGCTGCGCGCCGAAACTGCTGAACTATGCCGTTCTCAACAAACTGAAACCGCTCGGCCTGAGCGAATTCTATTACGGCAGAGAAAACAAATCCGGAACCCGCCAACATAAAAAGTTCTATCCCGCCTGCGCCGAAAAATGCCGTCCAATTCTCGGCTTTATGCTCTGCGGACTGGATGGTGCTTCCGCCACAACAGCAGCACAAAAAAAATTAGAATTCCTTTTTGCCGACGACAGCCTCGTCGTTGTCGCGAAACCATCCGGCCTGCTGTCTGTCCCGGGCAAAGGACCGGAAAATCAGGACTGCGTCACCGCGCGAATCAGAGAAGTTTTTCCAGACTGCCCCGGCCATCCGGAAGTACACCGGCTCGATATGGACACCTCCGGCCTGATGGTGCTCGCGCTTAACCGCGATGCCCATCGCGAACTGTCGCGACAGTTCCACGACCGCGAAACCTCTAAAAAATATATTGCACTTCTGAACGGAGAGATCGAAGAGGGTTCCGGCGTAATCAAACTGCCGTTTCGACTCGACGTCGACAACCGGCCCATGCAGATCTACGATCCCGTCCACGGAAAGATCGGAATCACCCGCTGGAAGACGCTCGGCATCGAGGACGGGAAGACACGCGTTGAAATGATTCCGATCACTGGAAGAACCCATCAGCTGCGCGTACACGCCGCCTCAGAACACGGCATTGGAGTTCCAATCATTGGAGACCGTCTCTACGGAACCGGAACGGCTCCCGGCCAGCTGAAACTGCATGCCTCGTTTCTATCGTTCATCCATCCGGCTACCGGAAGGAAAATGCAGTTCACATCCGAACCACCGTTTTGATCAGGAAAGGCGGGAGACAAACCGGGCGATACGGGGCATAGCTTCTTTGAGGTCATCGAACGCCGTCGCAAAGCAGCAGCGCACCGACCCTTCACCGCAAGCGCCGAAGGCGGTCCCCGGAACAACCGCCACATTTTCTTCCTCAAGAAGTTTCATGGCAAAGTCGTAGGAGCTCAGCCCGAATTTTCCAATGGTTGGAAACATGTAAAAAGCTCCTCCGGGCAGAAAACACTCAACACCCATCTCCTGAAAAGCGCTGTGCATGTAGTTCCGGCGCGCGGCATAGCTCTCACGCATTCCGGCGATATCTTCTGCCGGGTTTTGGAGGGCCTCAAGAGCGGCACGCTGACTCAGTACAGGAGCACAAAGCATCGTGTACTGATGAATTTTCATCATAGCTTCCGTGAGCTCGGGCGGAGCGCAGGAGAAACCGAGTCGAAAACCCGTCATGGCCCATGCTTTGGAGAATCCGTGCAGATAAACGGTACGTTCACGCATGCCGGGAACAGCTAATATACTGGAGTGCTGCACGTCGTAGGACAGTTCACCGTAAATTTCGTCCGAAAGAACAATCAAATCGTGTTCTATGGCAAATGCGGCAATTTCTTCGGTTTCTTTGCGAGACAAAACCGCGCCGGTCGGATTGGTCGGGAAGTTGAGAATCAGGACTTTTGTTTTTTCCGTCACCTTTTCTTCGAGCTGCGCACGGGTTAGACGGAAGCTATTCTCAACAGAGGTTTCGATCTTGACCGGCACCCCATGAGCAAAGGTAATGATCGGGTTGTAGGAAACGTAGCAGGGTTCGTGATAGAGCACTTCGTCGCCCGGCTCAATCAGTGCACGCAGAGCAAGATCCATCGCCTCGCTGACGCCGACTGTAACCAGAATTTCACGGTCTGCACTGTATTCGACACCAATCAGACCTTTGACATAAGACGACAGTTCTTTACGCAGGCTGAGCAAACCGAAGTTGGACGTGTAACTGGTCACGCCCTGCTCCAGCGCTGTAATGGCGGCCTCACGTATGTGCCAGGGCGTCACGAAATCCGGCTCCCCGACACCAAGACTGATCACGTCGTCGCGGGAGCTTACAATATCGAAGAAATCGCGGATGCCTGAACGCGGAATATCGCGCACGTGAGCGGCAATCCGGTCACGGAGAGATTTGGGGGCGTTCGTTTTCATCAGGAGTATGCATCAGCACATCGTTGCGCTTATAGGTTTTGAGCATGAAATGGGTACCGGTGCCAACCACACCGCTCAGCGGAGAAAGCTTTTCGCTGACAAAACTGGCGACTTCATTGAGTGTTTTTCCGCCGACAAACAGCAACAGGTCATAGCCTCCGGACATCAGGTAAGCAGAACGAACTTCAGGAAACCGGCTGATTCGCTCCGCAATGCGGTTGAAGCCGCCTTCACGCTCGGCAGTCAGACGCACTTCAATGACCGCCGTAACCGGACCGTCTTCCAGCTTGTCTTCGTTAATGACGGTCTGATAGCCCTGAATAATTCCA
CP047593.1_gap40	916388	918189	1801	TTGAACGCTGCCCGCAACATTCTTCAGCTGGTTTGGATCCTGGCGCAGATCGTACAGGATTTCCTCCGGCTGTTTTTGAAGCAGCGCCATATAATCACGATATTCCGGATTGTTCCAATTTGCCACGTAGTCGTTTTTACACGCGGACGCATCGATATCAACAAAGGTTGGATAGTTTCCCTGCGGCCAGCGGTCCGGCTCGTAATTCCGGATATAAAGAAAATCTTTCGTACGAATAGATCGCATCGGATACCCGCCCCAGGAATCCGGCTGAGCCGGACAATGCCTTTCGCGACCGGTCACGATATAATCACGGGATTCCAGAATCTGTCCGGACTTTGTTGAGGCAAGCCAGGGCATCAGGCTGCGGGCACTCATCGTCTCAGGAATGGGAATCCCTGCTGCGTCAAGAAATGTAGGAGCCAGATCAGAAGTGGAAACAAAATCTTTCACGACACGCCCGCCTTTCAGTATGCCCTTTTCCCAATAGACAATCAGCGGCATCTGCGTACCTCGATCCTCCAGTCGGGTCTTGGCTCCGGGCAGCGGCATTCCGTTGTCACTGGAAACCACAACCAGTGTATTATCCAGTTCACCGTTTTCTCTCAGCAGATCAATCCGCTCTCCCACTTCACGATCAAACCGGGCAATTTCTGCCAAATACCCGGCAAAGGTTTTGCGCGTTCCGGGCGAATCCATCAGAAACGCCGGCAACACTATATCTTCAGGCATAAACCCGCAGGCTTCGGCATAGCCATCGTCATATGGAAGGTGCGGATCAAGGGATCCGAACCAGAAACAGAACGGCTTATCCTTTGGACGCTGGTCCATAAACTCGGCGAAACTTCCAAACTCATGCCCTGCCGGATTGTGATCCCATCCAAAATCCTTCCAGTTTCCCGGAGCCCAGCCTTTGCGTTCAAAACCAACTGCGTAGCCGGCCTCCTCCAGCAGCCGGGTATAAACCTGATATTTGCTCTGAAATCCGCCAAACAGGTTGGCCGCCTCTTCGAGCTCAATCGCCATCCGCCCCGTCAGGATCGATGCCCGAGACGGCGCGCACGACGGCGCGGAACAATACGCATGTTCAAACCGAATGCCTTTGGCCGCCAGTTTATCAAGATTCGGGGTTCTCGTCTGCGAATCGCCATAACATCCCACATTCATGGCGGACAGATCGTCCGCCAGACACAACAGAATATTGGGACGACTGTCACGCGATGCGGCAACCGCTGCTGCTCCGGCAAACCCGACAGCACCAGCCAGAACAACAGATTTCATTTCTTTTCTTATTCTCATAGAACTCTCTCTACTTTTTCATATTAAAATTCACCGACTCATCAGTTGGAAACGAATTCGTATATGCCGACTGAGGCCAGACGATATCTGTTTCGACCGGTACGACCTTACGTTGAAGCTTCTTGACCACCAACGACTCAATATTACAATCAATGAGCTTTGTTACATTTTCCAACCAAACCCGCCCGTCTTATGGATTTAAAACAGAAAAAGAAAACCATCGGCATAATCCTCGACATCTACTCGATCAGTCATACACGCATGATCACAGGAATTCAGGAGTACATTCAGGAACACAACTGCTCCTGGGATATTCGGGTGATTGATACCCGCCGACTGTCAACTCCCACCCCGTTTCCCGTCGACTTCGACGGCATCATCACGCCGCAGGAAGATCCGCTCTTCTTCAACCAGAAAAATTCGACGGTCGTGTTCATTCGCGGCGATTCCACTTCGGTAACCACTCCCCAGAACGCCGTTCAAATCAGTCATCGCACCCTGA
CP047593.1_gap41	975490	976324	834	TCGCATAATCCAGCTGCTGGTCCATTTCAGCCTGCGTATCCGACCCGAACACGCTGCTGTCTTTACCGGTAATCTCCCCGTAGTAGGGAATCCGTTCCTGGAAATAAGCCGGACTCAGCTCCTCGATTCCCTGCAGGCCGACGGCATCGTTTGTTCCTGTGTATCCATGCCACCATCCGACACCATGCAGCGGAGTCCGGTCATAAAGGGACAGCTCCCGAATCCACGCCTGCTGGTAAGAAGAAGCATATGCGCCGAATGTGATAAAGTTGTCGGCAAATCCATCGGTTTCATGGGCATACCCGGCAGCGGTTCCGTTCATATCCCAGATCTCGCCGTTAACGCGCGCATGGACCCGGGCGGTGCCCCCGCCGTCAAACCCCGGCGGCGTACTGATGTAGACATCCACGGCAAAAACAGATGTTCCGGAAAGGGAAGCGGCAGCCGCAGTCACCTCGCTTCCTCCTGAAAAAAGCTTCAGGTCCCCGTTGGAATAGAAACGAAGCGAAATTCCGGCAGAGGGAAGATGAACGCCCTGAATGCCTCCCAGATTGACAAAGCAGTACGATGATGTATACGGCTCAACCGTCATGTGCAGATGGAACTCGCCGGTTTCTGAAAAATCATGATTGAGCGAAACACGCGGCGCCGTGTTGCCCGCCGTCGGGTAAATGCGCACAGCGGCAACTTCATCATTCATCTGAATCTGCCAGTCATCGCAACCGGCTTTCGCATAGGTCTGCGTGGCAAGCGTACCGCTCTGCCGGGCATCCAGCTGAAGATTGAGATCCCACGTGTCGGCTGTCACCATAAAGCTGTCCGTGAACTGAACCT
CP047593.1_gap42	1025203	1027148	1945	TCGTCGGGATCGTCTTTCAGGTTATACAGCTCGCCCTTCAGGCCGTTGAGCAGGCGATCCCGCTGCTTCAACTGCCCCGGCGCATACAGAATCAGCTTCCATTCATCGGTCCGCCACATCAGCGCCGGCGCACGCTCGATTCCTTCGCAGCCCGCACCATGATATTCGGCATAAGACCCTGCGTTCGACTGCTCCATCAAGTTGATCCCGGGATACACCAGAGGATGTTCCAGCCCCGCATTGCTCAAAAGAGTCGGCACCACATCCACCAGAGAAGCGGGAGCATCCGAAACCTCACCGCGCCGGGATTCCGGAATGACACTGCCGGAAAGGATCATAGGAACGCGCACGGCCCCGTCATAAAGATTATACTTGCTTGTTCGGAACAGCCGCTCGCCCATCATATCCCCGTGATCGGAACAGAAAACGATCAGGGAGTTTTCAAGGATTCCTTTGCTCTCGAGAGAGTCCAGAACCTTGCCGAACAGGTCATCGACAAACGAACAATAGGCCCAGTAGCGCAACGTTACCTCGCGCCGCTCTTTGGGCGTCATTTCTTTCCAGACCGGATACGTGGCGTCATATAAATCCTTGCGACAGGAAACTTCGGCATCGGGCCCGACATGCCCGTTCGGTTCCCGCTCCCGGACACCCCACGGCGGAATCGGAAAATCGGGGATCTCATCAATCGAATACAGCTCGGTATATTTTTGAGGCGGACGGATCGGTGCGTGCGGTTCATCCAGCGACAAATAGAGAAACAGCGGGCGCGAAGCATCGCGCCCGGTCTCAAGGAACGTCAGGCACTGGTTTGTCAGCCATCCCCCCATATGGTGTTCGGGAGCCACCTTGCTGTCCCAGCCGATAAACGACCACGGCCCGTCGGAGCCGCCGAACTGAACCGCCTCGGGATGCCTGCCCCTCTCGGCCTTTTGCTCCTCAAAGACGGCCCGGGCACCGGGCAGATTATCTTCAGCATAATAGACCGACCCGGGCTCCCGATGAACCCCGCCGTGCTCACAGGAACGCACCTCAAACCCCCGCGTCGTCGGGGCAAACCCGGCCGGTTTCATTCTGTCAGCCGGCAGCGGCTCATACCAATGGGTTTTCCCGAACCCGGCGGTCTGATATCCCGCCTGACGCAGAATTTCCGGCAGCGGGGCTGCCGGCAGCGACTCATCGTCGGGAATCATCTGGGCATTGCAGCGCACGCCGCTCTGGGCCGGGTAAAGGCCCAGCAGCATGCTGTAGCGGCTCGGCATGCACATCGGGACATTGCAAACCGCCTGCCGAAAATGCACGCCTGTTTTTGCCAGCCGGTCCAGATTCGGCGTATGAACCCGCGGATCACTGCACCCCAGCGCATCCCAGCGCTGCTGATCGGTCATCAGAAATATAATATTGGGATGCTCCTTTGAGGCCTGCGTCTGCGCCGGCAGCGCACCCAGCGCGCGCTGGATTCCGGCCCCGGCCACAGTTCCTCCTGAAAGGAGACAAAAATCACGCCGTTTCATAATACACCTTTATCTTTACTGATCCGGCTTAAGACAAACACAATTGAAACCTTATTCCGAACCGATTCGTGCCCGCAGAAACTGCTGCGGTTCCGAGCCAAGGGTAATCCGGTTGGTGACAGATTCAAACACACCGGCCTCCAGATCCCCGGTTTCGACCACAACGACTCCGAGGTTCGTACTCCATACCCCGGAGACCAGGTTTGTGGTCTGCTCCAGCGAATAAGTCAAACCGTGCGCTTCGGCATCGGTGCGCCGGGCATAGACATATTCCAGCAGGCTGGTTCCACTGTCCGAAATGATCGTAAAAGACGGCTGATAGCCGACATTACTGACGTCGGACGGATCCCCGCCGAAGCCGAACTCCGCCAGGTTGCTCAGTCCATCCCCATCCGCATCATCCGTCATGCCGGTTGCAATGCCGACCGAAT
CP047593.1_gap43	1048300	1050199	1899	AGAGACCAAAAGACGACGGAAGATACCACGAAAAAGATCATCGAAATTGACGACTCGGCTGTGCGGGGACATCTGCAGGAGCTGGTGAGAGGCTCCGTTGAGGAGACGCTCAACGGCCTGCTGGATGCCGAAGCGGATACCCTGTGCGGAGCAAAACGCTATGAGCGAAGCCCGGATCGGGTGGATTCTCGTGCGGGCCATTACGAGCGTGGACTGGAGACACAAGCCGGCAGTGTGAAGCTCAAAGTACCCAAGCTTCGCAGCATTCCCTTTGAGACACAGATCATTGAACGCTATCGTCGTCGTGAAAGCTCCGTCGAAGAAGCGTTGATGGAGATGTATCTGGCCGGGGTGTCGGTTCGCCGTGTTGAAGATATTACGCAGGCACTGTGGGGCACGCGAGTCAGCCCGGGAACGGTCAGTAACCTGAACCAAAAAGTTTATGAACGCATCGAGAAGTGGCGGACACGCCCGATTGATGGCGAGTATCCGTACGTCTATCTCGACGGGATCTGCCTGAAGCGCAGCTGGGGCGGCGAAGTGAAGAACGTATCGGTTCTGGTCGCTATTGGAGTCAATGCGGAAGGCTATCGAGAGATTCTTGGTGCCGCCGAAGGCGAGAAGGAAGACAAGGCCGGATGGCAAGCATTCTTGCGCGATCTGAAGGAGCGGGGGCTCAAAGGGGTTCGCTTGATCGTCAGCGATAAATGCCTTGGGTTGGTGGAATCGGTCGCCGAGGTTTATCCATCCGCCGACTGGCAACGTTGCGTGGTTCACTGGTACCGCAACATCTTCCAGAATGTACCGCGCCAGAAAGTCAAAGCAGTCGCTGCCATGCTCAAAGCAATTCATGCCCAGGAAGACCGCGAAGCGGCCTTGGAAAAGGCTCAGGCAGTCGTAGAAAAGCTAAAAGGCATGAAGCTGAACAAAGCGGCCGATCACGTGCAACGAACCGTAGACGAAACACTGAGCTATATGAGCTATCCCGAGGAGCATTGGCGGCGCATCCGCACCAACAATCCGTTGGAGCGGATTATGCGCGAGATCCGGCGACGTACCCGCGTAGTCGGCAGCTTTCCTGACGGACAGTCCGCGCTGATGCTGGTCGCAGCTCGTCTACGCCACATCGCAGGCACCAAATGGGGGACGCGCCGCTACCTGAACATGACCCGACTCTACGAACTGGAACAACTCAAGAAGAATGCCGCATAGGCGGCCTCGGGCTTCGACCCAACTCCGACGAGTTATATGACCCATTCTCGTTGGCCCGAAGCCCAGAGGCCGCCCCGAACAACAGAATTTATGGAGAACTCCAAAACGAAAGTGCGAAAGATTCTGGACACTACCATCGCGCCCTAACGATGCTGGGAATGGAAGAAGCTGGAGCACAGCAAAAAAAACAATTCAAGCAGCCGTTGACCTAGCTTCAGACGGCGACACGGTTTGGGTAGCAGATGGCGTGTATAATCAAGGTGGAACTGATGGGCCGACGATGTATATCGGCACACCACTTAATACATATTATGCCAATACTGTTGTGAACCGTGTTTGCATAACAAAAGCCATCACGGTTTGTTCCCTGAATGGGCCTGATAAAACTATTATTCAAGGCAAAGCCGGGGCAAATGGCGGTAACGATGTGGATACGGTTCGTGGAGCATTCCTATTGAATGGAGCATCGTTGGTTGGCTTCAATATCATTGCGGGACACACGAAAGCAACCGGGAGCGATTATCACTTTGATCGCTCCGGAGGAGGGGTTTGGCTGTCAGAAAACTGCACTGTATCGAACTGCATATTGACCGCGAACTCGGCAAGTTATAAAGGCGGTGGTGCATATGTGTATCTGGGTGGTTTGGTAAGTAATTGCGTGCTGGCTAATAACTCAGCAGGAGATGG
CP047593.1_gap44	1055413	1060336	4923	GCTGGTGTATGCACACCTCATGTGTGTTCTGAAGAATGGTGTAGAGAATGGATATTTTTTCTGCAGATATTTCTCCGCTTTTGATTTGTTGAATATACGGTGCCAGCTTGAGTTCTTTCTCAGCCATTTTACAATGACTGGACATCTGCTTTTCTCCAAATTCAGCAATAGCCATGATGGGAATAATTGCGCTTAAGATGGCAATGATGATTTTTTTCATATTTTGTGATTCCTAACGTTGAACGTCACTCTGAGCGGGCGGAGTCCGCGATAGAGTGAAAGTTGTTGTTGGGCAAATTTATTTTAGTTTCCACTAGAAAGCTTTCTGGTTATTTCGGCTTTGATATACTCAGCGAGTATTCCAAATGTCCAAGATGCTGATGGCTTCAAAATGTTTTCTTTTGCTTTATTCCAGATGGATTCATCTTTGATTGAGTCTGCGAAATCTTGACCAGTCCAAGTTAGCCGAAAAATCATAGCAGCGTTCGCCAACGGTTTTCCTCCACCTGAAAATGATGCCGTTACCAAGCCTGCTTCTTCCAAAAGTTGTGCGTGGTAGATGAAAACTTTTGGGGCTATGCCGCTGATGCTACTTAGTGGCTTATCTGAATCTCGAACCGCTAGAACAACGGTTCGAATTATGTCCATGTCTCTTTTCATATTTATCTATGCCCAACGGGTGAAAGGAGCCTCGTGGCTTGTGCTTCGCATAGACACGCAGCGAGTTTCACGTAGGGTCACTTGATTTGTTCGGCTCCATTAATATTGATTGATCAAGTTTTGCTAGCACCCACAATGTGTACCCACCAATGACTGTTCCGATCGGGAATTGAAAAAGCAGCAGAACACCAATGATGAATCCAACAACTCGCGTTGCCCATTTGCGGTTCATGCGGACAGCTTTTCCAAAAAATATATGAAATATTGCCTGCACTAAGATCAAAAGTGATGCACCAATGAACATAAAAACGATCGATTGCAGATCAGGTTGTCCTGTTCCGCTCAATAGGCGCTGTATATCTTTTATCGTAAGGGGAATGAAAAGAAGGGCCGCCGCAATTCCAATCCAACCGAATGCGATATATACAGTTCCTAATCTATGCAGATGCTTTTCCATTTTCATTTTTTGTTACCGAACGTCAAAAGTGAGCTTCGGAAAAGGCCGTTCCGACTTCCGCCCCGTGCGAACTTTTGGTTTAAAAAATCACCACCGGGGTTTTCCGTAAGTTCAACTTTCTGGTTCGATGTTGTTTATTTGTAACCGCCTCCTTATGTCCGTCAGGGGAGAGGTAAACAGTATTATCCTTTGCGCCATTTTGCTGGTGTATGCACACCTCATGTGTGTTCTGAAGAATGGTGTAGAGAATGGATATTTTTTCTGCAGATATTTCTCCGCTTTTGATTTGTTGAATATACGGTGCCAGCTTGAGTTCTTTCTCAGCCATTTTACAATGACTGGACATCTGCTTTTCTCCAAATTCAGCAATAGCCATGATGGGAATAATTGCGCTTAAGATGGCAATGATGATTTTTTTCATATTTTGTGATTCCTAACGTTTGAGAGGAGCCTCGTGCCCTGTGCTTTAACTTAATTGAGCGGCGGCGGACACGTAGGCTCACTTGACTGGTTGGAATTCCTCGTTTCCAGGCCCCACCGGTTTGAGAAACTTCTTTATCTGATTGTATTTCTCGTCGATTCGGTTTTTCCCCCATGGACAAAATTCATAAACAATGATTTTCATATCTTTTTCTCCATAAGGAACAGCATAGGCATCCTGGATTCCCAACTCTTTGATTTTTGAATTTATATTTTGGACTTCCGACAAGGAATAATCAGGATTTCCGCCGCTCATGCAAAAGTCATGTCCATTTACAATAAGTACAGGTTGAATCAAACAGCTGATAGAAAACCCAACTGTGATAAGGATTGCTGAAATAATGATGTTCTTTATTTTTTTCATGCCATTCCAACGTCTCGAAGCAGCGTTTGGGCACGGAGTGGCCAATAAGCTGACTTCGCTTGTTCGCTGTTTATCTGGTTTTTAAGTATTCTCTCCGGAGGGCATTCCCCTCTGTTTGGGCAAGATCGTATATGTGATTTTTCCAAAAAATTGGGCCAAAGTGGTTTTCCTTGTGCACCTTTATCATTCTGAAGTAGGAAATCAGCCAGCTGGCGAGATGTGTTGGTGATGCGAGTTTGCCTTGGTCCGATTCATTAATGATCACAAACCCATGACTGGCAAAAAAGTTCGAATCTAGCTGGTCATTAATTACGACCGATTTTATCAATCCTCTGTACTGGGTCCAATCACTGCCGAAAAAGTGTGACACCTCTTCCATTGATTTACTAACCATCTCTCGGTATTGCTCGGGCACGTGAAATTCAGTCCCACGACTGTTCTTTGAGAATGCTCCCCATGCCTTTACACACGAAACCATGAACTTGTTTAGAAGCATAATTGTCGGGAAAAATATGAAATTTCTAATCATGTTATTTTTTTCAGCGAACGTCAAAAGTGAGCTTCGGAAATGGCCGTGCCGACTTCCGCTCCGTGCGAACTTTTGATTTTAAAAATCATCACCGGGGTTTTCCGTAAGTTCAACTTTCTGGTTCGCTTCGATTTGTTTTAAGCTGAACGCTCTTTCTCTTAACATCAAATCACGTATTTTAATCGTTTTTCTCGCAATGATCGATGCAGCGACTCCTACTGTCATCATGACCACAATTAACGATTGCCAAAGTCCTGAAATTTCGTACAGGGGAGTCATGATTACCATGACCGAGTAAAACATCATTTGCCACGTCAGGATTGTCAAAGAATGGGTCGCCTGAACAGCAATGATTAGATCACTTTCTGTTTTCCAACTCATTCGTTTGCTTCTGAGGAAAGCAATTGTCTTTTTTGCCTTGTTTATATCCATTTTCATAGCGAACGACAAGCATCACTCTGAGCCGGCGGAGTCGGCGATAGAGTGAAGCCGATTGTTCGCATTTATTTTTGCGCTTTTACTTTGAAGAACTTCTTGTCGGCATCTACCGACAATGACCATTGAACCGCATCAGCGGCATTTGTCCATGCTTGAAGGTCTTCCGATTGCTCAAGTTGAATTTTAAGCTGTGCCGTTTGGTTTGAACAGGAAACAAGCAATTCACCAACGGCAACATTTAAAACAATGTTAGATGAATATAAGTTGAAATCTTCACCATGCTCTCTGATGTAATCTGTCAGAATTGAATCTGAGGAGATTGGAGAGTATCCGTTATCGACCTCAAATCCGTCTGGGAAGCCATCTCCATCTGTGTCAGGGTTATTTGGGTTTGTACCGCGAGCTGATTCTTCAAGATCACTCAATCCATCGTTATCACTGTCAGGACTATCGGCGCCGGTCACTTTCAGAACCACTATCGAAGAAAATCCACTTCCATCTTCAACAGGAATGAGTGTCTGGTTTTCAAAAATATGTTTTTCGGAATCGGTTAAGGTGGCGTAACTAAGTCGAACAAGAGAGCCTTTGCCAGTTACTGTAAGTTGATTCCCTCCAGATGACATAAAAAAAGCAATCTCAATTCCGCTATCCACGACCTCTAGCTCATCAAAATACGTGGTTGCGTTATCTGAAAAATCAAAAAGGGTCATTATGTTTTCAATTTCACCTCCGATGTCTTCCCCGTCAATCCATCCCGCAGTACTCCATGACAAGTTTCCATCGTCAGGATACCCAGTGTCACTTCCTGTAAAATAAAACTCTGCATTATTTGTGTCTATATTCATCGTTAATGCGGCTTGGGACTCGAATGCAAGGTAGCAAATTAAGCTTATTAGGCAGGTGAGGCATGAGGTTTTATTCATCATTTTTTTATCCTTTTAATGCGAACGTAACAGGCATCAGCTGCCGGGCGGCCAGCTTCGCCTGAATCAATCCAATGTCAACCCGGTCAGCTGCATGCCATTGTTAGAACTTGGAGCGACGGGGGCGCTTCAAGTTCGACTCCATTGTGTGCTTCCCCGCATCGCACAGTTTCTACGTGACGCTGTTCCAGTCGCCCCGCACAAAAAAATTCAATTAGTACCTTTCAACGTTGCGGTAATCTTAAAATCCCGGTCGCCATCAACTCCGTTATGCCGCCGGGATTTTAAGATTACCACTCAAACAACTTTTACTCAACTTGTGCGCCCCTTAACAATCATTACTGGTTCCCCACCAGAGGTTTAACCCCGTCGGTCCTTCTAACATATGATTATTAACTAAATTTGGCCGACAACCGGATATTGGAGCGATTTTCGATCAAAATTAGTTGTTTTTAAGATTTGATATTCGTACTCTTTTTCTTGCAAAAAGCAAGAATGATTGCGTAGGGGTGTTATGGCAAGTAAAATTCTTGAAGAGTCCCGGGATGTGATGCGCCGGCGACGCTATTCAATCCACACGGAGAAAAGCTACATCGGATGGATCAAGCGCTACATCAAGCATTTCAACATGCAGTCGCGCGACGATCTCCTAGAAGGGGAACGTAAAGTTGAAGAATTTTTAACTCATTTGGCCCGGGAAGAACATGTGGCACCATCCACCCAAAATCAGGCTCTTAATGCACTTGTCTTTTTCTACAAACACGTCCTGAAACAACCCATGGACGATACGATCAATGCCGAGCGATCTGCGCCCAGAATTAAAGTGCCCGTTGTGTTAACGCGGGAAGAGGTTGCGAGACTGCTCGATGGCCTGTCCGGCACGCACCTGCTGATCTCGAAACTGCTCTATGGATGCGGACTGCGAATCTCGGAGTGTCTGCGCCTGCGGGTTCTGGATATTGATTTTGAGATGAAAGCGTTGACGGTTCGCAGCGGCAAAGGCGACAAAGATCGGGTGACAACCTTTCCGCCCAGTTTAAAAGAGCCCCTGCAAGTTCACCTGCGGCGGGTC
CP047593.1_gap45	1082975	1087888	4913	GCCATTTAAGGACGGTCATAATCCAAACCGGAAGGGCATCGGCAACCGTGCTCCGAATCAGGCCGGTTTGGAAAAAAACACCGAACTCAAGCGAGGATTCACGAAGAACCACTCAGCAAGACTGCCCATTACCCAAGTGAATAACCCATCGACAAACACGGGCGTTTAGATCGGAGAAAATCATGAAACCTATTAACCTGTTCAAACAACAATACGAGGCGACTCAAAAGCCTCCGCTTCAACTACCGGATTGGAAACAGCCATGTGACCAATGCCAAAAGAACACTCCCTCAAAGGTTCTGTTTATGCGGGCGGGATATGGTAACGCCTGCGCGGTCTGCGGACGCTTGCGCCGGGGGAAACCGTACCTGTCGAACGCTCAGCTCAACTCACTAAAGCCGAACACGGCAAAAGGTGGTCAGCATGGTATCCACAAAATATAGCAACGCGGGTCGACAACAGGTTTTCTCGCTAACGGAACATCAGATCAATGCCCTAATCCGCGTTAATGATGATGCTGCCAGTTTAATCGCGGCATTCTGCGTTCTCGCTGAGTCCACAGATGCATCAGGGATTTATGCAACGGCAGGGGCCAAGGCCATCCGGAAACGGCTGAGAGTTGGATTGCCCAAAGCCGATAAACTTCTGAAGCAACTGGAATCCGGAGGATTGATTAAAGACCCAAAGAATACCACGGGGAACATCAGAAAAAACATGCCGTGCCGAGAAGGTCGGGCAACCGTTCGCTGGGTGCTTCCTCCGGACGATTCCCGCAAGGTTTGGATTGCATCCTCCTTCGTGAAAGGGTTTGGATCATGGCAAAGTCCGCTCCATACACTTCGTCAGGCGGGAACCGATGCCGCACGAATTCTCATGACCCTGTACCTCTATGAGGATATGCCCACGTACGGTGGTATTGACCCTACCACGGCCATCTATCGCGACTATGAAACCGAAGCCATCTACACCCAACAGACTATGCCATGGCTCTTCCACACGTCTCAAGGGACAGAGTCAGTCAAAATGGCATTTTGTTCGGATCGTCTTGATATTCACGAAAACGCAAACGGGGAAATTCATGAGTTTTGGAGAGCCTTCAAAAAGCTTGTCGATCGCGGGTTCATTTATGAATGCCTTACCGTTTTCACCGGGGTGAAAATCAACGACGACATGTGCCTCCTGTACCCGCTTCATACATTTAACAAGCATGGCCACCCCCCCAAGGGCGAAGAATCTCTGTCGGGAAAGATGAACCGTGTTGCCGACACTTTCGGCCTTAGCGCCTCGGATTCCACGGGCCGTTTCTATGGGAAGTTTTCATTTATCGCCGATGACGATGATGTACAAGCTGTCGGGATCTACCGCCTGCGCTTCCGGAACACAAACAAGGCATTTGATGACGTACTCCACGGGTGGCAGGGAATTCAGGACTCGCACCGACACTGGTCAGAAAAGGCCGACCAATGGATACAGCAAATCCGGGACAAGCAGAAGATGGCAGATTCAGGTTGCTAGGACAAAATGGAACTTCATTACGAATGGATTACCCCTGATAATAAAAGGTGCAATAGCTGTTCGAGCCTATCAATATGTTCAATCAGTTCAATACCCTTCAATAACTCTCAATTCCCCTCTCATAAATGCCATGAGCATAGCCTCCGGCATGGGCGGCACGCATTTGGAAGGAAGGAGGGTACAAAGGCGGCGAAAAATATGCGTGTGCCGTAATTTCTCGCGCGCGCGCGAGAGAGAAAAAATCCGGGAGCTATTCGACGGTCAAAACGGTCTTTGGGTCGGATCAGGTTAAACAGCCCTGAGTCGTCGTTCCCGCCAGCGTAGAGATTCCGCTTTGGGGCTGAACCGTGAATCATGCGGCGGAATCAGGGTTTTCCCATGCAAGTCAATCAAGGCCCGCTGGGAATCGACTCGATCATCAATTCCATCGCGGACATGCCATTTGTTATCTGAGCAGGGGAATATCCATTCCTGATCCATCGCCCAGTGATGATTTTTGCAGAGCGTTAACCCGTTGCGTGGGTCATCATCATGCGATTCTGAAAACGGTATAATATGCGCCGCGTCTACCAACGAAGTTCCCTCAAACCAAATTCTCAACCCGCATGCCGCACATTGAAAGTGGTAGGCCTGTTTTACAACCCGGGCGAAGGCTAAATCGCGAACATCCTCTTTTACTACGCCGGGGGCTTTTTGTTCGCCGCGAAGAGCTTTCGCATAGAGGCCCACACCTTCCTCCTGTTCGGCCAATGCCATCAACTCATCGAAATGCTCAGAAAAATAGCGCCGGATCATAGCCTCCCGGATTTCCTGTCTTACAGATTCTGATAGAAGCGCGGCAAATAGCCCGTCTTCTAGAAAAGCCCCGTCAATAATCTCGGTCATTACGTTCGGGCCACGGGGACGATCCATTACCCGGTACGCAGCTTCTTGTCCGGCTCGTACGGAATGGTGCCAGAACGGAGCCGTTTTCAAATGCCAGAACGGGTTGAGCGGGGTGCAGGAATCCGCCGGGGTTTTTACCACATCAAAATAGCGCTTAAAATGCTCCAGCAGTTCCGGGCCATATTCGATACGATTTCCCGAGGTTTCGCCCCCAGCAATCAAATCGATGACGGCCAGCATCATGATTGCCTTGTGCGGGCTCGTATGCCCGTTCTGCGTATTCATCCGCATAGAGACAAGCTGGTCGATGTACTTTGAATAATCTATCCCTGCCGCATTTGGGGCGAGAGAGACGACATAATCTGCGAAGAGGGGAGCCTGTACAGCCCGGTAACTTTTTTTTCGCTCTTCTGGCGTGGCTCCCTCAACAGTGCATTGATGCTCGGCATGCGCATCCCAGCCAAACGGCCAGTCCTCAAACACATGACCTTTACAAATCGGGCAGAGAACACGCTGGTGCAATACCTGTTCATAGACCAGCTTCTCCGCATTAATGATAACCCCATCATTGTTCCGCTCAATAGAAGGCATGGCCTACTTTCCTTTTCCTAATTCTGCGAGTCGCTGACCCAGTCACCACAAAGCAGTTCGGCCTGCTGGAGGATAGTGCGCGTCGCCTTTTCCTGCCGGTCGGGCGGATAACCGTATTTGCGCAGGATGCGTTTCACCATAACGCGGATTTGGGCCTTCACGGCCTCTTTGGCTGTCCAGTCGATGGTTACGCTCCGCCTGACGCCCCCCACAAGCTCGTGGGCAATCTGTTTGAGCGTGTCGTCACCCAGTTCCATAACAGCGCTGTCGTTGGTTTCTAAGGCATCGTAAAAGGCCACCTCGTCATCAGTCAGCCCCAGCTCTTCCCCGCGCTTCATGGCGGCATTGAACTGCTTGGCGATCTCTACCAGCTCCATAATAATTTCTGCCGCCTCAATAGTGCGGTTCTGGTAGCGCCGGATCGTCTCTTCAATCAGCTCCGAAAACTGCTTCGACTGGATCAGATTAGTGCGGCTTCGTGTGCGGATTTGATCCTGCAACAGCTTCTGCAACATTTCCACTGCGAGGTTCTTCTGCGGCATGCGGCTGAACTCATCGAGGAACCTGTCATCCAGAATAGAGATGTCGGGGCGGTTGAGACCGGCAGCCGTAAAGATGTCCACTACCTCATCGGATGACACCGAACGCGAGACCAACTGCTTGATGGCCTCATTAATTTTTTCCTTCTCGTTCTGTCCGCCGGTTCCCCCTCTCGGGTCGAGCTTGGCGAGCTGGGCAGACACCGCCTGAAAGAACCCGATGTCGTCACGAATAGCCATTGCCTGCTCATGCGTACCAGCCAGAGCAAACGCCTGTGCAAGCTGGCGCGTGTATCCGCGCATGCGCTTAGAGCCGTCCTCCTGAGCCAGCACATGCTCTACCGCTTCGGTAAGACACCTCAGCCTTTCCGCAGGACTTCCATCAAAATAGGGCGACCAGTCAACCCCGTGCATAATCCCGCAGGCAACCTCATACTTTTCGAGCATAATAGCCACGGCTTCCGCCTGATCATATGTCGGGCTCCCCAGTCCGCCATTCTCGGTATAATTGGCCACCGCCTTTTTTAACTGCTCCGCAATGCCCAGATAATCGACCACCAGCCCGCCGGGCTTATCCTTGAACACACGGTTTACGCGGGCAATCGCCTGCATCAATCCATGCCCCTGCATCGGCTTGTCCACATACATCGTGTGCAGAGACGGCACATCGAAACCGGTCAGCCACATATCGCGCACCAAAACCAGTTTTAGCGGATCAGACGGGTCTTTGAAGCGCTGTTCAATATCCTTGCGCACCCGCCCGGTCATCAAATGGCGGGCGTAGCGTTCCGGGTCACTGGCCGAACCGGTCATCACCACCTTAACCGCACCCTTGGCAAAATCCGTGTCGTCCCACTCGGGACGCAGCTTAATAATCTCATCAAACAGGTCTACGCAGATGCGGCGGCTCATGCAAACCGCCATCGCCTTGCCTTCGATAATCTCCGCCCGCCGCTCAAAATGATCCACAATATCCTGCGCCACCAGCGAAAGCCGCTTCTTCGTTCCAACCATCGCTTCGAGCTGCGACCACTTGCGTTTCAGTCGTGACTGCTCGCTGATTTCCTCTCCCTCGGTCAGCTCTTCAAACTCGGGGTCAATATGCGGGCGCTCAGCGGCATCCAGATCAATCTTAGCCAATCGTGCCTCATAATAGATGCGAACCGTTGCGCCGTCTTCCACCGCCTGCTCAATATCATACACGCTGATGTGCTCGCCAAAGATGGCGCGGGTATTGCGGTCGGCCAGTTCCACCGGCGTGCCGGTAAATCCGATAAATGAGGCATGGGGCAAGCCGTCGCGCAGATGGCGGGCAAACCCGTCAATCAGGTCATACTGTGAACGGTGCGCTTCGTCCGCAATCACCACAATGTTACGCCGGTC
CP047593.1_gap46	1090071	1091613	1542	GCTTGAGAATGATTGTCGAAAGGACTGCGTGTTGATCCAGTTCGCACATCTCAGATTCTTCCAGCAACTCCACTAACTCTTTAGGGAGAACCCCGCTCTCCAGCTTCGCAATCAGCGTATCGAGACTAACCCATAGCCGCCTATATTCCGGAGGATGGTTTGGAAAACCTTGTTCTGCGACCGCGATTAGGTCATACAGAACCTCCTGCATGCGATGGATAGAAAATGCCGGAATCAATAGGTTTCGCTGGCCAACAATCAGTTCCTGTTCTACCAGAGTTTTCAAATTGGCCAACCGTTGGTCACGTGAGGGATGGTCCGTAGCCTTGGTGCCACCTTTGGTTGATTCCAAAACAACATAGTTTGTAGTTTTAAACGGCCCCTGCGACTCCTTTAATAAATAGCTGCTGTTAAAGTGATCCGTTGTCGGGCCGATGTCCCCACTGAACAACATACTTTTGAGATATTTCTCATTATCTGGATGCTCTTCCCGCCAAACAACCCCCAAAGAACATGCTCCCAAAATATGTGCCGATCTCAGGGCATAAACGCTCAAGTCTTCATCCAGCCGGAACTGCTGTCCCCACTTAAACCCTGCGCGCTGATCTAAATAATGAAATTTCACCCGCCCCACATCATTGTATCGATAAAGTTCGCCCTTCGTGATTCGAGCAGAGTCCATTAGAACTTCTTTGGCAATTAGGGCTGTAGCCCTTGTGCAATAAACTTTTCCGACAAAGCCCTCTTTATAGAGTCTAGGAATCAAACCGCAATGATCGAGATGAGCATGCGTCAGCAAAACAAATTTCAAACTTTTCGGATCAAATAAAAATGGCTTTTGATTTTCAAATTCGGCGTGCGGCGTTCCCTGAACCATTCCGCAATCCACTAAAAATTGCACATCCTTTGGAGTATAGTGCAAATGCGTACACGATCCTGTAACCTGATCTATTCCACCGCAGAATGTAACCTTCATATATCCCTTTCGCCTATTCCGTGGGGTCTAGTCTTCCACATCTTCCGGTTGCCAGTCACCGACATCCATATTTTTAATGCGCTCGCCAAACACCTTTCGGAATGCTTCCAGTTTTTCGAGCATCCATTCATGCGCCGTTGGCCAGCACCGTTTGTCGTTCGGATCAAAATCTGAATTGCGAAGAACAATATGACTGTTCTTTTTGTCGGGCTTTCCCTGCCACTCCAGCACTTCGCCCAGTTCAGATTCAATAATGGGCTGCTCCTGATACAACAAATTGAAAACCGCCAATCGATCATCTGTATTGTTGATTTGCAGGCAGACGGACATCAGTCCGGCTTGCGTATTCAATAAAGCCGCAGGAAAAGCCTTACTGGTTCCACAACTGAAATTCATCCAATGACAAGCTGCCGGTTTTTGAGGGCGCATAACGGAGCTGTTTTCAAGGACATATTCACGGAACTGTTTCCAATATTCGAGCTGCAACTGTTTGACCGGGGTCAGTTTCTCACTCTGAGTAACGGTCGATGTCCCGCCTTTACCTTTTGTCCACTCGTTGGGCTTAG
CP047593.1_gap47	1092722	1094399	1677	ACCCATCCCTCATAAATGGCAATGATGTTCGTTAAAATTAAACGAGAGAAACTTTCTTTCTGCTCCTCCCAAGAGTGCTCAATGCAGGCTCTACGGAGATTTGCACCATGAATATTTGCCCCCTCTGAGAACCGGCCCTTTAATTGTGTGTTTGTTGCATTAGGTATCGCATCGAGATAGCCCGCAACTTGCCATCTGAGATTCCACATAGCCGTGGCTGTCGGCCACACGAAATCAAAGAGCCCTGTAATTTGTTTGTGTGCGCTATCTGAGGCTGAAAAAAAATAGGTGGCCATACAAAATTCCGTTATACGTTTTTCAGAGCCTTGTTTGCTTCTGTGAAATGAGGGCCAACACACAGCGCGGAATCTTCAAGATCGGGATGTATCATCGAAGTAGAAAAGATAATTTGATGCGGCTCGCCAAACTCTGAAGCCATATCAACTATCTTCTTCTGGAAATTGTGACTTCGAGCCTGCTCCATTCCCTTGTCCTCCATGTTGTCACAAAGCAACAATCGAGGGTAGCGGATGTAACTCAACTCCATAGCAGCAAAAAACAATGCGTAATGGATGCTGTTTTTTAGATAGAAAACAGAACTGGCAGAAAAATTATTCTTCTGATTTACCCCGAACGTATTCAATCGGAAATCAATTTGCACATTATTTACATGCTGGAACTCAGCCTCTCGCGGAAGATCTGCTTCCAGAAGCACCTTTGCGTACTTTGCGATAACATCGTACACCTCCATACTCCTGCTTGCATGACGCATCCGTGCCCGCTTGATTCTGATCTCAAGGGCGCTAATGGTGCCGGTCAAAAGTTCATTCTTTTTGTCTAGGTCGCGTTGGACCTGAAAAACTTTCATCCGTGACAACAGGGATTCTATTTGACTCTCAAGGGTTCCCTTCCGCTCATGTAGTGCATCTTTTTCAGCCGACCTAACTGTTTTGACCGAATTAAGCGATGCCTCCAAATTTGATTTCGCAACACCGAGTTCCTCTTTTATGGTTTTGACTGAGGCCGTAATCTTTTCTAACTCGTCTTTTTTATCAGCATATAACCGCTCGGACTCCTTCTGCTGAAAGACCAACTCTTGCCTCATACGCATTAAGTCTGATCTCGCTTTTTCTTTATCAACGGGTTGCTTGCAAAGGAAACATTCGTCGCCTCCCTCTGATGTCTCAACAGGTTGCATACATGCCGGGCAAATTTTCAGAAAATCTTCTGCCAGCACTTTTTTGACCAGCAAAGCATCATCTATGGCAGCAATACGGTCACTCAATGCTGCCAAGAAGTCAGATGAATCCAGCAGTTGAAATTCCAAAACTTTGATTTGCTCCTGTGCATCTTCGAACGCTTGCCGTTTTTTAATATATGTAGACTTCTGCGCCACTAGTTCTGCACTATCAATTTCGGATGAGCTATCCTCTTCCACCCATTCTTGAGCGTTTATTGTCTCCTGGACTTCAATAAGTTGTAGTTTACTGTTTTCAACCTGACTTTCCAGAAACTCATAACTCTCACCGGCCTGATCGACCGCAGCAAAAACCTCTGAAAATGTTTTCAGCTGGGAGCGTACTTGCTCTAATTCTTTTTGTTTTTTGCGATGCTCAAGTTGGTCTACATACAAATCCTTATCATAAAGACCAAGCAAAAGTTCTGCTATGGTTTCGC
CP047593.1_gap48	1096395	1097941	1546	CTTTTTTCCTGCCCTCCATCAACTGGGCTTACAACAACCTGACAGACAATATGCTCTTCCCCAACCTGCACTACCTTCCCCGAACCAAACGTCGATGTTTTGCAAGAATTGACTTTCCCATGAGTTTTCAACAGTTCACGTATAAGCTCATTGTTGTAATCACACACCTCACCATCTCTCAGCACTTCGTAGCTAGAGATTATTGCAGGTCCCAACCCGGCATTCCGCAAACGAACAATTAACTCTATCTGATTGTTGCGGGAGTTCTCTTCAGTGTGAATATCCAGAGCAGGCAATACCGAAAGACGATTATGTCGGCGAGTGGCAATGCCCTGCTGTATAGCGACAAACAGAGCACATAAAGCAATGGCATTTTTTGAGAGGAAGTCCCACGCACTCAATACCCAAGTCAAAAATTGAGGAGTGTCGCTCACGCCACACCCTCCACCATCTTTTCAGCCTCTGGGATTTCCAACTCTCCGGAAAGCAGTTTCGGCAACAACGTGTCGCGCAAATCAGAAAGCGTTCTATTTTGTTCAACGTTTCGGGTTATTCGGTCGTACAAGTCGCTTGCGGTTTTATTGTATTCGGCCAGCACATCGCCCGATGGAACAAGCACGGGGATAGGCCGGAAATTCTTTTTGCTGATCTCGGCAAACGTTGTGCCGCTGGCCCGTTGTTTAATCTCATCCATAATAGAGTTGGCCCATTGCAAGACATATGTGTTGGGCAGCGCCTTGTCACAAACCATTGCAATAAAGCCCTGATTGATTGAAATCGGAATTTTTGAAATAGCCAAATACCCGACCGGAGCACGAGAAGACATTAAAACTGTCCCTTCGGGAAGCTGCTTGGAGCTAATTGACTGAACGCCTGCATCTGTAATTTTTCGGTCTGTATCAAGCAGAATAAAATTTGTGAGCTTTGACATATCTTTCGGCGTTGCCCAGTGATGCACCCCGCCATCCCAAAACTCGGGATTCTTTGTGCGCGGGGTTCCTCCGCCCTTAATTGTCACTTGGTTGCCAATCGTCGAAACATCCCACCCTCTGGGAATCGGGCCGAGTTCCGAGGGTTGGAAACTGTCGGGGAATTTTTTCCGAACATTGGAAAAAATTTCCCCAAGGGCTGGACGCAGTTTCGCACGGCGCTCGGCCTTTTCGGCCAGCTCTTCAGGAATTGGACTTCCGGCGGCACGGGCGTTGTCGATAACTGGATCAAAATCAACAAACCACGATTTAAAAAGCGCCTGCGCCATCGCCTCCTGCGTCTCATTCATTTTCCGGTTCAGCTCAATCTTGTCATCTAGTGCCCCTAGAATATCCACGATTGCTTTTTGCTCTTCAACCGGCGGGAGACATACCGACTGTGTCGCAAGCTCACGATAATATATACGGACACGAACAGAACCAACCCCTGCTGATTCCGCCCAGCTCTTCCAAGAGGCACATTCGGTTAATAGGTATAAATATTCTGGAAGTATCTCCTTCTCATCACAGGAGAAAACCACATAGTCGGGACTAACGAGGCCGTGCAAATGCCGTTT
CP047593.1_gap49	1242800	1243833	1033	CTGCGCCGGGTGCTCCAAAGAGTCCTCTGCCGCGCCCGGAGCAGAAGAAATCGATCTGACACAGGTGCCGGATCTTTTCGAAAACCCGCTCCAGCCCAATCCCCTGGCTCCCCAGCCGGAAGATGTGATTGCCACCGTTGACGGCCAGGACATCACCCACGGCGAAATTATGCAGGCCGTGCAGAACACCATGCAGCAGCTGAGCCGCCAGATGCCTCCGCAGCAGCTTTCGCAAATGTACGGACAGATCTACAAAAACATGACCGACCAGCTGATCGCCAACGTTTTGATCACCAAAGCGACCGAAAACTCTGACCTGGCAGTCAGCGACGAAGAACTCAACGAAGAACTCGACAAGATCAGAACCAGCGCACCGGAGGGAAAAACCCTTGAAGAAGCACTGGCCGAAAACAACATAGACTTTGCGGAATGGAAAGAAAACCTCCGCACACAGCTGCTGATCGGGAAGTTCGTTGAAGGGAAAACGGCCGATATCGCCGAAGCAACTCCCGCGGAAGTCGCCACTTTCTATCAGGAAAACATCGACCAGTTTAAAGCCCCGGAAAGCGTAGAGGCCAGCCACATCCTTCTCTCATTCACAGAGGACGACACCGACGACACCAAAGCTGAGAAAAAAGCGAAGCTTGAAAAAATCAAAGCCGACATTGACGCAGGCGCCAGTTTCGAAGAGCAGGCCAAAGCAAACTCGGACTGCCCGAGCAGCCAGCGCGAAGGCAGCCTCGGCAGCTTCGGACGCGGCCAGATGGTTCCGGAATTTGAGGAAGCAGCCTTCTCCCAGGAAGTGGGAACAATCAGCGATATCGTGGAAACGCAGTTCGGCTACCACCTGATCAAAGTGACCGACCACCAACCGGAAAGCACCCGTACGCTCGAAGAAGTAACCGAGCAGCTCCAGAACTACCTGACCAGCCAGAAAAAGCAGAAAGCCCTGATCGCCTACATCGATACTCTGCGCGAAAAAGCAGACATTGTAATGCACGAGCCGAATCTGGACTCCGGGACTGCTGCTGAA
CP047593.1_gap50	1250615	1252295	1680	AATGCTTCCCCGATGGCTGCCTGCCGAATATAGCCAACAATACCCGCAGCGATTTCCTGATTGGTTTCTCCCCGCCAGGCCGCTTTGAGACTGGATTCGGGAAACCCGTTCTGATCCAGATAGAGACGCACTTCTTTGAGTTGCTTGCGCGTGAGATCTTTGGGGCGGTTGACTACGGTGGAAAGCGCAATGGATTCATTCAGGTGGCTTTTCACAAATTCGGAAAACTCCTGCAGGTAGTCTCCCGGCCGTTCATGAACACCAAAGTTCTGCTCTTTGCCGATCAGTTCGTCTTCATGGTGTGAAATAATCGGATGACTGTCCGTTCCAATCAGCGTTTTTACGTCGTCGAGCTGCTGAACAAATCCTGCATGTGTTCGCAGAAACTCTGCTGCTTTTTCCGGCCCGATCTCATGAAAGTGTCGATGAAGCTCGGCTGGCTCAACGCCCCAGATGCCTTCCAGCTCGTTGAGCTTGTCGCGCACTTTATCGTTTCGCTCCGCTTTTTTGTGTGCTTTGCGCAGGACTCGCAGGACCTTCTGGTTAATCTGGTCGAGCACGTCGTCCGCATGACTATGCTCTGCATCCGCCAGTGCGGCATGGCAGTCGGGATTCAGCAATTCCTGAATCAGCTGATCCAGAGATATGTTCGGGTTCTTCACGATGGGCTTCATGGTGGAGACTTCGTCCAGCGCAGCATAAAGGTCTACCGGGTCATAAATCTTAAATTCTGTTTTGCCGATTTCATCGCATTTGCGCGTTGCGCGCCCGACCATCTGCTCATAAAGGATGCGGGAGCGAACCCGGCGCAGAAAAACGAGATGGCAGATTCTGGGAACATCCACACCGGTGGTCAGTAGATCGACCGTAATGGCAATAGAGGGATAGCGTTCCCGCTTGAAGCGCCGGATCAGTTTGTCCACCTGATCACTGGCTCCTGTGATTTTACGAACGGCCTTTTCGTTATAGTCCTCGCCGTAGAGTTTCTTGAACTGCTTGTCCAATTGAGTTTTAACCTTGTCCGCGTGCAGATCGGTTACGCAGAAGATCAGCACCTTTTCCTCGCCAAAGGGATCTAATTCTTCCGCGAGTGCTTCGCAGATAACCCGATTAAAGTCGTCCGCAATGACCCGCCGGTTAAATGAATCGATTTCAAAGTTCTGCTCGTCTTCCAGCTCGGCGGTATCCACTTCGCCGGATTTCATGTTAACGACTTCGACTGTTTCGCCCTTTTCGAACTGGATACCGTTTTCAGAAAGATAGGTGCGGTAGCGGATCGGAGGTTCATGATCACGCAGCCAATCATCTGCGACGGCTTCGCGATACGTGTACGTGTAAACAGGCTTGCCGAAAATATCGGTGGTGTGTTTGGCCGGGGTGGCAGTCATGCCGATTTTAACGGCATCAAACCAATCGAGCACCCGGCGGTACGTTGAAAGGTACTGCGCCTGATCACGGAACTCGATTTCACCATCGGTCATTTCCTGATCCAGCGTATAGCCGCGATGCGCCTCATCAACGATGATGCAGTCGAACTCATCGACGCAAAGTGAATTGTCAGAGCGGAAAAGCCGTTTAACCATGGCCTGTACCGTAGCGACCTGTATCCGGGTTTCGGCTTCCGGAGCCATATCGCCCAGTTCTGCAATATTGTAGATTTTCGATAGCGGGGAGTTTTGC
CP047593.1_gap51	1259835	1261623	1788	CCTGCAGCTGGGTTCGGCCGCTGTTCGGCTTTGTAATCGATTCAATATTCACCCCGACGCATCGACCGTCCGCATCTTTGAAAAACCAGTATTCGTTCAGGTGATCCGGCTCAGCGGCATTAAAAGGATAGGCTACCAGATAGCCGCCGTCGTCCAGCACCGCCACTTCTTCCGTACCGTCGCCGTCCCAGTCCGCAACCGCCGGACTGTTGCGCCATGGAACGATCAAGGGCTTGCCCTGATACAAAAAGGTGCGGATATCGTCCGAAAGAACCGGCTCGGTTCGCGTGCCGATATTTTCAATCCAGCGCAGGCGCCCCAACGAATCATTGATAACCAGATCCAGATCTTTATCGCTGTCCACATCCGCCACCGCACAGGAGGTGTAGCCCCACCACTGCTCGCACGGCCCCTGAATCGTGCCGCCCGCTTCCGCAGCGGTAATCCGGATCTCCCGACCGTTTTCATCCTTCAGCGGCACCGCTGCCGCCAGCTTCGGCTGCGTAGATGTTCCCGTATTTTCCACCCACATAAAATATCCATTCACGTTACCGCAGATCAGGTCGAAGTCGCCGTCGCCGTCCCAGTCGGCGGCATCCGGCATGGGGGACTCGACCACATTGACCAGGCCGCCGGTTCCCGCAAACAAACCGGCATCTTCAAATTCGGCCCGGCCCTCCAGATTGCGGTTGAGAAGCAGACCCATGAATCCGCTCCACCCGGTCCAGACAATGTCGTCGCGCCCATCGCCGTTCCAGTCGACCGGACAGGGTTTCAGGGACATATCTCCGGAGTCGTACGGATCATCGAACCGGTTCCACGGAATCCGGACTCGTTCAACCGCCGGTTTCCCGCCAACCATTCCGCGGTTCAGCAGCAGCTGCAGGTCGCTGTCCGCCGAACCGGCGGCAATATCCTGCAGACCGTCGCCGTCAAAATCGCCGGACTGCATTGAGAACCAGGTGGCATTTTCAAACACAACCGGCTTGCCGTTCAGCTCCACCACATCGGTCGCGGCCTTCCCGGCCGGCCGGAGCTGCAGCGAGACCGAAACGCCATCAATATAACCGCCGGCACCAAGCTTTGTCCGATTTACAATCACTCGATCCACCGCCCCGTCCTGATCCCAGTCGATCCGCAGGTCTTTCATCGGCATCACCGGCAGCGCATCGCTCTGCAGCGGTTTCTGACGCTGCAGGAACAGCGGCTTTTCGTTTGTGCCGATATTGCGAAGCAACCAGATCCCGGCATCCGTGTTTTTGGCATAAATATCCAGATCGCCATCCCCGTCAACATCCTGGACATCCAGGGCCTGTCCCGGCCAGCCGCCCCAGAGCAGGCATTGTTCGTTCGGCGGATACCGCAGCAGTTCCCCAACGCCCAGCGGCTTATCCAGCTCCAGCGATGCCGCGCCGTCCGGACCGGCGGCATTGAAATAAATCTCGTACTGTTTCACGCCCTCCAGCGTGCGCCATTTCAAAGTGCTGTTGCGGGCGTAACCCCCGGCCAGGCTGCCGCGCGGATGATCGATTGCCGCAGGAACCGCCACCACTTTCCCGTCCGGGAAAAGCGCCAGAACCTTGATGCTGGATGGGTCCAGCGGCTCCCGGCAGCCGGCTTTCAGCATTAACCGGGCAAAATCAAAGTCCGCCCACAGCGGCTGCCCGCCTGCAGAATCGGAAACTTCGCCCGTAACCCGAAACGTTCGGTCCGCACATTTCCACGGACCGCCGTCGGCGGAAACAATCTCTTCAGCGCTCCATGTCGGCGGAGGTGCTTCATCCGGAA
CP047593.1_gap52	1265848	1269244	3396	GCGCCCTGGTCATTCGCTACGACAACCTCACCGAAAACTTCCTACTCGGCTTCTTTGTCGTTCAGGGCTCCAACCTGTGCTTTGCATTCGGACAGGTGGCATACAAATTCTTCAAAGAATCGCGCGAGCCGGTTGCCCAGCGCGACATCTTCGGCTGGTTCTACATCGGCGCGCTCATCGTCATCAGCATTGCATGGATCATCTGGGGCAAGGCCGGGATTCCTACCGACTCCGTACAGATCGGCATCCTGATTTGGCTGGGCATCGGGGCCTCCGGCCTAGGCTATTTCCTTTGGAACCGCGGCGCCAGCCGCGTCGATGCAGGATATCTCGGCATTATGAACAACGCACTGGTGCCCGCCGGATTGCTCGTCAACATCACGATCTGGAACCACGACGCCGATCTCGTCCGCCTCGCACTCGGCAGTGCCATCATCGTTCTGGCCCTCCTGCTCCACGCAAAAATCAAGCGGCGTTGACTTACCGAAGGGCTTTCTATAGGCTCCCCGCCCCACGAGGACAGCATTTTAAAAAATAAGGAGAACAATGATGGCCAACAGCAGAGTTTCAATCGTAATGGGAAGCGCCAGCGACTGGAAAGTCATGGAGCACACCTATAAAACCCTCAAAGAGTTCGGCATCACCGCGGATGTGAATGCACTGAGCGCGCATCGCACACCGCACCAGGCATGTGAACTGGCAGAAAACGCAAAAGCCAACGGCACGCAGGTCATCATCGGCGCCGCCGGCGGTGCGGCCCACCTGTCCGGCGTTCTGGCCGGCCACACCACCCTGCCGGTTATCGGCGTTCCGATGCCCGCATGGTCACTCGACGGCATGGACTCCCTGCTCTCGACCGTACAGATGCCCAAAGGCGTTCCGGTCGCCACCGTCGCCATCGGCAAAGCCGGCGCCGTCAACGCCGCCATCCTCGCCGTGCAGATCATGGCGCTGTCCGACGACGAACTGGCCCAAAAAATGGTCGAGTACAAAAAGAAAATGACTGAAGACGTTCTGGCAGCGAATGAAGAGCTTCAGAAACAGCTGGACTAAACTCCCTGCTGCTTCAGCACAAACCGCCTTCGTCACCGGAGGCGGTTTTTTATTTGTTCGGCGAGTTGAGCATCGGTGGCAAACAAAATGCCGCGATGGTTCATAAACGTGGAGTCCGCGCGGTTCAGGTCGAGCGGATTCCCCGCGAAGTCCGTCGCCACCGCGCCCGCTTCCGCAAACAGGCAGGCCGTTGCCGCAAAATCCCAGATGGAGCCGCCGCCTTTTCCAAGCTTTGGAAACTTGAAGTAGCACGCCGGAGCATTCTCCAGAACCCAGACGGCATTCATCGCCGCGCCGCCGGTCATTCGAACCTGCGAATGTTCGTCCAACTCCAGTTTTTCCAATGTTTGGAAAAAACGTGGATTGTTCTTAAAACTCCGGTCGGTAATCAACTGCAGCGGAGTCCCGTGGTCACGAAGTTTCCAGGGTTTGGAATTTTTGAAGATTCCGCCGCCGCGAACCGCGTGCCAGCAGTTGTGTTCGACCGGATCGTAGACCACGCCGATGTGCGGTGTGCCGTCGCGCGCGACCAGGGCGATCGAAACAGAGTAGCCGGGAATGCCGTCGATAAACGGAAGCGTTCCGTCGATGGGATCGATGCACCAGAAATACTCTTTCTCAAAGCGGCTGTGGTCGTCCTCGCTCTCCTCGGCGAGCAGCGCCAGATCGAACTCCTCAATCGTCGGCTTCAGGATTTCAAGAATCATCCGCTGGCTCTTTTCGTCGACTTCGGTCAACACCTGCGAAGCGAGGCTCTCGCCCCCTTCCTTGCGAGTCACATGCTGAGGACGCGACTCCGCAATCATCTTCCCCGCAGTTTTTGCAGCCTCAATGGTCGTAGCCAAAAGTTTGTCGAAATCCATCATGCAAGCTCCTTCAGTACCTGCCGAGCAAGGCGCATTGAATAGCTGTTAATCTTCCAGTGACCGGGGCTCCAGCCCTGCAGAAAGCGGAAGAAGTCGGTCCACGCCACCGGATACAGAGCTCTCCATTCCGTTTCCAATGCCTGAAAGGAGGCCGAGCCTCCACCCATACATTTTTCCAAGGTTCCGAAATAGTAATCGAGCAGTTCGTCTTCGCGCTCCTCGCACTCATCTTCGTTGAGGCAGCTGCCGAGAAAGTAGGCGACATCCTTCATGCCGCATCCGCCGCCGACATACTGAAAGTCAACCGCCGCGACCTGATTCCCATGCGCAGAGAAACAAAAATTGGCGAGCTTGGCATCGCCGTGTACAAATGTTTTAAAACGCGCATCGTTGAGGCGGCGGTCAATCGCCGCCGCGGCGTTTCTCAGTGCGGAATCGTCGAGCGCGGCCAGTTCGTCGGGGCGAGTCGCCAGGTGCCAGTAGGTCCCGACCGGCCAGAGACCATCCGGATTTTCGTTCATAAAGGCGGCATGAAAATGCGCAAGCCATGACAGGCAGGCGCGAACGTCTTCGTCCGAAACAGTTCTGCGACGATCGCCGAAACCGGCGGCGTCGAGGTCTTCGAGCACCATAAATACTTCATCGCCATGCGTCTCCAGCGCATGACACTTCGGCACGCGGCATTCCGCGCCGCAGCGCGCGGCCCATGTTGCATAGAATTCGGTTTCGACCTGATAGGAGCGCACTTTGCGTTCATGCGACAGACCGGTGTTCCAGCCGCGCGGGTGATTCGCTGCATCGGGCCAGTGAACGTGCTTCACCACAACGCTGTCGACGTCCGCGCCGTGCAGCCGGCAGCGGATGATTTTCCCGTAGCCGCTCCAGAGGCTCTGGATCAGCTCGCCCTCTTCGGTCAGGCCTTCCGCGCCGGTTGCGTTGAGTACAATCTGTTGAAAATGGTCATTCATAAGAGGCGGCAAAATAGCATAGGCTTTTCGCATGAGTAAACTGATTCAAGTGAATGCCGAACATCCCGAGCCGGAGATTATTGAGCAGGCCTGCAGAATTCTGGAAGCGGGCGGGCGGGTGGTGGTTCCGACCGAAACGGTCTATGGAATCGCCTGCGCTCCGGAACATATTGAAACGCTCTATTGCGCAAAAGAGCGCGACCGGGGCAAGCCGATCGCACGGTTGGCCGCGTCGCTCGAACAGGTTGAGGCACTCGGCGCGGACTTCGGCCGCGACGGCAAAGCCCTCGCCGAGAAATACTGGCCCGGCCCGCTGACACTCGTGCTCAATACACCGGAGGGAACCACCGGCTTCCGCGTGCCGGCCCACGAAGTACCGCTGGCCCTCGCCCGCGCCTTCGGACGACCCATTGCGCTGACCTCCGCCAACAAAAGCGGCGGGGCCGATGCCACAAACGCTCAGGATGCGTTCCAATGTCTGGAAAACGATGTGCCGTTGTTTCTCGATT
CP047593.1_gap53	1336720	1340329	3609	CTGGCCTTTCATGATGACCTGGCCGATCCAGAGAGCAGCGACCCGATTGAGCATTTTTCAACCCGGCTGCGCTGTGCGCTGGCGCTCAACATGCAGTCCACCTACGACCCGCGGATCATCAAAGAAATCATTCCCGGTGCGGCCTATAAAAACAACGCCCTGCCCGCCTTTTATGGCCTATCCGATGATTGGAATCTGAGCACTGCCGAAATTGATGCCGATCTGGACGCACTCTTCAAAGACGCCTCACCAATCACCCATCTGACCAAGGACGATCCACCGGTTTTCGTTTTTCATACCGAGCGCACCCGCACCGACGGCAATATCCATCATCCAAACTTTGGAACCCATCTGGAAAACGCCATGCAAAAGCTGGGGATTGAATGCGTGCGTCGAACCGACGCCGACTACAGCAGTCCCAATGCACAGTATGACGAAATGATCGAATTTACCCTGAAGCATCTCGGCGTATCCGCCGAGTGATCCGCGGAGTTAATCCATCCAGAGTGTGGCGGTGTAGCATTTCACTTCCATCATCTCGCCGTCTTCGTCCTTGTAATTGTGCGTACCGGCCAGCCAAACCTCGCCGCTGACAGAGGCGCCTTCGTTACTGGGAAACTCAGAGCCGATCCCCTTCAGATACACCGTTTCGTCGTTGTCCGGACAGGACAGCAGGGCTCCCCCGTCTTCTTTTCGGATCACTGTGCCAGTCAGCATTTCGCTGTTGAGAAATACGGCGCACCGCTCATCAAACGCCGTTTTGGCCTCCATCCACGCTTTTTTCTCCGACTTTCCCTCGTCCAAAGCGTTACAGAATTTATATTGAAGATATCCCAGCGACTGCGAATCTTTCACAATGCCGGTTCCCTGGCACACCGGGCAGGGCCGCCCGCCATCCAGCGACCCTTTTCCCTCACAATATGAACAGGGAACCTTCAAATGGTCCGGGTCCACAGCTTTCGCCAGACTGGGATCTGTTTTTTTGAGTTGCCCATAATATTCGTCAACCACAGCCTCATCTCCCTGAGCCAGGCCGTAAATCAGGTTGAGAATGTTATCGGCCGTACTCCCGTTGTATTCGATTCCAAAAAAGTTCAGCGCCGGTGCTGATGCCGCGGAAAAGAACAGCAAACTGATCAGGATCATCTTCTTCATTTATACGCGTTCCATATTTTCTTTTCTGACGAAAAAACGCGGATATTTTAGCAAAACCGGACTGCAAGGACAGCATAAGAGACTGAAATTTTATCGCCCTCCAGAAGCGATCATTCGCATATACGGGCTGTCATACAAATGTACCCGCCCTCATTGTTTCCAGTCGTCATTTCGGTTCTGACACACAACTCATCTTTTGCGCCCCCGTTTTTAAGGGATCATCCATTATCAGCCAACTCGCAGCACAAAGAGAACCGGCGTTTAAGATTTTCTCTGCCTGCCTCCCGTGATTTAATCCGCGCCCTATGGATTTTGAAAAGGAACTCAACGAAGAACAGTACGCCGCAGTGACCGCTCCGGACGGGCCGTCGCTCGTCATCGCCGCCGCCGGAACCGGCAAAACCCGCACGCTGGTCTATCGCCTCGCGTGGCTGGTCAAAAAACACAATATTGACCCACGCAATATGCTGCTGCTCACGTTTACCAACAAGGCCGCACGCGAAATGCTCGACCGGGCGGAAACGCTGATCAAACGTCCTTTCAAAAGCAGTCACAGCGGAACCTTCCACAGCTTTGCCAACCGGATTCTCCGCTCGCACGCTTCTTCGGTTGGCTTCGGTTGTGACTTCACCATTCTCGACAGCGACGACTCCAAAAAACTGCTGCGCTCCTGTGCGGACGACCTGAAAATGGACAAAAAGCATTTTCCAAAGCCGCAGGTACTGCAGAGTATTTTCGGGGTGATCAGCGGGCAAATGGGCGATCTGGCAGACGGGCTCTACGAACGTTTTGAACATTCCGACGTTGATGTCGAAGATGTCATCGCGGTTCACGACCTCTACCAGAAACGCAAAAAAGAGCAGAACGCGATGGATTTCGACGATCTGCTCATCTACGCCCTGCAGCTGCTCGAAAAAAACGAGCGGATCCTGCGGTTCTATCAGGATGAGTTTCAATACATCCTTGTCGATGAGTATCAGGACACCAACGCCATTCAGGCGCGCATGGTCAGCCTGCTGGCCAAAGTTCACAAAAACATCATGGTGGTCGGCGACGACTTCCAGAGCATTTATTCATGGCGCGGCGCGGACTTCCGCAACTTCCTCGACTTCGAACGCCACTACCCCGGCGCGCGCACCTTCAAACTGCAGATCAACTACCGCTCCACGCCCGAAATTCTCGAAGTGGCCAACGCCGCCATCGCCCACAATCCAGACCAGTTCCAGAAGGAGCTCAAGGCCGTCCGGCCGGAAGGCGCGTACCCCATATCTGCCCAGCTGCGCGATGGCGGCGCACAGGCGCGCTACATCATCGAACAGGCGCAGCAGCTGAACCGGCAGGGCGTTGCCTACTCCGACATGTGCGTACTCTACCGCTCCCACTTCCATGCCATGGAACTGCAGATGGAACTGGCGCGTGCATCCATGCCGTACGTCGTCACCTCCGGCGTACGCTTTTTCGAACAGGCGCATATCAAAGACGTCTGCACCGTCCTGCGCATTCTCGTGAACCCCGGCGACGAAATGGCGTTCACCCGCCTGATCGAACTTTTTCCAAAGGTTGGAAAAAAGACCTCACTCAAAATTTTCCGCAAGCTTGGCGGTCGCGTGAACCTGCAGACCAAAGAGATGTGCATAAAAGTCGAGGAAGCGCTGCCGGCCGCCGCGCGCGAGGAGTGGAAAAAAATCGAACCGGTCTTTCTCGCCTATCGCGAAGAGAACCTCGATGCCGACCCCGGCGAAATCATCTACCGCTTCAACAAAGCGTTCTACAACGAGTACATGGTCGAAAACTTCGACAACTCCAAATATCGCGCGGAAGACATCGACGGAATGATCGATTTCACCACCAAGTTTGAAACCACCGAAGCGTTCCTCAGCGAAATTGCCCTGCTGTCCAACCTCGATGCCGAGCCCGGAGCTCCGGCAGAAGCCGAGCCGGCCGACGCCTTCCGCCTCAGCACCATTCATCAGGCTAAAGGGCTGGAGTTTAAAGTCGTCTTTGTACTGTTCCTCTGCGAAAGCATGTTCCCAAGCACCAAAGCCGTTGAGGAAACCGGCGACTCCGAAGAGCGGCGGCTGTTTTACGTCGCCGTCACCCGCGCCGAAGACCGGCTCTACCTCTGCTCGCCCGAAGTGCGCCGCCAGCGCGACGGCGGCATCATCTTCCTTGAACCCTCCCGCTTCCTTCGCGAAATCCCGCCGCATATGATGCAAAAAGACCACGGGTTCTTTTGAGAGCTAACCGCAAAAGAACGCATGTAGCAATTGCGGCGGAAGCAATCTCTGCCTATGCCAAGGTATGATATTCGGCATCGGCCTTGAGCTTCTGTTCTGGATCTATATGGGAATCCTAGAAAGTGCGTCGAAAGAAAAAGAAGAGCAGCGCTCCGCGAGCGAGCGATAAAAGGTTCCAGTATTAAGTCTCGCAACTCCGTTTGAAATATCCTGCCGC
CP047593.1_gap54	1426767	1430134	3367	CCACGTCACTTACTTCCGCACGGGTCGGGCGGGGATTTTCGATCATGGAATGCAGCATCTGGGTCGCGGTGATCACCGGCTTCAGGCGGCGCAGGCAGGTTTTAATGATCTGTTTCTGGATCACCGGAACTTCTTCCACCGGGATTTCAATGCCGAGATCGCCGCGGGCAACCATGACGGCATAGGCAACATCGAGGATGGAGTCGAGGTTGGAGACCCCTTCACTGTTTTCGATTTTTGCGATAATTTTGATGGTGCTTTTGCGCATATCCAGAATGCTCTGAATCGCCATCACATCGTCGCGATTGCGGACAAAAGAGTGGGCGATAAAATCGATTTCCCGTTTAATGGCCCATTCGATGAACTTACCGTCTTTCTCAGTAAGAGATGGCATACGCAGTTCCGAGCCCGGAACATTCAGGCCTTTTTTGTCCTTAATAACGCCATCATTGCGGGCTGTGCAGATCAGTTGGGTCTCATCGCTGCTGTCTACGGTCAGCTCGAGATCGCCATCATCGATGAGAACCTGGCTTCCGGCCTTTATTTCCGGGATAAAGTGTTCGTAGTTCACCTGAAAACTGTTCGGCAGTTCGGACGACTGCGCTGTGACGAATACGCGGTCTCCGGTTTTTACAGCAATCGGCTCCGCGATATTGCAGGTGCGCACTTCGGGGCCCTTGGTGTCGATCAGGATGCCGATTCGGTCAGACACCGCGCGTATTTCCTTCACCATCAGGTCCGCCTCCTCTGTGGTCAGGTGCGCGGTGTTGAGCCGCACAACATTCATGCCTTCGTCGTAGAGCTCCTTCAGGAGCTCCGGCGTGCATCGGTCGGGAGAGAGGGTGCAGATAATTTTGGTCTGTTTGCTGTACATAAAAATTTCTCCGGTAAAAGTCGCGGAGGGTTTTAGCAGATTCTGGAGTTGGGGGTAGCTTTTTATCCCGTAAATATCCCCGGCGGTCCGTTCAAAGAGGAATTGTGATGGTGCGATGCGCTTGTGCTTTGCGTAAATCGTGCAATAATCAGCGCTCTGTTCAATGGAACGAAAAAGTAAGGATCTCACGCCATGCCTGTAATTGTAACCAGTGATGCCATTCATCCGTTTCTGCCGTCTCTCGGGTCGTCCAGCGCGATTGAGATGACACGTGCCAGTCATCAGGACATCCGGCCGCTGGAAATTCTGATCATCAACCTGATGGCGGATAAGCAGGCGACAGAACGTCAACTGGCGCAGTGGCTGGGTCATACCCCGCTGCAGATCCGCCTCACATTTGCTGCCACCGATTCCTATATGGAAGCCATTCAGAACGGACGGCGGAGCAAAAACACCAGTACGGAGCATATTACTAATTTCTACCAGAGCTGGGGATCGCTGAAAGACCGCCGGTTTGATGGAATGATCATTACCGGAGTTAATGCCCTGCAGCCGCGGGTGGAGGACGAAATCATCTGGCCGGAGGTGAAAGAGATCATGGAATGGTCGAAAACCAACGTGCTTTCTTCACTCTTTCTCTGCTGGGGAGCCAAGGCCGCGCTGAAATACTTCCATGATATCGACAGCATTCGGCAGGAAACCAAGATTTTCGGACTGTTCGATCATAGTCTGGGGAAAGATTCCACCGGCATCGGCTTCGGTTTGCCGGACCAGTTTGCCGTGCCGGTGTCTCGCTGGAAATCGCCCGTCCCGGAAGCTATTGATGCCTGCGAAGCGCTGGAGGTGCTCGCGACCGCGCCGGAAGTGGGGCCCAACATGATCGTTGAGCCGTCGGACGGGCCGGCGCCGTTCCCGCGCCGGGTGTACATTCTGAATCATCCGGAATACGACGCTGATACGCTGGGTCGCGAATATCATCGGGATGCGAAAGACAATCCGGATCAGCCGCTTCCAAAGCACTATTTTCCTGGCAATGATCCGTCGCGAACACCGGTCAATCTCTGGCGCTACGCCGGATTTATTTATACCAACTGGATTCGCACCATCTACGACGCCACGCCGTACGACATTAATCAGATCAGCAATCTCGCTGCCGCAAAATAGCTGACAGCGGATTTTTCCAGACCTTGGAAAAACAGCGCTGGGTTTCCAACGGCTGGAATTGCTCGATCGTCGCCGGAACGAACGTGCTTGCGTGCCTCCAAGAAACGGTGGAAGTCACACCGAGCGAAGTCCGTCAACTGGCTGTCTTATGGAAGCAGGAACAAGCCGTAACGCTATTGAGAGAAGGGCGTTTCTTTGGACGGTTCGACCGGCCGGAGAAGCAGTTGCCGGATTACAGAAATTTCCCAGCCTTTTCGGATGTATAAGTCGTTGATAATCAACGGTCTTTTTCGACGAAGAGCGCCTCTGCTGAAAAATAATCGGATTTCGACCATAAGGGCGGGATTTTTGCCGATTTTGGGCCCTTTATTTTCGGGCGTTTCTGTTCTGTTTTCCGTTTTTTTCGATTTTCAAAACATGGAGGGCAGAAGTGAGTGATGAGTTCTCCCTAGCCTGAAATCGGCCATTTTTGAAACTAAAGTAAACTGAACTACACTAAACTATAGCGGTGGATTTCCCTGATTTTCCGGTCTTTTCTCGCGAAAATTATGACCCTAAGTTGTTTATTAATAGTTGTTTATGCAATATTTTCGTCATTTTATAAGTATAGTCTATTGAAGTGCACTGTAGTGAACTACATTTAATTTAACTCCTATGTCTCTTGATATTTTCTGAATGGTCGGTACGTTGTTTGACTTTCGGATACGAAGCGCGGGTTGAACCGCACATGAAAAGGAGTTCTTGAGACAGGTCATGGATAGTTTGTTTACAGAGCAGTATCGACGGCTGAAGGAGTGTCATTACCTGATTCTCTACTGGGCTGCTGAAGCAGAGGTGAGGGGATTGAAATACAACATCACCAATGCGTTTGACGACCTGAAAGATCTCGGGATTACACGGACCAAACAAAGCGTAATGGCCTATGTGGAATCGTTGTTCATGCTGTGCTTTATCGATGTGAAAGAGGAGCGCAACCGGAAAAATATTTATTTGGCGGAGTCCGGCGCCCGGGCTTTGGAAGAGCTGGTGAAGAGTGCCGGTTTTAAAACAAAAAAATCCCGATTCATGGAGGGTGTGTAAATGAGTATTGGTATCGGTGGAGCAGGCAGTAAGCTGGCCTCGTTGATGGATGCGGAACAGGCGACGATTGTGAATGTCTCGCAGTCGGAGCTCGATAAGGTTGAGGCCGGCAGCAAAATTCTGGCAGTTGCACATTCAACGCGCGGGCAGTTTAACGGAGCGGGTAAAGATCCGAACGTCGGACGCGCCGCTCATGCGTCGATCTGCAACAAACTTTGCGAGCTGATTAAAGGCGATATGGTTTTCACC
CP047593.1_gap55	1431367	1432496	1129	TAACGAACACAAACAGAAGCGTCGCGAAGTCGCCCGGGCGCGAGCCACCGAACCTCATCATCAGGAGCGACTGCCCCTCGCCAACAGATAGATGTAAAGAAGACTCCGCATCTTTACGGTTTCCATGCACTAGGGCGTGTTAACACAACGGGAGCATGTTCACGGGTAGTGCGAAGTAAATAAATACGGTAAACATTACATCGAGTTTCTCGAAGCGGCAGAGAAGATCCTGCGGAACCCCTTAAGTCGGCGAAAGAGGCGTTCACCCGCGTATCTAGGCTTGTACATCTCGCGATCATATTCCCATGGGTTAACTCGGTTGGGGGTAGGGGGAACAACTGGATTCATTCCAGGACCGAATACGAGCTGTCGGGTCTCATTGTCTTCGCAAGCTCTATCCATGAGCACGGTACAGATTTCTGCCGGCTGGTTTTCAGCCCAGTTTGCAATCAGCTCTCGCCCGGCGAGAGCATCGCCTGCCTGACCCGGAGGCAGAGAATGCCCACCGGGTCATCCGTGTATAAATGGTGTGCCAGGTTCCGAAATGAACAGGTAGGCCGCGCCATTTGCATCCATGCTCTGCCACATAGAGAATGGCATTCAAAACATCAATATTTGATAGGGTTACATTGCCTCGTTGCACTGGCAGCACGCGAGCGATCTTCTTGTATTGAGCTTGTGTCACTTTCGTTAAGAAAGATAATGCAAGTCTTGTTGTATCTGCAGGCGCATAGTGTTAACATGCTCTAGGCGTTTTTCTTCTTTTCGGCTTCGTAGTCGTCGAGGGTGCCGGGGTAGTCGATGATGCCGTCTTCGGTGATTTCGAGGATGCGCGTGGCAAGTGTTGCGATAAAGCGATGGTCGTGCGAGACGAAGATCAGGGTGTTGGGGAAGAGCGACAGGCTGTAGTTGAGCGCTTCGATTGATTCGAGGTCCAGATGGTTGGTGGGTTCGTCCAGCGCCAGCACGTTGCCGCCTTCCATCATCATTTTGGAAAGGATCAATCGGGCCTTTTCGCCTCCGCTGAGTACCTTGATTTCTTTCAGCACGTCCTGACCTTTAAAAAGCATTTTTCCCATAAAGGAGCGCAGATCCACCTCGGGGGTGTCGGCGTCGGAGAAACGGTTGA
CP047593.1_gap56	1435520	1440138	4618	GCCATCCTGCTCGACGTCGACAACGGCCCCGAAGGGCTCACGCATGAAGAAAACGACCGCCTGTATACGCCGGCCGGCCTCGCCGAAGCCAAAGCTGCGCTTCGGCCCGGCGGCGTCCTCGCCATCTGGTCCGCGTTCCCGGACAAAAAATTCACTAAGCGACTTCGCGCCGCCGGCTTCAATGTCGAAGAAGTCCCCGCGCGATCACGCGGCGCCCGCGGCCGCTGGCACCACATCTGGCTGGCTGCAAAGCCATAACGCGGACGAGGCTTCCAACCCTTGGAAAAGAAAAGGCGGGGGTCTCGAACCCCGCCCTGCAGATGCTTGTTTTTGTTGAGGTTAAGCACTAACCGTTTGTCGGTCGAGCGGGTCAATCGAAGAGTTTTTGCCACAAAAAACACAAAACAGATTCTGAATGGGCGGCCTATAAGCCGCCGTCTATTTTTGTGTTTTTTGTGGCGATTAACTCACTGCAATGTTCACCAGTCGTCCTGGAACCACAATCACTTTGCGGATGGTTTTGCCTTCGGTCCATTTTTTGACCGCTTCGTCTTCCATCGCCAGTTTTTCGATATCGTCTTTGGAGGCGCTGGACGGCACGAAGATCTGTCCGCGGACTTTGCCGTTGACCTGCAGGGCCATCTGGATTTCGTCACGGTGCAGCGCGGCTTCGATCACTTCCGGCCAGTCGGCGTTGAGCACGCCGCCGTTATGGCCGAGTTCGGTCCACAGCTCTTCGGCAATGTGCGGCGCGAAGGGCGAGATGAGCAGAACGACTTTTTCGATGGCGTCGCGGAAGACCGCTTTGGCCTGGTCGGAGCTGTTCTCGGAAACCTTCAGTTCGTCGACCGCGTTCATCAGCTCCATGATGGTCGAAATCGCGGTATGGAAGTGGAAGGCGCCGTCGAGGTCGTGCGTAATCTTTTTGACCGATTCGTGCACTTTGCGGAACAAGTCGCGTTCCGGCTTGTCCATTGTATCCATGTCCGGCGTCGAGTCCTTAACCTCTTCGAGCAGGCCGTGGTTCTGCCAGACGCGGGTCCAGATGCGTTTGAGAAAACGGTAGGATCCTTCAACGGCGGAGTCGTTCCACTCGGCCTCTTTTTCGGGCGGGCCGATAAAGAGGGTGTAGAGGCGGACGGTGTCGGCGCCGTAGTTTTCAATCAGCTCGTTGGGGCTGACGACGTTGCCTTTGGATTTGGACATCTTGTAGAGGTTTCCGTCCGGGCCCTTTTTGCAGATCATACCCTGCGTGAAGAGCTTGGCGAACGGCTCGTCGAAGTCGATCAGGTCGAGGTCGTAAACGACTTTGGTGAAGAAGCGGGCGTAGAGCAGGTGCAGAATGGCGTGCTCAATGCCGCCGATATACTGGTCGACCGGCAGCCAGTTGTTGGCGGCGTGTGAGTCGATTGCTTTGGTGTCGTCCTGTGCGTTGAGGTAGCGCAGGAAGTACCAGCTCGAATCCACGAAGGTATCCATGGTGTCGGACTCGCGCCGCGCGGGCTCGCCGCATTTCGGGCAGCTGCAGTTCATGAACTCTTCGCTGGCAGCCAGCGGCGATTCGCCGGTCGGTTTGAATTCGACGTTTTCCGGCAGGCGGACGGGAAGGTCTTCGTCTTCGACCGGAACCATTCCGCAGCGATCGCAGTAGACGATCGGGATCGGCGCGCCCCAGTAGCGCTGGCGGGAAATCAGCCAGTCGCGCAGGCGGTAGTTGATGGTGCCTTTACCGAAGCCTTCGGCCTCGGCTTTTTTGACCATCGCTGCAATCGCTTCGCGGTTGGGCATGCCGGTGAACTCGCCGGAATCAAAGCAGGTGCCGTCTTCGGTGTAGGCATCGTCCATTTCGTCGAGCTTGAGCGTGCCTTCCGGGTTCTGGATCGAAAGCTTGATCGGCAGGTCGTATTTTTTCGCAAACGCCCAGTCGCGGGTGTCGTGTGCGGGGACCGCCATGACCGCGCCGGTTCCGTACATCAGTACGTAGTCGCCGACCCACAGCGGCACTTTGTCGCCGGTGTAGGGGTTGACCACAGTTCGGCCGGTGAAGACACCTTTCTTTTCGAGCGTGTCTGATTCGCGGTCTATATTCGTTAACTTTGCGCTCTCTTTAATGAAATTCAGGACATCCTGCTCCTGCGGGAGGCCGGCGACCATTTCTTTGAGCTGCGGGTATTCCGGCGCGACGGACATGTAGGTGCAGCCGTAAATGGTGTCGACGCGGGTGGTGAAGCAGGATACTACGTCAGACGAATCTTTTGCTCCGTCTTCGCGCGGAACGAGGGCGAAGTCGATTTCGGTTCCTTCGGAGCGACCGATCCAGTTGCGCTGCATGGTTTTCACGCGCTCCGGCCAGCCTTCGAGCTTGTCGAGATCGTCGAGCAGGCGGTGGGCGTAGTCGGTGATTTTGAAGAACCACTGTTCGAGGGCTTTCTGTTCAACCGTTGAATCGCAACGGTCGCAGGCGCCGTCGACGACCTGTTCGTTGGCCAGCACGGTGGCGCAGTCCGGGCACCAGTTGACGTTGCTTTTTTTCTTATAAGCCAGTCCGCGGTTGAACATCTGGATGAAGAGCCACTGGGTCCATTTGTAGTAGTTCGGCTCGCAGGAGGCGACCTCTTTGTCCCAGTCGTAGCAGCAGCCCCAGGCGGCGAGCTGTTCTTTCATCACGGCGATGTTGTTCATCGTGCTTTCGCGCGGCGGGGTGCCGGTTTTGATCGCGGCGTTTTCGGCCGGCAGGCCGAAGGCGTCCCAGCCCATCGGGGAGAGCACGTTGAAGCCGCGCATCTTTTTGTAGCGCACCACGGCATCGCCGATGATGTAGTTGCGGCCGTGGCCGACGTGCAGCTTGCCGGACGGATAGGGGAACATCATCAGGCAGTAATACTTGTTCGCGGTATCTGACAGATCGGTTTTAAAGGTGCCGGTGTCGGTCCACAGCTTCTGCCATTTCGATTCAATTTCTGAAAAAGGGTATTTCTCGTTCATCGTCGCTCCTCGTCATAAACCGCAACAGACTACGGATTTCGGAAAAAACCGCAAGCCGCAACACGTCCGCTTTGGTATTCGCTCGATCCGTTTCTGTGGGGGCGGCAGGAGGAGCTGACGCGGTTTTGTTTTCCAAACCATGGAAAAGTTCTGGAAAGATTTGGCCGGCTGATTCTTAATGAGAGAGTTGTTAGGAGGATTCTATGACGTTTAAAGGGGATAAAAAGGTGGGGCGCTGGCTGCTGGCCGATGGCGAAGAAAACCTCAAGCAATGGCTGCTGCCGAAGGTTCCGGCAAAAGTGGAAACCTACCATCTGACGTTATCCACTCTGCTTTGGTGTATGGGCATCATCCTGTTCAGCTTTCTGGCGCGTTATCAGATCCATTTCCTTTGGCTGGTTTCCTTCTTCATTTTTGCGCAATACATCACGGATCTTCTCGACGGCGCCATCGGCCGTCAGCGCAACACCGGTCTGGTCAAGTGGGGTTATTACATGGACCACTTTCTCGACTACATTTTTCTCTGTTCCATCCTGATCGGCTACGGATTGATGGTTGAAGATCACAATAAATACTTCCTGTTCTACATCCTCATGCTGTTCGGCGCATTCATGGTTAACTCGTTCCTTTCCTTTGCGGCGACCGGCAACTTCCGCATCAGCTATCTCGGCATCGGCCCGACCGAGATGCGCATCGTGTTCATTCTGGTGAACACCGTAATTATCCTGTTTCATGAACGGTTTGATATGACGCTGCTGCTGCCGATTACGCTCGCCGGCGCGACCTTCGGCCTGTTCGTGGTGGTCTATCAAACCCAGAAACAGCTTTGGAGGATTGATATGGAGGCCAAGCGCAATGCTGAAGAATAAACGCCTTCTTCTGGTCAGTTTGCTGTTCGTTGTTCTGGCCGGCGCGGTCCTCGGTCTGAAAGTTCTTTATCCGCACCATCGCCTGATCGCACTCCTGCTGTGGCTGATCAGCTGGATTCCGCTGGTCCGTTCATACCGTGCCAACCAGCGGCTGGTTCGCACCGGCAAAGTTATTCTGAAGCGAAAAGGAAGGCCGTGGGTGCCGCATCTGGTCGTCGGCCTTCTGCTGCTGACGGGGTTTTATGTCGCATGGGTGCTGGTTCCCGTGGAAACCAGTCCGCTGGTTGCGATGAGCTCCGGAGAACTGCAGCGCGAAATTGCCGACGATCTTTCCACGTACTGCATGCTGCGCGAAACCGCCGATGACCTGACTTCGGAGTTTGAACAGAACGGACTGCTCCGTCGTGATGTGGAAACGCTGAGCGATGCCGAACGTCTCGCAATCCGCAGCCTGTGGCGCGACGGCGTAATGGCGTTTCTCGAAGCCGACATGATTAAAGAAAAATACCGCGGTTTTATGCAGGTCGACTACAAAGTCCGGCCCGCGCTGCACGCGGATGCTTTCTTCATCGCCTATGGAGCCTACATCTGTCAGTACGATGCCTGCCTCAGATTCTGCGAACTGGTCGGCGACAATGAATTTATGCAGACCCTGCTCAACGAGCCGGGCGACGGCATTCCGTCCGACAGCTTTTTTGTGATGAAACAGCGGCTCACACACCCGGAGGTGATCCTGCGCCTCAACGCCGGCACTGCGTACTACG
CP047593.1_gap57	1465152	1466523	1371	CCAGTCCAATATGCACTGGCCGATGGAGGGGCGGGAAAAAACCGAATCGACGGAGGCCGCGATTGCTGCCGCGAATTATCCGCAAATCCGGCTCTTCCGCACGCCGTCGAAGTTTGCAGCTCAACCGCAGGAAAACGTGAACGCATCCTGGCAGCTTTGTTCGCCGGAGTCGGCGAGAACCTTTTCTGCCGTGGCTTATTATTTCGGCAGAAAGCTGAAGCAGGATTTAAATGTTCCGGTCGGTCTTCTCCAGTGCGCACTGGGTGCGACCCCGATTGTTGCATGGACCGCTCCGGAAGGGTTTGCGGGCCGTGAGACTCTCAAGTCCTTTTATGAAACCGCAACCCGTTTAGATGGTGTCGAAAAGATAGACCGGTTGACACCATCGGCGCTGTTTAACGCCATGGTTTATCCGCACATCCCGTTCACAATTCGCGGTGCCATCTGGTATCAGGGTGAAGCGGATTACCGCGATGGAAAGCTCTACGTCGACAAAACCCGCGCGCTGTTGGACGGCTGGCGCAAGCGGTGGGGAACGGATTTCCCATTCTATTTTGTGCAGGTTACGCCGTTTGCCTATCCGAATGACAATCCCGAACTACTGCCGGAGTTCTGGGAAGCGCAGGCGCAGATCGTGCAGGACATTCCCGGAACCGGCATGGCGGTTGTCAGCGACTGCACGACGCTGGATAATATTCATCCGCCACAGAAAGAGCCGCCGGGAATCCGCCTTGCCCTGTTGGCCGAGGCCGAAACCTACGGTATGGATGTTGTCAGCACCGGGCCGGTTTTCCAATCCTTGCAAAAATCCGGTCATACGCTGCGGGTTCATTTCGAGTCCGCCGTCGGCTTGACGACCCGCGACGGCAATCCGCCGGACTGGTTTGAGGTCGCCGGGCGCGATGGGGTTTTTCATAAGGCCGTCGCGCAGGTTGACGGTGAGTCGGTATTGGTACAGTCCGAGGATGCTCCAGATCCAGTCGCCGTTCGTTTTGCATGGCATCAGCTGGCGGTTCCGAATCTGATGAATGGCGCCGGACTGCCGACCGGCGCCTTCCGTGCTGAGTTGCCGCGTCCAAATCTACTGGTTTTGCTGAGTGATGATCAGCGGCCGGATACGCTGGGCTGTTATGATTCCAGCACCCCGATCCGGACGCCGAACCTCGACCGGCTGGCCGATCAGGGAATCCGCTTCGAAAACGGATTTGCCTCCAGCCCGATCTGTGTGGTTTCGCGGGCATCGATTCTGACCGGTCGCTATGAATGCAACATGAAGGTGCATCAATTTCATATCCCGATTCCCGATGAAATTTTTGCGGACAGTTATCCGGCTCATTTGAAAGAAGCTGGATATTTCATCGGTGCGCTGGG
CP047593.1_gap58	1468812	1471736	2924	TCGGGGTCATGGACCTGATGCCGACCATTCTTGGCATGCTGGGCCTGTCGGTTCCCGATGTGGTTCAGGGGAAAGATTTTTCGCGGGCGATCCTGACGGGGGATGACTTTGCGTCAACGAGCCAGCCGATTTTCAACTGCGGCGGATGGCGGGGCGTTTATACGAAAGAGTGGACGTATGCGCGCGGAGTTGACGGCGCGAAAGTGGTCGGCGGAGTGGAGATCAACCTGCTGTACAACCATGCCGAAGACCCGGGACAGTTGAACAACCTTTTCGGTGATCCGCGCTATGCGCAGGTTCAGGCGGAAATGGAAAAGATGACGGTGCAGTGGCTGGAGTATTTTGAAGACGAGGAATACACCGGAGTGGACTTTGAGCGGGTCGAAAAAGAGACCGGGATTTCCTGGAAGATGAATTATACGCACCGCCCCATTGATCTGCTGAAAAAGGTTTGCATGGATTCCCGACCTCAAAGAGCCGACTGACTGTCTCGGCATTCTGTGTGGAGCAGTAATGCATTTTAGAAGAAGGAGTGGTCATAAATAAAAGGTTCAGGAACTGATCGCACGCTGGCAGAAACATGAAGACGAATACCTAAAACTGGTTTCCAGGCCAGTTGAATAAATTTTGATTAAAGGCAGGGTGTTATGAAAAAACAAATAGGTTTGGTGTTGATTGCGGCAGCATGTGCGGCAGTTGCAACGACCTGGAATCAGGATGTCGACATCGGCGCAAAATGGAGTGAGGCGTCCAGCTGGAACACCGGTGTTCCTCCCACGGTTTCGGATCTGGCTTTGTTTGATCTGGCGCAGGCCAATACCTATGATGTGGATGTGGATACGTCTGCGATCACCCGCCTGCAGCAGGTGTCGCAGCCGCACACGTTCAGTGGAAATGGATCGATCAACATCACCATTTCGCCGGCCTCGCATTTCCAGAACTGTATGTACAACACGCTGAGCGGCGGAACCGTGACCTACCATGTTGATGTTTCGGTCAATACGCTGACGGCATATTACGCGCAAATGAATAACAACAATGGCGGCACCACCATTTTCAACGGGTCCTTCACGGTCAGTTCCGGGTCATTGCTGAATGCCAGAGGCGGCACGCATGTTTTCAATGGCGATTTGAATTTGGTTGGAACGATGCGGTTGGATGCCGGTTCCGTCATTATCTCCGGAACAGGAAACACGCTGATTTCAGGTGATTACATCAGCACAGCCGGTCCGGGCAGTGAGCTGTACCTGAACCGCTCCGGGGCTTATACGTTGAGTGATCTGGCGACCGGCTATTTGCGGATTGAAAGAACCAGGGTCTACTTTGGAGCGGACCAGGCGGTTGTGGACGGAACAGACGTGAAAATATATCAGGTTTCTGCAGATGCCGCGCTGATTTCCAACGGGGACTATGATCAGAACTTCGGCGTTTTATATATGTTCGGCACCAGCGGGCTGGATGCGCAGATGGATATGAATAACAGCGACTGTGTCTGGACCTTTGAGGACTCCTCCGGAACGACATGGACGCATGATCTGGTCATTTCCAATGTCGGGAAGAACACGGAGATTCGCTTTGCAATGGATGGTGGCACCGGTTTGACGGATGAGCAGATCGGGCAGATTACGCTGAACGGAGTCGCGCTGACAGAAGCGGATGTGTTTGTGGAGGACGGTTATCTGTATCTCTGCAAAAGCGAAATGCCTGTGGAACAGAAAGGGTCGACGGAACCGGTATATGTCGGCTATTACCGTGGCAGCGCCATGGAGCAGGGCATCTATCAGTTTACAGACCTGACCGATCCGTTGGGGACGGCAGCGCGGGTCGGCGAATGGCCGTTCCCGAATCCGACCTGGCAGAAGATCGGATTTGATGGCGATCAGTATTATGTGCTGAACCGCGGTACGAGTTTCGGCGGTCCGGGGCTGTCGCAATATGATGGGGATACGACGCTCACCGAGATCAGCGGCAGTGACGATTTTGCGGACTGGAATGGAGTTGGAGCCTGCAACGGTGTTTGGTACGGCCTCTACACCGGAAGTGGTTTGAATGGTTCAGGGCTTTATATGTTCATGGACGAGACTGATCCGGAAGGAACGGCTGTGCAGCTGTTCAGTGGACAGAGCTTTTCTTCCAATGTTTGGAACGATGTCGCATTCGACGGCGAGCGCTACCTGTTTGTTCAGCCGGCTTCCGGCGGTGATCCGGGCATTTATGAATACGATCCCGATGCGGACTCGTTCACGAAAATCAGTGGGTCGGAAACCTACGCCGATTGGCAGGGGCTGGCGGTTTTCGATTCCGACATCGCGCCGCTGCGGAACAAAAAAGCCTACGTGCTTCTGTTCGGCGGGCAGTCCAATGCGCTGGGCTGGGGCTATCGCCAGTACCTGCTCGACACCGGAAATCCGCTCGCCTGGCCGCAGGCGGATATCGATATGCTTCATGGGTTGAATCTGGTTGTGCCTCAGGACACGCTGGTTCCTCTGCAGTCCGGAACCGCTAATATTGTGGTTAAGCCGCTGCCGAACCATTATCCGGATCTGACCGTAGCGCCGATCAGCCGCTTTGCGGCCGAACTCAGTTTTGCCCGCAGTGTTCGGGACCAGCTTTCTCTTCCGGACATGCGGCTCGGAATCATAAAATATGCAATTGGCGGGACGACCCTGTATGAGACCAGCGACTGGTGGCCGGACGGCACCGCCGACCGTTCGGCGGACGGAACCCGCTACCAGAATTTCCAGAAGACGGTCTGGAAAGGACTTGCCGCGATGAAAAACAAATATCCGACCCACTCGGTTGAGATTCTGGGAATGGGCTGGGTACAGGGAGAGTCCGATGCCATCGAAGGGCAGGGCGAAAATTATGAAGCCAACCTGACGCGGTTCATCGCTGATGTGCGGGCGACCTTCGGCGTCGCAGAC
CP047593.1_gap59	1483993	1488581	4588	AAAGGGGTTACTTCAGGCTGACCCCAGTGGGGTTCAATTGCCCCACCTTTTCATGAATCAGTAACTATTAAACATCAGATCATTTTCGAAATCCTGATCCCCTGCTGTTGTCAGGTACTCCAGTTTTTCGATCAAGTGCCCCGGAATCCGTGCAGTTTTAAAAACAGGAAGAATCGGACCGCCATCACGATTTTTTGGGTAATACACCCCGTTCTCTTCCACACAAAGTGTTGCCTGAGAATCGTATCCGTTAAAGTCTCCGAACACGATATCGATATCTACCGGCACATCCGGTTCCAATTCAAACCAGTCACCGACAATCACCGAGGAACGGCCCTGATAGTATTGAAAACTTTCTTCAGAAGAAGATCTCCAGTCCGTTAAAGTGTCCCGCAAGCTCTTCCAGCCAAAAAAACCAACCTCCACGGTGTTGATCCGAACAGCCAAAACCGCAAGCCCCCGCCCCCTCAAACGATATTTTCCTCCGGGTTTGGACTTAATCTTTCCCGTGTAATGAACCAGCCACTGCTCAGTATTCAATTCATCGGGAATCCCGAAACTTCTCGGAATCTGCTCAAAAGGAATCGTCGGCAAATAAATGAATGTTGTGTAAAGTTTTTGTGGCCAGCGGTAATATGGGGCTAAAGAACGTGGGTTCCATCCAGACTGAAAAAAACGCTGAAGGATTCTTTCATATGAGTCGCTGCTTGGTTTACCACTGCGATCAAGAGACAATGAATAAAAGGTTCCTTCCCAGTCATTACCAACTGCCATCGAACTCTTTGCTCCAAGAAGTGTTATCTCAGATGGATCCGGCATCATTTCGAAACCGCCAAGATCATTACCCAGCCCCATGGATATGCCAGAAATCTCCGGCAGCTGTATTTGAGTCATGCCCTGTATATTTTTTGAAACAATTCGTGCTGAAGACGTTGGACGGACTCTTTTTTTAACTTTCACCTTTGGCTTTTTCAGTTCCATTTTAGGGCGTTTAACCGGGGGCGGTGGCTCAAACTTTTTTTCCTGTTTCTGAACCATTGTGAAGACAACAAGACCACCGGCAAACAATAACATTCCAAAGTGAACGAACGCACTGAAAAGAACAGCGGTCGGTCCCCCTTTAATTAATCCCCGGGTTTTATTGGTTGTTTTTTTCATCGTATGCATCTCTTGTTTCAGTTCCTGAAATGCCTGCTAATATTGTTCTGAACGCTTAAACCATGGAATACGGGGCGGTGAAATTTTTTTAAATCCTTCTTTAAATTGGCAGCTGTCTGGAGACCCATATCCCTGAGAATACAGCACTCTCAACTTCTCTGCTGAATAAGGCAGGTCGTTTTCAATCCAATCAGATGTCCCGTTTTCCTTGCAGGCAATTATGCGTCCATTGGAGTCTGAGACGGTTACAATATATCCCACATACTCTTTCCCTCGTTCGGCCGCGGAAGAAAGCTGGATATACCCGGCAATAAAATGTTCAAAACGAACATCATCGACGGTAACCTGACAGAAACTTTTTCGACCGTCCGGCAATTGGCACACAGACCGGCTATAATGCATCAGCACAAAGAAATCGTTAGACCCAACAGCCAAATCCTGCCCGATTACAAAGAGTTCGACGGTTAAATCTCCCCTGTAATCCAGTCGGCTTTGTTTCGTCAGAGTGATAGAGAATGTGTAAAGCGTGGTATAATAATTCAGGCTCGACCAGGCAAACCTTGGAAGTTCACGATCTTTTTTTCGAACGGTTATTTCCAGCTCCGGAGGAACATGGGAAGACAGATATTCCCGTTCAGATTTCGATAAAGAGTCCAACGATACCGATCGAGTTTTTCCGTTTACATCTCTGATATAAACACGCCCAAGAACGACCTTGGAGAGCTCTCCGGCAAAACTGTTTCCCTCCGAATCTGTCCACATCCTTACTTCCGCAGAAACAAACCCGCACAAAACTACAAACAAAAATAATCGTGCTCTCATCAGAAACTCTCTTGGGACCGCGTTCTCGCCCTAAGAAATCGGTTCATTTTTTTACATTTATCATTCAAGGAAAGTGTTTTTGTCTCCGCCACCTATGATTTAGATATAAAATCACAAAAAAAGGTTAACCATGAGGTCCAAAACCTTGACCTTTATGTTTGAACTGGTTCCCTGACAAACGTCCTGATCGAAAAAATCTGTATTTTATCCAGAACTATTCCAGAGATTCTTTTTTACGTATCTCTTCCCGATACTCAACGACCATTGCTCGTCGACTGTTCAGAAGTCTCTGTTTGGGCAAAGAGTCAAGTTGCAAGGCGGTATGATCCTGAATTTTGATCAGGTCCTCAATCATCAGTTGACAACAGGCAGAGCAGGATGAGGCGGACCGCGGCACACGGAACGGTAAGTCTGTAATTTTTGAATACTTCCCGGCAGAAGGCGGCAGCAGGTGTTCAGGGATGAGCCGCTTAAAATAATCGACCGGTTTGAAAAAAATCAGCCGAATTTCTCTGCTCTGAAGCTGGATCATTTGCATTGCCGACCAATGTTTCCGGCCGAGAGAGGCCGCGTGAAATTCGCCGAGAACAGAGCGAATCTGTTCATGCGAAACGGTACCAAAACAAGAGCAGTCTTGCGGCAAAAGCAGGGCCGGAACTTCTTGAGAACTCTTTTAGCTCGGCGCGGTTCGCCTCAGTACCTTCCTTTGCGAAAATTTTAACTCCAACGCATTCGATATTCTCTTTCAAGTTCTTCTGCCGGAAAAGCTTATCAGGAAAAGAGATAAATCTTATCGCCAAAAGATTATCTGAGAAACCGGGGAATATTTCAGCCCGAATACCGACACGTCATGTGCACTTAACCATGGGGGCGCATGATGAAACAAAAGATACAATTGGGGTTTTTTATTATATTTACTACAACACAACAGATTTTCGGTGTCGGTCAAATTCAGGTTTATGCCTTTGATTCGTCACTTTTTCAAACGCCACCACCCTTAACAACAACGACTCTGAACCAGAGTAATGCGCTTTCTTTTGCAGAAAACTTTTCTGTTCTTTTTTCCAGTATTGAATCCGGCATGTACACTGTGGAGGTTGCCACTGCGGCCAGCGGGTACCTTTTGAGGGAAAGCCCGGATGATCCTAATGCAATCAGTGACCCGGAGTCTCCTTATGGAAACCCCAAACAGGTTCAGGTTACTGACAATTCGACGACGACAATCGGGTTTTACTATGATCCTGTCATTACTGTTTCCGCAACCGTTAGGGATGCGTGGACCATGGAGCGGCTTGAGGGCGCAGCGATAGAGTTCATCGTACAGGCTTCTACAAACAGTATATCGGTCTGCAAATATCCCTGGACTGCCAGTTATGCATCCAACTGGACCTCTCAAATCAATGGAGCCTTTCCCGCGAATACAATTCTTTATCTGGAAGACCGCTATGATTTGAAAATCTCTATGGCCGGATACCAAACATTTATTTCGAACAGTATCATTACCAACGCTTCAGCCGGAGACACGTTTGATCTGGGCGACATTTTTATGGTTCCAGTAGACATCAATACGAACCTTGTTGATGACTTATGGGAAATCATCTATTTCGGAACCTATGTGTCAGCAACTGCGGATCCGGACTGCGACGGGGTCTGCAACCGGGATGAATATCTGGCAGGAACCGATCCGACGGGATCCGCCAGCGTTCTTCACCTGTCCCAGACAGTCAGCAACGATACCCTGACACTGACATGGAATACCGAACCGGGCAGATCCTATCGCGTTACAGGGACAACGGATCTCAGTACCGGCACATGGGTTCAGGTGGGCGGAACGTGGGAAGCCACCAATGGGCAGTCCTGTATGAGCTGGACTGAAACCAACATGCATCTGAGCTGGCAAAGCAGTTATTGCGTTGAAGTGGTTCCCTGCTATTGGACAGGAACCAATCAGGTTCTCATTCGCACAAATGACTGGCCTGCGGGTGGCAGCGGCGGGGGGACCAATTCATGGCCGGGGCTTCCGCCGCTTCCTTGAAATCTGGTGTTTCCAGGCATTGGAAAGGTACGGTCTTGTTTTTCCCGTATGTGGAAATTCAGAAATGCCAGATGGCGGAAACAAACAGCTGATGTTTGGATACATCGGATGTCATACCCTGTCCGGGAATCAGGGAGCCCATCACGTCATTGGCGCATTCAAATGAATACGCAACGTCCAAAATCAGGCGTCCGGGTTCTTTTCCCAGAGAAATTCCGGACCCCAGCGTGACCCCCCAGTATTCATCAGGCGATCCGGTTGCGGGGCGCTGTTCCCAGAACAGTCCGCCGCGCAGCGGAATTTCTGTCCAGGAAAGCACACAGAGATATTCGCTGCCGAACCGCAAAGACCAGCAGTCGTCCGAGTTTGAAGAAGAGTAGGACTCGCCATTGAGCGGATTAATCCGTTCCTCACCCTCCGCTTTGTAGCTGTAATCCGACCAATAGGTGCGGCTGGCATCCAACGAGGAATAAAACCGGTCATTCCAGCGCCATAAAGCGCCCACGGCCCAGTACAGTGGAAAAGTGTATTCTACATCACGCTTATCGGTTGCATTATAATAGTTCTGAGCAA
CP047593.1_gap60	1493749	1497777	4028	ACCTGTGCTCGACAGCGGAATCCGTCACAGTGTATTTGCACAGGAGTTGCTCAACTATCTTCGCTATGCTGAACAGGAGTTTTTTTCGGCATCCGACATTGCCGTTGCCATTCGCTCGAAGGTCAGCCGTTTGACCGGACAGCTGGTGCGGATGGGGCCGCTGCCTTCCCCGGCACACGCCGGCGGCGAATTCGTTTTTGTCCGCTCGGGCAGCATTCTGGCTCAGAACACAGAGCCTGTGCCGGATCCGGCGGTCTTCCGCAATGCGGAACCGATCGGAACCCTGCAATCGCTTGCCGACCGGATTGAAAGCGCATCTTTTATGCGGCCGCGGGTTCTCGCCTGTCTCGGGCCTTCCGGTGACAATGCCGAGGAAACGGCAGTAGTTCGCAGTCGGCTTCAGGACGCTCTCCGGTCCATCGGGGGAACCGTCCTGGTGGAACGCGAGGCCTTTGATGACCTGCTGCAGGAAGTTGAACTTGGCAAGTCCGGCATGGCCGATCGACGCGCGGCCATGGAAATCGGGAGACTTCTGCCCGCCAGCCTGATCCTGTTCGGAGAAATGGTTCCGTTCGACGGCCAAACCGAAATTCAGCTTCGGGTTGTCGATACAGAAACCTCTCGTGTGCTCAGCGCTGTGAACGAACCTTTTACAGATCGAAGCGATCTGGATTCGGCCTGCCGCACCCTGGCCGAACAAATCATGCAGGCGGTGGATCGCGCCCGGCCGGTCATTATGCCGGCCCGTCCGACCGACGATGGAAATCTGACGGCGGGCTGGGGTCGCTTTCATGGGGCTCAGGTTGGTGATACGTTTGCTATCATTACCCGTACGGGCATCGGAACCATCGCGCCGAAAGAAACCGTATGCGGCACTGCAAAGATTCTTTCTCTGGGAGAGGAAGAAGCCCTGTTTGCTGCAGATTGGAGTCGTGCGGATACCAACCGGCCAGCTACGCAGCTGTGGCTGAAAGCAACGTTCTGACCATTTGAAGATCATCCGGGCTGTCGATGCCTCGTCGGGCTGCGCGACGCATAAAAGTCACCGACGTGTAGAGCAGATCCGACCCTTTCTTAAGATGCAGTTTTTTCCGAATGCGATCCCGATAGCTTTCGATGGTCTTCACTTTCAGATTCATGATTTCTGCGATCCTCTTCGTGGCATATCCGCAGCCGGTTAAACAAAACACTTCTGCCTCGCGCCGGGAAAGTGTCGGGAAATCAGGGACTGCATCGCCCATTTGCCGGCGACAGCGCTTTGCCTGTGGGCTGATGTATTGTATTCCGCGGCTTACCATGCGAATTGCACGCATCAATTCCTTCGATGTGTCTGCAGAAGAAATGTATCCATCGGCTCCGGAGTCCAGAGCCGTTTTTGCATACACATCCTCGTAATCAGATTTGCATGAAAAAGCAAGAATGCCGATCCAGCTGAATTCGCGCCTTAGGCGGCGAAGCATCCTCAGTTCCGAACTGTGTTTCTGTGACACGTTAATCAAAATCATCTGAGGACGATATTCAAAGATCAGTTCCTGCAAATCGCTTCCGGCAGATGTTACGGCACAAACATCGACCCGCTTTTCCCGATGCAGTTTCTCCACGAATTCATCCCGAAGCGGACAATTCCCCTGCAGCACAACAATACGTGTAACATTATTCATTTTACCCTCCCGATTAAGTTGCTCTGTCTAATCAGTCGGAATACGTGGGGAAATCTTCCCCGAAAAATGAATAAAAATCGTAGTTTTCCCTACAAAGCAAAAAAACCCCGGTAAACCGGGGTTTTTAGCAAGGCGATTAAAGCGTTATGTGATGAGAAAAGAAACACGGCGCTGCAAGAAGCACCTGCCAGGCAACCTTGGCCGTATTGAGAAACGCCACATCAGAACAGCAAATCGCACAAGAATCAGATCATCAGTAAAATTAATTACTGCTTTTCAGACAGTGTAAGCTTTTTACCGGAGTCAATCCACTGCTGCAGAATGATCTTACAATATTTGCTTTTGCTGATGTGCATCGAGCTCGCACGTTTTTCCAGTTCATCAGCCATTTTCTTATTCATGTTGATACCGATCGTTTTGGTACCCTTTCCAATTGGATTTGTTGCCATGTTGTTTCCTTTCTTAAAATTGAGACAGGATAGTGCCATTTCCGAACAAAAATCAAATCTTTTATGGGGATTTCCCCCGCAAACAACAGCGGTAATGGCATGAAAATTCTGTAAGCTTGCAAATCTACTGATATTTTTCGGATTTTATAACGAATTTCTAATCCAATCGAGAAAGTCGGGGTTTCCTCCTTCGAGCGATAGAAAAACAATGCAGGGACACTCGTATGAATGCATTTCTTTGATTCGTACAACCAGTTTTTCAGATTGCTCCGCTACTGTTTTAAGTAGGAGCAGGGTTTCATCTTCGCGGCAAATGCTGCCCTGCCACTCAAAAACGGAACGGACTCCCGAAAGGATATTGGCGCAGGCGGCCAGCTTTTCTGTCACAACGGCTTCCGCAATTCGTTCCGCTTCCTCGCGGCTTCCCACAGTAACATATGCTAATTTTATATCCATTTGATGACGCATGCCTTCAGTGTATTTGCGTCGTCGGAATCCACCAGCGGAAATTCAACCTAAAAAACGGCTGTCATTGCCGGGTTCTTTGTCAGTTCCAGGGGTTCGTTCAGCTTTTCAGTCATCGTATTTTGCAGGTAGATGACGTCAATTGGCCCTGCCGATCCGGGCGGTTTTGTCTAAACGCAGGAGACAGAACGGTTTCTTTGCAATGGAAGCCTATTGCCCGTACGCTCACGGATTGTTCCGTTAAAAACGAAGAATCAACAGGGCCATGAGGACAAAAAAGAAACCCAGAAGAATCTTCGAAACCGCGACATTCCTGCGGCTCCAAAGAATCAGTGTTTGTGCACGAAGGCCAAAGTATACCGCTGTAAAAATCAGTACCAGCGGGAGAACAAACAGTAAATTATACACAATCAAAAACAGCCAGGCCCGGGAATCTGTCAGCGCCTTATCTTTCAGAATCAGCACCAGCGTCGGCACGTAAACCTGACCGGTGCAAACGCTCTCTAATGCAGTCACCAGCATTCCGATAAACAATCCTCCCAAAACCAGATGTCCTGTTTTCAATCCACGACGCATTACCGTATGGATTCGTTTTTTCATGCCGGTTGAGAGCTGAAGCGTCACGTCATGCCCGTCGTGGCTCTTTCGGAAACGAAATGCATCTCGAAATGACAGTACCGACAGGACCAGAAGAATCGCGATGGTTCCCCATTCGATCGCAGAGCGAATCATTTTATACCCTGCGAAAAGATGCAGGACACGAACCAGACCAAAACCCAAAGCCAGATACGTCACAAATGACGCTGTGCAAAACGAAACCCCCAAAAGTATCAGCTGCCGATTCCGCACTTTGGAAACAGCAAGCAGACTCATAAAAAAGACCAGCGTCGAAATCGCACAGGGATTAATTCCATCTAAAAACCCTGCAGCAATTACTGCCGGCCATGTGAAATCGCGGAATCGTTCTTCAGCGATCGAAGAATCAAACCCGTGGCCGCTTCGGTTCGTCATCGCATCCTTTTGAGAATCCTCCCGAGTCTGTCCGGCAAGTTCAGAAATCACGGCAAAAAGCTTTTCTACATCAGGCGACGCGCCAAAAAAGTGCTGCTTTTCTATCACCAGATAAGATCGATCTGCCCCCGTATATCCGGCGGCATCCTCCAGCTGCAGGAGGTACATAAAATTGGTTTCAAGCCCAATATCATACGATTCAACAGCACAGGAACCGCCAAACCGCTCTTCGATCCGGGGCAGAATCTCCTGCTCAATCCGCTCGCAATCCCGACAGCCCGGCTCATAGAAAAAATCAATCTGCACTGCACCCTGCGTGAGCCCGCACAGACACAACACAAACCAGAACTGTCTAAAAAACCCATTCATACTGATAAAGGGTCTGGTTCAGCCACTACTCGGATGCTGTCCGGCGGAGACGGGCAATAAACATGCCGTCGCC
CP047593.1_gap61	1499713	1502560	2847	GCTTCCCGAGCTCCCGTCCCGGCAACATCATCGATCTTTTCTCCCGTTCCGGCCTGCGGCTGATCGGTGCACAGGTGCACCGCATGAGCATGGCTGAAGCCAAAGAGTTTTACGGTCCTGTACAAAAGGTTCTGCGCGAAAAGCTGTGCTGCAACACCACCGAAAAGGCCTGCGCAATACTGGAAGATGAATTCGGCTTCCCGATGCCCGACAATGTTAGGGAAGCGCTGAACCAGACCCTTGGACTGTCTTATGGCGACCACCAGTTCTATCGCATCATGCAGTTCATGACCGGCCTCTGGCTGCCGGATGTTCCGGAAGACGAGATCGAAGAAGACGGCACCGTCCGCTGTCTGGTTCTGGTTTATGCCGGCAGCGATGCGGTCAATAAAATCCGGACCATCCTCGGTCCGACCGATCCGAGCAAAGCCCAGCCGGGATCTGTTCGCAAGGAATACGGAAGCGACATTATGGTCAACGCAGCTCATGCGTCCGACTCGCCGGAAAACGCGAAACGTGAAATGGGAATTCTGAAACCGGAACGCAATGCACTCAAGAAATGGTTTGATCTCTACTATTCGTAGTGCGTATTGAGTAGTGCGTATAAGAAAAAGAGCGTGCGCAGGACGCGGCACGTCAATACGCAGTGTGCATGGAGACAAGTTATGTGGAACAATGTAGAAGCCGCCCCCGCCGACCCGATCCTCGGACTGACCGAAGCATTCAAAAGCGATTCCCGCGCCGACAAAGTCAATCTCGGCGTTGGAGTCTATCAGGATAAAGAGGGCTGTACGCCCGTCCTCGATGCGGTCAAGCAAGCCGAAAAGATCCTTCTCGAAAACGAAACCACGAAATCCTATATGCCGATCAGCGGAGCAACCGCTTACGCAGCTGAGGTTCAGAAAATGATCTTCGGCGTAGAAAGCAACCGCGCCGCAACCGTTCACACGCCCGGCGGAACGGGGGCTCTGCGCCTCGCGGGTGAACTGTTCAAGGATTTCAGTTCAAAGACCGTCTGGGTCAGCAATCCGACCTGGGCTAACCACAAAAACATTTTTGCAGCCGCCGGCCTGTCCATCAAAGAGTACCCGTACTACTGTCCGGCAACCAAGGCTCTGGACGAAGAGGCATTCTTCGCCGCGCTCGAAACCGTTCCGGCGGGCGACTGCGTTCTGCTGCACGTCTGCTGCCACAACCCGACCGGCGTCGACCTTTCTGTTGATCAGTGGAACCGGGTCGCAAAACTCGCCGTCGACAAAGGATGGACCGCTCTGCTTGACTTCGCCTATCAGGGGTTCAGCGTCAGCATCGAAGCGGACCGCGCCGGCGCCGAAGCTTTTCTGGCCTCCGGCGCGGACTTTATGGTCGCCAGCTCGTTCTCGAAAAACTTCGGTCTCTACCGCGAACGCACCGGCGCACTGACCGTCGTCGGCACCAACACGGACGCCGCGGCGGTTGCCATGAGCCACATGAAACGCAACGCACGCGTTCTGTGGTCGAACCCGCCGGCACATGGGGGTCAAATCGTCACAACCATCCTGCAGAACCGGGAACTCTCTCAGCTCTGGGTCAGCGAGCTCGGCGCCATGCACGACCGCATCGCCCAGACCCGGGCGGCTCTGGCCGATGGTCTGGCTGAACGCGGTGTAGCGATGGACTGCTCCTTCATGACCGCCCAGAAAGGAATGTTTTCCTTCAGCGGACTGACCAAAGAACAGGTCCACTTCCTGAAAGAGGAAAAAGCCATTTACATTGTCGATTCCGGCCGCATTAACGTCGCCGGCCTCACCTCCGGCAACCTGGACCGTGTCTGCAATGCCGTCGCCGAAGCGATGAGCCGCTGATTTTCCGTGCCCGGGAACACTCCGCCCCGGATTTTCCGGGGTTTGGAAAAGAGTTTTCCAAACTCCGGAAACCGGCTATTCTTGTATCGAAACGTGGAGGTCGCTTTATGAATGACAAGCTGAAACAGCATCTGGAAGAGTTGCAGAACGAACTGAAGAAGATCGGTTCCGAGAATCCGGTACTGAAAAAACTGGGCGGCGATGTGGATGCCGCATTGGAACAAACCGGCGAAGTTTCCCGGACGCTGGCTCATTCGCTGCAGCACGCCGCGGAGGAGTTTGAAACTCACCATCCTCAACTGACAGCCATAATCAACAACATCATGACCTCCCTGAGCAATATCGGGATTTAAAATCCGAATGACGAAATACCCGAACACCCGAAACCGGCAAAGGGGGCAGAATTCCTGTTCTGGAACTTTGCCAATGTTTGGAATCTCGTGCTTCGTGCTTCCTGCGTTTCTGGATTTTCCAGGCTTTGGGTTCTCTCCGGCATTTATATCTCCGGGAGGCAGTGAATTTCTGCTGATTATGCTGGTGCTGATTATGCTGTTTGGTGCCAAAGATGCGCCGCGGATTTTCCGCGGCATCCACAACGCGCTGGATAAACTGCAACGCGCCGCGGCCAGCTTCCGCTATAAGATCATGTACGGCGATCTTCACCAGGACACACCCTCGGACGATCTGTATGACGTGGATGCAGACTATGTGGATGCAGATGATGAACACGAATGGCAGGAATGCCCGGAATCCGAAGAACAGGGTTCTGAATCGGAACCTGAAAAACAGACAGAGAGCCCTGAGTCAGAAAGCTCCAAACCAAAGGCATGAAGAACCCGCTGTCCAAACTGAGGGAAAAGCTGAATGCCGAGGATAAGGAACAGCCTTTCCTGGAGCACCTCGAAGAATTTCGCAAAATGCTGATTTGCTGCCTGATTGCGGTTTCTGTCTGTACTTTAGCCTGCATTCCCCTTGCCCGTCCGCTGCTCAACTGGCTGCAGGC
CP047593.1_gap62	1587801	1589925	2124	GAAGCGTATCCGGATGAAATGCTGTTCCTGACGAAGAACACGGAGCGCTACCGCTGTGATGAACAGAAAGCCAAAGCGGCGGCCAGGGCCTGCATGCCCAACCTGAACAAACTGGCTCAGAACGGCGTAACGTTTATGAACGCGCACGTGACTTCGCCGGTGTGCGGACCGTCGCGCGCCGCGCTGATGACCGGCCGCTACCAGCAGCGTTTCGGCGTTTACGACAATTGCGATCTGGCGAAGGCCGGGGTTCCGCTTTCGGAAACGATGCTTCCGGAACTGTTTCAAAAGGCCGGCTACCGCACGGCGATGATCGGCAAATGGCATCTGGGTAAAACCACCAAAACGCCGCTGCCGGTGCAGACGCATGACTATCACAAAAACGCGATTGCCGGCTGCATCCCGGAGCACAATCCGATCAACCGCGGGTTCGATCACTATTTCGGGTTTAATTCGTCGGGCACCACCTATTACGATTCGCCGAGCCTGTTCCGAGGTTTGGAAAACGTAACGGCGCAGGGATATTCCACCGAGGAGTTCACGGACGATGCCGTCCGGTTCATTGAGGACTCCGGCGAGGATCCGTTCTTCATCTTTCTCGCCTACAACGCGCCGCACATTCCGCTCGAAGATCCTGCGCCGCAGAAGTACCAGCGTTTCGATACCGGCAACCCGGAGGTCGACAACTATTACGCCACGCTGGCGGCGGTCGATGACGGCCTCGGAAAAATTTTCCAAACCTTGGAAAAAAGAGGCGAGCTCGACAACACGCTGATTTTCTACCTCAGTGACAACGGCGCGGTGATCGATTCGCCGCAGCCGATGAATGGTCCGTTCCGCGGCAACAAAGGTAATTTCCATCATGGCGGAATGCATGTGCCGATGATCGCCCATTGGCCCGCCAGGCTGAAGCCCTCAAAGCATGAAGCGCGCGTTGCATCCATTGATGTGATGCCGACTGCACTGGCTGCCGCGGGTATTGAACTGCCGGATAATCTGGACGGGGTTCCAATGTTTGGAACAACCGAAGATTCGCACGAAGCCATTTTCTGGGCCGGGCCGGAAATCATGCACTGGAGCGAGGACAACAAGACGTTCTGGCGCGATTACTGGGAGTACGTTACCGAGCGCACCGACGACGCGCCGAGCAGTCCGCTGAAAGCGGGCGACGCATCGTGGGCGGTGCAGAAAGGGCCGTGGCTTCTGCGCTGTAATGAAGTGACCGGAAAGACGGAGCTGTTCGATACGTCCGTCGATCCCGGTGAGCGCAGCGATGTTGTCGCGCAACATCCGGAAACGGCCGCCGCTTTGCGTGATGAATACAAAGCATGGGCGGCCAACCTGGGCAAGCCGCTTGTCTGGAGCGAGGAACAGTATAACCGGTTGGTGCAATGAGTGCGGAAGATAAACTTTCATGGTGGCGCGAAGCCCGGTTTGGAATGTTCATTCATTGGGGGCTTTATTCGATCCCGGCGGGCATCTGGAACGGACGTGAGATCCCGGGGATCGGTGAGCAGATTCTGCGCTTTGGGCAAATTCCGATGGCGGAGTATGAGAGGCTGGCCGCTGATTTTAATCCGGTAAATTTTGATGCCGATGCCATCGTGAAGCTGGCCGTCGATGCCGGGATGAAATACCTGGTTTTTACTGCCAAACATCATGACGGGTTTGCCATGTTTAAGTCGGATGCCGATCCGTTTAACGTGGTGGACGCCACGCCGTTCGGCCGCGATGTGGTCGCCGAACTGGCTGAAGCCTGTGAGCGGGCAGGTATCCGGTTCTGCATCTATTATTCGCAGCGTCAGGACTGGCATCACCCGGACGGCTCATGGAAAGAGTGGCCGGAGCAGCATCCGGTTCCGTTTGATGAGCGCGACGTCGACTTCAACCGATGCATGACTGAAAAATGCATTCCGCATATGAAGGAGCTGATGACCCGCTACGGAAGAATCGGTCTGGTGTGGTACGACACGCCGGTCGACTCAACACCGGAACAGAGTCGTGCTTTTACGGAGCTGGTTCATGATCTTCAGCCGGACTGTCTGGTGTGCGATCGCGTTGGCACCGGTTTCGGAGACTACGCTGTGCTTGGTGATAATGAATTTCCGTACTGCAGTCGGAATA
CP047593.1_gap63	1646811	1647888	1077	GGGCAGTGCGGTGGAACTGAGTCATGAACTCGAAACTGTGGAGCATACAGAAGAGGTGGCCGGCGGCGAATACACCGGAATCTGGCGTGGTCCCGATGTGGTGGATCTGCTTCCACACGGCGACCCGCTTCGTCTCTATCAGCGTCGGGCCGATATGCCAAAAGAATATCCGGAGGCGTCTCAAAGGGGTGGCGGTAAAGGGTTTAATATGGCGCCGACGGAACAGAAACGATAGCGGTAGTTCCGGGAGGGAAGCCGTCGTGTTCAAAAGAGGAAACATGATGAAAAAATATAATGCTGTTGGTTGTGCCGCAATCGCGGCCGGTCTATGTGTGGTTTCGGCTGCTGCGCAGTCTTTTGTCGACTGCTTCGACAATGGCGTCGTAGCAGAGAGTGATTCGATCTCACGATTTTGGCGTGAGGCGAAGTCTGCGGACTGCGCGGTTTCGGAAAATGCTTCCGCGCTGATTTTGCGTTCAGAAGGAGCTCCCAGTCGTCGCGCCACGATTCTTTCCAAAAACATGGATGAGGCCGATTTTTGGTCTGCTCCGGTTTCATTGAAAATCATCGGTTTTTCGTTTGATCAATACGGCGTGACTGCGGCGGATACCATCTTTCACTTCGGATTCACGGCTCACCACACTGAAATGGCCATGCGAAATATGAAGGACCTTTTTGTCGTCAGTTTTCGCAAGAGCGGCGACCTGAAACTTGCTTGGAATACGGTTGAAGGAGTTAATCCGGAAGACGGGAATATATTACGATCGGAAACCGTTTCGGATGGAGCAGATGTGGATTCGTTCGACTTGCAGGTTAACGGCTCCGGCAAAAAACTGGTGTGGAAACTGATTCTGGGACGCAATGGCAAATTGGAGGCCTTTTCGGGAGAACTGAGTGCTCCCGATACGGAGACGTTGAAGGAGGCGTGGCAATCTGCCGGACGCAGCCGGATTGTTCTGGAGTCTCAAACCGGCGGATCTGCCGGCCCTGGCGAATATGTTGAAGTGCGCATTGATCAGGTTACGGTCGATCTCGGAAGTGAGTAAAGATGGATTATATTTCTCAACTGAGGAGTTT
CP047593.1_gap64	1649303	1650169	866	ACCGACGACCTATGTGCAGATTTATGGGAACCAGACCGGAATCTGCCTCGATGTTCAGCCGGGGGAAGTGGCCAGCCAGACCTATAATCCAAACGTCAAATATTATTAGAAATGGAACAAAGACTATTATATGGGAAGTCAGGGCGTAAAGACATGGCTTTATCCATATCATACCGCTTATTCCAATTCGAATCCACGTCTACAGTGTTCATTTGATGCGGCCGTCAAGACGTCAACCGGCTCTGGGGTACGGCATGCGAATACTGCGTTTCAGTGGCTGGATGAAGAGTCCGGAACCATCATTTATGTTCAACATTATATCTATGACAGCCGCAGTACAATCAACGCGGTCAGTTCCGGCTACGATCCGAAAATTAATCAGCTCTGGATTGCGCAGAAACTCGGAGCGGCCGGCACCTATCACGGTACTCTCTCGAGCTCGTCAGTTTTCACCAACGGAGTGTGGTTGGATTATGAGTATTTCGGAATCGATCAATCATGGAACCATTTTTCCACCATGATCAGCTATCTGAACAACAAGCACGGCATCAGTCTCGGAACCGACCGGGACAAATGGCGGCTGGTATATGCCACATTGAATCTGGAAATGCAGCAGGGCTACGAAGGATGCCTCGCCGGCAAGTTCAGGAATATGGAGGTATGGACCCGTTATTGAGTCGAACATAAAAGAATAAAGAAAGAAGTACAGTGATGAAAAAACAGAGTATTGGTGCAGTATTGTTTATCGCGGCCGGATGGTGCTCAGCATTTGAGCTGATTACAGATAACCGGTTTCAGACCGGGCTTAATGCGCTGGATCCGGATACCGGTGCCGTGGAGGGGGAAATTCAGTATACAACCGCCAA
CP047593.1_gap65	1789188	1793955	4767	CCCGGCGTGTATAAATACATCGTTAAGAATATAACCGAAAATGCGACACGAAATGCAGAGCTGTCGTGGTCTGGAAAAAAAACCACAAGAACGCAAACAGATTCATATACGTTTGATGAAACTTTTTACAGCTCATCATCTGATGAACACACTGATACCTTTTCGGTCAATGACCCTTGGCTCTATATATCTCCTGAAGTAACGAACTATGTGTTTTTCAATGAGTTTACAACCGCCGCGTTCTGTGCAAAAACGAGGGCCTTGTTGAACACGAAGAGCTATTCTGGGGACTGGGCAGTCGATAATGGCTTTGATCTTGCTTTGCGTAATTTGTGGTACGAAGAGAGTTTGCAGTTAAAGAAATCTATTTATAAAATTCGGGTGCAAACCGATTCGCTTGACCAGGGAGTAAGATACAAGGTGCAGTGGACAGAGATGTTCCTCCCGGAGTGGTATCCCTATGAGGGTGATGTTCAAGTATTACAACATCGGACTTTTAGTTTTGTTGCAACAGGCGGGACAGTCGAATCCCCCGAGTATGAACTGGTTCCTCCAAAACAAAACGGATATGTTCACGTGGTTGTTGATGAGCCTGATTTTGTAATTGATCCGATTCTCTTTGAGGAAAGTTGGCTTCCTCCAGATGAAAAATCAACAACACAGGTTTTCGCCGGAATCAAGAACCCTAAGGATCCGGGCCAGAAAGCTAGCTATTTAAGCCGGATCAGATGGAAAATCCTTCCCGTTAAAGATGGGAAGTTGCTAAGCACATCGATAAGCGGTCAGGGCACGACCGTTGACCTTGCAAAAGCATTGCTGAGAGCTGGAGATGAGACTGGAAGCATTTATGTGATGGCTTACGACAGCGAGAAGCCGGGCGTTTATGCTGTTGAAAAGTTTTATATCGCCTGTGGCCCTTGTTCGGACGGAATCTGTGGAAAAGTAGAAAATGAATGCGTTTCTTTGGAAATTGGGCTGGGCAAAGCCGCAGACGGATCGTCGGCTGGAAGCCTGTCGGTTTTAGAAAAAGAGCCGAATCCTTATATTTACTCTCCGGTTTCACTCCACTACCCAATTGATGAGACTGGGCTGTCCGATGTGATTCGTGATGAGCACGGAACTGTCCGGCAGGTAAAAACCGCCAGCTTGATCGCCGATGTCGTTGTGCCGGAAAATCTGGTGGTGATCACAACAAACGCGAGCTATACGACCACAAATTATGCAGGCTATGAGGTACGCTTGTATGTTCCTTCTGCTGTTGCGGGAACCAGTAATGGGTTGTTCCAGATTGCTGCCGGCGTCGATCCTTACAGAGTGTGGCGAATCGAAGATCCGGAACTGCTGGCCGGCGATGGGGATCAGGTTCGGGTTCGTGAGATTTTAAATGGAATCTCCGGCTCAAAAACAAACAGCAGTTTGTTTGTCTGGGATTCAAGTTTGAATGGATGGGAGCTTCAGAAAGGGGATGGAGCCCAGATTATTAAACGGGGTTCTGTTGTCGCTGGCGACACAGACACACGAACCCTGCTGATAACGGATGCTTTTGGCAATGACGCTACCGAAACCCATAGAGTCTATCGGGACTACTCCTGGGGAACCGTGTTAATTCAGGAAATCCAAGATCCAAATGGCTCGGCCCTGACAACAGATTATACGTATTACAATGACGAAACAGACCCTGCCCGCATGGGAAAACTGGAGTCGGTAAAATATCCCGACGGATCGTGGATAAAATATTTCTATGATGATGAGGGGCGGGAAAGCTCGGTTTGGTCACCGTGGCTTAATGTGACGTTGGAGCAGGCAGCAGCATCAAACTGCAAGCGGGTAGACACCGGCTACGAACCGATAGATTCTGCCGACGTTGCGCAGACAAACAGCTATGTACTTCTAAAGCCGCGAGTGGTGACAGAATACATCGAAGATACGCCGGTGAAAAAAACCGCATATGCCTATTACACCAACGCCACTGAGCGAATTGAAAAAACAGTTGTTTATGATGATCCTGTCTCCGGTAGTTATGCAGATACCAACAATCAGATTTCTACGGCTGTTTATTATCTGGAAGATGATGCGAATGCTGACTTAGCTGACAAAATCAAGCGGACGGTTTCCGCTGAAGGTTTAACCGCGAACTATGGCTACCTCCGAGGAAACTTTTCATGGATTGATCGTACGGCAGGATCGTTTGCTTTCACCGCGAATACCAACGGTGCATGGCTGTGTGAAACCGTAACCAACGGCATTGTTTCGAGTCCGGCTGGAGTGGCAAACAAGACGACCATGGAAGTTTCGTATCGCAACGAATATGGCGGAGTGGAGCTTTCAGAAACACATGTTTACACTGGAAGTTCATATGAACGCATCAGCTGGACGGCCAGCGAATACGATTACAACCTAAGCTACCCGGATGCGGTCGGGCATGTGATCAACCGGTACTTTTCTGACGGAACAATGGAAGAAAACGACTGGAGTTCCTGTTGCGGGCTGGAGGGAATCATTAATCGGCAGGGACAGCAGGAGCTTTACAACTATGATGCATTGGAACGGCGAGACGATGTGACCCGTCTTGGCGAAGGCACTCAACCGGACATCGGTATCATTTATGGGTTTGATGCGGCCGGGCGACAGGTCTCTATGACGGAGGCAGGGGGCGGATTGACCCGAACGACGGCAAGCACCTATGACTTGGCTGGCCGTCTGCAATCTTCGACGAACGAAGCGGGACTAGCCACATCCTACATCTATGAAAATGGCGGCCGCATCAGCTCGGTGACTCTGCCCGGAGGCGCAACACAGGTTACAGAAAACTATATTGACGGTCGCACCAAGCGGGTTTCCGGATCGGCTGTTATCGAACAAACCTATGAATACGGCTTTGACGGAACCAATCTGTGGACAAAGGTTTATTCCGGCCCGCTGGGCCCCGGCTCGCCCCGATGGGAAAAGACGGTCAGCGATGCCGACGGAAAACCACTGCGCACAGAACGTCCCGGCTTTGGCGGAGTTTTGTTAACCACGAAATACACGAACAACACAAAAGGACAGCTGGTCAAAATTGAGGAATTTGAAGGGACGGCTTTAAAACGTGTCACAATCAATGAATACGATGATCTGGGCAACGTTGTTCGCTCCGGCCTGGATGAAGATCAGGATGGAGTTCTGGAATTGGCGTCCATGGATCGCATCACCGATACGGATTTCAGCTATTGGAATGACTGGACAAACTGGTGGCAACGCTCCACGTCGGTTTCCTACCCCAAGGGCAATAACGCTTTTGCCCTCACCAATTCCGTTACCAAAACCCGGCTGACCGGCCTGGGCTCAGCCGGAACGAATGGAATCCTGACAGGTGAAAGCGTGAGCAAAGACGTATTTGGCAGCGAAACCGTATCCGAGTCGTGGGTGAGCAGGACGAACAAGACCATCACACAGGTTGTCGATATTCCGACATCTACAGATGATCAAATCAGCATCACGGTCAACGGCCTGCTCCAGTCTGTTCAATCTGCGTCGGGTGGCGGAACGGTTCAGTACGGCTACGATGGTCTCGGCCGCCAAACCACGGTGGTTGATCCCAGAATTGGAACAGCCACTACGCATTACAATTCCAAAGGCCAGGTTGATTGGACGGAAGATACGCACGGAGTAAAAACCGGATATGCCTATGATTCTGAAACAGGGCAACGTTTTTCCAGTTCCATTACTAACGGCTCTGAAATCATCACGACCTATACCGAGTTTGATGATTTAGGCAATTTGGTTCATCAGTGGGGATCTGCCGCTTATCCTGTAGCTTATGATTATGACGATTTCGGGCAGAAAACCCATCTGCACACCTATAGGGGCGGAAGCAACTGGATTGCCTCGGTTTGGGCCGGAGACAGCGAACAAGCCGACACCACAGAATGGCTCTACGACCAGACCACCGGACTTGTCACAAACAAACTTTACGCTGACGGCAAAGGCCCGTCCTATACCTACTGGCCGGACGGAAAACTCAAAACCCGGACGTGGGCCCGGTCCGACGGCGGACAGCCACTAAGCACCACCTACACCTATGCGGATACCGGGGAGCTGCTGTCTACAGATTACTCAGATGACACAGATGATATTTCCTGCACCTATTACCGAACTGGACAGCAGAAAACCGTAACGGATGCCCAGGGCGTACATTCATTCGAATACACGGATGAGGGATTACTGGATGTTGAAAAACTCGACGGCGTTGAAGTCATTGATCGCAAGCATGACTCTTTTGGCCACAATGCCGGTTATGATGTAGACGATGCTTCCAGCTTCGTCAGCTATGGCTACGATTCTTACGGCCGTTTTTCAGTTATTACTTCAACTGTTGACTCTGCGAGCTCAGTGATTGATTACTCATACGTTCCTGATACGGGACTGATTTCAGGTTATACAGCCCATACCGAGGGATCTGCTGCTTCACTTTTTGTTACAAAAGGTTATGAGTCTGATCGCAATATAATTTCCGGGATTACAAACCAGGTTGTCGGGGGAACGAATGCGGGGGTAATTTCCTCATTTACGTATACAAACGATGATCTCGGAAGAAGAACTCGAAGGGATGATGTTCGAGGCGGGTTGCATGCTCAAGATTCCGCGCTTTATTCCACGTATTGGAATTTTGGATACAACAGCCGGTCAGAAATGACCAATGCAGTGCGTCGTTTTTCTGATTCTACTCCCGTTGTCGGGCAGTCGAAATCTTATCAATATGACAGTATAGGAAATCGAAAAAATGTA
CP047593.1_gap66	1842492	1846738	4246	GCTGAAGAGCAGTACGGGGAATGCCGCGGATCGATTTATAATTCACCGAGTTCCGGGATCGGCCATTATTCCGACGAGGAAATTCATGATTCGCGCGCGGCCTACTATGCCGCCATCACCTACGTCGACGAAAAGATCGGCGAGGTGCTGCAGGTGCTCGAAGAGCGCGGCGAGCTGGAGAACACACTGATTCTGTTCACTTCCGACCACGGCGACATGATGGGCGACCATCATCTGTGGCGGAAAGTCTATCCGTACGAGTCGAGTGCGCACGTGCCGATGATTATCCGCTGGCCTGACGGGCTCAGGATTGGGATGCCGCGGGGGCAGAAGCTCGATCATCTCGTTGAGCTGCGCGACATCATGCCGACCTTTCTCGATGCCGCAGGCATTCCGGTTCCGCCGAATCTTGACGGCGACAGCATGTTGAAAATTCTGCGCAACCCCGCTTGCGCATGGCGCGAGGTGCTCGATCTCGAACACGGCGCGCAGTATTTTGCCGAGCAGGCGTACGTTGCGCTGACCGATCAGCGGTACAAATATATTTATCACACGCAGAGCGGCGAACAGGAGCTGTTCGACCTTAAAGCGGATCCGCACGAAACGAAGAATATCACCGACCCGGCACTGCTGGAACCGTGGCGCAGGCGGATGATCGCCTTCCTCGAGGAGCGCGGCGAAGAGTGGGTCAAGGACGGCGAACTCGTGGTGCAGCCCCGGCGCATTCGCTACGGCCCCAACTTCGCGAAGCAGATGGTGAAGCCCGCTGATGCGGAGTGCGAGGTGCGCTTCAACAAACCGGAAGAGCCGCCGGCGCTGGCCGAATACGTGAAACGGCTCGACGCCGTGAACCCGTATGTCGCCAGCGATCCCGACGCCCAGCGGCCGGAATAAACAGCCGCAAAAAACACAGGAAATCACAAAAAGGGGCCGTGGTCTTGGTGTCTTTTTGTGTTCTTTGTGGCGCTAGGATGGATGGAGATATGTGAGAGGCAGATGGAGGGGCCGGGCATCGCGACCGTCGATGACGGATGCCTGCTGATTTATTCCAAGTGGCAGCCGGAGCTGGAAAGCTCGATGGGCAGGTGTTCAGTCTGAGGGATCCAGGCGTTCCGGTGATCGAACCGTTTATTCCAAGATAGGAGATGCGAGTGAAGCGAAATTCGGTGGTTGGATTGGGGCTTTGTCTGGCGATGCTGGGGCTCGCCGCGGACGGCGGAGAGCACGAATTGTTTGAGCCGACGTGGGAGTCGCTGGCGAAGGCGAATACGTCGCCGGAATGGTTCGAGGATGCCAAGCTGGGCATCTATTGCCACTGGGGCGTTTATTCGGTGCCGCAGAATTTTACGGAATGGTATCCGCGCTTTATGTTTCAGGACGGGCACGAGGTGCAGGATTTTCATAAGCAGAACTATGGCGATCCGGCCGAGTTTCCCTATCACAAATTCGTGCCGATGTTTACGGCGGAAAAGTTTGATGCGGCGGAGTGGGCCGAGGTGTACAAGTCGTCCGGCGCGCGTTTCGGCGGTCTGGTGGCGGAGCATCACGATGGCTTTTCGATGTGGGACAGCCGCTGGACGCCGTGGAACGCCAAGGCGATGGGGCCGAAGCGCGATGTGCTGGGCGAGCTGGCAGCCGAGCTGCGCAAGCGCGACATGAAGGTGATTGCAACCTTTCATCATGCCCGCCAGTTTCAGCGCAATCAGGGCGCGGAATCCGTGCAGGATCCGGCAGACAGTTTTGACAGTCATTATATTTATGACAAGCGCTACGCCACTGCGTCGGCCGAACCGGTGCTGCAGAAACTCTATGGCAATATGCCTGAAGACGAGTGGAACCAAATGTGGCTGGGCAAGCTCGAAGAGGTGATCGAGAACTATCAGCCCGACGTGATTTATTTTGACTCCTGGCTGAATCTGGTGCCGGAGGAATTCCGGCAGCGCTTCTGCGCGGCCTATTACAACCATGCCGCGCGGAACAATAAAGAGGTGGTAATTGTCTACAAGCAGGACGATCTGCCCGCCGACGTGGCGCTGCTCGATATTGAAAAGGGCGGGCGCATTGAGATCGATCTGAAAAAATGGATGACGGATGACACCGTTTCGTTCGGTTCCTGGTCCTATACGACCGATTTAAAGATCAAGCCCGCCGCGATGGTGGTGCACAGCCTTGTCGACATCGTCAGCAAGAACGGAAACATGCTGCTGAATATTTCTCCGCATCCCGACGGGTCGATCCCGCAGGAGCAGAAAGATATTTTGAGGCAGCTGGGGGACTGGCTGAAGGTTTACGGTGAAGCGATTTTTGATACGCGCCCGTGGACGGTGCATGGGTTTGGACCGACCAAGCCGGACTTCGGGCCGCACGGCGGCATGAGCACCATCAACTATTACACGCCGGAAGATTACCGTTTCACGATGTCTAAAGACGGAAAGGCGGTTTATGTGATTGTGCTGGGCCGGCCCGAGCCGGGCGGAAAACTGTTTTTGTGGAGCTGCGCGCCGCATCGCTATCCATTGCCGGGCGCGGTGGAGCGGGTGGTGGAACTTTCGAGCGGCCGGGACGTGGAGTGGGAATCCCTTGATACCGGGAGCTACCTTCATTATCCGGACATGGATTACAACGAAACAGCCAATGTGTTTAAGATTATTCTTAAGTAAGGTCGTCGCGGCCGGGAGTGGATCATGAAAAAAATGATGGGGTTTGTTTTAACGCTGGCGCTGGCCGGCACGGCGGCGGCGCTGGACATTACGCAGGAAAAGGTGGCCGAAAAATCTGTGGCGGAACGCCCGCGGCTGGTGCTGCCTGCCGGCGGTTGGGATGTTGTGCGGCAGCGAGCCGAAACGAGCGCGCGGCATCGGGCGTGGTATGCCGATGTGAAGAAAAAGGCCGATCAGCTCGCCGCCGCCGAGGTGAAGATCGGGCGCAATACGCAGGACGACCTGATGACGCTGGCGCTGGTTTGTCGCATCGAGGGCGACAAAAAATATCTGGCCAAAGTGGAGGAGATCCTGCCGGCGGCCTATGTGAAAAAGATGTGGAGCAAGGGCTGGAAGCTGGATCAGGCGATGGTGTCGGTCGGCGTGGCCGTGGCCTACGACTGGCTGTATGACGAGCTGCCGGACAGCCTGCGCCGCGCGACTGAGGAGAATCTGGGCAAAGTCAGTCTGCCGTGCTACCTCAAGAGTTTTGACAGCGACATCTGGTGGACCCGTGCCGAGCGCCCGGACAATGTCTACTACAACAACCATAACGGTGTTTGCAACGGCGCCGCGCTCGTGGTGGCTGCGGCGCTGCTCGACAGCAAGGAGTTTGCAGGGTCGGCGCAGGAGGTGGTGGCCAGGGCCCTGCCGTCCATCGAAAACGGCACGCTCAACGGCTTGCTGCCGGGCGGGGCGTGGGACGAGGGCTCGGGCTATTTCGGCTACGGCATGACCGGCATGACGCTCGGGCTGTCATCGGTGCAGAACAGCCTCGGCACGCTGTTCGGTTTGCTGGAGCATCCGGGGCTTGAAAAAACCGGCGCATATCTCGCTGCAACCACCGGGCCAGCCGGAACCTTCAACTACGGCGACGGCACGTCGCGCATCAACCCGGCCTACTGGATGAGTTGGCTGGCCGGTGCCGTCGAAAGCGAAAAGCTGGCGTCTTCGTTCCGGCACATGCAGGGGCTGCAGGTTCATCAAGGATCGGTGCTGGGCCTCTGCTGGGATGATCCGGCGCAGAAGGGCAGCGAGATTGCTTTCCCGCCGGCCGCCGGGTTTGGGCGGATTGAGGTCGGTGCGCTCCGCCAGCGCTGGGACGATCCGCTGGCCGCATGGGTCGGCTTTAAGTTTGGACGCCCCTGGCAGAGTCACGCGCATTCGGACGTCGGGAGTTTTGTCTATGACTGGGGCGGTGTTCGCTGGGCCGTCGACGTGTCAACGCCGCCATACCTGAAGGACTTTTTCAGCTATGAAGATCAGCGCTACCATTTCTATGGAGCCAAGCCCGAAGGCCACAATACGCTGGTAATCAATCCGACGGACGCCTATCAGCAGATCATCGACAGCGACAGCCCGATCGTGCGGGTGGAAGACGGGTCGGCCGTCGGCGACATGACCCCGGCGTATGCTGCGCACGCAAAATCTGTGCGGCGGGAGTTCCGGCTGGATTCGGAGAGCGGCGAGCTGATTGTGAAGGATGAGCTGCGGCTGAAAAATCCATCCAAGGTCTGGTGGTTCATGCACACTGCGGCACAGGTTGA
CP047593.1_gap67	1851068	1853738	2670	GATCTTCTGGAAAACGTCCCGCCCGATATCCGGCGAGCCGCCGTTTTCTTTTGTGAACAGCGGGGTGCCGGTGATGGTTCCGTTTGCCCGCTGGATGTTCAGCGCGGCGTAGTTGTTCAGTCCGTCCTGGATATACCGCTGGAGCGCCTGGTGGCGCGAGCCGATGGGATCGAGCATGCCCCAGGTGATGTCGTCCATGTTGAAATAGGGGCCGGTTCCGGCGGTGACTAAAAAGCCGCCGCCGTCGATGATGCCGCCGACTCGGTCGGCGAATGATCCCGGAGTTCCTGTGATCGTGAGGGCGGTATCATCGCCGCTGTCGAGGGCGTTGAGCATTCCATTGTTGGCCGTGCTCAGCGGGGTCCACGAAACGCTATGGACGTCAAGGTGGCCGTTGAGGGAGAGCAGGTCGAGGCTGTCCGAGGCATACCATGCGGAGTCGGCGGCGGAGCGGACGAGGAAACGCATCTGGATTCCGGAAAAGGAGCCGAGGGTTGAAAACTGAATAAAGTCGACGGTCTGCTGTGTCGCGTTGGCCGGCGGCTGACTGCCGGAGGCGTCGAAGATGGTGTAGGCGTAGCTTCCGGCGGTTGCGGCCCCCTTGCGCCAGCGCAGCGATCCGGTGTCTTTGAGCTGGATGTTGTCGGACGAGCCGGCGTTGAAGCCGCCCCAGCGGTAGCCGGTGTCCTGGCTGGTCTGGACGGTTTCGTTGCCGTTGCCGGCCTTATCAATTGTTTGGCTGGTGCCGGAGATCGTGAACGATTCGGCGATGCTGGGTTTCGGCGCAATGGCGGTGCCCAGGTTCCAGCGGTCAAAGCGGTCGAGGATGGCGGCAAAGGCATCCCGCTCGGCCTGGCCGGCGCTCGCCGGCAGGGCGGTCGGCGGGGTTTGGCTCCATGCGTAGGAGCTGAGCCAGAGGCTGCCGGACGGTTCGTTGACAAACGGCTGCTGATAATCGCGCTGGCGCGAGCTGATGATGCTTTCCTTGAACTCGATGCGGTCGAAAAAGAGCGTTCCGGCCTGGCTGGCGGCGGGGGCTTCGATCTGCATCATTTCCAGCGTGCCGCTTCCGGAGTAGCCGGGAACCGCGGCGTCTTCCGTGAATTTTACGAGGACGGCGCGCCAGCCGGTAAAGTTGAGGCCGAATTCAAAGGTGTAGCGGGGATTGCCGGCGGCCAGTTCGGCGGCCGAACCGAAACGGAAGCTCAGGGTTTCATCGGATGCGGCATCGTTATAAATCCAGCCGCTGATCCCGCCCCCCGCGACGCTGCCCGCGGCGGCCAGTCCCGCCGGGTTGTTTGCGGTGAGAACGGCCGCGCTGTCGGTGCGGTTCCACTGCAGCGAGCGGGTTCCGTCCTTGAAATGAAGGGCGCTCGTTTCGAGCGTTGCACCGGGGCCGGTCGTCCAGGTTGCCGGGACCGTGCTCTCCTCAAAACTTTGTATCTGTCCGAATGCGAAGAGCGGGCAGAAGATCAGCAGACCTATATTTACGTGAAGGATATTTGAAATACTTTTCAGTTTATACGTTGTTCGCAGCTTTAATGTTTGAGTCATCAATTCACCTTCATTGTTAAGAACGGGGATTCCCTTGGCTTCACTTTAATTTGATCAAATCAAACTCCTGCGCGCGGGAGAGATCAACGGGCTTGCAGGTTTAACCGATTACTAAAGGGTTTTTTTTGAAAGAGGGGCTTTTGCGGCGGGGATGCGTTTACGGTTTAACCGGATAGGATCCCAATAAAACGCCTGTCTTGTTCATCTATCGTTTAAATTATGAGTTGGAAAAGCGGTATTAGACTGAAACCTGAAGGGCGTTGTTATAATGAGCAAAGCAGGGTTGGTAATTATAGCGGGTCTCGTATTTTGTTTTTGTTCGGGTGCTTTTTCGGCACTGACAACGAATGAGATCAATGCGGCGCATGCGCAGATCAAGGCGCGTTACCTGCAGTTTCTGAAAGGAACGCCGAGTTCATTTGACGGACCGCTGGGCACAGAGATTGCGAACCGGTTTGTCGGCCGGGTTGACCTGCGGGTGCGGCAGGCGCAGGCGTTTGATTTTTCTGCAGATGCCGATATTGTTTTTTCGCTCTTTCCGGAAGAGGTGGGGTTTGAGGAGGAAAAAGAGATTTACAGCGTATTCCTTCAAAGCTGGCTGCCGGGGCTGGCGCTGGCCTATACGGTGGATGCGCCGGGCAATTCATATTATCTCGACCCGGCGGTGAAGGATCTCTATTTCCAAGCGCTGGAATATCTGTATGGCCGCGGGATTAAGAGCGGCATGACGTTTCATCGGAACGCGACGCGCCAGCTGAATAATCCGCCGCCGCCGGGCTGCGCGAATATTGTCGATATGGAGCTGCGCATGGGTTCGCTCTGCCAGTCGGTGCTGCTGATGGAGGAGTATGCGGCCGGCGAGTCGATTTTTGAAGAAATGAGGGCACTGGTCGAATTCCTCGAAATGCTGGGATATACGTCGGGGCATGTGGAATATTGGATTCCATATAACCCGCCGCCCGGGCTGGACCATCTGGTGCAGTCGGATGCCATGCAGATTTATCCGGATGTGACTTTTGTTTCTGCAATGCTCAAGACCAATGTAACTGACCGGCACAACGCGCTGCTGGATGCGCAGAATGTATTTACCGATTCGCTTAAAATCGTTCCCGGCTG
CP047593.1_gap68	1854853	1858724	3871	AGCTGTTTCAGGGCGTACAGAATTCATTTGACGACAACGGCAGCACACCGACCAGCGGGGAGTACTCGACGGTGGTGTTTGACCACGGCTTGTCTCCCGCGGCGGCGGAGTATGAAGCCGCCATTTTGGTCGGCGGCGGGGAAACCGTCGGCGCGCTGGCCGCTGCGCCGGCGGCTCGCTATCAGGTGCAGCGCAAGGATGACAGCGTGCATCAGGTTTATTTCCCTCAGGCGGATCAAACCGCATATGTGTTTTTCGATGCGGCTGCAAATGCCAGCAGTTTGGTTGAGAGAGTTGATACGCCCTGCCTGGTGATGACCGAACCGGTTTCCAACGGTTGGAAGGTTGCCGTGGCCAATCCGGATCTCGGGATTGTGGATGCCTCTCAGGAGATGACCTTTGACTGGATTAACGATGCCGATGAACGGCAGTACCTTCCCAGTACAGTGCAGCCGGTGGAGGTTCGGCTGCAAGGACTGTGGGAGCTGCGCGGAACGAACTCCGCAGTGTCCGTAACGAGCTATGCCGGCGGGGATACGCTTCTGCGATTTGATTGTGTCGACGGGGCTGAAGTGGCCGTGGAGGTGGCGGCGTTCGGCGAGGAGACGGCGGCGCTCGATTTCAGACAGATTGCTTTTGAAGATGATTTTAACAGTTATGCTGCGGATGCGCCGGTTCCGGTTGATGGTCAATGGACCTCGGTCAGCTATTATGAGCCGTCCAATGTATTTGTTCATGTGCGGACAGATACCGGAAATGTTTTCGGGGAAGGTGCCGGTAATAAATATCTTGGCTGCCGCGATGCCGGAGGGCGCACATCAAATCTGTTGGCCCAGGATATTCTGGATGCCGATGCGGTGCGCGTGAGCTTTGATTTTATGGAGCCGGACAACGAGCTGACCGGGGCGCTGTCGGTTCGGGTTGGTGTCAACAGCGTGAAGGTTGCTGATGAAGATGTTGTCGGAGGAATCCGCCCGGTCGATGGTTTTTTTGATCCGGCGGGGACTTATGAATGCGGCGCGGTGGTACACGCGGATATATATTTCAATGAGCAGTCCGCAGAGATTACTTATATTGCGCCGGATGGAAACCCAAGCACGTTGGCCGCCGGTAAAATGGATGTCTGGTTGAATGGAATCAACACCGGGGACGATGTGGTTAATGATCGGTTTCTTGGCACGGCCAGTCTGTCGCCCATCAGGAGTCTGCGGTTTGAAACCTACTCTGCCGGACAGAATGAGGTTTGGTTTGATAACCTGGAGGTGGCGGTGGGGGTTCCCGTTGTTGTCGGGGATCCATTTGCAGTCTGGGCTGTTGAGTATGGATTGGTCGGGGACGATGCGGCGCAGACGGCCGATCCGGATGGCGACGGAATGAATAACCTGTTGGAATTTGCCCTTGGAGGTATTCCGACCAACCGCAGTGATAGCGCGGCTATCTTACCGATTCTTGGGGAAATCAATCCTTTCTTTTTCGAGTACATCCATCGCCGGCGGGTGGATTCTACGCTGAAATACAGTGTCGAGCGAACCGGTGATTTGGTGTCCGGCAACTGGGCGACCGGCGGCGTAGCGGTGACCGGTTATGGGCCGGATGGCGAAGGGTTTGAACGGGTTACCAATTCTGTGCCGGCAGAGGGCGCAAACCAGTTTGTCCGGTTGAAAATTACCGGCGAATAGGGTTTACGGTTAAACCTGAAGCGTCCGCAAAAAATCTGGAGAACCTTGACAGATCGTGGCAGAAACGAAACTAGCCCGGGGGGCTTAATAGATAATCAAATAGGAGCCAGCTTACTAATAGAAGGAGGCAGGGAAATGAATACAATGACAGCAATCAAAATATGGACACTAGCTATCATCGCAGGTTTTGTTGTTCAGGCAAATGCAATTGAAACCCGGTTTAATACGGGCGGAAGTTGGACCAATGCTGCAAACTGGTCCGAGGGGGTTCCAACTATCAACGATCTGGCGCGCCTGCAGAATCCTGTGGTAGCCGACATCGACTCGGTCGAGGTGATCGGCGGACTCAATTTTCGCGGAGATGTGAATTTGGGAGAATCCATTATCAACATTAATAACGGTGGATCGCTGACATCGGACGGGACTCAGTTTGCCGGAATCAACCGGATTGGTTCGGACGGAGATGCAACCCTGAATATTAATGACGGCGGAACGGTTAATTTTTCAGGAACAGCTGCTTTTGAAGTGGGGGAAAACAGCAGTGACTCGGGATATGTCAATGTGAATACCGGTGGCGTGCTGCAGGTGTCGCAGGTTACGCATCTGGGGACGGACAGCGGTTGTGTCGGGAATTTGACGGTCGCTGGGGGCGCCGCAACCTTTTCTGACAGTCTGCTGGTTGGTAATTCTTTAGGAGGAACGGGGGTGGTCACGATCACGTCCGGTACGTTGACAATAAATACGGTTCTTCAGATGGCGTACAGTTCCGACGCAGCTGTCGGTATTGTGGAGATGAGCGGGGGAACATTATTTCACAATAATGGAACCATGCTGGTCGGTCGTAAAGGAGTTGCGAATTTTAATCAGTCAGGTGGCGAGGTTAATGCCAAGGATATCGTGGTGGGAAATATGGCTGGAGGAAACGGCGCAATGAATATTTCCGGAGGAACGAATCTTCTGAGCGGTGCGATGACCCTGGCGCGTGTTGATGGCGCAGTCGGTGCGCTGAATATGAGCGGCGGGTCGATGATTGTTAGCTCAATGTTGGTTGGTAAAGAACTGGGTTCGGTTGGAACACTCACCTTGAGTGGTGCAGATACATATCTCAAAGCATCTTCTCTTTCTCTGGGGGACGTCGGAGCCAGCGTAAGCAGTTCGATTGTCGTGAATGACGGAACCTTTCAGGTTCATGCAATTCAGTCGGATTCCAACAGCGCTGAAGAATCAATTCACGTTGCTGGTGGTGTGTTGAAGCTGCGTCACATTAGCGGAGCGACCGGATTTGATGATGCGGTGGCCCTGATTGACGCCGGCGTTCTGACCTGGGATAAAGGCGCGCTGGGGACGTTGGCTTCGACCATTGATCCCGCAACAGCAACCATGTCCTGGACCAATGAGTCAGGAATCGTCCTGTATGCCGATACCAATACGAACAATACCCATTATTATTATATGTGGGCAGAAGCGGAAATGCCGGTGCCGACGTTCAGTGACTGGTCGACCGATTTCGGGATGACCAGCAATAATACGTATGCGGATGACTTCGACGGCGACTTCCTCAGCAATCTCGCTGAATATGCGCTGGGCAGCAATCCGACGGATGCCGCGGATGCCGGTGCGGTTTCCGCTGTAAACGGTGAAAACTTCCTCTATATCTACAACCGTCGCACGGATGCGGTGGATCGCGGCTTGACCTATGAGATGCAGAACGCAGATCTTCTGTCCAGCGGAACCTGGACGAATGAATATGTGGAAGTCGGAACATCCGCTCCGTTCACCGATGCGCTGGGGGATGAGTTTGAAACAGTCACCAACAGCATTTCGATGAGCGGCAAAGACATGGGATTTGCCAAGCTGAAAATCACGATCAGCGAGTAATCATCTCATCTTGCTCTTCGGGCCCGGATGCTGAAATGCTCCGGGCCTTTTTTTGTCCTGAAGGTTTACGGATAAACCGCTGTCCTCATTTTCGGGACAATCGTCTGTCGATATGTTATTTCCAGACAATCGGGAAAGGATTTCAGATGAACAGAAAAACCGCAGCGCTCTTCCTATTTTTGCCGCTGGTTTCTTTGAGCAGTGTGTTCAACGAATATGCCGACAAAATCACAACCGGCACATACAGCTTCGAAAATCCCGACCCGTTGAAGGGCTGGAATGCCGTCAACGGATCGGTTGGGATCAGCTCAAAA
CP047593.1_gap69	1861263	1864803	3540	GGCAGGGCGTCATTGCCGCGGTCGACACGCCGCTGCTGCTGATGAGCGCAACCAACTCCGCCGCGCTCAAGCTGGCTGTGGCCGATCCGGATCTGCGGTTGAAAAAGTGGGGGCACAACATGTCGTTCATGCCGCGCGAAATTGTGCAGGCCGAGGCGGAACCCCATACGGCGTCCATCACGCTGGCCGGCGAGTGGAAACTGCAGCAGGCGGTGGATGGGGTTGAAATTATTCCCGGCGGTGGGCAAACCGGGGTGCGCATTGAGTTGCAGCATGGGCTGGCTGAAGAGCTGTTGTTCGTGAGGGATTAGAGTATGAAAAATATGCTGATGACGGGTTTGGCGATGGGGATGTCTGCGTGTGCCGCAGAAAAACCCAATATTGTGCTGATGTATGTGGATGACCTGGATTTCGATCAGGTTTCCATTTACGACACGGATTCGTTCCCGAGTTATACCGGCGCCCAGCGAACCGGCAACCTGGCGTCGAAAAACCTGATTACCGCCAACCAGAACGGACGCTTTCTCAAGACCGGCGAGATGAGCTGGCATAAGAATCCGACGATGCTGACGCCGAATGTCGCGCGGCTGGCCAAAGAAGGCGTGGTGCTGGATCGCTTCTATCTCACAACCTCGGTGTGCACGCCGAGCCGCTATTCCCTGCTGACCGGCCGCTACGCATCGCGTTCGCCGCGCCTGCTCAGCGAAAACCCGCCGGGCACCGTGCCGCTGCTGGGGTGGAATTCCCATATGGATTCCGGCGAAAACAATCTGGCCAAAGACCTCAAGGCGGCCGGCTATAAAACCGGCCTGGTCGGCAAGTGGCACCTCAACGACTACGACATTCCGGAAATCGATTTCGCGTCCGGCTATGACGGGCATCATGTCCGCAATGGAACGGGCAAGGGGCTTCGCCCGTTTCAGCTGGTCGGCTCCTATTTCCTGCCGACGGCCGACTACGGCGACCCGGCGGTGCAGAAGGAGGTCGGCCGAATTTACGACGTGATGCAGAAACGGGTGCAGCGCATTTCCGGGTTTGATGTGGTCGACCGCCTCTACTATGCCAACTACGGCGAGCTGCCGATTCCCAGGCATATGAAGGCCCATAATCTCGAATGGCTGACGGAGGGCGCACTCAACTTTATTGATGACAATAAAGATGAACCGTTTTTCCTCTACTTCTCTATCACGGCTCCGCACGGACAGTATTTCGCCGACTGGATGGAACGGGACTGGCGCGTCACGCCGGCGGGAATGCTGACCGAAAAGCCGAAGGGAATGCCGTCGCGCGAAAGTGTGCTGCAGCGCATTCAGGCCGCCGGCCTGCCGCCGCAAAACACTATGGCCACCTGGATCGACGACAGCCTCGGCGCATTGCTCAAGAAGCTGGACGAAACCGGCCTCGCGGAGAACACCATTGTCCTGTTTCTCTCCGATCATCAGTCGCGCGGCAAGCTGACCGTCCATGAAGGCCATCGGGCGCCGGGCGTCATTCGCTGGCCGGGGCAGATCCAGCCCGCAACACGGGAAGGGCGCATCATTTCCAACATCGACATGCTGCCGAGCCTGCTGGCCGCCGTCGGGTCGGTGCCGCCCGCTGACGCGGTGGTCGACGGACGCAACTTTTTCCCGATCCTCGGCAATGAAGGGGATTGGCGCGATCACCTGCTGCTGGAAACCTCTTACAGCCGCGCCATCGTTTCCAAAGACTGGAAATATATTGCGCACCGGCCGCCGCAGGAGGTGCTCGATAAAATGGAGGCGGATCGCATCGCCTCCGAACAGGCTGACGGAGATGGACGCCGCCACGTCGGCTGGTCCGGGCGCTATACGAATCCCGCCAGCGGGCTGGGCGTGCGCTTTAATGCCGATCAGGATTTTCCGGCATACTTCGATGCCGACCAGCTGTACAACCTCGCGGACGATGTGTTTGAACAGCGCAACCTGTATACCAATCCCGAACTGCAATCGAAGGTGAAGGAGCTCAAGCAGCAGATGGATGCTGAACTGAAAAAGCTGCCGCACGCCTTTGGCGAGTTCGGAGAGAAACTGTGAAATCCCATTTAACGATTCTGCTGGTTGTGTCGATGGCGGCCGGGGCGTTTTGCGGTTCGGTCGAGCAGCATGTGGCGCAGTTTAATTCGGAGTGGGCGGAGCCGCTGCCCTCCGATTCGCCGTTTGGCATTCGACGGATCGTCGCTCTGCTGGATCTCGATTTTAAAGGGCTGGAGAAGGTGAAGGCTGCGGTCGCGGCCGAAGATGATGCGCTGGCGGAGCGGGAGCTGCTGGCTTATTTCCGCCGCACGCGGATTCCGCAGTCGGTCGGAACGCTGACTGAGAAGAGTGCGCTTCACGCTGCGGATGCGCTGGAGCACCGCTTTCGCGGCAATCGGGATGCGCACCCACCGGTATTCCGGGGCGCGGACATCGACTGGACCGGCCGCGCGTTTGTCGATGGCCGGGAGATTCACGACGCGGAGTGGTACTATCAGTTTCAGCGGCTGACGTGGTGGCCGGCGCTGGCGCGCGCGTATGCCGCGACGGGTGATGAAAAATACTTTTTGGAATGGCGCTACGAGCTGGTCGACTGGGCGAGGGATAATCTTCCGATTACCAAAAAGACGCCGAAATTTGTCCGGCGCGGCATGGAGACCTATAACCGCTGCGAGCGGCTGGCGGAGGCGCTGCCGTTTATGCTGCAGTCGCCGAACTTTGATGCGAAGACGCTCGGTTTTTTCCTGGGCAGTTTTTATGAGCAGGCGGAGCATATCCGCACGGTTTATTCCGCGAAGGGCAATCATCTACTGGGTGAGTTGAGCGTCGTCTTTATGAACGGCATCCACTTCCCGGAGTTCAAGCAGGCCAATGCCTGGAAGAATGATGCGGTGGAGCGGCTTCCTGCAATGATGGATCAAGAAGTTTATCCGGACGGCATGAACCGCGAGCTGGTTTTCAGCTATCACAAAATGTATGTGGGTCTCTTTGCGCAGGCTTATGAGATGTTTAGGGAAAACGGCTATGCCGATCACTTGCCCGACTATTTTTATCCTCGCCTGCTCAAGATGGCGGAGATCTATGCCCACCAGTCCTTTCCGGACAATACGGACTGCCAGTTCGGGGATGCGTGGAAACCCCGCTTTCCCGGCACTCTGTACCGCAAGAATTTATCACCCTTCCGGGATGAGATCCCTTATTTCGACTACATGGTATCCGGCGGAAAAGAGGGAGCGCCGCCGGCGGAGCGCAGCAAGGCGTATCCGCTGAGCGGTTTCTATTTTATGCGTTCGGCGTGGACTCCGGATGCGGTCTTCATGCCGATCAAATGTGCGGCGGGCGGGCAGTGGCACAGTCAGATCGATAACGGAACGTTTGAGCTGTTTGCTTATGGCCGAAATCTGATGACGGATTCCGGCAGTTACATGTATGGCAGTTCGTCGAAGGAGGATCAGCAATGGCGCGACTGGTTCCGCAGCACGAAGGTGCATCAGACGCTGACGCTCGATAACCGCGATATCGACCTCAAGCCGGAGTTTGTTTTCTG
CP047593.1_gap70	1909663	1913351	3688	GTGCATCGTGGTGACTCCCCGCATCGGTGCTAGAATTAAAAACGGACTGTGCATGTCCGATACATGCCATAAATCGATGGTCGGTTCCAACTCCCGCCTGCGGTTTTAGCGTGGTCCAAAGGATTGTTTTTTTTAAGATATGTATGTTTAAATACGCACGAAATGAAAGCAATTGCTCCAGGCAAACTGATTCTCAGCGGCGAACATTCGGTTGTGTATGATCGGCCCGCCGTGGCGATGGCGATCGACCGCAGTGTGGTTGCCACCATTGAGGATGCCGATGATGATCAGGTATCGTTCGATCTGCCGGATATTCAGGAACACGATTCGTTCACGATGCTGGCCCTGCAGGATTTCAAACGGCGGGCACAGACCAACTACCGTTTGTTTCTTGATGGAAAGCTTGGAATTCGGGATGTGCTCTACAAGCCGGTCGACCTGTTTAAGTTTGGATTCATTACGTTGCTGGACGGGTTGCACCGTTCTCTCGACAGCGGCATTGTGATTCAGCTCAAATCCAACCTGCCGGTCGGCAGCGGTCTGGGCTCGTCTGCCGCCGCCGTGCTCAGCGAGCTGCGTGCGGTCGGACATTATCTGCGTGTCGATTTTAAACCGGAGTGGGCCTACGAGTTCAGCCTCGAATCCGAAAAGCTTCAGCACGGGCATCCCAGCGGCGTCGATTCCTACATTTCTCTCTACGGCGGGTGCGCTGCGTTTGAGCAGGGTAAAGCCCGTTCTGTTCCGCTCCCTCGCATGAAGATGTATCTGGTTGAAACCGGCAGTCCGGAAACGACTACCGGCGAATGCGTTGTAAATGTGAAGCAGCGTTTCGAAAACGATAAAATCTGGAGCGATTTTGAATCCGTTACCCGCGAGGTCGAAAGCGCAGTGCGCGAAAACAACGATGCGCTGATGCGTTCGCTTCTGCGTGAAAATCATCGCCTGCTTTGCCGCATCGGCGTGGTGCCGCAGAAAGTGCAGCAGTTTGTGGCCGATGTAGAAGCCGCCGGCGGCGCGGCAAAAATCTGTGGGGCAGGATCAACCAAAGGCGAACGCGGCGGCGTTGTGCTTGTGCTGGCCGACTTTATGCCGAGCGCGCTGGCCGAGAAATACGGCTATACCGTTTCGCCTGTTCGCGGCGATCCGCTGGGCACACGGATTGTCTGATTCAATCTGTGTAGCCGTTCGCCTGTGGCGAACGAATCGCCCGCAGGGCGACTGCTACAGAAACGGATATGTATGAACCAATTGTTAATCAAAACATCAGCACCTGGATCGTTAATGTTGCTTGGCGAACATGCTGTGCTGCACGGTCGGCGCGCGCTGGTGTGCGCGATTGATCGGCGCATGACCGTTTCGCTCTCGCCGCTCGCCAAGCCCGTTTTGAAAATTGATTCCGCGCTGGGGCAGTACGAATCGCCGCTCGCCGATTTGGCAGACCATCCCGATTTCCGTTTTGTGCTCGATGCGGTAAAGCAGTATCCGCTGGAGCGGGGGATTGAGTTGAAAATCGAATCCGAGTTTTCAAGCGACATCGGATTCGGATCATCCGCTGCAGTCACAGTGGCGACGCACGCTGCGCTGATCGGAAACATTCAAAACAAAATCGATCTGTTTAAGCGGGCGCTGGCGACGGTTCATCGGGTGCAGGGGCGAGGATCAGGATCGGACGTCGCGGCCAGCGTTTTTGGAGGCGTGGTTGCCTACCGCGCAGACCCGCAGGAAATTCATCCGGTCTGCGAGGAGTTTCCGCTGACTGCGGTTTATTCCGGCTCCAAAATGAAGACGGTCGACGTGATCCGTTATCTCGAAGAAAAACGAGCTCACAATGCGGATTACTTTGAGAGGATTTTTGACCGCATGGATGCCAGCGTCGGCGAGGTGATGGAAGATTTTTCGCGACTGGGCGACATGCTGGTTCTCAATCAGAAGCTGATGGCTGAGATGGGGCTCTGTAACGCCGCGCTGGCGGACATTATTCAGCGGTTCGGCGAGCAGAAGGTTCCGGCCAAGATATCCGGATCCGGCCTCGGCGACTGTGCCATCGGCCTGGGCGACTTCCCGGAGTCCGGGACGTATAAAAAATACGCCCTGCGTGTGGTCACACAGGGCGTACAGCTGGATTAGGGAGTTTTTTCTTAGTCCTTGGCCAGCATTTCATTCATCGCCTTTGCGGCTTTGCGGCCTTCACCCATTGCGAGGATGACCGTTGCTGCGCCGAGGACGATGTCGCCGCCGGCAAAGACGCGGCTGAGCGAGGTTTTTCCGTTTTCATCCGCGACAATGTTGCCCCACTTGTTGGTATCGAGGCCGGGCGTGGTTTGGCGAATGAGCGGGTTGGAGTCGTTTCCGATGGCGACAATCACTGTGTCGAGATCGATTTCGAACTCGCTGCCCTCAATGGCGATCGGACGGCGACGGCCCGAATCGTCGGGTTCGCCCAGTTCGTAACGCAGGCATTCGACGCCGCTCACCCAGCCCTTTTCATCGCTCAGAATCCGTTTGGGATTTTCGAGGAAGTGGAAGATAACGCCTTCTTCCTTGGCGTGGGCAATCTCTTCCACACGCGCCGGCATTTCTGCTTCGGTGCGGCGATAGATCAGGTGGACCTCTTTGGCGCCGAGGCGTACAGCGGTGCGTGCGGCATCCATGGCGACGTTGCCGCCGCCGAGCACGGCGACTTTTTCCGATTCAAAGATGGGGGTTTGTGCCCGTTCTTTGTCGTAGGCGCGCATCAGGTTCGAGCGGGTCAGGTATTCGTTGGCGGAGTAGACGCCGACAAGGTTTTCGCCCTCGATGTTCATGAAGCGCGGCAGGCCGGCGCCGGTTCCGATGAAGAGCGCGTCGAACCCGTCCTGCTCGAGCAGGTCGGTAATCTTACGCGTGCGGCCGATCACAAAGTTGGTACGCAGCTCGCAGCCCATGGCCAGCAGGGTATCGATCTCTTTCTGCACGATGGCTTTGGGCAGGCGGAATTCCGGAATGCCGTATACCATTACGCCGCCCGGTTTGTGAAACGCTTCGAAAAGAACTACGTCGTGGCCTTCGCGGCGGACGTCGGCGGCGACGGTCAGTCCGGCGGGGCCGGTGCCGATGATGCCGACTTTTTTGCCGGTTGCCGGTTTTACGGTCGGCTTTTCAACCAGTCCCTGCTCCCGTTCCCAGTCTGCGACAAAGCGTTCGAGACGTCCGATGCTGACCGCCTGGTCGACCGATTTGAGTGCTTTGCCGACCGTGCAGGGCGCCTGGCACTGCGCCTCCTGCGGGCAGACGCGGCCGCAGACTGCGGGCAGCAGGCTGCTTTCTTTGATGACATCGACGGCTTTCTTGTTGTCGCCTTCGGCGATCGCTTTGATAAAACCGGGAATATTGATGCTGACCGGGCAGCCTTTTACGCAGGGTGCGGTTTTGCACTGCAGGCAGCGCTCGGCTTCGATGCGTGCCTGAGCGGGCGTATAGCCGATGGCGACTTCTTCCATATTGGAGCGCCGCACCATCGGATCCTGCGAAGGCATTTCCTGCATCGGAATGGCCATTCGGTCTTTCGGGGTCAGCGGTTCCGTGCGGGCGTTGAGATCGTTCAGTACGTTTTCGGCATCAGCGGCCAGTTTTTCGGCGGGAATATAAGTCATGATGTTGCTCCGGATTATGGGTTGTCAGGCATGCAGCGGCACTTGTGGGCCTCTTC
CP047593.1_gap71	1915621	1918284	2663	ATTCATTGCCGCTGTTCTGACACTCTTCTGCCGTCATGCGGGGAAAAGCTATAGCCTAAAAAGCACCTCGGGGCAAAACGATTTGTCAAAAAGCTTGCAGCTGAAGCGATTATCGGCAATTTTGCCGTTATTTGGAGAGGGCCCCCTTATGGACAAACGCGCAAAGAAACGATTGGCAATCCTGGACATTTTGCATCGCAGCACCGATTCGCTCAGCAGTACCCGCATCACCGAGCTGTTGAACGCACAAGGGGTGGATATTAGCGAGCGCACGGTGCGGCTTTATCTGCAGGAGCTCGATCAGGAGGGTTTCACCGAAAACCGCGGGCGCCGCGGGCGCGTCATCACCGACAAGGGTAAAAATGAGGCCGCCGCCTCGCGCGTCCTCGAACGGATCGGCCTGCTCTCCGGCAAAATTGACGCCATGGCCTACCGCATGGACTTCGATCCCGCCCTCCGCCGCGGCTCCGTCGTTGTCAATGTGTCGGTCGTTCCGCTTCCGGTAATTACGGCAAAACGGCTTGAGCTGATTAAGAAGGTATTTAGTAAAGGATATTCGATGGGCACCCTGTTGACGCTGTTCAAGCCGGGCGATCCCGGGGCCGGCATCACCATTCCCGAGGGGCACATCGGGATCGGGACGGTTTGTTCGATCACACTCAACGGCGTGCTGCTCCGCCGCGGCATCCCCACCTTCTCGCGCTTCGGGGGACTGCTCGAACTGCACAACGGCAAACCGACCCGCTTCGTCGATATCATCCATTATGACGGAACCAGCATCGACCCGCTCGTCGTCTTTATTCGCAGCGGCATGGCCGACTACGTCGGCGCCGTCACCGACGGTAACGGCCTCATCGGGGCCAGCTTCCGCGAGTTTCCGGCCGACAGCATCGAGGCGGTTCACAGCATTTCCGAACAGCTCGAAACCATCGGGCTCGGCAGCCTGCTCTGCTTCGGCAACCCCGGCCAAAGCCTCTTCGGCGTACCGGTCGGCCCGCAGCGCGCGGGAGCAATCATCATCGGCGGGCTCAACCCGATGTCGATTTTTGAAGAGACCGGTGCGCGCATTCAATCGAGTGCACTTTCGAGCCTGATCGACTTCAACCGCCTCTTCCATTACACCGAGTTCGAACAGCGTCTCGCCGCATTTTAACTGCGGTCGGCGGAAAAACGCTAACGAACGTTTCCCAAGACTGGAAAAATAAGTTATACCGCTTCCAAGGTTTGGAGGCCCGGCGGCGACCCGCGTCAACGGGGCGGAAACCGGAAAGGAACGCGGTATGAATTCGACCGATGCAACTCTGACCACCGGACTTCCGGAGCTCGACAAGGTTCTGAAAGGCATTCTGATCGGCGACAACATCGTCTGGCAGATCGACTCTGCCGACGAATATCATGAGCTCGTCACTCCCTTCTGCCGGGCGGCGCTTACAAACGGCAGTCGGCTGATCTATTTTCGTTACGCCCGCCATCAGGCTCTGGTTACGGAGAACGAAGGCGCTGAAGTGCACGAACTGGACCCCGAGCAGGGCTTCGAGCATTTCATCGAGCAGATTTGCGCAGTGATCGAAGAGGCCGGGCCGGGAACGTTTTACGTGTTCGACTGCCTGTCGCGCCTGGCGGTCGACTGGTACTCCGACGAAATGCTGGGCAACTTTTTCATGCTGACCTGCCCCCATCTCTTCGACATGGAAACGGTCGCTTACTTCGCGCTCTACCGCAACTACCACACCTCGCGCGCCGTCGTCCCGATCCAGAACACGACCCAGCTGTTTGTCGATGTCTACCGCCACAGGGGCGATCTCTATGTGCGGCCCATCAAGGTGCTGCACCGCTATTCGCCCACCATGAACATGCTGCACGTGCGGCGCGGCGAATCCTTCAGCCTCGTCACCTCCAGCGCGGTCACCTCGGAGATCATGACTTCTGCCAAATGGTCTGGCCTGAACTCCGACAGCAGCCTCGGCTTCTGGGAATCCTCCTTTCTGCAGGCGCAGGAGCTGATGGCATCGGGCGACTACCGCCCCGACCTGCCCGAGCGGGGTAAGAATCTCTACGAAAAACTCGTGCGCATGGTGGTCTCGCGCGACGCGGGCATGCAGAAGCTGATCGCCCGTTACCTCACTCTGCAGGATATTCTAGATATCCGCAAACGGATGATCGGCACCGGTCTGATCGGCGGAAAAACCGTTGGGATGCTGCTCGCGTGCGCTATTGTGAAAGGGAGTGATACGCGTTTCGTTGAGCTCATGGAGGCGCAGGATTCTTTCTTTATCGGTTCGGATGCGTTCTTTTCTTTTTTGGTAAGCAACGGCATCTGGTGGGTGCGGCAGAATCAGCGCGATCCGGATAAATTTCTCGAGGGTGCCGATGAGGCGCGACGGCGCATCATCACCGGCACGTTTTCCGCCCACATCATGAAGCAGTTTGAGGAAATGCTCGACTACTTTGGCCAGTCTCCTTTCATCGTGCGTTCCAGTTCGCTTCTCGAAGACAACTTCGGCAACTCCTTTGCCGGAAAATACGAAAGTGTTTTCTGTGTCAATCAGGGGCCGCGCGAGCGGCGCATGCAGGACTTCCTCGCCGCTGTTAAGCGGATTTATGCCAGCTCGATGAGTGAGCAGGCGCTGCGCTACCGCGCGCGGCGCGGTATGCTCGAGCGC
CP047593.1_gap72	1962346	1964547	2201	GTCGAGCAGCATTCGCGCGCCGGTGGTCGCATAAGTCTTCCGTTCGCGCAGGGCGTGGATCATGGCTTTGCGGGAAAGCTCCGGCATAACGGCGGCGGTAAGTCCGCAGCGATAGAGCAGTACCGCGGCAAAGGCATGCGGGGTTTGACCCTGTCGGTTCGGATCTTCTGAAGAAAAGCCGGGATGGGCTTCGTGGCAGTCGCCGCCGCCGGTGAAGCCGAGCTTTGCGCCTTGCTGCAGAAGATCGTTTGCGCTGAGTCCGTTGGGGTTGGTTTTTGCAAAATTCGGGATCAGCGGGTTGTCGCGGATATCGCTCGCGCCCCACATGGAATAGATTTCAATAAACCGCTCCACGTCGGGATCATGGAGGTCCCACTTCAGTCCGTGCGCCAGCCCGCCGTGCGGTCCGCCGACAACCTCGCGGTCGCCGTGAAAATGGTTCCAGACCGTGTTAAGGTTGCGCTGCGGCCCGTACATTCCGCGAAACAGCTGAAGCCGCTCGCGGGATGTGTAGACGTTCCGGTGAACCTGCCGTCCGGCCCATTCGTAGCCGACCAGTGTTACAAACCGTCCTTTTTCATTCTGCCGGTTGGTAACATCCTGCATCCAGCGCCATTCATTGTCGGAAAAATAGCAGGCGTGATCCGCCGCCGCTGCAAATTCCAGGCAGCCGACTTCGCGCGCGTGGCGCCACAGTTTCTCATAAGTTCCGGAGCCGTCGCTTCGTTCGGTATGCGCATGAATTTCGCCCCAGAAGATCGGTTCGGTCGTGCTGTCCTCCGGCAGCAGTTCCATCGGGTTGCTGCGCGCCAGCAGCTTGCCGTTTTTTTTGCGCGCTTCGGCCCGGTACACCCCGGGCGTGAGCGAAGGCAGGACGATGCGGAAGGTGTGGTGTGATGCAAAGCAGTTTTGCGGCGCGGTCGACCAGACCTCCCGGCCGTCGGTCAGCAGCAGTACGTCGAAATCGGTGTCCGGTGCGCCGCCTTCCGGAATGTTGCGAAAGTGGTCGGTGAATACTCCGCGCAGCTCCAGTTGTTGTTCGGTGCAGAACCGCCGGCCGGGGAGAGTCAGGTGCAGCCGTTCCGGAGGTCCTGCAGCAAATGTGACCGAGTGGGTGTTTCCGGGAAGCAGGCTGACCGGCAGGCGGCCGTTGCCGAGAGCTGTTGCTGCATTCAGGGGCGGTGTGTTGGAATACCAGTATTTACGTTCGCTTTCAGACCAGATCTGGGGAAACAAAAACGTCCGGTCTGTTCGATAGCTCAGTTCAAACGTATCGCCTGCGGCAAACGGCTGGTCGAGCCGACAGATGATATCCGTTTTTTCGTGGGATTCTTCCGAAGACTCGATCGTGCAGATCTGAACCGGTGTGCCTGGGGAAATAATAGTGAAGCCTGTTGCTTCCGGATTGCCGGTCTGCGGCAAATCAAATGCCTTGGGAATGGAAAAGCGGACCAGCGCTCCGGCGGGCAGTCCGCAGGGGCCGGCTTCGTACCGTACGGTGAAGGTGACCGGCTCGCCGACCGGAACCCGTGACGGGCTGATGGTCGTTTTCCCTGCTTCTGCGCGGCTTATTCCCCAGAGCTTCCGTTCGGCCTCCTCCAGCATTTCATTGCTGAAGGTCATTTCCGGGTCTGAAGAGACCACCAGGTGCGAGCTGGCTGCTTCCGGCACGGATATCCCGCTGACCCGAAGCTGCGAGAATCCGAGCGGCATGTCGACCACTCCGTAATCAACCCAGCGAAAACCGCGTGGGTTTGCATTGTCACGTGGCGGAAATTCGCTGTCGTTGACCCGGACGACCGGCGCTGTGGCGGGCGTCAGCATCCAGAGGCGGCGCGGTTCCGTTTCTGTTCCGGGCAGCCAGAATGTCATGTCCAGCAGGCCGGTGCCGTGATAGGCCTGCAGGTCATTCAATGCAAAAATCCGGCTGTGCCGTGTTCCTAAAACGCTGCTCGGTTTGTTGTTCATTCCGCTTCCTGATGTTCCGTGATTCTCTATTGCATATTGTAGTAGTAATTTCCCTCGGTTCGGAGCGGGAAATCATCTGTTCGGAAAGGAGACGCCGGTAAACCGTCGGTATTGAATAGGGTGGGGACAATCCACTGCTTCCATGCGTAGCGCACTTCCTGCGGTTTCCTGACGGAAGGCGAAGAGATCCGGATTTTTCCATCGATCAGCTCCGCCCGGGCCGGAATGAAGTT
CP047593.1_gap73	1966613	1967351	738	GTGAGGCGTTCGCCGAGATGGCGAAGGGTTTTTCGATGGAGAGTTCTTTGCTGCTGGGGGGAGTTCTTCCGGATATGGAAGCCTCTATTGATCAGGTTGTCGTGGAAAATGCCGATTTGTTTCAGGCGGCAGATGGGATCTTTTTCCAGGCGGATCGGCTTGCGGCTTATGCGTATCCGGCGCTTCATCGTGTTGGCGTGTTTGATGCGGGTAAAAAGCCGGTGGTGATTTCCTGTGGCGGAGAACGGAGCTACCTGAGTGGGCTGAGTCCTCGTCCGGTCAGCATAGATATCGGGGCGGATTTGCTGGGAAAACAGGCTGTTGAGCAGATTCTTTGGCGCATTCGTTATCCTGAAGAAACGCGACATTTTTCCGTGGTGATTCAGCCGGAGATTGTTGACCCATTCTGATGGGGCTTGTCTGTCGAACCTGTCGGTCAGGATCTGATCTCCCCTGTCTCAAATAAATTGGGCCGCTCGTGATGTAGCGGCCATTTTTTTCTCGAAACGGGTTCCTGCTGCTTTGTTTCGCAAAAACATATATTTTCGCGAAAAATTAAATTGAAATTACCCGAAACAGTGGTATTTTTCTATAAAAAGTGAACGTAATATAGCTGGAGATGATGTGAGAAAAAATATTTCAGATGGTGTTTGGCCGGTGATGCTGACCCCTTTTGAGGAGACTGGCCGGATAGACTGGCGGGGACTCGAGTTGCTGACAGAGTGGTATATTTCGCAG
CP047593.1_gap74	2115047	2116042	995	CCAGCAGATGATCATGCAGCCTGAATCTTATTCCCACTCGATGGTGGACGGCGGCTTGGAGCTGATGTCGTAGCAGACCCGGTTGACGCCTTTGACTTCATTGATGATCCGGTTGGAAATGGAATCCATCACATCATAAGGAAGTTTGTACCAGTCGGCGGTCATGCCGTCGCGGCTTTCGACCGCGCGAACAGCGACGACGTTTTCGTAGGTGCGGTCATCGCCCATTACGCCGACGGACTGGATCGGCAGCAGCACGGCGAAGTACTGCCAGACGTCGAGGTGGTTGTCCATTTTCATGATTTCTTCGCGCACGCGCAGGTCGGCCTGCTGGAGCACGTCGATGCGCTCGGGCGTGATGTCGCCGATGATGCGCACGGCGAGGCCGGGGCCGGGGAAGGGCTGGCGGTCGACGACATAGCTCGGCAGGCCGAGCTCGCGCCCGACGGCACGAACTTCATCCTTAAAGAGTTCACGTAGCGGTTCGATGAGGTCGAACTGCAGGTCGTCGGGCAGCCCGCCCACATTGTGGTGGCTCTTGATGGTGGCCGACGGGCCGCCGATCGGGGAAACCGATTCGATGACGTCGGGATAGAGCGTTCCCTGTCCGAGATATTTGACTTTGTCGCTGAGCGTGCGCGCTTTTTCAGCAAACACGTCAATAAAGGTGGTTCCGATGATTTTGCGCTTTTGCTCGGGATCGGAGACGCCTTCGAGTTTGCTGAGGAACAGGTCGCCGGCGCGGGCGACGTGCAGGTCGATGCCGAAAGCATCACCGAAGAGTTTTTCGATTTCTTCGGTTTCGCGGTAGCGCATGAGGCCGTTGTCGACGTAGACGCAGTGCAGCTGGTCGCCGATGGCTTTGTGGAGCAGGGCCGCCACGACGGAGGAGTCAACGCCGCCGGAGAGGCCGAGCAGGACGTGGTCGTCGCCGACTTTTTCGCGGATGGCGGCCACGTTGGCTTCAATAAATTTGCTCATTTCCCAGTCGCCGG
CP047593.1_gap75	2122750	2124222	1472	ACGGAGATCACCTTTACGGATGATCTGAACACGGCCCTGGCGGGACTCGCGGCAAACCTGCCCGTCATCCCGGATCCGCCTTGCGGTGCGGGATCTTCCTTATCCGGAAGCGCCGGCAATACGCTTCTGACTCTGAACAACGGAACATTGTCGCCGGGCGAAAGCCGCACCTTTCAAGTGACGCTGAACATTCCTGCCGGTGCATCTGCCGGAAGTTTTGTCAGCAGTACCAGTCTGGTAGCTGCCAATATTGCCGGGATGGCCACGACAGCTTCCACTGCCAGTGACGACCTCACGATTTCCTCGCTGATTTTTACAAAAGAGTTTCTGGATGATCCGCTGATTGCCGGGGAAACCGGGACCCTTCGGTACGTCATTCAGAATGTCCATCCCGCGGAAGATGCCGCGATTAACTCGTTCTCGGACGACCTGAGTTCTGCGCTGAGCGGGCTCGCGGTGGCCGGTGCGGTCACACAGGACAGCTGCGGCGGGACTCTCAGCGGGACGACCACCTTAACCTACATCGGTGGAAACGTGCCTCATGGGCAGACCGCCGTGATTGACGTGCCGGTCGCCGTGCCGGTTGGCGCGGGCGATGGTGCCTATCGCAGCGTATCCGGATTGCTGTCCGCGACGCAGGCCGGTGCTTCGGTCACTGCGGGCCCGGCGACGGATGTTTTAGAGGTGAACTCCTCGCGTCTTCTGCTCACTCTGAACATAAGAGACGATCTGGTGAAGCCCGGTGATGAAACCGTTTTTGAATTGACCCTCAAAAATCTGGACGCCTCCCGCACGGCATCCAATATTGGGTTTTCGGTCGATCTGGATCACGTCATATCGGGGATGACCTTCGGGCAAATCCTCTTCAACGAAATCCAGGGAGGCCTATCCGTAGGGGGGGCATCGCTGATGACTGTTTCCGGGGCATCTCTTGCCGCCGGCGCATCAGCGAACGTACGGCTTATTGCAACCGTTCCGGCGAATACGGCGAACGGAAACTATTCGTTCACCAGCAGCATCCTGACCGGTTCGATCGATGGGCTGGATGTACGCGGAAGTGCGGCCGGTGATACTTTGGAAGTGCTTCAGCTTCTGCCGTTCAGCCAGTCATTCGATGGCCCCACCGTTGCCGGAGGGTCGGCAACGCTGACGTTCAGCCTTTCAAATCCCTGGACCAATACGGTGTCAGCTCTGCGTTTTTCAGAAGATCTCGACAGCATCATGACAGGGCTGGTTGCGGTCACTCTTCCGGAGAGTCCTCTGGGAGAAGGATCTGTTATGTCCGGTACATCTTTCCTGACATTGACCGGCGGCGAGCTGTCGCCCGGCGAAAATGTCACTTTCGATGTCGAAGTCCAGGTGCCGGCCAATGCGGCTGCGGGCACCTATTTTGCTTCGACCAGTGATCTTACGGCGAATGGTTTGACTCGTTCGGATCCCGCGACCGCGAATCTGGTGATTGAACCGCCGCC
CP047593.1_gap76	2128801	2130727	1926	TCCAACACGATCCCGACCTTCCCGGTTTACATGATCATGCTGGTGACCCGCTGGCTGCTCGAAAAGGGCGGGCTCGAAGGTGTGCAGAAGATGAACGAAGAAAAAGCGGCCAAGCTTTACGCAGCGATTGATGCATCGGACTTCTATAACGGAACAGCGGTTCCGGAATTCCGTTCCCCGATGAACGTAACCTTCCGCCTGCCGACCGAAGACCTCGAAGCTCAGTTCGTTAAAGAAGCTGCGGCCAAGGGAATGACCAGCCTTAAAGGACACCGTTCTGTCGGTGGTATTCGTGCATCCATTTATAACGCATTCCCGGCAGCAGGCGTTGATGCGCTGATTGAATTCATGAAGGAATTCGAAGCGGCCAACGCATAATCTGTTGAATGCCGGCAGTTCCGGGGAGGATCTGATGAGTACGAAAATCTACTGGTTTTCCGGCTCGGGGAACTCTCTGGCAACCGCTCGGATGCTGGCTGAAAAACTGCCGGACGCTGAACTGATTCCGATTGCTCAGGCCGTTCATCGTCCGCCGGAAGCGGCGGACCTGATCGGCCTTGTTTTTCCTGTGTATGCGTTCGGCCCGCCTGCGTTGGTCGAAACGTTTATTAACAAACTGCAGGTGAAACCGGATAGTTACGTTTTTTCGGTCAGCACTTGCGCTGTAACTGCCGGGAGTACGCTGCATTTTATCCGCAGGGCATTGCGCAAAAGGGGGATCAGACTCAACGCTGCATGGACTGTCCGGCAGCCTGAAAACTATCCGCCCCTTGGTGGGACGCCCGGGTTGAAATCACAGGAGCGTACTCATGCAAAAGCGGATGAAAAGATCGCTCTTATTGCGCAGGCATTGCTGTCGCGAACCGCTGTGATTGAAAAGAGCGGGCTTTTCTGGCGGCTGGCCGGCCTGCTGATTTATCCGTCTTTCCGTTTTTTCGAGAAACACGGAGCAGATCGCCCTTTCAGAGCCGACCAAAGCTGCAACAGTTGCGGTATTTGTGAGAAACTCTGCCCCGTCCAGAATATTGAAATCCGTAATGGTCAGCCGATTTGGCTTGGACACTGTGAGCAGTGTTTTGCCTGTTTTCATTGGTGTCCTCAGAATGCCGTTCAGTACGGCTGGTCATCATGGATCAGGCGCTATCACCATCCCCGTACATCGTTATCCGATTTTCTGCAACAGCATCAGGATGTTGAACAGCAGGCTATTTTCTGCCGTGGAACAGAAGCCAGATTCTGAAACGGATTTTCTGCCAGAGTGACGGTTGTTTGGGACTTTTCGGGCGGGACTTTCCCGACTTCATGTAATCTCTGTCGTAGATACCCATTACAAATCCGATGTTATGGCGGAGGAGGAGGGTTCTTTTTCTTCGCCTGTTTTTATTGGTTAAAGTGATTGTTCAGACGTTTTGGTTGCTGATTTTGATGCGCTCTTTTGTGGGCTGGTGGGGGAGTAGTAGTTGGCGGGCGCATTTCACTAACTGGGTTTCACAGGCCGAATACCCTGCGCAGTTTTCTTTGGCTTCATTGCTGTTTGCTTTTATTTTATATGCTCTGTCCATTAGTTCTGAAACCAACTCAAAGATTTTTTGCTGATCATCATCATCATTTAGAAGCATGTGTATTTTTTGTTGTTTTGAAACCAGCCTATGCGTTAAGTCCACAATTTCTTGATCCCGGTCTTGAATATAAAATTCGCTTTGCCTAAAGCAGTATCCTCGAAGGCTCTCGGTCAAACCCATAAACTCTGCAATTTCATTGCGGAGGTCACAGGCCCATTTTTCAGCCAATGCTCCTTTGAAATGTTTATGTTGAATTAGACCGGAAATTACGGAAGCAATAACAGCCCCAGCAATGCCGCTAAAAAGTGCAGTTGTGATGATCGGGTTCATGATTCTCTGTTGTTTGTACGAGATCCCCGCTGCT
CP047593.1_gap77	2196879	2198672	1793	TTTCGGATTGGTGATCATAACGGTTTCTGGAGATTGTTCTATCGCGGTTGACAGGCGCCGGAGTTCGCTTTCCGCTTTTTTCCGGTCGGTAATGTTTACAACGTTTCCCAGACAGTAAGACGGGCTTCCGTCAGGTTTGCGTATGAGAACCGCATCCAGCAGGCCGTAAACCGGTTCCCCGGTCTTATGGATAAATGTTTTTTCCATTCGGAAATGTTCGATTTTTCCGTCCACCAGCTGCTTTTGAAGTTCCAGATTCTTCTCCAGAACTTCCGGTGCTGTAATCTCGCTGAGATGTTTTCCCTTCAGTTCCTTTTCGGTATAGCCGAGCATTTCACAATAGGCCTGATTTGCTGTTTCAATATAGAAGTCCAGAGAGACTTGAGCGACGCCGGTGGCCATCGAGTCATAAATGCCCCGGAACCGTGCTTCGCTTTCTTTCATTGCATTCTGGACTTCTTTGCGATGCGTAATGTCCGAAATGAACCCTTCAACCAGCATGCTGTTCTTTTCATTCCTGCGTCCGATTCCGCGTTCCCATAACCAGCGTTCTTCGCCTTCCCGAGTGATAATTCGATATTCAATTTCAAAATGCCTGTGATCATTCAGGCTTGCCTGGATTTGATTCGAAACCATGTTTCGATCCTCCGGGTGAATCAGTTCCTTATAGGAGATGGTTTTGTTGTTAATGAGATCTTCCGCGGTGTAGCCCGTGATTTTGGTTGCGCCGTCGCTGATAAACCGCATCGTCCAGTTCTTGTCGTTTTCGCAGAGGTATGCCATTCCTGGCAGGTTGGAAAGGAGCGTGGAAAACCGATTCCGGGACAAGGTGAGTTCCTGCTCGGCCGCTTTGCGGTTTGAAATGTCATGAGCAAAAGCAAAGACCGTTGTTTTGCCCTGGAACGTAATGGTGTTCGAATGGATTTCGACTGGAAAGATGTGACCCTCTTTTGTTTTGTGGAATCTTTCAGAAAATGTAGATCGTGACTTCTGGATTTGGTCCCAGTGTTTTTTCCAGCCTTGAATGTCATAGAACGGATCAATATCAACGACTGACAGCTTAAGCAGCTCGTCCTGTGAATACCCAAGCGATTGGCATGCAGCTTTATTGACATAGCTGAACGATCCATCCTTATCGATCCAGAAGGCGGAATCAGAGGCGTTATCAATCGAAAACTGAGTCATTTCCAGTTTCTCTTTAGCGAGCACCGCATCTTCCATCATGTTCAAGGCTGCCCGGCGCGAATCGATCAGCTCCTGATTCGCGGTTTCCAGTTCGGTTGTTCGGGCTTTAATCAGTTGCTCTAAAGAATCTTTTTGCTCCTGAATTTTCTGGTGGGCAAAACAGTTTTGTATCGCCAGCCCGAGCGTAGGGCCTATGACTGCCATCATCGCGCAGGTTTCGGATGATTTGTTGGGGTCGGGCAGGTTTATGAGCAGAAGTGACCCTATCAGGTTCCGGCCGCTGTGTACGGGAATTCTCATCAGGTTTTTAACGCCGGCCTGAGCGAGAGGGATTTTTAAAGGATGATCTTCGCTGAATTCAGATAACGTCAGTGGAACCGAGTCCGGGAGGCGCATGTGGCAGAAAGTGCTCAGCGGGAGGTGTTCGAACTGTTTTGTCTGGAGTGGGGGAAAAATGAAATACGATTCACATTTTTCCTGCCGGTTTGCGTGAAGGAAAAATATGACTGTTTCGGCTTTGCTCATCTTGCAGAGCTGCTCACTCAAGTGTTCCGCCATTTTATCTGGACTGTCCAGTGCAATTAAATCAGTAAGAAAAGAGGAACTCA
CP047593.1_gap78	2201074	2205309	4235	GTGTGTTGAGTTCCCTGTTCCCAGATCCGATAATTGCTCCATCCGTTTTCGGCCTGAACCTTTTTTTCAAAAGCATCGCGCTGAGCCGTTTTTATATGCGGAATCCATTCTATTTTTTGAGTAATGGTTTCGTTCAGTATGGGGCTGCAAAGGATCGAAAATTCCCGGGCGGTTATTTGTTCACTGGATTCAAGCATCCTGGACATCAGCGTCAGGTTGTTTTCCAATGTTCGGAATGTATGGAGGATTGCTGATGCACTTTGCAGAGCATGGGACCGGAATGTTTCATCTCGGTTTGAATTTTCTCCATGATAAACCAGCCAGGTAATCCCAATGGTCAGAAGCAGGAACGCTGCGGCGCAGGTGATTGCTTCTGTGTGACGCAGTCTGCGAGAGGTCAGGCGATGGCGGTTTTTCATGACCACCCAGCCGGCAATCAGAACCAGAAGAGGAATCTGGGTAATGATAATGGGAAGCCATTGTGCGGTTCGCATTCGTTTGTTCCAAATATCGGCACTTTGGCAAAGAACGATGTTCATCAGGGCTTTTCCGGTCCGGGGGTGGATGACTGGAGCGGACGCCCGTACAAAAATTCCGAATTCATCCTGAACCGGTCCCTGAATCGACGGGGTTGCGGTGAGCAGAGAGTTCACGTCTGTTCGGGTCGGCTGCTGGAAGACTGTACCGGCTGGAGTGGCGCGCGGATCAGTCTGCGGCAGGCTTTCGGGGCCGAAAACAACCTGGCCATCTTTAAGAGCAAACGAGCCAATGAATTCGGCGCCTGTCATTTCAGAAAAATCATGCAGCTGGCGGGTGATGCGAAGGAATTCCGGGCGATTCTGATCGGCTTCAGTAAACGAAAGTTCTGATGCTTCTTCCGGCGGGATGGCTGCCGCCAGCATTTTTACCTGGCGGGCCAGCTCCTTGCGCATCCGCAGGTCAATATGGGATCCGGATTGTTTGGCTCCCCAGATGCCTGCGAGAAACAGCAGAATTGCGGAGATGCAGAAGATGCAGTTTTTTTTTCGGTGAAGATCGTTTCGGATCCCGTCTAAAAATAATTCTCGCTCTGTCATGTCTGCCTTTCAGGAAAGCTGACGAAAGTCTAAAGATTTTTTCAGGAAAAGTCATGAAATTCTGCCTGTTTTCCAATGTGTGGAAAACACATGCAGTCAGATTCTGCAATGAGCAGGGGCGTCGGCATCGGGGCTTTGGAAGACCGGACAGAAAAAATCCAGCGTCTGGACGCCGGATCAGGTGGATTTGAATTCCTGAACTTTCCAGAGGACTTCTTTCAGTTTGACCAGTTGAATCGGTTTGGTGAGGTAGTCATCCATTCCGATGCTGATTCCGTGCTCACGCTCTTCATTCGAAGCATGGGCGGTCATGCCGATGATCAGGGGGCGCGGTTTGCCTTTGTAGCGCTGAAGGATTTCGATGGTGGCGGTCAGTCCGTCCAGTCTGGGCATTTGAATGTCCATCAGAACCAGGTCATAGGAGTTGGCATCCACCGTCTCGAGCACTTCAACACCGTCGCGGGCGAGGTCAGCCTGATAGCCGAGCTTTTCAATCATGCGCAAGGCCACCTTCTGGTTGAGCAGGTTATCTTCCGCCACCAGAATCTTCAGCGGTGATACGGTTTCGTTTGCATGGGCGGCGGAAACGGTCTGACTGTAGTTTTTGCTGCAGCCCTGAAGAATATCAATGATGGTTTGATACAGCATGGCCGGTTTGGCCGGTTTCGTGATGTAGGCCGAAATTGCGAGCGACTCGTCCGGTTTGTCGAGGCCGACGGATGTCAGGACAATAACTGGAAGCTCTTTGTCCGAACGAAAATCCCGGACCATGTGGGTCAGTGTTGCACCATCCAGTTCCGGCATTTGCATGTCGGTAATCATCAGGGCGTATTTCCGCCCGGACTGAATGGAGTGAAGTGCATCAATGGGCTTACTGAAGATGACAGGAGTCAGGCCCCAGCGCGTAAGCTGAGCCGAGAGAATCGTCAGGTTGGTGGCGTTATCGTCGACAACCAGAACATTCCGCGTTTCAAGGTCTTTGAGGTCCAGGTCGGAACGGAAGGAACGCACCTGTCGTGCTGCCGGAGTAGTAATGGTGAAGCGGAAGATGGAGCCGACTCCGGGAACGCTTTCCGCCCACATCTTTCCTCCCATCAGTTCGCTGAGGCGCTGGCTGATGGATAAGCCGAGACCGGAACCGCCGTACTGCCGGGTCATGGATGCGTCTGCCTGAGTGAACACGAAGAAAACCTGCTTGAGTTTTTCCGGTTCAATTCCGATGCCGGTATCACGTACTGTGAACTCCAGTTCATGGCCGCTGTCCTTTTGGCGGGCCGTCACCGACAGCCCGACTTCACCTTCGTGGGTGAACTTAATGGCGTTGCTGAGCAGGTTGATCAGGATCTGGCGCAGGCGCCCGGCATCACCGCGAATCACGGAAGGAACATTGCTGTCGACGTCATAAATAATCTCAAGGTTTTTTTCTGCGGCCTTTGTCACCATCAGGTCCAGTGTATCTTCGACGCATTGAGACAGGTCAAAATCCTGTTGCTCCAATTCCATTCGACCCGCTTCGATCTTTGAGAAATCGAGTACATCATTGATCAGGGTCAGCAGCGCTTCTCCACTGACCCGGATAATGTTGGCCGAATCGCGCTGTTCTTCGGAAAGGCTGGTTTCCAGCAGAAGATCGGTCATGCCGATGACGGCATTCATCGGTGTGCGGATTTCATGGCTCATATTGGCCAGAAAAGAGCTTTTGGCTTTTGCGGCTTCTTCCGCGGCTTCCTGGGCTTCTTCACGCAGGATGATATACCGGTGGATACGGTGGGTTGCGGTTAGGATCGCGATGACTCCAATCAGCCAGATGCTGCCATAGCTTAATGCTGCAATGCGGGTTTGTCCGGATGTGATGGCTTTGTAGGGCCTTAGAGGAATGGATACGCTGATGCCTCCGTGGATATCTCCAGTGGAATATCCCTGGTTCCCATGGCATTTCAAACAGCTTTTTTCTGCGGTCAGCGGCCGCATCAGCCGCAGGTATGGTTCTCCGTTCAGTTGATTAAGGGTGGTGACTTCTGTGACTCCTTGTCTGAATGATAAAAGAGCCTGTGTTTCCCATTCATCCGGTGCGTTTTCGGGCCGAAGAGGGTCGAGGCTTGTGATGTGGCCGATAATGCCGGCTTCTTCGCGACCCATTTCATGCACCTGCCGGGTCATATAGGCGGGGTTGATCAGGGTCAGCTTGCGACCGGACGGCGTTGTGATGTCGCGCTCGTCGGTTCCGCTTAGATAGGGATTGGGTTGAGTTTCTTCTGTAACTGGAACGTATGTACCTCCATGCAGGGAGCTCCAGTGACGATAAAGGTGGTCCCTTTGAAACTGGGCGCGCGCAGCCATGGTTGCGGCAGTCATTGTTCCCTTGCGTTCGTGATAGACGGCCCAGGAGAATGATGTGCCCAAAGCGACAGACCAGATGAGAATCAGAAGAATCACCAAGCATCTGACTTTGCAGACAGGCTTTTTGTTCGGAGTTGTAGAGTGCATGAATACCGCCGCTATTATAAGATAGCGGACGACGATAGATGTTTTCCGATGCGTTGACAAGGCGCATGCTTAATGCTTCGGTGGAGTCGGATCGATCGTATGAGATTTTTTCCTGATGTTCTATCGGGCTATGTTTTGCTGTTCCCGATGATTGCGGATGTTCGGGTGAGCATTTCTTTCAGTTTGGTGAGTTGAATCGGTTTGGTCAGATAGTCGTCCATGCCGGCGGCAAGTCCGCGTTCGCGTTCCTCATTGGATGCATGGGCGGTCATGCCGATGATCAGGGGGCGTTTTTTGTCTTTGAAGCGGCTGTGCAGTTCCTGGGTGGCGGTCAGGCCGTCCATGCGGGGCATCTGGATGTCCATCAGGATGAGGTCATACTCTTTCTGATCGACCTTCTCGAGCGCTTCAACGCCGTCATGCGCGAGGTCGGCCTGGTAGTTCAGTTTTTCAAGCATGCGCAGGGCGACTTTTTGGTTGAGCGTGTTATCTTCTGTAACCAGAATTTTCAGCGATTCGGCGCTGGATGGTATTGCTGTTGTCCGAGCTCTGTCGGATGACGGGGTGGACCCGTATCCTTGCAGGATGCGCTCAATGTCCTGGTGCAGCTGCGCCGGTTTGACCGGTTTGCTGATACAGCTCGAGATATGGAGTGTCTCGTCCCGCCTGCTC
CP047593.1_gap79	2277155	2281040	3885	TTCTGCTGTTCGTCCATCAGGCAGACGACCGGATGCTCGGTTTTGATGCCGCGTTCTTCGTCGAATTCGGTGGTGTGTGCACCGGTCAGTTTGCAGACGTTGCGGGCGAATTCAATAACCGCGCACTGCAGGCCGAGACAGATGCCGAGGAACGGGATGTTGTTCTCACGGGCGTACTGCGCAGCGCGGATTTTTCCTTCCATGCCGCGCGATCCGAATCCACCAGGAATCAGGATGCCGGAGACGGTTTTAAGAATGTCGGGATCGGTTTCGATTTCTTCCGCGGCCAGTTTGATGATGTCGACTTTGTAGCCGGATGCGTATCCGCCGTGGTACAGCGCTTCGTAGATGGATTTATAGGCATCCTGAAGCTCGGAGTATTTCCCGACGACGCCGATCTTGACCGTGCCTTTCGGGTTTTTAATGGTGTCGATGAGCTGTTCCCAGTCGGACAGGTTCGGCTGGTCGGAACAGTCGATGTTAAAATGATCGATGATCTGCTGGTCGACGTTTTGTTTGGCAAGCACCAGCGGGATTTCATAAATGGAGGTGTCGACGTCTTTTTCGACGATGACGCATTCTTTGTCGACGTTGCAGAAGAGCGAGAGCTTTTCGAGGTGTTCCTTGGTCAGGTCCACTTCTGTGCGGCAGACAAGAATGTGCGGCAGGATGCCGATTTCGCGCAGTTTGGCGACGCTTTGCTGGGTCGGTTTGGTTTTCACCTCTTTGGCGGCCGCGATGTAAGGCACATAGGTGAGGTGAATGTACATGGAGTTTTTACGACCGACATCGGCCCCGAGCTGGCGCAGGGCTTCGAGAAAAATCAGCCCTTCAATGTCTCCGACCGTTCCGCCGAGCTCAATGATGATGACATCGGGGTTTTCCTCTTCGAGGCTGCGGATGCGCTCTTTGATTTCATTGGAAATATGCGGGATCATCTGGACGGTGCCGCCGAGGTAGTCGCCGCGTCGTTCTTTGTGCAGAACGTTCCAGTAAATGCGTCCGGCAGTGATGTTGCTGCGCTGGGAGGTGGGCTGACCGGTGTAGCGTTCGTAGTGGCCGAGGTCGAGGTCCGTTTCGGCGCCGTCGTCGGTTACATAGACTTCACCGTGCTGGTAAGGGCTCATGGTGCCGGGATCCACGTTGAGATATGGGTCCATTTTGAGCATGCGGATGGAGAGTCCGCGGTTGATGAGAAGTCGTCCGATCGAGGCGGCAGTGATGCCTTTTCCGAGTGATGAAACCACGCCGCCGGTGATGAATAAATATTTGGCCATTTTGAATTCCACAGTTCCTGATAAATTTGCGTAAAAACTATGGAAAAACAATGTAGCAGGATCAGAAACGATGTCCAAAAAATAAGGTCAAAACCGCTCTGAAATTTTTGTCCGGTCGAATTTCAGGCGCTAAAGGTGTTTTTTCCTGTAGGTTTCAATTACTTTAATATAATTGACTCGCTCAAATTCTTCGGGGTTTTCGACGCCTCGCTGGCTCATCAGGCCCTGGAGTTCGTGGACGGATTCATACTGGTTGGACGTCATCCAGCGTTCAAGATCACGAAGGATCGAGCCGATATATTCCGGTCCGTGCTGAAGCAGGGCAGAGGCTGTCATGACCGCATCGGCGCCTGCCAGAAGGTATTTAATGACTCCCACACCGGACTGGACGCCTGATGTGGCTGCCAGTGATGCTTTGACATTTTTGTAGAGCATGGCGATCCAGCGCAGCGGCAGGCGGATATCTCCTGCGGCGCTCAGGGACAGGCTGGGTTCCACTTCCATCGCAACCAGGTTGAAATCCGGTTGGTAGAAGCGGTTAAACAGAACCAGGGCATTGATGCCGGTCTCGTCCAGTCGCCGGGCCATATTCCCGAATGAACTGAAAAAAGGAGTCAGCTTGACGGCAACCGGAATCTGTACAGAATTCCGGACGGCCAGAACGGTGTCGATGTAGCGTTGCTCAATCTCCTGCGCGCTGACGAGCGGGTTGGCAGCAACATGGTACAGGTTGAGCTCCAGCGCCTGTGCGCCGGCTTCTTCAATCTGCTTTGCATAAGAGGTCCAGCCGTCCGGGGTCACCCCGTTCAGGCTTCCAATGATCGGGACGCCGCTGTGGGAGGCCGTGCGTCGGACCAGTTCCAGATAGGCGTCCGGCGACATCAGGTAGTCGTCGGCCATTGGAAAATACGGATTGATTTCGCCGGTATTGTTCAGCTGTTCTTCAAACAGGGATGGGAGAACAACGGCTGCGGCTCCGGCATCGACGGCCTTTTTGATTTTTTCCTCTCTCGCCGAAATCGGCGAGGAGGAAACGATCAGCGGGTTCTTCAACGCCAGACCCATATAGGTGGTGGTTAAATCCAACATTATCCCGGCTCCGCTGATAAGACCAATTTAAGACTGCGGTTCAAAGTATTCTTTTTCAGCACCGCATTCCGGACAGCACCAATCATCAGGCAGGTCAGCAAAAGCAGTGCCCGGGGCTACGCCGTTGTCGGGATCTCCAACTGCCGGGTCGTAAATGTAACCGCAAGGTGTGCATACGTATTTTTCCATCATCTCCTCCTTTTTTATTGATGAAAACTGCCTGACTTTAGAAAGGGACATCGCGGATGTCGAATAGAAATCTTTAAATCCACGGAGACGATATTCATTTTTCTTTCAGCAGTTCGTTCGGTTCGATGGCTTGTGTGCGGCAGATGTGGGAATAATCTTCGTAGCCTGCGATCAGCGGCTCGGCCGCGAGGTCGCCGGCGCGCAGTTTCCGAACATTGGAAAAAAGAGTTTCAAGGAATGTTTCGGTCAGCTCCGGAGTCATCGTCAGTCGTTTGCGTCTGAAGTGCGATTCCATTTTTTTCAGGGCTCGCTCCTGCAGATGATAAAGCGCCTGAACCCTCTCGTTCAGCTCCGGAGTATTGTGTGCTCCGAAGAAAAACTGCTGGGCGGCAAGGGTGTAGAGCGCGAGCTGGCAGTCGAGGTTCAGTCCGATTTTTTTCTCCAGAGTTTCAATGCTGTCGGAGCGCGATTTGCTTTTGTAGTCGATCACCAGAACCCGTTCCAGTTCGCCGTCGTTGAAAACCAGATCAATGCGGTCGATTTTTCCTTTCAGCCGCACCTCTTCACCGTTGTGTTCCAGGGTCAGCGGCAGATCGTGCTTTTCATCAAATTTCATCTCGAACAGCGCCGGATAGCGGTTTTCGGACAGGGCGGTTTCGCAGTCCATGCGGATAAAGTTTTCGATGACGTTCAGGATTTTTTCCTTTTCCGTATTCCACACCGTCGGATGACCCAGGTGGCGGCTCGGCCGTCGTTCGGCTTTTATGAATTCGTCCGTCGCGATTTCGCGGGCCAGTGCAATCAGTTCATCTGCTTTAGATGGCTCAAACACTGCCAGCAGGATGTCGCCTTCCTGGGAGAGTTTCCAGCCATCGGAAACTTTTTTTGCGTACCATCCGCTCTGTGCCGCAATCTCGTGGTAGACTTGGTCCAGAATTTCGTGAATCACGTTTCCGCGGTCCATCGGATCGGTGTCATCCTCGTGAGTGCGGTCCGGTTTGATTCCGAGCACTTTTTCGAGGAAAAAGACAAATCGGTTGCGTGCGAGCGATTCCAGCGCGGTCGCGCTGAACTCCGGGTTGTTGTTCAGCCATGCCTGGATGGCGGACGCAACGTTCCCGTTGCGTTCAGTTTTTCCAATGTCTGGAGGCTTCGACGGGGCCGCAGCGCCTGTATTGGAGGACAGCCATGCCCGGGTTTGTTGTGCCTCGTCTTCCGCCCGAACGGCTTCCGGTGGAAGAATGGTGTGGAACGATTCGCCGTGGGCAGGAGCTTCGCCTCCGGACAGCTTGCGCATACGCTCAAAAAATTCTCCGGGCGTACGTTCTTT
CP047593.1_gap80	2379206	2382890	3684	TTCACCGTTCCATGCATGCAGAACCGGGTCTTTTTGCATGGGCTGGTAGCAGACAATCAGTACGGGGTAATATCGCGATATGTCCAGTGCCAGTTTTACAGCCTGCGGTTCGCGGGGCACCACCAGCATGGTGATGTTGTCCCTCCACGGAATGAGCTCGGGTTCCTGTGCATACAGAGCGAAGGCATTGCATAGGAGGATGGCTGCAAGAACGCCTTTTTTAAACATAATGGACCTCGGGGTTATTGTGCTGTTGCAGGAGTGGGCGGGAGGCGCTGCGAAAGTTTATCGTCAATCATCATCAATGCTCCGCCGTTTTCGTCGGCCAGCTTGAGACGATTGACGATGTCTTCAACATTTGCTTCTTCTTCAACCTGTTCCGTAATATACCACTGCAGGAACACCTGTGATGCATGGTCTTTTTCTTCCACGGCCACGTCAAGAAGCTCATTGATCGATTTGGTCACGAACTGCTCGTGTGCCAGACTCGCCTGGAAAATCTCCAGAATGGTACCGAATTCGTTCGGCGGCTCATCAATCTGCATCAGGCGGGCGTTGCCTCCATGTTGCATCACGTAGTCGAACATCTTGCTCATGTGCATGATTTCTTCGTCGTACTGCATCCGGAACCAGTGTTCTGCACCCGGCATGCCGAGGCGATTGCAATAGGCCGACATCGACAGGTAAAGGTATGCGGAATAAAATTCTTTATTGATCTGCTCGTTGAGCGCTTCTTCCATTCGTTTTGTTATCATCAGATCATTTCTCCCTTGTTTTCCCAATCTTAGACAGATTGGCCTTCAGAGGTCAAAGACCGAGATGCCTAAACTATGATTGGCAATGAAGGCCGGATTTCGACTGTTTTGGAAAAAAAGAGATGCCGACATCAAGGACTTTCCAACCATTGGAAAAGGTGCGTATAGTGAGTCGCATGAAAAATTTTATTCTTGATACGAACGTTCTGATTCATGATCCCACGGCAATTTATCAGTTTGATGAGCATGCGGTGATCATTCCCTTGAAAGTGTTGGAGGAAATTGACCGCTTTAAAAAAGAGTTGAGCGAGCGCGGGCGCAATGCCCGGACGGTTTCCCGGATGCTCGATGAATTGCGGAAAAAGGGCCGGCTTTCCGATGGTGTATCGTTGGGCAGTGGTGGGAGCATTCAGGTGATTTTTGCCGATAAGGATGATCCGTTTGCCCTGAAGCTTTCAGCGGACGATCTGATTCTGAAGATGGCAATGGACATCAAAAAGAGTCGTCCGGATGAAAAATGCACGGTGGTCAGCAAGGATATCAATTTGCGGCTGAAGGCCGATGCGCTTGGCCTGGAGGCCGAGGACTATGAAAACGGAAAGCAGCACGAGCCGGATGAAATGTATTCCGGACAGGTTGTGCTGGATGCGGATTCTGAAGCGATCGGCTTTTTTGCCCGCGAAGGACATGTTGTGGTTTCCGGAATGGATGAGCTCGATCCGAATCAGTATATCACGCTGCAGAATCCGCAGGATCCCAAGCAGACCATGCTGGGGCGTTATGATGCCGAAACACATCGGATTGTGAAGCTGCTGGCGATCGATAACAACGCTCCGGTGACTCCGCGCAACCGAGAGCAGCGGTTTGCCATGGATGCACTGCTGAACGATAAAATCAAGCTGGTGACTCTTTGTGGAAAGGCCGGTACCGGGAAAACCCTGCTGGCAATTGCTGCCGGTTATCATCAGGTGATGGATACCAAATATTACAATCGACTGCTGGTTTCCCGGCCCATTTTTCCAATGGGCAAGGATCTCGGGTATTTGCCCGGATCGGTGGAGGAAAAGCTCGATCCGTGGATGCAGCCGATCCATGATGCCCTGTCGCTGGTGGTTCATAATCGAACCGGCAGTTCGAATGCTCAAAACAAAAAGGGCGGTGATCTGATTGCCTCGAATCCGCTGATTGATGTGGAGCCGCTGACGTATATTCGCGGGAGGAGCATTCCCAACCAGTTTATGATTGTTGATGAGTCTCAGAACCTGACTCCGCTGGAGGTTAAAACGGTCATTACCCGTGTCGGGCATGACACCAAGATTATTTTGACCGGAGACCTTTACCAGATCGATAATCCGTATGTGGACAGCATGTCCAGCGGCCTGAGTGCGGTTGTCGAAAAATTCCGCGGCGAAGAACTGAGTGCGCATATGCTGTTTTCAGAAGGGGTTCGTTCGGATCTGGCCGAAAAAGCCGCGAATCTGCTTTAAACAGTTTCACGGCTTTACAACGCTGAAGGATTAACTAGCATCTCCTCTTTTCAGTGAACGAGGAGCAGAGGTGACAGGATGTTTTTTCAGAAAACCATGAGAAAAATTCTTGCAGATCGCGGTTATACGCATTGTGCAGGCGATGAAGACTTTTCTCGACACGGCGATTATGCCCGCAACATACAGTATGCTTTTTCAAAAGAACATGCAGGGAACGGACAGAAAGTGGTCGATATCGTTTTTCTGGGTGCGGATATGCACGCTGAACGGATCATTATTGGGTTTTTCCGCGAAAATGTTTCCATTGAAAATGGAGTTCTCGCGAATCAGGATACCAGTATCCCGCTGTCCAAATTCTCACTGGATGAATTTGAAAAACAGATCGACCGCCTGATTCCTAAGGGATCGCCGGTCGGAAGGCACACTGAAGTCAGTGCAGCTTTTTAAATTAAAGAAGGAGATCAGAATGAATGCAGAAAAGCTTTTTGCGGACCGCATCGGCGGCGAGCAGTTCGGCAAATCCACCGAAATTTATAAATTTGAAAAAATCAAACGGGCAAAAGCCAAGGCGCGCGAGCTGCATCCCGATCTGGAAATTCTCGATTTTGGAGTGGGGGAGCCGGATCAGATGGCCCCGGCTCCGATTCGGGAAGCGTTGAAAGTACAGGTCGACCTGCCCGAAAACCGCGGCTATGCCGACAACGGCATTGCTGAATTTAAGCAGGCGGCGGCTGAATACATGAAAAACTTTTTCGGGGTCGAACTGGATCCGGCTTCGGAAATCAACCACAGCATCGGCACCAAGCCGGCGCTGGCCATGCTTCCTCTTGCCTTTGTGAATCCGGGGGACGTCATTTTTCAGACGGTTCCCGGCTATCCGGTAATGGCCACGCACACCAAATACCTCGGCGGCGAAGTGGTGGATATTCCGCTGCTCGAAGAAAATGAATTTCTTCCAAACCTTGAAAGTATTGATCCGGCGCTGGCGGATCGCTGTAAACTGTTCTACATCAACTACCCCAACAATCCGACCGGCGCGGTGGCTACAGATGAGTTTTACGACGAACTGATTGCTTTTGCTCAGAAACACAACATCCTGATTATTCAGGACGCTCCGTATGCCACTCTGGTGTATGATGGCGATCGCAAGTCGATCCTTCAGCGTCCCGGCGCGAAAGAATGCGCGCTCGAACTTCATTCCATGTCCAAGGCGTACAACATGACCGGCTGGCGTTTGGCCTTTTTCTGTGGAGCAGCCTGGGCTGTCGAAGCGCTGGCGACTGTAAAAGACAACTGCGACAGCGGTCAGTTCAAGGCCATTCAGCACGCTGCCTGTGCGGGCATTGCGGATGAGAGCCTCGCGGAAGGCATCCGCGTTCACTACGAAAAACGCCTGCGCAAAATGGTCAACGTTCTGAAAGACGTTGGTTTTGATGCCCAGA
CP047593.1_gap81	2384315	2386094	1779	CGGACGGGATTGTTACAAACGTGGACAATGGGGTGCTGTGCGATTACCTTTATCTTGCGGCAGGTGGCAATGAGGGGCCGGTGACGATGCAGATCGCGGGTTTGAGTTCTTCTCTTTTGTCAGATACGCAATACTATCTGTATCTGATCGGAGCCGGGGACAATACGAATCAGGGGACAAGTTTCACTTTTGACAGTGCTACACTGGATACCGTCAGTGGAACAGGGACTCCCTCTGATGCGGTTGCCACGTTTACCTTTACGACAGGCTCAACGGTTAACGATACACTTGAGTTTACATGGGATCGAATCGGCTCCAATGATTATAGCGGATTCAACGGATTTGCAATTGTTGCGGTTCCGGAACCGGCTACCATTGGCTTGGTCGGGATTTCCGGAGTTCTCCTGTTCTGGGGACACCGCCGTTCTTCTGCAAAGAAAGCAACGGCATAAGGTTTTTCATTTTTTAGTAAGCTTGATTTTCGGGGTTGCCTCAGCGGCAACCCCGTTTTTTTTATGATGTGAAGCTTTTGAGAAGAGCCAGTACTTCCTTCAGGCGGGCCGAGGTGCTGTTTGGGTTCAGGCGTGGATAATGTCCATTCACCATGATCGGTTCTCCATTGCGGATCAGCATGATTCGATCATCATTAACTCGGATTGTTTTAATTCCCGCCTGAGCCGCGGCAATCCTCATGCGGGCAATTTCGAACAGATTCTGCATTGCCGGGGGCAGGCGTCCGAACCGATCGGAAAATTCTCTTTTTAATTCCCGAACTTCGCTCTCTTTGGCGAGCGAAGAGATTCTCCCGTACAGCTTAACGCGCAGATTTTCATCGTCCACATAGCTGTATGGGATGAAGGCCGCAGCAGTTTGCTCTCCGGAGGCCGGGGAACGTTCGATAAAATCGAGATCAACAGAGGCCTCGATGATCGGAGGAACTTTTTTACCCTGCAGGCGTGCAATGCTGCGTTTGAGCAGTTGGCAGTAAAGATCAAACCCAATGGCCGCGATGTGTCCGCTTTGCTGGGCTCCAAGCAGATTCCCTGCGCCGCGGATCTCCAGATCGCGCATGGCAATGCGAAATCCGGTTCCGTGTCCGGTATATTTTTTAAGTGCTTCAATTCGCTGTCGTGCATCACTGGTCAATACGCCGTGCGCTGGAATCAGCAGAAAAGCGAAGGCTTTTCGCCGGGCGCGCCCGACGCGCCCGCGCAGCTGATAAAGATCTGCCAGTCCGAATCGGTCGGCTCGATCTACCAGAATTGTATTGCAGTTCGGAATATCGACGCCGTTTTCTACAATAGTGGTGCAGATGAGCACATCGAACAGGCCCCGCACAAAGCGGTGCATGATATCCGAAAGCTGCTTTTCACTCATCTGCCCATGGGCATACTCAATTCGCGCTTCCGGAACCAGTTCCTGAACCCGTTCTGCCATTTTATCAATCGTCTGCACGCGATTGTGCAGATAAAACACCTGTCCGTCGCGGGCCAGCTCATGGCGGATGGCTTCTGTAATGATTTCGTCGTGTTCTTCGAGTACGAACGTCTCGACCGGCTGGCGTTCCTGCGGCGGGGTGGAGATGGTGCTCATGTCGCGCGCGCCGGTCAGCCCCATGTAAAGCGTGCGCGGAATCGGTGTGGCGCTGAGCGTCAGTACGTCCACTTCTTTGCGAAGCTGTTTGAGATGCTCTTTGGCGCGCACGCCGAAGCGTTGTTCCTCGTCAATCACCACCAGTCCCAGATTGCTGAATCGTACGTCTTTGGAAACCAGCCGATG
CP047593.1_gap82	2389706	2390362	656	CTCCGGTTGTCCGTTCGTCGAGTCCGGCTCCAAAGACATCGTCTTCGACCGGTTCTTCCAGTCGCGGATCGATTGCTCAAGGATCTTCATATGTGATTCAGAAGGGCGATACGCTTTCCGGAATCGCAAAACGCGCCGGCCTTAGTGTTGCGGAAATCAAAGCCGCCAATGCGCTGGATAACTCTGTGATTGTTGCGGGAAAAAGTCTGAGTATTCCGAAAAAAGGTGAAGTGAATGTTTCGTCTTCCTACAGTGCGCCGGTAACCGCTCCCAAGCCGGCTCCGATGGTTGAGGTCGCGGCGCCGGTTGCTGGTTCTGCTCCGGAGCCGGCTCCGATGGCAGAAGATATTGCTCCGGTTGAATCCGCTGCGTCCGCTCCGGTTTACGAACATGTTCTGTATCCGGGAGAAACCCTCGAAGATGTTGCCCGCCAGTATGGTACCACTCAGGATGAGATCATTATGCTGAATGGATTGACCAGCCCGGATGATCTGAAGCCCGGCACCAAGCTGCTGGTTCCGATTCCGGAATAAAAGTCTTCTGTTTAATCGAAAAGGGGACGTTTCTGTGACGTCCCCTTTTTACTGTTTTTTGCTATGCAGCGAACCATTACAGTGTTGATTGCCGCAGTGCTGATGCTGGCAACAGTAGGACTG
CP047593.1_gap83	2391422	2394882	3460	GAGCTTAGGCTTCCAGTTCCGGTTTGCATAATTCGTAGAATTTACACATCCGGCAGGAATCGGGGTCGGCGGCCAGTTCCCACTCTTCTTTGGGGAGGGGCTCGTTTTTTTTGCGGTCGAAGTCCACCAGATATTCGCTCATTTCCGCTACGGAAGCTTCAATGCGCGCTTTCTGTTCGTCGAATTCATCCATTGTCAGCTGGAAGGGAAGTACCTGGCCTTCATTGAGGTACTCGACGTACAGAAAAATATCATCAATCGGCACATTGTATTTCACCTCGGCCCACAGGGCATAGCCTGCCAGCTGATCACGGTGGGATTCTTTGATTTTTCCCGCTTTCCAGTCGTGAATGTGCATCTGGTTTCCAATCCGGTACGCGTAGTCGGGAATAACGTACATTTTTACACCATTCCATGTGATGTTTTCCGGGTCGCCGCCCATGTCCGGCGTCTGGATCTTCATTTCCTGCTCAAACGTAATGTTTCCAAGCCTTGGAAGAACCAGTTCGATGAAATTCTGCGTACAGTTTATCACCTGCTCACGGATGGCTCCGATCGCGGCTTTTTCATCATCCATGGTTTGGTAATAGTGCCCGTGCAGGCAGCAGAACTGTTTCGGATTCTGTTTCCACGCTTTGTCGCGTGATTCCTTCCAGCAGCGGATCAAAAACGGCCGGGCGACCGTTTCGTAGGCTTCCTCTGCGGAGACCGGATGGTCCGCCTGATGCTGACGCAGCACGCGCATAATTGTATTTTCGGTGGCCACGCCCATGATGCCCCAGCGATTGGTCATTTTGTTAAGACGGTATGCGGTTTTTGTTTCTGCATCTGCGTTGCGGTCCCAGCCGCCCCACATGCCGTATTTACTCCAGTAGCGCCGTCGCCGGCACTCTTCAAAATCGGCCGCCGCGCTGAACGACCACGAAAAGGTGTTTTTTAACATTGCCATAATTTTTTCAGATTACCTGTCTGTCATCGCAAATGCACGTGCGAGTTTCCAATGTTGTTGAACGTCAGGATGAGTGCAGTATACAACGCCACCATTCTGCTTTCAGTGTTTCAACCGGAAACACAACCGAGAAAGGGACGATAATTAAATGAAACCGGAGATTATAGCTGTAAATGCAAGGAATGGACAGAGCGCTTTAAAGCGCAGAAGCCGGCTTTGGCGTTTCCTGTTCTGTAAACCAGCTGGTGGTGCGGTTGGCGAAGGCGACGAGAGCGAGCATAACGGGGACTTCGACGAGGACTCCGACGATGGTGGCGAGAGCGACAGGTGAAGACGTTCCGAAGAGCGCAATGGCGACGGCAACGGCCAGTTCGAAAAAGTTCGAGGCGCCGATCATGCCGGCGGGCGCGGCGACGTTGTGCGGCAGTTTGAGCGCTTTGGAGGCGAAGTAGGCAATGCAGAAGATCAGCACGGTCTGAATGATCAGCGGCACGGCGATCAGGCCGATGTGAACCGGATTGCTGAGGATGACATCGCCCTGGAAGGAAAAGATGATGACGAGCGTGAGCAACAGGCCGGAGATGGTGGTTTTGCTGAATGTGGGCAGGAAGACGTTTTCAAAATAGTCTGCGCCTTTGGTTTTGAGCAGGTGGCCGCGGGTGAGCGCGCCGCCAGTGAGCGGGATGACGACGAACAGCACGACGGACAGAAACAGCGTATCCCATGGCACGTAGACGTTGCTGATGCCGAGCAGGAATTTAACGATCGGTACAAAGGCGAAGAGAATGATGAGGTCGTTGGTGGCGACCTGCACCACGGTATAGGCCGGGTTTCCTTTGGTGAGGTGGCTCCAGACAAAGACCATGGCGGTGCAGGGGGCGGCTCCGAGCAGTACGGCTCCGGCGAGATAGTCTTTGGCCAGTTCTGCCGGAATCAGATTTTTGAAGACAACGTAGAAAAACAGCCATGCGATGCCGAACATGGTGAACGGTTTGATCAGCCAGTTGCTGATCCATGTCACAAAGAGGCCTTTCGGATTTTTACCGACGTTTTTGACGCTCTTGAAGTCGACCTTCATCATCATCGGGTAGATCATCAGCCAGATGAGCACGGCGACGGGAATGGAGACGTTAGCGTATTCCAGTTTGCCGAGGAAGTTGGGGATGGCGGGCAGGAACCGGCCGATCAGGATGCCTGCGAGCATGCAAAGCGTGACCCAGGCGGTCAGGTATTTTTCGAAAAAGCTGATGCTGCTTTCAGTTGGTTGACTCATGGTTTTCTCCTGTTTCAGGGTGAGGTGTAGAGCATGTAAAGTCCGCCGATCAGGACGAGGATGCCGCAGATTTTTTTGAGCCGGACGGCTCCTTTGGATCGGTCGTTCCACTCTTTGTAGCGCTGGACCAGTCCGGTGCAGACGCCGGCCAGTGTGATGACGCCGCAGTGGCCGATGCCGTACATCACAAGCAGGCTTCCGGCGTAGATCGGCTGTTCCGAGCCCAGCTTGAATGTGATGCCGAGCAGCGGCGCCATAAAAGCAAAGGAACAGGGGCCCAGCGCGATGCCGAAGATCAGTCCGAGCAGAAATGCTCCGCCCATCCCTTTGTGTCTGCGGTTTGCCTGATCCGGTTTGTTCCACCCCAGAGGAATGACGCCGAGCAGGTGCAGGCCAACGATAAAAAAGATGAGCGCGACGAAATAATTTCCATAGCGGCCGATGTCACCCATCATTCGGCCCAGCGCAGATGTAAGCACGCCGATCAGCGCGATGGTGAACAGCATGCCCGTTGCAAACAGAAGGGAAATGGCAAAGGCACGGCGGGGAGTGGAATCTTTCTGTTCGTCAATCAGGCCGACGATCAGCGGAATGCTGGCCAGATGGCACGGGCTCAGCAGAATGCTTAGAATTCCCCAGAGCAGCGCAGCGCTCAGAGCGATCAGCGGCGTGCTTCCTACGGCATGGGTCAGAGATGTGAACAGCTCTTCCATTGATCAGTCTTCCTTAAATACGTATCCAAGATCCTGCCATTTCGCCAGCATGTCTTCGCGGGCGAAAAATCCTTCATGACGGAATAGTTCATTGCCGTCCGAATCAAAAAAGATCTGAGTCGGGATGACGCGCAGGTCGTACTGTTCGCTGATACCTTTGTGCTGCCACACGTCGATAAAATCGACGAGAAGCTGCTCGTCAAAGGTTTCTTTCATTTCATCGAGAATAGGAGCCATCATTTTGCACGGAACGCATTTGAGGGAGCCGAGTTCGAGCAGTCGGGGCAGCGGCAGGGAAGCCGATGCGGTTTCCTCTGTCGGAGCCGGTTTGTATTTCTTGATCTCAAGGACCGCGGCAATCGCAATGATCAGCAGTCCGACGATGAGTATGTTTTTTTTCATGACGAGTCTTTAGAACAGAAGGTTAAACAGGAGTCCGACCAGAATGATGCCGATCGTGGCAGTGGCGATAAACACGGCAATCAGGCGCGGTTTCATGACTTTGCGCAGCAGTACCATTTCCGG
CP047593.1_gap84	2406379	2408581	2202	ACTGTCCGGTGGACCTTTCCACCTATTTCCGTATCAACGCCAAAGAGACCGGACAGTTTGAGCGGACCCTGATTGTGGCCGATAAAGGAAGCCGGGTTTCTTATGTCGAAGGCTGTACGGCACCGATGCGCGATGAAAACCAGCTGCATGCCGCAATTGTCGAGCTGGTGGCACTGGATGATGCAGAAATCAAATATTCGACGGTGCAGAACTGGTATCCCGGTGACAAAAACGGCAAGGGGGGAATCTATAATTTTGTGGTCAAACGCGGTCTCTGCAAGGGCGTTAACTCCAAGATTTCCTGGACGCAGGTCGAGGCCGGCTCGGCGATTACGTGGAAATATCCGAGTGTGATGCTCAAGGGCGACAATTCCGTCGGCGAGTTTTATTCGGTCGCACTGACCAACAATAAAATGCAGGCGGATACCGGCACCAAAATGATTCACATGGGAAAAAACACCAGCAGCACGATTATCTCCAAAGGGATTTCCTGCGAACAGTCCACCAACAGCTATCGCGGTCTCGTGCGCATGTCGCCCGGTGCGGAAAATTCACGCAACTATTCGCAGTGCGACTCCATGCTGGTTGGTGACGAGTGCTTTGCCAACACGTTTCCGTACATCGAGGTTAACAACGACAGCTCGACAGTCGAGCACGAGGCCACCACCTCGCGACTCAGTGCCGACCAGCTGTTCTATCTGCAGAGTCGCGGGCTGGATATGGAAGCCGCGGTCTCGCTGCTGGTGAATGGATTTTGTGAAGAGGTGTTTCGGACGCTTCCGCTCGAATTTTCGGTTGAAGCTGTCCGCCTGCTGGAAATGAAGCTGGAGGACAGCGTTGGCTGAATGATGAATTATAAAGGAAATGCTATGTTGAAAATAGAACAGCTGAAAGCTCGCGTGAAAGACGGCCCGCCGATTCTGAAGGGAATTGATCTGGAAATTCTTCCAGGAGAAATGCATGCGGTGATGGGACCGAACGGCTCAGGCAAGAGTACGCTGTCCCGTGTGATTGCCGGGCATCCCGACTATGAAGTGACCGGCGGGAGCGTGACGCTTCAGACGCCGGACGGTTCGATTGATCTTCTGGATGCAGAACCGCACGAGCGCGCCCGTGCCGGGCTGTTTCTCGGCTTCCAGTATCCGATGGAAGTGCCGGGCGTCAGTAACCGCACATTCCTGCGCGCGGCGTTTAACACAATCCATCGCGCCCGCGGACGCATGCCACTCGATCCGCTTGAATTCGATCGCATTCTGCAGGACAAACTGGAGCTGCTGGGTATCAGCCGGGAATTTATCCAGCGTCCGGTCAATGTCGATTTTTCCGGCGGTGAGAAAAAACGCAATGAAATCCTGCAGATGGCACTGCTGGAACCGCGGCTGGCACTGCTGGATGAAATAGACTCCGGCCTGGATGTGGACGCGCTGAAGGCGGTTGCCGAAGGCGTCAGCAAACTGCGTACACCGGACAACGCGGTAGTGCTGATTACGCATTACCAGCGTCTGCTCGACTACCTGACCCCGGACCATGTTCACATCATGTCCGATGGCGTTTTCATTCGTTCCGGCGGAAGCGACCTGGCACTTGAAATTGAGGAGAGGGGCTATGACTGGATCCTTAACAGCGCAGCGTAGCGACCCGCTGGCCGTTTTTGAAAAGCTGCTGCCCGAATCATTTGAGGAAGGCTTCAGCCGCGAAGAGCGTCTTTCCGCATTCGAGGCCCTGCGCGACTGCGGTCTTCCGCATCGCAAGGTCGAGGCGTGGAAATACACTGATCCATCCGGCGCGGTGACCGGACCGTTCGATCGTCCGCACCACTGCGGGTACGGATTGACGTCCCCGGACTCTGTTCGGATCGGAATGCTTCGCACGTTTCCAGACATTGGAAAAAATCATCCATTCGCACTGCTCAGTCATGCGCTTTCTCACGGCGGCCTCGAACTGGTCGTTCCCGCCCATACAGTTGTTGACGAGCCGGTGCAGATCCGGCTGCCGGTTGTACAACCGGGTTCTCTGCTCTGTCCGGCGCTTAAGATAAAAGTCGGAACCGGAAGTAAGGTGGACTTTATCGTGCGTTCGGAAGAGCAGGGGGCGGACTCTTTGGTCAGTCAGGTAACGCAGATGACCGTCGCAGAAAACGCGAATGTGTCATTTACGCGGCTGCGTTCCGGGCAAGGGGCTCATTTTCATCTGCTGCTCACA
CP047593.1_gap85	2455311	2457621	2310	CCTGTATTGCGCAGCAGTCGTCCCCCGGTGATCAGGTCCAGCTGGCCGTCGTTGTCGAAATCCGCCCAGGCGGCCATGTAGGTTGATTTATTCCCGATAATTGCCCCGATGCCCGAGTCGGCTGTGATATCCGTAAACGTCCAGTCTCCGTTATTCAGGTAGAGCACACTTTGGTCCTGGTTGTAGGTTTCCCCGTATACGGTTGTAAAATAGAGGTCGAGAAATCCGTCGTTGTCGAAATCCCCGAGTGCAGGGGAGGCATATGACTCCTGCCAGGAGACGCCGCAGGTGCCCAGGTCTTCAAAATAATAGTTGTTTTCGGGGCCTTGGTTTCGGAAGAAATCGGATTCGGGCTGAATTCCGTAATAGTCGCTGTGATGTGAAAAATTCCCGGAAAACAGATCGAACAGCCCGTCATTGTCCAGATCACCCCATGCGGCTCCGATCGAATGGCCGCCGTCATACCCGTTTTCCGTGCTGACGACATTGTACTCTGTTGCGCCATCTGTGAATAACCCGGTTCCGTCGTTAACCCAGAGGAGGTTGGGCAGAAGCCGGTAGTTGGACACATAAATGTCCAGATCGTTGTCCTGGTCGAAATCGCAGGCGACGATTCCCCGGGCGCGATATCGGGTTTCACTCCATACATTGTCGAAATATTCGCCGTTCCGGTTCAGCAGAATTGTGTCCGGATAGGTGATGCCGTTGTCCCAGTCTTCGTATCCTCCGATATACAGATCATCGAATCCGTCTCCGTTGAAATCTCCGCAGACTGCACCCTGACTGTTCCGGCTTTCGATGGTCGGGAGCATGGAGCTTGTCATATCGGTGAATCCGGTTCCGTTCTGGTTGATAAACAATCTTCGGCTGCGGAAATTGAAGAAGTCGGGATATTCATCGTCGTCAAAATTGCCCCAGACTCCGGCGTGGGCGATCAGGGACATGTGGTACGGCAGGTCCATTTTTTCAAAAGCCTGCCCCTGTTGGTTTATCCACAGTGATCCGGCGCAATACAGATCGACCCAACCGTCCCGGTTGACATCGCACCACGTGACTACTTTGTCGTACAGATTGGTTAAATCATTCAGCCCTGTCTGAAGGGTGACATCTTCGAATGTGTTGACCGTGGCGAGCGAGGCAGAGACGCCAAGCACCGCGACAGCAGCAGCGATTAAGCCCGAATTATGTTTCATAACTGTCCCATGTTAATTTGTACTAAGTATCTGCCGGGATCGGTCTGTAAGCCATGCAGGTTTCGGTTCATTGGATGGACATTTTTGGGATTTTGTAACGGCATAATCGGAAACGTCCATTTGTTCAACCGCTTTGTCTATTGTTGGGAGGGCCTCATATAGGCACTATGATTGGATCTGCAGTGGGAAAATCAGCCGGATAATGCATGTGAAGGATCGTTTAATGAGAAGAAATAGAAGTGCCGTTGTTGTGTTTCTGGTAGTTGCCGGGCTGGGCCGGGCTGCAACATGGACCGGAGCTGCCACTGAATGGCTAAGCACGGCCGCATGGGACACGGCGAACATCCCGAATTCGGTGGGCGAGTATGCTGAGTTTGGGGACTCTTCCGAATATCATGTCAATATCGGAAGTACTGTTATTGTCGGGCGGTCTGTGGCCAGCTCGGTCAAGGTGAGTGGTACTGGGAGTTATACATTCGGGGGCGCGGGAACCCTGAGAGTCGAGCGAACAGCAACCAGTACTTTTGCCAATGACATGTATTTTTCTACAACCGGCGACACGGTGTTTAACGTGCCGGTTATTTCCACCCGCAGCACGGCCGGCACCATCGCCAACCGGTTTCGGGCGCATGCCGGCTGCGGGGACGTCATCTTTAACCAGCCTCTCTCCTGGTCCAATACGTCGCTTCAGCTTCTTCATGATTCGTCAGCCGGAAGCATCCAGATCAACGGCGGGATGATGGCAGAGATTAATAAAGAACTCTGGATCTGGACCTCCCAGCCGGCAGGGATATCAATCAACAGCACCATTTCCTCGTCTGTTTCAGGTGTCCGGATCACGGTTGCCAGCGGAAACGGGACCGTCCGTTTTTCGAATCCGTCCGGAGTGGCCGTTGACAGCTCTATAGCTGTGGTCGCAGTCAACGGAGGTGCTGTTGAGCTGGGTGGGAACAATCAGATTGACACGAAGACCGAAATGGCCGCCAACGGCGGAATGCTGGATATGAACGGGTACAGCAATCGGAATGCAACTACGCTGGGGTTGTCTTCGACGACCGATGAGAAAACCTTGACGATCGATTTTAGCGATGCCGCCGCTGAAGCGCTGTATTTTGAA
CP047593.1_gap86	2653669	2656003	2334	TTCGAATTGATGGTTTACCTATTGGGGACGAAAACAGGACTGAGTTCGCATTGCCATCAAGATCGACACCGTTCTTGATGGAGAGTGGTTTTAGAGAAGTTCGCATTACCATCAAGCCGGACCGACCACGGAACGGTCGTTATCGAAGATTACCTAAATGCCCGCCCGCAGAACGAAGAGCGCCTGCGCGCACTGATGCAGGCCGGGCGAATTCAGACGGTCATGTGGTACACGCTGCCGGAAATGTCGTCCGTCGCGCCGGAAGCGCTCATTCGCAACCTGCTCATCGGCAAGGGCATGGCCGACGGATTTGGCGGCGCGATCAATGCGGGATACACGGCCACCTCTTACGGCCAGATTTCCCAGCTCGCGCAGATCTACGCCGGTTTCGGCATGAAATCCGCACTGTCTTATCGCGGCACCAACAAACAGCAGGTTCCGCCGGTCTGCCGGCTTGAAAGTCCGGATGGCACGCAGATCTTCCATTTGCGCTGTTTTGACGAAGTCACCCGTACCAACTGGTTCTTCTTTCCGCACTACAAGCTCGTGCTCGGCAAGCACCCGCGCGACCTGAGTACGAAATGGAAGGATTCAGACTGGCCGGTGCACATGGCCGATGCCGGCCTCTACGAAACCGCCTTCCAGCTCAAAAACGAAAGCATGGATTTCAATGCGGACCCCGAAGCGGTCCGCGAAGCAATCCGCATGCTCGGTGCACAGGCAGAGCCGCAGATGGTCAACAACCAGCTGCTTGCGCTCGACATGGAAGACAACGCGGTGCCTTACGAAAAGCTGCCCGAACTCATTGCCGCCTGTAATGCCGCGCAGGGTGAATACCGGATTCAGCAGGCGGGTATCGATGAATATGTCGACGCCTGTCTCGACGGCATCGATCCCGAAACCATCCCGGTACAGCACGGGGAAATGCGCTACACGCTGGTCGAGGCCGGCTTTAACGGCCTGCTCGGCGCAACGCACTCTTCGCGCATGGATCTGAAGCTCGAGAACGATCTCGCCCAGCGCGAACTCATCAGTGTCGCCGAACCGCTTTCTGCCATGAGTGCGCTCTGCGGCGGCTCCTACGAAAGCGCACTGATCAACCGCGCATGGCTCTACCTGCTCAAAAACCACGCGCACGACAGTATTTGCGGGGCGGCCATCTCGCAGGCGCATGAAGATAATCCGTTCCGCTTTCGCGCCACCACGTCGATTGCCCTGGAATGCTCGCGCAAAGCGTCTGAAGAGCTCTGGACGAAGATCGACACCGCCGGCGCCTTCGAGGACGGTGATCTCACGCTGACCTTCTTTAATACGATGCCGGTATTGCGCAGCCGGATCGAGTCGGTGGTTGTCGACACCCCGCGTCCGAACTTTGGAAACTTCAAGGTCGAAACCTGCACCGGTGTCGGTCCGATCGTCGAAGGATTCGAGCCCGACAAAATGCTCACCTTCCAATACTTCGACCTCATTGACGAAGAAGGGAACAAGGTTCCCTACACGATTCTGCAGCGCGAAGACATTGATATGGAAGTCGAACGCAAGCTCGACGCCAACGCCGCCGTCTACGATATTCTGCGCAACCGGCTCCTTATCGAGGTCGAGCTGCCGCCGATGGGCTGGCGCACCCTCGCGGTGCGTCCGCGCCTGCGTGAATACGAGCCGAATCCGCGGCCCAACGGGGAACGTTCCTTCATCGCTGCGCAGAACGGTACGCTCGAAAACGAGTTTCTCCTCGCGCAGATCAAGCCGAACGGCACGCTGGATCTCACCGACAAACAGACCGGGCGGAGCTCGCAGGGGCTTCACGTCTGGATCGACGAGGCCAGCACCGGCAATGCGCACAAGCACAGCGGAGTGTTGCGCGACACCACGGTTAGCAGCCTGTGCGAATCCGTGCACCTGACGCTGATCGAAAACAATGCGCTGCGCGCGACCTGGCAGATGGATCTGACGCTTCCGGTTCCGGAGTGTGCTCAGGGCAGCGACCGTTCGCAGAACACGGTTCCGGTTTCGATTTCAACCCGCATCACGCTGGCCCGGGGCGCGCGGCGGCTGGAGTTCAAAACGGTTATTGATAACAAGGCAAAGGATCATCGCCTGCGCCTGCTGTTTCCGACCGGCATTCAGAGCGACTTCGCCTATGCCGACAACCCGTTCGATGTGGTGGAGCGGTGTGTGCTTTGGAACGACACCAAAGACAACATGGAGCCGCATCATCCGTTCCAGCCGATGCAGCGCTTTGTTACGGTCAGCGATGGCCAGACCGGCTTCAGCTTCATGAGCAAGGGCGTTGGCGAATATGAGGTGTTCGATGATGCCGACCGCACGCTGGCC
CP047593.1_gap87	2820554	2822979	2425	GTGGGTGGACGCGTCTCAGCCCCCGGCAGCAGGCTGTTGCTGAACTGGCCGCGCTAGGGCTGGAAAACCGGAAAATTGCCGAAAAACTCCACATTTCGCCGAAGACTGTAGGAAAGCACCTCGAAAATATATTTGAAGTTCTGGATATTCATAATCGAACAGCTCTTGCCGCTATGTGGTCGCGGCAATAGCGTATGACTTTTTTTTTTCCAAACCTTGGAAAACAACGGATATCTGGTGCAGAGTTTCGAGGGGGGCATCACTTTGCACCGGCCCATGTTTTGAATTGAGTGAGGAGTTTCGGGGCGAATTCAGTGAAGTAAGCTCCAAGAGCTTCTGTGTGTTTGCCGTTTGGAACGGTCCAGAGTTCTTTGGGTTCTCCGGCTTTTTTGAGCAGTACCTCTGCATGCCTGTAAGGAACCACTTTGTCGGCGGTTCCGTGGATGAGCAGCAGCGGAACCGGAGAAATATTCTGAACGGATTTTTTCGGGCTGAACTTATTGCTGATAAGCAGAGCGGCCAGCGGTTTCAGCAGAGTTGTGTGATCCATTGCCACACCTTTGTAGGATGAAAATGCGGAGTCGGCTGCCACTCCGACAACTCCGTCGAACCGGTTGTTGCCGGCGACGGACAGGGCATTGACTCCGCCGATGCTCTGGCCAAACAGGATGATTTTGTTCTGATCGATGTCGGTCCGGGTTTTGATGTATTCTATGGCGGCAACGGAATCTTCGTAGACGCCACGACGGGAAATTCTGCCTTCGGATTTTCCGTAGCCGCGGTAATCAAAAACGAAAAGGTTGAACCCGTTGGCAGGAAGCCAGGAGACAAAGGAGTAGTGAGCGCTCATGTTCTGAGCGTTCCCGTGGAAGTGAATCACGGTGCCGAGAGCATTGTCTCTTGCGGGAATAAACCAGCCGAAGAGTTTTGTGCCGTCCTTGCTTGGGAACTGCACTTCCTCGAATTTGTATCCGTCTGCGGTCGGGGTGGTGTATTCCCTGTGGTCCGGGTAATAGAACACATGATCCAGTCCTGCCAGAGCTGTAGCAGTTAGAATGAAGATAATGATCAAGAGCATCTTTTTCATGGGAAAAAGTTACTGACTGGCAAAAGATACGGCAAGGTGTCTTTGATTCGTATGCGGTCTTTCCTGAGATCCTGGAGACGCTTTGTTTTCTCATGTATGCAAAGTGTGAGGGAGAGGGATTCTGGCTTAAGCCGCTTTTTTTGAATAAAAACAGGTGCGTTTCGCTGGTACATTTCAATCCAATCAGGAAACAGGACGATTTCTTTTTATAAAAGAGTTTTAGGTATGACAAATGCTTGCTAGAGTAGGTGTTGGAAGCCTGTCTGGTCAGGGCTAGGCGTTTTAACGTCTCGCAATGAAAAGGTGGATACGATGATTGAGCAAATGCTGCGCCAAGCTGTTTTAGGAAAAAATTTAATAGAGTTTGACTATCAGGGCGGAACCAAAGTGGTTGAACCGCATATGGTGGCTCATAATATGCAGGGGCATATCCTGCTGAGTGCATGGTTTGTTCGAGGCGATCGAAAATTCAATGAAGAAGGCTGGCAGGAATATATGCTGGCCGGAATTTCCAAATTGAAAATTCTGCCGGAAACCTTTCCAAAAGCGAGGTTCGGCTATAACCCGATGGACGACCGGAAGTATGCCAATATTCAGTTTTGTTTGTGATTGAGGTTTTTGAGGATGGCTCCTGTGAATCAGTCAAAGAATTTCGGTTTTACATTAGTTGAGGTCTTAATTGTTACATCTATCATCGGCTTGCTGGCGGCGATTGGAATTCCTTATGTGCTGAAAGCGTACGATAGTTCTCAACAAAGCGCTAAAGATAGGGCGGTCACAGAAGTGGAAAAAGCGAAAGGGGTTCTCACTCTTCCGCCGGTTTTATCTCTTCCGGGAGCAATGGGATTGGATGATAAAGACCTGATGATTCAGGACGATCCGCATGCGCTTAGTAATCTGTGCGAGGCGTTGAGTATTGGGCAGATCGAAGAACTGACAATTGACGGAGATCCGATAGCAGTTGGTTCATTGGTTCTTAAAGCATCCTATTAACAGGTTCTTTTCAGAACAGGCCATGTTTTCATCAGTTTGGCCGAGAGTTATGTTTGGAACTTGAGGCGTTGAGTGCCGTTTTTTTTAAGTACGTAAAAAATTTCGGTTTTTTGCGTTCTTAGGTTGCAAACATGACAAAAACGGTTATGTTTGGGGCCTATAGCTGGACAGGCTGGAGTACAGAACGGATCTATTGGAAAGGATTAGAACATGGCAAAGGTGGTTGTAGTTGGAGTGAATCATGCGGGAACGTCGGCGATTCGGACGTTGCTGTCGCAGAATAAGAACCATGAAGTGGTAGCGTTTGATCGAAACAATAATATTTCGTTTCTCGGGTGCGGCATT
CP047593.1_gap88	2855812	2860783	4971	ACTTAAGAGCGGAGCTGTGCATGTCGATTCATCTTTTGGCGGCGATAACGCGGGTGATGTTGATCTGGGACTCAACGAGTCGGCCACCATGGAGGTTTCCGGCGGTTCACTGATGGTTGATAACAATCTCGATTTTACCGACGGATTCCTGAAGATCGTAGGGGCTTCAGGTTTCATCCAAATCGGGAATACATTGCAGCTGGGTACTGGAACAGGTTCGAGCACACAACTGTCTTTTGAACTAAATGGTTCCGGGTTGGTTTCAACCGTGTTTGCCGATGCCTTTTCTCTGCTGGGAGTTACGACACTGGAAGTGGATGCGTCTCAGGCTTCATGCGGTGATGTTTTGAACCTGGTCCTGATTGATCTGGCGAATGACACGTTCAGTATTTCGGAATTCAGCGCGCTTTCAAATGCGCTGACAACAGTCAATGTTCGTAGTGGGACTTTGTCCCTGAGCGGCGACGGCAGGCAATTGCTTTTTTCCGGAATTGCTGAAGGAACGCGGATTGTTTCAGCGAGTGTGTCCGAGAACTTTTTGAAGCTGGATGTTGAGACAACAGATTCTCCGTCCGATCTTTTTGTGGTTGGGTGCACCAACTTGAATTCCGGGTGGCGTTCGATTGCGTATGCGACAAATGCGACGGGTGGACTTCAGGCCGATCTTTCGCGTGCCCCGACCGTTGGCACCAATCGGACGGTTTACGTGCCGGCCACTACCCAGCAGGCGTTTTACAGCATCGAACGTTCTCCGCTTGATGACTGGTTTGTTGTGGCCGCCGAGAATGATCCGGCGGCAACAACGCATGAGCTTTCCTCTGGCGGGTTTGAGCTCGGTATTTCTTCCCTTGGCGGGGGATATATCAATCGCCTGGCTTTACCGGGCATCGGCGATACGATGGGGCCTGTGGCCGATCGTTTTGGGCGAGGCGGGCAGTCCGCGATTCGCGATTATCTGCACGGCCAGCGCTATAACCCGACACAGGCCGGTTTCAGTGATCCGGCCGGAACGGTGTGTCGCGTTCTTGAAACGCTTGACGATTCTGCGCTTGTGGTTGCGCCGCGGCCCTGCGTTCTGTTCCGCGGCGACGGCCAGATGGATTTCACGGAATGGGAAAACCTGGTGGATGATGGTTACACGGAGTCCGGCGGCTCCAACGACTGGGACACGATTGACGAGAGCCTGCTGCCCGGGAAACAGGCAACCGAGATTACGAGCGAGTTTGATTATTTCTGTACCTATGAGGATCGGGCGGGTGCGGACGGCATTACGATTCCCTGCTTTCGGCATTATTATGAATACCGCTATGTGCGCGATCCGGGGCACTGCATTCTTCAGCATAATCTCGGCCCGCTGTTCGATCCCGTTACCGGAGAAGTGACGGATCTTTCTGTGACGGAACCCGTCGGGATTTATCCCGCAACATCGAATGATCTGGGCGTTCTTCAGTTTTCGATTTCCATCCGAATGGATCGTGATCTGTGGGCTCCGCTATACCGTGGATTGGTAAACGGTCCAACGATCGGCGATTTGTCCATGCAGGAGCGCGGCAGCAATGTGGCCGTGCGCGCGTTTCATCGGGATGCGTCTTTGGCAGAGCGAACGCCGGGATTTGCACTGCCCAATTATGCTCAGATACAGGTGCCGTTGCTGATTTTGTCAGAATCGTCCGATATTGATCAGGGCGGTGCTCTGGGACTCTATTTCCCGGATAGTGAGATCAATACGGAATCGGTTGTCGGTGTGGATGAGAACAGTGGCGCGATTTTATACAGGGATGACCGCCGCCTTCATGTGGAATTGCGCGACAGTCCGTTTCGCATTCCGACCATGCAGTGGGACGGGTTCCGCGGCTATCTGCTGGGGATGCTCAATCCGACCCGCACGCCGGCCGGAACGGTCGAGGTGCTTCGCGGGGAATTTTATCTGTTGAACGGATCACCCCGTGAAATTTTTGAGAACGCCCAGCGGATTCAGCCGTTTTAAAAGTGAGGCAATACAATGAAGTTGATTGTCGAGATTCTGGTGTTGCTGCTGTGTATGAGCGCTTTGGGCGCAAACTATGTGTATCAGGGAAACGGCAGCGACCCGGACAACTGGTTTGATGATGCCAACTGGAGTGAAGCCGGAGGAGTAACCAACTGGCCTGCGGCGGGTGACAATGCTTTGTTTACATCTGAACTCGGGATGACTGTTTCGCAGGCAGTACCTTCGTTCAATCAACTACAGCCCGGACGCGGCGCAACCAATACAGTGACGGTTGCGGCAGGCGGCGTGATGACGAATCTTAACCAGACGGTGGTTGGTATTCTTGATAACGGCGAAGGTCATCTGATTGTTGACGGCGGGACGCTGGTGACAAAGGCGCTGCGGTTGAATGTGTTTGACGCTAATACCAGCGTTTTGAGCCCGGAAACTTCTTTTGAGCTCAAAGCCGGAGCGGTTCATGTCAATGCTTCATTTGGTGGAGTGAATGCAGGAGATGTCGATTTTGGATTGAATGAGTCCGCCACGATGAAAATTTCCGGCGGGGCTCTGACTGTCGATAATAATCTGGATTTTACAGCAGGGCTGCTGGAGATCACCGGAACAGCGGGGTCCGTGAATATCGGAAACAGCCTGAACCTTGGAACCGGAGCGGGCAGTAAAACAGAACTTGCGTTTGTGTTGGGCGTTACGGGTGGTGTCACAACAGTTTTCGCCGGCAGTTTTGCTTTGCAGGGAGTGTCCACGATTAAGGTGGATGGGCGTTTTGCGGTTGGGCAGGGAGCTCAGAACCTCATTTTGATCGATCTGCAGAGCGACACGTTTGAGGCCGCAGAGTTTGCGGTGCTGTCAAATAACTTTTCGATGGCCGGGATGACGGGCGGAGAGCTGTCTCTGAGCGCCGATGGCTCACAGCTGCTGTTCAGCGGTGCACCGTCGGAGCAGCGTCCGAATATCATTATTATCTACACGGATGATCACGGTTTCACGGATCTGGGTGCTCATGGTATTGATGATAATGTGCAGACGCCGGTGCTTGATTCGCTGGTGACCGGTGGAGCACTGATGGCGAACGGATATTCCACGGCTCCTCAGTGTGTGCCGTCGCGCGCCGGTTTAATGAGCGGGCGCATCCAAAACACCTTCGGCACTCGCCAGAATGGCGATATCTGGGGTCCGCATCCTGTTCCGTTAGATGTGCCAACCATTGCCGAGCGACTGGTGGAACTTGGAACCTATCGCACCGGTATGGTCGGCAAGTGGCATCTGGAACCGCCGCCGGATACGGTGGCCGGTGTGGACTATCCCGGTGTGAAGGATGACTACTGGCCCGAAAACCGCGGGTTCCAGGGATACTTTCGCAACCCGGTCAGTCCGTATACCGCCAACTTTGATTTGTCTGGAAACACACTCGACCCGGCGCAGTCCATTGCTGATGCCCGCAACCGTGTGATCGTTCAGGGAGAAGCCGCTGAGACGTTTATTGAGCGTAATCAGAGCGAGCCGTTTTTCTTATACCTTGCGCTGTTTGGTCCGCACTTGCCGCGGATGAGTAAAACCGATTCCTACTATCTGAATTTTCCGGAGCTGGATTATCCGCACTACAGTGCGGAGATGGACGATATTCGTCGTCTGGGACTGGGGTTGGTCTGGGCGATTGATGATGCGGTCGGCGGTGTGATGCAGAAGCTTCGCGATTTGGAGTTGGAGGAAAATACGCTGATCTTTTTTGCGGGAGATAACGGCGCGCAGCCCAAATTCTGGGATGGGGTTCCCGGATCCACTACGCTCGGAATGTGGACCGGCAATGAAAACATTCCGCTGCGCGGCGAGAAAGGAAGCCTTTGGGAAGGCGGCGTTAAGGTGCCGATGTTTGCCTACTGGAAAAATCATATTCCGGGCGGACAGGTGATCGGCGAGCCGGTCTGGACGCTCGATTTCACAGCCACGGTTCTAAAGCTGGCCGGCGGGTCTGTTCCCGCGGAATTTGACGGAGTGGATATTCTTCCGCGCCTGACCGGTGAGACAAATACGATTGTCCGGACCAAAGAACTCTTCTGGGACTGGGGGCAGGAAATCGCTTTGCGCGACGGCGACTGGAAGATTCATCGTATTGGAGGGCGCAAAGCGCTGTTCAACCTGACCGATGACCCGTATGAACTTTTCGATCTGCAATACGACGAGCCTGAAAAATTCGCGGAGATGGAGGTAAAGCTCATGGCTCGCTATCATGCGCTGCCTGCCGACGGACAGTCACCGTTGAGTGATGATACGCCGGACTGGTATGAACTGGGTGCTCCGACCAACTACACTGCGGACCCGCGTTTTCTGGTTCCTTACACCAGTCCGGCTCCGGTTCCATATCCGGCACCGCTGACTGTGCTGAACGATCCGTATGCTGATGCGGACGGCGACGGCATGACAGACACCGCCGAACTGGCCAAAGGGCGCAATCCATCCAATGCAGTAGACATGTCGTTTGAGTTTAATACGGACGGTGATTTTGAAGGATGGGACGGGAAAATTCTTATCGGAGATGAGGATTATGTGACCAATGCGGCAGTGACGGGTGGAATGCTCGTTGGAGAAAACATCGACGGGAATCGCGGGCAGTTTGAGCATTACGATTTTTCGTTTTCCGGAAGTGAGGTTTCCAATCTGCTGATGCGCGTCGGTTCGCCTGTTGCGAGCGGGCTGGTGTTTCGCTGGGCAACGGCGGCTCAGAATGTCTTTGCGCAGGATAGAACACTGCTGGCGTCCTATGAGACTGGTGAAACAAATGTCATTGTGATTCCTGTTGGTGTGCATACGCAGTGGACAGGGCAGGTGATTACCCAGATGCGTTTGAATCCCGCCAATGTGCCGGCGCCGTTTGCGGTAGACTGGATTCGTGCCTCAGATGGCGATTATGACGACGACGGGGTTTCGGATTCTGATGAAGATATAGCAGGCAGTGATCCGACTCTGAGCAGTGATTTTTTCAA
CP047593.1_gap89	3042169	3045553	3384	GAACTGCAGGACCTTGAGAAACGCGGAATTTCCATCGATGGCCGTCTGTTCATCAGTGACCGCGCACACCTCGTGATTCAGTACCACAAAGAGCTCGACGGCGCCAAAGAAGCCAAGCTTGAAACGGGCAAAAAGATCGGCACCACCAAACGCGGAATCGGCCCGTGCTATTCCGATAAAGCGGACCGCAACGGTCTTCGTATGGGGGATGTGCTTGAGAATGATTTTGAAGCAATGCTGCGAGAGCGTATTGATGTTAAAAACAGCATGCTTGCTGTCCTCGGGGCTCCGGCTCTCGACGCCGATGCACTGGTCGCGCAGTACATGCCTGCCTTTGAATATCTCAAGCCGTTTATCTGCGATACCGTTCCGATGCTCAACGAAGCCATTCGCGACGAAAAACAGAATGTTCTGTTTGAAGGTGCGCAGGGTGTCATGCTTGATATCGATTTCGGAACATATCCCTTTGTCACCTCGTCCAGCACCGGAGCGGGCGGAGTTTCCGCCGGAGCCGGAGTACCGCCGCATTCCATCACGGATGTGATCGGCATCGTGAAAGCCTACACGACCCGTGTGGGAGAAGGTCCGTTCCCGACGGAACTGTTCGACGATGACGGTATGCAGCTCGCAAAGGTTGGTAATGAGTTCGGTGCCACAACCGGGCGCCCGCGTCGTTGCGGATGGTTCGATGCAGTCGTTGCTCGCTACTCTGCCATGATCGGGGGGGTCGACCGCTGGGCGCTGATGAAACTCGACGTGCTCGATGGGTTTGAAACCATCAAGGTTTGTGTGGCCTATGACTGCGACGGCGAACGGGTCGAAACCGTCCCTGCCAGCATCAGCAAGTTGGCCCGCTGCAAGCCGATCTATGAAGAATTTGAAGGCTGGAACTGCCCGACCACCGGCTGCACGTCGATTGATGAGCTGCCGGAACAGGCAAAAAAATATATCAAATGGATCGAAGGGCTGACCGGTGTTCCTGTTTCAATTCTGTCGGTTGGCCCGAAACGCGCCAGCACAATTGTTCTTGGCTAATTCAAAACAACCGGGACATTGAAACTGGAAATTCCAGAGCTCGAGACGGTGCCGACTCACGTGGCGATCATTATGGATGGGAATGGTCGCTGGGCCAATGAGCGCGGGTTGCCGCGCTTGAAAGGCCATGAAGAGGGCGCGCAGTCGGTGCTTGCTGTATTGAGAGCAGCAAAGGCTGTTGGCGTCAAATACCTGACTCTTTACGCGTTCAGCACAGAAAACTGGAAGCGTCCCAAAGACGAAGTCGACGGACTGATGACGCTGCTGGGCTCTTTTATGCAGAAGCATTCCCGGGAGTTTCTGAAAAATAAAATTCGTTTGCGGGTCATGGGCGAACTCGATCGGCTTCCCAGAGCGGTTCGGGGGGGGCTGTCCAAACTGATGAAGGAATCCGCAAAGGATTATGAGCACACGCTGATTGTGGCGCTCAGTTACGGCAGTCGCAAGGAGATTGCAGACGCGGCCAAGGCCATTGCCCGTAAAACGGCTGAGGGAGAGCTGGATCCGGACGCGATTACCGAAGAAACTTTTTCGCAGTATTTGTATCTGCCTGACGTGCCGGATCCGGAACTGATGATTCGCACCAGCGGCGAGTTGCGGTTGAGCAATTTCCTGCTCTGGCAGCTGTCGTATGCTGAATTTTATGTCACTGATACCTACTGGCCGGATTTTCGTGAAAAGGAATTTTTCCAGGCCTTGGAAAGTTTTGGTAAGCGGGGCCGGCGTTTTGGCGGCATCGTGACGCAATAAGGAGCTGTATGGATAAAAAACGAATTTTGCTTGGCCTGACGATTGCGGCCGTGCTGATTACGCTGCTGCTGATTGTGCCGGCCGGGAATCCGGCCGCTCTGGTTGTCTTTTTGGCGATTTGTGCTTTGGCGATGCGCGAGATTTATGCGCTGATGGCTAAAGGGAATATGCCGGCATCTACAGGGATGGGAATGACCAGCGGTCTGGTCTTTGTTGCGTTGACCTGGTGGGTATCCCGCTCGGACCAATGGACGGATAACGCATTATGGGCACTGCTGCTCGCGATTTTGATTGTTAATTTTTTCCGGTTGCCGCTCAGTCAAAGGGATGCGCTGAGGGCGATTCGCAATGCGCTGGGAACCTTGTTCGGTTTTATTTATGTTGCCTTTTTCTGGAGCTTTTTCGTGCGGCTTTATATGGAAGGGGACATCAGCGAGCCGGCTCGGGTTGCGTTTTATCTGCTGCTCGCGGTTAAGTGGGGCGATGCCGGGGCGTACTTCATCGGTTCCAGGTTCGGCAGGCACCGTCTTGCTCCTTCGGTTTCTCCGAAGAAGAGCTGGGAGGGGTTGTTGGGTGGCATTCTTTTCTCATGCGTGGTCGGGGTCATTTGGTGGATTGCCACCGATGGGACATTGGGACCATATTCTTTTCCGCTGTACCATGTGCTGATTCTGGGAGTGGTGCTTCCAATTATTGGAACGATGGGGGATTTGGTGGAGTCGTTATTTAAGCGGGCTGTGGACGTGAAAGATTCCGGGGCCATTGCACATGGTATGGGCGGCATGCTTGATATGATTGACAGTCTGCTTTTTACCGCGCCCTTTATGTACATCTACATTCAGATTTTCTTAGATTAGGATCCTCATGCTAGACATTCTTCTTTCCGGCTGGACGATTTTTTACAGTGTTGTTCTCGCGCTTTTCCTGTTCGGGGTGACCGTGTTTGTGCACGAATTCGGTCATTTTATCGTGGCGCGCAAATGCGGGCTGAAAGTTCTTACATTTTCGATCGGCTTCGGACGGGGAATCGTTCAGTGGGAACGCGGCGGCATCCATTATAAAATCGGATGGATTCCGTTTGGCGGCTATGTTTCGCTGCCGCAGCTCGATCCCTCAGGTATGGAACGGCTGCAGGGATCGGAAGACGCCGAGCCGCTGCCTCCGATTTCTCCGTGGAAAAAAATCGCGGTCGCGGTTGCCGGCCCGGTTGGGAATATTATTCTGGCCTCCTTGATTGCTGTGGCTATTTGGCTGGTGCCTGGTGATGATGCCGGATCTCAAATCCGCTCGCTGGTTGGTGCAGTTGAGACGAACAGTGCCGCTTATGCTGCTGGCTTGCGTGCTGGCGATGAAATCATTGCGGTTAATGGGACGACCGTTAAAACCTGGTACGATTTCAGTGTCGAGACTTTGTTGCAGGCCGAAGATACTGCTGCGTTGACTGTTTTGTCGGATGGCGTCGAAAAAACAATTGCTCTTCCTGTTGTAGAACGCGAAGGGGGGGAGCGTTTGGTGGATGGAATCTCTCCTGCGGTGCCATGCGTGTTTGGAGCTGTTTATTCGGACACTCCTGCCGAGCGTGCCGGATTGTTCCGTGGG
CP047593.1_gap90	3170132	3173957	3825	AATGTAGATCCTTTGAATGATAAACATGTCATCCACAATAGTGATCCCAATGCGACAGCTCTTTGGATGTGGCTTTTTTCGAAAACGGTCGGAAAAACGGTAGTTCAGTCCTCTTCGCCGACTGCCGGAATCTACATGGTGGCACTGAAAGGGGATGACGGAGAGCTCGCGGTATATCTACTCAATAAAACCGATCAGGAGTTGAATGTGGAATTTGACCTTGGCGGGTATGTTGTGAATGAGGTCAGTGAAGCTTGGCGTTTCCACGATGGTGGAACGGGGCGAGGCGAACTGCAGCGTATCGGGCTTTGGGAGATGGGCGGCAATCATCGCACTACGCTGAAGTCAGATTCGATGAATATGGTTCTTTTTAACGGTCCGGCTGCTGTTGCGCCGGCCCGGCCGACCCTGGACGCCCGAATTGTTCAGCCGGTCTCCGACGGTCTTCTCGTCGGCTGGTACACGACAGCGGGAAAACCTGATACGTCTGTATCAGGCGTTTCCGGCTCGCTGATGACCAGCCGCCTGTATGATGTGGACGACAGCGCCGGGTCAGACGATGGCACGTTCGGGACTGTATTATCCGGAGCATCGACGGATCTGACGGCGTATGCGGTTCAGGCAACCAATGGGTCGGACACGGTTGTTTTTTCTATTGAAAATCAGTCAGGTCTTCCTTTGCGACTCGATGCGGTCTGTTTTGATTATTCAAGGTGGTGGCAGAGTTCTCCGAAAGATATAGCACTGGTTTATGAATCCGGCGACTTTTCGGGGGTTTCCAACGGAACTGTTATTCAGTCTGCCGTCGATCTTCCAAACATTGGAAAAACCGGCGACTGGTCCGATTTCGAGTGGGGACTTACCAACCTGAATGACCGGGTTCTGGACCATGGCGAAGAAGTCCTTTTCAGTCTGAATGTGTTCAATGCTGATGCAATATGGGCAAACGGGGCGTTTGACAATATTGCGATTACTGGCGGAACGGCTTCAAATGCTGTCGATTCGCTGCTGGTGGCATGGCGGGCCGAGACGGCCAAAGAATATACCGTGATGCATGCGTCCAGCCTGTTGTCAAACAGCTGGGAGGAAGTTTCTGAGCCGGTCAGCGGAATCCCGGCGGATATGTCTGTATCGGTTCCTGTTGAAGCGTCGGGATTTTACCGTCTGCAGGTGAGTCCCTCCAATTAAGCCCGTATGAGAAAAGGTTCAGAAAATGATTGTTCAAGGTAAACTAAAAAAGAAGGAGGCAATATGAAGGCATATAAATTTGCAGGCCTGTTTGTGATTCTGACAGGCTTCATGGCCAGCAGCTATTCCGCTGTGGTGACAAACTGGGTCCAGGATTCGGATTTCGAGCTTTTGTCATTAAGCACAGCACCGAATGTCAATACATCACCTTGGGTGGCGCAGGAGTCCAGTGCCTTTGGTGTGCAGCGGGAAGATGTGTTTGTACACAGTGGAACCAATGCGGTGGCGTATCAGTATTACTTCAATACCGATCAGATTTATCAGTTTCTTCCGGAAGGATTAACGATTGACAGCAGCGTAATCTATGAAGCCCGTTTTTGGATGCGGCTGGATGAAAAATCAACCAATGTGGCTCATACCAATGAATCGCTGGTGCAGGTGATGATCAGCACTACAACAAACGGAGTTCATGGAAGCACTTATGTGTGGAAAACTTCAGAATACGGACTGATTCCATCGGCTCCGTATCAATGGGAAGAAATGGTTGTGCATTTCCGGGGAAGCGATCTTTCGGATCGGGAGGGTGAGTATATCCGTCTGGCCATTAAAAACAGCAATGCAGGCTGTGAATACCGAGTGTTTATCGATGATGTTCAGTTTGGCGTTTATACGCCGGATACTCCTGATTCCAATGTGTTGATTGGCTATTATGGGGCTGGTGGAGGAACAAATGATTATACGGCCGCAGGTATCGGCGGAGCGGTTTTTCTCGATAAAGCATATCAGCTAAATGCAAATGGCGGATCTGACGATGGAACTTTCGGAAGTACCAATGTCGGCGCCTCTTTGGAATATTCTGCATATGAAGTAAGAATTGGCAGCGACCCGGTAAGCAACATAAACCAGCAGGTTGGATTCAAAATCGTGAATAATACCGGAGCCCCGCTTCAGCTTGATTCCATCAGCTTTGATTATGCCCCGTGGTGGGCGGAATCGCCTCAGGATGTTGACCTGCTCTATACCTGGGGATCTCTGGGCGGCATCTCAAATGACGCGGTGATCAACTCAACAAGCGGAATGGTGAATCTGGGGGCCAATAAAGGGGACTATTACGATTTTGACTGGTCATTGACAGGCTTGCCGGATCGGGTTTTGGCTGACGGAGAAACCGCGGCATTTGCCCTGAAGGCATCCAATGCAAGTGGAATTTGGGCCAGTGGTGCATTCGACAATATTGCTATTCTGGGCGGCGCTTATGAAGGTGCCGGTTATGAAGCCTGGGCGGTTGAAAAGGATCTGATCGGTGGACCGACAGACGATGATGACGGGGACGGGATCGATAACCTGACGGAATATGCCCAGAACGGCGATCCGAACAATGCCGCAGATACGGGGACCTCTCCCGCTATGGGAATGTCGCTGACGGCTGATGGCACAAACTGGATTGAGTATGTATACCTCAAGCGGGTGTCTTCCGATAATGGTTTGACTTATGCTCTGGTCCAGAATCAGGATCTGGTGAGCGGAACATGGACGAATCATGGCGATATTGTTGAAGTGGGAGAAAGTGCTCCGGCCGGTGATTTTTCAACGGTCACCAATCATGTTCCAACTGACGGAAAGGCTCAGGAATTCATTCGTCTTTTGATTGAGGCGCAGTAATCATCTTTTCTGCCCAGTAAACTGCAGAGCTGGCGGGAATTTAATTCCCGCCAGCTCTGCAGTTGAGAGTTCGGCCTAGAGGTTTCACCAGTAGACGCGGCAAACGAATCGGAGTATTTCTTATAAGAGGGCAGAGATGTATATCCAGAGTCCATCCGGCATTACGAAAGCTGTGGTCGCACTGTGTGCGGCAGGGTTGCTTGCGGCAGTTTGTAATGCCGATGTGATCAGTAACTTTCTGGTTGATGCCGGTTTTGAGCTGCCGGATGGGGACTGGCCGGCCTATGAGCCTAACTCTTCAACATCTCCCTGGTTTACTGCCGGCGAGAATGCTGACGGGAGTTTTAAAGCAACCGGGGCAGAGGCTTATAGTGGCAGTCAGTCTTTTTTGTTCGATTGGTATGGAGATGCAGGTGCTGTTGTTCAGAACACAGAAGAATCTGTGGATGTGTCAATGGTGTATGAGCTGTCTTTCTGGATGCTGAAAGCAGAACCCAGTTCCAACAGCAGTCATACCAATGTCCCGTCAATCAACATTGGGTTTTATACCAGCACAAACAACGGTGTTTCCTATGCTTACGCCTCCACATTGATTGCCGGGGCCCAGAATTCAGATACGAATATCTGGGAACAGTTTTCTGCGGTTATCAGCGGAGCTTCTCTCGCTTTGTTTAACGGACAGAAGATTCAGCTTCGCATTAATAAACCGAATGAATCCGTTACGCATAAAATTTATGTCGATGATGTCGTTTTTGGCGAATATCAGCCCGAACCATCGACGGAGTTGCTGAAAGATCCTGGTTTTGAGGAGATTGTGGATAATGAACCGAACAGCAGTACCGCCCCGTGGGCGACGGTGGGCGAGGGACAGGATGGCAGTTTCGTAACAGGAATCGATCAGGCAAAGAGCGGTACGCAGTCTGCAACATTCACATTTTATTTTGACGATGGGGCGATTGTTCAAAATCTGACTAA
CP047593.1_gap91	3174971	3179795	4824	CTGCTACCGCAACCTGTTTCAGATCAATGGAACCAAAGACGCATTGATTCAGTACAATACTATGGATGGGACGCAGGAAGGCAGTGCCTTCTGGCCTTTTGCCTGCGAGGGTACACTGGTTCAGTTCAATGTGTTCAGAAATATTCTGAAAGACGGTGCCGACGCCTCCTGCTGCCATTTTGATTTCAATTGTGTCGACAGCCTGATGCAGTACAATCTCGGAATTAACTGTCAGGGGAGTCTGATCCAGGTGCTGAATAATTCCAACGGCACCAACTTTCAGATCAATGCAGTGGCCCGTTATAATCTTGGGATCGACTGCGGCTGGCGCGACAGCAACAATTCCGCCGGTATTATGATCACCGGTGATTCTTCCGGCTCTAAAATATACAATAACACTGTTATTACCACCGATCTGCATCCGGCTTATAAAGCCATTTCATTTGCCAACTGGGGGGGCGCGTGGCCGACTAATTCGTTTATAGCCAATAACCTGTTTTTTGCCGCCGGCAGCGCGTCCACCTATGCGAATACAGACTGGATGGTGCAGCGCGATAATGTGATCACGCATAATCTTTATGCCGGCAACCTGTCCGTTTGCAGTGCCGATATCAGTCCCGTTTCCGGTTATCCCGGTTTTGTGAATTCGACCGGCAGCACAGCTGAAGATTTTAGGATCACCTATGGATCGGCAGCGATTGGTGCAGGCGCTTTGATTCCTGATAACGGCGGGGTGGATTATTTCGGGAATCTGCTTACAAACATGTTTCCAACCATTGGCTTCCATGAATATCAGACCGATCCATCCATTGACTCCGATGGCGACCTGATTCCGGATTTCTGGGAACGCGTTAACGGATTGCTTCCTGCTGTCAATGATGCTTTTGCAGATGCTGATGGAGATCAAAAAACAAATCTGGATGAATACGCTGCAAATACAGATCCGGCGGATCCAACATCATTCTTTGCCGTGCAGGTTCTATCGGTCCTGGGCCAGCTTGATTGGGATCAACGTCCGGACCGTTTGTATCAGGTTTTCCAGGCATTGGAGCTTTCAGGTATCTGGGACCTGATCGAAAGCAATGCTGTACCGCCGGTTTCTGTGGATTTCGAAGAGCCTTCTCAATTCTATAAAATAGAAGTGAGTGTTCCCGGGTCATAGCTGTTCAGAAATGTAGAAATTAACTGTTCAGGATGTGGCTTCGTGGTTACACTTGGGAAAGAAGGGAAAGAAGGGAAAGAAGGGAAAGAAGGGAAAGAAGGGAAAGAAGGAGTGCGCCATGAAAAATAAGTTGCAGATATGTCTGTTGCTGATGGTGACGGCATTGGTAGTGAACCTTCAGGCGGATTATGTCACAGGAACTTCCGGGGGCTATCTGACCGACTCCAATAACTGGAGTAAAGGTGTGTTTGATAACACCGAGAATCCAGCGGCCGGGACTTCGACCGGTGCATCCAGCGATCTGCTGGCCGGAGACCGGACCATGATCATGGTCTCCGATTTTGCCACATTTGATGAGTTTTCGCTGGGATCTGACAACAATACGAGCGGTGGACATATTGATATGACCGGTGGAACGCTGAGCGCCACAAACCTGACGATCAATGTGAACAATACAAGCATTGCGAATGCGTGCTCCATTACACAAAGCGGAGGTAGCGTCATTGTCGCGAACGCTCTTAATATTGGTAAAATGGGTGCTGCAACGTACACGATCTCCGGAGGATCACTCACCGTCGGTGGAAATGTTGCGTTTAACAGTGCTCTGGACGGTAATGAGCATACGCTGGTTATTGATGGGCAGGGAGCTTCGAGCATTACGGTCGGAGGAGGCTTTTTTGCCGGAGGAGGCTCCGCGTCGGGGTGTCAAAACCTCAAATTCAATCTGGGAGAAACAGGAATTACTCCGGTGGCAGTCTCTGGAGCTTTTTATGCAGATGAACAGACAGAAATCATTTTGGATGGTGCTGACTACACCGGCGGTGTTCAGACGATCACGCTGGCAACCTATGCCAACAATGAAGACGGCGCCGGGGTTGTTGAGACCTTTTTGAATTTTAATGATTATATTCCTTCACTGGTTTTCACCAACGGTGCACTGCTGGTGAACCTTGTGGAAAATCCGATTCCTGAATTGCTGCTGGACGGAAGTTTTGAGGGGTTGAGTGTTGAAGATAAAGAGCCCAACTCTGCTACGTCCCCGTGGTTTACAAATGGAGAGGGCGCCAATGCCTCAATTATTCCGACGACGGACTCCGCATCGGTAAATGCCGGATTGCAGGCGGTTTACTTCAATTACTATTTTGATTCAGGAGCGATCGTTCAGAACGTTGACAAAACGCTCGAGTCGTATGAGACCTATGAGTTTTCTGTCTGGAACCTGCTCGCGGAACCAAGCAGCAATAGCTCTCATACCAATGAAAGCTCCTTTAATCTGTCGGTCTGGACCAGTGATACGCTGGGGGGGACCTATATTTATCGCAAAGGTCTGTTCGGAAATCTGGCTGCGACAACCAATGAATATCAGCAGTTTACATTCAGTTTTTCGACTGCGGATATTGTGACTGAAGGTGCCAGTGTCGGCGACTATATTCAGGTTCGCATTGCCAAGGCCAATGAGAACTCAACATATCGATTATTTTTTGATGATGCGTCTCTTAAAATGGTCGGAATTGTTCTGCCGGATCCGGGCTATCCCACATGGGCTGACAGCTATGGTGTTGGCGGGGAGCTGTGGGATGCGGACGCTGACGGATGGAATAATCTTACAGAATACGCATTGGGTGGAAATCCGACCAATGGCTTTATCGACGGCAATATTCCGGTGTTTGAGTCAGTAGATGGAGCCATGCTGTATGTTTATGCTCAGCGTACGGATGACACGAACCTGACTTACTATCTGGAAACGGATTCCGACCTTGTTGTTGCGCCTGGCTGGACCAATGCCGGGTACACGGTTGTGGCGACCAATGTAACCGGCGGAACATTTGATTTTGTAACCAACTCTGTTCCGATCATCGATCCCGTAAAATTTATCCGGTTGGTGATTGAGAAATAAACTGGTGCAGGTTCTGGAAGGGGGAAAACCCTGCCTTCCCTTGAGGCAGGGTTTCTAATTAAAAAAGGATGAGGTTGTTCCGGCGATGTCAGTGAAAAAAATATGGTGCAGTCTGCTGATTTTGACTGTGACAGCTTTTGGTGAGCGGCCGAACCTGTTGATCATTCACACGGATGAACATAATTTTCGCACGCTTGGATGTTATCGGAACCTGATGAGTGAGGATCAGGCGTTTGTCTGGGGCGATGGGGTGGCGGTGGATACTCCGAACATTGATTCCCTGGCCCGCGACGGCGCAATCTGTACGAGCTATTATGCGTCGTCTCCGGTGTGCACTCCGTCACGAGCCTCCTTTAATACCGGACTTTATCCGATCAGTACCGGATCCCCGATCAACGATATGCCGATGGACGATGATGTGACCACATTTGCTGAAGTACTGCTGCGTCACGGCTATACCACGTCGTATGTCGGGAAATGGCACCTCGACGGCGATGCCAAACCCGGGTTTGCTCCTTCGCGCCACTTTGGTTGGGAGGATAACCGTTATATGTACAATCGCGGGCACTGGAAGCTGCTTCAGCAGGAGGACAATTCCGCTGCCGTGATCGGTACATTTAATGAGAAGAACAATCAGTATAAGTTTGATATCACACAGGCGGATGAAAAATCATTCACGACCGATTTTCTGGTCGACCGTACTCTTGATATTCTGGAACGGGATAAAGACAAACCGTTTTGTGTGATGCTTTCCATCCCCGACCCGCACGGACCCAATCAGGTTCGAGCTCCATACAATACGATGTTTGAAAATATGACGTTTCAGCATCCTCGTACGATGACCGTGGACGAAAAGACCATGCCTGGATGGGTCAATCTGCAGGGTAAGAATATGGTCAAAACGCTGAAGCAGGAGCAGATGCAGTGGTATTTCGGAATGGTCCAATGCATCGACGATAATGTAGGGCGTCTTTTGGATTTTCTCCGAAAAAACGGTCTCGATAAAAATACCATTGTTGTCTTTACCTCGGATCATGGCGATCTCATGGGGGAACATAAAAAACACAACAAGGGCAATCCGTATGAAGCCTCGGCGAAAATCCCTTTCCTGATCCGCTGGCCGGGACATATCCCTTCAGGAAAGGTGCTGCGCGGTGCGCAGAGTAATGTTGATTTTGCCCCGATGATATTGTCCATGATGGGAGTATCAGACGGGCTGCCGGAGTTTCAGGGAACGGATACTTCTGGAGATTTTCTCAGTCCGGATAAAGAGGTCGCCGGTGATCGTGTGGTCTACATTACCAATGCAAACGGCCGCTGGGTGGCAGCTGTCAGCAGTCGTTACAAACTGGTGCTGTCCACGTCCGATGATCCTTGGCTGTTCGACCTGCAGAAAGAGCCCGATGAGCTGACCAACGTTTACAATAATCCGGAGTATAAACCGGTCGCTGAAAAAATGAAGGCAGAGCTGGTTGCTCAAATGAAACGCTACGGCGAGCCTGCCTTGGAGGCTGGAAACCTGATCGATGGAACAGGGGAAAACGAACGGGGTTTGACCCGTCCTGTACTTGGAGCCAGTGAGGGATATGTGGTTGATACCGGCGGACAGTCCGTCAAAGGAAAACCTGGTCAGTGGAACCGGGCGCTCACAGTTCCTGCCGGAACATTTGAACCAAACAGCGCCTATGAGATGGAACTGGAGTGGGAATCAAAGGGGCTGAGTTCCGATGCCTCATTTTTTGTGAACTTTATTGCCGGAAAAAGT
CP047593.1_gap92	3199728	3204676	4948	CAACAGGTGCGCATGAAAGGGGTGTGTCAGCATCACGACCTCGGACCGCTGGGCACTACCGTGAATAAGCGCGCACTGGAGCGCCAGATTGAAATCCTTCAGGAAATGGGCTGCAACGCCATCCGCACCTCACACAATCCGCCGGCGCCTGAGCTGCTGGAGCTTTGCGACCGTATGGGTATGCTGGTGCAGGTCGAGGCATTCGACTGCTGGAAGGCGTCAAAAACCCCAAATGACTACGGCCGCTTTTTTCCAGAGTGGCACGAAAAAGATCTGCGCGCGATGATCCATCGTGATCGCAACCATCCATGCGTGGTAATGTGGAGTACTGGTAACGAAGTGAAGGAAATGCGCAATAAAGAAGGTATTTTGGTTTCCCAAATGTTGGCCGATATTGTCCATAAACTGGACCCGACCCGCCCAGTAACAACCGGATGTAATCATGCAGTGGCCGGGTTCAACGGATTTGAAAAAACAGTTGATGTATTCGGCTTTAATTATAAGGCCAAGGACAATGCCGCTGTTTACCGGCGGTTCATGAAAGAACATCCCGATCAGCCTTTTTACGGGAGCGAAACGGCGTCGTGCATCAGTTCGCGCGGCGAATATTTTTTCCCGGTTTTGGATGACAAGGCGATGGGACAGGGCGGACACTTTCAGGTCAGCAGCTATGATCTTTTTGCTCCGCCGTGGGCGTATAAACCGGATGTGGAGTTTGAGGCGCTGGACCGGTATCCGGCCATTTTCGGGGAGTTTGTCTGGACCGGTTTCGATTATATCGGCGAGCCGACGCCTTATAACAAGGACAACACCAATCTGCTCAACTTTACCGATCCGGATGAGCGCAAGCATATGGAAGAGCAGCTTGCCAAGCTGGGCGGAAACATTCCGCCGCGAAGTTCCTATTTTGGAATTGTCGATTTGTGCGGATTCAAAAAAGACCGTTTCTATATTTATCAGGCGCGCTGGCGGCCGGAGCTGCCGATGGCGCACATTCTGCCTCACTGGAACTGGCCGGAGCGCGTAGGTGAAGTCACTCCGGTACACGTTTATACCTCCGGCGACGAAGTCGAACTGTTCCTGAACGGGAAATCACTCGGACGGAAAAAGAAAGGCGAATACGAATACCGGCTGCGCTGGGATGATGTGGTTTACGAGTCCGGCGAGCTGAAAGCGGTAGCTTATAAAAACGGAAAGCCGTGGGCCGAGGATGTTGTGAAAACGACAGGGACTGCCGCGAAGCTGGAACTGACCGCAGATCGCGCACAGATCAGCGCAGATGGCACTGATCTGTCCTTCGTAACCCTTCAGGTTTCGGATGGTGAAGGACTGCTGGTGCCGCGCACACATAACCGGTTTAAGCTCAGTATCGACGGTCCCGGTGAAATTATTGCTGTTGGTAACGGTGATCCGACCAATCTGGAGTCGTTCCAATCATTGGACAGAAACGTATTCAATGGATTGGCGCTGGTTGTTGTGCGTTCGAAAAAAAGTGAGCCCGGTACGATTCGACTGACGGCACAGTGTGACGGACTGCAAGACGCAACCATTCAGATTCAAGCGAAGTAATGATAAAACGTATACAGATTATAAAGTTCACAGCAGTGAGCTGGGCAGTGCTCCTGCTGTTCCTGGGCGGCGCGGGCGCAGATGCCGTTGAGATTACGGTTCAGGCGGACCGTGTGGCCAGTAGCTATCCGGTCCATCCGTTCGGCATGAATCTGAATTATCTGCGTGATGTCGACTCGCTGTGGCCAGTGCGGACTCGGAGTGTTGAAGCGGCGCTGAAAGACATGAAGGTGCGCTGGCTGCGTTACCCCGGCGGCGAGAAGTCGGATCATGTCCGTTTTGCGTCGCCGCCGTATACAAATGCAGCGCCGGTTGTTTTCGATTACTGTGAAAAATCACAGCGGGACGACCTGCTGGATTTTGATGAGTTCATCGCTCTTTGCCGCCGCCTCGGAGCCGAACCTTGGGTCGTGGTCCCATATGACACCTCTGCCCGAACGAAACGGTACGGAGATTTTCTAGAACATGCTGTCGCCTGGGTGACCTATGCCAACCGGATACGCGGTTATGGAGTGAAATACTGGGAAATCGGCAATGAGAACTGGAGCTCGCAGAGCCGGAATCCCAACCCGAAGCGGAGTCTTGATATTCTTCAAATCGCACAGTCTATGAAACAAGCCGACCCGTCCATTCGCATTGCTGCGAGCGGTGTTGATCCTGCTGTTGTGAAGGATACGGTGAATATTCTTTCTCTCAGCGGTTATGTCGGGACATGGGAAAAGAGTGACTGGAAAGAGACGTTTGATTCTTTACAGGGAGATGCTCTTTTGAGCCCGAGCTGGAAAAAGGAAAAGAGAGTCATTAAAAAGTCCGGTCGTGATTATCTGCTGGCGGTCGTGGAATGGAGCTTTAAATACGACAAGAAACGCAATGATCTGATCAGTGCTATCGGTGCGCTGGATGTCGCCGGCAGACAGTACCGTTATGGCGACGGAATGATCAATCACATGTATTGGACGACACGATACATGGATTTGGAGCAGGCCGATGCTGTTTTCTGTACTCTGGATACCCGGAACGAACTGACGGCTACCGGGCGGGCGGCCTGGATCATCGGTAATTTTTTCACTCGACAGCCAGTGGCCTGTACGTCGGATTTTCCTCAAAACGTCCATGCTTACGCATTTATTGATGATGAACAGAAACGTGTCAATGTGCTGCTCATCAATCATACGGATCAGAATCAATCGGTTCGGGTGACATTTGAGGGAATGTCCGGGGTGTCGCTGTGTTCAGTTTTTCAGTTTTCCGGTACAGGCCCGCTCGACACGAAGCCGGTTTGGAAAGAGCTGAATATGCTGCCTGAGCAGCTTGTCCCTTACAGTGCGATTATTATCCAGTCGGAAAAAGATCACCGTTAACCAGTGAATTAGAAAGAGAGAGGTTTATGAATTTAAAATTAGGAGTTAAATGGTTGCTTCCCAGAACGATCATGCTGTTGCTCTGCAGTCAGAAGGTTTGTGCGGTCGGGGAAGTTTTGGTCGAAGCGGAGACTTTCGCCGATAAGGGGGGCTGGGTCGTGGATCAGCAGTTTATGGATATTATGGGCTCTTCCTACTTGTTGGCTCATGGGCTGGGAAAGCCGGTGGAGCCTGCCCGGACAACCGTTTCTTTTCCGGAGACCGGCAGTTACCGGCTGTGGGTTCGGACGAAAAACTGGGTGCCAGGGAACTGGGATGCGCCGGGACGATTTAAGGTAAGCATTGAAGACCGGGTCGTCGATACGGTTTTCGGGACACAGGATGGCTGGGCCTGGCAGGATGGCGGTGTGGTTGAGATCTCCGATTCCTCTGTGTCTCTTGCATTACTGGATATGACTGGATTCGACGGGCGATGTGATGCTCTCTATTTCACCCGGGATGTTGATGCTGTCCCCCCGAACGACCTGAAGGAGCTTGCTGCGTGGCGGAATCGTTTGGCGGGAATTGCGGAAACACCATCTGCCGCGGTGACCTGCGACCTAGTCGTCGTGGGGGGAGGGATCGCGGGCTGTGCTGCCGCTGTTGCTGCCGGAGAGCAGGGGCTGAATGTTGCACTGATTCATGATCGACCGGTGTTTGGTGGAAATGCCAGTCAGGAGGTGCGTGTTCATACGTTAGGTATCTATGGGGCGGGCACCCGGATTTTAAAAGGGCTGGATACGGAAAAATGGAAGAACGGTTCGGCACAGGCCGTCGGCGATAATGAAAAACGGGATGCCTTTATGCGCAATGCCATGAACGTACAGGCATTCCTGTCGTACAGAGCATATGCTGTACAGGCGGACGGCTCCCGGATTCAGTCTGTAGATGCTCGGCATATTGAGACTGGAGAAACCATCCGGTTCTCCGCTCCGCTGTTTATCGACTGCACCGGCGATGGCTGGATCGGGTACTGGGCCGGTGCAGATTTCCGTTACGGCCGGGAAAGCGCGGATACCTATAATGAGGGAGATCCGGCGGAAGGTGATCGCTGGTCACCGGCGGTCGCGGATCGGATGACCATGGGATCTTCCCTGCTTTGGAATTCCGAACACTCAGGCAGCCTGCAGGATTTTCCGGCGGTGCCATGGGCAATGGATGTGGCGAAGCAGTATGCGGCTGTTGAAGGCGACTGGGAATGGGAGTTTGCGCGGGAGGATCTGCATCAGGTGGATGATGCAGAAGAAATCAGGGATCATCTTCTGCGGGCTGTTTGCGGTTCATTTTATAATGCCAAGCAGAATCCGGAAAACGGGGATGTTGCCTTGAAATGGGTAGGATATCTTCTTGGGAAGAGGGAGTCCCGGAGATTGATGGGCGACTATATCTATACGCTGGATGACATGCTTTCCTGCCGGAAATTCGAGGATGCCGTGGTCGAGGAAAAACGCTCTGTGGATGTACATTATCAGCTGGAATCCGGCGGGTTCCTTTCTGAGGCAATTTTCCATAAGCCGCAGGATTCGTATTATGTTCCATTTCGCAGCCTTTATTCACGTAATATTGAAAACCTGATGATGGCCGGCCGCTGTTTCAGCTGTTCTCATATCGGACTCGGCGGACCCCGGGTGATGCGGACGACCGGCCAAATGGGAATTGCAACAGGTTATGCGGCTTTTCTGTGCCTGAATTATCAAACAACCCCGCGTGGAGTATATCAGGGTCATATTGAAGAGTTGCAATCACTGATCGGCCTGACGGCTCAGTTGGAAGGACTTCAGGTAGCAAATCCTTGAATTAACGGGGAATGATGATGAAAACGTTTTGGATCAATCTGATTTTGTTGTCGGCAGCGCTTCCCTTGCTGTCAGCGCCTCAGCGTAACTTTCTGTTTATCCTGGTCGATGATCTGGGGTGCCGGGATCTGGGATATACGGGCAGCACGTTTTATGAAACGCCGCATATCGACGGGCTGGCCG
CP047593.1_gap93	3386956	3390568	3612	GCTGATACGACGCATAAACCGTGGGGTTCATGATCGATTCGATGTAGGAGACTGTCAGTTCTTTCCACATGATTTTTCAGAAGGCTTTAGGCGTTAGGCTATAGGCTTTAGGGAAAATGCCGCCCGGGGATTAGCCGGGCGGAGCGGTTTAGCTGGCGGAGACGTTGATGCGTTTTGCGGCGGATTCGTTGGAAACCTGGACGTCTTCGGACCAGTCGAACTTGGCGACTTCGACGCGGCCATCGTCGCGCTGGTAGGAGCCGGGAACCATGAAGCGGTTCATGAGCCGGAAGGTCTTCATGAAAGACGGATCGCGGCGGGTCGGCTGCGCTTTGCGGGCAAAGACGAGCACGGCGGAATCGAGCAGGAATTTGACATCCTCATCGACGCCTTCGGGCGCATCGTCAAACACCATGTAGCTGGTGCGCACTTCGGGCGAACCGATGAACAGCTCTCCGGCGTTGGCCTGAGTCGGTACGGCAAGACCGACACCACTGCGGGCACCGGAACCGACAACAAAACGCCCGCGAACCTTGGTCTGATTTTTGAACACGTTCCATGCGGACGCGCCGAACAGAACGCCGATGTTCATGAGCGAGCCGTATTTGCAGGCTTTGATGACATCAAGAATCGTGTCGTCAATGTCGGCAACCGGATCGGCGGCATCGTTCCAAGTGGAATCCGCGCCAGGGCCGACGGCTTCGACGGCCAGGTCGATCACGGTTTTTTCGTGAGCCAGACCGGCGACTTCGGCGACGGCGACCGCGCCTTCGCGGAGCATGTTTTCCAGACCTTCTGCTTCGAGCTGTTCGAGATTATCCACCGGATAATCGAGAGCATGCGGGGAGCAGTTGAAGGTGGCATCGCTGACTTCGAAGCGCAGTTCGGACGCGCGGCCTCCGAGCGCACGAAGCGTCTTCGGAATGTGGAAGCGGTGCTTTTCGGTGTATTTCTTGAACCGTCCGGTCGAAGTCGGGACTTCGATGGTCGGGGCGATGAAGTCCGCCACGGGCATGATGGCGCTTTGAGCGGCACCCTGCGCGAACTGGCGGAGCATCGGACTGGAACTGATTGTAGTCAAACGGGACATGGGATTCTCCTTTGGTTAAGAAATGGTGATGGTTCCGAGGTTGGCGGGACGAGCGAGCACGAGCTGGTCGGCAACTGCTTTTTCTTCAGCAATGGCAACGACGCGGTAGGTTCCGGCAGCGCCGGGCAACACAGTTACTTTTCCGGCCTGCCCTTCAACTGACGGATCGGCCAGTACAAGTTTATCTCCCGGGAGACAGGAGCCGATAAGGGGAAGTCGCACGTTGGCGGCAGGCGACAACGGAAGGAAGTATCCGGCTTCGTCGGCGGCGGCACCTTCGAGAATCAGATAGAGGGCGAGATCATCCTGATTGCTCGGCAAACGCGCCCACGGCCCAATAAGGTTGTGGGTGAGGACTGCGAGATGATCCGAGGCGGCGGTGAGGTCTTCACCACAGGGGAACGTTACGGGACCGAATTTGACGTTGGACTGGGACATGGTATTTCTCCTTTTTGGTTAATCAGCGAATTCCTGTTCGGCACGGCGGAAGGCATCGGTATAAACGATTCCTTCGGCCTTCATAATTTCATTTGCCCGGTTGCGGATTTTGACCGCCTTGGATTCAGAGGCGGCGGCGTCCCGATTGCGGGTCGCGGCAATCTTTGAATCGCGGTTATGAAGCGGGCGGCGGGTATCCGCAGCCGGAGCGGCGGCAGGCTTTTGGGTTTTCAGGTTTTTGAATACCGCCTCGGTCAGTTCGCGGTTTTCAATAAACTGAGCGCGGACTTCGTCGCGGTTTTCGATCAGGGCGGCGTTGGCTTCGCAAAAGGCATCGGCGTCCGCTTCGAGCTGGGCGGTCTGAAGATCGGCGAGCGAGCTTTCGGCGGTTTCCGCCCGGTTGGTCAGCGCGGCGGCTTCATCCGCCGTCGCCATGTTTTCAATGGCAGCGATCAGATCGGCCTCGGCGGTATCGGCGGGCAGATTCAACTTATTGAGCAAAGCATCAATGACAGGTTGCATGGTTTTCTCCTTTTGAATTTTGCCTAAAGCCGAAAAATCAAACGGCTCGGCGGGGTTACGGTTCGAAAGGGGCAAAATCCCCTTTAAATTGGGGTCGTTGGTGACGGCGGCATTCAAAAGGCGCACCGGACGAAGGCGGTCGTTGCCCAGATCTTCGCAATCCGATTTCGCCCAGACCGGAGACAGGAAACGATAGCGACCGCCCTTTACGGCGGCTTCGCCGGTATCGCTCCAACGAATCTGGGCAAACAGTCCGCCGCCGTTCGGCATCAATTTCAGATCGGTGATCCAGCCAGCCGCTTCGGAATGTTTGGCCGCATCAAGGGAGAAATGATCGAAGTCGATCAGCAGACCGGGGAAATTGTCAGACGAATTTTTGATTGTTTCAAACGCTGTGACCATTCGGTTACAGGCGGCCTCGTCAATGATCTGGGTGACTCCAGCGGCGGCATGGGGAAATTCGCCCAGCGGGGCGAGCTGATACCAGCCGTCCTTGGGAAGCTCAAAATTACGATTCAGGATTAAGTTCATGGCCTAAGAGCAAAAATCAAACGGACTGTTTTTCAGTGAGGGTGTAGCCGGTCTTTTCGGAAAGCTCGGCGGGGTCGATCTGCATACCGGCGGACTTGAGATCAATCGCATCCTGCACCACCTGGCTGGTGGCATGATTGAGACCGGGCGAAAACTCGAAATACGCCAGCGGCGGCTGTCCGGGAAAAAATTCAGCGAGAAGCGGCACGTCAATCGCGTTCTGCAAAACACCCGCCAAGGTGACGGCGTCTGACTTGGCGATCTGAAGGAAGCTGTCCTGATGCGCACTGCCGGCGAGCGTTCCGCTGCCGGGCTGGGCAAGCATGGTCAGCAGTCCGCCGGTGGCGGCAATGGTGATCTGCTCATCGAGATATTTGATTTGTTCCTGAAACGGCGGCTTCTCGCCTCCGCCGGTCACAAACTTAATGTCACTCTCATGCGGCAGGAATCCTCGCCCGTTGGAAAGAATTTGCTCGGCGACGGCCTGATATTCCTTTTGTTTGGCTTCGTCTGCGTTGGGAGGCCCGACCAGGAAGATTGAGGGAATGCCATAAACCGAGAGGAAGGAATCCCAGTCTGATTGCGACAGGTTTTTGCGCAAATAGAGAACACTCAGGATGCGGTCGAGTGCCGGTGCCTCAAGGAGAACAAAGTTTTCCGGCTTGATGGACTCGCCGCGCCGGTGGCCGGAGACCGCTCCAGCGTTGTATTCCCAATCGCCGAACAGGCCGTCGCGCACCCAGAACCATTGTTCGACGGGCTCAAGGCGTTCAATTAGGCCGCCGGGTGTCCAATGTTTTTCGAGGTGGGCAAAGCCCCGGAAGAAACCGGTGAAGAGGAAGGAAACCGCTTCGCGAAAATTATCGATGCTGTCATAGACCATGCGCAGGAAGTCGGCCTGCTCCTGGGCGAGCACATTGTCCTGTTCCTGCGAAACGATGCGCACATCCCAATCGAGAGAAAGCAGCGCAGCGCGGCGGCGCTGAATGACCGAATGGATCATCGCGTCGGAACGTTCCATGTAATAATAG
CP047593.1_gap94	3412880	3416607	3727	GACAGGACGGCAAGGTCTTCTTCCAGATCGAAGGCCCAGGACTCCAAATCCATATCGGCCAGATCAATTTTCACTTTGCCGCCAATGGTCTCGTCGTCGGGGCTGGGCAAATATTCTTCGTCCGGCTCGGCGTTCTCAATGGCGTCCGAACAATCCGCAAAACTGGCTTTTTCTCCGGTTTCCTTAAAGCGGCGGATTTTCTCCAGCGTGTTTTCGTGGTTGTTCTGCAATGCCGCCAGAGTGAGGCGAAATGCTTCTACAGAGCTCTCCAGCCGTTTCAGCAGGTTCACTGTCATCAGCGCCTGTAAGCTGCGCTCGCGGTCGGCCTGTTTGAGCCGGGAAAGTCCGCCCTGAACCTGCGTGTCGTACATAGCCTCGTATTTGGCCAGGCGACTTGGGAGGATATAGCGGAACGGTGCATAGACCGCCATTTTTACGCTGACGAGCTGCTGAAAGATTTCATTAAAGCCAATGACATCGGTTCGGGATGTCAGTGGGCTGTGATAGGACTCCGGTATCCTTCGTGTCGGGAACTGGCCGATGTCTTTGGTGTCGTAATATTTCTGGATGTGCTTGCGGGAGCGGGCAATCGTGACGCTATCGAGCATCTCGAAGAAATCAAAATCGAGTGAATCAAGGATGGCCTGGGGCGTGCGCTGCTCCGGCGGCATCTTCGACCAGAGATTAAAGGCCGCCTGCGCCCGTCGGAATATCTCGTTAATATCCTTTTCGGTGTGCAGCTTGCGGTTCAGGTTGTCGGCTTCGCCCTCGTATGCGAGAGCGAGCTGGTTTTTCAGGTCGGTAAAGCGGTTATTGACCGGGGTGGCTGAGAGCATCAGCACTTTGGTTTTCACGCCGGCACGGATCACCCGGTTCATCAGTTTTTGATACCGGGTTTCATGGTCCTTGAACTGGGCGTTGTTTCTGAAGTTGTGAGACTCATCAATCACAACCAGATCAAAGTTGCCCCAGTTGATTCGATCCAACGGGATTCCCAGCGAATATCCTTTGTCGCGTTGTAAATCGGTGTGACAAAGCACCGTGTAGTCGAACCGATCCTTAGCAAAGATGTTCGTCACCAGCGGTTGATTGTAGTTCTGCCAGTTGTCGGCCAACTTTTTAGGGCAAAGCACCAAAACTGATTTGTTGCGCAGCTCGTAGTATTTCACCACGGCCAATGCCGTGAATGTTTTTCCCAAGCCGACGCTGTCAGCCAGGATGCAGCCGTTGTAGGTCTCCAGTTTGTTGATGATGCCGACGGCGGCATCGCGCTGGAAGTTAAACAGCTTTTTCCAGATAAGGCTGTCCTGATACCCGGTCAAATCATTAGGCATGAAGTCCTCAGAAATGTCCTCCAAAAACTCATTGAAGATGTTGTACAGCATCAGGAAATAGATGAACTCCGGGGAGTTTTCCTTATAGATTGCCGCAATGTGCTCACAAACCTGCTCTGTAACATCGGTAACCTTTTCCTGATCCCGCCAGATTTGATCAAACAGCTTGAGGTACATGCCCGCTTGTGACGAATCCGTCATTTTATTGACGAAGTTGGAAACCGCATCGCCTTTTTCATAGCCGAGATCCACGGCAGTAAATCCGTGAAGCGGGAGGTATGCCGTTTGCTCTTCTTCTGAGCCCACACAGGCAAATTGCTGCATCGGAGCGGTCGAGCTGTTGGATTTGAACGAGGCTTTCCGGCGTAACCAGTCTGCACACTCCCTAGCGACCGCCCGCTGAGTCAGCTCGTTTTTAAGGCGGATTTCAAACTCCGTTCCGCCCAGGTCGCATTCCCGCTGAATCTTTGGAATATGAAACTCCCGCTTCTCCCTGCGCACCTTGTCGGTAACCTGATCCGGGACAAAAGTAGGAGCAGTAAAAATGAATTCCACCGCCTCCACCTGTTCCAATTCGGCCTTCAGCGCTTCATAGGCGTAGATGGAAAAGCATGATGCAGCAATCTGTAGCTTTGAGTTTGGCTTGATCGTCTGCTTCAGATCATCCCCGAAAAGCTGATTTATATTGTCAAGAATCTGCATCTCATCCCTAACTGGCGCGACTTTCCAATGATTGGAAACTTTGTACACTTTTTTTACCAAGCGTGGAAGCGAAGGCTGAAACAATCTGAAAAAGTACCGCGTTTTACTCAGATTTTAATTTCAGCCGGTTGAGAGCGGCGTAGTCTTCGAGCAGCAGCTCTTGCAGGCGGGTTCGTCCGCCGTCCTGTACGCATTGGTCATCGATGCGGAGATAGAGCGGCACCAAGGCCGACTCTTCCGCTTGTTCCCGATGGGCCGTTGCGACGGCGAGCAGTAGAATCCGCACCCGGTCGGCTGCGGTTTCGGCGTCGATGGCGTCCAGCATTTGATCGAGCGGCGGATTGAGCGGGTTTCCGCGTCCGCCAGCCGTGATGATGTTTTCCAGCGCCATCTCAAGCTCGGGCAGTGTCATTCCGCTGATTTTCGGATCGCCGGCCAGCGTTTCGGCGACGGGCATGAGTTTGGCGCGTTTGTGGCCGTGGACAGCGGCAACGCTTCCTTCGCCGAGGCTTACGCATCCATCCCAAAGGATCGGTAACAGCCAGCAAAGGAAAAGAGTCAGGGCCTGAATCGCAACCCAAAGCATCTGCGCCAGAAAGACGATGATGACCACTGCGGCCTGCACGGCGAAGGCAGCCAGGGCAAAGACGGCATAGACCATCTGGATGGTGGCGGCGTTCTTGCCGCGTATCTGTACGCCCCCGATTTTGACCGATGAGCGGTTGGGCTTCATCCAGTTGAAGGTACCGATAGCCGTTTTGGTGGATGCACTGATTCCGCTTTTGGAAAGGTTGAGTTTGGTCGGGCCTTTGCCGTACCGGCCCCGCAGCCGGAAATTGCCGTTCTGGAATCCGGCATTGGTTCCTTTGGCAATGCGGGTGGTTGCCCGCACACCATGTTTGGAATTGGCGGTTAGATTGAGCCCGGCGACTTTGATCTGCTCCCGAACGGCGACCCCGCCGGTGCGGCTGATCCGCAAATGACGTCCACGGTGCTCAATCCGCTTCTGCCTGCCGTCGCTGTCTTTCTCTCCGATGTTGAACATAACAGTTTCCTAAAAGCGCGGCTCGGTTCCGTAAATATCCAACTCGCAATCGGTGCATTTCCAGCGGGGGTCGTCATCTGCAACACAACAGCCGCCGAGAACAATGCGGCCTGCCTCAAGATCACGATCTAGCTTTTCGTCAAACATGGGCATGCCGAACAGATAGGACGCAATGCGATCCGATCCGCATTTAGGGCATTTGCGCGGCTTGCGGGTTCTTCTGATTTTGTCCTCTTCCATGAAGGACTTATACAGTCCGCAACCTCAAACCTCCAGATTTCAATCCAACGATGAGAGATTGACTTTCGGCATCTTCGGGTGTGTCATTATTGAAATTTCAGAGTGCCGTATCTGGCCGTTTCGGACGTGTGCGCGACGCCTCTAAACGAGTAGCACGTTGCCCCGGATGGGTGCTCTGACCTCTTGCGAAACATGCAAGAAACAGCCCAGAAATCGGGGCTGAAACGGTCTGAAAAGTGTGGCAAAAGTGTGGCTTTTACCCGTCAAAAACCGCCGTTTTTCATGCTTTGTCAACGGGCTTGACACACGCCCGAAAATATCGCAAGGTGCGCATAGTCAGAGACTTACTGAAACAGTTTGACTCATGGCTGAATGGCCAATGATGGGTTGACATGCAAGAGGTCAC
CP047593.1_gap95	3430654	3433815	3161	ATTTGTTCAGAAAAGAAACCGGCTTCTTCAAAGCTCCCTGGCAAGCGGGCAGTACGAAGCCCAATATCTTTCTGTAGCAAACAGACTTAAAGAACAAATCGCCGATATGCAGATAAAACTACAGGGAAACCTGAGCGATGACCTTCAGATTCCTAAAGAAAAACACAACAAAAAACCTATGGAGGTTGCCGCAGATATAACCATTGTTGAACCGCCGATTAATATCTGTCTTTCAGGGATCTATCTCAGCCATATAATGCCATTGGCAGAGATCAATGGACGTCTGTGTAAGATTGGAGACCGCATCGGCAGTTTAACTCTGGAAGCAATTGATCATTATAAGATCCGACTTAGTGACAACAACGGAGATATTCAGATTGTTCAATTAAACACCGTTGATGAGGCAGCCCAATGAAACCGACTGTTAACAATACCGGAATTACATTGATAGAAGTAATGTTGAGTATTGTCATTCTGGCAATCCTAGCGGTTGTTGCCGTAACGGCCCTGTTTTACCCAACCTATCTGGTTGTAATGAGCAGTATTGAACAGTCCGCCATCAATGCCGGAAACACTGAAATTGAGGCACATTTGAATAATTATAAAAAACCAATTACTCAGGGAAGTTTTTATACCGATGGATGGACCGTCAGCACAACAAATGACGTGGTCGATTACAACGACCTCCCTTCTGATTACGCCCCTGGAACTGGCGACAAAGTTAAGTATGTTCTAATCAAAACTACCGTCGGATATCGAGACGGTCATTCTGTAGAACTGGTGACGTACCGATCTCTTGAAATATCATCATCTGAAAGATAGCTCATGAAAGCACAAACCAAATCATCTCAAAAAGGGTTCAGCATTATTGAAGTAATGATCACGATCATTGTTGCTTCTGTGTTGGTTCTGATCGTCAGCATGATTCTGGTAATGACATTTACTTCCTGGAGAAACAATAATGCGTATACCGATATTCGCAGGGATCTCTCAATGGCATCCCTGATAATGATGCAAGAAATCCGAGAGTCTTCCTATGGCGGATTAACCGTTGGCGAGGATTATTTGAACGTGGAAAGCGCAGCCACAAACAAGACGAGCGTTTTTTCACAAGTTGATGACTCTTTAGTTTATACATCAGAATGGGACACATTTATCCTGATTCCCCGCAACCTGCAGTCATTCAATGCTGTAAAACAAAATGACGGTGTCGAATTGACCCTCGTCGTTGCAAACACCGACTTTGCCATTTCTGTAACCAATCAACTTTTCGTAAATACCAGGAACTGATTATGCAAGTTAACCCCTCCCAAACAAAAAAAGGATCCACTCTCGTAATCGTTATGATTATGGTCATTGCCTTTTCTCTGATGATCACTGCTCTTTTACAACTCGGGGCGTTGGGAGAGCAGGAAACCGTTAAGCAGCTTCGTATCAGCCAGGCGCACTGGCTGGCTGAAGCAGGATTGGAACGAGTCTTGAGCTGGGTGGCTGCCAGCAAAGACTTTCGGGAAGGTCTGAGTGGAAGCCCGCAAACATTCGGCCCCTACACCGAGCTGGCACCTGGCAAATATTCAGTTGAAGTATGGGAGTCTAACATCAGTAACATTACGATCCGCTCCACCGGAAGCACTGAGGTTGGAACACTTGATGATTCTGCAACCGTTCAATTAAGCTTTCGATATGCGTCCGGAATTCCAGGTGCCATTATTGGGTTAAACAATCCGGGGCATACCCATCTTGATAAAGATGTGCTTATTATTGACGGAGATGTTTACAGAGATGGAACTCTTGATATTGAAGGAGATATTGTTTCGAACCAATCTGCATATGCGACATCGCCGCCAATCACCGGAGATGGATCTTTTACGGAAAACTATATCCCGGATCCTGACTCGCCTATTATTGATGCAGATGGACGATTCGCAGGGCTGATTAATTCCGCATCAACACAAACGAATACGATATTCGAGGGGGCATTGTCCGGAACGATTTATGTTAATGGCGACCTTACATTAACGGAAGGAATCAGTGGAGCAGGAACGCTGGTTGTCTACGGGGATCTTATTTTTAATGGAAATGACCAGTCAGTCAGTGATGATGTTGAAATTGTCGTCGATGGAAATATCAGTTTCTCTCAACATACGAGCTTGGGTGACAACGTCGAAGTCTTCTCTCAAAATGGAAACATCTGCCTACAGCACGATATCGACGGCGGTGCTGTGGCGCTAATTGCCAAAAACGGGAGTTTAGGCCATATTGATCCAGAATATGATAATACATTGGGAACGATTGACAAAGACCATATCCTAACAGCCGGGCATTCCATCGGGGATCAAAACCCGTCGAAACCTTCATTTGAAGGAGTTTTTTACGCCGAATATGACATTATTTTTCGCCATAAGGCCGATATTTACGGAAGCGTCATCGCTGGAAGGCATATGGAGATCGGACACTGCGCGTCACCGGGATCGATTAGCATCACCTATGATCCGAGTGTTTTCGATGAAGAGTGGCAGCTCGATTTTGGAAACAACATTGTGATCATCAACAGCAATTGGAAGAGACTTTTATAAGAAATTGCTCCTGTAGTGCCATTCAATGCGAGGCAGCTTCGCCTTTTCAATGTTTTTCGTGAAATGGCGACTGTATACCGATCCTCGTCCTTCGTATGCCAGTTTGCGGAGTTTTCTAACAGTAGTCGGCACATCTGACATCCAATCTTCGTTGCCGAGATCAGTCTTATAGTCGACAATTTCCCCCTGAGGGTCCAATACGGTCACAATATAGCCCAGATATGTCCCTCCCCTCCATTTGGCGGCAGCAACAGCCCATCCAGCAAAATATCTGCGAATCGGGATGTCATTAACGACCCACTCTATCTGACTGTTTTTTCCTTCGGGAAAAACAAATTGCTTAGTAGCGTGTTCAATTAATATGTAATTGTCACCGTCTTCCTCGTCAGCAATGAAATAAAGCTCGGCAGTCAACTTGGCCTTGCTGTCCATATCACTCTTTTTTTCGAGCGTTATTTGACAGGTATAAAGCGTGGTTTTATCACCACTGATCGTCCATTCCATTTCAGGTTTCTGGCGGGATTTTTTTCTAACCGTAATATCTACTTCGGGTACAATTTTATGCTGGAGGTAATTCAGGTCGGC
CP047593.1_gap96	3472094	3476960	4866	GATGGAACAGATCCGGATGCTGTCCAATCTGGAAACCGACCAGCACAAACTGATGCAGATCATCCTTTCGGGACAGCCTGAACTGAAAGAACGCCTTGCCATGCCGGAACTGAGGCAGTTGCGGCAGCGTGTCATGGTGCATTGCGACCTCTCCTCGTTATCCACCGTGGAAACAGCACTCTACATACAGCATCGGCTGAATGTCGCCGGAGCCAACGGCCGCATCCGTTTCAGGCCCATGGCGGTCGAACGTGTACACGAGCACGGCGCCGGGATTCCCCGGCAGATCAATACCATCTGCGACCGGGCTCTCCTCTCCGCCTACGTCCGCAAAGATTTTGAAGTGACCGACACCGACGTTCAAAACGCCCTTAAAGAACTGGCCTCAGTGATTCACGGGAGTTCCATATGAGCTTGATACAGGAAGCCCTCAAAAGGAAATCAGAAGAAGAACGCGAGAAATCAGAGCTTTCGAAGTCAGCGCCGCTACCGACTCCGCCCAAGCCGGAACCGCCGCCTGTTCCGGAGCAGCCGGCACAACCGGTCGCTCCCAGGCGCGCGCCGGTCCTGCCCGTTGTCATTATTCTCATTCTGCTGATCGCCGGCGGACTCTATTTTTATCTGAACCGCCCGACACCGTTTACACCGACGGAAACTCCGGCAGTACCGAAAGCAGAAATTGTTTTGGAGACCGAACCGGCAGCTGAGCCGGAGCCTGTTATCGAAGAAGAACCTGCGCCGCCGGCCGTCCAGGAATTGCCCAACCCCGCCGTCCAGGAAACACCGGAAACTGAATGGCCGGAACTGACCTTCTCCGGTTCCGCCGCAGGCGGCAGCCAGGTGCTCGCCATCATCAATGGACGCATGCTGTCAATCGGCGATAAAATTCTCGGCGCGGAAGTGCTTCAGATCGGAAAAACGGAAGTGCTGGTTGAATACCAAGACGAAAAGCGAGTGCTGGAAGTCGACAACCAGTAGATTTTCCAGACATTGGAAAATAAAAAGCGGAAACTTCCAAACCTCGGAAAAATCCGCCCGTCCCTGTTCCAATGCATGGGAATCAGGGATGATCAAAAATCATCGTCTGCACTTCTACACCACTGATCGCAGTCAGAGCCGCCTGAAGCTCTTTCAGCTTCGCTTCGTCGTCAACAAGCTCCAGAAGAATCAGTCCATTGGATGAGCAAACACCTTTATCCGCTTCGTGCAGGCCCAGTCGTGTGCGTATCTGACAGCCGAAACGGGTCAGAACCTCCTGAACCTGTGATGCATGCTTCACGCGTTCGGTAATATGAACCCCGACAAGAATATGCTTATCCATAGCCACTCCTTTGTTGTGTTATGCGCGACGATGCTACTGACTTCTGTCGATTCCTCCAACCTCTTGTGAAAAGATATTGCATATTTAGATTTCATTCAAAGAAAGGAAGGTTCTGATTTTTTCGGGCCAGCACCGTTGAATCGTCCTAGAATAACCTCGTTGACCGCGAGTGAATATTGAAACAAACAGTGAACACTCATTTGAACGGGTTCGCGACCCGACCTAAACGAAAGGGAGGTTCGAGATGCTGGTATCAGAACGCGAGCAATTGCGAGCGAACATCGAACGGCAAATCCAGGATTACGGCAACAATCGCAGTGCCTTGATTCCGGTTCTTCAGGAAGTGCAGTTGAAATACGGGCATGTTTCAGAATATGTCATGCAGGTCGTGGCCGACATCCTGAACATCCACCCGGTTGAAATCTACGGCGTTGCATCGTTCTACAGTTTTATCGGGCACAAGCAGAAAGGACGCTTCATTATCCGCCTCTGCCGAACGATATCCTGCGACATGCAGGGCAAAGACCGCGTTGCCCGCCAATTGGAAAACGATCTCGGTATCCGCTTCGGTGAAACAACGCCGGATGGCAATTTCACCCTCGAATGGGCCAACTGCCTCGGCATGTGCGATCAGGGCCCTGCCATGCTCGTCAACGAGCGGATCTACACACAGGTCACCCCGGATAGCGTGCACGACATTCTCGAGGAATGCCGCAAGGTATTCGGCGTCCACACTCTTCAGGAAAAGGAGATGCTATGCGAACTGCCGACACAAGCAAAATGACCTTCTCCAAAATCGACCCCGGCGTCGGACTCAAGAAAGCGCTGGGAATGACTCCGGATAAAATCATTGGTCTTGTCAGCGATTCCGGACTCAAAGGGCGCGGAGGCGCGGGTTTCCCCACCGACCTGAAATGGAAACTGGCCGCCAACGTGGAAGACGACCTGAAATATGTCGTTTGCAACGCCGACGAAGGCGAACCCGGCACCTTTAAGGATCGCGTCATTCTCACCAGCTTTTCCGACCTGATGTTTGACGGCATGACCATTGGAGCCCGTGCAATCGGCGCGGCAAAAGGTATTGTCTATCTGCGCGGCGAATACACCTATCTGCGCAGCTTCCTGGAAAACAAACTCTCCAAACGCCGCAGGGACGGACTGCTGGGAAGAAACATTATGGATACGGAAGGGTTTGATTTTGACATCACCATCCGCATGGGAGCCGGAGCCTATATCTGCGGCGAAGAAACCGCTCTGATCGAATCGCTCGAGGGCCAGCGCGGCGAACCGCGTAACCGCCCGCCCTTCCCCGTCAACACCGGCTTCATGGGCCACCCGACCATCGTCAATAATGTGGAAACCTTTACGTGGATTTCCTGCATCGCCACCAAGGGCGCGAAATGGTTCAACGACATCGGAACTGAAAAGTCGACCGGCCTAAAGCTCTTCAGCGTTTCCGGGGACTGCAAAAAACACGGGGTCTTTGAGTTTCCGATGGGGATTACGCTCAAAGAGCTGCTCGAAAAAGTCGAGGGAACCGATGCAAAAGCCGTCCAGGTTGGCGGTGCTTCCGGACGATGCGTGCCGGCCCGGGACTTTGACCGGACCCTTGCCTACGAAGATATCCCGACCGGCGGCTCGATTATCGTGATCGGACAAAACCGGGATATGCTTCTGGTCGCGAAAAACTTCATGGAATTTTTTGTCGATGAATCCTGCGGACAGTGCACGCCCTGCCGCGAGGGAAACGTTAAGCTGCTCGAAGGCATCGACCTGCTTTTGCAGGGACAATGTTCCATGCATTATCTGCGAGAGCTCTGTTCTCTTGGCGAAAGTATGCAGATGGCCTCCAAGTGCGGCCTTGGACAGACCAGCCCCAATGCATTTTTGTCCATTGTCGAAAACTTCAAAGACGAAATTATGGGAAGAACGGAAAGCGTATAAGTGAAATGAAATACGTAACCGGAAAACTTCGGCGACTTGCACAGTACGGAAAGGATTCATCATGTCCGATGCACTGAATCAGAACACATCGCGCTCGCCGCTGAGCCAGAGGGCCCAGCCGCTCGGTATCCCGGGAATGGAAATCACCGACCAGACAGTTGACATAACAATTGACGGGAAAAGCATCACCGTTCAGGCAGGAACGACCATTCTTGAAGCCGCAAAACAAATCGGAATTCGCATTCCCACCCTTTGCTATCATGAAGATCTTTGCGTCGCCGGTGTCTGCCGCATTTGTGTCGTCGAAGTGGAAGGACAGCGCACTCTGCAGACCGCCTGCAGTTATCCGGTCACCGAACCGATCACCGTCCGGACGCACACGGCCAAAGTGCGCAAAGCACGGCGGCACATTCTCGACCTGATGCTATCTAAACACCACGGTGAATGTTACGCCTGTTTCCGGAACAACAACTGCGAGCTGCAGTCGCTCGCCAAGGAATACGGCGTCGACTTTTTCCGTTTCGGTCATCCGGACAAACCGCGCTTCGAGGTTGACCGATCCAGCTACAGCGTTGTTCGAGATATGGACAAGTGCATTCTTTGCCGCCGCTGCGTACGCACCTGCATTGACCTGCAGGAAGTCGGCGTGCTTGAGGTAGACAAACGCAGCTGCAATTCCAAAATCATCACCTTCGGCGACAAACCGCTCGGCGAAGTCGTCTGCATCAACTGCGGGCAGTGCATCAACCGCTGCCCGACCGGTGCTCTGCGCGCCAACGATCCTACCTACGAAGTCTGGGCAGAAATTGATGATCCGTCCAAGCACGTCGTCATTCAGACCGCACCCAGCCCGCGCGCCGGAATCGGCGAATGTTTCGGACTCGAACCGGGCCATCCACTCACATTCGAAATGAACACCGCTCTGCGCGAATGCGGCTTTGACAAGGTATTCGACACCAATTTCAGTGCAGATCTCACGATCATCGAAGAAGGCTCTGAACTGCTTCAGCGACTGCACAAAGCCCTTGTAACCAAAGAGCACACAACCCTACCGCAATTCACCAGCTGTTCTCCCGGATGGGTCAAATATCTCGAGCACTTCTATCCCGAATACATCCCGAACATGTCGTCGGCAAAAAGCCCGCAGCAAATGTTCGGCGCCGTCATCAAAACCTACTACGCCCAACTCAATAACATTGATCCGAAAGACATTGTCACCGTCGCACTCATGCCCTGTTCTGCCAAAAAGTTTGAATGCAACCGACCGGAGATGTGCGACAGCGGATGGAAAGACGTCGACTACGGTCTCACCACCCGCGAACTCGCCCAGATGATCAGCGAGGCAGGCATCGATCTGCCCGCCATGCCGAAATCCGATTTTGATGATCCGTTCGGAACCGCCACCGGCTCCGGTGTCATCTTCGGCGCCACCGGCGGCGTCATGGAAGCGGCTCTTCGCAGTGTCATCGAACTCGTCTGCGGCATTAAAGTGGAAGACCTGTTTAAACATGCCGATATCATCCCCGTGCGCGGGTTTGATGGTATCCGTTTTATGGAGCTGACCATTCCGCAGGTCGGGCCCGTCCCCGAGCTGCTGAAAA
CP047593.1_gap97	3478119	3478809	690	ATTTTGTGCCTTCAATCGTAAGCGACGCTTCCTTAATTGCCTCAAGGCCTTCGACCGGTTTCACATGAAGGCCCTCCATCGGCAATTGTCTGCCGGTGATAAGTTCATACGCCGTACGCAATGCGGCTTCCATGACTCCACCGGTGTTGGCAAAGATGTCTGCAGCACCGGAACCGATCCCGAGCGGATCATCCATCTTTTCGTCTTCCAATGCCATAAAGTCAACGCCGGCTTCTTTGATCATCCGTCCCAGCTCGCGCGTGGTCAGAACATAATCAACATCCTGCACGCCGCTGTCGAACATCTCCGAGCGTTGGCATTCGAACTTTTTCGCAGTACACGGCATCACGGAAACCACAACCATATCTTGCGGCTCCACACCGATCTTCTGCGCGTAGTAGGTTTTCGCCACCGCACCGAACATCTGCTGTGGAGACTTGCAGGTCGAAAGATTGGGAAGGAACTGCGGGTAATAATATTCCGCAAAGTTGATCCACCCCGGCGAACAGCTGGTGAACATGGGAAGAGCAACCTCTTCTTTATCGACCCAAGCTTTTTTAAGACGGGTTAACAGCTCGGTTCCCTCTTCCATAATCGTAAGGTCTGCAGTGAAGTTGGTGTCAAAGACCCCGTCAAACCCGATATCACGAAGCGCAGCCGTCATCTTGCCGGTCACCAGCGTGCCCGGTT
CP047593.1_gap98	3511981	3512875	894	GCACTCTCGTCAATGTGACGAAAAACGGCCTGACCAATTATACAAACCGTATCGAAAGCCGTATTGAAGAACTGGAAGGCCAAATACAGCTTGATGAGTCTGTATCCCCAACCATTGAAGCCCATGCAGGACATCTCAGCCGGGAAGATCTGATGTTGGAAATATCAAACCTGACATTGGCTCTCGTGCAACCGCTTACTGTGGTTAATGCATCCCTCGAAGCTGCGAAGAAACATGCTCAAGACGACATTCAGCAGGAACTTCTGGACCTGGCTTACCTGAGCGGACAGCGCATGCAGTCTCTGGCCAAGCGAATGATGATTCTGGTTGGATACCCTGCACTTGAAAGCATGAAATAATCAGGGATTATTCACCAGAGAAAATCCGCGTTCCAGCAATCGTTGAGCCCACTGGTTTCGCACTTCTTTTTGCTGACATCCCATCACCACCGCGATAATACGGATGCCGTCGCGTTTTGCGGTCGCCGTGAGTGAAAATCCACCCGCTCGAAAATAACCGGTCTTCAGCCCATCGCAACCTTCCATGGTATTCAGAAGCTTGTTGGAGCTGGTCATCCTAACCGGATTTTCCTGCCGGAAATCACGCATATACACGGAGGAGTATTTCAGCGTTTCCGGATGGGCTTTTAATAAAGCATCCGCCAGTCGCGCCATATCCAGCGCAGAGGAAACATCCGGTAACTGCCCAGGTTCCGGCGGCAGGCCATGCACGTTATGAAAGTACGTAGAGCGCAGCCCCAATTCCCGAGCCTTTGCAGTCATTCGTTCCGCATGAGCCTCCTTGCTGCCGGAAGCGGTATACGCCAGAGCCGTAGCTGCATCATTCGCGGAATGAACCATCGTTGCATAAATGAGTTCTTCCAGTGGAAAAACC
CP047593.1_gap99	3528205	3532105	3900	GAAAACGTCCGGATTTTCCAGTGGATGGAAAACCCGGACGTTCTGTTTCCAAAGCATGGAAATACGCAATACGTTTTACTCTTCAAACACACCCATGGCGCGGAATTTTTCGTAGCGCCCGGCTTTGAGCTGATCACCGGAGAGCTCTTTCAGTTCGCTGAGGTTGCGCAGGATTGCGGCTTTAAGATTATCCGCAATCGCCTGATGATCTGTGTGGGCACCGCCTTTGGGTTCTGGAATAACTTCGTCGGCGAGTTTTCGTTCAAGCAGATGCTGCGCGGTAATTTTCAGGGCGTCGGCGGATTTGTCGGCATAAGCGCGATCCTTAAAGAGAATAGCGGCACAGCCTTCCGGGGAAATGACGGAATAATAGGCGTGTTCCAGAATCAGGATTCGGTCGCCGACTCCGATGCCCAAAGCACCACCGGAACCACCTTCCCCGATAACCGTGACAATTACCGGGACCTTCAGGTTGAACATTTCACGGATATTCACAGCCAAAGCTTCAGCGATGTGGCGTTCTTCGGATTCCAGTCCGGGAAAGGCCCCGGGAGTATCGATGAGCGTAACAACCGGAATATTGAACTTATCGGCCAGTTTCATCAGGCGCAGCGCCTTGCGGTATCCTTCGGGATAAGCACAGCCGAAGTTGCATTCGAGATTGCTTTTGGTGTCACGCCCCTTCTGGGAGCCAAGAATCATCACCTTCTGGCCGTCGACCTTGGCGAATCCACCTATGATTGCACGATCGTCAGCATGAATACGATCGCCATGGATTTCCACAAAGTCGGTGGTCATGTTCCGGATATAATCCATGGTATAAGGCCGCTCGGGGTGGCGGGCAACCTGAACCTTCTGCCATGCGGTCAGATTGCTGTAGATCTGTTCCCGGGTGCTTTTGATTTTTTCCTTCATGCGCTCAATCTCATGAGACACATCGATATCCTGCTCTTTGCTGAATGCTTCCAGCTCATGCAGTTTATCTTCAAGATCAAGAACAGGTTTCTCAAAAGGAAGTGTAAAAGGGGGCATGGGGGCTCCTCGTGTTATAAATTCGTTAGGCCGGCTATTGAAACCAAAGATTTACGTTCGTGCAACAGCCATTTCTTGCAACCTTCATAGGAGATCCACAGCGGACTACTCCTGGATCACCACTTTGGTTCCGCGCGGAATCAGCATGAAAACCTCTTCAACATCTTCATTCAACATGCGAATACAGCCATTGCTGGTTTCTCCACCGATACTGTCACGGGCCGACGTTCCATGAATACCAAACCCTTTGAGCTCCGGGCGGGCCTTGTCTTCAAATGACATCCAGCGCGTACCAAGAACATTTCGCGGATCACCAAATTTTACGATTCCCCCGCTCGGCGGGGTCCAGTCCGGATTTTCCTGATGCACAACCGTGAAGAACGTTCCGACCGGGGTCTTCCCGTAGCGGCCGACACCGACGGCGTACCGTTTAAAGAGCTGTCCATTGATGGTCAGGTCCAGCTTGCGATCGGACTTATCGACCTCCACCAGAAACGGAGCCGCCGGCACGAAAAGACGGGCTCCGGGATAGATCAGGTTCCCTTCAATGCCATTCATTTTACGAAGCAGATCGACGGTTGTACCGTTTTTGCGGGCAATGCGATCCAAAGAATCGCCAGGCTGAATCACATAGGTTTTCTTATATTCCGACGGAATCTCAGATAAGAACAGCTTTACATTGACCCGCCCCTGCACCCGAAGCGCATTCATCGCCAAATCCGGATCCTTTGACTTTTCAACCACTTCGCCGAACAGAGCAGATGCCCGAGCCAGCTTGCCGGCGCTCAGCTGAGCCTGAGCCTCATCATAAAGGCGCTGTACATCCTCAGAAGCTCCGGGCGCTGTTGCGGCGGCTGAAGCTTTCGGGGTCGACACAACCTTCGGGGTCGATGCAATCTTCGGGGTCTCGGAAGCAACCGTAGACGACGCCGGGGTTTCAGTAATTGTCGGTTTTTCCTCCGGCTCAGGCCGTTCCAGCCACCACCAGACTCCTCCGCCCACCAGAGCGGCGATCAGCAGCACCGGCAAAAGGAAGCGTAAAGGGTTGCGGTTGCGCTCTCCGTAGGGTCTTACATAAATATCAGCCATTGAATCCGTCCTGAATTGGTAAAAATGAAGGAAAACACTAATCTAAAGTACATCCTTTTGCAATTCATTAAAAATCATCTACACTGCTCCGCATGCAACAACGACCCTATACACACTTCGGAGATCCGGCCGGCATGACCTACGGAGTCCAGCTCCTGCTGGTCCTCAACATCGCCGCCGCGCTCATCGACTGGCTCATTTTCCCCCTGAAACCTCTTTTTGAACTCCACGCCAACTGGTGGACCCACTTCGGTGTATGGGAACTGGTCACCTATCAGTTCCTGCATCAGGGCGTCCGACACATTCTGTTCAATATGCTGGCCCTTTTCTTTATCGGCCCGGAAGTCGAACGAGGAATCGGCACCCACCGTTTTTTCATTCTCTATTTCTTAAGCGGCATCCTCGGCGGGCTGGGATGGTCGCTGCTTTCACCGCCGTGGCATTCCTGCGTTGGCGCGTCCGGAGCCGTCTTCGGCGTCCTCGGAGCCTTTGCTGCCCTCTATCCCGACCGCGAACTGTACGTTTGGGGAATTCTGCCGGTCAAAGCCTGGCTGTTGGTGGTAATTCTCGGCGCATACGAACTGCTTAACGTACTTGGCGGCCCCGGCGGAGTTGTTGCAAATGCCGCGCACCTTGGAGGCGCCCTTGCCGGCGTTGCGTATACAATCATCATCAGTCGCCCGGATATCATGCGAAAAATCCGCAGCAGCCTGGCTCCCCGAAAAAAGCCGCCGGTTTCACGATCAGAAATTGATCGGATTCTCGACAAGGCTGCGCAACACGGAATGCATTCGCTGACTCCCGCGGAGCGTGCGACGCTCAAGCGTGCGGGGCGGCAGTAAATTACTGAACCAGACTTCGCACCGCTTTTTCAGCAGCAACTTTTTCGGCCTCGCGCCGGCTGCGGCCATCGCCCCGGAAAACAAACGTGGAAACTGTCACCTTCACCTTAAACCGGCGATCGTGATCAGGCCCGCTCTCTTCAACGACTGAATATTCGGGAATACCAAACCCCTTTTTCTGAGCGAACTCCTGAAGGGTTCCCTTCGGATTCAGCATCGCCGGTTCCGTATTTTCCAAAACCTGGAAAATATGCCGGTCAAAAAACCTGCGGACCGCCTTCAATCCTCCGTCCATCCAAATCGCACCGATCAGCGCCTCCAGCGCATCTTCCAGATTGGATTCGCGCTCTGCTCCGCCGGCGGCTTCTTCGCCGCGACCCATGCGCAGGGAACCGCCCAGATCCAGATCGGCCGCGACCCGGGCCAGCGACGCGCCGGAAGCCAGCGCGCTCTTGAATTTGGTCAATTCTCCTTCCGGCGCCTCCGGATGCACTTTCATCAGCGCGTCAGCAGCCAGCAGCCCGAGCACGGAGTCGCCGAGAAATTCGAGACGCTGGTTGTCGGATTCCACGTCCGGATTTTCATAGCGATAGGACGGATGGGTCAGCGAAGCCTTCAACAGCTGCTTGTCTTTAAAACGATAGCCGATCCGTTTTTCCAACCCCTGGAACTCTTTCATGCCTGTCTTTCCAATCATTGGAAAAAATTACAGCAGATTCGTCCGACATCAAAATACTTCCAGCGGTTTTTTACGTTCACAGCAAAAAGACGTTCCCGACTGACAGGAACGCCTTTTCAAACCGACAGGCTGTCAACTTAGTAGGAAGTAACCGGAATGAATCCAATTTCATCAACCATTTCCTGGCCGTCTTCGCTCAGGTAAAGCGTAACGAAACGGTAGACAGCGGATCCAAGTTTCGGGTAGCCGCTGGTGTAC
CP047593.1_gap100	3646674	3648140	1466	TTTCCACTTAGAACCATCAAAATCCGGAGTATCCCATCCGGAAATCTCTTTTCGGGAATCATATGTTTCTCCCATGAGCAGGTCCGCCTGCGAAATCGGACCCAAAGCCCCTTTCCATTCCGGGCTCGTTCGAATGGTTTCAAACGTTCCATCTTCATATTCCAGCACCAGCTCACAGGAAAACCACGCATCATGCCCATAGTAGCCCCGGTCGCCAAACGGCCCGAAAAATCCGGCGAACCAGCCCGGCGCCACCAACGCACCCAGCACATTTTTCCCGGGAACAATGCGGTCTGAAACATCAAACGAGTGGACATAAACCCGCTTGCGGTAATCCGTCCAGCCCGGCGGCAGATGAATATCATCAACGGAATCTCCATTCAGGCGCAGTTCAAAAACCCCCAAGGCGGTTGCATGAATAGTTGCCGCACGAACCGCCCCACACACATCAAAGTCCATTCTCAGCAGAGGAGCACCATCTCCCCACCGAAGACGAATCCAGTCATTTTCCCACTTCTCAAACGATCTCTCTTTCAAACTCATAAAAACCTCGCCCCTTCAGGTACTGTAAACAGTTTCATTTATATACCTCTTACCGAAATGGTCAAGAAACAAGATATCAAAAAACATATAAACAGTGTGTATAAGGCTAGATTCAATACATTTTACAGCTTGCCATCAAAACCGTTCTGTGCGTATTTTTCCGTTAAAGATGAAACGTTTACAGTAAACTTTTCACAGGAATAAGGATAAGGAATGGCAGTCAAAGGAAAAAAGAGAAAACGCACAAGCACCCGGGTTACCCTGGAGGATATCGCCCGTTACTGCGATGTCAGCAAAGCAACCGTTTCGCGTGTATTAAATGATCATCTGAACGAATTTCCCGTTTCAGACGAAATGATTACCCGGGTCAAAAATGCCGCCACGCAACTGGGATACCGCCCCAACCGACTGGCCCGCGCCATCCGGAACCAGAGGACCAATCTCATCGGACTTTCTTTTATCCACATTGACTACCAGCACCTCAGCACCGACCAAATTGCCTATGAAAACCAGGTAATGGGCCAGTTTTCCAACATCATCCTGTCACATCCCGGATTTAAAGATTACGACCTCGTCATTCACGACCGCATCGAATCTGCAGATCATCCGTTAAAGGAACGCGATTTCAAATCAGATCTGCTGGAAGGAATGATTTATCTCACCCCCTCCGATACCCATCGCGAATTTCTCGACATTGCCTCTAAAGAGTTTCCGATTGTGCTGCTCGGCCAAACCGAAGAGTCCGAAAAGAAGGTTCCCTGCATCGACATCAACAACCGTAAAATGGCACAGAAAGCAGTCGAGCACCTGATTGAAACCGGATGCAGGAACATCCTGATTCTCATCCCGGAAAAGCTTCAGCATATCAGCTGTATTCAGGACCGAATCAAAGGCTACAATGATGCTTTAACCAAAAACGGCCT
CP047593.1_gap101	3692318	3693704	1386	CGGAGCGATGTATTTCCGGAGCGTTGCGGAAACGCCCTGCGGCCCGCCGTACAGATTGTCTCGAACAAACACCGGATTGGCGGTGTTATATGCAACGGCCGCGCCTTCCATATCGAACTGGTTGCCGAGAATGCTCACGTACCCGCTGGAAGACCGGACATCAACACCAATCCGGTTGGTCGTGGACGGTCCACTGAAAAAGTTATGATCAATCACAGCGGTATACCCGTAATTCAGACAAATATCGGTCGGAGAAAAGTCGCGGGCGACACCGGTTCCGAGAAATGCGCTGCCCTGCGTATCCAAACATTGGAAACTGTTGTGGCTGAAAAACAGCTGCCGCATCCCGTTCACATAAATACCGTAGTCCCGGAAATTAAAATCGCAGTTGTTGACGTGAAACGCCGGCTCGGCCCAGCCGTCACCCGGATCGCCAATATCGATCAGCAGACCGGTCGAGCATTCATCAAACAGCGTATTCTTCACCTTCCCGTCTTCCGGAAACTTATAGGGAGCGGCGTAAACGATTCCGGTTGCCACACCGGAAAAAATGCAGTCACCGATCATCGGGTTGTAGCAATCTTCCAGATCCAGGCCGACCTGTGCGGACCAGTTTCCGTTGGATGCCGAACCATCGGCAAACACCTTGATGTTTTCAAATTTCGGATACCACGAGTTCCACACCAGACAGCCGGTCTTGAAATAGTTTCCATCACCCGGCTGCGAAGAGCGGACATTCATGTTAATCAGGTTCAGGTTGCGGTTCTGGGTCACGCCGGACGGAGGCAGGTCCATAAAAAAGGCGTACTCAATTCCCGGCTGCATTGCCACCAGCGAAAGGTCCCGAACGGTCAGCTGCATCCATGAAATCGACGTCCCTGCAAACCGCAATCCACCCGACGTATTGTTCACCAGAAGCTGAGTCACCTCCTCCCCGCCGCCGCGAATCTGCATACCGTACTGCGAAGTGTTTCCAATGCCTGGAATATCCACAGGGGAGTTCAGAAGATATGTTCCAGCCGGAATAAAGATTTCGGAATGCCGCGAGCTTCCCAGAACTTCCAGCATCTGTTCAAACGCCGGCGCAGAGTCCATTGTGCCGGTCGGATCGGCGCCGAAATAGAGTGGATTAAAGACAGACGTCTCCGCAACAATCCGCTGCTGAGACGTGCTCAGGGCAGATGTCAGATAGCGATCCACCCGAAAGAGCGCCGGATCGCCCGCGGGCTTGGCGGCATGCATCACCATCTGAACCGGCGCCGCGGTATCGTACACCGCATTGGTCGCAAAAAAATACTCCACGCCGTTCACCGTCACGGCAGCCCGTTTGGAAACCGTGTTGAAGGTGATGGACACATAACGCGCATCACGGTCCGGAATCCAGTT
CP047593.1_gap102	3784905	3786576	1671	ACCATGCGTTTGCGGCAACCACGGTTCTTTAAACCACCCCATACTCATGGTGGGAATATCGGTCAGCCACTGGTTTTTCCCTTCGATCCTCATCATCTGCTGATCTTCAAACCATTCATACGCGTCCATGTAGTCATAGCCCGCAGCTGAAGCATAAGAAAACTGGGCATCAAACCCGCAATCAATAACCAATGAACAGACGGACTGCGCCGGGTTTTCATTGCGCGCAATAAACAGAATACCGCTGAAACCGTCCGCAACGGCTTGCGCACGCAACGCATCCAAACATTGCGCCACCGCTGTCGTGCTGCCCATGCGGTCAATCAGGTGCTGCCAGCCGATAATGCCGACCACGAGCTTGCCGTCGAACGTGAAATAACGCGGGTTGCTGAAATAATGCTCTTTCCAGTAACTGTAAAGGTTGGTCTGGATATCGGCAGCACTGCGCGCATCGCCCGATGTCCCGATCGTCCAGGCAATGGCATAACGGATATGGTTTTTAAGATCGGCCTTCTCAATGATTTCAATGGCGTTCAACCGGGGGTTATCCACAATCGGCTCATTTTCCGGCGTCCGGTTATACCAGCAGTGAAGAAACCACTTGATGCCGTAGTTGCGGGCCCAACGGATCTGCCAGTCCCAGACGTCCGGATTGTCCTGATCGTACCATCCGAGGTGCGGCTTGCGACTCAGGTAAGGTTTGATGGGGTCCCACCCAAGGTGTTCCCCCTGATTCCACAGGTCACAAAGAATCGCCCCGACCTCATAGGAACTCGCCGGAGGCTGCGGCACAGGAACCCCGTCATGAGGAGCTCCAAGCGTGAAAATAAGGCCGGCGCACAGGAGAGACATCATGGCCTGCTCTCCTTGTCATCACACAATTCTGGCAACCCGAAATGACGCTGGCTTTTATTCCATTCTGCCACCAACCCGTTTTGAGCCAGCAGCTCCGGCCATGGCAGCAATGCATCGTGCTTTGCAGAAAGCTCCACTGTCATTTGATGCAGTCTGTTTTCTAAGGTTTGGAAATCAGGACTGCCGGCCAGATTGTTTTTCTGCTCCGGGTCGGCAATGTTATCAAACAGCACCCACGGCGCACCGTCGGCATGGCAGGCATACGTGTGTGTTTTTGTGCGCACACCGCGCCACGCATCCGTGCCGCGCCAGATCGACTGATGACAGGGAACCAGATCGAAAATATAACAGGCGTCCTGCCCGACGGAGTTTGAATCGGAAAAAAGCGCGCTCAAATCATCGCCGTCCGACGCCGGCAGTTTCTGCTCTGCATGAGAGAGTAAGCTAGCCGGCAGATCGGCTAGGCCGATCAGTTCTTCACAGATTCCGGTTCTAACTCCCGGCCCCTGCATCAGCAACGGCACGCGGACCGACTCCTCGAACGGCAGTTGTTTGTTAGTCCAGCCCTGCGAGCCGAGCTGGTCGCCGTGGTCGCTGGTATACACAATAATCGTATTTTTAAGCTGACCGGTTTTTTCCAATGCCTGGACAATCCGCCCAAACTGATCGTCCAGCGCGGTAATGTGTGCGTAATAGCCATGCAGGTTTTTTTCAGCCTGTTCGCGATCCCAATAGCGGTCCATATCCAGACGATCTGTGATCTTTTCTGACACATTCCCGCGAAGACTCAGTTGCTTATCCGCATACAGGTCCAGA
CP047593.1_gap103	3802350	3805111	2761	GAACATCCATACTCACCGGGACATCGGCTTCCAGGGAAAACCAGTCTCCAATAACCATGGGAGAACGGACACTGTAATATTTCATATTCTGCTCTGCAGAAGAACGCCAATCAGACGTCCTGAATGCAATTGCCTGCTGTCCAAGAAACCCCACCTCTTTTTCATCAACCCGCAGGGCCAGCACAGCAAGTCCCCTACCCCAAAACCGGAATCTTCCACCTGTACGAGACATAATACGGCCCTGATAATGAACGAGCCACTGCTCGGTATCCAGTGAATCAGGAATGCCAAAACTTCTGGGAATATGCTCAAAACCGATTGTTGGAAGATAAAAAAAAGTCGTATACAGCTTTTGTGGAGCACGGTAATACCTCATCAATGTTTTAGGATTCCAGCCATGCTCATAAAACCGTCGCAACTCTTCAATATAGGTATCCTCTCCACCGCTAAGCTTCCGGCCCTGTCGGTCCACACAAAGAGCATAAAATACGCCTTCAAAATCGTTGCCGACAGCCAGAGACTCTTTTCCTCCCAGCAATGTGACATCTGCAATATCCGGCATCAGCTCAAAACCTTCAACTCCTCCACCAAGCCCCTCGCTCACCAAGCCTGTTTTTGTCAACCGTATGCCGGTTGCTGTCTGCATGTTTTTAGAACTGATCCGCTGCGAACTCTTTGGGTAGACCTTTTTTTTGACCCTTACCGTCGGTTTTTTAATCTGCATCTTCGGACGACGGACAGGCGGCGGTGGAACAAACTTTTTTTCCGATTTTTGAACCACTGAAAAGACGACCACCCCGCCCGCCCAAACGAGTAAAACTGCATGAATGCCGGCACTCAAAAGTACTGCTTTCGAAACACCCTGCGCCGGCTTTTTCAATTTCCAATTCTTGTGTTGCATATCATCACATCAATCAATGTATCTCTGAGCGCTTAAACCAGGGAATACGCGGAGGACTAACCTTTTCGAAGTGCTGGTTAAAGTGACGGCTGTTTACGGCACCGTGATTTACCCCATACAGCCCGCGTAATTTTTCAACGCTGAAACCGAGATCCCGCGTTACCCATTTTTGTTTTACATCCGATTCAAAACCAACCACCCGTCCATTGACATCGGATACTGCAAGAATATATCCGGAAAGGGTTTTCCCGCGAGCCACCGCATTCTGCCTCAAGACCCATTCCGAACGATAAGTATGAAACGGCACCGCTTCAAAATGCATAACACATGCGCATTTTTTCTCATCCTGAAACCCGAATTTTTTCCGCTCATACGCCATCAGCACAAGATGGTCATCATTCATTCGGGTACGCTCCGCTCCCAACACAAACAGTTCAGCTGTTAAATTGGCTTTATATGGCAACTCACTGGTTTTTGAGACTTGGGCTGAAAATCGATAACAGGTAACGTCATCTTCCTCGCGGGACCATTCAAATTTGGGGAGCTCGTAACTCTCGTCACTCACCGAAATCTCTATTTCCGGCGGCACATGATAATAGAGATATGACAAATCCCCACGAGAAAGACGCGCCAAAGGAATCGAATGTTTTTTGCCGATTGCATCCTCAACCAGAACCTTATCAAAGAGGATACGAACGAACGATCCTTTCACATAAGTTCCGTCAATATTGGTCCACACACGAGCGTCCAGAGGCAAACCTGCAGCGAACAAACCGCACCCGGCAACACAAAGAATAATTATCTCTTTACGACTCATACGAATGTCCTGTCCGGCAGTTCAAATCATTGCGCGAAACGACAGCGTTAACAGACGCGACAACCCGATATAAACCCATCAATTAGATGAAATGTATCCGCCGGAAATCACGTCGCCGAAAAACCGGAAGCGGCACTTCATGGACAAACATGCCGCTTTCCGCATCCGTAATTTATTCGGAGACAATGCGATAAAAAGATGCCGTCGGGGACATGCTGTTGCTAACCGTTTGCATTCCACCGGCCCCGGTAATACCGGTGACAATATTGCTCCAGATTCCATCGGTCAGATCAAGACACCGCTGCAAAGCATACGAATGGCCGGAAGCACCATTAAAGGAAACCACCGCATCGCTGCCCTCAGTGTCCACGGTAATATCACCGATCTCGGGAGTTACAGGAATAACCGGGGAATCGACTTCAAGCAGCACGGCATCCCGTCCATCCGTATCGTGAATGAGATTCAGGGTTGTGCCCGCAGCAAACGAGTTGGTGTCGATGTTGAACTTGAGCATGCCTTGGTTCATCGAACCGCCTGTTGCACCAACGATTAATTCATACGTGCCGGACTGGACGTTTTCCGTTCCCGTGATGTTGATCTCCGCATTCCAATCGTACCAGAACTTATTGGCACTCACTGTAGACACCCCGTTGTCATCAAAAACAAAGTTCATCCGACTGTCACGTGCCAACGTCACATACGAGGAAATATTGAGCTGGGCCTCACTGCCATTAACCGTCATTTCGGCGGCAGTAACATAGTCTTTCACCCCGACCAACAATGTATTCACATTCACCGTGGCAGCATCACTCACCAACATTTTCACTGAATCCGCCGTTCCCTGAACATCTCCAAGCAAAACATTATCAGCATCCAATTCGCCGCCTTGCAGATCAATCAGGCTGACTCCATTCGTATCTGAATTCACTTTCACGTCAGCGAAATAACCGATTCCTCCGACCGTTTCGTCACCAATCTGCAATACTCCATGGTCATCATTGTCTGTACCAAGACACAACAATTTGCGGTTATTTTCGGCTCCG
CP047593.1_gap104	3826933	3829244	2311	CAGAACCATATCTTTGGCAGTAACGCCCGGCTGCAGTTTTCCAGTGAACTCCACCTTATAGTTCTTCGGTTTTTTCTGGCGCAGCGTCTGCGTGGCCAGCACGTGTTCCACTTCGGAGGTGCCAATCCCAAACGCGATCGAACCAAATGCGCCGTGCGTCGCGGTGTGCGAGTCTCCGCAAACGACGGTCATGCCCGGCAGGACAATCCCCTGCTCCGGCCCGATAATATGAATCACGCCCTGCCGGTCGTCGCCGAGCGGAAACAGCGTCACGCCGGTCGTCGCCGCGTTATCAGTCAATGCATCCACCTGCGCTTTGGCAATCGGATCGGTGATGTTCATCCGGTTTTCGTCCGTCGGCACGTTATGATCCATCGTTGCAAACGTGCGGTCCGGCCGGCGCACTTTACGGCCGGCGAGGCGCAGTCCTTCAAAAGCCTGCGGACTGGTCACCTCGTGAACCAGATGGCGGTCAATATACAGCAGCACTTCGCCGCCACCCAGGTCCTTGACGACGTGTGCATCCCAAATCTTGTCAAACAGTGTCTTACTCATGGCGGCAGAGGGTATATCTCCCGCTGACATGCATGCAAGCAAAAGGAAAGCGGGAAATTGAACCCCGAATCGCCATACAGATCTCGCAACTCCGTCAAAAACCCTCATGAAAACCGCTTGCCAAAGCAGGAATTGATACGTATAAAGCCCGCCTTTAATGGATTGCGCGAGTGCGCGTCCGAAGCGAGTGCTTACGCCGGTTTACCCCCGGATAAGCCAAAGCGGATTGTTCGAACAAATGAACTATAGAAAGGGGTAATGCCATGTCCGAAACGACATTGACGATTCAGGATCTGTTGGATGCAGGTCTGCACTTCGGTCATCAGACCAAACGCTGGAACCCGAAAATGAAGCGCTTTATTCACGGCGCAAAAGGCGGGATCTACATCATCGACCTCCAGAAAACCCTCGTCCATCTCAAGATGGCTCAGGAATTCCTGGACGACACCGTAATGAGCGGCCGCAAAGTGCTGTTTGTTGGAACCAAGAAGCAGGCACGCGATATCTTCAGAAACACTGCAGAAGACGCCGGGCAGCCTTACGTGGTTCACCGCTGGCTGGGCGGAATGCTCACCAACAACACCACGGTTCGCCAGAGCGTAAAACGCATGGAAGACCTTCAGGCCTTCTTCGGCGACGAAGCAAAACTCAAAACCATTTCCAAAAAAGAGCAGTCCATGCTCCGCCGCGAGCTGAACAAACTCGAACGCACCCTGACCGGTATCAAAGACATGACCCAGCTTCCGGGCGCCCTGTTCGTCGTTGATATCAACCGCGAAAAGCTTGCCATTGCTGAAGCTCAGCGCCTGAACATTCCGGTGGTTGCTCTGGTCGACACCAATACCGACCCGGATCTGGTCGACTATCCGATCCCGGGCAACGACGACTCCATTCGTTCGCTCTCGCTGGTTGCCAACACCCTCGGCGGATCCATTGCGAAAACTTACGCGGAATACACGTCCAAAAAAGAAGCGGAAGAAAAAGAACGCCGCGAAAAAGCCGCTGCTGAAAAAGCCGCTGCTGAAAAAGCCCGCGCAGAACGCGAAGCCAAAGAAAAAGAAGAAAAGAAAAAACGCGCGGAAGTCCTCAAAAAGCTAAAAGCTGAAAAAGCAAAAGAGGAAAAAGAGAAGAAAAAAGAAGCTGAAAAAGCTGAGTTTAAAGCCAAAGAAGCTGCTGAGAAAGCCGCTGAAGCTGAAAAAGCTGAAGAGGTAAAAGAAGACGCCCCGGCCGCCGAAGAAACTGTAAAAGCAGCTGCCGAAGCTCCGGCCGCGGAAGAAGCCGCTCCCGCCAAAGAAGAAGCAGAGAAAAAAGAAGATTGATTTAATAAAAAGGAAACGACTCATGAATATTACCGCTGCACAGGTTAAAGAACTGCGCGACGCAACGAACGTCAGTATGATGGACTGCAAACGTGCCCTTCAGGAAGCTGAAGGCGACATGGACAAAGCCGTAAAACTTCTCCGCGAACGCGGAATGGCTGTGGCTGCAAAAAAAGCAAGCCGCGTCGCCAAAGACGGAAAAATCTCTGCCAAAATTTCCAATGATGGAAAAACCGGCGTGATGATTGAAATCAACTGCGAAACGGACTTCGTGACCCGCAATGAAAAATTCCAGAGCTTCGTCGCTGAAATGACCGACAAAGCCATGGATGTCGACAACCCGGCTGAAGCGTTCAAAGATGAAATCACCGCCGCTATCGCAGAAATCGGTGAAAACATCGTTCTGCGTAAAAGCGAAAAATTTGTTGCTGAACAGG
CP047593.1_gap105	3882176	3882676	500	CCCGCAATATCCAGCATATTCAAAAAGCAGTTACCTCGATAAACCTCGATGAAAAAACGGTGACTGCAGATCATGCAACCTATCCTTTCGATTTCCTGCTGATTGCCAGCGGTTCTGTTGCTGATTTCCACGGATTCGACCAGCACCTTGATGCCGTCCACAAACTGGACTCACTGGAATCCGCCCTGCGTATTCGAGACATGTTCAAAACATACCTGTCCTGCAGCAAAGCCCCGCACCTCGTAATTGCCGGCGGAGGCTATACAGGGCTTGAACTGGCAGCCTCGTTGCGTTTCCGGTCGATCGCAGACGGCACCCCCAGCAAAGTCACCATTGCCGACCCCTCCAACCAGATCCTTCCCTTTCTCTCACAAGTTGAGCATGACCGGATCACTGACTTCCTGAAGAAAAACAATATCACGGTTCTAAATCAGTCCAAGGTCACCTCTTTTGACGGACAAAATGTTGATATTGGCGACCAAATGATCGAAAAGGCGTTT
