gap_id	start	end	length	sequence
CP042797.1_gap1	1656	4767	3111	CTTTTAAAAATAGATGCCCTATAGATAACACCTCTTGGAAGCTAATAGTAAACACAACATCTCTTTCGTTTCGAATACGAGCGATGTGATGAATGTGCGTTGAAGGAGATCCTGATGGGAAGGGGCCATCTATTGTGTGTAAGTGGGCTATGGATACGAGATCCTGGGTTGGGAGAGTTAGTCTGTCTGTAGAAATGATATGAGGCTTCAGTCCAAATAGTTTTGCTATTGCCTGAACTCCCACAACAAAAATGTAATAACCATCTTCTTTTGAAGAAAAAAGACTGAGATGTTTTTCCACAGAAGGGGTGAAAGGGCGATTATCCGCTAAGTTAATAAAAACATCTCGAGGAGATTGTGTTGGAAGAGCTGGGATATCAAAAGGTCTTTGTTTGAAAAGAGCGAAAAGACCTTCCTTTTTAAAAACTTCTAAAAGATCTTTTTGAGTCAAAGATTGAAGATCATAAGAAAACTTAGTTTGAGAAATACCAGGCTTCTTCTTGATGACGATCTCTAAAAGAGCACGTTTATTTCCTCTACGGATCTCTACAACCTCTCCATCAACAGGAGAGGTAATAAACACTCCTGAAAAAAGCTTGTACTCAGCCAGGGGAGAACCAGCAGTAACTTGGTCTCCTGGAGTAACCTTTACCTCTAAAGGAAGGGGAGCGAAAGGCCTCAAATCCACGGAAACATAGGTGGGGTCCACCTTACCGCAAAAACCCGATTCCTTCGGAGCTCCCTTTAAAGACAGATCTAATCCGCGAGAAACAACTATTTTCATATCTCGGGATTATAGAAGTTTTTATAAGGGAATCCAATTTTTTTTCTTACTTTTTTTCTGAGAGGAGGATTTTGTCTTTTTTGGCGTTGGAGATTTGTGGGATGAGTGACCAATATCATTGGTTACTTCTTTGATAAGCTCTTCAGTTTCTTTTTTGTATTCATTGCAAGAGGAACGAATGTTTTCTAGAGCTCGCCACTCTTCAGGAGAAAAGTTATCTGGATTATTAGCAAATACTTCCATTTGTTCGCGAGTCATTCCCGTCTGTTGGAGAATTTCCTGCGATCTTTTGTCTAATTCTTGGATTTTTTCCTGTGTTTTTTCGATCAGCATTTGGTAGTCCAGATCGTTGTCGTCAGTAAGAGTTGCTCCAAAGGAGGGGTCGAAGTCTATTTTATAAATAGAGAGAATTTGTTTTATAGAATCTATAATTTTTTGAGCGGAATTATTTTTCATAACAAAAATCTCGATGTTTTATTTAATAATAAAATTTTTCTTGTTTTTTGTGATGTAATATTGCTCTTTTTTGTTATTCGGCGTATATTTCCGGACTAAAAAGGGGAGCCATCGTGGATTATCTAGAAAAGCTGCAGTCCTTAATAGAAAATCATCCTTCGGATTTTTTTAGTTTGTGGGAAGAGTACTGTTTTAATGATGTCGTTAAGGGGGACGAGCTAGTTGTCTTACTGGAAAAAATCAAGGGCTCAACTATAGCCCCAGCATTTGGGAAGATTGCTGAAAGTGTAATTCCTTTATGGGAACAACTTCCTGAAGGAGAAGAGAAAGATAAAGTACTCTCTCTGGTTTTTGATGTCCAAACAACAAACAGTAAGAATCTGCTAGAAATAGCTCTTCAACAGGTAAAAAAATACGAAGACTCAGCCAATTACAAGGAAGCTTTACGAATAGTTGGTTTGCGAGACGGGATCACCTTTTCTCATTGTCTCGGACGTTTTGCTTTGCTTATGCACCTAAGTGAAGGAAACTTTGTTTTTCATCAAGGTGGTTGGGGAGTTGGAGAAATCATGGGAGTCTCTTTCCTTCAACAGAAAGTTCTTGTTGAGTTTGAAGGGGTTCTTACGGCGAAAGATATCTCTTTTGAAACAGCTTTCCGTATGTTAGTTCCTTTAAGAAAAGATCACTTTTTAGCAAGAAGGTTTGGTGATCCAGATGCTTTTGAAGCGTTTGCTCGCAAAGAGCCTGTAGCAGCCATAGAGTGTCTGTTAAAAGATTTAGGACCCAAGAATGCTAAAGAGATCCGAAACGAGCTGGTGGAGCTTGTGATTCCTGAAGAAGATTGGAGTCGTTGGTGGCAATCTGCTAAGATTAAAATGAAAAAAGATGCGCGAATTTTAGCTCCTGCGTCTTCTAAAGATCCTTATGTATTCGATCCGAAAGGATTTTCTTTTGTTTCTCAATTACAAGCCTCTTTATCTGGAAGCAATGATGCGAATAAGAAGATCACTTCTTGTTATGCTTTTGTAAGAGATTTAGGAAGTGAGCTGAAAGATGAATCTAATCGACAATCGGTCATCAAAGAGTTAAAAGCTTTAGATTTGCCCGCTGATTCCGCTTTGTTGATCCAAAGAGCGATGTTGTTATCAGAGTTTCTTGGAGAAAAAGCTCCGGAGTTAGAGTATGAAAATATTGCAAAACTCTCTGAAGATCAGTTATTCGATATTGTGAATAACATAGAGATTCTCTCTTTACAGAAGAGTTTTCTGGCTTTAATCCACTCATGTTCTCCTGTTTGGGTTCCTGTGTATACCAAACTCTTTCTCACAACAAGCACGTCTATGCTTCGTGAACAGGTCTTTAAGGTCTTGAATGCAGATAAAGAAGCTCGCGAGAATATTTTAAAAAAAGTTTTTGCTATGATTGAGCAGCCTTTGCTTTATCCAGAGCTTTTTGTTTGGTTATTTGCTCGTGTGGTTGATGGAGAAGACGGTTTATTTGCAGAGTCTGATAAGAAGGAAATCGAGCGGCAAATGCTTGCTAGCGCATTGGAGCTTATGCACAAAGTCGCTACAACGCCTCAAAAAGATTTAGGGAAAAAACTCTATTCATTTTTAGTTGGACAACGGTTTTTAGTTATTCGTCAAATCATAGATCAAGCTTCTATAGAGTATCTTAAAGAGTTTGTTTTATTATCTTCTAAGTGCCCGCAATTTACTCAAGGGGATCTGGGAGTTTTAAGAAGTTTGGCAGAAGTTGTGCAGCCAGCTCTTAAGAGAGGGACTCTAGAAGAGGAAGAAAATATTCTTTGGACTACTTCAGATAGTTTTACTCGTATGAAAAACAAACTACAATCTCTGGTAGGGAAAGAG
CP042797.1_gap2	56075	57008	933	CGACCTTTAATTCACAGGCTCGCAAAGCTGCACCTGTGTCCGTTGTTAGATAAGGAGCTCCTGCTCCCATGGTGCATATCACAACTTTACCCTGGCTTAGGGCGTCAGATGCTTTCTGCGGATTATATAACTCTGCTAACTGTGGGCATGACAAAGTCGATGTCAATAAATTGGGCACATCCTCAGTCTTCAAAGCATCCGCTAACGCCATTCCATTAATTAATGTCGCTAACATTCCCATCTGATCAGCCGAAACCCGATTAATCTGCAGGCTCTGGCTTTGTGAGAGACCGCGGAGGATATTGCCCCCACCGATTACCACCGCGACCTCAACATCTGCATTGCGGACGACTTTTAATTCCGCAATCAATCGGGAGAGTCTTTCTTCACTAATTTTGTTACTAGAATCTCCATCAGAAAGAGCCTCTCCAGAGATCTTGAATAAAACTCGTTTCACTCGTTTTTTCATCATCTCGCCATTTGGTTATGCGCCCATTTTCCAGAAGACAAAGTGCTCAACTCTGAGTGGCTCACCACTAGCTTTTGCAGCTCTATCAATCAGACCTTGAATTGTGACTTCAGGGTCTTTAATGAAGGCTTGTTCTAATAAACAAGCCTCTTGGAAAAAGGCTTTAAATTTCCCTTGAGTAATTTTCTCAACTACTTCTTGGGGTTTCCCAGCCACTTGGGAAGAAAATACTTCTCGTTCTCTTTCTAGAATTTCTTGAGGAACGCTTTCTTTACTTAAGAACTGTGGCTGACTTGCGACAATATGCATAGCAATGTCTTTAGCCAAAGCCTCTTGATTCTCAGACCCAGAAAGGAAAACTATAGCCACAGCTTTTCCATTTCCATGAGAATAAATCCCTACACTTTGACCAGAGTTAACAGGCGTGTAGAAAGCTCGGCTAATGCGGATATTCTCTCCAACCG
CP042797.1_gap3	179155	180511	1356	ACTGCCGAACTGCTTTCCTTAGTTTTAATTCCATCTTTTCGCAAAGGTAGATCCGATATCAGCAAAAGTGCTCCTAAAGGAAGATTCCTTCGGTATCCTGCAGCAAATAAGGTGGCACACTCCATCTCGACAGTTTGAGCTTTATTTTCATATAGTTTTCGACGGAACTCTTTATTAAACTCCCAAAACCGAATGTTAGTCGTGTGGGTGATGCCTATATGGTAAGGGAGGTTTTTGGCTTCGAGAATATTGGTGATCATTTTTTGTACGACAAAATTAGCTAATGCAGGGACCTCTGGGGGGAAGTATGCATCTGATGTTCCATCTTTTCGGATGCTAGCAACAGGGACAAAATAATCTCCTATTTGGTAGTGGGATCTTAAGCCTCCGCACATGCCCAACATGATCGCTGCTGTAGCATTGGGAAGGAAAGAACACAGATCTACGGTAAGAGCTGCTCCTGGAGAGCCTAATTTAAAATCGATGATTGAGGTGTGAATTTGAGGCGCATGCGCTGCCGAAAACATGGATCCTCGAGAAACAGGGACCTGATAGATTTCAGCGAAAACATCCACGTAATACCCAAAATTAGTAAGAAGGAGATAGGGCTGGAACTCTTGAATGGTAGAGCCGGTATAGCGCTCTAGCATGTCACAGGCGATTGTTTCTTCGCTGATTTTTTTATGTTGATGGGTCATAAATCACAGATATTATAATGGTTAGAGAATCTTTTTTTCTAAAAACATAGTATGAAGATGGAACAAGTTGTTCTCGTGAGGGTAATAGTTGGGCTACTTAAAAGTATAGTTTTCTTTTGCAAGAAAGAGGGAAAGCGTTTGTTTCGCGACATTCTTCTGGACAAAGCTTAGAAGAGAACGATAACATGGATGGAGAAAAGATAACGGGTTAAGCGTGTTATGGTTCGTGTAAGCACTAGTGAATTTCGTGTAGGATTGCGCGTTGAGATCGATGGACAACCCTATGTAATTTTGCAGAACGATTTTGTTAAGCCAGGGAAAGGACAGGCTTTTAATAGAATCAAAGTCAAAAACTTTTTAACTGGGCGTGTAATAGAAAAAACGTTCAAATCAGGGGAATCTATAGAAACTGCCGATGTACGGGAGCAGCAGATGCGTCTTCTGTACACAGATCAGGAAGGGGCTACGTTTATGGATGACGAGACCTTCGAACAAGAACTCATTTTTTGGGACAAACTCGAAAATGTTCGGCAATGGTTATTAGAAGATACAATATATACGTTGGTTTTGTACAACGGGGATGTGATTTCTGTTGAACCTCCGATCTTTATGGAGCTCACTATTGCAGAAACAGCTCCTGGAGTCCGTGGGGATACTG
CP042797.1_gap4	183573	187348	3775	GAGATATCCGAGTGTACGCGATGTTATGAGGAAAAGTCAATAACAGTGTGCATTTTCTGGGATCTTTTTTTTGTAAGCAGGATGAAGAAAAAATTTTTCCTGAAGCTTTTTTATGTGAGTGAAAAGCGTTTCTTTAGAGGTTGAATTGATAATGGATATAGAATAATTTTTAAGACTGCTAGTAGAGGAAAGAAAAGAGAATCTTTTTAGGAGATGGCGGGGGAGTGCGTCTTCTAAAATCTATTTCTTTGAGATTTTTTAGTTGTTGGTATTCGGCACGAAGCCAAGGGATCTGTTATGCGCCCTATTTTGTTGGAAGAATGGTCTTCTTTGTTATTAGGTATGGAAATCCCTCGCTCGGGGAAGAAAGTGACAGGAGTTGCTATTGACAGTCGACTCGTATTGCCTGGGGACGTGTTTTTTGCTCTTCCTGGGAATCGAACGAGTGGCCACCTATTTTTAAAACAAGCAGCACAATCTGGAGCAGTTGCTGCTGTAGTCGCAAGCGATTATCATGGTCCAAGTTACGGTCTGCAGTTATTGCGTGTGGCGGATCCTCGAGAAGCTTTACGGGCAGCGGGGCGTACCCAAGGAGCTCTTTTCCATGGAGAAGTTATAGGAATCACTGGATCTGTAGGGAAGACAACTACTAAAAATTTTGCAAATCAGTTGCTTTCTTCTGTCTATAAAGTCTTTATGAGTCCCAAAAGCTACAATTCGCAGTTGACGCTGCCTTTAAGCGTTTTAATGGCCGATGGGGATGAGGATTTTTTACTTCTAGAGATGGGAGTTTCTGAACCTAATAACATGAAGAATCTTTTGGAGATCATTGAGCCTACAATCGGTGTGATCACACATATCGACGTGCAGCATGCTATGCATTTTCTGGATAAAGGGGCTCAAGGTATCGTCGAGGAAAAAAGCTTGCTGTTGGAAAGATGTGGGTTGCAGCTCATTCCTAAAGACTCTTCTTGGTTTCAGTTTTTTGCAAAAAAGAATTCTGCAGCAGAGCGGTTTTCTTTTTCTATGAGCAATGAAACGGCAGATTTTTATTATCGAGCGATTCATTCCGAAGGAGTCCTTATTAGTGCTCCTGATGGGGACATTGAGTTGCCTGCCGTATTTCCGTATTCTCCAGCGTATATGAATTTTATTATTGCAGTAGCTTTGGCTTGGATTACGAATGTTCCCATGGATCGTTTAGAGCAGGTGAGTCAGTCTCTGTTTTTGCCTGCCATGCGTTTCGAACAGCAAGAGCACAATGGTATCCGAGTGATTAATGATGCATATAATGCTAGTCCTGATGCAATGCTAGCTGCTTTAGATGCTGTTCCTGTTCCTCCAGAGGGAGGTAAGATCATTTTTATCCTTGGGCATATGGCGGAGTTAGGACGATATTCCGATGAATGCCATATTGCTGTAGCTAGGAAAGCTGTGACAAAAGCTCACATCATCTTTTTTGTTGGAGAGAAATGGTTCCCTGTTAGGGATATAGTTCGTGATGCGGATTGCCAGATTGGGTTTTATAGCGCAGTGAGCGAGATTATGGATACCGTGAAAGCTCTCGTTCAACAGGGAGATGTTGTGTTGTTAAAAGGGTCTCGTAGTTTAGAACTAGAGACTTTATTACCATGCTTTTCGATTTCATAGGTAAAAGATCAGAATTTCTTTTTAGAATAGAAATAGTTAACTTTCAAGTCGCTGTAAGATGCTCTTTTTAACTTGCCTTTTGAAAGCTTAAGTTTAAGATAGAGAATTTCTTATAAGAGCTTCCCATAATAAAACGAGAAAACAGATGCTGCCTCTAACGTATGTTGTGAAAGCCTTTTCTATTGGCTTGTTTTTTAGCCTTTTTTTGATGAAACCTTTGATTTCTTGGTTAAAAAAACAAGGTTTTCAAGATCATATTCACAAAGATCACTGCGAAAAATTAGAAGAGTTACATAAAGACAAAGCATATATCCCTACAGCTGGAGGGATAGTTTTTGTTTTTGCATCTGTGTTGGCGGTTCTTTTATTGTTCCCCATACAGCTTTGGTCTACATGGTTTTGTATTGGAACTATTCTATTATGGGGAGCATTAGGATGGTGCGATGATCAGATTAAAAATCGGCGTAGAGTAGGGCATGGGTTGTCTGCTAAACATAAGTTTCTTATACAGAATTGTTTGGCGGCGGGGGTGGTTCTTCCTATTATGTTCGCATATAAAGAAAGTTTTCTTAGTTTTCATCTTCCTTTTCTAGGAATCGTTTCTTTGCCACATCATTGGTGGAGCTATCTACTCAGTTTTGCTATTGCAACATTGGCTATTGTTGGAACGAGCAATTCAGTCAATCTCACTGATGGATTGGATGGACTTGCGGCAGGAGCTATGGTGATAGCCTGCTTAGGGATGCTTGTCGTTGCTTGTACTAATGGAGCTCCTTGGGCCTTCATTTGTTGTGTTCTTCTAGCTACCTTAGCTGGAAGTTGTCTTGGATTTTTACGTTACAACAAGTCTCCTGCCCGTGTCTTTATGGGAGATACAGGATCTTTGTTTTTAGGAGCCATGCTCGGTATGTGTGCTGTATTATTACGAGCAGAGTTTCTTCTCTTGTTTATGGGAGGGATTTTTGTTCTGGAATCACTATCTGTGATTGTACAAGTCGGAAGTTATAAATTAAGAAAGAAACGAGTCTTTCTTTGTGCCCCTTTACACCATCATTATGAGTATAAGGGGTTATCAGAAAAGGCTGTAGTGAGGAATTTCTTAATTGTCGAGCTTATTTGTGTAGTAGTTGGGATCATTGCAGTATTTGTGGATTAGAGGAGAGTTAGATGGGATTGGAGCGTGTTGTCGTTATCGGCCTAGGTGTCTCTGGGAGGTCTATTGCGCGTTTTCTAGCTCAAAAAGGTGTATGTGTATTGGGTGTAGACAAGTCGCTTCATGCACTTCAGAATTGCCCGTATATTCAGGAAAAATATTTGGAGAACGAAGAGTTCCCTTCACAGGTGGATTATGTTGTTCGTTCTCCAGGAGTATCCAAGGAGCATCCTTGGGTACAGGCTGCGATAGCCTCGCACATTCCTGTCATGACAGATATTCAGTTAGCTTTTCAAACAGAAAAATTTACAGAAAGAGAGTCGTTAGCAATCACAGGGACTACAGGTAAGACAACCACAATATTATTTTTAGAATACTTATTCAAACGGTCTGGGATTCCTGCTTTCGCTATGGGGAATGTAGGAATTCCTATTTTAGATGGTATGCAGAATCCTGGAGTGCGGATTGTTGAAATCAGCTCTTTCCAGCTCGCTGATCAAGAAAAATCCTATCCTGTCTTATCTGGAGGAATGATTCTAAATATCTCAGATAACCATTTAGATTATCATGGGAATTTCTCTGAGTATTTTCAAGCCAAGCAAAATCTTGCTTTATGTATGCGTAATCCCGATGACCTTTGGGTAGGAGATGAGCGTTTTTACGGCCACTTGTATTTAGAAGAAGTACAGAAGTATATGCGTTTATTAGATAAAGAAAGTGCATTAAAACCATTGTACTTGCATGATAAGTACAACTACTGTTGTGCCTATCTGCTTGCTAAAATAGAATTCCCAATATCCGAAACTAGCTTTATAGAGGCTGTGGCTACTTTTAACAAGCCTCCTCACAGGATGGAATATTTGGGGCAAAAGCAAGGCATACATTATATCAATGATAGTAAGGCAACCACGGTGAGTGCTACAGAAACAGCTCTTTTAGGGGTTGGGAATCAGGCAATTGTGATTCTCGGAG
CP042797.1_gap5	204798	208430	3632	GTCGTCCCTGGAAGGGATGATAAGCGTTTGCTTGAAAGGATAGAGCGCTTTTATGTATGCGTGACCCAAGCGCTAGATCGTAAGGAAAGCTTGCTTCTTTATCCATCAGGACGATTGTCTAGAAATGGGAAAGAAGAGATCGTTAATCAGCAGGCAGCCTACACTATTTTGCACCGGGCGAAGGAATGTGATGTATTCTTAGTTAAGATCACAGGACTTTGGGGAAGTTCTTTTTCACGCTATAGAACAGGAAGCACACCAAAATTAGGTAAAGTGTTTAAAGAGGCGGTGAAAGCCTTGTTGCGGTGCGGAATTTTCTTCATGCCCAAACGCGAGGTACGGGTTTCGGTTTGCCCTGCAGATTACTCGGTATTGAAGCAGTTCCCGACAAAACAAGAATTCAATACTTTCCTCTCGGATTGGTTTAATCAAGAGGGGGGGGAGACTCCTTTAGAGGTCCCCTACGCATAGGTAAGAGATGCGAGATAATAGGAATACAGCTAGAAGTAAACGCGGAAAATTACGATCAGAAAAAACCGTTTTACGCAGTTTTTTGAAGCTTTGCGCAGAGATGACTACGGCGACGGTTTTTTGGGATGAGCAACTTGGAAAGCTTTCCTACAATCAAGTGTATAAGGCTGTTTGTGCTTTAGCGACACGTTTAGCAAATTATCCTGATCAGCATATTGGAATTATGATGCCCGCATCAGCAGGCGCCTATATTGCTTATTTTGCAACGCTTCTTTCAGGGAAGATTCCAGTGATGATTAACTGGAGTCAAGGGTTGCGAGAAGTAACGGCGTGCGCAAACCTGGTTGGTGTGACTCATGTGATTACAGCAAAGCCTCTTATGCAGAAATTGGCGCAGACGCATGGAGAAGATGCAGAATATCCTTTTTCCCTAATTTTTCTAGATGAGGTTCGTAAGGAATTATCTTTCCTAGAGAAGTGTCGAGTGGGTATTTGCATGTCCATACCTTTTGAATGGATGATGCGCTGGTTCGGAGTGTTTGATAAAGACCCTGAGGATGTTGCTGTCATTCTGTTCACGTCAGGAACCGAGAAACTCCCAAAAGGGGTTCCTCTTACTAATGCCTCACTACTTGCTAATCAACGGGCCTGTTTCGATTGCTTTTCTCCGAAAGAAGATGATGCAATGATATCCTTCCTTCCCCCGTTTCATGCGTATGGGTTCAATTCTTGTACGCTGTTTCCTTTGCTATCCGGGATACCTGTTGTTTTTGCCTATAATCCTTTGTATGCGAAGAAAATAGTTGAGATGATTGATGAAGCAAAGGTCACTTTGCTAGGAAGTACGCCTGTTTTCCTCAGTTATATTATTAATGCTGCTAAGAAAAGCGAGACCACGCTTCCTTCCTTGCGGTTCGTTGTTGTTGGAGGAGATGTTTTCAAACACTCTTTATATCAAGAAGCTTTGAAAACTTTCCCACATGTTCAACTGCGTCAAGGATATGGAACTACAGAATGCTCTCCGGTTATCACTATTAATACTGTGAATAGTCCGAAACATGAGTCTTGCGTAGGCATGCCTGTTAGAGGTATGGAAGTGTTAATTGTTTCTGAAGAAACTAAAGTCCCTGTATCAACCGGAGTAACAGGATTGGTTCTGACACGAGGAACTTCTCTATTTAAAGGATATTTGGGAGAAGACTTCGGACATGGATTCATAGAGTTAGCTGGAGAGACTTGGTATGTCACCGGCGACTTGGGGTATGTAGATCGCCATGGGGAGTTATTCTTAAAAGGACGACTCAGTCGTTTTGTGAAGATTGGGGCAGAAATGGTTAGCCTTGAGGCCATGGAGAGTATTATTATGGAAGGATGTGGGCAAAATGCTGCCGATCATCCTTTGGTGGTTTGCGGCCTCCCAGGAGAAAAAGAGCGTCTTTGCCTATTCACGATATTCCCAACTTCTGTTTCGGAAGTAAATGATATCCTAAAAAACTCCAAAACCAGTAACTTATTGAAAATTTCTTATCACCATCAGGTAGAAGCGATTCCTATGTTGGGGACGGGGAAACCTGATTACTGTTCCTTAAATGCTTTGGCAAAACGATTATTTAGCGAATAAGGACTGCTCTTTGAATGATTATAGCTATGAGGGAAATGGGTTTTGAAGGAAGCTCTTTCTATTGATTTTATCACTAATGATTTCCTGGGATTCTCTCGTTTAGATAGCTTAGTTCATGCTGTTGAGGCTCGTTATCGGCTTTATTGTAGAGACAAGCCTCATGCGCAGTTAGGTTATGGAGGTTCGCGCGCTATTTTAGGCTCTTCCTCGCTGTTAGATGGGGTAGAGCATCAAATAGCGCACTTTCATGGCGCTCCAGAAGCTCTTATTTTGCCAAGTGGTTTTGTTGCGAATACTGCGATTTGTGCGCATCTATCTTCCGTAGCGGATTATGTGCTATGGGACGAGCAGGTGCATATCTCCGTTTCTTACAATCTATCTGTTTTTTTGTCGGGGTGGCATCAGAGTTTCCGCCATAATGATCTGGATCATCTAGAGTCTTTATTAGAATCTTGTCAGCAACGTGGTTTTCAACGAGTATTTATCCTCGTCTGTTCTGTCTATTCTTTTAAGGGGTCTTTTGCTCCTTTGGAGCAAATAGTGGCATTGTCTCATCAGTATCACGCTCAGTTGATAGTTGATGAAGCGCATGCTGTGGGATTATTTGGAGACGCTGGGAAGGGATTTTGTGCCTCGTTAGGGTATGAAAATTTTTATTCTGTACTCGTTACCTTCAGTAAAGCTTTGGGATCCGCGGGTGCAGCTTGGTTATCTTCTTGCGATAGGAAGCAGGATTTGATCAAAGAACCTATGGTAAGTCTTTCTACAGGAATACCTCCCTATTTGTTAGTATCTATACAAGTTGCATACGAATTTCTCTCACAAGAAGGAGAACTTGCGAGAACACGATTACGTCGTATTCGTGACTATTTTGCTCAAAAAATCTCTTGGGCAGCAGCTGGATTTGTGCAACCGCTCTCTCTCCCTGGGATCTCTGAGCAGGAATTGTATCAAAAATTAGTTGCCACAGGCATTCGTGTTGGAGTCGCTTGTCCTCCTACAGGTAAAGTACTGCGAGCCAATTTACATGCTTTCAATACCGAACAAGAAGTAGATATTTTGGTTTCGTTGCTTGCCACGGAGCAAGTAACGTATCAGAAGAATGTCGTAACAGGATCTACATCAACAATGCAACGCACTTTAGAGGACAATTTTGCAGCGGCTAATGCCTCTTGAATCTGTTTATTCGCCACGAGGATGTTGCGAGTTTTGATTAGAAATTGATAGTGAAATAAGTCTTTTACTTTGAAATGTCCACAAGGAGATATTTCCATAAGAGAGGCTTGAGAATCCAAATTTTGTTTAATCAGTGTGTGTACACGCTGAGTTTCCTTTAAAGTATAATCCGAGCATTTTCCAAGAAAAATACAGCGGATTAGTCGTGTGAACGGAGGATAGTTACATACTTTTCTCCCTAAGATCTCTTCCTTGTAGAAAGCTGGGAAATCTTGTGCTAAGGCATGAGATATAGTCGAGTTTTGAGGAAGAAATGTTTGGATAAGAACTTCTCCTGGAAGGTGGCTGCGTCCTGAGCGTCCAG
CP042797.1_gap6	210613	214744	4131	CAGGGTAAATAGGAACACAGGCCCAGGAGTGTTTGGATTCTTTAGGATGGGAAGGTGGGGGAATAGAAGTTGTAACAGGGTCTTTGGGAGTTTCTACCGGAAGAGCTTGCGGTTCTAAGCCTGGGGGATTAAGAATAGGAGCCGTGGATGGAGATAAGTCCTCGGAAAAGGTAAGAGGTTCTTCTGGAAAATATAATGGGACCAGTATAGACGTGGCGGGGTAGGGCTTTTCTGTGTAGCGATTAAAAATTTCTTGAAAAACAGTAAGTGAATGCATGGCGTGTCAACAGGTGCACAGGTTGTAAAGAGAGACATTGTTCCGGAGGGATAAGGTTATCAGCCCAGACGAATTCATTGCAATCCACGCATCATTGTTATCATATTAAAGGCTAGATAAAGCAATTCCTTACAATTAAACAAAGAGAGAAAATTATGAGAAACTGGTTATTAGGGAGCTTGCTCATCGCATGTATGGCGGTCACAGCTCCTTGTTTTGCTGCAAAACGTCGTGCTGCGGGTTCGCAGAAGATCAATAGGGTTGCAGAGACCGGAATTCACTGGATGTCTTATCAAGATGCTTTGAATAAGGCAAAACAGGAAGGAAAGCATGTAGCCGTATTTTTCACAGGATCCGATTGGTGTATTTGGTGTATGAGAATGCAGGATCAGATTTTACAAACAGCTGCATTTTCCGAGTTTGCTAAACAATATTTGTGTATGGTGGAGATAGATTTCCCTCACAACAAAGAACAAACTGCAGAACAAAAAGAGCAGAATCGTCATTTGAAAAGTTTATATTCTGTAGACGGATTCCCTACCCTAGTTTTCCTCGATTCCGAAGGTAAAGAAGTCGCAAAAATGGGATTTGAGCCTGGAGGCGGAGAGGCATATGTTTATAGATTAAAGCAAGCATTACATATCTCCTGAGTACGCGCGTAATTCTCTTTTTTAATAAGAGAAAAACGTGTTCCCATTCTCGGATTTCTAAGAAAGAGAAAACGATCCAGTTTTCTCTTTCTATTTTGGAGAAAGCAAGCTGCATATCCTCTCTCTTCAAAATTTCTCAAGTTTGATGTAGCATGATGAGTCTGCTTAAGACTTTAGTGATTGTCGTAAGAAGAAAAATATTGCTACTATTTTTGAGCCAAAGGACGGTTGATGTCTGTAGAAGTTGAATACTTGCAACACGAAGATTATTTGTATAGAACAAGCAAGCTAAAGGAAATCAGAGATTTGGGCATAAATCCTTACCCTTATCAATACACTGATTGTCTTGAAGTACAGGAAATTCGTAATCAGTTTGTAGATAACGAATTAGGAGATAGCGAAGCGGCTTTTCGTAAAGAGACACCTAAGGTGCGTTTTGCCGGACGACTTGTTCTTTTCCGTTCTATGGGGAAAAATGCTTTTGGGCAGATCCTCGATAATGATGCAAAGATTCAAGTGATGTTCAATCGAGATTTTTCTGCAGTGGCAGGGTTAGCCGCGGATGCTGGGATTTCTCCGATTAAATTTATTGAGAAGAAACTTGATCTAGGAGACATCTTGGGTCTCGAAGGGTATCTTTTCTTTACTCACTCAGGAGAATTAACGGTTCTCGTTGAAACGGTAACGTTGTTATGTAAATCCTTAATTTCTTTGCCTGATAAGCATGCAGGATTAGCAGATAAAGAAATTCGCTATCGCAAACGTTGGGCAGATCTGATTTCCTCAGAGGATGTGCGTAAGACTTTCTTAACAAGAAGCCGGATTCTTAAGTTGATTCGTGAGTACATGGATCAGCAGAGCTTTTTAGAGGTGGAAACTCCTATCTTGCAAACCGTCTACGGAGGAGCAGAAGCAACTCCTTTTGTTACCACGCTGCAAGCGCTACATGCAGAAATGTTCCTAAGAATTTCTCTAGAGATTGCTTTGAAAAAACTCCTTGTTGGAGGAATGTCCCGAGTTTATGAAATCGGCAAAGTTTTCCGTAACGAAGGAATCGATAGAACGCATAATCCAGAGTTTACCATGATAGAGGCTTATGCGGCTTATTGGGATTACAATGATGTAATGAAATGTGTGGAAAACCTTGTTGAGTATATCGTACGTGCTTTGAATAACGGGGAAACTCAGGTTCAGTATTCACATTTAAAATCAGGACCTCAGGTTGTTGATTTTAAAGCTCCATGGATCCGTATGACGATGAAAGAAAGTATCTCTGTCTATGGCGGCGTCGATGTAGACTTACATGCAGATCATGAATTACGTAAAATTTTAGAAACACAAACATCTCTTCCAGAGAAAACGTATGTTCATGCCTCACGAGGAGAGCTGATCGCTTTGCTATTTGATGAGCTGGTTTGTGATAAGCTCATCGCTCCGCATCACATTACAGATCATCCATTAGAAACAACGCCACTTTGTAAAACATTGCGTTCTGGGGATGAAACTCTGGTAGAACGATTTGAGAGTTTTTGTTTAGGAAAAGAGTTGTGTAATGCTTATTCGGAACTCAATGATCCTTTACAACAACGAAAATTGTTGGAAGAGCAAATGCGTAAAAAGGCTTTAAATCCTGACAGCGAATACCATCCTATAGATGAAGAATTTCTAGAAGCTCTTTGCCAAGGAATGCCTCCTGCAGGAGGATTTGGAATAGGTATCGATCGATTGGTTATGATGTTGACAGACGCTGCATCCATTCGGGATGTCCTGTTTTTCCCTGTTATGCGGCGTATAGAAGCAAAAAAAGATTAAAGTTTTTTCACTTTCATCCCGGTTTTGCCATCTTCAATGGCAAAACCTCGGGATAAGATCTCATCACGTAGACGATCCGCTTCCTGCCAGTTCTTCACTTTTCTAGCAGCCTCTCTTTGCTCCACAAGAAGTAACACCTCTTCTGGAATATCTGGTTGTGAAAAGGGCAAAACTCCAAGCACTTGATCTATCTTTCTTAGTAAGGCGAGAATATGTTGCGCGTCTTGTTTAGAAAATACGGAAGAGTCTGTTTCTGTCTGGATACCAGTATGTTGGTCAATGCTGCTGTTTATTTTCCGAATAAAATCAAATAAAGCGGCTAAAGAAGAGGAGATATTCAGGTCATTCGTCAAAGAAGTAATGAAGGTTTCTAAAAAACTTTGACAGGCTGTAGCTACTTCAGGGTGTATGATGTCATCAGGATACGAAGGATCTTCCAGCCTACAAATAAAGTCTCTTAAGCGTTTAAGTGACTGGCGAGAAGCATGCAATCCTTCTTGAGTAAAATTTAACTGCGTTCTGTAGTGCCCTTGCAGCAAGAGATAACGGACTTCCTCTCCAGAAAATCCTTGGTCCAGCAAATCTCGTAAAGTGAAAAAGTTCCCTAAGCTTTTAGACATTTTCTTCCTATCAACGAGGAGGTGATGAGAATGCAGCCAATAACGCACAAAGGGTTTGTGTGATAAGGATTCGGATTGTGCGATCTCATTTTCATGGTGAGGGAAGATATTATCTACTCCTCCAGCATGAATATCGAGGGATTGCCCAAGAAGGGACATAGACATAATGGAACATTCTAAATGCCATCCCGGGCGTCCTTTCCCAAAAGGACTTTCCCAAAAAATCTCTCCATCGCGATCAGGATCATAAGCTTTCCATAAAACAAAGTCACACAAGTTATCCTTATCATATTCATCTGCATCGATACGTGCGCTATTTCTGAGCTCTTCTAAATTTAAGTGAGATAGAGCTCCATAGTTAGGGAACTGACTGATGGAAAAATAGACAGATTGGTCTTGGCCTATGTAGGCAACCCCTTGATTGATAAGTTGCTGAATAGCTTCAATCATTTGAGGAATGTAGTGGGTGGCATGGGGATAAGCATCCGCTTTCAAGATGTGCAGAGTTTCTAAATCTGCAAAAAAAGCATGAATATAAGGCTGGCAATACTTTTCAAGGGAACAACCTTTTTTACGAGCTCCAGCTAAAGTCTTGTCATCGACATCTGTGATATTCATCACGTGATAAACCGAGTATCCTAAAAAGAGCAGGACTCTTTTCAGTAGATCTTCGAATATATACGTGCGAAAATTCCCTATGTGTGCGTAATCATACACCGTAGGACCGCAGGTATAGAGCTTGACAGGATCGTTAACAGGGAGAAAACGTTCC
CP042797.1_gap7	263738	265542	1804	TTGCAGAAGATGGGAGTCCGTGTTCAGAACATTACTCCAGAAATTTGTAAGAAACTCGGATTGGCAGCAGATACCCGAGGGATTCTGGTAGTTGCTGTGGAGGCAGGCTCGCCTGCAGCTTCTGCAGGCGTCGCTCCTGGACAGCTTATCTTAGCGGTGAATAGGCAGCGAGTCGCTTCCGTTGAAGAGTTAAATCAGGTTTTGAAAAACTCGAAAGGAGAGAATGTTCTCCTTATGGTTTCTCAAGGAGATGTGGTGCGATTCATCGTCTTGAAATCAGACGAGTAGTCCTGGCCTTATATTTTAGGAAGCTAGTCTAGTATGGGGACTCAATCGAGTCCCTTTTTTTTTTAATAAGAGAAGCCTTCAGAAAGAATATTTGTGTGGATATAAGAGCTCTAACCATGTAGGCTGTCTTTCTTATTGTTAGGTAGAAACGAAATAGGGGAGAGCAAACAACTTCTCTATTATAGAAGATTGAGTGGGATATGAAAACTGGGGATACCTATAGAAATTTTGTAGTCAAGTTGAGTCAGGATCTTCCCGAGATCGAGAGCAAGCTAATTGAAGTGGAACATACTCCGACCGGGGCAACGATCATGATGATCGTGAATGATGATGATGAAAATGTGTTCAATATTTCTTTTCGGACTTGCCCGCAAGATTCTAGTGGAGTGGCTCACGTACTCGAGCATATGGCCTTATGTGGGTCTGAGAGTTACCCAATTCGGGATCCTTTTTTCTCAATGACAAGACGTAGTTTAAATACCTTCATGAATGCGTTCACAGGGGCTGATTTCACTTGTTATCCTGCGGCTTCTCAGATACCAGAAGATTTTTATAATCTACTCAGTGTGTATATTGATGCCGTTTTCCATCCGTTGTTAACAGAGAACAGCTTTTTGCAAGAAGCTTGGAGATATGAACGGACAGAGGAAGGAAATCTCTCTTACACTGGGATCGTCTTCAATGAAATGAAAGGGGCTTTGATGTCGGGAGAATCTCGGCTCAGCGAAGCGATGAATGCCGCATTGTTCCCTTCGGTCACTTACGGTGTAAATTCGGGAGGAGATCCTAAAGCAATTGTTTCGCTGAATTTAGAAACGGTCCGCGCTTTTTATGAAAGTCAGTATACGCTCAGTCGTTGTCTTTTTTATTTTTATGGGAATATTAAACCTAGCCGTCATTTAGATTTCTTAGAGGAGAAATTGCTGAGACGTGTAGGGAAGGTAGAGAAGCAAAGTGTAACTCTTCCTCTGCAGAAACGTTTCAAAGAACCTGTACGTGTGATTGAAAGATACCCTTCCGATGGGGCAGATGAAGATAAGGTGCTTTTTGGATTAGCTTGGCTTACTTGTTCAATTTTTGATCAGCAAGATCTTCTTGCTTTACATGTTCTGGATCTAGTTTTAATGGGAACGGATGCAGCTCCTTTGAAATCTCGATTGCTGAAATCTGGATTATGTAAGCAAGTTGATATGAGTATTGACAGCGAACTTCATGAGATCCCTGTATATATTGTTTGTAAGGGATGTTCTCATTCAGGAAGTCAGAAACTGGAAAGTCTAATTTTAGCTAGTTTAGAGGAGATCCTTCAAGAGGGAATTCCGATGCATTTAGTTGAAGGAGCTGTGCATCAGCTAGAATTAGCAAGGAAGGAGATCGCAGGGTATTCTATTCCTTATGGATTATCATTGTTTTTCCGAGCAGGTCTACTAAGACAGCATGGAGGGAAAGCGGAGGATGGGTTAAGAATCCATACTTTGTTTGCTAACTTGCGAGAGAATATCCAAAAGCCAGATTA
CP042797.1_gap8	365244	369543	4299	GGGGCGGGCAGTTAGAATTTTTTCTTGGATTGATGATTGGAGAGGAGAATGGGCTTCAGCCGAGGGATAGGATATGAAAAATGCCAAGAAAAAAATAAAAACTTTAAGAAGGTTTTGAGGGTGCATTTTTTCTTGCTTTTTCATAAAATGTTCGGGTATGCTCTCCCTTCTGTTATGTGAGATTTTCACATACTAAGATAGTGATTTTGGGGTTGTCAAATGAAAAAAAACACTCATCCTGAGTATAGACAAGTTCTGTTTGTAGATTCTTCCACTGGGTATAAGTTTGTTTGTGGGTCTACCTATCAGACAGATAAAACAGAGGTTTTTGAAGGACAAGAATACCCTGTATGCTACGTCAGCATTTCCTCGTCTTCGCATCCATTCTTCACAGGAAGCAAGAAGCTTGTGGATGCTGAGGGTCGAGTTGATAAGTTCTTGAAACGATACAGTGGCATTAAGCAGTCTGCTCCTAAGCCTGAAACCGTTGTGGAAGATGTTCTTCCCAAGGGTAAGAAGAAATCTCCTGCTAAGAAGAAAAAATAATTTGAGCAGAACTTTCTGTTATCTAGAGAAAAGCGGGGCGAACACCCCGCTTTTTTTGTTTTAATAAGTCTCTCTTTTTGAATCTGACTTTTCAGAGTAAAGTCTAGTGTTCCCCAAAAATTGATTGCCAATGTACACTCTGGTCTTTGTTAGAGAGATGCTAGAGTAAAGGCAGAAGAAGTCGTTCATGGAAATAAAAGTTTTAGAGTGTTTAAAGCGCCTTGAAGAAGTTGAAAAGCAGATATCCGATCCGAATATCTTTAGTAATCCTAAAGAATATAGTTCGCTGAGCAAGGAGCATGCGCGTCTTTCTGAGATTAAAAATGCTCATGAGTCATTGGTTGCGACAAAGAAAATTCTTCAGGACGATAAACTCGCTTTATCAACAGAGAAGGATCCAGAAATAGTAGCTATGCTAGAAGAAGGAGTTCTTGTAGGGGAAGAGGCTGTAGAACGCCTATCGAAGCAGTTAGAAAACCTGCTTATTCCACCTGATCCAGATGATGATCTCAGTGTGATTATGGAGTTGCGAGCAGGAACGGGAGGAGATGAAGCGGCTCTTTTTGTAGGGGACTGTGTGCGCATGTATCACCTTTATGCAGCAAGTAAGGGGTGGCAATGCGAAGTTCTCTCTGCATCGGAGTCAGATCTCGGAGGCTACAAAGAATATGTTATGGGGATTTCTGGGGCTTCTGTGAAACGTTTCTTGCAGTATGAAGCAGGAACACATCGTGTGCAAAGGGTCCCAGAAACAGAGACTCAGGGTAGGGTACATACGTCTGCGGTAACGGTAGCTGTTCTTCCAGAACCAGCAGAAGATGACGAAGAAGTTTTCATTGATGAGAAGGATTTACGTATTGATACCTTCCGTTCTTCTGGAGCCGGAGGCCAGCACGTCAACGTTACAGATTCCGCTGTGCGTATTACTCATATTCCTTCTGGCGTTGTCGTTACGTGCCAAGATGAACGCAGTCAGCATAAAAATAAAGCTAAGGCTATGCGCGTGCTAAAAGCTCGTATTCGCGATGCAGAAGTGCAGAAGCGCGCGCAAGAAGCCTCTGCTATGCGTTCTGCTCAGGTAGGAAGCGGAGATCGTTCGGAGCGAATTCGAACCTATAATTTTCCTCAAAACCGTGTGACCGATCACCGAATTGGCTTAACTTTATATAACTTAGATCGTGTAATGGAAGGGGAGTTGGATATGATTACGACAGCTCTTGTAACCCACGTACATCGGCAGCTATTCGGTCATGAAGAAACTGCTTAGAGAAGCTTCAGAGTATTTGTTGTCTCGAGGGATTCGGTTTCCTCAAAGGGAAGCCGAAGATATCTTGATGGATTTGTTAGAGATTTCTTCTAGAAGCGCTCTCCATCAGGCGAAGTTATCGAGCGAAGAGCAAAGTCTTTATTGGAAGCGTCTGCGGAAGCGAGGGGATCGTTGTCCTACGGCATACATCCACGGTAAAGTGCATTTCTTAGGGGTTGAGTTGCAAGTAACCCCTCAAGTTCTAATTCCTAGGCAAGAAACAGAAATTTTTGTAGAGCAGATCATTGGTTATCTGCAGATGCACAAGGAGAAGACAACATTTTATGATGTTTGCTGTGGGAGCGGGTGTATTGGTTTGGCAGTGAGGAAGCACTGTCCGCATGTACGTGTTACGCTATCAGATATCAGTCCTGAAGCTTTGGCCATTGCAGAGTCCAATGCTAGAAGCAATGCGCTTGCAGTAGACTTTCTTTTAGGGGATTTGTTTGATCCTTTCTCTTTTCCTGCAGATGTGCTTGTTTGTAACCCTCCTTACCTATCCTATAAAGAGTTTTTTGAATCAGATCCTGAGGTACGGTGTCATGAACCTTGGAAAGCGTTAGTTGGAGGCGTTTCTGGGTTAGAATTTTATCATCGTATAGCTACTCATATTCATAAAATTTTAGTCTCTGGAGGCGTTGGCTGGCTAGAGATTGGCTCAACACAAGGAGAGGATGTAAAGCAAATTTTTCATGCCAAGGGAATCCGAGGACGCGTGTTGAAAGATTATGCGCAATTGGATAGGTTTTTTTTCCTTGAAAATCAAGCTAATGATGCTGTATCCTCTGGGGAGGTTTCTGGCTTTTCCGAGAGATGATTAGTTCTTTATCGCAAAAATTATCTAATATTTTCTCCTCACTTTTTACCGCAAAGAGGGTGACAGAGGAGGGTATTTCCGACTCCATTAGAGAGGTTCGCTTAGCTCTTCTAGATGCCGATGTGAATTATCAGGCGGTGAAGGATTTTATTGCTAAAGTGAAGCAGAAAGTTGTTGGGGAAGAAGTTTGGAAACATGTCTCTCCTGGGCAACAGTTTATCAAGTGTTTGCATGAAGAGCTTTCATCTTCTCTTGCTTCAGAGCAGACTGCTGTTTCGTTACGGGGATGCCCAGCTGTTATTTTACTCTGCGGGTTACAGGGAGCGGGGAAAACGACTACTTGTGCTAAGCTTGCTGACTATTTTCTTCGAGAAAAGAAGGCAAAGAAAGTGCTGGTAGCCTCCTGTGATTTGAAACGTTTTTCGGCTGTAGAACAGTTGGAAGGTTTAGTAAAACAAACGGGAGCAGATTTTTTCCGAAGGGAAGGAAATGATCCTGTGGACATGGCGGCGGAGGCGGTTCAGCATGCGAAAAGCCAAGGATATGATTTAGTCCTTGTGGATACCGCTGGACGGCTTCATGTGGATGATGCGTTGATGGATGAGTTAGTAGCTATTGCTCGTGTAACGAGCCCGTGCGAAACCTTGTTCGTTATGAACTTAGCGATGGGACAAGATGCGGTTGTTACTGCAAAAGCTTTTGACGAGCGCTTAGGCTTAACAGGTGTGGTTGTGTCTATGGCAGACGGTGATGCTCGAGCTGGAGCGGTGTTGTCTGTGAAGTCCTTGCTTAATAAGCCAATTAAATTTGAAGGGTGTGGAGAGAAGATAAAAGATCTACGTCCTTTTAACGCACAGTCGATGGCAGAACGTATTCTTGGAATGGGAGATACGATCAGTCTAGTGGACAAGATGCGAGAGTGTATCTCTGAAGAAGAGAATAAAGAGTTAGAAGAAAAGTTAACAAAAGCAACGTTCACTTATGAGGATTTTCATAAGCAGATACTTGCTTTTCGTCGTTTAGGGCCTTTGCGTAAGATCATGAATATGATGCCAAGTTTTGGTGGTGCAAAACCTAGCGATAAGGATTTGGAAGAATCCGAGAAACAAATGAAAAGAAATGAAGCGATTATTCTGTCTATGACTCCAGAGGAACGAAAGGAGTTAGTGGAATTGAGTATGAGCCGGATGAAAAGAATCGCTGCGGGCTGTGGATTGACGCTAGGTGATGTCAATCAGTTCCGTAAGCAAATGATGCAATCTAAGAAGTTTTTTAAGGGAATGACCCGAGAGAAAATGGAACAGATGGGTAAAAAAATGTCTGGAGGGAATCTGTGGCGTTAAAAATTCGTTTAAGACAACAAGGACGTAAGAACCATGTTGTATATAGATTAGTACTAGCTGATGTGGAGTCTCCTAGAGATGGTAAATATATTGAGCTGTTGGGATGGTACGATCCTCATAGCGAGCAGAATTATCAGCTGAAAAGCGAACGGATTTTTTATTGGTTGAATCAAGGAGCTGAGCTTACAGAGAAGGCTGGGGCTTTAGTGAAACAAGGAGCTCCTGGGGTTTATGCTGAACTAATGGCTAAAAAAGTTGCTCGTAGAGCAGTCGTTAGACAAAAAAGA
CP042797.1_gap9	451508	455450	3942	TGATTTCATTTTTTCGGTGTCGGTATTCTTCATAAATTACGTCTCTCTCAGCATGACGAAGCTTTTGCCCGATAATTTGGCGTGCAGCATGTGCAGCAATCCTTCCAAACTGATCAGAGATAAAAGGAACATCCATATACTGCCCGATTTGACAATCTGGATCGTATTCACGGGCCTTATCTAAAGGAATTTCCTTACTTGGATTTTGGCATTTTTCGACGATTTGTTTTTCACAAAAAACTTCTATATCGCCGGTGCGAGGATTGATACTTACGGACACATTTGCATCGTCTCTAAGAGTCTTTTTCGCAGCAATTTTCAGAGCAGATTCAATAGCACCTACTATCGTAGAGCGTTGAATACCTTTCTCTCTTTCCATGTAGTCAAAAATAGCCACAAGATCCTTGTTCATTAATACTCCTCTTATGGGTAAGGGAAAAAAAGCAAAAAAAATAATGCTAACGGAGCAGAGCCCTAGAGCTCTGCTCTTATGTTTGCTCTTCACTAACGAAGATTATTAGTAAAGAGATTAGTCTCTGTCAGAAGATTCTTCTTCCGCATCGTGACCAGCATCTCCCCCATGAGCAAGGAACTCTTTAATAGAAAGAGAAACTTTCTTGTGATCTGGGTCTAGCTTGATAACTTTAGCAGAAACTTTGTCTCCAATAGAGAGAACATCTTCAATTTTAGCAAAAGGTTTCTCTGAAAGCTCGGATACATGGATCAGTCCTTCGATACCATTTTGCAACTCAACGAAAGCTCCAAAAGCCGTAATTTTAGTTACTACGCCAGAGATATCACTTCCGACAGGGAACATAGCTTCAATCTCATCCCATGGATTAGGAGTTAATTGTTTCACGCCCAAAGTGATTTTTTTGCTTTCTTTGTCTACAGACAGAATAACTGCTTCGACGGTATTACCTTTTTTGAAGAGCTCTGAAGGATGGGAAACTTTTTTAATCCAACTCATGTCAGAGATATGGATCAAACCTTCGATTCCTGGCTCCAACTCAACGAACGCTCCGTAGTTTGTCAGATTTTTAATTTCTGCTGTTACGCGGAGGCCGATAGGATATTTTTCTTCAATGTTATCCCAAGGATTGTGTTTTGTTTGTTTGAGACCGAGAGAGATTTTTCCTTCATCTTTTTGGATAGAAAGAACAACTACTTCGACTTCATCACCTTTATTGACCACTTCATTAGGATCTACAATGTTCTTAACCCAAGACATCTCTGAAACGTGAATAAGGCCTTCAATTCCTTCTTCGATTTCAATAAATGCTCCATAAGGAAGGAGTTTAACAATTTTTCCGCGAACACGTTTTCCTGGAGGATATTTCTTCTCAATATCTTCCCAAGGATTATGCTCTTTTTGTTTGAGGCCAAGAGCTACGCGACCTTTTTCTTTATCAACGCTAAGGATGATGACTTCCAATTCTTGGTTGAGTTCAACCATTTCGGATGGGTGACGAATGCGTTTCCATGTCATGTCTGTAATGTGGAGTAGGCCGTCAATGCCATCAAGATCCAAGAATACTCCGAAATCTGTGATATTCTTAACGATACCTTTGCGACGTTCACCGATAGTGATTTGCTCGATCAACTCTGCTTTCTTAGAAATGCGTTCAGCTTCGAGAAGTTCTCTTCTAGATACAACAACGTTCCGACGATCCACGTTGATTTTGAGAATTTTGAACTCACAAACCTTGCCTACGTAATCATCTAAGTTCTTGATCTTCTTATTGTCTATTTGGGATCCTGGAAGGAAGGCTTCCATACCAATATCTACGATCAAACCACCCTTAACTTTTCGGGTAATTTGTCCCTTAACAATAGAACCTTCCTCGCAGTGAGCAAGAATGTATTCCCATTGTCGTTGTCTTGTTGCTTTTTCTCTGGATAAAACAACTTTTCCTTCGTCATCTTCAGTTTGGTCTAGGTAAACTTCGACTTCGGCTCCGACAGTTAAACCTTCTGAAGAGTCGATAAACTCAGACATAGGAATAACTCCCTCAGATTTTAAGCCGACATCTACAACAACAAAGTCTTTGCTTATGTCAACAACTGTACCTTTTAGGATCGCACCAGGATGTACTTCGCTAGTGGGTTCTTCTTCTGTCGCGGTGAAGCCATGTATCGCGTAGAGAAGGTCTTTAAATTGTTTAACGTCTTCTGGTAAGCAAGCTATCGTATCGAGATTCTTTTTTGCTCCCCAAGTATAATCAGCTTGTTTTGGCATTTAATGATGTTCTCCTAAAAACTACAAAGTCAAAAAGAGTAGTGTAAATATTCACCTTAAAAAAGGCAAGATTTCCCTTGCACTACAAGTAATAAGATGCATCTCTTTATTAAAAAAAGTTTCACTAGTTTCTGTGTAATTTTAGTTTTAGATTTTGTGTGTCGAAACATTATAAATATTCCATCTAAACATCCCCATGGAAAGGACTGTCAATCCTTGAGATTTTCAAGGATATCGGAGGGGGATGAATGTCGTTTGCGGAAAAAGTCGGGTTGGTTATAGTTCCTTTTTTTGTAAAAGCCGGGAACCTTTTTCCTGTGTATTTAAAGCTCTTTTATCTAAGTTCATATTGGGGGTTCTCATGACACATGCAAAGTTAGTCATTATAGGCTCCGGGCCTGCAGGTTACACAGCTGCTATCTATGCTTCTAGAGCACTTTTGACTCCAGTGCTTTTCGAGGGTTTCTTTTCTGGCATTGCTGGAGGGCAGCTAATGACTACAACAGAAGTGGAAAATTTCCCAGGTTTCCCAGAGGGAGTGTTGGGGCACCAGTTGATGGATCTTATGAAAACTCAAGCGCAACGTTTCGGTACGCAAGTGCTTTCTAAGGACATCACCGCTGTTGATTTTAGTGTCAGACCCTTTGTTCTTAAATCTGGAGAGGAGACGTTTACCTGTGATGCTTGTATTATAGCTACTGGAGCATCAGCAAAGCGTTTATCTATCCCTGGGGCAGGAGATAATGAGTTTTGGCAAAAGGGCGTAACAGCTTGCGCTGTTTGTGACGGAGCCTCTCCCATTTTTCGTGACAAAGATTTGTTTGTTGTAGGAGGAGGAGACTCCGCTTTAGAAGAAGCCATGTTTTTGACTCGCTATGGTAAACGTGTATTTGTGGTTCATAGGAGAGATACATTGCGAGCTTCTAAGGTTATGGTGAATAAAGCTCAGGCGAATGAAAAAATCTTTTTCCTTTGGAATAGTGAGATTGTCAAGATTTCTGGAGATACTCTAGTTCGTTCTATCGACATCTATAATAATGTGGATAAGACCACCACAACCATGGAAGCTGCTGGAGTTTTCTTTGCTATTGGGCATCAACCCAACACTGCATTTCTAGGAGGGCAGGTAGCTTTAGACGAGAATGGATACATTATTACAGAAAAAGGTTCTTCTCGCACATCAGTTCCTGGAGTGTTTGCTGCGGGGGATGTCCAAGATAAATATTACAGACAAGCTATTACTTCTGCTGGTAGTGGGTGCATGGCAGCTTTAGATGTCGAACGATTTTTAGAAAATTGAGCATTATGTTTGGTGTAGGGATAGACATTATAGAAATTGATAGGATTCGGAAATCTTATCAGACCTATGGGGATCGGTTTCTAAAGAAAATTTTTACGGAAGGGGAGCGGGTTTACTGCTTTTCTAAGTCGAATCCCTATGCCTCTTTGGCAGCACGTTTTGCTGCTAAAGAAGCTGTAGCAAAGGCTTTGGGTACAGGCATAGGTAAGTTACTAAAGTGGAAAGAAATTGAAATGCGTAGAGACTCTAGACAGCCTCAGGTAGTTGTTCCAGAGGCCCTATTATGTTCTCTAGGTGTGAAACGAGTCCTCCTCTCCGTAAGTCATAGTCGCGAATACGCTACGGCTGTGGCAATTGCAGAGTAATCAGTAATAATAAACAGAATATTTTGATTTTAACTCTT
CP042797.1_gap10	458014	462643	4629	TTTCCTGAGGAATATCTTCTGGGGTGTCGAAACTGGCATCCATGGGATAGATTTTAGCGAAAGTTAGCAATTCTCCATTGGAGAGTTCACGAGATGCATTGAATTTTCCTAACTCCCAAGATTGAGAGAAAATTTTATAGATAGGAACCCAGGTCCCCACAAGTATGGTTGCGCCTGCTTCTGCTAACATTTTGGCAATGCCCCAGCCATACCCGTTATCATCGCCTATGCCGGCTATGAAAGCAATTTTTCCTGTTAAATCAATTTTCAACATGAGCTAACCCCATTTTGTCTTCTTGAGAGAGGAGAGTAGCAGATTCTTTATTATTGAGAAACGGGCCTCATAATACATAAGGAGTAGATTCACTGGCTGGATCCAGGTTTCTAGAGTAAAGAGTTTCCTTGTCAAATTCTTATATGGGTAGAGTTAATCAACTGTTTTCAAGTGATTTATGTTTATTTTAAAATAATTTGTTTTAACAACTGTTTAATAGTTTTAATTTTTAAAGTGTGAAAAACAGGTTTTATATGTAGAATTTCCTGTTAAAAATAAAAAATCCTTACAAGAATCCGGGAGTTAAAGGTATGTCATTTGGTATTGGTAGTGCTTGTTCATCTTTATGGAGCCGTTTGTGTGGTTCATCAGGCAGTGAGGGTAACAGCGAAGAAGGAGTGACGTCTTCGGGTTCAGACGCCGCCTCAGGTTCTGGTGCTGCTTCTGCTGTATGCCAGCAACCTACGAGCAGCGCTTCTACAGAAGGGAATGGTCCTAGTGTACAGATACCAATGGTAGGGACGTACTCAGCTAATGTGCAAAGCCTTGTGAATCAGGGTCATGGCGGACGCGGTTTCGTGAATAGATGCTACCAAAAATATTCTGCTAGTGGAGTAAGTCTTACATCTATATCCATTGGAGCGGGAGACTCTGTGGATGGCCCGCTTCCTTCGGTAGTAATTACCCAACAGCCTCAAGGATCAGGATCCTCTGCAAGAGGTGCTGGTTCCTTACAAATGGGGGCTGTGCTTTCTGGGATGAGTACTCTTACTGGCAATAGTATTTTTGACTTGTTTGGAGAATCTCAAATAACCAATCTAATAGGCGATGCCGTTGATGGAACATCAACTTCTTCATCTCCATTGCGAGATGCAACCAAAGGAGCCTCTACAGCAGACCTTATAGCTCTGTTTCTTGCTTTAGGAGGATCTGGATCTCAAGGTGTAAATTCTCCGTTAGTTGCCACGTTACTCAGCCGATACTCTCTTTCAGGATCGTTGGATGCCAAAAAGCTCCAAGAGTTATTGGAAGCTTTGAAGAAACTCCAAAATGACGCTCCCACATCGGATGGAGCAAGACCTGGTCTAGGAGAGTGTTGTACGCATCTTTGTGGAGCATTATCTTCTTCCCCCAATCCAATTGTTAGCGCTGTGGGTATTGCTGGAACGGGATTGACGGAACTTCTGATGTTAGCTGCGCAAAGCCAACGTGTTCGAAAATGCGCGTTATTGTGTCATGATGCTTGTAAGCCTTGCTGCGCAAGTGCGTGTGGATATCCTTCTTGCGGATGTGCTGACGGAGAAGGTGGCTGTGGAAGTTTTGGAGCTTTAGTATGTAGTTGTGCCGAACTATGGTGCTGTCAAGAGTCTCCTGCAGAAGAAGCAAATTTGGAAGAATATGCTCGTAAGCTTAAAGATTTAGAAATGGCTGTAGGTTCTACCACATTCATGTTGGGACTACATAATTTAGGGATTTCTTTCTCTGATCTAGTAAAAGGAAATTTCACCAATCTGCCTACCCCAGAACAACTAGAGACGGCTTGTAAAGACGCAGTTTCTAGCCTTGGGAAGTTGATGATGCGTATAACTCAAGAGAAATGGTTGGGACGCCTTTGCTCTTGTGCAGGAATTTTAGATAACCCCTTCTGGAAAAGAGCTCTTTGCAGCGGATTAGCAGGCGGTACACATATGCTGTCTCTTCAAGATCTAACATCTCGTGTTAAAGTTATTACATCTTCAGGCAACAAGCAAGAAGCTGAGAATTTAGATCTTGAATTACTATTGCCTGCTTTGTCTAGCTTGCAGGTGACAGGAACAGAAGAGGATTGTGATGACGAAGGTCAAGGGCTAAATACAGACCAGTTGACCATGCTTCTTTGTAAGTTCTGCTCAGTTCTCTCCGCAGCTATAGGAAATGATCGCAGACCTATTTGGTTAACACCTAAACAGATAACCGAGATCCTATGCGTCTGCATGGTAATGAGTGGTATTTCAATAGTTGGCGGACCTTCTAATCAGAGTGCGGAATACCAAGAATTCCAGAATACAGTCATGCAAGAAAGTTTAACGCATTTGCAATCATCCTTGAGAGTTTCTAAGAGAACAAACAACAGAACTCGAGCAGAAGTGCGTAAACTGGTTGTGAAATATGAGGCACAAAGTTCTTTCCTATCCCTATTAGAGGGTCTAAGAGATCCAAATAGCAAAGAAAGTAAAGATCTTATGAGAGAATGCTTCGCTTCTTGGGCACAGAAAGCAGGTGTGCAAAGCTCCTCTATCTAGAAGTACTTTCCTTCCCTAGTATAAAGCCCTTTCTAATCAGCGGAGGGCTTTATATAATGAGACCGAGCTTCCCATTCTAAGCGGAGGCTCGGTCTCTTTTTTGTATCGGATTCATACTATTCTTTTGCTTACCGAGTCTTTAGCTTCCAGAACTACTTGTATTAAGACAACTTTGTTTATTGGAGGCTTTTTAAGAGGTTTAAGGCCTAAAATCTGCGTAAAAAGGGTAAGGGTCTTGTGATGGCGTTAGAGAGGAGATTTCGATTTTTTCATTGGAGAAAGGAGAAATGAAGGCTAAGCTAGCTGCGTGAAGCAAAGTCCGCACAACATTCTTTGGCTGTTCTTGATTTCCGTAATCCACATCCCCAACAATAGGATGGCCGATTGTTTTCATATGTAAGCGTATTTGATGGGTGCGTCCTGTAACGGGGCGGCAAAGAAGTAAAGTGTACTTGGGATAGCGGGTAAGAATCTCCCACTTGGTAATCGTTATTTTACCGGAATTTTGATCCGTATTTCCAAATAATACAGCACCAGTTCGACGGTAGCAGGGGGCTGTATAGGTTGTAATGATTCCAGATTCTTGGCGTGGTTGTCCAAATACTAGAGCAATATAGCGTTTATCTATTTCTCGATTCTTGAATAGTTGTGTAATAAGAGAAGAGGCTTTTGCATGTTTCGCAAAGAGAATACACCCTGATGTATCTCGATCTAAGCGGTGCACAAGATGAACATTGAGCTGATGAGCCAAATCCTCGGAAGTCTGTTTAGCAGGTTTATTGTAAATACAGAGATGCTCATCCTCCCAAAGTAATTGTGGAGAAGAGTGTTCGATGATTTGTAAACTTACTCGGTCTCCGGGCTGCAGCTTATAGGATTCGAAGCGTTCAATGCGACCATTGACTCGGCAACCATGATAGCGAACGGATTCTAAAATAGTTTTTTTAGGCAGATGAGGCAGAGAAGTCCGGAGAAAAGAAGAGAGCCTTATGTGGCGATCCGCTGTACCAATAAATTCTTGCATAATCCATTATCGATAAGTGTGTTGGTACGATTTTACGAGAATTTCTATGATAAGAACAGCTTTTTTCCAAGATAAAGAGTGTTTTCCTCTGGAAGCTTTACGTTCATGGTTTCTTGAAAGTAAAAGATCGTTCCCTTGGAGAGATTCTCCGACTCCTTATCGGGTTTGGGTTTCAGAGGTTATGCTTCAACAAACTCGAGCAGAAGTGGTGGTTCCGTATTTTTTGAAGTGGATGGAAAGATTCCCGACTTTACAAGATCTTGCGCAAGCAAGAGAAAGCGATGTGGTGCAGCTTTGGGAGGGGCTGGGTTATTATTCTCGGGCTAGGAACTTGCTAGCCGGAGCTCGTGTTATTACAGAGATTTTCGGAGGAGAAATCCCAAACGATTTAGCGCTTCTTAGCTCCATTAAGGGGATTGGGTCTTATACAGCAAATGCTATCCTTGCATTTGCATTTAAGCAAAAAAATCCTGCTGTTGATGGGAATGTTTTGCGTGTGATGAGTCGATTATTTGCTATAGAGGAATCCATCGATCGTATGAACACGCGAAGAGAGATCACAGGGCTTTGTGAGAGTTTGCTTCCAGATCAGGATCCTCAAGTCATAGCAGAGTCTTTTATCGAGTTGGGAGCAAGAATTTGTAAGAAACAGCCTCTTTGTGAACAGTGTCCGTTGCGTTCATTTTGTACAGCATATCGACAAGGGACTATGGAACAATACCCTGTCAGAAATACACGAGCAGCTATTTCCAGGTTATTTCGAGCTGTTGTGATTGTTTTGTATAAGGATCAGGTCTTGATGACAAAACGCGAAGAGAAAGAGATTATGGCAGGTTTGTATGAGTTCCCTTACTACCAGCTTCCCAAAGAAGATTGTTGTGATATTGAGAAAATCATTCATCTTGTTCAGAAAGATTATGGAGAGACGCTGCATTTTGTTAGTAGTCTTCCTTCTCAAAAGCAGGTATTTACTCGCTATCGCGTTACACTATTCCCACATGTTTTCTACACAAAATATAGTTTACCGAATAGCTACACGTTAGCAGAGC
CP042797.1_gap11	489323	491168	1845	ATTTTTGTTGGTCTCGATGAATGAGAAGCCGATTTTTTGGACATAGCAAAGGGTGTGTTCCTAAATTTCTATCCCAAACACCATAAGTTGTTTCAGTCGGTTTCGTCAAGGAAGAACCTTCGTCAAGTTCTTAATATGAAACTCAAGAAAAGGAAGCCTCGGTCTCTAAGTAGAAATCAAATAAAGATTTGTCAATTAATAGATTGCTCGTCATTATTTTATGTGATTTTCCTTAAATCGGGTACAATATCTCTCAAATCACAGGTTAATTTAGGAATTTAGAGCAGAATGGCTGCTGTATAGGCTTTAGTTCTTTAGGGGGATAAGGGATAATTTTCGTTCTTCTCTTTTGGACACAGTATGTCAGTGGGCAGACTTTGGAAAGAATGACAGAAATTCTGCTGTAGGAGGGGAAGTAGAGTGGCTTGTTGTGTTTGCGTGTACGGTTACAATGAGATCTGTTATAAAGAGACCGTAGAAAAGGCTGTTGCAGTTGCAGTGGATTGTGTGCTTTTTAATGTAGCTGCGGTTGTGGCTACGCTCATCTCTGCAGTATTTCTTCTTATCAGATGGATTTCTTGTGCGATTTACAATTGTTGTTCTACAAAAGAACGATGGCATTTCCTTCCCACTACAGAAAGCCGTATTGAGTGGCTCACATTAATCCCAATCCTTGGCCCACTAGTCGTTGCTTCCGTTGTTTATGCTAAAGCTAGGGAGGATGGATATTGTTGTTTGGATTCTCTTGTGTGTGCCATGCAGTCACCATGGATGTTACTAGACTCTATTCGTCAGAATCGAAATGAACCGGAGTGGATGGTAGTCTAACAGGTTGGATGATAAGTCCCCGGTCTTTGGTAGCTCAGAGATGCCCGACGGTCTTTATAGCGGATTAACAAAAATCAGGACAAGGCGGCGAAGCCGAAGACAGTACAAATAGCACGGAACCGATTCACTTGGTGCTTCAGCACCTTAGAGAATCGTTCTCTTTGAGCTAAGGCGAGGCAACGCAGTACTTGTTTTTGTTAATCCACTATAAAGTGCCGCGTGTGTTTTTTTATGGCGTTTTAAAAAGCCGAGACTGCATCCGGGCAGCAGCGCATCGGCCCGCACGAGGTCTGCGCTTGAATTGTGTTGTAGAAACACAACGTTTTTTGAAAAAATAAGCTATTGTTTTATATCAAAATATAATCATTTTTAAAATAAAGGTTGCGGCATTTATCAGATATTTGTTCTGAAAAATGGTTTTTTGCGGGGGGGGGGGTATAATTGAAGACGTATCGGGTGTTTGCCCGATGTTTTTAGGTTTTTATCAAATTTACAAAAGGAAGCCGATATGGTGGATCCCCGGGTACCAATGAGTAAAGGAGAAGCACTTTTCACTGGAGTTGTCCCAATTCTTGTTGAATTAGATGGTGATGTTAATGGGCACAAATTTTCTGTCAGTGGAGAGGGTGAAGGTGATGCAACATACGGAAAACTTACCCTTAAATTTATTTGCACTACTGGAAAACTACCTGTTCCATGGCCAACACTTGTCACTACTCTTACGTATGGTGTTCAATGCTTTTCAAGATACCCAGATCATATGAAACGGCATGACTTTTTCAAGAGTGCCATGCCCGAAGGTTATGTACAGGAAAGAACTATATTTTTCAAAGATGACGGGAACTACAAGACACGTGCTGAAGTCAAGTTTGAAGGTGATACCCTTGTTAATAGAATCGAGTTAAAAGGTATTGATTTTAAAGAAGATGGAAACATTCTTGGACACAAATTGGAATACAACTATAACTCACACAATGTATACATCATGGCAGACAAACAAAAGAATGGAATCAAAGT
CP042797.1_gap12	492595	497251	4656	TTTCTTTGGTGTGCGGGGCGATGTTTGTTGGTATTGTTTCTAGTGCCGTGAAAATTTATCGTCTTATGCAGACAATGAGGCAAGCACGTACTTTGAATGAAAATGTGCAAAGACTATTAGCTCCACAAGCTACGAACATGCGGTCTGCTTTTGCAAAACTTAAAGGGATTGTTGCTTCGAAAGCGCTTGATCAAGTAGAGCAAGGTTATCGCAAATTCAGAAATCGAATGATTACTTCTTTTGTTGCTAATGCTCTAATTACAATAGCCTTTTGTGCTTTATTAGCATCTGTAATTCTTTCTGCTTTCTTCATTGGTGGAGCAAGTGGGTGTCTGATGGCAGCGTTCTTCGGATGTTTAGGAGTGGGACTTGGATCTTTGACTATTGGAATGCTTGTGGGGATTGTCTCCGCTATCTGTCAGCGTAAGCATAAACAAGAAGCTGCACGATGCATTCAGAGAGGTATTTTTTACTCCCTTATTTTGGAGCAAATGCAAAGATTCCCCAAAGACTTTTTTAGAGATCCTGTGGCGAAAAGTATTATGGCCATTCAACAGGAGAAGCTTTGGATGAAGGAAAATTGTCTTGGAAAGAAATGCCAAGCATTACAGCTTGCTTAGGAAGAGAGGGATTAGATGCTCAAGCCTATTCCTTTATTTCTTCTTCTCCCTTGGATGGTCGTATAGAAGAAGCTTTTCGATGAGGCAAAAAATTTAATAAAAAAGAATTTTCTGCTCATCGTGAAAAGTTTGTGATATAGTGTGCCTCTTTTTGAAGTTATGGATAAGCGCTACAGGAATGTATGGGGTATTCTTTTTTTCGTCGCAAGCTTGCCGGGGTGGAATTTATAGAGAGTCCTGGAGATCCCGAGGCTCCTGTGGTTATTTTTTGCCATGGGTATGGAGCCAGTGCTGATAACCTTACCTTTTTCCCTTCTGTGTGTGTATGCGGTTCTTTGCGTCCCACGTGGATATTCCCGCATGGCATAGAGAAACTTCCTTATGAATTGGGTGGTGGCCGGGCGTGGTTTCCTTTAGATACTAAGCTTTTTGAGACTTTAATTTCTTCTCAGGAAGTTACTCCGGATACGGATCGTCTATACCAGCAATTATTGGACGTAGATTTTGAAAAGCCTAAACAGGCTTTAGAAGGCCTAATCCAAGAATTAGGGAAACCACGATCTGAAGTGATTATAGGAGGATTCAGCCAAGGGGCTATGATGACAACGCATCTTATGCTTTCTTCGCGGATTCCTTATAAAGGTGCATTGATTTGTTCTGGAGCTGCAGTTCCTAATCAATCATGGAAGGAAAATATTCTATTATGCGGAAAAACTCCTTATATCCAATGTCATGGATACGAGGATCCGATATTGCCCTACTTCTTAGGAGAGCGCTTACATAAGATATTGAGCCCTTCTTTATCAGGGGAGTTTGTTTCTTTTCATGGAGGCCATGAAATTCCCGTTGTTATGATGCAAAAAATACAGGAAAGCATCACGCTTTGGAACCAGCAGATATAGAGAGGTCAGGCGTGCTTTCTCAGCATATTGAAAGAATTAGGTCTGGGCAAGTCTTTGCTTTCCCGACGGATACAGTGTATGGGCTAGGAGTCTCGTTTCTCATACCTGAAGCTGATAAGCAGTTATTTGCTCTTAAGCGTAGGAATCCTCAAAAAGCTTTATCTGTTTATGTTTCTTCTCTTGAAGAATTGGAGTATGTTGCCCAGCGCCGCTTAGGAGAGGCTTCAATTAAGATTGCTCAAAAATTTCTTCCCGGTCCACTCACATTAATTACCAAACATAATAACCCAAGATTTTCTCAAAAAACGTTAGGATTTCGAATAGTTGAACATCCCATAGTGAAGCAAATTATCCAAGAAGTAGGTCCCTTGCTTGCCACCTCAGCAAATGTATCGGGGTTCCCTTCGGCGGTTTCTTCTGATGAAGTAAAGCAGGATTTCCCTGAAAAAGATATTTTAGTGATTTCTGGGACTTGCTCTATAGGATTGGAATCTACTGTAGTAGATGCTGAAGAGCGTATCATTTATCGAGAAGGGGTGGTATCTGCTGCGGAAATAGAAGATGTTTTACAAGCAAAATGTACTTGTTCCCCTAGAAGCCAGTCTTTTAGGGAAAGTATTCGTATTTACGTTGTAAAAAATCATGTGGATTTGAGCTCTTTTCTCTCTGCTAAGCTAGCCTTCAAGGGAGTTATTTGTCAGCATCCTCAGCCATGCACTTTTTACTCGGTTTTGAGACAAGCTTTGCGATCTTCTACTCAAGAAGTGATTTTTGTTTATGATGAAAAAAATACGGAATACCCAGTTCTTTCAAGGTTTTTAGGAGCAAGTTATGATAGTGGATATGCATTGTGACATGTTATCTCATGAAAATTTTTCTCCTGCAAATCCAGCCGTAAGAAGTTCTCCCGACCAATTAATAGAAGGGGGAGTTAATGTACAGGTATGTGCTCTATTCACTGAATCACAAGAGTTCACAACGTTAGATCAACAAAATCAATTGTTTTTTTCGTTAATAGAACAAGATGAGAGATTGACGCCAATAGCTTATGAGCCACAGATGGAAGGCTCCTTGCAAATGATCCGTAGTGTAGAAAATGCTTCGGGATTGGGTTCGGATAAGATTCCCTTACAAGCTCTGTTTCAGAAGCTTTTGATTTTACACAGTCAGGGGCCTTTAGCATATGTAGGTCTCGTCTGGAATTTCGCGAATCGTTTTGGTGGAGGGGTTTTAGAGCCCAAACGGTTGTCTAAGGATGGAAAAAATCTTTTAGAGTTCTTGTATGCTTTGGCGATTCCTGTAGATCTTAGCCATTGCTCAGATCAGCTAACAGAAGATATTTTAGATTTTACTGTAGACAAGCTTCCTAATATGTTTATATTAGCCAGTCATTCTAATTTTCGTAAGGTTCAGGGAGTTGCGCGCAATTTGTTGGATGTTCATGCTAAAGAAATTTTCGCAAGAAATGGAGTAATTGGGCTGAATGGAGTCAACTACTTTGTGGGAGAGTCTTTAGAAGATATGAGAAAGCATATCGCCTATGCCCAAGAGTTAGGTATCTTAGATGGCTTAGTGTTAGGAACAGACTTTTTTTATACGGACGAAGAGAAATTTTTCCCCAATTTTTCCACAGCCAAAGACCACCCTAAATTACAAGCTTTGATTGAAGACACTCTTTCAGTTAATCAGGCGCGGGCTTTGTTAGCAGGAACTGCCCAACAGTTTTTAACAAAGGTTGTTACTGCTCAAAAGAGCGTTGTGAATACAATTACACTTTAATGAAAACGTGCGTATATCAAATCAACGCTTCCTGAAGGGTGGTGAATCACATGATCCAGTGGCTTGCCTAAGATGTAATCATATTCCATATGGTATAAAGGTAGGCAAGTGAAGTCGTTTAGTGCTGTGTGATCGAATTGGGCGCAGGTTAAGGGGTGGAAAGTTATAGAAGTCGCTGTGGAAATAGAAAAATCTTGCATGGCGCGTTTTTGAACAAATACATGATATTCTAGTCCTTGTAGTACTAAGTTAATGCCTGCATTGCGACACTGTTCCTGCAACACTTCAGCTAATCGTTGGCAGCGAGTAATGTTGTTGGGGTATATTAGAGTTATTTTCCCTGGAAATTGTGCGGAAGAGTCTTCATAGCAACAAAATCTTTCGTCCTCATTTGGGGAGGGACTTTCAACCACTTTATATTGGTCTCCCAAAGCATATCTCACGAGTTCTTCCTTTCGAATGGCAGCAACTAATCGTTTTCGGTTGGCTAATGACGATAATATGGGGTCTTTAGAATTCAGAATTAACCAAAAGGTCCCGTCTACAGGATAGTGAGCATAGAAAGGAGAAGCCGAACGCAGTTCGAAAGGGATTCCTTGGTGCCAAGGTTGTCCTACCCAATCCACATCTCCTCTCCGCAATAGATGTAAGGCTGTATAAATATTCGGAATGATTCGAAAATCGATAGATTGTAGCTCTACAAGCGCGTCATCGTAGTAATGAGGATTTTTGTGCAGAACGAGAGTTTCTCCTTGTAAATAAGTGTGGACCATAAAAGGTCCGGAAGATAGGAGGGGGCTCTCAGGGCGATATACAGAAAAGAAAGGTGAGGCCAATATAGCCAGTAGTTGAGAGCTCGGGTCCTTTAATTCCACAACAACTTCTGAAGAAGAAGGAGCGTAAAAAGTTAGATTGTCAAATAACTCGGGGTAGCGACCTGTTTTTTTTGTGTGTGTCCATGCAGCAACAACATCTTCTGCCAGTAAAAGAGAACCATCGCTCCACTTGGCGTCTTTGCGAATAAAAAATCGATAACATAGTCCGTTTTCAGAAGGTTGATACGAAGAGGCAAGAGCAGGGATTAATCCAGAAGGCTCCTCGCGAAAGAGCGTAGCAAATAAGATTCTGGATAAAGAAAAATTGAACGCATTCTCCCCTTGTTCAGGAGAAAGGGAGTGAGGATCGTCATGAATGGCTATAGTTAGTGTGTGTTTTGGGAGAGAATAAGAGCATCCTGTTATCAAAAATATGACAATAACAAGAAAGATACAGCGGAAACTCATAAAAAATCTTTTGATTGTTAGCGAAAGGAATCGGAGACTTTTGTTTGTTGCTGGTTGTATTTCAGAAGCGTA
CP042797.1_gap13	501371	502706	1335	AGTAGGAGGACCAGTTAGTCTATATGCAAATACCTATGAGGTCGGAGGAAAAGTAGTGCGTAGAATATTAGGAACTGCGGTTTGTTATGGATCCACCTGGTATACAACAGTTCCCATGTTTTGGTGTGCAGCTACTTACTATGCGACTTCAATGGGATATTTCCAGCTGATTGTGGAACAACGAAACTTCCGGGTTGCTTCTTTTTCTTGGAATGTTGTTCGCTTGCCATTTGTTCCATAACAAAGGTTCTTTGCTTATGCCGCTTGGCTAGCCGTTAGTTAAGCGGTTCTTTTTAGTAAAATAAAACAAGGAATCTTTTGTTGTAGACTGATCGAAAAGCTACAAGTATAGTACTAGGAAGAGAAGGCACTTAGTAGGCTCAGTCAAAGAACTTCGAAACAGGTATAAGGGTCCCAAAAATGGAAGAGCAATCCACAGTTGAATATTGGGGAGATTACAAAGTTATCGCGGAACTCGAGCAAGGATTGTGGAGTCGAGATGTTCTTACAGAACATCGGTTTATTAAAAAACGTTACGTGCTCAAGATACTTCCTTCGGAACTTTCATTGTCAGAAGATTTTATGAAAGTGTTTCAAAAGGTCATTGTTCAATTAGCTACGATTCGCCATCCAAGCTTGGTAGCTATTGAGAATGTTTCTCAGGAGAAGGATCGCTATTTTATTGTGACGGAAGAGAATAGCGGTACGATCTCTCTGGCCAAGTATTTATCTGGAAGAAAACTATCAGAAGAAGAGATTGTGTATTTGATTCAACAACTTTGTGAAGTTTTGGAGCTAGTACATGAAATAGGATTAGCTCATGGTCAGATTAATTTACATTCTGTTCATGTCTCTTTTATCAATGGAGTAGCCAATATTTATCTTCCTGAGGTGGGGTTCGCATCTTTGCTTAGAGAACGTATGTTCTCCTCTATTATGCAGAAAGCTTCCATGCAAGAAAGCGTGGAATGTATTCGTGATTTGTTGGTGTTTGAGGCTCCTGAAGAGAAATCAACCAATCACCGTGCGACAGATGCGTACTCAGTTGGTGTGTTAGCTTATTACTTGCTAGTAGGAGCATTTCCTTGGGGAGCTTTTCCTAAACCCTCGTCTTGTATACCTGACAGTATTTATGATTGGGATAGTTTTATTTTGAGTTGTTTGCAGCAACAACAACAAGCCAGACCGAAGCGATTGCGAGATGCTCTAAAGAAAAAAACATTAGGAGAGCAGCTCCAGTCGACTATTGACCACTGTCGTGAGTCCTTGCGTGCGATGGAAGTTCAAGAGGAGGTTTCGGAACCTATTGCTCCGACGTCTCTGATTCGAGAGGGA
CP042797.1_gap14	627603	629378	1775	ACTTTTGCAGTGAATCTCGAGATTCTTCTTCCTTATGTATCGTTGCAACTCCTAAGGATGTTTTCGCTCTGGAGAAATCTAAGATCTTCAAAGGGCACTATTTCGTTTTAGGAAACTTACTTTCTCCCATCACTGGAAAGCATTTGTCTTTGGAAAAATTAGCTATTCTTAAGCAGCGAATTGAAGCTTGTTCCCCTAAAGAAATGATCATAGCTCTTGACGCAACTTTGGAAGGAGATGCAACTGCATTGTTTTTGAAACAAGAATTTTCTTACCTTCCAATAAAAATCTCTAGATTAGCTCTTGGAATGCCTGTCGGTCTCTCCTTTGATTTTGTTGATGCTAATACTTTAGCTCGAGCTTTTTCAGGAAGAAATTGCTTTTAAGCACCCTCTCAAAAGCGAAACTGTTTTTCAAAAAAAGACCTTTGGAGTATATTTGAGGCGGTTTATCTAGTTTTTGCTAGTGACCAGCACCCCTCTGAGTTCTCCCCCGAACCTGCTAGAGGGGTTGCTTTTCGGGCTTTTTTTCGTTGTTTTCAAAGTTCTCTCTGTTCTCTTTTCTTCCTATATTTGTAGGGCTAGTCAAATTATCCTCGATTCTCTATTGTAATTGGATAGGTCTTGAGTAGTCTCTTCCTAATATGTGGGGACGCCTATGAGATTGGCTTCTGACCAAATAAGAATGGTGCTCTTCCCAGAAAGAGTAAGAATAAAACTTCATCCCTAGCGCAGACTTTTCTAGATAAAGGAAGTAATAATGCTTGGAATACGCAAAAAAACGATTCTGCAACTCGCTGTTTTACTGTTGCTCACCTTTTCACAAAGTTCTTTCTGTTCAACTTCAGAAGGACGTATGGTCGTAGAGTCTATCACCATTACGACTCAAGGAGAGAATACTCAAAATAAACGAGCTATTCCTAAAATAAAAACAAAGCAAGGGACGTTGTTCTCTCAAGCAGATTTTGATGAAGATCTAAGAACACTTTCGAAAAATTTTGATCGAGTAGAGCCTATCGTAGAGTTTCGTAATGGACAAGCTGTGATCTCTCTGATTCTGACGGCAAAACCTGTTATCAGAGAGATCAATATTTCAGGAAATGAAGCTATCCCCACTCATAAAATTCTGAAAACTTTAGAGCTTTATAAAAATGATCTTTTTGATCGGGAATTATTCTTTAAAAATTTTGATGCGCTAAGAACTCTTTATTTGAAACGAGGGTACTACGATTCTCAACTCTCCTATTCTCATAATCATAATGAGAAAGAGGGCTTTATCGATATTTCCATCGAGATTAAAGAAGGACGTCACGGTCGCATAAAAAAATTAACGATTTCGGGAATTACGCGAACAGAAGCATCAGACTTAGGTGACATTGTTTTAACTAAACAATACTCCACAACAACGAGCTGGTTCACTGGTGCCGGAGTGTATCATCCGGACATGGTAGAGCAAGACTTATTTGCTATCACAAATTACTTCCAAAATAAAGGATATGCTGATGCTAAAGTAAGCAAAGAGGTCTCTACAGATGCTAAAGGAAACATTACTTTGCTTATCGTTGTAGACAAAGGACCTTTATACACATTAGGTCACGTACATATAGAAGGATTCACAGCGTTATCCAAAAGACTGCTCGATAAACAACTATTGGTTGGACCTAACTCCTTATATTGCCCAGATAAAATTTGGACTGGAGCACAAAAGATTCGTAGCGCATACGCTAGATATGGCTACGTGAACACTAACGTTGATGTCTCCTTCTCAGCGCACCC
CP042797.1_gap15	630554	631860	1306	AGAAGAGCACACTATTCGCCTGAAAGACCTTTGCAGTAGCGCTGGATTTGGTCTACGCTTTGATATGATGAATAATGTGCCAATTATGCTAGGCTGGGGTTGGCCGTTCCGCCCAACAGAAATCCTCAATAATGAAAAAATTGATGTATCTCAAAGATTCTTCTTTGCCTTGGGAGGAGTATTCTAGAATCCGAAAGGAGAAGGAGAGCATCCTTCTCCTTTCACCTATTGGTATTTTTTATAGGAAAGAATTATGAAAAAGTTCTTATTACTTAGCTTAATGTCTTTGTCATCTCTACCTACATTTGCAGCTAATTCTACAGGCACAATTGGAATCGTTAATTTACGTCGCTGCCTAGAAGAGTCTGCTCTTGGGAAAAAAGAATCTGCTGAATTCGAAAAGATGAAAAACCAATTCTCTAACAGCATGGGGAAGATGGAGGAAGAACTGTCTTCTATCTATTCCAAGCTCCAAGACGACGATTACATGGAAGGTCTATCCGAGACCGCAGCTGCCGAATTAAGAAAAAAATTCGAAGATCTATCTGCAGAATACAACACAGCTCAAGGGCAGTATTACCAAATATTAAACCAAAGTAATCTCAAGCGCATGCAAAAGATTATGGAAGAAGTGAAAAAAGCTTCTGAAACTGTGCGTATTCAAGAAGGCTTGTCAGTCCTTCTTAACGAAGATATTGTCTTATCTATCGATAGTTCGGCAGATAAAACCGATGCTGTTATTAAAGTTCTTGATGATTCTTTTCAAAATAATTAACATGCGAAGCTAGCCGAGGAGTGCCGTATGTCTCAATCCACTTATTCTCTTGAACAATTAGCTGATTTTTTGAAAGTCGAGTTTCAAGGAAATGGAGCTACTCTTCTTTCCGGAGTTGAAGAGATCGAGGAAGCAAAAACGGCACACATCACATTCTTAGATAATGAAAAATATGCTAAACATTTAAAATCATCGGAAGCTGGCGCTATCATCATATCTCGAACACAGTTTCAAAAATATCGAGACTTGAATAAAAACTTTCTTATCACTTCTGAGTCTCCTTCCCTAGTTTTTCAAAAGTGTTTAGAATTATTCATTACTCCTGTTGACTCAGGATTCCCAGGTATTCATCCGACAGCCGTTATCCATCCAACTGCGATTATTGAAGATCATGTTTGTATTGAGCCCTATGCTGTAGTTTGTCAGCATGCTCATGTTGGATCTGCTTGCCATATTGGGTCGGGTAGCGTCATTGGAGCTTATTCAACCGTTGGACAACACTCTTATATCCATCCTCGAGTAGTTATTAGA
CP042797.1_gap16	772224	774158	1934	AAAGGCCCTCTCCGCTACTTTCCAGTGTAACTAGCAAGCATAAGCAACCGATGGAACCAAACAAGAATGCTTTTCTCATAAATGTAGTGAAATCTCCCTATTGAATATAGACACAAAAACCCTTTATTACCTCTGTAAAAAGACGTAATAAAGGGCACAGTTCATCTCATTTTAGAAGACAGATAGGCTTTTCCTATCTGCCAAAATCAAACTTATTATTTAGTGATGATCCTCACTATATCACTGCCGGCATACGCTGAGAAGCTCTGTTTGCAAAGTAGCCCTACAAGCTAGAATGTCTGCTAACTCATCTCTTCTCTGCAAATCTCGTATAGAAAGAGGTGGACGCACCGCATCACACTCAATCATTTTCTGAGCTGCCATTAGAGCTTTGATCCCTAAAGGATTCGTAGATAAGTTGAGCCAAGAACAAACTTTCTTCCAAGCTTCAATAGGACGACCTAGAGCAACATAATCTCGAGCTAATTCTGGCCAAACGTTAGCTAGTACAGAAATCACTCCAGATGCTCCAGATAATCGCATATCTGGCCACAGATTGTCGTCACCACAAAACACTCTCAATCCTGACTCAGCAAAAAGCTCACAAGCCTGAGCAGACCCTCCAGAATCCTTAACTCCTATGCACAAAGGATGTGATACAAAAGATTTCACGACCTCTGGATACAAAGACACGCCGGTACGAATAGGATTGTTATAAAGAATGATAGGCTTTCTACTTACACTCAAAACCCTATCAAACCAAGCTTTTTGTCCATTAAGCCCAGGTCTCGTATAAAGAGGAGTTGGAACAAGGAACCCATCTATAGGCCATTGCTGTGCAAAATCAATCCAAGACATAGTTTCCTGAACAGACGTTGCCGTCACTCCTACAAATATCGGCACATTCAAGTTAAGCGTAGAAACAAACGAAAGAATAGAAAGCTTCTCTTCATACGTTAGAGACAACCCCTCTCCTGTGCTACCAAATAAAATAATGCCGTTACCGGCGTGCTCTTGCGAACGAACGACACTCTCTAAAGCAGCGAAATCTATAGACAAATCAGCCTTAAAAGGTGTAATACAGGCCCCCAAGACACTCATAAAATACTCCTATTTAAATAGGCAATCGTGCAACAACTCGGTTACAGCGACCCCAAAATCCTTATTAATAATTAAATTAATAACCGTATCCGTTTGACTCCAACATAAAACTGGAGTTCTGTGTAGAGCCTCAAAGACTCTAGACATACTCCATGAAGCTAGCTTCGCTCCCACTAATGCAACTAAAGATAAAGGCCCCTCACAACTTACTGTACCAAAAGCTTCAAGAGCCTTTGTTATAGCCTGAGGATACTCTTCCCAATCTATAGTGAAATACACTCCTAAACTTTGAGCCATGACAACTCCTGGAACAAATCCCAAGCTTCGTACACAACCCAAAACATCCTCTAGTCTCACTAGAGGAGAATTGTATTCTACAAACCAAAGAGCTTGATTCGACTTCAATGAGAGTGCTTTGATCACAGGACCCTCTGTACTCTCATTTAATGAAGCGCAAATCCAAGTCCCTTCTTTGGTTACATTAAATGTTGAAGTCACAAAAATAGGCACCTTCGCTCGAACACAAGGCTTTAACATATCTTGGTGCAATACCTTAGCACCAGAACTTGCTAACTCCTGCATCTCTTCAAAGGTTAAAGAATCTATGAGTTGTGTATCTTTCAAGATTTTTGGGTCGGCTGTATGCACGCCACAAACATCTGTATAAATACGCAACTCTCTTGCTTTACACAGTTCTCCTATCAGAGAGGCAGAAAAGTCACTCCCCCCTCGACCAAGAACTGTAGTTTTCCCTGAAGACGTTGCTCCAAGGAAGCCTTGCATAAGGTAAATAGCATCTTCTTGTAATGCCAACTCACCCCAAGCAGTTTGCA
CP042797.1_gap17	776176	779572	3396	AAAGTCTAAAAGCAGCGACGTCACTTCAGGAGACGAGAAATCAATAAGAATATCATTCTCTGTAACAACCTCTTCTAGCGAGGTCTGAGATCTTCTTGAAAACCCCTTTCCCAAAAAACAGTGAGGACGACAAAGTAAAGCCTGAGTCAATAAGACACCCATCCTTCCAGTATCTCCGACAAGGCCTATGCTTTTTTTCATAATACTATCAGCAACTCTCATCCACCATTGTGGAACCTATAGGATCCTCTTAGCAAATGGCTAAAAGAAACCACTGCAGCAGTATAGTATAAGTGAGTAAATAGCTCCAACAGGAAAAGCAAAGCAAATTCGCAAACTTGCTCTTTTTCCTAATTTATTTAGAGAAAGAACTTTAGATGTGCACCTGAATATTTTTGTTACGATTCTACAAAAGAATCCCCATCGACCTCAAAAGACTCTGCAACAAGATCAACTATGATGTCTTCTGCATCAAAATCACATGCAGAAGCTCCCTGAACGATCACACTTTGTCGGTTCTGAATATAGTCACGAAGTTTAATCAGCTGTTCATACAGCCACTGAATAAATCGCTGAAGATACATGGTAATACTAATTCCTAAAAGGACTCCTCCTATAGCTAAAATACCTCCAGATATAGGAGCTAATCCAGGAATTAGAGTTAAAGAGAGAACTCCCAAACCAGCTAGAAGGATTATGGTAGCAACTAAAATAGATTGGAATCTTTCTTCCTTAGTTGCTCCATTCACATACTCACGAATAGCTTGCTCTGTTTGAAAAATCACCGGTTTCCCAACTAACTTCCAAGTTTCCTCTTGCTCCTTCTTGGAAAGCAAGCTTGCACGGCTTTCACCCCATCGTCTATTATCCATTTCCCTTATCATGCGCGCTTTCAAACGAGCTTCTCTTCTACGAGCTAAACTAATCTGTAATCTAGCTTTTAGTTGATGAGCGACATGAACCATTCCAGAAACAACCATTGGAACAGCTGACAATAATACAGCTCTTCCTATAGAAAATAGGAGCAACACTTGTACAGCAGGCAATCCCCCAAATCCAGCCAATAAAGTACAAGTAACCCCTGCTAGCAATAATAATCCTGATAAAATCAGGATCCGCTGTTGTTTCTTCGTTAAAGACAATGCTGCATCTATTTCTCCTTGAGGCAAACGTTCAATAGAAGGAAGATTAGACTCTCTAGGATCGACTACCACCTCTATATTGTTATCTACCCGATAACTGAAGTCTGCTTGAGAAATGTTTTTTAGTTTAGTATCAACAAGTAAATCTTGATCTTGTTGAGCTCTAGCAAAAGCTCTCCATTGCCCTAGAGTTGTGTGCAGCATATTCGAGATCACTAAAGAAATCCCTAAACTGATTAAAGGAGGAGCCAACACTATAAGAGCTGTTGCGGCCCCTCCAGTTACAGCAAGAGTTCCAACAACAGCTAAAGCAATCCCTAAACACGCAAAACCAACTCCTAATAGAACTAATCCATTCGCTAGCTTCCGTATCTTTGCTCCTTCTATGAGCATCTCTTCTGGAGTAAGAGCTTCACCCGATGCAGCTTTTTTTGACTGGAAAAAGCGCACATAGAGATAGTGAGCGAACCCTGCAAAAAGAGCTCCTCTCCCTTTATTATAAGAAACATCCCCAAGTTTCCCGAGAGCGCTACCATATCCCCCAGGAATATAAGAAGATCCAAGTTTCAGCACAAGACCAGCTCCCGTTAATCCTGCACCAAGGAGAGCTGCGCTCTTTGCCCTCTGTCTGAATGTCATTCTCGGAGCAACTACGGTCTTAATTCCATTAATAAGACTTCTTAACGTGGTAACTCCACCGACAGAAATTCCTGAAAAAGCAATCGCTAAAACAATCGATTGCGGAACTCCAGGAGCTAGTATCGTTAGGGCGATAGCCACAATTGCTAATGCAACCCCTAATACAACAATACCTGCAATGAGCTCTGTCGAATATTTTAGCGTTTTCCCTGATTTAGAAACTGTTTCATTAGGGAGATAAATCGCTGATACAGAAACTCCTGAGTTCTGATTTTGTACAGGAGAAAGGTTACTAAGAGCATTTACATCAACAGGATCACTACTTCCAGGAACCCTAGAAACCATAAAAAACCATAAAATCTTTCAACAAGATTAATTATAACAACAAAATAAAATCCTTTTCATAACAAAAAAATAGAACTTATTTCCCTCGTATGATCTTAAATATCATGCAAAAAACTCTTCCGAAGACTACATTAGCTATTCATTTTTAACCTTTTTAGAAAATAGACATATGGTCTCTTCGAACCAAGCCCTTCTTATTTCTCCCTCAATTCCTTACGGAGAAATTGCTGTTCCTCCGTCAAAATCACATTCTCTACGCGCGATCCTTTTTGCCTCCTTATCCAAAGGGACCTCTATCATAGAAAACTGTCTCTTCTCTCCCGATTCCCAAACTATGCTTACAGCCTGTGAGAAAATGGGAGCTCACGTTAGAAGAATAGGAGACTCCTTACATATCCAGGGGAATCCCGATCCCCATCACTGTCACCCACCCTATTTCCATATGGGGAATTCTGGTATCGCCCTTCGATTCCTAACCGCCCTTTCTACTTTATCCCCCACCCCCACTTTGATCACAGGATCCCACACACTCAAACGACGTCCTATAGCGCCTCTTCTATCAAGCTTAAAACAGCTTGGTGCGCACATTCGCCAAAAAACATCTTCTTCTATTCCCTTTACCATCCATGGTCCATTATCCCCTGGCCATGTTACTATCTCTGGACAAGATTCCCAATACGCATCAGCATTAGCAATCACTGCAGCTTTAGCTCCATATCCCCTTTCTTTTTCTATCGAAAATCTTAAAGAACGTCCTTGGTTTGATCTGACCTTAGATTGGCTACACTCTTTAAACATCTCTTTCTTAAGAGACCAAGATTCTTTAACTTTCCCCGGAGGACAATCATTAGAAAGTTTTTCTTATTCTGTGCCTGGAGACTATAGTTCTGCTGCTTTTTTAGCTTCCTTTGGTCTACTCTCTTCTTCTTCTAAACCAACTATTCTCCGTAATCTTCCTTCTCAAGATTCTCAAGGGGACAAGCTTCTCTTCTCTTTATTAAAACAACTTGGAGCCCATATTCTTATTGAAAAACATCATATCGAAATGCACCCCTCTTCTTTCTCCGGAGGTGAAATTGATATGGATCCATTCATAGATGCATTACCCATCCTTGCTGTCCTCTGCTGCTTTGCAAAAAATCCATCGCGCTTGTATAATGCGTTGGGAGCAAAGGACAAAGAAAGCAATCGCATTGAAGCCATTGCCCATGAATTGCAAAAAATGGGTGGTTCTGTCCACCCTACTCGTGACGGTCTATATATAGAGCCC
CP042797.1_gap18	788951	792125	3174	TTTATGGAATGCCTGTGCTAGCCTTGGAACACAATATTACGATGAGCTGATCGATGACATTTCAGCAATCGCTGAGTTTTATGATCACATTATTGTAACTCCTGGAGCGAACGCAGATATTCTCCCTGAGCTTAAACACCTTCCCCTATCTAAAGTAAAAGGTCAGCTCGTAGAAATTGCTTGGCCAGCTGAGATCCCTATGCCACCATTCAGCATCAATGGCCCTAAATATATGGTTGCTGATACAACAAGAAATACTTGTATATTGGGAGCAACTTTCGAGCACAACCAACCAGATGCCACTCCAGATGCTCAAGTTGCCTATCAGGAAATCATGCCTCCGATCCTAGCTCTTTTCCCTGGGCTTAAAGACGCTCAAGTCCTTAATTATTACGCTGGTATGCGCTCATCGAGCCCCACCCATTTACCCATGATCAGTCGCGTACAAGAAAAATTGTGGTATTTAGGAGGTTTGGGATCCAAAGGTCTTCTATACCATGGGCTTTTAGGAGATATGCTCGCCCAGGCTCTATTACGGGATTCCACGGCATATATAGCTAAGGAGTTTCTCTACACTCCAGAGGGAGCAGCCTAACTCTCCCCTCTCTTCTTAAAAAAGAGAGGAGCCTTTTTTCCTTACAAAGATACGCTAGCTTTTTCCTGAAGAATCTCATCAAGAGATATTTGCATTTTCCCACGGATAAAGGCATCCCAAGGAAGCCCTGGAATCACTTCATATTCTCCCGTTGCTAGCATTCGACAAGGGAAACCAAAGATTAAATCTTCCGGTAATCCATAGGGATTGTGGTCCGAACACACTCCGGAAGAAAACCATTCTCCTTCTTTTGGCTGATATATTGATCGAGCAGCCTCTGCTAAAGCTCGTGCTGCAGAAGCTGCCGAAGACTTCCCTCGTGCTTCAATTACTGCACTACCACGACTCTGTACAGAAGGCACCATAATATTCTCTAACCAATCACGATCCGCTATCGTCTCTGCGATAGGACGGTCATTAATCAGAGCTTGCGTAAAATCAGGCACTTGTTTGGCGGAGTGATTTCCCCAAACCACAACTTGTGATACAGCCGATAAAGGTACTTCTGCTCTATGCGATAACATGCTATGCATACGATTCTGGTCCAATCGTAGCATCGCATGAAAGTTCTTTCTCAATAATCTGGGAGCATGATTCATTGCTATCCAGCAATTGGTATTCACAGGGTTCCCAACAACAAAAATCTTTGCATCCCGCTTGGCTGTTGTGTTCAAAGCTTTTCCTTGCGTAGCAACAATCTCCCCATTTTTCTTTAGAAGATCTCTTCTCTCCATTCCTGGGCCTCTAGGAACTGACCCTATAAGGAATGCCGCATCAATGCCATCAAAAGCATCATGCAATGATGTCGTTACCTGCACACGCTGTAATAGAGGGAAAGCACCATCATCTAGCTCCATGCGCACACCAGATAAAGCCCTTTCTGTTCCAGGAATATCGTAGATACGCAGATCGATGCCACAATCAAGGCCAAAAACATCTCCATGAGCCAGAGAAAATAGAAAGCTATAGGCTATTTGCCCTGTTCCTCCTGTTACTGCTACACTCACTGTTTGAGAAACCATAAGCCACCCTCTCTTTACTTTTACAAAACGCACATACTCTCAACACTACGTTTGCAACTAACTAATTTTGGTCCCAACATACGTTTGGATGATAAAAGAATCAAGTACCTAGATTCCTTAGTAAAAGCTTTTGGCAAAAAAAAGCTCATCTATTTTTCAATAGATGAGCCGACTTTAACTGATAAGAACTTAGAAAACTTTATAAAAAATAGGCCCGTGTGATCCTACCCATATACTTGATCCCGACCGCATAACTTGTTGTCCCTTTTTAGCAGCCAAATAACCGTGGACATCTAAAAAACCAATAAACCGTGCGCGAATAAAGAACATACAGCCCCTAAAAAAACGATTTTAAGAGAGAAGTGATAGACAGATTATAACATATTTAAAATAAAAACTCTGCAAACAAAAAAACTTTGCCTGGCCGTCTCCGTAGAAAGCACTTTATGTTAAAACGTTAAAAAGTCTTAACACACCTCGAGCTTCGGGAAACTCTACAGGAGCATTCCCCGACATGATGCCTATAATTTGCGTTGCCAATTCTTTCCCTAATGAAACCCCTTCTTGGTCAAAAGAATTGATTCCCCAGCAAAACCCTTGAAATGCAAATTTATGCTCATAAAAAGCCAATAAACTACCAGCAATACGAGGAGAAAGCTGTTGCGCTACCAATATCGAAGAAGGACTGTTCCCTTTAAACCTCTTATTCGGGTTCGCATTATCTCTACCCTGAGCTAAAGCTAAAGATTGAGCAACAAGGTTTGCAAAGAGCTTTTGAGATGATGAGCTTCCTGATAATACACAATCTAGCCCTCGTTGGTTATGCAAAAATCCAATGAACTCTACGGGAACAATATCTGTTCCTTGATGAAGACTTTGGAAAAAAGAATGCTGACAGTTTGTCCCCACATCGCCCCAAATAATGGGTGAAGTCCTAAAACTAATCTCCTTCCCTTCTCTCGAAATACTTTTTCCATTGGATTCCATTCCACACTGTTGTAAATGCGCTGTAAAATATTTCAATCCTGTCGAATAAGGAATCACTGCTGTTGTAGGATACCCTAACAGATTACGATTCCAAACTCCAAGCATCGCAGATAGAAGAGGAAGATTCTCTCTCATTTTTGGAGTCAGCGCATGAGCATCGATAGCAGCTGCTCCTTGCAAAAACTCTATAAAAGCTTCGTAACCGAAAGCAAAACCTAATACAACTCCTCCTACCATGGATGTAGCTGAAAATCTTCCGCCAATACTATCCCAAAGATGGAATACTTCTAGATAACGACTCTTATCATCCATAGGGCTGCCTTGAGAAGTTACCGCTACAAAATGCTCTGCAATAGATAAACCTTTATTTTGATAAGCCTGTCTGAACAGTTCTTCATTTGCTGCAGGCTCTAAAGTTGTTCCTGACTTAGAAACCACAACAACCAGTGTTTGCTCCAAATCTATCTCCCGTAATACTTCTGCAGCATTATCCGGATCAATATTGGAGACAAAAAAGATTCTCTTATCAGATGGGCAAGAGCCTTGCATAGCAAAATACATAGCTTTAGG
CP042797.1_gap19	821379	826100	4721	TTTAAAAAGATATCCCCAAAAGGTTTCACAAAAACTGCTTTGTCTTCCAGAATTAAGCCGGAAACAACCCCGATAATTAGGCCTATAAAAATTTTCATCCATAATTTCATGTAGTTACCCTCTTATTCTTCTGGATGGATTCTATTGCATCCAACATGGCCACCATTCGTCTTTCATTGCAAACGCAAGAAAACCGCATGCGGACTTCTCCAACCGGCAATGATATTTCTTCAGCAAGCGCTCCTATTTTTACGCTATCCTTTTCTGTACACAGGATACCAACTCCTTGGCGCAAAATGATTTTCTTACAAAAAAGTTCTAACTCTTGCTTTGTTATGCCCACATGGTCAGGTAATAGATACGTACCTAAAACATGAATCCCTGCATCTCTTAACATAGCTAAGAATCCTTTAGGAAACCCTAACCCACAAAATACCCCCACACCTAGACCTTCCCAATGATCTCGAGGCATGTTTACAGATTGATTCAACCAAACAATTTCCGAAATCTGAGGCTCGATCACGATCTTCTCTTCGGGGTGCAATCGATCCAACTCACGTTGATCGGAAGGCGAACATCTACCATTAATCATGACGTAATCCGCCTTCGCCAATCTTTCTGGGAAGTCTCGAAGTCTTCCTTTTGGGAAAAAAGAGCCTCCTCCAAAAGGATCCGAACCATTCACTAATACAATCTCTACATCTTTATGAAGGCGATTGTATTGAAATCCGTCGTCCAACAACAAAACATCAAAATCCCCAGCACTCTTCTCCGCAAGGGTTTTTCGGTCCTTTTGTATCCGTACCGCCCCTGACGGCAAATGCTTGGCTAAGAGCAAAGGTTCATCTCCAACACAAGAAGCGGTGTGAAGCGCTGGATTCACAATAGTAAACGCTTTTTTCTTACTATATTTCCCTTTGTATCCTCTCGAAAGCACCGCACAAGAAAGCCCTCTTTCATGCAGTGCTTGGGCTAGCCATAACACCAAAGGAGTCTTTCCTGTCCCGCCAACAACGATATTCCCTACACTCACCACTGTTGCTTGTACTTGATGAGGAGATTTCGCAATCTTATGTCGCAGCCAAACAGAGCCAGAAAACACTCTAGCTATGACTGCCCAAAGCCAGCCTAAACGATCAGACAAGGCTCCAGAAGTCGCAGATATGATGAGATGACGGAAAAGGTCTCGAATACCAGAAAAGAAACTGAATCTCATGGGCGCCCTACTCAAGTTCTTCCTAAACGAACAACCTGCAAAAACTATGACAACCCTAAAGGGCTGAGACAGACTCTTCGTCCTCTTTACCCAAGTAGCCTTCCAAACGAGGGCATCCTGAAGGATCGCATATAAAACATTAAAAATCAAGTTTCAAAACTTGAATCATAAAAGATTTCTTATACTTCTTTGTCGAACGACCTCATAAGCAACAGCTGCAACAGAAGAAGAAAGGTTTAATGAATCTGCTTTCCCTAACATAGGTAAAGCTATGTTACAAAAACTTCCATTCAACCAATCAGGCGACAGCCCATCTTTTTCTGAGCCAAACACCACAACCGTCGGTTGGCAAAAATCTTGATCAAAATAAAAAGTTTGTGCTGATGGAGTTGTTGTGAAAACCTGCCATTCTTGTTGATGAACCAAATCCAAGACCTCTTTCAAAGAAGCTTGCCAAACAGGCATAGTGAATACTGTACCTAAAGAGGAACGAATTACATTGGGATTGTATAAATCGACTACAGGATCACAAAGAATGACTCCATCCACCCCTGCTCCATCTGCGATCCTTAGCAAAGCTCCTATATTTCCAGGTTTTTCTGCTTGCTCAACAATCAAATAAAAAGGAGCCTGATTCTTTCGCTGCAATCCTAAAAACTCTTGGCAAGACAGCTCTTTCTTTTCAAAAACAGCAATAAAATTCTCGGGATTCTCTTTAAACGACAGTTTTTCCAAAATATCCTTAGAACAATACAACTTTTCAATACCAAGCGAAGTAAGCTCGCGATCAAGAGCTATCTCCTTATCGGCAATTAGTTCTCCGCAAAATACATGCGAACAACGGTATCCAGAAATTAGGGCTCGATGAATCTCTCGAAACCCTTCTAATAAAAAATATGTGCCATTACGTGCCCGCTGGCGCTTTAAAGCAAGAGCACTCTTAACACGGGCATTATTTTTCCCTATAAACTCCATTGCGCAAACACCCCTGAAGGCAACCGTTGATTCCCCTCACCACAAAAATTTTCTCCTAAACGCCACCCTTGGAGAGGAAGCATAGGAAGCGCTCTTCTAGCTAAACAATGCAAAAACTCGGGAGTATGTCCCGGTGTATGTGAAGTAATCAGCATATGCGAGAAAGAACTAGAGAGGAGCTGTGAACACAACTCTAATAAAGGGAAAAAATCGCGATCTATTTTGAATGTCTCTCCATCAGGACCTCGCCCATAGGTAGGTGGATCCAAAAGAATGACATCATAAGTCTTTCCTCGACGAATTTCCTTCTTCAAGAAGGAAAACACATCTTCTATAATCCAAAAAACCCTTTTATCTTGAAAAGCGTTCCCTTCCACGTTTTTTTGGGCCCACTTAACAGCTGCTTTAGAAGCATCCACATGATAAACTGTTGCTCCTTGTTGAGCACAGAAAATAGAAGAAGCTCCAGTATAAGCAAAGAGATTCAAAACTCTACATGAAGGCTTGGCTACAGAAGGTTGTAAATCTTTCCAGAACCCAGCATGCTCGGGGAAAATACCTACATGACCAAAAGGAGTCAGCTTCAATAAACACGAAACAGAATCGATGGTTATCCACCATTCTTTAAGATTTCTGTTGCGATACCGCCATTGCCCTTGTTCTCCCATACGAACAAACTCAGCAGAATACTGCCCCCATAAGGAGGGAGAGCTCTTTGGCCAAATAGCCGTGGCAGAAGAACGAATTAAGCAAACATCCTTAAATCGCTCTAGTTTCTTACCGTCCCCACTATCTAACAACTCGTAATCCATCATTTGCTGATCTCTTTTTCGGCATGGAAACGCATAATTGTGTCCACCTGCATTTTTGTCATCATATCAGGCTCCATATTCACGTGAGCACCCACCTGTTTATAACCCAATGAGGTGCGCGCTCGAGTCTCCGGAATCAAACTAACTGAAAAGATGTCCCCTTTAACTCGTGCAATTGTCAAACTGATGCCATCAATAGCAATGAAGCCTTTCTCTAAAATATAAGGCACTAAATTAGCTGGAGCCTTAAAAAACATATAGGATTTCTCTATGGCAATAATAGTGCCTATCCCACAGACATGCCCAGAGACAAAATGTCCTCCTATTTCATCTCCTAATCGAACCGAGCGTTCTAAATTTACCATGGTTCCCACCGTATAATCTTTGATGGTAGTCCAAGCCATGGTTTCTTCAGTCACATCAAAAAAGAGTAATTCGTACTGTCGTTTGACCAGAGTCAAACATATGCCATCGACGGAGAAGCTACTCCCCGGAACCACATCGATCAACTTGCGAGCAAAAACTCCAATCTCCATGGAATCCCCGAGATGGTGAATAAGATCTACCCGTGCGACTTCTTGAATAATGCCTGAAAACATAGACAATTAAATACCTTTGCTAGGTCGTGACAACAATACTTTTTAGCAATCTTGAAAAACTAGATACACGAAAAAGCCCTCTCCGGATCTGATCAAGGCAAACAGCGGTTGCTTATAATCAAAAAATAATTATACTCCGAGACCGCCCGTAGAGAAAACCTTTCTAAGAAGAGGTTCTTTTCAACACAAGACACAGGATTTTATCCATTAAAATAAAAACCGTGGTATCTTGAGCGTCCTGCAGATATTAGGCGACTTTTGAAAAAAAATCACCACAAATCACAATCAAGAATTGTGTTACTAGATCCCCCAAGCTACCTCTTTCTTTCATTTCTGAAGGGCCTATCGTAGTAAACAAGGATCTAATATTTGAATTTTAGGAGGAATCTCCCATGCTATGCCCATTTTGTAACCATGGAGAGCTTAAAGTTATCGACTCTCGAAACGCACCAGAGTCAAACGCGATTAAACGCCGTCGCGAATGCTTACGTTGCAGCCAAAGATTTACAACCTTTGAAACAGTAGAATTAACTGTACAGGTATTAAAGCGAGACGGTCGTTATGAAAACTTCCAAGAATCAAAGCTCGTCAATGGATTAAAAGCAGCTTCCAGCCATACAAGAATTGGACAAGAACAAGTACAAGCAATCGCCTCTAATATCAAACAAGATCTTCTTGGAAAACAAAATCGAGAAATCTCTACCAAAGAAATAGGCGAACTAGTAATGAAATATCTAAAAAAAGCAGATATGATTGCGTACATTAGGTTCGCCTGTGTTTACAGAAGATTTAAAGATGTAGGAGAGCTAATGGAAGTCTTATTATCTGCAACACCAGATGGTGAAAAACAAACATGAAAAGGAGAATTGTATGCCCCTAACGGACGAAGAAATAGCCAATTTTAAAACACGTCTTTTAGAAATGAAGGCTAAGTTGTCTCATACTCTAGAAGGGAATGCTCAAGAGGTCAAAAAACCTAATGAGGCAACAGGCTATTCTCAGCACCAAGCAGATCAAGGCACAGATACGTTTGATCGAACTATCAGCCTGGAAGTTACTACTAAAGAGTATAAACTTCTTAGACAAATTGATCGTGCTTTAGAAAAAATTGAAGAAGCC
CP042797.1_gap20	835670	837929	2259	TATTACATCATTAAAAGTACAAACTAACGGTGCTGAAGAAAAGGGAGGAGCTATCTATGCTAAAGGTGACCTCTCAATTCAATCTTCTAAACAGAGTCTTTTTAATTCTAACTACAGTAAACAAGGTGGTGGGGCTCTATATGTTGAAGGAAATATAAACTTCCAAGATCTTGAAGAAATTCGCATTAAGTACAATAAAGCTGGAACGTTCAAAACAAAAAAAATCACTTTACCTTCAAAAGCTCAAGCATCTGCAGGAAATGCAGATGCTTGGGCCTCTTCCTCTCCTCAATCTAGTTCTGGAGCAACTACAGTCTCCGACTCAGGAGACTCTAGCTCTGGCTCAAACTCGGATACCTCAAAAACAGTTCCAGTCACAGCTAAAGGCGGTGGGCTTTATACTGATAAGAATCTTTCGATTACTAACATCACAGGAATTATCGAAATTGCAAATAACAAAGCGACAGATGTTGGAGGTGGTGCTTACGTAAAAGGAACCCTTACTTGTAAAAACTCTCACCGTCTACAATTTTTGAAAAACTCTTCCGATAAACAAGGTGGAGGAATCTACGGAGAAGACAACATCACCCTATCTAATTTGACAGGGAAGACTCTATTCCAAGAGAATACTGCCAAAAAAGAGGGCGGTGGACTCTTCATAAAAGGTACAGATAAAGCTCTTACAATGACAGGACTGGATAGTTTCTGTTTAATTAATAACACATCAGAAAAACATGGTGGTGGAGCCTTTGTTACCAAAGAAATCTCTCAGACTTACACCTCTGATGTGGAAACAATTCCAGGAATCACGCCTGTACATGGTGAAACAGTCATTACTGGCAATAAATCTACAGGAGGTAATGGTGGAGGCGTGTGTACAAAACGTCTTGCCTTATCTAACCTTCAAAGCATTTCTATATCCGGGAATTCTGCAGCAGAAAATGGTGGTGGAGCCTACACATGCCCAGATAGCTTCCCAACGGCGGATACTGCAGAACAGCCCGCAGCAGCTTCTGCCGCGACATCTACTCCCGAGTCTGACCCAGTGGCCTCAACTGCTCTAAGCACACCTTCATCTTCTACCGTCTCTTCATTAACCTTACTAGCAGCCTCTTCACAAGCCTCTCCTGCAACCTCTAATGAGAAAACTCAAGATCCTAATGCTGATACAGACTTATTGATCGATTATGTAGTTGATACGACTATCAGCAAAAACACTGCTAAGAAAGGCGGTGGAATCTATGCTAAAAAAGCCAAGATGTCCCGCATAGACCAACTGAATATCTCTGAGAACTCCGCTACAGAGATAGGTGGAGGTATCTGCTGTAAAAAATCTTTAAAACTAGATGCTCTAGTCTCCTTATCTGTAACAGAGAACCTTGTTGGGAAAGAAGGTGGAGGCTTACATGCTAAAACTGTAAATATTTCTAATCTGAAATCAGGCTTCTCTTTCTCGAACAACAAAGCAAACTCCTCATCCACAGGAGTCGCAACAACAGCTTCAGCACCTGCTGCAGCTGCTGCTTCCCTACAAGCAGCCGCAGCAGCCGCACCATCATCTCCAGCAACACCAACTTATTCAGGTGTAGTAGGAGGAGCTATCTATGGAGAACAGGTTACATTCTCTCAATGTAGCGGGACTTGTCAGTTCTCTGGGAACCAAGCTATCGATAACAATCCCTCCCAATCATCGTTGAACGTACAAGGAGGAGCCATCTATGCCAAAACCTCTTTGTCTATTAGATCTTCCGATGCTGGAACCTCCTATATTTTCTCGGGGAACAGTGTCTCCACTGGGAAATCTCAAACAACAGGGCAAATAGCGGGAGGAGCGATCTACTCCCCTACTGTTACATTGAATTGTCCTGCGACATTCTCTAACAATACAGCCTCTATGGCTACACCGAAGACTTCTTCATCCTCAGGAAATTCTATTAAAGATACCATTGGAGGAGCCATTGCAGGGACAGCCATTACCCTATCTGGAGTCTCTCGATTTTCAGGGAATACGGCTGATTTAGGAGCTGCAATAGGAACTCTAGCTAATGCAAATACACCCAGAGCAACTAGCGGATCTCAAAATAGCATTACAGAAAAAATTACTTTAAAAAACAGTTCTTTTATTTTTGAAAGAAACCAAGCTAATAAACGTGGAGCGATTTACTCTCCTAGCGTTTCCATTAAAGGGAATAATATTACCTTCAATCAAAATACATCCACTCATGATGGAAGCGCTATCTACTTTACAAAAGATGCTAA
CP042797.1_gap21	904246	908192	3946	AACCTTGGGCCCTTCCTTGTGCACCGATAGCTCAACTGGATAGAGTACCTGGCTTCGGACCAGGTGGTTGGAGGTTCGAACCCTCTTCGGTGCGCATTCTCTAAAACTTCTTTTCAATTTTTTTATTCTAGTATAAGCGACCCGTTATAGCTCGCTAATCACAGAAGTCTTTTTAATCCTATGAGCACCCCTCCTACAGATGCGCATTGTCTCTTCGATCCTATTCGCTGTAAACCCGTCCCTCCCTTTCCCGAGGAGCACGTTAGACAGGCTTTGCTCTCGTTTCTCATCCAAGAGCTCTCCTATCCCCAACAACAGATCATTGTGGAAAAAGGAATCAAATCTTGTATTCCAGCATCACTCCCGCCTCTCCCTAAAAAAATGCGAGGAAGAGCGGATGTACTTATCCTATCTCCCTCCTCTTACGTCTCTTCAGAAGGTGCTTCTATTTCTTTTCCCCATCCTCAGCCCCTACTATTAATAGAATGTAAAGCGAAAACAGTGACCTCTCTCTCTTTCAGTCAATTGATTAGCTATAACTATTTTATCGGGGCCCCCTGTCTATCTCTAATTAGCGCAAACTCTCAGCTCACAGGTTTTTTATCCCCAAAGACAAAAACATTCGCTTTTTACCAAGGGATTCCTTCATATTCTCAACTGATGAACTTCTATATCCATACATTTTCATGCAAATCACCCTTCCCGGAGTTGTTCTAACAAACTCTCCCGCTGAGAAACAACATGTTATCGTAAAAATTTTCTCGCCAGCAGGGCTTCTTTCTGCCTTCGCAAAAAATGGAGCATCCCTATCCTGCGATTTTCGAGAGTCTCTGTTCCCCATTTCTTTTAGCCTTTTCACGATTCAACAATCTCCTCCCAAAATGCGAAAAGTCATACAGGGGGAGCTCCAAAATCCTTTCACAACGATTAAAAGTTCGTATCCACTTTTGCAAAGCGCAGGGAAAATGATTCAAGCGATTCTCAAAACGCAATGGCATGAAAAGCCCTCTCCCCATCTCTTTTCTCTTTTTTTTAACTTCCTTCAACGAATTCCAGAAACGCAATACCCTAATTTTTTTTCCTCGATGTTCCTACTAAAACTCTTACAACATGAGGGAAGCCTAGATCTATCGCGCTCCTGCACCTTATGTAAAACTTCCTTAGAATCTTCAACTATTTACCGTTATGAAGGAGCTCTATTTTGTGAAAAACATGCTCATGAAGAAACGATCTCCTTCAGCCAAGAAGAAGACCATATTTTAAGAGTGATCGTACAAGCAAAAAAATTCCAAGAGCTCGTTTGTCTAGCAGAATTCCCTATCGACATCGATACAAAAATAGATGCCCTATTCTCCTCCTTCCTTTCAGAAACATCCGAGCCTTCTTCTCTATATTACAAAGGGAAAACGCTTCTCTAACGGAGAAAAATAACTCCTCCATTACGAGTCTCTACATGAAAAGTTAGCGTCACAGGGGATTCTCCTACCAAAGAATTCCGAAAAGTTTTCTTCCAAAAACCTCTTCCTCTCTTGATTAGTGATCCCTCTGCAACTACTTTACTATTCATATCAACCTGCGTATAGACAACTACACCAATGTCTTTAGGTAACATAATTGTAATTGGCTCTTGCTCATTACGAATATAAATAGACGCATTCTTTTTCCACTCCCCTCGAAAATCTAAATCCATTCTGCAGGAGGTACAAGAAAGATTTACAGAAGACAGTTCTGGACACTCTCCCTTTATTTTCGAACGCAGCAATCCAAAAGATCCCTTATAAACCACGCTCTCCAACTTAGGGAAGCTTCCCGTCACATCAAATTGTACACGTTTTTTTCTTTCTGCATGGATTTCCATAGTTTCCATATCTGGATACTGCCCAGAGAAAACAAACCGATCCATATAAAACTGCTCTTCTTCCGCAAGAAAATGCGCGCCGAAAGCGGGTAAACTCAACGTTCCGAAGATTGTCAACAAACAAACTAGTATATGCACAATAACGCCTCTCTTCTCCATCACGAAAGAAACAAAGCTCTACGCATGCACAACGAACTATGCAAGCAAAAACCTACCGTCAGCATACTAGAAAGATAAAAAGATTATCAAAATGAAAAGCAAAAAGAGGATCTGGATAACAAGGAAATCTTGCGAAAGAGGGGACTCGAACCCCTAAGGAAAGCTCCACTACCACCTCAAGATAGCGCGTATACCAATTCCGCCACTTCCGCAAAAAAGAAGACATGAAGAACCAGCTTACTCTGATTGGACTCTTTACTACAAGTAAAAAACCTCTCAGCTTACAAATTCCTATCTATTTTAAAGAAAAAATTGGAGGGTTTATCAGAGAAAACTCTTATCCTCTCTATCTCAGTATCTGCCCATACTCAAACAAAGTCTCTGCAAAAGGTCTCTGCAAAAGCCTATCCCCTTATTGTAAGAAACCACTGAATATGAGACACTCTTCCTTTCAACGATATAGATGTAATTTCTACCATGCGCTGTTCAGCTTATTGCACTGCTTCATCCTATCACTTGCACGTGCTCTTTCATCTTCTAAAAGTAAACTACCCCTCAGTTCTATCCCGAGAATACGTGCTGATTTCCTCAGAGGAACTAGATGAAAGCGACAAAGCTGCTGTTTTCTTCCCCTTTGGCGTTTGCGTGTTCTGGGGCTGGGAAGAAACTGAAGAATTACAAGTGATCCGTGCTATCACCCCATCTGCAGTCAATCCTCTTCCCAACCCAGAAATCGATAGTTACGATTTCCATTACGGAGAGAAACTCCAAATCCGTCGCGATAGGCTGGTTCTGACTAACTCGAACCTAAATACAAAACTTGCTATTTCCTTTGGATTAGCTCAGTCTATCAAGCTTACAGTTTTCGAAGAAACGATTTACAAAACGGTTGAAAACTCGAAATCTCTTCCCCAAGAACTAGCTTCCAAAGGGAAAATTTCTCTATCCCGTAAAACGATTGCAAAAAAAATCGGGGAACTGTTTCTAGATAAAGCTTCTGTGAACCTACACTCCGATATCCTTGATGAACCAGATTTCTTCTGGGAACATCCAGAAACTCAACCTTTTTACATCAATGTTTTAACCTGCCTAGACGTCAATGCTCGCGTAAACGTGCTGAATCATAGACTTGCTATCTTAGGGGACGTTCTTGAAATTCTTAATGACCAACTAAACCATCAACACTCCTCCGCTTTAGAATGGACCGTAATCTGGTTAATCGCTCTAGAAGTGTTGGTCACACTACTGAAAGACGTGTTTAACATCATATAAAGGTTATGCAAACTTCCCGGATCAGCTCTTTTTTCCGAGGGCTTGTTCACCTGTACCGTTGGGCGATTTCTCCTTTTCTCGGGGCTCCTTGTCGCTTTTTCCCTACATGCTCTGAGTACGCTCTTGTTGCACTAAAGAAACATCCGCTCAGAAAAAGCCTTTTTCTCATCGCCAAGCGCTTACTCAAATGCGGCCCTTGGTGCATAGGAGGTATCGATCTCGTCCCTAGAACTTCTGTTGAAGAATATCTCAGTTCCCCTACCCCTCTAGCAGAATCCCCTGACGACAGGACTGTGCCACACACCCAAGAAACTTCTTAGTATAGTGTGCCTCTCTAGGCAAAAGTTGAATAAAGGATTGTAAATCGCTATCAGAAAACTCATGCAACACCCAGTCCGCGTCATGTACTAACAAGAGAAGAGCTGCTAAAGGTTCCTGTCTATCCACATAAGCTTTCAGAAAACAGCGCCTCTGATGATCAGAAATCGCCGTTTGACGATTTTCTAAACAACACAGGGAAAAGAATAAGTCCTCCCCTCCTTGGATAATCATTCTTGCCAGAGAAGCGACCGAAGCAGCTTCGATTTCCGCACCAAAAAGGAGAGAACGCACATAGAGAAACTCAGGAAGATGACAAAACCGATACAGAACATCTTC
CP042797.1_gap22	926239	929953	3714	TTCCCTGATACCAAACCTGACTTCCATCTCGTCTTTCAGGGACCAAGAGATGAATCTGATCCTGCATGACTCCATGGTAAAAATACGTCTTAAATAAGTGTTGCTGTAAAGTATAGGTAAGGTATTGCCCGATAACAAAAATCTTGGAAAATTCTGAGGCAAAGGCATGAGATATAGGCACATCAATAAGCTTGTATCTTCCCCCAAAAGATACTGTTGGCTTACAACGCCAACAAGTTAACGGAGATAATCGTTTCCCCTCTCCTCCGCATAAGACAATAACTCCTACGTTATCTCGATAGAAATGCGATCGTTTTCGATTGATCTGCTCTTCTTTCGTCCGTCTACCAGCCATCTGTCCCCGCCACCATAAAAAATAATTTTAAAAATAAATTATTAAAAAAGCCAGACAAACAAAACTGTAATTATTGCATGAATAATAAATCGATTTTATTTTTAGATGTTTGAAAAATAAAAATTATCTAATTTTGACAAAAAACGGACCCATACCCTTTATAGAGATAAGAACTCTTTTCTGACTCGCCTATGCTATTCCACATCTTTGTTGGCATACCTATCCAAGAGCAGATTCTTCACCTTGAACCTCCTCTGCGGATCATTTCTTTTTATGGGAAAAGATTCTTAGGAATTTACAGTGAAACTAAAGAAAGCTTTCACTCAGATGAAGTAGCGGAACTTTTGAAGACAGCTCTACTACAATTAAAGAGGGTGGCCTTTCGGAATATTCAAACCTATCAAGCCACCCCGATCATCATACCTGAAATTCTGATCGGATAAAGACGATTCTTAATCCTTCAAGGATAACAGGAATTCTGTATTGCTATTTGTCTTTTTCAAACGGCCTAGCAGTAAATGCATAGCATCTATTGCTGTTAAACCAGCTATAGCTTGTCGGAACAACCGAACTTTCTCAAGCTCTCCAGGGTGGTACAACAATTCTTCTTTTCGTGTTCCACTCTTAATCAAATCGATAGCCGGATAGATTCTGCGATCAGAAAGATGGCGGTCAAGAACCAACTCCATATTCCCAGTTCCTTTGAATTCCTCAAAGATCACTTCGTCCATTCTTGATCCTGTATCAATCAACGCTGTGGCCAAGATAGTTAACGATCCTCCGCCTTCAATATTTCTAGCTGCACCGAAGAAACGCTTAGGTTTATGTAACGCGCTAGCGTCTACTCCCCCAGTGAGGATCTTCCCTGAATGCGGCTGCACAGTATTGTATGCACGAGCTAGACGCGTAATCGAATCTAATAGAATCACAACATCCTTACCGTGTTCGACCAAACGTCTTGCCTTTTCGATCACCATTTCAGTAACCTGAATGTGTCGATCCGGTTGTTCATCAAATGTCGAGGCGACGACCTCCCCTCGAACCTGACGAATCATATCCGTCACCTCTTCAGGACGCTCATCAATTAGCAAAACAATCAGCTCTGCGTCAGGATTATTCACAGCAATAGCATGTGCAATGCTTTGCAAGATTACCGTCTTACCTGAGCGAGGAGGCGCAACGATCAATCCTCGTTGTCCCTTACCGATTGGAGCTGTTAAATCTAATACTCGCTCTGCTAAATTCTCTTTCCCTATCTCCATGATCAATCGTTCATTAGGATGAAGAGGCGTTAGGTTCTCGAATAAAACACGCTCTTTTGCCTTATCAGGCGTTGAGCCATTAATCTTATCCACTTTCAACAGCGCAAAATATTTCTCTTTTTCCTTAGGAGAACGGATCGTCCCAACGATGGTATCTCCTTTTTTCAAATCGAAACGACGGATCTGCGCAGGAGAAACATAGATATCTTCTGCGGAAGGAAGATAGTTGTAAGTGGGAGACCTAAGAAATCCAAAACCATCCGGGAGAACCTCCAGGACACCTTCTCCAATCAAGAATTCATCAGGACGTTCAGATTTAGCCTTAACGATTTCGAACACTACCTGCGATTTCGTCAGAGAACCTACATTCTTAACTCCATATTGCCGAGCTAAAACATTCAGCTCATTAATGCCCATGCGCTGTAGTTTAGCAATCTTCGTAACTGCTACTGGTTGCGAGGTTTCTTTCTCTTCTGTAGCAACAGCACTGTCTTCACTAACTTCTTTTTCCAACGATAAAGGGCCCTCGCGCCTCTTGTGCTCCTTTACCTTTTGTAAGACCTCGGCTGGACTCTCTTCTTTCATATTGTTCCCTTTAAAGCCTTAAAACATTGTTTTACTTTGCGACGAAATTCTTCTTTCGTTCCATTATTCTCTATGACCACATCCGCTCGCAGGATTTTTTCTTCTAAAGAAGAAAAGCGTGCACACCGAAGATCGAAACTGGTGTCCGAACCTCCAGTTTTTTTAAGAAAACGCTCTTTGCGTATACCCGTATCTGCAGAAATTAAAATAACCTGATCAAACCAATCCGCATACTGAATCTCATACAACAGAGGAAATTCCACAATAAACAGAGGATACTTTTGTTCCTGAACCACGTGCGCATATTTTTCCTCAACAAAACGACACACTTCCGGATGCAAAATCTCTTCTAAAGACAGCAATAAATCCCGGTTACCAAAAACTTTTTCAGCAATGGCCTTTCTACTAAGAGTATTCTCTATGATTATCTCTGGACCCAAAAGATCAATTATACGTTGACCCACTGAGGTATAAGGAACAAGGAAACTATGAGAAACTTTATCAGCACTAATTACATAAGCTCCCAAATCTTCAAAAACCTGACACGCCTCAGTTTTCCCTGAAGAGGGATCTCCTGTAACAGAAATCTTCAATAAATCTAGCATTCCGCCCAATTTTTTCCAATTAAGACATTCACAACTAAAGGAACAGACAGCTCCATTGCAGACTCCATTTTCTCTTGAACTAGACTTCTCATCTCTTCCAATTCTTCTGCAGGGACTTCAAATAATAATTCGTCATGAATTTGCAATAATAAACGACTTTTTAATCCCCTCGACCTCATTTCGTCTGAGATATTCAACATAGCCAACTTAATTAACTCTGCAGCACTCCCTTGTATACGCGTATTTACAGCAAGTCTCCCAGAAGCAGCACGAGCTCCAGGAGAGCTCTCCCAATCGCTCAGAATACGCTCTCTCCCCAGCATTGTGGTTACTTTCTGATTCTTACTAGCTTGCTCTATCGTCTGTGTAATAAATTCTGCTGCTAGAGGATAACGCGCAAAATAGGCATCCATTAATCCCTGAGCCTCACTTACGCTAATCTTTAAAATTTTTGATAATCCATACGCCTGCTGTCCATACACTAAGCCAAAATTCACTGCTTTAGCCTGATAACGCTCCTGCTTCGTAACCTGCTCCAAAGGAACATTGAACACTTGCGAAGCGGTGAATGCATGAATATCCTCGCCAGAATTAAAAGCTCTCTTCAACGTCTCATCCTGACTAAGGTGGGCAAGAAACCGTAACTCAATCTGAGAATAATCAGCAGCTAAAAAATAATCATTGTCTTTTTTAACTCGAAAAGCCTCTCGCAAAGATCTCCCTCTTTCAGAACGCACAGGAATATTTTGAAGATTAGGATCCTGACAGGATAATCTGCCTGTTACCGTTCCTACTTGGTTAAAAGTTGGATGAATTCGTTGCGTTCCCGCATTGATCTGCTTAGGCAAAGCTCGAACATATGTAGACAACATTTTCTCTGTAGCACGGAACATCAAAATCTTGGGAA
CP042797.1_gap23	1015827	1017257	1430	TGCCGGAACGATTCGACCTGAAGTACACAAATGCACAAGGAGAGAAAAGTACACCTATTATGCTCCATAGAGCTTTGTTTGGATCTATTGAGCGATTCTTAGGCATTTTAATCGAACATTTCAAAGGACGGTTCCCTTTGTGGCTAAGTCCAGAGCATGTTCGCATTATTACCGTCGCAGATCGCCACGAGGCTCGTGCCCAAGAATTGGCAAAACATTTCAGCCAAATGGGAATCATTGTCTCTGTTGATTCATCTAATGAGTCTGTCAGTAAGAAAATTCGCAATGCGCAAAACATGCAAGTGAATTACATGATCACCATTGGAGATAAGGAATTAGAGACCCACTTACTAGCAGTGCGCACACGAGACAATCGTGTGTTGAACGATATCGCTGTCGAACAGTTCTCTCATGTTATTCTTGAAGAGCTTCGCTCTTTATCCTTGACTCCTTCCTTATAGAAGGCCGGGCTTGCATAGATTCTGCCTATGCAAGCCCATTATTTCTTTTCACACATCCTCGCCAATCTCCTTACAAACGATCATGGATTTCAAATAGCCGAAACCTTTATAACATGTTCGCTGTAGCAAAAAATTCTAAATAAGAATAAAACAAGCAGGCCCAGGGCTCTAAAATCTCATCGAGTTAACTATACGATTTTTCTTCCCATGGTAGTTGCTACAGTAATCCTGTTCCGTTTACAAAAGACTTATCCCTAAAAATAGACTTTTCTACCGGAGGGATACTGTACCCAATAATATAGAAAAGAGGTATCTGGAGAGCTTTCTTACTTTATTCATCTCCTTTAACCTCATTCGTCCATGCTTATGGACAAATCAATATAAAGGAATTAAAGCAACTAAAAAGGAGCGAGGCTTCCTCCCCCTACAAGGGCTTCACCTCGTGATAAACATGAAAACAATCGCTGTTAATAGTTTCAAAGGCGGCACAGCAAAAACCTCTACAACCCTCCATTTAGGAGCCGCATTAGCGCAATATCATAAAGCACGCGTTCTACTCATCGATTTCGATGCACAAGCGAATCTTACGGCAGGATTAGGCCTAGATCCTGATTGTTATGATAGCCTTGCCGTTGTTCTACAAGGAGAAAAAAACATAGAAGAGGTCATCCGTCCTATTGATTCCTCAGGATTAGATCTCATCCCTGCCGATACTTGGTTGGAACGTGTGGAAGTCTCTGGATCTTTAGCTGCTGATCGTTATTCTCATGAACGATTAAAGATTATTCTTTCTAAGATAGAACATCGATACGACTATGTCATTATCGACACACCTCCTTCTTTATGTTGGCTCACAGAATCAGCTCTAATCGCTGCTCAGCATGCACTCATCTGCGCTACACCAGAATTCTATAGTGTTAAAGGCTTAGAAAGGCTTGCCACCTTTATTCAAGGGATCTCATCGCGACA
CP042797.1_gap24	1018397	1020347	1950	AACTGCGCACAAGGACAACAGGAGCTTGCAAATTTTTTATTTGAGATGTTGATCAATGGGAAGTTGTTGCAAGAGCTACCTGCAGGACAGAAACAATCTGCACAAAGTCTAATTGTACAATTTATGATGCCGATTCGTGTTGCGAAGGATATCCATGAGCGCGGTGAATTCATCAATTTCATTACTTCCGATATGCTAGCTCAACAGGAACGCTGCGTATTTTTAAACCGACTCTCTCGAGTTGATGGGCAGGAATTTCTACTCATGACGGATGTACAAAATACCTGCCATCTCATCCGCCACTTACTGTCTCGTCTGCTTGAAGCGCAAAAAAATCCTATCGGAGAAAAAAATCTCCAAGAAATCCAAGAAGATCTCGATTCTTTACGCGCTCACTTTGAAGAATTAACGAAATCTGTGTAATCTATTCCTAACAATCATCTTTCTAAAGATGATGTTACACAGCCCCTGAATCAGACTATTTTTAAAAAGCAGGCTTTAGGGGCTTATTTTTCGTAAAAATCCAGAGATGTCTTGCATCGATAAATTAAGAATTAAAGAAAAAGCAAGGAGCGAGGTTTTTTCGCCTCGTGAGTCAACTATGAAAAAAAAACGCGTTCTTACCGGAGATCGCCCTACTGGGAAACTTCACCTAGGGCATTGGATCGGCTCCATTATGAATCGTCTCCAGCTACAAAATGACTCTCGCTATGATTGTTTCTTCATTATAGCAGATTTGCACACGCTAACTACTAAAACGCGCAAAGAAGAAGTCCTTCAAATAGATAATCATATTTATGACGTTCTTGCCGACTGGCTTAGCGTAGGAATTAATCCTGAAAAATCCGCAATCTACCTGCAATCGGCTATCCCTGAGATTTATGAATTAAATCTCATTTTTTCCATGCTTACCCCGTTGAATCACATTATGGGTATTCCTAGCATCAAAGAAATGGCCAGCAATGCTTCTCTAAATGAAGAAAGCCTATCGCATGGACTTATAGGATACCCTGTATTACAAAGTGCAGATATTCTACTTGCTAAAGCACATCTTGTTCCTGTTGGGAAAGATAATGAGGCTCATGTAGAGCTGACTCGTGATATTGCCAAAACATTCAATCGGCTCTATGGGGAAGTGTTTCCAGAACCCGATATTCTGCAAGGAGAACTGACAGCCCTTGTAGGAACCAATGGTCAAGGGAAAATGAGTAAATCCGCGAATAACGCCATTTATCTTTCGGATGACGCAAAGACAGTACAAGAAAAAATACGAAAACTATACACGGATCCTAATCGGATTCACGCGACAACCCCAGGAAGAGTGGAAGGGAACCCTTTATTTATCTACCACGATCTTTTTAATCCTCATAAGGAAGAAGTAGAAGAGTTTAAGACTCGCTATCGTCAAGGATGCATTAAAGATGTAGAAGTAAAAGCTCGTTTAGCAGAAGAAATCAATCTTTTCTTAAATCCTTTCCGAGAAAAACGTAGTGAATTAGTTGCTCAGCCTAAATTTCTCGAGGAAGCCTTGCAACAAGGAACGGAAAAAATGCGTACCGTAGCTCGAGAAACCATGGAAGAGGTGCATGACCATCTAGGATTAAGCCGGAAATGGCGGACTATTCTAGCCTCTTCTAAATAAAAAATCTTAACAACTATCCATTGTGTGGGAGGAGGAGTTCTGAAACAGCAATTTGTATTACATGCTCCTTTCCTCCCTTGTGGAGATCAGCCCGAAGCAATTCGCAGACTATCCCAAGGGATTACAGATGGAGTCCCTGCACAAGTTCTCTTAGGAACCACTGGATCCGGAAAGACTTTCACCATGGCAAATGTTATTGCTAACGTGAATGTTCCCACTCTGGTACTTGCTCATAATAAAACTCTCGCTGCCCAGCTGTACCAAGAATTTAAAGCCTTCTTTCCAGAAAATGCAGTCGAATATTTTAT
CP042797.1_gap25	1060575	1061360	785	GGAGTACAGTATCTTCGCTCACGATCGTACTAGCCATCGTACATTCAGCCACTTCGCAATAAGCTGCCATGTAAGATATAACGTGGGCTAATGTTTGTGCTGTATGGGCATTGTTAAGTTTTAAAAATTTATCCACATATTGCGTTATAAGACTAATCCCCGCACTATCTAAAACATCAGTTATCTGCGAGAGTGCTATAAGCCCAGCATAACACTCCATAACAGATGTCAAGCGTACAGAAGTAAATTTCTGGTTGTCATTGAGGCGCTTTACCCCTTCCAGCATACTCTCTAACGATGCTTGTGCTTGTAAGAAGGATGTCTTTTTAACTTCTAACTCTTTAATTTGCTCTTCTACATTAGAACGTACAGATTGGAGATTCTGCGTGGCTTGTTGAAAGGCTTTAACCACCTCTCCCTTACAGATTCCTGCATCTTGCCTGGTCAGATAGTAATCCATCACCTCTGGAGGAGGTAAGGCTGCTTGTGTGTAAATAGTATTGATATCAGTATCACTTAAATTAGAAGATTGCTTCGCAAAAGGAATCATTTTCAACACAGAATCAATGACTTCTTTAGATCCACCTAAAGCGGGTTCAACCTCCATAGCATTATTGAAAGCTTCCATCCAAGCTTGAAGCACTAACTTTGCGTTAGCATCGTTTATGTTCTCTTTCGTCAAAGAATCTGGAACATCCAGACCTAAATTCAAACACTGGTCCAGCATCTCCTGGATATTTTCTCCTATGCTTGCTCGATGTTTCCACAAAGCTTCCTTTACATGT
CP042797.1_gap26	1075837	1079323	3486	CTTCCAAAGTCTTCTGCAGCCAGGTTAGCATAAAAAGTATTTATTTCCATCCACAAAACACATTTTTGCACAACATCTCTAGCGGCTCCGAACACTCTAATCCCCTCTCCTGCAATAGGTGGAGATTTTTAATACAGGATTCAAAAGAATGGTCTAGCAACTCTTTTGCTGCCACCTCTCCGAATAATAACGCATAGTTCATATGTTTCTCTTCCTGATCATCTTGACTAAGATCGGCAAGATCATCGCGTATTTGGAAAAGTAACCCAAAATGTTCGGCAAATTCAGCTACTAAAGTGGAGCTTTCCCGTTCTCCTCCTCCAAACAACCATCCTGATACGCAAGCAATTTCAAAAAGAGCTCCTGTTTTCTTTTTAATAATCCCTAATACGTTCTCTTTGGAGAAATCATGAAAAAATACATCTTCATATTGTCCTCCTAAAATTCCTCCTACGCCAAAACGCAACTCAATCAGCTCCAAAATATCTTCGTAAGCCTCTTCCACATCTTGTTCACAAGAAACTACAGCTTTTAGCGCTTTTGCATTCTTACGAATTCGTGCATAAGCAGCTGGAATAAGAGCATACGAAGCCAGGAGAGCCGAAGCTTCATCAAAAGCTTTGTGAACCGAAGGCTTGCCTCTACGCATATCATCATCGTCCATACACGGCAAGTCATCGGCTATTAACGTAGATGTATGGATATACTCAATAGCAATGGCGGTATCCAAGACATCTCGCTCTTTATGGATACCTTCCGCAAATAAACCAACAAGCAAGGGACGAACGCGTTTCCCCCCTCCTAAAAGGGCATACTCTATTGGGTCTCTTAATCCACCCTGAGTGTTACCGAAATCTCCCAAAGAATCGCGAAGCTTTTTTTCTACTTTCGATCGATAAACGCTGAAATAATCCATATCCAAGCAACTGCCTTCTTTTTCTCATCAACCTTTGTTTGACAAAGGTTGTTTCTTAGTAAATGGTTTGATTAGGAAGAATCTTTGTAGCACTGGCTACATAACATCCTGGATTAAGTACGGTATTACACCCAACACTTACTCCTCTACCTAGGAAAGCTCCTAACTTTTTCCGTTTTGTATCATAACGCTCTCCAGAATGATGGAAGAAAATGGTTTTGCCATCTAATCTAAAGTTTGCACAACGAACTCCTGCCCCTAGATTCACTCTGGAACCAAAAACAGAATCTCCTACATAAGCAAAGTGAGCAGCTTTCGCGTGATGCCCTAAATAGCTGTTTTTAATCTCAGAACAGTGTCCTATAACGCAATGTGAGCTAGTTATTACACCGCCTCGAATATATGCACCATGACGCACTTGCGTATAGGGACCGATAATACAAGGACCACAAATATAAGCCCCAGATTCTACGTAAGCTCCTTCTTGGATTTCGATAGTCTCTTTATTTTTTAGATACACCCCTTCTTCAAGATGCCCATGGATTCCTGAAAAAGTATGAGAAGCTAGTTTCTCTTCTAACAAAGTCAAAATAGACCAAACAAATTCAGCTTGGCTTACGATCTCTGGATAAAGAAACTCTTCTGGTGAAAATAAGGAGGCTGATAAAACCATAACTAAGCTCCTGATACAAGCATAGCTAGGTATTTAAACACCCCCTGGGGTTTTAAGAAAGCTTTGTATCTTGTTGAGAGAATTTTTTATCTCCATCATCTGAAAATAGATACCCAACACCTCGTAAGGTGACAATTCTACTTCCATAAGCTCCTAACTTTTTCCTTAAAGAAGCTATGTGTACGTCTACATTCCTTGCTACAATCGCTTTGGCATGATTCTTAATTTCTTCAAGAAGATGTTTTCGTAAACAAAGTTGTCCTTTGTTAATAAGAAGTCGTTTCAAAATACCAGACTCCGATGGTGTTAAATGAACACTCCCTTCTGGAGTTTCTACTGTGAGCTTCAATACATAAAATACATTAGGCCCAAAACGAATACTTTCCGGAACAGAATGTAGCGAATGCTGAGAAAGAAACAAGCTGATTGCGGATTTTAAAATTCTAGGAGTAATAGGCCGAATTAAATACCAAAAACCACGATCCAAAAGATCAACACTAGTTTCTTCATCAAAAAAATCTAAAAGAACTAAAACAAAACTACCTTCTAAAGATTTTGGAGAACGAATCTCTCTTGGAAGCAATGAATATTCGCAGACAACCAAGTCTGCGGACAGTTCTTGTTTATATTGCTGCCCAATAGTGCACCGATACTCTTCAGGATTAAGCAATTCTTTTGTTTGAAAAAATAAATCCCAATGTTCACTTACTAGTAACACATGTTTAGGCCCCGCCATATAAATAAACCCATTGAACTATTAGATTACCTAATACAACAAAAATAGTTTTTTCAAAGAGCCTCAGAAAAAAAAAACGATATCTTCAGACTTTTTTTCAAGTTTAGACTACACTTGTTCTGTGATAAACAGCTCATTCTCTGCTTTATCTAGTTTTTGATCGAAAAATTTGAGAGAAAATGAAAACGTTAATTGATAACAACATCGTCAGATTCAAAAATATTTCTAAAACCAAACAGGGTATTTTCGTTAATTTTCAAGTTAAAGGAGAGAGAGGGGGGGCTTCCTTTACAGCTTCTATAGCCGTTGATATCGATGCAGCTGATGTTTCTGCAGGAGATTCTTTAGAAACCATTATAGAACGCTGTGCTCTTATTGGTATTCGGGAATTTCAAAAATGCGAGTTTCAGTTTGAAGGAATTATTTGTTTATAACAGGTTTCCAAAAACTTATATTCGTTGTATTTAAATAGCTTGACTTTGAAAGTTTTTACTGTAAAACTGTGGTCGGTTAATACCCCTTATTTCTATTTTCTGGATGTAGCGCAGCCTGGTAGCGCACTTGCATGGGGTGCAAGGGGGCGGAGGTTCAAATCCTCTCATCCAGAACTTTCTTTAAGACTTTTTACGCGATTCTTGTTGTAATCTTCCTAGGTCAGTCTCTGAGTAGTCGACAAACTTCAAGAACAGCTCGTAAGCTGGATGAAACTGAATAACCTCTCTAGCCATATCTATAGCAATTTTACGATAGCTTTCATGCCCTTGTGGTTGAGAGCGTAACTCACAAAGCCACTGCAAACCTCTAGCGTTGATATGGAAAAGCCATCGAATATTGTAAGCTAAAGGAACCACATATTGTGCTTCTTCTGGGAACTCTTCTGCTATTAGACGATACGCTTGATCAGCTTTTTCCATAGCTCCTCTGAAGGGAGCTTCCATAGGAGTGTCGATCAATTGTGAAGGCATCGTGTAACCCAATTTTGTCGTCAAAAGCTGTCTTTCTTGAGTTAGGATACGATGTCTTTGTAAATCCCGATAGGCTCCAAAATCCGCTGTAATATCAAAAGCAAACTCAGCACATTCCAATCCGCGAGGGGATTTGTGCCGCCGATTCTCTCGGAAAGAAGCTCCCGACTCTAAGATACGCATGAGATCTTCATTA
