gap_id	start	end	length	sequence
CP047919.1_gap1	2089	5036	2947	CACCTATAATAGTGAGTTGTATCTAGCGGCCACGGACGGTTATCGGCTAGCGGAGAAGCGGCTGATGAAGTTTGATGGCGAAATTACAGCCATCGTACCAGCATCGACATTGCAGGAAGTGCTGCGGAGCCTCGACACCGAGACGAGTGATGTAAGTTTGTTTTTTGATGAAACGCAGGTTGGGTTTCGGACGGATCACCTAGAGATTGTGAGTCGGCTGATCGATGGCAAGTTTCCCGACTATCGTCAATTAATTCCTAAAATTGCCGAGACCGAGGTAACGATTAAGAAGGCTGATTTTCTGCGTATTACCAAGGTTGCTAGTTTATTTGCACGTGAGTCGGGCGGCGGCATTACTCTCACGGCTAGTCACGAGCAAGCGCTACTATCAATCCATTCAATCGCCTCGGAACTCGGCGAGAATACCTCTGAGGCTAGTGCCGAGGTGTCAAGCGACGGCGAAATTACGCTTAATTCTCGCTATCTGATTGAGTCGCTTGGCGTCACTGATGGCGAGACTATCACCTTCTCGTTTAGCGGCAAACTGTCGCCATGCGTTATCCGCGAGCAGACCCCTACGCCGGATTGTATGCATATTGTTATGCCGTTGAAGCGCTAGGTTAGTTGAGTGATCGACCGTCTTGAGTAATGGCAATTCGTCGATCATTATTGTAATCAATAGTGATATTGTAGGCTAATTTATCCTCAACAGTAACAGTAAATGATAGCGTATTTTTTCCTGATGATGTATCACGTACGATGTCTTTTATCGTTGTTTGTGTAGCGATACGTGATAGTTTGTGGTCATAAGAATAATCGCTCATGATTAGCTTCTCAATGTAGTCAGTGTCATTACCGGTTAGTTGGTCAGATAATGAATTGCCGTACTGATCCTTTTGGCCGCTCCAGTTGACAACTAGATGCGGGCTTCGTAGTCCACGCATTCGTGAAAAGTCATCATTACAGCCAAAATAACCGTATATTAGCTGATCGGTTGGTAGGCATGAAACGGTTGTGCCATATTGATACTGGGCATCCTCGTCAAGATTGGTTTTTTGTGACCACGTATATTCGACAAGATACGACTGCTGTAGGCTTTTAATATCAACAATGAAGTTAACGGTGTGGATGTCTTTCGCTTGATCGCGAGTCTGCTTGAACGACCCATCGCGGATAAGAATGTCTTTGATGGAGTTGTCTGGTAAATTGCCAGTGTAATTGTTACGGATAGCGGTATATAATGCGTGACGGATTGTTTCGAGGGTTTTAGTGTCGGTCGGTTTACCATTTGTATACGTTCTGAGGTTTTCAATGTGCATCTCTCCACCGAGGGGGTTGCGCAGCAGCAGTATATAGGCAATTGTAGCGATAGTAACAATGCCGATAAACCCCGAGATAATGAAAATTAGTTTTTTATTATAGTGCAACATTGCCACCACCTCCACCTGTGCTTGCTCCAACATAATTTGCTACTGCCGACATATCAACTTCTGGGTAGGCAAACTCATCTGGTAGGCGACCGAGCCATGCCTTTGTCTCGTTGATCTTACCTACGCGGATGAAACCAGATCCGCCACCCGATTGTGTACCATCACCGCGCCCCTTACCGGGACCACTACAGCTTGCTTGGCCAACGATAACAGTATCACCGTGAATGCCGAGGACGACACCAGTATGTCCATACCGTCCACCGTTCCAGCTAAATATTGCTCCAACCTTTGGTGTTTTGCCGGTTGGCACGCGCCTGTTACTCCTTAAGTATGACACAACCGCCTCTCCATTTCCGGGTGTATAGACGCCTTTTGTAGAAGTGAACTTGTTTAAAAAGAATACAGAGAACGACACACAATTCGAGCCGCCACCATTACAATTATTCCACAGGTAACCACCCATAGCCTTCTGGCTTTCATTGTTCTTATTTTCGCCGTAATTCATCATGAATTTCTTTGCCTGCTCTTCGTTGAGGCCGCCTTCGGAGATAGTGCCGCCTCCACCTCCACTATCATCACTGCAGTTAGTAGCGGCACCAGAAGCCGCTGCGGCTGCGATAGAAGGATCTGGCTCCCAGCTCATGGCTTTGTTAGCATAAGCTGCGCGAATATCGGTTCGTGGGATACCAGCACCAAAAAACTTCTTTACCATAATAGAGGTTGCCTCGTTTACGTTGCCCGAGGCCGTCATTTCGGCAAGAACGTTTTTACGTGAGGTCGGTGCAAGATTCTGGAGCTGCCACCAGACGATAGCTAGTTGCACCTCGAGGCTGGTAACATCACCCTGGACGCCAGCCTGCTGTTGCCAATAAAGAACGGCTACGCCCGGGTCCCATTGGGCGATTCCCCAGGCATCGCCCATACCAGCCGGTTTACTCGGGTTCCACGGGTGATACTTACCGCCGGCCTTGAGCGGATTTGGCTCGGAGCCTTTATTTTGACGAAGAATTGGGTTACCTTTTGACTCCTGATATAAATTACCAACGATTGCTGCTGCAACAAACTTTGGTGCACCTTTGGATATAAAATAATTAAATGCTTTCTTTAGATTATCTTCACCGACCAACTCTCCTGCGGCATCGCCCGCCCGCTGTGCGGCATTTGGTGAACAGTTTGTATCTTCAGAATTATTACTAAAAAGGATACTATTGTCTTCAAATGTCGCGCGCAGTTGGTCGGTATTTAGTTCGGCAAATACCGGTGAGCTCCCAAAAAGCAGCGAAATAATTGATATAACGATAACAACCCTTTGCAAGACTAATTTTCGTTCCATAATTTCCTCGCTCGCTCTCTCGCGTTATCCGGTAGTATGTTACCGTCAGTTGTCCGCCACGCCTCTCTGCCGGTTGAGTATGCGATGAGCTGTAAATTGCCGCGATCATCTTTCTTTAATATGACATATAATGTGCGCGATGGATTGGTGGTCGCAACATTGGCGGCAATTGCTTTCAGAAAGA
CP047919.1_gap2	34030	38816	4786	CGAAATGGGTGACGGTGGTGCGGACGGCTGAGGAGGTGAATCAACTACTTACTAATCAGCCGGAGAATGTTGATAGGTATCGGGCGATTCATCATATTGGCGATGTGCAGGGGTGCTATACACCACTCAAGGAATATTTCGAGCGGTATCCGCTTCGGGATGATGAACTGTATATTTTTGTCGGTGACCTGTTGGATCGCGGCACGGAGAATGATGCGGTGGTGCGATTTGTTTGTGACGAGTTGCTTGACCGACCAAACGTGCGGTTCGTCGAGGGCAATCATGAGCTATATCTCTGGCAGTGGGCGACTGACCAGCCGGTTGCGGCGCGGGTATTTAGTGAACAAACGCAGCCACAGCTGGAGGCAGCAGGCATCGATAAGCGCAAGGTAGCGCGGCTGCTACGGCGGATGGATCAATATATTTTGTATCAGTTTCGAGGCCAAACAGTCTTGGTGACACATGGCGGGCTTAGTACATTGCCGGAGCAGCTACCATTGGTGGCGACCAACCAGCTGATCCACGGTGTGGGGGCCTATGACGAGGCTGGGGCGGTGGACGATGCATTTATGGCACAGACTGACGACGCGACGTTTCAGGTTCACGGACATCGCAATAGGCAAAATTACCCCACGCGGTACAACGAACGTTGCTACAATTTGGAGGGAAAGGTTGAGTTTGGCGGCGAGCTGCGAACGGTGCGGCTGGACGAGAACGGCATGATGCCGATCGCTATTCAAAACCAACGAGCAGCAGCGCGGCTGTATCCGGAAAACGCAGCGTTCCTAAGCCAGCTGCGACAGAATCGCTACATTCGTGAATCAATTCTGCCGGGCGACATCAGCTCGTTTAATTTCAAGCCCGAGGCATTTTATCGCCAGGCATGGACGACGCAAACGATGCGGGCGCGCGGACTATTTCTCAATACGCTGACAAACGAAATCGTGATTCGGGCCTATGATAAGTTTTTTAACATTGGTGAGCGACGCGATACTGAACTAGCGGCGCTGGAGCAGACGATGGTCTTTCCGGTGCGGGCGTGGGTGAAGGAGAATGGCTTTTTGGGGTTGGTCGGGTATGATTCGGCGGCGGGTGGGCTGGTGATCGCGTCAAAGTCGACGACCGAGGGTGACTATGCGGCAGCCTTTCGGCGAGAGTTTTTGGAGCAATTTCGAGACAAACTGCCATACGTCACTGATTATCTGCGCAGTCATAATGCGTGCCTGTTGTTTGAGGTGGTGTTGCCGCGATTTGACCCACATATTATCGCCTATGAATCGAACAAGTTGGTACTGCTCGATATCGTCAAGCGGCAGGTTGCATACGAGGCGGTCGACCGGCAGGAGCGGGAGCGATTTGCGCGCGAGATCGGGGCGGACAGCAAGCGTCTGGCGGCGGAGTTTTCATCGTGGGGCGAGTTTGCGGCGTGGTTTGATCAGCTTCAAGGCATGGCGTATCAGTGGCAGGGCGAGTGGATTGAGGGTTTTGTAATTGAAGATGCTGGTGGCCATCAGGTTAAGATCAAGCTTGATTATTATACCTTTTGGCGGCAGATGCGAACAGCGCTGGCGGCACTGCAGGCTGGTCGGCAGCCATCAACGAGGCCCGATTGTCCCGATCCGGCGCTGGCGGCGCGGGTAATTGAATATATGCGGCAGCTACCCGCCGAGGAATTAGCGCGGATGGACATCATCGCGCTGCGGCGACGGCTTGAGTAGGCGAGGGGTTGGTCTATTGTTGCACGCAGAGCGGTCTGGTACAATCTTGACATAAGCATAACGGAGGGGGCGCTTATGTGGAAACGTATTATTAGTGTTATTGGGGCTACGTTGGCGGTGTGCATCGCGGTGCCGGCGACGGCTGGAGCGGCTTCTGAGTATGATGATATTATCAACAAGGTTTCAACGAAAACACTGATTCATCACATTGATAATTATTCAGGTAAAACCTGTGGAAGTCCTGATGACGATTACGCGAAGAAATGGCTGTTTGCCTTTAAGCAAAAGAGATACTATCAAGGCGACCCCAAAGATCATCAGGCAGCGGTAGAAAGTTTAGAGCGCGCTATGTCGTCGCCAAAGGGTGCGTACGCGATTGTTTATGAGCAGAATAACAAGCATAACGACACGTCAAACCCATATTTCATAAAAGTTTTTTGGACAGAGGACGGCAAAGACGACTATACGTATCGTTTTTATAAAAATCATCAAATAAGTGGAATTTATCTTACAAAAAAAGAAGGTGATCGGTCAAAGCTCTATGTCGCTACCGTTGCCAGCCCTAAGTTGATTTTAGGAGGTGGTAATGGTAGTAATTGTGCCCCTGAATACTTGTGGGGATATAAACATTCGCAGGCTTTTGTATCTGATATGAATATATCTGTAGGATCAAATAAAAAACTCTTCACGTCTACGTTTCCTGTTAACTATCCAAGTGGCTATGCAGGCCCCAAGTTTCCGGACAATCGCTCAGCGATCGGATGGTGGCCAGACTCGTCTCAATATGATGATTTTACAGACAAAATAACAGTAAAAAAATTAATAAATTACATAAATTATCACAAGAAATTTTGTGCACCATCAGACTATTCTAACAGTTGGTTTACAGCGTTTAAGTATCCCAATATTCCTGACAACCATAAGTATCATAAAAGTTATATGGCAAGTCTCGAACGGGCGATGGCGACAGGAGCGTATGCTGTTGCTTATGAACAAACTACGGTTAATGGTAAAACAGTAAACCCCTATTTCATAACGGTATTTTGGTCGGAAAATAGAAATGACTTTCATATTAAGTTTTACGGTGATGCTCCGTACAGAATTGCTACCATTACACATAAGTGGGGCAGCAGTGCAAAGTTGTACGGTATGATCGCAGGTAGCACTGGACCGCTCTGGGGACGTGGCGGTTGTGAAGTTGAGTTTTTGCAGGGAAATTATCTAAACGGCTATATACCTACTGCTCGGTTTAACGAGTCGTATATACCGTTGAGCGGTGGCAATAATATGAAAATCTTCACCTCAACCTTTGACGTCGAATATCCAGACGGTTACAAGGGTAAGCCGATTCCTGGCGATCGACGCAATATCAAGTATCTCGCCCTCGGCGACTCCTTCTCCAGCGGCGAAGGCGACACTGATAAAAATCCAGCGACTGGCCGGAAGTATTATCGCCAGTGGACGGATGTGAAAGAAGATAAGGCGAAGGGTGCGCCAAGGGAAAAGTGCCATGTCAGCACGCGTTCGTATCCGTACAAGCTGGCGAACTGGATGGGGCTGGGTAGCGGCCCGTCGGCGGCGTGGGCGTCGGTTGCGTGTAGTGGGGCGACGGTGTATGACATGAATTGGGACAACTCGGGTGGCTATGAAGGGCAGGACAGCCCGCTCGGGCGGCTGCACGGTTATGACAACAAAGGAGTGTTGCAGAAGATGGCGCTCAACGAGATGATTCCAGGGCGCGTCAAGCAAATCGAGTTCGTGAAGAAATACCAACCAAAGGTGATCACGCTGACGGCGGGCGGGAATGATGTGGATTTTGGAGGGAAATTATTCAGCTGCGTTCCGTTCCCCAATACGTGCACCTGGGCAAAGATAGAGTGGCGCAACAAATTGAAGAGTGACATTGTAAATCAATTCGACAGACTAAAAACTTTGTATGAAGAACTCAGGAAAGCTTCCGGTAATAAAGCAAAAATTTACGTATTTGGATATCCACAATTCGTAAATGGCGCTCCAGATGCGCCATGTTTTGGGCGCGGTCTTCTCTTTTTAGACGCAAGGGAGCGTGAGATGATTACAAATTCTGTAACTTACCTTAATAACACTATTAAACAGGCTGCGAAAGCAGCTGGTGTCAAATATGTTGATATAGAAAACGCTTTTGGAGATCACTGGCTTTGTGGTAACGGTGACAGACACGTTAACCCACTCTTGCTGAATGAGATGATTGTTAGTAGAATTCCAGATCTTCGACTTCCTTGGGTAGAGTTTCAAGAAAGCTTCCATCCAAACGCCAAAGGCCACGCCGATATTGCTCGTGCTTTTAGGAAAGAGCTAGGTGGCGTTAATCCTGCAGACTATAAAATCTGTAAAAATGACGCGACAACTTGTCCTGACAACTCTGCGACGAAGGATAATATACCAGCACCTCCCTATTTTAACGTTGCTAATGAACAGGAAGACATAAAGTTTACTTATTATAAACTATCCAACGGGACAGCAACAAAAGTTCAAGAAAAATATATAGAGATCAAAACATCCAGACGCCCGTACAAGCCCTGGAAAAAGGTATACGTAAAGATTTACTCTGAGCCAAGAGATTTGGGCGAGATTGAAGCTGATAAGAATGGTGAAATTAATGGATCTGTGGCGCTGCCTGAGGATTTGCCCGCTGGATATCACACGCTGGTGGTGTCTGGCGAGGCTCCAGATGGCAAGAAGCAGGAACTGTACCAAACCATTCTCATTAAAGGTCCAAACCCCGAGGATATTGATGAAAATGGTACGCCGGACAAACTTCAACCCTGCGGGGCTTTCGCTCAAGCTGCTAATAAAGACGAAGACCTTGACGGCATCGACGACGCCTGTGACCCCGAAGTCACCGACCCTATCCTCTACACTGCTCGCAACGGTAAATCGTCGCTTGGCGAGGATGAGGATCGGATTTATCTCTTTCGCAATACGCGAGCAGCTAATCTGACTGGTGTCACAAACGATTACGTTGACAAGTCAAAAAACCAGAACAACACTGATGCGCTGGTTGGGCATACTTTAAGCGAAGAGACACG
CP047919.1_gap3	66529	71110	4581	TATCTGATAATCTCCTGAGAAAAGGAGTTGGAAAATGCATGCAGTAAGTTCTGAGTTACAGCAATATATGACCGGGCTAACGAATGAGATTTCGCGCGGTCATTTTGATGAGGCTGTGCGGCTTGGCGAGAAAGCGCTGATAATGGAGGAGCTGCATGGTGAGGGTAACGAGTCACTACTAGGGGAGGTGTACCGCAATATGGCCGCCGTAAGTGATCGTTTGGGCCGAACTGACGCGGCGCTTAACTATATCGATCAGGCATATGACATCCATGATATAGCAACTAACAATGACCCCGGGATTGAGACGCTACGCGAGCGGTCAGCCACGGCATCGTATGTTGGTGTGTTTGCTTTAAAGGCGTATCTGTTAGCGGAGGGTCGGGATGAAGCGTTGGCGGACAAGGCGCGGCTCATGACGCGGCAGGCCGAGCAGGACATGGCAAAAGTAAACCAGCTTTCTAAAGAAGAGGACGCTGACCAGTACGAGATAAATATGGCATCCCGCTGGGGTATGGTTGAAAGTCTAGTGGGTGACAAGCAGCGAGGCTTGGCGCTGGCGGGCCGGGCAATTCGATTGGCTCGGCAATCAGAGCGGGATCAACAAAAGGGCTTGACTGGGCGAGATGTTCTCAGGGCGCGAACACGAGCGGCGCTTCGTGGTATGGCGGCCGTGGCGGTAAATGCTGCGAGCCGATTTGGCGCGACGCGGGGCATGGCTGAGAAAATTGCTCTCAAGACATTGTGATTGTATACTGAGAGCATGACCCATAAACAATTTGAAGAGTTTATCCTGAGTTTGCCCGGTGTGTGGCTGGATTATCCGTTTGGCGAGGATGTTGCGGTGTATAAGTTTGGTAAGAATAATGACGGCGCAGGGAAGATGGTAGCCCTGGTGGCTGAGGGCTCGAAGCCGCTCAGGGTTAGTCTGAAGTGCGACCCACTACTGGCTGAGAATCTCCGCGAGAAGTACGAGACGGTGCTGCCGGGGTATCATCTGAATAAGAAGCATTGGAATACCATCATTTGCTCGGGGCAATTGAGTGATGAAGAAATTTTTGATTTGGTGCGGCTAAGTTATCAGCTGGTGGCGGAGTGAGTAAAACAGCATAAACTGAGTGCCGGGAGAAATAGTGCTGCTCCGACCGACTTGTGCCGCATCGTGCGTGGTTATGACTTGTCCGAATCACCGGTGATCGCCATGAGCTGCTTGCGTACGTTGGTGAGGTCGGAAATGGTTTTCTCAAGAAAGTCAATTGTGCTTTTGCTGCGCGAACCCTCTTTGATACGATTCATCATCAAGAGCGTATCAGCCAGTTCGGTATTCATGGTGTAGGCATAGGTGTTGTCGAGGTCGGCATTGAGATAGGCCTCCTCAAATTTTTCCTCGAGTTTTGTCGGTGGGTCGAGCGCGGTGATGTTTTTGAGGTCTTTTTTGACGTCGATGTTCTGGGCGGCGGCCGGCGTCTCGATGGACTTATTGGCAGTGGTGAGTACGGCTGTGAGCGAGCTATTAGCGTCTTGGAGCTGGCTGGATTTGAGGCGGGAAGTAAATTTCTCGGAGACGGTTTGGAGTTTTTGTAGACGAGCAATGAGGTTATTTAATGAAGGGCCGCGGGAGGCGTTTTGGGTGGCGTTGATGATAAAGGCCAGGCCGAGTAGTCCAATGATGCCGAGAACGAGCAAGATAATTTTTGACTTTTTATCAAAGCCCTGCGGCGCTGGTGGTGCAGAAATCTGATTGAGATAATCAATACCGGTTGGCACGTCATAGTCATCGTGTGGCTGCATATACCCATTAAAGCATAAACAACAACAGAGGTAAAGAGTGATATAATAAAAACCATGCAAGATGCCAAGGAAGAAGTGCGGGCGCGGCTAAATATCGAGGACGTGATCGGCGAATATGTTCAGCTGAAGCGGGCGGGTCGTAATTTGAAGGGACTGAGTCCATTCACTGATGAGCGGACGCCGAGTTTTATGGTCAGTCCAGAAAAGCAGATTTGGCATGATTTTTCTTCGGGCAAGGGAGGCGATATTTTTACGTTCGTGATGCTGGTGGAGGGGATGGATTTCCGGCAGGCGTTGGAACATTTGGCGCGCAAGGCAGGCGTGGATTTGAGTTTGTTTTCTGGTGGTGATGGGCGCACGGCCAAGCGGCGGGCGCGGGCAGGGGAGGCGCTGAAATTGGCCGCGAATTTCTATCAGCAAAATTTGGTGAAAAATTCGGCAGCACGAGAATACGCGGTGAAAAAACGGCGGCTGAATCGGCAGACGATCGGCGATTTTATCATCGGTTATGCGCCAGATCAGGGCGATGCGCTGACGAAAGCGCTGGAGAAGCGGGGATTTTCGCGCCGGGAACTGGCTGATGCGGGGCTGGTTAATCGGTTTGGCGGCGACTTGTTTCGGGGGCGGATGATGGTGGCCTTGAGCGATAGCAGTGGCGAGGTGGTCGGCTTTACAGGGCGAATTATTCGTGATGACCCCAGGGCGCCAAAGTATCTGAACACGCCGCAGACACTGCTATTTGATAAATCGCGCCACATTTTTGGGCTGTATCAGGCGAAAGAGGCGATTCGTAAAAGTGACGCGGCGGTGATCGTCGAGGGGAATTTGGACGTAGTTAGCAGCCACCAAGCTGGCGTCAAAAACGTGGTGGCGACGGCAGGTACGGCGATGACCCTACAGCATCTGAAGGCGCTGAGCCGGCTGGCGGGGCGGATTCGTGTGGCGTTTGATGGCGACCAGGCGGGCGTGAGCGCAACAGAGCGGGCGATCAATTTGGCGCAAGAAATTGGTGTGGAATTAGAGGTGGTGAGCTTGCCGGATGGTGTGAAAGATCCAGACGAATTGATCCAAAAGGATGCGGCATTATGGCAGCTGGCGGTTGAGCGGGCGCAGCCGGCGGTGGATTGGGTAATTGCTCGGCATGCCGGGATGGAAGATTTGGCGACGGCCGAAGGCAAGCGGCGATTTTCAACAACCGCGCTGAGAATTGTGCGCGGCTTAAAAGATCCAGTGGAGCAAGAGCATTATTTGGCGGTGATTTCTAAAGAAACTGGCGCTAGTCTCGCGGCCTTGCGGGCAAAGCTTGGCGCTGAGAGATCAACGCCGCCCGCTCAGCTCAAAAAACCAAAGATTGAAAAGGCGACTCCAAGTAAACCTCGTGACGAATTAGCGGACATCATCGTCGGTCTAGCGCTTAGTCAGCCGTCGACGCGGCGCTGGGTTGGGGCGCTCGAGGCGGCAAGCTTGGACGAGCCAGCTCGAGCAGTGGTGACGTCGCTGCAGGCTGAGCCGCTACTTGACGTAGAAAAATTACCCTGTCCCTTGCAAAAATTTGAGCAGTATGTGAAAATAGTACAGTTAAAAAGTGAACGCCGCTACATGGACTGGGAGCCGGAGGCTCTGGACAGTGAAATGGCGCGTTTGGTAAAGCAATTGATACGTAAACACCGCGACACAAAAAAACAACAATTATTAGACAATTTGCGTGAGGCTGAGGAGCTCAGCGATGAGGCGCGGGCGCGCACCTTGCGGCAGCAGCTGAACGCACTGATTAAGGAGAATGCGTGAACAACGACCAGCAATACACCCCGACCAATGACGATCCACTCGAGCCAGATTTGACGGCGGTACATGATGACGAGGAGATAGAAGATCTCGAGGCGTTGAACGCTGGCCAGTATCTGGATGATATTTCGGACGATTCGGTGCGGTTGTATTTGCGTGAGATCGGTAAGATACCGCTGTTAAGTTCGGATGAGGAAATGGAGCTGGCGCGGCGAATCATCGAGGGCGATAAGAAGGCTAAGGACAAGATGGCTGAGGCGAACATGCGTTTGGTGGTGTCGATTGCCAAGCGGTATTCGGGCCGTGGGTTGGATTTTCTGGACTTGATCCAGGAGGGCAATACTGGCTTGCTGCGCGCCGTGGAGAAGTTTGATCCGGACAAGGGCTTTAAGTTTTCGACCTACGCGACGTGGTGGATTCGCCAGGCGATTACCCGGGCGATCGCTGATCAGGCGCGGACGATTCGCATTCCCGTGCACATGATCGAGACGATTAACAAGCTGGTGCGGACGCAGCGACGGCTTACCCAGGAGCTGAACCGCGAGCCGACGATGGAAGAATTGTCCAAGGAAATGGACATGGAGCCAGAAAAGATTGAATATATCAATAAAATTCGGCAAGAGACGTCGAGTTTGGATGCTGGCATTGGGCGTGATGGTGATGAGGAAGATTCAGTGTTGGGTGATTTCATCGAGGATGAAGATACGATTTCGCCAGAAGAATCAGCGACCAATCAGCTGCTGAAGGAAAAGGTGGCTGAGGTGCTGTCGAGTCTGTCTGATCGCGAGCAAAAGATTGTGCGCATGCGGTTTGGGCTGGACAATGGCGGCAAAAGCCATACGCTCGAGGAAGTCGGCCAGCAATTTGCTGTGACGCGCGAACGAATTCGCCAGATTGAAGCGAAGGCTTTGGCGAAGCTACGGAAGCACAAAGACGCTAAAAAGTTATATGAGTATTTGAGCTAGATTGACGGGCGATAATAAAAAGGCCAGGCGGATATGTCTG
CP047919.1_gap4	75539	78393	2854	TCCCAATACACGCGCCGAGGATTTCATCCAGCGGATTCGCCGCCGCCAGAATTCGATGATCAAGCCGGCTTTTCTTGACCAGACGGTGATCGCAGGCGTTGGTAATATTTATGCGGACGAGGCGCTGTGGGCAGCACAGATTCATCCGCAAACGCGGGTAAAAAAGGTTAATGATCAGCAGTTGAATACATTATTTAATGAGTTGCGGCGCATCTTGCAGCTCAGTATTGACCAGGGCGGCTCGACGGATAAAAATTATGTTGATGCTGAGGGCCAGAAAGGCAATTATCTGACATTTGCTCGTGTGTTTCGCCGCGAAGGCCAGGCTTGCCATCGCCACCCCGACCAAGAAATTATCAAGCTAAAAGTTGGCGGCCGCGGCACACATATTTGTCCGGTGTGCCAGAAGCCACCGATATTTGACAAATAGTGGTTTATAGTGTATGCTACAGGAATATGGCAGGAATAGATCAACCACCACGCAATGGTCAATTTGGTAAAGAGTCGGATTGGGAGTGCTCGGAGATATTGGGCGATCCAGATGACGTGGATGCTGAACTGGCGGCCCTCGTAGAGAAATCAGAGCGTATTTCTGACGTTATTCACAGATTAACGACATGTTGATTAGGCATGGCGTGAACACAATTTATCAGCTGGGATTGAGTGATGAAGAGTCGTCCAAAAGAGAGGATGCTGTCTTTGAGGTCTACCGACAAGATGTAGAAAACGGTGATTTTAGCAAGCTAGATATTTCAGCTCTTGATGAGTGTCGAGGTGATAAGTTAGCACTGGCTGCGGCGATTGATTTTCAGCTACGGGTTTACCTTGCAAAGCGTATTGCGGGTGAAATATTTGTGATAATGTGTGCGTCACCTGAGCAGGGTTCTCAACGCGTGATGGATGGCACCGATAAAACAGACATGATCGCAGACCATCTGCTGGTGCTTGATGAGACGTCCCGCTCGCCTTGGTTTGGTTTTCTCAATGAAGCACTTGGTGGTGAGGATGTTTCACCAGAACAGGTGGAGCGGGTAATGGATGCTCAGGCTGCTGCTAATAAAACAGGCGATCCATATGAGAAATCTCGTGAGTTTTATGACCGCATATTTATGGAAACTGGCGGTGGGCTTTCTGCGGTGCAAACAGCATTGGTAGCGTATGATATTGCTGGCCTTGCTATGAAAGAGATGACTGATCAGGCTAGTGGCGGGGAATACGCATACTGCATAGAGAAATTGCAGCGTAATGGTTTATCTAATGAGCAAATAACTACGTTGATAGCTGCATATAAAGAGATTATGCAAAAGCCGAATAACGCGGAAGAATAAGTCAGTATACCGAAAGGCATGGCTTAAGGGGGTATTTGGTATAATTAAGTCGTGATATATCTCTTTTATGGCGACAACGAGTTTGAGAAACGGGCGGCGCTTGCGGCGCTGGTTGGTGATATGGAGGTAGTGCGGTGCGATGGTGAAGAACTGACGGCGGCTGGGATCTCTGAGGTAGTGATGGGGCAGAGCCTGTTCACGCTAGAGCAGGCGGTGGTCATTACTGATGCGAGTCAGAATGTGACCCTGTGGCGTGATTTGCCGGAGCTACTCAGCGGCGCGGCGACCACGGTTGTCCTTGTGGAGACAAAACTCGACAAGCGCACAAAGACGTATAAGTGGCTGCAAAGCCATGCCGAGGTAAGGAAATGCGCTCATTTCACTGAACGTCAAAAGCCGCAGCTAAGTGCGTGGTGTATTGAGCGAGCCAAGGTGCATGGGGCAGTGTTGACAGCGGCACAGGCAACAACGTTGATCGATCGGCTGGGGTTTGATCAACTGCGACTTGATCTGGTGTTGCAGCAGTTGGCGTTGGCCGGTGAATTGAATGATGAGCTAATCGATGCACTGGTGCCGCTGGCTCCGGCTGAAAGTGCGTTTGAGTTGTTTGCGGCAATGCTGGATGGCGACCGGGGAAAAGTGCGCGCAATCATTGCCTATCTCGAGGCAGAGAGTGGTGATGATGGGGCGTACCAGACGCTGGGGCTGTTAGTTTCACAATTGGTGCAGCTGAACGCGCTGGTGCTATCTGGCGGTGACACGGGGGTGGTGGCTCGTGATTTTGCGGCCCATCCGTATGCACTGCGAAAGGTAGCACCGTATGCAGCGCGGATGAAACCGGCGCAACTTGCGGTAATTAATTCTGCCTTGGCGCAGGCTGATGAACATATGAAGACAACCCGCGTGTCGCCGTGGTTGTTGGTTGAGGTAGCGCTGGCTGGTGTGATTAGAAGAGATCACTAAGTCAATATAAGCTGTTTATACACTTGACAAAATAAGTATGGTATAGTACAACGCAAACTACTATTAGTTTACTAGAAAGGTAAAAAGGAATTAGCCATGGTCTTCAAAGATACGGAGCTTGATACGCAGGGGTCTGATAAACAACAGTCTTTAGACGAACGGCAAAAGCAATGGATGGAGCTGGGACTCGAGGAGAAAATGGCTAGAAAAGAAACAGAGATTAGCCGAGAAGCTATTGACAATGAGCCTGCGTTAGTGATCGCCGAGATGGCAAAGTATGTTGGTGAAGAGTGTCCTCATCTCGTTCAGATATTTGAGGAGACTAAACGTATGCAACTATCTGACAAACACCTGAGCTCATTAGCAGCAGATATAGATATAAGGTTAAATGAAACAAGACCCGAAGAATTGCATGAGATTGCCGGGGAGATCAAGGATAACTATGATACATGGGCAGAGGGAAGGGCTGCACCGCCAATTGGCTCAAGAGGTCCACGTGGTGACGGTTATAAAACTCAGTATTTGTATGAAAGTATGATGGGAAACGGGCTTCCTAAGGAATT
CP047919.1_gap5	169603	174108	4505	GGCAAAAAATGTATCCGGTGTTGGGGATTTTTGCTGAGGCAGGCGTTAGGATTGTCCATCTTGACGGTGTCGGGACGGCTGGTGAAGTACATGACCGGATTTATGAAGAGGTGGCGTACGCATGCCAACTTTAATTACGGGTGAGAAAACGCCGCAGCAGATGAAGGATATGCGCGAATGCGGGCGGATGTTGGCGACGATTTATGACGAGTTGCGCCAGCGGGTAACGGCTGGTATGAGTGAATTGGATGTCAATGAGTTTGTGGCCGGGCGAATCAAGGATTTTGGTGCGGAGGCGACGTATTTGACGGATGAGGTGAAATTCCCAGGGGTGATTTGCGTGTCGACTAATGAGCAATTGGTGCACTCATTTCCGACAGACTATGTGTTTGAGAAGGGCGATGTAGTGAGCTTTGACCTGGTGATTGGCTACCGCGACATGAAGACCGATAGCGCGTTTACTATGGTGATTGACAAAGAGCCGCGCGGCGCTAAGAAGCATTTGCTGCACGCGACAGAGCAAAGTTTGTATGCGGGAATTGATGCGATTTCCGGTGAGGGAACGCGCGTTGGCGATATTTCGGCTGGCGTGGAAGCGGTATTGAAGAAGGCTAAATTGGGTATCATTCGCGAGCTGGTTGGCCACGGTGTGGGGCTGGAAATGCACATGAGTCCAGAGATTCCAAATTATGGCCGACGCGGTACCGGGCCAGTGCTGCACGCAGGCGACACGATTGCCATCGAGCCGATGGCCAGCCTCGGCGGCGAGAAAATTGTGACTGAGGATGACGGCTGGACGATTAGCATGAAAGACGGCAGTTTGGGTGCACATTTTGAACATACCGTGCTGATCACCGAGACGGGTGCGGAGATTTTGACGACGCTCTAGGCTATCTGGTATACTAAGCATATGCAAGAACAATCTCGATATGTGGTAGGAATTGATGTTGGTACGAAGACCGTGCGCTGCGTGGTCGGACATATCGGGGAGTCGGGGCTGCCAAACATTGTTGGTGTCGGCGTGAGTGAAAATAGCGGCATGCGTAAGGGTGCGGTATCGAACTTGACGGGGCCGGCGGCGGCGATTGACAAGGCGCTCGAGGCGGCCGAACGCATGAGCGGTCATCATATTAATGCAGCGGCGCTGAGCGTCAATGGGTCGCATATCTTGAGCACCAAAGCTGATGGTATGATCGCGGTGGGGATGAGTGGCGGTGAAGTGACGGACGAGGATGTGCTGCGGATTGAAGAAGTGGCGACGACCGGGAAGGTGCCGGCTAATCGAGAGATTTTGGAGATTGTGCCGCATGCCTATCGGCTGGACGGACAGGATAACATCAAGGATCCGGTGGGGATGAGCGGGACGCGCCTGGAGCTGCGGGCTAATGTGGTCTCGGGTCTGACGCCGTATGTGGCGAATTTACGCCGCTCGGCCGAGATGGCCAATGTCACTGCCTCGAGCCTAACACCGAGCGTGTTGGCAGCGGCGCGAGCGGTGCTCAGCGAGTCGCAGATTGAGAACGGCGTGGCGGTTATCGACATTGGTGGTAGCACGACCGGTGTGGCCGTGTTTGAAGAGGGCGATTTGCAGCATGTGGCGGTGATCCCGATGGGAGCGCAGAATGTGACAAATGATGTGGCGATTGGGCTAAAGACTGACCCGGAGATCGCTGAGGCAGTCAAATTGGCGCATGCCCGGCTGGGCGGTGGCAAGGCTGGTCGCGTTGATACCAAGCATGACAAACAGGTGTACACATTTGAACAAAGCGAGATTGATGAGATTGTCGAGGCGCGCTACGAGGAGATTTTCGAGCTAGTCGCCAAAGAATTGAAGCGGGCCGGCGGCATTGGACGGCTGCCGAGCGGTGTGGTGCTGGTTGGTGGCGGCGCTAAGGTCAAGGATCTGGTCGAATTTGCGAAAAATAGCCTCGGCGTGGCGGCTAAACTAGGTGTGCCGGCAGGATATGCAGGCGTGAGCGACGAGGCGAATGGGCCGGAGTTTGCGGCGGCAATTGGCCTGATGCTCATTGACGGGGCAGGGGCTGAGCGGGCCGAGCAGACGCATAGCAAGGTAGGTTCGGTGACCAAGAAAGCCGGCGGGATGATTAGTCGATTACTAGCGAGGTTTAAGTAGGAGCTAGTAGACAAAGATGGTATACTTGATAAGAGAAAGATAGGGAGAGGAAAATGCCGCAGATTACACCAAGTGAAGTTCAAACGTTTGCCAGTATCAAAGTTGTCGGTGTCGGTGGAGCTGGTGGTTCGGCCATTAATCGGATGAAAGATGCGGGGCTGGCTGGCGTGCAGTTTATCGCCATGAACACTGACGCTCAGGCGCTGCACAATTCCAAGGCGGATGTCAAGATTCATCTCGGGCACACCACGACTAATGGGTTGGGCGCCGGTGCTGATCCGATGGTTGGTGAGGCGGCGGCTAATGAGTCGCGTGAGGAGATTCGCCAGGCGCTTGAGGGTGCGGACATGGTGTTTGTGACGATTGGTGCTGGTGGCGGCACCGGATCGGGCGCTGGGCATATCGTGGCGGAGATCGCTCGCGAGATGGACATCCTGGTGGTTGGCGTGGCGACGCGGCCGTTTAGTTTTGAAGGCGAGAAGCGTCGGGTGAATGCAGACTGGGCAATTACTCACTTGGGCCGACAGGTTGATACTTTGATTACTATTCCGAATGACCGATTGCTGCAGACGATTGATCGGCGGACGCCGCTGCTCGAGACGTTCAAGATTGCTGATGACGTGCTGCGCCAAGGTGTGCAGGGTATTTCTGAGCTGATTACCGAGCATGGTTTGATTAATCTCGACTTTGCTGATGTCAAGGCGGTGATGAGTCGGGCTGGTTCGGCGCTGATGGGGATCGGTCGGGCCGATGGCGAGAACCGTGCGGTGCAGGCCGCTCAGCAAGCGATCGAGAGTCCACTGATCGAGGTGTCGATTGACGGTGCAAAGGGCGTGTTGTTTAACGTGACCGGTGGCTATGACATGAGCATGGCAGAGATTCAGGAGGCGGCTGAGGTAATTACCAGCGCGGTCAGTCCTGATGCCAATATTATCTTTGGAGCGACGCTCAAGCCAGAACTTGAAGACGAGGTGATTATCACGGTTATCGCCACCGGGTTCGATAGTGAAACCTATCATGATCACGAGGTGAGTTTGACGAGTGAAGCATCGCATGAATCAGAGACTGAAGTTGATGATGAGGTGGTTGAAGGGATTGATCTGGAGCTCAGTGAGCAGAGCGGAGCGACGGACTTTACGTCTGAGCAGGAAAATAACATCTGGGATCAGCCAGCTGAGGATGAGGCGGACGAAGATGATACGCCAGCCTTCCTTCGCCGCCGCAAAAAGAACAAGGAGGAATAAATGAGCGGATTTAACATTGGTGATAGCCGCGTGATCGAGTCGCGAGAGGTTTCTGATGGCGTGGCGATTCGCCGCCGCCGCGAGACGCCGGATGGACGGCGTTTCACTACGTATGAACGAGTAGAAAAGCCAAACCTCATTGTGATCAAGAAAAATGGTAGTCGTGAACTATTTGATCGAGTCAAGCTCGCGCATGCGGTGCGCCAGTCGGTCGGCAAATTCCTTAAATCCGACGAGGAAGTCGAGTCGATTATCACGGCGGTTGAAGATAAGTTGTATGCCCTGGGCGCTTCAGAAGTGCCGTCGCGGCAGATCGGCGAGTTTGTACTGGATGAATTAGCGAAGCGTAACGAGGTGGCGTATGTACGTTTTGCCAGCGTGTTTCAGAAGTTTGAAACGCTGGATGATTTCGTCAAGATATTGGAACAGCGTCGCCAGAAAGGACAAGAATAATGCGAGTCGTTGTCGTATACCGGGCGGAAAGTGATTACGCGCGCCAAGTCACTAGTTTTCTGCATGACTTTAGTCGGCAGACGGGGCACACGATTGAAGAGCTTGACCCAGATTCGGCTGAGGGCAGCGATTTTTGCCGGACATACGACGTCGTTGAATACCCGACTGTTATCGCGCTGAGCGCTGATAGCCAGATGCAGAACATGTGGCGCGGATTACCGCTACCGACGATTAGTGAGGTGAGTTTTTATGTTTGACATGCTGCGTAAGTGGCTCTCGAACAAAGATTCAAAACGCCGGCAGTTCGCAGCATTAGCGCTGCTGCTCGGCAGCGGTTTGGGTTTGTTGGCCTCGTTTGTACTGTCGATCGAGGCGCTGACGCTTGCTAAAAATTCGCATGCTGCATTGAACTGCGACTTGAATTCGGTGATAAGCTGTTCGGCGGTGGCAAACCATTGGTCGGCGACACTACTCGGCTTTCCTAATAGTTTTATTGGTATGATGACGCTGCCGGTGATGGTGACAATTGCGGTGGCGCTGCTAGCGGGCACGAAGTTTCCGAAGTGGTTTATGTGGGGCGCGCAGCTTGGCGCGGTGGCGGGCCTTCTGTTTGCTGGTTGGATGTTTTATATGAGTTATGTTGAGATTGGTGCGTTGTGTCCGTGGTGTTTGAC
CP047919.1_gap6	177347	181117	3770	CGTTTAATTAAACAACATTTGGCAAAAATCGATCAGTCGGTGGCAGTTTTGGTCGTTAATCCACCAAAAAATCAAGTTAATAATTATATTGGTGTGAGTACGCTGGGTGAGATGATGTATGCGTTTGGTACAAATAAGCCGATTTTTATCTTGAATCAGTTACCAACGGAACTTGATTACGCAGTGGATTTAGCGGCGCTAGAGCCGATCGAATTAAACGGTGATTTAACGAAAATAACAACTAATTTGGGGGCTTGCCGTGGCTAGTTCTCAAGCATTTATCAAATATTTCAAAGAGCAATTGACGGCGAGTGGCGCTGGTGAGATTTATTGTCGTAAAATGTTTGGTGATTATGGTGTTTATTGCGACGGTGTATTTTTTGCGTTGGTTTGTGACGATACCTTTTTTATTAAAATAACAGAAGCTGGCAAGGTGATTTTGGGTAAAAATTATTCGACTGGACTAGCTTATAGTGGCGCCAAAACGCCGATGTTTAAAATTGATGATTTTGAAGATTATGATTTAATGCGCCAATTAATTCAAGTAACTTGTGCCGAGTTAATAAAGAAAGGTAAGGGCAAAAAATGAAGCAAGAAATAATTTCACAAGATCCAGATCTAAAGGTGTCAGTCCTAAAAACCTCCTTTGTCTATCGGAATCAGGTAATTCAAGCAGAATGGTTTGATGTTGACGACAAGACAGTGATTCCCGATTTACCATGGCAACAGATTTATGTGATTGGTGATCTTGATGGCAAGGTACCGTTGGTTTATTACGCACATGGTAGGGAAAATTTACCTGGTGGGCATACTGAGCCAGGCGAAACCCTCGAACAAACATTATGTCGTGAAGTACAAGAAGAGCTAAATATGCGAGTGGCTGAGTGGAGACCGATTGGTTATCAAGTTTTAACCAATCCTGACGGTAGAATAGATCATCAATTTCGGGCAGTGGCGAAGCTTGAGAAGTTAGGTGAATTTGCAGGTGATGTCGGTGGCTTGGTGATTGGCTATCGCTTGGTGGATATCGATGAAGTGAATCAACGGATTGGTTATGGTGATATTGGGGAGCGTATGATAGCACGCGCAAAGAACATACTAAAATCAATGGTGATTGTGCGTGACAGGATATTTAAAAAGAATATAAAAGGTTAAATAAAGGAGATAATATGAAATTCAAACACGGCACTCGCCGCCGAGCGGCAGAATATGAGAAGGACTGGGTACAGCGATGGAAGGACGACGATACATTCAACAAATCGGTTGAAAATCGGCCAGCTAATAATTCCTGGGTGTTTTATGACGGGCCGCCATTTTTGACTGGTACGCCGCATCATGGGCATTTGTTGGTGAGTACTGTTAAGGATACGATGGGTCGCTTCCATACCATGAAGGGTCAGCGAGTTGAGCGCCGCTGGGGCTGGGATTGTCACGGATTGCCGGCTGAGGTTTATGTTGAAAAAACACTTGGCATTGCTAATAAAAAAGAAATCGGTACGAAGATTAGCGTCTCAGATTATGTAAAGGAATGCCGTGCGGCTATGGTGCGAACTGGCACTGAGTGGGAAGATACAATTGAGCGAATCGGCCGCTGGGTTGAGTTTAAGGGTGCTTATAAAACCATGGATAATAATTACATGGAATCAGTTTGGTGGGCGTTTAAGAAGCTCTATGAAGAGGGTAAGATTTATGAGGGCGAGAAAATTCTAATCTATTGCACTAAGGATGCTACGCCAATTTCCAAAAGCGAGGTGGCGATGGAAAACAGCTACCAGATGGACACCGACCCAAGCTTGTTTGTCTATTTCAAATTAGAAGACGAAGATGAATATTTGCTTGCCTGGACGACGACACCGTGGACTTTGCCAGCGAATATGGTGGTGGCAATCAACCGAGATGTTGACTATTCATTGGTGGCGTACGGCGATAAGAAATTCTATATCGCAAGTGATGCTATCGAAAGAGTTATGACCGATGAAAAACATCAGCCGCTTGAATATTCGATTGTCAAAACGATAAAAGGCTCGGAATTGGTGGGCAAGCGATTTGAGCCGCTGTTTGAGAACCGCGGTCCAAACGCTCATAAAGTGCTGCATGCTGATTTTGTGACGACCGATGACGGTACAGGACTGGTGCACATTGCGCCGGCTTATGGCGAAGACGATTATGAACTATGCCGCAAGCATGACGTGCCGGTTTTGTCGTTGGTAGATGGTGATGGTAACTATACTGAGGGTAGATGGCTCGGTCGTAATATCTGGGAGGTCAATAAAGAGATTGCCAAGACATTGTTGGAGGAAGGCCGAGCGCTAAAGATTGACTATATTCGCCATGAGTATCCGCATTGTCACCGCTGTGGCACGAAGCTGATGTATAGAGCGCATCCGAGCTGGTTTATGGATATTCAAAGTCAGAAAAAAGAAATGCTGGAGGCGAACGAGCAGACTCATTGGACGCCAGATAATCTGCGGACGGGGCGGTTTCATAATATTATTGAGCAGGCGCCAGATTGGAATTTGAGCCGTGATCGCTATTGGGCAACGCCGATTCCAGTGTGGAAAGGCGTCAAGAATGACGGCACGGAAGTTGTCAAGGTGATTGGTAGTTTTGCGGAGTTTGAAGAGCTGACGGGGAGTAGGCTGGATGATTATCATTTGCCGCAAGTGATGGACGTGACATTTGAGTGCGATGGTGCGGAAATGCGGCATATCGGTAAGGTGCTCGACTGCTGGTTTGAGTCTGGCTCAATGCCGTTTGCTCAGTTCCATTATCCGTTTGAAAACAAGGAAAAATTTGAAGCGAGTTTTCCAGCCGATTTTATCATTGAAGCGATTGATCAGACCCGTGGTTGGTTTTATAGTTTGACAGCGGTCAATGTGGCGTTATTCGGTAAGTCGCCGTGGAAAAATTTGATTTGTACTGGATTCATCAACGCGGCAGATGGCAAAAAGATGAGTAAGAAGTTAAAAAACTACACCGATCCGATGGAATTAATGGATAAAACGTCGGCTGATAGTTTCCGTTTTCTCATGCTATCTAGTCCGTTGACAAATGGTGAGAACTTTGCGCTAGCGGATAAGGATGTCATGGATGTGGCGCGTAAGCTCAGTATGATTTGGAACATGTATGATTTCTTCACGATGTACGCGGAAGTTGACGGTTGGGAATTTAATGGCGAGCTGAAAGATCCACTCGGTGAGTTGACCAATCCGTTGGATATTTGGATTGTTAGCCGTTTACATCGATTGGTGATGGATGTTGAAAAGGGTCTTGATGATTACAATTTGCAAGACGCCACTAAGCCGATTTTGCCATTCCTTGATGACGCGTCCAACTGGTACGTGCGCCGCAGCCGCCGCCGCTTCTGGAAGTCTGAGGATGATGGCGATAAGAACGATGCTTATCGCACGCTACATTACGTGCTGGTGCGCCTGAGCTATATTCTGGCGCCATTTACGCCGTTCTTGGCGGAGGAATTGTATCATAATTTGACGGGCGACGATGAGTCGATTCATCTGAAGGATTGGTTGCCAGCGGGCGAGGTGAATGAGCAGGTACTGGCCGACATGGCTCGGACGCGTGAATTGATCAACAATGGTCTTAGTTTGCGTATGAAACAGGATGAGCACCAAGCATCAATCAAGGTTCGCCAACCGCTGCAATTTGCGGCATATGCAGGTGTGAAGCTGGCTGAGTACTACGAGCAAATCATGGCTGAGGAGCTCAATGTTAAGGAGATTCGCTGGATTGAGAATTTAGACGAGCACTTG
CP047919.1_gap7	183708	187436	3728	GGTATGCGGTCGGTCAGGGTCGTGTTCGTGTAATTGATTTTAGGATGATAGCACAGCGCCGGCGAGGTAAAGAAACTGGGGCAGTATTGATTTGTTGGTGCGTCTCTGGTACAATGGAACGGATTGAAAACTAATTTTTAAGGAACGAAATGAAAGCAGTCGTAAAAATCTCTGGCAAGCAATACATTGTCAGCGAAAAAGAGTCCCTCTTGGTGGATCTCCTCCCTGAAGGCACAAAAGAACTCACTCTCGACGCACTTTTAGTGATTGATGGTGATAAAACAACAGTTGGCACACCAACCGTAAAAGGTGTGGTAGTGAAGGCAAAGGTTGTTGAAGCAGAAGTTAAGGGTGACAAGGTCCGCGTTATCCGCTACAAGAGCAAGAAACGTGTCCACAAAGAAACGGGTCATCGCCAGAAGTACACCAAGATTGAGATTACCTCGATCAAATAACCGATGAATTAGCATACCGCCCCGTGATGAGGGCGGTATTTTTATGGCCGAAACTATGGTACAATGAGGTAAGCAGAAGGGGTATCGATGACGAAGATTATTGCGGTGACAAATCAAAAAGGTGGCGTCGGCAAGACGACGACTTCAATCAACGTGGCATATTTTTTGGCAAAAGCCGGTAAGCGGACGCTGATCATTGACTTTGATCCGCAGGGAAATGCCACCAGCGGTCTCGGTATTGATAAGCAAGAACTGGGCGCAACGATGACCGAGGTGGTAACTGGTCAGACGGCCTTGAATAATATAATTATTCAGACCGACATCAAGAACCTATCAATCGCACCGGCCACGTCGCACCTAGCAAATACCGAGGTTGAACTGGCCCAAGCCGAGGGGCGGTTTGTGCGGCTGCGCCAGGCGCTGGCGAGCCTCGCTGGGTATGATTATGTGATCATTGATAGTCCGCCGAGTCTGAGTCTGCTGACCGTGAATGGGCTGATCGCAGCGCAGTACGTTCTATTGCCAGTGCAGGCAGAGTTTTATGCACTCGAGGGGCTGGGGCAGCTGATGGAGACGATGAAGTTGGTCCGCAAGGGGCTCAATCCACATCTGCGGCTACTTGGCGTGGTGACCACCATGGTTGATTCGCGAACGACTCTATCAAGCCAGGTGTACGATGAAATTAAAAAGCATTTTGCTGATACGATTTTCAAGACGACGATTCCGCGTAACATTCGCCTTGCCGAGGCGCCAAGCCATGGCGTACCAGTTGGCGTGTATGATCGTTTCTCAAAGGGCTCGCGAGCCTACCACGCGCTGACCAAAGAAATTATCGAGAGGATTGAAGGATGAAAAAGGGACTTGGGCGGGGATTTGATTCGCTGATACCGACAAATTTGTTTGACGAGGCTTTTGACCCGACGGCTGGTCAAGATGCGACAATGTCGCAATTACGTCAGATACCAATTACCGATATTACGCCAGATCCAGACCAGCCGCGGCGGTTCTTTGATGAGGAGGCGCTGCGTGAACTGGCCGATTCGATCCGTCGTCATGGCGTGGTGCAGCCGATCGTCGTGACGCCACGTGGGGCACAATTCATGATCGTGGCTGGCGAGCGGCGCTGGCGAGCGGCGCAACTGGCTGGATTAGTAGAGATGCCGAGCATCATTCGCAGTTTAAGCGATCAGCACCGATTGGAGGTGTCGCTGATCGAGAACTTGCAGCGACGCGACCTCAATCCGCTGGAGACGGCGACGGCCTACATGAAGCTACGCGACCAGTTCAATATGACGCTGGAACAAATCGGCCAGCACGTTGGCGGTAAATCAGTCAGTGCTATTAGTAATACGCTGCGCCTCTTGAAATTACCGAGTGTGGTGCGGACGGCGCTGTTTGAAAATAAGATTTCTGAAGGGCAGGCGCGAACGTTAGTGGGGCTGCCAGATGACGTGGTGGAAGATTTATTGCAGCAAACGATTCATCAGGGCTGGAGCGTGCGCAAGCTCGAGCAGATGATCGCTGCCTGGAAGCGGGCACAGCAGTCGTCGGGCCCCGCGCCAACTCCAAAGCCAGCCCGCTCGCCGCACGCCTCGTCGGTAGCGCGCCTGTCGAAAAAACTCCGTGCTGACATCACGGTTCGTACCAGTAAGCGCGGTGCTGGTCAGATTATCATCCCGTTCAAAGATCAAGCAGATTTTGAGCGGATCCGCGACTTGATTGGCTGACTATTAAAACCCTCTGATCTGTGTGAAGGGGAAAATGCGGGCGATGACCGGCCCGACGATGTCGTACAGCGGAATGTTGCCCATGCAGTTACGCGAGTCACACGAAAAATTACCCTCACGATTATCACCCATCACGAAAACCGTCCCCTCGGACACCTTGGTATCAACATCGCCAGAGGTGGGCGACTTTGGTTCGTTTTTGTTGACGGTTGTATCAGGGTTAAAGCCGTTCGGATGTTCACTGTTATAAACGGTGACAACGCCGTTTTTGACGGTGACGCGCTCACCCGCGAAAGCAATTACCCGTTTGACGATATATTCGTCGTGACCTAGGGTTGGATTGTAATTGGGATTTTTAAAGACGATAATTTGGCCGCGCTTGGGGATATACTGCTGATTTTGAAGCTGTTTAATGGTGACTGATAGTCGGTCGACGATCAGGCGGTCGTTGGTGTGCATGGTGTTTTCCATACTTGGACCTTGCACGCCAAAGCTACGAAAAACAAAGGTATTGATCAAAATTGTTCCGATGATTACCCCGATTACAAAAATAATCAGTCCCAGACTGTCTCTCAGGCGCGGGTGTCGATCGAGAAAGTGAGCATCCATCCGCCTTATTATACATGGTTTGGCGGCGAAAACCAAAAGCTTGATCAATAGAGAAGTGTGCTATAATAAGGAGCAGTGAAAATTTCAAATAGGAATTCGGTCGATGGATTTGTACCGCGGAGGGCTCAGCGGTCTCGTTTGGGTGGTGTATCGCCGGAGCAGGTAGCTGCTCATCCTCGTCAGGCGGAGCAGCCTACCCCGCAGATACTTGGCCGGCAGCCGATCCAATTACCGCGCCAGTCACTGTCACAAGCTGATCGGGTGCGCCTCGCGGCTTCGTCAACTGCTGATATCGACGAAGATATTAGCAATTCGCTCAAAGATCTTGACATCCAAAAGCCCGAAGCACCCCGTGAAAAGCGCAAGAAATCGCATAAAAAACGTCGCAAGCTAAAGATTATTATCCTGGTGATCGTGGCGCTGATAATTCTGGTGGGTGGATTTTTGCTGTACAAGGCGTGGGTCAATGCGGGGCGAGTGTTTGGTAGCGGTAATCTGATTGACTTGTTTCAGAATCAACCACTGAAAATGGATGCACACGGGCGGAGCAATATGCTGATCCTCGGTACGACGGATGATGATCCAGACCATCCGGGCGCAACGTTGACCGACTCAATGATGGTGCTGAGTGTTGATCAAAAGAAGCACGATGCCTATATGTTTAGTATTCCGCGCGACTTATACGTGCAGTTTGGGCGAGTTTGTAATTCTGGTCGTGCCGGCAAGATTAACGAATATTTTGACTGTGTTGCCAAGGGTAATGATGAACAGGCTGAAAAGAAGCGGATAGATGCCAGCCGCGAGTTTGTTGGCAAGATTTTTGATATGGATATACAGTACGTAGCACACGTTAATGCTCAGGTAATCAAGGACGCGGTTAATGCGGTTGGTGGTGTGACGGTGAATGTTCAGAGCGACGATCCACGAGGTGTGTTTG
CP047919.1_gap8	337246	339048	1802	TTCTGCTGAATGATCGAGGCATGGACTTCGGGGATGGCGCCGGCATCAATCAGCCCGAGCACCAACTGCCGATACAGCCCGCCACGAATGAGCGTACCGTCGATATCAAAAACTGCGAATTTCTGCTGCTTCATCGCTTGATTATCTCGTATTTTTGGCTTTCTCGCAATAGCTTACTATATCATGAAGGAGACGACTTAGCAACTGATGCATTGTCGCGTAATTTGACCATGTTTTGGTACACTTCGTCAAAGGTCAGCCCCGATTCGTGGATGAGGCTGGCTAGGTCTTTTCCGACGTAGCGGAAGTGCCAAGCTTCGCTCGCGATACCGGTTATTTTTTCCTTGCCCTTCGGATAGCGCAGAATAAAACCGTATTCGTGGGCGTGGGTGGCGAGCCAGCTGGCGGTTTTTGGATCAAGTGCGCAGTCGCTAAAGCGGGCCTTGCATTTCTCAGAAAAGCTGGTTAAGTCAACCGCTAGGCCGAGCTGATGCTCGCTGTGGCCGGGTTTGGCGACGTATTCATCGGTGTGGGCGGCACCGTTTTTGGCGGTGGTTTCAGTGCGGACTTTGGCTTGGGCGGTGCCGGAGCGGTAGGCGCTAGAGACGAGGACCGGTAGCTTGGCCTCAGCCGTGGCTTGGCGCAGTTGCTCCAGTGGCTCTTTGACCATCGGCTGCACGCGCTTATCCTCTATCCAGCTCGGCGTACCATCAGTAATATCAGTCAGCGGTGGCTCAAAGGCTGGGTCGATGCCCTGCTTGCCCGAAACGTACGACCAGATTTTCCCAGTTTGTAAATATTTCCACGACGGAAAGGTCAAGTCGCGATTGGTCCGGTCGAGACGGATGGTGATCGGCTGGAAATTATACAGCGGCGAATGAGCGACCGACTCTGAGGTTCGATTGACGAGCTGCGTGCCGCCATTGATCATCAGTAGTGTCAGTGTCGTCCAGGCCGCCAAAACCATGGCCACGACTGCGCGCCCCACCCCGTGCTTCATTTATTGTGTTCCTCGCTGCTTGAGTTTGGTCATTGCCTTTTCAATATACGACCAAGCCTCCTCCATCGTCAAGCCCGACTGGTGCAGCGCACCCGCTAGCTCCCGCCCGACGTAGCGAAAATGCCATGGCTCGTATTGATAGCCGGTGATCGATTCCTTACCCTTCGGATAGCGCAGAATAAAGCCGTATTCATGAGCGTGGGCGGCCAGCCATTTGCCGGCGGCGGTTCCTTCAAAACAATTATCCACCCAGCAGGTTTGATCGGCGCCAGCGAAGTCAACCGCCAGGCCTGATTGATGCTCGCTGTGTCCGGGGCGCGAGCTAAAGCGGCTGGCTGCAGCCTCGCCGTGTCGGCGGGCGTAGCTGGCAAAGAGTGAGGCTTGGGTGGCGTAGCTGCGGTAGCCTGAGCCGACGCGGAGCGTGACGCCAGCGGCGCGGGCAGCGGCGACTAACTTCTCGAGATCAGGCATGAGGACGGCGCGGAGTGAGCGCTCGTCTTGGCCGCGGCCGGGTAATGTCGGTACGCTAACGATGCGGAGGTCGCTTGGCTGATAGCGAGGATTGGCAAAGGCCCGGGATTTGTTGGCGATTTTCCAGAGATCAGCGTCATCAGCGTTGTTGACAATGCGGGCGGGGATCGGTGTAGCGCGCGGTAGAGCGATGATAATTGGTGCGGCTGGCGCTGGGGGCTTCGGGCTGTCGGGAGTTTTTTCCTTGGGTGTTGGTACGGGATCGGGCTGCTTTGTGTTAATTGGCTGCTGAGCGGTGGTACGTGGCGGGTTGAAATGACGGAGAGCGAAA
CP047919.1_gap9	408733	409722	989	CGAGCCACGTGCGCTGGTCGCTCCTCCTTGAGGCGAAAGACGATGCGACCCTTTGTGAGATCGTAAGGAGTCATCTCGACTTCCACCCTATCACCAGGCACCAGGCGGATGTAATTCTTGCGCATCCGTCCCGAAATGTGCGCGATGATACTATGGCCATTCTCCAGTTCCACCCGAAATTGGGTATTAGGCAGTGCTTCCACCACCTTACCAATCATCTTGATGACTTCCTTTTGACTCGCCATAAGTTACAGTTGTCAATTATACCGTATCGTCTCGGCGATTACAAGAGGGACGAGCGTCGTTTTTTCGACTTTTTCTTGGTCAGTTCGTCTGGGTCAAAGTCGTCATAGGTAACCATCAGAGCGCGCGAGTTGAGCTGGCGCAGTGACTCGAGGCCGACCGAGACCACGATGAGCAGCCCGGTACCACCGATCGACAGACGCGAGCCGCGGATTGCCGCCAGGTGATACATCAAATATTCAGCGACAAACGGCAAGATAGCAATGATACCAAGAACGATTGAGCCGAACAAAATCAAGCGATTGACGGTGCGCATCAGATACTTTTCGGTTTGTTCACCGGGTCGAACACCCTCGATAAAGCCGCCCTGCTTTTGCAGATTCTCAGCGATTTCGTTGGCGTTAAAGACGATCCCGGTGTAAAAATAGGTAAAGGCAATAACTAGGAGGAAATACAGCGTCGGGTAAATGAACGCCTCCCAGGTACTGCCGGTAAAGGAGCCTGGGTTGGGTGCCTGGAACCACGTGATCAGGGTGTTAGCAGTGTTTTGCAGGTTTGGATTGCCTGATGCCTTCATGACTTGGCCGATGAATTGCGGCAAGCTGAGGAAGGCGACGGCAAAGATGACCGGGATGACGCCAGCAGCGATTAGCTTGACCGGCAGGATGCTCTTGATACCACCGTAGCTGGAGTTGCCGTGGATACGCTTGGCGTAGTTGATAGTGATGACGCGCTGGGCTTCATTA
CP047919.1_gap10	498699	503415	4716	CAACACTCGCATATACACTTGATAGCGCCGGCCTCGCGGTACATGTCGGATGAGCGTATACATCCCGATCAACACCACCGGGATCACCAGCCCGTCGGCAATAATTTTCACCATCCATGAGATATCCATAAGCCCCATTATACCCTGCTGGGCGTCGGCGTCAAACCCTGAGCTCAACCCGCCAGCTTGCGCCGCTTTACCATTCGTAGTATAATCAGACACGCATTGGGGATTCGCCAAGTGGTAAGGCACCGGGTTCTGGTCCCGGCATTCGGGGGTTCGAATCCCTCATCCCCAGCCAAGAAAAAGGATTGACGTTTTGTCAATCTTTTTTCTTACGCTTTGGTTTGGCATGAGCCTGGTGGTCAGCTGACTTTTTTTGAGGTTTTACCGCGGTTGTCGCGCCCTGGCCGAAACCGCTTGCCCATATCGCCAAAATCCACACGCCAGCTAGAAACAGGAGCGACCAGCTACCGCCCGGCAGGTCAAACGTCGCCCCAAATATCATTGACACTCCGTGACAGAACGCCATGCTTTCTAGCAGCGTCAACAGTAGTAGCGCCACGATGCCCATCATGGCACTGACCTTTCTCAATCTAGCCGATATATCCATGGCCAGCAGGAACGGCAACGCCCCAATCTCTGCGACAACGAGAACGATGGCGCACACTGCCGCCATCACGCTCGGCAATCCAGCGAGCATTGATGGAAACTTATCAAACGAAAATAGCTGGCTCAAGACGATGACGAGAATATATCCGGCAACGATTAACCGCACAATTTGCACGACTGATATTGGTCGTTTGGTTGATGTTTTCTTCATAGATATAGTATACCGCTCCGCTCTAAAAAGCTCAAGCTTGTTGTATTATTTACCAAAACGCTTGCTTTTTTTACTAAAAACACGTACAGTAACAACAAGCGAACGATACAAAAACAAACACTACTGACGTTTCTTTCGCTCTACGATATCCACCACAACAAAATACCGTTACGAGTATGTAGCGGTATTTTCCGTTGTTGGATAAATCACAACGCTATATATAGCGTATACGTGCTATAGTAACAATATGAAAGAACATTGTGAGTCGAGAGGGTTTGTTGAGTTTGGTCCAAAAAATACCGCACCCGTACCATTACCTGCTATTAACGAAATTGAGCAGATTCGTAAAACCTATGATCCAGGGGCAATCACTGAACTAGCGACTTCAATCGTTCACGAGGAAGACGGTAATACTTGGTTCGATATGTACAATCCTCTCCTAGCCGCCTGCCTCACACCAGAGGAGGCGGAGCAATACCTCAAGGAACACGCTGCGTTTCATAAAGGATCTCAGTCAATCGATAATCTCACACCGGATGATGATGGTAACTACGTCATCCTAATCTCTGGGCATCGTCGTAAACGCGCTATCGAGCAGTTACTGAGCCAACATGGCATTGCGCCGGAGTGCACCCTAGTAAATGTCAATCTTCGCCGTGGCATTACCTTTGAGGAAGCACTCGTTGCTCAAGTGCGCGAGAATACGCACGAGAAAGTGTCGCCTACTGAAACCGCCAAATATATCGAGCAACTACACGCCTACCTCGAGAATAAAGAAGGGGCACAGCCGACCTACAGGCGACTGTCTATGATGACCGGTATTAGCGAGGGTATCATTAGTACTGCGCTACGATTTCAACGCTTACCGGAAAGCATCCGATTACTTGCCACCACTCATGGCGATATCCTCCCTTACTCGACTCTCGTAAGGCTCGAGCCACTAATGCGCAAACGAGGTGAGCTGTATGATAAGTTACTCTCGCTCGGGCAAACGCTGGATGGAGAAGATCGTAAGACCTATGTCAAAAATCACCTTCATATCGTGGCGAATACCATTGTTGAAGGCCTCCTTGGCGCCAAGAAGCGCAATCACTATATTCAACAGCAGATTAGTGACATAGAACTACGAATTATCAATGCCCAGCCCAGCTTTGACCTTATAGCAGAAACCAGCTCTAGATCTCAGCGAAAGGCATCAGAGATCCGCCTCGGTAAGACAGCCGTATCGGCCTTACGTCATGCCTATGGAGACGATCCAAGAAATATGCCACCCGAACAGCTAGCTGACCTCGAGGAGTTCGTCGCAAAAGCCAATGCATTAGCAGCCCCTGCTGTCAATGACTACGAACAAGAGTCGCTGCTATCCGCCTAATCGACAGCCGCTTTTTGCGACTGCTGTTCGCGCCACTCGGCGATCTTGCCGTGATGCCCGCTCAGCAAGACTTCCGGCACCCACAGGCCATTAAATACCTCCGGCCGAGTGTACTGCGGATACTCTAGTGTTTCGCCGTCTGAGAAACTCTCAATCTCCGCTGATGTTTCACCGCCCAGTACACCTGGCAGCAGCCGCACGATCGAGTCAATGATGGTCATTGCCGGCAGCTCGCCACCAGTCAACACAAAATCACCGATGCTCCACTGCTCATCAACCAATTCCATAATGCGCTCATCAACGCCCTCATAGCGCCCACAGATTATAATGAGTCCCCGGCTATCATCCGCCGCCACACGCGCCATCGCCTGTCGCCAGCGTCGACCGCGCGGGCTCATCAAGACAACCTTTGCGCTCTCATCTCGCGACCTCGCAAACTCCACCGCCCGCCACAACGGCTCAATCATTAGTAGCATCCCATCGCCACCGCCATATGGCGTATCATCGACTTGCTGCCGCGACCCCAGGCCAAATTCACGCAAGTTCACCGTCTCGAGCGAAACGATGCCGTCTTTTTGCGCCTTCCACATCATTGAATTTCCAAAGACTTCAGAAAACATCTCGGGGAACAGGGTAATAACTTGAAATTTTCGCATATTCTTAATTATACCGCGCCCACATAGAAACCACCAAAAAACCGCCCTCTAGCCAGGCGGTTTTTTAGCACAAATAAGGCTCTCAATGGTTACCCATTGCTCGCATAGAGCTGTTCTCGCATATTGTCTGTGCTTGAACTAGTTATGATTATATATCAAGGTCGTCCAGTTCTGCAAGCTCTTTTCGAGCATTTTCTGCATAAGAAGAGCTATTTTCCACAGTCTCATCTGTTGAGTTGTCCACAGTGTTATCATCTGAAGCGGCAGTCGTAGCTTGCTTGGCGCTTGTAAAGCCATCATTATTGACGATTTTCAGGTTGTAGCGCGCATCATTTTTCGTCCCCAATGCCCTGAGCAGCGTCCGCAGACTTTGCGCTGTACCGCCACGCTTACCGATGACCCGACCGAGATCCTCTGGGTTGACCGTCAGCGTGAGTAACACCCCTTTTTCGTCAATCAAACGCTCGACGACGACATCTTCTGGATGCCCAACCAGCGCCTTTACTACGTATTCTACAAATTGCTGATCTATCGTTGACATACTGCCCCTCCTTGGAATTAACTGTACTCCTAGTATAGCATAGGCGATTTGCCGAGGGCAACTATGGCAACTGGCACTTTTTGGCGCAGTGGGCGGTAATGTTCGCTTTGTGCTCAGCCTCGGTCTTCGCAAAATAAGTTATGTTGTCGTCGCCGCTCAAGAAATAAAGGTAATCCTCCTGGGCTGGATCGGCCGCAGCATTCAGTGCCGCGAGACCAGGCGAAGCGATTGGCCCAGGCGGCAGCCCCTTGTGAATGCGCGTATTGTACGGTGAATTAAGCGTGTGCGAGCGAGCGACGCCAGCCTTATCGGCGGCATAATGATAGGTCACGTCTGACCCGAGTGGCATATCCTTTTTCAGACGGTTATAAAACACGCTGGCAATCCGCCGCATATCCTCACAGGTCGCTTTACCCGGGCAGCCAATTGACTCGCGCTGAACAATCGAAGCCAGCGTCAAGCCCTGATACAGCGACAGCCCTCGCGCCGCAAATTTTTTCTCGAGATTATTCTCAGCCACCACCCGGTCTAGCTCGCTGATGGCCCGCTGCAAGGCCTGCTGGGCGGTGGCGTCTGACGGCAAGAAGTACGTATCGCCATAGATATAGCCCTCGAGATCGGCGGTCGCTGGCTTGCTTTTCATGACCGCACCGGTATACGTAGCGGCGAAGGCGGCTGTAATTTGCTCATCGCTGTAGCCAGCGCGCTTGAGGGCGCTGGCTACATCGGTCTTTTGAGTAGCGGGAGTCGAGGTCTTGTCGCGTAGTGTTGCCCCTGGATAAAATAGTACCGAACGCCGATCCGGTTTGCCACCGAGTAAATGCTTAAGCACCGACGCCACATCTTGATCTTGTGTAAAGCTGTACACGCCCTTGTTGAAGGTGCCGGTAACGTTATTTAACTTGAGGTAAATCGTCATGGCAAAGGCGCTGCGAATAATTTTTTTATCTTCAAGTTTTTTGGCGATAACCTGTGCCGTGTCGCCACTGGCGATTTCGACACTAATTTTTTGCCGCGCCCCGGCGTTGACCGGACGAAGCATTTGTTTGTACCAAATGACGCTGCCAAGTATCACCACACCCGCCACCGCGACAACTGCCGATACGATAATGAGCCACAACCGCCGTTTTTTGATCTTCATTTTCTTCATCCGTGCACCTCCAAATAATCTTGCAAAATAATACTCGCTGCCTCGGCATCGATGTCGCCTTTATCTTTGATCTTGCCAGCTAGGCGCTGTTCGGCCTGAACACTGGTTAGCGACTCATCCTGATAAGCGATCTCGGCATCAATGTCCAGCTGACCCAGCCGCCTAACAAAATCG
CP047919.1_gap11	546394	549030	2636	TTAGGGCACCCTCTAACATATTCTCTGCCTGAGCCGTATCGGCCACGCCTTTGGCACCCATAATGGCCGATCGCGCTTCAGTAACCTTTTCAAATACTTCTTTCTCGTGCGTGGCGTAGCCCTTGACTGAGTTAACCAGGTTTGGAATCAAGTCAGTCCGGCGTTTGAGCTGGACAGTGATATCACTCCATGCTTCCTCGACGCGGTTACGCAGTGTTACCAGTCCGTTGTACGTACCGATCAAAAACGCCACGATCAGAACGATAACGACACCAACGATAATTAAGGTTATTATTACTGCATCCATGTTCTATTCTCCTTATGGTTAGTACCTTATACACATAATTATACCATACACACGAGTCGTATAGTGGCAAAATCATGCCAACTCATTGTTGACACGCAGCTCATCATAGTCGTATACTTATTCATATAAATCATATTTATATGAAAGAAAGGAATTATATGACAAAACCAAAGAGTAGACATGCTTGGACAGTCAAGGTTGGCGAACGCGGGCAAATTGTGATACCCAAAGAGGCACGAGATATTTTTAATATCAAGCCTGGCGATACACTTATCATGCTCGGCGACAAGCAGCAAGGAATTGCTATTCCGACTAAGAATAAAGTCATTGATACAATCACCGCCGTACTCAATGATACGGAGATGAAATCATGAATGCAATCACTGCGACCAACTTAACAAAACGCTACGGTGACTTTGTCGCAGTCGACAGCCTTAATCTATCAATTGAAAAGGGTGAGTTATTTTCACTACTCGGTGTCAATGGTGCGGGTAAGACGACACTGATTAAAATGTTATCTTGCTTAAGCCAGCCAACACAAGGTGATGCTATTTTACTCGGCAATAGTATTACCGAAAAATCTCAGGCAGTCAAACAGATGATCAACGTTTCACCGCAAGAAACTGCTGTAGCTGGTAATTTATCAGTCCGCGAGAATCTCGAACTGATCGCTGGACTCTACGGACAATCTGCTCATAACGCCAGTGAGAGCGCCTCGCGTATGGCAAGCCAATTCAAGCTCGAAACTGTCGAACATAAAAAAGCTAAGCATTTGTCTGGCGGCATGCAGCGACGCCTGTCGATCGCCATGGCACTCATCTCAAATCCAAAAATATTATTCATTGACGAACCAACGCTAGGTCTTGATATTTTTTCGCGCCGTGAGTTATGGGAGGCGATCCAGTTGCTCAAAGGTACAGTGACGACGCTGCTCACAACTCACTATCTCGAGGAAATTGAAGCATTGTCTGATCGTGTCGGCGTTATGGCGCGCGGCAAGCTCGTGGCAATCGGTACAGTAGCAGAACTGCAAAAACAAACCAATACGCGCACTCTCGAGGATGCGTTTGTAGCACTTGTAGGAGGTATTCGATGAGATCATTACTATTTGCTAAACGCTGTACAAAAGAAGTTGTACGCGATCCGATCAATCTATTCTTTGGATTAGTCTTTCCACTCGTTTTGCTTGGACTGCTCTCTATTATAAATGCCAGCATTCCCGCCGAAGCCAATAATACTATGTTTGCCATCAAAAATTTGGCACCAGGTATCGCAATGTTCGGTACGGCATTCCTAGCACTATTCTCAGGTATGCTCCTAGCAAAAGACCGAACCTCATCATTCCTGATGCGTCTGTTTACCTCGCCTATGACAGCCCGAGATTTTATCATTGGATACACAATTCCGATGATTATCATTGCTATCATGCAGGCAGTGATTACCCTCGTTATCGCCTGCTTTATCGGGCTCGACTTTTCAGTGCATATTATTGGGGCAATCGTTATTACAACGGTAACGTCGCTTCTATTTGTTGGATGTGGGTTATTCTTCGGCAGTCTCATTAACGAGCGAGCAGTTGGCGGTATATGTGGCGCCCTGCTCACCAATGTCGCTGGCTGGCTGTCGGGCGTATTTGTCCCGGTTGATCTCATCGGCGGTGGTTTTAAAATGGTTGCGGAAGCACTGCCATTTTACCACAGTGTTGCCGCCATTAAAGGCAGCATTGAGGGGAATTGGCAAGTCATCACACCACATCTACTGATTGTTTTGTGTTATACCACCGTTATCTTTACACTCGCTATCTATATCTTTCGGCGAAAGATGACCGGGCGAAACACCTGATTTACCTGGCACACTAGAACTCAACTATCCATCGCGAAAGCCGCCTCTTACCGGCGGCTTTTGTAACGATTATGGTGCGCGAGGCGGGAATCGAACCCGCACGACTTTTGGTCAAGGGATTTTAAGTCCCTCGCGTCTACCAATTCCGCCACTCGCGCATACCTCCATAGTATACTATATTTATAAAGTAAAATGTACACCCTACGCGCCAATATGGTGTAGATAGTTGGCCTAAGAACGAGATGACACTGGCATCTTGCTGCCCAGTATACCAAACGAAAAGTCTGCCAAAGAAATTCACCTACTACATAATAAAGACGACTGTACTTTTTTACTTTATTGACGCTTTTATTTTGAAAACTAAGCAAGAAAAACAGTAAACTTTTCTCGATTTACTATCTCAAAAATTGTTCTATTCAATGAAGCAATCTGTTATGTTTCATCATCTTTGTGCCTCCTGTATCCATCAATACCACAATAATATCAT
CP047919.1_gap12	721210	725810	4600	ACGGATTCTCGCAGTTGCACCAAACCTGTAGCGCGATTGATATCAAGCTCCTTCGGAGGATCATCGTTCAACGCTTGGACGGCTTCATCTTCGGAGAAACCAACTTCTGGACCAATGAGATAGTCGAGCAACTCGAGGAGCCGCATACTCCCTCCTCGCTTCTGTAGGATAAGGATCACCTCCTCCTGTCTGCGTCTGTGTGGACACTCTTCTGCTTCCAAGTCATTTTCTATACAGCGCCCTGTCTGATTAGCAGTCGTATCTTCCTCTGCTTTTAGAGCTTCCTTCCCGAGCCGTCTCTCGCGCAGATATGGCCCACACCACTTGCATACTGCTATCTCCAGCTCTCCGCTCGCTGACGCCACCGGCTGTTCTTGTCCTGATAGTTGAGTTGGCTGTAAATGCTCCGTCATAATACTTGATTATAGCATGGATGGTTAAAAATTAGGAGGAACCAGCTCGTAGCAATCTGGCGAAATTACCAGTCCATTCCGACCGCCCGCAGTAAACTCAGTGCACCAGTTCCGCAAACTCGGAAGAGTTCACATACTCAAAATCATGTGCCAGATGGTCACTCAGGAGGTTGTTAACATTCAAGGGACGTGGCACCGCAGCACCGAGATATATGGCGGCAATGAGCGCCGTCGATAAGCTGTGGCGAAGATTGAGCACGGCAAGCTTTTCAAAAATATCCACCTGATGCGTTTCGAGGTAGGTTTTGTGTAGCCTAGTCATCGAGCCTTTCGCGAGTTCTGGCTGCGTCACGTCAAGCCCCAGATCCTCGGCCACATCGACGAGGCGCCGGCTGGCTATCGGCGTCAGACGATCGATATCGTACCTTGTGTCAATGACTGCTTGGTTTTGCCGCCGCTCTCTCCACTGGTCGTACAGCCAATCCACCTGTTCCATTGCAATTGGCGACGATCGTTTCAGTACTGACAAATCGGCGCAGAGTTGGTGACCCGCAAAGGTCACGCCGGATAATGTCCGCGAGGAAGCGATATCTGACTCGATCATTTCCAGAAGCCGCGGCACCTCGTCTTCTGATTCCAGATAGACTGACTTGAATCCAAATTCGAGCAGACTTTGATCCTCCAACGAATCAAAAGTTGCAAGGTCAATGATGGCCCACGAGTAGCAAAACGGCTTTGATGCTCCCCGAACCCGGAAATTCTTTGTCCACTCAACATCGAGCGCAGCCACGAGACTTCGTTCTCGACTAAACGGGCGCTCTGGCTCACCAAACGGGCGTTCCGCCCACTGCAAGTTTGTTCTCAGGTGCATCGACTTATGTATTCTCCTAGAGACGATTTTAACTCACATAGATGCTTTTACCAAGGCTCTTAAGAATAGTTACCTGAAGGGATAATATTACGAATCCTGATAGCACAAAACTCCAGTTTAAGGACACCATTTCTTGCACCCAAAGATCCGAGTAGCTATTGCTTTATTTGCACAGCTAGCTTATATTTGCAGTAAATATGAGCTCAGAATTCAAGCCATTGCCGCGTTTCGACCTAGGACAAACACATCCCCTTGGCCCCAATCCGCTGGACGGCTCCAAGAAGGAGAACGCAGCGATGACTAGTGATGCTGCAACAGCAGAGTCATGGATAAGTTATAACTTGCCGCACATCGAAGCCCTCAAAAGCAAGGCCCACGAACCTGGGATTCCTTGGCTTGTTAAGGTTTTTCGAGTATGGCGCGCAAATAGGGCTATCGAAAAACGGAATAAAAAGACCTTTTCCAACATCGGCATAACGGCCGTTCACTTAATGGAATGCGATCGGACGGACGGGAAGCGACTCGTCATCGTCCGAAAGGAGAAAGATGAGGATCCGAGGGTGGTGCTTGAGCCCACTATACCTTATCCAAAGCTTCGCCAAGAAGGTCGGCATAGCAGCCAGCGGCGATGATAAACCTGCTCGACATATTATAATAACTTGCCCCGACCTTCCCCCACCAGTAACTTCACTGGAATATGCCGACTTAGCTACTTCAAAATTCGCGATGCCCAGGAATTATTTCCTCAAAGACTCCTGCGCATCATCAGCGGCGAAGCGGATCGGGTACATACTCGCTTCTGGAAATTCTCTTTTGAGTTCGGCAGTCAAATCCTTGTAGTGCATATCGGGTTTCTGCTTCAACAGCCTAGTTGCAGCCTGAAACAGGCTATCATAAAGCCTATCCTCCTCGTACAACATGTCCTCGATATTCTGCATTACGGTTCTTTCCTCTGCTTTATTTGGATCAGCACCAACATCACCAGCACTAATATGATCTGTCTCTGGAAGCTTCAGATCCTCCATATTATCTCCTGTCTCCGTTCACTTGGATTATATCGTGGTGGGGGTGGCTGGGATCGAACCAGCGACCAACAGGTTATGAGCCCGCTGCTCTAACCGCTGAGCTACACCCCCATGAGCGATATTATACCGTAAAAGCAGCCGGGTGAGAAGTGCCGTCAATTTACCCCACTACCGACCGTCAAGCTGCTCGTGCATTCCTGAGGGCAGTGCGCACCATCCTAATTCCATCCCTATTTGTCTGTTTTTGTTCCTCAGTTAACGGACCCTGTCCTGATGCGTCATGTACTTGTTGCGTGCGTGTATCAAACGCTGCAAGATCACTGCGCCGACGAGGTCGCGGCTTCTCATCCGCAGAGACGTTCTGACCAGACGGCGGTTCAAGCCCAAGTGCCAATCACACTTTATAATATGACCAGCCCATTTCATCGACAAGCTCATCAACCTTCTTCCACTCCTCCGCGGTCAATTCACGGCCCCGCTCACCAGTCTGCGATAGTTCACTCATAACTAGTAAATATCATATTTTGCCCATAAAAGCAATACTACCTCAGCGCCACAACCCCCACTACAAAAAGACTCCCGCATGAGCGAGAGTCTTTGAGGCACCTGTTTGTTTGATACCATTGTACCGGTAACGAGGTGTATAATGCAAGTGCTTATTTCTTCTTTTTGATCGTCAAAAAGCCATTGCGTGGGTTTTCGGTAACGATCCGATCAGCTGGCAAGTCGCATGGCTCGCCCTTGGCGTTCTTTTCAACCTTGGCGAAAAAATAAATCGTCTGCGTTTTGCCACCGCGCAGCGTGACTTCGGTTTTATGCAAGTAGTATGTAATGCCTTTTGAGTTTGTGTGCTTATAAGCCATTCGTATACCTCCTGTTAGTACTATACTATTCTAGATTAGCGCCTCTGTTGACCTCTGTCAAGCCTAAAGCGGTTTCTGACGGTACCGAAGGAGTAATTTCAACACCGCCAAAGCCACCAGTCGAGCAATAATAATCAGCATAATTACCCCTGTTACTACCAATGACCAGCCCGCCAAGTCCGATGACCAGAGTGGCGGCACAAATGTCTGATAATACGGCGCGGTGGCAGGCGGCGTAAATTTGAGGTCAAGCGACGAAGCGGCCGGGTACTTTGCCCATTCATCATTGATACAGCTGACGTAGCGCGGGTCGGCCGTAGCATAAAATCGTCCCCAACCGCCAGCCTGGGCTCGGGCGTCGCAGACTTGGCGGACTTTAGCGACCGTGTCGTTGCTGGATCGAGAAGCCGACTTTGACTCGAACTCTTTCCAGGCTGCCTCGTAAGCCCGCTTGTACGAGTGCTCCAGAGCGATGCGACCTGGGTCGGCGTTCATGTGTGCAACCACGTAGCGCTGCAAGTCATACACCCGCCGCTCCAGCGCCCCCTCGTCGCCCTCCTTGTCAGTGTTAATGACGGCGTCACGGCGCTCGATCATGCCAATATTATTTAGCCTGAGGAATGTCGCGCTGACAAACGACGCCATCACCAGCAAAATGACTAGCTGCCATGTCTTGATTTCTTCTAGCCGCCGGATCGCCCGACGCGTGCCTCGCTTATCTGCCATTCCCCCACCTTTCTCAAGTCCATTATACCAAAGATAGTGGGCGAATGCGACACGGGGCCAGTGTCAGTGGTATAATGACGCTATGAGGATTTATTTTTCGGGAATTGGTGGCGTGGCGATCGGGCCACTGGCAGAAATGGCCATCGGCGCTGGACACGAGGTCTGTGGCTCTGACCGAGCGGCCGGCTTGATGACGGAAGCGCTCAGACAGGATGGAATTACCGTGTCGTTTGACCAGTCAGGCGAGTTTTTACATAGCGAACATCAGCAGTCTCCCTTTGACTGGTTCGTGTATACGGCGGCCCTGCCGGCGGATCATCCAGAGTTGGTACTAGCGAGGCAGCTAGGGATTCGCACCAGCAAGCGTGACGAGCTACTCGCTCAGATTATCACCGACAAGCAGCTCAAGCTCATCGCTGTCACCGGTACGCATGGCAAGACGACGACGACCGGTATGCTGGTGTGGACGTTGCAGCAGCTTGGCGTGCCGGTGAGCTACTTGGTTGGCTCGACGCTTAGTTTTGGCCCAAGCGGTCGGTTTGATCCGGCCAGTCAGTTTCTGGTGTACGAATGCGATGAATTTGACCGCAATTTCCTCCACTTTTCGCCGTGGCTGAGCCTCATTACCTCAGTTGATTATGACCATCCCGATACCTTTCCGACGCCAGATGATTACCGAGCGGCGTTTCGGCAATTTGGCGA
CP047919.1_gap13	743872	745919	2047	CGCAAGTGCTGCATCCCACAAACCCTGGCGGGAGTCGGTGGTTGTCTCGGTGCCGTCATCGGCTTTTTTAGTAGTGACTTTATCAGTCTGTTTATACGTACCAGCGATGCGCACTGTCTTTTCCGCATCATTTGGATCTGGTTTTGTGTTGTACACACCAGACGGGATAATCCACGTCAGGACTGCCATCAAGGCAATCACCACAAACAGCACGGTAAAGGCTGAGGGCGAGCGCAGCTTTTTCTTAATTTTTTTCATTTTTTCTACCATGTCCGGAGCCTCCTTTACTCCTGTATTACGACATCTACAGCGTCAAAGCGATAACCGCCTTGATGGTATGCATACGATTTTCCGCCTGGTCAAAGACAATCGAATTTGGTGAGCGGAAGACGCCATCCGTCACCTCCATTGACTCCAGTCCGAAGTCGTCCCTGATGTGCTGACCGGTCGTGGTCAATGCATCATGAAAGGCCGGCAGGCAGTGCATGAACTTGACCTCAGGATTGCCGGTGAGGTTCAGCATGTCACGATTAACCTGGAAGTGACGCAGCTGATTGATGCGCTCAGCGAACTTATCCTCTTCGCCCATCGACACCCAAACATCGGTGTAAATGACATCGGCACCGCGCAGGGCTTCCTCAAAATTATCAGTGATAGTAATCCGCCCGTGGTTCTGGTGCGCCAGCTCATGCGCGTGATGGACGAGGCCCTCCTCGGGGAACAACTCACGCGGTGCCAAGATCCGAAAGTCCAGCCCCATGATGGCCGAGCCGAGCAGCAAACTATTAGCCATGTTGTTGCGGCCATCGCCGACAAACACCAGCTTGACGCCGTGCAGCCGACCGAGGTGCTCCTCGATAGTCATAAAGTCGGCTAGAATCTGCGTTGGATGGAACTTATCAGTCAATCCATTCCATACTGGCACGCCGGCGTGCTTCGCTAGATCCTCCACAGTCTTGTGTGCAAAACCGCGAAACTCAATACCGTCAAACATTCGGCCCAGCACCTTGGCGGTGTCCTCGACCGTCTCTTTCTTGCCAAGCTGAATATCGTCCTTGCCAAGATATTCCGGCGCGATACCGAGGTCGTTAGCCGCCACCGTAAAGGCGCAGCGCGTCCTGGTCGAGGTCTTCTCAAACAATAACGCAATATTCTTGCCCTCATGAATCCGATGCGGCGTACCAGCATACTTCATCCGCTTATACTCATTTGCCGTCGTTAGTAGCAACCGAATGTCACCCGCGGTAAAATCACCCAGCGTCAAAAATGATCGCCCTTTCAAACTTTGTGCCATTATACATCCTCCCGTACTAGCGGCATGCTCATACAGCGTGGGCCACCACGGCCGCGGCCAAGCTCAGCACCGCTGACTTCTATAACTTCAACGCCGTGCTCGCGCAGTTTTTGGTTGGTGACGTAGTTGCGGTCATACGTCACCACTACGCCCGGCGCAATTGCCAAGGTGTTTGAGCCGTCGTTCCACTGCTCACGGGCTGCTGCGATCGGATCACCGCCGCCACATTCGATCAAGGTAACGCTCGGCAGCCCCAAGGCCACCCGCAAGACATGCTCGAGATCCGTCTCGTGCGTAATGCGCGGGAACGGTTGGCCCTCAACCTTTTCCAATACGAAACAATTCATCTTGCCGCCGCGGTCGCGGATTTCTGGATGAATAGTAAACTTGTCCCGATCAATCATGGTAAACACCGTGTCCAGGTGCATGAAAGCGTGTGACTTTGGAATCTCCATGGCAACGACTTTCTTAAAGCCAGAGCCAGCAAACAGCTTGGTTGCCATCTTTTCAATCGCCTCAGCCGTGGTGCGCTCCGATACGCCGATGGCCATCACTTCACTGCTCAACACTAGCTCATCGCCACCTTCGATCGAGAATTTTTCATGGCGATCATACCACACCGGCACATTCTTATTAGCAAACCGTGGATGATGATCAATGATGTAGCGCATGAATAGCGACTCACGACGACGCGCCGGCCAGTGCATCTTGTTGATCGTCAGACCATGACCAATGGTTGCAGCCGGGTCACGC
CP047919.1_gap14	777069	781876	4807	GCTCAAGTGGCGGATCATATGTTGAATCCAGGCAAAGTTAGCGTTACCCTTTGGCGGCAGACCATACTTCCAGCGTGGGTCAGCCTGCAAATGTTCTTGACCCCAATCACTAATATTAAACGGTGGATTAGCCAAGATATAATCAGCTTTCAGGTCAGGCAGCTGGTCATCCGTCAGGGTGTTGCCACGTTTGATATTTGCATCAATTCCCCGAATTGCCATGTTCATTTTAGCGAGTCGCCAGGTCGTTTCGTTGAATTCCTGACCATACACTGCGATGTCGCTAACGCGGCCCGCATGCTCTTCGACAAACTTCTCACTCCAGACGAACATACCGCCGCTACCGCAACATGGGTCATATACACGCCCGCTGTATGGCTCAAGCATTTCTACCAGCAATTTCACGATGGATCGCGGCGTGTAGAATTCACCGCCATGCTTACCCTCACTATCAGCAAACATACCCATAAAGTATTCGTAGACTTGACCAAGCAAATCTTTGGAACTGGCAGTATCAAATTTGATATTTGTAAATAAATCGATGAGTTCACCTAGACGGCGTTTATCTAGAGCTTCACGAGCATAATTTTTCGGCAAAACACCTTTCAAACTAGGGTTGTCGCGCTCAACTGCCTCCATGGCGCTGTCAACTAGTACGCCAATTTCTGGCTGCTTGGCGCTCGCCACCAGGTGTTCCCAACGAGCCTCCTTGGGAATCCAAAAAACATTATCCGCCAAATACCAATCCCGATCTTCTGGATCATAATTCTCATCGACCGCCGCCTGATATCGCGCCGAAAACGCATCTGAAACATACTTGAGGAAAATCAACCCCAATACGACATATTTATAATCCGACGAGCTGATATTACCCCGTAATTTATCCGCCGCAGCCCACAACTGCCTTTCAAGCTCCCTCATGTTCATATGTGTAATTATATCAGATTCGAGGGTCGTTTACTCTGAGTGTATCAGACTCTTGTAGCTAGTTTTCGTAATAATAATATGATCATTAAGCGTAATGCCAAGCAATTTTCCCGCTTCTGCCAACCTACTAGTAACATCTTTATCAGCCTGACTCGCCTCCAAACTCCCGCTCGGATGATTATGCGCCACGATAATCGAGGCAGCGCGATCGGCGATGGCGTCGGCGAAGACCTCGCGCGGGTGCACCAGGCTGGCGGTCAGCGTGCCGATGGTCACTACCCGCTTGGCAATCAAACGATTCGCGCCATCCAGCGTCAGGCAGACAAAATATTCCTGCTTTTTGTCACGGATGTCAGACAGTAGCTCAACCGCCTTTTCTGGGCTATCAATGATCGGCTGGTTGCTATCCAGCAAATACCGCCGCGCCAGTTCCAAACTCGCCAGAATCACCGGGATTTTCGCTTCGCCTAGACCAACCACACTGCTCAGATCATCATACGAAACATCACCGCCTTTTTGACGCACAATTTTCAGCACTTCGCGCGCAATTTTACCGACATCGGCCCGAGCATTACCGCTACCAACAATCGCCATCAACAGCTCCACGTCGCTCAGCCGCGCCGTACCGTAACGCGCCAACTTCTCGCGGGGACGGTCCAAGGGATGACGATCATAGATTCTCATATAGACAGTATAGCAAGCACCCTAACTAAACTAAAGTTGTCAAACTGCACGCATACCTACTGTTCAATCGGCTTTGTCAATTCAACATTGATAGAGATTTTATCAATATTAAACATCTCCGCTAGTTCGCGCATGAGCCGTATTTTTTGATTCGTATTTGTTGCTACGTCAACCACAAGCCCTGTGTCGTGAATCTTTACGGAATTAAAAAATCTTTTAGAATCGTTACTAATCCAATTTTTCGTCTTTTCGCTGTTCATAATCTGATCAGTAAAATCAGGGTTCTCGTCGTACAGATACTCGCAATAGACGCCAAGAATTTGCGACCAGCTCGTTACTGGATAAGAATCATCACCGATATAGAATATTTTTACCGCTGCGCCTGTAAAATCAATATCGTCGAAAATATTAACTTTCGTATCAAGTATTGGCGGTTCAAACGTACTTGTTGGCAGCGGCCAAATTTTAATTATTTTATCAATCCACCACCGCTGGCGCTCCAATATTGCTATTTCATTCCATGTGTCATATTTAGCAACAGTCTTATTAATCTTAAGCGGGCTATCAGCAAACCCGTCTGGCATATCACGCTTTTCCCGGAAACTCTTGTTTGAATATTCAGAGTTATATCCCGTCAATGTCAAATTCGCTAACCCGTGCAAATACGTGCCATGAATTTCATCGGCACGGTCACCGAGCTCATCCCGCCAAGCATTGGTCATGGTTTGCGGCATAATATGTTCAATTGTTAGGTGTAGCTCTTTGTCATTAATCTGTTTCAGTAATGACACGTCCTTAGATTCATCGTCGACCGCAGTTAACAAATACATGACATTGGAAGAGCGCTGATTATAGGTAAAGTTTGCTTTTATCGCTGTTTCTATTTCATTATCTCGAGGTAATCGGATCTGCCTGTTTTTCGAAAGTACGGTATATTTCAGTACTTCAAGATATGCAGCATTGTCCTGCTCAGCAATTGACAATATACTTCTGTGTAATCCGGCGAAATATTTACCTAAGCCTGTTGTCGATAAGTTGATAACGATACGCCGCGAAAAGTAGACACGCAGCACATCAAATACCTCAGCAATTTCATCATCTGACAAATGTCCGTCTTGCCAATATTTCATGACTGATACGGCATACGGAAAGAACGCTTCAATCCTCAGATAACGCATTGTAAATGCCACCGAACTAAGTCTTGCAAATTCATTATTTTCGTCTATGCCAAACTTTAGAAAGCGATAATATTTTAGTATTCTCAAAATCTCGCCGTAAAATTCGTCAAGTGATTCGTATGACTGGTCATTAGAAATACTTTTAGCGAATACTCTTTTGAATTCCGGATATACTTTATCGGTATTCACGACCGATTGGTTCTTGGCGATCAAATAGACGCGGAAGAAGTCGGTAATATCGTCACGCTGCGGATCGGTTAGGTATGTTTCAATATGCTGCCAATAGTTAGTCAAAACATAATCTTGTTTTTCGGAGGTGCGCAACATTAACGAGAAGTTTCGGATTTTGTCGCCATCTGTCAACGGCTTGCCAGTTGAGTTAATACTTTCAAAGACTTTTTGCGGATTATCATCATCTTTGTCTAGAACAATCGTGACAATCTCGAAGTCGTCAAGTGTATCAATATATTGTTCTAAATGATTACGATTTCTAAAGTAGTCGTAAAATTGGAGGTAGGATTTATGCAAATTACTTTTCTTCTCATATTCTGTCAGTTCTGCCTGGCTAAATATTTTCTCAAATATTTTATTGTCAGTAGTTACCGCCCGCAGTTTGATACGGTTTTCCTCTGATCCATATTGTTTTGCATATCTATTGTATAAATACTCGTCCTTGATTTGCTCGGCTATCAGTTCAATCTTTTCAGGAGATTCCAGCGCCAAATGGTAAATTGCGGTAATCATCAGCAAAACTGTCGTCGCACGCTGCTGGCCGTCGATAATGATACTTTGGTCGCCGTCGTTGATATACACGATACTGCCGAAATAATGCTTTTTATCTCCACGCTTCACCTCTTCAAGGTCGTCTAAAAACATTTGGACATTATCGGCTGTCCAAGAATAAGGGCGTTGAAAATTAGGTATTTCAAAGAATTTGTTTGGCGTATATAAGAATAATTTAATGTTAGTTTGCAGCGCTTTCATACATCTAATTATACTACTTCATTGCTACCTCTTTAGGCGGTGTGTTTACTAAACTTTCACTAACTGCCGGCCGCGCGCCACGCACATCGCCACTACAAACATGCCAACCAACCGCGATACTAATGAGGCGTCGTCTGCGCTTGATTGAGCCGTTGACGCAGACTCTTCTTCTGGATTGAGCTGGCTGTCGTCCGGCCATATGCCAGGAGATGGGCGGCCTTTTACGACCAAAACATTGTCACTCACGGCACTCGTTTCGCTATTATAACCGTAACTGTCAACCGCCAAGTCAGTCTGTTTGTCCGCTTCAGATTCCGACTCCCCGTCTAATTTATTGACAAAAGTAGGTTCTGCTTGCTCTTCAGACAAATCGACGACTGATTCTATGCCGCTGGTATCCGTAATTATAGTTTCAACTTCAGCATCCATGCGCGGTAAATCGCTTTTTTCCGATGTTTTTACAGTCATGTTTTCACGCTCCTCGTGAGGCATGATGCGCTCCTCTAAAATTTCCACTGCTGGCTCATCCAGCTCGACATCAGGTATTAGCTCAATAGCCGGTGAGGTGGAGATAACTGCTTGCTCCGCTGGTTTAGAGTCATAGCCTTTGGTGATTTCAGGCACTAATGCCACCTTAGAATTATCCAACTGCCCCACAGAATCAATATCATTGCCTACAGAGAGCTTCAAATCATCGGCTTCTTCACGCACCGTAACGACTTCTGCCGGCGATATCACCGCGGCTACTTCAGTTAAGGTTAATTCTGATTCCACTACCGGCAAATCCTGCTTCACAAAAAATACCTCTTCCTCAGCCCAAATCCTATCTTCACTGCGACTAATGTCCATAGTGGTGTCAGAGCAATCAAATTGCCTAAAGACAGGAATTTGCGGCTCGCTCGCATCCGTATCAACCGCTAATTCATCACCCAATTCCTGCGACAGATCAACGGCAAGTTGAGCGCCATTTCTATCAACTGCTATGTGTTTATCTGGTAGATTCGGCGCAATGTCTATCATTTCTACAGATGCCG
CP047919.1_gap15	782952	785375	2423	AAAATTTCACTGTCTTGATTCGGCGGCGCAACCTGCTCAATTAGTTTATCCGTCTTATCGTCACTTGTTTCAGTGATATCTGCATTTGTTGAATCCGCCCCGCTATCAGGATTAGCGTAACCCGCCACGACAATACCGTCATCGTCGTCACTCAGCAAATCTCTTAAATATGATTCGCGTTCTGGCGCTGGCTGCAAATTTTCATTAGCAAAATTGCGCATACGTAAAATCGGACAGTCGTCGCGTGCCGCGCAACTAGCACAGGCGGCACTCGCCACACCTTGACATATTGCTGCCCTTCGCTCATCACTCATCCGGTTTTCCGACGAATTAATCTCGCTTTTGCCGGCAAGCGATAACGCGTCAACCGGCGCAGGCATATCTTTTAAGTCGGTGCTGCCATCCATGAAAGTATCAAGCTCTGCTTCACCGCTAGCGACCGCCACCAGGTCAAATTGGCTAGCACCATCAGCCACCGCTTCGCCAATGCCAGACGAAAAATCCTCACCACCAACACCATCTCGCAGCGACGAAAACACGGCAAAATTATCACCGTCAATTCCTGTCGGTGATAATTCTACTGTAGTCGTCGCCCCAATCATTGCTCAAAAAATGTCTCCGTTGAAATATGCGATTCATCAACACCAGCGGCAGTTAGTTTTTGCCAAACATCACGCACAAATGGTAGACTACCGCAGACCAGAAAGTGCGCCTCGTCCGGCGTTTCGGCGACGATCTTCGCCACCTCAAACCGCCCGTTATGCCAGCCGTCTCGTTCCTCAACCTGCTGGCGGGTACTAAACTTATGGACCTGAATGGATGAGGCCGCCAACTCCTCAGTAAACACCATATATTCTGGCGATTTTTGACTCAAATAGAGAAAAGTCGGCTGCTGGGCGTCCGCCAAAATACTCCAAATCGGACTGAGTCCACACCCCGCCGCGATGCCGACCAATGGCTGCTCGGTTTGCGGGTTGAAATCGCCGTACGCCCGGCTAATTTGCAGCGTATCGCCAACGCGGCGCGAACACAAATAACTCGAGAATTCGCCGCCCACATTTTTCACGGTAATTGACATCAGCTCCTCACTTGGGCGCGAAGAAATACTATAGGCCTTGCCTTCGCGCACCTGGCTGCCCTCAATGAACACTGTGATATATTGCCCCGCCATAAAGTCAAACGGCCGCACGAAATACAGCGTCGTCACCTCAGGATTTTCCTGACGTACCCGCACAATTTCAACGGTTAGTGAATCACGCATTCCTCGACATACCTTTCCATTATTTTTTGAGCGGCTCTAAATTCTTCGTCAGTAAATGTGTGGTAATTGGCAAATTTCGGACTAATGGTGGTACCGGTGCGAAAATGCTGCAAGGCAAATCGCTTGGCGCCTTTGACTAACTCACCAATCTTTTCAAAATCCGCTACCTCCAGCTGCTCGCGAACGATGGTCGTCCGAAACTCATGGCTAATCCCTGAGTCAATCATCAGCCGCACATTGTCTTTGATCGCCGCTAGATCAATCGGCCGCGCCGCAATCTCCACGTATTTCTCTAGCGGGCCCTTGACGTCCATGGCGATAAAGTCAATCGTCCCCGCCTCGACCATACCGCGCACTATATCCGGATGCGTGCCGTTAGTATCCAGCTTGACATCAAAGCCGAGGCTCTTGATCATCCGGCACAGCACCGGCAAATCCTCGTTAACCGTCGGCTCGCCACCAGAAATCACCACGCCGTCCAACCGACCAATGCGCGATTTCAGGAAAATTATCGCCTCCTCGACTGGGATACTCGGCGCCAAGCGCTCGGGCAGCACTAGCTCCGGATTATGGCAATAACCGCAGCGCATATTACAGCCGGATAGAAACAGCGCTGCCGCCACGTGCCCGGGATAGTCCACCAGCGACAGCTTCTGAATCCCGCCAATCGCCACCTTAAGCTGGGACAGCGACGGCGCAAGCTCGCTGGTGTTCGGCGGCATCGTCATAATGCTCCCTCATGTCAAATTCAGCCTGCTTACCGTTATTCCACTGGGAAACTGGGCGCAAGAAACCAACCACCCGCGAGTACACCTCGGTACTTTCGCCGCAATTCGGGCAAGCCGGGTGCTCACCGACGATATAGCCGTGGTTAGCACAAATTGAAAAGCTCGGCGTAAAGGTAAAGTACGGCAATTTGTAATTCTCACAAATCGTTTTGACCAGTTTCTTCAGCGTCTGCGGATCGTCCATGCGTTCACCCAAGAAGAAGTGAATCACCGTGCCGCCCGTGTATTTAGTCTGCAGATTATCCTGCAAATCCATCAGCTCAAACAGGTCGTCAGTGTAGTTGACCGGTAGGTGGCTGGAGTTGGTGTAGAACGGATGTTTAACCGCCGCGCCCAAGCCATTGGCAAAGTGGGCTCGGTCAGGGAAGCTGGCC
CP047919.1_gap16	786614	790439	3825	TCCGCCGAAACGTAGTTATTCAGGCCCTGCAAACTATAGCCCATGTTGGAGTTTTCTTTGACTTTCCAGTCCAAGTTATTGACGTATTTATCGATCAAATCGACGTGCGCATTGGAAGTAATTTCACGCAGTTTTTTATGCTGATCGCGGTAGATGATGTAAGCCTTGGCAGTTTTCTTGAACTTGGAATCAATCAAAATATCCTCGACGATGTCCTGGATGTCTTCGACACCTGGCAAGCGTTTTTGGTTGCGAGTTTCCAGTACCGCCAGCACCTTGTCAGTCAATTTGACAGCCTGCTTGGCGTCAAATTCGCCAGTCTCCAGGCCCGCCTTCTCAATGGCTTTTTCAATTTTTTTACGGTCAAATTTAACAGTCCGACCGTCGCGTTTTTTGATTGATTTGTACATACCCCTCCTTATTATGGCAATAGCAAACCAGCCCCAACCTCCCCGAGGGGCTTGTGTTGCAAAAAACGTTATTTATTTTCTAAAACACCATATGTAGTGCTTAATATAGAATATACACGCGATATATAGCGTTTGTCAACGAAAATACATTGTATTATTTACATGTGAGAAGCGGAAGTCTTTGTTCCCTCTGATAACGCCAAAACGTCGCGGTAAATCATATCAACAATTTCCGCTTGAGCCAGCTTCTCGCCAATTCGCCGCTCGCCTGGCACGTCCAAAACATCTTGATCTTTCCACCACTGACGCATTTCCGATGCGCCAAATTCATGAGTGTTTGGCTTAGTGGCGTGGCGGCGCACCGTTTCCTCAAACGATATATCAAAATAATAAATCAGTTTTTCGCCCTGAAAATCATTCAATAGCCGGTGCAGCATCGCGCCATATTTTTTATTACTCAAAATACCTTCCAAAATCACCGTATAACCAACTTTGTTGCCGTACATACATAGATCATACATCAGTTGAATCGCCGGGTTGCTTTCGCTGTCTTTCACGCGAAGCATCTCCCGCCGCACCATATCCTGCGACACCAACATCGTGCCGTAACCTAGCTGATGCTGGAGCAGGCGCGCAGTGCTGGTTTTACCGCAACCAGAATTACCGCGGAGAATGATCAGCGGATGAGAGGTCGTCGTGTACGCTCCAGCAAATCATAGATTATAACGACAGTCTCCGTATTACGCCCCTGTATCTCGCCGATAAAATCCGATCACTGCCACGCCGAGTGCCACCAAACTCACACAAATTAAAACGACCAATTTCCCTAAGTCCAATCCATCCATCAAAGTCCCCGGAATATTGTAATAATGAATCAGCGACCAAACGTCATAATCTTTCCAGCTTTCGATCAGTTTGGCGGTGATTGACAGAGCATACATTGCTAGAAAAATCAGACTACCAGCGCCGACAGCCAGCCCGCGCCTACCTGTCACTGCCTGAGTGACAAAGGTGATACTACCAAAACTAATCCCCAAAAACCACAAACTCACACAAGCCCCAGCAACGTGCGTGAGGTTTGGATGAAAATCGAACAACGGACCGATGAGCGCAATGGTCATACACAATAACACTGGAGGAATCACCAATAATCCCGCCATCGCCGCATATTTTTGCAGTACAATCGTCACGCGAGTTCGTCGACTAGCAAGCAGCAACTCCAGCGTGCCCGAATCTTCTTCTCGGCCAACTACCCCAGCGCCCAAAATAATCGCCGTAATCACCACCCCAACCATCGCCACCAGTGGAAACAGCTCAATACTCAGCCAGCCTTCTGGCGTGGTGCCAATCGCCAAATCGCCAACCACCGCTTTCATGCCAGCCGGCATCATGCTGACAAACGGACTTAATTGATCGCTAAATTTATTGAATAGCGCTGAAAACAACACCGCCACAACACTAATACCAATACCCAAAAACAGCGGCAGTTTGTAATTTTGCCGCACCGTTTGCCACATCATCGCTTTGCCTCCTCGCCTTCATAATACCGCATAAATAATTCTTCTAGCTCTAGTTCTGATTCGCGCAATAGTTTTGGTTGGTATTCGGCGATGAACGAGACAAACTCCGTTGCGTCGCCTTTGACGGTAAATTCGTATTCGTCGCCACGGTGTTGAACGCCGGTGATGGATGGCACGTTTCTGGCTGCCGTTAGGGACGGTTTTTTGGCAAATGTCACAATGTAGCGGTGCGTTGACAGATGTTTCATGGTGGCGATAGGTTCAATGGCAATCAATTTCCCGTCGCGAATAAAGCCAGCGCGGTGACAAATCTTTTGCACTTCAGCCAGGTCGTGGCTACTGACAAACACCGTGGCGCCTTGTTCAGAAACTTCGCGCACCAACTCGTAAAATACCTGCTTCATCAGCGGATCCAGACCGCTGGTCGGCTCGTCCAAAATCAGCAGTTTCGGGCGGTGCATAAAGGCCTGAATTAGGCCAATTTTCTGGCGATTACCCTTGGAAAGCTGGCGAATCGGCCGATCCAGCACCGCCTCAAAACGCTCAGCCAATTCATCAACATAGTGCCAATCAACCTTCCGACCCGTCCGCGCCAAAAACTTCAGCAATTTCCGACCAGTCATAGTTTCATACAGGGCGATATCGCCCGCCAGATACCCAACCTGATCATGAAGCGCCGCTCGTTCCTTAGAATTCCGGCCGCCCAGCAATTCTACCCAGCCGTCCGTCGGCCTCAAGAAATCCATCACCGACCGAATCGTTGTACTTTTACCCGCACCATTCGGTCCAAGAAAACCAAACACCTCGCCTTCATGCAGCTCCAGCGACACATTGTTGACTGCCAGCTTATGCCCAAAGCGCTTGGTCAGCCCGTGTAACATCAGCGGTGAAGTATCACTCATAGCGACTCCTTATGGTCATCATTTGCTATAGTTTCAGTATATCGCATGGTAGGCTTTTACGCCACCAGATCAAAACGTAACTTTCTTTAATTGCAAGTAGTATCAGCCAGCCAACCCTCAGAAATGCAAGCTGAAGGTAGAGCCCTGACCCGCTTCGCTTTTAACGCTCAATTGATAACCGTTTTTGTCAGCCACCGCCTTAGCGATAGCTAGCCCGAGTCCATAGCCCGAACCATACCCACGCGTACGCGCTTCATCACTACGATAAAATCTGTCGAAAATTTTCGCCTGGTCTTGTTTGGCGATGCCAATGCCTTGGTCGACAACTGAGAGAGTTTGGCCGTCCAGCCGAATGACTACTGTACCACCTAGTGGCGAATATTTGATGGCATTATCGATCAGCGTACCCAAAATTTGCGTCACCGCCGCGACTGCGACCGTGTGCGTTACTGACGGCACTTGCATATCTAGCACTACTTGTTTTTTGTCAGCCACCGGCTGATAGCGATCAACCGTGTCGCGGACAAGTTTCGCCATATCGACCGCCTGTTTTTCAATCTGCTGATTATCGACCTGGGTAAGTTGCAACAAATTGTCCGTCAGCTCGCGCAATTTTTCAACCTCGTCAATGTTGCGCTGGAAAACTACCCTCACCTTTTTTTCATCCAGCGTTTTTTTGCGTAGCGCCACTTCGTTGGTGGTCATTAGCGCCGTCAGTGGCGTCCGCAGCTCGTGACTAGCATCCGACACAAATTGCACCTGAGCCCGCATTGCTCGCTCGATCGGCGCCAAAGTCCGTCGCGCCAACAACATACTCAGCCAATATCCAACCAACAACATCACCCCGTTCAGCACTATCAATGACATAACGACCGACCCACGGGTTTCGCTATTGCGCCGTTCCAGGCGGCGATTGAACTGACGTTCGGCGAGCTCTGGCGGCTGCTGAGCATGTTCGCCCGGCGGCAGCGGCCGATTTAACTGGATGGAAGT
CP047919.1_gap17	792005	796889	4884	GCCAAGACACACTTCACGTTTTCGTCCATAAATGCTACGTGTAAATCTTCAACCTTCTCGTCATCTGTCGGGCAACCGCGTTGACTCCTAGAAAAAGCATTTTTACTAAACGTAACTTTTAGCCCAAGTGACTCTAATGCTGATTTGGCTCGCTCTAAAACACCTTCGTCAATATCGCTGGCTGAGCGCGCCGGTGCAATCACCCTCACTTCATCACCTGGCTTTAATTTATCTGGTATCATATATTTCCTTTCCTAAAATTAATCAATCAAAAAACCTCCCGCAGGAGGCATAAAACAGCAATAAAACACCTCCTGCTTACATGTGGAGATGATGATGGATTGAGAGTAAATTCATCATAGTTTCAGCATATCATAGCCTTACTGAAAGATTAAAGCGATAAGCAAATTTCCACTGCTAGCACGCCATAATGTTTTTGGTCGGCAGCGGAATAATATTTGTTGTATTCGGCAGCGGCAGCTTCGGCACTGGTGGCATGCGGAATAACACGGTGGTAACCCTCGGCCTGCACCATTTCTAAAAAGGAATTGTAGTGGCGGATGGCGATAATCTCCACGCGTGCTTGATCTGGTTTGCCGTCGTGTAGTATTCCTTCGGCATCGCGAACATCGCGACGCAGGTGAATCTTATCGCCGACTCGGTACTCGGCAAATTTTCCGCGATTCAATCGACCTTCAACCGTCTTCCGCCCGGCGATAATATCGTCAAGTAATTTTGATTCTCGTCCTGAGTGCCAGATTTTCATAATTCCTACAGTGTTGTATCTTTTTTATAGTTTTTCTTAACTTCTTGCCAACAGCGATGCCATAGAATTATAGCACAGCCTATAAAAGTGTTTCTACTAGTCATGCCTACCAAACTACAATAAAATCTTTAGATTAGGCAAATCTTAAACAGCTATCGCCTGAGCTTCCGGCCAAATTCGCTGTACCAGCCGGCTTGCCGCGCGTGGTTAGCCGCACCCAAGCATCGCCATAGGCCTGGTCGATTGCCATCAGTCCTTGGACATCACGAATCTACCAACAGCCACCCTTCTATTGACACGATGGTCATAATTCGATACGATATGAATGAATACAAAAAGTTATTCATTCATATCGTTAACATGAAGGAGGTTGCCAGCGTTGGACAAAAGACAAGCATTAAAAACAGCTGCCTATGGTATCTTCTCAAAAAAGGGATATAAAGAGACCGGTATCTCAGAAATTGCTAAGCGCGCTGGGGTAGCAGTCGGTTCTTTTTACAACTACTACGACGGTAAAGAAACTATCTTTCTGGATGTGTACATTGAAGAAAACAACCGCATTCGCCAAGCGATGATGGACGACATTGATTGGCAGCAGGATTTGGTTGAGCTTGTAAGGCAGATTTTTGAACAGTCACGAAGCCTCGTTTCGTCCAGTAAAATTCTGGCGGAATGGCATAATCCAGCCATCTCTCGTACACTACGTGGTTATTATTCTTCGGGTAAGGGTAAGGCTACGAATACCTTCCATCAATTTTTGGTCGAAACCTTTACTGGTCGCATGGTGGCAGAAGGATATTCAGAGGAAAAAATTCAGGATATTTTACAGGTTTATAATTTGTTTTACTACATGGATATACATATCACTGAAGGCGATTTTCCAGGTATTAGTGGGACGCTGGAAATACTTGCCACTAACTTTGTTAAAGGTATCTTTACATCATGAAAAGGAGTAAAAAAATGGTAATCATCGTTATATCTATTCTTGCGGCTACAGGCCTTATCGCTTGGGGCGTTATCGCCTACTTAGGGAGAGGCCAAACGTTATCGGTCAAATCCATCGAAAACCCTAGCGGAGACCTTCATGTCATTCACCTAGCAAAGCCTGATAATATGACATGGAAGGCAGGCTCTTATGCCAAGATCACGCTACCCAGTACGGCATCTGATGGTGAAAAGAATGATCATAAGGGCGAACAGACAAGTCGTTGGCTGAGTATTGCCTCTAGTCCTGAGGATAATGAAATTATTATCCTAACCCACAATAGCGGTAGTCCTTATAAAAAAGCTTTGACGAGCCTACCAGCAGGTAGTCAGGTCAAGATGAGTTGGCTAGAATCTTCTTTGTCAGTTACAGACGGCAACGAGCCGCTGGTTTGCTTCGCCTCTGATGTCGGTATCTCAGCAATACGACCAATTGTCAGGCAGTGGGCCGGTAAACGCCCTATCATGCTCTATCACCTAGATAAGGGGGTAAAGGTCTTTGACAAGGAACTCTCAGAGCTAGCAAACAAAACAGCTAATATGACTTATGAGACCAGTGCTAACCTCTCTCAAAGCCAGGAACGCTTCAAGCAGGCGATTGATAGACATGGCAACAAGGCTCAATATCTCGTGGCAGGACAGCCCGACGATGTGAAAACGATGAAGAAACTCCTTGGAGACAACGCGATGTATGATAACGTCAAATCAAGTACTTTTCGGGGGTTGAAGTAGTCAATATGACCGCATGGGTTGCCGATAGGTGATACTTAGGCAGCTATCGCCTGAGCTTCCGGCCAAATTCGCTGTACCAGCCGGCTTGCCGCGCGTGGTTAGCCGCACCCAAGCGTCCCCATACACTTGGTCGATTGCCATCAAACCTTTATGCCGCAAGTCCGCCAGCACGTTCATCGCCGTTCGGCGTGGCATGCCCATTTGTACCGCCAACACAGCCGCCTCATCACCGCCGTCTTCGTAGACTTGCTGCAACACCAGCGCCTCGTTGGTGGTTAAGGTTACTTCTTGTGATTGTCTCGTCTTCATACTCATCCTTTCTTATGGTTATCGTGAGTATATGATAGCCAGACGGTCTGTAATTTCGCTGTAAAAGGTTGCGGCGCGGATATTGCTCAATAGCTAGTTTCACCCGCGCGCCGAGGCCAAGAACTTGCTATCACCCAGGTAGCGCCCGCGGTCACCTTCCAGATTACCGCACGAAAAAGCAGCGCCCGAGGAGGTAGACGCTGCTTTTGTGATGATTCGCCGCTGATTAATTGGTCTGCGGCGCAGTGTTGGTGGTTGACGGCTGCGCCGAATCCGTTTGCCCTGACGGAGCGGTTTGGTTGTTTTGCGCGGTGCCGTTATTATTCTTGGTCGCTGGCGTTTGGGAGCTTTGACCAGTCTGGTTCTGGCTACCGCCTGGTGCGCCGCCCGTTTGTCCACCCGGCCCGCCTAGCTGGCTATTCTGGGTTCGACTCATGCCCGGCGGGCCACCAGCCTGGCTATTTATGCTGCCATTTTGCGAGCCACCGACCTGCATACCGACGACAAAGCTGAGCGCACAGGCCACTACGCCGCCGACTGCTAGGCCGGTAATTGCCCCGGCGCTGAGGCCACTTTTGCCAGAGTTTGTGCCGTTTGGACGCGGTGCGGGCGGCTGATCATAGACCGCTTCTGGCGTGGTGAGTTGTGCTTGCTTGGTTTGTAAAATTGCCATAATTTCTCCTTTCGTTACGTTACTCTCTCGATAATTCATACAATGTTACATCGCTACCTCCATAATTGACGACCGTGCCAGTTTGCTTGACCCACGTCGTGATTTCATTGTTGCCACCGCCTGGCCCACCGCCACCGCGACTATGCGAGCTGCTGGCGTAATATCTAACTTTGCCGACCTTCACTAATTGCTTAAATTGCTCCAGCGTCAGTGGCGTATCGCTACCGTTAAATCCACCGACCGCCATCACTGGATGGCCGCTGGTCAGCTGAATCGCCGCTGATTCATTGGCACTCGCCACCGCCACCAACCAGGTTGCGCCATGTTGATGCTCTACGAGATACTGCACCAACTGGCTATTGGCCTGCGACGATTCATTATTACTACCCCGCATCGCCGTGGAACTCGGCCCAGCCGTCGGAATGCTACCGGTGTGCGCGACGTTGACTGTCGCCAATGTATAAACCGTCGGGGCAAGTGTACAGGCGGATATGGCGGTGATAATCGCCAAGTTTTGTAGCCACCGCCGCGGCACATAGAGATTAACCAGCAGTCCAATCATCCCCGCAAGACCCAGCAACCCAACCGTCCATATCAGCCACGTCATCGTGCCAGCGTAACCGAGGATAATCACCGCTATCACTGCCGTCACACCAACCAGCACCGGCAGTAGCCACGCATACGGTTTACGTCTGGTATACGCGCCCCACAGAAACGGCAGGCTGATACCGACGAGTGCCGCCACCGCTGGCGCCATCACCACTACGTAGTACGGGTGAATTACGCCGCTGGTCATACTGAAAATCATGATGTGAATCAGTAGCCACAGCATCCAGAAAATTACTGCCGCCCGCCCACGATTCGTTCGGGGTGTTTTACGCAAAATCCATAACATCAGCCCGCCACCCGCCAGCGCCAAGACCAACAACCAGGCAATATTTGGCCCAAAATCATTGTTAAAGATTCTGAAAATTCCCGTTTGCCCACCGAAACCCGTACCGCCTGGACCATGTCCGCCACCAGGACCACCGCCCATACCACCTGGCATCATACCGGCGCCGTCTGCCATAGTCTGCGTGGTATTACCAGCAGTTTGAAGTGCCGCAGCGCCATCCGCACCACCACGTGGTGGCGTACCACCGCCCCCACCACGCCCACCGAGTAGTCGACCAAGGCCGTTATAGCCAAAAATCAAACTCCAAATATTGTTATCATTAGTGCTACCCACCCACGGCCGGCTACCAGCTGGCGTCAGCCAGACCAGCACACTCCACCATAGCGTCGACATCGTGGTGATGACGCCGGCAAACATCACGTGCAGAAACCGCGTGACGATCGGCGGCTTGGCAAACACCAGATAGACTAGCACCATCGCCGGTAGCACCATCAGCCCTTGCAGCATCTTGGCATTAAACGCCAG
CP047919.1_gap18	830734	831234	500	GGTGAGCTGCGATGAGCGAATTGCCCGCCCGCGCGCATAGACGTAGCGCAGACTACCATGACCATGAAATCGGTTGACGTGACGTAACATAAGTCCAGTATAGCAAAATCCCGCCCTGTTAGGCGAGGCGGGAGTTTGCGTTCTAGATAGCGATTTTAGCGCGACCCTTGAGGCGACGACGCTTCAGAACAGCGCGGCCAGCCTTGGTCGAAACACGAGCTCGAAAACCGTGCGTCTTGGCGCGATGTCGCTTGTGTGGTTGAAATGTTCGCTTTGGCATATCGTCATTTAGTGTAGCCTTTTTTGACATTTTTTGCAAGCCATGGATAAACTTTCCACCGTTTCTGCTGTTTTTTCCACATATTTATCAGAGGTGGTTCATTGCTGTGGAAAAATCACCTCGAGAGTCCCTGAATTTTATGATGGCGCCTGTGCTTGTGGAAAAGTCTGATTTTTTGCTATAGTAGGGTTATCAACGTAGTTCCGAGGGGGAAGGTATT
