gap_id	start	end	length	sequence
CP042912.1_gap1	4830	7772	2942	CGATCGTGGTCTCGAAAACACTTCTTTCGAAGGCGAAGGAATCAAGGTCGAAGGCGAAAACATGCGGAAGCTGTGCGTGACACTCGCCAGCATGGAAGACGCGATTCTCGCGCTTGAACGTCGCGGGATCAACTTGAAAACGCACTCCGAAAGAATGGACAACGACGGTCGACTACCGGTCTTTCACGCGTTTCTGGGTACGGTTGAAAAGTGGTTTACTGATCGCAAAAGCCTGGACGAGTTTATCAAGAGCCACGAATCGGAATCGGGCGTTGAAGTTACGATCGAGACTGAACAGGATGCGGGCGCAAAAGAAGCTGCTGGTGAAACAGTCGACACCATCAATACGCTTCGGATCAACGAGTTTCACGAAGTCCGTACCATCAATTCAGGACTCAAGGCACTCGATGAGTTCGGTTTGGGAATCGGAGCACTGCTGCCGGTTGATCGAACGGGACTCGAAACGCCACGATTCATTCTTTATAAAGGCGAAACCGAAAACCCGGTCGCTGATCTTCGCGGCTTGATCGCCAGTGTTCGTGCTCTCGGAGAGAAAGGCATTCACCTGACACGTTTCAAAGGCCTCGGTGAAATGAATGCGGAAGAGCTTCGTGAAACGACGCTTGATCCGGACAACCGCACGCTGATCCAGATCAAGATGCCAAACGTAGCGGAGGCCGACGACATGTTCCGTATCCTGATGGGGGACAAAGTCGAACCTCGCCGAGAGTTCATAGAGAAATACGCGCTCGATGTCAGCGAACTGGACGTTTGATCTTCGACGGCAAAGCGCCGTCGCCAACGTAAACTCAATGCAGGAAGAAACTGATGGAGAACCAGGCCTCAAACCAGTTTTCCATTCAACGTCTGTTCTGGACGCTGATCGTCGCATCGGTCATTTTTAAGCTGGCCGATATGACGGGCATCGTCGACGCGTTTTCATCCAGTTGGAAGTTTGCTCGCGGGAATGGCCAGGTCGGCGTCATCATTTCCGTTATCATTCTGTCGCTGGTGGTGATGGTCTATATTGGCTGGATCGGTTTGCGTTTGCCGTGGCTGATTGAACAAAGCAGCGAAATCAGAAAGAAGCGTGCGCAACGTCGCAAACAGTTGTTGCGGGAACTTGAATCCCGCCAGAAGTAGCCAATCCAGTCGCGGCGGCGATCGACGAAATTGACTATTCAAAGTTTTGGAATGCCGTTTCCCCTCAGACGATTCGCACCCAGACGATAGATTCGTTGCTTCCTTCACGCTCAAGGGTTGTCCCTCGTTCAACGTATAACCGGCGAATACGGTTCGAGCGAGACGTTCCAGACCTCTTATCGCTTGACTTCTATATAAGTAAACGTCACTCCGCAGCATAGGCTCGCGCCGAACGGTAAATCGCGAGTCAGCGTTGTTTGCGTGGGAGCGATGTTGCAGGATTGACGTTCGGCAAAGGCATCTTTCGATCCATTGATTCCGATGATGCTTTCGAAATGCATAGTGCTGACCCTCAACGGTACAGGCGGCGACAGTCGCGCTACGGACATCTGGCCGTTTTCTCTACCGAAGCCCATGGTTTTCATTACCAGGAACCTAGGGTTTTAAGAACAAAACGGAATCGAAAGAATCTGCTTTCAATTTGGGATAAGCGATGAGCAATATACTTTTGGAAAATCTTCCATCTCCACCCGAGGTAGCGATCAAGCTTCTGGATCAGTTTGCGGAAGCGGACGTGAATCTCAACGAACTGGAGAAAACGATTAGCGCTGGCCCGACGTTGGCGGCTCGAATTGTTCAGTTTGCAAACTCGGCCAGTTTTGCAAGGCAACGTGCAGCCACGTCGCTCAAGCAAGCGATGATGGTCATTGGGATCAAAGGTGTCAAAGTTTTGGCACTGTCATTTTCACTCACGGAAATGGGCGAATCGAAACAGGAAGGGCGACGATTCTGTTTCAACGAATACTGGCGTTTTTCACTTGCTTGTGCCGTTTCTTCCAAGACGCTCTATCGCGAGATGTCCAAAGACGAAGAAACCGGGTTCCTGTTCGGACTGTTGATGAATATCGGACAACTCGCGCTTGCATGCAGCCAACCCGACCAATACGAAGAGATGCTTGGCGAGACGTCGATGAATGATCCGTCCCTGATTGAAAAAGAAATTAGCACTTTCGGGCTCAGTCGTTACGAACTGGCCCAAGCTGCGATGGAGTCGCTCGGATTTCCACCGTCGATCACGGCCGCTTTCAAAGAAATGAATGCGGGAAACCGAGACCGACCAGAGGCGAAAATCATCGAGGTCACGCACGCGATGAGCTGTCTGTTCCTCAACGAAGATCTTGACGGCAACGCCGTTCGGGACTTTTCGGAAAAGCTTGCGGAACTCACTCAGAATGGACTGGAAGAGAATCGCCAATCCTACGATACCGCGTTGGAGGAGTACAAAGAAATCGCCAGTGTCCTGTCTTACAAGAGTCCGTCACCGAAGAGTTTGAAGGAAATAGAAAACGAAGCCAAGCACTCGATCATCCAGATGACGATGGCGCTTCATCTTGACAAAGCCCAAGTCGAAAAAGAGAACGACGAGCTGAAAGATTTGGCGATGCTGGATGAACTGACGGGGCTTGGGAACCGGCGGCAGTACGAGCAAATGATTCAGTCAGAGATTTCGAGGTGCAATCGCCTGAATCGTCAGTTAGTGCTTTGGATTATTGACATCGATAACTTTAAATCGATCAATGACACCTACGGACATGCCACGGGCGACGCGATTTTGATTGAGGTAGCGTCTCGAATGGGCAGATCCACACGCGGATATGACTTTCTGTTCCGCATCGGTGGTGAAGAGTTCGTGGTCATTCAATCCGAATCGACCGTCGATACGTGCGAAGTTGTTGCGGAACGCCTCCGCAGCGAAGTCGCCAATCGTCCGTTCGTAGTCGACGATCTGGAGATACCGA
CP042912.1_gap2	9486	12948	3462	ATCATTGAACTGCTACCACAAAAAGAAAATGGTGGGGGACTTTAGAGTTTTCCCTGAACCGCAGCAAGTGTTCTTACCGATTAAACCGTTGGCTTCTGCCCAACAGGAAAAGTTTTCAGCTAGCATCCGCACGTTGGCTGGAACACGGAAGCCAGACCCGGACTTCGACAGCTCTGTCACACAACCCGCTTTCCCGCAAATCGCTGAATCAAGGAAGATATCATGCGCTCAAAATCAAACGGTACCAAAAGCAAACGCCGCGCCCGTTCGCAGAAATCAGCAATGAGCTACGGTGCTCTGGAAGCCAGAAACCTGCTGGCAACTTTGGTCGAATTCAACGCCGTTGACAGCCAAATCTCTGTCAACATGGACGCCAACAACGACATCGCCGTGATTGGCATCGCTGATAATGGAAACGTGACCGTCAACGGAAGTCAGGACCTTGATGGGAAAACTTCTGGGGTGCAATCCGTCGAAGCCGGTTCCTTGAAGCACATTTTCGTTTCAGGTGATGTGAATCGGACGGCTCAGGAATTTTCGTTCGTCAACGACTTCACACCAGAGCGAGCTTTGTACTCGGTTCAACTACAAAACGTCAGCCAGATCACGATCAATGGTCAGTTGAACGTTCGCGAAAACTTCCTCGTATCCATGAACGGCCAGGGCGGTCGCATCGGTGACTCAACCAGCGGTCAACTGGTTGTTGGAGGCCTGACAAAGATTGATGCCGGCGCCAATACAGTCGGTCTCAACAACGCAAACAACGACTTCAGCGAACTTTATGTCGGGACTTCTGGCAAACTTCACAACGCGGTCATCACAGACATCAACGATGTCATGCTAACCGGAGTTGAGACATCAGGGAACTTTACGCTGACAGCCGGTGGCGATGTTGAAGATGTTGCGAACGCAAAGATCGAAGTTGCGGAGGACGCATTCTTCACCGCCAAATCGATTACGCTTGGCGACCACGAAGGAGACAGTACCAACTTCTTCCGTTCATCGTTCAATGCATCAGGCCATGTCGAAGTCCAGGAAGACTCCAACATGATCTTGATCGACAGTGAGGCCGGTTCAATGACGCTCCGCTCGGTCGGAGTCATTCAGGACGGACTTCGAACAACGATCAACGTCAGCGGACTGGCTCAGTTCTTCGGCAACAATCGTGTTCGCATCGGCGAGGGTGGACTCGATACCTTCAACGCCGGATCGATCCAGTTTCAGTCCAACGGGCACGTTCATATCTCGGAGAACAGTGACACGGTCATAACTGGCGACAACAGCGCATCGTCGCTGAACATCAAATCGTGGGGTCGCGTTGGCGATTTCGTAGGCACCACAATCAATGTTGCCAATGAAACAGGCCTGGAAGGGATCAGCGTCGTGCTTGGCGATTCCGCAACCGACGTCTTCAACACCGGATCGATGTACTTTTGGACTTCTGAACTGTTCTCGGTCAACGAAGACTCCAACAGTCACATCATCGAAACCAAAAACCGCGCAGGTGACTTCCAGTTGCAATCCGCCGGATCGATTACCGATGCGGACGATTCCAGAATCACTGTTGATGGTGTCGCCAATTTCAAGGCCAACAATGTTAACGTCGGGGATTCGCAGGACGACTGGTTTGTAGCCGGTTCAGTAAGCTTCGAAACATCGGGCCAGTTCAAGCTTTCAGAGAACAGCGACTTGCAAATCGTTGGCGAAAACTCGGCTGCCAAGTCCGTGATCAACTCCAGCGGTAACATCACCAACGATGTGAACGCCAAAGTCGACGTACGAAATTCAGCAGCGTTCTTTGCGGATAACATTGTGCTTGGAAACCGAAGTGGCGACCAGTTCAACGCTGGCACGATCGGCTTCCGCACCGCTGACGACGCCAACGGGCTGGTTCAGATTGAAGAAGACAGTCATACCAACGTTGGCGGCAATAACGTCGCGAAAACACTGCAGATCGATTCTGCAGGCGACATTACCGATGGTCCAAAATCGATTATCAACGTCTCGGGAAACACCCGTTTCACGACCGCCAACAATGGTCGAATCGTCGTTGGTGATTCCGGGTACATGAGTGATGGCACAAGATATGACGCCGCATTCGAAACACGAACGCTGACGGTACAGAGTGACGGAACGGGCAATGTTGTCGTCGAGGAAGACGGCGACATTGTGCTCAAGGGCGACAACCGTGCGAACTCAATGTCTCTTATGACTCTTGGAGCAGAAGGCAAAATTCTGGACACGCCAGAAACAACGCTGGCCGTGCGTTACAACCTGAACGTCGAAGGCAGCTTGATCAATCTTGGTACTGACGTGCTACCAAACGGTTCATCGACGGACCGGCTTGAGTTCGCATCGCTGACTTTCAATTCGACAGGCAATGTGAAACTTTCCGCGGACGATTCGTTCTTCCTCACTGGCAGCAGTACGACCGGAGGTTTCCTGACGCTGGAATCTGAAGGCGACATTCGCTCAACGAGCGGATCTGAGCTGCTCACCGAAGCTGGTGCCCAATTCGATGGCATGGATATCCTGGTCGGCAACCTTGCCGATGACTGTTTCGATATCATCGACTCGTTCGAGGACGGTACCAAGCGACTGCTGGTCAATGGCGAAGGAATCGAAAACGTTCAACTCGGTTGCTCGGCTGGCGGCGATTCAGGCGTGGATTCATAGTCCGCGTTGGCTGATTTGCGACACAAGGAAGCGAAGGGATGTCACGGAAATGGCATCCCTTTTTTCTGACAGCCATTGAGACGTCAGTCCTTTTTGGCCTTCTTGAAGTTGATTTTGACGAACTCTGAATAGCCATCGACAACGGCCGTACCGTTGTCGATTTCGGCCGCGCGGAGTGCCTTGAGTTCGCTGTTCCTGGTGTCGTACTCGTCGGAAAACTTGTACTTTGGCCGTTTGTAGCTGCGAATCACGAAGGTTTCCTTGTCGACTTCTTCGCCCTGGCTGTCGACAGTTTTGAAGACTTCGTCCTTGAGGCTATCCATCTCGTCCTCGAGCCTGGAAACTTCCTGTTTGAGCCATGCGTACAGCTCGATCGGATCGGTTGGGCGTGTCATATCGGGTCTTTCAGAAAATGTGAGGTCTCCAATTCTACACTGACAAAGAGTCGAGTGAACCGACGTGGCACCTGCTTTGCCGTCCGGGCAAACGATCTGTGTATGAAAACCTGGCTGCAACGAATACGATACAGCAACCGAACAAGTGAATTTCAGGACTAAAGTTCCGTGCAAGCCCGACTACTGATCCCCAAAATCAAAAAGCTGTACGACAAGTACATGGAGTACGACGCGGATCAGCTGAAGAAAGAAACGCTTGATCTGGGTTTCGAATCGCGGACGCACGGAAACATCGAAGCTCTGGTCGCAAGAGGATTTGCTCTGGTCCGCGCCGCTTCGATGCGGGAACTGCAGATGGCGCACTACGATGTGCAGTTGACCGGGGGATTGG
CP042912.1_gap3	25191	29453	4262	CGCCATTGGTTGGTGTTTGCCGGCATCGCCGGAGCGAATGAACCTCTTATCAACCTCGAATTGATACTCGTACAGCAATCTTTTAAGTCAAAGCTCCATGAAAATCATTCTTGCCAGCAGCGAAGTCGTTCCTTTCGCAAAAACCGGTGGTTTGGCTGACGTCTGCGGTGCCCTGCCCCGGGAACTCGAGAATCTGGGCCATGAAGTCAATGTCTTCATGCCGTACTATCGCTGCGTCAAAGAAAAAGCTGACAAGTTTCAAATCGAAGACACCCGACAAAAACTGGAGATCCCGGTCGGCAGTCTGGTAGAAGACGGCCAACTGTTGCGAACTACTGTCCCGAACAGCAACGTACCGGTTTGGCTGGTCGGTCACGACGAGTATTTCAATCGCGATGGCCTGTACGGCGAAAACGGACAGGACTATCAGGATAACTGCGAACGGTTCACTTTCTTTTGCCGCAGCGTGATGGAGTCCATTCGCATACTCGATCTGCAACCCGATTTGATTCACGTCAACGATTGGCAAACAGGGTTGATTCCGGCGCTGCTCAAGTGCGAGTATCACCAGAATCCGATTTACGAAAACGTGGCCTCGTTGATGACGGTTCACAACCTCGCGTACCAGGGAACTTTCGTGGCCGACAAAATGGCGATCACGGGATTGGACTGGAAACATTTCAACTATGAAGAGATGGAGTTTTACGGTCGGCTAAATCTGCTCAAGACCGGATTGGTCTATGCCGACGCGATCAACACTGTCAGTCCGACCTACGCAAAAGAGATTCAATCGCCGGCTCAGGGATGCGGGCTCGAAACCGTGTTGCAACATCGATCCGCGGACGTATCGGGCATCATCAACGGCATCGACGACACCGCCTGGAATCCGGCTGTGGACGAATTGATTTCGCAAAAGTTCGATCGCGATTCGTGGCCGGTAGGAAAGGCAGCTTGCAAAGCCGAAGTGCAGAAGCTGGGCCAACTTCACCAGAATCCGGACGTCCCGATGATCGGAATCGTGGGGCGCCTGGCGACTCAAAAAGGCTGGTCGCTGATCCTTCCCGTGATGCGTCGCTGGCTGGAAGACCCCAACAACCATGCTCAATGGGTTGTGCTTGGAACCGGCGATCCGGATTTTCATGTCGTGCTGTCGACATTGCAACAACAGTTTGCCGGACAGCTGTCGGTCACGCTGGATTTTTCAAACCAGTTGGCTCATCAGATTGAAGCGGGCAGCGACATTTTCGTCATGCCGAGCGAATACGAACCCTGCGGTTTGAACCAGATGTACAGCATGGCTTATGGAACCGTTCCGGTTGTTCGCAGCACGGGCGGGCTGGCGGACACGGTCGTCGATGCCAGCCTCGAAACACTGGGCAACGGAACCGCGAACGGATTCTCGTTTGCAGACTTCTCGGCGGACGCCCTCGAGCACACACTTCACCGCGCAGCGCGGATGTACTATGAGGACAAAGAGTGTTGGAGGCAGTTGGTGAATCAGGGCATGAGCCAGGATTGGTCGTGGACGGCAAGTGCAAAAGCCTACGAGGCACTCTACGGTCGACTGACAAAGAAATAGCGGACGGATCGCCAAAGCGAGACTTAAAATTCAAATCAAAACGTGAACCGGGAGTTTGATCTGTTCGTAGCAACAGAATGCAGGAAGCCAAATCAGTTCGAACGACATCGAAACCAAATCAGTGGCAGTGGCGCGTCGTTCGTAGAGGAAAACGGATCTTCAAGTGGTTTTGCTTCGTCGTGTTAGCCTATGTCGCGATCGTTCTGCTGGGCCTCATTCCAGTAAACAACGATTTCGTCCTGGCCGAAAAAGGAATCACGCTGCACGTTGTCTCGAACGAAGTGCATGCCGATATCATCGTGCCCGTGGTTACGAACGTCATCGATTGGTCCGTTGAGTTTCAGAACGCAGCCATCACGGATGATGTTTCCGCGGCGACACATGTTGCAATCGGTTGGGGAGACAAAGGCTTCTTTCTACACACCGAAACGTGGGATGATTTCAAATTATCGATCGCAGCCAACGCGTTGTTGCTTCCTTCAGAGAGCTGCGTTCACGCAAAATTTACGCATCCCGAACACCATCCGGACGCCGCATCGGTTACGATTTCGCAAGATCAATATCGCCAGCTGGTGGACTTTATCAAGCAAACGCTACGGCGAGATTCTGAGGGCAAGGCCATCCAAATTCCGGGCTACGCCTACTCGACAACCGATGCGTTTTTCGAAGCCAAAGGGCGCTACCACTTGCTCAACACGTGCAACTCCTGGGTCGGTCGTGGCTTAAGAACGGCTGGCGTCAAAGTGCCGTGGATGTCTCCGCTGCCAAAAACGCCAATGCTGTATTTTGAATAACGCTCGATCATGAATAGCCGCGGCACCCGGTCCTGACTGAAACTGGCGCTAACCTCAGCCACTGTTTCTGGTGGACCAAACTTCGCCGTCGGGAAAGCGAAACTTTTCAATCGTTTCAGGTTTCATCGTTGCGCTATATCCCGCAGCAGTCGGTGGCATGTAAGCCGCATTCTTGATCACGCAAGGATCTACAAAGTGCTCATGCAAGTGATCGACAAACTCAGCCACATGCGAATCCGTTGACGCCCCAATACGAATGTAGTCGATCATGATCAGATGGTTCACGTATTCGCACAAACCAACGCCACCCGCGTGAGGACACACAGGTACGCCGAATTTTTTGGCCAACAACAATACGGATAACACCTCGTTCACTCCGCCCAAACGGCAGCTGTCGATCTGACAGAATTGAATCGCTCCGGCCTGAAGAAACTGTTTGAACATGACCCGGTTCTGACACTGCTCACCCGTCGCGATGCCGATCGGATGCACGCCTTCTCCGATCGCTTTATGAGCCAGGACATCGTCCGGACAGGTCGGTTCCTCGATCCACCACGGATTGAACTCAGCCAGAGTATTCGTCCAGTCGATCGCTTGCTGAACATCCCATCGCTGATTCGCGTCGAGCATCATCTTTCGATCCGGGCCGATCGTGTTCCGCATGATTCCGGCGCGGCGTCGATCATCTTCGAGGTTGTCGCCAACCTTCAGTTTGAAATGGCTCCAACCATCCGCGATGCCTTCGTTACAGAGCCGCACGATTTTTTCGTCGCTGTAGCCCAACCATCCAGCGGAAGTCGTGTAGGCGGGAAATCCGCTTTCCAGCATCTCTTTCTCGCGAACCGCCGCGGTCGAGTCGTTGGCTTTGAGAATTTCGATCGCTTCCTCAGGAGTCAGCGCATCGGTCAGGTAGCGAAAATCAATACAGCTGACCATTTCCTCCGCCGACATGTCGCAAACCAGTTTCCAAAGCGGTTTGTTTTCGACTTTGGCGTACAGATCCCAAATCGCATTGATCACACCACCGGTCGCCAGGTGAATGACTCCTTTTTCGGGTCCGACCCAACGGAATTGCGGTTCGCTGGTGAGTTTTCTCCACAGCCCGGCAAAGTCGCCCCGGATTTCATCCAGCGTCATGCCTACGATGAATTGACAGAGATATTTTGCGGCTTCGACACAAAGCTCCGTCCCGCGTCCGAGCGTAAACGTCAAACCATGGCCTTCAAAATCCGAGTCTGTTTTGAGCACGATGTAGGCTGCTGAATAATCGGGTGAACCGTGCATCGCGTCCGAGCCATCAGCATCGTCAGAAGTTGGGAATCGAACGTCGTCGACAGTGAATGAAATGATTTTTGGATTCGGCATGACTGGTCACGGGGTTCGAATTGGAAGCTTACATCGTAGTCGGCCGGGCCGAAGTTCGGGACCGTGGTTTGCCGTCGTTGAAGAAAACTGTTGGCCAAAATGGGATATAATCCGAGCCAGATTTTGTCTACCTGGAAAACGGAATGATCACCACCATCTTTATTGTCATCGCAGTTATCGTGCTTCTCGGCGTTGCTGCTCTCGCGATTCATGATTTGCTGCAAACCAAGGATCCAATCTGTCGAAACTATCCCGTCGTTGGCCACGGCAGGCACTTTCTTTCGGAACTTGGACCGAAACTGCGGCAGTACATCGTCGCAGACAATAACGAGGAACGTCCTTTCAATCGCGACGATCGCGAATGGATCTATCGCTCGGCCGACAAAAGCAATAACTACTTTGGGTTTGGAACCGACAACGATATCGAACAGTCTCCAGGCTATTTGATTATCAAACAAAGCACTTTTCCACTGTTCGATCCGCAGCCCGAAGACGAGGGCTACGATCCGGACTACATAATCCCG
CP042912.1_gap4	56873	58503	1630	ACCTCTTAAATCGCGTCCACAGGCTGGAAGCCTATGCCACCTGTTGGCTACTTCTCGCCTAGCGTCCAGGCTTTCATTTCTTTGTCATTGCGTACGATGATCTGACCATCGACAAATGCGGGATGCGACCAGCAAACCCCGCCGCGTTGACGAAGTTGTCCGCGGGTCGGATCGATGATCTTGTACCGTGAAAGCTCTTCAAAGCCATCCGGTGTCAGTTTGCCAAGCATGATTTCGCCGCGTTCGTTGAACATCCAGATCGTGTCGCCTTCGGATCCGTTTCGCACAAAGTGAATCGTGCTCCAGCGAGCTTTCGGCACCGCGTCGAGGTTCTCCCAAATCCGCTCGCCCGTCTTCGCGTCCAGGCAACGCAGCTGACCATAGCTGTCGACGCCGTAGATGTAATCGCCCAGCCAAATCGGCGTGCTGATGATTGACTGTAGTGACTTCGTCATTTTTTCGTTCGGACCAACCGCCGACCAGACTTTGGAAACGCTGTCGCCATCGTCGCCAACCTCCAACACCAGCGAGCCATCATAAAACGACGTTACGAAGATTTGATTGTCCTTGATCACCGGCGTCGCGACACCGATCGGCATGTTCTTGGGAGTGAACTCGTAGCGCCAACGGATCTCGCCGGTTTCCGGTTTCAAACTGGCCACCGAGTCGCCAGTCCAGCAAATGATCGACGAACTCATGGCGTGCTTCATCACGACCGGCGCCGAATACTGAGCCCGATCTTCGAGCGAACGCCACGCTTCCTTGCCGGTTTCGCGATCGATCGCCACGACGCAGGCTCCATCGCTTCCACCGACGTGAAAGATCACATTGCTGCCCACGATCAGCGGACTGGCAGAAATACCCCAGATCGGCATTCGCTTGTTGGCGACGATCTTGTAGTCCTTGTTAAAGTCGACTGTCCAAATCACGTTTCCGTTCACGGCGTCGAAACAGAAAGCATGCCCCATCGATCCGACCGAGTACGCTTTGCCGTCTTCCACGATGACCGAAGCCCGCGGTCCGGCGGGATAGCCGATGCCTTGGTAGGTCGCGTCGTATTGGTGCGTCCAAACGTTTTTTCCAGTCGCCAAATCGAAACAGTGAACGCGTTCGATCTGTTTCGGATCGGTAACGCGATCCATCACGTAGACTTTGCCATCAACAACGGTCGGGCCAGAATAGCCGCCAGCGATTTCAGCAGTCCAATCGTGCTTGGGTCCGTCGGCAGACGGTTTGATCGGAGTCGCGAGAACTCCGTCGCGATCAACGCCTCGCCACTGAGGCCAGTCTTGTGCGTTGGCGTCCAGAATCGCCGACGTTGCGAGGGCGATGAACAAGAGAGAAGCGGCTGCGAATTTTTGGCAAGGCATTGAGGCACCAAAGGATGAATGGGGACGGCCAAATCGTAGCAGCATTGGGTGCGGATTCATAACAGCGAGGCCAACGAGGGCAAAGACTTGCTTGCCAGAGACTCACTCACTCGCTGGCGCATCGAGCTTGTATTTTCATTTCACGCAACGCCCGGCTTACGACAAAATCGATTCTGCCATCAAGATCGCCACACAACTCGGAGCGTGAGTGATCTCACCGTTTGCAACCATCTTCGCGGCGTCCGCGAGCGGAATGACCA
CP042912.1_gap5	184392	188929	4537	TAAAAAAGGCGACGGCGTACTTCGCGAAGGAGTCGCAGTGAAGTACGCGTGGATCAAACAACATCGCGACCAGTATTCCATCACGCTGATGTGTGAAATCTTCGGTGTCAGCAAGAGCGGCTACTACGATTCGATTGATCGGCCCGAGAGTAAACGTGCGGTTCGTTCTCGCGCGATTCGCGAATCTGTGAAACAGGTCTACGAAGAATCAGGGCAGATCTACGGCAGCTACAAGATCGCTGAGGAACTTGCTAACGACGCTCAACTGGAAACGGCTTGTCGCAACACGGTAGCGACAGCCATGCGAGAAATGGGGCTTAAAAGCTGTGTTTCGCGACAGTTCAAACCAACGACGACCAAGTCAGACCCTGACAAAAAGCCTGCTGAGAATCTTCTCTCCCAGGAGTTTGATGCCGAGGCTCCGAATCGCAAGTGGGTGGCAGACATCACTTACTTGCCGACGGTCGGTGGTTGGGTTTACCTCGCAGTAGTGCTGGACCTGTTCAGCCGCAAAGTTGTCGGTTGGCAGATGAGCGATCGATTGACGACACCGATCGTTACCGAAGCCTTGAGGAAAGCGATTGAATCTAGACGGCCAGAGTCCGGAACGCTGCTTCATCACAGCGACCGAGGCTGTCAGTACACCAGCGACGCGTTTCAGGGAATTCTTCGCACGCTGAACATTCAGTGCTCGATGAGCCGAACAGGATGCTGTTACGACAATGCCGTCATGGAGCGCTTCTTCTGGTCGCTGAAGCACGAATGGACGAAGCATCGTCGCTACGGAAACCTTGAAGAGGCTCGCATCAGCGTCTTCAAATACATCGAGGCGTTTTACAACTCGAAGAGAATTCATCAAACTCTGGGATACCAGACGCCCGAAGAATTCGAAAGAAACTATCGTGCAGCTTTAGCTGCTTAACATGAAACCGGAGTCCGCCGGTCTTGGGCTATCGCAGCACAAATTCCATCTGCAGGTGGACGATAATACGGGAAAAAACTGTCCAAGCGTCAGAATCCAATTAATATGGTGGCCATAATCTATGCATTTGTCGAAATAGAACCAGTATGCAAAGTTTCTATTTTATACTGATTTAGGCGATGTTTCCTGCGATTTTGGCGGCACTGTGTCCAGATGAGATCGTTGTGTTTCGCCGAATTCACTTCAATGTAAGCACAACAGGCATTTGAAATGTACCGCAGCATTCTGAACTCTTTGCTCTTCCTGATTCTGGTCTCTGTCGTCGGTGGAAACACACAAGCAGATATCATCATCGATGACTTCACTGATGAGACGAATGATCGGTTCACAAATTCTGGATCTTTTATTGGGGCTGGATTTGATTTTAGCGGGGTTGGGCGGCGATCGGGTTGGAGTACGCTAGTTAGCCAGAATGTCGTCATTACAGCTGAGCATTCCAGAGGCAGTGGTCAGGTTAGTTTCTATCCTTCCAATGACCCCAATTCTACTCCCGTCGTTCGAGAAATTCTTGCGGGTGGTCAACAAATCGGTTCAACCGATCTCTACTTGAGGGTGTTGGATGAACCAGTGTCATCTGATATCAAAATTTATGATTTCGCGACTGAGTCAATTTCTGCTCCTGCTTACGATGAAAACACCAACTCAGGGCTTTTTAATGCTGGCTCATTCCAAAATGAGATTGCCTATATGATGGGAGTTTCTTCCACCGATCATGCCAGTCCTCGAATCGATCAAGCGGTCGGACGAAATGTAATTTCCGGCTATATAGAAGACATCCCTTTCGATGGGAAAACTGACAACGATTCGCTGATCCTCCTTCGGGAATCGCCAGGGGACGCTGCCTACGTTCAGTACGAGTCGAGGTTTGTAACTGGTGATTCTGGCGCACCGTTGTTTGTGGAAAGCAATGGAGAATTGCTGCTTCTGGGGGTAAACTCATTTATCTCAACAACAGGAACTGAACTTTCTGGAGTGACATACATCGGCAATCACGCCGGTGAAATCAATGCGTTCATTTCTGCGAACGCAGTTCCCGAGCCAAATGTTATCGGATTGGGTTTGCTGGCATTAATCGGACTGAGCACGCGTCGCCGAAAGTGATTCTTTAAATCACCTCCAGCAACCCCTCGTCCATCTCGACCGAAACTCCCTGGTTCAAATACTGAACCGTGAGCGAGAAACGTGTTTTTCCCTCGCGGCGAATCACGGTTCCTTCATAACCCGCAAAAACGCCGGACTTTACGCGGACCTGATTGCCAGGCTCGAGCCGGCCTTCGGGAGTCAACGGAACTCCGGTGTCGATGATTGATTTGATCTTCTTCAACGTCTCGACCAACTCTTCACTTTCTTCGACCTTGTTGCACTTGCTTATGCAATTGGTCGTCAGCGCCGCAAGTCGGCTGGATTCGTCGCCAAGCATGAAAATGTAGTTGGGGAACAACGGAATCCAGGACGTGCGCAGTCGCCCGTTTGGTGACCGATATCGCTTCGGAATCACTGGTCCGTAGTGTGGGACTTCCAGCTTAACCAGGCGTCGCATCAATTCCTTTTCACGCCGCGACATCGTGTATACGCACCACCATGTCTTCGATTCGTCACTCAATAGAGCTTCGTTTTCGAACAAGTCGACAGGAAAGAGGTCGTCTTCCTTTTTGAGAATAGGCATGAAAGCGTTTGGGAAACAAGAGTTCGGTGGTCAAGTACTCGTCGGTTGGCTATTCTGGCAAAATTGATCTTTTGAGCAAGCCAGGTTTGATCCGCACATGCGTAGCCAAACACCACAACTAATTGTCATCATGGGAGTTTGCGGTTGCGGAAAGTCTTCTGTTGGCGAGGCGCTTTCGCTGCGAACCGGAATTTCGTATCACGACGGCGACGATTTTCATTCCGACGCAAATCGCAATAAAATGTCTCAGGGCATTCCGTTGACCGACGAGGACCGTCAGCCGTGGCTTGAATCGATTGTCGCTTTTGCCCAGCAACAATGCGAACAGGGACGCTCTTTGGTGGTCGCTTGTTCCGCTTTGAAGAAAGCCTATCGCGACACATTGCGAACGCTGGACGCTCCTGTAAAGTTCGTCCATCTGACAGGTTCAAAGGCAACGATCGCCTCGAGATTGGCGGATCGGAAAGGCCACTACATGCCAGAGACGATGTTGCAGAGTCAGCTCGACACCATCGAGTCACCGACTGGAGAAAACGGAGCTGTAGAGGTCTCCATCGAGCAAACGGTGGACCAGATCGTGAGTCAGGCAATGGAACTGCTGGACCTGACGACGGAAGGCTAGCTGTGCGGAAACGAAAACCGGGAAAGCAGAAAACGCCAGAAGTTCGCATCAAGACCTGGGGCATTTACTCGCAGTGGGATCGGGACTCGAAGGAGCTTCCTCAAATTCTTGAGCGGACGACTCGTGTGGAGGCGGTGATCGACATCGAGTTCGGGATGGTGGTGAATATTGTCGGCGCGAAGAACATGCCGATGGATTTCTGCATCGACCACCCAGGAATTCGGGACGAGGAAGGAAAAGTTCGCCGGCCATTTGATGGCACTGTTTACGTCAAAACTAATGACTGGGATTTCTATCTGGGTGACACGATCTGGGAGCCGATCGAAGACAAGCTTGGTGATTGGCGGATGACGCTAGAGCTTGATGGCGAGTTGATCGCGGATAAGACGTTTGAACTCGTGCGTGCCGAGAGTCAGCCAGATAAGGCGTAGTTGGTGGGCAATATTTTGAGCCACCGACGTCGTCGAGACAGCGGAGGACGGAGTGGATCGCTGTCTGGAGAAAGTGACATAGGCGCTTTCGTTTGATTGCATTTTCTCTGTGTGCTCTGTGACCTCTGTGGCTTTTCAAACTTGCAATGATGCAGGAGTTTCCGAGCCACCGAGAGAATAAGGCGCTGATCGGCAACTGCTGAGGTGCAAATAACGACGGCTGGAAGCCGTCGCTACGATCAGCGCCTGTTTGACAGCTACGAGCGCAGCGGTTCTGGCAACGCGGCTGCCGGGAATCCCTGGAAGCAAACGGGTTTCGCGAATCGGTAAATCGAATGATGGCCGATCGACGTGAAGAAGCTGTGAGTCGCTGCCGGATACGGACCGCCGTGGTGCATCGCATTGCAAACTTCGATGCCCGTTGGAAAACCGTTGAACACGATGCGGCCAACTTTGTGCTGCAAGATATTCACCAGCTCAGCGTGGTCCAGCAGATCCTGCTCGGTGCCGTGGATCGTGGCCGTCAGGTGCCCGTCGAGTCCTTTGGCGAACTTGACCATCTGCTCAAGGCTTTGGCATTTGTAAACCGTTGAGGTCGGGCCAAAGATCTCTTCAAGGTCGTCCGAAGTCGAATCCAAAACCGAGAAGTCAGCCGAGTAGATCGCGCAAGCCGCTTCGTTCGCGTTCTCATCGGCGGCACTCGCCGAGATTCCAACTTGCGTCACCCCAGCCGTTTCGCCAAGCTTCTGACGACCGGATTCGTAGGCTTTGTGGATGCCAGGATGCAGCATCGTTTGCGGTGCGTAGTTGCTGGCCGCATCGGAGGCCTTCGAGAT
CP042912.1_gap6	232114	233219	1105	GCGATTGCCGACGCGTCGCTTGGAGACCACCACGATCCCTCACGCGTGGGAACGTTGTTCGGCAGCGACTACATCATCACGGAACCAGCAGAGTTCGCCTCCGGGGTGGCCAATTGTCTCAATGATGATCACGAATTTGATTTCTCAACGTGGGCCGAAAATGGATTGACGAAAGTCGAACCGACATGGCTGTTGAAGTACTTGCCAAACATGCCCGCGAGCCACATTGCGATTCTCAATGATCTGCAGGGGCCGTCGAACTCTTTGACCGTTCGAGAAGCTTCCGCGAATCTTGCGGTCGCCGAAGCGATGACTATTATCCAGCGAGGTTCAGCCGACGCGATGATCGTCGGTTCGACAGGATCGAGAATTCATCCGCTGCGAACCGTCCATGTTGTTCTGCAGGAAGCACTGGCCGATCGGAACGCTCCAGGAATTGACGGCGATGCCACGAAAGCCTGTCGTCCGTTTGACAGTCATCGCTGCGGCATGGTGCTGGGCGAAGGCGCCGGTTCGATCATGTTGGAGAATCTTGATTCCGCGCAACAGCGTGGTGCCACGATCTGGGGTGAAGTCGTCGGTTACGGTTCGTCATTGGTCGCGCCCGGTGGAGTTCCGGACTATGAAACTGCGTTTGAAAACGTGATCCATGGTGCGCTTGAAACTGCAAAGGTCACTGCTGACGAAATCGGGCACGTTCATGCTCATGGGCTCAGTTCGATCGCCGTCGATCAACAGGAAGCCACTGCGATCCGAAAATTGCTTGGTGAAACCCCGGTCACGGCAGCCAAGAGCTATATGGGGAACCTTGGCGCCGGCGGCGGGATGGTGGAGTTGATTGCCAGCGTTCTGGCGATGAAGAACGATCAGCTGTTCCCCATTCTGAACTACGATTCGCCCGATGAAGCGTGTCCGATCAACGCCGTTGCCGCGTCGACGAATCCCGGCGATCAGTTTCTGAATTTGAGCTGCACGCCTCAAGGTCAGGCGAGTTCGGTCATTGTTCGGAAGTTCGAATAGTTCGCTGCAGAAAAGTAACGCTCACAATCGCAATTGCATCTCTCGACGCTACGCAGGGAATGGCGGGCTGGATGCGTGCCGATTA
CP042912.1_gap7	382938	386199	3261	TTTCGGCCAACGGCGTTTGGCTGACTGACCATGTTTCGTCAGAGTACATCACCTTTCCGGATTGCTGATCAAAGTCCTGCTGTTGGACCGGATCTGTCGGATCTTCTTTCTTCTGTACCGTCATCGCGACGCCAACCAGTGCCACAATTGTCCCCACGATCGCCAGTCGGGTTGCTTTGTGGCCGAACAGAATCCAGACCACCGGAATCGCAAACAGCGGACAAGTCGAAATCAGCGTTTGGGCGACCGCGAGGTCAGCGTATTTGTAGGCGATCTGGCTGAGCCAAATTCCCAGCCAGGTTCCGATCGCCGTGGCCGGCACGATGAACTTGAGATACTCGAACCGGAACGTGCTCGCGAACGACTTTCGGGTTTTCCACTGAGCCATCAACATCACGACCGAGGCGATTGCAGCGATTAGCAATCGGATCATCGTTGCCTCCAGAGCACCGCAATCTCCTTTCATGCCCAGTGTGGAGAAGAGTCCTCCGACCGCCTGGCAAACCGCACCAAGCAGTCCAAGAGCAACTCCGACTTCGAAGTTTCCGGGCAGCAAACCGGGTGCTTCGACGTTGGCTCTTCGATCCGAGACAACCGTGGCGACTCCCAGAACCGTTAGCAAAATTCCGCTCAGCACCACCAGGCCAATCTGTTGTTCCAGAAATTGATAGCCGAGCATCGTCGCGAACAGAGGGCTGGCACAAGCGATCAACAGAGCCCGGCGCGGACCAAGAATTTGCAGGCAACGAAAGTAAAGCGTGTCTCCGGCGACAATTCCAACCAGTCCACTGAGCGTTAGCCAGCCCCAATCAAATGGGTTGGTCGTGAACTCGAAAGTGCCAAAAATTAGCCACACGCAGAGGATGTGCAGCACGATAAACACACATCCGATTACGTTTTTACAGGCGTTGAGCGTGAACGCCGGGATCTTCACCTGACCCCAAAGCATGCTGGAGAAAGTCCACAGCACCGCTGCAGTTAGTGCCGCAATTTCTCCGGGATTCATTGAGTGGCTTTCGAAACGTAGTGACGGCTTCCAGCCATCGCAATTCGCAACTGGTGGCAAAGTTCGCGGTTGGTTACCGCAAAACGGAACCTACTCAGCGGGCTTGAGGCAGTAAACCGTACCACGTTCCGTCGCAACAACCAGTCGGGGAAGTTTACCGCCGATGATAGCCGGGGAACCCAAAATCGCGCCGTTAAATTGCGTCTGCCAAATCACTTTTCCGTCTTCTAGGTTCAGCGTGTAGAAACGCCCGTCCGTCGAACCCACATAGACCCGGTCTCCCGCGATGATCGGCGAGCCATCCACTTTGGCCTTCACCGTCGTCGACCATTTCAGTGTCCCGGTTTTCGGATCCAAACAATTGATTTTTCGATTTCTGGCTCCGAACACCAGATGGTCATTTGTCACCGAAGCCGAACTTCTCACCGACGTCGCGCCCGCTGGCTCTTCCCACCGCCAATTGACTTCCGGCGTCTGGAAATTGATCGAGAAGAAAGTTCCCTGCTCGGTGCCAAAATAAACGTCGTCGCCGACCGCCGCGGCGGTTGTCCCGGTGGGCGAGCCAATCTCGACGGTGCTGACTTCCTTGCCATCGTCGAGCCCGATGACGTGTAGCTTCGAATCGCACCCAGCCAAAAAGCAGCGGTTGCCAGCCACCGTCGCACCGCATTGAATTTGATCATCGACCGAATGAGCCCATTTGAGCTCTCCGGTTTCACGTTCGAGTGCGTACAGTTTTGCATCCTGCGAGCCAAACAGAACCAGCGACTTGAAGAAGTTCCCGCCCGAACTAATTTCGCCCTGAGTCTCGTACGTCCAGAGCGCTTTGCCATTGGCCGCGTCGACGCAGTAGATCATCCCGATCATGTCGCCGACGAAAATTCTGCCGTCACGCCACGCCGGCGACGATACAAAGCCCTCTTCAATCTCGAAATCCCAGTTGGATTTTCCCGTTTCCAGGTCGATCGAAAACAGCTTGCCTTTCACATTGACGTCGATACCGGATGTGAAAATCGTCGGCTTGCCTTCGTGGGACGCAATGATTGGGCTCGATTCGAAGGCGCCTTTTGGATACTTGAACTCCCAATCGATTTCGAACTTGTCGCCAATCGATTTCTCAATGGCGCCGGTTGAAGTTTCGTTTCCGCGGGCCATCGGCCATGCTGCAGCTTTGGCGGCTTCGTCGACTTTTGCCTGTTGAGCAAACAGAGGAGTCGCACAGAGAGCCAGAATCGCCAGTGAAAAACTGAGTCGTTGAAACATGTGAGGCTCCACCAAAATTCGTCGATGCCGGAAAATACGATTGAGATTTTGGGCCTTAGATAGCCCTTCGTCACGCAGGCCTGAGATGACTCGCGTTGGACGGTTGCGAACGCCAATCAGTTCCATTGTGCTGCGAGTTGGCCCTGGCTACTTTTCCGGTGATGGGCTGATCAGTTCAATAATGTTGCCATCGGGATCGCGAATCAAAGTGAGTGTAATCTGTTCGGCACCCTCGATCGGCAGCGGACTTTCAGCAACGGTTTCGACGCCGGCATCCTTGAGACGCTTCATCGCAGCCTCCGTGCTCTTGACATAAATCGTGAGGTAGCTGTATCCGAGCGTTGTGTGGATGTGATCGTGTGCCGCTTTCGCGCTCTCGCCATCGACTTGCATCAGCTTGAGCTGAGTCGCGCCGGCACCGGTTCCCAGTGTGAGCACTTTGACGTCGAGCGGTTTATTATCGGTTAGTCCGACCTTGTTCGCGTACTCGGCACCGACCTTGAATTCGGACGTCTGCTCAAAGCCAATGGCCTCGGTGTAGAACTTGACCGACGCGTCGATGTCGCTGACGACACAGCCGATGTCGATAGTCGGTTTGGTGAACTCGGATTCGTCCTGGTTGGATCCAGCAGAGATGAAACTGGAACCGACCGCACAGACAAGAATGGCGATTGACGAAAGCAGATAGTTTTTGAGTGTCATCATGGATCCAGAAAAAGGGACATTGGTGATTGGCGTACCGCCCGGCGCGTGCGACCGAAATTTTACCAGGCAGATTCGTAGACAGAAAGCAAACTTTCCTGATCAACGTCACGCGGATTGAACGTGCCGGTCCACTGTTTCGCCGCGCCTTCGGCAAGCTGAGGCAATTTCTCTTTTTCGACGCCGCAGCCGGAAAGCTGAGTTGCCAGTTTCGCAGTTTCGACCAGCGAAGTCAAAAAGTCGGCCAAGCCACGGGCCCCGCTTGCTGGATCTGGCATTCCGTCAACGCC
CP042912.1_gap8	395350	396558	1208	ATTGCATGAAGCTCAATCGGCTCGATATCAATACTGCCGGCGTCGCGTTTCCGAAGTTCCGAAGGACGTCATCCGTAAAATACTACCCCGACGATATCACGGCGTGGCCGTCGTATGGTTTGCCCCGGAATAGCGTTGTGAATCCGACGGTTCCTGTGACGGGGAAGTTTCGCCCAAACCCCAACATGCAATTCCTGTCAATTGCCGACGTTGACCTTGGCTTGCAGGATCTAAGTTGTTTCCGCGAGATGCCGAATCTTGAACGACTCGTGATTCACAATTCTGGTGGCTTGAAAAGTCTCGAAGGGATTCAGTACTGCAAGAAACTCAAGCGCCTGGAAATTACATCTTGCAAAAATTTGCTAGACATCAGTGCTATCGAGTCGCTTGCCAACCTGGAAACCCTCTCCATCACAGATTCCCAACAGGAAATAAAGCACTTCCCAGTCCTCAATTGCCCCAAGTTAAAGCGATTGAACTTGAGCCGCATCCACGGATTTAAGGATCTTGAGTTTCTGCGCAATGAAGAAAATATTGAGATGCTGGACCTTCGCGAGAGTGGACTGCGGAGTTTGAAAGGGCTCCGGCATTGTTGGAAGCTGAAGAAAATTCAAGTAGTGGGGAGCGGGCTGACAACGATTGGTTGTGATATTGTCGAAGCGCCGATTCAAGAAATTGATTTTCAGGATTGCGACTGGCTGGTTGATCTCGAAGGATTGGGGAATATCAAAAATCTGTTTAGCGTAAACCTGAAAGGTTGTTCTTCGCTCAAACGACTTAAGAGCATAAGCCAGCTGACTGACATGGAGTACCTGGATCTGACAGGCTGCCGGTCACTGGAGACTTTGGATGATCTGCAGTCGATGCCTCACGTGCAGCATGTTGTGATCAAAGGTTGCATCAGCCTTGAAAATGTAGATGGATTGCTGAAACTTCCTTCATTGAAATCTCTTGATTGGAGTGACTGTCCGCTGCTCAAAACGGAGGACATTGAATTGCTCCGCCAGAAATTTCCGAGTCTCGTTGAAGACAAGGATGTAATGGACTAATTTCTGTCGTGCTGCTCACTCAAAGACCTGTTCGTCCCCCAGGTGCTCATTGAGCCCCGCAAGATGAGCATCGGCGTTCGCGTCAAAACCCATTTGGAATTCCAGCTGCTTTCTTTCAACGTCTTTGCCCAGCGACTGATAGCAGAACAGCAAGCCACT
CP042912.1_gap9	403528	404982	1454	CTGATGCGAGAGAACCATCCACACCTTTTGACGACGATGAGCGGGCTGTTGAAAGTTTATGTTTCTTCCAGGCAGTTCGAAAAAGCGGAGCCGCTAGGTTTGCAACTGGTGGAAGGGTACAGGATCGAAGGTGGGCAAGATTGGGAAATCAATTTTGCCTTGAACATGCTGGCTCACATCTTTCGGATGCAGGACAAAGACGCGGAAGCCCACCCCTATTACGTCGAAGCATACGAGCTGCGGACCAATTCAGGTGTGGATCTCCAGTCAAAATCGATGGCGGGTTTGCTGGACGTGTTGTGCGACGTCGAACATGAGACGGATCAGCATGAACTTAGCGTCGTGCGATTGAAAGAGTATCTCGAATGGTTCGCTGGCGAAGACGATGAACAGTTGCCCTGGTTTTATAATCGAGCGAAAAGCCAGCTGGGCCGAGCGTTGTTGGAGTTGGGACAGTACGAAGAAGCCGAGCTGGTTTTGCTCGACTGCTTCGATGCCCTCGAAGGCGTTGCCGAGGACGATCTGAACTTTAGCAGCTGTCAAAAGGAACTGCGGTCCACTGCGGTTCGGATCCGGGAACTCTACAAGCGAATAAAACAGCGCGAAAAGTATGAGCTTTGGCGCGATCGGTATCGTGAGCTGAAGCGAAAGAGCAACCTGTAGCCTCGCGACCAACCTGGGAGAATTAGGCACTGTTTGACAAATTGATTTTCATGTCATCAACGCGGCCAAACATGAGCGCCTTGCCGCTCACATTTACCAAACAGTGCCTACAATCGTGGTTTCGGCGGCTTGACTGGCGTTGCCCAGGATTTGGCTGCCGTCAATTTCGTCTTCCGTTTGAACAGCTTGCCACCACAGGTCACGTACAACGTCTGGTTGTCTGGACCCGCAAGGATCACGTTCGTTGTGCTGCTGGTGCCAGCCGGTGGAGGCAATATCAGATTAACGCGTCCGGGTTGGTCGCAGATTTGAATTCCCATTTTTGTGGCAACCAGAACCCAGCCGTCTTTGTCGACGCACATGCCCATACTTTTGGTGCGCATGTCGACTGCGGCGGGTGGTGAGTGAATGTGAAAGTAAGGCTGAGCATGCGTCAGCGTCCCGTCTTCTTGTCGAACACATGACCAGACGTAGCGGCCGTTGAAATCAGAAACGTAAACCAGTGTTTGGTCTGGAGAAAGCGTGATGCCGTGGGCTCCTGACAATCCTTCGACTGCGAGTTTGGCTTCTCCGTCGCGCTTTTTCATCCAAACTGATTTCGATTCCTTGTCGGTGAAATACAAAGTGCCATCGTGAGCCGTAACCATTGCATCAGCGTTCACTTCATATGCGGTCGATCCGCCACCTGGATGCTCAAAGATTGAACCATTTTGGGCAACGAACAACGATCCATTAGGCTGGGCTGCGATCGAAGTCAATTTTTCGGTTGACGTCCCGATGTCGATTTTCTT
CP042912.1_gap10	407217	408190	973	TGCCCAGGAGTTGCCGTTTGAGTCCGATCGCTTTCAGGTCGTCAGTGCTGCCTTCGGTTTGCGGAACGTTGCCGATACGGATCTGGGGTTGCGCGAGATGACTCGTGTCTGCAAACCTGGCGGGAAAGTTGCCGTGCTGGAGTTCTCTGTTCCGCGGACTCAGCCCATCAAAGGCATGTACGGTTGGTACTTCAGAAACGTATTGCCCAGGATCGGACAGATGCTCGCCCGCAACGATTCGAATGCTTACAACTACTTGCCGGACAGCGTTGGCGAGTTTCCCTGCTATGAGAAACTGACTGAGAAAATGTTGGCGGCGGGAATGTCAAAAGCCGACTTCTATCCGCTGACGTTTGGCATCGCGACGCTCTACATAGGTGTCAAATGAGCAACCATCCGATCGTGCTCGCCATCACCGGCGCCAGCGGCGTGATTTACGGTCGGCGGTTGCTGGAGATTTTACTGCGGTCGAACCTCGAAGTTCATCTGACGATCAGTGAATCGGGTCAGAAGGTGTTGCAGCACGAGTTGATGTCGAAGGTCGACATTGAGAACTTTCAACTCGATCAACTGCTTGATCCGGCTGTCATCGAAGAACACTCCATCGACGATTCTTTGGTTAGCTACCACCACTACAAGGATTTCATGACGCCAATCGCCAGCGGTTCGTTTCAAACGCGAGCCATGATCGTCTGTCCCTGCAGCGGCAGCACGCTCAGCGGCATCGCGACTGCGTCCAGCGGAAATTTAGTGCAACGAGCCGCAGATGTTCACTTGAAAGAGCGTCGTCCGTTGGTGCTTGTCCCACGCGAAGCTCCCTTGTCACTGATTCAAATCGAGAACATGCGAACCGTAACCTTGGCTGGCGCGACGATCCTTCCCGCCTCACCCGGCTTCTACCACGGCTACAAATCCGTCGAAGACCTCGTCGACTTCATCGTCGTCCGCATCCTCGACAACATTGGCATCGATT
CP042912.1_gap11	419651	422557	2906	TCTCCATCGCCGTCGAGATCGAGGATCTGGAACCCGCGGCTTGTGTCGTTGCGAATAAAGGTATACGAATCGTCTGGATCAGAGTTTAGGCTGACGAACTCAGCAAATGTTCCGTCACCATTGCCCTCCAGCCATCCAATGTCGTCAACGAATTGTCGCCGGCCGACCAAGTCCAGGTTGCCATCTTGATCCAGGTCAACGACTCTGAAATCGCTAATTCCTGATCCCTCAGACGTCTCGACGGTCGACTGAAAGGTTCCGTCACCGTTTCCAAGAATCGTGTAGAGAGCAAAGAAAGGAGTGCCGCTAAACGACTGTGTATATCGGCTCCACACCAAGTCCGCTGTGCCATCACCATTGAGGTCGGCGACCGTAAAGTTCTCGAAAGGAAGCTTTGCTGTGAAATTAAATTGCTCAACGATGATCGGCTCACCAAATCCACCATCGCCGTCACCGAAGTTAATAACGACATTGTGAAAGTATCCATCGCGAGTCACGTTTGACCGGTGGTAGGTCAAGGAAGCCAAGTCAAGGATTCCGTCGCCGTTGAAGTCAGCCTGGTCGAGACCAAATATGTCGTTCACGTCAGTGCTGTTGATGAACGACGGCAAACCAACATCGACGTTGTAGCCGCCTTGAATGACGTTGCCCGTTTGTTCCGGTTCGCCGGTTGAGTAAGTCGTTTCGTCGTCGAAGCGCTCGTTTCCAGTTCCCTCGTGGACGCTAACAGTTTGATCATCGGAATTGATCGTGACGATCCGCGGGCCCTGGAATCCGCTGATCACACCGACGCCGTTTGGATTGTCTCCTGTGGCCAACGTCGTGATTTCAAAACCGCTTGAAGCTGTTGCTTCAACCACTGGATCGGTTGTGAACACGGGTGGGCGATTCTGGAGCGACTCGACGACTTCGACAGTGAAGGTCTGTTCCGTGAAGAGTCCAAACGGATCGGTCGCGCGAACCGTAATGCGATTGTTGCCGATGTTGTCAGCCGTTGGGTTCCAGGAGAGTACGCCACTGTTTTCATCGATCGAAACGGCTTCATTGCCACGTGTGATGTTGTATCGCAGAGCCTGTCCTTCGTCCGGATCGATGGCGATGGCGGTGTAGCTGAGTTCACTCCCGGCTTCGACGATCGTTGGCGGAGTCGATGAAAATCCAGTCGGCGCTGAGTTGACTTCTGCCAGCAACGTCAGTTCAAACTGGAACTTTTCGTTGGCTTCATTGAGCCATTGGAAGTCACGCGTTCTCGCCGTATCACCAGGAGCAACCTGTCCGGTTTCTGAAGTCACGTCGATGTAGAAACGCCCGTCCGGCAATCGCCCATCAGGCTCGATGAAAGCGATTTGTACGTCAGAGAGATTCTTGATCACGGCCAGAATGCGACCGGAAACTGCGATGCGTCCGACATTGGTCAAAGCGATGTTCGTGAACAGGGCGTCGCTCTGTTCGTTAAAAGAAGTTTGACCGAAACGGGCCGTGAAGCTTTCGGTGACGTCTTGCAACAACGTGAAGTCCACCGGGGAATTCGTTTGACGGTTGTTGGCGAATGAGGCGCCGAGCGGAGTGTCAATTTCGGAAGCACTGGTTTCGATATTCGAAATCGTGACTTTGGTTTGCGTGTCGCCGTCGTTGTTCACCAGTCGGAAAACCAGATTCGCTACCGTTCCTTCGGCGATGTGAGACAGGTCCAGCGTAACCGTATCGCCGGCCAGGATCGTGTTGACGCCAACCGCGGCAGATTCGCCTTCGGTCAAATTGAAAAACGCTTCGCGGTCGGAATTGAATCCATGCACCAATGGCTGACCATTGATATCAACGAGCGCGACTTCGAAAGCATCATTGACAAAGTTCGCGGCGGTATCGAATTCGGGTGCAAACTGAAAGCTCAGAGACTTTGCATCTGGGCCGACAACGACCTCGCGAGATTGCGTGCTTAGGAAGTCATCATTCTCAAATAGCGTCAGCGTATCTGTCGCGTCGCCAACGGTGACATTGAATGACTCGGCAGCGCTTCCGCCGTTCCCGTCGCGGACTCGTACCGTGAACGCAAAGGTTCCTACTGCAATCCTGCTGGCCGGAGACCACTGGATCAGGCCATCATCAGAAACGGTGGCTCCGTCGGGTGCTGAGGTAAGATCGAATGTCAGCGTGTCCATTGGTACGTCGCTGTCCGTTGCAACGGCTTGTATGGAAATGCTCTGTCCGGCTTCGATGGACATGTCTTCGATGGATTGAAGCACGGGCAAGACGTTCGATTCATTGACGATCACACGAAATCGCTGAGAATCCGACAGGCCTTCGGTGTCGCTGACTCTTACGTCAATGTTGAAAAAATCGACGGCTCCGGCGTATTCATTTGGCGTCCAGCGGAAGATTCCCGTTTCGGGGTCGAGCGAAGAGCCAACGGGTCCGCGGATCAGTTCAAACACCAGGTCGTCATCATTGCCGTTGGGATCGGAGGCAGTCAGTCGAATTTCCAACGGTTCCTGTTCGTCGATCTCGCGGTTTTCGATATAATCCAAAACCGGTGTTTGATTGTCGATCAAAACTTCGAAGGATTCGGATACCTGCCCGCCTTTGCCGTCAGCAACCTGAACGATGAATTCGAACGGATCGCTGCTGCCGAGTTGAGCCGCCGACGGCGTCCAGGAGATCTCGCCGCTGTCAGAAATTGTCGCTCCAGTGGGCGAATTGGTCAGCGAGAACACCAGTGTGTCATTGGGTCGATCGGGATCATTGGCTAATGTTTGAATCGAAAGAGACGCGTCGCGCGCGATGGTCAGATCATTGATCATCTCAATCGATGGATCACGGTTCACCTCATTGACGACGATTCGAAACCGTTTCTGATCGTAGAGTCCATCGGTGTCGGTGACTTTTACATCGATGTTAAAAAAGTAGCC
CP042912.1_gap12	472785	476897	4112	TCGGCATCGTCAGCCGCGGCTATGGCAGTCGCGACGATCAAACTCCCAATGACGAGGCACTGGAGTTGCTATCGCGGTTGCCTGCTGTGCCGCATGTGCAGAATCCGGATCGCGTCGCGGCGGCCCGGAGTTGTATCGAGAAGCATTCAGTCGACGCAATCGTGCTCGACGACGGCTTTCAACATCGCAGAATCGGGCGTGATCTCGATATCGTGTTAATCGATGCCTCGAACCCGTTTGGCTTTGGCAACGTTTTGCCGCGAGGCCTGTTGCGCGAACCGATTTCGTCACTGAAGCGTGCTGACATCGTGGTGGTAACGCGTTGCGATCGAGTCGAAGCCGACATGGTTCTGGCGACGCGACGTCGAATCGCTGCGGAGACTTCGGCGCCGATCGTGCTGGCCAGAACCACAGCCAACTCACTTTTCCAACACAAAAATTCAGAGGCAACGACGACCGATGAACCAACGGAAATTCCGATCGCAAAGGCTCACTCGGGGCGTTGGTTTGCGTTCTCTGCAATCGGGAACCCGGAATCCTTCGAAGCCTCTCTGGCGGAACTGCAACTCGACGTTTTAGGTTCAATTCGGTTTCGCGACCATCATCACTTCGACGACGGTGACTTGCGAAAGATCGTGGTTGCAGCAAAGCAGGCAGGTGCCGATCGTCTGGTCTGCACGCACAAAGACCTGGTCAAAATCTCACGGGAATCGATCGGCGATCGCCCGGTTTTCGCGCTGAAGATCGACTTCGAAATTTTCGAGGGACAGGAAGAAATCGAACAGGCAATTCTTGATCTATTCGCGACGCTGAAAGCGCTGGAATAGCGGAACGCGGTTGGACTTCTTGGGCGCTAGATCCGGCAGTTCGAACGAAGGCATTTCAAACTGAGGCAGCGGAATGTCAAACGGGCGAGTCTTCTCTGTGTCCGCTGCGACCGGTTCTTCCTTACCGATGTACTGATCGAGAAACTGAACCCAATAACTTTCCAGGACGCGTCGACCTTCGTCCATCGAGCCATCGTTCTGAAGTTGGGAACCGGCGCTGGCAAGCAACTGCGTCAGTGCGACCGAATCGCTTTCGTCGAACCAGCGATCATAGACTTCGACCTGGTCGATTGAGACTTCGCCTTTCGACATCAGATCAAAACCGACTCGCAGGTTCAAAGCGTCGGGCGGCAGATCATCAAAGTGAACTACAAACCGCCGCCACGTCGCGTCGAGAGAACTTGTTTCGCCTTCCGACGGGATGGCTCCGATTGTCCCGAATCGATAGATGCTCTCACCGTCGGAAACGCATTCGATTGAGATCCTTGGTCGTGGATTTTCTGCCGCGTTGTCGGTTCGAAGCCACGCGGACACCGATAGTCGACCAGTCGTTGGCATCTGGAGTGTGTTGGAGCGAATCCAGACCGGATTGCCTTTGGTGCCCATCGTGAGCGAAGTTCTACCGTCTCGATATTTCGATGAGTCAAGCTCAAACGTCGCTCCATCGTGGTTTCCAAATTCCCAGCCGCTACGATCCGGGTCCGCAAACGATTCAAAGCTGCCGTTGAGCAACTGCGACATCGGTTGAGCCGTTTTGGCTTTGGCGAGTTTGCTTTTGACTTGATAAAGCTGCTTTCTCAAACGCGAGTCAACCTGTTCAGGCAGTGCGACGTCGAAACTCTCGATAGCGTAAGGATTAAAGGCTGAGTTGGTCTGCGATGCAGCAGCGTACATGGTCCACGGATCGAGAAAGATTCGCATCGCGGTCCGCCCTTCACGCTGTTCCAGCTGAACTTCTTTTCCGTCAAACGTCATCAGCGGAGCGGCTTTTCCGTTTGAGTTCGCGGAAGCCTGAAGCACCTGCGGAATCCGTTTCTGTCCCAGCCAGGCGGTCACCTCCATTGGCCAGGGACTGTCGTTGATCGCGTAGAAAAAATGCTGGCCATCAACAGAAAGCTGTCGTATACAAATCGGCCCGGTCGCAGAATCGCCCACGTCCGTGAACCGTTCTGCGGGAAGTTCCTGAAGGATACGAGCGATTCGTTCGACTTCCTCGTCTCCGCCAAACGGCAACGAGTCACCGCCGTCGACGATCAATCGCGAGTCAAATTTTCGGATGGCTTCGATGTAACGTCTTCGATTCGAATCGCCAGCGATCGTGAACAGCTGCTTTCGAGTCGTCAAACCGGCAACGGGACTCTCGATTCCGGACTCTATCCGTCGCCAGTTTCCGCGATGCGTGAACAGCGAACCGTCGGTCTGGTTGGCGAGGAATTGCTCTGCCGTACGAGATTGAGCAATGCTCAAGTCGACGCGTCGCTGCGCCAGCGAGTAGCCAGGAGCAACTTGTCGGGCAGCCAGTACCGCTACTCCGCTTTGCATCGTTTCCGTATCCAGACTCAACCCCAATTCAAACATGATGCGGCCAAAATCGCCAGATCGATGAAGCGAAGGGCTCATCGCGGTCACAACGTCCCGCTTTCGATCAATGTCGATCGGCAACAGATAAAGCCGGTGCTCCGGACGACTGCGGACGATTGCCGCAAGGTCAGAATACCATCGAGCCATCTGCCCGGAACGCCATGCAAGCCACGTTTCGCGAATCACGTTCGTTGGACCTTCGACAACCAGTGCATTAATGTCAAATTCGGCCGTGTTGATGTTTTCGGCCTGCACGAATCGTTGCAATGTTGTGTTATCAAATCCGTGTCGCGATCCTGGCAGCATCGTGCAGCAATCGGGGCGGCATGTGAGTGCAAGGCCTCCAAACGAACTTCGATTCTGATATCGATAGACAAATTGCTGGATGCCTTGTGAGCAAACGTCTTGCAGGCTTCTGTCGAGCGGATTGTAGATCGGCAGTTGGCTGCGATCGAAATCAACCGACTGACCTTCGAAGTCCAGTAAATCAAAGCTCATCCGCCCCGCTTCCCGGGCAGATTCCAGCGCCGGCAGGGAAGAGTTGAGAGTCAGAACCGGAACGAGTTTCAGGCCGTCCCGATCGAACATTCGCAGCATCAATTCGACCACATCCTTTTGGACTGGATCGCAGCCCAACGAAGAAAAGATGCCCGAATCGAAACGTGGTCCAGGTGCCAGACCGGCTGAGGGAAAAATTGCGCTACCATCGGCTGACACCGTCACGAACGCTCCGTCGTAGGCGTGAGCTTTGAGGTGTTGAGTCAGTCGATCAATCGACTGGTAGAACGTGTTCCAGTCGTCGAGCGATTGGCCCGACTGAGGGTCGACGGTTCGCTGCGACTGAAACAGCCCGCCGAAGTCCGGTGACTCAAGGAAGGCCATTCTCTCACGTCGTTCAATGGCCGGATCGAAATTGTCCGAACGTTGCACGCGGCTTTGCAAACGCGCCGGACCAGATTCAAACTTCAACTCGCCGATCTGGGCTCGAATCTGCGGATCGTCGCATGAAAGGAACAGGTGGCCCGGGTTGGGCTCTGGCCAGAGATAAAAAGTATGCGTCAGCCATTCGGTTTCCGGATCACTTTCGACGCTCTCATTGGGAACGCTGATCCCCGAATCCATGCCATGCAAAACCTGTTGCGTGGAAGAAAGATAGTTGATTCCAATCTTCGTTCCCGGAACTCGGCGGTACCGAAGTGACACTCGGATCGGCCCACTGTCGTTGCCGGATTTGATTTCGGGGACGGGAATCGTGAGCGATGCCCCGGGAGAAAACTCGACGGCGTCTTCTCCCGAATCGCCGGTCGAAACCACGGAGAACTCTCCTTTGCGGATCGTTTCCCGCGTCCCAGGCATGCGCGGAACCGGCCACTTGCTGCGACTGCCCCGCAATTGCTGTGGCGATAGTGTTTGCAGAGCGATCCAGTTCACATTCGCGACCGGCGTCTGCGCGGTTTCGGAAACAACCACGATTTGAACACATCTCGTGATCTTCTTCGGTCGTCGAAACTGGCCGAAAGTTGACTTGGGTTGCGGCGAAAGCTCAAACCATAAATTGTGAACGCCTTCTTCCTCTGGGACTTTGATTTCAAACGGTTTCGAGTCCGAAGTTCCGCTTTCGTTCGTCGTAAACTCGCTGGTACCATTGGAGATTGGCAAGCTGATATTGGCTTTCTTCCAGGACAGGCTCGCGGTGACCTCTTG
CP042912.1_gap13	478696	481277	2581	GCTCAGTTTCTCGACCGCCACGGTGGAGCTGGAAACAAAGCAGTTCCCGATTTCGATTGCCGCACCGCTTGGCCAGCGAATCATTGGGCCGGCGACGATGGGCGGATCGGCGTCGTCACAAATCAAAGCGGCCTGGAACGGCACGACCAGTGAGGTTGAAGCCAACATTGCGTCGTTGCAGCTTTCGAATCCGCAAATCTACGCGCCGCAGTTGCTCAACGAAGACCAGTTTTTTGTTGATCAGCTTTCGGCCCGCGGTGCGATGCAACTTTCGCCTCGCCGAATCTCCGCAGATCAGTTCGTTGTCGAAACGGACTTTGGCAGACTCGACGCCAACGGAGATTTCGATCCTGGACAAATTGCAAAGCTTTCACAGGGAGGCCAGCTTCCTGATTCGACGCTGCAAATGGAAGGCGAAATTGACATCGCCAAACTTCTTCAACGATTGCCATCCACGTTTCAGCTGCACAAAGATCTGACAGTAGAAAGCGGCACGATTCAGTTCAGTGCGGGGCAGCAAAACGGTACCGACGCGCGTCGGCTGATTTTCAATGTCGACACCGCCAATGTTCGCGCCAATCGCGGCGGACAGCCAATCGTCTGGCAGCAACCTTTGCGTCTGGTAGGAGTGCTTCGCGAGAGCAGCGGTCAGTTTTCGATCGAGAGCCTTGAGTGCATTTCTGATTTCCTGAACATCAACGGAACCGCCACGCTGCGCGAAGGAATGTTTCGCGTCAGCGGAAACCTGGGTGAACTTTCGCAGCGCATCCGCCAATTCGCTGATCTCGGACCGATGCAGTTTGCTGGTTCGCTCGACGGGCAGTTCGGCTGGAAAATTGTTGGCGAAAACCAGATCAACGTGGCCCAGTTGGTAAATCAGCCGATTCAAATCGGTGGCGAATTTACGGTGAATCAGCCCGTAATCGAAATGACGGATCTGCCGCGCTGGAGCCCGGACAAAATCGTGATTCGAACCAGCGGAAGCGGTCAGCTTTCAGGAACCGAATCCAGTTCGAGCATGAAGCTGTCCCAGGCCGGAGCGCAATTGGAAGTCGGGAACGAAACCGCGATCCTGTCGTTGGCTCGCCCGATCGAAGACGCGTTCACGAACCAGCAGTGGGTTTTCAACACTCAGGTGACCGGGCAAGTTGAAGGTTGGCTGCAGCACCTGCGAAACTTCGTCGATCCGGGAGACTTTCAGGCAGGAGGCACGCTAAACTTCGCCGGCATCACGATCGTTGATCCCAATCAGATTCGTGTCGAAAACGGACAGTATGAAATCAAACAGCTTGGCTTCGAGGGATACGGTGCAAAGATTCGGGAGGATCGCGTTGTCGGATCGGTGACAGCGGACTACGCGATCGACACCGGCAACGTGGGCGTCCAGCAAGGCACGCTTCAGGGGAGCGGAATTTCGGCGACGGCTCAGAACCTGAAACTGACGATCAGCGATGCCATGCAGTTGGACGGGGCTGCCGCGTGGCGAGCCGACATCAACCGAATGGCAGAATGGTATTCGTTGTCTCCTGCCGCGGACAGCATCAACTGGTTTGGCGCCGTCGAAGGCAACGTTGATTTCAAAAGTTCAGCTTCGGGCACAGATGCTTCATTCCGCGCGGACTTGACCGACCTTGTGGCGACTCAGCAAGCGACTGCGACGGATCGTACGTCGCCGATGCAAATGGTTAGCAAAAAACAGGCCTGGACCGAACTGTGGCGCGAACCGAAAGTAAACCTCAACGGCCAGGTGACTCTGGGAAGCGACTTCAACTCGTTGGCCATTCACGGCCTGACAGCGCGTTCCGGTTCTCTGGACTTCGACTCCAAAGGTACCATTTCCGACTTGGCCGGTTCGCTGGTCATGGATCTCGAAGGCAGTTGGCAGCCGAACTTTGACAAAATCAACTCCTTGCTCGCCGCGTACAGCCAGGACATGGTCGAACTTGGCGGGACCGGGATTCAGCCCTACCGAATTCAAGGGCCACTGTTCGCAGATTCCGCAGCGGCTTGGGTTTCCGAACAGCTAATCGTTCAAACGATTGTCGGATGGGATCGCGGTCAGTTGGCAGGGCTGCCGATCGGCAAAAGCGATCTCGCGGTTGAACTGCAGCGGCAGGTCGCTACTTTACGAACCAACGAATCAGGCATTCCGGTCAGCGGAGGCACGGTCAACCTGCAACCGCAACTCGATTTGCGTGGCAATGATCCAGTGCTCGTGCACGGCGCGGGACGGGTTCTCAATAGCGTTCAAGTTACGCCAGAGATTTGCCGCGACTGTTTAAAATTCGTCGCGCCGTGGCTTTCGGATACAACCAACGCACAGGGAGTTTTCTCGGCGGACATTCAGGGGATGAGCATGCCTCTGTTCAATCCGCAGCAGGCTTCGGCCAGAGGAACGCTGGTGATGCAGGACGTCACCGTTGCGGCCGGTCCGATGGCTGAGCAGTTGCTTGGAACGGTTTCGCAAATCCAGGCGATTCTGAAACCTGACTCGCGAGAGCGAGAGTTGAAAACGTGGCTCAAGATCGAGCAACAATCGATTCCTTTGGCGGTTGAAAATGGACGCGTCTTTCATGAAGGC
CP042912.1_gap14	489680	494646	4966	GCTTCCCAATCCTTCTGCGAGTATTTCAACTGCGCCATCAAGGCACACGTATCTTCGTCGTACGGGTCAAGCCGCAGTGACTCCATCGCGGAGGCTTCGGCTTCGTCGTATCGATTTCGCATCAGGTAAACGGACGCCAAAATCAGGTGACAGCGAGGGTTCTCGGGCTGCAAAGAGATCGCCTGTCGCGCCGAATCGGTTGCCTCGCGGTATCGCTTGGTGTGCTTGTAGCAAATCGACATCAGCAAATGCGCAACGGCATCCTGAGGATTTTTGGTCAGAATTGCACCCAGCTCCTGTTCGGCAAGCTCGAATCGGTTCTGATTGATAAGCAGTTGGGCTCGTTGGTGATGTTGGTCCATGGACTTATGTTTTGATTTTCAGATAGCTCAAAATGTCGTCGTAGGTCCCACCCTGGTTTGAGTATAGAGCGTGATTGCGAGCCGTGGCAAACCACTCCCGGGTCGTCGCGGTCGCACGCTTGGCCGTAGCCAGCAAGTCTTTCGTCGATATCGGTGACGGGCGACCAGATTTGATGGCGTCCTGAAGTTTTGCTTCAACCGTCCGGTCCACAACCGCCATAAGGTCGGCGCCTGAAAAGTCAGCCAGCTTGGTCGCGACTTTTCCAAGATCCAGTTTTGCTTCCTGTGGCTTGCCCGCGAGCTGCATTTTAAGAATCTCTTCCCGAGCCACAGCGTCCGGCGGCGGCACAAAGATCACCTGGTCGAATCGCCCTGGACGACGAAACGCTGTATCGATATGCCAGGGAGCATTCGTAGCGCCGATGATCAGTAGTCCATCATTGGATTTGTCGACGCCATCCATCTCGGACAAAAACTGGTTGATCAGATGACGCCCAGCACTTTGCCGCATGTCGGATCGGCTCGCTCCAAGAGCATCGACTTCATCGAAAAACAGGACGCAGGGTGCGTTAGCTCTGGCCCGATCGAAGATCTCGGCAAGATTTCGCTCGCTGTTGCCGATCCACATGTCGAGGACGTCGCTAATGCCGACCGAGATGAACGTGGCTTTGACTTCGCCGGCAGTCGCCCGGGCCAGATGCGTTTTGCCGCAACCGGGTGCTCCGTAGAGCAGGATCCCGCCGCCAATTTTCTTTCCATAAGCCGCGTACATCTCGGCGTGTTCAAGCGGATAAATGATCTTTAGGCGAATGTCCTCTTTGACGCTTTCCATGCCGCCAACATCGGAAAAGCTGAGCTTTGGCCGTTCGATGTTTGTGTCCAACGAGTCGACCTCTTCGCTGACGCCGGCCCGGATTCGTCCATCGACGATTTCTTCTTCACTGTCAGCGTTCCAGTTTCCGATGCCCAACAGGCTGGCGAAGTCAGCGTCTTCGCTTTCTGGATCGCGATCGATGGCGTCTTTGTAGCGTGCAACTGCGGACGATACATCGCCGTCTCGAAAAAGCAGTTTGGCATGCAGGACCATCGCCTTTGGGAACATTCGGTCTTGTGATTCCAGCGTTTCCAGAATCGACATCGCGTGCGAATTTTTTCCCTGCAAGTAGTAACAACGTGCCAGACCAAGCTGCAACGTTTCGCTGGAAGGTTGCTGACGCAGTGCATTTCGATATTCGGATTCGGCGTCTTCATGTTTGCCGTGTTCCATCAGCACGTTGCAAAGATGCGTGATCAGTTCCACGTTTCCGGGTGCAAGTTTGACTGCCTGGCGAATGGCTTCGATCGCCGGGTCGATATCGCTCATGGGTTACTCAGCGTGTTGGGTTCCAGGCCGTCGCATCCAATTGCAAGCGGCAGCACTTTGCCAAGTGTAATCAATTTTTCGAATTTGTGCCCCTTTTGCGTGGCCAGTCGAGGCTGGCCAACAGTCCAAACAAAATCAGAGCGGCGCCGATCAGCGTTGTGGTTGCGGGAAACTGATAGTCGACTGCGCTTCGCCAGGCAAAGAACACCCACAACGGCACCAGAACCGGTTCGAGCAACGAAAGGCCGCTGGCCTCATGGCTGGAGACCGTACGCAGGCCGCGAGCAAACAGGACGTACGGCAATCCCATTTGCAGCATCCCAAACAGGGCCAGGTAGATCCACTGTGAACCGCTCGGCCACGTGGCCTCGTTGGTCAGGACACTGGGTGAAAACAGTACCGCTGTGACGGCGTGATTCAGGAACACCAACCAGGCCGCATCGATGTCGCGCAGCCCGCGCAGACAGACGATCACGCCGGCAAAGAAGACCGCAGACGCCAAACCAAACTGGACTCCCCTGAATGATGCTCCGGTAATTTCTGCCCACAGGATGACTCCGACGCCGACCGCTGCGAAACCTAACAGTATCCAGTTTCTGGGCTCCGGTTTTTCCTTCCAGAATAGCCACGAAAACAGAAACACCCAAGCCGGAGCGGTGTACTGCAACCAAATCGCCAATGACGCTTCGCAGTGCACCATGGCACTCATGTAAGTCCAATTCATCAACGCGAACGTCGCGACCATCGGCAGCAGTCGCGTCGTCCACTGAATCTTCCTTACGAAAAAGATCAGCATCAACGAAGCAAAGAATGCTCGCCAAAATGTCAGCGTGACGCCGCGAGTTTCGATCGGCCAATCCGCAAAGATCGGAGCCTTGGCGAAAAAGCCACTGGAACTCCACAGTACCGCCGCGGCGATGACCAGCAGTCGGCCTCGCCATTGGCCTGATTTTTCCTCTGGTTGCACAGGCTATTTCTTCGGACGGCTCATGACGAAGAACGCAACAACCGCCAAAACGGCTGCACTGATCGACAACACGTTGGTGACGCCAGGCGTCTGACCAAGATCCAACGCTTTCATTCCGAATGCTGCAAACGCTGCGATTCCCACGGCAGTCAAAGCTTCACCGGCGATCACGCCAGACGCAAACAGAACCCCACGGTGCAGGATTGACTCATGTTCTTCTTCTGCCTTGCCGCGAGTGTAGAACCAGGCGATCAGTCCACCGATCAGGATCGGAGTCGCCAACCCGAACGGCAAGTACATTCCAACGGCGATCGGCATCAGGTAAGCACGAAACTTTGCTCCGCTGCGTTTGAGATATTCGTCGATCCCCAGGATCACGACGCCAAGGATCGCGCCGTAGCCGACCATGTCCCACGCAAGTTCACCGTCACCGAAAAATCCCTCGGCCAAACTGGCGAACAGGCCGGCTTGTGGCGCTGGAAGATCACGGCCACCGATTCCAAGTCCGTCCGGTGTGTTTTCATGCAGCAGCGTCAGGATCGGTGCCATCACAAATGCGGCCACGAAAACGCCAAGGATTTGCATGATCTGTTGCCGAAACGGAGACGCCCCGACGATCGAACCCGTTTTCAAGTCATTGCAAACATCGCCGCTGGTACAGGCAATACAGCAGACGATGGCGGCAACTCCCAACGTCGCCACCATGCCTTCGGTGCCCGAGTAGTTGAACAAATACAGCATCGCACCGGCTACCAGAACGGCCGTGATCGTCATGCCGGAAACAGGGCTGTTCGAGTTACCGACCAGGCCGACGATATAACTCGCGACGGCAGTGAAAAAGAAACCCATCACCAGCATGATGATGGTTGCAAGAACTGTGATTCCGGGGGCTTGTGTAAACCAGTAGTTGACCATGGCCAGCAAACCGACACACAGCAGACCAAGAAGCAAAATTGCGAACGTCGGAATGTCGCGTTGCGAGGCGTCGTCATTGTCTGTGCCGTCGCCGGAGGTGATATGCTTGATCGCGGCCATCAGCCCGTGACGCACAGAGATTAACGATGCGAAACCGCCAACGACCATGGCGCCGACGCCGAAATAGCGAATCTTGGCGTTCCAGATTCCGTAGGCTTGATCGACGGCGCTTGCTTCGGCCGTGGGGTCACCTCCGCCGATCATTGGAATTGCAATCAGCCAGGCAATTGCGCCACCGATGAAGATCAGGATGGCAACATTGAGCCTCACGATCAGTCCGACGGCAACGAGCATCGGAGACAGGTCGCCTCCAAAATAAAAGATTCGAGAACCGGAGATCGTTGCCGTTTCCAGACTGCTGCTGAGCAACGCCAGAAATCCACCGACAAACTTGAACAGTCCGCCAAGAATTCCTCCGGCGATCAAGCTTTGAGCTGCACCATCGTCAGCGCCGTCTTCTCCGGCTTGCAGGACCGCCGCGCAGGCGATACCTTCGGGATATTTCAGTTCATCATTGTCGACCACGAAAACTTTCCGCATCGGGATCATGAACAGAATCCCCAGCAGTCCTCCGGTGAAAGCGATGATGGTGATGGTCCAAAAATCGAAGCTGTCCCAATAGCCGATCAGAATCATCGCCGGCATTGTGAAAATGATTCCGGCCGCCAGCGATTCGCCAGCCGACGCACAGGTCTGCACCTGATTGGCTTCGAGGATCGACGAATTTTTGAACAGCAATCGAAACAGCAGCATCGCCATCACGGCCGCCGGGATCGACGCCGACACCGTCATGCCGGCTTTGAGCCCAACATAAACATTCGCGGCACCCATCACGACGGACAGGATCAAACCCAGAACAATCACGCGAACGGTGATCTCAGGTCGGTTGACCAGTGAAGCTATCGCAGGCGACTTGCCCGGTTCGGTCGGCGTAGAAAATGGATTGTCGTTGCTCATGAGTACCATCCGGTTGGAAGTTTGGACTCATGAAGGATAATCGAAGCCAACCTGCGGGGACAGATGCGGACAGGAATTCAGTTGGCCAATTCAGTCGCCCCTACGTTGAATCGTCAGGATCGACTTTGGCGAACTCCGTTTCTCAAACGTTAGACCCGTCTGTTGGCTGACAATTTCCAGTACGTTCTCAATACGGAAGTCGAAACGATCTTCGGGAGCGTGGTCTTCGAGCCCGTAAGCTCGTTCGCTCCACGTGAACTTCTGGTCGTCGTTGGAGATTTCGCCCATGGCGATGCTGCAGTTGATGTATTCGGACAACGAACTCAGAAAGCTTTTTACATC
CP042912.1_gap15	659818	663754	3936	CTCAGTCGTTGACGATGACCACCGGAGAGCAAACTCAGCTTGGCCAGGTCTTCGACCGCGTGACTCGATCCCTTGAGGTGTTGGAAAACATCTGCAAGGCATCAACCGCATCGAACAGCGGACTCAATGAGATCACGTTGAACTCCGATGAGCAAATGAAGCTGACTCAGGATATTGTCGAAACGTTGCAGCGAACTGCTGAAACGGCACGCATCAATCGCAGTCGGGCTCAGGGAGCGAATTGGAAAGCGAAATCGTTCGGAGATCTTAGCGCGAAAATTGAATCGACGTTTACTCGCTTTGGTGGCGAACCAGTATCCAACGCTCACAGTGTGCAGTAAGGATGAAATCGATGAACAACGTCGCTGAACAACTTGAAAACGCCTGGGCGCCGATCCGGGAATCGATGACGACTGCAATCGTTCGCGATGAAAATGCGCTGGAAAAACTTGCGTTGGAACTGACGGAATTTGCCCACGTCAGCAGGACTGTCGGCAAAGAAGAACTGTCGAGAGGTGCGGATCAACTGGCACGTCTGGCAGACGTTTCCGCGGTGTGGCTGAACCGCTATCCGGACGACACTGAAATCGTTGACGAGATGATGGACTTTGTCGAAAGTCATCTTGGCGAACTTGAAAATGGCATCGCAACTCAGGAAACAAACCCAAAAATTGATCATATGATCGAGCTTGCGAACGAAGCCTGGTCAGACTACTTCATCATGACCGAAGGTTCTTGGGGCACAGGTTTGTCGCTGGAAAGTGAGCCTGCTCCAACGTTTTCCGTCGAATCGCCTTACGAAACTGAACTGCCATCGGCACTGACTGCGGATGAAGGCGACGAAATTCAAACTTCGGCTCTGTTGGAAAATGAGATCGGGATGCTGTTGGGCGCCATGACGGGTGCTTCAAAACAGCCAGTCAGTCCGGAACCAAATCCAAACCCGATTGTGGAAACAGTTTCCGAGTCCGAACCAACAGCTGTGGAAAACGAGCCGGTTGCACCTGTCGAATCAGATTCTGAACCGGCACAAGAGACAGATGTCGACGAAGCAGCAAGAGAAGAGCTTCGCGCCGACCGTGAGATGCTTGACGCCTATCTGGATGACTCGCTTCGATGCGTCGCCGCGATGGAAGCTGCCGCGCTGAGCCTGGATGCGTCGCCGAGCGACAAGGAATCGATTCGCGCTTTCTGCCGCGAACTTCATACGCTCAAAGGAGCGTCCGCGACGGTTGGACTGGCGGGACTTGCGTCTCATCTACACAACCTCGAGAACTCACTCGAAGAGATTTTCTCCGGAAACGCCCACGTGAACCCGGAAACTCTGTTCGAAGCGATCGACTTTGTCCGCAAAGAAATGGACTTGCTAAACCCGGAGTCCGAGCCTGTTTCCGCGAAGCTTGCCGCGACCCAGCAGCAAACTCAAATCCATCGAACACCTGACCCACAGCCTGCTCAGTTCGCTACCGTACCCAACGCAAGTATGGTCTCGCCGGTATCCGCGTCGAATTCCGAAACGCCTTCGCCAACCAGCTTTGCTTCCAACGACAACTCGTCGATTCGCATTCGCGCCGCGCAGTTGGATCGACTGATGGACATGCTCGCCGAGTTGGTTGTCCTCCGCAATCGACGTGAAAACAACGCTTCGGAATTCGACCTTTTGTACAGCGAATTGTCACGTTGTTCGACACGTTTAAGCATTGTCGAAGAACAGGCTGAGCACCACTCGAACAATTCGGTCGTGGGCGAGGTTTCCAAAGACATCGAAGCCGTTGGCCGCGGATTTCGAGCCCTGCAAAAACCTGTTGCCAATGACAACGCAGCCATCACGCGTTTCATTCGTGACTTCCGCCAGGAACTGATGCACCTCAGACGCGTCCCGGTTTCGGGGCTGTTCGGTCGTTTGCAACGAGCTGCTCGCGATGCCGCGAAAAAGGAAAAAAAGCAGGTCCGCGTGAAAGTTGCTGGAGAGAACACGGGGCTGGAGCAGGAAGTCCAGGAACGGCTTTACGAATCCTTGTTGCACGTCGTACGTAACAGCGTTTCACATGGAATTCAGTCGCCTTACGATCGTGCTGCTGCCGGAAAAGACGAAGCCGGAACGATTACGTTGGAAGCTTCCGCAAGCGCCCAACTGCTGGTAATCGAAGTTCGCGACGATGGAAACGGCGTCAACTACGAAGCCATTCGCCAACGCGGAATCGAGAAAGGGCTGATCGCTGCCAATCATCAGACAACCAACGCTGAGCTTGCCAATTTGATCTTTCATCCCGGATTTTCAACGAAGCAAACCGCCAGTGAAATTTCTGGTCGCGGCGTCGGTATGGATGTTGTCGCGACGACCCTTGAACAGATGCGAGGTCGAATCGAAGTCGAATCTGTGACAGGAAAAGGCACCACGATTCGGTTGCTGATTCCGCGCCGAACCGGAATTGAGCATGTGATGGTGTTCCGCTCTCACGAACAGCTCTACGCATTGCCGATGCAGTCTGTCGTTGCGGCGAAAAAGTCCCGCGACGGATTTGATTCGCTTGCCAAACTGGCATTTTCAAACAAGCGTGACCGGCAATCCAACAACGTGTTGGTCGTCAAGTGCTCCGGTTTGTCGGGAGACTCCAAGGAATCACGAATCGCGATCTCAGTCGACGAATTGCTGGGTCCGGAAGAAGTCGTCGTTCGCGGACTGCCGCCGATGCTTCGCAATCACCCACTTTTTTGCGGCATCACGCTGTCCGGTTCTGGCGAGAAAGTCCTGTTGCTCGAAACTGAAAGCGTGGCGGACTATTGCATCGCCGAGTCCGACGTCGATGCACGCACTGACGCCACCGATGACAGCCGGCTCAAAGCACTGGTGGTCGACGATTCGATCACGGCACGAAAACACATTTCAAAACTTCTCAAGTCCAACGGTTTCGCTGTAGTCGAAGCCGGCGATGGGCTGGACGCAATCGAAACACTTCACCGTTCCAATTTCGAACTTGTGGTGACCGACCTCGACATGCCGCGACTGGGCGGACTGGAGTTGTTGGCCGACATTCGAAACGGCAGCTACTGCAGTGCTCCTGTCATCGTGGTTAGCAGCCGCGACGACGCTGGCTTTCGTCAGCAGGCACTGGAGTACGGAGCTCGTGGATTTATCAACAAGCCTGTTTCGAAACAGCAGTTTCAACAACAGCTTGAAAAACTTGGACTCACTTTGGCAACTTGTCAGGAATAGATATGTCAGAAAAAACAGTACTGGTTATCGACGACAGCACGACCATCCGTCGGCTGTGCGACAAAGAACTCAGCGCGCACGGCTATCGCGTGCTGGTCGCACCGACCGCTGAAGAAGGCGTCGAAACGGCAATCTTGGATCGTCCTGATCTGATTATTCTCGATCACCAATTGCCTGGGAAGACCGGCTACGAAGTCGCTTGCGAGCTTCTCTCGAATCCGGAAACCGCAACGATTCCCGTCGTCGCGAGTTCGACGCTGAGAAAGAAAGCCTATGTCGAGTACGTCGATTGCGACAACGTTGTCGACATGCTTCCCAAACCGTACACGCCCGAAGCACTGATCGCGACGATCGAAAACGCCATCGATACCGGCGTCATGGTGGTGCAGTCGCAGTCCGACGGCAGTTCCGTTCCGGAAGTCATCGATGAGCTGGGTGAAAGCGATTTGACGGGCACGTTTGGCTGTTTCGGGTTGCGTGAAATCATTGACTTGCTCAACAACGGCAGCAAGTGCGGAATGCTGACAGTTGAAAACGAAAGTTGCCGCGTATGCGTCTACGTCGACCGCGGCCGAATCCAGGCGGTTACCGCGTCAGGGCTCGATCCCGATTTTGTGTCCAGCAAAATGCCAGAGTCGCTTGCCGAATTGGCTCCTGTTATCAAGTTCACGATTGCCGGAAGGCGCGGAAGTGAGATCGACGGACTGCTCGGATTACTG
CP042912.1_gap16	681891	683879	1988	TTCAAAGAGTCGCTGTTGGAGCAAACGATCAACTGCTGTGTGGAAACAGAGAACGCCGTTCGGGCGCTGCGAGCCGTCGTCGTTTCGATCGACTACTTGCTCAAGGATCGTAGTGAAACGCCAGACTTTTCATCGCACAACGGTTTGACACCGCTGATCGATACGCTGTCCGGTTTTGTGATGCAGAATCCGCGACACGTTGCCGATCGGTTCGACGAACTGGTTGAGTATTTCGAGAACCAGCCGATTCTGTATGTGCCGCTGACGCGAGGCGGTGATCCACGGTCCATCGTTGACGTTCGTTTGGTTCAGTCGAATATGCTGGAGATGCTCCAGACGTTGCCGCGCATCGGCATGTTCGAGGAGACTTGCGTGTTGACGGAAACCGTTTTGAAGATGGAGCAAAAACATCCGGTCGCGATGGGAGCCGTCACCGAGTTTGACGAATTGTTCAAAGTCGCCTACACCGCGATGGTGGAAGCCCTGGCTGATGCGAGTGCCGTTGATACGGAGACCGAAGATCGCGAATCGCGGGAAAAGAATCTTTTTGCATGCCTCAAATTGCTGACCGAATCGTTGCTGCAGTTGTGGCTTGAACACAGCAAGACGCTGCGGTTGAGCGTCCTGGAGAAAGTACACGACCAGCAGCTATGGATGGCGCTGGTCAAATTCATCGAGACCTATGGTGACGGGCTGCTGACCCAATATTTTCTGCACCTGGGTAACGTGCGTGCGATTCTTCACCAGGGAGTCGGGAACTGGATCGAGCAGGTCGAGAACGCCGGCGACACGATGGGGCTCAAGCTGTTTGAGGACCTTAACAACGGCAAAATTTCCAAGCCTGCGGTCGTGGCACATCTGACGATGGTGCTCGAATCGGTGATGGAGAATTTCACTGAGTATCGTGACTACAACACGACGACGACTCAGTCAGATCATGGCGACAAGATTTTTATTCTGCTCGATTTCTTGAGGCTTCGCAGTAGTTACGATCGAGTGCGTTGGAAAATGAAGCCTGTTATTTGGGCTCATAAAATTCTTGTCGACAAGAAACAGAATAACGTCGCCCGGATGTGGCGTCGTGAGCTCAACGAGAAGATTTCACCCAAGGCGACTCGCTACATCGAAGAACTGGAAGAGCTGCGAAAACGATATTCGATTCAGCTCCAATCGGTTGGCCGTCGAATTGAAGGCCGCTTCGAATCGCAGATTCAAATTGACCGCCTGATTGCGTTGGTCAAACCTGCCGTTGCCAAACCGAGAACACGGGATTCGCTGAAGGCATTTGATCTGTTGCAGCATGAAGCCCAAGCTTTCTGCCGGACAACAACGGGCGTCGGAATTGAGCTTCCTCCCTGGTTGGCCGCACTCGAACAGGAGGTTGAGCAGATTCATTTGCCGGCTCGTTTGCGGCTCAAGTCCACGGCGGCTGACTGGCGCTGTGACGCGTTGCCAGACTTTGGCAGCCTTCGACGACAGTTGGAAGAGTTTCCGGGCAACCAGAGTGATTCTGATTAACAGGTTGTTGTAACGATGCAGGTCAGTGCGAAATCTCTGGGGTCGAAAAAGCCGCTCTTTGCTGATTTCTCAGTGCCTCTCCCGCCTGACTGGTATGACGATGGTGATTCCGGTCGAACGCTGCGCGATTTGATCGAGCAGGTTGTCCGGCTCGAAGTGCGGGCATTTCTCAAACGCCAATCGGATCGGCAGTTTGTCCGCGCGCTAACCGCGCGAGAAATTGATGACTCGGTCAAAAAAGGCAAAGTCGAAATGGGTGCCAGCGAAGTGGAAATCCGGGACGTCGACGAAGATGCGGCCGTGAGTGCTGCCTGGGTTGCCTTCGAGGACGGAATTTACTTGGTCATCGTCGATGAGAAACGGTATAAAGACTTGGACGAGGCAGTGTTCGTGACGAAGGATAGCCGATTGACGTTCGTTCGGCTGACGATGCTGTCAGGAGCGTGAAGCACAGGAGCTTGCGGTGGGAA
CP042912.1_gap17	686072	690035	3963	ACAATCGATCTGCAAAGCTGCAAGACAAGGACGGATTGGAGTTGCTTCGGGCAATGACCGCAGGTTCATTTATGGAATCGTGGGACTATGGTGCAATCACTCGTTTTGCCAAGAAGCCGGATCAGAAAAAAGTCGCGCAAGCAGTGCTGGGCGAGTACCAGCGACCCAAGCTCAGATATTTAAGCGTTGTGACCCGGATTTTGAATTGGCTGTTCTACAGCCGAATTCCCAAGGGCTGTCTCGAATATTTGATGGACTGCAAGGAGAACACTGGTGCTCACGCCACTGCGGCAATGTCCGGGAAATTGGTCCAGGCCAGTCGGTCTGAAAAATCGCGATGGGAATTGAGGTCCATGGATTGGCGGTGCGAGGACGTTATGTCCGTGTGGCCCAACGCGTTTGATTCCTTTGTTTCGACGACGCGAATCAAGCTTTCCGTTGCGCAGCGGCGTCGCATGTTCGAGCTGGATCGATTTTGGGACGAGCCCGTTCCTGAGGCACCACGAAACAGAGTCGACCTCGACGATCTGGCTTTCGCCTGGCGGAAAAAGTTTGCTTCCCGGGACGACATGGTTGATGTTCTCATCGGTCCAAATCGCGAAGAGTACGGTGGGTTTTCGCAGTTGTCGACGCTGACCGAGCATGCACCCAAGAAGCCAACGCGACAGATTCTCGAAGAAACGAAGGGGCTTGCTGAACTGGTCGACGAAGTCAGGTCGCGACTGTTGGAGGTCGAGCTGAGTCGTGGGGAGAAAGCTACCGCCGCCACCGAGGCAGCTCTCGCGGTCAAGAGTTTCTACGGGATTGAAACGCTGTTTCGAATTCAGGAAGCTCTCAACGGCGACTATAAAGTGATTCACAGTTGGAGCGCCCGCACGGAGGATTCGCGACCCGCTACGCTCACCAAGTTGATTAAATCTACCTACCCTGCTCCGGGCGAGACGGCCAAAGATTTCGCCAAACATGCCAAAGCAGCGATCAAGGAAGGCTTCTTCTCAGAAGACCTAATGTTGCAACTCGCATTTCTCGCGCCGCAGTGGAGCAAATTTGTTGGCGAGTATCTCAAGTGGAAAGGTTTCAGCGAAGGTCTCTACTGGTTCCTCGCCCACATGAGCACCTGGCGAAACGACGCCACCCTCGCAGCGGCGTCTGCCGAAGGAATCGAGGATGACGACGTCGACAACGAGAGCGTGGATGATGACGACGATGACAGCGGCATTTACCAACGGCCCGAAAAACTCTCACCGTGGCAGCGTCTGATCGTGGAGCGTACGCCACTGTCACCGGCCGAACGCGAAGAAGGCGCAGTCGACGTCGAATGGTTTCACCGCACGTTCAAAATGCTCGGCGAAGAACGCTGGACCGAAATGGCCAAGTGCGCGAAGCTGGCGGCCAACAGTGCTCAGGCCAAGAAAGCCCAGTTTCTTGCAGACGCGTTGCTGGGGAATACGCCGCGACAGAAACTCGTTGACGGGATTCAAAAACGCAACCTGAAAGAAAACGTTCGACTGATCGGACTGCTGCCGCTGGCCAAAGGCGCGAAACGAAACAAGGACGTCGTCGAACGCTACGAAGTCCTGTTGGCTTACCAAAAGTACGCACGCAAGCTTTCTTCATTGACCAAACCGGAAGCCTTTCGTGCGCTTGAAATCGGCATGAGTAACCTGGCTCGGACGGCTGGCTATCCCGATCCACTGCGGCTTGAATGGGCGTTGGAAGCCGAGTCGACTCGTGACCTCGCCAAGGGGCCTGTTTCGGTCACGAAGGACGGCGTCACGGTCACTCTGCAGTTGGATGAAGATGCCAAGCCTGAGATTCTGATTCGCCGCGGCGAGAAATCGCTTAAGTCTGTGCCGGCAAAGGTTAGGAAGAGCCACGCTGCGATCTCTGATCTTGTCGATCGCGCCAAAGATCTGAGAAAGAAATCCAGCCGCATCAAACAGTCGCTCGAAGCCGCCATGTGTCGCGGCGACAGCATCGAGGCGGCTGAACTGGTCAAGCTGATGAAGCATGCGATACTTGCTCCCAACCTCAAACGGATTGTGCTGATCGGCGACGGAATCGCGGGCTACCCGGACAAAGGCGGCAAAGTCCTCCGCGACCACCGCGGAAAACTCGAACCGATCAAGAAGAAAGAACAACTCAAAATCGCCCATCCGGCTGACCTGTTGGCGCTTGGGAGTTGGGATAAATGGCAGCGCGAGTGCTTTCAGTCCGAACGGGTTCAGCCGTTCAAGCAGGTCTTTCGCGAGCTATACGTTCCAACGAACAAAGAGAAAACAAAAACGATCTCCAGCCGATTCTCCGGTCAGCAAATTGGTCCCAAACAGGCAATGGCGTTGTGGGGTTCGCGAGGTTGGAATACTCAGGACGAAGTTTTCAAAATCTTTCACGACTGTTCGATCATTGCCAGCGTCTCGTTTCAGTACAGCTTTGGAACCGCTGCGGAAATCGAAGGCCTGACCATGGAGACGGTCCAGTTTCAGGACCGCGACACCTACAAAATGCTGAAGCTGAGCGACGTGCCAGGAAACGTGTTCAGCGAAGTCATGCGTGACGTGGATCTGGTTGTCAGCGTCGCCCATCGCGGCGAAGTCGATCCGGAAGCCAGTGAGTCCACTGTTGAAATGCGATCGACGCTGATCCGGGAAACCTGTCAGTTGCTCTCATTGAAAAATGTGAAATTCAAACCTTCGCATGTGATTATCAAAGGTCACTACGGCGAGTACTCGCTGCATCTGGGCAGCGGCAATGTGCATCGATTGCCCGGAGGTGCTCTGGCGATTCTGCCGGTACATGCTCAGCATCGAGGCCGCCTGTTCCTGCCGTTCGCGGACAACGATCCCAAGACGGCGGAGATCGTTTCCAAAGTGTTGCTGCTCGCCAAAGACGAAGAGATCATGGATCCAACAATTCTTGATCAACTCGGAGCGCCAATGAACTTGAGGGCTGACTTCGATGCGGAAGGACCCGCTTTGAAGAAGAAATCCAAAGCCGGGGGCAAAGGCAAATCCAGTCCGCGGAAAGGCAAGGTCGCCAAATCCAAACGCCATTTTGAATTCGCGGAAGGCAAGTCAAACAAGTTCTGGGAAATCGAACTGACCGGAGAATCGGTAGTGACGACTTGGGGCCGCATTGGCAGCAAAGGCCAAACCAAAACGAAATCTTTTGCCAGTGAGGACAAGGCGAAAGAAGCCTTTGAGAAGATGATCAAGGACAAGACCGGCAAGGGCTACACTGAAAGCTGAGGCGTCGCTATCGACGATGGGTGTATGCGTCGATGCTGAAACGGTTCCAGCATCGATGCCACGCGGACATTCTCTGGTCTGGCTACCCTTTGGTGTCGCGAGGTTCAGCCAAAGAGCTGTCAATTTCAGCCCGAATCTCTTCGTCAACATCGTCAACAAAACGGACCATGGCATTAAAAATGGCTTCGTTGTAGGCTTCTCCGCTGTCACGAAGTCGCTTGCCAGCGGCGCTCATGTCGGAACGGGCTTGGTGGGCCTGTATCGAAAGCCGCTCGTAGATTTTCAATCGTTCCGAATGGTCGTCAGCCTTCCGTCTTTGGTCGTCGAACGCTTCGATCGTCGCCAGTGAACGGGCGACAATCTCGTTCAGCGCCAGTACCGTTTTCTTTGAAAATGGCGAAGACAGTTGCTCTAGTTCCTGAAACTCAAACTCGGGCACCGCGTCCTTCGATTTGTCTTGAGACAAAACTGCTGGGCTCGATGTGTCCGTTCCGGAGTGTACCTCGTCAGATTTGGAAACGGGCTGAGGGTCAATTCCAGATTCGCTTTGATGGCAACCGATCGATCCGGTGAGGAAAGCGAAGAGCAGGCCTGACACGATTGGTTTGAGCAACATTGGCTTGATAAACTTTGGAGGATTCGAATGGTTCTGATGCTTCAACATGACCTACCTCCTTCCCTTTTCGTCTCTGTTTCCGCGACGGACTGGCTGAAA
CP042912.1_gap18	695158	698299	3141	ATTCAGCTTCGAAACGTCCGCTATTCAACTGAGTAATTTTGCCTTCCTGTTTAGTTCTGTGGCCACCACCATGCGCACTCATTCTGTCGTCCTGATCTTCGCTGTCGGAACTTTGCTTACCGTGTGCCTGTATGCAAACGTTGCTGTCGCAGCACCGCAGCCTGATTTGGTTGCTTTTCACATTCCCGGCGATGACGCCAGCGACACAATCACAAGTTTTGCATCGCGGGTTGGGCCGGAAGCGGGGGCGCAGGGATTCGTTTCTGTGAAGAACGGAAAGTTTTCTCTCGCCGGAAAACGTCAGAGGTTCTGGGGAGTGAACCTGTGCTTCAGCGCCAACTTTCCTACGCATGAGAAAGCCACAAAGATTGCAGCCCACTTTAGAAAGCTCGGGCTGAACATCGTTCGCTTTCATCACATGGATATGCAGGACGCGCCGGGAGGCATCTGGCGCACCAAAGCCGACGGGACTCGTGAGCTTGATCCGGAACAGATTGATCGGCTGGATTTCTTCCTGAACGAACTGCACAAAAATGGTATCTACGCGAACTTGAATATGCATGTTTCGCGAACGCTCACCAAAGGCGAAGGTTTTCCGGAGTACGAAAGTGGTCTTTGGTGGACCGGATCGAACAAGTGGGTGATGTACTACGACCCGGATGTGCAACAGGAGTTGAAGAAGTACTGTCGCGATTTGTTGACGCATGAAAATCCCTATCGAAAACTCCGCCGGGTGGACGATCCCGGTTTGGCGATGGTCGAAATGCTTAACGAGAATTACTTTTCGGTTAAAGGCGTTGAGTTGTTACGCCGGTTGCCGAAGAGGTTTCAGGATTCATTCCGGGTGAAGTGGAGCGCGTGGTTGAAGCAAAAGTACAACGATGAAGCGTCGATGTTTGCGGCCTGGGAAAGCCGACAGCAGCCCATGGGATCGGTTTTGGCGGAGTCCAATACATGGGCGAAGGATTTGGGGCCCTGGTCGCTCGCGGAGACCAACGTTTCGGTGAAAAAAACGTTCGGCGGTGAAAGTCCGGATGCCAACATTCCGTCGGTGCGATTCGTTCCGTCTGGCCGTTCAGATATGGCGCATCACATGCAGTTGCGGCAGACCAATCTTTCCGTTACCGAAAAACAGGCCTACACCTTGAAGCTGTGGGTGCGAGCAGATCAGCCGAGAGATCTGAAGCTTGAATTGGCGACGTCTGCGGGCGGCGAGTGGCGAGATCTTGGATTGTTTGAGACGGTTCAGATTAATGAAAACTGGCAAAAGATTCAGCGGACCATTTTGCCTCGCGAGTCGATCCACGCTGAGGTCACGTTGGCGCTCAACTTCGGACTCGATGCGACACCGATTGAGTTCGCGGGCGTGCAGTTGCAGGAGGGCGCCGAAATGATCGAACTCGACAATCGTCAAAGGTTTGACGACCATTCGGTGGCAGTTCCAGATACGGGTTGGCCATCGGCTTCGCACGAGGATTTGCAAGAATTCATGGTCGACACAGAGCGTGCCTGGATCGTCGAGTTGAAGGACTATCTTACGGACGAGTTGGGCGTAAAGGTTCCCATCACAGCATCGCAGGAGAACTATCACGCGCCCGGCGTGCTGGCCGAAACATGTGACTTCATCGACTTTCACAACTACTGGCACCATCCATTGTTTCCAGGCGATGCAGAATGGAGCCAGTCTCGCTGGACGGTCGATCAGCAGGCCATCGAATCGGCGCCAACGCGCAGCGACTGGCCAGCGAACTCTTTGCTGATGCGTTGCGGATGGCGCTACCACGACATGCCGTTCACGCTCAGCGAGTGGAATCAGGGCGAGCCAAATGTAACCGGTTCGGGAGCGATCATGATGGCGGCGACGATTGGCGCAATTCAGGATTGGGACGGAATCATGTTCTTTAGCTACACCGAAAATGGAGACCGCTTTTTCGCAGATCGTTTCGAAGGCTGGTTCGACTTTGCCGGGCATCCGGTGAAGCAGGCTGTAATCGCTGCCGCCGGGGATATCTATTTGCGCGGTGATCTGGATCCGCTCAAGCGACGCAAGTCAGGCACCTACGCCAATCGAGTTGACGGAAGGACTGCTTTTGAGTTTCAGATTGGAGTCGATGTCAATGCGAAGAAACCGGACGACGTTGTCGTACCGGAACAAAATCGTTTTCAGACACCAGACCAAAAACTGCTGTGGGACGCGACCGATCCGCAACAGGCTTTCATGCAGTTGAACACGGATCGGTCGAAGGGAGTCTGGGGCTTGATCGCGAACCAGAGTTTTCAGGTTGGCGACATGACTTTCGACGTTGGCGATGTCCGTCACAACTACGCAACGATTCTGCTGACGTCAAAGGATGATCAGCCAATCTCCCAAAGCCATTCAATGTTGTTGTTGGCGTCAAGCAGTGCCGAAAATACGGGTATGAAGTGGAATGAGTCGCGGAATTCGATTGGTGAAAACTGGGGAACGGGCCCGACGCTTATCAATCCCGTGAACGCCGAAGTGCGGTTGCCGAAAAGCGGACTTGCGGGCATCCCGTCCGTCTGGTCGCTCGACGGAACCGGTCAGCGGACTGGCCAGATCGAAACGGCGGTCGAGGGCGATCAGTTTGTGTTTGAGATCGGTGCTGACCACAAAACGCTGTGGTACGAAGTGGAAATAAAATAGCCGCCGACAAATCGCTAACAGGTAGCGTTGCCGACGGCCAATTTTCTTTCGGTGCTGCAGATCAAAATCCAACAGCCGACTTCTTCAAGTAACGTTGACGATTTAAAGTCCCGCGTTGCCGACGATGGGAAGCGTCAAGCTGGTGGCGTCAAGATCAACGGTTAGCTTTGTTCCCGGATCAGGCCACAAAGTGAAATCGCGATCGCTGGAGAATATCATCAAGCCAATTTGCTGACCGGCTGGAATGATCTGGTCGTCCGGTTGGAGGTCAAATTCCAGATCGTAAAACTTTCCCGGTTCCAGCGGTTCGCCTTTGGTGAGCGAACTGTGGTTTTGAGGATCTGCCCAGCCACGTGTAATCAAGTTCGCGTTGATCGAATCGGCTTTCTTGTCCCATGGCAGTGACACGATCCAGACCGAAAGGTTGGCGGCTGGTTTGTCACAGCTGAGGCGAATTTTGAGTTTCGAAGTGCCGG
CP042912.1_gap19	712213	716244	4031	TATCCAGCACCAGACCAATGGCGTCACCAAAACCAGAGCCAGATGCTCCGCCGACTTCGTTTCCAGTCTGCAGACCGGATCCGGCTTGCCCAAAGAGGTCGAAATTGACCAACTGTGCGTCTGCCTGAGTGCTCATAAACATCAGTGCAAATGCAAATGCCAAAACTGTACTTTTCATCGTGTAAATCCAAATCAAATGGGGAGTGGAGACGGTTTAGCGGGGTCACTGCAGTGGTGAACGTGATTTAGCGAAAACAGGCGCGCCGTATTTGCTCCGCAACGTAACCGCTACGGTGTGATCCGCAATCTGATACGACGCGACCATAACTCTGTGACTTGGAAACCGTAGAAAAGACAAAAAGCTTTAAATGCCGACGGGCAGATTCGTGAAGTTCGAGGTTGAGTGCTGCTGGTTCGCCGTTTTTACGCTTCGAGAGGCTCAAGGCTGAAAGAAAAGTCTCTTCCTTCGACGCGGGAATTGGCGTTCAATTCGCCTTCCATTTCGATGGGGCTTCCGTCGATTGAGAAATCGGCGAACGAGCGACAGAACCATTGTCCGTCTCGACGCAGCAGAATCACTTCATGCTCCCAACGTGTGCAGCGAATGTGCGACTGTGCATTCGGTCCCAGGATGATCGTGTTGCCCGCGATCAGTACGGCGTCAGACCAGGGATAGGTGCGATTGCGGGACTCAAAACGAATGACCGCCGTTGTGCTCCATGGGTGTGGCTTGCAATATCGCAGCGACACCGAGTCTCCCATCTCAAATGTGCGATTGTCAGTCAGCAGTTGGGGATCGTGAACTGATTGCTGATCAACGAAAACGGGGCCGACTGGGTGAAGCAAGTGGCCCGAATCCGCAGACTGAATTTTTGCGTGGACCTGATGAATGTCTCCGGAAATCGGAATGGAGACTTCGTTCTGTTGAGTCGCCTGTCCGATCGAATTGACCGTGTCGGCACACACCATGTAACCACCAACGCCGTCGACCCAGATCATGAATCGGGATCGCGCATCAGTGGGATGAGTTGACTCCTTCGATTCCATGCTGGATGCATTCATGTTGTTGCGACGCTTGCTGTCTCAAATCATATCCGGCTGGCGGATCGTTGAATAGAATTCGACGGCAATTTAACATTCTTGGCATGATTCAACAGGAAATCCAAATTTGCTAGCCGCCCTGTCGCCAGCAATTCGCTCCGCTCAGGAACGATCTTCAGAAATCAGTTCGCCTTCTGAATCGTATCGCATCAAACCGAAATAGATGAACGCAAACGCGCTGATCGGGATCGCCGAGAAGAAGATCGGCAAGAAGATTCCGCCGATAATTCCTCCGCCAACGAAGACCAGCCACACCCACCAGGTATCGCGAATCAGTCCTTTGTACCGCTTCATTGAAGACTCTCTGGAAACAAAATGGGCGGAATTGGTCGCTCCCGCCGAATCTCAGTCAGAACTATCCTAGCGTTTCACGCGGGCGCTGTCGCCAGCCATCAACGCTTCCACTTCACTCACAACCGCCATCGTCGTGTCGCCGGCGGTCGTCATCGCGAGAGCACCGTGAGCTGCGCCGTACTGAACGGCCTGTTGGGCGTCGCCGGTCTTCATGAATCCGTAGATCAAGCCGCTGGCAAAGCTGTCGCCGCCGCCGACGCGATCGTAGATTTCAAGTCTTTCACGATGAGTCGCCTCGTACAGCGTGCCGTCGTGCCAGCACAACGCGCCCCAGTCATTCACGGTCGCGGTGCGAACGGTTCGCAGTGTTGTGGCAATCGCCTTGAAGTTCGGGAACTGGCTGGTCGCCTGATCGATCATCTTGCGATAGCCTTCGATCGGCAGCTCTTTCATCTGATCGCCCAGACCTTCAACGTGCAGTCCAAGACAGGCCGTAAAGTCTTCTTCGTTTCCGATCATCACGTCGACATAGGGAGCCAGTTCGCGATTGACTTTCTGGCATTCTTCCTGGCCGCCGAAGTCTTTCCACAGCGAACTGCGAAAATTCAAATCGTACGAAGTGATCGTACCGTGCTTCTGAGCTGACTGAAGCGCTTCTGCGATCACGCCAGGCGTCGTGTCCGACAGTGCCGCGTAGATTCCGCCCGTGTGGAACCAGCGAACGCCAAGTTCGCCAAAGATGTGATCCCAGTCGATATCACCGGCTTTGAGTTGCGACGCCGCGGTGTAGCCGCGATCCGAAGTGCCCAGAGCCGCGCGGACGCCAAAGCCTTTTTCCGTAAAGTTCAAACCATTGCGACAGGCTCGACCGACTCCATCAAACGGCATCCATTTGCAGTGAGTCATGTCGACTCCGCCAGTGAGAATCAGGTTTTCGAGCAAGCGTCCGACTTCGTTGTCTGCAAAGGCCGAAACAAGTGCGGCCCGCTGTCCGAAGCAACGTCGCAAGCCACGAGCCACGTTGTATTCGCCGCCGCCTTCCCAGACTTCGAAGCGTCGGGCAGTCCGCACCCGACCTTCGCCAGGATCGAGCCGAACCATGACTTCGCCGAGAGACAGGATATCGAACTGACAGGATTCAGGTGATTTAAGTTGCATGGTCAAGCGTCTGCTGTATTGAGAAGGTGTGGTTGGCTAAATCGACGATTCTAGTTCAATTTCGAATCGTTAAAAGATTGCGTGGTCAGGTATTTGGTGAACTGTCCAGCCGGCCAATAACTACAGTCGATTCAGCTTAACATTGGCGTGCCGAATAGCGCGATTAGTCGCGATCTACCTGTTCCGAAGACTTCGACCACGGAATCCCGGATTCTGAATAAACGTGAAACTGACGACGAAGAGTAGTCCTGAGGCCTGTGACACAAGGACAGGCCGGATGATGGTGGCATTGTCCACGCATACGTTCGTGAAACTCAAGGATGAGTGATGAAATTTTGCCTGAAATCCGTATTGGTTCTGTTTGCTTTGGTTTTCGCTCTGGGCACGGTCCCGGCTGAAGACGCTTCGGCACAAGGTCCGATTATCCGCCGGATGCGAGAGCGGCTCAACGGCGGCAAGCCACTGCTTCCATTCGTCCCGGAGTCCGAACCAGAAAAGTCCGGCGCATCAAAGAGCTCCAAAACCCCGACGCCGGCTACGAAAAAATCCGGGGCCAAGAAAGAAGCGAACGCAAAGACTCCGACTCTGGCAAAGCGACCTACGCCAGCCAGCAAGGAAGGCCAGAAGAACCCCAAGATCAAACTGGAATCTCCTGGCGGTTCATCAAGCCGATTGTCTGTCTCCGACAAACAGCGTGAAGGTGCAAAAGGTTTCGGCATGATGTTGCAACCGGTTGGAGAGACGTTTGTGATCAGCAAGATTGACCAGCGTGGAAATGCAGCCGAAGCTGGTCTGCGTCGTGGCGACGTGATCGAAGAAATCGGTGGAGCACCGATTCAGGTGATCGAAGAGTTTGAGGCGATCGCCAAAGCCATGAGTGGAGGAGATCGCGTTGAGTTTTCCGTTTCCCGTCGCGGCAACAAGCCAGAGAAAATCACGGTTCAGTACGGTCAGCCTGACCCTGATGAGGAAATCGATTCTGACGATCTCAAAATCGCGCCACGAGCATTGGAGCCAAAGCCGACGGCAACACGTCGCCGAATCTCGGATCGCTATGAGCCATCTGTGGGCAGTGGATTGAAGTCCATCTACGAAGGTGCCGGTGATGCAAACAAGCCTTCATCGATCCTGACTCCGGCTCCGGCACCTGCCAACCGTGTGCAGTCTCTTGAGGAGCTGGATTTTCCAGCACTTGAGTCCGGCAAGTAGTTTGCCGGCCTGATCGGACGGAACTGATTGGCTTGATCGGATGAAGCCGTTGGACTACTTTTTCGTCGCGGTTTGTCGGGTTCCGTTTTGATTTAGCGTCAACGCCGAGCAGTTGCCTTCATCATCAACGGTGAACTCGATTTCTGCATCCACGAATTTCAGATACCAAAGCGTTTCCGTTTCGGCAAAGATCGGAAACGCGTTCTGACCCGTCAACTGAACGGTTAACTCGGTCTGGTTTTTGTTTGCGAACGCAACGTCGATGTTCA
CP042912.1_gap20	805634	808327	2693	TGATTTGGATTTGGCTGACGTCGCAGAAGCGGTTTGGCGTATTTGAAAGTTGACAGGCGCACATGCAGTGCCCCCAATCGTTCTGGCTAACCACGTTTCAATCTTCAAGTAGCGTCAGGCATCGAAGGATCTCTTCGCCCGTTGCCGGCAGCGAAAGGTTCGGATCAATCGAATTTGATTTCGGCATCGCCTGCAAAGCATTCTTGACCGCAGCCCAGACCGCGGAGCCCAACAACAACGGCGGTTCCCCGACGGCCTTGCTGCGCCGGACACAATGCAGATTGTCCTCGTTGGGGAAAAACTCGCAGCGAAAGTCTGGCGGCAAATCGGTGATCGCAGGGATCTTGTACGTTGTTGGCGAATGCGAAAGCAGCTCGCCTTTTTCGTTGTAAATCAGCGCCTCCGTCGTCACCCAGCCCATTCCCTGAATGAAGCCTCCGGTAATCTGCCCCATGTCGATTCCCGGGTTGATTGATTTCCCAATGTCCATCAATAAGTCGACTCGTGGAACTCTCAAGTCGCCTGTGAAGCGATCAATTTTCACTTCGGCAACTGCGGCTCCCTGAGTAAAGTACAGAAACGGATTTCCCTTTCCCGTTTCGCGATTGAAATCCACGCCTGGCGTTTTGTAAAAACCTCTCGCGCCCAAATCAATTCGCTCACGTCGGGCTCGATCAGCAAGTTCCGCAAACGCAATGCCGCTTTCGGGCTGCCGCGAATCCGACACGACACCGCCGCGAAAAACAATGTGTGTCGGCGACGGAATCAAGCCAGCGTCGGGATTGGCGAAAAACTCAGCCGCGAACCGGTTCATGCGATCCCGAATTTTCAGGCAGGCGTTGATTGCCGCGGCACCATTAAGATCTGTTCCCGCAGACGCGGCAGTCGGCGAGGTGTTATTGTTCTTTTCGGTAGAAGTCGGCATCACGATCACGTTCTGCCACGCGATGCCAAACTCGTCGGCGACCAACTGGCGAATTTTCGTGTTCAGCCCCTGCCCCATTTCGGTTCCGCCGGTGGAAACCTGAATCGTGCCGTCGGTATAGACGTTTACCAACGCGTTCGCCTGGTTGAGGAACTTCGACGTGAACGAAATCCCGAACTTGACCGGAGTCATCGCCAACCCGCGAAGCGACACCCGATCCGCAGCATTGCTTTCCGCAATCCGCGCGACCCGATTTCGATAGTCTGACGATTCTTCCAGCGTTCGAATCAGCTCCGGAAGATGGTTGCCCGTGAACAGTTGACCGTAGTGAGTTACGTTTCGATCGGTCGTGCCGTACAGATTTCGCTTCCGCACATCGAAGGAGTCAATTTTCAGAAACTCGGCAACTCGTTGGACCACGTTCTCTGTCGCCGCAACGCCCTGCGGCCCGCCAAACCCGCGAAATGCCGTATTGGGAGGCAAGTTCGTGCGACAGACCTGTCCGTTGACTTCGAGATGCTCAATAAAGTAAGCGCTATCCGCGTGCAGCAGCGTTCGCTCCATCACGGAAGTCGAAAGGTCGGCGGTCGCGCCACCGTCGGAGTAGAAATCGATCTTCAGGCCGACCAACGTTCCATCGGGCTCGAAGCCAACTCGCCAACGGCACAGGTAGGGATGTCGCTTGCCAGTGACACACATGTCAGTGTCCTTGTCGTACACGATCCGGGCCGCACGACCGGTTCGCGACGCCACCAGCGCGACCATGATCGCCGGAATCGCGGCCTGGGTTTCTTTGCCTCCAAAGGCGCCGCCCATGCGTTTGCAAGTGCAAACAACCTGATGCATTGAAAGGCCAAGCACTTCAGCGACGACTGCCTGAATCTCCGTCGTGTTTTGCGTGGAAGAGTGGACGACCAATTGGCCCTGCTCGCCGGGGAACGCCAGCGCCGCCTGCGACTCAAGATAAAACTGCTCCTGGCCTTTGATGTGGAATTCGCCTTCAAGCTGGTGCGCAGCCGTCGGGATGGCAGTGTCGGGATCGCCGCGTTTGATTTGACGTTGAGGGCCGATGAAATGCTTGCCAGCGACCGCAGCTTCGATATCGAGCACGGGTTCTTCGGCAGCGAATTCGATTTGAATCAGAGATTTCGCAGCCGAGAGTGCTTCGCGGGTCTCCGCAGCAACAACGACGACCGGTTGCCCGACATACAAAACGCGATCGTTGGAGAGAAATGGCTCATCGCAGATAATCGGGCCAAAAATGTTGTGCTGGCCGACATCCGCGTGCGTGAAGACAGCGACCACGCCATTTTGCTTTTCTGCAGCCTCAGTTTTCACCGACAGAATTCGGCCGTTGGCGATTGGGCTGCCTACGAAACCGACGAAAAGCTCGTCCTCGCGACGCGGCAAGTCGTCGATGAAGGGTGCCGTACCGGTGACGTGGCCGATGGCTGAATCGTGGGGGATCGTGCGTCCAACCGAAGGGCCCGTCGTGGGCTTTGCGGAATGCATTTCGTTCATGCCAGTGCCTCCTGCTGCGACTGGTGGAAGAACTTGAGCAGGATGTTCCGCGTCAGCTGCAGGCGGAAGTCCTTGCTTCCGCGGACATCCGAGATGGGAGTGATTTCACTGACGGCGATGTCTCCCGCCTGTTGCATGGTCGATTCGGAAAAAGTCTGACCACGAAAGAATTCTTCTGTCTTGCGTAGCCGCAGGACGACAGGTCCAACGGCGCCGAGCGCGATGCCGGCTTCCGCGATTTGGTTCC
CP042912.1_gap21	818479	821572	3093	AGCAACGCCTGCGGCCGATGTGATCTCATCGCCAACAATCGTCAGTTGATAGTTTCCATCGACAAGCGAGCCCGAAGTTTCCGTGAATTCGCCGGAGAAAGCCAGCGTCACGACCGAGTAGCCGCTGCTGTTGTCGACCGAGGAAGTTACTTCCACGTCGCCACCGTCGGGACCACGTTTCACCAATTCGAATGCGTTGGCGCCGAAGTCCAGCACTTCATCAAAAGTGATCACGGCGTCCGTGAGCATCGAACGTTCGACTTCCGCAGCGTTGAGCGAGATCGTCGGCGCCGTCGGCGGTTCGGCGACTTCGAAGATAGCCAGACCAGCAACGACCACGTCTTGCGTCGCTCCGATCGGATCGACGTTGATCGAAATAGTACCATTTGCGTCCGATGTCACAACAATCGCAAATTCCGCAAGGGTCGAGGAACTGCTCCCGACCTGGTCGTTAACGAACAGTTCTCCTTGATCGAACCGTTGCTCGAAAGTAATCGGGCTGCCTTCCCCTTGAATGGAAACCGTCTGCTGGATCGAATCGTAGAAGCCTTCGGCGGCCATTACGTAGACTTCATAGTCCGTGCTTGGGCTCAAGTCAGAATAGACAAACTCAATTGGATCGGCACCGGTATAGATCTGACCGTCAATGTTGGCAATGGAATTGGCATGCTGGGGAATGGTGCTGGCGATCAGATTGACTTCGTAACCAGTCGATGCACCGATGATCTGAAGGTCGACTTGCGAAGCTCCGCCCTGTTCGTTGTTGAGGTCCTGAAACGTTCCTGTGCCCCCGGAAAGGCTCAGCCAATTCAGCGGTGCATTGGCGGCATCATCAAAGTCGACGCCGATCAGGCCAACTGGACCGATCTCGTTGATCGTTGCGGAGTCCGTGCGGTCGACTGTGTTTCCGTCTCCGTCATCCACATCGACGTAGGTGATGGAAATTTCATCGCCCTCTTCAACCTGCAAGATGCCATCATTCTGTGAAGCACTGCCCTGGGCGGTATCAATAGAAGTCGGGTAAACTCCGACCGAACTGGCAGAAATCGTCAATGTCTCGCTGTCGCCGGACGTCGTAGTAATCACAACGGAAACGTCTCCGACCGCATTGCCATCGCGAACCGTCGCAACCGCGGAATCACCGACGAAATATCCGTCCTGATCAAAGCTGACTGATCCCGCGCCGTCGCCGACGAAAGTTCCACCTGCGGACTCGATCTGCGATCTGTAAACTGCAGTGCCCGTCCACCACGAGATGTCTCCGTAAACGCTTGTACTTGTCGTGCCGCCAGAAAGCACGCCCGCGATCACCCACTCACCGCCGACGTCAACCAGAACCGGGCCACCGCTATCTCCGGGTGCCGTGGTGGCTTCGAAAGTCAGCGGCGTTGAGTTGCTTCCACCAATCGTGTTGTTTCCGGCAGAGCCGCTGTCGAAATCCGTCGAGATGATGTTCGAGCCCGACGAAGACGATGGCGAACCAAACGCGTCGATCACATTCTCGCCACCCCAACGTGTTCCGTCCGCGGTGAATCCGTGCCCAGAACTGCCGACACCGTTGTAACCATAGCCAACTGTCACTGCTGTCATGCCGACCAAATCGCTAGTCGCATCGATAAACCGCATTGGGGTCGCGATTGATGTAGGAACGTCAGTGGTCAAAGTCAGGATCGAAACGTCGCCTCCATCGAGCAGTGCTGAGTTCGCGTTGCCACCCGCTGGTTGTGACGCGGAAGCAACGGTGAACGTCGCGTCCGGATTGTTGCTGTTGTCGCCAAAACTGATCGTGTCGCCGCTGCCGATGCCGCAGTGACGCGCGGAGATAACCGTATTGGATGAAATCAGCGTCCCGGTACAGCCCACGGAAATTGAGACCACCGAATCGAAGGGCTCCGCGTATGTGCGAGACCCCGACGCGCCGATCGCATCATTGATCACGATACGTGCAAAGACACCGGTTTCAGATATCGGTGCATTTAAAAGTTCAGAAACCGCTGAACCTGTGACTTCGCGATTGAAAATCGAGCCGTCGAAAACGCTAATCCATGTTTCGTGTTCGCCAAAAACTTCCCCGTCGGTGTCGAACACGGTAGTTTCGACCAGCCACGATAGTCTCGCTTTGTTGCCGGCGTAGTACCAGGCCATCGAAGCCGATGACTCAACCGAAGCAGCTTTGCCGAGATCCTGCGAGCCGATCCGCGTCGCAAGGTTCTCGTTGATCATGCTGCCATCAGTCGCGTAACCACGAATGTTTTGTCTGGCTTGATCGTTGACGTTCGTGATTTGCCCATCAGCATCCTGGACGACCGTTATCCAGGAATCGTAAACTGCCAGCCCGTTCCAGGACTGTTGGAACACTGTCGTTGTGCCAAGGTCGTTCGACTCGCTGGCGACTTCGATCAGCTGATTCAGTCCTTTCTGTGCCCACGCGACGTCATCGCGAGAGGCCAGTTGTTCGAGAACCGAAGGAGCCTTAGACGGCACTGCCGTTGCCTTCGCAAACCCAGCCAGGTCCGCGGCCAGCATTTTTCTTTCTTCGAACCGCTGATAGTCGAGTCCACGTTTCGTTTGTCTGTTCTTCTTCGAAAGCTTTTTGCCAATACGGTTGAGTGCCATGAATTGTCTCAGGGAGGAAAGAGAAGATGGGTTTTCGTTTAGAAGCCGAAGCCTGCCGCAAGCCGCTGTTAGTGGGGCGGGCACTAATCTTATTTGCGAATACTCATTTTTTCAATGCAAGCGCTTGGCGGCAGACTTCTAATACGATGAACCTCGCGACGGTCCACTTACTTTTTCAGGATTTTGGGATCGGGATAGCTGCTGGCAGATTTCCCAAGTTCAAAGTCCTCGACACGTAGATTTCGTTTGACGAAATAGTCGCTTTTGGGGAATCCGTAAAACGATGGTGCGAACGGATCAACAAACTCCACATTTGCCTTTTCCGGAACGTCCAGTCCGGCCAAGTGAAACGTTGCGTTGACGATCATTCGACGCAAATCCTCGCCGCGGAAATCGACTGCTGCCCCTCCGGTAGTCGCAAAACACTTGCCCTGAGCCTTTCCAGACGGCGAGTCGTAGTCTTTCAGCCACGCGAAT
CP042912.1_gap22	824288	827617	3329	CGTTGGCAGTGTATGAGTGCAGAAACTCTATTCTTCGGCGATCAATCGCCAGGTCTATCAAAGGGACATTGTCATGATTCAAAGTCAGAAACGACATCGCGTTGCTTTCACGATCGTTGAGCTGTTGGTGGTGATCGCAATCATCGCCATCCTGCTCGCCATGTTGCTTCCAGTGATGCGGACTGGTGTTCCCGAAGCGGCGAGGCGTACCCAGTGCATGAACAATCTGCGAATGATTGCCTTGGCGAATTTGAACTACGAATCGGCTCAGATGCAGTTTCCTGCGGGAACCGGGATTGAGTCGCTGCAAGACGTCGGAAGCAGCGGAAAGCTCAGTGGGCTGGTCGCGATTTTGCCGTTCATCGAGCAGAACGAATTGTATGAGCAAATCACCAAGCCAAGTACGATCGGCGGCAACACCTATCCAGCTTGCCCGCCACTTTACGACGATGGTGTGCCGCACTGGAAAGTTCGTGTTCCCGAGTTTTATTGCCCCAGCGTCGTGGTCGACGATAATCGACACCTGCCGTCTCACTACGGTCTATGCATCGGCGACAGAGCCCGGAATATTGCTTCGTCAGATTCGAAACGGGGCGCGTTCAACGGGGCAATGCAGATTGACTTCGATGACGTCTCGGACGGGTCGAGCAATACAATCATGGCGGGGGAAATCGGAAAGCACTCTGGTAGCATGGCCGAACAACCTTTCGCGATCAATCAACCGTCATCCATTTTGGAGAATCCAACCGAGTGTTTGACACTGATTGAGGACAATGGAGACCGTTGGAGTTTCAGTCCTGATATTCAGCTTGGTCAGATCGGACGCGGATCGCATTGGGCTGACGGCCGCGCCGGGGTGGCTTTGTTCAACACGATTCTTCGACCCAACAGCCCCAGCGCAGCAGTCAACGGTAGCGTCGGAGTCGACGGAATTTACTCAGCCAGCGGTCCTCATCCTGGTGGCGTGAGCGTCGCTTTTCTTGATGGTTCAACCCACTTTATCGATTCGGAAATCGATGCCGGTAACTCGTCGGCTCCAACACCAACCGCACCGCAAATGGCAATGAACGCGCCGAGCCCGTACGGAGTCTGGGGATCTCTCGGCACAATCAACGGCGGTGAAGTGGTCGGTGAATATTAGACAAGTTTCAACGCCAGAGTTTGCTGCAACCGTATCAATATCGGTGCGGTCTACTGCCCCAATCGCTTTTGCATGATCTCGAAATGGTACGTGACGTGGCCGCCCATTAGAAACGGGATCGCTCGCGCGGAAAGTACTCTGCCCGATGCAGTGCCGGAACGTGAAAGCTGTTCGTCACCCAAACGCCGCAACATCAGAGAATTCGATCTTCGTAGGGTCGCGAATTCCTCGATCAGGTCGCTCATGGCCACACCTTCGTAATCGAGTCCGGCGACATAGGAGTTCTGTTCGAAGTCCGGATTTGGCGTCGGGTCGCCAACAGCAATCTGTAGCAACCGCGTCGCAAAAATTCGCTCGGTGTCGATCAAATGGCCGACGACCTGCTTGAGAGTCCACGTATACGGATCATGGAGCTTGGAGTCTTCACCCTCGGGAAGGCTGCCCAGCAACGACTCCAGTTGAGCTGGCTGGCCATCGAACTCCGTCCAGAAATCATCCGGCGTGAACTTGCCAATGTAAGTTTCGAAGTACTCAAAATACTCGGTCGGTTCCGGACGCGTGATGCTATTCATGTGTGCTCTTTGGCTCTTCAACAATCTGTTTGAGTCCGAGTATACCGCAATGCCGAAGACAGTTGCTACAATGGCTCAACCACCATTTTCCAGCGGATCGAAGTTATGGGCACGTTTCTAATCGCCGTCGGCAGTTTTGTCGGGTTTCTTGTCGCGTACCATACTTACGGACGTTGGCTGTCGCGAAAAGTGTTCGCGCTCGACCCCAACGCAATCGTTCCCAGTTGCGAGCTCGAAGACGGCGTTGATTACGTGCCGTCAAAAAAGTCCATCGTCTTCGGTCACCACTTCACCAGCATCGCCGGAACAGGCCCGATCGTGGGACCGGCGATCGCTGTGTTCTGGGGTTGGCTCCCGGCGCTGTTGTGGGTCATCTTCGGAAGCATCTTTATCGGTGCCGTTCATGACTTCGGCGCACTGGTAGTTAGCCTGAGGAATCGAGGCCAAACGGTGGGTGAAATTGCCGGGCGATTGATCTCGCCGAGAGCAAAACTTCTGTTTCTGTTGGTGCTGTTCTTCGCACTCACGATCGTGCTGGCGATTTTTGGCCTGGTCATCGCGGCGATCTTTAAGCTGTATCCCGAATCCGTGTTGCCGGTCTGGATTTCACTTCCCATCGCGGTGTTTATCGGTTGGCGAATCCGAAAAGGATCTGGCAGCATTTTGCCGATCGCAATGTTGGGACTGCTGGCGATCTACGCCAGTGTTTGGTTCGGTGCCTACATCATGCCAATCTCGTTAGACAAAATTGTTGGGGCCGACAAATGGCTTGGCGAGTGGAATTCGACGCTAGTTTGGACTTTGGTCCTGTTCATCTACTGTGGCATTGCTTCGGTATTGCCCGTTTCCGTTTTGCTTCAACCTCGCGACTATATCAACAGTTTGCAGCTGTACGTCGCGTTGGTTTTGCTAATGATTGGACTGGGGATCGCAACGCTTTCCGGGCAGGCCGATCTGTTCACGTCCACACCCGCATACACCGGTGACGAGCTGCCCAGGAATCCGCCACCGATCGCTCCGTTTTTGTTTATCACGATCGCATGCGGAGCCGTGAGCGGATTTCACTGCCTGGTTAGCAGCGGTACCAGTAGCAAACAGGTGGCGAACGAAACCGATGCTCAGGCGATCGGCTATGGCAGCATGTTGCTCGAAGGAGCCCTTGCCGTGATGGTGATTCTGGCTTGCTGTGCTGGCGTCGGAATGGGCAAGTTTGATCGCGTGACAGTGGGCGATGGCGTTTTTGCTCCTAGCGAATATGTCGCCGCGGTTGGAGCCAACGAAGTCGCATTGACCGGAAAGGATGCGTGGCGCGCGAAGTATCAAACGGCTGGCGATTGGAATGATTTTAACCTCGGCGCGAAAGTTGGCGCGTTCGTCGAAGGCGGCGGTAACTTTATTTCTGCCGTGGGCATTCCGTTGAAGCTGGGTATCGCGATCGTTGCCGTTTTGGTGGCCTGTTTTGCAGCCACGACTTTGGATTCTGCCACGCGTTTGCAACGCTACGTCGTGCAGGAGCTTGGCCAAACGCTCCATGTCAAACCGCTGACCAATCGCTACGTCGCCACGATTTTCGCGTTGGTGCTGGGATTCTGGATTGCGTGGCAGCCGGGAGCGGG
CP042912.1_gap23	828916	832719	3803	TTCGATATCGAGTTCCTGTTCCTTCATCCGGCCTTCGAGCACATCCAAACGATGCTCACGCTGACTGCCGCCGATAATTTCGCCGACGCCGGGAACCAGAACGTCCATCGCCCGAACTGTTTTCTCATCGTCGTTGCAGTACATGTAGAACGGTTTGATCGATCGCGGATAATCGAACAGGATGACTGGCTTCTTGAAATGTTGTTCCGTCAGAAAGCGTTCGTGCTCGCTCTGCAAATCCGTGCCCCAGTCAACGGGATACTCAAACTTCTGTCCGCAGTTTTCCAGAATCTCCACGGCTTCGGTGTACGGCAAGCGAACGAACTCGCTGCCGATAATCGATTCAAGATTCGAAATCAAAGCCTTGTCCGGATCGATGCGATCGTTGAAAAACTGCATGTCGTCGCCACAGTTCTTGAGCGCGTCGGCAAACATGCGCTTCAAAAACGCTTCCGCCAGATCCATGTTGTCCGTCAGCTCGTTAAAGGCAACTTCCGGCTCGACCATCCAGAACTCGGCAAGGTGCCGCGAGGTGTTTGAGTTTTCGGCACGGAACGTGGGGCCAAATGTGTAGACCTTGCCCAGCGAACAGGCGTAAGTCTCGGCTTCCAGTTGTCCGCTGACAGTCAGGAAGGATGGCTTGTCGAAGAAGTCGAACTTGTAGTTCAGTTTCTCGATTTGTTGTTTGGCGATGTGTTCCATGTCCATCGTCGTGACCTGAAACATTTCGCCTGCGCCTTCGCAGTCACTCGCAGTGATGACCGGAGTGTTGACGTACAGGAAGCCGTCTTCCTGAAAGAACTGATGGATGGAGTTCGTAATGCTGTTGCGTACGCGAGCGACGGCGCCGAATGTGTTGGTTCGCGGGCGAAGATGAGCCCACTCGCGGAGCTTTTCCATCGAGTGGCGTTTCTTCTGCAACGGGTAAGTTTCCGGATCGGCCCAGCCGTGGATGACGATTTCGGAAGCCAGGATCTCTGTCGCCTGACCTTTGCCACCGGACTCCTTGATTTCACCGACGGCCGTAATGCTGCAGCCGGCTGTCAGACGTTTGATATCGTCCTCGTAGTTTGCCAATTCGCCCGGAGCGATGATCTGAATGTTTCCCTGGCAGGAGCCATCGTTGATTTCGATGAAGCTGAAACCGGCTTTCGAGTCACGACGAGTTCGCACCCAACCGCTGACTTTGGCGGTGTTGCCGATCGATGATTCCAGACGGGCGGCTTTGACGGAAGTTCTATTCATGGGAGTCTTGTTTTGATTCAGGGTCATCACCGTCCCCAAAGGAGGGTGGCGTCACGTTTGTTATTTCACCAACGCGAGGATCTTGTCGGCGTACTCGCCAATCGGATCTTCAGGATAGCGTTCGCGGATATGTTGTCGAGCCAGCTGTCCGATCTGTTGCCAGTGTTCCCGCTTTTGCCACGCCCGTTCCAGAGCCTCGTCGAACAGCCCAACGGTTGCGCCTTCGGCGATGAAGCCGGAAACGTTGTCGTCCATCAGTTCCGCGTTTCGGCCGAGATTGGTCGTAATTGCGAAACGCCCACAGAGCATAGCTTCGGTCACGACCAGCGGAGCGCCTTCATAACGAGACGGCAACATCAAGGCATGGTTCGCGGCCCAGATGTCTTTGACGTCTTTGACATAGCCACCGAACTTCAGTTTATCATGCAAGCCATGCATTTCGATCAGCGATTCCAGTTGGCCTTTGTTGCCCTGGTCATGACCGTAAAATGTGACCTCAATCGGACGCTTCTTCCATTTGTCTTGCTTCATCACGTCGACAATGATGTCCTGACCTTTGGACTGAAAGTGAACTCGGCCCACGCACGCGACGCGAAATTTTTGCTGACCGTTCTGCTCCGGCCACGGAACGTCAGAGTTGTAGTCGACGTTGAAGGGGTTTGAGACGATCTCTGCATTCTCATCCAGTCGCAGAGCGATGTTGTTTTCCAGTTTGTGTCGGTTCTCGTCGGACACGAACAGGACTTTGTCCGCGTTGCTGTACCAGCGGCGATAATTGTCCAGACGATCGGCCGGGATGAAGAAAAACGAGCTGGCGCACTGAAGGTTGATCGCGTAAGGAACCTTGTTGCGGATGCAGGCGTCCGCGATTTCGATTTGGTCGGGATGATAGCCCAGTGTGATCAGCACCGCGTCGGGGCGATGTGTCGTGATCCAGGACTCTGCCGTTTCAGCCGGGCCGAAACGACTGACCATCGCTTTGATTTTTGACTTTGGCTTATTTCGCAACCATAGATGAGCCCCGTGCTTTTCCAGATCCTCCAGCTGAAACGCTTTGTACGGCCACCACTTGAAACTCACACAGACCTCATGGTCCATCCGCTGTAGCTGCTTCGCGGCTTTGTACCAGAGGACTTCGCTGCCTCCCCAGGGCATGCCACTCATACAGGAATAGAATCCGAACTTCACTGGTAACTCTTGATCTTGGAATTGAAAGACTGGTTCAGGCGACGCCGTACGAAGGAGAGCCGTTGTCCCGCGACGATTCATCGGCAGACTGTTCAGCGTCGACGATCGACTGCCGCAGCTGTTCCGGCATCACGTTGGGATCGCGATACCGCTCCAACGCAAACTGGTAAACGCGATGGAGCAGCGGATAGTCGTGATAAAACTGCACACGAAGGGACTCAGGCACAGTCTCATCGTAGGTGGAAACATTGAATTTCGGAAGCTGAGTCTGCGGCTTGCCCAGCACCAGGCCCAGATTGTCGATCGAAGTCTGTAAATCCTCGAAGATACCGATATACACGAACTGGTCATTCAGCTTTTGCTCGTAGTTTGCCAGCGTGATGTCCTGCGGCAGGTGATTGAACAGCCAATACGGATATGTCCGCACGTAGCTTTCGACATTGGGAAACTGGTCCCTCAAGTCCACGGGCTCGCCGCGAAACCAGAACTGCCCCCGAGCACTGCGACCTTTGGCGAAAAAGTACATCGACACGACCAGGTCGAACGGGTCTCGCAGGATCGTGAAGTACTGATCGATCTCAGGGTAATAGTACGGCAAACCGTAGCCGCGACCGTGATCAAAATGGCCGTGCACGCATTTGACGTTCTTCAGCCAACAGCCGCGATCGTCTTTCGTTTCCACGCGTGGCAAAACGATGTCGCGAGTTTCGTCCTGGTTGAGCTTGTGATATCGCTTGCCAAACCAGTCGCGCAACAGCCTGACGACACTGGTCCCGGCACACTTTGGGATGTGCGTATAGAGGATGGGTTTTTCAGGATCGTAGGGACGCAAGTCAGATTCCTTCGGCGTTTCGAATCAGACGATTTTAGCGGAAGTTCGCGTAGGATCGTAGCGACATTTTCTACTCCTCGGAGTCATCCATTTTCTTGCGTTTCGGGTCAGGCTTGATGCCCAGCCGTTTTCGGATCGCGTGAACTCGGGCCTTCATGCGATTCGCTCGCAAACGGGCTCCGTCGAGCGCCGTGATCAAATGCTCAATCAGCTCGTTCTTCTCAACCAGTTCGGCAGGCATCGTGTCCAGACGCTTGATCGCCGCGACCAGCTCGACTTGCATTCGCTGCACGTCCTGCTCCTTGAAAACAGGATTGTCCTGATAGAGTTTCGAAAGGCTGAAAGTGTGCGGCACTCTGGAGAAACCTCGCCGTGGATCGGCGATGATTCGATGCGGAAACTTGATTGGTTCATTCTCCGCGCGAGCCGTTTTGCCGCATTCGATCATCGTCTGCAGCAGTTCCACCATCCTGTCGGTCGCAGGACCTTCGCACTCGAGTTGATCGTGCAGCGTCGCGTCCTGAAACAGCATCTTGTG
CP042912.1_gap24	841735	843432	1697	AGGGAAACACTCTACGAAACGCTTTCTTACTGCCAAACCCTTTGCTGCCCGAAGAGTATTTTACCGCTCGCAGCATCGACAAATTCGTCATCGATTTGAACCGTAAAGTACGAAAGTACAGCTTGCTGGATTGCCCGGGCAAGTACAGTGTTCGTGTCGCAACGTTCCGTGGAAAAACGACAATCAGCCCATCCAAAATTAAAGAGCAGATGGATGATTTGAATTGGCGGAAGCGAAACGGTCAAAGGATCGAAAGTGAGCTGGCATTGTGTGCTCACAAGGCTAACGTTCTGACCAAGGCTCTTCGTTCTGAGGGCATCGAAGCGTGGGAATTCCACGACCGCGAAGAGAGCTATGTCTGTATCGGAAGCTTTGACTGGCTCAAGCGAACTGATGCGATGGGCACAGAGTCGCAGAACCCGGAAATCCGCGAGACGATTTTGAAGTACCGCGGCGAAGTTCGATATCGTCAAGGCCAACCGGTCGCTGTCGGAGTTCCGGTTCCCAAAGCTTTGCAGAACCTGAAGGACGAACAGGCGATTGCCTACGACATTCAGCCCCTGCCAGTGATCGTGCCCAAGGCGCCTGAATCTCGACGGGCTGGCCTGTTTTCAAAGTGGCGTTAACGTCAAACGCAATCGCATGAACTGCTGACGGCTCATCCGGTAATCACCTTCGTTGGAAACGCAACGAGTGCTGTAAATAGCTGAAACGCATGAAGCCTCGATTCACTTCGGGGCTTTTTTTATGTGCGTTGCCAACCGTTGTCGGACCGCAAGCCAAGTGCCGGATCCGATTTGCAAATCAATCGTTTGGCCCGAAAAGTCAGATTGCCGAAACGCTGACCCCCTCAGTTTAGCCATGAGGTTCTCCCTCTCTTCGAGGCCGGCGACAGCGATTTATACGGCTGGTCGTTAACCCTTTTCTATCCGGCTGGCAGTACTTCTATGCTGCGTTCTCGGTCGCAATCCGTCGCTATAGCCGTAACAAAGTCGCGCGCCTGTGCTGTTGGTGTTGCTCGCGATCAACATGCTTTTTAATCAAGTGTCCAGTAGCTTCGTTGCAAAGCTGCGTTTGTTCGCGATACAGCGCGTATCGTTTTCCTCGTTTTTGCGTCAAGCGCCTGTCGAGTGATCGCGACAACCTATTTTTGATTTGCCGCCGCTCGAACTTGACCGGTCGCGTTGTATCACCCGTATCGTTCACTCAGTGTCATGTTCCCAAAGAAGATATTTAAGAATTTGCTGCTCACCGGTTTGCTCACGGTTAGCTTGGCTGGATTCGCAGTCCTGGTTGACTACTCAAGCCGCCCCGGGCCAGTCGCGCCCACGCCCCGACAATTTCCAGCACAAGCGTTCCCTGACAGGGAAAAGGGAACGCCAACGATCGTCGTCGCCTACCATCCGAAATGCCCCTGCACATTTGCAACCGTGCGTTGCCTCGAAAGACTGAGGACCGAGTTCCGCTGCAAGCCCAACTTGATCGCCTACGCCTATCGACCAGAGTCCGCTCCGGATTCGTGGATCGAGTCATCGTCGACCGCGATCCTTCGCAAGTTCGAAGGCACCGTAATCGATCCGGATGCAGAGGCGTCTGTCAGCCGTCAATTCGGCGCCCGCGTTTCCGGCCACGTTTTCGTCTATGACGGCAACGACAAATTGGTGTTCAGTGGAGGAATCACCCCAGGGCGTGGGCAC
CP042912.1_gap25	852767	855661	2894	ACTCAAAGAGTTTGGAGACGTATTCCATACAGTGGCCTCATGCGGCGTCTGCCGCCAGGCAATGATCAATTTAATTTTGATGATGGTGGTTACAAGATTCTAGCAGTATGCCAAATCCCAACAACCAATTCGACGAAGACATCACGCGAAAAACTCGACGCTGCCAGCAAACAAAAAAACCCTGCTCCAGGAGCAGGGTCAGCAACATGGTGTAAATCTAGGTGTCTGTCTCTGTAACTTAAGCGCTTTTAACCGTTTTGATAATCTCGGCTGCAACGCGGTAAGGATCCGCGTTCGACGCTGGACGACGATCTTCCAACCAGCCCTTCCAACCGTTGGTAACGGTTGCGACAGGGATACGAATCGAAGCACCACGATCCGAAACGCCATAGCTGAACTGATCGATCGACTGAGTCTCGTGCTTGCCGGTCAAACGCTGATCGTTGTCAGCACCGTAAACCGCGATGTGCTCTTTGACGCGAGGCTCGAACGCCTGGCAAATCTTGTCGTACGAGTCCTTTTCGCCACATTCGCGAAGCGTTGTGTTTGAAAAGTTCGCGTGCATTCCGGAACCGTTCCAGTCCATTTCGCCGAATGGTTTTGGATGCCAGTTGATGGCCATGCCGTACTGTTCGCCACAACGCTCAAGCAGGTAGCGAGCCAACCACGTTTGGTCGCCAGCTTCTTTGGCTCCCTTGGCAAACACCTGGAATTCCCATTGGCCAGCAGCGACTTCTGCGTTGATGCCTTCTACGTTCAACCCAGCTTCGAGGCAAACGTCGAGGTGCTCTTCGATGACCTGACGGCCATGAGCGTTCTTTGCTCCAACCGAGCAGTAGTACGGGCCTTGCGGGCCAGGGTAACCGCCAACCGGAAAACCGGGTGGCTTGTCTGTTTCGATGTCCCAGAGGAAATACTCTTGCTCGAAACCGAACCAGAAATCGTTATCGTCGTCGTCAATTGTCGCGCGACCGTTGGAGACGTGAGGTGTTCCGTCGGCGTTGAGAACTTCGCACATGACCAGGAAAGCGTTGTGACGCTGAGGGTCAGGAATGATGGAAACTGGTTCAAGAAGACAGTCCGAAGAGTTGCCTTCTGCCTGTTCAGTTGAGCTGCCGTCGAAGCACCATTGCGGGCAGTCTTCAAGCTTGCCGCCAAAGTCAGAAACGACTTTGGTCTTGCTGCGTAGAGATTGGGTTGGCTGATAACCATCAAGCCAGATGTACTCCAGTTTTGACTTACTCATCTTATAAAGCTACTCCACAAAATAGGGCGCGGTGGCCGCCGCAAATACAAATACTGCCGGTGGTGTGTGGTTGTATGGTGGTTGGCAGTTTCTCCGCCTGAGCGGGCGATGATAGCAATCTGAAGGGGGATTATCCAGACTTTGAGTCCGTCATGAGTGCAATTTTGGGAGTTTCGTTTACCCCAAGTGCAAGACCGTTCGGGCTGGAAAATTTAGCGCCCACTTACCGCGCCGTAATCGCGATTAAGGTCTAAGTGGCAGTTTTGCTACCATGCAAGTCGCGTCCGGCTTTCGATAGTCAAACACGAATCTGATTACCTTGGATTGAGACAGCCCGGCTGCGATTCAATGACCTGTACCAGGAGTCAACCATGACGATCAATCGACGAAAGTTTATCAAAGCTGGGGCGGTTTCAGCGGCCACATTCACAATCGTTCCCAGGCACGTGCTGGGCGGAGCAGGTTTCACGGCACCGAGCGACAGGGTTAATGTTGCCTTGATCGGGGCTGGCGGACGCGGGTTCAAAAACGCAAAAGAGCTGATGAAAGTCGACGGAGTTACGATCACCGACATCGTTGATCCGGCCGAACATTGGAACCTTGAAGACTTTTATTACAAGGGCGTCGCTGGCCGGCTGCCGGTTGCTGATGCAGTCGACAAGCACTACTCCAGCGAGAAACAGGTTCACAAATGCCGCCTCCATTCTGACTATCGAAAATTCTTCGACGGCGGCAATGATGTGGATGCAGTTCTTTGCGCGACGCCGGACCATGCACACGCGTTGGTTTCTCTGCGAGCGATGAGAGAGGGTAAACATGTCTATTGCGAGAAACCGCTGACTCACAACATCGCTGAAGCACGGCTCGTTGCCAAAGTCGCCAAAGAAACCGGAGTCGCAACTCAGTTGGGCAATCAACTTCACTCCAGCGAACAACTGCGGACGATCGTTGAAATGATCAGGGCCGGGGCAATCGGCAATGTGACCGAAGTTCATGCGTGGGTCCCCGCAACGCGTTGGAATCCAGAACTTGGTGGTCGGCCAACCGAAGCCATGCCAATTCCGAAAGGTCTGGATTGGGATCTATGGCAAGGTCCGCGGAAGGCTGCGAGTTTTCACTCGGCCATTGCCCCGGTAGGCTGGCGAGATTTCTGGACTTACGGGCTCGGCGCGATGGGCGACTTTGGTTGCCACGATCTTGATGCAGCCGTTTGGGCACTTGAACTTGGAAAGCCGACCAGTGTTGAAATGCATCCGGCTGGCTACATGGATAACGATATCGTTCCGTTTGGCGAGCTTGGCTATTTTGATTTTGCAGCCCGTGGCGACAAGCCGCCCGTCAAGATTACGTGGTACAGCGGTGGACCGAAGCCAAAGAAACCGGAAGCAATGAAAGATGACGAGTTTCCAGGGCGTGGTGTTATGTTTGTTGGCGAAAAGGGAACTTTGGTGAACGCGGCCTACGGAAGCGGTCCGGAGTTGCTCGAGCCGGAATTGAAGAATTTTCAGCTGCCCGCAGCGACTCTTCCAAAGACAAACGGTCATCATCAGGACTGGATCGATGCTGCTCGCGGCGGTCCGGCCGCAAGTTCGAACTTCGAAGTCGGTGCCCATCTCACCGAGATTACTTTGCTGGGAGTCGTCGCACT
CP042912.1_gap26	873104	874014	910	GCCACATCGGCGGCGACGGCCAAGTCGGCATCTTTTCTGGCTTGGGCTCTTTCGAAAGCAAACTTCGCCTGTTCAATCTGCTGCTTCCGAGCCCAAACTTCGACTCGGGCCGCAACCAGATTCCAGTATCCGGCGATGACGCTACGAACGAGTTCCTGAACTGAATTCTTGAATTGAAAGTACGATCGCTCTGTGTTGATGCGAGCAACAATGACGGGCGTCAGATTCGCGTCGCGGCCATAGCCTTTCGCAAAAGGCTGCCGCAATGTGATTTCCGCAAAGGAACGATACTGCGGTTCAAGCGGAAAGACGCCGGGTTCAAAATAGGATCCGATCGCGTTCGCATTGAATCCCACAGTGGCTCCGTTGTGGGTTCGTTTTTGCAGGTTCAGCGTTGTGTTAATTGAGTCCGTGCTGGAGCCCGTAAGAATTGCTCCTGTCGGATCGAGAGGATCGAAGATTGCCGCCGGGCTGTCAGACTTGTTCATCGTTGACTGAAAGTTCAGCGTCGGATCAAAGACGGCGAGTTGCTCATCGATCGAAGCGTTCGAGATCGCCACATCGTAAATGGTACGACCTGTCGTGGACGCTGAAACACCGCTGAGAACCCGGACGACGTCTGCGTTGCGAATCGCAATTTGGATCGCATCGTCCAGTGACAACGGTTCTGCCATGCGATCTTCTTCGAGTGCAACGGTGAATGGGACGTCAGCGTTGGCGATGTCGAACGCGCAAAGTGCACCCGGATCGCGAACTGCGATGTGACGTTGCTCAGGACAGATGTCGATCAGTTGGGCGTTTGCCGTATCCGTAACGAAAACGGCGAATATAAATACAAGCATGAAGCTCAAGCGATTGATTGCGTCCGCGATGTGCAGGCTCACTCGCTTGCGCGTCGTGCTGGTATTTG
CP042912.1_gap27	942805	944864	2059	GACTGCTCCTCCGGCTGTGAAGAAGTCACCGTTTTCCCAAGCCAGCATCAGCCAACCAACGTCGCCGCCTGCCGAGAAACAACAAAAATTTGACTACGGCCCAACCAAAGAGTCAGCGGCGGCGGCAAAATTTGATCCTGCAACAGTTCAGGCCGAACTGCCAATGCAGCAGACCGAACAGGCCGGAAATTCACCCGGCTACTCTGGAAACGCGTCTCGGGCAACGCCAGGGCAGGATCGGACAGCCATGGGCGGTGGGCGGCAACGACTTGGTGCTCGCGGTCAGGATGACTCCACTTTTGGACAGTCGGCAAGTACTGCGCCTCGTCCCGTTGAACAGCGTAGTGCACCGGCTGGGCGTCAAGATGCTGCTTCTGCGAGCGGGAGATTTGGTGGAGCCGGAGCGTTTCCGAAGAGCACTCAGCCGGCGGCTGCGCCTGCGAGCGGCAGCGGTTTTTCGCCAGGTTCGACAACGCCACCTGCCTCGCCTGCAACCTCAGCTCCCAAAGTGAGCAATCCATTTTCCGACACTGCATCGCCACCGGCAGACTCAACTGGTGATGCGACAACTTTTAACAGATTCAAAGGCGGCGGAGCTGGAACGTTCGGAGGTGGTGCAACTCCACAGCCTTCGGCCGCATCGCGATTCGGCGCCCCGGGTTCGACAACACGTCGATAGACAGGGCGGGGTTCGGTAACACGCCGATGAGCAGGGTTCACTAACTCGCCGATAGCCCAACTGCATGTCGGTAGCACCGAGCGAGATCGTCGCCTGCTCGCTCGGCCGAAAAGTTTTGCTCGGCGATCTGTCGAAGTGCTTTTGAAACTTCAACTCGTCGATCGTCCTTCGAAAGCAGTTCGACGATCGTTGGTGCCGCGCGTTCAAATTCGGCTGGCGGAAACATCAGTTCGTGCATTCCCTGAAGAATCTCCGGCGTTCCACCAATATCGGTCGTCACGATTGGAAGTCCACTGGCTGCTGATTCAAGCAACACTCGCCCCAAAGGTTCCTGTCGGGCGGCATGAATGAGAACGTCGGCTCGTCTCATTAACTCGGGAATGTCCGTACGTCGGCCAAGCCATTTGACGGAGCCCGGCTCAAAATTTTCTTCCGCGAATCGATGCAGTTCTTGCTCGTACTCGACGGCTTCCTGTTTTTGCGAATGCCGTTCCCCAACGATCCAAACTTCGGATTTGGGAGCGTGTTGGAATGCAGCGGCCAGCGTTCTCAACGTTAGGTCGACGCCTTTCCGCCGTCCAATCTGTCCGATGCACAAGCAGACTTTCCTGTCGGAGTTTGCACGCTTCGTGCCGTCAATCCAGTCGGGACGAAATCGCTGCAAGTCGACGCCGTTGTGGATAACCTCAATTCGTTCAGCCGGCATTCCAGCGGCAACATGGAAGTCCGCGGTGGCATGGGAAACGGCGACGATCTGATCGAGCTGGCTGACGTCGTCGGTTGCCTTTCGGCTGAGCTTGATGATGTCGCGGAGGTAGCCCAACCCTATCGTGTTCAGTTTGGCTGTGACGGGGCCAAGAATGCGTCCCGCAGCCAGACTGTTGGCGTGAACGATGTCCGGGGCAAGGTCACGGATCAAATGCGCAAGTTCAACACGTATTAGTTGTTGAGGCTTGCGTGTTTTGTCCGCCATGTGAAACGAAAAATGTTTTACGCGAACGTTGTTTTTTGTTAGCAACGCAGCGAAATCAAACTCGCGCGGCAGTGCCGCCGTGAATTCAAATCCGGCATCTTGCAGTTTCGGAAGCGCGGCAAGAAAAGAGAACTCGCCACCGTTGAGTGCCCCGTATTCGCTAATTAGCAGTGCGTGCATGGCGCGTGCAATCCAAGCCTGTGAATGTTGCTAAAGCGATATCTGATTCAGATTCACAGGCGCGAGCCACCTGCGTTCTGCTATTCGTAGTCGCGGACGCGACGAGCGATGGCCAATGCAAGCGCCTCACGAACGCTCTCGATGGTGATGCGATCGAACACCTGCTGAAAGAACCCGGTCACAACTGCACGGATAGCTTCCTTGCGAGTGTAACCACGGCACTGAGC
CP042912.1_gap28	946535	948598	2063	CCAGCTTCGCACCGGCATCTTGATGTTGTCCGGCACTTGAAAACGCAATCGAAAGAATCTCGCCGCGAGCACCAGGTTCCATCATGTGAACCGCTGGGTACTTCATGGTGAGTTTTGAACCGAGGTTTCCATCGACCCATTCCATGACCGCATCCTGATACGCCATCGCACGCTTGGTGACGAGGTTGTAGATGTTGTTGGCCCAGTTCTGAATCGTCGTGTAACGGCAACGAGCGTTCTTCTTGACCATGACCTCAACGACCGCACTGTGCAGCGATTCGCTGGTGTACATCGGAGCAGTGCAACCTTCGACGTAGTGAACCTGAGCGCCTTCGTCGACGATGATCAGCGTTCTTTCGAACTGACCCATGTTTTCTTCGTTGATGCGGAAGTAAGCCTGCAACGGGAAATCGATCTTCACACCTTTAGGGATGTAAATGAACGATCCGCCTGACCAAACGGCACTGTTGAGAGCCGCGAACTTGTTGTCTTCCGGAGGAATGATTGTGCCGAAGTACTCACGAAGCAACTCAGGATGCTCACGAACCGCCGTATCGGTGTCCGTAAAGATCACACCCTTGTCAGCGAGGTCTTTTTGAAGCGATCCGTACACCACTTCCGATTCGAACTGCGCCTTCACGCCGGCCAGGTATTTACGCTCGGCTTCCGGGATGCCCAGTTTTTCGAAAGTGTCTTTGATTTCTTCTGGAACATCATCCCACGACTTGCCCTGCTCGTTGGTGGGCTTGAGGTAGTAGAAGATATCCTGGAAATCGAGATCGATATCGCCGCCCCACTCGGGCATTGGCTTGTCGTTAAAGATCTTCAATGAGTCCAGACGGAACTTGCGCATCCAATCCGGCTCTTCCTTGATATCCGAGATCTGATTGACGATCTCTTCATCAATACCTTTACGAGCTTTGAAGACAGCAGTCGTTTTTGTCTTAAAGTCGTATTTCTGGATGTCCGTACCGCGAAGCTCATCGGATTCGGCGTCAGAAGATGATTGTGTGATGTCAGTTGCCATATGGATATTCGGGAAGATTTTGTTGCGATCGTTCAGATTCACATTCCCGCCCTTTTCTTTCGAATAGTTGGCTAGTTTGTTTCTGTAGCGAGCTGATTAAACTGCGACTTCTTCATCATCGTTGACTTTCGCAGCTTCAGGATATTGAGCTCGAATTCGCTCGTAACCTTTTTCGTGAAGCTCTTCAGCCAATTCCTTGCCGCCGGTTTCGACGATTTTGCCGCCGAGGATCACATGCGTGAAGTTCGGTGGATTGTGCTCAAGCAACTTGTCGTGATGCGTGATGATTAACAGGCCCATCTTGTTGTGGCCGATCTCGTTGATCGACTGGCTGGCAAGACGAACCGCGTCGGCATCCAGGCCTGAATCTGTTTCGTCCAGGATCGCGAACTTGGGCTGCAGCATCGCAAGCTGAAGAATTTCAGCTCGTTTCATTTCGCCACCAGAGAACCCATCGTTGACGTAACGACGAGCGAACTCGCTGTCCATCTGAAGCTGTTCCATGTTCTCCTTGATCTCTTTGCGGAACTCACGCATCGGGATCAAGTCTTCGCCTTCTTTGCGATCCGGGTTACGAACGTTCGTCGTTGCGTGACGAAGAAAGTCAGCCATGCGAACGCCAGGAATTGCGACCGGTCGTTGGAACGCCATGAACAATCCGGCACGAGCCCGTTCGTTTGGTTCCATGTCCGTGACATCTTCGCCGTTGAGCAAAATTTGTCCCGAAGTGACCTCGTAGTTTGGGTGTCCCATGATCACAAGGCCCAGCGTGCTTTTGCCGCTACCGTTTGGCCCCATCAATGCGTGGGTCTCGCCTCGCTTCATCTCCAGATTGACACCGCGCAAAATAGGCTTGTCGTTAATGGAAACGTGAAGATCAACAATTTTCAGTACGTCGCTCATGTCTTGATTATGCTGGAGGGTTGTGTGATGGGAATGTCTTGCTGTGTCGCTTCTTAACCGCCCGATCCTACCCCTGAATAACCTTTGGTTTCACGAACCCGGGTCGTTGAATGGAGAATCGATTGAAGAACGG
CP042912.1_gap29	1037445	1042387	4942	AGTGCGGCGTAGTCCGAGTCGTTCTCCGTTGCCACGAATTTCCAGTATCTCGCTGCCGTGTCCTTCTTGCCCAGCATGCGATAACTCTGGGCCAAACCGTAGCGGTTCTGGTCAGCGAGTTCGCTGTCGGGGAACATCTTTAGCGCTGTCGAAAATGCTCGTTGAGCAAGTTTGGGCTCGTTGAATCCCAAACGCAATTCGCCAAGGTATGGCATTGCGTACTCAACTAACGCGTGTTGCGGATACTTTTTGATGAAAAGTTCCAGTGACTTGAGAGCGATCTTTCCTTTACCCAGCTGAAACGCTGCTTCGCCCATTCGGAACGTGGCTCGCGGAGTCAAACGGTGGTTCGGGTGCTGCGCGATGAAGGTCTGAAATCCAATCAACGCATCCGCATAGTTGCCCAATTGGATTTTGGATTCAGCCAGAAAGAAATTTGCTTCCGACGACTTTCGGTGGTCCGGGTAGCGAGACACGAAATCTTCGAACGATGCGGCCGACTGGCTCCAGTCGGATTTCTGGTAGTAGCCCGCGGCGAGTTGGTAGTCCTGTTCCGCAATGCTTCCGTCCTGGGCCATGGTCGCGGAGCAGGCGATCACACCGCAAATCATGGCAACGGTTGCCGTTCGCAGGACGCGTTTGCAACGGAGGATAAAGATGATCAAGGCAATGGACATGGCATTTGCTAAGTTCGACACCAGACTTTCGCGCACCGGAAACGGCAGTGCAAAACGAACAGTCGTCACATTCGGTATCGTCACCCGGCAGCCTTTAACTAAACCGGTTCGCTTGCCGCTAGCGAGGTTCCGGGATTTTCACACTTCCGAGGACTCCGGTCAGCGAGGATGGTGAAGATGAGATCGCCGCGGGGAGCAGGCTGTTTGGGGTGACTTGGCGCCATGCCTCAGCCGTCATCATGCCGTTGGTTCGTAAAAACCAAGGAGCGGGGGCAGCCTGATCGTTTGTTCCGTCGTTCGAAGAGCCGAGTGCAGAAAACGTTACACTTATATAGATGACAGAATCCAATCCCAGAAGATTTCGGCTTGGCCCTGGGCTGTTGGTCACGGCAGCATTCATCGGCCCCGGCACCGTGGTCACTGCTAGCAAAGCCGGCGCGCTCTACGGCCCATCGCTACTTTGGGCGGTCGCATTCGCTTGCTTGACCACGATCGCGTTCCAGGAAATGGCCGCCCGGATCGGAATCGTCTCCGGCCAGGGACTCGGCCAGGCCATCAGGAAACTGATCCAGTCCCCTGCCCTGCAATTCGGAATCGCAGCCTTGATCGTGGTCGCGATTCTAGTTGGCAACGCTGCCTACCAGACCGGCAACATCCTTGGTGCTGCATCCGGCGTCGAGATTTTTGCACAGTCTTCCGAAGCCAGCTACTTCCAGCCCTGGATTGTTGGAGCAATCGGAGCGTTCGCGATTGTGATCATTTACCTGAACAAATTTTCGGTGCTGCAAAACGTGCTCACGGGCCTGGTTGTCCTGTTGAGCCTGTTGTTCCTCGCGGCGGCAGCGATCAGCGCCCCTCCGATCAGCCAAATCGCCTCCGGGTTGATTCCGTCCGTCCCGAAAGGTTCGCTGTGGTTGCTGGTCGCAGTTCTGGGGACAACTGTCGTTCCTTACAATCTTTTCCTGCACGCCAGTCTCGCGGCGACGCTGTGGAACGATTGCAAAACTGACGAACAGAAATCCATCGCGATTCGCCATTCACGAATCGATACCATCCTGTCAGTCACGCTCGGCGGATTGGTGACGGCCGCGATCATGCTTTCCGGTTCAGCCGCGTTTGCCGAAGCGCGTGCCGCGGGCAATGCAGAAGCTTCCTTTTCCGGAGTCGCCAGCATCGCGACTCAACTGCGCCCCGCCCTGGGTGATCTTTCGTCGTGGTTGTTCGGGATCGGGCTGTTTGCCGCCGGGCTCACCAGCGCGATCACGGCTCCCGTTGCCGCAGGCTTTGCCGCCGCCGGCTGTTTCGGGTGGCCAAACAAGCTGACGGACTGGAGGGTTCAAGCAGTCGCTGCAGCTGTCGTTCTGATCGGCGTTTTCGCAGCTATCTGGATGGGAGGAAGTCCACAACAAATAATCGCATTGGCTCAAGTCGCCAACGGGTTGCTGCTGCCAGTGTTGGCAATTTTCATTTTGATGATTGCCAACCAGAAAGAACTGATGTCACGATACGTGAACTCAAAACTATTCAACACGATCGCAATCGCCATGATTGTGGTTATCCTGTTGTTGGCCCTCCGTCAACTCAAAGGTGGGCTTGGGTTTTGAGGCTTCACTTCGGGGATGATTGATGCGTTTCATAGGCTTGCTGTTTTCTACCTGGCTGCTGATTTTTACTGCTTCGGTTTACGGACAATCGTCGCCAGAGCTAGTCTGGATCGAGGATGGGCAACAGTTTCTCTACGAATCAGATGGCCAGCGATTTCTCGTCGATGTGAATTCGCGAACAAAAAAATCGATTGACGACGCCCAGCAACTTGCCGCGATCGAGTCCAATGCTCGTCTTTCGTTGCCGCCGATGTCCAGCCAAAACGGTGGCGAATCGACATCGATCAAGGTCAAGAATCAAACGCAGCAAACGCTGACGATGTTTTGGGTCGATGCGAAACGCGGCGAGCGTTCCTATGGCGACGTCAAGCCAGGAGAGACATTTTCGCAACAAACCTATGTCGGTCACACGTGGCTGTTAAAGGCCAACGGCAAGCGGCTAGGGAGCTTTCGTTCCAGGAAGAACGAAAGCTTGGTGGTCGATGTGGAAATGCTGAAGAACGTTCGACGCAAAAAGAAACGTCGAAACAGAATCCGGTCGGTCCGCACGAGAACGGGCGCGCCAACGGTTAAACCTCCGATCGAAGTACGCGATCACAATCTGTGGCTGCAAGGGAATCAGCTGACCGAAGACGCGACTGAAAGTCTCACGTTTCAAAACGTCGGACGCGGAACGCATTGGTTCAAATCGCCGCGCGGCCCCGACGTCCGCTGGTCCCCCGACGCCAAGTATCTGGTCGCGTTTCAAACGGCAAACCCCGAGGAGCCGCGTGTTCATTTCGTCGAGTCGACGCCCTCCGATCAGCTTCAGCCCAAACTTGACAGCTATCAATATGCAAAGCCTGGTGATGAGCTTCCGACGAAAACGTTGCGTCTGTTTTCGGTTGAGAACAAGAAAGAAATTCCAGTCTCCAACGAACTGTTTGAGAATCCGTGGATCATTCGGTTCGTCAAGTGGACTGACGATGGCGAGAAATTTTGGTTGCACTACAACCAACGGGGCCATCAGGTCGTTCGGCTTGTCGAAGTCGACGCTTCGACCGGGAAAGTCAGAACGTTGATCGAGGAAAAAAGCGATACGTTCATTCAATACTCAAACGCCGCGAAATCGGTTTTCGAAGAGTTGGACGATCAGCAGATTCTTTGGGCCAGCGAGCGTAGTGGTTGGAATCACCTATATCGTTTCGACGGAAAATCTGGCAAGCTCCTCAATCCGGTCACCAGCGGAAACTGGAATGTCAAACGGATCGAATGGATCGACCGCACGAACGAAGTCGTCTGGTTTTACGCCGTTGGTGTGCACGAAGATCAGGATCCCTACCACGAGCATTTTTGCAAAGCCAGTTTTGACGGCAGTCAGTTCACGATACTGACCGACGGGGACGGCACGCACAAAGTCGAATTCGAAAACGAAGACAGGTTCCTGGTCGATACCTATTCGCGAGTCGACATGGCGCCGGTGACGGAACTTCGCGACGCGAACTCTGGCGAACTGATCGTCGAACTTGATCGGCAGGACACGACTGCAGCGTTTGGAGACCGTCCGCTTACGACGCGTTTCTCCGCAAAAGGCCGCGATGGAAAGACCGATATTTGGGGCATCATCCATTGGCCGCGTGACTTCGATTCGGAAAAATCGTATCCCGTCGTTGAAAATATCTATGCCGGACCCCACAGTCATCACGTGCCAAAATCCTTTCGCAAAAACTTCCAACGTCAGTATCAGTTCGCGGACAGCGGAATGATTGTCGTGCAGATCGACGGGATGGGAACGGCGTGGCGGTCAAAGAAATTTCACGACGTGTGCTTCAAGAATCTCAAAGACGGTGGGTTTCCGGATCGAATCGCGTGGATGAAAGCCGCGGCGGAAAAGTATCCTCAGATGGACCTCTCTCGCGTCGGCATTTACGGTGGGTCAGCCGGCGGCCAGAACGCCATGGCGGCTCTGTTGTGGCACAACGATTTTTACAAAGTCGCCGCTGCGGATTGCGGCTGTCACGACAACCGCATGGACAAGATTTGGTGGAACGAGCAATGGATGGGCTGGCCGGTCGACGAAAGCTACGCGGCCAACTCAAACATGGAAAACGCTCACCTGCTAAAAGGACATTTGATACTGACCGTCGGCGAGATGGATCGCAATGTTGACCCTGCGACCACGACGCAGGTCGTCAAAAAGCTGATCGAGCACGACAAGGATTTCGAGTTCTTGCTGATTCCCGGCCGCGGTCACGGAGCCGGTGATTCACCTTGGGCGGCCAAAAAACGTTTGAACTTTTTCAAGCAGCACTTACTGTCCGATGGTTAGGCGTTGCTTGAGGCTAGGCGACCGTTGCTTCGGGCTCAATTGTCTCCGGCTTTTCAAAGATCGCTTTAATTCCCGGCTTTGAAAGATAAGAGATGATGAACCCGTAGACGCCAAGTTTAATCAGAGCCCCGATCACGGCAAATCCGACCGCGAATCCGGTTGCCATCGTGGCGGCACCTTCTGGCATTCCCCGAATTCCTTCGAACGAAGGCAAGGTAACCCACGTGACAACGACGGTGAGGCAGTTGTAGAAAATGGCTGCGATGCAGATGGTCGAAGCAAACGAGTTTGCGTCTTCACGACGTGTCAGCAACATGGCGCAACTTACGATGAAGCCAAGTCCGACCAGAGCA
CP042912.1_gap30	1047870	1051253	3383	TAAAGACAGACAGAAACAGACCAGGAGGACCAATGACTGTTCAAACAACGTCTGCTTTACTCACCACAGAATACCCTTTTCAGCGGGGCACTCGAAGGCCCCTGATCGCCGAAAGCAACCCGGAAACGTCGTCTACTGGCGAACTCTTCGACGAAACAGTGGCTGAATCATTCCCGTGTTGAACGGCCGCTGGGCGACCGCATGATAGCCTCGCTTCACCGTCCGTGACCCGTCAGGACGAACCGCAACGCGAGTCCTGGCTGAGGTTCCTGCCGAAGCAACTCGGTAGGCACGCGAATTCGCCGAGCCATGTCGCCTGCTGCCTCCGCTGCCCGATTGAAAGTACCGTATCGCTGCGGCTCGGGCGGCCGGCGAAGTGTTTCGTGCCGCCCACTGATCCGCTTCGTATTCTGCCTGCCTGACCGGTGTGCCGCGTTCCAGGTGCCGCAGTGCAATGTGACCATATTCGTGCGCTCGGAAAAACGAACACAGTTCAGGCCCCAGCCTCGCGCACGTTCTCGGGTTGTACTCGACCGTCAAGGTGTTGCCGCGGTAGCCGACCGAAGCAATTCCTCGCATGCCAGGCACAGCGACTTCCCGAATCGTCTGCGCCGTCAATTCAGCGGAATGAAAAGCGATCATTCCCGAAATACTCAAAAGCATCGTCCCCAGCCCCGAAATCATCCGGGTCATTCGCCTCGTCATTTTCTTCTCCCTGGAAAACAGTTTCAGTCAAAGAAGTGGTGCACGAAGTACGCAAAGTATCTCTCATTGTTTTTCCAAGTCGAGCACTTTGTCCAAAAACGGAATGCTTGCAGCGAAAGCGAAATCGGTGATGGCACTTTCATGCTCAACGCACAAATGAAACTTGATCATTGCGGTAGTGATTGCACCCCAGTTGGATGCTACAGAATGGCAGCTTGCGATTGATGCGAGCAAGATTCGTTGCATTGGTCAGTTAGGAACAGCATTAAGATTTGGCGAATTCTTGCATGGACTCCAGGTGGCCACTTGGTGGATGACGACGCGTGGGAGTTGGGTTGCTAGCAATCGAGTTTCATTGCTGGCAAAGTTTCCCGATTATGCCAATTCTGCTGAAGGCGAAGACCCTGCCGATCCGATCCAGCAAGAGGCTGGTCAGTCCGCGGATCCATCGGTGCGCCGGATTCACGCCAGCTATGCACCGAACATCCTTCCGATAAAACGGAGTCCTGCCATGAACCCAACTGAACTCTTTACATACCTGTTTCTGGTCCTTTCTGGGTTGGTTGTCGGCTACTGGTTGTTCTACCGCGATCGCAGTCACGAAGAAGCGACTCGTGGCAAGCTGAAAAAAGAGAACAATGACTTGCAGAGATCGCTGCAGACCTCGCAGGTTGCGTTTGATTCGTTGGAAGAAAAATTTGGACGGCAGCGCGGGCAGTTGAATGTGCTGCAGCAGCTTTGCGACGATTGGTCGTCAAGTCGTGAGATCTCTGAACGCGAACGGGCTCAACTGGAAACGGATTTGAGTGCCAAAACGTCTCGAATGTCAGAAGTCGAGAAAGAGTATCGGGATGAAAAGCGACAGCGGATTGCTCTCGAAGACAAAGTGCACAAGCTTTCCCAGGAAGTGCTGGAGAAGAAAGCCGAAGTCGAAGAGCAGTGGCGTGGCAAGTGCTCGGAAGCCGAATCTGCGCTCCACAAACGAACGGTTGATTTGGAGTCGATCAAGGTTGATCGCAAGCAGGTCTCAAAACAACTTCACTCGGCCAACGCTCGCATCGCGGAACTGGAATCGGAGATCAAATCGAGCAAAAGCCTGATCGAAACGGCGACGACTAACGCAACCGGATTGAAGCAGGAATATGTTTCGCTTGAGTCCGGACTAAAGGCAACCAACGACCAGCTAAAACAGGCTCAGGCCGAGTTGGCCAAAACTGTGTCTGAAAAAGAAGCCGCGATCAAGGCGACCGCAGATGCGGAAAAGCAGCTCGCGGTGATGGACAAAGAAACGGAAACACTCGGCGAGCAAAACAGCACGCTGCGACAGAAGGTGGAAACGACTCAGGCGGCATTGACGTCGACGCAGGAGCAACTGGCTCGCGTGACCGAGCAACGTGATCAGGCGATGGAGCTGGAAAAAGCGGCGGGCGTTGTTTCGTCCGGTTTGCAAAAGCGTTTGGACAATCAGGAATCTACCATCCACATGCTGCGTCAGAGTCAGGACGATGCGCTTGAGAATCTGAAGCACGAGCTGAAAGTTCGAACGGAATTGGAAGCCAAATTCGACGCTCGGGCCGAAGCGATTCGCGGCGACGCAGAGAAAATGCGAGCCGAGTACGAGGCTCAGATCGAAGCACTTCGTTCGGAAACAGGCGACTCGAAAGTCAGCTACGAGGCTCAGCTGGAGAAGGCTCGCAACGACGCAGAAGCGGCACGCGAATCCGTCGAAGCGGCTCGCAAAGAAGTCGAAACGGCACGCAAGGATGTCGAATCGGCTCGTAAGGAGGCTGAGAAAGTCAGCGTTCAACAGGCCGCGAAGTACGAGCCACAGCTGAAGGAGCTTCGTTCACAACTTGCTCGTCAGGCGGCACAGTATGCAGAGCACTCACGGGATCTACGAAACCAGCTGGCTCAACAGCGATCCGAGCTGGAGCAGGAACGCAACCGCATGACGTCGGAATCGCAATCGATGGCTTCCCGATTCAGCACTCTGGAAACCGAAGCGACGACCTACACGCAGTCGATCGTCAAGCTTGACGCGAAACGGGAACAGCTACAACTGGAACTCGACGCGGCACGCAAACAGATGCAGGCTCAACTCAAACAGGACAGCGAAACGATTGGTGAACTGCAACGCGAACGCAATGACCTGCGAACCGAATTGGAGCAGGTCCATTTGCAGATCGTTCCCTTGCAGGAGCAAATTGACTCTCACCGTGCGTTCACGACCGAACTGGAAATGAGCCAGTCACGAGTCGTGGAACTTGAACGTTCGTTGGTTCAACGGGATCAGGAAAGCAAACGGCTTCACGCTCAAGCCAACGAGCTCGAACGACTTCGTCAACGATATCAGGATGCACGCGAGCGGCAGGAAAAACTGCAGCTTCAGCTAGACGAAATGGTCTCTCGTCAGATCACGCGGGAGTCCGAGCGATCCATCGATCAGGCTCGCATCCACGAACTTGAGGCTCAGCTGAAAGTCAGCCTTGAGACGATCGAAGATCTCAGGAAAGAGCGTGCGTTGGTTCTGGCGACGCTTGCCGATCAGCGACAATCGCAGGAACCTGCTGCAACCGTTATTTCGTTTACGCAGTCTCTTGAGCCTCAGGACGTTTCTTCGGACGACGACTACGATCAGGAGTACGGCGGACGGATGCGCCGCGACGCCAATCGCGGAA
CP042912.1_gap31	1058861	1061281	2420	CGAGAGTGTTTTTGCCTAGGCGGACCACCGTTTAGCCTTCGCGCGTGTTTGCTTTTGTACATGTTCGCATCGGCTTCTTTGAACGAATCCAGAAAGTCTTGCGAGAGATTCCACATCGACATGCCGATCGATGCCGAGACGCCAGCGGACTTGAAGTTTTCCAGAAGCCGACGTTTCAGCGAGACCGCTCCGAGGTTGTTGCACTCAACGGCAAGAATGCCAAACTCGTCGCCGCCCAGACGCGCCACGATATCCGATTTGCGAGTTGTCTCATCGAGGACTTTCGCCGCCAACTGAATCAGTTCGTCGCCGCGAGCGTGGCCTTCGGTGTCGTTGACTTTTTTCAGGTCGTCGACATCAATTGAAAACATGCAGACCGGATGCCCGTACCTGCGGCAGCGATCAGATTCGGCAGCCAACAACTGGTCCCACCCTCTCCGGTTGTACAGTCCGGTCAACTGATCCGTGATCGCGTCCGTCATCGCCCTTTCGGCTTTGCGATGATGTTCCTGTGCCTTAAGTTCGTTTTCCAGAATCTTGGTCAACAGCATGGCCATCATTTCGACCATTGGAAGCTGATCGATAATTTGATCGGAAACCGGTTCGGGGTCGATCGCGCACAGCGTGCCAAACAGGCTGCCGTCTTCTCGCTCAAGTGGTACTCCCACGTAGGCACCGATGGAAACCTGTTTGCCGATCGGAGCTGTCGCGTAGGCTGGAATAGAATCGGAACATGGCGCGATGCGAGGTCCGTTTCCTTCCACCATCCGTGAGCAAAACGAGTCCGTCCACTTGAAGATCTGACCGCTCTCCACATTGTATCCGTGGTCATTCGCGCTCAGGACAATCCAGTCGTCGCTCTCAACGCGAGTCACCATCCAAAGGTGGAACCCGAGTTGTTTATGGAGGTAGTCGAGGACTTCTCGGGAAGCTGTTTGGAAATCGTTTGAGAGAGATGTGCGCATTTTGCTTGGTGGGTCGAGGTGGGAAACCGGTGGCGATCACCATGGGCGGTTCAGCGACCGGTATTTCTAACGGTACGTCTTCTCAATTCACAATGTCAGGCTTTTCTGCCATCGGCCCTCAAAGGAGGGAATACCCGATTACGCGACACGGCGTGCTCAACGTGCAAAAACAACTGTTTCTGGATGTCAGCGACCCGTTGAAGGCTCATTTCGCCAGTTCGAAGTCGCAGCGGATGCGGAACTACTGTGAGTCCAAAACCAGGTCGCTAACGGATGGCAGCTGTTCTTCTTTCTCAGCCAACGTCATATTCAGCAAACCCGCAAGCTTGGGCAGATGGTCATTGAATCGACGTGTGAACAGCAGCGTCCCGGGCTCGCTTCCTTCGATGCAGATCTTGTTAACAATCATTCCCGGGTGAATCAGCAGTTGATGCTGATCTTTCGGAATCGCGAACGACCTGCTCGGAAGCAACATTCGGCTCTGGATCAACAGCCACGAATCGCCAACGTCAGAAAGCGACAGGCGCTCTCGAGCGGCAAACGGTCCAATTTCATATTGCGGGAAAACCGTAAGCGAATTCTTCTTGGGTTCGGCCCACGACTTTTGCACCATGGCCCAAACCGGATCGAACAAAATGCTTCTCATGTAAGTCACCTGTCGCTTGACCCAACGGAACGCCCACAGGCACGCCAGAAAAATGACCAGGTTCAGCATCGTCGCCCAGAAAGGACTCCAGGCGTAAACCGCCATCAACGCCGCGCAGGCGGATTTGTTTGCTGCTTCCAGCATCGCGTCGACAAACGGAAACGGCATCAGCCAGACGGAAACTTCGAAGAAGAACTTGATGGTGTTGATCACCAGAATGTTGATGATCGCGGCGATGGAGAACAGGACATCGGCTGACATTGAAACGAATCCGCACTCGAAAACCGGAACCATCGCCATCGCAGTTGTATCGCCCACGGGATCTGAAGTCGCTGAGGCAACCCGGATCACAATGATCGCAATGATGCCTGACCAGGCTTCCAGTTGATCAATCGCCTGACCAATCGGCTTGCTGACTTTCGTGAGTCGCGGAAGCGAAGTCACCACGGTCAGAATCACAAACGTCCACAGCACCGCCGGATTCTGCAGCACCGGGTTGTCACTGACGAAAGCGTTCAATGGCAGCCAGTCGCCACCGTACTGACTGATTCCACACAAACACGCCAAACCAAAAAACGGAGAGATCGCAATCGGAGCCAGCGGCCCCAGCCACTCCATCGCGGAAACCGTCCCGGCCAAACCCTCAACCAGCTCGTGATCGTCGGCCGACAACGGATCTGCCGTCAGCTCATCCGGGATCAATCCCTGCAGTTGAGCAACCTGCGTTTCCGATTGCACATTGAAATGCAGCAGCGAGCCGATCGAAACGACAGCGACGAGGATACAGATGAGTCGCAGCGCGAGTGTGT
CP042912.1_gap32	1067455	1070561	3106	ACAAGGTCAACGCTTTGGTAAAAAGCAAGTTCGTCGCCTACAAAAAAGGTCTTAAGAAATGGGCTCGTAACTCAGTCGCCAACTTCAAGTCTTTCGATTTCAAGTTCGACGTGGCTGACATCGAAGCCGGCCGGATTCGCAATTCTGATTTCCGCGGCCGCATTCTGGTTCTGGACCTGTGGGCAACCTGGTGCCAGCCGTGCCGCGAAGCAATTCCGCACTTCGTCAAGCTTGACAAAGAGTTCCGCAGCGACAACGTGGACATCGTTGGCATTTCGATGGACAACCCGGATGATCCGCGGAAGTCTCTGAAAGTCGTTCGCAACTTTGTGGACGACAACGGTGTCGAATATGCGATGGCGATGGGCAATCGATCGGTCATGAACCAATTGGCTCCTGGTCAGAAATTGCCAACAGTTCTGTTCATCGACACTCAGGGCAAAGTTCGCTTCATCGCTGAAGGCCCGCATAACTTCTTCCAACTGGCCGCGATCACGAATGAGCTGATCAAACAGGAAGAAGATTCTCCGACAAGCCTCCCGGCGATCCCTGCGTTATCCGGCCAGTTTTAGTCGCTGCAAGACAAGATGTATCACAGCACCAGCGAGTGAGTCCGGACGTCCGATGATTCACTCGCGGGAGAAGGCTTGATCGGCAGGCGGCACAGGCTTCCTGCCCGTGATGGCATCGTGTGGCACCGCCGATGATCCATCAGCGATTATCGGCAAAAACGCCCAAGACAATGGCCGCAGCGGCCATTGGTCGAAACTCTGCCTCGCATTCACTGGCGTTTCGGCATCGTCAAGAACTTGCTATCGTTCCGCGTCCGAATCTGACTGCGAGCAAGTTTGTGCGGTTCTCAATCCTTATCCTGTTACTGATTACGGGTTGCCACGCGCTGCCGACAACGCACAGTCTGCTGCCGCGGTCACTGGAGCTGCCGCAGAAACGGGAGATCGTCAGAGGTCAGCTTGTGATCCACTCAGACTTTCATCTTCCGCGTCGCCACCGATTGCTGGGGGAACTGCAAAGCCGTCGTGATGACGTGTCGCAACTGCTGAACATTCCGGTTTCGGACGAACCGATTCATATTTATCTTTTCGCCAACGAAGCCTCCTTCACCGACTACATGCAGCGAAAGCATCCGCTGTTTCCGAACCGCCGCGCGTTCTTTGTCAAAAATGATACTTCGCTGATGGTGTTCGCCTGGTGGGGGAATCGTGTCGCCGAAGATTTGCGTCATGAAGTCACCCATGGATACCTTCATAGTGTCATCAACGACTTGCCGCTGTGGCTGGACGAAGGCATCGCGGAGTACTTCGAAACGCCTCGCGTGAACCGAGGTTTCAACTCGCCACATTTTCATCTGCTGATCGAGAAATACGATTCCGGGCAATGGCAACCGGATCTTGAGAGGCTGGAGTCGCTACGCAAAGCTGGCGCATTGACGCTGATGGATTATGCAGAGTCCTGGCTGTGGGTACACTATCTGTTGCATCACGAGGTTGAGACAGCGGGCCTGTTGCAGCACCATATCGAGCAAGTTCGGCTTGATCCAGCGGCTGCAAAATCTCTTCACCAGCTGCTGACGGAATCCGATCGTGATGCCACAGAACTTCTTAGTCACCTTGAGTATTTGCGAAAGACCGTCAAGCCATGATCGTTTTGATCAGCGAAGACCTGATGATGTCGTCAACCGTTTCTGCCGCAGTCCGGGCCGAAGGCGGAACGTTTCGATTCGTCGCTTCTGTCGAACGGGCGAATGTAAAACTCGAAGGCAACAATTGCGAACTGTTGCTGGTCGATTTGCAAGCGAAAGATTTGGATTGGGACGCCCTGGCGGAACTGGTCGCTCGAGTGCCGCGCGCAGTTGCCTATGCTCAACACGTCAACGTTGACCTTCTCAGGCGTGGACGAGAGTTGGCGTTTGAAAGCGTACTGACTCGTGGTCAGCTACACGCTGGAATTGCTGAAGTTGTCACCGGCGCCGCGGAATAGCTTTCTTTGCCGCGTTCCGCATTCCGGAACGTCAAACGGTTCGGCCCGGGTGCTTACTTGAGCATCGCGCCAAACTTACGCTGCTCGCTTGACCTCAACGCCCGAGTCAAGTTTTCTGAGCTGGTCTTCGACGTCCAAAAAGTTAAACACTTCGTATTCGTCGTTGGGAAAGAACAGCATGACCTGTGACGATGCATGCAGCATTCGCGGCAAGAACTTCCACGCCGATGCAAACTCTTCGTCGGCGAAAACATCGCCCTGGTTTCCGCAATCGATGATCACCAAATCGGTTCGGAGGTGCGAGTTGGCGATTCGTTGGGTCGCGCTGCCGAAGTCTCCGGGGACCAACTGAGCTTTTGCACCAAGTCCGTTGAGTTGTCGGTGCATCTCGATCAGTTTGAGATTCGTTTCCGAGGACTCGCGAGCTTCGAACAGATCGACTCCGGTGTACCGAATCGTTTTGGCGCCACTGTATTTCTGAGCCACGCGAATCATTCGCTCGCACCGAACGCCTTCGCCAAGTCCGACTTCGACCAGCGAGCGAAACTTGTTCTTTTTTATGGCGCGCAACGCCAGTCGGTCGTTCGAGGGCTTGGAAAATTGACTCCACGTAAAATATTGCAGCGCTGAGATGGGCTTCATGGCCATGACCGTGTTTGCGTTTGCGTTCCTGTTCCTGGATAAAATCGGCACAATCGGTACAGCCGAAACAGGTGAATCGGAGAAACGCGCAAACCTGACGGAATCAGACGTTCTTCGCTGGTCGAAACAGATTGCTCAATCGTTACAGTTTGCCAGCCAACGACGGCTTGACCCGTGTTTTAGAAAGTCGGACACGCAAAGCAAACCCAATTCTTCAATGAAACGTATAGTTCCCGGCAGGTCTTCGACAGGATTCGAAGGAACCCCCCCCAACGCAAGACACTATTTTTGTTTTGCCATTCCTGCTGCTCTCCGCGCCCAAATGGATTCCGGCGTTTCCCTCCATGATGGTTTTCGAGAGGAATGTGCGCGCACTTCTCGTTGATTGAACCGGCGCGCACTGAGCAGCCCCTCCATGTCACGAAGCCGACAATCCAAAAGTGAACGCAGACGCCGATTCGAGCAA
CP042912.1_gap33	1147439	1150283	2844	ATGTTGATAGCTGGACAACTGCCCAATTGCTTCAGCAATGCCTTCGCGAAAACGACTCTCTCCAAACCGAGTGTGCCGCTTGCTAATGATGACTTCGCTGCTGAAAGCGAGGTTGTCACAAACGAACGTACGGTTGCCTATACAGAAACCGATTGGAAACGTCTTGTCGTTTGAGTTTCGGATTCCGACTGAAAGCGAGACGCCATCAGCAAGCTCAGACTTAAGATCCAGAACTCCAAAGAATCGACAATTCTGTTTTGAAATGGCGAAACGGCAAGCTTTGATTTCAAAACTTGCCTCTTGAATCGTTTCTTCAACAGCTTCCAAAACGTCAAAATGACGAATCGGAAACCATGAGTCAGTAGGCGGGGGAGCTGGAATCCGCTCCAAGTCACCTTTGGTGACCAGACGGGCACCGCAGTGGTTAATGAGTGTGCCATTGGCCATGACAATGCTCCAAATGAAACCAGAAGTAGAAAAGAACTGATTTCACGTTAGCGCAAAGGCAATGCGAGCGCGAGCAGATTGTCGAGTTTGTTTTCTTTGACGGGAAATCGTGGCAACTCAACGTCGCTCTCGAATGCTGACGCATTCCTTGCGGCCAAGAACTATATGGTCGAGCACATCGATGCCTATTGTTCTGCCGACCTCGGTAAGACGATCAGTTACTTGAAAATCTTCGCGGCTAGGAGTCGAATCCCCTGATGGATGGTTGTGGACGAGAAGGATGGATGAAGCAGCGTCCTTTATCGCGGGGCGAAAGACTTCACGAGGGTGAACAAGCGACGCATCTAGAGTTCCAATGGTGATTTGGTGGCCGCGGAGAATCTGGTTCTTTGTATCCAAAGTGACAATGTGAAACTCTTCCTGAACTGCATCCATAATAAGCCGAGAAAACTTCACTTGGCAAAATTCGATGGCGTCAGACGAGCTGCTTATCTTGGTGATTGCTCGATACTCGGCTCGAGCTTCATGGATACGGCGTCCAAGCTCAATACTTGCCTGTAGTCGTTCGTATGCTTTGGGAGTTAGCTGAAGCTCATTGCGGTGAGCGTGAATCAGCTCGTCGATTGACATGTCTTGCAAAATGTCGTCCGCTTTTTGGTCTGAACGCAGCAGCGTCGCCAAAAGTTCGCGATCCGGCAGTCCGTTGATGTCGCTCGGTTTGTTTGGCATCGGATCCAAGCTTGCCGGAGCAACTCGAAATCTGCAACAAAAACTTGCGCGGATATTTGCCAGATGGCAGTGTGAACCAGAACGTCTACTTCGGGCGTTCCCGCAAATGCGGTTCGTTCATTTCAAGCGGGAGAGGCCAATGCTGGTTGATCTTGAAGATGGCTGTTGTCGCGAGTGCGAAGGACAGCTTGAGATCACACACTTTGATGACGCTTGCCTTTGGGTTTGCTGTACAGAGTGCAATAACGACTACGAAGTCGAAACCGATTTCTTTGGCGACGGCTGTGTCAAATATTACTTCACCATGCAATGCAAATCGCTTGGGCTCGATCCAAACGACATGCACCAATAGGAGGAGACGATGGATCCAGACGCAGCGTTTAGCCTCATGTTGGCTTCCTTTGCAGAAGACGAGTTCCTAATCGCAAGTGATGCTGCTCAAGCCGTATTGAATTGGTTGCGAGCAGGTGGCTACCCGCCAACAGTTCATGTTGCGGGCGGCGGCCAATTGCTGGAGCTTTCGCATGAACAATCGAACCGAGCTGTCGCGATCGCGGTGGCAAACGAGGTTCTTTCAAAGTCCAATCAAGCTTTGACGAGCCAATAGCGACTAAGCCTTGCCAGTGTGCAAGGCTTTTTTCTGGCCAAAACAACCGGAGAGTGTTAAAATATAAGCATGTCACACGACCTAAATCTATCACCGGAAATCGAGACCCGACTGTTCGAGTACGCGAAGGCGACCGGACAGGATGCCGTGCATTTAATGCAACTGGTTGTATCTCGGTTTGTCGAGCATGAAATTCCTCGCGATGGTGAGCCAGAGTGGACGGATGAATTGAACGCCCGTCGGGTTCACTTGATCGAGAAGGACGTTACTGGCGAATTGAATGTCGAAGAGAAGGTTGAACTTCATTCGCTTCAGAAGCGAGCAGAGCGATATTTCGACCATGTGTCATCGCCCGACATCGAAATACCAACTCAGTTGCTTGAGCAACTTCTAGCCAAAGCAAACGAAGCGAATGGCCAAGAGTAGTTCCATTGCCTTCGTTTATCCGAACAGCCCTCGCGAACGAAAGCACGGGCCATCGGGATACAAAGACGTCCAGTCGTTTCGTCCGTGGCTGAGAGACGAATTCGATTTTCGCTGCGTCTATTGCTTGAAACGCGAAAGCTGGGGAACGGCAAAAGAGGGCTTTGACATTGAGCATTTCGTGTCCTCAATGGTCGCTCCTGACAAACGATTGTCGTACAGCAACCTTGTATACGCTTGCCATGAATGCAATCTGCGAAAAGGAAGCACGTCCGTCAACGATCCGTTTGAGTGTTGCACGGCAAATAACATCGCACTTTTGGAAAACGGAATGCTGGTTGGGCTAAGCCGAAACGCTCGATTGATTATTGCTGTGGTTGCCCTGAATTCGCCAAATATGATCCGCTGGCGTTTGCTTTGGATGCAGATCGTCGAGCTTGCACAAACGCATGACTTTGAGTTGTTGAACCAGCTCTTGGCCTACCCGCACAACCTTCCAGATTTGACGGCACTGACCCCACCAAGAAATGAAAAACCGGAGGGCGTCAACGATTCGCATTACGCTCGAAAGCGAAACGGGGACTTGCCCGCAAGTTACATCGTCTAAATTAGAATCCGTTCAACTTCATCAAGCGTCA
CP042912.1_gap34	1158745	1159256	511	CTTGGTTCAATTAGTGCCAGTGTATTCGTGAATTCGGTACCAGACAGCGATGTCCCGGAACGCGAGTTTCGTTGCGTCAGTTTGCAAAAGCGGTACTCGGTCGATGGTGAATCTCGATTCAGCTCGACCTTCAACTTGTCAGACATCCCTATTGCGATCGAGGTGCTGCGAATCGCGTTCAATCATGTAGCCAGCATGGAACTGGACGTGGCAGTGGCTCGAGACTGGCATGGCATCGCAGAACGCACTTTTCGAGCCACTGGCAGCCAATCTACTGCTGATGCTCAGGGAGGTGCGAAATGAGCCGGCGAAACGAAGGAGGTGTCATCCGAATCGATGAAGCATACAGCAAACGTTGCGTGCTCGATCGTCTCGGCGTGTCCCAGCGTTTTTGGGACAAGATGCTTGATGAAGGACTTCCCTACACCAACGTGGGTCACACGCGTTGGGTAACCGGCGAAGCGATCATGAACTACCTGAAAAAGTTTGCGCAAACCAAGCAGGTTCAGGC
CP042912.1_gap35	1200451	1201314	863	AATCATCGGCAGGCCTCCAATGAAAGACGCGATCAGATTGCCGACGCCGACAGCAATCGTGTCGCGATTCATATTCGTTTTTCGCTTCCACGGATCGATCACGTCAACTGCTTTGGCGCTCAGGATGGATTCCAACGATCCAATGACAAAGAACATCAAAATCCAGACGATCGAATTGCCCAAATGTTTGGGCGAGTAGGCCGCAAAGTCCGGTGTCGTAATAAAGTCGAACATGCCGAACACCCGGTCTGGCATCTGAACCAGAAACGATTCGCCGACTTTGTACTGGTGTCCATTGAACTCATAGCCATGCTCATGAAGCAGGTCGAAGTACATTCCCATCGGAACGGTCACCAGTAATACAACCAGAGGCGAGGGAACCGCTTTCAGGATGGCGGTCGATTTTTGCATGATCGGCCAGAGGAACATGATCGCCAGCCCAATGACGCCGATCAGCGCGATCTCCGGATTGAGGTGTTGAATATAGTGAGGAATCTCCTGCAGCATCTCCAACGGCTCGCCTTTTCCCCCTTCGTATCCAAGCGCGATCGGAAGTTGCTTGACCATGATGATGATGCCGATCGCTGCGAGCATTCCATGGACCGCGGCCAAGGGAAAGAACTCGCCCAGAATCCCGCCCCGGAACATCCCGAAAAGAATCTGCAAGACTGCGGCCCCAACACCGACAGCTAACGCAAGCTTATAGGCCTGCATGTCGATTTCAGTGAATCCGCCCATCGCTCCGTCACCGCCGAACGATTCAATGCAACCAATCGCGATCACGATCAGTCCCGCAGCCGGACCTTTGATCGTCAGTTCCGAGTCACTGATAAATGTTGCGACTAGCGAACCCACCACAGCGG
CP042912.1_gap36	1302035	1306332	4297	GTTTGACTGCATGGCAGCCGGTCTTCTTCATGATTCTGCCCGCGGCCTTTACTGCTTCATGGATACCGTGATGGTTGACCGGAAACGGAATGTCGACGACGACAAACGCTCGCTTGGCTGCGCGAGCAACCATTTCGCCGTGGTAGATCATCTCGTCCAGCGTCACCGGGATCGTGTTCTCGTGGCCCTGAACGACCATCGCCAGTGAGTCTCCGACCAACAGCATGTCGACTCCGGCCGCGTCAAGCATTTTCGCCATGGCGAAGTCGTACGCAGTAAGCATCGAGATCTTTTCGCCATTGGATTTCATTTTCGCGAAATCAGTAACGGTGAGTCGTTTTTTGGATTTAGGAGTAGTCATCTGGATTCCACAAAGAAAAATCAACGGCTCAGATTGTAGTCGATGCGAAACCTGTTGCGGGAGATGCGCTTCGCCACTGTTCAACAACGGATCCAGACAGCTTCGACTCTTTTTCCCAAATTGCCGGACCGTCACGCGATGGTGAGCACAGGGATCTGTTGCCGATACAAAGAAAGTGTCATCGTGGGATACAGTTGCGTGAGGTTGTTGCGATGATCATCGGTGTCGAGAAACCGCAACACTTTCGAAGTCAATTTGATACTCAAGTTGATTTGACGCCACAGCTGCGACTGCCGAAAACCTCGTGAAAATAGTAACGAGGCCCGGTTTTTCAGATAGTTTTACCCGCAAATAGAGGGTTTTTTCCGCCAAATTGGGCGAAGCGCGAACCAAAGTGAAACGATTGGCACCTTACTTGCGTCTAGCCTAGTAAAGGTTGTCATATTTTCAGGTGGCCACTGGCCAGCTTTGAACTGGCAAGGACATTTCGTCCGCACAGGAGAGAGCGTCATGTTTCCAACTAAAGAGAACACAGAGAACCATTCAGGAACCGGTTCGGCTGCAGAAACGAGCGTCGAGCAAACATTCGAGTCAATCGAACAGTTCGCCTCATGGCTGGATTCGGAACTGGATGTTCTGGTTGAGAAGTTCGCAGAATTTGAGACGGACAAATCTGTTCGAAAATTCTTCAAGCGTTCGTAGGGACCAGTTGCAAGATTGATGTCGCGATCACACTGCGTGATATCTTTAGAATTTCGTTGCGGTATCTTTCGCGTTAACCCGCGGAATCGATGGGATGTCTGCCGGATCGTCGATGTCTTGTTCATGCGGCTTTGGCAGAGTCAAAGCATTTCTACCGGCTCAATGCGTTCTCATTGCTTTGCGGTGGTTTTCAGCCGGAGACTTTCGAAAACTGGTATGCAGATTTCACTCAGCGCATTCTGGTCTTCATCCGTCCACTGATCAAACGAGCCGAACTTTCCTTCGCTTCTAACCGCTCCCACATTCGACGGTGAACGTTGTTTTCTCGGCAACTCATGTCCTATAAATTTCTCAAGCGACGCAAGGTCCCCTGCGATCAAGTCATCGAAGTCCAGCCAAATAACTTCGCGTCCCGTGTCCTGCAACTGAACGAGGTCGTCATGGATTCGTTGGTTGATGTTCGCCCAGTAATGGCAAAAACGTTCCAACGGACACTGATTCGAATCACCGGCTAGTGTGCCGGAAAAGCGAAGGTTTGTCCGGAGGTATTCGGTGACGTTAGGCTTTGACATCGCAGAGCGGACTGCGTTGGCAGGATGTCGGAACAGGTGAATAAAACGCGCGGCCGGGAACGCGTCCGCCAACTCGTTGGAAAGGCTAAAGAGTCGATTGTTTGCTTCGAAGTAGACGTTGTGTCTGGTGTAGCGCAGCGTTCGAATTAGCTGCGTACGTGAGATTGGCGAGTCGAAATGGCGGACTCCAATTTCATTGAGGTCGGGCTCCTTCTCATGGAAGACACGCTCGACGCCGTTTTCGTTGAGCAGGTCCACGATGTAGTGTGAGCCGCACGCGCCGCTATTTTGACAGAAGAAACGCGTTTCGTTGCGGACGTTCTGATCCAACAATGAACGTTGCACAAGCCGCCGTAGCGTTCTCCAGCGTCCACGAAAACCGCTGGATGCATCAGCGTCAGCGGAGGCAAGCAATTCAAAATTTGGAAACGGCATAACGACGTCCTGGTCGATCAGGAATCGTCGGATTCACCGTCCGCGGAACCCGTGTCGTCAGCGCTATCACCAGCGTCTTCCGGGCTGGCGTCTTCATCGGTCGGTTCTACGTTGTCATCGGACGTGTCTTCGTCGCTGTCCTCAGGAGGTTGTAAAACCGAATCGGCATCGGAAGCAGCCTGTTCGTCTTCCAGCCAATCTTGAACCTGTTGGGATGTAGGCAAGCCATCATCGTTGCCAGTTTTCTTCCGTGAGTCGATGACCCATTGAAGTACAAAATCTTTCGGCCACTGCTTCCCGGCAAAGAAAAGCAGCTGACGATACTTGAGCATGGACTCGACCAGATTGTCGACCACCGGTGATTCGATCAGATCCGGATGCTGCTTGAGAAGCTCATCCCACTTGGAGAAAGCCTCTTCGTAAAGCGTCACGGCACCTGCTCTCAAGACACTTTTCTCTCCAGTTTCGTAATCGTAGACGTATTCGTCTTCGAGAATCGATTTGCGTCTCATTTCGGCAGCATCGTACATCGCCTGTCGGGCACGAACCATCGCATCGGTCGACTCGGCCGCATTTCGGCTTTTCCAAAACGAGTAATTAATCACTCCGCCGTCTTTGCTGATCGCCGACATCTTACTCAAAACATTGGCGATCTCGTCGGCCAAACGTTTTGCTTCGAGTTGGTCGTCAGGCTCAGCTGTCAACGCAATTTTCGAATCGAATCCCATTTCTGGAGAGTTGAGCATCTCGAAAAACATGACGCGTTTGCTCTGCTGCTCGTCATTTAGTTCTTCCGGCGCTGCATAGATAATCGGCAGTTCTTCTTCCGGCAATCCGAGACCGGCCCAAGTTTGGCTATGTTCGAGCTTTCTGGTTCCCGGCGTCAATTTGTCAAGCTCCGTGCGGAGTTCAGCAAGTCGGCTTTCGTACTGGTCCATACGCTCAAGCGTGAACGCGATGTCACGGGCATTTCTGAGTTCAACACTTCCGTACTGAGTCCACTCTTCACCGGCGTCCTCCCAGATTTCCCGGATGACTTCGTCAGAGCGAAACTCGTCGGCCAGAATCATCGCCTGCTGCCGCGTTTGCGAGGGGCGATTCATGCCAAACATCAGATCACTTTTGTACTTGCGGGCACCATTGTCGACGAGGTTTTGCGATTCGTCATACCAGTGCCACGCCATCTTGTAGCTGTCAGGGCCGTACTCGCGAGCGTCGTAGGAATCCGGAGCAATTTTGTCCGACATCTCGTTGTGAAAAACTTTGTCTTTGCGGAAGATCCGTCGGAACGGCATCTTTTCGTCCGATTTGCCGAACTTGGTTCCTGTAAAGAAACCCATGTTGTCCGTCATGCGATGATCGTCCGTGTTGTACGCGATTCCGCCTTTGAGAAAGTTCAAACCTTTCTTGATCCACTCATATCGATACTCGTAGTCGTCGAACTCCATCGAAACATTGAACGCCAGGTTGTGCCCCTGAAACTCCCAAACCTTGACAAAGTTCGGTTGGACTTTTGTCAGTGTTTGCAGCGTTGCAGCGAGTTTGTCATAGTCTTCATTTTTTTGATGTTCCAGGGCCTGCATCCACAGGACGTTCACAGCAACGCCACGCAGACCCATCGAAGCCAGTTTCATGGCTTCACTGGTTGGATCGATCTCGGAGATGCTTGCCTGCGCGAGTTTTTCCTTGCGGCGCATTTGTGACAATCGTCCACCGGGATCGACGACCTGACCGTTCTGGTCGGTGACTTCCGGGCGTGAGATGAAGGACAGCGGAATCAGCAACAAACCGATGACGGCGATGTAGATGATTTTGCGCAGGAAGGGATTCGTACTGTTCTTTTTCATTTTGCAATCTCCCGCGTTTTGAGCGAGAAGTAACCAAGCAATGTCAAACCGATGCAGAACGCAAGCGTGATCGCCAAAGCAACCAGGATTCGCTGGTTGTCGATGGAATAGCCGTAGGTCAGGAATTCCGAAAAATCGAGCTGCTTGAAGTTCGGAGCCAGATAAGTCAGATCACTCAGACGTTGACTGATGAAATTGTCCGACTCCTTAATGAGCGTAGTGGCGACGCCGGTCTCCAGGTCGACCTGCATATTCTTCTGAGTCAGAATCCTGATAAACGACTCAATCGGGCCGCCTCCATCCCGACCGACTTCAGTCAGGCTGCGGATGAAAGGAGTGAAGAACCCGATAATCATCATCGTTAGCACGCCCAACATGAC
CP042912.1_gap37	1428167	1428926	759	GTCGCGCTCGCTGCAGTTCTGGGCGCGGACCAGTGCGAAATTTACACCGACGTCGACGGCATCTATACGACCGACCCGCGCGTTCTCCCGGAGGCATGCCTGGTGCCGCGAGTTTGTTACGACGAGATGTTGGAGCTCGCGAGCCTCGGCGCCGGGGTGATGCACAGTCGCTCGATCGAGTTCGGCAAGAAGTTCAACGTCCCAATCCACGTTCGCAGTAGCCTTAGCGACGGACCCGGCTCATTGATCGTCGACGACGCTGATACGGCCGGCATGGTTGTCAGTGGAGCCGCGTTGACTCGCGATGAAGCCATGGTTTCGGTGATGGATGTTCCCGACGTTCCCGGCACGATCCTGAAAATCTTCAAGCCGATCGCGGATCGCAAAATCACGGTCGACATGATCGTGCAAAACGTGAGCGACGATGATACGACCAGCATCAGCTTCACGGTTCCGCGTGGCGAAGCCGCCGAAGCGGTCTCTGTTATCAAAGACGTCGTGGCCGAGCTTGGTGGAACGCTGGCGCCGGTCAACGAAAACGTTTCGAAAGTTTCAGCCGTCGGTTTGGGGATGGCTCATGAAGCCGGCGTTGCCAATCGGATGTTTCGCGTGTTGGCGGACGCCGGAATCAACCTTGAAATTATCACGACCAGCGAAATCAAGATCTCGGTTCTGGTCGACCGAACGAATGCACTCGACGCGCTCCGCACCATCCATGGCGAGTTCTCACTGGACAAAATCGAGGCTCAGCCCAACGAA
CP042912.1_gap38	1550965	1553610	2645	AAGTCCGCTGATCTTTCCGCGACCGAGAAAGCGGAGTTGGAGAAATTGATCGCGTCAAAACAGTCGTCTGGCAAACTGAAGCTGAAGGCCAACGAGTGGCACCGCGTGCGATTGCTGCTCAACGGCTCAAAGCTGGAGGCTTTTATCGACGGGCAGTCGGTCGCCAGTCTTGATTCGCCAGGTATCGGTCACGCGACGAAGACAAAACTCGGCATGACCATCAACGGTGGCACGATTGATTTTGACAACCTGAAAATCTACTCGGTCGCCAATTGAGTCCGTTGGCGTCGGCGCAGCAACGTCAGACGAATGAAGTTCACGACTTGATTGGCTGACCGTGTCATTCTCATTGAGGAATGGCCGCCATACCGGAATGTCTCCATGATTGGCTTGGCTTCACCTTCAATCGAAATCGCGACGGGGAACTTGCCGCTTGAAGAGTCTCCTTCATCGCTGATCAGTTTTCCGATCGCGACACCGATTCTGGTGCCGTGCTGTTCGCGGATTCGCGTCGCGGCCAGTTCGACTGCAGCGACGTCCAACAGTGACTCGTCAGCCAACCATTGCTGTGGAGTTTGACCATCAATCGATGACGCGTGTCGCAACGTCCTGCGCTGTGAATCCGGAAAGCCCTCGCGAAGCAGGCTGGCGGCGGCAGACCCAAACTGGAAATCCGCCATCGAAACAGAAAGATCGTGCGTCAGCAAAAGATCCGCGGTGACAGCGCTCAACAAGTCTTCGTTTTCTCCAAAGACGACTTCTCCCAGCGTCTCACGGATATAGGCGACGGTTGAATCGATTTGCGTTTTGCATTCGTCCTCGGTGTCGGCCATTGCAGTGATGCGAAATGAAATGATCGACATGCTGGCAGTGATTCCGACTCGCGGTTGGCGATCACGAGCCATTAAGTCTGGCATCATCGATTCCGCCTGGCTTTCACCGACACCGAACGAGCGGAGGACATGGTGTCGGATGGTTTTTGCCGACGCGCACCTGTCGCGAACCTCGGGTTCGATATAGCTTTCCCACATCAGCTTCATCTCGTAGGGAACGCCTGGCATGGCAAACACTCTTGAGTTTCCGGAGGAAAAGTCGACTCCCGGAGCAGTGCCTTCTTCGTTGTGAATCGTTTTGCCGCCACGTGGAAATTCTGCCTGACGTCGATTGGCAGGCGACATTTCGCGCTTGAACCGCGCAAAGATGGACTCGATATGTACCAACGCCGCTTCATCGATCTCCAGTTCAACACCCGCTGCATCGGCAATGGCCTGGCGGGTCAAATCGTCTTTGGTTGGCCCAAGTCCGCCAGTCATCAGAACGATGTTGGCTCGCTGCATCGCCGCCCGAATGATCTCGGTTTGTCTTTGCAAATCGTCGCCGACAGTCGAGTGATACGCGACTTCGATTCCAAGGTCGTTCAATTGCCGCGCCAGCCAGGCAGAGTTGGTGTCGATTCGTTGACCGGAAGTCATTTCGTCACCGACGGCGATGATTTCGGCGACTGGAGATGTGGATTGTTTCATGCGAAAGATAATAGCCTTGATCCATAAAAAAAGCTGCGGTCCTTTCGAACCGCAGCGTTACATCCATAGATGTCAGATCGTTTCTAGAAGTTGCCGCCGCCGCCACCGCCAGCACCACCGCCGAATCCGCCGCCACCGCCAGCACCACCACCGCCGCCTGTTGCATTGTCGGCGTTACCGAGGATGTTGAAGGTTTGGACTTCAGTAATTGTGGTAATGTTTGGTGTCGCACTGATCAGCACGTACAAGCGATCAGCAGTTGTCGCATGATTCACCTGAAGTGCCGTGCCGGTTTGCAACTGCGTGATTTGTGGCGTGTAACCCACAACGCTTGGAGAGAAAGTTCCGAACGAATTCTGGTTTCCACCGTTGTTTCCACCAGCACCCGGGAAGAAGTCATCTCCGCTTCCGTTTCCGCCACCCGTGCCGCCGTTGCCACCAGGAGCCTGAAAGGCAAAGTTTCCAGGCCACAGGCTTTCAGGAGAGACGAAGTTGGCCATTTTTTGAGCCAAAGCCGTTTGCTTGATCGCCATCTTTTTGCGAACCAACGTCTCCAGCGTATGCTGGTCAAGGTCGTCAGTACGACGACCGTCGCTCAACTTGAACAGAACGATGGCTCCTTTTGAATCCAGCTTCACAGCCTTCTGCAAACTGGCTTCGTCATCAGAATTGAAGTGGTTGTGAATCGCGACGTTGACTTTACCGGACGTGACTTCACCCATCATGCGACGGATAATCAAACGGTAGTCACCAGAGAAACCTTTTGGCAGAACGTACTGTTCTTTCATCAGGCCCGATTCCGATTTGCCGATCGAGTAAACGTCACCGTAGTAAACGCCGCCGGCAGTCGTGCGAGGATTCAGGCGAGAGCAGATCGTTCCGCCGGGCTCTTCGACGTAAACATCAATGTCAGCATCACCGGTCCACGAGACTTCGATGAAGCAGTCACGATGCTTGGCCTTCATCAATTCGTTTTCGAATTTAGCCAGCTCTTCCGTGTTTCCACTTTTCTTCAGTTCTGTCTTGACTGCTGCCGCCGCGTAACGGGCACGCTTCGTCAATTCCGGTCGGTCCGGCCATTCCTGTCCAAGGACTCCCGCAGAAGACCAACGCATGCCGTCG
CP042912.1_gap39	1555007	1556849	1842	ATCGGCAGTCGCATTGTTGCGACTGGCAAGTTGCTGTTGCTGGTCGAACTCAAGTTTGCGACGAGTCGCCGACATCAGCGAAGACTCGAGACGATGACGAAGTTCAGAGACCGTTCCCTGAGTCAACTCAGGAGTTTGGTCAACGACTTCCAGCATATTCTTGAGACGCTCGATCGCAGCCGCAGGATCGGTTGACTGTTCCTGAAGAGCACGTTCTGTTTCGTACTGAACCTGCTTGCGAAGTTTCTCGTTGATGATGCGATCGCGATCTTCTACAGACAGGATCTGCTCACGCAAGTCGTCACGCTCGGCTTCCATCAGCATTCGGCTGATGTCGCTCTGCGGCGTGCCCATCACGATTGGATCGGAAATAACGGCTTCTTCCGGGACAGGAACAATATCCACTGGGTCTTCGATGATCGTGCCTGGTTGCTGCTGGTTAGGTGCAACTTCCATCTCTGAATCGTCGATGTCCAATTCAATGCCGCCGGGAACGTCCTCTGTCGGAGTTTCAACAGGTTCGCCGAAAGGATCTTGTGGATCTTGTTCTTCGACTTCGCCAAACGGATTTGATTCTTCCTGCAAACGATAGCGAGCCGCCAGCGCGACGCGACTTTCGTTCTTCGGAGCCGCGGAAGCAATCGCTGCCGTGCCGTTGGTCGTGACGTTGCTTCCGCCTAACAAATTCAAGTCGACCGCACTGTCGTTGACCATGCGAGCGTACTCAGCCAGTCCAGCTGAGCCGACTGTTGGCAACGAAACACCGCCGTCTTTGCGGACTTCCTGCAGCATCTTTGGCAGGAAAGCAAACTCGCTGGATGCACTTTCAGGTTGAATTGACCAGGCCTTGGTAACTTCGCGGCCGTCCATGATGCCTTTGAGTTCTACATTCAACGCGTTGCGATCAGAGATCGATCCAACCAGAATCGTGTCGCGATCGGTTCGCATCGGAGGGCACTTGCCAGGGTAAACTTCGACAAGATTCTCAGGAAGCTTGGCGGTTTGTGGCCAGAATACTGAACCGTGAACCGTCTTCGCCAATGCCATCGAGCCCTTGCTGACCGAGTCAGTCGCATCGGTGTCGACGACGATGTTTCCGCCCGAGTTGTTAGCGAGAGCCGCCAACAGGGCAATGTTTCTTTCTGGGCCGATCGCGAAGCTGGATACTGAAATTTGCTTTTCAGCCAGTCGCTTGACCGCGTCGGTGAATGAGTCCGTGTGGAGGATTCCGGCTCGGCTGATCCCGTCGCCAACGTAAACCACGTTGCGATTGCGGGAATCGTCTGAGTCAAAGCTCTCGATCGCGGTGTCGATCATCGACTCCATGTCCGTCGAACCCAACGCAACCCGGTTGCTGAGGTTTTCGATCGCGACCTGTACTTTGTCGTCGAGCGGACTCACGAAGCCACGATAAAGAGCGACAGCTTCGAGGTCGACTGCGAAAATCGCGACTCGGTCGTCACCGCTGAGGTTGCGAATGAAACCGCGAAGCATCTCGATCGAGTCTCGCTTGAAAGCACCTGTTTGGCTGGCCGAGGTGTCAACGAAAACGATGATATCGCTTGCTCGTTGATGGTTTTGGCTCTCGGGTCCGATGCTCAACGCGAAAGAAGTTTCGCCAGCGTCCTCAAACGTCGCCATGCGAGCCGGCGACGCGTTTTCAATTTGGGCTGCCAGAACTCCGGGGTTTGCAAACGACAAACCAACCAGAGCAACAAAAATTCCTCGAAGCGCGACTGTGGCCGTGCGTATCGACATGATCTACTCCAACACGAATTGTTTAACGAGGGCTCATCTCCCTCACGAATACGCCCGCCCGGTTTTGCCGGGTCATGGCCTTCT
CP042912.1_gap40	1587850	1592401	4551	TGAATGCCATTTCCGTTCGCCGAGTTTCTTTAGCTGCGAATCGCGCCAGCGAAGGGCCTTTTCCTGCGACTTCCGAATGCCGCCGTCGGAAAAGCGAAAGTACTTTGTATGCTCGACGCCGTCGCGAACGATGCGGACGACCCAGCCCTGCGGGCCACGGTTGATGTTGGTGAGTTTTGCCATGCTTCCATGATAGCAATAAACCATGTTGGCCAACATGGTTATTGCGAAAGTCATGACGCAAATTCGACGATTCGAGCCGTGTCGATGGGCGGCGAAGCTGTATCTCGATGCGGACCGTGGATTCGCTGCTTACCGCTTTGAATGGCTCGCCGGCAGGAAAACTCCATGCGGCGATAGAAGCGACGCTCCATCTTCAGAACCGTCGGATTCTGGTTCCGGGCTCTCATCTGAAGGCGAACTCTGGGACGCGTCGGAATCAAAGCTGTCGGGATCAGCCGTTTCATCGGCATCGTCCTTCAGGGAGTCGAATCCTCCGTACTCATTCGCCCGCATCGCCTCTGCATCTTCTTCAAATCGGTCTTCAATTTTCGAATCAGCAGGATTGCTCTCGGTATCGAGTTCATTCTGGTCGTCGTCCAGTTCTTCCAGGTCACTGTTCGATCTTGCCGGGACGAAATCCGCGTTCAACGGAGCCGTCGTTGGAAACATGCCCGCGGGTTGCGAACCATAAGACAGCGGTTGGCCATAGGCATTTTGTCCCGAACGCAACAGTTGCATTGGTGACGGTTGCAGTTCGTGCCCGTAGCGTGCCAGAAATTCCGGCGACTGTGAAATGAGGAACGAATTCTTGTGCGACCATGGATTGTAATAGCCTACGTCCGGGCCGGGATTGCAGCGATGATAGCCCGGTCCGTTACCATGTCCGAGAGCGCGAAGCGGGCGTTGCAGGACTTGATGGGATCCGAAAACTTGTGCCTCGCTGGTTTCGGTGCACAGTGCGAAAACGCCAAATGCCAAACAGATCCATCCAATTCGCTGTGCCATGACTTCTCCCGTCGAGATGCACCATAATTTGCTACTACGTTCGAACTCCGTTTTCGGGAGGACGCTTTATTGGGTCATCGCATTTGGGCCAGTCGGAAATTGATCTCAAAACGAACGAATCCCTGCAAAAGGCCTGTTCATAGCTTGGTAAATCGGTCACGTTAAGTCCTCGTTTTTTTCCGGTTATGCGGAAACAACCGTTCGCCTGCTCTTGCGGAAATCTTGCCGTTAATCGAAGATCCCGCACCAATAATCGTTGCTTCAAAGCCCACTTCTCAACCTTAGCGGCGCTCCAATCGCGCTACCAATTTTGAAAGCCAAAGCCATGCTGGACCTGGATCAATACGGAATCCAAGTAGACGATATTCGCCACAATTTGTCGCCCGCGACGCTCTATCAGGAAGCCATCCGACTCGAGAAAGGCGCCGCGATCGCCAATTCAGGCGCACTGATTGCCTATTCAGGATCCAAAACCGGTCGTTCGCCGACCGACAAACGCGTCGTGCGTCACGAGGACTCCGAGAAAGATATCTGGTGGGGCCCGGTCAACATCGATATCGATGACAACGTCTTTCAGGTCAATCGTGAACGGGCAATCGACTATCTCAATACACGCAGCTACCTGTACGTCGTCGACGCCTACGCCGGTTGGGATCCGGCTTACCAGATGAAAGTTCGCGTTATCTGTACGCGACCGTATCATGCGCTGTTTATGCACACGATGCTGATTCGTCCGACACGGGAAGAGCTGAAGACGTTTGGCGATCCTGATTTTGTGATCTTTAATGCGGGACGATTCCCGGCCAACCGGCATACGTCCGGAATGACGTCCAAGACCAGTGTTGACGTCAGTCTGCATCCTGGCGAGATGGTGATCCTCGGAACAGAGTACGCGGGTGAAATGAAGAAGGGCGTGTTCACGATGATGAACTACTTCATGCCCAGGAAAAATGTGCTGTCGATGCATTGCTCAGCGACGGCGGATCGCGAAAGCGGGACTTCGTCAGTGCTGTTCGGGCTTTCGGGAACCGGAAAGACAACTCTGTCGGCGGACCCGAAACGTTTGCTGGTCGGTGATGACGAGCATGGCTGGTCGGACGACGGGATCTTCAATATCGAAGGCGGATGCTACGCCAAAGCAATTGACCTGACTCCCGATTCGGAGCCGGAGATTTTTCAGGCGCTCCGCTTTGGTTCCGTTTTGGAAAACGTGGTTTACGACAAGGAAGATCATAGCGTCGACTTCAGCGACGATTCGATCACGCAGAATACTCGTGGCGCGTATCCGATTGAGTTCATTCAGAATGCAAAGATTCCCTGCGTCGCCGGCCATCCCGATGACGTGATCTTCTTGACTTGCGATGCGTTCGGTGTCATGCCTCCGGTTAGCCGCTTGTCGCCGGCTCACGCGATGTATCATTTCATCAGCGGTTACACGGCCAAGGTCGCCGGGACAGAGATGGGGATCGATGAACCGGAAGCAACGTTTTCTCCTTGCTTCGGTGGTCCTTTCCTGATGTGGCATCCGGGCAAGTACGCAGAGATGCTGGCCGAGAAAATCGAGAAGTACGACGCTCGCGTATGGCTGGTGAACACCGGTTGGAGCGGTGGAGGCTACGGCGTCGGTTCGCGGATGAAGCTCAGCTATACCCGTGCGGTGATGGATGCAATTCACTCGGGCGATCTGGACAAGGCTCCAACCGAAAAGGATCCTGTATTCGGTTTCGATGTGGTCACGAAATGCGAAGGCGTCCCCGATGAAATGCTTCAGCCGCGGCTGACTTGGTCGGACAAAGACGCGTACGATGCGGCGGCGAAGAAGCTGGCGTCGCTATTCTGTGACAATTTCAAGACCTACGCGGAAGGCGTCAGCGATGAAGTTTTGGCTGCGGCTCCAGACGCAAGTTAGCAATCGGCAAGTTAGCAATCGGGGCTGGTAGCGTACGCCGCGAAAGGCGATATCGCCTTCGTTATCGCTGATCAAGCAGTTTTTCGGCTTCGATCGAAATGCCAGATTGCATCATGGGGGCCTGACCGATCGTCACGGTCGCCAGGTGGGGCTCGCCGTTGCGAATCAGGGATACTTCAACGATGGAACCGGGCTGCGTTCGTTCGGTCAGCCGGTACAGGTTGTTGTAGTTGTGGACAGGGCTGTCGTTCCAAAGACGAACCACATCGTTTCGGCGCAGTCCAGCGTTATGAGCCGGAGAACCCGGTTCGACGCGGACCAGAAGAGCTCCTTTGAGGTCCGGCAAACCAAAGCGTTCCGCGTACTGATGGCTGACTTTGTAAGGTTGAACACCCAGAAAGCCTCGGACGACTTTGCCGCTCTCCAACAGTTGCTCGTAAACGAATCGGGCTGTCGCACTCGGCACGGCGAAGCTGATTCCCTGGAAAGTCTTGCCGTAGATCGATGCATTGATGCCGACCACATTTCCGTCCGAATCCACCAACGGCCCACCGCTGTTCCCGGGGTTAACCGCCGCATCGGTTTGCAGCAAATTTTTGACGCGACCGTTAGGATCTCCGATTCGATCCTTGGCGCTGATGATCCCCGAGGTCACCGTTTGTTCGTAGCGATACGGGCTTCCGACCGCCCATACGATCGAGCCGACTTCCAGTTCTTCGCTGTCGCCCCATTGAGCCGGAATCAATCCGTCTGCAGAGATCTTCAGAACCGCGATGTCGCTGATCTCGTCGCGGCCAACTTCGATGGCTTCATATTTGCGGCGGTCGTGTAGTTCAACCCAAATGCTTTCTGAGTTGTCGATCACGTGTGCGTTGGTGACGATGTAACCTTCTTTGTCCATGATGACGCCCGAGCCAAAGCCCTCCATCACGTCTGCCGAATCCCAGCCGCGACGAAAACCCAAACCGTCGTCTTCGCCAATCTTGCGAGTGCGGATGCTGACCACGCTGGGCTTCACTTTTTGAGCAACCAGCCTTGACGCCATGGAGACTTTTTTCAGCGGATGGCCTTCGAGGATCGTCACTGCGTTTTCGTATTCGGCACGCAGTTTCCCTTTCGTCGACGCGTATTGGTACTCTTCGACCAATCGCGGACCGACAAACCAGGCGGCCAGAAACAGAATCGATGCCATCAGGAAAAGCAAAGAGAAAAAAGAAGGTTCACCGCTGGCGACAGGGGCAACTTGTGGAGAGCCCGATTCGGGAGTCTCACGTACTGATTCGGAATCCGGCACCACAACAGGCTGAACCGGTTCCTCGGGATCGTGCGTTGGTTGGTTGGCTACCGACATGTTATTTATTGTAACGGGCGAGTTGCAATCGACCTACGGAATCTCGTACGGAACCGGGAATTCAAAGTCGTCTTCAACCGGAAGAATGGGCAGGTCGCCGATGGAAGTTTCTGCGGCTAATGGCTCGTTAAATTCCCGAGTTGGCAGCGTCGATTCCACCTCTGGCGGCATGATGTATCGGGCCAAATACCCTAAAGCAAAACCTGCCAAAACGATGGACGCTCTCGACTGCCATTTTTTCCCTGATTTCATGCCTCAATTATACGCGAAAGACAGCATTCGG
CP042912.1_gap41	1594479	1598950	4471	TGGTCCAGCTGCAATCGATTTTTCAGTAACCAGCTTGGATATTTTGAAAGGAACTAACGGCGGTGCACTTAGTTCAGATTTCGTCCTGAGTACGGGAGTAATGGCGGTCGGCGAGGTGATCGTTGTTGGAACTGCTGACATCGGTACCTACCTGACAGGCGAAGGCTTGGGCGCAGTTCAGTTCTTCGAAGAGTCGTTCACATTTAACGGTGACGATGCATTGCAAATCCAGCTTGGTGGAGCTATTCAGGACACTTTTGGTGTTCCCGGTTCAGATCCAGGAACTTCATGGGATGGCTCCTCGGTTTCAACGCGTAATCAAAACATTGAGTTGAGAGTTGGAATTACGACAGGCGATACCGACGGATTTACGGATCCGAGTATCAGGTTTTCCACTGTTTCGACAGCCCCATCTGCTGCAGGCGGGTTGGCAGGATTCGGGCTCGTGGCAGCTGTTCCAGAACCCACAACTGCTGTCCTTTTCGGTCTTGCCGGACTTGGACTTTGCGTTGTTCGTCGTCGCTCATAAGCCACTCGCTGGTTTAAGCTAAAGAAACAAGGAGTCGCCTTTCATGCATGAAGGCGGCTTTTTTTGTGCGCTTGTAGTCGTAGCCGCACTCGTAAGAGTTTGTCGCTATATTCGGATCTGGTGAAAACCACAACCCGACGCGTAACAGGAAATTTCATTTCTGGCGGATCGAAATACAAGCACGACGCGCTAGCGCGTGAGTATGCGCGGTGGACTCACACGCTTGCGCTTCGTGCTTGTATTTGCTATCAAAACCTCGATGTTGTCGCATTGCTGGACCAAAGTCGCTTCGGTGAAATTTCCTGGTTAGCGAGGTGCAGCTGGTTCCTCGCTAACGCGTCGGGTTGCGAATTAAGCGACAAAGTCGTGAAAGTTCGGGCAGCCAAACTAAACGCTCCCGAATTGTTGCCAATCCGGCTACCAAAGAGCCACATTGGTTCTGAACACTGAACACTGCTCTCTCGATCACCCTGCGCAGTCGCTGCCCTTGGCTTTGTGCATCCGACCGTCAGGGTGAGTCCCGGGGCCGTCTTCCGAGTAGAACTTCTCGATCGCCGATTCCCAGTCAGCGCGATGTTTGACTTTTACGAACGCACTGCGAACTTCGTTGTGCCGCGGGTGAAGGATCGAATACTTGATGCCGAACTTTCGCATCAACTGCCCTACCCTGCTCTCGCCGTACAGCGATTCGGCCAACCGATAGTGCTCCAGCAAAATCTCGCGCTGCTCGTGAAGCGTTGGAGGGTCCGGCATCGGCTTGCCATCAGCAATCGCGCGGGTTTGTTGAAAGATCCATGGGTTGCCGATCGCTCCCCGGGCAACTGTCACGCCATCGACTCCGGTTTGAGCAATCATGTCCAGACAGTCCTGAGGCGTAAACAGATCACCTGACCCCAGCAAAATCCTGTCGCCCAGATGCTGTTTGACCTCTTTGAGAAACTCCCAACGACTGGGGCCGACGTAGCGCTGTTTAACCGTCCGGCCGTGGACCGTGACTCCGGCGATGCCGATCGCAAACGCACCGTCCAGGATTTCGAAAAACTGATCGCGGCTCTGCTGTGAATCATCGATACCGCGTCGCATCTTCACGGTGACCGGAATTTCGTCAGGCACGTTTTCACGTGTTCGTTTGATGACCTCCAGAGCAACTTTCGGCTGGCTCAGGTGAAAACCGCCGCGGCAACGGCCCAGCACTTTCTTGACCGGGCAGCCGAAATTAATGTCGATGACGTCGAAGCCGGCCTGCACGAGCTTCATGGCTCCGGCCGCAAACTGTTCGGGCTCGGCTCCCATTAGCTGCCCGCCGACAGGATGTTCTTCGTCGGAAATGTGTAGAAAGTGGCTGGTGCGTTTACGCTCTTTTAGCTTCACCAGAAACTCGTCCAGCATCACTTCGCAAACCGTGTAGGGCGCGCCGAGTCGTCTGGCGATCACACGCATCGGCCAATCGCTGTATCCTGAAAGGGCGGCTTGCACGACAGGAAAACCGATCTTCAGGTTGCCGATTTGCAGGGGTTTGAGCTCGGTTTTTGTTTGAGTCGTCGACACGGGGCGGGGCACAGCCAAGTTGGCCTGTGTTGTGGGGAAAATATCGGATAGAAACGGTGTAGCATCACGGTCGGATCGCGGTGAAACGCAAACGGACCAACATTGATGCAGTACGCCACAACTCACAGCAATGACATCTCATCGAGAGCAACGTTCGCAAATTATAAATGCTCGACCAACTTTTTGGCATCCTGATTGACTATTGGCCATTTTGGGTCGGTGTCGCCGTGTTCGCAGCCATATTTCTGCTGCTGCGAATGTACTCGACACCCGCGCCGATGCCGTACTTCAAGCGACCGTCGCTGGTGACCAAAAACGAGCTTCGTTTCTACAAGTCGCTTCACAAAGCCGTTTTGGACGATTTTGAAATCTTTGCGATGGTCCGGATCGCGGATTTGATCCGTGTCGAGAAAGGCTCCAATAACGGTAGGAAATGGCTGAACAAGATCCTTTCCAAGCACATTGACTTTGTCCTTTGCGACCCGGGATCGCTTGAAGCGGTTGTTTGCATCGAACTGGATGACGCGTCCCACAATCGGCCAGACCGAATTGAGCGGGACAAGTTTGTGAACGATGCGTTCGACGCTGCCGATTTGCCACTGCTGCGAATTCCTGTTGAACCGTCCTATAATGCGCGTGAAGTCCGCAACCTGATCGATGCTGCGTTATAAAAGTGGCTCAGCCTTTTCCAGGCTGCAACCCTTCAGTTCGTAGCAGATTAGTCTGTCTCAGGCTGAATCCCTTTAGTTCGTAGTAGTTCAGGCTGTCTCAGCCTGAATTGGTTTCGTACGCCAGTCATTCCCGGACTGACGATCAAAACCATCCAGCCACTTCTGGATGGGCCCAACACACTCAAGTGAACCTCATGATCAAAACGATAGCAACCGTCCTTGGCATGTTTTTACTCTGTATGCCGACCACGGTGACAGCACAGAACTCGACAAAGAAAATTCGCGTCGTGCCCAACGCGATCTCTGCAAAGATCGGAACAGCGATCGAATGGCAGTCGGATTTTGAAGAGGCCCGCAGGATTTCGGCCGAGACCAAAAAGCCGATCTTCTGGTATGTGCCAAGATTGGCTAACACCTTCATGGACCGAAAGAAAGAAGTGGATCGCTATATGCGGGCCGGTCCGTTTTCCGATCCATCAATCATCGCCTCGGTCAACGAAAACTATGTTCCGCTGATGGCGATTCCAAAAAAGGCAGAGGCGGAAGCTTACGAATTGCAGCCCTTTAAGTTCATCGAGCCCGGATTTCTGGTCGTTGAAACAGATGGCTCGGCGTCGACAACGCTCGATCGGATCACGACGATGAACTCGAAATGGTTAGCCAGCTTTCTCAAGCCCACAACCCGGTTGCCTGAAGCGGGCGAGGCGCTCAAGAGAGCGCGACGATTGTTCGCTGCCGGTGAGTACGGGAAATGCAGAGCGATTAATCGAATGCGGCACTCCGAAGACGACATGGTCGAGCTTCAATTGATTGCAGCCATGGCAACGTTTCGCAGCAACGAACATGAATCGGCTTTGCAGCAATTCGCTGCCATCGGCGAAGCGTTTCCGAATCATCCGCTGGGCTGGAAAGCTGCCGCAGAGGCGCAACGAATTGGCCCGTTTGTGCGAGGATTCGAAGTCTTTCGTGAATTGCCGGACGAGACGTACTTGAACGCGGGTCGCAAATCGAAAGGGTCCGCGGCACCTGCGAATACGTTTGCTGAAGAGCAGCTTTGGCGGCGCGGCATTGAGTTTCTGTTGTCGATGCAAAACGAAGAAGGCGCGTTCAACGATTCGGATTACGATTTCGGCGGAACCGATAGCTTGCCCAACGTTCACTCGGCCGTAACATCAATCGCAGCGATGGCGTTGTTGGAAGCTCACGGTCGACCAGAGCTGAAAGACTTGCAGCCTCGTATCGAGAACGCGATCAAAAGCGCTGCGGCTTACGTCAGCGATGAATCAAAATTGAACTTGCAGGACAAGGACGAGATTTTCTGGGCCTATCTTTACCGACTTCGATTGTTCAATCGTCTGCAGTCCAAATGGCAAACGGGAGCGGAAGGAATCACGGAAAGTTTGAAAGCTTTGGCCAGCGTGCAAACTGCTGGTGGTGATTTCTATCACGAGTACAACAATCCGTTTGTGACGGCGTCAGCGTTGTGGGCGATGAAGGAGTCAGAGTCGCTGGGTGCTCAGGTCGATGCGTCCTGCGTGGAGGCGGCGATCGCTGCGCTGACGAAATGCCGATTCGCCAACGGGGCCTGGATGTACAGCAGTCCGCGGAACGGCAGCGCCGCGGGAAAGGAAGCCAGTGAACGGCGGACGATCGGAAGCGCGGGTCGGATGCCTCATTGCGAAGGCGCTCTCGTGATCTGGGATCGTGCCGATCACGATGGCCT
CP042912.1_gap42	1604815	1606132	1317	ACCAGCACGATCAGCGAGCCAAAAAAGAAGCCGATTGAGATCAGCATGTCCGCGTTGCCCGTTAGCTCGATGCCGGAAAACTGGATAGCCAACGCCGTAAGCTGTGGTCCGACGAAAAAGAAAACCATCCACAACGCAAACGTTTCGATGTAGATGTTCAGCGAACTTCCCCTGGTTTGAAACTTCGGCGTCAGTCGACGGGTCGCAAACAGGACGGAGTACACGGCTGCCATCGCGACACCAGCCATCAGTGTCAGCAACACCAACGCCATGAATCCCATCATCAAGCCCATCGACCATGTCGCGTCCGACAACAGCTCCTTGCGCGTTTCAGTATTGCGAGTCCCTTCCGGTACCAGTGCCAGTTCTCCGATCCAGCCAAGTTTTGCTTTCAGGAAATCCCGATCCTCGTCGGAAACCGCAGCCGGATCGAAATCGTTCTGCTGGTAACTTTCCAGCAGCGTCGCAACGATGTTTCGCAGCCGAGTCTGATCATCGCTCAACTCAAAGTCGGCATCTGCGGCTGCTTCATCGAGTTCAATCAGCTTCTGAGTGGCTTCGTCGGGCCCGAAATTTTCATTCACCAGCAACACATAGCACAAACGTTGCTCGTAGGTTCCGTCGTTGAGTGCCTCAGGAATTGCCGCTCCGGAAGGCTTCTTTTTCGCGTCGTCGCGATCGGTGTCCTTCTCTTCATCGTCCGTTGTCGATGCTGTAGCTGTGCTGCTTCCGCCACCGGTGAAACTCTTTTGGCCAACAAGCGTTCGGCCTTGAAGTTGGACGGGGAACAGGTCAGAAGCCGTTGCTTCAGTCCGGGTTTCTTCCGATGAACGCGAGAAAGCCGTCAGCGTGATCATGGCCGTCATGACGATCGCCACCGTCAGCCACGCCAGCTTTCCGCCGAGAGAAAGGGACTCGTGATGGACGGGTTCTTCGCTGGGGTCGTGGTCCGAGATGACGTCGGGTGTCGCAAACGGGCTGACTGGTTCAACGGGTTCGTTTTCAGGTTCCACTTTATCAGCCACTAATTTTGCTCACTACAGAATCGAATGTCACATTGTATCTTGACGGTCGGAATATCAACCCGAACCCTCTGGAAGCCGCGGCAATTGGAGCGAAATCTGGCCGCAACGCTGCGGGTTGTACAGTCTATTGACCGTTCGCCGTCAGGCTGGCCAACGCGACAATTGCGAAAGAGGTCGCAATCAGAGGGTCATTTTCCCGCATGAGAGACGATTCGTTTTGGAAACGTCCATTGTCTTGGGCGTCCGCGGCGACGGACAGCAAAACTTCATCAGCGAGCGAACGTTGCCATTG
CP042912.1_gap43	1618320	1621931	3611	CAGGACAGGCTTCCCGTCGACGGCACTGACCGTTTTGCCTTGTTCGTTTCGTTTCCAACTTCCGGCAGGTCCGGCGACAATGATTTCGCCAGAATCCGGGTCGAGGATCACGTAGCGGATCTGAGTAAGACCAGCCAGATACAGCATCGCATCGGTCGGAGGCAGTCCTTGGGCCGTACGTTTCTCCGCAGCACGCTCCAACCGCGTCAACGAGACCTTTCTCAGATTCGATGTCTTGTGTACAGAGCCGCGTTTTGCGAGCTCGTCGTCAAAGTCAGCCAGCGACGCCAGCGTGCGGTTGCTTCTCGGAATTCTGTTCAGCACGCCTCTCGCATCGACAAATACGCCTGTCGGATACGGCGACATCGTTCCATTGCCTCCGCCGTTGTTTTCCCAGGTATCCGAGGCAACGGTGTTCTGGATTAGTTGAATCAGAGTGTTAAAGTCGTTCGCGGTGATTCCGCCCTGATCGCCACCGCCGTTCTGGACCGTTCCTGACATGCCGCCGCCACCGGAAAAGAACGTGTCGCCGCTTTGCAGCAAACTGTAAGCTCGACTGCGGGCTTGGTCGTCATCGATCGATGCAACGGTCTGTAACGCGGCTTCGTGTTCGCCGATGCCGATCTGGGAGTTGGCGATCTGCTGCAGCGCAGTCGCGTTGTCACCCGCGGCAGTGATCGCCGCCGAGAACTCGCCGTCTGAAAGATACTGTTGAACTTCCTGAGCAAGACATGTCATCTGCAAGCCAAGCACGAGAATCGCGACCTGCAGAAATTTTGCAACACAGTTTTCAACGCCAAGTGAATGACTCATGCCAACCTCCTCTGTTTTCGCCCCACTTCGAGTATAGCTGTCAGCCATCCCTAGTGCCACGTCGAGATTTCATTGGCCGTTTTCTTGGCGATGTCCGGCACGAGGGCTCCTGCGGCGGGCTGTCCCACGACCAAAACGAGAAACGGCCGTTCATTTGACGGTCTGCCCAAAATTCTGTTGAGGAATTTCATCGGGCTGGGCGTATGGGTCAGAGTTGCACAACCTGCATCGTGCAGAGCGGCAATCAGAAATCCGGTGGCGATGCCGACCGATTCGCTCACGTAGTAGTGTTTGACCTTTTCGCCGGTTTCGTCGAACCCGAAAGTCTGTGAAAAAATCACAATCAACGTTGAAGCCGTTTCGAGAAACGGCTTGCTCGCGTTCGTCCCCAGCGGCGCCAACGCGTCGAGCCAATCCTGAGGGGCCTTGCCGTGATAGAACTCATATTCTTCCACTTCCGCAGCCTTGCGAATCTCAGCTTTGATCTCCGGGCTTTTGACAACGCTGAAATGCCACGGTTGAAGATTTGCCCCGTTCGGTGCCGTTCCCGCAGCGAGTAAACAGTTTTCGATAACGGCGTCGGGTATCGGAGCGTCGGAAAAATCGCGAACGCTGCGCCGGGTTTTGAGATGACTATAGAAGTCCGCAGAACGTTTCTCCATTTCCTCCGCAGGCCTGGTTTCAAAATTTTTCAGCGGAATGTGGTTTCCTTTTGCCATGTCGGGCTCGTGCTTTGAAGGTGGAGAGTTGCTGCGGTTTGAGTTACGATAGGCAGACAAATTTACAATAATACGATGCTTCGCAAGCCCTGCCTTGGCTTGAGGAATTGTCTTTTCAAAATCGGGATGCGACCAATCACTGCCAATAACATTCTTCGGATTCGCTTCCTGTTCACACGATTGTTTTTGTTGTTGGTTGCTGCGTCTGCAATTGCCGGCAACGTCTCGGCGGACATCACGTTGCCGCAACTCTTTTCTGACCACATGGTACTGCAGCGACAAAGCAGCGTGCCGGTGTGGGGCACTGCGACACCGAATGAGAAACTGATGATCTCGTTCGGTGAGTCCGAGTACAAAGTGACGGCCAATGCCGGCGGACGATGGTCAACCATGATTCGCACCGGTGGCGCCGGCGGTCCGTTTGAGCTGGGCGTGTCGTCGGAAGATTCAGATTTGAAAGTCGGATTCACCAACGTCATGGTCGGCGATGTCTGGATCTGCGCTGGACAGTCGAACATGGAGTGGCCGGTTAATAAAGCACTTAATCCGGAAACCGAAATTGAAAAGGCCAAGAACTTTTCGAACGTCCGGCTGTTTTCGATCGAGACGTCTTCGTCGCCAACTCCGCTGGAGGATTTTGGCGTCGTGACTCCATGGTCGGTTTGCGGTCCCGATTCAGTCAAAGAGTTTTCAGCCGTAGGCTATTTTTTCGGCCGCGAGCTTTCACGGAAACTTGATGACGTTCCAATTGGTCTGATCGATTCGACCTGGGGAGGCACGCGATGCGAAGCCTGGACGTCCCGCGAATCGCTTGACGAAGTCGAATCTTTGGCGCCGCTGTTGAAGCACTGGGACGAACAAAAAGAATTGGTGACCAGTCGGAATCACCCCGCCAATATCTACAACGCTATGGTCGCTCCAATGACCCGGTTTCCAGTGCGAGGATTTATCTGGTATCAGGGCGAAGCCAACGTTGGACGCGGTCACCAATATGGAACTTTGTTTCCCACACTGATCAGTGATTGGCGAAAGCAGTTTGGTTCGGAGGAACTGCCGTTCTACTTCGTTCAGTTGGCACCGTATAAGTACGAGGGCCGCGGCGAAAACGCATTGCAGGAACTGTGGGACGCTCAGCTGAAAACAGCCAAAACCGTTCCCGGAACAGGGATGGTCGTGACAACCGATGTTGGGAATCTCGAAGACATCCATCCTCGCAACAAGCAAACGGTCGGGCAACGATTGGCGCTGCTGGCGTTTGGCGACTGCTACGCGGAAGAGCTGAAAGACAATCCGGTTGAAGGCGAGACTTGCGGTCCGTTGTTCGAATCGATCTCGAAGTCGGGTGCTCAGGTTCGAGTCACTTTCAAACACGCGGGCGAAAGTTTGCGACTCAGAGGTCAGGATACAACGCTAAAAGGGTTCTCTGTGTGCGGCGAAGACCGTGTCTTTCATCCTGCCGTGGCGACGATCGTTGACGACGTGGTCGTCGATTTGATCTGCTCGAAAGTTCCAGATCCTGTGGAAGTTCGCTACGGTTGGAACGCAGAATTCGAGATGAATCTGACCAATGATTCTGGCTTGCCGGCGTCTCCTTTTCGCAGCGACGATTTTCCGCTGGCGTCTGAAGGTAAAAACTTTTAAATCGGGTCGGCCAACGATTTTCGTTCGTCACGGTTTGGACTTTTGAGGCTTCAAACCGCCGGGATTGCAGAACGCCGATAGAATTCAACGCGACGTCGGTTAAATTGTCGGGCTCCGATCACTCACTCGCCTGACTCGCGCGTCACGTTTTTTTTTCGAGACGTTGTATCAGGCAGATTTGCAAGAAGTTACCGCCATGCCCAATCGACTGGAAAACGAATCAAGCCCGTACCTGCTTCAGCACGCCAATAATCCGGTGGACTGGTATCCATGGGGCGAAGAAGCTCTTGCTCGTTCGCGCGACGAAGACAAACCGATTTTCCTGTCGATTGGATATTCGGCGTGTCACTGGTGCCATGTCATGGAGCACGAAAGTTTTGAAGACAACGCGATCGCGAAACTGCTGAACGAAAATTACATCGCCATCAAAGTCGATCG
CP042912.1_gap44	1623363	1623967	604	GGAGATTCGTCCTACGTTCAAATGGCGCACGACACGATAGAAGCCTCTGCCCACGTGCTCAATCGGGTTCCGCACGCGGCAGCTCAAATGTTGATTGCCCTAACTCTGTCGTCGCAACCTCAGCGAGAGATCGTGATTGCCGGCGACGCCGAGAAAGCCCGACTGCAGATGCAGCAACTGGCTAAAAAATGGATTCCTGGCGTGTCGTTGATTCTGGCTACCGACAAGGACGATGCCGAATCCGGGCCGCTTGCGTCGGTGATGGAAGGAAAGGAGATCGACTGGGACTCTGTAACGCTTTTCGACTGCGAAGGTTTCAGCTGCAAACTTCCTGTCATCGGAGAAGATCAAGTTTCGGCATGGATTGATGCGCTGGATGAGGTGGCGGGTTGAGTCAGCCTTCGAGTCCGTATTTTCCTGCTGATGCCGCCCCGCGATCGGTTTATGTTCACGTTCCGTTTTGCCGGCACCGCTGCGGCTACTGCAACTTCGCACTTGTTGCTGGTCGCGACCATTTGATCGATCCGTTTCTTGACGCTCTCGAATCAGAAATCGAATCGATATCCGGAACGTTCGAGATTGATACGCTGTTTTTCGGCGGCGG
CP042912.1_gap45	1672108	1675620	3512	CCAACCGGGATCAAGCGCTTGAAGGCCGTAGTCACCAAAGACAACTTTGTTGCCTCGGGTGGCGTTACCTTTTATATGACCTCTTTGGACTTTTCGATGCTTGACCCGTCTTGGCATCTGCGCCATTGTCTTCGTCTCCGTAGTTACCCTGGTTAATCCAAACCTGAACGCCGATGTGGCCCTGAGCCGTTAGTGCTTCGGTGAAACCGTAATTGATTTTCGCACGAAGCGTACTCAGTGGAATGGATCCGCTAATCTGTTTTTCGCGACGAGCCATTTCTGCCCCGCCAAGTCTTCCAGCCAATTGAATCTTGATGCCTTTGGCACCAGCATCCATTGACTCTTCCGCTGCACGCTTCATTGTGCGTCGGAAGCTTGATCGTCGAGTCAGCTGTTCAGCAATTTTCTCGGCTACCAACTGTGCTTGCATGTCCGGTCGGCTAACTTCTTCAATCTTCAGATTGATTCGACGACCGACCAGGTTTTGAATTTCGTTTTGAAGTCGTTCGACTTCCTGACCTTTTTTACCGATGATCAAACCCGGACGAGCAACAAACAGTGTGACCTTGACTTCGTCACGCGTTCGCTCGATTTCAATCTTGTCGATCCCAGCCGCTTTGTAATTCTGCGTTGGATGCTTCTTGATGAAGTCGCGGATCTTCTTGTCTTCAAGAAGGAATTGAGCGAATTCACCTTTCGATGCATACCAGCGACTCTTCCACGTCTCCATGACGCCACAGCGGAAAGCAACCGGATTAACTTTTTGACCCATAGTATTCTCGTTTTCGTTCTCTAAGGCCGACCAGTCTGGCCCGCCAATCGAAAGTTAAACTTCTTCCAACTTGATACGGATGTGCGACTGTCGCTTGAGGATCATCCTCGCCATGCCACGTCCGCAAGGACGAACACGCTTGAACATCGGACCGCCGTCAATGCAGGCTTCCGACACAATCAGTCGATGCTCATCAACAATACGTCCCGGGTTTTGCTCAGGATCCTGAGCATTCGCCAGTGCCGCCTTGATGGTTTTCTCAAGCATCCGGGCACCGCGGTGAGGCTGGTACCTGAGGATGTCGAGCGCGTCATCGACGAACTGACCGCGAACCAGGTCTGCCAAAGGACGGACCTTGCGAGCGCTGATTTTCGCGTATCGTAATTTTGATTCAAAAGCCATGATTTGTTCTCGGGTTCTGGCAGACTGCAAACGCAATCCGCACATCACTACTTCTTCTTGCCGCCACCGTGTCCACGGAAAGTTCGCGTCGCTGCGAACTCACCGAGTTTGTGACCGACCATGTCTTCAGTTACGTAAACTTTCATGTGTTGACGTCCGTTATGGACCATGAAGGTGTAACCGATGAACTCGGGCACTACTGTGCATGAACGAGCCCAAGTCTTAATTGGTTCTTTCGATCCCGCTGCTTCCGCTTTTTCCACTTTGGCGTAAAGCTTCTCGTCCACGTAGGGACCTTTTTTCTGTGATCTGCTCATAGGACTTATTTAACTTTCAGCTGACCGTAACGCTTGGACTTACGACGACGAACAATGGCCGCGTTGGAAGCCTTCGCCAATTGACGAGTGCGTCCACCTTTGGCTGGCTTGCCCGATGGGCTAACCGGGTGACGACCACCCTTGGTACGACCTTCACCACCACCGTGTGGGTGATCGATTGGGTTCATCGCGGTACCACGAACAGTCGGGCGTCGGCCCAACCATCGGCTTCGACCGGCTTTACCAAGCCGAACCGAACTGTGTTCCGAGTTTCCGACGCGACCGATCGTTGCACGACAGGCAGCAGGAATACGGCGGATCTCGCCACTCGGCAAAGAGATCTGAGCCCAGTTGGCTTCGCGAGCCATCAGCGTGGCACTTGAGCCTGCACTTCGGCAAAGAATCGCTCCTTGACCAGGACGCATCTCAACGTTGTGAATGACGGTCGCCAAAGGAATGTTTTTCAATGGCAAGCAGTTACCGACTGTCGGAGGAGCATCAGGACCGCTTTCGACAGTCATGCCCTTCTTCAAACCTTCCGGCCAGATGATGTAACGCTTTTCGCCGTCGGCGTACTTCAGCAGCGCGATACGAGCACTGCGGTTTGGATCGTACTGGATCGAGTCAACGAAAGACGAAACTCCGTCCTTGCTTCGCTTGAAGTCAATCACGCGATACATTCGCTTGTGACCACCACCGCGATGACGAACCGTGATCTTGCCCTGGTTGTTGCGACCGGCGTGCTTTTTCAGCGGACGAAGAAGTGACTTTTCAGGCTTGGCACCCTTGGTCAACTCCTTGAAGTCGCAAACGCTGGCGTCGCGACGCCCAGGCGATGTCGGTTTGTATTTTCTAATTCCCATTGTGTACTCCGGAAGTTCCGGGTTTAACGTTTGATGATTTGAGTTCGAGGCAACAGCCGCGTCTGACTAGAAGAAGTCGATGCGATGCTCGGAATTGAGCTTCACGATTGCCTTCTTCCAGGCCTTGGTTCGCCCCCAGGTGAAACGGTAGCGACGCGGCTTGCCCTTCCGAGTCTGAGTCGCAACCTTCTCGACCTTGACCTTGAACAGTTCTTCAACTGCTGCTTTGATCTCAGTCTTGGTCGCCAGAGCATTCACTTTGAACGTGTACTGGTTCAACTCGTTTGACTGATAGACGCCCTTCTCGGTAACCATCGGCTTGATGATCACTTGGTGAGGTTCCAGCTTTGGGCCTTTGCGTGGTGCTGGTGGTTTTCTCTTGAGTCCCATGATTACGCCTCCTCGCCTGATGTTGCTGCTTCAGGCTGAGCCTTCGGTGGCACGCCGTTTTTGAGCTGGTCCAGAGCTTCGCGGGTGAACAAAACCTTCTTGGGCTTGAGCACCTCGAGAGCATTCAGATCACAAACTGGCATGACCGAGACGCCCTGAATATTGCGAGCACTTTTGTGAACCGCAGATGAAACTTCCGCTGTTGCGATCAATGTTGTTGAACCGCAGAGCCCCATGCCCTTGAGCATGCCAGCGATTTCGCTTGTCTTGGGTGTTTCCATCGCAAGCTTGTCGATCACAGCGACTTGCTCATCGCGAATCTTTCCAGCGATTGCCATTCGAGTCGCAGCACGAACAGCCTTGCGAGGAAGACGGTAAGAGTAATCGCGAGGACGACGAGCAAAAGCATGCCCACCACCACGTCGAATGTTACTTCGACGGCTACCGGCACGTGCATTACCAGTACCTTTCTGGCGATACATCTTCTTGCCAGAGCCGGCAACTTCCGAACGGCTTTTTGTTTTGTGTGTTCCCTGACGAGCACTGGCCTGATACATCACAACGACATCGTGCAACAATTGCTTGTTGATCGTCGCCGAAATATCTTCCGGGCTAATCTCGTACTTACCGACTTCTTTGCCGGCGGAATCGTAAACTGGCAAACTCGCCATGACTAAACCTAAATAACTGTTTTAACTGTTCTCAAAACTGCCTGAACACAAACGAACGACTACTTCTTCATGTTCGTTTCACGGATGACAAGGTAGC
CP042912.1_gap46	1685455	1686544	1089	GGATCGTATCCGTGAGCAGGTGCAAACGACTTCGAAGCGCATTAAGCGACTGGGTGAATCATCCCAGGAAGTCGGCGAGATCGTTCAGCTGATTTCTGATATTGCTGACCGAACTTCGATTCTGGCTCTTAATGCTTCGATTCAGGCCTCGATGGCCGGTGATGCCGGTCAAGGTTTCGCTGTTGTTGCTGAAGAAGTCGAGCGTCTCGCTGAGCGTTCGACGGACGCGACAAAGCAGATCTCGACGCTGATCAAGGCGATTCAAACGGGTACTTCCGAAGCAATTTCGGACATGGAAGAAGCGACACGCGAGGTGGTCGAAGGATCACAGCTGGCGACTCAGGCCGGTCAAACGCTGGCGGAAATTAACGAGGTATCCCAGCAGCTGGAAACTTCCATTAAACAGGTTTCCGATTCGGCTCTTGAACAGGCCGCTGCGGCGACTCGAATTGCTTCGACGATGAACAACATTTCGACGACCACGAAACAGTCGGCCGAAAAATCCCGTTCTGCAACCGAGCAGGTGACTGCTTTGGCAACGTTGGCCAACCAGTTGGGTGATTCTGTTTCCCGATTCCAGCTTGAACAGGGCGAGGATCAGGCTTACACGGTCATGAATCAGGTTAACGAAATGTCCGAGATCGCATCCAGTGCGACGCGATCGACTGCGAACACGACGCTCACACGTCTCGTGTACACAAGCGTTCGGACGGCTTCCTGCAACGACGCTGCGGTTGAAGACATCGTTGCCTCGGCTCAGCGAAACAACCCGCCGCTCGATCTGACCGGGGTTCTGTTCCATACAAAGAACCGATTCCTGCAAGTTCTTGAAGGACCTCACGATAACGTGATGGAAACCTACGAGAAAATCGTCGAAGACACGCGACATCGTAGCGCACTGGTTCGCTTCTGTGAGCCAATTCAGCAACGTCACTTCGGCAACTGGGGAATGGGGTCGTCGTTTGTTGAACAGGAATTGATGCACGGATCTGAAATTGACCGCGCTGTCTACGATGCAGTTGTCCATGGAGACACCGATTCGTTTGGCGACTCGGGAATGGATGTGTTGAAAGACTTCCTGAATAACGC
CP042912.1_gap47	1688175	1691224	3049	TTTCGCTGACCGTATCGAAGAGATGAACTCATCGTTGGATCGTCTGCGTACGGTCGCCAGCGATGTTGAAACTCGCTACAGCGTCGAAGCCCTTCAGGCTGGAAAGCTTCGCGAACGAGGCCTCGGCGTCAACCGAATCAAGGCGACGCTGGCTGGCAACGAAGCCACCGACGAACTCGATTCGCTTGAGTTTGATCGCTACACCGACTTCCACTTGCTGGCTCGGTCCTTGTCGGAAGCCACAAACGACATCGCGGTGATCTCATCCGAGCTTCGCAACCTGCACGGCGACTTTGATTCCTTGATCAACCGTCAGCAACGATTCAACCGCGACGCTCAGTCAAACCTGATGCACGTCCGCATGGTTCCGGTCGGCAACATCGCCAACCGGCTCGATCGCACGATCCGATCTGTCTCGAACAAGCTTGGCAAGAAAATCGATCTGGCCATCAGCGGGGAGAACACGGAACTGGACAAAACGGTACTCGAAGAAATCACCGATCCGCTGTTGCACTTGATCCGCAACGCGATGGATCACGGAATCGAAACTCCGGCACAGCGACTTTCTGCCGGCAAGCCCGAACGATCACAGCTTCGGATCGAAGCCCTCAACCAGGGAACTCAGGTGACGATTCGCGTGATCGATGACGGTCGCGGACTCGATGCGGAGAAGATTCGCCTCAAAGCGGTCGAACGCAAGCTGATCCGCGAAGATCAAAAGCTCACCAAAGAGGAAACTCATGCGTTGATCTTTACGCCAGGGTTTAGCACTGCGGACGCTCTGACCGACGTTTCCGGTCGCGGAGTTGGCATGGACGTCGTTCGCGAAGCCGTTCAACGACTAAAGGGAACGATTCAGGTTGAAAGTGTCGTCGGAGTTGGCTCGACGTTCACGATTCACCTTCCGACAACGCTCGCGGTTTCCAACGCACTGCTGGTCGAATCCAGCGGTCACACGTTTGCAATTCCGATGCAATCTGTTCAGCAAATCAAACGACTGGATCCGACAGCGGTCACCAAAGTCGGTGCTCATCCGATGATCAACCTTGGCGATCGAATGCTGCTGTTGAAAGATCTTGCCAATCACATGGAACTGCGTTCCGATCAGGAAAAGTTCGAAGAAACCAAAGCCATGTTGCTGATTCGAACCGGTGACGATGAAGTCGCGGTCACGATCGACTCGATCGAAGGCGGTCAGGATATCGTGGTCAAAAGCCTTGGAGACCACCTGCGGCACGTGCCGGGCTATCTCGGAGCCACAGTCAGTGGTGATGGTACCGTGATTCCAATTCTTGATCCTGCAGATCTTTGCGGTCAGGAATCGTCTGCGAAACGAGCCAATCGGATGCGTCGACGTTCAGACAATGCTCCAAAAATTCATCGCAAGACAGCCATGGTTGTCGATGACTCGTTGTCGGTTCGCCGCGTAACGACCAACCTGCTGCGTTCGTTTGGTTGGGAAGTCATCGATGCCAAAGACGGCGTCGACGCTCTCGAGAAACTTGCGGCTGCCGATACGCCTCCTGACGTCTTCCTTTGCGACATGGAAATGCCGCGGATGGATGGTCTGGAGCTGGTCAGTCGGATTCGCAGCCAGGCCGAATTCCGTACGACTCCCGTCGTCATGGTGACATCGAGAGCCGGTGAAAAGCATCGCAAGTTGGCTCGTGAAGCCGGCGCTGACGAACATGTCGTCAAACCGTTCAATGACGAAAACCTGATCGGACTGATCGATCGCATGGTCACCGAACATCGCGAACTGGTCGGAGTCTAACCGCGACTGTAAAAAAATTCTCCATTTGTAAGCTGGGACTGCCCACCAACTTTCTTACAAGGAACCACGATGTTAACTCAAACTCCAACCCTCACTGAAGCATTCCATCCGGAACAGCTCTCAGCAGGTCGATCGAACCAGTTCGTGCGCGTGCGAATCGGTGAAATTGAACTGGTGATGGGAACGAAATATCTTTCCGGCGTCTATCAAGCTTCGCGGCAACATCGACTAACCGAAAACAATACGGTGTTGACTCCGAAGGGAGAATTTCCTGTTGCGTCGTTGAACGATGTGCTGCAGCAAAAGTTAAATCTTCCAATCACCAGTTTCGAAGGTCGCGCTCTAATCGCCGTCGGAGTTGACGGGCAAGTCGGTATGCTGCGAGCCGACAGCGTGTCTCGTCCGGCCTCTATCAGACCAGCCCACGTTCACCCGATGCCAAAGGTCGCTCACGACGAATCCGAAGGCTCGCGGCTGATCCGTTCGGTTGTGAATGTGGAGCCGTCGGCGGCCAATCCAAACGATTGCGTTCGATTGGAGTTTGATCCTCGCGTGGCGCTGGGGATGACAGTGCCGGCGGAACCAGCCGACCAACCGAATCCGCTACCCAAGGAAGCTGCTTCGGCGATCGCGGCGGCAGTTGCGGCGACATCGCGACGCGGATCCCAGGACAATCGCAAATCGGGCCAGCTGCTCGCGTTCATCCCCGACGACGTTGCCAAAAGCGAAGTCGAACAAGTGTTCTGCCTTCCGCTGACAGCCGTCGCCGAAGTCGTCACGACTCAACGCCATTTGAATTCGACCGTTTCGTCGGATGTTTTTGACGGGTTCGTCCTGTGGCGAAAAGTCCCGGTGCCGATCGTTCAGCTGGGAAAAATCTTTGGCTTTAACTTAGAACGCGAAACAGAATCAAGTCGCCGACTGGTGATCGCACGAGCGACTGGAAATCGATTCCTTGGCTTTTACGCACAGCCACAGATGCAAACCATGAAAGTGCCAGAGTCCGTCCCTGGCAGCAACACGCTTTTCGAAGGCCGCCCGCATCTCGGATGTTTTCGTACTGAGCTGGGAGAACTTGTGGTCCCGGACCTGAATCGAATTCTCGACAACGGATTCTAGGCACTGTTTGGTAGATGTGAGCGGCAAGGCGCTAGCCGCCGTTGCGTTGCGCTTTTTAACGGCGGCTAGCGCCTTGCCGCTCATGTTTGGCCGCGTTGATGACATGAAAATCAATTTGTCAAACAGCGCCTAGTCGCTTCTGTTAGTCGCTACTGT
CP042912.1_gap48	1736879	1739680	2801	CTTCAAAGACCGCGGGCTTTTTCGTCAGCTTCAGTAGCTCTGTGCCATCTGGTCGTCGCACAATGTAGCTTGGGTTCAGCAAAATCACGGCGGCGAAACCAATCACTGGTATTTCGCCCAATAAGCTTTCAAAAACCTTCTTCATCGGACTTTGCTCTTTGACCGTCATGTCAACCTGGCCATCTTGCATGATGTCGTAGTGTGCCGACCAAAGCGACTTCATTCCCTTTCGTCGGACCGCGCCCCAATCATTTCCCTCTGCATCGGTAAAGCTATAGTTCGCGGACCAATCGATCATGCGGTCAGCTTCGATGCGAAACATCAAACTCGATTGCTTCGTATCGTTATAGATTTCAACCTTTTCCTTCAGCTTGAACATCTTTTGTTTGATGAACATCAGAACGTTGCCATCGGCATCGATCGCCGTAATGCGTTGGCCAAACGTCAATAGTTTGAAATGCAGCTCGATTGGGTACTTCATGTTGATCAAACACTCGCATCAGATGTGAACTTTTGGGCGCCAGTTTCAGTGGTGCCGAAACTATCATATCGCACTTTTGACAGTGCGTGTCAGCTGCAGAACAAGCAAGTATTCGGCATCTAGAAGATCGCGCGACCAAGGACGAACGGCACCGGCCATGCACCAGAATTTCACGCAAAGGTGCGAAGTCGCAAAGCCCAAGTCTCATTCCTTCTCGCCTTCTCGCCTTCTCGCCTCTGCAGCTTTGCGTGAGGCAAATCACCGACCAGCGTTTCGGAAAACTTCGTCGCCCTGGTTTTAGCCCACGCCAACGCACGGCCCTACCGTCCGTGCGGAAACCTCTAGCGTGCAATCCTTCCTCTAATCGCAACGCTTTCTACGCGGCGCGTTCTGCCGGCTTTCGCGACCAGGTCCTCGTCCGTAGTCGCTCGCCAGATTCGACTTTTCAGCCCATCTCAACCGCTCTTCCGGTTTCGCGGACTGTTTACGGAAACCGTTTCCAGCAATCGACGTCCAATCTCCGCGAGTCATTGTCTCATCATTCGCAACGAATAACTGGTATTTCTTTCTCGACAGGTTCTTATCAGCGGGTATCAGGACAGTTAGTATGGAGGGGTTGTGACGCCATTACGCATTGCAACAAGCATCGTCCTTAATTCCAAGAGGTACTCCATGATGAGAATTTTTTATGCGGCAGCGCTTGTGCTCTGCCTCGCAGGCTTCACTCAGGCTCAGTTGGTTGTCGACAACGACCTGGGAAGCTTGGGCGCCGGCACAGTAAATCTGTCCGGAGACACATCAACCGCAGGTAGCGAAGTTGATTACTACATCACCGGCGCCGCGACGGCGAACTGGGGCAACGAGATTCTTTATGAATTCGACATTGCTGAAAACTTCCTTTTCAATTTGACATCCAATTCTGTCACGGGCGATCCGGATTTTTTCCTGCTCAACGGCCTGACGGTTTCCACCGATGGCGCTGGCAAAGTCGTGGCTGATGAAACAATCGCCAACTACTTTCTGGACGGTGCGGCACCAGATACGGGAACACCAACGTTCATCACTGCAGGTACCTACTGGGTTTCTGCGACGACGTTCCACGGTTTCGATGGTGCTACCACACCAGCCGATGCGATCTTCGACATCGACATGTCGCTCGAAGCCGTCACTACGCCATCGGCTATCGACCTGGGCGTTATCGGTGAAGACACTGAAGATTTCTCGATCGATACGTTCGGAACAGGATTCGATACCGAGCTGGCACTTTTCAGCTCAGACGGATTGTTGCTCGATTCCAACGACGACGCCGGTACAGGCACTCAAAGCGAGCTCCTTATCTCCAGCCTGGCAGAAGGAACTTACTTCCTTGCTGTCGGTGAGTTCAACTCAATCTTCGGCGATGGATTCGTTGCAACGACAACGGCTACTGTCGGCGGAGACTACACGTTGAACTACAACGGCGAAACCGCTGCTGGTACCCTTGCCGGTGGTACAGTTGATTTCTACAGCTTCGACATCGTCACAGCTGTTCCAGAACCAACATCGGCTGGCCTGCTTGGTCTGGCTGTGATGGGTCTGGTTGGCATGCGACGTCGCAAGTAAAATTGAGTCGTCTCGGGTTTCCAGTTTTGGAATGCCGCGATACGAGACTCGCTACATTGGAATTTTGATTCGCATTAAAGTTCTGCAACGCATTGGTCAAACTGGCCAATGCGTTTTTTTGTGCTCACACCGAAATCGGAACGCTGATCACTTCAGCACCACAGGAAGACCGTTCACCCAGCTTCGATCCGCTTCGTAGCCAAGCCCGACCAGCTGCGTGCCGCAAATCGAATCGAACAGCTCTCCGTCGGCGACCGTGAAATGGTTCCGCCAATCCCCGACGATCCCCTTACGAGCCTTGGCCGTCGGTTGCGAATCGTCGCCTTCCTTGCGCCCCGTCATCTGCTCGAACGAGACCTTTCCGGACGCCGCTGCGACACCGGACGGATCAGCACCGATGGCTGCAACGATCCTGGCAATCTCTTTCGGCAAGTCATCCTTCATCGATTCGTAGCGGACCTGAGCATCCGCTTTCTGTTCACGAAACGCGTCAATCGTCTCGCACCAGTTCGACGCCCATTTCTCAATCACCGCATCGTCGAAGAAACGTTTTAGCTCAAAGCCCTCCTCCTGATCGACGTGATATCGATACCGATCGGAGCCCGCTGCATCCTTCAGCAACCAATCGTAAGTCCCGCTGGTCAACACATCGCGACCGTCGCGTACCAGTTGGATGATCTTCGAATCGGGAAACAGCCTGCGAATCTTCTCCACGACC
CP042912.1_gap49	1769522	1773436	3914	TCGAATTCGACGTCACGGTGGAAAACACGGGCAACGGACCGGCTCATGATGTCATCATCCAGGAAGAAGTCCCGGAGTTGCTTGAGTTTCAGGACGGATCGCGGGAGCTTGAATACGAAATTGGAACGCTGATGCCGGGCCAATCCCGTCGAGTTCGACTAGGTTTGCGAGCGGCTCGCGTCGGACGTTTACGCAACGTCATGTTTGCATCCGCCAAAGGTGGGCTTCAGGCAAAACACGAAACGGATGTCGAAATCATCGCGCCGAAACTGACGACGTCCAGCGAAGGCCCAACCACACGGTACATCCAGCGACAGGTGGCTCATACGTTCACCGTTGGCAATCAGGGAACAGCTGCGGCGACGAATCTGCGACTGATCGCACGGCTTCCGAGCGGACTGCGATTCGTCAGTGCCAACAATCGCGGACAATACGATCGCAACTCGCACGCTGTCATTTGGCAGATGCGTGACTTGAACGCGGGAAGTTCGGGAGACGTCGAAGTCGTTACCTCGCCGGTTGAAGCCGGAGAACAGAATATTAAGTTCGAAGCTGAAGCGGATTTGAATCAAAAATCTGAGACGATGCAGAAGCTCAACGTGTTGCATCTGGTCGATGTGTTCTTCGACATCGATGATGTGGTCGATCCGATTGAGATCGGAGCGGATACGCGTTACCGAATCAGTCTGGTCAATCAGGGAACGCAGGCTGCGACCAACGTGCAGCTGCAAATTGATTTTCCGTCAGGCCTTGAGCCGACTTCAGTGGACGGCGATCTTCGAAACCAGATTCGCAATCAGCAGGTTCTGTTCGAGCCGATAACCAGTTTGCGACCGGGTGAAGAGCTCAATGTGATCGTGCAGGCGAAAGGCCGCGCCGACGGTGACCATCGCGTCGTCGTGACGATGAAAGCCGGTACGCGGGCGACTCCGGTCAGCAAAGAAGAAACCACACGGGTTTACTCAGACCGCTAGGATCAAACGGGCTGAGTCGTTGCCAGCAACGTTCTCTTTTGAACCAGATTCGGTATCATGACGTTCCACAGGATGACCCTCCTAACGGAATGAACTTTGAAACCGCCAACGATCCAACGAATTTTTCTGGGGCTGCATCAGCCGCCACTGCTGACGGCAGCAGAGCGACTGTTTGAGTCCGGGTTTGCGAAATTAAATTCGTCGCAATCGACTTCGGCCGGTGCGACGCTTGACATGTCCAATGTCCTGATCGTTGTGCCGACCACACGAGCCAGACATCGGCTGATGCAATTGCTGGCTGTGCAAGCTCAGGAGCGTGACGCCGCGTTTTCGCCGCCGGAAATTACGACGCTGGGGAGTTTCCCGGAGTATCTCTACACGCCGGAAAAGCTGCTGGCGACCGATTTGGCTCAGCAGATCGCGTGGTCGCGTGCTCTTGAGCAAACGCCCGACGAAGAAATCGAATGTCTCACCGGGCGGGCGGATGTCGAAGACCTCAAAGACTGGCAACCGCTGGCGAGGTTGCTTTCGCGATTGCACACGCGATTGGCCAGCGACGTGTGGAGTTTTCGAAGCGTCGCTCGTGAAGTCGCCGAACTCGATGGCTTTCTGAAAAACGAGCTTGAGCGTTGGGAAGTGCTTCGCGAAGTCCAGAATCGCTACTATCAGATCCTTGGCAAAGCCGACCTGTGGGATCGCCAGGCGGCTCGCAACTACATCGCCGCCGCGGGGCTGAAGGATGATATCAAAGAAGTCCGTTGCCGCACTGACAAGGACGTCGTGTTGGTCGCGACCGCCGACATTAACCGTAGCATCGAAGGCATGTTGGCTCAGTTGACCTCACAAGTCACCGTCATGATTGCGGCCGACAAATCGCATGCGGATCGCTTTGACGAATATGGAAACTTGATCACGACTCAGTGGCTCGAAGCTTCCGTTGCCGTGCCGGACGACAAGATTCTGTTCGTGGATGGGCCAGCCGATCAAGCCGCCTGTGCAGCTCACTTTATCACGCACCTCGACAGCGATTACTCAACCGATGAGGTCACGATCGGCGTACCGACTGAGGAGCTGATTCCTCAGCTTCAGCGAAGTATCAACTCGATCGAATTGACGCATCGAAACCTTGCAGGAAAACCGCTGGGTGAAACAGCTCCGGTTCGTTTGATGTTGGCTTGTCGCGAATACTTCAAGCAACAGGACTACAACGCGTTCGCGATCCTGCTGCGGCATCCCGACATGTATCGCTGGCTGACCGAGCAATTGGGCGACGATGAGAATTCCGTAGACGGATATCTGGATGCGTTGGACGACTATCAAAACAGAAAGCTGCCGGACTGGATTCGAATTGGCGACGAGAGTCCGTTTGGCGATCCGGCGAAGATAGCAAAGCGATTCACCGAAGGCGACGCGGGCTCAAAAAAGCGAGCCGGTATTGAGGCCGATAACGTTCGGCTGTTGAATACGGTTCACCGGTTGATCGCCAGCCTGCTGCGTCCGCTCGACAAACCACCGCAGAAGATTTCGAAGTGGACCGAGCCCTGGTCGGATATTCTGATTGCGATTTACGGCGAACGTGAACTTGATCGCAACATCGCGCTTGACCAACAGACTTTGTTGGCGTGTCAGGCCATGCACACGGCGTTAGCGAACCATCGGCATGTCCCCGCCGAATTCGGCACAACGTGTTCGGCGGTTGAAGCTCTCGAGTGGGCGTTGGAAGCGGCTTCGGATCAGCGAGTCGTCGATCCGCCGATCATCGACGCGATTGAGTTCGCCGGTTGGCTCGATCTGCCGCTCGATGACGCGCCGGTGATGGCGATCGTGGGCATGAACGACGAATATGTGCCGACTTCCGAGTTCGGTCATCAGTTTCTCCCGAACAAGCTTTGCGAACAGCTTGGCATACTTGACAACAACCGGCGATTCGCGCGTGATGTCTACGCGTTGACCTTGATTACTTCGGTCCGAGATGACTACCTGTTGATTTCCGGTCGAAATAACGCGTCCAAAGATCCGCTCAAGCCCAGTCGGCTACTTTTCACGCAGGACCAACAGACCTCTGCCCAGCGTGCTTATTCGTTTTTCAGTTTCGAAGGCAAGGATGAGAACAACTTTTGGCTGTTCGAAAAGAGTCTGGCTGAGAAAACGACGACGCAGCAGTTTTCGGTCCCGCGGCCTCATATCGTAAAACCGATTGATTCGATGCGAGTCACGCAGTTCAAGGATTATTTGAAATGTCCCTATCGTTTTTACTTGCAGCACGTTCTGCGGCTCGACGAAACGGCAGACGACTGGTCAGAAATGAGCGGCGGAACGTTCGGCGATCTGGCTCATGATGTTTTGCAGTCGTTTTACGAAGCCGACATAAAAGAGTCGAAAGACGACGAGGAGATTTTCGACTGGTTGAGCAAACAGTTGGATCACGAATCAGGGATTCGATTTCCCGGATCGCGTTTGCCGGCGCTGCGGATTCAACTGGAGCAGCTTCGCGGTCGGCTAGAGAAATTTTCTACGCTGCAAGCCGCACAGCGTCAGGAAGGTTGGCAGATCGTTAGCTGTGAGGAGTTGCTGTATCACGAATTGATGGTCGACAACGAACCGTTCACCATTCGCGGAAAAATTGACCGCGTCGATCGGCACGAAGTCACCGGCCAGGTTGCGGTCTGGGATTATAAGACTTCCGATTCTGGCAACGATCCGCAGAAAGCTCATCTGAAGAACAAGCAATGGATCGACTTGCAGTTGCCGCTTTATCGTCATCTGGTTCGCGAAGTCGACATCATCAAAGGCGCCAATTTGGACGACATCTCGTTGGGCTACATTTTGCTGTCCAAGAATTTGAACGATATCAAGTTCGCGAAAGCTCGTTGGGATTCGTCGATGCTGGACTATGCGGACAAGGAAGCGTTTCGCGTGATCCGTGACATTCGAGCCGGC
CP042912.1_gap50	1792209	1795489	3280	CGTCATAGTCCGAGGACCTGCCATGACCAACCAATCCGAAAAATCGAGGCCCGGAACCCTTTATCAGGTCGAATCCTGGCTGGAAGTCGCCCAGCAACTGGGCTATCGAGTCCGATACGATCATTTCGGTGGTACCGGTGGCGGAGTTTGCGAGTACGGAGGCCAGAAATGGATTTTCATGGATGTGTCGCTCTCCGCGTACGAGCAGCTGGAAATGCTGGAGGAAATCATTCCCCGGGATTCGCTTTATGCATCACTGAACGCGAATTCGATCGGTAAACGAGCCGCCTGAGTCTGTGCGAAGCAGCACGATTCGCGAAATGCCGCGGCAATAGCTAACAGCCGTCAAACTTGCCGCGCTTCACGCAACGTTAACTTGCGGCGACTTCTTCCAACGGCGAAGCGATAGATAGCTCGCTGCAATCAAAATTACGACGCCAACAACTATCCCGGCGGGATGACTCTTGAGCACCACACCGTTGCTTAGTCGTGACATCACGGTCAGGAAAGTGATCAGCAGCAATCCCGAGACCGACGTCCACGCGATCAGATAGCGAATCAGAAAAAGCCAGTTGCGAAGTTTGCGTCGTCTCAGACTGGCAGCAATCATGGTTCCGTAAACAATCGGGCCGGCGAAGACCAGGACCACGAGTAACGCGACTCCCAAGGAAAACGAAAAACTGGCATAACGGTCGGCCTTAAATCGCTTCGCCACAACGCTGGCTCGTTCCGATTCGGGGATGTGGTCCAGTCCGCCAAACAGTTCGTTGGCTTTCTCCTTCGCCTCGGCAGGCGTGCTTTCGTCGCCCGGCCAGACTGCTTCGACTACGGTTTCGAGACTCGAGTTCGAATAGTTGTTGACACCCTGAATCACGATAAGCCAGCCAACCAGCACGTAAAAGATCAGAGAAAGGATGGCTGAAATTCGAATACCAGCGGTGATCGAGCGTGTGAACGTTGGCGGATTCGAAATGGTCGCGTTCAGCAGTCCAATCGATGGCCAGATGATCAGAAAAAGCAGCATCGAGAACAAAAACGAGAGGAACTTCGGCACCGAAACTCGGTACAACCACGGGCGATCCGTATCCGGAAACTGGTCGTAGATTTCTCCGACACTGTTTGAGAAAAAACTGATCGCAATCGGAGAACAAACCAACACACCGAAGACGACAGCGAAAATTCCGTAAGCCAGACTCTGGTTTTTCTTCATCCAGCTCGCGATACGGGATTGAAACGACGGAGCCCGGACGCTGATGGCGTCGCCGGTCAGCCAGGATTGCAAGTCGTCGGCCATCGCCTGGGCTGACGAGTACCGTTCGTCGGGTTCGCGAGCCATCGCCTTGAGACAAATCAGCTCAAGGTCGCGATCGACATCCGGATTAACTTTCTGTGGAGGCTCCGGCGGTCCGTCGATGACTTGCATCACCACATTGACCGTCGTTTCGCCCCGATAGGCGGGCTGCCCCACCAGCAACTCATAGAGGATCGCACCCAACGAGTACACATCTGCCGCGGTGGTGACCGATTTTCCGGCGGCCTGTTCGGGAGGCATGTAGGCGGGCGTTCCCAGCACGGCACCGGTGTGAGTCAGGTCACTGCCTCCGGTCGTGCTTTTGGCCAAGCCCAGATCCGTGACGTAGGGTTGCCCTTCCTTGTCCAGCAAAATGTTGGCCGGTTTCAGATCGCGATGCAGCACGCCGCGTTGATGAGCATGATGGACTCCTTCGGCAACCGCGATCATCAGTTGGGCTGCGGATTTCGGGTCCTTCGCGAAAGACGTCGCTCGTTCTGCCAATGATCCGCCGTCGACGTACTTCATCGCAAAGAATGCTCGGCCGTCGTGGTCGCCGATTTCGTAGATCGGGACGATGGCCGGATGGTCCAGTCGTGCCGCTGATTCGGCTTTGATACGGAAACGCTGGCGTTCTTCTTCGGAAGAAAACTGGCCGCCGAGGATCATTTTGACGGCGGAGACACGATTCAGATTGCGATGGTTGGCTTTGTAGACGACGCCCATGCCGCCGCGTGCGATCTCTTCGATTAACTCATAGTCGCCGATTCGTTTCGCGTTCGGCGCATCGTATTGATGCTGACCGGGAACGATCGTCGCGTCGTCGGTGTGGTTGGGCGTCGGAGGAAGCGTGGCTTGCTCGTCGTCACGGCATCGCAAACAGATTTCCTGATCAAGTTCAGCAGGCTGCTGCGCACAACGTTTACATTTGATTTGGTCTCGGCCCATGTCTCCATCATAGCCGACGGAAGCTTACTTCCAGCCGCGACCAAGATGCTTTGCCAGAAAAGAAGCCTTGGCTTTTTCCGCCGCGGTTCCGTGAATCGAGGGACGGGCTTTGCGTGCGATCGCGAGACGTCCGCGACGTTCAAGCTCAGCATCAACTTCTGAGCCAACGATCAGCGATGCGGAGATCGAAACGCCCGGCCCGGCAACTGAGCGGCTGCTACTGCGCTGGTTTGGACGGCGTGTTGCGAACTCTGATCCCCGACCGATGCCGCCGATGTACATCGTGCCACCATCGGGAACGCTGACGACGGTGTTGATGCTGAAGTTGCTGACCGTCGGCAGTTGCACCGTTGTGTTAACAGACGGTCGCTGAGCCTGAGCCACCGAGGCGACGCAAAACAGAAAGATCAACAGGATGGTCGAAGTGTAAACGAATCGAAGCATTGTCGTCCTTTATTCTGATGCTGTTGAGCCACAGAGCAAACCGAGCTCACATAGGAAATGCTGCTTGCACGTCCTCTGTGCTCTCTGTGACCTCTGTGGCTTTTATATCAGGCCCGTCGAACTCATTCATCAGCAAGCAATCCGAGCCGGTTGTCGAGCCGAATTTCAGTCCTGCGTCTGTCGCTTTTATTCAGCCACAGAGCACACCGAGCTCACAGAGGAAATGCAATGTCAGGAGTTCATTTCTGACTGCACGTCCTCCGTGCTCTCTGTGACCTCAGTGGCTCAACAATCACACGCCCGTCGAACTCACGACGGAATCGACTCACCAGCAATAATATCGTCCGGCGTTTGACGCTTGCGAATCAAATGAGCCTCGCCACCGTCGATCAAAACTTCCGCCGCCATCGGCTTGCTGTTGTAGTTGGAACTCATCACGTAGCCGTACGCGCCAGCACACTCGATCACCAGCAAATCGCCAACGCTGGCTTTCGGAAGTTCGCGTGAGCACACGAATCCGCCCTCTTCCTGAGTAAAAATGTCTCCGGATTCGCACAGTGGACCGCCGACGATCACATCCTGCGTCTCCTCCGTCGA
CP042912.1_gap51	1825723	1828780	3057	GACCAAAGGACCAGACAATGGCGAGAATCAACCGGATACCAACCGGCTGTCGACAATTCGCGATTTCGTATCCTCGTTTCAACCGCGAAAACGCCGGGATTCACGGATGAACAAATCGAGACCACGGTTCGTAGTTTGTCAGACTTGAAACAGTATTTTGAAGCAACGACTTCCGTTTTCGGTCGCCAGATCGAAGTTGAATGGCGATTGACGGCAGGGTTGGATCAACGAATCGATGTCGCCAATCGACTTTCCAATCTCAACGGTACGGAATTGCATGCAGCCATCGAACGCTGCGATGCAGTCGTTACAGCGCCATCGACCTCCATGCTGGAAGCAATGTTGCAGCACAAGCCAACCGCACTTCTGGATTACCATCTCTGTCCACAATACGTTCCCGCCGCGTGGAACATTCGTTCGAGCCAATCGATTGGCGTTGTCATTGAACAGCTTGCAAACCCGTCGGCTGCGAGACTTCAGTTTCAAAACGGAGTTCTTGGCGACGCTCTTCAAGTTTGCGAATCGGCCACCGATCGGCTGGTTCAATTGATACATTCGATGTTCGCCGAAACGGACAGGCAAAATGATACGACTAAATCGTTTGAATTTACTTCCAGTTTGTTGCCGAACGCTGTTTGGGCGTCAGAGTTAGGCGGAGCGCATTGCAAAATGGATTTCGCCTCCGTCTTTGCCAACTACAACGAATTCACGGATGATTGTGACGTACCGGAACTTCAAGCTCAGTTGGCTCACGCGAGACGCGAAATCGAGCACTTGCATCGTATCGAAGACGGGCTCAGAGCGGAACTTGCGGAAGCTCATTCGATCTTCGAGTCGATTCACCAGCACCCAATTGCCGGACCCATCGTAAGGATCCGGGAACGGTTTATTCAGTTTATGAATCGCAACAGAAAAGCAACCTGATTCAGATGCTTACCATCCATCCAGCCACAACCGATCGGATCGCGAAATCGGCCTCAACCGCCGACCCAATCGTGTTGTGCGCTGCCGATGAAAACTATGTAAAGCCGTTGACTGTGATGCTGCATTCCGCAGCTGTATCTCTGAAGCCGGGGCGGCATCTCCATGTCGTGTTGTTCGATGGTGGAATCGAAGAAAGCAGCCTCGCCGCCGTGCGTGAATCGCTGATCGATTATCCAGTCACGATTGATCTGCTGCGACCTGATTTGTCAAAAGTAAGTGACTTGATGACGTCGCATCACATCACGCACACAGCTTATTTGCGACTGATGGCCGCTCGGCTGTTGCCTGGTTCGATCGAAAAAGTCATCTATCTCGATTCCGATGTTCTCGTTCGTGATGACCTGACCGAGATGTGGGAGATGGAACTGGGAGACAACTACTGTCTGGCGGCCACCGATATTGCTTGTCCTTTTATCGATGCCCGCGAAGTTTCCGACGCCGATCTGCAGTCGTCCAAGCCTTACCTTGCAGCGATCTCGCCGGTTGCGAATTGGAAAGATCTTGGAATCGACGGCAGCGCGAATTATTTCAACAGCGGCGTGATGGTGCTGAATCTGAAAAAATGGCGTGAGGAAAATGTTGAGCAGCGGCTGTTCGATTGCTTGCGCAAGAATTCAAAATTCGTTTGGTGTTGGGACCAGTACGCGCTGAACGTGGTGTTCGCCGGACGGTGGGGAAAACTTCCGCTTCGCTGGAATCAGGGAGCCCACGTCTACGAGTATCCAGGTTCCGAGCAAAGTCCCGTCGATCACGAAGGGTTCGAGGCGATGCGCGACCGCCCGGCGATTATTCACTACACAACCGAGTGGAAGCCTTGGGACTATGAGTCTTCCCATCCTTTAAAAGAGACGTACTACAACGAACTCGATCAAACCGCGTGGAAAGGTTGGCGCCCGGAAGATCCAGGGTTCAATTTTGGCAAATGGTGGGACCGAAAGGCTGTTGGCGTGATTCGTGCGTGGATCATCAATTGGCGAAAGCTCAAACTGCTTTTCTCGATGGTGTAGTCGTGATCGAGAAAACAGCAAACTCAAAATTGAACTCCGAAACGTCGCTACGAGCAGCGCTTTGCCATGCTCCGGTGACGATCTTTGCGTTGCCCAAGGCATTCGTTGGAGATGCAAATCAGATTCAGAAGAACGCGTTCCGCTCCTGGTCTCAGCTGAGTCCTGCCGTTGATGTTCTGTTGTTCGGTGACGAAGATGGAATCGCGGAATTTGCCGCAGAACACGAGATTGCTCATGTAGCCCAGATTGAACGCAACGAAAACGGAACGCCGTTGGTCGGATCTGCATTCTCGATGGCTCATGCGGTTTCAACGTCGCCCATTCTGGTTTATTGCAATTCAGACGTCATTCTGGATCGCAGTTTTACAGACGCGATGGAAGCGCTTGCGAATCAGGATCAGTTTGAGCATTGGTTGGCGATCGGGCAACGGTTGGACGTTCCAATTGACCGGGAATTGGATTTTGAGAATGATTCACAGAGGCAGTGGCTTCGGCGGCGCTGCGATTCGCACGGAACGAAATCGTCGCACGTATGCAAAGAATACTTTGCGTTCCCGCGAAATATGTTCCAGGCTGTTCCGCCATTCGCAGTCGGTCGCGGCAATTGGGACAACTGGATGGTTGCCAGCGTCAAGCCAGACGGCGCCCCGGTCATCGATCTTTCGCGGCAAGTCAAAGCAGTTCACCAAACCCACGACTACACGCACATGAAGGCCAGCCGCATGAAGTGTTACGTTAGCGGTGAAGAAGCCCGCGAGAACGAGCGACTTGCCGGCGGGCGAAACTTGATCTCTGGTTCTACTTGTACTCATCGCCTCGGACCCGACGGCATCCAGAAAATTGGGCTCCTGCGTGCCGGTTTGGATTTTCTTGGCGACGTTCCGCGGTTTGCGAAACTGATGACGCAGTTGCTGTTGAGCCGATGATTGCCTGTTTTTTCATCACGATCAGTGCTCTGATTCAACTGCTACTGACAGTCTGGTATCGCAATCAAATGCGACAACGACCGAGGCCAACGCTGCTGCCTGCCGAAGAACAGCACTCAACCTGGATCGTGTTTGGCGTC
CP042912.1_gap52	1829939	1831400	1461	AGCAAAATCAGAGGCGTTCGCAAAGTATCGACATGAGTGCGAAACGCGAGCGAATAAACTTTGTCATTCACTCGCCCACAGTTTCGTTCGATAAACTCCAGAACGATCGAACCGATTTAGTCCTCTGAGTTCGCTTCCTCCGAATTCTCTTCTGAAGATTCGACTTCGGGTTCGAGCAACTCCAACCCGAATTCTTTTCCCTTCTTGACGGCTGGAACTCCGAACGCCATCCATTCAGGCTCAGGGGCATCCATCAGATGGTGATCGAAGAACTGCTGCATTCGGATCGCGAAATCGCGACGGTTTTTGTCGCCCATTACCCAGTGCGGGTTGCCGTTGTAGTTCAGCATCCAAGCCGGTTTTTCCAAACGACGCAATGCAACGAAAAGCTCAATTCCTTGATACCACGGAACAGCTCCGTCCTGATCATTGTGCAGAATCAATAGCGGTGTATTAATTTTATCCGCGTAGAAAACGGGAGAGTTTCGAATGTACTTTTCGCGTGCCGACCAAAGGTCTTCACCAATTCGGCTTTGCGTTCGCTCGTATTGGAACATCCGGCTCATGCCGCTGCTCCAGCGAATGCCACCGTACGCGCTGGTCATATTGGAAACCGGAGCTCCCGATTCGGCACAGGCGAACATGTCGGTTTGCGTAACCAGATAGGCCGTTTGATAGCCGCCCCAACTGTGTCCTTGCATGCCGACTTTCGATTCATCGACAAAGCCTTGCTCGATCAAATGTTCGACGCCAGGCAGGATCGCATTGGCTGCGCTTTGGCCTGGCTCGCCGGTCGTGTATGGAATATCCGGAATGAAAACCACATATCCGCGGCTGGTGTAGAAGCTGAAGTTAATGATCGAACGTCCTGCCGCCGGTGAGTAGTAGCGATGCAGGTTGTCCGAATTCCGCTCGTAAAAGTAAACCATCAGCGGATATTTCTTTGCCGGATCAAAACCGTCTGGCTTGTAGAGTATCCCATCCAGTTCGTCGCCATCGGCGCTATCCCATTTGACCAGCTCAGCCGTTCCCCATGAATAGTCTTCCTGTTGCGGATTCATATCACTAAGGCGATGAATCTTTTTGAAACTCATATCGCTGTGCCACAAATCAGGGCTCATGCGGAAGGTGCTGCGAGTGAAAATGACTCGATCGGCATCTTTCGCTTTGCTCAATCCACTGACATTCTCTTCCAGCATGATCAACTTTGTCAGCGGTGAAGACTCTTGTTCGTCTTCTTCATCAATTTCCAGTTTCAATTGAGAATAGCCACTGGCTTTGGTTTCGGTGTTGAACGAACTGAGCATCATCGGCTGTTCAGGATCGATGAAACGCTGCTCGCGATCGAGTCTCACATAGCGGTAGCGGATTTCATTCTTCCGACCTTCCCCGTCGGTGATGCATACGGGCTTTTCTTCGCCAGTCGGATCGAGTTTCCAGATATCGTAGCGATCGTAGACA
CP042912.1_gap53	1863593	1865162	1569	TCGCATCGCGTCATTGTCGGTTTTGCCAATCGCTTGTACCAACAACGCGAGTGAAGAAGTTTCATCACACATTGCCACGCGAGGCGAGAAAAAGGTGGCAAACAGAATCAGCGACAACAGAGCTTGCTTCATGATCATTCCCGAATGGTGATTGGGCCAGACGGATTCTAACCTGAAGCGGAACAGGTTTGTAGTGACGCGTTAGCGAACAGCAACAATGTACGCGATCCAACTTTCGTGACTGGGATATTCTTCCGTCCGGTACCACTCGCCCGTGTCCTCGCCGTCTTCGTCTTCGCGATCGAAGTACACATAGCTGTGACTGAAACCGGCCTCTTCAAGCAGTTCGCGAACTTCCGGGATCGTCCAGAAACGCCACTCGTAAGTGAACGCTTTCTTTAATTTGCTTCCATCAGCGAACCTGAATGAAATGTGGAACACGCAATCGGCAGTGACCGGATTGAAGCTTTCCTGTTTCCAATCGTAGCGAAATCCTTTCTTGCCTTTCTTGATCGTCCGCTTGTCCGTGCGACCTTCTTCGTAGCATCCTCCTCCGCCCATCATGTCCATCACCATGATGCCCTGATCCGCCATGTTGGCTCTGGCAATTTTGAAATACTCAACGACCTCGGGACGCGTCTTGAAATACCAAAAAGAGAAATTCTGCGCCGCCAGAACATCCACGCGTGGCCGATTCTTTTGGCGAACGTCCTGTTCCAGAATCTTGACCCGATCTTTTTGGTGCTGAGTCAAAGGCTCGAAGTTATGCTCGGTCCCCCACGCAATCGGTTCAGGATCAAGGTCGATGCCCAGAGCCGTTCGTTCTCGCCCGCGGCGAACCCACTCGCAGCAGATCGCGTACGTGCCACAGAAATCCTCCCGAAGTGTTTTCGGTTTGCGACCAAATTCGTCCTTGAAAGCCTGTTCGAAAAAGTCAACTTCATGTTCCGGTGACTGGACGGATTTTTGGTAGCAGAGATACTTGTCGGCTTGGGCGGCCAACGATTTTTTCTTGGGTTTTCCCACGTGCAGTGCCTGTTGATGGATCGTCAAAGATGCGGATTCGAGGCGCTTATCTTAAGTGCAAACATTGACGTGGTATAGGCTTCAGACCTGCGTTTTCACGGATGAAAACCACATGATGGACGGTGCGGTGCAGATGCAATCTCGAGGGAAGGCCGGTGCCAATCAAGCCGCGTCGTCGTCGCGATGGATGGCTTCATCGGAAATCTCGCCGTCTTCATTGACGTCCTCGAATCGAACGCTGACTCGCTTCGAGACGCCGCTCTCCTGCATCGTGATACCGTACAGCGTTGTCGCAGCGGTCATCGTCTTCTTCGAGTGTGTCACGATTACGAATTTTGTCCAGCCAAGGAAACTCTTCAGCACGTCAATGAAACGACCAATGTTGGCTTCGTCAAACGGAGCATCAACTTCGTCGAGGACGCAAAACGGGCTGGGGCGAAACTGGAAGATCGCCATCAACAGCGAAACCGCCGTGAGGGCTTTTTCGCCACCGCTGAGCAACGAGTTGTTAAACTCGGGCTTGCCGGGAGGCGTTGCGATGAT
CP042912.1_gap54	1874417	1878026	3609	TAATCACGCGACACGTTGTAGATGCGTTGCCGGAATTGAGCGAGTTCGGCGTCGGCATGTTACAGGTGTTCATCCAGCACACTTCGGCGAGTTTGACAATTAATGAAAACGCCGATCCCGATGTTCGCGTCGATATGGAGACTGCGGCGAATTTGATTTGTCCCGAGAACATGCCCTTTGTTCACACTTGCGAAGGCCCCGACGATATGCCCGCGCACGTAAAGGCATCTTTCTTCGGTTGTCAGCTGCAGATTCCAATCCGCGACGGTCGATTGGCACTCGGGACATGGCAAGGCATCTACCTGTGCGAACATCGCAATCGGGGTGGTTCGAGAAGATTGGTGCTGACGATTCAGGGCATGAAAGCATGAGCGGTGATCGGAACGGATCTTTTGCGCCGTCGCGCCCAAGCGCGAGTCAGTTTCGCCAGAACCGTGTGCGGGAAAAACGCACAGACGCGAAAGTTTTTTACTTCATGGATTGTCGAACCTATGCCTGAGTTCGATCAGATCGAAGTCATCGGTGCTCGTACGCACTGCCTGAAAAACGTCGACGTTTCGATTCCACAGAATCAGTTGGTGGTGATCACCGGTCGCAGCGGCAGCGGAAAAAGCTCTCTGGCGATCGACACCATCTTCGCCGAAGGACAGCGACAGTTCCTGGAGTGCCAATCGATCCACTCGCGGCAGTACTTTGATCAACTGCCTCGAGCCGATGTCGATCGCATCGTAAATTTGCCGCCAACGGTTTGCTCCAAACAGCAGAACTCCGGGGGCAGCCCGCGCAGCACCGTCGGGACGCTGACTGAAGTTCATGACTTTCTCAGAGTCCTGTTCGCACAAGCGGGAACGGTCCACTGCGTGCAATGCGGCGATGCGATTGAGCAAGCGACTGAGATCGATATTTGCGACGCGATCGAAGCCTTCCCGGAAGCGACTCGCATGATGGTGCTGGCGCCGTTGGTCGACGATGGCATGGAGCTCGCGAGAGCTATCGAAATGGTCCGCCGTGAAAGGTTGCTGCGCATCTCGATCGATGGAGCGATCTTCGACATCGAAGAGACGCCGCCGCTTGATCCGCAACGGCAATATGAATTCGCAGCCGTTGTCGATCGCATTATTGTGCGTGACAATTTTCGGGAACGGCTACTCAAAGCCATCGATTCGGCTTCGGAACTCGGTCAGGGCAACATCCTCGTTCGCTACGTGACTCCGGGCGACCTCGAAGCCGATGCTTCGATTCGCAGCGATCCGGTCCGCTGGCAAACTCTGCGATACAGCACGCGTTACGCTTGTGCAAAATGCGGCATCGCCTGTTCGGAAATTAGTCCACGCCTGTTCAGCTTCAATAGCCCGCAAGGCGCCTGTCCGGAATGCCAGGGGCTCGGTTTGCAACTGCGTTTTGATACCGAACGAGTTATCGATCGGACGCGTTCGCTCAGTGAAGGCGCCGTGTTGCCGTGGAGCAGTTTCTCAGCCGCGAAGCTCAAGTCCACGCTGAAAGAATTGCAGCCGCTGTTGGAGAAAGTCGGCTTCGATCGTGACCGGCCGATGTCGGATCTGAGTGCTGATTCTTTGCGACGGTTGTTGGAATCAACCGACAAGGAATCGCCTGGCATTTTTGTGCTGCTGCACCGCGAACTGGCAACGACCGATGACGATGAACGCTATGAAGAGCTTGCTTCGCTGGAGCGTCCCCTGCCCTGCCCGGCGTGTCACGGTTCGCGGTTGAATCTACAAGCCAACGCCGTTCGGTTTGCAGGAAATTCAATTGCAGAAGTACTCAACATGTCGCTTGGCAATGCGGCAGCCTGGTTTCGCGCTGCCAGACTCGACGAATCGACGCCAGAAAAAAAACTGGCGGCTGAAACGCTGGTCGCAGAGATTCAAAAACGGCTGGACTATCTGGTCGAAGTCGGCGTGCACTACCTGTCGCTCGGTCGCGGCGCCGATTCGCTAAGCGGTGGAGAACTTCAACGCGTACGCATGGGGGCTTCGATCGGATCCGGCTTGGCCAACGTTTGCTACGTGCTCGACGAACCCAGCGTTGGCTTGCACGCCCGCGACAGTGAGCGTTTACTGAACTCTCTGCGAACACTGAAAGAAAACGGCAATTCGCTGATCGTCGTTGAGCATGACGAAACGATCATCGAAAATGCAGACCACTTGATCGATGTCGGTCCCGGCGCCGGAGACCTTGGCGGAGAAGTCGTCGCCACAGGTTTGCCCGAACAGGTTGCCGCCGCCGATGCTGCCAGCCTGACTGGCGCGTTTCTCAGCGGCAAAGAGCAGTTTGCGTCGTTTCCGCAGCGTGAAGTTGATTCGAAGAAAGTCATTTCGATTCGCGGCGCCTCCGGGTTCAACTTGAAATCGGTTGACGTTTTCATTCCGTTGCATCGATTTGTTTGCGTTTCCGGAGTCAGCGGTTCGGGAAAAAGCACGTTGATCAATCGCACGCTGGCTCCCGCGATTCAGGACCATTTTGGTTTCTTCGGCAAGCGACCTGAGACCTTTGATTCGATCGAGGGATTGGAACAGATCGACAAAGCCATCCTGATCGATCAGGCGCCGATCGGCCGCAGTTCCAAAAGTTGTCCAGCGACGTTTTGTGGCCTGTGGGATTTGTTTCGCAAAATCTTTTCGGCCACGCGAGTTGCGAAACAACGTGGTTACGGAATTGGGCGGTTTAGCTTCAACTCGAAAGCCGGGCGTTGTGACGATTGCAAAGGCCATGGAGTCCGGCGCGTTAAAATGGATTTCATGCCGGACCTGTTTGTCGAATGCGAAACCTGCAAAGGCCGTCGCTTCAACGTGCAAACTTTGCAAGCCAAATTCGGGACGCTCTCGATCGCCGATGTGCTGGACCTGAATGTGGCTCAGGCACGTGAACGATTCGAAAACTTCGCCAAACTGACTCGGATTCTCGACGTGATGCTCTCAGTCGGGCTCGGCTATCTCAAGCTCGGCCAGCCCGCTAACACGCTCTCCGGTGGTGAAGCCCAGCGGCTGAAATTGGCCAAAGAACTGGCTCGATCCTCTGAAGGGCACACGCTTTATCTGCTGGACGAGCCGACGCGAGGATTGCACTTCGCCGACGTCAGAGACTTGCTGACGGTGCTGCAGAAACTTGTCGATCAGGGACATTCGGTCGTCGTGATCGAGCACAATCTGGACGTGCTCAAGTCGGCTGACTGGATTATCGATCTTGGTCCCGACGGTGGTGACGCGGGCGGCGAAGTGGTCGTCTGTGGGACACCTGCACAGGTTGCCGCCTGTTCAGTGTCCATAACCGGGCAATTTTTGGGGTAAGGCCCGGCCGCCGGCAGAAGATCAAATTTGTCGGGTTTCGTAGGCCAAAGTAAGGCCGAAAACGGTTTCTTGGTTTGGTTGTGGACTTTCGCCACAAGTTGCAGATTGAAGAAAGGTAAGTTTGCTGGTTGGACAAAATTGCGATTGCCCGTCGCGGAACGGTCGGGCATCGAATTTGCTCCGATAGATAGAAACAACATGCTTGCCGCAAATCGATGACCCCAAGGAAAAGAAGCAATCTCATGAATCGTCGCATCAAGTCAAAGTCACGTTTCCAGTCATACCAGCAGCTCGAAGCCAA
CP042912.1_gap55	1885535	1888460	2925	TCGGCGTCGGAGAAAGCCTTGGGCTTCTTCGGTGTAGTTGCCGCCGGCGTGGCAGTTCACTTTTTGATCGATCCGACTATGCGTGGTCCCGGGCAAATTCTGATCGGCATCCCGATCGGCATGTTGGCTTTTGGGATCGTTGCCATCCTGATGAAAAATGTTCTCTCGATGAAGCGAACTATCGTGATGCTTCTCGCGACGCTGATTGGTTTTTCATCCATCGCCCTGTTCCGAAACGACGGCATGTGGGGCAGCGGCCAATTGGGACTCGACTGGCGTTGGAACGAGACCCCGGAAGAGAAAATGATGGCTCAGCGCAGTGCTACAAGTGGCGAAGCCGAAACTTTCACAGACGAACAATTTGAGGAATGGTTGTCTGAACCTGAATGGCCCGGCTTTCGTGGTCCCAACGGAGATGGTCGATATCCCGGGCCGGACATCGCCACGGACTGGAAAGCGAATCCGCTAAAGCTCGACTGGAAGATCCCGGTGGGGCCGGGTTGGTCTTCGTTTGCTGTCGCTGGCAATCTGCTGTTCACGCAAGAGCAACATGGCGAGCAAGAAACGGTTGTTTGCTACGCGGCCGATTCCGGAAAAGAGATCTGGAAACAGCATATCAATGAGAGGTTTTTCGATCCGCTTGGCGGGCCTGGTCCTCGAGCCACGCCAACGATCGCGAACGGTATGCTGTTCGCTCAATCCGCGATGGGTGACTTACAGCGACTGGACCCGAAAACAGGCGAGTTGATTTGGACGAAAGATCTCAAGGAGCTTGCAGATCGAGAGCCTCCTCAGTGGGGATTTTCTTCTTCTCCGCTGGTCGTCGGCGATATCGTGGTGGCCTACGCGGGCGGCGCCGACGGAAAAGGAACTCTGGGTTTCGACGCCGAAACAGGTGAACTGGTTTGGTCGGCCAAATCCGGAAACCATTCTTACGCCACGCCGCAGATTGTAAAGTTTGGCGATCGCGAAAGCGTGGCCATGCTGACCAACGACGGCGTACATTTGATCAATCCAGCAACAGGCGACATGCTGCTGGATTACGAATGGCCGTTCGGAGGATATCGCGCGACTCAGCCTCATGTGCTCGACGACGGTTCGATGCTGTTGCCGACTCAGGAGCTTGGTACACGTCGGATCGAGTTGGCTTCGGTTCGCGAAGGTTCCGAATCTGCGCCGCTGACGGCAACGGAAGTCTGGACGGCCAAACGACTCAAGCCGGACTTCAACGATTTCGTAATCTACGAAGATCACGCTTACGGTTTTGACGGCGGAGTTTTTCTGTGCGTTGACATGTCGAATGGCAAGCGAAAATGGAAAGGCGGACGCTACGGCAAAGGACAGGTTCTACTTTTGCAAAACGCGGGGCTACTGCTGGTCGCGGCTGAGGATGGCAAACTGGCGCTACTCAAAGCCGATCCATCATCATGGCAGGAGTTGTCAAAGTTCCAGGCGTTGGAAGGTCGAACCTGGAACCATCCGGTTGTAATTGGCGATCGCCTGTACGTTCGCAATTCACAGGAAGCAGCGTGTTTCATTCTGCCAACCACCGAATAAGTTGACCAATTCGCATGGCGGCTTTTCTCGAGCGGGACAAGTAGGTTCGCAGTCAATGAATTAGCGGCTTTCCCATTAAAAATCGTTCTGCCGTGTAAGGTTTCCGTCTCGCGGAAGAGTTACCATGGAACCCATCGAATAGTTGGTGCCATGAACGAAATTCCGCAAACTCGAGCCAGCCTTTTACTGCGGCTGGGAAATGAAAGCCAGAATGCCTGGCCGGAGTTTCTGTCAATTTATGAAAGTGCCCTGTACGGCTTCTGCCGCGCGAAAGGCCTTCAGGATGCGGATGCTCGGGATGTACTTCAGGACGTGCTGACGGCTGTGATGAAGAAACTTCCAGACTGGGATTCCGATTCCAGCAAAGGCAGTTTCCGCGGATGGCTGTTTCGCGTTGCCAGAAACATCGCGATCGATGAAGTGAAACGGAAAGCCAAAAAGGTGACGGCTTCCGGTGACACGCAAGTCGGTCGCATGCTGGCGGAAGTTCCCGGGCCGAACGATCCCCAAGATCAGTCGTTCGAGACAGAGTACCAGCGCGCGCTATTGGATTGGGCTTCCAGTCAGGTGAAGAACGAAGTTCGTGAAAACACCTGGTTGTCGTTCCGCATGACGGCTCTTGAAGGTCAAAAGGCGGAACAAGTCGCTGAAGCGTTAGGCGTGTCAGTCGGCACGGTGTACACCGCCAAGTGCCGAGTCGTCGCTCGGATTCGCAATGTGATTGCGGTGATGGGTGAAGAGTTTGAGATGTCGTTGGAGTGAGTTTTTTGCACGCAATACAAGCCCGAAGCGCAAGCGAGTGGTTCGTCTGCGCGTCGGGACAACACAAACGGTTCGATACGGGAACGTGATGCAATCTTGCGGCTAAACCACTCGCTTGCGCTTCGGGTTTGTACTGAACGCTTCATGAAACCAAGAGCCCCAATCCAGACACTCAAGGAATAACCAATGCCCAATCATCAACCCAAAACCTGTTTCGAAAAAGAAGTTCTTGCCAACTATCTCGGCGAGCAACTTTCGGAATCTGAAGAAGCCTCCATTCAGCAACACCTCGACGACTGTCCCAGCTGCCAACAGCAACTCGAACGCGTCGCTGCCGATCAGACGATGTGGGAAAGCCTCAAACGACACGTTTCTCTCTCCTCCGACATCTCCACTGAAACAGAAACCTATACGCGACGCCAAACGCTGATCGAGTTTCTTGCTCCCACCGACGACCCACGCATGCTGGGTCGTCTTGGCAACTACGAGATCTGCGGCTTCATCGGACAGGGCAGCACGGGAATCGTACTCAAAGCCTTCGAACCGAGCCTCAATCGCTACGTCGCCATCAAGGTCCTTTCGCCGGTTTACTCGTCCAACGGAGCT
CP042912.1_gap56	2038885	2040577	1692	CCGACCGGAGTTTGCTACGACGCGTCGACGCTGCATCAGCTGGAGCAGATTGCGAAAAAGCACAATCTGTTTTTGATCACCGACGAAGTCTATCGCGAATTCATCTACGGAGACACAAAACCGCCGTCTGCTTTGACGCTTGAGGGAATGGAAGAGCACGTCATCGTTATCGACTCGATTTCAAAACGCTTCTCAGCTTGCGGAGCCCGAATCGGTTGCATGGTGACGCGAAACCAGGAAGTCTTCGACACGACCTTGAAGATGGCTCAGGCCAGACTCTCGCCGCCAACGTTTGGCCAGCTGGGAGCCGCAGCGGTCTACGACCTTCCGGACTCCTACTACGACGGCGTGGTCACAGAATATTCCGCTCGTCGGGACCTGCTCAAGGCTTCGCTGGACCGAATGGAAGGCGTCACCTGTCCGGACATCAATGGAGCGTTTTATGCCATGGTCCGGTTGCCCGTCGAGGACGCCGAAGATTTCTGCCGCTGGATGCTGGAGTCCTTCGACCACCACGGCGCCACCGTAATGATGGCTCCGGGGGCTGGTTTTTATGCAACCGAAGGGTTGGGGAAGAACGAAGTCCGGATCGCGTACGTGCTTAACGAAATCGATTTGGGGAAAGCGATGGCTTGTTTGAGCGAAGGCTTGAAGGCGTACAACTCATGAATTTTCGCAGCCCTCACCTGCTCTGCCGCAAATCGAGCGCCTTGCTGGTCGTCGATATTCAGCAGAAGCTCATCCCCGCGATTGAGTCCGCTGATCTTGTCGTCGCGAAAACGCAGAAGCTGATTAATGCCGCGAAAGTGCTGGGCGTGCCGTTCCTCGTGTCCGAACAGTATCCTCGCGGGCTGGGCAACACGACCGAAGATTTGGACATTTCCGGAGCGGCGATCGTCGAGGACAAAGCCATGTTCAGCTGTCGCGAATGCGATTCGATCATGGGTTTTCTTGCCGATAACGCGATCCAGACCGTGCTGGTATGCGGCATCGAGGCTCACGTTTGCGTTGCCCAGACAGCTTTTGACCTGATGGCCAGCGGGTTCAACGTCCACGTGGCTGTCGACGCGATCGGGTCGCGAAACCGCGTGGACCGGGAAGCTGCTGTCTCGCGGATGAATCTTCACGGAATCGCAACGACGTCCGCAGAGGCGGCTATTTTCGAGTGGTGCGAAACGTCAACGGCAGCTGAATTCAAACAGATCAGCGAACTGGTGAAATAACCCGAACTCCCGGGTATTTAAGATTCGAATTGTTCCTGTCGCGTGATTTGGTGGCCTTCCAGGAAGGGTTCTTCATGGCGTAAACTGTGTGATTGGACGGTAAGGGCCAATTTTGAATCGGCCTGCCGGACCAACAAAACGCATAATTCAGCCAGGACGCTGATCGGGAGAAAAAGTGAGTAACATCGACGACTATTTTGGTGGTAGCAAGAAACGCAAAGTCGAACCAATCGACGAAGATGTAGACGTTTCAGACGACGCCAATGAATCTACGTCGGATGAAAAGCCGAAAGCAGGAAACTGGGATTTCCTCGCAAACATGTTTGGAATTGCAGGCGGAAAGAAAAAGGAATCTGGTTCGGATGATCCGTCGGACGCCGTTGCAGATGCTTCCGACGACGACGCTGACTTCGAAGACGCCGATGGCTATGACGCTGACGGTGCCGAAGAAGCAGATTTCGATGATGTC
CP042912.1_gap57	2042815	2044241	1426	CCAGCTCCAGAATCGATTGGCCATCGACCAATTCCGCGTTGTCGCAGGTTGCCTGAAGCGCCGCAGACTCAGCCTCTTCCAACGTGCGGCACGCGTCGTCCCAGAAACAGCTGGAGTACTTGCGATGAGGCCCGAGCATCAATCCGTACAACTCTGCCGGGACTTCGTAATGTTGCTCGTTGGCTTTCTCTGGAACCAAAGCAACAGGACCATCTGAGAATTCGCGAGCCAGTTCAACTGACGCCGCCTCGTTGGCTTCAACGCTACCGCGATCCGCTGCAGCAAGTCGCTTTTGCAAAAGGCCGCGAATCCCGCGCCGTGTAAAAGCGTCCGGGATGAAACCAAGTTCGCATGCGTTAATCAGAGTTTTAGTGAGCATCCGGATTCAGGCAGGAATTCTGCGAAGGTAACTTGATCGAGCGAAGCAAAAGGCAGGGCATAATTCAGCTATAATTATAGCTGATTTGGAAATTACCGATATTGGACAGCATACAAACATGGCCGACCATTTTGGCGCTACGATCTGGATTGACGCGGATGCCTGTCCGGGAGATATCAAAGAAGTCATCTATCGCGCTTCCAAACGGCTGAAGATTAAGGTAGTTCTGGTTGCCAATCAGTCAATCTGGACGCCTGAGTCAAACCTGATCACGTCCATCACGGTACGCGACGGAGCCGATATCGCCGATAACACGATTGTTGAAAAAATGAGCCCAGAAGACATTGTTGTCACGGGTGACATTCCTTTGGCAGCTCGGGTTGTCGAAAAAGGCGGAATCGCAATCGGGACTCGGGGTGAACTGTTCGACGAAGGCTCCATCCAAAGTCGGCTGGCGACGAGAAACCTGATGGAGCAGTTTCGGGCTGCAGGTATGGAGACGAAAGGACCGAAACCGATGAGCCAGAAAGACGTTCAGGCTTTCGCGAATCAGCTGGATCGACTGCTCACGACGCTCGAGCAGGCCAAATCAGACGAGTAGCGAAGCGGCCCACGACGATGGCGGTACCAAGCTGGCTGAGCAGCAATCCGTGGAAGATCTTGAAGGGCAAACTGTGGCAAGCTACGGAAATCGCAGGACGCAATTTTCTCGGCTGTCGTTCAATCTGAGAATGGATCGACGACTGCTTTTTTCATTTTGACAACAGCCGGTTTCTCGAATGGCATTTTCCGTACTCGAAAGCCCATGCTCCGAAACAGGAATAGTTGAACCATCAGAACGACGGACGCGGTAAGCAAACCAAGGAACAAGTTTCCGGATCCCGCGACGAGCAGCGGGAGTCGTGAAAAATCCGCCAGCCATATCCCGATCGCCGGTATGACGAAGTAAATGACTGCAACCAACGTTAACACGATGCCGAATGTTTTTGTCGATGTCTCTCGCATCAGCCAGAACGCCGGCAGCAGGAAAAAGGTCCCGATGGCGAT
CP042912.1_gap58	2046865	2048184	1319	AGTGGCAGCCCATATGTTTTGCGGCTGTGACCCATTTATAGTGATTCTCAACCGCCTTTTTGCGTGCTGCGTCGTCCGGATTTCCAAGCTGGCCTTCGCCGTCGACCATGATTAGCAACGACTTAACGCCGTTATCGTCGCATCGCTTGATCATTTGGTCCAAATACGCCGTGTCTTCGGCTTTGTCTTTGAAGAACTGATTGACGTATTCAATCGCGTTGATTCCAAGGTCTTTGGCGGTTTTGGCGAACTCGAGGTTGTCCATTTTGCCTCCGCGAAGTTCGCGGTTGAGCGACCACTGAGCCAGCGAAATTTTGAATGGAGGCTCATCAGCTGGCTTATTGATCGCAGCAAATGTCGAGGTAGCCGGTGCGGCAAGCGTCAGGGCTGCTGCTGCCGATGTTGCCGCGAGAAAGTCGCGACGATTGAGTGGATTGGTCATTGGTTCTCCTGTGTTAAAAGTTCTCAGCGTGGCTCTATCATATACGGCGGGTCACAAATCTGAAAATACAGGGAACGACATATGCCAAAAACCGCAGTTTCTTTCGAAGACGTCCAGTCGGCGCATGAAGTCGTCGCCAAGTTTGCTCATCGTACTCCGATTTGGACGTGCGAAACGCTCGATCGGATCAGCGGTATGCAGCTGTTTTTTAAGTGCGAGAATTTTCAGAAAAGTGGAGCTTTCAAGTTTCGCGGCGCGATCACGGCGGTCAGTCGCCTGTCAGATGCGGAAAAGCAAAATGGTGTCGTGACGCACAGTTCCGGAAATCACGCTGCGGCTTTGACTCGCGCCGCGGCGATCAATGGCGTCGAAGCACATATCGTGATGCCAGAGAATTCTTCGAAAATCAAAATCGCTGCGGTTGAGGAATACGGCGGGAGGGTCACGCTTTGTAAACCTACGCTCGAGTCGCGCGAATCGACCGCGGAACTGGTTCGTCAGAAAACCGGAGCCACTTTGATTCCGCCTTTTAATCATCCTGATGTAATCGCCGGACAGGGGACGTGCGCGAAAGAGCTGTTTGAAGATGTTGAGTCGCTCGACGCCATCGTGGTTCCAATCGGAGGCGGCGGTTTGATGTCGGGTTCTTGCCTGGCCGCGGCGGCAATGTCGCCCTCAACCAGAATCATCGGCGCCGAACCGGCTGGAGCGGACGATGCATATCAGTCGCTGGCGGCAGGGCGAATGATTCCGCTAGAACGCGCGAATACAATAGCCGACGGTTTGCGTACCAGTCTCGGCGATATGACGTGGCCGATCATTCAAAAGCACGTCGAACAAATCGCGTTGGTATCGGACGAAGAGATCGTCGAAGTCA
CP042912.1_gap59	2049814	2053816	4002	TCTGCGTCCGATGGTTCTGCATCCGAAAGCAGAGCCTGGCCTCGCGGATCGACGAAGTTTGCGACACGTTCCCGCAAAACTGAAACGAAGTAGCCCATCACGTGCTCCAGCGGACTCGCGACGCCGAACAGATAGGGATAAAGATTGCTTTCGCTGACTCGATAGCGAAGCTGACCATTGATTCCCGTGGTCAAGTTGTCTTTGGTGACCGCTTCGATGGTGTCCTGGGCCTTCGATGGATCCCACGACAAGTCAACGGCTTGAGTCGCGACGCTGACTTTCCGCACGCGCTGCCACGGCATTTTGAAGTACGGCCCGCCTGGTCCGACGACTCGAACTTGAGGAAACTCATAGCGTTCCTCTTCTTCGCTGGTCATTTCGGATGGTTTTTGCAACGTTTTTTCGCGAAGCCGCTGAGCCTTGCCAAAGCTTGTGACGACGGCGCGTTGGTCAGGGCTGACGGTATAGAAACCGCCGATCCCTGCGCGGAAAACGGAGTATGTCATGACTCCCAAAGCAAGGAAAACTAAAAAGACCATCAGTCAAACACCTCGATCAGAAACAGGTTGAATCCACGCTGCATACTACTTTGAGTATAGAGCAATTCAACATGCCGAAGTGCGGTCGGGAGAAAGCAAATTTGGAATCGAGCCGAACGACCGTCGGCACGCGAATCCGACGGATCACTTTTCGGGAGCGTAATCAGTCCAGCCAGCGACCGATGGTTCAGTCTTCTCGCAAAGTCAGCGGATGATCGGACAGCGGATCGTTGACAGAGATCGCAATCGATCCGTCCAGGATTTTCTCGACCAGTTGCCCAACCAGACCTGCTCTCCATCCGGTGGCGAGTTTCGGTGGCGTCTTCAAATCCAGCACGCCCATTCGCCAGGCTGCAAGGTTGCGAACTTCGTCGCTGGTTCCAACGATCGAAGACGCAATGTTTTGCTCACGGCAAACGACTTTCAACGCGATATTGATGAACTGGCCCAACAAGCCGAGGTTCGTCGTTTTGCTGCGAGGCAACTTTTTCGGATAGTCGTCTTTGTTCAGGCTCAACGCTTTTTCGATCGCGTCCGAGATTGGTTGGATCGCGTTTCTCGCAACCCGGTTTTCGAAACCGCGGATCGCACGAAGCCTCTCAATGTCCGACGATCCGCGTTTGGCCAGTTCCGCAATCAGGTCGTCCGCAAGCACGCGCCTCGGTGCGCGATTTTTTCGCTCCGCTTCACCGTCGCGCCATATCCAGAGCTCGCGAACGATCGCCAGCGACTTGCGGTTCATGTTCGCGATGCCGGATACTCGACGCCACTGCGGTTCGTCAATTGTTTTCTCAAGTTCGCCCTGCCACGAATTCATCTCGTCACGAATCCAGTCGCAGCGACCGAGCTTGGTCAGCTTTTTCAGAATTTTATTGTACAACGGAATCAGGTGCGTTACGTCCTGAAGCGCGTACGCCATTTGTCGATCCGAAAGCGGTCGCCGAGCCCAATCGGTGCGCGTTTCACCTTTATCCAATGACTCGCCAATCACGCGCGAGACAAGATTTCCGTAAGACGACGGGTAGTCCATTCCGATCAGCCCGGCAGCCAGTTGCACATCGAAAAAGTTAACCGGTCGTTGGCCGATGGCTCGATAGCAAAACAGAAATTCTTCTCGCGCGGCGTGCACGATCGTTACATGGTCACCGGTGCAGAGAGCTTTCCAGAACAGGTCAACGTTGCTGACTTCCATCGTGTCAACAATCGCGTACTCTGATTCGGTCGCGACTTGCAGCAAACACAGTTCGGGCCGGTATCGGTTCTCTGAAACAAATTCAGTGTCAAATCCGATATACTTCGCGGACTCAAGCCGCTTGCATAACGATTCCAGAGCGCTGTCGGTAGTTATAAATTCGAATTCGGGAAGTTCGGACATCCGGGTGGCGGGGTTGGTCGAGGGCAATGTTAAAGTTTAACTCAAGCGGCGAAAACTGGATACGCCAAACTATGAATCACACTCACTCAGCTCGTAAAAATACCGTTGGTCTTCTGGTTAGCGTGAGAAGTCTTCGCGAAGCCGCGGTCGCGGAAAGTGCTCAATGCGTCACGATTATTGACCTCAAAGAGCCTGAGCACGGGTCGCTGGGTTGCGTTTCGATCGAAGTCGCCAATGCCGTGCTAGACGATCTTTCCGGTGATTCTCTGAAAAGCATCGCGCTCGGCGAAGCAAAAGATTGGCCCGTTTGGCCGCAGGTGGATGCCGCGATTCGAAATCAAGTGCTCGCTGGTTTCGATTTTGCCAAAGTTGGCCTCTCCGGGTTGGTTGACCAGCCAGATTGGGTGTCGCGATGGAAGATCTGTTTTGCTGGGCTTCCCGATCGAGTTCAACGCGTCGCTGTGGCTTACGCGGATGAAGATCTGGCTCAGTCGCCATCGATTGAGAGCGTGATTGAAGCGGCGGAAGAAGTCGGCTGCAACGTTCTGTTAATCGATACGTTCAATAAACAGCACGGCGGTCTGTTGAAGCTGCTGACGGAACAGCGGCTGGCTTCGATCATTCAGTCAGCGAAAAAGCGGAAACTGAAAGTCGTGCTTGCGGGATCGTTGACGCATGAAGACGTTGCGGCGATCAGACAACTCAGCCCCAGCCTCGTTCCGGACCTGATCGCCGTCCGTGGCGCGGTTTGCCAGCACGACCGAAGCTCCGCTATCGATGCCACGAAGATCGAGGCCCTCGGCAGTCTGCTTTCTTCACAAAGCTGACCGACAGATTAAATCTGATCTGGTGGCAACTACCCCACGCCGATCGCAACGCGCTATGACTGCAGCCAATCCCAGGCTGGGTTGAGCTGGAATTAGGCCTGTCGCGCATCGGCATGTTGTTCGGCCAGCCATGACTCGATTTTGAGTTTGATCTCGTCGCGGACCTCGCGAAACTTCTCCAGCTTTTCCTCATCCGTGCCCGATAGTGCCGCCGGATCTTCGAAAGGCCAGCTAAGCGTCTGTAGCACGTTGGGCCAAATTCGCGGACAGGAAGTCTCGGCTTTGTCGCACACAAAAACAACATAGCGAGCGGCGACTTTTCCGAGATAGTCGCTGAGCGGTTTCGAACGATGGTCTTCAAGGTCATAGCCAATCTCATTCATCACCTGAACGGTGAGCGGATTGACGCCAGCCGGTTCCAGCCCTGCGCTGTGGACCTCGAATCGATCACCAGCTTGCCGACGCAGAAACGCCTCCGCCATTTGGCTACGCGCAGAGTTTCCAGAACAGAGAAAAAGCACGATCGGTTTGGCCATGGTTTGGATTCCCAATTGAATAAGCAAATGGTTTGATGGAAGTAGTCGAACCCCGAAGCAACAGCAAGGCGACGGCAGCGTCTTGCTCAAACTTCGAGGTGGACCACGGACAAAACGCGTCCAAAACTAGGAAGCAATCAGCTCGTCAGCCAGTCGGCGAAGGTTTTCAAGTCCCGTCGGTGACTCTTTCTGCCACGGCAAAATCGCCAACCGATTCGACAACGAATCACGGACTTCGCGAACAAACGGAACTTCATTCTGTTTTCGCTGCAGCAAAACCGGGTCGGAAACGTCGAGCGACTGAAAACTCTGATTGATCACCCACGCATATGGCTCAATCTCGGCCCGACGAAGATCTTCCTGAAGCTGTGTCGCTTCGTGAACCGGTGTCGCTTCCGGCAACGCCACGATCAACATGCGAGCAAATTTCGGATCGCGTAGCCGCGGCAAAAGCTCTTGCACATATTCGGGCATCTCCGTCGTATGACGTGTCACTTCGCGATGGTAGGCCAACGCCGAATCAAGCAGCAAAACCGTATGACCTGTCGGAGCCGTATCAAGCACGACGAAATGATCGCCTCCTTCGGCCACCGCGCGGGCGAACGCACGAAAGACCGCGATCTCTTCGGTGCAAGGCGAACGCAAATCTTCTTCCAATAATGCTCGACCCTGTTCGTCCAGATCCGAGCCAGCCGTTGCCATGACTTCGGCCTTGTACTGCTCGA
CP042912.1_gap60	2057280	2060700	3420	GATGTGGATCACACAGCCATCGGAGTCTGTTCGCCGTTTTGGTCAATTCGTGACCTGGAAAACGTTACGCGGAATCTTGCGGACCTCCGTGTTTCGCCAAATGACATTTGAAAGCCGCGTCGCATCGATGACTTCGACATCGGCCGGGTGCATTTCCAGCTTGTACCAGAACCGGTCGGCGTCTCTCAAGTCGGCAAACTGTTGGGACAGAATCGTCCGAATGGTGATTCCCACGCTTCCGTCAGCGACATGGTCCTCACTCAGCATTCCAACCCACGGGTCGATCAGATCTACGTCGCCGTAGGCTTCCTCAAGCGCCAGTTGTCGCACAGGATCGGCCGTGATGTCGGCGAAAGTGCTGACGGGTGGCAACCCGAATCGCATTCGTACCACGTTGTAGTCCGGCAGTCCGTGATCGCGTCCTCTTTGAATGTTCAGAGATGCCAGGTCGAATCCGCCGGCCCCCGGAGGACCGAACAGAAAGTTTCGAACTTCGCTGGTGACGTGTGGATCGATTTCCTGAGCCTGCTGCACAATCAGACCGCGGATGTATGGCTCGATTCCATGCGATCGGACTTCTGCCGGATTGAAAAACGCGTCTCGCAAGGCCAGATTTCCGTCGTCGATCACGTCGTAGTTTTCATCCAGCCGCATCAGCTCCGTTGGCAGCATCGTATGCCCAAAACGGTAAGCTGCCGTCGTGAAGGTGTTCGAGACGTTTGGGAAAATTTCCGGACGGTATCCTCGGTAAGACCTGAGTGCTCCTTCTCCCAGCAGCGTCGGCAGAAATTCGTTGTACGTGATCGCCTGCATGATGCCAACGACACGTTTGCGTGCTCGAACGAAAATCTGCTCGTCGGTAAGCGTCGGGTACAACGTCGCGTAACGTGTCGCGATCCGGTTGTGCTCTCGAACGAACAGCGTATGCATGCAAGTCAAAGCGTTCTGCTCGTTGGCCCGGATATCGCCGGCGATGAAGAAGCCTTCGTCGTCCACCGGTAACATGTTTCCATCGCTGGTTTTCATCAGTCCACCAGAAAGCGTTCGCAAGCTTATGCTGGTCGCGGCATCGGAGCCGTAGACGTTGGAACCGTCGATCCAGGAAGTAATTGCATTGATCTGTTCGCGTGGCTGATTGTCCTGATTGGTTCTGTATTCCGAGCGAAACAGGAATATCAACTCTGTCCCGGTAGAAAACGGATCAAAGAGCAAGTCACCCGTCGGGACAACGATTGGAAACGGCTCCGGAGGATGCTCGTGCGATTCCGTCAAACCAAAGTCGTGATCAATGAACTGTCCCCACTGCCAAACCATGGAAGTCATGCCGCGATTGTTGGCGATGAACTCTTCGTCCTGGTTGGACACGAGGTTGCTGATCAGTCGCGGGCTGGGGCGGTCGCTGCCTGAGGGAAGCGAGATGCCGTCCTCGTATGCAGAAGGAACACGGCGTCTGAGGTTACCGCCGGCTTGTCCCCACGTTTCATGAGAGAGATTGTTGTTTGATCCGTTGATCGTGCGAAACCTCTGGATCACGATCGGGATTCTGTCTTCAGGTCCGCGTCTGCGTGGCGGGTGAAACTCGTGTTTCGCTTCGTGGTAGTCCTTCGTTTTTTCGTCGCGTCGGTCTCTGCTTTGAGCCTGACTTTCGCTAGTCGGGATCGACGTGATCAGCATCAAGCCAATCATTGCCATGATGGTGTTTCTCATCTTCACTCCAATTCATGTTTACTTTTTGCTTCGTGGTCAAGCAGCGGAAGTGAACCTGAGTGACCTGTTTCTGTTCAAACCTTGAAACGCGAAACGGTCAAGGATTTCTACGCTTTCTAATAAATTTCACGAAACCTTTGGTGGACGAACGAGTTCCCGTCGCAATTAAATGGATACGGAACAGAAAAAGGAGAGAATCATGAAAGACGCAAACTCGAGTGCTGAATTTGATTCAGCTCAAAAGGAACTGATCGCCGAATTCACCAAACATCGAGAGACACTTTGGAAAGCCATTTTCTTTCGGCTGGATCATCGGCTTGGTGGACGCATCGATCCGGACGACGTTTTGCAGGAAGCCTGGCTTGATGCGAACATGCGGCTGAAGCAGTTCGTTGAGGAGCGAGCTTCGTGGACGATGCACATTTGGATTCGCGTTATCCTGAGACAGACTTTGGTCAACGTTCACCGTCGTCACTTTTCGTCCAAGAAGCGTGACGCGTCCAAGGAAATCGGCAACACGGTTAGCGATGGCGATGATTTGCCAACGATGGCGGACTGCTACGTGGGGCGAGTTTCGACTCCTAGCCAGGCGGCGATGAAGAAGGAGTCGTTCATCGAACTGGAGACTGCGTTGCAGCGAATGAAGCCAAAGGATCGAACGGTCCTGACCCTTCGTCATTTCGACGAGCTATCCAATAAGGAAGTCGCAGCGAGGCTTGGTCTGTCAGAAAAAGCGGCCAGCATTCGGTATGTGCGAGCGATCGAGAGATTGAAGAAAGTGCTGGAGTCTCCCGGACCCGCGACAAGTGCAAACTAGGCACTTCCAAAAACGTGAAACCGGACTTCGGCTTGGCATCGCATCGTGCTTGTGATCCACGGCGCGATCGCAAGCTGGCGGTTTGACGTCAGCTGAATGCGACTGCGGATCACAGGTTGGAAGCCGATGCGAGTTGAGTGCCGACGCGACTGCGCGGGGCGATTGCCTGAATGTCGTGCCGCGCTAACAGAGCCAGTTTCAAAACTGATCACTTGGTAGTGGCTGCGGCGTCTCGCCGCGGTATTTCTGGTATTCACTGCGGCGAGACGCCGCAGCCACAAGGTTTTGAAACTGCCTCTAAGCAACCGAAACGTCTGGTTTGTCAGATTTGATGTGCTGGGATTCGAAATCTGCAGCATGATCGTGATACAGCGGCAGTCCGAATCTCATCAGCACGCTACCGTAAAGCGAATAGAACACCGGGACCAAAACAAGAATCAACAACGTTCCGAACAGCAATCCAAAGATCAGGCTGACCGCCATCGGAATCAGAACCTGAGCCTGCATCGAAGTCTCCAAAAGCATTGGAAACAGGCCGGCGATCGTTGTCATTGAAGTCAACATGATGGGGCGAAAACGTCGACTTCCGGCGCTCGCCAACGCGTCTTTCAGCGGAATGCCTTTGCGGACACGAGCGTTGATAAAGTCGACCAATACGATCGAGTCGTTCACGACCACGCCCGTCAACGCGATCAATCCAAAGAAGCTGAACAAAGTCAATTCGATACCGACGATCGCATGGCCAGCGATCGCCCCGAGCCATCCGAATGGAATGATCGACATGATGATCAGCGGCTGAATGTAGGATCGAAACTGCAGCGTCAACAGCACGTACATGCAGAGCAACGCGATCGCAAAACCGACGAACATGCTGCTCATCGACTCTTCATTTTGAG
CP042912.1_gap61	2091097	2093369	2272	GATGCCAGTCAACGTCTTGTTGAACTTCTCAAGCTCGGAAACTGCCGTCGTCATTCGCTCGGCCGATGGGTCAGCCGACGAAGCGGTGATCATCTGATTCATCCCGGATTCGACGGCTTTCTTGATCGAAATCAGCCCGTCGCTGACGGTCGTCATTTGGGCAATCACGCGGCCCAGTCCATCGTCTTCGCTGGCTCCGGAGAGCAGCAAATTTCGCTGGAAGGTACGTTTGATATCCTCCCAGCGTTCGAGTTCTTCGCCTTCGAGTTCGCCCATCAGCTCTTTCAGCTTCAACAGGTTCGCCTGAGCTCCCGTCGTCAAAGTCTGAGCCTGATTGTTGTAGTGCGAACGGATCAGCGTCAGCAATTCCTCGTCGTTCATCACCGGGCGGATCTGTTCGGCGATCTTGTTCATGTCGCGATACGAACCCTGCAACTTGAATGCCGGCTCGGTTCGATAGTCGTCGGCCTGAGCCGCGGATTCGATGTACAGCTGATTCACGTGCAGTACGACATCGCGAACTTTCAACAGCTTTCGCATCACCGAAACGAACTCGTTGACTTCCTCGACCGAGTAATTGCCTGCGAGGCTTTCTGAAGGAGCACCTTTGCTGGCCGCCATCTTGATCACACGATAAACGTCTTCGCGAGACTTCGAATTCAATCGGGCCAGCGTCGAATTCGATGTCAGGCAGTTCTCCAGATAGCTCAGCTCGAACGAATCCGCGTTGCCACCGATGACGTCGCCAAGGTTGTACGTGTCGGCTCGGCTGGCAAGCATGTCCGGGATCTGAAACTTCTCGCCGCTTTCGGTGTACGGATTTCCCGCCATCACAACGGCAACTTTGCGTCCACGCAAGTCATACGTTTTCGTTTTGCCGCCAAAGACGCCTTCGATTCGACGCGTCGCATCACAAAGCGAAATGAACTTCTGCAAAAACTCAGGGTTGCAATGCTGGATGTCATCGAGATAGATCATCACGTTATCGCCCATCTCGAGCGCGAGGTTCAGTTTCTCAACTTCCTCGCGAGCACTCGCATTCGGTGCCTCGTTCGGATCAAGCGAAGTCACCTGGTGACCGATCGCCGGACCGTTGATCTTCATGAATGTGATGCCCAGGCGATTGGCAACGTACTCCATCAACGTCGTCTTACCGTATCCCGGTGGCGAAATCAGCAGCAGCAAGCCCATCAAATCGGTTCGTTTTTCTTCGCCGACGACGCCCATCTGTTTCGCCAGGTTGGCACCGATCATCGGCAAGTACGTGTCGTTGATCAGCTTGTTGCGAACAAAGCTGGTCAGCACGCGTGGCTTGAATTCGCCAAGCCGCAATTCCTCGCGGCGTTGGTCAACGATTTCTTTTTTCAGATGCGTGTAAGCTTCGTAGGCCGGAACGGTGTTGGTCTCGAACTTTGCCAGACGAAGCATGAATTCGTGATAGTCCAACTCGTAGATTTTGGAGTCCACTACGCGATGGTCGCCGAGCATTCCTTCGATCTCGACAACGGTCTTCATGTCCAGCATCTTGCGATGATCGGCGTTGCCTTCGATCAGAATCGCCGCTGTTTCTTCAATGTAATCCCGCAAATGTGGATCAGTTTTTGCGTTTGATTCGACAAAAGCTCCAACCCAACCGCAGGCGATTTCGAAGCGTTCCTGAATCGATAGTGAATCGGACCCAAGTGTTTCGGCAAGTTGATTGCCGCCTTTTTTCTTGGCGATGAAATCAGTGAAGCGATCACCAAGCTCGGTCGCGGCTTTGCTTGACGGCCACTTGCCTCCGGAAGCCAGCTGCTCGTAGAGATATTCGGCCGTCTCGGAAACGGTGGCAACGTTTTCCAGTCTGTGATCGTTCTGAAGTGAAGACAGTTTTTTCGATCGGGCATCGACCGTGTCCACAGCTGTCGTGTCCACAGGCTGGAAGTCTATGTCACCTTCACCAGCGAGAATCTCAGCCCGTAACTTGTTGATGTAGTCTTCGCGTTCCTTCAAGCCGCCGAACAACTTCGTCGCTGCACCAAGACTGGCCAGTTTGTCTTCCCAAGCCTGCTTCACGCCTGGACTCAGTTCGCCCAACTCCAGCCAATACATCGCCGCTTTGGCGCGTGATTTCGGCGAGTACTTCAACAGCCCCAGATCCAAATGCATTTTCAGCAGCTGGCTCAAAATCAGGTTCGCGTCATGATCGTGGACGCCTTTGATGTAACCTTCGCTGTAGCGGGGTGCCATGAACTGGCTGACCGTTTCAAGGCGTTTTTCATCGTCCGCCTTG
CP042912.1_gap62	2095385	2100049	4664	CCCACGATCGCATAGAAGATTTCTGCGTCGTCAAGCGTCTGGTCAGGATCGTCAACGGGCTCGGCATAGATGCCTGACCCATCTTCCGTGTTGTCTTCGATCTTGACCGTCAGGTCGCCGCCGACAGTTTCGATGTAAACGCGGTCTTCGATCGAGATGTGCGGGTGCAGTCCGCCACGATGGAACTCACGCGTCGTACGCTTCCATTTAAATTCGTGTTGCGGCGGATATTTGACTTCGTGATCGCTGCGATTGTCGATGTACTTCAGCTTGTCGCCCTGCATCAGAAACTTGAAAGTCTTGATGTCAGTCAGCGATTTTCCGGTTCGAAAAACCAGATAGAGGTACGGCCCGGAGACGTGAAATTTCGCGAATCGGGTGTCTTTGTAGTATTTGTACAGCGCGTGGAAGTCAACGCCGAACTGTTTATCGCTGAGCAGGTCGAGCGATTCTTCGTGGAAGCTTCCGTCTTCGAAGCGGTAGACCGAGAACACGTCCGGAAGTTCCGTGACGGATTTCAGGCCCATGTGAACGTTGTAGCCGAAGAGAAATTTGTCTCCGATCGGCACGATGTCTCGAGCCGTGCAATTGTGCTCGGTCGTGATTCGTTGTTTCGAAACCAGCTCGGTTGGGATCGCTCCGAAAACGTTACGCCGTTCGTTGTTGAGTTTTTGCAGACGTGCATCCAGTTCGGCAGAATGGGACTTCAACCGGTTTTGGATGATCTCGTACGTGCCGCGCTCGAGCGTTGGCTCGTTCGGATCGGATTGCGAATCAGGTTGTGTTTCTGTTGGTGGCATAGGCTTTTGGCCTGTGAGCGCGCTGGATGGATGATTGGAAAATTATGAAGGTGGTTGGCGACTGGCCTGTGCCGACGTGCCTTTGTCGACATTCGGATCACAGGCAAGCCTATGCCACCTTGGGTTTTGGCTGAACAGAGGCTTGTTGCCTCTTTGGCGTGAATGCGGCGGCATAGGCCGCCACCACGAGGTTTTCAGTGAGTTCACAGGCTGGAAGCCTATGCCACCTTTGCCTACGACTTCACGCTCAGCTTCTTCAGAACTGCACCGGCGTTTTCAGTCGCGACGCCGGCCTTGTTCGCCATGCCCATCATCGACTGGAGCTGTCCCAGCACGTTGACATCGTTGGTCAAGCCCATCATTTGGCCAAGCAATGCCGCGACGCTGAGATTCTTCAGGTCTTCGCTGCTGATGCCAAACATGTCGATGTGCTTTTTGATCTCGGATGAAAGCTGAGCCGGATCGCCGTTGAAGAAAGTGTTCTTCACGTCGGTCAAAACCGTGCTCTCACCGACCAGGCGATCAACCTGCTTGCCCGCCGTAATCGAGTTCACGATCGAATCGAAGAACTGTCCGTCTCCACCGACGATGTCGATGTTCGCTTCACGCAACGACTCGGCAATCATGCCGGCCTGAGCTTCCGCGATTTGACGTTGAGCATCGATGCCCGCCAATTCGATATCTTTCTCTTTCTGGAGTTCCAGTTTGAACTCTTCGTGCTCGCGACCGACGCTGTCGAACAGCTTCATCGCTTCCGCCTTCTCGGTGATACCGCGAGCGTCGGCGCTGAACTTCAGTTCCGCAACTTTGGCTTCTGCAGTACCTTCCTTTTCGATCGCATCGGCTTTCGCAAGGATCACATCCGCTTCGGCAAGTCCCGGAGCCGCAGTTTCGGCCTGCAAAGCCTCTGCCAACATTTTCTTCGCGTCGGTTTGCTTTTCCGCAGCCGAACGTTCCGCTTCAGCCGTCACGATGACGGTTTCCGCATCGAGAGTCGCAGCCTGTTTCTTGGCTTCGGCAGCCTGAACCTGTTGAACCAACTGCTGTTGAGCCAGCTCTTCGGCGGCCGTAACGGCAACCTGTTTCTTACGATCAGCAGCCGCGAATTCGCGAGTATCCTTGATCTTTTCTTCTTCTTCCACGACCGCACGTTCAACGATGACTCGTTCGCGGATGACGTCCTGGATGTTCTTCTTCTCGACTTCGACCGCTTTTTCTTTGTCGATCTGAGCCAGCGTTACGATACGCTCGCGCTCCGTAATCTCAAGGCCACGATCTTTCTCGACGCGTTCTGTTTCCACCGCTTCGGTGCGTTCTTTCGATTTCGCAGCAACGATCACAGCACGCTTCTTGTTCTCTTCGGCGACCAGAATTTCTTCTTCGGCGCGAATCCGAGCCGTTTCCTGTCGCTGACGTTCTTCTTCCTGGACGACTTTCGCGTCCGCTGTTTGACGTGCCGTTACTTCAGCGATCTCGCGCTGCTGTTTCTCTTCGGCTTCGACCTGTTGACGTTCGAGAGCCAGAATGGCTTCGCGAGCTTCAACGTCCTGCTTCTTCAGCGTTTTCTCTTTTTCACGCTGGATGAAGTTCGCACGCGTGATTTCTTCGGCCGTCAAATCGGTGATCTTCTTGATACCTTCAGCGTCGAGAACGTTGTTGGGATTCAACTTCTCAAGATCCGTTTGCTCAAGGTAGTCAATCGCCGCGTCGTCAAGCACGTAGCCGTTGAGGTCCGTGCCGATGATACGCAAAATTTGCTCGCGGAACTTTTCGCGAGAGTTGTAAAGCTCAACGAAATCGAACTGTTTACCGACGGTTTTCAAAGCTTCGGAGAACTTTGGCTCGAACAGAGCACGCAGGGCTGTTTCATCAGACGCACGATCGCAACCGAGGAACTGAGCCACGCGTTCGACGTCTTCTTTTGTTTTGTTCACGCGAACGAAGAAGCAAACCTTGATGTCGGCTCGCATGTTGTCGCGACAGATCAAACCATCTTCGCCCGAACGATCGATCTCAATTCGCTTCACCGAGATGTCCATCAATTCGGCTTTGTGGAGAATCGGAATCACCCAGTCGCCTGAGAAGCTCACGTTCGTTCCGCCCATACCGTTTCGCACGATCGCAGAACCCTGATTGACTTTGCGATAGTAGCGAAGCATGAACACGAACGCGCCCACGGCGATAAAGAACAGGGCGCCGCCGAGGATCATAAAGAACCAACCCATAGGGCTGATCGCGAGTATGGTGCTGTCAATCATTAATGAATCTCCCAATTTGAAATCAACCGAAGCTGTATCGTTAAGTCTATTTGTCTTCCCACTTACACAGTTCAACCATGTAAGTGTCATTTTCGTAGTTGTAAGAAAGAATCCTGGCAGCGTCGCCTTTGCCAAGATTAGGTTTGTCAGGCTGCTTGCGAGCGTTGATGACCAACTCGGGGCCGTCCAACTTTATGCTGACCTGGCCAAATGATTCGGTGACTTCCGAAGTCGTTACCGCTCCGATCATTCCGATCATCCTGTCCCGCGTCGTGTCATTTTCTTGCGGCTTAAACCCTTCAGCGAAAGGACCAAGGATCAGGCGAGTCAAAAACAAACAGGCCGCGACGTTGACTGTGCCAATCAGCAATCCGGCCAACACGTTGCCGCCAGGATTGAGCAAATGGTTTCCGAGAAAGCTTGCCGCCCAGAAAAGCAGAGCGAAAACACTGGCGACCAAAACAACTGGCACGTGATTCAAGTGCATCAGCTCGGCAAACGAGCTAAATCCACCTGTGTGAGTATCGAAGTCGCCGTCAACGTCCAGCACATTGAGGTCCGTATCGAAATCGATGTCGATAGCGTCGACTCCGATGGCTCCAACAATGACCATCATCCAGTACAACAGGCATAGCAACAGCAGGCCTGTTGCCGGCAGGTTCACCAATTGAAATGTTTCGTTGATAAAGTCGATCATGTTCTTTTCGATCCGTTTGCACTGCGTCATTGGTTGCGCAGTGAGCGAAAATTTAGGTCACGGCTAACCCGTGTCTGGCTTCGTGCCAAAAAATCAAGGAACGTTTGGACGCAAGAGAATCGTCACAATCGGAGGATGTGTTAGGATTCCGGACGTCCGGTTCCGTTCAAGATTCGACCATAGTTCGCGGCCAATACCAAAATCTTGGAAGAATTCGCGACCGGAAAAGCCGCTAGATTGCGAAGGAACGGCAAAATACAGGCTGCCGGAGGGCTTGGCGTCGCTTCGGGCGGCTAGTGTTGATGGAGAGATCTCGCATCGCGGGTCCAGGCCTTTCGTTTAACGGCAAGCCGTAGGCGACTGCGTCATCATGCAGCACCCGTCGCCTGCGGCTTGCCGTTAAACGAAAAAAAGCAGTACCCGGTCGCCTCGGACCCCACCGAGCGACGAAGTTAGTTTTGAAACCGAAGAAGAACCGAGATTCGATGTCTGAAGAAAACCAACCTGCTGAAAGTCCTGCCGAGGACGTTCCGCTCAACATCCGGCTGGATCAGTTTCTGCAGCTTTGCGGAGTGCCGACTGGCGGACAGGCAAAGATTCTGATTCAGGATGGACAAGTCACTGTCAATGGTGAAGTCGAGACTCGTCGGCGGAAGAAACTTGTGATCGGTGACGAGGTAGGTCTCGATGGCGAAGTCTACGACGTCGCGTTGAGCGCTGACGAAGAAGAGTAGGTCAGTCTGTCTCAGACTGACACCGGACTGTACGAGTCTGGGACAGACTCGGCTACTAAGTTAGGCTCGGTCGAACGAGTCTGAGACAGACTCGGCTACTAAGCCAGACTTGGCTACTGAATTTGGCCGTTGGAGCATGGGCAGATTTGCTTGCTACTGCCGACGCGCGATCCCG
CP042912.1_gap63	2107752	2109295	1543	TTTGATTGAGAAGCTGGTGGCCGAACGGATTGGAATTACAGCGCATCTCCGCAAGGCATTCACTCCTGTGGGGAGCCGCCGCATTCAAGAGCCGGATTTGGTGCGTCGAATGAAAGCAGTCGACATCGCGATCCGCCGCGCCAAAGAAAAGATTCAACGAGCCGGCCACTATGAACTGCTTCGACATCTTAACGATACGGTCGAAGTGAAGGTCAAGTCTGGTTGCCGCTACCACTCGACGGCAGAACCGGTTTGGCGTACCAGTGCCGTCGCGTTCATTGCTCCGAATCAGCCTCGATAGTCGGCGATCGCAACAGTGGGGCAAAGTTGATAAAAAGAACTTGGTTGTTAAACGGTAGGCACAATTTGCGTCTGGCACACCCATGGGCGGCGTCGATCTCTCAGTGTTTCCGCGATCTTCTTGTCGCGAGACAATGTGGCACTTTCGTGCTGTCCTGGTTGAGCAAAGTCATCAAACGATTCCGGCAGCAATTCCCTGGTTTTGGCGACGCTTGCATCGGCTGCCGCATTCCGCGTTAGCCACCGATGTGGGCTTGATTCTTTCCCGCAGCAGCTGCTCGCGTATTGCATTGCTAGCAAATTTCGTTTTCTTCATGTCGCGTGGAATTTGTACGTGGCGCGTGGTGTAGTTCCAGTCGGATGAAGGGCCTGCGACTTGGAGCAGCGCCTGAGTATTGGCGACACGTTGCACAATGGATGTGCGACAGGTTTGGGAAGAGCCGTGGGGAAAATTGAAAGACAGTTGACGGATTCCGACTGTGCAGTTTGGGCGATAAAAGCCATTTGTTTTCAGGCAGGAGTTTCTGTTCCACCAGCGAACACGATTCGACGTCACATCGATCTCGAAGATGGTGGAACGTCGATTCGAGGCGTACGTGATGCGTTGTCGGAGTTCGGTGTCTCCGCGCAACCTGTTCAAGGGCCATCGGATGCGATCGATCAAGCACCATTGCCTGCGATCGCGCTAATTCGCGTCGCAGGTACGCTGCTGCACTACGTCGTCGTGCTCGAAGCGAATCGAAACCGAGTCAAATATTTGGATCCCGGTATCGGCGGAGTAGCCGTCGAGGTTTCTTCCAGCCAGTTTGCCGACGTGTTTACCGGCAGTCTGATTCTGTGCGAACGGAAACCGGACTATGTCGCGGTGGATTTCGGGCAGGAAATCGATGCGAATCGTTTTCTCGTCGGCGCGGTAGCTCACGAGTCCAATGCGGCAACCGCGTTGTGTATCGGAGAGGTATTTCAACTCGCGCTACTGCTGATCGGAATCTTGATGCTAAAGAATTTCTTTAGCAGCTCTTCGTTGGGAACGCCAAACTTCTGGTACTTGGGTGGAATAGCAATCTGCGCTGTTCTTTATCTGTGGATCGGAAAGCTACACCATCTGATCAAAGCTGATGTCAAATCTCGCGCACTACTCTCGTTGTTCAACTTTTCAACGAGCCTGATCGAGCAGCACGAATTCGACCCCAAGAAAGGCCTGCGTCAAGCTTCATCGCGGTGTGTTGGGGCAGTGACTTCG
CP042912.1_gap64	2110467	2111199	732	CGTAGCGCGACATCGCAGTCGCAACACTTGGAAAGAGAGTGGGCTCGAGCACAGAAGTTAGCCAGTCGCAACGCAATCTCTCAATCGGAAGCAGCCGCTTTACAGGCTGATTTCGAGAAAGCGAAACAGGATCTTGCAATGGCTCAGCTCCCCATTGCCGACTCAAAGATTGCTGAACTGGAATCCAGAATTGAATCTCTTGTTGCCAGCCATGAAGAACAGGTTCATTCAATCGAAACCGAGCGACTGGGATTGCAAAACAGATTGTCGGCTGCTCGCAATGAAGTCGAGCTACTTGAATTGAGGATTCGGCAGTGCGAAATCGTCGCCCCTTCGGACGGGCAGGTCTCCCAGTGTTCTCTTCGAGTCGGAGACTGGGTTTCGCCCGGGGTCGTCGGCATCACCGTCTCAAAAAATGGCTTTATGGCTGAAACGCTGCTTCCGTCGAGCAAGATCGGGAGCGTTAAAACGGGCGATCCGGCATGCATCGTCGTTGATGGTATCGATTGGCTGGTCAACGGTTCGTTGAAAGCTCGAGTGACCGAAATTTCTCCGGACCTTTATCAGAAGGAAGTCGTTCAGGGAGACGGATCACGGGTCCGCGTGGATGGCTATCGGGTTCGGTTGGAACTGGATGCTGACAGAAATGATTTTGAACGATGGGACAGCATTCGCCTCGGGATGACCGGGATTGTCGAAATCGAAACCGGCCAAAAGAAACTGGCAATTCAC
CP042912.1_gap65	2122973	2124164	1191	CGATCGCCGGATGGAAATGAAACGGAGAACCAGACTGGGCCTTCCAGATTGCATCGATGATCTCCCATGAGTTTCCTGTCGCTTTCAGTTTCTTGTAGGCTTCCTCGGTCTCGCCAACAAACATCATGCGGGCGATCTCGTCAAGTTTGTACTTTTCCTTGACGCCGTCGATTTTCTGAATCAGATCTTTGAGCTCCTGCGGAATCTCGTCAAAGTCGCCTTCCGACATTTCGTTGCTGATCGCCAGAGAGAAGCAGATCTCCTGCATCAGCGATTTCTGTCCGTTATCGGTTGCCAGACCTTTTAATTCTTCCCACTTGGATTCCTTCAGTTTTGCCCCAAACTGCTTCAATGACTTTTTTGCGGCGACGATATCCGGACTGTCCTTAACCGCGGCCTCGCTGTTGGCGTCTGCCTGGCCAAAGGCGAATGTCGCGCAGACAATGGTTAGCAAGATTGCAGAGAAAGCTGAGTGGTTCATTTTCATCGAGGGCTCCGTAATTCTATTTCGTCGGTTCGTCCGCAATCCAGGGCCAGACACGGCACCGTTCGGTTGAGCGAGGCGACATTGGCGGCACTCACGAATGCCGAACAGCACCTAGTGTTTCCGCTCGGCGTAGTCCCGGCAATAGCAGTTCCGGCACGGATGGGATTCAGTTCGAAGCGATTCCAAATTCGTGACGGCCAATGCAATCAATGTTGCCCGCGCAGCAGTTGATATCTGTTAAAAAGGGTGCCCATTTAGTAAGTGAATTCTTTCTTGGATTGCCGCGTGCATCGCTCCAAACTGACGATTTTCGCACTCTCAGCATGCACGCTGATCGCGCTTCTGCATGTTGGGTGTGGCGATTCACCGAAAGCAAAAATTGCGCCGACCGTTTTGCCAGTTGTGAACGGCCCGGTGGCAACCGAAGACCTGTCTGCAAGTCAGAATACAAAGTCTGAAGGCATCGAAAATGGTGACCAACGCGGCGACAGCCACATCGAAGAGGCGAAAGCCCATTTGGTTGATGAAATCTCTGGTTCAGAATCTCTTGAGCAGCAGATATCGGCGAAGCTGACGGAACTTGGTGACCATTTCGCGTCGGTTGTTTCTGATTCGGACGACAACGCTGGCCCCGTCCCGGATTTCATCGCCAGCCAGTTCAACGGTGGTGGCATCGACCAGGATCGCTTTCAACCGCGGTTTGA
CP042912.1_gap66	2131336	2134425	3089	CTGCTCGACACGGATGATTGCGAAGTCCTTGCGGCCCTGAGTTTCGCGTTCTTTCATCAAATCGACGGCGACTTTGCCAGACGCGATCAACACGCGAGACGGGTGGTCGAGAGGACCGACATCCGGATCGGTCAGCACGCGTTGAAACTTGCCGCTGGTGAATTCGTCCAGGTTCGACATGACTTTGGCTTCGCGCAACAAAGCCTTCGGCGTGAACACAATCAACGGCTTTCGCCATTTTCGAATCACCTGGCGTCGCAACAAGTGAAAGTACTGGGCAGCAGACGTCGGATACGCGATTTGCACATTGTGCTCAGCCGCACCGGTCAGGAAACGCTCGATCCGGGCGCTACAATGCTCCGGTCCGGCACCTTCGAAACCGTGAGGCAGCAGCATCACCAGCCCGCTAAGTCGATTCCATTTGTCTTCGGCGCTGAAAATGAACTGATCGATGATCACCTGAGCCGTATTTACGAAATCGCCAAACTGAGCCTCCCAGCAAACCAGACCGTCCGGATAATCCAGGCTGTAACCGTAATCGAAACCAAGCACGCCGGCTTCGCTGAGCGGACTGTTGATGATGTCGACGTCGGCTTGAGCTTCGTCGATGTGCCGCAAAATGTCGTGACGCCGTCCGTTCGTCGAATCGTAGATCACGGCATGTCGTTGACTGAACGTGCCGCGGCCAACATCCTGTCCGGTGAGTCGGACCGGGTGGCCTTCGATGGCAAGCGAACCAAACGCAGCCAACTCAGCCATCGGCCAATCAATCGGACGGTCTCCGGTGGCAGATTTTTCTCTTGCCGCCATGATTCGCGTCAGAGTTCGATGCGGCGTGAATCCATCCGGATGCGACGCAATCTGCTTCAAAATATAAGTCAGTTTGCCGGCCGGAATTCCCGTATCAGGATCGTCGTTGAGATTTTCGACGCCACCGGTGTACTCCGACCACAGACCGTCGCCACTTTGCGTGTCCGGTTTGAAGTTGTCCTTGTTGCTGGCCGCTTCAAATTCGCGATCCAGTTTCTCGCGACGGACCTCGGCAATCGAGTCCGCTTCTTCCGCCGTCACTTCGTGCATCTTCAGCAGGCGATCAAGATAGTTGTCCCGGACCGTTTTGCGATCGTCGATCTTCTTGTACATCATCGGCTGAGTGAATCGCGGTTCATCGCTTTCGTTGTGACCGTGACGTCGGTAGCAGTACATGTCGATCACGACGTCGCGGTGGAACGTGCGACGGAACTCCATCGCCAGATTGACAACCTGTGCGACTGCTTCGGGGTCTTCGCCGTTGACGTGAAAGATCGGAATCTGCAGCATCTTCGCGATGTCGCTGGCGTAAGTCGTACTGCGACCTGCCGCCGGATCAGTCGTAAAACCAACCTGATTGTTCAAAATTACATGCAGCGTGCCGCCGGTTTTGTATCCAGGCAGTTGGCTGAGGTTGAGCGATTCCTGAACGACGCCCTCGCCGGCAAACGCGGCGTCGCCGTGAATCAGCACGCACATCGATTTGGCTTGCCAATTGTCGCCGACGCGGTCCTGCTTACTGCGGCATCGGCCCATCGCAACCGGATTCACGAACTCAAGGTGGCTGGGATTGAAGCACAGCGAGATGTGAACTTTCTTGCCCGTGCTGGTGATCCAGTCGTTGCTGTGCCCGAGGTGATACAGAACGTCTCCACCGCCGCGGTTTGAATCCGGGTCGGGGTCATCAAAGCCCCAGAAAATGTTCTCTGAGCGTTTGCCCATGATGTTGGCAAGGACGTTCAGCCTTCCGCGGTGAGCCATGCCCAGAACGACTTCATTGACGTCATGTTCGCCGGCTTTCTCCAACGCCAGATCGAGTAGCGGGATCAGCGTTTCGGCACCTTCAAGCGAAAACGTTTTCGCACCAATGTACTTTCGTCGCACGAACTCTTCAAAGATCACGGCATCGGTAAGCTTGGTCAGAATCCGGATTTGCATCTTCCGATCAAGGTTGATCCGATTCTGGCTGCTTTCCATTCGCGACTGGAGCCAGTACCGCACATCGTGATCATCGATGTGCATGAATTGTGCTCCGATCGAGCGACAATATGTGTTCCGCAAGAGCTGAACGATTTCCTCAAGCGTCTGGAAGTTCTGTCCTCCGACAGTTCGCGCCGAAAACTTTTGCTCAAGGATGCCCGCATGAAGCCCGTAGGATTCCGGATTCAGCTCGCTGTTAGTCTTCCGCGGCATCCCGAGCGGATCGATCTTTGCTTCGAGATGGCCGCGGACCCGAAAGCCGCGCACAAGTTGATCAACTCGATCCTGAAGCTGAGCCACCGATTGGCTGTGCGCCGATTCCGTGCTGGTTGAACCATCCAAGGTTCCAGGCGTTGTCGGCGGAGCGACCACCGCGCCCGGTGCGCCAGCCCCACTTTCGGATTCCGGGGAGAAGTCCCTGAAATACTGTTGCCATTCTGCGGGCAGAGAAGCAGGGTCTTTTTGATAGTCCTCATACAGGCTATCAACGTACGCTCGACTGAAGACGTTCATTTTCAATGATCCGCCGCTGGCGATCGACTTCCGGCGTCGGCAATTTCGGGATTATGTTCAATCAGGAGAGTGACTTTTCCTATCCAAACCTGAAACGACAGGTCCCGACTTGGCCACGCCGTAAAATCTATCTAATGTGCCCGAGAGCGGCTATGCGCATCGACGTAAAATTTCGGGAAACCAAAAAGATTTTTAGGGCGTTTTAAATTCTGAGAAAGTCGATCTCGCCCAGCTTCGCATCGATCGCACATCAATGCACGAGTCGCAAAAAGAGACGTCATCGAGCACTTGAACGCTCTGTCGCCACGACAAATAAGGCCGACCCTCGCGGTCATTCGACGCTGTCAGCGCCGCCGATGGACTTTCAGCTGAAAACCTGGCCGTCCGTTGGACACTCTATTCGCCGCTCAGCTAAACAGCTCCAAAACCGGTTCGCCTTTGTCGGCAAACGTAAACGGTCGAAGGCTCGGCGACATGGTTTTCTTCTTCAGATCGATGCCCATGGCATATCCGATCGTCGCATTGAAGTCCGGCACCGTGACCGGATTGTCGATCACTTCTCGGCC
CP042912.1_gap67	2139611	2142604	2993	CGATTGGTACGCGTTCGCTTTCGATCGTCGTGAGCGACGATTCGATTCTGGGTGATGACAAAGACAGCACGGCGGCGACCGTCGGTGTGGATGTTGTTGCGAACGAATTGGCGATGGCTGCGATTGAAGTTCAAACTGTCGAAGCCGGTTCGCCTCTGTGGGTCACGTTGGACGTGAGCAATCCAGCCGATGTGGCGTTGCAGTACACGGGTGAATCCGGAGACGCTTCTCTGTTGACTCCGCGATTTGAAACCGGAGACAGCTGGCGGCTGAACATTTCGGCTCCGGACGTAACGACTAACGGTGTGGCGACTCCACTGGAAGGAGAGATTACGTTCCAGCTGTTCGACAATATTTTCGGATCAGCCGATGCTCGTGCCACGGATCGAATCACGACGCTGACCAATGACGGATTCTTTGACGACACCCAGTTCCATCGCGTTGATTCAGATTTTGTAATTCAGGGCGGTGACCCGACCGCTACCGGAACCGGTGGTTCTGACTTGGGTGACTTCGACGACCAGTTCAGCACACTGCTGCAGCACAACCGCACCGGTTTGTTGTCATACGCGAAAAGCCTGGACGATACGAACGATTCGCAGTTCTTCATCACCGACACTGCGACTCGGTTCCTCGATTATCAACACACGATCTTCGGCGTGCTGACGTCAGGTGAGGATCTCAGGGAATCGATCGCCAATGTCGACATTGGGACCGATCCGAACAACGTCTCCAACAGCGAATTCCCGACAGGAGCTGTCACGATCACCAGTGCGGAAATCTATCAGGACAACCAGCGAGCAGCTTTGCTGTTGGTGGCTCCTGAAGGCGTGACTGGCGAAACGACGATGACGGTGACCGCCAGAGACGTAAACGGAAACGAGACATCACAAACGATCACGGTGAACATCGTTGCTCCAACTGGTGACAACGTTGACAGCAACCCGTTCCTCGATGACATCCCGGATTTGGCTGGTTTCTACAATGTGCAGCAAACCTATCAGCTGACGTCGCAAGATGTTGAGAATGACAGCGTCAGGTATCTGGATCTTGCTCAGATCGAAACGATCAACGAAGGCCTCTCTTCGTTTTTCCAGATTCAGGTTCCTCAGTTCGATTCCGACGACTCGTTTGATTACAGCGTCGACATCGACACGGGATTGGTGACCTATACACCAGGAGAGTTTGGTGACAGTCCGGAAACGGTTCAGTTCATCGTCGGTGTGGCTCAGGAGCCTCGCGACGGCGAGCCAATCAACAATGGCAACGTGGATTTGCAGGTCGTGACGATAACCTTGTCGCAACCATCGTCACTGTAGGCAAACGTTTGTCTGGTAGTCAACGTTTGGCATGTCAGAATTTCGGCACGAAGTATGAGCGAGTTCACAACGATCCGTCGTGGACTCGCTGGCTTCGGAGCGGTCTTCAATTGCCGATTTGGCCGAAGGCTTCGTTGATCGACTGGTCCCGAAAGAGAACCCGTTCGCCTTCGCCAAGCCTTGCCCGGATCTCGTTCGGATCGAGCGGCTTGATCATGTAGTCATCTGCTCCGGCCGCAAACGCTCCTTCGATGTCTTCTGTCTTGTTCTTCGCGGTCATCATGATGATGTAGCGCAGCGTGTCCGTTTCCTGGCTGCGGATGTGGCGAATAAGTTCGTCGCCTTGCATGCCCGGCATCACCCAGTCGACCAACAGGATCTGCGGCGCGTCGGGTTTCTCCAGCTCAGCCAATGCGTCCTCGCCATTTTCGACGGCGACAAATTCGATGTTCCATTTCCAGCCCAGCTTTTTCAGATAGGCACGGGTGGAACTGCAGTCATCAACGGCCAAAATTTTGCTCATCGGAAACTCGTAGATACTCGAAAGAAGCAGGAAGTGTTGAGTCGAAGCCTAGGACTCGAGAAAACCAAATGTCCAGAACATAACTTTAAATCGGTCGCGTAAACCCTTACGTGTTCCGTTTGTAGCGATCGACACGCCTGCAGCATTCAGGTCGGCATCTTCCCGGCCTGTTTTTCCGGTACTGGCTTACTGGTATGATCCGGATATGAAAAGAAAACGAAACGAAATCCGTCCGGTCAAAATCAAGCGGAACTTCACCAAAACGACGCCCGGTAGCGTTCTGTATCAGTGTGGTGACACGGTCGTGCTATGTACCGCCAGTGTGAGCGAGAAAGTTCCGCCGTGGATGGCTGAAAGCGGAAAGGGCTGGATCACGGCCGAGTACAACATGTTGCCCGGCAGCACCGAGCCACGGAAACGGCGTGACCGAAACAAGGTCGACGGGCGCACGACGGAGATCCAGCGACTGATTGGTCGTTCGATGCGCGCGGTGGCTGATCTGGAAGCTCTCGGGCCGCGGCAGATCACGGTCGACTGCGATGTGTTGCAAGCCGACGGGGGAACGCGAACAGCCAGCATCACCGGAGGCATGATTGCGTTGATTGACGCAATTAACTCGTTCAAGAAAGAGCTTCCCGATCCGACGAAGTTTCCACTACGCGACTCCGTGGCGGCAATCAGTGTCGGTATCGTTGACGGAAAACCGACTTCGGATTTGGACTATCCAATGGACTTCGCTGCGGCAGTCGACATGAACGTGGTGATGACTGGCAAAGGTAACTTCGTGGAAGTCCAGGGCACGGGCGAAGAATCGACGTTCACTGAAAAAGAACTTGGCTCGCTAATCACACTTGCCAAAAAAGGCTGTAAGGAACTGACGGTATTGCAGCAAAATGCAATCGGAAAGAAGTGGCCTTTCTAGAATGTTTGCTCGCCTGTTTTTACTGTTCGTCATCGTTCCGGTAATCGACCTGTTTCTGCTGGTCTGGATTTCCGGCCACGTTGGAATTCCATCGACGATTGGGCTGGTGATTCTTACCGCTGCAATCGGCGCGTGGCTGGTGAAGCTGCAGGGTGCCGAAGTTCGGCGCAAGATCATGTCACAGTTTTCGCGGCAGGAGTCTCCGGCTGATCTGCTGACCGACGGCGCG
CP042912.1_gap68	2144996	2148791	3795	AGGTCGATCGATTGGTCACAAATCAGAAGTCGCCCGTCACGGACTCGAAGCGAATCTTCCACCAGCGTACGGCCATGAACCGCCGCAACGCCGGCATTCCAGATTTCTATCGCGTCATTGCGGATCACTAATAAACCGGTTCTGCGATGCCGTCGTCGTCGACTTCCCAAGGGAGCCAAACGACAGCGAACTGTTCGATCGAAAGGTCGCTTTTGCGTGGCGACAAGGTCAGTTCCTCGAATTCAAGATTGTCGACCGAGAGCTTTTCTTCCAGTTTTTCAATCGCCTCGTTGAACTCGTTTTCGAGATCCTCAAACTTGATGTGCAACTCTTCCAGATTCTCCTGAGCGCGACTGATGTCATTCTTTTCCTTGGAAGACCTGCCGAACGTTCGCATCGAACTTTGAGCCCGACGTGCGTTGGTGACGCTGAGCGTTTTGCGGCCCAGTAACGCGCCCATCAACGTCGTGCCGACGGACAGCACGCTGTTCATTCGGCTGGACTTGTAATCTTCTTCTTCCTTTTCAACTTTCGCTTCGGCTCGACGAATTCGATCACGCAACGTCGAAAATTTGCTGCCGTAACGTTTGCGAAGTTTCTCCGTTTCCTCGTCGCGGCGCTCGGAAGCCTGTTGCTCCAGTCGGACGCGGAAATCGCCAGGAGATTCGCCTGCTTCGCTGAACATTTTCAAGGAAGCACACTTCTGCAAAGTGATTGGCAAATCCTTGTACATGAACTCCTTGAATTCCTTCTCCCAGCGTTTGTAGTTCTTGGCCTTCTGCATGTCCGTCGGGAGCTTGGCAAACTCAGCTTCATCATCCGGCTCATGGTAGAAGTCAAGATTCTCCAGCACCTCTTCGGCTTCCTCCCAAACCTCATCAGGAGTTTGGTTGCCGGTGATCTGAGCCAGAAACGTTTTCTCTTCCCATTTGTCCGTTTTCCACGTCGTGCGAACGTAGTGCAACTGCCCGCGGGCCATCAAAGCCGGACGGTAGATCAGTTTTTCGCCCTTGTTGATCCGACGGTTCGGTTCCACAAACAGCTGATGGATATCCGCAGGAACCAACTGCGTCTGATCGATCTGCGGTTCCATTTTGGCGACCGGTTCGGCGGAAGGACGAGCAACACGTCCCGCCATCGCTTCCGCAGCGGCCTGTTTGGGATCGTAGTTCGGGTCGGATTCAACCAGAGTTTGAATCTGGTTTCGCGTCAACGGACCGCGCAAGTACGACATGACCCAACGCGTTTCAAAAACCGTTGGCTGGTCGTCGTGCACGTTGTTCATCAGGAAAACGCGACTGCCCAAACCCGCCAATAGCTCTTCCATCTTTCCTTTGTCAAACGTTGAACCGGCTTGCGTGGAAGCGCCTTCCAAACCTTCCAGAACCCGAGCCTTGTCGCGTTCGGTTTGCAACCGACCGAGGAACCAGGTGCCGGCGTTGGAAAGTCCCTTGTAGTCCAGGTCGACCGGGTTTTGAGTTGCCAGAACGCAACCAAGCCCGAAGGCACGAGCCTGTTTCAACAACGTCAGCATCGGTTGCTTGGACGGAGGATTCTTCGTCGGCGGGAAATAGCCGAAGACTTCATCCATGTACAGGATCGCGCGAAGGCTGGACGTGCCCGGTTGGGTCCGCGTCCAGGCAAGGATCTCGTTGAGCAAAATGGTCACAAAGAACATTCGCTCCTGATCGTTGAGGTGCGAAATTGAGACGATCGAAACGCAGGGCTTGCCTTCTTCTGTGTGCAACATCTTCTTGATGTCGATCGGCTCGCCTTCCATCCAGCTGGCGAACGTCGGGCTGGCAAGCAGATTGTTGATCTGCATCGCCAACGTTCCGCGGTCTTTGGCAGGATAGAACGTGTCGATATCCAGAATGCCGACGCGTTCAAACGGAGGCGACTGAATCTCTCCGATCAAGCGTCCCAGGTCCAGGTCGCGTCCGTCGCGCCACGCATGGCTGAGAATATTTGAGATTAAAATGTGTTCCCGCGACTGGATCGGATCCGCATCGATGCCCAACAGCGAAAGCAGTCCCGATGCCGCGCTGCTGATTCGATCGCCCAGCAGATCCGGATCTGCGAGAACCTGTTTGTTCGGCGCGTTGAACGACTTCAGAATCGTCAGCGGTCGACCGTAAGTGCTGCCCGGCGTGTAGACTCGCATTTCGACATTGTCGCGCATTCGCTGAATCCGCTCCGCGTCTTGCCCCCACGACTCAAGGCCCTCCTTCCACTTGTCAGCTTCCTGAGTCGCGAAAACTTCCGGCGTGACGCCTTTGCGGCTGGCCTGTCCTTCGTCAATCCACGGGCGAAACTCTTCAGGCGTCAGATTGGGAAACGTAAGCAGCAAATTGGAAATGTCGCCTTTTGGGTCGATCACGATCGACGGAATTCGATCCATCGCGGCCTCTTCCAGCATGCCAACGCACAAGCCCGTCTTTCCACTGCCGGTCATTCCAACGACGACCGCGTGGGTGCAAAGATCCCGCGAATCGTACAGCAACAGGTCGTCCCGGCCCTTTCGGTTTTCGATATCGTATTCGCGGCCCAGATAAAAGACGCCAAGTTTTTCGTAGTCCTGCATGGTGACAAAAGGTCCTGAGGGAAGGGTGGGATGGGTGCCTCAAGTATCGCAACTTCGCTTCAATTTTCCAAGACGACTGGAAACCGCCCGGTCTCTGTGCGACCATCGCCGCAACGCAAACAGGTTGAGGTAAAATGAAGACACTTATTCAAGGCGCAAATGTCGTCACGCCGGACGGTACGATTGAAGCAGACGTTTTGATCGAAGGCCAACTGATCAAAGCGATTGGCAAAGATCTCGGAGACGCCGAAACGACCATCGACGCCAGCGGAAAGCATTTGATTCCAGGCGTAATCGATGACCAAGTGCACTTTCGGGAGCCCGGTCTGACCGAAAAAGAAGATCTCGCGCACGCGACGCGGGCTTGTGCCAAAGGCGGCGTGACCAGCTTTCTCGAAATGCCGAACACCGTTCCGAACACGATCACGGTTGAAGCGCTCGAACAAAAGCTCGACCTTGCGTCCGAGAAGTGCATCGTCAACTACGGATTCTACATCGGTGCCACGCCAGACAATGTCGACGAGCTCAACAAAGCGACGCGAACGCCCGGCATCAAGATTTTCATCGGTTCGAGCACTGGCAATTTGTTGGTCGATGAACAGGCGGCGCTAGAAAAGATTTTTGCTGAAACGAGCCTGCCGATTTGTGCTCATTGCGAAGACGAAACAACCGTTCGGGCTAACGCTGCGAAATATGCCAGCTCAACCGACGTTGCGGATCACTCGAAAGTCCGCGATCACGAAGCGGCTTTGATCGCGACGCGCCGCGCGATCGATTTGGCTCATCGACACAACCACCGGTTCCATGTGCTGCATGTCTCTACGGGAGCAGAAGTTGACTTGATCGCTGAAGCTGGCGATTTGATCACGGCGGAAGCATGTCCGCACCATCTGTTCTTCAATATCGACGACTACGCTCGGCTGGGTTCGCTCATCAAGATGAACCCTTCGATCAAAACCGCGGCGGACAACGAGCGACTTTGGCAAGGGCTGCTCGATGGGACGATCGGCGTGGTCGCGACGGATCATGCGCCTCACACGATGGCGGAAAAGCAATTACCGTATCCGAAATGTCCTTCCGGTTTGCCAGCGGTTGAGAACTATCTTGCGCTGATGCTGAACGAAGTGAACCGCGGTCGGTGTTCGTTGCAGCAGGTTGTTTCATGGATGTGCGAAGCTCCGGCGAAAGTCTGGGATATCAAGAACAAAGGC
CP042912.1_gap69	2246791	2251130	4339	ACGAGAACTCGAACAGTTTTGCGGCGTCAGCGACAGACAGTGAACAATGGATTCGTTATCGAAACTTCATTCCGCCGTGGAGCAGAATTCTCAGTGGCGGACTTCCTGAAGAGTACGCCAAACCGTTAAACGAGCTTCCGCCGGGCACGCTCATTAGTGACAACATGGCCTACAACAATGCGTCGTTTTCCGGTGAACCCGTGGCGACTGGTTACGGCAACCATTGGGTTGGAGACATCGGCGTTGAGGTTTGGACTGAAATCGAAACGTCCAGCGGCGAGTTGTTGCTGGACCTTGTCGAAGGCGGCGTGCACTTTACGTGTCGCTTTGACGTGGCCACCGGAAAGGCAACGATCGAGTGCGATGATCCGCGAGTCGAGTTTTACAATGACTCCGGTGTTGTTTCCAAACCAGTCGCAGAAACGTCCCTTTCGTCTGGCAGCAATCAGATGTTGATGGTCAACGCCGACGACGAGATTCATCTTTGGGTTAACGGATCACTGGTCCAGTTCGATGCGTCGACTTACCGACGTGACGGAATGCCGATCCCAAAGTATTCGAAACAGGAACCGGGTGACGCTGAACCTGCCGGCATCGGAGCCAAAAATCTGTCGATGACGGTTAGCCGTATCAAAGTCGTTCGAGACATTTACTACTCGTCGGTGACGCTGGAGCAAGACGGTCAGTCGAACGGCAACGAATCGCATCTGTCACCATCGATCATCCATGGCATCATGGCGGATCCGGAATCGTGGTCCGAGCAACACGCTTTGGACTATTTCGATGCGAAGAAAGGCCAGACGGAACCGATGTTCAAACTGGAATTCGGCCCGGGCAGCGATCGGGATAAAGATCAGTTCTTCCCGATGGGCGACAATAGTACTCAAAGTTTGGATGCGCGAGTCTGGGACAGTCCAAATCGATATGTCGAGCGCGACATGTTGATCGGTCGAGCCATTTATGTTTACTGGCCTCACACACTAAACGAGCCTGTTCCTTTCTTTCCGAACTTCGGCAAGATGAAATTTATTCGCTAGTTGAGTTGCAAACCTGCAGGCCGGTTTCGAACCCTGAACCGGCTGCAAGAACATCCGACAAATTTGATTCACGGAAGAGTCACATGACAGAAGACAGAGAGCCAATCCTGGTCGCCGAAGGGCTTGTGAAGTCCTACGGTCGTCGCCGCGTCGTCGACGGCGTTGTGCTTGACGTGATGCCTGGCGAAATCGTCGGGTTGCTTGGACCCAACGGCGCCGGCAAAACCACGACGTTTCGGATGATCTGCGGTCAAGTCAAACCGGATCGCGGTCGTGTTTTTCTCGGTTCCAGCGAAGTGACGCGTTGGCCCATGTACTTGCGGGCGCGGAAGGGCGGAATGGGGTACCTGCCGCAAAAATCCAGCGTGTTCGCCAAGCTGACTTGTGAGCAGAACCTGCGTGGCATGATGCAACTGATGGGGTTTTCACGGCGGCAACAAAAAGAACGCTCGCAGGAATTGCTTGAGCGTTTTGAGATCACGCACATCCGGAAATCAAAGGCAGGAAACCTTTCCGGTGGCGAGCGACGTCGTCTGGAGATCGCCCGCTGTCTTGTTGCTGATCCAAAAATTATCATGCTCGACGAACCCTTCGCCGGTATCGACCCGGTCACTGTTCAAAGCATTCAGGTGGTGATCCGCGAGCTTGCCGAAGACGGCATTTCGATTTTGATCACCGACCATGCGGCGCGCGAGATTCTTCAGATTACGGACCGAACTTACGTTGTCAGCGCTGGGCAGATTTTGTGCAGCGGATCGGCCGATGATATTGTGCGTCACGAAGTGGTGCGAGAAAAATATCTCGGCGAGATCGATATCGACTCGATCGGAGCCAGCAAACGCGAACCCGTTGCCGCGGCGTCGACCATCCGCATCGATGAACCGGTTGCGACGGGAGTCAGTGGCTCAAAGATCGTGTTCTCCAAACCGCGAACCAAGAAACTGAATCGCGTTCCGTCGCCGTTCAAGTCCGACGACCTGTCCTGACGGCAGCGATAAGCACTGGCTATGCGACCAGTCGATTTGTTTTGACTCTTTTGACGCTTGATGGAACTTTATTCAGCCCCGACTCGTATTGGTTCTGGGGAAGAGGGATTCCCGCGACGACCGTGCGACCTCTCCTTGCTCGAACTCATTCCAGGGAGCTGTTATGCGTGCTTTTTCTTTCGTGCTGTTGTTGGGATTGTCCTCTGTCGCGTTGGTCTTGATCGGGTGTGACGGCGAGGTCCGTGAAGCGGCCAGGCGACCGACGTCTGATCATAGCTATGCTGCTCCGATGTCAATCGTTGCGAATCATGACGGGATTGTCGCAAATGAAGGGTTCAACACGGAATCCTACGACATCATCGACGAAAACGAATTCGTCGACTCAATGACCAACCCCAAATCGACGTTTTCGATTGATGTCGATACAGCGTCCTACAGCAACGTCCGTCGTATGATCAGCGAGGGCAGCATGCCGCCAAAAGGCGCCGTTCGGATCGAAGAACTTGTCAACTATTTCGACTACAACTACCAGGGCCCGAAGCAGGGCGATCATCCGTTCTCGGTTCACACCGACATTGGCAAGTGTCCGTGGAACGAAGAAAATCAACTGGTCCGAATTGCCTTAAAAGGGAAAACGTATCCGCAAAGCAAACGTCCGGATTGCAACCTGGTCTTTCTGTTGGACGTTTCCGGATCGATGAACTCTCCACGGAAACTTCCGTTGGTGAAATCGGCAATGCGAATGCTGGTTGAAAACCTCGATCGCCGCGACCAGATCGCGATCGTCGTGTACGCCGGATCATCAGGCGTCGTACTGCCGTCGACTCCTGCATCGAGTGCCAAAGAAATTCTTGAAGCGATGGAAAGACTCGAAGCGGGAGGCTCAACCAACGGTGGCGAAGGTATTAATTTGGCTTACATGATCGCAGCCGAAAGCTTCATCGAAGACGGTGTCAATCGCGTCATCCTGTGCACCGACGGAGACTTCAACGTGGGCACGACGAATCGCAGTTCACTGGTCAGTCTGATTGAAGACAAAGCCCGTTCCGGGATTTCGTTAAGCGTGCTTGGGTTTGGGACCGGGAATCTGAAAGACGACACGATGGAATCGCTTGCCGATCGTGGAAATGGAAACTACGCCTACATCGATTCGCAACTTGAGGCTCGCAAGGCGCTCGTTGAACAGATCAATGGAACGCTGATCACGATCGCCAAGGACGTCAAAATTCAGGTGGATTTCAATCCCGCCAGAGTCAGCAACTATCGTTTGATCGGATACGAAAACCGGATGTTGGAAAACGAAGACTTTGCCGACGACAAGAAAGACGCCGGAGAGATTGGTGCCGGCCACACCGTGACCGCGCTGTACGAAATCGTGCCTCCGGGCGGAAAATCTTTGGCTCGCAAGGATGCGGAATCCGAGTTCGTGGAATCTTCGCTAAAGCCCGATGCTGCCAATTCGGATACTGTTTTGAAAGTGAACTTGCGATACAAACTTCCGGACGAGTCCGAGAGTCAGACGTTTAGTGTCGCTCTGGATCGAAGCGTTTCTGAGCCCGTCGCCATCCCCAGCGGAGACTTTCAGTTTGCGGCAAGCGTCGCGGCCTATGGGATGCTGTTGCGTGACTCAAAATTCAAGGGCGACGTCGACTGGGAATGGGTGGTCAACGCCGCGAACGAAAGCCTGGGCGAAGATCGCAACGGGTATCGCAGCGAATTCGTAAAACTGGCGCGACAGGCTTCCGTGTTAGAATGACGCTACGGGAATAACGCTACGATTTCTTGCGGTTCGTCGTGATTTTGACTTCTGGCATCAGCTCACCTGGAGCATGTTCCAGGCGTCCTTCTTCACGGGCCGCAACAATGCTCATCCGGATCCGGTTGTTGGGGTTTTCGACCAGACGAACCAGTTTTACTTCTTTGAAGCCCAGCCAATTCAGCAGCGCCTGAATGCACTCGGGACCATTGGGAAACCATGACATCTCGTAAACGCCCGACATGACTCGGGTCGTGCTTTCGCGCGACATCGACATGCCAGTCGGATTCTCAGGAACGTTCACTCCAGCCGTACTGACAAAAATGACATCCTTCGTCAGGTCGGCAGCAATCTTCAGCCCGGTTATCGGATCGGGCAAATGATAAAAAATGCCGCTGAAGTACGTGAAGTCGAACTTGGGCAAGTTCTGTTTTGGCGTATCGTACAGGTCCATCACATCGAAACGAATGTTGTCGACCGGAGCAGTTTTGCGATGCTCCTGAGCAAACTTCGCCTGCTTGATCCAGTGCTCCCGAACGTCGAACCCAACGACCTGGTTC
CP042912.1_gap70	2301352	2303184	1832	GAAAAGAATTATCTCGCTGTGGCGATTGCCTTCGTCGCATTCTCCACGCTTGGCATTTTAAGTCACGCCATGCCACAAATGCATGTTGCTGGTGCACCGCAACTGACATCGGTGGTCGAGCAGTCGGTTCCTCCTCGAGGGCAATGGCAGTATCCAAATCGACAGCAACAATTCGTTGGCGATTTCGGCGTGAGTACGAATCTGCCGACACCTCAACAGGTGCCCCAGTCATTCGCCAGCGTTCAACCAATTCACTCACAATTCGAAACGGTTCCTTACGGTTGCCAGCCAACAGCAACGGCAGCATGTAGTTGCGGTCACGGATGTGCGGCCGCATCCTGTTCTCGGGACGCAAAGTCTCGACGACGCAACGGTCCGAAGCTTACGATTTGGGATCGACTTCGCGGAAACCGTATTCCACGTGATCGCGACGGACGCGTAGTCGGTAGAACTTGCAATGATGGTTGCAATCCCGCTTGTCCGGGCACGTCAGTTACGTGTGGTTGCAATGTTGATGGATATTCGCTCGATGGATATTCTCAACCGGCGATGACGACTGCGATGGCTGGAGATCGACCCGAATCCCGGACGTTCAGCTTCAAACGAAAGCTCGAGGAAATCTTCGATCGAACTGCCTATACGGCTCCTCTGCTACCTGCTCCAGGCACGATGGCTTCGGTCAATCAAGCTCCATTGTGGAATGGGATGCCCGGGCCGATGGCTCAGCAGGCATCGATGTTCCAGTCGAACGCTCAGAACGCTCAGAACGCTCAGAACGCTCAGAACGCTCAGAACGCTCGGACTTGGATGCAAATGGCCGGACGCGAAGGAATTCCGGAAGTCGAACGTCAGCTTTATCCATCGACTGGAGCGAAAGGCTTCGCTGAAACCGTAGAAACAGTTCCTGAACTGACTCCTTGGGGCGATGTCACGCCTCGCGAGTCATTCGCATCCCGTCCTCAACCGAACCCAACGGGTGTGCCGGGTGGCGTTTGGAAAGCCCCAGTGACGACACCGCCTGGAATCCATGAACGGATCGCAGACGGAAGGCATCAACAGGCCTGGCAGGCAGGCTTTCAGCAGACCGGCGATTTCAGGTGAAGTGACTCGAGGTCGTTGCTGCTTCTTCCAGATTTCAAATCTCAAAAAGCAGAGCTGCTCTTCATCATCCGCTGCTCTTCATCATCCATTGACGCGGTTCTGTCGCTGTCGTCGCTTGTGGATCGGAGGCACGATGTCCCACGCAAGCCCGACCATCGCCCAGGATTTGATGATGTAGTAGTTCAAATCGAACTCCCACCATTTGTGCTGAACCGTGCAAGCCGACTGGTCAGCATGGTGATTGTTATGCCAGCCTTCGCCGGATGAAATGATTGCCACGAACCAGTTGTTGCGGCTGTGATCGTCCGTATCGTAATTGCGATAGCCGAACATGTGACTGAGCGAATTGACCGACCAGGTCACGTGCCACATCACGACCACGCGAGCGATGACGCCCCACACGAACACGCTGCACGCAAGCTGGAACGCTTCCATACCGAATCCCATGACCAATCCGGCGATCAGCCATGCGGCCAGAAAAATAACAACGCCGTGCGCCGCAAAAATCGCAACTCCTGCGTACGTACGTTTCTCAAGCCACATGTAAAATGGATCGTTGAGAATGTCTTTGGCGTACTTTTTGTAAATGCTGAACTTGCTCGTGTTTCCGTTTTCGTAGATTAGCCATTGGAAATGCGACCACAGAAAGTTCACCAATGGGCTGTGTGGATCTTCCTGGTGATCCGATTCATGGTGGTGCAGACGGTGCCACGCGACCCAGCGAGCAGGCG
CP042912.1_gap71	2310488	2311642	1154	CTTCGTTTGAGTGCAGCAAGCACTGGTGATACTGCTCTTCGACCCATTTCATAGCTTCGAACAGCGTCGGTTTGTGATCCGGATTCCCGGGTTCTGTTTTAGGCCCATGCTGCTTCAGTACAATTCCCGCGGCCTGCGCCAGAATCTCAAGAGCCCCACGAAAGTCGACGCTTTCCATTTTCATCGTGAAATCGAAAACGTCGCCGTGTAGATCGCAGACAAAGCAGCTGAATCGCTGTCGAACAGGATTTACCGTAAAGCTGGGCCTTTTGTCATCGTGCCATGGGCAAAGTCCCACATAGTTCGGGCCTTGGCGGCGCAAATTGATCGTGCGGCTGACCAGGTCAACGATGCTGGTGGCTTGTTTGACGCGATCTTTGGCGTCGAAGTCGGGACCGATGGGCATTGAGAACGACGAGCACTACGATTGGGAAATGGAGCTGAATGAGCGCGTCATTGTTGCTGATTCCGATATTTTTTCCAGCGAAACAGGATCAGGCGCTTGGTTTACATTTTTTGCCCATGAAAACCGGAACTTTGGATCGTCACCGACTGTTTTTGCGAAGCCATGAATTTGGAATCACACGAAAAAAGCCGCAGAGCAACTACTCTGCGGCTTTTTAAATAACTTGGACGCTGGCTTTCGCCAACACTGGTTTAGATAACCATGTCCTTGAGCCCCTTGAGAGCGCGAATCTTGACAACTTTGCGAGCTGGCTTTGGCTTCGCCCAAACCATTTCGCCAGTACCAGGATTGCGAACTTCGCGCTTTGGCATAGCTGGTTTGTGCTGGCAGACGATTTTGCAAAGGCCTGGGATAGTGAACTGGCCACTACCACCACGTTTGCCGATCTGTGCTTCAATCTGAGCTGCAAGAGCATCGAAGACTCCCGCAATCTCTTTCTTACTCAAGCCAGTAGCCTCAGCCATGTTGTTCATGATTTCAGACTTTGTAGGTGGCTTGGGGCCGGCGGCTTTCTTTGCCATAGGAGATCCTCCAAAAATTTGTAGGGACTTTAAATAAGTCGTAAATACCGTTGAATTCGTGTGATCCGTCCCTTGTGAGGACGCGAAAATTAGACCGCGTAGGTCCAATAATTCAAGATAGTGTGCTTCAAAAACCCGGGGCAAACGGGCATTTTCAGTCAAAAAGA
CP042912.1_gap72	2382693	2383668	975	ACCGAGGCGTCGGAAAGTGATAAAGTTGCGAAAACAGTCGTCGGATATAATGGGAGGTACGACCATCCGACGACTAAGCCTACCCTAACGAAATGGACGCTTCGGTTCAACGCTTTGTTATCCTGCGTTTCGATGTGAGAAATCAGTTTAACGGTTTCATTGCGGACTCAATAAAGGTCCATCGCGGATCTTTGTGGGTAGCTCGGTTTCCTGGAGAATACGGGCGTTTGCTGACAGCTCGCCGGGACTGCTTTTTCCCGGGGAAATGAAGCTTCTTAAGTTTGGCCTCGGAAGATCAAGGTTTGGCGACCCACAAGAAACCACGAAGGACCTCAATAAAGGCCTCGAATTCTTGGGATTCTGGTGTTTTACTCTTCAATACTGCGTTCCATTTCCAATTTGCGCCATCAACGAGACGACGCAGATCTACGATCGTTTCGCATCCAAGATCGCGCATAGAGGATTGGATGTACATTCTCACAAGGCGTGGGTCTTCAATCCTTTCGCGCAAACTGTAGACGCTCATCATGTGAAGGAATTGTTCGGATTTGTCGTCGATCTCGTACATTATGTCGTATAGCTGGTGCTCGGCGATCGTGTCGACCGCCATCGAAGGCGTTGAAAACAGCCCGGCTTGGTCACTGGCCCGTCGCGCTCCGAGTAACTTGGCGAAATCGGCTTTGTGTGTTGCTGCCTGAATCGTGCGATCTATTCGCCATGCTAACAGTGCCGCAAGGAAAGCAACTATGAGCAGCATGTTTGCGATGCTTATTTTCATGACTGAGCTGGATAACGTCCGCGTTAACCGAGCGGACCTGAAAATGTGAATTAGTGAAACTGGAGTCGGATACAATGGGAGCCTGCGACCATCCGGCGACAAACCAACCACGAAGCCATCGCCGCTTCGGTTCAACGCATTGTTATCCAACTCGCTGAGTGCATTGCTGCAGGTATTCTAGCGACTCAGTTAGTAGA
CP042912.1_gap73	2393656	2394345	689	AGACTTTGAGAGTGATTCTCTTCCCATTTCTATCGGCTTGAACTGTCGAAGTCGAGCATGCCTATCTGCATTCTCGAAGAAGCGAAAGCTATTCAGTTTGATAGAAGAAGACGCCCGGGGCAACCCGTTCGCCATAACCATCTTGCCGCATTTCGCCGGTTGGCGCGATATCAAGGCCAAAGTGACCATGACCATCACCGTATTCAATGTGCAGCCAACCTTCGCATGCCATAACTCGGACCGGATTGCTACCTCTGATTTCTGCAGGAATAACCGTGGAATCCCCATCAATAGAAAAATTTGGACCAAGCGAATCAACAAGCGACCGTCCTGCGTCGCGTATTGATTCGTGGTCAAGTAGAGATTTGACTTCGTGCATGCGTGCAAAGCTTGGGAAGGCAAGCCTTAGTAGTTGAGGCGATGCAGTCAGAATGATGAAACCTAGAGCAGCCACGATCAGAATTGTTCGCAACCGAAATTGCATTGGAGCGATGACCTGAGTCTGGATAACGTCCGCGTTAACCGAGCGGACCAAGAAATGTGAATTGGTGAAACTGGAGTCGGATACAACGGGAGCCTGCGACCATCCGGCGACAAGCCAACCACGCAGCCATCGCCGCTTCGGTTCAACGCATTGTTATCCAGCAGCCGGATGATTCGCCTGTCAATTCTATCGGTTTGAGCTGGCC
CP042912.1_gap74	2517377	2521356	3979	CGCTCAGATTCCATGTGCTCGCATTCTGGGAGGGCTGCAGCGAGTCAAAAATCTGTGCAAAAGCAAGCGTGTTGCTGCTCAGAAGCAGAAACGCCAGGCAGCTCAACCAACAAGTTTCAACGAATTTCATGACACGAACGAGGTATAATTTATGTAACAAACTGTTGGTAACTAGCAAAATTCCGTTACGTCGCAAAGAGTCCTTTTGAAAGCACTGGATTCGTGGATAGCGGTTTTGAAATGCCAAGCGTCATGCTTGAGCTGCGTTATCCAGAGAAACACCAAAGTCCGAAGTCGGCGACTTCGGTAAATTCACAAGCGCTGTCCAACCGTGCAGCCCCCTGTCTCTTTTTCGCGATTTGGCTGCGCGCCATTGATGTGTTTCAGGCGGCCCACACCGCAGCGCTCACACGACGGCTCCGCTGGACGCTAAAATGGCGGCAACCATTCGTCGTAAGGAACGTTGACCATGTTTTTTCGTATCGGACAGCAGTGCATGTCGCTGCTTCTTTTGCTTTCGTTTTGCTGCTCTGTTTCCGCACAGGAATATCCGAATACGCAAGACGAAGCCATTCCGTTCACGCCGCCGCACAAAGCGTTGGAAATGATGGACGTTCCGGAGGGCTTCGAGGTCACGCTGTTCGCGCACGAGCCCGATGTGCATCAGCCAATCGCGATGACGTTCGATTCAAAGGGCCGTTTATGGGTGGTGGAGAACTACACGTACTCGGATCGCAAAGAGAACTTCAACAACGAGCTCTTTGATCGCGTCGTGATCTTTGAAGACGAAGACAACGATGGCAAATTCGACACGCGAAAGATCTTTTGGGACAAAGGTAACAAACTCACCGGCATCGAACTGGGCCGCGGCGGTGTTTGGCTGACCGCCGCGCCCGAGTTCATCTTCATTCCCGACGCAGACCGTGATGACGTTCCCGACGGGCCTCCGAAAGTCATCCTGAATGGGTTCGAGGACGATGTGATCCGACACAACCTTGTGAATGGACTCCGCTGGGGACCCGACGGTTGGCTGTACAGTCGTCATGGAATCCAGGCGGTTTCGCACGTCGGCAAACCGGGTGCGACGATGTCACAGCGGACGCCGATGAACTGCTGCATCTGGCGCTACCATCCGGAACGCGATGTGTTTGAAATCGTTTGCGAAGGAGGAACCAATTCCTGGGGATTCGATTTCGATCAGCATGGAGAAATGTTCTTTATCAACACGGTGATTGGGCATTTGTTTCATGTCGTCCCGGGGGCTCGCTACAACCGCATGTATGGTTCGCACTTCAATCCGTACACGTGGCAAACGATCGATCAAACGGCGGACCATGTTCACTGGGGATCAGGCGAGAAGTGGTTCGACGCAAAGAAAGGTGTTGTCGGCGACGCTGGAACAGGATCCGATGCGACTAACAAAGCCGGCGGCGGACATGCTCACAGTGGCATGATGATTTACCAGGGCGACAACTGGCCGGAGAAGTTTCGCGGGCAATTGTTTACGCTGAACTTTCATGGCCGACGGATCAATCAAGAGACGCTTGTCCGCGAAGGCAATTCATTCGTCGGCAAGCACGCGCCGGATGTTTTTCAGACGGCCGATCCGTGGTTTCGTGGCGTGGAGTTGACTTACGGACCCGACGGCGGCGTGTATGTGTTGGACTGGTCGGACATTGGCGAGTGCCATGAAAACGATGGAATTCATCGAACGAGCGGACGCATTTTCAAGATTTCATACGGAACGCCGAAGAAGCCAGAGTTCGAAGATTTGGAAAAGCTTTCCGATGAAAAGTTGATCGAGCTTCTGGGGCACAAGAATGCGTGGTACCCGCGGATGGCGCAGCGGATTTTGATTGAACGAAGCATTGCGACTGCTACAGAAAACATTGATCTGGAGGCGAGGCTCGGCAGAGGCACGAGGATTTTGTCGATCGCATATGACGACGAACTGATGGCTCCCGTCCGTCTGAATGCCCTCAGGACTCTTTTCTGTATCGCGAATAGTGATGAGGCGGTACTTCAAAGGTTACCCGATTCTTCGATTGAGAGTATCCGGGTATGGAAAGTACGGCTACTTGCTGATCGTGCAAAGCAGTCAAGATGGAGTATTGAACAAATCAAAACGATGTCCCGCGATTCGTCTTCGCTGGTTCGATTGTATGTTGCTTCATCAATCCAGCGTCTTCCTCCCGCCGACGCGTTCGAAGTCGCCAAGCGGCTGGCGGCTGTCGAAACAGACATGAATGACCGAGTCCAACCGAAACTGATTTGGTATCAGATCGAACCTTTCATCGTTGGCGATTTTAACAATGCAATGGACTTGTTCGCCGCCAGCAAAAGTCAATTGCTCCGTCGCAATATCGTTCGTCGGTTGGCTTGCGATCCGGAAAAGCAGGACGAGATGTTGGAAAGACTCGTGAAGCACGCGTTGGCTGGTGAGATGCCAAACGTACAAGATCTCTTTTACGGCATCAAAATGGCGATCGAAGGACGCAAGCAAATGACAGCGCCCTCTTCATGGGCGACTCTGGTCGCCAAAGCCAGCGACTTCGACGACGATTCTGCAAAACTGATCGAAGACATCAGCCCGGTGTTCGGCGACGGACTTTCGATGGATCGCTTGATGAAGTTGGCTACGAACAAAGACGCCAACGCTTCGGCTCGACAGCAAGCGATTCTGTCGCTGGCTCAGTTTGGCGATCCGAAGACACTGTTTCCAGTGCTCAAAGGACAAGTCGGCGACCGCTTGGTCAGCCAGGCGGTCGTGAAATCGATGGCGGTCTGTAGCGAAGAAGAAGTGGCTCAACTGATCCTTCGCGAGTTCAAACGACTCACGACCGAAGGCAAACGCAACGCCATCGACACGCTCTGCAGTCGCAAGCCGTGGTCGAAACGCCTGTTGAACGCAGTCGAGAATGGCCGAGTCCCTTCTTCGGTGGTCACGGCGTTTCATGCGAGGCAGATTCAGATGTTCGACGACGCGGCGCTGACAGAAAAGCTGACGAAAGCGTGGGGCAAGGTCCGCGAAACGGATCAGGAACGATTGGCTCAGATCGCCGAACTTCGCAAAACGATGAGCCCCGAAGCGATTGCGAAGTCCGACATCGCTTCCGGCAAAAAGCTGTTCACACAACACTGTGCGACTTGCCACGCCATGTTCGGCGCAGGTGGTAACATCGGTCCGGACTTGACCGGTGCCGATCGCAAGAATTTAAATTACCTGTTGGAGAACATCGTCGATCCCAGCGCTACCGTCGCGACGACCTATCGCGCGTCGGTTCTGGCAATGGAGGACGGTCGATTGCTAACCGGTGTCGTGATGGACAACAACGGCCAGACGTTGAAGCTGCAGACGCAGGAAGAGTTGTTGACGCTGGAAGTCGATTCGGTCGAAGACATCAAACAAACGGAACTGTCCTTGATGCCAGAGAAACTGCTGGACAAGCTAACAGCAAAAGAGAAAATCGATTTGTTCGGATTCCTGATGTCAAAGTAAATCGCTGAACGAGTTCTTTACCGTTTGCTGCAATTCCGGTTTTGTTTTTCGTTCGCTCACGTTCGCACTATCCCTCCCCGTTCGCCGCATGTTATCGGCGCCCCCCTTCAGCTTTTTCCAACCATCAAGGATCGACGGTGGCAAGATTTCAAATCCTTTCATTGATCGGCGGCGGCATTCGCGGCGCGTTCGTGACCAGCTATTTGAAAGAGCTGGAACAAAAACTCGGGCGACCGATCGCGGACTGTTTCGATCTGATTGCAGGCACCTCCACTGGCGGAATCATCGCAGCAGGATTGGCCTTCGGGCTCTCCGCTGACGAAATGCATCAGTTCTACGTGGACTACGGCGCGTCGATTTTTACAGAGCGAGAACCGTATCGAGCCAAGGGACATTCCCGGTTTTGGTTTCCAGCAATGAACTGGATTTTCAAAAAGCGAACGGGCGGTAGTCTCGACGCCGCGTTTCGAGCCCGCTATT
CP042912.1_gap75	2578134	2581557	3423	TCAGACGCTGATAGTTGCTGTCAAGAAAGATGCTCGTGTTTTGCGACGGAAGTTTGGCCACCATTTCCAGGCTGCCTTGCGATCTGGAAACAGGAGGAAGTTCGGCGGACTGATCCATTCCGTCAAAAAGCAGATGCGCGAACTTGACGCCCGATTCCTCGGTGACTTGCAACGTCGGTTGGCTGTCCACGAACTTGAGTTCCGTCGGGCCGGAGAAGGAAATTTTTCCATCATCGCAAACCAGCGAAACAATTGTCTTGGCGTTCAACGTAACTTCGATCGGCGTCGAAGGCGCGGGTGGCGTCGCCGATGAAGTTGTCGACGGATCCGACAGAGAGTTCTCCGGGCCCGTCGCGTCCCCTGCTTCTTTAGGCTCAGGCTCTGCCGCAACCACATCAGCAGGACTTGCCGAAGTTTGCGGATCGGATTGTGAGCCGGATTCGGCAGCCGCTGGCTCGGACGAAGGCTCTTTCGCCGATTCGGCGTCAACCAATCCTTCCGTCGTCGTTGTCAGATTCTCCGTCGGATAGTTCTTGGGCTGGTCGTCATTCAGCAGCGGGTCTTGCTCAGCCAACGACGATTCGACGTTTTCGTTGGGAGTTCTGTCAGATGGAACTTTCGCAACCGTCGCCGGCTTGCTGAAGTACAGGTATGCCAACGTGCCGGCGCAAGCGAGGAAGATTGCGAAAACTGCAGGCACCGACCACAGGGCCACTTTTTGAATTCCCTGCAGCGGTTGCGCCCCAGCTTGTCCTGTCTTTGCGAGGTTTCGATTGGATTTTCGTGCCTTGGCCATTCGCACATTCTATACCTGAACATTGCCAGATGAAGTCATGGCTTCGAAAAATGGCGGCGAACCTTTTGGTGCGGCTGGCGTCATCAGATACAATGCAAATGTAACAAATCCGATCATCCTGGTAACAAAGCACGCCCGACGAGGCTGCTGGTTGATGGCGAATTCGAAATTGCGGCGACAAATTGCCTGGCAAGCCGCACGGTTGATGTACGACCGTCAGGAATCTGAGTACTACCGCGCGAAAATGAAAGCAGCAAGAATCTGCTGCAAAGGCTGGGTCAAGCCAAAAGATCTGCCGTCCAACGCCGAGATCCGCGAGGAGATCCAACACATGGCGAGGATGCTCGAAGGCGAGACCAACGATCAGCGTCTGTTTGAAATGCGAATCGAAGCACTGCGCGTGATGCGGGTGCTGGCTCAATTTCGCACTCGGCTGATCGGCAGTGTCCTAACGGGACACATTCGTTCAGGCTCCGACATCGATTTGCATGTTTTCTGTGACAGCCTCGAGTCGGTGACCGGGATTCTTGATTCGCACGGTTTCAACTACGAGATCGAGCGAAAACGTGTCGTCAAAGACGGAGAGCGGCAGGTGTACGAGCACGTCCACATCAAGGATCGTTTCGAAGTCGAGTTGACCGTCTATCCAACCAGCAAGGCGAGCTTTGTGTTTAAAAGCTCCATCACGGGGAAACCGATTGAACGGGCCAGCGAGGCGCAGCTGATTCCTTTGATGCAAAACTTTTATCCGGATGTCGATATCGAAGCCGCGATTGAAGAGAGCGAAGAAAAAATCGATCCGTTCCAGCTGTTTTACGCCTTGTTGCTTCCGCTCGAAAACGTCAAACAGAATCCGCAGTACCATCCTGAGGGTGATGCGCTGTATCACAGTCTGCAAGTTTACGATTTGGCGTGCCATGCAAACCCGTGGGACGAAGAATTTTTGCTCGCGGCGTTGCTGCATGACGTCGGGAAAGGCATCGATCCCTACGACCATGTGGATGCTGGCGTCGATGCGATTTGTGACTTCGTATCCGATCGAACTTTGTGGTTGGTGAAGCATCACATGCTGGCCCACAAGATTTTTGACCAAACGATCGGCGCGCGGAAGCGAAAGCGTTTGCAGGAAAACGAAAACTACGAAGATCTTGTCCTACTGGGACGATGTGATCGAGAGGGCAGAAAACAGGGAATCGAAACGACTGAGCTGGAAGCAGCGTTAGAGTACATTCGCACGATTGGCCATCAGTGGGCGTAAAATATTTTGATGCTTTGCTTTGAATCAAGGCGATTTGCGAAACGAAAACGTGAGGCTTTGGAACATTTCTATCCTTTTTGGAAAATCCTGTCCAAAATGGAAGCTCTGCCGCTAATTGAATACTAAACGCCATCCTCTAGCCTGAGCCGAAGCTTCCTTTGTCTGATTCCCCACAGCAATCTACTGAAATTGATGGGGCGAAATTTTCGCAGCTGATCATTCAGTCGCAGCGCCAAATGCGAACGCTTGTTCTGGCGATGGTTCCGGGCTGTCGCGATGTCGACGACATTTTGCAGGAGTCCTGTGCGGCGATGTGGAAGAAAATCGATAGCTACGATTCACAGCGGCCGTTCGCGAACTGGTCGCTGGCGTTTGTACGGATGCAAACGATGGCGTGGCTGAAACGTCAGGGCCGCGACCGGTTGCGGATGAGCGGCGAAGCGATGGATTCGATCTATCAGTCAGTCGAAGAGTCGTACGAGCCGTCGCGGGATCATCGCAAAGTCAACGCGTTGGAAGACTGTTTGATGTTGTTGAACGAGTCTGAGAAAAGCCTGCTGACCAGTCGCTATGTGCACGGAGAATCGGTCGGCGAACTGGCGGAGAAAACGAGCGGTCGTACGTCGGCGGCGCTCTACAAACAGTTTGCCAGACTCCAAAGTCGGCTTTTGCGTTGCATTGAAGGAAAGTTGGGGGAACTGTGATGTCGGATATTCAGGACCGCGTTGCGTTGCTTGGACAGCGTGCCGGAGACGGCTGCGAAGAGGCGTTGCGCGAACTCGATCAGTTAATCTGCAGTGATCCGCGAGCAAAGAAAGCATGGCTGGAACTTGCGTGGCTGTCGGCACAGTTGCCTTTGACTGCAACGCTGTGCGGACATGTTGTCGCGAAGCAGAACCAAAGCCCGCGATCTTCTACGACGAGTCTGACTCGATGGCTTGCAATTGCCGCGACATTGTTGATGGCGACCGGAATCGCCTACGTGGTGTTCTTTTCCAGTCGCAACTCAGAAAGCGAATTGGCTCAGGGGCAATCGCCCGGACCTGACCTTGTCGAGAAAGCTAACGACGTTTTCGACGCGAACACGTTAGAGGAGTCCGCCGAAACGGAAGTGATTCTCGCGTCGCCAGCCCAGCCCGAGTTCAACAATCTGGCTCATCCTGCCAATCGCGGCGGGCTCAAAGGCGGCGTGGTCGTTAATGATGATCCGTTGCCGGAGGTGATCTCTTTCAACTTCCACGTGCGGCCGATCCTTTCGGAAAACTGTTACTACTGCCATGGCCCGGATCCGAATCATCGTGAAGCCGACCTTCGACTGGATACCAGTGAAGGTGCCGAGTCAGTCGTCGAAGTCGGACATCCGCAAGAC
CP042912.1_gap76	2618695	2623379	4684	AACCCGCATCGCGTGGCTCAACAACGAGCAAAGGCCTCTCCAGCAAAATTGGCAACAGGTCATTTTGTTGCTCGGGCGGAATCAACGTTTCAATGTCGCGGAGATTTCGCTTTTGAAAGTTCCTCCAGACATCGGACTCTTCCATCGGGACCGCGAACGCTGGTTCTGGTCGCACTCCCCAAATGCCGCTTTCCTCAGCACCGCTTGTGCTGCGATCAATGGGTTTTCCACTGGGGCGCCAATAGCTGGCCGTGGTCAGTTTCATCACGCTGACGTTGGGGCGAACCGGGATGATGTTCTGGACGGTTCCTTTGCCCCACGATTGTTCACCAATCAAAGTCGCCCGGCCGTGATCCTGAAGACATCCCGCCACGATCTCACTTGCGCTGGCCGAGTAACGGTTAATCAGAATCACCACCGGAACGTTTTGATCGATTGAAAGTTTTTCACTGGAGGCATGTTCGCTCTGTCGCATCCGGTTGCGGCCCTGAGTGCTGACAATCTCCTTGCCCGGTTCGAGAAACATATCGCAAATTGAAATGGCGCTCGTCAGCAACCCGCCAGAATTGTGACGCAAGTCGATGATCACGCTGTCGACTTTCCCGTTGATTTGCTCCAACGCGGTCTCGACTTCTTCGGCAGTCCGTTCACCGAACTGCCGCAGTCGCATATAGCCAATTCTCGGATTGGATTCCAGGCGGAAAACCCAATTGCCCTGATCGTCGCGCGAATCCCCCACGACGCTTTCGACAGCAATGACTCGCCGCGCGACATCGACGTCCAGAAACTCGCCCTCGCGTTGAATCCGCAGCTTTGCGACTTCGCCGACGTCGCCACGCAACAGCTCGACTCCCTGTTTTCGATCCAGATCAAGGGTCGGCTCCCCATCGATTTCCACGATCCGATCGCCGCTCCTGAGCCCCGATTGCGAAGCCGGTCCGCCAGGAATTGCCGCGAGGATCACCAGTGAATTGTCCTGAACGTGACGCTCGACATAGATCCCCAGCCCCCCAAACTTTTGGCTGATGGCTTCATCAAAATCACGAAACATCTCGCCTGAAATGTATCGCGAATAGCGGTCCAGCTTTCCAAACATTCCATTCATCGCCGCATCAAAAAGCTGTTCTCGGGGGACGACCGTGAGCGATTTCGCGTCAACGACATCCATCGCTTCGGCGAACAGATTCGCGTACCGGTTCTTCGCAGCAGTTCGATAGCAGACCAATGCGACAGCAATCGTGATGGCAATGATCAGTAAATTTCTAAGCGGCATCGCAGGCAGATCGATGGAGGAGAAAAGTGGAATGGAAAGATGGATTGTCGTCCAGAAGCAGACAAATTGCCATGCAAGCATTATTGGGAAACTACATAGTCTGTGGAAGCTCGAAAAATTGAACGGGCAGTAGAAACGCTGAATGGTAAAAACTGTTGGCTTTGACTGTTTGCCGCCCACTCGCATCGCCGAAACGACGATCAGGACCATCACGTTTCCGGGGGGCAAACGCCTTTTGTCTATGCTGTTCTTTTCGATACCCAAAATATCGAACTCGTTTCGTCGCACTTCGCCAGGAAAGCTTACGCATGCCGTCTTCGCGGCAATCGTTTTCGTATGCGTTCTGGGCAATAGCTCGGCCGACGCGCAGCAGCTGACGTCTGGAAGCAGCGGAAAGCAGTTTCGGCTCGAAGGCGTCGAAGCGGTTCCATTTCAAATGCTCAATCAGCAGACTCAGGCCAAACTCCAGCCCGTTCTGGAAAAACCCAGTATCTATCGTCGATTGCCGAAGATGGCGATCGAATGCGACGCAGACTATTTCCGGTTCCTGGTGCGTCATCCGGAAGTCATCGTCGAAATCTGGAAACTGATGGGCGTCACGAAGATGAACACGTCCCGCATTGGGCCGTTTCAACTGCAGTCCGACGACGGCGCCGGAACGCTTAGCGACCTTGAACTGGTTTACGGCGACGGCGAGAAGCATGTCTTCTACGGCACCGGAACCTACGAAGGAGCCTTGCTGAGGAAAAAGCTTTCCGGAAAATGTGTGTTGGTCCTGCAGACTCAGCACGTTGTTGATGCTGATGGAAAACCCAAAGCGGTTAGTCAGCTGGACGTTTACCTGAAAGTGGACAACGTCGCGGCCGGAGTCATCGCACGCACCTTGCAGCCACTGGTCGGGCCAACAGCCGATCATAACTTTGTCGAGTCGCTACGATTTGTGGAACGGTTGCACGATACGACGCTGCGAAACGGCCCCGGCGTTCAGCTGATGGGCGATCGCCTCGACATCCAGCCGCAAGTGCTGGATGGGTTCAAGCAGGTCGCCGGCATGGCTTATGAGCGAGGTAACGAAACAAAGGTTTCGAGCGCCGGAAGACGCATATCTGCGGCCCCGCAGGTGCGAAAGTTTCAAAGTCGTTAGCGTTGACGGTTACCTGACACTCCGGAATTCGGTTTCTCCCCAAACCACTTCAAATTCCGGGGATTACAATGAGATCGTTCGCTGCAGCCAGCCTTATCTTCGTCATCGCGAGCTTTCAGCTTGCCAACGTGCAACTCGCAAACGCTCAACAAAAATCGATCGTCGAAACGGCAGTCGGAGCGGGAAACTTTAATACGCTCGTCGCGGCCGTAAAAGCAGCAGGGCTTGTCGATGCACTTGCCGGCGATCAACAGTTGACCGTTTTTGCGCCCACCGACGAAGCATTTGAAAAACTCGATCCTGTCCTGCTCCAATCGCTTCTGCAGCCAGAGAATCGCGATCAATTGAAAGCGATCCTGACCTACCATGTCGTGCCGGGGAGAGTGAAGGCATCTGATGCGTACGGCTTGAACGCGGCCGACTCGCTGCAAGGCCAGCGACTGAATTTGAAGCTCCGCGAAGAGTTACCTTTAGTCAACGATGCGTCGCTGGTCGCCACTGATATCGAATGTCGCAACGGCATCATCCATGTTGTCGATGAAGTTTTGTTGCCGGCGACGAAGACGATTCCCGAGATTGCTGTCGAAGCCGGCGTGTTCAACACGCTAGTCGCTGCAGCCAGCGCCGCTGACTTGGTCGATGTTCTTGGTGGCGAAGGCCCATTTACAGTTTTTGCCCCAGCGGACGAAGCGTTTGCCAAACTTCCGGCTGGAACTGTTGAGTCTTTGTTGCTGCCGGAAAATAAACAAAAGCTTGCTGACATTCTGAAGTATCACGTTGTCGCAGGTCGCGTTTACGACGAGCAAGCCGTCAAGTCCCGATCGGCAAACACGCTGCTGGGCCGAAGCGTTCAGGTCAAGTTCGCTGCCGCGGGACTGATGGTGAATGATGCGACGGTCACCAGCAAAAACGTCGAAGCTTCCAACGGAGTCATCCATATCGTCGACAGCGTTCTGCTGCCGCCGTCTGCGATGTCAGCGGGCGAAGCGTTGGCGATTCTTGAGTCCGCGATAGATCGCGGCGTCCCCGTTTACAACAGCGGGCATCATGCTCAATGCTGCGACCTTTATTCCAACGCGTTGAATCAAGTCAAAGATGCTGGAGTCGACGGGATGCAGAACTACGTTTCAACGGTCGCCTCGAATGCGATGCACAATGCCAGCCAGACCGTGAACGACGCCGACCGAGCGTGGGCCTTGCGTCGCGGCATCGACAGCCTTCGAGTTCGTTTCGGCTCGGCTATGGTGCGTTAGCCGAAAGCCAACCAATTCCGCAACGGACTCAACAGCCACAAGCCATTTACTGATGGTCGTGGCTGTTTCTATGCGCTGTTCGTTTCCGTTCAAATCCATTTCGCTTGTCGAACGTCCACTCTTCGCAGTGTCGTGCTGACGACTCCGTCATTGCCAACGCAAATTCGGCACTGAAACTCCAGCTCAGGCTGCCGTAACTGCCAAAATAAACGTCGCGAAAATTCTTGACAACGTCATTGCATTGCTGTACTATCGACGCAGTACAGTGGTTCAGCGGCGATGTCGGGAGTTCTTTTCGTGTTCTTCAATATCAACACCTCCAACGGCGTTCCGGTCTACGAGCAGATTGCTCGTCAGATCGTTTTTGCCGTCGCCAACCGCGGGATCGAAGTCGGCGAACTGGTGCCTTCGGTGAGGAACCTCTCTCGTGAATTGGCGGTCAATCCAAACACCGTCGCTCGGGCCTATCGTCAGTTGCAGGATTCCGGCGTGCTGGAAACGGTTCGTGGCGAAGGGCTGGCAGTGACTCGAGGGGCGGCTCAAAAGTGCAAAGCGACGCGCAAAAAATTGGTCGGCGATCGAATTCTCTCAGTGCTCCAGGAGGCACGACAAAGCCAATTGACCGAAGAGGAAATCAAGTCGCTGTTCAACGAGTCGCTGGCGACATCGAAAAAGCTTGCGGCCAAAAATCGGACCAGAAAATAGAACCAGAATAGGGCTAGGCATCATGGCAATGGTTGAACTCAGAGATGTATCCAAGCGGTATCGTACGGTGCGCGCCATGGAGAACGTGTCGTTCAGGATACCTCCCGGCGTTGTTTTCGCATTGCTTGGCGAAAATGGAGCAGGGAAAACGACGACGATCAGATCGATGCTGGGCCTTGAGCAACCTGACTCTGGCACGGTGCGTGTGTTGGCGATGGATCCTCGCAAAGATGGCATCGAGATCCGTCGCAAGATTGGCTGTGTGCCTGATGCGCCGAAGCTTTACGACTGGATGAAGGTGAGCGAGAT
CP042912.1_gap77	2624388	2625475	1087	TGCTGATGGTGTTGGTTTTGTGGCTGCGGCATGGTGGGCTGCTGTTTCGCCTCAACGCAAGTCGCAACTATTCGCCTGACTTGACGGTTCAGTGGTATCTGGTCGTCGGCCTGATTCCCGTGCAAGCATTTCTCTGGAGTTGTCTCTGTTCCATCTGTTTTCGCAAGGCAATCACCGCGGTAATCTGCGCGTCGGCGTTCACCATCGTTGGATGGTCTTTGGTTCAGTTGTGTGCCGTTTCGTTTGCTGAGTTTGACCTGATGTCAGCCACGTCCTGTCAGTGGGCGGCGATGACGGGACAAGCATTGTTGGCTGGAGTGCTCGCGGTTGCCACGATTCGATTGTCGGCAACGTGGTTGAGGGAAATCCCAGATCCGCGACATGACCGAAATTTCATGCGTAAACAGTCCATTGCAACGAATGCATTGACGCAAGAATCGTCGGCTCAGACTACGTATGCGTTCAAAGCATTGACGTGGCAGGCCTGGCGGATGGTCAGAGTTCCGTTTCTGCTAGTCGCGAGCAGCATTGTGTTTTCCGGGATTCTGGTTGGTTTGTTTGTTTTACAAACGCCTACCGGAGCGTCGAGCAATATTTTCGAAGTTCAGATGGTGTGGATGAACTTGTGTTCGATCGCAGGTGCATTGGCCGGGCTGATGACTTTTCGCGGTGACCAGTCAAAAAACTCGGTTCTGTTTTTTCAGCAACAGGGCGACTATCCGACCCGCGTTTGGCTTTCACGAGTCGTGTTGCTTGGCACGCTATCGCTCGTTGCAGCCATCGTTTGCGTTCTGGTTAGTGCGACCGTTTCGCTAACGCATTTCGAATCCTACTCAAACAACTTTGGCAATCTGCTTTCACAGACCAGAGCCATCAATGGGATCATGGCTTTCGCGGTCGCCGCCGCGGTTGCTCAACTGGTCTCAATCATTTGTCGCTCTGGCATCCTGGCGTTTTTTCTCTCTTTCATTGGCGTCCTTTTCGCTCGTTCGTGGTGCAGCATCGTTATGCAACATGACGAATCCGCGCTGCTTTTTATCGGTCCCTTTGTTATCGCCTGCTTTTTCGCATCCTGGTGGTACGCTCC
CP042912.1_gap78	2628235	2631261	3026	GACACGGCAGTGCTCCTCGCGGCGGCGTTCACTATCACCACCGATTTTAGGCTGGTCGATGTTTTGTTGAAATTGGCTGCGGGTTGAGGGTGTCGTTCGCGACGCATGGCCATGGTCGCCTCAGAGTTTCGGGTTTCGCAACGCGACAACTCGAAACTTTCGACTACCCGCCGCTGACTGGTGGAATCATCGCAACTTCCACGCCTGGATTCACCACATCCTGGTCCACTGCGTACTTTTGATCCAACGCGATGCTGGACCTCGCCAGCAAGTCTGCCAACTGCGGAACCGCATCGGAAAGAGCCGCTCTCAGGTCTGCCACTGATCCATTTTCGGGCAACATGACCTCGATCGATTCAGCGTCTGCGATCTGTCTCGCTTGGGCGAACAGTAAAACCTTGACTCGGTTCATGTCACCACCAATTCTTCGCTGCGTCGATTGAAAAGGTCTTCCAGCTCCGACGGCATCAAACCGTACGCCAACGCAAGGATCTTCACCGGGTGAACTGTGGTCTTGTAAGTTCCCTGCTCCATCTGAATCTTGCAGGAACTGCACTCCGTCGAACCGGCCAGCAACTGCGGCTGTCGCATCGCCTGAATCAAGTGAACTCCGATTCTCAACGACCGGCGATAGTTTCGACGCTTGAGCCCGTATGTTCCCGCCATTCCGCTGCAGCCTTTGTCCAGCACTTCAACTTGCATCCCCGGAATCAATTGCATCAACTTCACGGCCGGGATGTCGGAAACCAAACCCGATTTGAGAATCGCTCGTTGATGGCACGGCAGGTGGTAACCCACTAGTGCACTGAGCGGATTGAAATCGAGGGCAAGTTCGCCGCTACGATGAAGCTCCATTAAAAACGAGCAACAGTCCGTTGTGTTTTCAGCAACTTTCGTCGCGTCCTCGTCGTCAAGCAGATTCAGATACTCGTGCTTGAGCGCCAATGCTGCTGACGGTTCGGTCGTCACAATTCGATAGCCCTGCCGCACCCACTCGGCCAGCATTTCGACATTGCGTTCGGCGATCGCCTGAGCCCGCCCAATGGCTCCATCGGAAATCATCGACATTCCAGAAATACCCTGGTTGGGAGGAACAAGCACATCAATATTGTTGTGCTTGAGCACTTCAACAAAGCTACGACCAAGCTCCGGATCGTTCCAGTTCACCCACGCGTCGTAAAAGTAGACGACCTTTCTCGACTGTTGCCGCGACGGGCGGCCAAGTTGATTTTTCTGTGCCCAGCGGGCAAACGTTCGCGTTGAAAACCGAGGCAGTTTTCGTCCCTGGGCGATTCCAAAAACGCGATCCAGAATCCAACGCCACATTGGGCTGCGGATCATCCGATTCGTCAATCTCGGCGCTCGTCCGCCAAGTCCGTACAGCCAATCCAGCCGCGTCAGAATCCAGTCTGAAACACGCAAGCCGTTGGTCGCGTAGTACTGTCCTTTCGCTTCCACCATCAGCTTTGGAATGTCGACCGAAGCCGGGCATTCAAGCCGACATTGATGGCAATTGAAGCACAGATCAGCGATCTCCTTAAACTCGTCTTTCGCCATTTGATCCGGAGACAACGCGCCGCTCACAACGCCACGAATCAAATTCGCTTTGGCTCGCGGAGAAGACTCCTCGCGTGGCGACGCCCGGTAAACAGGACACATCCGCTCGGTATGCATGTTGGTTCGACAGCGAGCACATCCGTTGCAATTTCTCGCCGCCAATCCCATTTGCGTGACGGACCAGTCCAGCTGCGGTTGAAGCACCGGCAATGCTCCGTCGCCATCCCCGGATTTTGACTTGCCGCGTCCGAAAGGAGTCAGCAGTTTCCTCGGCGTCGGTTCTTCGGCTTCATCTTCTGAAGTTTCAGCATCGCTATCCGTTTTCACGATCGGTTCTTCAGCCTGGAAAATCCGCAAGTTGTCGGTCAAGTCCGAGTAAGGCAAACCGACGATCTTTCCCGGGTTGAGCACGTTCTGCGGATCGAAAATGTTTTTGATTTCCGAAAACACCGGGTGCAGCTTTCCGTACTGAGAACGCAGGAACCACGTCCGCCCGAGGCCATCGCCCTGGCTGCCGCTGATCGAGCCATTCATTTCCAGCGTCAAGCCAAACACGGCTTTGGCAACCGGCTTCATGCGAGCAATGTCCTTCGGATCGGCGAGGTTCAGAAACGGTCGGATGTGAACCATGCCTTGCGGCGTGTGAGAGAAAATCGACGCCGTGATGTCATGCTCGTTCAGCACTCCATGAACGCGTTTGAGAAACTCCGGCAACCGGTCAGGTGCGATCGCGATGTCTTCAATGAACGGAACGGCTCGCCGCAATCCTCTCAGTCGATACAGCGACGGCACAACGCGGCGCACCAGATGCCAGTACAAATTTCGCTCGGCCGGTTGCGTCGTCGTGCGAACCTCGAACGCCAGCTTTTTGCGACGCTGAATTCGATTCGTCAAGTGCTGCAGCTTGTCACGCAGTGTTGCATTGTCGTCCGCCGAAAACTCCACCAGCAACATTGCTTCGGCATCCACCGGAAGCAAACGCTGAAACTGCTCGTTCGTCTCGCGTGCCAACGTCAGCAAACGCCGGTCCATCAAATCACATGCCGTGATTCCCATCTTGCCGATATCGACCGCAGCAGTCGCGGCGGCCTGAAGCTGATGAAAGAACAACAGCGCCACGCCGCGATGCGTCGGCAATCGATCGGTTCGCACCACGGCTTCGGTGATGATTCCCAACGTGCCTTCGCTGCCGATCGCCAACCGCGTCAGGTCCACATCATCGGACTGCATGACTGAGTCCAGGTGGTATCCGGCCTGATTAACCTTCGTGTCGGGAATTGAATCGGCGATCAGTTTCTCGTTGGATCGAATCACGTTGCCGACGCGTGATTTGAGTTCTCGAATTCGAGCAGCGGAACCAGCAGGTTGTGAAGCAGAGTTCACCCAAACCTGGTTGGCCACAGAGTCGAGCTGTACGACCTCGCCGTCCGCCATCACCATCTGAAGCTGAACGACTTTGTCTCGTGGCG
CP042912.1_gap79	2650531	2655221	4690	GCGGATCAAATTTCATGGCGGCTCCCGGGTTCAGTGCTTCAAGTCATGCCATGTTACATCAATCGAGGGAGCTTTTTACAAGCTTCAGCGCCGCCAAAAGAACTTTCGAGCAAATGCCAGGCACTTTTTAATAAATTGATTTTCATGTCGTTAACGCGGCCAAACATGAGTGGCAATGTGCTGGCCGCCGATAGAAAACGCAACGGACCGGCGACTAGCGCCTGGCCGCTCACATTTGCCAAACAGTGCCTGGTCACTGTTCCGCGATGTTCGATTTTGGATCGAAAACCAGAGCCACTTCGCCGGCAAACGATTTGCATTCGGCATCGTTAGCGTACTCTTGAGCGTTCAACGACTCGATGAACGTTTCGCGAGTCTCGTCGGCTGACTCTCGTTCGTCGAGCTTGAATTGCGACATGGCGATGACCGCGTAATCACCTGGAAACGGTGGACCGGGAGACAGTTCGATGGACTTCAACGCAGCCTTGATTGCCCGTTCAAAGTTCCCCATTCGATACTCGGCCGTCGCGAGTGTGTTGAAGAAAATGTCACGTGGATGTTGCAGAACAATTTTTCGATATTGAAGAATTTCGATGTCCGAGAGAGGAGAATTTTCAAAAGCTTCGCTCGTGCTAACCCGGTTCCAGGTCGCATTGTTGACCGCTTGAGCCAGTTGGATACTGATCGCGGGAAGCTTCGATCCGCGGGGAACCTGCAACGCCTGTTTAATGTTCCCAGAAACATATTGCTCGGGGCGGCGACCTTCTGATTCCAATTGACTCGTGAGTTGTTGATACGATGCGTGCAGTCGATCGTGAAACAGAGCGTTGTCAGGATCGTTGTGAATTAACAGGGCGTGATGAAAAACAGAAGCGAACCAGTTCTCCGAACGAATCGCTTTATTGGCCTCGTCGTTATGCCAGAACGGATCGAAATTCGCTTTCGCCTCAAGGTAGCCTTTCTCGACTTCAGATTCAGGTGTGTCCGATTCGGTTGGCAGCGTTGCGTCCCAGAGCTTGATGACGCTGTCGGCCCCGATCGAGGCAATCCTCGAACCGTCTGGGCTGAATATGGCGCTGTTCACGGATTGTGAGTGCCCGTTGAACGTCAGGACTTCATGAATCGTCGTCATGTCCCACAGCTTGATGGTTTTGTCGAGGCTGGCTGACACCAGACGCGTTCCGTCGTTGTTGAAAGCGACCTGGTTGACACCTTCGCTGTGTCCTTTCAAAACCGCAAGTTGCTCTCCCGTCGAGAGGCTCCAAAGCTTTATCGTGGAGTCATCGCTTGCCGAAGCAAGTCGCTTGCCGTCAGGGCTGAAAGCGACACTGTTCACAGACTGCGGATGTCCCTTGAGCAGATTGACTTGCTTGCCCGATTCAACATTCCATATCCGAATTGACCCTTTGGCCCCAGAAGATGCGATCAGCGAACCGTCCGGGCTAAACGTGATTCGGTAGACCGCGCGCTCATGTCCCTTGAAAACCTGATTCGGCGAACCATCTTTCACGTTCCAAATTCTGACCGTATGGTCCGAGCCTGCGGATGCGATCAGTTTGTCGTCCGGGCTGAAAGCGACTCCGTAAACTGCGCCTTCGTTTCCATTGAGAACGTCAATTTCCTGTGCGGAATCACTGTCCCACAATCGCACCGTGCCGTCGCCGGCGGCGGAAGCGACCGTCGCGCCGTCATGGCTGTAGGCGATTCCATAAACCCGATTCACGTGGCCCTGGAACGTCGACATGTTTCGTCCTGTTCGTGCACACCAGAGTCGTACCGATTGATCTTCACTGGACGAAACCAGTTTTCTTCCGTCCGGGCTGAATGCGATCTCAGTCCCGCGTCCGTAATGTCCCTTGATCGTGTGCACGTGTTGGCCGGATCGCACGTCCCACAATTTCACGGTCCCGTCAAAGCTCGCTGAAGCAATGCGACTGCCGTCCGGGCTGAAAGCAACTCCATTGACCCAGTCCGCGTGCCCCGTGAACGTTCCAGTTTCCAATCCGGTTTCCACATCCCACATCCTGATGGATTTGTCGCGACCGGCAGATGCGAGTCGCGTTCCGTCGGGGCTGAACGCAACCTGGTGAACGTACTGCGTATGTCCGTTGAGGGTTCTGGCTTCGCGACCCGTGACCGCGTCCCACAGCTTGACCGTGTCGAAACTCGCGGACGCGATGTATCTGCCGTCAGGACTGCAAGCGACACTGATCACCAAACTGTTGTGTCGCAGCGGTGCCCAAATTTCATCACCTGAATCGACGTCCCAGACGCGAACCGTGCCGTCAACGCCCGAAGAAACCAGGCTTGTCCCATTTGGACTAAAGACAACGTTTCCGACCTGCCTTGCGTGTCCGACAAACGTTTGGGTGTTTTCGAAAGTCAGTGCATCCCAAAGCTTCACCGTTTTGTCGTCGCTCGCTGTTGCCAACGACTCGCCATCTGGGCTGAAGACGACACTGGCAACCAGTTCCGCATGGCCTTCGAGCCTTCCCGTTTCCTGTCCAGTTTCGACGTCCCAAAGTCTGACCGATTTATCGCTGCTGGCAGACGCGAGCTGTTTTCCGGAAGGACTGAAAGCGATGCTTCCGACAGAACCGGAGTGGCCCTTGAGCGTAGAAATTTCTCGACCGGTCTTTACATCCCATAGTTTGATCGTTCTGTCCTGGCTGGCCGACGCAAAGGTTTTGCCGTCGGGACTAAAAGCGACTTTGTAGACACGCGCGGTGTGACCAGCACAAGTCAGATCACTTCCGAGAAAGTTTCGATTGCAAAAATGCCACTCGAAATTGTCTCGATACTCTTCAGGAATTTCGTGCAGGAGTGTTCTGGCCTCCAACGCTCGGTTGGCTTCAAACCTTGCGTTGGCCAGCTGAAACTTCGCCGCCGCCTCGGAGTCTCTCGCACGCTGCGACTCGGACGAAGCCCGTTTCTCAGCCGCAACGGCACGCGTCTCGTTCTTGCGAGCATTGTCCTTCTCAATCAACGCAAGCTGTTCACTGGCTTGAGCTTTGGTGCGCTCTTTCTCCGCCTCAGCCGTTTTCTGTTCTGCCAAAATCTGGTGAGATTCCGCTTCGCTAGTTTTTTGATTCGCCCGAATCAGACCGTAGCTGGTACCAACGATTCCGATCAGCAACGCTGCCCCGACTGCCGCGATAGAAGCCGCCAAACCTCGGTTCTTGGCCGCGAATTTCCGCATCTGATACAGCGTCGAAGGAGGCCGTGCGATCACCGCGTCGCCCGCCAGGAAGTTGGAGATGTCTCGAGCGAAATCCGCAGCGGTTTGATAACGCCGGGTGCGATCTTTCTCGAGGGCTTTCATAACCACCCAATCCAGATCTCCCTTTAAAACCTGACGAAGCTTGCCAGAGCTGATCTGTCGTTGTTGACTCACTTTCGACGTCACCGCGACAGAAGCAGAATCCAGTCGAGTACTTGGTCGCGGCGGATCCTTTTCGCGAATGATCTCCAGAATCTGGAAAAAAGCGTTGCTGCTGAGCGTCTGTTTGTCGACCGGTGTCGAGCCCGTCAACAACTCGTAGAGCATCACGCCCAGCGAGTAGATGTCCGCGCGAGTATCGACATCGAGCGCGTTCATTTCCGCTTGCTCGGGCGACATGTACTGCAACGTTCCGACGACTTTGCCAAACTCTGTGAACAGCGTCTTGTCCGTCAGTTTCATGTTGTGGGTGATCGCTTTCGCCATTCCGAAATCGATTACTTTGGGAACCGCTTCGCCGTCGTAATGAGTGACCAGAACGTTCGAAGGTTTCAAGTCGCGATGCAGAATTCCTTTTTGATGCGCGTGCTGGATCGCTTTACAAACTGGCACGAACAGTTTCAACCTGTCAGCAACGCTCAACTTGTTCTGATCACAATAGTCTGTGATGGGAATGCCCTTCACCAACTCCATCACGAAATAGGGAGTCCCGTTTTCTGTCGTTCCCGCGTCCAGAACTTTGGCGATGTTCTGATGATCCATCAAGGCGAGAGCCTGCCGTTCGGCTTCAAATCGCGCGATGACTTCTTTGGACGCCAGTTCTGATTTGATCAGCTTCATCGCGACGCGGCGCTGCACAGGTTCTTCCTGCTCCGCCATCCAGACGGCGCCCATTCCGCCTTCGCCGATCTTCTGCAACAGCTTGTACCTGCCGATGCGTCGCGACGGTCTGACCTGACCCGAGTCGAGTTGCGTCCCGCTGTTCTCGGTTTCGGTCGCGTTGATCAGCTGCTCTGCGTGAACGACAGCCGATTCGCCGAAGCGGGCGTAGTCAGAAACCTTGAGCGTCTGACCAGATTTCCGGCGGTAGAAAATTTCCAGAGAGATCAAATCGAGCAAAAGCTGCGGCCGTGAAACTTCCGGAACCTGATTCAGCCACGCATCAATCGACGGAGAGTTTCCTGACTTGAGATCGGTTTCAAATTGGTCGGCCAATTTGTCGAATTGTGTCTGCATCTACTCTCACCCCAGCAACGCTTTTCTCGTACGCTGCAGACGATTACCAGGCGATTACCAGGGAACGACCTACTCGCATCCGTGATGGTCGCCAGGCTTAAAGCTCAGCCGCGAACCGTCAACTTTCCCCATTTTTTGGCCTTTATAGCCGGCCTGATTGTAAACTCCATCCGTCAGCTATGTGGCCAGAGTCAGTGTTTTTGCGTAAGAATGAGCCGTTCAATACGTGATAAA
CP042912.1_gap80	2660045	2660969	924	CATCGAAACGTGAGGTTGGATAGCCTGTTCGCGCTTTGACGATTCGCATTCCGTCATTATTTCGCCGTAGCGATACATTTGGTCGACAAAATGGCTCGGGAGCTTAGAATTTCACATCGGATTGACCTGAAAGCAGGATGATGGGGACAATCTCGTGCCTGTCGCAACAATGAACTTAGAACACTCAAAAGATGACCCTCACAAAAGCAATCGCTCGTACCAATTTTCTTGCCATGATGACGATTGGCTTGCTGATCCTGACAATCGGCTTGCTGATCCAATTTGCATCACACTCGTCGGCCAATGCAGAAACGAATGGCTCCAACGATGTCGCCGTCGCGAATCATGCAAATCTTCAGCCAGCGACAACGAAGCAGCGTTCCGATAACAAACCAGTCGTCATCGAGGGCGACTTGAGCGCAATCGATTGGCGTTCGCACGTTGGGAAAAAAGTGGTCATCAAAGGCGAATTGGTCGTCGTGGATACTTACGATTTGGCTCGCCGTGGACAAATCAAAGTCGCGCGCGAGCGACTTTACATCCCGACCAGTCAAATCGATCCCAACGATTCGGATCCTGCAGAAAACTCATTCGAAGGCGGCAGCAACGTCGCGAAAGTAGTCGCAGCGCAAAAGTTCAACGACAACGCGATCATCACGATCGATGATGGGACCCCGAAGGAAAACATATTCCCACCGACTCTGTTTCCGCGACTTGGTAAATCAATCCCGACAGTCCGAATTGGATCGAAAATCACTGGCGTCACGGGAAAGCTCGTGAAGGCTGGAAACAATCTATTGCTTGTTCCCAGCAAACGGTTTCGTTTTACGCCAGCCGAACGTCCTGAACGACCGAATGTCGGTAAAGCCAATGTGACCGTGGCCAGCTTCAACGTGCTCAACTATTTCACCACGATCGACAACG
CP042912.1_gap81	2668648	2670062	1414	TATACACCACGCCAGAAATAGCGAAACCGCGAGGGTTACCGCGAGTAGAGTTTTCAACCCAAAGCGAATTTTCATTGCCCAAGCTGGATAACGTCCGTGATCACCGAGCCGGGACGGTTGATTCACCACTTCTAAACCACGCGCAAGACCGGCTTCGCGTGCATCACATTGCTATCCGCCGCTTTTGGGTGGCAGGGAATTGATCAGGTTTTCTATATCCTCCGGTCGCTCAGAGAAGATTTCAACACTACCGCTGCGAATCCATATGCTATACGAACCATCGCGGTCAACGAAGTCCCCCAGTGCATCATAGCTATTATCGTGGGTCATTAGGAGCATCCATTCGGATTCCAACTTCCTCAGTTCTCGTCGCACATCCTCAACAATTTTGTAATCCTGCAACTTTGGATTTAGGATATCGACAGATAGCACTCTGGACGTTGAGTAGAAATCGTCACCTATCCACCAGTCAGACGGAAGTTTTTCCTCGTATCGCTCGAGGCTTCCAAACTCTCCGTATTTCGAAAAAACCTTCGAAAAACGCTCCATCGTATCGGCGATTTCAGCTGCAAACTCATCGGTAAATCTCGATTCCGTTTCCATTCCATCAACCGCATCATTAAACGGAACCGCGTTCAATTCGTTGCGCCTCGCTTCGTCGATGATCACGTAGCCGTTTGGAAGTGGTGAATCAGTTGACGCCATTTGAGTTTTGTCATCTTTTGCGGAATATTCACGTGTGGTGCATCCGAGCGTTGTGAGAACAATCAACGCCAGCAAAATGCTGCGGGATCTTGTTAGCATTGCGTCAGGTACTCTCATGAGGCGGGATAACGCCCGCGTTAACCGAGCGGATCAAGAAATGTAAATCAGTGAAGATGGAGCCGGATACAATGGGAGGTACGACCATCCGGGGATTGGCCAGCCACGAAGGCCTCTCCGCTTCGGTTCAACGCATTGTTATCCGCGTGTGCATCCCCAGCGTTCTTCAATTCTAGCGACCTGCCCCAGCGAAGTCGAGCGCGTCGTCCGCATGGTTCGAGCATGTTAATTGCGCGTCAGAGCGAGTTTGCGGATGAATGACGCCTTCGATCGGATTGTCTTTGCCAATGCGTGCTGCCTTTTCGCCTGCATTCGCCCAGTTCTCGAACAAGTTCGCGCCAAGGCCGCATGTCATCACGCTGCCAACTGCATTCTCTCGCATGCCACGAGCATGTCGGCGCAAGATAGTTCCGCTGGATAACGTCCGCGTTAACCGAGCGGACCAAGTAATGTGAATTAGTGAAACTGGAGTCGGATACAATGGGAGCCTGCGACCATCCGGCGACAAACCAGCCACGCAGCCATCTCCGCTTCGGTTCAACGCATTGTTATCCGCGTGTGCAGCCCCAGCGTTCCTTAATTCTAGCGACCT
CP042912.1_gap82	2672679	2675059	2380	TACAAGGCTATTGCGAAATGCTACTCGATCAAATGTGGCGGTGGAATTCGCAAGTTGACCAAGTTGCGAGACAATAAAGACGTATAAAGCCAGTAGTCCGTATCCTACAGAAACCTGAACGTATCCGTATCTATTATTGGTTTTGCCTTGCGACGTCGCCTTTACGGTCGGAGTTTCGTATGGATTCATGGCATGGAACCCCAGTCTGGATAACGCCCGCGTTAACCGAGGCGTCGAAAAGTGTTGAGGTTGTGAAAATGGAGTCGGATACAATGGGAGGCACGACCATCCGGCGACAGATCGGCCGGGAAGCGTAGGACGCTTCGGTTCAACGCTTTGTTATCCAGACAGCCGGGTGATCTATTCTCGGTATTCTATTGGCCAAACCAATCGAAGTCGAGCATTACTGTCGTGTCGCCTGTGATTGCATTTGAACATACGCTTCATTTGGCAGTGTTTGTGGCTCAGGATTGGTCCAAAGCCTTGTGTAGCTGGCCAACGGCGAAATCATGCCGGTGGATTCTGCGATTGGTTCTAGTGGAGCGTATACGTGGTAGTAATTCAATTCATATTCAAGCCGGCTATCCAGCCAAACCAATGGCCCGATGCTCGTGACATAAATTGGGAAGATCGATATCAGTAGCGCGGCAATCACAAGCATTTTCGCAGCGCTTCCTATTCGATTCCGAAACAGCAGAATGAGGCAAAGAAATAGCGGCACAAAGCTCAGCAACAGGATGGTCAAGCCGGGAGAGTAGGTAAAGCCGATGGCGAAAAGGGCAACGGCAACCAACAGAAACCTAATCGAGATTTTGGTCATAACGCCGCACTCCTTGCTCAGTCTGGATACCGTCCGCGTTAACCGAGTGGCGGGATTAGATTCTCCATCTCAAAACCGCAATAATCCGCCGCTTCGGTTCATCGTTTTGTTATCCCGCCGGTATCGTTAGATCCAGCCTTTTATTGTTTCGATTACATCACGAATATCTTCGGTATTTTCATGCGTTTCTCCTAACCCATCCCTGACTGTTGCGGACGCGACGCGATCAGGGTCGATATCATTATCAGCAAATATATCGACCGAAATGGGGAGCGAGTAGGTGTCGCCCGGTTGAATAGAAACATTTCCGAATATCTCATTGGTTAAACAGTTCGTTCCAATAAACAAACGAGCTCCTGTATCGAGTTTAAGTTCCGCTGCCTTGATGGTTACAGGCAATGTTCCATGATTTGCCATTTCCAACACAATGCAACGCAATGTTTCGCCAGTTGAAACCATCATGTGGGAGCAGGTGACCGATAGTTTTAGGTCTCTTGGTTTTGGCCCTCGTTGGACTGGATTTCTACTTTTCAACCAAACGAAGAGCATGGTCCCAAATGCGAGTAGTATAAATCCTACCGTTTGTGATCCGTCTTGATATTTGTCGATGATTGCCGAGTATTTTTCACCAGCCGCGATGTAAACAATAAGCTCCCAAAGAGGAGATGCGAGCAGTGCAAGCCCCGCAGTGACAATAAGCTTTGGCAACCGAGTTTCTGTGTCACCCCAGTAAAGACGCATTGCTTCAAGCGCGAACGCGTAGAATTGGTTTTGGGTGTCAGTTTTCATTTATGCTTTGGTTAGGCGGGATAACGTCCGCGTTAACCGAGACGCGGCAACACGGACTGAATTTGGTTTAGTTGAGTCGGATATAATGGGAGCCTGCGACCATCCGACGACTGATCGGCCAAGCAAGTTTCACGGCTTCGGTTCAACGCATTGTTATCCAAGCAGCCGGGTGAAACGCTCTCAATATCGTAATAAATCAGCCAATCGAAGTCGAGTATGTCCGTCAGTCTGTGGATTCGCCTTGAACTCGCTCGAAGCTCTTGAGAAGTGCCTCGATATTTCGCTTTCCAATTGGATTTGCGCTTTGAATATTCCACTGCGGTAATTTTTCATCGTGATCGAGACAGAAATCGACAAGCCATTTCGCGCAATCCATTCCTGAGGGACCGTCGCCTAAATCATGGTCGAAACAAATTGCATCAGGAATTGAGTGTTCCAATATCCATTCAGCAAATTCTGCGTAGGATTTAACCCATTGAATCGTGGCGTGCTGAATTGGAAAACAGCTTTGCCATCGCTGTTCTGCGGGATTGCGTTCATCGTCCAACCAAAGCAAGGTGAGCATTTCAGTCATGAATTTGACGTGCTAGTTCGAGCCTGTCTGCGCGAGATAGTTTGGTTGGATAACGCCCGCGTTAACCGAGCGGACCTGAAAATGTGAATTAGTGAAAATGGAGTCGGATACAATGGGAGCCTGCGACCATCCGGCGACAAGTCAACCGTGACGACCTCTCCGCTTCGGTTCAACGCATTGTTATCTGGCGACGTATC
CP042912.1_gap83	2679642	2682690	3048	CGACCTGACCCAGCGAAGTCGAGCATGTCGTCCGCATGGCTAGAGCATATTAATTGCACGTCAGAGCGAGCTTGCAGATGAATGACCCCTTGGGTCGGGTTGGCTTTGCCAATGCGTGCTGCCGACATTCCAGTATTCGATTGGTTGCCGAGCATGTCCGCATGTCGTCACGCTGCCAGTCGCATTTACTTGCACGTCACGAGCCTGTCGACGCCAGATAGCTCCGCTGGATAACGTCCACGTTAACCGAGCGGACCAAAAAATGTGAATTAGTGAAAATGGAGTCGGATACAATGGGAGCCTGCGACCATCCGGCAACTAGCCAACCACGAAGGCTTCTCCGCTTCGGTTCAACGCATTGTTATCCAGACAGCGGAGTGTATTGCTGTCCAATTCTATCAAGGTGATTCGTCGAAGTGAAGTATTTGAAATTGCCGAATTTGTGCAAGCTCAGCCCAGCCTTGTCTTCAAGTATTCAATAATTTGGTTAGGAAGTGGATAGTCAATTTCTAGGCATTCACGTTGGTCTTGTCGCCTGATTTTCGCGTTCGTAATGTGGCGCAGTTTTGAAACCATCAGGTGGATTGAAGAGTTTTTGATTTCTTGACGTTCCGGTTCACTCATTCGCTGATAAAACTCAGACGGGATGTCTGGATCTTGATCATGAAAATGATCAAGGTGCCAATTCAATCTGTCGACGCCCGTATCAAGAAACTCCTCCCAGGTGAATTCCAGTGAATCACCCGACGCTCGGTTACTTACGGCATCTCGCGCGTAGGGCACTACGATCACTCGCCGATCTCCAGTGTCTACAAACAACTCGATAACGGCTATTGAAAATCTCGCCACTGAAGTCAGTCTGGATAACGCCCGCGTTAACCGAGGCGTCGAAAAGGTTTGAATTTGTGAAAACGGAGGAGGATACAATGGTAGCGAAGCGGACATCCGACGACTGGCCGGCCCTAACGCTGTGGACGCTTCGGTTCAACGCTTTGTTATCCAGACAGCAGATCGCTAGGCGTTGTACTGACCCAAAATTCAAGTGTAGTCTATTCGCATGCTGCGGATTGTGCGATTTGTGCCATGTTTCGCAAAAGTTCCGTGAACTCAAAGACAAGTCGTGGTATTTCTTTTGGCTGATAGATGTATGTCATGAAGTGTAGCATAGTGCCCGATTCATTGACCTCCAATTGGCATCGCCGTTTCTTTGCTATGAGTTTCTTTAGTGGATTGTTCGTGTCCTTGCGAGCAGAAATTGCTTCGACGAATTTTGACCATAGGTTAGTCGAAACTATCTGATGTCCTATTCCAAATGATTCTCTGCATGCAAGAACCGTAACGCACCTGAACGATCCGGCCGGAGCGCCCGGTGGACTATCAGCATATTGATAGAAAAACAAATGAATGTCGCCAAAATCGGATGGATAAACAACGCGACGTGCAGTCGACCTGTTTCTGTAGAACCTGTTCATCAACTCAAAAGCAGCGAACGGTTTCAGGAACTCTTCACAAGACATTTCCTCATGAAAGACTGCACCAATCTTATCGGCATATTCAACCATTTCCCTTTCGACACGAAACCCCTTGGCACGAACCCAAAGAAGAAAGGCAACGATTGACACGAACGCGAAGAAAGCTGCCGCCAAGAACTCAACTGGCGTGACGGCAACCGCTACGAGAAGGATTGGTGATTGCATTTCTTGGCAGTGAAGGGGCTGTTGTCGAGAGAAAAGCCCGGTCTGGATAACGCCCGTGTTAACCGAGACGCGGCAACACGGACTGAAGTTTGTTTAGTTGAGTCGGATATAATGGGAGGCACGACCATCCGACGACTGATCGGCCAAGAAGATTTCACGGCTTCGGTTCAACGCTTTGTTATCCCGCGATCACGTGCATGCTGCGTTGTGTTTGATTTAAATCCAAACCCAGTTTAACGCGATGATTGTGCCGTAGCAAACGATGAGCCAGAATGGAAGAAAGAGAAATTCAGCCAAGTCTTGAATCGAAAATCCTGTCGGTTTCTCGTCTCTTAGAACGTAAGACATGAACGATGTCAGCGGAACGCCAAATACTGCGACCGGCAAAGCGACATACTTGACAGCAGGCCTCACATGGCGACTCGTGGGATCGGGAAAAACAAGCCAGATGACGAGTGTGAATGCGCCAATAAAGATAATGAAACGAGTCGTCGCTTGCTCCCGTTCGTAGTTGCGCAACATGTAATTCTTGGCCAGCATCGCGATTGCGAACGTTCCAACTAGCAGCGCAATCGAGTCGGTCATGATTCGCTGTTCCTGAGCTGGATAACGCCCGCGTTAACCGAGGCGTCGGAAAGTGTTGAAGTTGTGAAAACAGTCGTCGGATATAATGGGAGGTACGACCATCCGACGATTGGCCAACCCTAACGCTGTGGACGCTTCGGTTCAACGCTTTGTTATCCCGCGCTGCCCCTACGACCAGTATTCTGGATTCGCCAACGTCTCTTCCATCAGTGAGTCCGACAGATGAGGCAGGTCGGGCAAATCGTGCGATTTGACAAGACCATCGAATTTTACCGGGCCGTGTTTGGCGGGCAATGCGATTCCATCTAAAAACACGTATCGCTGCCCAAGTTCTATTGATTCGTGTATCGGCAAAACGGCATCCATCCAATCCTCGGGTGTTACCAGCAGATTGTTTTCGATCAATTGGCCGTCAGTAATCAATTTTTGGTTCCGCGGTGTTTGTTTCGCGGCCAATGTTCGAAGTGATCCTCTCAGTCGAACGCATTTCGCAAACATGAATGATCGACAGCAAACTGTGCATGGCCAAAGCCAGCCAGACCCGCCAGCGGGAAACACATCTTTCCGATGCCAAGAAGCGTCGACGATCGCCTTGCGGCAGTCACATCCAAATGAATCGCCACTGTCGTCGGAAACAAGCCATAGGTATTTTGTAAACCAAACCATGTTCAGATGAGCGGGATAACGCCCGCGTTAACCGAGACGCGGCGAAAAGGTATGTAGTGAGTGTAGCGGATGATACAATGCGAGGCACGAGCATCATCCG
CP042912.1_gap84	2864897	2869881	4984	CTGGGAATCTCTGCCCCGTGATGACATCGGTTTAGAAAATTGTTTGGAGAATGGCTGTCTCCAAATCGCCGTTGCGACGTGTAGTTGAATGAGCCCATGTTTCATTCAGACGAGACTTACGATGCGAAATTTTCTTACTGCCAGTGTAGCCGTCCTGTTTCTGTTCGCTGTCACCTTGTCGGTTAGCCAGCTACATAGTCAGTCACTTCAGGAAGAATCAAAGTCTCAAGGCCGCGACAATGTCGATGCGAAGCCACGTGGCGGAAACTGGCTTCGACGGCAAAAGCTTGAGCCGACTGGAGTTGAAGTTCAGCTCGAACACCAGGGACGCGATCGGAAGTATCGGATTCATGTACCCGATTCCGTAGATGCGGCGACGCCTGTTCCGCTGGTGATTTGTCTGCATGGCGGCGGCGGAAATTCCGATCAGGGATCCGTCATGGGAGTCACGCCATTGGCGGATGAGCACAACTTTATCGTGGTCTATCCAAACGCGATCGACAAGCATTGGAACTGTGGGCGCGACTCCGAACTGTTTCGCGAACACAATCGAACGATCGACGACGTTGACTTCCTCATGTCCATCGTTGCCAAAGTACGTAAACAGTATCGTGTTGACGAAAAGCGGATATTCGCCGTTGGCGTTTCCAATGGCGGCTTTATGACTCAGCGGCTTGCGATGGAACATCCCGAAACGTTTTCTGCCGTCGGCATCGTGATCGCAACCATGGCAGAGTCGCTTGAGAAAGACTTCAAACCGACGCTTCCAGTATCTGTTGTCTATATGAACGGCACGTCGGATCCACTTGTGCCGTACGACGGCGGAGCACTGACGGTCGACCTGTTTCCAAAACTTCGAAAAGCCATGAATCGAAAATTGGAGGACCGCGGAAGCTGCGTTTCGACCGACGCGGCAGTTGAGCACTGGGTGAAGCGGAACGGTATCAAAGCAAAGCCAGCGGTTTCGACTTTCGAAGATGTCAACGAGGAAGACGGCAGCACGGTCGAATTCAGTCTGTGGACCGGTGGACAGCAGGGAACTGCGGTTGGGCTCTACAAAGTCATCGGCGGAGGGCACGGCATTCCAGGCCGTCCCCAGCGAATGGAAAGAGTGGTCGGCACGTATAATCAGGACGTCGATGGCTGGGCAGAAATCTGGAAGTTTCTCAACGATCACCATCGTGGCCACGAACAGAAATCGATAAACAAACAGTCCGATCTGAAACGCGGCGCGAAAGCCGTTTCGAGGTAGTGCCAACGAGAATAAATGCGTGTTACATTCGCGTGCATGATCAACGACTCGCCCATTCTGCTGACCGAATCTACTGCCGCCGAACGAACGAAGTTTCGTCGAGCACTTTTGAAATGGTTTGACTCCCACCAACGCGACCTTCCCTGGCGGAAGGATCGAACGCCGTATCGGATTTGGGTTAGCGAAATCATGTTGCAGCAGACTCAAGTCGCCACGGTGATTGACTATTTTAAACGGTTCATGAAGCGATTTCCGACTGTGAGCAAGCTTGCTGCAGCGGATCAGAGCGAAGTTCTCAAGCTTTGGGAAGGCCTCGGTTATTATCGTCGGGCCCGTCAACTTCACACCGCCGCATCGGTTGTCGTTGAGCGGCATCGCGGCAATTTCCCGGAGACGTTTGACGAAGTACTCGCGCTGCCAGGTATTGGACGCTATACCGCGGGAGCCATCCTTTCGATCTCGCTGGACCAGCAGTTGCCGATTCTCGAAGGGAACACGATTCGACTTTTCGCCAGACTGATGCAAATGGAAAGCGATCCGCGTTCGTCGGCCAATCAAAAGCTACTGTGGCAATTTTCGGAATCGTTGTTGCCGAAAAAACGTGCCGGCGACTTCAATCAATCGCTCATGGAAATCGGAAGTGAAATCTGCACGCCTCGATGCCCGAAATGTTCCGAATGTCCCATCATTAAATTCTGTCCCACTTTCCGCGGCGGCTTGCAGAATCAGATTCCTGCACCGTCTGTAAAGATGAAGTACGAGAGCATTCGCGAGGCCGTCGTGCTGGTCTCGAAAGTCACTCGGGGCCAGACCAAATTTCTTGTTCGACTTTGTGGTGAAGGTGAACGGTGGACTGGGTTGTGGGATTTTCCCCGATTTGAGTTAGGCAACAGGCGGGCTGAAGTTTGGTTGCCGGAACAAATAAAGTCGCTTACCGGGCTAGATGTTTCCGTCGGTTCGTCCAGCCTGCAAATGAAACACGCGGTGACCAGGTTTCGAATTACGCTCGATGTGTTCTCGTCCGAGCAAGTTACCGGTCGGCTCAAATCTGGAGCAGCCAGCGAATTGCGATGGGCGACCAACAAAGAGCTTCTTGAGATGCCAATGAGCACGACTGGTCGGAAGATTGCAGATCGCTGCTGCATCTAATCCGGTTCGCGCAATACGCAGCGCGATTCCGCCAAGTTGGACGTCCCAAGTCGCTTCTTGATCGTTCCGATTTCAATCGCAGCGTCTGACACATAGATCATGTGTTTCTGGCCAGGCATCCTGCCTCATTTTCGGGCGACCCGTGACAGGGGGCTTCTTTACCGGTGAATATCGTCAGTGGGGTCTCGAATCACCTTGCGGTGTAGAACCGTCGAGTTTGGTGATTTTACTGGCGTTTTCGTTGCCTAACGAATTGGCAATCAGGCGGGTTTTCAGAAGGTGCGCGTCGGCAGCTTTTAGCTTTTTCTTTAGCGAGAAACCTTGGAAAAATTGAGATTTCGCACCGTTACTGGAAAAAATGCTGTCAGTTTTTCGAATTGGTACAGCGGATGCTTAAGGAGCCTATCAACCACCATTTTACGATATTGGAGAACCACTAATGACCTCATGTTCATGGAAGAGCAACCCGCTCTTTTTTACATTGACGCTACTGCTGCTTTGTACTGTTTCCTTTTTCGCGTCATCAAATTCTCTTAACGCCGCAGCGACTCCATTCGCGCCCGTTCAAGAAGAAGCCACCGAAGCTTCTGCCGCTGAGACGACTCCCGCTGCTGGCGCAGTTGAGCCGCTTGAGGTTACGGACGGTTTTACTGTCAACAATCTCTGGATCATGATTGCCGGGATGTTGGTTTTCATCATGCACCTTGGATTCGCAACACTCGAGAGTGGTCTGACGCGTTCGAAAAATACCGTCAACATTCTGTTCAAAAATACCGCGATTGTTTGCCTTGGATTGATCTCCTACGCAGTGATGGGCTTTTTGATGATGTATCCGGCATCGTTTCTCGAGTATTCCGGATGGTCGGAAGCAGAACAAGCGAATTACCTTGAGACGACTGAGGATGGGTTCCTGAAGAAGAACGGCTACTTCGCATTTGACGGATTCGGCATGGTCATGAATGGACCAACGCAAGCCGCTGTCGGTGACGAAGCAACGGCCGAAGAGATTGCTGGCTTCAACGCTGCAAGTACCGAAGAAGGTTACGGCAATCCTTATACATTGTTTACAGACTTTTTCTTCCAGGCGATGTTCGCGGCGACATGCTGCACAATCGTTTCGGGAGCAGTTGCCGGGCGAATCAAGCTTGGAACATTCTTGATCTTCTGCCTGTTCTTTGTTTCGCTCAGCTATCCGATTACAGGTTCATGGAAGTGGGGGTACGGTTGGCTTGACCGAGCTGGCTTTTACGATTTTGCAGGTTCCACATTAGTACACTCGGTCGGAGGATGGGGAGCGTTGGTCATGGCCTTCTTGCTGGGTCCTCGAGCAGGTAAGTACGTCAATGGCAAAGCGATGGCAATCGCGCCTTCAAACATGCCAATGGCAACGATCGGCGTCTTCCTCCTCTGGTTCGGTTGGTTCGGCTTCAATGGCGGATCAGTACTTTCAGCCGATCCCGGACTGGTTTCCCTCACACTCTGCACCACTTCCATGGCAGCAGCGGCAGGCGGTTTGGCTGCAGCACTTGTTTCGACTGTGCACGGCAAGAAGCCTGACCTCTCAATGACACTCAACGGCATCCTCGCCGGTCTGGTCGGCATCACTGCCGGTGCGGATCAGATGAGCCTGCTTGAAGCAATCATCATCGGACTGATCGCTGGCGTACTGGTCTACGTCGCTGTGATCTTCATCGACGGTGTTTTGAAAATTGATGATCCAGTTGGAGCGATCAGCGTCCACCTTGTTTGTGGAATCTGGGGTACGCTCGCTGTCGGAATCTTCGGTGCAATGGCCGGAACCGAGCAGCTATTGATTCAGGTTAAAGGAATTGTCGCTATCGGACTGTTCACACTTTTGTTCTGCCTGGTTCTCGGATTGATCCTGAAGTTTACTTTGGGACTGCGAGTCAGCGAAGCGGAAGAACAGGAAGGTCTCGACCTTGGAGAGCATGGAATTCATGCTTACAGCCTATAAAGCAAAAGGATGAAGTGCTTGGCCACGGGTACTTCTTTAGGAAACACGGTTGGTTAACGCCAACTGTACAAAGTGGTCAATGGTGGTTGGAGAGTACGTGTTGTCACTTGTGGCACGCGTGCTCTCCGCTTTCATTGTTAGAAGGAAACTTGCGAATGCTGACGTCAAACAGGCGCTAGAACACACCGCCGTTTGATCTTCCTCCGCCCTTAGATTTTTCGCCGTCTTTCGAGTCTTTCCCAGCGCCGAATCCGCCAATATCGATATTGCCCTCTTGCCACTTGTAATTCTCGATTCGCATTTCCTTGACGCCACTTGAATCGACGACAAGTAGTTGCGATCCTGCTGAGCGTTCAAAAAGATCATCCAGCGACGTTGATGCGGGGATAACGATGGCTTTCACTTTCGTATCAAAAACAATGGGTTCGCCCATGGTTTCCCGGAGAGATTTTCCGTCGGCGTTAGGTGTTTTTGCTTTAAAGGCGGGTACTAAGTCTCCGTCTCGCCAACTCGTGGTAACAGCCTCTTGGCTTTGAAGCAAACAGCACAACCTCGCATGATCTCTTGAATGTCCGAACGCGACTACTTCTTTCAGCCAATTCTCGTTG
CP042912.1_gap85	2902835	2905387	2552	TTGTTGCCAGCGCCGTCAATGTGGCGACGACCGGGCAGGATCTCGATTTTGCAGTCTCGCGATTCAATACGGACGGCACATTGGATGCAACGTTCGGCACCGACGGAACAGTCATCACCAGCGTCAATACGAACAACGAAACAATCAACCGAATGGCGTTGCAGTCAGACGGAAAGATCATTGTTGTCGGTGGATACCGGTCGGGTTCGACCACTGACGCAATCATCCTGCGATACACCGCGGATGGAGCTCTCGATACGACGTTCAATGGCGACGGAATGCAGGAAGTCCAATTCGTGAGCAATGCGAACGACTGGTTTGAAGACGTCGTGATTCAACCCGATGGAAAGATCGTCGCTGTAGGATATGCGAACTATGGCGGCCAGGATCAGATGATAGCCGCCAGGTTCGAGACAAACGGAACGTTGGACGCTTCCTTCGGGACCGGCGGTCAGGTTGTTCTTCCTGTTGACGTTGCTGATGAACAGGCTTCAGCGGTCGCACTTCAGTCAGACGGAAAATTGATCCTTGTGGGCAGTAGTAACAACGGGGCGGATAGCGATTTTGCAATTCGACGGCTCGATGTCGACGGCTCCCTCGATACCAGTTTCGGAAATCTGGGCGTGGTCGGAATCGATATTTCCTTGAGTCAGGACAATGGCAACGCATTGGTGATCGGAGGCAACGACGAAATATTCGTTGGAGGAACATCAGACGCATCGGGCAATGGCGATTCGGTGGTGATCAAACTGGGTGCCGACGGAAATCTGGATGCGACGTTCGGTACTGGAGGAGTCGCTTCGGCGGCTGCGGGAAATCCATCCGAAACCGTCTCCGATTTGGCGATTCAGGATGACGGAAAAGTGGTAGCTGTTGGGGCTGCTTACAATGGGAGCAACAACGATGTCTCGGTAATACGATTCAATACAGACGGCACACTGGACGGCACGTTTGGATCTGGTGGACTCGTTCGAACCGCAATTGGGGATGCGACAGACGCGGCGACCAGCGTTGTAATTGACAGTCAAGGCAGCATCATAGTCGCTGGCCGCACAGACGGATTCAGCGGAGACACATTCGTTGCCCGCTACGATAGCGCGGGCGGACTCGACGGTCGATTCGACGTGGAAAACACTTTTGATGGCACTTCCACATTTGTTGCCAACGGCTCGCCGGTAGTGCTAGATCCTGACGTTGAGATTTTCGACGACGAACTTTCATCGATTGACGATTTTGGCGGCGCGACTTTGCTTTTGCAACGAAGTACCGGATTCAACGCCGACGATGTTTTCAGTGGTACCGGCAATCTTGAGTTCACGGGAGGAGCCGTCGAGTTGTCTTCGATCCGTGTTGGATCCGTTGTCCAGGTTTTGGGACAGATGTACATAACGTTCGATGCAGGCGTGACAAACGCGCAAGTCAACGAAGTCATGCAGTCGATCGCTTATGAGAATACGAGCACCGATCCTCCCGGTAGCGTTGGGATCCAATGGTCATTCAACGACCGGAATGACGGAAGTCAAGGTTCTGGTGGGAATTTGTCAACTTTTGACAGCAAGCTTGTCTACATTCTCAATCCGGTTGTTGCTTCGGTCACAGCGCCTAACTCGGTAGCAACTGACGAAGACATAACGTTGGTGTATTCGGGAGCCAATGTCATCCAAATTGACAACGGGATTGCTTCAGACACAAGGTTGCAAGTCAGCCTGTCGGTGTCCAGTGGTTCACTGACTCTCGCCGGCACCGTGGGAATTACAATCGTTGATGGTGCCGATGGAACGTCTGGCCTTGTTATCGAAGGTCTCAGAAGCGACATCAATACCGCGCTCGATGGTCTACAGTACGATCCGGTAACCGACTTCAACGGCGCCGATACGCTAGGCATTTCCGTTTCTGGAGCAGCGGATCTTGAAGGTCACTATTCCTTCGAAGGCGGAAGCCTTGAAGACCAAAGCATTGGCTCATCCGAAGACGGATTACCGGCAGGATCGCCAAGCATTATCAGCGATCCGCAGCGTGGCGATGTGCTCGATCTCAATGGAACCGGCCAATACGTGTCGATCGGTTCTGACTTTGGACAGCCGCCAAGTCTGACTTTGGCCGCATGGATCAACGTCGACGCAGGTGCCACCGACGCCGAAATTATCAGTCTTGGAAACAATGTTGGCATTCGAGCCGAGAATCAGCTTGACTCGACAGGACTGACGTTGTTCTACAGCAACGGCACGGATTTCTCTTCCGTCACGACTGAGGAAGCAATTGCTGGAACAGGATGGCGCCATGTCGCCGTGACCTTTGATGACGCAACGGATACCCAACAGATATATCTGGACGGCGCACTCGTCGCGAGCGGAAATGATGCCAGTTCGATCGCCTATGACCAGGGTTCCACAACCGTTATCGGCGGACACGGTGACGACAGTTCAGCTTACGATTTCGCGGGCCAGATCGACGACGCTCGCATCTATTCGCGGGCTCTTGCGGCAGAAGAGATTGCAGCCCTTGCCACTGATCAGACCGAGGCCTCGGACAGTGTCGCCATCACCATTGAT
CP042912.1_gap86	2907260	2911705	4445	CCCTGAACACGGTGACGTACGAAAACGTTGCAGCCACGCCCAATACCACCCAACGCATCATTGAAGTTGTTGCCACCGATGGGACCGGATACAGCCTGGTCGCGACCAGTTTGATTGACTTTGCCGATGCGGCGACACCTTCAATCGACCTCAACGGTGCCGCAGCCGGACTCAACAGCAACGTGACCTTCAACGAAGATGGCGGGTTCTTGCAAGTTGCTCCCGATGCTGTGGTGACTGACTTTGGTGAGAGCGACGTTACACAACTGGTAATTGAGATTTCCGGATTCGGTACCGACGGCGCGAGCGAGCGAATCTCCAATGGTTCTGGAAGTTTTCCATGGGGAACTACGTTAATCGGCAGCGATACATTCGGCGGTACAACCTTCCGGGTCGACTACGATGGTGACACCACGATCACAATTACGAACTCCGCAGGAGCCACGGTTCCGATGCCGGAAGCGGATTTGCAGCTGCTGGTACGCTCCGTTAACTATCAAAACACCAGTCAGGATCCGACTGCCGTCAATCGCGAGTTTGCTTTCACAGCCACCGACTCAACTGGCAAAACCTCGGCAGTGGCCATAGCTTCGGTCGCAGTTGTCCCGGCCAACGACGCGCCAGTGCTTTCCAATGCAGTCGTGCCCGCCTTCACTTCGATCACCGAAGACGATATTGATAACGCTGGCGAAACAGTCCGTGACGTTCTCGCTACGGCCGGCGACCCGATCACGGATGCCGACGGTGATCCCGAGGGAATCGCAATCTTCGTGAGCGACGAAAATTCTGGAACCTGGGAGTACTCTCTGGACGGTGGTTCGAACTGGAGTCAAGTCGGAACAGTAAACGCCACAAGCGTTTTACTTCTGCGCGATACGGACATGCTGCGACTGAATCCTGACGGCAATTCGGGAGGATTCTCAAATATCGGATTCCGCGCGTGGGACCAAACATCTGGCGCCGCAGGGGACAGGGTCAATCCGGGTTCGTTGGGAGGCACCACCGCATTCAGCAACGATACTCTTTCGGCAGTGATCTCTGTAGCAAACGTCGACGACGCCCCCGAAATTGATCTCAACGGTGCCGGCGCGGGATTGGATCACGCGCTGAACTACTCCGAGAATGATGCAGCCACCTTTGTCGCGCCCAACGTGACGGTAAATGATTCTGGCGAAGGCGATATCGTTTCGATCAACCTGGACGCAATCGGATTCCAGGTGACAGCCGCATCCGAACTTCTGATCTTCGGCGGAGAATCGGTCACCGGTGGAGTGGCGGCGGTAGGAACCGTTACGGTTGGTGGAACGACGTTTGTCTACAATTACGATGGCGGCGACGCACTGAGTTTCGCGAACGATGCCGGTGCGGGAATTCCGATCCCACAAGCGGATGTTCAACTGCTTTTACGTTCGCTTCAGTATCAGAATCTTGGCGATGATACCGTAGCCGCGGATATTGAATTCGAATTCAGTGTTGCCGATAGTGGAGGCCAATCGTCTGCGTATGCGGTTTCAGTGTTGACCATTGACCCCGTCAATGACGCACCGGTGTTGGATGTGGCGGGCGATTCTCAGCTGACCGGTATTCTGCAAAACGACACGGATCCTTCTGGCGATTTGGTTTCGGCGATCATAGCCAGTGCAGGTGGCGATCCGATCACTGACGTCGACGCCGGCCCGGTCGAGGGCGTCGCAGTCACCTCAGTCGACAACGCGAACGGAACCTGGGAATATTCCATTGACGGAGGCACGAACTGGACGGCGTTTGTGGCAGTATCGGACAGTTCAGCCACGGTTCTGGGGGAATCAGCAAACGACTTGATCCGCTTTGTGCCTGACGCAGGTTACAGCGGCAGTTCGATGTTTACGTATCGCGCTTGGGACACCACAGATGGGAATTTTTCAGGTGCATCGGGAGTCGACGCATCCTCCAACGGTGGTGACACTGCTTTCAGCACTGCTACGGAAACTGCGAGCATCGACATCGACCCTGGCGTTGTCAAGTTGATACTTTCCACGACAGATGATGTCGGTCCGGCCTACATGAACCCACAAAGCGATGTTGCAGGTTTGCCTTCCTGGTCGGACGGTTCCGTAATTAGCATGCGGGATACCGGGAGTCTGAGCTTCGGTGAAAACGATACGGACGGCGTCTTCAATCTCATCAATAATTTCGACACTTTCGCGGCGGACTCGGATGTTGATCTGACCGCTTTGCACTTCGTGACCAACGACGCCACGATTAACGGCGCCGGAGTTTTCGGCGGAAGCATCGACTTGCTGGCTGGCGACATTCTGTTCGTGACCAACGCAGCAGAATCGTTCAGCAACACTGCGACAGGAGCTCCGGTTGGGTGGTCCAACAACATCGCCTCCAATGCGGGAGATATCTATGTTTTCCGAGCCGAAGTTTCTGAAGACTACAGCAGCGGATACTTCCGTCAGGTGATGGTCGCTCCCGGTTCGCCTGTCCAGGCAATCACTTTGGTCGAGAACGCAACGCTGATCGGTGACACGTTTGTTGCCGCCGGAGATTTCCTGTTTAGTGATTCGTTGAGTGCCAACGACGTTTTCTGGTACGACATCAGCAACGACACCTCGCATTTGTTGGTCGAGGGTTCTGACGTCAACATTGAGGGACCTATCACTGGCCTGGAACTGATTGAGTCAGGTACAGTCGTCGGCGGTGAGACTTTGAATTCCGGCTCAATCCTTGTTACGCTCCAAACCAACGACGCTGCAATTGGTAGCAACTCAGTTTCGGTGCAACAGAACGATATCGCCAGCCTTGAGTTTACCGCGACGACATATGGCGGAGGCACTGCGGCCGCCAACGCAGCAGTTTTCTTCGACGGCGATGGCAACGCGAACTTTGACGACACCTCGGAGAACGTGGATGCATTTAGTCTGATTGTGACCAACTCCGGTGGTAACGTTCCGCCTGCAATGGCGAACTCAGGCACGCCGGTCGACTTTACCGAAGGATCCTCGCCGGTCATTATCGACTCGACAATCACAGTGTTTGATGGAGACTCGTCAGATTTCGCGACTGGAGTCATTGAAGTTTCCTTCAGTTCTGGTGGTGCCGACGGCGATCGAATATCAATCTTTAACGGAGGCGTCGGCGCGGGCCAAATCGGACTCAGCGGCAGCGACGTTACCTATGAAGGCGTGGTCATCGGTTCGTTCTCTGGTGGATTGAGCGAGACAGATTCTCTCATCATCAGCCTGAACGCAAATGCGGACGCCGTGGCTACTCAGGCATTGCTACAGAACCTGACTTACCACAACATCTCCACGACTCCAGCGACGACCGTTCGAACTGTTGACTTTGTATTGACCGATGGCGATGGCGGGATCAGCAACATTATCTCGAAGGACGTCACCATCACAACTGTTGATGCCGCGCCACCGATCGCGGTTGATGACGCATCGGGGGTGGTGCTGGACGGAATCGATGACTATGTCGAAATCGCTGACAGCCCGGAACTGACGATGACGAACACGATGACGATGGAGGCGTGGATCAAGTCCGAAGCTTCCACCAATGTCAATCGAATGATTATCAACAAAGAGGGGGAATACGAAGTCGCCATCCTTGCTGACAATCGAATCTATTGGGGGTTTGCCAATACCGATCCTGGCTGGTCCTGGCATGATACCGGCTATACAGTGACCAACGGAGAGTGGACGCACGTCGCGGTCAGCTATGACAACGGGACGGTCACTACCTACATCAACGGAAATGTCGTCGAAGTCTACTATGGGTCAGGCGTGATTGGAGACGCCCATGCCACGCTGGATTCGTTGCGTATCGGCGGTCGCGAAAATAATGAAGCAGACAAGTTCTTCAACGGCGTGATTGATGATGTTCGTATCTGGAATGACGTCCGTACCGAAGCTGAGATTCTCGCCAACTACGATACGAAATTGACAGGTAGCGAAACTGGCCTGGCGGGATACTGGTCATTGGGTGACGGAACAGGTTCCGGGATTGCCGACCTTTCGAGCAACGGCAACGATGGAACGTTGATCGATGGCGGTGCAGGGACCGCGCCGACTCGACTGGGCTATGTGACGGATCAAAACAATCTTCTCAACGTCGATATTGCAGCAGGCGTGCTTGTCAACGACTACGACGCGGACGGCGATTCGCTCATCGTTACCCATGTCAATGGAGACCCCGCAAACGTTGGTTCGACTTTTGCGTTGCCAGCGGGAGCCCGCTTAACGCTCAACGCGACAGGCGATTTCGTTTATGATCCGAGCGGTATCTATGAGAATCTCGCGGCCGGAGAATTCGCGACCGACACGTTCACGTACGAGGTCAACGATGGCAATGGAGGCAGCGATACGGCGACGGTCACCGTAACGATCAATGGACTCAATGATGCACCATTGCTCGACAATTCGGGAACCATGTCGCTGACAGATATCGACGAAGAT
CP042912.1_gap87	2915084	2915671	587	ATCTAGACGGACGGGTTGACGACGTCCGCATCTACTCGTCGGCACTCACGACAGCGGAAATCAATGACCTGACTACGAGTGCTTCTGTTGCGTCGCGTTCCATCGCTATCACGGTTGATCCGGTCAATGACGCACCTGTGCAAACTGGCGGCTCGGTCTCCAACTTGACGGTCAATGAAGACAGCGGGCCGACGTCGCTAGGACTGGCAGGACTGACACACGGAACAGGTGGAGGAAGCGATGAGGCTGGTCAAGCGCTAACGTATCAAGTGACTGTGGTTCCGAGTCCGACAACGGGGACGATCTACCTCGCGGATGGCGTCACATCGGTGACCACCGGGTTTTATACCGAAACCCAGATTCAGGGAATGCAGTTCGATCCGTCAACTGAATCCATCAACAACACGGTGACGTTCTTTGAGTTCGATGTCGTCGACGATGGAGGTACCGCAAACGGTGGTGCTGACTCACGTTCACATAGCATGCAAATCACGATTCTTCCGACGAACGATGCGCCGACGATCGACAGTTTGGATGGCGATTCTTTGGTCTATCTGGAAGATTCCGGTGCGGTCATTATTGAGCAG
CP042912.1_gap88	3079899	3083820	3921	GAATCGTTTCAGCTGACTCTGCGAGTTCCGACGGACGATCCGAGAAAACCGTGGACGGAAATCGATGCTGATATTCGTGAATCGCAATGGGAAATCACCAAATCAGACGACAACAACGTCGAAATGCGCTTCGAAGTTGCACCAGCGGCGTTGAAAAAACATGGACTCAAAGGTCCCGTCGCGGTCGTGAAACGGTTCGGCGTACCTGTCCTCGATGAAGCGGACGTCGATTCGGTTTCTACCCGGACATGGCACTGGGATTTCGATTTCGAGATCGAAAACGGTGCGGATACCGCTCAGGACATTGGCTACGAACTAAAGGGGCCAACGGGAACGCCGTCGGAAACCTGGTGGTATTCGCAAAAGACGCACGGCCGAGCGTCGGCTCTGTTTTCGGTCGCTGGTGCACGTGACGTTTTGGGTTCGACTGAGTATCGCAATTATCAGTTTTGGGGCTGTCCCGAAATCGTTAGCGAGGCTCTCGACGACAATGGGCAGACGCAATTCTTCGCTGACCCGTATGAGGCCGTTGAAAATCCGGGTGCATCAAAGGTCAATTGGCTGGGCGTGGACACGTTGTATTTCAACATCACGATGTTCCCTGACAATGGCGAAACGTTCGACGTCTTCAGCGCGTTTGCAGAGATCAATGGCGGTTACCGCAACGGTCAGACCGTTGCACCGAAGATTCCCAAGAATACTCGCGAACACAAAGCCGTCGATTGTACGTTCCGTGTCTTCAAAGCCGAGACGATTGCAGCTGGGAATTCCGTCAGCCAGCCTTTCGACATCTTCAGTGCTCCCAAAGATCCCGACATCCTCGAACAGTATGGCCTTGAGCAAACGCGGGCTTTCGGTTGGTTCTGGTGGTGTTCAAAACCTTTGCTATGGTTGATGCACCTGCTTTACTGGCTGACTTTGGGGATCACGTACACGATTCCAATCATCATTATTACGGTTCTTGTTCGTTGCCTGATGATTCCGTTTTCTCGTCGTGCGGCGTTGAACGCTCAGATGATGCAATATCTTCAGCCGCAAATGAAAGCGATCAAGGAAAAGTTCCCTGACGATATGCAGAAGCAAGCGGTGGCTCAGCAGGAGTTGTTCAAAAAGCACAACTACAAACCGCTTGGCGGATGTTTGATGGGCTTCATCCAGCTTCCTGTTTTCCTCGGGCTCTACCGTGGGCTGTCGTTGGATATCGCGCTTCGTGACCAACCCCTCATCCCTGGGCTTTCCTGGTGCAGCAACCTTTCCGGGCCTGACCAGTTGATGTACTGGAAGCACTTGATGCCAAGCTGGCTTGGCGAGGCTGGCTGGTTCGGGCCTTACCTGAACATCTTGCCGCTGGCGACGATGGTTCTGTTCCTCGTCCAGCAAAAAATGTTCACGCCGCCTGCTGTCGATGAACAGCAGAAGATGATGCAAAAAATGATGTCGTTCATGATGTTGTTCATGGCCATCATGTTCTTCAAAGTTCCCGCTGGTCTGTGCGTGTACTTTGTTACGTCAAGCATCTGGGCGATTCTGGAAAAGAAGCTTTTGCCGAAACCGGAACTCGATACTGCGAAGCTCGAAGCGGCGGACGACAAAGGCCCGTCATTGGCTGAAAAGAGCATGGCGCTGCTTGGTCGCAACAAAACGTCCAGCGACGATGCAGCTCGCGAAAAAATCGAGATGCGTCGCAAGCGGAATCGCAAGTTCAAGAAATAGGTCATCGCCGGTCAGCCATAGTCGAATCAATCGCTGGCACACTGAATCAACCGGTGTGCTTGGCGATTGCTGCCGCGTCTACTCAACGATGATGGTGAGGACCGAAGCCCTGGACTGGACTTTTCTCGTGCCTGGCACAAACGATCGAAGATAGCAGCGGTATTCGCCGGCTGGCAGCACGAGATTTCGCGCCCATCGATTGTTTGCCAGATTCTCACAAGGAAGCACAGCCGGATCTGATTGAAATTCAGAACCGTTGAAAAACGTTTTTGAGTCCACGCGATAGACGACAACGTTTGTTTTTGCGTTTGGATGCTTTCCCATGAATCCGTTGAGCCGGATGTTCTTGTTACGTTGGTACGCCTTCTTGAACAAAATCGGATTGAATCTGGCGAACACCGATCGGTCTTCCATCATGTTGACGCTCAGTTGCCAATCGCCTTCGACGCGATCATCGTCGATCGGTTTTGCATAGCTGATCAAGAAATCGATGTCGTTCGTCACTTCCGTGAACAGATCCAAGTCGGTACTCCACGAAGAAATCGGGCTTCCTTCAGCATTGGGAAACACAAGCATGCTGGTTGGTTCGTCCTGCCAGTTGTCTCCGTTGAAAAAGCGTTGAGTACGAAAGCTCTTAACAACCAGACGCGTCATCAGGACCGTCGAATTGTCCTCCGCGAATCCGCTGAACTTCACCGGTTCAGAACCGTCGATAACCGCGCCCGATTCCGGCGTCAGCAACGTCAACAAAGGCTCAGCAGGCTTGCGGAAATCTCTCAGCGACGAAGCCAACTCCTGCTGTTGCAGTTCGTCCAGCGAATCGTAGACGTTTTCCAGCTGATAAGGATCGCTCGCCAGATCGTAAAATTCTTTTTCGCCGTTGGCCCAGGAAACGTGAATCGCGTCAAAGAATCGTTCTGCCACGTAAGACATCGGAACTCTGCCAGTCACAGTATTCTTGTCCGCCCAGTTCTCGATCATGATCGATCGGCGCCAAGAGCGTTCGCCAAAATATTCCGGTCGCGAAATCAACGGATAGAAAGATTCTCCATCCAGTCCAGCCGGGACTTTCGCATCCGCCAACTCCAGAATCGTCGGGCACAGATCAAGTTGAGCAATCAGATGATCGCTGATTCGTTCCGATTGGCTCTCTGGCAGTTGAATGAACAACGGAACGTTCGTGCTTCGATTGAACGGGTCAATCTTGGCGGTCAAGCGATGGTGTCCCAGTGAGTACCCATTGTCGCTGGTCACAATGAAGATCGTATTGTCGAGTTTGCCGGCAATCCTGATCTGATCGACGACCGTTCCGACCATGTCATCAACAGATTTGATCGCCCGAAGTCTGGCGGCATAAGAGCGCTGGTTGAACGCGATTTCGCTGGTGAAAAGCCGCGGGCGTTGCAAATGCGATGGTTTGTCGCTGAAGTCCAGTTCATCAAAGTCGGGTGAATCCATCGGCTGTGTCAGGTCGCCGCCGTAGTCGAGGTACTTTGTTTCGACCATCGCTTCGACCACGTTCCCGCCCGGCAAATGCGGAGCCAGTGGCGCCAGTGAAAGGAAAAATGGCTGGTTGAAGTTGCTGTAGATATGGCCGTTCAGCGCCGAAGCGGCCTGGCTCTCGTTGAGGTTCGCGACATAGACATCTTCGCCCGCTTGAAATGCCTTTGGCGCAGTTTGATCAATGTTCGTGAAAATCGACGTGTTGTAATACAGATTTCCTTTGGTGACCGAGAACTGATCCCAGCCCGGGGGGACGACGTTGTCAAATTCGCCGTGGTGGTACTTTCCGACGTGAATCGTATGGTAACCCGCCTCTTTCATCCAAACTCCCAGCTCATTATTGTGGTGCCCGCGTTCTTTGAACGTCGTGTAGCCACCGTCGAATCCGTTGCTCAGTGTTGAGAATCCGCTGTTCACTTTACAGCCGTTGCTGAACGCGTACTTGCCCGTAAACAATGCCGCGCGGCTGGGAGCGCAAAACGGAGTCGTGCTATGAGCGTTACGGAAATGCGTTGCCGTTGCAGCAATCCTGGCGAGATTCGGATAGTTCAGTTCAATGTTTTCGCGAGAAAGCAACTCACTGTCTGCGTCGTCAAGATTGATCAAAACGATGTTGGGCTGAGCGTAGTCAGGCAACTGAGCCAACGCTGCGGACGTCGTTCCTGAACAGAGCATTGCGAGTACGAGCAACCGAACGAATGCGGA
CP042912.1_gap89	3092438	3093525	1087	GATCCGCCTTCGAAAAGTTCCGGGCACTGAACCAGCATCGGGACGCGGATCGAAGTTTCATAGGCGACTCGTTTGTCAATCAGACCGTGTTCGCCAAACATGAACCCGTTGTCGCCCATGTAGATGACGAGAGTTTCGTCATGGATTCCCATCTTCTTCAACTGATCCATCACAGCGCCGACACTATCGTCAACCGAGCACAGCGATTCGCAGTAGCGTTTGTAATATTTTTCAATATTCAAAGCACTGTGATACGGAAAGTCGACTCCGTGCCAGGAGTTTCGTTGATCCAGCAACCATCGCGGGCGGTTCAAATTGTTCTCTGTCAGTTCTTTCTCGCTGGCCGGACGATCGAATGGCTTGTTCGCAAACCTGTCGTTGTACTTTTCTTCCGGAGTGAAATTCGCGTGCACAGCCTTGTGTGAAAGATACAAAAAGAACGGTTCGTCGCTGTCCTTCTGCTGCTCCAGAAAATCCATCGCGTACTTCGTCAGCAGCGTTGTGATGTAGCCGTCCTGTTTCACACGTTCGCCATTGACGTTCAGCGTGTAGTTCGGTCCGGGCGGCAGGTAAAACCCCTGTCCCTTGAAACTGACCCAATAGTCAAAACCTGGCCGCGGGTCATCGTGGTGACCACCCATGTGCCACTTGCCAACATAGCCCGTTTTGTATCCAGCCTTTTGCAAATACTGCGGAAAGAATTGAGTTCCCTCGGGCACCAGTCGCTGGTTGTCGATCACGCGATGCCGAAAAGTGTACAGTCCTGTCAGGATCGACGCACGGCTTGGCGAGCACAGTGACGTTGTCACGAAAGCGTTCTTCATGTGAACGCCGTTGCGAGCCATCGCATCCATGTGCGGCGTTTCCGCAAACTGATGACCCATGAAGCTCATTGCATCGTAACGATGGTCATCGGACAAGATGAACACGACGTTCCGCGGCTTGGCTCCTTTTATTTTCACAGGTTCCACATTGTCTGGAACAGGAACGACATCGTTCGCATGAGCCTGAGAGGCGGTGAAGCAGAGAAGTGTTCCTGCGACAGCACAGCATAGGGAACAAAGAAGGGCACGGCTCATTCTGATTT
CP042912.1_gap90	3110196	3112248	2052	CGCGAAACGCGATTAACTTCGGATACCTTGCGGATCTCACATGGCGTCACGGGGACAAAGAGCAGGCTCTGGAAAAAATCGCACATGCCGTTCGGCTTGATCCGGACTACGAGTTCGCCTGGTCGTCGCTGCGATCATGGTGTGAACAGTTGGGAAAGCCGGACTTTGACGTGACGCTCGCCAAAGAACTCTGCCGCGATCGGCCGGAGGAATCGCGTTCGTGGCTAAAGCTGGCGTATTGCCTGGACCAACCGCATCAGGTGGAGGATGCGATCGAAGCACTCGACAAAGCCATCGAGATCGATCCTTTACTGGTGGCAGCCTACAGCCAGAAAGCTTCCTTGTACTGCGTTCGCGGGCGATTTGACGAGGCAAGGGGCGTTCTCCAGACCGATGCGTTTGGTGAAAATTATCCGGTCGAGCTTTCCGTCCGCCGAGCGGTCATCTCGGCTGAAGAAGGCCGACAGACGTCCGCTCTGCACGAAGTTCTGGACGTTGTCGATCGGGATCCGGATTACTTCAAAGCCTGGCATTGCATCGCAGACTGGGCATCCGATTTGGATGAGTCGGAGCTTTACACGCGGGCCGCCGAGAACATGACGCGTTTGGAACCTCAGTACTACGTCGCATGGGGCTATCTGGCGGAAGCGTGTTTGCGAAACGGACGACGCGACGATGCGAAAACTCATTTGCAACAAGCGTTGCAACTGGCACCTGACTACACGTACGCGGCCGGACAGTTGCTGCAGATGCAGATGGAAGATGGTGAGTTTGCTGCTGCGAGGAAAGTCGTGGCAACGGTCACGCCGCACGTTTCGGCAGAAGTCAGGTTGTCGAAGTTGATTCAGATTGAATCCCGCTGCGGTGACCAATATGCTGCGTTTCGGTACTTTAAGGAGTTAGCCGCACTGGAGACCGAAAATATCGAGAGTCTGTCTGAATCCGTGCCTTTCCTGCAGAAGGCGGGCTGGAACAAGGAGGCGATGGACTTGTTGAGCGAAATCGTTCAGTCGCCGGTTGCGATGCCCGCGGTCGGCGATGCTTTCGCGTTTCATGCTGCGAAAATGGAGCGTTGGATTTCGATCGAAACGACGCTGGATAAAATCAGGAGCCAGCGAAAGCTTTGGGATGTCACCGCCTGCCGTTTTCTGCAGGAAGCCCAGGACGCCGGAGAGAGTGATCGTTTCTTCAGTTTCGTCGCATCCGAACGTGAGTTCATCCGAGCCTCGCTTGACGGTTGGCAGAATCTTGGATGGCTGTATGTTCGCGTCAATCTTTACGAAGAGTGTATTCGTTGGATGTTCGATTGGGGGATCCGTCCAAGGGCCGAATCGTGGAGCCTGCTGAATCTGGCAACTGCTTTCTTTTGCACGCGCAAGGATCACAAAGCTGCTGAAATCTGTGAGTTTGCTTTGGAACGCAAAGAGTGCCCTGTTGCGATCGCAGCCAACTTGCAAGTCATGTTGGGTTGCTTCCGCTTGGTCTATGGAGACCTGAATTCAGCATTCGAATTGATGTCAACGATTGACCCGGATCGCTTGCCCGGTTTCTATCAAGTTGTGTTCTACCAGACGATGGCCGCGCTTGGCGCAAACCGGACAGAGAATTCGTATTCCGCGATCAAGAAAGAGATGGAAGCCTTGATTGACGAGCTTGACGCGTCTTTCGAAAGCGACGTGCCGGTTCTGATGCGAAACCATCATTTGATTCTGTGGAGCGTCGCGCGACGGGAAGGCAAATCAATCCGTGCGGCACTGTTGCAACGAAAAGCTTACGCGGAGATGGTGTAGACAAGAGGCAGATCGCGTTCAATCGGTCCACGAAAAAACCCGTTGCTCGAATGAACGAACAACGGGCTGTTTAAGCTGAACTTATCGTCACAAGGGATGATGAGTTCTGCGATGGGTGGCCGTCGGCTACCCGCCGATAGCGTCAAGCGGTACCACCCACTCGGCTAATACAGAAACTACACACTTAGTCACCTCCTTTTCTCGAAATCATCCCGCTTGAAACCTATGCCGTAAGATTGGTTTCTCGCAGGTCGTGAGTCCA
CP042912.1_gap91	3132214	3136974	4760	AGACCAGGATTCCGCGATCCGTCGTCAGTCGCTGAGCGAACTTTACCAAGCCTATTGGTATCCGCTGTTCGCTTACTTGCGTCGCAAAGGCCACTCGCAAGAGGTGGCATCGGACTACGTTCAGGGCTTCTTTCTTGAGCTGATCGACAAAGACTTTCTCGCCGCCGTCAGCCCGGAGAAGGGACGGTTTCGCTGGTTCATGATGAGCGCAATCGGACGATATGTGGGCAAGCAAAACGAGAAACAGAACGCTCAGAAGCGTGGTGGCGGCAAGGCGACGTTCTCGTTAGACGTCGAAAAAGCCGAGCAGCGATACCAGCAGGAACCGATCGAAGATTGGACTCCGGAGAAACTTTTTGAGCGTCGCTGGGCGTTGGAAGTGCTCTCCAAAGCATTGGAAATGTTGAGATCCGATCATGAAAGCCGCGGCAAACTGGAGCTTTATCGCGAACTCCAGGCAACGCTGGCCGGTGAAACGTTGACTGGTGAAGCCTGCGACGAAATCGGAGCCCGGCTCGAAATGTCACCGGTCGCGGTCAAAGTTTCTGCTCACCGGCTGAAGGAAAAGTACCGTAAAGCGTTGGTAGATGTCGTTTCGCAAACTTTGACCAGTCACGAAAGCGTCGATGACGAACTGGACAAGCTGTTCGATGCGTTGGCGGGCTGAGAAATGCGTTGATGTGGCAAGATCTGTTTAGCCACAAAGCAAAGTCGCTCCGAGGCTGCAGCGTTGCGATTGAGGCGGCAATAGTACTTCCTTGCGAAAACACGATCAAAAAAAATTGCAGAATTCGCTCCAACGATGTAACTGACGGAGAAATTTCCGTATTTCCACGGTAGAACGAACATTCTGCCAACTATCGGAACTGAACATGCCTCGAATTTGCTCTCAATGTAGCTCGCCCGTAACGGAAGAACTTCCCGGCGGATTGTGCCCTTCCTGTTTGCTCAAAATCGCCCGAAAGCCACGAAGCGAAGCCGCAACGATGGCCAGCGCGGCTCAAATTCCGGGGATGCAAACTGCTCCAGGTGTCGAAGAGCTTTCGCGTCAGTTTCCGGAACTGGAGATTATCGAGCTGGTCGGACAAGGAGGAATGGGCGCGGTTTACAAAGCGAAACAGCGGAATCTCGATCGCCTCGTCGCGTTGAAGATTTTTCTCTATCGAGCCAACGATCCCGAATTCGCGGAACGTTTCAAACGCGAAGCCCGAGCCTTGGGAAGGCTCAGCCATCCGAACATCGTCGCCGTGCACAACTTCGGCATCCGCGAATCAATGCACTTTCTGGTGATGGAGTTCGTCGATGGATTGAACCTGCGGCAGATCACCGAAGAAGCGAGGCTTGATCCGCTGCATGCGATGCAGCTGGTTCCCGAACTTTGTGACGCATTGCAGTATGCTCATTCCGAAGGCGTGATCCATCGCGACATCAAACCGGAGAATATTTTGCTCGATACTCGCGGTCGCATCAAAATCGCTGACTTTGGTTTGGCGAAAATTGCGGGGCCCGGTGACGCAGGGTTGACACATACTCAACAGGTGATGGGCACGTGGAATTACATGGCTCCAGAGCAAAAAGAGCGTCCGACGGAAGTCGATCATCGCGCTGACATTTACTCGTTGGGTGTCGTGATCTACGAGATGCTAACCGGTGAATTGCCGTTGGGCAGGTTCCAGGTTCCATCCGCGAAAGCGTCGATCGACACAAGGTTGGACGAAGTCGTGATGCGTGCCCTGGAAAAGGAACCTGAGCGTCGCTATCAGCACGCCAGCGAATTCAAGTATGGTTTCGCTTCGTATGCAGATGCGGCCCCAATCCCCTTTGCTTCAGCGGCACCAGTTTCTGCTGCACAACCAGAAGGGGCGATGGCTGCGGTTGCTGCAATACCAGCTCCGCCGGTCAAAGCCACGGAACATCACGTCCCTAGCGATCACATCGCCGACGGCATGCGGCTGCATGTCTGTGTGATGAGCGGTAGAGAGAAAAAAGGTCGTTGGAAAGTTGGCGATCCGAACATCGCGTTGACGCTGATGGGAGGTTCGTGCCTCGATCTTACCGAAGTTTTGGCTCGAGAGGTCAGCATCGTTTCTTTTGTGGTCATGGGCGGAATCGATATCGTCGTGCCTCACGGGGCAATCGTTGACGTTGACGGCTTGATCCTGATGGGAGCCACCACGGACAAAGTCAAATACTCGACTGAACCGGTCGCCAATCCGATGCGAGTTCGAGTCCGGTCGTTCGGATTGATGGGTGGCTGTGAGGTGCGGACGACCCGGAAGAGGCCACCAAGTGCTGCCATTGCTTCGCCTCCACGAAAGCAGGGTCCACGTCCGTTCCGCGCTGTCGCACATGGAGCAGTTTTTCTCGCTCAAGCGATCGCCATGCTCGTCACCCTGGCCGTTCCTATCATGTTCATGTTGGGTGCATTTAACATCATCTCGGACGATGAAGAAGCAAACATGATCGGCGTCGTTACCGCGATTGCCTGCGGCATGTTCTGGGCGCTGGCAGCTCAGGTGCGAGCCATGGTTCAGCTGCCGAAACCGGATGCGTCCCCGGACGATATCGCCGAAATGGAAAGGCGTACGGTGATCGGTTCGGCAATCCGAATGCTTGCCGTTGTGACGATTTTCGCCTGCCCGATCCTGTTCGTGATCAACAGGTATGAACACCACGACGACGAGCTAAAATTTGCGGCCATCGTTTGTGCCATACTGGGCGTCGCACTGTTCATGATTGCGAGCAAGGCGGACGAGTTCTTCAATGAACACTTCAACCGGCAGCAGCATTGAGCTGCCACCGGAATTCTTGACGACGATCGATTGCGATGCCTATCGATCGTAGCGGCTGTCGAGGCAATCGCGATTCAGCGTAATCGCCAGCGTGTGCAGTCGAACGTAAGCCTCGGACATGTAGAGGTAACCCTTGTGCGGGCCAATCTTTCCCCACGAGTTCTTGATCACGTAGTACTTGTTGCCCATCTGATCGGTGGCTCGTCCAACCAGATGCATCAAGTGATCATCTGTCGTAGAGTAGGAAAGCAGACGCTCCTGGCGGAGTTCCTGGGTGACATTCATTTGCTCTACCGGACCGTTGAGCCCTTTGCCTGCTCCATCGGCAGGAAGCACCGCCACGCCGCGGTTTGCGGAGAAGCCTTTTTCGCTGACGTCGCCATCCCACATCACGCTGTAGCCGGCATCGATCGCGGTGTCGATGATCTCGACCATGTCGTCAACAGGGACGTTCATGAACGATCCATTGGAAAAGTTGTCCGGGATTTCAAGAACAAACGGCTCGTAGAACGGATGGTGCGAATACGATGTGAACGCAACGTAATCTTTGGCGTTGAATTCGATCGAATCCGCGAAATCCTGCGGCGTCCAGGATGCGTTCCGGTACTGGAAGACTTCTGGAGAGTCACCAAGGTAGACGCTGAGGACTTTGTCAAAAGCGGTGCTCCATCGCGGGCTGAGCTTCTTCTGCTTGACAACCGCTTCGAGCATCGATTTGAGGATCGATTCCATTTCGTCGTGATTGTGAGCTGTCTCGCCGACAGTCTTTCCGGTGAAAGTTTCTTCCGGAACAATGCCGTACTTTTCAATCGCATTGATGTAATCGTGCGCCAACGCGCCCTGGCTGAAGTTGGCTTTGCCATGTCGCAAAACGTAATTCAATGCCTTGTCGCGGTAGATGTTTTTCACCACGAACATCTCGGAAAGGTCATGCGTTCCTTCGCTGCGTCGCATCAGCTCGGACTCCAGAAACGAAGTGCCCGCGTAACACCAGCAAGTTCCCGTCCGATCCTGGCTGCGAACTGGAGAGCACGAAACTTCGTTTTCAATCGTGAACTCATAGCCACCGCTTTTGACCGTTCTGTCGCTGGGGCTCTGCTGGGATTTGGCCTCCCGGTCCTTCGTGTCGGCGTTCTCAAACGTTTCGTTGTTCGCGTCGGTGACTTGAGCCAGCGCGGTTTGTGACACCATTCCCAACAGGGTGACGGCGAAAAGAGAAGCAACGATTGATCGACAGAATATTTTCATGACTGTTTCCATTGATAATGAGACCTCCCCAATATAGCTCAGGAATAGGCCGCCATCATGCCAGATTTTCCGCCACGAATTGACGCAGCCACGAAAAAAGCCGCGTTCCCTGGTCCGGAACGCGGCTTTGACGTACGGGAGATCGAAATCGACCCGAATGCGGAATCCTCTTCTTTTGACGCAGCTGTTACCAGCCGAATCGCATACCGAAAGTAATGGCATGCATGAATAGCGTGTTGGCAGTTTCGACTTCGCCAGTTTCGGCAGACAGGAATGAAGGCGGTGCCAAAGCAACTCCGTCAATCCATGTCGCTTCGTAACCTGCGAACAGAGAGCAGCTAGGAGCGAAATCCAGATAGACCTTCCCGCCGACTTCCGCCAGTAACGATCCTGTGGACTTGGTTGATTCTGTGCGGAACAGTTCCGTAGGAGGAACTCCAACGACACCCGCCTGATTCGACGTGCGAACTTTGGTCGGGTTGAAGTATCCACCAGCCCGGATAAATCCGGCGGCCCGGAAGTATTGAGTGAGCTGTTTGTCGTGACGAAGTCCAGCCTGGAGTCCGATCAGATTGTTGATTGCTTCGATCGACTGACGGCGTTCTGTGTCGAACGGATTGGCAGTCCCGATCAGATCAGCGTCTGCTCCAGCGACATACGAAATCTTGTCGTTGAAAGAAACGTACCTGGGGCCACCGAAGAGGGTCGTGCCCTGAGCCA
CP042912.1_gap92	3140939	3144281	3342	TGATCGTAGATGCCAGTTGCAAATCGATAGTCCGCGGTTTGAATTTGATAGACCTGATACGGTTCGACATCAAAACGAAACCAGTCCTTGTCATCTGCGGTCTCGAAATTCGCTGAAAGTGGGTCTCCATTGACGGTGATCAAACAACTCGTCGAGATGTCGTTCGGGAAGTCGTCGTTCATGATGGGGCATCGAAGCTGGAGAAGTTTGGCAAAGCGTGCTGTTACAATTTCGCCATCGCATAGCGTTAAACTTTTGCGATTGTAACAAGCCGTCTGGAAGAGTTTTGCACGAACAGTTGCCTGACTTTCCCAACCTTCCGCTCCACTGGAAGTTCGAACTGCAAGGTGCAAGCATGACCCTGGCAGAACAAGCAGGAAAGCAATAACGTGTCGCGAGGCCGAGTTTTCGAAGTGCTGCTAATTGCTTTTGACAGATCGTAGGACTAGGATTTGAACGGCTTGGCCACTTCCACCCCACGCTTAATCCCTCCTGTTCGCAACGAAGGAAGTGCTATGAGTTTTCTCAACGAACTCCAGTCTGGATTTTTGCGCAAAGCAATCTGTTTGCTGGCCTTGCAACTCTCGCTGTACGGAACGTTTGGCCCCGACTACGCAGTCGCGCAAAACGCAACAACTGCCGGAACGGCGACGGCCCCATTTCCGACGATCGAGAACCTGTCGATCGATTGGCCGATTGCCGGCGACGATAACAACAACGGATCGGTCGCGGTGCGGTATCGACAAAGCGGACAGACCGACTGGACTGACAGTGCTCCACTTCGGCGAGTTCCGGCGGGTTCCAACGCAGGCTTCAGTTGGGCGAATAAACACTCGGGCAGTATCACCAGGGTTGCCGCGGGAACCAGTTATGAAATTGAACTTGCATTGACTGATCCGGATGGCGGAAGTGCGACGCAAACCATTTCAGCATCGACACGAACGTGGCCTGGCAGTTCCGATCAAGCCACTGAAGTCGTCACGCCGGCAACAATTGCAGCAGCACTCGCGAACGTTTCCCCGGGTGATGTTCTGGTTTTGGCCGACGGCAACTATTCGGGGATCAATGTCTTCGCCAATGGTACGTTGGCCGAACCTATCGTGGTCCGCGCTCAAAACTTTGGCGGCGCAGTCGTAAACGGTGACATTCGATTTGACGGTTTTGGATTTATTCACATCGTTGGGCTGACTGTCGAAGGGCAAATCAAGTTCAACGGATCCAACGATATTGTGATTCGCGACTGTTTGATCATCACCGACCGCGATGGGATCGTCTCGTTTGGCGCGGGCGTTAGCGATTCGCTGATCAAGGACAATACGGTCATTGGGCCAACGCAATGGAACGAACCTGCACTCGGAAATAGCGGCAACAACCTCGGGGAAGGCATCGTGCTGACGGGACCAGGGAACGTGATCGCGTTCAATCGGGTTGAAGGATTCCGCGACGGCATTTCTCTGTTGGAAGACAGTGACGCTGTGAATCAGCAATCGATCGATATCTACGGCAATGACATCTACCGGTGTGGCGATGACGGGATTGAAGCCGACTTTGGGATGGGGAACGTTCGCGTGCACCACAATCGTGTCACCGATTGCTTTATCGCGCTTAGTTCTCAACCGTCGCTTGGCGGACCGACGTATTTCTATCGCAACGTGGTCTACAACGCAGTCTATCAGGCTTTCAAACCCCAGCGATCTAGCGACGGTAACCTTTGGTATCACAACACGATTGTAAAACCGGGCGATGCTTTCAATGTGATCACCAGCAATGGTTTTTCGAGGTCTGTTTCTCGCAACAACATTTTCATCGGTGGGCCCGCAGGAACTTTCAACGGATTCAGCAACGGAGCCGGGCGCGTGCTGTACCTTCCGTCTGCCGATGCGACGTGTGACTTTAACTACGACGGTTTTGGGTCCAGCGGAACCGGATCGTTCGTGGGAAGAATCGGAGCAACCAACTTCGACGGGCTGGCACAAATGCAGGCGTTGACAACCGAAACAGACGCGGTCGAGTTGGACTTGAGCGTCTTCGAAGACTCGGTGTCGGTTCCGGCAATTCCTGTGGAAGAACATAGTCCGCCAAGTTTCGAGCTCGCTGCACAAAGTTCAGCCATCGATGTCGGCGTCGCGCTAACCGGCTTTAACGATCGGTTTACCGGAACCGCGCCTGACTTGGGCGCCTACGAGTTCGGCAAGCCGATTCCGGTTTACGGCCCTGGGGGAAATCTGGGTGTTGAGGATGAAGTCGTGAACCGTTTTGTGTTTTACAACGAAAGCAGGTTTGACGGCGACGATGCCAGCGCCAACGCGGCAGACTTCGATGCCGCCGCGTCAGACAAGCAGGCTTTGCTGCCCGGCCAAACCGCGACGTTTGCGAACTACACTTCGTATGTCAAAGGAATCAACGGTGTCATCTTTGAGATTCCGGCAACGTCAGATGTCTCCAGGAGTGATTTTGAATTTCGCATTGGAAACGACAACAATGTCGCCAAATGGGAATCAGCTCCGGAGCCGACCAGCGTGACGTTTACGGCTAGAATGGGCGGCGCGCCGAACCGCGTGACTGTGGTGTGGCCAAATGGAGCGATCGTCAACACGTGGCTGGAAATCAAAATTCTTGCCAACGCAAACACCGGCCTCTCGGTTGAGGACGTGAGCTACTTTGGCAACTTGATCGGCGAAACCGGAGACTCGCCTACGGCAGCGCGGACTAACGCGACCGACATCGGGCGACTGCGGAACAACCTGAGCGGATTCTTCACCGTCGGAGTCGAAAACGCATTCGATATCGATCGGAGTGGCCGCGTGAACGCAAACGATATTGGAATCGCTCGTAACAATCTTTCTGGTTTCAGTTCGCTGTCTTTGATCACGCCGTAAGCAGAGCGATTTGGCGAGCCGACAACTATGGCTTCTGGTTTTTCTTGTAGAACTTGCTCAGATCGATTCCCTGGTTACGCTGCTCGTCCTCAAGAAACTTGACGCGCACTTCCAATCGCTCAACCATCCTCTTTAGTTTCGGGATCAATTCGTCCGCCGGGTCGACTTTCTGAGGCAACGGCACCGGCGGATAGCCAAGCTGACGTTGCAGCGCCAAAAACAGATAGTGTGTTTCCTTGGTGCGGTTGGCCAGCGCGATGCGGCCTTCTTTTTCGCCAAACAGAATTGGGTCAGGCGTTTCGTCGTCTTCCCGTTTGCGTTGCAAATAATACTCGCTGTGGATGTAGACAAGATCGGCCATGTCGACCATGCCAAGCTTGTGCCGTACGCCCAGAATCCAGCGCTGCCACGTGTCGTCGTAGATCGGATCGACCGCGATCGCCTGCAGCCCGTAGTCGTAATC
CP042912.1_gap93	3145384	3147830	2446	TCGCTGGAAGCTGTCGCTTCGCGACTGTCGATCGCTGGAGCAGCCGCCCTTGCGGCCTATCGCGGCGACGCGCCGCATTTGCGCGAGGACGCTGGAACGGATATCTCTGACATTCGCAGCGGGGCTTTAAAGAACAGCGTTGAAAAAGGTGACGAAGCCGTCATTCAGATCGTGCACGACGCCTGTGATCATCTGGCACTTTCCGTCGTCACGATGGTTCACCTGATGGCGCCGGATGTAATCGTGTTCGGTGGCGGGCTGATCGAAGCGATGGGCAAAATCATGCTGCCACGAATCGAAAAAGCAGCTCGTCGCCGCATCCTCGGATCGCTCAAGGACGTTTTTGAAATCAAGGAAGCCGAACTGGGCGACGACGCGGGAGTGATGGGGGCAGCGGCATTAGGAAAACAGGCGGTGACTTCGAACTCATGAATCGGGATCTTCAGTATTCAAATGTAGAACGCAACGCGGAACCGAAAATGGTAGCCGTGATCGACGTCGGTGCGTCTTCGCTGCGGATGCAGATCGCAGAGATTCGCTATGACGGATCGATACGCAAGCTTGAATCGTTCTCGCAAGCCCTCAGTCTGGGGAAGGACTCTTTCAGCACCGGAGTCATCGCCCGCGATACGATCGAAAATTGCGTTCACGTGCTGTCGATCTATCGTGCGAAACTGGATGAGTACGAAATCACTGATCCAGACAATATTCGCGTCATCGCAACCAGCGGCGTTAACGAAGCCTCCAATCGTCTGGCCTTTCTGGACCGGATTTACGTCGCGACGGGTTTTGAAATCAATTCTTTCGACGAAGCAGAGCTTCACCGGATCACGTATCGCGGAATTCAGCCCTACATTAAATCTGCTCCAAAGTATTTCAAAGGCGAAACGTTGGCGGTTGAGGTCGGCGGTGGCACAACGGAAGCGCTTTGGCTGTCCAATGGAAACGTGGCGTTTGCTCGCGCGTACCGGCTTGGGGCGCTGCGCATGCGTCAACGGCTGGAACTTTATGATGCTCCGCTAGCGAAGGCGCGTGAATTGATGGAGCGTCAGATTCGCGACACAATCGTGCTGTTGAAAGATTCCGTGCCAGACACGATGGACAGCCTGATCGCGATGGGCGGCGACATCCGTTTCGCGGCGTCGGAAATCAAGCAGTCGACGATTGGGAACGAACTTGTAGATATCAAGCTCAAGGCACTTGAGAGATTCGTCAATGAGGTGCTCGAGAGCAGTCCGGAGCATATCGTCATGAGACACCACATGAGCCTGCCAGACGCTCAATTGTTGGGCCCCGGTTTGTTGACTGTCGCCACGTTCGCACGAGCATGGGGAATCGACAAAATCACGGTGGCCAATGTGAATCTTCGCGACGGAATGATTTCGGAGATGGCCAAGGGGCGGATGTGGAACCCGTCAATTGGCGAGCAGATTCTCCGCGGAGCGACGCAGCTCGGGCGAAAGTATCACTTCAACGAGGCGCATTCGATTCACGTGGCCAAGCTCACCAGCATGCTGTTCGATCAACTTCAGCCGTTGCACGGAATGTCCGGCCGTTTCCGCGGCCTGTTGCAGGTGGCGGCGATTCTGCACCAGGTCGGTTCGTTCATCAGCAACAAGGGCAGCCACAAACATTCGATGTATATCATCGAAAACTCAGAGTTCTTTGGCATTGGTAGTGAAGACAAACGGATCGTGGCCCTGGTTGCGAGGTATCATCGCCGCGCGATGCCCAGTTCGCGGCATATCGGATATTCCTCGCTCAGCCGTGACCTCCGAGTCGCGGTGTCGAAAATGTCTTCGATCCTTCGATTGGCAATCGCGCTCAACGCTTCGAACACGCAAAGGATCGATTCGATCAAATGCAAAATGCTGCCTCACGAAATTCAGCTGGTGACCGAAGACATGAGTGACCTGTCGTTGGAGAGGATGGAGCTGCGACAGGCCGGCAGGCTGTTTGAGAGTATCTTTGGCAAACCGGTAGTCCTGACCAGCACTTCGATTTGATGGATTTGACGAGCAAGCGATGAAAAAGAAAAAGAACCTGTATCTCCCTCGCGAAGCCAGTTGGATCGAGTTCAACAAGCGGGTGCTTGATCGAGCTTTTATGGAATCCGTGCCGCTGCTTGAACGAGTCAAGTTTCTCGCTATCACGGCATCGAATCTTGACGAGTTCATGATGGTCCGGTTTGGCGGGCTGAAGATGGTGAAGCGTTCGTCTTCCGGGATTACCGACATTTCAGGGCTCGACGCCAACGAGCAAATCAAAATGATTCGCGAGCGAGTTCGGGATATGCAGAACCGGCAAATCGATTGCCTTGGTGAGTTGTTGCCCAAGCTGGCCGAGTGCGGCATCCGAAAACTGGGGCGGACAGAGCTCTCCGATATCCAACGTGATTTTCTGCGCAGCCACTTCGAAAGCGAGATTGTCACCAGCATGGCGCCAA
CP042912.1_gap94	3155092	3156752	1660	CGTCGATCTCTCGAGGGTGCGCGCCAAGACGTTCGTAGATTTTGAAGTGCGTGCCTTCGTTAAAAAGGTGCAGGTCGAGATCCGAAAGGAGGGGCTCGAAGGCGTAGGGATCGTGGATGCTCATCTTTTGTTTGCCATCGGAAAACTGAATTTTGTAGCGCCCTGAGTCTACCTGAAACAGGTCTGTCTCACAGGAGACTTCGAAAAGACCGCATTGGCTTATCGGTTGCATCTGCTGCGTCACGGTGCCTGATTCGGTGCTAATCCACGCCTTGTCGGCGTCAGGCAGAAAGGCCCGTATCGTCGTGGTGTGATGCGGATTTTCGCGAATTTTCTCGCGTGTCCTTGGCCCGTCCAGGCGGATCGGACCAAGAATCGCATTCGGGTTCGTGTGCTTGCCGTCAATTATATTTTTGAATGCGCCAATATCCAAAGCTGGCATCGTTTTCATCCGTGAAAGTTCAAAATTTGGCAGTTCGCAATCCCTGATTTTCAATGCGCTGTTTCACCAAACGCTTGCGGGAACTGAAGGGGTTGATTCGTGTCAGGGTCAATTTCGGTCACGCGAGTCCAGCCCGTTTTCGTGGCCACAAAGCGGGGCTCGTGATAAGTCCCGTGGCTTGCGGTGGCCAGTTCAGGCTGTCGTACCGTGTTGCGATTATTCTCAAACTCAACCGGTCCGAAGGGTCGACGTGGCGTCGAGTGGTTGTCGTCGATACGTGTCCAGCTATTCATTTCGGCGTTTTGCGGCTCAACCGTGCGGCGCTGCGTTCCGAACTGCCATAACCGGCACTCGATTTTGTGGATCAATGTCGCGGCATGGATCCGCTTCCAGAGGTCAGCATCTTTAATTGGCTTTAACGCGCCGAAGCGTTCCCATCGCCACTCGTTTTCGATCCAGCGGTCGAAACCTTTGCGGATTCTTTTGCCGACGTAAGCACTGCTGGTGATCAGAGTCAGGCGGGATGGTTGTTCGAGTGCTTCAACCCCTCTCACGACGGCCAATAGTTGTAACCGCTCCCCCTTGATGTCGGATTCGCGTTCCGACACTTCGATGCGATCGTCATCGCTTGTCATGGATTCGAGCACGAAACGCCAGCGTCCGCCGTGGTTGTCAGCAGAACGATCGTCGGTCTCGGTAAGTAACAAATAGTGGGGAGCGGTTGTTGGCATTGCGACGACCTGAGAAAAGTCAGGCTCATGGGGTGCACCATCCATGTCGCGAGTAAGTTTGCAAGAGCCTCAATGCTTTGCGTTGATGCTCCCGACATCGTCAGAGTTCAACTGACTTCTTAAGCTTCTTCAGAAGTATTTCTTTTTCTGACCGGAAAGGTCAAACCGCAATTCGCCCAACCGTTTTGAGTCGCTTAACCGGACCGCGTCGCATTGGTTACATACGTAGCACAGTGGTCACCACTGTGTGCCTGTCCTTGGTGAGCGACAAGGCGCTAGCCGTCGTTTTGTTGCAGCGCGAATAACGGCGGCTAGCGCCTTGCCGCTCACTACAGGTTCGTTGCTCGCCGGCTTATACCGAGTTATACCGGCTTGTACCGACTTATGCCGGCGGCTAGCGCCTTGCCGCTCACATTTACCAAACAGCGCCTGGTTCTGAAACGAAATCTAAATCCAGTAACCCGACAGCACGACGACCAGAAAGATC
CP042912.1_gap95	3334874	3337369	2495	TCCATATCACGGCGACGGAAGCGGATCGTGTGAGGGCCTTCTTCGTCTTCGCCTTCTTCGGCAACCTCTTCATCGTATTCTTCGTCTTCGAACTTCTCCTCTTCGTCAGCCGCCCCGTTGAACCAGTTCACGAATCCGTACAGCAAGCCAAATGGCAGGACCGATGTCGCCGCAACGATCGCGGGAGCGAAGACCAATCGTCCCGCGCGGAAAACCAGGTATTCGGTCCACATCATCATGCCAGCGATTCCGGCCGCCGTGAACATGATCAGCGTACCGGTCGTTCCAATGTTCGCGCCGACCAAACCGGATCCGAGAGCGCCGACGTAGCCGCCAGCTCCAATCAGCGGTCCGACCAGGTTGCCCGGTAACAACGTTGAGGCGAGCGAGCACAGACAGATCATGGCGATGCCCCAACCGAAGATCTTGACCCACGGATTGGCGACTTCGCTGCGTTGAAACATGGCGACTTCAAGCGCAACCAGTCCCGTGATCAGCAGATAGACGCCGACGCCAAGCACGCTGAACAGAACTTCGGCTGTCCATGCGCCGAGAACGCCGCACAGATTTTGGCAGGTTTTGTTTTCTGGATAGACTGTTTGGTCCGCCTGGAAAATTCCGTTCAGCCAACCGGCTTGCGAGGCGACCGGATCGGCCGTGTCGTAAGTAAAGATGGCTGCGAGCAGGAAGACGGTCAGGGCCATCAAACCGACGGCCATGATATCGTTGCGAATAACTCGTTCGTCAGAAGACATGGGTTCCGCACGTGAGAAAGTGATCGTTGATTCGAATCATCCTGATTCGTTGACTCATGGCGCGTTCTTGCAGCCAGGGCCTGGCGACCCACTATCAAAGATCGGAATTTGGCTTCTGTGACAGCACGCGAGCGTAAACTGGCAACGTAACTGCTTCTTTTGCATCACGCCGTTCAATCGGCACAACGCGAAAATGTCTCAGCGTCGAAGATGCGCGCTAGACGCAAAAAAAGGAGGCTGAACTTTATGTCAGCCTCCTGCGAGTTATCAGGTTTAATCCAAAAATGGACTATCGAAACAGAGAAACTTGGCTCCAGAATGAGAATCGAAAACGTCGAACGAAGAAATTCATCACGCGGCGAAATCTTCGGCGGCGTTCCCGATCATCCGCTTCGTCTTCGTCTGATTCATCATCATCGCTGTCATCATCCGAGTCATCCACAGGATCGTCGGCGTCGCCGTCGTCTCCGGCAGGATCGAGGTCATCGGCTTCATCCGTTGGATCTTCTGAAGCTGGATCGTCATCGACCACTTCTTCGTCATCGTCATCGTCAACATCTTCCAATGGTGTTGTATCCGTTTCTTCGGCGGGAAGGTCGACTACGGGATCATCTTCAATTACCGCTGGTGCATAGAGAGCGATCGCGGCATCGATATCTTCCTGGCTGAGCCCTCCAAACGACTCGTTGGGACTCACCGTTTCAGCCAACACGGAATCATCATCGGCGATATGCTCCAAACCAAGCGAATGGCCGATTTCGTGAACCGCAACATGCATCAGGTCAGTCGCGCTGTAGCCTTCCGCGTTTCCAATTTCCCAACTGTCGAGCGAATCGAATTGTACGTCGCCGGCGATCGAACCGCGATTTACGTCGTCAGGGAAATAGGCCTGAGCTAAAATCCCGCCTGAACCGTCGATGACTTGTGACGTAAAATCAATCGAGTCCGCCTCGTTTGGCTGGCTGGTTTCGGTAAACGTCACGTCGATGACGTCAGACCAGACCTCCAACGCATTTTCAATCGTCGTTTCAAACTCAGCCTGGGTTATCCCGGTCGGCGCGTCGCCAATGTAATAGCTGAGATCCACGCTCCCTTGTCCAACGCCGTCCCAACCCACGCTGGCGAGCAAGTTCCTTGGTTCAAAAACCTCGTATACGGTCGTCGTTCTGGTTCGTGATTGACGCCGCGCGGACCGCGACCTCTTCTTCAATCCTGTTCTGTCCATTGTTCCTCCGAAGAATCCTGATTCGGCAAAGGAAGAGCACCACTGATCTTCCTGGAGTCAATGTAACGCTGGGCTCAAACGGATTCGCCAAAGAAAACCATGCTAGCCGGATCAATTTTTGAAAATTTTTCAATCGTAGATCTCGGGTGTAAGTTCATACACGATCGCGCGGTCAGTCAGCCAGCGAAGACAACTTGTAGTTTCACCATCAGCGGCTCAATGCTCGCACGAAGCTGCTGAAGCTGTCGTCGATCCTCGGGTTTGCATTTGTTGATTAGGGGACGAAGCCGTTCCCATGAAGCAAGTGCATTGGCAACATCTGCCGCAGCATTGGCATCGTGACGTCGATTAGATAAAACGTGCTCGTGCATTTCATGAATGCTTTGATGGAACAGCCGTGCGTTGTCGCGAATCGCTGCCTGAAAACCCGGATCATATCTCCGAGCGGTACGTTGCTCGACAAGATCAAGCATGCGATAAGACAACTGATCGAGATCGGAACAGATCTCCACCAT
CP042912.1_gap96	3339056	3339561	505	GGTTTTTCGAATCGCAAGTTCTCTCGAATTTGCGATGGATCAATTGCTTTAGCGATTTGGATAGCTGTAAGCCGGGTTGTCTGGATTGAAGTCCTGATCCGTGAACCCCTGATTGATCTTAACGTTCAGATAAGTGTACTCTTCCAACAACTGTGGCTTGGTCTGGCCGGGCTCTGGCCAAAGAAGAGCCTGGTAGCGAATTGGCATCTTCAGCTCTTTGTCGATGTAGACTTTTGCGATGTGGAAGTCATAAGGAGCACAGCACTTCGGGTGAGTCACTTCAATGACACTGCACTCGCGTCCGTTAATTTTCACGCCGTCACGATAGACAACTTCACAGTGTCCTGCCGCACGATCGCGTTCGGCTTTTTCGATCAGCTTCACGATCAGGTTCTCAAGTCCCGCTTCGTAGATCGGATAGCGTTGGCCTTTCATGGCGATCCAACTGTCGGGATCAAGCTGAAAACGCTTCAGCGAAACCAGGCCTGAACCTTCGTGGACACAA
CP042912.1_gap97	3364272	3365937	1665	TACTCGGTCGTTGTTGAGAACACGGGAAGTGTTGACCTTGCGAACCTGAGCTTAATCGAGGATCTGCAAGCTCAATTTGGTGCTGGATTCCAAAACGCGACGGGCCTGACAATCGGCACCGCGCCAACTGATGCAGCATCGACGGTTACACTCGATTCCAACTGGGACGGTACGACAGCGCTTTCTGAAATGGTGGATAGCGGAGTGGCATCGTTGCTGGCGATCGGTGACTCATTCACTATCGAGTTCACTGTCGAAGTGGACGCGTCGTCGCTTCCAGCAGCTACCGCTCCGACCGTGTTTACCAGCGAGGCAGCATTTGCTTCGTCAACTCAAGCCACATTGCGTGAAGACTTTACGGACATCGTGGGCAACACTTCTGTGGACCTTAGCCTCGGCCCATTCGTCTCTTCGCTCGGTGGCGTAGAAATCAGTGGCACGATTGTGTCCTCCGTCGGAACCGGCGCAGAGACCCGGCAGGACGCCGACTCATTCGATGGCGGCGCACCAGACGACGGCGTGTTTGTCATTCGTCAAATTGATGGAGGCTCTGCCAATCTTCGAATCACTGTTCCAAATCCAGGTAACGCGATTGGTTTCGTTTTCGCCGATGTCTTTGATCCAGCAGGTGGTGCGCCTGCTGGCGAATGGACATACTTCAAGGCCACTGCGAGCGATGGAACAGTCATGTATGAGCACGATGAGCGAACGGATGGCGATTTGCCAGCCAATTTCGCACGCTTCATCGGTATTCAGGGTACTGGCAGCCAGGTCTACACTCACATTGACATCGAGTACGAAACCAGTGGAAATGACAACTGGACGATCGATCACATCTATGATTCCGGTAACGCGAACAATGTCATCACGAATCAGATTGACGGCAGCGGCGATGCGGTAGACGACAGTGGAAATCCGATCACTGATTCCAATGGCGATCCTGTCGTGGCAACCGACGAAAGCGACAGCGGCAGCAACCCCGACGATGAAAACAGCAGTGATCCCGGCAACTCGGGCAGCCACAATGACCCGACGCCATTGGTCATCCCGGAAGTAAGCCTCGCCAAAGATGCGGGTGATACAGTTGCCAACGGGGATAACTGGGACGTCAGCTTCATTCTGGTCTATGAAAATACCGGAACAACGGATCTCAACAACCTGACTTTGGTTGATGATGTGGCGTCGCAGTTCGGCAATGCGTTTGTTTCAGCCAGCGGCCTTGCGATCCAGAACTTCTCAGGAACCGGCACATCGCCAACGGCAAACACGGCTTGGGAAACCGATACGACATTGAACATGCTGACTGGTGGTGCTGCCGATGTCGGTGACTCTTTTGAGATCGTCTTCACGGTCACGATCGATCCGGATGGACTCGACAGCCTGTCACAGCCTCTCGACAACACGGCCGTTGCTGGCGGTGATGCGTTGGATGAAAACGGAGATCCTATTCTTGATGGTACTGGTAATCCAGTGACTGTCACCGATGAATCCGACGATGGCACTGACGTCAACGGTGAGAACGGCGATGATAATGGCGACGGAACTTTTGCGAACGATCCAACGCCTGTCATTATCGCAGATATCGGTGTCGCCAAGCAGGTAGTCAACCAGCCGACGTTGCTTGCCAATGGCAACTTTGAAGCGACTTATCAGCTTGTCGTAGAA
CP042912.1_gap98	3371081	3373652	2571	CAACCCTGATACGGGAACTGCAGATCCAGATCTGGCGGTCTCGGATGACTCAGACAACGGAACTGATGTTCACGGTGAAAATGGTGAAGATGATGGAGACGGTACATTCGGAAACGATCCGACACCAGTCATCATCGCGGACGTGAGCATTGCCAAGGAAGTTATTGGCCAGCCTGCTCTGCTTTCAAACGGAAACTTTGCAGTCGACTACCAACTGGTTGTTGAAAACATCGGCACGGTTCACCTTTCAGACATGACGTTAGCCGATGACATTCAAGCCCAGTTCGGCACATCTGTGTTCCAGGGCGTCAGCAATCTGGCAATCGTGACTGGACCAACCGATTCCTTCAGTTCAATCACCATGGATCCAGCCAACTGGGATGGCACCGGTGCAACAGACATGCTCGACCAGTCAACGAGCAATTCGTTGGCCATTGGAGACTCATTCGTCTTCGAGTTCACCGTGGAAGTCGATGCAACTGCTGCAACAGGAATCCTCGACAACCAGGCGACTGTTGGTGGAACAGGTGTTGATGGAGACGGCAATCCGTATACGGATTCAAACGGAAATGAAATCACCGGAACCGATGATTCTGACAGCGGTGCAACGACCGGTGATGAGAATTCCGGCGAACCTGGTGATACTGGCGGAAGCGATGATCCGACTCCGCTTTACATCCCGAACGTTGGTATCGCCAAAGACGCTGGAGATGCGGTTGCAAACGGTGATAACTTTGATGTTACCTTCACTCTTGTTTGGGAGAACACCGGAACCGTTGCTCTCGATAACGTCGACATCATGGATGACATCGCGGCTCAGTTCGGTGGTCAATTTGTTCAGGTTGTGCCCGGAAGTCTTGGCGTTGTGAACTTCATGGGATCTGGAGCGATTCCTTCAGCCAACATGGCTTGGGAAGGCGACACCACGCAATCATTGATCAATGACAATGGTGCTCTGGAAGTCGGCGATACATTCGAAGTCGTCTTCACCGTCACGATTGATCCGGACTTCAGCGGAACTTCATTAACAGGCCTTGAGAATCAGGCCGCCACTTCTGGTGAAGGACTTGATGAGAACGGTAATCCGCTTACCAATCCAGATGGATCTCCTGTCACCGTCACTGACGAAAGTGATGATGGACTTGATCCGATATCAGAAAATGGCGAAGACGATGGAGACGGTACCTTTGGAAACGATCCAACGCCTGTCATCATAGCGGATATCAGCGTCACAAAAGCCGTCGCTGGCATGCCAACACTGCTTGCCAATGGCAACTACAGCGTCGTCTACGAACTCGATATCGAGAACACTGGCAACGTAGACCTTGCAGACCTGACTCTCAATGAAGATCTGTCGGCTCACTTTGGTACTGCCTTCGTAAGTGCAGGAAGCTTGACTCTGTCATCACCACCTTTCAATGCTTCCAGCAATGTTGTCCTTGAGACGACAATGTGGGACGGTGGGGCAGCAACAGAAATGATCGACCAAAGTGCCGCTACTTTGCTGGCCGTTGGAGATTCATTCAAGGTTCAGTTCACCGTCGAAGTGGATCCGGACGCCATCGGTGCTCCAGGAGCTCTCGATAATCAAGTCGTAGTCGGTGGTGATGCCGTTGATTCCAACGGAGATCCGATCACCGATTCAAACGGCGATCCAATCGAAGTTACTGACGATTCCGATAGCGGAACCGATCCAAACACCACCAACTCTGACGGAGATGGTGACACAGGCGGATCCGATGATCCAACGCCACTGTTGCTTCCGTCGGTAAGCCTTGCCAAGCAAGGTGGTGACGCGGTTGCAAACGGTGACAACTGGGATGTTTCCTTCACCTTCTTCTACGAGAACACCGGCACCGTTGATCTGACTAACCTGTCTCTGACAGACGACATTGCAACCGAATTCGGCAATGCTTTCGTTGGCGTTGTCCCTGGAAGCCTGTTGGTTGGGAACTTCGCAGGTTCCGGAACAGCGCCGGGCCAGAACGCTGCATGGGAGGCTGACACGACGCTCGACATGCTCGATGGTTTTGGTCAGCTGAACATTGGAGACTCATTCGAAGTTACCTTCACCGTAACCATCGATCCAGACGGAGTGGATAGCGCTTCTCAGGGACTTGAGAATCAGGGCGTCGCTAACGCAGATGGAATCAATCCCGATACCGGAGCTCCAGACCCTGACCTCGCCGTTTCTGATGACTCCGATAACGGTACAGACGTCCATGGAGAAAATGGTGAAGATGATGGTGACGGCACTTTTGGAAACGATCCAACACCAATCATTATCGCTGACATTGGCTTGTCCAAGGAAATCATTGGTTCTCCGACCCTCCTGAGCAACGGGAACTTCGAGATTGTTTACCAGTTGGTTGCTGAGAATACCGGAACGGTTGACCTGGCCAGTCTTAGTCTTGTCGACGACCTGGACACACAATTCGGTCCAGGTGTTCTTCAGGGAGTTTCTGGTTTGACATTGGTGACTCAACCAGCAGATCCATTCAGCAGTATCGTGTTGGATCCGGTCAACTGGGACGGAACAGCAACCACCGACATGGTTAATCAATCCGTTTC
CP042912.1_gap99	3375867	3377393	1526	ACCGGTGCGCTTGAGAATCAGGTCATGACGACCGGAGTCGGAGTTGACGAAAACGGCGATCCGATTATTGATTCCAACGGAGACACGCTCACGGCGTCAGATGTCTCTGACAGCGGAACTGATCCGAATGGTAACAATCCCGATGGGGAAGGTGACAGTGGCGGCAGCGACGATCCGACGCCACTTCAAATCCCGAGCATCGGAATTGCCAAATCGGCAGGGGATGCTGTTGCTAACGGAGAAAACTTCGATGTCGAGTTCACTCTCGTGGTGGAAAACAACGGAACGACTGGCCTCAACAACCTCGAACTGTTTGACGATATCGCGACTCAGTTCGATGGCCAGTTCGTGTCAGCAAGCGGCCTGACCGTACAGAACTTCACAGGAGCAGGCTTTGCCCCAACTGCCAACACTGCATGGGAGTCTGACACGACAGAGAATATGCTTACTGGTGGAGAACTGGAAATCGGGGATTCGTTCGAAGTCGTCTTCACGATCACGATCGATCCGGATGCTACAGGGATGGCAATGCCGCTTGACAATCAGGCAGTTGTCGCTGGCGATGCAATCGATGAAAACGGTGATCCGATTACTGATTCCAACGGTGACGTACTTGAGGCTGACGACACAAGTGACAATGGCGTCGACCCGAATGGCGAAAACGGAGAAGATGAAGATGGCGACGGAACATTTGGCAACGATCCGACTCCGATCATCATTGCCGATATTGCCGTTGCGAAAACCGCTGCCGGTACGCCGGTCGCTTTGGACAACGGTAACTTCGAGGTCACTTACGAAGTAGTTGTTGCAAATACTGGTACTGTCGATCTTGCGAGCCTTTCTGTTCTTGAGGATCTTGCGACGCAATTCGGTGCCAACCTTGTCAGTGCCGGCAATCTCACGGTCGTGACAGCTCCATCAGGCGCTTCGAGCATCATCGCCGTTGATTCGGCATGGAACGGAGACACGGTTGCCGAAATGGTTGATCAGACCACACCGACGCTGCTTGCCGTGGGCGACTCCTTCGCCGTACAGTTCATGGTCGAAGTTGATCTCGATGCAACAGGTACCTCCGGACCGCTTGACAATCAGGTCGTTGCTACTGGCGATGGAGTTGATGAAGAAGGTATTCCATACACCGATTCAAACGGCAATCCAATTGACGCTGTGGATCAATCGGATAGTGGAACCAACCCAACGACCGACAACGGCAATGACCAGGGAGACAATGGGTCACCAAGTGATCCGACACCTCTTCTGATCCCGGATATTGCAGTCGTCAAGAGTGCCGGCCTTGCCGTGCCAAATGGCGACAACTGGGATGTCACGTTCACGTTGCTTGTCGAGAACACTGGTACCGTAACATTGGAAAACCTGTCTTTGATGGACGACATCGCGGCCGAGATCGGCAACGCATTCCTCGAAACCAGTGGAGTGACTATTCAAAACTACACGGGAACAGGCACCGCGCCGATCGCCAATGGAGCCTGGTCTGCCGACACATCGCAGAACATGTTGGCCGGTGG
CP042912.1_gap100	3380066	3383546	3480	CACGGTTTTCCTGGACGACGGGCAATTGGTGGGTGAGCCCGGCAACGTGACGCCCTCTCGGATGCTTGGAGCGTTTGAAGTTTCGATTTAGTTCAAACCGGATCTGTGGACCGACAGGTTTTCCGTGAAAGCCAGATTCGCCGATGGGTTAGAGGATCTGCCAAATTGGTCCCTGACACCTTTTCAGCGTCTCATGGAGTTGTCTGGTTGCCGGAAGCTAGCGAGCCCTGTAGATCTCGCCAATGAGCTGCGTGAACTCGGATCGCGCTCCTTCTGGTAGCTTATCCATCACATCTTTCCTTAGTTTATTCTGAAGCTCTTTAATTTTTTGCTCATACTCCTGCTTTAGTTCCGACAATCGTTCTTTAAATTTGGCATTGTCTTTAGGTGATATGTTGAGTCGTTTGGCTACACCAGCGAAAAGCCCAAACAGATCCCCGCGGTACTCAACCAGTAGTAGTTTCTGAACCACCAACTGGTTCAAGCGTTTCATTTGGTGAGGCAGAAGTATTCTGTCGAGAGATTCCAGTGCTTCCTGGCCCAGTTTTTTATGAGACGCATGCATTGCATTGTTGGCAACGGTGCGCATTTCTTCTCGCGCAGACGCATCGGCGATTGCTTCAGACGTCGCAGATTGTGAATGAAAATCCTCAAAAACCTTGTCACATGCTGTAATGTATTCTTCGCCCACTTTTCCAATTTCCAGTTTTTGCGACTCAACAATTTCGAGTTCGGCAACCAGATCCGGTTTTCCAAGCAGATCCAAGAAGACACGCAACTTGAAATCAGGCGTTCGATCGTTCGTGGGCAGATCTCGGGACACTTCCTGAGCGATAGAGACGCTACTCAACAATGCCAACAAGAAAAACGTCCAAATTTTCATACCAACTCCTTAACCAAGAAAACGTTCGAACACTTATCGCACCTTGTAGATGTCGCCAACGAGCTCGGTAAAATCAAGCTGGATTTCCTTGGGCAATGCATCGACGACATCCTCCTGCAACTTCTCCTGAAGTTTCTTTACCTTCTCGTTGTATTCTCGCTGTAATTTCCCCAATCCTTCTTTAACCTTCGTCTCGTCCACAGACTTCAGCTTGATCCGCTCCGCCACTCCAATAAAAAGGGTTCATCGCGGATCTCTATGGGTCGAGGTCGAGTCCACCGCAGTAAAAGAAGATCGCTGTTTTGTAGTTTTGCCTGTTTCTGTAGCCGCCAACTCGTCGCTTGATCGATTGAATCTTGCTGTTGATTCCTTCGGCAACTCCGTTTGATATTCCACTGAAGGTGCAGTAGCTGACGATGTTGTCGATGCGAGTTTTGATCGTGCGTGCGATTTTCTTCATTGGCTCCAGCCGAGAGTGAATCACCTTGCGGTACCACCACCTGAAGAACTCTTTCGCCTCCTTGGCGGTGTCGTGATGCCAAAGATCGCGAAGCATCTCTTTGTAAGTCCATGCCTTGCCGGTTTCGAGTTTGAAAGAAAACAACGCATCAAGACGCTGCTGGCTTGATTCCTTGAGGTTGTCATAGTTCTTCAGAAACAGGTAACGAGTCCCTGTTAGCGTGTCGTCACCTTCGCTGCGGAGACGCTTGTTCTCCTGCTTGCGAACCTTGTCTACCGCTTCGTTGACCAGCTTCATCACATGAAAACGGTCGTGCACAATCTTTGTTTCTGCCAGGGGAATGTTGGACTTTGCAGCGTTCACAAAAGCAGAGCTCATGTCCATCGCGATGGCTTCGACAGTTTCGATTTGACCCGGCAAAAGTTGAGAAAAGCATTCGTTGGCGGCCTCTTCGTTGTGGCCTTCGGAGATCGCTTCAACCGTACTGTTGTCGAGGTCGTAAATCAGAGTAATGTAGTTCTGCCCTTTCTTGAAAGACTTCTCGTCGATGCCAATGTGAGGCAGTGGACTGGATTGCTTTCGAGCTTGCCCACGCTCGACGGCTCGCTCAAGAATCGTCCAGGTCGCTTCCCAGCCAGTTCGCAGAATCGTGCGAGCGCCTTCGATCGTTTGTGTTGCCTTGAGCAAGCGGATCGCAAAAGCTTCGAACATCAACGTGAAGCGACTGTTGGGACTGGACCAGGGAACTTGAACCTGTTTCACGCCGTGTTCGGGACAATCCACTCGGGGGATCGAAGCTTCCAGCATCGTCTTGAATTGGCAGCTGTCCAGGTGACGCCAGCGACGCGATGGAGAATGGTCATAGCAGCTCAATTTCCGATCGCACTGAGGGCAGCAGAACTTCGTGCCTTGTGCGTGACGCACACTAACGACGATCTCACCAAGTTCCATGTTCAGATCAACGTTCGATACTTCCCAAGGCGTCTCAATGCCAAGGATCTGTTGATAAAGTTCCGTGTCTTGCATTTGCGTTCTCCTTCTCGGAGAATTTTACAGGACCCACAAAATTCCGCGATGGACCATAAAAAGGCCCACTTCATCTCCGGCATGCTCTTTCAGGAGTTCTTTCTGAAGAGCAATTTGCTTCGCTCGTTTCGCTTGGTGAGGCAACAGCACATTATCGAGAGCCCTTAATGTTTTGCGAGTCAAACCTTCGAAAGCAACATTTCTTGCCGACTCTGCCTTTGCGATCATCCTATTTTGCAACGAAACATTTTCATTTGTTTTTGCCTCTGCGATTTGAGAGTAACAATCATCGAAGATTTTCTGAGAAACGACTTTGTATTCGGATCCAAGTCTTTGAATTTTGGTTTTCTGAGAGTCAATCACTTCGAGCTCCCGAGCCATATTTTCCTGACCGAGCAGATCGAAAAATACGCGCATTCGAAATTTAGATGAAACAGTCAGATCGACGTCGTTTTTCTCATTTGCAGTTTCCTGTCCGCGTGAAATACCAGACAGCAGGGCAACAAGAACAATTGCCGAGATTCTGATTTTGCATGCAGGCGTGGCAAAAAAGTTCATTTGTACTTCCAAATAAGGTATAGGCCAAGAAACGCAAAAATTAAGCCGAGGCTCAGTTTCCACAATCGATTAAAACCTCCGTTCGGCGTTGAGGAGAACGAATAAGGTGTCAGGGACGCCCCTGACACCTTTTTCTTGTCCGGAGTATTTTACAATGATTGTGGAACTTTTAATGTTCCCTTGAGCCAAGCTTTCATTTGCTTTTTTTGATCGTCACTTAGTAAATCCTGGACCTGCTCAGTAAATTCCTGTTGAGCCACTTCGCGACCCGTCTTAATTCTCTCAATCAGTTCACCCGATTCGCCCTTGTAGACTGCGATAGCCCAAGACTGGCGGACTCCGGCGGAAGATACGAGAATCCGCTTTGGAGGAAGCAATGTCAAGCAATGGAAAACGCACACGCCGGACTTTTTCAGAAGAGTTCAAGCGTGATGCGGTCAATCTGATCGTCAGTGAGGGCTACTCGTTTCGAGCCGCCGCTGAAGCCGTCAATGTCAACGAGAACAGCCTTCGCAACTGGCATAGAAAGTATGCTCCGGAGCCTGAACCTTGC
CP042912.1_gap101	3386876	3389883	3007	GATGATTGCCGATATGTCATCGCAAACTCACTTCAATCAAAAATTGAACATGGGCGGGATGTCTGACTCTTCATGGTTCCTGCAGTACGGTGCCCCGCGGCAGTACATGCGAAATGCTCTTTATATCAACACCGGAACCGGTCGGTTCATGGAATCGGCGTTCATGAGCGGCCTGGAAAGCACCGACTGGACCTGGGCGATTCGCTTTGCCGACCTCGACAATGACGGACTCCAGGACATTTACGTTACCAACGGTCACGCGCGGGATATGATGAACGCCGACATAAACAATGAAGTTAGACGTCTCAATGAGGCTGGAGAAAAAGAAAAAGTACGTGACGTTAACGCGGGAATTCCTCCACGCAGGGAAACGAACGTGGCGTTCAAGAACGAAGGCGATTTTGCATTTCGACAGATCGCACAGGAGTGGGGTTTGGACCATTTAGGCGTCAGCCATGGCGTTGCTTTTGCTGACTTTGATGCCGATGGCGATCTGGATTTGATTGTCAACAATCTTTACGAACAAGCGACGGTCTATCGGAACCGGACGGCTGAATTGAACGAATCCAATGCGATCACGGTTGATTTTCGCAGTCAGAAAAACAATCTGCTCGGCTACGGGACGAAAGTTGAAATCTGGCACGGCGATGTGCACCAAACGAAGACGCTAACTCCAGTCCGCGGCTACCTTTCGTCGGACCAGCCGCTCATCCACTTTGGAATCGGAACCGCATCGTCGATTGATCGAATGCTGGTGACATGGCCAGATGGAAAGCGGCAGGAGTACAAACAGCTTGACAGTGGTCAACACTATCGCGTGATCGAGACGCCAGAAGACTGTCTTCCGGAAGTCGACGTCGACCAGAAGACATCGATCGCCAGGAGTTCTACAAGATTCACAGATGTGGCCGCCGAGGTTGGATTGGACTTCACCCATAAGGAAGAAGAATTCGACGACTATGCGAGAGAACCGTTGCTGCCGTATAAATTGTCGCAACTCGGAGCAGGTGTGGCGTGGGGCGATATCAACGAAGACGGCTATCCCGACGTCTATGTTGGAGGGTCAAATCTGCAAGTCGGTCAGTTGTTCGTCAATCGAGGTGGACTGAGATTTGAGAAATTGTTTGGTCCGTGGGTTGGTGCTTATCAATACGAGGACATGGCGCCGCTGTTTTTTGATGCTGACGGAGATGGCGATCTGGACCTGTACGTCGTTAGTGGGAGCAACGAAGTCGCGGAAGGAACGTCCGCGCTTCAGGATCGCCTGTACATTAATCAAGGCGATGAGAGATTTGAAAACGCGGCTGAGGGCGCACTGCCAAAAAACAGAGACAGCGGAAGCTGTGTTGCCGCAGCGGATTTTGATCGCGACGGTGATCTCGATTTATTCGTCGGCTCCCGTTCGGTATCTGGGAAATACCCGTTGGCCCCAACCAGCCGTCTGTTGCTCAACGATGAGGGCAAATTTTCGGATGTGACGGACTCCATTGCAGACGGGCTGTCGAACGTCGGAATGGTCAACTCGGCACTATGGTCGGATTTCAATGGTGATGGTTGGATTGATTTGATCGTGGCGAGTGATTGGGGGCCTGTATCATTTTTCAAAAATGAAAATGGCAAGCTTTCCGATGTGACCGAGACGATTGGAATGGGACCCTACAGGGGATGGTGGCATGGGTTGGCTGCGGGCGATTTTGATGGCGATGGTGATCTCGATTATGCGGCGACCAACCAGGGGCTTAACACAAAATACCACGCCGACTTGGACCATCCGCATCGAATTTACTACGACGATTTCGATGGAGACGGAACGCTTGATCTGGTTGAAGCCGAATACGAAGGCGACACTGAATACCCGGTTCGTGGTCTTAGCTGTAGTTCCCAAAGCATGCCATTTATCGCAGACAAGTTTGGAACGTATAAAGAATTTGCGGCAGCCTCTTTGTCAGATATCTATGAGCCATCGATCGAGTCCAGGCCCTATCTCGAGGTCACATGGCTGTCGTCTTCGGTGATTTGGAACGAGGGAGTCAGCGGAATGCGAGTCGAAGCCTTGCCAAGGCTGGCACAAATCAGTCCCGGGTTCGGCATTGAAGCGGGTGACTTCAATGCAGACGGAAAACTTGACATCTTGCTGGTTAACAATTTTTTTGGCTCACAGCCGGAGACCGGTTTTATGGATGGTGGCCTGGGGTTGTTGCTGACTGGTGACGGCAAGGGAACTTTTAAATCGGTTTGGCCAAGGGAAAGTGGCGTCGTGTTGGAAAACGATTCGATGGGTTTGGCGACGGCTGATTTTGATCTTGATGGCGATTTGGACGCGATTGCGAACATTAACATGGGCAAGACAGTGTTGTTGCGAAACAATTCGCCAGCAGGTCCGTCGCTGACAGTGAAGCTTAAGGGGGCGACTGGAAATAACATGGCCGTTGGAGCTCAGGCTCGAGTCAGAATAAAAGACGTTGGGGAGCGATTGTTTGAAGTCAGATCTGGCGGAAGCTATATCTCTCAGTCGCATTCTCGTATCGCATTGCCAGGCGTTTTTGCTCAAGATATCGAATCAGTAAAAGTTTGCTGGCCAGATGGGTCCGAGACTCAGTGGGAATCAGAAAAACCGCTTGTCGCAAATAATACTGAAATCGTTGTTGAGCAAATCCAATGAGCCTCTGGATCTGTCAGGCTACCTGCTCAACTTGTTCAAAAAATGCCTCGGCTGCGAACTACACCTGTAGCTAGTGAAACGGCCGATTCTAGAACCAGGTTGTCGAATCCTAATACGCGTTTTGCCGTGAGAACACGACAAACAGAGTCTTGAACATGATCTTCATGTCCAGCCAGATCGACCAGTCGCGGATGTATTTGTGGTCGAACTTGATACGGGCTTCCATCTTGTCCAGCGTTTCCGTCTCGCCACGGCAACCGTTGACCTGAGCCAGGCCGGTCATGCCAGGTTTGACTTTGTGTCGCAGCATGTAACCTTCGATCTCCTTGCGATAGTACTCGTTGT
CP042912.1_gap102	3398711	3401474	2763	CGCGCCGCGATAACTGCGGAGGAAGTTCTCCAGCAAAATTTGGGTCCGCAGATCCAGAAAGTTCGTCGGCTCATCCAGCAGCAGCAGTTTCGGATCGTGCAGCAGCAATGCCGCCAGCTTGACTCGCGTTTGCCAGCCTCCCGAGAGCGCCTTCACCGGCCCGTTCAGCTTCTCGCCCTTGAGCTCGAACTCACCTGCGACCTGGCCACAACGCCATTCCGGCTGCTCGCTGTCTCGCATCAGGAAATCGAGCGCCGATTCACCTTCGGCAAACGGATCATGCTGTCGCAAGTATCCGACGGACATGTTCGGATGACGAATCACGTCCCCGGAATCGAGACCTTCCTCGCCCAACAGAATTTTCAGCAACGTCGACTTTCCGGCGCCATTGCGGCCGATGAAGCCGACTTTGCGATCGTCAGTAATCGTCGCTTCGGCGTCTTCCAGCAACACCTGGTCACCGAAGGATTTGTATGCGTTTCGAATTTGAAGCAGAACAGCCATGAGCAAAAATCTAAATCATCTTTCCGGGACCTACCAGTCCGTGCCTGTACAGTATTCCTGACGTTGCAATTCATCACCGGCCTCATCCTTGAACCAGCGTTTAACATCGTCGGTAAAATAGTTTTTCCAGTCACCCACGGTTCCCTTGCGCAGAAACTCATTCGGGCGTTCCTCGGTAAATCCGGGCTTTAGGTGACCTTCAATTTTCGCGGCCCGCGTCGGCTTCACGCCAAGAAACTCAAACAGGCTCTTACGTTCCGCTTCGACGTCCGCGTGCAAGTCTTCATACTTGAGGACGTGAACTGGCAAATTCGGAAACTTCTCCGTTGCCTCGCGATCACGCTCAAGGTGCTCTCGCCACCATCGAGACGATTCGCGAACCATTTCTTCCTGGCAGAGCAGTTTTTCCGGATTGTTTTTGAAGTACCACGGATCGTTGCGAAAGCTCTCATAGACCGCGTTGAGTTCCGGAAACCGTTCGAACAGACGATGAGATTCCGGGCGGTTGTACAGATGGAAAGCTCGGCTCACAAGCACATCTCTGCCGTCGCGGACGATGCACACGTGCGGTGCGCCGCGGAGCACGATGGGCTCGATCGTATGCGGCGTTCGGTCGCCGATCAGTTTGGCTTTGGGATGAGCCGCGGACTCCAGCATTCGTTTCGTCAGGGCTTCGAACTCACTTCGCAGCTTTTTCGCAAGCTCATCATTGCCGCGATAGAGCGGCAGTTTTCTGATCGCGCGATTGATCGGCATCACGTGGTCCTGCCAGTGAAATTCGCCGACGCAATCGATGTCCTTGTGGCTGCTGAGCAAGCTGCCCAGCCAGTTGGTGCCGGACTTCATGAAGCCGCGAATACAAAAGTAGCGTTTTACCATGGGTGAGTTTAAGCGATGATGAATTTGGCGACGCTAGAGGATCAGCATCGCATCACCATAGCTGAAAAAGCGATATTTTTCATCCACGGCTTCCGCATAGGCTCGCTTCAACAGTTCGTCGCCGCCGAGCGTTCGGATCATCACCAGCAACGTGCTGCGCGGCAAATGAAAGTTCGTCATCAGCCCGTCGACCACCTTGAATTCGTAAGGCGGCTTGATGAACAGATTCGTATCGCCAACCCAGGGCTTGAGCTCGCCATCGCTACCTGCGGTTTCCAGCACGCGAACCGACGTTGTTCCTACGGCAACGATTCGCCCGCCATCCGCACGGGTCTGGTTGATCAGATCGACTGATTTCTGGTTGATCTCGCCGGTTTCATAGTGCATCACGTGCTCGTTCAGGTCATCAGCCGTGACAGGCCGAAACGTTCCGATGCCGACATGAAGCGTGACTTGAGCGATTCGAATGCCTTCGTCGATCAACTCCTTGATCAAACGTTTCGTCAAATGCAATCCGGCCGTCGGAGCCGCAACCGCGCCGGCAGTTTTCGCATAGATCGTTTGGTAGTCCTTCAAATCCGCGTCGACCATGTTTCCATCGCGAATGTAGTGCGGCAATGGAACGCGCCCCATTTGCGACAACAACGTTTCGTAGTCACCTTCGGCTTCCGGTCGCACCGCCCAGGCTCCATCGTCGAGCCTGGCGATCATTTTCAACGTCGCCCGATCCACGCCGTGGCGATCAGTGACCGTGACGGTTTCGCCGGGCTGCATTTTTCCGCGGGTCTTGCAGAGCAGTTTCCAGTTTCCGTTTCCGTCGGACTCGAGGAACAAACCTTGCCATCGGCCACCGGTTTGAGTTCTTTTTCCGACCAGCTTTGCAGGCAAAACTCGCGTATTGTTCAGAACGAGGCAGTCACCGGGCTTCAATAATTCTGCCAAATCGCGAACATGGTAGTGATCAATGAAGTCGCGTTCGCGGCTGACCATCATCAACCTTGCGTCTTCGCGGTTGCGAAGCGGATGCTGAGCGATCAGATCTTTCGGCAATTCGTAGTCGTAGTCCGAGGTCGCAAGTTTGGGTTGGGTTTCGTTGGGCATCGAAATTTCAAAGGGCACGGGTTGGGTCAAACTCATTTTATCGGCATTCCCGAATCCCAACACTGCAAATAAAAAAGAACCAAATGGGCTGGCCTGCGTAGTGCAACACGGTCGGCAATTTAAAGGGAGAGACGCGATGCTGGAATGGTTTACCGAGAGTGCGTTCTTTCCGTCCTGCATCGGCATTCTGCTGACGATCGCCTTCATCGGCCTGGCCGTGTCTTCGGGCGAAATGCTGATGATGAAGATTGGCCTTGGGATCGCAGTGCTGACTGCGCT
CP042912.1_gap103	3420758	3423225	2467	CGAAAACCGAACACCTGTTTTAGATAGAAGCTGTATCCAAAATAGTGTAGACCCGCAGCACGCCAATCAAACTGGCTGCGATCGTGCGGCCAACTGGACGGTGGAGGGACTGAAATATTTGACGATTCGTTAGTCACGGCCTAAACTGTCTCGGCAGAAAGAGTTCGAATTTCGTTTCCGAATTCGTGTGAATCGCCCGATTCTACGACGAAGTCGCACTACCGAAAGCCCTTCCTTCACAACTTTCCACACCATTGTTTGAAATCATGTTTGGCGAACTCGTACCAATTGGCGGCGGCGACCCGATTCCTTTGATGAAAAAGCGACTACGTATCGGTCGTCGCGAGGGTTGCGATATCATTCTCAGTTTCGGAAATGTGTCCGGCCATCATGCATTGATGGAAATTGATGAGGGATATTGGTTTATCCGTGATCTTCGCAGCCGCAATGGCGTAAAGGTCGACGGGAAACGGATCACTCAGGGCGTGCGAAAGCGTCTGGATCCGAATTGCAAGGTCACTGTGGCGAAGCACGAGTTTGAATTGGAATACGATCCAATGTCGCTCGGCGCGTACGGAACGCCTCCGCAAGACGAGGTTGTCGATGACTTCTTCCGAGAGTCTTTGCTCGATCGAGCGGGACTGAATCGGCGAGATTCGTCCGAAAAGAAAAAGTAACGATTTGAAAAGCAGTCTCTCCCGAGACTGCTTTTTTTATTGCTTCAGCTCCGAGACGTTCGCAGTCCGGTCCACGAAGGAGGCTCTGAGCTCATACGAAAGCCAGCCCTTCAAGGCAGTTCCCGTTTTCGGTCATCCGTCGTTCTGCATGGCAAACCAATCGGTCGCGGATTCTGCAACCCGATCTTCTTTCGTTTCTCGCGACGTGCGTTCGATCAGTTTTTGCAATCGCTTCGTCACCATCGAACTGCTGATCAGATCGTGCTCCTGCAAGCCCATCGCTTTCAACAGATCAATCATCTGCGGCGGCACCATGGTTTGCACCAGCACATCGTCGAGCGCTAAAAAATAGCCCAGCTCAACTTTCGCCGGCAGCGAACTGGCAAACTCGACCACCAAGTCATCCCTGGGCCCAAAGGGATGACGTTCGACGACCATCATCGCAACACGAAGCTCAGACTCAAACGGCGACTCAGGATCCAGCACCAACGGTTCGGCCAAATCGGCGAGCAACAGTCGCACCTGATCTCCCGCCGCATTGGCGTGGTCGCGAAACCAGTCAATCGTAACGGGCTCGGTTTCCACGAAGTAGTCAAGACCGTGTTCTTCGAGCATCGACTGGGCATCGGTGAACGTTTCCAGAAAGTGCGCCACCAACCAAACGGACTTGCCCATCGATTGCTGCAGACGAATCGATGCCGCAATCGATTTCCACAATGCGGGACGTGTCATCGCGAATGAATCCGGATGCTTTACGAGCCGTCTGCCAAACAGAAAACGAATAACTGACTTCATCGGCAACCAAAGTGAGGGACTTGTCGTTGCTATACTCTATGCAAAGACGCTTCATCGATTTTGACAGGATGACCATGATTTACAAGATTGGCTTTGCAGTTCTCACATGCGTGATTGCTGCGACATGGCTGGGGCCTCAATCTTTCGCTGCAGCAGACGACTTGCCTGAGCGAAACATCGTCTTCTTCATCACCGACGACGAAAGCCCGACGCTCGGCTGCTACGGAGATTCGGTTGCCATCACGCCCAACGTGGACGCTCTGGCAAAAGACGGCGTGTTGTTTCGAAACGCGTTCGCGACGACAGCCAGTTGCAGCGCCAGCCGATCGGTGGTGATGACCGGATTGCACAATCACAAAAATGGACTCTACGGGCACACGCACGACTTTCATAAATTCAACGCCTACCACAACGTCATTTCGCTGTCTCTGCCGCGAGTGCTGGCCAATGAAGGCTATCGAACGGCGCAGATTGGAAAGTATCACGTCGCGCCAGAAGCCGTTTTCAGATTCGAGAAAACGTTTGGCGAGGTGAACCAACGAAATCCGGTTTTGATGGCCGAAAGGTGTCGTGAGTTCATCAACAACCGAGACGATCAGCGGCCTTTCTTTTTGTATTTTGGAACGTCGGATCCGCATCGCAGTGGCGGCATCGACAAAAATTCAACCTTGGAGCTCAAGCCCAATCTGTTTGGCAATCGACCGGCGCAAAAATCTCACAAAGGCATCGACGAGAAATTCTTCGATCCACAAGCGGTTCCAGTTCCAGACTTCCTGACCGACACGGCGGAGACGCGTGAAGAACTGGCTCAATACTATCAATCCTGCTCGCGGATCGACCAGGGTTTGGGGAAACTGGTTGAAATCCTCAAAGAAGCCGGAGTCTATGACAAAACCTTGATTGTTTTCACGTCTGATCACGGCATGGCCTTCGCCGGCGGTAAGACAACAGTCTACGAAACGGGGCTACATGTTCCGTTCGTCGTCCGCAATCCG
CP042912.1_gap104	3444218	3446301	2083	ACAAATCAAAAAAGTATCCTTTGTTCGTGCACATGTATGCCGGCCCACAAGCCCCACGCGTCAAGAATCGATTCGGAGGTCAGTGGTATCTATGGCATCAAATGCTGGCTCAAAAAGGCTACGCAGTCTTCATCGTCGACCCCAGATCTTGCAGTCATCGCAGCGGCAAACAGGCGTGGCCAGTGTTTCGAAACTTCGCAACCGCGGAGCTTGACGACATTCTGACCAGCATCGATTTCGTGAAGAAGGAAGGCTGGGTCGATGAAGATCGAATCGGAATTTGGGGCTGGAGCTACGGCGGTTACATGACCGCGTTTGCGATGACCCATTCAGACGTTTTCAAGATGGGAATTTCCGGAGCACCGGTCACCGACTGGAAGAACTACGACGCGATTTATACCGAGCGTTACATGGGATTGCCACAAGACAACACTGAGGGCTACAAAACTTCGTCGGTTCTTGAGAGTGCGGAAAACCTGTCGGGCAAAATGCTGCTGGTTCACGGCACGATCGATGACAACGTTCACCTCAACAATACGCTGCAACTGGTGGAACTGCTGCAGAAGGCCGGAAAACAGTTCGACTTGATGCTGTATCCATCAAACCGCCACAGTGTTCGAGACAAGGAACAGCTAAAACACCTGCGAAAACTGATGACCGACTATGTGTTGGAGAACCTGTAGCTCAAAGTTGAAACTTGAGTTCGAGAGTGGCGGTGGAAGTTTGTTCGGTTTGCTCGAAGACGTCGACGTCGAATTGGCGTCCAATGCTATTCCCGGCGTTGTCTTCCAAGTTTATATCGACTGACACCCGGTAGTCACCGGTTTGCCAATCGGTCTCTGGAACAAAACGCCACTGCTGCTCTTCATCGGTCACCAACACGGTTCCCGCAATCCGTTTGCCTTTCTCATCATAGACTTGCAACGCTCGCTGCAGCATGGAATGGTCGAGCGGTTCCTGAAACCTGACAACGAGTGGCTCAACTGAACCGACCGCCGGCGTCGTCACTTTCCAATGTTCCGGATCCGGTTGTGTTTTGTCTTCATCCGTGGCACGAAACTGTTTGACGTGCGTCTCGCCCAATGTCAAACCGTCCGCGTTCGGCCACGCACCATCGATTACCAGTTCGTACGATTTGCCAGATTCAAAGATCGGACCCATCTCTTCACGCGGCTTGAGGCCTCGCTTGATGCGCCCCGGATCCAACAGCAGAGTCAGTCGTTTCGAATCGCGGCTCCACAATTCCTGCTCAATTTCGAGAAACGGAAGTTCAATTTCGGCGCCATCGACCTCACGCAGCTGAATAAAATCGTAAACGTCACCCTTTCGCATCGGAGTCGAGAACTCGACATAGAATTTCAACGTATTTTCCGGGACAACGTCCGACGATGGATAGACCGCTGTGATCTTCGCGCGATCCTGATCCTTCGAGGGAGTTTCGACCGTGAAAAAAAGAGGCTTTAGTTTTGGATCCGCCGACACACTGACATTAAACTTCGTTCCCGCTCGCAGTGGAAACCGCGGCTTGAACCAGACAAAATCACCGTCGCGCGAAGTGGAGCCCAACATCGGAGGATCGACATTGACGTTCGCCTGCGACAGCCAAGCGTGAACCTCGACGACATCGACGTTGGCAACGTTGCTGACTTCGAAAACGTAGCCGCCGTCCAGCTCGACGGCTCGTACGGCAATCTTTTCTGTCTCCTGTACGGCACAAGCAGCTTGCGCCGATAGTCCCGCCATGCTAATGAAGACCAACGCGACAACGACCAAAACCCCTGGCCTCAAAAGTGAGAACAGGGCTCTCGATCGCAATGTTGTCGTTCGATTCTCCAACCGGGATCCCAGACGAATCATGGAAGTTCGATCGTCTTCAAGTGCTCGCTGGAATCATCTTCGCGAACCAGTACGACTCCATGAGTTCCATTGAGCCCGTCAAGCTGCATGACTCCGTTGAGGTCCTTGATGGTTTCGTAAGCGACACCGGCAGTTCCGGAGATGCGTTCCACGATCGGCTTTTGCGAATCGACATTTTGCAAGTCGATTTTCATCACCCCCCGGCTGCTGTTGGCCATCAACGCGA
CP042912.1_gap105	3448821	3449917	1096	CGTCAGACATTCGGGTACGCCTGAAAAGTAAACGCCGTCGTAGCGTTTCTCCATAATCAGCGACAATGCGTTCCGAAAGTCAGCGATTTCGGTAACTTCGATCTGAGAGTCGTTCCAGAGATTCTGCGCCGTGTTGTCGGCGGAGTTCTGGATGGAAAGAATTCGCGTCACGTCAGGGTCCGGGTTCTAACTTCGAGCCGTTTGGCTGCTTCGTAACATCAAGCCTGTTGGCTCCTTGGAAACTCTACGTCAGCAATCGAACGTATCAGCCGCTGGCGATTCGGCATCAGGCAAACCCTCTCGAAGTTCCTGGTGACCTAATGAAAGTGTACCTTTAGGCTTGTGACTGTCGAGTCGATTCCACGCAATCCGATTCAAAAATGACACTCGGTTTCGAATCTCCCTTTCGGGACGGTCGTCGGGCTAACTGTCAGGATCGCGTTACCGGAAAGCTTTGTGCCTCCCGGAAAGTCACAATCCTGATTCGCAGTGCCGCAAAACGTGTAGAATTCTGCCGCTCAGCCGGAACCGCAACGCTGTTTCAAGTGTCCGATTTGACTCAACAAGCTTCGCATTACGGTTTCGCGCGATGTTTCCGGCCCAACCCGCCCATTCGAATCGCCGCGATTCGGTTACATTGGACACTTCCAAAGATCGCCAACGTCTGCGGATCCTGTCAATCCTTCCTTCGACCCATTCTCCATGGCCAAAAAGAAAAAAGGCAAACAAGTCCGAGCCAGTTTTCGCAAGCGTCAGAATACGCGGGTTCGGAAACGTGACTTCACGAAAGAGTTCAACGAAGACGCTGACGGGCTGAGCGATCAACGGACTGCGGAGCGGGTCTCTGGCAAAGGCGACCTGACGCGGAAGCGAACGATTGTCGGATCGGATGCCGAAACTGACGCCTCCGGATTCGAGGTTGAATTGGACGTCGACGCAGCAGACTCTCTACGAGGCCGCGTTTTGCGAGTTCACGGATTGAGCAGCTTCGTCAGCGATGCCAACGGCAAAGTCTGGAACTGCTCCGTTCGTGGCGTGCTCAAGTCGCTTTCTACCGATCTGCAGCACGTCGTCGTGGCAGGAGACTACGTGACGA
CP042912.1_gap106	3499990	3503816	3826	CTTCGAATCAGGAGTTGAGACTTGAGGCGCGAAAGCTCGGTTGCTGAGGGAGTTCGCGCCGTCGCTCATTCAGGCGTCGGTCCTGGAAGGCTCAGCCGGCAAACTGGACGCGAACGCCCTTGGTCTTTCGCCGAACTTCGTAACCCGACTTTGAGCTCTGAACTTTGTCAGGACGCGTCGTCCTTTCCACCAACAGCCCGTCCAAAGGACTCCTCACGCCGGTCGCGCCGACGGTGCTGACGTGCGTGTAAATCATCGTCGTCGAAACGTCGGCGTGCCCCAACAGTTCCTGAATCGTGCGAATGTCGCTGCCGGCTTCCAGCAAGTGCGTGGCAAAGCTGTGTCGCAGCGCATGACAACTGGCTCGCTTCGAAACGCTCGCGTCTCGAATCGCTTTGCAGATCCAACGCTGCACTGTGTTCTCATGAATGTGATGGCGTCGAATCTGATTACGATCACCATCTCCGGCTCGCTGTCCGTACTTGTTCTCCTCTGACTCCAGAGGCTCACGCGGACGGGGATCGACAGTCAACGCATTGGCGGGAAACAGAAACTGCCAACCGAATTGACGACCGGCGCTTCGATCTTTCTCTGCCAACGCCGTTGGCAACCAAACCCAACCGGCTCCACCGGCGAGGTCTCGTTCGTGCAACCGCCTGACCAAATTGGTTTGACGTAGCAAGCCGGAATTGGCTCGCTGCGGCAACGGAACCATTCGATCCTTGTTGCCTTTGCCTTCGCGAATGACGATTTGCTTTCGATCGAAATCGATGTCCTTGACTCTCAGGCGACAGCACTCCATCAGTCGCAATCCGGCGCCATACATCAGCTCTGCCATCAACCGATAAGGTTCTTTGTTCAGGCAACCAAAGAAAGTCACGATCTCTTGCCGACTTAGCACGACCGGCAATCGCGCCGACGCCTTAGCTCGCATCGCTTCGATTTCGATGGTGCGACCCAGCACTTTTTCGAACAGGAACAGGATCGCGGCAAACGCCTGATTCTGCGTGCTTGCAGCGACACGCCTGTCGACAGCCAATGACGTCAGGAACAATTCGACGTCGGCTGAGTTCATGTCGTCGGGATGAATCCACTGACCATCGTTTCGATTTTTGTGGAACACGAGAAAGCGGCAGACCCATCGCGCATAGGCTTGCTCGGTCCGCTTGGAGTAGTGCATCACGCGAGTTTTGTTGCGGACGAGATCCAACAATTTGCTTTGCTTCATCAGTCAGCCTGCAGTTAGGTACATGCGTCGGTGCCGAGCACAGTCACTTCAAGTATACAATTGTACACGTTCTATCACTATTCGGTATCGTCATATCACGCTGGCAAAATGAGCCCGCGCAGCATTTGACGTTTCAGCCGGGAAAACGCAGAGAATTCCCGGTCTGGTTCCGTTGCAGATGCGCAGAGAGTGCGTTTTACAGAATGTCTAACCGACTGGTTCGCACTCCAACGCGGCGTGGTGCCCGCACCAGGATGCAGCCAAGCGGCTGGCGGAACCAGGCACCGGTTGGTAGATGTGAGCGGCAAGGCGCTAGCCGCCGTTCCGTTGCGCTTTTTAACGGCGGCTAGCGCCTTGCCGCTCATGTTTGGCCGTGTTGATGACATGAAAATCAATTTGTCAAACAGTGCCTAATACTACAGCGCTAGGTTGAACCCCAGTAGCATCGTTTGATTTTGCTTACTTTGATGCCAATTCTCCGGAGTTTTTTGCGAGTTCTCTTGGCGTGTGATCTTGTTGCTTTTGCGTTTCGTTGTTGGTGGTACTGAATCGTAGCGGCGACCCGGTCCAGTAGCGCCGACGATGCCCGCCCCTTAAGCCACCAAGTCTGGACCAGTGCCGATACGGCGTCGTGAACCTGATAGACGGTGAACCCAGATTTTTTTTCCCCCGAGCTTTTCTCGCATCTTCGTCAAGAACAGGTAGCTTACGCACGACAGAATCATGTGTCGTTTGAGCCCGAGATACTTCCGGCCCTCCCAGGCGTCGAGTCCAATGTCCTGCTTTTGATCCTGGAAGCAACGTTCGACATGCCAGCGGCTGAAGGCAACGAGCAACAACTTTTGAACGCTTGTTGCAGCCGGCGCGTTGCTGAGAAAGTACTTGATTTCATCCGGCTTGAGTGGGTTACGAGCCACCAACAAGTGCCAACGCTTGCTCGAAACACACTTGCCGTCAGGACGATAGATCATCGCATGCTTGACTTCCCAGACCATGGGACCTTTATCTCCATCTTTGACGCGATAACGCTCCCATGACTGATTCGTGAACCGCGTGGATTCTTCCAGCAGTTTGCGAAACGGCTGAGCTTTGGGATTGTCTTTGGCAACTCGCGCACCTTTTTGCGGCCGACCACGACACGGATCTTTGGGAGGATGTTGGAGCCCGGGTTTCTTGATCCAGCCGGTCATTGAAACCGGAACCTCGCCGATGAATAACTGTGCTTTGGCATCAAGAGCTCGTAAAAACGGGCCTTTGGAGCCGTAGCCTTCGTCAAAGGTGATCCACTCAAACTCCAGACCGTTGGACAGCGCGCGATCGTAAAGCTCCAGTGCGATCTTCCACTTTGGCTGATACACCATTTCGTCGGGGATCCCGGCAACGCGACAACGCTCGCGATCTTCAGACCAGCTCTCAGGAAGGAACAACTCACCATCAAGCAAGCAGTGAAAGTCATCCTGAGCAAAAGCAAGATGAACCGTCACCATGCAGTTATCGGTCTTGCCAACCTTGCCACACCACTGACGCTGAACGCCAGGCGTCTTGGTGCCTTTCTTGACATCGCTCGTTTCGTCAAACACGCCGATGGCACGCTTGCTACCGCGCTCCGTTGCCACCATCTGTTGCAGACGATCTCGCACGGCGTCTTCATTCCATGCGTATTGAGCAAGAAACTCCTGAAGCGTGCGAACGGGAACTCCGGCAGCCAGTGCAATGGGCTCAACACTCTTGCGAGCAAGGTTTGATAGCTGACCCTGAACATACGTTGGCATATGAGCACGGGTATCTTTTCGACTAAAACAATCGGAGAACCGATTCAGAAAACGTGTCAAAGCTGGTTTCATCTGACGAATCCAAGTACCATCCATCAAAGCACCTCCTTGTGCATGAACGATATAGAATCCCAAATTTCAACTAATTCTCAAATATCAACCTAGCGCTGTAGTACTAGGCACTGTTTGACAAATTGATTTTCATGTCATCAACGCGGCCAAACATGAGCGGCAAGGCCCTAGCCGCCGTTAAAAGCGCCACGGAACGGCGGCTAGTGCCTTGCCGCTCACAGTTACCAAACAGTGCCTAGCGTTGTCGCGTCAATTTTCGCGCGGAACTCGATTTTGCAACACTACAGTTGGTCGATCGCTCGCGTGATTTGATCGAGATGTTGCGTCGAATTATTCGACAACAAGATTACAGTCAGTTTTCGATCGATGCCGCGCAAAATCGAAGTTTGAAAGCCAACCCAATGTCCGCCGTGCGACACGGTTAAGCCGTCGTCCGCAGAACGTTCCACCATCCAACCAAATCCGTAGTCAGTTTGGTCACCGTTATTCAGTTTGCCTGGTGTGAAAGCTTCAGTCAGCGTTTTCCGCGAAACAAGTTTTTCGCCGTAGAGCGCCTGATCCCACTTCAGCAAATCTCGCGCGGACGCGTAGATGCCTCCGTCGCCGACCATTCCATTGAGATAGTTCCAATCATTGGCAACGTGACTTGTTCCTTGCCACGCGAAACCAAAAACACGGTTTGCAGGATCGAACTTTTGCTCGTCCGGCGAAAATGCATGCGAGTCAGTCATCCCCACGGGATCAAAAATTCGCT
CP042912.1_gap107	3510334	3512252	1918	CGGCGTTAGAATGAGCTCATGTCACCGATTCGAATTCCCATCAAAGTCGTCCCAGGAGCCTCCCGCACTCAAATCGCAGGCTGGCTGGGCGACGCACTGAAAGTCCGGGTGAGCGAACCGCCGGAAAAGGGGAAAGCCAACAAAGCGGTCTGCAAGCTGGTCGCAGGGAAGCTTGGTCTGTCAGCCGACTCGGTCCAGGTGGTCGGCGGGTCGACATCTGCCCGCAAAGTCATCGAAATCGAGGGAGTGTCGGCATCAGAATTTGAGGCCGCGTTCCCCAAGTGAGCTCGCAAAAGCATGCGAATCGCCGGTTTTGCGGCTAAATCGTGGAACCTTGCCTTTTCAAACCCCGGCGAAGTCAGTATTTTGTTGCACTCGTTTGGCAGAAATGCCGAACAAATGGCTTTGTGGTTGATCATGATCACAACTCATTTTGGCGGCATAGCTCAGTTGGTTAGAGCAGCGGAATCATAATCCGCGTGTCGGGGGTTCGAATCCCTCTGCCGCTACTTCCAGAAGCCCTTTGATATTGGCCTTTGCCACATCAAAGGGCTTTTTCTATGCGCTTATCTAGAGACGCACATCGAGGCCCAATCCTCTGTTTTGGTCTGTTTTTGTCCTCAGGCGCGCGCAGCTTGTGCGCAGGTTCCCATGCAGCCCAACTTCTTAATTTCGCGCCCAAATGATTGACTGTCAGTGACGGGGCATCGGTTGCTCCGGCGTCAATTTGATCCGGTGTTCAGCCGGAATTCTTCCTCACAATTCAAAGGAATATGCAGAGATGAACTTTTTAACCAAACTACTTTTGTTTGCCGCGGCTGGGTGGCCAATCGCCATCGACGTGCTATGTCCGAATGAGATCGTCCCAGCAGGAATAAGCATCGCGACCCAGTCATGCTTAGAACTTCCGCTCGCAAATCTAGATGATTCCGCAATTCGGCCACGAATCATGAGTGGGCCGCGAGCTATTTTTACGCGGAAAACTTCTGACCTCGACGTCGGCCACGAAAAAATCAGTTCGGATATAGAGGATGTGTTGCAGCTGATTGATGATCGCCAAATTGCAGCGATATGGATCTTCATTTCAATGCTTCCTCTTAGTTCCGCAACGGTTGGTGCGAGTGTCGCACTTGGAGACAACCGGCGGCAAGTTGTCGTCTGTATTGGGCGTCTTTCAAAAAAGAAGGACAGTGAAGAACAGACGAATGAGTCCATTGACACGTCTCTCGCAGTAGTCAGAAACAAGATTGATGAACTCTTCGGGACCGATGTCGAGATTGAAGAGCTAGCTGGAGTGGATTGGTCGCTGATCGCAGCACGACCCTAAAAGCAAAACAGGTGATCAAATTGGGAATCGTCATATGCGTGATGGTGGAAGACTTGAGTCGACTGTATCGGAACCCATTGTTGCAATACGAGTTTGTATTTTTCTGCGTTGACAACGGAGTGCGGTTTGTCAGCATCGCAGACAATCTGGACACCTTTGATGAGTATTGGGAATCCAACATGAGCGTCGCGGCGCTGAGGCACTCCATGCCTGCAGTTGATGCCCGGCGGCAGCAAGCTGCTAAACTCAATCCAAAAATGCGGCATATGAGATGCGGAAGCTTTCGCAAACAAGCTGAGTTCGCGTTGAAGGTTTTTAGCCTGCTTTGGGCGATTGGGGCGGGACAGATTTCTTCCTTAACTATTGGTAACGACTCGAATCAATTGCGTGAAAACAGTTCCGAAAGCTCGCAGTCATCAACGGAGTAAAAGCGTCGCTTTGGCGAAGACACTGTACTCTAGCGCTCACGCCCTGTCGCAAAACGACAAATGAAGCTAGACGATCACTTTTCGAAGGCTGCTACCATAAAAAGTAGTGTATCTGCCCATTTTATGAACGCGTTCGACTCGCGCGGAGGGGCAAGGAAACAAT
CP042912.1_gap108	3559433	3563427	3994	GGCATTGGATCTGAAAGTTATGTTGTCGGTTCGCATGAGTTCTATCTGGGCTATGCGATCTCAAGAAACAAGCTACTTTGCCTGGACGCTGGGCACTTCCATCCAACGGAAGTGATCTCCGACAAAATCTCCAGCGTCATGATGTACCTTCCGGAGATTCTCTTGCATGTGAGCCGCGGAGTCCGATGGGATAGCGATCACGTTGTTACCTACTCGGATGAATTGCAAGCGATCGCGCAAGAAATTGTGCGTGGTAACTACCTTGATCGCGTTCATGTTGGTTTGGACTTTTTCGACGCCAGCATCAATCGCGTTGCTGCATGGGTGATTGGCACGCAAAACATGATTAAGGCATTGTTGACGGCACTGCTTGAGCCAACTCAGCAATTGAAGCAGTTGGAAATTGAAGGCGACTACACTAGCCGCCTCGCGATGATGGAAGAACTCAAGTCGATGCCGTTTGGGGCCGTTTGGGATTATTACTGCCTTTCCTCTGGAGTTCCGATTGGACTGGAATGGCTCGAGTCGGTGAAGCAGTACGAAAACAGCGTCCAAAAACATCGCAGCAACATTTCTGAAACGGTTTAGCCAATTGTAAGTCATGCCATCCTGCTACACGCCGTGCATTGCCAAGCTTCTACTTCAAACAGCCAAACTAGTTCATGACTGATAAAACATCTGATTCCGGTGGTGAGTTCGAAAGAGAACCCGTCTCTGAAAATGCGTTGCTTGGTCAAAGCAAATTCTGGGGCATGTACGCCGGTGAACATGCTGCCGGCACCGAGTTCATGATCGGACCGCTGTTCCTTTCGGCTGGAGCAAGCCTTCAGGATCTACTCATCGGGTTGCTGTTGGGAAACATTCTGGCTGTGTTGACGTGGCGTTTTCTGGTGGCACCGATAGCCATCGCAAAGCGAATGACGCTCTATTATCAGCTTGAAAGGATTACTGGCGGCTCGCTGGTGAAGCTATACAACTTCATTAACGGAGTTTTGTTCTGCTTTCTCGCTGGAGCCATGATCACGGTGTCAGCAAGTGCCGTGGGGATTCCGTTTGGGATCGACTACGCCGTCCCAGAAGCCATGTTTGGACTTGGAGCACCGTCTTTCACGGGCCTTGTCGTGCTTGTTGGTATCGTCATCGCGATCGTGGCCGCAGCGGGCTATTCAACAGTTGCGCGATTCGCCAACATTGCTGCTCCGTGGATGATCGGCATTTTTGCGGCCTGCGGAATCGTGTCGATGGCTCAGATGGGAGCAACGGATTGGTCGACGATCTCGGAAGGAAAATGGTGGACCGACGCAATTGACTTTGTTCAGTCGAAAGATGGTGAGAAGAGCTTTCCATTCTGGCAGATTGTAGTCTTCGCCTGGCTGTGCAACGGAGCGATGCACTTTGGGATGGCAGACCTTTCGATCTTTCGATTCGCCAAAAGCCGCAACGCTGGCTGGGCTCCTTCGATTGGAATGTTCCTCGGTCACTACATGGCTTGGATTGCTGCCGCGTTGTTGCTTGCTGCTCAGATCAAACTTTCGCAAGACCATGCGGCCAACCCCGGAGCTCTCGCTTGGGGAGCACTTGGCTGGACCGGGATCCTATGCGTCGTAATCGCCGGTTGGACAACGGCTAATCCGACGATCTATCGAGCTGGGCTCGCATTTCAAGCCATGATTCCGAAGAGTTCCAGAACGGTGATGACTTTGGTCGCCGGAGCTGTGGCAACGGTCGCAGGTGCTTTCCCCAATCTATCGGCACAACTGCTGGGCTTTGTCGGAACCTACGGCACCGTTCTGGGTCCGATGGGAGCCGTGATCTTCGTCGACTTCTGGCTGATGAAGAAGTTCGGTCTCGAAGACGAATATTCAACCAAAACAAATCAATCGATCAGCATCCCGGTACTGGTTGCATGGCTGCTCCCCGTAAGCGTTGGGCTCTATCTGATTTTCTGGCAGGGAATCTTTGCAGCCTATGCCGTGGTCCCGTGCTGGATCGCCTGCGGCGTGATCTACCTCGTGCTGAGCAAGATGACGCAAACCAAAGTTGACGCAAAAGGAGCCGAGTCATGAGTCCAATTGCAAAGCTCGTATCGTTGGTCGCGTTGATCGTTACCGTTGCCCCAAGCCTGCTCTACTTTTTCGGGGTCCTCAGCCTTGATGCCATGAAGTGGATTGCGTTAGCAGGAACGATCGCCTGGTTCGTCTCAACTCCGATGTGGATGGGGCGAAAGCAAACTGGCTAGATGGCGACACTCGTTGGTTGCACCGCAATTCACTTCGCAAAAAGGGTGCCATCTCACGCGCAGCATGAGCATGAAATCGCGAGGCAATCCCTCCGGCACCCAAATAATACAACGACATGCTCACGCAAGCGTGAGACATGGCACCCAAGTTCCCATTCAAACAAACTCAAAAGAATAGAATCCAGAAGAGAACAAACATGTCGACTTTGAAAGAACTGACCTTCGTCGATCGCCATTGGGATGACTCCGTCGCAGAGAAGCTGTCGCCCGCAGAGCGATTGGCCTACCGTTCAAACTGTCTTGGTGCCGACCAGAGAATCACCAACACCGGCGGCGGCAACACTTCGTCCAAGGTGCTTGAGAAAGACCCGTTGACCGGCGAAGAAACCGAAGTCCTGTGGGTGAAAGGTTCCGGTGGTGATTTGCGAACGGCAAAGCTGGAAAACTTTGCATCACTTTACATGAGCAAACTGCTTGGGCTGATTCCGGTCTACGAAAATGCTCCGAATAACGGCCCAAAGACGCCCGCCGAAGACAACATGGTTGGACAGTTCCCACACTGTACGTTCAATCTCAACCCTCGCGCGAGCTCCATCGACACCCCTCTGCACGGCTTCCTTCCGGCTCGCCACGTCGATCACATGCACCCCAATAGCGTCATCGCCATCGCGGCTTGCGATCGCAGCAAGGAACTCACTGCGGAGATCTTCGGCGACGAAATCGGTTGGGTTCCATGGCTCCGTCCTGGATTCGAACTTGGCTTGATGATGAAGCGAGAAGTTGACGCCAACCCTTCGCTCAAAGGACTTGTCATGGGCCAACACGGCCTGATCAATTGGGCTGACGACGACAAAGAATGCTACGACTTGACGCTCCAGCTGATCGATAAAGCTGCGGCTTACATCGAATCAAAAGACAAAGGCGAACAAACGTTTGGTGGAACGAAGTACGAAACGTTGGGCGAAGAAAAGCGAAACGGGCTTTTGGTCGAACTTCTGCCTTGGCTTCGTGGTCAAGTCTGTCAGCAGAACAAATTCGTTGGAACGGTTGAAACCCGGGACGCAATCATGCGTTTTGTGAACTCTAAGGATGCACAGCGACTTGCAGAACTCGGCACAAGCTGCCCCGATCACTTCCTTAGAACCAAGATCAAGCCGCTCTACGTCGACTGGGACGCCACGAAAACATCGGAAGACGATCCAAACGGGTTGAAATCACTTCAGGCCATGCTTGAGTCTGGTCTTGAACAGTATCGCAAGGACTACGCGGCCTACTACGAGGCCTGCAAGCACGACAATTCGCCCGCGATGCGTGACCCGAATCCTACCGTCATTCTCATCCCTGGCGTTGGCATGATCGCATGGGGCAAAGACAAAAGCGAATCTCGCGTGACGGCAGAATTTTACAACTGTGCCGTTGAAGTGATGCGTGGCGCTGAGGCAATCGGAAACTACATTTCACTTCCAAAACAGGAAGCGTTCGACATCGAGTACTGGCTGCTCGAAGAAGCCAAGCTGAAACGCAAGCCACCTGAAAAGGAAATGTCTCGAGACATCGTCCTTGTTGTTGGAGCCGGCAACGGAATCGGAAAAGAAGTGGCTCACCGACTGGCCAAGGAAGGCGCCCATATCGTCTGTGCGGACCTTTCAACTGAAGCTGCAGAGAAAACAGCCAGTGAGCTTTCGGAGATCTACGGACAAGGGATCGGCGTCGCTGGAACGGGGATCTCTGGATGTGGCCCGGCAATCGGTGCCA
CP042912.1_gap109	3617480	3621915	4435	TGTTGATTGACAACTTCATGGATCCGACGCATACGGCGCTGGTGCACGACGGATTGATACGGAGCAGCCAAAATTCCACATGGCATGAGATGTCGATCACGACGCATTCGCACGGAGTCCGAGTCGACTATGCGGAACAGGAAGAATCGGTTGGCATTGGACTGAGGATGCTGTTCGGCCGGTCGATGAAAGTCCGACACGCGGACGAGTTTTTGATGCCGAATCTGGTCAAAGTCACTTACTGGTTCAACGGCGAACCACGGTTTCTGGCTCTGATTGCGTGCACACCACTGGAAGGGCTCGACGCCGCTCCAACAAGGGCTTTTGTGCAGCTGCGTTATCGATTTGGAGCCTTGAACTACGCCATCAAGCCGTTTCTCGGCGTGTTGGCCAACAAAGTGCTCAAGCAGGACTTCGAAATCACCCGCGACCAATTTCGCAACATGCAGGATTGCCCGGAGCAAAAGGAGCACCTCGTGGCTGCCGACGCGGTTGCCGCAAGAGTCTCAGTCTTTCGACAGAACGCTGTGCAGAAGCTTGCCCCGCCGGATCAGAGCACGCAAACGCTGAGATTGCAGTTCTGAAACCGCGAACGAAAAAAAGACGCCGCGAAATTCGCAGGCGTCAGTTCGTTTCTCATCTTATGTGTCGCTGTCTCTGATGACGCGGTGGCGTCTTCGCAACAGACTACCCGCCAGCCGACATCGCAGCAGCTGCAGGTGCTCCGCCGCCACCGCCGCCGATTCGAGTTGGGTAAACGTTTACGACTACGTCATGACCGGTCCGGACGTTTCTCACCACCATCCGAGCCACCTTGGTTGGTGACGGAAGTGGAGAAACCATGACCGCCATCGCCGGAGCCCCTGGTCCTGCCGGACCGCCGATGCCAGAGTTCGCAACGTACTGGTTGATCATGCGAACCGCGTCGAAGCTATTGTTTGCGAACTTGAATCCCCGTCCGTTGACGCGTCGAATTTCATCGCCAAACTCAAGTCCAGCCCGCTGAGCTGGGCTACCTGGAGTCACGTCGACGACTCGCAAGGAGGTGCGTCCCCAACCGTCTCGCTTCAGCACCACTCGCATCCCAAAGTAGAACTGATTCTGCTGCATCGGCGGCTGAACGTAAGGCAGAACTCGCGGCTGAACAAACGCCTGAGCTTGCCCGCCCTCGACTTGGACGGCTGGCTGTTGAACCGTCATTTGCTGGGCGAAACCAGCTGAAGAAAGGACACAAGTAACAACGATTGCCGAGATCAGGTTTTTGATTTGAGTCTTCATTTTCATTCCCTTTACTTTTGAAATTCGCAGCCACCATTGGCCGTTCTGATGACAATCCGATAGTTCAAGACCCGTGCCAAACGCGAAACACAGCGGCTTCGCAAACCGAAAAAGACTGGCAACACGCGGTAAAACGCGACTCAGAGAAACAAATCAAAACCATTCACCAAGGGTGCTTTCTACTCGAAGCCACGAATTGAAAGGCGCCCACAAAGCGACACAGCGCGATCAATTCGATGACATCTTCCGCCCGTATCACACCCACAACCCCTGCCTCGAAACGAAACCAGAAGCGGCATTGCATTTTGACGTTGCGGAAAAGGGCCTGACCAAACGCTGCAACAAACGAATCTCCTTTTTACGACCAGAGCAAACACTTCGGGCACCGAACTCAAGAACATGCGGAACGTGACGGCTTCAAAAAGAAAATGGGGACGCTACTTCGGAAAAACAGAAGAGGTTTTGTAGGCTTGGAATCGAATCGGCCATCATTCGGCAACTGCAATCGAGTGGCATCTCCCACCTCACAAGCAAGTCCATCATGGCAATTTTGCCGTCCCACAACGTGAAACGTGATCTCATCGAGAAGAAAACTTAAACATCGCCATTCGTACTGCCTCAATATGGACTCGGAAAACACCGCATCAAAATTGCAAGGACTCAACAAAGACCAACTCTCTTCAGAAAATCTTCAGAAATAACTGATTAGCCCTTGAGAGGTTTCCGATGATTCGTATACTTCTGCTCCACCGCTGAGAAGCGAAGCATGGAAGATGCAAAAGGGTGTTGCTGGTTGGCCAAGTTAGACCAATCAAACGCACTGCCCAAATTTTTGCCTTTCTTTTGAAATCGGGTTTACTTACGGTTGACACCAACCGAAAAAGTCATAGAATCCCGGACCCACACAGGGAAGCATCCTTGATGGGGACTACCTTTGAGTTGAAATTGCTCTATCCGTTTGCCGACGAGTCGGAAACAGATTGAGAGCAATTCTTCAGCTCAAAGGCACTCTCCAGCAGAAATGCAACACGAGAGTTGGTCATCGTATATCGATGGCTCGTAGTGGTTCATTCACTTGAACCATTGCAATTGATCTTTGACAATTTGTTTGTGAAGTAGATGGCATCTATATGATGACTCATCAACGTTGAGGCTTCGGCTTCTTCGGAAATGTGTCACCATAAAAACCACTCTTGAGTAGCGCTGCCGAAGGTAATCGAGCAATCGAAAACCTGAAGCACGTGTCGAAAGATTGAATTAAGAAGAATATCGTTATATGTGGTTTGAACACAGTGTGAAATGTTCCTTGAACGTTTTGCATTATAGCTATAAATAGTCGGTTCTCTTCAGGCTTGTTAACCTTCGGGTTGGTGACTTGGAAAGAATTGGATATTTGTGGTCAAGCTATTAAGGGTATATGGGGGATGTCTTGGCATTAGAAGGCAATGAAAGGCGTGTAAGTCTGCGATAAGCCTGGGGTAGCTGACAAATAAGCATTGATCCCGGGATTCCTGAGCTAACCGTGTGAACTGAAACATCTAAGTAACACGAGGAAGAGAAAGAAAAATCGATTCCGTCAGTAGCGGCGAGCGAAAGCGGAACAGCCCAAACCACGGGGGTTTCCCCTGTGGGGTTGTAGGACTTTACATATGAGAGTTACAAAGCTTTGGTTAACAGAACTGTTTGGAACGGCAGACCACAGAGGGTGAGAGTCCCGTAAGTGAAAACCACAAGCCTCTCGTAGAGCACCTGAGTAGGGCCCGTCACGTGAAACCGGGTCTGAATCAACGGGGACCATCCCGTAAGGCTAAATACTCTCTAATGACCGATAGTGAACTCAGTAGCGCGAGTGAAAGATGAAAAGTACCCCGGTTAGGGGAGTGAAATAGTATCTGAAACCATATACCTACAAGCGGTCGGAGCACTATGATTCGTTCAGTGTGACGGCGTGCCTTTTGCATAATGATCCGGCGAGTTGTCGTAATAGGCTTGGTTAAGGACTTACGGTCCGGAGCCCTAGGGAAACCGAGTGTGAATAGCGCGACCTTTGTCTATTGCGGCAGACGCGAACCCTGGTGATCTACCCATGAGCAGGTTGAAGCGCGGGTTATACTGCGTGGAGGACCGAACCCACTTAGGTTGAAAACTGAGGGGATGACTTGTGGGGAGGAGTGAAAGTCTAATCAAACCAGGAGATAGCTCGTTCTCTGCGAAATATCTTTAGGGATAGCGTCTGGTAAACTATGTCATGGGGGTAGAGACACTGATTTGGATGGGGGCCCTTCCCGGGGTACCCCACTGAACCAAACTCCGAATACCATGATAATTACCCAGGCAGTCAGTCCGTGTGGGATAAGCTGCACGGTCGAAAGGGAAACAACCCAGACCATCGTCTAAGGTCCCCAAGTAGTACTCAGTCACTAAGGAAGTTAGTTTGCTGAGACAGCCAGGATGTTGGCTTAGAAGCAGCCACCATTTAAAAAGTGCGTAACAGCTTACTGGTCGAGCAGACTTGCGCCGATAATGAACGGGAGTAAGTACTACACCGAAGACATGGGTTAGCAATAGCGGTAGCAGAGCGCTGTAAGAGAGATACAAGCCCAACCGTAAGGATGGGTCACGGCTCTTACAGGTGATTATGTCGGAATGAGTAACGATAAAACAGGTGAGAATCCTGTTCGCCGAAAACCTAAGGTTTCCTGGGGAAGGTAAATCCGCCCAGGGTTAGGCGGTTCCTTAGTTGAGGCCGAAAGGCGTAGACGATGGATAGCAGGTTAATATTCCTGCCCCAGTTTGTGGAGCGATGGAGGGACGGGATCCAGAATGCACGCGGACGGTTAGAAATGTCCGTGGAGTTCACTGAGTTGGGGGAATGTAAATGCGTCCCCATAATACAAGGTGTTCGACCAACCGGCTTGACCGGGATTGTGTTGGAAGGATCTCCAAGAAAAGCTTCTAAGCTTTGAAGCAAACTGACCGTACTAAAACTGACACAGGTAGGTGAGTCGAGTAGACTAAGGCGCTCGGGAGAACGGTGGTTAAGGAACTCTGCAAAATGGCCCCGTAAGTTCGCGATAAGGGGTGCCCCTGATGGTTTACGCTGTCGGGGGCCACAGTAAATCGGCTCCTTCGACTGTTTATCAAAAACACAGGACTC
CP042912.1_gap110	3641761	3643633	1872	CACTTGGCGAGTCAGCGCCGCTTCGGGTTTTGATCAGCGGCGAAATCTTGTATAACGCAGCGAAAAGCCTTGCTGGAATGAACCTTGAAACAGATCCTGACACTTATCATCCTCGCCGTGATTCTGTGGGTCGGATTTACGCAACTCAGGCAACAGATACTTCCCGGCGGCGCGAGACCGGTTGCCACCAATCCAGATCTGACGATCGATGGCCTTCCGGTGACGGAAATTTTCGCGTTTTCCTATGGCAACGTGATTGATGGCGATTCAGTTCGACTGACGGATGAATCCGGCGCCGAGTTTGACATTCGACTCGCCGCCCTCGATGCACCGGAATCGCAGCAGCCTTACGGCCCCGAGGCCAAACAGCATTTACAGAACTTGCTTGGCAGCAACGAAATTCTGGCGTGGCAAACTGGAGTCGATCAGTACTCTCGAAAAATTGCCTATCTGTTTATTGAGCAAGCGAATGGTCAGCTGTTCGAAGTCAACACCCAGATGATTCGCGACGGATACGCCTGGCACTACACGCAGCACAGCTCCAATCCCGTTCTGCAGTCGATCGAGCAACAGGCTCGCCAGTCAAGGCTTGGGCTTTGGGCCGACATGCAGCAACCGATTCCCCCTTGGGATTACCGAAAGCAATAGTCCAAACTTTGTGATCCCGCAGGCTTTTGAGACCTATCCAAGGACTGTGAACCGACGGTGTCGTCCCGTTTCAAGTTTTGACTCATGACTGCCGAAATCATTACTTTGATCGGCAAACCGGGTTTTGAATTGGAACGTTATGGGTTTTCTTCAGGGAAGTGTCACGTTTGAGCGATTTCGTGTGACGGAAGATCCAACCGGGGCGTTCTCCGATTCTCACATCGAAAAACTCAAGAAGTTCAAGATCGGTAAATCGAAGTCCAATCTGCACGAACAACCAGCGACAGGTTTCGCTGGCGGAGCTCATCTGCTGGACACCGATTTCGACGCCACGAAGAACATCATCGGCGAAGCCATGCACTTCGGTATCCGCGTCGACTCATGTCAAATTCCTGGCGGGATCAAGCGAGCCTGGACTGCGATCGAATTGGCGGGAATCATGAAAGACAACGAAGGCGGTCGTCCTTCGAAGAAACAACGTGAAGAAGCGGTCGAAGCAGTGGACGCACGCTGTGCCGCGGAAGCAGAAAAGGGCAACTTTTTACGGATGAGCGAGACTTCGGTTCTTTGGGACGCTGCAACCGAAACGGTTTACCTTGGCAGCACCAGCGAGAAAGCCAACGACAATTGCCTGGAGTTGCTCGATCGCGCGTTTGGTATCAAGTTCCGCCGCGTGACTTCGGGATCACTGGCAGTCGAGTACGCGGACCGTTCTGATCTGACCGCTGAGATGTTCAATACTTCTGCGACCGCGTTTCACCCGGAAGGCTCCAACCAGGTTGTGTGGTGGAACGGGATGAACGACAACTATGATTACCTTGGCAATGAATTTTTGCTTTGGCTGTGGTGGCACTGGGAGACGAAATCAAACGTCATCACGCTATCCGACGAATCTGAAGTATCCGGCATGTTCGCGCGAACGCTGAGCCTGGATTGCCCAATCGGCGAACATGGCAAGGAATCCATTTCAGCGGACTCGCCCGTCGCACTTCCGGAAGCCATCCTTGCGATTGGGATGGGCAAGTTGCCTCGCAAAGCCGGCCTGACTCTGGTGCGCGAGGATCAGCAGTACGATTTCACGTTGCAAGCGGAAACGCTTTCGATCGGCAGTGCTCGTATCAGTCAGATTGGCAACGACGATGTGACACGTGATTCAATCGATCGAATTGAGAGCATCCGACAGCTTTGCGAGACGCTTGATTTGTTATTCGAGGCATTTTGCGA
CP042912.1_gap111	3662478	3664934	2456	GTCCGTGCCGCCCTGAAAGACAAAGACGCCTTTGGACATGAAGTTGGAAAACACGATGCCATAAGTTAGCGCCGGGTCTTCGAGCGTCGAACCGTTTGCGTAGACGATGGGCTCCATCAGCAAGCGAACCACGTCCTCGCGGCCTGGGAAGAATTCCTCGAACAGGTCTCGCGTCGTACGATCCTGGTCGTCGTAAAAGTTCATCCCGCGCGCGGTGTCGAAAAATCGCGAAACGGTTTCTTCTTCGATACCGAAATCACTGGTCAACAGATTCGTAAAGTCCTTCCGATCGAAGGTCGTCGTCAAGGAGAACATCGGATTGTCGAAACGAACGCCTTTTAGTTGCACGATCGAATCCGCGATCTCTTTGGACCAATATCGACGGCAGCTTTTCACCATCCCGTATGGGAACCCGTGCAGAGAAATGTCAAAAATGTGGCCGCCAGGGCGTTTAAACCAGGTCGCCAATCCACCAAGCTTATAGTGCTGTTCGAGAAGCAGAACTTTCATGCCGTCACGGGCAAGAATGTTTGCGGCGGTCATTCCCCCGAGGCCGCTTCCGATGACGACGACATCGTATTCGTCCGAGGCTCCTTTTAGAAAGTCTTTGGGCATGGTTATCCGGGATGGTAAGTTACGTTTCGCGGGATCAGAATATGGCAAACCGGTGAAAAACTCAACGACTAACTGTGACCCAGCGACGTTTGCGGCTTCCTGCAATCGCGACGGTCAATTTCAGGCAAGCGAACATCACCGGCAAAAAGGGGACACAATGAACCAAACGATTCTTTGGGGATGGGCAGTTTTCACGATGATGATTGGTAGTAGCGTTGCCTCAGGGCAAGTCGAGGACTTCGATTCGATCAAACTCTATACGCTGAAAAACGCTTCCGGTGTCACCGTGAAGGCGACCAATTACGGTGCGATTATCACTTCGATTGTTGTGCCCGACCGCGACGGGAAAATGGCAGACGTCGCCTTAGGCTACAACCGCGTCGAGGACTACATCAACGCCGTCGACAAACCGTACTTCGGCGCCGTCGTCGGTCGCTACGGAAACCGTATCGCCAATGGTGAGTTTGAGATCAATGGCGAAACTTATTCCTTGCTGAAAAACAATGGAGCCAACCATCTTCATGGCGGAGCGATGGGTTTTGACAAAGTCGTCTGGACGGTTGAGAACTACGACGAGAGCAAGTCACTCAAGCTTTCCTATTTGGCGAAGGACCTTGAAGAAGGCTATCCGGGAAATCTGAAAGTCACCGTCACATATACGCTCGACGATGCGAATGCGCTGACTGTCGATTACTCGGCAACGACAGACAAAGCGACGCCGGTAAACGTAACGCAACACACGTACTTCAATTTTAAAGGCGAAGGGCAGGGCACGTTTCTCGATCACGAACTAATGCTCAATGCAAAACAGATGACGCCGGTCGATGAAGGTCTGATCCCGACCGGAGAGCTGTTGGACGTGGACGGAACGGCACTCAGCTTCCTGACGATGCGTCCGATCAAGAACCAGATCAACGACCGGCATGAACAGCTGAAGTACGGCGGCGGTTTTGATCACAACTGGGTGTTGGACAAAGACGGCAAAGAGGGCCAACTGACTCTTGCGGCCAAAGTCCACGAACCGGAATCGGGTCGTATGATGGAAGTCCACACGACGGAGCCCGGCATCCAGTTCTACAGCGGAAATTTTCTTGACGGGCGTTTGAAAGGCAAGTCTGGCAAGACTTACTTGCACCGCGGTGGTTTCTGCCTGGAGACACAGCACTTCCCCGACAGCCCGAACCAACCCAGCTTTCCGTCGACTATCCTGCAGCCTGGAGAAAGTTATCAGTCCCAGACCGTGTTCAAGTTTTCGGCAAAGTAGTCCGACGGCGAAGTACGATGCTGACCCGCCAGGCTAACGGATCGCCCAAAAAACTACAGCTTGAAAACCTTACGCAGCAGTTTCACGGCGCCCTTCATGGCGCTCACGGGTAGAGTATGTGGGCCGTCGAATTCTGTGAACTCAATGTTCATGTCTGCGTCTGAAAACATCGTGCAGAGATCGACCGCGACGTCGAACGGAAGGATTGGATCGAGCGTCCCGTGCGACTGGAAAACGGGGAACGAATGATTGCCGACGAGTGAAGTCCATTTGTCTTCGCAGATCAACGTTCCTGACCAGACAATCAGCCCACCCAGCTGTTTTTCGTGCGACAACGCCACATCGGTCGTCAACATGGCTCCCTGAGAGAACCCACCGATCACGATTTTGGCGTGAGGCAGTTGATATTCATTGCAGGCAAACTCGATTACTTCATTGATCATTCCGTTGCAACGAGGAAGCTCCGCTGGCGATTCGGACTTCAGCTTTTGGAATTTTCCCTGTTCGGCCAGCTGCTGAATTTCGTCGACGTCAATCATCCACCACGCGCGACTCTCAAAGCCCATCGATTCGCTCA
CP042912.1_gap112	3666058	3670406	4348	TGTTGCGTTTTGACCACAGCGGATTTTCAAATTGGTGTTTTTCTTCGGGAAACAGGCTGTTTCCCGATTTGGCACAACCGTTGCCTTTCTCTCGACACAGAAAGCATCCCAACGTCAGAAGAATGACAGGCCCTACCATGTCCAAGTTTTACCACTCGCTCGAATCAGAAAAGTACTTCCTTTCGTCACTTCAAAGCGATCAGCAAATCGCACGTCAGAAAGCAAGAGCCAGTGCCGAGCAGGCGATCACGAATCTGATCATCATTGTCCTGGCCGTCGCAGCAGGGTTCTACGCGATCAAGTCGATGCCAGTCTGGTTGCCGGTTGTCGAAAGCTCGTTCCACAAGATCACCAACTACCGTTACATCTAAAATTCAAAAATTTCAGATTTGGCTACCGCTTCCGCAAACGCCAACTTCAGACGCACTCCGACGGGTCTGAAGTTGGTTTTTTGTTTGCGCTGTTTTAAGAATTGGGGAACTCAATCATCGAGCTTGCGTCACAAGTGAAAATCGGGTCCGATGGACTTTCGATAATCATCTGTCGCCACAGGACTTGTCATGATCCGCATTGTCAGCTTCGCACTCTTCGTTTCAATTCTGGCCGGACTATTCGTTGCAACCGAAAGAGGATTGCTCAGCTCGGTTCCCGAAGAACAGGACCGCAAACAGCTGTGGACCGATTCGCAGTTGGATCAAAGCCGCGGGTTGCCAAAGTCTGCTATCGAAAAACTGAAAGCCATTCGAAAAAGTGCCGTCGCCGATGAGGCTTGGTCGGAAGCGACGTTGGCGATGTGTTCGCAGTTTCTCCTGGAAGGCCAGATCGATCAGCCGGTTTATCCGCACGTGATCAAGAAGCTACAGGCTGCGATCCCGGAGTCACCACAGCAGATGAAGCCGGTGCTCAATGTGATGCTGGCCGAATACATCTATCTATATTACTCGCAAAACTCGTGGCGGTTCCAACAGCGATCGCAAACGCAATCGGCTCCCGGTGATGACATTGAAGCCTGGGATCTGGCTCGCATTTTGGGCGAAGTCGACAAACATTTCACGACGGCATTGGAGGCCGCGGACGAGCTTAAAAAGATTCCAATCGGCGACTATGAAATGTTGCTGGAAAAAGGGACCGTTTCCGATCGCTATCGCCCAACGCTCTATGATTTCGTGGCGTTTCGCGCGTTGAGTTTTTATTCGCTCGATGAGCAATTCATACGTCAGCAAGATGCGTTCGAAGTCTCAGCCGACGGCCCGATTTTTTCTTCAACCAAAGAGTTTCTCAACTGGAAACCGGACACCACGGACGAAGATTCATATCGTCTCCGCGCGGTCACTTTGTTGCAGGAAGTTCTGCGTTATCATGCCGACGACGACGAAAACTCGGCTTTCCTGGACGCGGAGCTGATGCGGTTTCGATTTGGCCGATCGGTCGCGACCGGAAGTGAGTCCGGCGCCCGGTATCGAGCCGCTTTGCAACGTTTTTCTGATGATCACGCCGACCATCCGATCAGCACAGTGGCCTTGGCAGCGTTAGCGATGTCGATTCAGTCCGATGAGAAGGATCTGGTCAAAGCCAGAAAGATCGCTCAGCAGGGCCCCGCCCGCTTTCCCGCGTCCATCGGTGCAAAACAGTGCCGCAACGTTACCCAACAGATCGAGACCAAGTCCATTCAGATCTCCACCGAACGGGTTTGGAATGGGGATGAAGTCACCGTCGATGTGCGTTATCGCAACACGAGCAAAATCTGGTTTCGACTGGTCAAGTTCGACTTTCAAAACTGGAAACAGTGGGCTCAACGGCAATCGCCAAGCAATTTTAGCGGCGACGAGTTCACCCAACTGCTGAAACTTCCCATCGCAAAACAATGGTCGGTTGACTTGCCAGAAACCAAAGATTTTCAGGAGCGAACGGAGTCCGTGTTGGTTGCCCCGGACAACTTGAAGCTGGATTCCGGTTGCTACGTTTTGCTCAGCTGTTCCAACGACGAATTTGTTGAAGGAGTTAACGGTGAGTTCAACAGCATTTCAGTGGCGGAAGTCTGGATCAGCAAGCTGGCTGCGATCGTTCGACGTGGCGTCGGTGAAAATCAGTTCGAAGTTCAGGTCTTTGACGCCATCAGCGGCTTGCCGATCAGAAACGCGACAGTCGACAAGGTAGCCTGGAAGTACGAAGGGCGCAAAAGCTTTGAAACGGATCGGCAGAGGGCTCAAACCGATCAGAATGGAATGGCAAAGCTGAAGTATCTTGACCGCAACAACATGGTCAAGTTACAGATCCAAAGTGGCGACCAAACGCTAGGTATCGTGGATCGCATTTATGGCGGCCGCTACCGAAATCGAACAACGCAACTGCAAACGGTGTTCTTCACCGATCGTTCCATCTACCGCCCCGGTCAGACGATTCAGTTTAAAGGCATTTGCTATCGGGCCAACACGATGACGAACAAGTACTCGACGCTGATCGGTAAGAAGGTGACCGTTTGGCTGTTCGATGCGAACAATCAGGAAGTCGAAAAGAAAGATTTCACGGCCAACGAGTTTGGTTCTTTCTCGGGCAGCTTTACGGCACCGCGAAACCGCGCGACCGGTGTGATGCGAATCCAATGTTCGGTCAACGGTAACACTTCGATTCGAGTCGAGGAGTACAAACGCCCCAAGTTCTTTGCCGAAATCGACAAGCCGGCCGAAGCGTTCCAGCTTGGCAAACAGGTCACAGTCAAGGGAAAAGCGACGGCTTACACGGGCGCAGCAATCGATGGCGCGAAAGTCACCTGGCGCGTCGTGCGAACCGTTCGCTATCCGTCGTGGTGGCGTTCGCGGTTCTGGTACCGGCCGATGCAAAACAACAGCCAAGAAATGGCCAATGGTGAACTGAAGACTGATATCGAGGGCAAATTCGAAGTCACTTTCACGGCGGAACCAGACAATTCTGTGGATCGAGCAAGCGAACCCGTGTTCACTTATCAGATTTTCGCCGACGTGACGGACACCGCTGGGGAAACGCGTTCGGCTTCGCAGACGACCAGCATTGGCTACACTTCGCTCGAAGCCAACCTGAGCGCCGAAGATTGGCTCACGACGGATGAAGATGTTTCGCTGTCGTTAAAGGTTTCCACGCTTGATGGCGAAGGCCAATCAGCGAAAGGCAAACTGAAGATCTATCAGCTGACTCCGCCAGAAAGAGTCGCTCGAGCCAACTTGGGCCGACAATATCGCTGGGGCTACAATCCCGATCAGGACAAACCGGACTTCTCGAAAATCAATGCCTGGCCGACTGGTGCGGTCTTGCAGGAGATGGATGTCGCCACCGATGATTCTGGCAAGGCGGAAGCCAATGTGCGTCTCGATGCCGGAGCTTTTAAAGCTGTTTTTGAAACGACGGATTCTTCCGGAAATCTGGTCAAAACGGAATTGCCGCTGATGGTGAACGACGTGACGGGAGACAAATTCGCGATCCGCATCCCGCACCATTTCCAACAGAAAACAAAGTCTGTGGAACCTGGCGAGGAGTTTGTGGCGATCTGGGGTACGGGCTACGATTCCGGCCGGGCGTTCATCGAAATTTCGCATCGAGGAAAAACGATCAAGTCCTGGTGGACCGGCGCGGAGTCGACTCAGCATGTGATCAAGTTTCCGATCGAGGAAAAGCACCGCGGTGGTTTGCAGATGCGAATCAGCTACGTTCGCGAGAACCGCAACTATTCGCAGCGGCACAGCATCAATGTGCCGTGGACAAACAAAAAGCTGGCCGTCAAATGGGAGCACTTTGTCTCCAAGCTTCAGCCGGGCGGAAGGGAAACGTGGACTGCGGTTGTCACTGGTCCTGATGCCGAATCTGCCGTCGCGGAAATGGTGGTCGGCATGTATGACGCTTCGCTGGACGCTTTCGCGGCTCATCGTTGGAGAGACGCCTTCAACGTTTTTTATCGCGACCGTTCTCCCGTCAGCCTGAAGTTTTACAACTACGACCAGTTCGGTCGAATAATCGTAAACAAAACGAACTTCTCCTACGAAGACGCAACGCGATCGTATCGCAAGTTCGACCAACGCACAGGTTTGTATCAGTCCGTTGACTATTGGAGCGGCGGAATCAGTCGAGGCGGCTACTTCGGTAGAAGTTTCGGCGCGATGGGCCGTGGCGGCGGTTACGGCAGTCGCAGCCAAATGGGTTTCGGAGGAGGTGGGCTCGGCGCATCCGGTGGTATGGAGATGGCAGAAAACGAAATGGCGGCTGACTTTGCTGCACCAGCCCCAAGCTCCCGGATGACCAAATCCGCGGTGAGCGCCAAGAAACCAGGATCCGGTCCCGGCGGTTCCGCCAGCGCGAGTTCCGGCGTCGATCTGAAGCA
CP042912.1_gap113	3712716	3713812	1096	CGGTAAACAGTACCGGGACGCTGAAATTGCTTCAGTCCACGGATTTTGAACAACCAGTCCAACTGGTACAGCCCATCAAAAACACGGTAGCTATTACAGGATTGGCTTCTGGCACGGCCAATGCCTAAAGGGTTTGACAGTGACAGCCCAAGTCACCGCCCATCAGAAATCATCAAACTCATGAGGACATCGCCATGAAGACCCGCACCGAAATGTCACATTCCAATCAGCACCAGGCAGACGAATTTTACGCCACCGCCCGAAACCGTTTTCAGTCCAACCGTACACCGGAGATTTCGTTTGTCATTCCGGCGATGAACGAAGAGGCTTCTCTGGCTCAACTGGTGATGCGAATCGAAGCCAACGTCGATACGGACAACTTCGAAATCATCCTGATCGACGACGGCAGCACCGACGATACGTGGGTTGTTATTCAGGCACTTGCGGACGTTTACGACTACGTTCGCGGACTTCGGTTTCGCTCAAACCGCGGCAAAGCAGCTGGCTTGCAGGCCGGTTTCGATATTGCCGAAGGAGATTTGATCTTCACGATGGACGCGGACCTTCAGGACGATCCCAAAGAGATTCCTCGCTTCATCGAGAAAATCAACGAAGGCTACGATTTGGTCAGCGGCTGGAAAGCTGTCCGCCATGATCCATGGCACAAGGTTTTGCCAAGCCGCATCTTCAATCGAATGTTGAGCTATTTCAGCAATGTGAAGTTGCACGATCACAACTGCGGATTCAAGTGTTACCGCCGCGAAGTCGCGAAATCAATCAAGCTCTTTGGAGAGCTTCACCGCATGGTTCCTTCGCTGGCCGGCATGCAGGGTTACAAGGTCGCCGAAATCGTGGTGGAGCATCACGCTCGCAAGTTCGGTGTCTCAAAGTATGGCGTAGAACGCTTCATCCGTGGCTTCAGCGACATGCTGACTATGGGTTTTCTGAGAGTCTACGGCGAGCGCCCATCTCACTTCGCAAACTTCTGTGCTTTCGGATATGGCGTCTTTGCAACTTGCTTGGCTGTAGCCAGTCTGATCATCGGAATTCCGACAACAGCCGGCATCGTAACTCTAATGACCGCATTAATTTTCTC
CP042912.1_gap114	3781364	3785031	3667	ACATTATCTGGGCGAACTCGATTGCCGACACGAAAACTTCCTATGAATCGCTCGACGAGGAAACGCTCAACAAACTACTGGACCTCTACACGAAGGCTTACCGCAACAAACAGGACAACGTCCTCGTCCTTCAGTCGCTGGCACGACTGTCTCTCGCCAGCAACGAGGTCATCGCGGAGAAAGCGAGAACTGTTTACGATCCGAATGCGGACGTGGAAGCTCCTTCAGCGGTGCTGAATCAACTTGGAAATCACGCTTTGCTCAACAAACGATTCTCCGAAGCGATCATGTACTACGAGCGGGCAAGGGAAAAGGCTCCTCGAGATCCGGCGGTTCTGAACAATCTCGCCTATTCTTACCTTGTCGCTCAGGATGATGAGCGTAACGCTGAACGGGCGTTACAGTTGATCAATGAAGCGATAAAAAACATTCCGGCCGGATTCGACCCGTATGAAGCGTCAAAGTTTTTACACACCAAGGCAACCGCGTTGAAGCAACAGGATCGCCTGCAGGAAGCACTCGCGGTTTATGAAAGAGCGTTGAAGTCTCGTCCGGACCACGCCGACACATTGCGGTCGCTGATTGAGTGTTATCGCGGTCTCAACAAGCCGCCGCCGGAGCAATACAGCGAGCGACTGGCTGAACTCGAGGAGGAAATGCGACGGAATCAACCTGCGGCTCCCTAACGGTCATTGCCGACGCCGCTTTCGTAGCTGCTGCGTTTAATCGCACAGCGTGTTGGCGGTAACAGACTTGTGTTGCTAGACTGTTGATGAGTTTCCGCCCAGTTATTGCTTAAGATTATGGTTTTCAACCGAAACGAAGACGGGTTTAACAACCGCTCATTTTTCTCTCTCCTGATGGCTCCCTTTCGCGCTATTCAGGACTGGCTTAAGGACGCCATTTCCGGCGACGACTCGTTCCGCTCGGATCAGGGAAACGTCATCGTCAGATTCATCACGCTGCCGTTTCGGTTGCTGTGGGGATTCTTGGTCTTCATGGTTCAGGCTTGGACGACGTCCCGAAACGGGATTGCGTTTTTGCGTGGGCTTCCCGCGTTCGGGATTATCGCCTTTACGCCATTCCTCTTGTGGTTGGTCAATAACTACTCGCGTCAGATCTCGGTTGGGCCGACGATTGGATATCACAAGATGCATCTTCGGAACGGAGCCGATGAATACGCTCAGCTGTTTTCGAAGAAACTGGTCGAGCTGGAACCGGAATCCAAAGAATACAAGTACATGATGGCCGAAGATTACGCACGTAACGGCGATATCGGCAAAGCAACGCGGATCATGGAATTTCTGGCCGGAAGTACTGACATCACGCCAACGGCACTGGTTTCCAGCCCGGAGCCAACGGATACGGGCAATCCCCTGGATCCACCAACCACCGACGATTCGAGCGATCCAGACGTCGATGCTGCAGCAGAAAGCGCGGAGCCGGAGAAGTACGCCCAGGCTCATGTCTGGCTGTCCCAACAGCTCATTCGCAAACAGCGGATGGAGGGAATGGATGAAGCGGGAAACACGAAAGCCATGGCTCACCTTCGTGCGGCGATCGCTGCCGATCCAGAAAATATTCGAGCGAAAGTCAACCTGGTCGATCTATACCTGACCCGCGCCCGATCTATGGGCCCTGACTCTGGCGAATACAAAGAAGAAGAATACATCGAGAACCTGAAGCTCGCGCGTGAATCACTCGAGGCCCTGACACGGTTTCAAAACTTCAATCGTATGGAGCAGGTTCTGGCCATGCCGCAGTTGGTTGACGTTTGCGTAAAACTTGGCGATGACGCTGCGGCAAAACGCGCTCTCAATGATGCGGCGTCGAAGGTCACCAGGATCGCGCGGCTTAATCCGGAAATTTACGAGATCTGGTTTTCGCTGGTTCAGTGTGCCGTAGCACTCAAGGACTACAAACGTGCCGATGAGTTTATCAAGACCGGATACCAGAACGTCAAGACTCAGGAAACACGACGTAAAATTATGCAGCTTTCGTCGCTGGTGTTTATTCAAAACGCGGACGATTTTAAAGACATCACGATCGAAAGAAATTTTCGGCTTAGGCTGTTTGCGCTTTGCAAGGCGATTGCAACGAACCCCAGAGACGTGAAAATTTACGATCGTTTGGAAGACTACATTGATGTCGATGTGGATGAAGCCCAGCGAGAAGTTTGGTTGCGGAACTCGATTCTGGATTGCCCGATTCCGGGCGTGGTTCACATCCTGATCGGAACTCGTGAGCTTATTCGCGGTGATGTGGTCGCGGGTAAAACCAGCTGGGACATTGCACAGCACCAATTCGGGACGACCGAGTTCGTGATCCATCGTCTGCTTTCGATCGCGATTCGCAAGGAACCGAAGTACGGCGAAGGCGATTTGCTCAATACGGCATTACTGTTGTTCCCGGACCAGTACATGCTGTACGAAACCCGGGGTGCGATCAAAAAAGGCAGAGGTGAATTCACGGAGGCTATCAAGGACTTTGAATTCGTCATTGATAAAGTTCCGGATTTGATCACCGTTCAAAAACACCTTGCGGACTGCTACGAAGCCATTGGCAATGCAGAGAAAGCGTCGTTCCATGAGAGTCGTGTCGAAGAATTGCTCGATCAGGTCGACCAGAAACAGCGTGACCTGTACGAACGTGAACTGAACAAACTGTAGATCGCGTTTGTTCGCTTACCGTCCAACTGCTGCCCGCCAGTACGAACTGCAAAGCTTCACCTTCGTGATATCCCAGAGTGAAGAAGCAAGTCGGCACGTACCGACGACGCCAAGCACTTCTTGCGAAGTTGATACGTGCTTTCTCAATCTGGATTCTCGGCTACGCGTCGGCGAGCTTGACCAAAATGTCATCGCCGTCAACTTTGACTTCGTGAGAACCGGTGTTCTGCGTTGCCGGCATGCACAAGGCTTTCCCACAGCGGACATCGAATTTGGCGCCGTGCCGAGGGCAGGCAATTGCAAACCCTTCGAACTCGCCATCACTAAGTGTGCCGCCGTCATGCGTGCACACGTCATCAAGACAAAAGTAATCGTCGCCGACCTGAAACAGGATCACCAGCTGATCGTCGACTTCGACCAGCAGTTTGTCGCCCGAGCTAAGTTCTGATCGGGTTGCTGCTTTGATAAATTCGCTCATGTTGTCATTCTTGAGAGTTTAAACTCTTCATGCGTCCGGGTTGGGAGCGATCGGAACACGAGGTTCTTTCGCCAGAGAAAAAGAAAGCTCTTCGTACCACGTGCTGTCCGAATCAACCAGCTTCTGGATTCGTTTCCAGATTTCAACCGGAGGACCGAATCCGCTCCAGTCAACGGTCAGCACGCGAACGCCACGGCGACGCATTTCAGATAGAAGCTTTTGATAGTTACCGTAAAGTTGCTGCAAATAATCCAGTGGCACGCCTTCTTCTTCGCTGCGACCGCGGGAATGCATTCGATCGTAGCATTCTTCTGGTGAAACATCGAGATAGACGAACACATCCGGCGGCATCACGTCACGGCTCATGTTGCGATACACATCAACGTACAAATCGTACTCTTCTGCCGTCATAAAACCACGCTCCATCGCGGTGGTTGCGAAAACAGTGTCGCCGTAGATCGGACGGTCCTGAATCACGATCGTTCCGTTGGATCCCCAAGCCTGCTCGACCGCCAGACGG
CP042912.1_gap115	3900200	3905094	4894	ACTCTCATGATTTGTCGCCTTGGTTCTTGTAATGATTCGCGTTGAGATTGGCAAAACGTCGTGCCCCGTTTAGCAAACCAGCTTGCCTCAACCGGACAGTGCTGCGATAGCCGAAGTGCCTCGAAGTGGAAACTGACCTCGCAAGCAGAGACTCACTCCGCATCTAAACTTCTTCCACCGAAACTGAACATTTGACTTTCTCTTTCGAGATCAAAGCCGGCCAGTAGCTGATGATATCTGTTGCTTTCGGCCGACCACCCGCGAAACCGGTTACTCCTGGAGGCCCACTGGTCACCAACGGCACGATCTCCATACCCAGCCGATTCAGTTTGTCTTTGTCATGGCCTTTGGCTCCGATCCGAAGCACAACTTCGGCGGGTTCTTCGGGAGCATCCGCGATCCCGGCGTGGCAAACATTTGTACCAAGGATTTCGACGAATCGTTCTTCGGGAGCAAACTCGACTCCGTCCAGCGCAACACGATCGAACACAATGTCGGCACAGAGTTTTGCTTTCTCGACCGCGTCGGGGCCAGCGACGGTCAACTGGCCGACCAACTTGTAGCCATCCTTGAACGAGACCGATACTTTGTAAGTATCCGTTGCCGCGGCGCCACGAATGCCTGAAACCTGAACGCGGTTCTCGGATTCCTGCTGCAATTGAATCGAAGTGAAATCAGCGATGCAATCGGGCGTGATGTAGCACGATGGATCGCCCATTTCGTAGACCAACTGCGACGAAACGGTTTCCACATTGACCAGCCCGCCGGTGCCTTCGTGTTTGGTGACGACAAACGTTCCGTCGGGACTGGCTTCGATCACGGGATAGCCCATCCTCGCCATGTCGGGCACGTCTTTCCAGCCGACAAAGTTTCCTCCCGTGCACTGGGCTCCACACTCAACAATGTGGCCCGCGATCGTTCCGGCCGCCATCATGTGCATGTCATCCAGAGACCAACCGAATTCATACATCAGTGGCGCCAGAACCACCGAAGGATCCGTGGCTCGCCCCGTGATCACAATGTCGGCGCCTTGCTGCAGAGCTTCCACAATCGGTTCGGCTCCGATGTAGACGTTGGCGCTCATGACTTTATCGAGATACGGAGCCAGTTCTTCGCCAGTGTCCATGTTCTTGAACTTTTCGCCGCCGTCGATCAGCGATTTCAGATCGGACAGAATGTCATCTCCTTCGACGACTCCGATCTTCAACCCTTTGATGCCAAGTTTTCGGACAACATCCGCCACGGCGGCGCGACATGCCTGAGGGTTCACGCCGCCTGCGTTGGCAACGATCTTGATGCCTTTCTCCCGGCAAACGGGAAGCACGCGTTCGACCATGCGAACGAAGTCCGTCGCATAGCCCGCATTGGGATCACGCATCTTGAGCTTTTGCATGATGCTCATCGTGACTTCGGCGAGATAGTCCAGCGTCAGATAGTCGAGCGGTCCTTCGTTCACCAAACGAATGGGTCCGAGGATACTGTCCCCCCAGAACCCTTGCCCGTTAGCGATCAGAACCTTGTCCTTATTTGGCATTGGCGGCCGTTCATTTTCGATTGCGAGAAAAACTGCTCTTAAATTCTAGCCGACAAAACGAAATCGTTCGACCGGTAGTGGATCGCCAGATCGCTTGCCAAATTTAAAGACACCGTTTTGCCGCGAGAACCGACCGCATCAAGCTTCGCTACCGACGTTCATGACCTTGTTCCACGCCTTCGCCAGAACCTCCACCGAGTGGCGAATCTGTTCTTCGGTGTGGCTGGCCGTCATGAAAATCCGCACGCGCGTTTCTTCCTGAGGCACTGCCGGGTACAGGATCGGCTGTGCGTTGATGCCTTGCTTGTACAGAGCTTCCGACAGCAACAGGGCACGTGAGTTGTGGCCGCAGATAATCGGAATGATCGGTGTCCCAAGCGCCATGCCAGTATCGATGCCAGCGTCCTGAGCCAGTTTGAGGAACAACTGCGAGTTGCTCTGCAGCTTCTTCACCAGATGCGGGTTGGCCTTGAGCATTCGCAATGAACCAAGTGCCGCGCCTGCGTTGGCCGGAGGCATTCCCGCGGCAAACACATATCCTGGTGTCGTGTAGCGGAGAAACTGAATCAGTTCTGCTTTTCCGGCAAGGAAACCACCACAGCTTCCGAACGATTTGCTCAGCGTACCCATCCAGCAATCAACATCGCCGCGATCAACACCGTACATTTCGCCGATGCCGCGACCTGTTTCGCCAAGCGTGCCGATCGAGTGGGCCTCGTCGACGTACAGCCAGGCTTTGAATCGTTTCTTGATCTCGACAAAGCGAGGCAAGTCCGGATAGTCACCGTCCATGCTGTAGAGACCTTCGACTGCAATCAAAACTCGGCGGAAATCGCGACGTGCGTCCTTGAGGATTTCGAAAAGGTCGCGCCAGTCGTTGTGCTTGAACGGTCGGCGACGGGCACCAGAAAGGATAGCTCCCTGAACGATACTGTTGTGGGCAAACGCGTCATGGACAATCAAATCCTGCGGCCCAACAAGGTGACCAATGATGGTTTCGTTTGTTGCGTGGCCACCAGGAAACGTCATCACGTCTTCGACGCCGAGGAACTCGGAAAGTTCGGCTTCGAGGTCGCGATGAATCGTTTTCTCACCCGACACAATTCGGCTGGCCGAAACCGAAGTTCCGAACGTATCGATTGCGTCTTTCGCGCTGGCGTTAACATCTGGATGCCCCGAAAGCCCGAGGTAGTTGTAGCTGGCATAGGAAATCAGTTCCCGGCCATCGATTCGCGTCATGTTGTCGACCCGGCCTTCATGAACGCTGAAGAACGGATTTCGAACTCCGGAAGCTTCCATCTGTTTCTGCTGATCGTTGAGCAACAGGAATTCGGGAAACTTGGTGAGGTCAAAATACGACTCTGGAATCGGGCCGCTGATCCGGGATTTGCTTCCGCGACCGCCGACAGGTTTTCCGTTGGTCGGTTCAACGCCAATGTGTTCCTGAATCGCAGCCGCCACATCGCGAACGGTTTCAATTTCCTGTAGCACATCTTCTGGCAAACGCCCACCGAAGGCTTCTTCGAGCGTGTGTGCGATGTCGAGTCGCTCAACCGAGTCGAGGCCAAGGTGCACGATGTTCGTATCGATGCCAACATTGTCGGCCCGGTTGCCAGCTGTACTCGTGACGACCTGAATTACCGAATCAACGACGACAGGAGACAGGCCTTCTGCGGTGGCCGCTCCATTGCTCGAACTGTCCTGCTGAGACGGTTGCGAGACAGGTTTCTGTTGAGTCTCGTGTTCCCAGGAAATCCATTCAGCGACAACATTTTTCAGCTGACGCTTTTCGAACTCGGCCTTGCAGGCATGACGCTGGACTTTTCCGCTGGACGTTTTCGGAATGCTGTGGCCCCGAACCAGCACGATCGCATCCGGCGGAAGCTCGTGCTCTTCGGCAATTTCGGTCCGAATCGCCGTGAAAACTTCATCCCAGTTACGGCTCTTTCTCCCGCGGTCGACTTCGCAAACAATCACCAGGTGCTCACGGTCCCAACGAGTCACCGCAAAGGCTGCGGCACCACCGGAACGCGTCGATGGATCGCACCCTTCAACCGTAGCCTCGATATCCTGAGGATAGCGATTCACACCGCGGACGATGATCATGTCCTTGAGCCGGCCACAAACAAACAGCTCACCCTGGTGCATGAATCCGAGGTCGCCGGAGCGCACGTAGCTCTTACCATTGTCGGGGCTAAGTCGAGCCTCGAAAACTTCAGCGCTCATCTCGGGTCGTTCGAAGTAGCCGACCCCGCAGCTTGGACTGTTAATCCAGATCTCACCAATTTCATCTTCCGGGAGAGCTCGCCTGGTTTCAGGTTGAACGATTTGCACATCTTCTTCCGGAAGCACCTGCCCGCAACCGACCAGGTTTCTGCCCACGCGATCGTCGGCTTCCACCTCGACAACACGGTGCTGGACCAGTTCGTTTCGATCAAAGCCGCGGATCACAGGGGCTTCATCACGGCGCCCGCCGGTCACCAACAGCGTCGTTTCCGCCATGCCGTAACATGGATAGTGGGCTTTGGGATTGAACCCGTAAGGACCGAACTTTTTGTTGAACGCGTCCATCACGTCCGCGCGAACCGGTTCGGCTCCATTGAAGGCAACTTCCCACGAGGAAAGATCAAGACCTTCGCACTGTTCTTCTGTGATTTTCGTCGTGCACCATGCGTAGGCGAAGTTCGGACCGCCGGTCACGCTACAGCCGTAGTCTGACATGGCCCGCAGCCAGCGAATCGGATACGTCAAAAATGCAACGGGCGACATCATGACCTGAGTCGCACCCAAAAATAGCGGATTAAGGATGCCACCGATCAGCCCCATATCGTGATAGGCGGGCAACCAGGTGCAGGACATGGTTCCGTTGCTGACTTCGAATGCCTGCGTAATCATGCGGCAATTTGAAATCAGGTTGTCGTGGGTGAGCACGACGCCTTTGGGCGTTCCGGTTGAACCGGAGGTGTACTGAATCAGCCCGACATCTGACGAGCCGACTTTTGGAGAGACCCAGTCGTTGGCCATGTCATTGGTGACTTCATCCGTCGCGATCCATTCGAGGCTATCGAGGTTCGGTGCATCTGCTAGCCATGTGCGAGATCGCTCAATAACGGTTCGAACGGTTAGCGCGACAGCAGCATGGCAGTTTTCCGAAATTGAATTGACGCGGCCCATGTTTCGGTTCCGCCGCGGCGGGTAAGCCGGCACTGGAATGACGCCTGCGTAGTGACAGCCCAGAAAAGCGCGAATGAAATCGAGCCCAGGCGGATACATCAGGACCGCGCGCTTGCCAGCAAAGCCTTTGACAACAAGTGCCGCAGCGATACTCCGCGCGTCTTCGTCAAGCTTCGCATACGTCAC
CP042912.1_gap116	3906433	3907954	1521	AGTGATACTTTTCAGCCGGTCGTGCATATCGTAAATGACTTCGGCAAGCGGCAAATCATAAGACAACATGACTCGCGTCGCAGAAAGGTATTCTGTGTTCTGCAGCAGCCCGCGACGCTCGTTGCACAGCTTCATCACCGGGCCGACAAATTCTTCTGGTTGAATCAGGTTGACCCGAACGATCGGCTGGCGAAACTCTTCGATGTCGCCGGAATCAGGAACTTCCTGCGGTCGGTGAATGTGCAGGATTTCGCCCCGCTTGGTAAGGACCTCATAGGTCACGTTGGGAGCAGTTTGAACCAGATCGACGTCTGATTCCTGCTCCAACCGCTGCTGGACGACTTCCATGTGCAGCATCCCAAGAAAGCCACAGCGAAACCCGAAACCGAGTGCTTCGCTGGATTCCGGAGCGAACTCAAAGCTTGGGTCGTTGATCGCCAGTTTTTCCAGCGCCTCACGCAGCTCTTTAAAATCCTGACCATCAGACGGATAAAGGCCGCAATAGACCATCCGTTTGGGTTCGTGATAGCCCGGCAAAGGCTCGATGTCTTTTTCCGAATTGAGCGTTACCGTATCGCCGATATTCACATCGTTGAGCGATTTGATGTTGCAGACCAGATAGCCGACCTGACCAGCGCGAAGCTCGTCACATGGAGTTTGCTGCGGGCGAAACTGACCGATTTCGACGACTTCGTGAATCGTATTGGCGCGAACCATCCGCACCTTTTGGCCTTTGCGGACCGTGCCGTTCATGATTCGCACATAAGTAATCGCGCCCCGGTACTCGTCGTAGTGCGAATCGAAAATCATGGCCTGCAATCCAGCCTTCGCATCACCTTCAGGCGGCTTGATTTTCGTCACGATCGCATCGATCAAGCCATCAATATTGATCCCGGTTTTGGCGCTGACGCGCACCACGTCTTCCGCATCGACACCCAACGTCTGCTCCATTTCCTGGACCACTTCGTCGGCGCGTTGATGCTTCAGGTCGATTTTGTTGACGACTGGAATAATATCGAGGTCGTGTTCGATTGCCGCGTATCCGGTAGCGACCGTTTGTGCTTCGACGCCCTGAAACGCATCGGCCAACAGCAACGCGCCTTCGCAACAGTTTAGCGAACGGGAAACTTCGTATTGAAAGTCAACGTGGCCAGGCGTGTCAATCAAATTCAGCTCGTACGTCGTACCTTTGTGCTGGATCGTCATCGCGACGGCGCGGGCTTTGATCGTGATCCCACGTTGCCGCTCAAGTTCCATGTCGTCGAGCAACTGTTCCTGCATGTTGCGTTTCGCGACCGAGCCGGTGTGCTCAAGGATACGATCGGCAAGCGTACTTTTGCCGTGATCGATGTGTGCGATGATGCAGAAGTTGCGAATATTGGTTTGGTCGATTTTTGCCATCAGGCTTGCTGACCTTTCAGAAATTCAACGCGAGCCAATCCGGCGGCTCCGATATAACCGGCGTCACCACCGAGTGAGGCGTAGCAAACGACAAGCTCTTCGGCCAGGACCGGGAACACC
CP042912.1_gap117	3909626	3910712	1086	CAGCAGCAATCGCGATCGTGGCAGTCGTTCCGAACGAGGAGGTTCTGGGAATGCAAGCCGTGGACAATCCTTCAACCTCGGCGGCGGACGGGGCGGAGCCAAAAAAGGTGGCGGAGTTCCTGCCATTGGAATGGCTTCTCCAGCGACCGCTGGAGACGGTAACAAAGCTGCCGAGGACGATTTTGCGGCACACGACCGAGACAACGACGGCGTGCTCAAGCGAGGCGAAATGCCGCGTACACTTCGTACCAAGTTCACCAAAATGGACACCAACGGCGACAAAGAAATCGACGAAGACGAGTTCTACGATTACATCGACAATCAGTAGTCGAACTTCAGAATAATGATCGTCCCAAGATCTGTTTGATCCGAGCCCAGACTCTGCAGACGACTTGAAAAAACAAAGCCGAACCGTGCTCCATTGCACGGCTCGGCTTTTTTATTTGGCCATCAGAATACTGTTGGCCTAGTTGTACAGCACACAGGCGTACCAAAGTCCGTCAGCACCGCGGCTGACACCGATCTCGGCAGTCGGTCTCTGCCCCCAGTAGCAACACTGCTGGATCGCAGCTTGAGCCGACTGGCTTGACCAACCGACTCCTTCATAGCGGGCTCCGCCCAGTCCGCCGCCAATGTGGCCGCGAATACCAGCACGTGCAGCCTGCTGAGCTTTCCTTTGGGCAAGGCCCGAAGTGACTGCTCCGACGCCGTTGCTAACAGCTTGATAGCCTGTCGACAAAGTCGATCGTACGGGAGTCGATCGGGATGCCGAATAGCGGGCTGGCTGAATCGCAACTGGAGTAGGCGCCGCTGCGTAAGGTGCAGCAGGCAATGCAGTCAGCGTTCCCGGAACCGCGGTGGTTGCCGTCGCAACAGACAACTGATTCGCGGCCGGGTAAGTCGCAAAGGTTTCGTTGACAGGAGCCTGATAGGTAGCGCTGACAACGGAACCGGGGAAACTGGCAGTAGCTGGAAGTGTTTGGGTCGCAGACGACGAGTACACAACCTGTCCGACTGGATAGGCGGCACTGGATGTCATCTGTGGTGTCGACGATACGTTGGTCGAAGAGAAATTAACCGATTGCG
CP042912.1_gap118	3913763	3916498	2735	ACTTTTTCCTGCCACGGTTTTTCCGTTTCGTGGTGGTAAAGATGCCCGGGGTTGTAGCGAACTTTGTCGACGTGAGGCGCGACCAACGTGACCAGGCGATAGTTCTCCTGCAAATCGACCGATAGGTTGGCGGTCGACTGTTTGCGGATTTCCGCCAGCGCTTCGGCGTCTTTTTTGCTATCGACGGCGATACGGACCACGTCGGCACCGGCGTCCTGCATCAGTTTGACCAAGGCAACCGTCGCGTCGACGTCTTGCGTCTTGGTGGCTGTCATGGATTGAACAGCGATCGGGCTGTTGTCGCCGATGGTGACCGATCCGATGCGGACGGGCCGAGTTTGATTTCGTTCGATTTTGACCACGGAGGGTTCCTTCTGGTTGACGCGTCGCGGAAGCTGTCGGTCGGAATTTTCGGTCGGATTTGCCGAGAGGTTGAGTCTCCCGCTACAGCGCCATTTTGCTCCATCGCCTGGCTTCCTACAATGTCGCCATCGCAATAATCGTAGCCACGGAGCTTTCATTGGCGTCGCCAAAATACCAACCGCAACTTCATGTCGTTCTTCATCAGCCCGAGATTCCGCCCAATACGGGTGCGATTGGGCGGACCTGCGTTGCCTTGCAGGCGAAACTGTGGCTGATCAAGCCGCTGGGGTTTGAGATCACGGAAAAGACGCTGCGGCGAGCCGGATTGGATTATTGGCAGCACCTCGAATGGGAAGTCTGCGAGAACTGGCAGGACTTTCTGGACAAACGGGAACCAGATTCGATGTGGCTGTTCTCTCGCTTTGCGACCAAGAGCTATTTGGAAGTCGATTATCACGTTGCCACGACGCTGGTGTTCGGCTGCGAGACGGCGGGGCTTCCCAAATCGATCACGGAACAGCACTCCGATTCGTTGCTCAGAATTCCGACTCACGAAAATGTCCGCAGCATCAATTTGAGCAACGCCGTAGCGGTCGCAGGGTTTGAAGCGGCCAGACAGATCGGACTGAGCCTCTGATTTGGCCGCGATGAAAAAACCTGGAAAGAAATTTCCAACAGGCCTCGACATCAAGCATCATCTCGCTAGTATATCGCTGCGGGATGGAGCAGCCCGGTAGCTCGCGAGGCTCATAACCTCGAGGTCGTCGGTTCAAATCCGGCTCCCGCAACTTAGCTTGGCATGGCAATCTAACGATCGCTGTTGTCGAGTCTACCGCTCAAAGGCCGATGTTCGAAAGCAATTTCAAGCATCGGCCTTTTTCGTTTGTCTCTGCCGTTTTTGTCTGCGGCCTCCCACCGATATCGGTGCGAGCGGCCCTCGGCAGCCATCGCAACAGGATGGCTACTCTTCGGTTTTAGGTTCCGGAATCTTCGTCGCGGCGATGACCTTTTCGGCGTCTTTTTCCAGATAGTCGCAGCAGGATTGGCCGCAGAAATGCAGCTCGTAACCTTCGACTTTGGTTGCGATCTCAGGTTTACCTTTCATTCCCAACGCACAGGTGTAGCAGTTTTCTATGACTTTATCTGCCTTGCCATCTACCTCGTCCGCCAACGCCAGCTTGGCCTTTGATTCTGGAGTCAGCGTCAACGAGACGTCTGTCGTCACATCAGCCGCGTCGGTGTCGGACGCAGGATCCGCTTGCGTTTTCGATTCACAGCCGGCCAACGCAACGGCTGAAACCAATGCGATCGCCATCAATATCAAATTCTTCATCACTCATCCCTTTTCAGTTTGGTTTGGCTAATAATCTCTTTGACTTGCATCAACCGCCAGTCAATCACGATTCTCTGTCAACCGCTTCTGCTTCAACAGCCCACTCGAATGATCGTTTCGTTCATTGCGACGACGGTTTGGCAGCGACTTGTAAAGAATCGCGTTTCGTGTGATTGTAGACGTATAGCTGCAAAATTTGATGCTCCATAACTACCCAGCCAACGAAACCGGTTTCGGCCGTTTCTCAAATTGGAGGGTTCCGCCGTGCAGTAGCGCTCCCGGAACCAGTGTTCCGCAGCCTGTGAGTCGTCGGGCTGGCGTTGTTAAAGATCGTCTATCGCCGGACCGCAAAATCGTCGCAGCTCAAACAGACAGTTGATTTTCCCAGCCTGGCTCCATGAATCGCTCCTCCAAAATTCAACAACGAATTCGAACTCTGCCGGAAGGAGAGTTTCGCGAGCGCTGTTATGGATGCTATCGACCGGTCCAGCACTGTTTTTGTGCGGCAATTCCTCGAGTCGACAACCAAACGGACGTACTGATCCTGCAGCACCAACGCGAGCGTTCGCACCCTTTCAACACGGCACGAATCGTGAATCAGGCTCTGGTTCGGTGCAAGTTACTGTTTGACAGAAACGAGACGTTTGCCGCCCGCGACTTGCCGATCGGCGACGGCGCAGCGTTGCTGTATCCGGGTAAAGGTTCGCGACTGCTGGACGAGTTAAGTGAGGAAGAACTTCCCAAACAGCTGGTCATCATCGACGGGACCTGGGATCAAGCCAAAACGCTGTTTCGCGACGTTCCGCAATTGCATCAGCTGCCACAGGTAAAGCTGGCTCCCTCGACTCCGGGTCAATATCGAATTCGCCTGGAACCGACGGACACTTCATTGTCGACGCTCGAAGCGACCGTGCAATCGCTGCAGCAGCTTGAGCCTCACACGACAGGGCTGGATGAACTTTCCCAGGCGTTCAACACGATGGTCGAACAACAGTTGGCTCATCCGAACGCCAGCTACGGGGACGGTTCACCGCGGCCG
CP042912.1_gap119	4031788	4035639	3851	CAGACGGTATCAACGAAGCGATGAACGAATCGGATGAGCAACTTACGTCCGAAGCAATCGTCGAAGAGCTGAAGCATTGCCCGATCAAGACGCCGGTTGGCATCGGCGAAAACCTGTGCACACTGGTCAATCAGCACATGGGATTCCGGCAGCCGATAGACGACATCTGCATGGTGTGTGTCGGGAAAAACCCTTCCTGATTGCGGCGCACTCGCCAGATCGCGACCCGGGATTCCGTTGAGCCAAGCTAACCAGATCGAAAACGGTTGATCGCTTTCACGGTTTTGGCTATGGCTCTGCCGGCTTTGAATTCGACTACTTCGAACCGTAGATACGCTCCGAGACGTTCCGCAGCAATTCCAGCACAGGTTTTTCGTCACCCGTTTCAGTAACCAGTCCGCCACCCGGAAAGCGTTCGTCGTCGGAATCTTTCCATTGACGCCAGATGAAACCATGGACTCCGGGCCGGGCGATCATCATCGGCAAAAGCGTCTCCAGAATCGAAAGCCGTTGTTCGTCTGTCAATTCGCTGCGGACTTCATTGATCAATTGCCCCGAACGCGGAATCGCTGGCTTGGCCATCGTCGGCATGCGGAAGCAAAAGATCAGAGGCAATCCCAATTGCGACCAGATGTCGATCATATCAATCCATTGCAACGGATCTCGAACGACGCTGCCGCACGGCCAGTAGTCCAGATTCACGTCCAGACCGATGAAGTTGATCGGAACGCCTTGTCGTAAAAGCGAATCCGCAATCTGCAGCGGATGGGCTCCTCCGACCGCCGTCGCCAATCGCTCTGCCCACGGATAGTCAAAACTGACCATCATCGGCACATCGATCTGGCTCTCATCGATCAGGTTCAGCATGTCGCTGGTAATTTGGGTTTGCTGCGGATAACTAAGATGTCGATGGCCCATTCCATTTAGCCCGCTAACGACGTGCAGTAACGAACTGGATGGGTTGAGCTGCCGAATGGTCTTGCGGCAGCGGTTGAGAATATAGTCCCGCCTCGCGAAAAAATCGTCCAACGCAACGATTTCCTCCTGCATACCGCCGGGGCTGGCGTCGAGAAATGGCCCGACGATCGTGCGTTTGTTTCCGGCTTCGGCTGCCGCATCCGCAAGCTCTGGTGCTGCCTGCACCAACTGAAACGGCTCTGCCTCACAATGTTCTGGTTTGACTTCATCGGCCCCGACCGCGTTGGCGAACCAAAATCGTGGCATGTCCGGCTGGGACGTTCGGTACTTCGAAACTTCTGCCCCAAACTGCTCGCTGACCTTCAGATTTGCAGACATCGCAATATGCAACGCGTCTCTGGAACCCTGATCCGATGCTGCCGGATCGGTTTGCATAATCGCCTGGCTGAGCAATCGAGTCGCCTGCCCGACCTGATCGTGGACTTCCTCGGCGATCTCAAGTCCGCCTTCCTGCCAAATCGAAATCTGGTTCCTCAACCGGTTCAGCGTCCCCCTCGCGAGCTCAATCAGCAACTGGTAGGGCGTCTGAGATTCAGGGAGCGTTCCAGTCCCGATGGTGAATTCGCCAAAATCTTCAAACGGAAATGCAAGGAACACTTTTCCCGATTCATCGCGATTCCTCGCAATGGTCAAAATGCCCTCGTCGGAGGAGACACGGCACGGCGACGGAACTCCATCGAGACCGATCACGTGGATCGATTTGGCCTGGCTGTTGGTTGGCTCCCAGTTGGAAGGAAGCCTGAATCTGAATTCGCCCATTTGAGTCAGCCGGCTGGCATGGCCAGTGATATCGAAACACATGTTGATTGAAAACGCAAATTCTACCACACCCGGTTTTGATTTGCAGGCGATGGCATTATCGTAGACAAACAACATTTTGAGGATTTACGGCAGAATCAAATGACGCTAGTTCGGCAAGGCAAAGTCAGAGACGTTTACGACATCGGCGATCACTTTCTAATGGTCGCCAGTGACCGAATCAGCGCTTTCGACTGGGTGTTCCCCACCGCAATTCCGGACAAGGGCAGGGTACTGACTCAAATCAGTAAATTCTGGTTTGAAAAACTGGGTGTCGAAAATCATTTGCTGAGTGACGACCTTTCGAGCATCGAAATTCCTGACGGACTCAACGCCGACGATCTGGCCGGTCGCTCGATGATCGTTAAAAAATGCAAAGTCGTCCCCGTCGAATGCGTCGTCCGCGGATACCTTGTCGGCTCGGGATGGAAAGACTATCAGGAATCGGGAGAAGTCTGCGGCATCAAACTGCCCGAGGGGCTGCCCAATTGTGCTGCGTTTCCCGATCCCATTTTCACACCGGCTACCAAGGCCGAAGCTGGACATGACGAGAACATTTCCTTCGAAACGATGGCCGAGAGCGTTGGCGCTGAGGTCGCCGATGAGCTTCGTACGAAAAGCATCATGGTTTACAACAAAGGCCTGGAGCACGCGAAAAGCTGTGGCATCATCCTGGCTGATACAAAACTCGAATGGGGATGGCACGACGGCAAGTTAATCTTGATCGATGAAGTTCTGACGCCTGATAGTTCGCGATTCTGGCCGGCGGATCAGTACCAAGCCGGCCGCAACCAGCCATCTTTCGACAAGCAGTTTGTTCGTGAGTATCTGGAAACCACGACTTGGGACAAAAACAGTTCTCCGCCGGAACTGCCTCAGCAGATCGTCGACAAAACGCGAGCGAAATACGTCGACGCCTACGAGCGGTTGACCGGAAGCAAGTTCCCCTGGTCTTAGCGGACTCAACGCGGATCGCGGCCTGCCCACTTCGCCTACCATCCGCATTTCGCCCATTCCTCGCACCTGTTTCGACTGCAATTGACTTTGCCTGAATTCGTCCCTAGTGTCCGCCAACTTAGTTGCGGCACCAAGGATTTTTCAAAAGCAAAGTGCAAACATCTGAACATCCAACTCGACCTGACGACGAAGATCCGCGCGAAGAATCGAACGATTCGCCGTTGGGCGTTTCTGTCATTGTCTTCGAAGACGCAGAGCACCACGGCAAATTGATTGCCGACATGCGTGCCTCGTTCCAGCGCCGCGGTACTCCGATCGAGTTCATCATCGTGTCGGCTGAGGGTCCGCGCCTAGCGCCGTTGTCTGGAACCCAGCACGCGGAATCCGTACAGAGCTTCGACGCCGCGATCAGGTTGGCTCGCCACGAAAACATTGCTGTCGCCGATGCCGTGTATGATTTTGACGCGGCTCACTGGCAAATCGTCGATCCGGCCAATCGTCATGATGCTTTTCGGTCCTGGAGCTACTCACCGTCCAGGGCTCCGGGCTCGCGAAAACTTCTGGTTTGGATCTACTGTATGGTTGTGCGGCTTCTGTTCGGAGTATCCAAAAATCCAATCGCACCAGGGATCGTCACATTTCGAAAGTCACAGCTGACTGGAATCGATACCAGCCGACTGGAACTCAATACGACGGACTCTGTCACACAACTGCTGGCGGTCGCGAAATCGAAAGGCCGTCGCGTTGAAGAACACCGCTGCAACTTTCGTCAACCGGATCTTGAGTGGCATAAAAAGAACTCGATCGGGCCGCACTTTCCAAAATCAAAATCGATCAAGCGATCTATTAAACGCAACCTTCAGTTCTGGTTTAGTGAGCTTGCGTTTCCCGCGCGGCTGAATGAAACCAACCATGTTTCGTCTCCACGGAACCTTGCTATTGCGACGGCGATGCTGTTGATTGTGGCGGGCACGATGCTGTTTGCGAACAGCAGCTATCCACTGTTCGAACCTGACGAAACGCGCAATGCTCAATTGGCGATCAACATTGCCGAAACTGGCAACTGGGGATCGTTGTCTCTCGCGGATGAACCTTACTGGGACAAACCGCCGTTGCTG
CP042912.1_gap120	4038270	4040597	2327	TCGCTGAATAAATAACGAAGTCGATAGGTAAAAGGCGGGGCAAAGGCTAGCGCGTTTACTACGTTCGACCTGCAAGGCGTTTGACTAACCATCGATTTGAAAACCTACCATGATTCGTGTGAAACGCTTCTCATCGAACTTTGATTATTCATCACTCGAACCGCGTCAGCTTCTCACGTCGGTTACCCTGACCGAAGGCAGTCTGAGAATTGTCGGAACCTCCGCAAACGATGCCGTGGAACTGACCAATGGTCCACAGAACTTCGACGTCGTTCGAGTCGACGTGAACGGCCAGCAATCAAAGCAGTTTCGCAGATCCGAAATAGACAGAATCGAGTTTTGGGGGCTCGATGGAAACGACAGGTTTCACGTTGTTCAGTCTTCGACCGATCCATTCGATCCGGTCTCTCTTGAGAAATTCGGGTTTTACGGCGGCGAAGGAGATGACGAATTTTTCTTCAGCGCCAACTTCTTGGTCGACGAACTGATCGGAATTGGAGGTCTCGGGAACGATAACCTGCAGGCCAGATCCGGTGGCTGGGGGTCTATTAATAGCTCGGTCACATTCTACGGAGGTGAAGGCAAAGATCACCTCCAAGGTGACAACGGAAACGATATTTTGTCGGGCCAGCAAGGAAATGACTTTCTCGCGGGAAAGTCGGGTGAAGATTTATTGTATGGCGGTTCTGGCAATGACCATTTGGAAGGCGGAGGCTCGAATGACGAACTCTACGGCGGCGAGGGAGACGACATTCTGAGCAACTCTTTTGAATCCAGCTTTTACTCCGGAGGAGGAAGCGACCGCCTGGTTGGAGGCGCCGGTAACGATTCAATCAATGGCGGTGACCTGCAAGATTTTATCTTTGGCGGTGAAGGCGACGACAGAATTTTTTCAGGCGATGGTGACGACTTGGTCTTCGCTGGTGCCGGAGATGATGAAGTGTTCGGCGAGGACGGAAACGATACGATTTACGGACAAGACGGAGACGACAAACTTGTCGGTAATGATGGAAACGATCGACAGTTCGGAGGGCGTGGCAACGATGAACTGCATGGTAAGTTTGGGAACGATACGCTCAGCGGTTTCACCGGCAACGACTTGATCTTCGGCGGCCTTGGCGCCGATGTCCTCGTCGGAGGATCCGGCAACGATATGCTCAATGGGTTCTCCGGTGGAGACACGCTTTTGGGTCAGGGAGGAGACGATCGGTTGGTTGCCGTCAGTGGATCAAATTATCTCAACGGAGGAGACGGCAACGATGTTTTGCACAGCGGCGATGGTTATGACCGAATGTTGGGCGGTCTTGGGGTCGATCGCTATATCGATTCGTTCGGTGATTTTGTGTTGTCCGACGCGGACGACATCGTGAAGCTCAGCGTCGACATGCCAGATTTCATTGGCCTTACGCTGGAAGAAGCAGGTGCGCTGGCGGAGTCGATTGATCGTCCTTGGCGAGTTTGCTTCATCGACGGCGAACCGCAAGTCAAGACACAAGACTATATCCCACGTCGACTTGGGTTTTCAATCGACAACGACGTTGTGACTACCGTCAGGACCGATTCTGGAATCTTCTATTCATAGCGTGATTGTGGATAAAGCGAAGAAGCCACTCGTCGCCTTTAGACGGCAACCGTCTCGCAAGAGCATCATCTCCGTCGCCGGTTTCAATCGCGGACGGGCGATCCAACGCGATGCTGCCGACTCCGCTCGCTCCAAAACGCTGCCGTTTCACGGTCAGCTTGCCTCGGAATAGCCGGTTGAGTACCATTGCAGCATGAAACCGCTCCGGTACATCTTGGTAGTCGTGGCTTGCCTTGCTTTGGCGATGCCGACGTACGCGTTTTCATCGTGTGCTTGCAGCGACAGCCCAACGGCAAGTTGCTCCTGCGCCAGTGCCTCGCAAAGTCCTTGCGGATGTTGCAACTCTGAAGCATCGAGATCGCCGTGTTGCGGTGATGTGGAGTCGGAAGACTGCTGCCCGAACTGCAATTGCTCGTTGGATGCGCCTACGGACGAAGCGGTTTTGCAAGACTTACGGCCCCAAGACAATGTTCTGGTCGCTCTTCTGCCAAGCTTCGAATTGGCACCTCGTTTACCCGTTCGATTGATCGCGGCGTGTCAACTTTGCAGACCGCCTCCGATCGAACACAACCGCAGACAGGCAACGCTCGGGGTCTGGCTGAAATAATTCTTCATGTGGATTGCTGTTTTCTTTTTCAACAACAATTTATGGAGAATTCCATGATTCAAAAAACGCTTCTAGGCCTCGCACTTTGCAGTGCGTTGATTGTTACCCCTTTCGCATTCGCTTCTTTCAACGCCCCAG
CP042912.1_gap121	4044784	4046931	2147	CTCCGTATAAAGTCAGGTTGACGTCGCGTGCTGCCGTTTGGGTGACGGAAGAACCGTGGCACCCCGAGCAAACGATTGAAAAGATTTCCGACGAGCACTCGGTGTTGACCGTTCCGGTTTCCAATCCGCGCGATGCGATTCCTCGAATCCTGCAATTGGGATCCGATGCGGAATTGCTTTCGCCAGAAGAAGCCCGCAAGGATCTGATCTCAATCGCAAACGAAATGCTTGAGCAGTACAAAGACTAACGCAGTACAAAGACTGCAAAACCAGAAACCACCACATGTTTCGCCTTTCAGTCATTCTGCTCGTCCTGATCCCACTCGCCGGATGCAACAGCGAAAAATCGATCCAACGTCAGCCAACAGCCGCCGACGTACACCGCGAGACGATCGAGCAAATCATTCAGTCGGAATCCACGATTCTGGATCTTGCTCCTTACGTGTCTAAAATCGCTGACTCGATGACCAAGTCCGGACAGGAATCGAAAGAATCGCTGCGGGAGATTTTCGCCGACACGACCAACTACCTTCGCATCAACGCAAGCTCGCCAACCGCCACCAGCGAATTTTTGGACGAGCTTTGGCAGCCCTTTCTCGCAGAACGCAAGTTCGCTGAATGCCAGTTCGGAACGCTCTCCGGCACATTCGCCGAATCCGGTCAACGCTTTGACATGAAGACCAAATTCGAAGGCAAGATTCGCGATGGCCAAGCCATCACGGGCGTCCAGGCGACTCAAACAATTACGTGGACTCGCATCAACAAACTCTGGACGATCACCGCCTGGACGCAGCATACTTTTGAAGTCAGTGAATCAGAACAACCGTTGTTTGCCGACGCGACGGACAGCTTCATTGCTGAGGCCGATACACGGTCAGCCGTAACCAGATCTTCGCACCAGCAACGCGTGCTCGATGCAGTCAACGCAAAAACCGTGATGGAACCTCTGGTCGACGGACTGCCTGGCTTCAACGACTGGGAATCCGCCTGGCAATTCCCTTCGGTCAGCATCGTCGACTACGACAACGACGGCTGGGACGATGTCTTCCTGACAGATCGCTGGGGCGGTGGCATGATGCTGCACAACGTCGAAGGAAAGCTGATCGACACGACCGCGGAATCAGGTTTGGATGTCGGCGCGGGTTCGAATTGCGTTGTCTTCGCGGACTTCGACAACGATGGAGATCCGGACGCGTTCGTGGGCCGCTCCCTCTCCGACAGCCAGTTTTTCATCAACGAAAACGGGACATTTCAGCTCGATTCGTTAACGACAGAAGGTTTGAGTTTCGTTCGACTGGTTACAGCCGGTTCGGTCGCGGATTTCAACGGAGACGGTTTGCTCGATTTGTATCTTTCGACTTACGTCTCGCCATCGGGCTTCGCGACAAAAGACTGGATCGGGAAAATGATTGCGGAATCGGATCGTGAGAAGATGGCAAACATCGGCAGCCAACATCCGTTCATCGATCGCGGCGGTCCAGCAAACATTCTGCTGATCAATGAAAATGGAAAGCTGAAACGTTGCGATGCATCGGAATCGATCAAGCAATGGCGGAACAGTTATCAGAGCGTGTGGCATGATTGGGACAACGACGGTGATCCCGATCTGTTTGTCAGCAACGATTTTGCACCAGACTCGTTTCTTCGCAACGACACGGTCAAGGGAAGCAACAAGCCCGTGTTCGTGGACGTTACCAGGGAGTTGATTGGCCCTGACATCATGGGTTACAGCATGGGCGCGTCGTGGGGAGACTTCGACAACGATGGCGATCTGGATTTGTACGTTTCAGAAATGTACTCCAAAGCGGGTAACCGGATTCTGGAGCAGTTCTCCGAAGCGGATCGTCGCTCGGTGGAATCGGCCAAGGGTAATTTCCTGTTCCGCAACGATGGCGGAAGGTTTACGCAAGTCGCGGGCTCAGCTGAATCGAACCAACACGTTGCAAAAGTTGGCTGGTCGTTCGGCGGACAGTTTGCGGACTTCAACAACGACTGCTGGTTGGACCTGTACGTTCCCAGCGGATTTTATTCGGCTCCGAAATCCGTGCGTTGCGACGCAGATTTGTGATCGTGCAATTGGCGCGCGGTCGCGCGACTGGACCCACAACAACCAATCGAGTTCCGGGAACACGCTGCTTGGAGTGAAC
CP042912.1_gap122	4050803	4054623	3820	CCAAAAACAAAATCTTCGCTCATCGGTATCCCCTCGCGAGTCACCAAAGACGCGGTCAAAGTGAGCTGATAGTTTCCGTCTTCCAAAGCGTTTTGCGAATTGCGTACGTGAGAGTCAAAAGTGACCGTAGCGACCGTTTCGCCGTTCGCAAAACTGTCGTTGACCGTTATCGACAACGGCTCAAACGTCTCCTCCGTCGCGGTGCTACGCTGGATCAAAGAGAAGGCCCCTGCTTCAATCGTCACATCGCCTTCAAAACGCAGCGAAATTGACTCGACAGCAGAACGCTGCTCTTCGCCGGCAAGATTTACATCGACTCCCATCACGGTCGGCGCTGGAACACGCTCCACGACAAACATTCCCCCTTGGCGATCGCTGATGATAATCACGTCGTCGTCGCCATAGTCAAAGAACGGATAGACGGACCACGCACCGTTGAAATTCACGTTGTCGTTCGCCATGAACGTGTCAAAGAAACCGTACTCGGTGAGCGATGTCGGATCGGCGCTGTCGATCTGAAGAATTCGCATGCCTGACGAATAGTTCGCCTGATAGATGAAGTCGCCTTTGACATACAGATTATGATCAATCGTCTTTTCGACGCCTTCATAGAAGCCTTCGTAGCTCGGATTGTCCAAGTCTTCCACGTTCCAGATGTGAGTCTTGGTGGGAATCGGGTCCCCGTCGTCATCGGTCCCAAAATCTCCATCCGGGCCGCGAGCGTGATTGTACTCATCCAGTTCATCGTTCAGATAAAAAAACCTGTGGTCCTCGGACAGCCAGCCTTGATGCGAGTAGCTCGATTCAGGATAAGGACTTCGAGCAACCAATGAAGTGTTGGATTTGTCAGTCACGTCAACGATCGACAACGTATCTTCGTTGCAGGCAAACACGATCTCTTTCCCGAGGTAAGTTGAGTCCGGACCGCTGTAGATGACCGCTTGAGCATCGTGCGTGTAGCCGTCGCCGGAAAATGAACCGACTTCGGTGATGTTGTTCGCGTCACTGAAATCCAGAATCGTCAGTCCGCCGCGGTGGTACCGGGAATTGTTCGCAGTGTTGGCTCCGACCACGTACCCGTATCCGGTGGCTTCGTTGATCACGACATTGTGCGACCACGCGAACCCTGAGTACACGCTGGTCGCCGTGAACGATTCCGGGGAGGCCGGGTCGACGGTTAGAAGCTGAGTCAGATCCAGAGTCTGGATGCCCTGATCGTTGCCGCTGCCATCGGCAACGATGAAAGCGTGATCGTTGTAAACTTTAACGTCACGCCAAGCCCGATTTTGTCCCGCTTCGGTGGTATCCAGCTTTCCCAGAAAAAGCGGATTCAGCGGATCGGTGACTTCGACGAAAGACGTCCCGTTCGTCAAACCGATGATCGCAAACTTTCGACTCGAAGCAGAATCGGTCCACCCCCAGCAATCGTTGGCGAGAACCGAACCGCCACCTCCGATCTCCTCCAGCGTCAAATTCGAAAGCAGATCAACTCGACTGGCCGCAAACGGACCGCCTCCGCCACTGCCCCCCGGCGCGGCGTTGCCAACTGATTTGGCGTCGTTGTCGTGAGCGAAAGTCGTGTTGGCCGGAGTCAGTACAAGACTCAAGACAAAAAGAAGGAACGTGGCACGCGCGAAACAGAATGACGACAGTTGCATGGGCTTCTCGTTAAGGTAGGCCATTCCGCAAGGAACGGAATGGAAACAGATGGCCAGAACGTCCAAAAGGAGACTGTCCTGCCATAATATCCACTATCTCGCGTTTTTCCATCCCAAACGCACGACGCCCTCGTCTAACATCCGCGACGACGGTCGTTTTCACCGAACATCGCACCAGATGTCGTACGGCTTTTTTAAATCAAAGCGAGTCCTTGATTTCAATCAAACTGCGCTTTGGAGCGCAGAATGTGGTGGTAGTGCTGTGCAAAGCGGTGGGCTTCGTCGCGGACGTATTGCAGCAGCCTGAGGCTAAAAGCGTGACGACTTAGCCGAATCGGTTCGGATTCGCCTGGCCGATAGATTTCTTCGTTCTTCTTGGCCAGCGAAAGCAAAATCGGCGGCTCGATCTCAAGAGCCTCAAACGCCGCGACAGCGCTGCTAAGCTGACCTTTGCCGCCGTCAATCAAAAGAATATCCGGGAACACATCGTTTTCATCCGACAGTCGTTTGAATCGCCGCGCGACGACTTCGTGAATGCTGCGGAAATCGTCCACGCCATCCACGCCCTTGATTTTGAATCGACGATAGCCAGGCTTGAAAGGCAGTCCGTCGATGAACTGCACCAAACTGGCAACCGTTTCGTTGCCGCCGAGATGAGCGATGTCGACGCCTTCGATCGAGCGCGGCGTTTCGGAAAGCTTGAGGACTTGCCGCAACCCCGTCAGCCCCTTCTTGGGATCGATATGAAAGACTTCTGGCTGAACATGCGTGTCAAGTTCACCGCGGCGGTCAAGCGACTCCAGCATTTCAATTTCGTCCCGAAGCCTGGCGGCTTTTTCAAACTGCAGTTCTTTCGACGCTTCCAGCATTTCGCTTTTCATCTCGCCCAGCAGTTTTTTCTTGTTGCCCATCAGGACTTGCTGCAATCGCCGAATGTCCTTGCGATAGTCCTCTTTGGAAATGCGCAAATTACACGGCGCGGTGCATTGCTTGATGCTGGCCAACAGGCACGGACGATACCATTTCCATCGCTGATCGTTTTCATCGATGTCCAGCGAACAGGTGCGAAATTTAAAGATACGTTGCAGCACCTGGACCGCCCCGCGAAGCGAACCAGCGCTGGCGAACGGACCGTAGAGCTTCACTCCGGAAGTCATGGGCTCGCGCGTGACTTCGATGCGAGGAAAGTCTTCGTGGGTCGTGATCTGCAGATACGGAAACGTCTTGTCGTCTTTGAGAATCTTGTTGTGCTGCGGTTGGATGTCCTTGATCAAACGTGACTCAACCAGCAACGCATCAACCTCGCTGTCGCACTCGATGAAATCTGCGTCGGCGATCAGCCTGACCCAATCCGCAGTTCGGGACTCTTCGCTGGCGGCTTTGAGAAAATAGCTACCGGCTCGCGATCGCAGATTCGTTGCCTTGCCGACGTAGATCACAACGCCAGCGGAATCCTTCATCAGGTAGACGCCAGGCGACTGAGGAAACGTGCGGACTTTTTCCGCAGTGGCTTCGAACGGATTGAGCGAACGAGTAACGTCGCCGGCGACGGTTTGCTCAGGAACAAAATCAGCCGTTTCGTACACACTTGGCGTTTCAGAAACAGAATCGGCGGTTGCCGAATCGACGTCACCTACAGTGCTGGCGGACTTCTTTGCGGACTTGCCGGCCGTTTTTTTGGCTAACTTTTTTGTCGACGCCTTTTTCGATTTCGATTTCTTTTTCGCCATGACGTCGTTTGAAAGTTTACCCGGGCTTGAGGTTGTCTTTTGATTTTTCGACCGAGCGAACGATCTCGTTCTTTTCGTTCACCAACACGATTTGCGCTGAATGGTTTTCGACTTCTTCTTCGTTAAACTGCCCGTAGCAGCAAATGATAACCATGTCGTCAACTTTGACGAGCCGCGCGGCGGCTCCGTTGATGCAGATCTTTCCCGATCCGGCGACGCCTGGAATCACGTAAGTCGTCAAGCGATTGCCGTTGGTCACATTGAGAATGTCAACGACTTCGAACGGAATCATTTTGGCTTCGTTCATCAGATCGGTGTCGATCGTAATGCTGCCTTCATAGTTGAGGTCAGCCTGGGTGACGTGAGCGCGGTGGATTTTCGAACGAAGCAGTCTACGGAGCATTTGTGGGGCCAGTGAAAGGTCAGGTGTAA
CP042912.1_gap123	4057500	4059468	1968	GACTTTTGCGGTCTGTTGTTCGAAAGGCGTGCCGCGTTGCTGGTGCCGTTTCCAGAATCGATGATTTTCAACAGTCAACGCCAACAGCAGCGCACCTGAAACCAGGGCTGCAACGATACATATAGCTAATGCAAGAAAAAACGTGACCACTGGACTTCCTTGTCAGACGGGACGCAATCAGTACTTGTTCGACTTTTCAGTTGGCGAAGTTTAGCGATTAGGCAGAGATTCCCGAATGCTGTTCTTTCTGGTTGGCGACGCTGTCATTGGCCGTGGCGATCGAAAATCGCCAGCACTTAATCTCGAACCCGATTCAGTTCCAGCTCGTTTCGCGCGGACGGTCGAGTCAACATCAGTTTCACCGGTGAATTGAAAATCAACCCCAGAATTTACAGCGGCATATCTTTTACAAATCGATCGAAGAATCAATTTGGAGTTCGTTTCAACCTTGGCACCCGAAACCCGTTTTGATACTTTTTGAACTTCGCGGAGGGCGATGCCAAACGATCTGAAAAAGTTCAAAGGTTGAGCCTTCTTGCTGCCGAAAAGGATTGAGTTAGGCAAGAGATTCGGATTAGGTTGAAGCCTCTGCCCTGGGCAGTAAAAGGATTAAATCCACACCGCCGACCACGTAAGAATGAGACAAAGGATGTCGCCGATGGGCATGGAAGCTGAGTTTGACATGAACGTGCATATTCGCTGGATGATTCGGCGAGACATGCCGGAGGTACTCTCGATCGAACAATCGAGTTTTGAGTTCCCCTGGTCTGAGGAAGACTTCATTCGTTGCCTTCGTCAGCGAAACTGTATCGGCATGGTGGCCGAATATGACGAACGAGTCGTTGGATTTATGATTTACGAACTGCATAAAGACCAGCTTCACGTACTGAACTTTTCTGTCCGCCCGGACGTTCGCCGACGCCACATCGGCGAACAGATGGTGAACAAGCTGGTCAGCAAACTTTCTCAGCAGCGTCGCAACAAGATTTTGCTTGAGATCCGTGAGACGAATCTGGCGGCTCAGTTGTTCTTCAGAAACCTGGGCTTCAAGGCCACGTCGGTTCTGAGAGATTACTACGACGATACTGTCGAAGACGCTTACGTGATGCAGTTCCGCTTCATGAGCGAAGCCGAGAAACAGTTCGAGCCTGTAAACCGCATCGCCAGACGACTTGCTGGCTGAGCCTGCCGACGACTGAGTTCGTTTCAAATCCGAACGCATTGCAAACACACCAAGCCGCGCCGACCAGGATTCCTGAGGCGCGGTTTTTTTGTGCGCAGCGTCAAACTGAGGCTCTTTCGATCGTGATCAGACCAAATTCATTCACATCGATTCGGCAAAGTTTTGCAGCAGAGAGCGAAAACTTTCCAGGATCACCGCAGCGTTGGCGAACAAGGCAGCGGCAACAAATTGTCGACGCATGGCGTCAACATGTCGGCTTCGCGGACATAAGGGCAGTGACAAACCTGGCTATTCAGGCTGTCCGGTTATTCAGATAACCGCCGACTGTCCGAAGACGAAACCAGTGGGTACCGAGAGTCTGGAGAGTAGAGCTACTTTCGGAGTTCGTGCCGCAACAGCAAGACGCCAACCAGGGCACAGGCGACGTTCCCCAGCCACACCGACCACGCTGGCAACGTTCCCATCTTGGCTCCATTGAGCCCGAACATGAATAGCGGATAATACAGCAAAAGAATCGGCACGAAACAGGCGCCGAACGTCGTGGCGTAGTTTCCAGTTCTCAGACGCAAGGCTACCGGCACGCCAATAATGGCAAACGCGAGGCAACTAAAACCATTCGCCCAACGCCGATGCGGCACGACTTTCAGCCGCGCCAGACGATAGCGGGCGTCGTCCAGTTTCCTGTTTAGCGCGGCCCAGCCTTCGTGCGACAGGCCAACAATATCGCCGGTCATCCATTGAGCCGTCGCTTCCAAAGTCAGTTGCGATTCGAGTGATTCGAGCTT
CP042912.1_gap124	4061286	4063462	2176	CCAGTTGTTGAATTTGATTTTCTCATGCGTCCGTACATTGCCGAGTCCTTGGTCTGAATTAGTCGGGCGAGTTTAGAAAATTGAAAGTTAAGCTCAAGGTCAGTTGTGCTAGCGACGCTGATGTTACAGGGACTGCTTGCCTGCTGCTCTCATCATCTCTGGACCGATGGTTCGCATCTCTCTACCTTTCCGCGATTGATGTAAAAAGTACACGCGCGAATATTGAACCATGAATCTGCAGAAACGATGGCCTGACTTTCTGATCCCCGCAGGGCTGATTGCCTGTTTGACTGTCATTCTTGTTCCGCTGCCGCCGGCGCTAATGGATGTGCTGCTGGCCGCGAACCTGACGCTGGCGATCGTGATGTTGCTGAGTACGATCTACGCCAAATCGCCGATGGAGCTGAGCCTGTTCCCGGCTTTTCTGCTTGGCACGACGCTCGCCAGACTGGCACTCAACATTGGAACTACGCGATTGATTCTGACTCGCGGACCGCAGGACCACGAACAGGCTGCCGGCGACGTGATCGCCAGTTTCTCCAACTTTGTGACGGGAGATTCGATTGCAATCGGGCTGGTAATTTTCTCCATTATCGTTGTCGTTCAGTTTGTCGTCATCGCCAAAGGTGCGACTCGGATCAGTGAAGTATCCGCGCGATTTTCGCTGGACGGAATGCCTGGCCGACAGATGGCGATCGAAGCAGAACTGAACTCGGGCGCGATCGACGCCGAACAAGCCAAAGCACTTCGTCGCGAAGCATCGGAACAGGCTGATTTTTACGGAGCCATGGACGGAGCAAGCAAGTTCGTCCGCGGCGATGCGATTGCTGGCGTACTGATCACGCTGATCAACATCGTGGGTGGATTGACGATCGGTCTGACGCACAACATGTCCCTGCCCGATGCGGCGGCAACGTTTACCAAACTGACAATCGGTGACGGTTTGGTCAGCCAACTTCCGGCGCTGTTGATCGCTCTGGCGGCCGGCATTCTGGTTACAAGAAGTCATCGCAAAACGGATCTTTCGCGGGAAGCCGTCCAACAGGTTTTGGCCAAGCCTATCGTTCTGGTCACTGCTGCAGTATTTCTCGGCTTGCTGGTCCTGACCAAGCTTCCGATGATTCCGCTGTTATCTGTCGGAGCAATCTGTCTGTTGTTTGCGTGGACCGGAAGCCAACAGAAATCGAATTCTGAGTCCGATACGGCACCCGAGCCACCTGCGCCGGTCAAGGAAATTTCGATCGACCGATTACTGACCAATGACTTGATGGAAATCGAACTGGGCCTGGACCTGATTCGACTGGTGGATGCAAAACAGGGAGGCACGTTGTTGCAAGGCGTCAGCAGCGTACGCCAACAGGTGGCCGCGGAACTGGGAATCATCCTTCCCAAAATTCGAATCCGCGACAATTTAAAACTTGGACGTAAAGAGTATCGCGTCATGATCCAGGGCAATGCGGTCGAGCGTGCGTCGCTGGAGCCGGATCATCTGCTGGCAATGGACTGCGGTTCGGCAACGAAGCCACTGGAGAATGGCGTCGTTGTAGGGCTTGCGTCGGAATCGATTGCGCAGCCCGGATACTGGATTGAGGCCTCTGCCTGGGAGCAAACGGAACTGGCCGGCTATCGAATCCGCTCTTGCACCGAGGTGCTGACAGCACAGCTAAAGAAATGCTCAATCGCCAACGCGAATGAATTGCTGACTCGAGACGCGACGGCTCAGCTGATGGATGAGCTGAAAAAATCTTCGCCAACCATCGTCAACGAAATCGTGCCCGATGTTCTGCCGCTGGCCGATGTCCAAACGGTGCTGCAGTCGCTGCTGGAAGAAGGCGTTTCGATTCGCCCGCTGCATTTGATCATGGAAACAATCGGCTCGGTGGCGCCGAAGACGAAAACGCTGACGCAACTGGTCGAGAAAATCCGAATGAAACTGGCTCGGCATATCTCTGGCGGATTGGCAACGGATTCTCATGGAGCGATCTCCGTGTTCACGATTTCGGAAGAGCTACAAAATCGAATTGCTTGTGCGTGGTCGGACGAAGGAGACGAACTCCACCTCGACATGCCGAACTCGATTGTGGAGATGTTGATTGTTGCGATGAACGATGCGTCATCTCGCATGTCGGCGGCTGGCTTACGTCCGGTGGCGTTGGTCGATCAATCGATTCGACCT
CP042912.1_gap125	4251898	4255187	3289	CTTTTGCGTCACCGCGGATGAAGAAGTCGGCTTTCATGGCGCCCAATGCGTCGCAGAAAACAGCAAGCTCTATCGGGAAATGGTCGACGGCGGAACGAAGGGCATCATCGGCGAACCGACTTTGCTGGAGATCGTCCACGCACACAAGGGCTCTGTTGAAATTGTGGCCAAGTCAAAAGGGAAACTGGGGCACTCCAGCACGCACGTTCACGACAACGCGAACCTTGCGATGATTCCGTTTTTGACCGAGATGAAGGCCATCTTTGATGAAACGGAAACGGAAGACAAATGGCGCAACGAGCTATTCGATCCGCCCACGCTCAGCCTGAATATTTTGATGAAGGACAATTCTCCGGCACGCAACATTACTCCGTCCCGATCCACGGCCACGGTTTACCTTCGTTCGATGCCGGCGATCGATCACGAGCCGCTTCTGCGACGAGCGGCCGAGGTTGCGGAGGCGAATGATGTTCGGTTGAAAGTCATGCGTCAGGCGGAACCATTTTTTGTCGATCCGTCGTCCGAATATGTCGAAGAGATGCTCAAGATCGTGCACAAAAAACGTCCCCGCACGGTTTCGTACGGAACCGACGGCGGCGTCTTTTCTGAGATCGAAGAGAAGATCGTCTGCGGTCCTGGAAGTATCGAGCAGGCTCATACAGCCAACGAGTGGATCAGTCTTGAGCAGCTCGATCGCGGCACCGAGGTTTTTGAGAAAATGATTCGGCGCTGGTGCTGCTAACACGCTAACCTTGGGCACCTCTGCCCACCAAACGGGAATTCCATGGAAGAAAATCTGTCAGTACGCGCCGCGAAGTCCGAAGACCTGGCGGATGTGAGCGCTTTTCTGCAACCGTTCATCGATCAAAAGTTCATCCTGCCACGCACATCGCTGGAGATCGAACTTTTGCTTCGTCACGCCTTCGTGGCAGAGAATTCTTCGCGCATCATTGGCTTTGCGGCAGTTGAAATCTATTCCAAAAAGCTGGCCGAAATTCAATGTCTGGCTGTGTCGGCGGATTTTCGACGCAAAGGTGTGGGCAAGGAACTTGTGAATCGCTGCGTGGCGCGAGCCAAAGACGAAAAAGTCCGCGAGGTGATGGCGATCACCGCGACAGAGCAGCTGTTCCAGGAATGCGGTTTTGACTTCGCGTTGCCGGGCCAGAAACGAGCCGTGTTTTTGCAAACCGAAGAATCGTAGTTGGCTGGTTCGTGCATCATTCGGCGGACTGCGTTCGATCTAGCCAAACAACTTTGCGACCAGGAAATACCCGACTGCAAAAATCCCGGCGTCAACAACCATGTGGCTGACCCAGGACCACATCAGCGTTCCAGTTTTCTGATATAGCCACGCCCAATACGCACCTCCAATCGCGACACCGGCGCTACACAGCCACGTCATCGGAGAGGTCCAACCAAAGAAATCGCTGAGCAGCACGACGTGGTGCGCCATAAACCCCAGGCTGGAAATCGCGTTCGCCGCCGGAACGTTGACAAATCGCTTGAGTAAATCAAAGACGAACCATCGCCAGTAGTACTCCTCCAAAAAGCTGTGCACCAGAGCGTAAAACAATCCAAGCAGCGCGTACTTCCAAACGCTATCGATTCCCAGGTCGGAAACTTTCTCCTGAACCCGATCGGTCAATCCGGCTAACAATTCGGTTCCCGAAAGCACCCACAGTGCGACGACCATCACGATGCAAACGCTGGCACCAAAACCTACTGACCACAGCCAAGCCGGGATCGAAGATTTTGGTTCGGATTCAGGATCCGTTCGCTGCTGTTTTCTTTTGCCAAAACGATATCGAAAGAAGATCCCCACCCACACGACCGGCAGTGCGAATTGGACGAACTTGCCGATTCCGTAAGCTGACTGTTGAACTGAAGGATCGTAATCGCTGAGCCATTTGAAGTAAATTAAAGTGACGAGAGTAGGTAACGCGATCGCAAACAGAACCGCGATCAGGTTCAATGTCGTGCGTTCGCTTTTGACAGTTTTATTCATCGATGCAGTCCATCACTTTCTCAATCCCGGAAACGATCTGAGCCCTCGTTTCCGCCGGTTCCAGCAGGGCAGGGTGGTGCAGCAGAATTGTGCTGCTCGCGGCACGGATCGCATTCGGATATTCACCGACCTTGCGACAACGCCTCGCAGTCCGTTTCGCAAATCCGCGAAATCCAATATCGACTGGAACACCCTCGGCTCTCAACATCGACAAAACGACTTCTCGATCGATACTGTCTCGCAATTGCCACGGCAGCTTGTACCACGCGGAATCAGCTTGAGTTTCGGGTCGTTTCAGCTTTGTCCCGCAAACTTTGTCGACGGCTGCCGAGATGGCTTCTACTGCCGACTGACGCGCAGCGCTACGCTCTTGAAGTTCATCAAGTTGCGGAATCAGCACCGCGGCTTGCAACTGGGACAGTGGAAACGCGTCGTTTCCACGAGCCCCAAAGTTTCTTGCTTTCCCAATGACCAGTTCATCATTGGACAAAACCGCTCCGCCACGACCGGCGGACAGTAGTTTGCTGCCACCGAAGCTGAATGCGCTCACATCGCCGAAGCTTCCACAGGGGCGAGCTTCGATTCTGGCCCCGGGAACCTGGCAGCAGTCTTCGACAATCGAAATCGATTCTGGCAGCGCATTTCGTACGGCTTCGACGCTGAGCAACTGGCCATGCAGATGCGAAACGAGAACTGCCGAAGTGTTCTCACTGATCGCGGCGGCGAGCTGTTCTGTTTGCATCACCCAGCCACCGGGAACCACGTCGACGAGAACCGGTGTCGCGCCGATAGCTTCGATGGCTCGAAAATTTCCGGGAAAGTCATAGGCGGCGAGGATGACTTCGCTGTCCGGTTTGACGCCGACGCCGCGGAGCGCGAGTTCAACAGCCATGGTGCCACTACAAGTCAGCAACGAGTGTGTACAATCAAACAGACTTTCCATGCACTGTTGCAATTGGTTCGTCGACGCTCCATCGTAAAGTCCCCACGCGTTGGAATCGACCAACACACTGATCGCAGCTTTGACTTTCTCACTGGCGATGGGCCACGGAGAAATCGGATTGGTTACCGACTTCGGTCCACCATTGATTGCAAGTCGTTCGAGTCGCGTCATGAACGTATTTATTGAGGAAACAGGATGAACGAACAACTCACAGGCAAGCCGGTCCGATTTTTGATGGTAGGCGGTTTTCTGGGTGCCGGAAAGACGACGACGATCGGAAAACTTGCCGCACATTATGTTGCCCAAGGGAAAAACGTAGCTCTCGTCACCAATGACCAGGC
CP042912.1_gap126	4261396	4266256	4860	CAAGTTGACGCTTCTTTAACGCTTCCAGATCCACCTTGAGTGATGCAGCCTCAAATTGCAGCAAATTCTTTCGATCGTGCAGCGGACTTGCGACTTCGACCTGATTCAGAAAGACCGTTGCGTCCTCTGCGTTGAGATGAAGCTGTCGCGCATCGACGCGTGCGCCGACGTAAGACTGCAAGTGGTAGACCAGCGCCTGTTTTCCGAGATGTGCCCGGCCAACCCACGCCGCCAACGCAACGAGCGCGATGATCAGCAAGCGAGTGATAAGTTGATTGAGTCGTTTCATGGTTCTCGACCGGAGGTCGATTGCGGGGACTTTAGGTCTCGGTAATCAGCGACGGGTCTCGGTTGTCGCCTTCCGGCAACGGCTCTTCGGCTTCACCAAAGATGGCACGAATCAGTTTCGTATTCATCACTCGTTCGATCATGGCGATTCCCCACAGCCGAAAGAAGATTTGCCCGGCACAATAAATCGGGACGCAAATCAGGACCCCCAGGGCGAGCGACCCCGTAACGACGGTATTGTTAAACCGGGTCCAGCCGACCCACGGAATTTCCGTCCACGACGCGAAGGTACTCTGCAGGAATTCCGTAGACAGCACGGCCATTCCCAATTTGTCCGAAATCGCATCAAGCGATGGACTGACGATCGACATCCCGATCACGGCAACAATCCCACAAAGTAAGTTCGCGCGGCTGAGTAGAAAGACCAGGCCGATTGCCCAGGGGATTACCGAATCTTTCGGCATAAGTCCGATAACCACGCCAAACGCGATGCCCAAGGCAAGCTCGTGTGGCGAGTTGATTGCGGAAATCCGATTTTGGCTCCGTTCAAGCATCCTTGCGAATCCGGGAGTTTGAGGTGAAATGAGGGCAATCGCTAACAATATCCGTTGCTTCAATGGATAACTAACAAAATCGTTTTTCCATGTCGATACGATTTATGTAGCTGCTCTCAATCGTCTCAAACCAGTTTGGCTGGACAGTTTTGGGGAATCTCCCCGATGAAAATTGGGATGCCTGCTACTTTCGCCGGTTGACAGCAGTTTCCGCTGACTGGAAAACAGTTTTAGCGTTTTAACGGTTTTTTTTGGAACAGATTTGATGGCACGAATGGAAGAGTTTTTCGCAGACGGAATTGGCGAAATCACGCTTGCGGGCGGAATGGTACGGATGGACCTCGTTTCTCTCACCGGAAAACAGGGCGACGACGCTAACCAGCCGCGTCTTGAACCGACTCGCCGCATCGTCATGCCGCCAGATGGCTTTTTGCGAAGCTTCGGCGCGATGGAAAACCTTGTGAAGCAGCTTGTAGATGCCGGAATTGTCAAGCAACGCGAAGGTGCTGCTGATGGCGTTGCGCCAGCCAGCTCACCGACGACAGATGGTGGCGGATCAAAATCGCCGAATTTTTAGGCAATTTGCTCTCCTTTTTCGAAACGCAAATATAATAGGCGTTTGAAAATCCAGTTACCGACGCCGCCGGTTTGCGCAACTTTCGCAACTGACCGGCGTCAACATTCCTCTTAGCAACCCTGGAACATGTCATGGCGAACCCAGTCGTATCGGCAAACTTCACCCGCTTGCAGCTTGGTGAAACCGTAGCCCTCAGCTCGATGTTTGAATACAGCGACGCTGATGGTGATCCAATTTTTCAGGTCGTCGTATCTGATTCTACCTTTGGTGTTGGCCAGTTCTTCATCAATGGCGTGCTCCAATTGGAAGGCGTCGATTTGACGATCGATGCAATCGACCTCCCGAATACAACGTATCGCGCGGGATTTTTCGTAGGAGGCGAAACGTTCACCGTCACTGCATCGGACGGTACGGGCTTCAGCCCCGTTTCGACCAATACGATCCGCGTTGGTAACACGGCGCCGACGGTCGTGGCGTTGCCTTCGGTCGTTCCGATCGCCGGACAGATTTCGTTCCTGTCGATGATTCGCGTTTCTGACCTCGAGTCGGACCCGATCGTTGAGTACCGTTTCCGTGACAACGGTGCCGCATCGAGCTCCGGTCGATTCATTCTTGACGGCGAAGCATTCGACGCGAACGTATGGCACACCGTTACGGCTCAGGAAGCCCAGCGTGTTCGTTATGAGGGTGGCAGCGTCAAGAACGCTGAATCTTTCAGCGTGACCGTGGACGATGGTCTTCGCAGCGCTGTTTCAGCAGGTCGTGTCGTCACGGGCAATTCGCGTCCAGTCGTCACACCAGCCGACGACGTCAATGTTCTTGAGAACCGTCGCATCCTGGTGAGTGACACCGTTACTGTCACCGACGCTGATAACGATCAGATCATTCGCTACTACGTCGTTGATCGTCGTGACAACGCCGACAGCGGCTACCTCGAACTTAATGGCTCGCGTCTGGCGTCCGCCACGTTCCACTCCCTGACACCAACTCAGTTCGCGAACCTGATGTATGTCGGTGCTCCTGCCGGTCCTAAGTTTGAAAACATTGGAATTCAGGTGCTCGACAACAATTCGGCGCTCAGCCAAACCGTCGACTATCAGATTCGTACGACGACTCCTGTTGTGATCGAAGCCACCAACAAGACCGCGGTTCTGACGAACGAAGTCGTCGACGCGACTCGTTTGTTCAATGCTTACGACCCGGACGACACGACGGCCCCTCAAGACGACGAGATCAAGAGCTATTATTTCGTAGACCGACGTTCCAATGCGAACGGCGGCTACTGGCAATTCAAAGGCGAGAGAATGCCTTCGGCCCAGTGGTTCTTTGTTGCGGCCAGCGAACTGAGTCAGTTGCAATATGTAGGAGCAACGTTTGGCCCCGACGCTGAATTCATCGGCATCCAGGCACTTGACGATGGCGGCTGGTCGCAGCCAGTCGATCTTGCCATCCTGACCGACGCCCGTCCAACAGCAGTCGGAATCGACGCATCTGTTCTGGAGGCCTACTCAATCGATGTGGCTCCACTGGTTAGCGGCAGCAACAGCAGCGGTGCTTCCGCCGAAGCGTTCCGCCTGACGGACATCAAGACAAACGCAAACGGTGGCTATTTCGAATTTCAGGGAACTCGACTTCCTTCGGGCCAGTTTGTCGAAGTCACCGCCGCTGAAATTGTTGACCTGAAATACGTTGGCGGTGCCTACGGGCCTCAATCAGAGAGCATTCGTCTTCAGTCAATCGTTGGCGGCGTGCTCAGCGATCCTACTTTCTTTGAAATTTCGACTTTGCAGAATGCAAATGCTCCTGTCGTGACTGCTTTCGATGTTGATTCACGGGTCGGCAGCGTGATTGACTTTGCATCAATGTTCTCCTGGACCGATGCGGATGGTGTTCCGCCAACAACGATCAAGGAAGTTCGCATCTTTGATACGGGAACAACCGCCGACAGCGGCTATTTCTCGATCAACGGTGTACGTCAAAACGCGGGCGAATGGATTCCAATCGATTACGACTTGATCACCAGCGGTGAGGTTCGATACCACGTTGCAAATCGCAGCGACTCGGAGCTTTACCGTGTTACGGTTGACGATGGTCGCTTTCGCAGTGTTTTGGACACGGCGGAAATCGAAGCGGTCGCCAATCCGGTTTTGACAGCGCTGGAAAACGACTTTTCTGTCGACACGATTGAGCGTATTCCGATTGGCAACTTCATTACGCAAACCGACTCGGGTCCACCCTTGGTCGAGTATCAGGTTTACGATGAGAACACGGACACCCGTTCCGGTCGCATCGAACTGGATGGAGTCGATCTCCAACAGGGAATTGTCCATACGTTGACCGCTGCCCAATTTGACCGACTGGTATTCAAGGGTGCGGAAGCTGACTTTGGTCGTCAAATCGATGGCATGCTTGTTCGCGGAACGAACTCGGTTGGACTGTCAACTGAATGGACCCGGTTCAATGTCAACACGGATCCAATCGGTGCGGATTCTCTGACTTCCGGAACTCAGTTCCTGAATTTCACCGGTGATGAAATCATGGAGATTACCTACACGTTTATCGACAGTGGTAATCAGGACAAAAGCGGGACGCGAGCCGTGCCGCAACGGCCTTTGCTGCCATCGTATATTCCTGCTGGAGGTACTTGCGATCCATTCTTCGCTCCAGAATCTCTGGCGACGCTTGCGTGGAACCAACCACAGCGTGAAGAGACCCGGATCATGCTGGAAGGCATACAGCAATACGCGAATATCAACTTCCGCGAAGTCCCTTATGACGGTACGGCTTCGGACGCTCAAATCACGTTTGGTTCCTGGGGTGCGTTTGATTGCCCGGCGGGTGCTGCAGCCTATGCCTACTTACCGGCTGATGGCTCTGGCATGGGCAACCTCTTTGGCGACATCTGGTTTGACTGGACACAACCAGGCTGGGATTCGACTCTGTTCGATCCGGTAACTTTTGAGCCACTCACGGTTCAAGGACTGGGAACTGCCTTCAACTTTACGGTCATCCATGAAGTTGGTCACGCACTTGGATTCAAGCATCCGTTCGAAGGTCAGCCTTCGTTGTCGATTTTCAACAACTTCGACTACAACACGGTCATGGCTTACGAGCACTTCAACGGTAACAGCACCTTTGATGGTCCGTATCCTGAGCAGCCGTCATCACTAATGCTCTACGACATTCAGGAGCTGCAACGGCTTTATGGTGCACGTGAATCTTTCAACCCTGAGAACAACCATTACCGTTTTAACGACGCCCATCAACAGGCGATCTACGATACCGGTGGCATTGACACGTTGAATCTGACGCGGCACACGATCGCCACGACTGTCGACTTGCGAGAAGGCCAGCGTTCGACGCTGGAGAAGCAGGGAACTGACATTGATGGCAACCCAACGTTCACAGCATACGAAAACAGCGTGCTGATTCCATATGGAG
CP042912.1_gap127	4269782	4271950	2168	GTTGCGTTGATGCTCGCGACGGTTGCGTGGGCGTGCTGGGCAGAGGTCGACAAAATCGTCACTGCTCAAGGCAAGCTGATCACGGTTGATCCTCCTGTTGTCATCGACACCTCTGTCGCCTCGCAGATTCGAGCGATGAATGTCGAGTTTGGCGATCGTGTTGTCGCAGGACAGGTTCTGGCCACGCTTGACCCGACTTATCCGGAAGCTGATCTGAAACAGTTGCGAGGACGAATCGAATCGCTCGACGCGTTGATCGCAAGATTGAATGCTGAACGGGATGGACTGGAGTTCAACCCACCGCAGGCCCAAACCGACCCGAACTTTGCGATGGAGCGATCCGTTTTCGTTCGTCGCAAAGCGGAGTACGTTGCGAAGATTCGTGAGTTCGAAGCCAACATACGAAAGTTCAATGTCCAACTGGCCAACAACGAGACTCAGATCGATCTCGACCGGCAGGCCGTCGCCCGATACGACAGCATCAAGCAGAAAACAGAACGACTGGTTGAAAAGGGAGCCCGCTCACAGCAGGATCTTGACGGAATTGCACTCCAGATGGGCACCGCGCAGAAAACGCTTCGTGCAGCAATCGGTCGCCGCGAAGAGTTCGCAAAAGAGATCGACGCGATCAAAGCGCAAAGCGAGGCTTACGAAGCGACGTGGCAGGCTGAAATGATTGTGCAGCTGGCTGAATCAACACAGCAACGTAAAGACGCCGAACAGGAATTGGCCAAAGTTCAACACACGAACTCACAGGTTGAACTGAAAGTCCCCAGCGACCTGCCGCAAAAGGAATTCTTTGTACTGGAAGTGGCAGACGTTTCTGTTGGGTCCGTTTCGCGGCCTGGCGAACCAGTATTTCGACTGGTTCCGCTCGAAGGACTTTACGAAGCCGAAGTCGAGGTTCCGGGCAAAGACATCTCCTTGATCCGGGAAGGGACACGGGAACAGTTCGCCAACAGCACGCTCCCCAAAGGCAGCCAGGTCCGAATCAAGCTGGCTTCTTTTCCCTATCAAAAACACGGAACGATTGATGGTGTCGTGCGGAAAATCAGCGAAGGCTCATTCGAAAAAGACAAAAACGCGGCGTTGATCAATCCTGAAGCCGCCACGATGTACCGCACCCGAGTCGAACTGATCGATCCTGGCACATTAAATAACGTAGGTAAGTCGTTTCGTTTGATGCCTGGCATGACGGTGACCGCCGAGATCAAAGTCGGCAAGCAACGAGTCGTTCAGTACTTCCTCTATCCGCTGCTTCGCTACATGGACGAAGCCGCCCGCGAACCGTAAATGACGAGAGGCAGTTTCAAAACCTTGTGGCTGCGGCGTCTCGCCGCAGTTAATACCAGAAATACTGCGGCGAGACGCCGCAGCCACTACCAAGTGATCAGTTTTGAAATTGGCACTAATCGTAGCGTCACGGACGTCGGCACATCGCGCGCATTTTGCGCTGCCGATCGACACCGCTGACGTTACACCACGTCAATGCCAGGAATGGCTATCTCAAAAGTGCCTAACTGCCGACCGTCGGTGTAGTTTCCGAACTGGTCAACGACCGTCCCGTCGACAAGGCTGATCGTGTAAGTCCCGTTCTCGTTGTCACTCCAGAATCCATCGGCCGGGAGCGGAATGTAGGAGATCTCGAAGAACCCATTGGGATCCGCCCCGCCGCCTGCGATACCACGGCCGAACCCAAAATAGCCGTTTGGACCTTCGACCAAAATCCGATCTTGAACAAGGTTACCAAGGCCAATGTCATCGGTGTAAGTCACCGTAAACTGGACATCGTTGCCGCGGCCCCCTGTGGGAGGCGTCGTGATTACGCCGGGCGAAGAAACGAGTTCCACGACGGGCGGGGTTGTGTCGACAGGAGTCTGAATGTCAATCGAGAACGTCCCCAAACGACGCCCATCGGCGACGTTGCCAGCGGCATCCGAGAGCTTGCCCGGATCCAGTTGGACGACATATTCACCGTTGTCCTCGGACGTCCACTCACTTCGCCCAAACGGCGGCTCCATCGTGAAAACAAGCGTTTGGAAGGAATCCGTATTCGTCGGCGGACCAAACGCGATTGGTGGCGAGGTAACTCTTCCGTCCGGACTGATGACCAGAATCACGCCCCGGTTGATCGGTGCCAACTCTTGATTGTCGCTGAAATCCACCCC
CP042912.1_gap128	4282498	4285240	2742	CATTGAACCTGGACAAACGCAAAGCGAGTACCTTCACGCGTCCGGATTTTTTCAGTACGTCGGGGGCGGAAACGTCCGCACTCAGATCAATGTGAATGCTCGTGGCACGACCGGGCAGGAATCTTTTGCCCTTCAAATCGATGGTCAAACCGTAGCCACGTTCGATGACGTCAACACCGTGTTCAGTGGCTATGACTACATCGCCGACGGCGAAGTCACTGCGGATCAGATTCGTGTGGTCTTCCTGAACGATGCCTACGATCCAGCCAACGGAATCGATCGCAATCTGATCGTCGACGACATCGTGGTCAACGTGCTAGGCGGGAGCAATCCCGGAGCGATTCAATACGAAGCCGAAGCCGCAGAGGTTTACTCAACGGGAACGTGGACTGCCGCCGATGGCGTCGTGCCTGGATTTGGCCGCGGCGACACGCTGCACTCCAACGGCTACTTCCAGTTCGCGTCTGATTCGAGCCCGGTCAACGGAGGAAACTTCTCGCTCGAAGCCAGCCAGTACTCGGTTGCAGAAGGCGACGGCAACGTGGAAATCCGCATCGTTAGAACCGGCGGATCCGACGGCGTGGTGAGCTTGAATTATTTGACGGGAGACGCGACAGCCACCGCGGGTCAGGATTACCAGTCGCGCAGCGGGGTGGTGACGTTCCAGGACGGCGAAACGTCCAAGTCCATCTTCGTCCCAATTTCGGATGATAGCCAAGGCGAACAGGACGAACAGTTCAGCTTCGCGATCGACAACCTTGTAGGCAGCGGCACTTTGCTGGCTCCGCGAACGGCTTTGATCACGATCGACGACAATGATTCCGTCCAGGGAACGGGCGATGGTTTGCGAGCCGAATACTTCAACAACGCGAACCTGACCGATCGGGTGTTCACACGAGTCGATCCAAATGTCAATTTCGATTGGGGCACCGGTACGCCGAACAGCCAAATCGGAATTGATACTTTCTCGATTCGCTGGACGGGCGAGATCGAGTCACGCTATAGCGAGACTTACACGTTTAACACACGCAGCGACGATGGGGTTCGGCTCTACGTTGACGGCCAGTTGATCATCGACGAGTGGAACGATCACGCAGCGACCAACCATACCGGCACGATTTTTCTGGAAGCCGGCGTTCGCTACGACATTCGACTTGAATATTATGAAAACGCGCTCGACGCCGAAATGCGACTTCGCTGGTCGAGCGCCACTCAGAATTTCGAAGCCGTCCCGACGAGCCAACTTTATGCGGCTGACGCGCCTCCTAATCCTGGCGAGAACCTGACGGCAGAAACCGTGGTCAGCGGACTGGCACAGCCGACTTCGATCGCCTGGTCGGCAGATGGCCGCAACATGTATGTGGCGCAAAAGAGCGGCATCGTTCGGGTCGTTCGAGATGGCGTACTACAGTCGACTCCGTTTGCCGACATCTCGGCTCAGGTTAACAACGTACGCGACCGCGGATTGCTGGACATGGCGATTCATCCGGACTTCGAGAACAATCCATACGTCTACCTGCTGTTCACGTACGATCCACCGGAGGTTTATGACAACCCAAGCCATGCGTTGGCCGGACCGGACAAACCTGGCAATCGGGCGGGCCGACTGCTTCGCGTCACAGCCGATGCCTCGACGCAGTATCGAACGATCGTCGAAGGCAGCCAACAAGTTCTGTTGGGAAGTGCCAGTACGTGGAACAACTTCAATGCTTTTGCCAACAGCACGAATGATTTCAACGAGCCACCGGCAGGCATCCGCGCCAACGGCACGAACATTCAGGACTTTATTGCATCCGATAGCGAATCGCACACGGTCGGAGCGTTGGCGTTCGGCAATGACGGAAACCTGTTTGTCTCGATCGGCGATGGTACGTCTTACAATCGAGTTGACCCAAGAACGGTTCGCGTTCAGGACATCGACAACCTGTCCGGAAAAGTGCTTCGCATCGATCCGATCACGGGCGAAGGACTTTCCGACAACCCGTTCTACAACGGAAATGCGAACGCAAATCGATCCAAAGTCTATCACTATGGTTTGCGAAATCCGTTTCGCATGACGGTCGATTCAGCAACCGGACAGCTGTACATCGGCGATGTTGGATGGACTCAGTGGGAAGAAGTTAACACCGGGCCTGCCGGTTCAAACTTTGGATGGCCATATTTTGAAGGCGGAAGCGGAAACAGCCTGCGTACGGATCGCTACGACGATTTGCCGGAGGCTCAAGCTTTCTATAACAGCGGCCAGTCCGTTGTCGCCCCGACGTTTGGGCTCAGCCATGGAGCCGACGGGATCAACGCGATCGTGCTCGGGTCGGTCTATCGCGGAACGACCTATCCGGCTGAATATCAAGGCAGCGTTCTCGTCAACGACTTGGGGCAGGGCATTGTTCGCGCAGTGCAGCTCGATTCGAACGGCCAGGCGACGACGGTACAGACGTTCACCACCGGCGCACGGATCGTGGTCAACATGGTCGAAGGACCGGACGGGAACATGTACTACGTCGATCTCGACGACGGTGAGATCGGTCGCTGGGTGTTCAACTAGTTGTAGCAGCCGAGCGGAGCAGGCAACTGCATTCCACCTTTCGATTGCCTCGCTCGCCTTGCGTTTTTCCAAACGTGTCGCAGCGGTCTCCACCAAGTGCAGGCGTCAGTCTTTCAGTTGAAAACACGCAACCTTGTTCTTGCCGCGGACAATCAGGTTTCCGTTGGTAACGACTGGAGCTGACCAGCAAGGATAAC
CP042912.1_gap129	4290177	4290779	602	GGCTCCAAGATCGATCACTTGCTGAGCCACAATGATTCCGACGGCCGCCAGATCTCTTTCGATGGCAGGGCCAAGATTCCGCATTTCAGAGATGGCTCGATCGTCGGACATCGTCTACTCCAGAATCATCTCATCGCCCAAGGCTGGAATGATGACCGGCTGTATCTTGCGTTTTGCAAGTTTTGACTTGAACTCCTCAGCGGGTTCAAGTTCGCAATGCACCAACGCGATCTTTTTAACGTTGCCTTTGTCGCAAGTATCTTTGGCCCAATCCAGTAGCTCTTCCTGGTCGGCGTGACCACTGCTGCCTTCGAGCTTCGCGACCTTGCAATTAAGTTCATACTCTTCGCCGTAGATCCGGACTTTGTCGAGCGACTGATCGAGAATGATTCGGCCGAGGGTATGCGGAGCCTGATAGCCAGCAAACAGAACGGTCGTGTTTTCTTTTTCAATATTGTTTTTTAGGTGGTGCAAAATTCGACCACCTTCACACATCCCGGAAGCGCTGATGATCACAGCAGGCTCCTTCAACCTGTTAAGCGCTTTGGAAAGCTCAGTCTTGCGAACGTAGATCAGATCGCGAAACATCAGCGGATCCTGAT
CP042912.1_gap130	4318150	4321328	3178	GGTCACATCACGATTGACGGTGTTGACCTTAAAGACGTCAGTCCGCGTAAGCTTCGCCGTCAAATCGCGTGGGTGACACAAGACTCGGTTCTTTTTCACGGCACGATTCGTGAAAACATTCTTTACGGCAATCCGGACGCCACGGAAAAAGATCTCGACGACGCCGTCCGAACTGCGCGGCTGGGGGACTTCATGGATTCGATGCCTGAAGGAATCGACACAATGATCGGCGACAATGGCAGTCACCTTTCCGCCGGTCAGCGACAGCGTGTTGCGATCGCCCGAGCCGTTCTTGCCGATCCCCGAATCCTGATTCTTGATGAAGCAACCAGTCAGGTCGACGGACAGACCGAGACGCTAATCCATGGCGAGTTGGAATCTTTCATTCGCGGCCGAACAACAATCATTGTCACTCACCGGGCGTCGTCGCTGTGCCTCGCAAATCGGGTTATCGTGATGCGACTGGGGCGAATTGTGAGTGACAGCACCGTTGAAGAAGCGATGGAAAGCAGTCGTCCGTTCCAGAATCTGTTTGCCCGTTCGGCGTAGTCGTTCCGTTGCAAATTCGCGCCTGTTCTGCTGCCAGATCCACCCCATTTCGGCTCTCGATTTCCCAACCCCGGAACGTGCTAGCGACCCAATACCTTCAGTCTGTTGCAGGACTGAAAGGCCTGCTAAAGTCTGCCGCCGGATGAGGGTTACTTGCGGCAGAATCGACAAAAGTTAACAAGATTTCGGCTTTAACTGCCGATTTTACCAGTGTCGTTTGACTGTTGATTCGACAAGGAACCAGCCACGTCCTCGCCTCCTCGGCTCGCCATTTCAGGATAGACCATGAGACTGTTTCGTTCGCGGAAAAAGAAAAATTCCAACTCGGAAACCAAGCGACGGGTGCTCTTCGTATCTCACGAAGCAACTCGCACCGGTGCACCGAAAATCATCCTGAACGTGTTGAAACATTTTCACGCTCAATGCGACATTCAGTGTGAAACGATCCTGCACAGCGGGGGGTTCCTGGCCGCTGAGTTCGGGCAACACGGCGTTGTCGACTGCATGAATCTGCCACGAGAGCCTGGCGAAGAACTGACGAAACGCGTGGACAAGTTCGTGCACCGCGAAAAATCAAACATCCCTGTGATGGCTGTATGCAACAGCATGGAGTCGCGGTTTGTTGCTGCAGAACTTGCGCGACACGGAGTTCCACTGATCTCGCTCGTTCACGAACTGCCTTCGTCTTACACGCACCAGGACTACACAACGGTTTTCGATGCCTCTCATCGAATCGTTTTCCCGGTACACGCCGTCCGCGAAGCCACCGAAGCGTTTACCGACGTGCCGTACGGAAAGGGCCTCGTGCTTTCGCAAGGTCTGCTGAATCCGCAATTTGGAACAGGCATCAGCCGCGATGATGCTCACAAGCGAATCCGCAAAGAGTTGGGGCTTCCCGAGAACGCATTCATCGTGCTTGGGTGTGGAACGTTGGATCTTCGCAAGGGCATCGATCACTACGTCAATATTGCACGGGCCACTGTTGCCCAAAATCAGTCAAACATGCCGATCCATTTCGTGTGGGTTGGTGAAGGGCCGCGCTGGACGCATTCGCCGTACCACTACATCCAGCTGGATCTGGAAAATTCGCCGGCTCGCAACTTCGTCCATTTCATTGGCGAACGTGAAGACGTCGAGCCATACTTCATGGGCTCGGACGCGTTCCTGCTCACGTCGCGAGTCGATCCGTTTCCATGCGTCATCCACGAGGCGATGGCGTCGAGCCTGCCAGTGATCACGTTCTCCGACTCCGGCGGTGCTCCAGAAGCCGTTGGCAACGGGTCGGGCTTTGTTGTTCCTTACGGCGATCACAGCCACGCCGGCAACGTGATTCGAATGTTGGCAGCTCAACCAGAAGTCGCAACCGGAATGCGAGAACGTTCTTTCGATCGCGTTCACACTCGCTATCGCTTCGAAGACTACGCGGATAAGTTGATCGACGTTTGCGAGTCCATCATGGGCTACGAAATTCGTAAACCAGTCGCAGCTCCAACGGTTGCTCCGATCGCCCCACCGCCGGCTGCGATGTATCCGGAAACAATCCCGATGCATCCTCCGCAACCTCCGCAACCTCAGCCGATCGAGCAATACTCTCCGGAACAACGCCGAGTAGCCTGAATGGAGCTTGCCTGAACGATGCGAAGCTTCGGCTTGTAGCGGTCACGCCGAAATTTACGGCGCTCAGACAGGCCCGATTCTTCTCTACAGCACTCTCGTTCTTCATGCGGTTTTTCACAACGTACGATTTGAAAATGCGTACTTTTCTGGAATCCCGCCGTGATCATAAAATCATCTGACCTTGAGACAACTCTGGGTTCGCCTTCTAGCACACAAACCACTCGCGTTCTTCATTTGATTAATGGCGAGCACTTTGCGGGTGCTGAACGAGTCCAGGATTTACTTGCGATGGCGTTGCCTCAGTTTGGCTACGAAGCCGGATTTGCGTGCGTTAAAGCGGACAAGTTTCCGAAAGTTCGGCGCTCCAGTTCCCCGCTGTACGAGCTAAACATGAAGAACAAGTTCGACCTGCTCTGTTATCGGAACATCGCGAAAATTATCTGCGACGAAAACTACAAACTGATCCATGCTCATACTCCAAGATCGCTGCTGATTGGAAGCCTTGCCGCACGAGCCACTGATTGCCCGTTGATCTATCACGTTCACAGTCCTGCGGGCCGCGACAGTGAGCGTGGCCTCAAGAATTGGATCAACACGAAAGTCGAAACATGGGCATTGAGTCGAGTCGATCGGATGATCTGCGTATCGAACTCGTTGATGGGCTATATGGAATCACTTGGCCATCCGGCGGTCAAGCTGAATGTTGTTTCCAACGGCGTGGCAGCGATCGATGATCTTCCTCATCGTGATGCACCGGGCAAGAACGACGTTTGGACATTGGGAACGATGGCCCTGTTTCGCCCTCGCAAAGGCGTCGAAGTCCTGCTCGAGGCATTGTCGATTTTGAAGAATCGTGGCGTCAAGACTCACCTCCGTGCCGTAGGTCAGTTTGAAACTTCAGAGTACGAATCTGAAGTCATGAACCTAGTCAATCGACTAGGTATTGCGGACATGATCACGTGGACCGGTTTTCAAACGAACGTCAATGAGCAAATCCGAAAGATGGATTTGT
CP042912.1_gap131	4322777	4324800	2023	ATTCAGGACGCTTTTAGCAGCGTCAACGTCAAGAGTTTCTGCCTGACGACTGGCTTGAACCAGCAGACTCAGCAACAGGTTGATTCCAAGGTTCGTGTTGGATCCGGCAACCGCGAGAGTGCGATTCGCGACGGCAAGAACCGTTTGTCCGTATCCCTTGCCTGCGCTTTCATCAATCGCCTGGCCCATCGCGACTGCGCTAGTTGCAAAGTCAATAAACGAAACGTCTTCGAAATCGGCGCCGCGATGCACGTTACCAGGCTTGGACGCCGTAACTTCCAACAAACAGGCCAGCTCAACCAATCGGCCGCGCGACAGACCGTGGCACCATGACAGTGAGTTGCTCATTTTGCGGCATCCAAAAATTCCCGGACCAGCGAAACGATCTTTTCCGGTTCGTCTTCGACGATGTAGTGCCCGCCGTTCTCAAATTTGGTGACGACTGCATCAGGCCAATGCGACTCGAATCGGTCCAAACATTCCGGGCGGAAGCACCAGTCCTTCATTCCCCAGATCAGGCGAATCGGCATACAACCAAGTTCCGGCAATCCAGCTTCGATGCGTTCGAGGACTTCCCACGTTTTGTGCGATCGCGAAAGCGGGATGTCTTTGACGAATTTGTAAGTCGCGATTCGATTCGACCATGAATCGTACGGAGCCAACAAGCCGTCGGCTACATCCTGGGGCAATCCGTCTGGACGTTCGGTTGCCATCGTCACTGCGGCTTTGGCGAACAGATTCATTCCCTGTAGACCAACTTTCCCGAACACCGGCCAGCGACAAACGCGAATTCGAAACGGAATGAAAGGTGGCGGGAAAGCCGCGGTGTTGAACAGGACAATCTTCGAGAATCGTTCACGAAGTTTTTGTAGCGCCCCGAGCCCTATCGCTCCACCCCAGTCGTGCGCGACCAGAGTCGTATTCTGCAGGTCAAGTCTTTCAACCAGATTGCAGACATTGTCGATATGATTCTGCAGACAGTAGTCGTAGTCTTGAGGTTTGTCGCTCAAGCCGCAACCAATATGGTCGATGGCGATCGTTCGAAAGCGATCCGAGAGTCCTGCGATCAAGTTTCGATAGTAAAAAGACCAGGTTGGATTTCCGTGCACCATCAACACCGGCGGCGCATCGCGCGGGCCTTCGTCGACATAGTGCATTCGATGCCCATCAACGTTGTGAAAATGGGACTCGAACGGATAGAGCTCACGCCAGGATTGCGAAATAGAGTTGACCAAGGAACCGAATGCAGAGTGCGACAGGAATTGAATCGCAGCATTCTATCGGCCAACGCTGATTTTCTGTAGCCGTGAACTAGGCAACTGCTCGTCGTTGCCGGTTCGCCGCATCCCGCCAAAGGACAAACTGGAACGCCAGCTTTTTGTTGATCATCGTCGGTTGGGTTTGCACAAACCCGACACTGCGGAACGCTCGCTCCGACGCGACGTTACCCGGGCAAATCCGTGCAACCACGGAATCCATCAGTGGATTTTCTTCGAAACCCAACTTGCAGGCTCTTTCAATAATCGTTCGCCCCAGCCCTTTGCCACGGCGAGTATGGTCCAGCGTCAACTCAATCACCGCCTGCTGCGGATTTTCGAATTCGAGGCAAACTTGACCAATCGGCAAACCATTTCGGGTCTCGGCGATCCATCGACGAGTCTGTTGATTCTCCATTTTCTTCTGCAACCAGATCCGAAACGTCTCCAGAGACATGCGATCTGAATTGAACGAGACCGATCGGACTTCGGGATCATTTCTCCACGCAAGTAAAACTTCCGCGTCACTCATTTCGGCTTCGCGCAGCTTCAGTCCCCAGTTTGCCATCTGCCGAGCGATCCGAAAGGCGCCTTTCCCGTCAACGAGCGTCCTTCCCGCCTGTGACATTCGGTCTCGCGTCACTGCATCAAGCGAAAGGTCGCGGATCATTCTGGTCAGTCGGCTTGAGCACTCCTGATCCTCCCCATCCGGATCGAAGGCGGTGAGCGTTCCGTACTTTTCCAGTGCTTCGACGATTGGGATCTGA
CP042912.1_gap132	4328884	4330689	1805	AGCGCGGCATAGCCGACGTCGAAGTTTTCAACTTTCCAGTCCATCAGATGCTGCATCGATTCGAACTGCGGAATGGCGATGAAGTTCGATGCGTCAATCTGATACGTGGCACAGTTGCGATCCAGCAACTCCATTCCATGCTCGCGCCGCCCCCGACAGTTCGCACAGATTGATGGGTCGCGATCGACGTTGAAGTCGCAGTTCGCGAGCTGTCCTTCGCAACTGAGAAAGACGACTTCGTCTCCGGCGTCGAGATGCTGCTGAGCAATCTCAAGTTCTGCTTCGAAGTGCGGCGCGACGGTGCGATAGGGCGAGATGATAGCGATCTTCATGATCAGGCTGCGTCCGTGTTTTTCTTTCGTGGCCGGCGACGAAACAAGCCAAGCTTTTTCCAATACGGAACTCGTGGCTTGGCTCCTTCGGCAGTTGGTCGGAAAACTGTTTTCCAGGTGTAACGATCTGCCGCTTCATTGACCACGATGTCGATCGGATGAAGCATCGGCCCCAAATCGCAAGCCGGAATGTCGGCGAGTTTCGATTCGGGGTCGATTGTGTGAGTTGCGTCGCTACCAAAGCCAATGTTGGTGACAAGGTTTTTCTCGGGCAGGATACTGAGTCCATTGTTGGCCCACACGGCGTAAGCCCAGGGAAAGTCCCAGGTATCGATTTCGCCTGCGTGCTGCATGTCGAGAGTTCGCGACCAGTGTGCGTACTCGGCGGAGTCCGGGAAAATCGCCTGCAACTGTCGGGAGCGTTTCAGCTGCGGCCAGGACGAGACATCCACGTCAAAATGCTGCCAAGCTCGTTTCCACGTGGCCCATCCCCAGATATGAGTCCAGCGGGAAAAATAATAGCTGGCGTCGCTTCTTCGCGAACGTTGAAAGTTGTTTCCGCTGACCATCATGACTTTTTCAACGTCACGATATCGATCAAGCAGGTTACTGCAGTAGCCGTAGAACGACGGGTCAGGCAGGCAGTCGTCCTCAAGGATAATCAGCTCTTCGGATTGTTCGAATGCCCAGCTGACAGCTGAGGAAATGGCATGCTTACAGCCCAAGTTGTTTTGCAGGAACCGCGTTCGAACTTCACACGGCCAGTCGATCTCGCTCACAATTTCGCGAGCCGCTGCGACCTTCGCATCGTCGCCAGGGTGGAGCGCTCGTGGACCGTCGCTGGCAATGTAGAGCGTCGCTGGGCGACGTTCTCGAATCGACCTGAAAACCCGGGCCGTGAGCTCCGGTCGATTGAAGATGCAGAAGAGGATTGGAGTGCTGTTTGGTTCCATGATGGGGCGGTGATACCGAATTTTCAAAGTTCGCTCAACCCGAAGAAAGCTTCACCAAACTGAAAAATTCCATGACGAACAAGCACGGCAAGTCTGTCCGATGCAAAATGATGTTTTCATCCCCATCGATTTCGTCAACAACGACTTTAAGTTCCGTTCTGGCGTTTACGGACTTTAGCCGTTTTGATAATTATCTGGTAAAGCACTCATCTTTCTGGCATTGCTGTGAACATTCTCACTCGTCCGTTTCGAAAACCCAAGAAAAGCCACGTTGAAGTTCCGTTCATCGATCAGCTAGCGAATCGCTTTCCCGATTCGACCGTTGCTCAACGTGAAATCATCGATTCGGTCACGCCGTACACGATGACTTCGCCGGAACGAATCCTCGCGCTTTGCGAAGCCGTCGATCACGTTTGCAAAAATGAAATTGCTGGCGACATCGTGGAGTGCGGCGTTTGGAAAGGCGGCAGCATGGCGGCGGTTGCCCACTCGCTGGTCTCACGCTCTCAGGATCACCGAA
CP042912.1_gap133	4354401	4358521	4120	TTTGTGCAGGAACTTGCGTTGCAAGCTGGCTGGCAATTTCCTTCAGCGGATGGGGATCGAACACGGCAACTGATTCGCTCAGCGAGCCGAGAGAAACTCGCTTGAGCCCAAGTTTCTTGCGGACGTTTCGCAGGTTGCTGGCTTGTTGAATTCCACGCAGCGAGGTGATGGTGGGATTGAACAGGTAGAGGAGAACGCCAAGGCAATACTCGTCAAAGTGAAGCGAGCGATTATTGGCGCGATCGCGTTGACAACCGGTTTGGTGCAACTTTTCCAACAGCGTCCTGATCTTGCTGAAGTGCTTCAGCCCTTTGATGTCGCTGGCTTTGATTTTGGGCGAGGCGTTGGCCACGAAAATTCATTCCGTCGTGCTACCTTTTTCACCTTCTTACATGGTGTGCCGGCAGTTCTTTCAAATCGCGGCTGCAACCTTTGCAGCAAAGTCCTTTTTCGCGATACAAGAATCAATCAACGCAATCCTCGTGCCGAACACTATTGAGCCTGACCCCTTAAATTTGCCCATTGCTAATAGTCAAATGACGCATGAAATCATTTTTAGTTGGGGGATGTGTTTATTTTTCAAGACTATCTTGCCAATGGACGCCTTGTCACTCTGTGCTTGACTCGTCGGTCGAAAGCAGGGCAGCACTTCATTATTCTGGTGAAGACGCAGTGTTTTTATTCTCGTTCTCTTTGGATTTGTCAGCTTCAAGCAAAGTTGTCGCTTTGGATGCTACAACGTCAACCAACTTCATCATTTTGTCAGTGTCTTCCAGATAACTTTTGTCATACGCATCAGCCTTGAATGGCTTGTTTACCGAGAACCAATGCAAAGCAGCAGTAGTGTCGACGACGGAAAAATAGGTCATGCCTTTATGTACTTTTTGACTGTTGTTTCTTTTTAAAATTTTCGACGGAAGGTAAACTCCATCTCGTTCCACCCAATCAATCTTTTCTTCAGAGATCATCGATCGTTTAGTCTTTGTCTTCAGTAATATTTCCCTTTGCAAAGGAAGCATTCTCTCCGCGTCCATTCGGAAGACCATCGCGAACGTTTGTTTCATTTCAGCTCTGGAAACTTCTAGCTCGATCGTTTGTTTGCCATTGATCAACTTGGAAAGGCCAGAGATGGAATCTCCTGAACCAAGTCGTTCAATTGCATTCTCAGCTTGGGCAAATTGCCCTGTGCCTCCAAAAGTTACCATTCCGACAGCGCGGATTTCCGGAATACCAATCATCGACAATATCTTGGCTCGGGGAGCATCTTCTTGAAGTTTGACAAGCTTGTCCGGCAAACGTCGAGTGAACATTTGATCACCGTTGAAAAGCAATCCTGCAGCACTTTGTCCTTCGTCGAAACTCAGTTCAGATTCATTGTTGAGAGGTTCGTGTAAAAGTGAATTCTTATATAGTCTGACGGCTAGGGTCTGCTGACTTATGTGGTCAAAGCGAACTCGAAAGTACTTTTCGTCTTCCACGATCAATGTGTCTGTCGGTGTCACCATTTTTGTTGAATCAAACCGTTTGGTGACTCTCAACAAGAAGTCGCCCCGCTGAATAGAAAGAGCATTGGAAAAAGTACCCTCAAACAGGCTCGCTGCGTTTAACCGATCTTCGATGGTGAATTCTGACGTAACTTGCCCTACCGACATGCTTTGCGAAAAAGGCACGGTGAAAATAACAAGCAGAGATGAAATCGAAAATTTAAGTAACCAGCTCATGGGACATATCCAAATGCAATTTATTGGTCCATCGCGTATCTTTGTGGAGAGCTAGATTTTCCTGGAAAATAGCGGCGTTTGTTTGATCGCTCGCAGGATTACTTTTCTCGGGAAAATTGAAGCTTGTTAAGTTTAGCCCCGAAAATCTAGGTTTGGCAAACAGCAAGAAATCGTGAAAGATTGATTTTTTAACGGAAAATCTTTAGGTGGTTTCAGGGCAAATTTGCGGTGCGATAGGAATTTCACCAGAGGTTCTGTTTTTCATAGCATCAGGATCGCCGTCGCCAACAACGCAGGATGCGCCCACCAGTGGATCAAATCCATCTTCACACGCGCAAGGAAAATCGTATGCGCAAACAACATTGTGCGTGTCCCAGTTTCGAAGCCCATATCTGGTGATGTTTCCCACTGCGTCAGTATCCAGAGCTGCCATCCATGGACGAAGCTCATTGTAAGACGCGAAAGTTGGAATTCGGTCGTGCGAAACCGCGCAATTCGCCGTTGGATTTGGATTCAATTCATTCCAGTTATCTTCGGTCAAAACTGAAAAAGGGTCTTGGGTTAACAGTTCGCAACTTGCATCGGTACAAAAAAATACTGCCCAGTCAGCGGGGCAATCTACAGGCTCTGTTATAAGGCACGGTTTTATTGGAAGTTGCCCGAATGCAGTCGCATTGGAAAACAAAGCAAACAATACAGTAAAAAATAGAAAGCTAGGAATACGCATGGGCAATCTCCTGAAATTTTGGGTCCACCGCGGATCTCTATGGGTCGAGGTCGAGTCCACCGCAGTAAAAGAAGATCGCTGTTTTGTAGTTTTGCCTGTTTCTGTAGCCGCCAACTCGTCGCTTGATCGATTGAATCTTGCTGTTGATTCCTTCGGCAACTCCGTTTGATATTCCACTGAAGGTGCAGTAGCTGACGACGTTGTCGATGCGAGTTTTGATCGTGCGTGCGACCTTCTTCATTGGCTCCAGCCGAGTGTGAATCACCTTGCGGTACCACCACCTGAAAAACTCTTTCGCCTCCTTGGCGGTGTCGTGATGCCAAAGATCGCGAAGCATCTCTTTGTAAGTCCATGCCTTGCCAGTTTCGAGTTTGAAAGAAAACAACGCATCAAGACGCTGCTGGCTTGATTCCTTGAGGTTGTCATAGTTCTTCAGAAACAGGTAACGAGTCCCTGTTAGCGTGTCGTCACCTTCGCTGCGGAGACGCTTGTTCTCTTGCTTGCGAACCTTGTCTACCGCTTCGTTGACCAGCTTCATCACATAAAAACGGTCGTGCACAATCTTTGTTTCTGCCAGGGGAATGTTGGACTTTGCAGCGTTCACAAAAGCAGAGCTCATGTCCATCGCGATGGCTTCGACGGTTTCGATTTGACCCGGTAAAAGTTGAGAAAAGCATTCGTTGGCGGCCTCTTTGTTGTGGCCTTCGGAGATCGCTTCAACCGTGCTGTTGTCGAGGTCGTAAATCAGAGTAATGTAGTTCTGCCCTTTCTTGAAAGACTTCTCGTCGATGCCAATGTGAGGCAGTGGACTGGATTGCTTTCGAGCTTGCCCACGCTCGACGGCTCGCTCAAGAATCGTCCAGGTCGCTTCCCAGCCAGTTCGCAGAATCGTGCGAGCGCCTTCGATCGTTTGTGTTGCCTTGAGCAAGCGGATCGCAAAGGCCTCGAACATCAACGTGAAGCGACTGTTGGGACTGGACCAGGGAACTTGAACCTGTTTCACGCCGTGTTCGGGACAATCCACTCGGGGGATCGAAGCCTCCAGCATCGTCTTGAATTGACAGCTGTCCAAGTGACGCCAGCGACGCGATGGAGAATGGTCATAGCAACTCAATTTCCGATCGCACTGAGGGCAGCAGAACTTCGTGCATCGTGCGTGACGCACACTAACGACGATCTCACCAAGTTCCATGTTCAGATCAACGTTCGATACTTCCCAAGGCGTCTCAATGCCAAGGATCTGTTGATAAAGTTCCGTGTCTTGCATTTGCGTTCTCCTTCTCGGAGAATTTTACAGGACCCACAAAATTCCGCGATGGACCAATTTTTGGCGCTAGTTGTTTGGTGTTGTCATACCTGAAACTACTATTTGTGATGATAGCTTGTGGAATGCTGAACTGTCAATTATCGACCAGTCGAGAACGTTAGGCAACTCGTCGTCGATTTGTTCGGGGCGAATCGAGATCTTAACTCGAAAAATTCGACTGTCTGTTCCCAGTTCTCTGGCTTCGACTTTGACTGGTTTGTCTCCGATCATTGCTGTGAAAATAATGGTTGAAGTCGCTTTCGATTCCAGTACCGATTTGTATGGACTGTTCACATTTTCTTTGTCGTTGACGTTCACAGCTTGATCCGGTTTTTCCTTTGGTAGTCGTATAACTGCCGTTGCCGT
CP042912.1_gap134	4361082	4362838	1756	GAAACAAAGATTGTGCACGACCGTTTTTATGTGATGAAGCTGGTCAACGAAGCGGTAGACAAGGTTCGCAAGCAAGAGAACAAGCGTCTCCGCAGCGAAGGTGACGACACGCTAACAGGGACTCGTTACCTGTTTCTGAAGAACTATGACAACCTCAAGGAATCAAGCCAGCAGCGTCTTGATGCGTTGTTTTCTTTCAAACTCGAAACTGGCAAGGCATGGACTTACAAAGAGATGCTTCGCGATCTTTGGCATCACGACACCGCCAAGGAGGCGAAAGAGTTTTTCAGGTGGTGGTACCGCAAGGTGATTCACACTCGGCTGGAGCCAATGAAGAAGGTCGCACGCACGATCAAAACTCGCATCGACAACGTCGTCAGCTACTGCACCTTCAGTGGAATATCAAACGGAGTTGCCGAAGGAATCAACAGCAAGATTCAATCGATCAAGCGACGAGTTGGCGGCTACAGAAACAGGCAAAACTACAAAACAGCGATCTTCTTTTACTGCGGTGGACTCGACCTCGACCCATAGAGATCCGCGATGGACCTTTTTATACAACCGCTTGGCCTATCTTCGACGCGGCGCCTAGTCGACTTTCGGCTCAAACAAAGGGGATGTCCGGGAATCAGCACCGACTGCTGAACCGGGTTTTCTCCAGACGCCTGATTCGATCGTTTGGCATGTCCAACGATCGTCTTTCTTTGCAAGTGTCCGGAACGCGCACAATTGATCACAGTTTCGACCGCTTGATTGTAATCAATGCGCACGCCGGGGTTCGTGCCAAGACCTCCAAGCGAACCCCTGAACCAATTTCCTCCCTACCCTGGACCACCGTTGAGACCTAAACTGACTCCGCTGGTCAGGTGATCGCTGGCGAATTTTTTTCGCGAGAGGAAAGTCCGGGCTTCGCAGGGCAGGGTGGTCGGTAACGCCGACCGGTCGAGAGATCAGGGACAGTGCCACAGAAAGCAAACCGCCGAACGGAGCGATACGTCGCTTGCGTGGCAAGGGTGAAACGGTGAGGTAAGAGCTCACCAGCGCCGTTGGTGACTTCGGCGGCTTGGTAAACCCCACCCGAAGCAAGGCCAAACAGAAAGCAGTGGCGGCCCGCCGCGTTATGACTTTCGGGTAGGCTGCTTGAGCGTGTCAGCAATGGCTCGCCTAGATAAATGATCATCCACGACAAAACCCGGCTTACCGACCAGCACTTTTTACATTTTCCGTTTTCGAATTAATCGATTGTCAACCGGCAGTTTCAAAACCGGCCAGGCACTGTTTGGCAAAAGTGAGCGGCAGGGCGCTAGCCGCCGGTCCGTTGCGCTTTTTACCGGCGGCTAGAGCCTCACCGCTCATGATTGACCGCGTTGACGACATGAAAATCAATTTGTCAAACAGTGCCTGGCGTTTGCGGTACCATTTTCAGGAGTTCCGTTGCTATCGGGTGAAAGCCTTGTTGATCACATGCAAGTTGAGAAAGTGAAAATCCTGCGACCCGGGACAACAGATCGCAGATCGTAGTTGCAGCAAAGGATTCGACATGGTGAGAGCAGCGAGAATCATCCTGACCGGACAGTTCTTGGTAACTCTCCTCGTTTGTATCGTTACCGCGCTCGGCGTCAAAATCGACGAGGAAGCGGCCGGATGCATCATTGGCCTGATCGCAGCACAACTTCTGTTGTCCGCAGTTTGGGTGGTCATGGGGCGCTCTTCGTTTTGGTTCCGATTTTGTTCGGGAGCCGCGGCAACCACCTTG
CP042912.1_gap135	4413187	4417673	4486	GAAGGTGGTTGCAGGACTCCGTTCATTACTCATTGGCCTGGAAAAATTGCTCCGGGAGTCAGCGACAAAATGGTCTGCACGATCGATATCGCCAGCAGCCTCGCGGCGTTAACGGGTCAGACGCTCGCCGACGACGCTTGCATCGACAGCTTTAATGTCCTCGACGCAATGTTGGGTGAACCGGAAGCGACCGGACGACAAAGTTTGATTCTGCAGGACAACGGCAATAAAGGAAACTGGTCCTATATCAAGCTTGATGGCGACAAAGCCTGGAAGCTGCATCGCTACGATCAGCAAAAGGCATTCAACGTGGTCGTCGAACGTAGACTCGCGACGACGAAGAAAGATCTGTTGGAGCTTTACGAGATCAATTCGGATCCGCAAGAACAACGCAAAATCGCGATCACCTCGGCTAACCCAATCCCGATGGAGTTGGCTGGCGAACTTCAGGCGGCAATCGATGACGGCGATACAGGGCAGGGCACGCGTCCGCGTTAGCCTTCAACATTCAGCTTTCCGGCCTTCGCCTCACATGAAGTTTTCTTGAATATGCCGCGACAAAACGGCGAAGTCGCCGCAAAACCACGGCATAGCGGCTCCAACGAGAATCGAATGTGAGCTTGCGCGTTTTCGAGTGGATTGATTCCAAACGAAGTCAAAGTAAAACATGGCTTCGTTTCGCGGATCACCACACATCGAAAATGACGTTTGGAATTTTAATGAGGTTCGTTCTTGTAATCGGATTCTTCTGCGTTTTGTTGTCGCCGCTGTGCAAAGCGCAATCAACGCCAGGAGTCGTCGAACGTGGTCACGCTCACAATGACTATCGTCACGACAGGCCGTTTTGGGATGCCTACGATCACGGATTCTGTTCTATCGAAGTCGATATCTATCGTTCCAACGACAAGCTACTTGTCGCGCACGACGTTGCGGAACTTCTGCAGCATCCGGGAACGCTTCAGGAACTGTATCTTGACCCGTTGCGGGAAGTCGTCGGTAAAAATGGCGGTCGCGTCTATCCGAACGGACCCGAAACAATCACCTTGCTGATCGACATCAAGAATGACGGCCGCGACGTTTTCCCGTTGTTGAAAGAGACCCTGGCTCAATACAAAGACATGCTGTGTTGTGTCGAAAATGACGCCTATCAAAAACGAGCCGTTCAGGTTGTGATCTCAGGCGATCGCCCCAAGGAACTGATTGGAAACGATCCTGATCGGCTGATGTCCATTGACGGACGCATGTCTGACCTGGAGTCTGAATTATCTCCGGAACTCATGCCGCTGATCAGCGATCGCTGGAGCAGCCATTTCAAATGGCGAGGTGAAGGCGAGATGCCCGATTCGGAGCGACAGAAACTACAGGACTTCGTTGCGACAGCACACGCTTCGGGCCGCAAAGTTCGTCTTTGGGCGACGCCGGAGTCGACCGCGGTTTGGAGCGAACTTTTGGCGGCCGATGTCGACATGATCAACACCGATCAACTTGAGAACCTCAAAACTTTCCTCGCCAACGCGGCGAACTCAACCGCCGAAACTGAAATTCCGGACACGGTGACTCGCATCGGCATGATCGGTTGCCATCGCCAGGACCGTCCTGCGCCGGCGTTCAATCGCTACTACGAATCCTCTCCCGACGTGATGGTCTGGATGGGAGACAACGTGTATGCCGACACGAAAAACGACATCACCTTCATTGAAAAATGCTACCAGCGAATGGCGTCACAGGTTGCCTTTGAAAAACTCCGCGAGTCGATCCCGTTCGTTGTTACCTGGGATGACCATGACTATGGACTCAACAACGCAGGAAAGAATTATCCGCTGAAGGACGAAAGCCGAAAGCTGTTCCGCAAGTTCTGGGAGATGGAAGAGTTCATCCCCGAAGATCGTGACGGCATTTATCACGCTCGCTATTTCGGATCCGGCGAAACGCGCCTGCAAATGATCATGCTGGATACGAGATACAATCGCGACGACGAAGGCGATGCCAGCGATACGCTCGGCGAAAACCAGTGGACATGGCTTGAATCCGAGCTCAGGAAACCGGCGAAAATCAGGCTGATCGCATCGGGATACCAGGTTTTACTGGACCGGGATCAGAAATTTGAAACGTGGTCAAAGTTTCCGGCGGCGAAGAAACGGCTCTTCGACTTGATTCAAATGTGCGAAGCCGAAGGAGTCATCTTTCTCGCAGGCGATCAACACTACGGCGAAGTCAGCCGTCTGCCGAAAGCACTTGGTTACGACGCCGTTGAGTTCATGTTCGCTGGCATCAATCAGGAAGAGCAACATGTTTTCAATTCGCATCGCGTTTCGCCGGTCGCTCACGCGTTGAACTCCTATCCGTTGATCGACATTCAATGGCAGCCAAGCGAAATCGATCCGCCGCATGTGATGCTGCGTTGCTACGACGCCGACACGAACAAGCTGGCACTTTCCTATCGAGTCAACTTTAGCGAGCTGCAGCGGGTGCAGCAGCGGAAACCAGTTGGCAAAAAATAACTGCAAGAACAATTCTGTACAAACAGGAACATGTCATGAGATCACGTCGCGAGTTTTTGAGTGAGTCCTTCTCGTCGGTCACCGGGTTCGGTGTAGCGACTGCATTGACGTCGCTGGGCGGTCGACTCGCGCTCGGCGAAACAGCCAAACCTGGAACTGAGCTGATTCCCTGCAAAGACGATACGACAGGGATTCCGCTGATCCGACTTCCCGAAGGGTTTCGCTACGTGACGACCGGGTGGACGGGCGACCCGATGAGCGACGGTTTGAAAACGCCATCAGACCATGATGGTATGGGAGTTGTCTCAGAAGAGAACGGCATCGTGACGTTGGTTCGCAACCATGAAGTCAGCAAGGACGGCGACGCGTGGGCGGTGAAGAATGGCGAACCGTTTGATGCACGTGCGCTCGGTGGTTGCACAACGTTGAAGTTCGATTCGAAACAGGGCAAGTGGCTTGAGAGTTTCGCGTCGATCTCTGGTACCAGCCGAAACTGTGCCGGCGGCGTCACGCCCTGGGGCACTTGGCTAACGGCCGAAGAAACGGTCCTCGGCATCAACGATAAAGATCACTACAAGAAAAACGTCAAACGATCGTTTCAGAAAGATCACGGCTGGGTTTTCGAAGTCGATCCGGCGGGCGTCAAGAAACCTGTGCCACTGAAAGACATGGGTAGATTTGTGCACGAAGCCGTTGCGATCGATCGTAAAACGGGGATTGTGTACGAGACCGAAGACCGCGGAACCTCCGGTTTTTACCGCTTTATTCCGAATGAAAATGGAAACCTGGCTGCGGGAGGCAAACTCCAGATCGCCGAAGTCGTCGGACAGGATGACTTGAGGGGCAGCGTGGAGAAACAAGCCACGTTTGATGTCCGCTGGCACACGATTCCCGATCCAACGGTGGCTCACACGCCCGGCAAAGACAAACCGGACGAGCTTGGCGTATTCAGTCAGGGCAAGAAGCTTGGCGGAACAACGTTCTCTCGTTTAGAAGGTTGTTGGAGCGGAAACGGAATGATCTACTTCGACGCAACGAGCGGCGGCATTGCCAAAGCCGGTCAGATTTGGCAGTACGATCCGCAGGCTGAAAAACTGACGATGCTATTCGAAAGCCCGGGCAAGGAAACGCTCAACATGCCTGACAATCTGTGCGTCAACCCGCACGGCGGTCTGGCACTTTGCGAAGACGGCGACTATGGAGACAGCAAGTATCCTCAGCGGATCCATCTTCTTTCGCAGGATGGCAAGCTGACGCCGTTCGCGCTCAATGATATTGAGCTCGAAGGCCAAAAAGGATTCACCGGAGACTATCGCGGCAAGGAATGGGCGGGCGTCACATTCAGTCCTGACGGACAATGGATGTTCGCGAATTTGCAGACTCCCGGGATCACACTGGCCATCACCGGGCCGTGGGAATCGGTCACGGGATAATCGTTCAACCATCGCAAAGTTGGTGACAAACTATTGCGATGTTTAGTAGGCAGCGCAATATGCGTTGCCAGCAGGATGTGCGGAGCGTTAGCAGATGTGCGGAGCGTTCGAGCCCAGCCGAGTTCAGTTGCGGTCTTCAGTCGGCGACGGTTCGCCGAGACGTTCCGTATCCTGCTCGCCGGGCTCGTCGATTCGGTCTCGCATTTCAATAATGCGCAAAACGACGCCGACGCGATTTGAGACGTCAAGCTTTTCGTGGATATGTTCCATGTAGTGACGAACGGTTCGCGGTTTGATGCCAAGCTCTTCCGCAACCTGGTTTCTTGTCATGCCCTCAAACAGCCTTTGGCAGACTTGCCGTTCGCGATTGGTCAGTCGAAATTTTTCAGAGGTAATCGTCCACTGCTTCTGAGTCAGCATCTCACTGCCAGGCACCGAAAAATCTGCTATTGAATCTGCAACTAGTTTAAGATGCCCTGCGTGGCTTTTGCCCATCATGGAGTCGCTCATCGATGCCTCATATCCTGATATCGGTCAAAGAAATATTGGTTT
CP042912.1_gap136	4453951	4454716	765	CTCGATTCATATGTTCAGCGACATCGAGAAACCGGTTGAGCTGGATCTTTCATGCAGTGTTCAGCCGGGGAACACGGAGATCGAACGCGGCACGAATTTGCTGGTACTGGCCGAGTTCGCAAACGATTCGCCGCCGGAAGCCGAATTGCATTTCACAAAGCAAGCCGGAGGTGACAGCGAGGAACGAGTCGTTTCGATGACCCGAAGTTTGGACGATCCGGTTTTCGCGACACGCATCATGCAGGTCGATCAACCGTTGACGTATCGCGTTGAATTTGCAGATGAGACTTCGCAGGAGTACACCGTCAGCGTGTTTGATTTTCCACGCATGCTGCGAACGGATGTCGAACTGAGCTATCCCAAGTACACCAACCTCCCGAACAAGGTTCTGCAGGACACACGTCGGTTCTCAGCGGTCGTCGGCACCGATGCGAAACTGCGTTTCAATCTGAACAAGGAAGTGACTTCCGCGACGCTGCGTCCCGAAGGCGAAGGCGGCGAATCGTTGCAGCTTTCGCAAAATGGAGAGAATCCGCTTCTGTGGGAAACGGATCTGGTGATTGAACGATCAGCCAAATATCGGCTGCACTTGCTCGACGCCCAGCAGCGTGAGAACAAGTCGCCGCCTCGGCTGACGATCAAGGCGTTGGAGAATCAACCGCCGGAGTTGAAATTGCTCGAACCGGCTCGTGACCTGGCGGTTTCCGCGCTCGAAGAGGTCTCCATGAGTGCTTCTGTGTGGGACGATTTCGGCATCGCGAAAAC
CP042912.1_gap137	4459814	4464488	4674	AGTGATCCTTGTCGTCGGCGCCGAAGGAAACGACGAATACAAACAGCAGTTTGCTGCATGGGCGGAAGCCTGGGAGCGAGCGGCCGCCGATACCAGCTTGACCGTGATCGGGTTGAACGACGCAAGGAGTGCGTCGAAATCACAATTGCAAACGGCGATCGAAGAATCAGCCGGCGACGAAAATCTACAGGAAGTTTGGCTGGTGATGATCGGCCATGGAACTTTTGACGGGAAGCGAGCCAAATTCAACTTGCACGGCCCCGACATCCAGGCGGATGAACTCAAGCGCTGGCTGGCTCCGCTGAAACAGCGATTGGTGATCCTGAACTGTACCTCCAGCAGCAGCCCCTTCATCAATTCGCTAAGTGGTCAAAATCGAATTATCGTCACGGCGACTCGCGACGGATACGAATACAACTTCGCCCGTTTTGGGCAATTCCTCGCGGCGTCGATTGATGATCCTGCGATTGATCTGGACAAAGATGGACAGACATCGGTGTTGGAAGCGTTTTGCGCGGCCAGTCGCGGAGTCGACGATTTCTACCAACAGGAAAATCGACTCGTGACCGAACACGCGTTGCTTGACGACAACGGAGACTCGAAAGGAACGCCCGCGACCTGGTTCGATGGAGTTCGTGCGACTCGCCGCCCCAAAGAAGGAATGCCAGACGGCTTGCTCGCCAATCAGGTTTTTTTGAATCGCCGCGGTGAAGAAAATTCGCTAACCTCGGAAGATCGTAAAACGCGTGACCGGTTGGAGCTGGAACTGGAGCAAATTCGTTTGCAAAAGGAAACGATGGACGAGTCCGAGTACCTGTTGAAAATCGAACCGGTGCTGATCAAGTTGGCTGAGTTGTATGCGAAGAAAGGCGAGTAGTTTTCTGTCGCGGATTCCCCAAATAAAAATCGCCGATTGCGAAATGTGATACTTCGAAGATACCATGACTTAATGAATAAAATCGCGATACTTGTTGACGTCCAAAACATCTATTACACGACACGGCAGGCGTTCAGCCGCAAGTTCAACTATCGTGCGTTCTGGTCCACCGTTACGGAAGGCCGTGAAGTGATTGCCGCATACGCTTACGCGATTGAGAGCCGTGACGGCGGAAAACAGTTCGGCTTTCAACAAATCCTCCGCGACATTGGTTTCGAAGTGAAACTCAAGCCCTACATTCAGCGTAGCGACGGAAGTGCGAAAGGCGATTGGGACGTTGGGATCACGTTGGACATGGTCGAATTGGCGGAGCAAGTCGACACCGTTGTACTTGCATCGGGCGACGGCGACTTTGATCTGGCATTGCAGCGAATCAGACAGCGTTTCGACGTGACGGCCGAAGTCTATGGCGTCGAACAGTTGACGGCGGGAACTCTGATTCGATCGGCGACCCGGTACGTGCCAATTGAAGATGATTTGTTGATGCCGCAATAGTCAGCTTACGACTGCCTTTCAAATGACTTTATCAAACCATGGCCCGGGCTGAAGTTGCTGGAATCGAAAGGTCCCAATAGTCTACCGGCTTCCCGGCATACTCAAGAAACTGTGCTGACTCTTCCGCGAGTCTTCCCAACACAAAACGCTTCGTTTGCGATGGCCACTGAATCTTTTTCGCAAACGGCTTTCGAAGCAAGTCATTGTCTTCCAACAACAACCGTCGATTCTCCGGGATCAAACTCCAGGCTTTCGACGCTATTCTCGACGTTCGAATCCGCCGCATCAGCACAGTGTCGTAGCGTTTCTGACTGCCTGGATTTAACTGCCGTTTGGGATTTTCGATTTGAACTTCGGGATCCGCGCCAAGAAACTTAAAGCACTTCCGCAATTCGAACTGTTGGTTCGCAAGGAGATCTTCAAAGAACAGGATATGAATCTGCTGGTCATCGAATCGTTTTCGGTATGCTTCGAGTCTTGACCAATAACTTGTGTCGTCAAGTATGTTTGGGAAAGCGCGAAGCGTCTGCTCCAGATCATGAGGCACATGAACTCCGTACTTGTGCCCACTATGATGATGCTCACGATAGCTCGATTCGATTCGGGTGAAAGGATTCCTCGCGATGAAGATAAATTTGGCATCCGGATAGAACTCGGCCATTTTGCTCACAGCAAAATCTTCAAAGTTTTTCGCCGTGTAAAAGGTGCTTCCTTCCCCGCCAATACGTCCGGCCGCTTTCGAAAAAAGATCGGCATACCATTCCCAACCTCGGTGATACGCCATGGAGAAAAAATTCGGTTCCTTGATCTCAGGAATATAGATTTCAGGATGGTCTCCCAGCAACGAACAAAGCGTTGTCGTGCCGCATTTACTGAACCCGGGGACGAAAAACTGAACGTTTGGCTTAAACATGTTTCTTCCTATTGTCACCATTTCTAGATCTAACTTTCGACAACACTCAATGGTATCGATTAGTCGATTCAATTCGATCACTTCAAGTTTGCGGAAAACGTAGACCATTCTAACGAGGCAAGATTTTCGAATTGTTTTAGTTACAACGATTTGTTACCGATACCAATCATCAGTTGGCAACAAAATGGAGAATTCAAGAAATGCGTACTGCTCTTAAGAATCTTGCGAAAAAAACGTTGAATAAAAACGCGACCACAAACTGTTCGCGTCCTTCAGCCAACATGGTGCAACTGAAAGACTCCCGGATGGCCGGGATCTTCCTGCACGAGACCGGTCAGATGTACGACGGCTTTGCCATAACGTCCGATGACGTTGTTGTGGACATTGGCTGCGGGGACGGATGCATTTCAGTCTTTGCCGCGAACCAAAAAGCAAAAGTTATCGCAACTGATATTTGCCCGAACAGCGTCGAGCAAACTCGAGCCAAGTTGAAGAAGTCACCGGCCCGCGAATACGAAGTTCACGTGAGTGACTCGACGCCGCTTCCGCTGGAAGACAACATCGCCACAAAAATCATTTGCCGTGAAGTTCTGGAACACGTTGACGACCCGGCCGCGGTCATGAGTGAACTGTTTCGAATCGGCAAGCCGGGTGCTTCCTATTTGATCACTGTCCCGGACCCATTGGGCGAGTCCATCCAGAAAAAGATTGCTCCGAAGGCTTACTGGGAAAAGCCAAATCATGTACGAATTTTCGAACGCGAAGAATTCTCTCAACTGTTGGAAACCAGCGGACTCGAAATTGAAAAACGGGACTCGCACGGTTTCTATTGGTCGATGTGGTGGATTCTTTTCTGGGCCGCAGGACAGGAACTGGGCGAACCGGAACAACCGATTCTCAGCCACTGGACGTCCATTTGGAATGAACTGATGGACAAACCGGAAAGTCATCACATCAAAGAAGCGTTGGATGACTTCATGCCCAAAAGTCAAATTCTGATTGCCAGAAAAGCCGCATAGTTTTTCGAATTGCGACGTTGCAACGCTTCTGTCGAAAAGCGAGAGACCAGTTTGTTCGCTTGCAGATCACAGACGCATGGACTGACTGGTTCGAGCCATTTGTCTGGCGGCTATTATTTAGTCGTCGTATCAGCAGATCGCTCTGCGTACCGATACGTAAAAGAATGTCGCGGCTTTCACCGCATCTCAAAACTTGAACTCAAGATTTTTCAGAAAACAGCATGGACGCTCGTGAGGAAAATGGTTTCGCTGTGATTCGAAGTGAGCCTCGAAAGGTCATTCTCTTAAGCTCTTACGGCACGGGAGCACAAAACGGAAAGAACTTGGGCTCACCGGGTTACTCGCATGACATCGTGATGCAGCTTTATGCTCCGCTGTTGAAATCATGGGGAGACGTCATCTCGATTGCGGACCCGTGGAACAATCTTGAGTCAGCTATTGTTGATGCTCGAGAACGTGGCCTCGACCCGATCCATCTGTCAGTAATTCCCTGCCAGGACGCATACCTGTCCGTGAATGCTCCAAACGTTTTAATGCCGGCATGGGAATTTCCGGATATCCCCGATCACGACTTTGGTCTTAATCCTCAGAACGATTGGACGAAAGTGGCGAGCAAGTGTGACGCCCTGATCGTAAGTGGCCCATTTACGTCCAACGCATTTCGGAAATCGGGCGTGAAAGTTCCAATTCATCATGTGCAGGTTCCGACACCGGAGTCCTATTTTGAATTGAAACCGTGGCGGAATGATCAAACGCGATCAATCAAGTGCACTGGGTATAGCTTCCAACACGACGAGAAAGAAGCGGATAAAATCCCACTTCCGATTGCAGCGCCGCACAGAAAACCCAAATCCGGACTAAAGAAAGTTGGCCGGAAGGTAGAAAAAGCGATTCGCGACAGAGTCCGGGCAACGGTCAATGACGAACTCTATCGCAAGATATCCAATCGATTCAAGAAGTCCAAAAAGATCAACATCTTGCCGGCAAGATTTGAAGTGGACCAGCTCGACCTGAGTGGCGTTGTATACACCAGCATTTTCAACCCCAACGACGGCAGAAAAAATTGGCAAGACCTGATCACTTCCTTCCTGGTGGCTCTTGGCGAAAGGGACGACGCGACACTGGTTGTAAAGCTGGTGACGCGAGACAGCGTTGCCGTCGCAAAGTTTCTGCGATTTTATCGGGGCAGGGACATCGACCAGCGTTGTCGCGTGATCGTAACTTCGGAGTATCTCACGGACCAGCAGCTCGTTGATTTGACGGAAGCATCGACCTATTACATTCAGACGACCAAGGCTGAAGGCAACTGT
CP042912.1_gap138	4540800	4541331	531	CCCGATCGGGCCGGCATAGCCGGACGCAATCACGGTGCGAATCATGTCGGCTTCATACTTGCCCTCGCCGATGGTCAGAATTTTGTTCTCCAGGGTTTCCTCATTTACGATCTGCGGCTCGACCATTCCGTTGAGGTTCACGCAATAAAGGTAGGGCAGCATGACATTAAATCGAGCTTCGAAATCCTCGACGTCGCCGTGTCCGTGATGGAAGTTGTAGACGATTCCCACGTGATCAGAATCAGGTTGAGTCGCGCGGATGTGTTTGACGACAGCAACCATGTTTGCGGGGTCGCCGGTCCATCCGCCATGATTGTAGAGAGCGAACTTGAGTCCAAGTTCACGCGTTTTGTCGACCATCTTCTTGAGGTGTTCCGCCGTCGCAACAACTTTCTCCTCCTGAGTTCCCGATGGCTTGAATTGCATGTAGTGCCAAATCTGGGGCTTGATGCCGTGCTTGCGAATCAGTGGCTCCATCGAAGGATGCCAATTGAAGAAAGTGAAGTACTCGATGCCGTTCGCTTTGTACGC
CP042912.1_gap139	4679971	4683537	3566	AACCGCCAACCAACAGTACGCGACCAAAGTCTCCTTTGTGAGCATCGTCGGGCCGCGGTTTCAACGCCGGGATGCCAACCTCGCTGGCCACCGACGCGACCACGATGTCGTCTTCGGACAGGGTCTCGAGCACGACGACTTCTTTACCGTCGCCGAACACCAGATCAATCAGCTGATTGAGGCTGATGCGGCCGGAACGAAAGTGGCGTGCGTGTTGTTCGAATTGGTGACGTTTCATGTGGGCGGTTCCGATTTCGGTTACAATGCGAGCTTCTAAATATCTTACAGAAACCTCTTCAACGGAAGCGATAATGAGCAGTTGCGTTTTGGCATATTCTGGCGGACTCGATACGTCCGTCATTCTTGGCTGGTTGATGGACGAAGGCTACGAAGTCCACGCCGTCTACGTTGATCTTGGCCAGCCCGGCGAAGACCGCCAACAGGTGCTCGATAAAGCCAACAATGCCGGCGCGGCGTCGGCTCGCATCGTCGACGTTCGTGAAGAATTGTGCCGCGATTACGCGTTTCCCGTGATGCAGTGGCAGGCAAAATACGAAGGGCCGTACTTGTTGGGGACTTCGATTGCTCGCCCATTGATCTCGAAAGTGATGCTGCAAGTCGCCAAAGAGGTCGGAGCGACAGCGTACGCGCACGGCGCGACCGGCAAGGGCAATGACCAGTGCCGTTTCCAGTTGGCGGCTGAGGCTCTTGAGTCCGGAATCACGATGATTGCGCCGTGGCGGATCCAGAAATTCCGCGACATGTTCCCGGGACGTACGGAGCTGATCAAGTATTGCGAAGATCGCGGCATTCCGGTCAAGGCGTCGAAGGCCAAGCCGTACAGCAGCGATGAAAACTGTTTGCACATCAGCTATGAAGCCGGCGAGCTGGAGCGTTTGGACGTCAACGGCGTCGATTTGGTGGACTTCGGGATGGGCGTGTCGCCTCAGGAGGCTCCGGACGAATCAGAATCGGTCACAATCGATTTCGAATCGGGCGTCCCGGTTTCGGTTAACGGCGAGAAGCTTTCGGCGCTTGGCGTTGTTGAAAAGCTGAACGAGATCGGAGGCCGCAACGGGGTGGGCCGCATCGACATGGTGGAAAACCGTTTCGTGGGCATGAAGAGCCGCGGCGTGTATGAGTCGCCCGGGATGACGGTGCTGTACGAGGCACATCGCTATATCGAGCAGTTGGCGATGGATCGGGATTTGATGCACCTTCGCGATCGACTGGCTCCGGAAGTCGCCGAGATGGTGTATTACGGTTTCTGGTTCTGTCCAAAGTTCGATGCCTTGCTGGCGTTCAACAAGGAGGCTCAGAAAGTCGTCACCGGCAGCGTGACCATGGAGCTGTACAAGGGCAACATGATGGTTTCCAACCGCACCAGTCCGAACAGTCTGTACGACGAAGACATCGCCACGATGGAAGGCGGCGGGTCGTATAACCAGGATGATGCGGAAGGGTTCTTGAGGATTCAGGGGTTGCCGGGGAGGGTCCAGGCGAAGGTGAATCCGAGAGAGTATTAGGTTTTCGGTGTGAGGTTTTCGGTGTGTGGTCGCAAGCGGATGCATGCCTAAAAAAGTTAACGCAAGTTACAGACCCCTGACTCAGCGGGCTCATTCCAGTGACCATCGACTTGGCGACGGCGTTACAATTGGGAGCGTTGAACCCATCGGTTTTCGGTTTTAGGTGTGTGGTTAAAGGCGGCAGAGTCCGGATAATGGCGTATCGATCGTTTGAAGATTTGGATGTTTGGAAACGAGCCTGCCAACTTGCCGTATCGGTCTATGAACAGACTCGCAATTGGCAGGACTGGGGATTGAAAAGCCAGCTGGAGCGTGCGTCTGTTTCCATCGCATCGAATATTGCCGAAGGAAGCGAACGTGGCGGCAAGGACTTCATTCGTTTCTTACGCATTGCAGCAGGCTCTGCGGCGGAAGCTCGTACACAAATTTACATTGCGAAGCGAATTGGACTAATCAATGAAGAAGATTTCGAATCGCTGATCCATGAGTCAAAAGGTATCTCGAAGATGCTCACCGGCTTGATAAAGTCGCTATCATAGATCGCGTCGGACCATACACACCGAAAACCGTAAACCGTAAACCGAAAACCGGATGCTCGAAAACCCCGTCCTTCAACGCGAACTGCTCGTCAACTTGCGGATGCCGCGTGCGTTCTGGTTGCTGCTGATCTACCAGGCGGTGCTGGCAGCAGTGGTCTACTTCGCGTGGCCCAAAGAAGATGTCCGCATCGACATGACGGACAGCAACAACTCGGTCGGCAACCTCGTCGACATGGTCTTCCTCGGGCAATACCTGCTGGCGTCGCTGATGGCGCCCAGCTTTGCGTCGACCGCGATTTCCGGCGAGAAAGAGCGGAAGACTTACGAAATGCTGCTGGCCAGCCCGATTGTTCCGCAGTCGATCGTGATGGGGAAACTGGTCGCAGCGCTGACGCATCTGGCGATTCTGATTTTTGCTTCCCTGCCAATCGTCATGCTGTGCTTGCCGCTGGGAGGCGTCTCGTTTTACGAAGTCATTGCGGCTTACGTGGCCTTGATATGCGCCGTGATCACGTTCGGCATGATCAGCGTGGCTTGCGGTAGTTTCTTTTCACGCAACAGTTCGTCGCTGGTCGTTTCCTATCTGGTGATTCTGCCGTTGGCGATCGCTGGAGTCCTGTTTTGGCAATCGCTAAGCAATTTCGGCACAACGCGTTTCAATCTTGCGATCACGGTCATCCCCGGGCTGGCCGCGGCGATCGTGATTTTCCTTTTCTACATCGTCAGTGCCCGCATGCTGTACCCGCGAGACATGGGTAGCGAGGGGAAAGAGGTCATCGATCCGGATCAGGAGGCCGAAGAAGCGATCGGCTTGGTGATTCAACGCGATCAGTTCCCGGATCGCCTGTTCGCGCCGCCGAAGCGTGAGACGCTGATGAAGGACGGCACGAATCCGGTTTACGACAAAGAGATGCGGAGTGAGATTTTCGGGCAAGGCACTTTGATGTTGCGTCTGGCGATTCAGATCAGCATGCTGCTGGCGATCCCGATGATGGCGATCTTTCTGTACATCTGCAAAGACCTCGCGCCGTGGTACATCTCGTATGTGATCCTGTTCAACATTTTGATCGGACCGGTGTTTTCTGCGGGAAGCGTCACCAGCGAACGCGAACGACAGACTCTGGATCTGTTGCTAACGACCGTGATTACGCCGTGGGAAATCCTGTGGGGCAAACTGCTCTCGAGTCTGCGAGTTTCGAGCGTGCTGTCGTGTTTTTTGCTTTGGCCGCTACTGTTGGCGATCCCGTTGGTGCCCGAGTACTTGTCCAACTTGCCGACCATGATTGCCTATCTGATCATCTTTTGCCTGACCTGCCTGACGACTTCGGTGCTGGGGCTGTTTTGTTCGACCGTGTTCGGGAAAACGATTACCTCGCTGATCGCGACTTACTCGATCATTCTGTTTCTATACTTGACGCCATTGGCGACCAGCTATTTTGCTTACGAATATTTCCCGGACGCACCAGCCACGCCGGCGGTTTACGCGTCAACAGTCACCAGT
CP042912.1_gap140	4684738	4685850	1112	CCGTCCACAGAATCATCGAATCTTTGCTGAAGAAAGTCTGGCGAAACGACTCGCGGTTCCCGGTTCCTGGCCACAGCTCTTTTTGAGTCCACGATCGATTCACCGCCCGACAGACGGCGCGGTACATGTTGATCGAAAACGGCATGTCCAGCCAGACGATCATCGTGGCTCGGGACCATTTGAGATCAAACGTTTTGCTGTGATAGTTTCCATCAAGCACCCAGCGAGGACCGGCGATCGCGTCAGCAAGTCGCTCTCGAAAAACTTCCGGCTCGGCCTCGGTCCAATTCGGCTCGTGATAGAGCGAGTCCATTTCGACGTAGGGAGAGTCGAGAATCGCGGCCAGCTGTTTGCCGAAAGTTGATTTTCCGCAGCCGCTGGTTCCGACGAGGTTGATGCGTTGGAGATCAGCCAGCGTTAATTGACGCGACGCGGTCATGGCTCACGAATCCCATAAAAAAAGCACTGCCAGACATCAAATGCCTGAAAGTGCTTTGTTAGTGGGCGCAAAGGGACTCGAACCCCTGACCCCTTCGGTGTAAACGAAGTGCTCTAGCCAACTGAGCTATGCGCCCGATCAATCCGAACAAGAATACTGACTTGTTGCCAAATTTCAATCGGTGTCGGACAAAAGATCGGCATTTCCGAGAGCATACTTTGAAGAAAATCCGGATTCCTGCGTTCTGCAGCTACCGAGGCAACGACTTCTCGGGCAACTCGAACTGCGGAGACATCTTCGAACCCGCTTCTGTGAACTTCAACCACCACACCATCGAGTCCGATTCTCCGGCCGGCTCGCTGTCCGAATCCCGGACCGTGAACGGATGGGCACAGTGACGACAGGCGGACCTTCGGCCGAGAACTTCGATAGGGAACTGGCTGGTGCGGTCGCAGTTCGGGCAGCAACTGGTAACGAAAAGATGGTTCATGGCATTCTCCCAACATCAACTTAGTGGATTCGAGTCAGGTGGACCAAGGGGAGTTTCAACGGCAACGGATTGACGGCAGCAAATTGGCGGCGGCAGATTGGCGGCAGTAGATGACAAACAAGTCTGTCACAGGTTTGAATAATGGGACGGGCTAGCATCACGCAAATCAAAACCTCGCCGCGC
