gap_id	start	end	length	sequence
CP042461.1_gap1	165805	168559	2754	ATTGAGCCACTTGCTATTTTACTTGCTTGAGCATTTGTACTCTGGTTTGCATTTGCAATATTTGGAGCGATTATGAAAATAACACAAACAGTTTCTTAATGTATATAATGAAAAAACTAAAAATTCTTTGGAATTTTTAGTTTTTTTTATACTATAAATATAATAGAAAATGATACAATACATATGAATAAATGAAAACAGGATTGATTTACAGTAGTAGAGCTGATTATTGCCATTACTATATTTTTTATGCTCTCTATGGCAAGTTTTGTTCCGTATAATTATTATGTTAATAAAGCAAAACTCAAGACGACTGTAAAAGAAATCTCACAAAGTATTTATGAAGCGAGGAATATGGCTATAAATTGAGTAATATCTTCTACTTGAAATGTATCAATAGGAATTTATTTTGATAACTCTGAAGAGGAGAATAATAAAATTCATTTTTTGTCATATCCATATAGTTTTACCGGAGTTGATATTTCAACTTCATGATCAGAAATAGAATCTATTAAAACTCTTGTATTACAGCCAGGTATGCAAATAGACTCTATTCATTGAAATGAAAATGGTCTTTTCTTTTTTCAAGCTATTTCATGAAGTTCAGAATATTTTTATTGGGAGTCAGGGATAAGAAAAGATATATTAACAGCATGAGAAGATACGATTGATATATCAATATCATATAAATGATCGACTACAAGGAATTTACAAAAAAATATTACTTATTACATTAAAACGAATATAATAGATTATTAATTATTATTTCTTTATTCTAAGAAAAAGATATGAAACAGAATAACAAAAAAGCTTTTAGTATAATAGAAATACTGGTATGAATGTTTATATTTTCTTTATGAATTTTGAGCGTTTATGCAGTTATTATGTCTTCAATGAATTTGAATGAATATAATAAAAACTATATTATAGCATCTAACTTAGCAAGAGAGCAGTTAGAACTGGTAAGAAATATTAGGGATTCAAATTATGTTAAAATACAAAAATATAATCAGATAAATCCTTCGGAAGCTTATGACCCTACAGACCCACCAGGCTTATTTTTAGAAGGGAGTCATTATGTAATAGAAAATAATTATTCTTCTACAGCTTCATTTCCAATAGAGGTAACAAGTATATGAGACATAAGTGATAAAACTCAATATGAACTATGTTTAGATTCTTTGAATAGATATGTACATGATTGTAATTTATGAAATAAAGAGACAAGATTTTATAGTTATATATCAATATCAGCAGTGATCGATGATGATGGAGTTGTTATTGATAAAGCATTTAAAGTAACATCAAAAGTATCATGGTATAAAAGATGATATCATGAGTTTGAGGTGGTGAGTATTATCGCTGACTGGAAAAGGCTCTAGATTCTTACCTATTAATAATGAATAATGAGAATTATAATACATAAAAAATGATTTACCCTTATTGAGATAATAGTAAGTATGGCTATTCTTTCAATTATAATGGTATCGGTTATTACTATATATATATCAAGCAGTGATGTAGCTCTGAAGACTGATATAAATAGGATGATGCAAGAGAATATTAAAAATGTAGTTACACATATTTCTGAGGATGTGAGGAGTTCTCAAATTGTCTGAACGAATAATAATGGTTGAGAATCATGTGATTTATCAGATGCAGAAGGGAAGTATTTTGTTTGAAATAAACTTTGTACTACAGATAATGAATATTATCTTGCATATGAAACTTCCTGATGATGGGTAAGAGTAGCAGATATATCATTTTGTCGTAACTTCAAAGATCACTGTGTGATTTATAAAAAAGGTATGTGACCACTTACCAATAGCTTTGTTTCTATTAAAGATTTACAATTTTTTGTATCAAATGAAAATATAGCTAAAGTAACAGTATCTATTACTCTTCAGCCAGCAATATGAAAATGAGTGAAGCCTTATCTTATAAAAGAAAATAAATTTATTTTTCAGACTACTATCACTGAAAGACCATTTTAATAATATTATGAACGATATATGAGGTGAAATAACAATACATGAAATAGAAAAGGATTTTCGGTTATCATATCATTATTAATTATATGATTTTTACTTGTTTTAACCACAGGTATTTATAATCTTATATTAAGAGAGCTCTATGATAATAGAGATATGTGAAACGCTATAAAAGCTTATGCTGGAGCCGAGGCTGCTCAGGAGTTAGCATTATTAAAAATAAAAGAGAAAGGCTATGGTTATTCATATAACATTGATAATTCTTTTATTTTAGGTGATAGGATTGCTCTTTCGTATGATCTTGCTACAAAGGTTAATAATTATGAATGACTTATATCTTGATTATCATATGATATCGTACCTCTTTTTTATATTGATGAGAGCTGAGAACAGAAAGTATCTTCAATCAATCTAGATGTGACGTATTGAATTCCTGATGATTTAGTATGGAATCTTGTTTCAGATAGCTGATGAATCTCTTGAATTTGAAACGACTCACTTTGATTTAAAAAAACTCTTTGATCGGAAGAACAGTTATGATTAGAATATCAAGGAATCAATTCTTTTTTGAATGAAAATGAGACGGTATATATGATTCTTTTTAATTCTTCGAATTGAGAAATAAAATATACTTTAGAATCAGATGATTATTTTTCCAAACCAAGAACGCGTGTTATTTCTTCAGCTACAGTTGGGGGTGTTAAGCAAAATTTGTGAACAACATTTGATAATACCGAGTACTTAAATATATTAAAATACTCGA
CP042461.1_gap2	198542	202421	3879	CATGATATGTAGATATATATTCTAGTGATAATGGATTTGCGGCTATGAAATCTGATGGGAGCATATATAGTTGGTGATGATCATCTTCATCTTGATACCCAGTTGATAGTTGATATACAAAGATATTTTCTACTGCATGAGCTTTTGCTGCAATGAAGTCAGATGGAAGTATAACAGCTTGGTGATCAAGTTGGTATTGAGGAACATGAGCTGAATGAATTCCCATAGATGATTGATACGTCTCAATTAATTGAGTATGTCTTAATTAGAATTTATACAAATATAAAAAACTCTTTCGCTTTAAAGCGAAAGAGTTTTTTATATAGTAATAATACTTTTTGACTAAAATGGAATATCTTCTACTGAGATTTCTTCTTCTTTTTTTGGAGAAGATTTTTTAACAGCGGGAGTATCATTTCATGTGGATGATGAATTTGATCCAAAAGATTGAGTATCATCTCATTTTGAATCTAACATAATCATATTTTCTCATACGATCTCTGTTCTATATCTTTTTGTTCCATCTTGAGCTTCCCAACTTCTTGTTTGAAGTCTTCATTCCATGAAAATTTTACTTCATTTTTTGAGGTATTGCCCAGCAATTTCAGCAAGTTTTGCCCATAGTACTATATTGTGAAATTCAACTTGTTCTTGCCTCATACCACTTGAGTCTGTCCAGTTTCTATTTGTTGCTACCGAGAAACTCAGAACATTTTGTCCGTTAGGTGTTTGTTTTAATTCTAGGTCTTGAGTGATTCTCCCAATTACTTGCGCTTTATTTAAGTCCATACAAAAAAATTAATGTTAAAAGTAGTGTGGGTACACAAAGATATTGTACATGTTATTTTTATTATGCAAGTTTTTATATAAAAAAAGTATATATTTAGTATATATTATCTTATGCATTGAATACCATATTAGAATTAATAGTCAAGTAAAACTTCTCTATTTGAGTCTATATATTTTTGCACCGAGAATATATATATGATATTATAGAAGGGAAAACAACTATTTTGTAAATAATTATTATGTTGAGAAAAGTTCTATTGAGCATATTGATCGGTACTATCTTATTAAATTGAGGGCCTATTGTAAATGCGGCATGAGATGAGCCAAGTTATACAAAACTAACTGTGTTAGATTTACATACCTTCAATGAATATAGGTATAGAATTACTGATAAGTACTTTAATCTCAGAAACAAGTTTGAGATTGATGGAACTATAAATAGTAAAATTTCTGGAGAGATATTAGACCTTGCAAGGGAAGGGTACAACTATCTTCCGGATAATTTATCGAATAAAAACTTATATAATAAATTAAAAACATCTATAGAGAGAGGGAAAAAATTTCCAGATAATGAATCAAATTATACAGCAATCGTTGTGGCTATTCAAAGCTATTTAGAAAAGGCAGATATTCAAAAAATTCAATGAAAAATTGAAACAGTAACAAAAGAATGAAATGCCCCTTTTTCTGCTACGTTAAGATGAAGAGTGAGTGATCCATCGGGAACAAAAATAGAGTCATATAACTACGTATGGTGGATTGATGTAGCATGAAAGAGAAAAATTATATGAAAAAAGCCATCTATTAACTATATTTTTAAGGAAGAATGAAATTTTTCTGTATTTTTAGATGTTATTTCTAGTCACAAAAATACAAAATGATACACAGATGTGCTTCCTTTTAGATCAAGAGCTGATATTAAAGTAAAAGAAAAAATTGCATCAGTTATTATCAAAGTTAACTCTGATCGTTTAAGGCAAAAAGATGAATTAAAATTTACTCCAGACGAAGCAAGGTTTGGTTTACTTTTTGATGCTACCAGTTCAACCCCAGCGTCAGGAGGGAAATTTACAAATACATCATGGGATTTTTGAAATGGTTTGGAAAGGGAAAATTCATGAGATCCAAAAGTAGAAAGAGTTATATATGCAAAAGAGGGAGAATACACCGTTATATTGAAACTAAGAACAAATGAGAATAGAACTGCAGAGAGAAAGTTTATAGTTTCTATTCATGATCCTATTGCAACTATTAAAAGTTCTCAAGAAGATTGATTCTTATGAGATAAGTTTACTTTTTCTGCAAAACCTTCATGAAATGATGATGATTTGAGCTACTCTTGGGAGATAGTTGATATAGAAAATGATAGTATTATTTTTAGAAAAACAGGGAGTTTATTTACCTATAGTTTTAAGGATAAGTGAAAATATAATGTTAAACTTAGAGTAACTGAGCCTTCGTGAGAAGAGGATATTGATACACAGATTATACATATTAATTCTCAAGCCCCGGTTGCTGATTTTAAAAATTCAAAACCATTTCCACATAAACCAAATACAGTTTTACTTGATGCAACAAAGAGTTATGATCCAGATTTTTCTGATGATTGAAAGTTACAATTCTCATGGATTATTAATGGAGAAAGAAGAGTTTTAGATAGGCCAAACTTTAATGGTTCTATCTGATATTATACGTTTGATTCTATATGAGATCAAAGTGTTGTATTAGAGGTAGTTGATCCAGATAAAATACCATCTCAAAAAACAGAAAAAGTAAGGGTAGATTCTATTTTATCTGTTGATTTATTTGCTTTTCCAAGAGTAACTACTAGGGAAAATACTATTAGATTCGTTGCTCAATCCCCAGAAGCAAGATTTTATGAATGGGATTTTGGAGATGGAGAAAAAAAATGATCAAAGGAAGCAGAAATATCACACAAATATAAAAAAAGTTGAGTATTTACTGTAAAAATAAAGGTAATTGATAAAGAGGATAGAGAAAATACATTTCAAAAAAATGTATATATTTGAGAATCAAATAGTCCATTTGCATTTATAAATATTCAAAACTGAGTGAGTCAGGAAGTGGCATATAAGCAGTGAGTATGTAATGGTGTATGAGCATATATTGTTGATAGAGTAAACATCACGAGGTTTTCGTGAGAAGAGAGTATTGATATTACTGGAAAAACTTCATGAATTTCATATTCGTGGAAGCTGTGAAGAGATCAGTATTTTTCATCAAGAGATTTTCCTCAAAAATTTGATGAACTTGGTTGTGTTCCGTTGAAATTAACTGTAAAAAGTGATCAAAACTGAAGAACTCATAGTAGAACTGTATGGCTAAAAGTTGAAAATATCAAACCAACGTTATCATCCGTGAATGTACAAATTACAGATGAATCTACAGATCCTGTGATTGTAAAAGTAAGTGCTTTATGATCAAAAGATCTTGATGGAGTGATTCAATCATACTTATGGTATTATTATACAGATATTGATTCTGAACCACAAGATTTTAGAGCAACTAAATCTTCAGCGACTACCTTTGTTTTACCAAAAATAACATGAAACTATTATTTTGTAGTGGTTATGAAAGATAATAATGAAGCAAGAGTCACCTCAGAAGAAGTAACGGGGTCAAAATATTTTGTAACACTTGCCTGAGATAATATAAATACTCCTCTAGTAAAGTTAAGTGTGAATGACTCTTCTGTATCTATTTGAGATGAAGTCGTATTTACAGCAAAAGTTGAGAATATCCTCGGTCATGATTTATCAAAAAAAGTAGAATATTCTTGGGACTTGGATGGAGATGGGTTTTATGAAAAAAAAGGTTCTCAAGCTACGATAACTCATAAATTTGAAATCTCTTGAGAGTTACATCCAAAAGTAAAAGTAAAATACAAAGGCTTTAGTAGTACAAAAAATCTTACTGTAAATGTATCAAATATATTGAAACCAGATTTTTGATACATTTCAATTTGAAATAAATTCATTATTTTTGATAAGAGTATTTGAAAATATGATACAATTCAATGGAACTTAGGTGATGAAACAAAAGTTACAGATAAGAATGTTTTCACTCATA
CP042461.1_gap3	208876	210921	2045	TAAATCAGGTATAGTTGAGGTTGATTGTAATAATATAGATATTGAAAATTATTTAAATAGAACAGATTTTTTAAAACATATTTGAGTAGATACTCGTAGTATTAATAGACAACATTCAAATAATTTAGTTGAGATAACCCCTATTAATAAAAATACTTCATGAGTAGATACAAATAAGATTACAAAAAAAATTGTAAGTAATATATGAATAACATATGAAGTAGAAAATAAATTTATTTATGGTACATTAGAGTGGATATTTTGGGAATTAATTGATAATAGTATTCAACATTCAAATGCTGATTTTGAAAAAGGGTGATCTTATTTTATGGTTCAATCATATCCTAAGAGAGGAGAGTTACATATTTGTATTGTAGATAATTGAATATGAATAAAAGAATCCTTGATCAAGAGTTAGACGATAAAGAATATGATGATTTATTTGTATAAAAATAAAATTATGAAAACAATAAAATTAATACATTTTTGAAAAAACCTTGTTTCAAGACCTATTGCTAAACAAGTTTTTCTAGCAGCAGAAGTAAATAAATTCGAAGTTATGTTTGATTGTAAGGGGGTAGAGTTTATGTCATCTTCTTTTGCAGATGAACTCTTTGCAAAATGAAAAGATAGGTTTTGAAAGAAATTTAAAATAACAAATTTAAATAATCAACCATTATTGGTAGAAATTATAAAGCAATCTTTTATCACTAGGGATAAATTTACAGTAGTGTAATTTCTATATTTTATCAATAATATATTGATATCCCCCAATTTCAGTTCTAACATGTTCTACTAAACCTCACCATTACAATAAACAAATAAAAAAGAGTCTTTCAGTTGCATCTGGAAGGCTCTTTTCTGTGGCGAGTTTTGTGAGTAAAATAAGGTTATGTAAATAGGATAATTAATTTAGAATAGGGAAGGGTTTTGAGTTTGGATTTTTTTTGTTAATATAAGTGAAATTAACTATATAAAACCTTTTGACCAATACTTGTTACATTATTGAGTCTTTATTTTTTTAAAGAAACTTTAGTATTTAAAGAAATAATAGGGATACTTATTTGAATTTCGGTTCCATTACTGTTAATTACAAGTTCAGAAAATAAAAGACAAAAAAATTTATATTGATGAATAGTTTTAGTTTTAATAACAGCTATTTTAACTGCTATTAGTTCTTGAATAAGCAAAGAAATAATGCTACAAGAATATAATGTAGCTATCTATCTTTTTATAGCATCAATTTTTTGATTAGTATTTTCTATCTTTTCATATTATTACTTAAATCATAGAAATAAAAAATATAATCATAAATGAATTTGAAAATTTTCTATAATAAGTTGAATCTTATATACAGCTTCTTTTATTACTTTTACGTTAGCATTAAAGTGAAATTTAGCAGTAGTATTTACTATAGGGTCATTTAGTATTCTCATTCCCATTATTCTTTCAATTATTTTTTATAAAGATCATTTTAACATGAAAAAATGACTTGTCATAGCTTTATCTATTATTTCTTTAGGTTAGGATATAGTCATTTAATCCCTTACTCTCAGTTCTAACCTCAGACGGATTTTGATTTTAGATTTTTTTTGTTAGTATAAGTAGAATTAATTAATAAATAGTGCATATGAAAAAATTATATATGGCATATGTCTGAGGAGATTCAAAAGATAGATTGATTGAAGATCATGAAATTATTTTTGTTGTGGCTGAAAATCCTGCAGATGCTAAAAGAATAGCTAAGGAAAAAACTGTTTTAACATCAGGAGTGCATGTTGATGTTATGTCAGAAATCAAAAATATAGATGGCTATGATATATCTCTTAATAAATCTGATAATAAAGAAGAGATAGTAAAAGTTTTAGGTTATTACACAGATATTTAATATTATTTTTCAAAAAAATCATGGATAAGAATTTTAAAATTGCTGCAAGATTAATTATCTTAAAAAATGATAAAATTTTGTTATGTGAAATGTGAGATGTATGGTGATTACCAGGGTGACAGGTTGAGTGGTGAGAAAATATTATTGATACTTTAAA
CP042461.1_gap4	215914	216744	830	TGGATGATCGTTATTATCTAGATACATATGGTGCAAAGTTTTGTTGCCTTGATGGAGTTGATCCTCAAACAACCCCAAAACAGAACGTTCTTTTGAAAGATGGAGATATAATTTCAGGTGCAAAAGTATTAGTATTTAACAATGCAAATGAAAAAGAATGTGTCTTGCTTCTTCCAGAGCATGAGGGGATTCTGATAACCTGTGATAGTATACAATACTTTCATGATACAACTTACATGAGTTGGTTTGCTAAAATCATGTTACCACTTCTATGATTTAAAAAAGGGATGCTTCTATGACCACCTTGGCTCAAAACAATGACACCAAAGTGATCTTCTTTACAATCTGATTTTGAGAGAATATTACAAGAAGATTTTAAAATACATATATCAGCTCATTGGGGATATTGTGATGATGATGTTCAATGAAAAATACGCATGGCTATTGATAATGCTTTTCCAAAAAAATAAAATAAAACCTTATTATTTGAATAATGAAAGAACTTCTCAGTACCATTAGAAAATGCCATGTTTGTGATCTGCCTTGTTGACCAAGACCAGTACTTTCTGTTTCAAAAACCTCAAAAATTCTCATTATTGGACAAGCTCCAGGGATTAAGGTACATATGTCGGGAATACCATGGGATGATCCAAGTGGAAAAAGACTCAGAGAGTGGCTATCAGTAGACGAGAGTATTTTTTATGATAATTCGAAAATAGGAATTATGCCTCTATGACTTTGTTATCCTTGAACGGGGAAGACTTGAGACCTTCCTCCAAGAAAGGAATGTGCCCCTCTTTGGCATGAAAAAGTGCTTGCAGAGATGCCAG
CP042461.1_gap5	225892	227812	1920	CTTTTGACTTACTCCGACTATTGCTTTGTTTCCAATATTATTTGGGGGGATTGGTTTGTTTATAAATCTGGAGAAAATAAATAATGCTTAGATTTGATACAATTATAAGTTAATTATACCTAATTCATGATTATTGTATAGTGTATTATTTGACACAGGAAAAATAATCCCTATTATTGGTTGCACTAATCAATGATGTTTAGTTGAAAACAAAAATCAAATAAGGAGGTTCTCAAATGGATTCCACTACAAAAACACCAGAGGTATTGGAAACATTTTTGAAAAAATGTAAGGATATTATGCTGAAGCAAGAGCCTGACTCACGAGGAAGGTTAAGTTATTTAGATGGTTGGAGAGGATTAGCTATTTCGATAGTGCTTATAAGTCACTTTCTAGCAGTAAGTAAGGTCTTACCGTTTCATAGGATTGATATCGGTAGATTCGGAGTAGACATATTTTTTGTTCTCTCTGCAATGTTGATGGCAAATATCTTATTCATTAAGAAGATGGATCTTTCTACTTTTTATAAAAGAAGAGTTAGTAGGATTTTTCCTGTACTTGTAACTTATATTGTACTTGTATATGCTATAAGTGCTGCTTTGGGACTAGGGTCAACAGATGAATGGAAGAATTTTTTCTATACATTGTTTTCTGTAAGAGGTTATATTACTGAAGGAGCAGATCTTTGGAATACGGGCTATGCTATTGGACATTTATGGTCATTGAATGCGGAAGAGCATGTATATCTTGTGTTTGGAGGACTTGCATTTCTTGCAAGTTTTGGTGTATTTAGTATTTTAGATAAGAAAGAGTCTATAGGGGTGGTGTTAATTACCCTTGGAGTTGCTTCAATCTTACTAAAGTATAGTTATGCTGTATTTCCATCAATTAAACCAGAAGGTGCACAATTTAGAACAGAGATAATAGCAAGTCATATGCTGATATCAGCTGGATATTTTTTGCTTAAGGATTGGATTTGGGCTGCACTGAAGAACTGGTTTGGAATATCTATTCCATCATGGTTACCTCTCATAGCATTTTTGCTGGCTATGTCTACCTATTCTTGGTTTGCTCCTTGGCAAGCATCTTTTGTTCTTTCCCCATTTTTGTTGTCTTTCACGGTGAATCACCTTGATAAAATGCCTTCGTTTGTAAATGCTATTCTGACATTTAAGCCGTTAAGGTATCTTGGAATATGGTCATATTCCATATATTTATTGCATTATCCGTTTTATATTTACGGTGTAAAATATGGAGATTCACCTTATGTAGCAGGACCACCACTGCTTTTTCTTTCAATAGTTATTGGTGCTTTATCATTCTATATATTTGAAAACCCTGCGAGGACGTATTTAAATAAAAAGAAATGGTTTAAAGAGACTGGTAAAGCTGTTGAAACAAGTAAGGAAGTTAAAAGACCTTTACATGTTACTTATAAGCCGACAGGCAATTAAATAACTTGTAATATTAAAAGGATTTTTTTTATTATATTTCTTTCTTCAATTGAGTCTTTCAATTGTTGTAAATGAAAGGTAAACAACCTAAAACCTCAGAGCGATAGCTCTGGGGTTTTCTTTTTTGTATTTATTGTAAATACAAAAGGTTTATTTTTCTTTTTTGCTCAAGAATCAATTTCTAAGAGAGTTATATTTTATATATTAACAAATAATACTCTTTTTCGTCTATATATTTTATTAAAAAGTTTATGTAGTATCGTGATTATACTTATTGTTATAGTCATATATTCTGTAAGTTGAAGATTATGAACACACAAAAACAAGCCTTTACACTGGTTGAGTTAATAGTAGTTATAACAATATTAGCTATTTTATCGACAATAGCATTTATAAGCCTTCAATGATACTCTGAAGATGCAAGAGATAGTACGAGAATAAGTGATATCAATAACATAAAGATATC
CP042461.1_gap6	297219	300910	3691	CTTACGTTTTAGTAAGGTATTTTTTTATTTCATTTCATTTTTAATATTTTCAATTTCTTTCATTGTATCTTTAAATGTATTGTATTTTTTTGCAAGTCATGAATAGACGACTCAAAGCGAATACTTACTACAAGATTTTGCTTGTTTAAAACCATGTTTTTCCATTATCTCTAGACTTTTACAGTTTGTTTCAAGAGATTTACTTTCGATAATTACAAGGTTTTTTAAATTTGTTTCTGATGCATCTTCATCTCTGAGATCAAGAGTCCTAATATCAAAATCAATAGTAAGTCTTTCTCCTCATAATCTATCAACGAGGGTAATTCTTTTATATCTTGTTTTAATAGCAGGGAAGATCTTTGGAACCTTTACAGTACTATCATACATACTTTGCCATACTCATTCGAAAAATCTTTTTTTTCATTTTGTCATTTTCCCGTGTTCATCACTTGGAAATTCATACCTATATTTACTTGTGATACCATTTTCTTTTTGTTTATATTCAAAGAATGCAAGATCAGAATCTTTATAGAGTCTTGTTCTGACTTTTGTTCTTGCTTTTTGCTTATTTTCATGTTGATTATAGAAAAAATAATCATCTGTATCCATATAAACATTATCGTATGAAAATACTTTTTTATCTACGATTTGCAAAACTTGAAAATTTTCTTTGAGTTCTTCTAACACTTCTGAAAATTGTTTTCAAGTGAGTAGAAATTTTCTATCAATTCTTTTTAAAAAGCTTGCTGACGCGTTTAATTCAGTCAGAGTGATAGATGAGAAATTATTTAATTTAGAGTCAAACGTTGTTGCCATTTTGTATTTGTTTTAAAAAATAATTGTTTTTTTGTAAGCTAAGATGTCTTATATAAAAATTATATCATATATATTTTTTTTGGTCAAAAATTTGAATACCTTTTTTATATTTTCATAAGTATGAAGTACATTCCTGCTGATATTAATCATGAAACGGGGAGTGTAATTATCCATGCAAGAGCTATATTTTTGATCATCGCTTTTTCTATATACTCTTTATCTTTTCCTTTTTGTCTCTTGATATGTTCTCTTAATAATCATACTCAGAAAATTCACCCAATTGCAATATGTGTTGAACTTACTGGAAGTCATAATTGACTTGCAATGAGTACAGTAACAGCAGCAGATAACGCTACACAAAAAGCTCTAATTTGGTTTAATTTTGTAATTTCTCAACCAACTGTTTTAATTAATCTTGCTCAGAATACACTGAGTCATACTACAATTCATAATGCTCAGAGAATCATAATCCACTTTTCAACTGATGCCTTTGATCATTGAATATGTTCAATCCCATTTCAAAATATATCATTAATTGCTGCAAGTGGTCAGATCGCATTTGCCACATCATTTGCTCCATGTGCAAATGAGAGAAGTGCTACTGAACAAATGAGAGGGACATTAAATAAAGTATTAATAAAACTTTTTGAATTTTTAAAGTAAGAGGATTGTTTTTTATAATGGAGAATAAGAGCTATATAGACAAGTATTCAGATAACGACTCAAGCAAATAATGCAAAACTTGGAGTGATTATATTCGCTAAACTTTCATTTGATTTTAAGAGGGGTTTTAAACCTTTTATTAAAAGGTATATTGAGAAAATAGCTGACATAAGTCATACATATACTGGAACCCATATTTTTGCAGCATCTCATCTGGATTCTTTCTTGAGAATATTTCTTCTGATAGAGAGTAATAATATTGCTGCTATAGTTCATCAGAGAACAGGAGATATGACCCATGATGCTGCAATTTTTCCTACTACAATCCAATTTACAATTCAAAAACCATAAGAAATTATTCAGGCTCATAGGAGTGCTCATATGATAGAGTGAGTTGCTGATACAGGAGCTTTAAAATAGGTAGCGATATTAAGCCAAACAGCAGCTCATAATAACGTAGATAACATGATAGCAACTAAATCCATTTGGTTTGTTATTTGATCACCGTTAATGATTCATCCTTTGATAGTATCTACAACATCTCAACCAGCAATGATGGCTCCACTTGCTTCAAAGATAGCTGCGATAATAATTGCTCAAGTGAGAGTGATAGCTTTTGATCATACTGCGGGTCACATATTATTAGCAACGTCATTTGCTCATATATTTATTGCCATATATATTCATAATATAGCTGCAAAAAAGAGGTAAAAACTTGTATTTCCCCCTTCCATAATATATACCCATGCAATTGCTCACAGAAGAAACACTGCTGCGATGATATATTTATAAACCTCTTTTTTTTCCACATTAAACATTGGTTCCTGCTTTAAAAATTAAATAATACTTAATTATGGTATCATACTAAAAAAATAATGTACAAAAAAACCAAGGATTTTACCTTGGCTATTTTGTAATAATATTTATAAAATATAATAAATGTTATTTTTTATCTATGTGTTCTTCAATGACCTGTAGTGGTTTGAAAAAGTTTTCTAAATTGAGTCCTGATTTTCTGAGATCTTTAAATTTTTGAAGAAGTCTGAAAAGTTCTAGATCAAGGTTATTCTCTTCATCAAGAATATTGCTTCAGAATTCAGAATGGAAATATTCAGCATTTTTTAATTGATGATTTCAGGCACTATTTTTGAGAGGTATAATAATTGAGTGAATTCAAAAACTATTAAGTTCCCAGAGAGTAGTTGCTCATCATCTTGTTATTGCTATATCTTTATTTTTTAAGATTTTTCATAACCTTTTTTGGGTGATAAAGTCATGGACAAGAATGTTTGGAAATTTTTTGAAATCATCCCTCATCCACATATTCTTTTCTCAAAGAACTATATTAAAGTTTATGTCTTGTAAATCAGGAAGAATTGTTAAGAGGGTCTTGAATATAGTTGTTGATCATTGACTTCCGGCTATTATCATCACTTCAAGCTTTTCATTCTCTTCTATTTCTAAATCATCAAGGTAATCTAGTAACTCAGGGTTTAAAATTTGTCAGGCTACAATATATTTTTTATTATCAATTTTTTTATTTGGGAAAGTATAAAACGTTTTTGTTGCAACTTTTCAGATAATTTTATTTGCAATTCATGCTGTCATATCAGACTCATGAACATATATTTTTTTCCTGAGAATAAATGCTGCAATACAAAGAGGAAGACTTACATAGCCTCATTTTGAGAATACAATATCTATTTTATATTTTAATATATAGAATATTCAAAACACAATTCATGAGAGATTTTTTAATGGTTCATAAAAATTCCTCAGATCAAAGTATCTTCTTACTTTCCCCGCAGGTATACTGAGAAATTTTATTTTATTTTTTGATGCTATTTCTTCTTCTAACGAATCTTCTTCTCAAACCCAGAAAAAATTATATTTTCGTTCCTCGTTTAAATAATTATATGTTGATAATAATGGAAAAACATGACCTCAAGTTGAGCCTCAAGTAAGAGCAATAGTTTGTTTAGAATTCAGGGTTTTATCAATATGAGTACTCATGTTTAAAGTTTTATGTAATGTAATATTTTTATAATAAGCTTATTCAGTGATTTTACAAATTTTTGTTCTTTTAATAAATCTGTCATAATGAAACTTGATATAAATCAAACCAAAATTCATCAAATAATATCAAATGGCCAATGGACTCATGCAATTATTCTAGAAATATTCATTAACAGAACAAATGGAAAAAATATGA
CP042461.1_gap7	322906	325373	2467	GTGTTTTGTTTTATTCTACTTTTGGCATTTTTATTTTGATATATGTTTACTTTTTCATTTATTTTTATAATTTTATATTCTGTTTTACAAGTAATATTTGAGATTGAAGGTAATTTGAATTATATATTTTCAGTTCTTTTTATAGTGTCAATAGTATTGCTTTTTATAAAAAGATATAGGATGTTTCTAAAAAAATATGAAAAAATACTGACAGTATTTTTTCTTTTAACTTTTATTGCATGATTTTTCTTAGGTATTAACTATATGACCACACTATACAAAAACGTTAGTATTATTACAAATACTGAAACTAATGTTTGAAAATTATATTTTTTTAATTGAGATTATTATTTTATAGAAATTGATTGAAAAAAAGTATTACTTCCAACAAAAGAAGTAGAAAAAATAGAATTATTAGAAAAGAATAATGATGAGATTGCTAAGGATATTATAGAAAGTGCAAATGAAAAAAAATAGAATTTGAGTGCTTGAATATTTTTTAGTATATACCTCTAATGTGAGAAGTTAATTTGTTCTATGAATAGTTATTTGTATTGCTAGATTCATATTTATAATTGCTATAAATTCAACTCAAACTTTCTTGCAATATATTAACAAATTCTGGAGAAAAGGCTTTCTTTCATTGAGGGATAACATGAGCGTATGCTCTTAGTATCATATCTATATTAAAACTTGATGTGAAAAGATTTGAAGAGGTATATAGTTGATCTTGCTTTGAAAAATCTGTAAGTATTTCTTGTATTCTTTTCTCAATACTTTCAACATTATTTTCTCACGCTCTAATTTTTCAAGCGGAATAAAAGAGGTCTAAATGCTTACTTTGTTTTTTTATATATTTTATTAATTCAAGATATCATAAAAATAGTTTTTCTAAAGAATTTAATTCTATATAAATGTTAGTCCACTCAGGTTTGTTCGTATAAAACATCTGCATGTTCTTTACAATTTGTGTGTATTTTTCAAGCTCTATATGATTCTTTTTATTTGGAATTATAAAAAACTTTTTCTCATGGTAAGTTATAGAGTGAATATTTATTATTGATTCTTTATGAATTTCCGAAAATTTAAGATTCTTTCTCATTTTTTCTTTTTCAATAAAATTATCTGGGTTGTTAAGTGCTAAAAAACTTCTATATAGAATATTATCTTTTTTACTGACTTTATCTATTAAAGAATAAATAAAATTAGTAATTTGTTTTCTGTTCCATGATTCATATTGTTTTTTATACTTAGCGCTATTTGCCTCTACAAAAGTCTCAAAACAGGGGTTCCATATTATTGTATAAGTTGACTCTTCTTGTTTAAAATATAATTTGGCCCTCCGATTATCATTTTCAAAAATATTAAAGCCAATATCTATACATCAGATCATATATATTTCTACTCAGTTAAATAATATTTCTGTTTGATCATAATACTCAACTATTTGCATAAGTTTTTTGTATAATTCAGGTGAGACTGTTCATATGATATACTCTCAATTTGTTTCACCTTTTAGGGTGCTTCATATATCCAATTCTTTTTGATACTTGTAGCAAGTCCGTTTATATATCATGCATATATAATCTAGAATCTTACATAAATACTTTATTTCATTGGAGTTGAGAAATAAAGTTGAATTTCAAATTGAGAATTTAAATTTATTTGGGGAAATTTTTAGTATGTATTTTCTTTCTTCTATAGGTTTCCATATATAACTTATGAGATCTGTATCAATATTTTTTTTACATAAGTGTATTAGTGTTTTAGACTGTGAATTACAATAAATAACCATGAAAAAAAGGGATTCATCATTTTTTTCATGGAATTGCTTTATATTTGGTATATATAAGTCTCACTTCATGTATTGCGAATCAAAGTGCCAAGTATAATTGCATTTTTTTGCTATCAATTTATTCATAAAATTTAGTGAATTTATAAAAAACTAGGTAATGTAAACACCCAACGGGGATCGAACTCAATGAAGCCCCATAACAAAGGGATTTCACTCCATAATCATAAATAATAGCCTAAAAAGATTGAACTAAAAAAAGCCTCTATCGAGGGCTCTTTAGGTTTTTTTTCGTTATGGTACACCCGGCAGGGATCGAACCCACGCTAACCAAGGTCCGCGGCCTTGTGCTCTTCCACTGAGCTACGGGTGCATAATGTGTAGTAGTATTGTATGTAAAATCAAGAATAATCAAGATTTAATGTTAACTCAAGAATAATCAAGATTTAATGTTAACTCAAGGTAAGTCTGTAAGATTTTAATTATAAATAGATAATAACACTCTTATTCTATAATAACTTCATTATGAATACAAAATTTATAGTAGTTGTGATTTTACTGGTTAGTTTTTTGTTATGAATGAATAGTTACTTCAATGGAAACCAAGAAAATAAAAATGAAATAAGAACAGAAAATAAACAATCAGCAACTAATGATATATGAGCAGAATATGAC
CP042461.1_gap8	377796	380955	3159	TAGACTGTGCAGATTATGCCTGTACAGATTGATGTAGTCAATTACTGGTAGACTTTTGAAATAGTGCAATAAATGATACCTTTAGTATTTCAGGTTGGAATACAGTTTTTAAAGATACTTATACTGGTTATTATAACCAATGAATGACGAATACAGCTGGAACGAATAAAGATTATAACTATCAATGAGTTTCTGGTTCATCAATGGAATTTGCAGAATGAGATAGAGTTTTACTCACATGGTATAATAATACGAGTTCTCAGATTACATTTACTCCAAGAATAAGTTTTGATGACAATGATAGACCTGTTTCAGGAGTTGCAGGAACATGGTACTCAACAACTCAGTGAGTAATAGAAGCTTGATCATATGGTGTAACAGAGTATGAAGTAACATCAGCAAGTGCAGGAAATTACACACTTGTAAATACAAATGTGAATTATGAACATAATACAGAACTAATCTTAGATAAGATATCGCTTATTGATGCATGAGCGACTGGAGGGTGAACAGGGACAGGGGCAACAGATATAACAGCTCCAGTATTATCAAATGGATTTCCAAGTGGAGAACAAATATCAGGAACAACAAATACAACATTAAGTATATCTACCGATGAGAATGCCTTTTGTAAATATTCAACTGTTGTAAATACAACATATGGATCAATGATAAATAGTTTTTCTACAACATGAGCTCAATCACATACAGTAAGTGTATGAGGACTTACAGATGGTGTATCGTATACATATTATGTAAGATGTATTGATGGAGATTCAAATGAAAATACAAATGATTACATCATTAGCTTTTCAGTATCGGAAGCTTGAACCCCTACAACTTCTACAGGATTGATACATAATTATCAATTTGATGAAAACACTTGAACGGTTCTTTGAGATGGTTTTGGTGGACAATGAACTATATCAAATGGTTCTTGGAAAACTGGTCTTATAAATTCTGCAGTAGATTTTGATAATACAACTATTTCATTATGAAATATGGATGTAACATGAAATGGACTTACTATTTCAGCTTGGGTAAATCCAGATACTTTTGCAATTCATGATGCAAGAATCATTTCAAAAACATCAAGCCCATCTGAAGCTGACCATTATTGGATGATGAGTACACAAGGTGAAAGTGGAAGATATTATCCTCGTTTTCGTTTAAAATCTGATCAAGAAACAGTAACACTTGTATGATATAATGTAGAACTTCAAGCATGAATATGGCAACAGATTACTGTGACATACGATCAGGCAACAATGAAGATCTATGTAAACGGTGTTGAAGCTGGATCATCAACAGCTGCAAACTGACCAGTTGCAACAAATGCTACCATAGAAGCTACCATTTGAGCGAATCCAGATGGATCACGTAATTTTGATGGATCAATTGATGAATTAAAGATATATGATGAAGCTCTGAGTGCAGTAGATGTACTCACTGATTATAATGATGATATAGCTACTTCATGATATACTCCAGGTACAGGAGGTGGAAGTGGAGGTACAGGAACGGGAGGTACAGGAGGAGGATGAACAATAGAGTGACCAAATAATCCACTTGCTTGAATTTCAGATCTTAAATATACAGGAGCCTTTATTATTCCTACATGAACATATGGTGTAGCAGGTACTCCATATTCTGAGGGAAAAATTGCATATAATCCTGATAACCATTCTTTGTTTCTTTCTACAGTAGATTCAAATAACCCTGATACAGATTTTACTGTTCCAGATTCAGTGTTATGAGAATTTTCTATTCCAAATATCAGTATGAGTGAAGATAGGCTTGACCTGAGTCCAGCTGTAAATATTCAAGGATTTATTGATTTGTATGATGATGCACCAGCATCAAGTTTAGAGCGTATTTCATGAATGTATTATAAAAATGGTGAACTATTTGTAAATGGTTTAGTCTTTTATGATGCAAGTGCAAATGGAACAGATACTTCACTTGTTATTCGTGATGCAAATGCAATGGGATCTTCTCAAATTGATGGTATCTTTAAAATGGAGTGAGCCGCAAGAGCGGCATGATGGATTTCTGATATCCCATCTGACTGGCAAACTCCATTTGGAGCGACACAAATATCAGGGAATGCAAGTAATTTAGCGATTGATAGTCGTAATAGTATGGGGCCAAGTGCTTTTACCTTTGATATAGATACTATCATTGGAAATAACTCTCCAGCTACTACGATAGCAACTACTACTATCATGAATTACCCATTAAATGAGTATGGTGCAGAGAGTCATGCTATGTATCCTCAAGATAAATTTCCAAACCTTACTCCAAATCAATGGATAGGATGGGAATGAGATAATTATGAAAGTGTAGATTATAATAACATAGATTGGGATAATGATGGTACTTTTGATCATGATAATGATCTATGGACTTCAAATTCTCATGCTGATTATGGATTTATAATTCCATGAACAAATACCTATGCTGTTTTCTGATCTACAGGAGGTGCAGAAAGTGGTATATGATATAAAGTAAAAGAAGAAGATAGAATAAATGTTACACCTGGGAGTTGAAACTGTGCATGACCATGTACTTTTGATGGGAATGATACAAGTAATTTCTATTGGTTCTTTGATGTAGATGATATGATAGCTGTAAAGAGTGGTGTTATGCAAGCTCATGAAGTAAGACCATATAGTTATTGAGAAATGGTGGTTCCATTTGAAAGAAGAAATGGTTCACTTCATACGATAAAGTGAGGGAGTTATGATGCTACAACACAAACTTTATATTTATCACTTTCTAAGTATTTAGATCCAAATCCACCTACTATTGTTACCTACAATGTTGACCTTTCAAACAATGAAAATAATACAGGAACTGGAACAACTACAGGAACAGGAACATCGGATACAACATCTCCATTTCTTTCAAATGGGACTCCGAGTGGAGAACAGGTATCAGGAACAACAAATGTAACTTTGAGTGTTTCAACAAATGAAAATGCATTTTGTAAATATTCAACAACTTCAAACATAGCATATGGATCAATGACAAACAGTTTTTCTACTACATGAGGTCAGTCACATACTATAAGTGTATGAGGATTCACAGATGGTAATTCATATAGATACTATGTAAGATGTATTGATTGATCACTCAATGAAAATGCTTCAGATTATG
CP042461.1_gap9	382871	385369	2498	GATGCAGGTGGAACTAATGTTTGAACAACATCAGTAGTAAAAAATCTATCAGATCTAAAAAATTCTGTAATAGATGGAATATTTCCACTTGCATGAAGGGCTCATTTAATAAGTTGGGCATCATTGATACCAACAGAATGGCAAACACTATTATGATGAGATTATATATCATGATCATCAAGCTCAATACCTATTAATTCGAGATCTAGTATGTGACCAAGTGCGTTTGCATTTCAATCAGATGATCTTTTGAATGCAACCGATACAAATGTAACTATACCGACTACTAAATTATTAGATTTTGGTTTAAGTAATGTATTAGCAAAGACACCTTCAGGGTGGGCAGAATATTGAGACTGGGATCTATATAATGCAAATGGAGATAATGATTTATGGACGGAAGATTCTTGAGCAGAATATGGATTTATAATTCCATGAACCAGAACCTATGCAACGATCTGAATGTCATGAATGCATGAAAGTGGAGGATGATACAAGATTACTCAATCAGGTGCAACAGAAGCATGTTGATGACCATGTGCCTATGATCCACTTGATATGTATAACTATATATGGTTATGGGATGTAAATGATTTCTTAGATGTAAAAAATGGATTAAAACAATCATACGAAGTAAAACCATACCAATATGGAAAATTTAATACTCCATTTGAATATAGACTCAATGGAACAAGAAAAAACTTAATTGCTGGTTGATCATATGATGATGTATCAAACACATTGTATTTGAATTTAAACAGAGCAGATGGAGAGAATCATGCTGCTTGACCAGTAATCCTTGCCTACAAGATAAATGCGGTAGTAGATACTACAGCAGCTATACTTTCAAACGGAACTCCAACTGGAGAACAAGCCTGAGGAACAACGAATGTAAATCTGGCACTTGATACTGATGAGAATGCAACATGTAAATATTCTACCGTTGCAAATACAGTATTCACAAGTATGACAAATACATTTACTACGACGTGAAATACATCACATTCTACAAATGTAACATGATTAACAGATGGGAATTCATATACATATTATGTAAGATGTATAGATGGGTATTTGAATGAAAACACAATAGATTACACACTCAATTTTTCAGTAGCGAACACTCCAGACACAACAGCACCGATTCTTTCGAACGGAACCCCAAGTGGAGAACAAGCCTCAGGAACAAGTAACGTGAATCTGATACTCGATACCGATGAAAATGCAACATGTAGATACTCTCCAAATGCAAACACATCATATTGAGCAATGTGAAATACATTTACAACCACAGGGAATACAACACATACTACAAAAATTACATGACTGACAGACGGAACATCACATACGTATTATGTAAGATGTATGGATGGAAATTCTAATGCAACAATAACAGATTACACACTGAACTTCTCTGTAGCGAATACTCCAGACACATGAGCACCATTTTTAAGTAATGGACTTCCAAATGGAGAACAAGCTTCAGGAACAACAAATGTAAATCTAACATTAGATACGAATGAAGCATCAACATGTAAATACTCAACAGTAGTAAATACAACGTATTCATCAATGACAGATATATTTACAACAGGAACCTGAGGAATCACACATACAGCAAATATAACATGACTTACAGATGGAACATCACACGCATACTATGTAAGATGTATGGACACTGATTCAAATGAAAATACAATAGACTATACAATTAACTTTTCAGTAGCCACAGCAAGTACAAATAGCTGATGAAGTTCATCAGGCTGAAGTTCAAGCTGAGGTTGAGGAGGTTGATGATGAGGATGAGGAAGTTATATCCCAACCTGTAAAGACGAACAACTCACATGTAAACTGATTCCATGATCGACAACGACTTACAAATGGTATGTACAAGACGAAGTATCATGTAAATATGGGAAACTATGAAGTCTCTGTTGAGAAGAAGATGTAGTAGAGTTGAATAGTGGATGAACATGAACATGAAGTAGTACAGACAGTACATGATGATGAACATTGAAGAAATACCATTCAGAAATGACAATCCTTCAATTGATAGAGAAGAGAGTGGACAAAGTAATCGAACAAAAGAAGAAAGATAATGATGACAAAGTAATAGAATACAGAAATGCTTTTATCAAAGACGTAGAGAATTATATATTAGCCAGACAAGCGAAACAAAGTACAAGAGAACACAAAGTGAAGATACTCGCAACGTTCAAACTCTTTGCAAAAGAGTTGAAGAAAGATAGGCTTGCTAAAACAAGTGAAAAGAAGAAATCTACCATAAAGAAATACATAGCTGTACACGAGGCAGTGTATACGCTTTGAGATAGACTTGATAGCTTGATAATAAAGTACAATAAGGAGTCGAGTATAAAAGTGTTGTTTTTTAAGAATAAGTTGTTAAAAAGTATGGATTCATACATCACAACAAAGAAGAACAAAGAAAAAGGGATAAATTACAAGATTAAATTAAAGATATTAAAAAGTAATATCGG
CP042461.1_gap10	422707	424682	1975	TTCCATAATAACTTTATATAAAAGTAAAGTAGGGGTATCTAGTATTATAAGGATTTTTAAAATAAAGCGAAAGATTATTAATAGGAGGAATGGATAAAGAACTTTGGGATAATAATCTTGAGTTTTAATTGCAAAAAACAATATTATCATACAAAAAATGTGAACAAAAACGCTCATATTTTTTAAAATACAAAAAATATACTATTATTACTTTAAATATGATATACTTTTAAGTATGAAAATAAGAAGATGGAACTATAAATCTTGCTATAATTTCATAAAATCTTAAAATAAAACATAAGAAAGTTTTGACTTAAAAATATACTCGTATATATATTGTATATATTTAAGTAAATATCTTTAATTTTATAATATTGTTCCTATGGCAAAAAAGGAGTTCGAAGAAATAGTATTGGAAAAACTATCAAGTTTTGAAAATTTTCAAGGAGTTGTGATTCAAAAACTAGATACTATTGAGACTGATGTATCTGAACTAAAAACTGATGTATCGTGACTGAAGAAAGATGTATCTGGGCTAAAGTCAGATGTTTCGATATTGAAGCATAAAGTAGATGTAATTGATGATAGAACATCAATTATGGGAAGACAAATTGAAGTGTTAGAAGGGAGGTCATCTGTCATGGACAGAAAAATTGATGGATTATATGATCAAAACATAGAGTTACAAGCCTCTATTGACCTTAATAGTAAATATATCAATCAATCATTTGAAAAGATTTCAGAGAATAATTTTAAATAGAATTTTAATTCTCTATGAAAATAACTTTTATAAGCTGAAGTAACATAAATAATTAAAACGTCAAGCTAAAAAGAGTATATTTTTCGTTTTGTTAATGTCCTGTTAATGTCTGATGAGTATAATCTTTTTGTTCAAGGGTCGAGGAGGAAACTTGATACATAAAAAAAGAAGATAGGAGAGGAGGCCTGCCTTCTTTTTTTTGTGTTGATTTTAGGTGTGCCTAACAGTAATATTGGAGAAGGCAATTAACAGTATTTTCTCTGTTTATAAATATTATTTATATGGAATGATTATTTATTTTAAAAGTAACTAAAAAATACTCACTAGTTTTGTAAATGATTGTATCACACTTTTTTTATCTCACTTCAATCATACTATCTTGTGCATCAAAATATTATCAATACATCAAAACAAAAAATTATCATATGCAACAGTATAAGTAAGATCAAGGTTATCTATAAAATCAGAATAAAAATACTTTATATCACTGTACAATAAAGCGAGCCTATCTTCTAGAGTTGTATCTTCTAAAAACTCTAACTTTGTTTGATATTCTGTGAAAAAATCTTTTCATCACTTGATCCAAAAATTATTTAATATTTTTAATTCTTTATTTTCTTCTAAGAGATTCTCTTTATCGAAAACATTTCACTCTAATAAATTTCTTAAATTTTTATAATCGTTTTTCTGTATATTCTCAATATTTAGTAGAGAAGTAAATCATTCTGACTCACTGGCTGGCTTAAAAATTATAAATAGATATAAAAGCATTTCCATTTTTATATCTTTTCACCTGTTTTCCCAGTTTGAATAAATGTTATTGAAATCTGAAATTAAATTCACTGCATGAATATCTGACGGTACAATATTTTTTAAAAGACCTTGCCTTCTGAGAGGAGTTAAATTTGTAGAATCGTAGACTATACTTTCCATTCATGCATTTATATAATTATTTATTTTTTTATAAGAGTTATTTACTCATATAATATTTAATTCATTTTGAGTATAATTATTGTTTTGTAATATTGCTATTTCATCATCACTGCTCACGATCTTAGAATCTTTATATCATTGCAAGTACGTTGTTTTTCCACTACATGGAGGTCAAACTAATATTGTTAGGCTCATTATATAATTTCTAAATTATAATTACTCATTCCTTTTGTTGAGTACATATTTCCATCACTTCAAATAATAACTCAATCAATATTTTTT
CP042461.1_gap11	507575	511613	4038	GATTATTATTTGATTCAGAATTATCACTTTCATCTTGTTCTCTATTTTCAATAGATGAACTTTCTACTTGTGGTACTGAAATATTTGGGTTCTCTATATTATTTATAAGATTTTCTAGAGTATCAGGAGAGAATCAGTTTTGAATCTTATCATCATAACTACATATGTATTTATTTGAGTTTCACAGAACCAATGGTAGATTTTTATTCTCTTGATTGGCTTCTTCTATATTTTCATCTTCAGAGCTTTCAGAAGTACTCTCTGCTCATGAACTCACAGCTGGGGTGGGAGAAAAATTATTTTTATCATTTTTTATTCCAAAATTTCATGCGAGATAATCATCAATATTTTCATAATCAGCTCATTCATATTCTATTTTACTTGAGAAAATTATAGCATCTATTTTTTGTAAATCATCTACTAAGTCAAAGCTAGAGTTTTCAATGATACCATCACTGTAAAGTCAGATTTGAGAAATAGAATGAATTTGCTTGGATTTTTCTTCTGCTGAGCTCTGAGCAATATTATGAATTTCTTGAATAGCATTTTGAATTTTATTTATTTTTTCTATTGATATACTTTGATCTTCTCACTTGCATTCATCTGTAATTTTTGAAGCTAACACTCAAATATCTCAAGCAGATATTTTTTGTATATCAGATGATGAGATATTATCAATAATACATTTTCACACTCAATCAATTTCTAGTATTTCATTTATATACTTTGCCATAGAGTCTTCTCATCACTTTAATTCATATTCATAATTTTTGAGTTCTAATTGCTCAAATCACTTATCAATATTTTTATATAAGTCTAATCATAAATCTTCGCCTAAAAAACTCCCATCATCTTGATATTCACTACTAAATCCTGTTACAGCGTTTTGAACGGATTCTATAGTATTACTATAACTAGATTCTGCTTTTGCAAAGTCATAAGAATAGCTTATCAATAAAAAGAAGATAAAAAGAAGATAAAAAATGTATGTTATTTTTTGAGACATAGAATGTTTCATTAATTATGTGACTCTAAATTTTGCTTGATTATACCCAAAAAACATGATTTTCCAAGAAAAAACCATGTAAAATTTACATGGTTTTTTTTGTTACTATTCTTAGTAGAGAATTTTAAATTAAAAAAAGCCTTCTGGCTTTTTTTTCGACTTAGTGAAATATAAAATACTTAAAAATAGTGGATTCACACTTTGTTAAATGTAAAACCAAAAATGCCTCCGTTACGGAAAGAAAGCTTTGCAGATATACCAAAACTAGATTTTTCTCCAGTTATTCCATATATCATACGACCATCAGAAAACTTACCTGACATTTCGATCATTTTAATATCGTAGAAAGTAAATTTTGCATTATTAAGAGCATCTTTTTTATGAATTTCATTGGCATTTATATCTCCAATTGTAACTACTAATAAGCTGTTAGGGTAATCAAAAAATACCGAAATTATATCAGAATCATGAAAATCGCCTTTCAAAGATAGTATTTCTAAAAAATCGTTATTTGATATTTTCATAATTAAAGTTAAGGAACTAATATGTTTGCTCCGTTTCCGATCTTATAGCTTAGGCTACATAAGATAGGTTATATTTTTTATTTCCTCATAGGATTTCTTCTAATTCTGTAATTTCTCAGAGCTGAGATTCCCTAATATAGGTACTTGAAACAAAAAAATCATAAAAATCATTTCAAAAATCTTTTGCCCCCATCAAACAAAGGTATAGATAATAATTATTTGCTTCGTTTGTAACATCGTAAGTTGCATTATTTTTATTTGAGGAAAAAACAAAGACTTCTCAGAGCGAAGATCAATTAAAAAAATCAAATGCTTTTGTTTTTACTAATTCATATTCATTTTCTCTTTGTAATAGTTTTTCGAAATAATCATTATCCATCTCAAATATAACCCCATTTACAGAATCTGCTTGCTTATTTGTTTTCATTACATCCAAAGCACACATAGGGATACCTTGAAATTCTCATGTTCTAAAACCAATTGGATCATGGAGATTAAAACTTCTTTTGAATTCTTTAATTATTCCAGGGCCAATGACTTGAGCATTTGGCACAGTAAATTGAAGAGATTTTGTATTAATAAGAGATCAAAATCAAAAAATCCTTTTCATATATTATGGTATTAGCTTCAGATAAAATGTAGCTTCTTTTTCCTGCTAAGGAGAGAGAATTAGGCCTTGCATCATCCTTTTGGGCAAGAGAGAGGTATTTAATTTTTACTTCACTTTCAATTCATTTTTCACAATTTCAAGAGTTACAGATGTTGTTTTTGGATTCATAATTATTTTTTCTGCGATTTGGTCTTCTACTTGATCTGTTATAAATCTTCTGATTTCTCTTGCTCAGAATTGAGGATTATATACGAATTTGGCTATGAAATTCAGTACTTTTGTATCATAAGCTATTGTAACTCAAACATTTTCGAGTCTTGCTTCTAGATTTGCAATTTGGAGCTTAACTATTTTTTTAATATTCCCTTTATCAAGAGGCTTAAATACAATAACTTTATCAATTCTATTTACAAACTCAGGAGAGAAGTAGTCAGTGAGATTTTCTTTTATTTTTGTACTTGCTTTTTCATAGTCAGCCATAACGGAATCTTCTTGTTCACCTGATGCATCAAAACCAATTCTATGTGCTTTTTCCATAAATTCTTCTTGTCAGATATTCGAAGTCATTATGATAATGGTATTTTTGAAATTTACCTGTCTTCATTTGTTATCTGTAAGAGTTCAGTCCTCCAAAATTTGGAGAAGAATATTATAGACCTCAAAATCTCATTTTTCAATTTCATCAAAAAGAATAACTGAATATGGTTTTTTTCTTACTTTTTCAGTGAGCATCCCACCTTCTTCATATCATACATATCAAGCATTTGATCCGATGAGTTTATTTACAGCAGTTTTATCTGAATATTCACTCATGTCTATTTTGATAAGAGCATCTTTGTCATCATAAAATTCTTTTGCAAGGACTTTTACAAGTTCAGTTTTTCATACTCATGTTGGCCCGAGGAATAGGAAACTTCATAATGGTCTATTTGGATTTCAAATTCCAGCCTTGCTTCTCATAATTGATTTTACGATATTTTCACATGCTTCATCTTGACCAATAATACTTTTTTTAATATCCTTTGGTAAGTTCTTAAGCTTATCAATTTCGTGTTTATTTAAATTTGAAATAGGTATTCAGGTAGCAATATGGAGTACTTTTTGTACATCATCAAGTGTGACACTGAGTCTTTTTTCTTTTGGAATGGTAAATTTTTTCTTTGCTTCAATAATTTTTGCTTCGAGCTCAGCTTGATCTTCTTTGAGTTTATATGCTTTCTTGTATGATTGAGCGATAACTGCTTGCTCTATATTTTTTTGGAGAGATGCGATTTTTTCACGGAGTTTTTTTGTTTCTGTTTCATCAAAATTATACTTCATACTTTTTATACTACAAGCCTCATCAATAAGATCAATAGCTTTATCAGGTAAGTATTTATCCGTCACATATCTCATTGATAGATCCACTGCTCATTTTACAGCATCAAAATCTATATTAAGGTTATGATAGTTTTCAAAAGATTCTTTGAGCCCATCAATAATTTGAGTAGCTATTTCTCTCGAAGGTTCATTTACTACAATCTTTTGAAACCTCCTTTCAAGTGCTGAATCTTTTTCTATATATTTTTGATATTCATTATTTGTAGTTGCTCAGATAACTCTTATTTTTCCTCTTCCCATTGCTGGTTTGAGTATATTTGAAGCATCAAGTGTTCATTCTCAACCTCAAGCTCAAATAATAGTATGGATCTCGTCTATAAATAAGATAATTTCATTTTCTACTTTTGAAGCTTCTTCAATGACTTGCTTAATTCTTGATTCAAATTCTCATCTGTATTTTGTCCCTGCGATCAAAGAAGACATATCAAGTGACAAGACCCTTTTATCTTTCATTGAAAAAGGAACTTTTCATTCTATTATTTTGAGAGCCAATCCCTCTACAATAGCAGTTTTTCCAA
CP042461.1_gap12	557399	561619	4220	GAATTGATTACTCAATGAATATAACTACTTAACCGTTTTTATTTTTATTTTTGGATATAAATAAATCTATATCATCTTTTTTGGTAGGAGGTCTTACTAGGTTTCTGTAAGTTCCGTTCTAACGAAGAAAAAATTATTTTAATGAACAAGTAAGTTATTAATCTAACTTACACATTTATTATAACAGTTTATCAAAAATATCTCTAAAATATTATATTGACTTTTCTGTTTTCTCTAGGGTCTCCTATATTATTACCCACTGTTAAGCTCTATTTTAAAGGAAAAGTAGAATTAATATTTTCTTAAGGTTTGATTTGAAAATAGTCTCTATTTTAAAGGAATTATTGTGTTTTTTAGGTCTATAAAAAGGCTACTTTGTTTCAAAAATGTATACATCTATTGAGGATACCTTTTATTGTTAATAACTTGTAGAAAACTAAGTGAAAGTCTCTTCTGTAATAAATTTGTAATTATAAAAAAATCCTTAATATAAGAGTAATTGTTTAAAAATAACACTTATAAATGCCTGAAAATACTTACTTTACTAGGTCAAAAGGATTTCTTGGAAAAGAAATAGATACGTATGTAGAAAAAGATATCATCGAGTTGCAAGATCTTATTTCATATCACAATGACTTATATTATAATAAAGAAGATCCTATTATCAGTGATTTTGAATATGATCAACTTTTTAAAAACTTAGCTTTCCTTGAAAAAAAGTTTTGAATTCAATCAATGCAAACGTCAGAAGTTGGTTCTACACTTAAAGAATCTACTTTTGAGAAAGTGAAGCATAGTAGGCCAATGATTAGTCTAGATAATACTTACAATGAGGATGATTTAAATGACTTTAATGAGAGGGTTTCAAAATTGTCTGATTCGGTTTGAATTATAGACTATACTCTTGAATTCAAATTCGACTGACTATGAGTAGAGCTAATTTATAAAAATTGAAAATTGGTTCAAGCGATCACAAGGTGAAATGGTATAGAATGAGAGGACGTTACTGAGAACGCAATGCAGGTGAGCAATATACCTAAAGAGATAGAGTATAAAGATCATTTAGAGGTGAGATGAGAAGTTGTAATGCCCATTTCTATATTTAATGAATTGAACGAGGATGCAAAAAAGACTTGAGACAAAGTATTCTCGAATCCTAGAAATGCAGCGAGTTGAAGCTTGAGATTGATAGATAATAGTGTTACAAAAAAAAGAAAACTGAAGTTTTTTGCTTATGATCTTGCTAACTTCGAGGAGTTTAGAATAAAAGAAAATAAAACAGAGTATTTTGATGTTATTAAAGATATCGATAATTTATGATTTGAAACATCAAGTTATTTCAAAAAATTATCTTGAATATCAGAAGTTATTACAGCAGTTGAAAACTTTTGAGATACAAAGAATAATATTGATTTTGAAATTGATGGATTAGTTTTAAAAGTAAATCATATTGATTATTGGAAAAAAATAGGCTCTACTGAGCATCATCCACGTTATGCAATTGCATATAAATTTCCTGCTGAGATATTTACCACTCAGATATTATCTGTTGAACATCAAGTTTGAAGAACTTGAGCCATCACACCAGTTGCTAATTTAGAAGCTGTAAATATGTGATGAGCTATTATTAAAAGGGCTACTTTACATAACTATGAAGAAGTAGAAAGCTTAGATGTCAGAATAGGGGATACAGTGTTTATTAAAAGAGCATGAGAAGTGATTCCTAAAATAATTTCAGTTGTAAAAACTTGAGAGAGGGATAACTTAGAGAAAATATTTCCTCCAAAATTTTGCCCGAGTTGTGAGACTGAAGTGGTAAAAGATGAGTGAAAAGTGAGGTATTATTGTCCAAATGACCTAGATTGTCCTGCAAAACATTCTGAAAAATTAGCATTCTCGGTAGGGAAACAATGATTTAATATAGATGGTCTATGAGAACGACAAGTAGAAATATTTTTACAAGAAGGGATTATTCATAACTTAGTTGATGTATTTCAGATAGAAAATAAAAGAGAAGAGATATTAGCTCTTGAATGATTTAAAGAAAAAGCGGTATCAAATCTGATTACTTGAGTAAATAATGCAAAAGATGTAAGTATAGCAACCTTCCTTACCGCACTTTGAATTGCATGAGTTGGGAAGAAGACAGCAAAGACTTTGGCTCAATTATTTGAAAATAAAGAAGATTTACTTTTATTTTCTTCATCTGTTGAAAGTTTAGAAAAACTTGCTGATATTTGACCAGAAATAGCAAAGAATGTAATTGAATATTTTTGAAATGCTGCTCATAAGAGGTTATTAGAAGAGTTAAGTGGCATATTAGATATTAGTTATTATAAAAATATTTTATTAGATTCAGATTTAATATTCACTTGAAAGAAGATGTGTATAACTTGAAGTTTTGATATATACAAAAGGGAAGAGTTAGCAAAGATACTAGAAGAAAATGGTTGAGAATTTATGAGTAGTGTCACAAAAAAAACAGATTTTTTACTTGCTTGAGACAAAGCTTGAAGTAAACTAAAAAAAGCGAATGATTTATGAGTAGAAGTTGTAAGTTTAAATGAATTTTTAGAAAGAGTAAGCTAATTTGTCACTTTTATCTAAAAATATCGTTTTAATACATGTTATAAAATATTATTTTAAATGTTAATTTTTTTATTATGGCTATGCAAAACTATGCAAAATTTGAATCAAGTATTTCTGCTGATTCTGCGAGAGGAAATATGATTGAGCAGTCTTTTGGTGGATCAAACTACTACTGAAATTCATTCTTGAGTGAATTATTTAACTTTATAGGTGATTTACTTGGTTTCTTACTGGGTGCTATTATTGCTTTTTCAGTTGTATTTACATTTTTCTTCTTTGTATACATGATTGTTTCACTTTTTACAAAAGGTGGAGAAAAAACAATGTGAGAAGTAAAAATGTTATGAACTTCGTGTATAAATATGATCAAAAGATTTATTTATTGAATCGTTTCTTATTTGAAAAGAACAATCAAATGTTTATGGAATAGGAAATACATTGTTTTAGCTGCAATACTATTACTTGCTTTTACTTCATTTGGAAAAGATGTAATAAACTGACAATCTAGATTTTTAAAACTTGATAAAATTAATCCAGGGTATGTAGGAATTGATTTGAAAAATTCTAGACTATTACAACCATGATATCATTTATATAGTCCATTAAAAACAAGCGTATTTTTATCACCTACGAATGATTTCAGTTTTCAAATTGCTGAGGTTACAGCAAACTCAAGTGAAGAGTTAGGAGTTACTCTTGATTATAAAGTATGATTTCAATTAATAGATGACAAAAGATTAGATTTCTATAATAAATTTGGAGCAAAAAATATCAGACTTGTTTCATCTGAGATTGTTATGCCAAGACTTCTTGAGGTTATCAAATGAACTATTAAAAATTATTCATTTAAAGACATCTCATCTAAACATGATGAAATTAAGGAAATTACTATTACTGAAGCAAATAAAAAATTAAAAGAATTAGGGGTTTCTATTCAAGATATCACCATTATAGATATTAGACTTCCAAAAAGTTATCTTTCTTCTAAAGAAGAATTACTCAAAGCTGAGAATGGATTAAAATTAGCTGAAGCAAGGTTTGAGGCTCAAAAGAAAGAGTCAGAGAAAAGATTACTAGAGGCAAAAAATTTAAAAGAAGTAAAAATTATTGAAGCAGAGGCTCTCGCTGAGTATAATAAAATTGTTAAGTCAGAGAGTGTGACTGATAATATGTTAGAGATGAAGAAGTTAGAAAATGAAACTTTGAAGATTAAAAAATGGGATGGGAAGATGCCAAGTACAGTAGGGGATAATTCAGGGTTGTAGGGAGGAAGGAGAACTTTTAAAAACCCATCCCCCTTCGGGGACTTTCCTTCATTCGAATGGAAGATATAAAATATAGTAATAAAAAAATAAAAGAGTGAATGTTCTTTTATTTTTTTGTGAGTTCTATGTAGCAGATTTCTAGTTTGTGTCCTCTGAAGATTTGTTCAAATTCGGTTATGTTTGTGACGTCGAATTCTTCTATGTCTTTTTCGTAGTGGTATGTTTTTCTTGATTGTTCCCAGAGATTGAGTTCATCTAAGATTTCGAGTGTTTCATCAAAGTATTCTTTATGATCGGTTTTAAATATTACTTTTCAGCCTATCTTTGTTTTATTACAAAGGTTTGTTAAGAATTCTTCTTGGAGGA
CP042461.1_gap13	564955	569337	4382	GTGAGCAGAAGTTATCGATAGTATCATCACAAAATATGAAGAAGAAGTGTTTAAATCTTGAGATGAATGGAAAGGAATTATTAAGGATGTATATACACCAGAAAATTTTATGGATTTAACTTGAGAGAAGTTTTCAAAAATGATTGTTAGATCAGGAGAAACAATAATAGATATATGGAAAAAAAAGAATCAAGATGGAAAGAGAATTTTTACATCTCTACATCCGTGAAAATCTATATATAATAGGGCCTGATTCGCATCAGAAATATATGGAGATATGTATGAATGTATTAATGATGTAATAGTCAGGGAAGATAATAGATTAAATGTTCCTATTGATTGACATAATTGGAAAAAAAGTTTTCTATCAGAAGAAATTACTCCAGATATATTGATGAAATTAACAAACGTAAAATTAAGAAAAACTTATGTCTCTTGATATTCTTTATGAGAAATTGCATGATTTTTAGGAGTAAGAAAAACAAATAATTTAGATAATAAAGTAGAAGTCTATGGATCGAAATATTTTTTAGCATTGCTATGACAATTAATATTTTGAATGTGATATGATTGTTTTGATTTTGTTGTAAGTAGGGAAAGAGACTTATGAAGATTTCCAAAAAATATAAGTGAAATTAAAAATTTAATAATTAAAGAATGATATAATCCAGATACAATTATGGGATTAAGCTTTTGAGATTTTAAGACCGCTCAAGTTGCAGGAATATTGTTCAGTGATATTACGAGAGTAGTTGATAAAAAAGGAAATCATGTTTTATCTTGTGAACGTCCAACAAAAAATTTATATAGCAGAGCGCTGTTTTGTAAGATAATTTTTTGAGAATGACATAAATCTGTAGATCAAAAAATTGAAGATGAAGAAGAAAAATTACTGGCTCCGACTACGAAAGAAGGCTGGGAAAGAGAATTTGTAAAAAAATGATATACTCCTGATATGTTATTCTCATATTCTATAATACAAATTGAAGAAATAAGGATTTGTGGTTTTAGTTTAGGAGAATTATGATCACAATTTGAGATAAAAAAGGTATACGGTATTTCAGGAAATTCAAATCCATCAAAGAATAAATATAATTTAGCATGTTTACTTTTGTTAATTTTTTGAGGGTGATATCAAAAAATTGATAGAATATTTTATAGTATAGATGATTGGAAGAATGAATTTGAAAAAATATGATATTCGAAAGAACATATTTATTGATTATCAGAAGATAATATAAAAGGTATAAAAATATGCTGATTGTCTTTTTGAGATATTGCATTGTTATTACAAGTAAAAAAATATTTTGGGTATAAAGAAAAATCAAATTTTTATAACAAAAAGAAACACCTACCTTATTTATTAGATTTTATTTGATTAAGGCAGGGGGAATTAAATTAGAATCAACAGAATTAATATATTATTTATATTCATTCAGATAAAAAAATAATAAATTCAAAATCTCCTCAGTCCGTTGTTTTATAATCATTAGATTTAAGAGTAGAAGAAAAATCAATTTGAAAATCACCAAGACCTTTTTTTGTTATATTCTATTCAAAATAGAAGTACTTTTATTATCATCTAAATAATTATTCATTTTCACTAAAAAAGACTAGATTAATTTCTAGTCTTTTTTTAATCAGGTCTGGATGAGAATAAAATTAAATATTTTTTTCTAAAATTCTAAATTCTATTTTCCCACCTTTATGTAATTGAATAATACATTGAGGCTCCTGTTCAGTTTTTATTTCTGCAAAAGCATCTATTATGACCTTTTTTGCACCGTCTAAAGTATTTACCTTTATAGTATATTTTGGATTTCCTATAAAATTTACTTTAAACTCTTTTGCTATAGATCTTACATGTTGTAATATATCTTCATCACTTGGGATATCATACTCTTCTTCACAAGTAAAAGATATACTCTTTAATTTATAGCGTTTATTTAAATCTCTCAAACTGAGAGAACAAAGGATTGTACTAGGAATCATAGATTGTCCTTATTTGTTTCGGGATAACTATTTTGGTTACCTAACTTTAATATATATCAAAATTATACAATGTCAAAAAAAGACTCACTTGATGTAGATTAGTCAAGAACATAAAGTTTTAAAGGAGAAGTACACTTATGTATAAGTGCAGCGTTTGCGGATATCGTGAAGAAGATGTATTTAATAATGGGGTTGGGAGTACACATATGTAACTAATCTACCATAAAATGTATGAAGATATAAAACATAAAAAAATATTCTATATCTAAAAAGGGAGCCATGAAAAAGAAAAACTTTATTGCTAGATTTTTAATCAAAATAAAAGAAGTGAGATTGAATAGAAACTGATGATTCTGTATTATATGTGCATGAAATAATATAAAAGACAAGCAGTGGTTTATATGGACCCGTTGGAGAAAATTTGAAGATAAAAAAAAGCCCGTTTGGTACGGGCACTTTAGATCTTAGCTTAACAATTACTTCCCTGTAAAAAGCAAGTATAGTAATGGAAAAGCTATGGTACTAACTATAAAAAGAAGAGAATACATAAAGCCTTTTGATTGATAAAAACGTGTCCCAAATGAATGTACTCCATGCTTCATAGCATTTTTCATTCTTTTCTCATCTCTCTCATGACTGACTCTTCTGTATTCTGCTATTTTTGTTCTAATAGCATCACCAGTGTTATCAATATTAGAGGTTTTGTTATTCATGATTCTTCTCTCTATTGTTGAAAGTAAACTCATTATATATAAGTATTAGCAATATCAAATAAAAAGTGTCAATAAACTTCAGAAATAAAAAAAGACCTAGTTATTCACTAGGCCTAATATGTAAGTATTATGATGGTATTTTATTAACAATCCTCACACAAATCCACACCTAAAATATTTTTAACTGCAGGTTGGGGGCATTCTTCACATGTTTCACTTGTTGGAGTAGTATCTACTTCATGACAAGGCTGGCACATACCATCAATAAGATCATCAGGGTCACATATCTCTGGACAACGTGAACATTTAACATTTTTGTTTTCATCAGACACTATTTTATCTCCTATAGGTTGAGAGGATTTATTATATAAAAATAAATTATATGTCAATATATATTACAGTTTAATAACCATAAAATGGGTCATTTAGAATTCTTTTTTTAGTGATCTTATTTTCTGTTAAAGTATTTGTTGCTCACTTTATCATATCAAGAGTTCCTGAAATATAAAAATATCATCTATTACTATACTGAAGAGCATAGTTTTTTATATATTTCGATAATTCTTGTCTCCCAGTTAAATAATGAAGAGTTATTGTATCATTATTTTTTTCTATTTCATTAAACTCTTCCTGAAACAAATATCAATCATGTGAAGAGTAGAGAAGTATTACCTCTCTTGATGTATTATGTTTTAGTTTTTCTAAAAAAGCTCTCATAGGTGCGATACCGATTCCTCACGCTATTAATATAATAGGGGAAGACTGGTCTTGTATTTTAAAGTTTCCAAATGGACCACGTAATTTTATAGTATCTCATTTTTTCATACTCTTTAATTTTGCTTTGAATTGACTCGGCTTGTTACCGATTTTTGTTGCTACTTTCATAATCCCTTCTTCTGGATTTGATGCAATACTCAATGCTCTCCATCATCTATCTTTTATTTTTTCTGTGAGTGAAAAAAATCAATGTTCTCATGTGAACCATTTTGAATTCGGTGCTTTAAAGTCAAATACATAATAATCTCCAAATGGATTCTCACTTTTTACAAGCTCTATAATATCGGTTTTAAATACTCATTTATAATCATTTAGTGCCATGGTTTTTTGTTATATTATTAAATGGAAATCTTGTATTATTTCTTTTATTTGTTAAGATTCACACATATAATATAACCATGGAGTATAGTTGACGGTCAATACTTTTTTATAAAAATTATTATGAGGATTTGAGAATTAGTTCAGAAAACAGGAATTAGTAGGGATACAATTCGTTTCTATGAAAAAAAGTGACTCATTACTTCTTCTGAGTGAAAGGATATTTCTAATAATTATAGAGATTATGATGAAGAGAACATAAAGAATATATCGCAAATTCAATTTATGAAAAAGTTATGATTTACTCTCAAAGAATGTGAAGTTTGAATCAGGAAAAGAAAAAATAATGAATTTAACCCAGAATCTAATAAAAAATTTATAAAAGAAAGGATTGCACTTATAGATAAACAGATTCAAGAACTTGTTGATATAAGAACTGAGTTTGAAGTGTTGTATAAAGAGCAATGAAAATAAGTATAATCGGATGAGAATGTAAAATGAAATGAACTATTGAGAGAATATCTTAGGATTATAAGTATTTAAATAAATATAAAAACGATTACATGGACTGTAATCGTTTTT
CP042461.1_gap14	587104	588832	1728	AGCAGCTAGAATAAACACCCACTTGTTTTTCCATAATGCTTGCTTTTCCATATTCCTTAAATTATGTAAATAAACCTTTATTTTATAATGATTTTTTGATAGATTACTAGTTTTTTCATGTACATACTTTCTAAAAAAAAATAGATTTAAGCTTATTTTAAGATTAGTTTGTATTTTTATAATAGTATATATAGTAAGTATACATGAGTGAATATAATAGATAAATGAATAAAATTTTATAATTTAATATGTTTGGTAGAGATGAAAGATAATAATACAATCATGCAAGTTGGGATATCATTATTACTTGCTGTTATAACTATAATAGCTACATATATAATTGTTGATATAAAGACAAAAAATATTTCTGAGGAAGTTGTAAATCAAATGTTATTAGTAGAATATAAAAAAGTAGGTGGAAAAGTAAACTATGATAAAATCATAGAAATACAACAGAAGCAAGTTGAGGAATGATTAAAAGGGTATGATAATGGATGAGCAGCTTGAACAGTAGATACAAATCAAGCAAATAACGTAGTTCCTTCTCCTTCTTGATCAACTCTTTCTATAGAGCAAGCAACAAAAATCACATCTGAGGGAACATATATATTATGAAATAAAGATGCTGAGATTAGTTTCATTGAATATTCAGATTTAGAATGTCCTTTTTGTAAAAAATTACATGAATCTGGTGTTATTGAAGAATTACTTGAGAATTATGACGGAAAGGTTAATTTTATATTTAAGCAATTTCCACTTGATTTTCATGTCCAAGCGCAAATGGAAGCTGAAGCAACACTCTGTGTCTGAGAAATAGCGTGAGAAGATAAATATTATGAATTTATAACAAAGGTATTTGATGGCTCTCAAGCAAACGGAAGAAGTTATACAAAAAATACTATTTCTGAATTATGAGCAACAATTGGAATAGATAAAAGTAAACTTCTTAGTTGTATCGAGAGTGGAAAAATGAAGCAAAGAGCTCAAGATGAAATGGCAGAATGAGGAAGCGTTTTTGGTATTACATGAACACCATGAAATGTGTTAATAAATAATAAAACAGGGAAGTGGGATAAACTCCCATGAGCATATCCATATGCTAGTTTTAAAGCAAAAATAGATTCATTATTACAATAATATGTATATATATCACAATATAATAAAAGTTTTAAAATCACCTCTATGAATAATAGGGGTCTTTTTTGGTGGAATGACAATACTTCTCCCAAGTTTTTATTTTATTCAAAAAGATCTTATTATATGAAATTTAGGTCATAGCTTTTATATAATGGAGATTGTTTTAACTATTGTAATAAGTATATTATTTTGATTATTTATTTGATCTACACTGTATAAAATTAAATATTTCCAAGTAAAAAAAACATGAGCAGGATTTATTTGATGATTTTTTGGTGTATTGGTCTCATGATGTCCAGCTTGTAGTGTCACTCTTGCATCATATATATGACTTGCTTCAATTATATCAACCTTTCCTTATTATGGAATGGAGTTAAAGTTTTTATCTGTATTTATGTTGATATACGCAAACTATGCTACTCTAAAGACTTTGGAGTTATGTAATATACAAGTAAAAGATTAGAAGTAAGATTCAAAATTTAGACAAAATAAAAGGGACTTGAAAGTCCCATTTTTTATGAAGGAAGAATAATATCAAGTAATCTTACCTGCAAGGCAAGATTCTATAGCTTTACTGAGGTCTCTTTTTCT
CP042461.1_gap15	591582	593514	1932	TTCGAATAGAATAGATATGTGATTCAAGAGTTGTACTGTTAAAATCAAGATTTTCTTCAGCTTCTCACCATACATATTCCATTATTTTTAATTTATTTTGAGGGTATCAATAGTTTTTTGATAAGAACTCTATAATGAGGTATTGTTTATATGAGAAAATTATTTCAGTTTTTTTCAGTAATACTTTATTTGATGAGTAATTAACAGTGTATTTTCAGATTTTTTTTTGATCATCAATTTTTTTATCAGATCGTTTTAAAATTGATTTTAACCTTGCGACAAGTTCTTCAATTTCAAAGGGTTTAGTTATATAATCATCTACTCATAAATCAAACATTTCTAGTTTGTCAGCAAGCATAGAATCAGAAGTAAGTGCTATAATAGGAATTACTTTTCAACACATTTTGAATTGCTTGAGAAACTCTTTCCCATCCATAATAGGCATATTTATATCCAAAATAATTGCATCATAAGATGTTTTGGTTAGTTTTTGTAGTGCCTCTTTTCCATGAGATGCTCATTCTCATAAATAATGAAATTTTTTTAATAAAAAAATGAGATTCTCTCTTAATATGTTATTATCTTCTACGATTAATATTTTCATAAGTATTATTAGATGAAGTAGAGTATCTTTATTTATATGAAATCTACTTGAAATTTTAAATATTTTTTTAAAGTTTACTTCAAGTAGATTTCAATTATATTCTTATTATATCTACAGTTTAAATAAAATAAACTATTTTTATCCCCTTATTTTTATTTTATGAGAAATCTTTTTAATATTTTTAACGCTGAGGCTTTGAAAAAAAATCTGAAAACGATTATGTATCGTTTTCCTGTTTCAATTTGTCTTATTTTACTTGTGAGTTGATTATTTTTCTTAAATTTACATGTGTATTTTAGTGAAAGTGTTAATGATCATTTAATGAAGGTGATTATGACATCTATTATAACTTTTTTCTTGAGTGTTTGAGTTTATATTAGTACGGAGAATACTTCTTTTTCTCAATTTAAGCAACATATATACCAGTTATTCCCGGTATGATTCTGAATACTGTTATATGTTGTATTGAGTGTGAATCTTGGTGATTTTGAAAATATATTATTTATTATTCTGAGCTTCTTTGGTATTCTCTTTTATATATTCTTTGCTCCATATTTAAATAACATTATAAAAAATAATATTAAACAATCAGTTTTTTATACCTATTTTTATAATATAAGTGTATTATTCTTAATTTCATTTATTCTGGGAGGAGTACTATTTGGATTATGAAGTATTTGAATATGAACAGTATTTGCTCTTTTTGATTTGTGAGATATTATTTGATATAATATCTATCAAGATTGGGCTATATTAGCACTTTCTGTATTTACCCCATTATTTGCGCTTACACAAGTTCCAAATAAAAAAAGTACACAAGAGAATCACTTTAATGAAAATGCATTTTTCTCTTTTTTAGTGAAGTATATTGCGATTCCTTTTATATATGTATATTTTATTATTCTTTATGCATACACGATTAAGGTATTAGCAAATTTTTGAGATTGGCCAAAATGAGAGGTAAGTTGGATGGTTATAGGGTTTTCTATTTTTGGATATATTATCTATATCTTTTCTTATATTTTTGAAGATAAGAATAAATTTATAAAGGTATTTAGAAAAGCTTTTCCTTTTGTGGTAATTCCTCAGATCTTTATGTTATTCTATGCTATCTACTTGAGAATTTCTCAGTACGATATTACGGTTAATAGGTATTTAGTAGTTGTATTTGGTATATGGTTACTTCTCATATCGTTATATTATGTCTTTTCTAGAAAAAAGTATTTATCTACTATCCCATTTTTATTAACTGTATTTACTCTTGTTATTTCAATTTGACCATGGTCTGTTCATTCTTTACCAGAGTCTAGACAGTCACAAAGGCTAGA
CP042461.1_gap16	615824	617921	2097	AAAAAGCAACTCAAATTGCAAGAAACATGGTTATGAGATTCTGAATGTTTAAGGAAATTTGAAGAGAAAATTTTGCTTGAGAAAGAGTAAGTGGAAATCATCTTTGAACTTCAAATGAATCATGATCATTCTCTGATAAAACAATGGAGCTTATTGATAGTAAGGTAAAAGAAGTGCTTACCTGAGCATATGAAGTTGCTATTAATATTATTAAAAAAGATAAGAAATTACACGAAAAAATTACCAGTGACCTTATAAAGAATGAAGAAATAAGTAGAGAAGAATTTGAAGCATACTTTGCTTAAATTTTAATATAATTATTATGCATGAAATAGTAAACTATATTGTTACGTTTGTTTCTGATATGTGATATGGAGGAATTTTTATTATGATGGTTATAGAATCATCATTTTTCCCATTCCCAAGCGAGGTTGCGATGATTCCAGCATGATATCTTGCAAGTATTTGAAAAATGAACTTCTTTCTTGCATTTTGCTTTTGAACTTTTTGAGCTCTAATATGAGCAAGTATCAATTATTTTCTTTGAAGATATTTATGAGCAAGAATTGTTAAAACACTTATCCGTAAATATGGGAAATATATATTTATATCAGAAAGACATTACCTTGTTTCAGAAAAATATTTTAAAAACCATTGATCGATTACTACTTTTCTAGCGAGATTTATTCCTGCTGTTCGACAGCTTATTAGTCTTCCTGCATGAATTTTTAAAATGAATTATCTTAAATTTCTTTTTTACACATGAGTTTGAGCTTCAATTTGGAATCTTATATTGATGTATATAGGTTATATTGCATGAGAAAACAGAGAACTCATAGCAGAATATTCTAGGGAAGCACTTATATGAGTTATAATTTTAATTTGTATGATTTGATTTATATATTATCAAATCAATTGTGCTTTTGAAGAAAAAACTGAAAACGAAAAATAATTTTAATTTTTTTACTATTTAGGAGTGGATAATAAAAAAAGATCGATCTTTATATGAGATATACAATGATGTTATGATGAACTAAAACTTCTACTTGTTAAGTTAGAACTTAGTTCTATTGATAAAGTTTATTTCGTATGAGACCTCATTAATAAATGACCAAAAAGTTGGAAAGTACTAAAATTAATCTATAAAAATAGAAAACAATTTTACTCTGTGTTATGAAATCATGAAGTAAATTTTTTGAGATGGCTAGATTCGGGGTTATATGATTGAGATATAAGTTGATTTAAGAAATTAAAAGAAAAACTAGAAGAAAATCCTGAAGTATTAGATTATTTAAGAACCCTTCCCTTATATATAGAAAAAAAGCACTTTATACTTCTTCACTGAGGTCTTATCCCTGGAAAGGATATTGATGATCATAGTATAGATGAGATCACACGTATACGTGAATTAGATGGAAAAGCCTGGTATGACTATTATAAATGAGAAAAAAAGGTGATTTATGGCCATTGGGCTGTTGAATGATTAAGGTTGAGAGAAAATACCATATGACTTGATACTTGATGTGTATATGGAAAAGCTTTAACCGCTTATATACTTGAAACCTGAGAGATTATCCAACAACAAGCATTGGATGTATATGTTAACGTTTATAAATAAGATGTTAATTTCAGAATTAAAAAATCAAAAAATTGCTATTATTGGATTTGGAAAAGAAGGGAAGTCTACACTTGATTTTCTTTTAAAGGTATGAGTTCCGAGTGGTAATATTACTATACTAGACCAAGCTTGACCATTGGCTCCTATTTTACAAGAAAGAGGGATTACAGGTATTAATACGGTTACTGGAAAATCGTACCTTGATAACTTATGTGATTTCGATGCTATATTTAAAAGTCCTTGAGTATCTCCTTACCATGAAAAGATAGCCCCTGTTAGAAAAAAACTTCTTTCATGAGCACAGTTATTCTTTGATAACTATGATTGAAAAGTTATTGGTGTTACTGGCACAAAAGGGAAGTCTACAATAGCAACCTTGATTTATAAAACATTAATAGAAGCATGATATGATGTAAAACTTGTTGGTAATATTGGAAACCCCGTCTTAGACGAAGTTGATCTTATCAAATGAGAAAAAC
CP042461.1_gap17	646518	649348	2830	GAGAGTTTTATAGATATTTCAGTATCAAAGTATTATAAAACTATTCACAAGAGTCTGCAGGATGTTTTTTGAGGCAATTTTCTTGCTTTTCTCTCTGGAGAAAGTGAATGAGGAAATGTTGCGGGGATTTATAATTTGAAGAAAAAACATACTTTGAATGAGATAAAGAGTATTTATTATAAAAAGGTTCAGAGTAATGAGATTATTCTTGATTCAAGAATAATCGAATGAATTTATTTAGATAACTTGTGAAATTTTCTTGCTTAATACTCTAAAAAAATATAAATATTTTAAAGACCAGTATCATTTCTGATACTGGTCTTTATTTTTTCTCCTTAATTGTTTTGTTTTTGTTTATGGTAAAGCTATACCTCTTGTCATAAAATATATAATTGCGCAGAGACTTCCTGATCCAGGAACTGTTAGTACCCATGCTGATGCAATTTGTATCATATTTTTTTTAAGATTCAAGCTTCTTTGCTCTATTTCATGTTCTTTTTCTTGTGCTTTTCCTTTTTTCCTTTTAGCTTCTAATAATGAAATATTTAGGTGTATAAGTGTATCTTGTAACTTAATTATCTCATCTTTAGTTATCTCATCTGGTTCAGCGATTGCTGATTTTCCATCTAAGACTGATTCGGTTTCTTTTATTTCTTTTTTTATTCTGTTTACTTTTTTCTTTCTTTTATTAATTTTTTTATGTGCATTCTCAAGTAGATTTGCATTTTCCCAGAATTTCGATCTTTCGCTATCTCCTTGTGGTTCTAGGATAACTACAATTTTATTTATCCATCCAATTATAGTTGGAAAATAAGCAACTGCAAATACACCTCCAACAGCTATATGAGTAGAACTAACTGGTATTCCTAGTTGTGACGCAAGAATTACAGTACAAGTTGATCCCATTGCAATAGAGAACGATCTTATTGGGGTAAGTTCTGTTATATCGCTTCCGACTTTTTTGATAATTCTTTTTCCAAAGAATCCAAGTCCGATCACAAGTCCTACAATACCAATGCCCATTATCCATAGGGGTATTGCTGCTTTTTTTGATATGCCATTATTAATAATCGCATCATAAATTGCTGCGTATGGACCAATTGCATTTGCTATATCATTTGCTCCATGCGCAAAACATAACAGACAGGCTGCTCCTATTAATGGTTTGATAAAAAGATCATTTATCCAGTTGATGTTAGTAACAGAATTAGTAATACTCTTCTTATCAATTTTTGAAGTAGCTTTCTTAATTATTGGTTTTGCTATCAAATACGCTACAGTTGCTATACCAAACCCAATGAGTACTGCAACACTGGCATCTAAGCTTATTACTTTTTTTAATCCTTTAAGTAAAAGATAAGTAGTTGCTGACCATGTCATTATTGCAATAACTAATGGAATTACTTTTTGTGCTGCAGCTAATTGATCTTTTTGATAAACAATAAATCTCTTAATAAACCATAAGAAGATAGCTGTTATTATTCCACCAAGTACTGGTGAAGCAACCCAACTTCCAACAATTTTTAAAACTGTCCACCAAGCCACAATATCAAGACCACCAGCTGCTATTCCTCCTCCCAATACTGCTCCTACAATAGAGTGAGTCGTTGAGACCGGTGCTCCTAGTTTTGTTGCGATATTTAACCATATTCCTGCAGCAAGTAATGATGAAACCATTAAGAAAATATATTCATGTATATTTGATGAAAACATACTAGGATCAATAATTCCTTTTTTGATCGTTTTAACAACATCACCACCAGCTATGAATGCACCACCAGCCTCAAAAATAGCAGCTACAATAAGTGCAGTAGTTAATGAAAATGCTCCTGCTCCATATGCAGGACCAATATTGTTTGCTACGTCATTTGCACCAATATTTACTGCCATATAGCCACAAACTAATGCACCAAATGCAAGAGTATAACTTGCGTTTATAATTGTGTTATCATATAGTGTAATTGTTCCAGCAAAGTATACATATATAGAACATGTAAGTGTTGCTAGGACTATTGCAGTAATAATGATAAAAAAATTATTAATTGTAATAGACTTATTATTGTCTACAGTTGTAGTATTCATACACATCCCCTCATTATGAGTTTTTGAAAAGTTTATAAAACAACGTATATATAGTATGATTTTTTGTATATTGTCAAAAAGTATTTTAAATAATACTTGTATAGTAACTGCACATGTAACAATTTACATTAGGTTCTTTTAAGACTTCGATGCTAATATAAGATTCTAATTATTTGATAATGATATATGTTAGAGGTAATTTAGATATAGAAATTATAAATGAGTACTTAGAAAAACCTGGTTTTGAGCTTTTAATAATTGAAGCTTTTGGATAAATAATTTAAAAACCCTCAACCTTATAGTTGAGGGTTTTTATTTACGATAACAATGGTTCTTTCAAAACTAGAGATGCATTTGGAGCAAATTCTTCGAATGCACTAATTACTTTATCTAAAGCATGTTTATTGTTAAATAATGATGGTAAAATTGGGCTGATGTTCAGTTTCTTCAATACCTCTTCAGTTTCATTAGAAAATTTAACTGTACTCATAAGAGCTTGAGATATTTGAGAATTATCAAAATCAGGTCCTTCAATATTGCTAATTATAGCCGACTGTGAAGAGTCTAGCGTCAATATTCCATGCCAGTATTCAAAGGCTGCAGAACTACTTTCATCACGTAGTTTTCTAATATCGTTACATAATGATTCTACGTTTACTTCAGCTACATATGATGATAACTCTAGAGCATCTTTCAATAATTCATCACCATCTTTATTATCCATTATTATTACTCCTTTTTAATTTTT
CP042461.1_gap18	651089	655212	4123	TATAACATATAAGTAAAATATTTTGCGTATCATTCACATACTCATTCATTATTCTTATAGGTTAATATTCATGAAAATATTTTTCTATCAGTAAGGTCGATCTCTTTTGTATATTGAGTATTATCCAATACATAACTATAAATTTTTTGAATTTTTTCTTCCCTATTAAGTCATTTTGTTAATTGAATAGTCTTTTCCCTTAAGTCAGAAAAAAGGTCATCTGTATCACTCCATAAAGTTATTTTATCATCCTTTATTTCTAATAACAACTTAAATTTATCTGGAACTCAAAAAATGATATCATCAGGTATGAGTTTAATCTTATTGAACTCTTTTACGAAAGCAGGTTCTCAATCATCTTTTATGAATAAGAGATGATCTTGAGTGGATATATTATTATAGCTCAGGTCTTGACTCCTTATATTTGTTCCTTTTGGAAATCATAGGTAACTTTTGAATATATAACTATACCAAACTCAGTCTTCTAAGAATATATTTTCTTTCCCATATATTTTTTTTCTAAAATCATTACTGAAGGTAAATAACTTCATTTGCTGATTTCATTTATCGATTTTTTGTGATAATTCTAGACTAAATAACTTTTCATTTGAGAGTGCTATAATATCATTTACAAGTTCTTCTTTTTTTGTTGAAAGTTTTTTCTTCTCTTTTATCTGTTCTAATTTTTTATTAAGATTATTTAGGAATTCTATTTCTTTTGAAAGAGAGTATTTTTTCTCTAATTTGATAATAAACTTTGAAAAAACTCGTTTTAATTTTGGATCAATAGAATTATAGGTATATGTTTGTATTGGGATAAATAATAAAAAACTTGTACATATAATTGATGCTATGATTCTTTTCATTTTTGTAATAATTATTTAAGTAGTCTTGCTTTGTCTAGTTGGTTATCAGCTCAATCTTTTTTATATTGCTCTGAATCAAATTCTAATTCAATAGTCGGAAGAATACCTATTCAATCAATTCCTGTTTGAGTTTTTCCTGTGAACCATTTAGCGATTGTATATTTAAGTGTTGATCCATCTTTGTATTCTCTTATTGTTTGCACAGATCATTTTCAATATGATTTTTCTCAAATTATAGTTGTATTTGGGAAGTAGTCTTTTATAGTTCCAATTAGAATCTCAGAAGCTGAAGCGGTTCATGAGTTTTGTAAAATAACTATTTTATAGTCGTTAAAATCTATCATATTATATCAACGTGATGTGTATTGTTGATTTGATTTTAAGTATTTTACTACTGCTGTTGGTTTTCACTCTTCTACGAAGTGTGAAAGTATATCAGCAACTTGTCAGAGGTAACCTCATCCGTTATTTCTAAGATCTATTATTACTTTTTTTACCCTTCTTTGTTTTTTTAGCCCCTCTAATGCATTTTTAAAGTTTTTTGATACATTATCTCAAAAACTTTTAATTTGGATGTAATACGTATCTTTTGTTAATAGTTTTGATTCAACATTTATAATAATAATTTTTTCTCTCGTAACATCTATATTATATTCATTTCATCATCTTATTATAGTAAGTGTTACAGCGCTTCAAGCTGGTCATTTAATCCATGATATAACTTCTTTGAGAGAATTTTCTTTCGTCACTATTTTTCCATTTACTTTTGATATAATATCTCAGCTTTGTAGTCATGCTTTTTGAGATGGAGATCATGAAATTGGAGATATTATTTTTACAATTCAGGGAGTTTCCATAAGTACGTATGAACCTATTCCTTCATATTCACCATTGAGTCACTCATTAAAGTCTTTGCTTTCTGTTGGTGGAAAATATACTGTATGTTTATCTCCTATTCCTTTTGTAATTCACTCTATGGCAGAATTGAGTATCTCATCTTCACTAATATTCCCCTTCTCATAGTGTTCTTTGATAAGAATATCATATACATCAACTAAGATAGATTTTTTTTGTTTTATTTGTGATGTTTGTCAATATCTTCTAAATTTTGTAAACTCAATATTTATGCGTGAGTTAAGTTTTTTCAGGTCATTTTTTGTTGTATTCCTTGCCTTTAGTTTTTCTATTTCATTTGGGTTAATCATATCAAATCCTAATACTTTTTCAGATAATCTTAAAAAAGAGTATAATTCTATCTTTTTTTCTGGATGAATGCTTGTTTCAGTATTTTTTATAAGGTCCAAAAAAACAAGTTTTTGGAGTGATTTATAGAGCTCACTATTTGTATCTAGATTTTTAAATTTTAAATCTATATATTTATAGCTTGATGTTACCTCTTTATCTATGAGTGATGCAAGGTGGTTAAAAATATCTCTTCTGCTCACTTCATTTGAAGTTGAGATATTCGTTGTTTCAATTCAATTCATTTTTATTTTTACTGCAAAAGATTCTTGTTGAAACGATGAAAATAAAATAAAAATAGTAGTAAGTATCAGTGTAATTTTTTTCATATTTTAATTATTGTAAATAAGTTTAATTTTTAGTTTTTCTATATTATATTAATTTGAGATAAATAATTCTTTTCCTCAAAATGGGTATGTGACTCAGAAGAATATCAATAACATTCATATGAGAATAATAACCAGGTAGGTTCACCCACTTCATATATATTTTTCAGCCCAATAAAAGTTTCATGTCCAGGATTTAATTATTTTTCTGTATTTTAATATTCCACTTCACAGAAATATAAGGAAAATTCAGTACAGTATTTCTACTATGATCATTATTTATTTGTTATTGTATTATTTTGCTTCTTTCCAACTTAATCATGACTCTATATCCACTTTGAGTGGAATTGGGATGTCTTGAACTATGTTTTCCATTATTATTTTTATTTCTGTTTTTAATATTTCCTTTTCTTCAGGAATAACATCAAAGACAAGTTCATCATGTACTTGCATGATCATCTTTGATTTGAGTGAATTTCTTTTTAAAAATTCTGCAATTTTTATCATTGCAATTTTTATAATATCTGCATTTGTTCATTGAATCGGCATATTTATCGCTTCCCTATTCGCAGCACTCTTTATAATACTATTTCTGTCGTTTATAGAGGGGAGATACCTTCGTCTTCAAAACATTGTTTCTACATATCCTTTTTCCTCACAATTTTTAATTGTGTTATCAAGGTATTCTCTTACTTTTGGGTAATTTTCATAGAACTTATCAATATATATTTTTGCATCCTTCATATTTATCCCTAGCATTTTACTCAGTCAAAATCAGCTAATTCAATATATAACTCAGAAATTTACTGCTTTTGCAATTTTTCTCTCATTGTTAGTGATTGTTGATCATGGGAAAATAAATTCTGCTGTTTTATGATGAATATCAATTTCATTTTTAAATGCTCAGAGTAAGTTTTCATCTCCTGACATGATAGCAAGAAGTCTTACTTCTACTTGTGAATAATCAGCTGCCATTATAATTCAGTTTTCAAATCTAGATACAAATGCTGATCGAATTTCTCAGGCAATTCAATGAGATGAAGGGATATTTTGAAGATTTGGTTTCGTGCTTGAAAGTCTTCAAGTTGTTGTAACTGCAGAGTTATATGATGTATGAACCAATTCATTATCATCCAATAAGTCTAACAATCATTCAACATATGTAGATTGGAGTTTTGAATAATGTCTATAATCTACAATATTTTGAGCAATCGGGAATTCATGAGAAAGTTCTCAAAGTACATCAGCACTTACACTATATCAAGTTTTCGTTTTTTTACCTTTCGGGAGTCAGAGTTTTTCAAATAATACTTCTCCAACTTGTTTAGGAGATTTTATATTAAATTCTTCTCCAGCTTCATGAATAATTGTTTTTTCTAAAGAGTCGATTTCATTTTCAAGCAAAAGCCCTATTCCTTTGAGAGTATCTCTATTAATATGAACTCAAGTAAGCTCCATGTTCATAAGTACTTCTAATAGAGGAAGTTCTATATCATTTAATATTTTTATATCGGTTGTTCCCTCTTCTTTATGCTGTAGGAAGATTTGATTTGTAATATATACATCTTCAGCTGAATATATAGCTGCTGAATCGAGTTCAACTTCTTTAAAATTAAGCTTTTTCTTATTGGTAACCTGATCATATGAAATCATTTCATAATTATCATTTTTTAATGCTAATTTATCTAA
CP042461.1_gap19	673543	674412	869	TATATTTCATTTTGTTCAAATGTTATTTTTGATACTTGTAATTTTAGCTCAACTTCATGTTTCAAATAAATTTTCAGTAGTAATATCAGTTGACATTGCTACATAAGTCCAGCCTCCACCATCAGAGGTCATATCACAATATACATCAAATCAAGTTCAGTTCCCTTCTGGATCAATTGTGTATATTCCATCATCACTTGATCACTTAATATCTTTTATTCTCTTACATGTTGAAGTTGGATTACTTCATATTAAAACTACTCCTGATCAAGTAACTTTTTCCGTATTATCAATATATGCAGTGTATGTATCAGTAGTTGACGTGATATCTAAATTCCCTGCTGATTGTATAGTTGAAACTTCTTGAATTGGGGTATTGTCTGAGTCTACGAGAATACCTAGCTTTTTTCAATACGTATATGGATACCTATCTGTATAATCAGTGGCAGCAAAAGTAGTATTTACACTTGCTGTTAAGGCTTTGTTTTTTTCAAGAAGAGTAAGGAGTTGAAAATGCTTTTTATTTATAGATACATAATATGAATAATATACTTTATCTTTGGGATCTTTTCCATCTTGAGTATATTCAATTGCCTCCAAAACTGTTTCTCAAGCATATCATTGATATCAAATAACTACTCCATTCGCTTGGACTTTCACATAATCATCGGGTAAAGGAAGTGATCTAGATGTTTTGTAAAGCTCTAATCAATCATGTATACCTGCGAGTTGAGATACTCTTGCAGTATCTCTAATTCAAGATAGGTATGATATATATGAAGCAAGTCAAATAGTTGATAGTATAAGTAATATCATCACTACAACTATTAATTCTACAAGTGTAAAAGCACTTTTTTGGATATCTTTCA
CP042461.1_gap20	696249	697927	1678	TTTTGAAAGTATTAATTGAATGAGAGTAATTTGTGATATATTATACGAACTATGATATTTAAAATGAACTTTTAATAAAGCTGAAGTAAATCCGAATAACCCAAGCGAAAAGAATTATGTGATAGAAACGTGATTACTTGAAAGATTTATGTCTGAGATTTCTTTATTCAAAAATGAAGACTATAAAAATAACATAAAAAATTTAAGGATATTTTTAGATGACTTGCATGAGTCAGGATTATATCATAGAGATATATGAAAAAATTTTAGAAATATAATTTTTTGACCAAAATGAGTATACTTAATTGATTTTTGAAGATCAATAACCTGTAAACAGCCGGATAGCAACTATGATTATGACGGTTGAAAATATGCAAATGATTATGATATAGTATGGAATATACAAAAAACAAAAGTAAAAAATTTGGATGAAGAAAATAATGAAATAAACCTCATAAATGAGGATCTAATAATTGAAAACTGAAATAAGCTCTGACTTAATATTAATAAATGACTCATAAGTAAATATAGTATGAATGCTAAAAATATAGATTTATCTAAAATATTGAATGACTTTATAAATAAAAAAGATAAAGCTTATAATTGGTTTATTTATAACACAGGTTCAAATGAAGAATCGAAATCAAGCTCAAATCAGTGGGATATAAATTCAACAAATATTGGAAAGGTAAAGTTATTTATTTTAATAAGCCTATTATCTAATGATAGACTTAATATATTAGAGTCTAATATAAAACAATACATAGAATTACCCAAAAGAACCAGGAAGTATAAGTATTCAAAATTATTCAATGATTATATTGATGTAATAAAAGACTAATATTAATTAGTCTTTTATTGCAAGATAAACTAAATTGACATACTTAAATAAATATATATTATACTCTAACCTATACTATAATTTATCAAAATATGTCTACCAATTCCGATAATTTCTTGGATTGATTGAGAAATGATGCTCTTGCAAAACTAGAAAATGAGTTATCAAAAATTTTAAATGAGCAACATAGCACAAAAGAAAGAGTACATGAAATCTTAACAAATGGAAACTTAATAAAAAGGTGCGTTGAAACAAATGTGTTTTTTGAGATTAAATATCAGCAAAAATCAAATACTTTAAAGCTTAACTGATTAACGATAGAGATAATTCTTAATGATATTGAGGAAAAAGAACAATTTTCAAAATTAAAAGAGAATTTATGAATCACAAAAGACATTATAAGAGATTATCTTTTTTCATTGATAAGTGCACAAATATCAAATTCTGAATTTGAATATACAGAGAAAGATCTGGAAAATATCGATGTGTACACTTTTTTACAATTTATTAGCAAATTAAAAGATGCTGAAATTTTAAACTTTTTTATTAATAGTTTTGTATTAAAACAAATGCTTATATATTCTACATTTCCTTATAATCCTATTCAATTACAAGTTTTAAGTGATTATTGCAAATCAGAAAAGTGTAACCAATCTATACTTAAATCTATGTATGCACATTTTCCTCTTATACAGCAAATAATTGACCGTGATCACTTACTAGCATAAAATAAAAAACCAGAGTAATTCTACTCTGGTTTTTTATAATAATATCATCTTTTCTTTCTTCTAAAAGTCTCAATTGCCCAATTAAACCAATATCATGAACTAATAACTA
CP042461.1_gap21	797243	801550	4307	GATAGCCCATACCTCACACCAACACCCTATAGAGGAAAAGAAGAAAATGAACCAAAATATGTACAATATGTCCTTGAAAAAATAATTGAACTCAGAGATGAAGATCCTGAACTGATTAAAAAACAAATTTTTCAAAATAGCTTAGATATTTTTAATATTTAATTCAGATAAAGAATCCGACCAAAAAAAAGAACAATAAATTGTTCTTTTTTTAATTTGATGCAAATAACTCATCATTTTCTGAAATTTCATTTAATCACAGCTCCATTAACATTTCTTTGAAATCATCACTATTGCTATATAATTCTTTACAAAAATCATAAATATCGTCGATATCTAATCAATTATTATTACTCGTTTTAAAGTATTTTTTAAATGAAAGCAAAACAGAATCAGGAATAAGTACCATTACTTTCTTTGGACCAACAAATTCAATTGCTCACTCTTTTATTGCTAGAAAAATCGATTCAACAATAAGAAATAATTGCTCTTTTTTTGAAAGTGTATCAAACTCACCTTCGAGTCAGACTAAAAATTTACTAATTACATCTCATGACTGAGATGTAAACTCGTCATAACTACTTTGAAACCTATCTGATAATGTTGCCTGAGATCATTCTGAACGCTTTAAGTTATCAATTCCAGTAGAAAAAAAGTCTAACATAGAGTCACTGAGATCATCTAGTTTATTTAACACTACTGTATTAAATAATGAATCAGATTCAACCAGCTGTCAAAGTGTTTTATTGTCACTTCTTGTTTGTAAGTTTCATATTTCAATTACAATTTCTTGAGAAAGTTTAAATCTAGCTGATAGACTTTTTTTTGTTATAGAATCATATCACTTAATTATATTTTCTAAAGCTTGTAATTTCTTTTTTAAAGGTTGAATAAGCTTCCAATCAACGGTCTCTTTGTTATCGTAGATTTCTAAAACTGCCTGTTTTAAGTCTATTAAATCATCAGAAATTTTTTGCTTATTATGAAAATTGCCTAATAAATCTTCAATATTTTCAATATCAGAAATAAGTCATTGGAAAGATTCTTCCAAATCATCAGTGTATCTCTGATTATATTCTTGAGCTGACAAAGACATTTTAGTGTTATTTTAATATTCTAAATCAATAATATCAGTAATATTTACTGATCATTCCAAAGCTTTATATAGAGCATCAATATAAAAAGGAATAAATCATTTTTTTAAAAGGGCTTCTTTTAATTCTGTCTCTCATGCATTTGATAATAGTAAATCATATATATCATCATCTATTTCAGCTATTTCTGATAATACTACCGATCAGTTATAACCTTTATTACATTTTTCACATCCTCATGGGTTATTCTTGAAAACTGCAATAATATCATCATTAATATATTTTTGAAAAATTTCTGGAAGTGTATTTTTATTAATCTTAGTCTCAACTTTGCAACTTTCACAAAGTCCTTTTATCATTTTTTGTGAAATTATATATTTAATCCCGCTTGCTAACAAATATGAATCAATTCATAATTGACGAATTCTCGTTACTACTGAAATAGAGTTATTCGAATGAATGGTTCACATGACAATATGTCAGGTATTGGCAGCTTCCAAACAAGTCTGAGCCTCTTCTTTTCTTCTTATTTCTCAAATCATAATTACATCTGGATCTTGCCTGAGTATTCAGACTAAACCTTCAGAAAATGTATAAGAATTTTTATTACTTGAACTTCATTTTACAGTTTTAATTTGTGACTGAACATATCAATCTATTTGATACTCAATTGGATCTTCAAGAGTAAAAATTCATGACACATCTGGGTCAAATTCATTTAAAAGGGCATATAAAGTTGTTGTTTTTCAACTTCATGTCCCTCAACACACAAGTACTAATCATTCTTGAATACTCGTGACTCTTTTTAATAATTTTGCATTGTTTTCAGAAAATCATAATCAACTAATTTGTAAATAGTTACTTTCAGTTAATAAAAGCCTTATAACAATATTTTCTCCATAGATTGTTGGAAGACTTGAAACTCTTCCATTTACTCAAACCTGTTTTGTATTTACAGCAAGATTCATGAAGATCTTTCCATCTTGGATATGATTATGCTCACTAATATCCATCCCTGACAAGACCTTAATCGAGTTAATAAACTTATCGTGGAGTTCTGGAGAAAAAGAATATAATGTATGGAGCTCTCATGATATTCTAAATTTCACATTTACTTCATTTTTTCATGGAGAGATATGTATGTCTGAAGCTTTATATGAAACTCCTCATTGTATAAGTTTCTCTATAAAGTTATTTGAATCATCAAAAGAAATATGTTTTTTTTCCATCTATACACACGAATAAAAATTAAATATTTTATACTAAATAATAACATATATTTAACAAAACTACAAAAAATCCTGAATTAAGTTTAAATTAAGTTTTCTTTAAGGTAGAATCATTATATTAAATCGCCCAGACACTCTACCGTTTTATATTTTTAAATATACTCAATATGCAGAATAAGGAATTTAAAAATCAGGTAAATGATAATATTCTCAAAGTCCAAAAAATTTGGAAAATTATTTCTAAAACATCCTGGGCAAGCTGATTATTATTATCACTTCCCCATAACAATACAAAATAAAAAGCACCTTAATTGGTGCTTTTTATAATTATAATTTATACATAAAACATAATACTTAGCATTCAAGCATAAGCTAAAATAGAATAAATAGAATTAAGAAGAACCAATACGAATTTTTCTTGTTCCCAAATATATTTAGAAACTTCATTTGTTGATACAATTATACCAATTATTACAGCAAAAATTAAATTTTGTTCAAGTGTTGAGATTCACAGTAAATATGATCATCCACTTAAAATAATAGCTATAGACAAAGCATTAATTATCGCTTTTACCATTGCATGTAATGGCATTTTTTTATTTTGCATATCTTCATGAATAAAGCCCTTTGCTTTGCACCATATTTTTCAGAACATTGCTGAAGAATACCAAAACATTCATAATGCTATATAAAAAACTCACGCAAGAATAATTCACATTAATTCACTCATAAAAAAATTTTTAAATATTAAATCATTAATGAGAGTATAACAGATAATAGAATTATTCAAAAAAATATTATATATTTTTATACCTTTTTGCCCACCATTTAATTGCAATTGGAGCAGATATATCAAGAAGTAATATAGTAACAACAATCACCGATATAAATGTACTTGATTCTTCTATCAACCCAGCACTAATTCATACTCATAGAATTACAAATGCAAGTACATCTCTTGGCCACATTCAAAATCAAACAAGTACTGAATCATTAAAGCTAAGTTTTGCTGTATACCTTGCAGCAAATGAGGCTGAGATAAATTGAAAAACTGCTATAAAAATAAATAAGACGAAAGCGCTCGAGAATATTTCTGAAATATTTTGTCAATCAATGATTAATTTTGAACCTAGGTATATAAAAAATATTGGTCATAAAAAATGATTTGCTAGAGAGTACATAACTCCAGTTAAACTTTTATAATTTGTTTCAACCTCATCGTGAGGGAGTTCATCACTTTTTTTATATTTATCAGGAGAATAAAACATATCCACATGAAGAATCAATCCAGTAAGATATGCTCATATAGCTACATGTAATCACATTACATGAGAAAATATAGAAAGTGAAAATATTAAAAATAAAGTTGTTGGGATCATAATTTCAACTTTATGAAACTTTTTTGTAAACCACTTTAATCAGATTAATTTAAAAAAAGTTGTAGATGTTTTTCATACACTTTTTGCCAGTGTATCATTCATCCTTACTTGTGAGTGTTCACTTGGAAAAATAATAACAGCTAGTATATAAAAAACTCCAAAACATAAAAATAATAAAAATAATTTTCCTAATGTTTCAAAAATTATAGAGCTCATATCTACCACTCAACCAGATTGATAGAGTACAAATGTTGAAAATACAGCAGACATAGTAATAATTGAAATGAATCCATCGGCCATAGCTGCAGCAACTATAGATTTAGCACCTGGTGTATTTTGGAGTTTTAGGCTTTGTAGAATCGCAATTGTAAAAGGAACAGCTGTAGCCGTAAATATGAATCAAGCGACTATTGCTTCATGAAAGGTAAATCACAAAAATGAAATTCATAAATATGCACCAAGAAATGGTCAAATAGCTCCAATGATGGCAACCCATTTATTCTCAATTACTTTTTTAAAAAACGTCTTTGAATTTTCCATCCACCCTGCGTAAAACATAAGGAAGATAACTCATATTTCAGATAAAAATGCGAAAACTTCACTTT
CP042461.1_gap22	848163	850103	1940	ATTGACATTTTCATTAATATCCTATAATTAGGTTACTAAAAACAGAAACAAAAAGGGCTCGTAATGGATTATAAGACTTATATTAATGGATTAAATATCATCCTTATTGGATGCACAGATACAACTGAATATTATGCAAAATTACTAAGAGAGAATGAGATAGAAAATGTATCTATAGCATTAAACTCTTTAGAATTTACAATGTATTACAATGCACAAATAGAGGAAGAATACAATGTTGTTAAAATAACTCCTTCCCTCTTGTATAATGCTGATGTATTACTGTTTGATTTAAGCTTTAATAACTCTAAAACATATAGGCAAATAAGCAATATTCGTAAAAGCAAAGGTACTTTTATATTTGTAGAAAATAGGATAATGAAAACCCCTATTGAAGAATTTTCACACACAAATCTGAATATCACTGCAATAACCACAGAAAAAAATGTAATCCCATGTCAAAAAAAGACAAGTTCTAGTGGAATTATTAATCATTTTTTTCAACAGATTCTTAATGAAGAATTATGTATTGAAGAATAGATAACTCTTTATAACAAAAAGCCGATGAGATTATTCTCAATCGGCTTTTAAACTGTTATAAATGGAGCAAAGACAAGTCTATTGTTATCATTTTTTACAAAATCATCTTGTAAGTAATCAAGATGTAACTCACTCCTATATCAGGCATTCCCTCTTTGAATCATATTATATCAAACTGTTTTTATCTTATACGAAACATCATATCTATTACATGTTCTTGGACAAATATCATCCGTTGCATACATCCCTCTACTTGGACTTTCTATCGCTGAAGTATCACATAACCTCCCTGTAAAGATCAAAGCCCATGGATAGTATACATCTACTCAGGTTCCATGAAACCTAGAATTATCATATAAATTCTCTCTTTTTTCCATGAAATCAAGGGCAACTCTCTCAATCTTATATTTTTGTAAAAAATTTTTATATACGTCTAAACTCATTTCAGAAGAAGAATAAAACTTCATCTGCCATTTTACAATCTCTTCCCTCAGTTTAAGTTTTTCTTGGTCAGTTTTATTCTTAATATTCTCTCACGCAGGATGAGCTTCATATCAAAAAGTATCTATAAGTGGAGTTTTAAGGATCTTATGAATAAGTCTTCAAAAAATTGGTTTCAGATTTGTATATTTTTTGTTTAATAACCTCAATACTCAAAAATCATTTACTACTACTTCGATAGGGTTTTTAATTTTTAGATTATTTAAATATTCAAGTGACTCTTCTAACTTTGCTAACATAGTATCCCCTACATATGGAGTTACAAAAGTGAAAGTTCTTACTGTATGCGGAGGATAGTTTTTGTTAAATATTTTAAACTCTTCGATAGCTTGTTCTATTTCATTTTTATATGCTGCTAAATATTCACAATTATCAGATCAATAATAGATTCACTCTATTTTATTAAATGCGTCTTGTCAAAATTTCTTTTTAATCTCACGAATTCCCATGAAGTTTACTTCGTATTGAGGAGAGACATCAACGGTAAGTTCACCAGGAAAATTTTCCATGAAAAAATTAGCAACTTCCCTATCTTTCTTTCACTGAGATAGGAGATGTCACTTATTTAAAAGCTTAAAATATTCTAAAGTGGTTCAGATATGGATAAAAAGTTTCATAATTCTTATTAATAAACAAAGTCAACTTTTACTATTCTATTTCAGAATTTTTTTGATTCTTCTGCTTCTCTTACAGAAATTACTTCAAATGCATCAAGAAATCTCTCAGAAATATCCCTAATATCAATTTCTAAACCTTCAAAACTTGCCAGTTCATAGAGTCATTCAGCATCAAAATCAGTATTTAATATATTCATATTATCTTCCGTTGATATTGATAGATCATGGGAAATCATTTCTCAATACGTTTCAAAATCTTCTACAAGATCTTTCGAATTCTCT
CP042461.1_gap23	851234	853215	1981	CGAGCTCTTTTTGTTGTAACTGGGATGACTTTTGCTTTTACTTCTAATAAAGTATGCATAAAATCTATCATTTTATCATAATCCTGATCAAAGTTATAAAACAAACTTGCCATAAGAATATTTCCAAATTTATGTCATTTAAGAGATGAATGAAGAGGAAGCTTAAAATCGAAAATATTTGAATAATTGTTATTCAATAGATGAAATAAATCTCCATCTGAAAAATCTACAAACTTAATAAGCTCTTCTTTTAAATCTCATCATCTTCAAAAAAATAAAAGCTCTTTATTTACTTGCTTAAACAAGTCAAAAATAGTGAATTCTCATATTTTTTCCTCATTTAAAAAAGTATATTCAAATACAAGCTTAAAATAGTCTCTATATTCTGATGAAGAAAGTGAAAATAAACACCTTCTTAAATCTCCTGGAGGAGGTAAGTGTAAACCAAGATCATCATGAAAAGCCTTCATTAATTCTCATGTTGTTCTTCCATCATCACTCATTGATACAACTGATGTTATTGATACTCTATCATCTAATGAATGATAAAATGCATCGAGTAGATTAGATTGCCCATTTCAACCTCAGATTGTTGTAATTTTTAGCATAAACTATATTTTTAAACTTTTTATAAAATCTTTTAGTTCACCTTTTAGATCATCTCTTTTCAATCAATAGGCAATAGAGGCTTTTAAAAACCCTATTTTTGATCCTGTATCATACCTATCTCATTGGATATTTACTCAATAAATATCTTGATCTTTTCTCATGAGCTCAAAAGCATCAGCAAGTCTTATTTCATCATCTCAACTTCCTGAAGATGATTTCTCTAAATAATCAAAAATTTCAGGAGTAAGCACATATTTTCAAATCACTCATGAACGAGACTCTGTTTCACTTGATTTTGGTTTCTCTAAAAACTTTGATACTTCAAAAGTTTCTCTATCAGTTGAATTTGTTTCTATGATTCAATAATTTGAAACATCTTTATCTGAAACTTGAACTGTAGCAATAACTGGGTTATGTTTTCTCTCAAAAGCATCTACTAATTGACATGCTGCACTAACTTCATTATCAATGATATCATCTCAAAATAAAACAAGGAATGGTTCATCTCAAATTAGATTTTTTGTTCTCAATATAGCTTCTCAGTCTCCTTTTGGATATGGCTGTCTCACATATACAATATTTGCCATATTATTGAGTCATTTGATAGTTTTTAAGTACTCAAACTTTCATGATTTATCGAGTCTTTCTTCTAGCTCAAAATTTGAATCAAAATGATCTTCGATAGCTCTTTTACTTCTTCATGTCACAATAATAATATCTGTACATCAAGCTGAAATTGCCTCTTCAACCAAGAGTTGCATCACAGGTTTATCTATAATTGGAAACATTTCTTTTGGGAGAGCTTTTGTGGCTGGTAGAAACCTAGTTCCAAATCATGCTGCTGGGATAACACATTTTCTTATCTTTTGCATAGAGCGTAATATATTATTTTAATAAATAGTTTGCAGTACTACTTCAGAGTTTTCATCCTTTATTCCAGAAATGCATGTCATAATCTCTTCAGGAGCAAGAGGAAATCACGCTTCTCATCTAAAATTATCTATTATATTGTCTCTGCCTGATTCCACCCTACACATACAAGCTCCACAAATCCCAGTGAAACAAGCAGATGAAATTTCTACTCAAGATTCATTTAATTGTTTTAATAAAGTCTTCTTTGTATCTCAAGGAATCGTTTTTATAATTTCTCAAGTACTATTCTTGATTACGATCATTATTATTTATTTCAAATATTTAAAAGTGGAATTGCTGAACCTTCTCATCCCATATAATACGTTGGGTATTGTCCATTCCATTTATTAATAGCATTTAGTTCATTTTCTAGCTTTTTATAATCAATTACATCTTGATTAATTTGTTGTCTGATAAGCTTATTATAGGCTTCGATTCATTCTCACTCTAAGATTTTTGC
CP042461.1_gap24	909325	913284	3959	AAGATTATCAATAACACAAAGCTTTGATGATTTACCACATTTTTTATCTTCAGCATGTTTTATCAAAGAAGATATGACGTTTGCGTTCTCAACTCCATAATAAATTTGTGTTTTTATTGTAGAACAAGAAACAATTAAGCTTAATAAAAATATCAGAGAAATTCTCATTTTGATAGTCCTTTAAGAAAAAGTACTTGAACTATACATTTAATTTTTTGATATGCAAGCGGAGCTTCAAAAAAAGACGAGATTTCAAATCTCGTCTTTTTTTATTCTTCAAACATCTTCACATATTCTCAATACCCTTCTCCTTCTAAATCTTCATCAGCTATAAATTTCAGAGCAGCTGAGTTAATACAGTATCTGAGTCATCATTGATCAGATGGTCAGTCTGAGAAAACATGTCAGAGATGGGAATCTGCTTTTTCGGACCTGACTTCAGTTCTTGTCATAAAAAACTTTGTATCCTCTACTTCTTCTATGTTTACTTTATCAATAGGCTTCGAAAAACTTGGCCAACCAGATCATGAGTCATATTTATCTTTTGATGAGAACAATGGGGTCCCATCAACTATGTCTACATAAATTCCTGCTTCTTTATTATCATTGTATTCATTATCAAAAGCTCTCTCAGTTGCATTTTCCTGAGTCACTCTATATTGAAGGTCTGTGAGTCTTTCTTTTAAACTTTCCTTATCATTTTTTGTTTCTACTTTTTTTGCAGAATCTCACCATGTATCTTCTATATATCCTTCCCTTCATGATCATTTTGCATAGATTTTATATTTCAAGGCAGATTTCTGTGCGTAATCTTGATGGTACTCTTCTGCTTTATAAAAAGCAGTAAATGGAAGTATTTCAGTTACTATTTTTTCATCATACTTTCATGAGTCGTCTAATATCTTTTTTGAATTTTCTAAAATTTCTTTCTCTTCAGGAGTATTATAGTACATCGCTGTTGTGTAGTGAAAACCTCTATCAGCAAATTGTCATCCTGCATCTGTTGGATCTATTTGCTTCCAGAATAAAGAAACGAGATCTTCATAGTTTACAATTTCTGGATCAAAAACTACTTTTACTCATTCTCTATGTTTTGTATTTCAAGATGAAACTTCTCAGTATGTGGCAGTTTCTTCTGTTCATCATAGGTATCAGCTTGTTGCTTCGATAACACCATCTTGAGCATCCATTATTCACTCAATACACCAGAAACAACCTCAGGCTATGTATAATTCTCTTGCATTTTCTGTTTCCATAGTTTTTTTTGTTATATCTTCTACCTTTTCCCCATTATTCACATGAACAAAAGCAGAAACTAAAATTATAGTTGCAACAATTCCTAGAACTGTTCATATAGTTTTCATAATTATTTATTTACTTTATCTAAAATACTCTGTTCAAAATTTGTAATATCAAATATTCCAGCATCAATAACAGCTGACTCAAAGTCTTTATCCCATCACATTATAATTGCAAAACCTAAAAATAGAAATAATACTCATAGTACTTTTTTAAATTTTGATTTTGGACTTGAAATTCATTTTACTTTTGATATAAATTTCTGACCAAGAAGAGCTATAAGTAATAATACTACACTCAACCCAGTTACATATGCAAGAAGGTTTATAATTCCTGTCATAAAACTTGCTGGCAGTACCACGGCAAGAATAATTGCATATGTTGGACTACAGCTTGAAAAGACAGGACCAAGAGAGAGTCAAACCATAACACTTCATATATGTCATTTTTTTTGAGCACTTTTTCACAATAATTTATTTGAATTACTTGAAAATCCTAACTTTGTAGAAATATTTTTCCATACATCTGGAAATAATGTTACAATTCAAAACCCTATAATAAGAACTCATGAAAATAACTTCCAAACGATTGGATCAATAGCAATAAACAGAGTTGTTGCTTTGAGTACGAGCGAGAATACAATAATTGATGCAGCAAGTGACAGAATAATTATATATGGTCGTATTTTATCTTTTGCATCTTCTATACTTGCTCATAAAATCACTGGTAAAAGAGGTAAAACACACGGAGATAATATGGTTAAAACTCCTGCGAAAAATGATACTATTAGTAGTCACATGATTATTTTTTATTATTAAATAAGCCCCTTGAATTCTTTCCCCTTATAAGGGGAAAGAATTCAAGTGAAGAGGTATTAAGATTTCACTTCAGCTAAAATATCTTTTACACTTCTTGATCCGAACCATTTTTTTATCATGTTTCCATTATCATCAATTTGTACAAAAGTGTGTTGTCAAACAACTTCATATTGTTTTCTTAAAGCAGTACTCGAGTCAAAATCTACTTTAAAGATATTTAATCAAGCTGGTATAGTTTCTGCTGAAATATTCTTGTCAGCTGCTTTACAACTACTACACCAAGTTGCATGGAAGAATAAAATTTTATCTCATAATGCATTTTTTACTGCTTCTTGTGAATACTCAACATATTGTCATATATTATTTTTCACTTCCTCAGTTTCTAAAACCGGCTGAACTTCTACCTCTACTTCTTCTTTTACTTCTGTTTTTGTTTCTTCTTGTATCTCTTCTTTTACTTCTGTTTTTGTTTCTGTTTTCACTTTTATATTTTTATGTTCTCCTAGTCCACTTAATATATCTTCTACTGTTTTTGAAGCTCTCCACATTTTTAATTTATTCATTTTTTTATCTACTTCTACAAAAGTATGCTGAGAAGTGACTCCGTATTTTTGTCTTAATTCAACATTTGAATCAAAATCTATTTTAAAAATACTTAAACCAGCTGGTATTTCAGATCCTCTCAGACTCGTATCAGCAGCTTTACATGTTGCACACCATGAAGCATGAAAGAATAATACTCTTCTTCATTTCCCTGCTTTTACTTCTTCTGCTACATTTGATTCAGTCACATCTTTATAAATACCTTTTTCAAAAGTCACAGATGTTTTTTCAGAAAATCATACTTCTCATTCTATATCTTCTATAGTTTTTCCTCAAATCCACTTTTTTATCATATTTCATTCATTATCAACTTGAACAAAAGTATGTTGAGCAACGATTCAATATTTTTTTCTTAACTCAAAATTTGAGTCGTAATCTACTTTAAAAACACTTAATCCAGAGGGAACTCATGATTCAGTTATATTCTTATCAGCAGTTTTACAACTCCCACACCAACTTGCATTAAAAAATAAAACTTTCTTTCATTCTGTATTTTGAATAGCTTCTTTACTGTATGTAATATATTGTCATTTAGATTGATCTAAAGAAATATCTTTTATTTGTTTATCTTCAGTTTTTTGATCTTCTATATTTGTAACATTTGCAACTTTAGAATTTGTATCCTCCTGTACCTTTTGGTCTTGTCATGATGTACATGATGCTAAAAATAAAACTCATAAAATAGGTATTAAAACAAGTAATTTTTTCATCTTTTTTTAAGATTAATATATAAAATGTATGTACATAATAAAACTCTACCTTAAATTATTCTTAATAAAATAATTATTTGAAAAATACTAAAAATATCTATAATGATTACCTGAAAATATAATTAATAACATTACTTAAACCTAAAGATATGCACGCAATAAAAATAAAGAAATTAGTGAAAAAATACGGGAAATTAGAAGTACTGAAGAAGATAGATTTAGAAGTAGAAAAATGAGATTTTTTTGCTCTTTTATGACATAATGGTGCTTGAAAAACTACTATTATTTCTATTCTTACCAACCTCGTAAATAAAAATTCTTGAAAAATTGAAATAAATGGAATCGATATAGATACAGACTTCAAAAAAGCAAGAAGCTATATATGAGTGGTCCCTCAAGAATTTAACTTTGATATTTTTTCAAAAGTACAGGACATCCCTCTTATTCAAGCAGGATATTATGGAATTGATAAAAAAACAGCTGCAGAGAGAACAGAAAAGTATATGAAAAAACTTGGTCTCTGGGAAAA
CP042461.1_gap25	921190	924910	3720	GTATTTTTTTGTTTTAAAAAACTCCCTTGGTTGAGGGAGTTCAAATCTTATTTTTTTGTTTTTATAATGAATCAAATAATGAAAATAATAAAAATTCAAATAATATAGTATAAATTACCGATTTTATTATTTTCAGAAATAGCTAGTATTTCTTCCTTATCCAAGAAATCCTTATTATCTATATAATTTAAATTTTTATTTATAGCACTTTTACCTTTGCAGAATCATCCATTTTTAATAACTTCATTTACAATTTTTTGCTGAATTGCTATTTTTTCTTCCTCAGAACTATATTTTTCATATGGAATTCATATAGATTCAAATATAACAGGTCAAATACCTTCAAACAAAGAGTTGCAATCTATAACTCAGTCTATTCATATCCCTGTTCAGTCTATTTTCGTAATACCATTTTTCAAATATACCTGAGAAATTTCTTCTTCCCATTGATCTTCAGATTTTTTTTCAGGGGTATTTCTATTTATAGCAAAGTCTCCCCTCTTATCTCTATAATTAGTGATAATAGTGTCTCATTTTTGAGGACGATATCATCCATTTTTCACATATTCCGATGCTATCATATCCAAAGAAAACTCACTCGTTGAAACATATACTCATTTACTCAATAACTTGGTTTCATCTCATCTATGAGTAAAATATTTATAATTTTCAAGTTCAAACACATAATACTTTCTCTTATCCTCTCATACTTCTAAAGAATAATATGGATCTTTATCCAAAGTAATAATCTTTACATTTCATACCTCTCATAAAATAAAACCATATTCTATTTCATTAAGTCATTTTCCCCCTCAAGCAAAAGAGTCAGCAAGAAGAAATATTTGCAGTAATAATATGCATAATATTTTTTTCATAACAATATTTATTATCTAGTAAAATAAGGGTGAGTTTAAACTCACCCTTGTAAAAGTCAAGCAACTATCTTAGTTACGATAAAATGTTGGTCTATACACATGAAACACTGTATATGTTTGATTAATTGACTGTAATGTAACATTTTTCTGTGAAGAATGACCATCACTATTTTGGTAGCTTACCTTGATGCCACTATATGAATTATATAGCTTATCAGTCACTATCATAGAATGATCAATATGCCCATTTCCTGACCAATCAGCAAAAATAACATCACCCTCTTCAACTTTTGAAGTATTCAAGTATTGCGTTGAACTATCTTTGGTTATAAAATCAAAGTGCATCCCCCAATATGAATTTGAGTTACTTTTTGCATAAGTGTAGAGTTCATGAGCACCAGCCCATGCATAACCTCGTGATGATGGAGTATTATAATACCAACAATAATCACACCCTTTATCTCTATCTGCCATATAATAGCCACGCTTATTATATACATAGTTCTTGTCAGAATTATCTACCAAACCAGCTAAAACTGCTTGACTAACAAAGTTAGTACAGTTTCCACCATATGATTGATACTCTGGAAATGCAGTACTAGTTTTTGCATAATTCAATGCATACTGTACTGCTGGAGTACTGGAATAAGTACAAACCCCCTTAGCATAGTCACCACATGAGCTTGAACTCGCAGACATAGCTACACTTGAAAAAAATGAAGCTAGTACAATCAAAACAACAAAAATTTGTCGCATTTTTCTTTTCCTTTTGTTTGTGTTTTTACTTCCAACCTTGAAAGCACACAAAATATATGAAAAAACTTTTCTTTTACAAATTTATTCTCGACTTTCTTCTCTATTTTAAGCCATTTTAACTTTTCAAGACATTCATTATAATGACAAGACATTAACAGGACATTAACAAAAATAATTTTCTATTTTTAAATGTTAAAAACTTAATTTTCATCCCTTTAAATTCTGATTTTTATTTTCATATTTTTAAAAAATATTTTTTTATCTTCTCTATATTGATAATTCAGGTCATTTCTATACAATCAATATATAATCTTCTCATCAGAAAAAAATGAAAAAAATAAAATTACTCCTCATCTTTATTCCTCTCCTGTTAATTTTCACATCAATACTCTCATTAAAAATCAACCTTCCCACACCTTCTACTATTATATATGACAGTCACGATATTGAAATAGGAGAAATTATACAAGATGAAAAAACAAGACATAGACCGATAAAAATTGAAGATATCCCTGAGTTCACAAAACAAGTTATAATAACTCTTGAGGATAAATCATTTTACTCAAATATTTGAATAGATTTTAAAGCTATAGCAAGATCACTGTATAATAATATTTCTTCATGAAAAATAGTTGAATGAGCATCAACTCTCTCAACTCAAGTAATTAGAAATAATTTTTGGCTTAATAAAAAAAGAAGTTATTCCAGAAAAATATCTGAATTTTATCTCGCTCTTATTTTAAATACAAAATATTCAAAAGATGAAATACTCGAAAATTATCTCAATAGAATATATTTTTGAAATCTTAACTACTGAATAGAATCAGCTTCACAATATTATTTCGGCAAAACATTACAGAACCTAACAAAAGCTGAGCAAATTGCTCTTCTTATTATTCCAAAAAATTCAAGCAAGTATTCTCCAAATAAACCAAGCTTCAGAGTACGTTTTGAAAAGGTAGTAAACTATTTGCAAGATAACTGAGTTTTATCAGCAAATGAAGCAAGAAATATCCTCAATGAAAAATTAGATTTTAATTATGAATCTAATGCTACTCTTCCCTATATTGTTGATTATATTCAAGCAAATAAGCTAGAAAAAGAAAGTAATATAAAAACAAGTATAGATTATTACCTCACAAAAGAGATTGAAAAACTGGCTCTGGATACTGTTTCAAGTCTATTTTGGAAAGATGTATGAGATTATTGAGTCTTAGTTGTTGATAGAAAAACAAATGAAATAAAAATAATGATATGATGAATAGATTATTATTTAGAAAATGGGCAAGTAAATTCAACAACAGCTCTTAGGCAAGCTTGATCAACTATAAAACCTTTTACCTATATACTAGCATTTCAAGAACTTTGATATAAACCAAGCTCAACCATAATAGACCTCCCTATACAGTTTTCCACTGCTGAAGGAAATACTTATAGCCCAAAAAACTACTCACTTGATTATAAATGAGAAGTAACATTAGCAGAAGCACTCAGCCAAAGTATCAATATTCCAGCCGTAAAACTTACAAATGAAATCTGACTCACAAGATTATACGATTTTTTAAAGTCACTTAACTTTTCTACCCTTAATGAAGATCCAGAATATTACTGACTTGCGTTAACTCTCGGAGTGTGAGAAATGAAATTAATAGAACTATTAGAAGCCTATACTATATTTGCTCATGAGTGAAGTATATGTAAGTTTACTATACTCTCTGATTCTGAAAATATTTGTGATCATAAAATAGAAAAAAAATATACTGATATGGTTAATGAAATACTTACAAATAGGTATTTTAAACTTGGATGATTCCCTATTCATTCAAATCTTGATTTTCCAGACAGAAACGTATTTGTAAAAACATGAACTTCAAGAAATTTTAGAGATAATTGGTCAATATGATTTACAGATAATTATATGATCTGAGTTTGGGTATGAAACAAAGATGGGACATACATGAAATGAGTTTCTTGAACCAGTTGAGCTGGAGATATATTTAGGAAAATTGTATACTTGCTCGAAAAAGAAGATCAAGATACAAATGCTATAATATATGATTCATCTGAATTAGAATACTTAGATATTATA
CP042461.1_gap26	1106378	1107733	1355	CTATTATACGAAATAAGGGGAAGAAAAAAATATTATTTTTCAGGATTATGAATTTTCACAATTTTTTGAATTGATTCATCTTCCATCATAAGGTCAAAGAATTTTTTCAAATTTGGATACTCCATTACCGTTTTTGGAATCATAAATGACCAACGTAGAACAGTAAACACATATGCATCTGCTACACTTCTTTTATCTCCTAGCATATATTTATTATCTGCTAAGTGTTCATTTAAGTAATTCATTTGTCTTTCAATACGTGCATATGATGCTTCTTTTGCAGCAGCTATTGATGCATCATCAGTTTCAGTTGTATATAGATGAGGGACAAAAACAGATCAAAATGCAGGGTGTAAATCACCATTCACCACCGCTAATGCATTATTTAATTTATAATCTCATTCTATTGTTCCATCTGATCATAAGTCAGCATCTGGATATTTTTTTACAAGGTATTTTAGTAATGCATCATTTTGTGTCATTACTTCCCCATTTCCATCTCTCATAGCTGGAACAGCTCATTTTGGAGCAATCTTTCTATATTCATCTGAACCAATTTGAACTTGTACTGCTTCATATGGTACCCCTAACCATTCTAAAACTATATGTTCAGACATAGCACAAGAATTTGGCGAATAGTATAATGTAATCATAATCTTTACTTTAAAAAATAATAAGCTATATTTATGGTAGTTACTATAATATATATAGTAACTATATACTATGTAGTTAGTATAATATTGCAAGTTAAAATTGATTTTTTTTTAATAATGGCTAATATATCGGTAAGTTTATACATAAATATCAAAATATGACTCCTAAATCATGTTGAGAATGATGCCCAATTGTCACTCTTGTTTCATTTATTTCAAAAAAATGGATGCTTTTCATTATTAGAGCAATAGCTGATGGAGCGTCTTGTTATAGTGAAATGGAAAAAGAATTACAAAATATTAACCCTAGTATTTTATCATCTAGACTCAAAGAGCTACAGGATTTTGGTTTTGTAGAGAAAAAAATTGTTTCTGAGTCCCCTGTTAAAATTGAGTATAAGCTCACAAAAAAATGAAAAAGTTTTTCTCAGCAAATCGAAAATATAGTAAATTGGTCTGTAGAATGGATGTAATTAAATACACTTAAAAAGCCTAAATCGAAAGATTTAGGCTTTTTGACAGCTTGATGCAGACACATATATCCTATAAACTATTTACTTATAAAATACAGGTCATTACTATTCTTATTAAGCGCTCTTACGCTCTTCCACAAAGACAATAAAATTCGGGATTATTTTGAGCGTCTATTACAGAGGTTACAGCTTGTTTAAGATTTACAAAGTCCTTTACTACTGGATTTTT
CP042461.1_gap27	1115118	1118446	3328	TACTCCAAGTGGATCATACATATATTTCCCTTTGAGTCCCTCTGTTTCAAATTCTTCTTCTCAAAGAATTTCCTCAAAATTATTTGCAAACCAACGAATCAATTTTACAGTTCACTTTACACCTCATACTGATTCAGTATCCAACATTCACATTTCAAGTGTTTGAAGTTTTGCTATTGCTTCAAGATCTGACTCTATTACATCTGCGAGTTGTAAAAATAGCTTTTTTTTCTCAGATCTCGGAGTCCTTTTCCATTCCTGGTATCCTTCATGAGCTATTTTTATTTTATTCTCTATTTGAGTATCATCTAACAACTCAAACTCAGCATTTACTTCCTCAGTATATGGATTTATAGATTGTATTGTATTTTTCATGGTATATATTTAAGGGATATTCCTCTTCCTTTCGTATGAAAGGAAGTCCCCGAAGGGGGATGGATTATAAAAGTTTTCCTATTTTATATCTCCATCAATCGGGTAGTCAAAATCAAGATCAATTATTTTAATTCATTTTTCTTTCAATGCATTTTCAATTGTAGTTTTAAAATCTTCTTTATTTTCAACTTTATATCATTTTGCTCAGAAACTTTCTGCAAGTTTCACAAAATCTGGATTTCAAAAATCAAGTCAGTAATTCTCAAATCATGCTCAAGTTTGTTTCCACTTAATCATTCCATATGAGTTGTTATTTAAAATAACAATGACGAGATCAATTCATAATCTTACAGCTGTTTCTAGGTCTCATAGGTTCATTACAAGTCCTCCATCTCATGTTACGGAAACTACTTGTTTATCTGGATTGAGCCTACATGCTTCCATTGCTGATGCAACTCATGCTCACATAGTAGCAAAGGCATTATCAAGAAGAATAGTATTTGGTTTATACGCTGGATAATTTCTTGCTAACCAAACCTTATAGAGTCCATTATCAAGAGTCAAAATATCATCATCTCATAATACTTCTCTGAGTTCTTTTGAAAGTCTTCTTGGCATCATATAATCATGCTCATCTTCAAGAGAAATATTTTGCTCTATTTTTTTTCTGTTTTCTCAGTTTATTTTATACATTTCATCAAAATCCCAAGATGAATTATCAACATCTATTTCGTCAAGTTGCCAAAATGTATTTCATATATCTCATACCACTTCTAAATATGGAGCATATACTGGATCTATTTCAGTGGAATAAAAATTTATATGAATTGTTTTTGTTCCCTGTGTTCATACTACCGTTGTAGGTTTTTCAATTGCATCATACCCAACTGATAAAATGAGATCAGCTGTATCAATAATATCATGTAAGTAATCCCCTGATGTCAGTGCTGCTGTTCAGATATATTGAGATAATCTTTCATCAACGACTCATTTTCACATTTGAGAACTAAAAAATGGAATATTATATTTTTCTATAAATTTTGTCAGATATTTGCTGATTCTTTTTCTATTTGCTCATGCTCAAATAAGAGTAATAGGCTTTTTAGCTTTTTCTAGCTCAGTTTTTAATATCTCAAGCATTTTTTCATCTATCTGTGGTCTTCTAATTTTAAGTTCTTCTGTAATGACTACTTCTTCACTTACAGATTCACCTGCAATATCTTCAGGAAGTTCGATCGCTACTGCTCCTGGCCTTTCTTCTTCTGCTATCCTAAAAGCATTATTGAGAATGTATGGGATTCTATCCGGACTTACTATAGAAGTTGAATATTTTGTAATTGGCTTCATCATAGAAACAACATCTATAATTTGAAACTGTCATTGCTTTGATTTTTTTATTGGTTTTTGTCATGTAATAACCATCACTGGCATTCACCCTAGAGTAGCATATGCCACTCCTGTCACCATATTTGTGGCTCCAGGCCCAAGTGTTGCAAGTGCTACACCAAGCTTCCCAGTAAACCTTCCATACGTTGCTGCCATAAAAACAGCTGTTTGCTCATTTCTCGTAAGAATCAGCTCTATTTTTGAATCCTTTAAAGAGTTCAAAAAATCTAAATTTTCCTCTCCTGGAACTCAATAAATAGTTTCCACTCAATGATTTTCTAATATTTTTATAAATAGGTCTGTTGCTTTCATAGATATATGGTTAATAAAACTTTCATATAATACCAATTTTTTAAAACTTTTCTAAACATTTTTTGAAATAAAAAAAATTACTTCTATTTCTAGAAATAACTGTATGTTTTTGTCTTAAACTAACCTTAAAAATTAGGTGTAATTGAACCGTTTTCATCTAATATACTTAAATATTTTGCTCAAAAAAAACATGTATTCACAGAAATCGACTAAAATTCACTTAAAAGTGAGTTTTAGTCGATTTTATATCAAAATCATTTGATAGTATGGATAAGCTCTTTTGATAATTTGTGTCTAATATTTGATATATAAACATCTAATTTTCCATCAGAATCAAAGATAGAATCTCATCATCCCCATGCATATTCAATTATATCTGTTCTTGAAGTAGGTGTTCATCTATTTTTGAGAAGTAACTCTATTATTAAATATTCTTTTTGAGTAATAAGCACATCCTTTGAATCTTTTGTGAAGATTCTTTTTGACATATCTATCTCTATATTATTAACAACAAGTACTGAATTATCATCATTTTTTCTCAATATTGTTTTTATACGGGCCTCTAATTCTCTCAGATCAAAAGGCTTCACAATATAATCAACTACTCAATAATCAAATCAAATGAGTTTGTCATCTATTGAATCTTTTGCCGTTATTATAATAATAGGTATTTCATTTCCTCTTTCTTTTAATTTTCTAGCAATAGTAAAACCATCAATTTCAGGCAACATAACGTCAAGGAGGATAAGATCATATTTTTTACCCAATGCTGAATCTAATCCTGACTCACCATCAAAACACCTATCAATCTCAAAATCTTCTAATTCTAAATACTGTTTTATACTATCTGATATTTCTCTGTTATCCTCAATCAGTAAAATCTTTGCCATAAAATGCCTAACATTAAAATGTAATTGTAAACTGAGTCCCTTTTCATGTCTCGCTTTCTACTTTTATAGACCATTTATATAAATCAATAATTCTCTTTATAATAAATAATCAAACTCAAAATCATTCTCTTTTTGTATCTGCTCTATAAAACTTATTCCAAATATTTTTGAGGTCCTTTTGCTCAATTCAAATTCAATTATCTTTTACCCAAAATTTACTCTCATCCAGTCATACCTCAATAATAGCCTCGTTTTGAGAGAATTTCACCGAATTTGTAAGCAGATTCTCTATTATAATGTTAAAGGTTACTTTATCAATACATTTTATAACTCCTGGTCTTATCTTATATTTTATAGTAATCTCT
CP042461.1_gap28	1124203	1127224	3021	GATGATAAAATACAATATTATGAGCTTGCTGCCGGGTTACATAATCTACAATCAACTACAGAGATAAATGAAAAACCTACAGGGATTGATTTTAGCATCACCCAAGCAACAGCAGAAATAAAAACGCTTGACTGAAAAAAAGATTATATATTAAATCAAAGATGAGATCCAGTCTTTACACAAATCTGAGAAAATATATATAGTGTAATAATGAACTTTAAAAGAGACTCTAGTAGTAGCCTGAAATGAAATAAAAATATTCATCTAACATTTCGTTACAATTGAAAAAAAATATTGTTTTTTAACGACAAAGATTCAAATTGACTGTTAGACAAAAATGAATGATGAACAATAATTAAAGTCCCTTTTAAAGAAGGGACAACAATTGATAAAATAAATTGAAAACCATATATCCATAACGAGGGTATTGATATGAAAATTAATCTCTGAAGAAAAGCCATCACAGAACCTCTTATAAGAAGTTTAAATTTAACTCTTTCTTTTAATTAAGATAAAGCTGATTAACTCAGCTTTTTTCTTTACAAAAAATATAAAGCAATTATTATAAATATAATTTAAAACTAAGCAGAAAAATGTGGGTATAGTTGAACAATTAGAGTGAGCAATAGATATCGTTGACCTTGTGCAAAAGTATTCAAAGATAAAAAAAGCATGAGTAAACTATAAGGGGTTGTGTCCATTTCCTGGGCATAATGAGAAAACCCCGAGTTTTATGGTGAGCCCCGCAAAACAAATTGCTTATTGTTTTTGATGCCATAAATGATGAGGGCCGGTAAAGTTTGTTATGGATATTGAAAATACTGAGTTTAAAGATGCGATTGAAGTACTCTGAAATTTAACTGGTATAGCTGTAAATACCAACTTTGATAAAGAAAAATATAAAGCTCAGAAAAATCTCTACTCACTTTATAAAGATGCAGCTAACTACTACAAATCAAGTCTATCAAAACACCCAGAAATCAAAAAATACCTAATGGAAAGGGGGTTTAACGAAGAATCAATAACAAATTTCCACCTTTGATATTCTAATAGTTGATTAGAGCTTTATAATTATTTGAGAGAAAAATGATATGATGATAAAATTATTGAAGAATCAAAAATCTTCCTAGATATCAGAACAAAAAAAGACAAATTTATAAATAGAGTTATTTTCCCTATTCAAAATGCAAGATGAGATTTTGTAGCGTTTACATGAAGAGTTTTATGAGTTTGAGAACCAAAATATCTGAACTCACCAGCTTCAGATATTTATGACAAATCGGCAATCCTATATGGTCTCTACACAGCTAAAAATCAAATAACAAAAAGTGATTTTGTTATTGTCACAGAATGAAACCCCGACACTATAGCTATGCAACAATATGGTTTTTTCAATACAGTTGCAGTTTCTGGAACCGCGCTTACAGAAAAACATCTTGTAATCCTAAAAAGACTTACTCATAAAGTATATCTTTGCTTTGATAACGATAAAGCTTGAGAAAAAGCTACTAAATCATCACTTGAAATGCTCAAAAACAAAGACCTAGAAGTAAAGGTGATCTCTTTACAATGAGGTAAAGACCCTGATGAGATATTAACCAGTTGAGGTGATTTTCAAATACTTATTGATAAAGCTGAAAGCCCTATTTGATACTATATTGCAAAAGCTAAATTTGATGTTACCAGTATTGAAGAAAAAAGAAAACTTTTAAAAGAGCTTCTTGATATTGTAAAATCATACTCTGATAATATTGAGAAAGATTTTTATTTAAAAGAAATTTCAAGGCTTCTTGATATCAATACAAAGATTGTATATGATCTTTTTAATAGGGTAAAATTTACAACAGAAAAAAAATGAGATTGAGAAAAAAACAATAAGGCTCTCACGAGTGAAGAACTTGCAATATGAAACATTTTAATAGATGAAAAGCATAGTGCTTTTTTTAAAAAACACATAGTATTCACAGACTGACTTCACCCAGACTTACTCAAAGCACTTGAAAAATGACCTCACTTTATAAATGACATTAGCTTAGATCAAAAAGAAAGATATAGAGGTATATCTTTACAAATCGAAGAAGAAAATAAATTAAAAACAGAAAATAATTCTGAAATTGAGCTCGAAAAACTTACTTTAGGGATCAATCGTGATATGTATAAAAAGATGGTAAATGACCTCAAGAATAAGATGAAAAAATGAGACACAAATGCCTTCACGAAATATAGTGAAATAGCGAAAATAGCAAAAGACTTATGAATAAAATAAAACTTGCCTAAAAAAGATTATTTTATATAATAAGAGCCGAAAAAGAGAATAAAAATAATGAATTATGCTTTTTGCTCCTTCTTAAAAAATAATAGAAGGAATTTTTTGTATAATTATGTGATTTTAAATATTTAATATCCATACTGAATGACTAAAAGTACAGATCCAAAAAAAGGAAATAACGGTATAGAAGAAATAAATTTAGATGAACTAAAAGTTGATGTTTTAAAGCAAAATGAAATAGAAAAATTTGATTTTGAGGAACCGACTATGGGTGAACTCAAAGAAGAAGAAATATTAATTAAAGAAGAAGATTGAAAAGATATTGTATGAGCATTAAAAAAAGAAAAATGAGGAAATAAGCTTCCAAAAGATAGAGAAGAAGATAAAAGAAGGCTTTGAAAATGACTCAAAAACTTCATAGATATAAAAGTTGATGATGCACTGCTCGAATGAATGCCTGATGAGATTCAGGAGCTCATGAAACAATGAAAAAAAGATGGTCGCGTTACTCAAGATGAAGTAATGGCTGCTATTCCAAATGCTGAAGAAGACTTAGAATTACTAGACGAAGTGTATACAAGGTTTCTTCAACTTAAAATTGAGATCGTAGATAACCTCGATAAAGAAAATCTTTTTGAAACTGAGAAAAAAATAGCTAAAAAATCAGATGGGAAACAATCAATTTCTCTTTCAGAAATTAGTGATGATTCAATTAGAATGTACCTCAATGAAATTTGAAGAGTTGACCTTCT
CP042461.1_gap29	1148911	1151367	2456	TTAGCCTTTTTCTAACAATTGTAAAGAAGAAATCCTATACGTCTTTCATAGACTCTACTCATGCAGTTATCTCAGAAACTTCTCTGGTAATAATTGCTTGCCTTGCTTTATTATATTGCAAAGTTAACTTATCTGCTATCTTTTTTGCACTATCTTTAGCATTTTTCATCGCAATCATACGAGATGAGTGCTCCGAAGCTTTTGCCTCTAATAATATATCAAAGAAAATCAAATCAAGTATCATCGGAATCATTTCATTTGCAAGCTTCTCAGGAGTAGGTTCCAAATCATAACTATATATATTTAATTCTCCTAATTCCTTTTCTATATCATACTCATCTCATAAAATACTTGTAAGATAAGCTTTTATATCTTTTGCATCAATTGGAAGAGAAAGTTTTGCAACAGGAACTTGTTTAATGGTGTTAATATAGTGATTATAAAAAACAACTACTTTATTATACTTACCTGATTGAAACTCCTCTCTTAAGAGTTGAGATATTTCTTTTGTAAAAATAGGATCAATATTATCTGAAAAATCTACAGAAAAATCAGCAATCAGTTTATTCCCAGTTCTCGCAACAAAATTTGATGCTTTTTTTCAAACTGAAATAAATTCTAACTCTTCTCCTGTTTCTTTGATGTATGAACTTACTTTTTTCATAACATTTATATTATAACCTCAACATAATCATTTATTTGAAGTAATAACAACAGCAAGAGTTTTATCTCATTTTCCTTCTTTAAAGAGTGGAAAATCACCAAGATGCTCCTCTACTCTTAAAAATATTTTCAACATTTCAAATACAAAATCTCTCTTTTGCAAAGCAAGTTCTCAAGCTTTTTTCATCTTTACTGTTGAAATAAGCTCCATTGCTTTTGTGATTTTTCCTGTATTCTTTATCGAACCTATTTTACGTTTTATTTCTTTAGCATTAGCCATAAAAGTTTTTTAATTATTAGGTTTTTATTTATTAATTTCAACTATTTTAGCAATAACTTCTTTTAATTTAGTTTCAGTATCAGATGTAATTTTCTTTTCTTTATCTATTGAAGCTAAAACTGTTTTTTCATCTTCAAGTGCAGAATAGAGTTCTTTTTCAAATTTTGCTACTTTTTCAACTTTTATACTATCAAGGTATCCTTTTGAACCAGCATAGATAGAACATACTTGTTTTGCAACAGTGATTGGTGAATATACACCTTGTTTTAATAGTTCCATCATTCTTGCACCTCTATCAAGTTGAGCTCTTGTCGCTGCATCAAGATCAGAAGCAAATTGAGAGAAAGCTTCTAATTCTCTATACTGAGCAAGGTCTAGTTTCAAAGTACCTGAGACTTTTTTCATTGCTTTGATTTGAGCCGCACCTCAAACTCTCGAAACTGATAATCATACATTAATTGCTGGTTTTTGACCTGCATTAAATAAATCAGATTCTAAGAAAATTTGACCATCTGTAATTGAAATTACATTGGTAGGGATATAAGCAGAAACGTCACCAGCTTGAGTTTCAATAATAGGTAAAGCCGTCATGGATCCGGCACCTAATTCTTCATTTAATTTTGAAGATCTTTCAAGTAATCTTGAGTGAGTATAAAATACATCTCAAGGATATGCCTCTCTTCCTGGTGGTCTTCTTAATAACAATGACATTTCTCTATATGCATTTGCTTGTTTTGTAAGATCATCATATACAATAAGTGAATGTTCTCCATTAAACATGAAATATTCAGCCATAGCACAACCAGCATATGGAGATAAAAATTGCATAGAAGCTGGATCAGAAGCACCTGCAGTAACTACGATAGTATAATCCATAGCCCCTCTTTTCTTTAATTCGTTTACAATTCTTGCAACTTTTCATTCTTTTTGACCAATAGCAACATATACACAGATTACTCCTTGACCTTTTTGATTTAAGATTGCATCAATAGCAACTTGAGTCTTCCCAGTTTGTCTATCTCAGATAATAAGCTCTCTTTGTCCTCTCCCAATTGGCACTAAAGAATCAATTGCTTTAATACCTGTTTCCATTGGTTGATGAACTGATTTTCTATCCATTACTCATGTAGCAACTCTTTCAACAGGATAGTATTCTGTTGCTTTGATATCTCCTAAACCATCTAATGGTCTTCAAAGAGCATCAACAACTCTCCCAATAAGACCTTTCCCTACTGGAACTTCTAGGATTTTCCCAGTTGTTTTTGCTTTTTCTCCTTCAGAGATTTTATTAAAACCATTTAGAATAACTATTCATACAAAATGTTCTTCTAAGTTAAGAGCTATTCAAGTTGCACCTGAATCAAAACTTACTACTTCGTTGTAAGCAACTTTTCCAAGTCCTGATACTTTTGCAACCCCGTCACCAAGATAAAACACTTCTCCTATGTTTTCTACTTCTGGGTTCAGGTCAACTGAATCGATTTTAGATTCGATATCACTTATGATATTATTT
CP042461.1_gap30	1157522	1161094	3572	TATTTTCTTTTGTGTCATAACCAATACCAATTAAGTGATTTTCATCATATGGATGAAGGTATGTAGAATATCATGGCATTTTTAGTTCTCCAATAATTTTTGGATTTTTAGCGTCCGCAAGATCAATTACAAACAATGGATCTATTTGCTCAAAAGTAACCAAGAATAATTTATCTCCTATATATCTACTTGATTTAAAGTCTTCTCACCCTCAAAGACCTTGTAGACTTGATTTTAATTCTAAGTTTTCATCAAGTATATATAAGTCTGTATGGGCTTCCTCTCACTTAGAGTTCCATCTATTTGTTTTTGTAAGAATTCTGAAATCATCTTTATATTCATCCATTGAATATTGAGTAAGTGGGCTTCCTTCTACCAATGCACTTGTTTGATAACTGAGTTTCTCTCCGTTTATATTCATTTTATGAATAAGTGTATGATTTGTTCATCCGTAATAATACGGAGCGATACATCTCATATTTGGAGCACATCTGAATGGTTCAGTTTTATATACACTATTCGTAAGATATAAATTATCTAAACTCATGTATATTTCGTTGAGATTTCAAAAAATTACTGTTGTATATGCAGGATCTTCAATATCATTGATATCGATGACTGAGATAAGATTAAATTGAGGGTACCCTAAATCTGTATCTGAATCAGGAAGAATGTATTCTATTTCATTACATTTTGCAACATAGCCAGTATTCACATTATAATCTCTCTTTTTTCAATTTGTTTCTACATTTTTTTCTTCATCATTATTCGTTGCAAAAATTTCTAAACCTTTTGGAATAATATCATTTGCAGAAAGAGGTTTTTCTTCTGTGTATCATCTAAATAAATTATAACTGTCCTTTCTTGAAATAACATATAATTTATTATCTATGAGTCTTGATTTTGTGAAATTTCATTCCGTCATAAAAGCTTTTATCATCTTTGCTTCTTCTGGTTTTGAAACATCATATATAATAGTATATGTCTTTGAACTATTATCCCAATATTTCTTTTGAAAAGTACCTGTTGGTCTTCCACTTGCAAGGATAATAAGTTTATCATCTTCTAAATACAATTGAGTTCCCCAAAAATGCTTTGGGAGTTTAATCTTTTTTACCACTTTCATCGTACTTGCATCAATAACAAATACATTCTTTTTTTGTCTATTATTATAATCTTTTATAGCATTATCATAATAGTCAGACATATAATATATATAATCTCCATCAGTTTTGATTATTTCAGACTCTGAAACCCCTTGTACTTGTTCATTTGTTTCTGAAAAATCAGATTTACCTGATGTTGCAGGAAGAGATTTTGTTTCAACTGCCTCTGCTGCAGAATCTTCCATCATAACATCATCTACTGCATTAAAAATTACACCTCCTCATTTTCTATAATAATTCCCATATTTTGAATTATAATTTTTCAAAAAATCATTGGTAACTTTTTCTAAATCTTCACAAGAATTAAACGTCTTGAACTGGAGACTTTCTGTTGCAATTTCAGTTGTATTTTCTTTATTAAGTTCTTCAATAATTGAATCATCTTCAATTTCAGCGAAAACACTGGTAAATGAAAATATTGCCAAAATTGGTAACAATAATACTTTTTTCATAAGATATATATTAGTAATTAAAACGGGTAACATGTACTAAAACGATTTTCCTCCCAGATGGTGACAAAATAATTCTATTTTATTTCTTGAAATTCACAAGTTCAGTTTTCATAATCACCTGAATGACATTCTTTTTTATCTTTTCTACAGATTTTTTCTTCATCATTTTCTATAATTTCTCATCATTCAGTTTCACAAAAGTCTTCAAATAATACAAGTCACTCATCAAAATCTTCAGACAGATCTCATTCTCAACCAAGATCACCAAATAATCATGAGAAATCATTTCAAATCATATCTGACTCTGAAGCTTGAGATCATCTACTTATTCACTGATCTTTAGACTCTCAACCTCAAAAAAGATCTATAAGTTGAGTATTCTCAAGTTCACCTTGCTGAATAACAGGAGTGTTATCTGTTACCTCCTTTTCTACATTGTCTGAAGAAGATACTCCTATTTTTTCTACAGCAATTTCGTCATTATTCTTTTCAGTTTCTCATATATCAGATTCTATCCTCACCTGATTCTTTAATTGAGCCTTAGCTCATCATTCAGATATTATATTTTGCTGTATTTTTTTTTCTACACCTACTCTATTCACTTCTTCTTCCTGAATATTTTTTTCTTCTATTATTTTATCTATTATTTCTTGAATATCTCTCTGAACACTTTCTTCAGAAACCTTATTATTTACGTTTTGAATTATAGGAGTTTCATTTTCTTGCTGAAACAAAGTTCCTGGTAAAAAATAGAAAAATCAAAAAACAGCAAAACTTGTTGCAAAGATAGGAATAAAAATATGATAATATCTTTTTTTTATATATGTATTTTTTTTATGCTGAATTATATTTGTTAACCTTTTCTTTAAATCTTTCTTAAATTTTTGTGGTGCTTTTATTTGAGGGTTTATACTTTTTAACACTTTTATAGCCTCTGATAAATGTTTCTTTTTATCTTTTAATTCAGGGTTTTCCCCTATAAGTTCATCAACAATTTTGTTATTATTTTTCATAGCTTACAATAATATTATAAATATGAGTACCAGTACAAAGTTTGCGCTTATTGTTTTCAGCCCTCTAGAAACTATTTTTTTACAGTTATCAACTGATTTTCATGTAATTTCTGAAATTTCATTGTAGTTTAAGTCATTCCATATTCTGAGTACAATCACTTCTTTATGTTCATCTTTTAATGTCTGCAGGAAGTCAAAAACCTCTTGTACCTTTTCTTTGTCATCAATTTGAGTTCAGATATCTTCATTCTTTCATACATCCATGTATTCTTCCATTGATACATCAACTTTATTTGTTTTATAATGGTCTTTTACTTTATTTCATGCAATAGTATAGATCCATGCTTTGAAACTACTTCCTTCTTTTACATCAAACTTTTCTATGGAATTCAAAGCCTTATAAAAAACATCGCTTGTAATATCTTCAGCAACCTCCTTATTTGATGTTTTTAGGTATATAAACTTATAAATACTATCTATGTATTTATCATACAGTTTTCAAAAGTATTTCATATCTATATCCTGACAGTTTTTTACAAGTTTCAAGTCGTCCATAATAATAAAAACGAAAAAGAAATAAAAAGGTGACAAAAAATACTATTATTTATATAAATAATAGTATTTTTTGAAGAGAAATCAATTTATTAATGATGATATCTTACTCACTTTTTTATACAACTTGCTCTGTAAACCTGTTCAAACAACATCATAATTGCTTGAGCATGTGGGAAAGTCATTGGAGATAATGATAGCTTCATATTTATTTTATCTTCTATTATACCAAGGTCTACTCAATAAGCTCATCATATAATAAAAACAATGTTTGCATATCGCATCTGTTTTTCTTCTATGAGTTTTGCAAAATCTTCTGTTTTTAATTGTTTTGAATCAATATATAGTAAGATTTTATAACCCTTTTCTTTCTCTAATATCTTCTGCAA
CP042461.1_gap31	1228016	1229289	1273	TTATCTTTCTTCTTTTGTTCGATTACTTTGTCCACTCTCTTCTCTATCAATTGAAGGATTGTCATTTCTGAATGGTATTTCTTCAATGTTCATCATCATGTACTGTCTGTACTACTTCATGTTCATGTTCATCCACTATTCAACTCTACTACATCTTCTTCTCAACAGAGACTTCATAGTTTCCCATATTTACATGATACTTCGTCTTGTACATACCATTTGTACGTTGTTGTTGATCATGGAGTTAATTTACATGTGAGTTGTTCGTCTTTACAGGTTGGAATATAACTTCATCAACCTCAACCTCCTCATCAGCCTCCTCAACCTCAGCTTGAACTTCAGCCTGATGAACTTCATCAGCTATTTGTACTTGCTGTGGCTACTGAAAAGTTAATTGTATAGTCTGTTGTTGTTTCATTTGAATCAGTGTCCATACATCTTACATAGTAAGTGTGTGATGTTCCATCTGTCAGTCATGTTATGTTTGCTGTATGTGTGATTCCTCAGGTTGCTGTTGTAAATATGTCTGTCATTGATCCATATGTTGTATTTACTACTGTTGAGTATTTACATGTTCATATTTCATCTGTATTTAATGTCAGATTCACAGCTGTTGTTCCTGATACTTGTTCTCAGTTTGGTAATCCATTTGAGAGTATTGGAGCGGTTACATCAACGAGAGTGGCTACTGAAAAGTTCAGTGTGTAATCTGTTGTTGTTTCATTACTTGATCCATCCATACATCTTACATAGTATGCATAACTTGTTCCGTTGGTAAGTCATGTAATATTTGCACTATGTGTGATTCCTCATGTTCCTGTTGTAAGTATGTCTGTCATTGACGCATATGTTGTATTTACTACCGTTGAGTATTTACATGTTCATATTTCATCTGTATTTAGTGTCAGATTCACAGCTGTCGTTCCGGATACTTGTTCTCAGTTTGGTAATCCATTTGAGAGTATTGGAGCGGTTACATCAACGAGAGTGGCTACTGAAAAGTTCAGTACGTAATCTGTTGTTGTTTCGTTTGAACTTGTATCCATACATTTCACATAGTATGTATAACTTGTTCAGTCTATCAGTCATGTTACATTCGTAGAATGTCCTGTATTTCATGTCGTAGTAAATGTATCTGTCATTGATGCATACGTTGTATTTACTACGGTTGAGTATTTACATGTTCATGCTTCATTCGTATCTAATGTCAGATTCACGTTTGTTGTTCCTGAAGCTTGTTCTCCGTTTGGAAGTCCATTACTAAGGATCGGTG
CP042461.1_gap32	1231780	1233248	1468	CATTCAGATCGTTGCATAGGTTCTGGTTCATGGAATTATAAATCCATATTCTGCTCAAGAATCTTCCGTCCATAAATCATTATCTCCATTTGCATTATATAGATCCCAGTCTCAATATTCTGCCCACCCTGAAGGTGTCTTTGCTAATACATTACTTAAACCAAAATCTAATAATTTAGTAGTCGGTATAGTTACATTTGTATCGGTTGCATTCAAAAGATCATCTGATTGAAATGCAAACGCACTTGGTCACATACTAGATCTCGAATTAATAGGTATTGAGCTTGATGATCATGATATATAATCTCATCATAATAGTGTTTGCCATTCTGTTGGTATCAATGATGCCCAACTTATTAAATGAGCCCTTCATGCAAGTGGAAATATTCCATCTATTACAGAATTTTTTAGATCTGATAGATTTTTTACTACTGATGTTGTTCAAACATTAGTTCCACCTGCATCGTAATATGTATAGCTATGAAATAACAAACTATTGCCAATTACAGCCATTCATCATAATTCGTCATGCGCTTCAGGATTTAATACTCTATTACGTACATAATCAAAGTCCTGTATTTGTGTTGCATTGTTTAGATTATTATAATCTGAATCAAGTGATAACGCAGGAATACTAAATTCTCATAAGGCATCTTGATTTGTATGACTGGCTATGAAAACCGAATTTGAAGCAGGATTTACAGCAAATTTCCCTGAGGTATAACTTAGGTCTGATACTCATGATGTTGAACCAAAAGTAAATCATCATACGTATTCAAAGTCTCCTATATGTGCAAGTGGATTTGTAGTAGGGTCTGAACTTGGAATGCCAGATGCTACTGAAAAACTAATCGTATAATCAGAAGTATTTTCATTTGATGATCAGTCAATACATCTTACATAATATGTATATGATGTTCCATCTGTCAGTCCTCATATACTCACACTATGTGTTTGTCATCATGTTGTAACAAAGTTATTTACCATTGATCCGTATACTGTATTTGCAGTTGTTGAATATTTACAAAATGCATTCTCATTGGTATTCAATGTTAAATTTACATTACTTATTCCTGATGAAAGTGCTCACATAGGTCATCCATTTGATATGATTGGAGCTGTTGTATCTGATGGTCATGTTGCCGTTGCTCAAGCATCAATTATTTCTATCTTATCTAAAATAAGCTCCTTATTATTCTCATAATTCACATTTGTATTTACCAATGAATAATTCCCTGCACTTGCAGACGTAAACTCATATTCAATAGCTCCATACGAATTAGCTTCTACAGTTCATGTCGTCATAAAATACCATGTTCAAGCTCACCCAGAACCGAGCCTATCATTGTCATCAAAACTTATTCTTGGTGTAAATGTTATATCTCCATTCGTATCATTATACCAAGTTAATAAAACTCTATCTCATTCTGCAAGTTCCATTGATGGTCATGATATTCATTGGTAGTTA
CP042461.1_gap33	1237114	1240336	3222	TATTATAATTTTGATTATAATAACTAAAATTAAAATTTAAACAAACAAATACGTGGAATACAAAATCTTTTGATGTAAAGTAAATAAATACTATACCGATGAATGGCTCAATTCTGACTATCTTTCTGATAAAAAAGGTATTTTTATTGCATCCTGTGTAGTAACAGATAATGCAAAAAGAAAATGGGTGAAATTCATCAAAGATACTGGAAAAAACCTATCCGCATGAGAAAAAATGTATGTAAGTTGATGTGGAGCTTTTACAGAAGGAAAAGCTCAAACTGACTTTTTTGAAGTCTATCCTAATCTTGCATACCTCAAAGACAGTATCGAGATTCTCGACGAAATACCTGATAAAAAACCGAAACCAAAATTAAACCTTGAAGAAGTGAAAAATAAGCTCAAAAATATCCCTCAGATCTATACAAAAAAATTCTTACTTATTCAGGGCTGATGTGATAGTTTTTGTACTTTTTGTCTTACAGTAAAAAAAAGATGAAGGCACTATTCTCGAAACCTAGATGATATTGTTGAAGATATTTTAGAATATGAATTACAAGGATGAAAAGAAGTAGTTCTTACTTGAGTTAACCTTACAGCTTGGGGACTTGATTCAACAAATGACATTTGAAAATCAAGATTTGCAGAGCTTCTCATAGCTATTTTAGATAGAACTGAAATTCCTAGACTTAGGATCAGCTCATTATGACCTGAATTTGTAACTGATGAAATATTAGAGGTCTGTAAAAATAAAAGAATTTACCCTCATTTCCACTATTCAGTTCAATCATGATCAAGTAATACTCTCAAAGCAATGGCTCGTCATTACGATGGGAAATATATGAGAAAATTACTTGAAAAAACCAAAAACCTTCAAAGAGATGATTGAATAAATGTAAGTATATGAGCTGATTTAATTGTAGGCTTTCCGGGAGAAACCGATGAAAACTTCAGAGAAACCTACAATCTTATTAAAGACTGACTTATCACCAAAGTTCATGCATTTCCGTTTTCAGCTCATAACTTATGAGAAAGTGTACCTGCTGGAAAGTTTCCAAATCAAGTGGATGAAAAAATAAAAAAAGAAAGAATGTGGGAAATAATGAACATCTCAGATCAAATACGTGATGACTTTATAGATCAAAATATTTGAAAAACTTTAGAAGTTTTAATAGAGTCTGCTAAAACTGATACAGACTGAAGAATAAAATGGAAATGATGGACTCAAAATTATATAGAAGCAGATCAAGATACATTTGAAATCTCTTCTTGAACTATAAAAAGAAATGAAATAGTCGTTTGAAAATTAAAATAATAAGATAAAAATTGTTTATTTTTTGTAACGAGGACTGTCTGAGCGCAAGCAAGTTTCTGAGTGAAAAAAATAAACAATTTTTATCTTATAACCACAAACAAAAACTATGTTTTACATAATACTTATCCCCTGAATAATCCTTGATTTTATCACAAAAAATCTTGCAAATACATATTTACAAAATAAAATAAGTATTTTATGAGACTTCTTCTATTTGCAATATGCAGAAAATACATGAATTGCATTTTCCATTCAAATTCCTTCATTTTTTCTTAAAACACTCACTCTGACTTTGATTATTGCTATTTTTTATTATTATAAAACTGAAAAGAAAAAAATATCTCCTCAAAAAAAACAAAATTTACTTTTAGATATTTCTTTTTGACTCATATTAGCAGGAGCAATATGAAATGCCATTTGAAGAATATTTCATTCATATGTTATTGATTTCATTTGAATACAATACTTCTCTATATTTAATATGGCTGACATATATATTAATCTTTGAGCATTATTATACATCTATTTGCTTATAAAAAATCGTAATTTATAATCCCCTTTTCATATGTGATTCTGACCAAAAAAACTTTCTTTTTCAGATATACTTATAAATTCTATCTGAAGCCTTATTGCCTGAGCACTATGAAGTGTAATTATATTAATAATTACATTTTCAATATGAAACATCATTAATATCCCTGCTGCATTCAATACAGCAAGTATATGAATTGAAACAAATGCTATTTTTCCACTCGTTCTCTCAGTTATCACCCTGCTATGAACAACGACTACAATATTTCTCACATATTATATAGCTCACCTCACTAATAGTGATCGATATAGAAAGAATATTATTATCCTAGGGCAAATCGCTTTCTTTGCAGTTATGACATATTTATTTGTTACCCCTATTTACTTATATGCAGGACTTCAAAATTACGACTATATAATGTATGTCTTTCTTGCTCATACACTCACCGTAACCTTCTGAACAAGTATTATACTTGAAACACTCAATAATTACCGCTACATTCTCCTTTGAATATATTGAAGCTTTGTTGGACTCTTTATCAGTATAATTATAACTATTAGTATATTCTCTCTTTTTAGTGCATGAATAGCTAAATTAATCTCACTTATTATACTCCTCCCTATTATTAATTTTCTTATCACTTTCTTTAAACAACTCTTTGAAATAATATATATGTATTATTTCAGAATGACCAATCAGGACCAGCTTTGAGATATTTTTTACCAAATTGAATTGGAAGAAAAAGAGATGTTACTAGAAGAGGAAGAAAAAAATAGTATATAAAGAAAGCTTTAATTATAAACCCCCAATATATGTTAAATATAATAAGCCAAACAATGGAGTTTTATACAAAGTATAAAAAGGTTCCATCATTAAGTGATATAAAAATTGAAAATTCTTCTCTATTAGAAGGTAAAACATCTCTATTTATAACTCTCTATAAAAACTGAGAGATTAGATGATCAGCATGAAATATTAGAGAAATAACGAGCTCTACAGCAGAAGAACTTATCCAGAATACTATCCATGCAATATCAAAAGATCATCGTTTTCCTGAAATCAAAATTGATGATGTAAAAGATTTAAAAATTAGGCTCGATGTTATTACAAATAGAAGAGTTATCCAGGATAATGAATTAACAAAAATTGATCCAGTTAAAAACTGAGTACTCGCGATAAAAAAAGATTACTCAAAACTTGCAGTTATTTTACCAAATATTCATCCAACACTCTTAACTTGAGATGATTTTGCTCCTATATTAAAAGAAAAGCTCTGAGAAAAATATTTTAAAGCAAATGAATATATTGTCTATGAAATACAAACAGAAGTATCAAGAGATTTCTAAAAAATTCAAAACAAAAAAATAAAACCTCA
CP042461.1_gap34	1247422	1252012	4590	AATTTATCAGTGTACTTAATTGATACCTATTTATTGTCAGATTTGTTTGAATTGAATATATTCAAAATATTAGTTACGTATTTTTAGTTATATTCTTCTTCAGTATTATTCTTAATGTACTGTTCGCATATTCGAAATATATAATTATATTAGAAGAAAAAAAGGTATTTGAGTCCATCTGAGAGTCATCAAAAATTGCAATGATGAATTTATCAACAACTATCAGGTTATATTTTTTAATGTTTTTTTTAAATATAAGAGTTATAATTAATTTTATATTATTTTTAAGTTTTCCTCTTTTAGCAGTAGTACTTATATGAGTGGTAACATCAAAAATATTTTTACTGGTAGCAATAACAATATTAGTAGTCATTTTTATAGGCCTTATCTGAGTTTTATGATACCTCACAGCTGTATTAGATATATTTAAAACATCTTTATGGTATTTTGCTTATAAAGCATGAAAAGAAAAAATGGAGAAAATAAAAGATAGCTCATAGGCTATCTTTTATTTAAAATTTAAAAAATGTTTTTTATAATAATTTTTAACGTATTCCAGGTTCTGAATAACTCTTTCTTCATTTCATGCTCATAATTCTGAAGGTTTAACTTTAAGCGTTATAAATCAGTTATATCAAGAAGTCTTTAACTTCATAAAAAAGCTCTCTAATGGAAGGTATGATATTCCCCCTCATGCTCATCAAGGTAATATACCATTGTTACTCCCTCGTTTATCACTAAAAAATATATTTTTCACGCTACTTCATAATAACTTCTGTGCTTTTAAAATATCAAACCCTGATGTACTATCTATACTCGATAAATCAAGAGTTGTATCTCAAGTTACTTTCTTTATTTCAAATAATGTAGTATTTTTATACTCTGGGATGATAAAAAACATAAATTTAGGAGCTATGTTTTGAATTGAAATAGATAAATGAGTGTCCCTCTTTACTTTAAGTAAATACTTTGTAAACCAAGTCATATTTTTATCTGAAATATGAGGTGGAGAAAAACTAATAATTTGTGTTCCTAATTTTCAAGCCATACTCACTAATTTATCTACTTTCTTTTCACTCATTCATCTTGCTGGAGCAGTAATTGATAGCACAGGGATATTAAATGAATCACTCAAAAATTTAATGTAATCTTCGTCCCAAAGGTCATGATTTGACTTATTTAAAGCTAAATCTAATCCATCATATCATCATTTATTCGCAAAATCGAATATTCTATGCAATCAATAACCTTGTAAAGAAGAAGTAGAAAGTAATATCACAGTGTTAAAATTATTAATTAAATCTACATAAATAATACCATAATATTATATAAAACACAAAAAAAACATACCTAAAGTTAAATTAACTTCTTCGTATGTTTTTTTTATGGTGGGTTATGTAGGATTCGAACCTACGACCCCCTGCTTGTAAGGCAGATGCTCTCGCCAACTGAGCTAATAACCCTAAATGGTGCACGAGACAGGGCTCGAACCTGTGACCTTCGCCTTAGAAGGGCGCTGCTCTTCCAACTGAGCTACTCGTGCAAAAAAATTTACACTTGTCACAAAAAAAATTTGATATTAAAGTCTTGGCAGCTACTTACTCTCACACATCTACGAGATGCACTACCATCAGCACGAGTTGGCTTAACTTCTGTGTTCGGGATGGGAACAGGTGTACCTCAACCGTTATAACTACCAAGAGCCTAATATCAAATTGTTTAATAATTGTTTATATATCTTGTTCTAATCTGAACAAATAAAGTTAGTTAATGTGATTATAGAAATGAATAATCGTTAAGAATGTATTAAGATCCATTCGTCCTATTAGTATTGCTCGGCTGAGAATATCACTATTCTTACACCTGCAACCTATCAACCTTGTAGTCTCCAAGGGGACTTATTGCTCGAGGCAGAGAAATCTAATCTTGAAGTAGGCTTCCCACTTAGATGCTTTCAGTGGTTATCCCTTCCGAACTTAGCTACTCGGCAATGCCATTAGACATGACAACCGATACACCAGAGGTTCGTCCACTCCGGTCCTCTCGTACTAGGAGCAGATCTTCTCAAATTTCTATACGCCCACAGCAGATAGGGGCCAAACTGTCTCACGACGTTCTGAACCCAGCTCGCGTACCGCTTTAAATGGCGAACAGCCATACCCTTGGGAGCTTCTCCACCCCCAGGATGCGACGAGCCGACATCGAGGTGCCAAACCGCGTCGTCGATGTGAACTCTTGGACGCGATCAGCCTGTTATCCCTAGGGTAACTTTTATCCGTTGAGCGACATCACTTCCACGTGTTAATGCCGGATCACTTTCGCCCACTTTCGTGTCTGTTCGACTTGTAGGTCTCTCAGTCAGGCCAACTTATGCGAATACACTATCTCTTCGATTTCCATCCGAAGATAGTTGACCATTGCGCGCCTCCGTTACTCTTTAGGAGGCAACCGCCCCAGTTAAACTACCCACCAAGCACTGTCCCCCGAATACGGGGTTAGAGTTACAATTTAAGAAGGGTGGTATCTCAAGGGTGACTCCATAAAAACTAGCGTTTCTACTTCAAAGTCTCCCACCTATCCTGCACATTTTAAATCATAACCCAATACCAAGCTGTAGTAAAGCTCCATAGGGTCTTTCCGTCTTGCTGCAGGTAGTCGGCATTTTTACCGACATTGCAATTTCACCGAGTCTATGCTTGAGACAGTACTCAGACCGTTATGCCATTCGTGCGGGTCGGAACTTACCCGACAAGGAATTTCGCTACCTTAGGACCGTTATAGTTACGGCCGCCGTTCACCAGGGCTTAGTTTCAGAGCTTGCACTCATCCACGTAACCTTCTGGCACTGGGCAGGCATCACCCCCTATACATCCTCTTACGAGTTTGCAGAGAGCTGTGTTTTTGGTAAACAGTCGCCTGAGTTCTTTCGCTGCGGCCTAAAAAGTAAAATACTTTCCAGGCAGGTCTTATCCCGAAGTTACGACCGCTGTTTTGCCGAGTTCCTTAAGCATAGTTATCTCGTTCGCCTTAGTGTTCTCCACTAACCTACGTGTGTTCGATTACGGTACGGTTACATATACAATTAACGCTTAGAGGCTTTTCTCGATACTCGAATATAGTAGGAGCTGTATCTGTTATTAGCAAGCTAACAACATCAACTTAACTTAGCTCGACCTTAAAGTTACACGGATTTTCCTATGTATCAAGTCTTGCGTTCGTAATTCAATTCATTAAGAATCTCCTATATCCCAATATGTCCCCCCTTCACTTCATATACATAGTTCAGGAATATTAACCTGATATCCATCAGCTTCCCCTATCGGGTACACCTTAGGACCGACTAACCCTACGACGACTGCCGTTGCGTAGGAAACCTTAGGTTTTCGGCGGGGAGAGTTTTCATCTCCCTTACGTTACTCATACCAACATTTTCACTTCTGATATCTCCAGCAAGACTCACATCTCACCTTCAGCGACATACAGAACGCTCCGCTACCACTATTTACATAGTTTACGTCTTCGGTTAATAACTTTAGCCCCGTTGAATTTTCGGCGCATGATCGCTTGACCAGTGAGCTATTACGCACTCTTTCAAGGAATGGCTGCTTCTAAGCCAACCTCCTGGTTGTCTCAGCAATCTTACATCCTTTTCCACTTAGTTATTAATTAGGGACCTTAGACAGTAATCTGGGCTGTTTCCCTTTTGACGATGGCACTTATCTGTCACCGTCTGACTCCCGGTATAATTTTTACAGTATTCGAAGTTTATCAGGATTTGCTAAGCCGCGAGGCCCGCTAGTCCAATCAGAGCTCTACCCCTGTAAAATAGTAATCCGAGGCTAGCCCTAAAGCTATTTCGCGGAGAACCAGCTATCTCTGAGTTCGATTAGCTTTTCACTCCTTCCCACAAGTCATCCAAAGGACTTGCAGCTCCTAATGGTTCGGCCCTCCACGGTGTTTTACCACCGCTTCAGCCTGCTCATGGGAAGCTCACTCAGTTTCGGGTCCAGTATATATGACTAAATCGCCCTATTCAGGCTCGCTTTCACTTCGGCTCCGGATTAAACTTCCTTAACCTTGCCACATACACTAACTCGTTGGTTCGTTCTACAAAAAGCACGATGTCACCCGAAGGCTCCATCTCTTTGAAAGCATAAAGTTTCAGGTTCTATTTCACTCCCCTCCCGGGGTTCTTTTCACCTTTCCCTCATGGTACTAGTTCACTATCGATCTCGAATGCTATTTAGCCTTGGAGGGTGGTCCCCCCATATTCAATCCGGATTACACGTGTCCGAACCTACTCAGGAAATAACAGATATGAATTAAAAATACTTTAAGATACAGGGTTTTAACCTTCTATGACCAAGTTTCCCAACTTGTTCTCTTAATAATCTTAATTTATATTAGGTTTATTAGCCTCCCCTAATGTTACTCCTACAACCCTGTAGTACCAAAAGCTACCTCATACGGTATCTACAGTTTGGGCTCTTCCCGTTTCGCTCGTCACTACTCAGGGAATCTCAATTGATTTCTTTTCCATTGCTACTTAGATATTTCAGTTCACAATGTGTCCTTCTGTTTTACAGACAA
CP042461.1_gap35	1342603	1343103	500	TTTTTCATGAAATTATAAATTATTAATTAAAAATGAAAACGAATTTAATTCTTTTTGTTTCTCTACAGCTTCTTTTTTTCTCATTCAAGCAATTTCAGAAAAATTATTTTTATTTATATCATCTAATTCTTTTATTTCAATTTCCTTTGTAAATTCACTTAAAGAGATATAAAGCCTATCTAATCAATCTTTATTTAAAATACTTAAAGCTTCTAAATAAAGATCTTTTTGTACATCGTGAATTTGCAAAGAAAGAATCATAACACTAATTATTTTTTTTCTTTTACTAATATCCTTTTGTTTTTTCAGAAAATCAAAAATCATATATTTCTTTGTTAAATGGTATCATATGATATTTTAGCATATTTTTTTATATACTCCAAATTTTATGTTTATTATTTTTTCACATATGTGAGTCTCTTTATTATTTAATTATATAATATAGATATATTATTATTATTAATAGCAATTGTTAAATAGTAAAATTATGCTCTGTAGCC
