gap_id	start	end	length	sequence
CP048114.1_gap1	35135	38030	2895	GGGCGCGTGGCAGGCAATGACGTTTGTCCTTAACGGGATCGTCTTCCTGCTGATCGGTCTGCAGATGCCTTATGTGCTGGCGGGGATCGAAGGCGGCTTCAGCAAGTCCACCCTGGTGGAGTATGGAGCCATCTTCAGCGCGATGCTGATTGCGTTGCGACTGATCTGGGTTACACCGGCGATCCGGTTTTCAAACTGGATCCAAAGCCTTCGACATCCGGAGGAGGAGCGGGTCACTCCGCGTGAGAGCTTCGTGATTGGATGGACCGGAATGCGCGGCGTCATCGCGCTGGCGGCAGCGCTCTCTGTGCCGGAGGTAGTCAACGGCGCCGAGTTCCGGCAGCGAAACCTGCTGGTGTTTCTCACATTCTCCGTGATCCTGGTCACGCTGGTGCTGCAGGGGCTTACTCTGCCTTCGGTGATCCGTGCGCTTGGGCTTGCGGGAGAGGAAGGGATCGAGCCGGAGGAGCGGTATGCCCGTGAGCAGGCTTTCAAGAACGCCATTGCATACCTGGAAGAAGGACGCCTCACCGCCGCAGATGGCCTCGAGCACGCCTACGATGACCTGATCGACCGCTATGAACACAGGCTGGCGGAGGTGACCGAGGAGGAGGGACATGGAGCTTCAAAGGCTGAGGTGTATCACACCCTAAGCCGGGAGGCCCGCGCGGCGGTACAGGTGGAGCGCAGGACGATTATTCACCTCCGCGACGAGGGTCTGATCAGCGATGACGTGCTGCGAAAGCTGGAGCGGGGACTGGACCTGGAAGAGACGAAACTCAGCTCGTAGACGGAGGCGGAGGCTCTGGGCTGGCGGGAGCCTCGACGTCTGCAGGCATGAGCGAGGCGTAGCTCTCCTTGTTGCAAGGCAGTGTGAGGTGGATGACGGCGGCCATCAGGAGCAGCGGAATCAGGCAGAAGATGCTTCCCTCAGGGCCGGTAGCTCCGCCGCTGAGCAGAGGTGCTCCTGCAGGATGTGTCTTGAGCAGGCGGTGATCGAAGAGCGCTCCTGAATCGGAGACGCCGAAGAGGACGGACTGGCCGTAGTCCCATGCGGCGTGAAGCCCGACAGCCCACCAGAGCGATCCGGTTCGCCAGAGGCTGAAGCAGAAGACGAGAGAGGCGGCTCCGGCGCAAACAAGTCCGGCGGGACTCTCGCCAGGGTTCGAACCGTGCACGGCTCCAAAGCCGAAAGAGACAACGATGGCGGCGATCCAGAAGCCCACCGTGCCTGGGGCAGGGTTGCCGGGCAGAACCTCTGCAAATCCGGAGAAGCCGCGGGAGAGTGTGTACTGCAGATAGCCGCGAAAGAGATACTCCTCAAAGAAGCCGATGGCGAGAAAACCGGGAATCCAGAGGATGAGGTAGCGGGCTACGTCCTTGCCGTAGAGCATACGGCCGTCGATGACAAGCAGCCCGGACTTCAGCAGGATAAGGACGAGGAGAGAGATGGCGGCGAGCCCGACGACGATACCGTAGAGCAGCCGCGATGTCTTGCGATTTCCTCCCAGGCCGTAGACGGAGAGCGGCCGGCGCTCGATCTTCGACATCACCCCCGTCACGATCGCGATGGCGAGGAAGAGGGCGATCTCCGAGACGAAGACTGCCAATGGGTCAGGGTTCTGAGCCATTCCATGACGGGGGATCAGATGTCCGGCACGTAGAACGGCGGTGATTCCCATGCTCAGGATAGCGAAGAGAAAGACGGCGATCAGCAGGCTCCAGCCGGCGCGTAGTCCATGTGGCCCGACGAAGATGGAAGAGCTACGGTGCGCGGGAGAGGTGGAGACAGGAAACTCGGACAAACGGACCTCGAACAGGAGATTTCAGGAGAGGATAAAGGAAAGTGAGGTCGGGATGAAGTCGCCTTCCTGAATCTCTCACGGGATCAGGGCTCTGGCGGTGAATCGGATATGCTAGATGCTTTGAGCGCGCGTCCGAAGCGTATCTGATCAACGAGGGAATTCAGTTTGGATTGCAAGGTTTTTTATCACGATAAATGTTTCGATGGGGCGTGCTCGGCATCGGTGTTTTCGCGGTTTTACCGTGAGTGCGTGAAGACAGGGGCGGAGTTTTCCTACCAGGGACTGGTGCATCGCGCGGGAGCCTTGTTTGATGAGAGCCAATTTATCGATGGCGATAACGCAATCGTCGATTTCAAGTACTCAGCCTCGAAGAAGGTGACGTGGTGGTTCGATCATCACCTGAGCGCGTTCCTTACCCCTGAGGATCAGGCCGACTTCGAGCGTGGCCAGACGGACGGTTCGCAGACGATGCGCAAGTTCTATGACCCCGGCTATACGTCGTGTACCGGCCTGATTGCAGATATCGGAGCTGCGAAGTTCGGCTTCAACGTCGAGCCGCTGCAGGAACTGATCTACTGGGCGAATATTGTGGACGGCGCGAAGTACGACAACGCTACCGCGGCAGTCGAGATGGCTGCCCCGGCCATGAAGCTGACGATGGTGATCGAGAGCACGCAGGATGAGTTGCTGGGCCAGAAGCTGATTCCGCTGCTGACGGAGATGCCCCTGCAGGAGGTTCTCGACCAGCCGTTTGTGCAGGAATCGCTGGGGCCGCTGATGGAGCGGCACAAGGCTGCGCTCGAGCTGATACGGGAGCGGGCTTCGGTGGAGCGAGGCGTCATCACCTTCGATATCACCGACCATCCCACCGAGGGATACAACAAATTTATTCCGTACTATCTCTTCCCGGATGGGACGTACAATGTCGGCCTGAGCAAGTCATCCTTCCGGACGAAGGTGGCTGTGGGCACGAATCCCTGGACGACGCTGCCGGCAGAGAAGCTGGCCAATGTGGCCACGATCTGCGAGCGCTATGGTGGCGGAGGACACGCCAGGGTCGGCGCGATCAGCTTTCCTCCGGATCGGGAGG
CP048114.1_gap2	65633	66772	1139	CATCTCGCGAATCGTGTTGCCACCGTCGGTTTCCACGGTATGCATGTGGAGATCGCCGCGAATGTCGGTGAGGGTGATGAGGCTGGGCAGAGTGTGATTGGCGGCAGCCTCAAGCTCTCCGGAGTTTTCGCGAAGCTCGGGTGGGATGTAATCGAGGTCGAGGGCGCGGTAGATCAGTTCCTCGGTAGCGGCGGCGACGATGGCGTTGTCTTCGACCCGGACGAGAGCGTACTCGTTGAGAGTCATGCCGCGCTTGATGGCCCGCTGCCGCAGGGCCACATTGTGCATCTTGGAGCCGGTGAAGTATTGGAGTGCGGCCCCATAGCTGGCGCGTGGCAGCAGGCGGACGTCCACCTGGAAGTTGTTGCGGAGCGTGAAGCTGACCTTGTTCTGGCCGCGGGCCAGCAGCTTGTCGATGAGCGGAAGGGTGGCGACGTGCTCGACGGCCGCTGCAACAACGTCGGGCTCGCAGGCAGGCCCAGTGACGAGAAGGTCGAGATCGCCGACGGTTTCGCGTCCGCGACGGAGCGAGCCTGCGGGAGTAATCTCTTCGATGCCCGGAAACTCGCGGATGAGAGCGGAGATACGCTCCGCCTGTTCGCGGGCCTGGTCGATGCGGAAACGGCTGGAGTTTTTGCGGTAGTCCTCGATGCCCTTCAGGAGTTTGGTGGTGAACTTCTCGCCCATGCGGGGAAGTTTGTTCAGGTGACCCGCCTTGGCGGCCTCTTCCAGCCCGTCGATATCGCAGACCTCGAGGGCTGACCAGACCAGAGCTACGGTCTTAGGTCCCATGCCGGGCAGATGAAGCAGTTCCAGCATGGAGGGACGATACTTTTTGAGGAGTTCGTCGCGGAGAGGGGTCGAGCCGGTTCGCAGGATATCGACGATATTCGCGGCCATGCCTTTGCCGATGCCCGCGATGGTCAGGAGCTGTTTGGGATCGTCTGCGAGCAGGGCAAGCTGGGATGTCTGCTGTTCCACAGCCTCAGCGGCCCGCCGGTAGGAACGGATGCGAAAGGGATCGGCTGCATCGATTTCCAATAAAGCAGCCGTCTCCTCGAGCACTCGTGCAATCGATATATTGTCCATTTAAACTCTGACCCGAAGCTCTGCTTTCTATCGAAGCTCCTGAGTCAGTA
CP048114.1_gap3	139998	144146	4148	GATCCTTTTTGCGAATGCAGCAGCTGCAGCTCTTTTCGGATCACCTGAACTTCCTTCGAGATTGAGTGCGATCTCGTCATGTGCTGTCTGGGAATTGGTATAAGTAACGAAGCAGTGTGTGGCAACGCAGTAGTTGCAGCCGTTGGCCCTGGAAACAGCCAGCGCGACCGCTTCTTGTGTCTTGGTGTCGAGCGCATGCGACATGGTGGTCTGGAGGCCGACGAAAGCCTTCAAGGCAATCGGGCTCAAGGAGAGCAACCGGAGTCCGTTGGGAAGGAATCCCAAGCGCTGTTGTATTGCGTCGAGAATTTCATGAGTTTCGGCAGGAGTCTGTTCTCGCGCCGGAAGGTCAAGTCGTGCCATGATTCGAAGATCTCCTGTGAGGCCTATATTCAGATTAGAAGCCCGCAAGGTACTTCGAGTCCGTATGTTGCGTCCCAAAGTCCTTTTCGCTGCTCACTGATTCACCCTCAGAATCGATTAGCTTTGGAACGGAGGATCGAGCAGCTTCCGGAAAGTACTGCGGAGCCTCTCGTCGGTCAAACATGCTGTAGTCGCGGATGATTCTCACAGAACGCAGCCGCGCATCGTCTGGAATCGATACCGAATCGATGAAATCGGTAGCCGTGGGACCATCCTTAAACGTCGCTGTCAGGAGGATGTCCCCAGAATTCGAGACTGCGTCAAATAAGTCCCAATCAAGAAATCCATGGAGTGGCCGAAGGCCCAGCCATTCAGCGCAATCGGCAGGATTCGTCGTTTCCTTCCACTCTGAGGGACGTTTGGCGTCAATGAGAACCACTGCAGTCCCGGCTCCAACTTCGGTTTCGTCTAATCTCTGCTCCCGGAGTTCCATCCCTTCAGGTAACTGTGTGTCGTGTGTGATCTGGCCAACACGAAGACGGTAGTCGAGAAGAACTCTGCTGCGTCCCAACTCCTGGACTTCATGGTGCTTCATGTTCGTCCGCCACCGGACAACCGCCTTTTCGTCCTTCCAGTTTGAGAGCGAGAGTATCCAGCCTTCGCGATTCAGGTTGCGGTACCAGATGTTATCGACGAATCCTTCAACCTGGTCAAGCTCTTGTCGGAGCATTTTTGCGTACCCCAGGTACGCATCCCACTGATCAGGTTTCGGGTGAACTTCGAATAGGACCGAAAACATTTCCTGCTCCTCTCAATTGCGGATGAACGTGCTCGCTGTCATTTGCTCAGATGTCTCACCGAATCTGGTCGACGCCTGCTCTCTATAGAACACATGAGGTTGTGATGAGACGGCCTAAAGAAAAAATCAGGCATTCGGCTGACAACGTTAACAGTGCCAGTCATTCCCACAAATTCAACAATGCGATGGACTCCGTGACACACAAATCGGACTTCCGAGCGAGTTCCGTTCGGTAGGTTGAAAGTAGTGCGAGTGACCGCGACACCAGCTATCACATGGCGACCCGAACCCCAATCCCTTGGCGGCAATTTCGAGACAAAAGTTCGGAACCCGGAGATTTCAAGAAGGCCACGTTCGGGGGCGGAGCTACACCAGCGAGCAGATTACCAGCAGTCGACGATCTCTTCGTGATTGACCTGAAAGGCGAATATATACCCATGCCTAAGACTCGAGCATTTAGGGCACTTCATTCAAGAGCGGATCAGCCCTTGCTCCTTCCGAATATCTGGGATGTCGGAGGGGCCAAGCTTGCGGAGCTACTTGGGGCAAAGGCAGTCGCAACGACCAGTGCTGGTGTGTCCTGGTCTTTGGGTTATCCCGATGGCAACAAGTTGCCGATCGAGCGACAGGCACAATTGGCAAATGATTTAGTCAAGGCTGTAACAGTGCCGGTGTCCATCGATATGGAATCAGGCTACTCAGACGATCCCGTACTCGTTAGCGAGAATCTTAAACGTGTCCTGGATGCTGGCATCGCAGGAATCAACATCGAAGATGGTACGGGCGAGCCAAGCCTGTTAGCGAAAAAGATCGAAGCGATCAAGCGAACTGCATCAGCAATGAAAGTAGATGTCTTCGTAAACGCGCAAACCGATGTCTATCTTCAAAATTTGGTCCCTGACGAAAACAAGGCAGAAGAGACTCTTGCACGAGCGACCGTTTATAGCGACGCAGGAGCTGATGGTCTCTTTGTCCCGAGATTGAACGAATTGACGCAGATCGCCCAGATCACTGTTGGAACGAGGCTTCCCGTAAATCTTCTTGCGTGGCCAGGTCTTCCCAAGATGGCTGATCTCGCCAAGCTGGGAGTTCGACGCCTCAGCGCGGGCCCTGGTATATCGCAGATTGTATGGCAGCAAATTGCAAAAGTTACTGAGGTATTTCTCGCCACGGGAGATTCGGAGATGTTTGCTCAAGACTCCATGACTCGTGGCGAGCTCCAAAGGTTATTTGCCAACAGAGAAGTGAACTCGATCGTACCTGTAAGACTGCCCCTGGGTCACATGCCTGGCTTGTGCGGAGATCGTCGAAATCGCACCACCCTGGAAACAGAAGTGATCGTCAAAGAGAAATGCAAGGAGTTGATCCAATGCCAGAAAACATAGCATCACAACAACAAAGCGCAAAGCATCTTGCTGCACGAGCCGTAATGGCATATCGCGCGGGATTCCCAATCACGCTGCTTTCGGTTGCGAGTAGTAGCGAACGCACCAGCGGTATTGTGTGTGATTGGAAGGGGCAGCGCGACTCGTTCCACAGTGATGCGAAGCTGCTCGGTAGAGCCTTCGCCTTCATCTACATTGGATCGATTGTGGACCAGGGAATCAGCGATCCGATTTCCGATGAGTTGCACAAAGAACTCATATCCGATATGTCCAGTGCGCTTGAAGCGCGACAGACCGCGGTCGATTGGGGTGTAGTCGCCTCTGTGACAGACACGAATCCTTTTGCCCATACCGGATATAAGTTGGCTTTCCGCCTTCTGCGGACGGATCAGCCGCTGATTGAAGCTCTCACTCGCGAGCTGACGTCCCAGCGCACGATTGAAGGCGATGCTTTGCGAAAGTGGTTGGAGGACAATGCAGGCCCTTTCAATTTTGAGGAATTAGAAGCGAGCACGACGTACTGAAACAACATACGGTGATATCTAAGGTGGACAAGCCAAGGTCTCCCCCGCTCAGGGGTGGGACTCGGTATCACCTTACCGGCATCCTGATTGAAGGTTAGCTGTTTCAGAAGATCTGGCCCTCTCAATTTTTTCTGGCTGCGCAAAGCGATCCTGTAGATTCGATAGCACTTTGTTCTGGAGCAGGACAGGCTTCGAGTTCAGGTGCCGCTTTGAGCTCTTTGCGGACTGTCCCCCAACCGGGAAGCTGACGAGAACCAACGATCAATCTTACTCCGTCGCGCAAGCGAATGTAGGTGTGCGCCCAGGAGGCGAAAACCGAAATGCGATTTCGGAAGCCGATGAGAAAAAATATGTGGACGCCCATCCATGTCAACCACGCAAGGAGTCCGCTCCAGTACGCTCGAAAAGGCCAGCGGATCTCAGCAACGGCCGCCTTCCGTCCGATCGTCGCGATGTTGCCTTTATCGAAGTAGCGGAAGGCGGGAAAGTTCTTGACCTCTGCAGTTCGCGCAAGGTGCCTAATGCGTCTTCCCGTGTATGCGCCCATCTGCATTGCAGGCTGTGCTACCCCGGGGATAGGCATGCCATCTTGCTCCAGATATGCGAGATCGCCACAGACGAAGACGTTAGGCAGTCCTTCAGGATTCAAGAACTGATCGACCGGAACCCGTCCGCGCCTATCGACGTCAAGACCGAGCATTCTTCCCAGAGGAGACCCTTGAACTCCAGCAGCCCAAAGCGTACAGGCGCTTTCGATCCTTTCACTACCGACCATCACATAGCCAGGTCCGACATCTGTGACGTGAAAACCGGTCCGAACTTGAACGCCTAAAGCTTCGAGTTGTTGCACGGCTTTCCGGCGGAGCTCCTCTGGGTAGGTCGCCAAAATAGAGGCCGAACCTTCGAGGATGCAGACCTCTGTCGACGATGTATCGATATGGCGGAAGTCTCGCAGCATGTATAGATGCGCAATATCGGAGATTGCTCCGGCGAGCTCAACCCCCGTAGGGCCTCCCCCGATGATGACAAATTTCAGCGGCGTGTGCGAGCCAGTCTCGACCATTTGCCGTTCGGCAA
CP048114.1_gap4	145187	146921	1734	GAAAGCCGGTCGTCATCGGTTCGATTCCTACAAGCAGACCATCGAGGACTACTAAATGTGAGACATTCTCGGGGTAAATTGCCGCATAGGCAAAGGCGACGAGCAAACCAACATCGTGACCGACGATCCGAATGGACTCGAATCCAAGTTGAGCCATGAGCCCACGAACATCGGCCGCCATCGTCACGGAGTCGTAGGCAGTTGATGATTCTGGTCGTGAAGATTGTCCCGCCCCGCGCAGATCGATTGCAATCACTGTGAAATGTTCAGCTAGTGCTGGCATGATGCGATGCCAGCAGAACCACGTCTGAGGCCAGCCATGAAGTAAGACCAATGGCTCGCCTCGGCCTCCACGGACGTAGTGGAGGCGGATATCATTGACACTGGCCGTTCCTTCGGAGAAGTTGCTTCCCAGAGAAGCGACGTTGGGGTCACTCATGTTTTCTCCAGCGCACGTGTCATTTGTGAGCGACTCTCGTGCTGCAAAGTGTTGTTGGGAACATTCCCTTTGTGATCGATCGCCCATAGCTGATCCCTTCAGCACCAGGAAGAAAAGGGGTCGATTCGCTCGCCTGTCTCCGAGCACAACGAAGAAATCGATTCGACGGTCAGCCTAATGTAAAGTGTCGCGTCTTCCGCAAACTCGTGAGCCCACCGGTATCCATCCTGAGAGGAAGGAGGTGTTCAGGCAGCAGGGGCGAATATCAGTTTCGCATCCCCCGAATTGCATTCGGCTAATTGCCATTGTTGCCTTTCTTTAGAGCTGGATCTTCGGCATCCGGCGTTGGCAATTGGAACAAAAATTAGCTTATTTCTACCTACAGTCATCTATAGGTTCTGGGTAACGGTTTGATGGGAAAATGACACAAGTGGGCAGCTCTCTCGCTCCGTACGCCAACATGCTCACTTCGTATGTCAAATGACAGACTTATGCTTGTCGATTGGTCAAGGATTCGAACACGAAGCGTGATGAGAACCCGGTCAGCGCGGCTTTGTGCCGTTCTGGGACTGATCTCGGCGGTTTCCACTCCAGTGAATGCTCAGCGATTGGAGGGTGGTTTCGACCCAATTACGATCGCGCGTTTGAATCCAGAATGGAATCAGGCGAAGACGTTTTACGTCGTAGTGATTCTCGTAGGAGTTCTATTTGCCATTGTCGCTCTGGCCTTCGAAAGGGCGCGTTACGAAAAGTCACTTCGCATGGCATTCAACGCACGTATGGCGGAGCGCACCCGCTTGGCCCGGCAGTTACATGACACTTTGCTGCAGACGTTGCAAGGCAGCAACTTAATTGCCGAACATGCCTCCGAATCGGTAAAAAGTGTCCCAGAAGCAAAAAGAACCTTCAGACTCTTGAAAGATTGGTTGACCAGGGCCGACGAAGAAGCACGAGCGGTCCTCGATGTTCTCCGTGATGAGACAACCGAAGAAAATATCGAACGCGCGTTGCAAGCTGCGCTTGAACAGATACCACTGTGTGCCGGCATCGTCGCGATTCGTACGCATCAGCGACCGCGGCCACTCCATCCCGGTATCTGCGAGGACGTACTTCAGATATGCATTGAGGCAGTTCGCAACGCGTGCATTCACTCCCAAAGCCCTACGATAACGGTAGATCTTTATTTTGAGCGCGTCTTCAGGGCCGACATCAAGGATGAGGGGATAGGTTTCGACAGCTTCACGAAGCCGGTCAAAAGAGCTGGCCACTATGGATTGGCGGGGATGCGGGAAAGA
CP048114.1_gap5	200995	202284	1289	ACCGTGCCCGCTTCAGTCGCGCATCAGGGCTTGACTGCGCGATACAGGCCCGCCGTGCCGAAGGTGTATCCGGTCCATGTGTCATCACGAAAACCTGCGGCGCGAATCATCTCGAGCATTCGTTTCGGGCGAGGAAAGCGTTCCACGGAGGCGGGAAGGTAGCGGTAGGCCTCCGCGTTGGAGATCATGGCTCCGATCCTGGGGAGAATCCGCTTGAAGTAAAGGTCATAGATGACGCCTACAAGCCCTTCGGGCTGGTTGCAATCCAGAATTCCGATCTCGCCGCCGGAGTGCAGCACTCGATAGAGCTCGGCCAGGCCTTCTTCGTAGTTGGCAAGGTTGCGGAAGCCGAAGGCGGAGGTGACGAGCGAGAGGGTGTTGTCTTCAATGGGAAGGTGAAGGGCATCGGCTTCAATGGCGACGATATTGTGACCGGCGAACTTCTGCCTGCCGCGCTCCAGCATTTCGGGGGAAAAGTCGACCGCAAGAACCGGAGCCTCGCCGGCGTTGTGCGGCCGGTACTTCATCAGGGCCAGGGTCATGTCGCCGGTGCCGCAGCAAAGATCGAGCACGCGAGCTTCGGGCCGGAGGAGAATGGGGCGAAAGGTTCGCGCTGTCCTAGCCCACCACCAGCGGTCGAGGCCCACGGAGAGAAGATGATTCAGCAGATCGTACCGGGGCGCGATGGCGTTGAACATCTGCTGGACATTGGCAGCCGCAGCCTGTTCGGTCACTGCGCCTGTGGGACGCGCTCCGGTCGAGAGCTCATGCTCTTTCCGAAGGTGTTGGGGGATGGAGGTCATCGGCGCTTCTTTTCCGATTTCTTTTTGCTGTTGCGACCGGCGGACTTCATCTGTTCGAGCATCCAGCCGGCTGCCTCCAGCAGTTCGTCACGAGTGACGTCGCGGACCACCACGGCCTTTCCGATCGCTGCGGGAAGAACGTAGTTCAACGTGCCGCTGCGGTTCTTTTTGTCATTTGCGGTCAGATCGACCAGCTTTGCAGCGCGGACTGTGGCTGGGGTAAGTGGACCGTAGCGCAGGATGAGTTGAATCATGCGGTCCGCATCTGCCTGGCCGATCATGCCGCGCATCAGGCCAAGATGCGTGGCAGCGATGCTTCCCCAGCCGACGGCTTCGCCGTGCAGAAGCTGCTTGTATCCGGTCGCTGCTTCAATGGCATGGCCGAGCGTGTGGCCGTAGTTGAGGATCATGCGCAGGCCGGATTCCCGCTCGTCGTTGGCGACCACGTCGGCCTTCACGCGAACACTGGCAGCTACGACGTGGGTC
CP048114.1_gap6	216593	217671	1078	TTTTGCGAAGGTGCATAAGAACCAGATTGACCGTCAGGCGGTGCAGCCAGGTTGAGAATGCGCTTTCTCCGCGAAAACTGCCGATCTTCCGGAAGAGGTGGAGAAATGCCTCCTGGGTCATGTCTTCGGCTTCGGAGACGTTTCCCAGCATGCGGAGGCAAAGGGTGTAAACGCGGCGCTTGTGCAGAGCGTAAAGTTTTGAAAAAGCTTCGGCATCGCCTGCCTTGGCACGCTCGATTGCTTCAGCTTCTCCGGCGATCGGTGGATTTCTTTTGAAAAGCCCGGGGGCGGTCTTTGTTTCTGTCATCTGTAGACCTTGGAGTTCCATGCTTCATCTCCGGGTTGTGTTGATTGCTTAATGGACCGAGCGAATCGGTATCTGAAATTCGACAAAAAAATAGTAGGGGTCGTCACACGTAAGGAATTTGAGTGCCGGATGAGCAAAAAGGTTGTGTTTGCGCCGAATCTGCTGGCCTGCCAAGGTTTTGCGGTTACGATCCCACAAACCGGGCGTACAGGGTGCGGGCCACCATGATATCGGTCGTCCCCTGCACGATCGCCCTTCCATCCGCGAATAGGGTAAGGGTATGCGGTCCCCGTGTGAAGCGCAGGAGAAGGTCGTTGAACCGGACCTCGCCGTGCGGAGCGAGGCGATCGCGCATGGCCGGGAAGTCGACTGGCCGGTGATGCTCATGGATCTGGACGGAGTTTCTGCCGCAGAGGGTGATGTGGGGACGGCCTGTTCCTGCCAGGTGGGTAAATTCGCGCCGATCACAGACGGAACATTCCTTCCTTGGAGCGCCGGCAGAGATCTCGGACCGTTCCGACGTCCACAGGTCGAAGGAGAGCAGCGTGCGGCGCATCAGTGCGGACTGTGCTGTGAGGAACTTGAGTGCTTCGGTGACCTGGATGGAGGCGGCCAGATTGACGGCGGTTGAAAGAATCCCTGCTGTGTCGCAGGTCTCGACCGGCCCGGAAGGCGGCTTGGGAAACAGGCAGGCGAGGCAGGCGGTAGGGTTCCAGTCCATCTCCTGTGCGGATGATCCCGTGCCCGCCGGCGGGCGCAATGGAAGGATAT
CP048114.1_gap7	246532	251431	4899	GAGCAACCGTGCGGTGAAGAAGAAGGTCTTCCGCCTTGCACACAACACCCATCGCCCCCGCGCCGAGACGTTCGAGGACCCTGTAGTGCGAGATGGTTTGACCTTCAATCATGAACTGCCATGTGTGACTTTCTTATGAGGCCCTGAGGGTGTGCAGCCTGAGTTCCGGCGAGGTGGAGTGCAAGGCCAGCAACTCTTCGAAGACAGAGGCGACACCGTCAATCGTGTGAAAGGCGCTGAGAGCAACGTACATCTGCTGCTCTTCTGAGAGCGGCATGGAGTCCAGCGTCCGGTTGAGGTCCGCGATGTGATGGGGATCATTATCTGCATGCGCCATGAGACAGCGGAATGCGGTCTTTGGAAGACGGGTACGTCTGCGGATGGCTTCCAACTGTTCGGCCAGGGGTGGGTAGCCTTCAAGAACGATCAGGTATCCGAAAACAGTGACAGGATGAATGTGAAGGGCCCAGAAGTACTGTGCGCCGAGCAGAGAGACGACCGCCGGAAGCGGTGGCGTAGAGGCGACCTGTGCCGGAGTGATTCCCAGGGTGCCGATATCGTCCAACAGCCAGTCGTCGTGGTCTTTTTCCTCGAGAATGTGCTGCTCAAGGTAGGGAGCGACGATGCGGGCGACGGGATCATCCGGCAGGGTGAGGGCACGATCCCGCGCAGTCTGCATCAGTTGCAGGCCAGCCTGCATGACGCGGTGCAATTGCACGAGAAAGATCGGCAGCAGCCGGGTGAGCTCCGGATGGTTCCAGAACTCATCGCTGGCAACGTTCAGCCGGCCTTCGGCGAGACGGATTTTCGCCCAGAGGACGTCGCTGTTTGAGGGGGGCATGGGAGATTTTCCAGGGAATGCCAGAACAATCGTCGGATCGAGGGCCGCAGATGGAAGTCAGCGGCCCTCACGAGAGCATCAGGATCGCAGACTAGACCGGAAAGTTCGGGCGTGCCCCAGCCTTGGTGTCGAGCGGCGCATCGCCCAGCTTCTTGCGCAGCTTGATGAGCGTGTTGACCTCGGCGGCACTCAGCTTATTGATGACAGACAGATCGTGGTCGGCGACGTTTTCCTGGGGGATGACTCCGGCGGCGGTGAGGCGCTCAATGTTCGAGACCCTCGGGGTGGATTTCTTCTTCACGACCTTCTTCGCCGGGGCCTTCTTCGCCGGGGCCTTTTTGACGGCGTTCTTAGCGACGGCCTTCTTAGCCGGTGCTTTCTTAGCGGACTTCTTGATAGCTTTCCTGGTTGCCACGGTCTTTCTCCTTATAAGCCTGAGTTCTTCTCAGGACAGACGAGCGCTGATACGGGCCCGAAACAAACACAAAATGCAGATGAGTCTTGGGCAGAAGTATACGTGATGCATGGAGAGTGATACGAGGCTTTCGAGAAGAAGTTTTTGAGAATAGCCGATGTGCTATTGCGCGCCACTGGAGGGAATGGATATCTGCACGTAGTTTCGGCCGGCATAGAAGCGAAAAGTTTGTCCGTCCGGCGACGGGAGAATCTGCAGCGGGGTGGGACGATGCAGTGCAGCATCATGCGAGGAGCCGGCGGTAAAGAGGTCGTGTCCACCGATATCCATGACGACGAACTGATTGTTGGCGATAAAGCCGCAGCCGTAGGCACCTGGGGCGAGCCGATGGCCACCGATCAGAACCGGCGATTCTGTGATGAGGTAGGCCTGGTACTTCTGCTGTACGGAGCTGGAGTAGCCGGAGGTGTCGACTAAAGCGGCGAGGAGCAGGGCGTCCTTCGAGAGGCGGATACCCGCAGAGTTACGCGCCTGGATGGAGGCGGACTGTCCACGGAAGAAGACGGAGGAGGGCAGGATGGCTCCAGTCTCGGGGGCCTTCAGGATCGTGGAGGTCGCATTCGAAGCAGTTGCCTGCGCCATAGCAAGCGGAGCGCAGAGAGGCAAAGACAGAGCGATGATAAGAAATCGGCGTAGCATGCGCTGCCATCGTACTTCTGTTCCGGGACAGCTGCAACGGGAGAGGCTTGTTGCCGGCCTAAAATCCCCGGCGCATGGTCGAGACGGCGGTTTCTGTGGCTGGACGGTGGGGTGCAGGATCGCTGATCTGCAGCCGATTCAGGACGGGATCGGGATCGTAGTCGCGGTATGCAGCAGCCGCGGCTCGTCTTTTGGCCGTCTGCGCTATCAGGCTATTCATTCTTAGATAGACAGCGTTCGTCCAGCCGAAGCCGACGACATTGCTCTTGTATCCGGTGGCTACCGCGACATTGGCCGAGCCGCTGACCACGTTGTACTTCTCGCGGATGGTGCCGTCGTGGAGGAAGTTTTCGAGGATGGTGCCGGAAAATTTGCTGGAAATCCGTACGGCATCGGCGTCGAAACCATACTGTGAGAGGCCTTTGACGGTGAGCCAGGTAGTAGGGGCCCAGCCGAAGGGGAGATCCCACTGAGTCCCGGAGTCGAAGTCGCTCATGGCTATCCCGCCTGCCCTCTCGAAGAGAGGAAGATGCAGGCGAAGCTGCGCCGCCTGTGTGGGAGTGGCCAGCCCAGCCCAGATAGGATAGAAGGCGGTTATATAGCTGTAGGTGGATGGCCGCTGGTGGACGAAGTCATAGTCATAGAACATGCCAGTCTTCGCATTCCAGAGGTATTTGTTGATGGCCTGCCTGCGGGCGGCGGCGCGGCGGTTCCATTCAGTTGCTTCGTCGGGTCGATGCAGCAGCGTGGCAAAATGCGCCATGTCGCGCTCGTATTTATAAAGGAGGCTGTTCAGGCAGACGGGGGCATAGTCCTGGGTGGAACCGCTGAAGGGGCCGAAGCGGAAACTGGTGTCAAAACCGGATTCGCGCATGGCGCGGTCTCCACGATAGAAGGAGGCGGTGAGGCGATGACCATCCACGTGTGCCGTGGCGCAGACTTTCGATAGAGCGATATCACAGCTGGTCTTTGCCAGTTCGACGGCCTGGGTGGGCGTGGGATCGTCGGGAGCTTCGATCAGATAGTCGGTGTGGACACTGGGATGGGAGAGCAGCCAGCGGATGACATCGGGATAGTACGTGCTGTCGTCGGCCATCTCCGGCACCGGTCCTGCACCCACGTCAAAGTAGCGCGCCAGACCGGTATCCCCGGCGAGATGCGGTTTGGTGACCCAGACGGTGTAATCCCGTTTGGCGTAGTCGTAGGCGCGGGCGAGCCAGGCGCGGGAGACCGGGTGGCCGTAGGGATGCTCGTAGACCTCTCGGATCATCGAGGTCAGAAAGGGCGGCTGCGAGCGGGTGAGCATATAGGTGCGGTTGGCGTTGAGGATAGAGCCGTAGTTTTCGATCTCGAAGAAGAAGTTTTCAACCATGTCGAGGGCCACATCGGTGCGATGATCGGCGACCAGTCCAAGGACAATAAAGTAGCTGTCCCAGCCGTACATCTCGTTGAAGCGACCTCCGGGGACCACGTAGGGATGGGGCAGATAAAGAAGACCTTCTTCAGTAAGGTCTGAAGCGGTGACATCTCCCATGTGGGTGATCTTCCGGGGAAGATTGCGCACCTCTACCTTGCACTCACGCTGCATGGCAGCGACGGAGGGCGGGGTGGCCATACCGGAGGGAAGATACAAAACGGGGATGGTGGTGACTTTGAGGTCGACGACCGACTTGCAACTGTACATGGACCGCGACAGGGTGTTCCAGCCGTTGTGAATGTAGGAGAGGATCTTCGCTTTATCGGCCGCAGAGTGGCCTTGAGGCTCTGCTACTGCGAGTGAGCAGAAGAGCAGCAGCAGCGTGGGTAGGCGAAGGAATCGCTTCATCAGAAAATCTCCGCTATTTTGGTTCGCGCGACTGTGAGTATTGTAAGTGGCCAGAAAGGGGCGATCCATCCGTGCTGACAGGGTGAAGCTCACCTCCGACTTTGCACAATGGCTATGCGAAGATCACTTGCAGAAATTTTGGTTTCAATAGAGACTTATTTTCGGAAAGGAAACAGAGGCCATGGCACAGAATGATACGGCACAGTCGAAACAACAGAAGGTGTGGGAGGCTCTGGATCGTTTTCGCATCGAGATTCCTTCGTGGGGGTTCGCCAACACCGGCACGCGCTTCGGAAAGTTTATCCAGAGTGGCGCTGCTACCAGCATCGAGGAGAAGTTTGCCGATGCCGGTGAGGTGAACCGGCTGACCGGAGCCAGTCCGACGGTGGCGCTCCATGTTCTCTGGGACGTTCCTCACGGCACTGCCGATGTGGACAAGATTCGTGCGCTTGAGAAGCAGCATGGGGTTAAGGCGGGATCGATCAATCCGAACCTGTTCCAATCGCAGGAATACAAGTACGGCTCCATGGCGAACCCGAACTCCGAGATCCGGAAGATGGCATTGGGCCATCTGCTGGAGTCGGTCGAGATTGGCCGCGCTCTCGAGACTCGCGATATCTCGATCTGGGTCTCTGACGGCTCGAACTATCCCGGCACGCAGTCCATCAGCCGTAGGATTGGCTGGATGGAAGAGGTGCTCTCAGCCATGCACGCGGCGACGGCGGAGAACCAGCGCCTGCTGGTGGAATACAAGCCCTTTGAACCGGCGTTCTATCACACCGATATTGCCGATTGGGGGATGGCACTGCACCTGGCGCAGAAGGCTGGCCCGCGGGCGAAGGTGCTGGTGGATACCGGGCATCATTATCAGGGGACAAATATTGAGCAGATTGTTGCGTGGCTGCTGCACCTGAATGCCCTGGGAGGCTTCCACTTCAACGACCGCAAGTATGCGGATGATGACCTGACGATCGGATCGATCGATCCCTACCAGGTCTTCCGGATCTTCCACGAGATTCTGAGCGCTCCGACCTCTGCTGCTGAAGGGATTGCGTACATGATCGACCAAAGCCATAACCTGAAGGGCAAGATGGAGGCGATGGTGCAGAGCGTGGTGAC
CP048114.1_gap8	254297	256116	1819	CAACTACGTTGCGCTTCCGCCGAGCGAGGCCTTCCGGATTGAGTACTGGGCGCTGGAGGAGGCGAAGATCCGCCGTCAGCCGCCGGAGAAGCAGTTGAGCCGACAGGTTGCGTTGATCGTGGGCGGCGGCAGTGGCATCGGCCATCAGGTGGCGCTGATTGCCGCTGAGCGCGGCGCTCACGTCATGGTGGCGGATCGCGATGTTGCCGGGGCGGAGAAGGTAGCGGAAGAGTGCAAGGCGATTGCGGGCAAAGAGGCAGTCGGCTTCACCTCGATCGACATTCGCGACCGTAAGGCGATCCAGGCGGCACTCGAAGCGACGATCCGGCAGTTCGGCGGTATCGACATCATCGTCAACACGGCTGCGATGTTCCCGTCGTCACCGGATGGCATCATCACCGATGCTCAGTGGGCGCTGACCCTTGAGGTAAACGTCACGGCCAACTATCTGCTGGCGGATGAGGCGAAAAAGATTCTCAAGGCGCAGGGTCTGGATGGCAGCATCGTTCTAACCAGCTCTGCCAATGCTGTTGTGGCTAAGCGTGGAAGCGAGGCATATGACGTCAGCAAGGCGGCGCTGAGCCATCTTGTTCGTGAGCTTGCGGTCAGCATGGCGCCGAAGGTTCGCGTCAACGGCATCAGCCCGGCCACGGTCGTCAAAGGATCGACGATGTTCCCGCGAGACCGCGTGAAGGCTTCGCTGACGAAGTACAACATTCCGTTCAGCGAGTCGGCTTCGGACGATGAGCTGCGCAATGCCCTGGCACAGTTTTACGCTGAGCGCACGCTGACCCACACGCCGATCGATCCGAAGGACTGCGCCGAGGCGATCATGTTCCTCGCCGGTCCGCTGACAAAGTGCACCACCGGCCACATTATTCCGGTCGATGGTGGCCTGGTGGAGGCTTATCTGCGATGAGCGAGGCGAAGGGGACGGGCCTCCCCGAGGATCGACGTGCCTCCATTGCGGTCGATCTTGGTGCGGAGAGCTGCAGGGTAAGTCTACTGCGCTGGAATGGCAGCTCGCCGCAGATTGAACTTGTACATCGCTTCGGAAACGGTCCGGTGCAGCGGCAGGATGGTCTGCACTGGCCTCTGGAGCGGATCGTCGAGGGTGTCGAAGAGGGATTGCGGATGGCCGCCGGGCTTGCACCGGAGGGCGTCCGCTCCATCGCTGTAGATGGCTGGGCGGTCGATTATGTTCGGCTGGACGAGCAGGGCGTTCCCCTCGCAGAGCCGTTCTGTTATAGGGATGAGCGCAATGTTCGCGCCGAAAGCGATCTGCATAAGAAGATCTCTGCGGAGCGCATGCGGGAGATCACCGGTGTCCAGCAACTTTCGATCAACACGGTGTATCAGCTTTATGCCGATTGCGAGGCAGGCTATGCGCCGTCCCGATGGCTGAATCTTCCCGAATATATGCTCGCGCGGCTGGGAGGAGCCCCGGTTGCCGAGTTCACAAACGCGACTCACAGCCAGATGATCGACATGCAGAGTCGCCAGTGGAGTGAAGAGATTTTCCGCGAGGCCGGCCTGGTGCGGGAGCTTGCGCCGAAGATCGTTCCTCCGGGAACCCGGCTGGGCAACGTGTCCGGTCGGCTCCAGGATTTGGCAGCGTTCAAGGATACTGAGCTGATTGCTCCTGCCTGTCACGATACCGCGTCGGCGATTGCGGGGATTCCTGCGCTGGGCGATGACTGGGCGTACATCAGCTCCGGTACGTGGTCTCTGGTTGGGGCGCTGACTTCTCATCCGGTCGCTGGCCCAGAGGCTCGCGCCGACAACTTCACCAATCTCGGCGCGGTCGGCGGAGCAAACT
CP048114.1_gap9	295820	300505	4685	GCTATGAGGAAGATCGTTTCCAGATGCGTCCGGGAGACATCCTCGTTGGATATTCCGACGGTGTGACGGAGCCGGAAAACGACTTTGGCGAGTTTGGGGAAGAACGCATGATTGAAGTGATCCGGCGCTACCGCGACGAGCCGCTGCATGTGATCTCAAGCCAGGTCATGCAGGCGCTCGATGCCTGGATCGGTGCCGAGGAACAGCCCGACGACATCACCCTGGTACTGGCGCGGCAGGTATAGCCACTCAGAAAACCAATGATCCCTGAAACGTGGTGTCATCTCGGCCGGAAGCTCGGAGTATTAATGCGTCGGCTGGATCGCCTTGATCGCGATGGCGTTTGGGGAGGAGCCGGCAGGCAGCATCGTAAAGAGGGCCGCGCCCTGTTTGCCCTGTGTCCGGATGACGGCGACGTCTCCGGAATGGGCATCGACGGCTAGCAGAATATGCTCGTCCGCCGAGAAAGCCAGCGCGTCAGGAGCAGAGCCGGTGTGGACCGTCGTGACCAGATGGCCATCGTCAATGCTGTAGACGCTGACGAGATCCGAGGCAAAGTCGGCGACCCAGAGCGTGGAGCTGTCGCGCGTGATAACGCCGTGCACCGGCTTATTGCCAATCATGTAGGTTCCAAGGACCTGGTTGTTCCAGGTGTCGATCTCGGAGATGGAGTCGGAGTCGAAGTTAGCGGTGAAGATCTCACCGCCGTCCGGCTTGACTGCAAGATGGACCGGCGTATTGCCCACATCGAGCATGGTAAGGAGATGGTCCGATGTAGCGGCTGGGTCCTGGCGTGCCGCCCATGATCCTGGAGCGGCAGCCAGCGAGATCACCATGACCTGGTGGCCACCCGAACAGGCAATGAAGGCCTTGGAGGAATCCGGAAGGATGGCGACGTCTGTAGCCCCGGGACATCCCGGAAAGGTGGCACGAAATTGGAGCGCCGGGCCTTCACCCAGCCGGGGGACCGGCTGAGGAGCCTCAGGCGAGCCGGATTCGAGGTTCTGTGGACTGGCATAGGGCGCGGCGCTGTAGATGGAGACACTGCCCGAACTGCGGTTGGAGACCACGACCGAGCGCATATCGGGAGAGACGCGCGCCAGGCCTGGTTGTTCGCCGGCGCCTACGGCGGCGATCTCGTGCCGCTTGTCCAGGTCGATCACGCTGACCGAATTGGACCCGGAGTTGGCCACGTAGGCTCGCCCTCCGGCAGCATCCACACTGATAAAGTACGGCTGGCGATGGACGGGAATGGTAGCGACGACGCTGTTGCTGGATGCGTCGATCACGCTTACGGTGCCGGACTTTGTATTGACCACGTAAATCTCATTGCGCCGGGGATTGGCTGCAATTCCGGTAGGGTTGTCGCCGACCCGCAGCGTCCTGTCTGCCCGCAGGTTTACCAGGTCAAGGACACTGACTGTATTCGATTTTCCATTGGTAACGTAGGCGTATTCGCGATAGCCGGCTGGAACCTCGGGAAAGCCGCTATGGCGGCAACCCAGCGGCAAAAGGGCAATCGAGAGCGATGCAAGCAGGACTGCTCGCTGGCGTTTTGAGGAATCGGACACTGGTCTGAGTCTATCGGTCGGAATCCGGCCCTCGCAAGTTAGCGCCGCCCGGAAAAAAAGATTTCAAATAGCGAAACCTTTCGTTCAGAAAAAGTGTCTACGAGAGTGATGCGCAGAGTTGCCAGATGGGGAACTCTTGCATCGTCTGTAAATCCTTCTCGGACAACGAAGCTACTTCGTGTAGCTTCGTTGATTTTTTTTGCGAAGTTCCGTCGTCGCCATTCCAAGGCGGACCGCAAATCCTTCGACCTGCGCCCATCGGGCGACTTTCTGGCTGTTGAGCAACGGATACGCCCTAACCTGAAGTGTCATTCCGAGCGCAGCGAGGAACCCCCGCATTTCGGAATGCTGGTTGGGATGGCTTGCCTCACATGAGACACGAGCGGGGGTGCGGACGGAGGGAAATGCGGGGGTCTCTCCACTACGGCCCTTCGGTCGAGATGACACTTCTCGTGGGGACAGGGAAGGAAGCGTCACTGCCGTGGCTACTTGTGCGGATTGATTTTTGACCAGTTGCGAGCCAGCCAGCCTGCATAGGCAAGCTGCACGGTAATAACGCCAACATAGACGAAGACGATATGGCGATGCGCCATGGTGGAGAAGTCGAAGAAGGTCTGCCAGGTCATTGTCCGCGTGTCTCCGTCTACTGTGGGGTTTCGAGCGAGGCTTCAAGGGCCTGAAGCGCAGCTTCCTGATCGGCAATCTGGCGGCGGCGCTCGATTGCGAAGCGAAGTCCGATGAGGAAGATTCCCCACATCGTCCACCCGGCCAGGTTCCAGAGGACCGCGGGAACGAACTGAGGAGCGATACCACCTCCATTGGGTCCAAAGACGGGTTGCGGATGTTGTGTGCGCCACCATTCGATGGACATGAAGACGATAGGAACATCAATCGCGGCGAAGACGGAAAGGACGGCGGCAAGTGTCGGTGTCTGCCCGGTTGGCGAGAGGCGACGCAGCAGGAGGTAGCTGATATAGAGCAGCCAGAGGATTAGCTCAGAGGTAAGCCGCGGATCCCATGTCCACCAGATTCCCCAGGCGGGTTTGCCCCATAGCATCCCTGTAGCAAGGGTAATGCCGACGTAGAGAACGGTAATCTCGGCTGAGGCTACTGCGAAAGCATCTGCTCCAAGAGCTTTCAAAGGATCTCTGCGCTTGTAGTAGAGAAAGGCGACCGAGGCGATGAGGTTGAGGTAGGGGAAGACCAGTCCGAGGATCGCGTGTGCGAAATGGTAATAGAAGATGCGGTGGAGATCCCCCATCGTCGCTTCCGGCGGAGCGATGAAGATCGCCTGGCGAAAGCCGATCACGAGCACCACAATCGTGGCTGCGAGCCAGATCAGGGCAAAGTTGCGAGAAGTGGAGGAGCGCGCCACGATGGGATTATTTTAGCGCGAATTTTGCCATTGCGAGGGATTGTGCTGAAACTGCTTGGGATGAAGCTCCGGCTTATTCGGCGTTAAGGATCGTGTCGAACAGCAGAATGCAGACGGTGGTGTAGATGATGTCGTAGCCGGCGAGCTGGGTAATCCAGGAGCGGACATACAGAGGGTCGAGTTCGGCCGTGATAACACCTGTAGTGGCCTGCACCATCATGAGGATAGCCGGAATCGAGAGTGGTAGAAGGATCAGGGGAAGCAGAAGCTCGCGGTTGCGGGCTCTCAGACCGAGTGCGGCGAAGAAGGTTCCGTTGACGACCAGTGCCCAGGTTCCGAGCGGGAGGATCAAAGCAAGGAGCCAGGCGTTTCCTAATATATGCAGGTTGAAGAAGATGACGAAGATGGGGCTCAGGATAGCTTCAACGACGAGGACGAACACCATATTCGCGAGCGCTTTGCCCACGAAGAACGATGAGGCAGGGGAAGGAGCCATGCGTTGGGCTTCTATCACTTGATTGCGTTGTTCGCGCGCCCAGGACTGGTTCAGTGTCGTCATCGAGGCGAAGAGAAGGGCAACCCAGAGCAGGCCACCGGAGATCTGCCGGGCGGTGGTCGGATAGGCCGCCGGGTCGAAGGCGATGGAGAAGACGACCACCATTAACAGCACAAAAAACAGCATGCCGTTGATGGAATCCCGCGACCGCCACTCGAGCCGGAGATCCTTACGCAGGTGCATCAGGACGCAGGTGAGATACCTCAATGCGCGTCTCCCGCAGAAGCCTTGGTCAGGTCGGCAAGCGTGGACTGGGAGGCTCGCAGGTAGTCGGCAGGCGAGAGGATAACCTGCAGGCCGCGCTGCCCGGCCGAGACGCTGATGACGTCGAAGAGTTCAATGGTTTCGTCGGCGAAGGCAGGGAAGGATTTCTTCGCGCCCATGACGGTCACGCCGCCGCGAATGTAGCCGGTGAGGGGTTCAACGTCTTTGAGCGAGGCCAGTTCTGTCTTTTTGGCTCCGGCGGCAGAGGCGAGCTTCTTGAGGTCGAGCTCGGCGTCTCCGGGGATGACCGCGAAGAGGTGCTCCCCCGTGTTGGTGTGGGAGAGCAGCGTCTTGAAGACCTGCTCTGGCGGAAGCCCGATCTTGCGCGCGACGGAGATGGCGGTGAGATCCTCGGGGTCTACCTCGTAGGCGCGAAGTTCGTAAGAGATTCCGAGCGAGTCGAGCAGGCGGGCAGCGTTGGTTTTATTGGGTGCGGCTGGCTTCATCCGTTGCTTCCGGTGGAGAGGTCGATTGCCTGACCTTGGCGCATGGTAAGAGTACGGTCCGCAAGGGGAACGGCAAGCGAGGCCTGGTGCGTGGTAAGGATCAGGGTGCGTGCGCCTCCCCCGGCGACAGGCCAGGTGCGAAAGTCGGCGAGCAACTCAACAAGGTGACCGGCGCTCGAGACATCGAGGTTCGAGAAGGGTTCGTCCAGCAGAAGAAGCTCGGGGTCGGTCTGAAGGACGCGTGCAAGGGAGGCGCGCTGCCGCATGCCCTGAGAATACTGACCGACGGGGCGGTTGAGTGCGGGGTCCAGGCCGACGGCGCGCAGGGCCATCTCGGGCGAACCGACGCACGCGCAGCTATCGCCGCGATGCAGCGCGGCGAAGTAGGTGAGATTCTCCATCGCGGTCAGCTCGTCGTACAGCATGGTGGAGTGGCTCATGTAGGCGATGCGGTGACGATGCTCGTGGGGAGA
CP048114.1_gap10	313160	316721	3561	TCTGGCTGACGCCGAGCGCGAAGCCCATCGCGGCGGAGACTCCGATGGCCGGCGCACCGCGGACGATCATGTCGCGGATGACGGTTGCGACCTGCTGGTAGTCGGTGGCGAGGACGTAGGTCTCCTCGAGAGGGAGCTTGGTTTGATCGAGGAAGTTAACGCCTTCAGGGAGCCATTCGAGGGTGGGAATCATGTCTCTCTTAGTTTATCGAACTCAGGAGCGTATGGGATCGACCCAGCGAAGGCGGCTGTCGAGCCCGGCGTTCCAAAATGCTTCCTGGATGACCTGCCGGGACTCGGTGAAGTGTGCCCAGCCCTCGAAGTGGAGGGGCACGATAGTGGCCTCGGGCATGGCCTTTGCGACCTGGATGGCGTCGTCGGCGGTCATGGTCAGCGGTGCCGGGCCAGCAGCTTGGACGCGTGCCGCTCCCATGTTGAGGACGGCTATTGATACGGGAATCCAGCGGGCGACCTCGGCGACGCCTTCGTACCAGACCGTATCTCCGGAAAAGTAGAGAGCACCTTCGGTGGGGTCGTCCTTGGGGCGGACAGCGAAGCCGACGACCGGGCCGCTCCGACCCTCGCAGCCGACTGGGCCGTGTCGCGCGGGGGTGGCCGTTATCAGGAGGGGGTAGCCTTCTGGAGTGTTGATCTCGACGGTCTGCCAGGGGACGAAGCCGACGGCGTTGCCGCCCAGTCGCTTTGCACCTTCAGCGGTGGTGAAGACCGACTTTGCGCGGGACAGCATCTTGCGTCCGGCGTGGTCGAGGTTGTCGAAGTGCTGATCGTGGCTGAGCAGGATGTAGTCGATGGGGCCGAGCTGGTCGACGCTGACCTGCGGATCGCTGATCTTGTGCAGGGTGGTGGGACCGGCCACGTAGTCGCCGCCGGCAGGATCGAAGGTGGGGTCGGTGAGGAAGCGCAGGCCGTGAAAGGTGATCAGCGCGGTGGGACCCCCAACGTAGACGATCTCTGGCTGGCTGCTCATGGCTATTGTCCTTTGAGAGCGATATGTGCGGTGCGGACGTCGGTTGCGGTGAAAACGGAGTAGAACGGGGCGTGCGGCGCGGCGGCTTCGATGTTAGCGCGACCGCCTTGTTCGCGGTCAACAAGGCACAGGACGCCGATGACGTTCATCCCGGATTCGCGGGCGGCCTCGATGGCGGTAATGGTGGAGCCGCCGGTGGTGCAGACGTCGTCGACGATGACGACGTGGGCTCCGATTCTGTGGAAGCCTTCGATGCGGCGACCGGTGCCGTGGGTCTTTTCGGCTTTACGGACGAGAAAGCCGTGGACAAGCTCGTTATCGTGCGGTGCGCGGTGGTGATGTTGATGGTGATGCCACGCGCTGGCGGAGGAGGTGTTCGAGACGAGTGGATCGGCCCCCATGGTGAGTCCGCCGACGGCGGCGGTCTGGGGAAAATGCTGGCGAATGAGGTCGTAGAGGACGAGCCCGGAGAGACGGCCGCCTTCGGCATGCAGGGTGGTGGTACGGCAGTCGATGTAGTAGTCGGATTTCTGGCCGCTGGCGAGGGTGAAGTCGCCGAGGCGGAAGGAGTGTGTGGCGATCAGGTTGAGCAGGTCGTTGCGGTGATCAGACATATCGGGCTCTGGGCTACCCCTTAAGTATGTATTTGCGCAAAAGGATCTCTAAGTCCGGACTTCCGCTGCAAGTTCCAGAAAAGATGTGTTTCTGGCTCCAAAGCCATGAAATCGAAGAGCTTGTGTTGCCGCCCGGATACAAATTCCTGCTTACGAAACTGATACCAGTATAGCGGTTGTGGGAAGGCGATTCGGCACCTACAGGAGATTGATTCTGCGGGGTTTATAGAAAGCGCTTTTGATATCGTTCCGATGGATTCTCCTGCAGCGGAGAATCCTCGCGAAAGGAATGATTGGAATAAAGATGGCGGATTCCGGCGGGAAGTAGCATGATGTCACCTGTCAATGAAGGGCGCGTGCCTTCGCTATCTCTTGGCCGGCTTTCGGTTTGCGATGGCTTTTGCGTCAGTAAAAGGAATGGGCCAGCTTTCCTGAAAATTCTGAGATAAGGAGAGATCCTGATGTTGCTGCCCAGGGTTGGTTTGGTTTGTCTTGTGGTCCTGCTTTGGATGATGGCAGGGACGGGGGCTGTTGCTGAGGGGAGAAGAGGGTCTCTTCCGAACGGCGGACACCAGGCGTGGACGGCAGCCGATGAGGTCACACTGGGAGGCCAGGTGACGGAGGTCCCAATGAAAAGAGTGGCGGGCGCACCTTTAGGGCTGAACTTCGCGATGAGCGGATCGCAGCACAGCCTGATGGTGAATGCGGGTGCGAACCTGAGCGAGATGATACGGAGCCGGATCAGGGTGGGTGAGACGGTGCGGGTTACCGGCGTTGTACGGTCGGTCAACGGACAGGAGTATCTGCTCGTTCGGACGCTGGTAGTTGGAGGGACGACGGTCCATGTGCGAAGCCGGAATGGATTTCCGGTACGGGAGATGGGGTCCGATAGGCCACGGCCGCGAACGGTGAAGAGCGATCTGAAGGGAGGTGCGCGATGAAGAACGCGCAGAGCTTCTTTCACATCGAAGGAATCCCTAAGGTTGAGCTGACATCCCAAGCCGCAGATCCTTCGACTTCACCCTTCGGTTCGGCTCGCTCACTCAGGACTTCGCTCAGGATGACACGTTCCAGGCAGATATGTTTGGCGGCAGCGACTGCCGCTGCGTGTTTTGTGAGTGGGTGCGGAGGGTCGGGCTCAAAGCCGGCTCCTCCGGCGATTACGGTTTCGCTGGCATCGCCGCCGTCTACCCTGACGGCGAACAGCCAGGCGCAGTTGACGGCGAATGTGGGCAACGACAGCGCGAATGGAGGAGTGAAATGGACGGCGACGTGCGGCAGCAGCGGAGCTTGCGGCTCGTTCAGCAGCGCATCGACGGCCAGCGGAGCGAGTACGACGTACACGGCGCCCGCGGCGGTTCCGAGCGGAAATACGGTGACGGTGACGGCGACGTCGGTCACGGATGCCAGCAAGTCGGCGACGGCGATGATTACGATTACAGCCGCGACGGGTCCGATGCTGGCGGACGGCACATATGTGTATCACCTGGCGGGACAGAATGCGAATGGGCCGTTGTTTCTGGCTGGGGCCTTTACTGTGGCGAGCGGAGGGATCACCGCAGGAGAGCAGGATTTCTCCGATTCAGCAGCCGCTTACAGCAACTCGATTACATCTACGGGGAGCGGAGTCTCGATGGGGTCGGGAGGCAATGTGCAGGTGGCTTTGGCGACAGGGAACACGAACATTGGCGACAACGGCGTGATTACGCTGCGCGGAACAAAGACCTCGGCTACACGGGTGCTGATCTCGGAATATGACGAGTATGGCGTAGGGACGGGTTCGATCGACCTGCAGACGAGTACGGCGGCGCCTGCGGGAAGTTATGCGTACCTGGTCTCCGGTGTGGGCTTCGATACGAACGGCGACGCGATTACAACGGGGATTGGGGGCGTGTTGAATATCAGCGGGACGACAGTTTCGTTGAGCAACAGCGTCTTCGATCTGAACTTCGGGTCGAC
CP048114.1_gap11	321057	322030	973	GCATCGGTGACGGGGAAGGGGGTTACCGGTGTAGTGGACAGGCGGCGGGTTGCTATTGGGACACAGGCGTTATTGCGCGATGACGGTGTGGAAGCGAAGGCTCTAGAAGAGCGTGCCGAGACGATGAGGCGTGAGGGCCAGACCGTGATGTTGGTCGCGATGGATGGGAGCGCAGCGGGAGCGATTGCGGTGGCCGATCCTCTCAAGAGCTCGTCACCAGAGGTGGTGAACGAGTTGAAGAAGAGTGGATTGTCGGTCGTGATGGTGACGGGAGACAACCGTACGACGGCGAAGGCTGTGGCCAGCAGACTGGGGATTGCATTTGAGGCGGAGGTCTCTCCCGAGGGGAAGGCGGAGGTGATCCGGAGGCTGCAGCGGGAAGGGAAGATTGTGGCCATGGCGGGGGACGGCATCAACGATGCTCCCGCTCTGGCGGCTGCACAGGTGGGAATAGCGATGGGAACAGGCGCGGATGTCGCGATGGCCACGGGAGGAATCACACTGGTGAGTGGTGATCTGCGCGGCCTGCTGCGGGCGCGGCGTTTGAGCCAGCGCACGATGCGGAACATCCGGCAGAACCTGTTCTTTGCATTTATCTATAACGCGGCGGGTGTGCCTCTGGCGGCGGGTGTGCTGTATCCGCTGTTCGGGTGGTTGTTGAGTCCGATGGTGGCGGCTGCGGCGATGAGCTTCAGTTCGGTCTCGGTGATCTCGAATGCGTTGCGGTTGCGGCGGGTGAGGGTGTAAGGAAGAGGCCTTCGGGGGTTGAGGAACCGCAGATCCTTCGACTTCGCTGCGCTCAGCTCAGGAGGACACTTTATAGATAGGAGCAGAGATGGGTATCTGTTAGGGCGTTAATCGTGGATCGATGCCTCAGGCATTGGGGGTTGCACGGACAAAAGACAGGGATTCTTCGGCTGCGCCTCAGAATGACGACAGTGAGATGGACGACAGTTGGTTACAGTGAACTTTA
CP048114.1_gap12	465295	468102	2807	CAGGAAGGGCGTGAGCCGCCGAACCGTGCGTGAGACCGCTCGCTTCAAGGCCGGATCGGATGTGTTAAGGATTGCGGGCGCAAGATTCAAAGCCGGCCTTATCCCTTCCTTACGGCAGATTGCAGAGATTTGCGGTTTTTACCGTTCATCAGCTTTTACATGGGCTTGAAATGCTGAGTCAATTGCCGGCTTTGCGCCTTGAGGCGCTATACGCGTGGTGACCTGTACGCGGAAGCGGCGTTTTCGGTTAGGATGGCGGGCATGAATACTCTCAATCGTCGTGAACTCTGTATCGCTCTTTCGGCTCTGGCAGCGGTGGGTAGTTTTTCGCAGGAGGGGGAAGCGCAAGCGAGGTCGAACGAAGTCCTGTCGCAGTCGCACTCGTGGACCTTCGATGCGTTGCCGGTGAAGCACAACTCAAATGGCGGGGCGAGCCGAGCCGTGGTGCAGGGCGTGCTGGCGACCGGGGAAGCGGTGGAGGTGCATGAGACGACGCTGCCTGCGGGGCAGATGCCGCATCCTCCGCATAAGCATCGGCACTCGGAGTTCATGTTTATCCGCGAGGGCGATCTGGAGTTTCAGAACGACGGCAAGCCGGAACGGGTTGGACCGGGCGGTGTGATCTTTGCGGCTTCGAACGTGATGCACGGGCTGAAGAATGTAGGGACGACTCCGGCGAATTATTTTGTGATTGCGATCGGGAGGGAATCGATGGCGATGACCCCGGTGGGTGGGGCGAAGTAGTCAGGTATCTGTGTGTGATCTCGCGGGGATACGGCAAGGCTGAAGCCGTGCCCCTAAGCGAGACGGTTCGGGTTTTTGTGCGAATGCTCCACCTTAGCGACAAGGGCGGCGAGGCCAAAGAGGAATCGACGCATGAGGGATTCTCCTGTTGAGTACGCTCAAAAAACGTAGAGATTTGCAGGAGTGGCGTCAATTCCACGGCGCAAGGAGAGAGGATTCGCGCTTCCACGCGAATGGCCCACCTTAGCGACGATGAAGCTGTCGCGAAGATGGGGCACCCGTTTTGTAGCGCATAGATTAGTCGCGTTGTAGCGCATAGATTAGTCGCGGACGCGGATGACGATTTTGCCGAAGGCTCCTTCCTCAAGCCGGTCGAAGGCCTTGCGGGCGTCGTGGAAGGAGTAGACGGAGTCGATGACGGGGCGGAGCTTGAGTTCGTCGAACTTGCGCAGCATGTCTTCGAGCGCGCGGCGAGGGCCTACGGTAATGCCGCGCAGGACTCCGAGCTTCTGAATCATGCCGAAGAGCGGGATGGTAGCGTCGAAGCCATCGATGATTCCGATGATGGAGATCTGGCCTTCGGGCCGGATGGCCTTGATGGAATGGGCGAGGTTGGGACCTCCGACAACCTCGAGGATCTGGTCGACGCCCTCCTTGTTGGTGATAGCGAGGGCTTCTTTTTCCCAGTCGGGGTGAGTTTTGTAGTTGATGGTGTGAGTAGCTCCGAGAGCCCTGGCGCGCTGGAGCTTTTCGTCGCTGGATGAGGTGACGATGGTGGTGGCTCCAAAGGCGTGGGCGATCTGGAGACCGAAGAGGGAGACTCCGCCAGTGCCTTGAAGCAGTACGATCTGCTTGGCGTTGAGGCCGCCTTTTTCGACAAGGGAGTACCAGGCGGTGAGCCCGGCGCAAGGAAGCGCGGCGGCCTCGTCGTTGGTAAGGTAGGACGGTGCGAGGGCGAGGGCCTGCTCAGTGAGGACGAGGTACTCGGCGAGGGCGCCGGGAATGACATTGCCCAGCGTGTAAAGAGATTCCTTAGAGGTGGGAGGTCCGTCGATCCAGCGAGTGCAGTAGTTGGTGACGACGCGGTCGCCGGTCTTGAAGCGCGATGTTTCGGGACCAAGAGCGACAATCTCGCCGACTGCATCGGCGACCTGGGTCATGGGGAATTCAAGGTGCGGGTTGTAGTTGCCGTCGTAGAGGAGCTTATCGCGATAGTTGAGTGCGACGGAGGAGATGCGAATGAGAGCTTCGCCGGGGCCCGGTGTTGGCTGAGGGATGTCATTGAGGACGAGGTTTTCTCGTCCGAAGGCCTGAAGCTGCCATGCTTTCATGTCTGGTTCCTCTAAGTTCGATATTCAGTTCGAATAAATTCGAACTATCGTACAATCGAACTATGAATGAGGTTGCGATGCCTTGTCAAGAGATGCTTGCCCAGAGTGGTACGGAGAGTAAGATGCCGGTCTTTTTGCCGAAGGAGCCTGAGAGAAACGATCTGAAGCTGACGGCAGTGTTGTATGCGCTAAGCGATGAGGTGCGGCTGGGAATTGTGCGTCAACTGGCTGAGCGGGGAGAGCAGGCGTGCGGTGTGTTCGAGATCGATCGACCGAAATCGTCGCTGTCGCATCACTTCAGGGTGCTGCGGGAGTCTGGGGTGGTGACGACGCGGAAGGATGGGAAGCAGTTGATGAACACGCTGCGCAGGGATGATCTGAATGCGCGGTTTCCGGAGCTGTTGAAGGCTGTGCTGAGGGAGATATCTGATGGACAGGGAAGGGAGTGAGGAATGAGCCTGTCTTACAAAGAGATTGATTCGCCGGTAGGAAAGCTGAAGCTGGTGGCGAGCGCGAAGGGCCTGGTGGCGATTTTGTGGCACAACGACAGGCCGAAACGGGTTCCTTTAGGTGAGATGGTGGAGGAGCCGGGACAGAAAGTGCTTGTCGAGACAGAGAAGCAGCTCACGGAGTACTTCGCTGGCGAGCGAAGAGAGTTTGAGTTGCCGTTGGATATGCGTGGGACGCAGTTTCAAAAAGATGTGTGGGACGCACTGGTTGGAATACCGTTTG
CP048114.1_gap13	608231	612211	3980	AACTTCTGCACACAGTTGGGATTGGTCGGTTTTTTTCAACATCAGATAATGGCGATCATGGCTGTTTACATTCTGAAAGTCGATGACAGCGCATTGCGACCAGTCATCGAGACTCAGGTGAGAGCTGAGCGATCGCAACTGGTTGCTGGTCAAAAAGAGAGCTTTGGGTTTTGCCTCCGCGCACCGCTGGTAGCGCAGATCGGGCGGCAGGGCAGCAACTGCGCGGCCGTTCACCAGGCCGTCAACATCGCAGATGTTGCCTTGGCTGAAGTAGCTGATGAAGCCCACGTCTCCCGCAACGATCGTCTCTCCGCGAAGAGATGCAAGTCCACTGTTGCGCATCTGTAAAAATGTTTTGGATCGGCCCATCATGGCGTGAAATCCATACCAGGCATCCATCGGTATGATAAGGATCGCGAGCAGGACATAGGCGTAGGTGAAAGCGGTGATGGAACGCGATGCTGGAGCCGGAGCCGGATATTCCCGCTCTAATTCTTCAAGTTCGAGGATATTCCAGACGCTGCTGAATACCAGCGGCCATAGGATATAACGGATACCTTGGATGGCTTGTCCGCGCACGCACGCCAGCACCAGAATGATCCAGTAGCTTGCATTGGCGATCGCCCATGAGAAGAATCGGTCTTTAGAAACACCCCTTTGCGTCATCTTGCGCAGAACGATCACAGCTGAGGCGATGGCAATAATCGTCGTACCGATTCCAAGCATGAACGAGCTGATCGTGACATGGATTACGCCGAAGATGGGAACGATAGATGGCCGGCCGCTCTTTGCCAAAGCGGTATCGGGAAGAAGGTGTCCAAAGCGTAGGGTGATGACGGCCATCACGATCACCGTGCCCGTCAGCAGCGCGAGGGCTCGCCCAACAGCCTGTCCCCGGCTGGCAGAAGAGAAAAGTATCTGTGGTCCGCACAAAAGAAGCCCGACGAGACATGCGAGCATCACCAGTTCAATCCGCATCAGCACGAGAGCGGCGCCAACGACTGGCAGTGCAAACCATCCCCAGGCGGAAGTGGTCTGCGCGCGAGCTATTTTATGGCTGAGAATGGCCACCCACGTGATAAGCAGGAGAGTCAGGCTCGTCTCCATTCCGTCGGTCAGCCATCGAATGGCCATCGGCGTAAGAAAGCCAATCAGAAGCGCGACCGAAAGACGCTTTGCCCATACGCTCGTTTTGAGCCGGCAGCTGATAGACCATAGCGATGCGAGCAAGCCGAAGTAGGCGCAGATCGAAACGATCTTCGGCAGCAGCGGACTGGTCGTCAGGCCCCGCAGGAACGCAAGCAGGCTTACATACAAGAGGCTTGAAGTTCCATAATCCGGATGGACTCCATCGTACGTGATGAGATGGGTTGACCGTAGAAACTCCGCATATCGCAGATGGATCAGAGCATCATCCAACATGGCGTACCGGGTGGTGAAACAGGCCCATGCAAGCCACACAATCACGAAAAACAACCATGTTGTCCGGCTTAAAACCAGTCTGCGCATACGAAAGACAATAGCATATCGATACAAAATTCAAGGGACACAGCATTGGTGCAGTCTATGGGGCGCCCTGCTTTGCTTCAGGTACATGAAAATTCTTCCCCTCGCGATGTTCAGGCTCTAAGGCGGCTTGCTTCACCTGGATTCGATCGGAAAAACGAATGCTCGGTAAGCATGAGATAGTCCAGCGAAAACATGCCTGGTCCAAACGCCACGATCAGCAGAGCCGCAAAGAGGAAGGTAAATGGATCGGCGGCGTAGAACTTGCCCGGATCCGAGAACACCGCGAGCAGCGCCTCACGGTCGGCAGTCCAGTACGCCATGAACATCGAGCAGCTCAGCATCAGCGAAACAGGTCGCGACAGCAGACCCACGATGAGCAGCATTCCTCCAAAGAACTCCAGCCCGGAGACGAAGTGCGCATTCAACGCAGGGAAGGGAATGTTAAGTGACGTGAAAAAGTCCACAACCCGCGCCTGATTGCGCAGCTTTCCCAGCCCCGTCTGAACGAGCTGCCATCCCCAGTACAGGCGGATCGCAAGCAACAACGGGGAACAGAGTAGATCGGCCACACGGCAGAAGAGATCATGGAGGTATGCCAGGCGTTTGAGCGGGTTCATCGTGACTCCATCGTGCGGGGAATGCAGAGCCAGCCCATCTGCATCAGGTAATGAAAGGATGACTGAATGTGCGCCGCTCGATCGCCTTCCGAGAGCGTGCTGGCCGCAAATGCGGCTTCGATAGCTTCACCGAGAGTGTCGCCCCGCTCCAGGGCGCGCAGCAGAAGATAATCCTCCCGCGAGAGGCGCTTGTAGTAGACGGAGTCCTCAAATCGATGGACCGCAAGGTAGATGTGCCCTGGCGCCGGCTTGAGCGAGCGCGTGCGACGGACCAGGTGCATGCTGACCGCATTCGACGCCTGCGCTCCTGCCCCCTGAGACGCATCGCGGACGGCGATCAGCGCATCATCCACTGCGCTTGGGGCCTCCAGCAGGCGAAGATATGGCTGCAGTTCCAGGTGCGAACCGTCGTTCAGTTCGGCAATGTCGTTCGCTGTCAGGGGTGTTCGTCGTTCATTATCGAACGCCTCAATGTGCGCCCACTCCAGTGCGGCCATGGCCACCGCGTCAGGCGTAGACGGAGCAGTGTACTGCGGGTTCTCCTTGAGCCACTCCACCAGTGACGATCCCAGGTTGCGCAGCGTAAAGGACCGCGAAGGGTGCGCCTCAAGGTAGGCGCGCATCAGCTTCTCAAAGTTCCGGCTCCCCACGATCGACTTCAGGCCGGGAAAGTCTTCTTCGAATGAAGAAAAGAGACGGAACCAATACTGCCGGTTGTAGATCTCGAGCCGTTCAAAGGAACTGAGGCGGTCATTGGGCTTGATAAAGGAGGACGCCTCTTTATCGACGGAACGGTTTTCGGCATCGCGCCTGCGCATCTGTTCATCTCGCGTCAGCGGACGCATCACGGCTGCCGCCATGCGCCGTTGCAGCTCGTGCAGCTCCGGCGCGTTCATGCTGTTACCGCCAACGCGGGCTTTTCCTGAGGATTCAGATAGCGATTGGCCTTCAGGGCCTCTGCATGAACTTCCTCAAATGAGGGAATGGAGTCGTCCCATTCCAGCAGCGTCGCCGTTGGCCCGCAGCGTTCGATGGCCCGTGCGTACAACGCCCAGACCGGATCGAGGACCGGGTGATCGTGTGTATCGAGGATGTACTTTTCGAACTTCGAGTGGCCTGCAATATGGATCTGCGCGACACGCTCGGCGGGCACGCTGTTCACATACGTGAACGGATCGAAGTTGTGGTTCTGTGAAGAGACGTAGATATTGTTGACGTCCAGAAGAATGCCACAGTCGGCCTGCTCAACGACTTCGTTGAGAAACTCCCACTCCGTCATCTGCGAGACGTGAAACTCCGCATAGCTGGAGACGTTCTCGACAGCAATCGGAACTTCCAGAAAGTCCTGTATCTGGCGAATCTTCTCAGCCGTGACCTTAACGGCCTCAAACGTGTACGGCATGGGCAGCAGATCGTGGGTGTAGGTTCCATCGACTGACCCCCAGCACAGGTGATCGGACAGCCACGGCGTTTTGGTGCGGCGGACCAGCGACTTCAGCCGTCGCAGATGCTCGCGTGACGGGGGTTCCGCGGAACCGAAGTACATCGAGACCCCATGCTGCACAACGCGGTACTGCTCCAGGATGCTGTCGAGAACCGTCAGCGGGCGCCCGGCGTCGACCATGTAATTCTCTGAGATGATCTCGAACCAGTCGACGACCGGCTTCTTTTCCAGAATGTGGCGGTAGTGCGGAACGCGCAGTCCGATACCCACTCCGTAGTCGCTGAATCCGTTAAATCGATTTGCCGGCATTGCCTTAAACCTCGTGCAAACGTGCGCCCGGTGCTGTATCGCCGCCGCGATCGCCGCTTGCGCAGGCGATACAGCACACCGTTATCGCATTAGTGCTTCTT
CP048114.1_gap14	619868	620927	1059	GTGGAGTGGGGTGAGCTGGACTTCCTCATCATCGACCTTCCTCCCGGAACCGGCGACGTCGTCATCTCACTTGTCCAGACCGTCCCGCTTACGGGTGCGGTGGTCGTCTCTACCGGCTCCAGCGTGGCTCTCGAAGACGCCCGCAAGGCGCTCGAGATGTTCCATCAGGTCAAGGTCGAGGTCCTCGGGTTGGTCGAAAACATGTCCCAGATGACGCTGCCCAATGGTGAGGTCATCGACGTCTTCGGCGCAGGAGGGACCGAGCGCACCGCAGCCCAGTTTGGCCTCGATTTTCTAGGCGCCCTGGAACTCAATCCATCCATCCGCGAAGGTGGAGATCGAGGAATGCCCATAGCGCTCGCAGGACCGGATTCAAAGCTCTCGTCCGAGATCTACGCCGTGGCGCACCGCGTCGCCGACAAGGCCAAGGAGATCGCCTCGAAGAGTGAGAACATCTTCGAGATCAGCTAGGTGTATCGACAAGTTCCGCATCGTTGATCTGCTTTGTTGAATTTCCACCGCTATCACAGGTGTCATCCTGAGTGGAGCGCGCCGGCACGCAGTCGGAGGATGACACCCTCCATGGGGACCGCAAAGTGCCCCCTGCAAGCGTCATTGGGGCCCACACCCCGTCATTTTGAGGCGCAGCCGAAGAATCCCTGTATTTTTTGCAGGATGCCGATGGAGGCGCCTAGGCCAGCCAGACTCACTGCTATCCGTCGGCCACACAACCTGTCTAACAACAGCAGACTTGCTTGACGCACAAGATAGACTGGTCTCGATGGGGGAACGAAATGGCTGAAACCTGGAGAATGACGGCGCGGCAGCGTGTCATTCTCACCGCCATTATCGAGAGCTATATCGAAACGGGAGAACCCGTGGGTTCAGGCACGATCGCCCGTCTCAACCGGGAAGGGTCCGCCATGAGCCCGGCGACCATCCGCAACGAGATGGCGGAGCTGGCCGATGCCGGCCTTCTGGAACAGCCCCACACCTCCGCCGGACGAATCCCTACGGCCCGTGCCTTTCGTATGTACGTGGAGCAATTGAGCGAAGGAG
CP048114.1_gap15	625427	627228	1801	CGTTGCTGGACCGCATGGAGATCATCGAACTGACCGGTTACACCGAGGGCGAGAAGGTCAACATTGCCGAGCGGTATCTTGTACCGCGGCAGTTGAAGGAGAACGGCGTGGATGCTGCAATGATCGACTTCCCGACGGAGAGTGTGGCGCTGGTTGCGCGGCACTATACGCGTGAGGCCGGCGTTCGCAGACTGGAGCAGCAGATCGGCACCGTCGTCCGCAAGGTGGCCCGCAAGATTGCCGAGGGCGCGACGGAGAAGATCACGATCACGCCGGAGGTGATCCATGAGTTCCTTGGAGGCTACAAGGTGCGCGTGGATACGGAGATCGCGGAGCGGACGAAACGTCCGGGCGTGGCGGTTGGCCTGGCGTGGACTCCGGCGGGCGGAGACGTCCTCTTCATCGAGGCAAACAAGATGAAGGGCAAGGGCGGCTTCACGATCACCGGCCAGATTGGCGACGTGATGAAGGAGAGCATGCAGGCCGCGTTAACCTGGGTGCGCTCGAACGCAGCGAAGTTCGGCCTGGAGCAGGACTTCACGAAGGACACGGATATCCATATCCACGTTCCGGCGGGAGCGATCCCGAAGGACGGACCTTCGGCGGGCATCACGATGGCAACGGCGCTGGTGAGCCTGTTGACGGACACGCCAGTGCATCCGTTGACGGCGATGACCGGCGAGATCACGCTGAGCGGCAATGTGCTGCCGGTGGGAGGCATCAAGGAGAAGTTTCTTGCGGCCAAGCGCGCGGGAGTGCGGGACGTGATTCTTCCCCTGGAATGCAAGACCCAGGTGGATGAAGACCTGACGCCGGATCAGATCGATGATGTGAAGATTCACTACGCGACGCGCATTGAAGAGGTGCTGGCGGTCGCGTTGCCGAAGACGGTGCAGGAAGAGGCTGAGGATGAGGCGGTACGTGAGGAGGTTCTTCACGCCTCAGCGTAATGAGAGGTAAGCGTCGAAGAGGCGGTTCGGATTTTCCGGGCCGCCTCTTTTGTTTCGGGGGATTTGGAGAGAGAGTACCAGCGAAAATACAGGGATTCTTCCTCTTCGACAGGCTCAGATCAGAATGACGATGGAGGGAGCGGATAAAGGCGATGATGACGATCGGCCACTCTACGCTGAGTATTGAGGCATTTCTGCGGGCGCTCAAGCAAAACGGAGTGGAAACGTTGGTGGATGTGCGGAGGTTTCCGGGATCCCGGCGGCATCCTCAGTTCAGCCAGGCTGCTTTGTTTGGATCGTTGAAGCAGGCAGGGATTCGCGGGGTGTGGCGCGAGGGGCTGGGAGGTCGAAGGAAGGCGAAGCCTGACAGCAAAAATACCGGATGGAAGAACGAGAGCTTTCGTGGGTATGCCGATTACATGCAGACGCCGGAGTTCCGGGAAGAGATCGACTGGCTGATCGCGCTGCCGGAGATTGCGAAGACGGTTGTGATGTGTGCAGAGGCGGTGCCGTGGCGGTGTCACCGGTCTTTGATTGCGGATGCTGTGCTGGCACGCGGGCTGGAGGTGGAGGACATTTTGGTGAAGGCAGATGGGGAGAGCTCGGGAAAACCGCATAAGATGACGGCGTTTGCTCAAGCGCGGGAGGGAAGGGTGTGGTATCCGAAAGAGCCGGTGTTGTTTGGGTGATTTTTGTGTGGGATTGAGGGTCTGAAGCGAGGAGATTTTGGCGGCGGCACGGGCAAAACGCAGGGATTCTTCGCGTTGCTCAGAATGACGGCTTGCTCTCTGCTACGGTCAGGATGACACTTTCTTCTTTCTCCCGATATTTCTAAAGGCGAAGAATATGTC
CP048114.1_gap16	653275	653790	515	AAAGCGAAGGCAACGGACGGATGTGCCTCACGCTGCCGGAGACGCTGATTACGGTCGCCGGGATCGATAAAATTCTTCCGCGCTATCAGGATCTTGAGGTCGTACTGCAGCTGCTGCCTCGCTCCGCCACGGGCGAGCGCATGAATCCTTACAACTCCCTCTGGACCGGGGTGCGCCCCGGGGATGGCCCGAAGAACTTTCACGTCGTTCTGATGGATAACGCCCGCACGGCTGTTCTGGCCGATGGAGAAGGCCGCCAGACGCTAAACTGCATCCGCTGTGCCGCCTGCCAGAACGCCTGCCCGGTCTATCGGCAGACGGGCGGCCATGCGTACGGCTCGGTCTATGCCGGGCCGATCGGAGCCATCCTGACGCCGCAGCTGCAGCAACTGCACCATGCGCAGACGCTGCCCTATGCATCGTCGCTTTGCGGAGCGTGCTACGAGGTCTGCCCGGTCAAGATCAACATCCCTGAGGTACTGATTCACCTGCGCAACAAGGTGGTGAAGCAGAAT
CP048114.1_gap17	656735	658570	1835	CAATCTCTCGCAGGAGGCCCTTGTCGACCTGATGGCGGGGCCGCCGCAGCAGAGTGTGGAAGGGCAGCGCGTTCGGCAGGAGATCGCAGGCCGTATCCGCAATGTGCTGGAAGACCAGAGGCTGGTCTCGCTGGATACGCTCTTTGCACTCAGCGATGGACTGTCGTCGATGGAGCAGGGTTCACCGGCACAGCAGAACATGCTCGGTCTGGCCGGGGAGCTGCGCGAGTTCGAGCTGCCGCGGCCCATCTTTACCAATAGCGAGAAGATCACCTGGGCGCCGGGCGTGTATTCCACGCATCATGCCGAGCTTCAGATCAAGACCGACCTTACCCGCGTCATCAAGGGACCGGGCACGAAGTCGCAGCTGGAATCTGCGCGTGGACAGCTCTCGCCGTTTCTGCGCGATGCTCTGGTGGGACTGAACTACGCCTACTACGAGCCTCCGGGGGCGCAGGTTCTGCACAACAACTCGTTGTTCGTGCGCTCGCACGACTTCTCCGGACTGACAGTCGTCTCGACAGAGCGCTCCTGGCTGGCGCCCGAGCTGATGGGAGTAGGAACGCCTGCGGGCGGCGGAGCCTACCTGATGGGATCGCTTGCCGACCTTCCCTATGCGCTGGCGGAGACCGAGCAGGACTTTATTGCTCCGGAGAACGTTCAGGCGCTCATCTGGAAGGAGCTTGTGCCCGATCTGCTGGTAAGCGCCACGGTTCCGCGCTGGTGGAGCGTCACTCCGCATGAGCTGCATGCCGTCGCTCTCTACCAGCGCTCCGGGGAGGAGCTGCTGCTGGCCTCCGAGCGCGATGCTACGCTGCGCCAGCAGGTCATCGATGTTCTCGGCAACCGGATGGCGCCGCAGCGTCTGGAGACCCTGGAGAAATCGCTGGTCAATAACGAGGACTCCATCGCTGTTCTCGCGCAGACCATGCCTGCGGATACCTTCTATCTCGCAGCGGAGTTCCGCCGAAGGCATCCCGGGCGGGCCGGAGCATTCGGACCGCAGAATCAGCAACTGGATGCCTTGTGCGCGTCAGATCCTTCTGAGACGTCGGTCGACCGGCTTTCACGCGACTTTGGCGTTCCGCATCCTGTGCTTGCGCGCAGCTATGCTCCGGGTCTGCTCGAGGTCAAACCGTTCCCATCCTTCGGTGGTGAGTCCAGCCGCCTCTTTGGGGAGTCGTGGGAGTCGAGCAACCTGTACTGGGCGCGGCTTGCCGATGAAAAAGGATATGAGCCGGCAGCGCTCAATCGGCTGGTGCCAGAGCTGACCCGGCGGATGAGCGCCAAGATCTTCGCGACCGACCTCGAAGACTGGCCCGCGGTTGAACGCGCCATGCTCGAGGCGGGCGAGGAATTTCGCGAAGGCAAGGTTGCTCCCTTACCGTCCGCAACTACGACAACGTTCCTGCAGGCCCCAGGCACACAGCCGCAGGGCGCTGCTGCAGTGGGAGGGATACGGTGAAGCGAGCTCTTCTTTCGATCATGATCTTGTCCTCTTTGCTGGTGGTGGGAGGAGAACGCAGAACGGCAGCACAGGACGACTCCCGCATCCTGGTCAACGTCGTGCTGGTGCAGCTGAACATCGCCGTCACAGACCGCAAAGGCAACTACATCAGCGGGCTGAAGCCTGAGGACTTCCAGATCACGGAAGACAAGATCCCGCAGAAGGTCGCGACCTTTGAAGAGGGAAATGAGCCGACACGGCGCTTTGTCGCGGGCGGACCCGATGGAAAACTGGTTGAGCAGATGATTGAGCAGCCGGTTACTGAGGACGGGCCGCCTTCTGGTATGCCAGTCTCTGCACCTCCTGTAACCGATGCGGGCCCTCTACC
CP048114.1_gap18	735281	737377	2096	ACGACTTCTGCTTCGTTACCGCGACTTTGAGGAGGTATTCGATCCTGCAGAACTTCGGATCGCCGACGATCTGGTCCCCCAATACCAACTGCTCCGGGGTATTCTTGCGGCGTACTCCGCGAAGGTGAGCTTTGCGTTGCTCTGTGACGGTCGCCGTGCCGATCTTCAGGAGAGCTGGTTTCGTGCACTACAGGCGGTACGCAGCTACAGCTTTCGCAGCCGGTTAAAGCTGGTCACGTGGCAGGAGATAGCGACCTGTGTGCCGGCTCGTCTCAAGAGTTTTTTGAAAGAGAAATACGGCATTATTCCGGCGTGATCGGAAGAACTGATTTGCGTCTCCAGCGCGACGATGCTTCAATAGAATCGTTGCGACGACTCCTTTCCATCGCGTTGCTGCTGATACTCAGCCTGCCATTGGCGTCGCCTCTCTTCGCTCTTAGCGCGCAGAGTGAGGCAAATCTGCCTGCCTGCTGCCGCCGTGGAGGAAGGCATCACTGCATGGGTATGGCAATACAGTCGACGTCTTCCCAGACTCCGAGCGTCCGCTCGTCCGTCGATCACTGCCCGTATTTTCCCGGCGTGACGACTGCGATCCAAACTGGGTGGACGGTGCTTCCGGTTCAGGCAAGTATCTATGCCGGGCTTGTAAGCCATCCTGCCGTCGTTGCCCAGACGCAGTCGATGTGGCGCATCTCGCGCGACCCCTCGCGTCAGAAGCGCGGGCCACCTTCCATCTTCCTTTAATCCCCATTCGTCCAGCGCACGCGAGACATCTGCTTTAAATCCCGCATCGTAAGCGGGTCTTTGCAGCTGTTTACTGTGTGCAAAGCTGGAATCTGCCTGCATGCTTCGTCCCTGAATGTCCGGCATGGAAGGATCGCGGAGTCGGGAGACTCTCTTGGGAGCAGGCATCCCCGCGCAAATAACAGGAAGGCAAATGAGCAGCAGAACGAGAGGGCCGTGGCGAATCAGTGCCGTTCTGACGGTGCTAAGCCTTGTCCTGCCTTTTGTGGCGTTGCTCATCGTCGCGCCGGTTGGGCAGGCCGCCCTGCTTCCCGCCTGCTGCCGGCGGCACGGAAAGCATCAATGCGCAATGCGCATGACAGAGGGCGGCACCGATAACGCCGCATCTTCTGCATCGCCTCGTCTTGCAAGACTGGTTGAGAGATGTCCCTATGCGCCGGGAGCGGTCCCATGCACCCCAAATCCTCTCCTATGGCAGCCTGTTCAGGGGGTACCGTCCGCTTTCATGCAGAGCGGTCAAACGGCCATCTGCTGGAGGCGATCTGCTCGGGAAGTTTTTCAGGACTCTGCCAACCTCAAGCGAGGTCCACCTGCCGTTCACATCTCCGCCTGAAACCATCTTTGGGCCGCAGCCATTTAACCGGGCTGCCAGAACGCTGGAGACATTGTGAAGCATCTTGTAAAGCTGATCGTTGCATTATTAAGTTGCACCGCGCTGTTGGCGACCGCCAGAGCGCAGGAGACCCTTACTACAGCCTCCGTGACAGGCAGAGTCATGGATTCAAGTGGAGCGGTCGTACCGAACGCGATCGTGAAGGCTGTAGCTTTGGCCACCAACCAGAGCTATACGGCGACAACGGACACCCAGGGACGCTTTCGGATCCCATTTCTTGCTATCGGAACCTATACGCTCTCAACACAGCCATCCGGTTTCGCTCTCACGCAAAAACAGATTCAGTTGACTGTCGGGGGAGCATTTGATGTAACGCTTCAGGTCGGAGTCGAATCGACCAGCAGTTCGGTCAACGTAATAGGACAGACGCCGGTGCTCGAAGAGAATCGCAGCCAGATCTCTGAGACGGTACTGCAGGAAGAGGTCAACAATCTTCCCTACAATGGAAGAAACTTCCTCGATCTATCGTTGCTCACTCCCGGCATCAGCCCCACCAATACGGCCAGCGTGCAGACCTTTGCGGAGACCTCTCCTGTTGTAGGACAGGGCTATTCCGTCAACAGCCAGCGGAACTTCTCCAACAGCTTCGTCGTCGATGGTCTTTCTGCGAATGACGATGCAGCGGGCCTGGCCGGAAATTTCTACAGCATGGATGTAATTCGCGAGTTCCAGGTGGTGA
CP048114.1_gap19	738481	739241	760	GCGGCAGCTTCGGGCTGTTCTATGACCGTGTACCGTTGCGGGCGCTGGCAAATGCGTTACTGTCTGCCGGGAATACGATCGATCCCACGCAGGGACGTCTGCTGCAATACACCTATGTTCCGGGAGATGTTGGAGCGCCGGTGTTCCCGGATGTATCGACAGCGCCGAATCCCGGATCGAAGATCAGCTACTCGTTGATGAACCGCAACATACAGAACGCCTACTCCGAGCAGGCAAGTCTGGGAGTGGAACAGCAGCTTGCCCGGAATCTTACCCTTGGCCTCTCCTATCAGCACGTTCGCGGATTGCACCTGTTGTCTTCGCTGAATCGCAACATCAATCCGGACGGAACCAGGCCTGATCCTACACGGGGCAATATCAAACCGTATGATTCACTCTTCGACTCGTACTACGACGGCCTTTCGGTCTCTTTGCTGGAGCGCCCGGCATCGTGGGGCTCTGCCCGTGTGTCGTACACATGGTCGAAGGCGATGGACAATGTCGGTGAGTTCTTCTTCAGCTCACCCATCAACAACTTCGACCTGAGCGTCGATCGCAGCCGGTCCGATGACGATCAGAGGCACCGTCTTGTCTTCGATGCGACCCTCCACACGCCGACATCTCATGTCAGCACGATCACTGAGCACCTGACGCATGGCTGGCAACTTGGAGGAATCCTGCAGTACTATTCCCGGCTTCCATTCAATATCACGACGGGAGGGCAGACGAAGCAGCAGACCACGCAGCGGCCATGCACCTT
CP048114.1_gap20	757602	761008	3406	GATTCCGACGGGAACAAGTGGATACAACCCCGGAGCCCCGGCCAACTGCCTGGGGGCGACGCGACTCGTGAGCGAAGCCACAGGCGGACTCACCTTCCGCGTATACAACAGCCCGCAGTACGGACGGCTACAGTATCAGTTCCAGTACAGCTATTTGCAGCGTACAGCGTGGACCGGCGTCGGAGGAGCTCCGAAGGCTGACAACAATATGTTCTTCACTGGAATGCGTTACTACATTCCATAACCTGAGAGAAGCGGGTAGATGGGAAGAGGGCGTCCCAACGGGACGCCCTCTTCCCATTAAGTAAGCTGCATAAGTTGCAGCCCCTATTCGATTTCAGTCTCAATTGGTCGACCACTTCCAGGCATTTTTGGTAGGCTTCTGGTTGCTGAGATTTGAGACCGAAACGTGACTGCGGCCGGTCGCGGTATAACGAGCTTAATGGTTGGTTTAGAAGAAGTTTTGAGGTGTTTTGAATGCTTGACTCTATGCGGTTATTTCCCCCCGAGCCTGCAGCGCGAAACGTAGCAGAGCGGTTATATGAGACGGTACGCGATCTGCCGATCCTTTCTCCCCACGGGCATACGGATCCGGCCTGGTTTGCGAAGAATGAGCCATTTCCGAATCCGGCTGCCTTGTTTATCCAGCCGGATCATTACATCTTTCGCATGTTGTACTCCCAGGGAATTTCGCTGGAGTCGTTGGGGATTCCACAGGTGGACGGAAAGCAGAAGGCGGACCCGCGAGAGGTGTGGCGGATCTTCGCAAAGAACTACTATCTGTTCCGCGGGACACCGACGCGACTCTGGCTGGATTATTCGTTCAGTACGCTGTTTGACCTGAAGGAACGGTTGAATGCAGACAACGCGGACGAGTATTACGAAACGATCTCCAAGGCGCTGGACACACCTGCGTTCCGGCCGCGCGCTCTGTTCGAAAAATTCCGGATCGAGGTGCTTTCGACGACGGATTCGCCGCTGGATACGCTCGAATACCATAAGGCGATTCGCGAGTCGGGATGGAACGGCAGGGTGTTGCCGACCTTCCGTCCTGATGGAGTGGTCGATGCGGAGTACCTGGGCTTTGTCGAGAATATTGAGAAGCTGGGTGCTATTGCGGGCGAAAATATCGGGACCTTCAAGGGCTACCTGAACGCGCTTAGAAACCGTCGCGCCTTCTTTAAATCGATGGGAGCTACGGCGACTGATCACGGTCACCTGACGGCGAGAACGGCTGATCTGGACAATGCTGCTGCAGAATCGCTGTATCAGAAGGTTCTGTCGGGCAAGTCGACGCCCGAGGAGCAGCAACTCTTCCAGGCGCAGATGCTGACGGAGATGGCGGGTATGTCGGTGGAGGATGGGCTGACCATGCAGCTTCATCCGGGAAGCTTCCGAAACCACAACAAGCTGGTTTATGAGAAGTTCGGGCGTGATAAGGGAGCGGATATTCCTTCTCCTACGGAATACGTTCGCAGTCTGAAGCCGCTGCTGGATAAGTATGGCAACGATTCAAGGCTGACCTTCATCCTGTTTACGCTGGACGAGTCTACTTTTTCGCGCGAACTGGCTCCGCTTGCTGGGCACTATCCAGCCCTGAAGCTGGGGCCGCCGTGGTGGTTCCATGATTCGCCAGAGGGTATGATGCGGTTCCGAGAACTGGCAACGGAGACGGCCGGCTTCTACAATACGGTCGGTTTCAACGACGATACCCGTGCGTTTCTCTCGATCCCATCGCGACACGATGTCGCGCGCAGGATCGATTGCGCGTTCCTGGGGAGGCTGGTGGCGGAGCATCGGCTGGATGAAGATGAGGCTTTTGAGGTGGTGAAAGACCTGACCGTGAACCTGGTTAAGAAGGCTTACAAACTTTAGCCAGACAAATAGATGAAGCAAACAAAGAGCCCGGCTTCCTCCGGGCTCTTTGTTTGCGGGGCATGGGTTTGCACGACCGCTGTTAGGGAAGAACGATTTGCCTTTGACCGCGATAGCGGCTTTTGCTATAACAATGAAAGCGCAGCGCGTTGGTCTGACGACGTGCTCCACAGACACTCCTGAGTAGCTCAATGGCAGAGCATTCGGCTGTTAACCGAAGGGTTGTAGGTTCGAGTCCTACCTCAGGAGCCATCGCCTCATATTTTGTAATAACTTAGGCGAACGTTGGAAGAGAATATACCCAATAATCAAAGTCACTTCTTTTCAGCTCGCCTTTGCGAGTTATAGACCCCACCCCGAGCTTCAGGCACAGGGAGGCTCCTCTGTCCACCCCGGTCGAGATATGAAGTTGGGGTATACCCCAATAACGTGGTTGCTCATCGCATTTGAAACAACTTATATGCGGGACATGCCATGCTAAAGTTCGGCAAGAGCTATCATTGGTTTTCAAGACAGATGACATCGCTCGACTGGCTTTCCAAAAACAAGGAATGGTCTTTCAGCAGTTGGAGCTTCTGTCCTAGCTGCAATAACGGCTGCATCCCCCACTAAATCGAAAGATGATGCAAAACAAGAAGCCGTGATAACGCAGGCTCCCACCATCACTCAAGCACCGGTGGTCAAACGTTGTCACACCCTCAGCCGCCAGCGAACCTCTTCCAGTCAATCCGCAGCAACGACGACCACCCCTATTCGGACTGAACCCGGTCATCGCCGCAAGGAATGTTGGATTCATCCACCCTGATCTATCGGAGGAGGGTACGGCTGGAGTCTGCATCGCGCGTTTTAGGCTTCAAGGCGATCAGCAAGGCTCGATGCAAGAACGCTTTGAAGCTTCGATTGACTTTGTTGAACATCTGGCGGCAAGTGGGATGCCGTATGAGGTTCGAGCAGGGCACATAAACCCGAGGGTAATGGCTCCCGTCGAAACCCTTTGTTTCGATGCATTGGGCTTGAGCTGTTCGCTGTCGATGGCGATGAATCCTCTCTCGAAGAGGCAGATCTGCATCTGAATCAAATAGCTGCGGGACACCATTACAAGTAGCTGGCATGATGGTGCAGATACGCGACATGCAAGGAGGAAAGGGCCGAAAGCGATTGCGTTGGAGCCAATCGAAATGATCTTCAGCGACAGAACGGATGCCGGTCAGAAACTCGCAAGGAAATTGCTGCGATATTCCGGGAGGCAGGATGCGGTCGTTCTGGGAATCCCGCGAGGGGGTGTTCCTGTTGCGTTTGAGATCGCAGAGGCTCTGCATCTGCCGCTGGACGTTTTTCTTTCAAGGAAGCTGAGTGTTCCCGGCCATGAGGAGCTTGCATTTGGCGCCATTTCTGCGGGCGAGGGGCGTTTTCTCGATCAGCATATTGTGCAGACCATGGGAATTACGCAGGAGCAGATTGAAAGCATTACGCAGGACACGAGAAAGAAATTGGAGGAGCGTGCTCAGCTGTACCGGCCCAGCCAGCCGGA
CP048114.1_gap21	891379	894422	3043	CCGTTGCCTTCAGGTTGTCGTAGGGGGAGTAGGAGCGCATGTATTCGAACGCTGCCTGCTCGTTCGGATTGCCCCACTCTTCGTACTCCGCTACTGTCAGCGGCAGGGTGGCATCCAGCATAGTGTTCATCACGTCGACGAAGGGGACATGCGACAGGACCACACGGAACAGGTCGGGGCGTTCGTTGACGACAGCGCCCATCAGCAGACCACCTGCACTGCCTCCTTCAATGGCAACCTTATCCCTGGCTCCGTACCCCTGGGCTACGAGGCCTTCGACGATGGCAATGAAGTCGGTAAAGGTGTTTCGCTTCACCATCATCTTGCCGGCGTCGTGCCACGCGTCCCCCAGATCTCCACCACCGCGAATATGGGCGTAGGCGAGTACCAGTCCGCGATCAAGCAGGCTGAGCCGTGCCGGGCTGAAGCCGACAGGAAGCGGATATCCATAGGATCCATACCCATAGACGTAGATTGGACTTGTTCCGTCTTTATGGAATTTGTCTCTGTGGTAGACGATCGAGACAGGAACCTTCACTCCATCGGAGGCCGTCATCCATAACCTTTCGGAGGCATAATTCGCCCGATTGAACCCTCCCGGAATCTCCTGTTCCTTCAGCAAAGTTGAGGTTCCAGCCTCGACGTCGTAATCATAGACGGATGCCGGAGAGACGAGCGACTGATAGCTGTACCGGAACTTCGTCGTCGCGAACTCGCGATTGACGTGGCCCATGGCAGTATAAGTAGGTTCCGGAAAGTCGATCTCCCTTGGAGCCTGAAGTTGATTACCACTGTCAAAGGGTGCAACTGAGAGAGTTGTCAACCCTTCCGGGCGCTTGGAAAGAACGCAGAATCTGTCGAATACATCGAAATCTTCAAGTGGAGACTCTTTGTCTTCCGGAATGAACTCCGACCATGCTTCCCGTCCACCTCCATCGACAGGAACGGTTACTACGCGGAAGTTCTTTCCGGTATCGTTGACCCGGATATAGAACAGTCCGTGGCGGTGATCGACATAATATTCCTGATCATCCAGCCGGGGGGCGATGACGAGAAAGACGCCTCCGGGGGTGTCTGCGGGGAGATAACTGCATTCATTGGTTGTATGGCTTCCCGCCTCCATCAGTAGATATTTGCCGTCCCGCGTCTTTCCGACTCCGAGATTGAAGCGCTCGTCACGTTCCTCGCAGATCAGCGCATCGTCAGCTGCAGGATCTCCCAGTCGATGCCGGAACAGCTTGTCGTGACGCTTCGTGACCTCGTCTTCGGTGGTATAGAAGAGCGTCTGGGAATCTTCAGCCCAGACCAGGGAACCGACGCGCTCCGCAGTATCGGGGTACTCCGCTCCGGTCGTGAGGTTCCGTATGTGAAGCGTGTATTGGCGAAAGCCGGTGTTATCGGTCGAGTAGGCAAGCTTCTCTCCATCCGGGCTGACACTCATGCCTCCGAGGGCCATAAAGGCCTGTCCCTCGGCCAACTGATTTACGTCGAGAATGACCTGTTCCGGCTCGCCGGAATCGTAGTCGCCTCCAGCGGCCCTGCGACGGCAATGAATCGGATACTGGCTGCCTTCTACTGTTCGGGTGTAGTAGTACCAGCCGCGCTCGGGGAAGGGGACAGACTCGTCGGTCTCCTTGATGTGCGACAGCATCTCTTTGTAGAGCATCGCCTGCAGACCTTCGGTCGGTTTCATCATCGCCGACGTGTATGCATTTTCAGCCTCAAGGTAGTGGATGACTTCGGATGATTCCTTGGACCGCATCCAGCGATAATCATCCTCCAGCGTATAGCCGTGGATCGTCGTCGGCGTGGGTTCGCGGCGCGCAATCGGCGGAGTGAGAGTTGAAGAGGGGATCGTGTCGATGTTGCCAGGCATGGGGGTCGGCTCGGTTGTCTTTTCCATTGCTCAGAAAAGGATACAGCGTTCAATTCCGACGTGCGGGCAACCTGACCGGTGCTGTTATGCATTCATGAAGGAACAAGAATCGGTTGCATCATGGTGGTTTAGGGCTAGAATGATGCCGCCGAAGGAGGCTCCTCTGATGAAGGCTCTTGTTCTTCCTGTCGTTGCTCTTTGTTCGTTGATTCTCCCCGCCAGCGTGTCGTTCGCCCAGACCGATCCGATGGGGCAGGTTCCGGGACAGAATCAAGGAAATCAGCCAGGCCGTCCGGCCTCTCCCACCCCCTCCATGATGGATTCCAGCGGAGCACCGAACGAGACCCCGCAGCAGATCAAGGACAAGATGTTTGTCCGTGAGGCGATCGAGGGCGGGTTGGCAGAGATCGCTCTTGGAAACCTGGCGACCCAGAAGAGTACGAACGATGATGTTCGTGCCTTTGGCAAAAGGATGGTCGAGGATCACACAAAGCTCAATCAGCAGCTTGTCCAGACGGCGGATGTCATCGGCGCCCGAACACCTAAAAAGATGGGTAAAAGTCAGCAGGCGCAGTATGACAAGCTGGCTGCATTGTCGGGTGATGACTTTGACCGGGAGTACATCACTCTTATGGTCAAAGATCATCACAAGGATCTTCGCGAGATGCGAATGGAAGCACGAACCACTCAGGATGCAGATCTGAAGGCTGTTCTTGGCGATGGTGCTCCCATCATCCGCGATCATATGGTGTCCGCGGACCGCATGGCGCATGAACGCGGAATCCCGATGCCCGGCCATCGGCACCATCCTCCCGAACCGGGTATTCCCGTACCGTCACAACCGCCGCAATAGAGTTGGAGCGACCGTCTTTCTGAATCCGTTCCGGCAATGTGCGAAGCGTAGAATGAGTGGGATATGATCCGTGTTTCACGATGGTTGGGAATAGCCTTACTGCTCCTTCTGCCGATCGCCCTGCCGGCGGAATCGGTCAAGTCCCTGCCGGCCCCAACCGGTTATATCAATGACTTCGCTGGGGTCATCTCGCCCGCGACAAAACAGCAGATGGAGGCCCTGTGCGGAGCAGTCGACCGGCAGGCACACGCCCAGATTGCAGTTGTAACCATCAAGACCCTCGACGACGATCAGACGATTGAGGAGTTTTCCAC
CP048114.1_gap22	1013286	1015551	2265	CTGATTCCTGGTAAAGGTATTTGAAAGGAAAGAGTTTAGTTGGATCGGAGCTGATTGCGCAGGCATGGATGGATGGTCGGATCTACCCGGAAAGCGGCACCACGCGAGATTCCCCGTGAAAGGGTGTTTTAACGTTTATCGCGGTATACTTAAGCGGTGACCACCACGACAACCCTCGATCCTGTAACCACCTCTGAGATCAACTCCCCAAGGCAGACCAAGCGGGTTCTCCTGCTCAAGCCTCGTGGCTTCTGTGCGGGCGTTGTCCGCGCCATCGATATTGTGCGGATTGCCCTCGAAGCCTTTGGTGCGCCAATCTACGTCCGAAAGGAGATCGTGCACAACAGCTATGTCGTGAACGATCTGGCCAAGAAGGGCGCCATCTTCGTCAATGAGCTGGATGAGGTTCCGGAAGGTGCAAGGGTCATCTACTCCGCCCATGGCGTCTCGCCTGCCGTGCGTCAGCGTGCGAAGGACCGGGGCCTCAAGGTCATCGATGCCACCTGCCCCCTCGTTACCAAGGTGCATGTGGAAGCGATCAAGTTCGCCAAACAGGGCTACTCGTTGGTTCTGGTCGGACATCGCGATCATGAGGAGGTCGAGGGAACCCAGGGAGAGGCTCCAGAGGTAACCCAGGTCGTCTCGACGGTGGAAGAAGTCGAGGCGCTGATCGTTCCGGACCCGGACAAGGTAGCCTATCTCACCCAGACGACGCTCTCGCTCGACGAGGCGAAGTACATGATCGATGCCCTCAAGAAGAAGTTTCCAAACATCGTAGGCCCCCATGCGCAGGACATCTGCTACGCAACCGAGAACCGCCAGACGGCGGTGAAGAACGTCGCGCACGGCGCAGACGTCGTTCTTGTTGTAGGATCGCGCAACAGTTCGAACTCCAACCGCCTGGTGGAGGTCTCGCAGAACCTTGGTACCAACTCCTACCTGATCGATAAGGCGGAGGACATCAAGCCGGAGTGGCTGGAAGGAATGAACGCGGTCGCTGTGACCGCAGGCGCATCCGCTCCCGAAGTGCTGGTCCAGGAGGTTGTTACCTACCTGCAGGCTAAGGGCTATGGCTCGGTCGACGAGGTCGAGGTAATGCCCGAGAACGTGCGTTTTGGTCTTCCTCCAGAGATTGTTCAGGCGATCGCTTCGGCCCCGCAACCCGCGCAATAAGGCGGAAAAAGGAGTAACCGCTTCTCGCTGTTTTGGTGGTTAGCGAGGCCGCGGTTCCAGAGAGTCGTAGATGAGCAAAATTTCAGAGAACCCGCAGAAGCCGGACCAGCAAAAACAGCCGCGGTTCGGCCGGTTGGATCTTGCCTTGCATCAGGTGGCCGAAGGCATCCGCCGCTCCAAGGAGTGGCTGCTCGGACAGCAGCACCCCGACGGCTACTGGTGTGGAGAGCTCGAGGCCGACGTGATGCTCGAGGCCGACTACATCTTCATGCACAAGCTGCTCGGGACAGGAGACCCTGGGAAGCTGCAGCGGGCGCTTAACGAGATTTTGCGGCACCAGAATGAAGATGGCGGCTGGAGCCTCTATCCTGACGGACCTTCCAACATCAATTACGGAGTCAAAGCCTACCTGGCTCTGAAGCTGATGGGCTGGTCTGCGGATCACCCTGTCCTGGTGAAGGCCCGCGAATGGGTCCTGGCAAATGGCGGCGTGGTCGAGTGCAACACCTTCACCAAGATCTATCTCTGTGCGCTTGGGCAGTATGACTACGATGCCGTTCCTGCAGTTCCGCCTGAGATCGTCCTGTTTCCCAATTGGTCTTACTTCAACATCTACGAGATCTCTTCCTGGTCGCGTGGAATTCTGGTCCCGCTCTCGATCATCTACGCCAAAAAACCGTTCAAAAAACTGCCGCCCGAGCAGTGTATCGATGAGCTCTTTGTGGGTGGCAGACAGAACGCCGATCTTCGCCTGCGCTGGGATAGGAAGAACCTGATCGGCTGGAGGAACTTCTTTCTCTTCACCGACCGGATGGTGCACTGGTTTGAGCGGGTCCACATTCGTCCCCTGAGGAAGGTGGCGATTCGCCGGGCAGAAAAGTGGATGCTGGCTCGTTTTGAGAAGTCCGATGGACTGGGCGCGATCTATCCGGCGATGCTGAATTCGATTGTGGCCCTCCGCTGTCTTGACTACTCCTTCGATGACCCGCAGATGATCCGGGCGATGGACGAGTTCGAAAAGCTCGGCATCGATTGCCCTGAGGGAACACCCGACTACCCGACCCCGACCTTTCGGATGCAGCCCTGCTTCCC
CP048114.1_gap23	1207801	1208353	552	TCAGAGCTGAACCGGCCTGCGCTCATTCTGGCCCATAACAAGACGCTCGCAGCCCAGCTCTACCACGAGTTCAAGCAGTTCTTCCCCAACAACGCCGTCGAGTACTTCGTCTCCTACTACGACTACTACCAGCCCGAGGCATACATTCCCTCCGGCGACCTGTACATCGAAAAAGAAGCAACCATCAACGAGGAACTGGACAAATTGCGGCTCTCCGCGACCCGATCCTTGTTTGAAAGACGGGACGCCATCATCGTCTCCTCGGTCTCCTGCATCTATGGCCTGGGCTCGCCCGAGGCGTACTACGGCATGCTGCTGATGCTCGAGAAAGGCCAGCGGGTCCGACGCGAAGACATTACCCGACGGCTGGTCGAGATTCTCTATGAGCGGAACGACGTCGACTTTCGCAGAGGAACCTTCCGAGTCCGGGGAGACGTCATCGAGGTCTACCCGACCTACGATGAGAACGCCTATCGGATCGAACTCTTCGGCGACGAGATCGATTCCCTCTCGCAGATCGATCCGTTGTTCGGCTCGGTCAAACAGAAATAT
CP048114.1_gap24	1243613	1248140	4527	CATCTTTTCGGCTGCGGGCAACCTGGAGCACGAGAGCTTTGTTGCAGAGGTGGCACGGCGCTTTGGAGAACTGGCCCCCGGTTCGAGCCAGCCTATTCCCCGGCGGGAGGCTCCTGTTTCGACCCCGCACATTACGCTCAAGCGCAAGAAGGCACTCGAACAGGTCCAGCTCTGCCTGGGAGTTCCCGCTCCCGCCATCAGCCACCCTGACCGGTACGGTATCTATCTGCTGAACAGCATTCTGGGCGGAGGTATGAGCTCCCGACTCTTCCAGACCATTCGCGAGGATCAGGGACTGGCTTACTCGATCTTCTCGGAGATCTCTCCCTTCCGCGACACAGGATCGCTCTGCATCTATGCCGGCGTTGCAGTAGACAATACACGGCAGACGATGGAGCTTACCATGCGCGAGCTGCGGCGTCTGAAGCAAGAGGCTGTCAGTGCCGGTGAGCTAGGCCGCGCCAAGGACCAGCTGAAGAGCAATATGGTAATGGGCCTGGAAAGCGGCTCCAGCAGGATGGCCAATCTCGCCAGGCAGCAGATGTACTTCGGCCGCTTCTTTGGTGTTGAGGAGATCACCTCGGAGATCGAAGCTGTAACTCCGGAAGATATTCAACGGCTGGCGCGCGACCTTTTCCGGCCTGAAGCCATGGCCGTCGCCCTGCTGGGAAATCTTGGCGAGATGAAGGTTGACCGCTCGGACATCGATTGCTGATAAAGTTTTGATGGATCGCACTACGCAAAAGACGAGGAAGACGATGAAGGCAGGCCGTCAGGGGTTGAACGACCAAGATCAACACAGCAGCAGGGCAGATAGATTTGAAGAGGGGTTCACCCTTATTGAGCTTTTGATCGTCATGTCGGTCATGCTGATCCTGATGACTCTTGCCGTCCCGCAGATGCTGAAGCTGACAAAGCAGGCGCACGAAACCTCGGCGATTCAATCGGTCCGCACTATCGTCCAAGCTGAGCTACAGTACAACTCCATGTACCCGGGCAACGGATTTGCCTGCTCGCTCTCCCAGCTGGGCGGCGATCCCAAGTCCGGCGCTCCGTCCGCGCAGGCGGCTCAGTTGATCGACGTCGGCCTTGCCACTGGCAACAAGGCCGGATACACCTTCGCTATTACCAACTGCAATAAGGTAACGGTGAATAATCAGGATATGTACACCTCTTATGAGGTGACCGCGGTACCAACATCCGTCGGAAAGTCAGGCGATCGTGGATTCTGTTCCGACGAGAACAATCGCATCACCTTCGATCCAGCAGGCGGCACAAACTGCACGCAGCCAATCCAGTAATGCGTAAGCGGATTCTCCTACTGCTTCTCGTCGCATTCTGCGCGCCGCTCTGTGCCCGTGCGCAGGACGCAGATGTTTTGCTGCGCCGCATCGACGACCATTACAACCGGCTCAAATCGCTTCGAGCCCGATACACCGAGCACTATGCCGGAATGGGCATCGACCGGACCGAGTCCGGAACGCTTCTGCTGAAAAAGCCCGGACGCATGCGCTGGAGCTACGACGAGCCGGAAGGAAAGCTGTTTGTCCTCGATGGCAAGTTCGCCTGGTTTTACTCTCCTGGCGACGCTCAGGCGCAGCGCACCCCGGCAAGCAAGCTCGACGACCTCCGCAGTCCACTGCGCTTTCTTCTGGGGCATACCCAGCTCAAAAAGGAGCTGGTCAACGTCAGCGTCACCGAAGACAGCCACGGCATCCATGTCGCCGGCGTTCCACAGGGAATGGAACAGCGTATCCGGCGACTGACGCTCGACGTCACCGCCTCCGGGCAGATTCAGCATATGAAGCTCGAAGAACTGGATGGCGCGATCACTGAGTTTAGTTTCACTCAGGTGCAGGAGAACGTGCCCACACGAGAGGCGGATTTTGTCTTCTCACCTCCTGCGGGAGTGTCGGTCGTCGATGCGCTCCCTCCTGTATAAGGGCAGCGAGCCCTTTTATCTTCCCTTCACTGAAGACCCGCAGCATCTCCCTATATGCCTTTTCCAGAAACGGAAAGGGGTAAACTTTTAGAAAGCACATTGAAGAAGGGATTGCACGCGGCCGCGGGCTGCGCCATGACGTACAGATAAATGCCTACCTCGACCATTCCTGTTTTTTCCACGGAAGAGTTTTTCTCCGCTGTTTATTCCCTGGATCCCCAAATTGCGGTCTTTGACTGCGACGGCACCCTCTGGTCCGGAGACGCCGGATCTTCGTTTATGAAGTGGTCCATCGAGACCGGACTGGTTTCGCGGGAAGCCGCCGACTGGATCGACGCCCGCTATCGCGCCTATCACCGCAACGAAGTGTCAGAGATTGCCATCTGCGGGGAGATGGTTCAGCTCTACCAGGGGCTCCGCGAGGACGAGCTGCGGCGTGCCGCGCACGATTTTTTTTCCAGCCAGATTGAAAAGAATATCTTTCCCGAGATGCTGAAGCTGATCGAGGAGTTGCGCTCGCGCGGCGCCGATATCTGGGCAGTGAGCTCCACCAACGACTGGGTGATCGAAGAAGGCGTCCAGCGATTTGGCATACCTGCTAACCGTGTTCTCTCGGCGCGAGTCGAGATAAGGAACGGGATCGTCTCAGATCGACTTCTGGATGTACCCACCGACGAGGGCAAAGTGGCTTCCCTGGAACGAGTAGGGATCACTGCCCCGGATGCGGTCTTTGGGAATTCCATCCATGATGCGGCCATGCTGGGAATCGCGCGCCGCGCATTCCCGGTTAATCCCACTGCTGGTCTTATGGAGCAGAGCCACCGGACAGGATGGCATGTTTACTACCCCGCCTCCGTTGCATCAACTCAGGCATAATTTGCAAGGCATCCACCCACGTCTTAGCGTCTAATACAGTTGGAGACAGGTGAAAGAGCCTATTCGCAAACTGAGGGACCAGCAAAACGCTGCTGCTGCGACGAAGCCTGTCAGGCTGGTGGTGGCTGCGCTGATTGTCCGTGAAGCCGAACCGGGCCTGGAAGTGCTCGTCTGTCAACGCAAGCCCGACCAGCCGATGAGCCTCAAGTGGGAGTTTCCCGGAGGCAAGATCGAGATGGGTGAGACGGCCGAGGCCGCGCTGGCCCGTGAACTGGACGAAGAGCTGGGAATCAAGGCGACCATCGGGAGGCGCGTCGCCCGCGTTCGCCATAAATACCGCAATGGTGGAACCATCGACCTTCAATTCTTCCTCGTCCGGGAGTTTGCCGGGCCCATTGAGAACCGTATCTTCAACGATATGCGCTGGTCTGCGCTGGAACGATTGCCGGAGTTCGACTTTCTGGCCGCCGATCTTGGCCTGATCCGCGACCTTTCTGAGGGAAAGCTGATCTAGCTGAGTAGCAACTCTTTGGGATCGTCATTCTGAGTAACGCGTAGAATCCCTGTATCTTGCCCGGAATACCAGAGACGCTTCAGGCAGAAATACGGAGATTCTTCACTGCGTTCAGAATGACGGATCGAAGGATTGAAGCCCGGGGAAAACGACTCTAGTGCGCACCGTGCAGACCATTCCACATCAGCACAACTGACAGACAGATAACGATGACAGTAGTCAGCCACGCTACCAGGTTGAACCACCGCGAGTTGGTGTAGGTGCCCATTAGTTCAGGCCGGTTCACCAGACGAAGCATGAAGATCAGCACCACCGGCAGCAGGATGCCGTTGAGCACCTGGGAGCCGATGATGACGTTGATTAGGGGGAAGTTAGGGATCAGCACCACCGCCGCGCCCATCGCCAGCAGAAGCGTATAGAACCAGTAGAAGAACTTCGCATCTTTGAAGCTCTTGTCCAGGCCGCTCTCGAAGCCGAGTCCCTCACAGACCGTATACGCCGTCGACAGCGGAAGAATGCACGCTGCGAACAAGGAGGCGTTGAACAGTCCCGCGGCGAACAGGATGAAGGCGTACTGGCCTGCAAGCGGCTTCATCGCATCAGCTGCGTCCGACGCCTCTGCGATGTTCCGCATACCGTGCGTGTAGAGCGTAGCCGCACAGGCCACGATGATGAACCACGCCACGACGTCCGTGAAGATCGACCCGACGATCACATCCAGCCGCGAATGCTTGTATTGCCGGACGTCAATTCCCTTCTCCACGATCGAGGACTGCAGGTAGAACTGCATCCACGGCGTAATGGTCGTGCCGATGATTCCGACGGTCATGTAAACGTAGTTTCGGTCGCTCCAGACGCTGCGGCCCGGAACGCGGACTGTCTGCACGATCGCCTCGTGCCAGTTGGGACTGCTCAGCACACCGGCGAAGATATAAGCGATATACACCGTGCTGGCCAGCAGAAAGACCTTTTCGACGCTCTTGTAGTCTCCTTTTACGACCAGCGCCCAGACGATGAACGCACAAAGAGGCACGCTGATGTATTTGCTGACGTGGAACAGCTGCATACTGCCGGCGATGCCCGAAAACTCAGCCATCACATTGCCGAAGTTCACAATGACCAGCAGAATCATCATGAAGAAGGTGATGCGGAGACCAAACTCCTCGCGAATCAGGTCGCTCAGTCCCTTGCCCGT
CP048114.1_gap25	1259359	1259874	515	CGAACAGCCGGTGTATGAAAACGGTATGCGCTCACCTGATTTCGACGAAGCACGTGCCCATACGGTCATGCAGCAGAGGGATTACACGATCCGCATGGATATGGGACAGGGCGACGCAGAGTGCAGATTCATCACCTGCGATCTGACGGCGGAGTATGTCAGGATCAACGCAGACTACTCGACGTAGGCAACGATATCCGGCTCGCTTTCTCACATCAGTTGCACGCATGCCAGAACCAGTCCCAATCCGCGGCCGCAGATTGGGACTGGTTCTGGCGTCAACCGTACGTCTGGTCGGTGCTCTGTCCGACCTCGATGATATAACCATCAGGGTCACGGATGTAGCAGCGGATCTCGCCATACTTGGGGATTGGCGCCGTGATGAACTCCGCTCCGCGACTCTTCCATAGTTCATAACACGCTTGAATATCCGCAACCCGGAAATTCAGAAAGCTATTGATGTGATTCGGGTCGGGAACGCTGAGCGACACCGTTGGTTTATCCGGTGTCGGGCC
CP048114.1_gap26	1261166	1265334	4168	GCTAATTGGTCTCCTAATGCGGGCACGGCGCCGCATCCTGATCGAACAGCTTCCGGTCGAATATCACCAGTTTTCTGGAGCCCGATCAAAGTACTGCAGGTAACATCGTGCCAGGCTTCTTGTGGCCGGCGACAACAATCGCCGGGTTCAGCACGCCGCTAACGGTCCGGGTACTGCAATCCAATTCTTTCGACTTTTGGAAATGGCCCTTGGCCGCTCGCCGACTAACACTTTCCCGTAACGGTAAAGCGTTCACACTCATCGCGGTCGACGCGATGAGCGCGGTCACGCATATGGTACCTTTCAGCCCATTTGCGTCGTCCATCTGGCGCTCCTTTCGAGGTCAGAGCGAGCGATTTTTGCAAGGAAAGATTAGCAGAAGCGCGACGAATGTGGATCGATTCAGATCTTAAGTTGACAATAAAACATGCCAGTACACTCATTGAATTCTGTCGAAAGCCTTATAAGTTCTTCATCGGTTACGGACTATCGATGGTACAAAAGTTAAACTTTGATAAAGTCTTCCGGGAAGCTCCTGAAACGGAGCTACACACTTGGTAGCCACGGAAAATTCTGGATTCCTAATACTTCCCGTTGGTAAATCCCCGCCCCCTAGCAAATAGCGATTCGCTCCTAATAGGCGCTCGTGTAGTTGCATCCTTATTAGTAGCTCGGTTAGTACCTCATTAGTAGCTCGGTTAGCACCTCCCAATCTAGGAGGAATTCCCTTCAGCTCGCCATGCTTTGTGAACGTACTGTTATCCCAAACAATGAATTAAGTGCACAGCAATCACCAGAAGATTGCATATAAAATATGCATCACACCGACTTCGCATGATCCGCTCGGAACATGGGGCGCAAGATTGGTTTCAGGCTTGAAATTCCAGGTACCTCAGTATGGAAAGCAAGAAGACGGTCATCGTAACTGGCGCCTCAAAGGGCATTGGAGCGGCTATTGTCCAGGCTTTTATTGATCGGGACTACAACATAGTTGCAACATCACGTAGCGTTTCCGAGGCCGGTTTCTCATCATCACCGAGTCTCGTATTGGTCGACGGTGACATCAGTCAGGCAACGACAGCCGAAAAGGTCGCGCGGGCCGCGGTAGAGAACTTCGGCTCCATCGATCACGTTGTCAATAATGCAGGCATCTTCTCGGCGAAACCTTTTACGGAGTACACCGCGGAAGAGTTTCGCCGCTTCATGGCAGTCAACCTGGAAGGGTTCGTCCTGGTGACACAGCTTGCAGTCAGGCAGATGCTGTCGCAGGGAAACGGAGGCAGCGTGACAAGCATCACAGCGGCCTTGGCCGATAACCCCATCGCGGGCATTCCGGCATCGATCCCGATGATGACCAAGGGTGGACTGAACGCAATTACCCTAAGCCTTGCGAGTGAATATGCGAAGGACCATATCCGCTTCAATGCGGTCGCGCCGGGTGTAGTAGAGACGCCTCTCCATAAGGAGACACCGACGGATCTTCTGAAAACCCGAACTCCTATGGGCACGATCTCAAGCTCGAAGGACATCGCCAATGCCGTCATTTATCTGACTGAGGCCAATCATATTACTGGAGAGGTGCTGCACGTGGACGATGGTGCGCACGTAGGACGATGGTAGCCGGCAAGCGGTCGCAGTCGGACGGTGCAGAACACCGACTACGGGACCTTGGCATTCAACTCCCAACACCCTCGACGCCGTTTGGCACGTATGCTGAGACGGTGCAGACTGGCAATCTGCTTTTCTTTAGCGGAATGCTCCCGGTTGTTGACCACAAGCCGAAGTACGTTGGCCGACTGGGGAAAGAACTCGATGTCGAGGCTGACCGCGCTGCAACCTATATCGCGGCCTTAAACGTCCTTGCTTCGGCGAAAGAGCATCTGGGCTCACTTGATAGAGTGACTCGCGTCGTTCGATCCTGGCGAGCCGGAACGGTACCGCAAAGATGTGCCGAATGCAGACATTCACATACTTGATGCCGGTCACTTTGCACTTGATACCAAGGCTTACGAGATTGTCGCGCTGGTACGTGAGTTCATGAAGACACAAAAGTAAACACTGTAATCTTTACCTTCGCCTATAAATGTTTTCGCTGTATTGATCTAGTCTTAGCAACGGCTCGGCATATCTCATTGAGCGCGCTGGCACCATCCTTCGTCGCGGTTATCGGTACGGTTGGTTGGGGAATCCAGGAGTCAAAACCGGATGTTGACATCTGATCACTTCCGTTGTTGAGTGGCCTTTTCACTCGCCGAAGATCGGAAGATTCGATCAAGGAAGCACCTCCCATGCTTTTTGAGCCCGCATCGGCTCAACTCATGGCAGAGAACAACAAGAACTGTCGGCGCATACCGCTTCACCGGTGTCCATAATCCGTGAAGACATAATCTTTATTCTTCACGCTTGTGTGGCACGTAAACCCGCAATTGGCGTCATCGCCTTGCGGCGGCTTGTCCGTTAAGTTTGCGAGCCTGAACTTACCGGATGAAGCTTCATATTCGAAGGCACCGTAGCCCCATCCGCCGCTGTCCGCAAATCTCCTGGAGTCCTTCAGCATGAAGTCAACGTCATGCTGAGGACCTGGAACCGTCGGCGCGCCGGGTTCACTAGCATCTACTTTCGCGTTCCAATGGATTTTCGCCATCTTGGCGCCGTCCGGAAAGGGCTTGCCATTACCGGGAATGCCCGTTTTATAGGCATCGATCATCACAGGATTCCCAAGGATTGCCGCAAGCTTATCTCCATTATGGCTAAGGGAAATCAGCGACCAGCCTTCATAGCCTTTGAACTCTGAGAACGCAAGGCCATTCGGTATTTTCAGGGCGTACTTATCCTGTGTGGAGATGGCGGCTTGTGTTTGTGATGGGGCTGCAGTGGAGGCGGATGCAGTGCCTGCTCGAGAAAGATTATGGATATAACGTGCGAGCTTCCAGGTATCGTCTTCGGAGATGTTCGACTTCCAGGCAGGCATGCCTGTGTGGCTCACTCCGTTCTGTATGATCCAAAACAACTCCGCGTCGTTCCAGTGCTGTACGTGGGGCGAATTCAGGTCCATGGCAGGCGGCGACATGTTGCGTCCCACGGTGGTGTCTCCGTTCGCTTCCGCGCCGTGACATTGGGCGCAGGCCCCAAGAAACACTTCCCGGCCCTGGCTCACCACCTCATCCGTCTCAGGCAGCGGGTTCTTCATCTTCCCCGCCGCCAATGGAATGGTGACATCTTTCGCCACGTTGGCAAGGCTGGTTTCTCCCCGGGAAGGCTGTTTGTTCGCCGAGCAACCTTGCAGGAACGTGCCTAGCATCGCACCGGTCACGCCAAGCATCAGCTTGTGTCTTAGCACCCTATCGCGGTCACCTCTGCGCGACCCACGAATCCGCGGCAGGTCCACAACAGCGCTCATGAGTTCAGGCATCGAATGTTCTCCTTTATCAAGAAAGCTTCTAGGCCCGGTACAGCGTGCGTTTCCCTTTTAAATTTTTGATATTCCTGGAACTGGAGTACAGAGGGTGTCCTACTTCTCCCGTCAAGATGCTAACGCGGAGTGGTCCATTTTTACCAGCTATGAGACGAGCTTGAGTCCCGTCACTCCTGCCAGAATGAGAACGATGCAGAACATTCTCATCGGCGCAGCAGACTCGCCCAGCACTGCGATTCCAAGAATCGCAGTGCCCGCCGCGCCTATACCGGTCCAGACCGCGTAGGCCGTTCCCACCGGTAGTGTGCGGAGTGAGATAGAAAGAAGTATGACGCTCGCCAGGCCGGTTGCGACCGTAAACAATGCCGGTATCAACCGCGTAAATCCTTCAGACTGCTTCATCCCGAAGGCGAAGGCGATCTCGACGATACCGGCCATACAAAGTAGTGTCCATGCCATGGGGATTGTTCCATTCGTTAGGTTGCCAGGCGTTATGGTTGCCGAAGTTTCGGTGGAGAGCAATTGTCGATTGATGAAGCCGCGGCGCCTTGAGCAAATGACATCACATCGTGCGAGCCTTATACGTCTCCGGAGTAGCCCGAACATAGGCATTGCTCTCTTCGGAACGGGATCGACGTGACAGCAGTCCATCCACGCTGAGCGGAAAGATCTCACAATTTGCGAGGAGGAAGGAGCCTCCGATTCCAGTTAGCACAGCGTAATTCAAGACCGACTTAGGTCCTAACGCGATCG
CP048114.1_gap27	1319397	1323476	4079	TCTTTATCTGTCGAATAGCTCTGCGACATCCATACCGCACACTTCCGCAGCACTGCCGGAATCATCCCCTTTTATCGTGGTGGATCGCTGCCCGACCGTGCTGGAAGCGCATACCGTCTGCCAGATCCAGATCGACTACTCTTCTCCCCAGACATCGTCCGACAGTGTGACGTTATCGACCAAGGCCTCGAAGTGCTCGTTACGGGAAGGACAACTCCGCAGCCGGGCACCAGCGGTCAGACGGCGAATCCGAATCTTACTGTCAGTCCAGCCTCGCTTAATTTCCCCAATGCAGTCGTCGTGACCGGAACTTCGGCCAGCACGCTGACCGCGACGGTTACAAACACCGGGGCGCAACCGTTTCCTGTCGGGATTGGGGTGACGGGAGACTTTATCGACTCCACCAACTGCAATGGCAGCCTCGCTGGAGGAGCCTCGTGCTCGGTCGTCGTTACCTTCACGCCATCGCAGCCCGGCACTCGGCAGGGACTGCTCTCGGTCGCGACCGGAGCGGCGAGCACACCGGTCTGCGTCGGCCTCACCGGAACAGCGCTTCCCATTCTTCCCGCGAACAACGGCTCGCTCGATCTGGGCAGCACTCCCGTAGGCCAGCCGGTGGTTGAGTGGTACAAGATCGCGCAGCCTCTCAACCGCCTGACGGCCACGGCCAGTGGAGACTTCAAGGTGCTGGTGGTGGAAGACATCGGTTATGGTCACGGACAGGCGGCGGCATCGGAGTTCACCTCTTCCTCAACAGGCTCCTGCATCAACTGCTGGGTGGGTATTCAGTTTTTGCCATCCACTGCCGGCGCGTACCAGGGAACGCTCAGTTTTATGTCCGCCAGCAACGGTGCGGCATATTCTGTAACGCTGCGGGGAGACGGCCTCCCGCTTAGCGGACTTCTGCTGACTCCAGCCCAGCAGGACTTCGGTCCGGTGGCCGTTCACAGCTCCAGTCCTGCCAGCCTCTTCACCCTGACCAACCTCACAGCATCAAACGTTACCTTTTCGACGCCTTCTACCAGCGAAGATTTTATTATCCGGAGCGAAGTTACTGGAGGCTCTGCCTGCATCGGGAGCGTCGCTCCAGGAGCCTCCTGCTTCGTCCAGGTAGCCTTTGCACCGACTGCGACCGGCCCCGCCGCAGGAACCCTCACACTCACCTCCGACGGAGGGACCGCAAAGGCAGCGCTGACTGGATACGGATCTCCCGATACCGGACTGTCGCTCAACCCTGCCGCGCTTGTCTTTTCCAACGTACCCAGCTCCTCGGCAACCCAACAAACCATTACCGTCTCGAATACGGGTGCCTATGATCTCGAGATTGCCGCACTCAGCTCCAGCTCTTCTGCTTTCCAGACAGGCATCACCTGCGGAACCCTTACCGCAGGCGCAAGCTGTACGGTTACCGTGAACTTCGTACCGCAGAGCGCGCAGGTCTCTGCGGTACTTTCGATTCCAGTCACCAGCAGCGCTCCAGGCGATCCGCAGACGACGTACACCATTCCACTCTCCGGTGCGTATACAGCCGAGAACAGCGGACTGCAGATTCTTCCGGCCGTAAGCGACTTCGGTCCGACCGCAACGGGCACCTCCGGCATCGTTCGCCAGTTTGTCGTAAACAATCTCACGATGCAGACGGTCGACCTTGGACTGAGCCTTCCCCGCCAGTTCAGCCTGACGGGATCGACTTGCTCCACACTCGACGCGGGTCGGGGATGCACATTCAACGTGGCGTTTACGCCTCTCACAAACGGAGCCGTAACAGGCACAATCGCTGCACATGCCACGCCTGCGGGCGGAGGCGTGACGCTCAGCGGCCTGGGCTACGTCAAAGGATTCGGAACCGGGCAGGCGTCGCTTACTGTTACCGGCGATCTTTTGCCGGGCAATCTTCTCGCGTTCGGGCAGGTTCCATCCGGGCAGACCTCGATCCAGAGCCTGACCCTGACGAACAACGGCAACAGCCTGATAACTGTTCGCCGCATTACCACTGAGTGGCCCTTCCTTTCGACGACGAACTGCGGGATGGCGCTCTCTCCCGGCGAAAGCTGCACTGTCACCATCACCTACTCGCCCCTTGATCAGGTTGCGACCGGGTCGAGTCCCGCACCCTTCAATACCGACTCCGGAACAATCGTCATCGAGAGCGATGCCGCCTCCAGCCCGGAGCTGATTCCATTGAGCGGTACGGTTACTCCGCAGTATGTCACGGTTCCCCTGAACGCCGCTCCGGTCTATGCCTATATCGTCTCGCAGGGCTCCGTTCACTTCGACGCGACCCGCGCAGGGGAGGCATCGCCCGCACAGATCCTCAACCTTACCAACACCGGAACGGGAACCATTCACGTCAGCGGACTTCGCGCGCCAGCGGATTTCTCCGTACAGGGAGACTGCTCGACGATCGTCGCTGGAGCGAGCTGTCCCCTGCAGTTGACCTTCATACCGCAGGGGTCGCCTTCGCAGACCGCCTCCACGATCCTGGGTGCGCTTGAGATCCTTTCCAACTCCAGCACATCGCTTGAGTTCGTAAGTTTGTCCGGCACCGCCACACCTTCGAGCCTGGCGATCTCGCCAGCATCTCTCAATTTCGGGCAGGTCCTCGTAGGCAGTTCAGCAACGCTTCAGAGTGTTGTTACGAACTACAGCTCCGGCCCGGCGACGATTCGCAACATCACTGCCAACGGGGATACAGCCTTCAGGGCAATTGTCCAAGGCCGGGAGCCCAGCTGGCTGCGTCGGCATCATGCAGCCTGCAAATCATCTTCAGGCCCGCACAGGAGGGTGTGCGCGCAGGCGCTGTCGCTGTCTCCAGTTCGCTGACGACGCTGCCGCTAGCCATCAGCCTCACCGGAACCGGAATCCAGCTCCACCTCCTGGCCACGCCCAGCGTTCTTTCGTTCGGAGACACAGCTCTGGGAACCTCGACGAGCCTTGCAGTTTCGATCACCAACAGCGGAACTGCGCCCGTCAACGGCGTCAGCGTCTCCACTACAGGTGATTATGCCGTACAGAAGCCCTGCCCCCTTACAACCCTTGCTCCAGGAGGTCGCTGTGATCTGACGATCGTCTTTACCCCCAAGGCAGCGGGAAATCGCCCAGGCACGTTGCGCGTCACCAGCTCCGATCCCGGATCTCCGTTAGCGATGGCGCTGACAGGGAACGGAGTGGCGCCAAAGGGGTTCGTCTTTTCCGTCGATGGTGCAAGCACATCTGCCCTCACGATCAAAAGCGGGGCGTCTGCGGGATATCACCTGTCGCTTGCACCGCAGAACGGATTTACCGGCACGGTCGTGGTGAACTGCACCCCGGTTCTGCCGGCGCAGTATGCATCCTGCTCGCTGCTACCGTCTACGGTGAACCTGACAGGAACATCAGCCCAGACCTCGACGGCCACACTGAATACGGTGATGAAAGTGAGCACCGCCTCGTCTTCAAGTACACAGGCATTGCGGTGGGCTGTTCTCCTGCTTCCCTTCGGAGTCTTTTTCGTGCGCCACCGTTCGAAATCCGTGCTATTTCTTCTGCTGGTCAGCGGAGCAACGCTTCTCACCTCCGCCTGTGGAAGCGGCGGGACAGTCGTCATTAATCAGGACGATCCAGACCTCCGCTACACACCGCCGGGAACCTACCAGTACAGCGTAACGGCAAGCACCGTAAACGGCACTCCCATCAGCCAGACCATCACCCTCAAACTTATCGTGACGAAGCCGTAAATTCCCTGTTCAAAGGCGTGGCGTCACTCCCTCCAAAGGAATGGGAACCTGCTCGACGATCTCAATGCCGAAGCCCTGAAGTGCAGGTACATGTGTGGGCGTGTTGGTCAGCAGCCGAATCTTATGGATTCTCAGGTCAGAGAGAATCTGTCCTCCCAGACCCACCTGCCGCAGGGTTCGCTGGGCACGGTCTTCGTGGCGCTCGCGCGCGCGATGGTCGCGATGGAAGACCACGCGATGCGGCGTCACGCTGCGATCGATCCCGAATCCCGTGCCGCCGTTGTGCAGGTACACCAGCGCCCCGCGTCCTGCCTCGGCGATGATCCTCAGTGAATTGTCGACCACCGCTCTACAGTCGCAGAG
CP048114.1_gap28	1327316	1331577	4261	CGGTAAAGATCGAGGGCAAGGCCCGGATGATGCGCATCTTTATCGGCGAGAGCGACCGCTGGCAGGGTAAGCCGCTCTATGAGGCGCTGGTAAGCGCGCTGCGCGCACATGATCTGGCCGGAGTCACGGTTCACAGGGGAATTCTTGGGTACGGCGCTCATCGCCGCGTCCATAAGGACAAGCCGCTGCATCTTTCACGAGACGGATCTATTCTGTTGTCTGTGATCGATACGGAGGAGAAGCTGCAATCGTTTCTTCCTATCATCGAAAGCATGGTGATCGAGGGTCTCGTCGTGCTCTCAGACGTGGACATCATCAAATATTCTCATCGCACGCTGGAGACCGATGAGGGAGGCTCACCGACCGAGCCTGCCAAGTTATGAGTTGCTGCATGGACACCGCATGCAGCTTGCGTTGCGCTGCAAATGCCTGATAACCTTTTACCAACCTAGAAGGCGATGGGGTACCGCCTTGAACCGCCAGTTCGCACGGAACTGAGCTGATGACTCCTACATTTCTGTAGGAGGTTTCTTTTGCCTAAATACCGTTCTCGAATCGCTGGCGACCAGGTGCGCCTCCTGGTGGATCTTGCGCGTTGGGTCCCGATCGCCAGCGCTGTCGGAATCATGGCGGGCTCGGCGTCGGCGTTGCTGCTCGATTCACTGACTCTGGCGACGAATGTACGCGAGAGCCATCGCTGGCTGATTCTGTTTCTGGCGCCCGCCGGATTATTGGTTGGCTATCTGTATAAGGTCTTCGGCAGTTCGGTCGAAGCGGGAAACAACCTCATCCTGGAAGAGGTTCACGATCCGAAGGCAGTCATTCCCGTCCGCATGACTCCGCTGGTTCTGCTGGGGACATTTATGAGTCACCTGTTTGGAGGCTCGGCCGGGCGCGAGGGGACGGCGATCCAGACAGGCGCCTCGCTGGCCGATCAGCTTACCCGTCCTTTAGGACTAAGCGCGCGCGACCGCCGTATCCTGCTGATGTCAGGGATCAGTGCGGGCTTCGGCTCCGTCTTCGGCACGCCGCTGGCCGGCGCTATCTTCGGAATCGAAGTGCTTGCTTTCGGAACCGTCAGCTACGACGCCATTGCACCATGCTTTATAGCCGCCTTCATCGGCGACCTCGTCACAAAAGCCTGGGGGGTGCATCACACAATCTTCACTGTAGCCGAGGTTCCTGCGCTTCACGTCAGCGGCATCTTCTATTCGATGATTGCCGGGGTCGTCTTCGGGCTGGTCGCGATGGCATTTGCTAAAACAACCCATGGCGTCTCCCATCTTTCGCGCCGGTTCGTCTCGTTCGCTCCGATGCGCCCGTTCGTCGGCGGAATCATTGTGAGCGCGACCGTGTTCCTGATGGGAACGACGAAGTACATCGGCCTGGGAATCCCGACCATCGTCGCCTCCTTCCATACAAAGCTGCCTCCGTATGACTTCGCGGTGAAATCCATCCTGACCTCGCTTACGCTGGGAACTGGCTTCAAGGGGGGCGAGGTCACTCCGTTGTTCTTTATCGGCTCCACATTGGGGAACTCGCTCTCCCGTATTCTGCCCCTTCCCTCTTCCCTGCTCGCAGGCATGGGGTTTGTCGCGGTCTTTGCGGGTGCGGCAAACACACCCATCGCCTCCACTCTGATGGCCGTGGAGCTGTTTGGAGCCGAGGCGGGGGCATATGCCGCCATCGCCTGTGTGCTCAGCTACCTTTTCTCCGGTCACTCGGGCATCTATCACGCCCAGCGCGTCGGCAGGAGCAAACATATCAGCGCCGTTGCTGAAGAAGGCCTCTCGCTGGCGCTCGTCTCCAAGATGCGGGAGAGCGCTTCTCCCCGTGCGCAAGAGGCAATTGACGAAGACGAACTCCAGGAGATGCTGGACATCGAAGAGGCGGAAGAAACCGACAGCATCGCCGGCCACTGAAGGACGAGCGCCAGCCCTACCTGCTGGAAAGTCCCTCCCTCAATTGCGGAGGAACTTTTGCATCTTCAGGATTAGGATTGTCCTAAGAGCGATGGCGGGCATACACTCCTGCCATGCGACGCTCAACGATTGCCCTACTCGTCCTGCTTCTTGCCGTGGCCGCACTCCCGCACTCTGTCTTTGCCCAGGAGTGGGCGAAGACCCGCCTCGATGCGTCACCCCGTCATCGTGAGTACGTCACCCTGAAGCACGACGGCCGTTCCGTGCAGGCTTTCGTCGTCTACCCGGAGGTCAACCGCAAGACTCCGGTCATCGTTCTTATCCATGAGATCTTCGGGCTCTCGGACTGGGCGAAGGAGATGGCCGACGAGCTCGCAGGGGCCGGCTACATTGTCATCGCTCCCGATCTGCTCTCCGGCACCGGTCCTGGAGGCGGCGGAACGGATTCCTACTCCGGCATGGACGCCATCACAAAGGCTGTTTCAGGCCTTGATCCCAACACCGTCAACGCGGACCTGGATGCTGCGGCGGACTATGGCGAGCGGCTTCCCGCCTCGAACGGAACTGTTGTAACCGTTGGCTTCTGCTGGGGAGGCGGCAAGTCGTTCGCCTTCGCCACGCACCGCAAGGACCTGGCAGCAGCGTTCGTCTTCTACGGCCCTCCCCCTTCGGAGTTCTCGACGATCACGGCACCCGTATATGGCTTTTACGCAGGCAATGATGCGCGCATTGGAGCGACCGTGCCTGCCACCGCCACCGGAATGAAGGCAGCGGGAAAAAAGTTCGAACACGTGATGTACGATGGAGCGGGCCACGGCTTTATGCGCGCAGGTGAAGATCCCGCCAACACCAATCCGGCCAACAAGACGGCTCGGGACAAAGCATTCGCTCGGCTCACTTCATTACTCAAAGCCCTGCCGGGCGGCTCAGCGGCTGTCGTCGGCCCTGCATCGAACATCTCGGCACCCCGGATGGCTAAATCTGAGGTCTCGTGCCATGCGGCAGGCGATTCGGCTGCGATAATGTAAGGGTGCCCGTTTCGTTGAATACTTCGCTCCAGGACCAGCTTGATCGCATCACCCAGAACACCCGTGCGCTCGTTCAGCCTGAACGTCTCGCCTTCTCCGAGAAGACTGTAGCCGAGCTGTTCGCAACGGGAATTGAAGACCGTGCTCTCAGGCCCGGCTCGCAGGCGCCCTCGTTCTCCCTGCCGGACGCCCGCACCGGCAAGCTTGTTCACTCCGCTGACCTGGTTGCGCTGGGACCGCTCGTCATCAAATTCTTTCGCGGCCGCTGGTGCCCGTACTGCGTGACTGAGCTTGAGACGTGGCGTGACCTGGGCGATGAAGTTCGCAGGCGCGGAGCACTGCTGGTCGCCATCTCCCCGCAGGCGCCGCGGCAAAACGCCTTCATGCTCGACCAGCATGAACTAACCTTCCCCCTGCTGACGGACGCGGGATGTGCAATCGCCGAGCAATTCGGCATCGCATATACCATCACTCCCGAACATCGCCGCTACTTCCAGTCCATCCTGGTGAACATCCCCTATAATCACGCCGGATTGAGCTACAACACTGCTACCGAGGAGAGCTGGCGGCTGCCTCTGCCTGCAACCTTCATTGTGAAGCGGAATAATACAATCACCTTCACAGAGGCTCATGCAGACTTTCGTGTACGTCCGGAGCCCTCTGAGGTTTTGGCCGCACTCGACGTCGTCTAGCTTGCAACGCATTCGGAAGGCCGTAAAGCGCGCGATTCTCGAACCATCGATCACCATATCGCGTTGAAAAGGCTACAAGGCCATCCTTCCATCCTCACTGTTATAGTCATCTTCGATGACTAACCTTTCGTACTCACGCCGACGTTTTCTTCGTAACAGCTCACTGGCCATCGCAGCAGTTTCGACATTCCCAGGACGGCTTTTGGCACAGGGCTCTGCGGCAACTCTCAGGCTGGGCTCCGGCGAACCCAAGATTGTCATTCCGATGGACTTCATCGGCCTTTCGTATGAGGCGATGCAGTTGGAAGATCCCACTTTCTTTTCTCCAAAGAACACCAGCCTTATCGCCCAGTTCAAAGCCATCAGTCCTCGTGGCGTTCTTCGTCTCGGCGGCAACACCAGCGAATTCGGGTGGTGGAAGGCGACGCCATCGAGTCAGGCTCCTGTGCGCACGCATCGCAAGGCCGATAACGGCGAGCCACCACCAACGACGATCTTTGCCATTACGCCTGAGGCAATACGCAACCTCGACGGATTCCTCCGCGCCACTGGCTGGACCTGCATCTACGGCCTGAACCTCGGCTTCGGAAGCGCTGAGGCAGATATTCCCGAGGCGCAG
CP048114.1_gap29	1516514	1518442	1928	GTCGTTCTCTCTTCGGTCAACAATCAAACTGGTTTGCTCTCGCTCGGCCAGCGTCCGAATATGGCTGCGGGAGATCCTAATCTGGCCAATCGGACGCGTGACAAGTGGTTTAATACGGACCTCTTTTCGCAGCCGGCGGCCTTCACCATCGGCAACGCACCACGCGTACTGGGCAATGTTCGTAGCCCCGGCAACCGCAATGCAGACCTGTCGGCAATGAAGAACAATTACTTTGGGAACGAGCGGCGCTACAATCTGCAGCTTCGGTTTGAAGCGTTCAACGCATTGAATCACCCCATCTTCGGTGGCCCCAACGCTAACGTCAATTCGGCTAATTTCGGGAAGATCACATCAATCGCAAACGGTTCGAGGGTAATTCAATTCGCAAGTAAATTTATCTTCTGACCTTCAACCTGGCTCGGTGCGACTGCTTGTTCAGTCGCACCGAGCCACTGTTTTTGATCAATAACCAATAGGAACGAGCAAACCTATATGAAGAACGTGCTGTGCTTCTCGTTGCTGTTGATCGCGGCTTCGCTTGCGACAGCGGCTCCAGCTCAACCATCGGAACATCCTAAGAATGTGCCCCAGGAGATGAAGGTTGATCTCTCCGCGCAACCATTGGGCAAATTCCTTGGGCTCGGGGTGCAGTTTGATCCTTATGTGAATCAGGTCGACGCACACCGCTGGGCAGAAATGATGGACCATTTGGCCTACATGAAGCCAGGTTTTTTGCGGGTGATGTCCGGGGCGACGGACTACTGCAGCGGTTTCGATGCAAAGGGCGAGCCAATTTATCGATGGGACACTGATCCCACGGCGCGGCAATTCCAAGCGATCCTGACCGTCCTCGACTTCGCCCAGGCACATCATATCGAGGTATATCTCGGTGAGTGGTCCCCTCCAGGCTCTCTCGGCATCCATTCTCCGGACGATCCGCGCTGGCAGCGCATCATCTCCGATTTCGTACAGTACCTTGTGCGAGATCGGCACTATACAGTGATCCATCACTACATCTTTATGAATGAGCCGAACGGCGACTGGATGTGGCACGGACGTAAGCCGGACTTTACCTCGTGGTCCACTGGGGTCCGCAACCTTCGCCATCAGTTGGATGCTCGCGGCCTAGACGATGTTATTCTGACCGGCCCTGATAACTCCGGAGGAAGGCAGTGGTTTGATCGCACGGTTACCGAAATGCATGACGTCTTTGGCACATGGGAGCAACACATTTATGCCAAGGATCAGGAGGTGGAATCGGGCACCCTGGAGCGAGAGCTCATCTCCGACCGCGAAACGATTCTGAAGCACGATCCAGACGGCGCAAGTAAGCCGCGCTTTATCGCAGAGTCAGGACTGGTCACCGGCAAGATTCAAGCCGTCGACCAGCAGCCGCGGGTGCACGACTTCGACTACGGCGCACGGATGGCGGACTATATCGTCCAGGTCGCCAGAGCTGGCTGGGGCGGGGCCGATGCGTGGGATCTCGACGACGCCATGCATCGCGGCCCAGGCGGCGGTTGGAAGATCTGGGGATTCTTCGACTCGAATAGCGACGCAGGTATGAAGCCTCGTCCCTGGTACTATGCGTGGACCATCCTTTCACGCTCGATGCCGAACGGTGCAGAGATACTTCCTGTTACAGGCTCAAGCGAAACGCCTGTTCGCGCAACGATCGCGAAGTGGAATTCTTCAGGCAAGACGCAGTGGACCCTGGTGCTTGTCAACCATACGGATGCGTCCGCATCCGTCAACTTAAAATTGCCGAAACAAGATGAGCTTCATGTCTTTCGCTACTTCGCCACAGAGCAGAATGTTGACGGAGCCTTGGAACCGAAGGAAAGCGAGTTAGAGGAGAATCCTCAAAGGTCTCAGACGGTGTCCTTGCCATCACGCGGCGTGGTTGTGCTGACAACGGCAACGGCAGG
CP048114.1_gap30	1519619	1522948	3329	TCGGAGGGCGATCGCCCCATCCATATAAGGCCGTAATCTTCCAGAGCTCCGCCATGAATGACCCGCGCGTAAACAGGCGACTCCCCCGCGCGCGGATGAATATTGCGAATGACATCATGCTCCATCATGAAGTTATCTGTATTGACCGTTCCCTGTGCAAACGCGCTCATGTGCGGCGCACCCAGAAGGACAATCTGCTCGGTTCGAGCCTCATCCCAATTGAGAAAGCGCGCCTGCGTGAGTTGGGCGTTGCGTCCGAGAATCTGCAGAATGCGAGCGAAACCGTATGCAGCTTCCGCTTCGCCTAGCCCCGTGTAGTTCATGTTGTCGACCTGGAGGAAGTGGAAAGGAAACTCTGCCTGAGTATTATTGGCACTACTATTCAAAACACTTGCCATCGACTCCGGAACCGGGACACTCAACACTTCATCCCCACTTGGAGGGGTCGGAAGCGACGCTCCGCGGTAGAGCAGAACGTTCGGATTGGAGAGCGCAATCTTCGTCTTCGCCGGCCCGGAAACACCGATGGGTCCAAGAAGCTCCTTATAGAAGGAATAATCTGAGCCGTTGACGATGGGACTAGGTTGTTTGATCCAGCCCTTGATCCACCATCCGGCAGCACCAGAGCAGATTACTAACAACCCAATTTGCAGAAATTTACTTACCGTATAAGAAAACGACGTGCTTTGCGACGAGTACGTTGCTACCTCTGCTTTTACGGCCGATGCGGGCTGCGACTCGTTAGCGGGAGCGGCAAAATGTTCGAGAACGGCTGGAACCTGGCTCTCATGGATCACCGGGTGTGGAGCCGGTTTGAGCTTGATAAAGTCCGGGACATAGGATCCCAGTGGAAGCAATATCCGCAGGGGTTCAGTAGGGTGATCGTTATAGAACTTCGTCAGCCGACGTCTTACATCATTGGCCGCGACTCGCACGATCGAATCGATGCTCGTATCGTAGTCGCTCCGGCGGTGAAAGATCTCAATGCCGAGCAGGCGCTCCTTCAGGCTCTCGATCTCTCCAACAAGATACCGTTCGACGACGTGGCGCAGAATCTCCGATGAGCGTCGACTCACGCTAAACTCATCACTTGCCAGAATGGTGTCCAGATGCGTGCGAATCTCATCTTTCGTTGGAAGCGGAAGAGGCTCTTCTAACGAGTTGTCGCGGAGATGTTGCGAGATAGCCATAGCGCAAGATGAACGACATGATATCAGATGACCATAACCCCTTGACGGGAAATGTTCCTGAGGCAAGAAGCGAGATGGGATGAAACGCATGGTTAGGAAATCACCAAACGCACCAAACGTAGCGAATTCAAGATTCTACGCATAAAGTCCCGGAGTATTGGGTGTGCGCCGCCTTCACTGCGACAAGGAGTGGACGGCGCGTACCTACCTCAAGGGAGTTCCTCACCATGTCAGTTGTTGACCTCAGACGCCTCCTGCGCGTTGTGATTTTGTTGATATCCACTTCGGGGTTCTTTTCGCTCCCCGCTCTGTCCGAGAACGCAACTGCCGGGCCATACATCGCCCATATTGTGGAAGGAGGCCCTGAACTCAGCAAACCCATTCAGCAGGAGATTGCTTCATCCGGCGCGTGGAGCGAATGGACCTGGGTAAGGATCGGCCTCGACAGTCCCAGAACGTCGGCGATCGCTCGAATCGGCGCGCCAGATGATCAAGCGCCTCGCGTGCTGCTGCTCCGAGATGCACATCCCGCTGTCCAGGTAGCCGATAAGCAGATTGTCGCGCCTGCAGCGTTGGACCCCACGACCTGGCATTTAATTGGAGCTGTTGAAGACGGCGGGGCACTGACCCTCTACGTCGATGGGCACCCCGCGGGTACGAGTGCCGTAAGCAACGAACCTGTGACACCGGAGTTGTCGCTCGCTCCCACGGTGCCAGCGGACATGCGCCACTTCAGCGGAGACATTGGCGGTCTCTCCATTGCCGCACGAGCTTTTTCTCCAGAGGAGATGATGAGTCGCTTTGTGCAGCGTCCCGATTTCAGCGCGCAACTGCCTGAAGAGAACGCCAAGCCCTGGCGCCTGCAAACTCGTCAACGCGTCGGGTATGAGGCGCCGCAGTCTCCAGACACCATGCCGCATGGCTTCCCCGCGGAGAAGCCACGAGCGAAGTCCATGCCTGCATCCGAACCGACGCTGCGAGCAGACGGCGAACGGACCTGGACGATTGCAGATAATTGGAGGCTGCTCTCCGTAGACAATGAGCGTATCGCCAGGTCTGTCAATGGGCGTGCTCTTTCCCAAGCCGGCTTCGACGATGCTTCGTGGATGCCGGCAACGGTTCCAGGCACCGTGTTGACGACCATGATCGATCGAGGAGTCTATCCCGACCCCGACTTTGGCTTGAACAACCTGGCGATTCCCGAATCTCTCAATAAGCATGATTATTGGTATCGCGTGGAGTTTCCTTCGCCCAGCCCGTACAGCACTTCCCGGCGCACGCTGCACTTTGCAGGCATTAATTACTCGGCCGAGGTCTGGTTGAACGGCGTCCGTCTAGGCGATATGCGGGGAGCGTTTCGTCGTGGCGACTTCGACGTCACCCTCGTGCTTCGGAAGACTGGAATCAATGCACTCGCGATTCGCATCTCTCCTCCGCCCCATCCCGGGATACCTCAGGAGCAATCGCTCAAAGGCGGTCCCGGTGACAATGGCGGAGCCATGTTGATCGATGGCCCGACATTCGTAGCGACTGAGGGATGGGACTGGATACCAGCAATTCGAGATCGCGATACGGGCCTGTGGCAAAGCGTCTCACTGAAAGAATCGGGCGCTGTCACGATCGGAGATCCGCAGGTCATTACCCGTCTCCCGCTTCCAGACCGTGCGACCGCCAATATCGAGATCCATGTTCCCGTTCACAACGCGACAGGCGCTTCACAGCACATTGTGCTCCAGGCAGCATTCGAGGGCGTCGCATTGCGCATGCCCGCGGTGGTTCACCCCGGCGACAGCACACTGTCTCTGCTGCCGGGGCAGTTCTCCCAATTGCATCTGACGCATCCGCGGCTCTGGTGGCCGAACGGATACGGATCGCCTGAGTTATATCATCTTCATCTTGCGGTCGTGGATGCGAAGGGAACGATCTCCGACACCCACTCGACCACATTCGGCATTCGCGAGATCAGCTATGAACTCACTCTGTTTAACCATTTCGGCAGATTGGAGCGAATTGAAGCCATTCCCACCCTTACTCTAGGCAAGGGTTACGACGCGGTGGATGTTCACCATGAAGCTATGCGCCAGACGGCGGCAGGATGGGCCTCTTCGATCTCTCGTGAAGCCGAGGGAACGTCGGCGA
CP048114.1_gap31	1544332	1546697	2365	AAAGAGGTAGATACCAGCGTTATTGGAGACCGCCTTCCTGGTCTGACCGGTTGCAGGATTCGTAAGCGTGAGATCGGCATTGGCGATGACGGCTCCAGAAGAGTCCATTACGGTTCCGGTAATGGTTGCATTCTCCTGGCCCCAGCTGGATGGCGCAAACAGCACCATACTTAAAACAACGAGCAAGAAACTTAGATTTCGGCGCACGGTGTGACCCTCCAAAAACATCCTGCAGTCTTACAGCGAGCAATCTGTCCTTCCAGTCAATGCATGGGGAAAATGCGATTTTCTGGAAAACGTTTTCTATTGACCTGAGATAAATCCTGCAAACAAAGTGTTTCGAGCGAATTTACCCTGTGAGCTTTATTTCACGTCTTGTAAAAATCATGCGGTCTTCGCCGCAGGGGGAGCCTGATTCCTTGAAGCGGTCGCAGCTTAAATAAACGCCCTCGGATTTGTCAAGCTAATTTATGGGCGATATTTATACGATTTTGTTTCCAGAACAGACAGTTTTGCCCTCCTCTTCCCCGCCTCACGGCTAAGGGGCTTTGACAGGACACGGCATGCCGAAAGAAGTCGGTAAATCCCGCTCAAACCGCTGCAGAAGTCCGATCGATTGCAATGAATGGGGTTGACGCTCGCAAAAAGGAGCGACTACCGTAATGCTTCAGAAACTGTAATAACGTTTACTCAAATAAAAACCACATGTGGGAACCGGGAGGGACAGCACATTGAAATTGCGTTTACCGATCGTGCGGGAGGGCGCTCGACGCTATCGACTTCATTATGCGGCAACGAGCCTTGGGCTACTGTTGCTATCCAATGCCGCATATGCGCAGTCAGGCCAGACAGCAGCCATCTCTATCAAACTGGACAGCCCCGCTCACAAAGTAAGCCCGATGCTATACGGCCTGATGACAGAAGAGATTAACTTTTCTTACGATGGCGGCCTGTATGCGGAGATGGTTCGAAACCGAACCTTTGGTGGACGCCGGCATTCGCAGCCAGCCCACTGGTTTGTCGTTGAGCACGGAAACAGCAGCGGAAAGATGGAGATCGACGATTCCAACGGTCCAAGCGAAGCGCTCCAGAACAGCCTGTTGATCGACGTGGCCAAGGCAGATGCACAAAACCCCTTGGGCGTTTACAACGAAGGCTACTGGGGAATGGCGGTTCACCCGAACACAACCTACAAAGCCTCGTTTTATGCGAAGACTGACCAGGCTGATGAAGGACCGATCAACCTGTCCCTGATCAACAATGACAGCGGAAAGGTCGTCGCGTCTGCAGCCAGTGGAGCGATCTCCGGCCAGTGGAAGAGATACGAGGTCCTGCTGAAGACAGGGCAGGTAGAACCCAGTTCCAAGAATCACCTGCAGTTGACGGTATCTCATCCGGGCAAGGTATGGATCAGTCTGGTCTCTCTCTTTCCGCCGACATACAAGGACCGCGATAACGGGAACCGGCCGGACCTGATGGAAAAGATGAAGGCCATGAATCCGAAGTTTCTTCGTCTTCCCGGTGGAAACTACCTGGAGGGAGATGAGATTCAGGATCGCTTCGACTGGAAGACGACCATTGGCCCGCTGGTAGATCGTCCGACTCATCCTAGTCCGTGGCGCTATCAGTCTTCGGATGGCATGGGTCTTCTGGAATTTCTGGAGTGGACCGAAGACCTGGACATTGAGCCTGTGCTCGCGGTCTACGCCGGATATTCCCTAAAAGGGGCGCATGTGAATGCCGGTCCTGCTCTCACACCTTATGTTCAGGATGCACTCGACGAGATCGAATTTGCCACTGGCGGTACCGATACTCCGTGGGGAAAGAAGCGCGCCCAACTAGGCCATCCAAAACCATTTCCATTGCACTACGTCGAGATCGGAAACGAGGACTGGTTTGACCGTTCGGGCAGCTACGAGTCGCGTTTCGCCCAATTCGATAAGGCCATCAAAGCCCGTTATCCCAATCTCAAAACCATCGCCACCATGCCGTTGAAGCGAATCAAGCCGGATGTTCAGGATGATCACTATTATCTGCGTGCAGTCGAGAGCTACGAACACGCCAGCAAGTACGACACAGCAGACAGGAATGGACCGAAGATCTTTGTAGGCGAGTGGGCCACTCGGGAAGGTTCTCCGACGCCAAATCTCAACTCAGCTCTGGGCGATGCAGCCCTGATGACCGGCTTCGAACGTAATAGCGATCTGATTGTGATGGCTTCGTATGCTCCCATGTTCGTGAACGTCAATCCTGGAGGCATGCAGTGGGAGAGCGATCTGATTGGCTATGATGCCATGTCCAGCTATGGGTCGCCGTCGTACTACGCTCAGGTGCTGTTCGCAAAATATCTGGGAGACACGGTTCC
CP048114.1_gap32	1703632	1705478	1846	GCGCGGATATCTTTCAGCACCCATTTCCCGACAAAACCTGCCCCTACTGCTGCCAAAACACCTGAAACCTTCAGATATTCCGCGGATGCATATGCGGCAAATGGTAGGAGCAATGTGAGCAGGATTTGCGCCGTTGAATGTGATCTAGTGCTCTTTTCCATCCATATTTGAAATCGCATCACGATGTACGACAAAAGAGTCCCGACGGCTAGTCCGCCAACAGATACGATCAAGAATGTAAGGGAAGCTGCAGCTACTGAAAAGCTGCCTGTAAGCGTTGCCGCAATAGCGAGGCGAAAGCAAACCAAACCAGAGGCGTCATTGAACAGTGCCTCTCCTCGTAGGAGATAGAGAAGACGTGCAGGGATTGCCTCTCCCCGCAATGAACCCGTTACCGCGACTGCATCAGTTGGAGAGAGAACCGCTGCCAACGCGAAACAAACCGACAGCGGTACAGTCGGGATCATCCAGTGGACGAAGTATCCGACACCGAGCACGGTCAAGATGACGAGACCGACCGACATGACGAGAATGGATCGGCGCAGGCGAAAAAATTCGGCGCGCGGAAACTGATAGGCATCTACGTAAAGTAGCGGAGCAATGAAAAGAAGTAGAAATAATGAGGGTTCGATCGCAATGTGAATTCGAAAGAGTGTAAACAGCACAATCCCGAACGCAACCTGCAGCAGTGGCAGTGGAATACGAAAAGCCAACGAAGCTATTCCGGAAAGAGAAACCAAGGAAAGAAGAACTAGACTAATCGTGACTAGCTTCATGGCTCGCTCCCCCGACAGCGTTTTTCGATCGGATGCTATGCCCTCAAGAACACGGATACTTCCTCTCCGGAAGCATCACTTTCATCATCCCACTTTCGCGGTTGATCTATTTGCTGTCGTGGCAACAACGGGAGATTTTTGCTGCAGAGTGCATTCAGCAAGCCGTCTCGTCTCTCCTTGATGGTGCCGCCCCATCCGGCCGAACCGATCTACATACGAATATCTCCCAAAGGCCCACTGGTCTCCCGGATATGATCCTTGTCCCCGGCTCTGTGAAGCTCGATCTGCTCTTCAGGGGCCCGTTCCATTTATTTAGTTTTTGCGACCACCTGACCTGCATTTTTCAATTTTCCAAATGCATTCCGCGAAAGTACCTCGATGGCAGAGTAGATGCGCGATAAAATTGGCGACCGACCTTGTATGAAGAGCAGATCTCGCGTTCGCCCTCCGATGTTCAAGCGAATGCTGAGCGATCTTGGCGCGTTGTTCCGACATTGGTTAGCGCAATCCGTCCATTCAGGATGGACTAATCAGCTCTCAAGATCACCCCGGAGGATTGAACTGGAACCCCGACATCATATGACGCACAACCTTCTCTATTTGATAGCCGATTGTGATTTTGCGGCGATGATGTGAGCTTCCCTCTCCGTCAGCCGGAATAGGTCGCAATAACCGTAACCGGTTCTACAGGCATTGAAATTGCGCTGTTGCTCTGCACCTTGAAGAAGGTTGGCTTCGGATTTGGTCAACAAAGAGTAATCACAAGCTACAGATCTGTCCTCACACGCCGAGTAATTGAGCCTACGGTCGGTAAGCGCTACGACGCGTTCTTCCTGCAAAGTCAATTTGGAACGGTCACACGTAGTCCAACCATTGGTGCACGCAGAGAAATTGCGCGCATTTCGGGCCTCGGATACCGAAGTAGCTTCAGCGTTGGTAAGACTCACGTGATCGCACGAGTCGATTCCATTCACGCAATCGGAGATTTTGCGTTGTTTGTCAGCAGCAGCAGTGGCACTTCTCTCCTGCGTATTCAGCCTGGAGAGATCACATGGCTTCCACCCATTGCT
CP048114.1_gap33	1706939	1709095	2156	CGATGCCCCTGTGAGGTTCGCGATGCCCGATGTGAAATTAAAGCTACTTATAGTCGATGATGAAATAGCGCTTCGAGCATCATTGTCGCAGATCTTCGCCGAGCTTCACTACACGGTCCGAACGGCTGAAAATGGCCTTTGTGCGCTGCGCGATATTGAAAACGAGATTCCAGATGTTCTCCTTTCTGATCTCAATATGCCGGTCATGTCCGGCTTTGACTTGCTCGCGGAAGTTCGTCGTCGGTTTTCAGCAATTCGAGTAATAGCAATGAGTGGTGCCTACTCGGGCGTCCAAATTCCGTATGGAGTGATTGCTGATGCGTTCTATGAAAAAGGGACAGGTGTCGTTTCATTATTAGAGATCATGACGACCGTAACCCACAGAGAGAGGCATACCGGTGAAACGAGCAGATCACATCTATCTTCCTTATCAAGTCAAATCGCCCGATGATGAAAGGTCAGCCTATCAGATTCTGATCGACCGGTGGCGCGTAAATAATGACTCCGGTCCCTTACGGCGTTAACAGAGGAAATCTCATCCTATGGTGGAGAGGTAACACATGCGCAAAGCACTACTGAGGTTGAGGAATACTTCTTTAACCTGAAGGACGTCGCAATCGTCGAGCTTGAAATCGATCCTGGTCGGCACGACAAGCAGGCCATCGCCTCACTCCAGTCCATTCAGATTGTGTGAGAAGGTATTCAAACCTTCGCCAGACGACGTTTAACCGATCCGGTTTGCCTGCAGACCACCGCATGAGAGAAGAGGACGCCAGAACGATGTCTGTACACCTGATCAATCCTAGTGATAATTCCTTTGGAACCGCTGTGATCACTCCCCGCTGGTTGTTTGTCCTGGCAGCCGCTACGCCAGCTTCGATGGGCGATCCGATATTGGTGGATGAATCACTGGAACAACTCGATCCGAACACAATTCATGGTGGCGATGTAGTTGGCATCAGTGTGCACACGGGAAATGCGTTACGTGGCTATCAGGTCGGAAAATTCGCACATGAGCGCGGAGCTACGGTGGTTTATGGAGGCATCCACGCAACCCTTTTTCCCGAAGAGCCATTTGAGCGCGGCTGGGCAGATGCTTTAGTGAAGGGTGATGGTGACGTAGCGTGGGGTAGGCTGCTGCGCGACATTCAGGCAGGATGTGCTGCCAAAATTTACGAAGGCGGAAAGCTTGAGGGTGATCAGTTCCTAGCGGCTCGCTGGGACCTAATGCAGACTGATAAGTACATGTGGGCTTCGGTGCAGACCATTCGCGGATGTCCGAAGCACTGTTCGTTCTGCTCTGTGTGGCGCACGGACGGGCAGAAACCCCGGCAAAGACCCTTTGAGAGCGTGATCGATGAGATCGTAGATCTCAGGCGAAGAGGTTTCCGATTCATTGCACTGGCAGATGACAACTTTTATCCCGTCACGTTGACGGATTTGAGGCTGGCGCGCGATCAGAACAACCTCGAGCGCGTGGAATTTCTCTTGCAAACTCGAAACGAACGTTTCGCATTGATGGCAGAACTGGCAAAGCTGCCAAAGGATATGGTGTTCTTTACGCAGATCACGATGGAGTCTGCTGAAGATCCCGAGTATCTGGATGCTATGCGAAGGGCCAACATCAAGGGCGCTCTCGTGGGCGTTGAGGCGGTCACACCGGAAGGGCTGAAGGCCGTATACAAAGACTTCAACTACTCCGGCGATCGGTTGGTTCAGCAGCTACAGACATTCCGAAAGCATGGCCTACATGTTCTGGGATCATTTATCTTCGGTCTGCCAACAGACAAGCCGAGTACCTTTGATGCCACTGTGGAGTTGGCTCTCAAAGCAGATGTGACGTTTGCACAATTCGTGATGATGACACCGTTTCCTGGTACGGTCGATTTTGGCCGGTGGGAGAAGGAGCAATCTGCTGATCCGCGGATGATAGCCGGTATTCCCATCACGCGATACTGGTTGATTCCTACAGCAATACGCCCGAAGATGTTTACACCCCACCCGTCTATGACTTCTGAGGAGATCCGTGATCGCACCCAGGAAGTTTGGGATCGGTTTTATGAGTTCGGTGCTATTTGGAAGAGGTCTGCCTGTACGCCTACGCTGCGTGCGCGTGTCGCATTTGTATTGCTGTCGAAGCTCTATCGACAAATGTA
CP048114.1_gap34	1711458	1713800	2342	GGAATCGCAATCACCATGCTGAGTCCAACGCCGCTATCAGCGGCGCCGCCAGCGTTCGTTCCGGAATGTTCGCAGCACCCCAGTCACGATAAATCTGCGCTGATAGTTCCACACTGCCGCCCTGTTGTCAGAAGGTAGGGTTCGAAAACGAGATTGCTGTGCTGCACGGTGTACGTGAGTGCAAGATCCAACTTCACGGTGGCCGGACGAAGCAGTAGAGGGCACCTGCGCTCTCGCGCATTGGGGATTGGACTCACATCCGGTATCGCCATGGCGAAGCGAAGGTGGCCAGCCACAAGTTTCGGTAGGATCTGTGTTCAAATCAGATGCTATCGCCAGCATCAAATCTTCCGAGTATTAAACTAACGCTGCGCGCTTGCAGTATCCGTCGAGTGCGCCGACTCCACAATCTGCAAGTTGTTGATCCCCTCTGCACCCAAGATCTGGTAATCGTTATAGTGAATCGTCAATTCGGCAGATCCGCCCAGTCTGATTTCACTGATGCTGTGGTTACGTGCAGGAAGCCAAAACTGACTGACTTTCGTATACACCTGTTCGATCACGCCGTTCTTGGTCCAGAACGAGGGGTTCTTTGCGGGCTGCGCCTCTAAACGGGCTACTGCAAAATCTGCTGCGTCCACCCAGATCCGCCCCTGATAAAGGAATTTGTCTTTTGCTTTCGGCTCTACGGCAAGGACATACATGAGCCCGGAGGGTGCGTTTTCGTATCCGATCTGCGTGAAATTGTAATTGTCACTGTTTAGAGCGGTGCGCCTTTGAGCTTCTGTAGACGATGCCTCTTTTTCAGCCTGCAAGAGCTTCCTAAAAACTTTGTTGATGATAATCGTAGATCCAGTCGCAGATCGAATTGTAAATTCCTTGATTCCGGGGGATTGATACTTTACGTCTACGATCATCTCCGCGGTGCGTACGCCCGGAAAGCCGCGGTAGTCCACCCGATACGTTCGCGTTCCTAGGTACCCATGGAGTGTCCGAACCTGCTCCAGATTCCTTTTGACGAGACTCTTAACGATTTGTTCCGTCTTGAGGGGCTCATTTGCCACCGGAACGAAACCACGTCTTTGTTGCGGATCGGCTAGGGTGTGTGGTCCCATGCATAACAGCAATGAAGCGATTAACAAAACGGAACGGAATGGCGACCTCGGGGTCATATCCAAACACCTGGATGCGAATTCTATTGTTCCAGACAATGCAGGCCGATGACTGAGCTAAATAGCTCAATTTGATTCTGCTCGACGCTCGGCCATGCGCATGCTCAACCGCGATAAATCCCCAGATCGGTAAGTTCTCTTCTTCTTAGGCATGGGGAGCTTTGACGAAACAGGTCGGACAATCGAAACGTAAGTCCATCGTGTTCCGGCGGTGCGGATACATTCGGGATCTCGCTATTCGTGCTCCCCCGCGGATCTGCCGGCACCCAGGATATCTTCGAATGGCTAAGCGCACCGGCGATCTCGGTTGAGGCCCCGGTTGTCGCCCGGGTATCAGACATTGTGCATCACGCCAAAATTCAAGTGCTCTCGTTTGTAGTCAGCGCGTTTGGAGACTAAAGAAGGAGCGCACAGATGAGCTTCCTCTTGGAGTTTGAGTTCGGTCTCAGTATTTGCGTGAGAAATGGTCAAAAAGCAGGTCAGACAAATCGACTCGTAAGACCCATCTTTATTTTGGTGGTGCGGGTAGATTCGGGATTTCGTCATTAGTGCCTCCCTGTGCATCTAGCCGCAAGCGTAACGGAAGCTGGACTGGTTGTATGTCCTGTTCTGCTCACCACGCGGCTTTGCGCGTAGCAGACTGAATCGTGCATAAAGCTAGAGATCAAAGGCTACTTCGAGAGCTTTGCACAAAACAATGAGCCTGTCGAGCAGGACGAGACTACCGGAGAGTATTTGTGCCGAGAGTTCGGGTTTACGGTCCTTCCGTTGATGATCAACGGAAGCAAGAGCAAGTTGCTCGCCGAGGAGATCATTTCGGGTTCATTGAAAACCTCGGTTAACTAGACCCCATCCCGTCACGCGGGGATGTCCGGGATCGAGCTCCTCACAGGTCGCCACTGGGCCGGGGCCTGTCGACATCACCTCCACGCGGCTTGTCGCCTAATGCTACGGCCAAGGGCATTCCATGATTCAGCATATTTGTATATGCCGAATCATCCAGGATGATGTCATCCCAGGGGTGGCAGAAAAGTGGCAGATTTGCCAAATTCATTTGTTCAACGTTTTAGCTTGGAGCCAATAAACCAGCGTATTTATTGTGTTTAGTGGTGGCCCGGGCAGGAGTCCAACCTGCGACCTTCGCGTTAGGAGTGCGCCGCTCTATGCAAC
CP048114.1_gap35	1846652	1847925	1273	GAACCCGGATAGGCGATAAATGTAACGCTGGTAATAATGGTCGCAAGCAGCGACAGCCCCATCGCCCAGCCGGGAATGGAACGGTTCGCAAGGAAGTAGTCGTCCGTCGTCTTCTGTCTTCGCGCAAAGCGAATCCCGATGCCGACGAGGCACGCCATGTATCCCGCGACGACCAGTAAATCCAGAATCCGCATCGACTATCGCCTTTACGCCTGTGCCGTCTGAAGAAGACGATGCTGCGCCATCGTCACTGCCATGCGAATTGCCGCCTTCATATTCGCTTCGCTCGCAAGGTTCTTCCCTGCAATATCAAACGCCGTTCCGTGATCGACGGACGTACGGATGATCGGGATTCCCAGCGACACATTCACCGTCGCCTCAAAGTCCAGCAGCTTCATCGGGATATGTCCCTGGTCGTGGTACATCGCCACAATCAGATCGTGCGATCCTCGCGCAGCCTTGAAGAAGATGGTGTCCGGAGCCACGGGACCTTCGCACTCAATTCCACGCGCCCTGCACGTTTCGACCGCAGGGCGTATAAACTCCTCGTCCTCTGTCCCGAAGAGTCCATGCTCACCCGCATGGGGATTGAGACCACACACCGCAATGCGAGGCTTCGCCTTTCCCAGCAGCTTCATCGCCTCATTGCCCAACTCAATGGTGTCCACGATGCGGTCCGTGTTCAGGTTGCAGGCCTGTTTCAGACTCACGTGAGTTGAAACATGAATGACGCTCAGCTTCGTTCCTGCCAACAGCATGCGCGAACCCTTTACGCCGCATAGCTCCGCAATGTATTCGGTATGTCCGGAGAACTGCATTCCATTCAGCGTCACGGCCTCTTTATTCAGCGGCGCCGTCACCATCGCATCCACGTCGTTGTTCAGACACATCATCGTTGCATCGTGGACGTACCGCACCGCAGCTCTTCCATACTCGGCGCGCAACGCCCCATAGACGACTGGCAGACCGGCAGCGAGTACCCCACACTCGCGCAGCTTCACACCAAGGGTGTCGAACTTAGCTCCGGTACTGCGCTCAGCGGCGTCGATTGCGATCCGGTCGCCCACGACGACCAGCTCTGCCGACGCTGCAATCTCAGGATCCGCGAGCGCCTTCAGGATCACCTCGCCACCCACTCCGGCAGGATCACCCAGTGTTACAGCTATCTTCGGAATACGCGTACTCACACAAACTCCCTTCTGCCTGTAAATCGGTCCACGATCTGACAGAGAACGTCCTCTCTGCCAAAACCGCCCGATTTCAGAATCACCGG
CP048114.1_gap36	1990137	1992671	2534	GGGGGAAACGGTACCACTACATTTTCCCTCCCTGATCTTCGAGGAAGAGTGGGGATTGGCCTTGGAACCGGTACTGGTTTAAGCCCTTATACGATCGGCGAAAGCGCTGGCGAAGAGAACGTTTCTCTCACTCTGAACCAGATACCTCTTCACAGCCATCTAGCGTCTGCCAATGCGAATCCTGGAGGGAATACATCGCCTCAAGGTTCCGTATGGACGCAGGTAAATGACGGCGCCGGAACAAGCTATAACGACTACGCTCCTCCACCGCCGAATGTAACGATGCCGCCGACGACCCTCAGTCCCACGGGAGGGAGCCAGCCGATGAACATTCTGCAGCCATATCTGACCCTCAATTACATCATTGCCCTCGAGGGTATTTTCCCGCCGCGTCCGTAATGACTACTGTTGCATGAGTTTTTGTGGCTCAAGGAGAGATTTAATGGCTACACCTTTTTTAGGCGAGATTCGGGAAGCAGCGTTCGGTTTCGCACCTCCAGGATGGCTGCCTTGTGATGGACGCCTGTTGTCAATATCAGAAAACGATACGCTTTACGCCCTTTTGGGAACTACGTATGGCGGCGACGGCATAAACACCTTCGGAATTCCCGACCTGCGAGGACGTGTCGCTGTCCATCAGGGCAAATTGAATGGAAACTCCAGCACCTACGTCATAGGACAGATGGCTGGAACAGAACAAGTAACGATTCTGCCTTCACAGATGGCGGCACACACACACGCAGTCAATGTCAGCACCGAAGTTGCGACGCTCAAGGCTCCCACCTCGAATGCAACATGGGCACAAGTGACACAGGACGGTTCCACCATCCTGGACGGCTACTCAGCACCTCCAGGAAATGCCTCTCTTGCACCCGCCACGATTTCTTCTACAGGTGGGAGCCAGCCCTTCCCAATTTTGCAACCTTATCTGACGGTAAATTACATGATCGCTGTCGCGGGAGTATTCCCAAGTCAGGGCTAACCACTTGCGGTGGGCTTTAGAGTGCAGCGGCAAAACCGAAAAGGAGTTTTGAGATGGCAAATTGGTATCTGGGAGAGATCCGGGCTGTGAGCTTCAATTTTGCGCCGCGTGGATGGGCGCTTTGCAATGGCCAGGCGTTGCCGATTGCGCAGAACCAGGCCTTATTTTCGCTGCTTGGAGTGCAATTCGGCGGCAATGGGACCACGAACTTCAACCTTCCTGACCTTAGAGGGCGCACCTCTGTAAGTTGGGGGCAGTCCACTTTGGGAACGAACTATACCGAGGGAGGAACGGGGGGAAGCGAAAGTATAACGATGACGGCACAGCAGCTGCCCGCCCACACACATATCGTAGCTGGAAGCAATGTCGACGCCACCCTCGCCGATCCGACAGGCGATGTATGGGCAGCAGGGTCGGATAACAGTGGGACACCAGTTCTCGCGTTTACAGAAAACAAGCCAAACGCGGTCATGGATCCCTCCGCCATTGCCCAAACTGGCAATAGTGCTCCCATCCCCGTCGTGCAGCCATACCTGGTAGTCAATTACATCATCGCGACGACGGGAATATATCCCTCGCGGCAATAAAGCAGGACCGGCCAGACACACGAACCCGCATGTCAGCAGCAGCGATCCATTCCGTAGATTCCAGGAGCATCCATCATGCTCTCCGTATCGCTTGCGATGAAGATGCCTCTTTCCTTTTGGCTCTCTTCGTCGAAAGGAATTCACCGAAATTCGCGGCTCTGGAATGGGATGACATCCAACTTCGCCCGGTCCTGCAAATGCAGTATCGGGCACGCATAAAGGGATTTGCTCAGCAGTTTTCCGGCCTGCAGGATTTCGTAATTTGCGACATACAGCAGCAGCCGATTGGCGAGCTGCTTCTAAATCATAGCGCCGGCGAGATACGGGTTGTCGATCTATGCATTTCGAGTGCGTACCAGGGTCGAGGAATTGCGACACAGTTGCTGTCGGAGCTGCAATATAAGGCTGCGACAAAGGCAGCCATGATCACACTCAGCGTCGATCATGGAAATCCGGCTCGAAGGTTATACGAACGGCTTGGATTTCAGGAAATAGCAAGCGATGCTCTCCAGGTAGAGATGCATTGGAGAGCTACCGATAGTAAATCGGCGAATAAAGGTTGATTGATGCGTAAGTTAACGAAGAAGTTCCTGCAAAAAACGGCTCCGTCCATTGCATGCGCGTTTTTTTGTGGAGCGACGCCTCTGCTGGCCCAGGGCATTCTGTCCGTCACCCCTGGCAGATCCATCGCGACGAACACGGGAACTCGAGTCGTCGGTTATGGCGGCGATGGAGGGACAGCCACATCGGCAACCCTGGCCTCCCCCTCAGCCACAGCATACGATACAAATGGAAATCTCTTTATTGCGGATACGCAGAATCACGTCGTTCGTAAAGTATCTGCCGATGGCACCATCACAACGGTTGCCGGCAACGGCACTGCGGGATTCGGCGGTGATGGCGCAGCCGCCACGCAGGCGTATCTTGACACTCCGACCGGCGTGGCAGTGGATAGCAGTGGAGAT
CP048114.1_gap37	2014676	2018017	3341	CACCTCTCGGCCATGTATGCAAATGCGGAGTTCATGTGTAATCCGGCACTTCCCCAGACAGAGCGCGAAGAGCTGCTGACCGAGGTCCGAACCGCCGTCCATGATATGACGGATCTTCTCGAATCGCTTCTGCTCTTCAGTCAGACCGGTAAGGCTCTCCAATGTGTGACCGAAACCATGTCCACGGTGCTGAAGCGCTCAATCAACACCATCCGCTCTCATCCGGCGGCTCATAATGTCTCCCTCTCTCTCGATGCACCGTCCAACATTCAGGGATATGTAGATACGCGCAAACTGGGCCGTGCAATCTATAACCTTCTGCTCAACGCTTGCGAAGCCGCTCAGCGATCACCCTCTCCAGCTGTCCATGTCCAGCTCACGCAGGATGAAAATATGATCTACATCAGGATCATTGACAATGGTCCCGGCGTGTCAGAGTCCGTCCGCAAAACCATGTTTCTTCCCTTTGTCAGCGAAGGAAAACAAAGCGGCACCGGACTCGGCCTTACACTCGCCGAACACATCGCATCCGAGCATGGCGGCGCAATTGCCTTTGAACGCACGGACGATCATCTCACCATTTTTTCTCTCGTTCTCCCCCGAAACACATGGCCCGATCCCCCAGGATCGCAAGAAGGCTCCAATGAAGATATCTCGAAGGTGACACAGTGACAGATCACTCTTCTATCCGCCTCTCAGTCATCCTGTTTATCGTTTTCTGCGTATCTTTTGGATCGGCTCATGCACAGACGCAAGAAACGAACCCCGCTCCAACTCAGGCCCAGCTCCAAAGCCTTGCATCTCGTCTCGCAGATGCTGAAAAGCGCCTTCAACAGTCCCAGCAGGAGATGGAGCGCCTACGTGAGCAGATCAGCGAGATGCAAAGTGAACTTTCCGCGCTGCATACTCCAACGACAACTCCAACTCCGGCTACAGTTCCTACACCCACAGCTCCGCTCATCGCCGCCGGGACCGCGTCCTCTTCAACTTCAACCGCGGATATCAAGGAACAGCTCGCCATGATTCAATCTCAGGTCGAACAGCACGATCAGATTAAAGTTGAAAGTGCCTCCAAATATCCTGTACGGCTGACCGGACTTGTTCTCTTCAACGCTTTTTCTAATCACGGTGGCGTCGACAACTTCGATCAGCCTGGTTTCGCGATTCCGCAAAGCTACGATACGCCGTCGCAGACTTTTGGCGCGAGCCTCCGTCAAACCATCCTTGGCATCCAGGCTAACGGCCCTCATCTTGCCGGCGCTTCCAGTTACGCCGAGGTAAACATGGATTTCTACGGAGGCATTCCATATAGCAGCTATAGTTCCAGCGGAGGGAATAGTTACGGCTCGGGTGGAGGCATCGTTCGCATGCGCACAGCCTTAGCCAGCTTGCTTTGGAGTAAAGATACCCTTGAAGCAGGTTTCGTCGCTCCTCTCATCTCTCCTCTTTCACCTACGTCTTATGCCTCCGTCGCCGAACCCGCCATGGCAGGAGCTGGAAACCTATGGGTGTGGGCGCCACAGCTCCGCTACCTGCATCGTTTTGATACCTCCTCGCGCGGCAACTTCTCCTGGGAGTTCGGACTCTGGGATCCACCCTCGGCCGGATACACCAATACCAGTGTCTATCGCACTCCCTCCCCGGGAGAGCGCAGCGGCCAGCCAGCCTACGAATCGCGAATTTCGTGGAATCGCGGAGATCCTGATTCACCCGGTCAGTTGCAACTTGGCCTCGGCGGGTACTACTCCCGTATGGCCTATACAAACCGCAACGGAGATTCGTATGCGGTCACTGGAGACTGGAAGGTTCCACTCACCCATCGCTTTGAGATCAGCGGAGAAGCCTATCGCGGACGGGCCATCGGCGGGCTTGGTGGCGGCGTATACAAAAATGCCGTCACTGGAAGCGATCCCATCACCGGCGCCTCCACCTTCCGCCTGTTGAACGATGCGGGAGGATGGGCTCAAGCCAAATTCCGCTTCACAAACGTCCTGGAGACCAACGGAGCCTTCGGCCTTGACAACGGCTTCTCGCGCGACTTCCACTCGTTGGTCCTTCCATCAGATGCCAGTGCCATGCAGCTTCGAGCACGCAACCAGATGTGGTCTGCAAATCTCATTTACACACCGAAGACCTATCTCATCTTCTCACCCGAATTCCGTCACATCCGCACATTCAATATCAACAGCGATTCATCCTCAGCAGACATCTTCACGCTTTCATTGGGATACCGTTTTTAAACTTTAGGCAGGCATACATGATCGAACATGGAATTCGCCGATGGACAGTTGCGCTGTTGATCGCAGCCTGCACTTCTTATGCCCATTGCTCGGAGATTACAGCCACCGTCCACATAGACCATGCAACGCCACACCAGGTATCTCCCGCCAATGTCGTCGTCTGGCTCACCCCCATGAGCACATCTCTTCCTGTTCCCACACCAAAAACCAATGTGAAACTAACCCAGAAAAACAAGGAGTTTCTGCCTCACCTGCTCGTTGTTCCCACCGGCACAAGCGTTGAGTTCCCAAATATGGATCCTTTTTTCCATAATGTCTTCTCGTTGTTCAATGGAAAACGCTTTGACCTTGGACTTTACGAGGCGGGCAGTCACCGTTCTGTTCTTTTTGATCGCGAAGGAGTCTCCTACATCTTCTGCAATATTCATCCACAGATGGCCGCCGTGGTCGTTTCTCTCAACTCCCCATGGTATGCGATCTCCGATCCTGCAGGCTCCATCGTTATTCACGACGTTCCACCGGGCCGTTACCACCTCCATGTATGGGCGGAACAATTGGCGCTGTCTTCTTCGACACGAAACAACGAAATTATTGATGTACCAAAGGAAAGGTATGAGTTGGGGAACCTGGATTTTCACCGGACCAACACACTAACGATGCATCACAAAAATAAATTCGGCAAGGACTATGCGCCGGAAGTCCACGCTGATTATTGATGCGATCATGCAACTCTCGATGAGAGTCACGGCCTTCCAATTCACAGAGCGGTTCCATCTTCATCAGAACGTTCCCTCTCCTTGCCCCGGACGCCAGCAGGCATTCCCAAGACCAAAATGGCCATCCCGGTACTTACCAGGATGGCCATCATCAAGATCTCGTAGTCAAGTTTGGCTAGCTAGCCATCGTGCCACGCCACGCGGGCTCGTCTACGGCAAACGCCTTGAGAGCCTCCTGCCTGCCTTGCAGTGTTCGGCAGAGAAAACATTCCTGACGATGATTTGCAATCGCGTGCTTCACCGCAGCCATCTCCACCTCAGCCTTGCTGCAATCTGCAGTCGAGCCGCCGAAGACGTCCGTATCGCCGAGACCACGATAGGCCTC
CP048114.1_gap38	2020146	2023031	2885	CCCTTTCGTCCTTCCTTAAAAAAGGGGTTCACGTAGTCGTTGCCGGGACTGTTGTGTCCGAAATAGTAGTCCCAATAACGATCTTCGACGCCATTACGTACATGAATCTTTCCCAGAATGGCGACCTCATAGCCAGCTTCATGCAGAATCTCAGTGAATAGCGGGAGATCTTTAGGTAGCGGCGTATTGATGTGCTCATTGGATAAAGCACCGTTCGTGCGTGAGTAAAGGCCAGTCAGGACAGTAGCCCGCGCTGGAGCGCAAAGAGCGTTCGTGCAGAAGGCGTTCTCAAATCGGATCCCTTCACGGCCGATGCGATCGTGATGCGGTGTTTTCAGAATCGGATTACCGGCAATCGATAGAGCATCTGCTCGTTGTCCCTCGCCAAAGAAGAAGACCAGGTTGGGCCGCTTGGGTGGTTTTGTCTGCTCCGCGAGAGCCGACAGGTTGCTTGTGGAGAGAAGGCCGCTACCGGCCGCCGCAAGTGAGCCCTGCAGGAAGTCTCGTCGAGTCGTATGCGCGCTCGATAGGGAAGGGGTGCGGTTCGTCTTATTCTGCTCTGACACGGATATCTCCTGAGGTTCTTAGAACGAAAGTTTGAGGCGAAATGCGACATTGCGTGGATCGAGGGCAGATGTAATCTTGCCGAAGGTTGCAGAACCGTATGTGGTCCCCACACCGTTGAATGAAGGGTGATTGAAGAGGTTGAAGAATTGCGCCTGGAAGGTCGTCGTTAGAGCGTGATCGGTGGCTATATGGAAGGTAGCTTTTTTTGCCAGACTGAATTGTGTGCTATTTAATCCAGGAAGGCGAACAGTATTGAGACGTGCATTGCCGAACGTTCCCAGTGCCGGCAACGCGAAGCTTGATTTGGAGAAGTAGTCGTTTACGTTGCCGTGTTTGTAGATGACGCTATTGATCGCGTCAGGCCGCTGACCTGTATTTCCGACGCCAGCCCTATCCACTGCGATCGTTGGCGTAACCGGCATTCCTCCTTGAAATGTGGAGACTCCGCTGACCTCCCAGCCTCCGAGTGTGTATGCCAGCACGTCCGATCGACCGCGGAAGAATGGAAGATCGTACACGTAATTGACGGTAAAGATATGTCTCCGATCGTAGGCTGTTGGACCCGCTTCGGTCGCGAACTGGTTCTGTCCGACCTGCCGTCCCATGGACTTGGACCAGGTATAAGCGGCTTCAAACAGAAGTCCGTTCTGGAACCGACGACGGACCGTGGCCTGCAATGCGTTGTAGTTTGCCGAAGCAGAGCGGATATCGTAGTTGATCGCAGCATAGCCACGATAAGGCCGCACCGTATTTACATTGACCGTTCCCGCAGCGACTGCCACATTTGGCGATGCCTGATTGATATTCGGTGTCTGATCGAGGTGTCTTGCTGTATTGCCGACATAGCTGACGGAGGCCACGGTGGCAGACGGAAACTGATGCTCGAACGTAAGCGAATACTGATTCACCGTCGGATAAAGCTTGCGCGTATCAAAGGCGGCTAGCGTTGGAGGAAACGAAGTCTGCGTTCCACCGGTGAAGCCCGTCAGGGTTGTGTTGTAGATGGTGGCAGACTGTGAGAACGGCGGATTGGCGCTGAGATTCTCGTGGTTGTCATTGTCCCAGTGATAGAAGATGCCATAGCCACCGCGAATGCTGGTCAGCGAAGATCCAAAGGGCGCCCACGCAAAGCCGACTCGCGGTCCGATCTGGTTTCGAGTTCCGGTCAAAGATCGCGGAAGATCGAGGCCCTTCTGATTCTGCACCGTGATGATGCCGTTCTCCGGGTCTCCCGTCCCCGATACCAGCGCGCCTGACGCTGTCACCGCGGGAGCATTCGCCGCAACATAAAGCGACGGGACGAAGTCTGAAAGATGGTCATACTTGTCGTAACCGTTTGGAGCGCCACGGAAGACGGTATCGCGTACTCCTATGTTGACAGTAAGATTGCGAGTTATCTTCCAATCGTCCTGCGCATATCCCTCATACATGTTTGAGAAGAGATAGACATTCGGAGTGGAGCTCTGCTCTGTATAGCTGTACGCGTACCCAGTCAAGAAGTCCGCCAACGCATTGCCGGTCGCCGAGCCTGTGAAGCTGAAGCTGCCCGCCTGTCCTGAGTAAGGAAACCGGTCGAACTTCTGGATGCGAAGGATGTTGACACCGAATTTGAGCGCGTGGCTCCCCAGCTGCTTCGTCAGATCATCACGCCAGGTGTAGACGTTGTTTGTGTTGTTGGTGAGTCCTTGTGCCCCGATGGAGGAGTATCCGCTGATGGAGATCGTCGGAATCAGGTTGTATATGTTCGCGTTGTAGAGTGAGGGAATTGCAAGACCTGCAGAGCGGGTGGCAGAGCTGTCAGGCGTCTGAGTAATGTTGTTTCGTGAATATCCAAAGGTCGCCTGGTTCAGCAGTAACGGTGAAAATGCGTGCGTCCATTGAAGAACAGTATTCTGGCCGGGCTTGGCGAAATATCCTCCGATCGTAGGGAAGGACTGGTTTGACGGCTTCAGGATGGCCTGCTGCTGGCTCCAGGAATCATGTGCATACCGCACCATGAAGTTATCCTTGTCCGTGATCGGGATGTCTACGCGAACCAGTTCCTCCCTCCATCTCGTCTGACTCTTCGGGCTGACGGCATAATTGGAACTGCCCGTGCTGTTGGGTAACGGGAAATATGCATTCAGCAGCAGTGTCGCGTTTGGGTCGATGTTGGTTACCTGATTGTTCACGTAGGAAGCGCCGGTCACAGGATTTTTCAGCGCGGTCGGTAAAGACGAGAAGTCTCCTGCTCGCTGTGCTGCTGTCGGGGTGGTCGCCGTGAAGGTGCTCTGCGGTGCGGTCGTGAAGCCGGTCAGCTCCGGTCCTGATCGGCGATC
CP048114.1_gap39	2025121	2027887	2766	TTCGATTCGTTCGTCGCGCGCGAGTCCGCGCGTTTTCTGCGGAACCATCGAAGTGAGGACGGACCCTTCTTTTTGGTGAGCTCGTTCCTGAAGCCACACGATCCCTTTATGCCTGCACAGCGGTTTGCAGATATGTTCCGGCCTGAGGATATGAAGCTTCCGGCAAGCTGGGGGAAGGCTGATCTGGATTCGCTGCCGCGTGAGGTGGTGCAATCCATTCGTTATAACGGCCCCACACCCGAAGTAAGTGATGAGGCTGCGGCGAAACGGCACATGGCCTTCTACTACGCGAATCTTGCGCAGATGGATGATTGCGTGGGCCAGGTCCTAGCGGCTCTCAAGGAGACGGGGCACGATCGTGACACGATCATCGTCTACACATCCGATCACGGCGAGATGCTGGGTGATCTTGGGCTGTGGCAGAAGTTTGAGTTTTACGAAGGCTCCTGCGGTATACCGCTGCTGATACATGTGCCGGACGGCGCCAGCGGAGCGGTGGATACGCCGGTAAGCCAGGTCTCCCTCAGCGCGACGATGACCGATCTGGCGGGCGTGCGCCAGGTGACTCCCAACGATGGCGTGGGTTTTGCCGCACTGGTACGCAATCCGAAGAGCCGGGTGCAGGTAGAGCCCGTCTTTGCAGAGTATGCGTTAAATACGCCGCGCGCCAAATACATGGTGCGCGAAGGCGACTGGAAATACATCTTCTGGGCGCACGACCGCGACGAGTTGTACAACCTCAAGACCGATCCCGCCGAACTACATAATGTTGCGGCGGATGCTCGATGTCGCAACCAGGTTGAGCACCTGAAGGCTGTGCTCTTCGGCTGGCATCGACCAGAGGAGGCATAGCAAGACGCTCCTGTGCCCGCGCGTGACTCTACACGCGTCTGGCCCTTGGCTCGAGGAGGCCTCTCTTGTTATCTCGTCTTGTTCGTTTTTTCCTGGTGATTGTGTTGTTGCCGTATGCTCTGCACGCGCAGCAAACTTCTACTCTGGTGGGCATTGTCTCGGACTCTACCGGCGCCGTTGTACCGGATGCGTCGGTTTTACTAGTAAACACGGCGACGGATTTTCAACGTACGGTTATTACCAATGCGCAAGGGCAGTACACGGCCGCATCGGTGCCTGCCGGAAGCTATCGAATTGCGGTGGAGAAGGTCGGCTTCCAGAAGCTGGAGCGCGAGAACATTACTCTGCCCAGCGCAGCTACAGTAAACGTGGACCTGACGCTGCTGGTGGGCAGCAATGCGGAGACGGTGACGGTCAACGAAGCAGCATCGCTGATTCAGTCGCAGAGTGGAGTGGTGTCATCGCTGGTGGATAGCAAACAGATGGTGGCGTTGCCGCTGGCGACGAGAAACTTCACCGATCTTGTACTGCTGACACCGGGCGCGCACACGGGCTCGGCCTCGAATCTGGCTGAGGGGGGAAGCGCATACTCGATCCGCGGCGGCGCGAATTTCAGCGTGAATGGATCCATCGCAGCAGCCAACTCCTACCTGATTGATGGAATCTACGATCGCAACCTGTGGTTGAATACGCTGGTAATGGTGCCGGTGGTCGATTCAATCCAGGAGTATCGCGTGATGACGAGCAACTTCAACGCCGAGTACGGCGAGGCTGCAGGCGCGATCACCACGGTTTCTACCAAGTCGGGCAGCAACCAGATTCACGGCAGCGTGTGGGAGTTTCTGCGCAACGACCAGATGAACGCCAACAGCTACTTTGCCAAGCAGAGCGGTGTCAAGCGCGCACCGTATCGCCGCAACACCTTTGGTGCGACCGTCGGTGGACCGATCGTGCGAAATAACACTTTCTTCTTCGGTGACTATCAGGGCATTCGTCAGTCGACACCGCAGACCAGCACGACGACCATTCCCACGCTGGCTCAACGCCAGATGGTTCGGACGGGAAACTTTGCAGGCCTGGGTACGCAGATCTATAACCCTTACTCGGCGACCGGGACGGGAAGCGCGGCGAGGCGGACTCCGTTTTCCAACAACCAGATTCCGACCTCGCTGCTCGATCCTGCAGCGGTGAAGCTGGTCGATCTGCTGCCTGATCCAACTAACTCGAACGCAATCAACAACTATACGATCGCACCCGCGCTGACGCAGGACACGGATCAGTTCGATGTGCGTATCGACCAGAACCTCAATGCCAGCGACCGCCTGTTCTTCAAGTACTCGTTCGACCAAACTGAGCAGATCACGCCGGGAACGATCCGTACAGCGGATTCCGGCGTCGCAACGGTAGGGCCGTACATCGGCACGGGAGGCAAGGGCACGCGCACGCCGCTGCGTACGCAATCCGGCACGCTGGGCTACTCGCACGTCTTTACTCCCGCCACACTGCTGGAGGCGCATGCCGCCATCGTGCGCTGGAGGGCCGAGGTGACGCCACTTGGCGCCGCCTATGACTCGGCGACGGCATTGGGGATTCCGGGTATCAACTATAACGCTCTGTCCGGCGGCCTGCCTGGCTTTACCATCGCGAACTTCTCGCCGCTGGGTGATACCTCAACCTATCCGGAGAACAGCTATGTCACGACGTTCCAGTACGACGGCGACATCATTCACACCGTAGGACGACACACGATCAAGGCGGGCTTCCTCTTCCTGAGGCACCGCTTCAATGGCTTCTCGGCCTTCCCGGTGCGCGGCACCTATGACTTCAACGGACAGTTCACGCGTCAGATCGGCTCGACCAGCGCAGCGACGTCATTGGCAGACTTCGCGCTGGGCGCAACCGACGCTGCGAATC
CP048114.1_gap40	2110569	2111638	1069	ATAGACCGTCGCCTTGGCCAGCCCGGCCTCGGCCGCAATGTCGTCCACGCGCGTGCCTTCATACCCCTTGGCGCCAAAGACCTTGGTCGCCGCCTCCAGGATCTCCGACCGGCGGAACTCCGTCATCACCTGCCGTCTTCGTTCATCTGTCTTCTTCGCCATGGACAATTCTGAATCTCTCAGAGAGTGTAAAGCGTCTGGTATTTGAACTCATTAGTTCAATAAAACATACCAACTAGTTCAAGTAAACGTTAGAGTACATGCCCCAGGCCCTTGAAGAGATCGATGCAGAAGCAGCGCTGGTCGAAACCATTCCGGCCTTCGACCAGCAGCACGTCTCTCCCATCCGCGTCTTCAGCCCATGGATCGTCGCCATGGTCGTCACCATCGGCACCTTCATGGAGGTGCTGGACACCAGCATCGCCAACGTTGCCCTTCCTCACATCGCCGGAAGCCTCTCAGCGTCGCAGGACGAGGGCGCCTGGGTCCTGACCAGCTACCTGGTCGCCAACGCCATCATCCTTCCCATCAGCGGCTGGATCTCGACCGTGATGGGCCGTAAGCGCTTCTATCTCACCTCGGTTCTCTTCTTCACCGTCTTCTCCGCTCTCTGTGGCCTGGCTCCCTCGCTCGGACTCCTCATCGTCTTTCGTGTCATGCAGGGACTCGCCGGTGGCGGTCTGCAGCCCTCCGTCCAGGCCATCCTCGCCGACGCCTTTCCTCCGCAGAAGCGCGGCATGGCCATGGCGCTCTACACCGTGGCTATCCTCGTCGCTCCTGTTCTGGGCCCCACGCTCGGAGGATGGATCACCGATAACTACTCCTGGCGCTGGATCTTCTACATCAATATCCCCATCGGAATCCTCTGCTTCATTCTCACTCGCGTCGTTCTTGAAGATCCGCCGCACCTGAAGGCAGCGCGCGCCGCAGCCAGGGGCAATCTGCGCATCGACTGGACCGGCCTCAGCCTGATCAGCCTCGGCCTGGCCACCCTCGAGATCGTCCTCGACAAGGGACAGGAGCTCGACTGGTTCGGCTCGCACTTCATCGTTGGCTTTGCCACCGTCTC
CP048114.1_gap41	2129511	2133997	4486	ACATCTTGGGCTATCTAGATCGGTTCATGGCAGCCGTGTCACTTGCGTTCTTACCTGAAGTTCTGATAAGCGAAATAAAAGCGAAACTAGAGGCAGAGAACAACCGCTTATGCGGTGCCGGTCGAAGTTTTCTTCTTCCTTAAGAGCCAGACCAGGTAGGCCAGCACGGACAGGTTGATCAGTAATAGACTGAGCCGAAACCAGTTAGCATGGCGCGTCAGCTCAAAGATCTCCCAGGGAAGAAAGGAGATGGTCAGGCTCAGTGTCAGGTACTCTGCCCAGACCTTCTCCAACATCAGGCCGATTCCTTCGGTCAAGGCCAGGAGAGAGTAGCCGAAGGTGGCAAGGCTGATCTGTTTCAGCCGGTGCGCGTCAATCAGGTCGATCTTATCGAGCAACAGGGTGACCAGCTTGCTCTCAGGATCGAACTTCAGAGCGGTAGCGATCCGCATGAGCTCGTCGCCAAGGTCTTTATGGAGCAGATGGATCGCTCCCATTCCCAGGAAGAAAAAGAGGATCGCCTTGCCCAGCTTAAACAGCCCGATCGCCATCAGACCGCGGTCATGGTGTCGAGCCGCGGTTGTGGAGCGAACAATTGCGCCCGTCTTTGTCCAGCTTCGATCGGTTGTTGCTTCGGTTTCCATCCTGATTCTCAGTTGACGGGGTTAACCGGGAAATGTCAACGAGACCAGCGTGAGACTGAAAGAAACGAGTTTCTGTCTGAAACACGCCTCATTCAAGCGCCTCACGAATGCTTCGCCAGCACCTGCTCCATCAGACGGTTGAGATGAGGTCGGGCCTTTTCGAGAGCGGCCTCGGCGGTAATGCCATACCGAATCCGCAGTGCCTCCACCTTTCCATGCTCGATAAAGGTGTCCGGCCAGCCGACGCGGACCACGGGAACATTCGCATCCAATCCGTTGAGCGTCTCCATCACCGCCGACCCGAATCCTCCGGCTAGCACATGATCTTCGAGGGTGATCAGCAGGCTGGCGCGTGAGGCGAAGTCGGCCACGCAGCTTCTGTCGATCGGCTTGGCGAATCGGGGATTGATGACCGCTGCGGAGAAGCCCTCGTCTTCAAGCATCGTCTTCAGGCGAACCGCCTCAGGCAGCATGGCTCCGAGACCGAAGATGGCAACATCGACGCGACCGGGATCGTGGAGCACTTCGGCCTTGCCGATCTCGATCCGGACCGGCTTCTCCTTCACCGCAACTCCGGGACCGGTTCCGCGCGGGTAGCGGATCGCGGAAGGACCGTTATGGAGCATGGCGGTGTACATCATGTCCTGCAGCTCATCCTCATCTTTGGGAACCATGTGGATGATGTTGGGGACACTGCGCAGGTAGCTGATATCAAAGAGGCCATGATGCGTCGGGCCGTCGTCGCCGCTCAACCCGCCACGGTCCATGCAGAAGACAACCGGCAGGTTCTGCAGGCAGACATCGTGAACGATAGGGTCGAAGGCGCGCTGCAGGAAAGTCGAGTAGATCGCGCAGAAGGGCTTATACCCCTTGGTTACCATTCCGGCGGCGAAGATGACGGCATGCTCCTCCGCAATCCCAACGTCGAAGTAGCGAGTCGGATGATACGGACGAAAGAGATCGAGAGCGGTCCCGTTCGGCATCGCTGCCGTAATGGCAACAACTTTCTCGTTCATATTCGCCAACTTCGTCAGGCTCTCGGCAAAAATCTCCGAGTAGGTCTTCTGCCCGGCTGACTTGGTCTCTCCGGATTCGGGGTCGTACGGGCCAAGACCGTGGAACTTCTTCTGCTTCTCCAGCGCGGGCTGAAAGCCGCGGCCCTTCTGCGTAATCGCGTGCAGGACGACGGGCTTGTTCTGCCGCTTGAGGAACTTGAAGGTCTCGATGAGCAGCGGAAGATTGTGGCCATCGATGGGACCGTAATAGCTGAGTCCGAACTCCTCAAAGAGCATGCCGGGACCGATGAGTCCCTTGGCCGCCTCTTCGGCCTTGCGAACGACATGGCGTGCGGCCTTGCCGCCAAACTTCTCGATCAGTCCTGCGGCCTTATCGTGCAGGTTGCTGAAGGTGGTGTTCGCGGTGATCTTGTGGAAGTACTCCGCGATGGCGCCGACGTTCTTGTCGATCGACCAAGCGTTGTCGTTCAGCACGACGATCATGCGACGCGTCTGCGCGGCGATATTATTGAGTGCTTCGAACGAGATGCCGTTGGTAAACGCGGCGTCTCCCGCCAGAGCGATCACGTGTTCGCTTCCGCCTGCCAGATCGCGAGCGACCGCCATGCCAAGGGCGGCGGAGAGTGCGGTTCCGGCATGGCCTGCGCCATAGCTGTCATGCTCGCTCTCCGTGCGAAGCATGAAGCCGTTGAGCCCATTCGGCTGGCGGATGGTATGGAAGCTGTCTTCACGGCCGGTCAGGAGCTTATGGACGTAGGCCTGATGGCTGACGTCGAAGACCAGGCTGTCGGCAGGGGTGTCAAAGACGTAATGGAGAGCAATGGTCAGCTCGACCACTCCAAGATTCGGTCCGATGTGACCGCCAGTCTTGGCAACGACCTTGATGAGCCTTTCGCGTATCTCCTGAGCCAGTTGCTCCAACTGCGGAATCGAGAGTTTTTTAACGTCAGTTGGCGACTTGATCGTTTTTAGAATTCCGTCCATTCGCTGGTTCCTGTTATCCGGCCTACCCTTAATTCGACGCAATTTCCTTCCATGAGACTCTGCGGCCTCTCCATTGGACAGTTTCTAAGATCAAGTATAGCGGTCCGGATAGACAGTAGAGGGAATCCGGGTAAGCACCTGCCCTTGCAATGGAGGTATCGCTCGGATGCGTCAGGATTAATGCTGCGACAGGATTTCCAAACTAAATAGCTAAAAAATCAATGACTTATGTTTGCCTTCCTGAATGCGTATGCGATTCGTCTTTGCTGAACGAAATGACGAATCCCTATATTTTGCCCGGAGCACCATTAGGCGCTGCAGGCAAAATACAGGGATTCGTCGCATTGCTCAGAATGACGGCTTTTCTAAATTCATTTCGGTTGCACTTGACTGCTAAATCTGTGAATAGGGCGCAGGCGCCAGGATCAGGCTGTCGACGTTGCTGACAATCGGCTCAAAGTTGTAGCGCGGGTTGCCGGTGAGCTTCTTCCAGTCGGGATCGGCGAAGAACTTCTGCCATCCTGTCTCGAGGGCTTCCATATCCGGAAAGGTCAGCATATAGGTCAGCTTGGGCAGGTTCGGACCGACAAGCGCGTCGCTGAAGAAGACGTTGCCACAGCCGGACTTCTCAAAGATGCGGAACTCGCCCTGGTGGAACATCTCGACCTTGCGGATGTGGTCGGCAGGCGTCGGGCTTTCATAGGTTCGAAGCTGGAAGATGCGCTTGGGGTTCTTCGGGGTCGGCGGGGTAACCTTCGGATAACCCTCGAAAGCCTTCAGAAGCGTGCTTTCGATGCGCTCGAAGGGCGGCTCCTTCGCGGGTGCGCTCCAGAAGGGCTCGGCTGCTTTGAGAAACACCTCATCCTTTGCAAGAAGAAGGTCGACGTTGGCGACCGTCTCGAGATTGGTGCCCGGAATCAGCAGATAAGTCGTTGGGGTCTGCGGGCCGAAGGTGACCTTGAAAGCGCCGATGGGCGAAAGGCTGAGGCGATTGAGAGCCGGGATGAGAGCACCGGAAAAGAACTGGTCGGTAAGCTTCGCCTGGGGTCCGCTTCGGAGGGTGTATTTGCGAAGCTGGTAGTACTCGCGAGTTCCGGACGAAGCCGGTGCCTGCGCCGATACAGCAGCGGGAGCGATGGCAGCAGCAGAGGACGCAAGGGCGGTCTTAAGGAAGCTTCTTCTTTGCACAGAGGTATCTCCAGATCACGCGAGGCAGATGGTTTTGCTCAGGTCTGACAGTCTAACCGATGGCAGCTTGCAGATACAGTTGCGGAAGATGGAATCAGTCGGAGATGCCTTCAAGGACGGTTTCGCTGACCGGCTCCACTCCAAACTCCCCTTCCCATTGGGCGACGACGACCGAGGCGAGACAGTTCCCGACGACGTTGACGGTCGTGCGGGCCATATCGGCGAGAGCGTCGATGCCCAGCAGGATGAAGATGGGCTCCGCGGGAAGGTGAAACGTCGCTGCGGTAGCGAGCAGGACCACCAGCGTGGCCCTGGGCACTCCGGCAACACCTTTGCTGGTGAGCATGAGGCTCAACATCATGACGACCTGCTGGCCGACAGAGAGATGCATTCCCGCAGCCTGAGCGACGAAGATGCTGGCCGCCGCCAGGTAAAGGGTCGAGCCATCGAGATTGAAGCTGTAGCCGGCCGGGATCACAAAAGAGACAATGCGGCGGGGAACACCAAGAGCCTCCATCGCCTCCATCGCGCGGGGCAGAGCGGCCTCGCTGGCCGAGGTGGCGAAGGCGATGGAGGCTGGCTCAGCAACAGCGCGAAGAAAGCGCCGGACAGGCACCTTGAAGAGAAGAGCCACCGGAAGCAGAACGAAGAGGC
CP048114.1_gap42	2151088	2155999	4911	CGCCTTTGAGCTTGCCTCGAAGCGTCGCAAGAAAGTTACCTCCGTCGACAAGGCCAACGTGCTCGAAGTCTCGCAGCTCTGGCGCACCACCGTGACCGAGATAGCGAAGGACTACCCCGATGTCACGCTCGAGCATCAGCTGGTCGATTCCATGGCGATGCACATCATGAACGTCCCGCGGAACTTCGACGTCGTGCTGACTGAAAACCTCTTCGGCGACATCCTCTCCGACGAGGCAGGCGTCATCACCGGCTCGCTCGGCATGCTTCCTTCGGCGACCATCGGCGGCACAGTCAATCTTTATGAGCCGGTGCACGGCTCCGCCCCCGACATCGCTGGTACCGGCAAGGCGAATCCTCTCGGCGCGATCCTTACCGCAGCCATGGTTCTGCGGCACTCGGCCGGGCTTGAACAGGATGCGCGCGCGGTCGAGCAGGCAGTCCACAAGGTTCTGGAGGCGGGATACCGCACGGCAGATATTGCCCGCGGAGGCGAAGAGGTGCAGCTGGTCTCCACGCAGGAGATGGGCAAGCACGTCCACCAGGCACTGGCCGAATCCATCGACCGGCGCCAATCGCTCCATGCTGTGTAATGACGATGAACTGGCAACTGAGATTAGTTCTGATGAACCTGGCAGTGGGCGCGGCGCTGTACTACCGCTGGCATCTTGGCGCACCGCTGCAAACGTTATTGATCGCCGCGCTGATCATGTTCCTTCTGGTAAACGTGCTCATCCTGCTGACACGAAAGAAACCTGCTTCCACCAAACGATAGATGCGCCGCCTCTTCCAATTCGCCGCCGCTGTACTGCTCATCACCGTAGTGCCGGCGTTATGTGCGCAGCTTCACCTGAAGCGGGAGAAGCCTCCTGTCGAGGATCTTTCGTGGATGTGGCAGTACACGCAACCCGCACCGATTGGCAATGCAGCGGCGCTTCTCTCGGATGTTCGCTTCAAAACGCTTCTGGCGACGCACCTGGCTGCACCGCAGAGCTTCTGGGGCAGGGGCAAGAGCCTGCCCGACACCATCGTCGAATTTCTCGGCCAGCCGCGTTCCGTAGTTGCCGAGCAGAACCGCTACTTCATTGCAACCGGCTGCGCGGCGCAGTTCTGCCCGGAGCGTGGAATGCTCTGGATCGACATCGCCTCGCCGCGTCCGCTGTTTGTCTTCGCCGCCACCCACTGGATCGCCGAGGACAAGCCGACCGATCAGGCAGGCGCGACCTATACGCTTTGGGTCTTTACCAGCCGCGCACTCGACCCTGCGCATCTTCCCCAGGCCCTCACGCGCAGCATTGCGCCGTGGGCGCAGGAACCCCTCGCCGACAAGACCGTCGAGCAGATCGCCAACGTGATCCTCGTCGATCCTGACGGACAACCGCACCAGCTTCAGCCGACCGACGTCGGCATCACGCAACCGACCGAGCAGAAGGCAAATTCATGAGCACAGCACCAAAGACGTTGTTTGAAAAAGTATGGCAGCAACACGTCGTCGCCGAACCCCAGGGCGAGCCGACGATCCTCTACATCGACCTGCACCTCGTCCACGAGGTCACCAGCCCCCAGGCCTTCGATGGCTTGCGCATGGCTGGCCGCAAGATCCGCCGTCCCGATCGCCACATCGCTACCGTCGATCACAACGTGCCGACGACGAGCGCCTATGACCGCCTCCACATCGTCGATCAGGTCTCGGCCGCGCAGGTCAACGCTCTGCGTAAGAACTGCGCCGAGTTCGGCATCGAGTTCTTCGACGTGCAGGACTCATCCCAGGGCATCGTCCACATGATCGGGCCGGAGCTGGGCGCGACCAAGCCCGGCATGACCATCGTCTGCGGCGACTCGCACACCTCCACCCACGGAGCCTTCGGCGCGCTCGCCTTCGGGATCGGCACCAGCGAGGTCGAGCATGTCATGGCCACGCAGACGCTGCCGCAGTCGAAGCCGAAAACCTTTCGCATCACCGTCGATGGCGAGCTTCCCTTCGGCGTTACCGCCAAGGACATCATCCTCGATATCATCGGCAAAATCGGCACCGACGGAGCCACCGGTTACGCGGTCGAGTACGCCGGCTCGGCCATCCGCTCGCTCTCGATGGAAGGCCGCATGACCATCTGCAACATGAGCATCGAGGCCGGAGCCCGCGCCGGAATGATCGCTCCCGACGAGACCACCTTCGCCTACCTGATGGGCCGCCGCTTCTCGCCCACCGGCAAGGCCTGGGACGAGGCTGTCGCGCACTGGAAGACCCTCCCCTCCGACGAAGGAGCTGTCTTCGACCGCGAGCTGCACATCGACGCCGCGACGCTGGCCCCCGCCGTCACCTGGGGAACCTCGCCCGGCATGCACGCCACCATCGACGGCACCGTTCCCTTGCTCGCCGACGCGAAGACCGAGGCCGACCGCAAGAGCTTCGAGCGCGCCTACGAGTATATGGACCTGAAGCCCGGCACCCCGATGGAGCAGATCACGATCAACACCGTCTTCCTCGGCTCCTGCACCAACGGCCGCATCGAAGACCTCCGCGCCGCGGCGAAGGTCATCAAGGGCCACCACATCGCCGAGAAGGTTCGCGCGATGGTCGTGCCCGGCTCGCAGGCCGTGAAGCGTCAGGCCGAAGCAGAGGGCCTCGACGAGATCTTCAAGACCGCAGGCTTCGAGTGGCGCGAGCCCGGCTGCTCGATGTGCCTCGGCATGAACCCCGACATTCTCCAGCCCGGCGAGCGTTGCGCGTCTACATCCAATCGAAACTTCGAGGGCAGACAAGGCCGCGGCGGACGCACGCACCTCGTCTCGCCCGAGATGGCCGCAGCCGCTGCCATCACCGGACACTTCACCGACATCCGCAAGTGGAAGCAGACGGAAGGAGCACAGCGCTAATGGAACCCATCAACATCCTCACCTCGAAGGCCGTGCCGCTGCCGCTGCCCAACATCGACACCGACCAGATCATCCCGAAGCAGTTCCTCAAGCGCATCGAGCGCACCGGCTACGGAGAGTTCCTCTTCTTCGACTGGCGCTACGATCTCGAGACGCCCGATCATGTCGAAGAGCGCAAGGACTTCGTGCTCAACAAGCCGGAGTACAAGGGCGCCGAGATCCTGATCGCCGAAAAGAACTTCGGCTGCGGAAGCTCACGCGAGCACGCCGCATGGGCGATCAACCAGTACGGCTTCCGTGCCGTCATTGCGCCGACCTTCGCGGACATCTTCTTCTCAAACGCGGGCAAGAACGGCATCATCCTCGTCCGCCTCAGCGAAGAAGACGTGCAGACGCTGATGAAGCGCTCCACCGAGAACCCCGATCACCAGATCACCATCAACCTGGAACAGCAGACCGTCACCGATGATCAGGGTTTCAACGCCCACTTCGACATCGATCCCTTCCGCAAGTACTGCCTGCTGAATGGACTCGACGACATCGGCCTGACGCTCCGCCACGTTGAGTCACTGGACAAGTTCGAACAGAAGCACAACAAGGAATTCTGGTCAGCACCAAAGACCGCTATCGCGTCTTGAGAAGACGATCGTGTCTTAAGTTGTCATTACGCAGCGTAGCGGAGGAATCTGTTTTTCGTTTCGGAACATGCTTTAGTTTTTTGAATTTGCTTTTCGTTTTGTTAAGGGCACGGCTTCAGCCGTGCCGCAGAAGCTAACTCTTACGAGGGGCTTTAGCCCCTGAGGGAATTTGCGAAGTGAGCAACGAACTTAGCCCGGCAAAGAAATACTCCAAGGTCGTCACCGAAGGCCCCAACCGCGCCGCTGCACGCAGCTATCTTCGTGGCGTCGGCTTCTCGAAGGAAGACCTGCACAAGCCCATCATCGGCGTCGCCAACACCTGGACTGAGGTCGGTCCCTGCAACTTCCACCTGCGCCAGGTGGCAGAGGCCGTCAAGCAGGGCATCCGCGAGGCAGGCGGAACTCCGATGGAGTTCAATACCGTCACCATCTCCGACGGCATCACCATGGGCACCGAGGGCATGAAGGCATCGCTGATCTCGCGTGAGGTCATCGCTGACTCCATCGAGCTGGTCACACGCGGCAACAGCTTCGATGGCCTTGTTTGCATCGCCGGATGCGACAAGAACATGCCGGGCGCCATCATGGCGCTCGCACGTCTGGACATCCCTGGCCTCATGCTCTACGGCGGCTCCATCGCCCCCGGCCACGTGAAGCAGCCGGATGGCTCTGACAAAGAAATTACCATCCTCAACGTCTTTGAGGCCATCGGCTCGCACGCCGCAGGCAAGATCAACGACGAGCAGCTCGAAGCCGTTGAAGCCGCGGCCTGCCCCGGTCCCGGAGCCTGCGGCGGACAGTTCACCGCCAACACCATGGCGATGGCCGGTGAGTTCCTCGGCATCTCGCCCATCGAGATCACCGGCGTTCCCGCCATGTCGCCCGACAAGGCGAAGGCGTCACGCGAAGCCGGCCGCCTCGTCATGCAGCTCGCGGAGAAGGGAGTCAAACCCTCCCAGATCCTGACGCGGGAGTCGATCGAGAACGCCATCACTGCCGTCTGCGCCTCCGGCGGATCGACCAATGCTGTCCTGCACCTGATCGCCATCGCGCACGAGCTGAAGATTCCGCTCTCCATGGAGGACTTCGACAAGATCTCCGAGCGCACGCCGTTCATCTGCGACCTCTCGCCCGGCGGCAAGTACGCCGCCAAGGACTATCAGGAAGCTGGCGGCTCACGCGTGCTGGCTAAACGCCTGATGGACACGGGGCGACTGCACGACACTCCCACGGTTACAGGTAAGACGCTCTTCGAAGAAGCCAAGCAGGCGCACGAGACGCCGAACCAGCCTGTGATCCACACCTGGGAGAATCCGCTGAAGCCCACCGGCGGCCTCGTCATCCTGCGCGGCAACCTCGCACCCGAGGGCTGCGTCATCAAGGTCGCAGGCCACGAG
CP048114.1_gap43	2157061	2161176	4115	CCCTATCGACGGCGTTTCTTGCGTTAGGCTATGCCGTCGACCACGCCCTGTTGAAGGCAGGCGGATTTATTCCTTCCATCCCGGACTTCCTCATCAACTCGCGCTGGGCACGTCTGCTGCTTATCGATTACGCCCCTCACTTTGCCATCGGAGTTCTTCTCTGGTTGATGTTCTTCCACGGCGTTACGATCTTCCGTTCATGCGCCCTTGCCTTCTGTTTTCTTGGAGCGGTCTTGTCCGTAAGAGTTGAGTGGCAGGAGGTTGTGCAGTCTTCCAAAGAACCATCCTCTCTGATGCTCTGCATCCTCATCTGGGCAGCAGCCGTCCTCGCTATCGTTCTGTCGGTGCGCTATAACAAGGCCATCGTGGAGTGGCTCGGCCCAGAAAGAACAAAACAGGCTCGAACTCTCGGCCTGATTACGTATCCGCTTTATCTCTTACACCAAAGTATCGGCGAACATTTCGTTCAACGATTGAACGGGCGTATTCCAGACATAGCGATCATGCTGCTGGCAGCTGCTGCCAGCATGGCTCTCGCGTACGGCGTCGTTCGCTATGCCGAAAAGCCCATACAGGAACGACTGCGTCGACTGCTGCATCCTGTACGCCCACCTGTCTCTGTCTCAACGCTTCCCTGATTGAGTTTCCTATGGACGCTCACTTCAAGCTATTCAATGCCAGAACCACGGAGGTAACCAAATGACTGACAATCACAAAAATGCACACCCCACCCTGACCGGAGCCGAGATCCTATGGGCCACGCTCGTAGGCGAGGGTGTCAGCACGGTCTTCGGCTACCCCGGCGGAGCCATCCTCCCGGCCTACGACGCTCTGCGCAAGTTCCCCATCCATCACGTGCTCACGCGGCACGAGCAGGGCGCGGCCCACATGGCCGACGGTTACGCGCGCGCCTCGGGCAAGGTGGGCGTCGCCATCGCCACCTCGGGGCCGGGAGCAACCAATCTCGTCACCGGCATCGCCACCGCCATGATCGATTCCATCCCGATCGTCTGCATCACCGGCCAGGTCTCGTCCAAGGTTCTCGGCTCCGATGCCTTCCAGGAGATCGACATCACCGGCATCACGCTGCCCATCACCAAGCACAACTTCGTCGCCACGCGCGCCGAAGAGATCGCTCCGATGATCCGCGAGGCCTTCCAGATCGCGCAGTCCGGACGGCCCGGCCCGGTGCTGGTCGACATCACCAAGGACGCCCAGCAGGGCACCGCCATCTTCAACTTCGACGATGCCGCGCCCGCGGCCTTCCGTCCGCACCCGATGCTGCGCGCCGAATCCGCCGAGATGAATCGCGCCATCGAGCTGATGCGTTCGTCGAAGCGCCCGGTGATTCTTGCAGGGCATGGAATCACGCTCTCCGGCGCCGAGCAGGAAGTCCTCAAGTTCGCTGAGCGCTACCAAGTTCCGGTCGCCACCACGCTGCTCGGCCTCGGCGCCTTCCCTGCCTCGCATCCACTTGCTCTGGGCATGATGGGCATGCACGGCGAGAGCTGGGTGAACCACGCCATCCAGAAGGCCGACCTGCTGCTCGCCTTCGGCATGCGCTTTGACGACCGCGTCACCGGCAACCTCGCCAGCTATGCTCCCAACGCGAAGAAGATCCACATCGAGATTGACCCCAGCGAGATCAACAAGAACGTCAAGGTGGACGTTGCGCTGATCGGCGACCTCAAGGAAGTGCTGCGCACCATGGAGCCGCTGATCGCCGCACCCAGCTACGAGCAGGCCAGCGACCGTCACACCACCGCCGAGTGGCTGCGCGAGATTCGCGCCATGAAGGGCGACGCCGCCGTGCGCGACATCATCAATCTGCCCGACAACGGTCACCTCTACGCCGCGCACGTCATCAACGACATCTGGCAGGAGGCCAAGGCCGCGGGCCGTCTGGACAAGACCATCATCGCCACCGATGTAGGCCAGCACCAGATGTGGGAGGCGCAATACTACAAGCACGAAGATCCGCGCACCCTCATCACCTCGGGAGGACTAGGCACCATGGGTTATGCTCTGCCCGCCGCTATCGGGGCCAAGATAGCGCAGCCCGACTACGACGTCTGGTGTATCGCCGGCGATGGCGGCTTCCAGATGACCGCCTCCGAGCTTTCGACCATTCAGCAGGAGGGCCTGCACATCAACGTCGCCGTCATCAACAATGGCTTCCTCGGCATGGTGCGTCAGTGGCAGGAGGCCTTCTACGACAAAAACTACGCCTGCTCGCCCATCCTCTCGCCCGATTTCGTCAAGCTGGCCGATGCTCACGGAATTCCCGGAGCGCACGTCGTCGAGCGCAAGGATGTAACACCTACCGTTACGAAGGCGCGTGAGGGATCTACACCGTTTGTCATCAACTTCTCCGTAGAGAAGGAAGACGGCGTCTACCCGATGATCGCTCCAGGCGCAGCCCTGCATGAGATGGTACGCAGGCCCCAGAAGGATCCTCTGGTCGAGACCGCCGAGGACGAATAAATCGACAGGATGGGGTCAACCAGGACCCCATCCGTCCAAGCACCAGCAAAGATGCAGTGCCTTGCAGTTCTGGAATCGCTCCTGGAAAGCGCCTTGGAATGAAGATCGTTCTTCAACAGAAGTCTGGCCTTGGAAATCAACTGTTTCAGTACGCCGCTGGTCTCTACTTCGCACGAAAGTATTCGGCGCAATTAGAGATCATCCGCGAACCCGAGGAGCGCGCCGTGTCGTTCGGATATCCACGTCCCTTCCTGCTTTCGAAGTTCCGCATCGCCGCGCCCGTGCGGCAGCGGAACCGATGGGACCAGCTCGTCTGCTCGACCGCAAACTCCAAGCGGATCGTCTCCGATCCTGTACGCCTGCTCTCCGGAACCGTGACCCACAAGCCGCACTTCTCCACGGACTGGATCTTCGTCGACGATCTTCCCATCACCACTTCGACGAGAAGCATCTACCTCGACGGGTACTTCCAGGCCCATCAGTACGCCGCGGGAGTCGAGGAGCAACTGCGCAGCGAACTCACGCTTCGTGAACCTGCGACGGGGCAGAACCTCGAGACGCTCAACCAGATGCAAGCCTCGGAGTTCCCCGTCTCGCTGCACGTCCGACGCGGCGACTACACCAAGATCTATGGCGGACGCGACGCCCTTCCGATCACGTACTACCAGAACGCCATCGCGGAGATGCAGGCCTACGCCGCCGATCCGACCTTCTTCGTCTTCTCCGACGATATCGCCTTCTGCCGCGAGAACCTTCCTGCCGCCCCGCGCTATGTCTTCGTCGACCACAACGGACAGGCGGAGGCGCACGAAGACCTTCGCCTGATGTCTGCCTGCCGCCACCACATCATGGCCAATAGCAGCTTCTCCTGGTGGGGCGCCTGGCTGAACCCGAACGCCGACAAGATCGTGATTGCACCCAACCGCTGGCTCGATCCCGCGGTTCCCAACCCTGACCTGCTGCCTCCATCGTGGAAGCGGATCGCAGCCGATACAGCCATCGACACCCCCACCTGTTCAACCTCAGATGACAGCCTGATAAGGATGTAACGATATGCTTCACACCTTCGTAGCCCTCGTAGACGACAAGCCCGGCGTGCTCACGCGCGTCGCTTCCCTCTTTCGCCGTCTCAACGTCAACATCGTCTCGCTCACGGTCGGCGAAAGCGAGCGTGAGGGTGTCTCGCGCATGACCATCGTCTGCGAAGCCCCGGAGCATGCCTCCGACCGCATTCGCGCCTCGCTTTACAAGCTCGAGATCGTCCTCGATGTTGACGAACTCGGTCGCTCCGAAGCCGTCATCCGCGAGCTCTGCCTCATCAAGGTGGCCGCTGGCCCCAACTCGCCCAACGGTCAGCACTCGCGCTCCCAGATTTTCGAGCTCTCCACGGTCTTCCGCGCCCGCGTCGTCGATCTCGCACCGGAATCGATCATGCTCGAGATGACCGGAGCCGCCAGCAAGATCGAAGGCCTTCTGCAGGTGCTTCGCGAATCGAGCTTCGAGATCCTCGAAGTCTCGCGCACCGGACGCATGGCCATGCGCCGCGGACACCACACCAGCCGCGTCCTCAAGGCCCTGGGCACCAGGACTGCAGATGACACTCCGGTCGCATTTCCGAACCGTCCGGCGGT
CP048114.1_gap44	2164730	2167861	3131	CTATCCCGCGCATGACATTCACGTACCCAGGCTTCCAAACAAACGCTTTCAAGGCAAAACCTCCATGGGGCCGCGCGGCGACGCGATCGCTGAGCTTGACTGGTGCGTAGGGCGCATCCTGAATACGCTCAAAAAGAATGGCCTCACACAGAACACCCTGATCGTCTTCTCCAGCGACAACGGTCCGGTGGTAGACGATGGCTACCAGGATCAATCGGTTGAAAAGCTCGGCTCCCACAAACCCTCGGGAATCTATCGCGGCGGTAAGTACAGCAACTTCGCCGGAGGCACTCGCGTTCCCTTTCTCGTAAAGTGGCCGGACCACGTAAAACCAGCAACGACATCAGACGCCCTGGTCGATCAGATCGACCTGTTCGCCTCGTTCGCAACATTGACGCATCAGTCTCTTGCTCATAACGATGCTCCTGATAGCGTAGATATTCTTCCGGCACTTCTCGGAAGATCCTCTACCGGCCGTCAGTCGCTGGTGGAAGAGGCAGACGTGCTTGCCCTAGTGCAGGGGGAGTGGAAGCTGATTGAGGGCAGCAATAAGCCGGCATATAACGAAAATACCCGGACAGAGCTGGGTAATGCGCTGCAACCGCAGCTCTATCATCGGATCAGCGATCCGGAGGAGCATCATGATGTCGCCGCTCTTCATCCCGATATCGTAAAAAGGATGATCGCGACCCTGAACCAGATCCGCTCCGAAGGCCGCAGCCGCCGATAGCGAACATTTTTTCCTGCTTCATATCCCTCCTCCCAGCCTGCCTTCCTTTCGTCACAAAACAAGACCTGCGGGCGGTGACCGTTTCCAAACGCCTTCCAAAACCTGTCACAATGGATCAGGGTCGCTTTTTTCCGTTTCGTCAGCCACTGCCCATGACGGCAGAAGGAGAATCTCAGCATGGCCGCCCCCAGCAGTTACGAAGCTATCCTTCCCCATCAGCTCGGGCTTCAGGTCTTTATCGCTCCTCCAAAGCATCCCACTCCGCTGCAGGAGATTATCGCGGCGCTTCGAACCATCCCAGCTCTGGATGGCCTGACAGAAGAGGAGTACAGTTGGTTCGCCACCCACGGCATCGAGCGCGTCGGCGAAGACGGCGCGATGGTCTTTGCGGAAGGCTCTCCCTGCGATCGCATGGTCTTCATCCTCAAGGGTGAGGTCCACGTCCGTCGTCACAACGCCGGCCCCATGGCGCTTTGGATTGGCCGCGCTGGAGCCATGACCGGCAAGCTGCCCTTCTCGCGCATGAAGGTTTACGGAGGCGAGGGCTATCTTGTCGGTGACGGATGGTCGCTCGATATCCACGAAGATCTCTTCCCCGAGATGCTCGCCGCGATTCCCTCGATGACACAACGCTGCGTCTCCACCATGATGGATCGTGTCCGCGAGGTCACGCGCATGGAGCAGCAGGCGGAAAAGCTCGGCGCGCTCGGCAAGCTCGCGGCCAACCTCGCGCACGAGCTCAACAATCCTGCATCCGCGGCCCAGCGTTCAGCCTCCAGCCTCTTCTCCGAACTACGCCAGTACGGCGACCAGAAGTATCGGTTGGGAAATCTTTGCCTGTCGGACGCCCAGACTTCGCAATACCGCTCCTGGGTGGCCAGGACACGATCGACGCTCGCAGAACGGGAGGCTATTCAGGGAGTTCCTGATGCCCTGGCCATCAGCGATCGCGAGGGCGATCTGATTCGCTGGCTGGAGGAGCACAACATCTCCAATCCCTGGGCGATTGCTCCCTCCCTCGCGGAGACCGGCATCGCAGCGTCGCAGCTTGACGAGCTCGCCGGCATCGTCACCACCGAGGCGCTGCCCGTCGCCGTCGCAACCTTCGCCAGCTCCCTGCGCGTGGAGCGCATGGCAGAGACCGTCGTCAACTCGACCGTGCGCATCTTCGACCTGATCCGCGCCATCAAGGATTACTCCTACATGGACCAGGCGCCGATCCAGGACATCGACATCGCTCAGTCGCTGGAGAATACGCTGGCGATGTTCAAATCGCGTCTCCAGGACGTTCACGTCATCACGGAGTTCGATCCCGAACTTCCGTCTGTCGCGGGCTACGGACGCGAGCTCAATCAGGTGTGGACCGCGCTGATCGAAAACGCGCTCGATGCCATGAAAGAGAAGGGCACGCTACGCGTCTGTACGCGCCTGCAGGGAGGTATGGCCTTTGTCGAGGTCTGGGATACCGGCCCCGGAATCGATCCCGAACTGAAGAGCCGCATCTTCGAGCCCTTCTACACCACCAAGGCTCCCGGCCGCGGTCTCGGACTCGGACTCGATACAGTACAACGCATCCTGGAGCGCCACTCCGGCTACATCCAGGTAGACTCCAGGCCCGGTAGCACCTGCTTCCAGGTACGCCTTCCACTCGAACAAGCCCAGGCGTATTAGCATCAGGTAGCTTGTCGTTGGCATAGACTGGCCGCCCCGAGCAAAAGGTTCGTCATCCTGAGCAACGCAAAGGATCCCTGTATTTCTCCTGTAGCGTCGATCGTGCTCCGAGACGGAATCCTTCCTGCATTCCGCCCCAAAAAAAAGAACGCCGCTGCAAGGCGCAGCGGCGTGAGGCCGTTCTTTGGAAATCAGAACTCAAGTCGCGCACCCAGCTGCAAAAAACGTGCCGGGTACTGGCTTGTAGCTCTGCCAAACGTCGAACTGTTCAGGCTGGACGAGATACCTCCCAGACTCGCCCGGTTGAAGAGGTTGAAGATCTCCAGGCGCAACTGCAGATTGGCGACCTCGCGAATGCGATTGTTCTTGAGCAACGCAAAGTCCGTATTCGCGTAGCCGGGATTGCGATAGCCGTTGATGACCTCGTTGCCCTCACCCGGAAGATTCGCAGGTTTTGTAAAGTCGCCGGCGGAACCGAAGACTCCGGCCGCATTCTTGTTCGCCGTACGGTCTGCATTGCGGCCAAGCTGATGGTTGCGATCCGTAGGAATGCCGTAACCATAGCTCGGAACATCTGGAAGATCGCTGTTGTTTCCATCGGCGTTATAGTCTCCACCGGCTGAATAGGACGCAGTCTGCAACACGGTAAATGGCGTGCCGCTCTGCAGGATCGTGATTGCGCTCGGCTTCCATCCATTCGTCAGATAGTGCAGGAACGCCGGGCCGGTCT
CP048114.1_gap45	2204586	2209526	4940	CCTGTCACGACTGGGTGAGCGACAGATTCTTAGCCTGCTGCTTGAGGGCGGCTCCGAGCTCAACGGCGCCTTCCTGCGTCAGAGGCTCGTCGAAAGAGTGATCTTCTTTCATTCGCAGGTTCGCCTGGGAGATCAGGCGATTCCATTTGCAGAGGGCATCGCTTCGCCGGCCGAGGTCGAGCAGGCCCTACGCCGCGTCACACGGATCACGATAGGTGAGGATCTCCGCGTAAGCGGATACCTGCGCGATCCGTGGCTATCGCAATCACCTTCTGAATCCTGAAATTGGGAGAGAACCATGCCCAGAACAAGCCACGTTACGCGAAACAGATTCGAATATGAGGACGAAGGCAAGGTCGCCTATCTTGAGTTTGAGACGGATGACCTTGGCTGGATCACGCTCCTTCGGACCGAGGTTCCCAATGAACTCCGTGGGCGCGGTATCGCAGGGGAGCTGGTACGGACGGCATTTGAGTACGCTCGCGAACATCGTCTGCGGGTGGATGTGCTATGCCCGCTGGCTGCCGATTACCTGAAGCGGCACCCTGAGTTGCGAGGCGATTCCTCAGTCTCCTGAAGGCGAACAGATCCTCCACTCAGTGCCCGTTCCTAACTCGCTTGTGCCCGCTTCGCGCTAACCTATAGGTATGTTTACCGGACTGATTGAAACCACCGGAACTGTCCTCTGCGTCACTCCGGAGGCAGGAGTAACCCGTATTACGATCGGGGCTCCCGCCTCGCTTGTCAGCCGGCTGTCGACCGGTGATTCTGTGGCCGTCAGCGGAGTCTGCCTCACTGCGCTCGACATCGAGCCCAATGCCTTTCCCCCAAGATTCTCCGCCGACCTTGCAGCAGAGACCATCGCCCGAACCACGCTCTCTCGGCTCAAGTCCGATACGGTGGTGAATCTTGAGCTTCCCACTCCTGCCGGTTCGCCCCTGGGAGGGCACGTCGTGCAGGGACACGTCGATGGGACGGCGACCCTTGTTGCGCTTGAGGCAATCACCCCCGGCACGGAGACGACAGACTATCGCCTGCGTCTTACCGTGCCCGATGCACTGATGCGGTATATCGTCGAGAAGGGTTCCATCACTGTGGAAGGAATCTCCCTGACGGTTGCGTCTGTTCAGGGCGACCAGGTTGAGATCGCCATCATTCCTCACACCTACGCTGCAACCAGTCTGCGTACTCTTTCGCCTGGAGAAGAAGTCAATATCGAAGTCGATGTTCTAGGCAAGTACGCAGAACGCAAGCTGGAAGCGCCCAAAGCATTCGATCTGACGGAGGAATACCTCATCGCCAACGGCTACTAGCCTCAACCATCTTGCGAGGGGTTAACTGTCTTCGGGGCCAGTTCTTTCCTAAAGACTCCATTTTCCTCACACTTGAATTGAATCCTTCGCCCCGGCTTCACAATCAATTAGACGATTGTCGAATTATCGACAAGATTGAATGAGGTGAATCGACATGAGCAAGCTTTCAGGAAAAGTCGCTGTCGTAACGGGGGCATCAAAGGGCATCGGCGCCGATATCGCCAAAGGGCTAGCCAGAGAAGGCGCCTCGGTCGTCGTCAACTACGCGGCGAGCAAAGAGGGTGCAGAGAAGGTCGTCTCCGAGATCACTCAAGCCGGCGGCAACGCTTTTGCCGTGCAGGGAGATGTGGCGAAAGAAGCAGACGTTAATCGCCTCTTTGAGGAGACCCGAAAGGCGTTCGGCAAGCTGGATGTGCTGGTCAACAACGCTGGCGTCTACCAGTTCTCTCCCATTGAAGAGTTCAGCCCGGAGCTCTACAGCAGACTCTTCAACACGAACGTTCTGGGGACGCTGCTGGCGACGCGGGAAGCAGTCAAACTGTTTGGTGATAACGGCGGAAGCATCATCAATATCGGTTCTGCGGTGACAGAGCTGCACCCGCCGACGAGCGCCGTCTACACCGGCACCAAGGGAGCCATCGATTCCATCACAGCGGTCCTCTCCAAGGAACTCGGCCCGAGGAAGATCCGGGTGAATGCCTTGAATCCCGGAATGATTGAGACAGAAGGTGTGCACAGCGCCGGCTTTATCGGCTCGGACTTTCAGAAGAGCATTGAAGTGGAAGCTCCGCTCGGCCGCATCGGCCAGCCAAATGATGTGACCCCGGTTGCGGTCTTTCTGGCCTCCGATGACTCCGGCTGGGTGACCGGCGAGACTATCGTGGCCTCTGGCGGTCATCGCTAATAGATACTCCGATATCAACGAAAAGGGCGCAGTCCTCTGACTGCGCCCTTACCATCACCGGACCAGCACCACCCGGACCCGGCGATTCCTTGAGAAGCTCTTAGATCGAGCTCATATTGTGCAGGAACTCCTGATTGTTCCTGGTCTTGGCCAGCTTGTCGGTGAGAAGTTCCATGGCTTCCACCGGCGAGAGCGGGTTGAGGACCTTGCGAAGGATCCAGACACGCTGCAGGTCTTCTTTCGGGATCAGCAGCTCTTCCTTACGGGTTCCGGAACGCTGAATGTCGATCGCCGGAAAGACACGCTTGTCGACCAGCTTGCGGTCAAGGATGACTTCCATGTTGCCGGTTCCCTTGAACTCTTCGAAGATGACCTCGTCCATCCTTGAACCGGTATCGACCAGGGCCGTAGCGATGATGGTGAGCGAGCCGCCCTCTTCGATGTTGCGAGCGGCGCCGAAGAAACGCTTCGGGCGCTGCAGGGCGTTAGAGTCCACACCGCCCGAGAGAACCTTGCCGCTGGGAGGAACGATCGTATTGTAGGCGCGGGCGAGTCGCGTGATGGAGTCGAGCAGGATCACGACATCGCGCTTGTGCTCAACCAGTCGCTTGGCCTTCTCGATGACCATCTCGGCAACCTGCACGTGGCGGGCCGCCGGCTCGTCAAAAGTGGAGCTGATGACCTCTCCCTTGACCGATCGCTGCATGTCGGTGACTTCTTCCGGGCGCTCGTCGATGAGAAGGACGATCAGAACGATCTCAGGGTGATTGGCTGTGATGGAATTGGCAATCGCCTGCAGAAGCATCGTCTTACCGGTTCGGGGAGGAGCGACGATCAGGCCACGCTGTCCCTTGCCTACCGGTGTCAGGAGGTCCATCACACGGCCCGAGATGTTATCTCGGACCGTCTCCATCTTGATCCGCTCTTCGGCGTATAGAGGAGTGAGATTGTCGAAGAGGATCTTGTTGCGAGTCTCCTCGGGCGACTCGAAGTTGATGGCCTCAATCTTGACCAGTGCGAAGTACTTTTCGCCTTCGTGCGGGGGACGCACGTTGCCGCTGATGGTGTCGCCGGTCTTCAGATCGAACTTGCGGATCTGGGAGGGCGAGACGTAGATGTCATCGGGACCAGGCAGGTAGTTATAGTCCGGAGAGCGGAGGAAGCCGTAGCCGTCGGGAAGGATCTCGAGCACGCCCTCGGCAAAGATATGGCCTTCCTTCTCGCTCTGCGCCTGCAGAATCTTGAAGATCAGGTCCTGCTTGCGGAGGCCGCTGGTACCGGCGATATCAAGGCCGCGCGCCAGTTTGCCCAGTTCGGCAATGTTGTGTTCTTTCAACTCTGAAATTGTCATGGTTTTACCTTGCGATTGGATGTCGGGAACTCGGGCGGGATATGCCTGAAAGGGAATCTTTCAGATAGCCGGGGGAAAGACCTAGAATTTTATGGGATGGAAATGAGGACTGCGGAAAGGGTTATAGGTTGTGAAGAATGGGCCGAAGGCCGCGCGACTAAGCCGCGCGGCGCTCCTGCAACTCTACCTTCTGAACCGGGGATTCACCACCGGCGGCTGGCACGGAATCACGAAAACGATCAAGAACTTCATTGGTCGTGTCCTGTAGCCGGGTGTTCGGTTTATGCAGCTTGCGAGTTGCCTTCGATGCAAGCTGGCAAAGCTCATAACGGTTCTTTACGTGAGTGAGGGCTCCAAAAACGAGATCCGAGCGCATCATCTTCTCCTTTATTCAATCCGATTGCAGTAAAAAGCGTTCTAGCGCTCACTGTCCGCAATCATAAAATCCCGACATGCGGCAGATTCGTTGCATTCCGTCTGCCGCTGCTCATTAGACGCCGAATCCCCAAAAAGGATTCATGCTTCTTGCGTAAATATCTCAAACTAAACCCGATCTGCCGAAATGAACGGATAGGGAAGCTTCCGCAATTGCCATACCCGGCAATACGGTCCATCATGAAACCCTGTCTCTCCTGGTATCTCAGCGGCTTAGAGCGCCTGGGTAAAAACAGAAGGAAGCAGAGCAGAATGCCCGGTATTCCTGGCATTCCCTAGGTCTTCGCCCTCCCTATGTGTATCGCGGAAAACGGCATCAACCACTAGAGAAAATAAATCCTTCCGCTGCTCGGGTCAATACCTATTTTTGGAGTCTTTCTCCCTGGGACCTCCAAGAAACGGGAGATCGGCATGACTTCAAAATCACCTCTCCCGCAGGGAAAACCAACAAAGCCCATATAAATCAGGCGTTTGAAAATTTTTCCTTTGTCTTGAGGCCAGTCTAGCTCCAGTAGCTGCGGTCCAAGGTTCTGTACTGGATCGCTTCAGCGATGTGTCGAGTACCGATACTTTCGGCCGCATCCAGATCTGCGATGGTGCGTGCCACCTTCAGGATGCGGTCGTGCGCTCTTGCGCTCAGCCCCTGCTGCTGCATGGCCCTCTCCAGCAGGCGTTCTGCATCGGATTCAAGGACGCAGTAGGTTCTGATCTGCGGTGTATTCATCTGGGAGTTTGAGAAGACTCTCCGGGAGACGCCCTTGCTCGATCCCCTGGTCCGCTCCTCCGATTCCGTGAAACGCTCGTACTGCCGGCGCCTTGCCGCCATCACCCGGTCCCGAATCTCTGCCGACCCCTCAGACGCCGCTCCTCCCCGCAGCTCTTTATACTCCACCGCTGGGACCTCGATGTGGATGTCGATGCGGTCCAGAAGCGGGCC
CP048114.1_gap46	2225708	2227581	1873	GTAATGAAATCCGCATGCGTCTCATAGCGATGAATATAAAAAATGGAGGTCGGGGCGATCACAAATCCTCCTATCAATAACCCCAGCGCTGCAAGCGCATAACAGACGCGCTGTGCCTGCCAGCTCCTGAACGCGGCGGCAAAATCCATGGCCATCAGAGGAAGAAGAAACGCGAGCAGAGAATACCGATAATACGGATAGCCGCGCTGCTGAACAATATAGGAGAAAAGCCCAAACGCTACACCGCAGACGAGTATGACACGCTCCGGCGTCAGCTTTGGCCTCGACACCAGCAGAAGGAGAAGCCATATCACCACCAGCGACATCAGGGGCGAGACGCTGTGCGCCAGTAGAAACCCCAGAGACTTATGCCCCAGGCTCGCGTAGTAAGGAACAATGCCGGAGAGCCCGACGATAAATGCGCGCAACGCATCCTTCTGCCACAGGAAGACAACGGCAGCGATTGGCCCGATGAAAAACGCCGCCGAAGCGGATGCAACGTCAATGATCGAGCGTCGATTCTGCCTTCGATAGGTAATGACAAGGACCAGCAAAAGAAGAGCCGCGAACAAAGGTGCCGTCGGTTTGATGGTGACTGCTACGCCGGCAAAGACTCCGAACAGCGCAAAACCCCACCATCGATCTTTCCGCACTCCCTGCATTAATGATGCGGTCGCCATTAGCAGGCAGACCGCCATCGTCAGATCTCGCTGCCCTGCCTGGCCCAGACCATCGCGGCCATGTACCAGGATAAAGAGCGACGCAGCGAACAGTCCGGCAAACCAGTCCGGCAGCGTAATCACAACGATAGAGACACCCGCCGCCGCCATCAGGGTAAAGTCGAAGATCCTCCACGCCAGTTCCCCTGCCCCGTAGGTGTGCATCACGGCCCACTCGACCATGTAGACGCCGGGCATGTTCATATCGCCCAGATCGCGATACGGAGCCATACCGTGATCCATCAGGAAACAGATGTAGTGGATGAGTGAGGCGTCCCCAACCAGCGGCCAGTGCCAGCTCCATAAGAAGAAGAGCAGCGTACAGGCCATCAGGCTGCATACCAGCGCCACCTTGAAGGAGCGGCTAATCGCGCCGATCGTAAAAAGGGTTCGCCGCACAGAAGCATCATAAGGCGACGACAGGCAGGATCGGTAAGTTTCGTCGGAATGAACAGGGGCCGCGTGGAGGTTCCGCGCAGGCCCCTGTTCCCTCCGGTTAGAAGTTGAAGGAGGCCTGCAGCATGATCCGGCGAACCGCTGTCTGCGAGCTGAAGGGCCCAGTGGCCAGTGTCGTGAACTGCCCAAACCTTGGCGAGCTCAAGCTGCTGGTAGGCGTACCATACGGCACCATGTTGAACAGGTTCATCGCCTGAGCACCCAGGGTAAAGGTGTAGCGACGTCCGGAGCTTGCTCCCATTCCCATCGGGCCGAATCCGCCGCGCCCGCCGCCACGTCCACCACGGCCACCGCCAGGACCTCCCCGTGATTCGCCCCCTTGTCCCGCAGCGCCGCCTGTCCTCTCTCCGAATCCGAAGACCTTCGAGAGACGCAGATTGAACGTCGCATTCGCTGGTCCCGTGCAGTAATTGATCGGAACAGGAGTAAGACCACCGGTCTGATTTGCGCTGAATGCAGCCTGATCTCTGCAGTTTCCGTTGTCGCCGTTCGCAAAGTACGGCCGTGCATTGTAGATAGAGCTGCCTAAAGGATCCTGCCCCGTAATGATGTTATACGGCGTGCCCGCCTGCGCAATCATGAACGGGCTGGCGGTAATGCCGTAACGAAACTGGAGCGAGCCGCCAAATACACCGAACTGACGTCGCGCAAAAGTGGCCCGGCCGTAGTCAACGCGGGTATCGGTGTTGCTTGTCGGG
CP048114.1_gap47	2345009	2349759	4750	CAACCTCCTCGAACATCTTGCGGATCTGCCGGTTTCGGCCCTCCGTCAGGGTAAGCTCAAACCACGGATTATCCCCGCCCCTCACCTGCTCGATCTTTGCCGGCGATGTAAGAACGCGATCCCTGCGACCGCTGCGCACCTCGTTCAGGCGGCCGCGATCGATCATAATGCCCCGGCGAAGCTGATCGACCGCCTCCTGCGACGGTGCCCCGGCTACCTTCACGAGGTAAGTCTTCTCCACGCCTGCTGCAGCCTTTGACAGCTTGTTGGCCAGTCCCCCATCGTTCGTCATCAGCAGCAGGCCCTCAGAGAGATAATCGAGGCGCCCGACCGGGTAGAGACGCACGGAATCCCCATGAGGCCCACGCTTGCTGGCCATCAGCTCAACGACCGTGGGACGTTTCTCCGGATCGGAGAGCGTGGTGACATAGCCTCGCGGCTTGTTCAGCATGTAGTAGCGGCGCTGCTCTTTTCCATGCAGCAGTTTGCCATCGACGCGAATGTGATCCCGGTCGGCGTCCGCACGGGTTCCCAGCTCGGTGACGACCTTGCCATTGACCTGGACCCGTCCCTCCAGAATGAGCTGTTCCGCCTTGCGACGGCTCGTCACTCCCGCTCCCGCAAGGATCTTCTGCAGGCGTTCGCCCCTCTGTTCGGTCGGTTCGGTCATCCCTCCATTATCTCCTGAACGGGCTGACTCCGCTTCCTGGGAGAACAAGTTCCCACCTACTCGGCGGGTTCCTCCACAAGATCACTGCTCTCGCCCTGCACAGGCTCTTCTGTCGCTTCAGCCCCTATGCTCTCAGGCTCATCGTCGGGAAGCTGATCGTCGAGCGGATCATCGACCGGGTCGGGGCTGCCGTCGGCCTGCGGAAGATGCGTATGCCGCTCTGGTTCCAGTTCCTCGGCGCTCTCCGGTGCATGATGCTCCGGCGCCGGCTCCATAGGAATCTCCTCCTGTTCGGCCAGTTCTCCCGCCATCTTCTCGAACTCCTCGATCGAGGGCAGTTCGTTGATGTCCTTCAGCCCGAAGCGCAGAAGAAAGTCCTTCGTCGTTTTATAGAGAATTGGCCGTCCGATGACCTGCTTGCGTCCCGCAGTCGTCACCAGCTTACGGGCCATCAACGAACCCAGCACGCCGCCCGAGTCGACCCCACGAATCTCCGACACCTCCGGCGCCGTAATCGGCTGCTTATAGGCCACAACTGCCAGCGTCTCCAGTGCCTGCAGCGAGAGCTTCAAGGGCGGCTTGAGCGACTTTACAAAACCCCGCACCGCGTCGTGATACTCCGGCTTGGTGGCCATGCGATAGCCGCTTGCAACCTCACGAATCTCCAGGCCGCGATGATCGTTAGCGTACTCGACAATCAGCTGGTCGAGAATGGAGCGGAAGTACTCGCGCAGTTTCCGGTTTCTCTCCTTCTCCTCCTTCGCCTCTCGCGCGGACTGCCGTCCGGGAGTCTCGGCCTCCTCCTCATCCTGAGAAGACTCGGTAGCAGCTGCGGTGGCAACTTCTTCCGGAAAAGATCCCATCTCCTGATGGGACTCCGCCGCTTCGGTGACAGGCTCGGCCCCTCCCTCCGGCCCGGGGGCAGAGGCATCGTCAGGAGACGTCTCATCCGAGTCGACAATCTCTTCGTTCAAACCCTCTACATCGGTATCACGTGCGTCGTTCGCTTCAGAGGAACTCTCGTCGCTGTTCTGCTCCTCTCCCTCCAGGGCAAGCGCCTGTTGGGCCTGCGCAATCTGGTCAAGCTCGGCCTGGGCCTCCTGGCCGAGCAGGCCCATCAGCTGGGAAAGGGTCACCGGTTCTTCCGATGCGTAAATGACGGCTTCGATCTTTGCTTTGAGGCTCATTGCCTACGAGTGTATAAGAAGGCCGCCCCGCCAGAGCATCCAGCAGAAGGAGCATTCGGGACGCGTTTTGCACAGTGGAAGAGATAAAGTGAGCGTTTCCCCACCCGGAATACGTGTGCCAGGAGAGCAGTCCTCACCGCAGCTCGCTTATTGGCACGGCTTCAGCCGTGCCAATGGGTTTTGTCCCGGAAAGCAACTTTAGCCACTGAGGTCAGCGCTGCCTGGAGCTAACCCGCCACCTATTTCACCAGCAAATTGAACAGCCAGTACAGGCCTCCAGCAAGGACGGCCGCAGCCGGAAGCGTAAAGACCCATGCCAGGGCAATATCGCGCAGCGTCGCCGCCTGCAGGCCGCTCTTGTTGGCGGCCATCGTCCCGGCCACGCCCGACGAAAGTACGTGGGTCGTGCTGACCGGTAACCCGTACCCATCCGCCGCGAGGATGGTCGCCATCGCCACCAGTTCGGCCGAGGCGCCCTGCGCGTACGTCAGGTGAGTCTTGCCGATCTTCTCGCCGACCGTCACCACGATTCGCTTCCACCCAACCATCGTTCCCAGTCCCAGGGCCAGAGCAACCGCTACCTTCACCCACGAAGGAATGAACTTCGTAGAACGGTCCAGAAAGCCCTTGTAGTTTCCGAAGACCTTTTTATCGTGGTCGGAGATGTTGCTGGGGCCATACTTCGGCAACAGGCGCATCGTCTCGCTTACAAGGTACATCTGGTTGCGAACGTTGGCCTGCATATTGGCGGGCACGCGCCCAAGGTCGCCGTAGCGGGTGACCTCGTTCTGAATATCGTTGATCATCTGCCGCATTGCCAGCATGGTATCCGGCTGAAATTGATGCGTAGAAACAAAATGCTCCAGCTCCTGGCCGGAATCCGCCACGACGGCATTCGGATCGAGATAATGCGAAACAGCATCCGAGGTCTGCTGCGAGACCGCCACAAAGGTCTGAACCTGGGACCGGGTGACGGCATGGTTCAAAGCATAGGCGGTTGGTACGGTGCCCACCAGAATCAGCATGATCAGCCCCATTCCCTTCTGGCCGTCATTGGATCCATGGGCAAAACTGACACCGGTGCAGGTGAGGACCAGCAGCGCGCGAATATAGAAGGGCGGCGGCTCCGTACCTTTCGGAGCCTCATAAAGACGCGGATCGCGCAGCAACAGCTTGAACAGCCCAAACAGCACTGCCGCGCCCAGAAATCCAACCAGCGGGGAAAACAGCAGCGCCTTGAAGACCTTTGTCACCTGCTCCCAGTCCACGCCGCTCACGCCGCTGGCGCCGTGCAACATCTGGTTGGTGATGCCGACGCCGATAATGGAGCCGATCATGGTATGTGAGCTGGAGGCAGGCAGGCCGCGCCACCAGGTAGCGAGATTCCACAGGATGGCCGCCACCAGCAGCGCAAAGACCATGGCGAAGCCCGATCCCTTGCTGACCTTCAGGATCAGCTCGACAGGCAGCAGCGTAATCACCGCATACGCTACTGCTCCCGAGCTGGTGAGCACGCCGACAAAGTTCCAGAGCCCCGACCAGACGACCGCGATATGAGGCTCCAGAGAGTGTGTATAGATCACCGTCGCAACCGCATTCGCCGTGTCATGGAAGCCGTTGACAAACTCAAACCCAAGGGCGATCAGCAAAGCGATTCCCAGCAGAAAGTAGGGAAAGATCGAACCGGTGTGGGCGAACGACAGGTCCTTTGCAAGCTGGCTGACGATGTAGCCAAGCCCACACACCAGCAACAAGCCAAAGAGGACAGCTCCAACTTTACCGGGGGAGGACTTTTTCAGCTTTTCGTCGAGAAGAGAACCTGGAAGCGTGGCTGGCGTCGCCATAAATCGTCACCTTGAGATGGATTCGGGCCCGTGGTCAGTGACGCTGAGCATAGGACGGCTCTGCGAACAGAATGTAAAAACCGGGTAAAGAAATCGACTTTAGTAGCCAGCGCTAACCCGGCGGCTCGGGACTATTTCCAGTCGTCCCTGGCCTGTTGCTGGTCCGCAAAGACCTGATCGAAGTTTTCGGCTTTCTTGATGAGGATGTCTCCCTGTACAACCGGCTGGTAGAACAGAACCGCCTGCAGACGCACCAGCTCCAGCATCGCCAGGAACATGCAGATCAGCGCCCGCTCCGTATGCGTGTTATGCAGCAGCTTCCTCAGCGAGACCGCCTTGTCTTCCATCACCAGGCGCCGCTTCACATAGTCAATCATCTGTGCGACTGTGACCGACTCCTCGTCGACATCCAGCACGGGACGCTTGCGCAGCCGCCCCAGAATGTCCTGGAAGACACGAACCAGATCCACAGTGTCCGCCGCAATCTCCCGCTCGGCGTCTGCCGAATCGCGAAAATCCCGTATCCCCGGATTCGTCCAGGTCGCTTCCTCAATCTGCTGCTTCTGCATCAACATCTGGGCCGCGGCCTTGAAGCGTTCATGCTCCAGCAGCCGCTCCACCAGCTCACGACGTGGATCCTCCGCCTCGCCTCCGGCCACGTCACTGGGATCGCGAGGAAGCAGCATCTTCGACTTGATATGAATCAGCAGCGAAGCCGTGTAGATGAACTCCCCCGCGGCGTCCACATCCGTCTGTTGCAGCTTATGTGTGTACTCCAGAAACTGTTCAGTAATCCGCGCGATAGGGATATCGTAGATGTCGATATTCTGCTTCCGGATCAGGTCCAGCAGAAGGTCGAGCGGGCCATCGTAGACCTGCCCCACGATCACCGAAAACGGCGACTGCGATGCCTCTTCCTTCTCCCTGTCCTTCTCCTTTGCCTGCCGCTTCGGCTCCGGCGCTGGAGCAGGCACAGGATGCTTCAGCGCAAACGGTTCCTGCGCTTGCGGCTCCTGCGCGGTCTCTTCATGAGGCGTCAGAGCTTCCTG
CP048114.1_gap48	2403452	2407114	3662	CCCTGCTGCTGACCGGGCAGAGGGTCAAGCTCTACGAAATCTGCGGCGACAATCTCGTCAGCAACCTCAAATCTTCCCTGGTTCAAGATCTCATCGGTGAACCTGTGGACCACGGCAGCACTTCCAGCTTCGGCCATAAAAGCGATTTCCCTTTCGAATCAGAGTGAGTCCGCTGGAATCATAAATCTGCAGTCCATCAAGTCGTCCAGGTAGATGCGGAGCGGCTATGCTTGCAGGAATATGCCTCAACACCTTGCCATCTCCGGTCTGTGCCTGGGAGGGTTGCTCCTGCTTCATCCCTATCTTCAATCACAGAATTCGAGGACATACGACCTCAAGGTAGCGGTCGATGAAGTTGAGATCACCTTTCATGCCGGCGATATTCACGGTCTTCCCGTCAGCGATCTGCGCCAGGACGAGGTTCGCCTGCTCGATAACGAACGTCCACCCAGGCGGATCGTGCTCTTCGAACTGCTTCGCGATCTGCCGATCCGCGCCGGGATCATGCTCGATACCAGCGCCTCAATGGACCAACACCATCAGGCGAACCAGGCCATCGCAAGCGCATATATCCAACACTTCCTCAATCCGAGAACCGATTCGGCATTCGTGATGAGCTTCGGGCAGCGTTTTCAGGTTCGGGAACCGTGGTCGAATCATCAGGATGCGCTCACGGCGGCTATCCAGAAGTCAGGATTCCTTCCGTCTACAACTGCACTCTTTGATGCGATCTATGCAGCCTGCCGCTACCAGTTTGGCAAGCTGGATCATGCCTCCAGCGGCAACTTCATCCTGCTCTTCACCGACGGAGAAGATGACGCCAGCTTTCTTAGCCTTGAGGATGCTGCCAACATGTGCCAGCACACCAATACCGCCATCTACACCTTCCGGCAGGACGACCAACACGGCGATCCGGAGGGATTGCGAACAATCGCCCGCCTCGCCTCTCTGACCGGAGGTCATGTCTTTCCGGCAGACGATTCTCCACAGGAGATGGAGGAAGATCTGAAGATCATTCAGGCGAATCTTAGGAACCAGTACCGCCTTGTCTACAATCCAGCCGATCTCAAACGAGACGGTGCGTTCCACCGCATCGTGTTGCTTCCACCCGATCGCGTCGCTACCGTCCAGACCCGCTCCGGCTATTACGCTCCGAAGGACAAGCCCGTCACGCGATAAGACGGCTATTCCTTATTCACGACCGGCACAACTCGCTCCACATCAGGACGGCCCTTGTGGAGCACGCGCGTCTTCTTCGCTGCCTCGCGCTGCACATCAGGCAGGGGCTTTGGCTCGCCCAGGACCTGCCTTGCGGCTCCACGGAGGATGCGACGCACGGGCCATCCACCATCGGGATTCGGCAGGAAGACCTCGCCGACTCTCTGCTTCTCCGGCCGGTAATACCAACGGCGGAACAGCGACAGATGATCACTCAGAAGGGCAAGGTCATTCACAGCACTCACCCTCTGCTCAAGCTGCCCGATCACTTTGCGAGCGCGGTCCTCAGGAGCGTCAGCGGCCTCTGCCGCCTCGCCTTCCAGAGGCACAGGGGCCAGCATCAGGGGCTGGGCAAACAGAGAGCTGCCCACGCTCGTCTGCTCCTTGACTGCTCGGACGCCAAGGGTTGAAAGCCGTTCAGGACCGACAATGCAACCGGCCGCGAGCAGAAAGACTGCAGCCTCATCTTCCCGCTCCTCGATGGCAGCGGCCTTCTGGACCATGATGGCGCGCAGCTCCGGGACAGGCTGGACAAGTTCATCGGCGAGCGCTGCAGCCGCCTTCACCTTCTGGTGTTGTTCGTGGAGCTGCGCGGCCTTTTCAAACTCCATCTCTTCTGAAGCCTTCTCGCGCTCCCTGGAGATCCTCTCCAAAACGCTCTCGCCACGGCTGTCGAGAAACGCCTTCACGGCGGATGCCTCAGCCGCGTACTCCTCGGCCGTGCAGGCCTGCTTGCATGGCTCGATACACTTCTTCATCTCGCCATAGACGCAACCGGGATGCTCCGGATACGGCGCGAGATCTTCGTGGCAGCGTCGCAGCTTGAAAAGATCGAGCACGGCGTCGCAGTAGCGCTCTGCGGCGGCACGCGATGGAAAAGGTCCGTACGTTTGTGCCAGGCCTCGCTTCGACAGCCGATTGGTCACGTACAGACGGGGAAACTCGTTCTCTGTAGCGAGGCGCAGAAACGCCGGCGTGTGCAGACGGAGACGACGACGGGCTTCAGCGTACCCAAAGATCGCAGCGGTCGCGTGATAGAGCGTCAGGGTCGACTCGAACTCCGAGCCGGTGACGGTGTACTCGATACGAGCGACGCGGTCGCGCAGGTTCAGGCGCTTGGACTGCGACTCCGGCGGAGCCAGCAGACGTTTCATGCGACGGCGCAGGTCAGCCGCTCGCGTCAGGTAAGGCTCAGAGTTTTCCTGCTTACCATAGAGCGCGAATACACCGGGCTGTGCGGGGATAGAGCGCAGAATCTCGTCGGCGTTTCCCGGCGAGAATTCTGCTGTCTTATCGAACTGGAAGCTGGCCGCCACGTCTCACGATTTTAGTTCTTTCAACGTGAGCAGACGGGCGCCAATCGTTTACATCCTGATACTGCTATCAGGATCCAGCAATCGTCATGCCTTCCACCTGGATCGTGGGCGCGGCGGCGGAGCTGCGGAAGACGAGATCGTTGCCGATCGCCACGATGTTGCGGTACATGTCCTTCAGGTTCCCGGCAATCGTGATCTCCTCGACCGGATAGGCAAGTTCGCCGTTTTCAATCCAGAGTCCGGACGCACCCTGCGAGTAGTCTCCGGTGACAAGGTTGACCCCGAAGCCCATCGTCTCGGTGACGTAGAGGCCGTTCGGAATCGCTGCGATGATCTCCTCAGGCGTCTGCGTGCCGGGCTCGAGGTAAAAGTTGCCGGAGCCGATTCCTGGGTTTCCGGCCAGTCCGCGGGAGGCGTTTCCGGTCGACTTCATGTTGAGCTTGCGGGCGGTGTAGGTGTTGTTCACGTAGTTCTCGAGAATGCCGTTCTGGACCAGGACCGTGCGGCGTGTCGGCAGACCCTCGCCGTCGAAGGGCGAGGTTCCGAAGCCGGCGATGCCATCGAGCATCATGGTCCCGTCGTCGACGACGGTGATGTTCTCGCCGGCGACCTGCTTGCCGAGCATGTCGGCGAAGAAGGTTGCGTGGCGGTAGATCGCGTCACCGTTCGCGGCGTCGAAGATGTTGCCGATGATGGAGCGGGCGATCTCGGGCGAGAAGACGACGGGCGCCTTCTGGGTGGGGACGCGCCGGGCGCCGAGGCGGCGCAGGGTGCGCTCGGCGGCGATACGGCCGATCTCTTCGGGCGACTCGAGCCGGGACGCGGTGCGCGAGCTGGAGTACCAGTAGTTGCGCTGCATTCCGCCCTTTTCGTCGACCGCGATGGGAGAGACGGAGAAGCCGCAGTAGCTGCGGCGGTACTCGCCGGTGAAGCCGCGTGAGTTGGTGAGGATCTTGTGCGAGGTTCCGGTGTCGAAGTCGGCACCGCCGGAGTTCTGGATGCGGGTGTCGAAGGCCATCGCGGCGGACTCGGCGCGGCGGGCGATCTCGATGCGCTCGGCGGGAGGAAGCTGGTTGACGTCATCAAAGTACATCTTGAGATCGCCTTCGAGCTGGCCGAACTCGTCGG
CP048114.1_gap49	2412320	2416545	4225	CAGACCGAGATGGACATCCTGACGCGATGGCACAGGATGTGCGGGGAGACCGCGGTCTGGGTTCCGGGAACGGACCACGCCGGAATTGCGACCCAGATGATGGTGGAGCGGCAGCTTGCGAGCGAGGGAACGAACCGGCGCGCGCTGGGGCGCGAGGCCTTTGTGGACCGCGTGTGGGAGTGGAAGGGCGTCTACGGCGGCGCCATTCTGGACCAGATGAAACGGCTGGGCGCCAGCGTGGACTGGAGCCGCGAGTACTTTACGATGGACGACCGGCTGAGCGTGGCGGTCAAAGAGTGCTTCGTGCGGCTGTGGGAGCAGGGGCTGATCTATCGCGGTGCCTACATTGTGAACTGGGACCCGGCGATCCAGACGGCGGTGAGCGATCTCGAAGTGGAGCACGAGGAGCGGGTAGGCAAGATCTACCACATCCGCTATCCACTGGCGGACGGGACGGGATCGATCGTGGTGGCGACGACGCGGCCGGAGACGATGCTGGGCGACGTTGCGGTTGCGGTGAATCCGACGGACGAACGCTATACGGCGCTGATTGGGAAGATGGTAAGGCTGCCGCTGAGCGGCGTGAATGATGGGCCGGAGCGCGAGATTCCGATCCTGGCGGATGACTGGGCTAAGCCAGAGTTTGGTACGGGTGCGGTGAAGGTGACTCCGGCTCATGACCCGAATGACTTTGCCATCGGGCAGCGGCATGGGCTGCCGAACCTTTCGATTCTGGATGAGACGGCGCATGTGGCGCTGCCGGGCTCGCCGTATGACGGGATGGAGCGGTATGCGGCTCGCGAAAAGATGGTCGAAGACCTGCGCGAGAGCGGGCTGCTGGTAGAGGTGAAGGACCATACGCTTTCGATCGGGCTGAGCCAGAGGACGGGAGTAGTGATCGAGCCGCGGCTTTCGCAGCAGTGGTTCCTGAAGATACAGCCGCTGGCCGACAAGGCGATTGAGGCGGTAGACAAGGGATATATCCGGTTTACTCCGGATCAGTACAGGAAGACGTATGACGAGTGGATGAAGAACATCCACGACTGGTGCATCTCGCGGCAGCTGTGGTGGGGACACAGGATTCCGGCGTGGCACTGCGGGAAGTGCGGGGAGATCGTGGTAGCTCGCGAGACGCCTCGTGCGTGCAGCAAGTGCGGTTCGGAAGATCTGACGCAGGAGACGGATGTTCTGGATACGTGGTTCTCGAGTGGACTGCTTCCCTTCACCGCGTTTGGGTGGCCGGGGGCGGAGGGCTCGAACGGACTGACGGCGGACCTGGCGGAGTTCTACCCGACGGAGCTGCTGGTGACGGGCTTCGACATCCTGTTCTTCTGGGTGGCGAGGATGATCATGCTGGGGTGCCACTTCATGCTGGATGTGCCGATGCCGGACGGGTCGAAGCGCACGCTGAAGGATGCGGTGCCCTTCCGCGAGGTGTACATCCATGCTCTGGTTCGCGATGCGGACCGGCAGAAGATGTCGAAGACCAAGGGCAACGTCATCGATCCGATCGAGATTGTGACGAAGTATGGCACGGACGCGGTGAGGTTTACGCTGGCGAGTATGGCTTCGCCTGGCACAGATATTGCATTTAGTGAGTCGCGCACGGAGGGGTATCGTGCGTTTGCCAACAAGATCTGGAATGCGGCGCGGTTCCTGTTTATGCAGATGGATCGTGCGCGCGAGGCTGGCTACAAGGTTTCGATGCTGGCGAGCGGCGCTGTACCGGAGCTTCCGGAGGATACGCCGCTCGAGACACGGTGGATCTTCGGCAGGCTGCATGCCGTGAGCGCGGAGGTGGAGCGTTCGCTGACGGATTACCGTTTCGACGAGGCGGCGGCGGCGGTGTACCAGTTCTTCTGGGGCGAGTTCTGCGACTGGTACCTGGAACTGGTGAAGCTGCGGCTGGAGTTCGGGGATGGTGTCGAGAAGAATGCAACGACGGCGCTCACGCTGGCTTCGCTGGTGGCGGTGTTTGAGGCTGCACTTCGTCTGCTGAGTCCGTTTATGCCGTTCCTGACGGAAGAGCTGTGGCATGCGCTGTATGAGGGCAAGGCTCCGGCGAAGTCGATTGCGCTGACGCGGTACCCGCAGTCGAAGGACTTTGCAGCGGATGAGGCCTCTGTCACCGCGATGGCTACGCTGCAGGATCTGATTACGACGGTGCGGGCGCTCAGGAAGGAACTTGGGGTTCCGGAGAAGGAGGCCGCTCCGGTCCGGCTGCATGCGGAGAATCGCGTAGTCGCGCTGGTAGATGGGAATCGCGACATGCTGGCGAAGATGGCTCGGGTATCGGATGTGGAGTTTGCCGAGGAGACGCTGTCAGGCAGCAATGCGCGTGCAACGGCGAGCTTTGACGTGGCAGTGATCTATGAGCGTCAGATCGATGTGGAGGCAGAGCGCGAGCGGCTGACGAAGGAGCTGGCCAAGCTCGAAAAGGGGCTGACTGCAGCGGAGAGGCAGTTGGGCAATGAGGCATTTATGGCGAAGGCTCCGGCGCATATCGTCGAAGGGCTGAGGAAGCAGGCGGCCGAGACGAAGATGCTCCACGAAAAGGCGAAGGCGGCGATGGATGCTCTGCCGGTTGCTTAGGATCTGGGTTGGACGGCGGCTTGAGATTTTGAGACAAACCGCAAATTTTCGTGTTGCGACGAAATTAATATGTCGTACCCGACGCAGTGTAGACAGTACTGGCCAAATACAGGGATTCTTCGCCTGCGGCTCAGAATGACGGCTCATAAGATTTCGCCTTGGCGAAAGCCTGGTGTGATGACTGGGCAGACCGCAGATCCTTGGACTCCGCTGCGCTTCGCTCAGGATGACACCTTTTGCGTGCAGAAGAGCGATTCCCGCGTGAGTTTCGATGCAGTTAAGGCTTGCGCATCGAGGTGGCGGACGGCTGATCTTCTACCTTGGTCTGCTCGACTGCGATGGCTACGTTCTCGTGCTTGATGTCGAGGCGAAGGCGATTGAAGAAGCTCATGTACACATTTGCCACCCATACGAGGGCGAACCAGGCGATCAGGTAGCCTCGCCAGCCGTTGTAGAGCAGCTGAAAGCCGGTGACGAGCAGGAAGAACGCGGCGACGTAGTGGCTGAAGCAGTACTCGCAGGTGAAGAGGTAGAAGAACTTTCTTCGGACAAGGGATTGGCATCGCTGACTCCGATCACGGCACCACTCGCGAGGCTCCCGGAAGACCTCTTCGTGAGTCACGGTCCAGGCGACGCAGGCGACGGGCAGCCCAAGGATAAAGAGGAAGGCGAATTGTAGAGAAAGTGGCATTACAGAAAGTGGCATTGGCATAGGAACGGGCATCCAATCTCCTGGCAGTGAGATGCATCTGAGAGGTTTAGGATTACAGAATGGACTGGAAGAGCAAGCGGATACGCACCATCCTTGAGGCAGCACTGGCCGAAGACAAAGTAGATCGCGACGTCACGACGGCATTAACGATTGACCCGAAGCTGCGGGCCACGGGAACAATTCTCGCCAAGCAGGCCTGTACGGTCTCAGGCCTGGGCGCGATCCCGGTCATCCTGGATATCTTTGGCAAGATGAGCCGCACGCCGGGGGGACGGTTTGAGGTAGTGAGCCATCCGGAGATCTTCGATGGCGTGCAGGTGAAGGCAGGCCAGCCGCTCGCGGTGATCCGGCATAATGCAGCAGCGCTGCTTTCGACCGAACGGGTGATTCTTAACCTGATGCAGAGGATGTGCGGCATTGCGACGCTAACGCATGAGTTTGTAGGCATATTGGCAAAGACGAAGACGAAGGTTCTGGATACCCGCAAGACGATTCCGGGACTGCGTGCTCTGGACAAGTACGCCGTGTGCTGTGGCGGTGGCGTGAATCATCGGCTGGACCTGCAGGACGGGATTCTGATCAAGAACAATCACATCTCGCTGGGCGGTGGGCTGCCGGTGGTGCTGGAAAAGGCGATGAAGGGCCGCAAGGGCCAGGTCGTTCAGGTTGAGGTCCGCAATGATGTGGAACTGGAGCAGGCCATCGCAGGAGGCGCACCGTCGATCCTGCTGGACAACATGACTCCGGCGCAGACCAAAAAGGCTGTCAAAAAGATTCGCGCGGCCCTGCCGGAGACCACGATTGAATCGTCGGGGAATATGAGCCTGAAGACGGTTCGCCAGTATGCGCTGGCGGGAGTGGATTTTGTCTCGGTCGGCGCGCTGACGCACTCTGCCATTGCGGTCGATCTGAGTATGCGCA
CP048114.1_gap50	2421575	2425547	3972	ATGTGCTGGTGCTGAGCCATGCGCACAGCGATCATATGGGCGGAATGCCCGCCGTGATGCAGAACTTTCGTCCTCGCGAGCTTTGGGTTGCGACCGATCCGAACTCGGAGGCGTATCGCTCACTCTTGCAGGAGGCGACAGCGCTTGGAGTGCGTGTGCGACACCTGCGCGCCGGAGACAATGTTCAGTGGGCGGGAGCGGAGCTGAAGGTGCTGGCGCCGGAACGAAGTTACAGGAATGGTGGTGAACCGTCCAACGATGATTCTCTGGTGATGCGGCTGGAATATGGGAGGTCATCCGTGCTGTTGGAAGGCGATGCGGAAGCAGCCAGCGAACAGGCCATGCTGGCTCGAGGTCTCGTTCCGGTGACGCTGCTGAAGGTTGGACATCATGGCAGCAGGACATCGACCACGGCGGACTTCCTGAATGCGCTGACCCCGAAGGACGCGGTGATCTCCGTCGGCAGGAACAATCACTTCGGCCATCCGCGACCGGAGATCATCTCAAGAATCGCTGACGAAGGAACTCGTTTATTTCGAACAGATGAGTTTGGGCTTACGACCTTTTTACTCGACCGGGATGGACGGGTTCATGCAGTGCTCGCAGCGGAAAATGAAGAATTCTGACAACGCCCTGGGCAAAAAATGTACTCCGTCGCGGTTTTCTACAGGTTCGGGACCTCCAAACGGCATCTCAATTAATAGATTTCCCATACGTCTCCGGGCCCCCTCTGAATCTGATTCAAGAGGAGCATCGCTATGACTCCATGGAAGAAGCTGCTGACAGGATGTGCTCTGGCCGGCATGATATCGCTTGCGGGTCCAGCCTTCGCCGATACATTGACTTACACCGCATCTCTAACCGGAGCGGGAGAGAACCCTCCCAATGCCTCTACTGCTACAGGAACAGCAGCCTTCCTGCTTACGGGCAATATCCTTGAGATTCACGTCGATTTCTCGGGCCTTATCGGCGGTCCGGCATCGGCGGCTCATATTCACTGCTGCGCCGCGCCAGGAATGAACGCCCCTGTATGGGTTCCGTTTGCCGGATTTCCGAATACGACCTCAGGCACGTACACCACAACGATCGATCTTTCCACTTTTGCCTTCAGCGGAGGCGGAACCGAGGCGGCTCTCCTTGCAGGAATGAACAACGGCACCGCCTACACAAACATCCACAATGCGACATTCCCCGGCGGTGAGGTTCGGGGGCAGATTGCTCCTACCCCGGAACCGGCCACGCTGCTGCTGCTGGGAACGGGCGCTATAGGAGCCATTACCCTTCTTCGACGCCGGCGTTACCCATAAAGGGCCAGAATCTACACGCATATCACCAACGGCTCGCACCTTCTCTGATGCTCCTCTCTTCTCTTCCTCACACAGATCCTCTTAAGGGGAGTACCGTTGGAGAACGGAGGTGGGCCGATGGAGAAACAGGACCTGAAGCATACTAAACAGGAGGTCATCCCCTCAAGAACAAAAGAGCAGATCGAGGAGCAGAAGCTCATCCGTCGCCTTCAGGTGATGATGAACATGGTGATGCAGATCATCGCGCAGGATAGGAGCCTGTCTGTGGACGAGGCATCGCAGATGATTGCGGATGCTCGGAAGGCCGCGCTGGCGATGTTTCCCGGCAAGGAGCTGGCCTACGACCTGATATGGAAACCCCGATTCCAGCGTCTGATGCGTGAGCGGTTCAGGATCATGTAACCACACCAAGAAGATGCGGTCACCTGATTTGCAGGGCCATCCATCGCTATTGGTGCTGACGCTGATCCGCGAGCTCCAGCTGCAGTCTCCTGTTTTCTTCTTCCAATTCTGCCAGCCGTTTTCGTACAGGCGCCATCACTTCTATTACCTGCTCCTGGGTATAACGCGGAGTGATGTGCTGCTGGCAGTTCCAGTCGAAGGCCTCGACTCGAATGATGATGACACGCTCCGTGAGCCTGCGCGTGTCGGCCGGGGCGAGTTTTTCAAGGTACGGCTTCGCTTCCTCTCCTTCGTGGACTGAGGCGCGACCAAGGATCTTGAGGCGGGTTCGAGCTGGATAATCCATCAGGAAGAGAGCGATGCGATTGTCGTGATCGAGATTTCCCAGAGTGATGTACTGGCGGTTTCCTCGATAGTCGGCAAATGCGATGGTTTGATCGTCGAGAACATGCAGAAAACCAACTTTCCCGCCGCGATGCTGAATATATGGCCAGCCTGTCTCACTTACAGTCGCCAGGTAGAGGGAATCGCGTTCCGCGATGAACTGCCTTTCATAGATCGTGAGAGCGGAACCTGCAGAGCCGGCGGTTTCAATGCGCTCATATTGCGAACGGCTTCCGTGCTTTACCTGCTGCTCTTTGACCAGCGGCGTAAAAGCGATCTGGGCGAAGCTTCTACTCATCGAACGATTCCCTTCTCCAACAGAGCATCTATTTCGATGCGCCAGGCCACAATCCTGATGCATTTTCGACTTCGATCGGCATACCAACACTTACATTCCATGCAATGGAGCACTTGTCGGTGAAGATGGTTTCTTGACGATCTTTTGCATGTGCAGTGAGTAGCGACCAGGAAGGGAGAACGGATTGTTCCTTATGGCCTGAGGACTGATCCATCCTCGCCTAAACGAAGCGCCCTCCTATATTCCTACAGCGATGAGTCGCGCTACTGGAAAGACCTACGCCATCACTGCGTTGGTTCGCAACTTCAATCAGAACGCTCAAATTCTCTTGATCGCCGGTGCCGATGCCGAGGGGACAGAGGCCGCCGGAAAGATCGTCACCAATGATGCAAGACTGGCCACCGCTCTTCAACACTGCGGCCCTTCTCCGCAAGGTACCGCGCAACGGTTCGAACTGCTTGTGAAGCTCAACACGATGGCCGGTATTCCCAGAAACGAGTCTGTCGAGGCCTGCCACACACTTCCCTTTAGTCCAACAGCGCCTTGATGTCTCTGCGCTCTGGCGGGGTAAAAGCCGATGATTTTTTAAAGGCTAGAACGAGATACGTCCTGCGAACTGGATTAGTCGAGGATTATTGATCTGGGTGCTAACAACACCATAGTTGGAGCTGCCGACGGAAGTTCCTGGATCGCCAAACTGCACACGGTTGAAGAGATTGAAGACCTCGGTCTTGAAGGTAAAGCTCACCCTCTCTGTAATCGGGATAGACTTGCCCAGGGTGAAGTCCCAGTTTGCAACGCCGTGATCTCGCAATGTGCTATCCGTCCGGCTTTCATTGCCGAACGTAAAGGCGGGCGGTGCAGCAAATGCATCGGTATTGAACCACTTTGTCAGACGGCTCTGAGCCGATCCATCGATCTTTTTATTGGCGCCGGGAATAACGTTAGGGCGAGATCCTCCCCCCTGCGAGCCGGTCTGATTGGTGGCTGTCGTCAGGGCCAATGGGAAACCAGTCTGCAGTGTGGTGATTCCATTGACGGACCAGCCGCCGATGATGCGATTCATCACTGGACCGATATTCCCCAAAAAGCGCTTATTCGTTCCGAAGGGAAGATCAAGCACATAACTGACGACAAATCGGTGTCGTACATCATAGGTCGCCAGGGACTTCTCTGCCGCGAGGTTGTACCAGTTCTGAACGCCAGCAGCGCCATGGGTCTCAAGCCAGCTCGTCAACGTGTCAGTGTTGCTCATGAGCTTGGCCCATGTATATGAGGCTGAGATGACCCCTCCGGCTTTGAACCGATCGATAAAGCGAGCCTGGAGGGAAGACCAGCTTGAAGCACCTTTGCCGGATCCGGATGTGTCCTGAAAGGAAAGAAACTGTGGATACGGACGGAGGAGTTGCGCACGGGCCACAGTCGGGTTGGCTAGAGTACCAGATGAGATTCTGCCGTAAAAGGGGTTGGCAACCTGCGCATTGAGTGCCGAACCCTGAGCCATCTGGCTTTCCGTAAGCTGATTGAGTTGGAAAGTCGAGTACGAGAGGTGACTTCCCTTCGATCCTGCATATCCGATAT
CP048114.1_gap51	2427510	2432267	4757	CATACCGCCACCGATTTGATAATTGCCGAAACCAGTATTGTTTGTGTAGGTTCCACCTGCCTGATTGCCGAGTGGATTACCGCCGGTAGAGCCCTGTGGGACAACGCCCGGAGCAAGAATCAGCAAGTTGAAAACATTGCGGCCACTAAGAGGCATCTCCTGCACCTGCTTCCCCTCTACCAGTTGCCCAAGTGCGCCTGGCTGAGTCTCAATAATCGGCGCCGATGTGTCTACATCAACAGTTTGACTGATATCACCGACTGCGAGCGTTGCATCCAGCCGAAGGGCGGCCTGCACAACCACCGTGATCGACTGTCTCCTTTGCCGACGGAACCCGCTTTTCTCGAAATCGAGACTGTAGTCTCCCGGAATGATGTTGACGAATTGATAGCTGCCGCTTGTATTCGTCAACGCGTTCCGCTTCTCGCCCGTACCCGTATTTGTCAGAGTGACGGAAGCATCAGATATTATCGCTCCACTACCATCGGTAACCGTTCCGATGATCGTGCCATAGGTGCTCTGGGCTTGCGCAGGCAGACTCAACAGGAAAAATGCAAAAAGAATGCATCCGGCCAGAGATTTAGTAAGACTGCCAAAGAATTGGCGGTGTTTTCCGCGAAAGCTCGAAACAGTTTCGCTATGCGAGACTAGGAAATTCTTGAACATGGACTTACCCTCTGTAAGCGATGCTTGACACACAGGCGCCTCACCCAGGCCCCCACTTTTCCCTGCATGTATGCCGAGAACTATAAGCATTTCAGCGAACTGCTGGCCATAGTCCAATTGGACTATACGAGAACGGTGTAGCATTTCGATTGCCCGGAATGGCGTGTCCCGCCATTCGACCTGATCCGTTGTCTCTGTGATAAAGTCCATGCCACTTAGCATTCTTCGATCACTGCGTATGTTCGCGATTGCATCCATTCTTCTCGGATTGTGTTCCTGCCACGCCCCTATTCCTACTATCGCCGTTATTCCTCCCGTTACTGGAACTCTGCTCTGGGAGACCATGCACGGGGGAGCTGCTGGAGAGGCAAGACGGCATCACCTGCATTTGTACTGGAATGCACCGACAGAAGAAGGTGATACCCAGAAGCAGATCGGCTTTCTGGAACGTGCCCTCAATCGACATTACGCCGGCATCGTTCTCGTTCCCGATGAAACCTTCGCTTTTCGCACCCCTGTTCAGCATGCAATTGATAAATCCATTCCAGTCGTTGTTATCAATAACGAGCTAGGCCTACCTTCGGAACGGTATCTTTCCTATGTATTGAACGATGAAGTAGAAGGAGGCAAACTTGCTGCCCGTCGGGTCGCAGCGATTCTGCATGGCAAGGGGTCAATCGCAATACTAGGTACAAACCCCCACCTTCAAAGTCTTCATAAGCGGGAGCTCAGTCTAGAACGGACACTTGCCACAGAGTTTCCTCAGATTCATATTGCAGTCCGCAAACTTGGAGACATGAGCGTCCCCCACGAACAACAGGCAGCGGAACAGCTTTTCGACGCAGCACATCCCGTGGATGCCATCGTTGCCCTGACAACGACGTCTATGCGGGGTGCCTACTATGCTCGCATTGAGACACAACGCTCCAGGTCGATCCCTATCGTCGGATTCGATCAGGAACGCCTGCCCGCCATCAAAGCGGGCGAGATCGACTCCATCGTGATTCAGAACACTTTCGATATTGGCAGAATCGCCCTGGACAATATCGCTGCGCAGAGAAAGGGTAATCCCGTGGCGGAACGCGTATATGTTAAGCCAATCCTGCTAACCAGGGCCAACTTCGATTCACCGCAGCTAAAGCACATTACGCTCTATCCAATGTTTCCGTGGAGCGAGCAATAGTTCTATGAAGATCTCATCTGGGAAGGCCTCCGCACTCGGAATTATCCTTGCAATCGTAGCCGTCCTGGTTTGCGGAATTTACTACCGGGCTTTCTGTGCTTCCCATCCTTCGATCGCATCTTTCCAGCCAGACAATGTGCAGACATGGACGCCATACGGAGGCTCCTGGAAGATCTTCAACGGCAGCATGCAGAATGACTCCGAGGAACGAGGCGCGAAGCTGATGAACGGCTCCCCGGACTGGAGCGACTATGTCGTCGAAGCAGATATACAGATCCTCGGCCCATATGGCGATGCGGGCCTTCTTCTACGCTCATCCGGCGAAGAAGAAGGCGTGGATGCATATCACGGCTACTATGCTCTACTCCGCAATATGAATGACACTCTTACGATCGGGCGTGCGGACTATGGACTGAATCAGTTCGTCACGGAACCGATCGCTCCTCATATAGGAGAGCAGGAATGGTTTCATCTTAAATTCGTCGCCTACGATTGTGATATCGCCGCAGAAGCCATCTCTTCCTCGTCCAAGGTGAAGACCTATGCTGCCGCTCATGATCCACGATGCATTCACAAGGGCCGTCTCGGTTTGCGCTCCTTTTCAACGAGCGCGAGATGGAAGAACATTCGGGTAGCTCCCGCAACCCGCCAGGATATTGATGAGATCACCCGGCACACCATTCTTGAGAACATTACCTACAGTCCTGATTGGGTCCGAAATGTGCTCCACTTCCCAGCTGCCGATCGCTACATGGCTCCTATCCACCGCGAGGCAGAGCGGCTTCATAGCGACGTCCATATCGATTCCATCGATCATCTATCGCTAATGAATCTTTATGGCCAGCATGTCGTTACAATCCACGGAGTCGTCACGCTTGTTACTCCGGAACTTTACATCCAGGACGGCACTGGCGGCATTCGCGCCCCGGAAGCAATCCTCACTGGCCCTGTGAAGGTGGGAGATCAGGTTGAGGCACAGGGCACGGTTGTCTCAAAAGAAGTTCACCCGGTATTGGAACATGCGACGATCCGCGTTCTGTCATCGAATGTCCCTGTTCCCGCTCTGACTGCGACGGCTTTTGAGCTTGCGGTAGGAAATCACGAAGGTCAGATTGTTGAAGTAGAAGGGATCCTGCAGGATTCGTTTCGCACAGATAAGCGCCTAACTCTTCAGCTAAGCGAAGGCAGTCAGCAGTTTTACGCCATCGCAGATCAAGATGACCTAACCTTCAGAAACTTAAAACTGGAAAATGGCAGCCGCTTACGCCTGCGCGGAGTCGAAACAAAACATATCGGCTATACCAACGACCGGGTAGCGTTCGCTATTTTAATGCCAACCGCCAGCAGCTTCGCGGTTATTGAAGATCCGCCATGGTGGAACAGAAAACATATCGCGATGCTGGGCGGCGCCATTTCAATCTTGATTCTGGCTCTTGTGACGCTTTCTCGTTATCTGCAGAACTGGAAGATTGCATCCGTCCTTGAGGAACGTGAACGTCTTGCTCTTGAAATGCATGACACACTTGCCCAAAGCTTCGCCGGCATCGGCTTTCAGCTGCAGGCCATCCTCGAAGAAACAAAGGCTTCAACTGCGTCGGCAAAGCAGGTGGAGATCGCACTCTGCATGGTTCGTTCCAGCCATGAAGAGGCCAAAAGAAGCATTGCGGCGCTCCGTCCGCGTTTTCTCAATAGTGCTGACGTCGTCGACAATCTTCGTCAGGCCGCGGAAAGGCTCGTCGAAGGCAAATCTGTCAAAATTCATGCTCATATTGAAGGCCCGGTCGATGAGATTCCATTGCGCATCTCCGATGCTCTCTTCCGTATCGGGCAGGAAGCGATCAGCAATGCTGTTCGCCATTCCTATGCACGCGCTATCACCATCTCACTTTCCTTGATTGCCAATCACATCCGCCTCTCCGTCCACGATGACGGTGTCGGCTTCGACATACAACAGAATGATCCCGGGTTTGGAATCCGCGGTATGACCCGGCGTACCGACAATATCGGCGGTAAGATTCAGATCGTCTCTCTACCGAACAACGGAACAACGGTGATCGTTACGGCCGATCTTGCTCCTCACAGCTCTGCTTTTGAACGTCTGCACTCCGCAGCCAGGTTCATCATGGGGGTATGAAACCTTGAAACCAGATGCTCCACCCATTCGTCTGCTTATTGTCGATGACCACCCGGTAGTTCGTATCGGTCTGAGCAGCATGCTCAATATGAGAGGAAAAATTCTTGTCGTTGCCGCGGTCGCCAGCGGCAAAGAGGCTATCTGCTTCCTGGACCAATCGAATGTCGATATCGTTCTCCTCGATCTACGCATGCCAGAGATGAACGGCATCGAAACGCTTAAAGCGATCTGTAAACGCCCGTTCCCTCCGCCGGTGATCGTCCTTTCCAGCTTTGAGTTCGACGAAGAGATATACCAAGCCGTTGAAGCCGGCGCGCAAGGCTATCTCCTCAAAGACATGACAGTAGAAAATATCTTTCTTGCCATTCAACGGGTCAATGCGGGAGGCACCTTCTTTCCTACCCGCATTACAGATCGACTCGACGAACGTAAACATCGTCGCGACCTCAGCACCCGTGAGCTGGAAATTCTGTCGCTCCTGACAAAGGGACTAACAAATAAAGAAATTGGAGGTGCCCTTAGCATAAGCCAGTTCACCGTACGCAACCACATCAAACACATCGCCGCAAAGCTGGATGCGAGCGATCGAACCGAAGCTGCTTTTATCGCAATCCAGTCCGGCATTATTGCCGTTTCTCATTGACACCACTTTCTCTCAGCCGTGCCGCTGTGATTCTTGTCGTGCAGCATATTGTCCTATTGTTGTCGGGCAGTTTCTGATAACCACCTTATGAGCAGATGGAGCATCCTTTATGTCTTCCCTTTATCGATCCT
CP048114.1_gap52	2446183	2447675	1492	GGCTGGCGTTGAGGCCCGCCATGGAAAGGCTCATGTGGAATTTGTTATAGAGAAAAGTAGGGAGCCAGGTGAGGAAGACAACCGCCACAAAGTTCGCTCCCATGAAGATGACGATGAGCAGCATGACCATGCGGCTACCGAGGATCTCGCGAAGGGCTTGTCTGGTTGACGCTTTGAATGGCGGGTGACCCGCGACAGCTTCGGACTGTCCACGGCGGGGTTCGCGCAGCAGAAACATGAGAATAATGCCCAGTACAATACCGCAGCCTCCGAAGAAGAGAAAGCTCGAACGCCATCCACTATGTTGGCCGACCAATGCCGAAATAGAACCGCCCGCGATGCTGCCGGCATAGACGGCGGTCTGATGGAATGACATCGCACGCGATCGCGTGGAGGGGCCATGATAATCGCTGATCATCGACATGGCCGCCGGGAAGTAGAAGGCTTCACCAAGGCCACCCAGGGCACGGCACCAGACCATGCTTTGATAGGTATGTGCGATAGCGGTCGCCCCCGTCACGATCGACCAAAAGATAAGGCTGCCGAGAATCAACCATTTGCGCGAGAGCCGATCTGTAATCCATCCGGTGAAAGGGCCGCACAGAGCGTACATCCACATAAAGCAGGAGCCGAGAATGCCAAGCTGCACGTCGGTAAGAATCATCTCGGTCTTAATGAGTGGGAAGAGAGAGAAGATGGCCTGGCGGTCGGCATAATTAAAAAGGAAGACGAACCATAGAAGCCCGATGGTGATCCATTTCGTGCGCGTGTTGGCTTGTGCTGATTGCGACACATCTTCTCCTGTTGTCTTGCCGGTCCGCGTCCAGGCAAGTTGCACCAATCGTTATAGAAGATCGGAAGGGCTGATGTCGACATTTTGCTGCTATTTATGCAGACGAATCGCACTCCCTGCATAAGTAATGATCAGAATCGAGGAACGTAGAGTTCGCATAAGTCATTCCATAACAGTCATTAATAAATGATATGGAATCAGATACGGATGGAAGATCCGGCTCCAGTAGGTGTATTCTTTGTGTCGACACTAATATGATTTGCGTGTATAGTTGCTTCCATTGCAGCGACAAAGATGGCTGAAACTCCTTGCGGCAAGAGGAGACTTCCATCCTGACGACACATCGTTTCGGCATTCAGATTTTTCAGGTGAATCCCTTGACTTCTTTTAGTGGTGTATACGCCGCTCTACTCTCTCCGCGAGCCAGTGATGGTGAGCTTGACGTGGCCTCGTTTCGGCAGCAGATCTTCAAGCTGGGTAGATTTGGCCTTCGGGGTTATGCGATCAACGGAGCAACAGGCGAGTTTACAATCGCCTCGGACAAAGACATCGATGTATTGGTGCGTGCAGCCCGTCAGGAGGCTCCGGAAGAGCAGATTCTGTGCGGCATCGGCGCATGCGACCTGCGTCTTACATTAAACAACGCACGTAGTGCACAGCGTGCAGGCGCGCATGCCCTCCTGCTTCCGATGCCTAGCT
CP048114.1_gap53	2457029	2458217	1188	GATCGTTTGTGACGACCCAGATGTCTTCTGTCGCAGCAACAGGCAACAGGCGATCGACCGTCTGCTGGATCATGGTGCGCTCCCCATCCAGCGCCAGGACCTGCTTTGCCCGCGACCTGCGGCTTCGCGGCCAGAACCGTGTGCCGCTTCCACCTGCAAGAATTACTGGAGCAAATCGAAACTCTGGGCGTGCGACCTGACCTTCGCCTTCTCTCATGCTTTCCTGTCTCAATCAAAGAGGCCGCACTGGTGCTTTCCAATGCGGCCTCTTTCCGGTATCAGATTCCTAGCCAAGCTTTGCGAAGTATTCGCGCATCCGCTTGACGCCTTCATCCACCACATCAGCCGATACTGCATACGACAACCGGATGTGTTCCTTCGTCCCAAAGGCCTCGCCCGGAACCACAACCACATGGGCCTCGCTGAGCAGCTTGGCCGCGAGATCGGTTGCGGAGGTGATTCCACCCTTGCCGATAAAGTTCTTCACATTCGGATACACATAGAAAGCACCCTCAGGCACCGTGCAGGTAAGTCCCGGAATCGTCTTAAAGCCCTCAAGGACGCGGTCGCGCAGCTTCACATAATCGGCGCGCATCTCTGCCACGCACTCCTGCGATCCGCTGACAGCAGCAATCGAGGCCCGCTGCACCATGCTTGCCGTGTTCGATGTGCTCTGCGACTGCAGCTTGCTCATCGCCGCGATAATCGGCTTCGGTCCAAGCGCAAAGCCTGCACGCCAACCCGTCATGGCATACGTCTTCGACAACGATCCAAGAACCACCACATGCTCCTTGCAGTCCTTGAAGCTGCCACCGCTGACAATGTTCCCGGTAAAGTTCAGGTACACGTAGCACTCATCCAGCAGCACAAAGATGTCGCGCTGATGAGCCAGGCGCACGATTGCCTCCAGGTCCTCCGGCGAGACCACGGCGCCCGAAGGATTCGATGGCGTATTCAGAATGATCGCCTTGGTCTTGGGCGTAATCGCAGCCTCAATCATCTTTGCGGTGACGCGGAAGTTCTCCGCCTCGTTTGTCTCCACAGGCACCACAACACCGCCTGCGTACTGAATGATGTCCTTGAACGAGACCCAGTACGGAACCGGCAGGATCACCTCATCGCCGTGATCGACGAGAACCTGCACCGCGTTGAAAAGAGCCAGCTTGCCTCCCGTCGTAAAGACGCACT
