gap_id	start	end	length	sequence
CP044990.1_gap1	126586	127453	867	GCGCTGTTTCGCCAGGGCCTCCGCAGCCTGCTGGAGTCCGAGGGCATGCGCGTGATCGGCGAGGCCGCCAACGGGCGCGAGGCCATCCGTTACGCCGCCGATACCCACCCCGACGTGATCCTGATGGACATCCAGATGCCTGAGCTGGACGGCGTCAAGGCCACCCAGAGCATCCTGGAAATCGATCCGAATGCCAAGGTCATCATGATCACCATGTACCGCCAGGACCGTTACGTGTTCGAGGCGGTCAAGGCCGGGGCACGCGGGTACATCCTCAAGGACGCCGACGCCACCACGCTGCTGGACGCCATCAAGCGGGTGGCCGGGGGAGAGGCGCTGTTGGACGCCGACATGGCCCAGAACGTCCTCGACGACTTCCGCGACAAGCGCGAGGAACTGCCCAGCGAGAAGCACGCGGACCTTAACGAGCGCGAGACCATGATTCTCAAGCTGCTGGCCCAGGGCTTTTCCAACCAGGACATTGCCCTGCGCCTGGACATCTCCGAGAAGACGGTCCGCAACCGCCTGTCGGAAATCTTTACCAAGTTGCAACTGAACAACCGCACGCAGGCTGCCCTGTACGCCATCCGCGAGGGCATCGCCAACCTTGACTGAGCGGCGCAGGCGGGGTGGGAGAGAGGCCGGACCGGTGACCTTTCAGGCCGGATGTCTGCGCCAGTGGGTGCTGAACAGCGCAGAGCCTGATCTGGCCTACACCGAGCAGGCTTTTCCCGAGTGCCCCGCCTGCCCCCACCGTGTCGAGCCGGAGGGCGGGCCGCCTTTTTGCACGTTGCGTCCGGTGAATACGCCGCACCCCTTCGCCGCGCTGGCCGGACTGAATCTGCCGGAGTAGCGGGCGGGAGCCGG
CP044990.1_gap2	135322	135873	551	ATTCTGACGTTCCTGAGCTTCGTGGCTTTCAGCGCACCCGTGTTCTGGATCGGCGTGATGGCGCTGTATCTGTTCGCGGTGTACCTGCCGCAGGTCACGGGTGGAGTCATCGCGCTGCCGCCTGGCGGTCTGGGCAACCTGACACCCGACGACGGGTTCTGGCCGTTCTGGCTGGACCGCCTGAAATACCTGATCCTGCCGCTCTCCATTCTGATGTTCCGCGAGATCGCCTCGGTCAGCCGCTTCATGCGGGCCAGCTTTCTGGAAGTGATCGGACAGGACTTCGTGCGGACCGCCAAGGCTAAGGGGCTGCCCAACCGCTCGGTGATCTTCAAGCATGCACTGCGAAATGCCCTGATCCCGATTGTGACCATCCTGGGCCTGTCCATTCCGGGCCTGTTCGGGGGCGCGGTCCTGACTGAAACGGTGTTCTCGTGGCCGGGCATGGGCCGCGCGCTTCTGGACTCGCTGGTCAGCAAGGACTTCAACGTGGTGATGCTGTGCCTGATGCTGTTGGCCATCCTGACCGTGGTCTTTCAGCTCCTCGCCGA
CP044990.1_gap3	139369	141202	1833	ATTTCAGTGCTAGACCATTTTATGGAGAGTTTGATCCTGGCTCAGGGTGAACGCTGGCGGCGTGCTTAAGACATGCAAGTCGAACGAGATCTTCGGATCTAGTGGCGCACGGGTGAGTATCGCGTGACTGACCTGCCCCAAAGTTCCGAATAACTGGCTGAAAGGTCAGCTAATACGGAATGTGCAGCATCCTCGTGTGGATGTTGTAAAGGCTATGACCGCTTTGGGATGGGGTTGCGTTCCATCAGCTAGTTGGTGGGGTAAAGGCCCACCAAGGCGACGACGGATAACCGGCCTGAGAGGGTGGCCGGTCACAGGGGCACTGAGACACGGGTCCCACTCCTACGGGAGGCAGCAGTTAGGAATCTTCCCCAATGGACGAAAGTCTGAGGGAGCGACGCCGCGTGAGGGATGAAGGTTTTCGGATCGTAAACCTCTGAATCTGGGACGAAAGACCGGGACAACCGGAGATGACGGTACCAGAGTAATAGCACCGGCTAACTCCGTGCCAGCAGCCGCGGTAATACGGAGGGTGCAAGCGTTACCCGGAATCACTGGGCGTAAAGGGCGTGTAGGCGGCATCACAAGTCTGGTTTTAAAGCCTGCGGCTCAACCGCAGAGATGGACTGGAGACTGTGAAGCTAGACCTCTGGAGAGAGAACTGGAATTCCTGGTGTAGCGGTGGAATGCGTAGATACCAGGAGGAACACCGATGGCGAAGGCAGGTTCTTGGACAGAAGGTGACGCTGAGGCGCGAAAGTGTGGGGAGCAAACCGGATTAGATACCCGGGTAGTCCACACCCTAAACGATGTACGTTGGCCTACAGCAGGATGCTGTTGTGGGCGAAGCTAACGCGATAAACGTACCGCCTGGGAAGTACGGCCGCAAGGTTGAAACTCAAAGGAATTGACGGGGGCCCGCACAAGCGGTGGAGCATGTGGTTTAATTCGAAGCAACGCGAAGAACCTTACCAGGTCTTGACATCCATAGAAGCTCCCGGAGACGGGAGCGTGCCCTTCGGGGAGCTATGAGACAGGTGCTGCATGGCTGTCGTCAGCTCGTGTCGTGAGATGTTGGGTTAAGTCCCGCAACGAGCGCAACCCCTACCTTCAGTTGCCAGCATTCAGTTGGGCACTCTGACGGGACTGCCTATGAAAGTAGGAGGAAGGCGGGGATGACGTCTAGTCAGCATGGTCCTTACGACCTGGGCTACACACGTGCTACAATGGATGGTACAACGCGCAGCCAACTCGCGAGAGTGAGCGAATCGCCAAAAGCCATCCCCAGTTCAGATCGGAGTCTGCAACTCGACTCCGTGAAGTTGGAATCGCTAGTAATCGCGGGTCAGCATACCGCGGTGAATACGTTCCCGGGCCTTGTACACACCGCCCGTCACACCACGGGAGTAAATTGCAGCTCAAACCGCCGGGAGCTGAAAGGCAGGCGTCTAGGCTGTGGTTCATGACTGGGGTGAAGTCGTAACAAGGTAACTGTACCGGAAGGTGCGGTTGGATCACCTCCTTTAACAGGTCACATTCTTCAACACCAGATGCGTTCATAAGCGCCTTAAAACTGTAATGGTTTTGAGGCGCTTTTTATTATGTCTTGGTCTTCTGATCCTAGTAATCCGTGAAAGGCAGCAGGCAGCCAAGCAGCGGTGCCTAGATATTCCATCATCCTTCACGGCTGGTGGCTCTAGGCACTCAGCGGCAGCACCAGCGCGCGGGCCTTGACACCCTTCCGGCTGGGATGCAAGGCCAGGGCCAGCATCTGGGTTTCCGGGTGCAGCAGATAGGGCAGCCAGGTGTGATGCAGCGTGTTCATTGCTGCTG
CP044990.1_gap4	161725	164586	2861	CGCCCTGAGCGGCAACCTTCAGGCCCTGTCCCGCCGCGCCGGGGTGCCGCTGCTGCTGCCTATCAAGGCTGACGCCTACGGCCACGGACTGGAGATCGTGACTCGCATTGCCGCCCATCATCCCGACGTGTGGGGACTGGCAGTGGCGACGCCGCAAGAGGCAGGAACGCTGGCGGCCCTTAATCCCGGCAAGCCGATTTTGCTGCTCACGCCGCCGCGTCCCGCCGAGGTTCTGGTGCTGGCTGATCTGGGCGTGAGACTGCCCGTCGCCTCGCTGGCCGAGGCCGAGGCCCTGCCCCCCCACGCCCGCGCGCATCTGAAGATAGATACGGGCATGAACCGCCTGGGTGCGCGTCCCGAGGACGCCGTGCGAATCGGGCAGCGGCTGGCCGAGCGCGGCGTGCTGGAAGGTGCGTACACCCATTTCGCCACCTCCGACGAGCCGGACCTAGAATTCGCCTGGGAGCAGTTCCGGCGTTTTCAGGGTGTGCTGGCCGAGCTTCCTCCCGTGCTGGCTCACGCCTCCAACGGCGGCGGCATCCTGAGTCTGGGAAAGCTGCCGGGCATGGGGCTGGCGCGGCCCGGTCTGGCCTCTTACGGCTTTGCGCCGCCGCATCTGGGGGGCGTGCTACCCCTGACCCCGATCATGACCCTGGACGCCGAGATCACGCACCTGCACACCGCCCGCGCGGGCGAGAGCGTCAGCTACGGCGGGTTGTGGCACGCCCCGCGAGACACGTTGCTGGCGACGGTGGGTTTTGGCTACGCCGACGGCATGCCGCGCAACGCCACCGGACAGGCCCAGGTGATCGTGGCGGGCGAGCGCCGCCCGGTGGTGGGCCGCATCTGCATGGACCAGTGCATGGTTGACGTGACCGATTTACAGGTGGAGGTGGGCGACGCTATGCGCTTCTGGGGGCCGGACGGCATCACAGTGGGCGACGTGGCCGGATGGGGCGGCACCAACGAATACGAGGTGCTGACGGGTCTGGGCGCGCGGGTGGAGCGGCTGGCCGGGGTGTGAGCCTGACCCTGCGTGACCATCTCGCCGCAGCCGTGCAGACTCTGCGTGTGGCGGGCGTGCCCTCGCCGGAAGTGGACGCGCGGGCGCTGGTGCTGCACGCGCTGAATCTCTCACCCACCGCTTTTCTGCTGCGCGGATCAGAAGAGGTGGCTGGGGCTGACGCTGAACGTCTGGGAGAGTTGATCCGCCAGCGGGCCGCGCGGACGCCTCTACAGCATCTGCTGGGAATGGTGGACTGGGGTGGCGTGCAACTGCGTGTGGACGGGCGGGCGCTAATTCCCAGGCCAGAAACGGAGTGGCTGCTGCATCTGGCGCTGGCCGATTTGAATGGGGTCTCTGCGCCGCGTGTGGTGGATGTCGGAACGGGAACGGGAGCGCTGGCGCTGGGCGTCAAGATGGCCCGGCCAGATGCAGCGGTGCTGGGAGTGGACCTCAGTTCCGAGGCTCTGGCGTTGGCAGGGGAGAACGCGGCGCTGAACGTTATGGATGTGGTGTTCGTCGAGAGCGATCTTCTGGCTAATATTCCTGGCACTTTCGATCTGATCCTCGCCAACCTGCCCTATCTGCCCGACGCTGACCGTGCCCACGCTGACCCCGAAGTGCGGCACGATCCCGATCTGGCGCTGTACTCCGGCCCCGATGGCCTGCTGTTGGCCCGCCGTCTGATCCCGCAGGCCCACACGGCTCTAACTGAAAGCGGCCTGCTGTGGCTGGAACTCGATCCACGCAACGCCCCAGCCTTCGCTGCCGAACTGCGCGCTCAGGGCTGGGCTGTCACGCTGCACGCGGACCTGACGGGCCGGGAACGCTTCGTGCGTGCAGAACTGACACCCCTCACCCCGAGGTGAGACAATGCGCGCCGTATGAGCGACCCGGCCTCCGAACCCAATTCCGTAGCGACACCGCCCAAAAAAGCCCGCGCCCGCGTTCCCAAGACGGTCTGGGATCTGGTCTTTACTTTTGGGATTCCCATCCTGATCCTCAGCCCCAACATTCTGGGCAGCGGCATCAGCGTGGCCGACTTTTTGGGCGGAGAAAAAGCGGGCGGTGTTCCGGGGCTGGGTTCTGCCAATGTCCGCGCCTACCTGCTGGCCGCCCTGATTCCAGTGGTCTATGTCCTGTGGGACATCCTCAAAAACAAGAACCTGAGTCCGGTGGCCCTGATCGGTGGGGCGGGGGCGATCTTCGGCGGGGCACTGGCCTTCTGGTACGTGGACGGCTTCTGGTACGCCATCAAGGACAGCGCGCGGTCTTACCTGACGGGCATCCTGTTTCTGATCAGCGCGGCCACTTCCGTGCCGCTGTTCCGCGTGTTTCTGGACGCTGCCAGCATTGGCGAGAAGCCTGAAGACCGCGCGGCCACGCAGCAGGCCATGCGTGATCCGGGCGTTCACCGGGGGCTGGTGCTGGGGACCATCGTGTTCGCGGTGGTGGACCTGATCGGCGGCGTGGTGAACAGCATCGTCAACTATGACCGCGTGGTTGCCAAATTCGGCAGCGAGGAATTCAACGCTCAGGTGGCCGCCGTGAACGCCATCATGCGGATACCGGGGCTGGTGATCAGTCTGGTGGGCGTGTTCGCTGCCATCTGGTTCGTGCAGCGCGCCGTCAGGGTCCGTTTCGGGCCGGAGGCCAGCCTGCTGGAACCTGCCAAGCTGGCTGCCGCCATGCGCGAACGCGGCGAGGTACGGGCCGAGCAGGGTGACCCGGCCTGACCTGATCGTTTTTCAAGACAGCGCGCCAGTCGAAGTCTAGGGCTGGCGCGCTGTCTGTTCTGACCTCTGGCGGGTGCGGGTCAACCACGCTGATCATGCCAGCACCCGTTCCGGTCATGCTC
CP044990.1_gap5	176243	179949	3706	GCAGCCAGCACCTTTTCCAGGTTGTCGGTGGGCTTCAGGGTGGCGACTTCCTTGGTCACGAAGGCCTGTCCGGCCTCGCCCTTCTTGGTGGCCAGCACCTGCGGCTCGATCTGGGCACGCACGGCGCTCAGGGGCTGGGTCACGGCCTGCTTCAGATCGGTGGCGTACAGCACCGAGAAGCGGTCCCCGACTTTCACCACGTCGCTCAGGCTGCCCTCGCCCGCGTCCTTGAGGGCCGTGGCCCCGAAGACGGCAGCTTCCAGCTCGGGACTCAGTTTGCTGTCGCCCGCAGTTACGGCACCGCGTTCACTGACCGTGCCCCCGGCCTTGCCCGCTGCCGCCGTGAAGTCGCCGCCCTTCCAGTCGGCGCGGAAGGCCAGCGCCTGATTGCGGTCCCGGAAGCTGGCCTCGCTGACGGTGGCGCTGGCGGGGGTCTCAAACTGCTTCTTGTTCTGATCGTAATACGCCTGCAAGTCGGCGTCGCTGACCTTCACGTCACGCGCGCCGTAGGCGGCCAGACCCTGCGCGATGTTCTGGCGGGTGCCAGTCAGGTCCAGTTTCAGCTTCTCGGCAATGGCGGGCGCGGCGTAGGTCTGGATCAATCCCTGCGTCACCTGCGGCTTGAGAATGCCGTTGACCAGCCCGGCAGCTTGCTCGGGCGGCACCTGCTGAAGCAAAGAGGCGAACTGCTGGTTGCTGACCACGCCTTCCACCACGTCGGAATACGGAATGTCCTTGCCCGCAACGGTGGCGACGGTGGGGTTCTCGGTCTTCCAGTTGGGATCGAGGTACTCAATCTTGGCGTCTTTCTGAAGGCCGTCCAGCCAGCTTTCCAGCGCGGCATTTTCCTTCTGGGTCTTCAGGGCGGCCATGATGTCGGTTTTGGCCTCATCGAAGGGCTTGGGGGCAGGCGGCAGGAACTTCTCCACCTTCACGATGTAGAACTTGCCGCCACTGGCGACCACATCGGTCAGGCCGCCGTTCGTGAGGGCAAAGGCCGCCGCGCCCACTTCTGCGGGCAGGGCCACCAGCGCCACCGGACGGGGCACGCCGTTCTCGATGGGGCCGAGTGCGCCGCCCCGGTCCTTAAACTCGGTGCTGTTGGCCGAGGCCAGGGCCGCGAAATCCGCCCCGCCTTTGGCCTGGGCCAGCAGGGCCGCAGCCTTGGCCTTGTCGGCCACCACGATCTGACGGCCCTGGATGCGCGCGTCGCTCTGGAAGGCTTCGGGGTTCAGGTCGTAGTACAGCTTCGCCTCGGCGTCGGTGGGGGCGGGGGCAGCCTTTTTCAGCTCTTCCACCTTGCGTTGCACGGCGAGCTGCTTGCCCACCGACTCGCGGTATCCGGCATCGGTCAGGCCCGCACTTTGCAAGGCGTCGGTCCACGCCTTGTTGTCCTTGAAGTTGTTGGCTTCACGAACCTTGGTGACCTCGGCGTTCACGTCGTTCCGGCTGACCTTAATGTCCTGGGCCGCTGCCGTGACCAGCGCCTGCTGAATCTGGGTGGCCACCACCACGGTCTTGAAATCGTCACCCAGCACGCCGGTGTCGGTGCTGCTCAGAACCTGGTTGCCCCGGCGGGCCTGGTCCAGTTCCTCGGCGGTGATGGTCTGCCCGTTGACGGTCAGGGCGGGCGTGCCAGAAGTCTTGTTGCCACTAAACAGCCCGGCGATATTGGGGGTGAACTGGTAGGCCATGCCGACCACCAGAAGCAGGGCCAGCACGATCAGCATGACGTTGGTGACTTTCTTTCGCTTCACTTGATCTCCTTAAATATTGGTGCTAGCGTACCTGAGCCTTATTGGCCACGCACTCGTAGCTCAGGTGGATAGAGCGTTGGCCTCCGAAGCCAAAGGCCACTGGTTCAAGTCCAGTCGAGTGCACCACGTCCAGAAAGTTGCCACCCTGCGGGGTGGTTTTTTCGTGGATTGGGTTTGTTCAGTGCAGGAGTCCAGCAAACACACGCGCAAGAGTCTAGCATGCAAGGTTAAACGGGCGTGAAGCCGCAAAGTGCGTTGTGGGGCCTGTTTTTGGCCGCCTTCCTTCATCTGGAGGGCAGGTGGCGGTCCCGCCCTGTACGCTGGAAGGCATGAGCGATCCCACCTCCGGTTCCAACGTTCCGTCCAGCGGTCTGCTGAGTCTGCTGCCCCGTCTGCCCGGCAGTTACGACGGCCCCCAGACGCCCGAAGCGGCCCCCTACGCCCTGGTCGGCGTGGGTGAGGGCACGCTGGCCGCCCACCTGTTGCAGGCGCTGGCCCTGCCCAGCCTGACCCGCACCGGAACCCAGTTCGTGCTGAGCAGCCCCGACGCTGGGACCGCCGCTACCGATTACGCCGATCTGGCTGAAGTGGCCGGGGCCACCGCCCGCCGCATCAGCACCGGGGGCCGACCCGACGAGATTGATGTGCTGGTGCCGGGCGGACCGCTGTCCACCTATCACTTCGCGCAGGCGGTGGCCTACGCCAGCGGTCACGCCGAGGAAGCCCAGGCCGCCGACGCTGCGCTGGCCGATCTGGCCGCCCGCTGCGCCCCGAACATAGAGGAGAACAATCCGGCCCGCGATCTGGCCTGGAGCCTGTGGGGGCGCACACCGCTGCTGCTGGCCGCCAGCGACGCCGACGCCCTGCCGCATGCGTGGCAGCAACTGCTGGCCCGCACTGGAAAAACGCTGGCCGTGCCGCTGCTGGGCGACGTTCTGCCCCTGGCCAGCGGGGCCTTTGACGCCCGCCACGAGCAGGGCGACGCCAAGGTGGCGCTGATCCTGGGCGACACCGATCCGGCGCTGCTGCTGGCCCGCGAGATTCTGGATTCGCGCATCGACGAGATCATCCATGTTCCGGCCCCGAACGGCGCGCAGGGTTACCCCGCCGCGCTGGCGCTGTGGTATTTCGGCGCGTGGGTGTCTGCTTATCTGGCCGAGCGTTACGGAGCCGAACCGGCAGACCCTGTCGTGCTGGCCCGCGCCCAGGCGGGCCTGAGCGGTGAGGGCGGCAGCGAGGCCACGGGCGACCTGCGCCTGAGCGCCCCCCGCGACGACCTGCGCCGCACCCGCGTGGAAGAGGACCTGCCCGGCTGGGACGGTGACGGGGATGACGATGCCGATGACGACGATGTGGACGGCTTCGAGGACCAGGATGACCGCGAGGAGGACTGACCAGAGCGCTCTTTTCCGCCCACAGTGCCTGTGGCGAGGCGGCACCGAGGTCACGCCTCGTCCGTCCCATTTCCTGAAAGCGTTTCCTGGAGCGAGTTCAGCCATTTCCTGAAGGCGGGCGTGTCCCACGTCAGGGCGCTATCATGCGCGTTGTGCGGCTGCTGTTGCTCTCTGACATCCACGCCAACAACACTGCACTTGGGGCGGTGCTGAAGGACGCGTCCTCGCGCCGTTACGATCAGGTGATCCACCTGGGTGACGCGCTGGGCTACGGCCCCAATCCGCGTGAGGTGCTGGACGTGCTACGCGATCTGGACGCGGTGTGCATCATGGGCAACCACGATCAGATGCTGCTGGAATACGTGGATGGCAAGCGGGCCACCCGCGACAGCGTGGTCTCGCTGGCCCTGCGCTGGCAGATCGAGCGTCTTTCCGAGCGCGATATCGGCTGGGTCCGCACCTGGCGCGACGGCATCGACGACCCGGATGTGGGCGCGCGTTACCGCCACGGCACCCCGGTCAGCTTGGACGATTACACCGATTCGGTGGCGGCGG
CP044990.1_gap6	199987	201753	1766	AACCGAGCGTGAAAGAGCGAGAGAGACGCGAAATAACCTGCGTTGACCTCCATCCCAACCTGTCTTCGGACTGGGGCAGATAGAGGCCACGCATTGAGAATCAGAAGGAAAGGTCAAGATACTAAGGGTCCACGGTGGATGCCCTGGCACTGGAGCCGATGAAGGACGCGATTACCTGCGAAAAGCCCTGACGAGCCGGAGATACGCTTTGACTCAGGGATGTCCGAATGGGGAAACCCACCTGTTTACAGGTACTTCCGTAAGGAAGAGGGAACGCGGGGAACTGAAACATCTCAGTACCCGCAGGAGAAGAAAGAGACATCGATTCCGTCAGTAGCGGCGAGCGAACCCGGATCAGCCCAAACCCGCAAGCTTGCTTGTGGGGGTTGTAGGACCAGTTTTTAGGATTCATGTTCTTTAACCGAAGCTTTTGGAAAGAAGCGCCGCAGCGGGTGACAGCCCCGTAGGTGAAAAGGAACGTGACCGTACTGGCACCTGAGTAGGTCGTTGTTCGTGAAACGATGACTGAATCCGCGCGGACCACCGCGCAAGGCTAAATACTCCCAGTGACCGATAGCGAATAGTACCGTGAGGGAACGGTGAAAAGAACCCCGGAAGGGGAGTGAAAGAGAACCTGAAACCGTGGACTTACAAGCAATCACTGCTCCATACGAGTGTAGTGGTGTGCCTATTGAAGCATGAGCCGGCGACTTAGACCTAACGTGCAAGCTTAAGTCAATGAGACGGAGGCGGAGCGAAAGCGAGTCCGAATAGGGCGACGATAGTACGTTGGGCTAGACTCGAAACCAGGTGAGCTACGCATGACCAGGTTGAAACTCCCGTGAAAGGGAGTGGAGGACCGAACCGGTGCCTGCTGAAACAGTCTCGGATGAGTTGTGTGTAGGAGTGAAAAGCTAACCGAACCTGGAGATAGCTAGTTCTCCCCGAAATGTATTGAGGTACAGCCTCCCATGTTGACCATGTCCTGTAGAGCACTGCCAAGGCTCGGGGGCCTACCAGCCTACCAACCCTTTGCAAACTCCGAAGGGGCATGTGTTTTAGAGTGGGGGAGTGAGGCTGCGAGAGCTAACTTCCGTAGCCGAGAGGGAAACAACCCAGACCGCCAGCTAAGGTCCCCAAATATAGACTCAGTGGTTAAGGAGGTGTCGTCGCAGTGACAGCCAGGAGGTTGGCTTAGAAGCAGCCACCCTTTAAAGAGTGCGTAATAGCTCACTGGTCGAGTGACGATGCGCCGAAAATGATCGGGGCTCAAGTCTATTACCGAAGCTGCGGATTTGAACAGGCCGTTTACGGCCTGTTGATCTGGTAGGGGAGCGTTCCACCCACAGAGAAGCCTGACCGGAAGGACAGGTGGAGTTGGTGGAAGTGCGGATGCCGGCATGAGTAACGATAAGAGGAGTGAGAATCTCCTCCGCCGTAAGGACAAGGGTTCCTGGGGAAGGGTCGTCCGCCCAGGGAAAGTCGGGACCTAAGGTGAGGCCGAAAGGCGCAGCCGATGGACAGCAGGTCAAGATTCCTGCACCAGATATGTGGAGTGATGGAGGGACGCATTACGCTATTCCAAGCCGAGCTATGGCTATGCCGGTTGGTACGTTCAGGCCGAAGGGGTCAGAAAATCTACCCTTCACTAGGCTAAGGCGTATCGGGAGACTCTTCGGAGTTGAAGTGGGAAACGCGACGGTGCCAAGAAAAGCTTCTAAACGTTGAAACATATCTGCCCGTACCGCAAACCGACACAGGTGTCC
CP044990.1_gap7	363210	366564	3354	CAGTGGTGGGCAAGGTCGGCGCACAGACCTTTACCCTGGCCGACTTCGACAAGGCGTTCCGCGTCGCCGCCGCCCGCGTGGTCAATGCCCAGGGCATTCCCTTCGAGGATTCGTACCTGTCCGAGTTCGCCTCGGCCCGCCCCGATTACCTCAAGCAGTTCCTGCGGGACCGCGCGGTGGCGCAACTGGCCGGGTCGCGCGTCAAGCTGGATCAGGCTGCCGTGGACAAACAGTTCGAGGACGCCCGCGCCAACTTCGAGACCGACGAAGCCTTCGCGGAGGCGCTGGTCGCCACCGGCTACGGCGACCCCGAGGACCTGCGCGCCGAGTTGGGGCGGCAGGCGCTGATCAATGCGTATCTGGAAACCCTCCAGGACCGCTTCAAGTTCGGGGACGCCGTGGTGGCCGGGTATTACCAGCTCAACCGCGACAAGCTGACCCGCGAGGCCGAAGCCTGCGTCAAGCACATCCTGGTGCCCACCGAGGCCGAGGCCAAGACAATCGTGGCAGACTTGAAGGGTGGCGCGGACTTCGCCAAGATCGCCGCCGAGAAGAGCCAGGACCCCGGCAGCGCCCCGCAGGGTGGCGATCTGGGTTGCTTTGCGCCTGGGCAGATGGTGGATACCTTCGACAAGGCCAGCTTCACCGGGCCGGTGGGGGAGGTCCAGACCGTGCAGTCCCAGTTTGGTTATCACGTTCTTGTGGTCACCAAGCGCACTGACGCGGGCGTGACCCCACTGGCCGAGGCCGCCCCGCTGATCCGTCAGCAACTGTCGGGTGACGCCGCCCAGAAGTACCTGGATTCCCAGATCGCCCGCCTGAACACCGAATCCTTCCCAGAAGTGGTCACACTGACACCAGCCAGCGAGTAAACGTCCAGCCTGACTTTTTCCACTGAGCAGGATGCAAGAAATGGAGGCCGTTCTGAATCCTAGAACGGCCTCCAAACTGTCTTGAACAGCCTCCTGCCCGGTGGTGACGGTCATACGCGCAATCCATCTTCTTTTCTGCTCGCCACCGTCGCCAATAGATGTCCATGACTGGTTGAGTTCAAAGGGAGGAGGTCTTTCCTCTGCGTCGCAGCTTTACCAGCTCCGTTGACCTGTCCTGCCCGGATTTCCCCGGTGTTTCCAACACTTTTCAATCAGAGTCCGTATGACACGCTCCCGCCCTGAACGCGACACAATGCAAGGATGGAATTTTCCGCAACGCCTGTATTTTTTCCGGTCTGCCGCCATGTCCTCTGAACTGGACCTTCGGGCACTGGAGGCCCTGGGCTGGGGGCCAGATTTCGGGGACGCCTACCAGACCTTCCGTGCGGCCCTCTCGTCCGGCGAACAGGAGCGGGTCACGCCGGTCCGGGTGGTGGGGGTCCAGCGCCAGACTTTTCAGGTGCGGGGGGTGGACGGCGAGCAGGAAGCCCGTCTGGCTGGGGCGTCGCGCCACAGTGGGGCACTTACGCCTGCCATCGGTGACTGGTGCGTGCTGGAAGCCGCCTCTGATGGCAGCGGGCGACTGCTGGAAGTGCTGCCACGCCGTACCACCTTTGCCCGTGCGGTGGGCGGCGAGGAGGGCAAGCGGGCCGGAGCAGTACGCCAACAGGTTATCGCGGCCAATGTCGATCTGGTCCTGATCGTCACGTCTCCTGACCTGGACTTTGATCTGGAGCGGCTGGAACGTTACGTACTGGCCGTGCAGCACAGCGGCGCGCGGCCTGTGCTGGTGCTGAACAAGGCCGATCTGCATGCACAGGCGGACTGGTGGGTGGAGCAGCTCCGCAGTCTCGGACCCGATCTGGAAATTCACGTCACCTCTGCCCAGGCCAGTTCGGAGCAGAACGCTGAGGCACAGCAAGGCGAGGGACTGGATGGCGTGCGGGCACTGCTCACGCCGGGCGTCACGCTGGCGCTGATCGGCTCGTCCGGGGTGGGCAAATCCACCCTGACCAACGCATTGCTGGGCCGCCCCGCCGCGCCCACCGGGGAAGTGCGGGCCAGTGACCAGCAGGGACGGCACACCACCACCAGCCGCACTCTGTATGCCGTTCCCGGTGGAGGGCTGCTGATCGACAACCCAGGGTTGCGGGATATCGCAGTGTGGGATGCGGACGCGGCTGGGTTTGAGGACCTGGAGGCGCTGGCGACGCAATGCCGTTTTCGCAAATGCACCCACACCACCGAACCCGGTTGCGCGGTACAGGCGGCGGTGCGGGCGGGCGAGGTGTCTGCCGCGCGGCTGGCGGCCTTTCAGAAGCAGTCGGGCAGGCGTGGGCGACGCTGAGTAGGGTAGGCCCACAATGATGGCGAATCTGGGAATGCCGATTGACATTGTTGCCAGGATAGCCGGGCACAAGAACTCCGACATCACGTGTGACGTCTACCAGCGCGTCCTTGAAGATGAAATTCAAAGGGCAGTTCAGGCCATGCCGTCCCTGTTCATCTTTCCTCATCTTGAGGTGGGGAGCGTGCATCGTCAGGGACACAACATGGCCAGAGGGCCGCCCCGCACCGTCGCGGCCACCGCCTGAGCAGCAGGCTGAGGCCGGGCGAAGTAAAACCCCTGGCCCAGGTCGCAGTGCAGTGCCTGCAACTGGGCGACGGTGGACGCGTCCTCAATGCCCTCAGCCACCACCTCCAAGCCCAGGCTGTGTCCCATCGAAATTATGGCCTGGATGAACGCCGCGTCGGTGCGGCTGTCCTGAATGAACACCCGGTCGATCTTGAGGACGTCGACCGGCAGTGAGCGCAGTTGACCCAGGCTGGAGTGGCCAGTTCCGAAATCGTCCAGGGCCACGCGCACGCCCAGGGCGCGCAGGTCCAGCAGTTTTTGTCGGGCCTGCGCCGCGTCCGTCATCACCGCACTTTCAGTCACCAGCCCGGGCGCGCCGCCGTACTCAGCCAGCGCAGCGCAGGTATCAGCCACGAAGTGTTCGTGGGCGAACTGGGTGGGCGACACTGACGCCGGGGAGCGTCACCTGCCACGCGCACATCTGTCGGATCGACTCGCGCATGGCCCAATGGCCCAGCCCGCCCATCATCTCGCGCGTTTCGGCCACGGGAATAAAGTCGGCGGGCGAGACTGACCCGAGTACCGGGGACGTCCAGCGCATCAGGGCCTCGAAACTGCGCACCCGTCCACTGCTCAGCTCGATCAGGGGCTGAAAGTGCATGGAGAATTCGCCCCGTTCCAGTGCGCCGCGGAACTGCACTTCCAACTGGGCCTGCGGCATGTGCAGTCCGTTAAGCTGCTCGTTGGTAAAGCGCCAGGTGCCTTTGCCAGCCTGCCTGGCCTGGTACATGGCCCCATCTGCGTGCTCGATGGCCGCCGTGGCCTGCTCGGCGTCGCCAGGAGCCA
CP044990.1_gap8	368617	373505	4888	CTGGAGCCTCCCCCTGCCCCACCTTGAGTGCCAGGTAGCCCAGACCCGGCACAGTCATCTCAGCGTGAAGGTGAAGCTGCCCACCCTGGAAGTGCGTCTGGACAGGCAGCCCTTCTTCAGTCGCGAGTGTTAACGGACGCCCAGACTCAAAAGCAGCGTGCAGCGGGCGGTCATCGGAGGACAGGTTCCAGATGACGAGGCGTTCTGGGCCGCTGACCGCGTCGCTGAGAGCTTGCAGCGCTGCATTTCGTACGGCAGTCGCCTTTTCCAGTGCCGCGCCAAGTTCCTGGTGGGCCACGTCGTACACGGCCTTGACGCTGGAACCTGGCAGAATGTCGTGAAACTGGTTTCTGAGCAGGGTCTGCCACAGCGTGGCCAGGTCCTGTCGGGGGTAGGGCTGTCCCAGCAGACGGTGGCCCAGGGTGCAGGCGGCCTCGGTTTCCATCAGCGTGTGTTCCAGACGGCGGTTGAAATTCTTCATGTGGGCCTGGGAAGTAAACGTGCCCCGGTGCATTTCCAGGTACTGCTCGCCGGACCAGGTGGGCAGGTTCGTGGCCTTCACCTCGTCGTAGAACTCGGCTACCCGTGTCATCTTCAGGCGCGGTAGACCAGGAAACTCCTTGATGCGCCCGTAGTCTTCCAGCATCTGGGCTGTGGGGCCGCCGCCGCCATCGCCGTGGCCAAAGCTGAGCAGCGAGGCGTGACTCTGGCGCTTGCCCCGGAAATTCTGCCAGGTTTGCAGGGTGTCCAGCGGGGCAATATCGCCGTTGTAGCCCTCTGCGGGCAGGGGGTTGTAAAAGCTGTGGGCCAGCACCCGGCTGCCGTCCAGCCCCTCCCAGTGATACAGGTCATAGGGAAAGGTATTGGTCTCGTTCCAGGTCAACTTGGTGGTAAAGAAATAGGGAATATTCGAGAGCCGCAGGAGTTGCGGCAGGTTGGCGGCGTAGCCGAAGGTATCGGGCAGCCAGCAGACACGGGCGGCCTTGCCGAACTTCTCGGCAAAATAGCGCTGGCCGTAGAGCAACTGCCGCGCCCACGATTCGCCGGAAATCAGATTGCCGTCGGGTTCCACCCACATGCCGCCGACCACGTCCCAGCGGCCCTCCTGGACGCGCTGCTGGATGCGCCCGAACAGTTCGGGGGCGTCTTCCTCGACGTAACCGTAAAGCTGGGCCGAGGACTGGTTGAAGGTGAAATCGGGGTACTGCTCCATCAAGGTCAGCACGGTGGAAAAGGTGCGCTGGGCCTTGAGGCGCGTCTCGGAGAGCGGCCACAGCCAGGCCAGATCAATATGGGCATGGCCCGACAAACTGATGTACCCGGTGGGTGGAAAGCGTTTCAGCAAGTCTGCCAGGCGCTCGCCCCAGACCTGGCGTGCCTGCCTGAGCGCCGGACACAGGTCATCAGGGAACGGCGGACTGTCGTCGCTGGCAAAATCCCACTCGTCCCAGATCCCGGCGATCTGGTCCGCCTGCTCGCGCTGCTGGACCGCGCGTGAAAGGTACACGGCGCTGTCACTGCGCTGGATGGGAAGCTGTGTAAACAGCTCACTGAGGGCGTCGGCGAGCTGGGCGGCCAGGTCAGGCTGGCCGTGTGCCAGGAGTTGCCGGGCCGCTTCATGTGCCGTACTCAGGTCATCGTGCAGGGCGCGGACCTCCAGGTCAGGCTCTACCAGACAGGCCACCTTCAGTTGAGGATGCAGGTTTGGGCGTCCAAACAGATCCTTGGGACTGGCCTGAATCTCTATGCTGAGGCTCTGCCCGCCACAGACCCCAGCGAGCCGATACTCGTGGTGGTACGGATTGAGACCGCCTATTTGCTGACCGTTCACACTCAGCAGGCCCTCGCCGCCGACATCAAAACGCAGGAAGACAGGTCCTGTCCAATCTGTCGGCACCGTGGTTTCAAAGCGCAGCGTGACCGGGAAATCGCGGCCCGGCCAGCCCTCGCCCACCGCGATGGACTGAGCCTGATCAGAGCTGTGGGCGAAGAACTCACCGCCCATCAGCGTCTGCCGCCGGGCGTCGCGCCAGGCTCCCAGCTCGTTGAGGCGATTGTGCAGGCGAATGAGGATCTGGGCCGTCGTCAGGGCGTGTGTCATGGAAAAACCTCTCCTCGCTGCTCGACTGCATGATGGACGCCCAGACACAGCGAGGCCACCGACAGTATCAGGTCGGTTCCCAGAATCTGTGGGCCAGCCAATCGGTTTCCAGGCATGGTGCGGCCTCCTCTTCAAGTCAGAATTTGTGCCACGCGTCCACAGGGGTCCTGGAAATTATTTTACATCTGCCGCCATATTGAAACTTGTCTGGGGAACGACCTCGTCGTCAGACAGTTGAGGTCTAGAGCAGGTCTCTGAGTGAGTTGCTGGAAGCCCTTTTTTCTGGCGACTCCATTCTCTTCTTCGCAGCCTTGCAAGTTCATCCTACCCGTCAAAAATCTCTTGTGCCATGCAGTCTTGAAAATGGCCGCTCTCTGCCCACTGACCCGGGTGCAAAAGCCCACCCTGCTCTTTCTAAGGCTCTTTCCGAGGGAGCTTTTCCCAGAGTCCTTTCTGAATCATCCTGAAAATTATTCTCAACATTTTTAAAAAGTTGACAAAAATAATTTTCAAGTGTACTGTGACCACACAGCCAAATCCAAACGTTCGAGCTGAACCAGTTGCATCACACGTCGGCATGACCCGGTCAGAGGGGGCCAGCACCATGACCCAGCTTCAGTCTCCATTGCCCAGTCCCCCGTCCAGTGGGGCCATCGGGCGCATTCGCCTCCAGGCCCATAGCCTCTCGCCCAGCCTGCGCCGCGTGGCGGAACACGTCGTTCAACACGCCGACAGCGCCGTTCATCAGACCATCACCGAGGTGGCCGCCAGCGTGGGCGTGTCCGAGGCGACGATCACCCGGCTGTGCCGCAAGCTGGATTACGCTGGATTTCACGCCTTCAAGATTGCCCTGGCTGCCGATCTGGGCGGACGTGAACAGCGTGGGCGCATGGCGCAGGAACAGGTGGGCGCAGACATGCCCACGGCCACCCAGCGGTTGTTTCAGCAGGCGGCACGCACGCTGGACGACACCGCTCGCCTGCTCGATCCCGTGACGCTGGAGGACGTGGCCCGGCTGCTGGCCCGCGCCCCCAGGGTGGACCTGACGGGGCAGGGCAACAGCGGCCTGATCGCGCAGTTCTTCGCCCACCGCCTGATGCGGATCGGCATTACCGCCAGCGCGTACACCGACCCACATCTGGCTGCCGTGAGCATCAGCACGCTGCCGCATGGGGGGGTGGTGATCGGCCTGAGCAGTTCAGGCAGCACCATCGACACCGTTCAGCACCTGAAACTGGCGCAGTCGTGCGGGGTGTCCACCGTGGCGATCACCCACCGTGCCAGCAGCCCGATCACGCGCCACGCCAGCATGGTGCTGTTCACTGCCGCCCAGGAAGATCCCCTCACCGACGCCGTGCTGGACACCCTGACCAGTCAGGTGATGTTGCTGGAAGTGCTGTACGCCGCTGTGCTGGGCCACCGTCCCGAATCCAACGCCATGCTGCGCGTCACTGCCGAAAGTGTCGTGGAAAAAAAGTACTGAACCCCGTCCATTCGCCCCCTCACTTTCCCAGGAGGAATGCCCATGAAACAGTTCCACAAAAATGCACTGCTCGCCCTGACCCTCGGCCTTGGCCTGACCGCCGTTTCCGCCCCTGCCGCCGCGCAGGCCTCCACTGAGATCACCTTCTGGACGTGGTACCTCAGCCCCAAGTTTGACCCGTACATCAAAGACACCATCGCCGCCTTCGAGAAGGCCAACCCCACCATTAAAGTCAAGTGGTTCGACAAGCAGGACAGCATGGTGCAGGACTTTATCGCCAGCGTGAACCTGGGAAGCGCCCCGGACGTGGTGAACCTCAACATTGACGAGACCGGCAAGGCTGCCCAGAACGGCTTCCTGCGCAACGTGGACGCGCTGACGCCGCTGGCCAACCTGAAATCCACCTTCTATCCGCAGACTCTGGCCAACTTCACCATCGGCGGCAAGGTCTACGGCTACCCGTGGTACGGCTCGCTGAACGAGGGCGTGCTGCTCTACAACCCGGAGCTGATGGCAAAAGCGGGCGTCAAGGCCCCCAAGAACATGACCGAACTGCTGAACATGGTCAAGACCGTCAAGGACAAGACCGGGGCCTATGCCTGGGTCCCGGCCCTGAAAGATCCGGGTGGCGCGTCGTTCCTGGGGTACTTCTCCTCCGACGGTCTGCCCATCTATGACGCCAAGGGCAACGCGGCGTTCAACAGCCCGGCGCATGTGGCAATTCTTCAGAAGTACGTTGATCTGTTCAAGGGCGGCTATTTCCCCGAGGACGCACTGCGTAAGGAAGCCTTCCAGCTCGCCACCGAACTGTACGCCCAGAACCGGGTCGCCATGATCGTCGGCGGACCGCAGGCCCTGAACCGCATCAAGGACACCAACCCCGGTCTGTACGCCAAGACGGTGGTGACATCCGCGCCACTGGGCAAAGCGAATACCCAGACTGGCACCAGCATGGGTATGGTTATTCCGCAGGCCAGCAAGCACCCCGCCGAGGCCGCCAAACTGGCTGCATACTTCACCAACAACACCAATCAGATTGCCTTCGCCAAGATCGTGCCAATCGTCCCCACGACGGCAGCCGCGCAGAACGATCCCCTCTTTAAGGGCACGTCCAGCGATCCGATTGCCAAGGCCACTGCCCTGGTGGGCGCGTCGGGCCGCTTTATCAACCCAGGCTTCAAGGCTCCGGGCAACAGCGATGACCTGTACAAGAACTTCAGCGACAACATCGAGGCCGCGCTGCTGGGCAAGAAGACCCCCAAGGCCGCGCTGGACGACTCCGTGAAGTTCTGGAACGCCAACAT
CP044990.1_gap9	378614	380671	2057	CACATGGCCTTTACCGATGTGGGGGCACAGTACCAGGGCACTCTGAAACGCGTCGGACAGGTGGGAGTTTCCGCGCGCGGCCTGCTGCTGGCCATTGTGGGCGTCTTCTTGCTGGCAGCGGCCTGGCGGAATCAAGCCAGCATTGTGATCGGTACCTCCGAGGCGCTGGCCTGGCTACGCGAACAGCCTGCAGGCCAGTTTCTGCTGGGCGCGGTGGCGCTGGGGACGCTGTGCTACGGGCTGTGGTGCGTGATCCAGGCGCTGTACCGCCGCATCAAGGTGATGGACTGAAAGAAACTGGGCAGGACCCGGATCAGCCCGCGCTGCTCGAATTTCGTCAGAAGGAGATTTCACTCACGGAGCGGTTCTTCGATGTCGAAGGTGGGCAGGACGTGGTGGTGGTGCGTTGCGGTGCCCACGTACCCGGCGCGGTCATACCATTCGTCGTCACGCTCACAGCGGAGGATGGTGGCTCCCTGGGCGCGGACGGTGCCCTGGGCCTGCACGCGGCCCAGGCGGGCGGCAAGGGTGCCCTTGCTGCCGAGACGGCTGACACCCTGGGAGGTGCTCAGGCGCAGGTGATTGCGGGTCAGGTCCGGCCAATGGTGCGCGTAGCGGTTCACAGCGGCGCGGCCCTGCTCGCCAAGAAGTTCCGGGGCGCTGATGTACAGGTCCGCCGGGTCACCGTCGATGCGGTAGCGGATGCGCGGCGGGAGGGGTTCGTCGGTGGGCAGCGCGAAAGCCTGGATGCCGATGGCCTGCAGCGCCGTCTGGTAGGGGCGGCTCAGCAGGCCGTGGCGGCACATCCCCTCGTTGAGGACGAAGACGTGATCGAACTCGCTGCCCTTGGCGCTGTGATACGTGCTGAGAACCACGCCGTCCTGCGCCAAGGGCCGCGCCGCGTCGATGCGCAGCGCCAGCGCCCCCCAGGTTGTGTTGTGGAGGTCCTGTGTGGCGTGCAGTATGGCGGCCCACGCGCGGTCCCGCTCACTCAGTCCCAAGCCCTCGCGCAGGCTGTTCAAGGTGGCGTGGGCGTCTGCGGCGGGCATGTCGGGCTGGGCGGTCAGGGCTTCCCGCAGGGCCGAGCCGATCAGGCTGGCAGCAGGCCGCAGTTGCTCGCGGACGTTCAGCAGCTGATAGGGGACCCCCTGTTCCCGCAGAGCGTGCTGCACCTCGTGCAGATGCGTCCACTCCCGCGCCAGAACCGCGAGCTGGTGTGCCGGGGCGCCGCCGTGAATCAGAGTCGCGGCTCGGCAGGCCACGCCGAGCGCGGCGTGATAGCGGTGACGGTAGCGGCCGATCTGGACCTCGCCCCCCTCGGTGGTTTCAGCCGTGCGGACACTGACCACCCGGTCCGAGTCGCCTTTCAGACGGGCCTGTGCGGGCAGGGCCGCCTCGATAAAGGCGTTGGCGGCCTCCACCAGACGCGGCAGACTGCGGTAGTTCGAGAGCAGCGGCACCACCCCGTCCCCCGGGATGTCGTAGTCCTGCTGAAAGCGGCGGATGAACTCGATGTCCGCGCCCTGGAAGGAATACAGGTTCTGATCGTCGTCCCCGACAGCGACGAGGTAGCCGGGCTGCTCGCGGTCATCCTCGTCTGCGCCGGGTGTGGGCTTGCTGGGAGTGCGGTCAAAGGCGGCCAGCCGCGTGATCAGCTCGTACTGGGCGGGATTGACGTCCTGGTACTCGTCCACCAGCACGTACTGGTAGGGGGCAGGCTGCTCACGCAGTTGCTCGCTGGCCAGCCGGATCAGCCAGTCGAAGCGGTCCTCGGGGTTCACCTCGCGCGGGGCGTCGCGCTCGCTCTGGCCTGTCAGCGAGCGGGCCAGGCCGTGGAAGGTCAGGACCGGGACGTGCAGCGCCGCTGATAGCGGCGCGCAGGCATTGAGGGCACCCTTTCACAGGGGGTTCGGGCCTTTGGGTTGAGAAATTGCCGATATCGAGGGCTGCAAAAAGCGCGTCTCCAGCATGTGTTCACTGCCCTGGCGATCAATGTTATTCGTCTCTGCACCTGGCTGGATGGTGGTCGCCCCAAAGGAACCAGGGTCTCGCGCTTT
CP044990.1_gap10	387996	390241	2245	CCCGCCACATCAACTCCCGTTTCCAGCGTCCGAACTCTTTCCCGCCCTCTCACCCATTCTGGAGGAACCACCATGAAAAAAGCCTTTCTTCTTCTCGCTGCCCTGAGCCTGACCGGCGCAGCCTCCGCCGCCACCACCATCAACTACGCCACCTGGGACGGTACCCGCCAGAAGGCCGACGAGGCCTTGATCGCCGCCTTCAACAAGTCGCACCCTGACATCGTGGTGAAGTACAACCTTGTTCCCTGGGGCGTGTACTGGCAGAAAGCCGCCGCGATGGTGGCCGGGGGCAGCACCTACGACGTGATGTGGATGAACCTGGACAACTTCCCCTTTTACCAGTCGCAGGGCGCACTTGCACCGATCAAGCTGGACACCAAGACCACGGCGGAGTTGCCCAAGGTCCGCACCGCTCCGTATCAGGTAGACAACCAACTCTACGGCGTGCCGCTGGGGCCGCAGCCGGTCACGGTGTACATCAACCGCGCGCTGTTCAAGGAACGCGGCGTGCCGATTCCTACTGCGAGCTGGACCTTTGACCAGATGGTGGCGGCGGCCAAGAAACTAACCTTTACCAAGGACGGCAAGCAGATTTACGGCATCAACGGCGCGGACCTCCAGTCGGATCTGGAATACGGCATGAGCTTTTACTACGGCGCAGGCGGCACGGGCCTGATCAAGAAGACCGGCAACAGCTACACGGCCAGCCTGGACGCCACCTTTGCCAAGACCTCGCAGAAGCTGCTGGACCTGATCTACAAGGATAAGGTGGCCCCCGGTCCACAGGCCGCCAGCCAGCAGGGCTACCAGATGTTCCTGGCCGGACAGATGGGCATTCTGGTGCAGGGCAGTTGGATGGTCAGCACCTGGGACCAGAACAAGGACCTGGACTGGGCCTTTGCGCCGTTCCCCAGCGTGGACGGCAAGCAGCCGCGCCCGGTGGTCAGCGCCCACGCACTGGTGATCCCCACAGGCAGCAAGAACAAGGAGGCCGCCCAGACCCTGATCACCTGGATGAACACCAGCCCCCAGGCCAACCGGTTGCTGGCGCAGGACGGCCTGCTGCCCACGCTGGCCGAGAACTACAAGAGCCAATACCTCCAGGCGCTGCCTGGCCGCAACGCCCAGACCGTCTTCGCGCAGCTTCCCAACTCGGTGGTTATCAACGCCAGCCTGCGCAACGTGAAAGTGCTGCCGGAAGTGCTGACGGTGCTGAGCCAGAAGATGAACCTGGCCTGGACCGGCAACGCCAAACTGCCCGACGCGATCAAGCAGGCGACGGGCGAGATGGATACCCTGCTGAAAACGGCCAAATAATGACTGGGCGGGCCGGGACCAGTCACCCAAAGGCCAGTCATCCAGAACAGTGGGTGCTGGGCCTGGACGGCGGCGGCAGCAAGACCGCGCTGGCCTATGTCAGCGGCGCGGGGGAGGTGGTGGGGCCGTTTTACGCTCCCGGCATCAACCCCTTCGACCGCCCGGACTGGGAGGCCGTCATGCGTGCTTTTCTGAGCGCCCATCCAGCCCCCGGCCCGCTGGTCCGCGCCTCTCTGGGTCTGCCCGGTTACGGCGAGTCTCCGGCCTTCAGCGCCCGGCAGGCGGGTGTGTGCGCCGACCTGCTCGGCCCCTGCCCGCACAGCGTCATGAACGACGTGGAGGCCGCCTTCGTGGGGGCCTTCGCGGGCGGACCGGGCGCGCTGCTGCTGGCCGGAACCGGCTCGATGGTCTGGGCTGAGGACTGCTCACCACAAGGCGGCGCGCGCCAGATTCGCACCGGCGGCTGGGGTGAGGGCTTCGGCGACGAGGGCAGCGCGTACTGGATCGGGCGGCGGGCGCTGGGTCTGGCCAGTCAGTCGTTGGACGGCAGGCATACCGACGCCGATTTCGCGCAGGCGCTGCTGACCCCCGTGCTGGACGGACCCCCCACCCAGACGGACCTGCTGATGTGGTACTACGGGCAGACACATGTCCGCTCCGCCGTGGCCAAGCTGGCCCGCTCGGTGGATGAGCTGGCCGATGCGGGGCAGCCCACCGCCCGCACCATTTTGCTGGAAGCTTCAAAACTTCTCGCCCAGCACGTCATGGCCGCCCGCCGTCAGCTTGGCCAACCCGATCTACCCTGGAGCTACGCGGGCAGTGTGCTGGGCAGCCGCACCGTCCTGGGCGCGCTGACGACGCTGCTGGGCACGCCTCAACCCCCCGCGCTGCCCCCACTGGGCGGCGCACTGTTTCACGCCGCCTCCCG
CP044990.1_gap11	393394	395078	1684	AGGTCTCGGGACTGGGCAACGTCCGGCACGACTACGACATTCCCATGAAGTACGGCGTGGACCAGTGTATCGGCGACACCACCGGCCCCGGCGGCGTGATGAAGTTCCTGCGGACGGCCCCCGCGTGGCTGGACATTCTGCGCGACATCGAGCGGCTGGCTTCCGGAGCTGTGGTGATGAACTACACCAACCCGATGAGCGCCCTGGTGCTGCTGTCGGCGCGGGGGTCAAACCTCAAGGTATACGGCCTGTGCCACTCCATCCAGAACACCCTGGCCGAGCTGGCCGGGTACCTGGACCTGCCCATGAGCGAACTCACCTACCGCTGCGCTGGGGTCAACCATCTGTCCTGGTTCACCGAGCTGAGTTGGAAGGGAAAGGACCTGATGCTCAAATTGCGTGCGGCGATGCTGAAACCTGCAATCTATGAACAGGACATCATCCGTTTCGAGATGCTCAGGCATTTCGGGGCCTTCCCCACAGAGTCCAGTGGGCATTTCTCGGAGTACGTGCCGTATTTTCGCAAGCGCCCCGATCTGCTGGCGCAGTTCACCCGGCCAGCCTACAAGGGCGAGAGCGGCTTTTACGCCCACAACTGGCCGCAGTGGCGGCAAGAACACGCCGCGCGGGTCGCCGATCTGATCGCCCGCGAGAAGGCTGGGGAGGCCGCCATTGACATGACACGCAGCCCGGAGTTCGCCTCCAACATCATCGAGGGTATGGTACTGAACCGGCCCCAGCAGATCACCTGCAACCTGCCCAACATGGCGGACGGAGCTGTGCTGAACGGGACTGTGCTGAATGGGACTGTGCTGATCGACAACCTGCCGCCCGACGGCGTGGTGGAGGTGGGCTGCACGGTGGACGGCGGCGGTATTCACCCGCAGCCCTACGGACGGCTGCCCGAGGCGCTGGCCGCGCTGGACCGCTCCCACATGGCGGTTCACAGCCTGCTGGCCGATTCTGTGCTGTACCGGGACCGCGAACTGGCGGTGCAGGCGCTGATGCTGGATCCGCTGACCGCCGCCGTCTGCTCGTTGGACGAGATCCGGGCCATGTTTGCCGAACTGGTGGAGGCCGAACACGCCGATCTGCCCGAATACCTGCGCGAGACGGTGAACGCGTGAGTGGTCCAGTGATAGGTGGGCCAGTCAGGGGAGAGCCAGTCACCCTGCTGATCTTGGGCGCGGGCAGCCGGGGGCAGACCTATGCCGACTACGCCTTACACCATCCGGCAGAGGGCGTGGTGGTGGCGGTGGCCGAGCCGGATCCGGTGCGCCGCGCCGCCTTCGCCGAACGTCATCACTTACCGCCCGAACAGGTTTTTACCGACTGGCGCACGGCTTTAAAGCATCCAAAACTAGCTGACGTGGCTGTGATCGCCACCCAGGACGCCGATCATGTCGCCCCAGTGGAGGCCGCCGCCGCCCTCGGCTATCACCTGCTGCTGGAAAAGCCGATGGCCCCCGACGAGGAAGGTTGCCGCCGGATCGTCACGGCAGCCGAACATCACGGCGTCATGCTGGGCGTCTGCCACGTCCTGCGTTACACCGCCTACACCCAGGCCCTGAAAGCTGTGCTGGACGCTGGAACCATCGGCGAGATCGTCAGCGTGGAGCATCTGGAGCCGGTGGGGTACTGGCATCAGGCGCATTCGTTTGTGCGCGGCCACTGGCGCAACTCG
CP044990.1_gap12	401768	405644	3876	TGCAGACGCTGCGGGGAAGTTTTCCGCTGTTTGCCCTCCTGGTCCTGATCAGAACCGCCCTGGCCTGGTCTGGCATCAGCCGGGCATCGCTGGGACGGCCTTTGGAGCGGCCCCCCGAAGGCGCGTCCGCTCCCATCACCACCCAGGCTGCGGCGCGGGTCTGGAGCCTGAACCGGCAGAGGCAGCGCCTGAAACAGACCATCAAACAGATCGAGAACAGCCCGGCTTCAAAGCTCGTGCCAAGCGAAAGCGGGCACCTGAGTGAGCGCGCCCGCGCGGCGCTGGCCGAGGTGGGCCGCCGCGAAGACGAGGCCCGGCTCAGGCAGGCCCATGAGGAGATGGAGACGCTTGGACGGGCCATTCAGGATGAATACCACCTGCTCGGCCTGCCCAGCGAGGCGCAGACTGTGACCCGGTGGCCAACCTCTGTGCCGCCGGAACCACATCCCCTGGTCACCGCACCGCTAGAAACTGTGCCGGACCCCAGGGGGCAGCCAGTGGACGCCGAGCAACACCTCCGCGCAGATCCAGGCGACCCGCCCAGCCGCGACACTTGAATTCCCGGACAGGCCCGTACACCTGCGCGGTACGTCCTCATGTCATCACAGCGTTGAGCACCGTCACTCCTCAGCGGTAGGTGAACGTCCGCGTCGTTGCCTTTCTGGAAAACGGGTCGCCGTCCATAGTCCGGGTCTCCTTGCGCGTCCGCCAGTTGCCGTACTAGTCCAGATCACCGTAGGTCAAGTCTGTCCGGGAGGTGACGTTCAGATCGAAATTCTTCTTGAAAATCTTCGCCGTGATGGTGCAGATCGTTCCCTGGCATTCGCGCACAGTCACGGCGCTCTGCTCCTCGCCACGGGCATTCGGTGCGTTGAATTCCTCGGTGGTCATGCTGGTCCCGCACTGTCATAGATGAGCGCCTCAAGAACCTGGCAGTCGGGGCCGAGCTGATGCACCAGGCTCCCCGCATTTTTCAGTCCTGACCGCGACCAATTCCAGTCTTGCTGCTTGACGAAGCAACTGCCCTTGTACTGATACTCGGTCTCGTCGTCGGACTGGGAGATGATGCGCGTGACCTGGCCGGCAGCGTTGAAAGTGAATTTCTGGGTGTCGGTGCCTTCTTCATCCACGGGGTCCTCGCCCGTCTCCATGGTCATGGTCTGGACCAAGAACCTTCAGGTGACGGAAGGGAGCGTTGGGATCGGTGGTCTGGTCGATCTCTGTGGAGGCGGCGCCACACAGGGCAAGCAGGACAAGGGAGGAGCGCAGGATTCGGGGCGAGCTGGGCATCACGGCGCAATATTATTTGAAGGCGTCTGTCCTTAACCTGACCGAAGGGCTGCTCAGCAGGCGTGTGCTCGTGTCATTCACGCCCCGGCTGATGGCACTGTGCGCTACGATCAGATTGATTGGCTTTCTGCTCTTGGGTATCGCCTCACCCATGTGGGTTGCACGGCAACATCGGCGTCAGCGCCCGGACGGCAAAGTGTTGTGCTGAGACTGTCTGGCCTGCTCTGGAGGAAATCTAAGCACATGAACACCAGCTACGACACCATCATCATCGGCGGGGGAATGGCCGGGATCGCCGGGGCACATGAGCTGGCGCGGCGCGGTCAACAGGTGCTGTTGCTCGAGCAGTTCGCGTTCGGCCACGAGCGCGGCGGCAGCGCCGGGCCGTCGCGCATTTTCCGGCTGTCTCAAACCGTGCGTGAGTACGCCCCCATGGCGGCCCGCGCCCTGACGCTCTGGAAGCAGTTTCAGACCGACTACGCCACCCAACTGTACTGGCCTGCGGGCCTGCTCGATCTGGGAGACGCCCAGACCCCCATGCTGGCGGAGATCCAGACCCACCTGCGCGAGGGCGGGCAGGATTTCGAGGTTCTTGATGCCCTGGAACTGGCCCGGCGTTATCCACAGTGGCGGCCCGGCGACGACTGGCAGGCGGTGTACAGCCCGGAGGCAGGCATCCTGAATCCCAGCCTGACCCTGGAACTGCTCACCGCCATGGCGGGTGTGCTGGGAGCGACGTTGCTGGACCGAACCCCCGTGCTGGGCGTTGACCTGAGCGATCCCGCCGCGCCCACCGTTCACACCGCGCGCGGAACCTTCAGCGCCGGGCGGCTGGTGGTGGCCGCCGGCGCCTGGCTTCCAGGGCTGGTGCCTGACCTGGCCCCGTCGCTTCGGGTCACCCAGGAACAGGTGGTCTACTTCCGCCCCACGCAGCCAGAGGCATTTGTGTTGGGCCGCTTTCCGCTGTTCATTCACCACCAGCTTCCTGAGGCCTACGGCTTTCCGCTGTTTCACCTGCCCGGCGTTAAGGTCGGCCTGCACACCAGCGGCCCGCAGGTGGACCCCGACACCCGTGATGGGCTGCCGCAGCCCGAACTCACCGAGGTGATGCGGGCCTTTCTCGAAGACCACCTGCCCGGCGCGGCGGGGCCGGTCATGCAGGTCAAGACGTGCCTGTACACCACCACCCGCTCCGGCGACTTCATCTACGACACCCATCCCGACTCTGCACGGGTGCTGCTGGTGTCGGCGTGTTCGGGCGTGGGTTTCAAGTTCCTGCCAGTTCACGGCGAGATCATCGCCGACTGGGCGGCTGGGCAGCGTCACCCGCTGCTGACCCGGCGTTTCGGGCTGACAGAGGCGGCGCCGCCCTTCGCTTCTTCGGGCTGATTCTGACTGACTTCCTCAGGTCTTTAAAAAGGCTGTCGAGTCGAAGGGCGCCGCCGTGTTGGCATGACGCCACCAGATCACCTCGATCAGCTTCTGGCGTTGGCATTCAGTGCATCCAACCAGTGCTGGGCTTCGGCGCTCAGCGTGGGTAAGGTGGGCGGCATGCCACAGTCCAGGCCAGCCATTTCTCGCAGTCGGCCTGATCTTTTCATAGGCTTCGCCGCCAGTGAGGAAGAACCCGGCCTAGGCTGAAGCGCGGTGATCAGGCCGGACTGGGTTTCCCTGGGGACGCAGAACAACGTGTTCGTGTTCTCTGAGCAGATTGCGTATGGCCTGTTCCTGGCGGAGATAGTTTTCCAGGACCAGTTTGCGGCGGTGGGGATCTTCGGTCACTTCCAACTGGCGCGTATTGTCAATTTTGAGGACTTTGTACGGCTGGCCGAGGCGTTGCAGAACGCGGATGGCGCAGCGGAACCGGTACACGCTCTGCTCGTCGGCCGGAGAGCTGACCAGAAGCTCGGCGAAATCGACGACGCGTCCAAGCAGGCCAAAGCGGCGGTGGCAGACGGTGCCAACAGCACTGACGTGGTGAATCACACGGGTCTGTTTGCCGCAGCCGGCGCAGCGAAAGTCCAATTTCATTTCAGGTTGCACGTCAATACCCCTCTATTTGTGGTTTTTTCCGATGCTGGGCGTCGTTCTTCCGACTTCCTGCACGTGAAGCACAGGTCCCTCAAGTTGCCACGGTAACACCAGATTCTGGTGTGGGAGGAAGAGGTGATTCCGACTGTGGAGTCTCTCCGATTCAGCCCCGCAAATAGCCGCCGCTGACCTGGTGGATATGGCGCTGTGGCGTGGACAAAGGCGCGACGAGGTTTAGTCCGCCTTCTGCTGCCTGTATTCAGCGCCCTACAAAACACAGTGGCGCGGTCCCCTGCTGAACTACCCCCGACTGGATGGTGGTGGGATCTGGCGCCAGTTATTTGCTCCTGGCACCAGACCCCACCACTGGTTGCCCACCGCTGTTTTTCAGGGATTACTTCTGTCCTGGTGTTCCGCAACACGGTTATTTATCGGCAAGATAAGAGCGCTGGAGCTGATGCGAGACGCGACGATGGCCCGGAAGTGTCCACCACTCATTTTCTGCACATAATCCGCGCAGCGCTGCGATGCTGGTCTTAACGCTCACGGAGGTGC
CP044990.1_gap13	604635	609069	4434	TTTGCCGCGCCCAGCAGGGCCAGATGGGCGCGGTCCGCCGCATCGTCGCCGGGGCGGCGGTACAGCATGAAGGCCCGCGCGTGGCCGCCCGGTACGGCTTCCCGTGCGGCTGCCGGGTGCGTTACCGGGTCCGGTGGGGCCATCTGGCACTGCGCCTCTGCCGTCTCACGTGTCACGGAGTCCGGGCAGCGCAGTTGCAGGCTATGCCGCCACAGATCGTCGAAGACGGCCACGCCGCTCTGGGCCACCGGCCCGCTCATCCGCAAGCCCAGATCATGCAGTCCGCGCCCCCCTGGTTCGGTAGCAGGCAGGTGCCAGTCGGTGTAGTTGTATCCGGCCACGGTCAGGTCCCGTCCGTCGATGACGTGTAACTTGACGTGGCTATGCGGAAAATAGCGGTAGTTGAGGATGCTGAGCTTCCAGCCCACGCGGGCGTCCTCCAGCGGCACGCCCAGCCGTAGCAGATCGCCCAGCAGCGCCAGCGGCTGCGTGCGGCCATCTGGGCGCTGAAAGTCTGGAAAGCCGCCCAGCAGCGCCCGCACCGTCATGCCCTGCGGGTATGCAGCGGGATCGGCCCGCACCCGCCCATACAGCGTGGCCACCGCCTGCGCGAAGGTCCAGCCGGGTTTTCCTGGCCCGCCCTGCCATTCCATGCTGGCCAGCAGCACCTCGCTGTGGGCGTTGGCAATCTGGCTGGCCGTGATTTCGAAGGCGTCCAGCGGTGTGGTCAGGCTGCGCGGCGTTCGTAGATAGCCCACGAAAGCGTTGTCACAACTCAGGTCCGGCTGGCCGTTCTCGGTGACCACCCCCCACACCGCCCGTTCCAGCGGGTCCGTGGGCGGGACGCAGACAGGCAGATTCAGGGGCGCGGCGGGCAGCGCGGGTCCCAGGAAAAGCGGCAATTCCGCACCCAGCCCTGTCCCGCCGCAGGCCAGGACCGCGAGGGTCAGAAGAGAACGCGCCGCACGGGACATCACACCGCAGCATAGGCCCGCCAGAACCGTGCAGGGCGCAGTTTAAGGCATGTCTCGAAATCTCTCAGAGAGGCGTCAGCTTGGGCGTGGAGACCGGATGATGGTCAGCGGGTGGAAGGGGGAGAAGCGCACCTGATGCCTGCCTCAACTCCATCGCTTCTTCTGAAAAAACTCTAGTCCACCACTTCAAAGCCCAGTCGGGCGGCCTGTTCCACAAAGAAATTGATGTTCTCGCTCAGCGTCTGTGGTCCCAGACTCTTGCGCTGGTGTTCTCCGGTAGCCGCGATGATCAGCGTTTCGGCCAGACAGGCGGGCACCGCACCCTCGCCAAATTGCAGGTCGATGTTGCTGGTCATACCGCCGGGGGGGCGCACCACGCCGCCAGGAATGATCCGCACGCCGGGAATGCTCGCCACGCTCTCGTCCACATCTGCCGGGCGGCCCTCGTCGAAGATCCAGGTGCCGGGCTTGACGTGCTGCGGAAAGATTACCGGCAGCGGGTCACTGGTGGCTGTGAAGATCAGGTCCGCGTCCTTCAAGGTGGCGTAATCGGTGGTGGTGATGATCTCGGTGTCCTTGTTGGCGCGGCGTAGGGTGGCGGCGCTGCGTTCCAGCTTGTCCAGATTGCGCCCCAGCATGATAATTCTGGCCACCTGTGGCGCAATGGTCCGCGCGATGCCGAAGGCCACCACGCCGTTTGCGCCCACGATTCCGGCGGTGGCGGCCTTCAGGTCCCGGCCCTCGGATTCGAAGTGTTTCAGGATGCCCGGAATCGCGGCTTTAATGGTGCCGGAGGTATACGCGCCGCCATTGGTCACAGTAATTTCGGGCACGGCGGCCTGCACGTCCACGCCCTTGTTGCCCACCACGGACCAGAACGCGCCCAGCCCGAAGACCTCCGCGCCCAGCTCATGCGCCAGCCGCGCGCCCTCGATGGCCCGGCGCGTGGCCAGCTCCGGGTTGGTGTCGAACACGTCGGGCAGCAGCGGGCTGGACAGCAGGTAGCAGCGGATGCTCTGGCCCTCCGGGGTGCGGATGCCGCGCAGTTCGCCCACCTTCATGGGGCGCAGGTTGGCGGCCATCTGGCGCACGCTGGCCTCGCTGATCACGCCGCGTTCCACCAGCGGTTTGAGCCACGCGAAACGGGGGGCGGACCAGAAATTTTCCAGCGTCATTGGGTGGATCATGAAGGCGGCCACCACCTCGTCGCTGCGCTTTCCAGCCAGCGGCACTTCCTCACCAAATTTCGGCTCGGTGCCGTCCAGCATGCGCCCGATGTTCTCCTTGAAGCGCCAGCCCGCCGCCACCAGCAGCCCCAGTGCCCCCAGCTTGGCCGGAACGCCGATGGGCAGCAGCGCCACCACAGCGGCGAAGACCGCCAGTCCTGCCAGCGTGGCCGCGCTGACATAGCCCCAGTACCCGGTGACGCCCGCGTAGACGATGACAGGCAATGCGGCCACCCACAGCGGCACTGCCCCAGTGACGGCCACCCCAGCCAGCACGCCCAGCAGCACCAGATTCCCGCGCCCACGCGGCGGCACTCGTCCAAAAGCTGAGCCGTAGAGCGGCAGGTAAAGAGCGTTCGGCGGATTGAGATGCCCCAGGTACGCGGCGAGTGCAGCCAGCACGGTCACTTCCGGCAGTCCCAGGCTGGAGGCCATCAGCACCGCCAGCAGCCCCTTACCCGCGTCCAGCAGTGCGGAAGCGGTGGCTAGCCCTGGCCCCACCAGCCGCAGCATGTTTTCCACACCCAGGTTGTGCGCGCTGCTCAGGCGGGTGTTGACCCCGGCGCGGCTCAGGAGCAGATAGCCCAGCGGCAGGCTGCCCACGAGAAAGGCCACCAGCAGCAACAGGGCCGACAAAAACAACATGTCGGGCATTCTAGGGCTTTTGGTAAATCGTCAACGGTAGACAAATGGCAGTTCACGGTGCGCGCGGGAGGTGGAAGAACGCCCAATCCTGTTCCAGAGCAGGCCAGAGACGGAATGCAGTCATCTTTTTCTGGAGACAGACTGCGGAAGTAACCCACAGAAAAGAACACCGCGAGTCGGCGTCGATCCTGTGCCTGACTCGCGGTGCTTATTTCCCTGTGACGTTCAATGGTTGAAACGGGCTTCAGATTTACTTGGCGGGCGGCATCAACACGGTGTCGATGAAGTGAACCACGCCGTTGATGGCTGGCACATCGGCCCTGGTGATGGTGGCATTGTTGATCGCCACGGTGCTGCCATCGACCTGAATGTCCACTGCCGCGCCGTTCACGGTGTCAGCCGTGGTGAGCTTCACGACATCGGCGGCCATGACCTGACCAGCAACGACGTGATACAGCAGCACAGCCTTGAGCTTGGCCGGGTCTGCCAGTAAGGCATCCAGGTCCGCTTTCGGAATCTTGGCAAAGGCGGCGTTGGTGGGCGCAAACAACGTGAAGGGTCCCTTGCCGATCAGAGTGGCCTCCAGATCAGCGGCCTTCACGGCGGCCAGCAGGGTGGTGAGGTCGGGATCCGTCGAGATGATGCCAGTGATGGTCTCTGTCGGCTCGGCCATCGCTGCCGTTGGGGCAGCCGCTGTCGTCGCTGCCGCCGCCGTTGCTTCGGGCGTGGCCATCGCGTTAGCGGGCGGCATCAGCACGGTGTCGATCACATGGATCACGCCGTTGGTGGCCTGCACATCGGCCTGAGTCACGGTGGCGTCGTTGACCATCACCTTGCCGCCGCTCACCTTGATGTTCACCGCCGCGCCGTTCACTGTTTTGGCTGTGGTCAGTTCAATGACATCGGCGGCCATCGCCTTGCCCACCACAACGTGATACAGCAGGATGGACTTGAGCTTTTCTGGATCGTTGATCAGCGCGTTCAGGTCAGCGGCGGGAATCTTGGCGAAGGCTGCGTTGGTGGGAGCAAAGACGGTGAACGGGCCAGCGCCGCTCAGGGTTTCGACCAGGCCAGCGGCCTTGACTGCCGCCAGCAGCGTGCTGAAATCAGGGTTGGTAGAAACGATTTCGGCAATCGTCTGGGTGGGTGCGGGCGTGGTCTGTGCGGCCCCCATGGCAGAAAGCATCAGCGCACCCGTCAACATCAGTGTGGTCTTCTTAAACATATCGGTCTCCTCTTGTGCTGAAATAGAGCGTCGTAAAAATGTCACCGATTCAGCCCTGAACTCATCTAACTTCACTATAATTTGAATGAGTTAGTTTGAAATGGAAGCAGTTGGACAAAACTCTGTCCAGAGGGGCTGATTGCTGATTATGCTAAAGAACAGGGCTGAACACACGAGTAGGGCGAAGTACAATGTGTCCATTGTGAACTTCGCCTTAACGTTTGACTTGTTGAGATGTTCTTTTTATTGGACTCGGTTCAATCGTCCTGATCCTGTGCCGAATCAGACAGAAATTGTGAAACATACTTCAGGTACGACTGCCGTCCCCCAGCTTTCTGCCCCGTTTTGACCGATGAGCGCAGTC
CP044990.1_gap14	626090	627678	1588	TGGCTCGCCGAGTTGCACGCTGACCACGCAGTAGATCCCTTCGAGCAGATCGTCGCCGCTGGGAACGGGGTTCCCGGACTTGATCATGTTCTTGTCTTTCGCGTACTTGTTCAGGATGCGTGTGTAAGCCGTCTTGAAACCGGTCAGCGGCGTGCCGCCGTCACGGGTACGGATCATGTTGGCGTAGGTCAGAATGTTGTCGCTGGCATAGGTGTTGGCGTGGATGAACGCCACTTCCACCACCACGTCGCTGTGGGTACCGCGCATCACGATGGGCTGGTCATACAGCAGCTTGGTGTCGTCGGTGACGAGGGCACGGGCGAAGTTGGCGATGCCGCCCTGCTCGTAGAACACTTCCTCACGCACCTCTCCAGCGTGCAGTTCGGTGCGCTCGTCGCGAACGACGATTTTCAGACCAGTCAGGTAGGCCAGCTCCCGCAGGCGGCCCCGGATGCGGTCATAGGAAAAGGCGTTGTCGAACTCCTTGAACACGCCCGCATCGGGGTGGAAGCTGACCTTGGTGGCCCAGGTCACGTCACTGGGGGTGTCACCCAGCACTTCCAGTGGCGTGGTCACCGCGCCCTGCTCGAAGCGGATGTGATGCAGCTTGCCGCCCTTGTTGACGGTCACGTCCAGGTAGGTACTCAGCGCGTTGACCACGCTGGAGCCGACGCCGTGCAGGCCGCCAGACACCTTGTAAGCGCCCTGGCCGAACTTGCCTCCGGCGTGCAGCTCGGTAAAAATCACTTCAATGGCAGGGCGGCCCTCGGATTCCATCATGTCCACGGGAATGCCGCGCCCGTTGTCGGTCACGGTGGCGCTGCCGTCGGCGTGCATGATGACGTGGATCTCGTCGGCGAAGCCAGCGGTGCCCTCGTCGATGGCGTTGTCGATGATCTCGGTCAGCAACTGGTGGTAGCCGTCCACGCCCGTTCCGCCTTGCACGTACATGCCGGGGCGTTTGCGAACCGCCTCCAGCCCTTTCAAGACGGAGATATCGGCGGCGGTGTACTCGGCACCCGGCCCGCCCACGACGCGGGACTGGGTTGGTGAAGTTTGGGCAACTGGAGCAGTGTTCTGGTCTTTAAGTTTGGTCATTTGACTCCTGCGGCGCACACCCGGCTTTGACGCGGGCTTACGCCAAATTGAGAGGAGAGGGTTGATTGGGACTGATAGGCGCTCAGGGACGCCCTTTCTCGCTACTCAGTATACTACAGCAGTTGAAATAGGTCAACAAAATTACGTGTATAGCATAATAAAGAGATGGAGTTTGGAAGGTGTGAAAAGGCCGTGCTGGCGGTGGATTCTGGGCATTGTTGGGATGACTTCGGTCTGCCCTGGAATGCTGGTTGGGACTGTTCCCCGACGCCCCTATTTTTAGGGGTCTGGCAGACTGTGAAAAACGCGGCTCCTGCATCTCCGAAGAGAATGGGGGCCGCGCTCTTGGTGTGGTTCTTCGGCTGGTCTTCCTGGCCTGTCTTACTCTGTGCCGCCCGTGCCCCTGCGGCCCCGGCGGCGGCGGCGGCGTTTGGCGTCGTCACTCTGGGCCGCGCTGGTCTGGGCTGGCTGCGCGGCTGCGGTCTGGGCC
CP044990.1_gap15	628905	629828	923	CGCAGCAGCAGCGTGTTGACGACGCTCTCGCGGTTGGTGCCGCGCACTTCCTTCAGCACGGCCTGATACGCCTGGGGCGTCGGCTCGCCGCCGGGGAAGGCGAAGCCCAGCCGCCCGATGGCCGCCGTCACGTCCTGGAAGCGTTGCAGGGTGGGTTCCTCGTGGATGCGGAACAGGGCGGGGATGTCGCGCCCAATCAGGAAACGGGCCACCACCTTGTTCGCCAGCAGCATCAGGTCCTCGATCATGCCGCGCGCGGTTTCCTCGCGGATCGGGATCAGCTCCATGCGCCCGTCTTTGCCCACGTCCACCTTGACCTCGCGCATCTTGAAGTCCAGGGATCCCTCGCGCAGCCGCTTCTGGCGCAGCTTTGTGGTGATCTTGAGCAGGAGATGCAGGTCTCCTTCCAGATTGCGGGCCGTCTCGGGCAGGGTGGCCGTGGCCTCGCTGTAAGCCTGCACCTCGTCATAGGTCAACCGCGCCTTGGAGTTGATGACGCTGGGCGCGATCTTGACGTCCAGAATCTCACCCTCGGCGGACAGCTCAACTAAAGCCGTCAGCGTGAGACGGTCCTGATCGGGCACCAGGCTACACACGCCGTTGCTGAGGTGTTCGGGCAGCATGGGCAGCACGCGGCCCGGCAGATACACGCTGGTGGCGCGGGCAAAGGCTTCCTCGTCCAGCGGCGTGCCTTCCTGCACGTAATGGCTCACGTCCGCGATATGCACGCCCACCACGAAGTTGCCTTCTGGCGTGGGCTGGATATGAATGGCGTCGTCAAAGTCCTTGGCGTCGCGCCCGTCCACCGTGAAGATGTTGTACCCGCGCAGGTCCAGGCGGCCATGCAGGGCTTCCGCCGGAATCTCGACTGGAATGGCCTCGGCCTGCTCCAGCACAGGTTCAGGGAACTCGCCGCGCAGACC
CP044990.1_gap16	654785	657020	2235	CTGCTGGGCGGCGGGCGGCGGCGGGCGCAGGGTATCGGTCTGCGGCACCACCACGTCGGTGGGGGAGCGCTGCGGGTTCTGGCCGGGGCGCGTGATCCACGGGTTGCTCAGCGTCCAGGTCTGCTTGCCCGAATCCCAGATGCCGAACTGTGCGGTCAGGATCTCGTCGCCGCGCTGGACCATCACGCCGTCGAGCCGGGCCACCTGACCGCCGCCACTGTCATTGTTCACGCGGCCCGCGTAATACAGCGCGTCGGGCGGGGCGTAGGTGTATTTTTCCTGCTGGGGCGGCGGCGGGGCCATGTCGTAAATGCTGTACCACGAGCGGTCCCAGTTCGCCAGCCCTGCTGGAACCAGGGTGCCTGCATTGAAGTACGCCAGCACGCCCACCAGCGCAAAGGGAATGGCCAGCGGCCACACCAGACTCAGCGGGCGGATGCCGCTGGCCAGGATCGCCTTCAGCTCGTTATCGCGCTGCATCCGCGAGAAGGCCAGGAGGATCGAGAACGGCACCGCCAGCACCAGCGTCTTGTTCAGGTTCTGCGGCAGGATCGACAGAAAGGCCGCCACCGCCTTGAACACAGGCGGGTGGTAGATCAGCAGCTTGCCTACCGTGCTGCTCAGGGCGTCGGTCATCAGCAGGGTCAGAAACAGCGCCACGCCCGCCAGATACCAGCGGGCGATCTCGCCGAGTACGGTTCGGGTCAGGATGGGCACGGCCAGGATTCTAGCGGCCCAGCATGAGGAAAAGGGGGCGGAATGCGGGTTTAGTGGGGGTGGTGGGTAGGGGAGGGGAGCCTATTGCTTGGTAATGGTTCTGGCCTGCCCACATGGTTTGACCCCTCTCCTGCGGAGCTGTGCCAGCCAGTCTGCTACGCAGCCAGCTCCCCTCAAGAAGTGCCAAGAGAGCGCTGCTGGACGAGCAATTCCGCAACCCTTGCCTCCCTTCTAAGGGGAGGTGCCCCGGAGGGGCGGAGGGGTTAAACCGCAAACGGCCACCCCACAATCCCACCTCCAACAAAAGAAAGCCCCCTCCATGCGGAGAGGGCTGAACGAGAGGACTGCCCTATCCCGCCTGTGGTGCCCCGGCTCCTTCCCCGGCCCACCCTTTGCGCTCGTGGCGGGCCAGCCGCTCGTGCAGGTGCAGGATGGCGGCGTTGCCGTGTGCGCCGCGTTCGGTGATGGCGCGGGCCGTGGCGGCGTCCAGGTAGGCCAGCCGCAGCAGTTCGGTGCTGCTCAGGCCGTCGCGGGTGGCCTTCACCCCGCGCTCGCGGCGAATACCAGCGCTGTCCAGGCCCACCACGCTGCGGTTGCTGATGCTGCCCAGTTGGCCGTACACGTTGCCCTCGCCGCCGTGGCGGGCCACCGTCGCCATCAGCTCTCGGCGGGCGTCGGTGCTTTCCAGGCGGGAGGCCAGCCAGCGCCGCGCCCCTGGATCGGCGCTGCGTTCGGCGATCTGCGCGGCCAGTTTCACGTCGCCGCCCATCGCGCGGGTCAGCAGGTCCTGCGCCCGCTTGCGCCAGCGCCGCGCCTGCACGGTGTCCACCACAAAGGCCAGCCGGGAGAATTCAGCCAGACTCAGAGTGGCCTCCGGCCCAGCGCCAAAGTCGCGGGCGGGTGAGGTCAGATCATGTTCGGCGGCCAGCGCGTTCCAGTCGGCAGGGGTCAGCCCCAGTTGCGTCAGGGCAGAGGAAGCGAGGAGGAATCCGTCGGCGCTGATGGGCAGCCGGACGGTGCCGAATTCGAGGGTCAGCGGGGCGTTTTGCATACATAGATTATAGCATAAATTATGTAATAAGCATAATTACAGAGGATGGCTTAGAGGGGCTGGAAGGGGCGTTCCAGGATGTGCCAGACCCCTTCTTCCCCTCTTCTTCGCAGCTTCGCAAGTCCGGCCCCCGGAGGGAGGCGACGGGATGTCCGCGCGGCCCGTTTGGCTGTGCCTCCTGGTGTCCTCTGAGGAAACAGACTGGGAATTCGATCATGCAGTTCACCGCCCCTTCTCCGTAAGCGCGACTAGACTGAACGCACAACGCCATTCCCCCAACACCGAGCTTCTCCACGCTCCAAACACCCACTTCTGGAGGTTTGCCCCATGTCCGAACCCGATCAGGTCACGCCCATTGCCCCTTCCGCCGAGCGCTTTCCCGTCCCCCAGAGCGTCCTGGCCCGCCTGCGTTCCGACCCGCAGGCAGACATCGATGCGGCGGCGGCGGACCCGGACGCCTTCTGGCT
CP044990.1_gap17	690544	691640	1096	CGGGGCGGAAACGCTTGGTGTAAACGGCTCTCGCCCCTCCCCGGTCAAGTCATAAAGGGGTCTGCCCCAAACCTTCTGATCTCGCTCAGGCCGTCGCCTGCGCCTCCGTTTGCCCCGCCAGAAGCAGCCAGGTACTCAGCACCGAATCCGGATTCAGGCTCACCGAGTCGATGCCCTGATCCATCAACCACTGGGCCAGCGCCGGGTGATCGCTCGGCCCCTGTCCACAGATGCCGATGTACTTGCCCGCTTTTTTGGCGGCGGAAATCGCCTGCGCCATCAGCGCCAGCACCGCCGGGTCCTGCTCGTCGAACAGGTCAGCTACCAGTCCCGAGTCGCGGTCCAGTGCCAGCGTCAGTTGGGTCAGGTCATTGCTGCCAATGGAAAAGCCGTCGAACAGTTCCAGAAACTGTTCGGCCAGAATCGCGTTGCTGGGAATCTCGCACATCATGATGATCTTCAAGTCGTTCACGCCGCGTTTCAGGCCGTTCTTCTCCAGAATCTCCAGCACGGTTCTCGCCTCGCCCACCGTGCGGACGAAGGGAATCATGATCTGCACATTGGTTAGGCCCATGTCGTCGCGCACGGCCCGCATGGCGTCGCACTCCAGCGCGAAGGCGGCGGCGAAGTCGGGGCTGCGGTAGCGGCTGGCCCCCCGGAAGCCGATCATCGGGTTTTCCTCGTGCGGCTCGTAGGCCGCGCCGCCGATCAGGTGGGCGTACTCGTTGCTCTTGAAGTCGCTCAGGCGCACGATCACGGGCTTGGGGGCAAAGGCGGCGGCAATGTTGGCCACCCCTTCCATCAGCTTGTCGCGGAAGAAATCGCGCGGCGAGGCGTAGCCCTGGATGCGCTCGTCAATGGCGGCCTTCACGTCCTCCGGCACGTCCGGGTAGTCCAGCAGGGCGCGCGGGTGGACGCCGATCACGTTGGAGCAGATGAATTCCACGCGGGCCAGCCCCACGCCCTCGTTGGGCAGCGCGGCAAACGAGAAGGCGCGGTCCGGCGAGGCCACGTTCATCATGATCTTCATGGGCACGTCGGGCATGGCGTCCAGCTCAATGCGGTGAACCTTGAAGTCGCGTTTGCCCTCGTACAC
CP044990.1_gap18	716654	719503	2849	ACCCTCGGTCATGATCAGGGTGTCGCACATCACCGGCAGGTACGCGCCCCCGGCCACGCAGTTACCCATGATGGCGGCGATCTGCGGAATGCCGCGCGCGCTCATGCGGGCGTTCAGGTAAAAGACGCGTCCGAAGTCATCCTGATCGGGGAAAATCTCGTCCTGCATGGGCAGGTAGACGCCCGCACTGTCCACCAGATAAATCAGCGGCAGGTGGTTTTCCAGCGCGATGGTCTGCGCCCGGATCACCTTCTTGGCCGTGATGGGAAAGAATGCGCCCGCCTTGACGGTGGCGTCGTTGGCAATGACCATCCACGGGCGGCCTGCCACGGTGCCAATGCCGGTGACCACGCCGCCGCTGGGGCAACCGCCGACATCGGTGTACATCTCCCAACCGGCGAAGGTCATCAGCTCGTCGAAGGGGGTGTTGTCGTCGGTCAGGCGGGCGATGCGTTCGCGGGCGGTCAGACGGTTCTTGTCGTGCTGGCGGGCCTGTGCCTTTGCGCCGCCGCCCGCGTGGACCTTGCTCTGATCGGCTTCGAGACGTGTCAGCGCATCAGCCCAGGCGGTATTGGCCGGGCTGGAGCTGGCGGCAGACTGCGCCGGGGCGCTGGTGTCGGTATCGGTCATCTGTGCCGGACAGTCTAACAAACGCTCGTTAGGTTGTGGGGCAAGGATGGGCACAGTCCGGGGAGTGGAGACACGTTGAGGGCGGAGCTGCCGCGCTACGCTGGGGGAGCGGAAGCCATGCATGAGCAAAGCTGAAGAGAGGAGCTACGAGGACACGCGCATATTCGTCACTCTTAAGGAAGTCAAGCGGGAACCGCGTCCAGAACAGACCGACGAGGAAATTCTGGCGTGGATGACCCACGAGATTCAGACAGATAAGCGCACCCTGGACCTGCTGGCTGAACTTTAACGGTGGCCTTTTCGGAGGGATATTTTCACCATCATCGTGGCTGGGACTTTCCAACCCCCAGCTTTATCCATGCCGCGCACGACCGCATCCAGGCGTGTTTGAGAGTGCGGCTTGAAAAGCTGTAGACAGCGCTTTCGGTGAAGATGCTTACCTCACCTTCTTCTCCAAAGCGGCGGCGATTGGCTCCACGCTGGCCCATAACCACGGGTTCAGCGACGGTAAGAAGCGCACGGCGCTGGAAGTGACGTTGCTGACATTGAAGCGTAACGCTCTTCACCCCAATCCCTCGGAATGTGAGGCGGCAACGACAATGGTTTTGACGGTGATGAGACTGCTGTCCATTGACGGTCTGCGAATCGTAGTGATGCTGTGGTGCGGCATTGATCCCATCAATGCCGAAGTCTAAAAAATCCGTGCCGACAAAAAAAGCATCTGCCTCCAGAGCTGTCGTATGGAGGCAGAGATTCACCTGTAATCGAATGATGTGGATCTATGTTTATGGTTACAAGTGACACACTGATATAAGTGAAATTGTTTTCAGACCAGGAAATCAGTTGTCGTCGCGCGTCCAGGTGATCAGATATAACATGCGGCCCCGGTCATCTTCGATCTCGACATGGTCATCTGAGATTTCGGCCACCGTATACCTGTAGCCCTCCTGAGAGGCCGCGCGGATGGCACGGTAGGTTTCAAAGCATCCGACGTTTTCCATGCCATTTGCGGTGGGTCTCAGGAGGGTGTAGGACATGTGCATAAGGTAAGAGGTTGGTTAATACAAAACACTGACAACTTGCTGAACGCGTCTGGGAGCACAAATATTTGGTGAATGTCTGATGACGCCGCCGCCAGCCTAACGGGCGTTTGGCCCGGCTTCCGCTTGTTAAACTGGAGCATGACTGTGACTGACGCGCCCGTTCCTGCCCAAGGCGAAATGACTCAGAGCGGGATGACCAGTGGTATGGGGTTTGCTCTGAATGACGATAGCCGCATGATCCTGCAACACGTCCGTGATTTCTGCCGCGCCGAGATCGCCCCTCTCGCCGCCGAGTATGACCGCAGCGGCGAGTTCCCGCACCAGCAGTTGCGCGGGCTGGCTGAGATGGGCCTGCTGGGGGCCACCGTGCCGGAAGCGTGGGGCGGCGCGGCCCTGGACAGTGTGACCTACGCCCTGTGTCTGGAAGAGATCTGCGCGGCGGATGCCAGTGTGGGCGTGATCGTCAGCGTGCAGAACGGCCTGCCCGAGCAGATGATCTTCAAGTACGGCACCGATGCCCAGCGCGAGAAGTACCTCAGACCTCTCGCCAGCGGAGAGAAGATCGGTGCGTTCTGCCTGACGGAAGCCAGCGCGGGCAGCGACGCCGCAAGCCTGCGCCTCAAGGCCACCCGTGACGGAGACGACTGGGTGCTGGACGGTGCAAAAGCCTGGATCACCAGCGGCGGTCAGGCTGAAACATATCTGGTGATGGCCCGCACAGGCGGCCCCGGCGCACGCGGCGTGAGTTGCTTTATCGTTGAGAAGGACATGGACGGCCTGAGCTTCGGCAAGCCCGAGGAAAAGCTGGGCATGCACGCTGCCCACACCACCACCGTCACCTTCGACGGCGTGCGCGTGCCGCACGAGAACATGGTGGGTGAGGAGGGCCAGGGGCTGATCGTGGCCCTCGCCAGTCTGGACGCCGGGCGGATCGGGATTGCCATGCAGGCCATCGGGATTGCCCGCGCGGCGCTGGAACATGCCAGCAAATATGCCAATGAGCGCGAGCAGTTTGGCAAGAAGCTGCGCGAGTTTGAGGGTGTGTCCTTCAAGATCGCCCGCATGGCTGCCCGCATCGAGAGTGCGCGGCTGGTGGCCCTAAAAGCCGCTTGGCTCAAGGATCAGGGCCAGCCCTACGGCAAGGAGGCCAGCATGGCCAAACTGCTGGCCTCTGAG
CP044990.1_gap19	722552	724749	2197	GAAGATCAACTTCGGTGAGCTGAAATTGCTCCGCGAGTGCTGCCGATACTTCCTGCATTGAATGGGTCTGACCGTCTTGCAGGCTCTCCAGCAAGGGGCGCATCAATGTCTGGTAATCGGTAACGGTCATAGCCAACTTTAGCCGAACAAAAAGAGCCGCCTACCCCAACGGGAGACGGCTCAATTCTGAACTTTCCTCAATCAGTCCGTGTAAGCCCCCACCGCCGCGCTGCTCACCAGCTTGGCGTACTTCGCCAGCACGCCGCGCTTATAGCGGGGTTCCGGCTGCACCCACGCGCCCCGGCGGCGCTCAATCTCGGCGTCATCCACATGCAGCGTCAACTCGCAGGTTTCGGCGTTCAGCTCAATCGTGTCGCCCTCGTGAATCAGGGCAATCGGGCCGCCCACGTAGGCTTCGGGGGCGACATGGCCCACCACCAGTCCAAAGGTGCCACCCGAGAAACGCCCGTCGGTGATCAGGCCCACGCTGTCGCCCAGGCCCTTGCCGATGATGGCGGAAGTAGGGGAGAGCATCTCGCGCATGCCGGGACCGCCCTTTGGCCCCTCATAGCGGATCACCAGCACGTCGCCGGGGTTGATCTGATCGGCCATGATCGCGTGCATCGATTCTTCCTCGGACTCGAAGACGCGCGCCGGACCCGTGATCTTGATACTTTTCAGGCCACTGATCTTGGCGACACTGCCTTCTGGGGCCAGGTTGCCGCGCAGGATGGCGAGGTGGCCCTGCGTGTACAGCGGCTCGGCGTAGGGGCGGATCACGTCTTGTCCGGCATTGGGGGTGTCGCTTTCATCAGCCAGATTCTCGGCAATCGTTTTTCCCGTCACGGTCAGGCAGTCGCCATGCAGCAGGCCCTCTTTGAGCAGCATCTTCATCACGCGCGGAATGCCGCCGACCTCGTGCAGATCGGTGGCGACATATTTGCCACTGGGTTTCAGGTCACAGAAGACAGGGGTACGTTCGCGGATACGCTCGAAATCGGCCAGCGTCAGGTCGATGTCGCAGGCGTGGGCAATCGCCATCAGGTGCAGCACGGCGTTGGTGCTGCCGCCCACGGCCATGATCACGGTAATAGCGTTCTCGAAAGCCTGCTTGGTCAGGATGTCCAGCGGGCGAATATCGTTTTCGATCAGCTTCAGCAGGGCGCGGGCGCTGTCGGCGCTGGAGGTGGCCTTCTCGGCGTCCACCGCGCTCATGGTGCTGGAGAACGGCAGGCTCATGCCCATCGCTTCAAAGGCGCTGCTCATGGTGTTGGCGGTATACATGCCGCCGCACGAGCCGTTGCCGGGGCAGGCTTTCTTCTCGATCTGCGTGAACTCCTCACGGCTGATCTTGCCTGCACCGAAGGCACCCACGGCCTCGAACACGCTGACAATCGTGAGGTCCTGGCCGTTGTAATGGCCGGGCTTGATGGTGCCGCCGTACACGAAGATGGCCGGGATGTTCAGCCGCGCGATGCCGATCATGGCCCCTGGCATGTTCTTGTCGCAGCCGCCCACCACGATTACGCCGTCGTGCGACTGCCCACGAGAGACGGTTTCGATGCTGTCGGCGATCACCTCCCGGCTGACCAGACTGCACTTCATGCCCTCGGTGCCCATGCTGATGCCGTCCGACACGGTGATGGTGCCGTAGACCTGGGGCATGCCGCCGCCCTCCGTAATGGCGTCGGTGATATGCCCGGCCAGTTCGCCCAGCCCGTTGTTGCACGGCGTGATGTTGCTCTGCGCGTGCGCCACACCGATGATCGGCTTCTCGAAATCGCCGTCGGTAAAGCCCACCGCCCGCAGCATGGCCCGGTTGGGGGCGCGCTCGTCGCCCTGCGTGACATGGTGAGAGTTCCAGTTGAGCTTGGCCTTCTTGGCGGTGTCGGTCATACCCACAGGGTAGCGCTGCCGTCAGGTCAACACGCTGGGAGGCTCAGACAGGGAAGTGGAGTGGTCTGTTGAATGGCGAGAGCAAAAGCAACCCCTCAGTCTGCTTCGCAGCCAGCTCCCCTTGAGAGGAGCCGAGAAACGCGACTGGCCGGGCAATGCCGCGACTCTTGCCTCCCTTCTAAGGGGAGGTGGCCCGAAGGGCCGGACTCGTAGAGCTGCGAAGCAGAGGGGTCAAGCGGGCATGGCAACCCCAGAACCGCCTGCACACACCTCTCCAGCCCTACTCCTGACTGGTAATAAA
CP044990.1_gap20	727221	732124	4903	GACGCTTCGACACTGGCATGGGTCTGGCCTTCTGCAAACTGGCCGTCGAGGAACACGGCGGCCATATCGGTGTGCAGTCTGAGCGCGGCCACGGGGCGACTTTCACCTTCTCGCTGCCCCTGGCTCACGACGCCGATGACGACGATTTCGTGGAATTGTTGAACTGAGCGTCTGACGGTCTCGACTTCCTGCCTTTGTGCTGCCTTGCCCCTTTCGCAACTGTAGGCGGCGCTTCCCCATGCCAGACAAGCCCGCAGCAGTCCGGTTCCGTGTTAGTTAACAGGAACGGGCAGACATCCTCAGTTCAACCCCGGTCCTGCGCCCCAGATAGACCTGCTGGTTTTTGTCTGCTCGGGTTCATGCCGTTTTCTCTTTACCGTTTTCTCTTTACCCTGGCAAGACAGAATCCAGCGGCCACAGAGACGGCCAGGAACTGCGCCCGGCAAGCGTAAACGTGGTAAAACAGAGGGGTAACATAACCCAACGTTTCATTCGTCCACCTCTCTTTTTTTGATGCTACTCGTGCCGTTTTTCACGAGTAGTTCAGGATACGAAGAGAGCCAAGGTGGAAAAGGAGCATCGTTATCGAATACCTCAACTTCGTGATCATGTTGCTGGTGGCTGTGGGCATTGGCGTGCTGGCCGTCATTGTCAGCGCCATCCTGGGGCCAAAGAAAAGTACCCGCGCCAAGCTGATGCCCTATGAATCGGGCAACGATCCCGAGGGCGGCGTCGGCACCGGCCAGCGTTTCCCGGTGCATTTCTATCTGGTGGCGATGCTGTTTATCGTCTTCGACATCGAAACGGCCTTCTTCTACCCGCTGGCCGTGGCCTACCAGAAACTGATTCCCTTCGCCTTCTTCGAGGCCCTGACCTTTGTACTGCTGCTGCTGGTGGGCTACGTGTACGTGCTGAAAAAGCGGGTGCTGGAATGGGCCTGATGAACCAGAGGGCTTCATCTGTTCTCTCTCGCCCCACGCTGAATGTTCACCGCTATGAGATGGAGGTTTCCCCATGCCCCTGAAAGAACTGATTGACCGCGACTGGCAGGAACTAGAATCCGAAGGCATTCTGTTTTCCAGCCTGGAAAAACTGGTGGCCTGGGGCCGCAGCAACAGCCTGTGGCCCGCCACCTTCGGGCTGGCCTGCTGCGCCATTGAAATGATGAGCAGCACCAACGGGCGCAACGACATGGCCCGCTTCGGCTCGGAAGTGTTCCGCGCTTCGCCCCGGCAGGCCGACGTGATGATCGTGGCCGGACGCCTGAGCAAGAAGATGGCCCCGATCATGCGCCGCGTGTATGACCAGATGCCCGATCCCAAATGGGTGATCAGCATGGGCGCGTGCGCCAGCAGTGGCGGCATGTTCAACAACTACGCCATCGTGCAGAACGTGGACAGCGTGGTGCCAGTGGACATCTTCGTGCCGGGATGCCCGCCCCGCCCCGAAGCGCTGATCTACGCCGTGATGCAGCTCCAGAAAAAGGTGCGCGGCGAGGCTTTTGACCAGTTGGGCCACCAATTGCCGATGGTGGACGCGTGGACCCGGTGACGGGCAGAGACGACGAAAAGAAGGTCACGCCAGAGGCTGAGCGCCTGACCGGGCGCGGTGGAGGAATGCAGTCTTCCCAGTCTCAGGCCCAGGCCAAACCGCCCTCTACCGTTGTTCGCGCTGACCCACCCGCCATCATCGTCACGCCGAGTCCAGCCCCGCCTGTAGAGGTGGAAGTCACGGCCAGCGGTGCGGCAGTGGGCCGGACACCTCCACCTGCGCCCGCGCAGCCCGCAGACCCGCGCGACGTGACCGGACTGATCGCCGAACTCGGCTTGACCGAGGACGATACTGCCGAACCCACCGCCCTCGTTCCGTCCGAACGGTTGCGCGAGGTGGCCGAGTCTCTCAAGGAACGCGGCTTTATGCTGATGGACACCGTGGGCCTGGATTACCTGACCTACACCCAGCCCCGGCCCAAGCGGTTTGCTGTGCTGCACAATATCTATCACCCCTATGACCACCGCCGCCTGTTTCTGCGGGTGTGGCTGGACGACGGTGAGGTGCTGGACAGCCTGTACCCGGTCTGGAAGGCCGCCAACTACCTGGAGCGCGAGGTCTATGACCTGATGGGCGTGGACTTCATCGGGCATCCCGATATGCGTAAGGTGCTGACGCCGGACGATCTGGAAGGTCACCCTCTGCGAAAAGACTTTCCGCTGGGCGAGACCCCCACGCTGTTCCGCGACGGGCGTTTCCTTGATCCTGCCGCCTTCCGCGCGGGGGTGACCGGGCAGCAGTCGGGCCTGACGGGCTACCGGGGCGAACTGCGGCGCGGGCGCGGGGAAGACCGTCTGCCGCCCATGATGCCGGAGGGGGGACCGAAGTGATGTTTGAGCTTCTGCTTTCTGCCTCTTGCTGCCGTCAAGGAGGTTTTGCATGACCCTTAAAGACAAGGACCGCGCCACCGTCAAGGAGCGCGAAACGCTGCGTGACTTGCGGCAGGACCCCGCTTCCGGCACGCTGCCGCGCCGCCAGATGGAACCGGACCATCAGGAATCCACCATTGACGAGCGGCTGCACGGGCGCACCGGGGCGCTGCTGCACACCGAGATGATGTCGCTGAACGTGGGGCCGCAGCATCCCAGCACGCACGGTGTGTTGCGCCTCGTGGTGGACATGGACGGCGAGTACGTGGTGAAGGTCACGCCGCACATGGGTTATCTGCATACCGGGTTTGAAAAGACCTTTGAGAACCGCACCTACCAGCAGGGTGTGACCTACGCCCCGCGCACCGACTACCTGCACAGCTTCAGCCACGAGCTGTCCTACGTCCTGAGCGTGGAAAAACTGCTTCAGGCCGAGGTTCCCGAGCGCGCCACCACCATCCGCGTGATCCTGCATGAGCTGGGACGCATCCACAGTCATCTGGTGTTCGTGGGCACGGGGCTGCTGGACCTGGGTGCACTGACGCCGTTCTTCTACGCCTTCCGCGAGAAGGAGAGCTGTCAGGACCTGTTTGAAGCGGTCTGCGGCTACCGCATGAACCAGGGCTACTTCCGCGTGGGCGGCCTGTACCGCGATATTCCCGATGGCTGGCCCGCGATGGTTTCGCGCTTTCTGGTCCAGATGGAAAAAGGCGTGCAGGAGTACACCACGCTGTTTGCCAACAACCCGATCTTTCAGGACCGGGCGCGTGGGGTGGGCATCATTCCGCCCGACGTGGCGCTGGATCTGGGTCTGACTGGGCCAAACCTGCGGGCCTCCGGTGTGCCGCTGGACAACCGCAAGGACAACCCGTACTGCGGCTACGAAACCTACGATTTCAACGTCGTGACCAGCACTGACGGCGACAGCCTGGCCCGTTTCAACATGCGCCTGTGGGAGTTCGGAGAGAGCATCAAAATCATCCGGCAGGCGCTGGAGCGCTTGCGGCCCGGCCCAGTCAAGGACCCCAACCGCAAGATTTCTCTGCCGCCCCGCCAGGAGCTGGAAACCAGCATGGAAGCGGTCATCCACCACTTCAAACTGGTCACCGAGGGCTTTCACCCGCCCATCGGTGAGGTCTACGTGCCCACCGAATCGGCGCGTGGCGAAGTGGGGTATTACATCGTCAGCGACGGCGGTTCCATGCCGTACCGCGTCAAGATTCGCGCCCCCAGTTTCGTGAACCTGCAAGCCCTGGAATACGCCTGCGTGGGCGCGCAGTTCGCGGATTTGATTACCATTCTGGCGACGATTGACCCGGTGCTGGGGGACGTGGATCGGTGAGCGATTCAATTTTAAATAATGATCGCCGAGTTCGTTGGGAATACGCGCGATACGTGAGCATGATTGGAAATGAAAATATTTTAAATCACTGTACGTTATATCTCCCGGAATCCACTGTAAGTTCTGAATCCATGAGCGGCTTAATTGTAGAGATCGGAGGAAGGCGTCCGAATAAAAATGAAGCGGGACTTGACATCTTTTTGAACGACATGGGAAGTAGCGGGTGGGAAATGATAAGTGTGTCTGAAACATATGAAGTGGTGGAGAAGACCCATTCTATGGCGATTTATTTCAAGAGGCCCGTACAATGAGTTACTTCGCCGATAAACAACCCCTCGTGGCCGATATTTTCAGCCGCTATCCCGATTCGCCGCAGGGCCGCCGCTCGGCGCTGATGCCCCTGATCCGTGAAGTGCAGGACGCCGAGGGCTTCGTGAACGGGACGCATTTGGACGAGATCGCGGCCCTGTGCGGCACCACCGCCACCGAGGTCCGCAGCGTCATGAGCTTCTATTCCACGTACCACACGCTGCCTACGGGTAAGTACCACCTTCAGGTGTGCAGCACGGTGATGTGTTCGCTGGCCGGGTCCGACGAGCTGTGGGACCATCTGGTAGACACATTGGACGTGCAGCCGGGCGAGGTATCCCCCGATGGCCGGTTCAGCTTGCAAAAGGTGGAATGCCTCGGCTCGTGCGGCACCGCGCCGCTAATGCAGATCAATGACGACGGCTACTACGAGAGCGTGACGCCCAGCAAATGTGCCCGCATTCTGGACTCCCTGCGCGCCGATCTTCAGCCGCTGCCTGACAACCCGGTGCCCGTGACCGTCAACGCTGAGGGACGGCAGACACTAGCAAACGGCGAAGTCGTCGGGGCTAGCATCACCGGCCTGAGCCAGCTCCCGCCCATTTTCCCAGGAGGTGAAGCATGACCGCCGTTGCTCCAAATCCTCCCAAGCCGATTACAAGTGGTAAGGACCCGCGTTTCGCGCCCACCCTGTACGCCCATGTCGGGCAGCCGGACAGTTGGACGCTGGGCTATTACCGCCGCAATGGTGGCTATGAAGCGGTGAAACGCGCTTTTGGCATGGGTGCGGACGCCGTGATTGACGAGGTCAAGAAATCCGGCCTGCGCGGAC
CP044990.1_gap21	743380	743974	594	GGTGTGTCTGGCGTCGCTGGCGGGTCTGCCCCCCTTCGCGGGATTCTTTGGCAAGTATCTGGCCTTCCAGGCTGCGTTCCAGAACGGCTACGTGTGGATCAGCGTGCTGGCCGCGATCACCAGTGTGGCCGCCCTGATCTATTACCTGCGTCCCGCCATGCTGATGTTCATGCCAGACCGCACCCCGGCGCGGGAATACCTGCACGGCCAGCGCTTCCCTACCACCTTTACCGTGGGGCTGGGCGTGGCGGGCATCACCGTGCTGGGCATCCTGCCGAACGTCTGGTATAGCTGGGTGGCCAATCCGGCGATCTGGCAGTTTTTAGCTGGGCGCTAGACGTTCTTCTCACTTCCCCCTGTCCCATGCGGAGAGGGGGTTTTCTTTGGTCAGATTGTTGACACTGTCTAAAGCCTCGCCGTAGGCGTTCACGCAGGAGGGGCGGTGGCCTGTCCCTAGACTGGACGGCATGCCCAATTTGAGTGAAGGTCAAGGGATTCGCTTGTGACGACAAAGGAGAGAGAGGCCATCCTCGCCATGCTGAATTCGGCGCACGTCACGGAGCCGACGCGGCGGGCGCTGCTAGAACGGCTGAA
CP044990.1_gap22	780398	781968	1570	TTGGTCCCTTGGTGATGGGCAGCGTCGTGCCTTTCTTCGGTGCGGGCGCGCCTGTGGCAGGGTAATAACCTATCTTGCTGCCATCCGACAGGGTGAAGGCAGCCAGGTCGACCTTGACATTATCCACCGATGCCACCGAGATCACGCTGTCGCCCATGGTGGGGCCGCCCATGCTGTACTGGCCGTCCCCGCCGCTATTCCCGGCAGAAGCGACCAGAATGACACCCTTCTTGATCATGCGGTTGCCCGCCTTGGCCAGGGGCGTCTCGGCCCAGTCGTCGAAAGCCGAACCCAGGCTCATGTTCACGACCTGCATGCCGTCCTTGACGGAACGCTCCATGGCCTCCAGGATCACGTCGTCATAGGAACTGCCCTCGCATCCGAAGACGCGGTATGCACCAAAGCTGACTTCGGGAGCCACGCCCTTGAAGCCGTTGGAGGCGACATTGCCGCCGACGATCCCGGCCACATGCGTGCCGTGGCCCGCACAGTCGTCGGGATTGTTGTCGGGGACTGGGACGTATTTGCCGTTCTTGCCGTAGTCGTCGCCCACAAAATCGTAACCAGCCACAATCCGGCCTTTGAACGCGGGGTGATCCACGTCGATCCCGGTGTCGATCACGCCGACCTTGACACCCTTGCCGGTCAGGCCCAGCTCATTCTGCGCGATGTCCGCGCCGGTCATGCCCTTGGCGTAGTACATCTCGGGGGCTGCCAGACTGTTCGGGCTGACCGTCGTCCGGGGAGCATCGACACGGCGAACCGGATAGACGCCGGTCACACCGGGCATGCGGGAAATGCGGTTGATCTCCGCCCCGGTGGCCTCCACGCTGAAGCCGTTGAACAGCGTGTCGTAGCTCTGCACCTCGGTGTACTTGATGCCCTGGGCCACGGCCTGCGCCCGGAAGCCAGTCTGCTGACCGCTCACGCTCTGCGCGGTCAGGCCAGTCGGGTCGCCCGCGAGTTCGACGAACCATTTTCCTGGAGTCTGGCTGGTGTTCCGCAGGCTGGACGGCATCTTGATGCCCTGCCGGCCGCTGCCCATGCTGGGCGTCGTGGTGGCGCTCTGTCCGCAGGCCCCGAGAACCAGCGACAGGCTGAGGAAGGCGATGGTCTTGAAGGTCCTGTTGGTCGTGTTGACTTTACTCACAGTGGTACTCCTTGGCATCGGCAGGCGTTCAGCGGCGCGTCAGCGCGATCTGGTAGGTGTTGGTGGGCTTGTCGTCCTTGGCCTTGGGATCGTCGTGGATGTCGAAACTGGTCAGGGCCACGTAATAGGTGCCTGTGGTGGGCACGTTGAAGCGGATCTCGGATTCCAGGTCTGCGCCCCCGTCATCGTCTTTTTCCAGCACCGTCTTGCCGTCGGCCAGCAGAATTTCCACGTAGGGGTCCAGCGTACTCTTGGGATCGATGCTGGTACTCTTGACCGTTAGCTTGAGCATGTCGCCCGCCGTGGCCGTGAACTTGAAGTAGTCCATGTCGCGGTCCTGACCGCCGATGAAGCCGTTGATCGGCGTACCGATGTTCAGGAGGGTGGACGCCGCCACGCTGTCGTTGGGTTCATTGGGGT
CP044990.1_gap23	861867	866710	4843	GCGCTTTGCAGCACGAAGCTCAGAGCATGGATTACACCGTGGACGCGCACCCGGACGGCGGGCGGCTACTGGTCAACAGCACGCGCGGCGGGCAGATGAACGTGCATGTCTATGACCTGTCGAAAGAGGGCGAGGACGCCTGGACCGCGCTGACCGCATTGCCCAACTCCACCCAGGCCGCCGCCTGGAGTCCCGACGGCACACGGCTGACGTTGACCACCAACGAGAGCGCAGATCTCCGCAACACCGACGGCTACGTGCTGAATGCCGATGGCTCCGGCCTGAAGCGCGTCCTGCGCGTCCGTGAGGGCAGCCAGGACAGCGTGGGCGAGTGGCACCCGGACGGAAAGCGTGTGACCGCCAGCAGCGACGCGGACGGAAACAGGCGGGTAGGTCTGCTGAACGTGGACTCGGGCGAGGTGCAGTGGCTCACTCCCGCCGATGAGCGGATCGAGGAGTCTCCCGGCAGCTTTTCGCCGGACGGGCGCTGGCTGAGCGTGATCCGCAACGTGGACAGCACCCTGACCCCCGTGCTGTACGACACGGCGACGGGCGAGGCGCGTGAGCTGAAGCTGCCGCCGGGGCTGGCCGTGGGAACCGAATTCGCGCGCGGCGGCAGCCACCTGCTGTTCAGTTACGTGACCGCCACCACCCGCCCACAGGTCTTGCTCTACAACCTCGCGGACGACACCACCGAAGTGCTGCTGGACGCCGACTACGGCGATGTGGATCCTGCCGACTTCGTGCCGGGCGAGTATGTCCACTACCCCACGGCGGACGGACTGCAAGTGCCCGCCATCCTCTACAAGCCGCGTGAGCTGGAGGACGGCAAAACCTACCCGGTCCTGATCCACGCGCACGGCGGCCCCACGGCGCAGTTCTTCCGGGGCTTCGACGCGCAGGCGCAGTTTCTGGCGGACCGGGGCTATCTGGTGCTGTGTCCCAACGTGCGCGGCAGCACCGGCTATGGCGTGACGTGGCGCGACGCCAACCTGCTGGACTGGGGTGGGCGCGATCTGGCCGATATCGCCGCTGGGGCGGAATACCTCAAATCGTTGCCGGAGGTGGATGGCGCACGCCTGGGCATCTTTGGGGGCAGCTACGGCGGGTACATGAGTTACATGGCGGTGGTCAAGCAACCCGATCTGTTCAAGGTGGGCGTGCCCATCGTGGGCATCACCGATCTGCATCAGTTGTACGAGGACAACAGCCGCGTGATGCCGCAACTGGGCTACTACTTCCGCACCATGATGGGCGATCCGGTGGAGAACGCCGCGCTGTGGCGGGACCGCAGCGCCATCACACACGCCGCCGATCTGAAGGCGCACCTGTTCATGATGCACGGCACCAATGATCCGCGCTGCCCGATCAACCAGGCCCGTGGTTTCCGCGACGCGCTGCTGGCCAGCGGGCGCGAGGAAGGCCGGGACTTTGAATACGTCGAGTTTGGTGACGAGGGTCACGGCGCGGGCGACATTGCCGGAAAGACCCGCAGTTACCGCCTGATGGCCGATTACCTGGAACGGCGGCTGTAGCACAGCGGAGCAGCCCTGGTAGCCAGAACCCTGTCCAGTCCTCTGCAAAATCGCTCATCTAATCCTGCCGGGAAGCGCCTGTAGCGCGTGATACGATCAGTGCGTTTTGACTGGGGGAGACCCCGGGAGGACGGAGTGAAGCGGAGGGGTAGAGCGTGAGGCTGTCAGAAGACATTGGAATCGATCTGGGAACGGCGACGTTTCTGATCTACACGAAAAGCCGGGGCCTGGTGTTGCAGGAACCCAGCGTGATCGCCATGACCCGCGACAGCAAGCAGGTCCGTGCGGTGGGCGAGGAAGCGTACCGCATGATCGGGCGTACCCCTGGCGGCATCGTGGCGGTGCGGCCCATCAAGGACGGCGTGATCGCCGACGAGGGCCTGACCGAGAAGATGATCACCATGTTCCTGGCGAAAGTGCAGGGCAACGCCGGGCGGCTGTTCGGCTTCAAGCCGCAGATGATGGTGGGCGTGCCCAGCAGCGTCAGCGATGTTGAACGCCGGGCGGTGCTGCGGGCGGCCCTGAACGCCGGTGCCAAGCGCGCCTTTTTGATCGAGGAACCGCTGGCGGCGGCCATCGGCGCGGGCCTCAAGATCACCGAACCGCTGGGTAGCTTGGTGGTGGACATCGGCGGCGGCAGCAGCGACGTGGCCGTGATCTCGCTGGGCGGCATCGTGGTCAGCGAGTCCATGCGTGTGGCGGGCAACGAGTTTGACGAGAGCATTATCCGCTACGTGCGCCGCAAGGAAAACGTCTTGATCGGTGAGCGCACTGCCGAGGAAATCAAGGTCAAGGTGGGCGCGGCCATGCTGCTCAACGACGCCGAGAATCTGGTGGCCGAGGTGCGTGGGCGGGATCTGATCAACGGGTTGCCCCGCACCATTAGTCTGGACAGCCGCGACGTGGTGGAGGCTCTGGCCGAACCCGTGACCCGCATCGTGGAGGGCGTCAAGCGCGTGCTGGAGATCACCCCGCCCGAACTGGTCAGCGACATCATCGACCGGGGCATCGTGATGACGGGCGGCGGCAGCCTGCTGCGCAACTTCGACGAACTGCTGCGCCAGACCACCGGCATTCCCGTTTCCGTGGCCGAGAACGCCGTGGAAGCTGTGGCTGTCGGCACCGGCATGGCGCTGGATATGCTCTCGGTGCTGGGTGACAGTCTGGTCTCCAGCGACTACTACCTGCGCCGCTAAGTAGAACGGTAAGACTTGCGGAAAGAGAATTCAGAGTCTTTTTCCGCCTACCATCTGCCTCCCCCAAGGAGTTCCCCATGCAACCCATAATGATTCAGGAGGTCATGAAGACCCTCCCACACCGCTTTCCCTTCCTGCTGGTGGACCGCGTGCTGAGCGTCGAAAATGGTGAGGTCCACGCCATCAAGAACGTGAGCGTCAACGAGCCGTTCTTCACGGGGCACTTTCCCACTGAACCGGTGATGCCCGGCGTGCTGATCATCGAGGCGCTGGCGCAGGCCAGTTTCTTCTGCATGCACGAGGCTCTGGAACCCGGCACCATCGGCTATCTGGCGGGCATCGACGGCGCACGCTTCAAGCGCAAGGTCATTCCCGGCGATACCCTGCACCTGTACGCCAAGCTGGAATTCATGCGCCGGGGCCTGGGCAAGACCACCTGCCGCGCGGAAGTGGACGGACAGGTGGCGGCAGAGGCCACGATCCTGTTCGCGGTGGGCAAGGGGTGACCCGCAGGCAGGATGCGGCGCGTGGGACGCACAATAAGTTGATGAATGTGTCCGGCATTCTGTGTCCTGTGTCGTCTGCCTGGAGTGCCCATTGACCCGCCTGACCCGCGCCGTCACCGCCGAGCTGATTCCGCCGCTGTTGGCCGGCACACTGTTGTTCACGGCGGTCCTGAGCTTCGGGTATTTCTTCATCTCCAGTCAGTGGCTGACGGGCGTTCCTGTGGGATTGATCGGACAGTGGATCGGCCTGCAAGTGCCGGACACGCTGGTCAAGGTTTTCCCGATGGGCGTGGTGCTGATGACCGTGGTGGCCTTTGGGCGCATGAGTACCGAGCGCGAGCTGGTGGCGGTGCAATCGGGGGGCATCAGCCTGGGGCGGGTGGCGCGGCCTGCCTGGGTGGTGGCCGCGCTGGTCACGGCGCTGGCCGTGTGGCTGAGCCTGTGGGTGGCCCCGCGAGCCAACGTGGAGACGCGTGGCCTGTACTGGGACGCCCTGACTGGAGCGGGCCTGTCGCAACTGGTGGGCAAGACGGTGGATCTGGGCGCGGGCCTGACCCTGTCGTTGGCCGGGTACGACACTGCCTCCCGCGAGCTGAGGGGCGTGCGGGTAGAGAAGTGGCTGCCAGACGGCCAGCGCCGCGCCACGCTGATCTTTGCCGATGTGGGGACGTTCGAGAACAACGTTCTCTCGCTACGCGGTTACAGCGTCTACACCGTGGATTATGCGGCGGCGGCGCAACTTTCCGCTGTGCCGGAAAATGATCCGGCAGCCTTCCGCGCGGCGGTACAGAACGTGTTTCCCAGCGTGGTGATCCCCGAAAAAACCAGCGATACGCTGAATGTGGATACCGGACTGTCGCGCAAGCAGACCCTGGCCACCTATGCCGACGCCATCGGGGCAGACGCGCAGGGGTGGCCGGAACTGATCACCTCATTGACGGCCCCCGGCATGAAGCCCGCCGAACGGCAGGCGGCGCGGTTGAACCTGAACCGCAAGCTGGCGCTGCCCTTCGGGAATCTGGTGCTGGCGTTGGCCGCCCTGCCCTTTGCCCTGCGCTTCGGGCGCACGCTGGGGGTCAGCCTGGGGATTGCCCTGCTGATCGCGGTGGCCTATTACCTGTTGTTTTTCGTTGGCCTGACCGTGGCGGCGGCCATGCCTGCCCTGCCGGAACTGGGCGCTTGGCTGGCAAATATCGTCTTTGCCGGGGCCGGTCTGTGGCTTCTGAGGCGAACGTGACCGACAAGAACGTGACAGACAGGGGAGAGCTGCGTGCGCTGATTCTGTCGGCCTCCTTTGGCAGCGGACATCTTCAGGCCAACGACGCGCTGGATCAGGCGCTGCGGGCGGCAGGCGTGAACCTGAGTGCCCGCCACGCCGACTTTCTGGCCTACCTGAATCCCTTCGAGCGTGCCGTGACCGCCGGAACCTATGACCTGTGGCTGCGTCATGCCCCCGCCATGTACAAGGCGTTCTACGACTGGACCGACTCCGAGACCGAGCCGAAGGCGTTGACCGGAACCTTCGGCTGGCTGGGTCTGCGCGGCATGACCCGTGACGTGCAGGAGGTGGCCCCCGAAGTCGTCGTCGGCTCGTATCCCACCACTG
CP044990.1_gap24	932234	935236	3002	GCCAAGCGGATCGACATTGCGGTGCATTCTCTCAAGGACCTGCCCACCAGCCAGCCCGAGGAACTGGAAGTGGCCTCCATTCCCAAGCGGGTGGACGCCCGTGATGTGCTGATTGGCAAGGAGGGCATGAAACGCCTGGCCGATCTGCCCCCCGGCGCACGCGTCGGCACCAGCAGCGTGCGGCGCAAGGCATTCCTGCAAGCCTTCCGCCCAGACCTTCAGATCGTGGGCCTGCGCGGCAACATCGATACCCGGCTGGCCGCGCTGGCCGGGGACGAATACGACGCCATCATCCTGGCCGCCGCCGGACTGATCCGCACCGAGATGCGTCACCGCATTGACGAATTCATTGAGCAGGATGTCATGCTGCCCGCCCCCGGTCAGGGCGCACTGGCCCTGGAAACCCGCGCCGACGACGACCTGACGGTGGAAGTCGCCTATGCCATCCATGACCACACCACCGATGACCGGATCACCGCTGAGCGCGAGTTCCTGGCCGGGCTGGGTGCGGGCTGCATGGCCCCGGTGGGCGCGCACGCCACGGTCAAGGGCGGCATCCTGACCCTGGAAGGCTGGGTGGCCGCGCTGGACGGTTCGCAGGTTCTGCGGGCCACCACCAGCGGCGATGTGGCCGAATGCGCCGAGCTGGGTGCAGAACTGGCCGCAGACACGCTGGGGCAGGGCGCGCAGGCGCTGGTAGACGCGGCGCACGCGCAGATTGCGTAGAGATTGGCTGCTGGTGGATCGAGGTTTTATTCGGCAGCCACGCCTCCCATCCCCCTACCCCAGAGGGGCAGGGGGAGCCAGCGTTGCACTGGGCAGAAGGATTGGGTGTTCTGGGTGAAGATGGGCGACGGTATCCTGGTCTGATGTCCTGCTTCGTCACGCTGCGTGTGGCCCGTGCGCTGCGCGCCCGACGGCCTTCGGTTGCTGTTTCGGTTTGGCGTTTCAGCGTTGCTCTGGCGGTTTGAATGTGTTGAAGATGACCTGGGTGGTCCCGGACCAGAAGCCTTAAAGAACCGTTCAACTCTCGGAGACTCAAAATGAGCTTCCACGCGCTCAAATGCGGACATGACCCCTTCCCCAATTCTCGATCTCGCGGGCCTGACGCTGGAAGTCAACCATCTGGCGCGCGGCGTGCGCTTCTACTCGCAAGTTTTGGGGCTGGAATTGACCCGCCACGATGAGGCGGCGGGCGTAGCTGAATTCGCAGTCAACCTGTACCAGACGCTGACGCTGTGGCAACCGGTCACGCGGCAGGCCAATGATGCACGGCTGGCCCCGCTGAAACCGCGCGGAGCCTCCCACATCCACTACGCCTGGCAGATCGAGCTGGAGGGTCTGGAGCCAAGCAAGGGGCTGCTGGACGCGCACGGTTTGGCCTGGGAGGAGATCAATCTGGGCACCGAGGACCGCCCGGACTGGACGCTGTACTTCTTCGATCCCTTCGGGCACGGCCTGGAATTGCGCGCCGTGGACCGGGCTGATGCGCGCCAGCCGCACTTTCCGCCCGTACCCGTTCAGCGCCCCGCCCACGCTCTGCCCGTTATGGGATTGCGCGAGGTGGCGCTGGCCTTCAGCGACTACGCCGCCATGAAGGAGCGCCTGCCCCGCGCTTACGGATTTGCCTTTGCCAAGGAGCAGGAGGACCGCGACTTCGCCCAGTTCACGCTGGGGCCGCAGCCGGAGCCAGACGGCAACGGCACGCCCCGGCGCTGGCTGTACGCCTGGGACCCGCAGGTGGGTCTGGCCGACATGCTAGGGGGCGATCACGCCCTTGTGCGCTTCTACGCCAATGTGGACGTGGTGGCGGAACTGGTCAGGGCTGCCGGGCTGCCCTGTGTTCAGGATGAAAAGGGGCTGGCCGTGCGTGATCCGGAAGGGCACGTCTTTGAGTTCGTCGCTCCCTGAAGACGCCAGCCCTGAAAGCAAAAGAAGAAGGCGGCCCATGCACGCGGGGCCGCCCTCTCTCGTTGGATTGAACTAGCGCGTCTGCGGCTGCCCGCCAGTGGGGGAATCCACTTTTACCTCTGCCGGAAACGGGGAGTCTGGCTGCTTGCGGAGGCGAATCAGCATGACGATGCACACGATGATCAGCGGAATGCTGATGACCTGCGTGTCGGTGAACAGACCGATGCCCGCCTTGTCCAGACCCTGGCTGAGGTAGCTGTTGAAGGTCAGCGGGTTCAGGCGGAAGGTTTCTTCCCATCCGGCGCGCAGGATGCTGTACCACAGCCAGAACTGCCAGAAGGTCCAGCCCGGCTTGTGCGAGCGCAGCCAGTAATAGGAGGCGACGGCCAGGATGATGCCGATGATCACGCCGTAGAGCTGCGTGAAATGCACTGGGGCGGTCATCACCATCTGGCCGCCGATGTCCTGACAGTACTTGGACAGGTCCATGTTGGGGTTGGGATTGGGCTGGCACATGCCGTTGTGAAAGGCCCGCGCGCTGTCGGGCCAGCGGTAGCCGACAGCCCAGTTCGTCACACGGCCCACTGTGTCGGTGCCGTTCATGATGTTGCCCAGCCGCCCTCCGATAATGCCGAAGGCCACCCCCGGCACGCACAGGTCTGCGTACTGGTAGAAATTGAGCTTGTAGCGCCGGGTGTAGTAGATCAGCACCAGAATGCCGCCGATCAGGCCGCCGTGGATCGAGATGCCGCCCGCCCGCAGGTTGATGATGTCCAGAATCACGCGCGGGAAGGGGATGTCTGCAAACTGGCCCCAGGAGGTCAGCACGAAGACCAGCCGCGCGCCGACCAGCCCCCAGATGATCATCCACAGGATCATGTCGCTGAAGAGGTTGACGTTCAGCCCGCGTTGCCGTGCCATGCGTGTGCCTAGCCACGCGCCTATTACGATGCCCAGCGTGATCAGCACGCCGTACCAGGCAATCGTGAAGGTACCGATTTGAAGGAATACTGGATTCATAAGTCGGCGCTAGTTTAAGCCTTTTACCGGGTGAGAAATGCCCATGCGCGCCAGCGTGCCCCCAGCAGGGC
CP044990.1_gap25	937291	939667	2376	ATGCCCTTGCTGCCACCTGTGACCAGGGCGCGTTTTCCATCCAGCCGAAACAACGTCATGCGGGCAGGCTACACCCGGCGCGGTGTGGGGAAGGGGAGGTGCTGCGCACCGTCAACCCTTACCCTGTCTCTCATGCTTCCCCTGATCGTCGTCGCCACCCATGCCGAGGCCGAACGCCTGCTGGACCTGAATGCCCGCGTGATCGTCTCTGGAGTGGGCGTGGTGGCTGCTGCCCTGGCCACGGCACGGGCGCTGGCACAGCAGAATGCTGGACTGGTCATCAGCGCGGGTATCGGTGGGGCCTACCCAGCGTCCGGTCTGTTGCCCGGTGACCTCGCCGTCTCCTCCGGGATCGTTCAGGCGGATCTGGGCGCATGGGATGACAGTCGGTTTCTGGATTTCGAGGAACTTGGACTGTCGGTGCTGCCGGACTCACCGCACACCGGACGCTTCTCAACCTGGGCCGCCGCTCCTGAAGTTGCGCGGCGTACGGGCGCACATTTAGGTCAGATGCTGACCCTGAGCAGCGTGACGGGCAGTGTCGAGGCTGCTGCCTTTCTGGAAGAACGCTTTCCCAGCGCACTCACCGAGGGCATGGAGGGCGCTGGCATCGCCCACGCCGCCCTGCTGGCCGGGGTGCCGGTGCTGGAAGTGCGTGGCGTGAGCAACGCGGTGGGTCCCCGTGACCGCGCTTCCTGGCAGATTTCACAGGCGCTCGCCGCCACCCGAAAGGGCGTGGCGGCGGCGCTGGAAGTCTGGCTGGAATTTTAAGAGGAACGCCGGGGACTTTAGCTGTTCAGTGAGAGCTTGCCGCTGGTGGTGTTGGCCACATTGCCGGGAAAGTTGACCTTCACGTTCACGGTGGTTCCGGCAGGGGTGGCCGGATCGATGTTGATCCAGTGGCTGACCAGCACCGGGGGCGTGGGCTGCGGGTCCACGGCGCGCACCAGCACCCGCCCCTGCGCGGGCACGAACACGCACCAGCCTTCGGGGGTGGTGGTGAAGGCCCGCACGGGCAGGATGCTTTGCAAGGTCATGTCGGCGTTGGTGGCCCAGTACTCGACCAGGAGGCTGGCCTGTTCCCGCCCGATGTCGTTCTGGTCCAGATCGAGCTGAACTTCCACACTGTCGGGCATGCCCTCGACCAGATTGGTCCAGCCGGGGACGACAAAACGGTTGCTGGCGGCACTCTTGAACTGCTGGGGGTTGCTGGCATCGGTCATGCGCTTAGCCTAGCGGATTGGCTGCCCGCAGAGGGCCGGACTCATGTTCATTTCCGGTTGTCTCTTGGCTGGGATTGTCTATTCGCTGTAGGTGCGCGCGGTGCGGATCAGCGCCCGCACGGCCAGATAGCCCACCACGAAGAACAGCAGCGGCGTGACGTTCAGGGTGACCTCGGAGTCCTTTTCGGGTTGCAGGGGATTTTGCTTGCGGTACTTGATCATATTCTTCAGGGTACGACACCACAGGAGGCGGGTGTCAGCGGGTGGGGCTTAGGGAGTGTTGAGACCGGGTGTCCAGTCCTGGTGAACGCGGTCACGGCGAACAGCGCCGACTGAGAGTAAAACGACTGGCGTGACCTCTTCTTCTCCCACCATGCGCGCCCTGAGCAAACTGAAACCTGAACCCGGCCTCTGGCTGACCCGGACAAACGTGCCCGTCCCTGGCCCCAACGATCTATTGATCCGCATTAAAAAGAGCAGTATCTGCGGCACCGACGTGCATATCTACAACTGGGACGACTGGGCGCAGCGCACGGTGCCCACGCCGATGGTGGTGGGCCACGAATACGTGGGTGTGGTGGCCGGAATGGGGTCCGAGGTGAGGGGCTTCCAGATTGGTGACCGGGTCAGCGGCGAGGGGCACATCACCTGCGGGCATTGCCGCAACTGCCGCGCGGGCCGCCGCCATCTGTGCCGCAATACCCAGGGCGTGGGCGTGCAGCGTCCCGGCTCGTTCGCTGAATATCTGGTGCTGCCGGCCTTCAACGCCTTTAAGCTCCCAGACGACATCTCCGACGATCTGGCCGCCATCTTCGATCCCTTCGGCAACGCCGTTCACACCGCCCTGAAATTCGATCTGGTGGGCGAGGACGTGCTGATCACCGGCGCGGGGCCGATTGGCGTGATGGCCGCCGCTGTCGCCCGGCATGTCGGGGCGCGGAACGTGGTGATTACCGATGTCAACGAGTACCGTCTGGGTCTGGCCCGCGAGATGGGCGTGACCCGCGCCGTCAACGTGGCCCGTGAGGACCTGTGGACCGTCGCGCAGAACGAGTTGCATATGACCGAGGGCTTCGACGTGGGCCTGGAAATGAGCGGCTCTGGTGCGGCCTTCGCCCAGATGGTGAAGTTGATGAACCACGGTGGCAAGATC
CP044990.1_gap26	941288	943621	2333	CCTTCTCCCAGAACCTGCGCTGCCACCCGCACCGCCCGCGTGATCTCCTCCTGCGGCAGATAGGGGAGGAGTGGGCGGTCTTCCGGTACCGCCAGGGCCACGGCTGGGTTGGCGGGCAGGTGCAGAAAGCCACACGGCACGTCACTTAGGCCCCTCTGCGTCAGCCAGTGCCGGGCGTGGTACATCACGAAATTGCAGACGTACAGCCCCGCCGTGTTGCTGATGTGGCCGGGTATACCCGCCGCCTGCCACGCGCTGAGAATCGGGCGCAGGGGCAGTGTGGACAGGTAGGCCGGTGGCGCGTCCGCATGGGCATGGGCGGGCGCGTCGCGGTAGGTGTTGCCCGCGTTGTCTGGAATGTTGAAGTCCATGACATTCAGCGCCACCCGTTCCAGCGTGACCTGGGGACGGCCCGCCGCCAGTCCGGTCAGCAATACCGCGCTGGGCTGATGCCGCTCCAGCAACGCCTCCAGCGCCTTGCCCGCCGAGTGCGGTTCCACTGGAAGCAGGGCCGAGACGACGCGCATGTGCCCCAGCTCCAGCCCGTCCAGTGCTGCCGCCGCCCGCGCACTGGGATTGTCGGGATGCGTGTGGAACGGCTCGAATCCGGTCAGGAGCAACGTGGGCATAGCGGGATGATAGGCCCTGGCTGCCACTTGGGGGACACTTTGAGAGACAATGCCGCATGACCATCATTGCCGTCCATGCTGTCATCACCCCCAAACCCGAACACGTTGAAGACGTGCTGAGCGAGATGCTGGGCATGGTCCAGGGCAGCCGCCAGGAACCCGGTTGCCTGCGTTATGACCTGCTGCGGCAGGACGATGCCGGAACCGTGCGCCTGCATGTGCAGGAGCGCTACCGCGACATGGACGCCGTGCAGGCCCACCGCGACTCGGCGCATTACAGGGCTTATCGTGCCAAGGCCGGGGACTGGTTTCAGGAAGCCCCGGTGGTGACGGTGCTGCAAGAGGTAGACGTGGCCTGAGTTTTTCTCGGAGTCTTCGCTACCTTCGCCCCGCAGCCGCGCCGCTATGCTTGGGCGATATGCCAGAGCTGCCGGAAGTCGAGACCACGCGCCGCAAGATCGAGCCACTGTTGCGCGGGCGCGTCATTGCGAATGTCGAACACGACGCGCCGCACAAGTACCGTGACACCCATCTGGCGGTAGGAAGGCGGGTGCAGGGGCTGTCCCGGCGCGGCAAATACCTGATGCTGCAACTCGCGGCGGCTGACGCAACAGAGGCAGACCCCCACGATCTGGAATTCATCGTCCACCTGGGCATGACTGGGGGCTTTCGGCTGGAGCCGGGGGCACACACCCGCGTCACGCTGACCACCGAGGACGGCGAGCAACTGTTCTTCAATGACCCGCGCCGCTTCGGGAAAATGGCCGTGGTGCGCCCAGGTGAATACGCGGGGATGCCCACCCTGGCCGCGATGGGACCGGAACCTCTCTCGGACGATTTCACCGAGGCCGATTTCGTGAAGCTGGCGCGTGAGGCGGGCGCGGTCAAGCCGTGGCTCCTGTCCCAGAAGCCGGTCAGCGGCGTGGGCAACATTTATGCCGACGAAAGCCTGTGGCAGGCCCAGATTCACCCTGCCCAGACGCGCCTGACCTCTGCCGAGGGCAAGAAGCTCTACACGGCCATCCGCGAGGTCATGGCAAAGGCGGTGGAGGCGGGCGGCAGCAGCCTGGGCAACGGCGTGGGCAATTACCGCCAGCACGACGGCGTGAGCGGCCTCTTTCAGCTCGAACACCACGTCTACGGCAAAGGCGGTCAACCCTGCCCCCGCTGCGGCACCGACATTGCAAAGATCGTGCTGGCCCAGCGTGGAACGCATTTCTGCCCGAAGTGCCAGACGCTCAAAGAGCGGTCTACGGGTCTGAGTGTCAAAGGGTTTAAGGGCTAACCACCCCCGTCTCTTCCGCCTTTTCCTGGACTCTCAGACCCTTGGACGCGCCGCCGGGCGCTGAAGGAGCTTTCATGACCGATCTCACTTCCCTGCGAATCTCCTATACCCGCGATGCGCTGCGGCGGGCTGACCTGAAGCCTGACCCTCTGACGCAGTTCAAAGGCTGGTTCGATGCCGCACAGCAGGCCGAGTTGCCTGAACCCTACGCCCTCTCCCTGGCGACGGCAGACGCCTCGGGGCGGCCCAGCGTCCGCACGGTATTACTGCGCGGCGCGGAATCTGGTGCGTTGACCTTCTATACCAATTTCGAGTCCCACAAGGGCTACGATCTGGCTGCCAACCCGCAGGCCGAACTGCTGTTCTACTGGGCCGAACTGGAGCGGCAGGTCCGCGCATACGGCTCCATAGACCGCGTG
CP044990.1_gap27	983896	987729	3833	AGGATCTGCCCCTATTTCGGCTCTCCTGGTCACTGCGTTGCGGCTTGCGGCCTCACTTTACATCAAATGTTCATCTTCACAATAGCTCGGCTAGATTTGACAGAAGTGTGCCTTCCACCCTCTACAGCGGGTTGGAAGACCGGATGTCATATTTATCGAGTCCAGCACCCGTCCGGGCAATCTGGACATCATGGCGTCTATTGGCGAAATCAGTGCTGCCGCAGCCGGGCGGGCGGGGCCATCCAGAACAGCTTAAGTTCGCACACGTACAGCCAAAGCCTCGAAGCGCTCTCCCAGAAAATGCCCCTGCGTCAGCATCCGGTCTGCGGGGGCGTGGTGCTGGGCCAGTGCCCCGGCCACGCCGTCGCTGATCAGTTTCAACTGTTCGCGCAGCAGTTCTTCGGCGTCCTGGCCCCGCTCGTTCAGTCGGGTACGGGCGGTGGGAGTCAGGTTCAGGTAGGCGCGCAGGGTGGCGGGCAGATACTCGTTGCGGGCCTGCCGGATCAGGTAGGCGCTGTGGGGGTCCAGTTCCTCGGCTGGCGTGTCCTGAAGGCGGCACAGCAACGCCAGCGCGTACAGGCGGTGCGGTTCGGGCAGGCGCAGGGCCAGTTCGGCGGCGCTGTCGGGAGCCGGGGGTGAAGTGTCAGGCGTAGTGGTCTCCAGGACATCCAGACGCAGAAGCTCCAGCCGGTGGCGGTGGATCATCTGGCGGCGTAGCAGCGGAAAGGCAAACAGGCTGCCAAAGAAAAATAGGGGAACCAGAACTTCTTCCACGTTTGAAACCTCCTGTCAGTTGGGCTTCACGCTATCCGCTCGCCCTCCGCTGCGGCGTCCGTCCAAAGGCGGAGACTGGCAGGCCAGCGCAGGAGACACCCGCCGGGGGAATTGCCCACTGGACCGCCGTCGCCTAGACTCCGGGTGATTCAGTTCCTGGAGGAACCCCAGCCTTGGAAACCCTGCGCGTCTCTGCCACTTCCCGCCCCAACGCCATCGCCGGAGCCATTGCGGCCCTGCTGCGGTCCCAAGGCAGCGTGGAAATTCAGGCTATCGGCCCCGCCGCCGTCAACCAGACAGTTAAGGCGCTGGCGATTGCGCGCGGTTACCTCGTGAACGACGGTCTGGACCTGTGTGCCCAGCCGGAATTCGTCAAGCTGGACGTGCAGCACGAGGAACGCACCGCGCTGAAATTCAGTGTGCTGGCGCAACCTCTGGCGGTTCCACTGCCCATCTCCGGCGCAAAGTAGGGCCTGCTCCACGTAAATTCAGCGCCTCCCAGCTCTCATGAAACCTGAGTGGGGTACGCTAAGATATAGAGAGCGAAATCTCTGATTGAGGCTCGCTCTCTTTTTCACTTATGACTGGCCGGACCCGTTTCAGGGCCGCGCCCCACTTCCCGGAGGAAGTTCCCTATGTTTCTTGGCCCCTACACCATCCCGATCATCATCGTGTTCGTGGCATCCCTGCTGATTCAGGGTTACCTGAGCCGCACCTACAAAAAGTGGGGACAGGTCCGCAATGCCCGTGGCCTGACCGGCGCGGACGTGGCCCGCATGATGCTGGACGACGGCGGCCTGCATGACGTGAAGATCATCGCCGTTCCCGGCAACCTGACCGATCACTACGATCCTGGCAAGAAGACTGTCAACCTCAGCGAGAGCGTGTTTGGCGTCGCCAGCGTCGGCGCGATGGCGGTGGCCGCCCACGAAGTCGGCCACGCCATGCAGGACAAGGTACGGATGCCCGCGTTGGTGCTGCGCGGCAAGATGGCCGTGCCCCTGAGCCTGGGCATGAATCTGGCCCCGTGGCTGCTCTTGGCGGGCATCTTCCTGAAGCTGTCGGGCCTGCTGTGGCTGGGCGTGATCCTGTTCGGCGCGGCACTGATCTTTCATGTGGTCACGCTGCCCGTGGAATTCGATGCCAGCCGCCGGGCGCTGGTCTACCTGGACAGCCGGGGCCTGAACGGCACGGTAGAAGGCCAGGACGGAGCGAAGAACGTGCTGACCGCCGCCGCCCTGACCTATGTGGCCGGATTCGCGATGGCCCTAGTGCAATTCCTGAACATCCTGGGGATTGCCCGCAGCCGGTAGCACCAACCCACGCACAAATAGAGGCGTCCTCCAAACGGGGCCGCCTCTTTGCTTGGCTTGATTTCTTAGACGTTGAAGCCGAACATCCGCATCTGGCGTTTGCCGTCCTCGGTCATCTTGTCCGGTCCCCACGGCGGCGTCCACACGAATTCCACGTTCACGTTCGTTACGCCGTCCAGGCGGGCCACGGCCATCTCGGCGTCGGCGCGGATCAGGTCCTGCACCGGGCAGCCCACGCTGGTCAGGGTCATGGTGATGTCCACCAGACCGCCTTCCTGCACGTCCACGCCGTAGATCAGGCCCAGGTCCACCACGTTGACGGGGATCTCGGGGTCCTTGACGATCTTCAGGGCCTCACGGACCTGCTCTTCGGTGGGCAGGCCGCCCAAAGGGGCGGGGGTGGCCGTCACGTTCTGTTCGGTCTCGCTCTCCATCAGCTCGCCTCCCCTTCGGTGGGCAGGCCCGCTTCGGCCCAGGCCATCGTGCCGCCGCTCAGGTTGACCACCTTGCTATAGCCGTTCTGCATCAGGTACTCGCCCGCCTGCTTGCTGCGTGCGCCGCTGCGGCAGATCATCACCAGTTCCTTGTCCTTGGGCAGTTCCGAGAAACGGCTTTCCAGCTCACTCAGGGGCAACAGCGCCGCACCCTGGGCGTGAACCTCATCGTATTCGCTCTGCTCGCGCACGTCCACGAGCATTGCGCCGTTCTGTACGCGCTGCTGTCCTTCTTGTGGGGTCACTTCTTCCATAAGGAGCAGCATAACCGAGTCCTCTGGGCGGAATGTGCCCCTCGCCAGAAGCTGTGGCCTATCCTGCGCCTATGCCCCTGCCCGAAGGCGTGACCGTGATCGACCTGCGCCCCCCCGAACTGCGTTTTGCCCAGCCACTGGAAAAGCTGACCGCGTTGCCCGTTCTGGCTGTTTCTTTGCAGCAGATCGAGGACGGCGCGCATGGTCTGACTCCACAGACGGGGTCGCTGCTGGTGATCTGCGAACGGGGCGTGCGCTCCGGGCTGGCGGCGAAGTATCTGCGGTCCGATGGGCTGGACGCCGTTGCCTATCCGGGCGGGGTTCCGGCCCTGCTGCGAGAAGTGGGAAGCGGTTAAGTCCGGCGTCGGCTGACCCTCTACACTGACCCCCATGTCTGCTCCCACTCCCGCCCGGCCTCAAAAACTGCCCCCCGGCTTTATCTCCGCCGATGATGTGTTGCACGAACGCCTGAGTGCCCCGGAGACCCGGCGGCTGGAACTGGAATACGGCAACGCGGAATTGCTGTACGGGCTGGGCATTCTGGGCGTGGCCGGGCCGTTCGCACGCGTGACCCCCTGGGAACTGGAAGATGAGGACGGCGTGCGCCGCATCAACGCCAGCGGGTACGCCGCCACCCCCTTTGGCGAGATGCCCCCGGTGCTGACTGAGTTTCTACATCAATTTCTGGATAAGAACCGCTCAATGGGCCTGCCCCAGCAATCCAGCGCTCCGTGGCGCGCGGCGCTGGAGGCCAATCTGATTCGCCTGCTGGCCCGCGAACTGCCCAGTCACGCCGACTCCCAGGTGTTCTTCTGCTCCAGCGGCACCGAGGCGGTGGAGGGCGCGCTGAAATTTGCCAAGGCGTTTCGCCCCACCTCCAAATTCCAGATCTCGTTCGGCAGTGCCTACCACGGCAAAACCCTGGGCAGCCTGAGCCTGACGCCCAACCCTGAGTATCAGGACATCTTCCGCCCGCTGGTACCGGGTGCATTGACGGT
CP044990.1_gap28	989985	990896	911	CAGAACGTGCGGGCTGAACTGCACGCCAACCTCTACCAGACCATGCTGGATGCTCGCACGGGGGGTCTGGTAGAGGCCGATGCCTGGGCAGCTTCACTGTGTCAGCAGGGTTCGGTGTGGTGGCTGGCCCTGAATCTGGCGCGAGTGCATACGCTGGGGCTGGGTTTGCGCGTGTTCCTCGTGGGACTGGCGCTGGGTGGGGCGGCCTACGCGGTTAGGGCAGAAGTCCACACTGTCCCCACGGCGCAGGAGGCCCGGCCATGAGCAGCCGTCTGCTGAGGCTGTGGCGTGACTGGGCCGCCCCTGTCGTCTTCGCGCTGCTGTTCACGCAGTTTGGCGCGAGTTCGGTGGGCGTGGACGGGTCCAGCATGATGCCCGCGCTGCGTCACGGCGAACGCCTGCTGCTGCCCACTGCCGAGGGCTGGGCGCACCGACTGGGGCTGGGCGAATATCACCGGGGCGACATCGTCGTGTTCAAGCCGCCGCCCGAGGCGAAGTACGAGTGGCGTGGCGATTACCGGGGAATGCCGCTGCTCTGGCGCTACCGCCCGTATCTGGTCAAGCGTGTGGTGGGCGTGCCGGGCGACACGGTCAGCATTCGCGCCGGGCAGGTCAGCGTGAACGGCCAGCCGCTGCCAGAGGCGGAAACGCATGAGTACTGGAATACCTTTTGCCCCGACACCAGTAGCTCTCTCGCCAACAGCGTCGCGGCTTCGCCCACAAGCATGGACGTGTCCAGCGTGAGGGTGCCTCCCCACCATTACTTTGTGATGGGCGACAACCGCAGCCCCGGCGGAAGTCTGGACAGCCGCGCTTTTGGCCCTGTGCGTGGGCAGGACATCTCGGCCCGTGCGATGGCCAGCGTGTGGCCGCTGGTCCGTAAGGTGATGGCCACTCCGCCCTGCGACGGC
CP044990.1_gap29	1045648	1049513	3865	GGCCACCACCAGCGTGACCGCTTTCGAGAAGGGCCGCGCGGTGGACACCACCGGGACGGGCACAGATGGCGGCCCGCTGGGCGCGGTGCAAAGTGGCCCGCTGCCCGCCCGTATGCTACTGAAACTGGCCCGAGAGGAGGGCGAGGCAGCCGCCTTGCGTCAATTGTCCGGCGCGGGCGGATTCCTGTCGCTGGCGGGCAGTTCAAACCTCAAGGATCTGGAGGCCCGGCTGGTCAGCGATCCCGCCGTGCAGGCCGCCGCCGCCGCCTTCGTGCATCAGGTGTGCAAGGCGCTGGGCGAGCAGACCGGCGCACTGACAGGCCGCCCCGACGCGCTGGTGATCACGGGCGGCATTGCCCGCTGGGACGAACTGGTAGACCGCATCGAGCGCCGGGTGGCCTGGATTGCTCCGGTGCTGGTCATTCCCGGCGAACTGGAAGTGGAAGCTCTGGCCGAGGGCGCAGGCCGCGTGTTGCTGGGTCTGGACGCGGCCCGCGAATGGCGGCACCCACAGGCCGTGGCCCCGGAGCTTTAAGCCCTATGCCCCGCCGCCGTCCCGTCCGTTCCGCCGCGTCCGAGCCGATTCGCGCCACCAGCATGTGGCGTGTGGATCAGGTGTTCCTGGCGCGCAAAGGGATGCGGGTGGAGGTCACGTCCTCGCTGGTCAACGATCACGGCGGCCTGCGAAACCTGAGCGTGACCGCGCCCACCGACGATCCGCACGAGGCCGTGCGCCACGCCGCGCGTTTTATTGCAGGCAAGGGCAATGTCAGCGGCGCGCGGCAGGCCCGCGTGCGCTGGACCCGTGAGCAGGCCACCACCGAGCAGGACGCATTGATCCGGGACCGCCTGCTGGAAGACGAATTCCTGGACGAGTTCGAGGAAACGCTGGCGGCGGTGCGTGATCAGCAGCGGTAAAAGTGGAGCGCTACAGCTTTAGCCCCAGGAGTAGAGAACCGCTGGCCTCCCGCGCCAGTTCCTGAAAGCCCAGGTGACGGTAGAAACCGATGGCGCGCGTGTTGCTGCCGCCCACGCCCAGATGGACGCCGGGGGAACCCGCTTCTCTGAGAGCCATAAAGAGCCGTTCCAGCATGCGCCGCCCATTGCCGCCGCCTTGCCCGCGCGGCAGAAGATCGATGTGCAGGTGCGAGGGATAGGCGTCCAAGATGCTCTGCGGGGCTGTATTCGGGCGGTGGATCAGGCGGGCGAGGCGTTCGTCCGGGGTGCGCTTGGCAGCGGGAATGTCGGTGGGATCGGCGTACTGGGCGCGGAGGTCCGGCCACCACTCGCGCTCCAGCGTCGCCTCAAACTCGCGCGTGTTGAGTGCGCCGATGACGTAGCCGCAGACGCCCTTCTCATCCTCCAGCACGAAGGCGAAGGCGGGTGCGTAAGCCAGATACGGCGCGGCATAGATGTGGCCTACCAGCATCGGATCGCGGTAGATGTGGGTGGCATCCGCGCCGCTGTCCGCCGTTTCCAGGCAGATGCGGTACAGCGCGTCGTGGTCACTGGGCCGGGCGTGGCGAATGGTGAACATGTGGGCATTCAAGCAGATTGAAGCCGTACATGCGGCCTGTTGCGAGGACCTAAAATAAACCATGACCATTACCACCGAGGCCGAACTGGAAGGCATGAAACGCGCAGGATTCGTGGTGGCCGAGACGCTCCGCACGCTCAAAGCCGCCATTGAACCCGGCGTGACCCCCGCCGAACTTGATGCCCTGGCGGGACAGGTCTTCAGGCAGTACGGGGCCAGCTCTGCCCCGCGCATGACCTACGACGCGCCTGTCAATGTCTTTATCAGCGTCAACGACGACATCGTTCATGGCCTTCCCACGTCGCGCCCATTGGCCGCCGGGGACGTGGTGAGCATTGATGTCACGCCGTTCGTGGATGGCTATATTGCGGACGCTGCGGTGACGGTGGCCGTTCCCCCCGCTTCACCTGTTGCCATGCGTCTGATCGAATGCACCGAGGCCGCGCTTGAAGCGGCCCTGTCCGCCGCGAAGGCGGGCCATCCGGTCAACGCCATCGGGCGGGCTGTGGAAAACGAGGTGAAACGCCGGGGCTTCACGGTGCTGCGGGAACTGTTCGGGCATGGGGTGGGCCGCGCCATCCACGAGGAACCCAACGTGCCGAACTATTACCGTCCGGCAGACCGGAAGAAGCTGCACGAGGGTCTGGTCATTGCCATTGAGCCGATGGTGTCCACGGGCCGCTCCCACCGGGTCAAAACTTTGCGTGACGGCTGGACCCTCAGCACCACCGATGGCGGGCTGGCCGCGCATTTTGAACATACGGTCATGATCACTGGGGGCAAGCCGTTGATTCTGACGGCCTGAGCCTCTTCAGCCCTGGAAAAAGATGGCCCCCCGCTCAATGCTCCAGCCGGATGCGCGGGAGCCGTTTGTCCAGCCACTCCGGCAGCCACCAGTTCCACTTTCCAGCCAGCTTAAGGAAGGCGGGCACCAGAATCAGGCGCACCAGGGTGGCGTCCAGGGCCACCGCCACCGCCAGGCCCAGGCCGATGCTCTTGGTGGCCACCACGCGCCCGAACATGAAGGCCACGAACACGATAAACATGATCACGGCGGCGCTGGTGATGATGCGGGCGGTGTGGCCCACGGCCAGCACCACGGCCTCGTCGTTGCTGGCCCCGTTCAGGTATTCCTCCTGCACGCGCGAGAGCAAAAAGATCTCGTAATCCATGCTCAGGCCGAACATTACGGCAAACAGCAGCACGGGCAGCGAGGCGTCCAGCACGCCCACGTCGGCGGGGATGCCCAGCGGCGCGGCCAGAAAGCCGTCCTGCACGATCAGCGTGACCACACCCACCGCCGCGCCCACCGTCAGGGCATTCATCACGATGCTTTTCAGGGGAATCAGCAGGCTGCGGAAGGCCACCATCAGCAGCAGGAAGGTGCCGGTAAAGACCACCGCGATCACCCCCGGCAACGTGCCGATGATTGCGCGGCTGAACTCTTCGCCGCCCACGGGTGCGCCGCCCAGCAGATAGACGTAGCCGCTGGCGTCCAGAGACTGACGCACACGTTTTTCAAAGGCGGCGATGTCCTGGGCACGCAGGGTATCCATCGGCACCACCGTCACCCGCAGCAACTCGCGGTCTGCGCTGAATGATCGTCGGGTCAGCAAGCTCAGCGCCTCCAGACCGCCCGTCCCTGCCCCGGCCAGATCGGCAGAGGTCAGGAAGGGGCTGATGACGGCCTTCACGTCTGGAAGGGCACGCAGATCGTTCACCACCTTCTGGAACCTGTCCCGGTCTGCCGGGGTGTACTTCTGCCCCTTCAAATCCAGAATCACTTCAAACTGGCTGAGCAAGCCGCCCGCGCCCAGTTCGCGCACGTCCCCGAGGGCGTCGCGGCTGGGCACGCCGGGGACCAGCCCCCACGCGCCCGCGTAGCCGGTTTTCAGGCCCAGGGCAGGAATCGCCAGCGTCAGCAGAAAGGCGGTGGTCAGCAGTACCCCCAGCACGGGGCGGGCGGTGACGCGGCGGGCGAACGCGGTCCACGCCGCCGACGCCGCGCCACTCTGCGCCCAGGTCACTTTCAGCAGGCGCGGGCTGTTGACCCGTTCGCCCAGCAGCGCCAGCAACGCGGGGAGCGCCGTCAGGCTCGCCAGCACGGTCAGGATCACTGCCAGCACGCCGCCGATGCCGATGCTGCGGACAAAGGCCACCGGGGGCAGGATCAGCCCCGCCATCGCGATGCCCACGGTCATGCCGCTGAAGGCCACGCTGCGGCCCGCCGTCATCACGGTGCGGGCGGCGGCTGTTCGGCTGTCCGGCTCACGCTTCAATTCTTCGCGGAAGCGGTTGACCATCAGTAGGGCGTAGTCGATGCCCGCG
CP044990.1_gap30	1246470	1249888	3418	AGTGGGGACCTCGGCCATCAGCGCACCCGGAAGTGGTCCAGATTGTTGTCGTCCAGCCGCTTCTCGGTGCGGGTCAGCGCGTCGCCGGTGTAGGGGCCGACCGCCACCGTGACCTTGCGGCCATCGGGGGCATTGACGGTGGGCACGTAACCCAGATCACGCAATTGCTGCACCATCTTCTGCGCGCTTTCCACCCTGTCGAAGGCCCCCACTTGCAGGTAGATCGGACCAGCGGGAGAGGCGGGTGCCTCGGTAGCAGTCGGGGTGCTACTGGTCGGAGCTGGGCTGGCGGCAGGAGCGCTGCTGGAGCTGCTGCCAGAAGTGGAAGTGCTGCCCTCAGACGTGCTGGGCGCAGTGCTGGCCTTGGCGCGTGGTGGGTACAGCAGTGCGCCGGGGTAGGCCCGCTGAATGTCGCCCAGGGCCTGACGGGCGCTGGCCTCGTCGGCGAAGGGACCGACCTGCGCCACCACCTGACTGCCCAGGTCGATTGGGTAGACCCTGTACCCTAGTGTGCTGACCGGCGCAGTGCGGCTCTGGGCCGTACCCACGCTGCCGAAGCTGCCCAGGCTGATGCGGTAGTCGCTGCGCAGGGGCGTGCGGCTCTCGCTGGTGGCGACGGCTCCGCCGCTGCGGGGCGTGACAGTGGTGGCCGCAGGCGTTTCGGTGATCTGGGCCTGCGGGGTTTCGGGCTGTGGCGTGGGGGTCTCAGCCGTCGGTGTGGCGGCTGGCGGGGTGTCCGTGCTGGCTGCCGCGTCGGGCGCCGTCTGTGATGTGGGGGCGGCGGGAATGATCGGGGCCTCGGTGCTGGTGTCGGCGGCTGGTGTGGTCTGTGCCGTGTCAGCGGGTGCTGTATCGGCAGGTGCCGTGGCCGTGCTGCCCGTATCGGCGGCTGGTGCGGGGTCTGCCGCAGGAGGCGTGATGGCCGTGGTTTCCGTATTCGGGGTGGTGGCGCTTTCCGCCGTGCCTGGCGCAGCGGGAATGCCAGAGGTGGCCGATGCCGTGGCGGTGGGCGTGGTGGTGGTAGCGGTCTTGCGCTGGCCCAGCAACAGTGCGGCGAATCCGGCCAGCAGCAGCAGGACCAGCACCCCGATCAGAATGTCGGGCCAGCGGCGGGTGGAGGCAGGTTTGCTCATAGTGGTCTCCCAGCCGTGTTCAGTCCAGCCGTGGCGCTTGCCCTGCACCGAGGACGCTGCGGTGTGATGTCTTTATTCCCCCGTGGGAGACCGTGTTCTGTCGTGTTTGCCCGCATACAACCCCCTTGAACCCCTCTTCGTAATTCCAGCATTGGCCTGTTTCCGTGCTGGGCTGCGCCAAACAGCGGCGGCCACGTTGTGAATGCCGTGCCTCAGCTTACAGAAAAAGCGTGTGGGCAGGGCATTCGGCAGGCTCATGGAGGACCGTTGGGTCTGGGCAGGGCCAGGGCCTGCGGCGCAGCACGGCAAACGGCGGCGGGAAGGGTCAGATTTTCCCCTCCCGCCGCCACCGTTGCCACGACTTTATTACTTCAAGGCGTCTTTGGCCTTGCTGCTGCCCAGGTTGGCTGCCGTCTTCAGCGACACCCTGGCCTGATCGTCCTGGCGCTGTGACCTTTGCGCCAGCCCCAGCATGTACCATGCGTCGGCGGCTTTGGGGTCCTCGGTGACCAGACCGCGCAGCACGGCCTCAGCCTCAGGGTAGCGGGCGCTGGCCAGCAGGGCGGAAGCCAGGTTCGTGCGGGCGGTGGGCGTGGGGTTGAGGCGCACGCTGTCGGCCAGTGCGCCCGCTGCTGCCGGGTAATCCTGCTGGGCGTAGTAGCTCAGGCCCAGCCACAGCGCGGTGTCGGCGTTGGGAACGCGCTTGTGGCTTTCCTTGAGGGCGATCACCGCGTCCAGCAGGCGGTTCTGGCGGTAGGCGGCGATACCCCGCACGTACAGCGCCCGCGCCGAGGTGGCCGCGTCGGGTTTCAGCTTCAGGGCCAGGGCGCTGTCGGCGGCAGCCTCATCGAAGCGGCCCAGGGTCAGGCGCACTCCGGCCAGGGCGGTGCGGTACATGGCATTGTCTGGGGCCAGCCGCACAGCGTTCAGGTACGCGGCCTGTGCGCCGGGCCGATCATTGCGAAGTGCGCGCAGCTCGCCCTCGCGCGCAAAGGCCCTGGCATTGTATTTATCGGCCTTAGTTGCTGCGCTGGCGGCCAGCACTGCCCCACGGGTATCGTTCCCGGCGGCCAGGATATCGGCCTTGCGCAGCAGCAGCGCCGAACGCTCGCTGGCCTTCTTCACGCGTTTCACGGCGGCGTCCAGCTCGCGCACGGCGCGGTCCGGCAGTCCCTGACCCATGTAGATGTCGGCCAGCAGCAGCGCTGCGTCCATGCGGGTGCCGTCGGCTTGCAGCAGCGCGTACAGGCCCGGCAGCGCCTCGGCCCCCTGCCCGGCCAGCGTGCGGGCCTGGGCCAGCCGGTAGGCGGCGTTCAGGTCATCCGGGGCCAGCGCCGTGATCTGGGTCAGGGTGGCGCTCAGGGCCGTGAAGTCGGCCATGCGGGTTTGCTCGGTGGCCAGCGCCTCCAGCACCTGCCGCTGGGCCGAGGCGCTGGCCTTGCCCGCCATCAGGGTGGCGGCCTGTCCGTACAGTTGCAGCGCCCCCGCGTGGTCCCCGCCCCGGCCCGCGATTACGCCCAGGTTGTACGGCCCCTCGTAACGGTCCGGGGCCAGCGTCACGAACTGCCGCAGTTCAAAGGCCGCGCCCTTGTCGTTGCCCAGCGCCAGCAGGGAGAGCGCCAGCCCGAAGTGAGGTTCAGGATTACCGTAGTTCTGCGCCACCAGCGCCTCGAAACCGCTGCGGGCCTGAGCATAATTCTTGGCGTCGTAGGCGGCCTGGGCCTTGTCCAGTCCTGTCTGCTGAGCCGGGGTCAGAGGGGTGACGGGTGGGGGAGGAGTGGTCGATGACGGAGCCGTCGAGGCGGGTGTGGCCTGTGCCGGGGCACCCTGGGCCGTCGCGTTCTGAGCCGCCGCGTTCTGGCCCGCTGTGGGCAGCGTCGGCAGTTTGGGAATGGTGGTGGCCGAATTCAAAGTGTTCTGGATGCCGACGGATGTAACGGTGTCGATCATGGTCTGGGCCGAACCGCTGCCTGCGAAACTCAGCAGCAGGCCGGGCAGCAGGCCCGTCAATGCAGCGCGTCTGGAACGGCTGAAACGTAATTTTTGCTTCACCTGGGAGCCTCCTGAGGTCGTTAAAACACCCTCAGCGTAGCACCCGGCTTTTTCCATAACTCTTACGGCAGTGGGGGGACCCGGCGGTCCTGTGGTGACAGCGCTAGAGCGCCGCCCCCAGGCCAGGCACTGAATTGCCGCTGACCGCGCCGGGCCGCTTGAGGGCCAGTTGCCCGCAGGCCGCGCCCGCATCCTTGCCGCGCGAACGCCGCACGCTGACATCCACACCACGC
CP044990.1_gap31	1251970	1255992	4022	GGCGTGACCGTCACCCAGCCCGACATCGCTCTGAGTGTGTGCGATACCGCAGCGCCCACCCCAACGCCTACTCCGACGCCTACCCCAGTTGATCCCTACGCCAAGGCCAAGATTGAAACCAGCCTGGACAAGGCCAGAGGCGGCAGTGCCGCACTGCCCTACGCCATCGTGACGAATGTTCCTGCGGGAACCTACCTGCGTGGCCTGGTGACCTTTGAGCGCACACTGGACTGTCAGGCCGACAAGGCCAAGGCACTGCCCAACAAATTCAGTTTCAAGACTGGGAACAACGAATTCACCGGCAAGGTCATTGCTGGCCTGACCTTCGGCACCCAGATGAATAGCGTGGTGCGTGTATACGACGCCAAAGATGTCCTGCGTAAGACCTTCAATACCACGGTCTGCTACTTCTGATCCAATCCAGGACGTGTCCCGGCCCTCTCCATCACGGAGGGGGCTTTTTTTGTCGCTAGCTTTGCCGGTGCGGTGTGGCTGCCCCACCCACCCAGACTTCCACCCCGGTCCCGACTTCCCCAAACTGCACGCTCAGCCGCGCGGGTTGCCCCGGCATCCGCTGGGCTGCGCGCAGCAGGTTGGTGTCGGTGGGCAGGCGATTCGATGCCCCCAGCACGCCCACCGCGCAGGCCAGCATGTTGCTGCTGGCTGCATCTTCCAGAAAGCCCTTGAGTGGTCCGAACGCCCGGAAACTCAGATCGGCGCGGCGCGGTCCATCCGCTGTCAGAAGAACCAGACCCGTCGTTCCCGTCGCCCGATTAAGAGCTGAAATCGCCTCCGCATTCGGTGTGAAGGTGTCCAGTGCAGCGAGATCGGGGACCTCTGCCACCAGATTGGGGCGTCCCAGACTGGAAATCCAGACCCGTCTCGCGCCCAGGCCGATGGGGGAGAGGTCCGCCTCTATCGCTGTCACGTCTGGCACGCCCTGACGCAGCAGCCATTCGCCGCCGCACAGTTGGGCAGGCAACATTTCGTCACCCATCTGGACCTCGGCCACGTCAAGCAATTCAGTTCTCAGCATCGTTAAGGCCGCCAGCGCTGCGCTGTCCGAGCTGCCTCTCTCCTTGACTGGCGTAAAGACCCGCAACGCAACCTCAGACAGGCTGGCGGACTGTACGAACACGCTCAGCGGTGCGCCCGCCTTGGCTGCCCTGGCCTGCAAATTGCCTTCTGAGTCGGGAAAGACGGCGACAAGTTTGCCCCCCTCGCCTGCCTCAGAAAGAACCCGGTAAATAGATACGGTCATCGCTCCATTCTGCCGCCCCTCAAGCACTGACCCACTTGCGGAGCAGTTCTTCAAGGTGCGCGTCGTCCAGATCGTCGTTCTCGGCCAGTGCCTTGATGTGATCGGTCACGCGGCGCAGGGCGTCCTCGCCGTAGTGCAGGCCCAGCTCGCGGGCCTTGTAGGCGATGGCGTGCTTGCCCGTGACCTTGCTGGCGGCCTGAATGCGGCGGCCCACGCCGAAGGCTCCAGGGGGGATAGCCTCGTATGCGCCGGGGTTCAGGTAAATGGCCTTGAGGTGCATCCCGGCCTTGTGGTTGTAGGCGAATTCGCCGGTCAGGTAGTTGTTCCAGGGGATCGGCAGGCCCACCATGCGGGCGATCATGTTGTCCAGTTCGGGCAGCATTTCCAGGTTGTACTTGTCCACCAGCCCCTGCGGATCGAAGGTGAACATGCGCGCCAGAAAACCCCCAAGCGGCGTGATGCCGTTGCGCTCGCCGATGCCCAGAATGGTGGTGTCGATGTGGGTGGCCCCGGCCTCAATGGCCTCGTAGGCATTGCTGACCGCGCAGCCGGTGTCGTTGTGGCCGTGGAACTCGATGCCACAGCCCTCGTGGATCACGTTCCGCACTTCCCGCACCAGTGCGTAAACCTGCCGGGGCGTCGCCACGCCCACCGTATCCGCCAGCCCCACACGATGAACACCCAGATCGGAAACGGCCTTGTACACGGCCATCAGATCGGCTTCCTCACTGCGGAAGGTGTCCTCGGCAGAGAAACGCAGTTCCAGATTCGGGTGGTTGGTCTTGATCCAGCCGATCACCTTCTGCGCCGATTCGATGATCTGCCCGATGCTCTTGCCGTGGCTGAATTCGCGCAGAAAGCTGGAAGTGCCGAACAGCAGGTCCAGGCCGTCCACCCCCGTGTCCACCGCCCGCTGCACGTCTTCCATATGACAGCGCACATGCGTCAGCAGCTTGGCGTTCAGATTCAGCTCCGCCAGTTTGCGAATGTCGCTGGCGGTCTGGGCGCTGACCATCGGCGTGGTCAGTTCGATGTACTCGGCCCCGAAGGCGTCCAGCGCGCGGGCCACCTCAATCTTATCGTCGCTCTTAAAATTGCCGCGCGCGAACTGCTCGCCCTCCCGCAGGGTGGAATCGATGATCGCCCAGGAGCGGGCGGGGATCGGGGGAACGGTGGATTGGGCGGGCAGGGGGATTTGCTGGGTCATGGGGGCCTCTCGTGGGGCCATTCTGCCCAGATACCTGATGAATGTCAAGAATAATTGTCTAATACTTTTCAAATGAAAATATAGGCTTCAATCTTTTCACGAGCAGATGATCGGGCGCCAGTCTGGCTGGGTTTAGGAAGTATCTGTCCTCCAAGCTGGAGTGGCCAGAATCCCCTGCTTACCAGAAGGCGGAGACGGATTTCTGAATGATCTGAAAGTCATTTAGAAACTTGGTATTTCATATAATTTCTGGATAGCCGTTGAAATAGCGCTCTAGAACAAGTATATGAAACTTCACATATCGCTAGACCGGATTTCAGACGGATTATCGGGGTTCGAGTCATGAATCTGTGAGACAGCATGATCTAGGCTAGACGTAAGAATTGAATTCCAATCCAAAGATTAAAAGTCAGTTTCTCAAGAAAACTGATCGCCCTTTTCTATGCCAATATCCATCATCTTAAAGGAGTCCTACCATGTCGCGTCTTCCCCGTTTGACCCTGATCGCCACTGCCGCCCTGCTGTTGACCGCCTCCGCGCAGGCACAGTCCGAACTCAAGATTCTGGCGCCAGCCTCGGTGGGCGGCGGCTGGGACGGCACCGCACAGGCGATTGCCGAGACGCTGCGCGCTGAGAAACTGGCCCCCAACGTCAGCGTGTACAACATTCCTGGCAAGGCCGGAACGCTGGGACTGGCCGAATTTGTGAAGCTCAAGGGCCAGCCCAACAACCTGATGGTCACGGGCTTTGTCATGGTGGCCGGAATCCCCATCAACAAAAGCCCGTATGACCTGTCTAGCGATGTGACCCCCATTGCCCGCCTGACCACCTCCTACGAGGTGCTGATCGTGTCGGCCAAATCGCCCTACAAGACCGTCGAGGAAATGATCAGCGCGTTCAAGAGTAACCCCTCGGCCCTCCGCTTCGGCGGCAGCAGCGAGGGCGGCAGCGGGCATGTCGCCGTGGGCAAGCTGGCCAAGGAACTCAAGATTCCCATGTCGCAGGTCAAGTTCATTCCCTCGGCAGGCGGCGCGCAGGCGGCCAAGGCCATGCTGGGCGGCGAACTGGACGTGGTCAGCGCCGGGTACAGCGAGATTGAGGACATGATCAAGAGCGGGCAGGTGCGCGGCCTGGCGATCCTGGCCCCTGAAGCGGTGGCGGGCGTCAACCTGCCCACATTGATCGCCAAGGGCTACAACGTGGACGTCTCCAACTGGCGCGGCGTCGTGGCGACGGGCAAGATCAGCGCTGCCCAACGTTCTGACCTCACGGTCATGATGACCCGTATGGTCCGCACGGACACCTGGAAAAAGAAACTGGCCGAGAACAAGTGGGACGCTTACTTCGCCTCCGGCACGACTTTTGACCGTTTTGTGAGGGTGCAGAAGACCGATGTGGCGCAGTTGTTGCAGGATCTGAATATCCTGAAGTAATCGTCTGATACGGCGGGGAGAGGCACCTGGATTCAGAGTGCCTTTCCTCGTCTCTGCCGTCTCAGGCCGGGTGCAGCCCTGCAAATTCCAGCCCCGTCGTTTCGTCCCAGCCCTGCGCGAT
CP044990.1_gap32	1257748	1260764	3016	AGGTGCCGATGACGATGCCCACCAGCAGCGCCAGACTGAAGTCGCGCAGCACCGGGCCACCGAAGATCAGCAGGCTGATCAGGGGCAGCATGGTGGAGACCGAGGTCATGATGGTGCGCGAGAGCGTCTGGTTGATGCTGACGTTGACGATCTCGCGGAAGCTCTGGCCACGCATCTCGCGAATATTCTCGCGAATCCGGTCCGAGACGATGATTGAGTCGTTTAGCGAGTAGCCGATCAGGGTCAGCAGGGCCGCCACACTGGCGATGCCGAACTCCAGCCCCAGGAGCGAGTACAGGCCCATCACAATCGCCACGTCGTGCAGCACGGCCACAATGCTGCCCAGCCCCATGATGAAGTCGAAGCGGAAGCCCACGTACACCAGGATCAATCCCAGGCCCAGCAGCACGGCGTAGATGGTCTTCTGGGTCAGTTCCTTGCCCACCGTGGGACCGACGGTTTCGGTGGCCTGGACCTCGCCGCCGGGCAGTTTGCTCAGGGCTGCGCCCAACTTATCGGCCTCGGCGGCGGTCAGTTCCGGCACCTTGACGTTGTACTGGACGCCGTTCTGGGTGGGATTCACGTCTCGCTGGATGGCCGCGCTCTGGTCATTGACCTTGGCGATGCCCGCACCGGACGCCGCCGCCCGCACCTGCTCGGTGTTGGTGGTGGTGTCGGTCCGCAGAGTCAGCGTGGTGCCGGAGGTGAAGTCCACGCCGTAATTCAGGCCCTTGGTGGCCAGGACGCCCCCGCCGATGACGGCGAGCAGGATGCTGGCGGTGGTGATGTACGGTGCGGCTTTAATAAAGTCGATGTGGGTGTTCTTGACCCACTGCCGAGCATTCATGTTGGGATGACGTCGGGCGATCCACTCGATAAACCACCGGGCGAAGACCAGATTCGAGAACGTCGCGGCGATCACGCCGATCATCAGCGTGACGGCAAAGCCCTTGACCGGCCCGGTGGAGTAGTTGTAGAGCGCCACGGCGGCCAGCAGGTGCGAGGCGTTCACGTCCAGAATCGCGGCGGTGGAGTGTTTGTACCCGGCCTCAATGGAATTCCTGATGCCCTTGCCCCGGTACAATTCTTCCTTGATGCGCTCGAACGAGATCACGTTGCCGTCCACGGCAGCCCCGATGGTCAGCACCAGACCCGCGATCCCTGGCAGCGTCAGCGTGGAGCCGAAGCCCGCCAGCATTCCCAGAATCAGGATGCTGGAGAACAGCAGCCCCAGCGCGCCCACCAGACCAAACCACAGTCCGTAATACGCGAACAGCATCACGAAGACCAGTCCGATACCTACCAGCGCGGCAATCGCGCCGCTGCGGATGGCGTCCGCACCCAATGTCGGCCCGATGGCGCGTTCAGCTTCCGTCTTGATCTTGATGGGCAGCGCGCCGGATTTCAGCACGAGGGCGAGCTGATTGGCTTCCTCCGGCGTAAACGATCCGCTGATCTGGATGTCGCGGAACAGCTTCTGGTTGATGGTGGCGACGCTCTGAATCTGATCGTCCAGCACCACGGCCATCAGTTTGTTTACGTTCTTGCCGGTGAAGTCCCCGAAGGTCTGTGCGCCCTTGTCTGTGGTCTGGAAGTTGACCACCCACTGCCCGGTCTGCGGGTTGGTGCCCGAGGTGGCGCTTTCCACCACTTCCCCGGTGGCCTCGATAGGCCCAAGCTGTGCCAGCGTGTAGCCGCCGGAGCCGGGTTTGCTGGTACGCACTGCCGGATCAGGCTGTGCGCCATCCTTGACAATCCTGAATTCCAGCTTGGCGGTCTGCTGGATGATCGCGCGGGCGCGTTGCTGGATGGCAGGCGTTGCGCCTGGAATCTCCACCACCACGCGCTTGCCCCCGGCCACCGTCACGGTGGGTTCGGCCACGCCCAGTGCATTGACGCGGTTCTCGATCACGGTTTTCACGCGGTCCAGCTCGTCCTTGGTGGCCGTACCGGATTCGGGAGCCAGTTCGATCCGCAGGCCGCCCTTGAGGTCCAGGCCCAGCGTGATGAACTGGAATTTGTCGTTCCAGATGCTGCCCAGGTTATTGGGGTGTTCCCAGGGCCGCCAGATATAGGCCAGGCTGCCCAGCAGTGTGATCAGCAGCAGCAGCGGAATCCAGGGACTGGATTTGCTGGAACTGGGCGCACCACTGCGCCGGGGCGGTGGTGGACGGCGGTCATTGCCGCCCTTATTTTTGTTGTTGCGGTTGTTGCCGTAGGTCACGGTGGAACTCCTATTCAGAGGGGAGAGACGCAGAGAGGGATGTTCGGCATCCCTGTCCCTCAGCCGCCGTCGGTCTGCCGCCGCCCCAGCACGTTCAGGTCACTCAGGGGTGGGGGCTGCTGCCAGTTCCAGCCTTCAACCGCATTGCCTGTCTGCTCGCGCACCAGCCGCAGGGATTCTGCCGGAGGCGGCGGCGTTAGCACCGACACACTTGGCCCCGGCTGCGGCATGGCCCGCACCTCGGGCAGCGCGGGGGCCACGCTGCTGGCGCTGGGGCGCTGCCCCACTTCCGGCGGACGCACGGGCGTTCCCAGCACCACGGCCAGCACCGACAGCACTGTCAGCACACCCGGCCACGCACTCAGACGTGAAACCCAGGCAGGGAGGGGGGTGGGGGAGGGACGCAAAGCGCCGCAGCATACCAAGCATGGACTGACGGAGAGATGACGGCCCGCACCTTCTGCGCCGCCTTCGCCGTTTCTTCGCGGTCTTTGGGCCGTTTGTTGACGGCCCGCTGAGAGGCTTGCCGCAGGGTCAGAAGCCGTTTCTGGCCCGCGACATTCAAGGAGGACTCCACATGAGTCAGCTCAAGACCACCAGCATCAAGATGATCTTTCGCAAAACGCCCCTGATCGTTCTGGCCGTCCTGCCGCTGACCGTGGGCGCAGTGCTGGCCCAGCAGGCTGGAACAGCGGCTGCCGACGCCACAGTTCAGGCGCAGCAAGCCCAGCCCCAGCGTGTTCAGCCAGCGCAACCGGGTCAGCGTGGCGCAGCAGGCACACAGACACGTAC
CP044990.1_gap33	1265300	1269363	4063	CCGATGGCGCAATTTAGGCGGCGAGAGGCGTCACAAAGTCGTGGTGGTGAGGGTCAGTGGGGGCAAACTCCTGAACGGGGTTAAACCGCAAGCCGCCTTCAAACATCCGCCCAACACCCTCACTCACTTCTGCACGTCAATCGCAATCACGCCATTTTGCAACCGCGCCAACTCCGCCACGGGCTGGCCGTCCCGCTGGCGCATGTTGCTCAGGCTGCTGCCCTCGGGCGCGCGGGCCACGGCGTCGCCGATGCGGATCTGGGGGCTGGCAATCGGACGCGCCCACACGATGGCATCGCTGTAGCCGCCCTGCCCGGCGTGGGCCAGACCGCGCAATGCGCCGATTACGATCACGTCGCCGCCCGCGATCACCTCGGCGCTGGGATTCACGTCGCCCAGCACGATCACGCTGCCCCGGTACTCGTTGCGCGCCCCGGCGCGGATGGTGTGCGGCACGATGACCGTGCGGGCGCTATCAATCGGGTGGGCCTCGGGCGCGGCCTGGGCCGGGGCAGCCACCGTCACGCGCGGCGCACGGATGCGGCCCGGTTTGCCCCCAGCCTCGCGGATGGCCGTCAATGCCTGTTCGATTGCGCCTGGATCGGCGTCGCCGTTGATCTCGATGGTCACACTGCTGCCGGAGAGGTTGGGCATGGTCAGCCCGCGTGACACGCTCTCGGCGGTGTCACCCGGTTCCAACATCAGATTCAGACCGCCCAGTGTGCCGCGTAACTTCATGACCTTTAATCTAGCGTCACATTCGCCGGAGGTTCCGGGGGCAACCTCTCACCCCCTGCTCCCGTATAAGGGGGCATGTCCGCGCCCATGCTCACCGAAACCGAGATCGCCGCGCTGGAACTGCGTGATCTGCACAAATCGTTTGCGGGCAAGGCGGCTGTCTCTGGCCTGAGCCTGCGCGTGCGGCCTGGCGAACTGTACGCGCTGCTGGGTCCCAACGGGGCAGGGAAGACCACCACCATCCGCATGATCGCGGGCCTGACCCGCCCCGACAGCGGCGAGGCATTCATCTACGGCCACAGTGTCCAGCACGACGCGCAGGCGGCCAAACAGGTGCTGGCGTATCTGCCTGACGAGCCGCTGCTGTATGGCAAGCTGAGTGCCCCCGAATACTTGGAGTTCGTGGCCGGGCTGTGGGGCATGGACGCCGCGCAGGCCGCGCCCGAGGCCGAACGCTTGCTGAAGTGGCTGAACCTGTGGGATCACCGCCAGGAGCGGGTGGAGGGGTTTTCGCGTGGGATGAAGCAGAAACTGGCGATGGCTGGGGCGCTGATCCACCGCCCGCGCCTGCTGCTGCTGGACGAGCCGCTGACCGGGCTGGATGCGGCGGCCTCGCGTCAGGTTAAGGACGCACTGCGCCAGTATGTGGACGACGGCGGCGCGGTGGTCCTGACCACCCACATTCTGGAAGTGGCCGAGCGCATGGCCGAACGCATCGGCATCATCGGCGGCGGCCAACTGATCGCGGAGGGCACGCCAGAGGAGTTGCTGGAGCGCACCGGAACGCAGACGCTGGAAGACGCCTTCCTGTCGCTGACGGGATTGGATGTGCCGCAGAGTGAAGTGGTGGACGCGCTGTGAGAACCGAAGCCGTCAAATTGCCCGCTTCCCGTTCCAGAGGCTCTAAACCCGGCAGTTTGCCGTGGCTGCTGAAAAAGCAACTGCTGTGGCAGTGGCAGGCGTTGACGGGCGGCCAGCGCAAGGGGGTGTACATCGCGCTGGCGGTGCTGATTCTGGCCGTGCTGGGTGGTTACTTCGCCTTGCGCTCCCTGCTGGCGAACCTGCCCCTGAACGCCCCGCTGCCGGATGTGGCGCTGGGGCCGGTGCTGCTGGCCCAGGCATTCCTGCTGACGCTGATGCTCTCGGCGGCGGTGCGCGCGTCTCTGGTCACGCTGTTCACGCGCGGTGATCTGGATCTGCTGCTGCAATCGCCCATCCCGCCGCGCGTGGTGCTGGCCTCGCGGGCGCTGGGGGTGGCACTGTCGGCGGCGTTGCCTGCTGGCCTGCTGGTGGTGCCGCTAACACTGGCGCTGCTGGTGCTGGGCGTGTGGCGCGGTGGAGTGGGCTTGCCGCTGTGGTGGCTGTCGGCGTCATTGCTGGCGTCCAGCGCGGGGTTGTGGCTGACACTGGGACTGGTGCGCGTTCTGGGCGTGCGCCGCACCCGCACGGTGTCGGCGGTGCTGGGGGCGCTGTTCGGCGCGGGTATTTTTCTGGGAACGCAGTGGGCCAATTTCAGTGGGGGGCGGGGCCGGGGGCAGCAGTCCAGTGCTGTTTTTGAGGCGCTGTCCTTCTTCGCGCCGGGCCGGGGCAACTGGCCGGGCCGGGAGGCGTGGCTGTGGCTGCCCGCCCGCGCCGCGTGGCTGGAGCCGTGGCCCGCGTTGCTGCTGGTCCTGCTGTCCCTGGCTGTGTTCGCCGTCTCGGTACTGGCCCTGACCCGGCAGTTCGTGAACGGCGCGCAGGAAATCGCCGCGCCGGAAGGCCGCGTCCGGCATTCGCGCACCCCACCGGGCAAATTGCGTTTTGCCTCCGGTTCCCGCGCCACGCTGCTCAAGGAATGGCGGCTGATCGGGCGTGACCCGGAACTGCTGTCGCGCACGTTGCTGCAACTGGTGTACCTGCTGCCGCTGCTGTTCTCGGTCACACGGGGCGGCGGGCTGCGGGCGGCAGGCGGCACCGGGGTCATTCTGCTGACCGCCAGCCTGACCGCAGCCCTGGCCCACCTGACCCTGAACGCCGAGGACGCCCCGGACCTGCTGATCAGCGCTCCGCGCAGCCCGGCGGCCTTAAGGCGCGACAAGTGGCTGGCCGCCGTGATTCCCACCGTGCTGCTCGGGCTGGTGGCGCTGACCGTGCTGGCCCTGCGCGGGGCGCTGGGAACCTCCCACACGTTTTTTCTGGTTCCTCTGTTGCTGCTGGGCACGGGCGGCACGGCTTTAATGGTGCTGTGGCAACCGCTCCCGGTGCGCCGCGCCGACGCCTTCAAGCGCAGTCAACGTGCCCCGCTGATCAATACGGTTCTGACACTGCTGTTTCAGGGCGGACTGTCCGTGACAGCTTTCGCGGCCAGCAGCGGCGCGGTCTGGGGGCTGGCGACGCTGGCGCTGGCCGTCCTTGCGCTGGGCGTGGCCTATTCCCTGCGGCGCAGCGACGTGCGGTGAGGCAGTATTTGCACACGTCCACGCCTCCCTGGCAGCTATCCTGATCCCATGCCCCACCACCTTTCCGCCCGCACAGGACAGCCCTGATGCCTGCACCCACCCTGCGCCCCCGTTCCATGCTGTTCGCCCCCGGCAACCGCGCGGACCTGATCGTCAAGCTGCCGCGCAGTTCGCCCGATGCGGTGGTGATTGATCTGGAGGACGCCATCCCCGGCAACCCCGAGGCCAAAGCTGCCGCCCGCCCCATCGCCCGCGACGCCGCCCGTGACCTGATCGCCGCCGCGCCGCATCTGGCCGTCTTCCTGCGCGTGAATGCCCCGCACTCGCCGTATTTTGAGGGCGATCTGGCTGTGCTGACCCCCGAACTGGCCGGGGTGGTGGTGCCCAAACTGGAGTCTGCCGCTGATGTCCAGTTCGTCGTGGAAGCATTCAAGGCCCGTGGCCTCAATCTTCCTCTCCTGGCCGGGTTGGAAACTGGGGCAGGTGTCTGGAACGCGCTGGAAATTCTGAGAGAAGAGGCCGTCACGCTGGCCTATTTCGGCGCGGAGGATTATACGACAGACCTGGGTGGACGGCGCACGGAGGGCAATCTGGAAGTGCTGTACGCCCGCTCAAAGGTGGTGCTGGCGGCCCGATTGGCAGGTGTTCCGGCGCTGGATATCGTGGTCACGGCGCTGAACGACGAGGCGGTCTTTCGCGCCAACTCCGAGCAGGGCCGCGCCCTGGGCTACGCGGGCAAGCTGTGCATCCACCCCGCTCAGGTGGCGCTGGCCCATGACATCTTCGGGACCACCCCCGCCGAGGCCGCCCGCGCCCGCGCCCTGCTGGACGCTGCCCACGCGGCAGCCGAGCGCGGCCACGGGGCCTTCAGCTTTGAGGGCCAGATG
CP044990.1_gap34	1276671	1281530	4859	CGCACTGCACCATGCCCAGAGTGTTGGAGGTCGTGCGCTTCTGGAGCAGGTCGCCCGCATCGGTGAACGTATCGAGGGCCTGGGTCAGTTCGGTCTGGGCGGCGGCAAATTCGCCCAGACGCAAGAGTCCGTAACCCAGACACAGCCGTGCCCTGGATTCCTCTGGGGTGGGCAGGTCAAGGGTCAGTGCCAGTCGCGCGAGCCGCACAGTTTCACGCGGCTCGCTGCGGCGGATTTCCCATGCCTGATTCAGCATCTGTATCATGGACACAGAAACTGCTTCGGAGACGGGATCGGCGGTAAGGTCAGTCATGGGTGTAGGAGTAAGACGGATAACTTGTGGCTCAATTCCGGTACAGGGGAATCAGTCCGTCCTCAGGCTAGGGGCGAGAGGCTTACCCCGCGCTTACATACAGTCACTTATAGGCCTGTTCCTTTATAGCAGTCGTCGGCTCCTCCCGAACGAGACCGGACACCGGGCGCGTCGCCACAAGCGAGATTGGCGGCGAGACCAGACGGCGGTGCCACGTCACTCATCCGGGTTTCTGTTCTGGGATCGCAAAACCAGATTTCACGTTTCCGTAACGCCTGTTGCCGGAAAGTGGAGTCAAGCATTATTCCTGGGTCGTGGGCGCACCTGCATAGTGGTGAAATAAACACAATGCAGAAGGGACCGTACCGAACGGACGAGTCTGTTCCGAAGCGCGGTCTGGCGTACCTCTTGATATAATGTGGCTTCTGTTGCCCTCTGTTTAGGTCATGTCGGGGGGAGTGGAGTCTCTGTGCAGAACGGATTGCAGTAGATTCAGACGAAGTAAATTGCAATCTATATGCGGCAAAAAAGTGCATGCTACGATACTGAACGCAATCCCTGACCCCTCGCCCTCTCAATACTCCTCTTTAAAGGTAAGGTACTTCATGTCAACATTTTCCATGTTCCGCCGTCCCGCAACCATTGCACTGTCGCTCACCGCTTCTATTGCTATCGTCGCCTGTAACCCCACCCCCGCGCCCACCGCCACTGTCACTAATGTGGCTGTGAGTGCCTCCCCAAGTACCATCGCCATCAACGCAACCACGACAGCCAAGGCCGTGGTGACCGGCACCAATAGCCCGGCCCAGACGGTGACCTGGACCAGCAGCGTGCCGACAGTGGCCTCAGTCAGCGGTGCGGGTCTGGTCACTGGTCTCAAGGAAGGTACGACGGTCATCACGGCCAAGTCCACCGTGGACACTAGTAAGTCTGGCTCGGTGACCATCACTGTTAAGGCACCCGCCAGCACCACCCCCGTCGTGACTGGCGTAGTGCTGACCCTGACCCCTGCAACTGCCCCTGTGGGCGGCACTGCCACGGCCAAAGGCGTTGTGTCTGGTACGAATCAGAGCCAGAACGTGACGTTCAGCAGTAGCAATGAGGCCATCGCCATGGTTGATGACAACGGCAAGATCACGGCCAAGGCTGTCGGGACCGCCACCATCAAGGTTACGTCTGTCGATGACACTTCCAAGTTCGATGCCGATACGTTCACCGTGACGCCTGCAACCACTCTGACCACCGCCAAGATCAACTTTCAGACCGCCACCGCCGCGACGCCTGCGGGTTACACCCCTAATACGGGAGCGGCCTACGTTGCTACGTCGGGTATCGGTTGGGTCACTGAGGCTACTGCTGGAACCGCAACACCCACGCCTCTGAACCTGACCAACAATGCCCGTAACCGCGTGCCGGATGGCACTAATGTTATCGCAGGCCAGGATGCCCGCCTCTACACCCAGATTCAGATGCAGTGCGGAACGCCTACCACGGGCGCCCCCTGCACTGATCCTGCCGTGCTTACCTCTGGCGCTTTCGAGTACCGCGTGGTGAACGGCAAGTACAACGTCACGGTGAGCGTGGGCGACGCCGATAAGCGCAACCTCAACAGTCTGCACAGCATTAACGTTGAGGGTGCTGTCGCCATCGCCCCCTTCACTCCTACGCTTACCAGCCAGTTCAAGTCGAACACGGTGGCCGTGACCGTCACAGACGGCAGCCTGACCATTGACGCCAAGAATGGCAAGAACACCAAGCTCAACTACGTTGACATCGTCCCAGCCCCTTGATCGCAAGTTTTGTAAAGGTTTAAAACAAACGCCCCCCATTACGGGGGGCGTTTCCTATTGCCTGCTCCAGAAATTTACCCTTCTTTCTCCTCGACCTCCGCTCCCTTCTCGCCCCACTCTTCCAGCTTGCGTTCCAGGGCCAGTTCCAGGTTGTGGGCGGCCTGACCCAGTTCGGTGAAATCGGCGTCGGGGAGCGCGCTGTTCAGGATGGCCTGGGCGGCTTCCAGTTCAGCTTCCAGGCGGGCAATGTCCGCCTCAATGGCCTCCACTTCCCGCTTGAGATGCCACAGGCCCTTACCCTTCGGGGCGGTAAGTTTTGGGGCCGCTTTCGCCTCGGCCTGCGCGGCCTCTTTCGCTTCCTCGGCCTCCAGTTCGGCCAGACTGCGGTGCTTGGCGCGGTAGTCCTCCCAGCCGGGGTATTCGTAGAAGTGGCCGTCCTCAATCAGCCAGATGCGGTCTGCCAGACCCTCGATAAAGGCGCGGTCATGGCTGACCATCAGCAGGGTGCCGCCAAAGTCCTCCAGGGCAAGTTCCAGGGCTTCCACCATTTCCATATCCAGGTGGTTGGTCGGCTCGTCCATCACCAGTAGGTTGCGGTCCTCCTGCGCCAGCTTCAGCAGGGCCAGCCGCGCCCGCTCACCACCGGACAGGATGCGGGCGGCTTTGTCGTGCTGGTCATAGGGGAACATAAAGGTGCCCAGCAGATCGTGGGCCTGCGGGTCTTTCTGCACATACTCACGGGCCACGTCATAGAGGGTCTGATCAGGGGAGACGCCGCGCAGGGCCTGATCGTAATAGCCCACGCCCACCCGCGCGCCGGTCAGCACCTTGCCGCGTGGATCGTCGCTCTTTTCCAGGCCCAGCAGCATTCGCAGCAGCGTGGTCTTGCCCGCCCCGTTGCGCCCAACGATGGCGATGCGCTCGCCCCGGCGCACCTGCACATTGATGTCCTCAAACAGCGTGCGGAATGCCCCGTCCTCCACCGGAATGCGGCGGCTGAGGTGGCGGGCGTCCAGCACGATGTCGCCGCTGCCGGGGGCGTGGAAGGTGATGCGGGCGCTGCGTTCCTCGGGTGGTGGGGCCGCCGTGGCGCGGGCCTGCATGCGGTCCACGCGTTTTTGCATGGCCGCTGCGCGCCGGGCCAGCTTGCTCATGCCCAGGCCCCAGATCTTCATGCGGTCTGCGCTGCTCTGGAGGCTGGAGATCTGGCGGGCGTCCTGCACGGCGCGGGCGGCCTGTAACTCGGCTTCGGCGTCCAGCGCGGCCCGGAAGGTGCTGTAATTGCCCGGATACGTTCGCAGGGTGCCGCCGCGCAGGTGGGCCGTTTCATTGGTCACGCGGTCCAGAAAGGTGCGGTCATGGCTGATCACCAGCACCGCGCCGGGGTAGCGGCTCAGGAAGTTTTCCAGCCACTCCACCATCACGATATCTAGGTGGTTGGTCGGCTCGTCCAGCAGCAGCACATCGGGGTTTTCCACCAGCAGGGCGGCCAGACCCAGACGGGTGCGTTCGCCGCCGCTGAGGCGCTCGGCCAGGGTGTCCTCGCGGCCCCGGAAGCCGAAGGCCAGTGTGACGGCGTCCTTGCGGCTGCGGCGTTCGAAGCCGCCGCGCCGGACATAGTGTTCCAGAATCTCCTCGTGGCGCAGCACGCTCTCGGGCGTTCCGGCGCTCATGGCCCGCGCGGCGGCGTCCAGTTCGGCCTCCAGGGCGTCCAGATCGTGGAAGGCAGCGTCCAGCACGCTGTCCACTGTCGTCCCGGCTTCAAACACCGGGTCCTGCTGCAAGGCGCGGACGCGCACGCCCGGCGCGCGGCGCACGCTGCCCCCATCCGGGGGAAGTTGCCCGGTCAGCAGCCGCAACAGGGTGGTTTTCCCCGCCCCGTTGCGGCCCACCAGACCGATGCGGTCGCCGCTCCTGACGGCAAAAGTGACCTCAGATAACACGGTGGCGGGACCGTAATCTTTGATGGCGTCCTGCACAGCAACAAGCACGCCCTTAAGTATACCTTGGGTCGCCCAAATGTCAGGTTTTTCTCGTAAACTGGTGGCTAAGATGCCCAAGGCCCTCCACTCTCCCTCTCCTGCCCGTGAGCTTTTGCTGCGGTCAATGGCGCTGTATAGCTGTCTGGGAGCGGGTGGACAGGTCGTGGCGCAGACCTCACCCCTGTCTCCGGCGTCTGCCCAGGCTGCCCCCAGCCAGGCCGACTCTGTCCCGCCGCCCACTTTGCAAGCCGCGCAGGGGCGCGTGGAGATTCAGGGACCGGACGGCACCTGGCGTGCCCAGACCGCGCCCACCGAGATCACCACCCGCCTGCGCGTCGGGACGGGCCGGGCCGTGGTGCAGGAAGGGCGGCTGGGTCAGGTGGTCGTCGGCAGCGCTGCTGAATTACGGCGCTATCTGGGCGAGGCCGATCTGCTGTCCGGGCGGTTTTTCCTGCGGGGACCGGTGGCCGTACATGTCGCGGGCAACCATGTGGTGATGGACGGTGCCGGGGAAATGCGTGTCGATCTGAGCGCCAATGAAAAGCGGGTGGCCGTGATCGCCGGGCGGCTGCGGATCGCGCTGAAGGGACGCGGGATAGAGGTGGGCGCGGGCCAGCAGATCGCGCTGGACAGCGGCAGGGTCAGCGCCTTCCGTGAGGCCGATCCGTGGTACGCCGCGCAGTTCACCGGGCTGGGCGCGGCCAGCGTGGAGGCGACGCGCGGCCCGGTCAGCCTGATTCAGCGGGGGGCGACGCGGGTGGCAGTCATCGGCGA
CP044990.1_gap35	1396614	1401457	4843	GCGGCCCTCCACGCCCACCGTGCCCATATTCTGCCCGCCGAACTCGCCGCCTGCCACGGCGATCAGGTTGCGGCTGATGCGGTAGCGGGCGCTCACGTCGGCGTTGAAGCCGCGCTCCCGGCTGTCGGTGGCGTCAAAATTCCAGACCGAGAGCGGATCAATTCGCGCTGCCGAGGTGCTGAAGACAGTCGCCCCCAGGTTCAGCGCCACCGGTCCCGCGCTGCCGCCCAGCCGCGTGGAAGCCCGCACGCCTCCGGCAAAGGCCACCGCCACATCTGCGCGGGCGGTGACCACGCCCAGCGGCGGCAGCGCCAGACTGCGCGCGTACCCTACCTCGGCGGCACGGGTGGACAGGCCCGCCGAAAAGCGCCCGCCCAGCGCCGGAAAATCTGAGACCCCCACGCGTGCCCAGCCACCGCTCTGCCCATTTCCAGCCTGGACGCCGCCGTGATAGGACACGCCGAAGTCCAGAGTTGTCGCCCCTGCCGTTCCTGCCAGCGTTCCCGCTAGCGCCAGTGCCATCCACCTGTTGATCATGGGTGCAGGGTAACAGCGCCGGGCCGCTAAACTTCCCCATCAGCTTTTTCAGAGTCGGGGCGGGTAGGCTACCTGCATGCGTCTTCTTCTTCCCGCCGCCCTCGCCGCCTGTGGTCTGGCTGCCTGCGCGCCCGTGCCTCAGGCTTTGCAGGTTCCCACCATTGAGGTCCAGAGCGTCCGCCTGACCCGCCTATCGCTCCCCGGTGGGCTGGGCGGCGCGCCCGTGGCGGACGTGAAGCTGAAACTGCGCGTGACCAATCCCAACGCCGTGCCACTGAAGATGAGCAACATTGAGGCCAAGCTGGTGATTGACGGCGCACAGGTGGGTCAGGCGGAATTTCCGCGCGTGAACGTCCCGGCGCGCGGCTCGGCAGATCAGGACGCCGACGTGAGCCTGCCCGTCACCCTATCCACCGCTGCCTCATTCCTGAAGGTGGCACGCGGGCAACAGGTCACGTACCGTCTGGACGGCACTTTTACCGCCGATTTTGGCCCGCTGGGTCCGAAGAATTTTGGCCCTTTTACGCTAAGCCAGGGGCAGTGGAAGCAGAATCCGATCATTCCGTTTTGAGGCGAGCAATGGAAGAGCGGGCGTTTGGCAGTCCGGTGGAAACGGCACTCTGACGCCGCCTAGCGGTCTCAACGCCGTACCCTGTCCTCATGTCCACCCCTCCAGAGTTCCCCGATCCCCAACGCGCCTGGGCCTACCGTCCCGCCGAAGCCCTGGCGGGCGCACCGGGCGGGCCGCTGTCTGGCCTGAGCTTCAGCGTCAAGGACCTGTACGGCGTTCCCGGCTGGCCGCTGACTGCCAGCACCCGCGCGCCCGTCACTGATCCCGGCGAGAGCGTGCTGGTGCGCCGCCTACTGGGGCTGGGAGCGTCTGCTGTAGGCAAGACCCACCTGCACGAGATCGCGCTGGGCATCACGGGCATGAACGGTTACGGCAGCACTACTCACCCGCAGGACTCGGCGAGGATTCCCGGCGGCAGTAGCAGCGGCGCAGCGGTCAGTGTGGCGCTGGATCAGGCCGATTTTGCGCTGGGAACGGATACAGGGGGCAGCATTCGCGTTCCAGCGGCGTGGTGCGGCGTGGCGGGCTACAAGCCGACGAAGGGCCACCCGGACTGGAGTACGGAAGGTGTTCTGCCGCTGTCGTGGACCTGTGACCACACCGGGCCACTGGCGCGTGATCTGGCAACCATTGCGCGGGTGCAGGAGGCGCTGACCGGGCAGCAGATAGAGGCCCAGGACTGGAACGGCGTGCGCGTGGGCCTGTGGCTGCCAGAAGGCTGGACGGACCGCACAGTGCGCGAGGCGACGCTGGCCTTCGCCACCGATCTGGAACGGCGCGGCGCAACCGTCACGCCCGTCCACCTGCCCGAGATGCTGGACGCCTACTCGCCCATCGTCCTCAGTGAGGCAGCCACCATCCACGCCGAGGCGCTGAAACTGGATGACCCCGGTTTCCAGCCCTTCACGCTCGCCGCCTTGCGCCAGGGGGCTGCGCTGAGTGATGAGGAGGTCCAGAACGCCTTTGACCGCCGCGCCGATTACGCGTGGCTGCTGAACGGGCTGTTCACCGCCTTTGACGTGCTGCTGGCCCCTGCCGTTCCCACTCCACCCCCCCTGATCGGGCAGGATGAGGTGGAGGTTGAAGCTGGAACGCTGCCCCTGCGCCGCGTCGTCCTGCGCCTGACCGCGCCGTTCAGCATGCTGGGAGTGCCCACCATCTCGCTGCCCACGACTACACCGTATGTTGGCGTGCAACTCGTCGGACGGCACGGAGAGGATGACCGTCTGCTGGGTCTGGGACTGGCCTGGGAGGTTGGAGCTTGAAGCGATTGCTTCCCATCGCCCTGTTGCTGGCGGCCTGCGCGCCCGCTGTCCGGCCCCAGCCCGTGCAGGTCTGGGAGGGTTCGGCGCGCGTGCTGCTGACCGTGCAGCAGTACCGCCTGACCTTTACGGTCAATCCGGTGAATTACGCCCTGAGCGGCACCCTCGCCAACCTCAGCAGCGGGGACCGCTTTGAGGCGACAGGCACGCTGCTGCCCGGTACAGATGGGGCGGAAATGAGCGTCCAGGTCACGCCGGGCAATGTGCCTCGCTTGAACGCGGGCATCCTGGGCTTCGGCATCAGCGGTGTGGCCCTCAAGTCAGATGCCTTTCTGAGCGGTCAGGTGCGGGACGGGCTGTTTGACGGCAGCCTGCGCGTCAACGGCATTCGCTCCCCTATGACGCTGCGGCGGGTTCAGTGAGCGGTATGGACGTGGCTGCGCTGTACCTCTCGGACGTGCGCGGGCGGATGCGCGGTGTCAAGGCACTGGGGGACAGGGCGCTGGCCCAGATCGGAAACGACGAGTGGCACACGCCGCTGGCCCCGGACGGCAACTCCGCCGCCGTACTGGTGCAGCATCTGGCGGGCAACATGCACTCGCGCTGGGGAGGCTTGCGCGGTGGCTACAACGCAGGAATCGAGGGCGAGAGTGCGGTCCGCAACCGTGACGCGGAATTTGAGGAGGGCACGCAGGATGGGGCTGCCCTGATAGACCGCTGGGAGGACGGCTGGCAGGTCTTTCTGGACGTGCTGGACCACCTTAACCCCGAAGACCTGACCCGTCCGCTGACCATCCGGGGCGAGGTCCATACCGTGCTGGAAGCTGTTCAGCGGCAGGTGGCACATTACAGCGGGCATGTCTATCAGCTTATTTTGCTGGTCAAGACCCTGCGCGGCCCGGCGTGGCAGACCCTGAGCATCGCGCGCGGGCAGTCGGCGGCGTACAACGCGGCCATGCTGACTGGGCCAGACTCTACTTGAGCTTGTTCTTCTGAAACAGCGGATTGCCCTCGGATGGGCGCGGCGTGTTCACGGCCTCTTCCAGCGCCGTCACGATCTGCGCGACTTCCAGCGTGAAGACGCCCGCCTCGCCCCGCTCGTGCGCCCCACGCCACTGCTCGTAGCCACTCTGGTCCTCGGGCAGCGGCGCACCTTCCTCCAGCAGATCGGTCACGCTGGCCCGCAGCGCGCCTGCGGAAATGGGCGAGTGCGGCAGATCGGTCTGGACGCCGCCCGCCGTGTACGGGTTTTTCAGGTGCAGGCCGTCCACCGTGATGTGCCAGGTGTCCCCGCCGCCGCGCAGGATCAGCAGCGTGGAGGTTCCCTCGCTGGGGCGGGTGTGATAGGCCCAGCGCTGGCCGGGGGCAAACGGCGTTTCGGGGGCGGTCATGGCTCCACGATACCTGATCACTTGAACGGCGTTCCAATCCACGCGGGGAGAAGTGGCGCACCCTTTAAGCTGCCCCCATGCGAATCCTGGTGACGGGAGCAACCGGCTTTCTGGGCGGCGTCACGGCCCGTGAGCTGGCAAGGCGCGGTCACACGGTCACGGGGCTGGGCCGCGATATGGGCAAAGGCGCGGCGCTCCAGGCAGATGGAATTAGTTTTCTGCGTGCCGATCTGCGGAACCCCGCCGACTGGCTCCCCGCTCTGGCCGATGCTGACGCCGTGCTACACGCTGCCGCCCGCTCAACCTTGTGGGGTCAGTGGGACGATTTTGTGGCCGACAACATCACGGTCAGCCGGGAGATTGCACGGGCCTGTACTGAGCGGGGCTTGCGACTGGTTCACATCAGCACGCCCAGCGTGTACAACGCTACCGGACTGTCCCAACGCGTACCGGAATCTGCGCCGATTGGCCCACACTTTGACAGTCTGTACGCCCGCAGCAAGTTTCTGGCCGAACTGGAGGTGACGGCGGCCCATCCAGAGGCCACCATCCTGCGCCCACGCGGCATTTACGGCGTCGGTGACACATCCATCATTCCCCGCCTCAGCCGCGCCCTGCGTTCGGGCCGGTTACCGCGTCTGGTGCGGGGCGAGGTTCACACCGAACTGACCCACGTCCGCAACGTTGCCCACGCCGCGCGGCTGGCGCTGGAGGGGTCTGCTCCCGGCATCTACAACGTCACCGACGGCGAAACGGTGCCGATCTGGGCCATGCTGGACGCGCTGGCCGATGCGATGGGGGTGGCCCGTCCGGCGCGCTATGTTCCGGCCCGTCTGGTTGAGAACGCGGCGCGAGTGGTGGAACTTGCCGCCCGCCTGCACCCCGCCCGGCCCGAGCCGACGCTGACCGCCAGCGGTGTGCGCCTGCTGACCCGCCCAATGACTCTGGACCTGACCCGTGTACGGGCACGGCTGGGTTATGTCCCTGTCATTCATCCACGGGAAGGGCTGGCGGAAGTGCTGAGAGGCATGCGCCCATGACCCATCTGCGCGTGATTCCCCTGGCGGCGGGCGAGTGCCTGA
CP044990.1_gap36	1417381	1421092	3711	TTCCGAACCGTCTACTCTGCTCCTCCCGCCTTTCGCAACGGCAGATACTGGGGCAGCCACGCGCGGTCACGGATCACCGTTTCCAGTTGCTCGTCGGTCATGGTGCGAATCCGGCGCTCGGCGCACACGCCGTCGGTGATCGCCTGCCGGGCCACGTTCACCGCCACGCGGATGCTCAGCTCGCGCAGGGAGCTGATGGGCGGGTAGACGCGTTCGCCGTAACTCTGGGTGAACTCGGCCAGCGTTTTTGCCGAGGCCATCACCATGTTGTCGGTGATCTCGCGGGCGCGGGCGGCCACTGCGCCGAAGCCCAGGCCGGGGAAGATAAACGCGTTGTTGCCCTGCCCCACCGGGTAGCTCTTGCCCTGATATTCCACGTCTGGGAAGGGGCTGCCGGAGGCGATGATCGCGCCGCCGTTCGTCCATTTGATCAGGTCTGCAGGCTGCGCCTCGACATGGCTGCTGGGGTTGCTGAGGGGAAAGATGATCGGGCGCGGCGTGTGGTCCAGCATGGCCTCCACGCTTTCCTGGCGGAACAGGCCCGGCACACCCGTAAAGCCCAGCAGCGCAGTGGCGCGGGCGTTGACGATCACGCCGTGCAGCGTGGGATAGTCGCCCGCGTAGGTCCAGTCCGCGATGTCTTCCTTGCGGCGCACGAAACTCATCTGCTGCTCTTCCAGATCGTCCTGCCCGTGCATCAGCAGGCCGTGACGGTCCACCACGTATACGCGGGCGTTGGCCTCGTCGTAGCTGAGGCCGTCGGCTTCCAGCCCCTGACGGATGGCGGTGGCGACGCCAATGCCTGCCGCGCCCGCCCCCACGATCACGAAGACCTGTTCGGACAGGCGCTCGCCCTTGATTCGGGCTGCGCTCATCACCCCGGCCAGGGCCATCGCCCCGGTGCCCTGAATGTCGTCGTTAAAGCTGGGGACCACCTTGCGGTAGCGCTCCAGCACCCGGAAGGCCGTGCCGCGCGAGAAGTCCTCCCACTGGATGATCGCCTTGGGGTAGCGGGCCGAGACGGCCTCTACGAAGGAGTCCAGAAACTCGTCGTAGGCGGCCCCGGTCAGGCGCTTGTGGTGAACGCCAAGGTACAGCGGATCGTCGATCAGGTCCTGACGGTTGGTGCCCACGTCCAGCTCGACGGGCAGGGTCTTGTCGGGGCCGACACCCCCTGCCGCCGTGTACAGCGAGAGCTTGCCGATGCTGATCGCCATGCCGCCGAAGCCCTGATCCCCGATGCCCAGAATCGCGCTGCTGTCGGTGGCCACGATCATCCGAACGTCGTTGACGGTGATGTTTTCCAGCATGTCCTCTACCCGGTCAATGTCCTGGGTGCTGACCGTGAAGCCGCGCGGGTAGCGGTAATTGCTGGAGAAGAACTTGACCGCCTCGCCCACCGTGGGGGTGTAGATGATCGGCAGCATTTCTTCCAGGTGGTCTTCCAGCACGCCGAAGAACAGCACCTCGTTGCGGTCCTGCAGCGCCCGCAAGTATTCGTGTTTTTCCAGGTCATTGATGCAGCGCGAGTAACGGTGGTAGGTGCGGTTCTTCTGCTCCTCGAAGCTGCTGATATGCGGTGGAATCAGCCCTTCCAGGCCCAGAGCACGGCGCTCTTCGGGGGTAAAAGCGGTGGTCTTGTTCAGCAGCGGGTTTTGCAACAGCGCCAGACCGCTGACCTGCACGTCGATAAACCGGTTGCCCTGTTCATCGCGCTTGACATCGTAATACCGGGACACGGAGGGAGATTTGGGCATATTGCCCTCCAGCATAGCGGGCCAGCAGACCCTCTACACCCATTTACTTAGAAGTCAAAGTGGTTTGTTGGCCCAGCCCGAGTGGCCAATGGAAGGGGTCAGGGGTTGCTCTCTCCCGTGCCTCTGGCAGCCCAGCGCGCCCGCAACGCCTCGAAATTGGCGTCGATGCGCGCCTGCGGCAGAACGGCCTGGGTGGTGCTGCCGTGGCCGATCTCGTCGCCCAGTTGGGTGACAGCGCGCATGCTGGCGTGGATGCGCCGCCCCGCCTGACCCGTGAAGGTGGCGGTCACGGTCACGGTCATGCCGGGCAAGGCTGGGCCGGTGTGGACTACCTCCACCTGCGAGCCGATGCCGCCCTCGCCGTCTTCCAGAAAAGGCAGGATGATCTTGCGGCCCGCTTCCTCGAAGTGTTTGGCCATCCAGTAGGTGGCGTAGACCGGGTGAACTGCGCCGAGTTCGCCAAAATCGACGGTCATCTCATCGGTTACCATCAGGGTCAGGGTCTGCGTGAAACCGTCAGGAATGGGGCGCATACCTTCAGATTAGGTCAACCGAGCGTGTGCGGGCCTGCCCGTTAGACTGCCCGCATGAGGTTCACGCCCGCCAATCTGTTCACCCTGCTGCGCGAGGCGGCGCTGGCCTTCAGCCAGGACAAGGCCCCACGTCTGGCCGCCGCCCTGGCCTATTACGCCATCTTCGCCATCGCGCCGCTGCTGTTCTTCGTGCTGGCCGTCGCCAGCGGGCTGCTCTCCAATGCCAACGTGCAGGAACGGCTGTTCGAGTTCCTGGCCGCCAACCTCAACCAGAGCGCCGTGGAATTCGTCAAGGGCATTGTGCCCGACGGCAGCAAGCTGCAACAGTCCACGCTGCTTGCCAGTATTGCGGGCTTCGTGACGCTGTTCATGGGGTCCACCGGGCTGTTCGTGCAGCTTCAGGACGCCCTGAACACGCTGTGGGGCGCGGAACCGCCCAAGGGCAACGGCATCCTGAACGTGATCAAGTCGCGGCTGCTGTCCTTTGCGCTGGTCATCGGCATCGGCGTGATCATCATCGCCTTTCTGATCGGCAACACCTACCTGTCGGCCATCGCCGAGCAACTGGGCGAGGCCATCGGACTGGGCACGCTGTTCGTGCGCGTCGCCACTTTCGTGGTCAGCGCGGGCATCCTGACTCTGGTGTTCGCCGCGCTGTACAAGACGCTGCCCAATGTCAAATTGCAGTGGAAAGAGGTCTGGGTCGGCTCGGCCATCACCTCGGTGCTGTTCACGCTGGGCCAGCTCGCCATTGGCATCTATCTGGGCCGGGCCGCACCCGGCAGCGCCTTCGGGGCCGCTGGATCGCTGGTGCTGCTGCTGCTGTGGATCTACTTTTCCAGCATGGTCTTCTTCTTCGGCGCGGAAGTGACCTGGGTATATTCCCAGAAATTCGGCTCCGGCGCGGGCGGTGCGGGCAGCGTGGACAAGAAGGCGGCGCTGGCAGAGAAGGGCGCGCAGATCGATACCACGCCCACCGCGCAGGAGCTGGAAGCCAGTAAGAAGGAACAGAAGGGTTCGCCCTTGCCGGGCCGTCTGGGCGATCTGCTGGACACCGCCAACGCGAAGCTGCCGCGCGTGCTGCCCCACGCCCCCACCCACGCCGAAGGACGGCTGCTGCCCAGCGTGCGCGGCACCGTCTGGAACGCTGTTCGCGCCGTGCTGGCCGTGCCTGCCGTGATCGTGCTGCGGCTGCTGGGCTGGACCGGGGGCAAGGGAAAGTAAGCGCAGCCGTCAATTCCTTTGGCGTTCAGAACGCGGGTTTGACGGGCAGGGCTTCGTAGACCTTCTTGCGGCTGCCATTGCTGAACAGAATGTCGGCGGTGACGTTGATGCTGGTGTACACGCGGTCTGGCCGGGCGCGGACATTCAGCGGCAGCGTGAAGATCAACTGGTTTCCGTTGGAGCGGTAGCGCGTGACC
CP044990.1_gap37	1429695	1430993	1298	ACGACAGCGATTACGGCCTGACCGCCGCCTTCTACAGCCGCGATCCGTACAAGCTGGCCGAGGCGCGCAAGTTGATGCAGGTGGGCAACCTGTACCTGAACCGCAAATGCACCGGGGCGCTGAGCGGCACCCACGCCTTCGGCGGCTACGGCATGAGCGGCACCAACGCCAAGGTTGGCGGCCCCGATTACCTATTCTGGTTCCTGCAAACGAAGACGATAGCCCAGCGCTACTGATCTTGAACCGGGAGGGCAGGCGTCGGCAGCGGCGTCTGCTCTTTTCATCGCCCTGAATGGATAGCCCCTCGGAACAGGCTGGTAAGGACAGAAGATGCGCAATCTTTCCAGCCCCCGCACACGAAAAGCGGACGCCCGAGAGCGCCCGCAAGAGAAAGAGAAGTTGGAGTCCTGATCAAAAGATCAGGGATTTACCAGCGGCTGCCGCCACCCCGGTTTCCGCCGCCCATGCCGCCGTTGCCGCCCATAGGGGCAGGTGCAGCGTTGGTCACGACGACGTTCTTGGCCTGTGGGCCTTTGTTGCCCTGACCAGCTTCGACTTCGAATTCCACTTCGTCGCCTTCGTTGAGCTTGCGGAAACCGCCGCTCTGAATGGCGCTGTAGTGCACGAACACATCGGGGTTACCTGGATGCTCGATGAAACCGTAGCCTTTCTCAACGTTAAACCACTTTACTCGTCCTTGAGCCATAAATCTCCTTACATCTCCAAGTCCGCCGCCCGGTAAGCCGCCCTCTGGGCTGCAACCGCAAAATGGCGCGGGGCTTGAGACCGCTGTAGTATCGCACGTTCTGCCCCTTAAATGTAGAACCATGAAGATGCGGAGGGAATGCTCTGGCGCTCAGCCAGCTTTCAGGCGCGTCCCAGACATGTTTTTGAACCGGGTTCAAGGAGGGCCGTATCAGAACAAGCTGCTTTGATAGGCCCTGTCTATGCATTCGCTGGAAGAGGACGTGGGGAGACAGGGTGATACCTTGAACGCAGAACCATTCCAATCTGCCGGGTGTGGGGCCAGGACGGTTCACTGGTCCGGTCCCGGAGGAATATATGCCGCTTTACGCTCTCGATAAACTCTTTCCCCAGGTTGACGCCACCGCTTTTATTGCGCCCAGCGCCGATCTGATCGGACGGGTGACCGTTGACTCGCAGGCCAGCGTGTGGTTTGGCGCAGTCCTGCGCGGCGATCTGGAGGCCATCACGGTGGGGCCGGGCAGCAACGTGCAGGACGGCGCAGTGCTGCACACGGACGCCGGGCATCCCTGCGTGCTGGGGCCGGGCGTCAC
CP044990.1_gap38	1623788	1627511	3723	TGCTTGTTGACAAGTTCCCAGAGCGCGGCTATCCTTAACCCCGCTGCTTTTCGCGGGCAGCACAATGACAATCAAGCACCAGAAAAAGTATTGGTCCGGTAGTGTAGCGGTTAGCATATCTGCCTGTCACGCAGAAGGTCGCGGGTTCAAATCCCGTCCGGACCGCCACTGTTTTCTCTCCTGTAGGGAAAGCAAGGCTGGATAGCTCAGCTGGTAGAGCAAACGATTGAAAATCGTTGGGTCGCCGGTTCAAGTCCGGCTCTGGCCACCAAGTTTAAACCTCGTCTTCGGGCGGGGTTTTTTCATTATTCGAGCTTATGCTTCCCGATTCACGATGTGCCGCACTGTTCCGTCGTCCCCGTCCAGCAACTCCCCAACGATCAGCGGGTAGACGGGGCGGGATTCAATTTCGGCCAGCGGAATCCACTCGCAGATCACGTCGTTGTTGTCCAGGACGCTGAATGAATCGCCCGGCAGTTCGGGCGGTGCGTCCATGCGGAAATAAAAGCCGATCTCATGCTGACGCCCGTGCGCTGGGCCAAAGAAGCTTGCCACGATGCCCAGCAGGCGCAACTCGCCGGACGTTGTTCCTGTTTCCTCGCGTCAATCCCGCTCGGCGCAACTGTGGGCGTCTTCATCCGTGGCGAGTGCGCCGCCGGGCAGATACCAGAAGCCGATGCCGCGTTCGGTGTTTGCCAGCAGCATCCCGTCCCGCACGCAGACAATCGCCACCCGCACGCTGAATTTCAGACCGCCCAGCGGAATACGGATGTCGGTCACGCGTCTGCTCTGGCCAGTTCCGCCTCGGCGCGCACGCTGGGGTCTGCGTCACCTTTCAAGCTGTCGCGCAGAGCGGGGGAGAGGTCCGCACGGCCAGCCACGGCCAGCCGCACCCCGGCGTCTGAATCCTCGCCCAGCGCCTGAAGCAACTCGGGCGGGAGGTCTTGATGGGCAGCAGCGGCCCGGCGCACCCCGACATTTGCGTCCTGGGCCAGCGTTGCCAGTGTGTTTGCACCCGGCGCAGCGGCATAAGCCACCGCACGCCGCACTTCCGCATTCTTATCTGTCGCCAGCCGTGCCAGCCGCTGCGGTCCCAGATCAGGCCGCACCGCCAGGATGGTGCGGATGGTGGGATCGGCGTCGGCCAGCAGCACATCCAGCACACTGGCGGGCAGGGGATCGGCACTCGCCACATGCAGGCGGATGTCCTGTTCCGGGGCGCGGGCCAGCGCCAGGATCGCACCCTCGGGCAGATCGTCACGCTCCAGCACGGCGCGGCGCACGGATTCCGCCTCATCGTGTGCCAGCTTTTCCAGAACGGCGGGTGTGGCGTCCGGGCGGCGGGCCAGTGCGGCGCGCACATCCGGGTCTGCATCAGTTTCGGCCTTGAACAGCCACGCGGCAGGCACGCTCCAGGCTTGCAGCGCCGCCGCGCGGACGGGGGCTTCATCACTACTCGCCAGCCATTCACGCACGTTATGCGGCAGATCTACCCGGCGTGCCAGGGTGGCCAGCACGTCCGTATCTCCGTCCGCCGCCAGAGTCAGCATGCAGTCCAGCGGCAGGTCCAGACGGCGGGTAATACTGGCGCGCACCAGACCGTGGCCGTCCTGCACCAGCGTCCGCATCACGTCGCCGGGCAGATCAGGGCGCGCAGCCACGGCCTTTCTCACGTCGTAATCATCGTCGGCGGCCAGTTGGCGGGTCAGCAGAGGCGAGAGTTCGGCACGCCTCGCCACCGCCTCTCTGATCTGCCAGCCCGCGTCTCCGGCCAGCGCCGCCACCCGCACCTCGCTCAACTGTGGGCGCGAGGCCAGCGCCGTCCGCACGCTGTAGTCCTCGTGGCGCAGGGCAGCGTCCAGCACCCATTCAGGAACGGTGTGCAGGGATAGCAACGCCGCCACCCCCTCTCCCGGAAACACATTCAGAAAGCCGGGACGCGCCAGCCGTAGCAGCGGCAGTCCCGGATTGTCCATCACGTCCTGTGGGTAGGCGGCAGCCAGCGCGCCCAGCACCTCCAGTGGCGCGTTGGGATGCCGCGCCACCCGTGCGCGTACCCGCGCGTCCGGGTGGGCGCTGAGGCCCGACAGCACAGACGCCGTGGCGCGGGGGTGCGCCGCTGCCTCCAGCGCGCCGTCTGGCCCCAGGGCGGTCAGCGTGCGCGGATCAAGTTCAGAGGAGGTCATGGGGGACAGGATAGGGGTCAGGCGATCCGAGGCTCAGGGAAACGGCGCGGTCAATGAGCTGGCGGGCGATGCTGAAGGGTGCTGGAAGGGTGGGCAAATTGGAAACAGAGAACCATTGGGCATCCTCAATCTCCTCCGGCTGTAACACGATCTTGCCGCCGTCGTACTCGGCGTCAAAGCCGATCATCAGCGAGTGAGGGAAGGGCCAGGGCTGACTCAGGACGTAACGGAGGTTCCTGATCTTCACGCCCACTTCCTCCAACACCTCGCGTGCGGCGGCGGCTTCCAGTGTTTCGGAAGGCTGCACGAAGCCTGCCAGCGCGGAGAACATGTCGGGGGGGAAATTGGGGCCGCGCGCCAGCAGCAGCTCCGTGTGTGCGCCCGCGCCGCGCTGGATCAGCACCATCGCCACCGGGGCCACGCGTGGGTAGACGCTCAGGCCGCACTCCGGGCAGGCTTTGGCGTACTCGTATCCCGTGAAGGCCAGCGGCGTGGCGCAGTGCCCGCAGAACCCGTGTGTGCGGTCAAACTCCACCACCTGCGTGGCAAATCCGGCCAGCCCGAACATATTCTCGCTCAGGCGGCCAAACAATGAACGCAAGGGCGATAGGGCATATCCAGCGGGAACTTCGCCTGCCAGTTGTGCGGTAGCGTAAGCCTGACCGTCCAACTGGCCCAGCGAGTTGGTCAGCTCAAGTGCAAAATCCTCCGCACGGCCCACTGGCAACGTATCGTCCTCCCGCAGCAGCAGGCGGCCCTTCTGGAAGATGAACCAGTGGGCCTCGCCCTGCGGCACGCCCGATTGAATTTCAAGGTTTGTGGGACGCGAAACCATTACCCTTCCTCCAGCCGCAAGACCTCGCCAAAGGGAAAACCCTCGTCCTCCAGTCCGCCCGGCGGGACCACCCACAGCGTCGGCATGCGCGGGGCCGTCTCGGGGAAATCGCCGTAACCGTCGGTCAAGTAGATCAGCACGTCCGGCTCATGGTCATCCAGCAGGGCAAAAATGGGCCGGAAGTCTGTACCGCCGCCCCCCTGTGGCGGGGGAATATCGCTGCCAGGGGTCAGTTCGTGCGGCCCATACGCTTCGGTGTCGGCGTAGTAGAGGGTGGCCCGGACGTGCGGATACGCGCCCAGCACGCCCTGAACCTCGCTCACCAGCGCTTTGACCGCCTCGTCGTCCACGCTGCCGGAGGTGTCCACGGCGATCAGCGCGGTCAGGCTCTCGTCGTCCAGCGCCTCCAGATACAACCCCCGTCCCACGAAGCGGCGGTCAAAGCCTCCAAAATCCACCGGAGTCCGCGCCAGAAAGCGCCACAGGTGCGCCCGCCAGTCCAGCCGTGCCGGGGCCAGCCGCGCCAGTTCACGGTGCGCGCCCAGCGGATCGTCGCCCTGGCCGCCGCTCATGGCATCCATGCTGCGGGCCTTGGCCATTGCCTGCTGCCACTGCTTGGCGGCACTGGAGGGGTTTTTGCCGTTCTTCGGCGGTGCGTCGCTGGGGGGACCGTCTAGCAAGTCGTCCGCGCCCTCGTCTCCC
CP044990.1_gap39	1657775	1662025	4250	AAAATCCTTGACACTCTGCGCCGCCCGCGCGTTCATTCCCGGCACGGCGGCGATCTGCGTGACGGGGGCGGCGGCCAGATCCTCCAGGCTGGAAAATTCCTCCAGCAGCGCGTCGCGCCGTTTCTGCCCGATCCCCGGCAAATCGTCGAACACGCTGCGGAGCATGTCCTGACCGCGCAATTTGCGGTGGTACGTGATGGCGTACTGGTGAACCTCGTCGCGCACGGCGATCAGGATTCTCAGCGCTGGATGCGTTTGCAGCAGCAGCATCTCGCGGTTCACGCCCACCTCGGTCCCCGTCTCCAGCCACCACTGCGCCCCATAGCGCCCCGGCAGGATGATGGTTTCCTCGCGCTTGGCGAGACCCACCACCGGCACCTGAATGTTGGCCTCCTTCAGCGCGTCCAGCGCCGCGTTGACCTGCCCGCGCCCGCCGTCGATCACGATCAGATCGGGCAGCGGCAACTTGTCCGACAGGCTGCCCGTGAAGCGGCGATGCACCGTCTGTTTCATGGCGGTGTAGTCGTCCGGGTGGTCCAGCCCCTTGACCTTGAAACGGCGGTGTTCCCCACGCCGCGCCCGTCCGCCCTCGAAAACCACCATGCCCGAGACGATGTTGGTCCCGAACAGGTTGGAGTTGTCATAGCCCTCAATGCGCCACGGACGGTCCGGCAGCGCCAGCATCTCGCGCAGGGCGTCCAGGCCCGGATGATCGCCGCGCCGCTCCAGCACCGCCAGTTCGGAGTCCAGGCCGTTGACCGCGTTGCGCTGGGCCATCTCGATCAGATCCACCTTGTCGCCGCGTTTGGGCGTCCGCATGGCGGTCTTGCGCCCGGCCTTCTCGCTCAGGAATTCGGACCATAGCGGCGCATCCTCGAATTCGGCGGGCAGCAGGATCAGGGGCGGCACATGCGTCGCCTGGGTGTAGTAGTCCTGCACGAAGGCCCCCACGATCTCGCCAGGGGTGCCTTCCTCGGCATTGGTCAGGAAACGTTTGTCGCGCCCCACCACGCGCCCGCCGCGCATGCGGAACAGTTGCACCATCGCGTATTCCCCGGCCTGCGCCACCCCCAGGAAATCCAGATCGGTCTCGTCGCTGACAAAGGCGTGTTGCTCGGTGCCGAATAGTTTCTGGACCGCCAGCACACGGTCCCGCACACGGGCAGCCTGCTCGAAGTCCTGACCCTGTGCGGCCACTTTCATGTCTTCCTTCAGGCGGGTGATGACAGCGGCGGCGCGGCCCTCCAGCAGCGATTTCACGTCGTCCACCACGCGGGCGTATTCCGGCGGATCGGCCCGGTCCACGCACGGTCCCAGGCAGCGGCCCATATGAAAATTCAGGCACGGGCGCGGCTTTTTCTGCATGGGCAGTCCGCTGTTCTTGCGAAGCGGAAACATGGTGTCGATCAGGTTCTTAACCCGCCGTACCGCCGAACTGTCCGGGTACGGTCCGTAGTAGCTGCCGCCGTCCTTCAGCACCCGCCGCGTGACCACCAGCATGGGGAATTTTTCGTTGGTCAGTTTCAGGAAGGGGTAGTGCTTGTCGTCCTTCAGCGTCACGTTGTAGTGCGGGCGGTGCTGCTTGATCAGGTTGGCTTCCAGAACCAGCGCCTCGACCTCGTTGCGTGCGGTAATAAATTCCAGCGACTCGGCCAGCGAGGTGAACTTGCCACTCTTGCCCCCGGCCTTGAAATGCTGTCCCACTCGGCTGCGAATGTTGTTGGCCTTGCCGATGTAAATGGGCACGCCCCCCTTGCGGAAGAGGTACACGCCAGGGGTGGTGGGCAGCACAGGCAGATCGTCGAAATGCACGCTCCAAGCATAGGGGAGAGGAGGTCCGCGCACCGTGACAGGGGTTTCCGAGAATCTTGAGCGTCCGTGCTGACACGTCAACCGTAGGTCAGGCCAAAGTCTGCGCCCACGCGCGGCATAAACTGTTCTCTGATGTCTGTTCCGCCTCCCGGCCCACTCGTGACCCTGACCATCAACCGTTTCGCGCCCGCCGATCTGCGCGCGGGAATGCGGCGCATGGCGACCGATCACAGCCACCTGCGCGGGCTGCCGGGCCTCGATTTTTACCGCCTGCTGGGCACCGGACAGGGCGCGAAACTCTCGCTGAGCGTGGATCTGCGCCGCTGGGGGCGTTTCGCCGTGTGGCAGTCGCGCGCCGCCTTCGAGCTGTTCGAGGATAGCCCCTGGCGGCAGCACGAGCGCGAGGAAGTGGCCGACACCGTGACGCTGTTGCTGCGGCCCCTGCGCTGGCATGGGCAATGGGCCGGACAGGAACCGTTCGGCCCCGCTATCTCACGCCATCCCTCCGGCGAATTTCCCGTCGCGGTCCTGACCCGCGCCGTTATTCGCCCAACCAGTCTGGCGGCCTTCTGGCGGGCGGTGCCAGGAACGCAGGAATTCTTGCCGGAGCAGCCCGGCCTGATCTCCGCACTGGGGCTGGGCGAGTGGCCCGTGGTGCAGCAGGCCACTTTCAGCGTCTGGCAGGACGAGGCGAGCATGCGCGCTTACGCCTACCAGAGCGGCGCCCACCGTCAGGTGATTGCCCGCACCCGCCAGGAAAACTGGTACAGCGAGGAACTGTTCGCTCGCTTCGAGGTGCAGCAGGTCCGGGGCGTGTGGGAAGGGCTGCCCTCCGGCCCGTCCTGACTGTTTACACTCCCCCAGTGACTTTCTCTCGCCTTTTTTTAGCCCGTCACGGGCAGACCACCGGAAATGTTGCGGGCGTGCTGCGTGGCGTGGACAGCCAGCACGATGAATTGACCGCCGAGGGCCACGCGCAGGCCCAGGCGCTGGCTCGCAAGCTTGCTGCCCTGAATCTGGATTCGCCGCGCATCTATGCCAGTACCTATACCCGCACCCAGCAGACCGCTGCACCTGCCGCTGAGTTGCTGGGTGTGTCCGTAACCGTGCTGGAAGGCATTCAGGAAATCGATCCCGGCGACTGGCGTGGGCGGCCTTACAGCGATCTGAAGACTGGATTCGATGAACTCGTCGGCCCAGATGACAACGTTTCTTTCCCCGGCGGCGAAAGTCAGCGTGACGTGGCGGACCGTTTTGAGACGGCCCTCAGATCAGTTCTGGGTCTTCCCGGCACGCCCATCGTCGTCTCGCACGGCGGCGCATTGACCTCACTGTTGATCCGTCTGCTGCGTGTCCCGGTGGTGGAAAGCTGGCGCTCAGACCGTTTCGCACAGGCCAACGCGGAGTTGACGGAATTGATTCAGACGATAGATGGTTGGCAGATCAAGCAGAGACCCGAAAAGATTTGGCGAATCTAAATTTCACGATCAAGAATTATCGTGAATCTTTTCACTTACTAATCCAAATACATTGGTCAGTAGCACCCAGACCTCAATTACCCCGCAAGACCCTTTCATATGCTTCCAGATACTGCGGCACGATCAGGGCAGGGGAGAAACGGGTAACCGCTGCCTGCCGTGCCGCCGCGCCCATGCTCAGGTACAGCTCGCGGTCCCGCAGCACCCGCAGCGCCGCGTCGGCCATACCGTCCACATCGCCCACCGGGCAGAGGAAGCCAGTCACGCCGTCCTCGACGACTTCGGGAATGCCCCCGGCGCGGGCGGCCACCACCGGCACCTCGCAGCTCATGGCCTCCAGCGCGGCCAGACCGAAGCTTTCATTGCTGCTGGGCAGCAGAAACAGGTCGCTGATGCCCAGCACAGTTTCAACGTCCGGGAACGATCCCAGGAAATGCGTCCTGCCGATCACCCCGAGTTGCTGCGCCAGCTCGAAGGCGCGCGGGCGCTCCGGGCCGTCGCCGATCATCAGCAGGCGGGCGGGCAGTTCGGAGGCCACGCGGGCAAAGATCTGCACCACGTCCTCTACCCGTTTGACCGGACGGAAGTTGCTGACATGCACCAGCAGCGCTTCCTCCGGGTGGGCGAACCGCAGGCGGACCTCGGGATCGGTGATGCGCCGGAAGCGCTCGGCGTCCACGAAGTTATGGATCACCTCGATCTCACGGTCAATCCCGAAGACTTCACCCGTCTGCTCGGCCAGAAATTGAGATACGGCGGTCACATGGTCACTGCGCTCGATGGCGTGGCGGGTGGTGTGCCTGAAGGCGGGTTCGGCCCCCACCAGCGTCACGTCGGTCCCGTGCAGCGTGGTCAGCACCCGCCCCTTGCCGACAATGGCGCGGGCATGGATGGCCGCCGTCGCGTGCGGAATGGCGTAGTGGGCGTGCGCCAGCTCCACGCCGTATTCCAGCATCACTT
CP044990.1_gap40	1708927	1710360	1433	CCTCATGGGCGGGCCGCCCCCCCGGCACACAATGGGGGCCATGCAGCAACGCAAACTCGGCAAGAATGGTCCCAACGTCTCTCTGGTGGGTCTGGGGTGCAACAACTTCGGGGGCCGACTGAATCAGGAAGCCACCAATGCGGTAGTGAGGGCGGCACTGGACGACGGCATCACTCTGTTCGACACTGCCGATATCTACGGCAATCAGGGCGGCTCGGAAACCATGCTGGGCAAGGCGCTGGGATCAGAGCGTGGCAACATTATTCTGGCTAGCAAATTCGGAATGGACATGGGCGAGGCGGGCCAGGGAGCCAGACCCGAGTACATCCGCAAGGCGTTGGCGGCCAGCCTGAAACGCCTGGGAACCGATTATCTGGACCTGTACCAGCTTCATAAGCCGGACCCACAGACGCCGCTGGCCGACACGCTGGGCACGCTGAACGAACTGGTGCAGGCCGGGCAGGTGCGGGCCATCGGCTGCTCCAATCTGGACGCGGCGGGGGTGCGGGAAGCGGCGCAGATTGCAAAGGACCACAATCTGACCCCCTTCATCTGCGCCCAGGACGAGTACAGCCTGCTGGTGCGGGACGTGGAGGCTGAATTGCTGCCCACCCTGGAGGAATTGAAGATGGGCCTGCTGCCGTACTTCCCGCTGGCAAGCGGTCTGCTGAGCGGCAAGTATGGCCCAGATAACATTCCCGAGGGCACGCGCTTCGCCTCCTCACAGGGCGCGCAGGATAAGTACATGACCCCGGACAACTGGCGCAAGGTGCAGGCGCTGGAAAAGTACGCCCAGGCGCACGGCCATACCCTGCTGGAGCTGGCCTTTAGCTGGCTGGCGGCCCAGCCCACGGTCGGCAGCGTGATCGCCGGGGCCACCAAGCTGGAACAGATCGCCCAGAACGTGAAGGCGGCAGGCTGGGAGCTTGACACCTCGGAAGTGGAGGCCATTCTCAAGGGCTGACTTGGCGCGGCGGTGGACAGGCAGATCATGGCTGGCGGATAACGGTTCAGCCCACCCCATACAGATAGATTCCCTCTATTTCGTGCAGGAATCGGGACAGCGTTGGGTTCTGCACTCCACGCCCGGAACCTGCTTTTCTCCTGATTGATCCCTTGTCCAGAACATCCTGTCGTCGTGAGATCGCACACATGCAGGGCGACTCCTTCACATACGGGCGCCTGGACGCCCGTTTGGATTTTCAAGTGTTGCCGACACGTTCCCACCCGATGAGAACAGGAGTCTGCACGACATCACAGACTCCTGTTTTCCCCAGACGAGCATAAGTTTAGTGGTTCGCCCTCAACTCTCCAGTTCGCGTGTGGCCGCCGCATCTACGAACCAGACTGGATTCTCAAGACGCGCCACAGGATGGTCCCCGCGCCCCGCCTGCACGTCGGCCAGCGCTTCGGCTTTCTTGTCGCCAGACACC
CP044990.1_gap41	1725812	1726329	517	ACCGCCTGGACCTTCAAGCTGCGCCCGAATGTGAAGTTCCACGACGGCACGCCCATGAACGCCGACGCCATCGTCTTTAACCTGCGCCGCTGGTGGGACAAAGCAGACGCCTACGGCTTCCGTGACCAGGGCCGCACCTTCGAGATCGTGGGCGACCTGCTGGGCGGCTTCAAGGGCGATCCCACCGCCGTCATCAAGGACATCGTCAAGGTGGACAACATGACCGTTCGCGTGGACCTGACCAAGTCCAGCACCGTGCTGCCCAACGTGCTGGCCGCCGGCTACTTCGGCATCGCCAGCCCCACGGCGATCAAGAAAGATGGCGCGAAGTATGGCACCCCGGCCAGCAAAGCAGTAGGCACCGGCCCCTTCATCTTCCAGAGCTGGACGACGGGTGACCGCGTGACCCTCTCGCCCAACAAGTCGTACTGGGGCGTCAAGGCCAAGGTGGACGGTCTGGTCATCCGCAGCATCAAGGACGCCAGCCAGCGCCTGAACGAGATGAAGGCCGGCACCA
CP044990.1_gap42	1727759	1730861	3102	GGTGGGCATGCCTGCCGGGATTCTGGCGGCCCTGCGCCGCAACAGCGCTTGGGACAATCTGGCCACTGGCATCAGTCTGGTGGGCGTGAGCATGCCGGTATTCTGGCTGGGGCTGCTGCTGTCGTACTTCTTTGCCGTCAAGTTGGGCTGGCTGCCCCCCAGCGCCCGCCTGGGCTACGAGTTCACCATCCAGCCGATCACCGGCTTTTACCTGATTGACTCGGTGCTACGGGGCAACGCCGGGGCGTTCTGGGACGCGCTGAAGCACCTGATCCTGCCCGCCATTGCGCTGGGCAGCATTCCATTGGCGATCATCTCGCGCATCACGCGCAGCAGCCTGCTGGACGTGCTGGGGCAGGATTACGTCCGCACCGCCCGCGCCAAGGGACTGGCCCCCAACTCGGTCACCATCAAGCACGCGCTGAGAAACGCGCTGCTGCCGGTGGTCACCGTGATCGGCCTGCAAGCGGGCGCACTGCTGGGCGGGGCGGTCCTGACCGAGACCATCTTCTCGTGGCCGGGCATCGGCTCGTGGGTCTACGAGGCCATCGCCCAGCGCGACTATCCGATCATCCAGGGCGGCGTGATCTTTGCGGCGCTGGTGGTCAGCGTGGTCAATTTACTCGTCGATTTGAGTTATGCGGCCCTTGATCCCAGGATTCAGTACGGATGATGGCAAATTGCGATGAGACGAATCCGAGCGGAGCGAGAAGCAACAGGAACCGGATGGCTCAGACTGCAAGCTCTGCAATGGGCTGTTCGCAGAGTTGGGAGTCGAAGCCATTCGGGATGAGGAGGGAACTTCTATGACCACCACCACACCCTCTGCCACCGCGCCCGCCAAAAGACAGGAGAGCATCTTCTGGCGGCGCTTCCGCAAGAGCACCCCCGGCAAAGTCGGCGGCATTATCGTCATTCTGTTCGTGCTGCTGGCGGTCTTCGCGCAGGTGCTGCGGCCCTATGACCCCACCACGGACCGCAATTACCGCCTCAATCTCAAACCGCCCAGCATCACGGCGCTGTGGAACCCGGATGCCAAAGAGACCTACACCGACGCGGTGACGGGCAAAACGAATCTGTGGGCCGCGCCGTTCGGCACCGACAACCTGGGCCGCGACGTGTTCACGCGCGTGCTGCACGGCACCCGCATCTCGCTGAAGGTGGGCGTGGTGGCGACAATCCTGGCACTGGTCATCGGCTCCTTGCTGGGGGTACTGGCCGGGTATTTCGGCGGCTGGTTGGACAATGTGCTGGGCTATCTGAGCGACGTGATGCTGGCTTTCCCCAGTATTCTGCTGGCCATCGGGTTTGCCAGCATTTTCAGCGTGGACAATCCGCCGCTCCTGATCGCGGCGATGGACCGACTCTTCGCACTGAACAGTCCGCAACTGGTCACGGCCATGCTGGCGGTGTCGCTGGTGCAGGTGCCAGTGTATCTGCGTCTGGCCCGTGCCGTGGTCCTCAGCGTGCGCGAGCGCGAGTTCGTACAGGCCGCAGGCGCACTGGGCGCGTCGCAGTGGCGCATGATCTTCCGGCATGTGCTGCCCAACAGCCTCTCACCGCTGATCGTGCAGGGTGCGCTGAGCATCGCCACCGCCACCATTGAGGTGGCCGCGCTGGGCTTCCTGGGCATCGGCGCGCAGCCCCCGCTCCCGGAATGGGGCACCATGATCAGCGATTCACGCTCGTACTACGTGGATTACCCGTGGACCATGATCTTCCCCGGCCTCGCCATCTTCCTGACGGTGCTGGGTTTCAACCTGCTGGGCGACGGCCTGCGGGACGTTCTGGACCCGCGCAGCACGCAGTAAAAGGCGTTCCTCCATGCTTCCCCTCTTCTTGACGGAGAGGGGTTTTTCAGTTATGCCAGCGCTTACGCCAGTGCCGCCACGGCTCCAGTCAGTTCCTCAGGATGGAAGCGCTGGCCGGTGGCGTGGGCCAGTTGGCGGACCAGACGGCGGGCGTACAGCTCGGTCATGTCCAGCAGCGTTGCGCCGCCGGGAGCGATGCGAAGCTGGCCGGTCAAATCGATAATCGTGTGGTACGGCTGGGCCAGACCCGCCGGAAGATGCCCGCCCGTCAGCACCAACAGGTCCGCACGTTCGGCCAGTCCCTCCAGCGCAGAGTCCTGACGACTGACGGGAAAGGCGCGCACGCCTGCGGGCAGGTCACGCGCCGCCCGCTCGGCGTCCGGGGTACTGGCCGCCGCCACACCCACCGCCGAGAAGCCCATGCGGGTCAGCGGCAGGGCCAGCGCCAGATCGTGCATGTCAGTGCCCAGCAGCAGCGCACTGGCCCCACGCGAGGCGTAACCGCTGGCCTCCAGCGTGTCTCCCAGGGCGTCGGCCAGGGCAAAGGTGCCGTGCGCGCCCGCCGTGAAGGCCACCGCGTCCACCCGGCCCACGCGGCGGGCACCAGCGTCTGCCTGGGTGGCGTCCAGGACGCGGGCCTCCTGACTGCGGTGGATCAGCGCGCCGCTGAAGCCCAGGGTCATGCAGGCGTCCATGACTTCTTTCAGATGATCCGTGGGGGTAGAAAGTGCCACCAGCCCCAGCTCCCGCAGAGCGCGGGCAGCGGGGGCTGGATAGCCGATCAGGGCCAGGGGCGTGTCAGACGCTTGCATTGTGGGCAGTGTAGCAATGGATAGGACTCAGGGGCGCCGTGGGCCTACAACGCCATCCTTCCCTGACGCATCGCGCGCAGGCCAGCCAGAACCACCAGCACGGCTCCAGCGATCACGCCCACCACCACCAGCAGGGTGTCCGGACGGGCCAGATACACACCCAGGAAGGCCCACAGCAGCACGGCGGCAAACGCGTAATCGCGGTAACGCAGCAGGAAGAAGGTGCCCACCAGACCTGCAATCACCACCAGCAGCGCAGACCACAGTTGCGCGCCGATGCCCAGTACGCCGCCCGTGACGCCCGCGCTGACCAGAAACGCCGTGATATTCGCCATCGTCGCCACGCTGATCCAGGCCAGATACAGGCTGGCCGGGACTTGCAGCGCCCAGAACTCGCCGCTCAGGGGTTGCAGGCCGCGCACGGTCAGGTACAGCGAGATCAGGCTGCCCAGCAGCAGCAACATGATCACCACGCTGAT
CP044990.1_gap43	1743380	1745631	2251	TTGGCCGCACGGCGCTGATCCGGGGTGATGCCGCCCTCGTCCAGCCCCAGCACCTGCGCGGCGGTGCGGCGGTGAATGTCCGCCCCTTCCTGAAACGCCTGCTGCATCAGGGGATCGCCGGAGATGTGGGCCAGCAGCCGCAGCTCAATCTGCGAATAATCGGCGGCGATCAGGCAAAAACCCTCGTCGGCAATAAAGCCCTTGCGAATCTCGCGGCCCACTTCCGAGCGGATCGGGATGTTCTGGAGGTTGGGGTTCAGACTGCTCAGGCGTCCAGTGGCCACCGCCGTCTGCGCGAAGGTGGTGTGCAGGCGGTTCGTGCGCGGGTTGACAAGGTTGGGCAGCGGTTCCAGATACGTGCCACGCAACTTATCCAACTCGCGGTATTCCAGCAGCAAGGGAATCACCGGATGCTCGTCGCGCAGGGGTTCCAGGGCGCTGATGGCGGTGCTGCGTTTGCCGGTCAGCTTGGTCTTCTTGCCGCTGGCGAGGCCCAGTTCGTCGTATAGTACGGTTTCAAGCTGCTGTGGGCTGCGGATGGAGAATTCACGCCCAGCATGCGTAAAAATCTCGGCCTCCAGCGTTCCCAGGCGGGCGGCAGTGGAGGCCGCCAGTCCACGCAGATATTCGGAATCCAGACGCACGCCGCGCACTTCCATGCGGGTCAGGACGGCGGCCAAGGGCTTCTCCATCTCCTCGTAAAGTTTGGTGCGAGCCTCGTCCAGTTGGGGGGGCAAGTCGGTCAGCAGGCGAGCGGTGATGGCCGCGCGCCCTGCTGCGTCGTCGGGCCACGCCATATTCAGATACCGTTTTGCCACCAGCGCCATATTCATGTTGGCGGGGTCCAGCAGGTAGGCCATCAGCAGCGGATCGTCCCCCGGCTCCACCACGGTTCCGCGCACGCTCAGGTGGGCGGCCAGGGCTTTGGCTCCCGCCGCGTTCACCTGCCGCTGGCCTACGAATTCGGTGTCATCTACGGTGGCAGGAAACTGTTCGTGCAGTTTGGCAAGGGCTTTCTCGGCATCCTTGGTCGCTTTCTCGGCAGCCTTCTGCTCCTTCTTGGTCAGCGGCTCATTGGAATCAAAGAGCCTCGGCGCGGGCGTACCAGCCTCCGCCTTCTTCCACTCCTCCGGCTCGTTGACTGGGGTTGCACGGGTAATGCCAGCTCCATCTCTCGTCGGCTCGAAGGTGGCGGCTCCGGTCAGCGCGGCGGTCAGGTCATCCTCGCGCGACAGAACGTAGCCCCAGATCGCGCCTTCTTTCGGGGTGCGCCACGCTTCCACTCTGGGCGGCTCGAAGTCGGCGATGGGTTCGGCTGCCTCATCCACATCGGGAACCACTTCCTCTGCACCATCCAGCCCGGCAATATCGCGCCCGATGGCGTGCAGACCCAATTCCTCGATCAATTCTGCAAGGCGTGCAGGATTGCCCGGCAGACGGCCCGTCCCGAATTCCACGTCCAGCGGCAGGTCCGTGACCATGCACGACATCTGGTGGCTGAACTGCACGTTTTCCTCGGAGGCCAGCAGCTTCTCGCGCGTGCCCTTCGGCTCCAGCGTTCCGGCGTGGGCGGCCTCGAAAATCTTTTCCAGCGTGCCGTAATCCTGGAGCAGCTTGGAGGCGGTCTTGGGGCCAATCCCCTTCGCGCCGGGGATGTTGTCGCTGGCGTCCCCGGTCATGGCGCGGTAATCCACCCACTGGCGCACGGTCACGCCGTATTTTTCCAGCACCTCGGCGGGGCCGATCAGACGGAAATCGTTGGTGATGACGCGCACATGGTCATCCAGCAGTTGATAGGCGTCGCGGTCACTGGTCACGATCCGCACCTGCATGCCGTTGCCCTCGGCCTTGCGGGTCAGCGAGGCAATCACGTCGTCGGCCTCGTAACCGGGTTCCTCCAGGCGCGGAAAGCCGATGGCATCGACAATTTCGCGGATGCGGTTGATCTGGCCGGGCAGATCACTGGGCATCTCGGCGCGGCCCGACTTGTAGCCGTCAAACTGCTCGTGCCGGAAGGTCTTCACGGGCGGATCGAACAGCACGATGATCTGGTTGCTGCGCTGACGGGCGAGGCGCAGGGTCAGGCGCAGAAAACCGACGATGGCGTTGGTGGCCTCGCCCTTGCTGTTGCTCAGCGGCGGCAGCGCGAAATACGAGCGGAATGCCAGCGCGTGGCCGTCGATCAGCACCAGCGTGTCTGGTGTGGGCCGGTCTGGGGCCGGTTGGTCGGTGGCGGGAGAGGTCATGGGGG
CP044990.1_gap44	1751208	1755806	4598	GTGCTGCTTACGCGCGGCGGCATCGGCAAGGTGAACGCAGCGCTGACTACCGCGCACCTGCTGGCAGCGGGGGCCACGAGGATCATCTTTACAGGGGTGGCGGGTGGAGTTCACCCGGACCTGCGCGTGGGCGACATCGTGATCAGCACTGACTGCGTGCAGCACGATGTGGACGTGACCGCGCTGGGCTACGAATTGGGAACTGTGCCGGGAGAATCGCCCACCTGGGCCGCCGACAAGACGTTGCGCGCGGCGGCAGTGGCGGCGGCTGGCGAGGTCTCTGGCGTGCGCGTGATCGAGGGCCGCGTTGCCAGCGGTGATCAGTTCATCGCCTCCCCCGAAGGCGTGCAGCGGCTTCAAACCACATTTAATGCCGCCTGCGCCGAGATGGAGGGGGCGGCGGTGGCCCAGGTCTGCGCCAAGGCGGGGGTGCCGTTCGTGATTATTCGCAGCGTCAGCGACACGGCAGACGGCAGCGCCGGGGTGGATTACCGCGAGTTCATGCCGCAGGTGGCCCGCCATGCCAAGGCCGTGGTGCGCGGCATGCTGGCCCGGCTGACGGCCACCACAGATGACCGCATCTGAACCGTCCACCACGGCCCGCCTGAATGCCCCGGTGCGTTTCGTGCTGGGGCTGGGCATTCTGGTGGCATTCTCCGCCGCCGGACAGGCCCTGGTGACGGTCACGGGCCTGCCACTGCCGGGTTCGGTGGTGGGACTGGCGCTGCTGTGGGCGGCGCTGGGCCTGAAAATCGTTCGTCTGCACTGGATCGCGGACGCCGCCGACGGGCTGCTGGGCATCCTGGGCCTGCTATTCGTCCCGGCCACGGTGGGGTTTATCGGGTACCTGTCCGCCGGGGCCGACTGGGGGCTGTGGCTGCTGGTGATGACGGCGGGCCTGCTGCTGGGCGGCGGCGTGGCCGGGGTGCTGGCCTCGCGGCTGGCGCGCTCAGAAACCGGCACAGAGGCAGAGGTTTAGAGTGGCCTGGATCGCCCTGACCCTGATCGCCTTCGCGCTGGGCGTGGTCTTGCAGACGCGCGTACGCTCGCCGCTGGCCAACCCCACATTGATCGCCACGCTGATCGTCGCCGGAGTGTTGCTGGTGGGCGGCGTCTCACACGCCAGTTATCTGAAGGAAGTCCAGCCGCTGACCGCGCTGCTGGCCCCGGCCATCGTGGCGCTGGCGGTACCGATGTACCGTTTGCGGGCGCTGCTGGCGCGGCAATGGCGCTCGCTGATCATCGGCGGCCTGAGCGGCACGCTGGTGGGCGTGGGGGCCGACGTGCTGTTCTCGCGCCTGCTGGGGCTGAGCGGCGAGGCGCAGCGCTCGCTGCTGACCGCCCCCGCCACCAGCCCCGTGGCCCTGCAACTGGCGCAGTTCACGGGTGCGCCGCCCGCGCTGGCCGCCACGCTGGCGGTGCTCTCGGGACTGGTGGGGGCGCTGATCCTGCCCGGATTCCTGACCCTGATCGGCGTGAGGCATCCGCTGGCGCGTGGACTGGCAATTGGCGCAGTGTCGCACGGCGTCGGCACCGCCCGCGCCCGCGAGGAAGGCGAATTGACCGGGGCAGCTAGCTCGATTGGCATGGGACTGGCCGCGCTTCTGGTGACCGTGGTGGTGGCAGGGGTCAGCCGGGGCTAGAAGCCCGAAGACTGGCTGGCGAAGAAGACTTCAAAGTTGTCAAGAACCGTGGGGGCAGCGTTTGCAACAGCATTGGCGAAGGTCACCTTATCGCCTGCCCCCACCTCGCCTTGCTGAATGACGCGGGCGTACATGCCGGGTCTGCGCGCTTCGCGGAAACGCCGCACGAAGCCAGGATCGCCCATACGCTCGGCCAGGGTTACGCAGGGGATGCGGGCGAAAGTGATTTCCAGCAGCGCGCCGCCCACCGCAAACTGCTGCCCCAGCCGCACGGACGCCGATTCCAGGTCCGAAAACAGCAGATTTTCCCCAAACGTTCCCGGCTCCAGCTCCCTTCCCAGTTCCGCTGACCAGAATTCATAATCCGGTTGGGTGTAGATGTACACGGCCTGATCAGGTCCACCATGGTTTTCGGTGTCCAGGATGTGATCGCCGCTCAGGCCCAGTCGCCCGATCAACACGGCACCCTCCACGGGCTGCTTGTGGATGCCTGTCCAGCCGGATTTGCTGCGAATGGCACGCGGGATGCCGACGCAGACGCTCAGGAGTTGCATGAACAGAAGTATGGCAGCGCCCGAACGTCATCCGTCCGGGCGCTGCCTCAAATCAGGGTCTAGCGAACGGCATCACCGGGCCTTCGGTGGGACGCCAGTTCAGCAGGGGCGGCAGCAAGATGCTCGCTGACGCCGAAGCGGGCGAGGACCCAGCGGTCCAGGCCCCACCAGCCAGCCACGCGCCAGCCCAGCACCAGCCACGTCGCCAGGATGAACAACAATGGATTGGTGCTGACCGTGCCAGCCAGCAGGTAACTGGCATTCATCACCCCGCCAAAGAACGCCGCGATGCCCGTGAACAGCCCCACGATCAGGGCCACACCAACGAAAACCTCGCCGTAGGCCACCAGATAAGAGAAGGCGGCGGCATTGGGCAGCGCCACATGTTGCAGGAACCAGGCGTACCAGCCCTGCACATCCGGGTGGTCACCGCCCGTCTTGGCCAGCGCGCCAGTCAGAAAGCCGCTGACGGCAGCTCCGGCTTTCTCGCCCACCCAGACTCCAGCGGGGTTGGTGATCTTTTCCCAGCCTGCGCTGAGCCACTCGTAGCCCACGTAGACGCGCAGGATCAGCCACAGTGGGGCCAGACGCGGATCGCCGAACAGCAGGCGGGAGATGGCGGGTTCTCTGAGGGTGGCGGGCGTGGGTGAAGTGGGGAGGGTGGTCATGGGCAAGTCTCCTGGGCGCGGCGGCGGGAGAGGTTATCGGGCTGTGGCCTCCGCTGCACCCCTCAAGTTCTACCTGCCGTATTACGGCGGCATTACGGGAGCCGAAAACTTGCGTGCGCCTTGACTCCCCGCGCCCCAGCCCCGATGCTGAGAGGCCCTATGGCCCGCACCGTCAACCCCATTCAGGACCGCACCCGGCGCGCTGGTCTGGAAAAGGCGGCCTATCTGGCGCTGTACGAGCGCGGCTACGCAGGGGTCACGCTGGCCAACATCGCCGAACACGCCGGGGTCAGCCGGGGCACGCTGGTGTATCACTTCGGCAGCCGGGCGGGGCTGCTCTCGGCGGTGATGCGGCGATTTACCCGCACCATCACGGTGGCGACGCGCCGGGCGCTGAGGCAGGCCGAGACACCAGACGCCAAGCTGCAAGCCTTCGTCGAAAACCAGTTTTACGGGGTCCAGAACACCCGGCGCTTCTACACGGTTTCACTGGACTTTCTGGCAGCAGCAACGCGTGACCCGGAGTTGATGGCCGTACAGCGCGACTTCCTGGGTCAGACGCTGGAGCTGGACCTGGAACTGGCGCGGCTGGCCGGTGAGAACGGCGCGGGGGCACGGGCGCGGCAACTCCGCGCGCTGGTGGAGGGTCTGAGCGTGCGCTTCCTGGCCGATCCCGAACCGGATCTGGCGGCCTACCGCGCCGACTGTCTGGGCGGACTGCGGGCGATTCTGGGCTGGGATTAGGCGTTCTGGCCGATGCTTTGCGGGGTGTCAGGGCGCAGGATGACCACATGACCAAACCATTACCCAACTACCGTTCCCGTGCCGCGCGGGCACTGGTGCTGCTGCACGACGAGAAGATGCGCGAGTTTCTGGATATCTGGCAGCGGGCGAAGGCGGCACAGGTAAAGCTGCCCGCCACGCCAGACGCGCACTACCAATCGCTGGAGCATTTGCTGTGGCATGTGCTGAACTCGTCAGCTACCTACATGGTCCGCATGTGCGCGCATCTGAATGTGCCAGACCCGCAGCCACAACCCATGCCCGAGATCGAAAATGTGGAGGCGCAGGCTGGAGCCTATCTGGACCGTCTTCTGGGCTGGTGGCACGTACCGCTGGCCGGGATTTCAGATGCCGACATGGAACCCGAAACGTACACGCCGGGAATGCACTACTGGATCGACGCCATGCTGGAACATGCGGTGATGCATCCGGTACGCCACAGCTTTCAACTGCGGGAACTGCTGGAAGCCCAGAGCCAGACAGGCTCAGGCACGCGCTAAAGCCAGCCCCTCCAGCGCCGCGGCGATCTGCCGCGCCCCTTCCAGCAGGCGGGGTCCGGGGCGGCCCAGCCCACTTTCAGGCACGGCAATTACGGGAATCCCCAGACCACGCGCTTCGATGACCTCGGGCCGCAGTTTTTTAGCGCCACACCACGAACACACGATCAGGTCCGCCTGTGCGCCCCGCACCTCGGCCAGGGTGAGCGGCGTGCTGCGTCCGGGACGCGTCTCCAGGGCATTCACCGCGCCCATTCCAGCCAGCAGTTCCGTGACCCAGGATTCGCGCGTGGCGGCGATGATCGGGCGGGGCCACCATTCCACCAGCACGCGCGGCGGGCGCGCATACACGGCGCGCAGGCTGGACAGGTCCGCCTCTAGCTGGGCAGCCACCTCCCGCCCCTTTTGCTCCAGCCCAATGGCCTTGCCGATCAGGCGAATATCATCCAGCGT
CP044990.1_gap45	1758479	1760731	2252	TCGCCGGGCTGCCCTATGACGCCCCCGTCTACACCGCCACCCCCAAGAACGCTGGACCCCTCCCCGAATTCGTGCAGGAGGCGGGCCGTGCCGCCCAGGTCAACGTGTGGCCCTTTGGCCGTGAGCGCGTGCTGACGTGGTTTGATCAGGAAGTGAAGGTGCGCTGAGAAGAAGCACCTTGACCCAACGAAACGCCCCTCTTCCACAGTCGGAGAGGGGTGTTTCGTCGTCTCCAATTGAGGAGATTCAGCTTTTCAGTACCACCTGAATCTCCTTGTAGATGGCGCGGCTTTCTTCCACGTTCTCGCCGTAGCCGCGCATCATGAAGCGGGTGGCCTCCTTGCCCCGGCCCAGGGCGCGGAGTTGCTCCAGCAGATCGTTGATGTGATCGCGCGCCTTTTCCATCTGCGGATCGCGGGGCGGTTCGGGGGGCAACGCGGCGGCAGCGGGCGCGGTGGGCAGCGGCGTCACCTCGTCCAGATCACTGGTGTTGGGGCCGTCCTCGGCATCGTATTCCACCCAGGGGATTTCCCCGGCGGGGGCCACACCAAAGGTGCGGGCAGCGTCGGCCAGGGCGGCCCATTTGGCATCGTCGAGGGTGTGGCCTCCTGACAGGCCCTCGCGGGTTACGCCCAGCAGGGTCAGGCGGGCGCGGACCACCGGGGGCTGCACGCTGTCGCAGGCCCAGGTCAGGCTCCAGTGCGGATCGGCGGTTTCCAGGTGCAGGGCCATCTGGTCCAGGTCCGGGGCAGGAATCACGCGCGCCTGATCCCCCCGCACTTCCAGGGTGGCCCAGGCGCTCATGCTGGCGCGAAGGGCCTCGCGCACACGGTCAAATTCAGGCATGTCTGGAAGTCTAAGGGTCTGAGGGTCTGAAAGTCTAAGGGCGAGGTTTTGCTTTCGTTTCCCTAGTTTCCAGGCGTCAGCGTCAGCGTGCTGACCTTGCCCCAGTCCTTCGCGTCGGTACTCATGGGCAGGTATTCCCCGGCGATCCACATGGGCTGCTGATCGCTGACATGCGCGCCCAGCGGGTTGCCGCCCTGCCCCAGACTGCCGACGAAGACGCTCTTGTTGAGATCACTCAGATCGACGATCTGGCGGTAGCTGGGGCCGTGCGTCTGGTTAAAAGTGCCCTGTTCGGGGCGGGCGACGTTCACGGTATTGGTGCCGCCGTTGGTGGGGGCGCGGTGGTTGAACAGCCACGCCAGCGCCTTGACGTTGCCGAACGCGCGGTGGTTGCTGGCGACGTGGTGCAGCTTGCCATAGGTCCAGGCCGACGGATCGTTTCCCACACGCACGCTCAGGCCATTCACCGCCGTTTTGAGGCTGGCGCTCAACTCAGCGGCACAGTTCTGAACTTTCGCGGCCTCGTCGCGGCACAGCTCGCCGTCGCCCTGAAGCTGCTTCAGCACACTCAGGCTGTTGAGTGTGGTGGTATTGCCCAGCTCATCCTGGGCCATTTTCTGCAACTCCATCAGCCACGCCTCGAAGATACTGGGGGCCACCCCATCCATACGCTCGTTGCCGTCCCAGCCGCGCAGCAGCTCCAGCGCCTTTCGGCTGAGGTCCCCGTCGGGCTGGGTGGTGAGCAGGGCGTCCTTCATGTCCTGCCACACCAGACTGGTGGTATCGAGCTGCACGGCTTTCACGTCCTGCACGGTCAGACCCTCGGGTTTGGCGGTCAACAGTTCGGTGATGCGGGCGGCGCGGTACGGCTCGGCCCAGTTGCGGATATTGCCCAGGTTGTAGGCGTAGCTGTCCGGCACGACTTTGTTGTTGGCCGTGACCACCAGACCATCGGCGGGATTGTAGGTATGGGGCAGGCCCTCGAAGGGGATGTACCCCGTCCATTCGCGGCTGCCGTCGCCACTGACAGGGAGACTGCCGTCCCAGCCGTCGCGAATCGGCACCCTGCCCGGCGCGTAATAGCCCGTGTTGCCGTCCACGTCGGCGTAGACAAAATTCTGGCTGGGGGCCACATAGGTGGTCAGGGCCGCCTTGAAATCGTCCCAGTTCTTCGCGTAGTTCAGGCCCATGAAGGCGTCCATCGTGGTGTCGCCGGGTTGCAACGCGGTCCACTTGAGCGCCACGCGCGGCCCCACGTCCGCCGCGCCCGCGTCGCTGACCACAGGGCCGTGCTTACTGGTGCGGACGGTCAGGGTCACGTCGTCGCCGCCCTTGACCTTGATGACTTCCTGGCGCTGGGTGAACGAGGCGTCGGCGGGTTCGATGTACAGGTCCTGCACATCGGG
CP044990.1_gap46	1763023	1765075	2052	GAGACGGTCACGCAGCCCGGCTGCCCCGCCAGCGCCTCGAAGGCGTTCTCGGTCAGGTTGCCCACCGCCGTGACCAGGGTATCGGCGTGCCGCTCCCAGACGGGCGAGAGACTGCTGCCCCCGGCCACCGCGAAGTCGATGCCCAGCTCCTGCGCCCGCTCGCGCTTGCCCGCCAGCAGGGCCACCAGACGCGGCACCTGCACGTCACGCAACAACTGCCGGAACTGGGCGTCCGCCTGAATCTCGGCGTTCAGCACGCGCAGGGCTTCTTCCGGGCGCTCCAGTTGCAGCAGGCCGGAAATGACGTGCAGGCGGTTCTGGTACTCGTGGGTCTGGGCGCGCAGCACGTCCACGAAACCGCGCGCGTGCGTGAGTTCCTCGGCCAGGGCCAAGGCCTGTGCTCGATCCCGGAAGCCGCAGACGAAGCCTCCACCCTCTAACGGCTCGATGTTCGCCAGCAGCGGGTCGCCGTTCAGGGTCAGTTCCAGATTCTGCTGCCGGGCCGCCACGCCGCCGCGCGTGAGCTGGGCCAGTTCGGGCCAGACTTCCGACAATAGATACGGCGTGGCCTGTTCGCCCAGCAGTTCGGCGGCCCGGTCACTGACTAGCGTGACCTTCCCGGACGCGTCCACTGCGATCACCCCTTCACGCAGGGCGGCCAGCACCGCGCGTTGCTGGCGGGCCAGGGTGGCGATTTCCTCGGGCTCCAGATTCAGAATTTCGGCGCGCAGGCGGCGGGCGGCCCACACTGCGCCCAGTGTGCCCAGCCCCAGCGCCAGCACGAACCACGGCAACAATCCAGTCAACGCCTCGCCCACCAGGGACCACACCTGCGGCATCAGGTAGCCGGTACTGACCACGCCCACCACCTCACCGTCCTCCCAGATCGGCACCTTGCCGCGCACGCTGACCCCCAGACTGCCGCGCGCCACGCTCACGATCTCGCGGCCCGCAAAGGGTTCAATGTTGTCGCCGCCCTCCATCGGCTGACCCAGCCGTTCGGGCACCGGGTGCGCCAGCCGGATGCCCATGCGGTCCCCCACCACGATGAAATCGGCCTCTGCCGCGCCACGCAGCGAATTGACCCGCGCATTGAGTGCCGGATTGGGCTGGCCCGACGCCGCGCCGCCCACCACTTCCGGCAGACGGGCCACCAGACGGCTGGTGGTCAGCGCCCGCTCGCCCAGGCGTTCGCGGGCCTCGCCGTACAGTTGCCAGCTCTGCACACCCACCAACAGCGCGGTCATCGCGCACAGCACCGCCAGATGCCACCGCACCAGACGGCCTTGCAGCCCTCCTCTGGGAAAGTTGGGACGGGAATGAAGGATGACAGTCATCAGGATAAAACCATCTTAGAACTTCCGCCTCTCGCCTACCGTGCCGAGCGGCGTGGTGACCCCGGCTGCGAGAGTCCCGTCCCGTGTTCGGCAGACCGCGCCGACTTGCGTGCATTGTGTTCACGGCTGTGCATTGCGCTCATCAAAAACTGCGTGCCAGACGGCCCTTCCCCCTTGCTAAGTTTTCGGTGAGAGGCTAGGCTTCATGTTACGCACAATCTATATCCGCGCCTCACCGCGCCTTTCCACGGAGGTTCCACCATGAAGAACAAGAAGATTGTCCTGACCCTTGCCGCGCTGCTGCTGGCCGCGCCCGCCACCCTGGCCCAGAACATCAACAACCTGCGGATCATGGCCCCGGCCAGCCCCGGCGGCGGCTGGGACCAGACCAGCCGCGCCATCCAGACCGTGTTGCAGGAGCAGAGCATCGCCAAGCCCGTACAGGTCTTCAACGTACCCGGCGCGGGCGGCACCATCGGTCTGGCGCAGCTTTCCAACGCCAAGGGTGACGGCAGCCTGATGATGACCATGGGCCTGGTGATGGTGGGCGCGATCCAGACCAACGGTTCCAAGGTGGACCTGAGCCGCGTGACCCCGCTGGCCCGCCTGACCGGCGAGTACGAGGTCATCGTGGTCCCCGCCGCCAGCCCCTACAAGAATATGGCCGATCTGGTGGCCGCCTGGAAAGCCGATCCCGGCAAGACGGCGTTTGCGG
CP044990.1_gap47	1787580	1788197	617	CCCGCCAGATGCAGGTTACGCAGGGCGGCGAGATTCGCTTTATGACTTCGCTATTGAAAGCGCGTGGGGCAGGGTTGCTGCCGTTGCCCGAAATGGAGATGGAGATGCCGGGGATGGGGCATTGAGGGGCAAGGGTGAGTGCAACGGTTTAACCCCTCAGTCGGCTTCGCCGCCAGCTCCCCTCAAGGGGAGCCAAGAGTCGCAATTGATCGTGCCACGGCGAAATCTCCTTGCCTCCCTTCTAAGGGGAGGTGGCGCGGAGCGCTGGAGGGGTTAAACCGTGGGAGCCACCCCTTACCCTTCTCCCTCTTGCAAAGCCTCCACTGGCAACGCGGGCGGCAACACCAGCGCCGACAAGGCCAGCCCTCCCAACCCGGTCATGACCGCCACACCCAGCCACAGTTCCAGGCTCAGGTTGCTGAGGCCCAGCCGCACCACGCCGCCCAGATACGGCACCCACACCGCCAGTGGCAGCAGAAAGGCAAACGTCCGGAAAGCCCAAACCCGCGCAGGCGAGGGCCGCAACAACACGCACAGCACGTCCGCCAGCAGGCCGCACACGAACGCCACGCCGGGCAAACGCCAGTCGCCGGGGGCGAGCATCAGGGCCATCGCGG
CP044990.1_gap48	1808900	1811409	2509	TTTCTTCAGCCACTCCTTGCCGCCATCCGGCCTGCTTCTGCCCTACCATAGTGGGATGACCCTTGTGAATTTCCCCCTCTCCCGGTTGCGGGCATGAAGCCCGAACAGGTGCAGTCCCAGATCACGCGCGTGCTGAGCGAGGCAATTTCCGGCCTGCGTGACCCGCGCGTGCCACTGATCGTGACCGTTGAGCGCGTGACCCTGACCCCCGATTTCAGTCTGGCGCGCGTGTATGTCAGTTCGCTGGGGGCCGACATGCCCGAATTGATTGAGGCCCTGACCCACGCGCGCGGACACTTGCAACGTCAGGTGGCTGATCAGGTCCGCATGCGCCGCACGCCCACGCTGGAATTCCGCTCTGCGGCGGACAATCTGCTGTGACGGACAGGCTGACGGGCGTCAGTGTTCATACCACCATTCGCGTGCGCTACGCCGAGACCGACATGATGGGCGTCGTTCACCACGCCACCTACCCGGTGTGGTTCGAGGTGGGCCGCAGTGACCTGATGCGCGAGCTGGGCTTGCCTTACACCGAGATTGAGGCACGCGGCTACTACCTGATGCTCTCGGGCTTGAACGTGGAATACCGCCGCGCCGCCCGCTACGACGACGGGTTGGTGGTCACCACCCGCATCTCAGCCCTCCGCAGCCGCACCGTGACCTTCGTGTACGAGGTCCGGCGCGGCGAGGAACTGCTGGCGACGGGGGAATCGCGGCATATTGCCACCAACAAGCAGTACCGCCCGGCGCGGATGCCAGACGACGTGATCGCGGCGCTGGGCGGCTGAGCCAAGGGAGAGAGGCCAGGGCAAACTGCTGAAAGCACGGCCAATACGGTGGCCCCTCTCCCCCGCTGCCACAGGTGGAGAGGGGAAAATACACGCCCCCCCTTTCCATAATCCAGACAATCAGTCCAGATAATCCCGCGCTTTCAAGTGGCTGGCGCGCAGGTTGAAGCGCTCGGCGTACTTGACCCCGGCCAGACGTCCGGCTCCGGCGCGGCCCTCGCGGAACAGTTCGTCGGTCCATTGCCACTTATAGAAGTCGCGGTAGTACGAGGCGATGGCGGCAGCGGTTTCCAGCGTGTCCTCAATGTCCACGAAGACCTCGGGATAGGGGCTGGCCGGGGCGAAATACTGGTAGAAGCGAATCGGATCGCGCCACGCTTCCAGACGGCGCACGTCCTCACCGCTTTCCACCGCGTCATCGCCACTCAGATCGGGGGCGGGGGGCATAGGCTCGCCGCCGCCCTGCTCGTTGACGATCTTGGGAATGCGGGCCAGCGTGATGGCATCAAAGGCGATCTTGGCGGTCATGCGATGATCCGGGTGCGGATGATCGTCGCTCCAGGTGATCACGGCGTTGGGGCGGAAGGTGGCGTACAGCTTTGCCAGTTGCAACGCCTCGTCGCGGTGTCCGGTCATACGGCTGTCGCCCATGTCAAAGAAGTGGTACTGCGCGCCAATTTTCTCAGCCACCCAAGCGCCATGCTCTCGCCGGATGCGGGTGACTTCCTCGTGCGAGGTGTCGCCAAACTGGCTGGCGAGTTCGCCCAGCGTCGTCCAGACCAGCATGATCTCGTCGCCGCGCGCCGCGTGTTTCGCCAAGGTTCCAGCGCAACCGATCTCGTCATCCGGGTGGGCAAATACAGCCATGATTCGCATGGGGCACAGGATAGACCCATCTCGCACAGTCAGGTCCCGGAAGCTGGGACGATCAGCGTACGAAGCGGATGCTCAGGGGGTAGTGGTACGGCTGCCCGGCGCTGACCCGCACCACCGCCACGATCATGAAGATGAAGGGGATGATGCTCAGCAGCAGCAGCAGCGGTACAAAGAACACGAAGAAGGCGGCGAAGGTGCCCAGAAAGGCAAAGGCCCCGAAATCCTGCGCTCCTGCCGCCGTGCCCAGCGCCCCGCCCAGGATGCCCAGACTGAACAGCACAAAGGCCAGAATGCCAATGAGAACGCCATACAGCCACATGCTCAGTTGAAAGTTCAGCGCCTCCTTGCCCTGCTGGTCCAGCGCCGGGCTGCGGTCCCGCAGGGCCAGCCACGCCACCAGCGGCCCCAGCACATTGCCCAGCGTGGGCAGCAGAAAGCCCGCCAGTGGCGACAGATGCGTCAGGACCGCCGGGGTGCGGTCAGCTTCGGGAATGGCGAGTGCGGTGCGGGTCATACTTGACAGTACGCGGCCCCCCTGCCTACAGTTCCGTGGATGACGCGCCCCCGAACTTCCTACCCCAAAACTGCCGCCCGCAAAGCGCAGGACAAAGCGCGTGACCTGCTGCCCCTGAAAGCCGGAATCCAGCCCTCTGTGCCAATTGATGGCCCGATTGCTGGAAACGCCGTGGACCTGTTCAGCGACGGCGCATGCGACACGATGGCCGGGCATGGCGGCTGGGCCTGCATCCTCCGCACCGGAGAGCATGAGCTGGTGCTGAGCGGCAATGAGGCAGGCACCACCAACAACCGTATGGAACTGCGCGGTCTGCTGGAAGGACTGCAAA
CP044990.1_gap49	1824001	1826305	2304	GGGTGAACGGCTGGCCGGGGTCAGCCACTCGTGTGACCATCCGGGGGCGGCAGGACTGCCCGTGCTGACGCGCTCTATCGTGGATTCCAGCGCGTCTCAGGCAGAAATTGACCGCGCCGTGAGCGAGGCCATGCGCGCGGGGCTGGCCCTGTACAGCGTGGATGGCGAATTGCTGGACGCCATCCAGCCCGGTCTGGTGGTCACGCAGGGCGTCTGCGAGGTCTGCGCGGTCACGCCGGGGACGATTGAGGCGGCGGTGCGTTACCTCCCTGGTTGCCTGCCTGCCGCCAACGTCCTGAGTCTGGAGGGCCGCAGCGTGGCCGGGATTCTGGACGATTTACGGGCTTTGGCGAAAGCTGCCGGGGTGGCGAACCTCGGAGAAAAACTGGCGGCCAACGCTCGGACCCGCTGGGACGCCATCCAGCCCGTCCAGACTGCGCCCCGCGTGATGACGCTGGAGTGGGTGGACCCCCCCTTCTACGGCGGCCACTGGGTTCCCGAACAGGTGGAGCGGGCGGGCGGCGTCAACGTGCTGGGCGCGGCGGGAACGGACAGCGGACGTGCTAGTTGGGAAGAAATCGCCGCCCTTGACCCCGACGTGATCGTGGTGATGTGTTGTGGCTACGGCCTGGAGAAGAACGCAGAATTTGCCCGCGAACTGCTGGCGAAAACCGAATTGCAGGCGGTGCGCGACGGGCAACTGTGGGCCGTGGACGCCAACGCCCATTTCTCCCGCCCGGCGCTGGGCGTGGTGCGCGGCGCGGAAGTGTTGGCCGAACTGCTGCGCGGGCGCGAATATGTGGGCGAGAGCGTAAGACTGCTCAGCCAGCCAACCTCGGCCTGACCTACGCAAGCGCCTGAGCGTGGGCATCGGATACGCCCGTGTCCAACCGCAGCAACGGCGCGTGAAGCTCCAGTGGTTCCCAGTTGGCGTTCTCGGGCAGTTTGTCGTGGACGCCAGAATGGTCAATAAAGGGACGCAGTTGCGACTCTACCCGCACCGCATGACGGCGTTTCAACTCGGTCATGTCGGCAAAGCAGTGGATTTGCAGTATCTGAGCGTGGTGCTTCTCGGCAAGTGGGATAACGTTCTGCTCGCTCATCCCCGGGTAAAAATGGGTTTCCAGAATCAGGCTCTGCCGCGCCGTCAGGATGGCCTCGGCAGCCCGGAGCATCACGAAATAACCCGCCTTGCCCATTTCACTGTGACGAGCGAGGCGCTCCTCTTCGGGCAACAGGTCCAGCAGGACTTGCTTGTAATCGTCCTTGGAGATGACTGGCAGGGCAAGCTCACGACCCAGAAACGCCGCCAGAGTTGTTTTCCCGGCGGCGGGCAGGCCCGTGATAACGATCAGAACAGGAGCCGTTTTCAACCCCTAGACCCCAATCGCCAGGATGATCTTGTGGATGACCCAGCCCAGCGCGATGCACGTCGGGATGGTGAATACCCACGCGCTGACGATTTTCCCAGCCACCTGCCACTTAACCTTCTTAAAGCCCTTGGTGGTCCCCACGCCCATGATCGCGGTGCTGATGGTGTGCGTAGTGCTGACCGGAATGCCTAGGCGGCTGGCCGTTTCAATGATCAGCGCCGCACTTGTCTCGGCCACGAAGCCGTCCACGGGTTTGAGGTCCACCACCTTGAAGCCCATCGTCTTGATAATGCGCCAGCCGCCAATAGCCGTGCCCATGCCCATCGCGGTGGCCGCCGCCAGGATGACCCACAGCGGCACGGTCTGCATCTGCGTCCCGAAATACGCGCTGAGGGCGAAGGTGATGATGCCCATCGTCTTCTGGGCGTCGTTGCCGCCGTGCGAGAAGGCCATGAAAGCGGCGCTGAGAATCTGTGCCCAGCGGAAGGTGCGCGTGACCGTGCGCGGCCTCATCCACCTCAGCACCAGCCAGGACAGCAGGAACATCAACAGAATGGGGATCATGAAGCCCAGCACCGGACTGGTCAGCAGCCCGGTCAGGGTTTTTTGCACGCCTTTCGGGATGATGATGCCCCAGCCCCCAGCAGCCACGCCCGCGCCCACCAGACTGAAGATCAGCGCGTGACTGGAGCTGCTGGGCAGGCCCTTCCACCATGTAAACAGGTTCCAGCCGATGGCGCTCAGCAGCGCTGCGCCCACCAGTTCCAGCGTGGCGTACTGCTGCGAAACGATGTCCTCGCTGACCGTTTTGGCCACCGCCGTCCCCGTGAGTGCGCCCACCACGTTCATCACGGCGGACATGGCAATCGCCTGCGCGGGCGTCAGGACCCGCGTGGCGACGGAGGTGGCGATGGCGTTGGCGGTGTCGTGA
CP044990.1_gap50	1836154	1840809	4655	TGAGGGGGGCAGGAAAAGCAGTTAAAGCATCGTCCGTCACATATAAAAAAAGCTCTGGCCATGTAGAAAGGGCCGGAGAGGGTGAACATGCCAGCGCTAGTGGGTATCCGTCGGCAGATATTCAAACTTCGCGCCCAGTGCCTCCAAGTGACGGAAAAACAACGGGTAACTCTTGCGGATGTGGTGCGCGCCGGTAATCCGAATGGGCGCGTCGGCCCGCAGCCCCAGCAGGGTCAGCAGCATGATCATGCGGTGATCGCCATGACCATCGGCGGTGATGCCCCCGGCAATTTTGCCCGTCCCGGTGATGCTCAGGCTGTCTGCCGTTTCCGCCGCGCCGATGCCCAGCCGCTCCAGCTCGCGCCGGGTGTCGCTGATGCGGTCACACTCCTTGAGGCGCAGCGTGGACACGTTTTCCCAGGTGGTTTCGCCCCCGGCTAGCGCGGCGGCGGCGGTCAGCGCCTGCACCGCGTCGGTAAAGCCGTCCCCATCCCGCGTAACAGCGTTCAGAGGCTGGCCCCCGCGCACGATCAACGTATCTCCCTCTCGCACGATATCCGCGCCCATCTCGCGCAGCACGGCCACCGCCTCGCGCTCGCCCTGAAGGTCATTCTCGCGCAGGTTGCCCAGGCGGACCTCGCCGGGGAGCAGCGCCGCCGCCGCCAGAATGGCCGCCGAGCCAGGATAATCGCCGGGAACGGAGACGCGCCCGGCCCCATACTTCTGCCCGCCAGCAATGGAAATCCGGCTGAGGTCCTCACTGGCGCTGAAGCGCACGCTGAATGCGCCCAGCGTGTCCAGCGTCTGCCGCAGCGGGGCATGGCTCTTGATCTGTCCGGTCAGGCGCAGGTCCAGGCCACGGGGAAGCAGCGGCCCCAGGAAGATCAGGGCGCTGGCGTACTGGCTGGACTTCTCGGCACTGACCTCCACAGTGCCACCTTGAATCGGGCCGGAGATGGTCACTGGCAGGCGTCCACCGTTGCTGCTCACGCGTGCGCCCAGGCGTTCCAGCGCCGCTAGCAAATCACCTTGCGGACGCTTGCCCAGCGAGTCGGGGTAATCGGTGACGAAGGTGGTGTCCTGCGTCAGCGCAGCCACGCCCATCAGAAAGCGGGCCACTGCGCCCGCGTTGCCAGGATTGAGGGTCACGCCTGATCGGGGAACCGCGCCGAATCCTCGGATCACGGCGTCGTCGCCCACCAACGACACGCCCGCACCCCAGTCTTCCAGGCAGCGCAGCATGGCCCCGGCGTCCTCGCTGGTGGCAATGCCTACCACGCGGGTCTCGCCCTCGGCCAGCGCCGCCGCCAGCAGGTAGCGCGTGGTGTAGTTCTTGCTGGGCTGGGCGCGAAGCTCGCCGTTCAGGGCCTGGGCCGGGTGGACGAGAACATCGAATGTTTCTGGTAATTCGGGAGTGGGCAGGCCATCTGGACTCATGCAGGCAGGCTAGCGCCGGAAGGCAACGCAGGCGGAGCGGCTGTCTGGAGGAAGCGACGCCCCCGTGATACCCCGCTCCCAGCGAAAGCGGAGACAGATGGAGAGAAACCGATGGATGCCACCCCTTTCAAACTCTCTACAGCCCAGGAAACCGCCACCCAAGCCGCAACCGAAGGCCGTCGGGCGCTCAGCGCACGCGCCGAACGCAGCGTCACGGAGCCGGGCATCAGACCCGGAGGCCGCCGCACTTTCCCACCCACGATGCCCAAGAACTCCTGCCTAGCGCAGCGCCGCTCCCCCTGCCCCCCTGGGGTAGGAGGCTGGGGGGCGGGGTCTCCCTTGTCTACTTTCTGACCGCCGCTCCCCCACACGTCTCCCCTATCCTCACCTTTATGAATGCGGCGCGAATTATTGGCAGGTCAGGGGAAAGCACCTGACAGCCGCCGCGCTGCCCAGAGTTTCCCCCGCCACCGACGCGGGGGCTTTTTTTGCATTCAGTACGGAGGATAGACCCATGATCCAGACCCAGGAATTTGAACCCGGCCAGATGGACGCGATGGATGTGCTACGCCTCGCCCTGACCGGGAAGGTGTACGGCGCGGCCATCGAAACCCCGATCAGTGCTGCCCCCGGCCTGAGCAAACGCACCAGCAACCGCGTGTTGCTCAAGCGCGAGGACTTACAGCCCATCTTCTCGTTCAAGCTGCGCGGCGCATACAACAAGATGGCGCAACTCTTACCGGAACAGCGGGCAATGGGCGTGATCACGGCGTCGGCGGGCAACCACGCGCAGGGGGTGGCCTACGCCGCACAGGAACTGAAAATGCGCGCGGTAATCGTGATGCCCGCCACGACGCCCGAGATCAAGATCGAGGGCTGCCGCGCCCGTGGGGCCGAGGTGATCTTGCACGGCGACAGCTTCAGCGACGCCGAAACCCACGCCTACGCGCTGCAAAAGGAGCTGGGGCTGACCTTCGTGCATCCCTTCGACGATCCCCTGGTGCTGGCCGGACAGGGCACAGTGGCGCTGGAACTACTGCGCCAGGTAGAAACGGGCAACGGCTACACGGTCTTCGTACCAGTGGGCGGCGGCGGATTGATCGCGGGTGTGGCCAGCGTGATCAAGGCCCTGCGCCCCGATGTGAAAGTGGTGGGCGTGGAACCAGACGACAGCGACGCCATGTACCAGAGTTTGCAGGCCGACACGCGCGTGCGGCTGGACTCGGTGGGCATCTTCGTGGACGGCGTGGCGGTCAAGCAGGTGGGCGCGTACACCTTTGACCTGACGCGGCGCTACGTGGACGACTGGGTGCGCGTCAACACCGATCAGGTCTGCGCGGCCATCAAGGACGTGTTCGACGACACCCGCGCCGTGATGGAACCCGCCGGGGCGCTGGCGGTGGCGGGCCTCAAGAAATATGCCCGCGAGAAGGGTATTAAAGATGAAACCCTGGTGGCCCTGACCTGCGGCGCAAATGTCAACTTTGACCGCCTGCGCCACGTCTCGGAGCGGGCCGAGATCGGCGAACAGCGCGAGGCGATTCTGGCCGTGACCATCCCCGAGCGGGCCGGGGCCTTCCGCGAATTTATCGAGGTGATCGGCGCGCGGGCCGTGACCGAGTTCAATTACCGCTACGCCCCCCGCAGTGAGGCGCAGATTTTCGTGGGCGTGCAACTGGCCTCTGCCGGACAGCGCGGCGAACTGGTGGACACCCTGACCGCGCGGGGATACGCGGTGCTGGACCTGACCGACGACGAACTGGCCAAGGTGCATGTGCGCCACATGGTGGGGGGCCGCGCCCCGGAGGCCGAGGGCGAGCGCGTCTATTCCTTCACCTTCCCCGAACGCCCCGGCGCACTGCTGGAATTCCTGACGCACCTGCACGGGCGCTGGAACATCAGCCTGTTTCATTACCGCAACCACGGCAGCGCCCACGGACGAGTGTTGGCCGGAATTCAAGTGCCGGAAGGCGACGGAGCCGACTTCGCCACCTTCCTGCGCGGGCTGGGCTACCCATCAGACGAGATGACCCAGAATCCGGCATATCGGCTGTTCCTGACCTGAAGGATCTGAGCTATAACAGGATGGTGCAGCAGGATTGCAGGGTTCAGAAAGCTCCGGTCTCATCTGTCCCTGACCTGCCCCACCGCACTCAAGACCTCGTTCCAAAGGTAAACATCAGCTTGCAGGGCGGCCCGACAGAGGAAACCAGGGGCACAGAGCCGCTTCCATCTGGGCGTGACCTGCCCGCGCTAGCCTGCGCCCATGCGCTTCCTGGTTGTCGAGGATGAACCCACCATTCGCCGCCCGCTGGTCGCCAGCCTGCGCGAGGCGGGCTACGCGGTGGACGAGGCGGCCTGTGCCCGCGAGGCGCGTGAACTGGCCCTGGCCATCCCTTTCGACGCCCTGATGGTGGACGTGGGCCTGCCCGAGGGGCCACTGGCCGGCTTTGAGCTGGTGCGGGAACTGAGAGAAAACGGCTCAAGCTGCCCAGTGCTGTTCCTGACCGCACGCGACGCCGTGGAAGACCGGATCGCGGGGCTGGATGCGGGCGGCGACGACTATCTGGTCAAGCCCTTTCACCTGGGCGAGGTGCAGGCCCGGCTGCGGGCGCTGGTGCGCCGGGGCCGCTCGGAACCGCAAAGCACACAGGTGTGGCAGGATCTGCGGCTGGACTGGAATGCCCGCGCGGTGTTCCGGGACAGCGCGCGGGTGGCCCTGACCGCCAAGGAGTTCTCGCTGCTGGAGGTGCTGGCATCACATCCGGGAAGGATCTATACCCGCGACGAACTGATCGACCGGGTCTGGGACGGGCGGTTCGATGCCGAATCCAACGTGGTGGACACCTATGTCCGCAACCTGCGGCGCAAGCTGGGCGACCCGGTGGTGCAGACAGTGCGGGGCCTGGGCTACCGCTTCCCAGATGCTGGGCCGGAAGTCTGACCCACACACGGACCATCTGCTGAATGCTTCCGCCATTGCGCCGCATACTTTCTCTCAGATGACCCTGCGCGCCCGCCTGACCCTGCTGACCTTCAGCATTCTGCTGCTGAGCCTGCTGGCCTCTGCGGGGGTGGCGGGAACGGTGCTGTGGCGGCTGGAACTGAGCAGCATTACCCGGCAGATCGGGGCACAGGCCAACGCGCTGCTGGCCGTCGCGCGGGCGACACCGGGCACGCTGCCCGACAGGGCCGAGAACCTGCTGGAAGTCGACGGC
CP044990.1_gap51	1846320	1850922	4602	GCGATGGGTCTTGCCACCCCGGTGAGCATCATGGTGGGCAGCGGGCGGGCCGCGCAGATGGGCGTCCTGTTCCGCAGCGGGGCCGCGCTGGAAGGTCTGGGAGCCGCGCAGGTGGTGGCCGTGGACAAGACTGGAACAGTGACGCAGGGACGGCCCGAAGTGACGGAGGTCATTGTTGATAGTGGATGGTTGAAGGGGAATGGAGAATTGCTCCGGCTGACTGCCGCCGCCGAAGCGTCCTCCGAACACCCGCTGGCACGGGCCATTGAGCGAGCAGCTCTGGGTGAGGAGAACAACGTCAACACCCTCTCCCCTGCCACAGACTTTCAGGCCATTCCCGGCTACGGCGTGCAGGCTAGCGTGGATGGCAAGCGCGTGGAGGTGGGCGCGGCCCGTTACATGGCAAAACTGGGTCTGGAATTGGGCGATTTGACAGCGCAGGCCGACGCTCTGGCAAAACGCGGACGCACCCCCGTTTTTATCGCCGTGGACGGCCAGCTTGCCGGGCTGCTGGGCGTGGCCGATCCGGTGCGGGTGGGCAGCGTGGACGCCATCCGTACCTTGCAGCAGCAGGGAACCGAAGTTGCCATGATCACGGGCGACACCCGCGCCACCGCCGAAGCTGTGGCCGCTGAAGTCGGCATTGAGCGCGTGCTGGCCGAAGTCTTGCCCGAAGGCAAGTCGGACGCCGTACAGGAGCTTCAGGCTGGGGGCCGCAAGGTGGCCTTCGTCGGTGACGGCATCAACGACGCCCCCGCCCTGGCCCGCGCCGACGTGGGCGTGGCGATTGGCACCGGAACGGATGTGGCTGTGGAGACGGCAGACGTGATCCTGATGTCCGGTGATCTGCGCGGCGTACCGAATGCCATCGCCCTCTCGCGGGCCACGCTACGGAATATCCGGGTCAACCTGTTCTGGGCCTTCGGCTACAACATCCTGCTGATTCCGGTGGCGGCGGGCGTGCTGGCGGCGTGGAACATCAGCCTCTCCCCGGTGCTGGCAGCGGCGGCGATGGGCCTGAGCAGCGTGTTCGTGCTAAGCAACGCGCTGAGACTGCGGGGCTTCAAACCGCCGCTGGGAGGCGAGGGGCAGGCGGCTTCACGTCCGGGCAATGCGGCAACGCCGAAACTCACGCCTCCAGTTTCCTGAATCCCAGCCCCTTCCCCTACTTTGAGGCACGAGACAGTTCAGCGGCGGACCTGATCAACAGAGGTCCGCCATTCTTTTGGAGTCTGATTGTGCGGGTTTTAACCCTTCTTCCGCGCCGCCCACGCCCCGGTACTCCACAGCGCCCACGCAATCAGTACCGGCTGAAAGAACAGGCGGATCAGGCGTTTGCGGTCCGTGTCCAGCCCGAAAGCGTCGCTGTGGGTCAGGTATTGCGAGATGTTGCCGGGAAAGACTGCTACGAAGAAGGCGGCCATGATCCACCCTACTGTCACCCGCTGTCTGGGCAGCGCCATCAAGGCCACGCCCATGCCGATCTCCACCACACCGGAGGCCAGGACCACGAAATCCTGATTCAGCGGCAGGCTTTCGGGCACCTGCGCCTGAAAATCCTGGCGTAAGAAAGTCAGGTGGCCGGTTCCTGCGAAGGCGAGGGCCGCGCCCAGCAACACGCGGGCGGCAGTCTGGATAGGAGATACGCGGGAAGTCATGTTCGGCAGTGTGACATGCCCCAGCGGGCCGCTCCACCTTTTTGTTATACAGATGCACCCTGCGGTCCGCCCACCTCCGACATAGACTCTGATGATGTTCTCAAACCCCCCTTCAGGACTAGACGTTCGTTTCGCTTTCGCCTATACTCCGGCGGTGTTGTTATGTTGCTAGCAGAAATTATCAGCGTGGGAACAGAGCTGCTGTTTGGTGAGATCGTGGACACCAACGCGGCCTTTCTGGCACGCGAACTGGGCGAACGGGGCGTCATCCTGCACCGCAAAACGGTGCTGGGCGACAACCTGGGACGCGTCAGTGCGGCCATTACGCTGGCCCTGTCGCGCGCCGATCTGGTGATTCTGGGCGGCGGCCTGGGACCCACCGACGATGACCTGACCCGCGAATCCATTGCCGACGCGCTGGGAGAAACGCCGGGCGAAGACCCCGAATTACTGGCGTGGTTGGAAGGCATGTACGCCGCCCGTGGGCGCGAGATGCCGCAGGTCAACCGCAAGCAGACGTGGCTGATCCCCAGTGCCGAGGCGCTCCCCAATCCGGTGGGAACCGCGCCGGGCTGGTTCGTGCGGACTGGGGGTAAATATGTCGTCGCCCTGCCCGGCCCACCCCGCGAGATGCACAAGATGTGGCGTGAGCAGGTACTGCCGCGTCTGCCGCTGCCGGATCACGCGCTGGTTTCCACCACCATCCACACCCAGGGCATCGGCGAGAGCAACGTGGCCGAGCTGCTGGCCGGGCTGACCCAGAACGCCAATCCCAGCGTCGCCACCTACGCCCGCAAGACCGGCGTGGACGTGCGCGTGGCGGCCAGCGCCGAAACTGAAGCGCAGGCCCGTGAGCTGATGGCCCCGCTGCTGGAAACGGTGCGTGCCCACCTGTCGCGCTGGACCTGGGGCGAGGACGGGCAGACGCTGGCCGGGGCGCTGGGCGACGGATTGGCAGGCCGCAGGTTGGGCGTCATTGAGGCAGGCAGTGCAGGTGCATTGTGTGGCCTGCTGGCCGATACAGCGGGCTTTCTGGACGCCGCCGTGACCGGGGACCACGCCCGCCTGATCACGCTGGGCCTGACCCCCGTGACCCTGCGCGACGCCGGACTGGTCAGCGAGGGGGCCGCGCTGGAACTGGCCGCCGGGGCGCGTGAACACCTGGGCGCAGACATAGGGCTGGCCGTGGTGGTCAGCGTGATGGGCGAGAACGCCGGGCAGGTTCACGCCGCCGTAAGCAGCGAGAAGGGCCACAAGGCCGCCAGCGTCAACTGGCCCGGCGACGCCGCGCAGATGCGCGAACGTGCCGCCGTGACCGCGCTGGCGCTGGCATACCGGGCACTCAGAGCAGGCGGGGAGCTGGCATGAAGATCAGAAAATCGCAGACTAAGCAGAAAGCAGAACAGAAAGCAGAAAAGCCGCGTATATCCGATCTGAACGCCGCTTTGAAGATAAGGGCGGAGGCCGACTTGCCCGCCGCCCCGGTTCAGGGGGTCCGGCGGGTGACCCAGCCGCGCCGGAAGGACGAGGCCGAAGCCAGCGCACCCCGCAAAGCGCAGGAGCAGACCGCATCGGCGGAGTTCAGGCAGCGCACCGAGCGTCAATCCGCGCAGGCCACGCGGGGCAGGCAGGCTCCAGAGGAACACACGCCCACCACCGGACGTTTCTTCTATGCCCTGAAGGTTCCCGCCAGCATCACTGGCCCGCTGTCCGAGGCGCAGCGCAAGCTGAAAGGCAACTGGCGCACCACCGGGCGCGAGCAGATGCACGTCACGCTGTGTTATTTGCCGTCCGCACCGCTGGACCGACTGGCCGAACTCAAGGTGCTGGGTGCACGCCTGACGGAGAATCTGGGACCGATGGACGTCAAGTTGCGCGGCACCGGCTACTTTCCCAACGAGGGCAGCCCGCGCGTGTGGTTCGTCAAGGTGGAGGCCGAGGGACTGGACGAACTGGCCGCCGCCCTTCGCACCGGGGTGCAGGACCTGGGCATAGAAACCGAGGAACTGGGATTCAAGGCCCACATCACCCTGGCCCGCCGCAAGGGACCCGCGCCGCGCGTGCCGCCTATGAATTTTGAACTGGGCTGGAAGGCGGGCGGGGCGACGTTGCAGCGGTCACATCTTCAGAAGACGGGGCCGATCTATGAGCAGGTCAGTACCTTCCGTTTTCAGGTAGAAAGTCCAGCCGCAGCACCACCAAATGAACACCCTCCCACTGACAATCCGCCCTCTCGTACACAGCAAACAGAAGCACAGGAGCCATCATGAGCAAAGAGAACCCCAAGGAATACAGCGCCGCCCCCAGCGACAGCAAGGAGCGCCAGAAGGCCATCGAAACGGCGATGAGCCAGATCGAGAAAGCCTTCGGCAAGGGCAGCATCATGAAGCTGGGCGCGGAGAGCAAGCTTGATATTCAGGTGATCTCCACCGGTAGCCTGTCGCTTGATCTGGCGCTGGGCGTGGGCGGTATTCCGCGCGGGCGCGTGACCGAGATTTACGGCCCGGAAGCGGGCGGCAAGACCACGCTGGCCCTGAGCATCGTGGCGCAGGCGCAGAAGGCCGGGGGGACGTGCGCGTTTATTGACGCCGAGCACGCCCTTGACCCGGTCTATGCCCGCGCGCTGGGCTGCAACACCGATGAACTGCTGGTGTCCCAGCCCGACAACGGTGAACAGGCACTGGAAATCATGGAATTGCTGGTGCGTTCCGGTGCAATTGACGTCGTGGTGGTGGACAGCGTGGCCGCCCTGACCCCCCGCGCCGAAATTGAAGGCGAGATGGGCGACAGCCTCCCTGGCCTCCAGGCCCGCCTGATGAGCCAGGCGCTGCGCAAGCTGACCGCGATCCTGTCCAAGACGGGAACCGCCGCCATCTTCATCAACCAGGTGCGCGAGAAGATCGGCGTGATGTACGGCAACCCCGAGACCACCACCGGGGGCCGC
CP044990.1_gap52	1853942	1858380	4438	ACCTGCGCGAACAGGTGCCCGCGATTGCCACGCTGGTCCTGGCCGGGATTGCCAATTTCGCCGTCGGGGCCGTGCTAGGAGGGCTGTTCGTGGTGGGCCGGATCGCGTCGGGCAGCTAAATCTGCTGGGCACCACAAAGGAGCGGGCGAGGCCATACCAGCCTCGCCCGCTATTCGTTTTCCGTCTCTTTACTAATCTGCTGATCCGCTCTACTGATCCGCGTAAACATGTACCGCCACTTCCAACATGCCCTGGCCGCCGCCAAAATAGGTCCCGCGCACCGGAGAGACGTCGCTGTATTCGCGCCCGTGGCCGATCTTGATGTGTTTTTCCAGCGCCAGACAGTCGTTGGTGGGATCATAGCCCAACCAGCCGTAACCGGGAATTAGGCACTCCACCCAGGCGTGGGTGGCCTCCGCGCCGCGCATCTCGCCGCCGCTGTAGAGGTAGCCGCTGACATAACGGGCCGGAATTCCCAGTTGCCGGGTGATGCCCAACATGGCATGCGTAAAGTCCTGGCACACGCCATGCCCAGTCTGCGCGAACTCGGCCAGCGGGGTCCGCACATCGGTGGCCCCCGGATCATAGGTAAAGCGGCGGCGCAGGTGACTGGTCAGTTCCAGTAAAAATCCGGGCAGGTCGTCGTCGGGGCCAGGGCGGGCCACGCCGAACAACTCGGGCCATCTGCCGCTGGGAACACGCGGGCTGGGGACCAGAAATTCGGAGTTGCGCCCACGCTCGGGCCGCAGTTCGCTGAATGGTGTGGAAATGGGCAGCGTGACGGCGTGCGTGTCCACAATCGCCTGCGCCTCGATCAGCAGATGGCGGTGGTGTTCGTGGACGTGAACGTGGTGGACAATGGCCCCGAAGTAATCCTTGTGCGAGGTGATCTCGGCGTCAGGGGTCACGTTCAGGTGAAACAGCCGCACGCTCTGGCGCGTCTCATTGGAAGGATGCAGCCTGACCTGGTTAAAGGAGTTCCAGGCGGGCTTGGGGTAGTGGTACTCGGTGGTGTGCCGGATTTCGCAACGCATAAGTGGGGGAACCCTCTAGCGGTTCTGCCGGGCAGTCTGACATGCCTCGGGAAAGCGAATGTGGCGCAGGGCAGACGAATCGGGGACAGGCAGCCGCAGAGGCCGCCTCATTCCTCCTCGAAATAAGCCGAGGTAATGGCCGCGCCGACACGGTTGAAGTCCTGCACCAGGGTCTCGAGGCCCGGATCTTCCTTCTCGATAATGTCGTGGACGCGGGCATATTGCAGCCGGGCCACCAGCCAGCGCGACAGCCGCAGAATCTCCGGGTGTGCGCCGGGATGATGGCGGTCGATCTGCTCCAGCGCCTCGCTGAGATTCATGGCGCTGTACCGTGCGCTGCGCGGAAAATACTCGTCCAGCAGCAGGAATTCGGTCACACGCATGGGTGTGATTCCGGTCTGCACGCGCTTGCGGTACGCCTCGTTGGCGCTGGCCCCCTTGAGGGTGCTGACCCAGCGCTGGTCCTGCAAGGCGCGGCCCGCCGGATCGCCGCGTGCGGCCAGAGCGTCGGCGTCTTTGAACCGGCTTTGCAGCACGCGCAGGGTATTGTCCCCGCGTTCCAGCATCTGCCCAGCGCGCATGAACGACCAGCCCTCGTCGCGCGGCAGGGTGGCAAAGGCGATCCCGAAAAAGAACTGAGAGGCGTCACGCGCGGCGGTGCAGTATTCGAACAGGCCGTCGCGGTCCAGCACGTCTACATTCTCAAAACATAGCGTCAGGTAAGAGCGGTTCAGCGATTCCCACATTTCGCTGGGCAGGCGGTCACGCAGGCCACGGGCGTTCTCGCGGGCGCGGGCCAGACTGCTGGCGATGCTGGAGGGATTGTCACGGTCAAAGGCCATCCACGAACTGACGCTGCGGGCATCCAGGCGTCCGTACTTGGCGCGCAGTTGCGCCTCGCCCCCCGTCAGTTCCAGCAGCGGCGTCCAGTACTCACGGGCGCGGCCCGAGATTTCCAGGCCAGCGTAATAATTGACGTTCAGCAGGCGGGCGGTGTTCTCGGCGCGCTCCACGTAACGCCCGATCCAGAACAGGTTCTCGGCCAGTCGGGATAAGAGCAGCATTATTTGTCCTCCCCGGCTGAGTTTTCCGGCGCGGTATTTTCTAACACAGAGCCGTCCAGAGCGGCGTCCTCAAGAACGTCTTTCTCCAGTTCCTGCTGATACGAATGCCCTCCCGGCGAACTCTCGGGCTGGGGCTGAGACTGCGACTGGGTCTGGGATTGCGAACCGCCACCGGACTGACCTTGAGATTGAGACTGGCTCTGGCCGTCGCCATGCATCATCTGGTTCTGGCTCTGCGGCGTCACCGGGCCGTCGTGGTCCAGCACCCAGGTGTCCTTGCTGCCGCCGCCCTGCGAGGAATTGACCACCAGACTGCCGCGCCGCAGCGCCACGCGGGTCAGGCCGCCCGGCACGATGGTCACCTCGTCCTTGCCGCACAGGATGTAGGGACGCAGGTCGATGTGCGCGCCCTCGAATTCGGCGCTGTCAGGGTAGAACGTCGGGTGGCGCGACAGGCCCACCACCGGCTGCCCGATAAAGTCGCGCGGATTGTCCTTGACCTTGACCAGAAATTCCGCCACTTCCTCCTCAGTAGACGCGGGGCCGATCAGCATGCCGTAGCCGCCCGCCTCGCCCACGGCCTTGATCACCATGTTGGCGGCATTGGCCAGGATGTGTTCCAGGTGATCCGGCTCGCTGCCCAGGAAGGTGGGAACGTTGTTCAGCAGCGGTTCCTCGTTCAGGTAATACTTGATCATATCGGGCACGTAGGCGTAGACGGCCTTGTCGTCGGCCACCCCGGTCCCCACGGCGTTGGCGATGGCCACGCGGCCCTGGCGGTAGACCTCGATCAGCCCGGCCACGCCCAGCGCACTGTCGCGGCGGAAGGCCAGCGGATCGATGAAGTCGTCGTCGATGCGGCGGTAGATCACGTCCACCTGCTGCCGCCCGCCGGTGGTCCGCATCCAGACCCGGCCCGCGTCCACGAACAGGTCCCGGCCCTCGACGAGTTCCACGCCCATCTGCTGCGCCAGATAAGCATGTTCAAAGTACGCGCTGTTGTACATGCCGGGGGTTAAAACAACGACCGTGCCATTGTCGCGCGGGCTGACCGATTGCAGTAGCGAGAGCAGCGAGGTGGCGTAATGCTGCACCGAGCGCACGCCCTGGCCCTCGAACATCTTGGGATAGATGCGCCGCATGGCATCTCGGTTGGACAGCAGGTACGACACGCCGCTGGGCGAGCGTAGGTTGTCCTCCAGCACCAGATACTCGCCCCTCTCGTCGCGGATCAGGTCACTGCCGACAATGTGGGTATAGATGCCGCCGGGCGGCGTGACGCCGTGGACCTCGCGCCGGAAATGGGCCGAGGTGTAGACCAGTTCACTGGGAACGACGTTGTCGTTGAGAATCTGTGCGTCGCCGTAAATGTCGTTCAGGAAGAGGTTGAGCGCCTTGACGCGCTGGGTCAGCCCCGCTTCGAGATGCGCCCACTCGGAGGCCGGGATAACGCGCGGGACCGGATCGAAGGGAAACGTCCGCTCGGTGCCCTTGGAGTCGCCGTAGACGGTGAAGGTGATGCCCTGGTTGCGGAAGGCCAGATCCAGCATGCCGTGCCGCCGCTGAAATTCAGTGACACCCAGAGAATCGATATATTCCTGCAAGCCCTGATAGTGCGGACGCACCTGCCCGTCCGCCGCAAACATCTCGTCAAAAAAGCTCTCGCCTGGCTCATATTTCATGCGCCTGTCCCCCTTGTGTCGTGCTGGTGAATGCCCGCAGGATAGCGGCTCGGCAGGACCGGGAAGGCAGTGTGGCTAGGCGAACTCCTTATGGTCCAGCGCGGCGCGGGCGAAGCGGGAAAGGAAAAACGCGCGCTGAATGGGGCCAGGGCGCGGTTTTCTGAAGCTGTGTCTCTCCCCTACCCCTCGGTTCCGGTCAGTGGCGCGGCCCCCTCCCCGAAGGCCACTTCCAGGCGCGGCAGCAGCCTGCCCTCGTGGGCGCGGGCGGCACGCAGCAGCGCGTTCTTGACGGCGGTGGCATTGGCCCCCCCATGCCCGATGAAGGCCAGTCCCTTCACCCCGATCAGGATGCTGGCCCCGTAGGTGCTGGGGTCCATCCGGTCAGCCAGCCCGCGCAACGATCCGCGCACCAGCAGGCCGCCCAGCTTGCTTTTCAGGCCGCTGTTCAGAGCGTCGCGGATCCAGCCGAACATCACCCTGGCCTCGCCTTCTGCCAGCTTGAGGACCACGTTGCCGGTAAAGCCGTCGGTCACGACGATATCGGTGGTCCCCAGGAAGATGTCGCGGCCCTCCACGTTGCCGTGAAAGTTGATGCCTTTACCATGCAGAGCGCGCAGCAGGGCATGGGCCTCGATGACCAGCGCACTGCCCTTGTGGT
CP044990.1_gap53	1863239	1865544	2305	TCTGTTTCCGCGAGGTTGATGCCCTCACGGCGACTCAGTTTAGTAATTGATCCACGGTAACGACCCATTGATTGATCTCCTTGGTGCGGTCAGGAACGGTGCCCTGCCGGGTCTGCGGCCCTCTGTTTACCCGCCGCCATTGCTGGTGGTTGCAGCTTTCATTCCCCCAAAAGGAAACAGCGGCGGCGGGACAGGTGGGCGCGCGCGAAAACTCTAGTTCAGCACTCTTCTAAAAAACACTAAGCGCGAAACTTTTTCTTGGGGCGGCAGCCGTTGTGAGGCACGGGGGTGTCGTCCATGATGGACTTCACTTCAATGCCGCTGGCCTGAATGGCGCGGATGGCCTGTTCGCGGCCTGAGCCGCTGCCCCGCACCACCACGTCGACGATGTTCATGCCGAAGGTCTGTTGGGCCTTCTTCACGGCGTCGGCGGCGGCGAGCTGGGCGGCGTAGGGCGTGCCTTTCTTGCTGCCCTTGTAGCCGATGGTCCCGCCACTGCTCCAGGCGACAGAGTTGCCGTCCAGATCGGTGATGGTGACAATCGTGTTGTTGTAGCTGGCATGCACGTAGGCGCGGCCAGCGCTGATGTTGCGCCGGGCGCGGCGCGGGGTCTTGCCCTTGGTAGATTTCGCCATGGCTTACTTCCTCGCGGCCTTTTTCTTACCAGCCACAGTCTTGCGCGGTCCCTTGCGGGTGCGGGCGTTGGTCTTGGTGCGCTGACCGCGCACGGGCAGCCCACGGCGGTGGCGCAGGCCACGGTACGCACCGATGTCCATCAGACGCTTGATGTTCTGACCGACTTCGGAGCGCAGATCGCCTTCAACCTTGTAGGTCTTTTCCACGGCTTCACGCAGGGTGGACTGGTCCGCTTCCGAGAGGTTCTTGACGCGGGTGTCGGGGTTGATTCCGGTACGCGCCAGGACTTCCTTGCTGCGGGTCAGGCCAATGCCGTAGATGTAGGTCAGCGCGATTTCAATGCGCTTTTCGCGGGGCAGATCGACGCCTGCAACGCGGGCCATTAACCTTGCCTCTGCTTGTGCTTGACTTCCTTGCTGCAAATGATCAGCACCCGTCCGTGACGGCGGATCACCTTGCAGCCGTCGCACATTTTCTTGACACTGCTGCGAACTTTCATGCTTCCTCCTCGCGCCGCCTGCTGTGCATTAGCAGCGCTCGACCCCCGTCTCACCTTCTGTCAGAGGGAATCTGTGGTGTGCCTCAGCCCTGAGACGGTCAGCGGCGGTAGACGATGCGCCCGCGCGACGTGTCGTACGGGCTGATTTCCAGAACCACACGGTCACCAGGCAGGATACGGATGTAGTGAATCCGCATCTTTCCGCTGATGTAAGCCAGGAGATCGTGTCCCGTATCCAGCTTTACGCGAAAGGTGGTGTTGGGCAACGCCTCTGTCACCACGCCCTCAGCGCGTACGGTATCGGACTCTTCCTTCTTCTTCTTTTCCCGCTGTTCCGGCATTCTTCGTCTTGCCACGCAACCTCCAGGCCCAATACAAGCCAAACGTAAAGGTATCACGCGTGTGGGCAGCCAGACAAGGCAGGATGACAATCCCGTGCAGGCATAAGGGAAAGGCAGGGCCAAGCGTTCGTCTATTCAGGACACAGACCTGGCACATGAAAGGCTCTTGTTCTCAGCCCGCCGCTCCACCCCTCGTCACGATGCCCTGCGTTCCGGCCCACGCCGCCACATCGTCGCCGCGCATGGCCGCCGCCATCAGGCCGGGGAAATGATCGGGGGTGCAGGCGAAGGACGGAATGCCCAGGCCCGCGAAGGCCCGCGCCACGCCGTGATCGTAGCTGGGTGCGCCGTCATCCGACAAGGCTAGCAGGGCGATCATATTCACGCCCGAATCCTTGAGGGTGCGGGCGCGGGCCAGCATCTCGCGCTCGTTGCCGCCTTCGTACAGATCGCTGATCAGCACCAGGATGGTCTGTTCTGGGCGCTGGATCACACCCTGGCAATAGGCCAAGGCGCGGTTGATGTCCGTGCCGCCGCCCAACTGAATGCCGTACAGCACGTCCACCGGATCACTCAGGTTCTCGGAGAGGTCCGCGACTTCGGTATCGAAGACCACCACGCGGGTGCTGACGGCGGGCAAACTGGCCAGCACCGCGCCGAACACGCCCGCGTACACCACACTGCTGGCCATGCTGCCCGACTGATCCAGACACAGCACGATGTCGCGCAGGCTGCGGCGTTTGCGCCCATAGCCGATCAGCCGTTCGGGAATGATTGTGCGCTTTTCGGGCAGGTAAGACTTGAGATTGGCGCGGATGGTGGCGTTCCA
CP044990.1_gap54	1869300	1869833	533	GATTCACCCCTAAGTAATCAAAAAAGTCATCCAGCATGGCTTTTTCTAAGGCGTTGTAGTTGCCGTTTATTTGACTAGCACTTATACCCAGAGTCTCTGCGAAGTCAACAATAGAAAAACATTTAGTCTGAGTCTCACTAAAATTTTTTACACAAATCGAAGTAATTCTTGGCGAGAAATTGTCGCCTTTCTGATAAAAGCTTTCGCATGAATAATGAATTATGCGAATTGATCTCTTGTCATTTCTAAGAATTTTTATTCTATTTAAAGCTTCTATTCTATCCACCTTTAAACCTCAGTCCACTAATACTTCCTTTTGAGAACTTGCTCACGCTCAACTCACCGCCCGGCAAGCCTTGTACAAATCCCGCCAGTCTTCCCTTTTCTTTGCCACAGTTTCCAGGTATTCACGCCACACCACGCCGTCCTGCACGGGGTCTTTGACCACCGCGCCCACCAGACTGGCAGCCACGTCCGCCGCGCTCAGTTCGCCGTTGCCGAAGTGGGCGGCCAGGCTCAGGCCGTGGTTGACC
CP044990.1_gap55	1899863	1903976	4113	GGTGGAGTACCGGGAGGGAGACACGAAATAACCAGCGCGTCTCCCCTGCTCCTTTATTTCCCGGCCAGTTTCAGAATCCGCCCGCTTCCGTATTCGGCCACATAGACCTCGCCTGCCTCGTCCTCGCCGAAGGTGCTGGGGTTGCTGACCTTGCCCAGCGCTGCCTTATCCCAGCTCTTGCCCCCGGTGGGCGCGGCCCAGACCGTGCCCGTGGCGAAGTCGGCAAACACGTACTGCCCCTTCAGCGTGGGAATAGCCCTGCCCCGGTAGACGTAGCCGCCCGTGATGCTCTGGCCCTCAGTGCGCCCGTAGACAAGCACCGGACCCACGAAGCCCTTATCAGCGCAACCTTTCTCGTAGCACACCTGCCCCTCACGCACGCGCCAGCCGTAGTTCTCGCCACCCTTGCTGCTGGCAGGCTGAAAGTCCACTTCCTCGAAGCTGTTCTGGCCCACGTCCGCAATCACCAGACCGCCGCCGTCCCGGTCAAAGCTGAAGCGCCAGGGGTTACGGAGGCCATACGCCCAGATGTTGGGATTGGCTCCCGCACGGCCCGCGAACGGGTTTCCAGCGGCGGGTTTGGCAACGTCACCCGACACGTCAAAACGCAGCAGCTTGCCCAGCGGACTGCCCAGATTCTGCGCGTTGTTCTGTGGATCGCCGCCGCTGCCGCCGTCGCCCAGGCCCATATACAGAAAGCCGTCGGGACCAAAGGCGATCTGCCCGCCGTTGTGGTTGCTGTAGGGCTGCTTGGCGGTGAACAGGGTTTTGGCGCTGCCTGCCTCAGCGCGGCTGAAATCAGGGGTGGCGGTGTAACGGGCCAGCAAGGTGTCGCCATTCAAATCGCTGTAATGCACGTACAGGCGGCGGTTGGTCTTGTATTCGGGGTCAAAGGCCAGCCCGATCAGGCCGCGCTCCCCGCCCGCCCGCGTCAGCTTCTGAAGGTCCAGAAAGAGGCTGTCCCGGACCTTGCCGTTCTCTATCAGGCGCACGCGTCCGTCCTGCTGCGCGGCGTACAGGCGGCCTGAGCCATCCCCAGCGTGCGTCAGGGCGGTTACCTGTTTCAGACCACTCACGAACGGCTGGAAAGTGACGGCGGGCGCGGCCTGCGCGGAGGCCAGCAGCGCCGCGACGCTCCAGGCCAGCAGAAAACGGGAGTTGGGTTTCGACATGATCCAGTCTGACCCAGCCGCCGCAGACCCGACTGTAACCAGCGGCGCGGAGGCGTGAAGATGCCTTTACCTCTATCTGCCCTGCTGCACGGGATGAACCGGCAGAATCGGGCGTATCCCAAACCTGGAGGTATCCCATGACTGGACCCTATGACCGTCCGCCCGCCCCGGCGACTGAACCCACCGACACCCCCGCCCCCATGCCAGAGCGCATGCCCGGCGAGAACGGAACAGGCCCCATCATTGATCCACCTGTGAATCCCGACTTGCCTGGAATGCCTGTTCCCAGTCCCACCGACAATCCAGACACGCCGGGGCTGCCCAGCCCCATGCCCATGCCCGCGATGTAGAGCAAGCGGCAAAAAGAGGAGCCACCCCACATTCCGGGATGGCTCCTCTTTTGCGCCGACTACTTCTTCAGGAAGTCCAGAAGCGCTGCATTCACCTCGTCCGGGAAAGTCCAGAGGACGTTGTGCGGGCCGCCTTTGATGATCACGTATTCGCTGTCCTTGATCAGTTCGGGCAGGCGTGCGCCCGTGGAGTCGATAGGCAGCACGCGGTCCGCGTCGCCGTGAATGATCAGGGTGGGCACGTCAATCTTCGCCACGTCCGGGCGGAAGTCTTCGAGCCATGTCGCCACACATTCCAGCGTGGCCGTGGCCGAGGCGCGGGCCGCAACGTTCCAACTGGCGCGCACCGCCTCGTCACTGATGCGGCTGCCACCCAGCACGTCGGTGTTGTAGAAGTTCTTGAAGAAGTCCGTCAGGTACGCGAAACGGTCCGTGCGGATGGCGTCCTCGATCCCGGTGAAGACACTGCGGTCCACACCTTCGGGGTTGTCGTCGGTCTTGAGCAGGAAGGGCGGAATGGAACCGATCAGCACCGCTTTGGCAACGCGCGCCGAGCCGTACTTGCCCAGGTAACGCGTGACCTCCCCGGTTCCCATCGAGAAGCCCGCCAGTACCACGTTTTTCAGATCCAGATATTCAAGCAGGGTATTGAGATCGGCGGTGAAGGTATCGTAGTCGTAGCCCGCAGATGGCTGGCTGGACTGGCCGAAGCCCCGGCGGTCATAGGTGATGACGCGGTAGCCCGCCGCGAGTAGCGCCGTCTCCTGCCGCTCCCAGGAGTGACCGTTGAGGGGATAGCCGTGAATCAGCACGACGGGCTGGCCCGTGCCGTGGTCCTCAAAATAAAGCTGGATGGGCTGGTTGTTCTCCTGGCCGACAGTGATATAGGGCATATGAATCTCCTTTGATGACCGTCAGCCTAGCGGGGTGCGAATGGCGGTGATGAAGGGGACATACACAGGCCTTACGATTTAACGTCGAGCCAAATCAGAGCGTCTGGCCGTTCTCCTTAAGCCACCGCCGATGCGTCTGCCACCCCGGCATGACGCGGGCCACATGCGCCCAATAATGCGGCGAATGGTTCATCTCCAGCAGATGCGCGGCCTCGTGCAGGGCGACGTAATGCAGCACCTCCAACGGGGCGCGGGACAGCTTCCAGTGCAGGCGGATATCGCCCCGGCTGCTGCAACTGCCCCAGCGTGTGATGGTATTGCTGACCCGCACCGTGCCCAGTCGGTCGCCCGCGCCCAGCAACTCCGCGTATTCCATGACCAGAGCGGTGTAGGGAGTCAGGCAAGCGGCCCGCGTCCAAACCTCCAGCGCCCGTTCTGATTCCTCCAATGGCAAGAGGAGGCTATGGCTCTCACGCACAGTCTTTTTGTGGACCAGATCGAGCCGCAGCGTCAGCGTTTCGCCCAGAAAAGGCAGAGCTGCGCCGTCCGTGAATACCTGCACCGAGACCGGGCGAGCCGCGTACTGCGCCAGATGATGTTCCACCCAGTCCCGCCGCCGGATCAGAATGTCCTGAAGCTGATGCAATGGCACCCGCTGGGGCGCATAAACCGTGACCACGCCGGGCCGGACTTGCAGGGCCACCGTCCGCCGCCGGGCACTGCGCTTAACGGTCACGGGGACGCCGGAAATGGTCCACTGCGTTGGCAATTGCGCTGACATCCCCCTCAGGAAAGCGTATTGGGGCGGGCGGCGGGGCAAGACAATTCACTTTCCCAGAAAAAAGCGCGGGCGCGAGTCTCGCAACTCCGCGCCCGCCTCGTCCTGTTGCCGCCTACAACTGGTTGTAATTCTGGTTAAAGGTGTCGCACTTGTTGGGATCGCCGGTCTGGAAGCCGGTGGTAAACCACTTGATGCGCTGCTGGCTGCTGCCGTGCGTGAAGGAGTCGGGGACCACGCGCCCCGCCCCCTGGCGTTGCAGGTTGTCGTCACCGATGGCCTGCGCGGTGTTGATGGCGTTCTGCACGTCGGCCTGCGTGATCTTGGCCTGATCTTTCACACGGTTGCCCCACACGCCTGCGAAGCAGTCGGCCTGGAGTTCCAGACGCACGCTGGCCTGATTGGCCTGGGCCTCGCTGCGGGCGCTGCGCTGCTCGCGCTCCACCTGATCGGCGATGCCCAGCTCGTTCTGGACGTGGTGGCCGACTTCATGCGCCACGACGTAGGAATACGCGAAGTCGCCGCCGCCGCCCAGTTGGCGCTGCATGGTGGCAAAGAAATTGGTGTCGATGTAGACCTTGTTGTCCAGCGGGCAGTAGAACGGCCCCGAAGCGCTGCTGGCCACGCCACAGCCACCCTGCGTGCCGCGCGTGTACAGCACCAGCCGCGCCGGGGTGTAGGTGCGCCCGGCCTGCTTGAAGATGCCGCCCCAGACCTGATTGGTGCTGGTCATGATGCGGTCCATGAATTGATAGCTCTCGTCGGTGGCCGCACTGCTCTGGCTCTGGGCCTGGGCCTGGGCCTGCGATTGAGTCTGCGTCTGGGTCTGGCCGCCGTCCCCACCGCCCAGAATCGCGCCAGGATCGATGCCGAAGAACATGGCCACCAGAGCAATGATCAGCCCGCCAATGCCGCCGATG
CP044990.1_gap56	1906000	1908128	2128	GCACGGCCACGAATACCCATGCCAGCGGGCGCAATCGGCCCAGTTTGACGGTACCGGGTTTTCGGGCAGTGGCAGGCGACACCCGCGAAAGAAACACGCCGCGCATGAAGCGGGCCTCCAGCCACAGCGCCGCCCCGGTCAGCAGCAGCAGCAGCAGTGCCAGCCACGCCGAATACACCCGGTCATATGCCGCCGTGTATTGCTGATAGATGGCCGCGCTGAAGGTGGGGTAGCGCATCAGGCTCACCACGCTGAAATCGCCCAGGGTGTGCAGGCCGATCAACAGCCCCCCCGACAGCCATGCCGGGCGCAGGTGCGGCACCGTGACCTGCCAGAACGTTTGCCAGCGGGTGCGGCCCAGCAATCGGGCGGCGTCCTCCAGCGCGGGGTCCTGCGTCCGCAGCGCGGCGTGCAGGTTCAGGAACAGATACGGAAAGGTGAACAGCGTCAGCACCAGCAATGCGCCCCAGAAGCCACTCGGCCCCGGCAGGCGCAGCCCGGTCAGCGTGTCGATAGCCCCGCCCGCACCGCCCGCCGCGATGAAGGCGTAGGCCCCCACGTACCCTGGAATCGCCAATGGCAGCACGCCCAGCAGCGTGAGCAATCGACGGGGGCGCAGATCGGTCCGCGCCGCTAAAAAGGCCAGCGGCAGCGCCACCAGCGTGGTGGTCAGCAGCACCGACGCGCCCAGCAGCAGCGTGTTGCCCGCCAGCACCAGATTGCGCGTGCGGAACACGATCTCGCGCAACTCGCCCGGCTCGGCCCCCAGGGCGCGCAACACCAGATATGACAGCGGCACCAGCACGCCCAGCACGGTCAGCAGGGCGGGCAACAACAGGAATGGGGGCAGTCTTCGGGTCATAGGTAAAGCGGCACTTGGGCCAGCCAAATGACTTTAACAGATCGGATTAGTCGGGATTGTCCCATGAGAGGAAAGGGGGCTATTCAGATGGGCTTGCTCGAAATCACAGGGCGTGCTGCTGTCCAACTGAAGAAAGTCACGTCACCCGTTGCCGCCACGCCAACCACGACAGCACCACCAGCACCACTGGAGCGGCGATCAGGATGCCGTTGCTCAGGCCCTGCGAGATCTGGGCCTTGACTGAAATTCCGGTCTGCGGATCGGGCGGGGGCAATATCATCCCCAGCAGCGCGTCTACCCCTGTACCAACGGCGATCAGCAGCAGGACGGCGGCCACTCCCAGCCCCAGACTGACCCAGACCGGTTCCAGACTCGCATAACGAAGTAACCGGGGCAGGGCCAGCACCGCCCCGGCCAGCAGACCCATGACCAGATACACCACGCCGAAACTGCGCTCCAGACTGCCACCAGAAAACAGAATGCTGCCCAGCACGACGAGCAGCGCCACGAACGCCAGCACCGCCACGCCCCGCGCCGGGGTCAGCGGCAGAGCAGTCATCATCAGCAAGACGGCCACCGACACGCCCGCACCCAGCAGCAACCCCAGGATTCCCATACCGCAGTGGAGCATAAAAAAGCCCCGCGCCAGCGAGAACTGGAACGGGGTCGAATCGGAAGCCGGGGGTTATACGGATTCCGTCTGTTTCGCGCAGAAATCGGGACAGCGCCGATTCCTGCACTCCACGTCCGGAACCCGTTTTTCTCCTTCTCGCTCCGCTCGGATTTCCAGGTGTTTTCAGCACCTTTCAATCGGAGTCCGTATTACAGCAGGCCAGCGTCCCGCAGCAGCTTCTGCGCCTTCTCGATGTTCTTGGGCAGGGCGGCGGGGTCAATCTTGGGGCCGCGCTTGCTCACCTCTTCAAAGGGGCGCATGGTGGTGGGTTGCAGGATGTTGCCGATGACGGGGTATTCAAAGTTGACGCTCAGGAAGAAGGTCTGCGCGTCCTTGCTCACCAGATAGCTCAGGAAGCGGGTGGCAGCGGCGGTATTCTTCCCCGTCTTCAGGAGGCCCGCGCCCGTGGCATTGCCCAGGTTGCCGATATCGCCGTTCTTGAAGAAGTAGGTGTCGATGGGGTAATTCAGGCGGTTGACGCGCTGGATGTAATAATGGTTGGTCAGGCCCACGTCGATCTCGCCGGAGCGCATGGCTTCCAGCATGCCCACGTTGCTGGTCTTGTAATCTTTGGGTTGCAGCGCCTTCATGCC
CP044990.1_gap57	1912841	1913674	833	CACAGTAAAACGGCGGCTGGCAGTATCGGTCACGCCTTGAGCCTCATGGCGCGCTGCCGCGCCTCCCAGCGAGAATCCAGAAACGCACGGATGACGGCGGTGCCCACCAGCGCCGTGCCCAGCAGCAAGAACACCAGCCCCGCGCCGCTGACGATCCAGCCCTGCCATGCCACCGACCCGGCCAGCATGCCCACCACAAAGATCACCAGGCCCGCCAGCATGCACATCCCCACGGTCAGACGCCACGCCCACACGCTGCCGCGCCAGACATTGAACAGCAGGGCGGCAGTGGCCACGGCATACAGCAGATCGCGCCCCCAGCCTTCCGTCTGCCCCTGCACCAGCCCAGCCACAAAGGGCGTCACCGACACCATGAAAATGCCGACCAGGACCGCCAGCGTGGGCGTGCGCCCGGCCTCGGCCTGCCGGGGATCAAAGGGAGAGGAGGCAGACATCAGGTCCCTATTTCAACACGTCCGGGGCGGGACAATTGGAGTGGGCGTTGCGTCGGTGCGAAGGTCAGGAGCCTTTTCGCCCACAGAACGTTCTCTGGCAGCCAAAGCTAAACCCTCAATAAACTTGACATGACCGCACTCAAGTTTCAGAATAGAGGCAGATTGAATGTCCTGTCCTACTTCTATTCCCCGGAGGTTTCCGCTTGAATCCAGAACGCTTTACCGAGGCGAGTGCCACCGCCATCAACGCTGCCCAGCAACTCGCACAGGGGAGTGGGCATCAGACCTTGACCGTGGCCCATGTGCTGCGAACGTTAACTGACAACGACACCGCCGCCCGCACCATCACCGCCGCCGGGGGCAATCTTCAACACCTCC
CP044990.1_gap58	1915319	1916041	722	GCTGGCCGAATACCTGTTCGACAGCCAGGACGCGATGGTGCGCCTGGACATGTCCGAGTACATGGAAAAGCACACGGTGGCACGCCTGATCGGTGCGCCTCCCGGCTATGTGGGTTACGAGGAGGGCGGTCAGCTCACCGAGGCCGTGCGCCGCCGCCCCTACAGCGTGCTGCTGCTCGACGAGATCGAGAAGGCGCACCCGGACGTGTTCAACGTGCTGCTGCAAGTGCTGGACGATGGCCGCCTGACCGACGGGCAGGGCCGCACGGTGGACTTCCGCAACACGCTGATCGTGCTGACCAGCAACGTGGGCAGCCCCCTGATCCTGGAAATGCAGGCCAACGGCGACGACGCCAGCGAGATCCGTGACGCCGTGCTGGGCGAGTTGCAGGCCCAGTTCCGCCCGGAGTTCCTGAACCGCGTGGACGACATCATCGTGTTCGACGCACTGACGCAGGCTGATCTGCACCGCATCGTGGACATCCAGTTGGGTGGGCTGCGGAAGCGTCTGGCCGAGCGCCGCGTGACCCTGCATGTGGACGACGCCGCCAAGGACAAGCTGGCGCAGATCGGTTATGACCCGGCCTTTGGCGCACGCCCCCTCAAGCGCGCCATCGCCCGCGAGATCGAAACGCCGCTGGCCCGCGAGATCCTGGGGGGCCACGTGCCGGACAACAGCGTGCTGAACGTGGAATACAGGGACGGACACTTCCAGTTCGGGA
CP044990.1_gap59	2013072	2014728	1656	AAACGGCGCAGGTCCGCCACTCTCCCCCAGCACAAATCCAGCCGCGCCTCCCAGCCCAGCAGGGAATTGTAAAACGTCTGACCGTCCCAGGTCATCGCCCCGCCACTCTCGGCAGCCAGGGTGCGTGCGGTGAATTTAAGGGCTGCCCCACGCAGTTCGGGAGACAGGTTCGCCTCGCCCGCGTATTCGTGCAAGGCCCGGCGGTGGGCCGCCCACTTGCTGACCACGAACCGTTCGTAATCGTCATCCAGCGAGAAGGTGTGCATTTCCGCCGCGCCGTCCTCGCGCCAGGGGATCACCTGACCTGTCGAAGCCGCCCCCAACCGGAACAGCCCTGCCGAAACGGTATACATGCCGTTCAGGAAGGGGCGATAAATAGTGGGCGCGGGCATGGGGAAATTGTGGCAGATGGAGGGCCGCCCCCTCTCACCTTCCAATTCTGGAAACGCGTCCGCGTTAGCCTGAAGCCATGCCTGAACGTCCCCGGCGACTGCGCCGCACCCCCGCCCTGCGCGCCCTGACCCGCGAAGTCCATCTCAGCCCGGCGCACTTTATCTACCCGATCTTCGTCCATGAACTGCCGGACGAGTCTCCCATCGCATCCATGCCCGGCATCAGTCGCCACAGCATTAACGGCGCGGTGGCGCAGGCGCGTGAGGCCCTGCGGCTGGGCGTTCCCAGCGTGATCCTGTTTGGCATTCCTGACCACAAGGACGCACACGGCAGCGGCGCGTATGCCGAGGATGGCATCATCCAGCGGGCCACGCGCGCGATCAAGGCGGCAGTGCCGGAACTGACGGTCATGGCCGACACCTGCCTGTGCGAGTACACCGATCACGGCCACTGCGGCCCGCTGTGCGAGGTGCCCGGCCAGAGCGGCGCGGAAGCATGGACGGTGGACAATGACCGCAGCCTGGAACTGCTGGCCCTAACCGCTGTTTCGCAGGCCCGCGCAGGGGCCGATGTGGTGGCCCCCAGCGCCATGATGGACGGGCAGGTGGGGGCCATCCGCGCGGCGCTGGACGCGGCAGGCTTCAGCGATATTCCGATCATGAGCTACGCGGTCAAGTACGCCAGCGCGTATTACGGCCCCTTCCGCGACGCGGCAGGCAGCACCCCCAGCGTGGGCAACCGCGCCACCTACCAGATGGACCCGGCGGGCGGCCACCGTGAGGCGCTGCGTGAGGCCCGGTTGGATGCCGAGCAGGGCGCGGACACGCTGATGGTCAAGCCCGCGCTGGCCTACCTGGATGTGGTTCGCCTGCTGCGCGACAATTTTGACCTTCCACTGGTGGTCTACAACGTCAGCGGCGAATATTCGCTGGTCAAGGCGGCGGCGCAACTGGGCTTCATGGACGAGCGCCGCACCGTACTGGAAAACCTGACCGCCATGCGCCGCGCCGGGGCCGACTCGATCATCACGTACCATGCGCTGGACGCTGCCCGCTGGCTGCGCGAGGACGTGTTGCAGGAAGACGCCCTGCGGCCAATTACGGAGCCAACTTTGGAGACAACCCAGGAGACAGTGACGTCCACGCAAGACACCGTGCCGGAGAATGGCGCGTGATCTCTTCCTCCAGCCCGAAGCATGAAAACCCTATTCGCGTGGACTGGATTCCCACCGGCCTGTGGCCCGGACGGCTGGGCCTGACCTTT
CP044990.1_gap60	2023363	2027682	4319	GGCCTCGGTCAACACGCCAGGCGACAGGTGCTTCGGGAACTGGACGGTTTCCACGCCGATCACTTCGCGGCCCTGCCAGACAGGCAGACAGACGGTTCGCACATCACGGGGCTGCATGGCGCAGTTCAATTCGGGGTGCCCCGAAATCTGCACCAGACCGTGCAGCGCCGGGCAGCGCTCGGGTCCGGGGCAGGGATGAATGTGGCCGGGATGGGTTTCGACTGTCGCGCCCTGCCTCGGGTGCAGCGCGGCCCGCAATGCGGAGGTGGCCTGCAAATTCTCCTCCAGCAGTCCCAGTGCCCGCTCCTGGGGTGTATGGCCCGCCTGCACCCTCTCTAATGCCCGCTCGCCCAACGAGGTCAGCACCGCGTACAGGCTGGCGGCCAGGAGCGGCGCAATCTGCTCCAGCCGTTGCCGCGCTCCCTCCACCTGTTCGGCGCTGTGGGCGGCCAGATTCAATACACCGATGACCGCATGGGGCAACACCAGCGGCACGCTGATAAATGCGTGATAGCCCAGCGCCTTGACCCGTCCGCGCAGAAAACGGGCGTCGTTCTCCAGATCGGTGCATTCCAGCACCTCGCGCTCCTGCGCGGCGCGGCCCGGAAAGCCCTCGCTGAAACGAAAGACCGTGCGCTCAAAGAATGCCGCCTGATCCCCACCCGAGTAACCACTCAGGAACAGCGTGGTCTGCTGTGGATCGGCCAGAAACAGCTCGGCTACACCCATTCCTGTCGCCCGGCACAGATCGGCCAGCAAGACCCGCACCACATGGAAAAACTGCCGTGGATCGCTGCTGAGCGTACCGGCAGTCCAGCTCATGGTGTTCAGAAGTTGGCCCGGCATTGATGCAGTATGCCAGCTTACACATCTGAACTTGTCTCTTCTAAGCACTTGTAGATGCAGGATGAATGGAAAAGCAGTGTGTCAGCTTGGTTTTTCCGCACCTCGGCGTCCGTAGAACCACCAGTTGAGGGCCAGATTCAGCAGACAGAACACAGCCAGACCGTAGAAAAAGCCCTTGACGTTGCCGCTGGTTGCCAGATTAAAGCTGATGAGCATGCTGACGATGAACGGCCCGAAGGCGGCGATGGCCGCTGTCCACCCGATCACCCCCGCGCTGTAAGGGGGGTTGAAGATAACGGGCATCTGCCGGAAGGTGGAGGCGTTGCCGATGCCGCTGAAGAAGAAGATGGCGAGCATGGTGCCCACGAACAGCGGGAAGGTGGTCAGATCGGTGGGCGTGACGAAGAAGGTCACGGCAATGGCGGAGATGCCCATGCCAATGGCGCTAATGCTCGTCAGGATCGCGCCGCCCGTCTTGTCGGCAATCAAGCCGAACAGGACGCGCACCGCCGAGCCGATCAACGGCCCCAGAAAGGCGAACTTCAGAGGCAGGGGCGCGTTCTCAAAGCCACCGTACAGCGTCTTGATCAGCAGAGGAAAGGCGGCGGCCAGTCCGCTAAACGCCCCGAAGGTCATCATGTAAATGCTGGTCATGATCCAGGTGTGCTTGTCGCCAAAGATGGCGAGTTGCTCTTTCATGTTGGCCTTGATCGGCACATTGCGAATCAGGAGCCAGCTCAGAACAGCGGCAGCAATCAGCCAGGGAATGTAGACCCACGAGGCGTTCTGAAGCCAGATGGTGCTGGTTTTCCCGGCAAAGACCCACTCCTCAGATTTGCTGCCCAGGAACCAGAACAGGTTGACGCCCACCACCCAGGGCGTCAGAAATTGCACCAGCGACACGCCGAAATTGCCGATGCCTGCCTGAATGCCCAGCGCGGTTCCCTGCATCTTCTTGGGGAAAAATAGGCTGGTGCTGGGCATGAACGAGCTGAAATTGCCCCCACCCATACCGGCCAGAAAGGCCAGCGACAGCAGCACCCAGAAGGGCGTCAGGGGGTTTTGCACCGCCAGCCCCCAGCCTACCGCTGGAATCAGCAGGCCCAGCGTGGAAAGGGTCAGCGTGGTACGCGAGCCATACACCGATACCAGAAACATGTGGCGCAACCGGGTCAGTCCCGCCGACAGGCCCGGCATGGCGGTCAGCCAGAACAGTTGATCCTTGCTGAGATTGAAGCCGATGTCGTTCAGGCGCACGACGATGGCCGACACCATGAACCACACGGCAAAGGCCAGCGTCAGCCCAAAGGTGGTGACCCACAGCGTGCGCCAGGCGCGGGCCTTGCCCTCCCGCTCCCAGAAAATGGGATCGTTGGGTGTCCATTCGGGGAGGTCAGCAGAGGACTGGTGTTTGGATTTGGAGGATTCGGAGGTGGTCACACAGGCTCCTTGAGAGGGTTGGGATAGGCAGGATTGGGAGCTGGGTGAGGCCCCTATTCGCGTGGCTCACGCGGAATCAGCCGCACCAGCCACAGCGTCAGGGCAGCCATCAGCGCGCTGCTGATCGCGGCGGGCCACAGCAGGGCGTATTCCTTGCCCAGAAAGGCGTCCAGCGCCAGCATCAGAATGAACAGTTGAATGCTCCAGAAAATCAGGACGAAGGCCAGCAGCACGCCGACGATCAGACTGCGCTGGGCGTAGCGGGGGCGCGAGGAGCCGGTCAATGCCCTCCTCCTCCCACGGCCCAGATCTCGCCGTCACGGATCTCCAGCTTGACCAGGCTCAGCCCCCGCTGCGGCGGCCCGGAGATCACGTCACCCGTTCGCGCATTGAAATAGCCCTCGTGGCAGGGACATTCCAGCACCTTCTCGCGCGGTTCGTAATAGACAGCGCAGCCCAGGTGCGGGCATTTCTGGCCGTAGGAGCTGAAGGTGCCGTCCTCGTGGCGCACCAGCAGCGAGTACTGGCCCTTCTGCGGGTATTCAAAGGCGCTGGAGGAACCGGGTGGGAAGTCCTCCACCTTGCCCAGTCGCAGCGGCGGAACTTCCGGGACGGGCCGTGCGCCGACACTTGCCAGCCCGGCAATCAGCACCGTGCCTGCGGCCATGCCCGCGCTGCTCAGACCCAGGAAACGGGTGAATTCGCGGCGCGAGACGTAGTCGGTGGCGTCCCAGTCCACGCTGAAGTCGGTCTTCCAGTGCGGCTCTTTGCGCGGATCAGTTTTGGAGTATTTGGGCTGGCTCACAGGCGGCCTCTCAGGGTCTGGCCCTGCTCCATCGGCAGCGGCTCCAGGTGCGCGAAGGGATCAAGGTGGTCAAAGGCGTCCGGCTCGAAGCGGGCGTCCATGTGCGAGATCACGTCCATATCCAGGCCAATTTCACCGTCGGGCAGCACCAGAAAAACCTTGGTAGTAATCGTCTGCGCGCCAAACTGGAAGGAGTTCTGGGGTTTGCCGCCTCTCCGCGACTGGAATTCCTCCAGCGTGCCGTAAAACAGCGCCTCAGACGGGCAAACGCTGGCGCACATGGGCTTCTTGCCCACCGAGGTGCGGTCATAACACATGTCGCACTTGAGCATCTGGTCAATTTCCGGGTAGTAGCGCGGCACGCCGAAAGGGCAGGCGTTGACGCAGTTGGAGCAGCCGATACAGCGCGGGGCCTGACTGCTCTGCACCACGCCGTCCTCGGTGCGCTTGATGGCGTCGGCGGGGCAGACGGCGGCGCAGGTGGGCAGATCACAGTGCATACAGACCATCGGGGCCGTCTGGGTAGACGCGCCGCGCTCGATGTATTCCAGGTGGATCATGCTCTTGCCCTTGTGGGTGTCGCACTCGGAACACGCCTGCATGCACGCCTTGCAGCCGATGCAGCGGATGGGATCAACGAAGAAACGGAAATCGCTCATCGGCGCAGCTCCTTACGACGCTCCGCCAGGTTGTAGCCAGCGGGCAGGTTCTTCTCAGTGCGGGAACTCAGGAATTGGGTGCGCTCGCCCTCGGCCTGTTCTTCCGGCGTGGCGAGGCGGACGCGGCAGGCCGAGACCTTGTATTCAGGAATCTTGGAGATGGGGTCTAGCGCCCGCTGGGTCAGCAGGTTGGCACTTTGCTTGCCGCCCCAGTGGTAGGCCATGAACACCGTGTCAGGCCGGATGGTGTTGACCACGTTGGCCTGAATGATGACCTCACCTCGCCGCGTCTGAATGGTCACCCAGTCGTCGGTCTTGATGTTGAGTTCCCTCGCCATACGTGGGTGCAGTTCCAGCTTGGGATGCGGGAACTGATCCACCAGTGGCCCGATGCGCCGGGTCTGCGAGCCGCTGAGGTACTGACTGACCACCCGGCCGGTGGTGAACCAGATCGGGTACTCGTCGTCCACGACTTCGGCACTCTCACGCCAGTTGACCGCGTTGAAATGCGCCTTGCCGTCGGGGTGATAGAACTTGCCGCCCTCGTACAACCGGGGCGTGCCAGGGTG
CP044990.1_gap61	2028765	2033431	4666	GCCCTTGTCCCGCGCCCGCCAGATGTAATCGGTGGTGATCGGAAAACACTCGGCGATGTTGGTGCCGATGATGAAGATGACCTTGGCCTCGGTGATGTCCTCCCAGTGGTTGCTGGCGCGGTCAATGCCGTAGGCCTTCTTGTTGCCCGCACCCGCCGAGACCATGCACAGCCGTCCGTTGTAATCCAGATTGGCCGTTTGCAGGGCCAGCCGGGCAAACTTGCCCACCAGATAGCTCTTCTCGTTGGTCAACGAGACGCCCGACAGCATGGCAAAGCTGTTCCTGCCGTACTTGGCCTGAATCTCCTGAATCTTGGACACGGTTTCGTTTAGCGCCTCGTCCCAGGTGATCTGCTGGTAGCCGTGCTCGGTGCGGCGCATCGGGTGGAGCAACCTATCCGGGTGCGAGCCTTGTAGATACCGTTTGATGCCCTTGGGACACAGCTTGCCTTTGTTGAAGGGAAAGTCATAGCGCGGCTCAAAACCTACAATCGCATTGTTTTTGACCTTCAACTTGATGCCGCACTGCTGGCCGCAAAAGCAGCAATGGGTGTCCACCAGCGCGTCGTAATCTTCCACGCTGCTGAAACCTCCGGGCGGCGCGTAGTGCAGCGTGGGGCCGTAGGTGTCCAGAAACTCTTCCTGAGAAAGGGGTGGCTTGACCATTACATGAACTCCTTGCCCGTGGCCCGGAACTGGTTCAGGGTCAGCAGCTTGCGGCGGCAACTGGGGCACAGGTTCTGCCAGTTGCCCACCTGCGAATGGGTGTAATCCAGGCCCAGATCGGGCAGGATGGTTTTAAGGTCATCTTGCTGCATCTGGCTCATGTATTCGGTGTCGCAGCGGGCGCATTTGGCCTGCGGGCCATTGGCTCCGGCGGCTTTGTAGAACCACACGCCAACGTTGGCGATGCGCTGGAAAATGTGGAAGAACTTCCCGAACGGCAGGTACAGCAGCCACAGGTACACGGTGACGGCGTGGGTGGTGGTGATCCAGTAATAGAACTTGCCGTCCAGGAACAGGTTGGAAGCGGTCAGCATCATGCCGGTCACGGACACTGCGAACAGCAGGATCAGCGGCAAGATGTCGTTGTCAAAGCGCTGCGTGGCCAGTTCGGCCTCGTCCTTGATGCGCCGCCCCAGCACCAGCGCAATGCCGCCCAGGCACAGCACGGCGGCCACGTTCAGCCCGTGCATGATCAGCCAGCCCAGCGCACTGCGGGCGGGGAAGGTGAAGAAGTCCAGCCGCTGGCCCATCAGCACGATCATGTAATCGCTGGGTTTGGCAAAGTCGCTCTCAAAGCGCAGCCACCCAAAGGTGAGCGGAAAGGTGATCAGAATGGCGATGATGCAGCCCCAGAAGATCAACTGGTGCGCCAGCCAGCGTTTGCGCGAGCGCCTGCGGATAAAGCGCTGCTCAATCATCTTTTCCCAGCCCGCCTTGAAGAACAGGCCCATATTGTGCAGGCGCTGGCCCGGCTGCCAGAACAGTTGCCAGCCGCGTTTCCAGTACATGCGGGTGGGCGGGCGCTGGAGCCACACCACGTAGCGGTAGACCACCCCAAACAGCGCGAAGATGGTGGCGAAGCAGTATCCGGCCAGCGCTCCGTCAAAGCCGTGGAAACGCTGAGAGCCGAAATACACGGCGATAGTCAACAATGTGGCGAAGGTCAGGCCGTACAGCAGTCCCCGGCGATCCAGGGTCACGTCCATCACCGGGACCCGCACGGGTTCGGTGTCGCGCCGGGGCGGCAGCGCGGGCGGGGAAGGGTTAAGCATGATTCTCCTTGTGGTCAGACCCTGTTCTGTCAGGAACGGCAGCAAGAACGCTGGGCAAGTCCCGCAGATCTTCCACGAGTTGTTCTGCCCCGTCATTCAGGGATTTGAGGCGGCCCTGCCAGATGCCCCCAGCCGTGCGCCACAGCGTCATGACGTACTGGGGCCGACGGCTTTGCGGTTCACGCTCTGCGGAAAGGTCTGCCATGCGCGGAGTGTGCGGCGGGGCACTTACAAGTGGCTAACAAGACCGTGACTGTGGCCCATCAGAACGGAAAGTGGATGCCAGTGCTCCGCTCCTCAACCCAGTTCACCATCAGCCCCCTTCAATAGGTATCAGGGAATTTGCTGTTCCAGACGAAAGATTCCTCTCTACATGCAGGCACAGAGAGTGGGGCCGCGCAGCAACTGGAGGCGAGAGAGCCGCCCGGCCACGGGTCCACCCCATCTCCTTGCATTTGTTAACCACTTGTAAGTGGACGCCGCCAACATGCGCTCAGCCCTCCCGCAGGTCCAGACAATAGACGCGGGAAGATGGAGGTTTCCCCGAAATGACCACCCCTACCAGTCCCGTCCCCACCACTGCCGAGGCCAGTGCTTCCCGCCGCGTCCTGACTCTGTCCACGTTGGCCTTCACGCTGATGTTCGCCGTATGGCTGATGTTCGGCATCCTGGGTCTGCCCATTCGCAAGGAATTCGGCCTGAGCGACGTGCAACTGTCCTGGCTCTCGGCGGTGGCCGTGCTGAACGGCTCGCTGTGGCGGCTGCCTGCGGGCATCATCACAGACCGCCTGGGCGGACGCCGCGTCATGGGCGCGATGCTGCTGCTGACCGCCATTCCCGCCTTTTTAATCGCTTACGTGCAGAGTTACCCCATGCTGCTGCTGCTGGCCTTTCTGGTGGGTTTCGCCGGGAACAGCTTCTCGGTGGGCGTGGCCTGGAACAGCGTGTGGTTCCCGCGCGGGCAGCAGGGCGCGGCGCTGGGCGTGTTCGGGGCCGGGAACGTGGGGGCCAGCGTCACCAAATTCATTGGCCCGGCCATGATCGTGGCGATTCCGGCGGCGGGGCTGCTGGGCGGCCTTCTTCCCGGTGGGTGGCGGGCCATTCCTTTTCTGTACGGCGTGCTGCTGGTTCTGATGGGGCTGGCCGTGCTGATCTTTGCGCCCCATCAAGACCGCACGCCGGCACAGGGCCGTCCGCTCCAGGAGATGCTCGCGCCGCTGCGAAACGCGCGCGTGTGGCGCTTCGGGCTGTATTACGTGGTGTTCTTTGGGTCATATGTAGCGCTGGCTGCGTGGATGCCCAAATATTACGTGGACGTGTTCGGGCTGCCGCTCTACGAGGCGGCGCTGCTGACCGCGCTGTTCATCTTCCCGGCCAGCCTGCTGCGTCCGCTGGGCGGCTACCTCTCAGACCGCTACGGGGCACGGGCGGCCACCTACGGGGCCTTCGGGCTGATGGCTTTGGCCCTGCTGGTGATGAGCATGCCCAGCGGCCACATCGTGCTGTATCTGCCAGGAGCGGACGGCACAACCGTCACCCGCGACGTGATGCACTTCACGCTGGGCGTGTGGCCCTTCACGGCGCTGCTATTTCTTGTGGGCGTGGCGATGGGCATCGGCAAAGCGTCGGTGTACAAGCACATTCCCGAATACTTTCCCCGCGACGTGGGCGCGGTGGGCGGGCTGGTGGGCATGCTGGGCGGCCTGGGAGGCTTCTTACTCACGCCGCTGTTCGCCTACGCCAAATCCGCCACCGGCTTTCCGCAGAGTACCTTTATCGTCGTGCTGCTGATTACTCTCGTTGCCCTGGCCTGGATGCACCTGAGTATCATGCGGATGATGAACCGCGCCGCACCACACCTGCAAGACCGGATTGAGGCCCATCCGTGAGCGCCATTCTTGAGCCGCCGCCCCGGCTAGACGAGCTGCTGGCCCGAAGTGTCGCGCTGCACAACCACCTGTGTCCCCGCCAGATTCTCGGCGCACGCATGGGCCTACTGGCTGGTCAGGCGCTGGGCATGGCTGTGCCGCGTACCGACAAGAAACTGATGGTGCTGGCCGAGACCGACGGCTGCTTTGCCGATGGCCTCTCGGTGGCCACGGGCTGCTGGCTGGGCCGCCGCACATTGCGGCTGGTAGATCACGGCAAGGTGGCCGCGACGTTCGTGGAGGTGCGAACTGGACAGGCCGTGCGAATCGCGCCACACACCGATTTACGGGCGAGGGTGCGTGCGGGCCGCGCGGAAGGCGTGAAACGCTGGGATGCCTACATGGACGCGTACCAGACCTGGGAGGACCAAGACCTCTTTACTGTCATGCCCATTCGCCTGACCCTGGATCTGGCAGCCGTGATCAGCGTCAACGGCAAACGCGCCATCTGCGACGCCTGCGGAGAAGAAATCATCAACGAGCGTGAGGTACGTCAGGAAGAATCTGTGCTGTGCCGCGACTGCGCGGGGCAAGGGTACTGGCAGATGAAGTGATGTTCAGCCACAAATCGCCGCAGCGAGACTGGCTTCTGTCGGTGGTATTGTTCGAGCAAAATTGAAGCTGGTGGATTGGGCGGCTCAGAGTCATTCCTACCACGAACGCTCCGCGCAGACCTCCAACAGAGGATTGCCGCGGCATCCCGCCCAAGACGATCAGCGCAAGGAAGCGGCGTTCGATCTGAGTGATCTTTTTCCGCAGGCAGCGGGCATTTCCAATTGAGGCCACTTTTTCCAGTAATGACAATCGGGCCATCGTGACTATTTCAGGCTAAGGGGCAAAAGCGAAAACCCCGCGCCAGGCGGGGCCATCTGATCAGAACTTCTTGGAGCCAGTGATCCGGGTCGAACGGACGACCTACTGATTACGAATCAGTTGCTCTACCACTGAGCTACACTGGCC
CP044990.1_gap62	2051347	2054361	3014	TTCCACGACGGCGGCGGCAGCCATCGCCGCACTGGAGCCGATCTCGGCCTGACAGCCGCCCGCCGCGCCGGAGATGAACATGCGCTTGCTGATGGCCTTGCCCACGCCAGCGGCCAGAATCATGGGGTCCACCAGTTTTTCGTCGGGGATGCCCAGATGATCGGCCACGCCCAGCAACGCGCCGGGAATGGTCCCCGCGCTGCCCGCCGTGGGCGCGGCGACAATCCGGCCCATACGAGCGTTTTCCTCGTTGACGGCCATCGCGTATGCCTGCACGCGGCGAATCAGTGGGGCGTTCAGGGCGTCAGGAGAATCCCACAGGCCCTTGGCGTTCCAGCCCACCATACCGGTGATACTTTTCGCGCTGCTGTTCAGGCCGCGCTCAATGCTGTCGCGCATCTCGCGGATGCGGCGGGCCATCTCGTCGCGGATGTCCTGGGGGTCCAGCCCGGTTTCCTGGCAGTCGCGCTCCAGCACCCAGGCCGAGGCAGGGGCGGGGGCGTTCATCAGGGCTTCTAGCGTGGTCATGATCAAGTCCTCCAGATAGGGCGAGAAACAGCGGTATAGAGACCCATGCTAACGCGCCTGTCTGAGTCCTCTAGACGTGTGGACCGCAACGGCGTCCATACAGGCCGGACGCCTGACTTTATCCGGCCACTTCTAACAGCTCGCCGCCCACCACCAGCTCCCGCAAGCGCAGCAGATCGGGACGGTAATAGCGGTCTTCTTCCATAGAAGGGACCACCTCGCGGATACGTTCGTAAGCGGCCTGCACGCCCACGCCTGCGCGGAGCTGCTGGAAATCCAGCGCCTGCGCGGCGCACAGCAGTTCAATGCTGATCACCGTCTGGACATGCCCCAGAATCTGGCGCAACTGGCGTGCGCCGTGCGCGCCCATACTGACGTGGTCCTCCTGATTGGCACTGGTAGGAATGCTATCCACGCTGGCGGGGTGCGATAAAACCTTGTTCTCGCTGACCAGCGCCGCCGCCGTGTACTGCGCGATCATCAGGCCGCTGTTGAGGCCCCCGTGCGCCGCCAGAAAGCCCGGCAGACCGCTCAGGGCCGGGTTGAGGAGTTGCTCGCAGCGGCGTTCGCTGATGCTGCCCAGTTCGGCCACGGCCACCTTAAGGGCATCGGCAGTGACGGCCAGCGGCTGCCCGTGGAAATTGCCACCGGAGACGACTTCGCCCGTCTCTGGAAAGACCAGCGGATTGTCGGTCACGGAGGCAAATTCGGTGTCCAGAATGCGGGCGGCCTGGGCAAGCGCATCATGGGTTGCGCCGTGGACCTGGGGCACGGCCCGCAACGAGTACGGGTCCTGCACCTTGCCGCATTCGGCGTGACTGGGGGCAATTTCGGAATCGCGCAGGAGGTGGCGCAACTCGGCAGCCACGGCCACCGCGCCGGGATGCGGACGCAGGCCCACCAGATCGGCGCGGAACGGCTGATGCGAGCCGTAGAGGGCTTCCACCGTCATCGCCGCTGCCAGATTGGCCGTTCCCAGCAGTGTACGGGCGTCCGCAAGGGCCAGACCCAGCAGGCTGCCCATCAGTTGCGTGCCGTTGATCAGGGCCAGACCTTCTTTCGCCTGCAAGGTCAGCGGGATGAGATTCAGTTCGGCCAGCACGTCGGCAGCGGGGCGAACTTCTCCCCCGTATTCAATCTCGCCCAGACCAATTAAAGCCAGCGCCAGGTGCGCCAGCGGCGCAAGATCGCCCGACGCGCCCACGCTGCCCTGTGCAGGAACCACCGGATGCGCCCCGGCGTTCAGCAGGTGTAGCAGCAGTTCCACGACTTCCGGGCGCACACCCGAATGGCCCTGGCACAGCGAGACAGCGCGCAACAGCAGCATACCGCGCACCACCTCGGCAGGTAGGGCATCGCCCACACCAATAGCATGGGACACGATCAGGTTGTACTGAAGCTGCTGGAGGTCATCGTTACCTACCCGCACGCTGGCAAACTTGCCAAAGCCGGTGTTGATGCCATAGACCGCCGCGCCGCTCTCCACGATACGCTCGATGACGGCGCGTGCCCTGAGGATGCGTTCCCTGGCGGCGTCCGACAGCTCCACTTTCTCGCCGCCGCGCACCACACCAATAAAATCTTCCAGCGACAAACTGCGGTCAAGGATCATCGTTTCACTCCTTTCACAAATACATCTCGCACTGGGTTCGCGCCCAGCGTATACGGCAACTCGCGCCAGTCGGGGCCGTGCAGGGCCAGGAAATCGGCGCGCATTCCGGCGCTCAGGCTGCCCCGGTCAGACAGACCCAATGCGGCGGCAGCGTTGACGGTGGCGGCGGTCAGCGCCTCGGCGGGAATCAGGCCGTTCAGGCGGACGGCCAGAGCAAGGGCCATCTGTACGCTGAACAGCGGAGAACTGCCGGGATTGAGGTCCGTTCCCAGCGCCACCGCCGCGCCCGCGTCAATCAGAGCGCGTCCCGGTGCTGCGAGAAGGCCCAGATGCAGGGTCACGCCGGGCAGAATGGTTGCCACCGTGCTGGACGCGGCCAGCGCCGCGATCTGCGCCGGGCCACTGGCCTCCAGATGATCCACGCTCAGGGCGTTCATCTGGCAGGCCAACTCCGTACCGCCAATGGCGTGAAATTGATCAGCGTGGAGCTTAACTTTCAAGCCGTGAGCCTGAGCAGCAACAAAGATTTGCCGGGTCTCCTCCACTGAGAACGCCTCGGCCTCGCAGAACACGTCTACGGCAATGGCGAGCGATTCGGCGGCAACTTGGGGAATCAGCGTGTCGCAAACGCCGCGCACGTAATCCTCGCGGTTCTCGGTGGGCGGGACATGAATCAGGAGGGTGGGCGATAAATCAAACTCACGACTTAACACCTGAACCGCCCGCAGCATCCGCACCTCGGCGTCAAAGTCCATGCCGTACCCGCTCTTGACCTCAATTGTCGTCGCGCCGGATTGCCGCAGGGCCACGAGGCGCGGGCGGGCCAGCGCCACCAGTTGGTCCACCGTTGCCGCCGCCGTGGCCGCGATGCTGG
CP044990.1_gap63	2067375	2070699	3324	CTTGGGCACGCTGCCGAACATCGCACCGCCGTCCAGGCCAAAGCTGGCGTCCGTGAGGCTGGTGACTTGTACTTCTCCGATCTGCCGCGTGTGATTCCAGGCCATCGGGTCAGACTAACAAACGTTAGGTTGCGGATGGTTGATTAGCCCTGCACCAGATCCTGATATTCGGGGTGTTTGCCAATGTAATCCGCGATGAACGGGCAGGTGGGAACAACGTTCAGGCCGCGCTTGCGCAGATCATCCAGCGCAAACTGAACCAGTTTTGAGCCGAGACCCTGACCCATGTACTGACTATTCATTTCGGTGTGGGGCAACTCACGAGCATTCTCCAGTGGGCGGTACCCGGCGTAGCCCACCAATTCACCGTCCACATAAACCTCGTACTGCTGTGCGGCCTCGTTATCTCTGAGGGTGATCTTTCCCGAATTGCTGGTCATGTCCCCAAGCTAGGGCCTACGGCATCCAGATGAATGCGGGAGCAGTTGGGGTTTCGTTGCCTTTGCCGCTGACTACTTCGCCATCTGGTCCGGCGCTTCGACGACGTCCACCAGGGATTCCAGCAGACGCATGGCCTGTTCCAGCAGGTGGGCCTGCACGCGGGCCGCCGCACGCGCCTGCCGCCATTCCAGCCGCACGCGCGCCAGACTCAGGGGATCGCCGCCGCGCTGACCCAGCACCTTCAGCCGTTCCTCCAGCGCCCCCACCTGCTGGCGCAGCGGCGCGAAGCGGGCCTGGGCGGTACGGGCGGTGTGCAAGGTGGTTTCCAGTTGCGCCCGCGCCTCCGTTTCGGCGGCTTCCAGAGCTTGCTGGGCCTGCACGGCAGCAGACTCTGCGCCCGGCCCGGCCTTGGCCCGCCACTGGGCCAGTTTGAGGGCATGGCGGGCACGCAGCACCGCCGGGTTCAGCGGCACTTCCAGCGAGAAGAACTCGCGGTCCAGTCTGGCCTCGCCGGGCGGCAGGGGCTGATCGGCGTCCCCCACCTCGATCAGCGGCGTGAAGGCTTGTAGGAAGGCGTCGAGCTGGGTCAGGGTCAGGCGGGCGTGGGCCAGTTGGGGCACCACATTCTGGCCGCCCTGGAGTTCGGCCTGGAGTTCGCGGACATTCAGGCGGAGCCACTCGGCTTGGGCAGCGGCGGCAGCCACGGCGTCGGCCACCTCGGTGCGCGAGTGATCGGCCCGCAAGCTGCTCAGCATCTTCTCGGTTTCCCAGCGGCGCACCTCGGCCAGGGTGGCCTGCACATCCCACTCGGCGGTCTGCGCCAGCCCCAGTAGCGTGGGATCGGCGCGGATGGCCCCCAGACTGCGGCCCGCGATCTCGGCGTTGGCGCGGGCCAGCAGCAGTGGCAGATCATGCGCCCGCCGGCCCCAGCGCAACGGCGCAGGCGTGGCTTCGGGGGCCAGCGGGCCGGGGGTGGGCTGGGCCGGGACCGGGACCGTCTGGGCGTACTCTGCCAGGTCCACGGTGGTGCTTTGCAGCCAACTGTCGGCGCGGGTATCCCCAACGGTCTGGCGCAGGCTGCTGTAGACGTCCTGCAACACGGCCACCACGTCGCGCGGTCCCAATGCCCGCAGCGCAGGCCAGCCCCGACGCTGCACCGCGCCCTCAATCGCCGTCTCGGCCCCATGCAGACCCAGTTCCTGTCCCAGGCGGGTCCTTAGCCACTCGCGGTACGGATCGTGGCTCATGGACTGGCCCCGGCGTTCCCCAGCCCAGTCCTGCGCCGCTGGCGGGCACACTCGAACAGCACCAGCGCGGCGGCGGTGGCCACGTTCAGGCTATCGGCGGCGCTGCCAACCGTCATGGGAATGCGGACGCTCAGGCCGCTCCCATTCCCGGCCTGACGCCAGTGCGCGGGCAGCCCCCCGTGTTCGGTGCCCAGCAGCAGCGCCAGCCGCCCGGTCAGCGGCGCGTCCCAGTAGACGTGCGGCGCGTCGGGGGTGCAGGCCACCGTCACGCAGCCCTGCGCCGTTAGATAAGCGTAGGCCCCAGCTTCATCCAGCGCCACCACCGGCAGGGCAAACACGCTGCCCTGGCTGGCGCGGATCACGTTGGGGCCGTAGGGGTCCGCGCCGCGCCCCAGCACCAGTACCGCCGCCGCGCCCGAGGCGTCCGCCGTCCGCAGGATCGCGCCCACGTTGCCGGGTTTCTCCAGGCCGTCCAGCACCACCACCACGGCGTCGGGGGCCAGATCGGGCAGGGCCACCACAGGACGGTTCGCCACGGCCAGCAGCCCATCGGGGTTCTCGCGCCCGCTGACCTTCTCGAAGGCGGCCCGCGACAGTTCGGTGGCGGTCAGGGGCAGAAGTGCATCGATCCCGGCGGCCTCCGGGCTGTGCAGTTCGGGGCAACTGAAAATCTCGGTGGGCATCACGCCTGCGCCCAGTGCCCGCGACAGCTCCCGCGCGCCCTCGATTAAAATGACGCCCTCCTGCTCGCGGCCCCGCCGGGCGTGCAGGCGGACCAGCCGCTTGAGCTGCGGATTTTGCAACGAGGTGATGGGAGGGGTGCTGGAATCGGCGCGGGTCATGCCCGGCCATTATGGCAAACCTCCTCTGTCTGCGCCGTGACAACAGGGCGGCTGTGGCCAGAAGTGTGGTCAGCACAGCCTCGCCATACGCTGTACCCGGTTCATCTGACCCCACCCCATACCCCTGGCTGCGTTAGCTTGGCACCATGCCGCTGGCCTACCCTCCGTTCAAAACTTGCCCGTGCGGCTCCGGGCACAGCTACGCCCATTGCTGCGGCCCGGCGCACGACGGTTCGCGGCCCGCGCCCACGCCTGAAGCCCTGATGCGCTCGCGCTACTCGGCCTACGCACTGGGCAACGCCGCCTACGTGCTGGCCACCTGGCACCCGGACACGCGCCCGGCGGACCTGCACCTGAATCCGGCCACCCGTTACCTGTCCCTGAAAGTCTACGAGGCCAGTGGCAACGAGGTGGAATTCAGCGCCGCCCTGCAAGTGAACCGGGGCGAGCGCTATGTGCTGCGCGAACGCAGCCTGTTTGAACAGGTGGACGGGCGCTGGGTCTACGTGGACGACATCACGCCGCCGACGCTGGACGCACCGGAAGGGTGAGGCTCAGGCCAGCACTCCGACGTAGATTTCTTCGAGGGATAGGGCGCGGTTCAGGCACGGCAGATCAATTGCGCCTTGACCTCTGAATTCTTCCAGCACCCATTCTCCGTCCTGCCGTGAATAGGCGTACACGCGACGCTCGGCCTGCTCTACCAGCAGATACGTCTGTAAACTGGGCAGTGCGGTGTACAGGCCAAATTTGCCCGTGCGGTCATGCGCGGCGGTACTGGGCGACAGGACTTC
CP044990.1_gap64	2076156	2076951	795	TCATGACGGAGAACCCACTGCTGAACGTGGGTTTCCGCGTTCCCTTCGATCAGATCAAGCCCGAACATGCCGAGGCCGCCGTAGACCAGTTGCTCTCGGAGGCCAACGAGCGTCTGGAACGCCTCGCGCAGTCTGGCGAACGCGGGTTTCAGGGCTTCATGGCCGATCTGGACATCCTGACCGAGCAGCTCGGCACCGTGACCACCATCGTTCACCATCTGGACGCGGTGGTCAGCAGCCCCGAGTGGACGGCGGCCAAACAGGCGATCCTGCCCAAGACCAGCGAGTTCTATACCAACCTCAGCCTGCACCCCGGCCTGTGGGCGGCCCTCAAGGCGTTTGCCGCAACCGACGCCGCCGCAGGGCTGGACCCGGTGCGCGCCCGGCACCTCAAGCTGACCATCGACGACTTTAAGCGCGAGGGTGCGGACCTGAATAACGCCGACAAGGCCCGCCTGCTGGAGCTGAACACCCGGCTGGCCCGCGTAACCAGCGACTTCGGCAAGAATGTGCTGGACGCCACCGCCGCCTACGAGCTGTACGTGGATGCCGGGCGTTTGAAGGGCGTGCCGCAACGCGTGCAGGACGCCACCCGCGAGGACGCCCAGGAACGCGGCAAGGATGGCCACCGCCTGACCCTGCACCAGCCGATCACCACGCCGCTGATGACCTATGCCGATGACCGCGAACTGCGCCGGGAGATCTGGGAGGCCCAGCAGCAGGTAGGTAAGCAGGATGGGCGCGACAACCGCCCGCTGCTACGCGAAATTCTGGAGCTGCGCCGCGAGAAGGCCG
CP044990.1_gap65	2079148	2083185	4037	TTAAAGCCCAGCCCGTCCTCGTAGAAGGTGCGGGCGCGGTCAATATCAGTCACGGGAACAACGATGACTTCCAGGGTCCAGTTCATTTCATCTCCTGTGTAAAACTCAGCCTCGCCGCCGTGAGAGCTGCCCGCAGTGGTCCCAGCGCTTTCGGCCCCAGCCCATGTAGGGCCAGAATTTCCTTCTCGGTATGGGCGGCGAGTTGCTGGGGTATGCCCATGCCCGCTCCAGCCAGGGCGCGGCGGGCCGGGGCCGACAGACCGGGTGGAGGCCAGGGGTCAGGCGCGATCATTCGGCTTTCTCGTGGGTCATGGAGGAGCCGCCGGGCCACTGTGCTGAAGGGCGTACCGCAGGGCCACCACACCCGCCTGAAAGGGCCGGGATTCCAACAGGGTCAGCTTCATGTCCTGTCCGCCTCTAAACAGCGGGGGGCCGCCGCTCAGCCCCACTGGATTGACATAGATCAGGTACTCATCCACCAGTCCCAGCCGCGCCAGCACATGCACCAGTCGGGGGCTGCCGAAGACCATCAGCGGGCCGCCCGGCTTTGCCTTTTGCTCCCGGACGGCCTCAGCCGCGTTCTCGCGGATCAGGGTGGTGGTGTTCCAGTCGGCCCGGTCCAGCGTGCGGGAGATCACCAGTTTTGGAATGGCCTCCACCCAGGCCAGGTGTGCGCGGTCACGCGGCGTGCTTTCGGGATTGCCAGACACGGTAGGCCAGTAGCCCTCCATCATGCCGTAGACCACGCGCCCGTAAACCGCTACGCCAATTCCCTTGAGCCGGGCGTCCACATCGCCCGCGATTTCAGGCGTCACGTTGGCCCAGTTCAGCCCACCATTCGGCCCGCAGGCGTAACCGTCCAAACTCAGGTGGGTAAAGGAGACGAGTTTGCCCACTTTAATCACCTGCCTGGTACGCCGCCCGCAGCCACTCCACAACCTCGGCATCTACCCCCGCCAACTCCGTGATGCGGACGCGGTGCGTGACCATGCTGTTCCAACTTCCGGCTGCCTCAAAACGTTGGGTGGCCTCTACATCCTTGCGTTTGATGCCGAGGTCCAGGCGTCCGGCCCCCGGCTGCACGATGGCAAACTTCTTGCTGCCCCGCAGCAGGCTGACATAGCTCTCGGTGGGAGCAATGTCCACGTCCTCGCCGAAGCCCTGCACGGTTTCCAGCAGCGCTTCATAGAGCGGCCTCCACATTGCCTTCTTGCCACTAAATACGGCGTCCACCTTGTCGGCTTTGGGCGTCTTGAAAGCATCCGGTTTCAGCAACGCGCCCGCGACGGCGGTGGCGTGGCCGTGGCCCAGTTCAAACTCGGCCTTGAGCCACTTCACGATCTCGCCGTGCTTGGTCAGCCCCTTCTCTGCGGCCAGGATGCGGAAGTCGGCCACAGTTTTGCCTGTTTGTGTTTGCACGGTGTCCAGATATGCCTGAAATGACATGGGTTCTCCTTTTATTCTACAGCGGCCCGATCCATTGCCGCACCAGGGCTTCCAGGGCCGCCTGCTTGGCCTGGATATCTGCCGGGGTGAGAAGGGTCATCACACCCCGGTCTTCGGCCACCCACCTCATCAGGCCGGACGGATCGGCCACGTCCACCTTCATGGGCAGCGGCGTGGCCCTGACCTTTGCGCCGGTATGGAAGACGAGCTGAATCGCCTGGGCAGGCCCGAGTCTGAAGGTAGCAAAGTGCTGGACAGTGCCGTGCTGTATGGTGAAAAAACTCAGACTGCTCCACTTCACGCCCTCCTGAATACGTGCGTCTACGCCCAGGATGATGCGGCGGAGCGTCTCAATCTCCGGCTTGCGCGCGTGAGCGAGACCGGCCATAAACGTACTGGCCTCCGTAGCGTCCCGTCCCAGCTTCGTTTCCTCGTTCTTCGTCAGCGCCGCGATAGCCCCGTCAATCCGGCGCTGACGGGTCTCCACTGTTTTGGCTCCCTCCACCGCCAGGGTGTGCTGACGCTGGCGGCTGTAGGACAATGCCTCGAAGCGCTGTTTGGCCACCGCATCGGCATCCAGCGCCGCTTGTAAATCGTCTGGCACGCTCACTTCACGGGGTTCGGTGTCCAGTTCCAGTGTCACGTCCAGCACGTCTCCGGCCTGTATGCCCGCCCCGGCGCGGTGTTCGGCACTGACCGGAAGCATGAATTTGCCGCCCCGCACGGCGACGGTGCTGCGGTAGGCGCACTCGCCAAGCCGCACATGTACCGCAGGCTTCTTGCCCACGCCCAGGCGTTCGATGATTTCCGGCGGGACTTCCAGGCCGGTGGCGTTCTTGCCGCCCAGAAGCAGGGTGGCCTGAAATGTCAGGGGGCCGCTCATGCCTTCGCTCCCAGCGCATAGCTCAGCCTCACCACACCGGAGCTGTAGGTCTGAGAATCAACCAGCTTCAGCCCTGCACCCTCCGCCCCAAACAGGCGTTTGCCGCTGCCCAGCACGACGGGATAGACCAGCAAATTCAATTGATCCGCCAGACCGCGCTCCAGCAAAAACTGCGCCAGTTCGCCGCTGCCGTACACCAGAATGTCCCCGCCCTCCTGAGCCTTGAGTTTCGTGATTTCCCCGGTGATGTTCTCGCGGATGAGGTGCGAGTTGTTCCAGGCGACGGCCTGCAAGGTGCTGGAAACGACGTATTTGGGCAGGATATTCATCCGCTCACCAAACTCCCCGGTGTCGGTGGCCGTCGGCCAGTAGCCAGCGAAGCCCTCGTAAGTCATGCGGCCCAGGAGCAGAGCGCCGCTGCTGAACAGCTCCTCGCGTTTGAAGAGGCCGATTTCCGGGCTGGCGTGGCCTGCCTGCCACGGCGTCGGCTCTTCCATCACGCCGTCCAGCGTTACAAATTCTGTCACGATCAGTTTCCGCATTCTCAGCTCCTCAGCCGGTAGGTCAGGTGCGTGGCGTGGGCCGACTGCACCACCCGCACCTGCTCCATGCACGTGATTTCATCCAGTTCTCCGCATAGCCGCAACCCGCCGCCCAGCAACACGGGGGCCACATACAGTTGGAGTTCATCCACAAACGCCCGCTTTCAGAAATGCCTGCGCGGTCTGTGCGCCGCCCGCCACACAGATGTCCTTTTCCCAGGCGGCGGCACGGGCCTGGGCCAGTGCGCTCTCCATTCCCTCCGTGACGAAGATGAAACTGGCCCCGCCGCGCTCCACCGTGGCCAGAGGGGTATGCGTCAGGATGAATTGCGGCACCCGGTATTCGGTGTCGAAGCCGTCGGGCGCGGTGCCAAAAGCCGTGTGTCCCAGGATCATCGCGCCAATGCGGTCCAGCAACTCACGCTTGATGGCCCCGGCTGCGCCCTCCTGGGCAAAGTACCAGTCGTGCAACCCGGCGTCCTCGCCCTTCGGCCCCGCGATAAAACCGTCCAGCGAGACGGCCAGATCAAGGAAAACGCGCCCCATCATTTCCACTCCTGCTGTGACGTGTGCGCTGCAAATGGTATGGATCTGGTCATGGGGTGTCCTCCTGGCCGGTGTGTGCATGGACATGACACGGCAAACGAATGGAAACAGCCTTATTTTTCTCGTATAATTAGTATATAACAGAATATACCCGGAAAGCAATCCTGATTACACAGCCAGGGGAGGCGGCAGGAGCGGGACAGCTTGGGGGCGGTTGACTGCTTCCCAAACTGTCCCGCTCCTGTTGATAGCGTGGAAGCGTCCGGTTCAGCCTGCCTGGGGTCCGGCCAGATGCTCCGCCAGCCGGTCCCAGGTTTCGCCTATGCCCTGGAGCATGCCCATGTCCATGACGGTCTTCAGTGCGCCCTCGCTGCCGTATACAGAGCGGCTGACCACGCAGGTGCCTCCCGCCACTTCCTCAAAAATCAGGGTGGCCTGGGTGGTGGGCAGGTCCGCATTGATTTCGCCCGCAGCATCCGAGAAATAGTCGGTGTAGACCAGCCGCTCGGGGGCCACGATCTCGTCGTAGACACCCAGACCCCACGATTCCATGCCGTAGAAATCGCCCTGTGCCCGGTCCATGCACTTCATGCAGTAATGCCACTTGCCGCCGGGGCGCA
CP044990.1_gap66	2192907	2194225	1318	GCGGGCGGGGCGGTGGTCATGGATTGCTCAACTCGTGCAGGGGGCGGCGGTCCACGTCAGTCAGTTGAAAATCCTCAAACGAGACATGGAATCCTTCGCGCTGGGGGCTACAGGCCATCACACCCACGCGGGCGCGCAGGCCAGGGGAAAAGGGTGCCACACGCAGCAGCGTCCAGCGCTCGGTGACATCGGCGCGGGCGTGCAGGATCAGGGCATCATCACGGCGAATCATGCGGAAGATCACCTCTGAATGATCGTCGGCGGGCTGCACGCTCCAGTCCGACTTCTCGTGCGTGACCACGGCGCTCCACTGCTGTCTGCCCACGTATTCCACCCCCACCTTGCACCAGTGCTGTGCGTCTGCCCGCAGCATCAACCCGGCCTGATCGTAGAGTTCCCCGTACTCGCCGCGCACCCGCACACTGGCCGTGAATTCCTCCGGGGCCTCGCGCAAAAAGGCGTGGCCGTCGTCGCGGATAAAACCGTACTGCGTTTCGCGCCAGAAGTCGCCCCCTTTCGCGGTGACGACTTCCAGCGTTCCATCGGCATTCACGCTCCAGCTTTGCGGTTCGGCGTGCCACTCGGAGGCTTGCCAGGAGTGAGAGGGCCAAGATTCGGACATACGTTTATTGTCCTCCAGATTTACAGCCCACGCGCTTCATCCTTCTTCAGACCCCAGATTGCCAGCCCACCGAAGACCACCGCGTACAGCGCCAGATACAGCCAGTGCGTCGCCTCGCCGGAGGTATTGCCGGTCACGGTGCCCCAGCCGATCTGCGCCAGATGGTAGGTGGGCATGTATGGCGCGATTTTCTGCATGACGTCGGGCAATTGGTTCAGCGGCACGAACAGCCCACTGGCAAAGGACATCAGGATGCTGACCACGTTGGCGATCACGTTGGCGGCGGTGGGATTCACCAGAAAGCCGATCATGAACCCCAGTGCGATCAGCGGCACACTGCCCAGCAGCAGCTTGCCCAGGATGGTCAACGCCAGCGGGAGCGGCAACGTCACGCCGCCCGCAAAGTGCGCGAAGGTGTATAGCAGCCCCAGGCTCAGGGCGCTGAAGAGCAGCGCGGCCACCACCTTACCCAGAAAGTACAGTGGCGCGGGCATGGGCGAGGCCCGCAGCAGCCGCAGCCAGCCTCCAATACGCTCGGCAGCCACCGCCAGCCCGAACGAGAACATGGCCAGACTGAGCAGCGAGTACGTACCGAAACTGACCATGATGTAGCGCCCGACGTTGGTGCCGTCCGCCATTTGATCGTGGACGTTGGGCAGACCGAACAGCGCGAACCACAGAATGGGAAAGCCCACG
CP044990.1_gap67	2196849	2201251	4402	AAAGGCATTTGGTGGTCACTGGGGCAGTTGTGCTTTCCCGAAAGGACTACAAATGAACTTTGACCAACTGATTGCGCCCGAACTCGCGGCGCGTCTCGCCGAGCGCGGTATTATCGAAGCCACTCCCATCCAGGAAGACAGCCTGCCCCAGACCCTGGAAGGCCGCGATCTGATTGGCCGCGCCCGCACCGGCACCGGCAAGACCCTGGCTTTTGCCCTGCCGATCATCAGCAAGCTGGAGGGCAGCCGTGAGCGTGGCCGCCTGCCCCGCGCCATCGTGATCACCCCCACCCGTGAGCTGGCCAAGCAGGTGGCCGAGGAATTCAGCAAGACTGGCGTGGACCTCGTGACCGTCACCGTCTATGGCGGCGCTGCGTATGCACCCCAGGAAAACGCCCTGCGCCGTGGCGTCGACGTGATCGTCGGCACCCCCGGACGCCTGATCGATCACCTGGAACGCGGCAACATCGACCTGAGCGGCGTGCAGTTCGCTGTGCTGGACGAGGCCGACGAGATGCTGTCCGTGGGCTTTGCGGAAGCGATTGAAACCATCCTCCAGAACGCGCCCGCTGACCGCCAGACCATGCTGTTCAGCGCGACCATCAGCCAGGAAGTCAAGCGCCTGAGCCAGAAGTACATGCAAAACCCGATTGTGGTGGACACCGTGGGTTCGGGCAAGAACCAGACCGCGCAGACCGTGGAACACCTCAAGGTGCGCGTGGGCCGCAGCCGCACCCGCGTGCTGGCCGACCTGCTGACCGTTTACAATCCCGAAAAGGCGATTGTCTTCACCCGCACCAAGCGCGAGGCCGATGAACTGGCCAATGAGCTGATCCACCGTGGTCTGGAAGCCGAAGCGCTGCACGGCGATCTGGCCCAGAGCCAGCGTGAGCGTGCGCTGGGAGCCTTCCGCAGCGGGCGTGCAGGCGTGCTGGTGGCCACCGATGTAGCCGCCCGTGGCCTGGACATTCCTGAAGTCGATCTGGTGGTTCAGTTCCACCTGCCCCAGGACCCCGACAGCTACATCCATCGTTCGGGCCGCACCGGGCGCGCAGGCCGCACTGGCACCGCCATCATCATGTACGGTGACCGCGAAAACCGCGAAATGTCCGGCCTGGAGCGCGTGACCGGCGTACGTTTCATTGAGCGTCAGATTCCCACCCCCGCCGAGGTGGCCGCTGCCAGCGCCCGCGCCGGGGCCGACATGATCCGCAAGGTGGACCCCGGCGTGGCCGCCAACTTCCAGGAACAGGCCGAGATGCTGTTCAGCGAACTGGGCCTCGAAGCCTTGGCCCGCGCTCTCGCCAAGATCAGCGGCGTGACCGAGCCGGCCAAGGCGGCCAGCCTGCTGAGCGGTGAGGAAGGATTGACCACCATCATCCTGCACGGCGAGCGCCTGAGCGTGGCCCGCAGCGTGGCCCTGCTGGCCCGCGTCGGCGATGTGGACACCCGCCGCCTGGGCAAACTGCGCCAGTGGCGCGGCGGCACCGTGGCCGACATCCCCAGCGAATTTATCGCCAAGCTGATGGCCGCCAACCCCCTGGAAGGCGAGATTCAGATCGAGATTGCCAAGGAACTGCCTGAACTGTTCGAGGCTCCCACCCGCGAGCGCCGTGACGGCGGCTACCAGGGCGGAGGCCGTGGGCGCGGCAGCCGCGACGAGGGTGGCTACCGTGGACAGGGCGGCGGCTATCAGGGTGGACGCAGCAACCAGGGTCAGGGTGGCGGAGGCTACCAGGGCCAGGGTGGCGGCAACCGTGGCAGCCAGGGCAGCGGTGGACAGGGCGGAGGCCAGGGCCGCTGGAGCCGTGACCGCAACGAGGGTGGCAACAGCCAGCCCCGCCGCGAGGACTTCGCAGACCGCGAGTTCGTGAACAACCGCTAATAGAGATGCAATAGGAAGCGCCCCTGCCGGGAAGGTGGGGGCGTTTTTTACATTGCTGTAGGATCAAGCAAGGTCAGATTCGTAAACACGCTGTCGTACACAGTACGATCGAAACCTATGACATCCAGACCGTGATATTCGGCGTGCGCGGCAATCAGGAAGTCAGGGAGAATCCGGCGAGGCAGTTTCCCTGCGCGGCGCAGTTGTGCGTATTGCCCTTGCCGGAGTCCGGCCAGTTCCCAGACCTCCTGCGGCATGGCCCACAGCACAGAGATTCTGGTCAGACTCAGCCAGTTTTGGTATCGGCTCCATTCTGGCCCGGCCCGCAATTCACTGTACACAGCGGGCGAGATGACGTAACCCTGATGCTGTTCCCGAAGCAACGCCGTCAGCGCTTCCGAGTGTCTGGAATCCGCCGACTCCAGCGCAGAGATGATGACGTTCGTATCCAGTGAGATCATTCCTGCGGCGCTTCGTCTTCATATTCCGTCCAGCCGCGCATTTCCCGGACTTCTTTTGTCGCATCTTGCGCTTGACCGCCAGAGCCAATGTGTTGCCGGGTCAAAGCCTCAAAATCGGTGGCGGTGGGAGTCAGATGCAGTTGACCGTCACGAACCTCGATGGCAACCTTGTCGCCGGGCTGTAGGCGAAGCTGCCTGAATGCTTCGGCAGGAATGGTGATCTGCCGCTTACTGCTCACTGTTCCCTGAAAAATTTGGCTTGGTGGTTTCGACTTGGCAGTCATAACCAAGTTTAACACGCCTATCTAGCCCACCTTGCCCCGGCCCCCCTTAAAGCCGTAAGCTGTATCCATGAGTGCGAATCTCGTGGTAGTAATTCTCAGAGTCGGGGGTTTCCGAGGCTGAGCAACGCGCCATGCCGCACACCCCCGCCCCAGCAGAGGCGGGGGATTTTTTTTACAGGAGGCTTTATGGGACAGTCAGATGGGCAGGATGCAAGCGGGCAGGAAATCAGCAGAGGCGAGATGACCGGCGCGAAGGCGCTGTGGGCCACGCTGGCAAACCACGGCATCAGTACCGTGTTCGGCTATCCCGGCGGCGCGATCATGCCGGTGTACGACGCGCTGACCTATTACCCGGAAGTGCGGCATGTGCTGGGGCGGCACGAACAGGGGTCCATTCACGCCGCTGAAGGCTGGGCCAAGGCAACGGGCGAGATCGGCGTCTGCATCGCCACCTCCGGCCCCGGCGCAACCAACCTGGTCACCGGACTGGCCGACGCCATGATGGACAGCGTGCCGCTGCTGGCGATCACCGGCAACGTGGCCCGGCACCTGATGGGCACCGACGCCTTTCAGGAGGCCGACATCACCGGAATTACCCTGCCCGTCACCAAGCACAATTACGTGGTGCGCGACGTGGAGGAACTGCCCCAGATCATCGCCGAGGCCATCCGTATTGCCCGCACCGGCAGGCCCGGCCCGGTGCTGGTGGACATCCCCAAAGACGTGCAGATGGCCCCTTACACCGGCGAGATTCCCGCACCGCATGCCCGCCCGGAGATTCCCGCGCCGTCCGACGAATCCATTGCGCGGGCGCTAGAGCTGCTGAAAACCGCGAAGAAACCCGTGATCATGGCGGGCGGCGGTTCGCTGGATTCCTCCGCCGAGATCACCGCGCTGGCCCGTGCCTGGGATATTCCGGTGATTACCACGCTGATGGGCCTGGGAGCCTTTCCCGCCAGCGATCCGCTGTGGCTGGGCATGCCGGGGATGCACGGCAGCGTCGCCGCCAACCGCGCCATATCCGAGGCCGACGTGTTGCTGGGCATTGGCCTGCGCTTCGATGACCGCGTGACCGGGCGCGTCAACGGCTTTGCACCCAACGCCGCGATTATTCACATTGAGCTGGACGCCGCCGAGATCGGCAAGATCATCCGCACGCATGTGCCGGTACGCGGGGACGCGAAGGTGGCCGCCGCCAAGCTGACCGAGGGGGCTGTGAAAGGCGAGTGGCCCGAATGGACGGCGCAGATTCAGGAATGGAAAGGCCGCAACGAGACCCCGGATCACTGGGGCGCGGGTTACGCGGTCAAGGCCGTGGTGGATCGCCTGACGCCCGACGACATCCTGAGCAGCGACGTGGGACAGCACCAGATGCTGTGCGCGCAACTGGCCCGCTTTGAAAAGCCCCGGCGCTGGCTCAACTCCGGCGGGCTGGGAACGATGGGCTTCGGCTTTCCGGCGGCCATCGGCGCGGGCATGGCCGAACCCGGTGTGCGCAGCGTGGTCATCGCGGGCGACGGCGGGTTTCAGATGACGGCGCAGGAGCTGGCAACCCTGAAGATGTACGACATCCGCAACGTCAAGATCTGCATCATCAACAACTCGTATCTGGGCATGGTGCGCCAGTGGCAGGAGATGTTCCACGGCAAGCGCTACTCGGAAGTGTGGCTGGGCGACAGCAACCCCGATTTCCTGAAACTGGCCGACGCCTACGACGTGCCGGGCTACCGCGCCAGCAACGCTGAGGAACTGCCCGGTGCGATTGATGCATG
CP044990.1_gap68	2211982	2214340	2358	AGCATGACCAAGCGTGTGGACAACGCCGTGTTCGCCCTGATCAAGGCCGTCAAGGACGACAAGTTCAAGGGTGGTCAGCAGATCTTCGGCCTCAAGGACGGCGGCGTGGGTTACGCCGTGGACCAGTACAACAAAGCCCTGATCAGCAGCACCCAGGTCGCCAAGGTGGAGGGCATCAAGGCCCAGATCATCAGCGGCAAGATCAAGGTGCCCAGCAAGTAAGCCTCAACTCTTTCACTGGAGGGCGGTCCCGCGTGGGCCGCCTTCTTCTTTTGTCTTTTATCTCCATTTTTACATTCCGTTTTGCCATGCGCTGGACCCCTGGCCTATGCTGAGGCCATGCCAGACCGCTCCCAGCCCCTGCGCGATCAATTGCTGATCGTTACGCCCCACCCGTCCGGGCAGCTTCCGGCACACATTCTGCGGCAGATGCTGGGCGACGATCTATTCGACACGCCCAAGCGCGAGGCTTTCCTACGGCGCATCTTTCTGGACGGCGACGCCTACACGGACCTGCTGTACTCGCTGCCCGGCGCACGGCACGTTCAGGCCCCCTGGAGCCGCTTTGCCGTGGACCTCAACCGCGACCGGGATGACCGGGTGGACAACGGCGTCATCAAGGCCACCGACTTTGACCGTCAACCACTGTATCCACCCCACACGCAGATTTCGGAGGCTGAGCGCGAGGAACGGCTGCGGCGCATCTGGGACACCTTCGACAATGCCGTGGGTGCGGAGTTGCCCGGCGCGCGCCTGATGATCGTGGGCCACAGCATGGCCTCGCATGGTCCCAAACTGGGAGAGGACACGGGCACGCCCCGCCCCGCCATCTGCCTGATGCCCGGCACAGATGACGCGCCCACCTTTCCCCGCCAGCAATGGGACGCCCTGAAAAGCGCCGCCGAGAACGCCTTCGCGGATGTGATCACCGCCAGTCCCTTCACGCGGGTCACGCTGGGCGAGCCGTGGAGCGTGGATACGCTGAGCCACAACCACAGCCAGCGCAGCGGCGTGCCCGCCTTCGGCATCGAGTTCAACGCGGGCCTGCACCTCAAAAACGGACAGCCGGTGGACGCGGCCATGCGCCAGATGAACGCGGCGTTCGCGGTCTTTGCGGATGCGGCGCTGGAACTGGTGGGCTGAAAGCACCGTCTCTATCTATTTCAGGAGTGATTCCATGCTGAAATCCATCCTCGCCACCGCCGTTCTGACCCTGCCCATCCTGAGTTTCTTCACGCTGGCCGGAGCGCAGCAGGGCACGTCCCAGCCCATCAAGACCACCACCCGGAAGTGCGGCGCGTACACGGTGCAACTGCGGCAGAACGGCTTTGAAGACCCCCAGGACACGGCCAGCCTGATCCTGAACGGCGTCACCCTGGCCAGCGTGGGCGATACCATGGTCAGCCTGGACTTCTGCCGCGACGTGACCGGCGACGGCGTGCCAGAAGCCATGCTGGCGCAGTTCAGTGGCGGCGCGCACTGCTGCTTCACCCACACCCTGTACTCTCTGAGCAACCCGCCCCGGCGCATCCTGCATGTCTTCAGCGCCGATACCGACACACTGCTTCCACAGCAATTGAACGGCAGCGGCCCACTGGAACTGCTGGGCGGCGACTGGAGATTCGCATACGCCTACGATCTGCCCTTCGCCGACAGCCCGGCGCTGTGGCGTATCTACTCGAACATTGGCGGCCAGTACGTGGACAACTCGCGGGCGTATCCAGGTGTCCTGCTGCGCGACGTGGGCCAGCCAGCGGCGGCTGCGCGCCCCGGTCAGGCGCTCTACGATTACGCCTCGCTGCTGGCGGCGGGCCAGCCGGGACGGGCACAGACGTATCTGGACGGCCTGCCTGCGCTGTACCGTAACTGGCTGACCAACTACGGCCCCGACATCCGCCAGGACCTCTCCGACTACGGCATGCGCGACTGGCCCACGCGTGCGGGCGCGGCCCCAGACGCCCCCCGGACCGGGATCGGCGGCTCGTTCAGCGGGCCGGGGCAGGCGGAGTATCTGGCCGTGGTGGGGCAGGGTGGAATGGCAGCGCTGCGCCTGTACCGTCCGCAGTCGGGCGGCATAGTCGCCGGAGACGCGCTGGACACCCGCCCACAACCTGCCCAGGCGTATTTTGGTACAGACTTCCAGGGCTTGAAGTGGTGGCCCGCCTTCACCGTGCGCCGCGCCACGGGCCGCGACGACGCCGTGATCCACGACTCCACTTCCGGCAGTGTGAAATACCCGGTTTACCGCCTGAGCGCCACTTCAGGAACGGTCCTCAAGGACGACGCTCTGAGCGCCGCCGCCACACTGATCGCCCATCTGGAAGCGCTGGCCCAGCACGTTTCCTCTGGATACATGCA
CP044990.1_gap69	2232930	2236564	3634	CCACAAACCCATCCACAATCCGCCGACGCCACCGACGCCGAGGTGCTGGACATCATGCAGTCGGCCTTCGAGGCGGCGCGCAACGGAGACGCCGACTTCCTGAAAACGTGGCTGGAAAAGGGCCTGCCGCCCAACCTCCAGAACACGCGCGGCGACACGCTGCTGATGCTGGCGGCCTACCACAGCCACACGGAAGCGGTTCGCACACTGCTGGACCACGGCGGCGATCCCGACATCCTGAATGATCAGGGACAGACACCACTGATGGGCGCGGCCTTCCGGGGCGATCAGGCCACCGCCGAGTTGCTGGTAGAGCGCGGCGCGGGGCTGGACGTGGCCGCGCCCGGCGGCAGGACGGCGCTGATGATGGCCGCCATGTTTAACCGCATGGACATGCTGAACTGGCTGCTGGAGCTGGGGGCCGATCCCAACATGCGTGACGCGGGTGGGGCCAGCGCCGCAGACGCCGCACGCGTGATGGGCGCGGCACAGACGGCGGCAAGATTGGACGCTGTGATGGCGGCCCGTGGCGAGGATGCCACCGCTGACTAGTCTCCCCTGCCTAGCCGCCGCATTGACCCCCACCCACGCGCCCGCTAGACTTGCCCGCATGTTCGCGGCTGCCCTGAACGACAACGATAACGATCCCCAGTAGGGGACGCTTAAGCCGTTGCGCCCCTGACCTCCTTCTCGGAGTCGGGGGCTTTTTTTAGCCAGTCCATACAGGAGACCCTATGACCACCGAAACCCAGCCCGCAACTGCATCAGCACAGAAACTCCCCCGCACCCTGACCCGTGATCTCGCGCAGCACGACGGGCAGACCGTGCGCCTGCAAGGCTTCGTCCACGCCCGGCGCGATCTGGGCGGCGTGCAGTTCGTGGTGCTGCGCGACGTGTCCGGCATTACCCAGTGCGTGGGCAGCGGCCTCGCATTGCCTCTGCCCGAGAGCAGCATCGAGGTGATCGGCAAGGTCAAGGCGCACCCCAAAGCGCCGGGCGGATTTGAGGTGCAGATCGAGGACTTCAAGGTGGTCAGCGCCGCCGTGGAAGCGCCGCCCCTCGAAATCCCCAAGATGGAATGGAACGTCAACCCCGAGACCATGCTGGATTACCGTTACGTCTCGCTGCGCGGCCTGCGCGAACGGGCGGCGCTGAAGGTACAGGGCGAGATCGTCTACGGCTTCCATACCTACCTGCGCGAAAACGGCTTTACCGAGATCAGCACGCCCAAGATCGTCTCGGCGGGGGCGGAGGGCGGCGCGAACCTGTTCAAGCTGGATTACTTCGGCGAACAGGCGTATCTGGCGCAGAGTCCTCAGCTTTACAAGCAGATCATGGTGGGCGTCTTCGAGCGGGTGTACGAGGTGGCCGCCGTCTATCGCGCCGAGGAACACGCCACCAGTCGCCACCTGAACGAATACCTGTCGCTGGACATCGAAATGGGCTTTATCGACAGCGAGGAAGATGTCATGGCCCTTCAGAACGGCCTACTGGCGTCCATCATGGAGCGGCTGCGCGAGACCAGCGCCGGGGAGTTTGAGCTGCTGGGTGCGACGATTCCCGACGTTCCGGCCCACATCCCGCGCATCCCGTTGATGGAAGCCCGCGCACTGGTGACCGAGAAATACGGGCATCAGGTCGGCGGTAAAGATTTAGACCCGGAAGCCGAACGTCTGCTGAGCCAGCACTTCGCGGAAACCGAGGGCAGCGATTTCGTGTTCGTGACCAAGTACCCGCGCGCCGCCCGGCCCTTCTACACGCACGCCGATCACAACGCGGACGGCACACTGAACCCTGATCTCACGCGCGGCTACGATCTGCTGTTCCGGGGCATAGAGATCACCTCCGGTGGGCAGCGCATCCACAATTACGCCATGCTGATGGACTCGATCCGCGCCTACAAGATGAACCCCGACGCCATGACCGGTTACTCAGAGGTCTTCAAATTCGGCATGCCCCCGCACGGCGGTTTCGCCATCGGGGCCGAGCGGTTGACAGCCAAGCTGCTGGGCATTGCCAACGTGCGCTATGCCCGCGCATTCCCCAGGGACCGGAACCGCCTGACGCCCTGACTTTCAGCGGCCCCTCACACACGAGTAGAGGGGGCGATGCAAAGCGGCGGAGACAAGCCGTACCCTCCACCATCATCTTAAAAAGCAGGGCAGAGACTGGCCGTCCATCGGCTCACCTCTGCCCTGCTCTATCCTGCACGTTCAGGTTTTACGCGTCGTGTTCGTGTTCCATCATGTCCGGGGTATGGGCGTGGCCGTGTTCCAGTTCCTCGGCGCTGGCGTCACGCACGCCCACCACAGTCACGTCGAAGTTCAGGACCTCGCCGGCCAGCGGGGGGTTGAAATCCACCTTGACCATGTCGCCGTTCAGTTCCATGACCGTGAAGGGAATCACGCTGCCGTCCTCGGCCTGCGCGTAATACGTTTCACCGATCTCGATGTCGTCCTCGAAATCCTCGCGGGCCAGTTCCTCGGTGTTGTCCTCGTCGCGCTCGCCGTAACCGTCCTCGGGCTGCACGGTCACCTGCATGGTGTCGCCCTCGCCCTTGCCTTCCAGCGCCTTTTCCAAGCCTGGAATGATGTTGCTATGGCCGTGCAGATAGGTCAGCGGCTCGCCGGGTTCACTCTGATCGACAACCTCGCCCTTCACGGTCAGCTTGTAATCCAACTCGACAACTTTGTCCTGTTCAATGTTCATATGGCCCTCCATGTCTCGTCCGGCGGCAGATGCCAATGGCTCGGGACGAGTTTTCTCGCCCGAAGAGTGTAACGCTTCGGGATGAGCGGCGCGGCCCCCGGCCCTACGGCTTCGCTTCACGGACGGATGGATGCCGGGCCAGCCCTCTATGCTGACCCCCATGTCTGCCCCCACTTCTTCCGGCCACCCCTTCCCGATGCACGTCAGCGTGGCCGAGGCCCGCGAAATGCTGGCCACGCTGCTGCCCGAACTGGAGACCGAGACCGTGCCTATCGCTCAGGCGCTGGGCCGCACCCTGGCCGCCGATCTGGAGGCCCTGGTCAGCCATCCCAGCGCCACCGAGAGTGCCCTGGACGGCATCGCCGCGCGTGAGGCGGACACGCTGAGCGCCAGCGCCGAGGCCCCGGTACGCCTGAAGATCGTGGGCGAGAGCCGCGCCGGAATGCCGTTTGATGGCCGCGTGGGCGCGGGCGAGTGCGTGCGGATCTACACGGGTGCGCCGCTACCGCGCGGGGCGGACGCGATCTGTCCTGTCGAGGAATTGGCCGATGGCGGCCCCGAACACGTCCATCTACTGCGCCCCGCCTTTCCCGCCGACGTGCGCCCCGAGGGCGGCGACTTCCGCGCGGGCGAAACAGTGATGCGCGCTGGCCTGCGCCTGAGCGCCCCCCGCGTGGCGCTGGCCGTCTCGCTGGGCCACGCCCGCCTGCCGGTGCGCCGCAAATTGCGCGTGGCGCTGCTGTCCACCGGGGACGAGGTGATTGAGCCAGGGTTACCTCTGCAAGCGGGTCAGGTCTACGACAGCAACCGCGTGGGCCTGTCGGCCATGCTGGAGGAAAGCGGCTGCGAGGTCATTGAGCTGGGCCACGCCCCCGATAGCCCGGCGTCTCTACAGGCGGCCATCGCAAGTGCGGGCGGCGCGGAC
CP044990.1_gap70	2252495	2254102	1607	AGATGTGCGGCAAAACTCGCCTCATTTTCAAGTGCGGGCGAGTGGGAACGCAATTCACGCAGGGCGGGCAGAGCCAGAGCAGCGTCAGCGGCGGAAATGGCGCGAACATGGTTCATTCCCCTACACTAGCCCGATGGTGGCCCCCCAAAAAGCTCCACTTCAGACCAAACAAAGCAGTCCACTCACGGGCGATCTGCCCATTGCGCTGAATCTGAAACGCGGCGTGGAGCAACCCCTGCACGCGCAACTGGCCGAACAGTTGCGGGCAGCGGCGCTGTCAGGGGCGTTGCCAGCGGGCCTGACCCTGCCCGGTTCACGCACGCTGGCCGCCGGACTGGGCGTGACGCGTGGAGTGGTGGCCGACGCCTACGCCGAACTGGTGGCCGACGGTACGCTGGAGACGGCGGTGGGACAGGGAACGCGCGTCTCGCTGGGCGCGGCACAGGCCAGAGCTGTGGGCGGCGGCGCACCCGGCTGGTTCGTGCCCCCGCAAGGTGCCCCCGTGGACGGTCCCCGTCAGCCCGGAGGCATCCACTTCCGGGCCGGGGTGGCGACGACAGCCACGCTGGACATCCGGGCGTGGCGACAGGCATGGGCGGCTGCGGCGCGGGCCGACGTTCCGGGCGATTACGGCAATCCGGCAGGGGAACCGGAATTGCGCGCGGCGCTGGCCGCGTTCGTGGGGCGCTCGCGCGGGCTGGGTGCCACGTCAGAGCGCGTGCTGGTCACGGCGGGCAGCCTCCAGGCCCTGAATCTGATTCTGCGGCTGCTTCCCCCCGCCTCTGCGGTACTGTTCGAGGCCACCGGCTACCGCGCCGCGCGGCAGGCCATTCTGGACGCCGGACACACCCTGATCCCGCTGGAACAGGATGCGGACGGCCCCATCATCACCCCCGAAACGCCGCCCGCCCGGCTGGCCTACGTAACACCCAGCCACAGCTTTCCCCTCGGTGGGCGCATGAGCGTGCCGCGCCGACTGGCCATGCTGGAATGGGCCACGCAGCACGACGCGCTGATCGTGGAGGACGATTACGACGGCGAATTCCGTTACGGTGCGCCGCCCCTGCCCACCCTGGCAAGTCTGGATTCCCAGGTCAGCCGGGTCCTCTACCTCGGCACGCTATCCAAGGTCCTGACGCCGGGCCTGCGGACGGGCTTCCTGATCGGCCCGCCCGCGCTGATGCCCACGCTGGTGCGCGCCCGCACCTTGCTGGATTCGGGCCACCCGCTGCCCGTCCAGCACGCGCTGCTGCATCTGCTGAAAACGGGCGAGGTAGACCGCCACATCCGCCGCACGCGCCGCTGGCACGCCGGGGTGCGGGCAGTGCTGACCCGGATTCTGGAACCGCTGGCCCCGCGCGCCACGCTGGGCGGCATCGAGGCCGGGTTACATGTCTGCCTGTTCCTGTCCCCGCCGCTGGACGCGCGGGCCGTGGCCGCCGAACTCTCGGGGCGCGGTGTCCATGTGTCCACGCTGGATACCTACACCTTCGCCGGGGCCGTACCAAACGCCCTGCTGCTGGGGTACGGCGGTCTGACCATTCAGCAGGCGGAAGCGGGCGCGTGGGAGATCGTTCAGGTCATTTCTGGAACAACTTAACGCCGGC
CP044990.1_gap71	2256088	2260333	4245	AGGGTGGCCAGATCGATCAGGTACGGGTTGCCCGCGAACGCACTGAACGCCTGATAGGGGCTGTCGCCGTAACCGGTCGGCCCCAGCGGCATGACCTGCCAGTATTTCTGCCCCGCATCCGCGAGCCAGTCGATGAAGTTGCGCGCGTAGACGCCCAGTTCGCCAATGCCGTAGGGGCCGGGCAGGCTGGTGGGGTGCAGCAGAACGCCGCTGGAACGGGACAGGGTGAAGTGGGGCTGGGTCATACAGAAAACCTCCTGGGAGGGTGAGTGCGTTTGGAAGTGATTCCACAATCCTTGAACTGTGGCCAAATCAATACCGCCGAGGATAGTACACGCGCCGGGTCTGAAACCCGCCTTCAAAGGGACGGTCAAGACCGGCGGCACACGACTGCGCCCCCACCTCCTTGCCGGGGTGAGGGCGCACAGTCGATGAATTTACAAGAGGTCAGAGGCCGCGAATCATAGCCCTTACTTGGTCTTGGTGATCCGGTCCTGCGCGCCCGCCGCCAGACCAGGGTTGGCCTTGACGTAGGACACAGCGGTGTCCACATCCACCAGATTGGGCAATTGCAGCACGTTGGTGCCGTCCTTAAAGGCCACGAAGTTATCGCCGCCGCCTGCCAGGAACGAGTTCATGGTCACGCGGTAGGTCTTGGCAGGATCGATGGTCTCGCCACCGAGCTTGATGCTGGCTGCGTCCACCCGGCTGCCCTTGGCAGCGGTGCTGTCATAGCTGTAGGCAAAGCCCTTGCTGACCTGCAAGATGCGGCTGCTGGTCGCGTCAGGGTTGTCGAACTGCTGCTCCAGCAGGGTCTTGATCTGCGCGCCAGTCAGGTCCATGACCACCAGCGTGTTGCCGAAGGGCTGCACGGTGAACAGATCGCCAAAGGTGGCGGTATTGCCCGCCGCACTGGCCATCAGGTCCGCACGGATGCCGCCGGGGTTCATGAAAGCGATCACGGCCCCCTTGTCGGCGGTGGCGGCCAGTTGCGAGTCGGCGATCACGTCGCCCAGCGCGCTCTCGCCCGCCGCGTTGTTGGTCCGGCTGATGCTGGCGACGGCCAGGGTGCCCACCGGGGTGCCCTTCACGGCGTCGGTCAGTGTCTTGGCGCGGGTCAGGATGGCGGTCATGGCCGGGTCCTTGGGCAGCGTGCGGGTGTCCATGACCACGTTGGCGGCGCTGACCGAGAGCAGCTTGTGGTTGGCCTTATCGACAGTCAGGTCCAGGCGTTGCAGCAGGTGACCGTAATAGTCGCCCTGGATGACCACGCGGCCTCCCACCAGACAGTTGTAGCCCTGGTGGGTATGCCCGCTGACCACCGCTTTGATAGACGGGTCCAGCTTGTTCACGATGTCCACGATGGGGCCGGTCAGGGTGCCGCAGGCTGGCTCCGAGAAGCCGTCCTTGGCCGTGCCGCCCTGGTGGATCAGCACCACGATGGCGTCCACGTTCTGCTTTTTCAGTTCGGGAACGTACTTGTTGATGCTGCTGGCCTCGTCCAGAAAGTCCAGCGTCTTGATGCCGTCGGGGCTGACGATGCTGGGGGTGCCCTGAAGCACCGCGCCGATAAAGCCGATCTTCGCGCCGCCGATTTCCTGGACGGCGTATGGCTCGAAGACAGGCTTCCCGGTGGTCTTGTCCACCACGTTCGCGCCCAGCCACTTGAAGCCCGCAGCGGGGTAAGGGTTCTCGAACTTACAGGCCTTGGCCATGTCGTTGCTGTCGCAGCCGCCGTTTTGCATCCGCATCAGTTCCTTGAGGCCCTGATCGAACTCATGGTTGCCCAGCGAGCTGAACTTCATGCCCAGCTTGGTCATGGCGATGGTGCTGGGTTCGTCACGCAGCAGGCTGCTGGTGATGGGCGAGGCCCCGATCACGTCCCCAGCCCCCACGAAGATCAGGTTAGGATTCTTGGCCCGCTCCTGGTCCAGGTAGCCGCCGATGGCCTCGATCCCGCCCGCTTGCAGGCGAACCTGTTTGGTGGGGTCCTTGGGATCGGGAATCATCACCCCCGAAAAGTTGGTGGCTTCCAGGTTGCCGTGGAAGTCGTTGAGGCCCACCACCGTCACCGTTACCGGCTCTGCGGTTTTGGACATCATGCTGCACGAGGACAGCGTCAGGGCTGCGCCGATCAGAAAGAGATTTCTTTTCATGGGGGTCCATCATAAGCGCCTCTCATCCGCTGCGGATCAGGATCACAAAAACCAGCAGACCAGCACCAGACCTGGAATAGGGCCTGTCCGCTGATGCTGGACTGCGGCGATAGGCGGAACCATCCTGCATCTGGTCTGCCAGTTTGCTGAACCTGCGGGATAGAACGGGGCGGAAGGGCCAGAAAAAACTCCCCTCCCAGTTGGGAGAGGAGCGCAGGGGAGGTGGACGGGGTGGCCAACACTCCAGCTCAGGCAGGCGTAGCCACGCGGGTCACGCGGTCAATCACGGCCCGTACTGCCAGCCCGAATTCTTCTTCGGCGGCGTTTTGCCTGATGTTCAGCACGCAGCTCAGGCCCTGCACCGGATCACTCTGCGCGCCGCCGGGCCGGGGCTGGGACCGGGTTTGAGACTGCTGGGGCTGCTCGGACAGGTGCTGCCAGCCGATGGCCAGGGCGTACAGGTGACGCAGCACGCGCACAGACACCTCACGTTCCAGCGGCATCAGCGCCAGCAGACGCTCCAGATGCGCATTCAGGTTCTGATAGAAGTCCTGAAGCAGTTCCGGGCGGACCCGGCGGTCCAGGACCGTTCCCAGCAAAACCAGCAGGCGGCGCACCGACTCGGAATCCTGCCCGGCCTCCAGCAGCGCGTCGGCCAGTTGCGGTGGCGTGCGGGGGCCACGTTCTTCCAAGGTCGCGGCAGCGCGGGCGATCCAGGCGGCCAGATGGCCGTCTACCAGCGCCAGGAACAGTTCTTCCTTGGTGTCGAAATACAGATACAGGGTGCCTTTGGCAAGCTGTGCGGCGCTGGCCACCTGATTCATGCTCAGGTCCGCATAGGGGGTGGTGGTCCAGAGATCTTCAGCGGCGCACAGAATATCAGCCCGGCGCTGCTGCTTTTCAGCCAGACTGCGCGCGCGCATGGGACGAGGTGAATGAGTGGTCATGAGGGCTGAACATAGACTCCAGCACCGCCCCACCGCTGTTAAGTGCTTCACTCGCAGCCTTAATGGGGGTCCACTCAATGAATTGAGGAGGTTTGCCCAATGCCGCACAGGAGGCGTGCCCGAACCACACGGCGAAAGCTCCAGTGTTAAAAATTGAGCAGAGGTGGTGGGCAGATCGTGTCCGACGCACTCCGCCCTGTATTGGAGGCCCGTATCTAAAAGTCTAGCTGTGGAGACGGGTCTCTGGACAATCGACGTTCCACTGATCCGAGGCATAGACGAGGTGGCGTGAACTTGGGGCATGCATGACCGCACCGTGTATTCCTGATGTTGTGCGCTCCACGCAAGACGGTACCTGGCCTTCCACCCAGGCCAAAGCCGACAGCCGCCGCAATCCGTGTCAATCCATGAAGAGTTGCCGCGATCCCACGGCGGTGCAGGACCCTCTTCACGGGGGACCGTGCGGGATAGACTGCCCCTCATGATTGGAAAAACCTACACCACCATGCTCGGCGGGCGCGAGCTGAGCATCGAGACCGGCAAACTGGCCAAGCTGGTCAGCGGCAGCGTCACCCTGCGCTACGGCGACACCATGCTGCTGGTCACCGCCCAGGCCCGCGACGACAAAAGCACGCTGGATTTCCTGCCGCTGACCGTGGAATTCGAGGAACGCCACTACGCCGTGGGCAAGATTCCGGGATCGTTTCACCGCCGCGAGGGCCGCCCCGGCGAGAAGGCCATTCTGGGCGCACGCATCACGGACCGCCAAATTCGCCCGCTGTTCCCCAAGACCTACCGCCATGAAACCCAGGTGATCATCACCGTGATCAGCGCCGACGGTCAGAACTCGCCGGACGTGCTGGGACCCGTGGGTGCCTCGGCGGCCCTGAGCCTGAGCGACATTCCGTGGGCTGGCCCAACCGCCTGCGTGCGCGTGGGCCAGATTGACGGCCAGTACGTCATCAACCCCACCGTGGAGCAACTGGCCCGCAGCCCTATGGACCTCGTGGTGGCCGGAACCCGTGACGCCGTGATGATGGTGGAAGCCGGGGCGCACAACGCCAGCGAAGACGATCTGGTGGGGGCCATCGAGTTCGCCCACGCCGAGATGCAGGGCGTCATTTCGCTGATCGAGACCATGC
CP044990.1_gap72	2273741	2275991	2250	ACGCATCTGGTGGGCAAGTCCTACCTGGCCATCGTGCACGGCACGCCCCACTGGGAGCGCCGCACGCTGGACGCCCCGCTGGGCGATCTGGGCCTGGGCGCGGCCAACCGGGTTTTGATGCGGCAGGCAGTGGTCCCCAACGGACGCCCTGCCATCACCGATTTCCGGGTGCTGGAACAGCGGGCCGGACACGCCTTGATCGAGGCACACCCGCGTTCAGGCCGCCTGCATCAGATTCGGGCGCACCTGTTCCATCTGGGCCTGCCGATGGTGGGGGACAAGATTTACGGCCCGGAGCGGGATGCCTTCGTGGAATTCATCGAAACCGGGCAGACTCCCGAACTTACGGCCCGCCTGGGGCTGGAGCGTCAGGCGCTGCACGCCGCCCGCATCGCCTTTCCGTGGGCCGGGGCACAGATGATGGCCGAGGTGGAGATGCCAGAGGATATGCAGGGGTTCTGGAACACTCTCGGCGCACAAGTGTAATGTTCATACCCTTGCCTTTTCCTCTAATCCGAGTAATCTGATCAGGTATGGGATTTCCCACCTTGGAGCAGGCATGAACGAACGGACGCTGGACCAGTTGACCCCCGGCGAGAGTGCCCATGTGGTGGGGCTGGACCCGGCCCATCCGCTGCGCCGCCGCCTGCTGGAACTGGGCTTCGTGCGCGGCGCTCCGGTGACAGTGGTGCGCCGTGCCCCAATGGGCGATCCGTTTGAAGTGCGCGTCAACGGCACCGATCTGGCGCTGCGCGCCGCCGATCTGCACGGCATCCGGGTGCGGCAATGACGGCTACCTTTCCGCCACCCGACGTTCACATTCCCGATGAGGCGGCATGCAAAGCCACTTTGGGCCGACTCAAGGGAGCCAGCGAACCCAGAGTCGTGGTGGTGGGCAACCCCAACGTGGGCAAGACCACCCTGATCAATGCGGTGGCCGGAACGCGCCTGAAGGTGGGCAACTGGTCCGGCGTGACCATTGAGAAGCGCGAGGCGAAGCTGGAATACGCGGGCCGCGCGGTGCATCTGCTGGACCTGCCCGGCGCATATTCCCTCAGCCCGCACACGCCCGAGGAACTGATCGCCCGCACCGCCCTGCTGGACGAGGCTCCCGACGCCGTCCTGAACGTGCTGGACGCCGGGAATTTAGAGCGCAACCTCTACCTGACCTTGCAACTGCTGGACTTCCGACTTCCCGTTGCCGTGGCGCTGAATCTGGTGGACGAGGCGAAGAACAAGGGAATGACCGTGGACGCCGCCGCGCTGTCCCGCGCGCTGGGGGTGCCCGTCACGCAGACGGTGGCGAGCCGCAGTCAGGGCACCGCCGAACTGATGGGCGACGTGTTGAAGGGCGCGACGCTGGGCATTGCGGTTCGGTATCCGCCCCAGATTGAAGCAGCGGCCAATGATCTGACCGCCCGCATGGTCAATGTGCCCACCCTGCCACCGCACGCGCACCGCTATCTAGCCCTCGCGCTGCTGGAAGGCGATCCCAGCGTGCGCGGACGGCTGGCGGCCACCGGGCACACCGCCCTGTTGGACGCCGCAGATGCCCATCTAGCTGCGCTGGAAACCGAAGGCATTGATCCTCTGATTGAGATTGCCGAGGCCCGCTACGCCCGCGCAGGCGACCTGGCGCGGGTGGCCGTTCCGCAGGCCGAGGCACGGCGGACCCTCAGCGAGAAGTTGGACCGATTGGCACTGCATCCTATTCTTGGCATTCCCATCTTTCTGGCGCTGGTGCTGCTGGTCTTCCGGCTGACCTTCAGCGTGGCCTCGCCCTTCGTGGACCTGATCGGCGGCCCCCTCCAGACCATCATCGGCGGCTGGGCGGCGGCGGCATTGAGCTGGTTCCCGCTGGGGCGCGATCTGGTGGTGGGCGCGATCATTCCGGGGGTGGGCACGGTCCTGAGCTTCCTGCCCACGCTGCTCATTCTTTACCTCGCCATGAGCTTTCTGGAGGACAGCGGCTATATGGCCCGCGCCGCCTTCCTGATGGACCGCGCCATGCGGAGCATCGGACTGGACGGGCGCTCCTTTATTCCGCTGATCCTGGGCTTCGGGTGCAACGTCCCGGCCATTTACGCCACCCGCGCGCTGGAGCGGCGCAGTGACCGCGTGCTGGTCAGCATGATCCTGCCCTTCATGAGCTGTTCGGCACGGCTGCCCGTGTACGTGGTGTTCGCCGCCGCGCTGTTTCCACGTTCGGGAAGCTGGCTGGTCTGGAGCATGTACGTGCTGGGCATGGCG
CP044990.1_gap73	2290444	2293611	3167	CCTAACTGCGCGGAGTAGCCCCGAAATTGGCGTTCCACAAATTCGGCTCCCGCGCCGTAGGTCCACTCGGTCTCACTGCGGCCCACCGGGGCTAGGATGTCCCACCAGTCCAGCTTTTGCTTGCCCAGCGCCCGCGCCTTGGCGGCAAAGTAGCGCCGGAAGTCGGAGAAGGAGCGCACCACCGCGCCCTGCATGGCGTCCAGCGTCTGGCGGTCAATGCCGTGCGTCAGCAGGCTGGGGGCCACCGCGTCCTCAAATCCGCGCCGCCGGGCCAGCGTGCCTTCCTCACCCTTAACGCCGTTCAGGGCGGCGGCAAAGACCACTTCCGACGATTTCCAGGCGGCGATTTCTGATTCGTAGGCGTCGCGGCGCACCGTTTCGTCCGCGTCGCTGGCGAGGGCGCGCAGGGCGGTGATGGGCAGACGTTCGCCCCGGAATTCACCCTTAAGCTGGCTGCTCACATTCCCCTGGAGTTTGGACCAGCCCCCGGCCCCACTGGGACGCAGGCGGGCGGCCAGATCTTCCTCAGGGGGCGACATCTGGTGACGGGCCAGTTGAATGGCGCGGCGCAGAAAGTGTTCGTGGTCCCGCACGGTTTCGGAGGCGGCCAGCAGGTCAGAGAGTTGCGCGTCATTCAGGCCGCCCAGCCACGCGGTCAGGCGCGAACGCAGCGGCCCCAGCGGCAGCGTCAGGGTGGTCAACGCAGCCATGCGGCTCTGGGCCAGCGTGTCGCGGCTGTCGGTGGTGAAAAAAGCGTTCAGATAAGCACCGATGGGGCCGCTGCGGTTGCTCAGGGCATTCATGGCGTCCAGCACGCGCCCCAGCGTTTCGGGGGTGGCATCAGGACCATCCATACGAACCTCCAGCTCGTCAAACAGCCGTTCGAGGTCCGCGATCCCGGCGCGTAGCCCTTCCAGGTCCTGTTCCAGCCGGGGGTCACTCAGGCTGGCGTACAGGTCATCGGTGCGCCAGCGGGGCATCTCGGGGGCGGTGGGTGTGGAGGTCATGCCCCCAGTGTAGGCCGGGTGGGAATGACAAAAACCGCCGATACAAAACGCCTCACTTGATCGATTCAGTCCCGCACAGCAACGCGGTTCACACTTTGCGGCCTGCTCTGCCAGAAGTGCTATTTTAAATGAACCATTAACCCATCTGGCGTCACATGGACGCCCACTCTGGAGGTTTCACCTATGCGTACCCGTTTGCTGTTGTCCGCTGCCCTCGCCGTATCCGCCGCCCTGACCACCTCGGCCAGTGCCGTGACCACCCTGAACGTCTTCATGGGCAGCCAGCAGCGCCCCGAAGTGTTCCAGCCGCTGTTCGACCGATTCGAGAAGGCCAACCCCGACATCAAGGTCAAGATTGAAACGGGCGGGGCCACCAGCGAGGCGCAGAACCAGTACCTGACCACCGTGCTGGCCGCCCGCGACGACACCCTGGACATCTTCCTGATTGATGTGGTCCGCACCGCCACCTTCGCCGCCGCCGGGTGGGCCGAGCCGCTGAACGGGTACATCAGCGGTGTCAACAGCTACCTGGGAAGCTTCCTGCCGGGTCCGGTGGCCGCCGCCACCTACGGCGGCAAGTTGTACGCCATGCCCGCCTTCACCGACGCGCAGTTCCTGTACTACCGCAAAGACCTGCTGACCAAGTACAAGCTGCCCGTCCCCAAAACCTGGGACGAACTGACTGCCACCGCCGCCAAAATCCAGAAGGGCGAGGGAGGCAAGATGCAGGGCTTCAACTTCCAGGGTGCGCCCATTGAGGGCACCGTGTGCAACTTCCTGGAAACCCTGTGGACCGGGGGCGGTGACGCCAGCAACGTCAACAGCGCGGCGGGCAAGCAGGGCCTGGGCTTCCTGGTCAACTCGGTCAAGTCCAAGCTGTCGCCTGCCGCCAGCTCCGAGATCAAGACCGACGACTCGCGCCTTCAGTTCCAGGCCGGGGACGTGGCAATGGGCCTGAACTGGAGCTACGCCTGGGCGCACTTCCAGGGCAACAGTCCGCAGCCCACCACCGTTAAGGGCGACGTGGGCGTGGCTCCGCTCCCCTCGTTCGGCAAGAACCCCACCGCCACCTGCACGGGCGGCTGGGAATGGGGCGTCAACGCCTACGGCAACCACAAGAAAGAGGCCGTCAAGCTGCTGCAATTCATGTCCAGCGTGAACATCCAGCGTGACATGGCGGTCAACGGCGCTTACCTGCCCGTCCGCAAGAGCCTGTACAGCGATGCCAAGGTGCTGGCCGCCAACCCGCACTTCAAGGCGCTATACCCGGTGATCCTCAAGGCCCGCCCGCGCCCAGTCACGCCCAACTATCCCAAGGTCAGCGAGATCATCCGCAACAACGTGTCCGCCGCCGTGGCAGGCAGCAAGACCGTGGACTCGGCCCTGAGCGACATGCAGCGCGATCTGGCCCCTCTGCTGAAGTAGGGCACGTCTGACGCCCCGCCCCCCACATCTGGAGCTGGATAGAGATTGGGGGGCGGTTTCTTTCAAATGGAACACGCTCCGGCTCTTCTCTTACCTACACTCCGCCCCAAAGGAGCCATCCATGACCCAGAAGAACATCGCCGCCCCGCTGCCCAAACCCAGGGGCCGCAGCCGGGGCGAGGCCAGCGAGGGGCAACTGGCCTTCTGGCTGCTGCTGCCCGCCGCGCTGCTGCTGTGCGGCGTGCTGCTGTTTCCGATGATCACCACCATTCGCGACTCCTTTTACTTCAACAAGCTGACCGAGCCATTTAACGGGCAGCCCTTCGTGGGTCTCAAGAACTACGTGCAGATGTTCGCTGACCCGCGTTTCGGCACCTCGCTGCGAAACACGCTGTTCTTCGCGGTGCTGACGGTGGGCGGCTCCTTCCTGATCGGCATTCCAATGGCGCTGGCAGCCCACACGCCCAGCAAGGTGCGCGGGCTGGCGCGGGTGGCGCTGCTGCTGCCGTGGGCCATGCCGCCAGTCATGACCGGATTGATCTTCGCGTGGCTGTTCAATGCCCAGTACGGCGTGTTCAACGACATTCTGGTGAGGCTGCACATCGTCAAGGAACCGCTGCTGTGGCTCAGCACGCCGGGACTGGCGGTGCTGGCGATGGTGGTTACAATTGTCTGGAAAACCAGTTCCTTCGTGGCCCTGATCGTGCTGGGCGGCCTCCAAGGCATCCCCCGCGA
CP044990.1_gap74	2422293	2426851	4558	TTTTGGGCGGCTTGCCACCCGGTTCGGTCTTGCTGCCGTGGCAATGTTCGCACTCGGTCAGGCGGTCCACGACCACCTCGACTTCCTCGCCCGCACGGGCCTGGAGCAGCGTGACCTGAACCTCGGTTTCCAGATCGTCGCCGCGTGCCGGGCCGCGCCGCCCACGTCCGCCCGCCATGCCGCCAAACAACTGCTCGAAGATGTCCATCGGGTCAAAACCCGCACCGCCCATGCCGCCGAAGGGATCGCCGCCGGGCATACTCGCCCCCGGCGCAGAGCCGAAGCGGTCATAATGGGCGCGCTTCTCGCTGTCGGACAGCACCGAGTACGCCTCGCTGATCTGTGCGAATTTCTCGTGCGCGCCCTCTTCCTTGTTGCGGTCCGGGTGGTACTTGAGGGCCAGTTTGCGGTAAGCAGATTTGATTTCGTCGGCGTTTGAAGTCCGGGTCACGCCCAGCAGTTCGTAATAATCCATGTGTCGTATTCCGCCGGGCAGCCTTCATCTTAGAGACGTCATTCCTGACTCTGAGGTGCCGGGCCTCCGCCCACTAGGTTAACATGACCACACTCAGGAAAAGTGGGCGGGGCGCAGTCTCAGGAAGGGCGCAAGTGGCAACCACCGACGCTCGCCAGCAATTTCAAGCGTCACGGCAAGGCCACCCTGCACCGGGTCCAAAATTCCCAGCTTGACACCCCGGCCATGAATCCGTAGGATACAGAAGTCCAATTAGTTAGCCATCTAAGTAGTTTTGTTGTCCCACCCGCCGGAGGAATCTTTTGACCCAAAGTCCTGCCCCTGTTGCCCGCCTGAGCCTTGAAGCCGTGAACGCGCTGAGCGCCGACGCCTTTACCGACTACTTTGCCGGGGTGCTGGAATACTCGCCGCAGTACGCCCAGGCCGCTGCCGCCCAGCGCCCGTTTCAGAATATGGAAGAGGTGGCCGACGCCTTCAGGGACGCCGTGCAGGCCGACTCCGAGAGCGCGCAACTGCGGCTGATCCGCGCCCACCCGGATCTGGCGGGCAAGGCAGCTCTGGCCGGTGAACTGACCGCCGAGAGCGCCCACGAGCAGGCTTCGGCGGGTCTGGACCGTCTGACGCCCGAAGAATTTGCCGAGTTTGGACGGCTAAACGACGCCTACCACGAGAAATTTGAATTGCCCTACGTGGTCTGCGTGCGCGAGAACGACAAGGACAGCATCTTCGAGGGGGCCAGGCAGCGGCTGGCGAACACCCCGGAGCAGGAAAGGCAGGCCGCCCTGCACGAGATCAGCCGGATTGCCCGGCTCCGCGTTCTGGACCTGATCGCCGACGGCGACGGGAAATAGGGGGAGGAAGCGACATGACGCAGACCACAGAAAAGAAGGCCACCGTGAAAGTCAAACTCGGCGAGAACAACTACGGCAAGGCCGAGATCAACCTGATGAAGATCAACCGGGGCGGCAAGCGCCACGAGATTCGTGAATTGCAGGTGCGCGTGGCGATGACCGGCGATTTCGATGCCGCGCACAGCAAGGGCGACAACTCCGAACTGGTTGCCACCGATACCGTCCGCAACACGGTGTACGGGCTGGCTAAGGAAGGCTTTACGAGCAGCCCCGAAGTGTTCGGCAAGGAACTGATCGCGCACTTCGTCAAGACCGGCCCCAAGGTCACGGGCGGCTTCATGGAATTCACCGAACACCTGTGGGACCGCGTGCAGGTGGGCGGCCAGGGCCATGACCACTCCTTCGTGCGCCAGATGCCCAAGCGCACCGGACGGATTGAGAGCGAGGACGGCAAGGCGTTCAAGGTAACCTCCGGGATTGCCGAGCTGTACGTGCTGAAGACCACCGAGAGCGGCTGGGAAAACTACCTGCTAGAGGAGCGCTTCACCACGCTGCCCGAAACCCACGAGCGCGTCATGGCGACTTTCGTGACCGCCAAGTGGGAGTACAACACCGATGACGTGGACTACGACGCTGTGTGGGACAAGGTCTTTGGACAGCTTCAGGAAACCCTGACGGACCACTACTCGCCCAGCCTCCAGAACACGCTGTACCTGATGGGCGAAGCGGTGCTGTCGCTGTGCCCAGAAATCTCGCGCATCTGGTTCCGCATGCCCAACATGCACCACCTCCAGTACAACCTGGGCCGCTTCGACCTGGACAACAATCTGGAGATCATGCACGTCGATCCCGAACCCTACGGCCTGATGGAAGGCTGGGTCGAGCGCGCTTAATGGCCGCCCACGCCGGACTGAGTACGCACGTGCTGGACACCGCGCGGGGCCGTCCCGCGCAGGGCATTCCGGTCCAGTTGCACCGCATCGAGGGGGAGACGTGCAAGCCGCTCGCCGAGGCCGTCACCAACGCCGACGGACGCACCGACGCCCCACTGATCGAGCGCGGCAGCCTTCAGAGCGGCACCTACGAACTGACCTTTCATGTGGCCGACTATTTCTCGGACTTTGACGCGGCCACCGATCCGCCCTTTCTGGACGTGGTGACGCTGCGCTTCACGGTGGGCAACCCAGACGCCCATTACCACGTTCCGCTGGTGATGACGCCGTGGTCCTACAGCACCTACCGGGGAAGCTGAGTTTCAGCCCTCAAATTCAGCAGAGTTGCCCGCGAGACCATCTCCGGGCGGCTCCGTTTTGCCTGATGCTGAAAAGCAGAAACCTATGCTTCTTCATCCCCGTCCAGCAGGTAGGTCACCATGCTGCGGCAGTGGGTAAAGCCCATGCGGGCGTACAGGGCGCGGGCAGAATGCAGGTGATCGTGGGCACGCACGCGCAGGGTCCGCAGTTCCGGGTGGGTCTGGGCTTCCGCTGCGGCCAGAGCCAGCAGCACGCGGCCCAGGCCCTGCCCGCGCTCGGCGGGATGCACGGCTAGATACGTCACGTCAGCGCGGGCGTCGTCGGGGCTGAATTCCAGCTCGGCAAACCCCACCGGATGGTTGCCGCGCCACAGGGCCACCAGACGAACGGTATCGTCGGCAAAGTGGGCGGCGTACTGCTCGGGGGTCCAGTCCAGGCGTCCGGCCCAGGCGTCCTCGGCGGCGCGGTACAGGGCGCGGTACTCGGCAATGGGCAAGCTATCCGTGGTCCGCATTCCGTCCGGCACACGGGCACCACGCGAGATCTGGGCCAGCGGCGCGGAATAGAAGGCGGTGCTGTGCAGGGGCGCAAATCCCGCCTTCTCCAGTGCGGTCCGCACCGGCAGGTTGTCGCGGGCGCTGAAGGCATAGACGGGCTGGCCGTCGGTGTGCTGCACGGCGCGGCCCAGCAGGGCCTTCATGGAGCCGCCCTCGCTGCCAGCATTCTCGGCGATGGGGCCTTCCAGTACCAGACCATCCCGGAAGGGGGACAGGGCGCAGTAGGCGCGCACACCGTCGTCATCCTCCTCGACCAGACACAGCCCTTCCTCGCACTCCAGATGCAGTTCGCGCGGGTCACGGGAGTCGGGGGCGAAGACCTCACGTTCGGGGGCGGCGTCCATCCAGTGGAGCAGCGCGAGGACGTCGGGAATATCGGTGGCCTGCATGGAACGGATCATGGGGGTGTCCTCCGTGCGGAAAGGCGATATGAACTGGCGGCAGCTTGAGGTTCTGCCTTCCAGCCTAGGAGGCGGGACGGCGCGCTGTCTGCCGAGTGCGTCACGTCCTTTTCTGCCGCGCCGTGCTATGCTGGGCGCATGCCCTGAACAGGGTACGACGCCTGCCTCCTCCCAGACACGAAGCCGTGTTTGAGAGGCCTTTTCTTTTTTGGGGGTGCAGGTCAGCGCGTCAGCCCAGCAAAAAAGACAGAAGGCAGGGAGGCGGGGACGTTTTTCGGAGGTGTTCGCCGTGACCAAACAGTCCAGCAAGCCGATTGGGATCAACCACAACCGTCAGGGGGGCCGCCACAGCGTGACCGCCGCGCCGCAGACCCCACCCCGGAAGCAGGCACAGCCTCCGTCTGCCCTGCTGGCCGAGGTCCAGACCGGGACCGATCTGCTGGCCCTGCGTGCCCAGTTGTCGCGCGCCGAGAAAGCGGCCCGCCGCGCCCCCACGCCTCTGCCTGCCCGCGCCGTGCGCCCGGCCCCGGTCAAGCCCCAGCGCGAGGTAGAGCTGGTTGGAATCGCCACGGACGACTTCAGCCTGTCGCGCGCCCACGCCAGATTGCGCGACGCTGTGTACGACACGCACTATCACCTGTGCCCACACGCCATCGGCCACGCCCGCGCCGAGGGGTTTTTAGAACACGACATCATCAATGTGCTGCTGTGCGGGCGGGTGCGGGCGGTGTACCCGGAAGACCGCCGCTGGCTGGTCCACGGCTCGTTTGAAGCCTGCGGCGTGGCGCTGCCGCTGCATGTGGTGGTGCAGTATCACCGGGACGGGCATCTGGACATCGTGACCGCCTTCGTGCCCAGACATCCGCACCACATCATCAGCCGCGCGAGGCTGGCGGTAATGCTGCGCTACGACGACGAACAGATCAGGGTCCGCACCAGCACGCCAGGGGCAAAGGCGGGAGCGCGCGGGCGGGGGCGCTGGAAACGTTGAGGGGCTGATGCGGAGAGATTGGTGACGGCC
CP044990.1_gap75	2525206	2529817	4611	GCAGGAGGCCGTCGACCAGGAACACCTGCTCAGGAAAGTCCATCTCCATCAACTCAGCGGCTGAGAACCTGGTGAGGCGCCTGCGTGGTGCGGGCGGCACTCTGGTCGGGAACTCCCTGCCGTACTTCCGCTCGTAAGCTCGCCGAAGTTCGCGGTTAGGCTGGTACGAAGGCATCTTGGTGATCAAACCTGCGTGCGACGACTTGGAGAGATGGGTCCTGAACGGAACCTCTTCCTTCATCGGGCTGGCGGCCATCATGGCGGAGGTGGCGAGGGCAGCAGGAAAGTTGATCTGGTGAGCTAAGTTCATGAAATCTCCTGGCGGCCCGTACAGGACCTGAAAAGGCTGCCCCCGACGGTGTGTCGGAGGCTGGCGGGCGAGATGCGTTGGCGTGTGGACTCAGGCTTGGATCGTGGCAGTTGGAGCAAGCAGTCCCCAGTCCTCACGCGCTGGCTCGAAGGGGCCGCCCCGGCGGATGCGGATGTCTTCGGGCAAGGTAAGGCTGCTCAGCAAGTAGAAGTCGGGCGGAGTTTCATCGGGGTACAGCGCCACGAGCGCGATGACCTCGCAGTCTTCGGCGTAGTTCTTGCGGTAGGCGTACTGCCCGAAGAGGCTCTCCCTCATGCGGTGCATCCTGAAGCGCCACAGGCCGTCCGTGAGCTGCATGGCCGCCTTGGCATCAACGCGCTGGCCGCTGATGAGCAAGTCATGGCCGTCGCGCTCCCGCGCGTGCCAGTCCACCGTGAGGCCCCGCCGGGCGGCCTCGGCGGCCACCAGTTGCTCGCCCAGCTTGCCGCGCTGGGCCGTGACGCAGTGGGTGGTCAGGCCCAGCCGATCCCTATAACGTTTGACGGTGGCGAGGGACACCCCGGCGTGCTGGGCGATGGCAGGGTCGAGCATGCCTGCGGTGTGGGCGTCTTTGATCTGCTGAACCTGAAGTGCTGTGATGGCCATACGGCCTCCCCACGCGCATCCGGCAGGGCCGGGTAGGAAGGAGATGTTCAGGGATGTTGGGAGGGTGTCTGGCACGAGAAAGCGGCCAACAGGCGAAGAACCTGGAAGCCGCTTGATGTTGAGTTCTGGATGTCGGTTGGACTGCGCGTGCTGTCCTATAAAAAAAGTAGCACACCGGTTTTTCCAAAATTCTCTGGAACTTGAAGCGCGAGGAGCAGTTGGAGGATCAGGGCATGGGGTTCTCCTGGGTTGAGGTGTGAGAGGGCGGTGGCTAAGCAGCAACCACGGCAGGCGCCCCCACCAGAAAGGCAGGGGCGCACGGGTTGGTTCAGTCCGATGAGGGAGACGCTTCTGACACTAACAGCACTGTCAACCCCCCCCTGCACCTGGCTCATAGGAGGAGGAGTGTTCTGGCATTGACGGCGTGCTGGAGCTTGCCAACGCCACTTTCTCCTCAGTGGATCTGGGGCACGTCCGTGACCGTCAGTGCCAGTGGTCCTGTCCCAGCCAGCCGTGCCTGCTCGATGTGCTGGGCCAGCATCGCGCCCAGTTCTTGAAGATCGAGATGCTGGGTATCAACGAGTTTGCGGTTCAGGGCCAGGAGGACAGGTAGAGGAAGAGGCCCAGACCAGATCACCAGCGCGTGACCGAAGCCTGCGTTGCTTACGGCCTGAACGGTCTGCTCAAAGTTCTCTGGACGGACATGCAGTTGGCCGAGCCGGATGCCCGTCAGGTGGGCTGCGTCGGTGGGGATCTGGGCGTGATCCGGCCCCACGTACAGGACCAAGACGCAGTGTTCCAGGGACGCCAGGTGGTAGGCGAGTGAGATGATGAAAGGGGTGGACTCAGGGCCGAAGAAGGTGAGCTGGGTCATCACCGCAGTTCTTAAGCCCTGACCCCGGTGAGCAACAGCGCCACTATTTCTCAAACTCGCCCGTGAACTGCACCCACAGCACCAGGCGTTGAAGACGGCGGTTCCATTCCACCAGCTCCACCAGCTCACCAATCAGATCGGTGTGGTGCCGGCCGGTGGCGTCGATGGTCACCTGCTGGGGGTAGGAGGGTCCGAAGTGCTCCTCCAGGCGCGTGCAGATCAGGTGGTCAAGCCACGCCGCCCGCGCCATACGGATGGCGGTGTTCAGCTCGCTCTCCGGCACCCGGAGTTCGCCCAGGCCCGGTGGGTTGAAGGGATCGACGTAGCGGGCGTCCAGAGGACTGGTGGATCTGGAGACCAGGCAGGTCACGGCCCGCTGGCCCCGGCGGTGCAGTGCGTGGCCCAGCGGGTGACACAGATGGTTAGCCTCCCAGTTGATCGTCGTGCAGAGCATGCCCTTCACAGGCGGTCTCCCGGCGAGAAGCGCAGGTGGGCCACCTTGAGGTCGTCGTCAAGGAAGTTCACGTAGCGCCGCGTCATCTCCAGGCTGCTGTGGCCCAGGATCTGTTGCAGCGTGAACACGTCGCCGCCGTTGCGCAGGAACTCCACGGCAAAGCCGCGCCGGAAGGTGTGCGGTGAGCAGTCGGCGCGCGGCACCCCGAGGGCCTGGGCCAGCTTGAGCAGCCGGATGCCGATGCCGCTCTTGGTCAGCGGCTGGCCGCCGCGACCCAGGAAGACGCTGGGTACCCCAGCGTGGGCCGGACGGCGTTCGCGGCGCAGGTAGACGTTCAGGGCCTGCATGGCCCGCGCCCCGATGGGCACGAAGCGCTCCTTGTTGCCCTTGCCGTGGATGCGCAGCAGCCCGCGCCCGAACAGCAGGTCGCCCAGTTGCAGGTTGATGGCCTCCTGAACCCGGATGCCGGTATCGAACAGGACCAAGACCACCGCGCAGTCCCGCAGCGGCTGCTGCCCCTTGCGGCACAGCTTGAGCAGTTGCTGAACCTGCGGCCCGGACACGGCGGGCAGGCGGCGGCGGTCCACGCGGGGCATCTCCAGCCGCTTGACGGGGTTGACGCTGAGCAGCTCTTCCTTGAACGCCCAGGTGAGCAGCGCCCGCAAGGCTCGGGCGTGTGCGTGGACGCCTCCTGGAGCCAGGCCATCGGCTTCCAGATGCCGCAAGAAGCCTCGCAGGTGATGGACCGTCAGGGTCGTGGCTTCTTGTGGGAGGTCGTGGGCCGCCATGTAACGCCCGAACACCGTCTGGGTGTTGGCGTAGTACCGCAGGGTGGCCGGGGTGCGGCGGCGGGCCTGGAGGTGGAAGAAGAACTGCTGCCAGAGTTCGTCGGTGGTCATACCGGCTCCTTCTGACGGGGTGTGCGCAGCCCCTTTCGGAGAGCGCACGATCACGGTTGTCACTCGCGTGTCGTCCAATGAGGGACAAAACAAAAAAACCCCGTCAAGAACGAGGTTTTCTTCTCTTGGCTCGGCAGGTAGGGGTCGAACCTACGACCATTCGATTAACAGTCGAACGCTCTGCCACTGAGCTACTGCCGAACATGGGTCCTTCTCGCGGTGGCGGGCCGTTTCCGGCGCGAGAAGGATAGTACCATTCCCCCCCAGAACACGCAAGCCCCAGCCAAACGGCGCAGGCCGGGCCGCCTGTCTCAGGCCAGTTCCGCCTGCGCTTCCTGCTCCTGACGGAATTGCAGTTCGTACAGGTCACGGTACAGGCCGCCCTGGGCCAGCAATTCGGCGTGGGTGCCGTCCTCGATGACTTCGCCGGCGTTCATGACCAGAATGCGGTCCGCATTGCGGATGGTACTCAGGCGGTGGGCGATCACGAAAGTGGTGCGGTGCTGCATTAAGCGTTCCAGCGCGGCCTGCACCAGATATTCGGATTCGTTGTCCAGCGCGCTGGTGGCCTCGTCCAGAATCAGGATGCGCGGGTCTTTCAGGATCGCGCGGGCAATGGCGACGCGCTGGCGCTGACCGCCCGACAGCTTGACGCCGCGCTCGCCCACCACCGTTTCGTAGCCGTGTTCAAAGGCGCGGATGAAGTCGTCGGCGTTGGCAGCTTTCGCAGCGGCCTCCACCTCCTGCGGCGAGGCGTCCGGGCGACCATACAGGATGTTCTCGCGCACGCTGCCGGAGAACAGCAGCGTTTCCTGCGGCACCAGCCCCACCTGGGCGCGCAGGTCCTCCAGCGGGTACTCGCGGATGTCCTGGCCGTCCACGCGCAGAGAGCCGCCCGTCACGTCCCAGAAACGCGGAATCAGGTTGACGAATGTGGTCTTGCCTGCGCCGCTGGGGCCAACCAGGGCGACAACCTGCCCGGCGGGAACGTCCACATTGATGTGACGCAGCACCGCCGCGCCCGCAAATTCCGATTTGCCATCGTAGGCGAAGCTCACGTCGCGGAATTCCACGCGGCCCTCGGCACGGGCCAACGGCAGCGGCGTGGTGGGAGCGGGCAGATCGGTGCGCTCATCCATCAGCTCGAAGATGCGGCTGGATGCCCCCAACGCTTCCTGAAACTGGTTGAAGATGCCGGTCAGCCCAGCCACCGTGCCGCCCACTTGCAGGGCGTAAATCAGGAACGTGACCAGACTGCCGGGGGTCAGGCTGCCCGCCATGACCTGTCGCCCGCCGTACCACAGCACCACGGCCAGCGCCCCGAAGGTCAGGAAGCTCAGGACGCCGCTCATCAGGGCTTGCAGGCGGGCACGGCGCAACGCGGCCAGAAAGCTGACGACGATGCCCCGCCCGTAGCGGCCTCTCTCCA
CP044990.1_gap76	2552528	2554859	2331	ATGTGGCAGCTTATTTCAGCGTGCGCGTGGTGATGTCCAGCGGATCGACGAAGGTGTAGCCCTGCGCCTGGATACTGGTGATCAGCGCCGTCAGGCTGGCCTTGCTCAGCTTGTCCGTTCCCACATGCCCGCTTTCCAGCAGATACGGATGCACGAAGAAACTGGCGTAGGCGCAGTCCAGGGCGCTGTTGGCCCTGGCGGCGTCCAACAGCGAATCGCTCAGGTAACCTTTCTGAATGTTGCCCAGGTTCTCGGGCAGCACCAGCGTGCCGTACACGTCGCGCACCGGGTACGGAAAGAATTGGCCGCCACGCACACCATCGGCGGCGTACATGCGGCGCTCGATCACGCGCGGGTAGATGGCATTGATGGCCGGGTACAATTCGGTGGCAGCCTCATAATGCGGCGTGGTCCACAGCCGGGGGCGCAGTCCCAGCGACAGTAGCGTCGCCCGGCCCTGGCGGATACGCGCCTGGGTGCTGACCGGACCCAGTTTGTCCAGCGCCCGGTTGTTCTCCTTGTCCCACAGCTCCCATTCCTCGGCGCTGTTGCCCTCGGGGTCACGCAGGCCGTGGTAATTGTGGGTGGTCCCGTGCTGGATCACCACGCCGCCCAACTTGACCGCGCGGTAGACCTGTTGCAGGCTCTGGATATTGCCCTTCCAGGGATAGGCCACGCCGCCGTAATAGCTTTCCGGGATCACCGTCATGGCAAAAGGCACCTTCAGCTTCTCGATCACGTCTAGGGTGTCTTTCAGGCCCTGCGGCCCGCGCAGAGAGGTCAGGTCTTCCAGCCGCAGGATCGCCCGCTTCTTGCAGGTGGCCGTGCCACTGTCGCCCAGCATGGTCTTGAGGCTGTCGGCCATGACCAGATAGCGCCCCGTGGGCTGGATGTACAGGAACGGGTTGTCGGCCACGAAATAGAAGTTCTTGCTGCGGACCAGGTACGGAATCGCGTCGCCCACCGCGCTGCGGGCCACCGCCAGCGTCTGCGTCAGGGCCGGATCGGCGCGGACCTCGCTGATCTCCTGCCGGGCCGGGTACTTGTTGTAGACGCGGCCCTTGTACGTCACGGCGCTATAGGCCCCGGCGATCTGGCCCGGCGTCAGGGCGGTGTGCAGGCTCTTGTATTGCAGGCCCAGCGCCGTGATGTCGCCCAGTTTCCAGATGTTGTAGCCCATCCAGGTGACGGGCGCACCCGTTTTGACCTCGTTCATAAATTCTGCCGGGATCTTCTCGTCGTATACCGTGCCGATGTAAAAGGTCCGCAGGCTGTTTTTTGCATCCCCGGATTTGTACTGCGAAATCGGGGCGCGAATGACCTTCACGTTGTCGTACTGGCCCAGCAGGTTGGCCAGCAAAATGGCGTGTAGACTGCCCCCGTCCCGGAAAGCGCTGCTCTTGGGCAGGGGATCGCTGTAGAACACCCGCACGGTTTTCAGGGGGCCGCTGGGCGGCTTGAGCTGTGGCTCGGGCACGTCTTTGGCAGCGGGCCACAACTGGCTGGGCCGCGCTGCCACCCGGTCGCGGTACGGCGGGCTGACGCGGTAGCCGTTAAACAGCGTACCGGAGTCGTTGGCCCCCGGCGCTGCAGCCCCGGCAGAAGCAGGAGCCGTCGGCGCGCTGGCCTGCGCCCAGGCCCACATGCCGAGGGACGCCGTGCCCAGCCCCAGCAGGCCGATCACCCCTGTCCTCCAGTTCAACACAGACCCTGGTGGGCCACAGGAGATGGGCAGAACAGGTTGAGGTTCGCGGGCAAGGGCAGGAGAAGATCCATTCTCTAGCACCATAGCAATGCCAGGGGTGTAAAAAGTGAAGTTCTTTACACCTTGAGGGACCTATGCCACCAGTTCTGCCCGCCGCACCTTGCGCCATAACCAGCCACTCCAGACCGTGACCAGCAGCAACAGCGCGATGACGGCGAACAGGAAACCTTGCATTTGCATTGGCGCAGGCCAGGGCAGTTGAGGAATCAGCGCAAGAGCAGCGGCGAACATGCCGACAGAGATACACAGGCCAGAAATTCCAGCCTCCTCGCGGGTGGAGCTGAGTGTGGTCTGTCGTTCACCCCACAGCAGCCCAGCAGCGAAGACCACCCCAAACAGGGTGCTTCCCGCGAGAGCCTGGAACCAGGTCAAATCAAAAGCTTTGTACCCCAGGAGGCCGTAAATCCCTATGAGCAGCGGCGTAGACCACCAAATTTTCTGTACGAACCAACCTTTCGTGGCAGCTCCCCACGGGCTTGGAGCAATCGCGCTCAACACCTTCATGTCGGCAACCGTCAGATGGACGCGCCGCAACTCCCGGTTCACGCGGCGCGGATCGCCCCAGG
CP044990.1_gap77	2614608	2617590	2982	CCTGACCGCGTTCCTCGGCCTCCAGGCCCGGATACGCGCCCTGGGTGTCCACCAGGGCCACCACGGGCAGGCCAAATTTCTCGGCCAGATCCATCAGGCGCACGGCCTTGCGGTAGCCCTCGGGGTTGGCGCTGCCGAAACGGCGCTTGATCTTGGTCTTGGTGTCGCGGCCCTTCTGCTGAAGCAGCAGCATGACGGGCACACCCATCCAGCGGGCCGGGCCACCGATTAAAGCGGGATCGTCGCCAAACCGGCGGTCCCCGTGCAACTCGGTAAAGCCGGTACACAGGCGGTCCACGTAATCCAGCGCGGTGGGCCTGCCGGGGGCGCGGGCCAGTTGTACCCGTTCCCAGCGACTGGGCGGCCCGCTGGCCTCGCGCAGCCGCTGCACTTCCACCTTCAGCGGCGAGATGGAGGAATCCAGGTTCTGCCCGGTGCGCTGGGCGGTGGCCTCCAGATCGCGCACGCGGGCTTCCAGCTCACGCAGGGCCTCAGGGCTGCCGGTCATGCGCTGACCTCGCGGCGGGTCAGCAGTCCCAGCAGGTTGGCCAGATACGGGCGCTGCTCACGGCGGTCCACCACGGCGTCCACCATGCCGTGATCCAGCAGAAATTCGGCCCGCTGGAAGCCCTCGGGCAGACTCTGGCGAATGGTCTGCTGGATCACGCGCGGCCCGGCAAAGCCGATCAGTGCCCCCGGCTCGGCCACGATCACGTCGGCGATGGTGGCGAAACTGGCAGTCACGCCCCCGGTGGTGGGGTCCGACAGGATGCTCACATAGGGCAGGCCCGCCTCGCTCAGCGTTTCCAGCGCCACAGTGGTCTTGGCCATCTGCATCAGCGATAAAGCGCTTTCCTGCATCCTCGCCCCACCGCTGGCGGTCACGATGATTAGCGGCGTACCGTGTTCGGCTGCGTATTCGGCGGCGCGCGAAATTTCCTCGCCCACCACGCTGCCCATGCTGCCGCCGCTGAAGGCGAAGTCCATCACGGCCAGCGTGACTGGCAAGTTCAGGATGGTGCCGCTTCCCGTCAGGATCGCGTCGGGGCGGCCCGTCTTGGCCTGGGCGCGTTTCAGGCGGTCCGTGTACGCCTCGGTGTCGTGAAAGTTCAGCGCGTCCACGGGATGTACCTTGCCAGACAGCGGCGTGAAACTGCCCTCATCCAGCAGCACATCCACCCGCTGGGCCGCGCCCAGCCGCAGGTGGTGGCCGCATTTGGGGCAGACGTAGGCGTTCAGAAGTAAATCTCGGTTGTAAATGCTCTCCTTGCATTGAGGGCATTGGGTCCATAACTCTGGCACGTCCGCGCCCGTCTGTTGCTGCGGGCGGCGGCGGCGAAAAAATCGGTCAAGCGCCATGCGGTTCAGTCCTCCGGGAATCCATCTCTGGCCGCATTCTAGCGGCGTGGCCACAGAACAAATGCACCGGGTTCAGCAAAACGCCGCACTACAGCTTTTTGTCCAAGCGAAGATCGATCTCTCTGGATGACTTTGCCGGGGCGTCGCCCAGTTTGGTCTTGAGGTAATCGTCCAGTTGCGCCAGTTGCAGGTTGATGTCCTGCTGCAAGCCGTCAATCCGCGCATTCATGGCCCGCAGCTCATTGCCCGTTTCACCTGTGCCCAGCGCGTTCATGCGGGTATCCAGGTGGCTCCGCAGTTCGGCGAAGCGGCTGCCTTCCTGGCTGTCCAGGCTGACCCGCAATGTTTCCATATCGCGCAGCAGCTTGGCCGTGTCGGCCTGGGCACGCAGGTTGCTGATCCCCGCCCAGAAATAGAACAGCAGCGCGGCAAAGATGGCCGTGAGCAGCATGATCAGGCCGATAGGCGCGGTGACGTACTGGATGAAGCCCAGATTCATGGGCTGCAAGGCCATCAGCGAGCCGAAATTCAGCACCGCAAAGATGAGCAGGAGGACGAGACCGGCGATCAGGACAATTGTCCGCATAGAGGGAAGCTTAACACCCCGTCCGGTCCGCGCGGGGTGGGGGGCTTTGCAAGACTTTTACATTTCCCTCTGATCTCGGAGCTGTCTGGTCCCAGGTTGATTGGTTCCCCATCCCAGCCCCAATAAATGTCACGGTTCTCACCCAGGGCGGCAGGGTATCCTGTGCGCCTATGTCCCTTGTCGTGTTGGTTACGCTTCCCCCCGAACGGGCGCATGACATGGCCCGCACGCTGGTTGCCGAGCATCTGGCAGGCTGCGTCAACATTCTTCCCGGCGTCCAGAGCGTGTACCGCTGGCAGGGCGACGTGGCCGAGGACCCCGAGAGCATGCTGCTGATCAAGACCAGCGGCGAGAAATACCCCGAACTGGAAGCCCGAATCAAGTCCCTGCACCCCTACGAGGTGCCCGAGATCATCGCCCTGCAATACGACCGCGCCCTGCCCGAATTTCAGAGCTGGCTGCGGGAAGCCCTGAATCCGTAAGGAAGCAAAACCCGTCTTGGTACAACGAAAAAGCCCCGACTCGCAGCAACGCGGGTGGGGGCTTGCGTGGTTCTTCAGGCTGGTGCGGCGCGCTTAACCGGCCTGTCCTGGCGTCGTGACTTCCACGGCGGTCAGGGTTTCCGTGACGCGGTAAGTGTGCTGCACGCCCTTTGGCACGCAGTAACTGTCGCCCTCGCCCAGCAGGATGGTCTGGCCATCCATATCCAGTTCCACCTTGCCACTGATGACGTAGCCCAACGTCTCGTAATCGTTGGCGTGGGGTTGCTTGCCCTCGGTGTCACTGGGCTGTTCGTTATGCCACAGGCGCATGCTGCCCTGCCGTCCGGCCACCAGATGGTGCTGGCCGTCTTCGCCGTGCTTCGTTCCATCACGGCTGACTTTGTACTGCTGGCTGTTACTGTTCTGGGTCATGACCCCACTCTCCACTCTGTGCGCCCAGGCGAAGTGATGTGGGCGTAAGGGGACATTCACGAGGACTTGCCGGGACCTTTATGCGCCCTCGCCCTTCTCCCGCACCGGACGGGTCTGCCACGC
CP044990.1_gap78	2626117	2630931	4814	CCCAGCATCAGGGCCGCGCCCAGCATCAGGCTCTTGCGCCCGGCCATCTTGACTCGGGGCATCTTTACTTGGGGCATCTTCATACGGGTCAGCGTACCTGCCCCGCCATGACGCCCCCTGAACGCCGCGTGAGGAAACCTTAAACCGCCGTCAGGGCCGCGTCAGTCTGCGCCTTCGTGGACACTGGTCTGAAGGCCAGGAAAGGCAGAGCGCAGTTCACCGGCCAGTCGCCGCAAGCCCCATTCCTCGCTGCGGCGGTGGCCCAGCGCGATCACGCCCATCCCCCGCGCGTGGGCCGAAGCCGAGGCCGAGGGCCGCAGTTGCCCGGTCAGATACACCCGAACCCCCCCATCAGCGACATGTTCGATCAGACCTGGATTCATGGCATTCATCAGCGCCACGCGCAACGGGCCAGAGGTGTCGGCAGGCGGCCACGAATTGTCCTCGCCGCCCAGTTCGGCATGCAGGGCGGCGCGCAATTCATCCCAGTTCTGCTGTGGAGGCGTGGCGGTGATGCCCTTCAACTCTCCCTTCCAGACCACCTCTCGCACGTCCCGCCAGCCCAGAGCGCGGGCCAGCCGATGGTTCGGCCCCGTCGTCAGCGCCAGATCAAAGCCGTCGTGGACGCTCAGCACGCCCAGGCCGGGCCACTTCTCCCCCACCCGCAGGGATCGGTGGACGAACAGCGCGTCAGCGTCCACTTCGGGCGGCAAATCGGCGGGTTCCAGGGCCAGCGCCAGCTTCTGAACTTCCTGCGGGCCGTCGCGCTTAAGAGGCTGGGCCTCACCAAATTCCGCGCGCAGCCAAGCGGTCAGTTCGTGCAGGGTGGGCGTCACAGTTGCCACTTCCAGACTTTCGACACGAAGGGTGGTTGCTCCGTCGCCGCCATTTCCTCCGACTCAGCGCGTGTTTTAAAAGGGTCAGGCATCGGGTTCCAGGGGGCGCAACATGAGACGGATGTTGGCAACTTCGAGTGCCAGGGGAGAGTCGGCCAGCAACAGCGGAAGCTGAGGTATACCTACCATGGTAATGCTCCAGAAATCCCGTCAAGCAGCGAAGAGAGACTTCGCTGATACGACCAGTTTATCCCAGGGGTAGGCATACCCGAGGGCCGAGTGGAGCCTCGCGGTGTTGTACCCGTGCTGGAATTGGGCACATTGGACGCGAAGTTCGGTGATGGACCGCATCTCCTGTCGGAAAATCCATTCGTATTTCAGATTTCGGTTGACCCGTTCCAGACTCCCCATTCCACCGCGCTGCGACACCTTCGCCCTGATCCAGCAGCCCACCGCCTCACACGCCTGCCGAAAGGCCTGCGACGTAAAATCCGACCCTCCATCTGACATCACCACTCCCTCGTCCTCAATCCCGTGGTGATGCAGCATCTGAAGTCCTGTCTGCAGCGCGGTGACCGCGCTGCTTGCCGAGAGATGACGAACCACGTTCAGATGCAGCACGGCGCGGCTCTGAACATCCAGCACGACATAGACCCAGGCGATCCCATCCGCGAGACTCGGGTGGCGTCAATCTGAACCCGTCGCCCCTCGGGCCACAGGAAGGGCGTCAGGACGGGCACAGACGGGCGCCGTATTTTCCTCGGCTAGGCCGGAATCAAGTCCAATTCTTGGAGCAAGCGTCGGACCTCATGACGGCCAGGCGCAGCCTGACCGTACTGCCCTGCCAGTTGACGCTGAACGCGCCGATACCCATAGGTTGGATTCGCCAGCGCGACGTCACGCACCTGATCACGGTGCGATTCACACCGTGCCTGACGAACTTTCGCTCGTCGGGCGTATCGTCTGGCATCACGCAACTTCCAGTACGGCCCTTCAACGTCCCGGGCAAAGCTGGACAGGCTGATGTGGGGCTGGTCTTGGAGCACCCCGGCGTAGAGCTAGGGGGGCCTGCTGAACGCTCAAAGACCCCGGGCTTTTTTTGCGATGTTGAGGGACAGCTCCTTCTCGCCCAGCAGGCTTTTCAGACGCTCGTTTTCCTGCTCGAGGGCTTTGACCCCATGATCGACATGGTCGCCAAGGAGGCGGGCAAGCCCCATACGGGTGCTGTTCTGCCCAAGAGGCGGGCACGCCCCGCCTCCAGGAACTGCGTCCGCCACTTATGAATCAGACTCTCGGCGACGCCATGCTGACGGGCCAGCTCTACCACCGATTGTTCACTGCGCAGGACCGCGAGGACAATCTGCTCACCCCGTTTAGGGCTTGGTAAGGTTATGGGCGATGACGGCCAGGACGACGCGCAGCCGCAATGAGGCCAGTGTTTTGATCTGAACAGACCGAATCCCCTCTGCAACCAGTTGGGAGAACACCGTTTCTATGCGTTTGCGGAGTTTCGGATGGCGGTCTGGCCGCCATCCGGTGTCATACCGGGAGTTGCTTTTGGGTGGATAGATGTAGCCCACGCAGCAGTACCCCTTATCCCCCACAATTTTTGGCCCGTCGAAGTCGGGGATGGCGTCGATTGAGTTCGTAGCTCACGGTGGTGTCGTGCAAATTGGCCGGTCTGATCAGGTATTGCGCAACCTCACCGTCTTCCAGGACCCACGCGTGGAGCTTGTACCCAAAAAACTTCCCCTGTGTCCCGTGTCCCCATCTGGCTCCAGGAAAGAGACAGCGCCGCGTTCGTTTGGGACGGCAAATGGGGAGAGGCATGGAGTCGATCACCATCTCAGCACAGGATCGGGACGGTGTACAGACCTTCTCCAAGACGGCCAGCAGACCGTTGGCCCGGTTGAAAGCTTGCGTGTAGGACGGCAGACCGGGGCGGTCTGCCTTAAGATCACTCCACCAGACCGATGGGTACGCCTGTTTGTAGATCAAGCGTGCCAGCAATAGGGCGATGAGCATGGCATCGGTGACCTTCTGATGACGACACTTTTTCTGGTCATTAAAGTGTCGTTTGGCCCAGCGATGGAAAGTGCGAATGTTATGCCGACGGCCTAAACTGTGGTAGAGACGATATCTAGCCATATCGTCTCACTTTTTATCGTCTGGGTACGGAGAAATCTATCCTGGCTCAAGCCCTAAACGGGGTGCGCATGTCTGCCGGAAAATCGCGGCCCATAACTTGGCGCTGTTTTTTGGATGTCTCTGATCCCCTGGCACCCGAAGTTTCCAAACTTTTCAATCGGAGTTCGTATCAGATATGTCCCAGCGTATCGCTGACTTTGCGTTGGACTTGGCGTCCCCCCATCACCCCTTGCCATTCGCACCCGCCATCTGCTAATCTGCGCCCCGCTGAGGGGGCTTAGCTCAGCGGGAGAGCATCCGCTTTGCAAGCGGAGGGTCTGGGGTTCGAATCCCCAAGCCTCCACCAGAAGAAACCACGTCTAGTACGTGGTTTTCTCTTTTTTCCAAATGGAGTCATCGCGCTTTTTGTCCAAAAACTGCGAAACAACCGCAATGTGCAGGGGTGACCGTAAATCTGCCCAGTCCTCGGTTTGCCAGACTGAGAGCGTGTTTATACAGGGTCAGGCCCGATGGCAAGCTTGGGGTGTGAAACGGATTCCGATTAGAAGGTGTTGAAAACACCTGTAATCCGAGCCGACTTGCAATGCTGCGAAGCAGAGCAGGAAGCAGAAAAACGGATTCTGGGTGTGAAGTGTGGAGATCGGAGCTTTCCCGATCTATACACGAAACAAACGGAACCCATATCAGGTAGAGGCAACGGCCTGGGTCTGCTTCATCACCGTCTTTAAGCCCCATTCAAAACGCCCCACCGCACCGTCCACATCCGCCAGCTTGTCCAGTCCGAACAGGCCGATGCGAAAGGTTTTGAAATCCGGTCCCTCGCCCACCTGAAGCGGCACACCCGCCGCGATCTGAAGACCCGCCTCGCGGAACGCCTTGCCACTCTGGATGGCGTCGGCCTCGGTGTAGCTGACCACGACGCCGGGAGCCTGGTAGCCCTCAGAGGCGACACTGGAAAAACCCGCCTCTTTCAAAACGATGCGAACACGTTTGCCCAGTTCCCACTGTGCTTCTTTCGCCCGCTCAAAGCCGAAAGCCTTCACTTCCTGCACGGTGTCGCGGAACTGGCGCAGGCCATCGGTGGGCAGGGTGGCGTGGTACGCGAAACCGCCTCCCTCGTAGGCCCGCATCATGTTCAGCCACTTCTTGAGGTCCAGCATGAAACTCACCGAGTCGGTGGCGTCCACCCGCGCCACGGCCTCCGCACTCAGCAGCGCGATTCCGGCGCAGGGCGTGCTGCTCCATCCTTTCTGCGGCGCGGTGATCAGCACATCAATGCCCAGGTCCGTCATATCCAGCCATACGCAGCCCGAGGCGATGCAGTCAATGACAAGCAACCCGCCGCCCTCGTGCGTGGCCTGTGCCATCTGGCGAATGTAATCTTCCGGCAGGATGATTCCCGACGAGGTTTCCACATGCGGCGCGAACACCAGCGCGGGTTTCTCGCGGCGGATGGCCTCCAGCACTTCCTCAATGGGAGGGGGCGCGAACGGCTCCTGATGCCCGCTTGCCTGCGTCTGGGCCGAGAGGACCGTCACCGATTCCGGCACGCGGCTCATCTCAAAAATCTGGGACCAGCGGTAACTGAACCAGCCGTTGCGAACCACCAGACAGCGCTCTCCCTGCGCCAGTTGGTCCACCACCGCCTCCATCGCCGATGTTCCCGAACCCGGAATGATCGCCACAGCGTCGGCGTGGTACACGGCCTTCAACTCGGTAGACAGATCGTTCATCACGGTCTGAAAGGCGGCGGACATGTGGTTGAGGGAACGGTCCGTGTAAACCACTGAATATTCCAGCAGGCCATTGGGATCAATGTCGGGGCGAAGA
CP044990.1_gap79	2635727	2637003	1276	ACTTCCAGCAGGAAAGCAGCACCTTCCAGCGCCGCGCCAATCAGGAGCAGTTGCAGCGGGTACAGGCCCGCCACGGTCACGAAATACAGCCCTTGCAGCGTGTAGGCCAGGGCAAAGGCAAACGACAGGCCCGCCGACAACGCCAGATAGACCCGCGTGGGGTCACTTGTTTTCAACATATTTTTCCCTGGGCATTCAACAGCCAGTCTTGCTCAAGAAAACAGATGTGCCGCCCAGCATGGGACGCACGAATTCTTGACGTGGTGGATTACAGGGCTGTTGACATGTGTAGAGCACCCCAGGGTTGAGGCTGTCTGGAGCATAACGGAAAAAAGCGGCAGCCCCCGCAGGAACCGCCGCTTTCGCCTCTCTTACTTCACTCCGCTCAGTTGCGGCAGCGGATGTCCTGGCCGAAGTACTGGTTGCTGATCTTGGCGTAGGTGCCGTTGTTCAGCGACTTGTCCAGCGCCGAGTTCAATTCCTTGAGCAGGCTGCTGTTGCCCTTCTTGACGGCCATCGCAATACTCTCGTTGAACAGCAGTGCGCCCTGCTTGAGTTTGCCCTTCTGGGCCTTGACCAGATCGATCCCGGTGAACTTGTCGCCCACCCAGGCGTCCACGCGGCCCGACATCAGCGCGGCCTGGGCGTCGGTGTCCTTGGGAAAGGTCTTGATGTCGCCCACGCCGGGCACCTTGCGGACATTTTCCAGGTAGGTGGTGCCCACCTGCACGGCCACCGACTTGCCCGCCAGATCAGCAGACGTCATGGGGCCGCCGACTTTGGAGACAATTGCGCCCCCGGTGCAGTAGTGCGGGTTGGAGAAATCCACGGCCTTGGCGCGCTGCGGCGTGATGCCGTGGCTGGCGATCACGAAGTCGTAACGGTCCTGATTCAGGCCGATCAGCAGGTTGTCGAAGGGCTGGGTGGTCCATTCCACCTTCAGGTTCAGTTCCTTGGCCAGTGCCTCGGCCAGATCGACTTCAAAGCCGGTCAGCTTCTTGCCTTCCAAAATGTTGAAGGGAGGGAACGCGCCCTCTGTGGCGATCTTGATGGTGCCGCTCTGCTTGATGGCGTCCCAGGTGCGGGCCTGCGTAGTGCCAGCGAGCAGGGCAAGGGCGGTCAGGGCTAGAAATGCTTTTTTCATGTGGACTCCTGTGGACAACGTGGTCCAGTGTTGAACCCGGCCTCCTTGAAAAGAAGCGCAGGCATGTGGTTGATGACCGGCATTGTAACGTCCAGCGCAAGACGGGGCATCAGGTCGGCCCACCCCCCACCC
CP044990.1_gap80	2639721	2644504	4783	GCGGCAGGGGCGAGACCTCCAGCTTAACCGCGCCCACCTTGCCGACCTCGAAGGTGAAGGCATTGGCCGCCCCCACCACCACGCTCAGGCCCCCGAAGGTCTGAACGCCGGACTCGGCAGTCGTCACCTGGGCCGAATACACGCCGGGCGCGAGGCTTGCCCCATATGTGCCGCCGCTGTTTTGCAGTCCTGTACTCTGGCCGCCTACCGCCGACTGAAAACTGAGGGTGGCCCCGGCGCTCAGCGGCTGACCGCCAGACGTGAGCCGGACCGTCACTGGCAGCAGGGTCTGCACCGGCCTGACCACCTGTTCGGTGGCGCGGCCCAGCGCGGAGGCCAGTTGCGCCCCAGACTGGACATTCTCGAAGGTTCCCACACCCGTGAAGCTGCGCCGGGCCGCATCACTCAGATCAATACCGATAATCCGCAGGTCCACGTCGATGCCCCGTTTCTTGAAAGTATCCATCACGCCGCCGAGCTTGCCGCCGCAGGATTCCTGGCCGTCGGTGACGAGGACAATCAGCTTCTTACTGTCATCGTGCGCAAAGTCGTTCGCCGCCTGCTCCAGCGAGTACGCGATGGGCGTCGCTCCCCTGGGCCGGGTCTGGGCGACCTGGGCTTGCAGGGCCGCGCGGTCCAGACCCTTCATCGGGAGAACCAGCGCCGAATCCATGCAGGCCGCCGTGCCAGAGGCCACCTGAGCGCCGTAGATCCGCAGTCCCACGTTCAGGCCCGGATCACTGGGCAGGCCCACGATAAAGCTCTGCAACACATCCTTGGCGACGTTGATGCGGCTTTGCCCGTCTGGCAGACGACTGAACATGCTGCCCGAAGCGTCCAGAATCAGTTCGATAGAGGTGCCGGATTGCGCCTGCGCCACCCCCGCAGCAAGGGCCAGGGTAAGGGCGACACGAACGAAAAATAGACGAATAGAAAACGACGTTTTCATCTGTGAAACCTCCGAATTCTTCTGGTCGTGGAGCGGGGGCCAGGGTTGATCCCAAAATAGCAGTTGGGCCTTCTCTGCCTGTTGTGCGTGGCCGGTGGCCAGGGTCACTGCAGCCCGTAACATTAAACCTCCTGATGATTCCGTGAGCCGTGTCGAAGCAGGAAAGAAGCTGTCACGGCGTTCTGCTGGGCCACAACGACTGCCCTGAGCATCCCCAGGCAGAGTGTGGGCTGTCCCTCCATTCCGAACCCCCGCCGTCATGGAGCGCGGATAATGCCCGCGTGAAGGGATGGCCCATGAACAGATGGCGCAGTTGGGACCGCAACGAGCAACTGGGGATTCTCAACGGCTGGGGCGTCTTTGTCGGAGACGGCTTCCTGAACGTGACCGTGGTGGTGGCGGGCTTCGCGTCCCGACTGGGCGCGCCCAACTGGGTGATCGGGCTGCTGCCCGCCATCGCCGGGGGCGGCTGGATGCTGCCGCAACTGCTGGTGGCCGCGCGTGTTCGCAGCCTGCCGCACAAGTTGCCGGTGTACCGCTCGGCGGCGGCGGTCCGCACCCTGAGCTACCTGTCGATGGCCCTGATCGCCGCCTTCCTGGCCGATCAGCCCGCGCTGTGCCTGACGCTGTTCGTGCTGGCGATGCTGATCAATTCACTGGCCTCCGGCGTGGCGGGCCTGCCGTTTTTAGAGGTGGTCAGCAAGACGGTCAGCACCGAACGCCGCCCGCGTTTTTTTGGCACGCGCAACCTGTACGGCGGGCTGCTGGCCTTCGGGGCCGGGCTGCTGGTGCGCTGGATTCTGGGGTCCGGGCTGGCCTTCCCGCTGAATTACGCGCTGATCTTCGCGCTGGGCACGGCGGCCTACACCTTCGGTTACTGGATTTTTGGCCGCGTGCAGGAGCCGCCGGACCCCCCGCAGGAGGCCCAGGGCTACCGCGCCGAGTTCCGCGCCATTCCCGAAACGCTGCGTGACCCGCACTTCCGCGCCTTCCTGACTGTGCGCCTGCTGCTGGCCGGGGCAAGCATGAGCGATCCCTTCTTCGCGGTGTACGCCCTGCGCGTGCTGGACTTTCCCGTGGCGATCCTGGGAACCTTCGTGATGGCGCTGACCGGGGCTGCGCCACTGTCGAACATCGTGTGGCAGCGCGTGGCCGAACGCAAGGGTTCGCGGCGGATCATCCGCTACGCCTCGGTGTTCTACGGACTGGCCCCGCTGTACGCCGCAGCCGTGGGGATGCTGGGCCTGGGCAAATGGGCATACCTGGGCGTCTTTCTACTGACCAGCGTGGCCGCACAGGGCTTCAATCTGGGCCACACCAACCACCTGCTGAACATCTCGCCGCCGGGCGCACGCAGCCGCTACATCGGCACGCTGAACACGTTGGTGGGCGCGGCGCTGTTCACGCCGGTGCTGGGCGGCCTGATCGCGGACCGCTTCGGCTATCTGCCCGTCTTCACCATCAGCCTGCTGCTGTGCGCCGCCGCCTTCTGGCAGTGCGGCAAGCTGCGGCGAGACGCGTGAGAAAAAGAGTCTATCCATTCTATATTTACTTGCTTATTGATGTTCCAAATCATCTTCAGTTAAATAACTGTCCGCAAAAACTAATACTGAACGTATAACTTGTTTTCTGGCTCTTCTGAAAATATAGAAACTCATATTGAGTGATATACTTGTCAGTACGTCGTCCTGATATGAGTATTCCCCAGCCTCACCGCCAATTAAAGTCCTAACCTCACTCACGGATAAACCTATAAGGTTAGTACTCTTAAAATTTGCGGAGTCTCCAAGTATTTCAACGGCAGCACTCAGATTCTGATTGTCAAAATAAACAACGGTACGGTGCAAGGGGAAACTTAAGGACGGATTCTCCTGCATGAAATTACGCTTAAATGGGTGGTGTTCGCCAATCTCAGTCCATAAGGGATCATCTAATCCAATTCCAAGCTTAAATTGCCCCACGCCAACCATAGGTTCAATATTCACAACCTACCTCTCAATGCCCCAGAATCTTCCCTAAAAACTGCTTGGCCCGTTCGTGCTGCGGATTGTTGTAGAACTCGTCGGGCGTGGTGTCTTCCACAATATTTCCCTCGTCGAAGAACACCAGACGGTCCGCCACCTCGCGGGCAAAACCCATCTCGTGGGTGACCACCAGCATGGTCATACCGCTCTCGGCCAGGCCCTTCATCACGTCCAGCACTTCCTTGATCATTTCCGGGTCCAGGGCACTCGTCGGCTCATCGAACAGCATCACCTTGGGGTCCATCGCCAGGGCGCGGGCAATGGCGACGCGCTGCTGCTGGCCGCCCGAAAGCTGCGCGGGGTACTTGTGGGCCTGTTCCTCGATACCCACGCGCTTCAGCAGTTCCATGCCGCGCTGCTGGGCCTGCGCCTTGGGCACCTTACGCACGCGGGTGGGTGCTAGCGACACGTTTTCCAGCACGGTCAGGTGCGGAAACAGATTGAAGGACTGAAAGACCATGCCCACCTCGCGCCGGATGGCGTCCAGGTTCTGCCCGTCCTTGAGTTCGATGCCGTCCACGATGATGGTGCCCTGGCTGTGTTCCTCCAGGCGGTTGATCGTGCGGATAAACGTACTCTTGCCGCTGCCCGACGGCCCGATGATGACCACCACCTCGCCGGGCTGCACGCTCATGTTCACGCCGCGCAGGGCGTGGAAGGAGCCGAAGTGCTTGTGGACATTCTCGGCCACGATGATCGGCACACCGCTGGGGCTGGATTTGGCAAGCGAGGTCATGGACACAACTCTATCCGAGGCGGCGCGGGTGGGGTGAAGATGGTGCTTGCGGGCCGTCTCAGACAGGGCAGGACAGGTTCTGAGAGAAACTGACCGGGTTTCATGGAAGCGTGTCCAATTCCCATGCCGTGCTAACATTCCAGCATTCTCAACATTCCACGCGGCCTGCTTTTCACGCAGCGCCGTCATCCCGGAGGATTCACCATGAAAAAAAGCAGCAAGCAGCTCATGACCGCCGCCGTTCTCGGCACCGCCGCCCTCTTCACGGGCGCAGCACTCGCCCAGGGCACCACCTTCCTGACCATCGGCTCCGGCAGCACCACGGGCGTTTACTTTCCCGTGGCCACCGGCATGGCCAAGATGATGAACGATGCGGGCGGCGGCCTGCGCGCCAACGCCCGCTCTACAGGCGGCAGCGTGTTCAACATGAGCGCGATGGCAACCGGCGAACTGAATGCCGCCGTGGCCCAGAACGACGTGGTCTACTACGCCTACAGCGGCACCGGCCTGGACGCCTTCAAGGGCAAGCCCGACAAGAAGCTGCGCACCATGGCTGTGCTGTACCCCGAAGTGCTGCACGTTCTGGCACGCAAGGACGCGGGGATCAACTCGATTGCCGACCTTAAGGGCAAGAAAGTCGTGATCGGTGACCTGGGTTCGGGCACCGAGCAGACGGCGGCGCAGGTCATGGAAGCCTACGGCCTGAAGTTCGACGATCTGGGTCAGGCGCTGCGCGTCTCGCCGTCGCAGGGCATTTCGCTGATGCAGGACAAGCGCGCCGACGCCATGTTCTACACCGTGGGTGTGGGCGCAAGCGCCATTGCGCAGATCGCCCAGACGGTGGACGTGAAACTGGTGCCGGTGGCCGGCAACCAGGCCGCCAGCCTGATCAAGAAGTACCCCTTCTACGTGCGCTACAACATCCCTGCCAAGAGCTACAAGGGCATCGACGTGACCGTGCCCGGCGTGGCGGTGCAGGCCACCCTGGTCACCACCAGCGCCGAGAGCGAGGACACCATCTACAAGGCCATGAAGGCGGCCTTTGGTGACGAGAAGGCGCTGAAGGCCATTCAC
CP044990.1_gap81	2820730	2822875	2145	GTGAATGACCAGACGCACCTCGGGCAGATCAATGCCGCGCCCGGCGATGTCGGTGGCCACCAGCACGCGGGACTTGCCCTCACGCAGCAGGTCCATCGTGCGTTCGCGCTTCTTCTGGTCCATGTTTCCCTGGAGCGGGCTGACGATCTCGCCGGGCATCATCTGTTCCAGACGTTCGGCGCGGCGTTTGACCAGGGACTTGGTGCGCGAAAAGATGACCACGCAGCCGCCCGGCTCCCGCAGCGCTTCACGGGCCTGCTCGGCGGCCACGTCCATCACGTCGTCGCGGGTGGTGTGGACCAGCAGGTGGGTGGCACCTGTTGCGCCGCCCAGAATGTCGTCCTGGTTGGAGTTCTCGGCGCGGGCGGCGGGGGCGATGTCGATGCGCTCCGGGTTGACCATGAACTGCTGCGCCACGCTCCGGATCTCGGCGGGGAAGGTGGCCGAGGCCATCGCAATCTGAATTTTCTGCCCGGTCTGTGCCTGACTCTGGGTCTGCGCCGAACGCAGGATCTCGCCCACGTCCTTCAGAAAGCCCAGCGACAGCAACTCGTCGGCCTCGTCCAGCACCACGTAACGCAGACCAGCAAGGTTCAGTTCGCGGCGGCTGATCAGGTCTTTCAGGCGGCCCGGCGTGCCGGAGATCAGGCCCTTGCCCGTCGCCTCACTGCGGGTCTGCCCCGGCGTGATGCCCCCGGTGATGCGCCCGGCGGTCATGCCCAGCTCACGCGCTACGTCACGGATCTGCACGGCCAGCTCACGCGTGGGCGTCACTACCAGCACTTCCGGACGCATCCCACGCACGGGGTTCATGCCGATGCCCCGCGCGGCGGCGGGAATCAGAAAGGCCAGCGTCTTGCCGCTGCCGGTGCGCGCAGTGGTGATCACGTCACGCCCGCTCAGCAGCGCGGGAATAGCCCCGGCCTGCACAGGGGTGGGCGTGTCATGGCTCAGCATCTTGCGCCAGTCGGCAGTTTGTACAGCGGCAGGCTGAGACTGGCTGTGCTGGGGCTGCTGCTGGGCGTCGTTCTGGGGGCGGGGACGGTCTAGTGTGCGGGTTCGGGTCATGGGTGTCCTATGGATGCGTCCACAAGGGAACGCGCCGGAAATCGGCTGGGAAGAGGTCTTCACTTGAATAAAGTGTCAGGAAGTGGAGCTTAGAGGGCCGCGTCAGACTGCAAGACATCCTCGCGGCAGCAGTCCGGGCACCTGGGGCAGAGGCACCTGCGGGGGCTTTGGGACCACCCGCGTTCACCCCCACTATGCCGCATTGGCGTGAGGAGAACACGAACCCAGCTCACGAGTCGCCGCGAAATCAGTGTCACAGAGATGGGGACGGATCAAGAGTCAGTCTCGTTGCCAGCCGTCTTCAGAAGAGAGGACGGGGGGCCAGAAAACCGTCTCAGCCAGCCATCCCCTTCCCTTGTGAGTGGAGACCGCCCGCAGAGACGAATTTGCAGAGCTGCGAAACATAGAGGGTGCAAACTGGCCTGGTCTGGCTAGAAAGTAGGGTTTCCGCTCTCCCGCTAGCCGTGCCGGGGCTTGATCACCAGTCGGCGGGACGCGCCCTCGCCCACGCTCTCGCTCATCACGTCGGGGTGTTCCTTGAGGGCAATGTGGATCACGCGGCGTTCGGCAGCGGGCATGGGCTGAAGCTCGTGGGGTTCGCCACTCTTGGCGACGCCGATGGCGAGGCGCTCGGCCAGCTTGCTCAGGGTATCGGCCTGCCGTTTGCGAAAGCCGCCGATGTCCACGCGCACGCGCAGGTCTCCCCGGCCTTCCTGCTTGGACAGGACCGTGTAAGCGATGACCTCAATGGCCCCCAGCGTGCGCCCGTCGCGCCCGGCCAGTCGGGCCGCGTTCTCACCGCTGATCTCGGCCTCGATAGCGTCGTCGACCTCACGCACGGTCACGCTCAGCTCGGGATCGATGCGGGCGATCAGGCCGCGCAGAAAGCGTTCCAGTGTCCCTCTGGCGTCCGTGTCTGCGGCCTCCAGCACGGGCGCAGAATCGGAGGCATCGGGCATGGGCGGCGGCGTGACGCTCTCGTCCGCCTCGCTGATGCCCAGCTCCGCGAGGTAATCGTCGAGATTCGTGCGGTTGTCCATGCTCTGCAGTCTACCCTGCCCCTCTCACGGGTTTCCC
CP044990.1_gap82	2829951	2832818	2867	ATTCCATGCTGGGCTGAAACCGACGACGGAGGGGATACCCAGCCTTAAACGAAATAAATCTGTCCCTGCCGCCCGCGCCCGCCGCGCGCCGTCGTCGATCAGGGGCAGGGGTTGCAGCGCCCAGTCCTGAAGGTGGCCGTTGCCGGGGCGGGTGGGGGGCTGGGGCAAGGCGGAGAGGTCAGGCATTCAGGAGTCATCCTGTCAGCTTGGCGCGGCAGGCACAAGACAGGGCGGGCACAAGACGAATTCAGACCAGGGTGCGGAAAGCGGTACGCACCCCGCCTCTCCACCTGACTGCCCCACCCGATCGGCCACGGCGGGGCGCGCGCGCCGCTCAACCCGTTCCCAGAGCCGAGACGATGGCCCAGATGAATGTGAGAAATACAACCAGCCCGACGCCCACGCCCACCCCAATCGCCTTCAGGATGTTCGTGCCCGTCCCGGAACTCTGCGCCGCCTGACAGGTCTTCAAGCCTTCCCCTGGCCCGCGCTCCCGCACGAAGGCCGCCAGTACAGCCGCGCCGCACTGCGGGAAGATGACATACACGTTCTCCCGCATCTGATCCGTAAACGCTGTCAGCGGCACCTTCACGGCCACGCCATACGCCTGGCCCCTCACCGTGATCGGCAGACCGCCCGGACCCGTCACTGCTGGCGCACAGGCCGAGCGCGCGGCGGCCAGCAGCATGGCTGCCACAGCGCTGGGCTTTCTGAATTCCTGTTTCATAGTGGACCTCCGAAACTGGTTGGACTGAAGCTGCCCCCGCCTGGGAAACGTCTGACAAGCTCGCGTCTGTCCTGGGCTTGCATCTGGGGCTTTAATTCAATGTCAGCGTGACTCCGCCCGGCGCGGAGGAGTCTTCGGCCAGGGCCAGGGTTTTGGTGGTATCGCCCAGGACGGTAAAGCTCTTGGTCACTTCCGGCGAACTGGCCGAACAGCGAACGGCCAGCGAATATGACACATTACCCGTTTCGCTGTTGCTGCCGCCCTTGCTGGTTAGGCTGCGCCCCGTATACGGCAGTGCAAAAGCAGTGGCAAGCGCCTGGGCGCTGCCCGGCTGAAGATCCACCACAAGCTGCTGGGTGCCGGAGCCGCTGACCCCTCCCAACGCCGTGAACGTCACAAGCTCACTGCTTTTGTTAATCAGCGCCATGCCGGGGCACGCGCCCGCTGGCGTGTAGGTCATATTGAGAACCGCCAGAGTAGGCCGACGGGGAGCATTGGGATAGTTGGGATAGCCGCAACTGCCGAGTAGTGGGAGAGCCAGGAGAAGGAAGGTGCTGAACTTGAGCATTTTTTTGGTGTGCATGGCGGTTTCTCCTCTGGAATCTGTGGAACCGGCCCTCCCAGCATTTTCGCCAGGAGGGCCGCTCTCTGACTTACCGTATTAGAGACTTACCTCCGCAGCAGGGGCGAGAACCACTCGTCGTCTGTGCCCGCTTTGTTGGTGAAGCCGGAGAACACGTACTTGCTCGTTGTGGGGTCGTAGGCGACGTTTGTACCCACATCCACCCGTCCGACTGGGCCGTAGGTGTTCGGGTCGTTCACACCTGGGGCCACGCTGGACAAGGCGCCGTTGGTGGCGACTAAGCGGGCGTCCAGCACATCGCTGTCGTTGGCACTAAAGGCTTGGAAGTTCGGGCCAGTCAAGGCCAGCATCTTGCCGTCGCTGGCAATCCCTTTGCACTGCGCCTGCTTGATCAAAGTGACGCCGCCAGTGCCGAAAGTGGCGTCCAGCTTGCCGTTCACGTCCAGACGGGTCACGGTGCAGACATCATCTGGGCTTCCGAAGATCACATGGCCCGCCATGACGGCCTTGTTGTCCTGAAGCAGAATGCGGTTGAATACACTGCTGACCGAACCGCTCATGGCTGAAGGATTGCCGGTGCCAACCACGCTGGGGTTATAGCCCACCGTTTGCACGCCGCCCACGCCGTAGCTGGTATCCAGGGTGCCGTCGCCGTTCAGTCGCAAAATAGCGCTGACATTCACGTTGCCCAGTTCCGTGACCCGCGTGGTGCCCGCCGCCAGAATCTTGCCGTCCGGCTGAATCGCCACGTCCGACAGGCTTGCTGCGTAATCCTCAAGGTTGAAGAAGCTATTGATACTCAGGTTGAACATGCCGGGGGTAGAGCTGGCGGCATTGAAGGTGGTGTCCAGAGGGAGAGTCGGAACCGACAGATAGCGCCGCACTTTGAAGGCTCGCCAGTTGCCCGCGCCGCCCTGGCTACTGACCGTCTGGGTGTTGTCGGTGCCGCCCGTCACAATGTTGTTGTTCTGGTCAATTTCTACGCTCTGGAACCAGTCCTGGGTGTTGGGATTGTCGACGGTGACACTATCCAGCAAGGTGCCGGTCGGGCCGTATTTGAACATTACCGCGCCAGAATCGTCATAGACCTGGGTGGGGATGCTGCGGTTCTTGACGCCCACCACCACGATGTTGCCGTTCTTGTCCACAGCCACGTCGGTTGCCTCATCGTTGACATTGCTCAGGTGCCGCACGTCGCTCCACAGGACATTTCCAGCCGGGCCGTACATGACAGTTGCAAAGTCGGGGTCGGCTCCCGGCAGGCTGCCCACCGCGTCCGCCGAACCCACCATCACGGTATTGCCGTTGGGCAGCACGCGCACGCTGTTGGCGTGATGCAAGTTGATCGGCTTGACTGGGTTGACCTTCTGGAGACAAAAGCCGTCGTAGCCCATCCACGACACCAGTTCTGGATGCCCGTTCACCTGCGCCGAGGCGTTGTCGTTCACGGTGGTCACCTGCATGGTCGTCGCGCCGCCAACACCAATCGTGAAGGTGTGGGACTGAGGCACCCAGGGCAACGAGGGCGAGTTCACGGGGATGCTGCCCGAAACGATG
CP044990.1_gap83	2857867	2861715	3848	TTGGGCGTGACGGCCCAGGGCGCGTGTCCAGCTTCCAGGGCGGGCAGCAACCGCACCGCCTTGGGCACGCTGACCGGCTCGAAGATGACCCGGCTCTCCCGCGAAAGCAGATGCTCCAGCGTTTCGGGGGGCAGGTTGCCGTCCGCAACGATGTAGGCCGCGCCTCTCAGCATCTCCTCGCGCTCCATTAACACTGCCGGAGTCAGGGCGTCCATAATTTCCATTGCGGCCACCGCGATCAGCAGTTCGCCGCCCCTGTCCAGCACCGCCGTGTACGTTCCCGTGACCGCCTTCGCCGTGCGCAATGTGGGCGACACGTCCACGCCCGCCTCCGCTGCCTGCCGCAGCAGACCGTCCCCCAGCGCGTCCGTGCCCACCGCCGAAAGCAGGGCCACGCGCACGCCCAGACGGGCCAGATTCTCGGCCACGTTGCGGGCTACACCGCCGGGGGTCTGCGCGGCGCGGCCCGGATTGCTGGTGCCCGGCACGGCGGGGGCCAGCGTCTGCACCTTGAGGTCCATATTCGCGCCGCCGACGGCGATGACCTGGGCCATCTGGGAGAGAGAATGGGGAACCATTTCCCGAGTATGTCAGCAGCCTCCATCTCCCGCTGCCTGCCCAGTTCCCCCGCCCACGCCAAAGCGTCGCACGCGCTACACTGCCTGGCAATGGATGCCAAGGTAATTGTGGTCACGTCGGGCAAGGGTGGCGTGGGAAAAACCACGACCACCGCGAACATTGGAGCGGCTCTCGCCAAGTTGGGAGAGAAGGTCGTGGTGATCGACGTAGACGTGGGCCTGCGAAATCTGGACGTGGTGATGGGTCTGGAATCAAGGGTGGTCTTTGACCTGATCGACGTGCTGGAGGGCAAGTGCCGCATGAGTCAGGCGCTGATCCGCGACAAGCGCGTCGAGAACCTGCACCTGCTGCCCGCCAGCCAGACCCGCGACAAGGACGCCCTGGACCCCGAAGTGTTCAAGGAAGTGGTGCGCGGCCTGATCGAAACCGAGGGCTTTGACCGCGTGCTGATCGACTCGCCCGCCGGGATCGAGTCGGGCTTTCGCACGGCTGCCGCTCCGGCCACGGGCGCGCTGGTGGTCGTCAACCCCGAGGTCTCCAGCGTGCGCGACGCGGACCGCATTATCGGGCTGCTGGAAGCGCAGCAGATCAATGAAATCCGGCTGGTCATCAACCGCTTGCGGCCCAAGATGGTCGCCAGCGGCAACATGCTCTCAGAGGCCGATATTCTGGACATCCTGGGGGTCAAGCCGATTGGCGTGGTGCCCGAGGACGAGGGCATCATCGTGTCCACCAACATCGGCGAACCCGCCGTGCTGGGCAAGACCCGCGCGGGCGAGGCGTTCATGGCCACCGCCCGCCGCCTGAAAGGTGAAGACGTGCCGTATCCCAAATTCGATGTGGAGGGCGGATTCATGGCCGCCCTGCGCCGCCTGTTCGGGGGGGCCTGACATGTTTTCCTGGCTCAAGCGTGGGCGCACCAAAGAAACCCTGAAAGACCGCCTGGAACTGGTGCTGGCCTATGACCGCGCCCAGATTCCCCCCGGCAAGGTGGAAGCCCTGAGAAACGATCTGCTGGAAGTGGTCCGCAAGTATTTCCCCACGGGCCAGAGCAGCATCGAGATCGAGCAGCGCGGCGACATGGTGGTGCTGCTGGCGAACATCCCCATCGACGAGAACGCGCAGGGCCGCACCAAGCCCTGAAGACCCTGAGTCTTATTCAACCTGCGCCGCCGGACCTCATCAGTCCGGCGGCGCTTTATTTGTTCAGCGGACCCCGACCCCAGAACGCGCCCAGGCCAATGCCAAACACCAGCCCGGACATCCAGGCTTCCCTGCTGTTTCTAAACTTCATGGCTCCACCATGCCTATTCCCCACCGGGGAATCCCACCCTGGAACCCGTCTGTGCCGTAGCCTGTAGGGGTGAGGGAAGCCTTTAAATACGATCTGCGTTTTCCACTGATCATCGCGGCTCTGCTGGTGGTGGGCCTGATGACGGTCAGCACCGCCGCGCTGTCGCCACGCGCCGCACCAGGGATTTTTACCAAGCAGCTCGTCGGGGTGGCACTGGCCGCCGTGCCGCTGGCGCTGCTGTGGTGGGCGGGCAGAGACCGCATCTATGCCTTTGCGCCGTGGGTTTATGGCTCGGCACTTGCTTTGCAGGCCAGCACATTTGTCATTGGCCGCGAGGTCAATGGCCAGCGCAACTGGATCGAGATCGGCCCGGTTCAGTTCCAGCCACTCGAAATCCTGAAGTTCGCCCTGATCCTGATGCTGGCAGTGGCGTTGCGCGCCGGGTACAAGGGGATGAGGACTTACCTGTGGGCCTTTGCCGTCTTCCTGCCTGCCGTGGGGCTGGTGGTCCTGCAAGACTTCGGCGGGGCGCTGGTCCTGAGCGTCATCTTCGGGGTAATCCTGCTGGCCGCACGCATTCCGTGGTGGCACGCGCTGCTGGCCGTGCTGCTGGTGGGCGCTGCCGTTCCCACCGTGCTGTACCCGCACCTGGAGCCGTACCAGCAAAAGCGGCTGACCATCTTTCTGGACCCCTATCAGGACCCACGCGGGGCGGGGTATCAGGTGATTCAAAGCACGATTGCCGTGGGTTCGGGCGGCGTGCAGGGCAAGGGTTACAAGCAGGGCAGCCAGTCACACAACGGCTTCCTGCCGGAAGCGCACACAGATTTTGCCTTCAGCACCTGGGCCGAGGAACAGGGGCTGGTGGGCGGACTGGCGGTGCTGGCGATGTACGGCCTGCTGTTCTGGGGTCTGGCGGGCATGGCGGCGGGTTCTCCTCGCTTGCAGGACCAGATTCTGTTCGCGGGTGTGCTGGGACAGGTGGGGTTTCAGGCGCTGGAGAACATCGGCGCGGCGCTGGGCGTGTTGCCGCTGACCGGGATCACACTGCCGCTGATCAGCTACGGCCTGAGCAGTCTGGTCAGCACGCTGGCAACGCTGGGGCTGGCCTACGTGGTCTACCGGGACCGCTTCGAGGGATCGATCTGAACGTGAAGCGTCAGAGGCGGGGTGGGGGAGCGTGACCATCGCCGCGCCCCCACCCCTGGCCCCCGTCCAGCCCCCACCATTCCGCCTGTCCGGGGCGCAACTGGGCCTGATCGCCTCCAACTTTTTAATGTGGGGTGGGTTCTTCGCCGTGATTCCCCTCATCACGGTTCATTTCGCCGGGTCCGTGGAATCGGGCGGGCTGGGCTGGGCGGCGGCCAGCGTGGGGCTGGTGCTGGGCCTGCGGCAACTGACGCAACAGGGCCTGACCGTACTGGGCGGGGCGTGGGCAGACCGGGTGGGTCCCAAACCACTGATTCTGGCCGGATGCGTGCTGCGCTCGCTGGGCTTCGCGTGGATGGCCTTCAGCGGCACGCTGCCGGTCCTGCTGGCCTCGGCACTCCTGGCGGGGATCGGGGGCGGGTTGTTCGACGCGCCCAAGAACGCCGCCATTACCGCCGTGACCCAGCCGGAACACCGCACGCAGATGTTCAGTCTGGCGAGTATCTCGGGCAATCTGGGCATGGTGACAGGGCCGATGATCGGGGCGGCGCTGCTGGGGCTGGGGTTTCAGGTGGCGGCGCTGGCCTCGGCGTGCGTGTACCTGCTGGCCGCCGCCGTGATGGGCCTGACCCTGCCGCATGTGCGCCCGCCGAAACGTCCACCCGGAAGTGGGATGGCTGGCCTGCGCGCCGCCGCCAACAACGCACCGTTTCGCCGCTTTACCCTCGTGCTGATCGGCTACTTTCTACTGAGTACACAGATCAACGTGGCGGTGACCCTCAAGGCGATTGCGCTGGCGGGGCCGCAGGCCACCGGGCCGCTCTAC
CP044990.1_gap84	3020080	3024671	4591	TCAGATCGGCGTCGGCCCGCGTCAGCACCTTCATCTGACAGTAGACCTGATCGAAGGAGCCATTCGGGCGGTCACAGTTGTTCTGAGCGCCCGCCTGGGATGTCAGGGCCAGCGCAGTGCCGAGAAAGAGCGCGACTTTCAGGATGGGTTGCATGGGAACCTCCAGCCCAAGCGTACCGCAAGGGGTGAGGCAAACCCACCTCTTGAAACTTTGACGCCACACCGTAACGCCGCGCCCGCCCACACGCATCCGCCATCTGTAGCATGCGGGCATGTCACGCCGCCTTCTGCCCCTCCTGGGCCTGCTCCTGTCTGCCTGCGCTCCCGCTATCAGCGGCCCGGTGGGTCTCCTCCCAGACGTGACCGCCACGCTGGGCGTCCCCGATCCCGAACACCTGCGGGTGGTGGTCATGGGCGATCAGGGTACCGGGGACGGGGTTCAGCGGCGGGTGGGGGCGGCCATGCAGGCGGTCTGTAAACAGCAGGGCTGCGATCTGGGCGTGGGCCTGGGCGACAACTTCTACCCGGCAGGGCCGAGGGAGGCCAGCTCTCCCCTGTTTAAAACTAGATTTGCGGACATCTACGGCCCGCTGAATATTCCCTTTCTGATGGTGCCCGGCAACCACGACGAGAGCGGTCTTTTGGGCGGCGACGGCACCGACGCACGCGGCGCGGAGGCCGAAGTCGCTTACAGCAAACTGAACCCGCAGTGGGTCATGCCGGGGCGCACCTACCGCGCGCCCGTGGGTGCGGGACAGGGGGGAATGCTGGCCGAGTTCTTCGCGGTGGACACCACGCCGCTGGCCGCCTACCTACCTGTGCGCCGTGCCAATGAGCGGCCCGGAGGCCCGTGGGACGCCGCCCAGCGCGCGTGGCTGACCGGGGCGATCCAGAACAGTTCCGCGCGCTGGAAACTGGTACTGGGCCATCACCCGCTGTTCTCCAACGGCAAGCATGGGGACGCCGGGCGCTACGACGGTCTGCCCTTCGCCTTCCAGCGCGGGGACGCGGTGCGGGACCTGTACGGACTGGCCTGCGGCAAGGTGGACGTGCTGCTCAGCGGCCATGTCCACGCGCTGGAGGTCTTCGCGCCGCAACCCGAATGCCCCGGCACCTGGACCGCCGTTTCAGGGGCGGCGGGTGAGATCGGGGGCGGCAAAATCGGCACCCGGAAAGCCGTCGCCGAATTCTTCGGACAGCCCGGTTTTATGTGGCTGGACATGACACCACAGATGCTCACGATCAACATTTACACGGTGGCCACCGATGGCGTGCCGACACTGGCCGCGATGCAGGAGATCAGGAAGAAGGCCAATTGAGCCGCCCCCTCTTCAGACCGGGCTGGAAACCAGCCTTCTGCGGCCTGCTGATCTGGAGTTGTGGCGCAGCGTGGGCAGCCCCCGCCGCCACCTGCGACAACGCACTGAATCCGGTGCAGGCGGGCTGGGTCTGGACCTACCGGGTCACGCCGGGCGACATCAAAAAGCCCACCTCCAGTTATGCCCTGAGCCGGACAGGGGCGGGCGCGGAGTTTCAGGAACAGTCCATGAGCGCTGGAAAGCCAGTCAACACCACCAGATTCAGTTGCGCTGCAGGCGCGCAGACCAGCCTGACGCCCCCGCAACTGGGCGATATTAAACTGACCCGAGCAGCGGTCAGGGGGCTGGGCATCGCCGCTGCGCCGGACTGGAAACCGGGCGCGACATGGAGTCTGATCTGGGATCTGGAAGGACGGCAGAGCCTGTTGAGTGGCAAGGCCACCATCACGGTGCGGCGGCAGGTGATCAACCGCGAGAAGGTCACGGTTCCTGCCGGAACATTCGATGCCTGGAAGGTCAGGGGCAACCTGCGCGTGGTGGGCAAGCTGGGACCCGTGCCCCTCAACCGCGATCTGGGCGAGTTCGAAGAATGGTACGCCGAGGGCGTGGGGCTGGTGAAATCCAGCAGCAGCTACAGCGTCACGGAGCTGATGACCCTCAAAAAGTAGCGCCCAACAGCAGTGCCCAGCAAAAACGGTGCGGCCCTGCAATAGGCCGCACCGTTCGTTTTGCGAGGGTTGAGCTTACAGTCCGGCTTCCGCCAGGAACGCGTCCAGCTTCTGCGGGCGAAAGCCGCTCAGGCTGTGGGCCACGTCGCCGCTGACCAGGGTGGGCACGCTGCGGCGGCCACCGTTGACGCTCATGACGTACTCGGCGGCCTTGTCGTCCTGCTCGATGTTGATTTCCTCGAAGTCCAGGCCCTTGCTGGTCAGGGCGCGCTTGGTAGCGGTGCAATCGGGGCACCAACTGGTGGTGTACATCTTGATCATGGAAGATTCCTCCTGTGAGTGATGCGGACGAGAGGCAGGAATCACCTCTGCCCGGTACTGTAGTTTACAAAATAAAGCGGAAACGAAAAGTAGGCCAGTTCAGTAAAGGCGAACGGCCCACCGCAGGGGCAGGCCGCCTTTCGCCTTTGGAATCAGATGCCGCCAGCGTTACGCCGGAGTGGAGGCTTCGGCGGGAGCGTCTGCTTTGGGGGCCTGTGCTTCTGGCTGAGCAACAGCCTCGGCAGGAACAGCCGCAGCGCCGGAAGGTGCAGACGCGGCCATCTCGCCGTCGTCTTCACGCTCTTTCTTGGGGGCGGGCGCAACTCGGGGGGTCATGATCATGTTCATGTCCATGCCCATCATGCTGGGGTTGCTTTCCGGCACACCGATGTCGGCCAGCGTCTCGGCCACGCGCACCAGAATGCGTTCGCCCAGTTCCGGGTGGGTGCGTTCACGGCCACGGAACATGATGGTGACCTTGACCTTGTGGCCCTCTTCCAGAAAGCGGCGCACATGCCCGGTCTTGGTGTTGAAATCGTGCCCGTCGATCTTGACCCGGAACTTGATGGCCTTGACTTCCTGACCACGCGCCCGCTTGCGGTTTTCTCGTTCGTTCTGCTGCTGCTCGAAGCGGAAGCGGCCATAGTCGAGCAGACGGCAGACGGGCGGCACGGCCTGGGGACTGACCATGACCAGATCCAGCCCCGCCTCACGCGCCATGTTCATCGCGTCGCGCGTGTCGATAATGCCCACCTGCTCACCTTCCCCGCCAATCAGACGAATCTGACGGACGCGAATCTGCTCGTTGACCTTATGATCTTTCGCTATATTCATCACCTCCGCGCGCCCCCTGCACGCTGGCAGCGTCATTTCTGACGGGTTAGGGCGGCTGAACCCGCATTCACGTTGAAAGCTGTGACGGGTAAACATGTCAGTTTACCACGCAGGTCTGCCGTCTCTTTGTGGGGATGAACTTTCTGTCAACAGCAGCGCCACATGTGCCGGACAGCCCGCATCTTCTGCCATGCTTCGCCTATGGACCGTTCCTTCCCCCCTGTGGCCCCCGCCCACATCCACCGTTACGGCCCCCTGTCTGCCCGCAATCCCGATCTGGAAGTCCTCCTGACCGATGGCCTGGGCGGCTTTGCCCTCAGCAGTGCGGCCGGAGTGCCGACGCGCTGCTACTCGGGTCTGGTGGTGAGTCAGTCGCCGCCGGTGCAGCGCTTCACGCATTTGGTCTCGCCGCTGGAGATTCTGCAAGTGGGCAGCCAGAGGCACAGTCTGCACGCCCTGGAACTCGCGCCGGGCGTCTTTGAGGGACGCGGACTGGAGATCCTGGGCGGCGCGACCCTGCATGACCTGCTGCCCGAACGGGTGCAGATGGTGGGCGGCGTGCGGATTTCCCGGAGAACCGTCAGCCCGGCCCACGCGGGCGCGGCTGTTTACCTGTACTCGGTGGACTCGCGCGAGTCAGTGACGCTGACGCTGGGCGGCTATTTTGTGGACCGCGACATGCACCACGTCCACATGCAGGCCCCCGAACTGAAATTTGAGGCGAACGGTGAGAACGTGCTGGTGCGCGGCGAACGGACCACGCGGGTCAGGCTGCACGCATCGGGGGTGGAGGTCACAGGACTTGACCCAGACCCTTTCCCCCAGCGCGTCTACTACCGCCACGACGCGGCGCGCGGCGAACCCGATCACGAGTACGTGCGCGGCGCGGCGTTGTGGGAGGTCCGCTTTCCAGCGGGCGGCGGTCAGGTGGCGCTGGTGGTCCAGGGTCTGACCGACACCACCCCCGACATTCCCGATCCCTGGCTGGCCTACGAGCAGGAGGCCACGCGGCGACGTGAACTCGCAACGCTGGCCCAGCAGACGTGTGGAGTGACCGACGATCTGGTGGCGACGCTGGCGGTGGCAGCGGACGCCTATCTGGTCCGGCGCAACAGTCCAGCGGGAACCAGCGTCATCGCGGGCTATCCGTGGTTTGCCGACTGGGGCCGCGACGCCATGATCTCGCTGACCGGCCTGACCCTGTTGACCGGGCGTTTTGCTGAGGCCCGCGACTTGCTGCACACCTTTTTAAGCACCCTGCAACGTGGCCTGATCCCCAACCACTTCCACGAAGACGGGCAGGGCGCGGGCTACAACACGGTGGATGGGGCTTTGTGGCTGGCGGCGGCGCTTGAACGCTACGTGACTGCCAGCAACGATCTGGACTTCGCGCGGGGAGCCTTGCCGCAGTTGCGCAGGCTTTTGCAGTGGCATCTGCGCGGCACCGAT
CP044990.1_gap85	3036155	3040090	3935	GCGAGGGTGGGGGGCAGGGGGGTCATGGGTGGGGGAAGGGTCCAGACAGGTGACCAGAAAATAGACTTCCGGCAACTTCATTCTCGCACCTGTCCGCCATCCAGAAGAGGCCAGCACAGGGCAGCGCTGCCGAGGACGCCCAAGTACCGAGTAGCCGCACTTCTCTTCCGGCCTAGCCAGCCCGCTTGACCCGTCCGCCCTCAGCCTCTACCTTGCGTCTATGAGCCGCGCCGTTTTCACCACGATGACTCCGTAGCGGCGGCCTGTGTCACTCAGCCGCCCGCAGACCGCGTGGCGGATTTTTTGTCTCAAGGAGAACGATCATGCGCGTAGCCATTGTGGGAGCCACCGGAGCCGTCGGACACGAGTTGATGCAGGTGCTGGAAAAGAGCAGCCTGAAGTTTGACGAGCTGCTGCTGTTCGCCTCGCCGCGTTCGGCAGGCAGCAAACTGACCTTCAAGGGCCAGGAATTGACCGTGCAGATCACCCCGGAAGGCGCAATCGACGCCGACGTGATCCTGGCCTCGGCAGGCGGCGCGATCAGCAAGGAAAAGGCCCCGGCGTGGGTGGCCGGGGGCGCGGTGGTCATCGACAATTCCAGCGCCTTCCGCTATGACCCGCAGGTGCCGTTGGTGGTGCCGGAAGTGAACGGCGAGGCCGCGCTGCACCACAAAGGCATCATCGCCAACCCGAACTGCACCACCGCCGTCGCCGTGCTGGCCGTGGCCCCCATCCACCGCGAATACGGCGTCAAGCGCATGATCGTCTCTACCTATCAGGCCACCAGCGGCGCGGGCCAGAAGGGCATGGACGAACTGCTGACCCAGACCCATATGGTCCTGCACGGCAAGGAGGCCGGGCACGAGGTCTTCTCGCACCCGATTCCCTTCAACGTGATTCCGCACATCGATGCCTTTCAGGACAATGGTTACACCAAAGAAGAGATGAAGGTGGCCTGGGAAACGCGCAAGATCATCGGGGACGAGTCTCTGAAGATCAGTTGCACGGCGGTGCGGATTCCCACCCTGCGGACGCACAGCGAGGCGATCACGCTGGAGCTGGAGCGCCCCGCCACACCGGAAGCCGTGCGCGAACTGCTGTCCCGCTCTGCCGGTGTAGAAGTGCGCGACAACCCAGGGGAAGGGCTGTACCCGATGCCCCTGACTGCCAGCGGCAAATACGACGTGGAGGTGGGCCGCATCCGCGCAAGTCTGGTGTTCGACGGCGGCATCGACCTGTTCGTGGCCGGGGATCAACTGCTCAAGGGCGCGGCCCTGAACGCCGTGCAGATCGCGGAGTATTTGCAGGAACATGGTGCGTTGAAAGAAAAGCAGCGAGTTTAATACGGACTCCGATTAGAAGGTGTTGAAAACACCTGAAAATCCGAGCGGAGCGAGAGGGAGAAAAACGGGTTTCGATCCCTCCACTCCACGCCCGGAACCCGTATAAGACAACCCATATTCCCAACCCCTTTCCACAGCGGAGAGGGGCTTTGCGTTGCATGTCAGATGAGCGCCACGGTGCGCCCCAATCATCTGAACTCTGAAACCTGAGCGCCGCACACAGATCGAGGCTGGTCCGACGTGTTAACTTCAGGTCAGATCGTTTAACATCACGGCTTTTCGCCCCCCGTCTGTCTGGTATGGACTGAGGGCGTTCTTTTACCCCCGCCCAGGGCTGTGGCCCACCCACCGTCAGGAGGACTTGCACATGGCTGAAGACCGTCAGGATCTGTTCCGTTACGTTGTCGAGGAATTTGCAGAGGACTACCACGAGGGCGAGTTGCAGCGCCGCGAGTTCCTGCGCCGCATGACCCTGCTGGGCGGCGGCGTGATCGGCGCACGCGTGCTGCTGACCTCGCTGGGCATCGCCGGGATTACGGCCTCGGAACTGGCCAGCGCCCAGACTGCGCCGCCCCAGCCTGACCCGGCCAAGGGTGCAGGGATGGTTGATCCGCGTGATCCCGCCATTTCTGTTAAGCCCGTCACTTACGAAGCCAACGGGTTTACCAATCTGGCGTATCTGGCCCGCCCGGCAGGCAATACTCCCGCCCCCGGCGTGATCGTCATTCACGAGAACAAGGGCCTCCAGCCGCACATCCAGGACATCGCACGCCGTCTGGCCAAGGCCGGATACATTGCGATGGCCCCGGATCTGGTGTCTAAAATTGGCGGCACCCAGCAGTACATCGACACCGCGCAGATTTCCAGCTATCTGGCGCAGACCTCGGGCGACGAGCATGTGGCGAATCTGCTGGAGGCGGCCAAGGTCCTGAAAACCCAGCCGGGCGTGCAGGGCATCGGCGCCGTGGGCTTCTGCTTCGGCGGCGGCCTGACCTGGAGTCTCTCCACGGCGCTCCCGGAACTGAAAGCCGCCGTGCCGTTTTACGGTCCTGCGCCTGACGCAGCAAAGGTGCCGGACATCAAGGCAGCGGTGCTGGGCATTTACGGCGGCAACGACACCCGCATCAACGCGGGCATTCCAGCGCTGGAAACGGCCCTCAAGGCGGCGGGAACCACCTACGGGATCAAGATCTACGACGGCGCGGGCCACGCCTTTAACAACGACACCGGCGGCAGTTATGTCAAGGCCGCTGCCGACGACGCCTGGGCGCAGACGCTGGCCTGGTTTGACAAGTACCTGAAAGCGTAAACCTGTTGGTCAGGTGTGGGGGCCAGGGCAAACGCCTGCGGCCCCTCCGCTATTTTTTACCATCGTCCAGAAAGTAGCTGACGCCGCCCAGCCGCAGCAGCGTCAGCGACGGTTTGCTGTTGTCCAGCGCGTCGGCGGCCGCAAACAGTTTGACGGTGCGCCCATCGCCATAGGTCAGGGTGATGGTGTTGTCCGCAAAGGTATATTTTCCGCCCGCCGTGGCCGCCGTGTTCGACGCCCCCAGCACGTAGCCGCTGCCCGCCAGATTGGTAGATGAGCTGCGGTCAGACGAGAACTGCCCCTGAGGACTGAACGCCAGCGACCTGTTACTGACCGTGCCGCCGAGCGAGACACTGACGTTAGAGACAACGGTGGAAGTGTACTCGCCGCCTAACTTGAGGCCAGTGAGTGGCAGCAGCCGGGTGTACTTGCGGCCCCCGATGGTCACGGTGTTGCCCGATTGCTTGAAAGTCTCCGGCTCGCCCTTACCAAAGGTGATCTTGCCACCCTGCACGCGGTAGATTTCGCAGCGGGGCAGACCGTTGGGGTGGGTGCGGGAGCAATCGGCTTCGGCCAGGCTCACGCCCGGCTCACCCGTGTACACGTAGCCGTTCTCGTTAAAAAAGGCAAATTCCCAGCAGATATTGCCAGGACACTCGGAATTCATGACCATCGTAGAGCTAAAATCCGGCCCCAGTTGCAGACCCGGAATCAGGTTCCCGGCGCGGCTGTGAACCCAGTTGCCACTCAGTCCGCCGCCGCTCCTGGGCGGCGCAGGCGCTTGTGCTGCACCGTAGATGCTGGGCGGCGGTGTGGGTTTGACCACCATGCGGCAATCCACATTGGTACTTTTGGAACTGAAAATGCCGCCCCGAACACGGCGCAGGCTCACTTCGCGGCGTCCATACCCGTCCTCGGTGTAGGTGCCGCCCTCGCCCCCCAGCGGGCCACCGATAAAGTTCAGATCGCTGAAGCTGTAGTTCTGATCGCTGCGGAAGTCCACCGTGAAGCGCCCGCCCGCCTTGCCCACGCGGTACTGCCCACCCGAGAGCAGCTCCAGCATGCCGCCCGGCGTTCCAGTGCCGTCGCTGATCACACAGGGATAGTTGGCAGGCTTGGGCGTCTTGAGCTTGAATTCAAACAGCGCCTGGTTCTCGCGCGGGCCGCGCTGGTAGCACTCGAAGTTGATAGAACGCTCCAACACGTCGCTGCCCACACCCTTGAGCGAAAAATCCTGGCCGAAGTTGCCAAAATCCAGATACCCGTCTGCCCCATTCAGCGGG
CP044990.1_gap86	3203799	3206545	2746	TGCCCGGACGCTTTGGGCGGTATCCAGTCCAGCGCCGAACGAGGTCCGTAGGCGGTGCAGCAGGTCCAGCGCCCGGCGCTGCCGCTCCGTATCGGCGTGCAGCCGCTCGCGCTCCAGGGCCTGCCCCAGCCAGGTGCCCAGCGTCGCCAGGGGGCGCAGGTCCTGCACGCCCAGGTGCCGGGACTCACATTCCACGTCCAGCACGCCCACCACGCGCGTGCCGTCCAGCAGCGGCACGCAGATCTCGCTGATCACCCCCGGCAGCATGGAGATGTAATCGGGGTCCTGGGTCACGTCCGGCACCAGCGCAGGCTGACCGCTGCGGGCGACCCGGCCCGCCACGCCCGTATCCACCGGGTGCCAGGTGTCCCACTGGCCCTGCCCGGCGCTCTCGCGCAGCACCAGCACGCCCCCCGCCAGCGCGTCCCCTTCCAGCACAGCCCCTTCCAGCACACCGATGGCCACATGCTCGACCTCCAGCAGCTCGTGAATGGCCTGGGTGATCTTCCCGAACAGCTCATGCTGGCTGCCCGAGTACGCCACCGCCCGCCACGCCCGCTCCAGCAGTTCCACCTCGCGCTGCGCGGCGTTCAGGGCGCACTCCAGGTCCAGCCGGTGCAGCGCTGCGGCCAGCAACCCGGCCTGCGCCTGTGCCAGCGCCAGCAGCGGCGCGGGCGGCACGTCCACAGGCTGGCCCGCAGCCCCATCCACGGGCTCGAGGTCCAGATGCAGCGCCCCGCGCACCACCCCGCCCAGCTCGACAGGAACGGACAGCGAGAGGAAAGGTCGGGAAGACACTGCGCCGCTCAGGGCCTGCACAGCATCCGGGGCCAGCAGCGCCGCGTAGAGACTGGGGGCATCGAACAGGCGCTCAGGCTGCGGCAGGTGCGCCAGCAGTTCGGCGGCGCGGCGGCCCAAGGCCAGCGGCGTGGCCACGATGGGGGCAGACTCAGCCTGGGTAGGGACAGGTTCAGCCTGGGCCGCCAGCGCAAAAGTGCCACTCTCGCCAGTCAGGAACAGCCGCGCCGCCACCACCGATTCCAGCTCCAGCATTCCTGCCAGCGGCCCCAGCAGGACGTCTGGTGCAGACCCGGCCCCCGGTCCCGCCACAGGAACGGCAACGTCGGTCTCTTGCTGTCGGGGAAAAAAACTCGGCGGCTGAGGGTGCATGAGAATCTTCATGTATGGTAGCGCACCGTTCTTTCTGAACAATCACTGCCCTCTCGACAACGGTTGCCTGCCGAATGATCATTGCGGCGCGGGCAGGCAAAGCTCAGGACGCCGATCAGGAATCCACTGCTAGCGCCCGCGCGTCGGCGCTTTTTTTTCCACACTCAGCAGCAGCGCCGCGCCGATCACCAGCGCCGCCCCCAGCAGGGCCAGGGCGGCCAGCCGCTCACCGAACAGCAGCGCCGCCAGCCCGGCGGCCACCACCGGCTCCACGCTGGCGATCACGCTGGCGCGGGTGGCGTTCAGGCGGCGCAGGCCTGCGCTGTACAGCAGGTATGCCAGATACGTGGACAGCACCGCGATCCCTGCCAACCCGCCCCACGCGGAAGCCGACTTGGCCGCGAAGCCCGCCGAGGCCACGAGGGGTAGCAGCCCCAGCGCCCCCACCGGCAGCGCCACGCCCAGCAGCGCCGGGGTGCTGTAGCGGTGAAAGAACGCCTTGCCGTACAGGTAATACAGGCTATATGTAAAGCCTGCGGTCAGCCCGAAGGCCAGCGCGGGCAGCGTGACATTCACGCCCTGTCCGCCGCCCAGGCTGATCAGGGTGATCCCCAAAAGCGTTCCGGCAATCGCCAGCCACTCGCGCCCACCGGGTTTCTCCTTCAAAAAGGCCCAGCCCAGCAGCGCCACGAAAGCCGGGGCGGTGTACAGCAGCACCGAGGCCAGACTGGCCCCACCCGCCCTGACCGCCAACTGATACGTGCCGTAAAAGATGCTGACCCCGGCAATCCCGAAGGCCGCCGTGATCCACAGGTCACGCCCACGCGGCAGGCGGCTGCGCGTCAGGGCCGCGTGCAGGGCGTACAGCGCCCCGCCCAGCAGCGCCCGCCAGAAGGCCACCTCCAGCGGGGCCACACCCTCGGCCTGCACGCCCTTGCCGAAGATGCCCAGCAACCCCCACAGGCACGCGGCAGCCAGGATCAGCAGCGGTGCTGGAACAGATGGGCGGGCCGGAATTGCAGTCTCCGCACTCATGGACGGGTCACCTGCGCCGCCAGATTGCCAACGTCGCTGCCACGGTCAGCAACAGGGCCAGCCCACCCAGCCCCGCCAGAATCAGACTGGCGCGGTCCCGCGTGTCGCCCACCGGGGCCAGGGTGTTATCGGTAAAGGCGCGGGTGTCCCCGGCGGGTGCCAGCACATCCACGGGCGTGGGCGCGTCCGCCCGCCCGGTCTGGAGGCTGCCGGGGCCAGTCCCGCCCGTGGGCTTCAGGACCCCGCCCGCCGACAGCGGAGTGTAAACGCTGCTGGTCACCCAATATGCGTAACTTCCAGCGGGCACGGCGGCGTCGATGACCAGTCCGGTGCCTTCGATCTGCACGGTGGGCACGGCCAGGCGCTCGGTCTGCTCCCCGGCATCGTCCGTTCGCTCCAGCGTGCTGCCGTAACCGGTCACGCGCAGGTGATAGTGCCAGCCCCCACTGCGCGTCCGCAGGCCGGTGTCCGCCAGCGCCGTCTGGCCGCCAGGACCCGTCTTGATAAAAATGTCGGTGACCCCCGCCGAGAAGCCCGAAGG
CP044990.1_gap87	3226474	3227243	769	TCCATGACAACTACATCCAGGGGGCGTATGCCGTCAACCCACGGGTCAGCACCTACGCAGGCGGCGGCATCAACGCGGGCGACGGCAGCGCCAAAACCGTGGCCGAGGCGGCAGGCCACATTCTGGTCTACAGAAATGAAGTCGTGGCCACGTCCAACAACGGCATTGCCGTGTCTGCCGGTCACGATATCGAGGTCTACAACAACCGCATCATCGCCAGCGGCTACCTGCCCAGCGGGGCACCGATCCCCGCCCAGAATGTCGGCCTGTACGTGTGGGACGCGCGCGGGGACAAGGCCAGGAAAACTTTTTTTAACATCACGGTGCGCGACAATCTGGTGGCCTGGGGCAATCCCCTCAAAGGCCGGGATATCCAGAATCCCACCTGGTTTCCCGACTGCGAACCAAGGAAATGCTACGGCAACAGAGTCCTTCCTGGCCGCATCACCCTGACGATGGAACGCCAGGAATACACGCGCTGGCTGGCCAAGCTGAAGTCGGCCAAAATCACGGTGGGGCCGATTTCCAAATGAAAGTTTTCAGGTAAACGACTGCCTGTTGCCCATGGGTGCCTGAACCGGTTGGCTTCCAACATCTGGCCTTCAGCCGCCACGGTCTGCATACCCGCTACACCCTCTGCTCCTGGATGCGCCGGGGCCTGGAAACCTTTGCTTAACGGTCAATGTGATTAGCTCTGGACCAGAATGCCCGATGCGCCGATACCAGAACACCGACCCTTGCGGGCCATTTTCGTTGACGTCCCGATGAT
CP044990.1_gap88	3238266	3242514	4248	TGCTGCCGCTGTACGACGAGGAAATTCATCTGTTTGCCAAACCGCCCGTGACCAGCAAGAGCTTTCTAGGCAAGACCACCGTGACGGGCGTGCAAGCTTTTGGTGACCTGAAAAACAAGCGCGTGGCGGCCTGGGGAGGCAGCGTGATCACTGCCAAGGTACTGAGCGCCAAACTGGCGGTGCCGTACAGCATCGTGCCCGTCAAGGACCAGCCTGCCGCCTTCGCCGCGCTAAACGCCGGGCAGGTGGACGCTGTGCTGGCGGTGATCGGTCAGCCCGCCCCCTGGGTCAAGGGGCTGAGCGGCGTGCAACTGGTTCCAGTGCCATTTAGCCCGCCGCTGAACGGCATCTACACCGCCGCCAAGCTGCGGTATCCCAACCTGAGCGTCTCCAGCGTGCCCACCGTGGCTGTGCAGAGCGTGCTGGTCACGCGCGATTTCAAGACCCCCGACAAGAAAGAGAAGTTGCTGGCCTACAAGAAATGCGCCGTGGGTAAGCTGGTCAACCTTCAGGAAGACGAGGGCATGCACCCCAAGTGGCAGCAGGTGACCTTCAAGACGTGGCCGTGGCCGGAGTACAAGTAGAGCTGATCTCCGCGCCCAGAAAGCTGTTGATGCTGCGGGAAAGCTGATTGCCGTCCGTTTCCGTCTCGGCCCTGAAGGCCAGGACCGCCAGGGTGCAGTGCGGCCCCGAGGTGGTGTGGCCCTCGGCATGGGCTTCGGCCAGCAGGGCGCTAAGGGCACGGGCCAGCCGCCGGTAACGCTCGGGTGAGAGGCGCAGGGTCAGCGAGTCCAGATGGGTGGGGTGGGCCTCCAGACTGGCGCTGTCGGGCAGCAGTGGCAGCAAGACCGGACGCTCGCCTGAGCCGAAGCCGTACACGTCTTCCTCGCCCTCGTGCATCAGTGTCCAGGAACGTTCGTAAGCGCGCAAAAAGCCCTGACTGAGTTCGCGCAGGTCTGCCGTGCCGTTGCCCTCCGCGTCCTCTGGAGGCACCAGACCGCTGGGCACCCGGAATTCCCGCGCCCCCTGCCCGCCTCGCGCTTCACCTCCAGCAACAGGCCCAGACCCTCCAGTTTGCGGGCGTGGTGGTGCGCCAGATTGGCCGCCATGCCCGCCGACGCCGCAATTTCACTGGGCGAACGCGGCTGCGTGAACAGGCCCAGAAAAGCGATGTTCTGACGCAGCGCGCGGGCGGCTGGAACGTCACCGATTCGCCGCGTCTCTGCCTGAGAATTGGTCATGATGCCCAATCTGAACCCGTGGCTTTCAGCGCGCGAGGGCCGGGACTGAAAGGGCGTCCGATCAACCAGAAGTCAGCACGGCACTCAGCCACCGTCAGCCTGCGCGTGCTAGGACTACGGACATGAAGCGCGTCCACACCCTGGCTTTCGCCCTGCTGACCGCCATTGCCGGAGCCGCGCCGGGTGGGGCAGATCTGAAAGCGGCAGCCCTCCAGACGGCCCAGACGCTGGGCGGCGTGCTGCGGGATTGCCCCTCCAGTTTTGCCGGAATCGGCCTGCCCGAAAAGCAGTGTGTGGGCGTGTCAGACGGCGTGGAAGACGCGCGCCTGAAACTGAATGCGGCGCTGGCAGACGATCTGTACAGCGTGTGGCGCAGCCGCGATGAGCAGCGCAGCGTCTACAACTGGCTGAAAACGGCGGGCGGGTACGTCTACCTGCGTCTCCAGCCAGACCCAGACGGACGCACCCAGACACTGGTGTACCTGGACCTGCCACCCGCCCAGGATGAATCCGCGCAGGCACAGGTTACACAGGCACAGGCCGGGCCATCCGGGGACGCACCCGCCGGGGCCACCCGGATCGGCGTTGTGATCCTGACACCCGCCCCTCCAGTCACCACCGTGCCCGCGCCGTCCCCCACGGCAGAGGCCAGCCCGCCAGCCCAGACACAGGCAGTCACCCCAGCGCCCACCGCCCCGGCTCCGGCCCCGGCCACACCAGACCTCGCGCCCGTGCCGTTTGGCCGCACGCTGAAATTGCAGAACGACAGGCTTCACGGCCCCGACGTGCTGGCAGTGCAGAACCGCCTGATCGCGCTGATGCGCCCGCAGCGCGCCGGGCAGGGCGACGGCTGGTATGGCCCGGCGACCACGCAGACCGTGCGCGTTTTTCAGAGGGCTGCCGGGCTGCCCATCACCGGGGCGGTGGACCGTGCCACCTGGAATCGGCTGTTCTCGGAGGGGGCCATGACATTCAACGCGCCCGTCACACCCTGAAAACCCGCCAGATGGGACCTCAATGAGATTCTTCACGCTGGAAGCAATCCGCGTTCTATGAGTGCCAGAGCGTCCTTTCTCACCTGAAACATTGAATAGTGGGAAGAGTCATGAAGCAGAAGATTATTCTTTTCTCATCTGCCCTGCTTCTAGGGGTCGCTGGAACCGGTCTGGCACAAGCAAACCCGGCACAATCAAACTTGGCGCAGAGCAGCGACCCCTTTATACGCGAGGTTCCGGCGCAGGCCGCGCCCGTGTTGCGGGGCACGCCCGTCGCGGCCCCGGCCCCCATCAATCTGACAGGCGTTCAGGACGCCGCTTTCGGGTCGCCCCGTTCCAGCCAGAACGGCAGCATTACGCGCGTGGTCTTTGATCTACCCACTGGCGTCAGCTACACCCTGACCCCCACCTTTACCGGGTTGCGACTGGATATCCAGGGCGCGCGGGTGATCCCCACCGTGTCCGGCAAGCTGGGCGACAGTGTCAACGAGTACCGCGCCGGGGGCGGACAGGCCACGCTGATCACGCCCTATCCGCTGTCACTGACTGGGGGGTGGCAGGCCACCGAAACCACCATCGGCACGGGTGGGCGGGTGCTGATTCTGGATTTCGCTGCGTCCCTGACGGGTGGGGCCAGCGCAGAACTGGGCAAACAGGTCCGCACGGTGGCACAGGGCAGCGCGCCCTCGGCGGCAATTCCGGCGGCTCCTCCCCTGGCCCCGGTGGCCACAAGCCCCAAACTGACTCCTCCGGTGGCCCTCTCGGTGCCGCGCGCCGTTCCGGCACAGGTCATCCCAACGCAGGCCAATCCAGTCCAGGCCACCCCGCCCGGCGACGATGTCACGCCCGCGCCTGGTGGCCCGCTGCCGCCCGCGCCCGCGCTGCCCGGCGCGAATCCCGAAACCCCCAGCGCCCTGAGCGGTCAGGTACCGGGCACGGCCAGGGGCGCGATGCTGTCGCCGCCGCGCATCGGCAAGAATCCGGGGCAGACGCGGGTGGTGCTGGACCTGCCGCCGGGGACCACCTACCGGATCGTGCCGGGGGGCATCGGCCTGCGCGTGGAACTCAGCGGCGTCAGCGTGGTCCCGCAGGTGGCGCAGAACATCAGCCCGGAACTGCGCTCCTGGCGGGCCGAATCGACGCTGAGCGGGGCTGTCTTCACGCTGCTGACCGCCGCGCCCACCACCGCCCGCAGTGGTTGGCGTGCCCAGTTGCTGCCGCCCGCCAGCGGCGACCTGTCGCGGCTGGCCATCGACCTGTCGCCCGCGCTGGCCGATCTGACTCCACTCCTGCCCGAGCAAAAACTGCTGGCCGCCGTACCCGCCATCCCGGCGGCGCGCGGCATGGCGATTCTGGCCCTGAGTGCCAGTTACACGCGCCCGCGCGTGGTGATCGATCCCGGCCACGGCGGCAGGGATCCCGGCGCGGTGGGAGCGGTGATCGAGAAGGAAGTGGTGCTGGACGTGGCCCTGCGTGTGGCCGCCCTGCTGCGCGCCGCTGGCGTGGATGTGGTCCTGACCCGTGACCGGGACGGCGCACTGAATCCCGACAAGAACACCGACCTGACCATGCGCGCCAAGCTGGGCACCCCCGGCACGCAGTTGTTCGTGAGCATCCACGTCAACGCGATGGACGCCCGCAGCGCCCTGCGCGGCTACGGCGTCGAGACGTGGTGGAATCCCAACCATCCGCTGTCCAGCAGTCTGGCGGCACTGCTCCAGACCAACGTGGTGAGCGAAACCGGGGCGTTCTCACAGGGTCTCAAGAACAGCCAGTCGCTGGCGGTGCTGCGCAACAGCCGCATTCCCGCCGCGCTGATCGAGATCGGCTACACCAGCCATCCCGTCGACGGTCTGAATTTGCAGGACACCAATTACCGGGACCGCGTGGCGTTGGGCATCGCGCAGGGCATCCGTGAGGCGCTGGTGTCAGGCATCGTGGACGGCGGCGCGGTGGGCGGCGCGGGCAAATAGATGCCTGGAGAACCGGGGACCACCGGGGTCTCTGGCGAG
CP044990.1_gap89	3243726	3244661	935	ACATCAAAACCCTGAACTGATTTTTTTCTAGGCGAAGTCGCCGTCCTGTACGAACAGAGCGGCGATTTCGTCTATCCGGCCTGAACCAGCCGTCCAGCAAGCGCCCGCAGGTCTGCCCGGTCCTCGTCGGCCACGCGGTAGGCCATGCGCCAGCGCTCGGGGGCGATCAGCGGGCGGACATTCCACAGTTCGCGCACGCGGCCCCGTTCCAGGGCGTCCTGCACCGCGAACAGCGGCACCAGCGTGGCCCCCAGTCCCACCTCTGCCGCGCCCACCACCGCGCGCAGATCGGGGGCCACCAGCATCTGCCGGGCCGCGAACCGCTCGCCCAGAACACCCAGAAAGAATCGCCGCGTCACAGGCAATTCCACGCTGGAGCTGACCCAGGGACGGGCATTGAGCCACCCCGCCAGACTGCCCAGCGGCATCTCCGGCGCGGGCCAGTCGGGTGGGCCGATCAAGACATATGGCACCCCGGCCAGTGCCCTCTCGCTCAGGGCGCGGCCCTGGACCGCAACGCTGACCAGCGCGGCGTCCAGCGTTCCAGCCTCCACGCGCTCCAGCAGACCGCGCGCCTCGCCGAAGCTGAGGTGCAGGGGCTGTTCCCAGCCTTCCAGGCGCGGCAGAACGTGGCCGTGCAGGAATTCCGGCGTGCTGCCCAGCCGCAGCGGCGTGTCGACCAGGATGGGGCGTGACACGCGCAGGCCACGGGCCACGTTGTTCAGCCGGTCCACCGCGTCCGCCACGGCGGCATACAGCAGCTTGCCACGTTCGGTGGGCGTCACGCCGCGCGGCGTGCGGATGAACAGCGCCTCGCCCACGCGGGCCTCCAGTGCGGCCAACTGGGCGCTGACCGCAGGCTGGGTCAGGTGCCGCTCGCGGGCCGCGCCGCTGACACTGCCAGCCCGGTAAATCGCCACGAACACCCGGAACGC
CP044990.1_gap90	3255276	3258803	3527	ACCGCCGCCACCACCAGCACGGCGGCCACAGCGGCGTCGCGCGCCCAGGGCCAGACCTCTGATTTGGGCCGGGTTTCTGGTGGAAACGCAGGGGCCTGTGCGGGGGCGGACGACCACAGCCCCGGCCAGCGCCCCAGCAGCAGCAACAGCGGGGGGGCCAGCAACCCGACACCAGTGGCGCTGCCCGCCCACAGTTGCAAGGTCTGGGTCAGGCTCCGTTCGGTCAACTGAGGTCCAGTGGACAGCAGCCCGGCCACCGTCAGGTTAAAGACTTGCAAGGCCGACATCACCAGCGGCGCGCCCAGCATCGCCACCGCCACGAACAGCGCCACGTCGCGCAGACGCGGCAGACGCGGATCGATGTGTAATGGACGCAGCAGCAGATAGGCCGCCGCCAGCGTGGTGGCCACCGTCATTACGATGTACCCCAGCAGGGGCAGGGGGGGCAGGGTGTCCACCACGAAAAAGGTATGCACCAGTCGGCTCAGGATCAGCAGCGGCCAGAAGCGCAGGCCAAAGACCAGCAGCAGCACCACGTCCAGCCCCACCGCCGGATACCACACCGTCACCTCCGGCGAGGTGGCGAACTGCTGCGAGGCCACATCCAGCCCGTACCACGCCAGCAGATAAACCACCCCGATCAGTACTGGACGCCACCACAGATTGGGCATGGCCTTACATTAGACCGAATACAAACCTGGAAACGAGAAATACTTCAAGACTCCGGGTCATCTCCTGGCCCTGCGCTTCGAACCCTGTCAGATGGTGCGGGCGGAGGCCGGACAATAGTGCCCACCGCCCTTGTTCTGTCTGCCTGGGACCACTAAGCTGTTCCTCTTGTACTTCCCCTGCGCTTCGCCACGTCGGCGAGAACCACGGGGGGAAGATCGGCGGGAAAGCCCCTGACGCCGGGGCTGACCGAAACCGAAGGAGCGTTTAAAAATGCATAAAGTTGCCATTGTGGGCCGACCCAACGTCGGCAAATCAAGCCTGTTCAACCGCCTGATCGGACGTCGCGAGGCCGTCGTGGCCGACTTCCCCGGCGTGACCCGTGACGCCAAGGAAGGCATGATGCTGTACCAGAACCACCGGATCACCCTGGTGGACACGGGCGGGTTGTGGAGCGGCGACGAGTGGGAAGCCGCCATCCGCCAGAAGGCCGAGTGGGCCATTGAGGGCGCGCAGGCCGTGATCTTCGTGCTGGACCCCCGCGAGGGCCTGAGCGCCGCCGACTACGAGGTGGCCGACTGGCTGCGCCGCCTGGGCATTCCGGTGATCGTGGTGGCCAACAAGATCGACAGCCAGAAGCACGAGGTCTACCTGGCCGAGTTGTGGGGCCTGGGCTTCGGCGATCCTGTGCCGATCAGTGCCGAACACGCGCGCGGCCTGGACGAACTGATGGACCGCGTGATGACCCACATGCCCGACGACGATGATGACGTGCCGGAAATTGCGCCCATCCGAATCAGCCTGATCGGGCGGCCCAACGTGGGCAAGTCCAGCCTACTCAACGCCATTGTGCAGAGTGACCGCGCCATCGTGGCCGATCAGCCAGGGACCACCCGCGACAGCCTGGACGTAGAGTGGGATTACGGCGGGCAGCGCTTTGTGCTGGTGGATACGGCAGGGATTCGCAAGAAGCCCCCCACCGCCATCGAGGATTACGCCATTCAGCGCAGCCAGGCGGCCATTGCCCGCAGCGACCTGATCTGGCTGGTGGTCAACGCCGACGAACTGGGCGACCACGAGCTGAAGCTGGCCAACCTCGCCTACGACAGCGGCAAGCCCGTGATCGTGGTGGTCAACAAGTGGGACCTGATCCCCGACGCGGACCTGAAAAGCACCGAGCGGGACCTGAACCAGAAGCTGCACCATATTTCCTACGCGCCGCGCGTGTACACCAGCGCCATCAACGACTACGGCATCCACGAGATGCTGGCCGAGGCCATGAAACTGCACGACAAGTGGCAGAGCCGCGTGCCCACCAGCGAGTTGAACCGCTGGCTGGAAGTCTGGCAGATGCGTCAGGCCGTGCCGAACTTCCACGGCAAGAAGCTGCGGATGTACTTCATGACCCAGGTGGAAACCGCGCCGCCCACCTTTGCCATTTTCTGCAACCGCGCCACCTTTGTGACCCGCGCCTACGAGGGCTTCCTGCAAAACCGCATCCGCGAGGATCTGGCGCTGGCCGGAATCCCGGTGCGGTTGAAGTGGAAGGAAAAGGGTCCGTACAAGCGCGGCGAGAAGGGTGAGGAAGCCCAGGCTTAGTTCGACTCTGCCCCCATTCTGGACTGTGACCGTGCTTGCCTGGCGCCACTGAATTCAGGCTCCGCGTGAGCGTGTCAGACAGCAGTTTGGGGAAATTTTCTATGGAGTTGGAAAAACCCGCACCAGAACAGCTTTGCCGTCCACCTCCTCCCAACCCTTTCGTTCTAAGCTCCACCAGTCCCCCGCAAGGGGGCCTTTTTATTATCCGGCACGGAATTTGCAGTACGAATGTAGACGACAACCCCAACAACCTTCCGAACTCAGGCCAGGGCCAAAGCTCCCAGCAGCGGCGAGACGGTGGGTGTAAAGCTCACGTCACGGCCCGCGAAGTGCGCGTGGAAAGCCGCCTTCACCAGCGGATTGAAGCTGCCGCCGCACAGCGCCAGTTGTGAGTTTCCCGTGCGCTTCAGCACCGCCCCACCCAGCCGAGCCAGTTCTTCCCCGGCGCGGCGCTGGATGTCCTGGGCGCGTGGATCGCCGTCCACGGCAGCGGCGTACACGGCAGGCGCGAGCCGGGCCAGCGCGGCGCGGCCCTCGCCGTACACATAGGCCCGAATGTCCGGCCAGTGCTGGGAACCGATGACCCCAAAAATGCTGGAGGCCAGCAGGCTCTCCCCTCGCCCCTCATCCACCTCCCGCAATACCGCTTTCAGGCCCTGCCGCCCCTGCCAGAAGGCCCCGCCCGCGTCGTCGATCAGAAAACCGTGACCGCCCGCGCGGACCACCTCGTCTGCCGCTGTACCGTCATTTGAAACGGGGCGGTGGTAGGCCATGCTCCCGGTTCCGGCATAGACCAGGGTGCCGCCACCAGAAGGAAAATGCGCGGCGTAGGCCAGATGCAGATCGTCAGTGACGTGTATCGCGTGCTGGGGCAGATGAAACGTACTGGACAGCATTTCCATCATCAGCGGCGCGAAATCGGTTGACAGGCCGGTGACACCCACCACCACCGCTGAAGGCTGGCCGGGAATGGCGGCGCGAATCCCGGCCAGTCCAGCGGCCATGTGCTGCCGCGCTTCAGGGGTGTAGAGGTGGCCGGACAGGGAAGCGTAAACGCCGCTGGCGGCCACTTCCCCACCAGAGACCCCATCAGAAAACAGCGCCCACTTGCTGCTGCTCGCGCCCATGTCGATGCCGAGGATCATGGTCTCTCTAGAACCACTGCTGCGAAGGCATGGGACAGGTTCAGGCCGCAGAGCAGGGAGGGAAGATTCATTGAGGACATTGTTTCATGATGGCCGCAATGGTTGAGGGCATCC
CP044990.1_gap91	3261892	3266431	4539	GCGCTCAGCCAGTCCAGCGGCACGCTCACGTCGGCCTTGATAGGAATGGCGTGGCCGCCGGAGCGCTCCAGCGCGCTGGCCTGCGCCGAGAGCGATTCGCTGTTGTTGCCGATCAGCACGACGCTGGCGCCAGTTTTCGCCAGGGCGGTACTGACCGTCTTGCCGTAGCCCATATCGGCCCCCGTCACGGCGATCACCTGTCCGGCCAGCACCTCACGGTAAATTGCCCCGGCGCGGTCCTGGGAAGAGGTTGGGTCCGTCATGCGGCCCAGCATAGCGCCCCGGCCTGCGCTGTTATCCCGCCTGGGGCAGCGGCCTGAGCGCGTCTATGGGCGGATCGCCCGCGCGGTGGCCCTTGCCGCACGCGTGGCACCAGTACGCCTGATCGCCGTCACGCAGATCATGCAGGGTCATGGGCAGGCCACAGTCCGGGCAGACATGCACATATCCGCGTCCGCTGGCCGGATATGCATCGGCTTCATTACGTAATTGACGCTTCATATTCTGATACTAGCAGAAGAGCGGCAGGTGTCAAAGGGCGGATGGGACATGCTCTCCGTGCTTTTGTACGGGGAGAGGTCAGTGAGTCTATCCCTCCACCGCATAGGGAAACAGCAGCGTCGCCAGAATGATAGTCCCGATATCAAAGGCGGTCAGGAAGGCGAACCACGGCCACAGCTCGTCAAAGGGCAAGCCTTCAATCAGGCCAGAGGTGGCGCGCACGGTGGCGATCACCACCGGAACCAGAATCGGAAAGGCCAGCGCGGGCAGCAGCGCCTCGCGGGCGCGCAGGCTGACGGTAATGGAACCGTAGAAGGTTGTGCCAGCTGCGAAACCCGTCACACCCAGCGCAGTGACGAGGGTCAACAGGGGCCAAGGCGTCGGCGCGCACTCTCGGCCCGGCACACAGTCCGCACCCGCCGCGCCGAACAGCAGCAACCCTGCCGGAAGCGTGAACGCCGCCACCAGCAGCAGCGGCCCCAGCACGCCCAGTAGCTTGCCCAGATAAAGCGCTCCGTGCGGCCCCGGATACAGCGTGAGTTGCTCCAGCGCCCCCGCTTCCTGCTCCTGCGCGAAGGCCCGCTGTGCGCCCACCGCCGCCGCCAATGCAAGGGCGGTCCAGACTGCACCGGAGGCCACCCCCGCCGTCTGGGACAGCGTGCGGCCCACGTTGCCGCCCAGCGCCAGCCCCAGCACCAGCAGCACCAGCCCGGCGAAAAAGGCGGTGGCGAGGAGGGTATCGCGCGTGCGTCCGGCGACGCGCAGGTCTTTGGCGGCGAGGTGGAAGATGTTGTTCATGGGCGGGCCTGGGGGGAGGGTTTGGGCGTGTGGTTTGCGGTGGGGGCCTGCGCCGTGGCCCCCTCACCCCGTTGCTTCGCAACGCCCCTCTCTCGTACCGAGCTGTACCAGTCCCGCAAGGGTAGAGGGGTCAAAAAACTTACACCTCTATTCCTCATGCAGCACCCCCGCTGCCAGCCGCAGGGCACGCGGGGCCACCTGCCGCGCCAGTTCCGGCTCGTGGGCGGCGATCAGCAATGTGACGCCCCCGGCGCGGAGTTCAGCCAGCAGCTCCAGTACCAGTTGGCGGCCTGCGGTGTCCAGATTGGCGAAGGGTTCGTCTATCAGCGTGACCGGGCGAGCCAGCAGATGGGCGCGGGCCAGGGCCAGCCGCTTCCGCATCCCCGCCGAGAGGAAACGGACGCGGCGACTGGCGGCAGTTTCCAGCGTCACGCGCCGTAGTGCAGCCGCCACATCCCCAGTCTGGCCGTGCATCTTCAAGGCAAATTCCAGATTCTCGGTGCAGCTCAGATCCGGGTAAAGTCCAGCGTCCACCGGCATAAGGTGAATGTAGTCACGCACGGCCCGCGAGTCGCGCAGGTCAAAGCCCATCACCCGTCCCTCGCCGCGCGTGGGCCGCAGCCCGGAGGCCAGCAGGCGCAGCAGGGTGGTCTTCCCCGCCCCGTTCTCGCCCAGCAGCGTGATTCCCTCCCCCGGCATGACATCCAGATTCACGCCGCGCAGGATGACCTCGCGGCCCAGCCTCAGCCACAGGTCACGCAGTTGCAGGGCGGGTTCGGGGGGCGGGCTGTGTTGGGCAGAGGCCGCCCCGACACTTTGAATACTTAGACCCTCAGCCACGCGGGCGTCACCTCGTAAAAGAATGTCGCCAGCCGCGTGAATTGCCCGGTCAGCATCAGCACGCCCACCAGAACCAGAATGCCGCCGCCCACCTTCTCAAAGATTCCGGCGTAGCGGTTGAGGCGGCGCAGGTTAAAACGGTCCCACAGCAATGCGGCCAGCAGGAACGGCACGGCCAGACCCAACGTGTAGGCGCTGAGCAGAAGGACGCCGCTACTGAGGCTGGCGCTGCTGGCGGCCAGACCCAGGATGCTGCCCAGGGCTGGACCCAGGCAGGGACTCCAGCCGAAGGCGAATGCCGCACCCAGGGCCACCGGGCCGTAGCCCCCGGCATCGGCCAGGGCGCGGGTGTCGCGCATCAGGAAGGGCAGGCGGATCACACCCAGCATCACCAGCCCGAAGAAGGTGATGAGGACCGCCGCGATCTGGCCCAGCAGGAATTTGTGGGGGGCGATCAGTGCGCCCAGGCTGCTGGCGGTGGCTCCCAGCGCAATAAACACCAGGCCGAAGCCCGCAATAAAGCCCAGCGCCCGCAGCAGCGGCACCTTTGCCCCGCCGATCACGCCCAGGTAACTGGGCACCAGCGGCAGCACGCAGGGACTGAGAAACGAGATCAGCCCCGCCAGAAACGCCACCGTCAGGGTGGGAGAGCCAGCGGGAAGATTCATGGGGCGAGTCTAGCGGCTGCGGGGAAAAAGAGAGGGGGCAGTCGTCCTTTTGGGGGTAGAGTGCTGAACCAGACCTTTTCGTGGATGGAGATAGGTTTGGAAGAATCAGTAGAAATGACCTACTAAAATAGCTATACAATCGTCATATCTATTATTTTCGCGCAATCATCATTATTTTCACCGTCTTTACTTCTGTTCCCCTATTAATGACCAGAATTTTTTCTTGACCTGCTTCGCCTGCAAGTAAAACTCCTATTTCAACGTCAGGTCGATTTGCTGTGGATTGCCCATCAATTGTCAAAATAAAATCGCCAAATCTAAGACCAGCTTTTTCAGCAGGTAAATCTTTCGTTACATCCGTAATAATTGGATAATATGTATTTCCGTCGGATGTCCATGGCACTACAAAAAATCCTATTTGCCCAGATTTTGTTGGGTTGTCTGGAAAATTAGCTGGCGGCATCTGCGCGAATATTCTGTACATAAGATTTTGTGCGGAAACCCTAACATCTGAATTTTGCGACGTTCCCACGCCTGAGGCAATGACTTGTTCCTTTTGGGTTTTGGCGTCGTAAACAATCACGCTCACGGCGGGGTAAAATAATCCCTTAGAGTAGCCTTCCCTACTGTAAGTTTGGCTTGTATAGTATCCGGGTACGTTCACAGAGCCTGAAGTGGTTCCTGAATAAGTCCCCCAGCCTGAATATCCTCCATTATAATTAAAATATCCATTTGTATTAGAATTATATCTAGCAGTAGTGCTTGGTACATAAATAGGCACAGTATATTGAGAAGCTGGTATATATGTTTCACTATAATTATTTGATGAATCTACGAAAAGTTTGAGATCCGCCTCATCCTTTTTTTCGATGAAACGATATCCAAGAAGTTCCATATAATTACGCGCCTGAAAAGCTAGATGCTGAGCGGTTATTCCTTTAGCTCCGGCGTCTTCACTAAATTCAGACAGTGGAATTACTACAAATGTCTTAAGATTAGGCATTGTCGGATTCAGGCCAACCTCTACTTTGACTGAAGGTTCCTGCTCTAAAGTAGATGATCTGAAATTAGCTGAGGTTGTGGGAGCGCAAGCTGTCAGCGCCATTAATGACCAAAGCAAGATTTTTTTCATGAAACTCATTCTATGGCAGGGGAGTGCAGGTTGCCTAGAGTGTGAGAGCCGATTACTCCCAAATTCTACAGATAGCCACTCCTTCCCAAATTAAATAATTCCGCTCCTCATCTTCCGGCTGCTCGCGCTCAGGCATACGATCAAAGCGTCGACAATCGCACCGCCGTGCAGCCCCACCCTCCTACTCCAACTTCCCCGTGAAATCCCCTTCCCAGGCGTTCAGAATACGGTCTCCCTGCACCAGCAGCACGGTGGGGTAGGCGCTCACTTTCAGGGCGCGGGCGAAGGCGGTGGCCCCGTCGCCGCGCCAGGGGTTCACACCTGCCGGGGCGGGCGAGGGCGTGCCTTCCGCGTTCACGGCCCGCACGGGCAGATCGCTATCCATCACCGCCTGCCACAGCACCCCCAGATCGCCGCAGTCGTGGCTGTAAACCACCACCACCTCGCGGCCCTCCGCATTGGCGCTGGCCTGCCAGGGGTGGGCGGGCAGCGCATCTCCCAACCTCACGCGGGCGTCGGCGCTGCTCAGGGTGGGCACCGTCCCCAGCGCGAGGAGCAGCGTCAGCAGGGGGGCATGTCGGTGGCTCATGCCCAGCATCA
CP044990.1_gap92	3380212	3380712	500	GACTCCCGGCGAGGGCCAGGATTACCTTCAGGTCATCGACGCCCGCGATCTGGCGCGTTTCACGGTCAAGGTGGTGGAGGACGGCACTGACGGCACCTTCAACATGTCCGGGCCAAGAATAAGCTGGACCGAATTTATGGGGGTGCTGGGCGTCACGGGTCCGGTGTGGGTAGATAGTGAGACACTGAAGGCGAACGGTTTAGGCTCTAAAGAACTGCCCGTCTATCTCTCCGCAGACGGCGAGCAGGGCGGCATGATGGACGTGGACAACGCGCGGGCGATGGCGGCGGGCCTGACCCTGACAGACCCGGCAGTGACGGCACGCGATACGCGGGAATGGAGCAGGGATGCGGACCTTCAATACACCCTGACACCGGAGCGCGAGGCTGAGATTCTGGCGTCGCTGGGCGGCTAATCGGCTCACCCAACCTGGCCGGGAGGCCGGGATATGGGTGATATGCTGCCCCACGCTACGCATTACGGAAGGGAGGTGCGCGCCT
