gap_id	start	end	length	sequence
CP043493.1_gap1	51748	56593	4845	GTCGCCACGCTGAGCTCCACCGCCTCGGCGGCGGATGAGGTCCAGGTGCGCATCTTCGCGCGCTCCGAGGACTTCCACTCCAAGCGCCTGGGCCGCGACTTCTCCCCGCTCCTGTTCGGCACCGTCCGGTCCGCGGCGCCCGCCACTCCCTGACGTCCCGCAGTCCCCATTCACTCCAAGGAGTTACATCATGAAGCGTACCCTCGCAGCAGCGCTGCTCTCTTTCTCTGTCGCCGCGTGTGGCGGTTCGGAGTCCCCGCCGCCCCCGAAAGAGCCACCCCCTGAGCTCCCCAGTGACGAAGGCTGCACGCGCGACACAATGGAGTCCGACTTCGAATCCAGTCCCCTCCAGGGCCCGGGGGTCGACGCCCAGGGCAAGCTCGCGCCCGGTACCTACATCATGAGCAGCACCTATCTGCGCATGGGGCACTCACAGGAAGCCCAAGCGGAGTTCCAGCAGCTTATGGGTCCCATCGACCAGACCCTCCAGCAGCAACAGGGGCTCGTGGCGGTCCAGTTCGCTCAATCCACGCGCTGCAACGTCAAACGCACGTTCACCATCTGGAAGGACGAAGAAGCCATGTACCAGTTCGTCGGCAGCCCCGCGCACGCGCAGGCCATCGCTCGCGTGAGCCTGGTGAGCCGCGGCGGCAGCGCCGTGACGAGCTGGCAGGACGATGAGCGCGGAGCGACCTGGGAGAAGGCGCTCCAGCAGCTCGCCGCGGAGACGGGTCCTACCTACTAGCCCTCCAGGTGGTGGATGAGGTCGCCGACGAGCGAGAGCGGAGAGAAAGGTCGGGCGTGCTCCGGGACCTCGGGAGCGAGGAGATCTCGCTCCGAGGGGGAGGAAAGGGGGTTGGAGAAAGAGCGAGAGAGCTTCATCGCCGGGTCCTTTGGGATGTGTGCACCTGATGCGTGGAATTGCATGAGGCGTTCCAACGTCCCCGCCGGAACCGGGCTCACTCCAAACCCACGGATTTGAAGGAGTTGAGTCACGCTCCGACGAAGCCTGGTGAGCGTGGGCCCTCGCCCCGACCGATGACGAGCGTCACCGGGGTGGTGACACCCGTCACCAGAGACCCGCTCCCCTTCGGCGGCCTTCAGACAGGAAAGCGACGCCCGTTCAGCTCGACCTTCGAGAGGGTCAGACGAAAGGGCTCGCCCTGCTGCGCGAGCGCTCCGAGCCCGACGGAGCTCTCGACGAGGACTCCCTCCAGGCCCGAGTCCTCCGCGAGCTTGGAGGCGACATTGACGGGATGGCCGGCGATCTCCCGCTCACCGTTGGCGAGTGGGAAGAGATACACCTCACCATGGGCCAGCCCGACGTGTGCGTTGAAGCCCAGGGCGCGATTCTCCTCGATGATGTCGCGCGCGAACGCGAACGCCTCACGGCCCTCCTCGAAGAGCACAATCGCCAAAGAGCCGTTGGACTTCACGACATCCGCTCCATGAGACGACGCGATGCGACGGACCGCGAGGTCGATGAGAGACATGTCCGTGAATGAGTCCAACAGGAACTCGTGCGCCCCGTGGGCGACCTTCACGAACGCCACCGTTCGGGTCTTCCGGTACTCGGGAAACTCCTCCTTCCCGAGCTCCTCCAGGGACGCCGATCGCAGCCGCTGAAAGAACGCCGCGTCAAAAGGAGTCGGGTAGTGGGGATTGTCTCCTTCGACGGCGTCCACGTGTCCCGGGTAGCCCGTCAGCGACCACACCGCCCCCTGGAGATCCTCACGCACCCGAGCCGCGTCACGGACCGGACCCGTGAGGTGCTCGAGGATCGCCTCCGACAGGACGATCTCTCCTCCCGAGGTCGCGTCCTCCGCGATCTCCTCAATGAAGTCAGCTCCCGCGCCGAAGAGCCCACCAGCGACCTTGTAGCACTCACATGCGTGGATACCGATGCCAACCTGGACCCGCAGGGCCTTCACCCGGGCCTGCGCCGCGAGCATCTGCATGACGACCCGTGACGGCGCGATCGCCTCGGCGAAGAACATCTGCGAGTTGTCCGCCGCCCAGATGCCAATGGCCTCACCGCCAATCGCAGTCCCGTAGGAATGGAGCACCTCCTTGGGCTCGGAGACGAGCTTCAACACCTGGGCCAGGTTGTACCGCTGGGACAGCGTGGACAGTCCCGCCGAGTCCGTGGAAACAAGGGTGCCCCGCGTCCGGAACGGAGCCAGCAACTGCTCGTGCCGGGCGGAGGTCTTCTCCTGCCCGTTCCAGCTCAGGACGAGCCCAGCCGGGATGACTCCAGCGATGTCCTGCCGGAGATCCGCCAGGGAGATGTTGTACGTCGCCATCCTTTACCTCCGCTCGCCCACGAGCCGCTCGGCGACGTCGATGACCTTCGCCTCGACGTTCGTGTTGTCCAGCTTGTCGATCTCCGCGAGGCCGGTGGGGCTGGTGACGTTCACCTCGGTGAGCCAGTCGCCGATGACGTCGATGCCCACGAGGTACAGGCCGCGCTCCTGGAGCGAGGGCTTGAGCTGGGCACAGATCTCCCGCTCGCGCGCGGTGAGCTGCGTCTTCACGGGAGTGCCACCCGCGGCCATGTTGCCGCGGTGGTCATCCTGCGCGGGGACACGAAGCACGGCGCCCTGGGGCTCGCCGTCGACGAGGATGATGCGCTTGTCTCCCTGACGGCTCTCGGGGAGGTAGGCCTGGGCGACGATGGCCTTGCGCCCACCGAGCGTGAGGACCTCGAGCAGCGAGCGGGTGTTCCGGTCACCGGGCTGGAGGAAGACGATGCCCTGGCCGCCGAAGCCCTCGACGGGCTTGAGGATGGTGCCCTGGGGGTGGCGGGCAACGAACTGGGCGAGCACGGCGAGCTCGCGGGCGATGAGCGTCTCGGGCATGAGCTCGGGGAAGCGCAGGCCGAAAAGCTTCTCGTTGGCGTCACGGATGCCAGTGGGGTTGTTGATGAAGACGGGGGCCTTGCCGTTGCAGAGCTCGACGAGCTGGGTGGCCTGGATGAAGTCAGCGTCGACGGGCGGGTCCTTGCGCAGGAACAGGACGTCGAGGCTCGAGATGGGGCGGACCTGCTCGTCGAGGATGTCGAAGTGACGGCCAGGCTCGCGGCGTACGGTGACGGTGCGCATGCGCGACTCGGCACAGGAGCCGCTGAAGCGCAGCCAGGGCTGCTCGAAGTAGCGCACCTGATGGCCGCGACGCTGGGCCTCGAGCATGAGGGCGAAGGTGGAGTCGTGGTCCACCCGGACCGTCTCGAGCGGATCCATGAGGAAGCCAAAGGTGAGCGCGGCCATGGGAGCGGAAGCCTCCTGGGGGTAGGGGGAGAAAATACCCCCTCTGAGTAGACGCGGCGAGGCAGGCGCGCGAGAGAAAAAGCACGCGGAGCAGGAGGGGTGGGACCCGGGGTGACGCGGTTGACACACGCCCTGCAAGAATGCTCGGAGTGGGGACCCCGTCGAGTCGTCAGCGCGGCAGCGCCTCGTTGGCGTACTGCGCGGCGAACTCAGCCGTCGGCGGGATGGGCTTGATCACGTCGATCATGACTCCATTTGGATCCACGGTAATGAAGTGGCGCTGCCCGAACGGCTCGTCGCGCAGCGTGCGGAGGATCGGCAGGTTCGCCGCCTGGACGCGCGCGTAGACCTCGTCCGGATCGTCCACCTCGAAGTTGAGCAGCAGGCTGGAGGTCCTCCCGCGCCCCTCTGGGGGGATCGTCTCGTGATCGTTGCGGACGATGCCGAGATTGACGGGCAGTGCCGGGTCGCACGCGGCTGCTGCTCCTTGACGGTCCAGCGGTGCTCGGCCGCACGGAGATGGACGCGATAGACCTCCGTCACGCAGGCCGCACGCTGAGAGAGGGACTGGCCGCGGCGATGCGTGAAGGCGCGATCGCCGAGGGGCCAGTCGACGCGCTGACGGGACTCTTGTCAGCTGCGTTCGACCGCGCGGCGCTGGCCATCGACTCGGGAGCGTCCGCTGCGGACTACCGGAGCGCCATTGCTGCTCTCGTCGAAGGGCTTCTCTCCGCGCGAAAACGCTGAGCACACCGGGCCATGAGGTGGCGGACTACGGGTCCAAGCGGGAATTCACAATCATCGTCTCGCCAGCAGCGTTGGCCATAGGCAGCAGGAACCCAAGGACGATGAAAAGAGAGATGCTCTTCACTCACCGGAATGAGTCTACGATGTAGACCCCTGCTCCTGAGAATTCGAGCGTGGCCATTCCAGGCTTCGATCCGGGCAGCTTCCTGAGTTGGCCATTTCCGAGCCTCGCCACCGCGCAAATAGGGATGACATCTCCGTCCGGAGGCTTCGCTTCGTAATACCGGACGACGACCTGCGGGCCACTCGTCCACACCCGTCCGTAAAGCCGGGTGGGTGACTCCAATAATGGTCCGAGCTCCGTGTTCAACATGCTCTCGACAGGTCCGTCGTACAGCGTAATGGGGCTGGTGTCGGTCTGATTCACATCCAGTTCCACGGAAGCCGCATCACCCACCCGGAGCCTTAGAATCCGCATTGCCTTGAGGGCTTCTTCCGGGCACTTCTCCGGTCCGGGGCTGCCGTCTGGTCGCAAGAATACGCCCCCAGAAGGGCAGCCCGAAGTCACGAGAAGCAGGACCACAAACGCGAGTGGGAATCGTGCTCTGTTCGAAGGCATGACGGGTGCTCTTACTCACGGACTAGACGACGATCTAGAAGAAGATGGGTCTCCATCAGACCGTCATGGCGGTAGAGTTCCACGGTCAGGTCGGAGGGACCTTCTTGCGAAGTGAAGGCACTACCGTCCACGACGACGGCAACAAAACCGGATGCGCCTGGGGGAATCTCGTCCCGGTCAGCTTGTAGAGCAAAGGGTTTCGCCTCACTGAAC
CP043493.1_gap2	135946	140048	4102	ACTGGGGCCGCGACGAGGCGGAGCTGAACGAGGCGCTGAGCCAGGAGCGGGAGGTCCTCCTCACCGTCCGCTCGGCCGCCGCCGAGCTGTACGCCCTGCCGTGGGAGCTGCTGACCCTGCGCGACTCGGGGCAGCACTTCAGCCAGCAGAGGGGCTGCACCCTTCACTACGAGTGGACCGGCTCGGGTGAGCCGCCTCGGGTGGAAACTTCCTCCGCGGAAGGTCGCATCCTCTTCACCTGGTCCTCGGCCGGGGGGGATGTGCCCGCCCCGGCCCACCTCCGGGTGCTGCGCGAGGTCTGCCGCAGGGGGGGCTACCCCTTCGACGAGACGCGAGACGTGCTCGCCCATGTGTCGCTCGCCTCCCTCTCCCGGGAGTTGGAGCGCTCCCGGGCCGCTCGAGAGCCGGTGAGTGTGCTGCACCTGCTCTGCCACGGTGGGCAGAGGGGGAATGTGGATGGGCTCCTCCTGGAGGGAGGAGACAGCCCGGGGCACACCAAGAGCTTCGTTGACGCCCACCGGCTGGGCGAGGTGCTGGCGCCGTATGCCGGCACGCTGCGGATGGTGGTGCTGTGCGTCTGCCAGGGCGGCCATGAGCGGCTAGGCAGCCAGCTGGGTGGCGTGGCGCAGGGGCTCCACCGCGTGGGGATTCCCGCCGTGGTGGCCTCGCGGCTGCGGCTGTCCACCGAGGGCTACCTCGCGCTGACCGAGACACTCTACGGCACGCTGCTGGGTGTCCCGAGCTCGCCCGAGGCGCCGCTGGAAGCACCCGGTTCCCTGGAGGCAGCGTTGAGCGCGGCGCGCGCGCGTCTGCGGGAGTCGGGGCTCATGGAGTGGGCCTCGCTGCAGCTCTACGCCCGGACCGAGGCAGGTCCTGGCATCCGTCCCCTGTCTCCACGCCCCTACCGCGGCCTGCTGCCCTTCGAGCCCGAGCACCGGCGCTTCTTCTTCGGGCGCGGCGAGCTGGAGCGGGAGCTGGTGCTGCGCGTGCGCGCGGCGAGGGTGGGCTGGGGCTCTCGCTTCCAGGTGGTGGCGGGCGCCTCGGGCAGCGGCAAGTCCTCGCTGGTGCTCGCGGGGCTGATACCCAGGTTGCGCGAGGACGTGCGCGACCCGTGGGACGTGGCGGTGATGCGCTCGGGCGGGGTGGGCACGCTTCGGACGCTCGCGTCGCAGGGCCCGGGCCGGTTCGGCTCCCTCGGACGGCTGCGGTCACTGCTGGCCGGGCTCTATCGTCCCGAAGGTGCTCCCCCGACGCGGCCCGCCACGGTCGCGGAGGTCCTCCAGGAGGCGCGGCTCCTGCGCGAGGCCCGGCCAGGGCGGTGGCTGCTGCTGGTGGTGGACGCGCTCGAGGAGCTCCTCAACGAGGCATCCACGCCGAAGGAGCGCGAGGCCTTCGTGCGCGCGCTGTGGAAGCTGGCTCATGCCCAGGCGTCCGGCGTGGTGGTGGTGAGCACGCTGCGGGTGGAGTCGCTCGAGCGCTGCGCGCAGGTACGCGTGGACGCTCAGGGCCCGCGCTTGGATGAGGTGGTGTACTCGGGAGAGCACCGGCTCTTCGTCGGCCCGCTCCGGGGCGAGCTGCTCGCGCGGAGCATCGAGGGTCCCGCGCGGGCAGTGGGCCTGGAGCTGGAGCCGGGCCTCCTGGAGCTGCTGCGGCGGGATGTGGAGCAGGAGCCGGGCTCGCTGCCGTTGCTCTCGCATGTGATGGATCGGTTGTGGGAGCGGCGGGTGGGGCGCGTGCTGACGCAGGCGGCCTACGAGGAGCTCGGCGGGGTAGGGGGCTCGCTGGCCCGCACGGGAGACCAGCTCTACGCGGAGCTGCCCGAGGCCGAGCGACACCAGGCTCGCCAGCTGCTCGTGCGCCTGGTGGATCTCCGAGGCGAGGCGTTGAAGGCGTTGCGCCCGGAGCAGGAGGAGCTTGCCGCCGCGTTCGACGCGGTGGTGGAGAAGCTGGTGCGGCGCCGGCTGGTGGTGCGGGACGCGGACGGTGGCACCGGTGGGCAGCCGGGGGAGCCGTGGCTGCGGATCGCCCACGAGGCGTTGATTCGCCGGTGGGAGCGGCTGGGGCGGTGGGGGCAGGAGTCGCGGGGACGCGAAGAGGAGGAATGGGCCCGCGAGGCGGAGGAGCGCGCCCGGCGTGCGGAGGAGGCGCGGTTGCGGCACGCGCTGGAGGTGTCGCGCGTGCTCCAGGCCCGGCGGCTGATGGAGACGGAGCCGGCGATGGCGGCGCTCGTGCTGCGCGAGGTGTCGGCGCCGGAGCGGACGCCGGAGTGGCACCAGACGGCGCTCGAGGTGCTGCAGCGGGGCGGTGGGGAGCCCGTGGTGTTCCAGGGCCATGAGGGAAAGGTGGAGCTCGCCGGCTTCAGCGCGGACGGGCAGTGGGTGCTCTCCGGCTCGGAGGACGGGACGGCGCGGGTGTGGCGGGCGGATGGTACCGGGACGCCCGTGGTGCTCGCGGGCCATGAGGGCGGCGTGTGGTCCGCCGAGTTCAGCGCGGACGGGCAGTGGGTGCTCACCACGTCGCGCGAGGGGCGGGTGCGGATGTGGCGGGCGGATGGCACCGACGAGCCCATCGTGCTCGCGGGCCACGAGGAGCGGGTGTGGCCCACGGAGTTCAGTCCGGACGGGCAGCGGGTGCTCATCGTGTCGGAGGACGGGACGGTGCGGGTGGCGCAGGTGGATGGCACCGAGGAGCCCGTCATGCTCCGCGGCCATGAGGGCGGCGTGAGGAGCGCGACGTTCAGCCCGGATGGGAAGCGAGTGGTCACCGCGTCGGAGGACGGGACGGCGCGGGTGTGGAGCACGGATGGGGGGAGCAGGCCCGTGGTGCTCCGAGGCCATGAGCGGGGTGTGCGCTCGGCCGAGTTCAGTCCAGACGGGCAGCGGGTGCTCACCGCGTCGGAGGACGGGACGGCGCGGGTGTGGCGCGCGGATGGCACGGGCAAGCCCGTGGTGCTCCGAGGCCATGCGGGAGGGGTCGCGTCCGCGGCGTTCAGCCCGGATGGGCGGCGGGTGGTCACCGCGTCGGAGGACGGGACGGCGCGGGTGTGGCGCGCGGACGGAAAGGGAGCGCCCGTCATGCTCGCGGGACACGCGGGCGGCGTGTGGTCCGTGGCGTTCAGCTCGGACGGCAAGCGGGTGCTCACCGCGTCGGGGGATGGGACGGCGCGGGTGTGGAAGCGGGACGGCTCCGAGGAGCCCGTGGTGCTCGCGGGCCACGAGGGGGGCGTGTGGTTCGCCGAGTTCAGCGCGGACGGGAAGCGGGTGCTCACCGCGTCGGAGGACGGGACAGCGCGGGTGTGGCGGGCGGACGGCACGGGCAAGCCCGTGGTGCTCGCGGGCCACGTGGGCGGCGTGTGGTCCGCCGAGTTCAGCGCGGACGGCCAGCGGGTGCTCACCGCCTCGGGAGACGGGGTGGTGCGGGTGTGGCGGGCGGACGGCGCGGGCAAGCCCGTGGTGCTCGCGGGCCGCGGGGGAGAGGTGGGCTCCGGGGCCTTCAGCCCGGACGGCCAGCGGGTGGTCACCGCCTCACGGGAAGGCACGGTGCGGGTGTGGCGGGCGGATGGCACCGGGACGCCCGTGGTGCTCCTGGGCTACCTGGCGGTGCTGTGGCCCGCGGAGCTCAGTCCAGACGGGCAGCGGGTGCTCATCCGCTCGAGGGAAGGCACGGTGCGGGTGTGGCGCTCGGACGGCACCGGAGAGCCCGTGTTGCTCCGGGGCCATGAGGAAGAGGTGTGGTCCGCGGAGTTCAGCCCGGACGGGCAGCGGGTGCTCTCCATGTCGGGGGACGGGACGGCGCGGGTGTGGCGGGCGGATGGAGGCGGGCCGCCGGTGGTGCTCGCGGGCCACGTGGGCGGGGTGCGCTCCTCTGAGTTCAGCCCGGACGGGCAGCAGGTGGTCACCGTCGCGGAGGACGGGACGACGCGGGTGTGGCGGGCGGATGGCGAGGGCGAGCCCGCGCTCATCGCCGGCCCGGAGGAAGAGGTGGAGCGCGCGGCCTTCAGTCCGGACGGGCAGCGGGTGCTGACGTGCTCGCGCGAGGGGACGGTGCGGGTGTGGCGGGCGGATGGCATCGGGGAGCCCGTGGTGCTCACGGGCCATGAGGG
CP043493.1_gap3	143082	145035	1953	AAGAGCTCGAGCTGCCGCTGACGGCCCTTCACGGCGTGGGCGCCGAGCGGCTCCAGGGAAGACTCCTCACCCAGGGCCTCGCGGCACTCGCGGGTGAGGAGCAGCTCCCGGCCGAGCACCTTGGTGAGATCCTGAACGCGCGAGGCGGTGTTCACCGTGTCCCCAATGACAGTGTACTCCTGGCGCTGGGCGCCCCCCACGTTGCCCACCACGGCCTCGCCGCGGTGCAGGCCCACACCAATGCGCAGGCCGGGGAACTCTCCACTCTCACGCATGCGCGCGGCCTCGACGAGCATCTCGCGAGCGGCGGCGAGGGCACGGCGTGCGTCGTCCGGCTGGTGCGTGGGCGCACCGAAGACAATGAGCATCCCGTCCCCGAGGAACTTGTTCACCAGTCCTCCATGCGCCGCGACGATTTCGCACATCCGCCCGAAGTAGAGGTTGAGCAGGCGCAGCGTCTCCTCGGGAGACTGGGACTCGGAGAGGCGGGTGAAGTCGCGCACGTCGGTGAAGCAGATGGTGACGGCGCGGCGCTCACCGCCCTCGGGCATGCGGCCGGAGAGCAGGTGCTCCATGACCTGCTCGCTCACGTGCATGCCCAAGAGGCCCCGCACGCGCTCGCGCTCGACGGCGCTCTCGGTGAGGCGCAGGAGCAGCTTGCGCATGGAGCGGCTGGCCACCATGCCGAGCACGCCCGTGATGACGAGGAAGATGGCCTTGGCGAGCGTCAGGTAGAAGTCGTAGGCGCCGGTGGCGAGGAGCTCGGGCGTGGCGGCGGGGCGGAGGACGAAGTGGATGATGGCGACGAGCTGGGCCGCGGCGGTGAGGCCGGCGAAGAGACACAGGCGGGGCTGGAGCCGGGGGGTGGTCATGGCGACGCCCACGGCATAGAGGGCAGGGCCTCCAGCGGACACGGCGAAGGCGGGGCCGTTGACGTGCAAATCCAGCAGGGCGACGACGCTGCCCATGGACACATCCAAGAGCGAGGACGCATAGCGCATCCACGGGCGGAAGCGGCCGGTGCGCATCAGCAGCACGACGCAGGAGTACCAGGCGAGGAACGCCAGGGTGGCGGCGAGGATGATGCGGGGGATGGCCGAGCCCGAGGCGATGGCGGCGAGCACCAGCGCGGTGGCGATGACGCCCGCGGTGGTGGCGACCTGCGCGACGCGCGACTCCATGTACAACACGGTCTCGGCGTAGAGGGCGTCGAACCCGCTGGGAACGGGACGGGAGCGGGGAGAGGCGCGCATGTGGAGTCGAGAATAGCGCCAGGACGCGGGCAGCGTGCACCTTGTCACCGTTTAGATGCGGGCGCGGGCGAGCCCACGGCCTCATCCAGCTCGGCTTGGAAGGCGCGGTGACGGCGGAAGCTCTCTCGGAAACCGGCGAGCAGCAGGTTGCCGCGCGCCTGCTCACCCAGCAGCCAGAGGACCTCGGCACAGGCGACGAGCAGCACGGCCGCCTTGCCGTAGCTGCGCCGGTGCTGACGGCTGACGATGGAGCTGGCGCGCTTGCGGGCGACCTCCAGACACCACTCGAGCATCTGCTCCCACTCCGAGGGCTCCACCGAGAAGGCAGCGAGGGCCTCGCCGTATGCGCGCGCCAACCGCTCACGGAGGGCCTCGTCGTGACGCGCGCTGCCTGAGTACCAATCCCCCGCCTGCGTGCCCGACTCGAGCGCCTGGCGCCAGAGCGTGTCCACGTTGCGAGGCAGCTCCCCGAGGGGCTGCCGGGACAGGAGCACGAGGAAGGCAGGCACCACGGTGCCCTGGGGGTTGTCGCCATACGTCCAGCCGAGCGCGCTCTCCTTCGCGGCGAGCGCGTGGGCGGCTTCCCCGTCGTGCGCGAGCAACCAGGCATGGGCGAGCAGCCGCCGATCCGCGTGGGCGGGGACTTCGAGATGATCCCCGTTGTGGGGCAGAGTGGCCATGGAGCCCGAGGGAGCGCGAG
CP043493.1_gap4	149157	154086	4929	GGGCTGGGACTTCGCCAGCGTCCTCCCCTCCTTCCAGGCTCTGTCTGGACCTATCCGCCCCTCCAACGCGCTCACTGCGCGCAACTCGCTATCCCAGGCCATCGTCCAGGCCGCGGTGGGTCTCGGCTATCCCTTCAACGAGGACTACAACGGCGACAACCAACTGGGCGTCACCTATAGCCAGCTCAACGTGGTGGACGGCATTCGCCAGGACGCCTTCTCCGCCTTCGTGTCGCAGTACCTGGCCAATCCCCGGCTCACGCTGATGATGAATGCCCGGGTGAAGCGCCTCGCCTTCGACAGCGCGAAGAGGCTCGAGCGCGTCATCCTCGACAGCGACAGCGGCGAGCTGTCCGTGGAGGCTCGGCGCGAGGTCATCGTCTGCGCGGGCACCATTCAGACGCCCCACCTGCTGATGCTCTCGGGTATTGGCGATCCGGCGGACCTCGAGCCCCATGGCATCCCCGTGGTGGCGAAGGTGCCCGGGGTGGGGAAGAACCTGCACGACCACCTGGTCTCGGTGGCGGTGAAGAAGCTTCGGCAGGCGGAGCCCGCCACGCATCTCACCACCATGGACGTGAATATCTTCACGGGCAATGGCCCTCGCCTGGGGTCTCCGAAGTTCCAAGTCCAGACGTACTACATGCGGTACGGCTGGGGCTCCTATCCCTCCGAGGCACTCGCCCTGGGCCTCATCAACCTGCACCCGACGAGCCGCGGCGCCGTGAAGCTGCGCTCGGCCAACCCGCTGGACGCCCCCGTCATCGACCCGAACTTCCTGGGCACGGAGGAGGACGTCTCCAACCAGCTCGAGGGCTACAAGCTCGTTCGCGAGGTGCTCCATGCGCCGGGCCTGCGCGATTGGGTCGAGGACGTGGAGCACACGCCCGGTCCGGAGGTCGTCACTGACGCACAGTGGGTGGAAGCGCTCCGGCAGCACTCGGAGTCTGACTTCCACTCGGTAGGCACGTGCAAGATGGGCACGGATGACCTGGCGGTGGTGGATCCCGAGTTGCGCGTGCGTGGCGTCAAGGGGCTGCGGTTGGCGAGCGCCGCCATCATGCCCTTTGTCACCTCGGGCAACACCAATGCCCCCGCGATGATGATTGGCGACCGCTGCGGCCGGCTCATCCTCGAGAAGGCCTGAGCCTCGGAGTGGAGCACAGGCGGGGAGGGGCCTTCCTGTCGCCTCTCCCTGGCCAGTCGAGCAGGACCTGAAAACGTCGGCTCAGCGGAAGCCGAGACACGCCTCCTGATAATTGAACCGCCCGGTGTGTTGACGAGCTACCGCCGTCGCGCCGCCGAGCACGACGCCACGGGATAGCAGTCGTTTGGGCGCCTCACCCCGCTGGTGTGTGTGACCGGTCTAAATTCCCGCGCTTCGTCATGCCCGAACAAGATAGAACCCTTCCGCCATTCGCCTCGCGACCTCCCGCGCGGCGCAGACTGGACGGAGCCTTTTCAGAATGATCCTCCGCAACGTCACAGATGAGGACCTTCCCATCTTCTTCGAACACCAGCGCGACCCAGAAGCGCTGCGCATGGCCGCATTTCCATCGCGGGAGCGCGATGCGTTCATGACCCACTGGCGCACAAAGGTTCTCCGCCCTGAAAACGTCACCCGCACCATCGTTATGGGCGGCGTGGTCGTTGGGAACATCGGCAGTTGGGAACAGGATGCCAAACGCCTCGTCGGCTATTGGATTGGTCGCGAGCACTGGGGCAAAGGCATCGCCACTCGGGCCCTCTCTGCGTTTCTCGTGCTCGAGCCCGCCCGGCCGCTTTATGCGTGGGTCGCTCTCCACAACCTCGCGTCGATCCGCGTCCTCGAGAAGTGTGGCTTCCACACCATGAGCAACGAGAACCCGCATCACCCGGGTGGAGTTGCCGAAGTCCTCATGAGGCTTGGTTCGACGTAGTGAATTCCGGCGCTTCGTCATGCCCGCCAACAGTACGCGCGGGTTCAGCGGCTCGTGGAGGAGTGAAGGGGGGTGTTGAGCCAGCCCCTCGCTACTGTGCGTCAGGCCGGCTGACGGAGTCATTGTTCTCGTCCGCACACTGCTGCGAGGTCTCGGCTCTACGCATTGCTCGCTCAAGATCAACCGCTGGGTTTGTCCCGTTTGCTGCCTCTCTGCCTCGCAGAAGCGGCGCGCTCTGTACGTGGTCGGCTGCGCTTGGTCGGAGGTGCAGGACGGGGTTCCTCTGACTGCCCCGCATCATCCTCGGCAGGGTCCAGGGCCCAAGTGCCCTCTTCCCACCGCTTCAAGGCTTCGGATGCGCCGAACGGAACCAATCCTTGCCCCTTTGCTGCCTCTTCCAAAATGGCTTTGGCCTCCGCCGTCCGATGGCGGAGCAGGAACACCGCAGCCATTACTCGCACGTCCATCCGAGGATGTGAGAACAGAACCGCGAGCGCATCACGCCCGGTATCTCCGTGAGAGCGAAGTTGCAGGAAAGCGGCAAGCGCTTTCTTGGCATGTTTATTTCCGGTCTTCGCGTCTCCCTTGAAAATCTCCTCATTCTGCGCTTGTACGTGATAAGCAAATTCTTCAACGAGCTTTTCGAGGCTCTTCACCATATCCCACTCTGTACGTTCTTTATTGCGCGCAAGCCAAACGCTCGCTGCGCCTCATAAGACTGACCACTTAGCCATTTCCGAACGGTCAAGGTGGACGAGCCTGTGATGTCATAGCGAATCGAGGAGTAAATGCGGCTCACATTGGTGTGCAGAGTCTTGTCTAGCGCGGTGATGTTCTCTGTGTTTTGTAGGGCCTTGCCCCCGAAGCGCTTCACGTTGCCTGGAGTCTGCTCCACGATGTGATGCCATTCCTTGCCCTTTCCCGCTTGCCCCATGGCCGACTTGAAGCCACTAAACGATTCCCACGCCCTATGTCCGCTGGGAAGGAGCTTACCCCGACCCGGCGCAGGACTCCCAGCGGCAACGCTCCGGGCGGCCATGGCCACGGCATGAGGCGCCAACACCATGCGGATCGTCCCCTCGGGCACAGAGACAATAAGGCGCTCGGCTCCTGTTGCCGTCTCCAGCAGACCCAAGCCGGTCTAACCGCGACTCTCTCCGAGGCTTGCGCGAATCCGGGGAGCTTTGGGGTCTTGGATGCGAGGGCCGCCGTTTCACCAAGGGCCGCCGTCCCCACGATGACGAGAATGCGCACACTGTTGGGGCCGATGACACGTCCAAAACGCTCGCCAATCTCGCGCAACTCCGCGAAGGTAGAGGCGCGGGGTGCACCTTCGTAAAGCTGCGCATAAGCCCGCAGCAAATCGAAGAATTCATAACCAAGATAACCCCACAAGGCGGCGCTAAACACCAGGGCCGCGCCCTTTGTCACCGGCTCGGGTAGAGGCGCCAACAGCAGCGCCATATAAACCGTGATGCTCATACTCAGCATTGCGAGCATTCGTGTAGGGTCGAGCATGGCCCGCACTTCCGCGTTGACTCCTTCCAGGGCAGGACCTACCGCCAGGGCGAGCGCAAGGCTTCGCATGTCGTCATCCTGGAGGTGGGGCCCGTCTTCAAACAGCGTCAGGCAGTCCCCGGGAGTACCGCGCCGCTTGCAAAACTGCCCATAGGACCGGGCCAGGTTTGATTGCCACGCTTCGCCACTCAGGGGCGCGGAAGCCAACGCCAGCCTACGGCCGACATACAACGGAGGGCGGGACGCGGCCACCCGAAGCGGCATGTTAAGCCAAAGCGTTGTCATGGCTGCCGAAAACTCAGCGTCACTCACCTGCACAGGCGCGAAGTCTGTGGGCAGCTTGGTAAAGACAGCCTCTCCCTGTCTCCCGGCTTCGGCTTCCGCCTCCAGTGCCCACGGTTCGGACGGGTCGTGCGGCACGGGCGGACGGTAACGGGAAGCCGTCAACCCTCCACCCAGGGGGGCCCCCGTGGCGCACGCTGTAAACAGCATCAATGCAGCCAGCGCCAGCGCACCCGCGCGCAGGGGCCACCGTGTGTCCACGGGGAGAGTACCGACAGAACGTCGAGACATTGCCGCACCTCTTCGGGCGAGCCGCCCGGGCTGGATGCCCAAACCCATCGATTTCAGAGAGCGGCTGACAGCCAGGTCAAGCTGTTGGGGTTGGTAGAATGCCGAGGGCCCATAGGGGCAGGGAACACCACTCTTTTTCACGCACTGTTCATCAGCCAGCCCGCGAGCGTTCCCTGAGTTGGGCGCAGCGCGGCATGGAGTGGGGCGTGCAGGTTGTCCTGGTTCCAGGTCGGGGCTCCCGTATGCTGCGCCCGAGCATGAACGAGCAACATGTCGCCTGGGCCCCCTGGTCCGGTCCTGGTCACGAGCATCTGGTGCTGCGCGAGGTCTCCAGTGCCCTCACCGCGCACAGCTCCGTCGAGGGTGTGACCGACGAGGGCCGTCCCTTCTCCTTGCGTTACTTCCTGCGTACCGACTCCGCCTGCCGCGTCCGCGAGGTGGAGCTGGCCCTGCTCGGCAGTGACGCCCGGCTCGCCCTGCGTTCCGATGGCGCCGGCCGGTGGACCGATGAGAAGGGCCGCTCCCTGCCCGAGCTCGACGGCTGCATCGACGTTGACATCTCCGCCAGCCCCTTCACCAACACCCTCCCCATCCGCCGCCTGGGGCTCGCTCCCGACTCCTCCGACGACATCGTCGTCGTCTACCTCGCGGTGCCCGAGCTCTCCGTCCGCCGCTGTCGCCAGCGCTACACCTGTCTCGGCCCCGAGCGCTACCTCTTCGAGAGTCTCGAGTCCGGCTTCCGCGCCGAGCTGCCCGTCGACTCCCAGGGGCTCGTGCTCGACTACCCGGGGCTCTTTCGCCGCCTCCCCTCGCGCTGACGTGCCTCCGCTTGCTCTCAAGAAGGGGGCCGGCCCCCTCCGGCGTTGGCTCTTCGTCGGCCTGGGTGTGGCCACCTTCGGTCTCTACGGCATGGCCTTCG
CP043493.1_gap5	159097	162210	3113	ATCATCGGCAGGCCCGGAGCGCTCCTCTACCCGCCGGAGGCGATGGGGGAGGGGGGGCCGCAGCGGGAGCTGGAGCGGGCGGCGCGCGAGGGGCGCGTGGAGTCGGAGGGCGTGCGGCTGCGCAAGGACGGCGCGCGCTTCTGGGCCGAGTCGTTGATCACCGCGCTGCGCGGCGAGGACGGACAGCTCGAGGGCTACGCGGTGCTCACCCGCGACAGCACCGAGCGCAAGCGCATGGAGCGCGCCCAGCGCCTCTTCGCCGAGGCCGAGCGTCTCTTCCTCGCCACGCAGGATCCGGACCTGGCGGTGGCCGAGCTGGCGCGGCTGCTCGTGCCGGAGCTGGCCGATGGCTGCCTCCTGCTCCACCTGTCTCCGGAGGGCGAGCTGTTGCCTCACGCGGTGGCCCACGTCTCCATGGAGAAGGAGGCCCTGCTGTGGGAGATCATTGCCCACCGCCGCCCCGTATTCCGGGAGGGGGCGGTGGGCGTGTGGCACGTCCTGCGCACGGGGAAGTCCGAGCTGCTCACCGAGGTGACGCCGGAGGTGATGGAGCAGGTGTCCACCGATGCCGGGCACCTGGAGCTCATCCGGCGGATGGGTGTTTCCTCCGCGCTCACCGTGCCGCTGCGGGCGGGGGGCCGGACGCTGGGCGTGCTGGTGCTGATGTCGCAGCGGCCGGAGCGCCGCTTCACGGAGACGGATCGGGTGTTCGTCGAGGAGCTGGCCAGCCGCGCGGCGCTCGCGCTGGACAACGCGCGGCTGCTGCGGGAGGCGCAGGCGGCGTTGGATCTCATCGGCGTGGCGGCGCATGACCTGGGCAACCCGCTCCAGGCGCTGCAACTGATGTTGGGCAAGCTGCGGCGCGCGCTTCCGTCGGATCCGGACAAGCTGCGCGAGGTGCTCACCACGGCCGTGCGTCACACCCAGCGGTTGGGGCGGCTCTTGCACAACTTGTTGGATCTCTCGCGACTGTCCTCGGGGAAGCTGGATTTGGAGGTGGGAGAGGTGGACCTGGCCGAGCTGGTCCACGAGGCGGTGGAGCGGCACGCGGAGCAGGCGGCGGAGGCGGGCAGTCGTCTGGTGTTGGACGTGGAGCTGGGGGTGGTGGGGCGGTGGGATCGGCTGCGGCTGGAGCGGGTGCTGACAAACCTGCTGTCCAATGCCTTCAAGTACGGCAAGGGCCAGCCCATTGAGCTGCGCGTGGCGCGCACGGATGGTCACGGGCTGTTGGCGGTGAGGGACCACGGGCCGGGCATCCCCCTGGAGCAGCAGCATCAGATTTTCGAGCGCTTCAAGAAGGCCCCCGCTCAGGGCGAGAAGCGGGAGGGCTTCGGGCTGGGCCTCTACATCGTCCGGCAGCTGGTGGAGGCGCATGGGGGCACCATCCGCGTGGAGAGCCGGGAGGGGGAGGGCGCGACGTTCACCGTTGAACTTCCGTTGGCCCCGGCGCACCAGGAAGTGGGTGCCAGTGAACCGCCTCCGGGGTTGGTGCATTAGTCAGATTGAACCGGGTAGACCGTGGCGACACGCTGAGGGCATTCATTGAGGTGAGTCATGGTGAAGCTGGCCCTTCTGGGAGAGTCCTACCCGGCGCAGCTCCGGGAGAATCCGCAGGCGCTCCGAGACGTGGAAGTGGTGTGGTCGGGGTCGTCGCTGGAGGCCTTCCGGGCGCAGGTGCCGGCGAAGCGGCCGGATGTGTTGGCCTTGGACTTCCTGGAGCTCAACGGGGTGGAGACGGGTGCGGTGCCGGGGCTCATGGAGGACTCGGGGGCGCGGCACGCCATCGTCACCTACCGGTTCGCGCGGCGCGGGGTGCTCCAGCAGTACCCGGCGGGCAAGGTGCGGCTGCTGCAAGGGCCCATCTCCCTGTCGCTGCTGCGGGCGCACGTGCACCTGGCCGTGTTGGACGCCATGCTGCAGCCTCAATCCGCGAAGCCGGCCCCGGTAGCGCCGGCTCCGCTGGCCTCGGCTCCGGCGCTTCAACTGGGCGCGCCAGGCGCGGTGTCCACGGTGACGGTGCCCGCTGTGCCAAAGCCGCCCCGCTACTCGGCCGAGCAGCTGGGTGTGTTGCTGGAAGTCTCCAGCGCGGTGCAGTGCGAGTGCCCCAACCACCTGTCCCAGATTGTCAGCAGCCTGCAGGCCTTCGAGGAGTACTCGAAGCACTGTGAGAACCGGAACGAGGCGGATCGGCAGGTGCACGCGCTGCTCTACCGGTACACGGCGGCGGCGCGCGCGGTGATGGAAGAGGCCCTCACCGCGCTGGTGAAGCACGAGAACATCCAGCTCTAGCCGCCCAGCCTCACACCGTCGGCAGGGGCGGCACCGGGGGCAATGGCGGCTCCCTCGTGTCGGCGGTCTGCTCCACCGAGGCCAGGCCGCGCAGGGCGTGCGGCTCGTGGGCGCGCTCGTCCTCCTCCAGGCGCTCGAACTCCACGGCGTCGTGGGCGCAGAAGACGCGCACGTCCCGGTCATGGCGGCGCACCAGCTCGCGCAGTCGCTCCTGGTTGAGCTTCCGCATCCGCCCATCCTTCTGCATCAGCTCCTGGTACGCCCACAGGCCTGGCGTGCACCGCGGCCGGTCCGGGTTCATCTCCTCGTGGTAGAAGTACGCGTCGCCCGCGTGCAGCAGCCACCCATCCGACAGCTGCATCGCCACACCCGCGTGCCCCAGCGTGTGCCCCACCAGCGGCACCAGCAGGATGTCCGGCGGCAGGCCCTCCAGCTCGCGCACGCACTCGAAGCCGAACCAGCGCTCGCCCCCGCGTGGCATCGGGTACGTCACCCAGTGCGGCTGCGTGCTCCACTGCCTCGGACGGAAGCGCCGGCGATCCAGCCACGTCACCTGGGTCATCGCCGCGTCCACCTCCGCCGCCATCACGTGCACCCGCGCCACCGGGAAGTCGTCCAGCCCGCCCGCGTGATCGAAGTCCAGGTGCGTCAGCACGATGTGCCTCACGTCCGACGCTTTGAAGCCCAGGCGTTCAATCTGCCGCACCGCCGTCATTTCCTCGTTGAGCTGCGGCCGGTTGAGGTTCAGGAAGAAGGGGCTCAGCCGCGGCCTCGGGTTGCGCACGTCCTCGAGCCCAAAGCCCGTGTCCACCAGCACCAGACCT
CP043493.1_gap6	163815	165145	1330	CCCTGCGCTTCGCCTTCCGCCGCTTCACTGTGAGCGCGCTCGCACTCCAGTGGGGCACCAGCCTCTCGGCGCCCGGCGCCTCCCTTCGTCTGCAGCTCGGCCTCGTCCACCTGGGGGTGTCGCTGTGAGAGCCCTGTCCGCTGCGCTCCTGTTCCTCGCCGTGAGCTCCTGCTCCTCGCGGCCCTCCGTGGACGAGTCCGCCGCTGCGCGTGCCGGAGACTTCGCCGGGGGCGTGGAGAAGTCTCGCCTGCTCTCTGACGTGGACGCGTTGGTTGAAGCCCACCTCACGGACACCCCGCTCGACTGTGCGCTCTTCGACCCCTCGGAGATCGACACGGAGCGCCGGCCCGTGTGCCACCTCACTCGCGACAAGGCCCGCCAGTGGGTGCGCGAGCGCTTCGAGTCGCTCGGGTACACCGTCACCACGCATGACACCGAGGATGCGCGCTTTCCCACCACCAACCTCATCGCCGAGCTGCGCGGCACCGAGCACCCCGAGGAGGTGGTGGTGATTGGCGCCCACTACGACGCCTACTACTCGGGGGCGGACGACAACAGCTCGGGCGTGGCCGCCATGATGGAGATGGCGCGGCTGGCCGCGGGCAAGCGCTTCGCGCGCACCGTACGCTTCGTGGGCTTTGACCTCGAGGAGCTCGGCCTGGTGGGCAGCACGCGCTATGTGCAGACGCACCCGGAGGAGCGGATCATCGCCTCCATCGTCTTTGACTGCATCGGCTATAAGGATCCACGTCCCGGCGCTCAGCAGAGCTTGCCCGGCTTCCCCGTGCCTTCCACGGGGGACTTCCTCGCCGCCATCTCCAACGAGCCGTCGCGCCCGCGCCTGGAGGAGCTGTACACGCTGGCCACCCGGATGGGGTACGGGTTCGTGCAGGGCGTGGTGTTGCCGAACGAGGGCTCTGGCCCCGCCTCGGGCAACCTCATGCGCAGTGACCATGCTCCCTTCTGGCTGATGGGGCAGAGCGCGCTCTTCCTCACCGACACCGCCAACTTCCGCAACCCGCACTACCACCGCGCCACCGACGTGCCCTCCACGCTCGACCCGGACTTCCTCACCGACGTCACCCGGCTGTCCGCCGCCGGGCTCTCCTTCTGGGCGGGAGGTCCCCTGCCATGACACCCACGGCGCTTCTCGTGCTCTCCGCGCTGGCCACCTCACCGGCTCCGTCCGAGGTGCCCGTACCCTCGCGGCACCAGCTCTCGCTGTACGCCCGCTCGGGGGCGTCGGCGTACCTGTCGCCGGTGCGCACCCAAGGGGGACTGGGCGGCGGCTTCGGCCTGCGCGACACGGTGGACGGGCGGTGGTTGCTCC
CP043493.1_gap7	167662	171594	3932	GTTGGCCACCGCGAAGTTGGCCGCCATGTTGTGCAGGTTCCAGTACTCGCGCCCCAGCCGGCTCGACGCGTCCAGCCAGATGAAGTCCTCGCTGCGCTTGCCCAGCCCGAGCTCCGCCGCGCCCTCGACGAAGTAGTGCTTCGCGATGTTCCACCCGAAGCCCCGGCTCCCCGTGTGCAACATCACCCACACGCGCCCGTCCTCGTCCACCTGCATCTCGGTGAAGTGGTTGCCCCCGCCGAGGCTCCCCAGTTGATCTCTCTTCTCGTACGCGCGCTCGGGGATGTCCACCCGGTCGTCCTCCACCGGGATGAAGTCGCGCTCCGTGGTGGAGGCGCCGCGGCCCAGCGCCTTGGCCCCGTGACGCACCACCTCGGCGAAGGTGCGCGTGTCGATGCGCCGCTGCTTCTGCACCCGCGACGCCCCCACGCCCACGGCGATGCGCTTCGTCACCTCGTCAATCCACTGGCGGCGCTTGGCCTTGTCCGCCACGTCCTCGACGGTGAGCGTCGTCTTGAGCTGCACCATGCCACAGCCGATGTCGTACCCCGCCGCCGTGGGGAGCAGGATGCCCTCCGTCTCCACCACCGTGCCGATGGGCACGCCGTAGCCCACGTGGCAGTCCGGCGTCACCGCCACCCGCGTCACTCCCGGGAACGAGGCTGCGTTGACAACCTGATCAAACACCCCCTCTTCCAGACCCGGCAGCTCGGGGCCCTCGCCCCACAGCAGCTTGTCCGAGAGAAACAGGTGGGCGTCCACCTTCATCGTCTTGGTCTTCGGCAGGACGTAGTGCCCCTCCGCGACCTTCTCCAACCTTTGCGTCCAGCTCATGACCTCTCCCCCTGGATGGGTTCAACCGCAGGCAGCGACGAAAGCTTCCTCTGGAAGCTGACGAACAGAGCGGGGGGCCCGGCTTGCAACCGGTCAACGCCTGCTCCCTGGTGAATGTTGAGCCCCGGGCACCCGCAGTTGCCCCTTTACTGAAGAATTCCCATTCCTTTCCTCGGAGCTTCAAGGGGGTAGGGAGATGGGGATTCTCGGAGCGTTGCTGGTGGCTGTGACTGTGAACGCGGGGCCTGTGGATGTGAAGACGGCGCCGGTGTTCAACCCCTCTATCTGCGCCAAGAAGCGCGTGGATGCCTGTGGCTGCCACCATGTCTACGGTGTCCGCCACTGCCACCCCAAGCGCAAGAGCGAGCACTGTGAGTCCATGGCTCAGGTGAACGAGCCGTCCGAGAAGAAGGCCACCCGGGTGCGTGACTTCTTCCCCACCGAGGTGGAGACCGCTGCCTCCGAGCAGGAGCCGCAGGACTTCGCGGCCCTCTGAGCGCAGTTCAGGACCTGAGGGTCCTGATGTCTTCCGGGCGCTTCGCTCCGTCCACAGGGTCTGCATCAGGCCACTTCCGGGGAAAAACTCAACGCGTGTCAGCGTCCCGGTGGAGGTTCGACTCGGTGACCAGCGAAGCACGGGGGGGGTGGCCCGCGGGCCGGGGCGAGATGGTCGAGCGCATCCGTGCGCACGACTGGGCGGCGACGCCGCTGGGGCCCGTGGAGCACTGGCCGCTTTGCCTCCGGGCCATCGTGGACATGGTGCTGCCCAACGGCTTTCCCATGGTGGTGCTCTGGGGCCCGCAGCTCGTCCAAATCTACAACGACAGCTACCGGGCGCTCATGGGCCTCAAGCACCCGAAGGGCCTCGGGCAGCCCACTCACGAGTGCTGGCCCGAGACGCGGCACATCACCGCGCCTGTCTACGAGCGGGTGTTCGCGGGCGAGACGCTCACCTTCGAGGACTCGCTCCTCCCCCTCACGCGCTCGGGCAGGCTGGAGGACGCCTGGTTTACCCTCTCCTTCAGCCCACTCCGGGACGAGTCCGGCCACGTCGCGGGCGTGCTGGTGACCGTCCTCGAGACGACCGAGCGGCACCGGGCCGAGGTGGCGCTCCGGGAGAGTGAAGCGCGCTTTCGAGGCCTGGTGGAGCCGTTCGCGCAGGCGGTGTGGGAGACCGATGCGCAGGGTCGAGTGGTCGCCGACTCGCCGAGCTGGCGGGCGTACACCGGGCAGACGGTGGACGAGTATCTGGGCGACGGGTGGATGGCGGCGATCCACGCCGATGACAGGGAGGAGACCCTGCGGACGTGGCGCGAGGCGGTGCGGAGCGTCGTCCCTTTGACGGCCGAGTTCCGCCTGCGTGGCCCTGACGGGAGTTGGCGCTGGACACTCGTGCGGACCGCGCCGCTGCGAAACGCGGACGGGTCGGTGCACAAGTGGGTCGGGATGAACATCGACGTCACGGCGCGCAAGCAGGCCGAGGCGGCACAGCGTGAGAGCGAGGCGCGCTACCAGACGCTGTTCAACTCCATCGACGAGGGCTTCTGCATTCTGCAAGTCCTCTTCGACGCGGAGCAGCGGCCGATCGACTGCCGGTACCTCGAGGTCAACCCTGCCTTCGAGCGGCACTCCGGCATGCGCGACGTGCTCGGAAAGACGTTCCGTGAGCTTTTGCCGAGCATTGAGCCCTCCTGGAGCGACACCTACGGCAGGGTCGCACTGACAGGCGAGCCGACGCGCTTCGAGGACTATGCCGCGTCCATGGGCCGGTGGTTCGATGTGTATGCCTTCCGGATTGGCGAGCCACACGAGCGCAAGGTGGCAGTCCTCTTCACCGACATCACCCTGCGCAAGCAGGCCGAGCGGATGTTGCGCGAGCGCGTTGATTTCGAGCGCCAGCTCATCGGCATCGTGTCTCACGACTTGCGCAACCCCCTCAATGCCATCCTCCTGTCGGCGACGATGTTGATGCGCCGCTCGGGGGTGGATGCACGCAAGGAGGGGGCCCTGCGGTGCGTGTTCGACGCAGCCGAGCGCATGCGGCGCCTGGTGCGCGACCTGCTCGACTTTACCCAGGTGCGGATGGGGCAGGGCCTGCCGGTGAAGCGTGAGCCCCTGGACCTGCACGCCCTTGTCCACAAGGTGGTGGACGAGGTGTTGGTGGCCTATCCCGAGCGAGAGGTGGAGGTGAGGGCCGAAGGCGAGGCCCGGGCCGCTCTCGATGCGGACCGCATCGCGCAGCTGCTGGGGAACCTGCTCTCCAACGCGCTGGCCTACGGCGCTGCGGGCCGCCCCGTGTGCGTGACGACGCGTGACGAGGGCGCCCACGTGGTGTTGGAGGTGCACAACCGGGGCGAGCCCATTCCGCCCGAGAAGCTGGAGCGGCTGTTTCAGCCGCTCGAGCGGGGAGCCCAATCGCCGGCTCACGCCTCGCGCAGCATCGGCCTGGGCCTCTTCATCGTGGACAGCATCGTGCGCGCCCACGGGGGCCGCATCCGAGTGCACTCGACAGCCGGGGAGGGCACCACCTTCTCCGTGCTGCTGCCGCGCGGCGACTGAGGTTTACCCCTCGGGCGAGACCGTGACTTCCAGCGTGAACTCCCTCGACATCACCCGCTCGAGGTCATCCACTTCATAGGCCGTCAGCGGCGTGCGCGAGGACACCACCACCCAGCGCGTCCCCGGCTCGGCCCTCATGGCCAGCGTGTTCGCCGAGAGCCTTCGCACCTCGGCCGGTGAGGGCCGTGTCGCCGCGGGTGTGGCCGGCGTCGGTGGCAGGGCCAGCCGCCCCGGCACGTTCGCCTGCCGCGTATGCAGCTCCACCATGTCCCGCTTCTGCTCGGGGATGCGCGAGGGCGGTCTGGAAGGCGCGGGCGGCGGGTAGGTGGGTGACAGCCTCGCCAACGCTTGCGCCACCTCCGTGTCCCTCGGGTCCAGCTCCAGCGCCACCTTCAGCGCCGCCCGGGCCCGCGCCTCGCACCCGAGCTGCAGCAACAGCTCCGCCGCCGTCCGGTACGAGCTGATGGCCTTCTGCCTGTCTCCCGCCCTCCGCCAGGCCTCGGCGTGGCGCACGTACAGGTGGGGATCCCCGGGCTCCA
CP043493.1_gap8	194196	197024	2828	TACACGCTCCCCATCACCGGCGGCGACGCCAAGGCGCTCACGAGCGGCATCGCCTGGGACATGCAGCCGCGCTACAGCCCGGACGGCAAGTCCATCGCCTTCACGAGCGACCGGGGCGGTGGGGACAACATCTGGGTGATGAAGCGGGACGGGAGCGAGCCCACGGCGGTGACGCAGGAGAAGTTCCGCCTGCTCAACAGCCCCGCGTGGTCTCCGGACGGGCAGTTCCTCATCGCGCGCAAGCACTTCACCTCGCGGCGCTCGCTGGGGGCGGGGGAAATCTGGATGTACCACCGCTCGGGCGGTGACGGCGTGCAGCTCACCGAGCGTCCTAATGATCAGAAGGACGTGGGCGAGCCCGTGTTCTCTCCGGACGGCCGGTATGTCTACTACAGCCAGGACGTCACGCCCGGGAAGACGTTCGAGTACAACAAGGATCCGAACACCGAAATCTACGTCATCCAGCGGCTGGACCTGGACACGCGGGAGACGGAGCGCTTCGTGACGGGTCCGGGCGGCTCCATCCGTCCGACGCCCTCGCCAGATGGGAAGTCGCTGGCGTTCGTGCGCCGGGTGCGCGGCAAGAGCACGCTGTACGTGGCGGACCTGGCGAGCGGCGCCGAGCGGCCGATCTACGACGGGCTCGAGCGCGACATGCAGGAGACGTGGGCCATCCACGGCGTGTACCCGACGATGGCGTGGACGCCGGACAACAAGTCGCTGGTGTTCTGGGCGGGCGGCAAGCTGCAGCGCATCGACGTGGCGACGAAGAAGGTGACGCCCATTCCCTTCCGCGTGCGCGGCACTCGCACCATCGCCGAGGCGGTGCGCTTCCCGCAGGCGGTGGCGCCCGACAAGTTCCAGGTGAAGATGCTGCGCTGGGTGCAGGTGTCTCCGAAGGGAGACAAGGTGGTGTACCAGGCGCTCGGGCACCTGTACGTGCGCGACCTGCCGAACGGCACGCCCCGGCGCCTGACGAAGCAGACGGAGCACACGGAGCTGTACCCGTCGTTCTCGCGAGACGGCAAGAGCATCGTCTACACGACGTGGGACGACGAGAAGCTCGGGAGCATCCGGGTGGCGCCGGTGACGGGAGGGGAGGGCAAGGTGGTGACCTCGCGGCCGGGGCACTACGTCGAGCCGGCGCTCTCTCCGGACGGCAAGGCCATCGTCTACCGGGCCATCGGTGGCGGCTACCTGCGCAGCGGGCTCTACAGCCGCGAGCAGGGCCTGTTCGTGATTCCGACCGCGGGGGGCACGCCGCGCCGGCTGTCGAGGGAAGGCGAGCAGCCGCACTTCGGCGTGGGCTCGGAGCGGGTGTTCTTCCTGACGGTGGACTACCGGGAGAAGGATGACGAGCGCGCGCTCAAGAGCATCCGCCTGGACGGGAGCGAGCAGCGCACGCACGTGACGAGCGACGAGGCGACGGAGTACCGGGTGTCACCGGACGAGCGGTGGGTGGCGTTCCGGGAGAACTTCAACGCGTTCCTGATGCCGCTGCCGCGCGGGGCGAAGGGCGCGGTGGCGAGCCCCGAGACGAAGGCGCTGCCGGTGTCGAAGGTGTCGCGCGACGCGGGTGAGTGGCTGCACTGGTCGGGAGACGGCAAGCGGCTGCACTGGGCGCTGGGCCCCGAGCTGTACACGCGCGAGCTGAAGGACAGCTTCCGCTTCCAGGAGGGCGCGCCGGAGAAGCTGCCGGACGCTCCGGAGAAGGGGGTGAACATCGGCTTCGAGGCGAAGACGGACGCGCCCGAGGGCACGCTGGCGCTGGTGGGAGGCCGCGTCATCACGATGAAGGGGGACGAGGTCCTCGAGGATGGCGTGGTGGTGGTGAAGGGCAACCGCATCACCGCGGTGGGCCCGAGGGGGAAGGTGGCGGTGCCGGCGGGGGCGAAGGTGCTGGACGTGAAGGGCAAGACGCTGATGCCGGGCCTGGTGGACGTGCACTGGCACGGGGCGATGGGAGACGAGGGCATCCTCCCGGAGCAGAACTGGAAGCTGCTGTCCTCGCTGGCGTTCGGCGTGACGACGGTGCACGACCCGTCCAACGACTCGGAGTCCATCTTCGCCACGAGCGAGCAGGTGAAGTCGGGGGACATGGTGGGGCCGCACGTCTTCTCGACGGGCACCATCCTGTACGGCGCGTCGGGGGCATTCCGCGCGCCCATCGAGACGCTGGAGGACGCGCGCTCGCACCTGCGGCGGATGAAGGCGATGGGGGCCTTCAGCGTGAAGAGCTACAACCAGCCGCGGCGAGACCAACGGCAGAAGGTGCTCCAGGCGGCGCGCGAGCTGCAGATGATGGTGGTGCCGGAGGGAGGCTCGCTCTACCAGCACAACATGACGATGGTGGTGGACGGGCACACGGGTGTGGAGCACTCGGTGCCGGTGTCGAAGGCATACGAGGACATGCTGCAGCTCTGGTCGCGCAGCGGGACGGGCTACACGCCGACAATCATCGTGGGGTACGGCGGCGTCTGGGGAGAGAACTACTGGTACCAGAAGACGAACGTGTGGGAGGACAAGCGGCTCCTGGCGTTCGTGCCGAGGCGGGTGGTGGATTCGCGCAGCCGTCGTCCGGTGATGGCGCCGGAGGACGAGTTCAACCACATCCGGGTGGCCGAGGTGACGAGAGCACTGAATGACCGGGGCGTGAGCGTGCAGCTGGGCGCGCACGGCCAGCGTGAAGGCCTGGGGGCGCACTGGGAGCTGTGGATGTTCGGCCAGGGCGGGATGAAGCCGCTGCAGGCGCTGAAGGCGGCGACGCTGTCGGGGGCGCACTACCTCGGACTGGACGGGGACATCGGCTCGCTGGAGGCGGGCAAGGT
CP043493.1_gap9	199141	200039	898	GCCGCGTGGTTCTCGGCGGTGGGGTGCCAGTCCTCGCCGTACGGGTCGACCGCGAGGGGGGTGTGGGGGAAGTAGAGGACGTTGGTGTCCCCCAGCTCCTTGACCATCTCGGAGACGTACTCCTGCATCTTGGTCCAGTGCTCGCCGCCGGCCGGGTAGGTGTCATTGGCCATGGGGCCGACGGCGCAGACGATCTTCGCCGCGGGGTACTGCTTGCGCAGCTTCAGGACGAAGTTCGTGTAGGCCTTCTTGAAGGCCTCCTTGGGCGGAGCGCTCGGCGTGCCGCTCTCGTTGAGCACGTTGAAGTCGTTGTTGCCCAGGTTGATGACGATGAGGTCGGGGGGGAACAACTTCGTGTCGAAGCGCGGCTCCTCGCTGTCGGGGTAGATGCGCTCGTAGATGTCGGGGAACGCCTTGCCGTCCGGCGAGCCATCGATGTTGCGGTAGACGCCAGCGCCCAGCACGCAGGTGGTGATCACCTCGGCGTCGAACCTGCGGCCGAGCAGGGTTCCATACGCCTGGGAGACGTCCTCGTTCTTCGAGTGGTAGCCGGTGTTGGGCCCGGAGTAGTCGGGGCCGGCGGGGATGCGCGCCTCGTTGCCGTAGCCGCAGGTGATGGAATCACCGATGACCTCGATCTTCTTCGGGCGCCAGTTGGGGGGATCCACGAGGATGCCCTGTAGGCTGACGCCGAGGAACTGGATGCGGCCGGCGTGGGGCCCGGTGCGCTTGACGATCTCGATGGTGTGCTCGCCCTTCTTCAGGTCGCGCACGCCGGTCAGCAGCTCCGCGTCCTTCTTCAGCTCGACCTTGGCCTTTGTCTCACCGTCGACGATGATGTTGACCCAGTTGGTGTTCGACTCTCCGCCCCCGCCCAGGTCCTTGAAGGCCACGTCCA
CP043493.1_gap10	209075	211659	2584	TCAACTCCTTGGCGGCCTGCCATGCCCTTGTAGCTCAGCTGGAGGAGCGCCGGTTTCGTAAACCGGAGGCCGTCGGTTCGAACCCGACCCAGGGCTCTCGCAGTACCGAAGGTTGTGTTGCTGCCGTGGCCGAGAGGTGAGGCACCTGAGCGCCACTCAGGACGATGCGGGTTCGAGTCCCGCCGGCAGCTTCTGTTTTTGGGCTCGTAGTTCAGCGGGAGAATTCTCGGTTTGCACCCGAGAGACCCGGGTTCGAATCCCGGCGGGTCCACTCCTTTGTCTTTCGGGTTCCGTAGCTCAGCGGATGAGAGCACACGGTTGCGAACCGTGGGGTCGCAGGTTCGAGTCCTGCCGGAACCACTTCTTCTTTCTGCCTCTGTAGCTCAGTGGATGAGAGCGCACGGCTCCGAACCGTGAGGCCGCAGGTTCAATTCCTGCCAGAGGCACTCGATGTTTTCTGTCGTTGCAACATTTATTGCGGAGAGGGGCCGGACGCCCCACCGGGTCTCATACGCCTGAGCGACAGGGTTCAACTCCCTGCTCCGCAACTTCTCATCTCCTGCACGCCGAGCCAGCTGGAGACGGCGTCGGTTCCACACACCGATTTCGCTGGGTTCGATCCCCAGGGCGTGCACTTCAAGACGCGGGAGCCTCTGGAGGCTGCTGCGAGTGGGCTGCCAGCACCTCTTGAGTGCTGAGCACCTTGTCGATGTCCAGCAGCAGGACGAACTTGCGTCCCGCCTCCATGCGACCCATGCCCAGGAGGTAGTCCAGGTGCACCTTCGTTCCGAAGGAGGGCGGCGGCACCACATCCGCTGGCCCCAGCTCGATGACCTGGCCGATGGAGTCCGCGAGCAGCCCGAGCACGATGCGTTCGCCGTCCAGCTTCACCTCCACCACCACGATGCAGCTCCACCGAGTCAGTGTGGACGGGGGCGTGTCCAGCTTCACGGCCAGGTCCACCACCGGCACCACGCTGCCTCGCAGGTTGAACACCCCACGCACCCATCCGGGCGCGCCGGGAATGCGGGTGACGGAGGTGTACTCGATGATCTCCTTCACTTTCAGGATGCCGAGGGCGTACTCCTCCCCGGCGAAGAAGAAGCTCAGGTACTGCGTGGATGTCGCGGGAGTCAGCTCGCTCATGGTCGTCACCTAGAAGCGCTTGAACTCGCGATCCTCGTCCGGGAGCGCGGGAGGGAAGGCGTCTCGAGGGGCGGGTCTCTTCAGCCCGGGGCCACTCGCGGCGGCCTTCAACCCGTGCGCGGCGGACAGGGCCTGTGCGGGATGATTCCTGCCCGACGTGGCCTGCGGCAGCGGTGAGCGCGAGGAGCGCTCGCCTTCCTCCCTCATGCGGAAGAAGGACATGAGTTGGTTGAGCGCCTCCGCCTGGGAGGACAGCTCCTCGGCGGTGGAGGCCAGCTCTTCAGAGGCAGAGGCATTGCGCTGCGTCACCTGGTCCACATGCCCCATCGCCTTGTTCATCTGGGTGACGCCGCTGGCCTGCTCCACCGACGCTGACACCACCTCCTGCACCAGCTCCGTCGTCTTGTGGATGGAGGGCACCAACTCCTCCAGGAGGTGCCCCGAGCGCGTCGCCACCTTCACGCTGCTGGAGGCCAGCCCTGAAATCTCGCGCGCTGCCGTCTGGCTGCGCTCCGCCAGCTTGCGCACCTCCGTGGCCACCACTGCGAAGCCCTTGCCGTGCTCCCCCGCTCGCGCCGCTTCGATGGCCGCATTCAGAGCCAGCAGGTTTGTCTGGTAGGCGATCTCCTCGATGATGGAAATCTTCTGCGCGATAGAGCTCATCGCCTCCACCGTCTCCTTCACCGCCTTGCCGCTCTCCTGTGCGTCCCGAGCGCCTTGCACGGCCATCTGCTCCATCTGCCGGCTGTGGTCCCGGTTCTGGGTAATGCTGGCCGTCATCTGCTCCAGGCTGGAGGTGGTCTCCTCCACGCTGCTGGCCTGCTCGCTGGTGCCCTGGGAGAGGCTCTGCGAGGAGGCCGACACCTGGGCGGCGGCTGAGGCGAGCGCGCTGGAGCCCTCGCGGACTTCACCGATGATGTCGGCGAGCTTGTTCGCCATGCGCTGCATGGCCGCCAGCAGCCGGCCTGTCTCGTCCTGAGTCGACACTTCGATGCGCGCCGTGAGGTCTCCCTCGGCGATGCGGTCCGCCACCACCACCGCTCCGACCAGCGGCTGTGAAATAAGCCGAGCGAGGAAGACGCAGAGCACGAGGCCGGCGAGGAGGCCGCACACCATCACGCCGATAATCCACTGCTGCGCCGTCTCATGGGTCTTATCCGCGGCCTCTGACGCGCGCAGACCCGCCTTGAGGTTGATGTCCACCAACTCCGTCAGCTTGGCGCTGGCCTTGTCGAAGGTTTGCTGGGAGCGGCCTCGGAGGAAGTCGCGGGCTTCCTGGTTCTTGTTCTCCCGTGAGAGCGCGACGGCCTTGTCATGCTCATGGAGGTAGTCCTTCCAGAGCGTGGTGAACTCGTCGAACGCGCGGCGCTCTTCTGCGAGAGAGATGAGCGACTCGTACTTCTTGAGGTTGCGCTCGAACTTGTCGAGATGCTCGCGC
CP043493.1_gap11	212785	216950	4165	CGTTGTGGCCATGTTCGATGGAGTCCGCGCCTGCCGCGAGCGCGTTGCGGATGCCCTCGCTCGACATGGCGTGGACGGCGGCCTTGCGGCGGGCCTTGTGCGCCTCCTCGATAATGATTCGCAGCTCGTCGACGGTCAGCGTGGGGGTGTCCCAGTCCGCGTAGATTTTGAGCAGGTCCGCGCCTTGTCCCAGTTGCTCGCGCGCGGCGCGGCGGGCCTCCTCCTCGCCGCTGATGAACTGCGCGCCGGTGGGCAAGTCCTTCACGTCAGGCGAGGTGCCGAAGGGATGGTAGGCACCCACGGCGGCAATGCCCCGGGTCGCCACCAGCATGCGGGGTCCCTCGACCAATCGCTGTCGGATAGCATCGCGGAGGGCCACGTCGGCGAAGCCGCTGCCCTCGTTCTCCACGTCGCGCACGGTGGTGATGCCCGCGCGCAGCACGGCCCGAGCATTGGCCGCGCCCTCCAGTGCGCGGGTGGCCTGGGACTTGGTGAGCAGGGCCATCTCGTAGCTGTTCGGCCCCTGTGACTGACGTGCCATCAGGTGCGTATGGCAGTCGATGAGGCCCGGCAGCACCGTGGCCGTCCCCAGGTCCACCACCTCCGCGTCCTTTGGAATCTCGAGCCCGGGACCCACCTTCACGATGCGCTCGCCCTCGATGAGGATGACCGGCTGACTCACGTACTTGCCGCTCTTCACATCGAGCATTCGCGCGGCACGCACGGCCACCTGGCGGGGCGCAGCGGTGGGCGCGGAGGGCTGGGCCCTGGCCGAGGTGCCGATGAGGATGAATGCGAGCAGGAACAACGCACGGGTAAGCCGCTGCACGAATACCTCCGGTAGGGAACGTGGTGCAGCGTAGCTCACGACAAGTAAGAGCTCTTGGACAGAGTCCGAGAGCTCGTGGAGATTCCCTCTCCCTCTGGGAGAGGGCGAGGGTGAGGGTCTTCCCCCTGGACAACACGACTCTGTCCAAGAACTTCGTAGCCGAGTTGGAGGTTTCAGCGGGAGTGGTAGCGTCTGGCATCTGCTGTTGCCCAGAAAGGGGGGGAGTCATGTCGCGTCGTCACTTCCGCTGGAGTGCTGTCCTGCTGCTCATGTCTGCCTGTGCCACCGCGCCCAGACCTGCGTCCGGGGAGGGGTCCGGCAAGGCCGTCGCGCAGAACGTGCGCTCCGTGCCGGATACTCGGTCACACCGCTTCCTCTCGCCCTCGGAATTGATGAAGCGGATAGAGGCTTCTCCGGTTCAGTACCGCATCCATGAGCTCGAGACCCTGAAGGGCATTGCCCCCGAACAACTTGTGGACTTCGTCTGGCCCCATGGCCCCGAGCCTCTCGATTTTCCGAGGGTCGAGCTGGCCGCGGACGGCACGCGGGTCGTGGAGTCGGCGGAGTTCGATCCCCACGCGTTGGCGCTCATCTCTCAAGCCGAGCCGCACTACCGAGCCAAACGCTACGCGGAGGCGGAGAAGCTATATGTGCAGGCGCTCGCGAAGGAGCCGGACAACTACCTCGCGACACTCAATCTGGGAGACGTGGCGCTCTTCTCGGGTGACCCAAAGACGGCGCTCACGCGCTACGAGCAGGCCACCCGCATCAACCCCGACGACCATCGCAGCTACTTCTTCCGGGCCACGGCGCTCGGGCATCTGGGCCGGTTCGGCGAGGCACGCGACATGTATGCCTGGGCCCTCACGCTCCGTCCCGAGCATCCGTACGTGACGGAGGCCATCACCGCGAATGCCGACTCGCTGGGCGTCCAGCTACAACCCCGCGTGCTGCGGCCCCGAGCCCTCGCGCGTCAAGAGAGCGATGGGGTCTCCGTTCATGTGGACGCAGAGTCCGCCTGGTTCGTCTATGGGCTGTGCAAGGCGTTCTGGCTCGGAGAGGAAGGCCACCGAGAGGAAATGACGGGCGAGCGCACGTATCACCCCACCAACATCGAGGAGCTCGAGTGCCTGAGCCTGCTCGGTGCCGTCTACGAGCAGTTCCGCGAGGAAGGAAAGATGCGGGACCCGGCCCTGGATCGTTTCCTGAGCATCGTGGAGGCAGGCTACGGTTCGGAGCTCATCCTCTACGAGGTGCTCGCACGGCAGGCGCCACACGTGGCGCTCACCCTCGAGCCCAAGGACCGCGAGAAGCTGCACCAGTACGTGCTGCGCTACGTGATTCCGCTCGAGGCCGGGAGCGGCTCCGAGACTGTCTCCCGCTGAGCGGTGGGAGGAGGGTGTTCAACACCCGGGAGCGCCCGCTCGGCTCCCTGGCTCGTCCTTCGGGTCAGGGCGGCTTCAGCGGGCCGATTTGTCCTTGAATCGGAGCGCCACCACCTTCGGGCGAGAAGGAGGTCGCTTGCTCATGATGCGTCGAATCGCAGTCGCACTTGTCTCGTTCGTGCTCACCTCGCCTGTCTGGGCCCAGGACCAGGAGCACCAGCACTCCCCGCCCGCCACGGGAGGCTCGGGCACGCCCATGGACATGTCCAAGATGGGGCCGTGGAGCCGCAAGCCCACCAACGAAGCGAAGACCCGAAAGGAGATTGAAGCCTGGGTCAAGGAAGGCGATGCCCTCATGAAGCGGCGAGACTTCGAGGCAGAGCTCGCTCGGGCCGACTTCCCGGTCTACATGGCGACCGATGACAGCAAGGGCGTCCCGAGTGCCGAGACGTACGACCGTCAGAAATACGTGGAGATGATGAAGCCCATGTTCGAGCAGATGCCCACGGACATGCAGGTGAACCACAAGCTCGGCATCACCGTGCTATCCGACTCGCTCGTCAACTTCACGGATGACTACACGATGACCATGGGTGGCCAGAAGTACTCCGGCAGGAACGCCGGACTCCTCGTGAAGCGCGATGGCCAATGGAAGTGGAAGGCGTTCTTCGAGGCCGGCTGGGGCGACATGCCGCCCACCGCGGTCGGTGGCTCCGGAACGCAGGGAGAGCAGGAGAAGTCGAAGTAGGGCTTCTCCGGCGAGCGCAGTGGCCGGGCCATGGGAGCAGGGGGTGAACCTCAGCCCCGTGGCTCGGCCTTCTTGAAGCGCAGCTTCTTCATCTCCTCGAAGCGCGCTCGACTCCGCGGTGGGGTTGTCGCCACGAGCCCCTCAAGCATGCGCTTGGAGCTCTGGAAGATCTCCTCGACGGCGACCTCGAAGGCGTCGGCGTTCTGCTTCGACGGCTTGCGCGTGCCGGCGATCTTCCGGACGAACTGCAGCGCCGCCGCGCGGATGTCCTCGTCGGTGGCGGGCGGCTCGAAGTTGAACAGGGGTTTGATGCTTCGGCACATGCCTGGAGGTTAACCTTCCCGGCTCCAGGAGATCCACGCCTGGCTGCTCACCTGACGTCCGGGAGCCTCTCGAGCATCAGCATGGGCCCGCCTTTGTACGTGCCGCGTGCGAACTCGTGGAACCCGCATTTGTGCGCGACCTTGAGGGACGCCTCGTTCGGCGGGTCGATGATGCACACCACCCGCTCCGGACCGAACCGGCCTTCCGCCCACTTCAGCGCCGCGCGCACGGCCTCGGTGGCGAACCCCTTTCCGTGTGACCACGGCGACAGCACCCATCCCGCCTCCTTGGCATCCCCGAGTGACGGTTCGATGTCACGCCGGAAGTCCGCGAAGCCCACCTCGCCGACGAACCGGCCCGTGCTCTTCTCGCGCACCACCCAGAACCCGAACCCCATCAGGCTCCAGTGGCCCACGTAGCGCAGCAGACGGGCCCACACCTCCTCCCGGGTGGACGGCTTGCCACCGATATACCGGGTGACCTCCGGGTTGCTCCACAGCGCGAAGGTGTCCTCGAAGTCCTCGAGTCGATGGCCGCGCAGCGTGAGTCGCTCGGTGTCGATGGCGGGGATGATGTCGGGCATGGGCTCTCTCCTGTGCGGTTCACGGCCACTGTAGATGACGCACAGGAGAGATGGGGGACTCTGTGGGACGTGCCCGGGCGTTTAGCGCTCATCGCGATCGCGATAGTTCACCGGCACGAACGTGTAACCCCGTTCCTCCTCGCGGATGTGGCCAATCCCCGGGTAGGGCAGATGCGGCGCTGCGACCAGGGAGCGGTGGCTCGCCGCCATGGCGAACTGCGTCTCCCGCTGAGCCGCGGCGTCCCTGGGGCTGACGTCGTAAACAATCGTGATCGCCGTCTTCGGGAACTGCACGG
CP043493.1_gap12	218909	223157	4248	ATTCAAGGGAGACATCATGCTGAAGAGAGTGACCCAGCTGCTTTCCTGTTCCGCGCTGCTCATGTCCGGGTGCATGCCCATGGAGGGAGAGGACTCTCTGGATGAGAGGGCCCTGCCCAGGGTGGAAGGCGCGGCGTGCACCATTCCGAGCTTTCCCAAGGGAACCACCTGGATTTGGGACCTCGAGAACAGCTCCATCCCCACGACGCTCAACGCCCAGGTCTACGTCGTGGACCTCTTCGGGACCACGAGCGCGAAGATTCAGGAGTACAAGAACGCTGGCAAGAAGGTGGTCTGCTACTTCAGCGCTGGCTCCTTCGAGAACTGGCGGGAGGATGCCGACGACTTCCCGAGCGACACCTATTGCAGCCCCGGCGAGGACTGCAACGAGTCCATCCACATCATGGGCGACTGGTGCGAGAGCGGCGGGGGCTGCGAGTGGTGGTTGGATCACCGCAAGCCGGCGGTGCGGACCGTGATGGAGGCGCGCCTGCAACTGGCGCGTGACAAGGGGTGCGACGCGGTCGAGCCGGACAACATCGATGGCTACGCGTACAACGACGAAATCTCGTGCACGGATCAGGCCTGCTGGGGCCTCACGGCTGCGGACCAGCTCGCCTACAACCGCTGGCTCGCGGATACGGCCCATGCCAAGTGTCTGGGCATCGCGCTGAAGAATGACGTTGAGCAGGTTCCCCAGCTCGCCTCGTCCTTCGACTTCGCCATCAACGAGGAGTGCCAGAGGTACAAGGAGTGTGGGGTCTACAAGACCTGGTTCGCGAACCAGAACAAGGCGGTCTTCAACGCCGAGTACCGCGTGGACGCGGGCGGCGACACCATGAGCTGGACGTCGTGCACGGGGACGCAGTCGACCTGCGCCTGCGGAGAGCGTGACTTCGCTCAGGGCGACATGCGGACCCTGGTCTTCAAGACCTCGAACGTCCGCTACAACAACGTGGCCATCACCTGCGGGTAGTCCGGAGCGCGCCCGGTGGAGACACCGGGCGCGCTTGACCTCAGGTGACCGAGTAGATGATGTAGGCGGCCGTACCGCTGTAGCTTGTGTTGCTCCAGCAGCCGACACGGATGTGAGGTGGGTATTGCCTTCTACAGTTCTGAGCCGCCAATGGGTCCTGGCCCGCTACATCCGTGAGCTGCCCCAGGAGGAGGACTTCCGCCTGGAGACCGTTCAGCTTCCGCCCCCGGGTGAGGGCGAGCTGCGGGTGAGGACGTTGTATGCGTCGGTGGATCCAGGAGCCCTCTCGCGCTTGGGCGGAGTGGCCTCGTACGCGCCGCCGCTTGGGCTCGGGGAGCCCATGACGGGCGCGGCGGTGGGCGAGGTGCTCGAGTCGCGTCACGAGGGCTTCGCCCCGGGAGACAGGGTGGTGGGGGCGTGGGGCTGGCGCGAGCACGCCGTGGTGGGGGCGCGCACGGTGCGCAAGGTGGAGGCGGGGGCCTGGCCGGTCTCCGCGGAGCTGGGAGTGTTCGGCATCCCAGGGCTGACGGCCTGGTTCGGCATCCTGGAGCTGGGCAGGCCTCGCGCGGGGGAGACGGTGCTGGTGTCCTCGGCGGCGGGAGCAGTGGGTTCCCTCTCCGGACAGCTCGCGAAGCGGCAGGGCGCGCGCGTGGTGGGAATCGCGGGGGGGCCGGTCAAGTGCCGCTGGTTGTTGGACGAGCTGGGCTTCGACGCGGCCATCGACTACCGGGCCGAGCCGGACCTGGAGGCGGCGATCCGCCGGGCGTGTCCCGGGGGCGTGGGGGTCTTCCTGGACAACGTGGGCGGGGCCGTCCTGGACGCGGCGCTGCCGTGCATGGCGATGCGGGGGCGGGTGGTGGTGTCGGGCCTGGTGGCCGATTACGGCGTGCCACCCGAGCGGCGCGCGGGGGTGAAGAACACGCCCTTCTTCATCACCCACCGGCTAAGGATGGAGGGCTTCGTGGTGTACGACTACGCCGAGCGCTTCGCGGAGGCGCGCGCGGAGCTGCGGCGAGGGGTGAGTGACGGAACGCTGCGCTACCGCGAGCACGTGGAAGAGGGATTGGAGGCCGCGCCGCGCCTCTTCGCGGGCCTCTTCCATGGGACGAACTTCGGACGCGCGCTGGTGCGGGTGGGCCAGGAGTAGGCCCTGCGCCTGTGCGGGCACGGCCACTTCGAGCCGTGCCCGGCCTCAAGGGGTGGCGCGCCCGCCAATCTCGGGGAAGCGTTCGTAGGCCCGCTTCAGCGCGTCCAGGTGCGCGGGGTTGTCCAGGTCGAGCGGAGCCTCGGTGAGCCGGACAACCCACCCGCCCGTCGCGGTACTCCATGAGCGCGAAAGCAGCTCCGCGTCGCGGGCGGGATCCGGAAAGCCGATGGCCCGTGCGGAAGCTTCCGACCAGTAGTTCAGCCACCCGAGACAATGTGGAATCTCAGGCGCGGGGATGGCGTTTGGGAGCTTGAGCGCTGGCAACCCCCGTGGTGGCTTTGGTGGCCCATACATCTTCGGCCCCATCTGCTCCGCAATGACAAGCATCACGTTTCCCGGCGTTATATGTCCCCACAAAGCCTGTGCACCCTCTGCCACACCTGCCAATACACCCCCCGCGGCGGCGATAGCGGCTTCCTCCAGCGGCAACATCGCATGGATTTGCAGCTGCGGCTGGGCGCCCGGATAACGGCCCGCCGGGATTTCCCATCCGCCTAGCGTCACGACATGGTTGTCATCGTCATTACAGAGGAACGGGAAGTCCCCATCTGTTCTCTCTCTTTTGACCCACTCATCTCGTTGGGGCAAAGAGACGAGTCCCTCTTCCTTGGACATCGTCCATCCCAGGTGCAAACCAGGGAAAGCTCGTTCCATTCCATGAACGATGGCGAGTCTGCGCTCATCATGATTCATGAGCGAAGGCGCGTAGACATTGAGGGTGAGGGAATTCTCTGTGTCTGACATTTCAACACCAATTCATGACTGCTACATCAAGGCTGGGGTCTGCTCGGAACAGAGCTGCTTTGTGTGCTTCGCTACGAACGCCGACGACAAATTTGAAGCCACATTCCTCGGCAAGCCTCCGTTCTCGCTGTATCTCCGGCAACTTCATTTCGACGAAGAACTGCTGCGAGCGAGGCGGTTGCTTCTCAAAGTCATCCGTTTTGACCTCCCAGAGCGTGCGCGTGGCCAGTTGCAGCGCGTCGAAGTTCTTCCCATTCACGTACACATCCCCACCAGGGAAGGTGTTGCCCGGCATCTTGTCGGCGCATTCGTTGTGCGGGTCATGCCCGCCACGGTGGCGCGGCAAGGGGATGGGCTTGCATCGCGGGTCGTCTTCTTCCTGGGAGAGGGTGGTCGCGGGCAGCTTTCGCGGTGACGGCTCCCGGGCCGGTGCTTTCGTCGCACGAGGCTGGGCCTCAAGTTCCACCATGAGTTGCCGCGAGGACTCCGAGACGTCCCGCAGCCGTGCCTCAAACTCCCGTTGAGCGTCGACCCAGGGCGGGCGGCTGTCAGACTCCGGCCCGGCGGTGCTGGAGGGCCAGAGCAGGACGAGGGCCACGAGCACCGGGCCCACCCTGGAGAGCGCTAAAGGGGCCTCGCTTGCGCGTCCAGCCTGGGCGAGGCCCTCGGCTCCCCTCACCACCTTAGAGGCTTGCCCGCTCGTCCTCGCGGCGCGGGAGAAGCGCTCGAAGGCCCGTTCCGCTGCGGTGAGCTTGCGGTCCAACTGTTCCCATTGACGCGGTTCGATGTCTTTGCGCGCCCGAGACAGCAGTGCCCTGGCCTTGTCCAGGTCCGCCTTTCCAATCCACGACCGAGCCGGTGCCGGCTCCATCGGCGCGGAAACGAGCCGGATACGTGGGCCCGAAGTGGAAGTCGACGCGAAGGCGTGGGGCTGTGGCATCGACTGCGGGGCGGGCGCGCTAGCGCAGGCGGTGAGCAGCACCAGGAGTGCGCTCCAAGTTCGCAAGCGCATCGTCACGTCCTTTCATCAAGCGAGGGGCAGGCTCGCTACTAGAGGTGGTCGGCGAGCGCCCCAACTCGCCCATGCTGTCCTCACAGTATGGCGGTGGTCTCTTGTCACGCTCCGGCATGGCTTCTCACTCCAGCTTCGGCTCCGAGGAGGGAGTCCACGCCTGCCGGACTTCGGGAAGGGGAGCCGTGGAGCCCACCTTACGCCACTCCTCAAGCACTGAGGGAATACCACTGTCCAATTGGCTTAGGGTTTTCTGCGAGCGCGAATGACCAGCGCCTGGTATGGCCGCAATTGCAACTCCTGCGCGAG
CP043493.1_gap13	225138	227330	2192	CGCGGCAACCTTGGCGGCAAGCGTGCTCACCGCATGCGAGGATGACGACAAGGTCACCCACTGGTACGGAAGCTGGAGCGCTTCGCCGCAGGACCACAACGAGCCGTTCCCGGTCCCTCCACCGCCCAGCTTCTTCAACAACCAGACGATCCGACAAGTCCTGCGGACCTCGATCGGTGGCGATCAAGTCCGCGTACGCTTCACCAACCTGTTCGGTACGAGCCCGCTCAAGATCGATGGGGCACGCATTGCGCTCAGCGCGGGCGGCTCCAGCATCCAACCGGCCTCGGACACCGAGCTGCGTTTCAACGGGAACGCTTCCGTGACGATTCCGGCGGGTGGCGAGCTGTGGAGTGATGCCGCGGAGCTGAAGGTGGGGGCAGGGGAGGAACTGGCGGTGAGCCTGTTTCTTGCCTCTGAAACCGCCGTGTCCACGGTGCACGCGTATGCCCTGCAGACCCACTACGTGGTCGCAGGCAATGCCCTGTCCACCGAAACCCTCTCGGGTGCTGAAACACGCAGCTCGTACTACTTCATCTCGGGCGCTGATGTGCGGAGCAGCGCCAGGGCCAACGTGGTGGTGGCCTTCGGTGATTCCATCACGGATGGGGTGGGCACTACCCCGGACACCGCTCGCCGGTGGCCCGACTACCTGTCGCGTCGCCTGCAACCGGATGGGAGTGCGGGCACCGTCAGCGTCTTGAATGCGGGCATTTCAGGCGGCCGGATACTCAACGACGGTTTGGGGCCCAGTGGCGTCACCCGCTTCGAGCGAGACGTGCTGGGCCTGACCGGCGTCACCCATGTGATCTTCCTGCTGGGCATCAATGACATTGGCGCGGGGGCCTTCATTCCGGAGCAGGCCGTGACGGTCGAGCAGATGACCGCGGGCACGCAGTCACTGATCGACAAGGCCAAGGCCAGGGGGATCAAGGTGCTGCTGGGGACGCTGCTGCCCTGGAAGGGGGCAGATGCCGGCGGTGTGCCCTATTACTCGGAGGAGGGTGAAGCCAAGCGTCAGGCCTTCAATGCCTGGGTACGCGCCAACACGACAGTCGATGGTGTGGTTGACTTCGACCTGGCCTTGCGCGATCCAGCCAATCCCCTGGCCCTGTTGCCAGCCTATGATAGCGGCGACCACCTGCACCCGAGTGACGAGGGCGCCGAGGCCATAGCGAATGCGGTGGATATCCGCCTGCTCAAAGTGCAGCCCTGACAGCCTTTGACAGCTGGTTCGCAGGGAGGCGCTCGCCGCAGAGGTGCTCCCCAGGGCGGGGACTACCACCCCGGGGAGAGCAGCTCGGACGTTTCGATCGCTGACCCCGTGACTCAGGGCTGGATGCGGCCCATGCGTCCGCTCTGGTAGTCCTCGAACGCCTGGATGATCTCCGTCTGGGTGTTCATCACGAAGGGCCCATAGCGCACCATGGGCTCTCGCAGCGGGACTCCGGACAGGAGCAGGAGCTGGAGCGGCGCAGTCCCCGTGTTTGCCAGCACCACCGAGTCCGCGTCATTGGCGAACAGCACCGCTTGCCCGTCCGCCGCGGGCGTGGCCTCGGGGCCAAAGGTCCCCTCGCCCTCGAAGACATAGGCGAAGGCATTGTGGTCCCGGGGCACCGGCTGCTCAATGCGGCCTCCCGGCTCGAGCGTGAAGTGCAGGTATTGGATGGGCGTGCGCGTGTCGATGACCGCGCGTACGCCGAGCGACTCGCCCGCGATGACCTTCACCCGGACCCGGCCATCCGGCGTCGAGGCCACCGGGATGCACCCGGCCGGAATCTCCTGGTAGCGTGGCGCCATCATCTTGTCGCGCCGGGGCAGGTTCACCCAGACCTGGAAGCCATGCATGCGCCCGCCCTTCTCGGCGAACTCGCGCGCCGGCATCTCCGAGTGCACCACCCCCGCTCCCGCCGTCATCCACTGCACGTCCCCCGGACCCAGCTCTCCCGCGTGGCCCGCCGAGTCCCGGTGCTGATGCCGCCCCTCCAGGATGTAGCTCACCGTCTCGAACCCCCGGTGGGGATGGTCCGGCGCGCCCTTCGCCTCCCCGGGCGGCAGCTCCACCGGCCCCATCTCATCCAGCAGGAGGAATGGGTCGAACTGCATGAAGCCCGGAATGGGGAAGGGTCGGCGCACCAGGAAGCCCTCGCCCTCCAGCGTCTGCACTGCCTGCACTACCTTCACGACGGAAC
CP043493.1_gap14	265472	266516	1044	GGGGGATGTTGTAGACGCCCGAGGGCGAGGAGGACTGCGAGGAGGGGGCCGCCTGGGAGGAGCTCTGCCTGCACGACCCCAGGAGGGACACTCCCAAGAGGGGCACGCCCAGGCACACGCCAGCCAGCAGGGCCGTCCGAGCCCTCCTGCCGCGCCACAGTGCGCCGCTCCCGACAGCCCGGCGCATCACTCTCCGTCCACGTCCTTGCGTGGGATGATGCGCGCGGGAATGCCCACGGCCACGCTGTCAGGGGGCACGTCCTTGATCACCACCGCGTTGGCGCCGATGCGTGAGCGGGCGCCAACGGTGATGGGGCCGAGGATGCGCGCGCCGGCGCCCACCCACACGTCATCCTCGATGACGGGGTAGCCGTCGTCCCGGGCGGTGCCCACGGTGTTGTTGCCGTAGAAGCGCACGCGGTTACCAACCTTCGCGTCGCCGCCCACCACGGTGCCCAGGCTGTGGACGAAGTAGACGCCGCTGCCCAGCTCCACGTCCTTGCCAATCTCCACGCCGAGCACCGCCGTCTGGGCCACGCGCAGCGCGTGGTTGCCGAGCGGAATGCCCAGCCCGCGCGCCGCCTCGCGCAGCCGCTGCAGCGCCAGCACCCGGTAGCCGTCCGAGGTGAGCACCATGGCGGCCACGGCCTTCAAGCCAGGCTGGCCATACTCGGAGCGCGCCACCTGCACCGCGTCCTCCTTCAGCGCCTTCGCCAGCTTCAGCACCTGGCCGGGCTTGCCGCCGGTGAGGGCGAAGCGGGCCACGTGCCGGGCCGCCTTCGGCAGCGAGCCCGCCTCAGCGCGCGCCCCGCGCAGGTACTCCATGACGTAGGCCACCGAGGTGCCCGCGAAGGCCGCCTTCGTCAGGCCCGCCTTGTCCGCCAGCTTCGCCGCGCCCATCACCGCCTCCGTCAGCGGACGGGTCGCCTCGGGCGCCACCACCGTGGCGGCCAGCAGCGGCCGGGCCAGCGGGTTCATCACGAAGAGGAAGCGCCAGGGGTCCACCTGCGGCACGTCCGGGTGCAGGGCCGCCACGCGCGAGTC
CP043493.1_gap15	269250	273915	4665	GCCGGGCACGGTGAAGAGCAGCTTGCCGGGGAAGTACAGCGGCGACTGCCACTCGCCCTCGTAGGGGACCTCGGGGACGAGGTCCACCGTGACGGCCGCGGCGAAGACCGCCAGCGTCAACGTGCGCAGCGGCTGCCGGCACACCCACCACAGGAAGACGGCGCCCCCCACCGGGAGGATCGCGAGCGCCGGGGCGAAGATGATGAGCCCCACCGTTGCCAGCACCACCAGGGCCAGCAGCGACATGAAGACGGGCGTACGCGACAGGAAGGCCTGAATCATCGTCCGGGACGGGCGCTCCTACGCCAGCAACTCAGGGCTTGTGGGTTTCGCGCGCGGTGCGCACCCACTCGCCCTTCTTCTCCTCGGGGCGGCTCATCATGAGCCAGATCTTCCACGCCACATAGAAAGGTGCCCGTGCCAGGGCCATCAGCCCACCCAGTCCCATACCGGACACCCACCAGCCGCGCATCACATAGAGCACGAGCGCCAGCACGCTCGCTGCCCCCAGGTACGCGGACAGCGCCAGGTGCCCCTGCCACAGCGACAGCGCCACCGCGGCCAGCGTCACCCCGCCCGCGCCCAGCACCACCCAACTCAGCGGCGGCACCAGCAGGTCCATGGCCAGGTCCACCAGCACCTTGTCGCCCTTGCGCAGGCCCTCGGCGAGCAGCGGCACGCCGAACTTGCGCATCATCGCCATGCGCCCCCCCTCCCAGCGGCGGCGCTGCGAGCGCGAGGCCTTCTCGCTGGACACCATCTCGCCCAGCGCCTCGGCCTCCCACGCGTAGTGCACGCGGTAGCCGGCCTGTCCCAGGCGGATGCCGTACTCCAGGTCCTCCACGATGGAGAAGGAGTCGTGCGGCACCTGGCGGATGAGCGCGTGGGTGAAGCACATGCCGTTTCCGCGCAGGCCACACGAGACGCCCAGCCGCTCACGGCCCAGCGAGCGCACCTTGTGGAAGAGCGCCATGGAGACGGCCATCAGCTTCGTGCGCCACGAGGCATTCGGGTTGAGCACGCCGTAGTGTGCCTGCACCGCGTGGGCGCCCGCCTCCAGCCGCAGCGCGAAGGCGTGCAGCAGGTTGGACGTCACCTCCGTATCCGCGTCCACCACCACCACCGCGTCGGCGAAGCCGTCCGCCAGGCTCCACTCGAAGGCGTACTGCAGGGCGTACCCCTTGCCGCGCAGCTCCTTGTTGTTGCGCACCAGCACGGTGGCCCCGGCCTCGCGTGCCCGGTCCGCCGTGCTGTCCGAGCAGTTGTCCGCCACCACGACGATGCGCCGCAGCTCCACGGGCCAGTCCACCCGCGAGAGGTTGGTCACCGTGCGGGCGATGCCCGTTTCCTCGTTGTGGGCCGGGATGATGACGTCGAACTTGAGCCGTGGTGCCACCTGCGGCGGTGCCGCCTTCTGCCCCGACAAGAGCGTGAGCAGCAGCAGGTACCCCGCGGCGACGAGCACCGGCAGGGCCAGGAGGATGAGCAACAGGTCGAGCAGCATCACGGCTTGGGACTCCTGGGGTGTCGCGGGGGGCTCCGCGCTACTGCGATTGCGTCTCCAACTGAGGCGGCGTCTCCAGCTCCGCCAGCACGGGCAGCCCCAGGCCCCGCTTGACCTGCCAGGCCTGCAGGAACCGGCCGCTGAGCACGTCGCGCGCGAGCGCCGCGAAGACGCCCAGGATGAGGCCCGCCACGATGCCGCCGATGGCGATCACCTTCGCGTTGGGCTTCACCGGACTGCGGGGGAACTCGGCCGGGGTGAGCAGGGTGTAGCGGTACTTGAAGGAGGCCTGGGAGATGTCGCGCTCCAGCTTCGCCGCGTCGATGCGCTTGCGCAGCTGCTGCATGATGATGGTCCTCGAGCGCACCTCGTCCAGGGACACCGCCGCCTTGGGGTTCTCCGACACCGCCGGGAGGATGCCCATCAGCACGCGCTCCAGGCCGTACGGGTCCGGCATCGGCTCGTCGGGGAAGGGCACGGACTGGCCGCCGAAGCGCTCGTACTCCCTGTTCAGCTCCTTCTCCTCGCCCTGCAGCACCCGCGTCTGCGGCGAGCCCTGCGCCCGCAGTCCCGCGATGCGCTGCTGCAGCTCGATGATGGCCGGGTGGTTCTCCCCGTACACCTTGCGCTGCGCCACCAGCTCCGCGTTCAGCTGCTCCAGGCGCCGGTTGTGCTGATCCTCGGAGTCCGAGATGGCGCGCCGCTTGGCACGGATGAGGAAGCGCAGCTGCGCCAGGTGCTGGTCCGTGTTGAATCCGCCCACCCGCGGGTCACCCACCGCGCGCCGGCGTTCAATCATGATCTGCTCGAAGATCTTCTCGAAGTCCACGAAGGCCTTCTTGTAGTTCTCCGAGGCGAGCTGCTCGTGCTGCTCGAGGATGGTGAGCGCGTCGTTGATGCTGGCGAGGTCTTCCTTCTGGCGCGCCTCGAGGAAGCTCTGCTGCGCGGCATCCACCAGCTCGTAGGCCAGCTGCGGATCAGGCCAGATGACGCTCACGACCACCTTGCCGTCATCGGTGTTCACGCTGAGTGCCTTCTCCAGCATGCCCACCATGGCGTCCAGCTTGATGTCCTCGGTGGGGCGCCCGGAGATGAGGTGCATCACCTGATCCTTCAAGCGCAGCAGCGGGGCGCGCGTGGCGTCCCAGCGGTCCAGCAGGTTCACCCGCTTGATGAGGGCCACCAGGTTCTCGCGCCGCATCACCGACTGGGCCGCCGTGCGCGTCACCGAGTCCACCTCGCCGGGCGGGCGCAGCGGGTTGGGGGGATCCGGATCCAACGCGGCGATGCGGTCCGGGTTGACCAGCGCGGCGATGGTGGAGGCGCGCTTGGGCAGCAGCGTGGCCTCCGCGTAGTAGCTGCGCGGCAGGAACTTGGCGAGCGCCAGTCCCAGCGCCGCCGTCACCACGAAGGTGCCCAGCGCCAGCAGCTTGTGGCGCAGGAGCGCGTTCTTCAGGTAGCCGGCGTAGTCGCGCAGGGCCTCCCAGTCGAAGATGTTCGCCTGCGCCCGCTCGACCTCGGGCAGTTCGTCACGGGACGGAGCCATGAGCTAGGCCTCCTTCCGAGGACGTGCCGCCATCACCCGCTCCACCTGCTGGCGGAGCTCCTCGGGGGTGAATGGCTTGATGAGATAACCGCTCGCGCCCGCCTCCTCGGCCTGCGCCCGGTCCATGGTCTGCGTGCGCGCGGAGATCATCAGCACCGGCACGTCCCGGAGGGACTCCGTGGCGCGGATGTGCTCGCACACCTCGTAGCCGGAGATGTCCGGCAGCGTGAGGTCCAGGCACACGAGATCCGGTGACTGTTGCTGCAGGCGCTCCAGGGCCGCCTGACCGCTGGAGGCCTCCTGGATGGTCGTGAAGCCCAGCGCTTGGAGCATGTCACTCAGCATCCTGCGGAACATGGGCGAGTCCTCGACGACGAGGACGGTTCCCTGTTGCTGCGCCATAAAATCTCTCAGGCCTTTTCTCAGTCTTCCATCGACGTCCAGACCACCAGGACGAGGAAGGCATAGAGGAAGTTGTATGCCACGAACATCGCCACCGCCCGTTTTACGCCTCGGACCGCGTTGCGCTCTCGCGCCGCCAGGATGGGCAACACGATCGCGGCGTACAGTACCGACATCAGGATGAACTTCTTCATGGCCTGGTACGCCTAAAGCCTACCACGATCATACCGCACCACCAATCCGACGCTTGTGTACCACTGGACGACAGGTTGGGTGCCAACGACCGCGTGATTGATCCAGGAGAATGTGCCCTTCCCCTGCAAGAAGAGGTAGCGAGAGAGCGGCAGCGGGTAGAGCGCCTCGACTTCCATCTTGGTCTCCTCGTCGTCGCGGTGGATGCCCGAAGTGAGCGGACGGGCGTAACGGAGCTTTCCGAGAATCTTGGCCTCACGTCGGCCCTTCCACTCGAGGTCTAGACCGACATCGGCCCGAGGGATGAGTTGTGTCGAGAGCGGATCCATGTAGGGCACGTAACGCGCGCGGACTTTGGCCTTCACCGGCCAGTGGTGACCGATCGGGACTGGCGCGTTGAGCGTGGTTTCCAGGGTCGGCATGACCCGATTTTCCGGCAACTCGTCCGGTCGTCTGGGGTAAACCCTACCCAGGGCGATGCCGGGCTCGACGGTCAGGTCCACCAGGGGGGAGAACTGGTGCAGGAGGCCCGGTGCGAACTGGAGGTAGGCGTCGCGGTTGCCGGTGGAGAAGGACACGTCCTTGCCGTACACCGAGAACGAGAGGTAGTCGCGACGCGTGGCGCCGTAGATGGTTTGGAAGCGCAGCTCGGGGTAGCGCTGCTGGGGATAGGCCGCGCTGCCGCGCGGCAGCGGGCGCGGCGGTGGATCCAACAGACCGTTGACGATCCAACCGAGCGTCCCGACGATGGTCAGGCGCTTGATACCGAGCGACGTCAGGAAGCCCGCTGCGGTCTCCGTGTAGATGTAGGCGCTGCCCGAGCTGAGCGAATTGGAGTTGGTGGTCGGCCGATTCACGGGGAGGCCGATCTCTCCCGCACCGCCGTAGGCCTCGAAGGGGAACTTGCCCAGGGTGGTGGTGTGGACAGCCAGCAGGGTGAGGTCGCGGCGGATCTTGTAGTCGGTACGGGTGTAGACGGACTGCTGGAACTCGAGTGCGCGGTTCGACTTGGTCACCTGAC
CP043493.1_gap16	317208	320570	3362	GTGCCGCGGCGCTGGTGGGCTTCGCCTTCTTCCTCATGGAGATGGTGTGGTACCGGATGTTGGGGCCCCTGCTGGGCGGCTCCACCTTCACCTTTGGCCTCATCCTGATGGTGGCGCTGGCGGGCATTGGCCTGGGCGGTGCGGCCTACGCGGCGTGGGGCGAGAAGCGTCCGGCCACCCTGCGCGGCTTCGCGCTCACGTGCCTCCTGGAGGCGCTGCTGCTCGCCGTGCCCCTGGCGCTGGGGGACAAGGTGGCGTTGCTGACGCTGCTGGCGCGGCCCCTGTCCGTCTTCGGCTTCGGGGGCATGGTGCTGAGCTGGTCGCTCATCGCCGCGCTGGTGGTGCTGCCGGCTGCGTTCGTCTCCGGCGTGCAGTTCCCCCTGTTGCTGGCGCTGCTCGGGCGTGGGGGCCAGGACGTGGGCCGCCAGGTGGGCCAGGCCTATGCGTGGAACACGGTGGGCTCCATCGTGGGCTCTCTGGCGGGAGGCTTCGGGCTGTTGCCGCTGCTCACCGCGCCCGGCGTGTGGCGACTGGTCGGCGCGGTGTTGGTGGGGTTGGGCGTGGTCGCGCTGCTGCTGTCGGCACGCCAAGCGCGTCCCTCCCTGGGCGGGATGCTGGCTCCCGTGAGCGCGGCCGTGGTGGCCGTCCTGCTGCTCGGGGCGGTGGGGCCCACGGCCGCCTGGCGCCACAACCCCATCGGCGCCGGACGCAGCCAGGCCCCCTCCAGCACCAATGACATGCGCGACTGGTTCCTCGACGCACGACGCTGGCTGTTGTGGGAGGTGGACGGCGTGGAGAGCTCCGTGGGGCTCATCGGCGGCCATGGCCTGTCGTTCTTCGTCAACGGCAAGTCGGACGGCAACAGCCTGGCGGATGCGGGCACGCAAATCATGGGCGGGCTCATCGGTGCGCTCGTGCACCCGCGGCCGCACAGCTCGCTCGTCATCGGTCTGGGCACGGGCAGCACCGCTGGGTGGCTCGCGGCCGTGCCGGAGATGGAGCGGGTGGACGTGGTGGAAATCGAGCCCGCCATCCTGGAGGTGGCGCGTCAGTGCGCGGACGTCAATGAGCGGGTGCTCGACAACCCGAAGGTGCACGTCCACCTCGACGATGCCCGCGAGGTGTTGCTCGCCTCCAAGGCCTCCTACGACATCATCTTCTCCGAGCCCTCCAATCCCTATCGGGCCGGCATCTCCAGCCTCTTCTCCCGCGAGTTCTACCACGCGGTGAAGCAGCGCCTGGCGCCCGGGGGTGTCTTCCTCCAGTGGCTGCAGACGTACGAGGTGGACGCGCGCACGGTGCGCAGCGTCTATGCCACGCTGGCCACCGAGTTCGGCGCGGTGGAGACGTGGCGGACGCAGGGCGGGGACTACATCCTCGTGGCGACCGAGGCACCGCTGCGGCACGACCTGGAGCGGATGCGGGCACGGGTGGCGCAGGAGCCCTACCGGAGAGCCCTGGCTGCCGCCTGGTCAACGAGCGAGCTGGAAGGAGTCCTCACGCACTACGTCGGTGGCCCCGTCTTGGGCAAGGCGTTGGCCGAGGGTCAGGAGGAGCTCGTCAATACGGATGACCTGTCCTATCTGGAGTTCGCCTTCGCCCGCAGCGTGGGGCGCACGAAGAGGGGCTTCTCCCTCGCCGAGATGCAGCGCGCCGGAGTGGACTTGAAGGCGGACCGCCCAGAGGTGGAGCGCGGCGAGGCGGACTGGTGGCGGGTGGAGCAGCTGCGGGCGCTCTCGCTCCAGCCCACCTTCCGTCGCCCGGACAGCCGGGAGGCCGAGCTCTCCCTGCGGCAGCGAGCCGCCTTCGCGAAGGCCTACTCCCGGAACGTTGAGGACGCCGCGCGTGTGTGGCGCGAGGGGGGATGGCAGCCCCGGGGCCTGCTCGAGTCGCGCATGGTGGCGCATGCGCTGGCGGAGACGGGCGACGAGGCGGCCAGGCCGTTCATCGAGCAGCTCCGGGATACGTCGCCCTTCGATGCCGAGGCCCTGCTGGCGCGTCTGCGGTTGAAGCAGGCGAAGTATGCCGAGGCGACGGAGGTGCTCGAGCGGGCCTTTGCCCTCCTCCACACCACGCCGTGGACCCACCAGCCGCTGCTCGAGAGCGCGATGCAGATGAGCTTGGAGATCGCCCGGAAGGACGCGGCGCTGGGGCAGCGCCTCTACGCCGCGCTGGCCAGGCCCTTCTCCAACCGGGCGGGGGATAGCCGGCGCATGGACATCCGGTTGCAACTCGCCGAGCGGCTCGACTCCCCTCGGCTGTGCGCCGAGGCGTTCGCGCCCTACGAGCCCCACCCCAACTGGAACCGTTCCTTCCTGGAAGCGCGCGCCCGCTGCTATGTCACCAACCGCCACCCGCTGGCGGACCAGGCGCTGGCGGACCTCTCGGAGTTCCTGGAGGCGGAGCCGCCGCCGCTGTGGGACGCGCCTTCGGGCGCCCGGGGCCCGTCTCCGGAGCCGCATCCGGAGCCGCATCCGGAGCCCTCCCCGGAGGAGGCGCCGTCTGTCTCGGCTGGGGGGGAGCCGTGAGCCCACGATTCCCTCCCACTCCCCAGGTCATCGCGCTAGGGTGACGCTGCATGTCGGACACACCGCTGATTTTCAATCACTCGCTCCAGGGGCTGCTGTCGCGCGCGTTTCCGGAGGGGGTCCCCGCCGAGCTGAAGGCGAAGCTGCTCACGGTGGGGGTGGACCTGAGTAAGCCGCTGCTGCCCGCCTATCCGGTGCACACGTGGGCGCGCTGCATTGAGTTCAGCGCCCCGTTTGCCTTCCCGCATGAGCGCCGCGAGGTGGCCTGGCGCATGCTGGGCGAGCGGATGATTGATGGCTACCAGGACTCGATGATCGGCGGCGCCATGTTCTCCATGCTGCGCATCCTCGGACCACGGCGGATGCTGCAGCGCGCCCAGAAGAACTTCCGGACGGGCAACAACTACTCGGAGGTGCGCGCCACGGACGTCTCGCCCACGGCGATGGACCTGTGGTTCAACGAGACGGACGATGTGCTGCGTCACTTCACCGCGGGCCTGGTGCTCGCGGGCATGCGCGCTGGCGGCGCGGAGGAGCCCCAGGTGGAGCTCCTCCAGACCGACCCGAAGGGCGTGACGTTTCGCGCCTCCTGGAAGCCCAAGCCCTGAGCCGCCCGCCAGCGCGCCCGGGCCTCACGGTCCAGGGCGTCCGCCGTACATCGTCTCGGCGCGGTGGAACATCACCCACGAGGTGATGATGTACTTGTCACCCGAGCGCGGAACGTTGCCGCGGTGGGTGTGGGTGAAGCCCGAGGGGAAGATGAGCATGCGGCCGGCCTTCGATTCGACCTTCTTCTCCTGGTAGAAGAACTCGGTCTCGCCGCCCTCGCTCACG
CP043493.1_gap17	322065	326222	4157	ACGTGCCGTAAGCCACCCAGGCTCCGGCGGTAACAGGCGCATCCTTCTCCAGGCGCGGAGGCAGCGCGCTTGCGTGCTTCTGGGGTGGCTCGCGTCGCGGAGCATCGGCGGGTGATTCGGACTCCACGACCGGGAGGGGAGTGGACTCGACGCCCTGGTCCGGAAGCAGGGAGAGCGCCACGGGGACTCCCCGGGCCCGCGCCGCCAGGAGCCCCTCGTGTGAGTCCGTGAGAGGCCGGCCGGACGCTGGTGGCGACGCGAGCAGGGCTCCCAGGAGCACGAGGGAGAGCAGACAGAAGGGTAGGCGAACAGGCAAGCGCATGGTGTTTTGAGAACAGCCCCGTGTGTCGCGGAGGGATGGGGACTCCCCCCCATTTCGTCCACCCGTGCACCCCGACGGCCCTGTCCCAGCGGACAGTGAGCGGTCCTTCCTGTCGACAGGTGGACGGCGCGCGCGTGCCGGAAGGCAGTCTTCGGGAGCGTGACTAGCTTGCGCGCGTGAGGAACTGTTGGCCGCTGCTGGTGCTCGCCCTTGTGCTGGCGGGCTGTCCCCTGCCGAACCATCGGCTCGCGCTGCGTATCCGCGACGACGTGCCGGAGACACACGAGGGCTTGTCGCTCGCCTGGTATCAGACGGTGGGCGTGGAGCTGGAGCCGGGAAACCAGGTGCAGCTCGTCCACAACGGCCACGTCTTCGACATCCTCGAGCAGGAGATCCGCGCCGCTCGCTCCAGCATCCACATCCTCGTCTACATCTGGCGTGCGGGAGACCCGTCGGATCGGCTCATCAAGGCCCTGCGCGAGCGCCATCCCGGAGTGGCCTGCCGCATCTTGGTAGACCCGCTGGGCAGCATGCGCTTTCAGGCGGATGTGGGGCCCGAGCTCGTGGCGGCCGGCTGCGAGGTGCGCGTGTTCCGCCCGCTGCGGGGCACCATCGCCTCCTTCAACCTCAAGCGCCTCCAGTCGCGGCTGCACCGCAAGCTCGCCGTGCGCGATGGCGTGTCCGGGCTCACCGGGGGCTGGGGCATCTGGAAGAGCTGGGAGGGCAACGGGAAGAAGCCGGGCGAGTGGCGCGACGCCAACATCTGGGTGCAAGGGCCGGCGGTGCGCGGCATCCAGCTCGCCTTCGCGCAGAACTGGCAGGAGGCCGGAGGCGGCATGCTCCCGGACGAGGCCTTCCCGGACCCCATCCCACCCTCGGGCGAGGCCCGCGCGGGCTTCGTCACCCACACCGGCGCGCCCGTGCTCACCAACGCCGAGCGGATGACGCTGCTCGCGATTGCCTCGGCGAAGAAGCGGCTGTGGATCTCCAACTCGTACTTCATCCCCACCGGCGCCATCCAAGACATGCTCATCGCCAAGGCGAAGGCCGGCGTGGACGTGCGGGTGCTCACGCCCGGGCGACACCACGACATCCCCCCGGTGCACGAGGGCCAGCGGGCCACCTACGCGCGGCTGCTGGAGAACGGGGTGCGCATCTGGGAGTACGAGATATCCATGATGCACTCCAAGACGCTGCTGGTGGATGACCGGCTGTCGATGGTGGGCTCGACGAACCTGGATCCGCTGGCGTTCAGCGCCGAGGAGGGCTCGCTGGTGGTGGATGATGCGACCCTGGCCTCGCAGCTCGCCGTGGCCTTCGAGGAGGACATGCGCCACTCGGTGGAGATCCGCTGGGACTCATGGCGCCGGCGAGGCCTCTTCAAGCGGCTGTCGGAGCGAGTGACGGTGCTCTTCGGCAAGTACCTCTGACGCTCGCCTGCTCCCCTGCCTTCCGGGGGCGGTTGATGGGCGGAGCGCCATGACATACAGGCTGCGGGGAGATGACGCCGGGAGCCAGGGACAGAGCCACGCAGCGGGTCGCCTCGCGAGGGGCGGGACCCGGAGGCTCTCTGTCGCGCGTCTCCCTGGCCCTTGGGGCCTCAATGGTGTTGCACGTGCTGGGCATGGGAGCCCTGTGGCGCGGTGCGTCGGAGCCGGAGCCGAAGCGCTCCCGGCCGGCGGGGCCGCTCGAGGTGGAGCTCGTCTGGCGCGAGGCGTCGCGGAGTGCCGGGGTCGAGGGGACGGGGCAGACCTCCCCAGAGGTCCTCGCGCCAGCCCGTCCTCCTGAGCGTGTGTCGCGCCGGGTGGGCAAGGCACCCGGGAAGAGCACGGAGGCGACGACCTCCCGTGCAGAGAGGGCAGGGCCTCCACCGCCGTCGGAGGCCCGGGTGGAGGCTCCCGCGCCTTCGACACCGGAGGCGCCGGGACCTGCGTCCGCTGGAGTGCCTTCACAGGCTATGGCCCCGGCGGCTCCGGGTGGCTCTGAGGAGGGCTCGCCGGGGAGTGGCTCGGCGGAGACCTCCGAGGTAGCTCCAGGAGGGAGTACCCCGGGAGGAGGCTCCTCCTCGGGAGGCGGCGTGTCGGGGGCGGGGGTGGACTCGGAGCTGCTGGCCTACCGTGAGCGGCTCTCGCGCCACGTCACCCGGCAGCGGCGCTACCCGGCGCAGGCGGTGCGACTCGGGATGGAGGGCACCGCGCGGGTCCGCGTCCGCATCAACCGGGATGGCTCGCTGGCGGCGCCTCCTCGACTGGAGGACTCCTCTCGCTTCCGGGTGCTGGATGCCGAGGCCCTGCGCATGGTGGAGGCCGCCGCTCCCTTCTCCCCACTGCCCTCGGCGCTTGCCCGGGAGTCGGCCGAGTTTGTCATCCCGGTGAGCTTCTCCCTGCGTGCCGCGGCGGGTTGAGTCTTTTTTTGAGGGGAGGTGGAGTCAGCGTCTCGCCGACCGTCCGTTCACCCGCTAAGCTGGGGCCTTCGACAGGGAGGCTTCACGGCATGTCTAATTCGCCCGCTTCCCGTGTGCGTCACCGCGGGAGGGCGGCATGGACGGCTCAAACACCACGCTCGAGACAATCCTGGCGATGTATCAGGAAGAGCGTTTCTTCCTTATCGCCGTCTGCTCCACGTTGTTGAGCATCACCGCGTTCCTGGCGTTTGCCCTACCTTGGACGTGGGTGGCCTACAAGAACCCCGAGTCTCTGAAGAAGTACCGCGTACAGGGCAGGGATTTTCCCGTGCAGCGTTGGTTTATGCCCTCGCTGCAAAGGTTCGCCTTCAACAACCTGTTGTCCTTCATGAGTGTGCTGGTCTCGTGGCCGCTGCTCCGCATGTCGGGCATCCACTTTGGCGAGCTGCCGCCCTGGTACGTCATCGTCGGGCAGATTGCCTTCTTCATCGTCCTGGACGACTTCCTCTATTACTGGATGCATCGGACGCTGCACACGCGCTGGCTCTACAAACACATCCACTCGGTGCACCACCGCATCACCACGCCCTTCGCGCTCACCGGCAATTACATGCACGCGGTCGAGTTCATGCTGACCTCGGCGCTGGTGATGACGGGGCCCGCGCTGGTGGGGGCGCACGTGGTGACGCTGTGGGCGTGGATTGTGTTCCGGCAGCTCGAGGCGGCGGATGGGCACTCGGGCTACGACGTGCCGTGGAACCCGGCGCTGCTCGTCCCCTTCTACAAGGGGCCCGTCTACCACGACTTCCACCACCGGCGGTTCTTCGGCAACTACGCCGGCTTCTTCTCCTACCTGGACAAGCTTTTCGGCGGCACCTACTCCAAGGGCTACGAGGAGTACCGCCGGGCGCAGCCGCAACCGCAACCGTCGCCCCAGGCGGAGCCGCAGCCCCAGCCGCCCCAGCCGTAGTCGCTACGGCCGCACCAGCTCCTCGAAGCGGCGCCACGAGACGTTGCGCCCGGTGAGCACCACCACCGTGGTCCCGAGCGAGCGAGGCAACAGCTTGCGCAGGGCTGCGAGCCCCGCCGCGGCCGAGGGCTCGAGGATGTACTTCGTGTCGGCCACGCACCAGCGCAGCGCCTCGCGCAGCTCGTCATCGGAGACGAGCACGAACTCATCCACATGCCGCTGGAGGTAGGGCCAGGGGAGCAGCTCTCGCTCCACCTGGGCGCCGATGCCCTCCGCGATGGAGGGCCGCACGTCCTTCACGTCCACGGGCTGGCCCTCGCGGTGCCAGTGGGCGAGCACGGCGGAGGACTCGGGCTGGACGCCGATGAGGCGGATGCGCGGGTTCACGGCCTTGAAGACAACGCTCATGCCGGCGAGCAGCCCGCCGCCGCCCACGCCGACGAGGACGGTGTCCACGTGGG
CP043493.1_gap18	343438	346836	3398	GGCTCCTGGCCTGGTGGGCGGGAGACATGCTGCCCTGGAGTCGCAGACGCGTGTCTGTGCTCGTTTCGTACCTTGCTTCCTCCCGGGCTCCCCTGGCCTGTTGAGGAGGCTCTCCTTGTCTCAACCCCTGTACCGCCGGACCGTCTTGAAGTGCATCGTCGCCGTGGCGGCCAGCACCGCCTTCGGCTGCCGCGATGAGGAGGTGGAGGACGGGCAGGTGTACTTCCCCCAATCCGTGGCCTCTGGCGAACCGCGTCCGAACAGCGTGGTGTTGTGGACGCGCGCGGTGAATTCCTCCCGCCCGGAGGCGGACGTCGAGCTCTCCCTCCAGGTCGCCCGGGATGAGAACTTCGAGCAGCGTGTGCTGGTGTTGGACGGACTGCGTGCCACGTCTGAGCATGACCATACGCTCAAAGTGAAGGTGACGAACCTCGAGCCGCGGACGCGCTACTACTATCGCTTCGTCTTCGAGAAACACGGCAAGCAGTTGAGCTCGCGGACGGGCCGCACCCGCACGGCCCCCGCTCCGGATGCGGAGGCCCCCGTTCGCTTCGTGGTCGCCAACTGCCAGGACTTCCGCGGGCGCTACTACAACACCTGGCAGCGCTTGCTGCAGCTCGATGAGGATCTCGACTTCGTCCTGTTTGTTGGCGACTACGTCTACGAGGCTGACTCCTCGCTCGTCCCCTCGGAGGACCCCGCGCGCAACGTGAGCTTCACCGACCCGGGCTCTGCCCTGCGGCGGGACCTGGGGGGTGGGCGCACGGAGCTCGTCGCTCAATCCGTGTCCAACTACCGCGACCTCTATCGCACTTACCGCTCCGACCCCTTCCTCCAGCAGGTGCACGAGCGCTATCCGTTCATCATCGTCTGGGATGACCACGAGTTCTCCGACGACTGCTGGGACGCGCACGCCACGTACACCCAAGGCCGCACCGATGAGTTCCAGCCCGAGCGGCGGCGCAACGCAGAGCTGGCCTTTTTCGAGTACCAGCCCCTCGACACCACCGACGCGCCTCCGGGAGCCATCGATGCGGACCGCGAGCCTCGCTACCCGGACACACGCATCTGGCGCGACTTCGTCTTTGGGCTCCACCTGCGGCTGTTTGTCACCGACTACCGCACCCACCGGCCGGACCATCTCATCCCCGAGGACGCCTATCCCGCCACGGTGGCGATGGACGCGGAGGTACTGGCCTCGCTGGGTCTCTCCCCGGCCTTCGCGGCGGAGACCTTCGCGTATGTGAACATCGACGAGTTCCCTTCGCAGCAGGCCGTTCTCCAGGGGGCGTACGTCCAGCTCGCGGTGGCGGCGGGGATGGATGCCGTGGCGGCGGCGGCGAGGGCCGCGGCGGTTGTGCAAGGCAACCTCGCGTTGGCCTACGTCAACCCCGTGTTGGCGGCAGCGGCGCAGCCGGGAGCCGAGCCGCTCCCTCCGGCGGACAAGCCGCGTGGGCTCGCCTTTGTGCACATGGGGAAGTCGGAGTTGTTCTCTCGCGTGGGCTCACGCTACGTCGTCATCAAGGATACCTTCGACGTGTACGCGGCCTGGCGCTACGCCACCACTGGCCGCGAAGCCGAGGACGCGCTGGGCGAGGCCCAGGAGGCGGCGCTGCTGGACTCGGCGGGACAATCCCAGACGTGGAAGGTGGTGGCGAGCTCGGTGTCCCCCACGTCGATGATTTGGGACCTGCGCGACAAAGCGGACGTTGAGCCGCCCTCGGTGCGCAACCGCTACTACTACAGTGTGGACCAGTGGGACGGTTTCCCCGACAAGCGGCGCGACCTGCTCACCGCGCTGCGCGATCTCTCTGGAGGCCGTGCCCTCTTCGTCGCGGGAGACATTCACGCCTCCTTCGCGTCGGTAGAGCAGGGCGTGCCCGCCCTCACCGCGCCCGCCATCTCCTCGACGGCCGTCCAGGAGGAGGCCGGGAACGAGGTGACGGCGGCGGGCTTCCCTCCCGGTACCGCCGTCTACCGTTACGTCGTCACCGAGCTGGAGGCCACCTTCCGCGAGGCCAACCCCGGCATCGTCTTCGTGGACACGGAGGGCCACGGCTTCACGGTGGTGGAGGTGGGCCCCGAGCAGCTCCACGCCTCCTACCACCGCATCTCCAGCATTCATGTCCGGGAGAGCTACGCGGACCGGCCCGAGGCGCTCGCGGGGCTCTTCTCCCGTAGCGACTTCCGGGTCCGGTCCGGTTCCATTGACGTGGCCTAAGCCGCGCTCAGGCCACCGCCAGGCTCGGCTGCTCCTGCTTCACCTCGGGCTCAGGCTCTTGCGCTGTCGCCTTCACCGACTTCACTGCCTTTGTCACCACGTAGATGTAGAGGCAGTCGAACAGGAAGATGGAGAGGCACAGGAAGGTGAGGAAGTTCAGCCCGCCCAGCCAGTCCTGCGTCATGCCAATCACGTAGTGGCACTCGATGGAGGTGCCCAGCGTGCCCAGCATCTTGCACCACGCCGCGGGCACCGACAGCCCGCGTCCACCCTGATGCTGGCGGGCGAAGGCGAAGAAGAGGAAGGTCACGCTCATGACGAGGTTCACCATGAACGCGCCCATCAGCCCCAGCATGTCGTGGTACTGGACGTAGAAGGCATACAGGCCGGACGTCGAGAGCATCAACGTGCCGACGACCACCGCGTAGAAGCTGTTTCGAATCTCCGGAATCGTCTGCAGCTCCCGGCCGTAGCGCAGCAACTGGTAGACGATGACCAGGTCCACGAAGAACCACACCCGGTCAAAGAAGTGCCAGAGCGGCACCGGATTCGGGATGACCCACGAGGCCAGTGTCTCCCAGGCCATGTTCATGCAGATGGCCACCAGCGGCAGGCCATAAGACTTGTCCTTGAAGCACTGCCGGATGATGAGGACGTAGGCCACAATCCAGAAGACGCAGCCAATCTCTCCGATGACGTTGAACCACGCGAGCGGGTCGAAGGGGCCGCCACGAACCTGATCGAAAGTGAAGGTCGGGTGCATGGTCAGGCCACCTTCTGGCTGGAGTCGTTCTGCTCGGAGGTCTTCTGCTGGGCGGCCACGAACATGACCGTGGCCTCGGTCTCGCTCCTCCGCCGGGCATTCGCGGCGCGGGTGCCCGCCTTGATGCGCCACCGGTCCTGCAGGTGCTCTGGAATGTAGAAGGGCGTGCGCTGGCCTCCGCGCTCCACCAGCAGCATCCCTTCGACGATGTCCTTGCTGATGAAGCGCAGCAGCTTCGCCGCGATGAAGGTGTTGTCACCCACCCAGTCCGTGAGCTCGCTCACGTACTTGACGGCCTGGGGAATGATGGCCGTCCAGTCCGGCTTGGGCACCTGCAGCATGTCCGCCACGTTCAGCCCCTGCCACTGGTCCTGGTCCAGGAAGAAGTGGATCATGCTCGCCGGCAGCCCATCC
CP043493.1_gap19	484041	486992	2951	TGGTACGTGCCCGCCGTGTCCACCGTGAAGGTCTGTCCCGGCCGCTTGTCCAGCAGCAGCCCTGGCCGCATGTCCACGCCCGCCAGGTTCGCCTTCGCGTCGAAGCGCAGCGCGCCCCCGCTGGCCGCGGCGCCCGTGAGCCGAGCCGTCAGCTGCATGGGCGTGCCCGCCTCCTTGGAGAGCTGCTCGGGGATGCGCAGCCGCACAGGCGTCAGGTCCATCTCCGCCGTGAGCGCCTGGGCCTCCTGCGTGCCACCGCCCTTCACCACCAGGCCGATGGGGCCTGCGATCTGGTTGGCGAGCTGCTTGCGCAGGGGCGGGTAGTACTCGGCCAGCAACGCCGGGTCGAGGTTCTGGCCCACCAGCTCGAAGTCCTGCACCGCGGGCTTCTCGGTGAGCAGTCCCTTCACCTGACCCTTACCGGTGAGCCTTGCCGGGCCGAGCTCCATCAGCAGCTTGCCCAGCGACAGGTCTCCCGTCTTCATGTCGCCCGTCACGTCGGTGTCCAGCAGCATGTCGAGCGCCTTGCCACCCTCCGCCCCGGCGAAGCGCAGACCCTGCGCGCGCAGGCCGCCCTGGAGCTTCGTGGGCCCGTTGCCACCAGGCACCGCCGCGCCCAGCTCCGCCGTCCAGTCCGCGCTCAGCGTGCCCGCCTGCAGTCCGACGTCCGGACCGAGGAAGGGCCCCAGCGGCGACAGGTCGATGGGCTCGGACTTGATCACCACGCGCTCGGGCACCGGGATGAGCGTGGGCGGCAGAGGCGTCGTCTTCAGCGTGATGTGGAAGTTCTGCTTCTGCGCCAGCACCGCGGCGTGGAGCAGCACCTCCAGCGGCTTGCCCGCGCGCAGGTCCTTCACTTCCACGTCGAGGTCGGAGATGGCCAGCTCACGCGCCTGCGCCTCGCTCCGGTCGATGAGGCGGATGGTGGCGTCGGTGAGCGCCGCCCGGTCCACACGCACCGCGGACAGGTCCGTCGGCTGCTCCTCGGCGGGGGGCTGCTCCTCCGGGGGCTGCTGCGGGTCGAGCTTCTCCATCAGCCGCGAGACGTTGGTGGTGCCGTCTGGCAGCCGGACGACGTTGACGGTGAGCCCGGAAGCCTCGGCGTTCTTCACCTGGATGTCCTGGCCGCGCGAGGTCAGCGCGGGCCAGAGCGCCACGGACACGTCCAGTCGCTTCAGCTCCGCCAGTGGCACCTGCTCACCCTCGGCGGCGCCCACCACCACGTTCTCCACCTCGACGCCCACGTGGGGGACGAGCTGCGTGCTGATGTCGCCAATCTCCACGGGCCGGCCGAGCGTCTGCGAGAACTTCGTGGCCTCGAGGCGGGCGCGCTGGAGCAGGAAGGCGTCGAGCCGCCACAGGGCAACGGCGACCACGACGACCAGGAGCAGGACGATGCCGCCCAGGACATAGGGCCAGCGCTTCTTCTTGTTGGGGAGCTGTTCGGACATGACTCGCTACCTCCTCCAGCGAGCGGGCCTCGAAGGGTTTCTCGGAGCCCGGACTGGCATGCAGGAGGGACCCATAGCCCAGGAGGACCCAACCCGCACGTTCCGTGTGCACGGGTGCTGGAGATTGGATGTTGAAGATGGCATTCACGGGCTTGGACGCCATGGGGCCACGGGTATGCACTGGGGCTCCCGAGGCATGCCCGCCCGGCTGCCCGGGTTGCGAGTGCCGGGTGGCGGGGGGACACTGGGGGCTCCACCTTTCGTCCGAGACCCCGTGATTCTTCGCACTCCCCTCTGCTGTGCCGCCCTGCTCCTGGCGTCCGCGTGTGCCCCTCGCACGGGAGCCGGGACAGCCGCCGCCACGTCCACCATGGCCGCCACTCCCGCCAATGCCGAGTACAACCGTTTCGCCCGCGAGTACCTCGACTGGTACTACGCCGCCCATCCGGTCCGCGCGACGAACCTGGGCCTGCACGCGTACGACACGCGGCTGCCGGACCTGTCGGCCGGGGCCTTCCAGCGCCGGGCCGGAGAGCTGCATGGCTGGCTCGCGCGGCTGGAGCGGCTGGACCGGGCGGGGCTGACCGGGGACGCGGTGTTCGACGTGCGCATCCTGGAGAACGCCATCCGCGCGGAGCTGCTGGAGCTGGAGGAGGAGCGGGGCTGGCAGCGCGACCCAATGCTCTACAACTCCACCCTCGCGAGTGGCCTCTCGTCACTGTCGCAGCGGGAGTTCGCTCCGGTGGAGGAGCGGATGCGCAGCCTGATGGCGCGGATGGCACAGCTTCCCGAGGTGGTGGCCGCGGCGAAGGCGAACCTGCGGGATGTGCCGAAGCCATGGGCCGAGCAGGGCCTGCGCGACACGCGGGGCACGGTGGGCTTTCTGCGCACGGACCTGCCGAAGGCGCTGGAGGCGCAGGGGCTGGAGCGGGTGGACGCGGCGCTGCGACAGGAGTTCTCGAGCGCGCTGGCGAAGGCTACGGCTGAGGTGGAGGGCTTCGCGCGGTGGCAGGAGCAGGAGCTGTTGCCGAAGGCGAACGGGGACTTCCGGCTGGGGCGGGCGCTCTTCGAGCGGAAGCTGGCGCTGGAGGAGCACGTGTCGCTGACGGCCGAGCAGCTCCGGGACATCAACGAGCGAGCCATCCGCGAGTACCAGGCGAAGGTGGCGTCGGAGGCGGAACGGGTGGACGCGAAGAAGTCACCGGTGGCGGTGATGGACGCGCTGGTGCACGACCACCCGACGGCGGAGGAGCTCATTCCCACGGCACGCAAGCAACTGGAGGCGTGCCAGCGATTCGTGTTGGAGAAGGGGCTGATGACGTTGCCCTCGGAGCGGCTGCCGACGGTGCGCGAGACGCCGCCGTATGCGCGGATGGGCTTCGCGTCGATGGACACGCCGGGACCGTTCGAGACGCGAGCGACGGAGGCCTTCTACAACATCACCAACGTGGAGCCGGGGTGGACGGAGGAGCAGAAGGCGCAGCACCTGACGTACTTCAA
CP043493.1_gap20	488378	492220	3842	GGTGGCTTTGCTCTTCGCTCGCCGGAACGACGTCCAGACCTTGTTGATCTTCGTGTGCACGAGATCGTGCACCCCCCAAAGATTCTCCCGTGCATTGATATTCAACCGCTCGAAGAGATGAGCGTATTCGAGGGGAATACGATGATGTACGGGGTAGTATTTCCCACGTTCATCCAGCAGGAGCTTCGCCAGGTCGGTATGGAGCTTCTCGTAGAAGTCATTTTGCGCCATCCTCCTGAGATCCTTGCTCACACCTCGGTCAAGCTTCGTGTCGAGGAGCTTCTCGAAGCGGGCCATGAGCTTGCGCAACTGCGCCATCTCCGCTGCCGACAACCCCTGTGTCTGGGCCTTCGTCCATAGGCGATGGAACTGCTCCCGCTCCGCCGGGCGTACCCGGGCGAGGAAGGAGCGGAACCAGGCCACGGCCTCCGAGCCCCCCCGAGCCAGGATGGGGGCGAGTCTGGGTGCCACCGCCTCGAAGAGCGCGAGTCCACCTCGCATCGCGAGGCTGCTGACGAACCAGGTGGCGAGGAACTCCGTGCTGGAGAGCCCTGCTTGGATGAAGGCGTCCTTTGTCTCCTCCTTCCACTCGCGAAGGATGCGCTCGTAGAGCGCATAGTGCTCGGCAACGAGGTCGGGTGGGGCTCGCGGTTCCACGCGCAGGGTCCCGGCCTCCCTCACGCGCCAGCGCGCATGCCGCTCCGTCCGGTGATGCTCCGCCTCCAGGCTCAGCCGCACCGTGCGCGGTCCGATGCCGTGGGTGAATGGCAGGAGTGCCTGGGCAATCTGCTCGACGAGAGTTGGCGGGGGCTCTCGGACAGGCGGGCCGCCACGGGACTCATAGCGAACAGTCGTCGCGCTGAGGACTCGGTCGTCATCCAACGAGACATCCGCCAACAGAGTCGCACTTCCCCCCACGGGGACTCGCAGGCCTCTGGTCAGCTGGGAGGCCACGGCATGCGCCTGGGCGCGGGTGTCTGCCGTCACACCCGTGCCCCGCACGGGCAACGTTCTGGCTTCCAGAGGCTTGGAGCCCTCCGTCGTAGTGAAGGACCGCAGAGCCCAACCCCGCCGCTCCTGGCGCAAGGTGAGGACCACCTCTCCGGTGCGAGTCCCCACGTAGGTGGGCAGGTGGCCCTCGAAACCCGGGACGAACGAGTCCACCTTCTTGGTGAGGTCTGCCTCTCCGGCTCCTCGCTTCCAGGAGAGTAGTGTCAGGGCTCCGTTCTGCGCCCAGAAGCGGAAGGTCAGCTCAACCCCTGCGTCCTCGACCTGGCTGAGCACTCCGCGCATGCTCGACAGGGCCGCCGAGGCCTCAGCCTGGCGCGCATCTGTGTCAGCCTCCGCGTTGCGTGACTCCCACGGTGGACGCAGGTCCTCCCTTTCCGCGCTCGCGGGAAGGTCCTCCTCGGAGTCGAGGGAGTCCATTGCTCCCGTCGTCGCACAGGCCTGGAGCACCAGGGCCAGGATGCAGATGCACCCCGCGGTTCGCGCCATTCCCCGTCTCATGTCGTGCCAGCCTGCCAGGACTCAGTCGAGCGCAGGCACCCTCCGGGCTCGCTCTTCAGCAACTTGTCCAACTGTTGGACAAGTCCGCGAAGAGTGCTGCCGGAGGCCGGTGGAGCTGAGGCCGTGGGCCTCACGCGTGCATCAACGCGCGTGCTTCTCGTTGAAGGCGAGGCGCTGGTTCGTGGCCAGCACCGCGCCCGTCAGCGGGGTGGCGTCGTTCGCTGCGTCCTGTCGGTAGAGCAGGTCCACGAGGATGCCCTTGCGCAGGCCCTGCTTGACGGCGATGACGCTCTCCACGCCCAGGTGTCGGAGCACGCACTCGAGGAGGGTGGCGCCCGCGACGATGATGTCCGCGCGCCGGGGCTCGAAGTGCTCGTGCCGCTCTTCCGGCGTCATCTCCGCCAGCAGCTCCACCGCGCGCGTGAGCTGGTTCACGGACGCGTGCGCGCCGCCCCGGCTGGCCGCGAAGCCCACCACGGCCTTGATGGTGCCAGAGGAGCCCAGCGCCACCCGGGGCAGTTGGGGCATGTTCCTGGGGAGTTCCTCGCGCAGCGCCTCCTCCACGTAGCCGCGCATCAGCCGTAGCCGCTCGGGCGACACCGTCCCGGAGGTCTCGAAGAGCTCCGTCAGCCGCACCGCGCCCAACGGCAGGCTCCACAGCTCCTCGGGTCGCTCCCCGGTGGCGAGGGCCACCTCCGTGGAGCCTCCGCCCATGTCCACCAGCAGCGAGCGCGTCCGCGCCGGCGTACGGTGCAGCACGCCCAGGCAGATGAGGCGCGCCTCCTCCTCGCCGCTCACGACCTCCAGGTGCAGCCCCGTCTCGTCGTGGACTCGCTGGATGACTTCCGCCTGGTTCTTGGCATCCCGCATGGCGCTGGTGGCCACCGCTCGCACCCGAGCCTCGTGCCGTTGGCACAGCACCGCGTAGCGCCGCAACGTGGACACCAGTCGGTCCGCCGTCTCCCGCGGCATCCTCCCGCTGGTGAAGACGCCTTCTCCCGGACGGATGGGGTCGCGCTCCTTGTGCAATCTCTCCAGAGCGCCATCGACGGGCCGGGCCAGCTCCAGGCGGACGGCATTGGTTCCCACGTCGATGGCGGCGAGGACGGACTGAGAGGTCGAAGGTGCCATGGTTGACGCGCTCATCGGTTGCGAGGTGGACCACGCCGCACTCATGCCAACCTAGGCAGGTCATGTGACGACGCCGTGACATGACGCGTCTGTTCACCAAAAGTTTTCACACTCGCAACCCGGCGCGCCGCGCTGCCTGCCCTTCGTCCAGCCGGGTTCACACGCCCCAGTACCAGGACCACTTCAACATCAGCGCGTCCTGGGCCGCGCCCGCCAGCAGCCCGTGGGGCATCAGCGTGCGCGGAGGCCGCACGCCGTCCGCTACTGGCAAGCGCTGCTGCCCGTGCGTGTACACCACGTACAGCGTCGAGCCCAGCCGGTACTCCCAGCGCAGCACCACGTTCAGGTTCAGCCCCACGTCGTGGAAGTCGTCCGTGTTCTCGTGCTCCACCGGCACCAGGCTGCTGAAGCGGATGGGTGAGTGCCTCGCGTCGGACATGCCCTCGTAATACGTGCCGTAGGTGCCATAGGCCGTGAAGAGCTGCGCGTAGGCCTGGAGCGTCAGCCTTGGGGTCACCACCCATTGCTGCCGCAGCGTCAGCGACAGCGTGTCCGACAGCAGCGGGCTCAGCAGGAAGCGGTTGTCACCCAGGTCCTCGATGAAGCGCGGCGCAGTGGTGGTGCGATCCAGGAGCAGCTCCAGTCGCGTCTCCAGCGCCGGGTGGGGCCGCACCGTCCCATACAGGTCCGCCGTCCACCCCCAGGACGGAGCCACCGGGCCCGCCTGGAAGTGGCGTGCCGCCAACACGTAGCCTCCCGCTGACACCGGCCGGTTCTCGTTGCTCTCCGCGATGAGCGCCAGGAAGGCCAGGTTCTCGTTCTCCAGCGGAACGCCCGAGCCCTCCAACTCGCGCACGTTCCAGCCGCCGAGGTTCGCACCCGTCTCCAGTCCGACGTAGTCGAAGCTCGGCAGCTGCGCGACCGTGTTGAAGTTGATCCAACTTCCCCGCTCGAGGCCCCGTCCATCCGTCGTCCACCGCGTGCCTCCGGAGAGGTTGGCGGAGTAGGACTTCAGCGGCCCCAGGCCATTGGGGCGCTGGTAGCGCAGCGCGGCGCGTGGCGCGTGCTCGTTCTGCGTGCGCAGGAAGCCGCTGGGGTTGAGGTCCAGCCGGGGCGAGGTGAAGTCGTAGCCCACGTCCCAGCGGAAGCCCTCGCCGCCGTACTTCCCCGCTCGCACGTAGCCGCCGAAGCCCGTGTCCCCC
CP043493.1_gap21	519659	521887	2228	GTGACGAGGCCCGCCGGGGAAGTTGACGGCGAGGAAGAAGTCGGTGCGGACGCCGGGGTGGTCGTGGACGGCGAAGCAGCCGAGCCGGGCGACGGCCCAGCCGGGGGCCACGGACAGGGCGAAGGCGTCGGCGTAGTCACGGAAGCGCAGCTTGCGCACCCGGAAGAAGACGACGGCAGCGAGGATGCCGCCGATCAGCCCGCCGAAGGAGGACAGTCCATCCCACACCTTGATGATCTGGAACGGGCTCTTGGAGAGCTCCTCGGGGTGGTAGGCGAAGAGGTGGAACAGGTGGCCGACGACGACACCCACACCCACGCCCCACGGCGCGTAGTCCTGGAGGGGCGTCGAATCGAGCCCTTCACGCTCGGCCTGACGGGACAGGAGCCGGGCGGCGAGCAGGATGCCGAGCGCCACGAAGATGCCGAAGGGCTCGATGGTGAGGGGTCCGAGCTTGATGGGGGGGACGTGCAGGTAGGGAATCACGAATCTCTCCGGCGGGGCGGATGGCGCACAGCCATAGTCCGCCTTGGCGCCACGGTGGCGAACAAATCATGGGGAAGGCGACTTCCCCAGGGTCATCTGGGGGGCGGGCAGGGGAACGTACCCTGGGGTCGGACAGGGGGCTTGGACCGGCGAGGCCGTGGGCGCGAGTCGCCGATGTGCCGCTAGGGCCGGAATTTCGGGCCCGCACGGTGATTGACCGCTATTTTCTGACCCGTCACGGTCCGTATTACGCTCCTAACCTGTGAATCGTTTCCGGTTTCGTACGTTGTGACAGTCATCCACTGGAACGCCCAGGGGAGCCCAGGACGTCCAGAGCGGGAATGGGGGCGGTTCATGTCAGGGGGGGCGGCTCTAGTCACACTGTGAGCCGACGGTGTGAACGACGACGGTGTCCCACCCCCTCCGCTTGGGCGCGGCCGGCGCCCATCCGCGGGTCGGCCCGCGCTGTCAGTGAAGTCAGTACTCTGTAAAGGAGCGAACCCATCATGAAGTCCTATCTCCTGGTTCCGAAGGAGTCGATTGAGACCCGCGCCCGTCCGGGCGTGCGGGGCACGGAGCAGGGAGAGCGTGTGCTGCAGCGCACCACCGCCCTTCAGTTCATGATCAGCGGGCGGGCACCGGACATGCTGCGGAGCCTCGGGTTGCGCTCGGCCACTCTGCCCGGTCGCTTGCCTGAGGTGAGCACCCCTCCCACCCCGCCGAAGAAGAAGTCGACGCGAAGCCGGAGCCGCAAGGGTGAGGTCCAGCTGGTGGCCACCGAGGGGCCGGTGATGGAGCCGGCATCGGCGACCGCCTCGGACGTGGGCACCTACCGCCACATGCCGCTCATCGGCGCCACCATGGCGCACTTCACCTCGGAGAAGGCCGAGCGCATCGCCAAGGAGGAGCTCGGCCGGGACTTCGAGTTCATCCCGGACACGGTGCAGCTCACCTTCCCGGGCCCGGTGTCCGCGGGCCAGCTCGGTCCTCGCAACCGGGGCCTGTCCTCGCTCGTCAACCGGGAGTGGCCCGAGGAGTGCGGCATCAACGCTGCCCACGCTCAGGGCATCAAGGGCGCCGGCGTGATGCTTGGCATCCTCGACACCGGCGTGGACGCGGACCACCCCGAGCACCAGGACCGCGTCATCCAGTTCCGCTACGTCTCGCTCTTCCCCAACTCGCCGCAGAACCCGGCGCGCGACGTGCGCGGCTTCGACCCGGACGGCCACGGCACCCACGTGGCTGGCATCGCCGCGGGCCAGTTCCACGGCGTCGCTCCGGAGGTGGACCTCTACGTCGCCTCGGTCATCGAGTCTGAAACCATACGCACGAGCCTGGGCCGTGTAGCCGCCGGCATGGAATGGCTGCTACACCAGTTCTCACGTCCCGAGAACTCCACGCGCCCGGCGGTGGTGAACATGTCGCTGGGCTTCCCCGTGCAGCCGCCTCCAGGAGTCAGCGACATGGAGTACCGCCTGAACATCCGCGCGCTGCAGACGCTGGTGCGCCGGCTGGTGGACTCCAACGTGCTGCCCGTAGTCGCGGCCGGTAATGGTGGCGCAGGCACGGCCGGCTACCCAGCAGGCTTCCCAGAGGCCCTGGCTGTGGGGGCGGTCGACTTCGAGAAGCGCGTGGCCAGCTTTTCCGCCAGCGGCGTGGTGAATCAGCGCCCTGTCCCCGACGTGATGGGTTACGGCGTGAACGTCTACTCGAGCACAGAACGAAGGTGTAACAATCAGGCG
CP043493.1_gap22	523282	527838	4556	CGCCGGGGCGCTGATCCGTCTGCACCATCTTCGCCACCACCTCGCGCACCATGAAGGTGGCGCCGGTGAGGTTGACGCCGATGACGGCGTTCCAGTCCGCGGTGGACAGCTTCTTCACCTCACCGGTGGCCTTGTCCTTCTTCACCAGCAGTGAGTCGCGAAGAATGCCGGCGTTGTTGATGAGGCCGTTGAGGCCGCCCATGGCCTCGTGGGCCCACTGCACGAAGGAGACACACTCCTCCTCCTTGGACACGTCCAGGCGGCGGCGGTGGATGGCGGCGGGCAGCGAGGCAAACTGCTCCTCGTTCACATCTCCCACGGCGACCTGCGCGCCAGCCTCATGCAGGCGCGTGGCGAAGTGAGCGCCCATGCCCCGGGCACCGCCCGTGACGATGACCTTCAAGTCCTTGAGCTGCATGTGTTCCCTTTCGAGGCTGACGCAATGCGTTGCATGTCGTCCGTGCGCCAGCGGAAGAATGACTGTTTTTGACAATACCGCGAGGGGAGTGTTACGCAAGGTTGAAAGATGAATCGGTCTTCAACTTCGCCAGCCGAACGCCTCGTTCCCGTGACCCCGAGAGGGCAGCGCACGCGCCTGAAGGTGCTGCAGGCGGCGGAGCGTGTCTTCGGAGAGAAGGGCTACGAGCGCGCCTCCATCGCGGATATTACCCGGGAGGCGGAGGTGGCGTTGGGGACTTTCTACGTCTACTTCCCGGACAAGCTCTCCGTCTTCGTGGAGGTGGTGGACGAGCTGGGAGCGCGGCTGCGCCGGCTCATCTCCGAGGCGGTGGCGGGGTGCGAGAGCCGGCTCGAGGTGGAGCGCGAGGGCCTGCGCACCTTCTTCCAGTTCGTAGGGGAGAACCGCAACCTGTACCGGATTGTCCGGCAGGCCGAGTTCGTCGACGAGGCGTGCTACCGGCGCTACTACGACCGCTTCGCGCGGGGCTACGTGTCGGGCCTCGAGCGCGCCATGGACGCGGGCGAGGTGCGGCGCATGGACCCGGAGGCGCTGGCCTACTGCTTGATGGGCCTGAGTGACTTCCTGGGCATGCGCTGGGTGCTGTGGCAGGGCGAGGGCGGCCTGGAGCACGTGCTGGACACCGCGATGGATTTCATCCGCCACGGCATGGATGCGCATCCGGCCGAGGCTGGCAGTGGCAACAAGAAGGGGCCGCGCAAGCCGCGCGCTCCGCGGAGCAAGACGCGATGAGATACGCCAACATCCTGGCCACCGGCCGCTACGTCCCCGAGAAGGTCCTCACCAACGCCGACGTGGAGCGCATCCTCGGCGAGAAGGTGGACGAGTGGCTCCAGCAGAACGTAGGCATCAAGCAGCGCCACCTGATGGCGGATGACCAGGTGACGTCTGACCTGTGTGTGGGTGCCGCGAAGCAGGCCATGGAGCGCGCGGGCGTGAAGCCGAGCGAGCTGGATCTCATCATCATCGCCACGGACACGCCGGACTACCTGAGCCCGGCCACGGCCTCGGTGGTGCAGGCGAAGCTGGGCGCCAGCAACGCGGGTACGTACGACCTCAACTGCGCGTGCGCGGGCTGGGTGACGGCGATGGACGTGGCGAGCAAGACGATCGCCGCGGACGACAGCTACAACCGCATCCTCGTGGTGGGCGCGTACGGGATGTCCCGGTACATCAATTGGAAGGACAAGAAGACGTGCACGCTCTTCGCGGACGGCGCGGGCGCGGTGGTGCTGGGCGCGAGTGACAAGCCCGGCTTCATGGGCGCGAAGCTGCTCGCGGCGGGCGAGTACCACGATGCGCTCGGCGTCTACACGGGCGGCACGTACCGGCCTTCTACCGCGGAGACGGTGGCGCTCACCAACGGCAAGCCCGCGGTGCAGTTCGTGCGCAAGTTCCCCGCCACCTTCAACACCGAGCGCTGGCCCATGCTGCTCAAGCAGCTGCTGGAGCGGGCGAAGCTGACGATGAACGACGTGGACCACTTCGTCTTCACGCAGCTCAACCTGCGCACCATCGAGGCCACCATGAAGGTGCTGGAGCAGCCCATGTCCAAGACGAACTGGACCATGGACAAGTGGGGCTACACCGGCTCGGCCTGCATCCCCATGACGCTGGATGACGCGGTGGTGCAGGGCCGGGTGAAGAAGGGCGACCTGGTGGCCCTGTGCGCCAGCGGCGGCGGCCTGGCGATGGCTTCCGCGCTCTACCGCTGGACGGCCTGAGCGGCCGCGACGTCCGAAGTCCGAGGTTCGCAGTCAACGGGAGGGGACACGCATGTTCATCGGCGACTGGATGGGCCGGGGGGCCACCTACTGGCCCGAGCATACGGCAGTGGTGGATGTGGCCAGGGGGGAGTCCGGCCGCTTCTCCTACCGGGACATGAACGCGCGCGCTGAGGCGCTCGCGGGCTGGCTGCGTGACGTGGCCGGCGTGTCCCGCGGCGACCGCGTGGGCCTGGTGGCCCACAACGGCGTGGAGTACCTGGATGTCTTCTTCGCCTGCGGCAAGCTGGGGGCTGTTTTCGTCCCCTTCAACTGGCGCCTGCACGCGCAGGAGCTGACGGACCTGGTGCGCGACACCGGTCCTCGCGTGCTCTTCTTCAGCGATGACTTCCGCGAGGGCATCGCGGCGGTGCACAAGCAGGTGGGGGACGCGCTGAAACTCGTCCACCTGGAAGGGCAGGGACTGCCCGTGAGCCGCCCGTATGCCGAGGCACTCGCGCACGTGTCTGGCTCGAAGGTGAGCAATGAGCAGGTGAGCGAGGAGGACATCATCTGCCTGCTCTTCACCGGCGGCACCACGGGTAAGTCGAAGGGCGCGCGCATCAGCTACCGCATGGTGGCGTGGAACACGCTCAACACGCTCATCCACGAGGTGCGGCCCGGGGACATCACGGTGACGCACACGCCCATGTTCCACACGGGCGGGTTGCTCGTCTACACGGTGCCCCTTCTCACCTGCGGCGGCACCGTGGTGCTCATGCGCCGCTGGGACGCGGACGAGATGCTGCGGTTGGTGGAGCGCGAGAAGGTGACGCTCTTCTTCGCCGTGCCCACGCAGTACCAGCAGATGTATGACTCGCCGCGCTTCCGCTCGGCGGACCTGTCCAGCGTGCGCTTCGTCACGAGCGGTGGCGCGCCGCTGCCGGTGCCGCTGCTGCAGGCGTGGCAAGCTGTTCACAAGGTGCCCTTCAAGCAGGGCTTCGGCATGACGGAGTTCGGCCCCGGCATCTTCAGCATGGGCCCCGAGTTCGCCGTGTCCAAGGCGGGCTCCATCGGTCGGCCCAACTACTTCGTCGACGCGCGGCTGGTGGATGACCACGGCCGCGACGTGCCCGAGGGCGCCACGGGCGAGCTCATCCTCAAGGCTCCCTCGATGTGCTCGGGCTACTTCGAGAACGCGGAGGCTACTGCCGAGGCCATCGACGCGGACGGCTGGTTCCACACGGGGGACCTGGCGCACCGCGATGCGGACGGCTTCTTCTTCATCAACGGGCGGAAGAAGGACATGTTCATCTCCGGCGGAGAGAACGTGTACCCGCTCGAGCTGGAGACGGCGCTCTACGAGCACCCCGCCGTGCAGGCATGCGCGGTGGTGGGCGTGCCCGACCCCAAATGGGGTGAGGTGGGGCGTGCCTTCGTGGTGCTCAAGCCAGGAGCACAGGCTACGGCCGAGGCGCTGCTGGAGCACCTGCGAGGCCGGGTGGCTCGCTACAAGGTTCCGAAGAAGGTGGAGTTGGTGGCGTCCCTGCCCGTGTCCGCGGCGGGGAAGATCCTCAAGCGCGAGCTGCGCGAGAGGGCCATTGCTGCCGATAAGAGCTGAGATGAAAAAGGCGGATGCCGGAGCGTGCCGGCATCCGCCTCGTGCTTCACACCGTTCAGGCGCTCATCCTCTTTCCCGCGGCCATATCCCCTCTCCCTTCGGGAGAGGGACGGGGTGAGGGTATCGGGAGCACCCGGGTTGAACCCCCTGTCCACACCGTGGGTCACGGGTTGAAGAACAGGTTCGGTTACCCTCACCCCCCGCCCTCTCCCAGAGGGAGAGGGAGCATGCGCAACCCTGCTCTAGTCGCGCGAGGCGAAGTGGGCCGACATCTTGCTCCACACGGCCGGGGTCGCACCCATCTCCAGGTGGCCGTAGGGCATGCCCTCCTGCTTGGCGTCCGCCGTCCTCTTGGTGGACGTCCAGTGCTGGGTGAGCTGGTTCATCGCCGCGATGCTCGCGTTGAACAGCACGCCATCACCGTTCACTGAGCAGGTGCTGCAGCTCATGCCGTCCGTCTCGTAGCGCGCATCCGTGCTCGCCCCGTACGTGGTGCCGTAGAGGACGTAGAGCGAGGGCAGCCGCGAATCCAGGCTGCGCTCGGACAGCCGGGTGATGAACTTGCCGCCCATCTCCTTCGCCGCCGCGATGCCCAGGCTCTGGATGATGCGGTACTTCGCGTAGTTGAGGGAGTCGTAGCCCTCTCGGTTCTGGTTGGTGTTGTACGCGTGGTAGGCGAAGCAGGGGCTGCCCACCGGATCGAACGCCGTGGTCTTGCACTGCGTGTTGGTGCTGCTCAGGTAGCCCGCCGCGA
CP043493.1_gap23	543753	547238	3485	AAGATGCTCCTGCCGGGCGGGCCGAAGGCGCACATCCGCCGGCCGGGGAACTCCGTGTCCCACGTCGCGGTCAGCTCCGGCCCGAGGTTGTAGCCCAGGGGCTTGAGCGCGGCCGTGTAGAACGCCTTCGAGGTGGCGTAGTCCGTTGCGTAGAAGCTCAGGTGGTCGATCATGGTGGCCGCGTCGTACCAGATTGGTTCGGGCGTTTGTTGATCTTGGATGCACCCGTGACACGGGTTTTACCCCGAGGCTCTCGATACCCTCACCCCGTCCCTCTCCCAGGGGGAGAGGGGTTAGCAGCGCGGCAGGTTCGCGTCGGGCGGGCAGTTCCACTCGGCGTGGCAACACTCTCCTCCCTCGCGACCGCAGGGCACCTGACATGTCTCTATCCAGTCGCACGGGTGGTGCTCCGTGCTCGAGGCTCTCGGTGATGTTTCCTCCAGAGAGCGCGCCGCCCCGCAGTCCCTCGTGCCCGGCTCGCACCTCGTCACCCCTGGATGGACCTGCTCCGCGGACACTGCTCCCACGACTCCTACCGGAGCCCCAGTGAGCATCCCCGCAACGACCAGCAGGCAGACCTTTGTCGCGCTCATGACCCCACCCCCCGTACTGACGCACGTCACGTGAGCTCGCTGTGCACCTTTATCTGCTCATGGCGTGACGCCGTGGAAAGTGAGTTGAGCAGGGACGTCGTGACTCGTCACCCCATGGGCGGAGCGGGTGTCGAGACGATGGCACTCACTTGTTCGCCTATACCCTCACCCCGACCCTCTCCCGGAGGGAGAGGGAGGTGGTGGGGTTACAGCTCCGACAGCAGGCGGCTCAGTTCGTCTGGCTTCACTGGCTTCACCAGGTGGAGATCAAAGCCTGCCTGGCGCGCTCGGCTCTGGTCGTCTGTTCCTCCGTAGCCCGTGAGCGCCACCAGCCGGATGCCGTGGCCCATCTTCGCCCGCAGCTCCGCGGCCACCCGGTAGCCGTCCAGCCCCGGCAGCCCGATGTCCACCAGCGCCAGCTCCGGTGTGCGCTGCACCGCCAGCTCCAACCCGCGCAGTCCGTCCGCCGCCACCTCCACTCGGTGGCCCCACGTCTCCAGCAAGTCCTGCAGCGCCTGCCGTGCGTCCGCGTTGTCCTCGACCAGCAGGATGTGCCGGCGCCTCTTCACCAACGTGGGCCGCACCACCTCCTGCTCCGACACCGACGCCGCCGGCAGCAGTGGCAGCCACACCACGAACTCGCTGCCCTTCCCGGGGCCGTCGCTGTGCGCCTCCACTCGGCCTCCGTGCATCTCCACCAGGTTGTGCACCAGCGTCAGCCCGATGCCCAGGCCCCCTCGCGTGCGCTCCAGTGATTCGTCCGCCTGGGAGAACAGCTCGAAGACCACGGGCAGCACATCCGCCCGGATGCCGATGCCCGTGTCCTTCACCCGCACCAGCGCTCCCGGGCTCCCGTCCCCCGCTGGTGACAGCTCCACCCGTACCTGAATGGAGCCGCCCGCGTCCGTGTACTTCGTCGCGTTGTCCAGCAGGTTGGTGAAGACCTGCTCCAGCCGCGTCGTGTCTCCCTCCATCCACAGCGGCATCGCCGGCAGGCGCGACTCCAGCTTCAGGTGGCGGCCCTCCGCCAGCGGGTGGAACGTCGTCAACACCTGCTCCAGCACGCCCCGCAGGTCCACTCGCAGCCGGCGCAGCTCCACCTTGCCTCGCGTGATTCGGCTCACGTCCAGCAAGTCGTCCACCAACCGCGCCAGGTGGTTCGTCTGGCGCTGGATGATGGAGACCATCCGGCCATCCTTGGGGTCCACCGAGGTCCGACGCTCGAGGATGCCCACCGCGGTGGTGATGGCGGCCAGGGGGTTGCGCAGCTCGTGCGCCAGCATGGCCAGGAACAAGTCCTTGCGCCGATCCGTCTCCGTCAGCTGCTCCGCGCGCCGGCGCAGCTCCTGCTCCGCGCGCCGCATGCGCAACAGCGAGCGCACCGTGGCGATGAGCTCCTCGCTCTCGAAGGGCTCGGTGAGGTAGGCGTCCGCGCCGCCCTCCAGCCCGCGCACCTTCTTGTCCGGAGTGACATAGGTGGCGGACGTGTGCATCACCGCGATGGAGGCCGTCTCCGGCCGGGCGCGCAGCCGCTGGCACACCTCGTAGCCGCTGATGTCCGGCAGCTTCACGTCCAGCACCACCACGTCCGGCCGCTCCTGCTCGGCCAGCCGCAGCGCCTCTTCACCCGTGGCCGCCTCCAGCACCCGGTAGCCCGCCATCGTCAGCGTGCGCGTCGACAGGTAGCGGGTCGCCTCGTCGTCGTTGACGTTGAGAATGGTCGCGGAAGCGGAAATGGTGATGTCAGCCACGGCGGCTCTCTCCGTTATCAGTGCCCAGGCCCGTCTTGTGCAAAGCGTCCCGGATGCGGGCGATGGCCACTTCACGGCTCAGCGTGTGCTTGGCCAGGATGGTCGCGGTCTCCTTCGCCAGCCGCTGGCGTTCGTCTTCCTGCAACTGTCGCGACGTGTGGAGGATGACGGGGATGTCGCGCGTGCGTGGGTCGGCCTTCAAGTCGTCCAGCACGTCGAAGGCCGTCATGTCCGGGAGCACGAAGTCCAGGAAGATGAGGTCGGGGACCTGCTCGCGCGCCAGCTGGATGCCCTGGGGCCCGGTGGCCGCCTCCGCCAGCACGTAGGGCGTGTCCTTCAGGAGCTGCCGCAGCAGGTAGCGGTGCACGTCGTCGTCGTCGATGATGAGCAGCTTGCGCACCGGGCCCGTGCGCGCCATGGAGGCCAGCTTGCTCAAGAGCTGCTCCTCGACGACGGGCTTGAGCCAGAACTCGTCCGCGCCCAGCGCGCGCGCCTTGTTCTCGCGGTCCATCAGCGTCACCACCAGGATGGGGATGTCGCGCGTGGCCGGGTTGCCCTTGAGCTCGGAGAGGAAGCCCCAGCTCGTCTCGCCCTCCAGCATGACGTCCAACACCACCGCCGCCGGGCGTACCCGCTGAATCGTGCGCCGCGCATCGTCCACCGTGCGCACCGGCAGCACCTGGAAGCCCGAGCGCGCCAGGTACTTCTCGTACAGGAAGAGCGTCTGCCGGTCGTCCTCCAGCACCAGCACCGGCGCGCGGCCCGGGTCCAACTGCTGGCTGCGCTCGGCCAGGCCCGCCATCTCCTGCACCTCCGGGTGTACCCGGGGGATGGTGAGCATGAAGGCGGAGCCCTGGCCCGGCGTGCTGTGCACCGTGAGGTTGCCGCCCAGGAACTCCGCGAGCCGCCGCGACAGCGCCAGCCCCAGGCCCGTGCCCTTCACCTTCTTCTGCAGCGGGCTCTCCACCTGGGTGAATTCCTCGAAGATGCGCCCATGGTGCGAGGGCTCGATTCCGATGCCCGTGTCGCTCACCCGGAAGCAAACCGTGTCGTCCGGGCCCCGCTCGGCCGAGACGGTGACGTGACCCTTCTCCGTGAACTTCAGCGCGTTGGACACCAGGTTGCGCAGCACCTGGCTCAC
CP043493.1_gap24	718311	722874	4563	CCACTACACGGCGGGCACCATGCAGAAGACGCTGACGGGCTTCGACGCCAACAAGGTGGTGTGGCTGGCGGTGGACTCCACCGCGGCCAACACGCCGGACAAGTCCGCGGCCTGGAGGAAGGAGAAGGGTTTCTCCTATCCGGTGCTGCAGGACCCGAGCGGCACGGTGGGCAAGTCCTACGCCGCCAAGACGACGCCGCACATGTACGTCATCGATGAGCAGGGCGTGGTGCGCTACGCGGGCGCCATCGACGATGACCCGCGCGGCAACAAGAAGACGGGCGTCACCAACCACGTGAAGACGGCGGTGGATGCGCTGCTCTCCGGCAAGCCGGTACCAGCCTCCACCACCGAGCCGTACGGCTGCTCCGTGAAGTACAAGAGCTAGTGCCGGACAGAGGCGGGCTCCGGGTGTCGCGCTGCGTCTGCCCGCGAGCCCCGCCTCGGAGTTGCCGCGCGCTGGACCCGGCGGAGGTTGTTGGGCAGAGAGCTGAGCAGAGGTCTCCGCCCGGGCCACCGCTTCACCGAAGGGCCGCCGCGAACGCGGATGGGACGTGTTGGGGCGTCCAGCCCTGTGCGGCGATCCGCTTCAGCGCCTCCTGCATGGCCTGGTGCTCGGGCGTGCCGGCCTGGTCCCACAAGGCCCAGCCGATCTGCACGTGGGCATCGAGCCGGCCCTCCAGGTTCGTGATGCGGAAGGAGGCGGGCGCGTCCATGGGACGGTCCTCGAGGGGACCGGCGACCCACACGCCGTCATGGCGCAGCTCGAGGGGCGCCTCCCAGGTGTGCCCGCCCCCGTCGCGCAGGGTGAGGCCGCGCTCGGGCTTCTCCTCGAACAGGCGGGCGCGAGCCTGCGTGCACACGAGCTCCTCGAAGGTCACGAGGTAGTCGGGTCCGGGGGGCTCCTGGGCGAGCGCGTCCGCGCACCAGCGAGCGAGTGTCTCTCGGGTCAGCATGGGGACCACGGAGAAGGAGGAACCCACCTCGTAGATGGACTCAATGGAGACGCGGGGCGGCACGACCTCCTCGCGGATGTGGACGGCGGGCACTCGGGGCGGGACGTCCGGGACGAAGAGGGGAATGCCCCGGGTTTGGCAGACGAGTCCCAGGTCCACCGCCAGGGGACGGACCACGGGCGCCAGGGTTTCGATGACGTCCAGCGCGCGCCGCATGAGCTCCTCGGCGGGGGGGACCTCGGCCTCCGGGATGAGGGCGAACGAGACGACCGTCCCCGGGGGTTTGTGCAACAGACATGGGCGGCTCACAGCACCTCCTTGACCCACTGCGCCGGCAGTTGGCCCGGGTTCAGGTTCTTCAGCTTGAAGAGCAGCTTCCCCTGCATGTCGAAGATGTTGATGACGTCCAGGTGTTTGATGCGATCCATCTTGCGCTTGCCGCCGTTGAGATCCCGGATCAGATCATCGATCAGGTTGCCCTTGGCGTATTCCTGCTGGGTGGCGGGGTTCACCGTCCTCCAATTGCCTTGAGCGTCGAACACCCGTTCGTTCGTTCCCAACTTCGCGGTCTCGGGTGGCCACCGCAAACGCATGCCCGCCTCGTAGGTACCTGGGGGCCGGGCCACCGTGCCCTTGATGACGTCATTGGGAATCTTCGCCGCGCCATGTGAGACGCCGGGCAGCAGATCTCCAGCGGTCGCGACGGGCGTGTCCGGGGTGTACAGCTCCATTCGCCGGGTGACCTGGGTGCCCCCGCCGACGAGCGCCTCCTCGGCGACGACGTCGAAGGACTTGCCGGCGCTCTTGGCGTCCTGGCCCACGTGGACCACCAGCTTCGTGCCCGGGTTGGCCGCCTGGGCCTCCTGGAGGACCTGTCGCGCCGCCATCAGCTCCGAGACGTTGTCCGGAATCCGCTCCGCCTCACGCGCGGCCGTCTCCTTCACCCAGTCCTCGAAGCCATGGACCTTGCCCTGCTTCTCCAGCGCGGCCATGTCGTTGATGACGTCCAACTCCGAGGGGCGATTGATGTTGAGCAGCTTCTGCTCGATGTCCGTGAGTCCGCTGGCGCTGCCGGGAAAACCGGCCCGGGCCGCGGACAGATCGGCGGCGACCGGTGCGGGAGGTCCCTTGACCGGCATGGGGCTGGGAGGGGGCGCTTGGGTCGGCGCGGGCGCCTGGGTTGGCGCCGGCGTCGTCGCACCGGTGGGGGGAGGGAGCGCCGCGTTGTCGTTGGCGGGCGTGGGGGGCGGCGGCGGGGCCGCGTTGTCGTTGGCGGGGGGCGGGCTCCCCTTCGCGAGCTCGGCGGCCTTCGCCTCCTCCGCCAACTCCCGCTCGGCGTCGTCGAGCTTCTTGGAGAGCTCGGCCATCTCCTTGTCGACGGCCGCGACGAGCTCGGGATTCTTCAGTGCCCCGGCCTCCGCCTTGAATGCCTTGTAGGCTTCCCGGAGTTGTCTGAACAGCTCGGGCGTCTCCTTCAACAGTCGCCCGAGCGAGTACAGCGCATACAAGGCCGTCAGCTTGTCCCAGCACCAGAGGAACTCCCGGCCGTGCTGCAGCTTCATGATGTCAGCGCGGTAGTCCGCGAGCACAACACCCGCCGTCCCGATGATGATGTCGAGCGCGGCCACGGCCCGGGCGAGCCGGGTGGTTGCTCCCGCGAGCCCTCCCACTCCGCTCGCGACCAGGGCCACGTCTCCCACCAGGGCCAGCTCCTGCCTGAACTGCTTGTTGTAGAGGTTGAGCAGGTTGATGGCGGGCATGTAGACGGTCTTCCCTGCCGAGGCGTCCTCCAGCTCCTCATCCGAGACGAAGTGGATGGCGATCAGCTCGTTGGGGTCGAGCTCATAGGTCCCCAGGGAGAAGCCGAGTCCGGCGATCGACTGCCAGATCGTGAAGGAGATCTTCCCCTCCTTCGTGAGCTCCATGCCTTCGTAGGTATAGCGGACCGTGGTGTATGCCTTCAGGAGGCCAGGGCTCGACCAGGGAAAGCGCTTGGCGCTGCCCATCTTCGCGGCCACTTCCTTGGGTCCCGCCGCCGTGATGGACGCGAAGTACAGCGAGCGCAGCTCCTGGTGGTACTGCTTGTACTCCTCTCCATCGATCGCGCTCTCGAGGCTTTTCAGGAGCTCGGAGTTGTTGCCGCGCAGCTCCTCGAGCAGCTTCGCCGCGTCACCCGACGGCGTCGAGGCCATCAGCCGGATGATCGTCGCCTCGTCCTCGTCCAGGACGAACGTGCCCTGTGCGATGGCTCGGATGAGCGCGAGCCGATCACTCAACGAGAGCCCGCGCATCTCGTCCTCCGACAGCTCGGCGGCGAGCGTGTCGACGTCCCAGCCCCCTTGAGCCAGACGCTCCAGGAGGTGCTTGACCCTGTCCGAGGGGCCGGGAGCCTGAGGCGTGGGCTGGGCCTCCGGTGGGCTCACGCTCGGAGGCGGGGGTGCCGACGGCTCCTGGGACACGACGGGAGGGGAGGGGGCTGGAGCCGTCTTCTTGGGCGCGGGCTTGGGCTTGGAGGGGACGAGGGGGTGTTGCGGCTCCGGGCGAGGATCGAGCAGCCCATCGGTCATCACCATGCGGGTGGTGGTCTCCGTCTCGGAGACAGTGAGGCGCCGTGGCGCGAAGACCCCGAGGCTGAACTTCGACGTCACGGCCGTGAGGACATTGAGCGCATCGGGGTTGATGAGGACCTCACCTCCGGAGAGGACGATGATGGAGATGTAGAGCCTCCGGGTTTCCTCGACCCAGTGGGTGTTGAGCTGGAAATCCAACTCGGGGGAGAAGCTCTCGGCGATGAGCTGACCATTGACGAGGAACAGGACCCGTCCCCCATTCTTGGAGACAGAGACGGAGGGTTGTCCCTTCAAGGGTTTTCGTTGGAGCCTGAGGCCGAGCCCACCACGGCTCTGTTGGACCACGTGGGCCAACTCATGGGCCAGCAGCTTCCTGCCCTCCGGGCCGTGGTGTTGCGAGGAGCCCTCGCGGAACACGATGTGGGACCCCACGGTATAGGCGAGGGCCTGTACCTGCCTGGCGGATTCAGCCGCGCGTGCATCGGTGTGGATGCGCACGCGGCTGAAGTCGTGTCCGAAGTGTGGCTCGAAGACGCGGCGGGTGGCGGGGTCGAGCGGTTGGCCTTCGGACCGGAGCACTTCGCCGACGCTGGATGGCAGGGACGACGGGAGCCCGGTGCCGTGGGTCGGGTTGGTGCCGGAGGGTGGAGCGAACCCGGGCTGTAGCGCACCCGTGCCAGCGGTGGCGTCCTGGAGCGAGACGTCCTCCGCGGCGTCATCGGCCTCGCGCTCGAGCGATGCCTCGGTCCTGCTCACGGCGGTCCACGGTCGCACGGGAGGGGTCCACGTGCTCGCACCGGGCTGTTGCGTCCTGGTTTCCGAGGCAGGCTGCGAGCTCGGAACATGTGAGGCTTTGCTGGACATGTCGGAGCCCCCTTGGATTCGACGGTAGCACCTCCACGTTCACTTCAGCTGTGCTCCGGCGTCATATTGAACATTCGGAGGTGTGCGGCACATGCAAGCAGGGTGGAACATTCGCAAAGCCAGCGTGGAGGACATGGACGAGCTGATCCGCCTGCGCGTGGCGCTGTTGCGCA
CP043493.1_gap25	748521	750605	2084	AGGTCCTCGCGGTACGCGTCGGTGCGCTGGTCGTACTCCTTGCCCGTCTTGCAGCCCTCGGGGAAGTCGTAGGCGGTGGCCTTCACCGCACTGGCCGGCAGGATGGGCCGCGACTCGGCGTCCTTGGGCAGGAGCTTATCGCTGGCCGCGATGAGACCCAGGTTGTGGAAGGAGAACTCCTCGCCACCGGAGTAGGCCTTCGCTGGTAGGTAACACTTCGTCTTTCCGTCCGAGCCACATCCAGTGCCCGGCTGGAACTTCGCATCCAGTACGGTGGCATCGATGAACCCCATGTAGGGGTCACCCGGCTCGGTCGAGCCACCACAAGAGATGGCACCCAACGCCATCGTCAGCGTCAGTGCCCACTTCTGCTTCGTCTGCACGAGAGCCTCGCGGGGAAACGGGGGGAGGTGGCTCGCGACACGGACGTTGAATAGCGAACGGCGGCCGCTGCCGGGACGCCCGTGTATCAACAGTTGAGGAACTTTTCCAATTAGGGGGCAGTTTTCACAGGAACGTCACTCGTGACCCCCGGGGTAGGGAAGACAGCGCCTGGGATTCGCGCTATGAGAGGGTTCCCCTCTATATTCAGGCCCCATGTTCGCGCAGCAAACCGCCCCACAGCCTTCCCACCTGTTCGGTCCTGCCCTGTTTTCCCTGATTATCCACGTTGGGATCATCGGGGCTTTGTTCTTCATGGCGAGGCCGCAGATGAAGCCGGTGGAGGAGGAGAAGGAGGTGGCGGTGTCGCTGATGCGGCAGCTTCCGCCCCCGCCGCCTCCGCCGCCGCCTTCCGGGGCGGTGCGCTCGGTGGTGCAGCGCAAGCCCACCCCTCGTAAGGAGATGGTGATCCGCCAGCCGGAGAAGATCGAGCCCATCAAGGTCGAGGAGAAGCCCAAGGAGCCGGAGCCCGAGCCGGAGCCGGAGCCCACCCCCGAGCCGGAGCCCACCGCGGTGGAGAACCCGGCGGGAGTGGCGGGCGGAGTCGAGGGAGGGGTGCAGGGCGGTGTGGTGGGAGGAGTGGTCGGGGGCGTGGTGGGTGGCGTGGTGGGCGGGCAGCTCGGGGGCACGGGGGAGGAGCCGGTGAAGCCCAAGAACGTGCCGCCGTTCGTCATCCAGCGCGATGTGGTGCGTCAGACGAAGCCGCGGCTGTCGGAGGTCTTCAAGCAGTCGCACCGCAACATGGGCACGGTCACCGGCATGTACCGCATCTGCGTGTCCACGGACGGCAACGTCTATGAAGTGACGCCGGTGAAGTCCGTGCCTGGCGCGGACGAGGACATCATCGCGGGCATCAAGGACGGCTGGCAGTACAAGCCCCAGAAGGTGCCGGTGTGCTTCCTCTACAACATGCCCATCACCATTCAGTGAAGCGGTGCGGGGCTAGCGTCCCTTGAGGAAGCGGCCCGACTGCTTGTCGAGCAGCTCGAGGCCTGCCCTGGCCTCGCGGCACTCCGGCAGGAGCTGGAGGGCGCGCTCGAAGCTCTCGCGCGCGCGATCAAAGAAGCGCGTGGTGAGGTACTGGTAGCCGCGGGACACCAGCTCCATGGCCTGGTGGCGGGGCGTGGGTGACACCCGAGTGGCCCGGGCGAACAGCTCGAGCGCCCGGGCGTAGTCGGCGGACTCCAGGGCCAGCATGCCGAGCTTGTAGAGCTGGAGCGCCGCGGCGGCGGGCAGGGGTCCGCTGCGAGCGGGAGACGCTGTTGCCGGCTTCAGCTCGGGGATGGGCTGTATCGGCGTGGTCGGGGTACGAGGCGGAACCGAGGCGACGGGCACACCGATGACGGGCGTCAGGGCGGGCCCAGGTCGTGGAGGGGCCGGGAGGCTCGGGGCCTCGGGGGCGGGCTTCGCCTGGGCCATTCGTTCGCCCCACTCACGCCGCTTGTCCGGCAGGGAGAGCACCTCGAAGGCCTTCTTGGCGCTCAGGAAGAGCTCCAGGGCCTGGGCCTTCTCCTCTGGAGACTTCATGCGGAGCCGGTCCGGGTGGGTGCGGCCGGCGATGGCCAGGAAGGCCTTGCGGATGGCGGGCAGGTCCTCCCTGCCGCTCAGGCCGAGCACCTCGAAGGGATTCCTGCCGTGGAAGG
CP043493.1_gap26	759097	760221	1124	CCAAGCCCGTGGGCGAGGGCAGCGGGCTGGGGCTCTCGGTGTGCCGGAGCATCATCTCCGCGCATGGCGGGAAGATCTCCGTTGAGAGCGAGGCGGGCCGGGGCACCACCTTCCGCGTGAGCCTGCCGGTTCATGGCGGCGAGGCCTGTGCGTGAGCGGTGCCCGGCCCTTCCGGGTTCAGCGCTGGCCGCTTACCAGGTGGCGCCGAGGTTGAGCGTGCCCGTGTAGCTGCCTCCCGAGCTGAAGGTCTCGTTCCCCGGCAGGTCAACGTTCGCCGGGGGGACGGTCCCAGCGAACTCCTGATCGAAGAGGAGGTTGTAGTTGAGGCGCGCGTCCGCGACGAAGTCGCCGATGTGCAGGCGGAGCCCCGCGCCCAGCGGCACGAGACCCACGTTGTCATCCTGGAAGCCCGGCGCCGCGTTGCGCACGTTGTAGTTACTGATGCCGAGCCCCGCGAGGACATAGGGCTGCAGGGGAGCGGCGGTGAGACCCACCGTGGCCACGGCCTGCGCTCCATTGCGCAACACGTCCGGGCCACTCGTCCCCGTGAGCGGCAGTTGCGTGTCGAAGTTGTTCGCCGCGCCTGAGTAGCCTAGCTCGAGACCCACGACCTTGGTGGGCTTGAGGACGATCGTGGCCCCATAGGCGACACCGGGGTCGATGTCCTGACCGAGAGCACTGGTATAGCCCTCCACGCCACCACCGAGTTGCACGGTCAGTCCGCGCATGTCCGCGCTGGACTCCCGGCCCTCCCGCGCCATGGCGCTTCCCGCCCAGAGAGACAGCACCGCGATACCTGCACCCGCCACCAGCTTCTTCGTCATTCATTCCTCCTTTAGGACGGAGGAAAGCTGGAGGGTGCTGGTGCACCGTGCCACCCGGCAGGCAGGGGAACAGGCGGTGGTCTGCTCTTCTCTTCAGCTTTGGGGCCGGCCGCTCGCGTAGGGGGCCAGCACACCGTAGAGGGTGGCCATCACCGGCGTGGGCACTCCGGCTGAGCGGCCCCGGCGCACCACTGAGCCCATGAGGGCCTCCACCTCCAGCCGCTTGCCCTGCTCCAGGTCCACCAGCAGCGACGCGCGCATCTGCGGAGGCAGTCCCTGAAGCTCCCGGACGAGTGACTC
CP043493.1_gap27	765556	770033	4477	GTGAACGCTCCTCCGCCTCGGGAGACAGTGGTCACGCCTGGCTCGGCTCGCACTCCCAGTGCATCCTCCACGCAGGTGGAAACTTTTTGACGCAACTCGCGATAATCCCGCCATCATGAAGATCCAACGCCCGGGAACCCCCGCTCCCCGGACCCCGACCGCCCGGACGGACTCCCCGGTCACCCCCCTCAAGAACACGGTCCGTTCGCCGGCCCCGGCCGCTTCGTCGGCCCCGGCCCGCTCCGCCGATGCCTTCGAGTTGTCCACCCGCGCCACGGCCAAGGCTGTCGCTCCCGGCCGGAGCAACGCCGCCCGGAACCTCCCCGCCGAGATTCCTACCGGTACCAAGGACTACTACCGCAAGCGCTACGACGACTTCGTGCGCCGCAACCCGGGGATGACCCCGCCCTCCTATTACCTGGAGTACGGGCAGAAGTACTGCGACCGCTTCTCCAGCCTCGGGCCCAAGGACCTGACCCCCGAGGGCCTCGCGTGGCGCGATCGCACGCTCAAGGCGCTCCAGGACGCCATCGAGACCAAGCGCATGGAGGACCCGGCGGGCTTCGCCCAGCTCGAGCGCGACCCCGAGGCCTTCAAGAAGTTTGCCTACGACTCGCACCCGGACGCCTACGTGCAGTCCGGCCTCTACAAGCTGCCGGCGCAGGACTTGATGAAGATCGGCACCACGCCGGAGCTCAAGGACCTGTTCACCAAGGACGGCCTGCGGCAGATCGCCGTGGCGCTCGGCAAGATGGACGCGGGGGACATGGCGAGCGTGGCCAAGGAGTCGGCCAAGGAAATGTGGAAGGACCTCAAACACTCCTTCTCCCGTCTCTTCTAGGGAGGCCTCACCTGTCGCTTCCCAGGTCGCGGGCGGGCTGGCATCTTCCCCCCCGCATTCGAAATCCCGAGGTTGACGCGTGCCGGAGAAAGACTGGGAGAGGCTGGGAGAGCTGTCCGAGGGTTTGAGGGTCGGAGCGGTGGCCGCGAGCCCTGAGGGCTTCGGGCTCATCGGCGCGGCGTCGGAGCCGCCTGGTGTCAGCCTCCTGGAGCGGATGAAGGGCCGCCGGGCCCAGGTGTACCGCGTCGCCGCCGGAGCCGTGACGCGGACCTGGGAAGGCCCCGGCTGGATTCAGGCCATGGACTGCCATAGGGCGGTGGGTGTGGCCATCGGCGCCACGTTGAAGCCCTCGGGCTCGGGCTCGGACTACCACCTGCTGGTGTCCTCGGACGGGGGCCGCGAGTGGCAGACGCGCGGGCCGGTGGACGCGCCGAGCCTCGGTCAGGTACTCGCTGTGAGCGATCAGGAAGTCTGGGTGCTAGGCGCCTGGTTCCTGGGGCGCACCGCGGACGGTGGCGCCACGTGGACGGAGCTGGAGCTGGAAGGCGAGCGCAACCCCCACACCGAGCGGCTGCGGCGGGTGGAGGGCGGCGTGGCCCTGTTGGGCAAGGGGCTCTCCGTCAGTACGGATGGGGGTGCCACGTGGAGCCAGGTGGACGTGGGCGCGGCGCGCGTGGTGGACGTGGACGGGGCCTTCGTGGCCGCCGTGGTGCAGGGACAGGCTCGGGTGGGCGAGCGCCAGGGCTCCGAGGTGCGCTGGCTGGAGCCGCTGCCGGCGGGCCGTGAGCCGCTGCGCCTGGTGGCCTCCGAGGGCGTGCTGCGCCTGCTCACCCGTGGCGCGGACCCCTCCAAGGGGGCGGACCCGGCGCTCCACGTGAGCGAGGACGGCGGGCAGACGTGGTCGAGCCACTCGCTGCCGCTCGGGCCTCAGGTGGACATCGCTAGCCGCGAGTGGGGTCTCGGCGTGGACATCCGTGGCGGCGTCTACGGCCGCGTGGGGTGAGAGGGTCCACGCGGTCGCGCGGCACCTCTTTGTGCTCGGGCCTGATGGGTAGCTCGTTCTCTTGAGCTTGCGGAGCAACGAAGGAGCTGCCCATGTCCTGGGCGACAGTTGAGTACACGGAGAAGCTGGTTCGCTACTTCCGCGGGGTCTGCGAGCGGCATCCAGAGGATGATGCGTTCGCTCGTGACTTGCGCTTCGCCGAAGAGCTCGCGCGCCTGAATCGGGAAAGGCCATCCGATTGGGGCTCACTGCTGCGCAGCCTCATCCGCCGGCTCGAGGAAGCGCGGAGTTCAGGCGACCCGTGGGGCTCGGGAGTTCACGAGGTGTACGTCGCCGCCAAGAACCTGGCGGAGACAGCTCCCTGAAGCGCCACGAACACGTGACTGCTGTCGCTCAACTTCGTCCTCTGCCTGTCTGCCTTGATGGGCAACCTACTAAGGACCTACTAACTAGGACCAGCTTAGTAGCTCCTAAGAGGGAACTACTAGGGACCTACTAACTAGGACCAACTTAGTAGCAGTCGTTCTTGGCGGTAGCGCTCCTCAGCAGTACCATCCTGCTACTAATAGTTACTAAATTAGTAGTTCGGAGGTTCCGTGCGGATTCCCTCGACCCCTCCTGACCCCGACGCGGTCCTAGATGCCGTCCTCAAGGGTGGGGGAGAGCTCCTGCGTTTGTTCTCGAGGGGAATCAAGCCGGAGGTCGAGGGTCAGTACCTTCATTGGGACGAGCTTCGACGGCGCCAACCTCCAGAGGGACTGACGTCCGAAGAGTGGTGGGCCGGCATCTGCCTGGCCCGGAATGTCGTCAGGACCGAGTTACCCCTCACGGACAACACAGGGCGCAAGTTCCATTTCGCGCGGACTGACGGCTTCCTCCTCGCATTGCACCAAATCGACCGCGAGATGGGTGGACGGCTCGAGATGGCCGATCCGCGGTTGGCCAACAAGGAGGTTCGAGACCGCTACATCATCCGCTCTCTCATGGAGGAGGCAATTACCTCCAGCCAACTGGAGGGAGCTTCGACAACCCGCCGTGTTGCGAAGGACATGCTTCTCCAGGGGCGGAAACCGCGAACGAAAGATGAGCGGATGATCTTCAACAACTTCCAGGCAATGGAGTTGCTTCGAAAGAATGCTCAGGAGCCTCTATCCGCGGCTTTCCTCCTTGAACTGCACAAGGTCATCACCGAAGACACTTTGGAGCCTGGAGAGGAGGGACGGCTGCGGCGTCCGGATGAGCCCAACACGGTGCATGACATCAGCGATGGAAAGGTCCTCCACGTTCCTCCAGACGCGAGCGAGCTTCCTTCGCGAATCGAAGCGCTCTGTGCCTTCGCGAATGAGAGCGCCGGAGATGCCTTCATACACCCCGTCGTTCGCGCGATCGTGCTCCACTTCGCGCTCGCCTATGACCATCCCTTCGTCGATGGCAATGGCCGTACCGCGCGTGCACTCTTCTATTGGAGCATGATCCGGCAAGGCTACTGGCTCGCGGAGTTCCTCTCGATCTCCCGGATCATCCAGAAAGCACCCGCTCAGTACGGGCGTGCATTCCTGTACACCGAGACAGATAGAAGCGACCTCACCTACTTCCTCCTGCACCAATTGGAGGTCATCCGGCGGGCAACGCAGGACCTCTACGCGTATCTCGACCGCAAGAGCAAGGAACTGCAGGAGGTGGATGTGCTCATGCGGGCTGGCAAGAACTTCAATCATCGCCAGCGGGCGCTCTTGGCTCATGCACTTCGCCACCCCGGCGAGCAGTACGCCATCGAGCCCTACCGCCGCGAGCACGGCGTCGTCTACCAGACCGCCCGCCAGGATCTGCTCGATTTGGAGAAGGCGGGCTACTTACAGAAGACGCAAATAGGGCGAGCCTTCTATTTCCGCCCTGTTCCAGACCTCGAGCGACTGTTGAGGGAGAAGACTCCCTGACGTCGCCGCTCGACTCCTGCCCCTCTCCCGGCAACAGGAGAGGGGGCTGGGGTGGGTAGGGAACGTCAGGGGCTACAGCTGCACCTGCTCACGACCCGGGTGGGTGATGTAGCCGTGGCCCGCGTCCACCAGCTTCTTCATCAACCGGTCCATGCCGTTGGAGCGTGAGAAGGCCATCTCGTTCTTCGTCACGCCCACCAGCGTGAGCAGCTGCACCTTGCCCGACTCGAGCTGGAAGTGCGTGGGGCGCGAGGGGTCCGTCACGAAGACGAAGCCGTTGAGCTTCGACTCACCGCCCGTCAGCGTTCCCTCCACCGGGTAGCGGTGGCCCATGGCGAAGGCCCGCATGCACACCAGGTTGTAGGCCATCATGTCCAGCAGCCGGAGCACCGGCCACTGCGCCTCCTCGGGCGTGTGGATGACCATCTCGTAGCCCAGGCCACTCGGCTCGTTCGAGTCGAACTCCTGTCCCGGGGCCAACGTGATGGGGTTGGACAGCCCGCTCGTCACATACGTCCAGTAGGGGTACTCGGGGCTCGGCGGCGCCACGCGCACGCCCATTCCTCCCCAGTTGGGATCCAACTCCTGCACCTCGGCCAGATCACTCTCCAGCCAGGCCTCCAACGCACCGCTCTGCTCCAGCGTGTAGACCTCTTCGCTGATAGCCCCGAAGAGCTTGGGGTACTCCACCTCGTC
CP043493.1_gap28	811827	812934	1107	CGACGCGCACCCCGTCTCCAAGGGCTACCTCTGCCAGAAGGCCGCACGGCTGCAGCACTATCAGGAGAACGCGGATCGCCTTGAGCACCCGCTGCGCCGCGAGCCAGACGGCAGCTTCGTGCGCGTAGGGTGGGATGAGGCGCTCGCCGACATCGCCGCCCGGCTGGTCGCGCTTCGTGAGCGGCATGGCGGTCGCGCGTTCGCGTTCTACGGCGGTGGCGGCCAGGGCAATCACCTCGGGGGCGCGTACAGCCGGCAGCTCACGAAGGCGATGAAGAGCCGTTTCGTGTACAGCGCGCTCGCCCAGGAAAAGACCGGCGACTTCTGGGTCAATGGCCGGCTGTTCGGCGACCAGCGTTGCCACATCACAGAGGATGTCGAGCACGCGGACGTCGTGCTCTTCATCGGCACGAACCCCTTCCAGGCGCATGGCATCCCGAATGCGCGTGACACGCTGCGGGAGCTGAAGAAGGACCCCGCGCGCACGATGGTCGTCATCGACCCGCGCAAGACGGAGACGGCGCGCATGGCCGATGTGCACCTTCAGTTGCGCCCTGGCACCGACGCCTTCTTGCTCGCCGCGATGCTCGGCATCATCGTGCGCGACGGCTTGCACGACCGAGCGTTTCTCGCCGAGCGCTGCACCGGGTTCTCGGCGGTCGAGGCCGAGCTCCGGGCGCTCCCCATCGAGGAGTTCGTTCGTCGCGCGGATGTGCCTCTTGCAGACGTCGAGCGCGTCGCACGGACGTTCGCCGGCGCGCGCGCTGCGTGCGTGCGCGTCGACCTGGGGTTGCAGCAGAGCCTTCACAGCACGCTCAACTCGTACCTTGAGAAGCTCCTGTTCCTGCTGACCGGGAACCTCGGCAAGCGCGGGGGGAACAACTTCCACTCGCTCTTCCTGCCGATCCTCGGCAACACCGACGAGCGCGCTGGCCGGCACGTGCGCACCGCGCATCACCGCATGTTCCCGATTGGTGGGCTGTATCCGCCGAACATCCTGCCCGATGAGATCGAACATGACGGCGAGGAGCGCGTGCGTGCGCTGTTCGTCGACAGCGCCAACCCGGTCCTCACCGGCGCGGACACCGCAGCCTACGAGCGCGCGTT
CP043493.1_gap29	814285	817019	2734	TGAGCGGTGCGGCGACCCGCGCGAACTCGTCTGGAAGGAAGTCGGAAATCCATACCAACCTGCTGGTTCGCGGCCCCTCGGTGACGACCTGCATGGATGCATTGTGATGAGCAGGCGGTCCCCCGACGACCGCGTATGCGACACGCATGGCGGCATCGTCGATCGTGACGATCCGTTCCTTCACGACCATTCCATTCGCGAACGTCACGATCCGGGCGTCCCCTTCCATGCGGCAGTCCACGAGCACGCCAGGGGTCAGCCGCTCATGCGCCCGTCCCACGTCACGCACGTCCCTCCAGACCTCCTCGGCGGGCGCGGGGATGACGATTTCCTTTCGAATCGTTCCCATCAGTCAGCCGCCTTCGCGATGGGACCGTGGTCCACGACATCCTTCACCTTCAAACCGATGTCTTCGTACATGCTCCCTCCTGAAGAGAGGGGTTCACCGTACGAGCCCTGCCGCCAATCGATCTTGGAGGATCTTGCGGTCGCCTCGGGCCAGCCGACGGAAGCTTCGCGGCGACACGCCCGCGGCGCGGTGGAACGACCGCGTGAAGTTGGAGAGGTCTCCGAACCCCACGTCATAGGCCACCGTGCTGATCGCCTCGTCACCCTGGGCCAGCAATCGCGCGGCCTCTCGCAGTCGCAGGTGCACCAGATACTGGTGGGGCGTCACGCCGAGCACGGCCGAGAACAGCCTGAGGAAGTGGAAGGGGCTCAGACCAGCCTGTCCCGCCACCGCGCCCAGATCGATCTCCTCTCGGCTGTGGGCGTCGAGCCACAGCGCCGCATGGACGGCCCTTCGGCGGTCGCGAGCGTCAACCTCCAGCGCCCGTTCGCGTTCCCCTGTCACGGCACGGACGAAGGTCGCCGCGTAGAGGATGCCGGCCTCGTCCACTCCGACGTCGCTCCGGCTCGTCGTCGCCGCCTGGGCCAGCTCTCCCGCCACGGCCAGCTCGCGAATGGGCGGAACACCGCGCGTGCTCCAGATGTCTGACGGACCACCCAACGTATCGAGGAGCTCCGGCGTCAGCCGGAAGCAAAGGCATTCATCGCCGCAAGTCGTGTGGTCGTGCGTGCAGACGTAATCGTCGCCCGCGCGGCCTACGACCGTGGAGCCCGCCACCATGTCGCAGACTCGCCGGCCGACCCGGTACCCGAAACTGCCCGTGCGCACGTAGGAGATGCTCGTGCTCTCGTGCAGCTCGGTGAAAGGCTCCGCCGAGGTGCCGGCCTCGCATTTGTAGGCCACGACCGTGAGTTGCCCCGTCTTCAGGACTGTCTGTATGGCCATGGCAAGGAGGCAATACTACGCGATGACTCGGGGCCGAACCTGGACATTCTTGCTGCGGAAGCTGGCGGGCGGGTATTCGGCTCAGCCCGACTGAGGGGCGCTATGACACCCTTCGCGGCGAGCCGACACGGCAACGCTATCTGAACTCGTTCACGATGTAGACGCCAGCACGGGGAGAACCGAGGATGGCCGTCCCAGGCTTGGACTCGGGGTGTTTCCGGAGCTGCCCCAGCCCGAGCCGAGCCACCGCGCAAATAGGCACCTGCTCTCCTCCATCCATGGGCTGGGCGGCGTAGTACCGGATGACGGCTTGTGGCCCGCTGGTCCAGACCCGGCCGTAGAGTCGGGCGGGTGCTTCAAGCAGCCCGAGGTTCTCCTCGAGTATGCTCTCGATGTTTCCCTCGTACAGCGTGATGGGATAGGCGCGGCTCTGGTTCGCATCGAGCTGGACCCACGCGGATTCTCCGACGAACATTCTCAAATAGTTCATCGCCTTGTGCGATTCTGCTGGGCACTTTTCCGGCCCTGGGCTGCCGTCAGCACGGAGGGAGACTCTTCCCGTGGCTGTTCCGGGGCAGCCGGACGACATCACGAGTAGAACGGCGCAAACCAAAAACGCGAGCTTGTTGGAGTCCATGCCGATTGCTCCTATCGCGCGATGAGCGCCGGATCTAGCTGGACGTAGGCTTGCCGCATCCCATCGTGCCGGTAGACCTCCAGCAACAGGCTCGTCAGCTTGCCATCATCAACGAAGGCGCCACCGTCCACGACAAAGGCCAGCACACCAGACCCACCGGGCGCGATTTCACGGACCGTGGAGCGAGTAGCGACCGCTCGCTCACGGCCCTTGTCCAGGGTGACGAGACGAACCGACTTCATGCTCCAGGGCTGCTCTGATGCCACGTTCTTGAGCTTGAAGACGACAGCGACCTTGCCCTTCCCCTGGAGTACCTGTGCATCAATCTTGGTATCACCGTCCTCGCCAGAGAAGCGGTCCACCACCCTGAACGGCGTCTGCACGACCGCGCCCGTGGCCAACAGGGCGGCCAGGGCATGGTCCTCTGAATTCTCTTCCTTGCGATAGCGCTGGTTCTCTTCGATGAGCGCGTCGTTCTTCTTGAGTGCTTCCAACAGAGCTGCGTGCATGGCCGCGTTGCTCTCGTGGTTTTTGAACACGTCGATCTGTTGATCCGTCCACGACCACTCGTTGTGGCCCGGGGGTCTCAGGAGAAAGGGCACCTCGGTTCCATCAACCAGCGACACGACCACGGGAATTGCTTCGTCGTCGTCCAGGTCATGGAGGGGCTCCAGGAGCACCTTGTTGCGGACCACTGCCAGCGGCTCGAGCCGGCCCTCCCAACCGATCAGCTTCGTCTTGAGTGGATCAACGGGCTTCTCGAACCGGAGAGTCGTGACGACCTGCCCCTTCACGTAGACGCG
CP043493.1_gap30	818708	822352	3644	CGAGCCCATGCGGCCATCTCCCTCGCCTGCCTGGGCGAGCCCGACGTCAACTGGACGAGCAGCTTTCCACGCAGGCCCTTCGTCACGTCGTCCTGCCGGAGCAGCCCGTCGCTGGTGACGTAGTCGTTCACGTTCACGACGACGAGCTCCGCATCGGCGACGGCGTCCCGCACCGTTTCCGCGACCCGTGCCCCCAGGGCGGCGAGCGGCGCGCACTTGGACTTCGTGCGATTCCAGATGGCAACACTGTACCCCTGCTTGAGAAATGCACTTACGAGCGCGGAGCCCATACGCCCCGTACCGAGAACCGCGATGCCTGGCTTCATGACGATGTTCCTCTCTCTCCTCTGCTGTCGCTTCCCGACGAGCGCCAGCGTCGTCAGCCATGACTACCGCTTCCCCCTCTGGCGGGCGCGCACGGGTGGATGATTCGAGAGCACGATTGGACGGTGCACCCTCTTCGCGGCTTGGCTACGCCAGTCAGCGCGTTTTGCGCCTCCTGCCAGGCGGAGTCTCCGGGGTAGAGCGCGGTGCGGAGGTAGGCCCAGGTGAGAAGCTGAACAGCAGCCACTCGCTCGGGGTTCTCGTCCGTGGTCTCGGCGACGTCATAGCCCGAGACTCCGCCCAGCCCGTGCCCTGCGTCGAACAGGGTGAGCAGGGACTTGGGGCTTGGGGAGAGGAAGTAGGGATCGGCGTGCCAGTCGGCGCCTGCGTCCGTCAGGTGGAAGACTTCCAGCGCCCGACGTGAGCTTCTCCATCCGTCGGACGGCGCGCTTCACGTCGGCACGCACGCTTTTGCGGTCGTCCCGCCAAGGTACACCCTCCCGCCAAGCACCCACGAGCCTCCGCCAAGCCCGCTTGGGGAGTACCAGGCGGCAGGTTCGATTCCCGCCGCTTCCACATGAAGTTACCCGCCGCTGTGAGCCTCGCCCTCTGCTGGCAGGGGAGCGCGGTTTGCTTTTGGGGACCAAATCGGGCTCCTCGGGACCAAAGAAGGACCAAACGGAGGGGTTCCGACGTGGGCAATCGCAGGGTATGGACTGGCAGATAGCTCTGTCGCTCTATCGGCCGAATTGGGACTGCAGGCTCTCTGGGACGCGCGCTCCTTGGATCTGGATGTGCGCGGCTGCTTCCTCGATGCTCTGCAGATCTCGAGACGTCAGCTCAAGGTCGATAGCGCCCAGATTTTCTTCCAGTCGATGCAGCTTGGTGGTGCCGGGGATCGGCACAAACCACGGCTTCTGCGCCAGCACCCAAGCAAGCGCGATTTGCGCCGGGGTCGCCTGTTTGGCGGTAGCAATGTGCTGGAGCAAGTCGACTAGCGCTTGGTTCGCTCGCATGGCTTCGGGCGCAAAGCGGGGCAGCAGACGGCGTAGATCGTTGTCGGCCAACGGTGTGGTGAAGTCCATTTTGCCAGTAAGAAAACCCTTGCCGAGCGGGCTGAAGGGTACAAACCCAATACCCAGCTCCTGAAGCGTTGGAATGATTTCCAGTTCGTGCTCTCGCATCCACAGCGAGTATTCGCTCTGCAACGCAGTCACACGTTGCACGGCGTGGGCGCGGCGAATGGTCGTTGCACCGGCCTCTGACAAACCGAAGTGCTTGACCTTGCCCTCTGTAATCAGGTCTTTGACTGTCCCGGCTACATCTTCGATAGGCACGTTCGGATCGACACGGTGCTGGTAAAGCAGGTCGATGCAATCGGTTCCAAGACGCCTGAGCGACGCTTCGGTCACTCGACGGATCTGTTCGGGTCGGCTGTCGACGCCCGAGAGCGGGCTTGGCCCGTGCTCGCCGTGCTTGATACCAAACTTCGTTGCGATCACAACCTGGTTGCGTACAGGCGCTAGCGCTGAACCGAGTAACTCCTCATTGAGGAATGGGCCGTAGACCTCGGCAGTGTCAAAGAAAGTCACGCCACGATCGACTGCAGCGCGCAGCAACCGTGTCATCTCTGTCGAGTCGGGCGGCGAGCCATAAAAGAAGCTCATACCCATGCAGCCCAAGCCCATGGCAGAGACTTCGAGTTCTCCAAGTTTGCGCTTTTGCATTTACGATTCTCCTTTGTGTGTCGCGCGAGGGCGATAGGACGGACAAGCCCAGGCGAGGGACACGGACGAGGAGCCCATGAGCCGCACGCGGGGCCGACGCACAAGCCCTTTATCTCATTGACCGCTTGAATGCCTCCGACGAGCCCGCCTGGTCGCCCACGGCGTGAACGACATGCGGGCATGCGGGCTCGCCAGACGGCAACAGTTGACGTTAGCGAGCGTTCTTCGGCGCTCTGCCTTGGTTGCGTAGGAACTCGATCATCCAGCCCGGGTATTCGGCGGGCAGTGCGCTCACCTTGTCGAGCTCGGCGATCTCGGCGGGGTCGAGCACGAAGTCGCTCGCCTTCAGGTTGTCCCTGAGCTGCTCCTCGTTCTTCGCGCCGACAATGATCGCGGAGACGTGGGGCTTTGCGAGCAGCCACGCAAGCGCGACGCATGCGACGCTCGCGCCCTTGGCGTCGCCAATCTTCCGCATCGCGTCGATGCAGTCGAAGGCGCGGTCCTTGTTGACGGGCGGGAAGTCGAAGCTGGCTCGGCGCGAGCCGTCAGGGCTTTTGCCGTCACGACCATGCTTTCCGGACAGCAGGCCCCCGGAGAGCGGGCTCCATACCATGAGCCCCATCTGCGCGTCGTTCAGTAGAGGCACGAGTTCGCGTTCGAGATCGCGGGTGGCGATCGTGTAGTGGGCTTGCAATGACTCGAAGCGAGCCCAACCATGGCGCGCCGCGATGCCGTTGGCCTTGGCGAGCTGCCATGCTGCGAGATTCGAGCAGCCGACGTAACGCACCTTGCCAGAACGGACAACGTCGTCGAGGGCGCGCAGCGTCTCGTCGAAGGGGGTCACCGGGTCGAAGCCGTGAATCTGGTAGAGATCGACCCAGTCGGTCCCGAGGCGCTTCAGGCTGCCTTCGATGGCGCTCATGATGTGAGCGCGGGAGAGGCCCTGCTGGTTCGGACCCGTGCCGACCTTGCCGCGCACCTTCGTGGCGAGCACGACGTCTTTGCGGCGCGCGCCGAGGGCCTTGCCGAGGATCTTCTCGGACTCGCCCTCGGAGTAGACGTCAGCGGTGTCGAAGAAATTGATGCCGCTCTCGAGCGAGATGGACACGAGCTCGTCGGCCTCGGCCTGGGCCGTCTTACCAATGGGCTCGTAGAAGCCCTTCCCGCCGAATGTCATCGCTCCGAAACAGAGTTCCGAGACGTAAAGGCCAGTGCGGCCGAACAGTCTATAACGCATGCGCAATTCTCCTTGACGCAGGCCACCGGACGCCCCGGTCGGCCTGCTCACGGCGCTCACGATACGACCGGCGTGAAGGGTTGCCAGAGGGAGACTTTATCCTGGGACCGCCACCACCAGCCTGAAGGCGTAGCTGCTGAGGGCTTCTTGAGCCCGCGGTCCTCGCGGACCTCGTGGGCTTCGACGACGTTGACGCGTTCGCGACCGAGACCTCGGTAGGGTGGACCCCGAAATCTATCTGGCCCGCGCTGCGCCAGGCCCACGGCGCCCGCGTCGTCGCCCTCACCTCGCGCGGCCACCACGGTCTGGGCCGCGACCAGCCCGCAGCTCGACGGCAAGAGCGGCGTCTACTGCGA
CP043493.1_gap31	831326	834828	3502	TGGTCGTCGTCGCAGCGAGTGCGCCGGTGGATCTCGCGCGGTTTGTCGGCAAGCGCGTCTATCAGGCGCCCATCTCGCAGGCGCTGCCGGATCCCGCAGCGTTTCTGACCCGCGCCGAGCGTGAAGCGAAGCCGCTGACCGTGGCTACTGGGGCGGGTGATGGTGCTGGTGCACCCGTGGTGCCCGCGCCGCCTGCTGCCGCTCGTGGCGCGCCGAAGCTCGTGGCCATCACCGCCTGCCCCACCGGAGTCGCCCATACGTTCATGGCGGCCGAGGCGCTGACCCAGGCCGGACAGGGGCTGGGCTATCCCATTCGTGTCGAGACGCGAGGGTCGGTGGGTGCGCAGGACGTGCTAACCCCGGAGGAGATCCGCGACGCGGACGTCGTCATCCTGGCTTGCGACATCGAGGTCGACTCCTCGAGGTTCGTGGGCAAGCGTGTCTTTCGGACCTCGACGAGCGCGGCGCTGAAGAAGTCCGGCCAGACCATTCGCGATGCCCTGGAGAAAGCGAAGGTCCTGGGCGGTGAGTCGGGCCAGGCCGCGGCCGGGGCCGGTGGGGCAGAGCAGGGCGAGCGGCGCGGCATCTACCGGCATCTGCTGACCGGTGTGTCGTTCATGCTCCCGATGGTCGTCGCGGGCGGACTGTTGATCGCGCTGTCATTCGTGTTCGGCATCGAGGCCTTCAAGGAGAAGGGCACCCTGGCGGCGGCGCTGATGGACATTGGTGGTGGCGCGGCCTTCAAGCTGATGGTGCCGCTGCTCGCTGGCTACATCGCGTACTCCATCGCTGACCGGCCCGGAATCGCTCCCGGAATGATTGGCGGATATCTGGCGAGCAACCTCGGGGCCGGCTTCCTCGGAGGCATCGTCGCTGGCTTTATCGCGGGCTACGCGGCGCAGGCTGTGAGTCGGTACGTCAAGCTCCCGGCCACCGTGGAGTCGTTGAAGCCGATCCTCATCATCCCCTTGGTGGCGAGCCTGGTGACGGGACTGGTGATGATCTACATCGTCGGCACGCCCGTGGCCGCGATCATGTCGGCGATGACGGCGTTCCTGACGAGCATGAACTCGGGGAACGCGATCCTCCTGGGCTCGCTGCTCGGCGCGATGATGTGTTTCGATCTTGGCGGTCCGGTGAACAAGGCGGCGTACACGTTCGGCGTCGGTCTGCTGTCCGCGGGGGCAGGTGGTTACGGGCCCATGGCCGCGATCATGGCGGCCGGAATGGTGCCGGCCATTGGCATGGGCCTGGCGAGCTTCATCGCTCGCGCCAAGTTCTCGAAGCAGGAGCGCGAGGCGGGGCAGGCGTCACTGGTGCTGGGCCTGTGCTTCATCTCCGAGGGTGCCATTCCGTTCATGGCCAAGGATCCCCTGCGCGTGATTCCGACCTGCATGATCGGTGGCGCGGTGACGGGCGCGATGTCGATGTACTTCGGCGTGCAGTTGATGGCGCCACACGGCGGACTGTTCGTGCTGCTCATCCCCAACGCGGTCAATCACGTGCTGCTGTATCTGCTGTCGATCGCCGCTGGCTCGGTGCTCGTGGGGGTCGGGTACGCGCTGGTGAAGACGGGCAAGGCGGAGCTGCCAGGCGTGACGGCGCAAACGCCGGGCAAGTCCTGGAGCGCGGGCGCCGGGAGCGATCGCGCGGCGGCGGGTTCGAGCTGAGTGATATTCCCTCTCCCCTCGGGAGAGGGTCAGGGTGAGGGTAGCCGAGCCCGTTCTCTTCAACCCGTGGCCCTCAGTGTGGACCACGGGTTCAACCCGGGTTCACCCGATACCCTCACCCCGTCCCTCTCCCGGAGGGCGAGGGGAAATTGCCGCGGTTTTCAGCGCATGTCCCTAAAGGGGATTAGGGTTCGCGGGCCATGAACCTCCGAACCCTCACGCCCCTGCTCGTCTCCCTGATGACGGGCATTCCCTCCGCGGTGCTTGCGCAGACCGCGGAGAAGTCCGCTGCCCAAGCGCCGTCCACGGTGCAAGGCATTGCCCCGCTGCCCGGTCAGCCCAACCTCCTGGCCAGCGGCGTCCCCTCGATTCCTCCCGAGCTGCGCAAGCGGGTCCTTCAGTATCTCGAGTCGCGCGCGGCGAACCTGATGGACGTGAGCCGGGACGGCAAGCAGATGCTCATCGCCACTCGTTTCGCGGACACCAATCAGCTCCACGTGGTGGAGCAGCCCCTGGGCGCCCGCTTCCAGCTCACCTTCACGCCGGAGCCCATCAACACCGCGCGCTTCCTCCCCACCGACGCCAACATCCTCTTCTTCCTGCAGGACGTGGGCGGCGGCGAGTTCTTCCAGGTGTTCCGCCTGGACCGGCGCAACGGCCGCTCCGAGCTGCTCACGGATGGCAAGAGCCGCCACGAGTCGCTCTCCGTGTCCGATGACGGCAGGTGGCTCGCCTACGGTGGCACGGGCCGCAACGGCAAGGACACCGACGTCTACGTGGCCCCCACGGACAACCCCAAGCAGGCCCGCCGCGTCACCGAGGCCGAGGGCTCCTGGTTGCCGCTCGACTTCTCCCACGATGGCTCCAAGCTGCTCGTCATGCAGTTCCGCGCAGCGGATGACGCCGACCTGCACGTCATTGACGTGAAGACGGGCGAGCGCCGCCAGCTCACTCCCAAGGAGGGCAAGGGCAGCGTGAACGGTGCCGCCCTCACGCCGGATGGCAAGAGCGTCTACCTCGTCACCGACCGCTACGGTGACTTCGCCGCGCTCTACAAGCTGGACCTCGACAAGGCGCCCCCGTCCTCCGAGCCTCCGTCCCTCACGAAGTCCATCCGCTGGAACGTGGAGTCCATTGAGCTCTCCCCGGACGGGAAGACGCTCGCCTTGGAGACGAACGAGGACGGCTACAGCCGGCTGTACTTGATGGACACGAAGCGCGGCACGCTCTCTCCGGTGGAGGTGCCTCGCGGGGTGATGGGACGCCTCACCTTCCCGAGCGGGCGCTCGGACGTGCTCTCCTATGCCCTCTCCACGTCGCGCTCGCCCATGGATGTCTACCAGGTGGACCTGCGCACGAAGAAGAGCACTCGCTGGACGCGCTCGGAGGTGGGCGGTCTGGACACGAGCACCTTCGTGGAGCCGGAGTTGGTGCACTACAAGTCCACGGAGGGCGTGCAGGTCCCCGCGTTCCTCTACATGCCGCGCGAGCGCAAGGGGAAGGTGCCCGTGGTCATCGTCTTCCACGGCGGCCCCGAGGGACAGAGCCGGCCGAACCTGAGCACCTTCAATCAGTTCCTGGCGGTGGAGCTGGGCATGGCGGTGCTGGTGCCCAACGTGCGCGGCTCGGAAGGCTACGGCAAGGCGTACCGGGCCATGGATGACGGGGTGAAGCGCGAGCAGAGCCTCGCGGATATCGGCGCCTCACTGGACTACATCGCCTCGCGGCCGGAGCTGGATGCTTCACGCGTGGGCGTCTACGGCGGCTCCTACGGGGGCTACATGGTGCTGGCCACCGCCGCCTTCTTCCCCGAGCGGATCCGCGCCGCGGTG
CP043493.1_gap32	839418	840744	1326	CATCCTGGTGGGCCTGTTCATGATTCAGCGGCACGGGACGGCGGGGATTGGCGCCATCTTCGGGCCCTTCATGCTGGTGTGGTTCCTCACGCTGGCGGTGCTGGGCGTCCGGGAGATGGTGTCGTACCCGGCGGTGGTGTGGGCTGTGTCTCCCCTGCATGCGGTGCGCTTCTTCCTGCACAACGAGGGGCACGGCTTCCTGGTGCTGGGCGCGGTGTTCCTGGTGGTGACGGGGGGTGAGGCGCTCTACGCGGACATGGGCCACTTCGGCTGGAGGCCCATCCGGTGGGCGTGGTTCGTGCTGGTGCTGCCGGCGCTGATGCTCAACTACATGGGGCAGGGGGCGCTGCTGCTGCGCGACCCGAGCAAGGCGTCCAACCCCTTCTTCTACCTGGCGCCGAGCTGGGCGCTCTACCCGCTGGTGGTGCTGGCCACGGGGGCGACGGTCATCGCCTCGCAGGCGCTCATCTCGGGGGCGTTCTCGCTCACCCAGCAGGCCATTCAGCTGGGCTACACCCCGCGCCTGGAGGTGGTGCACACCTCGGCGGAGGAGCGCGGGCAGATCTACCTGCCGGGCATCAACCTGGCGCTGCTGGTGGGCATCATCCTGCTGGTGCTGGGCTTCAAGTCGTCCAGCAACCTGGCGGCGGCGTACGGCATCTCGGTGACGACGACGATGACCATCACCACGGTGCTGGCGTACGTGGTGGCGCGCGAGCGCTGGAACGTGTCGCGGGCCGTGGCGTTGCCGGTGGCGGCGCTGTTCCTGGTGGTGGACGTGTCCTTCTGGGGGTCCAACCTGGTGAAGATCGCCGCGGGCGGCTGGTTCCCGCTGCTGATGGCGCTGTTCGTGTTCACGCTGATGACGACGTGGAAGAAGGGGCGGGACATCCTGGCCAACCGGCTGCGGGGCAGCAGCATCCCGCTGAAGCAGCTCCTGGAGAGCTTCGGGGACCATCCGCCGGTGCGGGTGCCGGGCACGGCCATCTTCATGACGGGCAACCCGGAGGGCACGCCGCCAGCGCTGCTGCACAACCTCAAGCACAACAAGGTGCTGCACGAGCAGGTGATGTTGCTGACCATCGCCTCGGAGGAGGTGCCGCACGTGCCGCCCGAGGAGCGGGTGGAGGTCATCAAGCTGGAGGAGGGCTTCGTGCGGGTGATTGCCCGCTACGGCTTCATGGAGAACCCGAGCATCCCGGACATCCTCAAGCGGGCCCGGGAGAAGGGGCTGCAGTTCAACCTGATGGGGACGTCGTTCTTCCTGGGCCGCGAGACGCTCATTCCCAGCAAGAAGCCGGGAATGGCGATGTGGCGCGAGGCGCT
CP043493.1_gap33	848046	851962	3916	CCGGAACTCTACGTGATGAAGGTGGATGGGACGGACGTGCGCCGGCTGACGGCCTTCCACAAGGAGGACATGGCGCCGCGTTGGAGCCCGGACGGGAAGTGGATTTCGTTCCTGAGCGACCGGGAGGGGCGCACGCGGGTGTTCGTGGTGAAGCCGGATGGGACGGAGCTCCGGTCGGTATCGGGGAGCGGGACGACGGGTGAGGAGCGCGAGCCTGCGTGGAGCCCGGACGGGAAGAAGCTGGCCTTCGTGGCGCGGGGGAAGGAGCCGAACGGGAAGGCGCGCATCTGGGTGGCGAACGTGGAGGCGGGTGGGGAGCCGGTGGCGCTGACGGATGGGAAGAGCACGGATGACCAGCCGGCGTGGAGCCCGGATGGGAAGTACCTGGTGTTTCCGTCGGAGCGCACGGGAGACGTGGAGCTGTTCCTGATGCGGGCGGATGGCAGCGGCCAGACGCAGCTGACGAAGTCGAAGGGCGCGGACTGGCTGCCGCGCTGGTTTGTGCCCAAGGCCCCGCTCCCCATGGGAGCGACGCGAGCCCAGGGCTCCTGACCCAACGGACATTCAGAGGAAGCCCGCTCCGCCCGCGGTGAGGCGGGCGGCTGTGCGGCAGGGTGCGCCTCGAGGGCGGTGTCCCTCGGGTTGACGCCATACCAACCAGTAGGTATATCTAGCGTACCAACCAGTTGGTATGCTCATGGACACCGCGCCTCTTCATCACGACTCCAAGACGAAGTTCCTCGACGCGGCCCTGCAGGTCATCCGGACCAAGGGCTACACGGCGACTCGGGTCGAGGACGTCTGCGCGGTGGCGGGCCTCACCAAGGGGAGCTTCTTTCACCACTTCAAGAGCAAGGAAGAGCTCGCGCTCGCGGCGGCCGACCACTTCGCGGCGATGGCCGATCAGGTGTTCGCCTCCGGGCCCTATCAGCGCTCGGAGGATCCGCTCGAGCGACTGCTCGGCTACGTCGACTTCCGCATCGCGCTCCTACGGGGGGCGCTGCCGGACTTCACGTGCCTGCTCGGGATGATGGTGCAGGAGGCGTACGACACGCATCCGGCGATCCGCGCCACCTGTGACAAGCACCTCAGTGCGCACGCCACGATGCTGGCGCGGGACATCGCCGAGGCCAAGGCGCGCTACGCGCCGGACGCACCGTGGACCCCGGAGAGCCTTGGGGTGTTCATGCAGACGGTCATCCAGGGCGCGTTCATCCTCGCCAAGGCGAAGCAGGGTCCCGAGGTCGCGGCCGAGTCGCTGCGCCACCTGCGCCGGTATCTCCAAACGCAGTTCACAACGCAGTCCACCCCTCACCGCGAAGGAGCATGACCATGGCAAGCCCTCAGAAGATCACGCCGTTCTTGTGGTTCAACCAGGAGGCGGAGGAGGCAGCGAACTTCTATGTGTCGCTCTTCGAGGATTCGAAGATCCTGAGCGTCGTTCGTCATGGTGACGCGGGACCGGGCCCCAAGGGGTCGGTCATGGTGGTGGAGTTTCAGCTCGCGGGTCAGAAGTTCAGCGCATTGAACGGCGGCCCGACCTTCAAGTTCACCGAGGCCATCTCCCTGCTCGTGAACTGCGACTCGCAGGAGGAGATCGACACGTTGTGGTCCAAGCTGACCGCGAACGGGGGTCAGGAGGTCGAGTGTGGCTGGCTCAAGGACAGGTTCGGTCTCTCCTGGCAGATCGTCCCCTCCAGGTTCTTCCAGATGATGCAGGACAAGGACCCGAAGCGGTCGCAGCGCGTGATGCAGGCCATGCTGACCATGAAGAAATTCAACATCGCGCGCCTCGAGGAGGCGTACGCCCAGGCGTAGCGACACCTCCGCGCCGCGTCAGTCCCGGCGCGTGAGGAAGGCCTTGAAGTCCAACGAGGCGAAGAGCAGGCGCGGCGAGCCGAGCCCGGCCCGGCCGAGCAGCTCGAACAGCGCGGCCTCGGACTCAGGAGGCCGGAGGGACGCGCGCGCCTTGCGTCGGAGCTCCAGGACCTCGGGCGAACCGCCGTTCGCCCGGCACACCTCCGCCTCCACCGTCTGGAGCACCGGATCCGAGCCCACCCGTCCTCCAATGATGCAGGGTGCCCCGGGCTTGAGTCGCCGCGTCACCTCACGCAGCAATGCCAGACGGTCCTCCTCTTCATCCACGTGGTGGAGGACGCCAATCATCTCCGCCCCATCGAAGAGGGGCTCCGGCGGAAGGTCTCGCAGGTCACCGGTCAGCAGCCGCGTGCGCTCCAGGAGGCCCGCGGCGGCCAGCCGCTTCTCGGCGACAGCCAGCATGTCCGCGGACGGGTCCACGCCCGTGAAGCGCCAGCCCGGCGCTCCATATCGAGCGTAGGGGAGCACGTCCTGCCCCGTCCCCACGCCCACGCACAGCACCGAGGCCACGTCTCGTCCCGCCAGGGCCGTTGCCATCGCCGCGGCGCTCAGCTCGTGCATTGCCTGGTAGCCAGCGATGTAGGCCGTCGACTGGGCATCGTACACGGCGGCCCGCTGGGCCCCGAACTTGTGCGCCATCGCTTCATTCGCGTGCATGAGATCCTCCGCCGCCCGGTTACGGGCGGGTGTTTGAGCTACTCGGAGGATGCTGCGAGGGCGGAAGCCTCGGGAGAGCGGGGATTGAGATTGGATCGGCGTGGATTTCGGCGGGTAGAGTCCACGGCCCATGCGATCGCCACGAACACTTTGTCTGCTGCTGGTGGGCTTCCTCTTCGCATGCGCCACTTCGAGCCCTGCCGTCCAGGAGGGCGGTCCAACACTCGAGCCAGAGGTGGTGGCTTCCTGGGAGGAAGGCTGCGAGGGCGAACGCAGTCTCGTCCTGCTGTGCCAGGAGGAGGAGTGTGGGTTCTTCCATTGCAGAGAGGTGGTGTTTGGCGAAGAGGTGCTGCTGGCCTCCCGGGGCGGAGGGCCCATCTACATTCCGGGTGCCTCACCTACGCCACGTGGATGGAGGGGCCGCCCCATCGGATGGCCACGAGGCACCAGGCCTGTTCTCACCTTCCGATTCAACCGACACTTTGATCCCAAGCCGCCGCAGTTCGCCCTACCGCCGGGGCGCTGGGTGCGGCACCACCTTTTTCCCCAGGCCCAGGAACTCAGGGAGTGGTTCCATGCGCGAGGCGTGCCCGACATTCATCAATACACCCTCCTCATCCCCGAGCATGTCCACATCCGTATCCACAGCAGCGGGCCCAAGGGGGGCCTGTGGAATCAAGCCTGGAGGGATTTCAAAGATGCCCGGCCCAATGCATCACCCGAAGCAATCTATCGCCACGCCGGAGAACTCATCTTCCGATTCGAGCTGACGGGTCCCATCGTTCCGTATGTGCGCGGAGGCAGGTGACGAGATGACGAAGTTCTACCGGCTCCGAGCACCGAGAAACTCCAAGTACACCGGTACCCTCAATGCCAGGCACAAGTGGGGCAGTCTGCCTGGGCTTCGCTGCCCTGAATGTAAAGCCACGTGGGCTGGGGGAATGACTGCGTATCCAGGCGTGGACCTGTCCTCTCTTCCCGAGCGTCACGAGTACGAGAAGCCCAGGCCGGAGCCCTTCGACGAGTTCGTGCGGTTGCGTGAGTGGGTGCGGCCACTCGTGCCACCTGGAGGCCAGTTACTCCCAGGCGCGAAGTTCGGCCCACTGGTGGGCACCGCTACTGGAACCTTCAGCCCGTTGTTCTTCTATTACGTCGAGATGCCTCTGGTACACCGCGAGGCTCTGGAGCGATTACAGGCCGAGGGCGTGCGAGGCCTTCGCGGCTTCCAGACAGAGCTGCGCTTCCGTCAGAAGAACCCCCCTGAGTTGATGGAGCTGGAAGTCCTGCCGCAGGGCCGGCTGCATCCGGACTGCACTCCACCGGAGCGGCGTCCTCCATGTCCCAAATGTGGCTGGGATGATTTCGCCTTTCCGGAGGACCC
CP043493.1_gap34	853521	856754	3233	CACTGTTGCCCCAGCCACCACCCCGAGACGGCTTGTCGTCGTCACGGTCCCGGTCAGGGCCGCGGCCGGGGTTGCCCGCAGGAGGCGTGGTGCCGCCGTTGCCCCAGCCACCGCCGGGCTTTCCGGGCGGGTTCGTGTTCGGGCCACCCGGATTGCCATTGCCACCACCCGGGTTGGACGGAGGATTCGGGTTGCCCCAGCCGCCACCGCTCGTCGGGGGCGGGCTGCCGGTGCCCGTGCCCGGAGGAGGATTCGGGTTGCCCCAGCCACCACCGCTCGTCGGAGGCCGGCTGCCGGTACCCGTGCCTGGAGGAGGAGGATTGGGGGTGCCCCAGCCGCCACCGCTCGTCGGAGGCCGGTTGCCGTAGCCGGAGCCCGGAGGAGGCGGAGGACGGCTGGAGTTGTCACCCCAGCCACCGCCATGCGAGGCCGGAGGCCGGTTCGGGCGACCACCGCCCACGGGCGAGGCGTCGTGCGAGTTGTCCCCCCAGCCACCGGAGGACCGCGGCGGCGGGGGCGGCCGGTAGTTGTTGTAGACGTACACCGAGCGGCCGCGATCCCAGCGGTACGTGCTGCCCGAGTACGTATGCGGGAAGTAGTCGTGGTTGTGGCGCCCGTGCATGTAGCAGGAGCCGCCGTCCGGCAGGGGGTGGTAGTCGAGGTACCAGACCACGCGCGGGCCCCGGTAGACGTACACATTGTCTGAGTACGTGTAGGCGTCGATGTCCTCGGGCGTGTAGCCATGGACGTGGCCGTACTGCTCCGTGCACCAGCCGCCGTACGGGTCGGGGTGCGCTCCCGAGTAGTGGTACTCGGTGGAGATGGTCGAGGAGTAGTGGCCGGGTTGGTGGTAGTGGGCAACACAGCCGCTTCCCATCAACAGGGCAGTCGGGACTGTGAGAACGAGAAGGCGACGCATGGAGGTTCTCCGGGGCCGGAGCCGAAGCCGGCCCGCCCATTTCATCATGGCGACGACAAGGATGCAGACGGGCGGGTCGGAGGAATATTCAACACCCCGTTCCCCGCCCGTGACGCCTCGGAGGTCGGTGCCTAGTGCACCATGCGCTCAGACGAGCCGGAGCGCGGGGTGTGCAGCTTGCCAAGGCAGGTGAGGATGTGCTCGCGGTACTCGGACACCTCGCGCAGGCCGCACACCATCCACCGGCCGGCGATGACGAGCGTGGGCACCCCGCGCACGCCCCGGCTGGCGGCCAGCTGGTGCTCGTCGAGGATGAGCTTGCGCGTGTTCTGCGACTGGTACGCCGCCGAGAAGGGGCCCATGTCCAGGCCCACGCGGCTGGCCAGCTCGAAGATGACGTCTGTGCGCGTCACGTTGACGCCTTGCTCCAGCGCCGCGTGCTGCATGGCGCGCGCAAGGTACGCCCTCGCCGTGGGGCCTTGCAGCCGCGCCGCCTCGAGCGCCGCCAGCGCCGGGATGCTGGAGCGGGGCGCATCTCCGCCCTGCCACAGCTCCGTCGACAGCAGCTTCGCCACCGGCTCTGGCTCCTGCTGGGCCCGCCGCACCTCCTCCGTCAGCCCTCGCAGCTCTTTCTCCGTGGGCCGCTTGTCATGCAGCCGCAGTGGGTAGGGGCGCACGCGCCAGCGGAGGATGTCTCCGAACTCATGCTTGAGGGACTCCAGCCGCAGGTCGGCCAGATAGCACCAGGAGCACAACACATCCTGGTAGATGGTGATCTGCAGCGGCTTGGACAGGGGCTTCATGTGCGAGCCCCCACAGATTACGAAGGCCGCACTCCCACTGCCAATCCCCTCCGACACTTCGCGGACGTGCCCATTCCCAAGAGGGCCGAGCAAGAGGCTCGTCCGCCCGCCTGCCCCGCGTGCGGTGCCGCCCTGCGTTAGAGCGTCGGACGCGAGTAGGCGGCTGTGCGGGCGCTGGCGAAGGCGAGCGCGTGGTCCATCATCGCTCCGGCGATGTCCTGCCCGGTCGCCTTCTCCAGGCCCTCGAAGCCCGGGCTGGAGTTGAGCTCCATCAGCCGGGGCCCCGCGCGTCCCTCGAGCATGTCCACGCCGGCGATCTCCAACCCGAGCAGGCGCGCGGCTCGCACCGCCACGTCTATATATGCGGGGGACAGCTCCACGGGGTGGCCCTCGCCGCCGCGGTGGATGTTGGAGCGGAACTCGCCCTTCTTGGCCCGCCGCCGCATGGCGCCTACCACCTTGTCGCCCACCACCAGGGCGCGCACGTCCCGGCCCTTGCTCTCGGCCACGAACTCCTGGAGCACCACCTCCTGCCCCAGGTCCCAGAAGGTGTTGACGATGGTCTGCAGCTCCTGGAGCGAGTGGGCGATCATCACCCCCACCCCCTGCGTGCCGCGCAGCAGCTTGATGATGACCGGCAGCCCGCCTACCTCCTCCACGAGCTTGCGCACATTGCTGCGGTCATGCGCCATCACCGTCCGGGGCACGTCCAGCCCGCTTCGGCACAGCAGCTGGAGCGCCCGTAGCTTGTCGCGGCTCTGGGAGATGGGCCCGGCGCCATTGAGCACCGGCACGCCCATCATCTCGAAGTGGTTCACCACCGCCAGGCCGTAGCCGGTGATGGAGGCGCCAATGCGCGGAATCACCACGTCCACGCCCTTGATGTCCACCCCGCGGTAGAGCATCCGCGGCTGGCCCGGGGCGAGCACCATGGTGCAGCGCAGGGTGTCCAGCACCAAGGGCCGGTGGCCACGCTGTTTGATGGCCTCCACCATCCGCCGGGTGGAGTACAGGGACCGCTTGCGCGAGAGGATGACCACCGTCTTCTTGAGCCGAGGGCGGCGGGGGGCCTCTGGGGGCGGGGTGTCGGACGGCCTCGGCTCGACGGGACGCGCGGGGGCTTCCGGGCGGGCCCTGGTAGGCGCCTTCTTGGACGAGACCTTCTTGGCGGGCATGGAAGAGGTTCGACCCTAGCACGGCCAGGGACGGGCCGTGTCCGTGGTGTTTGTTATCATCCCATAATGATGAGTCCTCATGAACCGCACCCGGACGACATCCTCACCAATCCGGGGGAGAACGGTCTCGACTCCATCGTCGCACCTCCCGACGGTGGAGCAGGCTCCGGCACCGAGGTCCTGGTGCTGGAGACACGCGCCACGCTCAAGCTGCGCAAGTGTCGCATCCAGGTGACGGCCGGCCCGGATGACGGCAAGTCCCTGGTGTCCGACAAGGAGCGCCTGCGCTGTGGGGCCCACCCCACCAACGACCTGGTGCTCGCGGAGGATCGCACC
CP043493.1_gap35	931810	934713	2903	TCGGGCTGGCGCACCGGGAGCTGCCGGGTGAGCACCAGCACGCCCACGAGCGCGGCGAGCACCAGCCACCCGGGCCATCCCGTCATGCCCACCAGCGCGGTGTCGATGGGCTTCTCCGCGTAGCCGAGCATGACGACGATGGGGGCCAGGGCGTTGATGGAGCCGTGGGCGAGCACGGCGGGCCAGATGCTGCCGGTGGCCAGCCTCATCCAGCCGAGGAGGATGGAGAGCAACACGCACACCACGGTGAAGAGGAGGACGCCGAGCACGGGGTGCTGGGGGTAGTTGTAGCCGAGCAGGATGAGGGGGGCGTGCCACAAGCCCCAGATGACGCCGCCGAGCACGAGCGCACGCCACTGGCCGAGCGGCAGCAGGCGGGGGAGCAGGTAGCCGCGCCAGCCCCACTCCTCGCCGAAGATGACGGGGAGGTTGAGGAAGGGGCCCAGCAGCGCGGCCTGCACCACCTGGATGACGAGGAGGACTTGGGGTCCGCCGAGCTTGTCGATGGCCTGGGTGGCCTCGGGGGGCAGCTGCGCGAGCTGGGCGCGCAGGCCGGAGAGCCCGGAGAGATCCAAGGCGCCGGGGTAGAAGACGGCGGAGAGGAGCAGGGCCCCGAGCACCACCACGGGGGTGCCCAGCACCGCGAGGAGGAGGAAGCGCAGCCGGTGCTGGCCGAGCCTCAGCCCCGTGTCTGCCTTGAGAGAGGGCAGGGGGGACACCCGGCGGGCGACGAGGAATGTGGCCACGGTGGGGCCGAACATGGAGAGGGCGGCGACGACTCGGAACGCGATGGGCGACTGCTCTGGCTGGGTGCCGAAGCCCAGCACGTAGGCGAGGACGCAGAGCCAGGAGAAGCCGTAGGCGATGGCCACGAAGGCGGTGATGCCGCGCGTATCGAGCCGCGAAGGCGTGGCGGTATCCATGACGTGGGCTCCGGGCGGTTAGCGCTCGCGCGCGGGCGAGGAGGTGGAGAGGAGGAAGGAGTAGACAGCCGGCGCGATGCCGGACACGAGGAGGGCCCCGAGGGCGGCGGGAGTGGAGAAGGGCGCGAGGCCCAGGGTGGCGAGCCCGCCGAGCGTCAGGCTGTAGCCGCCGAAGCGCTGGGTGCGCTGCCACACCTCGTCCGAGCTCAGGGCCCAGGGGTTGCGGAAGCCGGCGAAGGGGTTGCGGCGGAGTCGGGGGATGAGCTGCCCCGAGAGGAGCCAAGAAACGCCGCACACGAGCGCGAGCGGCGTGCCGACGGCCTCCGCGCGGCCGAGGGCCACGTGCAGCATGATGAGGTGCAGGGCGGTGAGCAGGGCCGCGTTGCGCAGGGCCACCACGTCCATGGGCGAGCGGGCGAGCGCGGCGCGAAGGCGGGCTGGGAGCAGGGCGCCGCTATGGCGCAGCAACACCCAGTTCACGAACGCGAGCACGGGCAGGAGGAAGGCACCCCGGGTGCGTGGAATCCACCCGTCAGGGACACCCTGCCAGTTGAAGTGCACGGGCACCTGCTCGGGAAGACGGGGGTAGAGGAGGGCGGAGAGCCCCAGGCCCAGGGCGGCGAGCCCGAGGCTGGCCAGGTCCGCGTGGTTGAAGCGAGGGGATTTCATGCCTTGCCCTTCCTTTGGGTGGAAGCCTTCACCGTGGCCGTCAGCTCCATCAGCTCCGAGGCCAGGTCCTCGAGGACATTGGTCTGCAGCGTGTAGACGACATGGGTGCCGCGCTTCTCCGAGCGCACCAGCCCAGCGCCCTCGAGCACCTTGAAGTGGTGGGACAGGGTGGGACGGGTCAGCTCGAAGGCGGCGGCGATCTCACCGGCGGTGAGCGAGCCCTGGCGCAGCAGCCGGAGGATGGCGCGGCGGTTCGGGTCGGCGAGGGCCTCGAAGGGGCTGCGGGAGGAGCGAGTCATGTTTCGACAATCATCTATTTAGATGAGCATCTAAACACAAGCCCCTTTCTGTGGGTCCACCCGGGCTTCGGCTTGCCCTAGGCATTTGCCTCCCTTCTAAGTGGCGAACACCCCGGAGCGTACAAGTTGCGCGGTGCGCACCTTCAATGCTAAGCGGCGCCCGCGCATAGGAAGGGCGGGGCGGAGCTGTTTGGGTGGGAAACCCGTGGTTTTCCTGGGGGTTGTCGAGGCGATGGCGGAGAAGGAGCCCCAGGACGACAGGGAAGGGAGCGAGCTGTCGGACACGGCCCGGCAGATGCGGGCGGCGGAGCCCTATATCTCCGCGGTGTGGAAGCTGGTGGGCGGGGCGGTGGTGGGCGTGTCGGGTGGGTACTTCCTGGACAGGCGGTTGGGGACGTCTCCCTGGTTGTTGTTGGGGTTGAGCCTGGCGGGGATCTCCGTGGGCTTCTACGGGTTCCTCCACGAGATGGCGCGGTTGGGGAAGCGCAAGCGGTGAGCGGGCACGGCGCGGACATCTTCCGGAAGCATTCCGGACTGGCGGCGGCGGTGACGGGGGTAGGGCTGGCGCTTGCGGCCTTCCTGCCGAAGGACGCGGAGTCGCGGCAGGCGGCGTTCATCGGGGTGGGGCTGGCGGCGGTGACGGGGGTGGTGGCGCTGCTGCTCAAGCGGCGGGCGGTGAGCAGGGACTTGAACGCCGCGCTGAAGGTCGTGGGGTGGGTGTTTGGGATGCGGGCGGTAGGTGTGGTGGTGGGGCTGCTGTGGGTGGTGCAGCGAGGGCTGGGGGCGGTGGCGTTCGTGGCGGGGTTCTTCGGCACCTACTTCGTGCTGCAGTGGATTGAAGTGAGCTACGTGATGGCCGCGTCCCGGGACGCGGCGAGCGGAGACGAGTGATGCGCAAGGCAATGGTTCTCTTCGTGGGGCTGGTGGCCAGCGTGGCCTTCGCCAGCGAGCCGGCGGAGGGCGAGAAGGAGGATGTGGCGGGTTACATCCTCCACCACGTCGCCGACTCGAA
CP043493.1_gap36	1011636	1016623	4987	GCCTCCTCGAAGACGCAGCCCACGTAGCGCAGCTTTGGCAGATCCGCCACGGTGGGCACCCGCCCGCCGAGCGCCGCGTCCACCTCCGCGTGCAGGGTGGCCTCCACCTCGGGGTTCTGCTCCAGCAGGTGGAAGGTCCACGCGAGCGCAGTGGCCGTCGTCTCGTGGCCAGCCAGCAGCAGCGTCATCACCTCGTCGCGCAGCTGCGCGTCATTGAAGGTGTCGCCCGTATCCGCGTCGCTCGCGGCCATCAGCATGCCGAGCAAGTCGTTGTCCGCGTCCGCCCCGGGCCCCTTCGCGCGGCGCTGGGAGATGATGCCGCGCACGATGGAGTCCAGCGTGTCCACCGCCTTGCGGAAGGCGCGGTTGTCGCGCGTGGGCAGCCGGTAGAGCCAGGGCAGGTAGGGCAGGGGGGAGATGATGCGCTCGTTGGTGACGGAGAGCGCGGTGGTGAAGGCCTCTCCCACGGTGCGGGTGTGCTCGCCCACGTCCACGCCGAAGAGCGAGCGCACCGCCACGGTGAGGGTGAGCTTCATCATCTCCTGGAACACCGGCAGCGGCTGGCCCGAGTTCGCCGCGGGCTCCCACGTCTGGAGTGTCTCGGTGATGGTGTCTGTCATCCTCCCGCTGAGCGCGGCCAGGCGCTCACGGTGGAAGGCGGGCTGGGCGAGCCGGCGCTGGCGCTTCCAGAAGTCACCCTCGGCGGTGAGCAGGCCGTTGCCCACCAGGGGGCGCGTCTTGTCGAAGACGGTGCCCTTCGTGTAGCGCGCGTTCGCGTCGGCGAGCACGTGCTTCACGTGGTCCGGGTGGGTGAGCTGCTCCACGTAGATGTAGCCCATGCGGTAGCGCACCACGTCGCCCAGTCGTTCGCGGCTCTTCAGGTACAGGCCGAGTGGATCGCTCGCGCGCTCGGGCAGGTGGCCCCAGAGCCAGTGACCAGGGGGCATGGGAGGCAGCGGTGCGGAGGTCGTCATGGTTTCCAGTCGGGTAGGAAAAGAATGCGGCATTGTGTACGCCGCGCCGTGGTGGGGCCAGCGTACAGCGAGCGACTGACGGGACGTGACGGGTCCCCCTCCCCCTGACAGACGGCTAGGGTGAGGGCCTACCCCCCTCTCGTCCGCTCCAGGAGCATGGGCATGCGTACCCGGCGTGAAGTGATTGGTGTCCTGGGCTCGGGGAAGGAGGAGCACCGGGCCTGGGTGGAGCCGCTGGCGCGGTGGATTGCCGAGCGGGGCTTCCACCTGCTGACGGGGGCGGGTGGCGGGGTGATGCGCGCGGCGGCAGAGGCCTTCGTGGCGGTGGAGGGGCGCCAGGGGCTGTCGCTGGGCATCGTGCCGGGAGCGGTAGTGGACGGCGCGTGGAGCCCGAAGCCGGGCTACCCCAACGAGGCGGTAGAGGTGCCCATCCTCACGCACCTGCCGTTGAGCGGCGAGCAGGGGACGGAGCCGATGAGTCGCAACCACCTCAACGTGCTCACCGCGCACGCGTTGGTGGCGCTACCGGGAGGGGCGGGCACGGTGTCCGAGGCGGTGCTCGCGCTGCGCTACCACAAGCCCCTCATCCTCTTCGGCCCGCCCGAGGCCTTCCACGCCTTTCCCGAGGCGCTCGAGCGGACGCCGTCGCTGGAGCGCGTGTGTGACTTCCTTCTCTCCGCGCTGCGCCAGGCGCCCGCGGTGTCTGGCTGAGGGCGGGGGGCTCAGCGCTCGCCCAGGGCCTCCTCCAGCAGATCCGCGAGCAAGGACAGCAGGTGATGGAGCCTGCTCTCCGAGAGGTGCCATGGGCTGGCATGGGAAAAGACACCCACGGCGCCGGGAGGGGGAGCTTACCCAGCGCCGTGGGCGGCGCGCCAAGGGAGCGGACGCGCGCGTGTTACTGAGAGACCGGGACGAGCGTGTCCACCTCGGCCGTGCCCGTGTAGCTGGTGGGCGTGTTGAGGTAGCCCTTGAGCAGCACGCGCCAGGTGCCCGCCACGGGGCGGGGGATGGACACCGACTCGGAGACGGAGGTGCCGGTGGCGCTGGTGCCCACCAGGTTGCCGCTCGGGTCATAGACGTAGAGGTCCAGGTCGAGCACCGGGTTGCCCCAGCTCGTGGTGATGCGCAGGGCGTTGGCGCCCGCGGGCACGGTGAGCGAGTGCTGGTGCGAGGCCTCGACGAGCGTGACGTCCAGGATGGGCACCTTCACCGACAAGCTCACGTTGCCGCTCCAACTCGGGAGGGCCGAGGTGACGGTGGTGGTGCGGGTGCCGGCGGACTCGGAGGCGGCGCGCACGGCGGCGTAGGCATCCGCGTAGCCCGCGCCCGCCTCCCACGTCTCGAGCTGGCGCGTGGTGCCCGTGGTGGCGTCCTGCGTGTACATGGGCTTCGCGGTGGACGTCAGCGCCGCCAGCACGCCGTCCAGGTTGAGTGCGGGGTTGACCTCCAGCATCAACGCGACGACTCCGCTCAAGTGCGGGGTGGCCATGGAGGTCCCATCGAGCGCCGCGTAGAAGGGCTCCGGGTGCAGGCCGTCCAGGCCCAGGTAGGGCTGCGCCACGGTGGCGGTGGTGGCGCGTGCCGCGACGATGGCCACACCCGGCAGGGTGATGTCCGGATGGTGGTTCTCATCGCCCGGGATGCCGCGGCTGGAGAAGTCGGCGAGCTGGCCCGGCACGCCCTGGCTGATGAGCGGGTTGGTGGCCATGCTTGTGTCCTTGGCCGCACCCGCCGCCACCGAGATGACGCACGGCGAGGCGCTGTACGGGTTGAGCGTGTCCGCGCCGGGGCCGTCGTTGCCCGCCGCGAAGGCCACCACCATGCCCTCGTCGTAGGCGCGCTTGGAGGCGATGCTGACAGGGTCAAACGGCGCGAAGTGGCTGCCGCTGGTGCCCCACGAGTTGGAGATGACGCGGACGTTGTACGTCTCGCGGACGTCCGGGCTCAGCAGGTAGTCGAAGCCTTGGAGCGCGTAGAGGATGCTGATGGCCTCGCCCGCGCCCACGGCGATGAGGCTCGCGCCCGGGGCCACGCCCTTGTACTTGCCGCCGGACCGGGCGCCGGAGCCGCCGATGGTGCTGGCCACGTGCGTGCCGTGGCCGCTGGTGAGGTCGCTGTTGGGCACGTCGATGTAGAGCGCCCCGCTCACGCCCGTCTCGAGGATGGGGGCCACCACCTTCACGTTCTTCACCAGGTTGGGGAAGTCCCCGTGCGTGCCGTCCACGCCCGAGTCGATGATGCCCACGCCCACGCCCGCGCCGGTGGTGTTGAAGGCCGTGCGCGCGGTGTCCGCCTGGATGTAACGGACGCTCTCGTCCAGGAAGTAGTGCAGCGGCCGGTCCTGGTAGATGGACACCAGGCCGAGCGGCTGCAGCGTGGTGCGCAGCGTGCTCAGCAGCAGGGGCGTGACGGGCACCTTGAGCGCCACCATGGGCAGCGCGTTGAGCGCGCCGAGGCCTTCTCCCAGCGAGAGGCCAAGCGTGCTCCGCAGCAGGTCCACCGCGGGCGCCAGCGCCTCCTGCGTATTGAAGGAGAGGATGAGCGTCTTCACCAGCCCGTCGGTGGCCAGCGACGGATCCACCACGGCCTGAGTGAGCGCCGCCTGCGCCTGGGGCGTGGAGTAGAGCGCGGTGCAGGCGCTCGGGGCGGTGGTGGGAGGCTCCACGACGGGCTTCTTCTTGCTTCCCTGGAGCGAGGCGCTGGCCGTGCGGACCTCCGCAGCCGGACCCTGGGCGCTCTCCGGTGCGGCGGTACCGCAGCCCGTGAGGAGAGCGGTGGTGGTGAGGGCGAGGCCCAGCGTCTTGAACGGCGGTGTCATGTACGCTCCCGGATGATGACTCTCGGACGAAACAGGGCACCCACGGCAGAGGGCCGCGGGCGCTTCTCTTCCTATTTGTTTCGAGAGCTCCGGGTTGGATCCGCTGCTCAGAACACCGTCATTTTGAGCGTGATGGTCCGTGTCGCGGGGCCTAACAGCCCAGTCGACGCGGAGAGGGTGAACTCATAGGGGGCGTCGGGGCGCGCCTGCGTGGGCTGCCCCGAGAGGACCCCCGTATTGGTGTTCAGGGTGATGCCCGGCGGCAGCTTGGAGGGGTCCACCACCTCCCAATTGACGGAGGTGGGGTTGGTCTGGACGGTATAGGTGTAGGGCGAGCCCACCCGTGCATCGGGGAGGGCGGTGGTCTTGATGCAGACCTGCGAGGACGAGCACGTGGTGGAGGTGAGCTGGATGCGGCGGATGGCGGTCTGCGGGGGCTCGTCGGAGTCCGTCACCCGCACGTCGAAGGGCGGGGTGCTGGTGTCCTCCGAGGCCTTTCCGTAGACCAGCCCGTCTTCACGCAGGACGAAACCCGAGGGAAGGACGCTGCCCGACACGAGCTCGTACCTGTAGGGCGATTTGCCTCCGGTGGCCGAGAGCTGATCCTTGTAGTCCTTGCCCGTCTCGAAGAACGTGAGCACGCCCGGCCCGGCCAGACGCAGCAGGGGCCGGATGTGCACGGAGAACTCCTGGGTGGAGCGCTGAGGCGTCACGCTCTGGTCCACCACCTCCACCGTGAAACGGAAGTCTCCGGCCGTGGTCGGCTTGCCGGAGAGGATGCCCTCGGAGCCGAGCGTCAGGCCCGGTGGCGTCTCGCCCGCGGTGACGGAGAAGGCGTAGGGCGGGGTTCCGCCGCTCGCCTGGAATCGGTGGGCGTAGGTCTCCGTCTCGAGTCCCCTTCCAGGACCATCCGGCACGAGCACGAGCTGCATCGGACCCGCATCGGGGTCTCCGCCGTCTGGTCCCGCGTCGGAGCCACCGCCGTCCGTGCCCGAAGGGACCTCGATGGGACACGGTCCTCGCTCACCGCAGTCCGGGAGACAGACCTTCTCGGGAGCCAGACACGTCCAGCCCCCGGGGCACGCGCCCTGGTCATCGCACGTGGGGTAGCGGGAGAAGTCCGGCTGGAAGGCGCACGCGACCACTCCGAGGAGCACGGCCCCCATCCACCACGCGCTGTGTCTCATGGCAGCTC
CP043493.1_gap37	1042220	1043411	1191	GTCACGGGTGGTGGCCTTCTTCCAGGAGCAGTTCCCGGACGCGCTGCCGCTGATTCCCGACCTGGTGCACGACTTCTTCCACCACCCGACGGGGACGATGGTGACGGTGAAGAGCGCACCGTGGAACGTGGGCGGCAAGACGTTGCTGCTGGGAGACGCGGCGCACGCCATTGTTCCGTTCTTCGGGCAGGGGATGAACTGCGGCTTCGAGGACTGCGTGGTGCTGGACGCGTGCCTGGGGCGGCACACTCTGTGGGCGGAGGCTTTCGAGGAGTTCTTCCGGCTGCGCAAGACGAACGCGGATGCCATCGCGGACATGGCGGTGGAGAACTTCGTGGAGATGCGGGACAAGACGGCGGACCCGCGCTTCCTGTTGGAGAAGGCAGTGGAGAAGGCGCTGCTCAATGCTTTCCCGGGCGAGTTCATCAGCCGTTACTCGTTGGTGAGCTTCAGCCGGGTGCCGTACCGTCTGGCGTACGAGGTGGGTGCGCTCGCGAGCGGTATCGTGGCCGAGCTGAGCGAGGGCCTCACGCGAGCGGAAGACGTGGACATGAACCGGGCCCGCACGCTCATCCACGAGCGGCTGGTGCCCTTCGTGAAGGAGCATTCAGATGGATTTGGGCTTGAGAGGTAGGCGGGCGCTGGTGCTGGGCGCCTCGAGTGGACTGGGGTACGCCATCGCCTCGCAGCTGGTGAAGGAGGGTGCGCAGGTGGCCATCTGCTCGCGCGACGAGGGCCGCATCCGCGAGGCCGCCCGGAAGATGGGCGCGGCGCTCGCCGTGACGGCGGACCTGACGAAGCCGGGCACGACGAAGGAACTGGTGGAGAAGGTCATCGGGGCCATGGGCGGCGTGGACATCCTGGTGGCGAACACGGGAGGGCCGCCGAAGGGCAGCATCGAGAAGCTCACCGCGGAGCAGTGGCAGGAGGGCTTCCAGAGCCTGTGGATGAGCGTGGTGGAAGGACTCCAGGCGGCGCTGCCGGGGATGAAGGATCGGCGCTGGGGGCGCATCATCCTGGTGACGTCTGTGGCCGCGCGCGAGGCGATGCCGCTGCTGACCATCTCCAACGGATTGCGCGCGGGGCTGCTGGGTCTGGTGAAGACGGTGAGCAACGAGGTGGCGGAGCACGGCGTCACCATCAACGGAGTCCTGCCGGGCTACCACGCGACGGAGCGGCTCAAGGAGCTGG
CP043493.1_gap38	1050141	1051112	971	AGCTGCGCGAGGGCCTGGGCGAGCTGGAGGCCGCGGCGGCCGGCCGGCTCCCCACGCTCATCGAGGAGGAGGACCTGCGCGGAGATCTGCACGTGCACTCGGAGGCCTCGGCGGACGCGTCCAGCTCGCTGCTGGAGCTGGCCTCGGCCGCGAGGGGGTTCGGACGGAGCTACCTGGCCATCACGGACCACTCGCGCTCGCGCCCCCTGGGCCTGGACGAAGCGCGCCTGCGCGAGCACCTCGACACCATCCGCTGGATGGACCGGGAGCTGCGCGGGCGTCCCCATCTGCTCGCCGGTATCGAGGTGGACATCCTCCCCGACGGCTCGCTGGACCTCGGCGCGGAAGTGCTGTCGGAGCTCGACTGTGTGGTGGCCAGCGTGCACTCGCGCTTCAACATGTCCTCGGAGGAGATGACGGAGCGCATGGTGCGAGCGCTGCGCAGCGGGCTCGTGCACGTGCTGGGACACCCGAGTGGGCGGCTCATTGGGAGCAGGGACCCATACCCGTATGACCTTGAGCGGGTGCTGGAGGTGGCGCGCGAGGAGGGGGTGGCGCTGGAGGTGAACGCGCAGCCCGAGCGGCTCGACCTGACGGACTCGGCGTGCCAGAGGGCGAAGGAAGCGGGGGTGAAGCTCGTCATTTCCAGTGATTCTCACAATGCGCAACACCTGGACGACCTGCGCCACGGTGTCTGGGTGGCGCGGCGAGGTTGGCTGGAAGCGGGGGATGTGCTCAATACCCTGTCACTGTCGGAGCTGCGGCGTCACTTCCGCCGCTCGCGCCGCGTGTCCCCCTCCACCTGGACGGGCGAGGGCCCTGGACTCGCTCCATGACTCAGACATGAAAGGCGGCGTCAATCACCCTCCGGTGCCATGGAGGGTGTCTGGGGATGGGTCATCATGGTGGGCCCTGTCTGTTCAATCCTTGTCGTCACGGCGACCGTTGGTCACTCCCTGTGGCGAGGTGGA
CP043493.1_gap39	1062427	1064168	1741	ACCGCGTCAGCGCGGTGATGTGGTTGCCGCAGAGCTGGCCCGTGGGCGTCACCCGCTTCCATTCGCTGCCCTGGCGCCGGAAGACGCCCTGGTCGCGAGTGCCCACCCAGGCCACGCCCTTCACCTCGAGCGTGCTCGTGGCACCCGAAGGCAGTGCCTTGGGCTCGCCCGTGCTCGCGCCCCAGTGCCGCGCCTCGCCGTCACTGCCGAACACCTGCGTTCCGCCCTTCGGATCCGCGACGTACGCGAGCGGCCCCATGGGCACGGGCAGCGACACGAGTCCGTCTGGCCCCAACGTGAAGGCGCCCTCGGTGGTGCCCACGCGCAGCGATTCACCTTCTTCCTCCAGCAGCAGCACCTGGCCAGGGACCGTCCACATGCGCTCCGAGGCAGGCGCCATCACCCGCCCGTCCGCCGTGCCGAGATAGCGCTCGGTGAAGGCCGTATACGTGGGGCCCGAGGGCAGCTGCTCCGAGAGCCAACCGAGCGCTGCGCGGTACACCTCCGCGTTCATGCTCCCCGCCGCCGGCAGCGCGTACCACTTCGCCCCCACCACCGGCTCCACGCGCCAGCGCTTGTCCACCGCCACCACGCCCTCGTCCGTGGCCGCGAAGAGACGGTCACCCGCGACCTCCAATGCACGGCAGAAGTGGCTCGGCAGGCCTTCCTCCACCGTCAGCGTGCGCACCGAGCGACCCGAGCGGGTGAAGAGCTCCAGGCCTCCCTCGGTGCAGGCCACCACGTGGTCGTTGTAGGCGGCGAGGTCATGCACCGTCTCGGTGTTGGTGACGGTGGCGGAGAGCAGGGCGGCGGTCAGGGTGGAGAGCAGCATGCCTGTCTGCATTGCGAAGCTTGGGCCAGCGTGCATCCCCGCGAAATCACGCGGGCCTGTCCTCTGTCAGCCGCGAGGTGTGGCTGGGTGCCAGCACTCGAATGCGGGGTGGCTGACGCCTCCCTGCCCGAGGAGGACATGGCCGTAGGGTCCCTGCGTGACTACCTCGTGCGCATGAACAAGCAGACTCGGACGGTGTTGTTGGCCTCGGGGACGGCCCTGGTGGGCGCGCTCGGCTGGGCGGGCTGGCAGTTCTTCAAGGAGAAGAACCTCGAAGAGCCCCACTACCGGGTGCTGAGCGTGAAGGACGGCGTGGAGCTGCGTGCGTACGTTCCCTCAATTGTGGCGGTGACGGAGGTGGAGGGCGCCTTCGACGCGAGCCTCAACGAGGGCTTCCGGCGGCTCGCGGGCTACATCTTCGGAGGCAACCGGAGCAAGCAGTCCATCCCCATGACGGCCCCGGTGGGCATGCAGCGCAGCGGCCAGGTGTGGCGCATGACCTTCGCCATGCCCTCGGAGTACATGCTGGAGACGCTGCCCGAGCCGGTGGACCCGCGGGTGCGTCTGGAGAACGTGCCGGGCAGGCGCGTGGCCGCCCGGAGCTTCTCCGGCTCGGCTCCGGAGTCCGTGGCGAAGGCCGAGCAGGCGCGGCTCCTCGAGGATTTGAAGAAGCAGGGCCTGCGCCCGGTGGGCGAGCCGGTGCTCGCCCAGTACAACTCGCCCTTCATGCCCCCCTTCTTGCGGCGCAATGAGATCCTCGTCGAGGTTCAGGCCGAGGAGCTGGTGCACTGAGTCGCGGGGCTACTGCTCGACCGTGAGGGCGACGCGAAGCTTCTCGCGGCGCTCGAAGCGGTTGCCGGCGGCATCCCGAGCCACGAGCACCAGCTCGTACTCGCCGGGCTCGGTGCC
CP043493.1_gap40	1068808	1071279	2471	AGCCATCGTGTGGAGGGCAGAAGGCTCAAGCCGCGGAGGCTAGAGGGCCTCGCACTCCGGGACAAGGACGTCTCAGTGCACGGTCTCGCAGGGCAGGGTGCTCGGGGTGGTGGCCCTCTTTTGCAGCTCGCTCCAGCGCTCCTCGATGAACCGCACGTCGCGCTCGCGCTGGTTGGCGAGTCGAGCCGCCTCGTATACCGCCCTCCCGGTCTGGACAAGCGCCACCCGCATCGCCGGCGCCTGTTCCACGCTGGCGATCTCCGCGAGCACCTCCATGATGCGGAGGTTGACCCGGGGCTGCGAGGCCGCGGCGAGTGGAATCTCCCCGAAGGCATCTTGCAGGAAGGGGATGAGCCCAAAGCCGGGGCGCAGCAGCGTCACTCCGTCGCAGCGCCGCATCCACCATCCCTGGCCCAACCGGCCCTTGCCCGCCACCGCCCGTCCCACCGCGCCCAGCTCGTTGACGACCATCACCGCGGTGGTGACGTCGTTGATGGCGGGCGAGAGCGCCTTGAGCGCCATGTCCACGAGCTGTCGCACTCCATAGAGCACGTCCTGCTGCGTGGTCCGGGTGTGCCCCACCGCGAGCGCGGCGTGGATCCGTCTCCGTTGCTGCTCGCTCAGCGACACCTGGGGCCAGAGCGACAGCAGCGGCAAGCCCGGGAAGAGGAAGTCTCCGGTGCGCACGTCGAGCCGCACCGTGTGCACGCCCTGGGGCAGGGCCTCGAGCAGTCGCGCGTAGTCGACGAGCTGCACGTAACCCGTCTCCCTCGTGGTAATGACGGTGGCCTCCTCCTCCGCGGGGCCGGGTAGGGGGGTGCTCAGCTCCTGGACTTCATCGACGTTCAGTCGCTCCAGCTCCCGGATGATCTCCCGCCCGATGGACGCGATGATGCTGCTCGCTTCCACGGAGCGGGCGGCGTGGTGGAGGAAGTAGGGCAGCAGCACCAGGCAGAACAACGTGAGGAGCAGCGCCACCCCGAGTGACAGGACGGGGATGGATGTGCCCTGCGGGTCCTCGGAGGGGGTGCCCATCACGCCAAGCAGCAGCAGCAGGTACACTACGGTGAGCAGGTAGACGCCGAGCATCCGCTGCGTGCCATGGTCCGCCATGAAGCGCGCCAGCAGCCGCGGGGTGTACTGCGTGGAGGCGAGCTGCACCGTCACCATCGTCATGGAGGCCGCCACCGCCATCACGGTGACGAGCGCCGCCGCCATGCCGATGAGCACATCACGGCTGCTGTCCGGGGTGGTGGGCAGATAGGTGGACAACCAGAATCCGCGCAGATGCCTGCCCATGGCCGGCCAGCTCTGGTCCAGCGCTGGCAGCACCAGGCCGAGCGTGATGCCCAGCGTCACGAACAGCACGGGCCGGAACGAGAGGCTCGCCTGGAGGGAGTTCCACAACTTCGCCAGGTGCGGTGACATCGATGGTCCTCTGGCCAAGGGGGCTCCTGAATGGGCCATGGGGGTCCTCTCCACGAGCGTGTGGATGCATGCGGGCAGCCGCAAGCCGCTCCCCCACAAGGGAGTCCCTACACCGAGAGGTCCGCGCGGCGACCCGGACCCTCGGCCATGTCCTTTGGGACATGGGGGGCTGTCCTCCAGGCCGCTCGCTCGGCTAGCGTGAGAGCGTGTTTGCTGCGGCGTTCCTGCTCGTTCCGTTGTTGTGTGCCACCCCACCCCAGCGCGTGGAGCTCGTCTTCGGAGGAGATGTCATCCCCCATGGCGAGGTGAAGGAGGCTGCGGCCGACCACGCGCGCGTCGATTCGGGCGATGCTGGCCCGGCCCGCTCGCGCAACAACGAGGGGTGGGACCACGTCTTCGGCCCCCTCGCCAACGCGCTGCGCTCCGCCGATGTCGCGATGGTGAACCTGGAGACGCCTGTCAGTGGAGATCCGCTAGCCTCCACCGCGCCCCTGCGCTTCGACGCACCACCCGCTCTGTTGCACGCACTGGCCGTCGCTGGCGTGGACGTGGTGTCACTCGCCAACAACCATGCCTTCGACCAGCGCCGCGCGGGCATCCAGGCCACCTGGGCGCACCTGGCCAAGGCGGGCCTCCAGGGCGTTGGCTCGGGTCCCTCCGAGGCCGCGGCGTGGGAGCCCCTCATCCTCGAGAAGCGCGGGATGCGGATTGGCTTCCTGTCCTTTACCCGGTGGCTGAACGGTGCTCGCAACCCGACGGACCCGGATGCCTCTCCCCACGTCGCCTTCGTGCCCTATCCCTCGAAAGTCAAAGTCGGTCTCGACCCCGAGTCGGCCGTGGAGTTGGTGCGTGCCGCGGCCCGGCGCTGTGACGCGCTCATCGTCTCCATCCACTGGGGCATCGAGTACTCCCACGCGCCGCAACCGGAGGACCGCAAGCTGGCCCGGGCCCTGCTGGAGGCCGGCGCGCTCGCCATCATCGGCCACCATCCCCACGTGCTGCAGCCCATCGAGTCGTACCGCACCACCTCGGGGCGCGACACG
CP043493.1_gap41	1076650	1079613	2963	GGGGGGTGAGGTTAGTGCGCGGCCTCCCATGAGAAGTGGGACATGAACATGGAGCGCCGGCCGAGGTGGTAGGTGAGCGCGAAGTCCGCGTAGTCGTACGCGCCCGGCCGCGGGAGCTGGAAGCTGCGGCCCGCGGAGAGCTGCGCGCACGAGGCGACCAGCGCCATGTGCGTGAAGGCCTGCGGGAAGTTGCCTAGCGCCTCGCCCGTGCCTGGCACCGCCTCCTCCGCGTAGAGGCCCACGTCGTTGGACAGGCTCAACAGGTGCCGCAGCAGATCCTCCGCCTCTCCCGTCCTGCCCGAGTGCACCAGCACGTCGTGCAGCCAGAAGGAGCACAGGAGGAAGGTGCCCTCGCCGCCGCTCAGGCCGTCCGGAGCGTGGTAGCGGAAGAGCAGCCCATCTTTCTCCAACCGCGCGCGCACCTCCTTCACCGTGCGGCTCACCAGCGGGTGGGCCGAGGGGAGGAAGCCCAACGCCGGGAGCTGCAGCACCGAGGCATCCGGTATGTCCGTGCCCACCGACTGGGAGAACCACCCGATGCGCGCGCCCTCCTTCAGGAGGTACTCGCGCAGCAGCGCGCGCTCGCGTGCCCAGCGCCCCACGGGAGCGGGGAGCCGCCGCGTTCGCGCGATGCGGATGGCCCTGTCCAACGCCACCCAACACAGCAGCTTCGAGTGGATGAAGTGCCGGGGCTCGTCCCGGACTTCCCACAGGCCCTGGTCCGGCTGGCGCCAGCGCACGCACACGTCATCCACCAGTCCGCGCAGGAAGTCCCAGTGCCGCTGTGACATCCTTCCGCCCATCTTCGAGAAGAGCCACGCTCCCTCCAGCAGCTCTCCGAAGACGTCGAGCTGGAGCTGCTTCACCGCTCCGTTGCCGGCGCGCACGGGCCGCGAGCCCTGGTGGCCTTCCAGGTGGGGCAGCTCCACCTCGGGCAGATGGCGGTGGCCGCGGATGCTGTACATGATTTGAACGTCCTCGGCCCGGCCCGCGCTGGTACGCTCCAGCCAGCGCTGGAAGGCGAGCGTCTCCTCCTGGTAGCCCAGCAGCATCAGCGAGATGAGCGTGAGCGTCGTGTCCCGCAGCCAGGTGTAGCGGTAGTCCCAGTTGCGTACGCCGCCCAGCTCTTCGGGGAGGGACGTGGTGGGGGCGGCCACGATGGCTCCCGAGGGCGCGTACGTGAGCGCCTTGAGCACCAGCGCCGAGCGGCGCACCTCGCGCGTGTACTCGCCCTCGTAGGCGCAGTGGGAGATCCAATCGCGCCAGAAGTACACCGTGTCCTCCAGCCGTCGGCGCAGCGTGGCCAGGTCCGGCATCTCCGCCGGGGTGCGCTCGACGAGCGAGGGAGTCCACGCTGCCTCCACCCAGACCTCATCCCCGGCACGCATGCGCCAGCGCGCGCGCAGGGCGTTGTCGTGCGCCGTCAGCGGGCGCGTGGCCGTCACCCACAGCGCGTCCGCGCCCCCCACCAGCTCGGCTGTCTGGGGTGAGGTGAGGCGGATGCGTGGCACGAAGGCCCCGTACTCGAAGCGCGGAGCCAGCACCAGGCGCGCATGTACCTCTCCACTCGTGCAGCGCAGCCGTCGCAGCAACGAGTGCCGTGTTCCCACGCGGGAGCTGCGAGCCAGGCCGGTGCGGATGGGCATGCAGTCCGTCACCTCCAGTACGCCGGTGGGGGTGGTGAAGGTGGTGATGAGCACGTTGGTATCGTCGATGTACCGGCGCTTGGACTGGAAGGGACCGTCGGGGCTCACGCGGAAGGAGCCGCCGCGTTGCACGTCGAGGATGCGGCAGAACACCGAAGCCGAGTCGAAGCGAGGGAAGCAGGCCCAGTCGATAGAGCCATCACGGCCCACCAGGGCCGCCGAGTGGCAGTCACCCAGCAGGGCGTAGTCGTCGATCCGCTGCCTCATGGACTCTCCCGGAGGCCGCAAGCTTTGGGGCCTCTTCCGTCATTGAGTACGGGAGGACGACGTTGCAACCACGCCCGTGACGCAGTCGGCTCAGGTGTGCCTCGTCCCCAGGCAGGAGACCGTGCGCAGCGCACAACACTCCCTCTCCCTCTGGGAGCGGGTCGGGGTGAGGGTAACCGTCACCCTCTTCCCACCTCAGTCAGTGTGGACCTGAGCGAGCAGCCGACGAGTCGCCTCATGCCGGGGGGAATCCAGCACCTGCGCTGGAGGGCCCTGCTCAACGAGATGACCATGGTCCAGCACCATGACGTGCTCGGCGGCCCGTGCGAGCTGCACATCATGCGTCACCACGAGCTGAGTCATTCCCAGCGAGCCCACCCGGCGCAGGGCTTCCATCACTTCACGACGCAGCGATGGATCCAACGCACTCGTCGGCTCGTCATACAGGAGCACTGCGGGCTCCATGGCCAGAGCGCGAGCGATGGCCACGCGTTGCCGCTGGCCGCCCGAGAGCATCTCCGGGTAGGCATCCAGCCGCTGCCCCAGCCCCAGCTCCACGAGGAGCTGACGGGCCCTTGCCTCCGCCTCCTCCCGAGAGCGCTTGGCCACCAGCCGCTGAGCCAGCGTGCAGTTACCCAGCGCGGTGAGATGGGGAAACAACTCAAAGGACTGAAACACGAGCCCCGCCTGCCCGCCCAGGTGGATGGAGCCCGAGTCCAGCCGCTCCAGGCCCACGATGCAGCGCAGCAGCGTGGACTTCCCGGAGCCGCTCGGCCCGAGGATGGCCGCCAGCTGACCTGTCTCCAGCGTGAAGGACACACCGTCCAGGGTGGCCGAGGCCGTGCCGGGGAAGCGCTTGCGCACATCTTCGACGCGGATCATCGCGGCACCCCCTTGAGGTGCCGTCCGAGCCGGGCTTCCACGGTGCGCGCCAGGTGCGCGAAGGGCAGGCCGAGCAGCAAGTAGATGAGGGCCACCAGGAGCCCGAGGCCCAGATGGTCGCGCATGGCGTTGGCCAGGTTGAGGTAGGTGCGCGTGAGCTCGGTGAGC
CP043493.1_gap42	1144383	1148996	4613	GCCGCGCGGGGCGAGGACGGTCGCGAGTTCCCCCATGGCGACGTGCTCGCTCCGGACGATGCCAACTTCGATCTCACCTACGGCAAGGAGCCCGGCGGCTTCGGCCCCGACGAGGTGGGGACGCACCTGGCCTCCCGCAGCCCCTTCGGCGTGGACGACATGGTGGGCAACGCCTGGGAGTGGACGCGCTCCTCGCTGGAGCCCGGTCGCGTCGTCGCTCGGGGTGGCGCGTACTACTTCGCCGCCGCCTCGGCGCGACTGGCCAACCGCGAGCTGCCCGAGCGGACCCTCCGGGACATCACCGTGGGCATCCGCCTGTGCGCCGATCTGCCCTCCCGTAAGCCGCCCACGCGGGAGTGACCCCAAGGGGCGCTCACGTGGGTGATTGCCCTGGACGCTGCAAGTGTCCGGTGCGGCATGTGTGGCTTGCCCGCGAAATGGCCCCTGCACACCGTCGCTCGTGACGGGGTCGGCGGAGTAGCGGAGGGGTGGGTCATGCGAGCGAGCGGGTGGTGCCGTGTCGTCGTGGCGGCAGTGGGCGTGGTTGCGTGTGGTGGCGAGGCTCCGGTGTCTCAGGAGGAGCAGCTCGGGCAGGCGGAGGCTGCTCTCGGAGTGCGCAATGGGTCGAACCTGAATGGATCCAATCTCAATGGCTCGAACCTCAACGGGTCCAACCTCAATGGCTCCAACCTGAATGGAGGCGAGCTGAATGGGCAGGGGCTCGCTCGGATGCTGGTGTCCGTGAACTATGCGGGTGCAAAGTTGAACCAGAAGGACGGGTTCGCGCGAGGGGAGGTGCGGCTCGACAGGGTGTGGCTGCAGGGCTCGGTCTTCCACGGTCGCTTCCGCGGTCGTCACCTCTCCGGGCTCGACTTCGAGCAGGTTCGCTTCAAGGGCAACCTGGGCAACGGTGGCCAGGTGGAGCTGCGCGTGGACTCCATCACGCCGGGCTCGGGCGAGAGCCGGGATGTGTGGACGTACCAGGTGTCCTACCGCGAGCCAGCGGATGGCCGGTGGTACCCCATCTGCCGGGACACGAGCGGGCAGCCCGCGGAGGCCATCGCCGTGGCGGGACGCTGGGACTACCGGCAGGGAGTGCCGGGCCAGGGCGGTGCGAAGTATGACGATTCGCGCACCTTCACCTTCGCTTGCGAGGGAGCGGCCATCGCGAAGTGCATCCACTTTGGCTACAAGCCGTGGGCGAGCGTCAACGGGGTGAGCCTGGCGGCGCACCACCAGGCGTGCACGCGCCTCATTCGCGCGGACTACTGCGGCGATGGCACCTCGCACACCGTGAACGGGCAGTGGGTGAACCTCTACGACGCCGTGGGCGTGCAGCGGGACACGGAGAGCTGGGCGGTGGAAGCGGAGTGGGACACGGAGGGCGCTCGCTGCTTCACGGACCACAACCGCGCCCGCGCGCCGGTGTCGTGCCCGAGCACTCCGGTGCGGCAGACGCAGTGCGGCTCCGAGGCGTCCTTCTCCACCGGCACGCTGATCCACAGCGAGACGCCGTAGTCACACGCGGGTTCTGGACGTGAGGGGGGCCCGGATATAACCCGGTCCCCCCTCCTCCATCCTCTCCCGGCAGGAGAGAGAGAGCTGAACCCGAGATGCGTCCGACGTCAGGTGTCCTGCTTGCACTCCTCGTAGGCGCCGCTTCCCGAGCCGAGGAGCCGCCCGCGGCGAGTGGTGTCGCCCTCGGCGAGTTCACGCGGAGTCATCCGTTTGGCTTGATCATGATGCCCAGTGAGGGTGGCGCCCCCCTCTCCTTCGAGTCTTCCGAGCTGCATGACCTGGCGGGCTCGTGGGGTGAGCCGTTTCGCGCGCTGATGGTGATGCCCGGGGTGAGCCACATCGTCTCAGGCGCGAGCCTCCCCGTGGTGCGCGGGGCGGCCCCGTCTTCCACGGGCTTCTACCTGGACGGCGTGCGCGTGCCGCAGCTCTACCACCTGTGGATCGGTCCCTCGACCGTGCACCCGGGGCTCGTCTCCGGGCTCGACTTCTACCGGGGTCCCGCTCCGGCCCGCTTCGGCCGGGCGCTGGGGGGCACCGTGGACGCGCGGCTCATCGCGCCGAGCACTGACACCGTTTGCGCGGTGGGCTCCATTGATCTCTTCAACGTGGGCGTGCTCACCCAGGTGCCACTTCGCTCCACGGGGACCGAAGTCACGCTCGCCGGGCGCTTCGCCTATACGCCGTGGATTGCCGCCTCGGTCATCAATGGCCTGCGAGGCCCGTCGAGCCCGGACCTGGTGCTCGGCCTCTTCGACTACCAGGCGCGCGTCACGCAGGCTGTGGGCAGGGGCTCGCTGCGCCTGTTGGCCCTGGGCAGCTCGGATGACGCGGGCCTGAGCGGCACGGGGGACGTGGTGCGGCTGGGCACCGCCTTCCACCGCGTGGACCTGCGCCTCACACACCCGCTGGGCGTGGGGGATGCCGAGGCTGCTGTCACCTGGGGCCAGGACACCCTGGGCGCCAACGGTGGAGGGGAGGCCTCGCGCGTCACGGTGGGACTCTCCGAGCGCACACTCGGGGCGAGGCTGGCGTGGCATGCCGCGCTCTCGAAGCAGCTCGTGGTAGCAGCGGGCGCGGACGTGGAGCGCCGGCTCACCCACGTGGACCAGTCCACCACCTTTCGTCCCGGCGAGGCCGGGGACCCGGCGCGCCCCACCGTCACCACGAGCGTCCTCCAGTCGCTCGCCCGGGCGACGTTCGCGGGCGCGTACGCGCAGGCCTCGTGGACCCAGAGCAGGTGGCGCCTGACCCCGAGCTTGCGCGTGGACGGCTACCTCCTGGCGCCGGAGCTGAACCGGGTGGTCGTCGAGCCCCGGCTGCATGCGCGAGCGGCGCTCTCGGAGACGGTGGCGCTGCGGCTGGGCGCGGGCCTCCTGCACCAGCCGCCGGCCCACCTCCTCGACGCGCCGGGCGTGGAGGCGGCAGCGGCGCGGCTGGGGCTGCAGCGGGCCTTCCAGCTCGAGGCGGGTGCGGACATGCGGGGAGCCGCGGGCTTCACCTTCCGCGCGGACGTGTTCGTCCACCCGAGTGTGCGCACGGTGGAGTTGGACGTGCTGTCCTTCGACCTCCTCGCGGACGACCCCGCGGCGCGGGGGCAACTGCGCACCGCGGAGGGGTACGGTTACGGCGTGGAGTTGATGGCGCGGCGCCGGCTGTGGAATCGCTGGTCGCTGCTCGCCTCGTACACCTTTCAGCGGCGCACGTTGAGCACGCGCGTGGAGCGGCGGGATGACACGGGCCGGGTGGTGGGGGTGGAGACGCTGCCCCTGGCCTCCGCGCTCGAGCAGCAGCACGTGCTCAACGCGGCCGTCACCGTGAAGCTGCCGTGGGGCCTCACCGTGGGCACCACGCTGCACTACAACACCGGGGCGCCCGAGACGGGGAGCCTGCTCTTCTCGTCCACGCAGCGCGAGGGGGTGGATCCGGAAAAGGGGACGGCGCGCTGGGTGCCGGCGGACCGGGATCAGGTGGCGCGCCTGCCCGGCTACTTCCGGGTGGACGGCAGGGTCTCGAAGACTGGCCTGCTGGGACCCCTGGAAGTGGAAGCGTGGCTGGACGTCTTCAACCTGTCACTGACGAGGGAGGTGTTCCGCTACTCCTATGGGACAGAGAAGGGCCAGTTGGTGCGCAAGCCCTTCGGTCTGCCGCCCGTGACGCTTCCATCGCTGGGAGTTCAGGCGCGCTACTGACGCCACGCCGCTCGCCAACGGAGCGGTATCTCTCCGGTTGCACGGGGGCACAGGAGGACGTATCGACGTCTCAGGGCGTCTCCAGCCCGAGCCGAGGAGCGTCGAGCATGTACCGCGCGGATACGGTCGTGGGTCTCATCGAGCACGGTCACGAGGGGGACCTCGCGATTGGAGCGCCGGGGCGGCCCGGTCTGAGCTATGGCGGCCTGCGGGAGCTCGCGCGGCGCACCGTTGCGGCGCTGAATGCCCTGGGGATTGGGCGCGGTGAGCGGGTCGCCCTGGTGCTGCCCAATGGGCCGGAGATGGCGACGGCCTTCATCTCCTTCGCCTGCGGTGCCACCACCGCTCCACTCAACCCCGCCTACCGTGCGGAGGAGTTCGAGTTCTACCTCTCGGACCTGAACGCCCGGGCGCTCGTCATCCTCGAAGGAATGGAGAGCCCCGCCCGCGCCGTCGCTGCCGCTCGAGGCATTCCAGTCATTGAGCTGGTCCCCGAGGCGAGCGGTCCCGCGGGCCTCTTCACCTTGAAGCCGGAGAGGCCACTCTCTGGCACGCCGGCACGGGCGGGCTTCGCCGAGGCCGAGGACGTAGCGCTCGTGCTCCACACCTCCGGGACAACCGCGCGGCCGAAGATCGTCCCGCTGCGCCACGTCAACGTCACGGCCTCCGCCTTCCACATTGGCCAGACCCTGGAGCTGCGGCGCGAGGACGTCTGTCTCAACATCATGCCGCTCTTCCACATCCACGGCCTCATCGCGGCGGTGCTGGCGAGCCTCGCGGCAGGCGGCCAGGTGGTGTGCACGCCGGGCTTCAACGCGCTCAAGTTCTTCTCCTGGGCCGAGGAGGTTCGGCCCACCTGGTACACGGCGGTGCCGACCATGCACCAGGCCATCCTCAGCCGTGCCA
CP043493.1_gap43	1243812	1246012	2200	GAAATCAAGACCGACTGTGTCGATCTTTCCTGGATCAATCTTGCCGTAATAGATTCGTCCAGGGTACCCAGCGACTTTTAGTTTAACTGTTTCGTTGCTTGCGTTGTTCAGTGGAGAGAGAATTACATCAACAAAGAGCTTTTGGTCGACCCAAGATAGTTCGGAAAAATCATCGAAGAAAACGAATAGCCTGCCAAGCTGGGCTTCAAACAAAAACTCACGAATTTGATTGACTATCTCCTGAAAAGGGAAAGAGCGCAGAACCGCGTCTGCATATTCGGCATAGGTCTCGTTGTCGCTTACACTCTCGTCGAAGAGTTCGGAGCCGAGCACTCCCTTGGCTTCAGTCTTTTCGCCAACCTTAACTTCACCTTTGCCCGTGTTCTTTAGTGATTGTGTGTTTTTTGTTGCTTCTTTTGTTTTGGTGGAAATCGTTCGAAGGATTGGGATTTCTTCTTGTGAAAGCTTGGTTGACGTTACCTCTGCCGCCAAGCGCTCCAACGTTTCGACAACGTCTTTGTACTGACGTTTCTGGCCAAGCCAACGGTCAAAAACGGAGCTTTTTTCGTAGCTGGCCTTCAGTTCCTTGATGAGATCGGCAATGATAGAGCCAAGAAAGCTTTTTCTCAAAAAATGTGCGCGGTAGACTAAGTCGGATATTTCAGCGTCGCCTAGCGCTTTGACCGGAACATCAGACGTCTTCAGTAGTTCGTGTAGGCTTTTTACATCTACATAAATCGATATTGCGTCGGTGCTTTTTCTGATTTCGGACTGCGCTTTTGCAAATATAGTGCTTTTCCCTGTGCCTTTTCTTCCTATGATGAACGTGGTGTTGTTGAGCAGGATGGTTTTTAGGATGGCATTTGAAGGTAACGGGTCGACATAGAGCGCTTCGATTGGATTTGCGCCCACCTCTTTTTCAAAATCAAGCAACTCGGCGCGCCGGTATTGTCTGAGCGAGTCCGCAATCTTTGCGAATTTATCTGAATTCATGATTGTGTGCTCCGTAACGGAAGGGAGTGCTGTTTCTACCCCCCCGTACTTGTTGATCACCGCATGGTTCCCGGCTCCGTGTCAAAGAGTTTGGCATGACCTTCGGCGGGAGGGGGAGGGATGCAGGCCGAGAAATCCCCCCTCGCTACCGAGCAGTCTCATCAGGGAATGCACCGACGAAGGCTCGGTACTTGCGCGTGGATGCATGCTTCGGCGGCTGCGGACTGCGCCTAAAGTACCCAGCGGGCGCTGCTAACGCGCCGGGCTCTTGCCTCAAGTTCTGGCGTCAAATCTGCTCGACGTCCACACATCAGCGCACTGGGGAGGTCATGTGCCCGGCCCTGTGTTCGGGATACATTTTCCACCTTCGCAGCCATACCGCTGGCCTAGTTCGAATTCCTCGTCCGGCCCTGCGTGAGTCACTGCCCGAGCGACTGGGGCGGCGGCTTGGCGCTGACGGCGATCGTGTAGCACTCCCCTTGGTGCTCGTGGAGTTCCTCCGGGCACGGTGCCTTCAGCTTGTGCGGCACCCAGCAGCCGCCCATGAGCTCCACCTCAATGCGTGGGGTGCAGGGAGGACGCTTCTGCCCCTTGTAGGGTTTGCTCGGTAGGGGACGGGCAAGGAACTCAATAGACCCTCCGTCCCTGCTGTCTATGAGCGAGATTCCATCGAAGGGCATTTCGGTGTCCGTCGGTACCTCTTCAAGGCTCATGGGCGGTAGCGCGGCGCTCGCCTCGGAATCCGGGTCGTCTGGTGGTCGGGACATGGTGGCCAGAGCGAAGACCAGGGCGCACGCTACGGCAGCACTCGCCAGGGCGAGTCTCAGGCGCCACCTGGGGTGAGGTTCGTCGGCCGTGGGCAGGTGCTGGGCCATCCGTCTCACTGCTTCGCGCAGGTCCTCGAACATGAACACCAGCGCCTCCGCTGAGTGTCTGTCCGGGGATGGCGACCACGGAGTGTGCTCCACCTCCACGGCGAGGTAGTTGGGTGAGCTCGAGGAGACGCAGCGCACCTGCCAGTCCTTCGGTCGGGTCTTGTCGTCCTCGTCGCCGGTGGGTTTGAGCACCAGGGCTGTTGCCCCGCTCGTCTCGTGCGTGGCTCGGTAGAGCTCTCCCCGGTCCGGTGCGGCCTGCGTCACCTGCTCATGCAGTTCGTACGGCCCCAATCGCTCCGATTCCTCCCAGCTCGCCTCGGACTCCTTCTCGT
CP043493.1_gap44	1253528	1256156	2628	GCCGATGTTGGAGGTGCTCCCTCCCTTCCTCTTCGCTCGCCCGTTTTGGATTTTGGAGTTGTGGCAGTGGTTGGGGCTCGTGCTCTGGGTGGGCGCGGCGGCGCTGGCGAGCCGGGTGCTGGAGCAGTGGGGTCTGCGCCTGGGCAAGCACGCTGCGAGCCTGACGAAGTCCGGCTGGGATGATCAGGTGTTCGCGGCCGGCGAGGGCCCGGTGCGCTACGCCCTCTTCTCGGTACTCGGGGCGCTGGGCTCGCGGGCGTTGCTGCTCCCGCCTCCGGCGCAGCGTGGAGTGGACGTGGTCGCGCACTCGCTGGCCTTGGTGGCGGTGGCGTGGTTTGTCCTGCGCTTCGTCAAGCTGTCCGCCCGCTTCATCGAGCAGAAGGTGGTCAGCGAGTCCGGCGCGGACGTGGGGCGGGCGAGGGGCCTGCGCACCCAGCTCGTGGTGATGCGGCGCATCATCGAGGCGGCTACCTATGTCATCGCCATCTCTCTGCTGCTGTTGCAGTTCGAGGCGGTGCGCAATGTGGGCGTGTCGTTGCTCGCCTCCGCAGGTATCGCGGGTCTCGTCATCGGCCTCGCGGCGCAGAAGTCCATCTCCACGTTGCTCGGCGGCATTCAGCTCTCCATCACCCAGCCGGTGCGCATCGGCGACACCGTCATCGTGGAGAACGAGTGGGGGTGGATTGAGGAGATTACCCTCACGTACGTGGTGGTGAAGGTGTGGGACTTGCGGCGGCTGGTGGTGCCGATGAGCCACTTCCTCGACAAGCCCTTCCAGAACTGGAGCAAGGTGTCCCCGGAGCTGCTCGGTACTGTGGAGGTGTACGCGGACTACAAGACGAACGTGGACGCGGTGCGCGCCGAGCTCGTGCGCATCCTTCACAACGAGGGTCGCGAGCTGTGGGACGGCAGGGCCCAGGCGGTGCAGGTGACGAATTGCAGCGAGCGAACCATGACGCTGCGCGCACTGGTGAGCGCCGCGGACGCGGGCAAGGCGTTCGACCTGCGCTGCATCGTGCGCGAGAAGCTCATCGCCTTCCTTCAGCAGCAGCCGCGTGGCCTGCCGGTGCTGCGCGCTGAGGCCCTGTTCCTTCCGGATGCGGCGGGGCCTGCCGGCAGTCAGGCTCTCGCCGCGCCCTCGGGACGGCCCGGGGAGAACGTGGTCTCCTCAGGCCCTCGGCTCGGGTAGGTGACGACCCTCACCCCCCACCCTCTCCCAGAGGGAGAGGGTGCTTCACTCCCGCGAGAGGAGTGCCTCAATCCCCGGCGTCTCCCGAGACAGCGCGGCGAGCTGGGCCTCGGTGAGCCGGAGCTCGAGGAGCTCCTGCTTCAGGTCTCCCTGTAGCAACTCGGGGTAGCTCGCCGCTGATTCGGACACGTCCTCTCCCTGGGCCCTCGCGCTCGCCAGTGCCTCGCGCAGGTGGAAGGCCATCAGGAGTCGGGTGAGCTTCTCCACTCGCTCCTGTTCGAGGCCCAGCTCTCCCCCCAATCGTCGAGAGAGCTGCCGCGCCGCCTCGTCATCGAGTCGCAAGAGTCGCCCGGTCGGTTTGACGGGCGATGCTTGTGCCCGTCCCTCCGGTGGCGTTGCCTCTCCGGCTCCGGCGGCACTTGCCTCCAGCGAGGCCAGGCGCGTCTCCAGGCGATACACGTGGACTCCGAGCAGTACGCCCACGGCGAGCAGCGCCACGGACGCCAGCATCCAGATGGAGCGACCCGGGTTCATCCGTGTCTCCGCCTCAGTTCCCGGCCAGGAAGTCGATCCGCAGGGACTGGCCCCAGTCTCCACCCGCTCGGTTCGGGTCGGTCCGCGTCACCACGATGTCGAACCCCCTGTTCGTCACGCTCCGGACGGTGACGTTGAACGTGTCCGAGCAGTCCCAGCACTCGCTGCGCGGTGAGGCGAGGACGGTGGGGGGCGACGAGAACGTCTTCGGGAACCAGAACGAGTAGGTGTAGTTGCACTTCACCACGGGGTAGCCGCCGCACCGGCCGGGCGGATTCAGCACGAACGTGCCCATTTGCAGCCGCTGGAGCGTGGTGCCTCCGCCCACCTGGAGGGCTCCGACGCTCGCCGTGCCGCTGATGGAGAACCGAGCATCCTGCGGCGCGCCATCCTGGTTCTGGATGTAGTGGCCGCTGCCGCCCGGGACATCCGAGCCGGTGAGCGAGGAGGGCGCCCACTGGCTCCCATCGAAGCGGAGTTGCTGTCCGAGGCTCGGCGCGGACTCGGACACGGGGACGTTCTGGAGGCCCACCACCCGCGTGCCCTCTTGCGGCCCCTGCACGTCGCCGCGCAGCTCGCCCGAGAAGCGCATCGCCTCCTCCGCGTACCGGGCCCAAACCGCGCTGGCTACTGGCATGAACCGCTGGTCCGTGAGCAGCACGTAGTCGTCCCGCTTGCGTGCGTAGAGCACGACCCGGACATCTGGCGCCGTCAGGACGTTGTGCTCGCTCGGGGTGAGGTAGCGCTGCTGGAAGTCCTCGGAGACGCCGTTGCCATCCGCGTAGACGAGCACCTCGCCGTCGAAGGAGTGGGTGGCGTAGAAGCGGCCGAGCTCCGAGTACAGCAGCGTGCCCGAGGCGTCGTCGCCCACTGTGCCGCCGCTGCGCCAGTCGAGCCGGCCCTCG
CP043493.1_gap45	1262662	1265665	3003	GAGCCCCGGTGTTTGGTAAATCCCTTCATTCCCTCAAGGAGTGTTCGGATGAGGAGCGCCAGCCCATACTTATGCGGGGTGATGTCCTGCGTTTGAGTGAGAATACCGCTGATGCCATGGGATGCTGCCTTCCAGAGTTGGTCCATCAGTCTCCAATCTAGGAACGTGTTCCACGCAGGGACAGGCCAGTCGAGCTGGACTTCTTTCCCTTGGAAGTGGACGACGGTCGATGCATGAGGAAATGCAACGGCCCAGTTTTCTTCAGGCGTACGAAAGGTGAGCGGCGGCGTCCCTTCTTGATGTGCCGGGTCCTTCTTGCTGGCGTCGAGTTCATCTGCGTCCACGTCGTGCGCCAGTTGCAGGACACCGTAGGCGGCGGCGAGTGCGCCAGCTGAGAACTCTCCCGATTCGTGGAACCTCAGTTTGGAGTCGCTACCCTCGAGGGGGAATTCCTCCTGCACACCGATACGTAAGGTCGCTGGCTCGGTGAGTCGCTGCCTCAACTCGGCGGGAAGTGTTAGCACTGGCTTGCCATTGACACTGCCGAACCAGCCTTGGGTTTTCTTGCGATCCGCCTTGCTCGTCTGGGTGAGCACGAAGGTCCACAGTTCACGTATCGCAGCCGAGGCCGATGCCTGGGAGGAGGCGAGGAGGCCCATCGTCTCGGCGAAATCATCCATCCGCCTCTTCGAACGGGCAGACACATAAGGCTTGATGCCGAGCGCCTCGATGTACCCCGCGAGCGTTTCTGGCTCCTGTGCCGAGCTCCCTCGCGGATGCTGCACGGGGATACGCTGGAGGGCGCTCTGCAGCTGAGGGCTCATGCCCACGACAGGTGGGGTCCGACCTTCGATATCGTGGGCCCAGTCGAAATCCGAATAGTGAAGGTCGATCTGCTCCAATATGCTTTCGACTGTCTCCCCCGGTCGTAGCTCGATGTCCTCGAGGGCCGTCTCGGCTCTCATCCTGCGACCTTGTTTCAGGCGCTTCTTCATCCTGGCAAGGCGCTTGCGATCCAATAGAGAGAACCAGGTCGCCAGGAGTTCGTTCGCCAGATCCGCGGTCAGCCCGGACTCCGGAGCGGCCAGCAGCAGTGCGCGTTCCCAGAGCCAGGTCTCGAATTCTTCCTGGCGTGGCGACAGAGGGCCCGACTGCTGCTTTTTCACCAACGTGTCGATGCTTTCCACCAAGCGGCCCAGGGTCTGCTTCAAGGGGTCGCTTCCTCCGCTGGCGAGGGGCGCTCCAGGTGCTCGTTGGTGCTCAATGTCGTAGACGAGATCCAGGAACCGTCTCGCTAGGGTGCTCAGGGTCTTGCCGGACAGAGAGGAGGATTTCTGTAGCTCTGGATGGACCCAGGCCCGCATCATGGAATGGTAGTCGTTCGGTGCCTCCCAGTCCGGCAAGGGCCACGGGAATGGAACACTCCGAGCATCCTCCAGGGTGATGATTCCTCCAACCAGCGGATTCGTCCACCCGTAGGGTATCGGCCGAGTGCCCAATGAGCCGTCTTTCTCGTCCCGCGCGAGATCGAGTGCGAGTACGAGCAAGGCCAGGAGGTTCTCCGGAATGGGCTGTGTCTGGTCGGGGAGGCTGTACTCGAACCCGGTGCCCACCCCAAGGTAGAGCGCCGTATTGGAGGTCTTGAAGGCGTACTGCCCGACCAGGTTGGTCTTCCACGTCAGCTCGTCACGGACATCGACATGGAGTCCTTGCTCTCGCAATTGAACGACCTGCTCGAGCGCGCCCCTAACCGTCGGTGAGACGTTCCCACTCATGAGCGCGCTCTGCCACATCTGGTGGACCAAGGGTCCCGCCCGGCCCTGCGAGTCGATACTTCCAAGCCGCTGGCGCAGATCCTGGAGTTGCCGCAGATGGTCCGGGAAGCCCTGCAGTAGGGATGGGTTGATCTCGAAATAGCCGGTGAGCTTCGCGGGGGGCAGAGTTGGCTCGAGCCGGTTGACCTCGACATCTAGGAGGTCCTTCATGAGCAGGAGCCGATGAGGGGGAGGTAGCGGCGGCAGGTGCAGGCGTTGACTGCGTGGAATCACCTTGTCGTATGTGGTCCAGGCGAGTTCGTGTGCTTCGGGCTTGGTGTTAAGGCTTCGTAATGAAGCTCGCGAGGCGCCACTGGCCCTGCCGAGCAGCCCATCGAACTGTCCCTGGTGGTGCAGGTGCAGGGTCTTGATGAAGAGATCGGTATCCCCTGTGAGCAGGAAGACGATTCGCGGATGCCAGAACGTGCGCACCAGATCGAGCAACTCCACGCAGCGGTGCGGGTTCATGTCCGCATCGTCGATGGGGAGCAGGAAGCGGACTCCTGGCTGGATGCGGTGCAACCGCTGGTGTGCGTCCTCGGCGACCCGGGTGACGAACTCCCGCCAGCGGTCCTGGACGGAGAGCCGTGCGCGCTCGGCGTGGCCCAGTTCCACCGCGTACGATTCAGCATCCAGCTCGCGCTTGCGCTGCTCCAGGTTGCCGTCCAGGCCTGTCGCCGCATCCTGGAGCAGCTCTCGCCAGGCTTTTCGAGAGGGCAGCTCGGCTTCCCACTTCGGATTCCAGCTGCCGATGGGAGCGGGAGGGCTTCCACGCTCGCGTGCGTCGGCTCCCTCCAGGTCATCCACGAACTCCAGTAGCCGCCCGGCGAGCCACGTCAGGAGCGAGGTGCCCTGGGGAAGGGGTTGCAGATCCAGCGTCCTCAGTGGGATGAGCATCCCGTCCAGCGGACCCTTCCGTAGCAGGCGTGTGATAGACTCGGGTACGTCGTCCATGCGTTCGCCACGAAGCTCCCGCAGCCAGAGGTCGAGCAACGTCAGCAGCACGGTCGTCTTGCCACTGCCGCGCCCGCCGTCGATCAAGATGACATTGGAGTTGCGGTAGTGGTCGATCCGCCAGGTGAAGGGTCCCCGCTGCTTCTTCTCCTCCAAGGGGAGGGTGACGAAGTCCCCCAGGAACGCGTGGATGTCCTGGGCGACCTGTTGCTGAGACCGCGTCAACTCACCCCAA
CP043493.1_gap46	1268661	1271844	3183	TCCCATCCCGGCGAGCGCCTCGCGCGCCCGCGGGTGGATCAGCTCCAGGTCGGTCAGCAACAGCTCCATCACATGGCCGAAGACGACGGGCTCGCGGCGGAGAGAGTGGGGGTGCGGCGTCCAGGTGCTCGAGCGGGGCTGTTCCATGCCTCGCATGACACACCTGGGCCGTTTCCGCTGTTTTGCCCCCACATTAAGAATTGTTGAGAGAACCGGGGGTGGGGGAGGTACCTGGGATTGCGGCCCTGGTATGGTCGTCCGGTTATGGACACTCCCCCGTCCCCCCCCAACCGTTGGCTGTCCTTTCCCCGCGTCCTCTGGGTCTCCCTGGGCGCCGCGCTGGCGTTCTGCCTGCTGGTGCTGAGGGCGGGCTTCATGCCCGACGACTTCGTCTACCTGGGCATCCTCGGGAAGGTGCCGCCGCCGGCGCCGCTCGCCAACTCGGCCTTTGACCTGTACCGCATCGCCGCGGGTGATGCCGCCGCGCAGCATGCGCTCATGGAGAAGGGGGTCTTCCCCTGGTGGGTGTTGCCCGAACTCAAGGTCTCCTTCTGGCGGCCACTCTCCAGCGCGCTCTTCGCGATGGACTACTCGCTCTTTGGTACCCGGCCGCTGGGCTACCACGTGCACTCGGTGCTCTGGTACCTGGGGCTGGTGGCGCTGGCCGGCGCGCTGATGCGGCGCGTGTTGCCCGGGGCCCTGGGCGCGCTCGCGCTGCTGCTCTTCGCCATCGACGACTCGCACGCCGCCACGGTGGGGTGGTTGGCCAACCGCAGCGCGGTGGTCTCCATGCTCTTCTCCCTGGTGGGCCTGTGCCTGCACCTGGAGTGGCGCGAGAAGGGCCGCACCTGGGCGCTGCCCCTCTCGGTGCTGTCCCTGGTGGTGGCCCTCGCGGGCGGTGAGACGGCGTTGATCGTCCTTGGTTATCTGGTCGCCTATGAGTGGCTGGGTGCCCCGGGTCGGCCCGCCGAGCGGCTCCGGGCGCTCGTCCCCACGGGCCTGGTGCTGCTCGTTTATATGGTGGTGCACCAGCGGTTGAACTACGGCGCCTCGGGTTCGGACATGTACCTGGATCCGCTGGACAGCCCCCTCTTCTGGCTGAAGACGGCGCTCATCCGGGTCCCCATCAACCTGGGCGGCATCCTGCTCAATGCCCCCGTGGACTTCGCCGGCGAGGCCCGCTTCGAGGGCATCATGCTGGGCGTGGGGCTCGCCGCCATGGTGGTGGTGGGGCTGCTGCTGCGCGCCTGCTGGACCGGTCTGGAGGACGCCGAGCGCCGTCACGTCCGCTGGCTGCTCGTGGGCGCCTTCCTCTCCACGTGGTTCGCGGCCTCTACCTTCCCGTCCTCGCGCACGCTGTTCGTGCCGAGCCTGGGTGGCGCGGTTGCCGTCGCCGTGGTGCTGCACCATGCCTGGCGTCGGCGCGAGCGCTCCTGGCGCGGGAAGGCCGTGGTCGTCGGCGCCGGTGCCCTGGTGCTGCTCCACGTGGTCGCCGCGCCGTACGTCTGGTGGAGCACCGTCAACCTGTTCTCGGGCGTCGCCGCCAGCAATGAGCGGCTCCAGACGCGCTTCCAGGAGCACCTCGACATGGCGCGCCTCCCCGAGCAGCGCGTGGTGGTGCTCAACGCGCCCAACGCCATGGTGGGCATCTATACGTCGGTGCAATGGTGGGCGACTGGCAAGGTGCTCCCGCGCGCCTGGTGGACGCTCTCCTACGCCGCGGGCGAGCACCACATCACCCGCACCGGGCCCTCCACGCTTGAGCTGTCGTTGGAGCGCGGTCGTTTCCTCTCCACCATCGGCGAGCGCATCCACCGCTCCGGCCGCTTCCCCCTGCCTGCCGGCCACGAGGTCGTCATGGAGGGCATGAAGGTGAAGGTGCTGGAGGCGGACGCCGAGGGGCCTCAGAAGCTGTCCTTCACCTTCGACGTGCCGCTGGAGGATCCTTCGCTCGTGATGCTTCACTTCAAGGATCGCAAGCTGCAGCGCTTCACTCCGCCGCCCCAGGGCGACGCGGTGTCGTTCTCGTTCCTGTAATGGTTCGGGGGAGACGGAAGCGATGACCCAGATGCGCCAGGAGCTTCGCCGTGCCGCTGACGTCCTGCGTTCCGCCCAGGCCCTCCTCATCGGGGCTGGGGCGGGCATGGGGGTGGACTCGGGCCTGCCTGACTTTCGCGGCACCGAGGGCTTCTGGCGCGCCTACCCCGCCTACGAGAAGCTCGGGCTCGACTTTTCGTCCCTGGCGAATCCCCAATGGTTCGAGAGGGATCCCGAGCTCGCCTGGGGGTTCTACGGCCATCGCCTCGGGCTGTACCGCGCGACGACTCCCCACCCGGGCTTCTCGCTGCTCCGCTCCTGGGGCTCGCGCATGCCGCACGGTGCCTTCGTCTTCACCTCCAACGTCGACGGTCAGTTTCAAAAGGCGGGGGTACCGGAGGAGCGTCTCTTCGAAATTCATGGCTCCATCCACTTCGTGCAGTGTCTCGGCTCCTGCACGGAGGTTGTTTCCGCCGACGCGTACTCCGTGGATGTGGACCCGGAGACCTTTCGCGCCAGGTCTCCGCTCCCCGTCTGCTCACGCTGCGGCTCGCTCGTGCGGCCGAATATCCTCATGTTCAACGACTGGGATTGGAATGACTCGCGCAGCCAGGCCCAGGAGCGGCGGCTTACGCAGTGGTTGGATACGGTAGAGCCCGGCACGCTGGCGGTTGTTGAGTGCGGCGCGGGCACGGCCATTCCTTCCGTGCGGCGTTTTTGCGAGCGCGTGGCCTCCAGTCGGGGCACGTTGATTCGTATCAACGTGCGTGAGCCTCAGGTGCCCTCGGGTGGAATCAGTTTGCCGCTGCGGGCTTTGGAGGCGCTGCAGGGGATTGAGGAGGAACTGGCTCGGGGGTGATGCCAGGGGACCGCTTACCCTCACCCCGACCCTCTCCCAGAGGGAGAGGGAGTTTGTTTGTTTGTTTGTTTGTTTAGGACAGCGAGAGCTCGGACTTCAGTTTGACGTCTGTTCGCGGTGCTCCCAGGGCCAGTCCCGCTGCGCTCAGCCTCACGAGGACAATCCACACCGCGTCCGCCAGCAGCAGGTGCACCAGCTGCATCCACACCGGCGCCAGCAGCGCCACGTTCACCAGCCCCGCCACCAGCTGCAGTGCGTACAGCATGCCCAGCTGCATCGCCGACCGC
CP043493.1_gap47	1274706	1276116	1410	AGCCGGACCGCCAGCCGGCGCATGTCCGCGTAGCGGCCGGTGAGATAGAAGAAGCGGGCGCGCTGCACCACCAGCGGGTGCGGAGTCCAGGCCAGGTCCTCCACCACGGCATCACCCTGGTCCAACACCGCCTCGGCCTCGGTGAAGCGGGCCAGCCGCAGCAGGGCGTCCGCCTCCGCGCGCGCGGCGAAGATGAAGGAGAAGCCTCGCCCCAGCCGTCCGTCCCAGGCTGCCTCGCGGGCACGGCGCACCAGCGCGAGCGCCTCGTCGGGCTCGCACGCCTCGTCGAGCCGGCGCTGCGCGAGGAAGGCGAGGCTGCGCGCCTCGAGCAGGCCATAGCCCAGGCGCGCCGCGCCTTGCGCCAACTCGCGGAAGCGCCGGGTGGCCAGCGAGGCCTCGCCTCGGATGGCGGCTTCGTGCGCAATCCCATGCGTGGCCATCAGCCGCATCGTGGGATCCGTCACCCCGGAGAGCGTTTCCTCCAACCGCCCGAACTGGCGGGAGATGAGCTCGGGCGCACCCAGGTGGAAGGCCGCCGCCACCTCCGCCATCCGCAGCAGGCAGCGCACCTCCGCGCTCGAGATGTTGGCGGACCGCAGCAGGGTCTCGGCGCGCGCCACGTGCACGTTCACCTTGCCCGCGTCGAAGATGCGGCCGTCCGGCGAGGCGAAGAGGTTGGCGGCCTGCGCGTGCACATGCACTTCGATGGACTCGGGCAGCAGGCCCGCGTCGGCCTCGGCCAGGTGGGGCAGCAGCACGGTGAAGGCGCGCCGCACGTCCTCGAAGCCCCAGCGGTACACGTAGGCCAGGCCCGCCGAGGCCAGGGCGCGCGCGCCCGTGGAGCGCAGCTCCCCCGAGGCCAGCATCGCCAGCAGGACGTTCTCCGCCGAGCGCCAATCGGCCCGCTGGAAGAACTTCAGACAGGGTGTCAGCCGGGCCCGCTCCTCGGGCGACATCTCCTGTGGGAGCAGGCTTCCGGCCAGCCGGGGAGGAGCAGAGGGCAGGGTTGGCTGGCCTCCCTCAGCGAGCTGGCGCAGCGCCTGTGCCACCCGCCCCCTCGGTCGGCGGGCCTGGGGCGCGGCTTCCGGCAGCTCCCACCGGTACACCGTGAGGGGCGTCACTCCGAGCTGACGGGCGAACGCTGCCCGGCTCAGCCCCCCACGCAGTGCGCGAATCGCCTCGGGTCCGACGCCCTGTGCTTCGTTCCTCGACACCACTGTCCCCTTACGGCCCCCCACCCGCTCCCGCTTCTTCGGTCATTTGACGAGGAAGGGCAATCTCTGTGGGCCTTGCGAACAGGCGAGCGCGCCACCTCCATTCCAGGAGGATGACCCGAGACGCGTGGCGCCTTGGCCTCCTGGTGGAAACGGACGAATCATGGGCAGGATGAGATGAGACGTCTGGTGTAAC
CP043493.1_gap48	1307775	1311116	3341	CTGCTGGAGGCCCTCAAGGACCCCGAGACGCGCGTGCGCCGCTCGGCCGCGCAGAGCCTCTCGCGCATCCTCGGCCAGGACGTCTCCGCCGTGGTGAACATGGATGACGGCCATCGCCGCCGAGAGATTCGCCGGCTCGCCGGGCTCCCCGTGCAGCCGGTGCGCGCCTCGCTGGCCCCCAAGGCGTCTCCGCCCCTGCGCCTCACCGTGGCGCCGGCTCCCGTGGCCGCTGCTCCAGGGCCCGTGGCGCCCGTCCACGTTCCGGCCCAGGCCGCTGCATCCGCTCGCCCCGCGCCTGCCCCAGCTCGGAGCGCGGCCCAGGCTGTCCGGACCGCCGCCACCCCCGCCGCCCCTCCGAAGGCAGCGGCTGCGCCCGCCTCGCGTCCCGCCGCGCGCTCGGCTGCTTCCCCCGTGGAAGCCCTGTGCGGGCCGTTGATGTCGGAGATTCGCGTGGCCATCCGTGGCCGCTCGCTGGGTGAGCTGGCTTCCGGGGTCTCGGCGACCCTGGAGCTCGTGGAGGAGGCGCTCGCCCTGCTTGTGGCCAGGGGAGCCATCATAAGGAGGGGGCACAAATACTTCGCCGCTTGAGGCAAGGTATGCCCCCCTGAGATTCGACGAAGGGTTCCTCATGGATGCGCCGACGTACAGCCCCAAGCAGGTTGCCGAGATGCTCGGCCTGCCTCCGAAGTCCATCGCCTCGGCGCTGAAGCAGGACAGCTACACCGGCACGGAGGTGTGGGCGTTGCGGGCACAGCTCGGCGCGTACCCGCCGTCGCTCGGCCGCCGCAAGCAGCTCTTCCTCAACTTCAAGGGCGGCACCGGCAAGACGTCCCTCTCCACCTCCTACGCCTGGCGCCTGGCGGAGCTGGGCTACAACGTCCTGATTGTGGACCTCGACAGCCAGGGCCACGCCACCAAGTGCCTGGGCTTCGAGGGCGAGGACTTCGAGAAGACGCTCCTCAACGTCCTGGTGCGCAAGGCGCCCATGGCCGAGGTCATCCAGAAGACCTCCCTGCCCAACCTGCACTTCGTCCCCTCCAACCTCACCATGTCCACGGTGGACCTGGCGCTGATGCCCATGGCGGGCCGCGAGTTCAAGCTGCGCAACGCCCTCAAGGAGGTGGAGGCCCAGTACGACGTCATCGTCTTCGACGCGCCTCCCTCCTTCGGACTGCTCAACCTCAACGCGTTGATGGCGGCCAACGACCTGTTCGTCCCGGTGCTGGCCGACTTCCTCTCCTTCCACGGCCTCAAGCTGCTCTTCGAGACGGTGCAGAGCCTGGAGGAGGACCTCAACCACGTGCTGGACCACGTCTTCATCGTGGTCAACTCCTTTAACGCCACCTTCAAGCTGGCGAAGGAGGCGCTCGAGGCCCTCCAGACGCACTACCCGGAGTACCTGCTGCCCACCATCATCCGGCAGTGCACCAAGTTCGCCCAGGCCTCCAGCGAGGGCCGGCCCGTCTTCGTGGCCGACCCCAACTCCAAGGGGGCCAACGACATCGAGGCCCTCATCCAGAACGTGCTTCCACGCTTGCGGGTGAACACGGCTCCCGGTAGCGATAGCGGTACGCAGCAGGCCGGTTGACGTCACCCCACCTCTTCGGCTTCAAGGCACAGCCCATGAAGAAGGCCTTCGAACAGAACGTGTCCCGCGCCAAGCCGCGCCTCCGCTTGGGGGCCTTCACCGGCGTCGTCGATCCCGCCGCGCCCGAGGAGGCCCAGGAGTCCGTCGAGCCGCAGGCCCAGGTGCAGGCTCCCGAGCCGGAGCCCGAGCGGCTCGCGGCCCCCGAGCCCACGCGAGAGCCCGAGCCGCCGACCGCCGCCACCAACGATCTGTCCGCCGAGGTGCGGGCCCGTATCGAGCGCGCCCGCGCGCCGCGCCCCACGGCCTCCGAGGTGATTGAAGCGGCCCTGCGCTCGCCTCCGTCCCAGGCGCAGCACCACGCCGCGGAGGTGGCCGCTGCTCCGGCCCACGCCGCTCCTCCCATGACGCCCCCCACGGCGCCGGTGGCCCGGGTCGAGGCGCCCGAGCCCGAGGTGGAGGTGCAGACGCCGTCCTCGCCCCGTGAAGACCTGGACACGCACGCCCGCCGCGAGCGGCTCAAGGAGCGCCTCAAGGCGGTGCGCGAGAATCCGCGTCCCGAGCCCCTGCCGGCCAGCGTCGCCGAGGCGGGCATGCGCGCGGTGGAGCGCATCTCGGCGCTGCAGAACGAGCTCACCAAGGTGAAGGCCCTCAACCTCTCCCTCACCCAGGAGCTGGAGGTGTCTCGGCGCCAGTCGGAGAAGGCCACCGAGGAGGCCCGCCTGCGCATGGACGAGGCCCGCCGGCTCGCCTCCGAGATGGAGGGCCGGCTGAAGCTGCTGGGTGACCTCGAGCGCGAGCTGGCTGCGCTGGAAGGTGAGCGCGACGAGGCCCTGCTGTCGCTGCAGGAGGCGCGTCAGGCCATGCAGGCCGCTGCCCAGGAGCGCGCCAACCTCGAGGCCGCCGTCGCCGAGGCCAAGAAGGCGCTCGCCGACAGCCTCTCCGAGGAGGAGCGGCTCGCCAGTGAGCTGGAGGCCTCCAAGGACGAGGCCGCCGCGTTGCGCCGCGCCGTGGACACGCTCCAGGGCGAGCGGGATGTGCTGGCCCAGCAGGTGGCCTCGCTCACCGCCGAGCGCGCCGAGCTGCTCGAGGCCCGCAAGGCACTCGAGGCCGTCCACCGTGCGCTCAGCCAGGCCGTGGCGCGCTGATACCGGGAGCTACGTGCTCCCCTTGGTTGCTTCGCAAGCCCGCCTGGGTCCTCGTGACCCGGCGGGCTTTTGCTTTGACAGACATTAGATTGACAGACATTGGACCCAGGTCCAGAGCGAGGGGCCAGCCGAGCCATCGCCTCTCCTGATGCCGCACAGGCGGAGACTCCGAGTGCCGTTGCCGCACCTGGAGTGACGTCTGAGCTTTACCGCCGAACCCGGGGGGACTCGGAGGCCATTCCGCTGTCCGATTCCTCCCACGTGCGCCGCGCAAAGGAGTCAGAAGTGGCCCTGGATCTACTTAAGGAGAAGGGTGTTCCTCTGGACCGCCAGAAGTTCACCTGGAAGGACCTCACGCGCCGTACCTTCAGCAAGCTGGACGATGACGCCTTCACGCGAGTGCGCGTCATCCTGATGAACGGCATTGAAGCGGAGTCGGTGCGCTTCAGCCACGCTTGCGCGCGGATGAACCGTGAACTTCGCGAACCTCTCGCCCTCATCCGCCGGGTGGAGCACTTCCAACAGACGATGGTCAACTGGATGAACCCGCCCGACCAGTCTCCCCTCGAGACCACGCTCGGCTACGAGCAGACGGCCATCGAGGTGAC
CP043493.1_gap49	1358339	1360211	1872	CTGGTGGTGGTGGGCGACGCGTTGATGGCGCCGTACGAGCTGACGATGCGGACGAACGCGGAGGGTCGCTACGATCCGGTGGACGGCAAGGAGGGGCTGGTGTGGCTGATGGAGCTGGCGCGGCACTTCGAGCGCAGCGCCTGGCTCAATCCGGAGCCTCCGCAGACGTGGCGGGGCAACACCATCCAAGCGGTGAAGAACGTCTTCGACATGTTCCCGCTGACGTTGGAGGGACTGGGAGACGCGGTGGCGCACCTGACGAAGGGCCGCATGGTGCGCGGGCGCCGGTAGCGCTCACTTCGACCCGGGCTTGCGCGTCAGGAGGGGAATGGTACGTCCGTTCGCTGAGTCTTCGATCAGCGTGGTCAGCCGTTTGAGCCGGGTCTCTTCCTTCTTGGCGCTCACCACCCAATGGGTGGCCGATCTCTGGTACCAGGGTGCCTGCGCCTGGAAGAAGGTCCATGCCTTCTTGTTCGCCTTCAGCTTCTTCTCGTACTCCTCCGTGAAGGTGGGACTGTCCTTCTGCTCGTGCGAGTAGATTCCGGACTTGTCCTCCGCGCGTTTCTCGAAGGCCTCAAGGCCCGCGGGGTGCATGAGTCCCAGGCGGGTGAGCTCCTGGACACGTTTGATATTGACGTTGCTCCAGATGCTCCGGGCCTTCCGGGGGGTGAACCGGATGGTGTAGCTGACATCGTCGACGCGCTTGCGCACGCCGTCGATCCATCCAAAGCAGAGGGCCTGATCCACCGACTCCGGCCACGTGATGCTGGGTTTGCCCGAGTCCCTCTTATAGAACCCGACCAGCAGCTCTGGTTCTCGGGCGTGATGTTTCTCGAGCCATGAGCGCCATTCAGCGGGGGTCGCGAAGAAGGTGGGTTTCATTCTGATGAACAGTGTACTGGCTGGGAGAATGGCTCTGCACGTGTGAGGTGGGGGGATTAGAAGGGGCACTCCACTCGCTGTCCCCTTCAGAGGAGTCCTCCCATGGCCCCCATCGCCATCCAGCCGCTCTACACCGCCACCGCCACCTCGCACGGGGGGCGCAACGGTCGCGTCCGCTCAGACAATGGGACGATCGACATGGCGCTCACCATGCCCAAGGCCCTGGGCGGTCCGGAGACCCCGGGCTCCACCAACCCCGAGCAGCTCTTCGCCGCGGGCTATTCGGCGTGCTTTGAGGGCGCGCTGCGCCTGGTGGCCGGGAAGATGAAGAAGCAGATCAAGGACGCTCACATCACGGCGAAGGCCACCATCGGGAAGACCCCGACGGGCGGCTTCGGCCTGGCGGTGGAGCTCCACGGCAAGCTCGAGGGGGTGTCGCAGGCGGAGGCCGATGAGCTGATGCACGCCGCGCACCAGGTGTGTCCGTACTCGCTGGCCACCCAGGGCAACATCGAGGTGAAGCTCTCGGCCGAGGCGGTCTGAGCGTCTCACAGGCGCAGCGCGTGTGGTGCTTGCCCACCGCCACGCAGAGCCAGGGCGGTGGGCTGCCTGAGCGCGAGGCTCAGTGGGCCTTACTTCGAGCCGCCAAGCCAGGTGCCCCACCGGACGAGCCGGCTGCTGCCCTCGGGCTCGCGCTTGCCACCCGCGAGCACGCGCTCGGTGCCCTCGTTGAGCGTCCGGAAGCGCGCTTCGTAGGGCAGGCCCGAGAGCACCGGCCCCCACGGATCGGCTGCGACCGTCTCCGAGTAGACGCGCTGGGTGCCATCCGAGGTCTCGGTGCGCTGCACGGTGATGGCGGGCACCGCGCGCTCCTCCACCGTGAAGGTGCCACGGGTGCCAGACGCGGCGGTCGTGGGAGGCCAGTCACCCGCACTCAGCGCCTCGAAGGGCAGGCCCAGCAGCACCTCCTCGAGGCGCTCCGGCTCGGCC
CP043493.1_gap50	1362203	1364782	2579	AGGGCAGGCGCGTGCTGCTCTACAACCGCTCCACGCGCGAGAAGAACCCCATGGCGTGCATCGAGCTGAAGAACACCACGGGGCTGACGCTGGAGGGCGGGCCCGTGACGGTGACGGAGGCGGACACGTACGTGGGCGAGGCGATGCTCGACACGATGAAGCCCGACGACAAGCGCTTCGTCCCGTACGCGGTGGAGCTCGGGTGCGTGGTGTCGGTGGAAGACAAGATGGAGGAAGGGCCGGTGTTCAAGGCGGTGGTGAACCGCGGCACGCTGGTGGTGGAGTTCTACCACTTCCGGCGCACCCACTACCTGGTGCGCAACAAGGGGAAGCGGGCGCAGACGCTGTACCTGGAGCATCCGCGCACGGGCTGGCAGCTGCAGGATACGCAGGAGCCCGATGAGACGACGGACGGTTTCTGGCGTTTCAAGCGCGAGCTGGCGGCCGGTGCGAGCGAGGACTTCGCCGTCACCGAGTACTCGGGAGGCCAGCGCTCGTACTACCTGTCGAACACCGGCGCGGACGAGGTGGGCTTCTTCCTGAGCTCGGGCTTCATTGACGAGCGCGTGGCCCAGGGCATCCGCGAGGTCATCGCCATCCGCGAGCGGGTGGCGCGGCTCAACGAGGACGAGCAGCGGCTGACCCAGGAGCGAGCGCACCTCTTCAAGGACCAGGAGCGCATCCGGGCCAACATCGAGTCCCTGAAGAGCGGAGCCTCTCAGCGCGAGCTGGCCGAGCGCTTCGTGACGAAGCTGAACGAGCAGGAGGATCGGCTGGAGTTCATCGCCCGCGAGCTGGAGCGGGTGGCGCGCGAGAAGCGCGAGGCTCAGGACGAGGTGAACCGCAAGGTCCAGGCTCTGTCCTTCACCGCGAATCTGGGCACGCCCCCCGCCGACAAGGGCAAGGGCAAGGGGCGAGCGTAGGGGCGAGGAGCCGGGGTTCTCCCGCCCCGGCTCCGCCTCCGTGCGCTACGGGGCCCGGTAGACCTCGGCGCCGGCCACCACCGTGAGCTTCACCTGGGCCTTCAAGAGCTCCGCCGGCGACGCGTCCACCGGGTCCACCGAGAACGCCACGAAGTCCGCGTCCATGCCCGGCTTGAGCCGACCCCGCTCGTTCTCCGCGAACGCCGCGTAGGCCGCCCCCACCGTGAAGCCCTCCAGCGCCTCCTCGCCGCTCAGCCGCTGCTCGGGGTACCAGCCGCTCGCGGGCTGGCCTTCCGCGTCCTGCCGCGTGCGCGCCGCGTACAGCCCCAGCACCACGTCCGGCCGCTCCACCGGGAAGTCGCTGCCGAGCGCCAGCGGCGCCCCCGACTCCTTCAGCTTCTTCCAGGCGTACGCACCCTGGATGCGCTTGGGGCCTACGCGCGTCTCCGCCCACGGCATGTCGCTCGTGGCGTGCGTGGGTTGCATGCTCGCCACCAGACCGCTCTGGCCCAGCCGCTGGATGTCCTCCAGCCGCATGATCTGCGCGTGCTCCACCCGGTGCCGCAGGTGGCGCGTCCCCGTGGCCTCGGACTCGCGCAGCAGCGTCTCCAGCACCAGCGTGTTCGCCCGGTCTCCAATCGCGTGCGTGGCCACCTGGAAGCCGCGCGACATGAAGGCCTTCACCCGCGCCTCGTACTCCTCGGGCTTGAGCAGCAGCAGGCCGCGGTGGGCCGGCTCGTCACTGTAGGGCTCGTGCAGTGCCGCGCCCCGGCTCCCCAGCGCTCCGTCCAGCAGCAGCTTCACCGAGCGCAGCGTCAGCATCCGTCCCTGGAAGGGGCCCTCGCGCAGGTACGTCGCGTGGTCCGGCCCCTGGCCATCCGCCATCGCGTAGACGCGCAGCGGCAGCTTGCCCTGCTCGTCCCAGCGTCGCAGCAGCCGGAAGGTGCGCAGGTCCATACCCGCGTCATGTGCTCCCGTCAGCCCCACCTCCGCGCAGCGCGCGAGCGCCGCGGCGAGCCGCGCCTCCAACTGGGCGTCCGTGGGGGGCGGCACCACCGCGAGCACCAGGTCCATCGCGTTGTCCACGAGCACGCCCGTGGGCTCTCCGTCCGGGCCTCGCAGGATGCGGCCTCCCGCCGGGTCCGGCGTGTCCTTCGAAATCTTCGCGCGCCGGAGCGCCTCGCCGTTCACCCACAGCGCATGGCCGTCCACGCGCTCGAGCACCACGGGCGTCTTCGGCAGCTTCGCGTCCAGCTCGGCCCGGCCAGGGAAGCTCTTCTCCGGCCAGTCGTTCTGATCCCACCCCCGGCCGATCAGCCAGTCGCCCTGCATCGCCGTGGCGGGCGCGGCGGTCACTCGCGCGAGGATCTCCTCACGCGAGGTCGTGCCCTCCAGGCGCACTCCAGCGAGGCTCTGGCCGAGCCCCGCCAGGTGTCCGTGCGCGTCGGTGAGGCCGGGCACCACCGTCACGTCTCCCAGCTCCACCACCCGCGCGTCTGCTCCCGCCGCGGCGAGCACCTCGTCCCGGGTGCCCACCGCGAGCACCTTCCCCGCGCGCACGGAGAGCGCTTCGGCGATCGGCCGCTCCGCATTGAGCGTCCGCACTCGCCGCGCGACATACACGGTGGTGGTGGAAGAGGAAGGGGCCTGCTGCGC
CP043493.1_gap51	1369824	1373772	3948	CCGATGGCACCGAGCAGCAGGTAGGTGACGATCGGCGTGCGGAGTGTGGGGTTGTCATCGCTGAGAGGAATCATCGGGCGGCTCCATCATGTCCATGACGGAGCTGCGAGGCACTGATTTCGTCGCGCGTGTATGGCGGCGGACGTCCTCGCCCCGGGACCGCTTCCGTCTGGGGAGGAGCGACCCTAGCTGTGTGCGCATGACTGCCATCACTCCGCTCTTGATTCCGCTGCCTGGCCTGCGTGTGCAGGCGCTGGAGGCCGGCCCCGCCGATGGGCCGCTGGTGCTCCTGCTCCACGGTTTCCCCGAGCTGTCCGAGAGCTGGCGCGAGGTGCTGCCCCGGCTGGCCGAGGCGGGCTTCCGCGCGGTGGCGCCGGACCTGCGGGGCTATGGCGGCACGGACCGGCCCAAGGGGGGCTATGACATCGATACGCTGGCCAACGATGTCGTCCAGATGGCGCGCTACCTCCAGCCGGGGCGGCCCGTGTACCTCGTGGGTCACGACTGGGGCGGGCTCATCGCCTACCACGTGGCCGCCCACCACCCAGAGGTGGTGGACCGTCTGGCCATCATCAATGCCCCGCATCCGTCCGTGATGACGCGGGAGATCTGGAAGCCCGCGCAGCTCGTGCGCTCCTGGTACGTGTTCTTCTTCCAGCTTCCGTACCTGCCCGAGCGCCTGCTCTCCGCGAGAGGAGGCGCGCTGGTGCCGCGGCTGCTGCGCAGGTCGATGGTGGACCCGTCGCGCGTGCCGCTGGGGCGTCTGGCGGAGTACGAGGCCAACTTCTCCAGCAGAGAGGCGGCGCGCGCGGCCATCGACTACTACCGCCAGCTGTTCCGCCGCAACCTCTCGCCCAAGGGGCTGCGCGAGTCGCGGAACTACCCCCGCATCCGCGCGCCCTTCCTGCTCATCTGGGGCGAGCAGGACGTCGCCCTGCGCAAGTCACTCACGAAGGGGTTGGAGCCGTACTTCGAGCAGCGGCCCGTCGTGCACTGCCTGCCCGAGGAGGGCCACTCCGTGCCGTTGGAGGCGCCGGAGAAGGTGGCCGCGCTGCTCCTCGAGCACTTCGCCGCGGAGCGTCCCGTGGAGGAGGAGCGGGAGGCGTGGGCCACGCGCGAAGGCGTACACGGAGAAGAGCCGCAGCCCCCAGCGTGACAGGCTCCGGGCTCACTCCTTGAGGTGCAGCTTGCGCACCAGCTCTTCGTACTTCTCCGGCGGGAGGTTGGCCTTTTCCAGCGCCTGCCGGAGCTGCTCGCCTTTCTTGTACACGGCCGAGTAGCCGCACTCGGGGAGGAACTCCGGCAGCGCTGAGTAGGCGAGGTTGCGCGGGTAGTCCCTGCACATCCCCGGGCGGCTGTCATAGGAGTCGCACTGCTTCGTTACAGGGTCGTAGTGCGTGCAGCGGAAGACGAAGAGCTTGTGCCGGCGGTCCTCGCTCACGTACTCGAAGCCATTCACGAGCCGGTGCCAGGTGAGCGTGAGCCAGCGCAGCGAGCGCAGGTAGAACACGGGTCGACTCACGGCGATGACGGGCGTCTCACAGCAGCGACCACAGCCATTGCAGGCCCCGGTGAGTCGGTAGCGCGGCTCGCCCTGGGCGCGCAGCACCAGGCGCGTCAGGGAGAGGTCGATGGTGTAGCGGATCAACGCGAGCCGTTTGATGGCTCGGCGGATGAGCCCGTCCCTCATGGTGGCGCCAGTCTACCAGAGGGGCCGCTTATGACGCCTCCTCGGCCAGGAGGTAGGGGAGCTCCAGCGTGAACGTGGCCCCCAGTCCCGACCCTTCGCTGTGCGCCGTCAGCGAGCCCCCCAGCTCCTGGGCCGCGAGGGCGCTGGAGTGCAGGCCGAAGCCGTGCCCGTCTTTGCGGGTGGTGAAGCCGTATTGGAAGATGCGGGTGCTCAGCTCGGAGTCGATGCCCATGCCGTTGTCCCGCACCTCGATGCGGATGCGTTGGGTGGGGGTGCGCTCCATCCTGACTGTCAGCCGTCGCTCGTCCACGGGCACAGGCTCCAGGGCGTACGCGGCGTTGCTGATGAGGTTGACGAGGATCATCAGCACCTTGTGCTTGTCGGTCATCAGGGGCGGCAGGGGAAGCATGTCCCGCTCCACCTTCACCTGGTAGCGCGTGAGCCCGTCTGTGTTGATGCGCAGCGCGTCCTCCACCAGCGCGTCCAGGTGGACGGGCTCGTCGTGCACTCGGGGCGTGCGGGCGTAGTTCTGCTGCACCTTGACGATGTCGCCGATGTGCTCCGTGTACCGGCCCACGTCGTCGAGCAGCGAGAGGAGCTCCTTGCGATCCTCCTGTAGGTTCTGCCCCAGCTTGCTCAGGAAGGGCGTCACATGCTGACCGCGCTCGTCCTGGGTGAGGAAGGTGCAGAGGTCGCCCTGGTGCTCCTCGAGCATGCTCGCCACTCGGCTCACGTGCTCAAGCCGCATCCGGCCCATCCGCTCCCGAGCGAGCTGCGCCGAGGCGTAGACGCTGGTGAGCACGTTGCCCACGTTGTGCAGCACGTTGGTGGCGATCTCCGCCATGCCTGCGCGCCGGGCCGTTTGCACCAGCTGCCTGTGGACCTCCTTCAGCTCGCGGGTGCGCTCCTCCACCCGTAGCTCCAGGCTCTCGTTGGCCTGGAGCAGGGCCTCCTCGCGATGCTGAACCTTGTCTGCCATCACCCGGAAGGCGCGCGCCAGCTGGCCCAGCTCGTCCTCGCGCGAGGTGTCCAGCTCGACATGGAAGTCTCCCGCGGCCACCCGGTCCGCGGCCCGCGTGAAGGCCAGCAGCGGGCGGGTAATCTGTTGCTTGAGTACCCAGGACATGATGATCAGCTCCACCAACAGCGAGAGGATGCCGAGCACCAGCACCGTGCGCGCCGCCCGCACCGCGGGTTGGGACACCACGCTCTCTGGCAGCACCGTGACGAAGTTCCAGCCAGGGCCTTGGAGCCGGGCCACGCCGAGGTACTCGGAGAACTCGGGCAGCTCCACCACCGCCCGGTCCGGCTCGCGGTCTCGCACCCGCTCGAACAGCCTCCGCAGGTGGTAGCGCTGCTCCTCGGGGATGATGAGGTCGCCGTTCTGCCCGCTGTCACGCAGGATGTTGTAGACGCCGGTGGAGTTCTCCTGGGTGATTTGGGGATGGGCGATGAGCTCCCCATCGTCGCGGAAGATCATGTTGTACGCGCCGGGCAGGTGATCGTTGATGGTGCGAGTCATCAACTCTTCCAGGAGCACGTCGTGGCCGAACGTCGCGACGTACCGGCCGTTCATGTCCAGCGGCGTGGCGATGGAGACCATCCATTTCCGGGTGCCCTGGTCCGCGTAGATGCCGCTCCAGATGGTCTGTCGTGTGGGGTTGTTCTGGGGGCTGTTCGCGCTGAGGCCGAGCAACGAGAGCTCCCCGCCCACGTCCTGGCACCAGTTGGGGCGCTCCGGCCAGTAGAGGATGATGACGCCCTCGGCCAGGACGACATAGGTGTTCGTGAAGCGCGTGTGGAGGGCGGGCCCGTACCAGGACAGCACCTCATGGGCGGCCAGGATGCGCCGGCGCAGCCCGTCGTCGAGCTGCCGGCCGCGGTTGACGACAACGCCCGGCATCTTCGTGCCGTCAAAGCCCTCGAGGCGGCTGCGGACGGTGCCGTCGGGCCTTGGCGTGAAGAGCTGGTCGAAGCGCGCTCGGACGTCCTCCTTCTCTAGCGCGAGGATCCTCTCCTGCAGGGCCTTCTTGATGACGACGTGGTTGTCCTGCGCGAGCAGGAAGAGGATTTGCTCCCGTTGGCTGCGCTCCGACACATGCCGCTCGAGCCGCGCCAGGTCCTCGGTGCGCACGGCGTGGAGCAGGTGGAGATAGCTGAAGAGCGTACCCAGGGCGATGACCCCGGCGATGCGTACGCCCATCTTGAGCAGTGTCGAGCGGGACAGGGAGGGGGGAGGGCGGGGGGGCGACATGAAG
CP043493.1_gap52	1376757	1377271	514	AGGGCACAGACTTCGAGTCACTGGTGTGGGGCATGGTGGACCGCGAGACGGCGCGGGTGTCCCAGGAGTTCCACCGGCTGCAGGCCGCTCACGCGTGCCGCCCGGACGTCCCTCCCGAGGTCATCGGCTCGCTCATCGTTGGCACCTACCTGCTGCTGGCGCAGCAGATGAGCCAGATGGAGCAGAAGCCGGACCTGGCCGCCTGGGCCAACTCCATCCACCGCCTCATCCGCGAGGGCAGCCTGCCCCCGGCCTTCACGGACTCCGGCCCCTCGACGTTGTCGGTCCCGACGAAGGTTGCGCCGAAGGCTTCGACTTCCCCGCGCCGGTCTACCCAGGCCCGCGCTCTCTCCCGCACCCGCAGTACTTCGAGGTCATGACCGTGAAACTCTCCAGGACGCCGCTTGTCGCCGGGCTCGCCGCAGTGGGCCTGGCCGCCACCGCGCTTCCCCTCTCCGGCTGCAAGGCAGACGCCGCGCCGCCCCCCGCCGCCAACAAGGCCGCCGCCGCGCAG
CP043493.1_gap53	1524134	1528816	4682	GGCCGTCGCCCCGTGGTGGTCGCAGAAGGCGGCGATCAGCGCCTGCACCAGCGAGTCGTGGTTCACCGCCGGCTGGACGTCGTTGATGTTCATCACCCGTGCGCGCACGGACGCGCTTCCCTTGGACTCGAGCTTCTTCGGGTGGGGCGTCAGGTAGTTCGCCAGGCGCTTCAGGTCCGTGGAGATCAAGAACGTGCCGTGATGGAAGGCTCGGTCCCGAGTCTCCCGGTACGCGCTGCCGCTGATCTTCCGCGGCCCGTCCTCCATCGGAATCACCAGGTCGTTGCGCCCCGAGGCCTCGGCCGTCACGCCCAGCCGCTTCAGCGCATCCAAGAGGATCGTCACGTTGGTCGCCTTGCTGTAGCCCTCCTTGGAGGACAGGAAGGTGAAGCACGTGTTGCCCAGGTCGTGGAAGACCGCGCCCCCGCCGCTGGTCCTCCGCGCGAGGAAGATCTTGTCGTCCTCCATGCGCTTCAGGTTGCACTCGGACCAGGGGTTCTGGTTGCGACCGATGACGACCGTCTCGGCGTTGCGCCACAGGAAGAGCGTCCGCGTGCGCGTGTCCATCTCGCGGAAGATCCAGTCCTCGGTGGCGAGGTTGAACCAGGGGTTGAACGTCTGGGACAGGAGGATGCGGACGCGCTCTTGCGACATGGCCCCAAGCTACATGCCCGGTCGCGCCTCGCGCTCCTTCTCCTTTTCTTGAATCGTTTTAAAAATAGAATATTACGCCTTGACTGTTCGTATCCTTTTATCGGAAAACGAGGAAAGGGTTCGACACCCTGTCGAACCGGAGGAAGCCGCCATGCGCATTCGCCGTCTCGTTTCCATCCTCCCCCTCATGCTCCTCGGGAGCGCCTGCGGTGTTGACACCACGGATGTCGACGCTCAGGCCTCTCAGGGGACGGAAGACAGCAGCCTGTCCGCCAACGCCGGTGGCCAGGGCCTGCAGCAGCTCAAGGCGCAGCGGCCCGACTTCCTCCAGGGCGCGGGTGAGGTGTCGTTCAAGCGCGCGCTGCGTGACACGCGCGGCCTGTCGCACGAGCGCGTGGGGCAGAGCATCAAGGGCATCCCCGTCTTCGGGGCCGAGGCCATCCTCCACCTCGACGAGAACGGCGCCGTCGCCTCCATCACCGACCGTCTCGCCCGCGACATCAAGGTGGACACCACGCCCCGGCTCCGGGCCGAGGAGGCCACGCAGATCGCCATCAGTCAGGTGGGTGGCGCGAGCGTCCTGGCAGCCGCGCCCAAGGCGGACCTGCAGATCCTCCCCGGGAGCAAGGGTGCCCAGCTGACGTGGCGCGTGCAGCTCGAGACGGTCACGGCCGAGGGCGCGCCCTCGCAGCCGAACCTCTTCATCAACGCGCACTCGGGCGAGCTCGCCCTGCAGTTCGACAACATCAAGACGCAGCGCAACCGCAAGACGTACACGGCTGGCAACCGCACGACGCTTCCCGGCACGCTGGTGCGCTCCGAGGGGCAGGGCGCCTCGGGCGACGCCGTGCTGGACGCGGCCCACGACAACGCGGGCTTCACGTACGACTTCTATTTCAACATGTTCGGCCGTGACAGCTACAACGGGGCGGGCGCCACGCTCACCTCGTCCGTCCACTACAGCAAGAACTACGTGAACGCGTACTGGGACGGCACGCAGATGGTGTACGGCGACGGCGACGGCTCCCAGTCCTCCGCGCTGACGGTGCTCGACGTGGTCGGCCACGAGCTCACCCACGCCGTCACTGACTTCTCCTCGGACCTCATCTACTCGAACGAGTCGGGCGCCCTCAACGAGGCCATGTCCGACGTCTTCGGTGCGTCCATCGAGGCCTACCGGGATGGCGCGGTCAGTGCCAACACCTGGAAGATTGGCGAGGAGTGCTGGACCCCGGCCACCCCGGGCGACGCGCTGCGCTACATGAATGACCCGGCCCTCGCCGGCGATTACGACTACTACCCCACGCGCTACACGGGGACGTCGGACAACGGCGGCGTGCACTGGAACTCGGGTATCGCCAACCTGGCCTTCCAGCTGATGGTCTCCGGTGGCACCCACCCGCGCGGCAAGACGAGCAACGTGGTGCCCGCGCTCGACGCGACCAACAGCTACAGCAGCATCATGAAGGGCGCGGCCATCTTCTACCGGGCCAACACCGTCTACCTGAGCCCGAGCAGCACCTTCGCGGACGCGCGCTCCGCCACCGCGCAGGCCGCCGCCGACCTGTACGGCGCGAGCGAGGTCGCCTCCGTCAACGAGGCCTGGACCGCGGTCGGCGTGGCCGCCGCTCCCACGTGGTCGACGCTCTCCACCCAGAGCAACCTCTCCGGCGCCCGCAGCAGCTCGACGAGCTTCAGCTACGCCACTCCGACCGGCGCGAAGGCCATGAAGTTCGAGATGTCCGGTGGCTCGGGTGATGCCGACCTGTACGTGAAGTTCGGCAGCGCGCCCACCACCACCAGCTACGACTGCCGGCCCTACGCCTCGGGCAACGCGGAGAGCTGCACCTTCAACCCGTCGCAGCAGGGCACGTACTACGTGATGATCCGCGGCTACTCGGCCTACTCCGGCGTCACCCTCAAGGTGAGCTCCGCGCAGTAACCCCGAGCACCTCCTTACCCCACCCTCCGGCGCGGCTGCCTGTCCTGGCGGTCGCGCCGGTTGTGTTTTGGGGCGAGTGGCGTGTCCACGACGTTCTTGGACTGAGTCCGAGCGCCCGTGGAGGTCCCCTCTCCCTCTGGGAGAGGGCTAGGGTGAGGGTATTTCCCTAAAGTGCGTCACCGTGCGAAGCGGGGCGAGGAACACGGAGCTGAATACCCTCACCCCCCGCCCTCTCCCAGAGGGAGAGGGAGCATGCGCAACACGACTCAATCCAAAGACTTCGTGGACACTCCACTGGAGCCGCGCGAGCCTGTCAGCGCGCTGCCTTCTCGACCTCCTCTTCCTTCTCCTCCCGCCGCTGGCTCTTCGGCTTGCGCACCTCCGCGGGATCGGGCGGCTGGCCGTGCGCGCACTGGAGGAGCGACGGAGGATCGAAGCACTCGAGCCGGAAGTCGTCCTTCTCACACCGGCCGCGCGGAGTCGCCGCGCACTTCACCTCCGTGCGGCTGTTCTTGCAGTCATAGCCGCACGCGATGGCCGTCGACGCCGTGAGGCAGGTGGGCCGCGGAAGCTCCGCGCCGAGCTCATGGATGGAGGACTCCGGCGGATCCCAGCACTTCAGCTCGCCGAAGTGCTCCCGACACACGCCATAGGGCGTCTTCGCACAGACGACCTTCCCCCTCGTCACGAGGCAGTTGAAGCCACAGGCCGCTTCGTTCCCAATGCCCTCGCACTCGGGGCGCAGGCCCTCGTCGGGCGGGTGGTGGATGGCCGCGGGCGAGGGATCGAAGCAATACACCTTGCCATGAAACATTCCGCAGGTGCCGTAAGGGGTGCTGGCGCAGCGGACGTCGTCGGCGCTGGCTCGGCAGGAGTAGCCACAGGCCGTCTTCCCGTTGGCGGACAGACACGAGACGGGCGGAATCGACGGCGTGGAGGCGAGGAGGGCAATGCCGAGAATCGTGAGGAGCATGGAGGTCTGTGGAGAGGAGTGACGGGACCCCCCGACGTAAGCGGAGCCCGTCTATTCAATCCTCGCGCAGAAGGCGACCGTGGCACCGGTTGCATCCGTGACGTAGGCGCCAAAATCCTGCGGGGCCTGGGCGACCATCTTGCCCTGCGGCGAGAGGCCCAGCGAGTTGATGTCCACCGAGGGGGGGATGGCGAAGTAGGCCCCCATGAGGATGTGCGAGTATCGCTGGGTAAACCGTAAAACGTCAGTGAATCAAGACTTGACGGAGAGCCTTCATGAAGAAAGCAGCCGAGGTGGTGAAGGAGATCAGCGAGGCGCTCAGGGACGTGGACGAGCAACTCCGCCACCACCCCTACCCGGATGCGCTGGAGCGAGGCGAAGTTACGGTGGAGGCGCTGCGGGCCTTTCCCGGTACCCAGTTCCACGTCGCCACGAGTGATCTCCGCTCGATGGCGATGATGGTGCAGCGGTTCGGCCACACGCCCGCGGGCGGCTTTCTCAACGGCATCCTGCAGGGCGAGTTCGCGGCGCTGGAGGGCCTGCGGGTGTTGGCTCGCAAGCTGGGGATGACGCAGGAAGACTTGGAGCGCTACGAGGTGACGCCCGAGGGCTTCGCCTACGCCACCAACATGGCCTGGATGGCGGCCAACGTCTCGGCGGCGGAGTTCGCGGTGGGCATCCTGGTCAACTTCCCAGCGTGGGGGATGACGTGTGGCCGGATGAGCCAGGCGCTGCGGGCGCGCTACGGCTTCACGGCGCAGGAGACGGTGTTCCTGGATGCGTTCGCCAACATGCCCCCACTCGAAGGCGCCGCGCTCCCCATCATCCAGGAGGGACTGGACCAGGGCGTTCCGCCACGCCTGCTTCACCGCTCGGCTCGGTTCTTCCAGGCCTACGAGAAGATGTTCTGGGACGCGATGATGGCGGCGGCCCAGCCCCGATGAAGGGACGTCGAGGGCGCGCTCACTTCGGCTGCATGCCGAGCGCGCGCATCAACTCCAGGGGAATGGGGATGATGGTCTGGTTGCCGCCCCCGGTGATTTCGACCAGCGTCTGCAGGTAGCGCAGCTGGAGGGTGATGGGGTTGCGGTTGAGCACCTCGGCGGCCAGGGA
CP043493.1_gap54	1597480	1600457	2977	TGAGGAAGCTCGTCCCGGATTATTCCCCGACCGTGCACCAGCTCCAGGAGACGCGACGCATCGACATCGGGTTTCTCAGGGAGCGCTCCGGGTCATTCGACAAGTTGGTCCGCGCGATTGCTGAGCTCTGTGGAGTGCCCGCGATGTCCTCCGTGTAGAGCACCTCACCAGCGGTGAGACAGGCCCGCTCCCGCGTACACCGTGAGGGGCGGCGCCGGCTCGAAGTAGCGTCCCCGGCTCGCGTTCACCCGCACGTTGTCGCTGTAGCGCGCCGACAGCAGGTTCTGCAGCCCGAGGAAGGGGCTCACTTCGAACACGCCCATCTGGAAGCGGTGCCCCAGCCGCGCGTTCACCACCCAGGCCGTGTGCTCGCGCACCGTGTTCGCGTCGTCCGCGTACAGCCCGCCCGCGCTGAACACCTCCACCGCCGCTCGCGCTCCGCTCGCGTGCTGGTACACCGCCTCCGCGCTCACCTGGTGCGCTGGAATGCCCGGGACCTTGTTGCCCCTCAATTGCTTTCCCTGGGACACGTAGTCGCGGAACGTCGCCTGCAACGCGTTGTAGGCCGCCCGCAGCCGCAGTTCCTCCGTCACCTTGGCCTCTAGCGCCACCTCCGCGCCCAGGTGCCGCGAACGCCCCGTGTTGCGGTAGTACGCGCGCGCATTCTCGTCCTCGAAGCGCACCAGCCCGTCGCGGATCCACACCGAGAACAGCGCCACGTCGTAGCGCAGCCGGCTCCCCAGCAATCCACGCGCGCCCAGCTCCACCCCATCCGAGTGCTGTGGCTTCAAGTCCCGTGACAGCCCTCCGCCCGTCCCCGGCGCCACCGCCAGCTCCGTCGTCGTCGGTGCCTCGAAGGCTTGGGTGACGTTCCCGTAGACGGACACCTCCGGCCTCGGCGCCCAGATGAGCCCCAGCCGTCCCGTGGGCTGCTGGAACGTCCGCGCCCCCGTCCCGTCCCCGTCCTCCTTCAGGAAGTCCTCCACCCCGTAGCGCGACACGTCGTAGCGCGCGCCCGCCACCAGCGTCAGACGCTCGCGCAGCTCCAGCTCCTCCTGTGCGAAGAGGCCGAGCCCCAGCACGTCCTCGTCCTGGTCCAGTTGCAGCGTGTTTCCTGGCAGTCCGGCCGCGTTGTTGAAGTTCTTCCGCCGGTCCGACTGCGATTGCAGCTCCGCGCCCACCGTGAAGCGGCTGCGCAGCCCGAGCAGCGGTGCCCGGTTGCCGTAGCGCACCGTCACCCCGTCAAACGTCCGGTCGAATGCCACCACCACCGAGGGCAGTGCGTTCTGGAAGCGCCGCAGCGCCAGGAAGCCTCGCGCCTCCACCTCGTGCACCTCGTCCAGGCGCCGGCGGTACGTCAGCCCGAGCCGGCCCTGCCGTACGGACTCGCCCGCGCGGTCGCTCAGGTTGAGGGGGGCCGCCTGTCGTGGCTCCTGTTCCACCTCCGCGCGCGTCAGCCCGCCCGCGTCCTCCGCCTCCGGCGCGTCCACCAGCGACAGCACCGCCGTCAGCTCCGAGCGCTCATCCGGCGTCCAGCCCACCTTGCCATTCAGCAGCACCTGCTCCGTGCTCGACTGGGGCCGCCAGCCCTGTTGCGTCAGTCGCGACGCGCCCACCAGCCAGCGCACGTCTCCGTTCTTCCCTCCGCCCTTTACGTTCAGCTTCCACAGGCCAGCGTCCCCGTGCAGCGTCCGCGCCTCCACGAAGGGCCGATCCGGGCCGTCCTCCGTGGTGATGCTCACCACGCCACCCGCCGCGTTCCCGTACAGCGACGAGGACAGTCCCCGCAGCACCTCGATGCGCGCCGCCGACGCCATGTCCAGGCTGTCCACGTTCGTCTGCCCGTCCGGCAGTGTCTCCGGGAAGCCGTCCACCAGCACGGTGATGCCGCGGATGCCGAATGCCGAGCGCGCGCCGAAGCCGCGGATGGACAACCGCAGGTCCTGCGAGAAGTTGTTCCGACTCTGCGTCACCAGCCCCGGGACGCCCACGAGCGCCTCGTACACGCCCAGTGTGGGACGCCCTTCCTGGATGTCCTCCTGCTCCACGACGCTCACCGCCGCGGGTGTGCGACTCAGCGGCGTGGGGACCCTCGGCGCGACCACCGTCGTCTCTCGCGAGGGCTCCGCGGGCTGCTCGTCCGTGGGAGCGGGGGAAGTTTGTGCCAGGGTGGCGGACAGGAGCGCGCAGGGGAGGAACCAGGACATCCGCTAGCGCTCCACCTGGACGCCCTTCCAGAAGGCCACGTGTCCCTGGATGTTGCGCGCTGCGTCCTTCGGCTCCGGGTAGTACCAGGCCGCGTCCTTGTTCACCTTACCGTCCACCATGACGTCATAGTAGCTCGCCACGCCCTTCCACGGGCACGTGGTATGCGTGTCGCTGTCCCGCAGCGCCTCGCGATTCACTGCCTCCAAGGGGAAGTAGATGTTCCCCTCCACCACTTCGTACGTGGCACTCTCGGCAATCACCTTTCCGTTCCACATCGCTCTGGCCATGGGGACCTCCTGTTGCATCTTGTGTCCCTGCATCTCTGCTCGGCCCGCAGGCACTGCGCTACAATCTTGGAGGCCTTCCGTCCGTCAGGTGGCACGCGAACGAGGTGTCCCGGGGGAGGGGGGCGGCCAATCGGGCGCTCCAGGCACCGTTTCCCGAGAGAGGCGGCACCAGGCGCATGACTGTCGGCTGTTGGAAAGCGAAATGATAGGTGGATGGGGAGGGACGTCCCGGGCTGTTCTGGCGCTGGTAACGTCCCACGTCTCCCTTCATGAACCCCACCGAGCGACGCGCCCCGGACGTCCACACGCTTCTGAGCCAGACCTTGAGCAGTCCCGAAGGCGAGCTCGCCTTTCGGCAACTCGCGGAGGCCATCCCTCAGCTGGTGTGGACGACCCGCCCGGATGGTCACCACGACTACTTCAACCAGCGCTGGTACGACTACACCGGCACGAGTCTCGGGGCGACCTTCGGCGAAGGCTGG
CP043493.1_gap55	1691062	1695747	4685	CCAGTGGGGACCACGGCTCCTGGCTTCTCCGCATCTGGACGTCCGCTCCCAGGAACACCAGGGCGGCACCATCAGCTCCGTCACCACCGGCCGCCAGTGGAGCCGAGGAGGCCTTCGCAGGGCCGAGAGAGGACATGCGCTCTGTGTTCCTCGGAGAGCAATCCCGCCAGGAAATCGCTCAGCGTTGTTTCTCAAGGGCACATTTTCATGGGGTGAGATTCCGCGAGGAGTCTTTGTTTTCCAGTGTGGCAGATGCGGGCACGGTGGCCACGTGAGCGACCGAAAGGTTTTTTGGGACGCCGGCCGGGTCATTCCCTCTCTCCCCCTCGAAAGCACGGCTTCGTGTCATCCCACTTCATCCACTCTTTGTAGGACCCTCTTATGTCCGCTCCACCTTTCTGTGACACAGGCGCAAGCGCGGAACCGCAAGCTAGGAAGGCCGCTGGGGACAAGGCGAAGGCGGTGTCCCTTTGCACCGCGGCGCAGATCGCGTCGCGAAAAGCCCGTGCGGACTGGATCAACATGGTGGAGGGCTTCGCCGGCGTGTCGCGGATGCGGCCTGGGGTTGCCCTCGCGCCGGAGCCAGACTCGCACCCGCCGTGGGCAATCCGCCGCCTGCCTCCACACGTCACGCAGACGAACATGTCGAAGTCGAACATCCTCGAGGCCGGCAAGATGGTGGTGGCCAACGGCGACCATCACGCCATGCCGCTGCACCAGAACGAGGGCCGCACCTCGGGCCACTACGTCACCATGGCCGGCATCGACTCCAAGGGCAACTTCATCGTCCGTGACCCGGCAGACGCGAACGTGAAGACCATCACCCCGAAGCAGATGGAGCACTTCCTCCGCTCGGTCCCTCACGGGGGCTACCAGATGGCCATCGGCTGAGCCTCGGCGCACCCGGTTTCCTTCTCACAGGAGGTCAACGATGTCCCAGTCCCAGAAGTTCCAGCAGTGTGTGTCTGCCTTGCAAGAAGCCCGAGGGAGGCGCCGTGAGCGGCTCGTCGTACATCTCCAACGGTGACAACGGGATGGTTGTCCGGTTCTGGTTGTGCGACGACTGCGCCATGCCGCTCGGCCCCAGGCAGGGGCCACCGACATGGATGAACTCAAGGCGCATACAATAGCCGTATAGGAAAGCCTCCTTTCGGCTCCGCCCTTATGCAATCGATGGGCAGTTCCCTCCAGGAGCCGTCCTTTCCCGGGGCCAGGGTGGTGACTCCCGTCAGCAGCTTCCCTGGAGACACGAGTCTCCACTCGTGGTGAGCGATGCGTACCTCCGCGCGAACCTGACACAGCGTCGGGAAATCTCGGGTCGCTGTCTATCTTTTTTGTATGTGTTTTTGCGTATGTGGTTGTTTGTCCGGGTCGAGCATTTTGAGTTGGTCTGAGATTGTTTTGCCCAATGCCGCGGACTGTGTTAGTTAATGCTGCGGACTGTGTACCGTCCAAGCAGGGATTGCACGCCAATGCGTGCAAAGTTGTAACCAACCTATCAAGGAGGACTTGTGTACAGAATCGCCAAATTGGTGACTGCGGGGGTTTCGTTCCTGGCCTTGGGCGCCACCGCTCTTCCTTCCGCTTCCGCTGCTCCCGGCTCGACAGGGGAAGGGGAGATGGAGATGGAGATGGCTGTGGATTGCCCAAATTGGATCGACGAAGCCGGTCCGGGGCGCGCGGGACGCGGACACGCGGACTGCACGGGGAAGCGCGTCTACGTGCAGACGAAGGTGTTGTGCGATGACGGTAGCTCAGCCACGAGCGCGTGGAGGTGGGAGTACGCAAAGGCCGAGTGCCCCTATGCAGTCAAGGCAGACAAAGTCATGTACTGGACCAAAACCACGCTCTGAGTAATCTGACTGGCGAGTTTTGTTTCAGCGCACAAACAAGGGCGTTTCCGGCGTGGATCCACTCAGGAGACGCGCCGGGCCTGAAAACACCAAGGCCGGAAACCCCTGATTGCTCAGCGGCTTCCGGCCTCTGCTTGTGTGTTCCCGACGGGAATCGAACCCGATGGGGGAGGGCGCTACACAGGGGAGATTTCCCGGCGGCGGAAGGGGCGCTCCACCTGGAGCATAGGCGGCAGGGGAGCCCTGTTGAGGGCGAGGGCCGGGGAAGGTGGTCGTCCCGGAGGGCCGTGCGACAGGCATGGGACGGTGCAGGAGGGCCCCGAGGAGACCCGCCCGTCGCGCTTCAGGCACACCCCTCCCCAGCGCAGGCGACCGGTCGCCGTGGGCTTCGACAGAGAGTGCATCCCTCAGCCGTGCGTCACTCCCCCAGCGCGTGCTGCGCTGGCCCGCTGGCAGGTGCCTGGGGAGGGGGCCGCTCGGGCAGGTGCAGGTGGCGAAGAATGCGCCGGAGGACGCGGCCCTGGGTGAGGTAGCCCGGGCGCGAGCGGCTCCCCAAGCCGCGGGCCTTCATCGACTTCGTCTGCCCGCTGTTCCCTCGCCACTAAGCCAGGAGAACAAAGTCCTTTCAGGGGTTGAAAGGAGCCAGCGCGTTCGCTCCACGTGCGCCAGCCGCGACTTCCTACCGCTGCCCTCCGGCGGCACTTTTCGCCAACTTGTCCAACAGTCGGACAAGTTGCGGAAGAACGAGCCCGGAGGGTCTCCTGCTCTTGATTCATTCGGGCCCCTGCGGGGACTTTCTTTGATTGGCTTAGGGCTGAGGCGGCGCCAGGTCGGGCAGCATGGGCACGCGGCGCGCGCCGGGGCCGTTGGGCGTGGCGGCGCTGTTGTTCGTCACCCGCCGCAGCAGCGAGCGCAGCTTCGCCGCGTCCTTGCGGAGGTTGGCCGCGAAGGTCGAGGGCGCCGTCGGCTCCACGTAAAAGGTCACCGCCCCCACTGTCGCGTCCGTCACGTAGGCGCCGTAGTCCTGGAGCGCCTGCGCCACCATCTTCCCGTCCGCCGTCAGCCCCTGCGCGTTGATGTCCACGGAGGGCGGAATGGCGAAGTACGCCCCCATGGGGACGTTGCCCTTGTAGTTCCACTCGCTGTTCCAGTCCTGCTCGGTGGCGGGCCAGACGTAGCCCTTCGCGGTGCCGTAGCCCTTGGAGTCGTAGCCACTGGACCCGCCGCTGTAATAGAGCTGCGCGCGGTCCACGGCCAGGGCGATGGCGTGCTGAATCTTCCCCGTGTACTTCGGGTGCGTGGGCGTCGTCTCCCACGCGCGGATGAGGCCGCCCACCGCGGCGCCGCCGTAGGCGCGCACGCCGTTCTGCGGGCCCAGGCCGCTGCCGTAGAGGTCAATCTTGTGGTGGCGCCCCACGGTGTACGCCGTGGTCGACTGGCGCGTGGCGGCCCAGGTCTCGTCGATGTACGTCCGCGAGGGGTTGACCACGTGCATGTGCTTGTCGCTGCCGTTGGCGATGGTAGCGGTGGCGGGCACGTTGTAGGTGCCGTTGCGCGACGAGTCGTTGAAGTCCGACACCGTCGCCCACGGGTCGGTGTTGGACGCGAAGCTGATGGGGTGCGAGTACTCGTTCCAGTTGGCCCAGGCGTTGATGGTGCGGTTGTCGAACCAGGTGGCGAGGAAGTCGCGCGTCGCCGGGTCCGTGGTGCTCGCGTACACCGCTTCCTGGCCGATGGGCAGGTTCCACACCGAGTTCGAGGTGAAGGGCTGCAGCGTGGCGTCACGCGTGCCCTGCGTGTAGACCTTGAACTCGTCGAAGCGCGCGAGGTTGTCCTGGCTCGCGAGCAGGCCGACGCGGGTGGCGTACTGGTGCGAGGCGTCGTTGACGCCGCCCTTGTGCACGCCGTTGATGTACACGTCGATGCGGGTGCCGGACGCGCGCACCTCGAGCACGTCCCCCGCGACGGGCGCCTGCTCAATCTGCAGCGGGAAGTACTGCGTGTAGCCCACGTACTTCGTGAGGAAGTACTTCCGCGCGCCGAGGTCCGTCGCCAGCTTCCAGCAGTTGCCGCGGTCGACGTGGCGGAAGGTGAGGCCGGAGAACTCGCCCAGCGCGGCCAGCGTCACCATCACCCGGACGTTCGCGCTGCCGGGCACCGTGGCGTAGTGGTCCATCCAGGTGCCGTCGTCCTTGGAGAGGTACGCGCGGCCCGACATGATGCCCCAGGCGCTGCCCCAATAGGGATTCGGGGTCCACGCGTGCACGCCCTGCTCGAGGCTGTACAGGCGGGAGTCGTGGTTGGCCCGGGTGAACGAGTCATACAGGTTGGCGTCCGAGGCGCCCTGCGCCTGGGTCACCACGGGCTCCTCCCGCGTGTCGTCCAGGGGCGGCTCGCCACAAGCCGACCCCAGCCACAGCATGGGGAACAACGCCGGGAGGAGGGCGGCACGCGCCGCCCGCTGAGTACGTCCAGAGGTACTCTTCATCGCTTCTCCTTGTTGCCGCGACTGGGAACTCCAGCGCGGCTGACAAGGGTACAGGTGAAGAGTGCAATTCAGGAAATATCAGACTTCGGTGAATTTTCAATATTCCAGAGAGACGGTGTCAAAGCGCGGAGGAATGGGCCGAGCCGGTGGAGTTGGAACTGGCGCCCCTGCCGTGTTGGCCATTGGGGCATGCCTCCACGCGTCAGGCGCTGAAAGAGTTGCGTGAGCAGTACCGGAGCTTCGTCGCGGCGTTCCGAGATGCGGCAGCTCGGTGGATGCGGGGAGACTTCTCTGCGTGCTTTCCGCCTTTCTCCTTCCCGCCGCGGGTTGTGCCAGGTCGCGTC
CP043493.1_gap56	1714545	1716220	1675	ACGTGCGAAAAGGCGCCGACGGCGTCGCGCGCATGTACATGAAACGCGGCTATGTGCGCGAGCCGGCGGGGGACATGGACTTGCCCTCCGTGTTCCTCACGGCATACGTGCTGCGCCTGAACCGGTTCGACATCACCCGCGAGAACGGTCCAGGTCGCTGCTGATAGGGCATCAGCGTGGCGGGCAGGTCCTCCCCCCTGCGAAAGGGGGTCGTCCCGACCTACCAATAGGTGGAACTGACAGGCTTCCATTGGTTCGTGGAGCAGACGGGCACGGACCCACGTAAAGTAGACTTACCACCGCACCCTGGGCGTGGCGGGACTGAGCGGAGACAGACAAATGAAGAAACACGACCCGCGACACGGCCACCTGGCCGAGGTCTGGGGCGATACGGTCGATCTGCGGCACCTGGCGTGGTCCATCGCCATCGGACTCGTCGTCAGCCTGGCCTGCTTCCTTCTGGCCAGCCATCTCCTGGCGGACCGGGTCGGCAGTGCCGCGCTCGCACGTGCCTACGCGATGCTGGCGGGTCTGGCCGGCTGCGTTCTGTCCGGTGTCATTTGCGGCGCACTGTTCCCTCCCAAGCGCGAGGTGGTGGAGGACGGGGCGGCCGATCCGTCGTGGCGCCAGGAGGTGCTGAACGAGCTTGCTGCGCAGTCCGGCGGACTCGGAGCGGTCGCCGAGCTGCCGCCCTCGGTGGTGAGTGAGCTGAAGGCGCTGCACCTCTACGAATTGTTCGCGAACTTCCAGCCGACCGTGCCTGACGCCGCCGTGGCCTCTTCCGGGACCGCCCCGTCGGCACGCGCCAAGGAGCCGGGGATGTCCCAGGTCGCACTTCCGACGACGGAGGAGTGAGAGTGCAAGCGGACCTCCTGAACCAGCTCCTGGTCGCCGTGGGCATGGGGCTGCTCGGTGCGGTGGTGTTCACCGCCATTGGATTGATCTCCGGGACCGACGAGACGACGACGCTTGCTCCGCCGACCCTGCTGGTCGCTCTGCTGGGCGTGCCGCCCGTGGGCGTCTTCACCTTCTTCCTCGCCGGAGCGGTCGCCAAACACATGACGCATGCGGTCCCCACCGCTCTGCTCGGCATTCCCGGCGACACCACCGCCATTCCACTGCTGCAGGACGCCAACATCCTGCGCAATCTCGGCGTGCCGCACATCGCGCTGCGCAAGATGGTGTCCGGAGGGCTCCTCGCCGCCTTCCTGGCGGTGCCGCTGGCGGTGTTGTTCGCCGTCCTGCTCGCGCCCTTCGGGGACATCATCTCGAAGTCGGCGCCGTGGATCTTCATGACGGCCGCGGTGCTGATCGCCTACCTGTCTGGCGGCCGTTGGGCGTCCGTGGTCACGCTGGTGCCCTTCGTCCTCGTCATCGTGGCGCTGCAGGCGTTCACGGCCAGCCGCGGCGTCAAGCTCAGTGTGAGCTACTTCCTCGGAATCGCCATCGGCCCGCTGGTGGCCGACCTGTTCTTGGTGCTCTCCCCAATCGAGGGTCCGCGCATGCGACGCGACCGCGTCCGGACGTTCTCGCTGGCTCCGGATGTCAAGAGCTGGTCGGGTTATTTCCCCAACCCGTTCAAGGTGCTCGATGCCACCCAGACCCGCTGGACGTTCGCCGCCGCGGCGGTGTCGAGCGCCACGTTCGTGTTCAGCCCGGTGGCGATGACGGTGGT
CP043493.1_gap57	1727944	1731914	3970	TATTTGCTTTGGTCGATGGCGGCGCGCTGGTGTTGGACGAGACGGGTTTTCTTAAGAAGGGGGACAAGTCGGCGGGAGTGGCGCGTCAGTTTTGGGGACAGCGGGCCGGATTGAAAAATTGCCAGATAGGCGTGTTCCTGGCCTACGTGACGCCGGAGTGTTAATGGCCGAGTCGTGCCGCAGCCTTCCCTTGCGGTGACAGGTTTGAAGATCGGCGCGCTCGCCTTTTGGTAGGAGCCCAGCGGGCTGATTGCGTGGGCCATGAACCTCTCAATGGCATGCGGATACGCCCAACTGCCGACTCTCACTCGCGGTCAGGGGCTGACTTTGTTGAGTAAACCCATCCGTTTTTTGAGCCAGAAGATGGGCACTTGGCAGTACGGACGCAACATCCCGCCCGCGTCTGGTTGGTGGAGCTCGGCGAGTTCCTTTTGCAGGGCTGCCTGTGGCCAGGCTCCAGAATATTTTCGCGTCATGGCATCCACGAAGGCGCTCAGGGTGGCCTTTCTGTTGTTCCTCAATAAGGCTTGGTTCAGATTCAGTGTCCCGTTTAGATCCGTGTTGATCGTAGGATCATCTGACTCAATGGTGCCGTCCCCGAGAAATCGCACGAGTTGCTCGCATCGTGCCTCCGTGGGGTTGATGGTGATGGCCAATTCGCCCTTGTGGGTGTCACAATGCTGATCCCTCTTCGGCTTTCCTTCATTCCCACAGCACGCACCGAGAAGGTTCTTCCAATCCAGCTCGCGATGGCGAGTGGCAGGATCGCTCTGGGACGCCCAGTGCTCGATCTTCATTCGATCAGACTCGGGCGTGATTCGTTGCATGCAATAGCAGCAGAGAAAGCCCTGATCCTCTACGAGTTGCTCCCGAATCTCGTCCTTCACCTTCTGCTGGAGGTTGGCATAGGTCGCGTAGGGCGTGAGCCGGTGCTGCAGAAGGCTCTGTGGCTCGGCACTCTTGCGAATGTATCGCATTTCAACCTCCCAGGAACCCGATGAGTGCCTGGAGTCGGACTACTTCGGAGTCCTGCTCTCCAAGTTGATGGGCCAGTTGTTTCAGAGCCTCGCGTGCTTTCGGAAGCTCTTCTCTGTCGATCAGCCTATCAATTTCATGGATGCGCTCGGCCCAAGCCAAGGGACGCTCGGGCACGCCCATCACCTCTGTGAGGATTGAATTGCTGTCTCTCCCCAACGTACGTGCTGGCAGCTCCGCACGCTGGAATCTGTCGAGCAGGACAACGGATTCCGTAGGAACCTGGCTTAGCACCTGAGGAGAGTGCGTTGTCATGATGAACTGACAGTGAGGAAAGGTCTGCCGGAGGCGCTCCACCACCATTCGCTGCCAGCCGGGATGGAGGTGCAGCTCGATTTCATCGATCAGCACCACGGCCTCGGCCGACAAAGGATCTGCTAGAGAGGGGTTGGCCAGCGCGAGCCGTCGCCCGAGGTCTCCTGCCATCGCAAGCAGGCTCTTCTCCCCATCAGAGAGTTGGTCGACCTCGAGCACTGCCCCTTCCTTCTGAACGACCATGCGTTGGGGAGCTCGCTGTACACGTAGGTCCGAAAAGCCGGGAACGAGTCGCTCGATGGCTTCGCGAACTGCATTCAGTTGCTCATCCCGGTGCTGGTTCCCCTGCCTGAGACGCTGCTCATTCTCAAGATCCTCCCTCTCTCGGAACCACTCGAAGAAGAGCCGGAAGTTCCTACCGCCTCCCTCGAGTGCTTGGTCGTAGGCGGAGAGGGGGCCGAAGTCGTGATGCTCCCGGATACGATAGGGAACATCCGGAGCCCGATTGACCGGGTAATAGATCGCGAGCGGGAGTTGATACCGGCCGTTCGCGTTCTCCTCTTGTGTCTTGGTGACGATCTCTTTGAGCCCGGTGAGATTGCTGGACACTTGCCTGGGGAATCCTCTGCGTACGAGCGCAAGTGACCATGTGGCAGAGGTCTGCCCGAAATTGACCTCTATCGTGTTGAGGGTATGAGTCTCTCCATTCTGGATATCTGACTCATAAAATCGGCGGCCATGCCCCGTTCGCGACAGAATGCCTGACGACACCTGTGAGAGGAGCACCGCGAGGCAGTAGAGAATCGATGTCTTGCCAGCCCCGTTGGTTCCGACGAGCAGCGTCACCGGCCCCGTGAACTCTAGGGAGAGTTCATGGAAGCCGCGGAATGAGGTCATGTTGAGGCGGTGGACCTTCATGGCGAACCGACTCCCATATACGAGACGATAGGAAGCGTCACGCTACATCTGGGCTGTCAGGTGAGCGAGAAATGTGCCACCCGGCATGGGGAAGGCCATCGCTGGTGCCAATGGGGCTGACCAGGAAGGGGACCTGCTTGGAGCCCGGAGGAGGGGTCACTCCTTCGTTTGTTGGGCGCGCCGGGAGAAGCGGAGGATGGCGCGGAAGATGGACTCCACTCCCTCTGGGTCCACTCCCAACTCGTTGGCCCAGGCCCGGCGCGTGGCGAGCACTGCCTCCTCGCGGGCCGGGTCCGGCACCGGCGTGCCCGCCTGAGCCTTGGCGCGAAGGGCCCTCCTGGCCAGCTCGGCTCGCCGGGCCAGTAGCTCCACCAGGTCGTGGTCGAGCTGGTCGATGAGCTCGCGGGTCTCCTTGAGCTCCGGCAGCCCCGTTTCGAGCGCCGGTAGCTCCATGCTCGGCGTGTCCGGCGTGGCGGCCTCGGGCGGTATTGCCTCCAGCTCCTGGTGGATGGCCTCGAGTGCATGGAGCAGGTGTCCGCGCGCCTCTCGCGCGAAGGGGTTCTCGTGCTGGATGGCGGTGAAGAGGTGTCCCGCGTCCGAGCGAACTGTCTCGATGGTGCGCGACAGCGCCTTGAAGCTCGCGGGCGCGAAGGGCACGTCCACTCCCGAGCCCGCGTCCACCATCCCCTTGGCCACGAAGAAGGTCAGCGCGTGCGTGTGTGCCATCACCCGGTCATGGCCCTCGGGTGTCTGTTCGATGATCTCGCAGCCCAATCGCTCGTAGAAGGCGCGGGCCTCTCGGGCCGCCTCCGGGTAGAGCGGGTTGGGGCAGACCACGACTCGCAAGGGACGCTCGGCCATGGCCAGGCTGAGCGGGCCAAAGAGGGGATGGGTCCCCACCCAGGGCACTCGGGTTCCGAGCACCTCGTTCATGGCCTGCACGGGCTTCACCTTCACGCTGCCCACGTCCAGCACGAGCTGCTCCGGGCTCAGGTGGGGGAGCATCGCCTCGAGCACCTCCCTCATCCGCGGAACTGGCACGGCCACCACGACTCGCGTGGCCCCGGTGAGCAGCTCCCGCATCGAGCCGGCTCGACGGGCCGCGGGGACGTCCGCCACCGGATCCAGCGCCCGGTAATCGATGCCCGCCTCCTCCAACAGCGAGCCGAGCGCGCGGCCAAAGCGTCCGTATCCAATGATTGCGACCGTCATGACTCCCACTCTACCTGAGAGGGTCTAGCCGCGTTTCGTCTCCGGGACCTGGCTCAGCACCTGCATCGTGCCTCGCGTGACGCCGAACTGCTCGTGCACCGCCGCTCGCCGCACCGCCTCGGATGGCGGAATCCTTCCGGCCAGCAGCTCCTGGTAGGCCGTCAGCACGCGCGTGGCCTCCTCCTGGGACTCGCGGACGAACTCGACTCGGAAGCGCTTCACCCCGCGCGCCAGCAGCTTCGGCACCAGCGAGGCCGCGCTCTGCGCCTGCGCGTTGAACACCGTGTTGCGGCAGCCCACGTCCACGATGACCGGGTGCTCCAGCCCGATGCGGTCCCGCAGGGAAATCTGGTGCTTCTCGCACGGCCGGCCGCAGCTCCGGTAGTCGCGCCCGCTGGACAGCGTGTGCGAGTACACGCAGTGCTCCGTGTGGAACGTGGCGATGTGGTGGTGCAGTGCCACGGCGAAGCGGTGCGCCGGCACGTGCTCCAGCAGCGAGAAGAGCTGCGTCTCGTCCAGGTCGTGCGAGAAGGTGAGCGTGTCCAGCCCC
CP043493.1_gap58	1757161	1759597	2436	ATGCCCTCGAGCAGATGGAGAGGCACGGTCCGGTGGAAGCGTGGGTGGTGGACGACACGGGCTTCCCCAAGAAGGGCACCCATTCCGTCGGAGTGGCGCGGCAGTACTGCGGCCCTCTGGGCAAGCAGGATAACTGCCAGGTGGTGGTGACGCTGTCGCTGTGCAGCAGCGTCATGAGCGTTCCCAGCGCGTACCGCCTCTATTTGCCGGAGTCCTGGGCTGAGAATGCCGCTCGCCGTGAGGCAGCGGGTATCCCGGCTCAGGTTCGCTTCCAACCCAAATGGGAAATCGCCCTCTCGCAGGTAGATGCACTCCTGGAGGAGCAGTTGTCTCCGGCTCCCGTGGTGGCCGACTCGGGTTACGGCGATGTCACGGCGTTTCGCGAAGCGCTCACCGCGCGTGGCCTCTCCTACGCTGTCGGCATCGCCTGCTCGACTTCCATCTGGCCCCCGTCACAGCAGCCGCTACCGCCCAAGCCCTACGGCGGCATGGGTCGCCCGCCCAAACGGCTGCGCCGCCTTCCCGGGCATGAGCCTGTTGCCGTCCAGGCCCTGGCGCTGACGTTGCCCGAGGCGCAGTGGCAGACCGTGCAATGGCGAGAAGGCACCAAGGGCACCATGCAGTCGCGCTTCGCGCGCCTGCGCGTGCGAGCTGCCCATCGCGACTATGGACGCTCCCACCCGCGTGCTCCCGAGTGGCTGCTGATGGAGTGGCCAAAGGGGGAGAAGGAGCCCACGAAGTACTGGCTGTCCACCGTCCCGGAAGCTACTCCCATGGAGGAGCTCATCTACCTGGCGAAGATTCGTTGGCGCATCGAGCGTGACTACCAGGAACTGAAGGACGAGCTGGGACTGGACCATTACGAAGGCCGTGGCTGGCGTGGGCTCCACCATCACGGTGTCCTCTGCATCGCCGCCTACGCGTTCCTCGCAGCCGAGCGCGCTCGGCTTTCCCCCCGGCACCTGTTGCCTTCCTCAGCCCCGTTCCCCTACCCGAGGATTTCCAGATGCGCGGTGCTGCCTCTTCGCCCCGAGCGCCACAACCCAGCGTCCATCACCACCCAGCGTCTTCGTCAGGCGCGCATGCTTCTCCTGCGGCTCCCCTGTTGCCCGTGGTGCGGGGGAGTCCCAGGCACCGGCAAAGCCTGACGTTTATGACACAGTAGTACTAGGCCCCTCGCCTGTGGTCTACCCATGAACGTTCCTTGCTTCATGCCTCCCAGCCGCACGTTGGAGGGAGACTGCACCGCGGTGCCAATGCGCAGGGTCACGACGAGGTCGCTTCGCTGCTGCCTCAGCGGCGGCGTGCGGCGGGGGCGAGCGCTGGATTCTCCCACCCTTGCGCTGATTGACGGGCTGCGACAGGTCGTAGCGGGCGGGCATGCGTGCGGCTCGCGACGTGGAGGGAGGCGCCGAGCCAAGGGCATGGCCATGAATGCCGTGCCTGTCATGGCTGACTGTTGGAGCGGTTCGTCCCCGCCAGCGCTCCGTTTGTCCCAGGGGGTGTAGCGACCGTCCCGAGCCCTTCGCTAGCCTTCCAGTCCATGCACGAGCAGGACGAGCCGATTCACGAGCCCGATGAGGTTCCGCCCCTCCCTTCCTGGGCGCTGTGGACCGGAGCCCTGGGTTGGTGGCTGGCGGACGCGCTGGTCACTGTCAGCCAGGTGCGGCTGTTGCAACACGCGGGTGAGGCGCCCGCCGGCGAGGAACTGTTGTGGCGCATGGCGCTGGGCAGCTCGCTGCTGTGGGTCCCCATCACGGTGCTGTGCCTGCGTCTGTCCGAGTGGTTCCCGCTCCACCGCTCCAGGTGGATGCGCGCGGGCGCTGTGCACCTCGCCACGCTCGTCGCCGTGGTGTTGGGGCGTGCGACGTTCGTTGTCCTCACCCAGGATGTCTTCGGCTGGTACGCCCGCCCGCCGGGCTTCGGCACCGTGCTGGCGCAGAGCGTGGTGAACAACGTGTTGCCCTTCGTGCTGATGACCGCTGGGGCTCATGCGCTGGGACTCGCCCGTCGCGCCCATGTACGCCAGCAGCGCGCGTCGCGGCTACAGGCCCGGCTCGCCGAGGCTCGGCTCCAGGTGCTTGCCACTCAGCTTCGGCCTCACTTCCTCTTCAATGCCCTCAACGCTGTGGCGGCCTTGGTGCACAAGGACGCTGACGCCGCGGAGCGCATGCTCGTGCGGCTGGGAGACCTGCTGCGCCACAGCCTGGAGTCCTCCGGCCGCCAGGAGGTGACATTGCGCGAGGAGTTGGATGCGCTCGCGCCCTACTTGGACATCGAGCGCACGCGCTTCGGCGAGCGGCTCGCGGTGGAGTGGCGGCTCGCTCCCGACGTGCTCGATGCGCGCATCCCTCACCTGGCGCTACAGCTGCTCGTGGAGAACGCCATCCGCCATGGGCTCGCACCACGGGCCGAGCCCGGCCGAGTGCTCATCAG
CP043493.1_gap59	1780682	1784784	4102	CGAGGGACATCTGCGATGATCCGAAGGATGCGCGGACGTGTCATTGGGGGTGTCCGTGAAGTGGCGCACGATCCTGGGAGTCACCGTGGGCCTGCTGCTTCCGCTGCCATTCATGTTGGACCATTGCGCGGCCAACACGTTCCAGGAAACGAAGGTTGTTCCCATCCTGACCCGAGATGAAAAACGGGGGCTTCTGACCTATGGGCGATCCTGTCAGGACGAGAAGGACTGCGCACCTCCACTGGCCTGCCTGAGCTTCTTTCCCACGAGTGAGCGCATCTGCATCGACAGTGACTGCATGACGGATCTGCAGTGCAGGGAGGGCTTCACCTGTCGGACACGGAAGGCACTGGGAGAGGGGGTTCTGGTGCGCCAGTGCGTGCTCATGGGCTCTCGGAAGGAAGGGCAACCCTGTTTCGATAGTGCCGTTGAGTCGGAGCAGGCCTGTGCACGAGGCTTGTTCTGCGCCGGAGGCCATTGTGGTCATCCCTGTCAGTTGGACGTGCCTTCGAGCTGTCCCAGGGGCTTCGCCTGCCGGGCGGGCTTGGACACTCCGTCCTGCCAACCCTTCTGCAAGGGCGGAGACTGTCCTGAGGGGCAGGAGTGCGTGGGCGCGGGCACCAGCGATGCAAGCTGCATGATCGTTCGTGGCGAGAACTGCCTGCGGCAACCCTGTCCGGAAGGTCTTCAGTGCATTGCGACCGACTACACGCTCGGGCTGGAGGCCTGGACCGCCCAGATGCAGTGCTCGCCCCCTTGATTGTGGGGTGCCAGGCCCGGTCCCAACCTCGTGAGTCGTTCTCCACGGGCCGTTTTTTGAAGTAGTGTTGGCCGGGACATGGATGACCTTGAAAGAGTGAAGCGCGACCTGGGAGCAGCGCTCCTGGCCGTCCGGGAGCGCTCAGGCCTCACCCAGGCAGATGTGTCCTCCATGGTGGGGCTCGTGCCCGCCGTCTACGGCCGCATCGAGCGCGGGCAGATGCTGCCCAGCGTGCCCACGCTGTACAAACTTTGCCTGTCGCTGCACATCTCCGCGGATGCGCTCCTGGGGCTCGGCGCCGAGAAGCTGCTGGCCGAGGCTCTTCCCTCGGAGCCGATTCTCCCCCCGGAGCTGCGTCGCCTCACGGACCTCCTGCGCGAGCTCCCACCCGACGCGCTCCGCACCCTGGGAGCGCTTGCCTCCGCCATCGCCCACCGCAAGTGAGCGCTTAGGCCCGGCGCCGCATGGCGAGGTAGCGCGCCAGAGGGCTCCAGTAGGTGGTGCGCCAGCCCTCGTCCATCCACTCGTAGGCGTCCGCCGGCACACCTACCTGCGTGAAGGTGAGGCGTGTTCCCCTTCCCATGGGCACCAGGTCGAAGGTGGCGATGGAGTAGTGGTGCTCGCTCCAATCCCGGTGTCTCCAAGCCTGCACGATGCGGCGTCCGGGGACGAGCACCAGCGTATAGCCGCTGTTGAGCCCGCTTCCCGTGGCAAAGGCACCCCCCTCGCGCGCGTCGATCTCCGCATCGAAGCCGGTAAAGGCGGCGTGCTGCTGGGCATCCATCAACGCGGCGTATACGGCGTCCGGCGGAGCCGACAGCTCCACCGTCTGCTGCACGTTGCGGACCTCGAGATTCTGGCTCATGGTTTTCCGCTTAAGAGCCTATTTCGGGGAGGATGCCAAGCGCTCTCGTCCGGTCCGTTTACTGCGCTGGCGGGGAGGTAGTCGCTGGTGTGACGAGCGCCTCGACGGCGCATTGGAGCCCCTGGACGACCCGGGCCATGCGCGCGTAGTCGAGCGTGTCCCAGGTGTCTTGCGGCGTGTGGTAGTGCGGGTTGCGGAAGAGGGCGGTGTCGGTGACCATCACGGCTGGGTAGCCCTCGTCCCAGAAACTCGCATGGTCTGAGAAGTCCACGCCCTCGAGGCCCCGCGGAGCGGCGAGTGACTCGGAGGGCAGGTCGTTCACGGCGCGCAGCGCCTGGTGGACCGTGTCGATCAAGGCCTTCTCGTCACCTCGGCCCACCACGGCGATGAAGTTGCCCTCGGAGGGGTAGCGCAGCTTCAGCGCGGCCACCGGGTAGCGCTGGCTGTCAGGCGCGTCGGAGAAGTAGCCGATGCTCTCCACCGAAATCATCGCGCGTACCTTCACGTCCTGCGTGCGCAGCGCCCGCGCGTGGACCTTGCTGCCCATGGTGCTCCGGCGGAAGTGGGGCGGTTCCTCCAGGGTGAAGCCCACGAGGTCCACCCGCACCGGTGGAGGGTTCGTGCCCAGGAGAACTGCGAGCTCCAGCAGGCCGGCCACCCCGCTGGCGTTGTCATCCGCGCCAGGGGCTCCCTCCGCCGCGTCGTAGTGTGCGCCGATGACGAGCCGCTCCCCACTGTCCGGGCCGAAGGTGGCAATGACGTTGCGGTAGCTCCTCCCGCCCGTCGTATACGGCTCCGAGCTCACCCGTCCGCCCGCTCGCGCGAGTGCGTCGGCGATGTAGCTCGCGGCGCGCTCGAGGTTCTCCGGGTGTTCGTTGTCGCGCGGATGGAACGTCTCGCTCAGGGCTTGCACGTGCGCCTTCAGCCGCTCAGGGTCCACGCGGCCGGGAGTGCAGCGCGTGGTGGCCACCGGCGCAGGGGAGGAGCGTCCCAGCCACGCGGCAGCAGCGAGGACCGCGGCGAGCCCAGCGAGCGCGCCGAGCACGAGGGTGCGTCTGCGGACATTACGAAGGAAGTCCATGGGGCGACGAAGCCATGAATGTGGGGGGTCCGCCAGTCCGGCGCGGTATCCTCGCGGGCCATGATGCTGAAGATTGTCCAGGCGGGAGAGCCGGTGCTGCGCCGGCGTGCGAGAGACCTCACCCCCGAGGAGATGACGAGCCCCGCGGTTCGGCAGCTCATCGCCCTCATGCGCGACACCATGCGAGACGCGCCCGGCGTGGGGCTGGCCGCGCCGCAGGTGGGCGTGGACGTGCGGCTTGCGGTCATTGAGGACCGGGCGGAATACCAGGCGGGTGTTCCGGCGGAGGAGCTGGCCGCGCGCGAGCGCAAGCCCGTGGACTTCCATGTCCTCATCAACCCGCGCCTCGTGGTGGAGGACCCCACCGAGGTGGAGTTCTACGAGGGCTGCCTGAGCGTCAGCGGCTTCTCCGCCTTGGTGCGGCGGGCGCGTGGGGTGCGCGTGGAGGCCTTCGACGAGAACGGCCAGGCCCTCTCCGTCTCGGCGCGGGGTTGGTATGCCCGCATCCTCCAGCATGAGATCGACCACCTGGACGGCACGCTGTACATCGACCGGATGGAGCCCCGCAGCTTCACGACCCTGGAGAACCACCGCCGCCATTGGGCCATGCGTCAGGTGGCCGAGGTGCGTCAGGCGCTCGGCCTGTCCGAGCCTCAGGGCTGAACCTCTCATTCCTGGCAGCTCGCATGCTGGGCCGCCGTCCGGGGCGCTCTCCGCCACTGGCTGCTCCGCCATGCCTACCGTGTTGCGAGGAACCTCTTCCTCACGAGAGAGCCATGGCCGACACACGCAAGATTTCGGATGCACACGAGGGCCCGCGCGCAATTCCCGAGGAGCGATGGGAGAAGAGCGCAGAGGCCGAGCGGCGACTCGACGAACTGACTCGGGAGGGTGTTCCCCCTCGGGACGCGGCGCCCTCCCCACCCAGCGCCTACGGTGACGAGAACCTCCCACCCGAGCTGAAGAAGGCGGTTCATGAGGATGACGAGACCATCGCCGAGCAGAGCCGGGCGGGGATGGAGGACCGGGAACGGAAGCGCACCTGATAACGTGATGACGAAGTCCCTCCCTTGAGGGCGTGCATGCCCGTTAACAGGGGACGCCAACAGAGCACACGGATGCGTCAGGGTTCCGGGTAAGGTGGCTGCGATGCTCCGACGGAGCGGGCATGGGGCCCTCCCGACGTGAGCCGTACATGCGTGCTCCTGTCCTGTCGGTGTTGCTGCTCACGGTGATGGCCTGTGGCGAGGATGCCCTGGAGGTGCTCCAGGAAGAGGCCTCGGACTGTCCCGCGCTGCCCGCGATGCAGCTCGGTGCGGCACCCTCCGCGGCCGTGGTGCTCAACGCGTACTACCTCCAGGAGGATGCCACGCGGGACTTGCGGCGGGGCCGCGCG
CP043493.1_gap60	1786351	1789765	3414	CCGGAGCGCCTTCATGGCCAGCGCCGGGAGCGTGGCGGTACCGCGGCGGCAATCCATCGCCGTCTTCCTGGCGCGGAATGGCGTGGACGTGTGGGGCATCGACCTGCGCTGGGTGCACGTGCCGGCCGGGACGACGAACTTCTCCTTCATGAAGGATTGGAACCTGGGTCTGCATGCGCAGGATGTGCGCACGGGCCTGAAGCTGGCGCGCAGCACGCGCTTGCTCACCGGTAGCGGCGCGGGGCAGATGGTGTTGCTGGGGTGGAGTCGGGGTGCCACGGTTTCCTACGCGTACCTGAACGCCGAGTCGCAGCTGCCAGCGGTCAAGCGTCATGTGAGTGGCTTCATCCCCGTGGACATGCCTTACACGTTCGCGCCAGGAAACACGACGGAGCGCCAGGCGGCGTGTGCGATCCATGATGCGCTCGCCCTGCTCCAGGACATGGGGGAGTACGAGGGCGGCGAGCTGGGTGTCCTCGTCAAGACCCTGGGGCAGCTCGCCATGACCCAGCCGGACGAGCCCTCGCTCTTCGTGCCGGGGTTCACGAACCGACAGGCCGCGCTGACGTTTGGCGGGGCCACGTACATGCTGCAGAACCCGGTCATCATTCCGAGCTACCACTGGGCCGGAGCGATGTTCAGCGGGGTGGTTCCCACCGGCCTGGTGTGGACGCAGGAGCGCCTCTTCGTCGACAGCATGGTGCAGGCGGCGCCCTACCAGAGCATTGGCGAGCAGGTGGACACCCTGGCCATGTGGTGCGGGAGGCCGGATGTCCCGTATGACAACCACCTGAGCAAGGTGAAGGTGCCAGTGATGTACGTGGGCGCCGCGGGTGGCATGGGCACCTACGGCCTCCACAGCCTCTCCCTGCTGGGGAGCAAGGATGTCACCTCGTACGTGGTGCAGCGCTTCGAGGACGACGCCGCCCGCCCGGTGGAGTACGGCCACGCGGACCTGTTCCTGGCGGACGACGCCGAGGCGCTGGTGTGGACGCCCATCCTGGACTGGGTGCAGCGCCACTGAGGCGTGGCGGGCTCAGAGGGACGCCGCGGCCCGCCCGAGGCCCTCGGCCACGGAGGTGAAGGCGTCCCGGGTGCGCACGCGCGCCTCGCCGAAGCGCTCGGTGTAGAGCCGGCGCACAGCAGGAATCTGCGATGAGCCGCCGGTGAGGAAGACGGCATCCACCTCACCGGCGCCCTCGCAGCGCTTCAGCAGTCCCTCGGTCACCTCGCGCAGCTCGGTGAGGAGCGACTCGGAGGCGGTCTCGAACTCGGCGCGGGTGATGGGCTCGTGCAGGTGGATGCGGGCCTCGTCGAAGTCGAGCGTGGCTTCCTCGCGCGAGGAGAGCTGCACCTTCACGGCCTCGATGGCGCGGAAGAGCCGGTAGCCCAAGTTGTCCATGACGAGGTCATACAGGGCCTCGGCCTCGGCGGGCTTGTCGCTGGACTCGAGCATCAGCTCCAGCAGCTCCTGGGTGGACTTCTCGCGGATGAAGGACATCTCATGCCAGGAGAGCAGCTTGGACATCACGTGCTGCGGCACGGCCAGCCGCTTGTCGCTGAAGCCTCTCACTTTGTAGGTGGAGCCAGCGCCGAAGCGGGGCAGCAGCTTGTGGCGCATGATCTCCGCGTCGAAGCGGTCACCGCCGATGCGCACGCCGGTGGAGCCCACCACGTCCGCGCGCCGGTCCGGGTTGCCGCGGCGCGAGGGTCCCAGCCGCATCAGCGTGAGGTCCGTGGTGCCAGCGCCGAAGTCAGCCACCAGGACCAGCTCGTCGCGGGTGAGCTGGGACTCGTAGGAGAGCGCGGCGGCGATGGGCTCGATGAGGAACTGGATGTGGGTGAAGCCGGCGATCTCCGCGGCGCGGCGCAGGCGCTGCTCGGCGAGCGCATCGGCCTCGGGGTCGGGGGAGAAGAGGGCGGGGCGGCCGAGCACCACGGCCTCGGGGGCCTCGCCCAGCTGGGACGCGGCGGCGTCACGCACGCGGCGCAGCAGCAGGGCGACAAGGTCCTCGATGAGCCAGGTGCGGCCGCGAATCTGGGTGGCGCGGAAGGAGGCGCTGTGGAGGAAGGACTTCACCGACTGGATGAAGCGGCCGGAGTGGTCCTCGAGGTAGCGGGTGATGGCGGGGGCGCCGGTGTACACCTCGCGCTCGTCCTCGGGGAAGAAGATGACGGAGCGATAGAGGCGCGGATCGCTGTAGCCGGGCGAGATGGGGAGCACCGTCCCGTCCGGGAGAGCGATGGCCGTATTGCTGGTTCCGAAGTCGAGTCCGCAGGCGGGCATGGGGGGCGGACCTCTACTACATCCCCTCTTGCTTCGGGAGCATCGAATCCAGGGCTCCTGCCAGGCGGGCAGGGGGACGGCGTCTGGGTCTCATAAGCTCGCCGTCCAACACGTCGAAGGTACGTAGGCCTGCTGGGCGCCCGGTGGGCTCACTCCAGCAGGTGACGCAGGCCTCGGGTGAGTTGCTCCGCGTGCCAGCGTTGCAACTCCCGAGCTGTCCGAGCGGCGCGCCCGGCACGCTCCTCGCGTACGTGTTCCAGCAGTGCACGCGCGGCAGTGCGCTCAGTGGCCGTGCCCTCCGCGGCGATGCCCGCGAGCAATTCCAGACGCACGTCTGAGTCGTGCAGCTCTCCGAGCAATTCTTGGAGGGGCACCAGTGCTTCCAGCAGGGCCTCCATCCTTCGGCGCATGGCGGGGCGGAAGAGCTCTGCCTCATAGCGGAGCTTCTTCACGTCCTTGCGGAGCTCGTGGGCGGTGAGGGCATCCGGAGCGGCCGAGTAGTCCTCCATGAGCTGCTCCACCTTCCGCAGGCGACGGCGGAGCTGCCGGCGGACGCGCTGGCCTCCGTAGCGTCCAGGGCCTTTCAACCGCCTGGCCTCGTCCAGCAGCGCGGGCACCGTCTTCTCTCCCCAGCGTTTCAGCTCGCGCCGCAGCTTCTTTTCCTTCGCGCCGAGCTGGGACTCCACCCTCGAGCGCAGGGCCTCCAGCCTGGCCCGCTTCGGTGGCTTCTCCCTCCGGGCCAGCTGTTTCAGCCAGGCCCCTTGTACGTGGACGTCGCGCACCTCGCCGAGTGCGTCCTGGAGCTTCTTCACCTGTTGCTCCAGCGGTGCCAGGTCGCCCAGGCCGCGGAACACCTTCAGTGCCGCGCGCAGACGGCGGGTGGACACGCGCATGTCGTGGACCCCGTCCTCGGTGAGCGCCTCAGCGAGCGCGTCCTCCTCGTGGCGCACGTCCGCCACCCGGCTGGCCAGCAGGCGGCGGGCGGCTTCCGACAATCGGCTCCGGGGTCCGAGACCGCGGGTGGGGGTAGGGCGGGGCATGACTCCTCCCTCACTCTAACGCCGGTTCTTCTGCTCGTACTCGGTGGCGGCTTCCTGGACCATCCGCTCGGCGGCCTCCGGCCCCTC
CP043493.1_gap61	1796425	1797821	1396	GGGGCATGTTCTGGGTACGCCCGTAGAGGAACGAGTACACGGTGTGTGTGAGCTGGGCGTAGGGGTCCAGCCCCGCGCTCAAGCGTGCGCGGAACGACGGCGGCCGGGCCTGGGTGATGACCGAGCCGTAGCGCACCCCGGGTCGATCATGGGTGCTCGCGTTGAAGAGGTCGATGCCCTCGGGCGTGAGCTGGGGGACGAGCGAGGCGTCGTTGCCCACGTCGCCCAGGAAGCGGACCAGCTCCTCCCGGCGCTCGACGGAGAAGTCTCCCAGGAGCTGCTCGAAGAGCTGGTCCAGGATGGTCGGGCGGAACCCGAGCTGCTCGTCCCAGCGCGTCAGCAGGCTCCCGAGCCGGAAGGCCACCGTCAGCGGCAGTCGCCCGAAGCGCAGCACGTACACGGTGAAGAGCGACAGCAGCTGCAGCAGCTTCTGCCCGAAGAGTCCCAGGAAGAAGGACGCCAGCGGCGTGCCCGCGTGCGGGGTGGACACCGTCACCACCGTGCGCACCCGGCGGGCGTAGGGCTCCACGTCGATGCCTTCACCCAGCGAGACATTCGGACTGACGAAGAGTCGCGAGTCCAGTCCTCCCGTGGAGTGGCCGATGAGGTGGATGGGGCCGTCGTCGTCCTTGGCTCCGCTGGCCTCGATGGCCTTGAAGAGATCTGCTGCGCGCGTCCGGATGGAGCCGGTGGGGTGCGAGAGCACCTGGACCACCTCAACTTCCACGCCGCGGCGCGCCATCTCCGCCACGAAGTAGTCGCGCACGTGCCCGAAGTAGAGCAGCTCTCCCAGGTTGGCGAAGCCGAAGAAGCCGGGGACCAAATAGATGTGGTGCTTCGTCGCCATTCTTCCCAACCTTCCGGGGTCTCGGCTTCCAACTCAAGCCCCACGTGCATCCTTCCGTCCGCTCGGGTTGACGTCGCTTCACTCCCAGGCAAGAACGGGCACCCGCCTTTCTCCTCAAAACCGGAAGGAATGCTCGCTCGTGCGACGATTGCTTGCTCTTGGTTTCCTTTGGACCCTTCCCGCCGCCGCGGAGGAGGGCATGTGGACCTATGACGCCTTTCCCCGCGAGGCCGTGAAGGCCGCCTATGGCTTCGAGCCCTCGCAGGCCTGGTTGGATCGCATGCGGCTGTCCTCGGTCCGGCTGGCGGGCGGGTGCTCGGCGAGCTTCGTGTCGCCGGATGGCCTGGTGATGACCAACCACCACTGCATTCGCTCCTGCGTGCAGGACCTGTCCTCCGCCAAGCGTGACTACCTGGCCACCGGCTTCCTCGCGAAGGAGCTGAAGGACGAGCTGCGCTGTCCCAAGGTGGAGGCCAACCAGCTCGTGGCGATGACGGACGTCACCGCGCGCCTCCAGGGCGTCACCAAGGGCCTGAGCGGCCCGGCCTT
CP043493.1_gap62	1980625	1981433	808	CACACTGACGGTGGGCTGTTCACGGGGGGGCCGGAATATAGCTGTTCACACACGTCAAATCCACCCATGCCCGGGCTTTACCGTTCTTCGTCGGATCGCTGTGAGTTGACAGGCTTTGGCTTGATGCGGCGAAGCCGCTCGAAGTCCGAGGCGCGGCGCTCTCCCTTGAGGACGTTCTCCTGCTTGCGCTCGGTCTCGGTCTGGAGCTCCAGCCGAGCCAGGCTCTTGTCGGCCCCACCGGCGAGCTGTTGGAGGAGCAATTCATACTGTCGGTGCATCCTCGCGATGGTCGCCTCGTCGAAGATGTCGACGTCGTAGCTCCAGGAGGCCTCGAGTCCGCCGTCGCGCTCCTCGAGGATGACGACGAGGTCGAACTTCACCGCGTCGAAGTTGGGCGCGAGTTGGCTCATGCTCAGGTTCCCGAGCCGGAGCGCCGGTAGCGGCGCGTTCTGCAACACGAAGAGCACCTGGAAGAGTGGGTTGTAGCCCAGTGAACGATTGATCCCGAGCTCGTCCACGACGCGCTCGAACGGCACGTCCTGGTGCTCATAGGCCTCCAGCGTCAACGCCCTAACGCGTTGCAAGAGCTCCTGGAAGGAGAGGGAGCCCTGGACCTGGCACCTGAGCGCGAGCGTGTTGACGAAGAACCCGATCAGGTCCTCCGTGAGCGGGTGGGACCGGTTGGCGATGGGCACGCCGACCACGATGTCCTCGGTGCCCGTCAGTCGATGGAGCAGCGCATAGAAGGCCGCCAGCGCGGTCATGAAGAGCGTCGCGCCCTCCTGCCTGCTGAGCGCCTGGAGTGCCT
CP043493.1_gap63	1991102	1994273	3171	TACGGAGAGAGCCCGACCTGGGCGAGCGCGTTCGACGTCATCCACTCCCGCCTCGAGGCGCACCTGGATCGCGTCGCCGAGGAGGTGGCTGGGCGCTACGAGCTCGTCGGATTGACGACCTGCTTCGGCCAGCTCTTCGCGAACCTGGCGCTCAGCATGCGGCTCAAGCGGCGCTCCCCCGAGACGCGGATCGTACTCGGGGGCTCGACGGTCTCCGAGCGCGTCGGCCCGTCGCTGCTCCAGGAGCTCGACAGCTTCGACTACGTCATCCAGGGGGAGGGCGAGCAGCCGCTGCTGGCGTTGGCGCGCCGGCTGGCCTCGGGCTCCTCCGATGTCAGCGACCTGAAGGGGCTCATCTCGCGAGAGACCGCCGGCGCGCTCCCGCGTGGCGCGCCCTTCTGGGAGGTCTCCGACGTCAACAGCCTGCCCATCTCCGACTACAGCGAGTACGCCGCCAAGGCGGAGGCGCTCAACATCTTCTGGCTGATGACGGTGGAGGGCTCTCGGGGGTGCTGGTGGGATCGGGCCAAGCGGACCGGCAACCCCAAGGCGACGTGCCACTTCTGCAACCTGAACGTGCAGTGGAACGGCTACCGCGAGAAGGGGGCCGAGCGGCTCGTCTCGGAGGTGGTGGCCCTCAACGAGCGCTACCACAACAACGTCCTCTTCTTCCTCGACAACATCATCCGCCTCAAGGGGGTGGACGACTTCGCGCGGCGGCTCATCGACACCGGCAAGGACTTCGTCATCTTCTACGAGATGCGCGCCAACATCCGTCCCCACGAGCTGCTGCTGCTGTGGGAGGCCGGTGTTCGCTTCGTCCAGTTCGGGATCGAGAGCCTCTCCGAGTCATACCTGAAGCGGATCGGCAAGGGCACGTCGGTGATCACCAACCTGCAGGTGATGAAGATCTGCCATGAGCTGGGGATCGTGAACGGCGCGAACCTCCTCACCGACTTCCCCGGCGGGCGGCAGGAGGAGGTGGAGGAGACCTTCGCGACCATCCAGCGGTTCGCGCTCGCCTACGAGCCGCTCTCGGCCAACCGTTTCTGGCTCGGGCGCGGGGCCACCGTCCAGGTGCTGAACGACGAGTATGGGATTCGCAACCTGCGCAACGCCGACTTCTACCGCGTCGGGCTGCCCGAGCCGCTCTATGAGCGCCTGTGCCTGCTGGATCTCTCGTACGATCAGGACACACCCGCCGCTGACTGGAGCAGCGTCCGCGTGCTCTGCAAGCAGTGGGGGGCCGCCTACGCCGCCGCCCGCGCCACCGAGTACCGGCACCTGCTGACGTACCTCGACAGCGGGCACTCCATGCGCATCTTCGACGCGCGGACCGGGGTGCTCCGGAACGTCGTCCTCGAGGGCCTCGCCCGCGATGTCTACATGTTCTGCGCGGAGATCCGCCGCTGGGAGGAGCTCCGCCGCGAGTTCATCGAGCCGGGCCGGGCCGACGCGGGGCAGCTCGCGGAGCTGATCGAAACGTGGAACCAGCAGGGCCTGCTCTACCGGGAGGGGACGCACCTGGAGGGAGGGAGGTTCCTCTCGCTGGCGCCCGCCTTCACGCCCGAGATGGCTGTGCGGCGCATCCGCGCGGCCCACGCGGCGGAGCAGCAACGGCGCGGTGCCGGGGCGTCGGTGCCGGGCCCCCGTCATTCGCTCCAGCAGGTGGGTGACGCGGTCTCGCAGCCCGTCCAGGTGAAGGCGTAGGGCGACGAGCCACCACGGCCCTCCGGTGCTCAGAGCCGGAGCGTGGTGTACGTGGACACGCGCAGGTTCGTCGTCGTCCACGCCGGCAGCCGCGAGCGTGCCTCCTCGAGCGGCGGCGGCCATTCCGCGAAGAAGGCCTGCACGTCCACCGGCACCTCCTCCCGATCCTTCAGGAGGAGCGAGAGCTCGCGGCTCCCCCCGGGCGAAGAGAGCACGTCGAGGACGTAGCTCGTGTCGTCCGGATCCAGTGGAGGGAGGGGAGCCGGGAGCAACCAGCCCGCGAGGGTTGTTTTCGGGATCCTCAGCCGGACGAGGTACGCTGTGCCCGGCTCAATGCGCAACCGCACGGTGCGGAGCGCCGTGCTCTCATCGTAATGCGACTCGAGCACCTTGAGCCCGGGGGCGGGCAGAGCCGCGGGCGGCGTCGGAGCCTCGTAGCCACCGCGAAAGCCCGGCATCCGCGCGGTCGCATGGAGTTGTCCGGGCTGCCCGGAGAGCGCCGCGAGTGGATCGGGAAAGTCCCAGCTCGAGAACAGCAGCTTGCTCTGGCCCTCCTGCTGACGGTGCTCCAGCCAGAGCCGCTTGGGACGCTCGGGCGTGTACGGGAAGTGGAAGATCAGCGCGACCAGGAAGGCCACGCCCACTGTGGCGAACGCGGCGATCGAGGGGCCGAAGCGGGTGCTCTCCTGTAGAGGGGCGAGCCCGAGCACGGACGCCGAGACCACCGGCAGAGCGACCAGCAGCGCCACCAACGGATCGAGCGGCACCCCCAGCCGGAGGTGGCCCGCCACTGGGATGAAGAGCTCCAACAGGGAACGACCCAACTGCACGGTCAGCACCAGGCCTGGCAACCACCCTGCGTACAGGGCCGCCAGCCGGGCTCGAGGCGAGGCGAAGGCGGAGGCGGCGATCAGCCCGAGCGCGCCGCCCACCGTCCACCACAGCGGAAGGTAGGCGGTGCCGAGCCCCAGCAGCTGCATGGCCCCGAGCGTCAGCACCCACAGCCAGAGCCCGGCAAGCCACGCCGAGCACATCCGCTCCTGTGAGGGCACTCCCCGGGAGGTCAGCCTTCGGGCCCATAACGCGCGGGGGAGCAGCGCTCCCGTGACGGAGAGCCCGCCGAAGGCCGCGACGGCCAGCCACGGTGAGGAGTACCAGCCGTGCGGGCGGTTGAAGGCGTAGTAGGGCAGGAAGGCGAGGGCCACCGGGAGCACCAGCGCCACCACGAGCGAGGCCACGAGGAACCCGAGGCCCTCGAGGGCCACGAACAGCCGGATGACCCTCCGCCGCGCGGCGAGGACGGTGGCACCGGCCGCGAGCAGCGCGGCGACCGCGGCCCAGGCCCAGGCCCCCTGGAGGCCGTAACGGATCATCCAGAGCCCCAGCACGTCATAGTAGATGGACGGGCCCGAGGTGCCCTCGGACGGGAATGGCCGCGAGGTGAGCTCGCGCGTGACCGCC
CP043493.1_gap64	2036255	2041060	4805	GCCTCAGGTGGAGTGTGACGGGGTCCGCATCCAGCAGGTGTGGGCCAACCTCTTCACCAATGCCGCGAAATATCATCAGGCGGGCGAATCGCGTTGGATGGAGGTGGGTTTCTACGCTCTGGGAGAGCCCCTCCCCGCTTCAGCGCGACGGCGGTCGGATGAATACGTCTTCTACGTGCGAGACAACGGCATCGGAATCCCCGAGCGGTTCCACGAGAACATCTTTGAGATGTTCCGTCGGCTGCACCCCGCTCATGCCTATGGGGGAGGGAGTGGTGCCGGCCTGGCGATCGCTCGGCGGCTCGTCGAGCTCCACGGCGGCGAGCTATGGGTGGAGTCAGCGCCCGGTCAGGGCTCCACCTTCTTCTTTACCCTGGGCGAGAGGCCGCGGTGATGAGATGACCTCAGAGCGCCCCCTAGAGCGCCCCCTGCTGCTCGTGGAGGACAGTGACCCGGACGCGGAGGCGCTGCTGCGAGTGGCGCGCAAGCTGCCGCTCTCCGCCCCCGTGGTGCGAGTGCGGGACGGGGAGTCCGCGCTCGACTACCTCTTCCAGCGGGGCGAGTACGTGGGGGTACCCCGGCCTGTGCTCGTGCTGTTGGACCTGCACCTGCCAGGTATTGGGGGCCAGGAGGTCCTCACCCAGCTCCGGGCCGACCCGACCTTGCGCTCCCTGCCCGTCATTATCTTCTCCAACTCCTCACAAAAGGCGGACGTCAGCGCGGCCTACGCCGGTGGAGCCAACAGCTATCTCTTCAAACCGGACGGACCCGTCGAGCTCCAAGAGGCCGCGCGCGCCCTGGAGTGCTTCTGGTTCAGCGCCGCGCTGCTGCCCGGCCCGGAGGACGCGTCGGGATGAACCTGCGCGTGCTTCTTGTCGACGACAGCCTCGCGGATCAGCGGGCGCTGCGGAGGGCGCTCGAGAAAGACCCAGAGGCTCGGTGGGAGGTGGAGCAGGTCAGCTCCGCCGAGGAGGCCCTGGAGCGTCTGCGGCACCCACCGTTGCCGGATGCGCTCGTGCTCGACTTCCACCTGCCGGGCATGGATGGGGTGACGCTGCTGCGCACGCTGCGCGAGCAGTGCGGTGAGCGGATGCCGGCGGTGGTGGTGTTCACCGGCAGCGGCAGCGAGCGCGTGGCGGTGGAGGCGATGAAGTCCGGTGCCCACGACTACCTCCTCAAGGATGGCTTTTCGCCGGAGCGCCTGCGCCACAGCCTGCGCAACGCGGTGGATGCGGTGCGCATGGCGCGCGAGCTGGAGGAGGGCCGCCGCCAGACGGAGCGCGCAGAGCGGGCGGCGCGCGAGGCGCTCGCGGTGCGTGACGAGTTCTTCGCCATCGCCACGCACGATCTGAAGGGGCCGCTGCAGAGCATGCTCCTGAGCACCCAGCTGCTGCGCCGTCATCTGCCCGCGGAATCGCGCACGCCTGGGGTGGAGTCACGGCTGGAGCAGATCCTGCGCGGGGCTCAGCGCATGGGCGAGCTCATCGATCACTTCCTGGAGGTGACGCGCGGAGGCGAGCGCCCCTTGCGGCGCGAGCCGATGGATCTCTTCGCGTTGATACGAGCGAAGGTGCGCGATTTGGGACCGCTGGGGTCCACGCACCCGGTGCACATGCACGTGGAGGGCTCGGACTTTCAGGGCTTCTGGGACGTGGCGAGCTTGGAGCGGGTGCTGGACAACCTGCTGGGCAACGCCGTGAAGTACAGCCCCCGAGGCGGCTCCATCGACGTGTGGCTGAGCGAGGAGTCGCCAGGGCCCGAGGGGTGGATCCGCCTGTGCGTGCAGGACCAGGGGATGGGCATTCCGGCCGCGGACCTGCCCCACATCTTCGAGCGCTTTCGCCGGGGCCGGAACGTGGCGCCCGTCATCTCCGGCAGCGGCGTGGGGCTCGCCAGCGCGCACCGCCTGGTGGCCCTGCACGGTGGAACCCTCACCGTGGAGAGCGAGGAGGGCAAGGGCGCGAGCTTCACCGTGCGCCTGCCTCGAGGGTTGGGCGTGCGGGAGGCCTCCTCGGAGCAGTCCGCCTGACGCGCTCCCGCCCGGGGTCGCCGCTCAGGGCGACGAGGGCAAGCTGCCGCGCAGCATGAAGAAGATGACCACGCCCGTCACCGACACGTAGAGCCAGATGGGCGCCAGCCACCGCGTCACCTTCCGGTGCCGCTCGAAGGCGTTGCGCCACGCGAAGTAGAAGGACAGCAGCGCGCCCGGCACCACGAACATGGACAGCAGCACGTGGCTGGCGAGGATGGTGAGGTACACCGCCTTCAACACCCCGCCCCCGGCGTAGCGCGTGTCGCCGTGCACGAAGTGGTAGGCCAGGTAGCACACCAGGAAGAGCCCCGAGGACGCGAACGCCGACACCATCAGGTACTGGTGCGCGCGCCGCGCCTTGCGCCGGATGGCCACCCAGCCCGCGGTGAGGAACGCCGCCGCCAGCGCGTTGAGGCTCGCGTTCACCGCCGGCAGGAAGCGCAGATCCACCCCGCCCACCGTGCCTCCTCGGCGGATGAGAAGAATATACGCAAGAAATGAGAGAGCGGCGGCGGACACCACCGCCGTGAAAATGTAGAAACCCCGGTCACTTACACGGGGGAGTGGGGCGTGTGCGGCGTCGGACATGGCGCCCCTTTCTGTCCTGACCGGGGCCCGCACGCAACCCGTCAAGCCCTGCTGCATAATTGCAGGGGCAAGCGTGTGGCCATTAACAGGAATTCCTGGCATAAGGAGAAGTGCAGTTTCCCCCCCGCTGCATTTCTGGAGGTTCACGTGCGCTACGCACGACGCTTCCTCGCTCCCCTGGCCACCGTCGCCTTCCTGGCGGCGCCCCCCGTCCTCGCGGATGGGCCGGTGTGCGCCCCGGTGACGAAGGTTCCCCTTGAGCGCCACCTGCGCCAGCTCTCGCTGGATCTGCTCGGCCGTCCGCCCACCTATGAGGAGTACCAGGCCATTCGCGCCAAGGGCGAGGTCACGGTGGAGGATGTGCGCGCGATGATGGACCAGGAGGAGTTCTACGCGCGCATCCGCGCGTACCACCGCGCGCTCCTCTGGAGCAACATCAACTCCAGCGTCAACAACAACAACAACTCACGCCTGTACGGCGATGGCTCGGACACGAACGCGCTGTCGCTGCGCAGCAACAGCAGTGTCCAGCTGCGGGGCGTCAACAACGCGGGCTGTGACAGCTACCTGGCCCAGGACGTGTGTAACGCCCGGCAGGATCCGCATGCGGACCCCGCGCTTCCCTCGACCGCGGCAGCCTGCGCCAAGGAGCGCTACGACGAGCGCGGCGTGCCCAACCCGGTGAGCTGGGACTACAACACCAACTATTACACCTGCACGCCGCTGAGCGTGACCGACTGCTCCGCTTCCCTGGGCGCTGACGCGAAGTACCTCTACTTCTGCGACATGCGGCGGGTGACCATCGGTGAGGATGCGGGCAAGCTGAAGCCGTACCTGTGCAAGCCCACGTCGGCCAACTTCTCCGCCGAGGTGCTGGATGGGGCGGGCAAGGTGGTGGCCTTCGAGTATCCCGATGCTCCGTCCAATGTGTCGGTCAAGCGGCTCGACCGGTGCACCCTGAACCTCACCCTCAGGAACGGCGTCAAGGGCTCCTACGTGCCGCAGACCGGCTGTGTGCAGCGCGAGGGCTACGTGACACGGCCCGCGCCCTTCTGGAACGCCGGAGGCCCGGAGGTGCGGGTGTGCGCCATCGAGGCGCAGACGCGCGCGGCCAACCCGTGGACGCTGGAGCCCTGCACCACCTCGCGCTTCAACAATGACCGCTCGTGCGGCTGCGGCGAGGGCATGGCCCGCTGCGAGTCCTCCGATAACAACGGCTCCACCCACAGGGCCCGCGTGAAGGCCATCAACACCGAGCCCGAGCTCATCGCCGAGTCGGTGATTCGCCGCGACGAGCCCTACTACAACTTCCTCACCACGCGCCGCTCCTTCGCCAACGGTCCGCTGGCCGCGCTCTACCGGGATCCACAGCAGGGCGTAGGTGTCTTCAACGTGGCGCGCCCGAAGGACCCGAGCGTGCTGCCGGACATCCCCTACGCGGAGGCGGACACCTGGAAGGAGTACGTGCGCGGACCCGAGCACTCGGGTGTGCTCACCACGCCCTCCTTCCTCTATCGCTTCCCCACGCTGCGCGCGCGCGTCAACCACTTCTACGGGGCCTTCCTCTGCAAGAGCTTCGTTCCGCCGGACAACGCTCGCCAGCCGGCCGCCGAGGACGCGTGCAACCGGGAGAACAACCTGGCCAAGCGCTGTGGCTGCAGCTACTGCCACGCCACCATCGAGCCCACCGGCGCTCACTGGGGCCGCTTCGCCGAGCGCTCCGCGCAGTTCCTCGACCCGGAGCACTTCCCCCGCTACGACCCCAAGTGCCGTGACTGCGCGCTCTCCGGCAACACCGGGTGCAACAACGAGTGCGGCCAGTACGTGATGCAGGCCTATGACGGCGACGGCGCCCAGTCGCTGGGCATGCTCAAGACGTACCTCTACCGCAACGCGGATGAGGAGGCGAACATCGACGGCGGCCCCGAGCTGCTGGTGGAGCGCATGCTGCAGACGGGTGACCTGGAGCGCTGCACGGTGCGGCGCGTCTGGCAGGAGTTCCTCGGCCGGCCCATGTCGGTGGAGGAGCAGCGCATGTACCTCGAGCCGTTCGCCCAGGAGTTCGCGCGCGATGGCCACCGTTTCAAGGCGCTCATCGAGCGCGTGTTGATGTCTGACGCCTACCGGAGGATCGACTGATGCGACGCCTGCTCCTGTTCGCGCTCCTCGCGCTCGGCGCCGCCGG
CP043493.1_gap65	2048228	2053191	4963	TCACGGGAGACGTGGCGGAGCGCTCAGGTTTCGGCAACGACCTGGCGCTGACCGCGGGGAGCACGAGCTTCCCGCCGACCCTCGTCATCGGCGCGCCGCTGAGCTACCGCACGGGCACGCAGAACGGCACCGCCTTCGTGGTGCCGCTCGGCTTCTAACGCGCCTCAGTGCGCCAGGGACGTGGACGGCTCGGAGATGCCTTCGAGCACGCGTCCGGCCAGCCGCTGGTCCTCCATCTCCATGGCGAGGTCCCCCAGCGAGACAATGCCGATGAGCCGCTCCTGCTCGTCCACGACGAGCAGTCGGCGCACCTGCAGCTCGCGCATCTGATGGGCGACGTCCTCCACGTCATCGTCCACGGAGCACGTCTGCACGTTGCGGGTCATCACATCCGCGACGGAGACCGTGCGGGGGTTGAAGCCCATCGCCAGGCCGCGCACGACGATGTCCCGATCGGTGAGGATGCCCACGACGCGCTCCCCCTCCACGACCGGTAGGGAGCCCACGTTGAGCAGGCGCATCATCTCGGCGGCGGCCATCAGCGTCGTCTCGGGGTGGGCGGCGACGGCGTCCGGAGTCATCACGTCACGAATCTTCATGGGACGGCCTCGTGGCTTGCGGGTGGTTTCTACGGAGGAAGGGTGTGTCTGCTTTGGCGCCGCTGCCGTGAAATTCCGTGCCAGCGTCTGTGCTCGGGTGCCTGCTTTCCTGCCTGCCTTGCCTCCAGAAACACGAAGGCCCCCATGCCTCCGAGGGAGCCACAGGGGCCTGGGTCCGCCGCTCCGTTTGGATCAGCTCACGGTCTGCGGGGTCATCTGACGGGAGAGCTCCTCCGGGGACTTCAGCATGGAGGCGTGGCCGCCGTGCTGAACGCGCTGCTCCTCGCTGATGGGCGGGGAGAACGTCTTGGCGATCTTGTTGTAGGTGCCGAGGATGAGGATGGTCGGTGCCCACTGGCCGACAAAGTTCGCCCACGTCTTACGGCCGGTGATCATCAGCACGGCGCTGACAGCCATGCACCCGACGGCGACTCCGAGGAAGCTGATGGAGGGAATGCGCCGCGTCTGAAGCTCGACATTGGTGGTGACCGCATCTTCGTTCTTCATGTGTTCCGATGCCTCCGTTGGTGAGAGGTGTGAATGGAAGGTGCGCATGAAGGGGCGGGGCGCGGGGGTTGAGCCTCCCTGCCCGCTGTCCGGGCGGGCACGGTGGCGGTGGGGTTGGCCGTGCGGGCAGGCCCCCTCAGATTGCCTGGGTCTTTTTTGCCGGAAGGGCGGGGGGAGGAACTTCAGATGTCACGTAAGTCCGAGGTGGAGAAGCTGCGCAGCCTGGCCCAGTTGGACGTGGACGCTGTGGGGGCCTACGACGCGGCCATTGCCCGGGTGAAGGAGCCGCTGGTGCGCGAGCGGCTGAACGATTTCCGGGTGGACCACGTGCGGCACGTTCAGGATCTCAACGCATTCATCCTGCGGTTCGGAGGGGAGCCGGTGGAGCTGCGGCCGGACCTGAAGGGCGCGGCGATGAAGGGCCTGACGGCGATGACGAGCATGATGGGGACGGAGGCCGCGCTGGTGGCGATGCTCGGCAACGAGGAGTTCTCGAACCGGGCCTACGAGCTGGCGCTGAGCTTCGAGTGGAGCCCCGAGGTGCGCTCGCTCATCGAGAAGAACCGTCGGGACGAGGAGCGGCACATCACGTGGATCAAGGAAGCGGTGCGCCAACGTCCATGGGTGGCCGAAGAAGCCGAGGCGCGGGCGTAAGCCCTGGGAGAGGGCCGGGGTGAGGGTCTACATTCGGTGGGGACACACCCCGCGCGAAGCGCGGTAGCCCGAGCCCTGGAGGCCCAACCCGTGAGTGACACCCTGCCCGCGCTGCGGTCCACGCTGTCGGAGCTGGTCGCCCTGGACACGACGTCCTCTCGTCCCAACGCGCCGCTGGTGGAGCTGGCGAGGGGGAGGTTGGAGGCGGCGGGCTTCCAGGTGGAGCGGGTGCCGTACCGGGACGCGGCCGGGGTAGAGAAGGTCAACCTCATCGCGGTGAAGGGCGGTGGGGCCGGCGAGCGGGCGGGGCTGGTGCTGGTGGGGCACACGGACTGCGTGCCGTACGACGCGGCGTGGACGGATGCGCTGCGGCTGACGGAGCGGGACGGGAAGCTGTATGGCCGGGGCGCGTGCGACACGAAGGGCTTCATCGCCTGCGCCCTGCATGCTGCGACACACTACGCGGGCCCCCTGCGCTCGCCGTTGATGGTGCTGCTGACGGCGGACGAGGAGCTGGGCTGCGAGGGGGCCAAGCACCTGGTGGCACAGGGCAAGGGGCGCGCCAGGCACGCCATCGTGGGCGAGCCCACGCGGCTGGTGCCGGTGCGCGCGCACAAGGGCTACTGCCTGGCGGAGGTGGAGGTGCTGGGCCGGGAGGGGCACAGCGCGTACCCGGACGAGGGCGCCTCGGCCATCTTCCGCGCGGGGCGCTTCCTGCAGAAGCTGGAGACGCTGGCGCGCACGCGGCTGCGCGAGGAGCGGGACGAGTCCTTCGAGCCGCCCTTCACCACCGTGAACGTGGGCCTCATTGGCGGAGGCAAGGCGCCCAATGTCATCTCCGGGGCGTGCCGCTTCACGGTGGAGTGGCGCCCTATTCCCCGGCAGCCCCAGGAGCGGGTGATGGAGCTGCTGGAGTCCATCCGGCACGAGCTGGTGCGCGACGAGCCTGGCTACGAGGCTCGCATCCGGCTGCTGCGGGCCGACCCAGCGGTCGACACGCGGGCGGACGCGGAGGTGGTGCGAGTGCTGGCGGAGCTGTCCGGCAACGCGCCCATCACGGTGCCCTTCGGCACGGAGGCCCCGCAGCTCACGGAGCTGGGTGCGGAGGCGGTGGTCTTCGGCCCAGGCGACATCCGGGTGGCGCACCAGACGGGTGAGTACGTACCCATGGAGGACCTGGTGCGATGCGAGGCATACCTCTCACGTGCCATCGCACACTTCTGCGGCGCGGCGGTACCCGACTCCGGACGCTGAGCAGGAGCACGTCAAACCTGGTGGTGCATTTGACCTGGAGGGTCCAGTCATTCTAGGCAGAGGGCCTTGCTGTGGCCCGAGTGGGTCGTCAGGGCCAGGGGGAGTGGCCGCGACATGCAATGTGTCCCCTTCGAAGAGGGCATCGAGATCAAGGGGCAGACGTTGAAGTCCGTGGTGGACGGCTTCAACGCCTTCGCGGTGCTCGGCAGTGCCTACCTGTTGGACGAGGGCATCGGGACGCGGTCTCCCAATGGGTTGGTCAGTCTGGACCCGGAGGGGTGGTACTCGCAGCGCTCGTGTCTGCTGTGCTTCCAGCAGATCAGCAGACAGCTGGGGGACGGGCTGTTGATGCAGATTGGCATGGCCATCCCCCGCAACGCTCACTTCCCGGAGGGCATCCAGAACATCCACGACGCCATTCGGACCCTCGACGTGGCGTACCACTTGAACCACCGCAAGAACGGCCGGGTCATGTGGGATCCCTCCACCCGGCGGATGGAGGAGGGCATCGGTCACTATGGCTACGAGCCCGTGCCGGGACAGCGGAAGATCTTCAGTCTGTGTAATACCCCTTACCCGTGCGCGTTTGACCAGGGGCTGCTCACGGCCATGGCGCAGCGCTACGCGTCCAACGCGCGCGTGACGCATGACAACGCCAGCTTGTGTCGCAAGCTGCGCGGCGACCGCTGCGGCTACTTCATCAGCTGGTGAGGACCCACACCCTCCTGTGAGTGCTCACGGACTCTCCGTGCGGCTCGCGCTCCGCGTGGAACGGCCGCCGGGGGCGCCGTCTCCGGGTGTCCTGGAGGGAGCAAATAGTTCGTCCCCCCTCTCGCTTTTCCGCCCCTTCCTCCTGATAGCCTGCGGTCAGATCCGACCATGGCAGCGCTCAATTCCATCGGCACGACTGGCCGCGTCCTCCTCGTGGACGACAGCCCTATTGCTCTCGAGGCCATTGGCTCCCGGCTGCAGGAGAGCGGACTGGACGTGGTGATGACGACGTCGCCACGGGAGGCGCTCGGCCTGGCCACTGATGGCTCTCAGCCGTTTGATCTCCTCATCCTCGACGTGATGATGCCGGAGATGAACGGCCATGAGCTGACGCGCCGCCTGCGTTCCAACTCGCGGACGAGCAACACGCCCATCCTCCTGCTCACCTCGCTCGACTCGACGGACGACCGGGTGAATGGCCTGGTGTCGGGCGCTGACGACTTCTTCACGAAGACAGCGCCCGACGCGGAGATGCTGGCGCGCGTGCGCTCGTTCATCTCGCTCGGGAAGATGCGCGCCCAACTGCAGGCGCAGCACGAGGCCATGGCCCGCGTCATGCGCGAGCCGGAGGCACCCACTCCGCCCCTGGCCCGGGTGGAGATCATCCACCACATGCCGGTGGTGAGCGAGCGGCTCGCGCGAGCCCTGCGCGGCTCGCCCGTGGGCGGCGAGTTCCAGCTCACCCAGCGCTCCCCCGAGCAGCGCATGCTGACCTCGGACGCGGACCTGCTCGTCGTCAGCTACCCGATCGCGCTCGAGGGGGATCAGCCGCTGCTCAAGCGCTTCGGCTTCGATGAGGAGGCGCCCGCTGTCCTCGTGGTGGACGAGGTCGAGTCCACCTCGCGGCGCGTGCTCGCGTTCGATGCGGGGGCCGACGACTACCTCACGCTGCAGACGCCCATGGCCGAGCTGGCCGCTCGCCTGGGCAGTGCCCTGCGCCGCCAGCGCCGCCAGCGTCAGCTGCGCACCTCGCGCGACCGCGCCATGCTGGTGGCGGTGACGGACCCGCTCACGGGGCTCTACAACCGCGCCTACTTCCACGAGGCGCTCGGCGTCGAGTTCCGCCGCGCCCAGCGCTACAAGCACCCGATGAGCCTGGTGCTGCTGGACCTGGACCACTTCAAGCAGGTGAACGACACCCTGGGCCATACAGCCGGAGACGAGGCCCTGCGCGAGGT
CP043493.1_gap66	2118521	2121898	3377	GAGAGCACGTCGTGGGCGGCCACGAGCCGGGTACGGAACCACGCGTCGAGCGTCACGTTTCGGGGAATGAAGACATGCACCCGCCTCGAGGGTTCCTCGAGCTCAGGCCGGTTGCGGATCGTGCCGTCGGGCAGCCGCGCGAACAGGCTGTCGAAGCGGGCGCTCACATCCTCCTGTTGGAGGGCTCGGATCCGCTCCTCCAGCTCCTTCTTGAGGAAGGCCTGGTTGTCCTCGGCCAGGGCGAAGATGGCCTGCTCGCGCTGGCTGCGCTCGGAGACATATTGCTGCAGCTGCTCCAGGGCCTCGGTGCGCAGGGCGTGGAGCATGTGGAGGTAGCTGATGAACGTGGAGAGGGCGATGACGACAGCGATCCGCACCCCCATCTTCAGGAGCGTCGAGCGGGCCAGGGGGGCGCGGGGACGGGACGACGAATTCATGGTGACCTGCGGACCTGACTTGCTGAGCGTCTCAGCCGGCTTCGCGCGCTAGTGGTTCACTGGAATTTTCAGTCCTCACCTCCATTTCATCACGTCATGCCGCAATCAGAATAGAGGGGATGGGGTTTGGGTGCCGGTGTACTGCTGGAAGGGGCCGGTGATGACGAGGGTGAGGCCGTCGCTCTGCATGTTGACGAAGAGCGCGCGGCCGTCCGGGGAGAGGCACACGCCGGCGAACTCGCCCCGAGTCATGGCGTTGCGCGCGAGGTTCTTCACCTGCCCGGACGGAGTGAGGATGCGCAGGAGCTCGTCGGGCCAGCGCCGGTCACTTCCGTCCTCGGCCATCACCACGTCGCCCCAGGGGGCCACGCAGAGGTTGTCCGGCATGTCGAGCAGGCTCCGGTCCTCCGACTGCGCGAGCAGTCGCAGCGTGCCGCCCTGACTCCCTGAGGGCGTGTAGCGCCAGACTTGTCCGCCCGAGGTGGGGCCTCCGGTGGTGGCGCAGAAGAAGATGGAGCCGTCGTGGAAGAAGATGCCCTCGCCCCGGCGGAAGAGGGCAGCACCGCGCTCGGCGCCCTGGGCTCGGAGTGAGTCGTCCTCGGCCTCGGGCTGGGGCAGGTCCACCCAGTCCGCCACGAAGGTGTCGCCCGGCTGGACGCCCACGTTCATGTCTCGCCGGGGCTCGGCCTCGATGCGCAGCGCCTGCAGCCGGCCCCGCGTCTGCGGCCCGAGCCGCTCGCCCGGGTTCTCAGGGACGAAGCGGTAGAGGCAGCTGTCGTCGCGATCTTCCGTGAGGTACGTGATGAAGCTCGTGGGGTCCACCACGGCGGCCTCGTGGTTCATCCTGCCGAGCGCGGGGATGCGCACCGCGTCCCGCACCGCGGTGGCCGCCGGGTCGCACAGGAAGACGTAGCCGTGGCCGTCCTTGAGGGTCTCCTCGCAGGTGAGCCAGCCCCACGGAGAGCTCCCTCCGGCGCAGTTGCGCGCGGAGCCCGCGAGCACGAGGTTGCTGGAGACGCGGGTGAAGGTGGTGGCATCCACCACCACGCGCGTCACTCCGCCTGGGCTGCCGGACTCGGGCCGGTACGCCTGGGCCGGCACAGCCTGTCCCGGGAAGTACGGGCTCATGTCCTCCTGGCCCGCCTCCAGCTCGTGGTTGCGCATCAGCACGAGGGTGTTGCTGCCCTCGGGTCCCGCGAAGCAGCCCATGCCGTCCTGCTGCCCCGGGACTCGGTACCCATCGCTCATCCGCTCGCCTCGGCGTTCGAGAATGCGGTAGCGGAAGCCCTCGGGCAGATCGAGGATGCCGTCGGGATCCGGCCGCAGCCCGGCATCGTTCTCGGGACGGGCGCAGCGGCCCAGGAGGAAGGGCAGCGCGAGCGCCGTACCCGCTTTCAGGAAGGCACGGCGGTGGAGGGTGGGGCGGCGCGTGTGACTCATGACGCGCAGAAGAGCGGAGCCAACCGGGAGCGTCGAGCGGCGAGCAAGCGAGCGCCTTCCCCCTGTAAGGAGTGGCGGGTGCGCGCACTTCATGCTCGCCCGCACCCCTCGAACAATAGTATTTGAGGCTCAAACCATTTCAGCTTCGTCAAGGAGAACGCGACATGCGCAATCGGCTGCTGACTTCTCTCTGTGTCTTCTCGCTCGCCACGGGGTGCGTCACCCAGGGCAAGTACGACACGGCCATGCAGAGGGCCCAAACGCTCGACGAGCAGCTGAAGGGGGAGCAGGGCGCTCGTGCGGCGGCCGAGGAGAAGGTGCGCCAGCTGGAGGAGCAGGTGAAGACCCTGGAGCAGGAGAAGGAGGCGCTGGCGACGCGTCTCAACACCTCCGAGGCGCGGCTGACCACGAGCGCCGCCGAGCGCCGGGGCCTGGAGCAGAAGATTGCCGAGCTCACCGCGCTCAATGAGGAGCTGGCCAGCTCCAAGCGCAAGCTCACCGAGGCCAAGGAGGCGCTGGAGAAGAAGAGCGCCGAGTACGAGAGCCTCGCTCAGAGCCTGAAGACGGAGATCTCCGAAGGGAAGATCGAGCTGTCGGAGCTCCGGGGCCGGATGACGGTGAACCTGAAGGACAAGATCCTCTTCGCCTCGGGCTCGGCGCGCGTGGGCAAGGAGGGGGATGCGGCGCTGAAGAAGATCGCCGAGGCGCTCAAGGGTGTGAAGGGGAAGATCATCCGGGTGGAGGGGCACACGGATGACGTGCCCACGGATCCCAAGGGCCCGTTCCCCTCGAACTGGGAGCTGAGCCTGGCGCGGGCCATGGCGGTGGTGCGGTCGCTGCAGGACGCGGGCGTGGACCCCACGGTGCTGTCTGCCGCGGGCTACGGTCCGTACCAGCCGATCGCGCCCAACGACTCGCCGGATAACCGCAGCCTCAACCGCCGCATCGAGATCGTCCTGGCCCCCGGGACAACGACGACGACGGCGAGCAGCCGTTAAGAAGTGCGTGCAGGGCATTCCGGGCCACCTGTTAGGGTGGCCGGATGCGAAAGCTCCTTCTTGGCGTGTTGTGCATGACGGTGGTGGGTTGCGCCACCACCCCTTCTTCCACCTCCAGCGGCGCCCCCGCGGCGTCCGCGAAGCCCGAGGAGAAGCTCCCGGCCTCCACCGATGAGCTGAAGGCCGAGCTCGGCAAGGCGCGTGAGAGCAAGGATTGGGCGCGCCTCCAGTCGCTCTCCCGTGAGCTTGCTCGGCGCGAGCCGGACAACGCGGAGGCGCTGGTCCACGCGGGGATGGCGAGCGTCATGCTGGGCCAGAAAGAGGAGGGCATCGCGGAGCTGGAGAAGAGCGTGGCGCTGAAGGACAGCGCCGTCGTCCGTTACATCCTGGCGGGCGTGTTCAGTAGCGAGGATCAGCCTCAGCGGGCCTTGGAGCACCTGGAACGCGCGGTGGTGCTGGACGGGGACGAGGTCCAGTTCTGGTACGACCTGGCGCTGTTGCG
CP043493.1_gap67	2128154	2130809	2655	AGCCACAGCAGCAGCAGTGTGGGCAGCACCGTGAGGATGAGCCGGCTGAAGAAGACGAGCGGCACCTCGCGCACCGCGTAGAGGAAGCCCCCGCTCCACGCGCGCAGCACCGCGTATACCGGCACCGCCGCGAAGGACAGCAGCGGCGCCTTGGACGGGTAGTACTTCCCGTCCTTCACCGACAGGTCCCCTACGTAGCCGAAGTCCTTCAGCGCCCGGTTGATGTCCAGCGTGCCGTACTCCACCAGCGCGCGCGTCTGCCACAGCCGGCACAGCTCGTTGGGCGAGCGCAACCCAGGGTGGTAGGGGAACAGCAACACGTACAGCGCCACCAGCACCGCGTAGACCGCGCGCGGCGCTCGCGAGGCCCTCGCCTCTGGCGCTGCTGGGGCCTCCGGAACGCTCACAGCGCGTCGCTGCCGCGTTCCCCCGTGCGGATGCGCACGGCCTCGTCCACTGGCAGGACGAAGATCTTCCCGTCGCCAATCTTCCCTTCGGAGCCGGAGCGGGCCGCGCGCACGATGGCGTCCACCACGCGCGTCACCATGTCGTCGTCCACCACCACCTCCACCTTCACCTTGGGCAGGAAGTCCACCACGTACTCGGCGCCCTTGTAGAGCTCCGTGTGGCCCCTCTGCCGGCCGAACCCCTTCACCTCCACCGCGGTGAGGCCCTGCACACCCACCTCGTGCAGCGCGTCCTTCACTTCATCCAGCTTGAACGGCTTGATGATGGCTTCGATCTTCTTCATTCGACACCTCCCGTGACGCGAGCCACCGCGAAGAGGCTCATGCCTACCGGCAGCTTCACCCGACTCTCGGCCTTCGCCAACAGCGGAGCGAGCCGGTCATAGACTTTGAGCTGCAGCTTCGGCACCGAGCGGCGGCGCATCACCCGGCTGTTCATGAACCAGCCTGGGATGCCCACCAGGTTCATCCACTCCAGCTTCTCTACCTCGAAGCCGTTGCCCTCCAGCACCTGGCGCAGGCTGGCCATCGTGTAGCGCCGGTAGTGCCCCACCGCCTCGTCGATGGTCCCGAAGAGCGGAGGCAGCGCCGGCACCAGCACCACCACTCGCCCGCCTGGCGGGAGGATTTGGCGGAAGCGGCGCACCGCCGAGGCATCGTCTGGGATGTGCTCCAGCACGTTGGACAGCACGATGGTGTCCAGCCGCTCGGCCTTCAGCGCCTCCCAGTCCGCCAGCGCCACGTCCGACAGGTACGGCCGCACGTGCGGCTTGCCCCGGAACTTGTTCTTCAGCCGGTCCACGTAGAAGCGGTCCACCTCGAGCGCGATGAGCAGCTCCAGCCCTGGCTCTATCTTCTCGGTGATGGTGCCGATGCCCGCGCCGATCTCCAGCACCCGCCGGCCCAGGTACTCGCGGAAGCGCTGGCCCAGCCACGCGTTGTAGTTGCTGGCGCCGTCCATGCGCTCCAGCGTGGTGTAGCCCTCGTGCTGGTTGTCCGCGTCGTTCTGCACCGTGGCGTAGCGCATCAGCGTGCGCAGCCGCGCCAGCTGCGAGGCCAGCGGCCGCGAGGCCAGCGGCCGGTGCGGCGCCGTGTCCACTCCCACGGGGACTTCCGCCAGCCGGAAGAGCTGCGCCGCCAGCTTCACCACAATCTCCGCATCCACCGCGTCATCGTCGCTGGTGAGCGACACCGACTTGAGCGCCTCGGTGCGGAAGGCCCGCTGGCCACAGAGCGGATCCCGCAGTGACACGTCCGTGACGAACCGGGTGACGCGCCCCAGGGCCTTGTCCGCCAGCAGCTCCGGAGCCAGCCCCTGAAATTGTCGGCTGCCGAACACTGCATCCGCGGTATCCTCGCGAATGGGACGGCACAGCGCCTCGCAGGCCTCCAGGGTGTAGGCGGTGTCCGCGTCCTGGAGCACCGTAATCTCGCCTGTCACCCGTCCGAGCGCCGCCCGGATGGCCGCTCCCCTCCCGGGTAGGCCAGGGAGCACGTGCACGTTCGGCATGGGGGGCACCTGGATTGGACCCTCCCCGGCGAGGATGACCTCAGCGCCCCGGGGGGCGAGCTCGTGGGCAAAGCGCGAGGCAACCGGAGCGGACGCCGCGGTGTAGGGGATGACGAACGAAAGCGACGGATTCACGTCGCCGTGACTACCACACGGAAGGCGCGGGTGCTCGTGTGCGTTCCCGTGGCGCGGTCGGAGAGCTTCCGGGCAAGTCCAGGAAGATTGACCCCCCCGGCCCCCCCAGTGCAGTGTGCCCCCTTCGCCACCGATTGGTCGCACCTGCGCCCCGGCATGGAGAACGACGTGGAAGAGGAGACCCCGACCGAGGCCCCCGAGGCAGAAGAGCCCACACTGGACGTGATGCAGTACGTTCGCGCGCTCTGGCGCCGCAAGTGGCTCATCCTCGGCGTCACGGCCGTGATGGTGCTGGTGGGTGTGCTCTACACCCTGCGCCAGCCCAAGATTTACGCGGCCAGCACCTCCCTCATCATTGATGTCGCCGCGCCCCGCGTGCTCGACACCGATGTGAAGGAGGTGATGGGCGATGAGCGCGGTAACTACTGGGCCAACAAGGAGTACTACCAGACGCAGAGCGAGGTCATCACCTCGCGCGCCGTCGCCTCGCGCGTGGCGGACCGGTTGGGCCTGCGCAACGACCCGGCCTTCCTCGGCGTGGAG
CP043493.1_gap68	2136298	2139881	3583	CGTGAACGGAACTCCGGGCAGCCCGATGGGCTCGCGTGCCCAGTCATTCGCGCGGGAGCTGGAGGGGGCATTCGACATCTCCCTGCTGTACCGCCAGCCCCGGAAGGTGCGGGCCATTGGGGAGATGGTGGCGGCGCTGCGCTCCTCGCGTCCCGAGGCCGTCTACGTCTTCGACGTGGCGTACTCGGGCGTGGTGGCCTCGGCCCTGCACTCGCTGGGGACGCGCTGTCCCCGGGTCGTGGACACCGGAGATGCCATCTTCGCGCTCGCGCGCTCCGTGGGAGGGCGTGGCGTGGCGGGGTTGATGCTCACCGCGGCGCTCGAGCAGTTCGGTCTGCGCACCGCGAATGCCGTGGTGGTGCGGGGCACCTTCCACCAGAAGCTGCTCGCCAAGCAGGGCCTCTCCAGCACCGTCATCCAGGATGGTGTCCACGTGGATGCCTTCCGGCCTCGTCCTGCCGAGGAGCTGCGTCGGCGTCTGGGGCTCGAGGGCGTGCTGAGCGTGGGCATCCTGGGCTCGTCCATCTGGAGCGAGCGGCTCGGGGTGTGCGTGGGCTGGGAGTTGGTGGAGTTGATTCGCACGATGAAGGGCCGGCCCGTGAAGGGCGTGCTCATCGGGGACGGCACGGGGGTGCCCAGGCTGCGCGAGTGGTGCCGCTCCTACGGCATCGAGGACCAGATGGTGTTCATCGACCGCGTGCCCTACGAGTCCCTGCCCGAGTACCTCGGCCTCCTGGACGTGACGCTCTCCACGCAGAGCAACGATGTGGTTGGCCAGGTGCGCACCACGGGAAAGCTGCCGCTCTACATGGCGGCGGGCCGCTACATCCTCGCCACGGACGTGGGCGAGGCCTCGCTGGTGCTACCCGAGGCGATGCGCGTGCCGTACCAGGGCGTGGTGGACCGCGCGTACCCAGCCCGGCTCGCCGAGCGGGTGGAGGGGCTGCTGGCCCGGCCCGAGCAACTCAAGGCCGCCGAGTCGCTGGTGGGTGTGGCCCGAGAGCGGTTCGACTACCCGGTGCTGGCCGCGCGTGTGCACGAGGTGCTGGAGCGGGTGCTGCGCGCCTAGTCGTGTTGCGCATGCTCCCTCTCCCTCTGGGAGAGGGCGGGGGGTGAGGGTCATCACTCTCCTGTTGCTCACTCCGACTCGCGTCGCAGCGCGCAACTGCCCGCTTCACCGCCTTCTGACTGGAACCTCACAGGGGGTCATGCAGTCCAGGGGAGAAGACCCTCACCCTAGCCCTCTCCCAGAGGGAGAGGGGACATCCCTCGCGAGCCGCGGCGGGCTCAGCGTCCCGTGAGTCGGCGGTAGGTGTCGAGGATGAGGCGGGCGTGGTTCGTCCACGAGTAGCCGCGCCCGCGTGTCACGCGCTGGCTCCGGGCCGTGTCGGGCTCCGTCGACTCCAGGACGCGGTGCACCGCCTCCGTCCAGGCGCCGATGTCTCCCACCGGGGCGTAGCTCACGCAGTCCCCACCTACCTCGCGCAGCACGGGCAGGTCGCTCGCCACCACGGGCGTCCCGCAGGCCAGGGCCTCGATGACGGGCAGGCCGAAGCCCTCGGACTCGCTCGTGACGAGCACCACACGGGCCTTCCGGTACAGCCCCGCCAGCGTCGCCCTGTCGAGCTTCGGCGGTTGCAGCAGCACGTCGCCCAAGCTGAGCCGCGTTACCTGGGCCCGCTGTGTCTCGTTGAGCGCTGCGCCCTGTTGCACCAGCCGCAGCTCTGGGTGCTGGCGGCGTAGCGCCGCGAATACCTCGAAGAGCACGTCCACGCGCTTGCGGGGAATCCCACTGCCCACGTGCAACACGTAGGGTCGGCCCCCGAGCGGACGTAGCACCTCGTCGCTCGTGTCTCCCGGCAGTGGCTCGGGCCCGTATTCCGCCGAGACGCCCAGGGGCGCGTGCACCAGCCGCTCCGGGGGGACCAGGCCGTGGAGCAGCAACTCCTCGCGCACCGCTTGGGTGGAGTGGAACACCACCGCCGCCCGCTGGAGCCCCTTCAGCGCGGCCCACGCCATGGCTCGGAACCATGCCGGCCGCGGCTCCTTCTGGGGCTCCACGAGGCTGCGGAAGGCATCGATGTCGTGGCAGTACACGCCCGTGCGCTCGGGCGGGAGTGCGTGCACCAGCTGCGCGTACGTGTGGTCCACCACGTGGTACGCGTCTTGTCCCCGGTTGCGGAGGGCCGCTCGGGCCGGGTAGGTGAGGAAGCGCGTGAGCACTCGGTCCACGTTGAGCGCAGCCCGGCGCTCGCGCAGCACGGGCAGCTTGCGCGCCAGGGGCACCATCTTCGGGCGCACCGACGTCACCCACACCTTGTCCGCGAGCGGGCCATGGAACTGCTGGTGCAGCGCCTCGGCCGCCAGGTCCATGCTCGGCCACCCCTCCTCGAGTGGGTCCATCAGCAACGCCAGGCGCAGCGGGCTCTCGTCGCGGCTCATGTGTCCTCCACCACGCGCGCACTCGTGCGGTCCAGCAGCACGTTCAGCGTGTGCGCGAGCGAGAAGTTCTCCGTGTAGAAATCAGCGGCGCGCTGTCCGAGGGCAGGCCACGTCTCTGGCGCGGACAGCAGGTCCTCGGCGGCCTTCCGGACCGCGGCGCTCGTGGGCTCGGGAGCGAGCGCGAGCGCACCGGAGCCGTGCCATGGGGGCTCCGTGGCAGGGCCGGTGTTGGACACCAGCGGCACGCCGAGCGCCAGTCCTGCCATGGCGCTGCTTCGGCGTGTGCTGAGCCCGTCGGGGAAGGGCTGGAGGAGCACGTCGCACGCCTTCAGGGTGGCGGAGAGCTCGTCTCCAGGGAGCCCACCCAATGCGCGCACGCGTCCGGCGAGCTCTGAGTGGCGGGCGATGAGCTGCTCGGCGAAGCGTGGGCCTCCCCGGCCTGCCAGGACGGCCACACGGCGCGAGTCCTGGCGCAGCAGCGGGGGCAGCACCTCCTCCAGCATGCCCGCGATGAGGTCGCCGTACGTCCCCAGGTGGCCGATCAGCACCGTCTCCGGGGCCGTGCGCAGCGAGCCACGGATGGACGCCACCGCGCTCGCGGGCGGCTGCGTGGGCAGGTTGCTTGGCACGGGCAGCCACTCGATGGGAACCCGGCGCGGCGGCGCGTGGAGGAGCCTGTTCCACCACAGGGTGGAGACGAAGACGCGCTCCGCCCTCGCCAGGACGATTGCCGCCATCGCTCGCGTGACGGCACCCAGCACGTTGTGGCGCCACGGCAGCTTCCAGCCCCAGGGGAAGCAGACCTCGTGGAAGAACATCCACACCTCGTCCCGCCTGCGCCGCGCGAGCCACAGCGCGAAGGGGACGTTCATCGCCCGGTAGCCGAAGGCGTGAGGCACGTACTGCACCACCAGCCGCTTCGGGCCAGGCAGCCGCTCCAGCTCCCGCTCCAGCCGTCCCAGGCCTCGCACTCCGAAGCCTTCGGGGAGCCGGTGCACGGTGACGCCCTTGGGAGACAGCGTGTCCTGCGGCTCGCCCGGAGCCCAGACGTGGACGGCGCAGCCCTCACGCGCGAGCCCCTCGGCCACCTGCCACGTGTAGTCGCTGACTCCGCCGGGCTGCGGGGGGAACTCGCCGGTGA
CP043493.1_gap69	2144086	2148953	4867	CCGCAGCAGAAAAGGGGTGAGGAAGAGGCCCACCACCAGGGTCAGCACCTGGTTGGCGAGTCCGAAGCTGAAGCCGCTCAGGAATCGGCTGGAGCGAGTCACCGTCGCACCATCGACCATCCCACCTCGCTGGGCAAGTGCCCATTCTCTGCTGGTCGAGGGGCGAGCAGGCGGATGCAATCTCGCGTCGCCAGCAGCGGTGTTTCGTTTAGGATGCGCCGCCATGTCAGAGCCCACCGGATCGAACATGGGTGTCCGGGGCCGGGTCTCGGTGGTGATTCCCACCAAGGATCGTCTGCCGCTGCTCACCGAAGCGCTGGAGTCGCTCCAGCGGCAGGGTTACGCGGACTGGGAAGCGATCGTCGTGGACGACGGCTCCCGGGATGGCACGTTGGCGCGCCTGCGGGAGTGGGAGGCCGCCGACCCGCGCATCCGCTGCGTGGTGCGAGAGGGCGAACCCACGGGCGGAAACCGCTGCCGCAACCTCGGCTTCGCCGCCTCCACGGGCGAGTACCTCGTCTTCCTCGACGATGACGATGCCTTCTCCCCCAACTGCCTGCAGGAGCGCGTGCGGCGGATGGAGGCCCGTCCCGAGCTGGACTTCGGCGTCTTCCCCCACCAGCACTTCCTCGAGCGGCCCGGGGACATGCAGCGCGTGTGGCCGGCCGAGCCGGATCGCGACGACATCGAGCGCTACCTGCGCGTGGACATTCCGTGGCAGACGGCCGGGGCCATCTGGCGGAGGACGGCCCTGGTGGCGCTGGGCCCGTGGGATGAGGCGCTGCCGTGCTGGCAGGACTGGGACTTCTATATGCGCGCGCTCGCCCGAGGGACGCGCTACCAGTGCTTCCCCGACGGGCCCTGCTTCTTCCACCGGGTGCAGACGTCCGCGCGGGTCGCCGTCTCCGTGAAGAAGCGGGGGCCGGCGCAGCTGCGCGGGGTGGAGCGGGCCGTGGCCTCCGGGCAGCGCTACCTCGAGGAGAATGGTGGCCTCACCTCGCGTCGGCGGCTGCTGCTGGCTCGGCTTCACCTCAGCGTGGGCGAGCAGTTGCGCGAGCAGGGACTCCGGGAGGAGTCCTTCGCGGTGTGGCGTCGGTGCCGGGAGCGGAGGCTCGTCTCCGAGGCGCAGTACCGCGAGGGACAGCTGTTCCTCACGGTGTGGCGGACCCGGCTCGCTCGGGGTGCCTTGCGGCGCTACCTCGCGCTGCGCTGGCGGGAGTGAGCCGGGGCCGAGCGCTCAGCCGCGGGTGATGACGGCGTAAGCGCCGCCCGACACCCGGCGCATGTCCACGCGCATGGAGGCCTCCTTCGTCCAGCGCTGGAGGACCTCCTCCTCGCCGGGCCGCTCCGCGTCGTCCAGCAGGATGACCGCGTTCGGGGCCAGCCGCTCGCCGAGCACGGGCCACAGGCCGTAGCGTCCGCCGGGCGTCGTCCCGGGAGGACCGTCGCAGATGACGAGCTGGAAGGCCCTGGGCATGCTCTCCACCGGGGGCGTGTACCAGGCGTAGCCGTCGCGGTCCCGGATGGGGGCCAGACAGTTGTGCACGTTGGGGATGCCCGTGCGCTCCAGGGCGCCAGAGACGCGCGCGTGCCACTCGGGCATGTGCTCCAGCGTCCACGTCTCCACGCCGCGCCGGCCCGCCAGCAACCCCAGCAGCAGGGTGGACACGCCCGAGCCGCACTCGAGGATGGGGCCGGGGGTGTTCACGGCGCGGTTCATCAGCTCCTGCAGGTACTCGGGGCGCGCGGCATAGCCCAGGTTGCCCCAGCCGGCCCGCAGCTCCTCCAGCATCTGGCGCGTGGGCAGCTGTCCGGGCGGCAGCGCGGCAATGCGCTCCACCGCGCGACGCAGCTGCCAGTCACGGACCACGCCCCGGAGGGTGTCATTCAGCCCCGAGGGCAGCAGGCGGGCGAGCGGACGCAGCCGGGTGATGAGTGCTTCCATTTTCGTTTCCCTTCTCTCAAGTCATGGAACGACGGATTCGAACCACGTGCGCAGCCGGGCCAGCGGGTCCGCCGCCACGCGTGTTTCGACGGAGGCCCGAGCTCGCGCTCCCATACCAGGAAGCTCCGCGCGGTGACGAAGTGCCTTCTCCAGCGCCTCGGCGAGTGCCTGCTCCTGGGCAGCGGGGACGAGCCAGCCTGTTTGACCGGGTTCGACCCAGGCGGCGGCTCCACACTGGTCCGTCACGATAACGGGTAACCCGCTGGCCATCGCCTCCCCTACCACCAACCCGAAGCCATCCTCCAGCGAGGGGAGCACGAAGAGCTCGGAGTTCGCATAGGCCGGGCGTGGATCTCCCGGCACCGCCTCCACCGCGAGCCCCTGGCTCTCTCGCTGGAAGAGCTGGCGGGACACGCGGTCTCCCGTGGCGCCGATGATTCGAAGCTGGACGCGCTCGGGGCCCACTCGGCGGATGGCGCGCAGCAGGTAGTGGAAGCCCTTGCGCACGTCGAGCGAGCCGACGAAGCACACGCGCAGTGGCCCTTCGGCGGGAGGCCGCGTGGCCGGTGGGCGGAAGCGCTCCAGGTCGATGAGCTGATCAATGACGGCAATCTTCCCCACAGGCACGCCGCCGCTGACCATGGAGTCGCGAGACCACGGGGACGAGACGCGGATGGCACTGGCGAGCGTGTACTCGCGCTCGATGCGGCGGACGGACGCGGGCGTGGGGTGTCCCAGGTGGAGGCGGTGCGCCTGGCGCCACGTCTCTCGGACGTAGACGCCTCGGAAGCCGGCGATGTGCCCGTTGGGGTTATCGACCACGGACGGCACGCCCGCGCGTCGGGCCCACTCGAGGGACTCGAGCCCCACCTGGGTGAAGGTGTACAGCCGCGAGGGCCGCAGCTGCTCCAGGCAAGACGCGGCCCACTGCCCGAGGTGCGTGTCCTGCTTGAGCTGGAGGGCTCCTGTGAGCCACCGGTAGGGCGTCCAGCGCTGCACGGAGGCGAGCAGGAGCCGCGGAGGGGTGTGCCATACAACGCCAGGGAGCGAGGCCAGGCGAGCGTCGGCGGGAGGTGGCCCAAGCACGTGGAGCGGAGTCCCTGCGTGGGAGAGCGCACGCAGCACGGTGGCCGCGAACCCTCCCAGCCCTCCCGCACCTGCCGGAGCCCCCGTCACCAGGGCCATGCTCGAGGATCGTTCCCTTTGCATGGGGACCCCCTTACCGAATTCCCATTCCATGGGGTAGCAAATGACAGCGAGCCTTGAATTCCCCTTGAATTCCCAGCCTTTGAGTACCAGCCAGCAAGGAATCGCTAGTCGTTGGGACCCTCTGCGTGCAGGCAACACAAATGTGGCTTTATGCGACATTGACGCTCCGCGCCATCCCCGCCACCATGCGCGGCCCTGATTAAGGGTGGAGACGCCAAGATGATTACTTATCTGGTCGCCTTTCTCGTCGCGCTGATGGTGGCGATGGTGTTGACGTTGGTGGTGCGCAACCGGGCGCTGGCGTGGGGGCTGTTGGACCAGGCCAACTCGAGCCGCAAGATTCACGTGCAGCCGATTCCCCGTCTGGGCGGCATTGGCATGGTGGGCGGGTTCTTCGCGCCGCTGTGCGCGCTCTTCCTGGTGGACTCCGGGGTGGGCAACCACTTCCAGGCGCAGACGGCGCTGGTGTGGGGTCTGTTCGGAGGGGGACTGGGCGTGGCGGCGCTGGGCCTCTACGACGACCTGCGCGGCGCGGGCGCGAAGCTGAAGTTCGCCGTGCAGCTGGTGCTGGCGCTTGGCCTGTACGCGCTCGGCTTCCGCGTGGACCATATCGCCAACCCCTTCGGGCCGGAGATTCCGCTGGGCGTGCTCGGCCTGCCGTTCACTGTGATGTGGGTGGTGGGCGTCATCAACGCGCTCAACCTCATCGACGGGCTGGACGGCCTGGCGGGCGGGGTGGCCTTCTTCGGGGTGGGCACCAACTTCATCCTCGCGCTCAGCAACGGCGACGTGGTGCTGTGCCTGATGATGGCGGCGCTGGCGGGCGCCATCCTGGGCTTCCTCGTCTTCAACTTCAACCCGGCCTCCATCTTCATGGGGGACACGGGCAGCATGTTCCTGGGCTTCGTGCTGGCGGCCGTCTCCATCAAGACGAGCGCCAAGAGCGGGACCGCGGTGGCCATGCTGGTGCCGGTGATGGCGCTGGGCCTGCCCATCATGGACACGCTGCTGGCGATGGTTCGGCGCACGCTCGTGGGCCGGCCCATGTTCAGCGCGGACAAGGAGCACATCCACCACCGGCTGATGAGCCGGCTGGTGCTCAGCCACCGCTCGGCGGTGCTGGTGATGTACGGGCTGTGCGCGCTCTTCACCCTGACGGCGCTCGGCCTGCACTGGGCCAACCGCGCGCAGAGCGCCATGCTGCTGGTGGGCATGGGGGTGGTGGTGACGGTGCTGATGCGCAAGCTGGGCTACCTGGACCTGCGGCGCGCCAGCGGCGTGAGCGAGGTGCGGCGCAAGAACATCCGGCTGCGCTCGCTGGTGAAGGAAGTGACCGACTCGGTGCGCTCGGCCACCGGGGTGAAGGACCTCTGGTCTGCGGTGCGTCCGCTGGCGGATGCGCTCGAGGCCTCGCGCCTGGAGCTGCGCCTCGAGCGTCAGCAGGGCCATCACCGGGACGGCCTCACCTTCGAGACGCAGCGGCCCGCCGGCTCGGCGCTGCCGTTGGAGGTGTTCCTGGACGTGAAGGGCGGGGACCAGAAGCTCGGCCGCTTCTCGATGGCCTGGAGTGACGGGCGCTCGGAGATCAACCGCGACGAGGAGCTGGCGCTGGAGCTGGTGGCGGACGCGTTGGGAGACCGGGCCGCGAAGCTGCTGGCCCAGGCCGAGGCGGATCCGCAGCGCGTCGTCTCGCTGCGGCGGTGAGCGGCGTGG
CP043493.1_gap70	2150164	2150888	724	GAGCTTCCCCTCTCTCTTCCAGACCCGACGGGATTCGTTCGGACGGGGGATGGTCCGCGCCACCCAAGGACACGACTTCCTTTGTGTTGTCCGGGTCGAGCAGATTCCTAGGGATGGCGCAGGTTCTTTCCTCGCTCCCTGGCGAGCCAACCATCGGGGAGATGTGACTGATGAAGAACGCCTTGTCTTCCGGCGAGTAGAAATAGCCTGCGCAATAGCCCAGATGAGGCGCTCCCTCGCCGGGGGTTGTCGGACGCTGGGCCGTCAGTCCCCCACAAGCGGTCTTGACCAGTTGAGCGAAGGTGTCGTGTGGGCCTGCTAACTCCCCTTCATAGCGGATGGCTCCATCGGGTAACCGCCTCGCCTGGACTCCGAGGTTCGCGCCGGTACAGCCCCAGGCCGCGGTCATGGCGAGAGAAGCAAGCAGGGCACGTTTCATCGCGTCGTCGTCCTTTCTTTCTTGATGCGCTTGGAGGTGACTCGTCACTCCCGTGCGAGAATCCTGCCCTTGCCATCAATGGCATAGGTCGCGCCCGCGTCGGGAACGATGAGACCAGGGCCGCATTTCCGAAGGTCAGGGGTGAACTCGACGAAGAACAAATCGTCACTGACCTGGAGCACTCGGGTGTTGATGTATTCCCATCGGGCCAGGCAACGATCCGGCAGCTCCAAGGTGTCTGGATTGATGCCAGGAGGGCGGTACTCGTCCATGGCCACCTTCAAC
CP043493.1_gap71	2152061	2156540	4479	GACGAAGGAGAAGGATGTGCAGGGTAGGGAGGCTCCAGTCTGGCATCGGCCCATGTCAGGAGCCCTGACATGTTCGGAGCAACGCCCTCGTGGTGCACGGAACATGGCGTACGTATACATCACGACAACTGCAGAAGTCACGTTGCAGAGGGGGACATCTGAGGTTGTATCGTGTGTTGTCCTGGCGATGTGTCTCGCGACACTGCTTGTGTCATCGCTCCGGGACGCTACGCTGTGCCGCCTTCGTCAAGGAGACTCACGCGTGAGCAAATCCTCTGTCGAGCCCTCGGTGTCGAACGATTACCCTCCTGCGCCTTGGGCCTTGCGCGGGCAGATGTACCTCTCCCTCTGGATGGTGCCCGCCGAGCGCGTCCGGTTTGAGCTGGACCCCGCCTTCGAGCTGTTCACCCTGGCAGGCCGCGCGTGCGTCATCACGTGCTTCGTGGACTACCAGCAGGGGAGCGTGCTGACCTACGGCGAGCTCTTCGGCGGCATCAGCGTGAAGACGCGGGGCTCGGGTCACCTCGGCATGACGGTCACCCATATGTGGGTGGACAGTGAACGCTCCCTGCGCGGAGGGCGTGCGCTGTGGGGCATGCCCAAGGTGATGGCGCGCTTCGCGCTCGACCACCAGCCTCAGAGCGGAGGCGCCTTCGCGGGGGCGAGCTGGGACACCCAGGGCCGGGAGCTGGCGCGGGTGCACTTCGAGCCCCTCGCCGCCCTGCCGCCGAGCGTCCGCATCCCCATGGGCCTGCCGAACCTGCAGATGCTCAACGGACGGGTGCACGCGCCGAAGGACGCGAAGATTCATTTCTCGCCCCGGTTGCTCCAGGGCGCGGAGTGGTCCATCCCCACGGACAGCCCCCTGGCTTCACTTGGCATCGTGGGGGCACGCCCCTGGGTGAGTGCCCAGGTGCGCGACTTCGAGTGGACCCTGCCCGCGGCGACGCCCGTGGAGTGAGCGCCGCGTCAGGCCTCCGTGACGGCCGCGGGAGCAGGGGTCTCGGGCCGTCGCATCGGCTGGGCCTTGCCGTACGTCAGCGAGCGCCACACCCACTCAGCCGGACCGAAGCGGAAGCGCGCCAGCCACCAGTGGCTGAAGGCCACCTGCACGCAGAAGATGGCCAGGGTGAGCCCGATGGTCGCCGCGGGTCCCAGCTTCCCCATGAGCCCCAGCCCGAAGCCGTAGTACACGAAGAGGCTGATCACGGTCTCACAGAGGTAGTTCGTCAGCGCCATGCGGCCCACGGGGGCGAGCACCATCAACCATCGCTGCCACGTCTCGCGCTGGAAGAGGAGCACGAGGCCTGAGACGTAGATGGCAGCGACGCCCACCTCGTTGAGCTGCCGCACCGGCGACATGAGGACGAGCCACTGCGCCTGCGGGTCGATCATCTTCTGGCGCATCATGTACTGCAGCACGAGCCCGACGACGCTGCCGATCGCGCCGAAGACGAAGCTCCACTTGAGGAGCTTGCGGAAGAAGCCCAGGTGCTGGGGCGCGTCGTGGAAGAGGCGCCGCCGTCCGGCGAGGAACCCGAGCAGGAACCGGCCGAGCACGGCGAACAGCACGGGCACCATGCCCTGGACGAAGTGGCCGAAGTAGTAGCGGGCATTGGCGCGCACGACCTCGAAGTAGGTGCCGTGGGTGAAGGCCTCCAGCGTCTGGGCCCGGGCCTGGTTGGAGCGCTCCATGGCCGCCTTGGCTGCTTCGGCCGCGCCCTCCGTGCCGCCGCCGTTCAGAATCATCGGCACGACCTTCATGAGGACGTTCGTCACGAGCGGCATGGCGAAGATGAGGACAGTGGCCCAGATGAGCAGCGTCTTGTCGGCGCGCTTGCGGAACAGCAGCAGCGCGAAGCCCAGCACCGCGTACGTGGTGAGGATGTCACCGAGCCAGAGCCCGAACAGGTGCGCGGCGCCGATGAGGAACATCACGCACAGCCGCCGCATGTAGAGCGGGGCGATGGCAGCGCCGCGCGCCTCGGCGCGGATCATCTGCACGGAGAAGCCCAGGCCGAAGAGGAACGAGAAGAGGGTGATGAACTTGCCGGACACCAGCGTTCCGGAGACATACGTGGCGGCGGTGTCCCACCACGAGGCCGAGGCCATGGCGGCCTCTATCTGCGCGCGCTGCAAGTAGGCCCGGCCGGAGAACCACCCGTAGACGTTGGAGACGAAGACTCCGCACAGCGCGAAGCCGCGCAGGACGTCGAGCAGGGCGAGTCGCTCGCTGGCGTCTATTGGGCGGGCTTCGGACGGCAGGTCAGCAAGCGGAGTGGGCGGTTGGCTCATGCCTCAGGAGTATGCCGGCCCGCCCCGGGTCCTTGCGAGCAGGCCCCCCCTGGGTCCCGTCCCTCCCAAGAAGCGCTAGCCCACTCCGCCCTGTCCAGCTCCGGACAGGGCGGTGCCCAGCTCCGGACAACTCCGTCGGCTAGGCCGCCATGCTCCAGGTGTCGCTGGCTTTCATTGCACCCTGTGCGTGGAAATCGTTAAAGGTGCGGCGCCATGGCCATCAGCCTCATCGACACCTTCCGCGTCCTTGCCTCGTTTGACCCGCCGCGTGGCTCGCTGCGCGGGGCTCCCTGGGAGGCCTACGTGGACTGGGCCATCGCGCAGGGTCTGGCGCCGCTGGCCTCCTACAACCTCGAGTACCGCCTGGCCGGCGGAGCCGACGCGCCGGAGTGGGCGCGGGACAGGCTGCTGAGCATCTACTCGGGCTCGGTCAACGACAACGTGATGAAGCTCGTCAACTTCAAGCGCTGCGTGGACGAGCTCGAGGGCCGACAGCTGCTCATCATGGGTGGTGCGGCCTTTGCCGACACGCTGTATCCGCATGTGGGCTTCCGTCCCGTGCTGGAGATTTCCATGTTGCTGCGGCGCATGGACGTGGACGCCTTTGCCGGTTACCTCGCCCAGCACCAGTTCCGCCCGGAGCCTGACGAGCCGGCCCATGGCGCGGTGAAGGTGGTGTCCGATGGACGCACCCCCATCTTCCTCTACGCGGACGTGCTCGGCGCCGAGCGACGCACGGAGGTGCAGGGCATCTTCGAGCGCGCGAAGCCCATGAGGATGTACGGCCCGTCCATCTTCCGCCCGGACCTGGAGGATGCGGTGCTGCTCGTGTGCCTGGAGCAGGCGCGCGAGGGCTACCAGATGCCCTGGTTGTCCTACCTGGACCTGCGCGAGCTGATGACGGGCGCGACGTCGATGGGGAGCGTCTATTCGCGCCCCGTGAATGTGGCGATTCTGCTGGAGCGGGCGAAGGCGTGGCGGCTGGAGCGCGCCCTCTACACGTCGCTGTCCATTCTGGCGCGGCTCTTCCCCTCAATGGCTGAGAGTTTGAAACCCGCCCTCCCTCCGCTGCGCCGCGCCACGCGCGAGCTGCTCGAGCGGCTGGTCGTTGTTCCGGCGAGCGAGCCCGGGAAAATGAGCCATGTCCGGGGCTCGGAGCGCCTGCGCCGGCTGCTGACCGGGCAGTGAGTCAAGGCCTGGGTGGCTATTGCCCTCTTCCCCTCGATGCCGTTCCCGGCGTATGAGCGATCCCCGCCTCTGGCTACTGGAACGATCATGCATATCGCCATCATTGGAACGGGCTACGTAGGGCTTGTCGCGGGCACCTGCTTCGCTGACTCTGGAAATGACGTGACCTGCGTGGACATCGACGCGCGGAAGATCGCGATGCTCCAGCAGGGCGAGGTCCCCATTTACGAGCCGGGACTGGAGGAACTCATCCGCAAGAACGCGCGGGAGCGCCGCCTGTCGTTCACCACGGACCTGGCGTCGGCAGTGGCGCGCTCGCAGGTGGTGTTCATCGCCGTGGGCACGCCCGAGGGCGAGAGCGGCGAGGCCGACCTTCAGTACGTGCTGGCCGCGGCGGAGCAGATTGGCCGGGCCATGCGTCAGTACACGGTGGTGGTGGACAAGAGCACCGTGCCGGTGGGCACCGCGGACAAGGTGCGCGAGACCATCTCCCGGGTGACCGAGGTGGAGTTCGACGTCGTCTCCAACCCCGAGTTCCTCAAGGAGGGCGCCGCGCTGGACGACTTCCTCAAGCCGGACCGGGTGGTGATTGGCGCGGAGTCGGAGCGGGCGCGCAAGGTCATGGGCCAGCTCTACGCGCCGTTCGTGCGCACGGAGAACCCCATCCTGTACATGGACACGCGCTCGGCCGAGCTGACGAAGTACGCGGCCAACGCGATGCTCGCCACGCGCATCTCGTTCATGAACGACATCGCCGCGCTCTGCGAGAAGGTGGGCGCGGATGTGGACTTCGTGCGCAAGGGCATGGGTGCGGACAAGCGCATTGGCTACCCGTTCCTCTTCCCTGGCGTGGGCTACGGCGGCTCGTGCTTCCCCAAGGACGTGAAGGCGCTGGTGGCCAAGGGCCGTGAGCAGGGGCTGGAGCTGGACCTGCTGCGCGCGGTGGAGCGCACCAACGAGCGGCAGAAGAAGCTGCTGGTGCAGAAGGCCATCAAG
CP043493.1_gap72	2308454	2311522	3068	AGACGGCGTACACCTCAGGGGGCGGATCGAAGCAGACGAGCTCGTCGTTGCGGCCGGCGCAGATGCCCGCTGGGGTGCGCGCGCACTTCACCTTGCCGAACTGCGTGGCGCACTGGTAGCCGCAGGCCACCTGGCCGTCGATGGCCTTGCACTCGGGTGTGGGCAGCGCGTCGCCGTAGATGCGCACGATGTAGGCGGGCGGGTCGAAGCAGATGGCCTGGCCGTCGATGACCTGGCAGGAGCCCTGGGGCGTCTGCGCACACCGCACACGCTGTCCGTCCGACTTGCATTGGTAGCCGCAGGCCACCTGGCCGTCGATGGCGCGGCAGGTGGGACCTTTTGGATCCGAGGGCGCGGCGGACAGCAGCGCGAGGGTCATCACGGAAACGAGAGACGCGAGCACGATGGGACCTCGGCGGGGAGCGTGTCCCCGAATTGACGCCCAGAGTCGACGCGCGCGCAAGCTTTGGACGTGGTAGGTGCCCGCTCGTGGATGTGACCTCGCTCGAACTCGTCCTGTTGTGTGTCGCGGCCCTGACGGCAGGTGTGGTGGATGCCATTGCAGGAGGAGGAGGGCTCGTCACGCTGCCCGCCTTGCTGGCGACCGGCATGCCGCCGCACGTGGTGCTGGGCACCAACAAGGGCCAATCCGTGTTCGGCGCGTTCGCGGCGCTGGTGCGCTTCTGGCGGGCGGGACTGCTGAACGGGAAGCTCGCGACCATCACCTTCCCGCTGGGGTTGGTGGGGTCGTTCATCGGCGCGGCGCTGGTGCTGCTGATGCGGCCCGAGGTCCTCAAGCCGGTGGTGCTCGTGCTGCTGGTCATCGTGGCCGCGTTCCTGGCGTTCCGCCGGGGGCCACCGCCGGGAGAGCGACCGGAGCCACCGTTGAAGCGCATGCTCGCGCTAGGCGCGGTCATCGCACTGCTCATCGGCACCTATGACGGCTTCTTCGGGCCGGGGACGGGGACGTTCCTCATCATCGCCTTCTCGGGGCTGTTGGGGCACGGGCTGACGCGGGCCTCGGCGGACGCGAAGGTGGTGAACTTCGCGACCAACGTGGCGGCGGTGTCGCTCTTCGCCTACCGCGGCGTGGTGCTGTGGCACGTGGCGCTGCCCATGGCGGCGGCCCAGTTCACCGGAGCGTGGATTGGCGCGCACCTGGCTGTGCGTGGCGGCGACAAGCTGGTGCGCAAGGTGGTGCTGTTGGTGGTGGTGGCGCTCGTCCTCAAGCTGGGTCGCGACGTGTTCGCCGGGTGAGGGGTGGCGTGGCCCCTCGTCCCGTGCCGTCGCGTCCGCTCAGCCGATGAACACGAGCAGCCCGAGGCCGCGCTTCGCCACGACGGCCGTGAACTTCTTCAGCTCCTCGAAGTAGGAGAAGAGCTCCTCCTCCGGGTCCAGGTCGGGCGGCGGCTCCTCCCAGAAGCCTGGGTAGATGTCCTCTTCCTGGAGCCGCGCCGGCTCATAGCGCTTGCGCAGCGTGCTCTCGGACAGGGCGTCGAGCGCCTTGGCGAGCTCCTTCACCTGCGCGGCGGTGAAGACGCGCGCGGTGCCCTCGTCCGAGGGGATGTCGCCCACGTCCTCGCCCCCGCGCACCAGGAAGTCCAGCGGCGCCTTGCCCTCCCAGGCCGTGCCGGTCAGCAGGTACTGCAGACCGTGCCACGTCTCGCCGATGTCGAGGTCCAGGAAGCGCGCGCCATCCGCGTCCCCGAAGTCCTCCTCGTCATCGATGAAGTCCTCGAGCCTGTCGGGGTGCTCGAGCAGCTTCTGGCGCTGGTTCTCCGTCAGGCTGCGCAGTGTGCAGAGCATCTCCATGGAGTCCTCACAGCACCACGTGCTCGCGGTGCTCGCCGAAGACGTCGCGCATGGCGTCCGAGATTTCGCCCAGCGTCGCGGAGGCCTTCACCGCGTCGAGGATGAGCGGGATGAGGTTCTCGTCCGGGTTGGCCGCCGCCTTGCGCAGCGCGTTCACCGTGCGCTGGGCCGTGGCGTTGTCGCGCTCGGCGCGCAGCTTCTTCATGCGCTCGAGCTGCGTGCGCTCCACCGTCTCGTCCACGCGCAGCAGCCCCGAGGGCGGCGGCTCCTTCACCTGGAACTGGTTCACACCCACCACGACGGTGCGCTTCTGCTCCACGTCGCGCTGGGCCTCGTAGGCCGCGTCTTGGATTTCGCCCTGCGGGTAGCCCTTGGCGATGGCCTCCACCATGCCGCCCATCTCGTCGATGCGGCGGATGTAGTCCTCGGCCTTGGCCTCCAGCTCGTCCGTGAGCCGCTCCACCACGAACGAGCCGCCCATGGGGTCGATGACGTCGGCCACGCCCGACTCATAGGCGATGACCTGCTGGGTGCGCAGGGCCAGGCGGGCGGACTCCTCGGAGGGCAGCGCGAGCGCCTCGTCCCGGCTGTTGGTGTGCAGCGACTGGGTGCCGCCCATCACCGCCGCGAGCGCCTGCAGAGCCACGCGCACCACGTTGTTGTCCACCTGCTGCGCGGTGAGCGTGCTGCCCGCCGTCTGCGAGTGGAAGCGCAGCATCATCGAGCGCGGATCCTTCGCCTTGAAGCGCTCCTTCATGATGCGCGCCCACAGCCGGCGCGCCGCGCGGAACTTGGCGATCTCCTCGAGGAAGTTGTTGTGGACGTTGAAGAAGAAGGAGAGCCGGCCGGCGAACTCATCCACCTCCAGCCCCGCCTTGAGCGCCGCGTCCACATAGGCGATGCCGTCCGCGAGCGTGAAGGCGATCTCCTGCGCCGCGGTGCTGCCGGCCTCGCGGATGTGGTAGCCGCTGATGGAGATGGGGTTCCACTTGGGCACCCGCTTCGCGCAGAAGGCGAAGAGGTTGGTGATGAGGCGCAGCGAGGGCCCCGGCGGGTAGATGTACGTCCCGCGCGCCATGTACTCCTTGAGGATGTCGTTCTGGACGGTGCCGGAGAGCTGCTCGAGCGCCACGCCATTCTTCTCACCCACCGCCGCGTACAGGCACAGGAGGATGGGGGCGGTGGCGTTGATGGTCATCGACGTGGACACCTGGTCCAGGGGAATCCCCTTGAGCAGCACCTCCATGTCCTGCAAC
CP043493.1_gap73	2324926	2325469	543	CCGCAGCCAGCACCAGGACGACGACGAGCACGGCGAACACCGTCATGACCAGGCCTCCTCTCCCAAATCCCGTTGTGGACCACCACCATCCGCTGGAGGGCGTGGCGCCTCGCGTGGCCCGGCGAGCACCGCGGGGATGTCCACACCGAGCGTGGAGGAGACCTCCCGGAGCAGCTCCGCCACCGCTGCGGGATAGGCGCGCAGGTAGCTCGCCAGGGTGGAGCCGTCCCCCGAATCCAGCAGGGACACCGTGTCCACCCGCACCCGGGAGGCCGCGCCCGCCACGGTCCCGAGCAGCTCCTCCAGATGCTGGAGGACGAACATCTCCATCGCATGGCCCCCGGTGTCCCGCCAGGCCTCCGACACGAGCGCCAGGGACTCGGCGGTGGCGCGCCCATTCTCCGCCACGGGCGCGGCGGCCCCGGCCGCCTCCAGCTCCCGGGCGCGCCGCCGGGCCTCCGCCGGGACGATGACGTCCGCCCTCAGCCGCAGCTCCTCCAGCTCGGCACGCACCTCCTGCAGCGCCTTCTCCGCCTCCGCGCG
CP043493.1_gap74	2342007	2346975	4968	AACGTGTGGGAGCTGAAGGTGACGGGCGTGGGCGGGCACTCGGGTATGCCGCAGAACTGCGTCAACGCGCTGGAGCTGGCCATGGCCGTGTCGCTGGAGCTGGGCAACTTCTTCCGCGCCGTCTACCCCGCCACCGCGGACGAGAAGAAGTGGGGCTTCCTCTCCTCGTCCAGCCTCAAGGCCACGGTGATTGAGGCCTCCAACACGAAGGAGACGAAGATTCCCTCGGACGTCACCGTGCGCGGCGACATCCGCGTGACGCCCTTCTACGACATCAAGGAGGTGATGCGGGCGCTGGAGAACTTCGTGCGCGAGCTGGAGGCGCGTATCCAGCGCGACGAGGTCCCTCCCGGCTTCCCGCGCACGCGCACCGAGTCGGGCAAGACGTGCTCGCTGGCGTTCCGCTTCATGGGCGGTGGCACGGAGGGCATCGCCTGCCGGCTGGACTCGCCAGGGCTCCAGGCGCTGAAGGAGGCGATTCAGCAGGTGCGCGGCGTGGCGCCCACTCCGTTCTCCCTCACCGGCTCGCTGCCGCTCGTGCGCGACCTGCAGCGCCAGGGCTGCGACGTGCAAATCACCGGCTTCGGGGAGATGGCGTACTACCACGCGCCCAACGAGCAGGCCCGGTTGGAGGATTTCCGTCAGGGCTTCTCCATCCTCCGCGAGCTGCTGGTGCGGCTGTGATTCGATGGGCATGTACACGGCTGTGTACATCCTGGACATGGCCCAGGCGCTGTCATAAGTAAACAGCCGTATACATGCCCGGCCCCACCGAGCCCAAGAAAGCGACGCGCCAGCGTGATGCTGAGCGCACGCGCACCGCGATCCTCGACGCCGCGCAGACCCTGTTCTCGACGCGGGGCTTCGTCAACACCGGCGTGCGGGAGGTCGCGGAGCTCGCCGGGGTGAATTCCGCGCTTGTCGGCCGCTACTTCGGTTCGAAGGAGGGGCTGTTCCGGGCGACGATGGAGCGGGTGATCGACATCTCCCCCATGCTGCGCGGAGATCGGCGCCGCTTCGGAGTGGACATGGTGGCGGCCCTCATCGACAACGAGGACGCATCAGGCCCGCTGGCCATGATGATCCTCTCGGCCGCCGATCCCGCGGCGCACGCGGTGAGCGTCGAGTTTCTCCAGACGAAGGTGATCGCGCCGTTGGCCAGGTGGCTAGGACCACCGGACGACAAGGGGCGTGCGGCGCGGCTCAACATCCTTTGGACCGGCTTCCTCACCAGTTGGAAGCTGTTGCCCATCCAGCCGCTCGGCGAGGCGCACCTCGCCACTACCCGCCGCTGGCTGGAAGCCGCGACCCAGGCGATCGTCGACGAAGGCTCGGCCTGAGATCCACCGGCGCAACAGCGCGAGGCGCTGACACGGGTAAAGGAGCAGAGACATGAAGCCAGCCGCGAACCCATTTCACCCAGACCTGCAACGCGCCGCACGCCTCATTCCGAACATCACGGCGACCCGGCCGCTGCTCGCAGTGATGCGGTTCTTGATGCGGTTCCAGTCGACCCCTCGTGCCCCCGAGGACGTGGCCGTGGAGGATGTGCAGGTGCCCGGGTCCGCGGGGGCGCCGCTGGTGCGCGTGCGGACCTATCGGCCCCGGAGGACGGTCCAGGGACCGACGCCGGCGCTCCTGTGGATTCACGGGGGCGGATACATCATGGGCCGGCCGGAGCAGGACGATGTTCTGTGCGTCGAGTTCGCGCGTGAGCTGGGCATCTTCGTCGCCTCCGTTGACTACCGGCTGGCACCCGAGCACCCCTTCCCAGCACCGCTGGAGGACTGCTACGCGGCGCTGCGGTGGCTCTTCGCTCAGGCGGGGGCGCTCAGCGTCCTCCCCGAGCGCATCGCCATCGGTGGGGCGAGCGCCGGCGGCGGGCTCACGGCGGCGCTGGCTCAGCTGGCGCATGATCGCAAGGAGGTCCGGCCCACCTTCCAGCTGCTCGTCTACCCGATGTTGGACGACCGCACGACGACGCGCACGGACATCGACGGCACGAGCCACCGCGCCTGGAACCAGGGCAGCAACGTGTTCGGCTGGAGGGCCTACCTGGGACGCGAGCCCGGGGGCGCGGAGGTGCCGGCGCATGCCGTGCCTTCGCGGCGCGAGGACCTCTCGGGATTGCCTCCGGCCTGGTTGGGCGTGGGCACCTGCGACCTCTTCCATGACGAGGATCTCGCGTACGCCAGGCGTCTGGAGGCCGCTGGCGTGCCGTGCGACGTCGCCGTGGTGCCCGGCGCCTTCCACGGCTTCGACGTCATCACCCGCGGCGCCGGGGTTGCTCGCGACTTCCGTGGGCTCTACACGGCCGCTCTCCGCCGAGCCCTGTTCCCGGCGCCTGGCGTTGCGTGAGGACGACTACTTCCAACCCACACAGTAGCGCTCGGGCTTCATATCGAGCGGCTCGCCGACCTGCTCCGGCGCTGGATAGCGCTTCCGGAAGGTGAAGGCGTGCGGCGTGGGGCCGTTTTCGCGCAGATGCCGCAGACGCTCCATCGCCTCTTCCGCCGTCGGAGCATGGCCGGCCGGAATCCACCACAGCACCTGATGTGCCTCCGCCGGATGCTCGAACCACTCGCGCCGGCGCGCCATCACCTTCGTGTGCGGCGTGCGGTAGACGTACTCGAATAGCTGCTCGACCGACTCCCAAACCGACATGTTGACGATGAGGTTGGGATCGTCGCTCACCTTGATGTCGGTCGCATTGCCCTCGTCGCTCTTGAGGCGCCAGACGAAGCCGGGAGAGGCCTCGGCGAGCGCGTTGATGTGGTCGAGCGCCGCCACGAAATCCGCCAGCTGCGGGCTGTCGAGCGGTGCGACGGCGCGAGCGACATTGAGTTGAGCGATGTGCCAGGTCTTCATGTGACCCCCCTAGAATCGAAGAGCCCTCTATCCTGCACCTGCTCGGTGGCCAGGGACAACGTCTTGGAATGTTGCAACGGCCTCGAACAGCACATCGCCACGGAGCTGGACCTCTCCGTGGCGTGCACTGTCATCAGGAGCCCTGCTCAGAGTCTTGGGTCATGAGAAGACGTCGGAGACCAGTCGGCCCTGCTTCTCCATCTCCGCGAGCCACGCCGTGGCCTCCTCCTTGGAGCAGCCCACGCGCTCCTGGTGGATCCTCGCGAGCGTCTCCCGGACCGCGGGTGCCATGTACTGGCCATCTCCGCAGATGAAGAACAGCGCCCCGTGGTCGAGCAGCGCCTTCACCTGCTCACGCTCCTTCCACAGTCGGTGCTGCACGAAGGTCACGTCACCGTCGGGGTGGCGGAAGAATGCGGGCAGCACCTTCACCACCCCCTCCTGCTCCCACTTCGTCAGCTCGTCCCGGTAGAGGAAGTCCACGTCCGGGTGGTCGCACCCGAAGAAGAGCAACGCCGGCCCGGCCGCCTCTCCTCGCGCGTGCCGCAGGGCGCGCTCCTGGATGAAGCCCCGGAAGGGCGCCAGTCCCGTGCCCGCGCCCACCAGGATGATGGGCGTTGCGTTCGAGGCGGGCGGGTGGAAGGGCACGTTTGGCGTGCGCACCGCGACCGCTGCCTGATCCCCGGGGCGCAGCCGCGCGAGGTAGCTCGAGCACGTGCCGTGGAAACGGCCCCGGCCGGACCAGGCCTCCGCGTCCACCACCGCCACCGTCAACGTGCACCGCGTGGGGTCCGCCAGCGGAGTCGACGACACCGAGTACTGTCGCACGCGCATGGCGGGCAGCAGCTCGAGGAAATCTCCGAAGGACAGGATGCACGAGTCGTACTGCTCCAGCAGGTCCAGCACGCTCACGCGCTTGTCCAGAATCTCCTTCTTGTACCGCTCGGCGTCCTGGGCCAGGGCGGCCAGGTGCATGGCGTGCGGCGGGCACGGGTTCTTCTCCGCCAGCCGCTCCAGGTCCTTGCGCGTGGCGGGGGCCGACAGCTCCACATGCCGGCCCAGCAGCTCCTGCACCGACAGGGGCCTGCCCGTGGGGAGCGAGGAGGCCTGGTCGCCTCGAGTCGAGCGCAGGACGACGGCGGCATCCGTGCGCACCCCGAACCGGCGCGCGGCCCGCTCCACCAGCTCCGGGTGGTTCTCCGGCAGCACGGCGAGGTAATCGCCCGCCGCGTACGTCACGCCCTCCGGCAGCTTGAACACGAGGTGCCGCTTGGAGCGCCCGAACGGCGACGTCATGTCGACGAGCTCGCGGTTCTCCACCAGCGTCGCCAGCTCGAGCTTGTTCTGCCTCACCAGCTCCACGCTCGCTGACGGCACCACCTCCACCGTGAAGAGCGGACCCGAGGCCACCTCGCGCGAGGCCACGCCGAGCGCCGTGCCCACGTCCTCCCAGAAGGGCGCGTACCAGTGCTCGAAGTCCCCGAAGAAGTCGGCCCGTGCATCACCCTCGCCGCGCGCGATGAGCCTCTGGGCCCCCGCGGCGCTCAGCCGCTCGTCGATGTACCGGGGGACCGCCTGGTAGGTCTCGCCCCAATCCTTATTGCCGCAGCCGAACACGGCGTAGCGCACGCCCTTCAGCGAGCCCTCAGGCAGGTTGGACACCCACGCGTGGAACGCACGCGCGTTGTCTGGCGGCTTGCCGTTGTAGGAGGCCGTCACGATGAGGACCGAGCCCTCCGTGGGCAGCTTTCCGGCGTACTCGTCCAGCGGCGCCACCTTGGCCGCGTAGCCACGCGCGAGCCCATCACTCGCGATGCGCCGGGCGAACGCCTCCGAGGCGCCCGAGTTGGAGCCGTAGAGCAACAACAGGGGCGTGCCATGCGCGGCTGCCTTCCCCGACGGCTGGGACGCAGGCGGCACCGTGGGGCGGGGCGCCGGCCGGGCCACAACCGGACGGGAGGCGGGCTTGCGCTCGCGGACGCGGAGCTTGAAGCCATCGGGCTTGAGCGTGAGCGTCTCGCGGATGCGGAGCTTGTACGGCTCGGGCTCGGAGAGATGGAAGCGCTGCAGCATCATGCCGAGCACGAGCGTGGCCTCCTG
CP043493.1_gap75	2354173	2359021	4848	CGCGCGTCGTGACGCTGGTGCGTCGCTTCGGGGAAATCGTGCGCGAGCGGGGCGTCACGCGAGGTGCCGAGCCCATCAACACCACCGTCCGAGCCGCGCTGACCACGCCCTGGAGCAATGGCAAGGTAGGGCTCAGTGGGCCTCCACGCCCGTGGCTGCCCGGCCGCTTCATCACCGCTATACGCCAAGCGCGTCCGCCCCCCCTTTGGCCGAGAGACGGGCGGGCGCAAGAAGAGCGGGTATGCTTCGAAGTCCCTGTCGTCACAAATGTTCGGTTCTGTCTCTGTCCAGGCATGAGAGACGATAAGGACATTCTGAGGCGTTCACCGCATGACCTCGATCCGGAGCCCGCGGAGACTTCCCATCCCCTGTGTCAGGGCCCTGTGCATTGGGTTCCATCCAGGTACAACATCCGGGCGCATTCACAGGACGGCCGGCTCGTGCTGTGGAACACGCTGCACGGCTCGCTGAGTGTCTTCAAGGCAGAGCAGGCCCACCGTGTCCTCGAACTGCTCCGGTGGGAGGGTACCCAGGCGCCCTTGGAGGATTTACTCAAGTACCTCGTCGAGCGTGGCTTCCTGGTCAGAAAGGAGGCTGATGAGTTCCGCCAGTTCCAACTGCTTCATGGCTCTCAACAATATCGTCCGGATGTCCTGCAGCTCATCCTGTTGTCATCGGAGGACTGTAATTTCCGGTGTAAGTACTGTTATGAGCGTTTCGCGCGCGGCACGATGCGCCCCCAGGTACGCCAGGGAGTCAAGCAACTCGTTGAAAAGCGTCTGCCCGCCTTGCGCCACCTTCACGTCAGCTGGTTCGGCGGTGAACCGCTTTATGGCTGGAAGGCCATCGAGGAGCTGGGCCCCGCCTTGATCGAAGCCTCGGAGAGACATGGGGTCCCCTTCTCCTGCGACATGACCACCAATGGATATCTCCTGACCCCCGAGGTCGCTGACCAGCTTCTTGCCTGGAAGATCAATCATTTCCAGATCACACTCGATGGTCCTCCAGAGCACCACGACTGCAGCCGTCCCACGCGGGATGGCGCCGGCACCTTTTCGACCATCCTGGAGAACCTCGAGAGCCTGTCACGGTGTCAGGATGACTTCAAGGTCTCGCTACGCGTCAACTTCGACCAGGTCAATCACCACCACATGAGCGGGTTTTTCGACCTGCTTCGGCAGAAACTCGGAGCAGATCCACGATTCCAGCTCGCCTTCCATGCTGTCGGCCGCTGGGGCGGTGCCAATGATTCCGAGTTGGAGGTGTGTGGCAAAGGGGGCGCGGACATCGCGGCCCAACTCAGGACCGCTGCCCACGAACGAGGCCTCAGCATCGAGACGCTCTCGGGAAAACTCTCTCCTGGCTCCCAGGTATGCTATGCGGCCCGGCCCTACAACTTCATCATCGGTGCGAGCGGCAAGGTGATGAAATGCACGGTGGCCCTGGACGCGGATGAACGAAACATTGTCGGGCGCCTGACTCCCGAGGGGGAGCTGGTGCTGGATGCCGACAAGATGGGGCTCTGGACCGAGCCCGCCTTCGAGGCCGATTCACACTGCCGCAAATGCGTCCTTCTGCCCAACTGCCAGGGAATGTCCTGCCCGCTCGTCCGGATGCGGACGGGGGAATCGCCATGTGTCCCGGAGCGCCGTCACGCCAAACGCCAGATGCTGGAGCTCGTGCGTACCTGGGAAGACCACGGCAGGCATCGGAGCATCCCTCTCTCGAAACGGTGAGCGGGTTGGCTCTGAAAAAAGACTTCGAGCTCTCGCAGGGCTCGATGACACGGAGGTCCATCATGACAGACAACGCAAAGAAAGAGCAGGACATCATCAAGAAGGAACAGCCAAAGAGCCTCGAGGTCGTTGAGCTCGACGACGCGGTGCTTGAGCTCATTTCCGGCGGAGGCGGAGGCTGCAACTCCGGGGGTACTAACTGCGGATGCTCGATGAATTGACTCAGTTCATTCCAACCAGCAACCCGGGGGCGACAACCCTGGATTGCTAAGATACACGAGGTAAGTCCTGTCAGGGGTGGTTAGAACTCGTTTCAAAAATGGACCAGAGAGGGCAGGTAACCTGCCCTGCCTATTCAGGGACCATCTCGTAAGTGGCGCTCCAACTCGCGGTAGAGGATGAGGCAGCAGCCGAGACGGAGGAGCGAGAGGTGCATCTGCGCACTTCGCTCCTCTCGCACCCGCAGGCGTTTCATCGTGTGAACCCACCCCAAGGAACGCTCCACCACCCAGCGGTGGCGCCCCAGTCGCTCCTTCGATTCGATGCCCCTGCGTGCGATGCGCGGGATGATGTGGCGCTTGCGCAGGCTGCGCCGGACATCGGCGTAGTCGTACCCCTTGTCGCCATGTCCTTTGGCTGGGCGCCTCCTTGGCCTGCCGCGCGGCCCTTTGATGGGGAGAATGGCGTCGAGCAGTGGCAGGGCCTTGCGCTTGTCGTGCACGTTGGCCGCCGAGAGCAAGATCGCCAGTGGCAGTCCCTTGCGGTCTACGACCAGGTGGTGCTTGCTGCCCGCCTTCCCTCTATCCGTTGGATTCGGGCCCGTTTGTTCCCCCCTTTTTCGGCCCGCACGCTGCTGGAGTCGAACGCGGCCCGGCTCCAGTCAATGAGCCCTTGTTGGCCCAGCTCGTTGAGCAACTGCCGTTGCAACTTCTCGAACACCCCCGCCCGACCCCACTGGCGTAGCCTTCGCCAGCACGTTGCCCCACTGCACCCGAACACCTCGGCTGGTAGGTCGCGCCAGGCGATACCCGTCTTGAGCACGAAGATGATGCCCCGCAGGCACGCCCGGTCATCTCGAGGCGGGCGACCTCTACCTCTGCGGTGTCGATGTCGTGGCAGGAGCGGAACTACCCGTTCCCACAACTCGTCCGGAACCAACTCGCGCTTCATGCCGCGCGAAGATACTCACCGCAGAAGTAGTAGGCATCCCCCTTACTTCCTAGGTTCATTTCTGAAACAAGCCGAGCAGGCAGGTCATGTTACCTTCCTGCCCTGGTCCATTTTTAAAACGAGTTCTTAGTGGCCCCCTCGGAGGAAACGCATCCCCTGACGGAACTTACCCAGGAGGTATAGAGGAGATGAAGCGGTCAGGCAGCCACGGGGGCGTGGAGGTCCACCGAGCCCTACCTTGCGGCGGCGCGGACATGACCGCCGAAGTGGGGGGGAGTGGGGGATATGGAGTACATCGGCCTCGACGTGCACAAGCGGGACAGCCAGGTGTGCATCCTAGGCGAGGGTGGCGCGGTGCCTGGAGGAGCTGGGCCACGAGGTGGTGGTGGCCGACCCCAACTTCACGCCCATGTACGCCACGCGCAGCCGTCGGGTGAAGACAGACAAGAAGGATGCGCGCGGCCCCTTCGTGTCCGCGGTGGATGAGCCCGAGCGTTTCAGCGGGTCGCACCAGATGGATGCGTCCCTGGGGCTGGTGCCGGGAGAGAATAGCTCGGGAGAGAAGCAACACAGAGGCCCCATTACCAAGACAGGAAACAGCCGGGTGCGCTGGCTGCTGATATCTGCTCGAGGCTCAACACCACGCGTGCTGGGGTGGCCCCTGCGCTGCAGCCAGCGGCAGCAGGCCGCGTGGGCAGTGACAGGTGCTCCACAATCGCGCGCACTGCGCTGGGTTTCGTCAGGTACGCCAACACCCGGCGCCTGCCTCCACACCAGGCACAGGTGAAGACATCCAATGCGAACGTCCCGCGCAGCAACTTCGCCTGGTCCACTCGCGGCATCCGCTCCTTCTTCGGCTCTTCCTGCCCGCTGCCTCAGGTGCCACGCTCGCCCCCTCCTCTCCTGCTTGGGACCCGTCAGCGGCCCTCACCTCCCGCTCTGCTCCGCCCGCTACCCCCAACAGGGCTCCTGTTCTTTCTATACGTTATTGGTCATGCCGAATGAACTTTTAAGATTCGCTTTATCGGGTTCCGAAAGATGCGCCTCTGAAATTGATTGGCATATGTTCTTGCAGATTTTGTTTTGTCTTTTTGGAAACTATCCAAGCTCCTGTGGTGGAAAGCGTTTCGATTGATTTGTTTTTGAATCGGGCATCTAACTTCAAGCCTCCCTGAGTGATCAAGTCATGCACGCACTTGTCCTCATCCGGGTCGGCCATCAATATGCGGTGTTTGATAGATTCAAACATGCGTATGAAATCATCATGTCTGAGCCTGTTCATGTACATATACCTGTTTCCTGCATATTTGTTCCATTCGGACTCCGAGTATTGGAGAAAGTTTATGGGGGATATTGTCTTGTCTGAATGCGAAAAGTGGTCGCTGTAGTCTATCTTGTGGATAAATAGTCCATTGGCGACGGTTATTCGGTTTCCCTCTTTTAGGATTTGCACCAGCACTTCTTTGGGTATGTGCTCAAGAACGGTGTGTGACGTATGAAAATCTATGCTCTCATCTGACAAACCGGTATTCGCCGCATCGCCGGGTGCTATATATTCAATGTTGAGAAAATCAAGAAAGGCTTCCATTGAAAATGGAGCGCTGCGGTAAAAGTCTCTCAGTTCGGAGAATCGGTGTTGATCCAATAGTGCTCCAAATAAGCTCTGGATCTCATTTTCATTTTCTTCCATGTATTGCAGGCTCTCTTTTACAAGTTCGCCTTTTAAATACGGATTTATATCCACGGTAATGATCCGTTTCGCCCCCATCAACCAATAGGCCATAGGCACGATAGGTGCTCTTCCTGTACCAACCTCAAAGAAGACTTTCCCTTGCGGTTGGTAATTCAGCCTTTTGATTCTTTTGCAGATCTCGATTCCCGCGGATAGTCGCTTGACTGGGTTTATTTTCTTTAGCCCGCCAAAGTGTCTTTGAGCCCAGTA
CP043493.1_gap76	2537843	2542257	4414	GGGCGGGACAGCCGCTTCGCCTCGCATGTCATTTCCCTGGGCGGGGCGCTCGCGCGCAACGAGGTGCACGCGCTCTTCTCCGCCGAGGGCGGCGAGGCCACGCTGAACGGACTGTACGTGGGCCACGGCACGCAGCACCTGGACAACTGGACGAACCTGGACCACGCGCACCCGCGCTGCAGCAGCCGCGAGCTGTACAAGGGCGTGTTGGACGACAAGGCGCGTGGCACCTTCCACGGCAAGGTGCTGGTGCGTCCGGACGCGCAGCAGACGGATGCGCGCCAGGCCAACCGCAACCTCCTCCTCTCGGAGGCGGCGATGGCGGATGCCCGGCCGCAGCTGGAGATCCTCGCGGACGACGTGAAGTGCGCGCACGGCGCGACAGTGGGCCGTCTGGACGAGCAGGCGCTCTTCTACCTCCGTTCCCGAGGCATTCCCCGGGCGCAGGCGGAGTCGTTGCTGACGCACGCCTTCGCGACCGAGGTGGTGGGCGCGGTCCCGCTGGCGACGCTGCGCGACCAGGTGGAGGAGTTGCTGGCACGCAAGCTCCCGGGTGCGAAGGAGGGACGGGCATGAGCGGATCATCTTTCGACGTGGCGCGCATCCGCGCGGACTTCCCCATCCTCCACCAGGAGGTGCGGGGCCGGCCGCTGGTGTACCTGGACAGCGCGGCGACGACGCAGAAGCCCCAGGCGGTCATCGACGCCCTGGTGCGCTACTACACGCACGACAACGCCAACGTGCACCGGGGCGTTCACGCGCTCTCCGAGCGGGCCACGCAGGCCTATGAAGGTGCTCGTGAGCGGGTGCGCCGGTTCATCAACGCGCGCGAGACGAAGGAGATCATCTTCGTGCGCGGCTGCACCGAGGCCGTCAACCTGGTGGCGCAGACGTACGGGCGCAGCAAGGTAGGCCCGGGTGACGAGGTGCTCATCACCGCCATGGAGCACCACTCGGACATCGTCCCCTGGCAGATGCTCTGCCAGCAGGTGGGCGCCACGCTGAAGGTGGTGCCGGTGGACGAGCGGGGTGACCTGCGAATGGAGCAGCTCGACGCGTTGCTGACGGAGCGCACGCGCATCCTCGCGGTGACGCACGTGTCCAACGCGCTGGGCACGGTCAATCCGGTGCGGGAGATCGTGAAGCGAGCCCACGCTCGAGGCGTGCCGGTGCTGGTGGATGGCGCGCAGGCGCTGGCGCACTTCCGGGTGGATGTGCAGGAGCTGGACTGCGACTTCTACGCGCTCTCCGGACACAAGATGTTCGGGCCCACGGGCATCGGCGTGCTGTATGGCAAGGCCTCGGTGCTGGAGTCGATGCCGCCCTGGCAGGGCGGTGGGGACATGATCCTCACCGTCACCATGGAGAAGACGGTCTACAACCGGTTGCCGTACCGCTTGGAGGCGGGCACGCCGGACATCTCGGGCGCGGTGGGGTTGGCGGCGGCGATGGATTACATCGACGCGGTGGGGCTGGATGCCATCTCGGCGCATGACCGCGAGCTGCTGGAGTACGGCTCGCGTGCGCTGGAGAGCGTGCCGGGCTTGAGGTTGTTAGGCCGGGGACGCGAGCGCTCCGGAGTGCTGTCCTTCATCATGGAGGATGTGCACGCGCATGACGTGGGTACCATCCTGGATCGCGAGGGCGTGGCTATTCGGGCCGGGCACCACTGCGCGCAGCCGCTGCTGTCGTGCTTCGGGGTGGCGGCCACCGTGCGTGCGTCGCTGGCCATGTACAACACGCGCGAGGACATCGACGCGTTGGTTCGCGGGCTGCACAAGGTGCGGGAGGTGTTCGCATGAGCTCGGAGTTGCAGGACCTCTACCAAGAGGTGGTGCTGGAGCATGGGAAGCGCCCGCGCAACTTCCGCGAGGTGGAGGGCGCCAACCGGAAGGCGGATGGCTACAACCCGCTCTGTGGCGACCAGCTCACGGTGACGCTGCGGATGGAGGGTGACGTCATCAAGGACGTGGGCTTCGTGGGGCAGGGGTGCGCCATCTCCCGGGCCTCGGCGTCGCTGATGACGGGCGCGGTGAAGGAGCTGTCCCGGGCGGACGCCGAGCGGCTCTTCGAGCTGGTCCACAAGCTGGTGACGGAGGGCCCCGACGGTGTGGACATGGAGGCGCTGGGGAAGCTGGCGGTGCTGTCCGGGGTGAATGCGTTCCCGTCCCGAGTGAAGTGCGCGAGTCTGGCGTGGCATGCGCTGCGCGCGGCGCTCGAGGGCCAGGCTTCCTCGGTCTCGACGGAGTAGGGAGGAGGTTCGGATGAGAGGCTTGCTGACACCGCTCGCGCGCGACTGTGAAGTGACGATGATTCCCAGCGGCGAGCGGGTGATGGTGCCCGCGGGCACCGAGGTGCGTGTGCTCCAGACGCTCGGCGGCAACGTGACTGTCCAGGGTGACTACGGGCAGCTCATGCGCATCGACGAGAAGGACGCGGAGGTGCTGGGCGCTGACTACCTCGCGCAGAATCCCAAGTCCGAGGCGTCCCAGGCGCAGGCGGCCGAGGGCACGTTCGACGAGGAGCGCGTCTGGGAGCAGCTGCGCACGGTGTATGACCCGGAGATTCCGGTGAACATCGTGGAGCTGGGGCTTGTGTACCAGTGCAAGCCCACGCCGCTGCCCGAGGGCGGTTACCGGGTGGAAATCCAGATGACGGTGACGGCTCCGGGGTGCGGCATGGGCCCTGTGCTCGTGGATGACGTGCGGCGCAAGGTGCAGGACCTGCCCGGGGTGAAGGAGGCGGATGTTCAGCTCGTGTGGGATCCGCCCTGGGACCAGAGCCGCATGTCGGATGTTGCGCGATTGCAACTCGGTTGGATGTAGCCTCCTGCTTCTCAGGAGGCATATGCGCAAGCCAATCTGGAGCGGTTTCGTTCTCTGTGCCCTGCTCGGATGTGCGGGGCCGAAGTCCTCGACCGGGGGCGGTGACACCCCCCCCACCCCTTCCGTGGAGAGTCCCGCGGAAACGCCTGTGCAAACTCCGGCGGAAACGCCGGCGGAGGCTCCCCCAGGTGAGCAGCAGCCCCCGGCCGCCACGGACTCCACTCCCAGTGCCGTGCGGGTGACCGCTTCTCCGTCGCCCAAGGACGACGTCGCCATCAAGAGCGTCGAGGTCCAGGGCGACACGCTGGTGGCCAGGGTGATGCACTCGGGCGGCTGCGGTCAGCACACGTACGAGCTTCTCTGGGCGGGCAGCTTCCAGAAGTCGGCGGCGGGTGGAGCGCAGGCGGAGCTCGTCCTGGCCCACGACGCGCACGGGGATATGTGCGAGGCCCTGCTGAATCGGACCGCGAGCTTCGACCTCGCTCCGTTGAAGCAGCGCTGGCGCGAGCAGAACAAGAGCGAGCACGGCACCGTCGAGCTGCGCTTCACCGGCTCTCAGGCCACTGCACGCTACACGTTCTGACTGTGCCCCCCACGGTGGCGGCTTTCCGAGAGGCTCCTCGAATTTTCGAGGGGCTCGGATGTGTGGTGCCGAACGTCGTGGGGTGTTCCTCCGAGGGATATCCCGGAGAACGCAGGGTGGTCTCGGACTTGCTCAGGCCTGCTCCCTGATTCGGTTCAACAGGAGGGAGCATGCTGCGTCTGGTTTCATCCGTGGTCGTTCTGATGTGTCTGGCTGGGTGTGGCCCCCGGTCGCCTGACATCATCTGGGGGAACGATGAGCAGGTCATTCGCTTGACGATAGGGGAGGCGCCCAGGGGGCCGAAGGATCCCGTCGACATCACGGGCCTCTCCCTCTCGGGGGACCTGCTGCTCCTGGAGGTCTCCTACGGAGGAGGTTGTGCGGAGCACGACTTCGGGCTCTCGTGGGAGGGCGCCTTCGCTGAATCCAACCCCACTCAAGCGTGGCTCGTCCTCTTCCATGATGCGCATGACGATGGCTGTCGAGCGCTCATCACCGAGACGTTGCGTTTCGACCTGACGTCCCTGAATGAGCGCTGGAAGGAGATGTACCGGCGGGAGCACGGGAGCACGGTCCTGCACGTTTCTGGCGCGCAGGACAGCGTGGTTTACGAGTTCTAGGGCACATACCCTCACCCCAGCCCTCTCCCAGAGGGAGAGGGGGCGGCCCTCGGGAGGACTACGGCTTCTTTTCTAGCACCAGGTCCCTCGACTGGATGAGGTCCACCTCTCCCGCGAAGTGCGCGAAGTCCTCGTACTTCTTCACCGGGATGCGGCCTCGCTCCACCCGCAGCGTCTCCTCGATGGTGAGCGTGCGCCCCTCTTGCTTTTCCGTGCGCAGCAGCCGCCCGAACGGGCTCTCTACCTTCAGCTGCGGCTGGGGATCCGTTAGCCGGTAGCCCTGCGGCATCGTCAGCGTCACCACCGTCTGGCTCGCATCCGTGTCGTCGAGGTACAGCGGCGTGCTGCGCGTGCTGAGCTGCACGTACTGCCGCCCCAGCATCGCC
CP043493.1_gap77	2570507	2575093	4586	CCACCCTCCCGGGTGAGCACGAGCGAGGGCGTGTGCAGGAACCACGTGCCGACGGTGCAGTTCTCGTAGAGGAAGATCTCGTCCGCCTTCATGTTGTTCGCGGCCTCGACCACCTGGGGCGTCCACTTCGCATCGGCCGCCGCGCAGTTCGCCGCGTCGCAGCTCGCGAGCATGATGTTGTAGTCGAGCGAGTAGACGGCGCGGGGGTGTCCCTGCGCATCGAGCGCGAGATCCACTCCGTCGGTGATCTCCGCGTTCTCGCTCACGAGCTGCCGGGTCCAGTTCTGATCCCCGGTCTTGCACTGCTGATCACAGGACATGTAGAGGAGCTGCTTCTTCGAGCCCGCGCCCGCGGCGAGGACCAGGAGCCGAGGCGCTCCGCTCGAGGTGAGATCGAGGGAGATCGACGGCTTGAGCGTCACGGCCTCGTTCTCGTCCGCGTAGGCCTCCACGAGCGCGACGCCCTCCCAGGCGTCATCCTGGGTGCAGTCGCCGTGGCACTCGACGTAGGTGCCGTAGTCCCTGAAGCCCACGCTCGCGTCGGGGAGGCGCACGATGGTGCCCAGACGGGGCTGGCCCTCCGCGTTGAAGCGGAGCCGGGTCCGATGCCAGATTTGCTCGGCGATGGGGTACGCCTTCCACGCGCTCGGGTCATGGCAGTTCGTGTCGCAGGTGACGTACTCGGTCCGCGGCTCGCCCTGGCCGATGCCGGCATATGTGATGTGGGTGTGGAGCAGGAAGCGCGGCCGGCCCTGGGGATCGAGCGCGAACGCCGGCCCGGTCACTTCCTTCTTTCCACTGTGCTCGATGATCGGCGTCACCTTCCAGCCGCTCTGGTCGGTGCAATTGCTGTCACACGAGGCGTAGTACACCTTGGCGTACGCGGACATCAGCACGCGAGGTTTGCCCTGCGCGTTGAGCGTGAGCGCCACGTTGGCGACCGTTCCCTCGGTTTCAAAGCGCACGACCGAAATGTCCGACGCGCGCTGGCAGCCGTTCGCGCAATAGGCGTAGTACGCGCCGCCTCCCGCATACGTGGGGTAGACTGTGTGCACTCCCCCCGCGCCATCCACCGCGAGCGAGGGGGCCGCGGTGTTGTCGCCTGTCTTGGTGGGCAGGAAGAAGTGCGTGGCATCGGAGCTTCCTCCGCCTCCACCTCCTCCGTCCTTGCCACCTCCGCCTCCGCCGGAGCAGGAGCATGCGCTGATCAAGGAGGCCGCGAGAAGAACACCCCAGGAACGTGCAACGGCAAATCGCATTGGATTCCCCCGAAGAAGAGCTAGACAGCGACTTCTGCGGAGGGGCCTAGCACTCCCCCGGGCTGATAGGCCAGCGCCGCGTCATCTTTCACCCGCCCTGGTGGAGCGAGTGTCGCGTCATCTTCTTGGAAGGTGGGCATTCGAGAGAGCTCGCGCGGGAAGAGATGCACGTCCCGAGGTGTTGAGGGCTGGATGAGCCAGGCCCGGAATGGTCGTGCGGAGTGGTTCGAGTTGTCGGAGGAGGGATGGAGGCGCTCCAATCGCGCCCGGCCACTCGGTCAGCTCGTTCGTGAAGCGCTGCAGAACGCCTTCGATCAGAATGCGAGCCGGGTGAAGGTGCGCCTGGCCGAGGACGAGGTCCGCATCGAGGACGATGCGCCCGCGGGACTGGCGCGTGACGAGTTCGCCTTCACCGTCTTCCTCGGGGAGAAGGACACGCCTCCCACGTGGCGGGGACGCAAGGGCCGTGGCTTGAAAGAGATGATCGCCGCGAGCGACCACGCCGAGGTGGAGACGGTGGGGCGCACGCTCGTCTTTGATCACACCGGGCGCCACGTGAAGCCCAACACGCGGTTGGTGGGCACGTGCCTACGGCTCTTCCGCCGCACGAGTGCCAGCGAGCGCGAGGATGCTGCCGAGTTGCTGCGCCTCACCATCCCTCCGCCCGGGGTCGAGCTGATCATCAATGGTCGCACGGTGCGGACGCCTCGGGTGAAGGAGTCGCTGGAGGACTGCGTGCTGGAGACGGTGGAGCTGCACCGGGGGGTGGAGCGGTATGTCGAGCGCGCCACTCGGGTGGACCTCTACCACCCGCGCCCTGGTGAGACGCCTCATCTCTTCGAGCTGGGCTTGCCGGTGGAGCCGCACCACCTGCCGTGGCACGTCGACGTGCAGCAGCGCATTCCGCTGGCGGCCGAGCGCGATGCCGCGAGAGATGCCTACAAGCGCACGCTGGCGGCCATCCTCCTCGAGTCGCTGGCGCCCGAGCTGAACCGCCAGGAGCTGTCAGGTGCGTGGGTGACGGAGGTTCTCTCGCACTTCACGCTGAGCGAGGACGCGCTCGAGGCCTACGTGGCGAAGGTGCTGCCACCGCGCGCGGTGCTGTCGGTGGATGCGCGGACGGATGACCGGGCGCGCCAGCTTGGGGCGAAGGTGGTGGATCTGCGGGGCATGCCGCTCACGGCGCTGGAGCAGCTCGAGACGATCGTGGAGTCCGCGGACGCATACGTGGAACGGATGGAGGGCCCACCGCGTGACGTCCTGGTGAACCCCGGGCCCCGCGCCGAGCGCTTCGTGGGAATGGTGCGTTGCCTCTCGCGAGAGCTGATCGGGCGGGAAGTGCGCGTGGAGTTCTTCGAGCGCAAGGTGCGTGACCCGAGCGCTCATGTGGACGCGGAGTACGACCGCGAGCGCCGTGTGCTGCGCGTGAACATGCGCGGGCAGGTGCGGCTGGATGATCCGCTGGCGCCGCAGACGCTCGGCATTGTCCTGCATGAGCTGGCGCACGAGGCGGGCGACGAGCACGACTTCGCCTTCATCGACAAGCTGGAGAGCTTCGCCGGCAGGGCGCTGCGCTGTCTGGTGGATCGGCCCGACCTCCTCACACCCTATGCGAGCCCGAAGAAGCGGGTGGGGTAGTGCTCCCTCTCCCTCCGGGAGAGGGACGGGGTGAGGGTATCGAGTGAAACTGGGTTGAATCCCCTGTCCACACTATGGGCCACGGGTTGAAAAGAACGGGTTCGGTTACCCTCACCCCCACCCTCTCCCGAGGGGAGAGGGAGTAGTGGGGCACCCGCTCTCTACGGAGTCTGGACGGTGCAGCGGCCCTCGGCTCCACGCGTGAGGTCCTCCGCCACCGTGCGCAGTAGGCCCCGTGTCAGTGCCGAGCGCTTCTCCTCCGCCGTCTCCCCCTGCGTGAGCCATTGCGCCACCTTTCCCAGGCTCGCCGCCGTTACTACCTGCAGCCGCACTCCCACCTCCACCACAAGGGCCGCCGTCTCCTCCGGTTCCTCGTCGAGCGTCCACGCCACCCGCTCTAGCTCCAGCGTCTCCGGCCCCGATGCCAGCGGCCTTCCGTCCAACATCCAGCCGCCCGCCTTTGCTGAGTACGCCAGCACCTGCGTCAGCTTGGTCGCGTCCACGCGCGAGGAGAACCACAGCGGCCGGTGGCGCAGCAGCGTCAGCTCCACCTCCAGCCTCCCCGCGAGCCCAAGCCGGATCAGCCGCTCCAGCTCGGGAGCTACCAGCGCGAGTGCCTCGGGCCGCACCACCACACGCCGCCCCACCCGCGTCGCCGAGCACGTCACCCGCGGTGCTTCTTCCGCCCTGGCTCGGGGCGCGAAGAGGCCCATCGCGGCCACCAGGGCCACGCCGAGCCTCCTCCTCGTGCTCTTTCCGAGCCCTCTCATGGTGTCTCAGAAGGGCCGGACGAAGAACAGCCGCGCTTCGGGGCTGAGGGACGCCCGCTCGTCCGTGCGCCATGCCACGCTCAGGTGCACCGAGTCCCCGAAGTAGAGCTGCGCGCCCACACCCAACCGCGGATCCATCCAGCCCGCCTCTCCCTGGTGCACCGAGCCCACGTCCGCGAAGGCCCCCAGGAAGCCCCATCGGTACTCCGCGCTCGCGAGCAACGAGGCATCTCCTCGGAATTCTTTGAAGGCATAGCCGCGCAGCGCGCTCCACCCGCCCAGGGCCTCCTGCTTCTGCAACGGCAGGTCTTCGCCTCCCGCCACGCGCAAGCGCAGCCGCAGGCCTCCATGACGGCTGGTATTCACGTACAGCGCGCTGTCGCTCACCACCTTCCAGAAGCGGAACTCCTCGTCACCGCCCAGCTCGGGGCTACCCACTTCCACCGTCAGCAGGCTGCGCACCGCCGTGCGTTCCGGCCACTCCCAATCGTTGCGCAGCAGCGACAGCTCGGGGTTGCGGAAGAGCGAGCCCACGTTCTCCGCTCGGCCCGCGTCGCTCGCGTACTCGAGTCGGCCCACCACCGACGCCATCCGCCCCTCGTCCACCGGCGAGTTAGGGAAGGGCGCCGAGTCTCTCCGGAAGAGGGAGAACGGCGGCGAGAAGCTCACCAGCGAGTCATACGTGTCCCGGCGGTACTCCGCGCCCAGCAGCCACTTCGGTCCGAAGCGCCAGGTGGCGAAGCCCGTGTATCCGCGGCGACGGAAGTACTCCGAGTCCGGACGGTTGAGCAGGGCGGAGTAGATGTACGAGTCGATCGCCCCCATGCGCCACCGGTCGAAGGTGTCCGTGAAGTCGTAGAGCTGAACGCCTGCTTCCGCGAGCCGCAACACGGGCACCTGAAGCTTCGCCCCCGCCAGC
CP043493.1_gap78	2594515	2595498	983	TGCGTCCATCGACCTGCTCCTTCCGTTTCAATTCCTCGACAACCTTGTCCAACTCGTCGAAGCGTGCGTCCCAGAGCTGGCGGTACCTCTCAAGCCATGCCATCTCTTCCTCCAGTCGGCGCGGGCCGATCTTGCAGGTCCGCACGCGCCCGACCTTCTCCGTGATCACGAGCCCGGCCCGCTCCAGGACACCGACGTGCTTCTTCATGCCCGTGAGGGTCATGTTGAACTTCTCGGCGAGGTCCGTGATCGAGGCCTCCGCACGCCCGAGCTGCTCCAGAACACCGCGTCGGGTGGCGTCGGAGAGCGCGGCGAACGACGCATCGAGGCCGGCATCTGAATACTGAACCATATGGTTCAGTGTCTAGCACGCGGATAGATGGCACGCAAGGGCAGTTCGAGCGCGCGCTGCTTGAACAGCTCGCGGTGGTGCCGTCGGCGCATAAGAAAAATGGGAGGCCGGTTGAAGGTGAGGGCTGGAGCGGAAGGGCCGAGGAGGGCCGCGGACGGGAGCCGCCCGAGCTGTGTGCCAGGCCCGTGTAGGGGGCCGAGCACCCCCATAGGGCACACTGCTGCCCAGCCGCCCTCCCATCAGGGCGCGGCAAGAGCCTGAGCTGGGCTTGTGGGTTGTCTTGAGCGCCTCAACACCACGTTCACTTCGCTGGCGCGCCTGCTGGATGCGGGGGCGCTGACGCGAGCGTTCCACCGGCTCAGGAAGAACGCGGCGGTGGGCGTGGATGGCATCACGGTGGACGTCCGAAATTGGGGCAACAGGAGGGCAAGGGTCCAGCGACCTTCGAAACTGCTCGTCAAAAGGACGGAGCGGGCGTGGCACAAATGGCTGAACCGCCGAAGTCAGCGCTCGCGGCTCAACTGGAAGCGGTTTGCGGACCTGCTGAAGGGTTTTCCGCTCCCGCGACCCGTCATCCGGGTGCGCACCTGGGGTGTCACTCCATAAGCCACTTCCAACGGAAGAGCCGGAT
CP043493.1_gap79	2635891	2638158	2267	AGGTTCTCCTGGGCGGTGTCGTCCAGGCGGTACTGCAGCTCCAGCACGTCCCCAGGGGCGAGCCCGGGGAAGGAGAGCACCTTGGCGCGGGCGTCGTAGTACATGCCCGTCCAGGGCTCGTTGATGTTGCGGTCGCTCTCGCCGTAGCTGTCCACCACGGAGCCATCCTCCTTGGTGATGCGGGCACGCAGGATGCGCACCTCCTGACGGTCCGGCGAGTAGGTGATGGGGAAGGAGCGGAAGGCCTCCACGCCGCGGGCGTTGAGCACCTTCACGGCGAACTGGTGCAGCCGGCCGGACAGGCCGCTCTTCTGCACGCGCACGTAGGAGGTGTCCACGAGGTACACGGCGTCCTCGGTGGTGTAGCCGTCGGCCTCCTTCACCAGGCCCTTGATGTCCGTGAGGTACTCCGTGCCCGCGCTGGCGGACTCGCCCTTGAGGGTGCGCACGGCCTCCTTGAGGGCGGGGTTCTGCGGGCGCAGCGCCAGCGAGCGCTCGAAGGCGGCGAGGGCCTCCTCGCGGCGGCCGGAGGACAGCAGCGCACGGCCCTCGCGCTCGTACACCTCGGGCTCATCCGGGGAGAGGGCGCGGGCCTCGGCGAAGAGGGTGGTGGCCGCGTCGAGCTGGCCATTGGCGGCGCGCAGCTCCGCGAGCTTGAGGCGGGTGGCGTTGTCGGAGGGGTCCAGGACGAGCAGCTGCGCGTACTCGCGCGCGGCGGCCTCCACCTGGCCCATGTCCGCCAGCAGCGTGGCCAGCAGGGAGCGGCTGGCGCGGTCGTCATAACGCAGCGCCAGGGCCACGCGCAGCCGGGCCACGGCGTCCTGGGGGCGATCCAGGACTCGGGCGGAGTGGGCGGCGGCACGCACCACGCGGGGGATGCGCGGCAGCCGCTGGAGCGCCTCTTCCACCATCATGTGCGCGCGGGCGGACTCGCCGAGCGCCTCGTGGGCCCGGGCGAGCGTGAGACGGGCGGCGGCCGAGTCCGGGGTCAGCTCCACCATGGGCTTGAGCAGCTCGATGGCGCGCTCGGGGTGGCCGCGCCCCAGCTCGTGCTCGGAGAGCGCCACGCGGGCCTGGAGGGAGGTGGGGTCCGCGCGGACGGCGGCCTCGAGGAAGGCGCGGCGCAGGTTGAGGTCGTCGCGGTGGGCGTCGGCGGCGAGCAGCTGCAGCCGCACGTCCTGGGGCGCGGCGCGGGCGGCGCGGTCGGCCTCCACGGTGGCGGTGTGCTCGCGCTCGTCGAAGGCGCGGAAGAAGTCGAGCACGGTGGCGTACTCACCGCGCAGCTGCGCGTCCGCGGGCGCCCGGGCCACCGCGTCCTTCATGGCGGAGGTGACGGTGGGCAGCACCTGGGGGGCGGCGGACGGGCCCTTGGTGAGGGCGGGGACAGAGGTGGGCAGGGTGACGCGCAGGCGGGCGGGGGGATCTCGCCGCAGGTAGAAGCCGAGCGGGCCCGACTCCTGGCACACCTTGAGGAGGACGCGGTTGAGGCCCTTGCGCAGCCGCACGGAGACGCGCGACTGGTCCGGCCGGGGCACGTTGTAGTTGTCGCTGGTGGCGACCTTCTCCCCGTTCACCCACAGACGGAAGGCGCCGGAGGTACCCACGCCGAGCGCCACGCGCGTCTCGGCCGGGGCCTCCAGCCAGGTGAGGGCATAGGCCACGGCCTCGCGGTTGGGACGCACGGCGGTACCCAGGTCGACGTAGCCCTCCGTGGGGCCTACGGCGAGCCGGCGCCAGGACACCTCGCGGCCCTTGGCGCCCGGGTAGGTGGCGGACAGGTTCAGCGTGGCCGCCTCGGGGCCGAAGTCCTTGTCGCACCCGGACTTGCCCTCGTTGTCGAAGCTGCCGACGACGTAGTAGTCGCCGATGAAGCCCAGGGCGTCCTGCAGCTCGCCGGCGCGCTGCATCCGGCCTCGAGAGCGCTCCAGGTCCATCAGCAGGAAGTGCGCGGTGGCGCGGGCGCCGGAGTCGCTGGTGCGCCGGGAGATGACCTCGCCATAGGTCTTCACCAGGGGGGTGAGGTCCTCGAGATCATTGGCGAGGGCGTGTAGCCGGAGGAGCTGCGCCGTGCCGCGCGGGGTCGGGGCGAGCTTCAGGGCTTCCTCGGCCTGCTCCCGGGCGATGGTGGCGCTGGTCTCGGAGGCGGCCCGGGTGAGCAGTGGGCAGGCGAACGCGAGCAGGGCGACGAGCCAGGTGGTGCGCGACAGCGCGGCGAGCCGTGGGGTACGGGACATCCGTGTTCCTCGTCCGTCGGAGAAGGGGGGCCG
CP043493.1_gap80	2639522	2640671	1149	CAGCGTGATTGGAGCGGCCACCATCCGGGCCCGGCTCTCGGGAGTGGATGTCATCGGCATCCAGGACGGGTTTAAGTGGCTCGCCGAGGGGGACAGCTCCCATGTCGTTCCCTTGACGATCGAGGACACCAGCCGCATCCACTTCCGCGGCGGCTCGTACATCGGTATCTCCCGCGCCAACCCCACCCGTTCTCCCGAGCACCTCCAGCGCACGCTCGATGGGCTGGATCGGCTCGGCGTGGGCATGCTCATCACCGTTGGGGGTGATGGCACCGCCACCCTGGCGCAGATCATCTCGGAGAAGACCCGGGGGAAGATCCGCGTGGTCCACGTCCCCAAGACGATCGACAACGACATTGATCTGCCCGATGACACGAGCACCTTCGGTTTCCAGACCGCGCGCCATGTCGGCGTGGAGATCGTGAAGAACCTCATGGTCGACGCGAAGACCACCTCGCGCTGGTACTTCGTCATTGCCCAGGGACGGAAGGCGGGACACCTCGCCCTGTCGATCGGCAAGGCGGTGGGGGCGACCGTCACCCTCATCCCCGAGGAGTTCCGCGGGAAGCGGATTCCGTTCTCCACCGCCGTGGACATCCTGGCCGGCTCGGTCATCAAGCGGTTGTCCTACGGCCGCCCGGATGGCATCGCCCTCATCGCCGAGGGTCTCGCCGACTGCATCGACCCCGAGGACCTGGCTCGGCACACGGAGCTGCCGCGAGACCACATGGGCAACATCCACGTGGCGGAGATCAACCTGGGCGAAATCCTCGAGAAGGGCGTGAAGGAGCGGCTCGCGGCCCTGGGTATCAAGGCCACGCTCATTCCCAAGTACATCGGCTACGAGGTGCGCTGCGCCGACCCCATCCCCTTCGACATGGAGTACACGCGCGACCTCGGCCACTGCGCGGCCCGCTACATCATCGAGGGGGGCACCGAGGCGGTGGTCTCCATGGTGAATGGGCGGTTCCACCCCATCACCTTCCAGGAGATGAAGGATCCAGCGACGGGGCGGCCCCGGGTGCGGATGGTGGACATCGATTCGGACCGCTACAAGATTGCCCGGAGCTTCATGCTCCGGCTCAAGCGGCAGGACTTCGACAAGCCGGAGGAGCTGGCCCGGTTCGCGGCGGTTGCGCATCTCACGCC
CP043493.1_gap81	2642000	2646821	4821	TGAGCGTGCCAGCGCGTTTGCCTCGGGCCTGGTGGGACTCCAGGTGCGCCGGGTGTGGCGTTCCGCCCCAGGTACGGTCAGCAGGGGTGCGGCATTCTGGGCGGGTGCGGCAATACGCCCCACCTCACTCGCGTCGGCTTCGCGTCTTGTAGGTGAGCACGGGGGCGAGGGTCGCCACCACCCGGACGAGCCCGGCCTCCACGAGATCTCCCACCACGCGGTCGATGGCCTTGTACGCGGGAGGTGCCTCCTCGAAGAGCAGGTCGCGGTCCTCGCAGATGACGTGACTCTTGAAGGAGGTGCGGGTGAGGGCGTCGGGGGTGAAGCGCTCGCGCATCCGCTCGCGGGCACTGGAGCGCGTCCACTTGCGGCCGGCCCCGTGTGCCAGGCTGTGGGCGTGGCCTGTGCCATCGCCCACCGGCAGCACCAGGTAGCTCAGCGCGCCACGGCTGCCGGGAATCACCACCGGCCCTTGGTCCGACGGCGCCGCGCCCTTGCGGTGCAGCCAGCACGTGTGGCCCTCGTACTCCTTCGGGGTGACGCTGTTGTGGCAGACATCGAGCACCCGTCGTCCCCCCGCCGCGATGCCCTGCATCATCCGTCCGGCGATGGTGGCGCGATTGGCCCGCGCCCAGGCCACGGCATGGTCATGTCGCTCCAGGTAGCGCCGCGCCTCGTCCGAGTCCTCCGCGAGCCCTCCGGTGCCATGCCGGTCCACGTGCGCTCGCAGGATGGCCTCGCCCAGCCCCCGTGAGCCGGAGTGGACAAGCAGCAGGAGGCGATCCGTTTCCAGCCCCAGCGCGGTGAAGGTCTGGGCGTCGTGCACCGCGTCTACCCGTTGCACCTCGGCGAAGTGGTTGCCGCCGCCGACCGTGCCGAGCGCTGCCTCGAAGCCGCAGGGTTTCACGCCCATGTCGGCGAGCAGTGCGTCCGTGTTGCCCTCCCACGGTCCATCCAGGTCCAACTTCGTCGCCCAGCGCTCCGGCTTTGCCTTGCGCGCGGGCAGATCCAGCTCCCACAACCCCATCCCACAGCCGATGTCGTTGCCCACCAGGAAGGGATAGAAGACGCCCTCCGAGGCGAATGCGGCGCCCACCGGTGCTCCCTTGCCTGGGTGCAGGTCGGGTAGGCCCACTGCGGAGCGCATGCCGGGAAGTCGTGAGGCGGCCTCGAGCTGGCGGATGGCTTCTCCCTCTACCCACGACTGGGGCGAGGCGATGACACGGACGTGGGGAGTGGGCGAGTTCATGTCCCCTCCGACGCGCGTCGCTTCCGCCGCCTGACGGAGCCGCCCGGCCGTCTACTTGTGGTACGGCTCGCCCTTGAGGAGGGTGAAGGCGCGGTAGAGCTGCTCCACCAGCACCACCCGCGCCAGCCGGTGCGGCAGCGTCATCTTCGACAGCGAGAGGACCAGGTCCGCGGACTGCCTCACCCGCTCGTCCAGTCCCTCGTCACCGCCGATGATGAGCAGCAGGTCCTTCGAGCCGTCCCGAGCCCGGCCCACGTAGCGACTGAACTCCACGGAGTCCAGCAGCTTGCCTCGCTCGTCGAGCGCCACCAGCAAGTCTTGTGGCTTGCGGCGCGCGAGGATGGCCTCGGCCTCGGCGCTCTTGGCGTCCCCGGCCTTGCCCTTCTTCCCACCCGCCTCGGGCAACTCAATCAGCTCGAAGCGGGTGTAGTGGGCCAGGCGCGAGGCGTACTCCTGGACCGCGGGCTCGTAGAGGCCCGAGCGGTCCTTGCCAATGGAGAGGAGCCGGACCTTCAGGCCACCTTCTCCCGCGCCGCGTCCGCCCAGAGGCCCTCGAGGTCATAGTGGGCGCGCGCCTCGGTGTGGAAGAGGTGCGCCACCACCTCACCGAAGTCCAGCAGCACCCACTGGCCCGTCTCCATGCCCTCGTGGCCGATGGGACGCAGGTCCTCCGTCTGCTTGAGGTTTGTCAGGACGTGCTCCGCCATGGCGGACACCTGCCGGTCGCTCTCTCCCGAGGCCACCACGAAGTAGTCCGCGTAGGACGTCATCCCGCGCACATCGAGGATGACGATGTCCAACGCCTTCTTGTCCGACAGCAGGTTGCCAATCTTGCGGGCCAGCGCATGCGCCCGTGGGTTCTCCGCGCGGGGGGCCGGGGCCGCCGCCGGGGTGAGCGCCTTCTTCTTCGCGGCCGACTTCTTGCGCGCGGGCAGCTTGCGGACCGCGCCCTTCTTCGCCGCCGTCTTCTTGCGCGCGGTCGGCGTCTTCGCCGCGCTCTTCTTCGCCGCTGTCTTCTTCGTCGTGGTCTTCTTCGTCGCCATATGTGTCCTGGGGCGCACCCTAGCGCACCTGACCCTGCCCGTGGATGACGTACTTCTGACTCGTCAGTTCTCGCAACCCCATGGGACCAAAAGCGTGCAATCGACTGGTGGAAATCCCAATCTCCGCGCCCAGGCCCAGCTCGCCCCCGTCATTGAAGCGGGTGGAGGCGTTCCACACCACCGCGCTCGCCTGGGCCTCCCGAGTGAAGCGCCCCGCCACCGCCGCGTCCGCCGTGACGATGGCCTCCGTGTGTTCGCTTCCGTACCGCGCGATGTGTCCCAGCGCCGCATCCAGCCCGTCCACCACGCGCACCGCCAGGATGAGGTCCAGGAACTCCCGCCCCCAGTCCTCCTCGGTCGCCGGTGTCACCGCCACTCCGGCTCGTGACAGCACCTCCACCGTGGCCGGGTCCCCGCGCAACTCCACCCCCTTGGCCACCAGCTCCCGGGCCACTCGGGGCAGGAACGCTTCCGCCACCGCGCGGTCCACCAACAGGCACTCGGCGGCATTGCATACCCCCGGGCGGCTCGTCTTGGCGTTCAAGGTGATGCGCGTCGCCATGTCCAGGTCCGCCGCCGCGTGCACGTACACGTGGCAGACGCCCTTGTAGTGCTTCACCACCGGAATCCGCGCGTTCTCCGCCACGAAGCGGATGAGGCCCTCTCCGCCCCGGGGAATGCACAGGTCAATCAGCCCTTCCAGCTTCAGCAGCTCGAGCAGCGTCTCGCGCTCGCCCGGGGGCACTGGCTGGATGCACGCCGCGGGCAGCCCCGCCTCGGTGACGCCCGCCGCCAGCGCCGCCGCGATGGCCGCGTTGGAGCGCGCCGCCTCGCTCCCGCCCCGGAGCAGCGCCGCGTTGCCGCTCTTGAGGCACAGCGCCGCCGCGTCGCTCGTCACGTTGGGCCGGGCTTCGTAGATCATCAGCACCACCCCCAGCGGCAGCCGCACCTTGCTCACGTGCAGGCCATTGGGCCGATCCCACCCTTCCGTGACCTCACCCACTGGATCCTTCAGCCCGGCCACCTCCTCCACCGCCCGGGCCATGGCCTCCACCCGTGAGGCGTTCAGCAGCAGTCGGTCCAGGAAGGCCCCGCCCTTGCCCGAGGCCCGCGCGGCGGCCATGTCCACCTCATTGGCGGCGACGATGGCGGGAATGGCCTCGCGCAGGTGGCGGGCCATGAGCCGGAGGGCCTCATCCTTCTGCCCGGTGGGCGCGGTGGCGAGCACACGGGAGGCCGCTCGGGCGGCTTCGGCGAGGGAGCGCACGTCTTGCTTGGCAACGGACATGTCTCTCCTCTATCACCGCCTCATGAGCGACGCCCGGTTGGAACAGTTCAAACAGATGGCCGCCGAGTTCCCCGATGCGCCCATGGCGCACTTTTCCCTGGGAAAGGCCTACCTGGAGCGTCGGCAGTACGCCGAGGCGGCCCAGGCCCTGGAGACGGCGGTGCGGTTGGATCCCCAGTACGCCGCGGCCCTGGTGTCCCTGGGGGATGCCTATGCCGGGGCAGGGCAGACGCAGAAGGCCCGCGAGGTGCTCACCCGCGCCCGCGACACGGCGCTCGCCCAGAGCCACGCCAGCCTCGCCGAGGAGATTGACGAGCGGCTGTCCGGGCTGGACTGAGGCCCGCTACGGCCGCCAGGTGAGGCCCAGCCCTGCCACCTGGCGGAAGTAGAACAAATCGTTGCGAGGCAGTCGGGTACCGTACATCGCGTACGAGAACTCCAGGTCCATTTGGCTGCTCAGCGGCCGGACCAGCTTCAGCGAGAGCGTGTTCTGCGCCTCGTCATCCTCGAGCAGGATGATCTCCGGCGAGAGGTAGACGCCGTCCGGGTAGCGGTTGATGCCCAGCGCGCCTTGGGCCAACAACGTCAGCTTCCAGGGCAGGCGCACCCCCGCGGTGCCGCTGAGCCGGTGGCGCTGCACCGACTCGCCGAAGCTGTTGGAGCTGGTCTCCTGGTACGAGTACGACAGCCCCAAGGCCAGCGGGCCCTTGTAGGAGTAGCCCATGCTCGCCATCAGGGCCCCGTCCTCGCGCCGTCCGGTCCACTCCGGCGTGGTTCCTGGCGGGTACCTCACGGACGAGTGGTAGCGGCGCGAGCCGTACTCGCCGGAGACGGTGAGGGCATGTCGGCGCGAGAGGCGATAGCGTGCGAGGAAGCCCACCTCGGGGCTGCCGAAGTTCGCGGAGGTGTCCCGGTGGTAGAGGAAGCGGTGCGCGCCCGCGCGCAGGCGCAGGGAGAGCTGGGTGTCGGGGGCGTACTCGACGAAGGCGGACGCCGCCAGGTCCGTGTACGCGCGGGAGCCGCCCCGCCGGTCCTTGGCGCGTCCCTCCAGGCCCACTCCCAGTGACGTGCCCAGGGCGAGTGAGCCCTCCAGCGAGGCGGCCTGCACCAGCGCATCCTCGGTGGGGTAGCTCAGGTACTTCCGGCCGCCTCCGTCATAGCGGCCCACCACCTGCCAGCGGTCCGCGGTGTAGCGGCCCTCGCCCACGGCGAGCAGGCTGAGCACCAGGTCCGAGGTGTTC
CP043493.1_gap82	2699363	2702549	3186	GCCGCTGGCCTACGCCTCCATGCTGGGCGGCATGGTGTTCCTGTACGGCACCTCCACCAACCTGGTGGCATCCGCGGCCTTCCCTCGCTTCGGGCTGGAGCCCATCGGGGTGGCGGAGCTGTCGCCGGTGGGGTTTCCGGTGGCGGTGATTGGCATCCTCGTCGTGGTGTTCCTGGGGCCGCTGCTGCTGCCGGCCCGCGTGGGCAAGGGCGCGGTGGGTGACTGGGTCCTGCGCGACTACCTCACCGAGGCCATTCTTCCCCCTGACTCGCGCTACGTGGGCAAGGAGCTGGCGGAGATCACGGAGGGCCTGGGGCTGCGCGTCATCGGGCTCGTCCGAGAGGGCGAGTCGATGCCGGCGGTGCCGACCTACCGGCTGATGGGGGACGAGCGCATCATCGTCGAGGGCAACCGCGAGGACATCCTCCGGGTGAAGGATCTGCGGGGCATCGAGATCCGTCCGGACGTGCGGCTGTCGGACACGGACCTGCGGCCCCAGGACACGCTGCTGGTGGAAGCAACGGTGCCCACGGGCAGCCCGCTCATCGGCCGGAGCCTGAAGGAGACGCTCTTCCTGGAGCGCTACGGCTTGGTGGCGCTGGCGCTGCACCGCAAGCCCGCCATCCAACGGCTGACGAAGCTGCAGATGCTGGGGCGGCTCTTCGGTGGGCAGTCGCTGTCCGCCTTGCCGCTGTCCGTGGGTGACGTGCTGCTGCTGCGCGGCCCCCGGGAGAAGGTCCAGGAGCTGTCGGACGGCGTCAACCTGCTCATCCTCGGGGACGTGGAGTACCAGCCGCCGCGCTACGGCAAGTGGCTGCTGGCGGTGGTGCTCTTCCTCGGCGCGCTCGCGCTGGGCACCTTCAATGTCGTGCCGCTGTCCGTGGCGGGACTGGCGGGAATGCTGGCGATGATCGCCACCGGCTGTGTGGATGCGCGGCGGGCCTTCCGCGTGGACTGGCGCGTGGTGCTGCTCATCGGCTCCATGTTGGCGCTCGGCGTGGCCATGGAGGAGAGCGGGGCGGGGCGGTTCCTGGGCAACCTCGCGGCAAGGGCTGGCGAGTACGGAGGTCCGCGCACGGTGCTGCTCTTGATGATGGCGCTGACCATCGTGTTGTCGGCGCCCATGAGCAACCAGGCCGCGGCGCTGGTCATTCTCCCGGTGGCTGTTGGCGCCGCCGCGAAGCTGGGGGTGGACCCGCGGCCCTTCGCCATTGGGGTGACGCTGGCGGCAAGCTGCTCCTTCATCACTCCACTCGAGCCGAGCTGCGTGCTGGTGTACGGCCCCGGCCACTACCGCTTCACGGACTTCTTCCGGCTCGGTACGCCCCTGACGGCGCTGCTGCTCGCCTTCCTCGTGGCGGTGGTGCCCCTGGTGTGGCCCTTCCACAAGGCTGGCGCCGAGCCGGCCCGGGCCCGCGAGCCAGTGAGCGAGCGGGTGTTTGTGCCCTGATGGACGTTTGCGTGGCTTGTGGCGCTTCGTTACGGTGTCCGCGAGCCGCCCTTGCCCTCCCGAATCGCCCACGCCCTCCCGCTCCGTTGGCACCTCGTCCGGCTCGTGGTCGGGACGCTGCTGCCCGCCATTGCCTTCGCAGCGATTGTGGTCTTCCAACTGGCACGCCTGGAGCGCAGGTCTGTTGAGCGGCGCGCGGTGACTTCGGCCCGCGCGCTCGCTGCGGCCTTTGAACGTGAGATGTCCGGCTCCATCCAGACGCTCTATGCGCTGTCCGAGTCCGAGGAGCTCGATCGCGGCGACCTGGAGTCCTTCCGCGTGGAGTGCGAGCGGGTGCGTCGCACGCAGTCCTCGTGGAAGACCGTGTTGCTGCTCTCGCCGGACGGGCAGTTGTTGGTGAACACCGCCCTGTCTGTAGGCCACTCTCCTCCGCCTCTCGCCGAGCAGGGGAGCTTCGCGCGCATCCTCGAGTCGCACCGGCCCACCGTTGGGAGCCTCGCGGTGGGCCGAGGCGCCGCGAAGCAGCTCGCCTTTCCCGTCCGGGTTCCGGTGCTGCGTGAGGGCGCTCTCCGGTATGTGCTCACGGCCGTCATCACGCCGGATGCGCTCACGGGCGTGGTCTCCAGCCAGTCGTCCCATGAGGAGGAGTGGACGCGCGTGCTGGTGGATCCTCAGGGCCGGGTAGTGGCCCGCACCCGTGACCCCGAGCGCTTCGTCGGACGGTCGGCGACGTCCTTGTTCCTGGAGCGGACCCGGGCCTCGCACGAAGGCGTGTTCGCCAGCGTGTCCATGGACGGTACGTCGACCTACGTGGCGTTCAGCCGCTCGCAACCCTCGGGGTGGACCGCGGCGATCGTCACTCCCAGGTGGGTCTTGGACGCGCCCGTGACCAGCTCGATGTTCGCCGTCGGTGGGCTCGGGTTCGCGCTGCTGCTCGTGAGCGCGAGCGGCGCATGGATCTTCTCCCGAAGGCTCGAGCGCTCCATCTCGGAGGCCGCAACCGCCTCGGCCTCCCTCGCCGAGGGCCACTCTCCCCGCATGGCACCCTCCAGCGTGCGCGAGCTGGCGCAGCTCGGCGAGGCCCTGGCGCGTTCCGGACTGTTGCTGCGGGAGCGTGAACGCGAAAGGGATGCGCACCTCGCCAGCGCCGAGGCGGCACGTGCTGAAGCCGTTGCGGCCACGCGGGCGAAGGACGCGTTCCTCGCGATGCTCGGACACGAGCTGCGCAACCCGCTCGCGCCCATCGTGACCTCGCTGGAGCTGCTGCGCAGGCGGGGCCTCGCGCAGACGCCCGAGCACGAGGTCATCACGCGGCAGCTCAAGCACGTCGTCCGGCTCGTGGATGATCTGCTCGATGTGTCGCGCATCACCCGCGGGCAGATGTCACTGCACCGCGAACCCCTCGAGCTCGTGTCCGTGGTGGCCCGGGCCGTGGAGGCGGCCTCGCCGCTTATCGAGCAGCGACGGCACTCGCTCCAGGTCGACGTGGCCCCCTCGGGTTTGCTCGTGTTGGCGGACCCCGATCGCCTGACGCAGGTGGTGGCGAACCTGCTCACGAACGCGGCGAAGTACACGCCTCCCGGTGGCCACATCCAGCTCCGGGCCCACGACCAGGAGGGGGGCATTGCGCTTGTCGTCGAAGACAATGGTCACGGCGTGCCCCAGGAGCTCCTGTCTCGGATTTTCGAGCCGTTCGTCCAGGGGCCGCGCTCGCTCGACCGGAGCGAGGGGGGACT
CP043493.1_gap83	2703764	2708548	4784	GGCCCGGTGGGTGCTGGACTGCTCGGGGCGCAACCGGCTGCTGGCGAAGAAGCAGAAGCACACCGTCGAGCTGAACGACGGCTTCCAGACGACGGCCGTCTGGGGGCAGTTCGAGGGCATCACCGACGACCTCTTCGGTGAGCCGTGGGTGCACACGTACGCCGATGGAGATCAGACCTCGAGAGATCTCCACACCCTCCACCTGTGGGGCGAGGGCTATTGGATTTGGGTCATCCGCCTGTCCAAGCAGCGCATCAGCGTCGGAGCGACGTTCGACCAGCGCAAGCCGCCGCCGGGTGAGACGCCCGAGGCCCAGATGTGGGCGCTCTTCAACCGCCATCCGCCGCTGGCCAAGGTGCTCTCGAAGGAGCGGATGCTCGAGTTCCGCATGTACCGCGACGTGCAGTACATGACCGACACCTTCGTGAGTCCCCGGCGCTACGGCATGGTGGGGGATGCGGCCTCCATCGTGGACGCCTACTACAGCCAGGGCATCTCGCTGGCGCTGGTCAGCTCGTGGCACATCGCCAACCTCGTGGAGCAGGATCTGCGGGGCGGGGGGATGGACAAGGAGTACCTGGAGCGGGTGAACCGGGCGACGCGGCAGGACTGGCACATCATGCGGAACATGATCCGCGAGAAGTACACGCCGGCCATCGCGGACAGCCGCTTCTTCGTGCTCTCACACATGCTCGACCTGGCCATCTTCTGGTCCGCGGGAGCCTCCCGCTCGCGCATCGCGCGCTGGTTGGTGGAGACGGATGGAGACACGCGCCGCGAGACGCCCGAGCTGCGGGAGCTGCGCGAGTACCTCTCGCGGCACATGTTCTACTCCCAGACGAAGCCCTGGCACTGGCTGTCACCGGAGCGGGTCCGGGAGCTTCAGGGACGCCTGCAGGCGGGCATCGGTGAGCGCGCGCGCTGGCGCCTCGAACACGGCCGCCGCGTGCCGACGCTCAAGGCGATTGTGCGGCTCGCGGCCCCCGTGCCGCAGCTCTGGAAGCTGCCCTTCCTCCGGGACCAGGAGCGCGCAGACCTCTCGGGCGAAGACTTCATCCATCCGGAGAAGTTCCTCCAGCGCGTCCCCGCGTGGTTGCGCCGGTTGCTGCCCGAGTCGCCGTCGGAGCGGCTCTCCCGGGCCATCGCCGTGCGCGGCCAGACGCTGCTGGCGCTCTTCCTGCTGGGCTACGCATACGACTGGGCCGACACCGAGGTGCAGAAGCTTCTGCTCCAACTCGGGCTCCTCGAGCCGACCCCCAGGGCTGCACCGGGAGCCACACCTGTCTCCCTGGACGAGGCGCGTGCGGCGGCCGGAGAGGCCGGGTCCGCGCCCCGTCCCGCGTCGCGGCGGAACGTCTCCGCCTGACGAGGGCCCTGGCTCAGCCGCGGTACCGGGTGGTGCCGCGGTCCCCGTCGTCGTCGTTGCGCATCTTCGAATCGGGCGCGTAGGCCTTGCCGCACACCGTGGGCGACTGCGCCTCGCGAGTGGCCTTGTCCACGTCGATCGCCACGCCACTGTTGGACTCCCATCCCCGAGGGGGGTGGAAATCGAGCAACCCGGGGCAGATCCGTTTCCTTTGTAGAAATCCGCTCGGCCTTTACAGTCCAAGCCACACAGCGCACGATTCTGAACATTCTTGATACTTCGCTGTGGCCGCGAGCACGGAGTTGGCGCCTCGCGAGGAGGGTGCATGGAAGCAAAGGGAGTGGTGGTTCGCTGTACCACATGGAGAGCGATTCTCTCCGCTGTGCTGCTCGTCATCTTGGCGGTGGGCCAGGATGTCTCCGCGGCGCCGTTTACGCTTTTTGAGAGCGGGCAGGTCCGGCCGCTCGCGCTGTCTCCGACGGGCAAGTACCTCTATGCCGTCAACACCCCGGACGGCCGCCTCGAGGTCTTCAAGGTCGAGTCGAGTGGCCTCACCCAGCTCACGTCGATCCCCGTGGGGCTCGAGCCCGTCGCGGTCGCGGCGCGGAGCGACGAGGAGGTCTGGGTCGTCAATCACCTGTCCGACAGCGTGAGCGTGGTGAAGCTCACCCCCACCCTGAGTGGAATCACCGGGCTCGTGGTCCGCACGCTGCTCGTCGGCGACGAGCCGCGCGACATTGTCTTCGCGGGGACGGGGAAGAGCCGCGCCTTCATCACTGCCGCGCACCGCGGTCAGAACGTTCCTTTTGATCCGCAGTTCACCACGCCGGGCATCGGCCGCGCCGATGTGTGGGTCTTCGATGCCAACAACCTGGGCGGCTCGCTCGGTGGCAACCCGCTCTCCATCGTCACCCTCTTCAGCGATACCCCGCGCGCGCTCGCGGCGACGCCGGACGGCTCGCGCGTCTATGCCGCCGCGTTCCACTCAGGCAACCGCAGCTCCATCGTCCATGAGATCCTCGTGCCCAACGGGGGCCAGGCGGCGGGCGGCGTCCCGGGCCCGAATACCAACGCGGCCGGAGTGCCGGCGCCCGAGGTCGGCGTCCTCGTCCGGTTCAACGGCCAGGACTGGGTGGACGTGCTGGGCCGCTCGTGGACGGACAAGGTGAAGTTCTCCCTGCCGGACAAGGACGTGTTCGTCATCGATGCTACCGCCAACCCGCCGGCGCAGCTCGCGGGCTCGGCCGGCTTCTACTCCGGCGTGGGCACCACCCTGTTCAACATGGCCGTCAACCCGGTGAACGGGAAGGTGTACGTCAGCAACACCGAGGCGCGTAACGACCTGCGCTTCGAGGGGCCGGGCACCTTCGCTGGCAGCAGCCTGCGCGGGCACCTGCACGAGAGCCGCATCACCGTGCTGGGCTCCTCGGGCGTCGCTCCGCGGCACCTCAACAAGCACATCAACTACGGCGTCTGCTGCGCCGCCATCCCCAACGCGGAGAACGAGAAGAGCCTCGCGCAGCCGCTCGGTATGGCGGTGACCTCCGATGGCGCCACGCTGTACGTGGCCGCGTTCGGCTCCTCGAAGATCGGCGTCTACTCCACCGCGGCGCTCGAGGCCGACACCTTCGTCCCGAGCACGGCGAACCAGATCCTCGTGAGCGGCGGTGGCCCCAGCGGGCTCGTGCTGGACGAGGTCCGCGGTCGCATGTACGTGCTGACGCGCTTCGACAACGCGGTCTCCGTCATCAACACCTCCACGCGCCAGGAGATCGCCCACCTGAAGATGTACAACCCCGAGCCGGCGAACGTGGTGGCGGGACGTCCGTACCTCTACGACGCGCGCAAGAGCTCGAGCCACGGTGACTCGTCCTGCGCGAGCTGCCACATCTTCGGCGACTTCGATGGTCTGGATTGGGACCTGGGCAACCCGGATGCGGCGTACAAGGTCAGCCAGAACCCCATCACCCCGGTGCCGCCCGAGTTCGGCAACGATCCCACCTTCGGACAGGATCCCAACTTCCACCCGGTGAAGGGTCCTTTCGCGACCCAGAGCCTGCGCGGCATGGCGAACCACGGGCCGATGCACTGGCGCGGAGACCGCACGGGCGGCAACGACGAGGCGAGCGCCCAGCCGAACGACGGCGCGTTCGATGAGGTCGCGGCGTTCAAGCAGTTCAACCCGGCGTTCGTGGAGCTGCTGGGGCGGGACTCTCAGCTCACGCCCGCGGAGATGCAGCAGTTCTCGGACTTCATCCTCCAGGTCATGTACCCGCCGAACCCGGTCCGGAACCTCGACAACTCGCTCACGCCGGCGCAGCAGGCGGGCCGGGACTTCTACTTCAACACCACGAGCTTCTTCCATGGCTCGTGCCAGTCGTGCCACCGGCTGGATCCCAACGCGAACCCCGGCGAGGGCCAGTTCAAGGGCCTCTTCGGCTCGGACGGCAAGTCGTCCTTCGTCGCGACGGCGCTCTTCCCCAAGAACCCGCAGCTGCGCAACCTGTACCAGAAGGTCGGCATGTTCGGCGTGGGCTACGACTTTGGCTTCATGCCCGCGGACGCCCACATGGGAGATCAGATCCGCGGCTTCGGCTTCAACAGCGACGGCTCCATCGACACGCTGTTCCGCTTCAACAGCGGCTTCGACTTCCATCCGATCTTCAACTCGGTGGGCATCCCGGATGGACCCGAGGGTGTCCTGGCCAAGAAGAACATGGAGCAGTTCCTCCTGGCCTTCGACAGCAACCTGGCGCCGATCGTCGGCCAGCAGGTGACGCTCACGGCCAGCAACGCCTCCGTGGTGCTGCCTCGCATCCAGCTCCTGGTGGCGCGCGCGAACGCCGGCGAGTGCGACCTGGTGGTGACGGGCCGGATCGGCCTGACCGACGTGGGCTTCCTCTACGTGGGGAGCGGGCAGTTCAAGGCGGATCGGCTCTCCTATCCGTTGACGTCCGACTCGACCCTCCGTCAGCGCGTCGCCACGACCGGTGGTGCGGTGACCTTTACCTGTGCGCCCCCGGGCTCGGGCCAGCGCATGGGTATTGATCGCGACCTCGATGGGCACCTCGACGGCGATGAGCGGGCCGCGGGGTGCAATCCGGCGGACCCCCTCAGCACCCCCTGAGTCACCCAGCTGAGTGTGGCCCGGTCCTTCGCGGGACCGGGCCCTTCTCTCGAGCAGCCACTTCATGACCCCACAGCACGCTTTCCCATCCCCGGCCCGGTCATCCCTGGCTCGCTCGACGCTCATCAAGATGGGCGTGCGCATCGCGGTGATCATCGCCCTGACCACCCTTCTCAGCTATCTCCACATCTACAATTCCCTCCTCGCGGAAACTCGCGCGACGATGGAGCGCAGTGTCGTGGATCGCAGCGAGCGGGAGCAGGCCATCTTCGTGCTGGCGGAGGACAACCA
